{"frames":78,"data":[{"currentFrameRate":114.836,"devices":[],"gestures":[],"hands":[{"armBasis":[[-0.38149,0.0232565,-0.92408],[-0.365981,0.914193,0.174096],[-0.848836,-0.404612,0.340244]],"armWidth":49.5979,"confidence":1,"direction":[0.426838,0.874263,0.231242],"elbow":[-316.024,11.7726,184.23],"grabAngle":1.30887,"grabStrength":0,"id":27,"palmNormal":[0.900687,-0.43391,-0.0220385],"palmPosition":[-97.8018,147.337,125.098],"palmVelocity":[-0.828266,-2.98481,-5.69678],"palmWidth":73.3412,"pinchDistance":56.591,"pinchStrength":0,"r":[[0.422385,0.702771,0.572454],[-0.480255,0.709138,-0.516215],[-0.76873,-0.0568828,0.637039]],"s":0.905683,"sphereCenter":[-47.811,142.369,122.867],"sphereRadius":50.3246,"stabilizedPalmPosition":[-101.869,151.914,125.925],"t":[22.503,-16.3299,-13.3872],"timeVisible":6.28737,"type":"left","wrist":[-131.292,99.8281,110.182]},{"armBasis":[[0.932418,-0.361056,-0.0153243],[0.0311141,0.0379597,0.998795],[-0.360039,-0.931771,0.0466283]],"armWidth":49.5979,"confidence":1,"direction":[-0.0316687,0.0157672,-0.999374],"elbow":[24.5396,-95.401,191.711],"grabAngle":0.245867,"grabStrength":0,"id":28,"palmNormal":[0.00947386,-0.999826,-0.0160745],"palmPosition":[99.3538,115.908,125.635],"palmVelocity":[-6.15654,-20.246,1.75713],"palmWidth":73.3412,"pinchDistance":50.8308,"pinchStrength":0,"r":[[0.998249,0.0510094,-0.0299625],[-0.0570088,0.964755,-0.256899],[0.0158022,0.258157,0.965974]],"s":0.989962,"sphereCenter":[92.2596,-32.7994,116.772],"sphereRadius":152.494,"stabilizedPalmPosition":[99.5524,116.534,125.607],"t":[0.343092,-16.5311,-3.73314],"timeVisible":3.45176,"type":"right","wrist":[102.895,107.38,181.563]}],"id":16147,"interactionBox":{"center":[0,200,0],"size":[235.247,235.247,147.751]},"pointables":[{"bases":[[[-0.689686,0.646293,-0.326556],[-0.634625,-0.322334,0.702391],[-0.34869,-0.691669,-0.632463]],[[-0.492067,0.86936,-0.0456355],[-0.497239,-0.23764,0.834435],[-0.714579,-0.43329,-0.549214]],[[-0.492067,0.86936,-0.0456355],[-0.411342,-0.185984,0.892305],[-0.767247,-0.457846,-0.449121]],[[-0.492067,0.86936,-0.0456355],[-0.31197,-0.127153,0.941545],[-0.812739,-0.47754,-0.333782]]],"btipPosition":[-50.9424,138.844,170.422],"carpPosition":[-114.218,100.941,130.654],"dipPosition":[-65.4771,130.304,164.453],"direction":[0.767247,0.457846,0.449121],"extended":true,"handId":27,"id":270,"length":39.8241,"mcpPosition":[-114.218,100.941,130.654],"pipPosition":[-85.4667,118.375,152.752],"stabilizedTipPosition":[-54.5184,138.716,169.831],"timeVisible":6.28737,"tipPosition":[-53.2062,136.248,169.091],"tipVelocity":[-5.41043,-2.78729,-2.26507],"tool":false,"touchDistance":1,"touchZone":"none","type":0,"width":15.5161},{"bases":[[[0.151587,0.361384,-0.920013],[-0.830322,0.551535,0.0798356],[-0.53627,-0.751805,-0.38367]],[[0.126706,0.326345,-0.93672],[-0.81816,0.56832,0.0873287],[-0.560856,-0.755322,-0.339012]],[[0.126706,0.326345,-0.93672],[-0.626473,0.75849,0.179511],[-0.769075,-0.564085,-0.300552]],[[0.126706,0.326345,-0.93672],[-0.41463,0.8753,0.248861],[-0.901126,-0.35686,-0.246218]]],"btipPosition":[-48.0225,201.192,169.319],"carpPosition":[-124.205,116.736,126.673],"dipPosition":[-59.7874,196.533,166.105],"direction":[0.769076,0.564085,0.300552],"extended":true,"handId":27,"id":271,"length":44.937,"mcpPosition":[-92.4043,161.318,149.424],"pipPosition":[-73.9919,186.114,160.554],"stabilizedTipPosition":[-53.1346,203.564,170.594],"timeVisible":6.28737,"tipPosition":[-51.4941,202.034,169.226],"tipVelocity":[10.2127,-4.65987,-13.7122],"tool":false,"touchDistance":1,"touchZone":"none","type":1,"width":14.821},{"bases":[[[0.217055,0.157136,-0.963429],[-0.804313,0.588051,-0.0852956],[-0.553143,-0.793413,-0.254026]],[[0.234264,0.181895,-0.955005],[-0.590422,0.807046,0.00888296],[-0.772349,-0.561775,-0.296456]],[[0.234264,0.181895,-0.955005],[-0.0247831,0.983139,0.181174],[-0.971857,0.0187745,-0.234821]],[[0.234264,0.181895,-0.955005],[0.361321,0.895683,0.259228],[-0.902534,0.405791,-0.144103]]],"btipPosition":[-29.9702,180.472,150.308],"carpPosition":[-123.601,121.398,117.931],"dipPosition":[-42.9303,186.299,148.238],"direction":[0.971857,-0.0187745,0.234821],"extended":true,"handId":27,"id":272,"length":51.2021,"mcpPosition":[-92.4951,166.016,132.217],"pipPosition":[-64.0481,186.707,143.136],"stabilizedTipPosition":[-34.2209,184.177,151.292],"timeVisible":6.28737,"tipPosition":[-32.4145,181.467,149.761],"tipVelocity":[7.25174,-12.7396,-10.0928],"tool":false,"touchDistance":1,"touchZone":"none","type":2,"width":14.5562},{"bases":[[[0.1933,-0.00611417,-0.981121],[-0.803974,0.572183,-0.161965],[-0.562371,-0.820103,-0.105688]],[[0.219827,0.032895,-0.974984],[-0.461927,0.883798,-0.0743308],[-0.859244,-0.466711,-0.209477]],[[0.219827,0.032895,-0.974984],[0.195831,0.977599,0.0771367],[-0.955681,0.207889,-0.208461]],[[0.219827,0.032895,-0.974984],[0.584175,0.795988,0.158568],[-0.781291,0.604419,-0.155763]]],"btipPosition":[-32.566,168.209,127.669],"carpPosition":[-121.681,123.897,108.544],"dipPosition":[-43.7206,176.838,125.445],"direction":[0.955681,-0.207889,0.208461],"extended":false,"handId":27,"id":273,"length":49.2322,"mcpPosition":[-93.2863,165.304,113.88],"pipPosition":[-63.9506,181.239,121.032],"stabilizedTipPosition":[-37.1038,171.141,127.917],"timeVisible":6.28737,"tipPosition":[-35.2411,166.997,126.693],"tipVelocity":[5.63189,-12.3554,-7.36697],"tool":false,"touchDistance":0.952623,"touchZone":"none","type":3,"width":13.8511},{"bases":[[[0.257078,-0.195448,-0.94642],[-0.810626,0.48955,-0.32129],[-0.526115,-0.849789,0.0325827]],[[0.262952,-0.18592,-0.946726],[-0.370696,0.88647,-0.277048],[-0.890753,-0.423798,-0.164179]],[[0.262952,-0.18592,-0.946726],[0.284314,0.952616,-0.108109],[-0.921966,0.24074,-0.303352]],[[0.262952,-0.18592,-0.946726],[0.629865,0.77638,0.0224771],[-0.73084,0.60222,-0.321256]]],"btipPosition":[-44.2201,161.358,110.337],"carpPosition":[-116.283,121.72,98.6588],"dipPosition":[-53.8462,169.29,106.106],"direction":[0.921966,-0.24074,0.303352],"extended":false,"handId":27,"id":274,"length":38.5972,"mcpPosition":[-91.693,161.437,97.136],"pipPosition":[-67.6255,172.888,101.572],"stabilizedTipPosition":[-48.3961,164.863,110.18],"timeVisible":6.28737,"tipPosition":[-46.9953,161.296,109.1],"tipVelocity":[5.37829,-13.4622,-7.61898],"tool":false,"touchDistance":0.656066,"touchZone":"none","type":4,"width":12.3037},{"bases":[[[0.387524,0.901363,-0.193314],[-0.796232,0.432953,0.422571],[0.464586,-0.00983387,0.885474]],[[0.371542,0.901178,-0.223239],[-0.740961,0.432705,0.513559],[0.559404,-0.0253973,0.828506]],[[0.371542,0.901178,-0.223239],[-0.923458,0.383532,0.0113181],[0.0958187,0.201947,0.974698]],[[0.371542,0.901178,-0.223239],[-0.903813,0.296096,-0.308948],[-0.212317,0.316553,0.924508]]],"btipPosition":[62.8366,99.8876,97.0732],"carpPosition":[84.0439,109.788,172.337],"dipPosition":[59.0397,105.549,113.607],"direction":[-0.0958187,-0.201947,-0.974698],"extended":false,"handId":28,"id":280,"length":39.8241,"mcpPosition":[84.0439,109.788,172.337],"pipPosition":[61.5361,110.81,139.001],"stabilizedTipPosition":[62.0667,101.782,101.026],"timeVisible":3.45176,"tipPosition":[59.0588,98.6165,101.998],"tipVelocity":[-1.08704,-11.947,-3.14185],"tool":false,"touchDistance":0.514599,"touchZone":"hovering","type":0,"width":15.5161},{"bases":[[[0.979948,0.0124827,-0.198863],[-0.0388931,0.990821,-0.129461],[0.195422,0.1346,0.971439]],[[0.978728,0.0638918,0.194958],[-0.0157909,0.970912,-0.238915],[-0.204552,0.230754,0.951268]],[[0.978728,0.0638918,0.194958],[0.00655141,0.940053,-0.340965],[-0.205056,0.334989,0.919638]],[[0.978728,0.0638918,0.194958],[0.0368438,0.880084,-0.473386],[-0.201825,0.470499,0.85901]]],"btipPosition":[91.6679,97.8601,46.7297],"carpPosition":[90.1189,125.747,163.765],"dipPosition":[89.033,104.003,57.9447],"direction":[0.205056,-0.334989,-0.919638],"extended":true,"handId":28,"id":281,"length":44.937,"mcpPosition":[78.5304,117.765,106.159],"pipPosition":[85.2457,110.19,74.93],"stabilizedTipPosition":[91.0007,99.8419,49.2396],"timeVisible":3.45176,"tipPosition":[88.4953,98.4814,48.9137],"tipVelocity":[4.14571,-32.4479,5.3091],"tool":false,"touchDistance":0.335258,"touchZone":"hovering","type":1,"width":14.821},{"bases":[[[0.989516,-0.138542,-0.0407867],[0.131638,0.981382,-0.139859],[0.0594037,0.133023,0.989331]],[[0.989404,-0.121355,0.0797098],[0.135894,0.967312,-0.214101],[-0.051122,0.222665,0.973554]],[[0.989404,-0.121355,0.0797098],[0.139942,0.943362,-0.300806],[-0.0386909,0.308774,0.950348]],[[0.989404,-0.121355,0.0797098],[0.14204,0.922786,-0.358176],[-0.0300887,0.365703,0.930245]]],"btipPosition":[99.4091,99.5227,35.6724],"carpPosition":[99.594,127.165,161.174],"dipPosition":[98.9771,104.774,49.0304],"direction":[0.0386909,-0.308774,-0.950348],"extended":true,"handId":28,"id":282,"length":51.2021,"mcpPosition":[96.2534,119.685,105.539],"pipPosition":[98.1364,111.483,69.6808],"stabilizedTipPosition":[99.2734,101.311,38.6514],"timeVisible":3.45176,"tipPosition":[98.4346,98.7541,39.1205],"tipVelocity":[3.33134,-39.1187,7.24155],"tool":false,"touchDistance":0.33275,"touchZone":"hovering","type":2,"width":14.5562},{"bases":[[[0.974715,-0.191041,0.115906],[0.203825,0.972716,-0.110806],[-0.0915752,0.131629,0.98706]],[[0.978811,-0.204743,0.00315377],[0.203403,0.970401,-0.130192],[0.0235954,0.128074,0.991484]],[[0.978811,-0.204743,0.00315377],[0.199933,0.95226,-0.230711],[0.0442332,0.226453,0.973017]],[[0.978811,-0.204743,0.00315377],[0.195123,0.927931,-0.317602],[0.0621003,0.311488,0.948219]]],"btipPosition":[111.396,106.165,42.1943],"carpPosition":[109.401,126.424,160.016],"dipPosition":[112.282,110.612,55.7321],"direction":[-0.0442332,-0.226453,-0.973017],"extended":true,"handId":28,"id":283,"length":49.2322,"mcpPosition":[114.024,119.778,110.18],"pipPosition":[113.219,115.406,76.3291],"stabilizedTipPosition":[111.693,107.839,45.1945],"timeVisible":3.45176,"tipPosition":[112.127,103.147,46.1892],"tipVelocity":[-5.23624,-41.6285,7.75472],"tool":false,"touchDistance":0.336603,"touchZone":"hovering","type":3,"width":13.8511},{"bases":[[[0.910399,-0.332599,0.246073],[0.344051,0.938943,-0.00378709],[-0.229789,0.0881094,0.969244]],[[0.937692,-0.343796,-0.0503778],[0.344667,0.938677,0.00949824],[0.044023,-0.02627,0.998685]],[[0.937692,-0.343796,-0.0503778],[0.341512,0.938611,-0.0487816],[0.0640561,0.0285375,0.997538]],[[0.937692,-0.343796,-0.0503778],[0.330523,0.927265,-0.175882],[0.107181,0.148272,0.983121]]],"btipPosition":[126.272,114.679,61.36],"carpPosition":[119.091,120.467,161.502],"dipPosition":[127.684,116.632,74.309],"direction":[-0.0640561,-0.0285375,-0.997538],"extended":true,"handId":28,"id":284,"length":38.5972,"mcpPosition":[129.831,116.349,116.202],"pipPosition":[128.641,117.058,89.2178],"stabilizedTipPosition":[126.853,115.748,64.2348],"timeVisible":3.45176,"tipPosition":[126.667,108.93,65.2108],"tipVelocity":[-11.5406,-34.3485,5.79523],"tool":false,"touchDistance":0.337506,"touchZone":"hovering","type":4,"width":12.3037}],"r":[[-0.646475,0.395758,0.652262],[-0.63271,0.199623,-0.748217],[-0.42632,-0.896396,0.121349]],"s":1.70752,"t":[17.2756,-130.908,463.111],"timestamp":17207842994},{"currentFrameRate":114.821,"devices":[],"gestures":[],"hands":[{"armBasis":[[-0.380591,0.0222797,-0.924475],[-0.365848,0.91452,0.172653],[-0.849297,-0.403928,0.339907]],"armWidth":49.5979,"confidence":1,"direction":[0.427904,0.87399,0.230302],"elbow":[-316.2,11.913,184.158],"grabAngle":1.30751,"grabStrength":0,"id":27,"palmNormal":[0.900123,-0.43512,-0.0211703],"palmPosition":[-97.8252,147.308,125.058],"palmVelocity":[-2.68189,-3.27164,-4.63671],"palmWidth":73.3412,"pinchDistance":56.5824,"pinchStrength":0,"r":[[0.422543,0.702864,0.572223],[-0.479835,0.709096,-0.516664],[-0.768905,-0.0562596,0.636883]],"s":0.90535,"sphereCenter":[-47.837,142.262,122.881],"sphereRadius":50.3317,"stabilizedPalmPosition":[-101.867,151.912,125.925],"t":[22.4855,-16.3614,-13.4337],"timeVisible":6.2961,"type":"left","wrist":[-131.367,99.8197,110.184]},{"armBasis":[[0.92519,-0.379267,-0.0133992],[0.0307865,0.0398166,0.998733],[-0.378253,-0.92443,0.0485142]],"armWidth":49.5979,"confidence":1,"direction":[-0.0313791,0.0157189,-0.999384],"elbow":[20.3063,-93.8561,192.176],"grabAngle":0.249232,"grabStrength":0,"id":28,"palmNormal":[0.00980177,-0.999823,-0.0160336],"palmPosition":[99.318,115.756,125.672],"palmVelocity":[-4.10427,-17.4469,4.22833],"palmWidth":73.3412,"pinchDistance":50.7991,"pinchStrength":0,"r":[[0.998236,0.0515568,-0.0294267],[-0.0573984,0.964749,-0.256838],[0.0151476,0.258074,0.966006]],"s":0.988674,"sphereCenter":[91.4693,-34.7965,117.196],"sphereRadius":154.299,"stabilizedPalmPosition":[99.5149,116.409,125.617],"t":[0.300618,-16.6945,-3.70723],"timeVisible":3.4605,"type":"right","wrist":[102.625,107.327,181.618]}],"id":16148,"interactionBox":{"center":[0,200,0],"size":[235.247,235.247,147.751]},"pointables":[{"bases":[[[-0.688718,0.64679,-0.327613],[-0.6353,-0.32062,0.702564],[-0.349372,-0.692001,-0.631723]],[[-0.491049,0.869859,-0.0470697],[-0.497964,-0.235953,0.834481],[-0.714775,-0.43321,-0.549023]],[[-0.491049,0.869859,-0.0470697],[-0.412001,-0.184294,0.892352],[-0.767546,-0.457581,-0.44888]],[[-0.491049,0.869859,-0.0470697],[-0.312246,-0.125311,0.9417],[-0.813248,-0.477119,-0.333144]]],"btipPosition":[-51.004,138.826,170.409],"carpPosition":[-114.304,100.941,130.666],"dipPosition":[-65.5478,130.294,164.451],"direction":[0.767546,0.457581,0.44888],"extended":true,"handId":27,"id":270,"length":39.8241,"mcpPosition":[-114.304,100.941,130.666],"pipPosition":[-85.5452,118.372,152.756],"stabilizedTipPosition":[-54.5181,138.712,169.829],"timeVisible":6.2961,"tipPosition":[-53.2614,136.217,169.081],"tipVelocity":[-7.29846,-1.81617,-1.27688],"tool":false,"touchDistance":1,"touchZone":"none","type":0,"width":15.5161},{"bases":[[[0.152393,0.360032,-0.920409],[-0.829625,0.552725,0.0788456],[-0.53712,-0.751579,-0.382923]],[[0.127543,0.325106,-0.937037],[-0.817591,0.569305,0.0862361],[-0.561496,-0.755114,-0.338414]],[[0.127543,0.325106,-0.937037],[-0.626019,0.759176,0.178187],[-0.769307,-0.563877,-0.30035]],[[0.127543,0.325106,-0.937037],[-0.414771,0.87566,0.247355],[-0.900943,-0.357108,-0.246529]]],"btipPosition":[-48.0135,201.179,169.244],"carpPosition":[-124.269,116.744,126.661],"dipPosition":[-59.7759,196.517,166.025],"direction":[0.769307,0.563877,0.30035],"extended":true,"handId":27,"id":271,"length":44.937,"mcpPosition":[-92.4181,161.312,149.368],"pipPosition":[-73.9847,186.102,160.478],"stabilizedTipPosition":[-53.1308,203.558,170.591],"timeVisible":6.2961,"tipPosition":[-51.4599,201.995,169.133],"tipVelocity":[1.10214,-1.53372,-8.73385],"tool":false,"touchDistance":1,"touchZone":"none","type":1,"width":14.821},{"bases":[[[0.217608,0.155644,-0.963546],[-0.803509,0.589001,-0.0863218],[-0.554094,-0.793003,-0.253233]],[[0.234953,0.180546,-0.955092],[-0.589447,0.80777,0.00769281],[-0.772884,-0.561168,-0.29621]],[[0.234953,0.180546,-0.955092],[-0.0239754,0.983375,0.179995],[-0.971711,0.0193915,-0.235376]],[[0.234953,0.180546,-0.955092],[0.361754,0.895769,0.258324],[-0.902181,0.406203,-0.14515]]],"btipPosition":[-29.9602,180.403,150.264],"carpPosition":[-123.656,121.394,117.914],"dipPosition":[-42.9153,186.236,148.179],"direction":[0.971711,-0.0193915,0.235376],"extended":true,"handId":27,"id":272,"length":51.2021,"mcpPosition":[-92.4965,165.989,132.155],"pipPosition":[-64.0299,186.658,143.065],"stabilizedTipPosition":[-34.2174,184.171,151.288],"timeVisible":6.2961,"tipPosition":[-32.4027,181.384,149.702],"tipVelocity":[1.28112,-7.66691,-5.4256],"tool":false,"touchDistance":1,"touchZone":"none","type":2,"width":14.5562},{"bases":[[[0.193645,-0.00759611,-0.981042],[-0.803162,0.573036,-0.162971],[-0.563411,-0.819495,-0.104865]],[[0.220391,0.0316377,-0.974898],[-0.460957,0.884204,-0.0755118],[-0.85962,-0.466028,-0.209454]],[[0.220391,0.0316377,-0.974898],[0.196197,0.977609,0.076079],[-0.955476,0.208039,-0.209249]],[[0.220391,0.0316377,-0.974898],[0.583916,0.796321,0.157845],[-0.781326,0.604046,-0.157028]]],"btipPosition":[-32.5528,168.139,127.641],"carpPosition":[-121.729,123.88,108.524],"dipPosition":[-43.7079,176.763,125.4],"direction":[0.955476,-0.208039,0.209249],"extended":false,"handId":27,"id":273,"length":49.2322,"mcpPosition":[-93.2821,165.256,113.819],"pipPosition":[-63.9335,181.167,120.97],"stabilizedTipPosition":[-37.0984,171.138,127.915],"timeVisible":6.2961,"tipPosition":[-35.239,166.897,126.651],"tipVelocity":[1.50172,-8.12879,-3.61317],"tool":false,"touchDistance":0.952097,"touchZone":"none","type":3,"width":13.8511},{"bases":[[[0.257161,-0.19697,-0.946082],[-0.809866,0.490212,-0.322195],[-0.527244,-0.849055,0.0334558]],[[0.263216,-0.187178,-0.946405],[-0.369484,0.88664,-0.27812],[-0.891178,-0.422887,-0.164218]],[[0.263216,-0.187178,-0.946405],[0.284489,0.952434,-0.109248],[-0.921837,0.240486,-0.303946]],[[0.263216,-0.187178,-0.946405],[0.629371,0.77681,0.0214056],[-0.73117,0.601274,-0.322273]]],"btipPosition":[-44.201,161.278,110.305],"carpPosition":[-116.33,121.682,98.6437],"dipPosition":[-53.8314,169.198,106.06],"direction":[0.921837,-0.240486,0.303946],"extended":false,"handId":27,"id":274,"length":38.5972,"mcpPosition":[-91.6879,161.366,97.0801],"pipPosition":[-67.6089,172.792,101.517],"stabilizedTipPosition":[-48.3921,164.859,110.178],"timeVisible":6.2961,"tipPosition":[-46.9932,161.185,109.061],"tipVelocity":[2.06953,-9.48317,-4.08375],"tool":false,"touchDistance":0.655471,"touchZone":"none","type":4,"width":12.3037},{"bases":[[[0.38729,0.901481,-0.193234],[-0.796496,0.432712,0.42232],[0.464328,-0.00964998,0.885611]],[[0.371879,0.901313,-0.222127],[-0.740965,0.432357,0.513847],[0.559176,-0.0265007,0.828626]],[[0.371879,0.901313,-0.222127],[-0.923377,0.383733,0.0111598],[0.0952959,0.200957,0.974954]],[[0.371879,0.901313,-0.222127],[-0.903424,0.296402,-0.309793],[-0.213382,0.31588,0.924493]]],"btipPosition":[62.8309,99.8142,97.0947],"carpPosition":[83.9963,109.633,172.369],"dipPosition":[59.0148,105.463,113.628],"direction":[-0.0952959,-0.200957,-0.974954],"extended":false,"handId":28,"id":280,"length":39.8241,"mcpPosition":[83.9963,109.633,172.369],"pipPosition":[61.4976,110.699,139.029],"stabilizedTipPosition":[62.0525,101.698,101.01],"timeVisible":3.4605,"tipPosition":[59.053,98.4661,102.017],"tipVelocity":[-1.16333,-8.71561,2.4471],"tool":false,"touchDistance":0.514955,"touchZone":"hovering","type":0,"width":15.5161},{"bases":[[[0.980002,0.0127919,-0.198575],[-0.0391752,0.990804,-0.129511],[0.195092,0.1347,0.971491]],[[0.978587,0.0642525,0.195546],[-0.0157421,0.97061,-0.240144],[-0.205229,0.231923,0.950838]],[[0.978587,0.0642525,0.195546],[0.00676643,0.939474,-0.342554],[-0.20572,0.336543,0.918922]],[[0.978587,0.0642525,0.195546],[0.0373914,0.878729,-0.475854],[-0.202407,0.472977,0.857511]]],"btipPosition":[91.6793,97.6008,46.8074],"carpPosition":[90.0686,125.593,163.799],"dipPosition":[89.0367,103.776,58.0028],"direction":[0.20572,-0.336543,-0.918922],"extended":true,"handId":28,"id":281,"length":44.937,"mcpPosition":[78.4997,117.605,106.19],"pipPosition":[85.2372,109.992,74.9748],"stabilizedTipPosition":[91.0195,99.6238,49.2775],"timeVisible":3.4605,"tipPosition":[88.5053,98.3273,48.951],"tipVelocity":[1.1032,-28.8331,8.37294],"tool":false,"touchDistance":0.336162,"touchZone":"hovering","type":1,"width":14.821},{"bases":[[[0.989573,-0.138224,-0.0404896],[0.131363,0.981419,-0.139857],[0.0590689,0.13308,0.989343]],[[0.989397,-0.120978,0.0803612],[0.135759,0.966965,-0.215752],[-0.0516052,0.224374,0.973136]],[[0.989397,-0.120978,0.0803612],[0.139877,0.942655,-0.303045],[-0.0390911,0.311072,0.949582]],[[0.989397,-0.120978,0.0803612],[0.142043,0.92142,-0.361676],[-0.0302915,0.369256,0.928834]]],"btipPosition":[99.4074,99.2046,35.7606],"carpPosition":[99.5441,127.014,161.211],"dipPosition":[98.9724,104.507,49.0983],"direction":[0.0390911,-0.311072,-0.949582],"extended":true,"handId":28,"id":282,"length":51.2021,"mcpPosition":[96.2223,119.53,105.574],"pipPosition":[98.123,111.266,69.7321],"stabilizedTipPosition":[99.2833,101.053,38.7027],"timeVisible":3.4605,"tipPosition":[98.4389,98.6171,39.1544],"tipVelocity":[-0.276113,-35.0721,9.56241],"tool":false,"touchDistance":0.334061,"touchZone":"hovering","type":2,"width":14.5562},{"bases":[[[0.974742,-0.190721,0.116201],[0.203543,0.972778,-0.110783],[-0.0919088,0.131637,0.987028]],[[0.978869,-0.204467,0.0030794],[0.203063,0.97015,-0.132571],[0.024119,0.130395,0.991169]],[[0.978869,-0.204467,0.0030794],[0.199502,0.951576,-0.233883],[0.0448911,0.229555,0.97226]],[[0.978869,-0.204467,0.0030794],[0.194605,0.92682,-0.321143],[0.0628092,0.314957,0.947026]]],"btipPosition":[111.321,105.822,42.2792],"carpPosition":[109.351,126.277,160.056],"dipPosition":[112.218,110.319,55.8],"direction":[-0.0448911,-0.229555,-0.97226],"extended":true,"handId":28,"id":283,"length":49.2322,"mcpPosition":[113.992,119.63,110.221],"pipPosition":[113.168,115.178,76.381],"stabilizedTipPosition":[111.648,107.573,45.2472],"timeVisible":3.4605,"tipPosition":[112.112,103.045,46.2196],"tipVelocity":[-8.25896,-37.9262,9.27585],"tool":false,"touchDistance":0.337491,"touchZone":"hovering","type":3,"width":13.8511},{"bases":[[[0.910434,-0.332296,0.246354],[0.343749,0.939054,-0.00372147],[-0.230103,0.0880721,0.969173]],[[0.937777,-0.343483,-0.0509328],[0.344261,0.938847,0.00710697],[0.045377,-0.0241989,0.998677]],[[0.937777,-0.343483,-0.0509328],[0.34097,0.938633,-0.0520448],[0.0656837,0.0314398,0.997345]],[[0.937777,-0.343483,-0.0509328],[0.329809,0.926959,-0.178807],[0.10863,0.150883,0.982565]]],"btipPosition":[126.159,114.402,61.4164],"carpPosition":[119.043,120.322,161.545],"dipPosition":[127.59,116.39,74.358],"direction":[-0.0656837,-0.0314398,-0.997345],"extended":true,"handId":28,"id":284,"length":38.5972,"mcpPosition":[129.797,116.206,116.248],"pipPosition":[128.571,116.86,89.264],"stabilizedTipPosition":[126.772,115.551,64.2699],"timeVisible":3.4605,"tipPosition":[126.65,108.846,65.2474],"tipVelocity":[-12.4574,-30.7635,6.25739],"tool":false,"touchDistance":0.337908,"touchZone":"hovering","type":4,"width":12.3037}],"r":[[-0.64639,0.396483,0.651906],[-0.632402,0.199642,-0.748472],[-0.426904,-0.896072,0.12169]],"s":1.70744,"t":[17.2889,-131.013,463.105],"timestamp":17207851729},{"currentFrameRate":113.7,"devices":[],"gestures":[],"hands":[{"armBasis":[[-0.380078,0.021477,-0.924705],[-0.365419,0.914918,0.171447],[-0.849711,-0.403068,0.339892]],"armWidth":49.5979,"confidence":1,"direction":[0.42851,0.873868,0.229637],"elbow":[-316.347,12.0779,184.139],"grabAngle":1.30585,"grabStrength":0,"id":27,"palmNormal":[0.899767,-0.435903,-0.0201961],"palmPosition":[-97.8528,147.275,125.012],"palmVelocity":[-2.56904,-3.12668,-4.28335],"palmWidth":73.3412,"pinchDistance":56.5715,"pinchStrength":0,"r":[[0.422723,0.702987,0.571939],[-0.479319,0.709034,-0.517227],[-0.769128,-0.0554981,0.63668]],"s":0.905105,"sphereCenter":[-47.8556,142.167,122.896],"sphereRadius":50.3473,"stabilizedPalmPosition":[-101.865,151.909,125.924],"t":[22.4629,-16.3939,-13.48],"timeVisible":6.30682,"type":"left","wrist":[-131.425,99.7974,110.169]},{"armBasis":[[0.916006,-0.400976,-0.0123376],[0.0310845,0.0402819,0.998705],[-0.399959,-0.915203,0.0493625]],"armWidth":49.5979,"confidence":1,"direction":[-0.0317257,0.0152981,-0.99938],"elbow":[15.2871,-91.8471,192.401],"grabAngle":0.252781,"grabStrength":0,"id":28,"palmNormal":[0.0106566,-0.999821,-0.0156432],"palmPosition":[99.2682,115.62,125.703],"palmVelocity":[-4.63899,-12.6784,2.89545],"palmWidth":73.3412,"pinchDistance":50.7554,"pinchStrength":0,"r":[[0.998215,0.0521641,-0.0290686],[-0.0578933,0.964713,-0.256861],[0.0146439,0.258086,0.966011]],"s":0.98731,"sphereCenter":[90.7144,-36.7927,117.678],"sphereRadius":156.118,"stabilizedPalmPosition":[99.4698,116.265,125.633],"t":[0.254525,-16.8441,-3.67877],"timeVisible":3.47121,"type":"right","wrist":[102.33,107.328,181.658]}],"id":16149,"interactionBox":{"center":[0,200,0],"size":[235.247,235.247,147.751]},"pointables":[{"bases":[[[-0.687982,0.647029,-0.328686],[-0.635976,-0.319349,0.702531],[-0.349592,-0.692365,-0.631202]],[[-0.490416,0.870143,-0.0484154],[-0.498674,-0.234626,0.834431],[-0.714714,-0.433362,-0.548982]],[[-0.490416,0.870143,-0.0484154],[-0.412718,-0.182961,0.892294],[-0.767565,-0.457577,-0.44885]],[[-0.490416,0.870143,-0.0484154],[-0.312671,-0.123823,0.941756],[-0.813467,-0.47699,-0.332793]]],"btipPosition":[-51.072,138.816,170.393],"carpPosition":[-114.374,100.928,130.659],"dipPosition":[-65.6197,130.286,164.441],"direction":[0.767565,0.457577,0.44885],"extended":true,"handId":27,"id":270,"length":39.8241,"mcpPosition":[-114.374,100.928,130.659],"pipPosition":[-85.6176,118.364,152.747],"stabilizedTipPosition":[-54.5178,138.706,169.826],"timeVisible":6.30682,"tipPosition":[-53.3249,136.192,169.072],"tipVelocity":[-6.42389,-0.884189,-1.33299],"tool":false,"touchDistance":1,"touchZone":"none","type":0,"width":15.5161},{"bases":[[[0.153228,0.358942,-0.920696],[-0.829203,0.553508,0.0777893],[-0.537535,-0.751525,-0.382449]],[[0.128433,0.324125,-0.937256],[-0.81725,0.569963,0.0851177],[-0.561789,-0.75504,-0.338093]],[[0.128433,0.324125,-0.937256],[-0.625833,0.759623,0.176937],[-0.76931,-0.563841,-0.300409]],[[0.128433,0.324125,-0.937256],[-0.415085,0.875887,0.246022],[-0.900672,-0.357443,-0.247032]]],"btipPosition":[-48.037,201.168,169.184],"carpPosition":[-124.323,116.734,126.632],"dipPosition":[-59.796,196.501,165.958],"direction":[0.76931,0.563841,0.300409],"extended":true,"handId":27,"id":271,"length":44.937,"mcpPosition":[-92.4478,161.3,149.311],"pipPosition":[-74.0047,186.087,160.41],"stabilizedTipPosition":[-53.1274,203.553,170.588],"timeVisible":6.30682,"tipPosition":[-51.4654,201.966,169.056],"tipVelocity":[-2.12272,-1.15908,-5.76897],"tool":false,"touchDistance":1,"touchZone":"none","type":1,"width":14.821},{"bases":[[[0.218295,0.154454,-0.963583],[-0.802961,0.589589,-0.0874007],[-0.554618,-0.792798,-0.252725]],[[0.235778,0.179525,-0.955081],[-0.588818,0.808239,0.0065633],[-0.773112,-0.560822,-0.296273]],[[0.235778,0.179525,-0.955081],[-0.023835,0.983561,0.178994],[-0.971515,0.0194386,-0.236181]],[[0.235778,0.179525,-0.955081],[0.361345,0.896129,0.257648],[-0.90213,0.405862,-0.146417]]],"btipPosition":[-29.9727,180.364,150.239],"carpPosition":[-123.702,121.375,117.88],"dipPosition":[-42.927,186.192,148.137],"direction":[0.971515,-0.0194386,0.236181],"extended":true,"handId":27,"id":272,"length":51.2021,"mcpPosition":[-92.5124,165.958,132.092],"pipPosition":[-64.0373,186.614,143.005],"stabilizedTipPosition":[-34.2132,184.163,151.283],"timeVisible":6.30682,"tipPosition":[-32.4166,181.321,149.658],"tipVelocity":[-1.14542,-3.79218,-2.66207],"tool":false,"touchDistance":1,"touchZone":"none","type":2,"width":14.5562},{"bases":[[[0.194204,-0.00878435,-0.980922],[-0.802584,0.573544,-0.164033],[-0.564043,-0.819128,-0.104335]],[[0.221158,0.0306975,-0.974755],[-0.46046,0.884367,-0.0766211],[-0.859689,-0.465781,-0.20972]],[[0.221158,0.0306975,-0.974755],[0.19573,0.97777,0.075201],[-0.955394,0.20742,-0.210234]],[[0.221158,0.0306975,-0.974755],[0.582811,0.79723,0.157339],[-0.781934,0.602894,-0.158423]]],"btipPosition":[-32.5493,168.111,127.629],"carpPosition":[-121.767,123.849,108.489],"dipPosition":[-43.7131,176.719,125.368],"direction":[0.955395,-0.20742,0.210234],"extended":false,"handId":27,"id":273,"length":49.2322,"mcpPosition":[-93.288,165.207,113.757],"pipPosition":[-63.937,181.109,120.917],"stabilizedTipPosition":[-37.0915,171.134,127.912],"timeVisible":6.30682,"tipPosition":[-35.2504,166.824,126.623],"tipVelocity":[0.133076,-2.96284,-1.55995],"tool":false,"touchDistance":0.951819,"touchZone":"none","type":3,"width":13.8511},{"bases":[[[0.25754,-0.198175,-0.945727],[-0.809265,0.490559,-0.323174],[-0.52798,-0.848574,0.0340376]],[[0.263738,-0.188171,-0.946062],[-0.368731,0.886632,-0.279143],[-0.891336,-0.422463,-0.164454]],[[0.263738,-0.188171,-0.946062],[0.283915,0.952484,-0.1103],[-0.921865,0.239511,-0.304631]],[[0.263738,-0.188171,-0.946062],[0.62814,0.777833,0.020399],[-0.73204,0.599639,-0.323342]]],"btipPosition":[-44.1844,161.235,110.278],"carpPosition":[-116.364,121.637,98.6139],"dipPosition":[-53.8263,169.133,106.019],"direction":[0.921865,-0.239511,0.304631],"extended":false,"handId":27,"id":274,"length":38.5972,"mcpPosition":[-91.6874,161.298,97.0231],"pipPosition":[-67.6041,172.712,101.467],"stabilizedTipPosition":[-48.3869,164.854,110.176],"timeVisible":6.30682,"tipPosition":[-46.9979,161.098,109.031],"tipVelocity":[1.30545,-4.50376,-2.75931],"tool":false,"touchDistance":0.654978,"touchZone":"none","type":4,"width":12.3037},{"bases":[[[0.38645,0.901737,-0.193718],[-0.796727,0.432193,0.422415],[0.464631,-0.00890158,0.88546]],[[0.371759,0.901576,-0.221261],[-0.740929,0.43176,0.514401],[0.559303,-0.0272945,0.828514]],[[0.371759,0.901576,-0.221261],[-0.923426,0.383603,0.0115496],[0.0952893,0.200025,0.975146]],[[0.371759,0.901576,-0.221261],[-0.903256,0.296274,-0.310404],[-0.214299,0.315251,0.924496]]],"btipPosition":[62.8134,99.7511,97.1326],"carpPosition":[83.9674,109.502,172.408],"dipPosition":[58.981,105.389,113.666],"direction":[-0.0952893,-0.200025,-0.975146],"extended":false,"handId":28,"id":280,"length":39.8241,"mcpPosition":[83.9674,109.502,172.408],"pipPosition":[61.4637,110.6,139.072],"stabilizedTipPosition":[62.0359,101.609,100.999],"timeVisible":3.47121,"tipPosition":[59.0326,98.3074,102.06],"tipVelocity":[-1.97761,-6.13415,3.54508],"tool":false,"touchDistance":0.515588,"touchZone":"hovering","type":0,"width":15.5161},{"bases":[[[0.979925,0.0135567,-0.198907],[-0.0400708,0.990719,-0.129888],[0.1953,0.135251,0.971373]],[[0.978513,0.0652209,0.195598],[-0.0163365,0.970194,-0.241779],[-0.205537,0.233389,0.950413]],[[0.978513,0.0652209,0.195598],[0.00634399,0.938679,-0.344734],[-0.206087,0.338568,0.918096]],[[0.978513,0.0652209,0.195598],[0.0372651,0.877086,-0.478885],[-0.202789,0.475884,0.85581]]],"btipPosition":[91.6434,97.3159,46.896],"carpPosition":[90.0231,125.464,163.829],"dipPosition":[88.9958,103.529,58.0693],"direction":[0.206087,-0.338568,-0.918096],"extended":true,"handId":28,"id":281,"length":44.937,"mcpPosition":[78.4419,117.444,106.227],"pipPosition":[85.1895,109.782,75.0261],"stabilizedTipPosition":[91.024,99.3621,49.3336],"timeVisible":3.47121,"tipPosition":[88.4646,98.1564,48.9961],"tipVelocity":[-3.45711,-25.7732,7.79862],"tool":false,"touchDistance":0.337133,"touchZone":"hovering","type":1,"width":14.821},{"bases":[[[0.989678,-0.137388,-0.0407654],[0.130471,0.981477,-0.140288],[0.0592842,0.133521,0.989271]],[[0.989501,-0.120031,0.0805032],[0.134974,0.966617,-0.217792],[-0.0516739,0.226371,0.972669]],[[0.989501,-0.120031,0.0805032],[0.139134,0.941871,-0.305812],[-0.0391167,0.313802,0.948683]],[[0.989501,-0.120031,0.0805032],[0.141348,0.919906,-0.365777],[-0.0301507,0.373316,0.927214]]],"btipPosition":[99.3488,98.867,35.8511],"carpPosition":[99.4965,126.893,161.237],"dipPosition":[98.9159,104.228,49.1656],"direction":[0.0391167,-0.313801,-0.948682],"extended":true,"handId":28,"id":282,"length":51.2021,"mcpPosition":[96.1626,119.384,105.605],"pipPosition":[98.0659,111.046,69.7799],"stabilizedTipPosition":[99.2722,100.745,38.771],"timeVisible":3.47121,"tipPosition":[98.3844,98.464,39.1895],"tipVelocity":[-5.42404,-30.2552,7.95165],"tool":false,"touchDistance":0.335267,"touchZone":"hovering","type":2,"width":14.5562},{"bases":[[[0.974945,-0.189837,0.115951],[0.202669,0.972909,-0.111234],[-0.0916931,0.131947,0.987007]],[[0.979036,-0.203671,0.00240477],[0.202114,0.969954,-0.135421],[0.0252487,0.133068,0.990785]],[[0.979036,-0.203671,0.00240477],[0.198394,0.950866,-0.237684],[0.0461228,0.233179,0.971339]],[[0.979036,-0.203671,0.00240477],[0.193368,0.925672,-0.325176],[0.0640029,0.318824,0.94565]]],"btipPosition":[111.181,105.47,42.356],"carpPosition":[109.304,126.163,160.079],"dipPosition":[112.095,110.022,55.8572],"direction":[-0.0461228,-0.233179,-0.971339],"extended":true,"handId":28,"id":283,"length":49.2322,"mcpPosition":[113.934,119.501,110.245],"pipPosition":[113.071,114.958,76.4187],"stabilizedTipPosition":[111.57,107.251,45.3124],"timeVisible":3.47121,"tipPosition":[112.038,102.936,46.241],"tipVelocity":[-12.6882,-31.7099,6.74684],"tool":false,"touchDistance":0.33816,"touchZone":"hovering","type":3,"width":13.8511},{"bases":[[[0.910801,-0.331415,0.246181],[0.342939,0.939348,-0.00420592],[-0.229856,0.088256,0.969215]],[[0.938049,-0.342694,-0.0512367],[0.34334,0.939202,0.00410056],[0.0467164,-0.0214381,0.998678]],[[0.938049,-0.342694,-0.0512367],[0.339905,0.93879,-0.0560207],[0.0672984,0.0351345,0.997114]],[[0.938049,-0.342694,-0.0512367],[0.328576,0.926683,-0.182472],[0.110012,0.154332,0.981875]]],"btipPosition":[126.027,114.114,61.4496],"carpPosition":[119.001,120.217,161.567],"dipPosition":[127.476,116.147,74.3821],"direction":[-0.0672984,-0.0351345,-0.997114],"extended":true,"handId":28,"id":284,"length":38.5972,"mcpPosition":[129.744,116.092,116.268],"pipPosition":[128.482,116.672,89.2846],"stabilizedTipPosition":[126.668,115.306,64.3089],"timeVisible":3.47121,"tipPosition":[126.584,108.769,65.2634],"tipVelocity":[-11.907,-25.9567,2.90163],"tool":false,"touchDistance":0.337917,"touchZone":"hovering","type":4,"width":12.3037}],"r":[[-0.646264,0.397319,0.651521],[-0.632076,0.199669,-0.74874],[-0.427577,-0.895695,0.122097]],"s":1.70734,"t":[17.2806,-131.094,463.106],"timestamp":17207862445},{"currentFrameRate":110.254,"devices":[],"gestures":[],"hands":[{"armBasis":[[-0.379186,0.0195866,-0.925113],[-0.365419,0.915344,0.169158],[-0.85011,-0.402196,0.339928]],"armWidth":49.5979,"confidence":1,"direction":[0.429379,0.873739,0.228501],"elbow":[-316.488,12.2533,184.168],"grabAngle":1.3039,"grabStrength":0,"id":27,"palmNormal":[0.899224,-0.437104,-0.0183511],"palmPosition":[-97.869,147.251,124.98],"palmVelocity":[-1.07813,-1.5653,-2.1026],"palmWidth":73.3412,"pinchDistance":56.5502,"pinchStrength":0,"r":[[0.422918,0.703188,0.571548],[-0.478604,0.708916,-0.518051],[-0.769466,-0.0544525,0.636362]],"s":0.904863,"sphereCenter":[-47.8413,142.04,122.941],"sphereRadius":50.3829,"stabilizedPalmPosition":[-101.861,151.906,125.923],"t":[22.4435,-16.422,-13.519],"timeVisible":6.32191,"type":"left","wrist":[-131.479,99.7832,110.189]},{"armBasis":[[0.904411,-0.426516,-0.0111475],[0.0312227,0.0401043,0.998708],[-0.425517,-0.903591,0.0495878]],"armWidth":49.5979,"confidence":1,"direction":[-0.0318579,0.0155175,-0.999372],"elbow":[9.3927,-89.2774,192.439],"grabAngle":0.257006,"grabStrength":0,"id":28,"palmNormal":[0.0105364,-0.999819,-0.0158603],"palmPosition":[99.2367,115.539,125.685],"palmVelocity":[-2.08941,-5.35071,-1.14148],"palmWidth":73.3412,"pinchDistance":50.7148,"pinchStrength":0,"r":[[0.998199,0.0526275,-0.0288067],[-0.0582732,0.964696,-0.256837],[0.014273,0.258053,0.966025]],"s":0.985809,"sphereCenter":[89.7584,-39.0043,118.091],"sphereRadius":158.213,"stabilizedPalmPosition":[99.416,116.097,125.645],"t":[0.215715,-16.9592,-3.67315],"timeVisible":3.4863,"type":"right","wrist":[101.998,107.371,181.647]}],"id":16150,"interactionBox":{"center":[0,200,0],"size":[235.247,235.247,147.751]},"pointables":[{"bases":[[[-0.686765,0.647305,-0.33068],[-0.637195,-0.317216,0.702394],[-0.349766,-0.693087,-0.630313]],[[-0.489344,0.870614,-0.0507329],[-0.499929,-0.232377,0.834309],[-0.714572,-0.433627,-0.548957]],[[-0.489344,0.870614,-0.0507329],[-0.413936,-0.180669,0.892197],[-0.767594,-0.457592,-0.448787]],[[-0.489344,0.870614,-0.0507329],[-0.313569,-0.121367,0.941777],[-0.813767,-0.476761,-0.332388]]],"btipPosition":[-51.1544,138.831,170.418],"carpPosition":[-114.457,100.936,130.694],"dipPosition":[-65.7075,130.305,164.474],"direction":[0.767594,0.457592,0.448787],"extended":true,"handId":27,"id":270,"length":39.8241,"mcpPosition":[-114.457,100.936,130.694],"pipPosition":[-85.7061,118.383,152.782],"stabilizedTipPosition":[-54.5177,138.698,169.823],"timeVisible":6.32191,"tipPosition":[-53.4074,136.194,169.112],"tipVelocity":[-5.54524,1.08135,1.81402],"tool":false,"touchDistance":1,"touchZone":"none","type":0,"width":15.5161},{"bases":[[[0.154748,0.357027,-0.921186],[-0.828573,0.554725,0.0758063],[-0.53807,-0.75154,-0.381666]],[[0.130059,0.322397,-0.937627],[-0.816448,0.57139,0.0832185],[-0.562581,-0.754701,-0.337535]],[[0.130059,0.322397,-0.937627],[-0.624861,0.760882,0.174949],[-0.769826,-0.563133,-0.300413]],[[0.130059,0.322397,-0.937627],[-0.414281,0.876825,0.244025],[-0.900808,-0.356704,-0.247603]]],"btipPosition":[-48.0257,201.148,169.121],"carpPosition":[-124.381,116.748,126.626],"dipPosition":[-59.7864,196.491,165.889],"direction":[0.769826,0.563133,0.300413],"extended":true,"handId":27,"id":271,"length":44.937,"mcpPosition":[-92.4738,161.314,149.259],"pipPosition":[-74.0047,186.09,160.34],"stabilizedTipPosition":[-53.1246,203.549,170.585],"timeVisible":6.32191,"tipPosition":[-51.4604,201.962,168.974],"tipVelocity":[0.725372,-1.1294,-4.25248],"tool":false,"touchDistance":1,"touchZone":"none","type":1,"width":14.821},{"bases":[[[0.219599,0.152376,-0.963617],[-0.802095,0.590464,-0.0894204],[-0.555356,-0.792549,-0.251885]],[[0.237224,0.177611,-0.955081],[-0.587829,0.808973,0.00443443],[-0.773422,-0.560372,-0.296313]],[[0.237224,0.177611,-0.955081],[-0.0237091,0.98391,0.177083],[-0.971165,0.0193644,-0.237619]],[[0.237224,0.177611,-0.955081],[0.360642,0.896785,0.256347],[-0.902032,0.405254,-0.148685]]],"btipPosition":[-29.9704,180.34,150.244],"carpPosition":[-123.743,121.372,117.867],"dipPosition":[-42.9233,186.16,148.109],"direction":[0.971165,-0.0193644,0.237619],"extended":true,"handId":27,"id":272,"length":51.2021,"mcpPosition":[-92.5125,165.941,132.032],"pipPosition":[-64.026,186.58,142.946],"stabilizedTipPosition":[-34.2061,184.149,151.274],"timeVisible":6.32191,"tipPosition":[-32.4185,181.26,149.638],"tipVelocity":[0.17308,-1.69833,-0.171586],"tool":false,"touchDistance":1,"touchZone":"none","type":2,"width":14.5562},{"bases":[[[0.195317,-0.0108634,-0.98068],[-0.801651,0.574276,-0.166022],[-0.564985,-0.81859,-0.103457]],[[0.22253,0.0289115,-0.974497],[-0.45965,0.884605,-0.0787181],[-0.859769,-0.465445,-0.21014]],[[0.22253,0.0289115,-0.974497],[0.195153,0.978009,0.0735795],[-0.955194,0.20655,-0.211994]],[[0.22253,0.0289115,-0.974497],[0.581383,0.798447,0.156449],[-0.782608,0.60137,-0.16087]]],"btipPosition":[-32.5214,168.089,127.656],"carpPosition":[-121.794,123.826,108.474],"dipPosition":[-43.6948,176.675,125.359],"direction":[0.955194,-0.20655,0.211994],"extended":false,"handId":27,"id":273,"length":49.2322,"mcpPosition":[-93.2681,165.156,113.697],"pipPosition":[-63.9144,181.047,120.872],"stabilizedTipPosition":[-37.0813,171.129,127.908],"timeVisible":6.32191,"tipPosition":[-35.2425,166.74,126.629],"tipVelocity":[1.70772,-1.7798,1.23558],"tool":false,"touchDistance":0.952129,"touchZone":"none","type":3,"width":13.8511},{"bases":[[[0.258366,-0.20027,-0.94506],[-0.808257,0.491004,-0.325016],[-0.529119,-0.847825,0.0350109]],[[0.264752,-0.189993,-0.945415],[-0.367394,0.886583,-0.281054],[-0.891587,-0.421749,-0.164922]],[[0.264752,-0.189993,-0.945415],[0.283392,0.952436,-0.112044],[-0.921735,0.238259,-0.306002]],[[0.264752,-0.189993,-0.945415],[0.626629,0.779088,0.0189123],[-0.732968,0.597431,-0.32532]]],"btipPosition":[-44.1333,161.18,110.287],"carpPosition":[-116.383,121.588,98.6087],"dipPosition":[-53.7874,169.048,106.002],"direction":[0.921735,-0.238259,0.306002],"extended":false,"handId":27,"id":274,"length":38.5972,"mcpPosition":[-91.6534,161.214,96.9724],"pipPosition":[-67.5633,172.609,101.428],"stabilizedTipPosition":[-48.3774,164.846,110.172],"timeVisible":6.32191,"tipPosition":[-46.9754,160.988,109.033],"tipVelocity":[3.19767,-4.1062,0.167585],"tool":false,"touchDistance":0.65502,"touchZone":"none","type":4,"width":12.3037},{"bases":[[[0.38653,0.901733,-0.193575],[-0.79662,0.432196,0.422615],[0.464749,-0.00914749,0.885395]],[[0.372462,0.901604,-0.219961],[-0.740564,0.431593,0.515065],[0.559318,-0.028947,0.828447]],[[0.372462,0.901604,-0.219961],[-0.923163,0.38423,0.0117284],[0.0950899,0.19869