{"frames":89,"data":[{"currentFrameRate":113.393,"devices":[],"gestures":[],"hands":[{"armBasis":[[-0.384865,0.0354933,-0.92229],[-0.362393,0.913202,0.186367],[-0.848853,-0.405958,0.338597]],"armWidth":49.5979,"confidence":1,"direction":[0.422178,0.875203,0.236188],"elbow":[-314.799,11.2513,185.061],"grabAngle":1.31707,"grabStrength":0,"id":27,"palmNormal":[0.903596,-0.42717,-0.0322513],"palmPosition":[-96.7452,147.151,126.521],"palmVelocity":[-2.12336,-1.85709,-5.18808],"palmWidth":73.3412,"pinchDistance":56.941,"pinchStrength":0,"r":[[0.421068,0.700492,0.576205],[-0.488404,0.710408,-0.506736],[-0.764306,-0.0680504,0.641253]],"s":0.909929,"sphereCenter":[-47.2478,143.348,123.452],"sphereRadius":49.9529,"stabilizedPalmPosition":[-101.04,151.001,125.878],"t":[23.5596,-16.5377,-11.9754],"timeVisible":7.79954,"type":"left","wrist":[-130.063,99.5997,111.372]},{"armBasis":[[0.608047,-0.782096,-0.136401],[0.0247768,-0.153033,0.98791],[-0.793514,-0.604076,-0.0736737]],"armWidth":49.5979,"confidence":1,"direction":[-0.0267551,0.0244419,-0.999343],"elbow":[-77.7929,-30.7723,158.943],"grabAngle":0.290656,"grabStrength":0,"id":28,"palmNormal":[-0.013623,-0.999617,-0.0240839],"palmPosition":[97.3879,106.423,119.68],"palmVelocity":[-15.2663,-3.28008,-19.1466],"palmWidth":73.3412,"pinchDistance":46.5025,"pinchStrength":0,"r":[[0.999279,0.0280013,-0.0256423],[-0.0334826,0.968336,-0.247396],[0.0179029,0.248077,0.968575]],"s":0.975547,"sphereCenter":[85.7284,-67.845,113.825],"sphereRadius":177.552,"stabilizedPalmPosition":[98.4748,105.997,120.458],"t":[-1.46414,-26.187,-9.46407],"timeVisible":4.96394,"type":"right","wrist":[94.8994,100.693,174.976]}],"id":16319,"interactionBox":{"center":[0,200,0],"size":[235.247,235.247,147.751]},"pointables":[{"bases":[[[-0.696579,0.644211,-0.315863],[-0.627343,-0.33324,0.703841],[-0.348164,-0.688435,-0.63627]],[[-0.501401,0.864396,-0.0376489],[-0.499463,-0.253638,0.828374],[-0.706494,-0.434152,-0.558908]],[[-0.501401,0.864396,-0.0376489],[-0.409476,-0.198738,0.890412],[-0.762186,-0.461869,-0.453596]],[[-0.501401,0.864396,-0.0376489],[-0.305192,-0.135977,0.942533],[-0.809602,-0.484077,-0.331986]]],"btipPosition":[-50.0267,138.749,172.012],"carpPosition":[-112.789,100.59,131.769],"dipPosition":[-64.5053,130.092,166.075],"direction":[0.762186,0.461869,0.453596],"extended":true,"handId":27,"id":270,"length":39.8241,"mcpPosition":[-112.789,100.59,131.769],"pipPosition":[-84.3631,118.058,154.257],"stabilizedTipPosition":[-54.6395,137.815,170.05],"timeVisible":7.79954,"tipPosition":[-52.258,136.268,170.068],"tipVelocity":[0.446835,-2.06464,-8.2782],"tool":false,"touchDistance":1,"touchZone":"none","type":0,"width":15.5161},{"bases":[[[0.142519,0.37076,-0.917728],[-0.833672,0.544775,0.090622],[-0.533554,-0.752169,-0.386733]],[[0.110802,0.325751,-0.938941],[-0.829643,0.550481,0.0930769],[-0.547188,-0.768673,-0.331251]],[[0.110802,0.325751,-0.938941],[-0.66465,0.726688,0.17368],[-0.738893,-0.604823,-0.297028]],[[0.110802,0.325751,-0.938941],[-0.483867,0.842906,0.235333],[-0.868099,-0.428247,-0.251015]]],"btipPosition":[-48.3327,202.947,170.572],"carpPosition":[-122.917,116.347,128.001],"dipPosition":[-59.6664,197.356,167.295],"direction":[0.738893,0.604823,0.297028],"extended":true,"handId":27,"id":271,"length":44.937,"mcpPosition":[-91.2771,160.951,150.934],"pipPosition":[-73.3134,186.185,161.809],"stabilizedTipPosition":[-52.353,202.066,169.733],"timeVisible":7.79954,"tipPosition":[-50.1469,200.728,170.252],"tipVelocity":[1.30439,-0.286281,-8.87775],"tool":false,"touchDistance":1,"touchZone":"none","type":1,"width":14.821},{"bases":[[[0.209142,0.167391,-0.963452],[-0.809087,0.582967,-0.0743482],[-0.549216,-0.795066,-0.257357]],[[0.224721,0.189999,-0.95572],[-0.594854,0.803588,0.0198846],[-0.771783,-0.564046,-0.293605]],[[0.224721,0.189999,-0.95572],[-0.00860799,0.981155,0.193031],[-0.974385,0.0351514,-0.222122]],[[0.224721,0.189999,-0.95572],[0.418971,0.866674,0.27081],[-0.879752,0.461276,-0.115156]]],"btipPosition":[-29.2908,179.19,151.065],"carpPosition":[-122.408,121.092,119.299],"dipPosition":[-41.9237,185.814,149.412],"direction":[0.974385,-0.0351514,0.222122],"extended":false,"handId":27,"id":272,"length":51.2021,"mcpPosition":[-91.5226,165.803,133.771],"pipPosition":[-63.0965,186.578,144.585],"stabilizedTipPosition":[-33.7035,183.097,151.083],"timeVisible":7.79954,"tipPosition":[-31.762,181.667,150.974],"tipVelocity":[1.89372,-3.0646,-10.7572],"tool":false,"touchDistance":1,"touchZone":"none","type":2,"width":14.5562},{"bases":[[[0.186434,0.00413963,-0.982459],[-0.809172,0.567795,-0.151159],[-0.557209,-0.82316,-0.109206]],[[0.212083,0.0423219,-0.976335],[-0.460047,0.88576,-0.0615372],[-0.862194,-0.46221,-0.207324]],[[0.212083,0.0423219,-0.976335],[0.207401,0.974354,0.0872884],[-0.95499,0.221005,-0.197866]],[[0.212083,0.0423219,-0.976335],[0.593137,0.788424,0.16302],[-0.776665,0.613674,-0.142108]]],"btipPosition":[-31.6973,167.592,128.731],"carpPosition":[-120.571,123.69,109.921],"dipPosition":[-42.7858,176.354,126.702],"direction":[0.95499,-0.221005,0.197866],"extended":false,"handId":27,"id":273,"length":49.2322,"mcpPosition":[-92.4376,165.252,115.435],"pipPosition":[-63.0012,181.032,122.514],"stabilizedTipPosition":[-36.2849,170.896,128.028],"timeVisible":7.79954,"tipPosition":[-34.2445,168.916,128.076],"tipVelocity":[-1.43597,-7.18544,-11.0959],"tool":false,"touchDistance":0.971073,"touchZone":"none","type":3,"width":13.8511},{"bases":[[[0.251809,-0.185033,-0.949924],[-0.816353,0.486557,-0.311177],[-0.51977,-0.85383,0.028533]],[[0.261139,-0.16961,-0.950284],[-0.37435,0.889607,-0.261652],[-0.889758,-0.424066,-0.168818]],[[0.261139,-0.16961,-0.950284],[0.288847,0.953066,-0.0907309],[-0.921072,0.250793,-0.297874]],[[0.261139,-0.16961,-0.950284],[0.637868,0.769208,0.0379964],[-0.724521,0.616078,-0.309059]]],"btipPosition":[-43.585,161.143,111.73],"carpPosition":[-115.228,121.641,99.9793],"dipPosition":[-53.1278,169.257,107.659],"direction":[0.921072,-0.250793,0.297874],"extended":false,"handId":27,"id":274,"length":38.5972,"mcpPosition":[-90.9345,161.547,98.6457],"pipPosition":[-66.8938,173.005,103.207],"stabilizedTipPosition":[-47.5936,164.382,110.252],"timeVisible":7.79954,"tipPosition":[-45.8735,162.692,110.412],"tipVelocity":[-2.96196,-5.61125,-9.39743],"tool":false,"touchDistance":0.67989,"touchZone":"none","type":4,"width":12.3037},{"bases":[[[0.40918,0.893635,-0.184359],[-0.787897,0.447942,0.422571],[0.460206,-0.0276516,0.887381]],[[0.400216,0.894002,-0.201462],[-0.746248,0.445526,0.494591],[0.531922,-0.0476028,0.845455]],[[0.400216,0.894002,-0.201462],[-0.909807,0.413971,0.0296412],[0.109899,0.171428,0.979048]],[[0.400216,0.894002,-0.201462],[-0.899541,0.341236,-0.272734],[-0.175079,0.290376,0.94076]]],"btipPosition":[60.594,92.5448,89.9144],"carpPosition":[81.7283,100.289,166.264],"dipPosition":[57.463,97.7377,106.739],"direction":[-0.109899,-0.171428,-0.979048],"extended":true,"handId":28,"id":280,"length":39.8241,"mcpPosition":[81.7283,100.289,166.264],"pipPosition":[60.3263,102.204,132.246],"stabilizedTipPosition":[60.6375,92.4205,95.022],"timeVisible":4.96394,"tipPosition":[58.1878,89.0595,95.1776],"tipVelocity":[0.888155,7.7977,-28.8904],"tool":false,"touchDistance":0.396398,"touchZone":"hovering","type":0,"width":15.5161},{"bases":[[[0.90132,-0.355583,0.247351],[0.365729,0.930707,0.00527304],[-0.232086,0.0857106,0.968912]],[[0.930716,-0.365702,-0.00547988],[0.365552,0.93061,-0.0183653],[0.0118159,0.0150897,0.999816]],[[0.930716,-0.365702,-0.00547988],[0.363711,0.927018,-0.0913879],[0.0385007,0.0830631,0.9958]],[[0.930716,-0.365702,-0.00547988],[0.355396,0.907824,-0.222595],[0.086378,0.205225,0.974896]]],"btipPosition":[125.877,101.879,55.6455],"carpPosition":[117.062,110.237,155.668],"dipPosition":[127.015,104.582,68.4861],"direction":[-0.0385007,-0.0830631,-0.9958],"extended":true,"handId":28,"id":284,"length":38.5972,"mcpPosition":[127.909,106.231,110.383],"pipPosition":[127.59,105.823,83.369],"stabilizedTipPosition":[127.149,102.155,59.2037],"timeVisible":4.96394,"tipPosition":[125.444,98.7226,59.3883],"tipVelocity":[-9.18148,8.81672,-14.8209],"tool":false,"touchDistance":0.316622,"touchZone":"hovering","type":4,"width":12.3037},{"bases":[[[0.980867,-0.0086817,-0.194485],[-0.0153357,0.992455,-0.121647],[0.194074,0.122302,0.973333]],[[0.972865,0.0429009,0.22736],[0.00819902,0.97565,-0.21918],[-0.231227,0.215096,0.948824]],[[0.972865,0.0429009,0.22736],[0.032498,0.947581,-0.317858],[-0.229079,0.316621,0.920475]],[[0.972865,0.0429009,0.22736],[0.069273,0.883574,-0.463139],[-0.220759,0.466322,0.856627]]],"btipPosition":[91.4059,89.92,40.7956],"carpPosition":[88.2103,116.17,157.848],"dipPosition":[88.5238,96.0082,51.9795],"direction":[0.229079,-0.316621,-0.920475],"extended":true,"handId":28,"id":281,"length":44.937,"mcpPosition":[76.7018,108.917,100.129],"pipPosition":[84.2928,101.856,68.9802],"stabilizedTipPosition":[90.4801,90.8958,43.877],"timeVisible":4.96394,"tipPosition":[86.3955,88.7353,43.5027],"tipVelocity":[24.4641,10.912,-19.2389],"tool":false,"touchDistance":0.308374,"touchZone":"hovering","type":1,"width":14.821},{"bases":[[[0.986215,-0.16114,-0.0375896],[0.154977,0.979144,-0.131377],[0.0579756,0.12374,0.99062]],[[0.983557,-0.14044,0.113546],[0.161203,0.966159,-0.201369],[-0.0814231,0.216362,0.972912]],[[0.983557,-0.14044,0.113546],[0.169429,0.935222,-0.31089],[-0.0625292,0.325016,0.943639]],[[0.983557,-0.14044,0.113546],[0.174153,0.904025,-0.390397],[-0.0478209,0.403752,0.913618]]],"btipPosition":[99.5115,89.6006,30.1433],"carpPosition":[97.7274,117.388,155.309],"dipPosition":[98.8248,95.3984,43.2625],"direction":[0.0625292,-0.325016,-0.943639],"extended":true,"handId":28,"id":282,"length":51.2021,"mcpPosition":[94.4672,110.43,99.6012],"pipPosition":[97.4661,102.461,63.7672],"stabilizedTipPosition":[99.458,90.4998,33.9014],"timeVisible":4.96394,"tipPosition":[96.5101,88.9284,33.722],"tipVelocity":[16.2361,8.86467,-21.5451],"tool":false,"touchDistance":0.311636,"touchZone":"hovering","type":2,"width":14.5562},{"bases":[[[0.96949,-0.214525,0.118609],[0.226811,0.968574,-0.102081],[-0.0929832,0.125868,0.98768]],[[0.973937,-0.225792,0.0215826],[0.226609,0.964505,-0.135564],[0.00979264,0.136921,0.990534]],[[0.973937,-0.225792,0.0215826],[0.223634,0.940002,-0.257651],[0.0378878,0.255763,0.965997]],[[0.973937,-0.225792,0.0215826],[0.216641,0.897821,-0.383384],[0.0671877,0.378068,0.923337]]],"btipPosition":[110.119,94.5878,36.8713],"carpPosition":[107.519,116.429,154.188],"dipPosition":[111.078,99.9855,50.0539],"direction":[-0.0378878,-0.255763,-0.965997],"extended":true,"handId":28,"id":283,"length":49.2322,"mcpPosition":[112.214,110.074,104.32],"pipPosition":[111.88,105.4,70.5022],"stabilizedTipPosition":[111.088,95.6229,40.4634],"timeVisible":4.96394,"tipPosition":[110.766,93.6981,40.4672],"tipVelocity":[-2.83118,4.85383,-17.7605],"tool":false,"touchDistance":0.317131,"touchZone":"hovering","type":3,"width":13.8511}],"r":[[-0.609053,0.441798,0.658688],[-0.64607,0.205368,-0.735131],[-0.460052,-0.873292,0.160353]],"s":1.73784,"t":[16.1301,-131.986,462.222],"timestamp":17209355171},{"currentFrameRate":115.415,"devices":[],"gestures":[],"hands":[{"armBasis":[[-0.384924,0.0360418,-0.922244],[-0.361774,0.913382,0.186692],[-0.84909,-0.405506,0.338543]],"armWidth":49.5979,"confidence":1,"direction":[0.422591,0.8751,0.235833],"elbow":[-314.903,11.3123,185.073],"grabAngle":1.31664,"grabStrength":0,"id":27,"palmNormal":[0.903462,-0.427398,-0.0329863],"palmPosition":[-96.7706,147.103,126.524],"palmVelocity":[-4.87135,-9.27166,0.74904],"palmWidth":73.3412,"pinchDistance":56.941,"pinchStrength":0,"r":[[0.421262,0.700581,0.575955],[-0.488386,0.710347,-0.50684],[-0.764211,-0.0677755,0.641396]],"s":0.910219,"sphereCenter":[-47.2946,143.294,123.441],"sphereRadius":49.9361,"stabilizedPalmPosition":[-101.038,150.999,125.879],"t":[23.5411,-16.5679,-11.9944],"timeVisible":7.80475,"type":"left","wrist":[-130.116,99.5625,111.396]},{"armBasis":[[0.609096,-0.781181,-0.136959],[0.0243077,-0.15422,0.987737],[-0.792724,-0.604956,-0.0749463]],"armWidth":49.5979,"confidence":1,"direction":[-0.0261207,0.0256408,-0.99933],"elbow":[-77.8981,-30.9614,158.412],"grabAngle":0.291192,"grabStrength":0,"id":28,"palmNormal":[-0.0123815,-0.999603,-0.0253241],"palmPosition":[97.1404,106.496,119.435],"palmVelocity":[-47.5389,14.1498,-46.9817],"palmWidth":73.3412,"pinchDistance":46.5362,"pinchStrength":0,"r":[[0.999276,0.028622,-0.0250453],[-0.033937,0.968304,-0.247458],[0.0171688,0.248128,0.968575]],"s":0.973399,"sphereCenter":[85.6369,-67.1693,113.317],"sphereRadius":176.948,"stabilizedPalmPosition":[98.4049,106.024,120.404],"t":[-1.69178,-26.1521,-9.69098],"timeVisible":4.96915,"type":"right","wrist":[94.6222,100.695,174.723]}],"id":16320,"interactionBox":{"center":[0,200,0],"size":[235.247,235.247,147.751]},"pointables":[{"bases":[[[-0.696676,0.644383,-0.315299],[-0.62685,-0.333075,0.704358],[-0.348858,-0.688354,-0.635977]],[[-0.50123,0.864511,-0.0372672],[-0.498782,-0.253457,0.82884],[-0.707096,-0.434028,-0.558243]],[[-0.50123,0.864511,-0.0372672],[-0.408738,-0.19858,0.890786],[-0.762694,-0.461721,-0.452893]],[[-0.50123,0.864511,-0.0372672],[-0.304417,-0.135854,0.942801],[-0.809999,-0.483905,-0.331266]]],"btipPosition":[-50.0149,138.693,171.972],"carpPosition":[-112.822,100.546,131.787],"dipPosition":[-64.5006,130.039,166.048],"direction":[0.762694,0.461721,0.452893],"extended":true,"handId":27,"id":270,"length":39.8241,"mcpPosition":[-112.822,100.546,131.787],"pipPosition":[-84.3716,118.009,154.248],"stabilizedTipPosition":[-54.6381,137.814,170.05],"timeVisible":7.80475,"tipPosition":[-52.2509,136.21,170.036],"tipVelocity":[1.95033,-10.6354,-7.19331],"tool":false,"touchDistance":1,"touchZone":"none","type":0,"width":15.5161},{"bases":[[[0.141861,0.370714,-0.917849],[-0.83346,0.544985,0.0912984],[-0.53406,-0.752039,-0.386287]],[[0.110161,0.325779,-0.939006],[-0.829529,0.550548,0.0936896],[-0.54749,-0.768612,-0.330893]],[[0.110161,0.325779,-0.939006],[-0.664657,0.72658,0.174105],[-0.738982,-0.604938,-0.296573]],[[0.110161,0.325779,-0.939006],[-0.484374,0.84257,0.235496],[-0.867898,-0.428887,-0.250618]]],"btipPosition":[-48.3257,202.906,170.546],"carpPosition":[-122.949,116.305,128.027],"dipPosition":[-59.6567,197.307,167.274],"direction":[0.738982,0.604938,0.296573],"extended":true,"handId":27,"id":271,"length":44.937,"mcpPosition":[-91.279,160.901,150.934],"pipPosition":[-73.3054,186.134,161.797],"stabilizedTipPosition":[-52.3517,202.065,169.733],"timeVisible":7.80475,"tipPosition":[-50.1243,200.67,170.217],"tipVelocity":[1.46367,-8.22315,-4.78579],"tool":false,"touchDistance":1,"touchZone":"none","type":1,"width":14.821},{"bases":[[[0.208395,0.167328,-0.963625],[-0.809001,0.58317,-0.0736922],[-0.549626,-0.794931,-0.256898]],[[0.223998,0.189949,-0.9559],[-0.594688,0.803699,0.0203503],[-0.772121,-0.563903,-0.292988]],[[0.223998,0.189949,-0.9559],[-0.00814483,0.981153,0.193059],[-0.974555,0.0354592,-0.221324]],[[0.223998,0.189949,-0.9559],[0.418121,0.867241,0.270311],[-0.880341,0.460231,-0.114839]]],"btipPosition":[-29.2809,179.144,151.02],"carpPosition":[-122.446,121.05,119.324],"dipPosition":[-41.9223,185.752,149.371],"direction":[0.974555,-0.0354592,0.221324],"extended":false,"handId":27,"id":272,"length":51.2021,"mcpPosition":[-91.5373,165.753,133.771],"pipPosition":[-63.0987,186.523,144.562],"stabilizedTipPosition":[-33.7014,183.093,151.083],"timeVisible":7.80475,"tipPosition":[-31.7592,181.602,150.924],"tipVelocity":[1.52499,-9.57873,-8.48488],"tool":false,"touchDistance":1,"touchZone":"none","type":2,"width":14.5562},{"bases":[[[0.185631,0.00408215,-0.982611],[-0.809153,0.567996,-0.150502],[-0.557505,-0.823021,-0.108741]],[[0.211289,0.042251,-0.97651],[-0.45967,0.885984,-0.0611255],[-0.862589,-0.461788,-0.20662]],[[0.211289,0.042251,-0.97651],[0.208279,0.974173,0.0872156],[-0.954975,0.221814,-0.197032]],[[0.211289,0.042251,-0.97651],[0.593886,0.787949,0.162593],[-0.77631,0.614289,-0.141393]]],"btipPosition":[-31.719,167.502,128.679],"carpPosition":[-120.616,123.648,109.945],"dipPosition":[-42.8025,176.273,126.661],"direction":[0.954975,-0.221814,0.197032],"extended":false,"handId":27,"id":273,"length":49.2322,"mcpPosition":[-92.4675,165.202,115.435],"pipPosition":[-63.0176,180.968,122.49],"stabilizedTipPosition":[-36.2828,170.895,128.028],"timeVisible":7.80475,"tipPosition":[-34.2631,168.853,128.029],"tipVelocity":[-3.9602,-16.8639,-9.48458],"tool":false,"touchDistance":0.97025,"touchZone":"none","type":3,"width":13.8511},{"bases":[[[0.250985,-0.185107,-0.950127],[-0.816485,0.486758,-0.310514],[-0.519961,-0.853699,0.028968]],[[0.260342,-0.169646,-0.950496],[-0.374171,0.889787,-0.261297],[-0.890066,-0.423674,-0.168172]],[[0.260342,-0.169646,-0.950496],[0.28929,0.952921,-0.090842],[-0.921159,0.251319,-0.297163]],[[0.260342,-0.169646,-0.950496],[0.638233,0.768925,0.0375739],[-0.724486,0.61642,-0.308458]]],"btipPosition":[-43.6204,161.07,111.693],"carpPosition":[-115.281,121.597,99.9986],"dipPosition":[-53.1628,169.189,107.63],"direction":[0.921158,-0.251319,0.297163],"extended":false,"handId":27,"id":274,"length":38.5972,"mcpPosition":[-90.979,161.497,98.6447],"pipPosition":[-66.9301,172.945,103.189],"stabilizedTipPosition":[-47.5916,164.381,110.252],"timeVisible":7.80475,"tipPosition":[-45.9081,162.631,110.375],"tipVelocity":[-6.77818,-13.8217,-6.758],"tool":false,"touchDistance":0.679304,"touchZone":"none","type":4,"width":12.3037},{"bases":[[[0.408206,0.894362,-0.182986],[-0.788726,0.446455,0.422597],[0.45965,-0.0281814,0.887653]],[[0.399068,0.894744,-0.200444],[-0.746578,0.443984,0.49548],[0.532321,-0.0480831,0.845176]],[[0.399068,0.894744,-0.200444],[-0.91056,0.412421,0.0281137],[0.107822,0.171297,0.979302]],[[0.399068,0.894744,-0.200444],[-0.89946,0.339541,-0.275107],[-0.178091,0.290078,0.940286]]],"btipPosition":[60.415,92.5699,89.6648],"carpPosition":[81.4574,100.286,166.001],"dipPosition":[57.2301,97.7575,106.48],"direction":[-0.107822,-0.171297,-0.979302],"extended":true,"handId":28,"id":280,"length":39.8241,"mcpPosition":[81.4574,100.286,166.001],"pipPosition":[60.0393,102.22,131.995],"stabilizedTipPosition":[60.6063,92.4644,94.9734],"timeVisible":4.96915,"tipPosition":[57.984,89.1321,94.8807],"tipVelocity":[-36.7667,4.59435,-48.3092],"tool":false,"touchDistance":0.392207,"touchZone":"hovering","type":0,"width":15.5161},{"bases":[[[0.901591,-0.354783,0.247513],[0.364584,0.931147,0.00666303],[-0.232835,0.0842319,0.968862]],[[0.931164,-0.364545,-0.00635434],[0.364408,0.931097,-0.0162774],[0.0118504,0.0128414,0.999847]],[[0.931164,-0.364545,-0.00635434],[0.362537,0.927604,-0.090103],[0.0387409,0.081597,0.995912]],[[0.931164,-0.364545,-0.00635434],[0.354128,0.908428,-0.222155],[0.086758,0.204612,0.974991]]],"btipPosition":[125.626,102.092,55.4172],"carpPosition":[116.786,110.29,155.442],"dipPosition":[126.769,104.787,68.2591],"direction":[-0.0387409,-0.081597,-0.995912],"extended":true,"handId":28,"id":284,"length":38.5972,"mcpPosition":[127.668,106.353,110.159],"pipPosition":[127.348,106.006,83.1436],"stabilizedTipPosition":[127.055,102.196,59.1418],"timeVisible":4.96915,"tipPosition":[125.249,98.9188,59.1502],"tipVelocity":[-47.9215,40.6048,-43.7867],"tool":false,"touchDistance":0.312823,"touchZone":"hovering","type":4,"width":12.3037},{"bases":[[[0.981006,-0.00724027,-0.193842],[-0.0164715,0.992585,-0.120434],[0.193277,0.12134,0.973612]],[[0.972325,0.0439764,0.229458],[0.00750761,0.975737,-0.218817],[-0.233514,0.214483,0.948403]],[[0.972325,0.0439764,0.229458],[0.0317128,0.948193,-0.316107],[-0.231472,0.314635,0.920557]],[[0.972325,0.0439764,0.229458],[0.0685368,0.885228,-0.46008],[-0.223356,0.463074,0.857715]]],"btipPosition":[91.3216,90.0916,40.5384],"carpPosition":[87.9255,116.185,157.609],"dipPosition":[88.4055,96.1374,51.7366],"direction":[0.231472,-0.314635,-0.920557],"extended":true,"handId":28,"id":281,"length":44.937,"mcpPosition":[76.4642,108.99,99.8741],"pipPosition":[84.1303,101.949,68.7388],"stabilizedTipPosition":[90.4947,90.9459,43.8118],"timeVisible":4.96915,"tipPosition":[86.2459,88.9043,43.2284],"tipVelocity":[-17.701,31.0945,-48.7716],"tool":false,"touchDistance":0.304142,"touchZone":"hovering","type":1,"width":14.821},{"bases":[[[0.986437,-0.159885,-0.037131],[0.153864,0.979494,-0.130067],[0.0571653,0.12259,0.99081]],[[0.983656,-0.139381,0.113988],[0.160213,0.966438,-0.200821],[-0.0821715,0.215801,0.972974]],[[0.983656,-0.139381,0.113988],[0.168613,0.935142,-0.311574],[-0.0631672,0.325702,0.94336]],[[0.983656,-0.139381,0.113988],[0.173357,0.904194,-0.390359],[-0.0486584,0.40374,0.913579]]],"btipPosition":[99.3259,89.7014,29.9061],"carpPosition":[97.4428,117.418,155.078],"dipPosition":[98.6272,95.499,43.0248],"direction":[0.0631672,-0.325702,-0.94336],"extended":true,"handId":28,"id":282,"length":51.2021,"mcpPosition":[94.2281,110.525,99.3596],"pipPosition":[97.2546,102.576,63.5233],"stabilizedTipPosition":[99.4418,90.5293,33.8474],"timeVisible":4.96915,"tipPosition":[96.3575,89.1181,33.4523],"tipVelocity":[-36.1817,19.3492,-45.5936],"tool":false,"touchDistance":0.30768,"touchZone":"hovering","type":2,"width":14.5562},{"bases":[[[0.969673,-0.213483,0.118991],[0.225691,0.968977,-0.100736],[-0.0937939,0.124537,0.987772]],[[0.974198,-0.224634,0.0218635],[0.22551,0.964892,-0.134642],[0.00914922,0.136098,0.990653]],[[0.974198,-0.224634,0.0218635],[0.222573,0.940141,-0.258061],[0.0374145,0.256269,0.965881]],[[0.974198,-0.224634,0.0218635],[0.215637,0.897805,-0.383988],[0.0666275,0.378794,0.923079]]],"btipPosition":[109.917,94.7055,36.6431],"carpPosition":[107.237,116.473,153.963],"dipPosition":[110.868,100.114,49.822],"direction":[-0.0374145,-0.256269,-0.965881],"extended":true,"handId":28,"id":283,"length":49.2322,"mcpPosition":[111.972,110.185,104.09],"pipPosition":[111.66,105.538,70.2679],"stabilizedTipPosition":[111.023,95.6454,40.409],"timeVisible":4.96915,"tipPosition":[110.584,93.896,40.2133],"tipVelocity":[-39.1131,23.0815,-43.9886],"tool":false,"touchDistance":0.313314,"touchZone":"hovering","type":3,"width":13.8511}],"r":[[-0.608623,0.441231,0.659464],[-0.646732,0.205653,-0.734469],[-0.459691,-0.873511,0.160193]],"s":1.73742,"t":[16.0959,-131.977,462.09],"timestamp":17209360377},{"currentFrameRate":115.229,"devices":[],"gestures":[],"hands":[{"armBasis":[[-0.385199,0.0366962,-0.922104],[-0.360659,0.913754,0.187025],[-0.849439,-0.404607,0.338743]],"armWidth":49.5979,"confidence":1,"direction":[0.422444,0.875148,0.235917],"elbow":[-315.006,11.4619,185.107],"grabAngle":1.31606,"grabStrength":0,"id":27,"palmNormal":[0.903538,-0.427229,-0.0330885],"palmPosition":[-96.7975,147.054,126.516],"palmVelocity":[-2.98799,-5.48834,-0.913146],"palmWidth":73.3412,"pinchDistance":56.9406,"pinchStrength":0,"r":[[0.421398,0.700654,0.575768],[-0.488402,0.710292,-0.506901],[-0.764125,-0.0675992,0.641517]],"s":0.910451,"sphereCenter":[-47.3457,143.264,123.465],"sphereRadius":49.9135,"stabilizedPalmPosition":[-101.033,150.995,125.879],"t":[23.5184,-16.6077,-12.008],"timeVisible":7.81375,"type":"left","wrist":[-130.143,99.5163,111.386]},{"armBasis":[[0.609025,-0.781379,-0.136145],[0.023028,-0.154159,0.987778],[-0.792816,-0.604717,-0.075893]],"armWidth":49.5979,"confidence":1,"direction":[-0.0248662,0.0255789,-0.999363],"elbow":[-78.137,-30.8997,158.04],"grabAngle":0.291614,"grabStrength":0,"id":28,"palmNormal":[-0.0126584,-0.999601,-0.02527],"palmPosition":[96.9924,106.501,119.271],"palmVelocity":[-16.4505,0.552598,-18.193],"palmWidth":73.3412,"pinchDistance":46.5643,"pinchStrength":0,"r":[[0.999282,0.0290565,-0.0243189],[-0.0341789,0.968278,-0.247529],[0.0163551,0.248182,0.968575]],"s":0.971583,"sphereCenter":[85.6932,-66.2593,112.976],"sphereRadius":176.06,"stabilizedPalmPosition":[98.299,106.059,120.319],"t":[-1.87959,-26.1321,-9.88625],"timeVisible":4.97814,"type":"right","wrist":[94.4034,100.705,174.556]}],"id":16321,"interactionBox":{"center":[0,200,0],"size":[235.247,235.247,147.751]},"pointables":[{"bases":[[[-0.696811,0.644294,-0.315182],[-0.626751,-0.333276,0.704351],[-0.348767,-0.68834,-0.636042]],[[-0.501375,0.864433,-0.0371157],[-0.49847,-0.25352,0.829009],[-0.707213,-0.434146,-0.558003]],[[-0.501375,0.864433,-0.0371157],[-0.408422,-0.198634,0.890919],[-0.762768,-0.461844,-0.452644]],[[-0.501375,0.864433,-0.0371157],[-0.304115,-0.135903,0.942892],[-0.810023,-0.48403,-0.331026]]],"btipPosition":[-50.0259,138.65,171.938],"carpPosition":[-112.84,100.493,131.774],"dipPosition":[-64.512,129.994,166.018],"direction":[0.762768,0.461844,0.452644],"extended":true,"handId":27,"id":270,"length":39.8241,"mcpPosition":[-112.84,100.493,131.774],"pipPosition":[-84.3849,117.961,154.225],"stabilizedTipPosition":[-54.6358,137.812,170.051],"timeVisible":7.81375,"tipPosition":[-52.2751,136.164,170.025],"tipVelocity":[-1.23357,-4.81592,-3.61432],"tool":false,"touchDistance":1,"touchZone":"none","type":0,"width":15.5161},{"bases":[[[0.141742,0.370852,-0.917811],[-0.833555,0.544822,0.0914112],[-0.533943,-0.752089,-0.38635]],[[0.110124,0.326021,-0.938927],[-0.82973,0.550237,0.09374],[-0.547193,-0.768733,-0.331104]],[[0.110124,0.326021,-0.938927],[-0.665319,0.725987,0.174049],[-0.738392,-0.605519,-0.296857]],[[0.110124,0.326021,-0.938927],[-0.485685,0.841855,0.23535],[-0.867169,-0.430105,-0.251052]]],"btipPosition":[-48.3839,202.886,170.557],"carpPosition":[-122.97,116.251,128.016],"dipPosition":[-59.7054,197.27,167.279],"direction":[0.738392,0.605519,0.296857],"extended":true,"handId":27,"id":271,"length":44.937,"mcpPosition":[-91.3071,160.85,150.927],"pipPosition":[-73.3432,186.087,161.797],"stabilizedTipPosition":[-52.3489,202.064,169.733],"timeVisible":7.81375,"tipPosition":[-50.1604,200.626,170.211],"tipVelocity":[-6.22795,-2.71605,1.07955],"tool":false,"touchDistance":1,"touchZone":"none","type":1,"width":14.821},{"bases":[[[0.208312,0.167484,-0.963616],[-0.809112,0.583031,-0.0735761],[-0.549495,-0.794999,-0.256965]],[[0.223934,0.19014,-0.955877],[-0.594892,0.803545,0.0204732],[-0.771983,-0.564059,-0.293054]],[[0.223934,0.19014,-0.955877],[-0.00808635,0.981113,0.193266],[-0.974571,0.0355491,-0.221242]],[[0.223934,0.19014,-0.955877],[0.417136,0.867711,0.270325],[-0.880824,0.459265,-0.114995]]],"btipPosition":[-29.3086,179.112,151.017],"carpPosition":[-122.468,120.997,119.314],"dipPosition":[-41.957,185.707,149.366],"direction":[0.974571,-0.0355491,0.221242],"extended":false,"handId":27,"id":272,"length":51.2021,"mcpPosition":[-91.5672,165.704,133.765],"pipPosition":[-63.1337,186.479,144.558],"stabilizedTipPosition":[-33.6975,183.087,151.081],"timeVisible":7.81375,"tipPosition":[-31.7912,181.561,150.916],"tipVelocity":[-3.25793,-3.87515,-0.427218],"tool":false,"touchDistance":1,"touchZone":"none","type":2,"width":14.5562},{"bases":[[[0.185576,0.00423653,-0.982621],[-0.809265,0.567867,-0.150388],[-0.557361,-0.823109,-0.108811]],[[0.211239,0.0424263,-0.976513],[-0.459781,0.885937,-0.0609685],[-0.862543,-0.461861,-0.206651]],[[0.211239,0.0424263,-0.976513],[0.208387,0.974133,0.0874012],[-0.954962,0.221955,-0.196934]],[[0.211239,0.0424263,-0.976513],[0.59388,0.787931,0.162701],[-0.776328,0.614301,-0.141246]]],"btipPosition":[-31.7514,167.455,128.67],"carpPosition":[-120.64,123.596,109.935],"dipPosition":[-42.8352,176.225,126.653],"direction":[0.954962,-0.221955,0.196934],"extended":false,"handId":27,"id":273,"length":49.2322,"mcpPosition":[-92.4983,165.155,115.429],"pipPosition":[-63.05,180.923,122.485],"stabilizedTipPosition":[-36.2785,170.892,128.028],"timeVisible":7.81375,"tipPosition":[-34.2939,168.815,128.02],"tipVelocity":[-3.60845,-5.31755,-0.987071],"tool":false,"touchDistance":0.970102,"touchZone":"none","type":3,"width":13.8511},{"bases":[[[0.250966,-0.184945,-0.950164],[-0.816591,0.486647,-0.310409],[-0.519803,-0.853797,0.028892]],[[0.26035,-0.169433,-0.950532],[-0.374355,0.889757,-0.261135],[-0.889987,-0.423823,-0.168221]],[[0.26035,-0.169433,-0.950532],[0.289045,0.953009,-0.0907048],[-0.921233,0.251131,-0.29709]],[[0.26035,-0.169433,-0.950532],[0.637952,0.769156,0.0376328],[-0.72473,0.616192,-0.30834]]],"btipPosition":[-43.6492,161.035,111.685],"carpPosition":[-115.305,121.548,99.9883],"dipPosition":[-53.1949,169.151,107.623],"direction":[0.921233,-0.251131,0.29709],"extended":false,"handId":27,"id":274,"length":38.5972,"mcpPosition":[-91.0101,161.452,98.638],"pipPosition":[-66.9633,172.904,103.183],"stabilizedTipPosition":[-47.5877,164.377,110.253],"timeVisible":7.81375,"tipPosition":[-45.9386,162.593,110.366],"tipVelocity":[-3.29148,-3.97462,-0.860657],"tool":false,"touchDistance":0.679175,"touchZone":"none","type":4,"width":12.3037},{"bases":[[[0.40871,0.894223,-0.182538],[-0.789115,0.446728,0.421582],[0.458534,-0.0282611,0.888228]],[[0.399709,0.894604,-0.199791],[-0.746851,0.44421,0.494864],[0.531457,-0.0485872,0.845691]],[[0.399709,0.894604,-0.199791],[-0.910534,0.41262,0.0259426],[0.105646,0.171547,0.979495]],[[0.399709,0.894604,-0.199791],[-0.898694,0.33954,-0.277599],[-0.180504,0.29051,0.939693]]],"btipPosition":[60.3417,92.589,89.4669],"carpPosition":[81.2495,100.299,165.818],"dipPosition":[57.1136,97.7844,106.272],"direction":[-0.105646,-0.171547,-0.979495],"extended":true,"handId":28,"id":280,"length":39.8241,"mcpPosition":[81.2495,100.299,165.818],"pipPosition":[59.8661,102.254,131.791],"stabilizedTipPosition":[60.5648,92.5188,94.9057],"timeVisible":4.97814,"tipPosition":[57.8658,89.1591,94.6661],"tipVelocity":[-9.2594,2.32068,-22.2771],"tool":false,"touchDistance":0.388867,"touchZone":"hovering","type":0,"width":15.5161},{"bases":[[[0.901172,-0.355044,0.248662],[0.364863,0.931035,0.00705298],[-0.234017,0.0843716,0.968565]],[[0.931055,-0.364823,-0.00636436],[0.364702,0.931006,-0.0148193],[0.0113317,0.0114765,0.99987]],[[0.931055,-0.364823,-0.00636436],[0.362852,0.92758,-0.0890761],[0.0384004,0.0806255,0.996004]],[[0.931055,-0.364823,-0.00636436],[0.354394,0.908317,-0.222181],[0.0868376,0.204608,0.974985]]],"btipPosition":[125.508,102.138,55.2898],"carpPosition":[116.594,110.292,155.302],"dipPosition":[126.652,104.833,68.1316],"direction":[-0.0384004,-0.0806255,-0.996004],"extended":true,"handId":28,"id":284,"length":38.5972,"mcpPosition":[127.532,106.348,110.033],"pipPosition":[127.226,106.038,83.0175],"stabilizedTipPosition":[126.918,102.256,59.0463],"timeVisible":4.97814,"tipPosition":[125.176,98.9289,59.0185],"tipVelocity":[-13.1378,5.15261,-14.172],"tool":false,"touchDistance":0.310698,"touchZone":"hovering","type":4,"width":12.3037},{"bases":[[[0.981245,-0.00755655,-0.192618],[-0.0160149,0.992581,-0.120524],[0.192099,0.121348,0.973844]],[[0.971587,0.0439163,0.232573],[0.00796964,0.976007,-0.217591],[-0.236548,0.213262,0.947926]],[[0.971587,0.0439163,0.232573],[0.0324074,0.948696,-0.314525],[-0.234453,0.313125,0.920317]],[[0.971587,0.0439163,0.232573],[0.0696213,0.886132,-0.458174],[-0.226211,0.461348,0.857897]]],"btipPosition":[91.3908,90.1921,40.3666],"carpPosition":[87.7329,116.196,157.433],"dipPosition":[88.4374,96.2153,51.567],"direction":[0.234453,-0.313125,-0.920317],"extended":true,"handId":28,"id":281,"length":44.937,"mcpPosition":[76.3415,109,99.6845],"pipPosition":[84.1072,101.999,68.5649],"stabilizedTipPosition":[90.519,91.0167,43.7143],"timeVisible":4.97814,"tipPosition":[86.2325,88.9338,43.0514],"tipVelocity":[6.7382,10.5949,-19.0486],"tool":false,"touchDistance":0.301286,"touchZone":"hovering","type":1,"width":14.821},{"bases":[[[0.986433,-0.160192,-0.0358893],[0.154328,0.979437,-0.129943],[0.0559672,0.122642,0.990872]],[[0.983421,-0.139601,0.115735],[0.160715,0.966584,-0.199715],[-0.0839872,0.215004,0.972995]],[[0.983421,-0.139601,0.115735],[0.169395,0.935004,-0.311566],[-0.0647176,0.326006,0.94315]],[[0.983421,-0.139601,0.115735],[0.174317,0.903637,-0.391221],[-0.0499675,0.40491,0.91299]]],"btipPosition":[99.3236,89.7118,29.7507],"carpPosition":[97.2538,117.426,154.914],"dipPosition":[98.6061,95.5262,42.861],"direction":[0.0647176,-0.326006,-0.94315],"extended":true,"handId":28,"id":282,"length":51.2021,"mcpPosition":[94.1064,110.529,99.1921],"pipPosition":[97.1998,102.61,63.355],"stabilizedTipPosition":[99.4239,90.5622,33.779],"timeVisible":4.97814,"tipPosition":[96.3193,89.1226,33.2875],"tipVelocity":[-0.738974,1.58629,-17.4826],"tool":false,"touchDistance":0.305059,"touchZone":"hovering","type":2,"width":14.5562},{"bases":[[[0.969458,-0.213773,0.120215],[0.226115,0.9689,-0.100522],[-0.0949876,0.124635,0.987645]],[[0.9741,-0.224942,0.023006],[0.22598,0.964941,-0.1335],[0.00783048,0.135242,0.990782]],[[0.9741,-0.224942,0.023006],[0.223152,0.939925,-0.258348],[0.0364894,0.25679,0.965778]],[[0.9741,-0.224942,0.023006],[0.216226,0.896904,-0.385759],[0.0661394,0.380743,0.922313]]],"btipPosition":[109.861,94.6952,36.5064],"carpPosition":[107.049,116.477,153.811],"dipPosition":[110.805,100.131,49.6744],"direction":[-0.0364894,-0.25679,-0.965778],"extended":true,"handId":28,"id":283,"length":49.2322,"mcpPosition":[111.845,110.184,103.945],"pipPosition":[111.577,105.567,70.1182],"stabilizedTipPosition":[110.943,95.6708,40.3352],"timeVisible":4.97814,"tipPosition":[110.531,93.8925,40.067],"tipVelocity":[-6.4182,-0.433696,-15.4715],"tool":false,"touchDistance":0.310994,"touchZone":"hovering","type":3,"width":13.8511}],"r":[[-0.608235,0.44068,0.66019],[-0.647347,0.205917,-0.733853],[-0.459339,-0.873727,0.160027]],"s":1.73717,"t":[16.0633,-131.98,461.984],"timestamp":17209369372},{"currentFrameRate":113.644,"devices":[],"gestures":[],"hands":[{"armBasis":[[-0.385406,0.0370207,-0.922004],[-0.359801,0.914077,0.187102],[-0.849709,-0.403848,0.338971]],"armWidth":49.5979,"confidence":1,"direction":[0.422502,0.875195,0.23564],"elbow":[-315.097,11.596,185.154],"grabAngle":1.31555,"grabStrength":0,"id":27,"palmNormal":[0.903534,-0.427222,-0.0332816],"palmPosition":[-96.8204,147.021,126.496],"palmVelocity":[-1.99121,-2.87803,-1.74143],"palmWidth":73.3412,"pinchDistance":56.939,"pinchStrength":0,"r":[[0.421539,0.700732,0.575568],[-0.488448,0.71023,-0.506945],[-0.764018,-0.0674379,0.641661]],"s":0.910647,"sphereCenter":[-47.387,143.236,123.46],"sphereRadius":49.897,"stabilizedPalmPosition":[-101.027,150.989,125.88],"t":[23.4956,-16.6442,-12.0249],"timeVisible":7.82525,"type":"left","wrist":[-130.175,99.4853,111.384]},{"armBasis":[[0.609148,-0.781438,-0.13525],[0.0224246,-0.153502,0.987894],[-0.792739,-0.604807,-0.075982]],"armWidth":49.5979,"confidence":1,"direction":[-0.0242493,0.0249144,-0.999395],"elbow":[-78.2983,-30.8859,157.887],"grabAngle":0.292803,"grabStrength":0,"id":28,"palmNormal":[-0.0125927,-0.999618,-0.0246144],"palmPosition":[96.8482,106.498,119.136],"palmVelocity":[-12.5347,-0.271682,-11.7891],"palmWidth":73.3412,"pinchDistance":46.6006,"pinchStrength":0,"r":[[0.999288,0.029411,-0.023618],[-0.0343515,0.968223,-0.247718],[0.0155818,0.248353,0.968544]],"s":0.970313,"sphereCenter":[85.836,-65.1645,112.782],"sphereRadius":174.962,"stabilizedPalmPosition":[98.1809,106.095,120.223],"t":[-2.04562,-26.1237,-10.0517],"timeVisible":4.98965,"type":"right","wrist":[94.2253,100.738,174.423]}],"id":16322,"interactionBox":{"center":[0,200,0],"size":[235.247,235.247,147.751]},"pointables":[{"bases":[[[-0.696913,0.64423,-0.315088],[-0.626538,-0.333162,0.704595],[-0.348946,-0.688455,-0.635819]],[[-0.501406,0.864415,-0.0371273],[-0.498138,-0.253328,0.829267],[-0.707426,-0.434294,-0.557618]],[[-0.501406,0.864415,-0.0371273],[-0.408082,-0.198434,0.891119],[-0.76293,-0.461963,-0.452248]],[[-0.501406,0.864415,-0.0371273],[-0.303773,-0.1357,0.943031],[-0.810132,-0.48412,-0.330627]]],"btipPosition":[-50.0319,138.628,171.898],"carpPosition":[-112.861,100.461,131.767],"dipPosition":[-64.52,129.97,165.985],"direction":[0.76293,0.461963,0.452248],"extended":true,"handId":27,"id":270,"length":39.8241,"mcpPosition":[-112.861,100.461,131.767],"pipPosition":[-84.3972,117.935,154.203],"stabilizedTipPosition":[-54.6336,137.81,170.052],"timeVisible":7.82525,"tipPosition":[-52.2857,136.139,169.994],"tipVelocity":[-0.563013,-1.91962,-3.34349],"tool":false,"touchDistance":1,"touchZone":"none","type":0,"width":15.5161},{"bases":[[[0.141466,0.370695,-0.917918],[-0.833535,0.544826,0.0915632],[-0.534048,-0.752163,-0.386061]],[[0.1099,0.325942,-0.93898],[-0.829765,0.550165,0.0938574],[-0.547186,-0.768818,-0.330918]],[[0.1099,0.325942,-0.93898],[-0.665755,0.72561,0.173955],[-0.738033,-0.606013,-0.296742]],[[0.1099,0.325942,-0.93898],[-0.486748,0.841319,0.235071],[-0.866602,-0.431212,-0.251112]]],"btipPosition":[-48.414,202.883,170.526],"carpPosition":[-122.992,116.218,128.009],"dipPosition":[-59.7282,197.253,167.247],"direction":[0.738033,0.606013,0.296742],"extended":true,"handId":27,"id":271,"length":44.937,"mcpPosition":[-91.323,160.821,150.903],"pipPosition":[-73.3593,186.061,161.766],"stabilizedTipPosition":[-52.3461,202.063,169.733],"timeVisible":7.82525,"tipPosition":[-50.1727,200.603,170.167],"tipVelocity":[-2.47353,-0.49919,-2.75192],"tool":false,"touchDistance":1,"touchZone":"none","type":1,"width":14.821},{"bases":[[[0.208024,0.167319,-0.963706],[-0.809141,0.583007,-0.073438],[-0.54956,-0.795051,-0.256665]],[[0.223677,0.190019,-0.955961],[-0.594846,0.803577,0.0205465],[-0.772092,-0.564054,-0.292774]],[[0.223677,0.190019,-0.955961],[-0.00774098,0.981127,0.193211],[-0.974632,0.0358168,-0.220927]],[[0.223677,0.190019,-0.955961],[0.416723,0.867998,0.27004],[-0.881085,0.458773,-0.114966]]],"btipPosition":[-29.3205,179.081,150.975],"carpPosition":[-122.493,120.962,119.306],"dipPosition":[-41.9726,185.669,149.324],"direction":[0.974633,-0.0358168,0.220927],"extended":false,"handId":27,"id":272,"length":51.2021,"mcpPosition":[-91.5882,165.672,133.74],"pipPosition":[-63.1507,186.447,144.523],"stabilizedTipPosition":[-33.6935,183.08,151.08],"timeVisible":7.82525,"tipPosition":[-31.8076,181.533,150.871],"tipVelocity":[-1.10857,-2.81226,-3.67408],"tool":false,"touchDistance":1,"touchZone":"none","type":2,"width":14.5562},{"bases":[[[0.185285,0.00406832,-0.982676],[-0.809317,0.56783,-0.150247],[-0.557382,-0.823136,-0.108503]],[[0.210964,0.042281,-0.976579],[-0.459674,0.885994,-0.0609412],[-0.862667,-0.461764,-0.206348]],[[0.210964,0.042281,-0.976579],[0.208679,0.974084,0.0872527],[-0.954959,0.222199,-0.196673]],[[0.210964,0.042281,-0.976579],[0.593994,0.787901,0.162429],[-0.776316,0.614348,-0.141104]]],"btipPosition":[-31.7739,167.41,128.628],"carpPosition":[-120.667,123.56,109.926],"dipPosition":[-42.8574,176.182,126.613],"direction":[0.954959,-0.222199,0.196673],"extended":false,"handId":27,"id":273,"length":49.2322,"mcpPosition":[-92.5248,165.12,115.405],"pipPosition":[-63.0721,180.885,122.45],"stabilizedTipPosition":[-36.2737,170.888,128.029],"timeVisible":7.82525,"tipPosition":[-34.3167,168.784,127.978],"tipVelocity":[-1.94545,-3.8212,-3.63836],"tool":false,"touchDistance":0.969404,"touchZone":"none","type":3,"width":13.8511},{"bases":[[[0.250688,-0.185106,-0.950206],[-0.816689,0.486583,-0.310252],[-0.519783,-0.853799,0.0291941]],[[0.2601,-0.169546,-0.95058],[-0.374346,0.889762,-0.261128],[-0.890064,-0.423765,-0.167959]],[[0.2601,-0.169546,-0.95058],[0.288913,0.953027,-0.0909296],[-0.921345,0.250984,-0.296867]],[[0.2601,-0.169546,-0.95058],[0.637705,0.769379,0.0372635],[-0.725038,0.615881,-0.308236]]],"btipPosition":[-43.6728,161.001,111.649],"carpPosition":[-115.335,121.51,99.9782],"dipPosition":[-53.2225,169.113,107.589],"direction":[0.921345,-0.250984,0.296867],"extended":false,"handId":27,"id":274,"length":38.5972,"mcpPosition":[-91.0414,161.415,98.6137],"pipPosition":[-66.9925,172.864,103.152],"stabilizedTipPosition":[-47.5832,164.373,110.255],"timeVisible":7.82525,"tipPosition":[-45.9665,162.558,110.328],"tipVelocity":[-2.1271,-2.96256,-3.10388],"tool":false,"touchDistance":0.67858,"touchZone":"none","type":4,"width":12.3037},{"bases":[[[0.408779,0.894123,-0.182879],[-0.789398,0.446968,0.420797],[0.457985,-0.0276485,0.88853]],[[0.399503,0.894498,-0.200678],[-0.746599,0.444497,0.494987],[0.531965,-0.0479222,0.845409]],[[0.399503,0.894498,-0.200678],[-0.910847,0.412075,0.02349],[0.103706,0.173403,0.979376]],[[0.399503,0