{"frames":75,"data":[{"currentFrameRate":113.949,"devices":[],"gestures":[],"hands":[{"armBasis":[[-0.212804,-0.453937,-0.865249],[-0.819483,0.565181,-0.0949635],[-0.53213,-0.688848,0.492266]],"armWidth":51.379,"confidence":1,"direction":[0.693221,0.719024,0.0494961],"elbow":[-286.805,-89.2231,205.955],"grabAngle":1.17199,"grabStrength":0,"id":22,"palmNormal":[0.714084,-0.694513,0.0879534],"palmPosition":[-120.662,111.131,98.7627],"palmVelocity":[-5.37113,0.0763365,-0.495486],"palmWidth":76.6238,"pinchDistance":63.6874,"pinchStrength":0,"r":[[0.919925,-0.27032,-0.284016],[0.367175,0.848027,0.382142],[0.137552,-0.455826,0.879376]],"s":1.30821,"sphereCenter":[-67.6811,84.6636,97.2145],"sphereRadius":59.5317,"stabilizedPalmPosition":[-122.825,113.202,98.1882],"t":[24.4014,-77.5407,29.6197],"timeVisible":16.1213,"type":"left","wrist":[-165.786,67.4364,94.003]},{"armBasis":[[0.944053,0.125512,-0.304975],[0.121004,0.728428,0.674352],[0.306792,-0.673528,0.672487]],"armWidth":51.379,"confidence":1,"direction":[0.0903094,0.240306,-0.966487],"elbow":[196.317,33.617,281.124],"grabAngle":0.189232,"grabStrength":0,"id":23,"palmNormal":[-0.184279,-0.949663,-0.253342],"palmPosition":[121.614,204.359,67.251],"palmVelocity":[6.20193,1.94932,3.8102],"palmWidth":76.6238,"pinchDistance":46.8347,"pinchStrength":0,"r":[[-0.272082,0.960049,-0.0653963],[-0.961688,-0.273659,-0.0163245],[-0.0335685,0.0584492,0.997726]],"s":1.02073,"sphereCenter":[106.227,80.4438,26.8661],"sphereRadius":133.349,"stabilizedPalmPosition":[121.345,204.44,67.2821],"t":[-4.5083,69.3878,-16.7039],"timeVisible":2.60147,"type":"right","wrist":[126.546,186.792,128.185]}],"id":14201,"interactionBox":{"center":[0,200,0],"size":[235.247,235.247,147.751]},"pointables":[{"bases":[[[-0.464145,0.751184,-0.469352],[-0.668449,0.0506108,0.742034],[-0.581158,-0.65815,-0.478637]],[[-0.138462,0.971773,-0.191011],[-0.508186,0.0958269,0.8559],[-0.850044,-0.215578,-0.480573]],[[-0.138462,0.971773,-0.191011],[-0.365277,0.129161,0.921895],[-0.920544,-0.197419,-0.337082]],[[-0.138462,0.971773,-0.191011],[-0.213914,0.158971,0.963831],[-0.96699,-0.174313,-0.185864]]],"btipPosition":[-71.2863,91.0814,147.75],"carpPosition":[-152.01,73.0145,114.351],"dipPosition":[-90.1323,87.6841,144.128],"direction":[0.920544,0.197419,0.337082],"extended":true,"handId":22,"id":220,"length":43.4,"mcpPosition":[-152.01,73.0145,114.351],"pipPosition":[-116.27,82.0787,134.557],"stabilizedTipPosition":[-76.8622,92.8625,146.562],"timeVisible":16.1213,"tipPosition":[-76.7962,92.0388,147.728],"tipVelocity":[-13.4863,-3.46352,4.09298],"tool":false,"touchDistance":1,"touchZone":"none","type":0,"width":16.0082},{"bases":[[[0.212624,0.0954624,-0.97246],[-0.607242,0.792614,-0.0549628],[-0.765538,-0.602205,-0.226497]],[[0.185551,0.0742108,-0.979828],[-0.573244,0.818059,-0.0465974],[-0.798099,-0.570327,-0.194333]],[[0.185551,0.0742108,-0.979828],[-0.263385,0.964413,0.0231656],[-0.946678,-0.253774,-0.198494]],[[0.185551,0.0742108,-0.979828],[0.0125449,0.996884,0.0778782],[-0.982554,0.0267423,-0.184042]]],"btipPosition":[-47.8329,153.209,134.192],"carpPosition":[-156.849,90.7682,106.593],"dipPosition":[-61.8128,153.59,131.573],"direction":[0.946678,0.253774,0.198494],"extended":true,"handId":22,"id":221,"length":48.9721,"mcpPosition":[-109.421,128.077,120.625],"pipPosition":[-80.8675,148.482,127.578],"stabilizedTipPosition":[-51.868,152.961,132.921],"timeVisible":16.1213,"tipPosition":[-52.0908,153.831,132.061],"tipVelocity":[-14.2662,4.2736,3.11071],"tool":false,"touchDistance":1,"touchZone":"none","type":1,"width":15.291},{"bases":[[[0.207626,-0.123305,-0.970406],[-0.579213,0.783928,-0.223537],[-0.788292,-0.608484,-0.0913438]],[[0.241635,-0.0967859,-0.965528],[-0.400106,0.896557,-0.190003],[-0.884041,-0.432225,-0.177915]],[[0.241635,-0.0967859,-0.965528],[0.181335,0.981989,-0.0530548],[-0.953273,0.162264,-0.254833]],[[0.241635,-0.0967859,-0.965528],[0.564789,0.823135,0.0588328],[-0.789066,0.559536,-0.253562]]],"btipPosition":[-38.438,133.683,119.158],"carpPosition":[-155.159,93.1825,96.6469],"dipPosition":[-50.7861,142.439,115.19],"direction":[0.953273,-0.162264,0.254833],"extended":true,"handId":22,"id":222,"length":55.7998,"mcpPosition":[-108.845,128.932,102.014],"pipPosition":[-73.3601,146.282,109.155],"stabilizedTipPosition":[-42.7012,136.216,118.631],"timeVisible":16.1213,"tipPosition":[-42.0974,135.73,117.505],"tipVelocity":[-12.8461,-3.75365,2.26064],"tool":false,"touchDistance":0.804081,"touchZone":"none","type":2,"width":15.0178},{"bases":[[[0.132428,-0.270247,-0.95364],[-0.587733,0.753319,-0.295095],[-0.798143,-0.599564,0.0590727]],[[0.185285,-0.229719,-0.955457],[-0.323169,0.903967,-0.28001],[-0.928026,-0.360656,-0.0932538]],[[0.185285,-0.229719,-0.955457],[0.28174,0.943893,-0.172303],[-0.941431,0.237265,-0.239611]],[[0.185285,-0.229719,-0.955457],[0.634284,0.770588,-0.0622692],[-0.750569,0.594493,-0.288486]]],"btipPosition":[-42.8892,123.25,96.9161],"carpPosition":[-152.916,92.9269,86.5463],"dipPosition":[-54.5674,132.499,92.4275],"direction":[0.941431,-0.237265,0.239611],"extended":true,"handId":22,"id":223,"length":53.653,"mcpPosition":[-110.814,124.554,83.4302],"pipPosition":[-76.2852,137.973,86.8999],"stabilizedTipPosition":[-47.3273,126.093,96.7232],"timeVisible":16.1213,"tipPosition":[-46.2824,124.378,95.8647],"tipVelocity":[-11.8626,-2.80998,1.64991],"tool":false,"touchDistance":0.431395,"touchZone":"none","type":3,"width":14.2904},{"bases":[[[0.134439,-0.458554,-0.878439],[-0.62817,0.646165,-0.433442],[-0.766373,-0.610081,0.20118]],[[0.134522,-0.458488,-0.87846],[-0.252543,0.841381,-0.477808],[-0.958189,-0.286125,0.00260394]],[[0.134522,-0.458488,-0.87846],[0.341678,0.853611,-0.393196],[-0.93014,0.247257,-0.271485]],[[0.134522,-0.458488,-0.87846],[0.652487,0.708183,-0.269699],[-0.745765,0.536903,-0.394423]]],"btipPosition":[-57.3199,113.362,77.2255],"carpPosition":[-148.811,86.8807,77.0424],"dipPosition":[-68.0246,121.069,71.564],"direction":[0.93014,-0.247257,0.271485],"extended":false,"handId":22,"id":224,"length":42.0629,"mcpPosition":[-111.389,116.671,67.2188],"pipPosition":[-83.1744,125.096,67.1421],"stabilizedTipPosition":[-61.1742,116.999,77.1169],"timeVisible":16.1213,"tipPosition":[-60.1882,114.846,76.4835],"tipVelocity":[-9.86392,-0.744303,1.11156],"tool":false,"touchDistance":0.333333,"touchZone":"none","type":4,"width":12.6938},{"bases":[[[0.576279,0.815421,0.0546946],[-0.740497,0.492669,0.457101],[0.345783,-0.303919,0.887732]],[[0.509424,0.855101,-0.0963782],[-0.768146,0.502363,0.396968],[0.387865,-0.128193,0.912758]],[[0.509424,0.855101,-0.0963782],[-0.854067,0.488739,-0.178058],[-0.105154,0.17302,0.979289]],[[0.509424,0.855101,-0.0963782],[-0.712146,0.356066,-0.605033],[-0.483047,0.376854,0.790346]]],"btipPosition":[95.1146,184.221,30.2982],"carpPosition":[99.0228,191.089,111.884],"dipPosition":[85.7003,191.566,45.7016],"direction":[0.105154,-0.17302,-0.979289],"extended":false,"handId":23,"id":230,"length":43.4,"mcpPosition":[99.0228,191.089,111.884],"pipPosition":[82.7147,196.478,73.5067],"stabilizedTipPosition":[92.7907,185.648,33.9359],"timeVisible":2.60147,"tipPosition":[94.0175,186.941,33.8777],"tipVelocity":[29.0044,54.0715,-15.6478],"tool":false,"touchDistance":0.322435,"touchZone":"hovering","type":0,"width":16.0082},{"bases":[[[0.979985,-0.157781,-0.121384],[0.17107,0.979303,0.108172],[0.101804,-0.126772,0.986694]],[[0.962801,-0.189468,0.192657],[0.200776,0.978787,-0.0407926],[-0.180841,0.0779561,0.980418]],[[0.962801,-0.189468,0.192657],[0.215426,0.968615,-0.124006],[-0.163115,0.160896,0.973399]],[[0.962801,-0.189468,0.192657],[0.215426,0.968615,-0.124006],[-0.163115,0.160896,0.973399]]],"btipPosition":[115.286,207.069,-22.0344],"carpPosition":[109.519,207.532,107.614],"dipPosition":[112.965,209.358,-8.18481],"direction":[0.163115,-0.160896,-0.973399],"extended":true,"handId":23,"id":231,"length":48.9721,"mcpPosition":[103.212,215.386,46.4842],"pipPosition":[109.682,212.597,11.4077],"stabilizedTipPosition":[114.346,207.7,-18.9153],"timeVisible":2.60147,"tipPosition":[114.527,205.509,-17.5932],"tipVelocity":[43.952,-30.4724,26.8917],"tool":false,"touchDistance":0.304526,"touchZone":"hovering","type":1,"width":15.291},{"bases":[[[0.941111,-0.338078,-0.00361215],[0.336479,0.935509,0.10773],[-0.033042,-0.102601,0.994174]],[[0.936724,-0.344241,0.0636131],[0.345243,0.938499,-0.00514092],[-0.0579311,0.0267776,0.997961]],[[0.936724,-0.344241,0.0636131],[0.347673,0.936048,-0.0541909],[-0.0408902,0.0728785,0.996502]],[[0.936724,-0.344241,0.0636131],[0.347673,0.936048,-0.0541909],[-0.0408902,0.0728785,0.996502]]],"btipPosition":[125.645,209.466,-31.6249],"carpPosition":[119.771,207.38,106.034],"dipPosition":[125.005,210.607,-16.0306],"direction":[0.0408902,-0.0728785,-0.996502],"extended":true,"handId":23,"id":232,"length":55.7998,"mcpPosition":[121.712,213.408,47.6243],"pipPosition":[124.037,212.333,7.56709],"stabilizedTipPosition":[125.396,209.545,-28.1507],"timeVisible":2.60147,"tipPosition":[125.733,208.448,-26.6001],"tipVelocity":[6.06739,21.2509,17.6684],"tool":false,"touchDistance":0.313979,"touchZone":"hovering","type":2,"width":15.0178},{"bases":[[[0.89793,-0.419046,0.134617],[0.401632,0.905216,0.138834],[-0.180036,-0.0705965,0.981124]],[[0.913709,-0.406324,0.00601936],[0.405217,0.912135,0.0617164],[-0.0305673,-0.0539517,0.998076]],[[0.913709,-0.406324,0.00601936],[0.406019,0.913438,0.0279227],[-0.016844,-0.0230693,0.999592]],[[0.913709,-0.406324,0.00601936],[0.406272,0.913715,0.00824297],[-0.0088493,-0.00508618,0.999948]]],"btipPosition":[140.901,211.021,-22.114],"carpPosition":[129.741,204.678,105.394],"dipPosition":[140.764,210.942,-6.55565],"direction":[0.016844,0.0230693,-0.999592],"extended":true,"handId":23,"id":233,"length":53.653,"mcpPosition":[139.238,208.402,53.6393],"pipPosition":[140.375,210.409,16.5039],"stabilizedTipPosition":[140.829,210.722,-18.6443],"timeVisible":2.60147,"tipPosition":[139.295,210.055,-17.4502],"tipVelocity":[-3.59037,48.8016,18.5579],"tool":false,"touchDistance":0.320979,"touchZone":"hovering","type":3,"width":14.2904},{"bases":[[[0.792271,-0.568169,0.222465],[0.51891,0.819203,0.244213],[-0.320998,-0.0780434,0.943859]],[[0.85105,-0.521918,-0.0575807],[0.523506,0.834878,0.170058],[-0.0406831,-0.174871,0.98375]],[[0.85105,-0.521918,-0.0575807],[0.524953,0.84816,0.0710588],[0.0117508,-0.0907018,0.995809]],[[0.85105,-0.521918,-0.0575807],[0.523697,0.851649,0.020865],[0.0381488,-0.047912,0.998123]]],"btipPosition":[154.334,207.339,0.517478],"carpPosition":[138.201,196.214,106.12],"dipPosition":[154.882,206.652,14.8445],"direction":[-0.0117508,0.0907018,-0.995809],"extended":true,"handId":23,"id":234,"length":42.0629,"mcpPosition":[153.875,200.025,60.0309],"pipPosition":[155.073,205.174,31.0639],"stabilizedTipPosition":[154.436,207.211,3.72321],"timeVisible":2.60147,"tipPosition":[153.929,206.297,4.91783],"tipVelocity":[-0.674265,-6.54618,13.6248],"tool":false,"touchDistance":0.333048,"touchZone":"hovering","type":4,"width":12.6938}],"r":[[0.221142,0.964266,-0.145904],[-0.873991,0.129573,-0.468348],[-0.432707,0.23109,0.871414]],"s":1.50938,"t":[7.77163,-59.6124,321.08],"timestamp":17190637397},{"currentFrameRate":113.901,"devices":[],"gestures":[],"hands":[{"armBasis":[[-0.213066,-0.453693,-0.865313],[-0.818502,0.566512,-0.0954884],[-0.533533,-0.687915,0.492053]],"armWidth":51.3821,"confidence":1,"direction":[0.693656,0.71859,0.0496883],"elbow":[-287.132,-88.9858,205.889],"grabAngle":1.17137,"grabStrength":0,"id":22,"palmNormal":[0.713592,-0.69495,0.0884883],"palmPosition":[-120.676,111.078,98.7834],"palmVelocity":[-1.65694,-6.05034,2.32826],"palmWidth":76.6023,"pinchDistance":63.7051,"pinchStrength":0,"r":[[0.919877,-0.270538,-0.283965],[0.367343,0.847978,0.38209],[0.137426,-0.455789,0.879415]],"s":1.30845,"sphereCenter":[-67.7689,84.654,97.2953],"sphereRadius":59.4672,"stabilizedPalmPosition":[-122.818,113.195,98.1902],"t":[24.3693,-77.5659,29.6271],"timeVisible":16.1302,"type":"left","wrist":[-165.822,67.4257,94.0104]},{"armBasis":[[0.944341,0.120407,-0.306142],[0.12421,0.731221,0.670737],[0.304619,-0.67143,0.675566]],"armWidth":51.3821,"confidence":1,"direction":[0.0907635,0.243393,-0.965672],"elbow":[195.775,33.9195,281.773],"grabAngle":0.196524,"grabStrength":0,"id":23,"palmNormal":[-0.186586,-0.948346,-0.256563],"palmPosition":[121.626,204.306,67.2756],"palmVelocity":[1.36193,-5.97339,2.7729],"palmWidth":76.6023,"pinchDistance":45.3615,"pinchStrength":0,"r":[[-0.272178,0.960142,-0.0636088],[-0.961614,-0.273801,-0.0182052],[-0.0348958,0.0562121,0.997809]],"s":1.01798,"sphereCenter":[104.169,78.3366,26.5455],"sphereRadius":135.516,"stabilizedPalmPosition":[121.402,204.412,67.2807],"t":[-4.46439,69.3588,-16.6884],"timeVisible":2.61033,"type":"right","wrist":[126.514,186.583,128.169]}],"id":14202,"interactionBox":{"center":[0,200,0],"size":[235.247,235.247,147.751]},"pointables":[{"bases":[[[-0.463419,0.751371,-0.46977],[-0.668802,0.0512139,0.741674],[-0.581331,-0.65789,-0.478785]],[[-0.137648,0.971845,-0.191231],[-0.509202,0.0961689,0.855257],[-0.849568,-0.2151,-0.481628]],[[-0.137648,0.971845,-0.191231],[-0.366148,0.129466,0.921506],[-0.92032,-0.196863,-0.338019]],[[-0.137648,0.971845,-0.191231],[-0.215107,0.15913,0.963539],[-0.966841,-0.173764,-0.187147]]],"btipPosition":[-71.4011,91.0041,147.84],"carpPosition":[-152.05,72.9934,114.361],"dipPosition":[-90.2286,87.6203,144.196],"direction":[0.92032,0.196863,0.338019],"extended":true,"handId":22,"id":220,"length":43.364,"mcpPosition":[-152.05,72.9934,114.361],"pipPosition":[-116.338,82.0354,134.606],"stabilizedTipPosition":[-76.8551,92.8459,146.564],"timeVisible":16.1302,"tipPosition":[-76.8437,91.9607,147.773],"tipVelocity":[-12.4804,-8.36813,9.58389],"tool":false,"touchDistance":1,"touchZone":"none","type":0,"width":16.0113},{"bases":[[[0.213191,0.0950975,-0.972371],[-0.606705,0.79299,-0.0554651],[-0.765806,-0.601767,-0.226754]],[[0.186054,0.0738184,-0.979763],[-0.573433,0.817888,-0.047271],[-0.797846,-0.570623,-0.194501]],[[0.186054,0.0738184,-0.979763],[-0.26453,0.964117,0.0224061],[-0.94626,-0.255008,-0.198905]],[[0.186054,0.0738184,-0.979763],[0.00940045,0.996994,0.0769018],[-0.982495,0.0235181,-0.184801]]],"btipPosition":[-47.9202,153.21,134.223],"carpPosition":[-156.87,90.7462,106.598],"dipPosition":[-61.8876,153.544,131.596],"direction":[0.94626,0.255008,0.198905],"extended":true,"handId":22,"id":221,"length":48.9314,"mcpPosition":[-109.439,128.018,120.643],"pipPosition":[-80.918,148.416,127.596],"stabilizedTipPosition":[-51.8584,152.965,132.93],"timeVisible":16.1302,"tipPosition":[-52.0882,153.738,132.118],"tipVelocity":[-9.521,-1.10778,3.3069],"tool":false,"touchDistance":1,"touchZone":"none","type":1,"width":15.294},{"bases":[[[0.208052,-0.123666,-0.970269],[-0.578594,0.784247,-0.224022],[-0.788634,-0.608,-0.0916114]],[[0.242089,-0.0971572,-0.965377],[-0.399683,0.896647,-0.190469],[-0.884108,-0.431955,-0.178236]],[[0.242089,-0.0971572,-0.965377],[0.182149,0.981834,-0.0531358],[-0.953003,0.162979,-0.255388]],[[0.242089,-0.0971572,-0.965377],[0.565554,0.822595,0.0590372],[-0.788379,0.560265,-0.254089]]],"btipPosition":[-38.5186,133.575,119.199],"carpPosition":[-155.174,93.1565,96.6546],"dipPosition":[-50.8458,142.336,115.226],"direction":[0.953003,-0.162979,0.255388],"extended":true,"handId":22,"id":222,"length":55.7534,"mcpPosition":[-108.852,128.868,102.035],"pipPosition":[-73.3946,146.192,109.184],"stabilizedTipPosition":[-42.6876,136.209,118.627],"timeVisible":16.1302,"tipPosition":[-42.1026,135.63,117.564],"tipVelocity":[-8.55319,-12.0303,4.59603],"tool":false,"touchDistance":0.80476,"touchZone":"none","type":2,"width":15.0207},{"bases":[[[0.132751,-0.270556,-0.953508],[-0.587096,0.753626,-0.295577],[-0.798558,-0.599039,0.0587978]],[[0.185543,-0.230135,-0.955307],[-0.322659,0.904014,-0.280446],[-0.928151,-0.360274,-0.0934787]],[[0.185543,-0.230135,-0.955307],[0.282808,0.94356,-0.172377],[-0.94106,0.238185,-0.240155]],[[0.185543,-0.230135,-0.955307],[0.635269,0.769793,-0.0620597],[-0.749671,0.595363,-0.289028]]],"btipPosition":[-42.9639,123.135,96.9603],"carpPosition":[-152.927,92.8969,86.5571],"dipPosition":[-54.6184,132.391,92.4671],"direction":[0.94106,-0.238185,0.240155],"extended":true,"handId":22,"id":223,"length":53.6084,"mcpPosition":[-110.815,124.487,83.4564],"pipPosition":[-76.3096,137.881,86.9315],"stabilizedTipPosition":[-47.315,126.087,96.7174],"timeVisible":16.1302,"tipPosition":[-46.2843,124.28,95.9209],"tipVelocity":[-7.8072,-12.7634,4.87163],"tool":false,"touchDistance":0.432115,"touchZone":"none","type":3,"width":14.2932},{"bases":[[[0.134602,-0.458846,-0.878261],[-0.62753,0.646466,-0.433921],[-0.766869,-0.609542,0.200924]],[[0.134528,-0.458906,-0.878241],[-0.25209,0.841288,-0.478211],[-0.958307,-0.285729,0.00250913]],[[0.134528,-0.458906,-0.878241],[0.342725,0.853146,-0.393295],[-0.929754,0.248086,-0.27205]],[[0.134528,-0.458906,-0.878241],[0.653435,0.707373,-0.26953],[-0.744933,0.537614,-0.395026]]],"btipPosition":[-57.3764,113.261,77.2692],"carpPosition":[-148.821,86.8471,77.0586],"dipPosition":[-68.0603,120.972,71.6037],"direction":[0.929754,-0.248086,0.27205],"extended":false,"handId":22,"id":224,"length":42.028,"mcpPosition":[-111.386,116.603,67.2502],"pipPosition":[-83.1912,125.009,67.1764],"stabilizedTipPosition":[-61.1662,116.987,77.11],"timeVisible":16.1302,"tipPosition":[-60.1877,114.75,76.5328],"tipVelocity":[-5.83406,-11.2801,4.83056],"tool":false,"touchDistance":0.333333,"touchZone":"none","type":4,"width":12.6963},{"bases":[[[0.578238,0.813846,0.0574055],[-0.739257,0.492875,0.458882],[0.345165,-0.307781,0.886641]],[[0.512329,0.853872,-0.091765],[-0.766988,0.503012,0.398382],[0.386326,-0.13372,0.912618]],[[0.512329,0.853872,-0.091765],[-0.852135,0.492173,-0.177853],[-0.1067,0.169316,0.979769]],[[0.512329,0.853872,-0.091765],[-0.709394,0.360558,-0.605605],[-0.484023,0.375367,0.790457]]],"btipPosition":[95.2267,184.448,30.3048],"carpPosition":[99.0139,190.94,111.856],"dipPosition":[85.8012,191.758,45.6975],"direction":[0.1067,-0.169316,-0.979769],"extended":false,"handId":23,"id":230,"length":43.364,"mcpPosition":[99.0139,190.94,111.856],"pipPosition":[82.7742,196.561,73.4931],"stabilizedTipPosition":[92.963,185.957,33.8776],"timeVisible":2.61033,"tipPosition":[93.973,187.057,33.8465],"tipVelocity":[12.357,24.7148,0.46494],"tool":false,"touchDistance":0.322503,"touchZone":"hovering","type":0,"width":16.0113},{"bases":[[[0.979589,-0.159713,-0.122054],[0.17343,0.978514,0.111498],[0.101624,-0.13039,0.986241]],[[0.961215,-0.192832,0.197184],[0.20529,0.977683,-0.0446247],[-0.184178,0.0833739,0.97935]],[[0.961215,-0.192832,0.197184],[0.221783,0.965422,-0.137015],[-0.163945,0.175433,0.970745]],[[0.961215,-0.192832,0.197184],[0.221783,0.965422,-0.137015],[-0.163945,0.175433,0.970745]]],"btipPosition":[115.464,206.443,-21.7786],"carpPosition":[109.546,207.369,107.638],"dipPosition":[113.133,208.937,-7.97823],"direction":[0.163945,-0.175433,-0.970745],"extended":true,"handId":23,"id":231,"length":48.9314,"mcpPosition":[103.252,215.445,46.5538],"pipPosition":[109.836,212.465,11.5447],"stabilizedTipPosition":[114.605,207.395,-18.7767],"timeVisible":2.61033,"tipPosition":[114.554,205.833,-17.6206],"tipVelocity":[19.8177,-65.3504,27.589],"tool":false,"touchDistance":0.308601,"touchZone":"hovering","type":1,"width":15.294},{"bases":[[[0.940298,-0.340318,-0.00489424],[0.338733,0.934326,0.110883],[-0.0331628,-0.105921,0.993821]],[[0.935927,-0.346681,0.0620761],[0.347707,0.937583,-0.00622473],[-0.0560435,0.0274102,0.998052]],[[0.935927,-0.346681,0.0620761],[0.350136,0.934917,-0.0577394],[-0.0380189,0.0757749,0.9964]],[[0.935927,-0.346681,0.0620761],[0.350136,0.934917,-0.0577394],[-0.0380189,0.0757749,0.9964]]],"btipPosition":[125.485,209.342,-31.4986],"carpPosition":[119.795,207.198,106.057],"dipPosition":[124.89,210.527,-15.9188],"direction":[0.0380189,-0.0757749,-0.9964],"extended":true,"handId":23,"id":232,"length":55.7534,"mcpPosition":[121.743,213.419,47.6844],"pipPosition":[123.991,212.32,7.65684],"stabilizedTipPosition":[125.378,209.572,-28.0595],"timeVisible":2.61033,"tipPosition":[125.733,208.73,-26.5983],"tipVelocity":[-16.9371,-12.8563,13.8783],"tool":false,"touchDistance":0.316029,"touchZone":"hovering","type":2,"width":15.0207},{"bases":[[[0.89694,-0.421654,0.133063],[0.403818,0.903771,0.141875],[-0.180081,-0.0735199,0.9809]],[[0.912949,-0.408073,0.000987731],[0.407276,0.911311,0.0603204],[-0.0255153,-0.0546671,0.998179]],[[0.912949,-0.408073,0.000987731],[0.407871,0.912567,0.0293716],[-0.0128871,-0.0264119,0.999568]],[[0.912949,-0.408073,0.000987731],[0.408012,0.912848,0.0153409],[-0.00716188,-0.0136025,0.999882]]],"btipPosition":[140.611,211.205,-22.0141],"carpPosition":[129.757,204.475,105.406],"dipPosition":[140.499,210.994,-6.46968],"direction":[0.0128871,0.0264119,-0.999568],"extended":true,"handId":23,"id":233,"length":53.6084,"mcpPosition":[139.254,208.353,53.6785],"pipPosition":[140.202,210.385,16.5701],"stabilizedTipPosition":[140.709,210.935,-18.5437],"timeVisible":2.61033,"tipPosition":[139.336,210.268,-17.4288],"tipVelocity":[-32.1164,17.3611,10.9131],"tool":false,"touchDistance":0.322591,"touchZone":"hovering","type":3,"width":14.2932},{"bases":[[[0.790935,-0.570823,0.220414],[0.520902,0.817117,0.246943],[-0.321065,-0.0805016,0.94363]],[[0.849735,-0.523919,-0.0588206],[0.525798,0.834003,0.167257],[-0.0385725,-0.173052,0.984157]],[[0.849735,-0.523919,-0.0588206],[0.526965,0.847439,0.0644499],[0.0160803,-0.0857617,0.996186]],[[0.849735,-0.523919,-0.0588206],[0.52549,0.85068,0.0142632],[0.0425647,-0.0430295,0.998167]]],"btipPosition":[154.131,207.025,0.555324],"carpPosition":[138.195,195.991,106.103],"dipPosition":[154.742,206.408,14.8711],"direction":[-0.0160803,0.0857617,-0.996186],"extended":true,"handId":23,"id":234,"length":42.028,"mcpPosition":[153.868,199.921,60.038],"pipPosition":[155.003,205.012,31.0831],"stabilizedTipPosition":[154.359,207.057,3.78174],"timeVisible":2.61033,"tipPosition":[153.947,206.394,4.91439],"tipVelocity":[-21.2717,-33.6602,3.978],"tool":false,"touchDistance":0.333606,"touchZone":"hovering","type":4,"width":12.6963}],"r":[[0.221431,0.964211,-0.145825],[-0.873771,0.129776,-0.468704],[-0.433005,0.231203,0.871236]],"s":1.50993,"t":[7.71525,-59.6776,321.107],"timestamp":17190646259},{"currentFrameRate":114.064,"devices":[],"gestures":[],"hands":[{"armBasis":[[-0.21309,-0.453534,-0.86539],[-0.817645,0.567636,-0.096153],[-0.534835,-0.687093,0.491788]],"armWidth":51.3908,"confidence":1,"direction":[0.693891,0.718327,0.0502153],"elbow":[-287.398,-88.7631,205.771],"grabAngle":1.17001,"grabStrength":0,"id":22,"palmNormal":[0.713253,-0.695219,0.0891088],"palmPosition":[-120.674,111.035,98.7894],"palmVelocity":[0.274295,-5.06667,0.707281],"palmWidth":76.5812,"pinchDistance":63.7161,"pinchStrength":0,"r":[[0.919863,-0.270786,-0.283771],[0.367481,0.847914,0.382099],[0.137146,-0.45576,0.879474]],"s":1.30875,"sphereCenter":[-67.8136,84.641,97.3374],"sphereRadius":59.4311,"stabilizedPalmPosition":[-122.811,113.188,98.1922],"t":[24.3544,-77.5999,29.6338],"timeVisible":16.1387,"type":"left","wrist":[-165.826,67.4176,93.9845]},{"armBasis":[[0.944448,0.115879,-0.307555],[0.12691,0.734621,0.666503],[0.30317,-0.668509,0.679105]],"armWidth":51.3908,"confidence":1,"direction":[0.0902919,0.243803,-0.965612],"elbow":[195.404,34.5152,282.567],"grabAngle":0.202598,"grabStrength":0,"id":23,"palmNormal":[-0.188237,-0.947919,-0.256938],"palmPosition":[121.59,204.188,67.3139],"palmVelocity":[-4.24433,-13.9347,4.52235],"palmWidth":76.5812,"pinchDistance":43.94,"pinchStrength":0,"r":[[-0.271978,0.960303,-0.062023],[-0.961639,-0.27362,-0.0195739],[-0.0357676,0.05432,0.997883]],"s":1.01446,"sphereCenter":[102.676,77.2345,26.6403],"sphereRadius":136.533,"stabilizedPalmPosition":[121.437,204.37,67.2869],"t":[-4.46044,69.2853,-16.6615],"timeVisible":2.61882,"type":"right","wrist":[126.491,186.472,128.202]}],"id":14203,"interactionBox":{"center":[0,200,0],"size":[235.247,235.247,147.751]},"pointables":[{"bases":[[[-0.462747,0.751523,-0.47019],[-0.669388,0.0515115,0.741125],[-0.581193,-0.657692,-0.479224]],[[-0.137058,0.971907,-0.191344],[-0.510448,0.0962469,0.854505],[-0.848916,-0.214788,-0.482916]],[[-0.137058,0.971907,-0.191344],[-0.367308,0.129531,0.921036],[-0.919945,-0.196518,-0.339236]],[[-0.137058,0.971907,-0.191344],[-0.21659,0.159089,0.963213],[-0.966594,-0.17346,-0.188701]]],"btipPosition":[-71.5098,90.9454,147.92],"carpPosition":[-152.067,72.974,114.339],"dipPosition":[-90.3159,87.5706,144.248],"direction":[0.919945,0.196518,0.339236],"extended":true,"handId":22,"id":220,"length":43.3257,"mcpPosition":[-152.067,72.974,114.339],"pipPosition":[-116.391,82.0004,134.633],"stabilizedTipPosition":[-76.8493,92.8307,146.567],"timeVisible":16.1387,"tipPosition":[-76.8841,91.896,147.812],"tipVelocity":[-12.229,-6.66981,8.64934],"tool":false,"touchDistance":1,"touchZone":"none","type":0,"width":16.0174},{"bases":[[[0.214021,0.0949622,-0.972202],[-0.606355,0.79322,-0.0560037],[-0.765852,-0.601485,-0.227347]],[[0.186673,0.0735293,-0.979667],[-0.573735,0.817636,-0.0479555],[-0.797485,-0.571021,-0.194817]],[[0.186673,0.0735293,-0.979667],[-0.266135,0.963693,0.0216191],[-0.945688,-0.256688,-0.199464]],[[0.186673,0.0735293,-0.979667],[0.00457043,0.997119,0.0757101],[-0.982412,0.0186105,-0.185799]]],"btipPosition":[-48.0122,153.255,134.256],"carpPosition":[-156.872,90.723,106.574],"dipPosition":[-61.9661,153.519,131.617],"direction":[0.945688,0.256688,0.199464],"extended":true,"handId":22,"id":221,"length":48.8882,"mcpPosition":[-109.451,127.967,120.651],"pipPosition":[-80.9683,148.361,127.609],"stabilizedTipPosition":[-51.8508,152.97,132.939],"timeVisible":16.1387,"tipPosition":[-52.0893,153.668,132.19],"tipVelocity":[-10.4772,3.35454,3.54318],"tool":false,"touchDistance":1,"touchZone":"none","type":1,"width":15.2998},{"bases":[[[0.208796,-0.123799,-0.970092],[-0.578109,0.784457,-0.224538],[-0.788793,-0.607702,-0.092222]],[[0.242781,-0.0973486,-0.965184],[-0.399376,0.896692,-0.190899],[-0.884057,-0.431818,-0.178822]],[[0.242781,-0.0973486,-0.965184],[0.182524,0.981766,-0.0531091],[-0.952755,0.163276,-0.256123]],[[0.242781,-0.0973486,-0.965184],[0.565739,0.822445,0.0593536],[-0.788033,0.560452,-0.254748]]],"btipPosition":[-38.5908,133.503,119.249],"carpPosition":[-155.167,93.1315,96.634],"dipPosition":[-50.9017,142.259,115.269],"direction":[0.952755,-0.163276,0.256123],"extended":true,"handId":22,"id":222,"length":55.7042,"mcpPosition":[-108.849,128.816,102.049],"pipPosition":[-73.4247,146.119,109.215],"stabilizedTipPosition":[-42.676,136.203,118.625],"timeVisible":16.1387,"tipPosition":[-42.1032,135.558,117.636],"tipVelocity":[-8.06454,-8.60899,5.68068],"tool":false,"touchDistance":0.805564,"touchZone":"none","type":2,"width":15.0265},{"bases":[[[0.133425,-0.270659,-0.953384],[-0.586565,0.753835,-0.296098],[-0.798836,-0.598729,0.0581786]],[[0.186119,-0.230349,-0.955144],[-0.322303,0.904024,-0.280824],[-0.92816,-0.360113,-0.0940141]],[[0.186119,-0.230349,-0.955144],[0.283372,0.943405,-0.1723],[-0.940776,0.238593,-0.24086]],[[0.186119,-0.230349,-0.955144],[0.635666,0.769493,-0.0617101],[-0.749191,0.595667,-0.289642]]],"btipPosition":[-43.0202,123.065,97.0117],"carpPosition":[-152.913,92.8705,86.5412],"dipPosition":[-54.657,132.317,92.5128],"direction":[0.940776,-0.238593,0.24086],"extended":true,"handId":22,"id":223,"length":53.5611,"mcpPosition":[-110.797,124.436,83.474],"pipPosition":[-76.3225,137.812,86.966],"stabilizedTipPosition":[-47.3044,126.081,96.7125],"timeVisible":16.1387,"tipPosition":[-46.2721,124.212,95.9869],"tipVelocity":[-6.15416,-8.37491,5.90184],"tool":false,"touchDistance":0.43295,"touchZone":"none","type":3,"width":14.2986},{"bases":[[[0.135143,-0.458946,-0.878126],[-0.626927,0.646683,-0.434468],[-0.767267,-0.609236,0.200331]],[[0.134984,-0.459073,-0.878084],[-0.251825,0.841202,-0.478502],[-0.958313,-0.285713,0.00205724]],[[0.134984,-0.459073,-0.878084],[0.343204,0.852998,-0.393198],[-0.929511,0.248286,-0.272696]],[[0.134984,-0.459073,-0.878084],[0.653866,0.707111,-0.26917],[-0.744472,0.537816,-0.395621]]],"btipPosition":[-57.4069,113.208,77.3148],"carpPosition":[-148.803,86.8204,77.0491],"dipPosition":[-68.0747,120.914,71.6458],"direction":[0.929511,-0.248286,0.272696],"extended":false,"handId":22,"id":224,"length":41.9909,"mcpPosition":[-111.358,116.553,67.2723],"pipPosition":[-83.1883,124.951,67.2119],"stabilizedTipPosition":[-61.1595,116.977,77.1043],"timeVisible":16.1387,"tipPosition":[-60.1648,114.683,76.586],"tipVelocity":[-3.15554,-6.40889,5.27842],"tool":false,"touchDistance":0.333333,"touchZone":"none","type":4,"width":12.7012},{"bases":[[[0.579514,0.812941,0.0573633],[-0.738115,0.493728,0.459803],[0.345471,-0.308803,0.886166]],[[0.514262,0.85287,-0.0902606],[-0.766095,0.504131,0.398685],[0.38553,-0.13588,0.912635]],[[0.514262,0.85287,-0.0902606],[-0.850868,0.494179,-0.178354],[-0.107508,0.16852,0.979818]],[[0.514262,0.85287,-0.0902606],[-0.707903,0.362709,-0.606065],[-0.484157,0.375572,0.790277]]],"btipPosition":[95.2681,184.461,30.3929],"carpPosition":[99.0028,190.835,111.894],"dipPosition":[85.8484,191.768,45.7686],"direction":[0.107508,-0.16852,-0.979818],"extended":false,"handId":23,"id":230,"length":43.3257,"mcpPosition":[99.0028,190.835,111.894],"pipPosition":[82.8011,196.545,73.5411],"stabilizedTipPosition":[93.0317,186.049,33.9032],"timeVisible":2.61882,"tipPosition":[93.8741,186.991,33.8995],"tipVelocity":[5.0374,1.43506,9.92661],"tool":false,"touchDistance":0.323907,"touchZone":"hovering","type":0,"width":16.0174},{"bases":[[[0.979241,-0.161119,-0.122995],[0.175001,0.978189,0.1119],[0.102283,-0.131102,0.986078]],[[0.959908,-0.19479,0.201577],[0.208573,0.976761,-0.0493507],[-0.18728,0.0894158,0.978229]],[[0.959908,-0.19479,0.201577],[0.226849,0.962246,-0.150408],[-0.164669,0.190106,0.967855]],[[0.959908,-0.19479,0.201577],[0.226849,0.962246,-0.150408],[-0.164669,0.190106,0.967855]]],"btipPosition":[115.557,205.65,-21.5127],"carpPosition":[109.554,207.246,107.678],"dipPosition":[113.218,208.35,-7.76552],"direction":[0.164669,-0.190106,-0.967855],"extended":true,"handId":23,"id":231,"length":48.8882,"mcpPosition":[103.22,215.363,46.6203],"pipPosition":[109.909,212.17,11.6821],"stabilizedTipPosition":[114.794,206.881,-18.5818],"timeVisible":2.61882,"tipPosition":[114.473,205.797,-17.6117],"tipVelocity":[10.711,-87.8587,29.8908],"tool":false,"touchDistance":0.312829,"touchZone":"hovering","type":1,"width":15.2998},{"bases":[[[0.939779,-0.341731,-0.00590378],[0.340237,0.933751,0.111117],[-0.0324596,-0.106435,0.99379]],[[0.935452,-0.34813,0.0611203],[0.349281,0.936976,-0.00893244],[-0.0541586,0.029704,0.99809]],[[0.935452,-0.34813,0.0611203],[0.351678,0.934044,-0.0623189],[-0.035394,0.079791,0.996183]],[[0.935452,-0.34813,0.0611203],[0.351678,0.934044,-0.0623189],[-0.035394,0.079791,0.996183]]],"btipPosition":[125.264,208.986,-31.3728],"carpPosition":[119.798,207.06,106.089],"dipPosition":[124.711,210.233,-15.8101],"direction":[0.035394,-0.079791,-0.996183],"extended":true,"handId":23,"id":232,"length":55.7042,"mcpPosition":[121.704,213.309,47.7333],"pipPosition":[123.874,212.119,7.73955],"stabilizedTipPosition":[125.289,209.463,-27.9621],"timeVisible":2.61882,"tipPosition":[125.612,208.671,-26.5852],"tipVelocity":[-24.94,-40.2631,14.3554],"tool":false,"touchDistance":0.318059,"touchZone":"hovering","type":2,"width":15.0265},{"bases":[[[0.896419,-0.42308,0.132045],[0.405302,0.903081,0.142035],[-0.17934,-0.0738045,0.981015]],[[0.912541,-0.408969,-0.00367645],[0.408495,0.910969,0.0571671],[-0.0200305,-0.0536691,0.998358]],[[0.912541,-0.408969,-0.00367645],[0.408898,0.91212,0.0289788],[-0.00849809,-0.0279477,0.999573]],[[0.912541,-0.408969,-0.00367645],[0.408963,0.912357,0.0188052],[-0.00433653,-0.0186641,0.999816]]],"btipPosition":[140.214,211.141,-21.9239],"carpPosition":[129.752,204.323,105.427],"dipPosition":[140.147,210.851,-6.39421],"direction":[0.00849809,0.0279477,-0.999573],"extended":true,"handId":23,"id":233,"length":53.5611,"mcpPosition":[139.207,208.214,53.7077],"pipPosition":[139.951,210.208,16.6254],"stabilizedTipPosition":[140.477,210.998,-18.4564],"timeVisible":2.61882,"tipPosition":[139.254,210.188,-17.4205],"tipVelocity":[-45.5361,-9.64824,10.2286],"tool":false,"touchDistance":0.324038,"touchZone":"hovering","type":3,"width":14.2986},{"bases":[[[0.790265,-0.572139,0.219404],[0.522347,0.816191,0.246952],[-0.320367,-0.0805527,0.943862]],[[0.848853,-0.525283,-0.0593822],[0.527385,0.833794,0.163257],[-0.0362437,-0.169899,0.984795]],[[0.848853,-0.525283,-0.0593822],[0.528225,0.847225,0.0564547],[0.0206554,-0.0792889,0.996638]],[[0.848853,-0.525283,-0.0593822],[0.526505,0.850151,0.00599098],[0.0473369,-0.0363505,0.998217]]],"btipPosition":[153.862,206.563,0.590915],"carpPosition":[138.176,195.828,106.111],"dipPosition":[154.54,206.042,14.8948],"direction":[-0.0206554,0.0792889,-0.996638],"extended":true,"handId":23,"id":234,"length":41.9909,"mcpPosition":[153.81,199.759,60.0479],"pipPosition":[154.876,204.753,31.0999],"stabilizedTipPosition":[154.202,206.776,3.82716],"timeVisible":2.61882,"tipPosition":[153.864,206.267,4.90208],"tipVelocity":[-29.9117,-51.7559,3.87103],"tool":false,"touchDistance":0.334071,"touchZone":"hovering","type":4,"width":12.7012}],"r":[[0.221808,0.964117,-0.145878],[-0.873574,0.130014,-0.469003],[-0.433207,0.231464,0.871066]],"s":1.51007,"t":[7.64772,-59.7462,321.151],"timestamp":17190654746},{"currentFrameRate":114.079,"devices":[],"gestures":[],"hands":[{"armBasis":[[-0.212494,-0.453795,-0.8654],[-0.816921,0.56845,-0.0974913],[-0.536178,-0.686247,0.491507]],"armWidth":51.4031,"confidence":1,"direction":[0.693781,0.718369,0.0511246],"elbow":[-287.628,-88.5856,205.605],"grabAngle":1.16823,"grabStrength":0,"id":22,"palmNormal":[0.713147,-0.695168,0.0903522],"palmPosition":[-120.649,110.961,98.7726],"palmVelocity":[2.92914,-8.39395,-1.91894],"palmWidth":76.5602,"pinchDistance":63.7295,"pinchStrength":0,"r":[[0.919942,-0.270989,-0.283323],[0.367466,0.847883,0.382183],[0.136657,-0.455697,0.879582]],"s":1.30912,"sphereCenter":[-67.8297,84.6335,97.4055],"sphereRadius":59.3866,"stabilizedPalmPosition":[-122.803,113.18,98.1943],"t":[24.3598,-77.6537,29.6288],"timeVisible":16.1474,"type":"left","wrist":[-165.785,67.3599,93.9131]},{"armBasis":[[0.944287,0.110666,-0.309959],[0.130408,0.738885,0.661092],[0.302184,-0.664682,0.683288]],"armWidth":51.4031,"confidence":1,"direction":[0.0906066,0.244834,-0.965322],"elbow":[195.142,35.3447,283.516],"grabAngle":0.20992,"grabStrength":0,"id":23,"palmNormal":[-0.190737,-0.947099,-0.258115],"palmPosition":[121.596,204.132,67.3621],"palmVelocity":[0.688363,-6.44131,5.51465],"palmWidth":76.5602,"pinchDistance":42.4908,"pinchStrength":0,"r":[[-0.271333,0.960583,-0.0604856],[-0.961798,-0.272978,-0.0206782],[-0.0363744,0.0525643,0.997955]],"s":1.01028,"sphereCenter":[101.069,76.1404,26.6472],"sphereRadius":137.661,"stabilizedPalmPosition":[121.463,204.332,67.2992],"t":[-4.45546,69.2203,-16.6239],"timeVisible":2.62756,"type":"right","wrist":[126.473,186.39,128.243]}],"id":14204,"interactionBox":{"center":[0,200,0],"size":[235.247,235.247,147.751]},"pointables":[{"bases":[[[-0.462059,0.751401,-0.47106],[-0.670526,0.0516406,0.740087],[-0.580428,-0.657822,-0.479973]],[[-0.136801,0.971862,-0.191756],[-0.512202,0.096294,0.85345],[-0.8479,-0.214971,-0.484617]],[[-0.136801,0.971862,-0.191756],[-0.369055,0.129638,0.920322],[-0.919285,-0.196669,-0.340936]],[[-0.136801,0.971862,-0.191756],[-0.218836,0.159144,0.962696],[-0.966124,-0.173661,-0.190907]]],"btipPosition":[-71.6183,90.8898,148.004],"carpPosition":[-152.054,72.9131,114.278],"dipPosition":[-90.3984,87.5141,144.293],"direction":[0.919285,0.196669,0.340936],"extended":true,"handId":22,"id":220,"length":43.2868,"mcpPosition":[-152.054,72.9131,114.278],"pipPosition":[-116.432,81.9446,134.638],"stabilizedTipPosition":[-76.8443,92.8159,146.57],"timeVisible":16.1474,"tipPosition":[-76.929,91.8285,147.864],"tipVelocity":[-11.729,-6.38824,8.55995],"tool":false,"touchDistance":1,"touchZone":"none","type":0,"width":16.0251},{"bases":[[[0.215508,0.0947626,-0.971893],[-0.606304,0.79318,-0.0571043],[-0.765475,-0.601569,-0.228391]],[[0.187879,0.0730983,-0.979468],[-0.574599,0.816952,-0.0492487],[-0.796578,-0.572054,-0.195491]],[[0.187879,0.0730983,-0.979468],[-0.268662,0.96302,0.0203366],[-0.944734,-0.259325,-0.20057]],[[0.187879,0.0730983,-0.979468],[-0.00189722,0.997252,0.0740615],[-0.98219,0.0120564,-0.187502]]],"btipPosition":[-48.1338,153.342,134.305],"carpPosition":[-156.848,90.6552,106.504],"dipPosition":[-62.072,153.513,131.644],"direction":[0.944734,0.259325,0.20057],"extended":true,"handId":22,"id":221,"length":48.8443,"mcpPosition":[-109.463,127.894,120.642],"pipPosition":[-81.038,148.307,127.617],"stabilizedTipPosition":[-51.8447,152.975,132.948],"timeVisible":16.1474,"tipPosition":[-52.1088,153.602,132.285],"tipVelocity":[-13.5016,7.53462,5.02643],"tool":false,"touchDistance":1,"touchZone":"none","type":1,"width":15.3072},{"bases":[[[0.210289,-0.123999,-0.969744],[-0.5778,0.784382,-0.225593],[-0.788623,-0.607757,-0.0933006]],[[0.244179,-0.0976138,-0.964805],[-0.399391,0.896497,-0.191783],[-0.883665,-0.432164,-0.179919]],[[0.244179,-0.0976138,-0.964805],[0.182236,0.981814,-0.0532133],[-0.952453,0.162829,-0.257527]],[[0.244179,-0.0976138,-0.964805],[0.565261,0.82274,0.0598193],[-0.787944,0.559973,-0.256073]]],"btipPosition":[-38.6616,133.454,119.328],"carpPosition":[-155.128,93.061,96.5688],"dipPosition":[-50.96,142.194,115.331],"direction":[0.952453,-0.162829,0.257527],"extended":true,"handId":22,"id":222,"length":55.6542,"mcpPosition":[-108.833,128.739,102.046],"pipPosition":[-73.4557,146.04,109.249],"stabilizedTipPosition":[-42.6664,136.197,118.623],"timeVisible":16.1474,"tipPosition":[-42.1049,135.492,117.738],"tipVelocity":[-7.77281,-6.05034,8.58281],"tool":false,"touchDistance":0.806814,"touchZone":"none","type":2,"width":15.0337},{"bases":[[[0.134899,-0.270858,-0.95312],[-0.586144,0.753745,-0.297159],[-0.798897,-0.598752,0.0570825]],[[0.187481,-0.230634,-0.954808],[-0.322114,0.903857,-0.281576],[-0.927951,-0.360347,-0.0951653]],[[0.187481,-0.230634,-0.954808],[0.283589,0.943361,-0.172185],[-0.940441,0.238491,-0.242267]],[[0.187481,-0.230634,-0.954808],[0.635735,0.76949,-0.0610412],[-0.748793,0.595561,-0.290887]]],"btipPosition":[-43.057,122.999,97.0937],"carpPosition":[-152.859,92.7981,86.4823],"dipPosition":[-54.6771,132.241,92.5795],"direction":[0.940441,-0.238491,0.242267],"extended":true,"handId":22,"id":223,"length":53.513,"mcpPosition":[-110.752,124.356,83.4737],"pipPosition":[-76.3155,137.728,87.0053],"stabilizedTipPosition":[-47.2954,126.076,96.7088],"timeVisible":16.1474,"tipPosition":[-46.2407,124.146,96.0813],"tipVelocity":[-3.77093,-7.81304,8.97629],"tool":false,"touchDistance":0.434257,"touchZone":"none","type":3,"width":14.3055},{"bases":[[[0.13651,-0.459129,-0.877819],[-0.62629,0.646561,-0.435568],[-0.767546,-0.609228,0.199286]],[[0.13629,-0.459304,-0.877761],[-0.251566,0.84094,-0.479097],[-0.958196,-0.286111,0.000933838]],[[0.13629,-0.459304,-0.877761],[0.343522,0.852966,-0.392991],[-0.929203,0.247969,-0.274031]],[[0.13629,-0.459304,-0.877761],[0.654142,0.70713,-0.26845],[-0.743991,0.537594,-0.396825]]],"btipPosition":[-57.3996,113.15,77.3828],"carpPosition":[-148.735,86.7477,77.0004],"dipPosition":[-68.0509,120.846,71.7016],"direction":[0.929203,-0.247969,0.274031],"extended":false,"handId":22,"id":224,"length":41.9532,"mcpPosition":[-111.287,116.472,67.2774],"pipPosition":[-83.146,124.874,67.2499],"stabilizedTipPosition":[-61.1536,116.968,77.0997],"timeVisible":16.1474,"tipPosition":[-60.1045,114.609,76.6592],"tipVelocity":[1.26848,-6.92832,7.45318],"tool":false,"touchDistance":0.333333,"touchZone":"none","type":4,"width":12.7073},{"bases":[[[0.581604,0.811385,0.0582386],[-0.736707,0.495008,0.460684],[0.344964,-0.310841,0.885651]],[[0.517131,0.851386,-0.087846],[-0.764939,0.505774,0.398825],[0.383984,-0.1