{"frames":74,"data":[{"currentFrameRate":112.549,"devices":[],"gestures":[],"hands":[{"armBasis":[[-0.211676,-0.403945,-0.889956],[-0.800767,0.593739,-0.0790318],[-0.560326,-0.695919,0.449146]],"armWidth":50.4679,"confidence":1,"direction":[0.657276,0.748836,0.0850421],"elbow":[-288.077,-88.5691,192.646],"grabAngle":1.12208,"grabStrength":0,"id":22,"palmNormal":[0.745563,-0.662557,0.0717925],"palmPosition":[-121.327,110.026,99.8467],"palmVelocity":[-2.70181,-3.64934,3.16838],"palmWidth":74.8,"pinchDistance":62.6001,"pinchStrength":0,"r":[[0.935346,-0.216292,-0.279903],[0.321484,0.849875,0.417565],[0.147567,-0.480552,0.864461]],"s":1.32297,"sphereCenter":[-71.1184,90.757,102.109],"sphereRadius":55.4177,"stabilizedPalmPosition":[-124.208,114.467,97.3704],"t":[23.6758,-78.6159,30.6708],"timeVisible":14.2484,"type":"left","wrist":[-163.701,65.9039,92.9488]},{"armBasis":[[0.901859,0.175832,-0.394631],[0.148761,0.731191,0.665755],[0.405612,-0.659123,0.633274]],"armWidth":50.4679,"confidence":1,"direction":[0.0370741,0.333667,-0.941962],"elbow":[196.493,49.4166,280.367],"grabAngle":0.189505,"grabStrength":0,"id":23,"palmNormal":[-0.175775,-0.925736,-0.334838],"palmPosition":[97.8688,217.65,82.2083],"palmVelocity":[11.301,-7.90744,-0.771199],"palmWidth":74.8,"pinchDistance":48.4436,"pinchStrength":0,"r":[[0.60237,0.53965,-0.588156],[-0.7631,0.605478,-0.225999],[0.234155,0.584957,0.776529]],"s":0.986803,"sphereCenter":[61.5138,24.0793,17.8586],"sphereRadius":209.036,"stabilizedPalmPosition":[97.4256,218.092,82.2834],"t":[-28.2758,82.7459,-1.73366],"timeVisible":0.728606,"type":"right","wrist":[106.46,195.722,139.799]}],"id":13990,"interactionBox":{"center":[0,200,0],"size":[235.247,235.247,147.751]},"pointables":[{"bases":[[[-0.49429,0.745256,-0.447516],[-0.678551,-0.00899088,0.734499],[-0.543366,-0.666717,-0.510138]],[[-0.203362,0.96314,-0.176082],[-0.515426,0.0475939,0.855611],[-0.832454,-0.264756,-0.486749]],[[-0.203362,0.96314,-0.176082],[-0.418298,0.0771365,0.905029],[-0.885252,-0.257703,-0.387193]],[[-0.203362,0.96314,-0.176082],[-0.343322,0.0982751,0.934062],[-0.916937,-0.250406,-0.310682]]],"btipPosition":[-74.5641,93.5165,149.724],"carpPosition":[-150.274,70.8677,113.278],"dipPosition":[-91.829,88.8017,143.874],"direction":[0.885252,0.257703,0.387193],"extended":true,"handId":22,"id":220,"length":41.929,"mcpPosition":[-150.274,70.8677,113.278],"pipPosition":[-116.112,81.7327,133.253],"stabilizedTipPosition":[-76.9948,95.4645,145.359],"timeVisible":14.2484,"tipPosition":[-76.5115,91.9698,149.435],"tipVelocity":[-3.46144,-7.73665,1.85215],"tool":false,"touchDistance":1,"touchZone":"none","type":0,"width":15.7711},{"bases":[[[0.218901,0.141718,-0.965401],[-0.643941,0.764328,-0.0338102],[-0.733091,-0.629062,-0.25857]],[[0.18747,0.114789,-0.97554],[-0.68057,0.731317,-0.0447336],[-0.708294,-0.672309,-0.215221]],[[0.18747,0.114789,-0.97554],[-0.439529,0.897978,0.0211977],[-0.878447,-0.424804,-0.218797]],[[0.18747,0.114789,-0.97554],[-0.139737,0.986164,0.0891854],[-0.97228,-0.119599,-0.200916]]],"btipPosition":[-56.4794,159.403,136.377],"carpPosition":[-155.745,88.2153,106.283],"dipPosition":[-69.8442,157.759,133.615],"direction":[0.878447,0.424804,0.218797],"extended":true,"handId":22,"id":221,"length":47.3122,"mcpPosition":[-111.408,126.26,121.922],"pipPosition":[-86.9262,149.498,129.361],"stabilizedTipPosition":[-58.1584,158.911,135.341],"timeVisible":14.2484,"tipPosition":[-53.9758,155.467,136.469],"tipVelocity":[1.64846,-11.9736,3.37607],"tool":false,"touchDistance":1,"touchZone":"none","type":1,"width":15.0645},{"bases":[[[0.224392,-0.0769636,-0.971455],[-0.613601,0.763287,-0.202205],[-0.757061,-0.641459,-0.124051]],[[0.250146,-0.0549859,-0.966645],[-0.463486,0.869758,-0.169415],[-0.850063,-0.490405,-0.192082]],[[0.250146,-0.0549859,-0.966645],[0.0546903,0.997594,-0.0425937],[-0.966662,0.0422115,-0.252552]],[[0.250146,-0.0549859,-0.966645],[0.442309,0.894607,0.0635717],[-0.861272,0.443458,-0.248103]]],"btipPosition":[-42.5777,139.146,120.786],"carpPosition":[-154.099,91.0086,96.6934],"dipPosition":[-55.599,145.85,117.035],"direction":[0.966662,-0.0422115,0.252552],"extended":true,"handId":22,"id":222,"length":53.9085,"mcpPosition":[-110.678,127.799,103.808],"pipPosition":[-77.7142,146.816,111.257],"stabilizedTipPosition":[-44.9461,140.168,119.798],"timeVisible":14.2484,"tipPosition":[-42.5888,136.912,120.923],"tipVelocity":[-0.93872,-9.07968,2.61476],"tool":false,"touchDistance":0.832049,"touchZone":"none","type":2,"width":14.7954},{"bases":[[[0.156152,-0.22784,-0.961096],[-0.619822,0.735001,-0.274945],[-0.76905,-0.638641,0.0264485]],[[0.200698,-0.19024,-0.961004],[-0.349824,0.902372,-0.251691],[-0.915065,-0.386696,-0.114554]],[[0.200698,-0.19024,-0.961004],[0.258882,0.956391,-0.135261],[-0.944828,0.22164,-0.241196]],[[0.200698,-0.19024,-0.961004],[0.617761,0.785917,-0.0265654],[-0.760324,0.588339,-0.275255]]],"btipPosition":[-46.8065,124.236,99.1326],"carpPosition":[-151.788,91.2326,86.8637],"dipPosition":[-58.2355,133.079,94.995],"direction":[0.944828,-0.22164,0.241196],"extended":true,"handId":22,"id":223,"length":51.8345,"mcpPosition":[-112.186,124.119,85.5017],"pipPosition":[-79.2929,138.019,89.6195],"stabilizedTipPosition":[-48.3073,126.953,96.9927],"timeVisible":14.2484,"tipPosition":[-46.437,124.962,98.8458],"tipVelocity":[-1.80115,-7.48164,2.4163],"tool":false,"touchDistance":0.469682,"touchZone":"none","type":3,"width":14.0787},{"bases":[[[0.166345,-0.418515,-0.892846],[-0.653481,0.631286,-0.41766],[-0.738438,-0.652934,0.168481]],[[0.168531,-0.416579,-0.893341],[-0.302355,0.840766,-0.449103],[-0.938178,-0.345794,-0.0157403]],[[0.168531,-0.416579,-0.893341],[0.275933,0.890008,-0.362969],[-0.946287,0.185331,-0.264942]],[[0.168531,-0.416579,-0.893341],[0.606834,0.758042,-0.239006],[-0.776756,0.50183,-0.380548]]],"btipPosition":[-59.8445,116.965,79.2949],"carpPosition":[-147.395,85.8795,77.432],"dipPosition":[-70.6161,123.924,74.0176],"direction":[0.946287,-0.185331,0.264942],"extended":false,"handId":22,"id":224,"length":40.6373,"mcpPosition":[-112.195,117.003,69.4009],"pipPosition":[-85.5065,126.84,69.8486],"stabilizedTipPosition":[-61.791,118.661,77.3613],"timeVisible":14.2484,"tipPosition":[-60.2209,116.354,79.0295],"tipVelocity":[-2.16179,-6.7971,2.22034],"tool":false,"touchDistance":0.333333,"touchZone":"none","type":4,"width":12.5058},{"bases":[[[0.560304,0.821491,0.10589],[-0.727561,0.427027,0.536939],[0.395872,-0.37789,0.836949]],[[0.50847,0.86107,0.00417697],[-0.700178,0.410629,0.584067],[0.501207,-0.299905,0.811695]],[[0.50847,0.86107,0.00417697],[-0.858164,0.506343,0.0846805],[0.0708008,-0.046642,0.996399]],[[0.50847,0.86107,0.00417697],[-0.824734,0.488396,-0.285102],[-0.247533,0.141521,0.958488]]],"btipPosition":[60.4416,210.946,46.6202],"carpPosition":[78.2915,200.023,125.31],"dipPosition":[55.7809,213.61,64.6675],"direction":[-0.0708008,0.046642,-0.996399],"extended":false,"handId":23,"id":230,"length":41.929,"mcpPosition":[78.2915,200.023,125.31],"pipPosition":[57.723,212.331,91.9995],"stabilizedTipPosition":[59.3437,211.575,50.7641],"timeVisible":0.728606,"tipPosition":[58.8624,210.712,47.9003],"tipVelocity":[13.8833,-8.36667,3.12584],"tool":false,"touchDistance":0.305128,"touchZone":"hovering","type":0,"width":15.7711},{"bases":[[[0.975991,-0.119438,-0.182141],[0.154751,0.96872,0.193992],[0.153274,-0.217521,0.963946]],[[0.973139,-0.18334,0.139239],[0.171868,0.980957,0.0904688],[-0.153174,-0.0641079,0.986118]],[[0.973139,-0.18334,0.139239],[0.175845,0.982306,0.0644515],[-0.148592,-0.0382358,0.988159]],[[0.973139,-0.18334,0.139239],[0.187344,0.982163,-0.016099],[-0.133804,0.0417521,0.990128]]],"btipPosition":[88.7186,232.201,-2.96746],"carpPosition":[87.9655,216.66,122.241],"dipPosition":[86.8794,232.775,10.6427],"direction":[0.148592,0.0382358,-0.988159],"extended":true,"handId":23,"id":231,"length":47.3122,"mcpPosition":[78.6956,229.816,63.9427],"pipPosition":[83.9899,232.032,29.8582],"stabilizedTipPosition":[88.2627,232.377,0.16462],"timeVisible":0.728606,"tipPosition":[87.1937,228.817,-3.64446],"tipVelocity":[11.7818,-15.6476,-1.0865],"tool":false,"touchDistance":0.284746,"touchZone":"hovering","type":1,"width":15.0645},{"bases":[[[0.946949,-0.311109,-0.0806184],[0.320853,0.929571,0.181522],[0.0184675,-0.197759,0.980077]],[[0.944215,-0.328959,0.0156228],[0.327078,0.942241,0.072123],[-0.0384459,-0.0629897,0.997273]],[[0.944215,-0.328959,0.0156228],[0.328424,0.944074,0.0293463],[-0.0244028,-0.0225783,0.999447]],[[0.944215,-0.328959,0.0156228],[0.328772,0.944315,0.0133589],[-0.0191473,-0.00747732,0.999789]]],"btipPosition":[99.1613,231.34,-12.6426],"carpPosition":[97.8818,216.925,120.222],"dipPosition":[98.8718,231.227,2.47287],"direction":[0.0244028,0.0225783,-0.999447],"extended":true,"handId":23,"id":232,"length":53.9085,"mcpPosition":[96.8226,228.267,64.0109],"pipPosition":[98.3135,230.71,25.3381],"stabilizedTipPosition":[98.9879,231.463,-9.15757],"timeVisible":0.728606,"tipPosition":[98.4248,229.998,-13.4093],"tipVelocity":[11.0022,-17.7843,-1.6424],"tool":false,"touchDistance":0.281257,"touchZone":"hovering","type":2,"width":14.7954},{"bases":[[[0.912445,-0.406004,0.0510337],[0.388114,0.898191,0.206448],[-0.129657,-0.168566,0.977126]],[[0.921343,-0.383551,-0.0633772],[0.388519,0.914108,0.116012],[0.013437,-0.13151,0.991224]],[[0.921343,-0.383551,-0.0633772],[0.387236,0.919854,0.0625845],[0.0342934,-0.0822037,0.996025]],[[0.921343,-0.383551,-0.0633772],[0.38683,0.920713,0.0514781],[0.0386077,-0.0719452,0.996661]]],"btipPosition":[112.473,230.941,-4.24128],"carpPosition":[107.624,214.62,118.886],"dipPosition":[113.053,229.859,10.7403],"direction":[-0.0342934,0.0822037,-0.996025],"extended":true,"handId":23,"id":233,"length":51.8345,"mcpPosition":[114.301,223.3,68.5692],"pipPosition":[113.818,228.027,32.9387],"stabilizedTipPosition":[112.419,230.919,-0.773314],"timeVisible":0.728606,"tipPosition":[113.464,230.719,-5.00568],"tipVelocity":[9.53148,-15.2959,-1.76378],"tool":false,"touchDistance":0.300616,"touchZone":"hovering","type":3,"width":14.0787},{"bases":[[[0.814552,-0.565573,0.128965],[0.512318,0.805663,0.297383],[-0.272094,-0.176163,0.946008]],[[0.858307,-0.492025,-0.145669],[0.512765,0.833196,0.207018],[0.0195124,-0.252379,0.967432]],[[0.858307,-0.492025,-0.145669],[0.508391,0.853903,0.111303],[0.0696232,-0.169589,0.983053]],[[0.858307,-0.492025,-0.145669],[0.506404,0.858032,0.0856517],[0.0828457,-0.147283,0.985619]]],"btipPosition":[126.254,226.839,16.6505],"carpPosition":[116.084,206.551,118.402],"dipPosition":[127.403,224.796,30.3185],"direction":[-0.0696232,0.169589,-0.983053],"extended":true,"handId":23,"id":234,"length":40.6373,"mcpPosition":[129.054,214.948,73.3084],"pipPosition":[128.499,222.128,45.7874],"stabilizedTipPosition":[126.384,226.524,19.8135],"timeVisible":0.728606,"tipPosition":[127.073,226.514,16.5338],"tipVelocity":[10.7161,-14.9249,-1.78025],"tool":false,"touchDistance":0.281834,"touchZone":"hovering","type":4,"width":12.5058}],"r":[[0.145062,0.986189,-0.0799251],[-0.885034,0.0932182,-0.456099],[-0.442349,0.136899,0.886333]],"s":1.42911,"t":[-1.02719,-38.7654,329.116],"timestamp":17188764534},{"currentFrameRate":112.821,"devices":[],"gestures":[],"hands":[{"armBasis":[[-0.211859,-0.404003,-0.889886],[-0.800638,0.593915,-0.0790221],[-0.560442,-0.695735,0.449286]],"armWidth":50.4642,"confidence":1,"direction":[0.65766,0.748514,0.0849138],"elbow":[-288.084,-88.5438,192.694],"grabAngle":1.12192,"grabStrength":0,"id":22,"palmNormal":[0.745238,-0.662924,0.0717729],"palmPosition":[-121.296,109.981,99.8601],"palmVelocity":[3.75383,-5.36914,1.59268],"palmWidth":74.7962,"pinchDistance":62.5902,"pinchStrength":0,"r":[[0.935187,-0.216402,-0.280348],[0.321818,0.849723,0.417617],[0.147845,-0.480771,0.864292]],"s":1.32287,"sphereCenter":[-71.0972,90.6659,102.134],"sphereRadius":55.4192,"stabilizedPalmPosition":[-124.202,114.459,97.3752],"t":[23.6968,-78.6518,30.691],"timeVisible":14.2568,"type":"left","wrist":[-163.689,65.8805,92.9707]},{"armBasis":[[0.90201,0.175646,-0.394369],[0.148589,0.73137,0.665597],[0.405339,-0.658974,0.633604]],"armWidth":50.4642,"confidence":1,"direction":[0.036784,0.33216,-0.942506],"elbow":[196.552,49.5085,280.467],"grabAngle":0.186829,"grabStrength":0,"id":23,"palmNormal":[-0.175625,-0.926316,-0.333308],"palmPosition":[97.9803,217.615,82.2169],"palmVelocity":[13.2975,-4.16592,1.01751],"palmWidth":74.7962,"pinchDistance":48.4553,"pinchStrength":0,"r":[[0.602251,0.539213,-0.588679],[-0.763198,0.60518,-0.226466],[0.234142,0.585668,0.775996]],"s":0.986862,"sphereCenter":[61.7977,23.8364,18.0135],"sphereRadius":209.19,"stabilizedPalmPosition":[97.5046,218.024,82.274],"t":[-28.171,82.6925,-1.73265],"timeVisible":0.736997,"type":"right","wrist":[106.584,195.773,139.833]}],"id":13991,"interactionBox":{"center":[0,200,0],"size":[235.247,235.247,147.751]},"pointables":[{"bases":[[[-0.493961,0.745467,-0.447529],[-0.678481,-0.00858974,0.734567],[-0.543751,-0.666488,-0.510028]],[[-0.202789,0.963268,-0.176042],[-0.515115,0.0479545,0.855779],[-0.832786,-0.264225,-0.486469]],[[-0.202789,0.963268,-0.176042],[-0.418077,0.0773983,0.905108],[-0.885487,-0.257146,-0.387025]],[[-0.202789,0.963268,-0.176042],[-0.34319,0.0984604,0.934091],[-0.917113,-0.24984,-0.310617]]],"btipPosition":[-74.534,93.4391,149.722],"carpPosition":[-150.26,70.8403,113.297],"dipPosition":[-91.7996,88.7356,143.874],"direction":[0.885487,0.257146,0.387025],"extended":true,"handId":22,"id":220,"length":41.9228,"mcpPosition":[-150.26,70.8403,113.297],"pipPosition":[-116.086,81.6829,133.259],"stabilizedTipPosition":[-77.0019,95.4499,145.373],"timeVisible":14.2568,"tipPosition":[-76.4865,91.907,149.444],"tipVelocity":[3.57547,-8.9207,-0.174615],"tool":false,"touchDistance":1,"touchZone":"none","type":0,"width":15.7697},{"bases":[[[0.218875,0.141528,-0.965434],[-0.643561,0.764648,-0.0338093],[-0.733432,-0.628716,-0.258444]],[[0.187601,0.11476,-0.975518],[-0.679908,0.731937,-0.0446473],[-0.708894,-0.671639,-0.215338]],[[0.187601,0.11476,-0.975518],[-0.438675,0.898393,0.0213257],[-0.878846,-0.423935,-0.218881]],[[0.187601,0.11476,-0.975518],[-0.138555,0.986313,0.0893843],[-0.972424,-0.118395,-0.200934]]],"btipPosition":[-56.4158,159.292,136.391],"carpPosition":[-155.722,88.1891,106.302],"dipPosition":[-69.7805,157.665,133.629],"direction":[0.878846,0.423935,0.218881],"extended":true,"handId":22,"id":221,"length":47.3052,"mcpPosition":[-111.367,126.211,121.931],"pipPosition":[-86.8678,149.423,129.373],"stabilizedTipPosition":[-58.1692,158.911,135.345],"timeVisible":14.2568,"tipPosition":[-53.931,155.399,136.47],"tipVelocity":[7.58208,-12.7186,1.62983],"tool":false,"touchDistance":1,"touchZone":"none","type":1,"width":15.0633},{"bases":[[[0.224256,-0.0771569,-0.971471],[-0.613239,0.763578,-0.202207],[-0.757395,-0.64109,-0.123921]],[[0.25007,-0.0551502,-0.966656],[-0.462674,0.870205,-0.169339],[-0.850528,-0.489593,-0.192096]],[[0.25007,-0.0551502,-0.966656],[0.055587,0.997548,-0.0425325],[-0.966631,0.0430973,-0.252523]],[[0.25007,-0.0551502,-0.966656],[0.44256,0.894491,0.0634556],[-0.861165,0.443672,-0.248093]]],"btipPosition":[-42.5319,139.038,120.793],"carpPosition":[-154.076,90.9807,96.7118],"dipPosition":[-55.5497,145.745,117.043],"direction":[0.966631,-0.0430973,0.252523],"extended":true,"handId":22,"id":222,"length":53.9005,"mcpPosition":[-110.638,127.748,103.819],"pipPosition":[-77.6608,146.731,111.267],"stabilizedTipPosition":[-44.9496,140.171,119.799],"timeVisible":14.2568,"tipPosition":[-42.547,136.835,120.925],"tipVelocity":[5.55301,-12.7659,0.94786],"tool":false,"touchDistance":0.832182,"touchZone":"none","type":2,"width":14.7941},{"bases":[[[0.155941,-0.227998,-0.961093],[-0.619481,0.735288,-0.274944],[-0.769367,-0.638254,0.0265789]],[[0.20053,-0.1904,-0.961008],[-0.349216,0.902605,-0.251699],[-0.915334,-0.386072,-0.114509]],[[0.20053,-0.1904,-0.961008],[0.259193,0.95629,-0.135381],[-0.944779,0.221938,-0.241115]],[[0.20053,-0.1904,-0.961008],[0.617705,0.785952,-0.0268231],[-0.760413,0.58824,-0.275218]]],"btipPosition":[-46.7697,124.157,99.1386],"carpPosition":[-151.765,91.2027,86.8823],"dipPosition":[-58.1984,132.997,95.0022],"direction":[0.944779,-0.221938,0.241115],"extended":true,"handId":22,"id":223,"length":51.8267,"mcpPosition":[-112.149,124.067,85.5137],"pipPosition":[-79.2515,137.943,89.6292],"stabilizedTipPosition":[-48.3125,126.95,96.9984],"timeVisible":14.2568,"tipPosition":[-46.3988,124.879,98.8503],"tipVelocity":[4.39644,-9.51002,0.747712],"tool":false,"touchDistance":0.469787,"touchZone":"none","type":3,"width":14.0775},{"bases":[[[0.166045,-0.418673,-0.892828],[-0.653207,0.631579,-0.417647],[-0.738749,-0.65255,0.168609]],[[0.168262,-0.416712,-0.89333],[-0.301768,0.840966,-0.449125],[-0.938416,-0.345149,-0.0157526]],[[0.168262,-0.416712,-0.89333],[0.276143,0.889891,-0.363095],[-0.946273,0.185592,-0.264807]],[[0.168262,-0.416712,-0.89333],[0.606735,0.758024,-0.239315],[-0.776891,0.501747,-0.380381]]],"btipPosition":[-59.8124,116.891,79.3028],"carpPosition":[-147.377,85.8469,77.4511],"dipPosition":[-70.5843,123.848,74.0286],"direction":[0.946273,-0.185592,0.264807],"extended":false,"handId":22,"id":224,"length":40.6312,"mcpPosition":[-112.164,116.951,69.4143],"pipPosition":[-85.4723,126.768,69.8624],"stabilizedTipPosition":[-61.793,118.66,77.3642],"timeVisible":14.2568,"tipPosition":[-60.1888,116.278,79.036],"tipVelocity":[3.81613,-8.85988,1.02341],"tool":false,"touchDistance":0.333333,"touchZone":"none","type":4,"width":12.5048},{"bases":[[[0.560127,0.821796,0.104444],[-0.727546,0.427714,0.536412],[0.39615,-0.376447,0.837468]],[[0.508503,0.861054,0.00312151],[-0.700123,0.411348,0.583628],[0.501251,-0.298962,0.812015]],[[0.508503,0.861054,0.00312151],[-0.858125,0.506467,0.0843365],[0.0710374,-0.045564,0.996432]],[[0.508503,0.861054,0.00312151],[-0.824828,0.488143,-0.285263],[-0.247151,0.142482,0.958444]]],"btipPosition":[60.5533,210.889,46.6545],"carpPosition":[78.4179,200.054,125.349],"dipPosition":[55.9004,213.572,64.6982],"direction":[-0.0710374,0.045564,-0.996432],"extended":false,"handId":23,"id":230,"length":41.9228,"mcpPosition":[78.4179,200.054,125.349],"pipPosition":[57.8487,212.322,92.0271],"stabilizedTipPosition":[59.4555,211.52,50.7965],"timeVisible":0.736997,"tipPosition":[58.9695,210.615,47.9371],"tipVelocity":[13.5187,-6.2136,3.98098],"tool":false,"touchDistance":0.305685,"touchZone":"hovering","type":0,"width":15.7697},{"bases":[[[0.97598,-0.119493,-0.182166],[0.154558,0.969069,0.192398],[0.153541,-0.215932,0.964261]],[[0.973192,-0.182901,0.139445],[0.171342,0.981007,0.0909192],[-0.153426,-0.0645889,0.986047]],[[0.973192,-0.182901,0.139445],[0.175151,0.982323,0.0660645],[-0.149063,-0.0398695,0.988024]],[[0.973192,-0.182901,0.139445],[0.186621,0.982333,-0.0139728],[-0.134426,0.0396217,0.990131]]],"btipPosition":[88.8491,232.209,-2.95826],"carpPosition":[88.0867,216.687,122.252],"dipPosition":[87.0016,232.753,10.6499],"direction":[0.149063,0.0398695,-0.988024],"extended":true,"handId":23,"id":231,"length":47.3052,"mcpPosition":[78.8011,229.746,63.9369],"pipPosition":[84.1034,231.978,29.8599],"stabilizedTipPosition":[88.3735,232.348,0.169419],"timeVisible":0.736997,"tipPosition":[87.2968,228.684,-3.60713],"tipVelocity":[15.3259,0.107567,1.04155],"tool":false,"touchDistance":0.284891,"touchZone":"hovering","type":1,"width":15.0633},{"bases":[[[0.947007,-0.311008,-0.0803281],[0.320668,0.92994,0.179954],[0.0187331,-0.196177,0.98039]],[[0.944304,-0.328692,0.0158726],[0.326784,0.94232,0.0724154],[-0.0387594,-0.0631953,0.997248]],[[0.944304,-0.328692,0.0158726],[0.328128,0.944147,0.0303265],[-0.0249541,-0.0234292,0.999414]],[[0.944304,-0.328692,0.0158726],[0.328486,0.944401,0.0142837],[-0.019685,-0.00827428,0.999772]]],"btipPosition":[99.2988,231.314,-12.6365],"carpPosition":[98.002,216.951,120.23],"dipPosition":[99.0013,231.189,2.47643],"direction":[0.0249541,0.0234292,-0.999414],"extended":true,"handId":23,"id":232,"length":53.9005,"mcpPosition":[96.9276,228.202,64.0035],"pipPosition":[98.4304,230.653,25.3375],"stabilizedTipPosition":[99.0816,231.394,-9.15872],"timeVisible":0.736997,"tipPosition":[98.5198,229.825,-13.3753],"tipVelocity":[16.1723,-3.43295,0.653894],"tool":false,"touchDistance":0.281349,"touchZone":"hovering","type":2,"width":14.7941},{"bases":[[[0.912555,-0.405699,0.0514842],[0.387941,0.898616,0.204916],[-0.129399,-0.167025,0.977425]],[[0.921427,-0.383379,-0.0631903],[0.388328,0.914158,0.116258],[0.013195,-0.131662,0.991207]],[[0.921427,-0.383379,-0.0631903],[0.387082,0.919852,0.0635508],[0.0337617,-0.0830173,0.995976]],[[0.921427,-0.383379,-0.0631903],[0.38668,0.920725,0.0523833],[0.0380982,-0.0727018,0.996626]]],"btipPosition":[112.608,230.921,-4.23167],"carpPosition":[107.744,214.646,118.895],"dipPosition":[113.181,229.829,10.7472],"direction":[-0.0337617,0.0830173,-0.995976],"extended":true,"handId":23,"id":233,"length":51.8267,"mcpPosition":[114.407,223.247,68.5657],"pipPosition":[113.933,227.979,32.9412],"stabilizedTipPosition":[112.499,230.858,-0.776594],"timeVisible":0.736997,"tipPosition":[113.545,230.548,-4.97926],"tipVelocity":[15.8532,-2.62008,1.06917],"tool":false,"touchDistance":0.300765,"touchZone":"hovering","type":3,"width":14.0775},{"bases":[[[0.814718,-0.565167,0.129694],[0.512188,0.806265,0.295972],[-0.271841,-0.174706,0.946351]],[[0.8584,-0.491993,-0.145234],[0.512622,0.83329,0.206991],[0.0191844,-0.252131,0.967503]],[[0.8584,-0.491993,-0.145234],[0.508304,0.853916,0.1116],[0.0691118,-0.16962,0.983083]],[[0.8584,-0.491993,-0.145234],[0.506341,0.858028,0.086062],[0.0822733,-0.147414,0.985647]]],"btipPosition":[126.389,226.791,16.6624],"carpPosition":[116.205,206.579,118.423],"dipPosition":[127.53,224.747,30.3288],"direction":[-0.0691118,0.16962,-0.983083],"extended":true,"handId":23,"id":234,"length":40.6312,"mcpPosition":[129.163,214.907,73.3148],"pipPosition":[128.617,222.078,45.7959],"stabilizedTipPosition":[126.473,226.456,19.8109],"timeVisible":0.736997,"tipPosition":[127.165,226.38,16.5415],"tipVelocity":[15.7922,-5.77029,1.38193],"tool":false,"touchDistance":0.282027,"touchZone":"hovering","type":4,"width":12.5048}],"r":[[0.145383,0.986136,-0.080001],[-0.88494,0.0934517,-0.456233],[-0.442431,0.137124,0.886257]],"s":1.42932,"t":[-0.952584,-38.8356,329.124],"timestamp":17188772925},{"currentFrameRate":112.943,"devices":[],"gestures":[],"hands":[{"armBasis":[[-0.206545,-0.409651,-0.888552],[-0.80254,0.590419,-0.0856506],[-0.559705,-0.695408,0.450709]],"armWidth":50.4612,"confidence":1,"direction":[0.662435,0.744889,0.079496],"elbow":[-288.195,-88.2525,193.347],"grabAngle":1.1256,"grabStrength":0,"id":22,"palmNormal":[0.740808,-0.667151,0.0781902],"palmPosition":[-121.359,110.027,99.9227],"palmVelocity":[-7.28327,5.34547,7.24379],"palmWidth":74.7923,"pinchDistance":62.585,"pinchStrength":0,"r":[[0.934845,-0.218176,-0.280115],[0.323092,0.849873,0.416325],[0.14723,-0.479702,0.864991]],"s":1.32175,"sphereCenter":[-70.8645,89.7707,101.769],"sphereRadius":55.8671,"stabilizedPalmPosition":[-124.197,114.45,97.38],"t":[23.6758,-78.6466,30.7325],"timeVisible":14.2655,"type":"left","wrist":[-163.97,66.0913,93.3131]},{"armBasis":[[0.902146,0.175409,-0.394164],[0.148282,0.731896,0.665087],[0.405149,-0.658453,0.634267]],"armWidth":50.4612,"confidence":1,"direction":[0.0370738,0.331158,-0.942847],"elbow":[196.593,49.6507,280.594],"grabAngle":0.184525,"grabStrength":0,"id":23,"palmNormal":[-0.175444,-0.926684,-0.33238],"palmPosition":[98.0856,217.573,82.1814],"palmVelocity":[12.1824,-4.86205,-4.10406],"palmWidth":74.7923,"pinchDistance":48.4689,"pinchStrength":0,"r":[[0.602187,0.538747,-0.589171],[-0.76327,0.604881,-0.22702],[0.234072,0.586405,0.775461]],"s":0.98702,"sphereCenter":[62.1103,23.6066,18.0083],"sphereRadius":209.352,"stabilizedPalmPosition":[97.5842,217.963,82.2613],"t":[-28.0659,82.6449,-1.74988],"timeVisible":0.74564,"type":"right","wrist":[106.671,195.792,139.82]}],"id":13992,"interactionBox":{"center":[0,200,0],"size":[235.247,235.247,147.751]},"pointables":[{"bases":[[[-0.488558,0.744925,-0.454311],[-0.679381,0.00194507,0.733783],[-0.547497,-0.667146,-0.505138]],[[-0.193836,0.964,-0.182021],[-0.517433,0.0571723,0.853811],[-0.833481,-0.259683,-0.487724]],[[-0.193836,0.964,-0.182021],[-0.416939,0.0869995,0.904761],[-0.888025,-0.251267,-0.385066]],[[-0.193836,0.964,-0.182021],[-0.337697,0.108636,0.934965],[-0.92108,-0.242698,-0.304482]]],"btipPosition":[-74.7013,93.3058,149.952],"carpPosition":[-150.592,71.1913,113.648],"dipPosition":[-92.039,88.7374,144.221],"direction":[0.888025,0.251267,0.385066],"extended":true,"handId":22,"id":220,"length":41.9165,"mcpPosition":[-150.592,71.1913,113.648],"pipPosition":[-116.391,81.847,133.661],"stabilizedTipPosition":[-77.0091,95.4362,145.387],"timeVisible":14.2655,"tipPosition":[-76.7622,92.0776,149.69],"tipVelocity":[-21.2844,-11.8215,29.7081],"tool":false,"touchDistance":1,"touchZone":"none","type":0,"width":15.7688},{"bases":[[[0.220923,0.132063,-0.966309],[-0.638512,0.768521,-0.0409488],[-0.737221,-0.626047,-0.254108]],[[0.18924,0.105208,-0.976278],[-0.667824,0.742677,-0.0494156],[-0.719861,-0.661334,-0.210804]],[[0.18924,0.105208,-0.976278],[-0.428137,0.903599,0.0143866],[-0.883678,-0.415258,-0.21604]],[[0.18924,0.105208,-0.976278],[-0.118137,0.989461,0.083729],[-0.974798,-0.0994897,-0.199674]]],"btipPosition":[-55.9019,158.666,136.097],"carpPosition":[-155.932,88.5158,106.503],"dipPosition":[-69.2973,157.299,133.353],"direction":[0.883678,0.415258,0.21604],"extended":true,"handId":22,"id":221,"length":47.2981,"mcpPosition":[-111.35,126.375,121.869],"pipPosition":[-86.476,149.226,129.154],"stabilizedTipPosition":[-58.1794,158.904,135.346],"timeVisible":14.2655,"tipPosition":[-53.9376,155.422,136.207],"tipVelocity":[58.6379,-65.5354,-33.4695],"tool":false,"touchDistance":1,"touchZone":"none","type":1,"width":15.0623},{"bases":[[[0.224883,-0.0866946,-0.970521],[-0.608001,0.765853,-0.209294],[-0.761421,-0.637145,-0.119517]],[[0.25087,-0.0647871,-0.96585],[-0.451196,0.874922,-0.175882],[-0.856438,-0.479911,-0.19026]],[[0.25087,-0.0647871,-0.96585],[0.0725954,0.996207,-0.0479674],[-0.965295,0.0580827,-0.254622]],[[0.25087,-0.0647871,-0.96585],[0.457932,0.886997,0.0594457],[-0.852855,0.457207,-0.252189]]],"btipPosition":[-42.4214,138.122,120.757],"carpPosition":[-154.257,91.2166,96.8924],"dipPosition":[-55.3116,145.032,116.946],"direction":[0.965295,-0.0580827,0.254622],"extended":true,"handId":22,"id":222,"length":53.8924,"mcpPosition":[-110.59,127.756,103.746],"pipPosition":[-77.3889,146.36,111.122],"stabilizedTipPosition":[-44.9546,140.165,119.8],"timeVisible":14.2655,"tipPosition":[-42.5712,136.661,120.823],"tipVelocity":[16.179,-100.635,-5.80556],"tool":false,"touchDistance":0.831345,"touchZone":"none","type":2,"width":14.7932},{"bases":[[[0.155572,-0.236996,-0.958974],[-0.614343,0.737001,-0.281802],[-0.77355,-0.632979,0.0309399]],[[0.20084,-0.199322,-0.959132],[-0.343169,0.902727,-0.259459],[-0.91755,-0.381254,-0.112902]],[[0.20084,-0.199322,-0.959132],[0.262038,0.954336,-0.143456],[-0.943928,0.222517,-0.243898]],[[0.20084,-0.199322,-0.959132],[0.616712,0.786441,-0.0342969],[-0.761137,0.58462,-0.280873]]],"btipPosition":[-46.6627,123.891,99.1838],"carpPosition":[-151.933,91.3417,87.0648],"dipPosition":[-58.1006,132.676,94.9631],"direction":[0.943928,-0.222517,0.243898],"extended":true,"handId":22,"id":223,"length":51.819,"mcpPosition":[-112.104,123.933,85.4717],"pipPosition":[-79.1316,137.634,89.5289],"stabilizedTipPosition":[-48.3181,126.944,97.0054],"timeVisible":14.2655,"tipPosition":[-46.3978,124.444,98.8733],"tipVelocity":[12.1346,-32.2511,2.98875],"tool":false,"touchDistance":0.470217,"touchZone":"none","type":3,"width":14.0767},{"bases":[[[0.164351,-0.427158,-0.889115],[-0.648579,0.63233,-0.423679],[-0.743192,-0.646293,0.173121]],[[0.167114,-0.42475,-0.889753],[-0.293814,0.839986,-0.456177],[-0.941141,-0.337656,-0.015576]],[[0.167114,-0.42475,-0.889753],[0.282226,0.885289,-0.369611],[-0.944681,0.189344,-0.26782]],[[0.167114,-0.42475,-0.889753],[0.609517,0.753839,-0.245388],[-0.774959,0.501312,-0.38487]]],"btipPosition":[-59.777,116.358,79.4244],"carpPosition":[-147.569,85.8794,77.6843],"dipPosition":[-70.5206,123.308,74.0888],"direction":[0.944681,-0.189344,0.26782],"extended":false,"handId":22,"id":224,"length":40.6251,"mcpPosition":[-112.146,116.684,69.4328],"pipPosition":[-85.3812,126.286,69.8758],"stabilizedTipPosition":[-61.7957,118.656,77.3692],"timeVisible":14.2655,"tipPosition":[-60.1946,115.759,79.1186],"tipVelocity":[4.8463,-61.8992,12.4377],"tool":false,"touchDistance":0.333333,"touchZone":"none","type":4,"width":12.504},{"bases":[[[0.560031,0.821949,0.103755],[-0.727756,0.428231,0.535714],[0.395898,-0.375525,0.838001]],[[0.508643,0.860973,0.00275063],[-0.70038,0.411906,0.582925],[0.500749,-0.298427,0.812522]],[[0.508643,0.860973,0.00275063],[-0.858061,0.506655,0.083858],[0.0708059,-0.045014,0.996474]],[[0.508643,0.860973,0.00275063],[-0.824731,0.488145,-0.285542],[-0.247186,0.14297,0.958362]]],"btipPosition":[60.6747,210.846,46.617],"carpPosition":[78.5111,200.057,125.323],"dipPosition":[56.0219,213.537,64.6565],"direction":[-0.0708058,0.045014,-0.996474],"extended":false,"handId":23,"id":230,"length":41.9165,"mcpPosition":[78.5111,200.057,125.323],"pipPosition":[57.9636,212.303,91.9825],"stabilizedTipPosition":[59.5761,211.476,50.7719],"timeVisible":0.74564,"tipPosition":[59.0881,210.535,47.9032],"tipVelocity":[14.0546,-4.76884,-4.44179],"tool":false,"touchDistance":0.305045,"touchZone":"hovering","type":0,"width":15.7688},{"bases":[[[0.97605,-0.119615,-0.181713],[0.154422,0.969285,0.191417],[0.153235,-0.214893,0.964541]],[[0.973145,-0.182693,0.140041],[0.170901,0.98097,0.092144],[-0.15421,-0.0657363,0.985849]],[[0.973145,-0.182693,0.140041],[0.174595,0.982277,0.068181],[-0.150015,-0.0418996,0.987795]],[[0.973145,-0.182693,0.140041],[0.18609,0.982466,-0.0114492],[-0.135494,0.0372019,0.99008]]],"btipPosition":[89.0194,232.257,-2.99014],"carpPosition":[88.1792,216.687,122.212],"dipPosition":[87.1575,232.769,10.6153],"direction":[0.150015,0.0418996,-0.987795],"extended":true,"handId":23,"id":231,"length":47.2981,"mcpPosition":[78.9126,229.683,63.8831],"pipPosition":[84.2412,231.954,29.818],"stabilizedTipPosition":[88.5175,232.366,0.149361],"timeVisible":0.74564,"tipPosition":[87.4433,228.594,-3.61393],"tipVelocity":[19.3129,4.71718,-3.76196],"tool":false,"touchDistance":0.284349,"touchZone":"hovering","type":1,"width":15.0623},{"bases":[[[0.947056,-0.311023,-0.0796807],[0.320538,0.930155,0.17907],[0.0184205,-0.19513,0.980604]],[[0.944324,-0.328602,0.0165233],[0.326617,0.942307,0.0733412],[-0.0396701,-0.0638611,0.99717]],[[0.944324,-0.328602,0.0165233],[0.327989,0.944152,0.0316106],[-0.0259878,-0.0244312,0.999364]],[[0.944324,-0.328602,0.0165233],[0.328367,0.944424,0.0154183],[-0.0206715,-0.00913413,0.999745]]],"btipPosition":[99.483,231.313,-12.6667],"carpPosition":[98.0947,216.95,120.193],"dipPosition":[99.1705,231.175,2.44363],"direction":[0.0259878,0.0244312,-0.999364],"extended":true,"handId":23,"id":232,"length":53.8924,"mcpPosition":[97.0383,228.14,63.9574],"pipPosition":[98.5762,230.616,25.3001],"stabilizedTipPosition":[99.2055,231.351,-9.17098],"timeVisible":0.74564,"tipPosition":[98.6633,229.696,-13.3832],"tipVelocity":[20.9092,-0.437094,-3.55757],"tool":false,"touchDistance":0.280836,"touchZone":"hovering","type":2,"width":14.7932},{"bases":[[[0.912568,-0.405576,0.052221],[0.387806,0.898863,0.204088],[-0.129713,-0.165993,0.977559]],[[0.921479,-0.383347,-0.0626125],[0.388231,0.914093,0.117091],[0.0123471,-0.132205,0.991145]],[[0.921479,-0.383347,-0.0626125],[0.387045,0.919779,0.0648254],[0.0327391,-0.0839692,0.99593]],[[0.921479,-0.383347,-0.0626125],[0.386649,0.920672,0.0535335],[0.0371237,-0.0735391,0.996601]]],"btipPosition":[112.785,230.918,-4.25251],"carpPosition":[107.837,214.644,118.864],"dipPosition":[113.343,229.813,10.7237],"direction":[-0.0327391,0.0839692,-0.99593],"extended":true,"handId":23,"id":233,"length":51.819,"mcpPosition":[114.516,223.191,68.5305],"pipPosition":[114.072,227.942,32.9134],"stabilizedTipPosition":[112.6,230.81,-0.784242],"timeVisible":0.74564,"tipPosition":[113.672,230.417,-4.98656],"tipVelocity":[20.0586,-0.730874,-2.48005],"tool":false,"touchDistance":0.300408,"touchZone":"hovering","type":3,"width":14.0767},{"bases":[[[0.814717,-0.564968,0.130568],[0.512029,0.806619,0.295284],[-0.272144,-0.173718,0.946446]],[[0.858489,-0.492033,-0.144568],[0.512503,0.833236,0.207505],[0.0183596,-0.252232,0.967493]],[[0.858489,-0.492033,-0.144568],[0.508268,0.853866,0.112142],[0.0682638,-0.169752,0.98312]],[[0.858489,-0.492033,-0.144568],[0.506353,0.857933,0.0869301],[0.0812569,-0.147831,0.985669]]],"btipPosition":[126.547,226.751,16.6486],"carpPosition":[116.298,206.578,118.403],"dipPosition":[127.674,224.701,30.3133],"direction":[-0.0682638,0.169752,-0.98312],"extended":true,"handId":23,"id":234,"length":40.6251,"mcpPosition":[129.27,214.858,73.2931],"pipPosition":[128.747,222.031,45.7786],"stabilizedTipPosition":[126.582,226.398,19.8045],"timeVisible":0.74564,"tipPosition":[127.289,226.27,16.5227],"tipVelocity":[17.9207,-4.78402,-1.64969],"tool":false,"touchDistance":0.28179,"touchZone":"hovering","type":4,"width":12.504}],"r":[[0.145424,0.986136,-0.0799283],[-0.884891,0.0935083,-0.456315],[-0.442514,0.137087,0.886221]],"s":1.42977,"t":[-0.841603,-38.9065,329.115],"timestamp":17188781568},{"currentFrameRate":112.979,"devices":[],"gestures":[],"hands":[{"armBasis":[[-0.204088,-0.415869,-0.886229],[-0.803721,0.58803,-0.0908499],[-0.55891,-0.693739,0.454252]],"armWidth":50.4563,"confidence":1,"direction":[0.666351,0.741858,0.0749853],"elbow":[-288.232,-87.6877,194.436],"grabAngle":1.12783,"grabStrength":0,"id":22,"palmNormal":[0.737159,-0.670557,0.0833619],"palmPosition":[-121.397,110.067,99.974],"palmVelocity":[-4.32088,4.54874,5.83379],"palmWidth":74.7877,"pinchDistance":62.5741,"pinchStrength":0,"r":[[0.93438,-0.220976,-0.27947],[0.324952,0.850209,0.414188],[0.146082,-0.477823,0.866225]],"s":1.32002,"sphereCenter":[-70.607,88.9622,101.314],"sphereRadius":56.3051,"stabilizedPalmPosition":[-124.192,114.443,97.3845],"t":[23.6463,-78.624,30.7788],"timeVisible":14.2743,"type":"left","wrist":[-164.19,66.2777,93.6212]},{"armBasis":[[0.902255,0.174263,-0.394421],[0.148838,0.732624,0.66416],[0.404701,-0.657947,0.635077]],"armWidth":50.4563,"confidence":1,"direction":[0.0373076,0.32996,-0.943257],"elbow":[196.611,49.8442,280.763],"grabAngle":0.182008,"grabStrength":0,"id":23,"palmNormal":[-0.176138,-0.926965,-0.331228],"palmPosition":[98.2236,217.581,82.1541],"palmVelocity":[15.6945,0.812392,-3.10987],"palmWidth":74.7877,"pinchDistance":48.4737,"pinchStrength":0,"r":[[0.602215,0.538138,-0.589699],[-0.763238,0.604699,-0.227612],[0.234104,0.587152,0.774886]],"s":0.987213,"sphereCenter":[62.2392,23.675,18.0904],"sphereRadius":209.298,"stabilizedPalmPosition":[97.6688,217.912,82.2471],"t":[-27.9444,82.6246,-1.77216],"timeVisible":0.754428,"type":"right","wrist":[106.793,195.866,139.816]}],"id":13993,"interactionBox":{"center":[0,200,0],"size":[235.247,235.247,147.751]},"pointables":[{"bases":[[[-0.48419,0.744415,-0.459789],[-0.679958,0.0105807,0.733174],[-0.550651,-0.667633,-0.501048]],[[-0.186368,0.964566,-0.186761],[-0.519732,0.0645248,0.851889],[-0.833754,-0.255831,-0.48929]],[[-0.186368,0.964566,-0.186761],[-0.415579,0.0948542,0.904598],[-0.890259,-0.246202,-0.383175]],[[-0.186368,0.964566,-0.186761],[-0.331989,0.117083,0.935989],[-0.924689,-0.236441,-0.298405]]],"btipPosition":[-74.8238,93.1824,150.136],"carpPosition":[-150.847,71.4847,113.938],"dipPosition":[-92.227,88.7324,144.52],"direction":[0.890259,0.246202,0.383175],"extended":true,"handId":22,"id":220,"length":41.9106,"mcpPosition":[-150.847,71.4847,113.938],"pipPosition":[-116.637,81.9818,134.014],"stabilizedTipPosition":[-77.0159,95.424,145.4],"timeVisible":14.2743,"tipPosition":[-76.9676,92.2178,149.884],"tipVelocity":[-15.6547,-10.9493,24.0114],"tool":false,"touchDistance":1,"touchZone":"none","type":0,"width":15.7669},{"bases":[[[0.222415,0.124291,-0.966997],[-0.634353,0.77163,-0.0467246],[-0.740357,-0.62381,-0.250466]],[[0.189813,0.0968824,-0.977028],[-0.656808,0.752192,-0.0530147],[-0.729777,-0.651783,-0.206409]],[[0.189813,0.0968824,-0.977028],[-0.420323,0.907337,0.00831299],[-0.887299,-0.409089,-0.212947]],[[0.189813,0.0968824,-0.977028],[-0.107472,0.99119,0.0774075],[-0.97592,-0.0903101,-0.198553]]],"btipPosition":[-55.4503,158.22,135.815],"carpPosition":[-156.088,88.7878,106.671],"dipPosition":[-68.8592,156.979,133.087],"direction":[0.887299,0.40909,0.212947],"extended":true,"handId":22,"id":221,"length":47.2915,"mcpPosition":[-111.319,126.509,121.816],"pipPosition":[-86.1059,149.028,128.947],"stabilizedTipPosition":[-58.1847,158.89,135.344],"timeVisible":14.2743,"tipPosition":[-53.9013,155.422,135.982],"tipVelocity":[51.0356,-47.4511,-31.7418],"tool":false,"touchDistance":1,"touchZone":"none","type":1,"width":15.0606},{"bases":[[[0.225206,-0.0945082,-0.969717],[-0.603719,0.767652,-0.215022],[-0.764726,-0.633861,-0.115823]],[[0.251233,-0.07277,-0.965187],[-0.441162,0.878964,-0.181102],[-0.861544,-0.471303,-0.188722]],[[0.251233,-0.07277,-0.965187],[0.0893628,0.994655,-0.0517311],[-0.963793,0.0732552,-0.256393]],[[0.251233,-0.07277,-0.965187],[0.473872,0.878741,0.0570941],[-0.843995,0.471719,-0.255253]]],"btipPosition":[-42.3483,137.227,120.722],"carpPosition":[-154.39,91.4139,97.0441],"dipPosition":[-55.1027,144.356,116.864],"direction":[0.963793,-0.0732552,0.256393],"extended":true,"handId":22,"id":222,"length":53.8848,"mcpPosition":[-110.537,127.762,103.686],"pipPosition":[-77.1426,146.031,111.001],"stabilizedTipPosition":[-44.9602,140.143,119.801],"timeVisible":14.2743,"tipPosition":[-42.5944,136.517,120.723],"tipVelocity":[11.8806,-96.0828,-5.27316],"tool":false,"touchDistance":0.830573,"touchZone":"none","type":2,"width":14.7915},{"bases":[[[0.155081,-0.244354,-0.957205],[-0.610156,0.73834,-0.287337],[-0.776955,-0.628605,0.0345914]],[[0.200967,-0.206576,-0.957569],[-0.338372,0.902706,-0.265756],[-0.919302,-0.377423,-0.111515]],[[0.200967,-0.206576,-0.957569],[0.263905,0.952789,-0.150159],[-0.94338,0.222531,-0.245996]],[[0.200967,-0.206576,-0.957569],[0.615304,0.787239,-0.0406958],[-0.762243,0.581017,-0.285316]]],"btipPosition":[-46.5569,123.698,99.2111],"carpPosition":[-152.059,91.4596,87.2183],"dipPosition":[-58.0098,132.427,94.9241],"direction":[0.94338,-0.222531,0.245996],"extended":true,"handId":22,"id":223,"length":51.8117,"mcpPosition":[-112.056,123.824,85.4373],"pipPosition":[-79.0257,137.385,89.444],"stabilizedTipPosition":[-48.3236,126.936,97.0131],"timeVisible":14.2743,"tipPosition":[-46.389,124.093,98.8831],"tipVelocity":[11.6447,-23.4181,1.36793],"tool":false,"touchDistance":0.470418,"touchZone":"none","type":3,"width":14.075},{"bases":[[[0.162784,-0.43408,-0.886045],[-0.644837,0.63289,-0.428527],[-0.746784,-0.641112,0.176886]],[[0.166064,-0.431258,-0.886814],[-0.287119,0.839192,-0.461865],[-0.94339,-0.331321,-0.015537]],[[0.166064,-0.431258,-0.886814],[0.287365,0.881433,-0.37483],[-0.943316,0.192593,-0.270303]],[[0.166064,-0.431258,-0.886814],[0.611722,0.750407,-0.250373],[-0.773446,0.500905,-0.388426]]],"btipPosition":[-59.741,115.915,79.5263],"carpPosition":[-147.716,85.9105,77.8793],"dipPosition":[-70.462,122.858,74.1422],"direction":[0.943316,-0.192593,0.270303],"extended":false,"handId":22,"id":224,"length":40.6194,"mcpPosition":[-112.124,116.466,69.4489],"pipPosition":[-85.2991,125.887,69.8907],"stabilizedTipPosition":[-61.7988,118.647,77.3761],"timeVisible":14.2743,"tipPosition":[-60.1927,115.337,79.1804],"tipVelocity":[4.68885,-50.6103,10.3263],"tool":false,"touchDistance":0.333333,"touchZone":"none","type":4,"width":12.5025},{"bases":[[[0.560644,0.82166,0.102728],[-0.727431,0.429436,0.535191],[0.39563,-0.374779,0.838461]],[[0.509599,0.860409,0.00225575],[-0.70002,0.413077,0.582529],[0.500281,-0.298435,0.812807]],[[0.509599,0.860409,0.00225575],[-0.857526,0.507673