{"frames":93,"data":[{"currentFrameRate":112.866,"devices":[],"gestures":[],"hands":[{"armBasis":[[0.950675,-0.0767912,-0.300534],[0.00135674,-0.967833,0.251589],[-0.310186,-0.239587,-0.919991]],"armWidth":52.1639,"confidence":1,"direction":[-0.0125249,0.945917,-0.324168],"elbow":[-22.3945,85.3054,-128.49],"grabAngle":0.233878,"grabStrength":0,"id":49,"palmNormal":[-0.14536,-0.322472,-0.935351],"palmPosition":[44.3126,197.116,70.3708],"palmVelocity":[-3.44505,7.65323,0.504102],"palmWidth":76.2204,"pinchDistance":66.2724,"pinchStrength":0,"r":[[0.354959,-0.227641,0.906744],[-0.825796,0.378322,0.41825],[-0.438252,-0.897247,-0.0536962]],"s":1.34596,"sphereCenter":[45.6033,252.956,103.227],"sphereRadius":69.6062,"stabilizedPalmPosition":[44.762,196.566,70.3911],"t":[40.655,50.2946,-63.6315],"timeVisible":7.62281,"type":"right","wrist":[47.7614,139.494,79.5873]}],"id":26961,"interactionBox":{"center":[0,200,0],"size":[235.247,235.247,147.751]},"pointables":[{"bases":[[[0.525662,0.458759,0.716394],[-0.726287,-0.196449,0.658722],[0.44293,-0.866572,0.229925]],[[0.324627,0.746671,0.580603],[-0.750115,-0.170678,0.638903],[0.576146,-0.642924,0.504682]],[[0.324627,0.746671,0.580603],[-0.870085,-0.00497196,0.492877],[0.370904,-0.665175,0.648053]],[[0.324627,0.746671,0.580603],[-0.929131,0.136862,0.343489],[0.177011,-0.650962,0.738184]]],"btipPosition":[-11.262,208.959,29.4549],"carpPosition":[26.818,150.485,83.3627],"dipPosition":[-7.81029,196.265,43.8493],"direction":[-0.370904,0.665175,-0.648053],"extended":true,"handId":49,"id":490,"length":43.4232,"mcpPosition":[26.818,150.485,83.3627],"pipPosition":[2.72648,177.369,62.2594],"stabilizedTipPosition":[-10.2236,205.206,32.9719],"timeVisible":7.62281,"tipPosition":[-13.4755,207.331,35.9433],"tipVelocity":[-1.70669,10.8207,0.936934],"tool":false,"touchDistance":0.295164,"touchZone":"hovering","type":0,"width":16.4083},{"bases":[[[0.973152,0.123918,-0.193957],[0.11728,0.458112,0.881124],[0.198041,-0.880215,0.431279]],[[0.986938,0.0449087,-0.154714],[0.143104,0.196674,0.969969],[0.0739882,-0.97944,0.187678]],[[0.986938,0.0449087,-0.154714],[0.120581,0.430938,0.894289],[0.106833,-0.901263,0.419894]],[[0.986938,0.0449087,-0.154714],[0.0883878,0.651962,0.753082],[0.134687,-0.756921,0.639477]]],"btipPosition":[16.8484,282.238,43.9649],"carpPosition":[35.7705,164.006,94.8213],"dipPosition":[18.7657,271.462,53.0683],"direction":[-0.106833,0.901263,-0.419894],"extended":true,"handId":49,"id":491,"length":48.9982,"mcpPosition":[23.5657,218.252,68.2425],"pipPosition":[20.9172,253.312,61.5244],"stabilizedTipPosition":[18.1036,278.977,45.7],"timeVisible":7.62281,"tipPosition":[15.7232,280.779,47.7763],"tipVelocity":[-1.41984,9.66745,6.07099],"tool":false,"touchDistance":0.331646,"touchZone":"hovering","type":1,"width":15.6732},{"bases":[[[0.956613,-0.0760663,-0.281255],[0.284434,0.45303,0.844903],[0.0631486,-0.888244,0.455011]],[[0.958386,-0.111976,-0.262597],[0.281436,0.216419,0.934856],[-0.0478506,-0.969858,0.238928]],[[0.958386,-0.111976,-0.262597],[0.284501,0.450574,0.846193],[0.0235661,-0.885689,0.463681]],[[0.958386,-0.111976,-0.262597],[0.270325,0.651656,0.708709],[0.0917647,-0.750203,0.654808]]],"btipPosition":[42.0057,289.951,36.4595],"carpPosition":[45.7697,166.358,93.8858],"dipPosition":[43.4425,278.205,46.7121],"direction":[-0.0235661,0.885689,-0.463681],"extended":true,"handId":49,"id":492,"length":55.8295,"mcpPosition":[42.0791,218.27,67.2936],"pipPosition":[44.0008,257.22,57.6981],"stabilizedTipPosition":[43.0597,286.456,38.426],"timeVisible":7.62281,"tipPosition":[43.4912,288.825,42.6209],"tipVelocity":[-2.14075,8.99452,5.4613],"tool":false,"touchDistance":0.335826,"touchZone":"hovering","type":2,"width":15.3931},{"bases":[[[0.931298,-0.239883,-0.274118],[0.353921,0.417892,0.836723],[-0.0861642,-0.876255,0.474081]],[[0.930321,-0.249254,-0.269025],[0.316363,0.174358,0.932477],[-0.185517,-0.952613,0.241064]],[[0.930321,-0.249254,-0.269025],[0.353745,0.416296,0.837593],[-0.0967794,-0.874397,0.475462]],[[0.930321,-0.249254,-0.269025],[0.366725,0.624607,0.689477],[-0.00381995,-0.740093,0.672493]]],"btipPosition":[69.4577,279.677,36.0368],"carpPosition":[55.737,166.532,91.3302],"dipPosition":[69.3982,268.156,46.5058],"direction":[0.0967794,0.874397,-0.475462],"extended":true,"handId":49,"id":493,"length":53.6816,"mcpPosition":[60.2582,212.511,66.4541],"pipPosition":[67.1644,247.973,57.48],"stabilizedTipPosition":[70.1545,276.193,38.1513],"timeVisible":7.62281,"tipPosition":[72.8493,278.479,43.0745],"tipVelocity":[-2.16335,8.88908,4.90731],"tool":false,"touchDistance":0.321858,"touchZone":"hovering","type":3,"width":14.6475},{"bases":[[[0.8437,-0.405416,-0.351863],[0.485452,0.296426,0.822477],[-0.229144,-0.864737,0.446905]],[[0.832642,-0.443576,-0.331583],[0.3906,0.045917,0.919414],[-0.392605,-0.89506,0.211494]],[[0.832642,-0.443576,-0.331583],[0.47908,0.276548,0.833069],[-0.277831,-0.852503,0.442774]],[[0.832642,-0.443576,-0.331583],[0.529419,0.461798,0.711659],[-0.162551,-0.768103,0.61935]]],"btipPosition":[94.2585,255.603,40.6515],"carpPosition":[64.6996,162.306,84.7003],"dipPosition":[91.924,244.571,49.5464],"direction":[0.277831,0.852503,-0.442774],"extended":true,"handId":49,"id":494,"length":42.0854,"mcpPosition":[75.8298,204.309,62.9928],"pipPosition":[87.3964,230.679,56.7619],"stabilizedTipPosition":[94.5283,252.182,42.755],"timeVisible":7.62281,"tipPosition":[97.8606,253.266,46.4873],"tipVelocity":[-4.13696,8.05546,1.82417],"tool":false,"touchDistance":0.299389,"touchZone":"hovering","type":4,"width":13.0111}],"r":[[0.354959,-0.227641,0.906744],[-0.825796,0.378322,0.41825],[-0.438252,-0.897247,-0.0536962]],"s":1.34596,"t":[40.655,50.2946,-63.6315],"timestamp":17303322144},{"currentFrameRate":113.109,"devices":[],"gestures":[],"hands":[{"armBasis":[[0.950037,-0.0757046,-0.302817],[-0.000321071,-0.970379,0.241589],[-0.312136,-0.229421,-0.92192]],"armWidth":52.1639,"confidence":1,"direction":[-0.0123582,0.945958,-0.324052],"elbow":[-22.9275,87.7151,-129.01],"grabAngle":0.23419,"grabStrength":0,"id":49,"palmNormal":[-0.145451,-0.322331,-0.935386],"palmPosition":[44.2779,197.181,70.3637],"palmVelocity":[-4.11359,7.76416,-0.850336],"palmWidth":76.2204,"pinchDistance":66.2689,"pinchStrength":0,"r":[[0.354856,-0.228007,0.906692],[-0.825811,0.37822,0.418312],[-0.438307,-0.897197,-0.054077]],"s":1.34582,"sphereCenter":[45.605,253.007,103.216],"sphereRadius":69.5902,"stabilizedPalmPosition":[44.7401,196.594,70.3898],"t":[40.6202,50.3569,-63.6352],"timeVisible":7.63123,"type":"right","wrist":[47.6694,139.604,79.5038]}],"id":26962,"interactionBox":{"center":[0,200,0],"size":[235.247,235.247,147.751]},"pointables":[{"bases":[[[0.525771,0.458573,0.716432],[-0.726302,-0.196393,0.658722],[0.442775,-0.866683,0.229805]],[[0.324874,0.746448,0.580752],[-0.750131,-0.170603,0.638903],[0.575986,-0.643203,0.50451]],[[0.324874,0.746448,0.580752],[-0.870143,-0.00468226,0.492778],[0.370552,-0.665427,0.647995]],[[0.324874,0.746448,0.580752],[-0.929154,0.137351,0.343232],[0.176438,-0.651115,0.738187]]],"btipPosition":[-11.2771,209.048,29.4514],"carpPosition":[26.775,150.552,83.3504],"dipPosition":[-7.83655,196.351,43.8459],"direction":[-0.370552,0.665427,-0.647995],"extended":true,"handId":49,"id":490,"length":43.4232,"mcpPosition":[26.775,150.552,83.3504],"pipPosition":[2.69022,177.447,62.2544],"stabilizedTipPosition":[-10.2334,205.24,32.9641],"timeVisible":7.63123,"tipPosition":[-13.5057,207.41,35.9354],"tipVelocity":[-2.09756,10.4751,-0.408406],"tool":false,"touchDistance":0.295107,"touchZone":"hovering","type":0,"width":16.4083},{"bases":[[[0.973169,0.123759,-0.193974],[0.117395,0.457982,0.881176],[0.19789,-0.880304,0.431165]],[[0.986962,0.0445806,-0.154659],[0.143144,0.196247,0.97005],[0.0735967,-0.979541,0.187307]],[[0.986962,0.0445806,-0.154659],[0.120686,0.4308,0.894341],[0.106497,-0.901345,0.419803]],[[0.986962,0.0445806,-0.154659],[0.0885603,0.651947,0.753075],[0.134402,-0.756953,0.639499]]],"btipPosition":[16.8425,282.313,43.9758],"carpPosition":[35.7305,164.07,94.8104],"dipPosition":[18.7558,271.537,53.0795],"direction":[-0.106497,0.901345,-0.419803],"extended":true,"handId":49,"id":491,"length":48.9982,"mcpPosition":[23.535,218.322,68.2386],"pipPosition":[20.9005,253.385,61.5338],"stabilizedTipPosition":[18.0762,279.006,45.7123],"timeVisible":7.63123,"tipPosition":[15.7051,280.851,47.7785],"tipVelocity":[-0.811984,8.9224,1.30346],"tool":false,"touchDistance":0.331829,"touchZone":"hovering","type":1,"width":15.6732},{"bases":[[[0.95659,-0.0762114,-0.281296],[0.284547,0.452874,0.844949],[0.062997,-0.888311,0.4549]],[[0.958358,-0.11217,-0.262618],[0.281479,0.215924,0.934958],[-0.0481693,-0.969946,0.238506]],[[0.958358,-0.11217,-0.262618],[0.284612,0.450442,0.846226],[0.0233725,-0.885731,0.463609]],[[0.958358,-0.11217,-0.262618],[0.27044,0.651859,0.708478],[0.0917196,-0.749998,0.65505]]],"btipPosition":[41.993,290.019,36.4698],"carpPosition":[45.7301,166.421,93.8749],"dipPosition":[43.4291,278.276,46.7262],"direction":[-0.0233725,0.885731,-0.463609],"extended":true,"handId":49,"id":492,"length":55.8295,"mcpPosition":[42.0483,218.336,67.2891],"pipPosition":[43.9828,257.29,57.7106],"stabilizedTipPosition":[43.0383,286.481,38.4376],"timeVisible":7.63123,"tipPosition":[43.4721,288.892,42.6226],"tipVelocity":[-1.5252,8.10518,1.33404],"tool":false,"touchDistance":0.335746,"touchZone":"hovering","type":2,"width":15.3931},{"bases":[[[0.931244,-0.240024,-0.274178],[0.354027,0.417723,0.836763],[-0.0863129,-0.876296,0.473977]],[[0.930264,-0.249412,-0.269077],[0.316358,0.173858,0.932572],[-0.185813,-0.952663,0.240638]],[[0.930264,-0.249412,-0.269077],[0.353836,0.415997,0.837703],[-0.0969977,-0.874494,0.475238]],[[0.930264,-0.249412,-0.269077],[0.36687,0.624571,0.689433],[-0.00389503,-0.740071,0.672517]]],"btipPosition":[69.443,279.744,36.0517],"carpPosition":[55.6973,166.592,91.3189],"dipPosition":[69.3824,268.223,46.521],"direction":[0.0969977,0.874494,-0.475238],"extended":true,"handId":49,"id":493,"length":53.6816,"mcpPosition":[60.2263,212.573,66.4483],"pipPosition":[67.1436,248.038,57.4901],"stabilizedTipPosition":[70.1375,276.215,38.1585],"timeVisible":7.63123,"tipPosition":[72.8257,278.541,43.0718],"tipVelocity":[-1.77187,7.92327,1.77566],"tool":false,"touchDistance":0.322107,"touchZone":"hovering","type":3,"width":14.6475},{"bases":[[[0.843613,-0.405531,-0.351941],[0.485534,0.296235,0.822497],[-0.229291,-0.864748,0.446807]],[[0.832583,-0.44358,-0.331726],[0.390573,0.045494,0.919447],[-0.392756,-0.89508,0.211128]],[[0.832583,-0.44358,-0.331726],[0.479195,0.276457,0.833033],[-0.277808,-0.852531,0.442735]],[[0.832583,-0.44358,-0.331726],[0.52959,0.462017,0.711389],[-0.162294,-0.76797,0.619583]]],"btipPosition":[94.2254,255.662,40.6522],"carpPosition":[64.6589,162.366,84.6882],"dipPosition":[91.8946,244.633,49.5504],"direction":[0.277808,0.852531,-0.442735],"extended":true,"handId":49,"id":494,"length":42.0854,"mcpPosition":[75.7962,204.37,62.9855],"pipPosition":[87.3673,230.74,56.7654],"stabilizedTipPosition":[94.5064,252.207,42.7535],"timeVisible":7.63123,"tipPosition":[97.8335,253.324,46.4832],"tipVelocity":[-3.83405,7.11731,0.180191],"tool":false,"touchDistance":0.299415,"touchZone":"hovering","type":4,"width":13.0111}],"r":[[0.354856,-0.228007,0.906692],[-0.825811,0.37822,0.418312],[-0.438307,-0.897197,-0.054077]],"s":1.34582,"t":[40.6202,50.3569,-63.6352],"timestamp":17303330564},{"currentFrameRate":113.042,"devices":[],"gestures":[],"hands":[{"armBasis":[[0.949361,-0.0746953,-0.30518],[-0.00217462,-0.972867,0.231353],[-0.31418,-0.218974,-0.923765]],"armWidth":52.1639,"confidence":1,"direction":[-0.0122668,0.945646,-0.324967],"elbow":[-23.4729,90.2132,-129.48],"grabAngle":0.234069,"grabStrength":0,"id":49,"palmNormal":[-0.146104,-0.323199,-0.934985],"palmPosition":[44.2511,197.256,70.3368],"palmVelocity":[-2.98852,8.33205,-2.99782],"palmWidth":76.2204,"pinchDistance":66.2665,"pinchStrength":0,"r":[[0.354867,-0.228144,0.906653],[-0.825751,0.37827,0.418387],[-0.438412,-0.897141,-0.0541546]],"s":1.34571,"sphereCenter":[45.6007,253.152,103.236],"sphereRadius":69.6589,"stabilizedPalmPosition":[44.7183,196.623,70.3875],"t":[40.5895,50.4254,-63.6505],"timeVisible":7.64019,"type":"right","wrist":[47.5862,139.739,79.4505]}],"id":26963,"interactionBox":{"center":[0,200,0],"size":[235.247,235.247,147.751]},"pointables":[{"bases":[[[0.526334,0.459114,0.715672],[-0.72597,-0.195533,0.659344],[0.442651,-0.866592,0.230387]],[[0.3255,0.746856,0.579876],[-0.749924,-0.169615,0.63941],[0.575902,-0.642991,0.504875]],[[0.3255,0.746856,0.579876],[-0.869961,-0.00370724,0.493107],[0.37043,-0.664976,0.648528]],[[0.3255,0.746856,0.579876],[-0.928953,0.138218,0.343428],[0.176342,-0.650463,0.738784]]],"btipPosition":[-11.3012,209.106,29.4384],"carpPosition":[26.742,150.645,83.3794],"dipPosition":[-7.86262,196.422,43.8445],"direction":[-0.37043,0.664976,-0.648528],"extended":true,"handId":49,"id":490,"length":43.4232,"mcpPosition":[26.742,150.645,83.3794],"pipPosition":[2.66067,177.531,62.2681],"stabilizedTipPosition":[-10.2444,205.278,32.9557],"timeVisible":7.64019,"tipPosition":[-13.545,207.467,35.9278],"tipVelocity":[-2.74719,6.82507,-1.16099],"tool":false,"touchDistance":0.294933,"touchZone":"hovering","type":0,"width":16.4083},{"bases":[[[0.973091,0.123277,-0.194672],[0.118056,0.458806,0.880659],[0.197882,-0.879943,0.431907]],[[0.986899,0.0440022,-0.155222],[0.143767,0.196779,0.96985],[0.07322,-0.97946,0.187875]],[[0.986899,0.0440022,-0.155222],[0.121357,0.431512,0.893907],[0.106314,-0.901034,0.420519]],[[0.986899,0.0440022,-0.155222],[0.0892484,0.652591,0.752436],[0.134405,-0.756431,0.640115]]],"btipPosition":[16.8379,282.375,43.8971],"carpPosition":[35.7083,164.172,94.8208],"dipPosition":[18.7513,271.607,53.0095],"direction":[-0.106314,0.901034,-0.420519],"extended":true,"handId":49,"id":491,"length":48.9982,"mcpPosition":[23.5133,218.4,68.2034],"pipPosition":[20.8923,253.461,61.4782],"stabilizedTipPosition":[18.0533,279.031,45.7204],"timeVisible":7.64019,"tipPosition":[15.6921,280.911,47.6848],"tipVelocity":[-0.508788,7.13499,-8.55483],"tool":false,"touchDistance":0.330551,"touchZone":"hovering","type":1,"width":15.6732},{"bases":[[[0.9564,-0.0767732,-0.281789],[0.285185,0.453612,0.844337],[0.0630005,-0.887886,0.455729]],[[0.958169,-0.112737,-0.263066],[0.282067,0.216233,0.934709],[-0.0484928,-0.969811,0.238987]],[[0.958169,-0.112737,-0.263066],[0.285257,0.450918,0.845755],[0.0232733,-0.885417,0.464215]],[[0.958169,-0.112737,-0.263066],[0.271057,0.652512,0.707641],[0.0918762,-0.749345,0.655775]]],"btipPosition":[41.9836,290.068,36.3786],"carpPosition":[45.708,166.518,93.8772],"dipPosition":[43.4221,278.335,46.6464],"direction":[-0.0232733,0.885417,-0.464215],"extended":true,"handId":49,"id":492,"length":55.8295,"mcpPosition":[42.0261,218.409,67.2429],"pipPosition":[43.9736,257.357,57.6451],"stabilizedTipPosition":[43.0213,286.502,38.4447],"timeVisible":7.64019,"tipPosition":[43.4543,288.937,42.4998],"tipVelocity":[-0.982945,5.75811,-9.88443],"tool":false,"touchDistance":0.334175,"touchZone":"hovering","type":2,"width":15.3931},{"bases":[[[0.931009,-0.240572,-0.274496],[0.354649,0.418433,0.836145],[-0.0862943,-0.875808,0.474883]],[[0.930029,-0.249952,-0.269386],[0.316848,0.174082,0.932364],[-0.186151,-0.952481,0.241098]],[[0.930029,-0.249952,-0.269386],[0.354396,0.416143,0.837394],[-0.0972055,-0.87427,0.475607]],[[0.930029,-0.249952,-0.269386],[0.367465,0.624807,0.688902],[-0.0038783,-0.739689,0.672938]]],"btipPosition":[69.4357,279.792,35.9681],"carpPosition":[55.6738,166.684,91.3151],"dipPosition":[69.3753,268.277,46.444],"direction":[0.0972055,0.87427,-0.475607],"extended":true,"handId":49,"id":493,"length":53.6816,"mcpPosition":[60.2018,212.64,66.3969],"pipPosition":[67.1317,248.097,57.4216],"stabilizedTipPosition":[70.1238,276.232,38.1627],"timeVisible":7.64019,"tipPosition":[72.7976,278.576,42.9357],"tipVelocity":[-0.814929,5.52405,-9.15626],"tool":false,"touchDistance":0.320739,"touchZone":"hovering","type":3,"width":14.6475},{"bases":[[[0.843282,-0.406128,-0.352045],[0.486111,0.296891,0.821919],[-0.229285,-0.864243,0.447786]],[[0.832297,-0.444012,-0.331865],[0.390979,0.0458128,0.919259],[-0.392958,-0.894849,0.211729]],[[0.832297,-0.444012,-0.331865],[0.479687,0.276854,0.832618],[-0.277815,-0.852177,0.443412]],[[0.832297,-0.444012,-0.331865],[0.53012,0.462555,0.710645],[-0.162029,-0.767396,0.620363]]],"btipPosition":[94.1986,255.699,40.5597],"carpPosition":[64.6301,162.449,84.6832],"dipPosition":[91.8716,244.678,49.4691],"direction":[0.277815,0.852177,-0.443412],"extended":true,"handId":49,"id":494,"length":42.0854,"mcpPosition":[75.7672,204.428,62.9329],"pipPosition":[87.3442,230.791,56.6951],"stabilizedTipPosition":[94.4889,252.227,42.7505],"timeVisible":7.64019,"tipPosition":[97.8033,253.359,46.3644],"tipVelocity":[-2.88849,4.3618,-10.0358],"tool":false,"touchDistance":0.297915,"touchZone":"hovering","type":4,"width":13.0111}],"r":[[0.354867,-0.228144,0.906653],[-0.825751,0.37827,0.418387],[-0.438412,-0.897141,-0.0541546]],"s":1.34571,"t":[40.5895,50.4254,-63.6505],"timestamp":17303339527},{"currentFrameRate":113.221,"devices":[],"gestures":[],"hands":[{"armBasis":[[0.948737,-0.0737217,-0.307348],[-0.00392458,-0.97509,0.221774],[-0.316042,-0.209199,-0.925394]],"armWidth":52.1639,"confidence":1,"direction":[-0.0122093,0.944966,-0.32694],"elbow":[-23.9691,92.6142,-129.804],"grabAngle":0.233145,"grabStrength":0,"id":49,"palmNormal":[-0.145452,-0.325165,-0.934404],"palmPosition":[44.2331,197.37,70.338],"palmVelocity":[-2.11272,13.4351,0.132279],"palmWidth":76.2204,"pinchDistance":66.281,"pinchStrength":0,"r":[[0.354767,-0.227865,0.906762],[-0.825768,0.378457,0.418183],[-0.43846,-0.897133,-0.0539]],"s":1.3457,"sphereCenter":[45.4606,253.46,103.396],"sphereRadius":69.8728,"stabilizedPalmPosition":[44.6984,196.654,70.3854],"t":[40.5651,50.5169,-63.6576],"timeVisible":7.64871,"type":"right","wrist":[47.5112,139.929,79.495]}],"id":26964,"interactionBox":{"center":[0,200,0],"size":[235.247,235.247,147.751]},"pointables":[{"bases":[[[0.525801,0.460685,0.715054],[-0.726362,-0.194279,0.659283],[0.442642,-0.86604,0.232472]],[[0.324894,0.748231,0.578441],[-0.750334,-0.168385,0.639253],[0.57571,-0.641714,0.506716]],[[0.324894,0.748231,0.578441],[-0.870444,-0.00259495,0.492261],[0.369826,-0.663433,0.65045]],[[0.324894,0.748231,0.578441],[-0.929213,0.138668,0.342542],[0.176089,-0.648784,0.740318]]],"btipPosition":[-11.2901,209.115,29.3636],"carpPosition":[26.723,150.784,83.4662],"dipPosition":[-7.85636,196.464,43.7996],"direction":[-0.369826,0.663433,-0.65045],"extended":true,"handId":49,"id":490,"length":43.4232,"mcpPosition":[26.723,150.784,83.4662],"pipPosition":[2.64978,177.617,62.2778],"stabilizedTipPosition":[-10.2512,205.303,32.9484],"timeVisible":7.64871,"tipPosition":[-13.5385,207.499,35.8665],"tipVelocity":[1.179,1.92895,-7.96697],"tool":false,"touchDistance":0.293802,"touchZone":"hovering","type":0,"width":16.4083},{"bases":[[[0.973196,0.123029,-0.194303],[0.117417,0.460654,0.879779],[0.197745,-0.879012,0.433861]],[[0.986966,0.0440447,-0.154785],[0.143214,0.198318,0.969618],[0.0734032,-0.979148,0.189426]],[[0.986966,0.0440447,-0.154785],[0.1209,0.431869,0.893796],[0.106214,-0.90086,0.420915]],[[0.986966,0.0440447,-0.154785],[0.0888788,0.65264,0.752437],[0.13416,-0.756387,0.640219]]],"btipPosition":[16.8169,282.467,43.776],"carpPosition":[35.6798,164.336,94.8852],"dipPosition":[18.7267,271.699,52.8899],"direction":[-0.106214,0.90086,-0.420915],"extended":true,"handId":49,"id":491,"length":48.9982,"mcpPosition":[23.4933,218.507,68.1473],"pipPosition":[20.8657,253.557,61.3666],"stabilizedTipPosition":[18.0357,279.052,45.7237],"timeVisible":7.64871,"tipPosition":[15.6831,280.969,47.4858],"tipVelocity":[-2.5645,10.7384,-14.1687],"tool":false,"touchDistance":0.328538,"touchZone":"hovering","type":1,"width":15.6732},{"bases":[[[0.956593,-0.0772046,-0.281016],[0.28457,0.455412,0.843576],[0.0628498,-0.886927,0.457614]],[[0.958354,-0.113081,-0.262241],[0.281434,0.217999,0.93449],[-0.0485051,-0.969376,0.240745]],[[0.958354,-0.113081,-0.262241],[0.284665,0.451832,0.845466],[0.0228824,-0.884907,0.465206]],[[0.958354,-0.113081,-0.262241],[0.270586,0.653211,0.707177],[0.0913301,-0.748684,0.656605]]],"btipPosition":[41.9825,290.136,36.2273],"carpPosition":[45.6798,166.682,93.943],"dipPosition":[43.4125,278.413,46.508],"direction":[-0.0228824,0.884907,-0.465206],"extended":true,"handId":49,"id":492,"length":55.8295,"mcpPosition":[42.0067,218.516,67.1986],"pipPosition":[43.9547,257.447,57.5302],"stabilizedTipPosition":[43.0095,286.517,38.4472],"timeVisible":7.64871,"tipPosition":[43.4361,288.989,42.2987],"tipVelocity":[-0.358698,8.22796,-17.4074],"tool":false,"touchDistance":0.331703,"touchZone":"hovering","type":2,"width":15.3931},{"bases":[[[0.931223,-0.240991,-0.273398],[0.354046,0.420227,0.835501],[-0.0864592,-0.874833,0.476647]],[[0.93024,-0.250376,-0.268262],[0.316201,0.175982,0.932227],[-0.186198,-0.95202,0.242874]],[[0.93024,-0.250376,-0.268262],[0.353704,0.417154,0.837183],[-0.0977044,-0.873667,0.476613]],[[0.93024,-0.250376,-0.268262],[0.366925,0.626072,0.688041],[-0.00431797,-0.738475,0.674267]]],"btipPosition":[69.4379,279.851,35.8375],"carpPosition":[55.6472,166.844,91.3871],"dipPosition":[69.3706,268.354,46.3341],"direction":[0.0977044,0.873667,-0.476613],"extended":true,"handId":49,"id":493,"length":53.6816,"mcpPosition":[60.1839,212.748,66.3763],"pipPosition":[67.1155,248.189,57.3349],"stabilizedTipPosition":[70.1141,276.246,38.1639],"timeVisible":7.64871,"tipPosition":[72.778,278.636,42.7779],"tipVelocity":[0.0696016,7.41974,-14.7667],"tool":false,"touchDistance":0.318642,"touchZone":"hovering","type":3,"width":14.6475},{"bases":[[[0.843572,-0.406723,-0.35066],[0.485536,0.298677,0.821612],[-0.229435,-0.863347,0.449434]],[[0.832608,-0.444483,-0.330453],[0.390573,0.0481565,0.919311],[-0.392705,-0.894492,0.213698]],[[0.832608,-0.444483,-0.330453],[0.478941,0.278141,0.832618],[-0.278172,-0.851512,0.444464]],[[0.832608,-0.444483,-0.330453],[0.529527,0.463905,0.710206],[-0.162375,-0.766307,0.621617]]],"btipPosition":[94.1875,255.767,40.473],"carpPosition":[64.6085,162.596,84.7697],"dipPosition":[91.8555,244.761,49.4004],"direction":[0.278172,0.851512,-0.444464],"extended":true,"handId":49,"id":494,"length":42.0854,"mcpPosition":[75.7528,204.532,62.9394],"pipPosition":[87.3223,230.885,56.6435],"stabilizedTipPosition":[94.475,252.243,42.7468],"timeVisible":7.64871,"tipPosition":[97.7898,253.432,46.2816],"tipVelocity":[-1.43632,8.30733,-9.68729],"tool":false,"touchDistance":0.296539,"touchZone":"hovering","type":4,"width":13.0111}],"r":[[0.354767,-0.227865,0.906762],[-0.825768,0.378457,0.418183],[-0.43846,-0.897133,-0.0539]],"s":1.3457,"t":[40.5651,50.5169,-63.6576],"timestamp":17303348050},{"currentFrameRate":113.302,"devices":[],"gestures":[],"hands":[{"armBasis":[[0.948085,-0.073018,-0.30952],[-0.00602325,-0.977232,0.212086],[-0.317959,-0.199212,-0.926939]],"armWidth":52.1639,"confidence":1,"direction":[-0.0117705,0.944597,-0.328022],"elbow":[-24.4968,95.0204,-130.181],"grabAngle":0.232375,"grabStrength":0,"id":49,"palmNormal":[-0.145705,-0.326163,-0.934017],"palmPosition":[44.2157,197.457,70.3205],"palmVelocity":[-2.00227,9.95796,-2.01198],"palmWidth":76.2204,"pinchDistance":66.2892,"pinchStrength":0,"r":[[0.354682,-0.22747,0.906895],[-0.825736,0.378785,0.417949],[-0.438589,-0.897095,-0.0534821]],"s":1.34574,"sphereCenter":[45.4194,253.673,103.526],"sphereRadius":70.0292,"stabilizedPalmPosition":[44.6791,196.686,70.3828],"t":[40.5442,50.6059,-63.6699],"timeVisible":7.6574,"type":"right","wrist":[47.4171,140.077,79.4683]}],"id":26965,"interactionBox":{"center":[0,200,0],"size":[235.247,235.247,147.751]},"pointables":[{"bases":[[[0.526101,0.461242,0.714474],[-0.726394,-0.193161,0.659576],[0.442233,-0.865993,0.233422]],[[0.325326,0.748729,0.577553],[-0.750431,-0.167194,0.639453],[0.57534,-0.641444,0.507477]],[[0.325326,0.748729,0.577553],[-0.870415,-0.00156329,0.492317],[0.369515,-0.662874,0.651196]],[[0.325326,0.748729,0.577553],[-0.929079,0.139414,0.342601],[0.175996,-0.64805,0.740984]]],"btipPosition":[-11.3033,209.184,29.3353],"carpPosition":[26.6837,150.894,83.5038],"dipPosition":[-7.87139,196.547,43.7843],"direction":[-0.369515,0.662874,-0.651196],"extended":true,"handId":49,"id":490,"length":43.4232,"mcpPosition":[26.6837,150.894,83.5038],"pipPosition":[2.62592,177.716,62.2837],"stabilizedTipPosition":[-10.2584,205.33,32.9405],"timeVisible":7.6574,"tipPosition":[-13.5533,207.574,35.8421],"tipVelocity":[-1.56987,8.3045,-2.91675],"tool":false,"touchDistance":0.293379,"touchZone":"hovering","type":0,"width":16.4083},{"bases":[[[0.973238,0.122321,-0.194539],[0.117733,0.461604,0.879239],[0.19735,-0.878612,0.434849]],[[0.986995,0.0431953,-0.154839],[0.143383,0.198936,0.969467],[0.0726796,-0.97906,0.190156]],[[0.986995,0.0431953,-0.154839],[0.121251,0.432364,0.89351],[0.105542,-0.900664,0.421503]],[[0.986995,0.0431953,-0.154839],[0.0894233,0.652897,0.75215],[0.133584,-0.756214,0.640543]]],"btipPosition":[16.8574,282.551,43.6937],"carpPosition":[35.6484,164.455,94.9064],"dipPosition":[18.7591,271.786,52.8123],"direction":[-0.105542,0.900664,-0.421503],"extended":true,"handId":49,"id":491,"length":48.9982,"mcpPosition":[23.4862,218.601,68.1076],"pipPosition":[20.8845,253.648,61.3008],"stabilizedTipPosition":[18.0208,279.073,45.7251],"timeVisible":7.6574,"tipPosition":[15.7089,281.041,47.3715],"tipVelocity":[4.45158,9.82352,-9.35049],"tool":false,"touchDistance":0.327184,"touchZone":"hovering","type":1,"width":15.6732},{"bases":[[[0.956527,-0.0780034,-0.28102],[0.28488,0.456237,0.843025],[0.0624528,-0.886433,0.458624]],[[0.958273,-0.113917,-0.262174],[0.281589,0.218348,0.934362],[-0.0491946,-0.969199,0.241314]],[[0.958273,-0.113917,-0.262174],[0.284986,0.452116,0.845207],[0.0222497,-0.884655,0.465715]],[[0.958273,-0.113917,-0.262174],[0.27104,0.653512,0.706724],[0.090826,-0.748295,0.657119]]],"btipPosition":[42.0259,290.2,36.1428],"carpPosition":[45.6495,166.794,93.9606],"dipPosition":[43.448,278.484,46.4316],"direction":[-0.0222497,0.884655,-0.465715],"extended":true,"handId":49,"id":492,"length":55.8295,"mcpPosition":[41.9995,218.6,67.1571],"pipPosition":[43.9752,257.524,57.4658],"stabilizedTipPosition":[42.9998,286.532,38.4481],"timeVisible":7.6574,"tipPosition":[43.4583,289.039,42.1654],"tipVelocity":[4.78896,7.62622,-9.51281],"tool":false,"touchDistance":0.330326,"touchZone":"hovering","type":2,"width":15.3931},{"bases":[[[0.931076,-0.241769,-0.273212],[0.354337,0.421008,0.834984],[-0.0868484,-0.874243,0.477658]],[[0.930086,-0.251179,-0.268048],[0.316228,0.176167,0.932183],[-0.186923,-0.951774,0.24328]],[[0.930086,-0.251179,-0.268048],[0.353898,0.417084,0.837136],[-0.0984723,-0.87347,0.476816]],[[0.930086,-0.251179,-0.268048],[0.367308,0.625934,0.687962],[-0.00502108,-0.738319,0.674432]]],"btipPosition":[69.4834,279.908,35.7784],"carpPosition":[55.6167,166.949,91.4035],"dipPosition":[69.4052,268.415,46.2776],"direction":[0.0984723,0.87347,-0.476816],"extended":true,"handId":49,"id":493,"length":53.6816,"mcpPosition":[60.1738,212.822,66.3397],"pipPosition":[67.1324,248.254,57.2831],"stabilizedTipPosition":[70.1055,276.259,38.1643],"timeVisible":7.6574,"tipPosition":[72.7847,278.671,42.6461],"tipVelocity":[4.95263,6.72646,-6.72857],"tool":false,"touchDistance":0.317668,"touchZone":"hovering","type":3,"width":14.6475},{"bases":[[[0.843335,-0.407545,-0.350275],[0.485765,0.299377,0.821222],[-0.229821,-0.862717,0.450446]],[[0.832392,-0.445156,-0.330091],[0.39044,0.0483584,0.919358],[-0.393294,-0.894147,0.214059]],[[0.832392,-0.445156,-0.330091],[0.478953,0.278211,0.832588],[-0.278796,-0.851137,0.44479]],[[0.832392,-0.445156,-0.330091],[0.529667,0.463829,0.710151],[-0.163022,-0.765963,0.621872]]],"btipPosition":[94.2098,255.808,40.4246],"carpPosition":[64.5752,162.689,84.7901],"dipPosition":[91.8685,244.807,49.3557],"direction":[0.278796,0.851137,-0.44479],"extended":true,"handId":49,"id":494,"length":42.0854,"mcpPosition":[75.7383,204.594,62.9106],"pipPosition":[87.3252,230.937,56.6042],"stabilizedTipPosition":[94.4632,252.259,42.7428],"timeVisible":7.6574,"tipPosition":[97.7863,253.464,46.1841],"tipVelocity":[2.31987,4.85901,-5.47138],"tool":false,"touchDistance":0.295747,"touchZone":"hovering","type":4,"width":13.0111}],"r":[[0.354682,-0.22747,0.906895],[-0.825736,0.378785,0.417949],[-0.438589,-0.897095,-0.0534821]],"s":1.34574,"t":[40.5442,50.6059,-63.6699],"timestamp":17303356736},{"currentFrameRate":113.405,"devices":[],"gestures":[],"hands":[{"armBasis":[[0.94741,-0.0727216,-0.311651],[-0.00745509,-0.97859,0.205684],[-0.319936,-0.192544,-0.927668]],"armWidth":52.1639,"confidence":1,"direction":[-0.0114415,0.944353,-0.328733],"elbow":[-25.0314,96.6507,-130.369],"grabAngle":0.231955,"grabStrength":0,"id":49,"palmNormal":[-0.145922,-0.326812,-0.933756],"palmPosition":[44.1912,197.538,70.2997],"palmVelocity":[-2.83959,9.39153,-2.4062],"palmWidth":76.2204,"pinchDistance":66.2893,"pinchStrength":0,"r":[[0.354615,-0.227044,0.907028],[-0.825674,0.379173,0.417721],[-0.438761,-0.897039,-0.0530038]],"s":1.34578,"sphereCenter":[45.4024,253.833,103.598],"sphereRadius":70.1241,"stabilizedPalmPosition":[44.6608,196.718,70.3797],"t":[40.5215,50.691,-63.6864],"timeVisible":7.66604,"type":"right","wrist":[47.3296,140.199,79.4447]}],"id":26966,"interactionBox":{"center":[0,200,0],"size":[235.247,235.247,147.751]},"pointables":[{"bases":[[[0.526347,0.46158,0.714075],[-0.726403,-0.192385,0.659793],[0.441925,-0.865986,0.234032]],[[0.325743,0.748963,0.577015],[-0.750467,-0.16638,0.639623],[0.575057,-0.641383,0.507875]],[[0.325743,0.748963,0.577015],[-0.870351,-0.0008398,0.492431],[0.369297,-0.662611,0.651587]],[[0.325743,0.748963,0.577015],[-0.928933,0.139926,0.342789],[0.175997,-0.647669,0.741316]]],"btipPosition":[-11.3263,209.264,29.3171],"carpPosition":[26.6427,150.992,83.5199],"dipPosition":[-7.89439,196.635,43.7726],"direction":[-0.369297,0.662611,-0.651587],"extended":true,"handId":49,"id":490,"length":43.4232,"mcpPosition":[26.6427,150.992,83.5199],"pipPosition":[2.59673,177.811,62.2831],"stabilizedTipPosition":[-10.2661,205.358,32.9322],"timeVisible":7.66604,"tipPosition":[-13.5753,207.65,35.8172],"tipVelocity":[-2.66326,9.50086,-1.93171],"tool":false,"touchDistance":0.293101,"touchZone":"hovering","type":0,"width":16.4083},{"bases":[[[0.973266,0.121802,-0.194727],[0.117996,0.462222,0.878879],[0.197056,-0.878359,0.435493]],[[0.987023,0.0424865,-0.154859],[0.14351,0.19932,0.969369],[0.0720517,-0.979013,0.190636]],[[0.987023,0.0424865,-0.154859],[0.121499,0.432972,0.893181],[0.104998,-0.900405,0.422191]],[[0.987023,0.0424865,-0.154859],[0.0898042,0.653419,0.751651],[0.133123,-0.755803,0.641124]]],"btipPosition":[16.8807,282.626,43.6197],"carpPosition":[35.6137,164.558,94.9113],"dipPosition":[18.7758,271.867,52.7465],"direction":[-0.104998,0.900405,-0.422191],"extended":true,"handId":49,"id":491,"length":48.9982,"mcpPosition":[23.4695,218.689,68.0729],"pipPosition":[20.8904,253.734,61.2489],"stabilizedTipPosition":[18.0084,279.092,45.725],"timeVisible":7.66604,"tipPosition":[15.7161,281.114,47.2884],"tipVelocity":[2.52564,8.79643,-8.34787],"tool":false,"touchDistance":0.325982,"touchZone":"hovering","type":1,"width":15.6732},{"bases":[[[0.956469,-0.0785813,-0.281055],[0.285137,0.456764,0.842653],[0.0621588,-0.886111,0.459287]],[[0.958207,-0.114608,-0.262114],[0.281698,0.218339,0.934331],[-0.0498523,-0.96912,0.241499]],[[0.958207,-0.114608,-0.262114],[0.285251,0.452267,0.845037],[0.0216974,-0.884489,0.466057]],[[0.958207,-0.114608,-0.262114],[0.271415,0.653754,0.706356],[0.0904041,-0.747977,0.657538]]],"btipPosition":[42.0553,290.268,36.0842],"carpPosition":[45.6155,166.893,93.9628],"dipPosition":[43.4708,278.557,46.3796],"direction":[-0.0216974,0.884489,-0.466057],"extended":true,"handId":49,"id":492,"length":55.8295,"mcpPosition":[41.9828,218.68,67.1206],"pipPosition":[43.9848,257.6,57.4219],"stabilizedTipPosition":[42.9912,286.547,38.4482],"timeVisible":7.66604,"tipPosition":[43.4632,289.095,42.0661],"tipVelocity":[3.22063,7.94414,-6.60639],"tool":false,"touchDistance":0.329374,"touchZone":"hovering","type":2,"width":15.3931},{"bases":[[[0.930957,-0.242331,-0.273121],[0.35458,0.421502,0.834631],[-0.0871358,-0.873849,0.478326]],[[0.929956,-0.251805,-0.267911],[0.316223,0.176022,0.932212],[-0.187578,-0.951636,0.243319]],[[0.929956,-0.251805,-0.267911],[0.354064,0.416918,0.837149],[-0.0991014,-0.873369,0.476871]],[[0.929956,-0.251805,-0.267911],[0.367629,0.625723,0.687982],[-0.00559928,-0.738285,0.674466]]],"btipPosition":[69.5122,279.972,35.7413],"carpPosition":[55.5825,167.042,91.4046],"dipPosition":[69.425,268.479,46.241],"direction":[0.0991014,0.873369,-0.476871],"extended":true,"handId":49,"id":493,"length":53.6816,"mcpPosition":[60.1547,212.894,66.3057],"pipPosition":[67.1377,248.321,57.2477],"stabilizedTipPosition":[70.0972,276.274,38.1642],"timeVisible":7.66604,"tipPosition":[72.7765,278.715,42.5452],"tipVelocity":[3.0978,7.42072,-4.29003],"tool":false,"touchDistance":0.31705,"touchZone":"hovering","type":3,"width":14.6475},{"bases":[[[0.843145,-0.408132,-0.35005],[0.48596,0.29981,0.820948],[-0.230106,-0.862289,0.451119]],[[0.832218,-0.445632,-0.329887],[0.390279,0.0482196,0.919433],[-0.393822,-0.893916,0.21405]],[[0.832218,-0.445632,-0.329887],[0.478984,0.278169,0.832584],[-0.279262,-0.850902,0.444948]],[[0.832218,-0.445632,-0.329887],[0.529794,0.463693,0.710145],[-0.163498,-0.765768,0.621987]]],"btipPosition":[94.2172,255.858,40.3914],"carpPosition":[64.5388,162.774,84.7935],"dipPosition":[91.8691,244.86,49.3242],"direction":[0.279262,0.850902,-0.444948],"extended":true,"handId":49,"id":494,"length":42.0854,"mcpPosition":[75.7157,204.658,62.8813],"pipPosition":[87.3182,230.993,56.5752],"stabilizedTipPosition":[94.4519,252.274,42.7386],"timeVisible":7.66604,"tipPosition":[97.7705,253.506,46.1066],"tipVelocity":[0.679741,5.87032,-3.79999],"tool":false,"touchDistance":0.2952,"touchZone":"hovering","type":4,"width":13.0111}],"r":[[0.354615,-0.227044,0.907028],[-0.825674,0.379173,0.417721],[-0.438761,-0.897039,-0.0530038]],"s":1.34578,"t":[40.5215,50.691,-63.6864],"timestamp":17303365376},{"currentFrameRate":113.447,"devices":[],"gestures":[],"hands":[{"armBasis":[[0.946656,-0.0732922,-0.313801],[-0.00757043,-0.978581,0.205722],[-0.322158,-0.192372,-0.926934]],"armWidth":52.1639,"confidence":1,"direction":[-0.011302,0.944341,-0.328774],"elbow":[-25.573,96.7968,-130.166],"grabAngle":0.232259,"grabStrength":0,"id":49,"palmNormal":[-0.145743,-0.32684,-0.933774],"palmPosition":[44.191,197.642,70.3225],"palmVelocity":[-0.0243262,11.9151,2.61503],"palmWidth":76.2204,"pinchDistance":66.2916,"pinchStrength":0,"r":[[0.354518,-0.226701,0.907151],[-0.825636,0.379499,0.4175],[-0.43891,-0.896988,-0.0526329]],"s":1.34577,"sphereCenter":[45.3527,253.924,103.575],"sphereRadius":70.0989,"stabilizedPalmPosition":[44.6437,196.752,70.3776],"t":[40.51,50.7856,-63.6833],"timeVisible":7.67478,"type":"right","wrist":[47.2905,140.306,79.4817]}],"id":26967,"interactionBox":{"center":[0,200,0],"size":[235.247,235.247,147.751]},"pointables":[{"bases":[[[0.526226,0.461571,0.71417],[-0.726559,-0.192306,0.659644],[0.441811,-0.866008,0.234162]],[[0.325553,0.749088,0.576959],[-0.75061,-0.166316,0.639471],[0.574978,-0.641253,0.508129]],[[0.325553,0.749088,0.576959],[-0.870528,-0.000706266,0.492118],[0.369047,-0.66247,0.651872]],[[0.325553,0.749088,0.576959],[-0.92892,0.139536,0.342983],[0.176418,-0.647608,0.741269]]],"btipPosition":[-11.3305,209.36,29.3202],"carpPosition":[26.6362,151.098,83.5408],"dipPosition":[-7.89042,196.731,43.7748],"direction":[-0.369047,0.66247,-0.651872],"extended":true,"handId":49,"id":490,"length":43.4232,"mcpPosition":[26.6362,151.098,83.5408],"pipPosition":[2.5936,177.912,62.2934],"stabilizedTipPosition":[-10.274,205.39,32.9239],"timeVisible":7.67478,"tipPosition":[-13.5638,207.756,35.8235],"tipVelocity":[-0.268485,10.9366,0.337047],"tool":false,"touchDistance":0.29315,"touchZone":"hovering","type":0,"width":16.4083},{"bases":[[[0.973316,0.121724,-0.194521],[0.117839,0.46225,0.878885],[0.196899,-0.878356,0.435571]],[[0.987026,0.0426745,-0.154783],[0.143375,0.19965,0.969321],[0.0722678,-0.978938,0.190941]],[[0.987026,0.0426745,-0.154783],[0.121351,0.432963,0.893206],[0.105133,-0.900401,0.422168]],[[0.987026,0.0426745,-0.154783],[0.0896302,0.653387,0.751699],[0.133212,-0.75582,0.641085]]],"btipPosition":[16.8708,282.729,43.6273],"carpPosition":[35.6057,164.663,94.9337],"dipPosition":[18.7672,271.969,52.7536],"direction":[-0.105133,0.900401,-0.422168],"extended":true,"handId":49,"id":491,"length":48.9982,"mcpPosition":[23.4713,218.794,68.0904],"pipPosition":[20.8844,253.837,61.2555],"stabilizedTipPosition":[17.9949,279.114,45.725],"timeVisible":7.67478,"tipPosition":[15.7292,281.218,47.2994],"tipVelocity":[-1.09973,11.7778,0.856069],"tool":false,"touchDistance":0.326107,"touchZone":"hovering","type":1,"width":15.6732},{"bases":[[[0.956524,-0.078662,-0.280845],[0.284988,0.456777,0.842696],[0.0619953,-0.886096,0.459336]],[[0.95825,-0.114494,-0.262006],[0.281586,0.218767,0.934265],[-0.0496492,-0.969037,0.241873]],[[0.95825,-0.114494,-0.262006],[0.285099,0.452424,0.845004],[0.0217901,-0.884423,0.466177]],[[0.95825,-0.114494,-0.262006],[0.271261,0.653756,0.706414],[0.0904081,-0.747993,0.65752]]],"btipPosition":[42.0469,290.368,36.0881],"carpPosition":[45.608,166.998,93.9872],"dipPosition":[43.4624,278.656,46.3832],"direction":[-0.0217901,0.884423,-0.466177],"extended":true,"handId":49,"id":492,"length":55.8295,"mcpPosition":[41.9848,218.784,67.1421],"pipPosition":[43.9787,257.701,57.4284],"stabilizedTipPosition":[42.9815,286.564,38.4483],"timeVisible":7.67478,"tipPosition":[43.4738,289.196,42.0787],"tipVelocity":[-0.960453,11.3817,0.441636],"tool":false,"touchDistance":0.329439,"touchZone":"hovering","type":2,"width":15.3931},{"bases":[[[0.930998,-0.242409,-0.27291],[0.35443,0.42151,0.834691],[-0.0873025,-0.873823,0.478343]],[[0.930018,-0.251683,-0.267811],[0.316214,0.17665,0.932096],[-0.187284,-0.951552,0.243874]],[[0.930018,-0.251683,-0.267811],[0.353956,0.417292,0.837008],[-0.0989055,-0.873226,0.477173]],[[0.930018,-0.251683,-0.267811],[0.367475,0.626212,0.68762],[-0.00535598,-0.737912,0.674875]]],"btipPosition":[69.4947,280.063,35.7329],"carpPosition":[55.5755,167.146,91.4311],"dipPosition":[69.4114,268.576,46.239],"direction":[0.0989055,0.873226,-0.477173],"extended":true,"handId":49,"id":493,"length":53.6816,"mcpPosition":[60.1565,212.997,66.3314],"pipPosition":[67.1285,248.421,57.2528],"stabilizedTipPosition":[70.0877,276.291,38.164],"timeVisible":7.67478,"tipPosition":[72.7784,278.812,42.558],"tipVelocity":[-1.90065,10.518,-0.782589],"tool":false,"touchDistance":0.316936,"touchZone":"hovering","type":3,"width":14.6475},{"bases":[[[0.843191,-0.408207,-0.349851],[0.485805,0.299808,0.821041],[-0.230266,-0.862254,0.451105]],[[0.832361,-0.445378,-0.32987],[0.390657,0.0492748,0.919217],[-0.393145,-0.893986,0.215004]],[[0.832361,-0.445378,-0.32987],[0.479002,0.27868,0.832403],[-0.278806,-0.850868,0.445299]],[[0.832361,-0.445378,-0.32987],[0.529717,0.464228,0.709853],[-0.163018,-0.765592,0.62233]]],"btipPosition":[94.1849,255.958,40.382],"carpPosition":[64.5329,162.877,84.8222],"dipPosition":[91.8436,244.963,49.3197],"direction":[0.278806,0.850868,-0.445299],"extended":true,"handId":49,"id":494,"length":42.0854,"mcpPosition":[75.7176,204.759,62.9107],"pipPosition":[87.3001,231.097,56.5764],"stabilizedTipPosition":[94.439,252.292,42.7338],"timeVisible":7.67478,"tipPosition":[97.764,253.604,46.1248],"tipVelocity":[-3.52286,11.5665,-0.943207],"tool":false,"touchDistance":0.295063,"touchZone":"hovering","type":4,"width":13.0111}],"r":[[0.354518,-0.226701,0.907151],[-0.825636,0.379499,0.4175],[-0.43891,-0.896988,-0.0526329]],"s":1.34577,"t":[40.51,50.7856,-63.6833],"timestamp":17303374118},{"currentFrameRate":113.553,"devices":[],"gestures":[],"hands":[{"arm