{"frames":57,"data":[{"currentFrameRate":114.273,"devices":[],"gestures":[],"hands":[{"armBasis":[[0.87154,0.212336,-0.441964],[0.152888,0.738747,0.656413],[0.46588,-0.639661,0.611384]],"armWidth":48.9085,"confidence":1,"direction":[0.0601048,0.870432,-0.488605],"elbow":[143.529,-70.4142,262.932],"grabAngle":0.195248,"grabStrength":0,"id":56,"palmNormal":[-0.140933,-0.477187,-0.867428],"palmPosition":[35.3289,118.068,97.4194],"palmVelocity":[-5.15699,0.935553,0.427343],"palmWidth":72.7825,"pinchDistance":62.3574,"pinchStrength":0,"r":[[0.3354,0.249705,0.90838],[-0.357435,0.925865,-0.122536],[-0.871635,-0.283588,0.399788]],"s":1.26962,"sphereCenter":[34.6416,186.825,138.879],"sphereRadius":82.3827,"stabilizedPalmPosition":[33.6069,119.161,97.8146],"t":[30.4418,-37.6123,-41.6929],"timeVisible":9.80791,"type":"right","wrist":[42.9122,67.7346,130.89]}],"id":32968,"interactionBox":{"center":[0,200,0],"size":[235.247,235.247,147.751]},"pointables":[{"bases":[[[0.535429,0.54797,0.642686],[-0.755721,-0.0289164,0.654255],[0.377096,-0.835998,0.39863]],[[0.385094,0.788432,0.479664],[-0.690799,-0.098387,0.716322],[0.611964,-0.607202,0.50676]],[[0.385094,0.788432,0.479664],[-0.809017,0.0383134,0.586535],[0.444066,-0.613927,0.652609]],[[0.385094,0.788432,0.479664],[-0.89193,0.184492,0.412825],[0.23699,-0.586803,0.774273]]],"btipPosition":[-24.9167,128.375,65.8467],"carpPosition":[15.3288,77.6361,116.936],"dipPosition":[-20.6778,117.879,79.6958],"direction":[-0.444066,0.613927,-0.652609],"extended":true,"handId":56,"id":560,"length":39.8308,"mcpPosition":[15.3288,77.6361,116.936],"pipPosition":[-9.10623,101.881,96.7016],"stabilizedTipPosition":[-26.4351,126.531,70.2601],"timeVisible":9.80791,"tipPosition":[-24.5819,126.985,70.9913],"tipVelocity":[-4.07243,-3.13135,-2.66493],"tool":false,"touchDistance":0.188423,"touchZone":"hovering","type":0,"width":15.2554},{"bases":[[[0.984256,0.0268678,-0.174695],[0.12355,0.602208,0.788721],[0.126394,-0.797887,0.589408]],[[0.985926,0.0157157,-0.166441],[0.149644,0.360942,0.920504],[0.0745421,-0.932456,0.353511]],[[0.985926,0.0157157,-0.166441],[0.117437,0.643477,0.756403],[0.118989,-0.765304,0.632575]],[[0.985926,0.0157157,-0.166441],[0.0747002,0.84925,0.52268],[0.149565,-0.527757,0.836124]]],"btipPosition":[10.3862,190.369,56.8182],"carpPosition":[24.4228,91.7692,125.715],"dipPosition":[12.3392,183.477,67.7363],"direction":[-0.118989,0.765304,-0.632575],"extended":true,"handId":56,"id":561,"length":44.9446,"mcpPosition":[16.9848,138.723,91.0291],"pipPosition":[14.5372,169.34,79.4216],"stabilizedTipPosition":[9.24055,190.176,60.5113],"timeVisible":9.80791,"tipPosition":[11.9682,188.928,59.3851],"tipVelocity":[-8.24468,-1.01849,-1.42591],"tool":false,"touchDistance":0.163991,"touchZone":"hovering","type":1,"width":14.572},{"bases":[[[0.956703,-0.184235,-0.225338],[0.290917,0.580418,0.760581],[-0.00933511,-0.793204,0.608884]],[[0.953833,-0.237966,-0.183237],[0.23845,0.22907,0.943752],[-0.182607,-0.943875,0.275238]],[[0.953833,-0.237966,-0.183237],[0.278974,0.475989,0.834031],[-0.111252,-0.846645,0.5204]],[[0.953833,-0.237966,-0.183237],[0.29998,0.725011,0.619977],[-0.0146845,-0.646321,0.762924]]],"btipPosition":[43.9981,199.947,58.4224],"carpPosition":[34.1215,93.227,124.809],"dipPosition":[43.7872,190.664,69.3796],"direction":[0.111252,0.846645,-0.5204],"extended":true,"handId":56,"id":562,"length":51.2108,"mcpPosition":[34.6424,137.493,90.8286],"pipPosition":[41.3693,172.264,80.6894],"stabilizedTipPosition":[41.3052,199.506,62.1809],"timeVisible":9.80791,"tipPosition":[43.9822,196.945,59.821],"tipVelocity":[-8.51194,-0.250452,-2.43784],"tool":false,"touchDistance":0.177315,"touchZone":"hovering","type":2,"width":14.3116},{"bases":[[[0.920231,-0.34218,-0.18997],[0.35808,0.54019,0.76156],[-0.15797,-0.768835,0.619627]],[[0.905915,-0.398474,-0.143308],[0.226933,0.171113,0.95876],[-0.357519,-0.901077,0.245441]],[[0.905915,-0.398474,-0.143308],[0.30704,0.385034,0.870331],[-0.291626,-0.832447,0.471155]],[[0.905915,-0.398474,-0.143308],[0.38091,0.618953,0.686881],[-0.185003,-0.676843,0.712501]]],"btipPosition":[72.6317,188.945,63.1762],"carpPosition":[43.6923,92.364,122.753],"dipPosition":[69.99,179.28,73.3504],"direction":[0.291626,0.832447,-0.471155],"extended":true,"handId":56,"id":563,"length":49.2406,"mcpPosition":[51.6075,130.887,91.7067],"pipPosition":[63.8157,161.656,83.3256],"stabilizedTipPosition":[69.2745,189.326,67.603],"timeVisible":9.80791,"tipPosition":[71.5649,186.22,64.7563],"tipVelocity":[-7.60075,0.669996,-2.26341],"tool":false,"touchDistance":0.168218,"touchZone":"hovering","type":3,"width":13.6184},{"bases":[[[0.823863,-0.513384,-0.240181],[0.481478,0.410331,0.774472],[-0.299048,-0.753701,0.58524]],[[0.772522,-0.616066,-0.15386],[0.238166,0.0565018,0.96958],[-0.588632,-0.785665,0.190375]],[[0.772522,-0.616066,-0.15386],[0.377949,0.251398,0.891041],[-0.51026,-0.746499,0.427052]],[[0.772522,-0.616066,-0.15386],[0.520178,0.47502,0.709768],[-0.364177,-0.628346,0.687428]]],"btipPosition":[94.3332,162.358,69.8595],"carpPosition":[52.1307,86.732,117.588],"dipPosition":[89.5357,154.081,78.9153],"direction":[0.51026,0.746499,-0.427052],"extended":true,"handId":56,"id":564,"length":38.6037,"mcpPosition":[66.0011,121.69,90.4436],"pipPosition":[81.9082,142.922,85.2989],"stabilizedTipPosition":[91.0334,163.532,74.361],"timeVisible":9.80791,"tipPosition":[92.6616,160.245,71.3812],"tipVelocity":[-6.68369,1.43576,-1.83138],"tool":false,"touchDistance":0.173019,"touchZone":"hovering","type":4,"width":12.0969}],"r":[[0.3354,0.249705,0.90838],[-0.357435,0.925865,-0.122536],[-0.871635,-0.283588,0.399788]],"s":1.26962,"t":[30.4418,-37.6123,-41.6929],"timestamp":17356342744},{"currentFrameRate":114.233,"devices":[],"gestures":[],"hands":[{"armBasis":[[0.871662,0.212866,-0.441467],[0.152432,0.738335,0.656982],[0.4658,-0.63996,0.611131]],"armWidth":48.9085,"confidence":1,"direction":[0.0598682,0.870442,-0.488617],"elbow":[143.487,-70.4562,262.897],"grabAngle":0.195488,"grabStrength":0,"id":56,"palmNormal":[-0.14054,-0.477269,-0.867446],"palmPosition":[35.2932,118.091,97.4403],"palmVelocity":[-4.04554,2.50675,2.36201],"palmWidth":72.7825,"pinchDistance":62.3585,"pinchStrength":0,"r":[[0.335234,0.249766,0.908425],[-0.357582,0.925801,-0.122586],[-0.871638,-0.283741,0.399672]],"s":1.26963,"sphereCenter":[34.571,186.836,138.873],"sphereRadius":82.3638,"stabilizedPalmPosition":[33.6105,119.158,97.8138],"t":[30.4051,-37.5981,-41.6838],"timeVisible":9.81673,"type":"right","wrist":[42.887,67.7571,130.91]}],"id":32969,"interactionBox":{"center":[0,200,0],"size":[235.247,235.247,147.751]},"pointables":[{"bases":[[[0.53506,0.548204,0.642794],[-0.755861,-0.0292007,0.65408],[0.377339,-0.835835,0.398742]],[[0.384603,0.788674,0.47966],[-0.691043,-0.0985102,0.716069],[0.611996,-0.606868,0.50712]],[[0.384603,0.788674,0.47966],[-0.809204,0.0380383,0.586295],[0.44415,-0.613634,0.652828]],[[0.384603,0.788674,0.47966],[-0.892123,0.184133,0.412568],[0.23706,-0.586591,0.774412]]],"btipPosition":[-24.9454,128.365,65.8415],"carpPosition":[15.3049,77.6507,116.953],"dipPosition":[-20.7052,117.872,79.6931],"direction":[-0.44415,0.613634,-0.652828],"extended":true,"handId":56,"id":560,"length":39.8308,"mcpPosition":[15.3049,77.6507,116.953],"pipPosition":[-9.13147,101.882,96.7046],"stabilizedTipPosition":[-26.4298,126.529,70.2575],"timeVisible":9.81673,"tipPosition":[-24.6145,126.981,70.9962],"tipVelocity":[-3.22045,-1.04841,-0.523291],"tool":false,"touchDistance":0.188346,"touchZone":"hovering","type":0,"width":15.2554},{"bases":[[[0.984286,0.0272582,-0.174468],[0.123126,0.602281,0.788731],[0.126578,-0.797818,0.589461]],[[0.985951,0.0161608,-0.166253],[0.149305,0.361016,0.92053],[0.0748967,-0.93242,0.353531]],[[0.985951,0.0161608,-0.166253],[0.117022,0.643404,0.75653],[0.119194,-0.765356,0.632474]],[[0.985951,0.0161608,-0.166253],[0.0742341,0.849224,0.522788],[0.149635,-0.527785,0.836093]]],"btipPosition":[10.3273,190.384,56.8358],"carpPosition":[24.3911,91.7878,125.734],"dipPosition":[12.2812,183.492,67.7535],"direction":[-0.119194,0.765356,-0.632474],"extended":true,"handId":56,"id":561,"length":44.9446,"mcpPosition":[16.9423,138.738,91.0451],"pipPosition":[14.4831,169.354,79.437],"stabilizedTipPosition":[9.24502,190.172,60.5079],"timeVisible":9.81673,"tipPosition":[11.9124,188.939,59.3984],"tipVelocity":[-6.64958,1.65598,1.98278],"tool":false,"touchDistance":0.164283,"touchZone":"hovering","type":1,"width":14.572},{"bases":[[[0.956829,-0.183857,-0.225111],[0.290507,0.580557,0.760631],[-0.00915732,-0.79319,0.608906]],[[0.953973,-0.237564,-0.183028],[0.238156,0.229219,0.943791],[-0.182257,-0.94394,0.275246]],[[0.953973,-0.237564,-0.183028],[0.278612,0.476271,0.833991],[-0.110956,-0.846599,0.520537]],[[0.953973,-0.237564,-0.183028],[0.299543,0.725329,0.619816],[-0.0144907,-0.646113,0.763105]]],"btipPosition":[43.934,199.967,58.4366],"carpPosition":[34.0894,93.2494,124.83],"dipPosition":[43.7259,190.687,69.3964],"direction":[0.110956,0.846599,-0.520537],"extended":true,"handId":56,"id":562,"length":51.2108,"mcpPosition":[34.6005,137.515,90.8487],"pipPosition":[41.3145,172.288,80.7092],"stabilizedTipPosition":[41.3114,199.502,62.178],"timeVisible":9.81673,"tipPosition":[43.9235,196.97,59.8421],"tipVelocity":[-7.19018,2.35101,1.67912],"tool":false,"touchDistance":0.177562,"touchZone":"hovering","type":2,"width":14.3116},{"bases":[[[0.920412,-0.341816,-0.189747],[0.357686,0.540357,0.761627],[-0.157805,-0.76888,0.619613]],[[0.906102,-0.398135,-0.143069],[0.22667,0.171332,0.958784],[-0.357213,-0.901185,0.245489]],[[0.906102,-0.398135,-0.143069],[0.306746,0.385378,0.870282],[-0.291354,-0.83245,0.471318]],[[0.906102,-0.398135,-0.143069],[0.38057,0.619363,0.686699],[-0.184787,-0.676667,0.712724]]],"btipPosition":[72.5729,188.975,63.1921],"carpPosition":[43.6611,92.3902,122.777],"dipPosition":[69.9342,179.313,73.3695],"direction":[0.291354,0.83245,-0.471318],"extended":true,"handId":56,"id":563,"length":49.2406,"mcpPosition":[51.568,130.915,91.7309],"pipPosition":[63.7658,161.688,83.3481],"stabilizedTipPosition":[69.2796,189.321,67.599],"timeVisible":9.81673,"tipPosition":[71.5098,186.256,64.7842],"tipVelocity":[-6.58776,3.43682,1.88967],"tool":false,"touchDistance":0.168496,"touchZone":"hovering","type":3,"width":13.6184},{"bases":[[[0.824124,-0.51306,-0.239975],[0.481133,0.410548,0.774572],[-0.298881,-0.753803,0.585193]],[[0.772756,-0.615839,-0.153591],[0.23799,0.0568097,0.969605],[-0.588395,-0.785821,0.190464]],[[0.772756,-0.615839,-0.153591],[0.377813,0.251873,0.890964],[-0.510005,-0.746527,0.427308]],[[0.772756,-0.615839,-0.153591],[0.520003,0.475539,0.709549],[-0.363929,-0.628176,0.687714]]],"btipPosition":[94.2842,162.395,69.8773],"carpPosition":[52.1029,86.7615,117.614],"dipPosition":[89.4899,154.12,78.9369],"direction":[0.510005,0.746527,-0.427308],"extended":true,"handId":56,"id":564,"length":38.6037,"mcpPosition":[65.9656,121.724,90.4714],"pipPosition":[81.8663,142.96,85.3244],"stabilizedTipPosition":[91.0374,163.526,74.3566],"timeVisible":9.81673,"tipPosition":[92.6156,160.29,71.4147],"tipVelocity":[-5.47196,4.21076,2.11912],"tool":false,"touchDistance":0.173331,"touchZone":"hovering","type":4,"width":12.0969}],"r":[[0.335234,0.249766,0.908425],[-0.357582,0.925801,-0.122586],[-0.871638,-0.283741,0.399672]],"s":1.26963,"t":[30.4051,-37.5981,-41.6838],"timestamp":17356351565},{"currentFrameRate":114.328,"devices":[],"gestures":[],"hands":[{"armBasis":[[0.871747,0.213085,-0.441193],[0.152237,0.738103,0.657288],[0.465704,-0.640155,0.611]],"armWidth":48.9085,"confidence":1,"direction":[0.0596241,0.870514,-0.488518],"elbow":[143.423,-70.488,262.857],"grabAngle":0.195699,"grabStrength":0,"id":56,"palmNormal":[-0.140422,-0.477208,-0.867499],"palmPosition":[35.2392,118.104,97.4357],"palmVelocity":[-6.28939,1.57648,-0.535565],"palmWidth":72.7825,"pinchDistance":62.3574,"pinchStrength":0,"r":[[0.33509,0.249812,0.908465],[-0.357751,0.925734,-0.122603],[-0.871624,-0.283921,0.399575]],"s":1.26959,"sphereCenter":[34.5084,186.831,138.856],"sphereRadius":82.3446,"stabilizedPalmPosition":[33.6142,119.156,97.8129],"t":[30.3597,-37.5843,-41.6816],"timeVisible":9.82532,"type":"right","wrist":[42.8444,67.7674,130.898]}],"id":32970,"interactionBox":{"center":[0,200,0],"size":[235.247,235.247,147.751]},"pointables":[{"bases":[[[0.534919,0.548276,0.642849],[-0.755844,-0.0294821,0.654087],[0.377573,-0.835778,0.398641]],[[0.384358,0.788766,0.479706],[-0.691158,-0.0986219,0.715943],[0.612021,-0.606731,0.507256]],[[0.384358,0.788766,0.479706],[-0.809333,0.0379146,0.586126],[0.444128,-0.613524,0.652947]],[[0.384358,0.788766,0.479706],[-0.892256,0.184019,0.412331],[0.236958,-0.586503,0.77451]]],"btipPosition":[-24.9866,128.36,65.8223],"carpPosition":[15.2622,77.6566,116.944],"dipPosition":[-20.7483,117.87,79.6756],"direction":[-0.444128,0.613524,-0.652947],"extended":true,"handId":56,"id":560,"length":39.8308,"mcpPosition":[15.2622,77.6566,116.944],"pipPosition":[-9.17514,101.883,96.6902],"stabilizedTipPosition":[-26.4246,126.528,70.2548],"timeVisible":9.82532,"tipPosition":[-24.6703,126.98,70.9905],"tipVelocity":[-4.8537,-0.435622,-2.19276],"tool":false,"touchDistance":0.188032,"touchZone":"hovering","type":0,"width":15.2554},{"bases":[[[0.984276,0.0275469,-0.174478],[0.122972,0.602225,0.788799],[0.126804,-0.797851,0.589367]],[[0.98594,0.0164772,-0.166286],[0.149249,0.360691,0.920667],[0.0751478,-0.93254,0.35316]],[[0.98594,0.0164772,-0.166286],[0.116929,0.642869,0.756999],[0.119373,-0.765799,0.631903]],[[0.98594,0.0164772,-0.166286],[0.0740869,0.848866,0.52339],[0.149778,-0.52835,0.835711]]],"btipPosition":[10.2542,190.412,56.8615],"carpPosition":[24.3447,91.7951,125.726],"dipPosition":[12.21,183.513,67.7742],"direction":[-0.119373,0.765799,-0.631903],"extended":true,"handId":56,"id":561,"length":44.9446,"mcpPosition":[16.8826,138.747,91.0431],"pipPosition":[14.4151,169.367,79.4471],"stabilizedTipPosition":[9.24927,190.168,60.5046],"timeVisible":9.82532,"tipPosition":[11.8366,188.951,59.4022],"tipVelocity":[-8.46856,3.15402,2.86238],"tool":false,"touchDistance":0.164692,"touchZone":"hovering","type":1,"width":14.572},{"bases":[[[0.956876,-0.18357,-0.225145],[0.290359,0.580549,0.760693],[-0.00893268,-0.793262,0.608815]],[[0.954038,-0.237252,-0.183093],[0.23813,0.229218,0.943797],[-0.181949,-0.944018,0.275179]],[[0.954038,-0.237252,-0.183093],[0.278525,0.476453,0.833916],[-0.110613,-0.846584,0.520635]],[[0.954038,-0.237252,-0.183093],[0.29935,0.725544,0.619657],[-0.0141727,-0.645985,0.763218]]],"btipPosition":[43.8512,199.981,58.4329],"carpPosition":[34.0426,93.2595,124.823],"dipPosition":[43.6477,190.704,69.3943],"direction":[0.110613,0.846584,-0.520635],"extended":true,"handId":56,"id":562,"length":51.2108,"mcpPosition":[34.5411,137.529,90.8463],"pipPosition":[41.2437,172.305,80.7093],"stabilizedTipPosition":[41.3177,199.498,62.1749],"timeVisible":9.82532,"tipPosition":[43.8474,196.991,59.8472],"tipVelocity":[-9.51671,1.7783,-0.383502],"tool":false,"touchDistance":0.177507,"touchZone":"hovering","type":2,"width":14.3116},{"bases":[[[0.920503,-0.341543,-0.189799],[0.357549,0.540367,0.761684],[-0.157587,-0.768994,0.619527]],[[0.906213,-0.397854,-0.143141],[0.22671,0.171446,0.958754],[-0.356903,-0.901287,0.245564]],[[0.906213,-0.397854,-0.143141],[0.306765,0.385672,0.870145],[-0.290985,-0.832448,0.471549]],[[0.906213,-0.397854,-0.143141],[0.380494,0.619705,0.686433],[-0.184395,-0.676519,0.712966]]],"btipPosition":[72.4914,188.995,63.1779],"carpPosition":[43.6144,92.4031,122.769],"dipPosition":[69.8583,179.335,73.3587],"direction":[0.290985,0.832448,-0.471549],"extended":true,"handId":56,"id":563,"length":49.2406,"mcpPosition":[51.5104,130.934,91.7275],"pipPosition":[63.6976,161.71,83.3422],"stabilizedTipPosition":[69.285,189.316,67.5947],"timeVisible":9.82532,"tipPosition":[71.4373,186.283,64.7878],"tipVelocity":[-9.34794,2.38147,-1.56808],"tool":false,"touchDistance":0.168271,"touchZone":"hovering","type":3,"width":13.6184},{"bases":[[[0.824261,-0.512808,-0.240045],[0.481032,0.41059,0.774612],[-0.298667,-0.753952,0.58511]],[[0.772924,-0.615608,-0.153674],[0.238143,0.0569682,0.969558],[-0.588113,-0.785991,0.190635]],[[0.772924,-0.615608,-0.153674],[0.378044,0.252293,0.890747],[-0.50958,-0.746575,0.42773]],[[0.772924,-0.615608,-0.153674],[0.520124,0.476017,0.70914],[-0.3634,-0.628041,0.688117]]],"btipPosition":[94.2082,162.421,69.8565],"carpPosition":[52.0577,86.7773,117.606],"dipPosition":[89.4209,154.148,78.9214],"direction":[0.50958,0.746575,-0.42773],"extended":true,"handId":56,"id":564,"length":38.6037,"mcpPosition":[65.9105,121.747,90.4669],"pipPosition":[81.8036,142.988,85.3152],"stabilizedTipPosition":[91.0414,163.521,74.3518],"timeVisible":9.82532,"tipPosition":[92.5505,160.322,71.4149],"tipVelocity":[-8.66684,3.10197,-2.28456],"tool":false,"touchDistance":0.173004,"touchZone":"hovering","type":4,"width":12.0969}],"r":[[0.33509,0.249812,0.908465],[-0.357751,0.925734,-0.122603],[-0.871624,-0.283921,0.399575]],"s":1.26959,"t":[30.3597,-37.5843,-41.6816],"timestamp":17356360150},{"currentFrameRate":114.332,"devices":[],"gestures":[],"hands":[{"armBasis":[[0.871786,0.213099,-0.44111],[0.152204,0.73805,0.657356],[0.465643,-0.640212,0.610987]],"armWidth":48.9085,"confidence":1,"direction":[0.0595363,0.870712,-0.488177],"elbow":[143.332,-70.5238,262.804],"grabAngle":0.19679,"grabStrength":0,"id":56,"palmNormal":[-0.140415,-0.476877,-0.867682],"palmPosition":[35.1566,118.092,97.4032],"palmVelocity":[-9.45152,-1.39213,-3.71552],"palmWidth":72.7825,"pinchDistance":62.356,"pinchStrength":0,"r":[[0.334978,0.249783,0.908514],[-0.357902,0.925683,-0.122542],[-0.871606,-0.28411,0.399481]],"s":1.26951,"sphereCenter":[34.4578,186.72,138.717],"sphereRadius":82.221,"stabilizedPalmPosition":[33.6179,119.153,97.8119],"t":[30.2958,-37.5834,-41.6967],"timeVisible":9.83405,"type":"right","wrist":[42.7659,67.744,130.848]}],"id":32971,"interactionBox":{"center":[0,200,0],"size":[235.247,235.247,147.751]},"pointables":[{"bases":[[[0.534898,0.548065,0.643046],[-0.755818,-0.0298011,0.654103],[0.377655,-0.835905,0.398297]],[[0.384225,0.788707,0.479908],[-0.691292,-0.0987728,0.715793],[0.611953,-0.606782,0.507276]],[[0.384225,0.788707,0.479908],[-0.8095,0.037851,0.585898],[0.443938,-0.613602,0.653002]],[[0.384225,0.788707,0.479908],[-0.892482,0.184248,0.411739],[0.23632,-0.586509,0.7747]]],"btipPosition":[-25.0462,128.343,65.7689],"carpPosition":[15.1835,77.6351,116.897],"dipPosition":[-20.8193,117.853,79.6257],"direction":[-0.443938,0.613602,-0.653002],"extended":true,"handId":56,"id":560,"length":39.8308,"mcpPosition":[15.1835,77.6351,116.897],"pipPosition":[-9.25108,101.863,96.6417],"stabilizedTipPosition":[-26.4199,126.527,70.2522],"timeVisible":9.83405,"tipPosition":[-24.7529,126.971,70.9589],"tipVelocity":[-7.11722,-1.97802,-6.01596],"tool":false,"touchDistance":0.187156,"touchZone":"hovering","type":0,"width":15.2554},{"bases":[[[0.984267,0.0276949,-0.174502],[0.122952,0.601923,0.789032],[0.126889,-0.798074,0.589048]],[[0.985923,0.0166904,-0.166365],[0.149281,0.360281,0.920822],[0.0753072,-0.932694,0.352718]],[[0.985923,0.0166904,-0.166365],[0.116896,0.642609,0.757225],[0.119546,-0.766013,0.631611]],[[0.985923,0.0166904,-0.166365],[0.0739199,0.848973,0.52324],[0.149973,-0.528172,0.835789]]],"btipPosition":[10.1587,190.408,56.8568],"carpPosition":[24.2653,91.7709,125.684],"dipPosition":[12.117,183.511,67.7705],"direction":[-0.119546,0.766013,-0.631611],"extended":true,"handId":56,"id":561,"length":44.9446,"mcpPosition":[16.7981,138.736,91.0194],"pipPosition":[14.3254,169.361,79.438],"stabilizedTipPosition":[9.25357,190.164,60.501],"timeVisible":9.83405,"tipPosition":[11.7464,188.952,59.3985],"tipVelocity":[-10.8568,-0.445533,-0.517184],"tool":false,"touchDistance":0.164617,"touchZone":"hovering","type":1,"width":14.572},{"bases":[[[0.956883,-0.183404,-0.225252],[0.29034,0.580272,0.760912],[-0.00884675,-0.793503,0.608502]],[[0.954051,-0.237102,-0.183222],[0.238161,0.22894,0.943857],[-0.181843,-0.944124,0.274889]],[[0.954051,-0.237102,-0.183222],[0.278585,0.476665,0.833775],[-0.110354,-0.846506,0.520816]],[[0.954051,-0.237102,-0.183222],[0.299329,0.726021,0.619109],[-0.0137689,-0.645505,0.763632]]],"btipPosition":[43.7515,199.967,58.409],"carpPosition":[33.963,93.2364,124.78],"dipPosition":[43.5538,190.696,69.3763],"direction":[0.110354,0.846506,-0.520816],"extended":true,"handId":56,"id":562,"length":51.2108,"mcpPosition":[34.4567,137.52,90.8216],"pipPosition":[41.1554,172.299,80.6952],"stabilizedTipPosition":[41.3242,199.494,62.1715],"timeVisible":9.83405,"tipPosition":[43.757,196.996,59.8476],"tipVelocity":[-11.2601,-1.45808,-2.583],"tool":false,"touchDistance":0.177131,"touchZone":"hovering","type":2,"width":14.3116},{"bases":[[[0.920523,-0.341394,-0.189967],[0.357533,0.540095,0.761884],[-0.157502,-0.769251,0.619229]],[[0.906238,-0.397733,-0.143325],[0.226814,0.171306,0.958754],[-0.356775,-0.901367,0.245455]],[[0.906238,-0.397733,-0.143325],[0.306988,0.385994,0.869923],[-0.290674,-0.832356,0.471902]],[[0.906238,-0.397733,-0.143325],[0.380694,0.620286,0.685797],[-0.183862,-0.676058,0.713541]]],"btipPosition":[72.389,188.981,63.1379],"carpPosition":[43.5348,92.3816,122.726],"dipPosition":[69.7635,179.327,73.327],"direction":[0.290674,0.832356,-0.471902],"extended":true,"handId":56,"id":563,"length":49.2406,"mcpPosition":[51.4266,130.925,91.6995],"pipPosition":[63.6094,161.704,83.318],"stabilizedTipPosition":[69.2906,189.31,67.59],"timeVisible":9.83405,"tipPosition":[71.3491,186.288,64.7827],"tipVelocity":[-11.5168,-1.47193,-4.3556],"tool":false,"touchDistance":0.167637,"touchZone":"hovering","type":3,"width":13.6184},{"bases":[[[0.824294,-0.512647,-0.240277],[0.481027,0.410323,0.774757],[-0.298585,-0.754207,0.584824]],[[0.772933,-0.615541,-0.153894],[0.238357,0.0569129,0.969509],[-0.588014,-0.786047,0.190708]],[[0.772933,-0.615541,-0.153894],[0.378558,0.252741,0.890402],[-0.509184,-0.746479,0.42837]],[[0.772933,-0.615541,-0.153894],[0.520658,0.476707,0.708284],[-0.362616,-0.627582,0.688949]]],"btipPosition":[94.1061,162.408,69.8018],"carpPosition":[51.9784,86.7585,117.56],"dipPosition":[89.3292,154.141,78.8777],"direction":[0.509184,0.746479,-0.42837],"extended":true,"handId":56,"id":564,"length":38.6037,"mcpPosition":[65.8274,121.74,90.4347],"pipPosition":[81.7178,142.982,85.281],"stabilizedTipPosition":[91.0455,163.514,74.3468],"timeVisible":9.83405,"tipPosition":[92.465,160.326,71.3983],"tipVelocity":[-11.4079,-1.31856,-5.96505],"tool":false,"touchDistance":0.172135,"touchZone":"hovering","type":4,"width":12.0969}],"r":[[0.334978,0.249783,0.908514],[-0.357902,0.925683,-0.122542],[-0.871606,-0.28411,0.399481]],"s":1.26951,"t":[30.2958,-37.5834,-41.6967],"timestamp":17356368889},{"currentFrameRate":114.317,"devices":[],"gestures":[],"hands":[{"armBasis":[[0.871781,0.212823,-0.441253],[0.152563,0.737976,0.657356],[0.465535,-0.640389,0.610884]],"armWidth":48.9085,"confidence":1,"direction":[0.0595393,0.870889,-0.48786],"elbow":[143.204,-70.5684,262.735],"grabAngle":0.19749,"grabStrength":0,"id":56,"palmNormal":[-0.140791,-0.476515,-0.86782],"palmPosition":[35.0522,118.098,97.3761],"palmVelocity":[-11.8957,0.744908,-3.08297],"palmWidth":72.7825,"pinchDistance":62.3537,"pinchStrength":0,"r":[[0.334957,0.249677,0.908551],[-0.357996,0.925666,-0.122397],[-0.871575,-0.28426,0.399442]],"s":1.26938,"sphereCenter":[34.3952,186.651,138.622],"sphereRadius":82.1323,"stabilizedPalmPosition":[33.6216,119.151,97.8108],"t":[30.2116,-37.5797,-41.7178],"timeVisible":9.84283,"type":"right","wrist":[42.6613,67.7376,130.801]}],"id":32972,"interactionBox":{"center":[0,200,0],"size":[235.247,235.247,147.751]},"pointables":[{"bases":[[[0.535214,0.547716,0.643081],[-0.755608,-0.0299113,0.654341],[0.377628,-0.83613,0.397849]],[[0.384427,0.788572,0.479969],[-0.691344,-0.0986241,0.715763],[0.611767,-0.606983,0.507261]],[[0.384427,0.788572,0.479969],[-0.809582,0.038139,0.585767],[0.443614,-0.613759,0.653075]],[[0.384427,0.788572,0.479969],[-0.892557,0.184748,0.411352],[0.235707,-0.586535,0.774867]]],"btipPosition":[-25.125,128.359,65.7285],"carpPosition":[15.078,77.6379,116.861],"dipPosition":[-20.909,117.867,79.5883],"direction":[-0.443614,0.613759,-0.653075],"extended":true,"handId":56,"id":560,"length":39.8308,"mcpPosition":[15.078,77.6379,116.861],"pipPosition":[-9.3492,101.874,96.6062],"stabilizedTipPosition":[-26.4151,126.526,70.2494],"timeVisible":9.84283,"tipPosition":[-24.862,126.996,70.9485],"tipVelocity":[-9.26037,1.73318,-4.52401],"tool":false,"touchDistance":0.186494,"touchZone":"hovering","type":0,"width":15.2554},{"bases":[[[0.984215,0.0275767,-0.174817],[0.123327,0.601595,0.789224],[0.126933,-0.798325,0.588698]],[[0.985872,0.016562,-0.16668],[0.149662,0.359768,0.920961],[0.075219,-0.932895,0.352206]],[[0.985872,0.016562,-0.16668],[0.117289,0.642162,0.757543],[0.119582,-0.76639,0.631146]],[[0.985872,0.016562,-0.16668],[0.0742491,0.848782,0.523504],[0.150145,-0.528484,0.83556]]],"btipPosition":[10.0561,190.438,56.8722],"carpPosition":[24.1653,91.7686,125.65],"dipPosition":[12.0167,183.537,67.7829],"direction":[-0.119582,0.76639,-0.631146],"extended":true,"handId":56,"id":561,"length":44.9446,"mcpPosition":[16.6955,138.748,91.0064],"pipPosition":[14.2257,169.38,79.4418],"stabilizedTipPosition":[9.25778,190.159,60.4972],"timeVisible":9.84283,"tipPosition":[11.6423,188.977,59.4066],"tipVelocity":[-11.6344,3.32319,1.6731],"tool":false,"touchDistance":0.164862,"touchZone":"hovering","type":1,"width":14.572},{"bases":[[[0.956773,-0.183498,-0.225639],[0.290701,0.579923,0.76104],[-0.00879547,-0.793737,0.608198]],[[0.953949,-0.237172,-0.18366],[0.23854,0.228554,0.943855],[-0.181879,-0.944199,0.274604]],[[0.953949,-0.237172,-0.18366],[0.279008,0.476685,0.833622],[-0.110164,-0.846476,0.520906]],[[0.953949,-0.237172,-0.18366],[0.299671,0.726229,0.618699],[-0.0133584,-0.645245,0.763859]]],"btipPosition":[43.6399,199.975,58.3949],"carpPosition":[33.863,93.2326,124.744],"dipPosition":[43.4481,190.708,69.3656],"direction":[0.110164,0.846476,-0.520906],"extended":true,"handId":56,"id":562,"length":51.2108,"mcpPosition":[34.3538,137.529,90.8022],"pipPosition":[41.0539,172.311,80.6864],"stabilizedTipPosition":[41.3309,199.489,62.1678],"timeVisible":9.84283,"tipPosition":[43.6551,197.016,59.8496],"tipVelocity":[-12.5627,0.964329,-1.51425],"tool":false,"touchDistance":0.176909,"touchZone":"hovering","type":2,"width":14.3116},{"bases":[[[0.920396,-0.341494,-0.190403],[0.357887,0.539733,0.761975],[-0.157443,-0.769461,0.618984]],[[0.906139,-0.397768,-0.143846],[0.227269,0.171039,0.958694],[-0.356735,-0.901402,0.245385]],[[0.906139,-0.397768,-0.143846],[0.307534,0.38607,0.869697],[-0.290404,-0.832304,0.47216]],[[0.906139,-0.397768,-0.143846],[0.381191,0.620559,0.685273],[-0.183315,-0.675786,0.713939]]],"btipPosition":[72.2702,188.983,63.1017],"carpPosition":[43.434,92.3768,122.687],"dipPosition":[69.6525,179.333,73.2964],"direction":[0.290404,0.832304,-0.47216],"extended":true,"handId":56,"id":563,"length":49.2406,"mcpPosition":[51.3227,130.931,91.6721],"pipPosition":[63.5042,161.711,83.2929],"stabilizedTipPosition":[69.2963,189.304,67.5848],"timeVisible":9.84283,"tipPosition":[71.2476,186.301,64.7713],"tipVelocity":[-13.3305,0.316148,-3.98108],"tool":false,"touchDistance":0.167055,"touchZone":"hovering","type":3,"width":13.6184},{"bases":[[[0.824118,-0.512709,-0.240748],[0.48136,0.409933,0.774756],[-0.298534,-0.754377,0.584631]],[[0.77282,-0.615539,-0.154468],[0.2389,0.0566773,0.969389],[-0.587942,-0.786066,0.190854]],[[0.77282,-0.615539,-0.154468],[0.379315,0.252883,0.890039],[-0.508791,-0.746433,0.428917]],[[0.77282,-0.615539,-0.154468],[0.521362,0.477021,0.707554],[-0.361842,-0.627346,0.68957]]],"btipPosition":[93.9821,162.408,69.7458],"carpPosition":[51.8747,86.7541,117.515],"dipPosition":[89.2153,154.144,78.8298],"direction":[0.508791,0.746433,-0.428917],"extended":true,"handId":56,"id":564,"length":38.6037,"mcpPosition":[65.7214,121.744,90.3989],"pipPosition":[81.6099,142.986,85.2413],"stabilizedTipPosition":[91.0495,163.508,74.3413],"timeVisible":9.84283,"tipPosition":[92.3611,160.332,71.3696],"tipVelocity":[-13.8667,0.0995144,-6.17462],"tool":false,"touchDistance":0.171232,"touchZone":"hovering","type":4,"width":12.0969}],"r":[[0.334957,0.249677,0.908551],[-0.357996,0.925666,-0.122397],[-0.871575,-0.28426,0.399442]],"s":1.26938,"t":[30.2116,-37.5797,-41.7178],"timestamp":17356377663},{"currentFrameRate":114.481,"devices":[],"gestures":[],"hands":[{"armBasis":[[0.871605,0.211969,-0.442012],[0.153638,0.738129,0.656933],[0.465511,-0.640496,0.61079]],"armWidth":48.9085,"confidence":1,"direction":[0.0596714,0.870977,-0.487687],"elbow":[143.042,-70.5842,262.66],"grabAngle":0.1993,"grabStrength":0,"id":56,"palmNormal":[-0.141878,-0.476197,-0.867817],"palmPosition":[34.8998,118.116,97.3363],"palmVelocity":[-18.0325,2.12556,-4.715],"palmWidth":72.7825,"pinchDistance":62.3558,"pinchStrength":0,"r":[[0.335136,0.249501,0.908534],[-0.357972,0.925705,-0.12217],[-0.871516,-0.284286,0.399551]],"s":1.26917,"sphereCenter":[34.3686,186.507,138.358],"sphereRadius":81.9056,"stabilizedPalmPosition":[33.625,119.148,97.8095],"t":[30.0933,-37.5689,-41.7482],"timeVisible":9.85128,"type":"right","wrist":[42.5046,67.7449,130.746]}],"id":32973,"interactionBox":{"center":[0,200,0],"size":[235.247,235.247,147.751]},"pointables":[{"bases":[[[0.536146,0.547199,0.642745],[-0.755042,-0.0295889,0.655008],[0.377438,-0.836479,0.397294]],[[0.385185,0.788411,0.479626],[-0.690951,-0.098133,0.71621],[0.611735,-0.607271,0.506954]],[[0.385185,0.788411,0.479626],[-0.809473,0.0390731,0.585855],[0.443154,-0.613907,0.653248]],[[0.385185,0.788411,0.479626],[-0.892642,0.186442,0.410402],[0.234143,-0.586215,0.775583]]],"btipPosition":[-25.2451,128.394,65.691],"carpPosition":[14.9165,77.6638,116.828],"dipPosition":[-21.0571,117.909,79.5635],"direction":[-0.443154,0.613907,-0.653248],"extended":true,"handId":56,"id":560,"length":39.8308,"mcpPosition":[14.9165,77.6638,116.828],"pipPosition":[-9.50935,101.911,96.5859],"stabilizedTipPosition":[-26.4104,126.525,70.2463],"timeVisible":9.85128,"tipPosition":[-25.0286,127.054,70.9544],"tipVelocity":[-14.9785,4.36591,-4.09537],"tool":false,"touchDistance":0.185917,"touchZone":"hovering","type":0,"width":15.2554},{"bases":[[[0.984076,0.0269804,-0.17569],[0.124424,0.601309,0.78927],[0.126938,-0.798561,0.588376]],[[0.98572,0.0160545,-0.167625],[0.150756,0.359358,0.920942],[0.0750225,-0.933062,0.351806]],[[0.98572,0.0160545,-0.167625],[0.118329,0.642204,0.757345],[0.119808,-0.766365,0.631134]],[[0.98572,0.0160545,-0.167625],[0.0750232,0.84932,0.52252],[0.150756,-0.527634,0.835987]]],"btipPosition":[9.90575,190.463,56.8619],"carpPosition":[24.0209,91.7863,125.613],"dipPosition":[11.8743,183.574,67.7782],"direction":[-0.119808,0.766365,-0.631134],"extended":true,"handId":56,"id":561,"length":44.9446,"mcpPosition":[16.5508,138.78,90.9883],"pipPosition":[14.0875,169.417,79.4369],"stabilizedTipPosition":[9.26165,190.155,60.4933],"timeVisible":9.85128,"tipPosition":[11.5006,189.02,59.406],"tipVelocity":[-17.5686,3.31949,-1.06531],"tool":false,"touchDistance":0.164712,"touchZone":"hovering","type":1,"width":14.572},{"bases":[[[0.956452,-0.184063,-0.226542],[0.291759,0.579535,0.760931],[-0.00876972,-0.793889,0.607999]],[[0.953634,-0.237701,-0.18461],[0.239575,0.228258,0.943664],[-0.182171,-0.944138,0.274621]],[[0.953634,-0.237701,-0.18461],[0.280182,0.477143,0.832966],[-0.109911,-0.846069,0.521619]],[[0.953634,-0.237701,-0.18461],[0.300711,0.727078,0.617196],[-0.0124816,-0.644093,0.764846]]],"btipPosition":[43.4869,199.967,58.3304],"carpPosition":[33.7188,93.2442,124.699],"dipPosition":[43.3077,190.717,69.3152],"direction":[0.109911,0.846069,-0.521619],"extended":true,"handId":56,"id":562,"length":51.2108,"mcpPosition":[34.2082,137.549,90.7681],"pipPosition":[40.919,172.329,80.6516],"stabilizedTipPosition":[41.3372,199.484,62.1638],"timeVisible":9.85128,"tipPosition":[43.5203,197.041,59.8257],"tipVelocity":[-17.7539,-0.438302,-7.24548],"tool":false,"touchDistance":0.175888,"touchZone":"hovering","type":2,"width":14.3116},{"bases":[[[0.920002,-0.342044,-0.191314],[0.35892,0.539301,0.761795],[-0.157392,-0.769519,0.618925]],[[0.905777,-0.398235,-0.144833],[0.228361,0.170817,0.958474],[-0.356958,-0.901238,0.245664]],[[0.905777,-0.398235,-0.144833],[0.308912,0.386576,0.868983],[-0.290071,-0.831846,0.473172]],[[0.905777,-0.398235,-0.144833],[0.382552,0.621453,0.683703],[-0.182268,-0.674688,0.715244]]],"btipPosition":[72.1066,188.96,63.0011],"carpPosition":[43.2874,92.3827,122.633],"dipPosition":[69.5039,179.326,73.2144],"direction":[0.290071,0.831846,-0.473172],"extended":true,"handId":56,"id":563,"length":49.2406,"mcpPosition":[51.1735,130.94,91.621],"pipPosition":[63.3626,161.715,83.2323],"stabilizedTipPosition":[69.3016,189.298,67.5795],"timeVisible":9.85128,"tipPosition":[71.1119,186.306,64.719],"tipVelocity":[-18.9406,-2.19313,-11.3955],"tool":false,"touchDistance":0.165449,"touchZone":"hovering","type":3,"width":13.6184},{"bases":[[[0.823567,-0.513184,-0.241618],[0.48232,0.409417,0.774432],[-0.298504,-0.754334,0.584701]],[[0.772328,-0.615924,-0.15539],[0.240002,0.0564466,0.96913],[-0.588139,-0.785781,0.191418]],[[0.772328,-0.615924,-0.15539],[0.380955,0.253357,0.889204],[-0.508313,-0.745954,0.430314]],[[0.772328,-0.615924,-0.15539],[0.523038,0.477792,0.705794],[-0.360471,-0.62638,0.691165]]],"btipPosition":[93.8059,162.381,69.6223],"carpPosition":[51.7198,86.7559,117.452],"dipPosition":[89.0572,154.129,78.7273],"direction":[0.508313,0.745954,-0.430314],"extended":true,"handId":56,"id":564,"length":38.6037,"mcpPosition":[65.5651,121.743,90.3326],"pipPosition":[81.4589,142.978,85.1597],"stabilizedTipPosition":[91.0531,163.501,74.3357],"timeVisible":9.85128,"tipPosition":[92.2145,160.32,71.2908],"tipVelocity":[-20.3495,-2.9429,-14.0341],"tool":false,"touchDistance":0.169255,"touchZone":"hovering","type":4,"width":12.0969}],"r":[[0.335136,0.249501,0.908534],[-0.357972,0.925705,-0.12217],[-0.871516,-0.284286,0.399551]],"s":1.26917,"t":[30.0933,-37.5689,-41.7482],"timestamp":17356386117},{"currentFrameRate":114.449,"devices":[],"gestures":[],"hands":[{"armBasis":[[0.871191,0.210287,-0.443628],[0.155705,0.738623,0.655891],[0.465599,-0.640481,0.610739]],"armWidth":48.9085,"confidence":1,"direction":[0.0600973,0.871181,-0.487269],"elbow":[142.823,-70.5414,262.555],"grabAngle":0.201322,"grabStrength":0,"id":56,"palmNormal":[-0.143903,-0.475491,-0.867871],"palmPosition":[34.6781,118.178,97.2739],"palmVelocity":[-25.2092,7.03488,-7.09486],"palmWidth":72.7825,"pinchDistance":62.3633,"pinchStrength":0,"r":[[0.335634,0.249162,0.908443],[-0.357737,0.925849,-0.121766],[-0.87142,-0.284115,0.399881]],"s":1.2689,"sphereCenter":[34.3283,186.383,138.072],"sphereRadius":81.663,"stabilizedPalmPosition":[33.6285,119.145,97.8078],"t":[29.9233,-37.5325,-41.7947],"timeVisible":9.86007,"type":"right","wrist":[42.2669,67.7845,130.653]}],"id":32974,"interactionBox":{"center":[0,200,0],"size":[235.247,235.247,147.751]},"pointables":[{"bases":[[[0.537912,0.546084,0.642217],[-0.754046,-0.0289378,0.656184],[0.376916,-0.837231,0.396206]],[[0.386724,0.787948,0.479148],[-0.690208,-0.0972768,0.717042],[0.611602,-0.60801,0.506229]],[[0.386724,0.787948,0.479148],[-0.809047,0.0405255,0.586345],[0.442592,-0.614407,0.653159]],[[0.386724,0.787948,0.479148],[-0.89246,0.188897,0.409675],[0.232293,-0.586052,0.776262]]],"btipPosition":[-25.4384,128.512,65.6555],"carpPosition":[14.6702,77.7417,116.773],"dipPosition":[-21.2835,118.029,79.5402],"direction":[-0.442592,0.614407,-0.653159],"extended":true,"handId":56,"id":560,"length":39.8308,"mcpPosition":[14.6702,77.7417,116.773],"pipPosition":[-9.7504,102.019,96.5603],"stabilizedTipPosition":[-26.405,126.523,70.2424],"timeVisible":9.86007,"tipPosition":[-25.2744,127.207,70.9783],"tipVelocity":[-22.8517,13.4375,-3.71102],"tool":false,"touchDistance":0.185373,"touchZone":"hovering","type":0,"width":15.2554},{"bases":[[[0.983833,0.0257325,-0.17723],[0.126498,0.600672,0.789424],[0.126771,-0.799081,0.587706]],[[0.985448,0.0149871,-0.169312],[0.152777,0.35851,0.92094],[0.0745023,-0.933406,0.351003]],[[0.985448,0.0149871,-0.169312],[0.120348,0.641907,0.757279],[0.120032,-0.766636,0.630763]],[[0.985448,0.0149871,-0.169312],[0.0767065,0.849694,0.521668],[0.151682,-0.527064,0.83618]]],"btipPosition":[9.70336,190.563,56.8714],"carpPosition":[23.8078,91.8465,125.552],"dipPosition":[11.684,183.681,67.7902],"direction":[-0.120032,0.766636,-0.630763],"extended":true,"handId":56,"id":561,"length":44.9446,"mcpPosition":[16.3476,138.871,90.9671],"pipPosition":[13.9013,169.519,79.442],"stabilizedTipPosition":[9.26539,190.15,60.4886],"timeVisible":9.86007,"tipPosition":[11.3146,189.136,59.4223],"tipVelocity":[-22.7034,11.5244,1.14427],"tool":false,"touchDistance":0.164879,"touchZone":"hovering","type":1,"width":14.572},{"bases":[[[0.955838,-0.185242,-0.228162],[0.293758,0.578686,0.760808],[-0.00889961,-0.794234,0.607547]],[[0.953027,-0.238754,-0.186375],[0.241502,0.22762,0.943327],[-0.1828,-0.944026,0.274588]],[[0.953027,-0.238754,-0.186375],[0.28231,0.477286,0.832166],[-0.109728,-0.845692,0.522269]],[[0.953027,-0.238754,-0.186375],[0.302672,0.72766,0.615549],[-0.0113466,-0.643045,0.765744]]],"btipPosition":[43.2845,200.006,58.2548],"carpPosition":[33.5062,93.2916,124.624],"dipPosition":[43.1216,190.771,69.2525],"direction":[0.109728,0.845692,-0.522269],"extended":true,"handId":56,"id":562,"length":51.2108,"mcpPosition":[34.0029,137.616,90.7182],"pipPosition":[40.7368,172.392,80.6029],"stabilizedTipPosition":[41.3438,199.478,62.1591],"timeVisible":9.86007,"tipPosition":[43.3474,197.116,59.8],"tipVelocity":[-22.5955,4.86254,-8.26617],"tool":false,"touchDistance":0.174677,"touchZone":"hovering","type":2,"width":14.3116},{"bases":[[[0.919228,-0.343195,-0.19297],[0.360864,0.538359,0.761542],[-0.15747,-0.769667,0.618721]],[[0.905066,-0.399173,-0.146686],[0.230362,0.170235,0.958099],[-0.357477,-0.900933,0.246028]],[[0.905066,-0.399173,-0.146686],[0.311254,0.386726,0.868081],[-0.289787,-0.831326,0.474257]],[[0.905066,-0.399173,-0.146686],[0.384852,0.622015,0.681899],[-0.180955,-0.673616,0.716587]]],"btipPosition":[71.8865,188.967,62.8659],"carpPosition":[43.0703,92.4182,122.542],"dipPosition":[69.3026,179.348,73.0984],"direction":[0.289787,0.831326,-0.474257],"extended":true,"handId":56,"id":563,"length":49.2406,"mcpPosition":[50.9605,130.983,91.5404],"pipPosition":[63.1673,161.747,83.1393],"stabilizedTipPosition":[69.3069,189.291,67.5732],"timeVisible":9.86007,"tipPosition":[70.9339,186.339,64.642],"tipVelocity":[-24.5473,1.09805,-14.8728],"tool":false,"touchDistance":0.16327,"touchZone":"hovering","type":3,"width":13.6184},{"bases":[[[0.822479,-0.514172,-0.243221],[0.484105,0.408298,0.773909],[-0.298615,-0.754268,0.58473]],[[0.771361,-0.616687,-0.15716],[0.24197,0.0557966,0.968678],[-0.588603,-0.785228,0.192259]],[[0.771361,-0.616687,-0.15716],[0.383535,0.253409,0.888079],[-0.507842,-0.745306,0.431991]],[[0.771361,-0.616687,-0.15716],[0.525615,0.478124,0.703652],[-0.358792,-0.625375,0.692946]]],"btipPosition":[93.5614,162.367,69.4423],"carpPosition":[51.4869,86.7828,117.345],"dipPosition":[88.8349,154.128,78.5708],"direction":[0.507842,0.745306,-0.431991],"extended":true,"handId":56,"id":564,"length":38.6037,"mcpPosition":[65.3373,121.767,90.2239],"pipPosition":[81.2436,142.987,85.0283],"stabilizedTipPosition":[91.0565,163.494,74.329],"timeVisible":9.86007,"tipPosition":[92.0113,160.319,71.164],"tipVelocity":[-27.2246,-1.24541,-19.8592],"tool":false,"touchDistance":0.166345,"touchZone":"hovering","type":4,"width":12.0969}],"r":[[0.335634,0.249162,0.908443],[-0.357737,0.925849,-0.121766],[-0.87142,-0.284115,0.399881]],"s":1.2689,"t":[29.9233,-37.5325,-41.7947],"timestamp":17356394909},{"currentFrameRate":114.473,"devices":[],"gestures":[],"hands":[{"armBasis":[[0.870402,0.207595,-0.446435],[0.159039,0.739596,0.653991],[0.465946,-0.640236,0.610731]],"armWidth":48.9