{"frames":64,"data":[{"currentFrameRate":113.565,"devices":[],"gestures":[],"hands":[{"armBasis":[[0.864826,-0.117058,-0.488235],[0.491807,0.393141,0.776895],[0.101004,-0.911996,0.397569]],"armWidth":48.9085,"confidence":1,"direction":[-0.166177,0.900189,-0.402547],"elbow":[80.8863,-86.0544,231.04],"grabAngle":2.82152,"grabStrength":0,"id":60,"palmNormal":[-0.485466,-0.430009,-0.761193],"palmPosition":[42.6739,164.393,121.342],"palmVelocity":[5.4953,3.85572,-0.103311],"palmWidth":72.7825,"pinchDistance":48.5628,"pinchStrength":0.178303,"r":[[0.982388,0.00549151,0.186772],[-0.0563188,0.961786,0.267949],[-0.178163,-0.273749,0.945156]],"s":1.01487,"sphereCenter":[31.2055,162.631,86.5989],"sphereRadius":38.8144,"stabilizedPalmPosition":[45.8598,172.128,124.242],"t":[27.0177,-4.43881,-35.7333],"timeVisible":4.36197,"type":"right","wrist":[59.0723,110.911,145.176]}],"id":37707,"interactionBox":{"center":[0,200,0],"size":[235.247,235.247,147.751]},"pointables":[{"bases":[[[0.747172,0.532531,0.397675],[-0.408808,-0.103531,0.906729],[0.524033,-0.840055,0.140347]],[[0.516388,0.792958,0.323359],[-0.61493,0.0805609,0.784456],[0.59599,-0.603927,0.529214]],[[0.516388,0.792958,0.323359],[-0.67802,0.14793,0.720004],[0.523098,-0.591046,0.614031]],[[0.516388,0.792958,0.323359],[-0.72598,0.20509,0.656423],[0.454198,-0.573722,0.681578]]],"btipPosition":[-12.101,171.746,95.0584],"carpPosition":[33.4513,121.968,144.381],"dipPosition":[-3.97692,161.484,107.25],"direction":[-0.523098,0.591046,-0.614031],"extended":false,"handId":60,"id":600,"length":39.8308,"mcpPosition":[33.4513,121.968,144.381],"pipPosition":[9.65404,146.082,123.25],"stabilizedTipPosition":[-10.3175,171.283,99.3663],"timeVisible":4.36197,"tipPosition":[-13.017,169.101,100.789],"tipVelocity":[3.11584,1.03751,2.7297],"tool":false,"touchDistance":0.464373,"touchZone":"hovering","type":0,"width":15.2554},{"bases":[[[0.81823,0.0831919,-0.568839],[0.434417,0.558607,0.706569],[0.376539,-0.82525,0.42093]],[[0.856626,-0.0138168,-0.515752],[0.370078,0.712976,0.595573],[0.35949,-0.701052,0.615868]],[[0.856626,-0.0138168,-0.515752],[0.332659,0.778896,0.531656],[0.394372,-0.627,0.67182]],[[0.856626,-0.0138168,-0.515752],[0.25879,0.8763,0.406356],[0.446339,-0.481567,0.754238]]],"btipPosition":[-1.91641,225.408,82.3088],"carpPosition":[45.1593,135.954,149.561],"dipPosition":[3.91187,219.119,92.1576],"direction":[-0.394372,0.627,-0.67182],"extended":true,"handId":60,"id":601,"length":44.9446,"mcpPosition":[23.0007,184.518,124.79],"pipPosition":[11.197,207.537,104.568],"stabilizedTipPosition":[0.712284,225.058,85.397],"timeVisible":4.36197,"tipPosition":[-2.11648,220.804,84.1533],"tipVelocity":[-0.816328,-0.138615,0.794332],"tool":false,"touchDistance":0.306305,"touchZone":"hovering","type":1,"width":14.572},{"bases":[[[0.775453,-0.125523,-0.618803],[0.574655,0.546376,0.609298],[0.261618,-0.82808,0.495822]],[[0.785097,-0.157833,-0.598926],[-0.17737,0.869196,-0.46156],[0.593433,0.468601,0.654408]],[[0.785097,-0.157833,-0.598926],[-0.611418,-0.351982,-0.708715],[-0.0989525,0.922604,-0.372841]],[[0.785097,-0.157833,-0.598926],[-0.421472,-0.844714,-0.329879],[-0.453855,0.511417,-0.729704]]],"btipPosition":[25.7536,139.469,111.588],"carpPosition":[53.5457,137.914,144.782],"dipPosition":[19.2352,146.814,101.107],"direction":[0.0989525,-0.922604,0.372841],"extended":false,"handId":60,"id":602,"length":51.2108,"mcpPosition":[38.9456,184.127,117.112],"pipPosition":[17.0847,166.864,93.0045],"stabilizedTipPosition":[24.9978,144.183,107.725],"timeVisible":4.36197,"tipPosition":[22.2279,141.184,104.467],"tipVelocity":[0.914441,4.00791,0.63087],"tool":false,"touchDistance":0.652952,"touchZone":"none","type":2,"width":14.3116},{"bases":[[[0.759959,-0.286843,-0.583253],[0.636637,0.509336,0.579025],[0.130983,-0.811356,0.569689]],[[0.750737,-0.237674,-0.616364],[-0.130842,0.861053,-0.491394],[0.647514,0.449554,0.615327]],[[0.750737,-0.237674,-0.616364],[-0.65981,-0.315443,-0.682017],[-0.0323297,0.918698,-0.393634]],[[0.750737,-0.237674,-0.616364],[-0.480424,-0.836841,-0.262469],[-0.453417,0.493161,-0.742432]]],"btipPosition":[39.8561,136.433,108.224],"carpPosition":[61.3707,137.623,138.844],"dipPosition":[33.3815,143.475,97.6221],"direction":[0.0323297,-0.918698,0.393634],"extended":false,"handId":60,"id":603,"length":49.2406,"mcpPosition":[54.8078,178.277,110.3],"pipPosition":[32.697,162.926,89.2882],"stabilizedTipPosition":[39.5342,141.413,106.58],"timeVisible":4.36197,"tipPosition":[34.8004,136.167,102.529],"tipVelocity":[3.06599,2.53121,1.77953],"tool":false,"touchDistance":0.596422,"touchZone":"none","type":3,"width":13.6184},{"bases":[[[0.654304,-0.459008,-0.600998],[0.756142,0.384826,0.5293],[-0.0116736,-0.800763,0.598868]],[[0.650996,-0.359846,-0.668368],[-0.0130839,0.875045,-0.483864],[0.758969,0.323738,0.564943]],[[0.650996,-0.359846,-0.668368],[-0.747808,-0.152841,-0.646082],[0.130336,0.920408,-0.368595]],[[0.650996,-0.359846,-0.668368],[-0.648149,-0.721808,-0.242684],[-0.395104,0.591189,-0.703128]]],"btipPosition":[50.226,139.559,101.942],"carpPosition":[66.9381,132.713,130.213],"dipPosition":[45.021,147.347,92.6796],"direction":[-0.130336,-0.920408,0.368595],"extended":false,"handId":60,"id":604,"length":38.6037,"mcpPosition":[67.4796,169.854,102.437],"pipPosition":[46.9693,161.105,87.1698],"stabilizedTipPosition":[50.631,144.391,101.384],"timeVisible":4.36197,"tipPosition":[45.7109,140.201,97.324],"tipVelocity":[2.87507,2.32321,0.764113],"tool":false,"touchDistance":0.496864,"touchZone":"none","type":4,"width":12.0969}],"r":[[0.982388,0.00549151,0.186772],[-0.0563188,0.961786,0.267949],[-0.178163,-0.273749,0.945156]],"s":1.01487,"t":[27.0177,-4.43881,-35.7333],"timestamp":17398107474},{"currentFrameRate":113.684,"devices":[],"gestures":[],"hands":[{"armBasis":[[0.864413,-0.117683,-0.488816],[0.492755,0.391489,0.777128],[0.0999114,-0.912626,0.396397]],"armWidth":48.9085,"confidence":1,"direction":[-0.166368,0.89996,-0.402981],"elbow":[80.7119,-86.136,230.827],"grabAngle":2.82143,"grabStrength":0,"id":60,"palmNormal":[-0.486077,-0.430422,-0.76057],"palmPosition":[42.7352,164.442,121.376],"palmVelocity":[7.12831,5.77013,3.92871],"palmWidth":72.7825,"pinchDistance":48.5662,"pinchStrength":0.1792,"r":[[0.982459,0.00570767,0.186391],[-0.0563275,0.961926,0.267444],[-0.177767,-0.273252,0.945374]],"s":1.01474,"sphereCenter":[31.1845,162.675,86.6918],"sphereRadius":38.7854,"stabilizedPalmPosition":[45.8531,172.111,124.235],"t":[27.0711,-4.40448,-35.7177],"timeVisible":4.37056,"type":"right","wrist":[59.1338,110.966,145.217]}],"id":37708,"interactionBox":{"center":[0,200,0],"size":[235.247,235.247,147.751]},"pointables":[{"bases":[[[0.747527,0.532688,0.396796],[-0.408152,-0.102923,0.907094],[0.524037,-0.84003,0.14048]],[[0.516521,0.793255,0.322418],[-0.614529,0.0812029,0.784704],[0.596288,-0.603451,0.529421]],[[0.516521,0.793255,0.322418],[-0.677607,0.148459,0.720284],[0.523502,-0.590514,0.614197]],[[0.516521,0.793255,0.322418],[-0.725513,0.205444,0.656828],[0.454793,-0.573184,0.681633]]],"btipPosition":[-12.0608,171.768,95.1115],"carpPosition":[33.5245,122.033,144.448],"dipPosition":[-3.92613,161.516,107.304],"direction":[-0.523502,0.590514,-0.614197],"extended":false,"handId":60,"id":600,"length":39.8308,"mcpPosition":[33.5245,122.033,144.448],"pipPosition":[9.71537,146.128,123.308],"stabilizedTipPosition":[-10.3172,171.279,99.3635],"timeVisible":4.37056,"tipPosition":[-12.9659,169.145,100.857],"tipVelocity":[4.95688,2.8669,6.20923],"tool":false,"touchDistance":0.465262,"touchZone":"hovering","type":0,"width":15.2554},{"bases":[[[0.817821,0.0827443,-0.569493],[0.435002,0.558992,0.705904],[0.376752,-0.825034,0.421162]],[[0.856097,-0.0137971,-0.516631],[0.370446,0.713426,0.594805],[0.360371,-0.700595,0.615873]],[[0.856097,-0.0137971,-0.516631],[0.333071,0.779087,0.531119],[0.395172,-0.626764,0.67157]],[[0.856097,-0.0137971,-0.516631],[0.258631,0.876905,0.405153],[0.447446,-0.480467,0.754284]]],"btipPosition":[-1.90841,225.428,82.3484],"carpPosition":[45.238,136.021,149.61],"dipPosition":[3.93431,219.154,92.1979],"direction":[-0.395172,0.626764,-0.67157],"extended":true,"handId":60,"id":601,"length":44.9446,"mcpPosition":[23.0669,184.572,124.826],"pipPosition":[11.2342,207.576,104.604],"stabilizedTipPosition":[0.710257,225.056,85.3958],"timeVisible":4.37056,"tipPosition":[-2.07267,220.843,84.1861],"tipVelocity":[1.31695,2.74396,4.6298],"tool":false,"touchDistance":0.306968,"touchZone":"hovering","type":1,"width":14.572},{"bases":[[[0.774982,-0.125997,-0.619296],[0.575168,0.546685,0.608537],[0.261886,-0.827805,0.49614]],[[0.784695,-0.158499,-0.599277],[-0.177086,0.869151,-0.461754],[0.59405,0.468459,0.65395]],[[0.784695,-0.158499,-0.599277],[-0.612007,-0.351708,-0.708342],[-0.0984988,0.922594,-0.372986]],[[0.784695,-0.158499,-0.599277],[-0.422323,-0.844371,-0.329668],[-0.45376,0.511777,-0.729511]]],"btipPosition":[25.7801,139.516,111.629],"carpPosition":[53.6211,137.977,144.824],"dipPosition":[19.2631,146.866,101.152],"direction":[0.0984988,-0.922594,0.372986],"extended":false,"handId":60,"id":602,"length":51.2108,"mcpPosition":[39.006,184.174,117.136],"pipPosition":[17.1224,166.917,93.0457],"stabilizedTipPosition":[24.9965,144.178,107.728],"timeVisible":4.37056,"tipPosition":[22.278,141.226,104.539],"tipVelocity":[3.12174,5.68894,4.91138],"tool":false,"touchDistance":0.653655,"touchZone":"none","type":2,"width":14.3116},{"bases":[[[0.759496,-0.287292,-0.583635],[0.637122,0.509619,0.578242],[0.131307,-0.811019,0.570093]],[[0.750255,-0.238143,-0.61677],[-0.131102,0.860765,-0.491829],[0.64802,0.449857,0.614572]],[[0.750255,-0.238143,-0.61677],[-0.660352,-0.315697,-0.681374],[-0.032448,0.918489,-0.394112]],[[0.750255,-0.238143,-0.61677],[-0.48081,-0.836844,-0.261753],[-0.453805,0.49293,-0.742348]]],"btipPosition":[39.9016,136.472,108.275],"carpPosition":[61.4417,137.682,138.881],"dipPosition":[33.4215,143.511,97.6742],"direction":[0.032448,-0.918489,0.394112],"extended":false,"handId":60,"id":603,"length":49.2406,"mcpPosition":[54.8625,178.318,110.316],"pipPosition":[32.7345,162.957,89.3302],"stabilizedTipPosition":[39.5326,141.408,106.579],"timeVisible":4.37056,"tipPosition":[34.8455,136.207,102.587],"tipVelocity":[5.15119,4.41452,5.96025],"tool":false,"touchDistance":0.597276,"touchZone":"none","type":3,"width":13.6184},{"bases":[[[0.653807,-0.459456,-0.601196],[0.756577,0.385063,0.528506],[-0.0113267,-0.800391,0.599371]],[[0.650461,-0.360335,-0.668624],[-0.0133374,0.874748,-0.484394],[0.759422,0.323998,0.564184]],[[0.650461,-0.360335,-0.668624],[-0.748302,-0.153158,-0.645435],[0.130168,0.920164,-0.369263]],[[0.650461,-0.360335,-0.668624],[-0.648409,-0.721887,-0.241755],[-0.395558,0.590794,-0.703204]]],"btipPosition":[50.2702,139.596,101.986],"carpPosition":[67.0022,132.765,130.249],"dipPosition":[45.0593,147.378,92.7222],"direction":[-0.130168,-0.920164,0.369263],"extended":false,"handId":60,"id":604,"length":38.6037,"mcpPosition":[67.5276,169.889,102.449],"pipPosition":[47.005,161.133,87.2024],"stabilizedTipPosition":[50.6278,144.385,101.381],"timeVisible":4.37056,"tipPosition":[45.7516,140.235,97.3705],"tipVelocity":[4.98314,4.14563,5.05062],"tool":false,"touchDistance":0.497587,"touchZone":"none","type":4,"width":12.0969}],"r":[[0.982459,0.00570767,0.186391],[-0.0563275,0.961926,0.267444],[-0.177767,-0.273252,0.945374]],"s":1.01474,"t":[27.0711,-4.40448,-35.7177],"timestamp":17398116066},{"currentFrameRate":113.76,"devices":[],"gestures":[],"hands":[{"armBasis":[[0.863767,-0.118601,-0.489735],[0.494118,0.389849,0.777087],[0.098759,-0.913209,0.395342]],"armWidth":48.9085,"confidence":1,"direction":[-0.166262,0.899793,-0.403398],"elbow":[80.511,-86.2268,230.626],"grabAngle":2.82091,"grabStrength":0,"id":60,"palmNormal":[-0.487152,-0.430634,-0.759761],"palmPosition":[42.7984,164.478,121.398],"palmVelocity":[7.3067,4.1902,2.55282],"palmWidth":72.7825,"pinchDistance":48.5782,"pinchStrength":0.180458,"r":[[0.982557,0.00578721,0.185874],[-0.0561618,0.96208,0.266925],[-0.177281,-0.272708,0.945623]],"s":1.01465,"sphereCenter":[31.142,162.718,86.7934],"sphereRadius":38.7493,"stabilizedPalmPosition":[45.8461,172.094,124.229],"t":[27.1294,-4.36917,-35.6989],"timeVisible":4.37922,"type":"right","wrist":[59.1818,111.001,145.243]}],"id":37709,"interactionBox":{"center":[0,200,0],"size":[235.247,235.247,147.751]},"pointables":[{"bases":[[[0.748272,0.532502,0.395639],[-0.407238,-0.102077,0.9076],[0.523685,-0.840251,0.140474]],[[0.517113,0.793341,0.321254],[-0.613895,0.0822322,0.785093],[0.596429,-0.603198,0.529551]],[[0.517113,0.793341,0.321254],[-0.676981,0.14944,0.72067],[0.523729,-0.59015,0.614354]],[[0.517113,0.793341,0.321254],[-0.724756,0.206189,0.657431],[0.455328,-0.572797,0.681602]]],"btipPosition":[-12.0193,171.799,95.1629],"carpPosition":[33.5872,122.09,144.508],"dipPosition":[-3.875,161.553,107.354],"direction":[-0.523729,0.59015,-0.614354],"extended":false,"handId":60,"id":600,"length":39.8308,"mcpPosition":[33.5872,122.09,144.508],"pipPosition":[9.7724,146.175,123.363],"stabilizedTipPosition":[-10.3169,171.276,99.361],"timeVisible":4.37922,"tipPosition":[-12.916,169.201,100.929],"tipVelocity":[5.05476,3.71675,5.92098],"tool":false,"touchDistance":0.466116,"touchZone":"hovering","type":0,"width":15.2554},{"bases":[[[0.817258,0.0818762,-0.570426],[0.436096,0.559199,0.705065],[0.37671,-0.824981,0.421304]],[[0.855409,-0.0142869,-0.517755],[0.37147,0.713536,0.594034],[0.36095,-0.700473,0.615673]],[[0.855409,-0.0142869,-0.517755],[0.334211,0.778902,0.530674],[0.395699,-0.626983,0.671055]],[[0.855409,-0.0142869,-0.517755],[0.259841,0.876567,0.405108],[0.44806,-0.481067,0.753536]]],"btipPosition":[-1.86611,225.486,82.4042],"carpPosition":[45.3146,136.074,149.648],"dipPosition":[3.98463,219.204,92.2438],"direction":[-0.395699,0.626983,-0.671055],"extended":true,"handId":60,"id":601,"length":44.9446,"mcpPosition":[23.1459,184.623,124.855],"pipPosition":[11.2942,207.622,104.64],"stabilizedTipPosition":[0.708323,225.055,85.3946],"timeVisible":4.37922,"tipPosition":[-2.01215,220.888,84.22],"tipVelocity":[5.09808,6.51853,6.17842],"tool":false,"touchDistance":0.307859,"touchZone":"hovering","type":1,"width":14.572},{"bases":[[[0.77424,-0.126872,-0.620045],[0.57615,0.546742,0.607556],[0.261923,-0.827633,0.496407]],[[0.784118,-0.159947,-0.599647],[-0.176161,0.869114,-0.462177],[0.595086,0.468036,0.653311]],[[0.784118,-0.159947,-0.599647],[-0.612928,-0.351161,-0.707817],[-0.0973596,0.922552,-0.373388]],[[0.784118,-0.159947,-0.599647],[-0.423848,-0.843802,-0.329166],[-0.453334,0.512264,-0.729433]]],"btipPosition":[25.7816,139.561,111.673],"carpPosition":[53.6937,138.022,144.852],"dipPosition":[19.2707,146.919,101.197],"direction":[0.0973596,-0.922552,0.373388],"extended":false,"handId":60,"id":602,"length":51.2108,"mcpPosition":[39.0766,184.21,117.149],"pipPosition":[17.1548,166.968,93.0822],"stabilizedTipPosition":[24.9954,144.174,107.73],"timeVisible":4.37922,"tipPosition":[22.3141,141.263,104.61],"tipVelocity":[0.337086,5.40416,5.1322],"tool":false,"touchDistance":0.654396,"touchZone":"none","type":2,"width":14.3116},{"bases":[[[0.758695,-0.288134,-0.58426],[0.638049,0.509619,0.577219],[0.131433,-0.81072,0.57049]],[[0.749449,-0.239002,-0.617418],[-0.131115,0.860517,-0.492259],[0.648949,0.449875,0.613577]],[[0.749449,-0.239002,-0.617418],[-0.661276,-0.315666,-0.680492],[-0.032259,0.918277,-0.394622]],[[0.749449,-0.239002,-0.617418],[-0.48168,-0.836633,-0.260824],[-0.454215,0.492872,-0.742136]]],"btipPosition":[39.9314,136.498,108.316],"carpPosition":[61.5077,137.718,138.901],"dipPosition":[33.4454,143.536,97.7189],"direction":[0.032259,-0.918277,0.394622],"extended":false,"handId":60,"id":603,"length":49.2406,"mcpPosition":[54.9222,178.34,110.316],"pipPosition":[32.7624,162.978,89.3641],"stabilizedTipPosition":[39.5311,141.404,106.578],"timeVisible":4.37922,"tipPosition":[34.8726,136.236,102.637],"tipVelocity":[3.28377,3.02513,4.88874],"tool":false,"touchDistance":0.597981,"touchZone":"none","type":3,"width":13.6184},{"bases":[[[0.652885,-0.460246,-0.601593],[0.757375,0.384959,0.527437],[-0.0111621,-0.799987,0.599913]],[[0.649526,-0.361168,-0.669084],[-0.0133338,0.874435,-0.48496],[0.760223,0.323915,0.563152]],[[0.649526,-0.361168,-0.669084],[-0.749085,-0.153118,-0.644536],[0.130338,0.919844,-0.37]],[[0.649526,-0.361168,-0.669084],[-0.649109,-0.721646,-0.240594],[-0.395947,0.59058,-0.703165]]],"btipPosition":[50.2973,139.614,102.016],"carpPosition":[67.056,132.793,130.266],"dipPosition":[45.0813,147.394,92.753],"direction":[-0.130338,-0.919844,0.37],"extended":false,"handId":60,"id":604,"length":38.6037,"mcpPosition":[67.5737,169.898,102.441],"pipPosition":[47.0296,161.144,87.2222],"stabilizedTipPosition":[50.625,144.379,101.378],"timeVisible":4.37922,"tipPosition":[45.7747,140.254,97.4055],"tipVelocity":[2.9968,2.08333,3.50604],"tool":false,"touchDistance":0.498093,"touchZone":"none","type":4,"width":12.0969}],"r":[[0.982557,0.00578721,0.185874],[-0.0561618,0.96208,0.266925],[-0.177281,-0.272708,0.945623]],"s":1.01465,"t":[27.1294,-4.36917,-35.6989],"timestamp":17398124725},{"currentFrameRate":113.846,"devices":[],"gestures":[],"hands":[{"armBasis":[[0.862474,-0.120346,-0.491585],[0.496653,0.388069,0.776362],[0.0973371,-0.913739,0.39447]],"armWidth":48.9085,"confidence":1,"direction":[-0.166409,0.899244,-0.404559],"elbow":[80.283,-86.3024,230.489],"grabAngle":2.81985,"grabStrength":0,"id":60,"palmNormal":[-0.489264,-0.431512,-0.757904],"palmPosition":[42.8824,164.501,121.415],"palmVelocity":[9.71749,2.58579,1.92671],"palmWidth":72.7825,"pinchDistance":48.5913,"pinchStrength":0.182963,"r":[[0.98272,0.00574386,0.185008],[-0.0557406,0.962304,0.266205],[-0.176505,-0.271917,0.945995]],"s":1.01459,"sphereCenter":[31.0489,162.726,86.9411],"sphereRadius":38.6947,"stabilizedPalmPosition":[45.8388,172.075,124.222],"t":[27.2006,-4.34035,-35.6812],"timeVisible":4.38786,"type":"right","wrist":[59.2609,111.04,145.295]}],"id":37710,"interactionBox":{"center":[0,200,0],"size":[235.247,235.247,147.751]},"pointables":[{"bases":[[[0.749637,0.53253,0.39301],[-0.405245,-0.10017,0.908704],[0.523279,-0.840463,0.140714]],[[0.518364,0.793575,0.318648],[-0.612359,0.0843608,0.786066],[0.596921,-0.602596,0.529683]],[[0.518364,0.793575,0.318648],[-0.675571,0.151556,0.72155],[0.524311,-0.589295,0.614678]],[[0.518364,0.793575,0.318648],[-0.723252,0.208013,0.658511],[0.456295,-0.571812,0.681781]]],"btipPosition":[-11.971,171.805,95.2563],"carpPosition":[33.6875,122.16,144.618],"dipPosition":[-3.80948,161.577,107.451],"direction":[-0.524311,0.589295,-0.614678],"extended":false,"handId":60,"id":600,"length":39.8308,"mcpPosition":[33.6875,122.16,144.618],"pipPosition":[9.85308,146.221,123.468],"stabilizedTipPosition":[-10.3166,171.273,99.3591],"timeVisible":4.38786,"tipPosition":[-12.8667,169.237,101.057],"tipVelocity":[6.04306,1.1683,10.899],"tool":false,"touchDistance":0.467685,"touchZone":"hovering","type":0,"width":15.2554},{"bases":[[[0.816019,0.0801903,-0.572436],[0.438193,0.560027,0.703105],[0.376962,-0.824584,0.421854]],[[0.854148,-0.0157392,-0.519791],[0.37352,0.714016,0.592168],[0.361819,-0.699952,0.615755]],[[0.854148,-0.0157392,-0.519791],[0.336074,0.779475,0.528652],[0.396843,-0.626236,0.671077]],[[0.854148,-0.0157392,-0.519791],[0.263032,0.87533,0.405723],[0.448603,-0.483269,0.751802]]],"btipPosition":[-1.81357,225.529,82.4508],"carpPosition":[45.4387,136.143,149.708],"dipPosition":[4.04427,219.219,92.2678],"direction":[-0.396843,0.626236,-0.671077],"extended":true,"handId":60,"id":601,"length":44.9446,"mcpPosition":[23.2552,184.668,124.883],"pipPosition":[11.375,207.651,104.664],"stabilizedTipPosition":[0.706453,225.053,85.3935],"timeVisible":4.38786,"tipPosition":[-1.95976,220.896,84.2442],"tipVelocity":[6.27206,4.22646,4.7972],"tool":false,"touchDistance":0.30855,"touchZone":"hovering","type":1,"width":14.572},{"bases":[[[0.772708,-0.128605,-0.621598],[0.578012,0.547282,0.605297],[0.262345,-0.827009,0.497224]],[[0.783261,-0.164001,-0.599672],[-0.173853,0.868315,-0.464548],[0.59689,0.468117,0.651605]],[[0.783261,-0.164001,-0.599672],[-0.614422,-0.351297,-0.706453],[-0.0948044,0.921788,-0.375923]],[[0.783261,-0.164001,-0.599672],[-0.42666,-0.843369,-0.326633],[-0.452177,0.511695,-0.730551]]],"btipPosition":[25.7342,139.601,111.799],"carpPosition":[53.8085,138.075,144.889],"dipPosition":[19.24,146.95,101.306],"direction":[0.0948044,-0.921788,0.375923],"extended":false,"handId":60,"id":602,"length":51.2108,"mcpPosition":[39.1678,184.228,117.14],"pipPosition":[17.1796,166.984,93.1365],"stabilizedTipPosition":[24.9944,144.17,107.732],"timeVisible":4.38786,"tipPosition":[22.3503,141.275,104.74],"tipVelocity":[-5.04496,4.41975,14.0873],"tool":false,"touchDistance":0.656424,"touchZone":"none","type":2,"width":14.3116},{"bases":[[[0.757105,-0.289793,-0.585501],[0.63981,0.510053,0.574882],[0.13204,-0.809856,0.571576]],[[0.747825,-0.240709,-0.618722],[-0.1315,0.859787,-0.493432],[0.650742,0.450362,0.611317]],[[0.747825,-0.240709,-0.618722],[-0.663104,-0.316325,-0.678404],[-0.0324191,0.917604,-0.396171]],[[0.747825,-0.240709,-0.618722],[-0.48298,-0.836681,-0.258255],[-0.455508,0.49196,-0.741949]]],"btipPosition":[39.9625,136.502,108.389],"carpPosition":[61.6086,137.754,138.92],"dipPosition":[33.4581,143.527,97.794],"direction":[0.0324191,-0.917604,0.396171],"extended":false,"handId":60,"id":603,"length":49.2406,"mcpPosition":[54.9927,178.333,110.281],"pipPosition":[32.7717,162.954,89.4064],"stabilizedTipPosition":[39.5301,141.4,106.577],"timeVisible":4.38786,"tipPosition":[34.8896,136.233,102.721],"tipVelocity":[3.11046,0.0526786,8.45814],"tool":false,"touchDistance":0.599199,"touchZone":"none","type":3,"width":13.6184},{"bases":[[[0.651107,-0.461842,-0.602297],[0.758914,0.385205,0.52504],[-0.0104781,-0.798949,0.601308]],[[0.647679,-0.362877,-0.66995],[-0.0136901,0.873614,-0.486426],[0.761791,0.32422,0.560854]],[[0.647679,-0.362877,-0.66995],[-0.750707,-0.153675,-0.642513],[0.130199,0.919078,-0.371946]],[[0.647679,-0.362877,-0.66995],[-0.650231,-0.721568,-0.23778],[-0.397129,0.589627,-0.703298]]],"btipPosition":[50.3176,139.598,102.06],"carpPosition":[67.1328,132.809,130.281],"dipPosition":[45.0861,147.366,92.7949],"direction":[-0.130199,-0.919078,0.371946],"extended":false,"handId":60,"id":604,"length":38.6037,"mcpPosition":[67.6188,169.866,102.391],"pipPosition":[47.0323,161.104,87.235],"stabilizedTipPosition":[50.6228,144.375,101.376],"timeVisible":4.38786,"tipPosition":[45.7833,140.233,97.4574],"tipVelocity":[1.94345,-2.17005,5.00746],"tool":false,"touchDistance":0.498814,"touchZone":"none","type":4,"width":12.0969}],"r":[[0.98272,0.00574386,0.185008],[-0.0557406,0.962304,0.266205],[-0.176505,-0.271917,0.945995]],"s":1.01459,"t":[27.2006,-4.34035,-35.6812],"timestamp":17398133362},{"currentFrameRate":113.838,"devices":[],"gestures":[],"hands":[{"armBasis":[[0.861312,-0.122143,-0.493176],[0.498969,0.386313,0.775753],[0.0957672,-0.914245,0.393682]],"armWidth":48.9085,"confidence":1,"direction":[-0.166486,0.898775,-0.405569],"elbow":[80.0101,-86.3806,230.372],"grabAngle":2.81842,"grabStrength":0,"id":60,"palmNormal":[-0.49119,-0.432239,-0.756242],"palmPosition":[42.9581,164.519,121.438],"palmVelocity":[8.61405,2.07249,2.63957],"palmWidth":72.7825,"pinchDistance":48.6091,"pinchStrength":0.185831,"r":[[0.982927,0.00559824,0.183909],[-0.0551321,0.962572,0.265361],[-0.17554,-0.27097,0.946447]],"s":1.01454,"sphereCenter":[30.9435,162.741,87.1036],"sphereRadius":38.634,"stabilizedPalmPosition":[45.8313,172.055,124.215],"t":[27.274,-4.31683,-35.6607],"timeVisible":4.39666,"type":"right","wrist":[59.3271,111.071,145.348]}],"id":37711,"interactionBox":{"center":[0,200,0],"size":[235.247,235.247,147.751]},"pointables":[{"bases":[[[0.750894,0.532487,0.39066],[-0.403453,-0.0984591,0.909688],[0.522861,-0.840692,0.140901]],[[0.519435,0.793818,0.316291],[-0.61108,0.0863472,0.786845],[0.597301,-0.601994,0.529938]],[[0.519435,0.793818,0.316291],[-0.674393,0.153519,0.722236],[0.524768,-0.588459,0.615089]],[[0.519435,0.793818,0.316291],[-0.721881,0.209582,0.659518],[0.457249,-0.570901,0.681906]]],"btipPosition":[-11.9271,171.804,95.3391],"carpPosition":[33.7755,122.221,144.724],"dipPosition":[-3.74851,161.592,107.536],"direction":[-0.524768,0.588459,-0.615089],"extended":false,"handId":60,"id":600,"length":39.8308,"mcpPosition":[33.7755,122.221,144.724],"pipPosition":[9.92596,146.258,123.564],"stabilizedTipPosition":[-10.3163,171.271,99.3576],"timeVisible":4.39666,"tipPosition":[-12.8193,169.273,101.178],"tipVelocity":[5.43729,0.299179,9.4674],"tool":false,"touchDistance":0.469074,"touchZone":"hovering","type":0,"width":15.2554},{"bases":[[[0.814903,0.0786389,-0.574238],[0.440115,0.560714,0.701355],[0.377137,-0.824267,0.422317]],[[0.852985,-0.0170218,-0.521658],[0.375402,0.714389,0.590526],[0.362615,-0.699542,0.615753]],[[0.852985,-0.0170218,-0.521658],[0.337774,0.779954,0.526859],[0.397901,-0.625605,0.671039]],[[0.852985,-0.0170218,-0.521658],[0.266442,0.873627,0.407165],[0.448804,-0.486298,0.749727]]],"btipPosition":[-1.76188,225.584,82.512],"carpPosition":[45.549,136.201,149.768],"dipPosition":[4.09858,219.234,92.3019],"direction":[-0.397901,0.625605,-0.671039],"extended":true,"handId":60,"id":601,"length":44.9446,"mcpPosition":[23.3552,184.708,124.916],"pipPosition":[11.4489,207.677,104.698],"stabilizedTipPosition":[0.704696,225.052,85.3925],"timeVisible":4.39666,"tipPosition":[-1.90754,220.908,84.2769],"tipVelocity":[5.94382,5.15178,6.24222],"tool":false,"touchDistance":0.309465,"touchZone":"hovering","type":1,"width":14.572},{"bases":[[[0.771314,-0.130194,-0.622996],[0.579721,0.547704,0.603278],[0.262674,-0.82648,0.497928]],[[0.782571,-0.168037,-0.599455],[-0.171231,0.867653,-0.466754],[0.598551,0.467913,0.650226]],[[0.782571,-0.168037,-0.599455],[-0.615746,-0.351003,-0.705446],[-0.0918698,0.921173,-0.378153]],[[0.782571,-0.168037,-0.599455],[-0.429579,-0.842677,-0.324587],[-0.450605,0.511526,-0.73164]]],"btipPosition":[25.6702,139.64,111.915],"carpPosition":[53.9105,138.12,144.929],"dipPosition":[19.1986,146.986,101.407],"direction":[0.0918698,-0.921173,0.378153],"extended":false,"handId":60,"id":602,"length":51.2108,"mcpPosition":[39.2514,184.243,117.141],"pipPosition":[17.202,167.006,93.1884],"stabilizedTipPosition":[24.9936,144.167,107.734],"timeVisible":4.39666,"tipPosition":[22.3835,141.286,104.87],"tipVelocity":[-6.67854,4.27996,12.781],"tool":false,"touchDistance":0.658298,"touchZone":"none","type":2,"width":14.3116},{"bases":[[[0.755651,-0.291313,-0.586624],[0.641424,0.510377,0.572791],[0.132538,-0.809105,0.572522]],[[0.746344,-0.242272,-0.6199],[-0.131794,0.859154,-0.494455],[0.652381,0.450732,0.609294]],[[0.746344,-0.242272,-0.6199],[-0.664773,-0.316649,-0.676616],[-0.0323657,0.917081,-0.397385]],[[0.746344,-0.242272,-0.6199],[-0.484269,-0.836604,-0.256082],[-0.456569,0.491323,-0.741719]]],"btipPosition":[39.985,136.501,108.458],"carpPosition":[61.698,137.783,138.945],"dipPosition":[33.4654,143.516,97.8662],"direction":[0.0323657,-0.917081,0.397385],"extended":false,"handId":60,"id":603,"length":49.2406,"mcpPosition":[55.0571,178.324,110.259],"pipPosition":[32.7801,162.933,89.4529],"stabilizedTipPosition":[39.5293,141.398,106.577],"timeVisible":4.39666,"tipPosition":[34.904,136.231,102.804],"tipVelocity":[2.15645,-0.378132,7.92219],"tool":false,"touchDistance":0.600361,"touchZone":"none","type":3,"width":13.6184},{"bases":[[[0.649473,-0.463298,-0.602942],[0.76032,0.385353,0.522893],[-0.00990954,-0.798034,0.602531]],[[0.645989,-0.364432,-0.670737],[-0.0139586,0.872892,-0.487713],[0.763219,0.32442,0.558792]],[[0.645989,-0.364432,-0.670737],[-0.752133,-0.153815,-0.64081],[0.130362,0.918439,-0.373464]],[[0.645989,-0.364432,-0.670737],[-0.65137,-0.721312,-0.235426],[-0.398014,0.58898,-0.70334]]],"btipPosition":[50.3292,139.58,102.103],"carpPosition":[67.2002,132.82,130.302],"dipPosition":[45.086,147.339,92.8375],"direction":[-0.130362,-0.918439,0.373464],"extended":false,"handId":60,"id":604,"length":38.6037,"mcpPosition":[67.6598,169.835,102.356],"pipPosition":[47.0347,161.068,87.2549],"stabilizedTipPosition":[50.6211,144.371,101.375],"timeVisible":4.39666,"tipPosition":[45.7901,140.213,97.512],"tipVelocity":[1.01121,-2.34253,4.8888],"tool":false,"touchDistance":0.499531,"touchZone":"none","type":4,"width":12.0969}],"r":[[0.982927,0.00559824,0.183909],[-0.0551321,0.962572,0.265361],[-0.17554,-0.27097,0.946447]],"s":1.01454,"t":[27.274,-4.31683,-35.6607],"timestamp":17398142160},{"currentFrameRate":113.95,"devices":[],"gestures":[],"hands":[{"armBasis":[[0.86079,-0.123558,-0.493735],[0.500197,0.384613,0.775807],[0.0940396,-0.914771,0.392874]],"armWidth":48.9085,"confidence":1,"direction":[-0.1664,0.898654,-0.405872],"elbow":[79.7025,-86.4768,230.21],"grabAngle":2.81675,"grabStrength":0,"id":60,"palmNormal":[-0.492143,-0.432367,-0.755549],"palmPosition":[43.0429,164.539,121.448],"palmVelocity":[9.87613,2.35914,1.19836],"palmWidth":72.7825,"pinchDistance":48.6225,"pinchStrength":0.187919,"r":[[0.983128,0.00539579,0.18284],[-0.0544934,0.962818,0.264597],[-0.174614,-0.270096,0.946867]],"s":1.01451,"sphereCenter":[30.9366,162.772,87.1885],"sphereRadius":38.5998,"stabilizedPalmPosition":[45.8236,172.035,124.207],"t":[27.3531,-4.29494,-35.6453],"timeVisible":4.40524,"type":"right","wrist":[59.3926,111.088,145.36]}],"id":37712,"interactionBox":{"center":[0,200,0],"size":[235.247,235.247,147.751]},"pointables":[{"bases":[[[0.751549,0.53229,0.389667],[-0.402633,-0.0977785,0.910124],[0.522551,-0.840896,0.140832]],[[0.519995,0.793834,0.315328],[-0.610609,0.0873209,0.787103],[0.597295,-0.601832,0.530129]],[[0.519995,0.793834,0.315328],[-0.673981,0.154532,0.722406],[0.524742,-0.588172,0.615385]],[[0.519995,0.793834,0.315328],[-0.721315,0.210372,0.659885],[0.457503,-0.570588,0.681998]]],"btipPosition":[-11.846,171.821,95.363],"carpPosition":[33.8603,122.258,144.765],"dipPosition":[-3.66287,161.615,107.562],"direction":[-0.524742,0.588172,-0.615385],"extended":false,"handId":60,"id":600,"length":39.8308,"mcpPosition":[33.8603,122.258,144.765],"pipPosition":[10.0109,146.289,123.597],"stabilizedTipPosition":[-10.3158,171.269,99.356],"timeVisible":4.40524,"tipPosition":[-12.7436,169.313,101.23],"tipVelocity":[9.56946,2.19483,2.82442],"tool":false,"touchDistance":0.469478,"touchZone":"hovering","type":0,"width":15.2554},{"bases":[[[0.814394,0.0779129,-0.575059],[0.441083,0.560842,0.700645],[0.377106,-0.824249,0.42238]],[[0.852464,-0.0177067,-0.522486],[0.376435,0.714308,0.589967],[0.362769,-0.699607,0.615588]],[[0.852464,-0.0177067,-0.522486],[0.338563,0.78023,0.525944],[0.398346,-0.625243,0.671113]],[[0.852464,-0.0177067,-0.522486],[0.269634,0.871131,0.4104],[0.447887,-0.490731,0.747383]]],"btipPosition":[-1.66443,225.67,82.5654],"carpPosition":[45.6459,136.235,149.791],"dipPosition":[4.18406,219.262,92.3246],"direction":[-0.398346,0.625243,-0.671113],"extended":true,"handId":60,"id":601,"length":44.9446,"mcpPosition":[23.454,184.74,124.935],"pipPosition":[11.5426,207.712,104.722],"stabilizedTipPosition":[0.702948,225.05,85.3915],"timeVisible":4.40524,"tipPosition":[-1.82295,220.945,84.3031],"tipVelocity":[11.0338,8.44009,5.39811],"tool":false,"touchDistance":0.310238,"touchZone":"hovering","type":1,"width":14.572},{"bases":[[[0.770648,-0.130921,-0.623667],[0.580588,0.547707,0.60244],[0.262715,-0.826363,0.498101]],[[0.782319,-0.170251,-0.599159],[-0.169397,0.867512,-0.467683],[0.599401,0.467373,0.649831]],[[0.782319,-0.170251,-0.599159],[-0.616371,-0.350273,-0.705263],[-0.089798,0.921045,-0.378963]],[[0.782319,-0.170251,-0.599159],[-0.431414,-0.841943,-0.324058],[-0.449286,0.512003,-0.732117]]],"btipPosition":[25.666,139.675,111.957],"carpPosition":[54.0038,138.146,144.943],"dipPosition":[19.2133,147.029,101.443],"direction":[0.089798,-0.921045,0.378963],"extended":false,"handId":60,"id":602,"length":51.2108,"mcpPosition":[39.3425,184.263,117.145],"pipPosition":[17.2617,167.046,93.2067],"stabilizedTipPosition":[24.9928,144.164,107.736],"timeVisible":4.40524,"tipPosition":[22.4473,141.308,104.931],"tipVelocity":[0.0180172,4.35741,4.79265],"tool":false,"touchDistance":0.658983,"touchZone":"none","type":2,"width":14.3116},{"bases":[[[0.754935,-0.292014,-0.587198],[0.642243,0.510332,0.571914],[0.132659,-0.808881,0.572811]],[[0.745621,-0.242985,-0.620489],[-0.131814,0.858969,-0.49477],[0.653203,0.4507,0.608437]],[[0.745621,-0.242985,-0.620489],[-0.665595,-0.316475,-0.67589],[-0.0321381,0.916953,-0.3977]],[[0.745621,-0.242985,-0.620489],[-0.485035,-0.836393,-0.255317],[-0.456935,0.491329,-0.741489]]],"btipPosition":[40.0387,136.512,108.482],"carpPosition":[61.7854,137.803,138.951],"dipPosition":[33.5138,143.528,97.8938],"direction":[0.0321381,-0.916953,0.3977],"extended":false,"handId":60,"id":603,"length":49.2406,"mcpPosition":[55.1384,178.332,110.25],"pipPosition":[32.8334,162.942,89.4738],"stabilizedTipPosition":[39.5285,141.395,106.577],"timeVisible":4.40524,"tipPosition":[34.9573,136.246,102.838],"tipVelocity":[6.11656,1.38163,2.91345],"tool":false,"touchDistance":0.600777,"touchZone":"none","type":3,"width":13.6184},{"bases":[[[0.64865,-0.463951,-0.603326],[0.761024,0.385219,0.521966],[-0.00975391,-0.797719,0.602951]],[[0.645153,-0.365118,-0.671168],[-0.0139646,0.872649,-0.488148],[0.763926,0.324303,0.557894]],[[0.645153,-0.365118,-0.671168],[-0.752797,-0.153528,-0.640099],[0.130669,0.918214,-0.373909]],[[0.645153,-0.365118,-0.671168],[-0.652049,-0.720981,-0.234559],[-0.398257,0.588961,-0.703218]]],"btipPosition":[50.378,139.584,102.116],"carpPosition":[67.2767,132.832,130.306],"dipPosition":[45.1316,147.343,92.8523],"direction":[-0.130669,-0.918214,0.373909],"extended":false,"handId":60,"id":604,"length":38.6037,"mcpPosition":[67.7291,169.832,102.339],"pipPosition":[47.0849,161.068,87.263],"stabilizedTipPosition":[50.6191,144.367,101.373],"timeVisible":4.40524,"tipPosition":[45.8403,140.219,97.5329],"tipVelocity":[5.60173,0.476212,1.58345],"tool":false,"touchDistance":0.499758,"touchZone":"none","type":4,"width":12.0969}],"r":[[0.983128,0.00539579,0.18284],[-0.0544934,0.962818,0.264597],[-0.174614,-0.270096,0.946867]],"s":1.01451,"t":[27.3531,-4.29494,-35.6453],"timestamp":17398150743},{"currentFrameRate":114.016,"devices":[],"gestures":[],"hands":[{"armBasis":[[0.860536,-0.12473,-0.493883],[0.500988,0.382615,0.776284],[0.0921412,-0.91545,0.391742]],"armWidth":48.9085,"confidence":1,"direction":[-0.165956,0.899146,-0.404964],"elbow":[79.3366,-86.636,229.911],"grabAngle":2.81468,"grabStrength":0,"id":60,"palmNormal":[-0.492817,-0.431321,-0.755707],"palmPosition":[43.1258,164.563,121.453],"palmVelocity":[9.58059,2.72359,0.537269],"palmWidth":72.7825,"pinchDistance":48.6374,"pinchStrength":0.189248,"r":[[0.983306,0.00505938,0.18189],[-0.05382,0.962974,0.264168],[-0.173819,-0.269547,0.94717]],"s":1.01451,"sphereCenter":[30.964,162.851,87.2359],"sphereRadius":38.5776,"stabilizedPalmPosition":[45.8157,172.013,124.199],"t":[27.4342,-4.27221,-35.6353],"timeVisible":4.4139,"type":"right","wrist":[59.4367,111.075,145.306]}],"id":37713,"interactionBox":{"center":[0,200,0],"size":[235.247,235.247,147.751]},"pointables":[{"bases":[[[0.752117,0.531396,0.389792],[-0.402261,-0.0983297,0.910229],[0.52202,-0.841397,0.139805]],[[0.520464,0.793372,0.315717],[-0.610527,0.087265,0.787173],[0.59697,-0.602449,0.529793]],[[0.520464,0.793372,0.315717],[-0.67394,0.154633,0.722422],[0.524329,-0.588769,0.615166]],[[0.520464,0.793372,0.315717],[-0.720996,0.210231,0.660279],[0.457473,-0.571282,0.681436]]],"btipPosition":[-11.7577,171.882,95.3623],"carpPosition":[33.9244,122.267,144.735],"dipPosition":[-3.57502,161.664,107.551],"direction":[-0.524329,0.588769,-0.615166],"extended":false,"handId":60,"id":600,"length":39.8308,"mcpPosition":[33.9244,122.267,144.735],"pipPosition":[10.088,146.322,123.581],"stabilizedTipPosition":[-10.3151,171.266,99.3541],"timeVisible":4.4139,"tipPosition":[-12.6584,169.395,101.257],"tipVelocity":[10.196,6.74939,-0.345846],"tool":false,"touchDistance":0.469428,"touchZone":"hovering","type":0,"width":15.2554},{"bases":[[[0.81417,0.0778625,-0.575382],[0.441822,0.559882,0.700946],[0.376724,-0.824906,0.421438]],[[0.852127,-0.017624,-0.523038],[0.377241,0.713392,0.59056],[0.362723,-0.700544,0.614549]],[[0.852127,-0.017624,-0.523038],[0.339095,0.779844,0.526173],[0.398614,-0.625726,0.670502]],[[0.852127,-0.017624,-0.523038],[0.273199,0.86742,0.415865],[0.446364,-0.497264,0.743968]]],"btipPosition":[-1.54895,225.829,82.6881],"carpPosition":[45.7225,136.231,149.768],"dipPosition":[4.27965,219.336,92.4028],"direction":[-0.398614,0.625726,-0.670502],"extended":true,"handId":60,"id":601,"length":44.9446,"mcpPosition":[23.553,184.775,124.967],"pipPosition":[11.6431,207.777,104.789],"stabilizedTipPosition":[0.701274,225.049,85.3907],"timeVisible":4.4139,"tipPosition":[-1.71175,221.048,84.3836],"tipVelocity":[12.8104,16.1325,12.9903],"tool":false,"touchDistance":0.312112,"touchZone":"hovering","type":1,"width":14.572},{"bases":[[[0.770252,-0.130896,-0.624162],[0.58127,0.546739,0.602662],[0.262367,-0.827008,0.497213]],[[0.781917,-0.170292,-0.599672],[-0.168568,0.868368,-0.466392],[0.600159,0.465765,0.650286]],[[0.781917,-0.170292,-0.599672],[-0.617052,-0.348173,-0.705707],[-0.0886134,0.921833,-0.377321]],[[0.781917,-0.170292,-0.599672],[-0.432782,-0.840652,-0.325583],[-0.448671,0.514106,-0.731019]]],"btipPosition":[25.6984,139.718,111.914],"carpPosition":[54.0793,138.14,144.918],"dipPosition":[19.2546,147.101,101.415],"direction":[0.0886134,-0.921833,0.377321],"extended":false,"handId":60,"id":602,"length":51.2108,"mcpPosition":[39.4374,184.293,117.17],"pipPosition":[17.3287,167.135,93.2145],"stabilizedTipPosition":[24.992,144.161,107.738],"timeVisible":4.4139,"tipPosition":[22.5104,141.362,104.937],"tipVelocity":[3.97771,5.65863,-4.6174],"tool":false,"touchDistance":0.658317,"touchZone":"none","type":2,"width":14.3116},{"bases":[[[0.754441,-0.292011,-0.587833],[0.642883,0.509348,0.572072],[0.132361,-0.809503,0.572002]],[[0.745147,-0.242944,-0.621075],[-0.131442,0.859518,-0.493915],[0.653819,0.449674,0.608534]],[[0.745147,-0.242944,-0.621075],[-0.666159,-0.31504,-0.676004],[-0.0314318,0.917457,-0.39659]],[[0.745147,-0.242944,-0.621075],[-0.485884,-0.835673,-0.256061],[-0.456807,0.492573,-0.740742]]],"btipPosition":[40.0882,136.544,108.456],"carpPosition":[61.8578,137.797,138.922],"dipPosition":[33.5652,143.578,97.8784],"direction":[0.0314318,-0.917457,0.396591],"extended":false,"handId":60,"id":603,"length":49.2406,"mcpPosition":[55.2258,178.357,110.262],"pipPosition":[32.8997,163.002,89.4819],"stabilizedTipPosition":[39.5275,141.392,106.576],"timeVisible":4.4139,"tipPosition":[35.0135,136.294,102.823],"tipVelocity":[5.76828,4.14896,-2.71928],"tool":false,"touchDistance":0.600385,"touchZone":"none","type":3,"width":13.6184},{"bases":[[[0.648027,-0.463857,-0.604067],[0.761551,0.384197,0.52195],[-0.0100297,-0.798266,0.602221]],[[0.644567,-0.364959,-0.671817],[-0.0135797,0.873108,-0.487338],[0.764427,0.323245,0.557821]],[[0.644567,-0.364959,-0.671817],[-0.75315,-0.151938,-0.640062],[0.131522,0.918542,-0.372804]],[[0.644567,-0.364959,-0.671817],[-0.65281,-0.720103,-0.235141],[-0.39796,0.590133,-0.702404]]],"btipPosition":[50.4253,139.616,102.088],"carpPosition":[67.3413,132.83,130.269],"dipPosition":[45.1827,147.39,92.8353],"direction":[-0.131522,-0.918542,0.372804],"extended":false,"handId":60,"id":604,"length":38.6037,"mcpPosition":[67.8065,169.856,102.337],"pipPosition":[47.1487,161.12,87.2626],"stabilizedTipPosition":[50.6171,144.363,101.371],"timeVisible":4.4139,"tipPosition":[45.8966,140.264,97.5155],"tipVelocity":[5.55757,4.08855,-2.91934],"tool":false,"touchDistance":0.499336,"touchZone":"none","type":4,"width":12.0969}],"r":[[0.983306,0.00505938,0.18189],[-0.05382,0.962974,0.264168],[-0.173819,-0.269547,0.94717]],"s":1.01451,"t":[27.4342,-4.27221,-35.6353],"timestamp":17398159400},{"currentFrameRate":114.027,"devices":[],"gestures":[],"hands":[{"armBasis":[[0.860208,-0.125902,-0.494156],[0.