{"frames":60,"data":[{"currentFrameRate":114.937,"devices":[],"gestures":[],"hands":[{"armBasis":[[0.775955,-0.0472543,-0.629016],[0.630767,0.0498224,0.774371],[-0.00525325,-0.99764,0.0684664]],"armWidth":48.9085,"confidence":1,"direction":[-0.218125,0.935743,-0.277141],"elbow":[60.2706,-116.223,154.275],"grabAngle":2.84741,"grabStrength":0.889462,"id":61,"palmNormal":[-0.592452,-0.352629,-0.72433],"palmPosition":[43.3458,155.386,125.841],"palmVelocity":[-3.57784,2.7421,-1.65101],"palmWidth":72.7825,"pinchDistance":8.23701,"pinchStrength":1,"r":[[0.988207,-0.113866,-0.102378],[0.117838,0.992464,0.0335971],[0.0977806,-0.0452648,0.994178]],"s":0.948033,"sphereCenter":[18.1031,155.395,104.252],"sphereRadius":28.4393,"stabilizedPalmPosition":[41.9866,154.33,123.903],"t":[15.3832,-7.99405,12.5495],"timeVisible":7.49278,"type":"right","wrist":[61.4052,99.2388,139.488]}],"id":39996,"interactionBox":{"center":[0,200,0],"size":[235.247,235.247,147.751]},"pointables":[{"bases":[[[0.799406,0.4955,0.339748],[-0.27405,-0.202498,0.940155],[0.534645,-0.844674,-0.0260864]],[[0.526906,0.786187,0.322926],[-0.662723,0.142157,0.735248],[0.532136,-0.601417,0.595928]],[[0.526906,0.786187,0.322926],[-0.714181,0.203565,0.669707],[0.460778,-0.5835,0.668739]],[[0.526906,0.786187,0.322926],[-0.792733,0.317577,0.520307],[0.306504,-0.530147,0.790569]]],"btipPosition":[-1.39901,159.383,90.0012],"carpPosition":[37.3379,110.682,145.363],"dipPosition":[4.08331,149.9,104.142],"direction":[-0.460778,0.5835,-0.668739],"extended":false,"handId":61,"id":610,"length":39.8308,"mcpPosition":[37.3379,110.682,145.363],"pipPosition":[16.0903,134.696,121.568],"stabilizedTipPosition":[-1.59995,159.367,97.1993],"timeVisible":7.49278,"tipPosition":[-3.09129,160.082,98.8357],"tipVelocity":[-5.46811,1.03498,-2.34322],"tool":false,"touchDistance":0.387559,"touchZone":"hovering","type":0,"width":15.2554},{"bases":[[[0.727882,0.151003,-0.66887],[0.534684,0.48572,0.691512],[0.429304,-0.860973,0.272808]],[[0.683816,0.232095,-0.691757],[-0.0810165,0.96635,0.244139],[0.725143,-0.110902,0.679609]],[[0.683816,0.232095,-0.691757],[-0.601212,0.716431,-0.353936],[0.413449,0.65792,0.629445]],[[0.683816,0.232095,-0.691757],[-0.725353,0.319024,-0.609989],[0.0791117,0.918888,0.386505]]],"btipPosition":[-8.00364,154.322,95.2032],"carpPosition":[49.7404,124.166,150.247],"dipPosition":[-6.9706,166.321,100.25],"direction":[-0.413449,-0.65792,-0.629445],"extended":false,"handId":61,"id":611,"length":44.9446,"mcpPosition":[24.4768,174.833,134.192],"pipPosition":[0.666891,178.474,111.878],"stabilizedTipPosition":[-7.78444,157.345,96.7617],"timeVisible":7.49278,"tipPosition":[-10.7537,164.763,95.9051],"tipVelocity":[4.24091,-9.0114,-8.2807],"tool":false,"touchDistance":0.439401,"touchZone":"hovering","type":1,"width":14.572},{"bases":[[[0.677303,-0.0517368,-0.733883],[0.659339,0.485236,0.574298],[0.326394,-0.872851,0.362764]],[[0.656512,0.000695919,-0.754315],[-0.104737,0.990397,-0.0902437],[0.747009,0.138251,0.650281]],[[0.656512,0.000695919,-0.754315],[-0.706937,0.349385,-0.614955],[0.263118,0.936979,0.229867]],[[0.656512,0.000695919,-0.754315],[-0.753484,-0.0463193,-0.655832],[-0.0353958,0.998926,-0.0298849]]],"btipPosition":[6.41488,135.613,95.7764],"carpPosition":[57.3582,126.705,144.543],"dipPosition":[5.90652,149.96,95.3472],"direction":[-0.263118,-0.936979,-0.229867],"extended":false,"handId":61,"id":612,"length":51.2108,"mcpPosition":[39.1431,175.416,124.298],"pipPosition":[11.6249,170.323,100.343],"stabilizedTipPosition":[6.87701,139.195,96.6596],"timeVisible":7.49278,"tipPosition":[8.37518,142.46,97.8972],"tipVelocity":[-0.985769,-0.519567,-9.31416],"tool":false,"touchDistance":0.427961,"touchZone":"hovering","type":2,"width":14.3116},{"bases":[[[0.666308,-0.216051,-0.713691],[0.716113,0.452227,0.531669],[0.207883,-0.865339,0.45604]],[[0.665838,-0.214101,-0.714717],[-0.158204,0.895644,-0.415683],[0.72913,0.389849,0.562483]],[[0.665838,-0.214101,-0.714717],[-0.735826,-0.0300427,-0.676504],[0.123368,0.97635,-0.177544]],[[0.665838,-0.214101,-0.714717],[-0.691247,-0.537528,-0.482951],[-0.28078,0.815613,-0.505903]]],"btipPosition":[30.3257,124.849,106.468],"carpPosition":[64.242,127.121,137.542],"dipPosition":[26.3163,136.496,99.2435],"direction":[-0.123368,-0.97635,0.177544],"extended":false,"handId":61,"id":613,"length":49.2406,"mcpPosition":[53.8259,170.479,114.692],"pipPosition":[28.9282,157.167,95.4846],"stabilizedTipPosition":[35.488,128.695,106.829],"timeVisible":7.49278,"tipPosition":[31.9376,129.065,106.84],"tipVelocity":[-0.981329,-0.181372,-11.1158],"tool":false,"touchDistance":0.580101,"touchZone":"none","type":3,"width":13.6184},{"bases":[[[0.558347,-0.386484,-0.734084],[0.826564,0.334879,0.452379],[0.0709918,-0.859352,0.506433]],[[0.545833,-0.28083,-0.789431],[-0.0785094,0.920874,-0.381873],[0.834208,0.270416,0.480596]],[[0.545833,-0.28083,-0.789431],[-0.786868,0.151962,-0.598119],[0.287933,0.947651,-0.13803]],[[0.545833,-0.28083,-0.789431],[-0.820546,-0.36988,-0.435767],[-0.169619,0.88562,-0.432327]]],"btipPosition":[40.574,129.921,99.0107],"carpPosition":[68.4799,123.203,127.729],"dipPosition":[38.3395,141.588,93.3154],"direction":[-0.287933,-0.947651,0.13803],"extended":false,"handId":61,"id":614,"length":38.6037,"mcpPosition":[65.1871,163.061,104.24],"pipPosition":[42.6436,155.754,91.2522],"stabilizedTipPosition":[45.2499,133.013,99.0384],"timeVisible":7.49278,"tipPosition":[42.0807,134.386,98.7427],"tipVelocity":[-2.00298,2.68803,-5.22009],"tool":false,"touchDistance":0.46168,"touchZone":"none","type":4,"width":12.0969}],"r":[[0.988207,-0.113866,-0.102378],[0.117838,0.992464,0.0335971],[0.0977806,-0.0452648,0.994178]],"s":0.948033,"t":[15.3832,-7.99405,12.5495],"timestamp":17418287487},{"currentFrameRate":115.116,"devices":[],"gestures":[],"hands":[{"armBasis":[[0.776911,-0.0476425,-0.627806],[0.629585,0.0497457,0.775338],[-0.00570837,-0.997625,0.068643]],"armWidth":48.9085,"confidence":1,"direction":[-0.218565,0.935627,-0.277186],"elbow":[60.1395,-116.185,154.309],"grabAngle":2.84741,"grabStrength":0.892252,"id":61,"palmNormal":[-0.591057,-0.352951,-0.725312],"palmPosition":[43.2931,155.409,125.823],"palmVelocity":[-6.28304,2.73002,-2.1884],"palmWidth":72.7825,"pinchDistance":8.12377,"pinchStrength":1,"r":[[0.988389,-0.113174,-0.101387],[0.117118,0.992542,0.0338096],[0.0968043,-0.0452913,0.994272]],"s":0.94753,"sphereCenter":[18.1782,155.383,104.096],"sphereRadius":28.4186,"stabilizedPalmPosition":[41.9902,154.333,123.908],"t":[15.339,-7.96604,12.5349],"timeVisible":7.50116,"type":"right","wrist":[61.3723,99.2736,139.484]}],"id":39997,"interactionBox":{"center":[0,200,0],"size":[235.247,235.247,147.751]},"pointables":[{"bases":[[[0.798451,0.496125,0.34108],[-0.275259,-0.203028,0.939687],[0.535451,-0.84418,-0.0255451]],[[0.525701,0.786576,0.323938],[-0.663473,0.140797,0.734833],[0.532393,-0.601227,0.595889]],[[0.525701,0.786576,0.323938],[-0.714909,0.202137,0.669362],[0.461025,-0.583471,0.668594]],[[0.525701,0.786576,0.323938],[-0.793349,0.315919,0.520377],[0.306978,-0.530559,0.790109]]],"btipPosition":[-1.46511,159.394,89.9742],"carpPosition":[37.297,110.693,145.322],"dipPosition":[4.02568,149.904,104.107],"direction":[-0.461025,0.583471,-0.668594],"extended":false,"handId":61,"id":610,"length":39.8308,"mcpPosition":[37.297,110.693,145.322],"pipPosition":[16.0391,134.7,121.529],"stabilizedTipPosition":[-1.59367,159.358,97.1814],"timeVisible":7.50116,"tipPosition":[-3.09265,160.056,98.7205],"tipVelocity":[-7.65324,1.07057,-3.44892],"tool":false,"touchDistance":0.387077,"touchZone":"hovering","type":0,"width":15.2554},{"bases":[[[0.728734,0.151864,-0.667745],[0.533217,0.485999,0.692448],[0.429681,-0.860664,0.273188]],[[0.685013,0.232272,-0.690513],[-0.083043,0.966531,0.242736],[0.723783,-0.108935,0.681375]],[[0.685013,0.232272,-0.690513],[-0.601685,0.714781,-0.356458],[0.41077,0.65965,0.629389]],[[0.685013,0.232272,-0.690513],[-0.724488,0.316904,-0.612118],[0.0766485,0.919577,0.385361]]],"btipPosition":[-7.96003,154.22,95.1207],"carpPosition":[49.68,124.188,150.229],"dipPosition":[-6.95915,166.227,100.153],"direction":[-0.41077,-0.65965,-0.629389],"extended":false,"handId":61,"id":611,"length":44.9446,"mcpPosition":[24.3941,174.836,134.152],"pipPosition":[0.628859,178.413,111.779],"stabilizedTipPosition":[-7.78214,157.329,96.7413],"timeVisible":7.50116,"tipPosition":[-10.7508,164.695,95.8124],"tipVelocity":[4.32004,-11.9566,-10.257],"tool":false,"touchDistance":0.437968,"touchZone":"hovering","type":1,"width":14.572},{"bases":[[[0.678436,-0.0509023,-0.732894],[0.658046,0.485663,0.575419],[0.326649,-0.872663,0.362988]],[[0.657628,0.00151765,-0.753341],[-0.10626,0.990187,-0.0907645],[0.745811,0.139739,0.651336]],[[0.657628,0.00151765,-0.753341],[-0.706538,0.348226,-0.61607],[0.261398,0.937409,0.230076]],[[0.657628,0.00151765,-0.753341],[-0.752443,-0.0475383,-0.65694],[-0.0368096,0.998868,-0.0301206]]],"btipPosition":[6.44809,135.569,95.7177],"carpPosition":[57.3039,126.735,144.537],"dipPosition":[5.91943,149.915,95.2851],"direction":[-0.261398,-0.937409,-0.230076],"extended":false,"handId":61,"id":612,"length":51.2108,"mcpPosition":[39.0746,175.435,124.279],"pipPosition":[11.6004,170.288,100.285],"stabilizedTipPosition":[6.87482,139.194,96.6555],"timeVisible":7.50116,"tipPosition":[8.36879,142.447,97.8158],"tipVelocity":[3.40518,-5.24915,-7.08936],"tool":false,"touchDistance":0.42697,"touchZone":"hovering","type":2,"width":14.3116},{"bases":[[[0.667561,-0.215233,-0.712767],[0.714913,0.452719,0.532864],[0.207994,-0.865286,0.45609]],[[0.66683,-0.212208,-0.714356],[-0.159227,0.895888,-0.414768],[0.728,0.390324,0.563616]],[[0.66683,-0.212208,-0.714356],[-0.734982,-0.0290154,-0.677465],[0.123036,0.976794,-0.175318]],[[0.66683,-0.212208,-0.714356],[-0.690335,-0.536942,-0.484902],[-0.280668,0.816493,-0.504544]]],"btipPosition":[30.3198,124.847,106.364],"carpPosition":[64.1976,127.159,137.546],"dipPosition":[26.312,136.506,99.1594],"direction":[-0.123036,-0.976794,0.175318],"extended":false,"handId":61,"id":613,"length":49.2406,"mcpPosition":[53.776,170.515,114.693],"pipPosition":[28.9169,157.186,95.4476],"stabilizedTipPosition":[35.4871,128.695,106.828],"timeVisible":7.50116,"tipPosition":[31.9277,129.077,106.789],"tipVelocity":[-0.656985,0.0485937,-11.8203],"tool":false,"touchDistance":0.57845,"touchZone":"none","type":3,"width":13.6184},{"bases":[[[0.559785,-0.385757,-0.73337],[0.825588,0.335495,0.453703],[0.0710226,-0.859438,0.506282]],[[0.547257,-0.280098,-0.788704],[-0.0787807,0.920917,-0.381715],[0.833249,0.271031,0.481912]],[[0.547257,-0.280098,-0.788704],[-0.785798,0.15248,-0.599392],[0.28815,0.947784,-0.136655]],[[0.547257,-0.280098,-0.788704],[-0.819788,-0.369318,-0.437667],[-0.168693,0.886087,-0.431733]]],"btipPosition":[40.5568,129.946,98.9631],"carpPosition":[68.4536,123.248,127.738],"dipPosition":[38.3345,141.619,93.2757],"direction":[-0.28815,-0.947784,0.136655],"extended":false,"handId":61,"id":614,"length":38.6037,"mcpPosition":[65.1594,163.11,104.256],"pipPosition":[42.6418,155.786,91.2329],"stabilizedTipPosition":[45.2421,133.012,99.0363],"timeVisible":7.50116,"tipPosition":[42.0833,134.412,98.7142],"tipVelocity":[-1.7163,3.0833,-5.46557],"tool":false,"touchDistance":0.460916,"touchZone":"none","type":4,"width":12.0969}],"r":[[0.988389,-0.113174,-0.101387],[0.117118,0.992542,0.0338096],[0.0968043,-0.0452913,0.994272]],"s":0.94753,"t":[15.339,-7.96604,12.5349],"timestamp":17418295870},{"currentFrameRate":115.079,"devices":[],"gestures":[],"hands":[{"armBasis":[[0.777839,-0.0481693,-0.626615],[0.628434,0.0499116,0.77626],[-0.00611655,-0.997591,0.0690944]],"armWidth":48.9085,"confidence":1,"direction":[-0.218709,0.935685,-0.276877],"elbow":[59.9906,-116.175,154.357],"grabAngle":2.84753,"grabStrength":0.894595,"id":61,"palmNormal":[-0.589811,-0.352809,-0.726394],"palmPosition":[43.2273,155.41,125.775],"palmVelocity":[-7.52376,0.0962435,-5.49375],"palmWidth":72.7825,"pinchDistance":8.00146,"pinchStrength":1,"r":[[0.988575,-0.112492,-0.100325],[0.116417,0.992613,0.0341447],[0.0957432,-0.0454342,0.994369]],"s":0.946935,"sphereCenter":[18.241,155.366,103.91],"sphereRadius":28.3996,"stabilizedPalmPosition":[41.9935,154.336,123.913],"t":[15.284,-7.95161,12.5035],"timeVisible":7.50992,"type":"right","wrist":[61.3116,99.2767,139.435]}],"id":39998,"interactionBox":{"center":[0,200,0],"size":[235.247,235.247,147.751]},"pointables":[{"bases":[[[0.797674,0.49636,0.342555],[-0.276489,-0.203813,0.939156],[0.535976,-0.843853,-0.0253383]],[[0.5247,0.786723,0.325204],[-0.664125,0.139305,0.734529],[0.532568,-0.601383,0.595575]],[[0.5247,0.786723,0.325204],[-0.715499,0.200571,0.669203],[0.46125,-0.583814,0.668139]],[[0.5247,0.786723,0.325204],[-0.793813,0.31418,0.520723],[0.307492,-0.531375,0.789361]]],"btipPosition":[-1.55506,159.408,89.9255],"carpPosition":[37.2291,110.678,145.236],"dipPosition":[3.94491,149.903,104.045],"direction":[-0.46125,0.583814,-0.668139],"extended":false,"handId":61,"id":610,"length":39.8308,"mcpPosition":[37.2291,110.678,145.236],"pipPosition":[15.9642,134.69,121.455],"stabilizedTipPosition":[-1.58785,159.348,97.1635],"timeVisible":7.50992,"tipPosition":[-3.1054,160.031,98.5766],"tipVelocity":[-10.0366,1.23663,-5.9122],"tool":false,"touchDistance":0.386215,"touchZone":"hovering","type":0,"width":15.2554},{"bases":[[[0.729603,0.15273,-0.666598],[0.531942,0.485846,0.693536],[0.429788,-0.860597,0.273231]],[[0.686267,0.232451,-0.689206],[-0.0845226,0.966624,0.241854],[0.722422,-0.107723,0.683009]],[[0.686267,0.232451,-0.689206],[-0.601899,0.713482,-0.358694],[0.408357,0.660992,0.62955]],[[0.686267,0.232451,-0.689206],[-0.72354,0.315034,-0.614202],[0.074352,0.920174,0.384385]]],"btipPosition":[-7.92982,154.132,95.0145],"carpPosition":[49.5972,124.176,150.169],"dipPosition":[-6.95893,166.147,100.034],"direction":[-0.408357,-0.660992,-0.62955],"extended":false,"handId":61,"id":611,"length":44.9446,"mcpPosition":[24.3051,174.82,134.09],"pipPosition":[0.584503,178.357,111.663],"stabilizedTipPosition":[-7.77933,157.313,96.72],"timeVisible":7.50992,"tipPosition":[-10.7603,164.638,95.6959],"tipVelocity":[2.66355,-9.85468,-12.4682],"tool":false,"touchDistance":0.436149,"touchZone":"hovering","type":1,"width":14.572},{"bases":[[[0.679516,-0.0500218,-0.731953],[0.656938,0.48566,0.576685],[0.326634,-0.872715,0.362875]],[[0.658707,0.00239969,-0.752396],[-0.107367,0.990061,-0.0908397],[0.744699,0.140619,0.652418]],[[0.658707,0.00239969,-0.752396],[-0.706075,0.347437,-0.617046],[0.259929,0.9377,0.230553]],[[0.658707,0.00239969,-0.752396],[-0.751436,-0.0484919,-0.658022],[-0.0380641,0.998821,-0.0301388]]],"btipPosition":[6.46375,135.531,95.6269],"carpPosition":[57.2278,126.731,144.489],"dipPosition":[5.91707,149.876,95.1941],"direction":[-0.259929,-0.9377,-0.230553],"extended":false,"handId":61,"id":612,"length":51.2108,"mcpPosition":[38.9993,175.435,124.238],"pipPosition":[11.5661,170.255,100.205],"stabilizedTipPosition":[6.87309,139.193,96.6518],"timeVisible":7.50992,"tipPosition":[8.34395,142.434,97.7017],"tipVelocity":[1.31608,-4.43231,-10.3783],"tool":false,"touchDistance":0.425456,"touchZone":"hovering","type":2,"width":14.3116},{"bases":[[[0.668707,-0.214372,-0.711952],[0.713886,0.452778,0.534191],[0.20784,-0.865469,0.455813]],[[0.667687,-0.210151,-0.714165],[-0.16007,0.896361,-0.413417],[0.72703,0.390349,0.56485]],[[0.667687,-0.210151,-0.714165],[-0.734225,-0.0275044,-0.678348],[0.122913,0.977282,-0.172663]],[[0.667687,-0.210151,-0.714165],[-0.689616,-0.53594,-0.487029],[-0.2804,0.817682,-0.502764]]],"btipPosition":[30.2931,124.833,106.217],"carpPosition":[64.1313,127.164,137.509],"dipPosition":[26.2891,136.509,99.0381],"direction":[-0.122913,-0.977282,0.172663],"extended":false,"handId":61,"id":613,"length":49.2406,"mcpPosition":[53.7173,170.529,114.671],"pipPosition":[28.8914,157.2,95.3825],"stabilizedTipPosition":[35.4864,128.695,106.828],"timeVisible":7.50992,"tipPosition":[31.8948,129.078,106.699],"tipVelocity":[-2.95495,-1.13782,-16.0982],"tool":false,"touchDistance":0.576102,"touchZone":"none","type":3,"width":13.6184},{"bases":[[[0.56106,-0.384945,-0.732823],[0.824742,0.33567,0.45511],[0.0707942,-0.859734,0.505811]],[[0.54855,-0.279256,-0.788105],[-0.0787665,0.921125,-0.381215],[0.832399,0.271192,0.483287]],[[0.54855,-0.279256,-0.788105],[-0.78471,0.153463,-0.600566],[0.288657,0.947874,-0.134953]],[[0.54855,-0.279256,-0.788105],[-0.819163,-0.368351,-0.439647],[-0.167525,0.886755,-0.430815]]],"btipPosition":[40.5174,129.959,98.8768],"carpPosition":[68.4036,123.262,127.705],"dipPosition":[38.3105,141.641,93.2015],"direction":[-0.288657,-0.947874,0.134953],"extended":false,"handId":61,"id":614,"length":38.6037,"mcpPosition":[65.12,163.138,104.244],"pipPosition":[42.6254,155.81,91.1842],"stabilizedTipPosition":[45.2357,133.011,99.0345],"timeVisible":7.50992,"tipPosition":[42.0646,134.427,98.6484],"tipVelocity":[-4.09921,1.75816,-9.53764],"tool":false,"touchDistance":0.459525,"touchZone":"none","type":4,"width":12.0969}],"r":[[0.988575,-0.112492,-0.100325],[0.116417,0.992613,0.0341447],[0.0957432,-0.0454342,0.994369]],"s":0.946935,"t":[15.284,-7.95161,12.5035],"timestamp":17418304622},{"currentFrameRate":115.123,"devices":[],"gestures":[],"hands":[{"armBasis":[[0.778798,-0.0487101,-0.62538],[0.627239,0.0498828,0.777228],[-0.00666318,-0.997567,0.0694015]],"armWidth":48.9085,"confidence":1,"direction":[-0.218833,0.935861,-0.276181],"elbow":[59.8202,-116.144,154.397],"grabAngle":2.84755,"grabStrength":0.896931,"id":61,"palmNormal":[-0.58853,-0.352353,-0.727654],"palmPosition":[43.1719,155.438,125.77],"palmVelocity":[-6.42653,3.31981,-0.520618],"palmWidth":72.7825,"pinchDistance":7.86866,"pinchStrength":1,"r":[[0.988765,-0.111812,-0.0992067],[0.115732,0.992675,0.0346633],[0.0946042,-0.0457553,0.994463]],"s":0.946307,"sphereCenter":[18.3391,155.381,103.739],"sphereRadius":28.3801,"stabilizedPalmPosition":[41.9968,154.339,123.918],"t":[15.2288,-7.9301,12.4856],"timeVisible":7.51853,"type":"right","wrist":[61.2592,99.302,139.408]}],"id":39999,"interactionBox":{"center":[0,200,0],"size":[235.247,235.247,147.751]},"pointables":[{"bases":[[[0.79688,0.496441,0.34428],[-0.277766,-0.204996,0.938522],[0.536497,-0.843518,-0.0254623]],[[0.523637,0.786759,0.326824],[-0.664743,0.137382,0.734332],[0.532843,-0.601777,0.594931]],[[0.523637,0.786759,0.326824],[-0.716046,0.198579,0.669212],[0.461608,-0.584445,0.667339]],[[0.523637,0.786759,0.326824],[-0.794238,0.312038,0.521362],[0.308205,-0.53258,0.788269]]],"btipPosition":[-1.64674,159.465,89.9294],"carpPosition":[37.1705,110.682,145.173],"dipPosition":[3.866,149.939,104.029],"direction":[-0.461608,0.584445,-0.667339],"extended":false,"handId":61,"id":610,"length":39.8308,"mcpPosition":[37.1705,110.682,145.173],"pipPosition":[15.8946,134.71,121.418],"stabilizedTipPosition":[-1.58223,159.339,97.145],"timeVisible":7.51853,"tipPosition":[-3.10379,160.044,98.4712],"tipVelocity":[-10.3047,6.1231,-0.0724362],"tool":false,"touchDistance":0.386204,"touchZone":"hovering","type":0,"width":15.2554},{"bases":[[[0.730505,0.153874,-0.665346],[0.530633,0.485393,0.694855],[0.429874,-0.860649,0.272931]],[[0.68744,0.233112,-0.687812],[-0.0861292,0.96657,0.241505],[0.721116,-0.10678,0.684537]],[[0.68744,0.233112,-0.687812],[-0.602184,0.712368,-0.360424],[0.405956,0.661959,0.630087]],[[0.68744,0.233112,-0.687812],[-0.722654,0.313579,-0.615986],[0.0720896,0.920504,0.384026]]],"btipPosition":[-7.8918,154.087,94.9477],"carpPosition":[49.5235,124.182,150.14],"dipPosition":[-6.95046,166.107,99.9623],"direction":[-0.405956,-0.661959,-0.630087],"extended":false,"handId":61,"id":611,"length":44.9446,"mcpPosition":[24.2263,174.829,134.078],"pipPosition":[0.548619,178.335,111.602],"stabilizedTipPosition":[-7.77611,157.299,96.7009],"timeVisible":7.51853,"tipPosition":[-10.7582,164.623,95.6241],"tipVelocity":[3.62497,-5.04592,-7.88338],"tool":false,"touchDistance":0.435018,"touchZone":"hovering","type":1,"width":14.572},{"bases":[[[0.680631,-0.0488347,-0.730997],[0.655803,0.485406,0.57819],[0.326595,-0.872924,0.362408]],[[0.659822,0.00359717,-0.751413],[-0.108651,0.989936,-0.0906687],[0.743525,0.141467,0.653573]],[[0.659822,0.00359717,-0.751413],[-0.705632,0.346707,-0.617962],[0.258297,0.937967,0.231303]],[[0.659822,0.00359717,-0.751413],[-0.750381,-0.0494494,-0.659153],[-0.039528,0.99877,-0.0299285]]],"btipPosition":[6.49897,135.522,95.5761],"carpPosition":[57.1611,126.747,144.474],"dipPosition":[5.93127,149.867,95.1463],"direction":[-0.258297,-0.937967,-0.231303],"extended":false,"handId":61,"id":612,"length":51.2108,"mcpPosition":[38.9348,175.463,124.25],"pipPosition":[11.5448,170.251,100.173],"stabilizedTipPosition":[6.87171,139.192,96.6486],"timeVisible":7.51853,"tipPosition":[8.32936,142.458,97.6221],"tipVelocity":[3.52782,-1.00352,-5.81676],"tool":false,"touchDistance":0.424621,"touchZone":"hovering","type":2,"width":14.3116},{"bases":[[[0.669887,-0.213213,-0.711191],[0.712832,0.452602,0.535744],[0.207659,-0.865847,0.455177]],[[0.668378,-0.206988,-0.714442],[-0.161509,0.8972,-0.411032],[0.726076,0.390114,0.566238]],[[0.668378,-0.206988,-0.714442],[-0.733685,-0.0254281,-0.679013],[0.122381,0.978013,-0.16886]],[[0.668378,-0.206988,-0.714442],[-0.688872,-0.53457,-0.489581],[-0.280582,0.819384,-0.499883]]],"btipPosition":[30.292,124.848,106.076],"carpPosition":[64.0747,127.192,137.505],"dipPosition":[26.2854,136.548,98.9378],"direction":[-0.122381,-0.978013,0.16886],"extended":false,"handId":61,"id":613,"length":49.2406,"mcpPosition":[53.6698,170.576,114.698],"pipPosition":[28.8764,157.255,95.3627],"stabilizedTipPosition":[35.4859,128.695,106.828],"timeVisible":7.51853,"tipPosition":[31.8695,129.113,106.638],"tipVelocity":[-0.193795,2.38475,-15.3264],"tool":false,"touchDistance":0.573902,"touchZone":"none","type":3,"width":13.6184},{"bases":[[[0.562368,-0.383824,-0.732408],[0.823873,0.335644,0.456701],[0.0705356,-0.860245,0.504978]],[[0.54988,-0.278082,-0.787593],[-0.0787281,0.921495,-0.380327],[0.831525,0.27114,0.484819]],[[0.54988,-0.278082,-0.787593],[-0.783545,0.154854,-0.601729],[0.289292,0.947993,-0.132739]],[[0.54988,-0.278082,-0.787593],[-0.818556,-0.366964,-0.44193],[-0.166125,0.887698,-0.429412]]],"btipPosition":[40.4853,130.011,98.8204],"carpPosition":[68.3638,123.303,127.703],"dipPosition":[38.2968,141.705,93.1635],"direction":[-0.289292,-0.947993,0.132739],"extended":false,"handId":61,"id":614,"length":38.6037,"mcpPosition":[65.0922,163.203,104.281],"pipPosition":[42.6212,155.876,91.1793],"stabilizedTipPosition":[45.2295,133.011,99.0327],"timeVisible":7.51853,"tipPosition":[42.057,134.48,98.617],"tipVelocity":[-3.24064,6.34628,-6.06245],"tool":false,"touchDistance":0.458655,"touchZone":"none","type":4,"width":12.0969}],"r":[[0.988765,-0.111812,-0.0992067],[0.115732,0.992675,0.0346633],[0.0946042,-0.0457553,0.994463]],"s":0.946307,"t":[15.2288,-7.9301,12.4856],"timestamp":17418313234},{"currentFrameRate":115.049,"devices":[],"gestures":[],"hands":[{"armBasis":[[0.779231,-0.0494219,-0.624785],[0.626693,0.0496727,0.777681],[-0.00739976,-0.997542,0.0696789]],"armWidth":48.9085,"confidence":1,"direction":[-0.219496,0.935736,-0.276079],"elbow":[59.6233,-116.114,154.431],"grabAngle":2.84761,"grabStrength":0.899915,"id":61,"palmNormal":[-0.587726,-0.352693,-0.728138],"palmPosition":[43.1062,155.451,125.742],"palmVelocity":[-7.448,1.48104,-3.13128],"palmWidth":72.7825,"pinchDistance":7.76017,"pinchStrength":1,"r":[[0.988949,-0.111084,-0.0981856],[0.115,0.992744,0.0351455],[0.093569,-0.0460484,0.994547]],"s":0.945551,"sphereCenter":[18.3808,155.36,103.6],"sphereRadius":28.3607,"stabilizedPalmPosition":[42,154.343,123.923],"t":[15.1684,-7.91282,12.4628],"timeVisible":7.52735,"type":"right","wrist":[61.2214,99.3272,139.382]}],"id":40000,"interactionBox":{"center":[0,200,0],"size":[235.247,235.247,147.751]},"pointables":[{"bases":[[[0.796201,0.49707,0.344942],[-0.278205,-0.205496,0.938282],[0.537276,-0.843026,-0.0253283]],[[0.522689,0.78716,0.327378],[-0.664882,0.136035,0.734456],[0.5336,-0.601559,0.594473]],[[0.522689,0.78716,0.327378],[-0.716284,0.197244,0.669352],[0.462313,-0.584358,0.666928]],[[0.522689,0.78716,0.327378],[-0.794521,0.310555,0.521816],[0.309084,-0.532856,0.787738]]],"btipPosition":[-1.74916,159.462,89.9245],"carpPosition":[37.1324,110.684,145.13],"dipPosition":[3.77931,149.931,104.014],"direction":[-0.462313,0.584358,-0.666928],"extended":false,"handId":61,"id":610,"length":39.8308,"mcpPosition":[37.1324,110.684,145.13],"pipPosition":[15.8263,134.704,121.393],"stabilizedTipPosition":[-1.57672,159.328,97.1251],"timeVisible":7.52735,"tipPosition":[-3.14239,160.009,98.3884],"tipVelocity":[-11.204,-0.528118,-0.805572],"tool":false,"touchDistance":0.386086,"touchZone":"hovering","type":0,"width":15.2554},{"bases":[[[0.730808,0.154711,-0.664819],[0.529731,0.485688,0.695336],[0.430471,-0.860332,0.272989]],[[0.68815,0.233129,-0.687096],[-0.0879354,0.966792,0.239959],[0.72022,-0.104708,0.685798]],[[0.68815,0.233129,-0.687096],[-0.602895,0.710602,-0.362715],[0.403692,0.663849,0.629553]],[[0.68815,0.233129,-0.687096],[-0.722206,0.31114,-0.617746],[0.0697684,0.921327,0.382478]]],"btipPosition":[-7.879,153.967,94.9012],"carpPosition":[49.4699,124.194,150.108],"dipPosition":[-6.96797,165.998,99.8956],"direction":[-0.403692,-0.663849,-0.629553],"extended":false,"handId":61,"id":611,"length":44.9446,"mcpPosition":[24.1375,174.823,134.043],"pipPosition":[0.48929,178.261,111.525],"stabilizedTipPosition":[-7.77243,157.279,96.6784],"timeVisible":7.52735,"tipPosition":[-10.7898,164.54,95.5665],"tipVelocity":[0.661288,-13.3264,-5.79551],"tool":false,"touchDistance":0.434166,"touchZone":"hovering","type":1,"width":14.572},{"bases":[[[0.681161,-0.0480253,-0.730557],[0.654979,0.485845,0.578755],[0.327143,-0.872724,0.362395]],[[0.660319,0.00439319,-0.750973],[-0.110274,0.989711,-0.0911722],[0.742845,0.143015,0.654009]],[[0.660319,0.00439319,-0.750973],[-0.705715,0.345574,-0.618502],[0.2568,0.938381,0.231289]],[[0.660319,0.00439319,-0.750973],[-0.749865,-0.0507529,-0.659641],[-0.041012,0.998702,-0.0302188]]],"btipPosition":[6.4951,135.467,95.5394],"carpPosition":[57.1089,126.768,144.449],"dipPosition":[5.90608,149.81,95.1054],"direction":[-0.2568,-0.938381,-0.231289],"extended":false,"handId":61,"id":612,"length":51.2108,"mcpPosition":[38.852,175.472,124.224],"pipPosition":[11.4871,170.204,100.132],"stabilizedTipPosition":[6.87003,139.19,96.6446],"timeVisible":7.52735,"tipPosition":[8.28749,142.434,97.5605],"tipVelocity":[-0.994701,-6.31123,-4.27323],"tool":false,"touchDistance":0.423993,"touchZone":"hovering","type":2,"width":14.3116},{"bases":[[[0.670552,-0.212418,-0.710801],[0.712066,0.453105,0.536338],[0.208139,-0.86578,0.455086]],[[0.66888,-0.205543,-0.714389],[-0.162548,0.897316,-0.410368],[0.725381,0.390609,0.566786]],[[0.66888,-0.205543,-0.714389],[-0.733246,-0.024357,-0.679527],[0.122272,0.978345,-0.167005]],[[0.66888,-0.205543,-0.714389],[-0.68842,-0.533894,-0.490954],[-0.280496,0.820189,-0.498611]]],"btipPosition":[30.2448,124.838,105.983],"carpPosition":[64.0267,127.221,137.484],"dipPosition":[26.2394,136.55,98.8632],"direction":[-0.122272,-0.978345,0.167005],"extended":false,"handId":61,"id":613,"length":49.2406,"mcpPosition":[53.5978,170.601,114.682],"pipPosition":[28.8281,157.263,95.3274],"stabilizedTipPosition":[35.4854,128.695,106.828],"timeVisible":7.52735,"tipPosition":[31.8319,129.115,106.588],"tipVelocity":[-5.3217,-0.829031,-10.0473],"tool":false,"touchDistance":0.572425,"touchZone":"none","type":3,"width":13.6184},{"bases":[[[0.563202,-0.383121,-0.732135],[0.823265,0.336268,0.457338],[0.0709777,-0.860315,0.504798]],[[0.550655,-0.277376,-0.7873],[-0.0793086,0.921525,-0.380135],[0.830957,0.271763,0.485444]],[[0.550655,-0.277376,-0.7873],[-0.782933,0.155456,-0.60237],[0.289474,0.948101,-0.131564]],[[0.550655,-0.277376,-0.7873],[-0.818168,-0.366314,-0.443187],[-0.16547,0.888187,-0.428653]]],"btipPosition":[40.4309,130.024,98.765],"carpPosition":[68.3259,123.338,127.684],"dipPosition":[38.251,141.725,93.1181],"direction":[-0.289474,-0.948101,0.131564],"extended":false,"handId":61,"id":614,"length":38.6037,"mcpPosition":[65.0338,163.241,104.27],"pipPosition":[42.5781,155.897,91.1515],"stabilizedTipPosition":[45.2234,133.011,99.0309],"timeVisible":7.52735,"tipPosition":[42.0239,134.496,98.5807],"tipVelocity":[-5.94399,1.71782,-6.02335],"tool":false,"touchDistance":0.45777,"touchZone":"none","type":4,"width":12.0969}],"r":[[0.988949,-0.111084,-0.0981856],[0.115,0.992744,0.0351455],[0.093569,-0.0460484,0.994547]],"s":0.945551,"t":[15.1684,-7.91282,12.4628],"timestamp":17418322052},{"currentFrameRate":115.072,"devices":[],"gestures":[],"hands":[{"armBasis":[[0.77936,-0.0501525,-0.624566],[0.626525,0.0495871,0.777822],[-0.0080393,-0.99751,0.070068]],"armWidth":48.9085,"confidence":1,"direction":[-0.219713,0.935799,-0.275694],"elbow":[59.4233,-116.105,154.473],"grabAngle":2.84795,"grabStrength":0.901374,"id":61,"palmNormal":[-0.587483,-0.352529,-0.728414],"palmPosition":[43.0389,155.454,125.715],"palmVelocity":[-7.7893,0.298272,-3.13119],"palmWidth":72.7825,"pinchDistance":7.6576,"pinchStrength":1,"r":[[0.989105,-0.110436,-0.0973401],[0.114355,0.992801,0.0356258],[0.0927049,-0.046369,0.994613]],"s":0.944925,"sphereCenter":[18.4263,155.346,103.452],"sphereRadius":28.3465,"stabilizedPalmPosition":[42.003,154.346,123.928],"t":[15.1045,-7.90289,12.4379],"timeVisible":7.536,"type":"right","wrist":[61.1596,99.3292,139.341]}],"id":40001,"interactionBox":{"center":[0,200,0],"size":[235.247,235.247,147.751]},"pointables":[{"bases":[[[0.79599,0.497142,0.345324],[-0.278328,-0.206005,0.938134],[0.537525,-0.842859,-0.025609]],[[0.522402,0.787158,0.32784],[-0.664463,0.134835,0.735056],[0.534401,-0.601832,0.593475]],[[0.522402,0.787158,0.32784],[-0.715959,0.196089,0.670039],[0.463141,-0.584749,0.66601]],[[0.522402,0.787158,0.32784],[-0.794294,0.309373,0.522862],[0.31015,-0.533545,0.786852]]],"btipPosition":[-1.88004,159.487,89.9553],"carpPosition":[37.0741,110.676,145.081],"dipPosition":[3.6675,149.944,104.029],"direction":[-0.463141,0.584749,-0.66601],"extended":false,"handId":61,"id":610,"length":39.8308,"mcpPosition":[37.0741,110.676,145.081],"pipPosition":[15.7361,134.707,121.384],"stabilizedTipPosition":[-1.5718,159.318,97.1052],"timeVisible":7.536,"tipPosition":[-3.19,159.994,98.3231],"tipVelocity":[-14.6222,2.61085,3.14723],"tool":false,"touchDistance":0.38654,"touchZone":"hovering","type":0,"width":15.2554},{"bases":[[[0.730892,0.155226,-0.664606],[0.529455,0.485523,0.695661],[0.430666,-0.860333,0.27268]],[[0.688569,0.233042,-0.686705],[-0.0884963,0.966883,0.239388],[0.719751,-0.104064,0.686389]],[[0.688569,0.233042,-0.686705],[-0.60296,0.710085,-0.36362],[0.40288,0.664433,0.629457]],[[0.688569,0.233042,-0.686705],[-0.721894,0.310205,-0.618581],[0.0688636,0.921664,0.381829]]],"btipPosition":[-7.91137,153.924,94.8702],"carpPosition":[49.4068,124.187,150.068],"dipPosition":[-7.01215,165.959,99.8561],"direction":[-0.40288,-0.664433,-0.629457],"extended":false,"handId":61,"id":611,"length":44.9446,"mcpPosition":[24.0629,174.816,134.021],"pipPosition":[0.430106,178.233,111.484],"stabilizedTipPosition":[-7.7701,157.259,96.6557],"timeVisible":7.536,"tipPosition":[-10.8432,164.514,95.5347],"tipVelocity":[-4.05535,-4.85441,-3.81629],"tool":false,"touchDistance":0.433616,"touchZone":"hovering","type":1,"width":14.572},{"bases":[[[0.681317,-0.0474947,-0.730446],[0.654726,0.48577,0.579104],[0.327324,-0.872795,0.362059]],[[0.660463,0.00492708,-0.750842],[-0.111252,0.989583,-0.0913669],[0.742571,0.143877,0.654132]],[[0.660463,0.00492708,-0.750842],[-0.706004,0.344519,-0.618761],[0.255631,0.938766,0.231021]],[[0.660463,0.00492708,-0.750842],[-0.74965,-0.0523716,-0.659759],[-0.0425735,0.998616,-0.0308959]]],"btipPosition":[6.48017,135.43,95.5317],"carpPosition":[57.0462,126.766,144.411],"dipPosition":[5.86873,149.772,95.088],"direction":[-0.255631,-0.938766,-0.231021],"extended":false,"handId":61,"id":612,"length":51.2108,"mcpPosition":[38.7791,175.474,124.206],"pipPosition":[11.4244,170.174,100.109],"stabilizedTipPosition":[6.86773,139.188,96.6394],"timeVisible":7.536,"tipPosition":[8.22122,142.424,97.5117],"tipVelocity":[-2.32221,-4.2917,-1.15187],"tool":false,"touchDistance":0.423827,"touchZone":"hovering","type":2,"width":14.3116},{"bases":[[[0.670752,-0.211899,-0.710768],[0.711831,0.453065,0.536684],[0.208301,-0.865928,0.454731]],[[0.66873,-0.203612,-0.715082],[-0.163812,0.897788,-0.40883],[0.725235,0.390536,0.567024]],[[0.66873,-0.203612,-0.715082],[-0.733473,-0.0232062,-0.679322],[0.121724,0.978777,-0.164863]],[[0.66873,-0.203612,-0.715082],[-0.688318,-0.533165,-0.491888],[-0.281102,0.821144,-0.496693]]],"btipPosition":[30.2004,124.828,105.884],"carpPosition":[63.9652,127.224,137.448],"dipPosition":[26.1864,136.554,98.7916],"direction":[-0.121724,-0.978777,0.164863],"extended":false,"handId":61,"id":613,"length":49.2406,"mcpPosition":[53.5282,170.612,114.663],"pipPosition":[28.7635,157.276,95.3011],"stabilizedTipPosition":[35.4849,128.695,106.828],"timeVisible":7.536,"tipPosition":[31.767,129.118,106.539],"tipVelocity":[-5.35946,-0.748442,-10.7112],"tool":false,"touchDistance":0.570881,"touchZone":"none","type":3,"width":13.6184},{"bases":[[[0.563455,-0.382624,-0.7322],[0.823079,0.336297,0.457652],[0.071128,-0.860525,0.504418]],[[0.550888,-0.276857,-0.78732],[-0.0795008,0.921675,-0.379729],[0.830784,0.271781,0.48573]],[[0.550888,-0.276857,-0.78732],[-0.782689,0.156069,-0.602529],[0.28969,0.948152,-0.130717]],[[0.550888,-0.276857,-0.78732],[-0.818088,-0.365748,-0.443803],[-0.165091,0.888582,-0.42798]]],"btipPosition":[40.3618,130.037,98.7164],"carpPosition":[68.2674,123.347,127.647],"dipPosition":[38.187,141.742,93.0784],"direction":[-0.28969,-0.948152,0.130717],"extended":false,"handId":61,"id":614,"length":38.6037,"mcpPosition":[64.9683,163.26,104.251],"pipPosition":[42.5173,155.916,91.1245],"stabilizedTipPosition":[45.2171,133.01,99.029],"timeVisible":7.536,"tipPosition":[41.9658,134.509,98.5427],"tipVelocity":[-7.84521,1.55706,-5.37274],"tool":false,"touchDistance":0.456995,"touchZone":"none","type":4,"width":12.0969}],"r":[[0.989105,-0.110436,-0.0973401],[0.114355,0.992801,0.0356258],[0.0927049,-0.046369,0.994613]],"s":0.944925,"t":[15.1045,-7.90289,12.4379],"timestamp":17418330703},{"currentFrameRate":115.135,"devices":[],"gestures":[],"hands":[{"armBasis":[[0.779448,-0.0508999,-0.624395],[0.626404,0.0492102,0.777944],[-0.00887069,-0.997491,0.0702407]],"armWidth":48.9085,"confidence":1,"direction":[-0.220054,0.935634,-0.275979],"elbow":[59.1973,-116.084,154.504],"grabAngle":2.84854,"grabStrength":0.901794,"id":61,"palmNormal":[-0.58722,-0.352966,-0.728415],"palmPosition":[42.982,155.461,125.692],"palmVelocity":[-6.62263,0.83887,-2.78259],"palmWidth":72.7825,"pinchDistance":7.55118,"pinchStrength":1,"r":[[0.989241,-0.109841,-0.0966255],[0.113755,0.992858,0.0359603],[0.0919854,-0.0465651,0.994671]],"s":0.94451,"sphereCenter":[18.4709,155.32,103.319],"sphereRadius":28.3378,"stabilizedPalmPosition":[42.0058,154.349,123.934],"t":[15.0441,-7.89432,12.4135],"timeVisible":7.54458,"type":"right","wrist":[61.1131,99.3463,139.334]}],"id":40002,"interactionBox":{"center":[0,200,0],"size":[235.247,235.247,147.751]},"pointables":[{"bases":[[[0.79573,0.497563,0.34532],[-0.278395,-0.205869,0.938144],[0.537876,-0.842644,-0.0252971]],[[0.521986,0.787488,0.327708],[-0.663977,0.13398,0.735652],[0.535411,-0.601591,0.59281]],[[0.521986,0.787488,0.327708],[-0.715527,0.195147,0.670775],[0.464276,-0.584619,0.665333]],[[0.521986,0.787488,0.327708],[-0.79398,0.308222,0.524018],[0.311651,-0.533724,0.786138]]],"btipPosition":[-2.01826,159.487,89.9995],"carpPosition":[37.0326,110.686,145.068],"dipPosition":[3.55612,149.941,104.061],"direction":[-0.464276,0.584619,-0.665333],"extended":false,"handId":61,"id":610,"length":39.8308,"mcpPosition":[37.0326,110.686,145.068],"pipPosition":[15.6543,134.707,121.398],"stabilizedTipPosition":[-1.56753,159.308,97.0855],"timeVisible":7.54458,"tipPosition":[-3.2261,159.955,98.254],"tipVelocity":[-15.3921,-0.0758035,4.79844],"tool":false,"touchDistance":0.387226,"touchZone":"hovering","type":0,"width":15.2554},{"bases":[[[0.730936,0.15535,-0.66453],[0.529143,0.485927,0.695617],[0.430977,-0.860082,0.272979]],[[0.688934,0.232548,-0.686507],[-0.0887213,0.967069,0.238551],[0.719374,-0.103438,0.686878]],[[0.688934,0.232548,-0.686507],[-0.602778,0.709804,-0.364469],[0.402529,0.664906,0.629183]],[[0.688934,0.232548,-0.686507],[-0.72158,0.309553,-0.619273],[0.0684993,0.922008,0.381063]]],"btipPosition":[-7.95388,153.892,94.8371],"carpPosition":[49.3589,124.204,150.053],"dipPosition":[-7.05942,165.931,99.813],"direction":[-0.402529,-0.664906,-0.629183],"extended":false,"handId":61,"id":611,"length":44.9446,"mcpPosition":[23.9968,174.818,133.989],"pipPosition":[0.376348,178.214,111.436],"stabilizedTipPosition":[-7.76937,157.239,96.6332],"timeVisible":7.54458,"tipPosition":[-10.8961,164.484,95.5001],"tipVelocity":[-5.0834,-3.63294,-4.12725],"tool":false,"touchDistance":0.433025,"touchZone":"hovering","type":1,"width":14.572},{"bases":[[[0.681455,-0.047409,-0.730323],[0.654432,0.486194,0.57908],[0.327625,-0.872564,0.362345]],[[0.660583,0.00499873,-0.750737],[-0.112296,0.989386,-0.0922229],[0.742307,0.145226,0.654132]],[[0.660583,0.00499873,-0.750737],[-0.706456,0.342549,-0.619338],[0.254068,0.939487,0.229813]],[[0.660583,0.00499873,-0.750737],[-0.749417,-0.0552403,-0.659789],[-0.0447691,0.998461,-0.0327447]]],"btipPosition":[6.49054,135.372,95.5546],"carpPosition":[56.9982,126.784,144.397],"dipPosition":[5.84756,149.712,95.0843],"direction":[-0.254068,-0.939487,-0.229813],"extended":false,"handId":61,"id":612,"length":51.2108,"mcpPosition":[38.7143,175.479,124.176],"pipPosition":[11.3692,170.13,100.079],"stabilizedTipPosition":[6.86493,139.186,96.633],"timeVisible":7.54458,"tipPosition":[8.165,142.39,97.4753],"tipVelocity":[0.36341,-6.82792,1.95241],"tool":false,"touchDistance":0.424107,"touchZone":"hovering","type":2,"width":14.3116},{"bases":[[[0.670954,-0.211813,-0.710603],[0.711557,0.453502,0.536678],[0.208584,-0.86572,0.454996]],[[0.668722,-0.202692,-0.715351],[-0.164759,0.897806,-0.408409],[0.725028,0.390973,0.566988]],[[0.668722,-0.202692,-0.715351],[-0.733581,-0.0231396,-0.679208],[0.121117,0.978969,-0.164165]],[[0.668722,-0.202692,-0.715351],[-0.688044,-0.533347,-0.492073],[-0.281791,0.821253,-0.496122]]],"btipPosition":[30.1689,124.816,105.836],"carpPosition":[63.9181,127.243,137.435],"dipPosition":[26.145,136.544,98.7518],"direction":[-0.121117,-0.978969,0.164165],"extended":false,"handId":61,"id":613,"length":49.2406,"mcpPosition":[53.4669,170.621,114.637],"pipPosition":[28.7093,157.27,95.2761],"stabilizedTipPosition":[35.4843,128.695,106.827],"timeVisible":7.54458,"tipPosition":[31.7193,129.112,106.515],"tipVelocity":[-3.9377,-1.35371,-5.36857],"tool":false,"touchDistance":0.570113,"touchZone":"none","type":3,"width":13.6184},{"bases":[[[0.563731,-0.382587,-0.732007],[0.822866,0.336758,0.457695],[0.071401,-0.860361,0.504659]],[[0.551129,-0.27684,-0.787157],[-0.0798191,0.921541,-0.379988],[0.830593,0.272253,0.485791]],[[0.551129,-0.27684,-0.787157],[-0.78261,0.155735,-0.602717],[0.289444,0.948212,-0.130828]],[[0.551129,-0.27684,-0.787157],[-0.817877,-0.366141,-0.443867],[-0.16533,0.888425,-0.428213]]],"btipPosition":[40.3173,130.036,98.6971],"carpPosition":[68.2235,123.365,127.636],"dipPosition":[38.1393,141.739,93.056],"direction":[-0.289444,-0.948212,0.130828],"extended":false,"handId":61,"id":614,"length":38.6037,"mcpPosition":[64.9118,163.271,104.228],"pipPosition":[42.4659,155.913,91.1004],"stabilizedTipPosition":[45.2099,133.01,99.0269],"timeVisible":7.54458,"tipPosition":[41.9216,134.508,98.5241],"tipVelocity":[-5.28142,-0.181748,-2.33739],"tool":false,"touchDistance":0.456661,"touchZone":"none","type":4,"width":12.0969}],"r":[[0.989241,-0.109841,-0.0966255],[0.113755,0.992858,0.0359603],[0.0919854,-0.0465651,0.994671]],"s":0.94451,"t":[15.0441,-7.89432,12.4