{"frames":59,"data":[{"currentFrameRate":115.091,"devices":[],"gestures":[],"hands":[{"armBasis":[[0.74493,-0.0253846,-0.666659],[0.666932,0.053437,0.7432],[0.0167584,-0.998249,0.0567366]],"armWidth":48.9085,"confidence":1,"direction":[-0.251208,0.911102,-0.326783],"elbow":[62.354,-116.06,152.448],"grabAngle":2.74181,"grabStrength":0.941765,"id":61,"palmNormal":[-0.617906,-0.410816,-0.67039],"palmPosition":[38.8507,154.454,124.454],"palmVelocity":[-3.56539,-3.89916,-1.44667],"palmWidth":72.7825,"pinchDistance":13.9274,"pinchStrength":1,"r":[[0.98432,-0.102263,-0.143725],[0.0985755,0.994597,-0.0325642],[0.146278,0.0178859,0.989082]],"s":0.922333,"sphereCenter":[10.5489,152.707,105.981],"sphereRadius":28.8097,"stabilizedPalmPosition":[38.4057,157.526,122.088],"t":[10.8916,-8.86424,11.1547],"timeVisible":4.21449,"type":"right","wrist":[58.7346,99.5335,140.194]}],"id":39624,"interactionBox":{"center":[0,200,0],"size":[235.247,235.247,147.751]},"pointables":[{"bases":[[[0.636695,-0.250364,-0.72934],[0.730207,0.499728,0.465908],[0.247825,-0.82921,0.500992]],[[0.65041,-0.299636,-0.697986],[-0.157024,0.846019,-0.509505],[0.743176,0.440988,0.503209]],[[0.65041,-0.299636,-0.697986],[-0.739198,-0.0382258,-0.672403],[0.174795,0.953287,-0.246353]],[[0.65041,-0.299636,-0.697986],[-0.729742,-0.501525,-0.464703],[-0.210816,0.811597,-0.544854]]],"btipPosition":[22.3979,122.138,107.664],"carpPosition":[60.883,127.421,136.954],"dipPosition":[19.3876,133.728,99.8839],"direction":[-0.174795,-0.953287,0.246353],"extended":false,"handId":61,"id":613,"length":49.2406,"mcpPosition":[48.4656,168.969,111.851],"pipPosition":[23.0883,153.91,94.6682],"stabilizedTipPosition":[27.5118,131.457,104.916],"timeVisible":4.21449,"tipPosition":[23.6099,125.635,106.123],"tipVelocity":[-1.49905,-5.95727,-2.98266],"tool":false,"touchDistance":0.597912,"touchZone":"none","type":3,"width":13.6184},{"bases":[[[0.531637,-0.423758,-0.733342],[0.839354,0.379469,0.389216],[0.113347,-0.822455,0.557423]],[[0.514245,-0.322253,-0.794799],[-0.116361,0.89194,-0.436926],[0.849713,0.31717,0.421178]],[[0.514245,-0.322253,-0.794799],[-0.803262,0.143773,-0.578013],[0.300537,0.935672,-0.184919]],[[0.514245,-0.322253,-0.794799],[-0.843357,-0.358452,-0.400327],[-0.15589,0.876165,-0.456106]]],"btipPosition":[34.0823,126.988,98.7613],"carpPosition":[64.741,122.941,127.225],"dipPosition":[32.0287,138.531,92.7528],"direction":[-0.300537,-0.935672,0.184919],"extended":false,"handId":61,"id":614,"length":38.6037,"mcpPosition":[59.4837,161.088,101.37],"pipPosition":[36.5212,152.517,89.9886],"stabilizedTipPosition":[37.3654,135.203,97.1211],"timeVisible":4.21449,"tipPosition":[35.4919,130.88,98.0405],"tipVelocity":[-1.87723,-4.81457,-2.44283],"tool":false,"touchDistance":0.456323,"touchZone":"none","type":4,"width":12.0969},{"bases":[[[0.803456,0.531744,0.267782],[-0.225232,-0.144876,0.963474],[0.551117,-0.834421,0.00336392]],[[0.541972,0.803136,0.247464],[-0.645981,0.20977,0.733965],[0.537563,-0.557646,0.632501]],[[0.541972,0.803136,0.247464],[-0.721051,0.293134,0.62782],[0.431685,-0.518695,0.737972]],[[0.541972,0.803136,0.247464],[-0.802729,0.407559,0.43534],[0.248782,-0.434589,0.865587]]],"btipPosition":[-2.42356,154.592,87.15],"carpPosition":[34.7395,111.036,147.118],"dipPosition":[2.02629,146.819,102.632],"direction":[-0.431685,0.518695,-0.737972],"extended":false,"handId":61,"id":610,"length":39.8308,"mcpPosition":[34.7395,111.036,147.118],"pipPosition":[13.2752,133.302,121.863],"stabilizedTipPosition":[-2.18781,157.288,91.3575],"timeVisible":4.21449,"tipPosition":[-4.38942,154.153,94.1549],"tipVelocity":[-5.17973,-6.42718,-0.816006],"tool":false,"touchDistance":0.345183,"touchZone":"hovering","type":0,"width":15.2554},{"bases":[[[0.692287,0.119937,-0.711586],[0.555778,0.54034,0.631778],[0.460272,-0.832855,0.307412]],[[0.666481,0.164639,-0.727116],[-0.0920543,0.986021,0.138884],[0.739817,-0.0256293,0.67232]],[[0.666481,0.164639,-0.727116],[-0.594486,0.705906,-0.385075],[0.449877,0.688905,0.568349]],[[0.666481,0.164639,-0.727116],[-0.727353,0.357603,-0.585728],[0.163585,0.919247,0.358086]]],"btipPosition":[-14.7639,150.168,95.1674],"carpPosition":[47.0604,125.044,150.508],"dipPosition":[-12.6278,162.171,99.8432],"direction":[-0.449878,-0.688905,-0.568349],"extended":false,"handId":61,"id":611,"length":44.9446,"mcpPosition":[19.9743,174.056,132.418],"pipPosition":[-4.31739,174.897,110.342],"stabilizedTipPosition":[-13.9123,154.095,95.5568],"timeVisible":4.21449,"tipPosition":[-14.8681,155.55,96.118],"tipVelocity":[1.90852,-16.1185,-3.54575],"tool":false,"touchDistance":0.43738,"touchZone":"hovering","type":1,"width":14.572},{"bases":[[[0.643148,-0.087571,-0.760718],[0.674786,0.534421,0.508977],[0.361972,-0.840669,0.402804]],[[0.620286,-0.0370035,-0.783503],[-0.0883993,0.989225,-0.116704],[0.779379,0.141651,0.610331]],[[0.620286,-0.0370035,-0.783503],[-0.687149,0.456057,-0.565543],[0.378249,0.889181,0.257458]],[[0.620286,-0.0370035,-0.783503],[-0.781093,0.0621526,-0.621314],[0.0716875,0.99738,0.00964916]]],"btipPosition":[-3.8159,135.389,93.5937],"carpPosition":[54.3455,127.341,144.29],"dipPosition":[-2.78632,149.713,93.7323],"direction":[-0.378249,-0.889181,-0.257459],"extended":false,"handId":61,"id":612,"length":51.2108,"mcpPosition":[34.1449,174.256,121.811],"pipPosition":[5.43415,169.038,99.3276],"stabilizedTipPosition":[-1.11089,141.448,92.7186],"timeVisible":4.21449,"tipPosition":[-0.975943,138.158,95.8369],"tipVelocity":[2.82467,-16.5416,0.148381],"tool":false,"touchDistance":0.393759,"touchZone":"hovering","type":2,"width":14.3116}],"r":[[0.98432,-0.102263,-0.143725],[0.0985755,0.994597,-0.0325642],[0.146278,0.0178859,0.989082]],"s":0.922333,"t":[10.8916,-8.86424,11.1547],"timestamp":17415009196},{"currentFrameRate":115.049,"devices":[],"gestures":[],"hands":[{"armBasis":[[0.744558,-0.0271237,-0.667007],[0.667392,0.0525428,0.742851],[0.0148976,-0.99825,0.0572232]],"armWidth":48.9085,"confidence":1,"direction":[-0.251574,0.910865,-0.327161],"elbow":[61.9023,-116.077,152.577],"grabAngle":2.74159,"grabStrength":0.943778,"id":61,"palmNormal":[-0.618241,-0.41132,-0.669772],"palmPosition":[38.7992,154.428,124.458],"palmVelocity":[-5.8747,-3.01991,0.516821],"palmWidth":72.7825,"pinchDistance":13.877,"pinchStrength":1,"r":[[0.984406,-0.101642,-0.143574],[0.0979228,0.994655,-0.032754],[0.146136,0.0181841,0.989097]],"s":0.921543,"sphereCenter":[10.5226,152.656,105.973],"sphereRadius":28.7913,"stabilizedPalmPosition":[38.4067,157.519,122.094],"t":[10.8463,-8.8918,11.1552],"timeVisible":4.22325,"type":"right","wrist":[58.6849,99.5173,140.218]}],"id":39625,"interactionBox":{"center":[0,200,0],"size":[235.247,235.247,147.751]},"pointables":[{"bases":[[[0.636295,-0.250673,-0.729583],[0.7304,0.500133,0.465169],[0.248284,-0.828872,0.501324]],[[0.650038,-0.299925,-0.698209],[-0.15749,0.845693,-0.509903],[0.743403,0.441417,0.502497]],[[0.650038,-0.299925,-0.698209],[-0.739559,-0.0385194,-0.671988],[0.174651,0.953185,-0.246851]],[[0.650038,-0.299925,-0.698209],[-0.730099,-0.501298,-0.464388],[-0.21073,0.811631,-0.544838]]],"btipPosition":[22.3301,122.093,107.689],"carpPosition":[60.8441,127.406,136.961],"dipPosition":[19.321,133.683,99.909],"direction":[-0.174651,-0.953185,0.246851],"extended":false,"handId":61,"id":613,"length":49.2406,"mcpPosition":[48.4038,168.937,111.842],"pipPosition":[23.0187,153.864,94.6827],"stabilizedTipPosition":[27.499,131.442,104.919],"timeVisible":4.22325,"tipPosition":[23.5508,125.594,106.154],"tipVelocity":[-7.7035,-5.12668,2.83753],"tool":false,"touchDistance":0.598327,"touchZone":"none","type":3,"width":13.6184},{"bases":[[[0.531266,-0.424089,-0.73342],[0.839522,0.379849,0.38848],[0.113839,-0.822109,0.557833]],[[0.513817,-0.322623,-0.794925],[-0.116791,0.891663,-0.437375],[0.849913,0.317571,0.420472]],[[0.513817,-0.322623,-0.794925],[-0.803545,0.143591,-0.577666],[0.300513,0.935573,-0.185462]],[[0.513817,-0.322623,-0.794925],[-0.843667,-0.358102,-0.399986],[-0.155619,0.876172,-0.456185]]],"btipPosition":[34.0069,126.943,98.7776],"carpPosition":[64.697,122.921,127.232],"dipPosition":[31.9569,138.485,92.768],"direction":[-0.300513,-0.935573,0.185462],"extended":false,"handId":61,"id":614,"length":38.6037,"mcpPosition":[59.4169,161.052,101.358],"pipPosition":[36.449,152.47,89.9957],"stabilizedTipPosition":[37.3544,135.187,97.1219],"timeVisible":4.22325,"tipPosition":[35.4269,130.837,98.0603],"tipVelocity":[-8.51192,-5.20191,1.82777],"tool":false,"touchDistance":0.45659,"touchZone":"none","type":4,"width":12.0969},{"bases":[[[0.803522,0.532047,0.26698],[-0.224616,-0.144355,0.963696],[0.551271,-0.834319,0.00351363]],[[0.541977,0.803379,0.246663],[-0.645463,0.209971,0.734363],[0.53818,-0.557221,0.632351]],[[0.541977,0.803379,0.246663],[-0.720568,0.293188,0.628349],[0.432483,-0.518289,0.737791]],[[0.541977,0.803379,0.246663],[-0.802429,0.40748,0.435967],[0.249736,-0.434214,0.8655]]],"btipPosition":[-2.51573,154.544,87.1947],"carpPosition":[34.7098,111.022,147.15],"dipPosition":[1.9512,146.777,102.675],"direction":[-0.432483,0.518289,-0.737791],"extended":false,"handId":61,"id":610,"length":39.8308,"mcpPosition":[34.7098,111.022,147.15],"pipPosition":[13.2209,133.271,121.901],"stabilizedTipPosition":[-2.18516,157.271,91.3552],"timeVisible":4.22325,"tipPosition":[-4.45488,154.099,94.1808],"tipVelocity":[-10.0683,-5.32818,5.0536],"tool":false,"touchDistance":0.345921,"touchZone":"hovering","type":0,"width":15.2554},{"bases":[[[0.691829,0.119648,-0.712079],[0.556065,0.54081,0.631123],[0.460612,-0.832592,0.307616]],[[0.66665,0.163266,-0.72727],[-0.092333,0.986289,0.136777],[0.73963,-0.0240315,0.672584]],[[0.66665,0.163266,-0.72727],[-0.594501,0.705017,-0.386677],[0.449606,0.690142,0.567061]],[[0.66665,0.163266,-0.72727],[-0.727175,0.356734,-0.586479],[0.163689,0.919829,0.35654]]],"btipPosition":[-14.8043,150.06,95.2073],"carpPosition":[47.0302,125.034,150.525],"dipPosition":[-12.6669,162.071,99.863],"direction":[-0.449606,-0.690142,-0.567061],"extended":false,"handId":61,"id":611,"length":44.9446,"mcpPosition":[19.9241,174.03,132.422],"pipPosition":[-4.36145,174.819,110.338],"stabilizedTipPosition":[-13.9137,154.09,95.5593],"timeVisible":4.22325,"tipPosition":[-14.9346,155.487,96.1553],"tipVelocity":[-4.57566,-12.1438,4.02477],"tool":false,"touchDistance":0.437968,"touchZone":"hovering","type":1,"width":14.572},{"bases":[[[0.642699,-0.0878976,-0.76106],[0.675,0.534842,0.508252],[0.362372,-0.840368,0.403073]],[[0.619813,-0.0373476,-0.78386],[-0.0897669,0.988936,-0.118099],[0.779598,0.143564,0.609603]],[[0.619813,-0.0373476,-0.78386],[-0.688163,0.454222,-0.565786],[0.377177,0.890105,0.255832]],[[0.619813,-0.0373476,-0.78386],[-0.781494,0.0615133,-0.620873],[0.071406,0.997407,0.00893985]]],"btipPosition":[-3.8534,135.269,93.6619],"carpPosition":[54.3111,127.328,144.301],"dipPosition":[-2.82786,149.594,93.7903],"direction":[-0.377177,-0.890105,-0.255832],"extended":false,"handId":61,"id":612,"length":51.2108,"mcpPosition":[34.0882,174.227,121.807],"pipPosition":[5.36934,168.938,99.3503],"stabilizedTipPosition":[-1.12126,141.436,92.7227],"timeVisible":4.22325,"tipPosition":[-1.05527,138.11,95.864],"tipVelocity":[-4.38437,-13.6621,7.51692],"tool":false,"touchDistance":0.394857,"touchZone":"hovering","type":2,"width":14.3116}],"r":[[0.984406,-0.101642,-0.143574],[0.0979228,0.994655,-0.032754],[0.146136,0.0181841,0.989097]],"s":0.921543,"t":[10.8463,-8.8918,11.1552],"timestamp":17415017960},{"currentFrameRate":115.11,"devices":[],"gestures":[],"hands":[{"armBasis":[[0.744849,-0.0289533,-0.666605],[0.66711,0.0515556,0.743173],[0.0128499,-0.99825,0.0577161]],"armWidth":48.9085,"confidence":1,"direction":[-0.25174,0.910732,-0.327406],"elbow":[61.4249,-116.077,152.694],"grabAngle":2.74246,"grabStrength":0.944645,"id":61,"palmNormal":[-0.617859,-0.411626,-0.669936],"palmPosition":[38.7729,154.42,124.449],"palmVelocity":[-3.06652,-0.849344,-1.02304],"palmWidth":72.7825,"pinchDistance":13.8206,"pinchStrength":1,"r":[[0.984492,-0.101087,-0.143376],[0.0973402,0.994706,-0.0329314],[0.145946,0.0184644,0.98912]],"s":0.920985,"sphereCenter":[10.5428,152.63,105.923],"sphereRadius":28.7753,"stabilizedPalmPosition":[38.4075,157.512,122.099],"t":[10.8104,-8.90923,11.1511],"timeVisible":4.23184,"type":"right","wrist":[58.6497,99.5167,140.229]}],"id":39626,"interactionBox":{"center":[0,200,0],"size":[235.247,235.247,147.751]},"pointables":[{"bases":[[[0.636647,-0.250592,-0.729304],[0.730068,0.500441,0.46536],[0.248358,-0.828711,0.501554]],[[0.650394,-0.299834,-0.697916],[-0.157567,0.845559,-0.510101],[0.743075,0.441735,0.502703]],[[0.650394,-0.299834,-0.697916],[-0.739548,-0.0402482,-0.6719],[0.173369,0.953142,-0.247919]],[[0.650394,-0.299834,-0.697916],[-0.729613,-0.502195,-0.464183],[-0.211312,0.81111,-0.545388]]],"btipPosition":[22.3506,122.084,107.705],"carpPosition":[60.8217,127.407,136.965],"dipPosition":[19.3332,133.667,99.917],"direction":[-0.173369,-0.953142,0.247919],"extended":false,"handId":61,"id":613,"length":49.2406,"mcpPosition":[48.3776,168.93,111.834],"pipPosition":[23.0037,153.846,94.6681],"stabilizedTipPosition":[27.4869,131.429,104.921],"timeVisible":4.23184,"tipPosition":[23.5357,125.577,106.144],"tipVelocity":[2.16529,-1.22849,1.6365],"tool":false,"touchDistance":0.598561,"touchZone":"none","type":3,"width":13.6184},{"bases":[[[0.531675,-0.424042,-0.733151],[0.839256,0.380179,0.388732],[0.11389,-0.821981,0.558011]],[[0.514217,-0.322591,-0.79468],[-0.116909,0.891554,-0.437565],[0.849655,0.317909,0.420739]],[[0.514217,-0.322591,-0.79468],[-0.803787,0.141952,-0.577734],[0.299178,0.935834,-0.1863]],[[0.514217,-0.322591,-0.79468],[-0.843288,-0.359084,-0.399904],[-0.156351,0.875782,-0.456685]]],"btipPosition":[34.0237,126.93,98.7874],"carpPosition":[64.6796,122.922,127.238],"dipPosition":[31.964,138.467,92.7712],"direction":[-0.299178,-0.935834,0.1863],"extended":false,"handId":61,"id":614,"length":38.6037,"mcpPosition":[59.3971,161.048,101.356],"pipPosition":[36.4362,152.456,89.9864],"stabilizedTipPosition":[37.3437,135.172,97.1227],"timeVisible":4.23184,"tipPosition":[35.4146,130.822,98.0529],"tipVelocity":[1.69883,-1.58967,0.961587],"tool":false,"touchDistance":0.456727,"touchZone":"none","type":4,"width":12.0969},{"bases":[[[0.803254,0.532345,0.267193],[-0.224931,-0.144268,0.963635],[0.551534,-0.834144,0.00385766]],[[0.541693,0.803546,0.246742],[-0.645534,0.209666,0.734388],[0.538382,-0.557093,0.632291]],[[0.541693,0.803546,0.246742],[-0.720584,0.292766,0.628528],[0.432814,-0.518268,0.737612]],[[0.541693,0.803546,0.246742],[-0.802529,0.407077,0.43616],[0.250032,-0.434283,0.86538]]],"btipPosition":[-2.55879,154.534,87.2007],"carpPosition":[34.6887,111.017,147.147],"dipPosition":[1.91343,146.767,102.679],"direction":[-0.432814,0.518268,-0.737612],"extended":false,"handId":61,"id":610,"length":39.8308,"mcpPosition":[34.6887,111.017,147.147],"pipPosition":[13.1918,133.261,121.9],"stabilizedTipPosition":[-2.18264,157.254,91.353],"timeVisible":4.23184,"tipPosition":[-4.46116,154.069,94.146],"tipVelocity":[-4.87457,-1.10975,0.645049],"tool":false,"touchDistance":0.346013,"touchZone":"hovering","type":0,"width":15.2554},{"bases":[[[0.692058,0.11975,-0.711839],[0.555657,0.54109,0.631242],[0.46076,-0.832395,0.307926]],[[0.667286,0.162667,-0.726821],[-0.0926211,0.986407,0.135729],[0.73902,-0.0232511,0.673282]],[[0.667286,0.162667,-0.726821],[-0.594362,0.70439,-0.388031],[0.448846,0.690922,0.566713]],[[0.667286,0.162667,-0.726821],[-0.726737,0.355822,-0.587574],[0.16304,0.920288,0.355651]]],"btipPosition":[-14.7973,150.002,95.1833],"carpPosition":[47.0034,125.034,150.524],"dipPosition":[-12.6683,162.019,99.8274],"direction":[-0.448846,-0.690922,-0.566713],"extended":false,"handId":61,"id":611,"length":44.9446,"mcpPosition":[19.8886,174.018,132.403],"pipPosition":[-4.37692,174.782,110.296],"stabilizedTipPosition":[-13.915,154.086,95.5617],"timeVisible":4.23184,"tipPosition":[-14.9491,155.452,96.1265],"tipVelocity":[0.59493,-6.59558,-3.10253],"tool":false,"touchDistance":0.437524,"touchZone":"hovering","type":1,"width":14.572},{"bases":[[[0.643012,-0.0878195,-0.760804],[0.67464,0.535139,0.508417],[0.362487,-0.840187,0.403347]],[[0.620119,-0.0372805,-0.783622],[-0.0910656,0.988697,-0.119102],[0.779205,0.145218,0.609715]],[[0.620119,-0.0372805,-0.783622],[-0.689046,0.451657,-0.566764],[0.375057,0.891413,0.254393]],[[0.620119,-0.0372805,-0.783622],[-0.781369,0.0599099,-0.621186],[0.0701048,0.997507,0.00802142]]],"btipPosition":[-3.80572,135.169,93.6884],"carpPosition":[54.2859,127.329,144.303],"dipPosition":[-2.79887,149.495,93.8036],"direction":[-0.375057,-0.891413,-0.254393],"extended":false,"handId":61,"id":612,"length":51.2108,"mcpPosition":[34.0566,174.218,121.793],"pipPosition":[5.35225,168.868,99.3324],"stabilizedTipPosition":[-1.1316,141.424,92.7269],"timeVisible":4.23184,"tipPosition":[-1.08261,138.088,95.8286],"tipVelocity":[5.05376,-11.6115,2.73852],"tool":false,"touchDistance":0.395249,"touchZone":"hovering","type":2,"width":14.3116}],"r":[[0.984492,-0.101087,-0.143376],[0.0973402,0.994706,-0.0329314],[0.145946,0.0184644,0.98912]],"s":0.920985,"t":[10.8104,-8.90923,11.1511],"timestamp":17415026544},{"currentFrameRate":115.055,"devices":[],"gestures":[],"hands":[{"armBasis":[[0.744581,-0.0308955,-0.666817],[0.667444,0.0506359,0.742936],[0.0108115,-0.998239,0.0583235]],"armWidth":48.9085,"confidence":1,"direction":[-0.251471,0.91083,-0.327341],"elbow":[60.923,-116.095,152.805],"grabAngle":2.74312,"grabStrength":0.945644,"id":61,"palmNormal":[-0.618317,-0.41138,-0.669664],"palmPosition":[38.7432,154.409,124.429],"palmVelocity":[-3.38234,-1.3007,-2.30871],"palmWidth":72.7825,"pinchDistance":13.7691,"pinchStrength":1,"r":[[0.98454,-0.100732,-0.143298],[0.0969596,0.994738,-0.0330899],[0.145877,0.0186842,0.989126]],"s":0.920549,"sphereCenter":[10.5469,152.622,105.877],"sphereRadius":28.758,"stabilizedPalmPosition":[38.4083,157.505,122.105],"t":[10.7776,-8.92366,11.1389],"timeVisible":4.24062,"type":"right","wrist":[58.588,99.4962,140.208]}],"id":39627,"interactionBox":{"center":[0,200,0],"size":[235.247,235.247,147.751]},"pointables":[{"bases":[[[0.636236,-0.250905,-0.729555],[0.730481,0.500137,0.465038],[0.248197,-0.8288,0.501487]],[[0.649974,-0.300152,-0.698171],[-0.157402,0.845607,-0.510072],[0.743477,0.441427,0.502378]],[[0.649974,-0.300152,-0.698171],[-0.739986,-0.0407402,-0.671387],[0.173075,0.953021,-0.248588]],[[0.649974,-0.300152,-0.698171],[-0.729933,-0.50225,-0.463619],[-0.2115,0.810958,-0.54554]]],"btipPosition":[22.3173,122.083,107.707],"carpPosition":[60.7851,127.387,136.936],"dipPosition":[19.2972,133.664,99.9174],"direction":[-0.173075,-0.953021,0.248588],"extended":false,"handId":61,"id":613,"length":49.2406,"mcpPosition":[48.3491,168.914,111.809],"pipPosition":[22.9615,153.841,94.6544],"stabilizedTipPosition":[27.4734,131.413,104.923],"timeVisible":4.24062,"tipPosition":[23.4829,125.57,106.13],"tipVelocity":[-3.86291,-0.167696,0.238266],"tool":false,"touchDistance":0.598596,"touchZone":"none","type":3,"width":13.6184},{"bases":[[[0.531185,-0.424309,-0.733352],[0.839585,0.379823,0.388371],[0.113755,-0.822008,0.557999]],[[0.513747,-0.322853,-0.794877],[-0.116694,0.891587,-0.437555],[0.849969,0.31755,0.420375]],[[0.513747,-0.322853,-0.794877],[-0.80419,0.141568,-0.577266],[0.298901,0.935802,-0.186905]],[[0.513747,-0.322853,-0.794877],[-0.843529,-0.359191,-0.3993],[-0.156598,0.875641,-0.456869]]],"btipPosition":[33.9863,126.921,98.7796],"carpPosition":[64.637,122.9,127.208],"dipPosition":[31.9234,138.456,92.761],"direction":[-0.298901,-0.935802,0.186905],"extended":false,"handId":61,"id":614,"length":38.6037,"mcpPosition":[59.3608,161.026,101.327],"pipPosition":[36.3914,152.445,89.9671],"stabilizedTipPosition":[37.3322,135.155,97.1235],"timeVisible":4.24062,"tipPosition":[35.3615,130.809,98.0343],"tipVelocity":[-4.34002,-1.13294,-0.947004],"tool":false,"touchDistance":0.456589,"touchZone":"none","type":4,"width":12.0969},{"bases":[[[0.803599,0.532001,0.26684],[-0.224598,-0.144127,0.963734],[0.551166,-0.834388,0.00366609]],[[0.542243,0.803251,0.246496],[-0.644826,0.209749,0.734986],[0.538676,-0.557488,0.631692]],[[0.542243,0.803251,0.246496],[-0.719904,0.292876,0.629255],[0.433257,-0.518663,0.737073]],[[0.542243,0.803251,0.246496],[-0.801986,0.4073,0.43695],[0.250582,-0.434619,0.865052]]],"btipPosition":[-2.63154,154.558,87.2277],"carpPosition":[34.6491,111.009,147.13],"dipPosition":[1.85053,146.784,102.701],"direction":[-0.433257,0.518663,-0.737073],"extended":false,"handId":61,"id":610,"length":39.8308,"mcpPosition":[34.6491,111.009,147.13],"pipPosition":[13.1404,133.269,121.907],"stabilizedTipPosition":[-2.18035,157.236,91.3507],"timeVisible":4.24062,"tipPosition":[-4.49524,154.072,94.134],"tipVelocity":[-8.02357,2.50829,2.92531],"tool":false,"touchDistance":0.346441,"touchZone":"hovering","type":0,"width":15.2554},{"bases":[[[0.691818,0.119413,-0.712129],[0.556157,0.54087,0.63099],[0.460518,-0.832586,0.307771]],[[0.667456,0.161678,-0.726885],[-0.0921308,0.986575,0.134842],[0.738928,-0.0230324,0.673391]],[[0.667456,0.161678,-0.726885],[-0.593944,0.704366,-0.388714],[0.449147,0.691179,0.566161]],[[0.667456,0.161678,-0.726885],[-0.726466,0.355776,-0.587937],[0.163551,0.92048,0.354919]]],"btipPosition":[-14.8242,149.984,95.1862],"carpPosition":[46.9714,125.02,150.502],"dipPosition":[-12.6886,162.004,99.8207],"direction":[-0.449147,-0.691179,-0.566161],"extended":false,"handId":61,"id":611,"length":44.9446,"mcpPosition":[19.8708,174.016,132.39],"pipPosition":[-4.39165,174.772,110.279],"stabilizedTipPosition":[-13.9166,154.081,95.5643],"timeVisible":4.24062,"tipPosition":[-14.9887,155.457,96.1286],"tipVelocity":[-2.89367,-1.88729,0.0742482],"tool":false,"touchDistance":0.437535,"touchZone":"hovering","type":1,"width":14.572},{"bases":[[[0.64266,-0.0881367,-0.761065],[0.675086,0.534861,0.508116],[0.362281,-0.84033,0.403234]],[[0.619779,-0.0375886,-0.783875],[-0.0916029,0.988559,-0.11983],[0.779412,0.146074,0.609245]],[[0.619779,-0.0375886,-0.783875],[-0.689885,0.450021,-0.567045],[0.374075,0.892227,0.252982]],[[0.619779,-0.0375886,-0.783875],[-0.781681,0.0590614,-0.620876],[0.0696346,0.997546,0.00722281]]],"btipPosition":[-3.80727,135.11,93.7287],"carpPosition":[54.2524,127.312,144.277],"dipPosition":[-2.80717,149.436,93.8324],"direction":[-0.374075,-0.892227,-0.252982],"extended":false,"handId":61,"id":612,"length":51.2108,"mcpPosition":[34.0345,174.208,121.774],"pipPosition":[5.32259,168.827,99.3305],"stabilizedTipPosition":[-1.14145,141.411,92.731],"timeVisible":4.24062,"tipPosition":[-1.1458,138.095,95.8132],"tipVelocity":[-0.353755,-6.72602,4.27913],"tool":false,"touchDistance":0.395876,"touchZone":"hovering","type":2,"width":14.3116}],"r":[[0.98454,-0.100732,-0.143298],[0.0969596,0.994738,-0.0330899],[0.145877,0.0186842,0.989126]],"s":0.920549,"t":[10.7776,-8.92366,11.1389],"timestamp":17415035329},{"currentFrameRate":115.088,"devices":[],"gestures":[],"hands":[{"armBasis":[[0.74471,-0.0326881,-0.666587],[0.667333,0.0493689,0.743122],[0.00861745,-0.998246,0.0585794]],"armWidth":48.9085,"confidence":1,"direction":[-0.251398,0.910877,-0.327266],"elbow":[60.4129,-116.093,152.877],"grabAngle":2.74355,"grabStrength":0.946384,"id":61,"palmNormal":[-0.618216,-0.411282,-0.669818],"palmPosition":[38.7294,154.416,124.446],"palmVelocity":[-1.5934,0.880315,1.97907],"palmWidth":72.7825,"pinchDistance":13.7264,"pinchStrength":1,"r":[[0.984582,-0.100449,-0.143206],[0.0966603,0.994764,-0.033188],[0.14579,0.018834,0.989136]],"s":0.920205,"sphereCenter":[10.5654,152.626,105.864],"sphereRadius":28.746,"stabilizedPalmPosition":[38.4089,157.499,122.109],"t":[10.7544,-8.92707,11.1413],"timeVisible":4.24926,"type":"right","wrist":[58.5518,99.4996,140.225]}],"id":39628,"interactionBox":{"center":[0,200,0],"size":[235.247,235.247,147.751]},"pointables":[{"bases":[[[0.636351,-0.250825,-0.729482],[0.730415,0.500062,0.465222],[0.248097,-0.828869,0.501421]],[[0.650082,-0.300076,-0.698103],[-0.157301,0.845675,-0.50999],[0.743404,0.441347,0.502557]],[[0.650082,-0.300076,-0.698103],[-0.739982,-0.0412224,-0.671362],[0.172682,0.953024,-0.248849]],[[0.650082,-0.300076,-0.698103],[-0.729813,-0.502382,-0.463665],[-0.211579,0.810905,-0.545589]]],"btipPosition":[22.3179,122.096,107.728],"carpPosition":[60.7688,127.392,136.954],"dipPosition":[19.2966,133.675,99.9373],"direction":[-0.172682,-0.953024,0.248849],"extended":false,"handId":61,"id":613,"length":49.2406,"mcpPosition":[48.3377,168.923,111.83],"pipPosition":[22.9526,153.852,94.6688],"stabilizedTipPosition":[27.4627,131.401,104.925],"timeVisible":4.24926,"tipPosition":[23.4697,125.58,106.141],"tipVelocity":[0.0356323,1.42011,2.37132],"tool":false,"touchDistance":0.598937,"touchZone":"none","type":3,"width":13.6184},{"bases":[[[0.531297,-0.424226,-0.733319],[0.839529,0.379756,0.388557],[0.113646,-0.822081,0.557913]],[[0.513871,-0.322762,-0.794834],[-0.116604,0.891646,-0.43746],[0.849906,0.317479,0.420556]],[[0.513871,-0.322762,-0.794834],[-0.804257,0.141143,-0.577277],[0.298508,0.935897,-0.187054]],[[0.513871,-0.322762,-0.794834],[-0.84343,-0.359348,-0.399367],[-0.156722,0.875611,-0.456886]]],"btipPosition":[33.9857,126.932,98.7985],"carpPosition":[64.6222,122.906,127.226],"dipPosition":[31.9211,138.467,92.7797],"direction":[-0.298508,-0.935897,0.187054],"extended":false,"handId":61,"id":614,"length":38.6037,"mcpPosition":[59.351,161.036,101.349],"pipPosition":[36.3833,152.457,89.9836],"stabilizedTipPosition":[37.3234,135.142,97.1242],"timeVisible":4.24926,"tipPosition":[35.3503,130.82,98.0474],"tipVelocity":[-0.115787,1.26755,2.18255],"tool":false,"touchDistance":0.456903,"touchZone":"none","type":4,"width":12.0969},{"bases":[[[0.803566,0.53195,0.26704],[-0.22476,-0.144246,0.963678],[0.551148,-0.8344,0.00364994]],[[0.54224,0.803193,0.246691],[-0.644736,0.209474,0.735144],[0.538787,-0.557675,0.631433]],[[0.54224,0.803193,0.246691],[-0.719754,0.292541,0.629583],[0.433509,-0.518942,0.736729]],[[0.54224,0.803193,0.246691],[-0.801882,0.407009,0.437411],[0.25092,-0.434999,0.864763]]],"btipPosition":[-2.66696,154.584,87.2631],"carpPosition":[34.6308,111.013,147.141],"dipPosition":[1.82115,146.803,102.731],"direction":[-0.433509,0.518942,-0.736729],"extended":false,"handId":61,"id":610,"length":39.8308,"mcpPosition":[34.6308,111.013,147.141],"pipPosition":[13.1176,133.281,121.929],"stabilizedTipPosition":[-2.17845,157.221,91.3489],"timeVisible":4.24926,"tipPosition":[-4.49693,154.081,94.1357],"tipVelocity":[-3.94223,2.86608,3.95927],"tool":false,"touchDistance":0.347011,"touchZone":"hovering","type":0,"width":15.2554},{"bases":[[[0.691938,0.11949,-0.712],[0.556065,0.540778,0.631151],[0.46045,-0.832635,0.307741]],[[0.667807,0.161378,-0.72663],[-0.0922077,0.986631,0.134378],[0.738601,-0.0227377,0.673759]],[[0.667807,0.161378,-0.72663],[-0.59373,0.704246,-0.389259],[0.448908,0.691372,0.566115]],[[0.667807,0.161378,-0.72663],[-0.726163,0.355643,-0.588393],[0.163467,0.920584,0.354687]]],"btipPosition":[-14.8227,149.977,95.1945],"carpPosition":[46.9528,125.024,150.516],"dipPosition":[-12.6881,161.998,99.826],"direction":[-0.448908,-0.691372,-0.566115],"extended":false,"handId":61,"id":611,"length":44.9446,"mcpPosition":[19.8562,174.023,132.406],"pipPosition":[-4.39558,174.769,110.284],"stabilizedTipPosition":[-13.9179,154.077,95.5665],"timeVisible":4.24926,"tipPosition":[-14.9967,155.465,96.1371],"tipVelocity":[0.152327,-0.847633,0.879071],"tool":false,"touchDistance":0.437662,"touchZone":"hovering","type":1,"width":14.572},{"bases":[[[0.642783,-0.0880526,-0.760971],[0.675014,0.534782,0.508296],[0.362197,-0.84039,0.403186]],[[0.619907,-0.0375011,-0.783778],[-0.0923065,0.988437,-0.1203],[0.779227,0.146923,0.609278]],[[0.619907,-0.0375011,-0.783778],[-0.690459,0.448491,-0.567558],[0.372802,0.893,0.25213]],[[0.619907,-0.0375011,-0.783778],[-0.781639,0.0582699,-0.621003],[0.068959,0.997596,0.00680967]]],"btipPosition":[-3.776,135.069,93.7708],"carpPosition":[54.2348,127.317,144.293],"dipPosition":[-2.78561,149.396,93.8686],"direction":[-0.372802,-0.893,-0.25213],"extended":false,"handId":61,"id":612,"length":51.2108,"mcpPosition":[34.0216,174.216,121.793],"pipPosition":[5.3165,168.804,99.3481],"stabilizedTipPosition":[-1.15001,141.401,92.7348],"timeVisible":4.24926,"tipPosition":[-1.16677,138.109,95.8118],"tipVelocity":[3.36441,-4.70506,4.7184],"tool":false,"touchDistance":0.396554,"touchZone":"hovering","type":2,"width":14.3116}],"r":[[0.984582,-0.100449,-0.143206],[0.0966603,0.994764,-0.033188],[0.14579,0.018834,0.989136]],"s":0.920205,"t":[10.7544,-8.92707,11.1413],"timestamp":17415043961},{"currentFrameRate":115.118,"devices":[],"gestures":[],"hands":[{"armBasis":[[0.744758,-0.0345629,-0.666439],[0.667303,0.0482999,0.743218],[0.00650118,-0.998235,0.0590356]],"armWidth":48.9085,"confidence":1,"direction":[-0.25142,0.910857,-0.327303],"elbow":[59.904,-116.154,152.935],"grabAngle":2.74371,"grabStrength":0.94699,"id":61,"palmNormal":[-0.618167,-0.411326,-0.669836],"palmPosition":[38.6948,154.354,124.399],"palmVelocity":[-4.01344,-7.28269,-5.47919],"palmWidth":72.7825,"pinchDistance":13.6862,"pinchStrength":1,"r":[[0.984618,-0.100215,-0.143122],[0.0964131,0.994785,-0.0332713],[0.14571,0.0189607,0.989146]],"s":0.919935,"sphereCenter":[10.5592,152.556,105.79],"sphereRadius":28.7352,"stabilizedPalmPosition":[38.4095,157.493,122.114],"t":[10.7254,-8.96022,11.1189],"timeVisible":4.25789,"type":"right","wrist":[58.4999,99.4363,140.185]}],"id":39629,"interactionBox":{"center":[0,200,0],"size":[235.247,235.247,147.751]},"pointables":[{"bases":[[[0.636396,-0.25082,-0.729445],[0.730372,0.500106,0.465243],[0.248107,-0.828845,0.501457]],[[0.650128,-0.300069,-0.698063],[-0.157311,0.845654,-0.510022],[0.743362,0.441392,0.502579]],[[0.650128,-0.300069,-0.698063],[-0.74002,-0.0416655,-0.671293],[0.172349,0.953007,-0.249145]],[[0.650128,-0.300069,-0.698063],[-0.729784,-0.502372,-0.463721],[-0.211539,0.810913,-0.545592]]],"btipPosition":[22.2911,122.032,107.686],"carpPosition":[60.7346,127.331,136.908],"dipPosition":[19.2705,133.611,99.8956],"direction":[-0.172349,-0.953007,0.249145],"extended":false,"handId":61,"id":613,"length":49.2406,"mcpPosition":[48.3031,168.86,111.782],"pipPosition":[22.9194,153.788,94.6207],"stabilizedTipPosition":[27.452,131.389,104.927],"timeVisible":4.25789,"tipPosition":[23.4361,125.515,106.094],"tipVelocity":[-3.0825,-7.42489,-4.83374],"tool":false,"touchDistance":0.598241,"touchZone":"none","type":3,"width":13.6184},{"bases":[[[0.531349,-0.424225,-0.733282],[0.839495,0.379802,0.388586],[0.113653,-0.822061,0.557942]],[[0.513922,-0.322763,-0.794801],[-0.11662,0.891628,-0.437491],[0.849873,0.317526,0.420587]],[[0.513922,-0.322763,-0.794801],[-0.804354,0.140721,-0.577245],[0.298159,0.93596,-0.187296]],[[0.513922,-0.322763,-0.794801],[-0.843382,-0.359478,-0.399353],[-0.156817,0.875556,-0.456957]]],"btipPosition":[33.9593,126.868,98.7557],"carpPosition":[64.5887,122.844,127.181],"dipPosition":[31.8934,138.402,92.7359],"direction":[-0.298159,-0.93596,0.187296],"extended":false,"handId":61,"id":614,"length":38.6037,"mcpPosition":[59.3172,160.973,101.302],"pipPosition":[36.3503,152.393,89.9362],"stabilizedTipPosition":[37.3147,135.129,97.1247],"timeVisible":4.25789,"tipPosition":[35.317,130.755,98.0003],"tipVelocity":[-3.09797,-7.4533,-4.98298],"tool":false,"touchDistance":0.456186,"touchZone":"none","type":4,"width":12.0969},{"bases":[[[0.803532,0.53199,0.267063],[-0.2248,-0.144227,0.963672],[0.551182,-0.834377,0.00369995]],[[0.542206,0.803215,0.246695],[-0.644572,0.209264,0.735347],[0.539017,-0.557722,0.631195]],[[0.542206,0.803215,0.246695],[-0.719562,0.292262,0.629932],[0.433871,-0.519065,0.736429]],[[0.542206,0.803215,0.246695],[-0.801767,0.406743,0.43787],[0.251362,-0.435207,0.86453]]],"btipPosition":[-2.72744,154.53,87.2383],"carpPosition":[34.5968,110.951,147.095],"dipPosition":[1.76857,146.746,102.702],"direction":[-0.433871,0.519065,-0.736429],"extended":false,"handId":61,"id":610,"length":39.8308,"mcpPosition":[34.5968,110.951,147.095],"pipPosition":[13.0744,133.22,121.892],"stabilizedTipPosition":[-2.17674,157.205,91.3469],"timeVisible":4.25789,"tipPosition":[-4.52325,154.012,94.0784],"tipVelocity":[-6.79346,-6.30574,-2.981],"tool":false,"touchDistance":0.346582,"touchZone":"hovering","type":0,"width":15.2554},{"bases":[[[0.691967,0.119498,-0.711971],[0.556012,0.540819,0.631162],[0.46047,-0.832608,0.307786]],[[0.668053,0.161019,-0.726483],[-0.0922796,0.986698,0.133836],[0.738369,-0.0223702,0.674026]],[[0.668053,0.161019,-0.726483],[-0.593566,0.704103,-0.389768],[0.448758,0.691601,0.565954]],[[0.668053,0.161019,-0.726483],[-0.725939,0.355486,-0.588763],[0.163452,0.920708,0.354374]]],"btipPosition":[-14.8479,149.895,95.144],"carpPosition":[46.9181,124.962,150.47],"dipPosition":[-12.7136,161.918,99.7714],"direction":[-0.448759,-0.691601,-0.565954],"extended":false,"handId":61,"id":611,"length":44.9446,"mcpPosition":[19.8204,173.959,132.358],"pipPosition":[-4.42381,174.694,110.226],"stabilizedTipPosition":[-13.9193,154.072,95.5685],"timeVisible":4.25789,"tipPosition":[-15.0293,155.396,96.0874],"tipVelocity":[-2.93018,-9.37673,-5.95176],"tool":false,"touchDistance":0.436805,"touchZone":"hovering","type":1,"width":14.572},{"bases":[[[0.642823,-0.0880481,-0.760938],[0.674968,0.534825,0.508312],[0.362212,-0.840363,0.403227]],[[0.619946,-0.0374981,-0.783748],[-0.0929285,0.988319,-0.120792],[0.779122,0.147717,0.60922]],[[0.619946,-0.0374981,-0.783748],[-0.690991,0.447149,-0.567969],[0.37175,0.893673,0.251297]],[[0.619946,-0.0374981,-0.783748],[-0.781641,0.0577945,-0.621045],[0.0685843,0.997624,0.00651946]]],"btipPosition":[-3.77923,134.961,93.7471],"carpPosition":[54.2003,127.255,144.248],"dipPosition":[-2.79422,149.289,93.8407],"direction":[-0.37175,-0.893673,-0.251297],"extended":false,"handId":61,"id":612,"length":51.2108,"mcpPosition":[33.9863,174.153,121.745],"pipPosition":[5.28501,168.712,99.3022],"stabilizedTipPosition":[-1.159,141.389,92.7386],"timeVisible":4.25789,"tipPosition":[-1.20814,138.044,95.7557],"tipVelocity":[-0.517456,-12.4323,-2.85463],"tool":false,"touchDistance":0.396144,"touchZone":"hovering","type":2,"width":14.3116}],"r":[[0.984618,-0.100215,-0.143122],[0.0964131,0.994785,-0.0332713],[0.14571,0.0189607,0.989146]],"s":0.919935,"t":[10.7254,-8.96022,11.1189],"timestamp":17415052596},{"currentFrameRate":115.111,"devices":[],"gestures":[],"hands":[{"armBasis":[[0.744405,-0.0361006,-0.666752],[0.667714,0.0468021,0.742945],[0.00438458,-0.998252,0.0589446]],"armWidth":48.9085,"confidence":1,"direction":[-0.251422,0.910691,-0.327764],"elbow":[59.396,-116.168,152.948],"grabAngle":2.74373,"grabStrength":0.947742,"id":61,"palmNormal":[-0.618595,-0.411647,-0.669243],"palmPosition":[38.6626,154.34,124.412],"palmVelocity":[-3.69351,-1.5402,1.53281],"palmWidth":72.7825,"pinchDistance":13.6578,"pinchStrength":1,"r":[[0.984628,-0.100083,-0.143146],[0.0962488,0.994794,-0.0334777],[0.145751,0.0191854,0.989135]],"s":0.919661,"sphereCenter":[10.5392,152.53,105.798],"sphereRadius":28.7253,"stabilizedPalmPosition":[38.41,157.486,122.118],"t":[10.6949,-8.9835,11.1143],"timeVisible":4.26659,"type":"right","wrist":[58.449,99.426,140.218]}],"id":39630,"interactionBox":{"center":[0,200,0],"size":[235.247,235.247,147.751]},"pointables":[{"bases":[[[0.635966,-0.251413,-0.729616],[0.730709,0.500272,0.464533],[0.248217,-0.828564,0.501866]],[[0.649705,-0.300645,-0.698209],[-0.157422,0.845351,-0.510489],[0.743708,0.441581,0.501901]],[[0.649705,-0.300645,-0.698209],[-0.740385,-0.0419925,-0.67087],[0.172374,0.952811,-0.249876]],[[0.649705,-0.300645,-0.698209],[-0.730207,-0.50221,-0.463231],[-0.211379,0.810801,-0.545821]]],"btipPosition":[22.2404,122.008,107.727],"carpPosition":[60.704,127.321,136.927],"dipPosition":[19.222,133.585,99.933],"direction":[-0.172374,-0.952811,0.249876],"extended":false,"handId":61,"id":613,"length":49.2406,"mcpPosition":[48.267,168.837,111.781],"pipPosition":[22.8715,153.758,94.6427],"stabilizedTipPosition":[27.4415,131.377,104.928],"timeVisible":4.26659,"tipPosition":[23.3885,125.493,106.134],"tipVelocity":[-5.76542,-2.81209,4.59609],"tool":false,"touchDistance":0.598908,"touchZone":"none","type":3,"width":13.6184},{"bases":[[[0.530885,-0.424801,-0.733284],[0.839769,0.379898,0.387898],[0.113794,-0.821719,0.558417]],[[0.513444,-0.323377,-0.79486],[-0.116684,0.891365,-0.43801],[0.850153,0.317641,0.419934]],[[0.513444,-0.323377,-0.79486],[-0.804633,0.14049,-0.576913],[0.29823,0.935783,-0.188066]],[[0.513444,-0.323377,-0.79486],[-0.843687,-0.359418,-0.398761],[-0.156737,0.875355,-0.45737]]],"btipPosition":[33.9065,126.838,98.7885],"carpPosition":[64.5521,122.828,127.201],"dipPosition":[31.8418,138.369,92.7633],"direction":[-0.29823,-0.935783,0.188066],"extended":false,"handId":61,"id":614,"length":38.6037,"mcpPosition":[59.2742,160.941,101.3],"pipPosition":[36.2997,152.357,89.9521],"stabilizedTipPosition":[37.3058,135.116,97.1254],"timeVisible":4.26659,"tipPosition":[35.2664,130.725,98.0307],"tipVelocity":[-6.03164,-3.52986,3.6259],"tool":false,"touchDistance":0.456711,"touchZone":"none","type":4,"width":12.0969},{"bases":[[[0.803771,0.532014,0.266295],[-0.22432,-0.143558,0.963884],[0.551029,-0.834477,0.00395378]],[[0.542539,0.803236,0.245894],[-0.643988,0.209751,0.73572],[0.53938,-0.55751,0.631072]],[[0.542539,0.803236,0.245894],[-0.719001,0.292663,0.630386],[0.434384,-0.518807,0.736308]],[[0.542539,0.803236,0.245894],[-0.801342,0.407069,0.438345],[0.251998,-0.434865,0.864517]]],"btipPosition":[-2.79496,154.511,87.2903],"carpPosition":[34.5685,110.953,147.138],"dipPosition":[1.71243,146.733,102.754],"direction":[-0.434384,0.518807,-0.736308],"extended":false,"handId":61,"id":610,"length":39.8308,"mcpPosition":[34.5685,110.953,147.138],"pipPosition":[13.0317,133.214,121.94],"stabilizedTipPosition":[-2.17538,157.19,91.3453],"timeVisible":4.26659,"tipPosition":[-4.56684,153.985,94.1094],"tipVelocity":[-7.46028,-2.04187,5.97183],"tool":false,"touchDistance":0.347448,"touchZone":"hovering","type":0,"width":15.2554},{"bases":[[[0.691615,0.118905,-0.712412],[0.556444,0.541126,0.630517],[0.460477,-0.832493,0.308086]],[[0.667895,0.160099,-0.726832],[-0.0921439,0.986863,0.132704],[0.73853,-0.0216592,0.673873]],[[0.667895,0.160099,-0.726832],[-0.593517,0.703816,-0.39036],[0.44906,0.692106,0.565097]],[[0.667895,0.160099,-0.726832],[-0.726001,0.355114,-0.588911],[0.163824,0.921012,0.353411]]],"btipPosition":[-14.8879,149.854,95.1879],"carpPosition":[46.8942,124.964,150.498],"dipPosition":[-12.7487,161.881,99.8027],"direction":[-0.44906,-0.692106,-0.565097],"extended":false,"handId":61,"id":611,"length":44.9446,"mcpPosition":[19.7961,173.954,132.368],"pipPosition":[-4.45337,174.666,110.242],"stabilizedTipPosition":[-13.9207,154.068,95.5705],"timeVisible":4.26659,"tipPosition":[-15.0752,155.371,96.1284],"tipVelocity":[-4.46774,-4.64845,4.7126],"tool":false,"touchDistance":0.437489,"touchZone":"hovering","type":1,"width":14.572},{"bases":[[[0.642406,-0.0886632,-0.761218],[0.675334,0.53503,0.507609],[0.362268,-0.840168,0.403584]],[[0.619527,-0.0381238,-0.784049],[-0.0933735,0.988149,-0.121829],[0.779402,0.148686,0.608626]],[[0.619527,-0.0381238,-0.784049],[-0.691687,0.445751,-0.568221],[0.371153,0.894345,0.249785]],[[0.619527,-0.0381238,-0.784049],[-0.78199,0.05705,-0.620675],[0.0683925,0.997643,0.0055316]]],"btipPosition":[-3.80367,134.897,93.8189],"carpPosition":[54.1736,127.252,144.27],"dipPosition":[-2.82141,149.225,93.8984],"direction":[-0.371153,-0.894345,-0.249785],"extended":false,"handId":61,"id":612,"length":51.2108,"mcpPosition":[33.9564,174.139,121.747],"pipPosition":[5.24486,168.662,99.3269],"stabilizedTipPosition":[-1.16694,141.378,92.7422],"timeVisible":4.26659,"tipPosition":[-1.2664,138.02,95.7938],"tipVelocity":[-2.88222,-7.43986,7.88207],"tool":false,"touchDistance":0.397286,"touchZone":"hovering","type":2,"width":14.3116}],"r":[[0.984628,-0.100083,-0.143146],[0.0962488,0.994794,-0.0334777],[0.145751,0.0191854,0.989135]],"s":0.919661,"t":[10.6949,-8.9835,1