{"frames":71,"data":[{"currentFrameRate":115.227,"devices":[],"gestures":[],"hands":[{"armBasis":[[0.868897,-0.123717,-0.479282],[0.484558,0.410353,0.772537],[0.101099,-0.903496,0.416503]],"armWidth":48.9085,"confidence":1,"direction":[-0.14825,0.91461,-0.376178],"elbow":[83.6739,-88.8211,234.889],"grabAngle":2.80377,"grabStrength":0,"id":60,"palmNormal":[-0.486506,-0.398619,-0.777442],"palmPosition":[46.3495,160.564,122.223],"palmVelocity":[-2.65048,-2.75262,-3.15709],"palmWidth":72.7825,"pinchDistance":48.1222,"pinchStrength":0.217615,"r":[[0.981404,-0.0167702,0.19122],[-0.041181,0.954587,0.295072],[-0.187485,-0.29746,0.936145]],"s":1.00924,"sphereCenter":[35.3496,160.053,86.9616],"sphereRadius":38.8172,"stabilizedPalmPosition":[45.487,167.965,123.488],"t":[30.7578,-8.22391,-34.8409],"timeVisible":6.04434,"type":"right","wrist":[61.8392,106.309,144.936]}],"id":37899,"interactionBox":{"center":[0,200,0],"size":[235.247,235.247,147.751]},"pointables":[{"bases":[[[0.752683,0.50774,0.419128],[-0.417505,-0.124142,0.900155],[0.509076,-0.852519,0.118545]],[[0.525505,0.775173,0.350642],[-0.626584,0.0738258,0.775849],[0.575531,-0.62742,0.524507]],[[0.525505,0.775173,0.350642],[-0.689766,0.146909,0.708972],[0.498063,-0.61443,0.61189]],[[0.525505,0.775173,0.350642],[-0.740848,0.214288,0.636572],[0.418315,-0.594295,0.686896]]],"btipPosition":[-7.18813,169.314,94.7182],"carpPosition":[36.253,117.621,143.892],"dipPosition":[0.294108,158.684,107.004],"direction":[-0.498063,0.61443,-0.61189],"extended":false,"handId":60,"id":600,"length":39.8308,"mcpPosition":[36.253,117.621,143.892],"pipPosition":[13.2727,142.673,122.949],"stabilizedTipPosition":[-0.509489,164.344,89.7397],"timeVisible":6.04434,"tipPosition":[-0.867297,164.839,92.6432],"tipVelocity":[-2.04089,-2.06293,-5.62713],"tool":false,"touchDistance":0.459068,"touchZone":"hovering","type":0,"width":15.2554},{"bases":[[[0.823893,0.0867697,-0.560064],[0.437999,0.529644,0.726384],[0.359662,-0.84377,0.398365]],[[0.856405,-0.000128908,-0.516305],[0.37032,0.696968,0.614083],[0.359769,-0.717102,0.596935]],[[0.856405,-0.000128908,-0.516305],[0.37032,0.696968,0.614083],[0.359769,-0.717102,0.596935]],[[0.856405,-0.000128908,-0.516305],[0.247178,0.878057,0.409779],[0.453293,-0.478556,0.752004]]],"btipPosition":[2.60481,223.942,85.6904],"carpPosition":[48.1481,131.247,149.58],"dipPosition":[8.52389,217.693,95.51],"direction":[-0.359769,0.717102,-0.596935],"extended":true,"handId":60,"id":601,"length":44.9446,"mcpPosition":[26.9827,180.901,126.137],"pipPosition":[15.1698,204.447,106.537],"stabilizedTipPosition":[4.14781,221.989,87.6261],"timeVisible":6.04434,"tipPosition":[0.649817,213.322,84.4048],"tipVelocity":[1.1654,1.29571,-0.961923],"tool":false,"touchDistance":0.32929,"touchZone":"hovering","type":1,"width":14.572},{"bases":[[[0.778089,-0.119596,-0.616664],[0.578772,0.518035,0.629811],[0.244131,-0.846957,0.472296]],[[0.76205,-0.0685936,-0.643875],[-0.200036,0.920795,-0.334845],[0.615845,0.383967,0.687971]],[[0.76205,-0.0685936,-0.643875],[-0.635464,-0.270201,-0.72331],[-0.124361,0.960357,-0.249496]],[[0.76205,-0.0685936,-0.643875],[-0.434645,-0.79125,-0.430125],[-0.479962,0.607634,-0.632786]]],"btipPosition":[29.8879,136.734,107.734],"carpPosition":[56.6026,133.211,144.925],"dipPosition":[22.9946,145.461,98.6459],"direction":[0.124361,-0.960357,0.249496],"extended":false,"handId":60,"id":602,"length":51.2108,"mcpPosition":[42.9783,180.477,118.567],"pipPosition":[20.2919,166.333,93.2236],"stabilizedTipPosition":[29.2936,138.259,107.174],"timeVisible":6.04434,"tipPosition":[24.3589,139.671,100.92],"tipVelocity":[-3.96433,0.646237,-8.17896],"tool":false,"touchDistance":0.594063,"touchZone":"none","type":2,"width":14.3116},{"bases":[[[0.759675,-0.281638,-0.586151],[0.640372,0.480904,0.598879],[0.113215,-0.830308,0.545684]],[[0.751519,-0.231343,-0.617818],[-0.112869,0.877602,-0.465914],[0.649984,0.419876,0.633423]],[[0.751519,-0.231343,-0.617818],[-0.659707,-0.260233,-0.705029],[0.00232653,0.937422,-0.348189]],[[0.751519,-0.231343,-0.617818],[-0.498059,-0.813084,-0.301383],[-0.432615,0.534205,-0.726271]]],"btipPosition":[42.7283,132.761,107.809],"carpPosition":[64.4678,132.97,139.038],"dipPosition":[36.5507,140.389,97.4386],"direction":[-0.00232653,-0.937422,0.348189],"extended":false,"handId":60,"id":603,"length":49.2406,"mcpPosition":[58.7951,174.573,111.696],"pipPosition":[36.6,160.236,90.0668],"stabilizedTipPosition":[40.5855,135.227,105.29],"timeVisible":6.04434,"tipPosition":[36.35,132.4,100.296],"tipVelocity":[-1.58506,-1.93261,-4.55996],"tool":false,"touchDistance":0.590402,"touchZone":"none","type":3,"width":13.6184},{"bases":[[[0.651352,-0.451406,-0.609896],[0.758203,0.355986,0.546262],[-0.0294713,-0.818234,0.57413]],[[0.650196,-0.350207,-0.67424],[0.00503976,0.889399,-0.457103],[0.75975,0.293809,0.580049]],[[0.650196,-0.350207,-0.67424],[-0.74028,-0.0923155,-0.665931],[0.170971,0.932112,-0.319275]],[[0.650196,-0.350207,-0.67424],[-0.66731,-0.687506,-0.286415],[-0.363239,0.636153,-0.68071]]],"btipPosition":[53.086,135.929,101.738],"carpPosition":[70.021,128.231,130.303],"dipPosition":[48.3009,144.31,92.7707],"direction":[-0.170971,-0.932112,0.319275],"extended":false,"handId":60,"id":604,"length":38.6037,"mcpPosition":[71.388,166.183,103.673],"pipPosition":[50.8566,158.243,87.9982],"stabilizedTipPosition":[51.6455,138.881,99.8061],"timeVisible":6.04434,"tipPosition":[47.0422,137.773,94.876],"tipVelocity":[-1.19246,-1.681,-3.74973],"tool":false,"touchDistance":0.494593,"touchZone":"none","type":4,"width":12.0969}],"r":[[0.981404,-0.0167702,0.19122],[-0.041181,0.954587,0.295072],[-0.187485,-0.29746,0.936145]],"s":1.00924,"t":[30.7578,-8.22391,-34.8409],"timestamp":17399789846},{"currentFrameRate":115.283,"devices":[],"gestures":[],"hands":[{"armBasis":[[0.868944,-0.122987,-0.479386],[0.484402,0.409898,0.772877],[0.101446,-0.903802,0.415753]],"armWidth":48.9085,"confidence":1,"direction":[-0.148116,0.914613,-0.376225],"elbow":[83.7381,-88.9472,234.646],"grabAngle":2.81764,"grabStrength":0,"id":60,"palmNormal":[-0.486272,-0.398611,-0.777591],"palmPosition":[46.3428,160.507,122.143],"palmVelocity":[-0.781731,-6.67558,-9.22623],"palmWidth":72.7825,"pinchDistance":48.1411,"pinchStrength":0.218433,"r":[[0.981346,-0.0165681,0.191535],[-0.0414568,0.954603,0.294982],[-0.187727,-0.29742,0.936109]],"s":1.00753,"sphereCenter":[35.828,159.634,86.2158],"sphereRadius":39.0712,"stabilizedPalmPosition":[45.4882,167.955,123.486],"t":[30.745,-8.26448,-34.8878],"timeVisible":6.05292,"type":"right","wrist":[61.8287,106.249,144.855]}],"id":37900,"interactionBox":{"center":[0,200,0],"size":[235.247,235.247,147.751]},"pointables":[{"bases":[[[0.752562,0.507727,0.419361],[-0.417786,-0.124132,0.900026],[0.509023,-0.852528,0.118704]],[[0.525332,0.77523,0.350776],[-0.626794,0.0737622,0.775686],[0.575461,-0.627357,0.524659]],[[0.525332,0.77523,0.350776],[-0.690012,0.146896,0.708735],[0.497905,-0.614361,0.612087]],[[0.525332,0.77523,0.350776],[-0.740994,0.214152,0.636448],[0.418275,-0.59427,0.686942]]],"btipPosition":[-7.19473,169.252,94.624],"carpPosition":[36.2388,117.564,143.81],"dipPosition":[0.286784,158.622,106.911],"direction":[-0.497905,0.614361,-0.612087],"extended":false,"handId":60,"id":600,"length":39.8308,"mcpPosition":[36.2388,117.564,143.81],"pipPosition":[13.2613,142.613,122.861],"stabilizedTipPosition":[-0.515635,164.347,89.7492],"timeVisible":6.05292,"tipPosition":[-0.867696,164.783,92.5525],"tipVelocity":[-0.788364,-7.19017,-10.9634],"tool":false,"touchDistance":0.4575,"touchZone":"hovering","type":0,"width":15.2554},{"bases":[[[0.824068,0.0867531,-0.559809],[0.437784,0.529637,0.726519],[0.359523,-0.843777,0.398478]],[[0.856597,-0.000248447,-0.515985],[0.370329,0.696635,0.614455],[0.359301,-0.717425,0.596828]],[[0.856597,-0.000248447,-0.515985],[0.349509,0.735928,0.579873],[0.379584,-0.677059,0.630481]],[[0.856597,-0.000248447,-0.515985],[0.22139,0.903451,0.3671],[0.466076,-0.428691,0.773949]]],"btipPosition":[2.07969,222.505,84.7024],"carpPosition":[48.1324,131.189,149.502],"dipPosition":[8.1657,216.908,94.8086],"direction":[-0.379584,0.677059,-0.630481],"extended":true,"handId":60,"id":601,"length":44.9446,"mcpPosition":[26.9752,180.844,126.052],"pipPosition":[15.1776,204.4,106.455],"stabilizedTipPosition":[4.14383,221.984,87.6225],"timeVisible":6.05292,"tipPosition":[0.920395,214.011,84.5659],"tipVelocity":[-56.7347,-150.059,-107.475],"tool":false,"touchDistance":0.314294,"touchZone":"hovering","type":1,"width":14.572},{"bases":[[[0.778278,-0.119612,-0.616422],[0.578587,0.518025,0.62999],[0.243968,-0.846961,0.472373]],[[0.762248,-0.0686091,-0.643639],[-0.199428,0.921102,-0.334364],[0.615797,0.383227,0.688426]],[[0.762248,-0.0686091,-0.643639],[-0.635329,-0.269535,-0.723676],[-0.123833,0.960543,-0.249042]],[[0.762248,-0.0686091,-0.643639],[-0.434734,-0.79098,-0.430531],[-0.479567,0.607983,-0.63275]]],"btipPosition":[29.8673,136.695,107.627],"carpPosition":[56.5883,133.153,144.849],"dipPosition":[22.9797,145.427,98.5391],"direction":[0.123833,-0.960543,0.249042],"extended":false,"handId":60,"id":602,"length":51.2108,"mcpPosition":[42.9731,180.42,118.487],"pipPosition":[20.2884,166.303,93.1267],"stabilizedTipPosition":[29.2923,138.259,107.172],"timeVisible":6.05292,"tipPosition":[24.3674,139.612,100.844],"tipVelocity":[-2.24979,-4.4148,-12.5004],"tool":false,"touchDistance":0.592276,"touchZone":"none","type":2,"width":14.3116},{"bases":[[[0.759851,-0.281653,-0.585916],[0.640195,0.480892,0.599076],[0.11303,-0.83031,0.54572]],[[0.751706,-0.231358,-0.617585],[-0.112708,0.877603,-0.46595],[0.649796,0.419865,0.633624]],[[0.751706,-0.231358,-0.617585],[-0.659494,-0.26025,-0.705222],[0.00243214,0.937413,-0.348211]],[[0.751706,-0.231358,-0.617585],[-0.498004,-0.813047,-0.301574],[-0.432354,0.534255,-0.72639]]],"btipPosition":[42.7256,132.703,107.729],"carpPosition":[64.4553,132.913,138.965],"dipPosition":[36.5517,140.332,97.3569],"direction":[-0.00243214,-0.937413,0.348211],"extended":false,"handId":60,"id":603,"length":49.2406,"mcpPosition":[58.7919,174.516,111.621],"pipPosition":[36.6032,160.179,89.9847],"stabilizedTipPosition":[40.5864,135.226,105.29],"timeVisible":6.05292,"tipPosition":[36.3497,132.343,100.214],"tipVelocity":[-0.217072,-6.70222,-9.37069],"tool":false,"touchDistance":0.589062,"touchZone":"none","type":3,"width":13.6184},{"bases":[[[0.651532,-0.451419,-0.609693],[0.758041,0.355973,0.546496],[-0.0296646,-0.818232,0.574122]],[[0.650398,-0.350221,-0.674038],[0.00519817,0.889399,-0.457103],[0.759576,0.293795,0.580284]],[[0.650398,-0.350221,-0.674038],[-0.740093,-0.0924007,-0.666126],[0.17101,0.932098,-0.319293]],[[0.650398,-0.350221,-0.674038],[-0.667243,-0.687478,-0.286637],[-0.363001,0.636175,-0.680817]]],"btipPosition":[53.0862,135.872,101.662],"carpPosition":[70.0112,128.174,130.231],"dipPosition":[48.3042,144.252,92.6933],"direction":[-0.17101,-0.932098,0.319293],"extended":false,"handId":60,"id":604,"length":38.6037,"mcpPosition":[71.3871,166.125,103.602],"pipPosition":[50.8604,158.186,87.9204],"stabilizedTipPosition":[51.646,138.88,99.8058],"timeVisible":6.05292,"tipPosition":[47.044,137.716,94.7975],"tipVelocity":[0.0985769,-6.69471,-8.90438],"tool":false,"touchDistance":0.49332,"touchZone":"none","type":4,"width":12.0969}],"r":[[0.981346,-0.0165681,0.191535],[-0.0414568,0.954603,0.294982],[-0.187727,-0.29742,0.936109]],"s":1.00753,"t":[30.745,-8.26448,-34.8878],"timestamp":17399798425},{"currentFrameRate":115.239,"devices":[],"gestures":[],"hands":[{"armBasis":[[0.869186,-0.122053,-0.479186],[0.483927,0.409153,0.773569],[0.101644,-0.904266,0.414694]],"armWidth":48.9085,"confidence":1,"direction":[-0.147871,0.914596,-0.376361],"elbow":[83.7999,-89.0393,234.403],"grabAngle":2.81737,"grabStrength":0,"id":60,"palmNormal":[-0.485661,-0.398653,-0.777952],"palmPosition":[46.3725,160.518,122.127],"palmVelocity":[3.40113,1.2227,-1.92324],"palmWidth":72.7825,"pinchDistance":48.1596,"pinchStrength":0.218514,"r":[[0.98127,-0.0163963,0.191936],[-0.0417311,0.954617,0.294898],[-0.188061,-0.297385,0.936053]],"s":1.00638,"sphereCenter":[35.8948,159.646,86.1824],"sphereRadius":39.0811,"stabilizedPalmPosition":[45.4895,167.945,123.484],"t":[30.7534,-8.27941,-34.9197],"timeVisible":6.06167,"type":"right","wrist":[61.8477,106.257,144.841]}],"id":37901,"interactionBox":{"center":[0,200,0],"size":[235.247,235.247,147.751]},"pointables":[{"bases":[[[0.752219,0.507772,0.419922],[-0.418467,-0.124129,0.89971],[0.508972,-0.852502,0.119114]],[[0.524995,0.775292,0.351146],[-0.627235,0.0735666,0.775348],[0.575288,-0.627305,0.524912]],[[0.524995,0.775292,0.351146],[-0.690435,0.146702,0.708363],[0.497674,-0.61433,0.612306]],[[0.524995,0.775292,0.351146],[-0.741343,0.213889,0.636131],[0.418081,-0.594285,0.687047]]],"btipPosition":[-7.16308,169.26,94.5828],"carpPosition":[36.254,117.574,143.786],"dipPosition":[0.314956,158.63,106.872],"direction":[-0.497674,0.61433,-0.612306],"extended":false,"handId":60,"id":600,"length":39.8308,"mcpPosition":[36.254,117.574,143.786],"pipPosition":[13.2834,142.622,122.827],"stabilizedTipPosition":[-0.521074,164.35,89.7577],"timeVisible":6.06167,"tipPosition":[-0.822794,164.794,92.5073],"tipVelocity":[3.52432,0.923018,-4.65384],"tool":false,"touchDistance":0.456822,"touchZone":"hovering","type":0,"width":15.2554},{"bases":[[[0.824491,0.086777,-0.559182],[0.437205,0.529675,0.726839],[0.359258,-0.84375,0.398773]],[[0.857051,-0.000408164,-0.515232],[0.370039,0.696325,0.614981],[0.358518,-0.717726,0.596937]],[[0.857051,-0.000408164,-0.515232],[0.349347,0.735486,0.580531],[0.378709,-0.67754,0.630492]],[[0.857051,-0.000408164,-0.515232],[0.22152,0.903148,0.367767],[0.465181,-0.429329,0.774134]]],"btipPosition":[2.15911,222.542,84.6641],"carpPosition":[48.1426,131.201,149.487],"dipPosition":[8.23342,216.936,94.7727],"direction":[-0.378709,0.67754,-0.630492],"extended":true,"handId":60,"id":601,"length":44.9446,"mcpPosition":[27.001,180.854,126.02],"pipPosition":[15.2292,204.42,106.42],"stabilizedTipPosition":[4.13955,221.979,87.6179],"timeVisible":6.06167,"tipPosition":[0.9829,214.037,84.5193],"tipVelocity":[8.76695,4.00746,-4.31387],"tool":false,"touchDistance":0.313665,"touchZone":"hovering","type":1,"width":14.572},{"bases":[[[0.778753,-0.119591,-0.615826],[0.578083,0.518068,0.630418],[0.243647,-0.846938,0.47258]],[[0.762742,-0.0685903,-0.643055],[-0.19904,0.921194,-0.334343],[0.615311,0.383011,0.688981]],[[0.762742,-0.0685903,-0.643055],[-0.634832,-0.269062,-0.724289],[-0.123342,0.960677,-0.248768]],[[0.762742,-0.0685903,-0.643055],[-0.434475,-0.790876,-0.430983],[-0.479016,0.608121,-0.633035]]],"btipPosition":[29.8982,136.709,107.584],"carpPosition":[56.602,133.165,144.84],"dipPosition":[23.0186,145.443,98.4928],"direction":[0.123342,-0.960678,0.248768],"extended":false,"handId":60,"id":602,"length":51.2108,"mcpPosition":[43.0048,180.43,118.467],"pipPosition":[20.338,166.321,93.0863],"stabilizedTipPosition":[29.2912,138.26,107.17],"timeVisible":6.06167,"tipPosition":[24.4189,139.62,100.817],"tipVelocity":[3.74855,1.59775,-4.93069],"tool":false,"touchDistance":0.591557,"touchZone":"none","type":2,"width":14.3116},{"bases":[[[0.760311,-0.281633,-0.585329],[0.639716,0.480937,0.599552],[0.112652,-0.830291,0.545827]],[[0.752188,-0.231339,-0.617006],[-0.112393,0.877586,-0.466058],[0.649293,0.419911,0.634109]],[[0.752188,-0.231339,-0.617006],[-0.658943,-0.260282,-0.705724],[0.00266626,0.937409,-0.34822]],[[0.752188,-0.231339,-0.617006],[-0.497791,-0.813009,-0.302026],[-0.431761,0.534321,-0.726694]]],"btipPosition":[42.7665,132.712,107.71],"carpPosition":[64.4735,132.925,138.962],"dipPosition":[36.6011,140.341,97.3328],"direction":[-0.00266626,-0.937409,0.34822],"extended":false,"handId":60,"id":603,"length":49.2406,"mcpPosition":[58.829,174.527,111.613],"pipPosition":[36.6576,160.188,89.9604],"stabilizedTipPosition":[40.5875,135.225,105.29],"timeVisible":6.06167,"tipPosition":[36.3981,132.353,100.191],"tipVelocity":[4.89445,1.00613,-2.36528],"tool":false,"touchDistance":0.588717,"touchZone":"none","type":3,"width":13.6184},{"bases":[[[0.652018,-0.451405,-0.609185],[0.757607,0.356022,0.547065],[-0.0300649,-0.818219,0.57412]],[[0.650928,-0.350208,-0.673533],[0.00550596,0.889387,-0.457121],[0.759119,0.293845,0.580856]],[[0.650928,-0.350208,-0.673533],[-0.739603,-0.0925741,-0.666646],[0.171113,0.932086,-0.319274]],[[0.650928,-0.350208,-0.673533],[-0.666978,-0.68754,-0.287103],[-0.362536,0.636115,-0.681121]]],"btipPosition":[53.1345,135.883,101.652],"carpPosition":[70.0363,128.186,130.233],"dipPosition":[48.3586,144.263,92.6797],"direction":[-0.171113,-0.932086,0.319274],"extended":false,"handId":60,"id":604,"length":38.6037,"mcpPosition":[71.4307,166.136,103.604],"pipPosition":[50.9164,158.196,87.9071],"stabilizedTipPosition":[51.6466,138.878,99.8055],"timeVisible":6.06167,"tipPosition":[47.0964,137.726,94.7826],"tipVelocity":[5.68061,1.23832,-1.20282],"tool":false,"touchDistance":0.493145,"touchZone":"none","type":4,"width":12.0969}],"r":[[0.98127,-0.0163963,0.191936],[-0.0417311,0.954617,0.294898],[-0.188061,-0.297385,0.936053]],"s":1.00638,"t":[30.7534,-8.27941,-34.9197],"timestamp":17399807177},{"currentFrameRate":115.243,"devices":[],"gestures":[],"hands":[{"armBasis":[[0.86939,-0.12125,-0.47902],[0.483544,0.408326,0.774245],[0.101719,-0.904748,0.413624]],"armWidth":48.9085,"confidence":1,"direction":[-0.147635,0.914656,-0.376309],"elbow":[83.8398,-89.1448,234.155],"grabAngle":2.81711,"grabStrength":0,"id":60,"palmNormal":[-0.485157,-0.398531,-0.778329],"palmPosition":[46.4076,160.523,122.117],"palmVelocity":[4.04234,0.632833,-1.05492],"palmWidth":72.7825,"pinchDistance":48.1806,"pinchStrength":0.218287,"r":[[0.981185,-0.0162637,0.192383],[-0.0419899,0.954618,0.294857],[-0.188448,-0.297387,0.935974]],"s":1.00564,"sphereCenter":[35.9523,159.663,86.1684],"sphereRadius":39.0858,"stabilizedPalmPosition":[45.4909,167.933,123.482],"t":[30.7752,-8.28413,-34.9402],"timeVisible":6.07034,"type":"right","wrist":[61.8714,106.255,144.824]}],"id":37902,"interactionBox":{"center":[0,200,0],"size":[235.247,235.247,147.751]},"pointables":[{"bases":[[[0.751945,0.507709,0.420488],[-0.419045,-0.124277,0.89942],[0.508901,-0.852518,0.119304]],[[0.524715,0.775279,0.351592],[-0.627601,0.0732643,0.77508],[0.575144,-0.627356,0.525009]],[[0.524715,0.775279,0.351592],[-0.690737,0.146352,0.708141],[0.49755,-0.61443,0.612307]],[[0.524715,0.775279,0.351592],[-0.74154,0.213427,0.636056],[0.418082,-0.594468,0.686888]]],"btipPosition":[-7.13271,169.27,94.5592],"carpPosition":[36.2754,117.576,143.764],"dipPosition":[0.345348,158.637,106.845],"direction":[-0.49755,0.61443,-0.612307],"extended":false,"handId":60,"id":600,"length":39.8308,"mcpPosition":[36.2754,117.576,143.764],"pipPosition":[13.3106,142.626,122.801],"stabilizedTipPosition":[-0.526485,164.352,89.7661],"timeVisible":6.07034,"tipPosition":[-0.776976,164.808,92.4772],"tipVelocity":[3.50347,1.0495,-2.79978],"tool":false,"touchDistance":0.456417,"touchZone":"hovering","type":0,"width":15.2554},{"bases":[[[0.82485,0.0868731,-0.558637],[0.436733,0.529561,0.727206],[0.359007,-0.843812,0.398868]],[[0.857421,-0.000440064,-0.514615],[0.369863,0.695828,0.61565],[0.357813,-0.718208,0.596781]],[[0.857421,-0.000440064,-0.514615],[0.349261,0.734928,0.58129],[0.377949,-0.678145,0.630296]],[[0.857421,-0.000440064,-0.514615],[0.221735,0.902727,0.36867],[0.464394,-0.430214,0.774115]]],"btipPosition":[2.23898,222.586,84.6548],"carpPosition":[48.1603,131.202,149.474],"dipPosition":[8.30302,216.968,94.7632],"direction":[-0.377949,0.678145,-0.630296],"extended":true,"handId":60,"id":601,"length":44.9446,"mcpPosition":[27.0334,180.859,126.002],"pipPosition":[15.2847,204.441,106.406],"stabilizedTipPosition":[4.13493,221.973,87.612],"timeVisible":6.07034,"tipPosition":[1.0487,214.067,84.4962],"tipVelocity":[8.93963,4.68727,-1.08432],"tool":false,"touchDistance":0.313508,"touchZone":"hovering","type":1,"width":14.572},{"bases":[[[0.779151,-0.119486,-0.615343],[0.577673,0.51797,0.630874],[0.243348,-0.847013,0.472601]],[[0.763157,-0.068481,-0.642575],[-0.198803,0.921264,-0.334291],[0.614873,0.382862,0.689454]],[[0.763157,-0.068481,-0.642575],[-0.63441,-0.268584,-0.724836],[-0.122948,0.960819,-0.248417]],[[0.763157,-0.068481,-0.642575],[-0.434199,-0.7908,-0.4314],[-0.478606,0.608231,-0.633239]]],"btipPosition":[29.9372,136.716,107.554],"carpPosition":[56.6226,133.167,144.833],"dipPosition":[23.0634,145.451,98.4596],"direction":[0.122948,-0.960819,0.248417],"extended":false,"handId":60,"id":602,"length":51.2108,"mcpPosition":[43.042,180.436,118.459],"pipPosition":[20.3914,166.333,93.0608],"stabilizedTipPosition":[29.2901,138.26,107.168],"timeVisible":6.07034,"tipPosition":[24.4701,139.628,100.793],"tipVelocity":[4.64553,0.836817,-3.5658],"tool":false,"touchDistance":0.591042,"touchZone":"none","type":2,"width":14.3116},{"bases":[[[0.76069,-0.281533,-0.584884],[0.639326,0.480845,0.600042],[0.112307,-0.830378,0.545765]],[[0.752587,-0.231234,-0.616558],[-0.112099,0.87766,-0.465989],[0.648881,0.419813,0.634594]],[[0.752587,-0.231234,-0.616558],[-0.658487,-0.26009,-0.706221],[0.00294145,0.937488,-0.348005]],[[0.752587,-0.231234,-0.616558],[-0.497669,-0.812866,-0.302611],[-0.431206,0.534583,-0.726831]]],"btipPosition":[42.8085,132.717,107.692],"carpPosition":[64.4979,132.928,138.96],"dipPosition":[36.6511,140.35,97.3129],"direction":[-0.00294145,-0.937488,0.348005],"extended":false,"handId":60,"id":603,"length":49.2406,"mcpPosition":[58.8708,174.534,111.615],"pipPosition":[36.7133,160.199,89.945],"stabilizedTipPosition":[40.5888,135.224,105.29],"timeVisible":6.07034,"tipPosition":[36.4487,132.363,100.172],"tipVelocity":[5.05685,0.697992,-2.13374],"tool":false,"touchDistance":0.588409,"touchZone":"none","type":3,"width":13.6184},{"bases":[[[0.652414,-0.451302,-0.608837],[0.757252,0.355939,0.54761],[-0.0304289,-0.818312,0.573968]],[[0.651365,-0.350094,-0.67317],[0.005794,0.889461,-0.456974],[0.758743,0.293757,0.581392]],[[0.651365,-0.350094,-0.67317],[-0.739182,-0.0925233,-0.66712],[0.171271,0.932134,-0.31905]],[[0.651365,-0.350094,-0.67317],[-0.666792,-0.687492,-0.287651],[-0.362094,0.63623,-0.681248]]],"btipPosition":[53.1834,135.892,101.644],"carpPosition":[70.0663,128.19,130.234],"dipPosition":[48.4133,144.273,92.6697],"direction":[-0.171271,-0.932134,0.31905],"extended":false,"handId":60,"id":604,"length":38.6037,"mcpPosition":[71.4777,166.145,103.612],"pipPosition":[50.9735,158.207,87.9005],"stabilizedTipPosition":[51.6474,138.876,99.8051],"timeVisible":6.07034,"tipPosition":[47.1495,137.736,94.7704],"tipVelocity":[5.79755,1.05705,-0.99644],"tool":false,"touchDistance":0.493001,"touchZone":"none","type":4,"width":12.0969}],"r":[[0.981185,-0.0162637,0.192383],[-0.0419899,0.954618,0.294857],[-0.188448,-0.297387,0.935974]],"s":1.00564,"t":[30.7752,-8.28413,-34.9402],"timestamp":17399815847},{"currentFrameRate":115.303,"devices":[],"gestures":[],"hands":[{"armBasis":[[0.8697,-0.12043,-0.478664],[0.48301,0.407293,0.775122],[0.101609,-0.905323,0.412391]],"armWidth":48.9085,"confidence":1,"direction":[-0.147373,0.914676,-0.376362],"elbow":[83.8331,-89.2812,233.88],"grabAngle":2.81681,"grabStrength":0,"id":60,"palmNormal":[-0.484452,-0.398501,-0.778783],"palmPosition":[46.439,160.516,122.11],"palmVelocity":[3.66384,-0.814204,-0.876575],"palmWidth":72.7825,"pinchDistance":48.2012,"pinchStrength":0.217624,"r":[[0.981083,-0.0161469,0.192911],[-0.0422618,0.954614,0.294832],[-0.188917,-0.297407,0.935874]],"s":1.00521,"sphereCenter":[36.045,159.657,86.1253],"sphereRadius":39.1091,"stabilizedPalmPosition":[45.4925,167.92,123.48],"t":[30.8017,-8.28998,-34.9542],"timeVisible":6.07892,"type":"right","wrist":[61.8885,106.243,144.815]}],"id":37903,"interactionBox":{"center":[0,200,0],"size":[235.247,235.247,147.751]},"pointables":[{"bases":[[[0.751543,0.507729,0.421183],[-0.419818,-0.124381,0.899045],[0.508858,-0.852491,0.119676]],[[0.524402,0.775248,0.352128],[-0.628002,0.072879,0.774792],[0.574993,-0.627439,0.525075]],[[0.524402,0.775248,0.352128],[-0.691105,0.145965,0.707861],[0.497369,-0.614561,0.612322]],[[0.524402,0.775248,0.352128],[-0.741816,0.212956,0.635892],[0.417986,-0.594677,0.686766]]],"btipPosition":[-7.10459,169.271,94.5385],"carpPosition":[36.2911,117.567,143.744],"dipPosition":[0.371754,158.634,106.822],"direction":[-0.497369,0.614561,-0.612322],"extended":false,"handId":60,"id":600,"length":39.8308,"mcpPosition":[36.2911,117.567,143.744],"pipPosition":[13.3323,142.62,122.778],"stabilizedTipPosition":[-0.531846,164.355,89.7745],"timeVisible":6.07892,"tipPosition":[-0.732654,164.805,92.4423],"tipVelocity":[3.23468,0.0168408,-2.47286],"tool":false,"touchDistance":0.456064,"touchZone":"hovering","type":0,"width":15.2554},{"bases":[[[0.825329,0.0869777,-0.557912],[0.436063,0.529532,0.727629],[0.35872,-0.843819,0.399111]],[[0.857988,-0.000710886,-0.513669],[0.369595,0.695327,0.616377],[0.35673,-0.718694,0.596845]],[[0.857988,-0.000710886,-0.513669],[0.349108,0.734356,0.582103],[0.376803,-0.678764,0.630317]],[[0.857988,-0.000710886,-0.513669],[0.222014,0.902285,0.369583],[0.463213,-0.43114,0.774307]]],"btipPosition":[2.33773,222.616,84.6271],"carpPosition":[48.17,131.193,149.466],"dipPosition":[8.38635,216.987,94.738],"direction":[-0.376803,0.678764,-0.630317],"extended":true,"handId":60,"id":601,"length":44.9446,"mcpPosition":[27.06,180.85,125.979],"pipPosition":[15.3469,204.448,106.382],"stabilizedTipPosition":[4.13067,221.966,87.6051],"timeVisible":6.07892,"tipPosition":[1.11821,214.086,84.4625],"tipVelocity":[11.1063,3.26455,-3.16313],"tool":false,"touchDistance":0.313056,"touchZone":"hovering","type":1,"width":14.572},{"bases":[[[0.779694,-0.11938,-0.614675],[0.577087,0.517959,0.631418],[0.242998,-0.847034,0.472742]],[[0.76372,-0.0683739,-0.641917],[-0.198698,0.921202,-0.334523],[0.614208,0.383029,0.689954]],[[0.76372,-0.0683739,-0.641917],[-0.633795,-0.268303,-0.725478],[-0.122625,0.960905,-0.248244]],[[0.76372,-0.0683739,-0.641917],[-0.433814,-0.790736,-0.431904],[-0.478056,0.608326,-0.633562]]],"btipPosition":[29.9799,136.699,107.528],"carpPosition":[56.6362,133.159,144.832],"dipPosition":[23.114,145.436,98.4286],"direction":[0.122625,-0.960905,0.248244],"extended":false,"handId":60,"id":602,"length":51.2108,"mcpPosition":[43.0752,180.43,118.45],"pipPosition":[20.449,166.319,93.0335],"stabilizedTipPosition":[29.2889,138.261,107.165],"timeVisible":6.07892,"tipPosition":[24.5241,139.621,100.768],"tipVelocity":[5.20096,-1.86739,-3.19818],"tool":false,"touchDistance":0.590585,"touchZone":"none","type":2,"width":14.3116},{"bases":[[[0.761218,-0.281431,-0.584246],[0.63877,0.480841,0.600637],[0.111891,-0.830415,0.545795]],[[0.753139,-0.23113,-0.615923],[-0.111757,0.877691,-0.466014],[0.6483,0.419807,0.635193]],[[0.753139,-0.23113,-0.615923],[-0.657854,-0.260035,-0.706831],[0.00320827,0.937529,-0.347892]],[[0.753139,-0.23113,-0.615923],[-0.497417,-0.812792,-0.303225],[-0.430533,0.534741,-0.727113]]],"btipPosition":[42.8526,132.709,107.677],"carpPosition":[64.5167,132.92,138.966],"dipPosition":[36.7048,140.344,97.2945],"direction":[-0.00320827,-0.937529,0.347892],"extended":false,"handId":60,"id":603,"length":49.2406,"mcpPosition":[58.9103,174.529,111.619],"pipPosition":[36.7727,160.194,89.929],"stabilizedTipPosition":[40.5904,135.223,105.29],"timeVisible":6.07892,"tipPosition":[36.502,132.357,100.154],"tipVelocity":[5.40716,-0.890387,-1.77798],"tool":false,"touchDistance":0.588155,"touchZone":"none","type":3,"width":13.6184},{"bases":[[[0.652975,-0.451205,-0.608307],[0.75675,0.355948,0.548298],[-0.0308694,-0.818361,0.573875]],[[0.651974,-0.349993,-0.672632],[0.00612776,0.889499,-0.456896],[0.758216,0.293763,0.582075]],[[0.651974,-0.349993,-0.672632],[-0.738613,-0.0926155,-0.667737],[0.171407,0.932163,-0.318892]],[[0.651974,-0.349993,-0.672632],[-0.66648,-0.687539,-0.288262],[-0.361572,0.636235,-0.681521]]],"btipPosition":[53.2358,135.887,101.642],"carpPosition":[70.093,128.184,130.244],"dipPosition":[48.4726,144.269,92.6636],"direction":[-0.171407,-0.932163,0.318892],"extended":false,"handId":60,"id":604,"length":38.6037,"mcpPosition":[71.5248,166.141,103.627],"pipPosition":[51.0348,158.203,87.8968],"stabilizedTipPosition":[51.6484,138.874,99.8046],"timeVisible":6.07892,"tipPosition":[47.2069,137.731,94.7623],"tipVelocity":[6.29665,-0.504911,-0.386737],"tool":false,"touchDistance":0.492945,"touchZone":"none","type":4,"width":12.0969}],"r":[[0.981083,-0.0161469,0.192911],[-0.0422618,0.954614,0.294832],[-0.188917,-0.297407,0.935874]],"s":1.00521,"t":[30.8017,-8.28998,-34.9542],"timestamp":17399824419},{"currentFrameRate":115.247,"devices":[],"gestures":[],"hands":[{"armBasis":[[0.869805,-0.119961,-0.478591],[0.482901,0.405981,0.775877],[0.101224,-0.905974,0.411054]],"armWidth":48.9085,"confidence":1,"direction":[-0.147462,0.914532,-0.376678],"elbow":[83.7911,-89.4124,233.592],"grabAngle":2.81656,"grabStrength":0,"id":60,"palmNormal":[-0.484069,-0.398844,-0.778846],"palmPosition":[46.4789,160.522,122.105],"palmVelocity":[4.55487,0.655192,-0.611549],"palmWidth":72.7825,"pinchDistance":48.2204,"pinchStrength":0.216524,"r":[[0.980988,-0.0159938,0.193406],[-0.042548,0.954626,0.294754],[-0.189345,-0.297379,0.935796]],"s":1.00502,"sphereCenter":[36.1216,159.652,86.1002],"sphereRadius":39.1274,"stabilizedPalmPosition":[45.4944,167.906,123.477],"t":[30.835,-8.29004,-34.9639],"timeVisible":6.08769,"type":"right","wrist":[61.9296,106.252,144.816]}],"id":37904,"interactionBox":{"center":[0,200,0],"size":[235.247,235.247,147.751]},"pointables":[{"bases":[[[0.751263,0.508035,0.421312],[-0.420116,-0.124227,0.898927],[0.509025,-0.852331,0.120106]],[[0.524163,0.77541,0.352126],[-0.628073,0.0727411,0.774747],[0.575132,-0.627254,0.525143]],[[0.524163,0.77541,0.352126],[-0.691154,0.145759,0.707856],[0.497553,-0.614405,0.612329]],[[0.524163,0.77541,0.352126],[-0.741774,0.212577,0.636067],[0.418359,-0.594601,0.686604]]],"btipPosition":[-7.07898,169.268,94.5417],"carpPosition":[36.3337,117.576,143.747],"dipPosition":[0.404039,158.632,106.823],"direction":[-0.497553,0.614405,-0.612329],"extended":false,"handId":60,"id":600,"length":39.8308,"mcpPosition":[36.3337,117.576,143.747],"pipPosition":[13.3694,142.622,122.779],"stabilizedTipPosition":[-0.538448,164.359,89.7849],"timeVisible":6.08769,"tipPosition":[-0.694362,164.796,92.4306],"tipVelocity":[3.09488,-0.348323,0.291881],"tool":false,"touchDistance":0.456106,"touchZone":"hovering","type":0,"width":15.2554},{"bases":[[[0.825512,0.0870218,-0.557636],[0.435667,0.529848,0.727637],[0.358783,-0.843616,0.399484]],[[0.858283,-0.000981192,-0.513176],[0.369535,0.695058,0.616716],[0.356082,-0.718953,0.596919]],[[0.858283,-0.000981192,-0.513176],[0.349124,0.734031,0.582504],[0.376115,-0.679115,0.630349]],[[0.858283,-0.000981192,-0.513176],[0.222395,0.901926,0.370229],[0.462483,-0.431889,0.774326]]],"btipPosition":[2.41474,222.643,84.6056],"carpPosition":[48.2072,131.207,149.469],"dipPosition":[8.45383,217.004,94.7167],"direction":[-0.376115,0.679115,-0.630349],"extended":true,"handId":60,"id":601,"length":44.9446,"mcpPosition":[27.0935,180.852,125.961],"pipPosition":[15.4017,204.459,106.361],"stabilizedTipPosition":[4.12671,221.958,87.5969],"timeVisible":6.08769,"tipPosition":[1.16866,214.097,84.4346],"tipVelocity":[8.52975,2.80524,-2.44995],"tool":false,"touchDistance":0.312698,"touchZone":"hovering","type":1,"width":14.572},{"bases":[[[0.779948,-0.119364,-0.614356],[0.576729,0.518283,0.63148],[0.243034,-0.846839,0.473074]],[[0.763971,-0.0683691,-0.641618],[-0.199187,0.920817,-0.33529],[0.613737,0.383954,0.68986]],[[0.763971,-0.0683691,-0.641618],[-0.633452,-0.268755,-0.72561],[-0.122829,0.960779,-0.24863]],[[0.763971,-0.0683691,-0.641618],[-0.433416,-0.791024,-0.431777],[-0.478015,0.607953,-0.633952]]],"btipPosition":[30.0375,136.677,107.533],"carpPosition":[56.6746,133.174,144.839],"dipPosition":[23.1722,145.409,98.4282],"direction":[0.122829,-0.960779,0.24863],"extended":false,"handId":60,"id":602,"length":51.2108,"mcpPosition":[43.1116,180.433,118.438],"pipPosition":[20.5028,166.289,93.0247],"stabilizedTipPosition":[29.2874,138.262,107.162],"timeVisible":6.08769,"tipPosition":[24.5829,139.614,100.767],"tipVelocity":[6.5799,-2.66,0.44421],"tool":false,"touchDistance":0.590649,"touchZone":"none","type":2,"width":14.3116},{"bases":[[[0.761501,-0.28141,-0.583887],[0.638432,0.481171,0.600732],[0.111897,-0.830231,0.546073]],[[0.753421,-0.23112,-0.615582],[-0.111803,0.87753,-0.466307],[0.647964,0.420149,0.635309]],[[0.753421,-0.23112,-0.615582],[-0.657532,-0.260446,-0.70698],[0.00307171,0.937418,-0.348194]],[[0.753421,-0.23112,-0.615582],[-0.497128,-0.812973,-0.303213],[-0.430373,0.53447,-0.727407]]],"btipPosition":[42.905,132.709,107.679],"carpPosition":[64.5573,132.936,138.975],"dipPosition":[36.7595,140.341,97.2921],"direction":[-0.00307171,-0.937418,0.348194],"extended":false,"handId":60,"id":603,"length":49.2406,"mcpPosition":[58.9506,174.535,111.614],"pipPosition":[36.8245,160.188,89.9202],"stabilizedTipPosition":[40.5923,135.221,105.29],"timeVisible":6.08769,"tipPosition":[36.5572,132.354,100.154],"tipVelocity":[6.0327,-0.0588842,0.0942161],"tool":false,"touchDistance":0.588169,"touchZone":"none","type":3,"width":13.6184},{"bases":[[[0.653308,-0.451218,-0.607939],[0.756462,0.356292,0.548472],[-0.0308769,-0.818204,0.574098]],[[0.652306,-0.350024,-0.672294],[0.00607499,0.88937,-0.457149],[0.757931,0.294117,0.582268]],[[0.652306,-0.350024,-0.672294],[-0.738381,-0.0931792,-0.667916],[0.171143,0.932095,-0.319233]],[[0.652306,-0.350024,-0.672294],[-0.666143,-0.687895,-0.288191],[-0.361594,0.635833,-0.681885]]],"btipPosition":[53.293,135.891,101.649],"carpPosition":[70.1379,128.198,130.257],"dipPosition":[48.5296,144.267,92.6657],"direction":[-0.171143,-0.932095,0.319233],"extended":false,"handId":60,"id":604,"length":38.6037,"mcpPosition":[71.5701,166.148,103.629],"pipPosition":[51.0879,158.2,87.8938],"stabilizedTipPosition":[51.6497,138.872,99.8041],"timeVisible":6.08769,"tipPosition":[47.264,137.729,94.7652],"tipVelocity":[6.52049,0.248619,0.656595],"tool":false,"touchDistance":0.493041,"touchZone":"none","type":4,"width":12.0969}],"r":[[0.980988,-0.0159938,0.193406],[-0.042548,0.954626,0.294754],[-0.189345,-0.297379,0.935796]],"s":1.00502,"t":[30.835,-8.29004,-34.9639],"timestamp":17399833191},{"currentFrameRate":115.237,"devices":[],"gestures":[],"hands":[{"armBasis":[[0.870453,-0.119088,-0.477629],[0.481844,0.404593,0.777259],[0.100683,-0.90671,0.409561]],"armWidth":48.9085,"confidence":1,"direction":[-0.147366,0.914599,-0.376553],"elbow":[83.7157,-89.5783,233.287],"grabAngle":2.81635,"grabStrength":0,"id":60,"palmNormal":[-0.48279,-0.39879,-0.779667],"palmPosition":[46.53,160.522,122.131],"palmVelocity":[5.8792,-0.0640813,3.07172],"palmWidth":72.7825,"pinchDistance":48.244,"pinchStrength":0.215451,"r":[[0.980859,-0.015793,0.194075],[-0.0429494,0.954609,0.294748],[-0.189921,-0.297442,0.935659]],"s":1.00502,"sphereCenter":[36.2425,159.662,86.0949],"sphereRadius":39.1481,"stabilizedPalmPosition":[45.4964,167.892,123.475],"t":[30.8772,-8.29034,-34.9554],"timeVisible":6.09638,"type":"right","wrist":[61.9711,106.246,144.834]}],"id":37905,"interactionBox":{"center":[0,200,0],"size":[235.247,235.247,147.751]},"pointables":[{"bases":[[[0.750433,0.508236,0.422547],[-0.421314,-0.12475,0.898294],[0.509258,-0.852135,0.12051]],[[0.523368,0.775475,0.353162],[-0.628803,0.0717777,0.774244],[0.575058,-0.627285,0.525188]],[[0.523368,0.775475,0.353162],[-0.691791,0.144707,0.70745],[0.497505,-0.614571,0.612202]],[[0.523368,0.775475,0.353162],[-0.742304,0.211412,0.635838],[0.418414,-0.594931,0.686285]]],"btipPosition":[-7.03464,169.266,94.546],"carpPosition":[36.3748,117.563,143.744],"dipPosition":[0.449357,158.625,106.821],"direction":[-0.497505,0.614571,-0.612202],"extended":false,"handId":60,"id":600,"length":39.8308,"mcpPosition":[36.3748,117.563,143.744],"pipPosition":[13.4134,142.61,122.774],"stabilizedTipPosition":[-0.546067,164.362,89.797],"timeVisible":6.09638,"tipPosition":[-0.622927,164.792,92.4132],"tipVelocity":[5.1254,-0.35398,0.3327],"tool":false,"touchDistance":0.456155,"touchZone":"hovering","type":0,"width":15.2554},{"bases":[[[0.82625,0.0876127,-0.556449],[0.434398,0.52979,0.728437],[0.358621,-0.843591,0.39968]],[[0.859093,-0.000679964,-0.511819],[0.368689,0.694432,0.617925],[0.355004,-0.719558,0.596833]],[[0.859093,-0.000679964,-0.511819],[0.348311,0.733493,0.583668],[0.375019,-0.679697,0.630375]],[[0.859093,-0.000679964,-0.511819],[0.222029,0.901502,0.371479],[0.461154,-0.432773,0.774625]]],"btipPosition":[2.52391,222.674,84.6109],"carpPosition":[48.2338,131.197,149.488],"dipPosition":[8.54564,217.023,94.726],"direction":[-0.375019,0.679697,-0.630375],"extended":true,"handId":60,"id":601,"length":44.9446,"mcpPosition":[27.1297,180.841,125.967],"pipPosition":[15.4732,204.467,106.371],"stabilizedTipPosition":[4.12373,221.95,87.5879],"timeVisible":6.09638,"tipPosition":[1.25651,214.114,84.4261],"tipVelocity":[12.0974,3.26734,0.721634],"tool":false,"touchDistance":0.312802,"touchZone":"hovering","type":1,"width":14.572},{"bases":[[[0.780863,-0.118774,-0.613308],[0.5756,0.518326,0.632474],[0.242772,-0.846895,0.473107]],[[0.7649,-0.0677768,-0.640573],[-0.199289,0.920759,-0.335391],[0.612545,0.3842,0.690781]],[[0.7649,-0.0677768,-0.640573],[-0.632312,-0.268771,-0.726597],[-0.122921,0.960816,-0.248439]],[[0.7649,-0.0677768,-0.640573],[-0.432537,-0.790946,-0.4328],[-0.477325,0.608121,-0.634311]]],"btipPosition":[30.1204,136.664,107.529],"carpPosition":[56.7068,133.17,144.87],"dipPosition":[23.265,145.398,98.4193],"direction":[0.122921,-0.960817,0.248439],"extended":false,"handId":60,"id":602,"length":51.2108,"mcpPosition":[43.1584,180.433,118.467],"pipPosition":[20.5935,166.279,93.02],"stabilizedTipPosition":[29.2858,138.262,107.158],"timeVisible":6.09638,"tipPosition":[24.6763,139.61,100.759],"tipVelocity":[9.7916,-1.44302,-0.567078],"tool":false,"touchDistance":0.590567,"touchZone":"none","type":2,"width":14.3116},{"bases":[[[0.76245,-0.28084,-0.582923],[0.637364,0.481254,0.601799],[0.111525,-0.830376,0.545929]],[[0.75439,-0.230542,-0.61461],[-0.111565,0.877646,-0.466145],[0.646876,0.420224,0.636367]],[[0.75439,-0.230542,-0.61461],[-0.656419,-0.260639,-0.707942],[0.003019,0.937506,-0.347956]],[[0.75439,-0.230542,-0.61461],[-0.496301,-0.813122,-0.304169],[-0.429629,0.534494,-0.727829]]],"btipPosition":[42.9918,132.713,107.693],"carpPosition":[64.5978,132.937,139.018],"dipPosition":[36.8569,140.346,97.3002],"direction":[-0.003019,-0.937506,0.347956],"extended":false,"handId":60,"id":603,"length":49.2406,"mcpPosition":[59.0098,174.544,111.663],"pipPosition":[36.9208,160.194,89.9333],"stabilizedTipPosition":[40.5947,135.219,105.29],"timeVisible":6.09638,"tipPosition":[36.6534,132.357,100.158],"tipVelocity":[10.2661,0.507547,1.46164],"tool":false,"touchDistance":0.588381,"touchZone":"none","type":3,"width":13.6184},{"bases":[[[0.654371,-0.45069,-0.607188],[0.755526,0.356449,0.549659],[-0.0312942,-0.818427,0.573758]],[[0.653412,-0.349473,-0.671507],[0.00629514,0.889538,-0.456818],[0.756977,0.294263,0.583434]],[[0.653412,-0.349473,-0.671507],[-0.737464,-0.0936263,-0.668865],[0.17088,0.932257,-0.318901]],[[0.653412,-0.349473,-0.671507],[-0.665329,-0.688256,-0.28921],[-0.361097,0.635746,-0.682229]]],"btipPosition":[53.3905,135.903,101.68],"carpPosition":[70.1929,128.206,130.305],"dipPosition":[48.6336,144.278,92.6931],"direction":[-0.17088,-0.932257,0.318901],"extended":false,"handId":60,"id":604,"length":38.6037,"mcpPosition":[71.6444,166.166,103.693],"pipPosition":[51.1879,158.214,87.9261],"stabilizedTipPosition":[51.6514,138.869,99.8036],"timeVisible":6.09638,"tipPosition":[47.3665,137.739,94.7872],"tipVelocity":[11.3836,1.43426,3.55193],"tool":false,"touchDistance":0.493556,"touchZone":"none","type":4,"width":12.0969}],"r":[[0.980859,-0.015793,0.194075],[-0.0429494,0.954609,0.294748],[-0.189921,-0.297442,0.935659]],"s":1.00502,"t":[30.8772,-8.29034,-34.9554],"timestamp":17399841885},{"cur