{"frames":63,"data":[{"currentFrameRate":109.278,"devices":[],"gestures":[],"hands":[{"armBasis":[[-0.968514,0.00679054,0.248865],[-0.0637678,-0.973047,-0.221616],[0.240653,-0.230507,0.942843]],"armWidth":50.2901,"confidence":1,"direction":[0.0559624,-0.0124687,-0.998355],"elbow":[39.9123,35.6155,264.693],"grabAngle":0.371481,"grabStrength":0,"id":109,"palmNormal":[0.0787362,0.996863,-0.00803651],"palmPosition":[-5.45896,90.3867,-1.9418],"palmVelocity":[8.03954,14.0946,6.8831],"palmWidth":73.6858,"pinchDistance":41.559,"pinchStrength":0,"r":[[0.909628,-0.117206,0.398546],[0.301695,0.8459,-0.439811],[-0.285581,0.520304,0.804815]],"s":0.811811,"sphereCenter":[7.70666,245.065,-1.79339],"sphereRadius":155.928,"stabilizedPalmPosition":[-5.89936,90.6957,-2.5446],"t":[21.7577,-5.73549,-26.6434],"timeVisible":3.64223,"type":"right","wrist":[-12.675,85.9858,58.6632]}],"id":72754,"interactionBox":{"center":[0,200,0],"size":[235.247,235.247,147.751]},"pointables":[{"bases":[[[-0.460019,-0.862604,-0.210467],[0.743978,-0.503845,0.438904],[-0.484643,0.0453213,0.873537]],[[-0.381751,-0.859586,-0.339673],[0.742024,-0.504145,0.441858],[-0.551059,-0.0833654,0.830292]],[[-0.381751,-0.859586,-0.339673],[0.918185,-0.394786,-0.0328726],[-0.105841,-0.324431,0.939969]],[[-0.381751,-0.859586,-0.339673],[0.852794,-0.185878,-0.488049],[0.356382,-0.475984,0.804009]]],"btipPosition":[27.7132,115.726,-28.232],"carpPosition":[9.17729,94.873,45.3725],"dipPosition":[34.2822,106.953,-13.4123],"direction":[0.105841,0.324431,-0.939969],"extended":false,"handId":109,"id":1090,"length":41.046,"mcpPosition":[9.17729,94.873,45.3725],"pipPosition":[31.44,98.241,11.8289],"stabilizedTipPosition":[28.7673,114.126,-25.1114],"timeVisible":3.64223,"tipPosition":[27.7938,121.458,-22.777],"tipVelocity":[22.4434,1.60335,11.4275],"tool":false,"touchDistance":0.173751,"touchZone":"hovering","type":0,"width":15.8034},{"bases":[[[-0.971797,0.0749539,-0.223588],[-0.0448913,-0.989604,-0.136633],[-0.231505,-0.122742,0.965059]],[[-0.998691,0.0410988,0.0304536],[-0.048924,-0.941258,-0.334127],[0.0149325,-0.335179,0.942036]],[[-0.998691,0.0410988,0.0304536],[-0.0506007,-0.88094,-0.470515],[0.00749026,-0.47144,0.881867]],[[-0.998691,0.0410988,0.0304536],[-0.0509552,-0.851503,-0.521868],[0.00448324,-0.522736,0.852483]]],"btipPosition":[14.9951,114.158,-81.1125],"carpPosition":[1.91054,79.4953,36.5181],"dipPosition":[15.0554,107.124,-69.6412],"direction":[-0.00749026,0.47144,-0.881867],"extended":true,"handId":109,"id":1091,"length":46.3159,"mcpPosition":[15.7032,86.8081,-20.9785],"pipPosition":[15.198,98.1494,-52.8537],"stabilizedTipPosition":[14.5494,113.204,-80.4084],"timeVisible":3.64223,"tipPosition":[16.8229,109.408,-82.4809],"tipVelocity":[3.71181,9.32373,5.85753],"tool":false,"touchDistance":0.32121,"touchZone":"hovering","type":1,"width":15.0954},{"bases":[[[-0.972153,0.22528,-0.0645592],[-0.213611,-0.96514,-0.151245],[-0.0963811,-0.133243,0.986386]],[[-0.974258,0.22188,-0.0398896],[-0.203298,-0.941187,-0.269885],[-0.0974255,-0.254828,0.962066]],[[-0.974258,0.22188,-0.0398896],[-0.187737,-0.896489,-0.401326],[-0.124807,-0.383507,0.915066]],[[-0.974258,0.22188,-0.0398896],[-0.174926,-0.855657,-0.487086],[-0.142206,-0.467569,0.872443]]],"btipPosition":[6.42768,111.64,-91.9941],"carpPosition":[-7.61616,78.9292,33.6645],"dipPosition":[4.32299,104.72,-79.0817],"direction":[0.124807,0.383507,-0.915066],"extended":true,"handId":109,"id":1092,"length":52.7732,"mcpPosition":[-2.17065,86.4574,-22.066],"pipPosition":[1.52781,96.1312,-58.5879],"stabilizedTipPosition":[5.21753,110.226,-90.5737],"timeVisible":3.64223,"tipPosition":[6.87173,108.852,-92.2996],"tipVelocity":[6.18247,16.9825,7.92238],"tool":false,"touchDistance":0.321342,"touchZone":"hovering","type":2,"width":14.8257},{"bases":[[[-0.956853,0.275328,0.0928856],[-0.285484,-0.950334,-0.12395],[0.0541456,-0.145119,0.987932]],[[-0.954715,0.293308,-0.0498988],[-0.27135,-0.92718,-0.258277],[-0.12202,-0.233041,0.964781]],[[-0.954715,0.293308,-0.0498988],[-0.256005,-0.895308,-0.364535],[-0.151596,-0.335253,0.929852]],[[-0.954715,0.293308,-0.0498988],[-0.243682,-0.867096,-0.434468],[-0.1707,-0.402634,0.899304]]],"btipPosition":[-9.95477,109.345,-85.3282],"carpPosition":[-17.3212,80.5434,32.2572],"dipPosition":[-12.4667,103.42,-72.0947],"direction":[0.151596,0.335253,-0.929852],"extended":true,"handId":109,"id":1093,"length":50.7429,"mcpPosition":[-20.0679,87.9049,-17.8579],"pipPosition":[-15.7741,96.1054,-51.8075],"stabilizedTipPosition":[-11.1621,107.713,-83.2947],"timeVisible":3.64223,"tipPosition":[-10.9408,109.814,-84.2458],"tipVelocity":[8.84751,22.6627,10.1264],"tool":false,"touchDistance":0.303056,"touchZone":"hovering","type":3,"width":14.1076},{"bases":[[[-0.883743,0.409894,0.225798],[-0.424922,-0.905004,-0.0202223],[0.19606,-0.113818,0.973964]],[[-0.903468,0.425382,-0.0528761],[-0.410419,-0.894022,-0.179669],[-0.1237,-0.140623,0.982305]],[[-0.903468,0.425382,-0.0528761],[-0.385908,-0.860857,-0.331663],[-0.186602,-0.279242,0.941915]],[[-0.903468,0.425382,-0.0528761],[-0.371367,-0.83835,-0.399068],[-0.214085,-0.340909,0.915395]]],"btipPosition":[-26.5007,105.54,-66.4768],"carpPosition":[-26.5198,87.3501,33.5503],"dipPosition":[-29.407,100.912,-54.0499],"direction":[0.186602,0.279242,-0.941915],"extended":true,"handId":109,"id":1094,"length":39.7815,"mcpPosition":[-35.7263,92.6947,-12.1849],"pipPosition":[-32.2814,96.6109,-39.5405],"stabilizedTipPosition":[-27.8116,103.858,-64.4849],"timeVisible":3.64223,"tipPosition":[-28.5199,109.051,-64.185],"tipVelocity":[6.76921,26.9781,10.6316],"tool":false,"touchDistance":0.240498,"touchZone":"hovering","type":4,"width":12.5314}],"r":[[0.909628,-0.117206,0.398546],[0.301695,0.8459,-0.439811],[-0.285581,0.520304,0.804815]],"s":0.811811,"t":[21.7577,-5.73549,-26.6434],"timestamp":17707335371},{"currentFrameRate":109.521,"devices":[],"gestures":[],"hands":[{"armBasis":[[-0.968127,0.00740131,0.250352],[-0.0645729,-0.973148,-0.220938],[0.241994,-0.230061,0.942608]],"armWidth":50.3335,"confidence":1,"direction":[0.0566033,-0.0108037,-0.998338],"elbow":[40.2952,35.735,264.807],"grabAngle":0.369419,"grabStrength":0,"id":109,"palmNormal":[0.0795302,0.996813,-0.006278],"palmPosition":[-5.37306,90.52,-1.92672],"palmVelocity":[9.8762,15.3352,1.73441],"palmWidth":73.7338,"pinchDistance":41.6417,"pinchStrength":0,"r":[[0.909459,-0.118197,0.39864],[0.302534,0.845803,-0.43942],[-0.285233,0.520237,0.804982]],"s":0.811595,"sphereCenter":[8.10413,246.162,-1.39042],"sphereRadius":156.936,"stabilizedPalmPosition":[-5.87662,90.6881,-2.5179],"t":[21.8332,-5.62294,-26.6066],"timeVisible":3.65093,"type":"right","wrist":[-12.6174,86.0384,58.7033]}],"id":72755,"interactionBox":{"center":[0,200,0],"size":[235.247,235.247,147.751]},"pointables":[{"bases":[[[-0.460564,-0.861878,-0.212243],[0.743293,-0.505185,0.438524],[-0.485176,0.0442096,0.873298]],[[-0.382719,-0.85878,-0.340621],[0.740516,-0.505609,0.442713],[-0.552415,-0.0828009,0.829447]],[[-0.382719,-0.85878,-0.340621],[0.917597,-0.396218,-0.0320513],[-0.107435,-0.32482,0.939654]],[[-0.382719,-0.85878,-0.340621],[0.853515,-0.187551,-0.486145],[0.353608,-0.476782,0.804761]]],"btipPosition":[27.9443,115.768,-28.1483],"carpPosition":[9.24478,94.9165,45.4335],"dipPosition":[34.4598,106.983,-13.32],"direction":[0.107435,0.32482,-0.939654],"extended":false,"handId":109,"id":1090,"length":41.0313,"mcpPosition":[9.24478,94.9165,45.4335],"pipPosition":[31.5758,98.2637,11.9036],"stabilizedTipPosition":[28.8234,114.094,-25.0803],"timeVisible":3.65093,"tipPosition":[27.9325,121.525,-22.7067],"tipVelocity":[25.155,4.46874,9.84915],"tool":false,"touchDistance":0.175179,"touchZone":"hovering","type":0,"width":15.8189},{"bases":[[[-0.971592,0.0761066,-0.224092],[-0.0455852,-0.989333,-0.138356],[-0.232231,-0.124211,0.964697]],[[-0.998644,0.0416465,0.0312326],[-0.0496954,-0.941347,-0.333762],[0.0155007,-0.334861,0.94214]],[[-0.998644,0.0416465,0.0312326],[-0.0514378,-0.881679,-0.469037],[0.00800337,-0.470008,0.882626]],[[-0.998644,0.0416465,0.0312326],[-0.0518231,-0.852132,-0.520754],[0.00492674,-0.521666,0.853135]]],"btipPosition":[15.0687,114.243,-81.1065],"carpPosition":[1.9666,79.55,36.5452],"dipPosition":[15.135,107.226,-69.6305],"direction":[-0.00800337,0.470008,-0.882626],"extended":true,"handId":109,"id":1091,"length":46.2993,"mcpPosition":[15.8116,86.9551,-20.9674],"pipPosition":[15.2873,98.2816,-52.8347],"stabilizedTipPosition":[14.5584,113.194,-80.3758],"timeVisible":3.65093,"tipPosition":[16.953,109.699,-82.3699],"tipVelocity":[8.62529,10.203,0.809869],"tool":false,"touchDistance":0.321327,"touchZone":"hovering","type":1,"width":15.1102},{"bases":[[[-0.971932,0.22616,-0.0648057],[-0.214276,-0.96471,-0.153037],[-0.0971295,-0.134855,0.986093]],[[-0.974084,0.222664,-0.0397521],[-0.204022,-0.940834,-0.270566],[-0.0976453,-0.255443,0.96188]],[[-0.974084,0.222664,-0.0397521],[-0.188598,-0.896592,-0.40069],[-0.124861,-0.382809,0.915351]],[[-0.974084,0.222664,-0.0397521],[-0.175752,-0.85574,-0.486641],[-0.142375,-0.467043,0.872697]]],"btipPosition":[6.53455,111.794,-91.9739],"carpPosition":[-7.56411,78.996,33.6826],"dipPosition":[4.42812,104.884,-79.0624],"direction":[0.124861,0.382809,-0.915351],"extended":true,"handId":109,"id":1092,"length":52.7543,"mcpPosition":[-2.07274,86.6203,-22.0678],"pipPosition":[1.63273,96.3139,-58.5695],"stabilizedTipPosition":[5.24106,110.226,-90.5294],"timeVisible":3.65093,"tipPosition":[7.02249,109.14,-92.2162],"tipVelocity":[12.2424,17.9539,2.30341],"tool":false,"touchDistance":0.321676,"touchZone":"hovering","type":2,"width":14.8402},{"bases":[[[-0.956695,0.275926,0.0927346],[-0.286155,-0.949894,-0.125763],[0.0533867,-0.146853,0.987717]],[[-0.954432,0.294172,-0.0502226],[-0.271962,-0.92667,-0.25946],[-0.122865,-0.233978,0.964447]],[[-0.954432,0.294172,-0.0502226],[-0.256692,-0.89508,-0.364611],[-0.152212,-0.335105,0.929804]],[[-0.954432,0.294172,-0.0502226],[-0.244265,-0.86675,-0.434833],[-0.171446,-0.402751,0.89911]]],"btipPosition":[-9.81882,109.539,-85.2967],"carpPosition":[-17.2725,80.6213,32.2706],"dipPosition":[-12.3408,103.615,-72.0709],"direction":[0.152212,0.335105,-0.929804],"extended":true,"handId":109,"id":1093,"length":50.7247,"mcpPosition":[-19.9825,88.0756,-17.8662],"pipPosition":[-15.6605,96.3061,-51.792],"stabilizedTipPosition":[-11.1224,107.737,-83.2405],"timeVisible":3.65093,"tipPosition":[-10.7837,110.082,-84.1901],"tipVelocity":[15.3649,22.3752,3.41852],"tool":false,"touchDistance":0.303552,"touchZone":"hovering","type":3,"width":14.1214},{"bases":[[[-0.883566,0.410207,0.225925],[-0.425624,-0.904631,-0.0220486],[0.195335,-0.115641,0.973895]],[[-0.903096,0.426188,-0.0527479],[-0.411021,-0.893403,-0.181362],[-0.12442,-0.142107,0.982001]],[[-0.903096,0.426188,-0.0527479],[-0.386599,-0.860327,-0.332233],[-0.186974,-0.279646,0.941721]],[[-0.903096,0.426188,-0.0527479],[-0.372081,-0.837875,-0.399401],[-0.214416,-0.341071,0.915258]]],"btipPosition":[-26.3977,105.762,-66.4509],"carpPosition":[-26.4718,87.4373,33.5699],"dipPosition":[-29.3075,101.133,-54.0304],"direction":[0.186974,0.279646,-0.941721],"extended":true,"handId":109,"id":1094,"length":39.7672,"mcpPosition":[-35.6503,92.871,-12.1918],"pipPosition":[-32.1866,96.8271,-39.5291],"stabilizedTipPosition":[-27.7566,103.92,-64.4191],"timeVisible":3.65093,"tipPosition":[-28.3743,109.294,-64.1511],"tipVelocity":[11.744,25.4471,2.81014],"tool":false,"touchDistance":0.240905,"touchZone":"hovering","type":4,"width":12.5437}],"r":[[0.909459,-0.118197,0.39864],[0.302534,0.845803,-0.43942],[-0.285233,0.520237,0.804982]],"s":0.811595,"t":[21.8332,-5.62294,-26.6066],"timestamp":17707344068},{"currentFrameRate":109.78,"devices":[],"gestures":[],"hands":[{"armBasis":[[-0.967613,0.00991797,0.252242],[-0.067302,-0.973196,-0.219908],[0.2433,-0.229763,0.942345]],"armWidth":50.3769,"confidence":1,"direction":[0.0556848,-0.00845614,-0.998413],"elbow":[40.7395,35.8022,264.912],"grabAngle":0.367744,"grabStrength":0,"id":109,"palmNormal":[0.0818585,0.996636,-0.00387557],"palmPosition":[-5.29679,90.6624,-1.93525],"palmVelocity":[8.81966,16.4648,-0.986638],"palmWidth":73.7799,"pinchDistance":41.743,"pinchStrength":0,"r":[[0.909339,-0.119613,0.398492],[0.303522,0.845802,-0.438742],[-0.284566,0.519916,0.805425]],"s":0.811685,"sphereCenter":[8.66579,247.122,-0.935699],"sphereRadius":157.815,"stabilizedPalmPosition":[-5.85009,90.687,-2.49124],"t":[21.909,-5.49547,-26.5925],"timeVisible":3.65957,"type":"right","wrist":[-12.4933,86.073,58.7319]}],"id":72756,"interactionBox":{"center":[0,200,0],"size":[235.247,235.247,147.751]},"pointables":[{"bases":[[[-0.462771,-0.860268,-0.213967],[0.7425,-0.508011,0.436599],[-0.48429,0.0431751,0.873842]],[[-0.385329,-0.85708,-0.341958],[0.73903,-0.508541,0.441838],[-0.55259,-0.0824644,0.829363]],[[-0.385329,-0.85708,-0.341958],[0.916403,-0.398911,-0.032805],[-0.108294,-0.326012,0.939142]],[[-0.385329,-0.85708,-0.341958],[0.853369,-0.189971,-0.485462],[0.351117,-0.478879,0.804606]]],"btipPosition":[28.1745,115.815,-28.1173],"carpPosition":[9.38322,94.9098,45.4535],"dipPosition":[34.642,106.994,-13.2967],"direction":[0.108294,0.326012,-0.939142],"extended":false,"handId":109,"id":1090,"length":41.018,"mcpPosition":[9.38322,94.9098,45.4535],"pipPosition":[31.7359,98.2455,11.9051],"stabilizedTipPosition":[28.8939,114.068,-25.0491],"timeVisible":3.65957,"tipPosition":[28.077,121.571,-22.6864],"tipVelocity":[25.3428,4.461,3.38052],"tool":false,"touchDistance":0.175666,"touchZone":"hovering","type":0,"width":15.834},{"bases":[[[-0.971611,0.0789358,-0.223027],[-0.0480256,-0.988877,-0.14077],[-0.231658,-0.126063,0.964594]],[[-0.9985,0.0438208,0.0328203],[-0.0522808,-0.941129,-0.333982],[0.0162528,-0.335197,0.942008]],[[-0.9985,0.0438208,0.0328203],[-0.0540992,-0.881787,-0.468534],[0.00840898,-0.469607,0.882836]],[[-0.9985,0.0438208,0.0328203],[-0.0545062,-0.852034,-0.520642],[0.00514905,-0.52165,0.853144]]],"btipPosition":[15.0974,114.375,-81.1355],"carpPosition":[2.05673,79.5727,36.5262],"dipPosition":[15.1667,107.361,-69.6631],"direction":[-0.00840897,0.469607,-0.882836],"extended":true,"handId":109,"id":1091,"length":46.2843,"mcpPosition":[15.8762,87.0929,-21.0162],"pipPosition":[15.3266,98.4271,-52.8687],"stabilizedTipPosition":[14.57,113.185,-80.3366],"timeVisible":3.65957,"tipPosition":[16.9816,110.019,-82.3088],"tipVelocity":[3.39996,15.3849,-3.44618],"tool":false,"touchDistance":0.32083,"touchZone":"hovering","type":1,"width":15.1246},{"bases":[[[-0.971457,0.228594,-0.0633691],[-0.216671,-0.963823,-0.155237],[-0.0965629,-0.137076,0.985843]],[[-0.973585,0.225061,-0.0384636],[-0.206571,-0.940006,-0.27151],[-0.0972622,-0.256393,0.961667]],[[-0.973585,0.225061,-0.0384636],[-0.191297,-0.896011,-0.400711],[-0.124648,-0.382768,0.915397]],[[-0.973585,0.225061,-0.0384636],[-0.178438,-0.855097,-0.486795],[-0.142448,-0.467073,0.872669]]],"btipPosition":[6.56481,112.004,-91.978],"carpPosition":[-7.48424,79.0478,33.669],"dipPosition":[4.45797,105.096,-79.0711],"direction":[0.124648,0.382768,-0.915397],"extended":true,"handId":109,"id":1092,"length":52.7372,"mcpPosition":[-2.02149,86.8025,-22.102],"pipPosition":[1.66825,96.529,-58.5838],"stabilizedTipPosition":[5.2694,110.232,-90.4781],"timeVisible":3.65957,"tipPosition":[7.05328,109.485,-92.1625],"tipVelocity":[3.48779,24.2826,-0.597719],"tool":false,"touchDistance":0.32159,"touchZone":"hovering","type":2,"width":14.8544},{"bases":[[[-0.955963,0.277932,0.0942804],[-0.288491,-0.948907,-0.127863],[0.0539262,-0.149431,0.987301]],[[-0.953757,0.296564,-0.0489659],[-0.274398,-0.925547,-0.260898],[-0.122693,-0.235397,0.964124]],[[-0.953757,0.296564,-0.0489659],[-0.259247,-0.894061,-0.365303],[-0.152114,-0.335716,0.9296]],[[-0.953757,0.296564,-0.0489659],[-0.246764,-0.865554,-0.435802],[-0.171626,-0.403566,0.898709]]],"btipPosition":[-9.78085,109.822,-85.2649],"carpPosition":[-17.1966,80.7003,32.2691],"dipPosition":[-12.3046,103.888,-72.0492],"direction":[0.152114,0.335716,-0.9296],"extended":true,"handId":109,"id":1093,"length":50.7083,"mcpPosition":[-19.9356,88.2903,-17.878],"pipPosition":[-15.6212,96.568,-51.7814],"stabilizedTipPosition":[-11.079,107.778,-83.1827],"timeVisible":3.65957,"tipPosition":[-10.7333,110.432,-84.1355],"tipVelocity":[4.34269,32.4448,3.40541],"tool":false,"touchDistance":0.304043,"touchZone":"hovering","type":3,"width":14.1349},{"bases":[[[-0.8824,0.41171,0.227738],[-0.427761,-0.903575,-0.0239106],[0.195934,-0.118516,0.973429]],[[-0.902141,0.428429,-0.0508882],[-0.413284,-0.892001,-0.183117],[-0.123845,-0.144166,0.981773]],[[-0.902141,0.428429,-0.0508882],[-0.389068,-0.858836,-0.333207],[-0.18646,-0.280801,0.941479]],[[-0.902141,0.428429,-0.0508882],[-0.374612,-0.836357,-0.400216],[-0.214025,-0.341988,0.915007]]],"btipPosition":[-26.377,106.085,-66.402],"carpPosition":[-26.3849,87.539,33.5946],"dipPosition":[-29.2805,101.446,-53.9888],"direction":[0.18646,0.280801,-0.941479],"extended":true,"handId":109,"id":1094,"length":39.7543,"mcpPosition":[-35.5973,93.1113,-12.1739],"pipPosition":[-32.1508,97.1234,-39.496],"stabilizedTipPosition":[-27.7019,104.004,-64.3521],"timeVisible":3.65957,"tipPosition":[-28.3062,109.632,-64.0906],"tipVelocity":[2.56527,37.1325,5.46389],"tool":false,"touchDistance":0.241693,"touchZone":"hovering","type":4,"width":12.5557}],"r":[[0.909339,-0.119613,0.398492],[0.303522,0.845802,-0.438742],[-0.284566,0.519916,0.805425]],"s":0.811685,"t":[21.909,-5.49547,-26.5925],"timestamp":17707352716},{"currentFrameRate":110.001,"devices":[],"gestures":[],"hands":[{"armBasis":[[-0.967145,0.0104774,0.254009],[-0.0682998,-0.973126,-0.219913],[0.244878,-0.230037,0.941869]],"armWidth":50.4188,"confidence":1,"direction":[0.0556871,-0.00738594,-0.998421],"elbow":[41.2121,35.8309,264.939],"grabAngle":0.366055,"grabStrength":0,"id":109,"palmNormal":[0.0827993,0.996562,-0.00275405],"palmPosition":[-5.20975,90.838,-1.96521],"palmVelocity":[10.0094,20.192,-3.4446],"palmWidth":73.8296,"pinchDistance":41.782,"pinchStrength":0,"r":[[0.909218,-0.121007,0.398348],[0.304473,0.84584,-0.438008],[-0.283937,0.519531,0.805896]],"s":0.812028,"sphereCenter":[8.99604,248.07,-0.719659],"sphereRadius":158.63,"stabilizedPalmPosition":[-5.81938,90.6942,-2.46601],"t":[21.9905,-5.34394,-26.6004],"timeVisible":3.66827,"type":"right","wrist":[-12.3995,86.1932,58.7341]}],"id":72757,"interactionBox":{"center":[0,200,0],"size":[235.247,235.247,147.751]},"pointables":[{"bases":[[[-0.463581,-0.85959,-0.214938],[0.742016,-0.509202,0.436035],[-0.484258,0.0426495,0.873885]],[[-0.386294,-0.856356,-0.342684],[0.737809,-0.509843,0.442378],[-0.553547,-0.0819475,0.828776]],[[-0.386294,-0.856356,-0.342684],[0.915864,-0.400181,-0.0323765],[-0.10941,-0.326358,0.938893]],[[-0.386294,-0.856356,-0.342684],[0.853937,-0.191594,-0.483822],[0.348668,-0.479528,0.805285]]],"btipPosition":[28.4032,115.922,-28.1021],"carpPosition":[9.48296,95.0208,45.458],"dipPosition":[34.8234,107.093,-13.274],"direction":[0.10941,0.326358,-0.938893],"extended":false,"handId":109,"id":1090,"length":41.004,"mcpPosition":[9.48296,95.0208,45.458],"pipPosition":[31.8884,98.3377,11.9124],"stabilizedTipPosition":[28.9783,114.053,-25.0185],"timeVisible":3.66827,"tipPosition":[28.2076,121.672,-22.6982],"tipVelocity":[25.0462,12.1172,1.95106],"tool":false,"touchDistance":0.175949,"touchZone":"hovering","type":0,"width":15.8487},{"bases":[[[-0.971534,0.0801036,-0.222947],[-0.0489575,-0.988672,-0.141883],[-0.231787,-0.126929,0.96445]],[[-0.998446,0.0446582,0.0333312],[-0.0532218,-0.941473,-0.33286],[0.0165155,-0.334117,0.942387]],[[-0.998446,0.0446582,0.0333312],[-0.0550615,-0.882671,-0.466755],[0.00857607,-0.467865,0.883758]],[[-0.998446,0.0446582,0.0333312],[-0.0554796,-0.852745,-0.519373],[0.00522876,-0.520415,0.853897]]],"btipPosition":[15.1817,114.454,-81.201],"carpPosition":[2.13682,79.6908,36.5106],"dipPosition":[15.2519,107.459,-69.7225],"direction":[-0.00857607,0.467865,-0.883758],"extended":true,"handId":109,"id":1091,"length":46.2684,"mcpPosition":[15.9733,87.2678,-21.0619],"pipPosition":[15.415,98.5615,-52.9163],"stabilizedTipPosition":[14.5842,113.178,-80.2964],"timeVisible":3.66827,"tipPosition":[17.0664,110.293,-82.2744],"tipVelocity":[9.71308,9.61671,-7.37666],"tool":false,"touchDistance":0.319761,"touchZone":"hovering","type":1,"width":15.1386},{"bases":[[[-0.97124,0.229582,-0.0631209],[-0.217579,-0.963443,-0.156323],[-0.0967024,-0.138094,0.985687]],[[-0.973363,0.226041,-0.0383479],[-0.207573,-0.939856,-0.271265],[-0.0973586,-0.256079,0.96174]],[[-0.973363,0.226041,-0.0383479],[-0.192389,-0.896253,-0.399646],[-0.124706,-0.381623,0.915867]],[[-0.973363,0.226041,-0.0383479],[-0.179473,-0.855296,-0.486064],[-0.142669,-0.466234,0.873082]]],"btipPosition":[6.65573,112.138,-92.0203],"carpPosition":[-7.41017,79.1778,33.6509],"dipPosition":[4.54634,105.245,-79.1117],"direction":[0.124706,0.381623,-0.915867],"extended":true,"handId":109,"id":1092,"length":52.7192,"mcpPosition":[-1.93585,86.9952,-22.1489],"pipPosition":[1.75628,96.7065,-58.6209],"stabilizedTipPosition":[5.30374,110.244,-90.4237],"timeVisible":3.66827,"tipPosition":[7.15048,109.757,-92.1442],"tipVelocity":[10.388,15.8281,-4.82264],"tool":false,"touchDistance":0.320891,"touchZone":"hovering","type":2,"width":14.8682},{"bases":[[[-0.955701,0.278728,0.0945841],[-0.289385,-0.94849,-0.128932],[0.053775,-0.150592,0.987132]],[[-0.953443,0.297561,-0.0490291],[-0.275318,-0.925202,-0.261155],[-0.123071,-0.235497,0.964051]],[[-0.953443,0.297561,-0.0490291],[-0.260223,-0.893933,-0.364923],[-0.152416,-0.335174,0.929746]],[[-0.953443,0.297561,-0.0490291],[-0.247636,-0.865287,-0.435838],[-0.172113,-0.403406,0.898689]]],"btipPosition":[-9.68148,110.01,-85.2849],"carpPosition":[-17.1266,80.8421,32.2516],"dipPosition":[-12.2116,104.08,-72.074],"direction":[0.152416,0.335174,-0.929746],"extended":true,"handId":109,"id":1093,"length":50.6909,"mcpPosition":[-19.8598,88.4961,-17.9207],"pipPosition":[-15.5335,96.7746,-51.8099],"stabilizedTipPosition":[-11.0288,107.831,-83.125],"timeVisible":3.66827,"tipPosition":[-10.6248,110.694,-84.1328],"tipVelocity":[11.2597,21.7172,-2.42142],"tool":false,"touchDistance":0.303692,"touchZone":"hovering","type":3,"width":14.148},{"bases":[[[-0.882014,0.412287,0.228193],[-0.428614,-0.903144,-0.0249306],[0.195812,-0.119796,0.973297]],[[-0.901733,0.429337,-0.0504612],[-0.414165,-0.891463,-0.183741],[-0.123871,-0.144786,0.981679]],[[-0.901733,0.429337,-0.0504612],[-0.390082,-0.858431,-0.333065],[-0.186315,-0.280652,0.941553]],[[-0.901733,0.429337,-0.0504612],[-0.375634,-0.835963,-0.400082],[-0.213954,-0.341812,0.915089]]],"btipPosition":[-26.3121,106.311,-66.4169],"carpPosition":[-26.3139,87.6923,33.5853],"dipPosition":[-29.2136,101.675,-54.0069],"direction":[0.186315,0.280652,-0.941553],"extended":true,"handId":109,"id":1094,"length":39.7407,"mcpPosition":[-35.5268,93.3286,-12.2077],"pipPosition":[-32.0807,97.3565,-39.5179],"stabilizedTipPosition":[-27.6439,104.104,-64.2887],"timeVisible":3.66827,"tipPosition":[-28.1963,109.882,-64.0975],"tipVelocity":[7.5168,26.0245,-1.79599],"tool":false,"touchDistance":0.241432,"touchZone":"hovering","type":4,"width":12.5674}],"r":[[0.909218,-0.121007,0.398348],[0.304473,0.84584,-0.438008],[-0.283937,0.519531,0.805896]],"s":0.812028,"t":[21.9905,-5.34394,-26.6004],"timestamp":17707361412},{"currentFrameRate":110.238,"devices":[],"gestures":[],"hands":[{"armBasis":[[-0.96659,0.0119964,0.256048],[-0.0702854,-0.973023,-0.219741],[0.246505,-0.230396,0.941357]],"armWidth":50.4586,"confidence":1,"direction":[0.0549237,-0.00607352,-0.998472],"elbow":[41.7081,35.8381,264.943],"grabAngle":0.36443,"grabStrength":0,"id":109,"palmNormal":[0.0845478,0.996418,-0.00141024],"palmPosition":[-5.15063,91.0217,-2.02828],"palmVelocity":[6.83354,21.2318,-7.28982],"palmWidth":73.8727,"pinchDistance":41.8398,"pinchStrength":0,"r":[[0.909136,-0.122553,0.39806],[0.305465,0.845886,-0.437229],[-0.283129,0.519094,0.806461]],"s":0.812643,"sphereCenter":[9.38994,248.999,-0.517375],"sphereRadius":159.428,"stabilizedPalmPosition":[-5.7874,90.7099,-2.44508],"t":[22.0608,-5.17633,-26.6358],"timeVisible":3.67692,"type":"right","wrist":[-12.2959,86.3131,58.711]}],"id":72758,"interactionBox":{"center":[0,200,0],"size":[235.247,235.247,147.751]},"pointables":[{"bases":[[[-0.465251,-0.85847,-0.215802],[0.741447,-0.511119,0.434756],[-0.483525,0.0422654,0.874309]],[[-0.388108,-0.8552,-0.34352],[0.736564,-0.511861,0.442121],[-0.553936,-0.0814343,0.828567]],[[-0.388108,-0.8552,-0.34352],[0.914985,-0.402173,-0.0325284],[-0.110336,-0.326941,0.938582]],[[-0.388108,-0.8552,-0.34352],[0.854084,-0.193699,-0.482723],[0.346285,-0.480744,0.805588]]],"btipPosition":[28.6157,116.031,-28.1395],"carpPosition":[9.59497,95.1145,45.4216],"dipPosition":[34.9903,107.181,-13.3097],"direction":[0.110336,0.326941,-0.938582],"extended":false,"handId":109,"id":1090,"length":40.9935,"mcpPosition":[9.59497,95.1145,45.4216],"pipPosition":[32.0312,98.4128,11.8619],"stabilizedTipPosition":[29.0721,114.048,-24.9938],"timeVisible":3.67692,"tipPosition":[28.3206,121.759,-22.7601],"tipVelocity":[23.348,12.0189,-4.28542],"tool":false,"touchDistance":0.175331,"touchZone":"hovering","type":0,"width":15.862},{"bases":[[[-0.971559,0.0821241,-0.222102],[-0.0508009,-0.988383,-0.143241],[-0.231285,-0.127884,0.964444]],[[-0.998341,0.0463671,0.0341259],[-0.0550788,-0.941766,-0.331728],[0.0167573,-0.333057,0.942758]],[[-0.998341,0.0463671,0.0341259],[-0.056931,-0.883277,-0.465383],[0.00856417,-0.466554,0.884451]],[[-0.998341,0.0463671,0.0341259],[-0.0573469,-0.853225,-0.518381],[0.00508125,-0.519478,0.854469]]],"btipPosition":[15.2286,114.545,-81.316],"carpPosition":[2.21147,79.8004,36.447],"dipPosition":[15.2969,107.564,-69.8327],"direction":[-0.00856417,0.466554,-0.884451],"extended":true,"handId":109,"id":1091,"length":46.2566,"mcpPosition":[16.026,87.4388,-21.1588],"pipPosition":[15.4597,98.6939,-53.0176],"stabilizedTipPosition":[14.5975,113.173,-80.2638],"timeVisible":3.67692,"tipPosition":[17.0779,110.578,-82.2846],"tipVelocity":[5.37458,10.8765,-13.1595],"tool":false,"touchDistance":0.317864,"touchZone":"hovering","type":1,"width":15.1514},{"bases":[[[-0.970883,0.231375,-0.0620646],[-0.219389,-0.962838,-0.157518],[-0.0962041,-0.139316,0.985564]],[[-0.972961,0.227867,-0.0377253],[-0.209536,-0.939533,-0.270873],[-0.0971672,-0.255644,0.961876]],[[-0.972961,0.227867,-0.0377253],[-0.19443,-0.896207,-0.39876],[-0.124674,-0.380644,0.916279]],[[-0.972961,0.227867,-0.0377253],[-0.181457,-0.855179,-0.485533],[-0.142899,-0.465559,0.873404]]],"btipPosition":[6.68834,112.287,-92.1061],"carpPosition":[-7.34575,79.3079,33.592],"dipPosition":[4.57611,105.405,-79.196],"direction":[0.124674,0.380644,-0.916279],"extended":true,"handId":109,"id":1092,"length":52.7057,"mcpPosition":[-1.89645,87.1991,-22.2334],"pipPosition":[1.78747,96.8914,-58.7013],"stabilizedTipPosition":[5.33816,110.262,-90.3744],"timeVisible":3.67692,"tipPosition":[7.16598,110.053,-92.1613],"tipVelocity":[3.69416,17.5429,-9.8757],"tool":false,"touchDistance":0.319467,"touchZone":"hovering","type":2,"width":14.8807},{"bases":[[[-0.955138,0.280272,0.0956979],[-0.291148,-0.947797,-0.130052],[0.0542521,-0.15208,0.986878]],[[-0.952916,0.299355,-0.0483474],[-0.277204,-0.924602,-0.261282],[-0.122918,-0.235578,0.964051]],[[-0.952916,0.299355,-0.0483474],[-0.262188,-0.893489,-0.364602],[-0.152343,-0.334759,0.929908]],[[-0.952916,0.299355,-0.0483474],[-0.249493,-0.864625,-0.436092],[-0.172349,-0.403497,0.898602]]],"btipPosition":[-9.65442,110.23,-85.336],"carpPosition":[-17.0676,80.9924,32.2019],"dipPosition":[-12.1873,104.3,-72.1297],"direction":[0.152343,0.334759,-0.929908],"extended":true,"handId":109,"id":1093,"length":50.6779,"mcpPosition":[-19.8267,88.7266,-17.9868],"pipPosition":[-15.5068,97.0057,-51.8673],"stabilizedTipPosition":[-10.9783,107.897,-83.0723],"timeVisible":3.67692,"tipPosition":[-10.5905,110.99,-84.1528],"tipVelocity":[3.05356,25.4374,-6.02745],"tool":false,"touchDistance":0.302822,"touchZone":"hovering","type":3,"width":14.1599},{"bases":[[[-0.881116,0.413512,0.229439],[-0.430218,-0.902354,-0.0258818],[0.196333,-0.121514,0.972979]],[[-0.901012,0.430991,-0.049238],[-0.415924,-0.890555,-0.184173],[-0.123226,-0.145463,0.98166]],[[-0.901012,0.430991,-0.049238],[-0.392065,-0.85765,-0.33275],[-0.185641,-0.280507,0.941729]],[[-0.901012,0.430991,-0.049238],[-0.377657,-0.835188,-0.399796],[-0.213431,-0.341626,0.915281]]],"btipPosition":[-26.3144,106.575,-66.4514],"carpPosition":[-26.2486,87.8612,33.5535],"dipPosition":[-29.2081,101.943,-54.0419],"direction":[0.185641,0.280507,-0.941729],"extended":true,"handId":109,"id":1094,"length":39.7306,"mcpPosition":[-35.4914,93.5817,-12.2513],"pipPosition":[-32.0641,97.6274,-39.5539],"stabilizedTipPosition":[-27.5896,104.219,-64.2322],"timeVisible":3.67692,"tipPosition":[-28.1458,110.176,-64.1142],"tipVelocity":[-0.0594047,30.596,-4.00212],"tool":false,"touchDistance":0.240855,"touchZone":"hovering","type":4,"width":12.578}],"r":[[0.909136,-0.122553,0.39806],[0.305465,0.845886,-0.437229],[-0.283129,0.519094,0.806461]],"s":0.812643,"t":[22.0608,-5.17633,-26.6358],"timestamp":17707370064},{"currentFrameRate":110.498,"devices":[],"gestures":[],"hands":[{"armBasis":[[-0.96602,0.0127538,0.258152],[-0.0716525,-0.97285,-0.220065],[0.248336,-0.231085,0.940707]],"armWidth":50.492,"confidence":1,"direction":[0.0547464,-0.005216,-0.998487],"elbow":[42.2107,35.8125,264.868],"grabAngle":0.362684,"grabStrength":0,"id":109,"palmNormal":[0.0858659,0.996307,-0.000496635],"palmPosition":[-5.09884,91.222,-2.11128],"palmVelocity":[6.03,23.3232,-9.66465],"palmWidth":73.9111,"pinchDistance":41.9489,"pinchStrength":0,"r":[[0.909051,-0.124105,0.397774],[0.306467,0.845921,-0.436458],[-0.282319,0.518667,0.807019]],"s":0.813531,"sphereCenter":[9.67107,249.901,-0.428883],"sphereRadius":160.179,"stabilizedPalmPosition":[-5.75534,90.7337,-2.42953],"t":[22.1218,-4.99237,-26.6951],"timeVisible":3.68551,"type":"right","wrist":[-12.2263,86.4678,58.6589]}],"id":72759,"interactionBox":{"center":[0,200,0],"size":[235.247,235.247,147.751]},"pointables":[{"bases":[[[-0.466423,-0.857652,-0.216522],[0.740844,-0.512504,0.434153],[-0.483321,0.0420905,0.874431]],[[-0.389189,-0.854348,-0.344414],[0.735205,-0.513359,0.442646],[-0.554982,-0.0809419,0.827915]],[[-0.389189,-0.854348,-0.344414],[0.91432,-0.403755,-0.0316368],[-0.11203,-0.327217,0.938285]],[[-0.389189,-0.854348,-0.344414],[0.854864,-0.195709,-0.480527],[0.343132,-0.481443,0.806519]]],"btipPosition":[28.8494,116.167,-28.1843],"carpPosition":[9.66881,95.2534,45.3676],"dipPosition":[35.1642,107.307,-13.3417],"direction":[0.11203,0.327217,-0.938285],"extended":false,"handId":109,"id":1090,"length":40.9816,"mcpPosition":[9.66881,95.2534,45.3676],"pipPosition":[32.1605,98.5337,11.8147],"stabilizedTipPosition":[29.1754,114.055,-24.9751],"timeVisible":3.68551,"tipPosition":[28.4282,121.857,-22.8394],"tipVelocity":[25.6136,15.5714,-4.87217],"tool":false,"touchDistance":0.174633,"touchZone":"hovering","type":0,"width":15.8731},{"bases":[[[-0.971487,0.0836163,-0.221859],[-0.052133,-0.988181,-0.144152],[-0.231291,-0.128476,0.964364]],[[-0.998283,0.047707,0.0339937],[-0.0562689,-0.942303,-0.329999],[0.0162891,-0.331345,0.943369]],[[-0.998283,0.047707,0.0339937],[-0.0580387,-0.884154,-0.463577],[0.00793979,-0.464754,0.885404]],[[-0.998283,0.047707,0.0339937],[-0.0584164,-0.853983,-0.517012],[0.00436494,-0.51811,0.855303]]],"btipPosition":[15.3223,114.615,-81.4497],"carpPosition":[2.2601,79.9491,36.371],"dipPosition":[15.3809,107.654,-69.9585],"direction":[-0.00793979,0.464754,-0.885404],"extended":true,"handId":109,"id":1091,"length":46.2432,"mcpPosition":[16.0821,87.6268,-21.2599],"pipPosition":[15.5318,98.8208,-53.1302],"stabilizedTipPosition":[14.6107,113.17,-80.2377],"timeVisible":3.68551,"tipPosition":[17.1201,110.85,-82.3102],"tipVelocity":[10.65,8.66439,-15.3557],"tool":false,"touchDistance":0.315666,"touchZone":"hovering","type":1,"width":15.1619},{"bases":[[[-0.970586,0.232717,-0.0616834],[-0.220689,-0.9624,-0.158378],[-0.0962213,-0.140106,0.98545]],[[-0.972621,0.229278,-0.0379489],[-0.210936,-0.939491,-0.269932],[-0.0975422,-0.254537,0.962131]],[[-0.972621,0.229278,-0.0379489],[-0.195813,-0.896454,-0.397527],[-0.125164,-0.379212,0.916805]],[[-0.972621,0.229278,-0.0379489],[-0.182719,-0.855349,-0.484759],[-0.143604,-0.464553,0.873824]]],"btipPosition":[6.76664,112.404,-92.2125],"carpPosition":[-7.30436,79.4716,33.5156],"dipPosition":[4.64459,105.539,-79.2999],"direction":[0.125164,0.379212,-0.916805],"extended":true,"handId":109,"id":1092,"length":52.6904,"mcpPosition":[-1.85126,87.4117,-22.3323],"pipPosition":[1.84582,97.0593,-58.7993],"stabilizedTipPosition":[5.37201,110.282,-90.3337],"timeVisible":3.68551,"tipPosition":[7.21816,110.326,-92.1988],"tipVelocity":[8.85406,14.0177,-12.318],"tool":false,"touchDistance":0.317704,"touchZone":"hovering","type":2,"width":14.891},{"bases":[[[-0.954751,0.281446,0.0961219],[-0.292424,-0.947289,-0.130885],[0.0542181,-0.153071,0.986727]],[[-0.952471,0.300733,-0.0485612],[-0.278565,-0.924358,-0.260697],[-0.123288,-0.234779,0.964198]],[[-0.952471,0.300733,-0.0485612],[-0.263544,-0.893428,-0.363773],[-0.152785,-0.333685,0.930221]],[[-0.952471,0.300733,-0.0485612],[-0.250676,-0.864333,-0.435993],[-0.173091,-0.403097,0.898639]]],"btipPosition":[-9.58635,110.4,-85.421],"carpPosition":[-17.0304,81.1712,32.1283],"dipPosition":[-12.1294,104.477,-72.218],"direction":[0.152785,0.333685,-0.930221],"extended":true,"handId":109,"id":1093,"length":50.6633,"mcpPosition":[-19.7892,88.9598,-18.0787],"pipPosition":[-15.4576,97.2085,-51.9546],"stabilizedTipPosition":[-10.9284,107.968,-83.0298],"timeVisible":3.68551,"tipPosition":[-10.5235,111.258,-84.2027],"tipVelocity":[7.65349,19.9657,-9.98599],"tool":false,"touchDistance":0.301393,"touchZone":"hovering","type":3,"width":14.1698},{"bases":[[[-0.880529,0.414463,0.229975],[-0.431416,-0.901759,-0.0266488],[0.196337,-0.12268,0.972832]],[[-0.900442,0.432229,-0.0488206],[-0.417255,-0.890009,-0.183802],[-0.122895,-0.145132,0.98175]],[[-0.900442,0.432229,-0.0488206],[-0.39358,-0.857385,-0.331641],[-0.185203,-0.279409,0.942141]],[[-0.900442,0.432229,-0.0488206],[-0.379157,-0.834937,-0.398899],[-0.213178,-0.340675,0.915694]]],"btipPosition":[-26.3007,106.783,-66.5315],"carpPosition":[-26.2079,88.0548,33.489],"dipPosition":[-29.1901,102.166,-54.1201],"direction":[0.185203,0.279409,-0.942141],"extended":true,"handId":109,"id":1094,"length":39.7191,"mcpPosition":[-35.4556,93.8332,-12.3327],"pipPosition":[-32.0385,97.8685,-39.6299],"stabilizedTipPosition":[-27.5402,104.338,-64.1882],"timeVisible":3.68551,"tipPosition":[-28.0726,110.437,-64.1725],"tipVelocity":[1.71234,24.6882,-9.28199],"tool":false,"touchDistance":0.239527,"touchZone":"hovering","type":4,"width":12.5867}],"r":[[0.909051,-0.124105,0.397774],[0.306467,0.845921,-0.436458],[-0.282319,0.518667,0.807019]],"s":0.813531,"t":[22.1218,-4.99237,-26.6951],"timestamp":17707378652},{"currentFrameRate":110.646,"devices":[],"gestures":[],"hands":[{"armBasis":[[-0.965527,0.0123419,0.260011],[-0.0719517,-0.972612,-0.221019],[0.250162,-0.232108,0.939971]],"armWidth":50.5213,"confidence":1,"direction":[0.0545706,-0.00389775,-0.998502],"elbow":[42.7161,35.698,264.723],"grabAngle":0.360715,"grabStrength":0,"id":109,"palmNormal":[0.0861077,0.996285,0.000816898],"palmPosition":[-5.04344,91.4378,-2.2274],"palmVelocity":[6.31319,24.5859,-13.2313],"palmWidth":73.9471,"pinchDistance":41.9652,"pinchStrength":0,"r":[[0.908989,-0.125496,0.39748],[0.307296,0.846049,-0.435626],[-0.281618,0.518123,0.807613]],"s":0.814628,"sphereCenter":[9.76543,250.832,-0.328186],"sphereRadius":160.932,"stabilizedPalmPosition":[-5.72315,90.7655,-2.4204],"t":[22.18,-4.79251,-26.7828],"timeVisible":3.69429,"type":"right","wrist":[-12.1495,86.6041,58.5679]}],"id":72760,"interactionBox":{"center":[0,200,0],"size":[235.247,235.247,147.751]},"pointables":[{"bases":[[[-0.46667,-0.85725,-0.217583],[0.740796,-0.513263,0.43334],[-0.483158,0.0410416,0.874571]],[[-0.389302,-0.853769,-0.34572],[0.73447,-0.514231,0.442855],[-0.555876,-0.0815169,0.827259]],[[-0.389302,-0.853769,-0.34572],[0.914136,-0.404209,-0.0311651],[-0.113135,-0.328168,0.93782]],[[-0.389302,-0.853769,-0.34572],[0.855806,-0.196453,-0.478541],[0.340646,-0.482167,0.80714]]],"btipPosition":[29.046,116.376,-28.2506],"carpPosition":[9.74117,95.4043,45.2789],"dipPosition":[35.3132,107.506,-13.401],"direction":[0.113135,0.328168,-0.93782],"extended":false,"handId":109,"id":1090,"length":40.9691,"mcpPosition":[9.74117,95.4043,45.2789],"pipPosition":[32.2808,98.7097,11.7352],"stabilizedTipPosition":[29.286,114.079,-24.9633],"timeVisible":3.69429,"tipPosition":[28.5052,122.023,-22.9376],"tipVelocity":[21.1581,23.5757,-7.37144],"tool":false,"touchDistance":0.173555,"touchZone":"hovering","type":0,"width":15.8827},{"bases":[[[-0.971505,0.0841477,-0.221577],[-0.0523981,-0.987975,-0.145461],[-0.231153,-0.129706,0.964233]],[[-0.998276,0.0479608,0.0338488],[-0.0564313,-0.942889,-0.328293],[0.0161705,-0.329637,0.943969]],[[-0.998276,0.0479608,0.0338488],[-0.0581815,-0.885014,-0.461914],[0.00780291,-0.463087,0.886278]],[[-0.998276,0.0479608,0.0338488],[-0.0585526,-0.854692,-0.515823],[0.00419107,-0.516915,0.856026]]],"btipPosition":[15.3936,114.736,-81.6124],"carpPosition":[2.32376,80.1061,36.2567],"dipPosition":[15.4499,107.793,-70.115],"direction":[-0.00780291,0.463087,-0.886278],"extended":true,"handId":109,"id":1091,"length":46.2291,"mcpPosition":[16.1443,87.8612,-21.3945],"pipPosition":[15.5982,98.994,-53.2752],"stabilizedTipPosition":[14.6237,113.169,-80.217],"timeVisible":3.69429,"tipPosition":[17.1428,111.194,-82.3582],"tipVelocity":[8.06888,14.2273,-18.3802],"tool":false,"touchDistance":0.312977,"touchZone":"hovering","type":1,"width":15.1712},{"bases":[[[-0.970541,0.233035,-0.061203],[-0.22095,-0.962134,-0.159622],[-0.096083,-0.141397,0.985279]],[[-0.972529,0.229652,-0.038058],[-0.21136,-0.939653,-0.269034],[-0.0975454,-0.253599,0.962378]],[[-0.972529,0.229652,-0.038058],[-0.196283,-0.896895,-0.396297],[-0.125144,-0.37794,0.917333]],[[-0.972529,0.229652,-0.038058],[-0.183107,-0.855645,-0.484089],[-0.143736,-0.463822,0.87419]]],"btipPosition":[6.81827,112.561,-92.3499],"carpPosition":[-7.24655,79.6345,33.4009],"dipPosition":[4.69492,105.709,-79.4359],"direction":[0.125144,0.37794,-0.917333],"extended":true,"handId":109,"id":1092,"length":52.6743,"mcpPosition":[-1.79863,87.6517,-22.4646],"pipPosition":[1.89743,97.2608,-58.9298],"stabilizedTipPosition":[5.40469,110.306,-90.3011],"timeVisible":3.69429,"tipPosition":[7.25173,110.663,-92.258],"tipVelocity":[5.84901,18.2931,-15.6249],"tool":false,"touchDistance":0.315418,"touchZone":"hovering","type":2,"width":14.9001},{"bases":[[[-0.954665,0.281549,0.0966644],[-0.292677,-0.947043,-0.132097],[0.0543534,-0.1544,0.986512]],[[-0.952344,0.30111,-0.0487173],[-0.278974,-0.924411,-0.260074],[-0.123346,-0.234089,0.964359]],[[-0.952344,0.30111,-0.0487173],[-0.263978,-0.893628,-0.362966],[-0.152828,-0.332808,0.930528]],[[-0.952344,0.30111,-0.0487173],[-0.250934,-0.864204,-0.4361],[-0.173416,-0.403093,0.898578]]],"btipPosition":[-9.5373,110.589,-85.5366],"carpPosition":[-16.9778,81.3392,32.017],"dipPosition":[-12.0844,104.669,-72.3386],"direction":[0.152828,0.332808,-0.930528],"extended":true,"handId":109,"id":1093,"length":50.6478,"mcpPosition":[-19.7447,89.1993,-18.2036],"pipPosition":[-15.4125,97.4212,-52.0747],"stabilizedTipPosition":[-10.8805,108.043,-82.9984],"timeVisible":3.69429,"tipPosition":[-10.4744,111.563,-84.2749],"tipVelocity":[5.48453,21.6404,-13.3102],"tool":false,"touchDistance":0.299446,"touchZone":"hovering","type":3,"width":14.1784},{"bases":[[[-0.880388,0.41437,0.230681],[-0.43164,-0.901618,-0.0277757],[0.196477,-0.124025,0.972633]],[[-0.900334,0.432512,-0.0482809],[-0.417674,-0.889911,-0.183321],[-0.122254,-0.144885,0.981867]],[[-0.900334,0.432512,-0.0482809],[-0.394246,-0.857559,-0.330399],[-0.184305,-0.278435,0.942606]],[[-0.900334,0.432512,-0.0482809],[-0.37979