{"frames":60,"data":[{"currentFrameRate":110.433,"devices":[],"gestures":[],"hands":[{"armBasis":[[0.59248,-0.787474,-0.169857],[0.253594,-0.0178122,0.967147],[-0.764629,-0.61609,0.189146]],"armWidth":48.795,"confidence":1,"direction":[-0.252923,-0.111157,-0.96108],"elbow":[-132.882,-44.0443,167.881],"grabAngle":0.31563,"grabStrength":0,"id":105,"palmNormal":[0.0215725,-0.993779,0.109262],"palmPosition":[27.2884,91.7122,69.5612],"palmVelocity":[-23.9943,6.67095,-30.9353],"palmWidth":75.2548,"pinchDistance":67.3379,"pinchStrength":0,"r":[[-0.415524,-0.181083,0.891375],[0.791029,0.411825,0.452409],[-0.449014,0.89309,-0.0278815]],"s":1.44865,"sphereCenter":[16.3151,124.322,27.5566],"sphereRadius":60.2899,"stabilizedPalmPosition":[27.9997,91.7451,70.3836],"t":[55.2066,-80.5295,-86.2334],"timeVisible":4.31874,"type":"right","wrist":[37.8658,93.5335,125.644]}],"id":70637,"interactionBox":{"center":[0,200,0],"size":[235.247,235.247,147.751]},"pointables":[{"bases":[[[0.320569,0.864395,-0.387372],[-0.689374,0.493367,0.530426],[0.649614,0.0970063,0.75405]],[[0.246723,0.848354,-0.468427],[-0.381286,0.529363,0.757889],[0.890926,-0.00838363,0.454071]],[[0.246723,0.848354,-0.468427],[-0.575281,0.517201,0.633684],[0.779859,0.113133,0.615647]],[[0.246723,0.848354,-0.468427],[-0.623281,0.509044,0.593629],[0.742057,0.1455,0.654355]]],"btipPosition":[-49.3381,86.3041,72.3011],"carpPosition":[22.708,91.7844,120.173],"dipPosition":[-35.4056,89.036,84.5869],"direction":[-0.779859,-0.113133,-0.615647],"extended":true,"handId":105,"id":1050,"length":41.8103,"mcpPosition":[22.708,91.7844,120.173],"pipPosition":[-14.074,92.1305,101.427],"stabilizedTipPosition":[-45.6075,85.2082,75.7131],"timeVisible":4.31874,"tipPosition":[-43.4976,85.292,71.8875],"tipVelocity":[-32.9728,26.9965,-13.4658],"tool":false,"touchDistance":0.307528,"touchZone":"hovering","type":0,"width":14.962},{"bases":[[[0.911048,-0.0254675,-0.411512],[-0.0824108,0.966701,-0.242276],[0.40398,0.254638,0.878612]],[[0.941965,-0.0038286,-0.335688],[-0.0270397,0.995821,-0.0872329],[0.334619,0.0912473,0.937925]],[[0.941965,-0.0038286,-0.335688],[-0.0932758,0.957578,-0.27266],[0.322491,0.288148,0.901648]],[[0.941965,-0.0038286,-0.335688],[-0.187001,0.824453,-0.534143],[0.278804,0.565918,0.77589]]],"btipPosition":[-19.6161,74.8426,-5.69847],"carpPosition":[26.5729,106.826,108.208],"dipPosition":[-15.7945,82.5996,4.93658],"direction":[-0.322491,-0.288148,-0.901648],"extended":true,"handId":105,"id":1051,"length":47.1783,"mcpPosition":[1.99196,91.3319,54.7472],"pipPosition":[-9.54119,88.187,22.4202],"stabilizedTipPosition":[-18.1079,77.4181,-3.09947],"timeVisible":4.31874,"tipPosition":[-17.1693,75.8396,-3.61291],"tipVelocity":[-21.4834,-6.23071,-23.7225],"tool":false,"touchDistance":0.33182,"touchZone":"hovering","type":1,"width":14.2917},{"bases":[[[0.957862,-0.155254,-0.241653],[0.0816885,0.953834,-0.289011],[0.275367,0.257092,0.926324]],[[0.971324,-0.141158,-0.191325],[0.11866,0.985113,-0.124387],[0.206035,0.0981177,0.973613]],[[0.971324,-0.141158,-0.191325],[0.0728029,0.942616,-0.325845],[0.226341,0.302572,0.925862]],[[0.971324,-0.141158,-0.191325],[0.00641907,0.819967,-0.572375],[0.237675,0.554733,0.797359]]],"btipPosition":[2.83504,73.9116,-20.9493],"carpPosition":[35.4383,107.806,103.293],"dipPosition":[6.41819,82.2747,-8.92841],"direction":[-0.226341,-0.302572,-0.925862],"extended":true,"handId":105,"id":1052,"length":53.7558,"mcpPosition":[19.5488,92.9714,49.8417],"pipPosition":[11.5817,89.1773,12.1933],"stabilizedTipPosition":[4.4016,76.7893,-18.0906],"timeVisible":4.31874,"tipPosition":[4.38357,76.2599,-18.56],"tipVelocity":[-28.6251,-17.8739,-16.7013],"tool":false,"touchDistance":0.333991,"touchZone":"hovering","type":2,"width":14.0363},{"bases":[[[0.979043,-0.187188,-0.0802239],[0.158651,0.948014,-0.275861],[0.127691,0.257352,0.957844]],[[0.974025,-0.196002,-0.113399],[0.18825,0.979211,-0.0755506],[0.12585,0.0522408,0.990673]],[[0.974025,-0.196002,-0.113399],[0.155934,0.9437,-0.291746],[0.164198,0.266485,0.94975]],[[0.974025,-0.196002,-0.113399],[0.101719,0.826135,-0.554214],[0.20231,0.528283,0.824613]]],"btipPosition":[27.189,77.7262,-18.5946],"carpPosition":[44.9969,106.772,100.006],"dipPosition":[30.2215,85.6448,-6.23426],"direction":[-0.164198,-0.266485,-0.94975],"extended":true,"handId":105,"id":1053,"length":51.6877,"mcpPosition":[38.3816,93.4397,50.3827],"pipPosition":[33.8706,91.5671,14.8729],"stabilizedTipPosition":[28.5476,80.2075,-15.5031],"timeVisible":4.31874,"tipPosition":[28.8676,80.3058,-16.1226],"tipVelocity":[-35.2624,-21.8321,-19.2493],"tool":false,"touchDistance":0.32673,"touchZone":"hovering","type":3,"width":13.3564},{"bases":[[[0.947479,-0.310193,0.0778657],[0.31965,0.926346,-0.199266],[-0.0103195,0.21369,0.976847]],[[0.947133,-0.306242,0.0956779],[0.303625,0.951902,0.0411715],[-0.103684,-0.00994469,0.994561]],[[0.947133,-0.306242,0.0956779],[0.319021,0.930625,-0.179339],[-0.0341193,0.200381,0.979124]],[[0.947133,-0.306242,0.0956779],[0.314479,0.827028,-0.465969],[0.063571,0.471423,0.879613]]],"btipPosition":[58.2187,81.1473,-2.53953],"carpPosition":[55.1263,100.776,100.047],"dipPosition":[59.0978,87.6663,9.62394],"direction":[0.0341193,-0.200381,-0.979124],"extended":true,"handId":105,"id":1054,"length":40.5222,"mcpPosition":[55.6212,90.5283,53.2],"pipPosition":[58.5624,90.8104,24.9874],"stabilizedTipPosition":[59.3306,83.2442,0.74548],"timeVisible":4.31874,"tipPosition":[59.0664,82.7501,0.498896],"tipVelocity":[-45.7866,-15.5695,-28.7146],"tool":false,"touchDistance":0.319892,"touchZone":"hovering","type":4,"width":11.8642}],"r":[[-0.415524,-0.181083,0.891375],[0.791029,0.411825,0.452409],[-0.449014,0.89309,-0.0278815]],"s":1.44865,"t":[55.2066,-80.5295,-86.2334],"timestamp":17688655731},{"currentFrameRate":110.666,"devices":[],"gestures":[],"hands":[{"armBasis":[[0.591014,-0.788375,-0.170787],[0.253766,-0.0192605,0.967074],[-0.765706,-0.614894,0.188679]],"armWidth":48.795,"confidence":1,"direction":[-0.253327,-0.109716,-0.961139],"elbow":[-133.295,-43.7427,167.472],"grabAngle":0.324446,"grabStrength":0,"id":105,"palmNormal":[0.0197914,-0.993927,0.108243],"palmPosition":[27.1011,91.8231,69.2563],"palmVelocity":[-21.7168,12.8677,-35.3502],"palmWidth":75.2548,"pinchDistance":67.4241,"pinchStrength":0,"r":[[-0.414982,-0.180431,0.891759],[0.791769,0.411228,0.451655],[-0.448209,0.893496,-0.0277926]],"s":1.44807,"sphereCenter":[16.0784,121.119,28.0183],"sphereRadius":58.3137,"stabilizedPalmPosition":[27.9626,91.7484,70.3369],"t":[55.0215,-80.4653,-86.4944],"timeVisible":4.32737,"type":"right","wrist":[37.6937,93.568,125.338]}],"id":70638,"interactionBox":{"center":[0,200,0],"size":[235.247,235.247,147.751]},"pointables":[{"bases":[[[0.322056,0.864207,-0.386557],[-0.688365,0.494076,0.531077],[0.649949,0.0950566,0.75401]],[[0.248267,0.848412,-0.467505],[-0.379478,0.529222,0.758894],[0.891269,-0.0110009,0.453342]],[[0.248267,0.848412,-0.467505],[-0.572943,0.517756,0.635346],[0.781089,0.110118,0.614634]],[[0.248267,0.848412,-0.467505],[-0.620478,0.509893,0.595833],[0.743889,0.142151,0.653011]]],"btipPosition":[-49.5967,86.6251,72.0803],"carpPosition":[22.5316,91.852,119.869],"dipPosition":[-35.6298,89.2941,84.3409],"direction":[-0.781089,-0.110118,-0.614634],"extended":true,"handId":105,"id":1050,"length":41.8103,"mcpPosition":[22.5316,91.852,119.869],"pipPosition":[-14.2646,92.3061,101.153],"stabilizedTipPosition":[-45.6823,85.4037,75.6348],"timeVisible":4.32737,"tipPosition":[-43.7157,85.5417,71.6155],"tipVelocity":[-29.0734,35.543,-26.2722],"tool":false,"touchDistance":0.303752,"touchZone":"hovering","type":0,"width":14.962},{"bases":[[[0.910914,-0.0267009,-0.411732],[-0.0807068,0.967096,-0.241271],[0.404627,0.253007,0.878786]],[[0.942377,-0.00481143,-0.334517],[-0.0266881,0.995629,-0.0895041],[0.333485,0.0932742,0.93813]],[[0.942377,-0.00481143,-0.334517],[-0.0932579,0.956485,-0.276477],[0.321291,0.291742,0.900921]],[[0.942377,-0.00481143,-0.334517],[-0.186446,0.822672,-0.537075],[0.277782,0.568496,0.77437]]],"btipPosition":[-19.7308,74.8397,-5.97043],"carpPosition":[26.4212,106.899,107.919],"dipPosition":[-15.9232,82.6321,4.64379],"direction":[-0.321291,-0.291742,-0.900921],"extended":true,"handId":105,"id":1051,"length":47.1783,"mcpPosition":[1.8009,91.504,54.4473],"pipPosition":[-9.69319,88.2891,22.1133],"stabilizedTipPosition":[-18.1899,77.3318,-3.14663],"timeVisible":4.32737,"tipPosition":[-17.4282,76.116,-3.91702],"tipVelocity":[-13.6739,0.610153,-32.0904],"tool":false,"touchDistance":0.327207,"touchZone":"hovering","type":1,"width":14.2917},{"bases":[[[0.957528,-0.156746,-0.242016],[0.0833589,0.953979,-0.288054],[0.276029,0.255646,0.926528]],[[0.971243,-0.142467,-0.19076],[0.119725,0.984791,-0.125911],[0.205797,0.0994512,0.973528]],[[0.971243,-0.142467,-0.19076],[0.0733567,0.941298,-0.329509],[0.226506,0.30604,0.924681]],[[0.971243,-0.142467,-0.19076],[0.00501202,0.81327,-0.581865],[0.238036,0.564177,0.790597]]],"btipPosition":[2.64587,73.7837,-21.119],"carpPosition":[35.2873,107.868,103.003],"dipPosition":[6.23447,82.2892,-9.20009],"direction":[-0.226506,-0.30604,-0.924681],"extended":true,"handId":105,"id":1052,"length":53.7558,"mcpPosition":[19.3597,93.1165,49.5398],"pipPosition":[11.4018,89.2709,11.8947],"stabilizedTipPosition":[4.26366,76.6337,-18.1332],"timeVisible":4.32737,"tipPosition":[4.13365,76.4845,-18.8639],"tipVelocity":[-21.7902,-11.0328,-22.4008],"tool":false,"touchDistance":0.330771,"touchZone":"hovering","type":2,"width":14.0363},{"bases":[[[0.978684,-0.188883,-0.0806236],[0.160314,0.948006,-0.274926],[0.128361,0.256141,0.958079]],[[0.97372,-0.197535,-0.113354],[0.189563,0.978816,-0.0773597],[0.126234,0.053839,0.990538]],[[0.97372,-0.197535,-0.113354],[0.156792,0.942411,-0.29543],[0.165183,0.269893,0.948616]],[[0.97372,-0.197535,-0.113354],[0.101092,0.82087,-0.562096],[0.204082,0.535865,0.819267]]],"btipPosition":[26.9386,77.59,-18.7899],"carpPosition":[44.8434,106.82,99.7129],"dipPosition":[29.9976,85.6222,-6.50969],"direction":[-0.165183,-0.269893,-0.948616],"extended":true,"handId":105,"id":1053,"length":51.6877,"mcpPosition":[38.1934,93.5501,50.0773],"pipPosition":[33.6686,91.6203,14.5722],"stabilizedTipPosition":[28.3691,80.0557,-15.5943],"timeVisible":4.32737,"tipPosition":[28.6204,80.479,-16.4293],"tipVelocity":[-28.3326,-12.7679,-24.7829],"tool":false,"touchDistance":0.323168,"touchZone":"hovering","type":3,"width":13.3564},{"bases":[[[0.946931,-0.311992,0.077347],[0.32129,0.925967,-0.198388],[-0.00972524,0.212711,0.977067]],[[0.946626,-0.308307,0.0940518],[0.305874,0.951247,0.0396408],[-0.101688,-0.00875703,0.994778]],[[0.946626,-0.308307,0.0940518],[0.320855,0.9292,-0.183413],[-0.0308453,0.2038,0.978526]],[[0.946626,-0.308307,0.0940518],[0.315106,0.823685,-0.471436],[0.0678782,0.47591,0.876871]]],"btipPosition":[57.8582,81.0742,-2.81049],"carpPosition":[54.9618,100.806,99.7457],"dipPosition":[58.7968,87.6552,9.31505],"direction":[0.0308453,-0.2038,-0.978526],"extended":true,"handId":105,"id":1054,"length":40.5222,"mcpPosition":[55.4282,90.6046,52.8879],"pipPosition":[58.3128,90.853,24.6691],"stabilizedTipPosition":[59.1176,83.133,0.615492],"timeVisible":4.32737,"tipPosition":[58.8366,82.8697,0.17516],"tipVelocity":[-40.214,-6.82558,-32.4316],"tool":false,"touchDistance":0.31523,"touchZone":"hovering","type":4,"width":11.8642}],"r":[[-0.414982,-0.180431,0.891759],[0.791769,0.411228,0.451655],[-0.448209,0.893496,-0.0277926]],"s":1.44807,"t":[55.0215,-80.4653,-86.4944],"timestamp":17688664355},{"currentFrameRate":110.878,"devices":[],"gestures":[],"hands":[{"armBasis":[[0.588873,-0.790015,-0.1706],[0.25483,-0.0188265,0.966802],[-0.767,-0.612798,0.190233]],"armWidth":48.795,"confidence":1,"direction":[-0.254703,-0.110144,-0.960726],"elbow":[-133.651,-43.0567,167.534],"grabAngle":0.332557,"grabStrength":0,"id":105,"palmNormal":[0.0174679,-0.993854,0.109311],"palmPosition":[26.9645,92.0058,68.9853],"palmVelocity":[-15.8072,21.1345,-31.3493],"palmWidth":75.2548,"pinchDistance":67.4754,"pinchStrength":0,"r":[[-0.414431,-0.17951,0.892201],[0.792667,0.410459,0.45078],[-0.447131,0.894036,-0.0278155]],"s":1.44714,"sphereCenter":[15.8865,117.552,28.5422],"sphereRadius":56.2719,"stabilizedPalmPosition":[27.9275,91.7574,70.2894],"t":[54.8607,-80.3419,-86.7604],"timeVisible":4.33601,"type":"right","wrist":[37.6258,93.786,125.053]}],"id":70639,"interactionBox":{"center":[0,200,0],"size":[235.247,235.247,147.751]},"pointables":[{"bases":[[[0.323738,0.862987,-0.387876],[-0.686535,0.496352,0.531324],[0.651048,0.0942805,0.753158]],[[0.249665,0.847243,-0.468879],[-0.377178,0.531057,0.758759],[0.891854,-0.0125853,0.452147]],[[0.249665,0.847243,-0.468879],[-0.570988,0.519883,0.63537],[0.782074,0.109094,0.613562]],[[0.249665,0.847243,-0.468879],[-0.618673,0.512063,0.595848],[0.744924,0.14132,0.65201]]],"btipPosition":[-49.7456,86.9835,71.9119],"carpPosition":[22.4533,92.1014,119.604],"dipPosition":[-35.7593,89.6369,84.1537],"direction":[-0.782074,-0.109094,-0.613562],"extended":true,"handId":105,"id":1050,"length":41.8103,"mcpPosition":[22.4533,92.1014,119.604],"pipPosition":[-14.3671,92.6209,100.937],"stabilizedTipPosition":[-45.7605,85.606,75.551],"timeVisible":4.33601,"tipPosition":[-43.868,85.9035,71.4366],"tipVelocity":[-16.7066,41.0466,-19.9827],"tool":false,"touchDistance":0.300873,"touchZone":"hovering","type":0,"width":14.962},{"bases":[[[0.910371,-0.0293964,-0.412748],[-0.0786022,0.967027,-0.24224],[0.40626,0.252972,0.878042]],[[0.942685,-0.00694591,-0.333611],[-0.0260138,0.995211,-0.0942279],[0.332668,0.0975057,0.93799]],[[0.942685,-0.00694591,-0.333611],[-0.0930642,0.954639,-0.282848],[0.320443,0.297683,0.899278]],[[0.942685,-0.00694591,-0.333611],[-0.185348,0.820464,-0.540819],[0.277472,0.571656,0.772152]]],"btipPosition":[-19.8363,74.7642,-6.1449],"carpPosition":[26.3662,107.125,107.632],"dipPosition":[-16.033,82.5998,4.43891],"direction":[-0.320443,-0.297683,-0.899278],"extended":true,"handId":105,"id":1051,"length":47.1783,"mcpPosition":[1.64653,91.7328,54.2058],"pipPosition":[-9.81937,88.3721,21.8765],"stabilizedTipPosition":[-18.2566,77.2657,-3.19538],"timeVisible":4.33601,"tipPosition":[-17.7141,76.3333,-4.111],"tipVelocity":[-12.3179,-7.58862,-20.9936],"tool":false,"touchDistance":0.324183,"touchZone":"hovering","type":1,"width":14.2917},{"bases":[[[0.95686,-0.15937,-0.242942],[0.0853768,0.953455,-0.289197],[0.277724,0.255979,0.925929]],[[0.970964,-0.144722,-0.190485],[0.121098,0.984044,-0.130355],[0.206311,0.103502,0.972997]],[[0.970964,-0.144722,-0.190485],[0.0740185,0.938929,-0.336057],[0.227487,0.3122,0.922378]],[[0.970964,-0.144722,-0.190485],[0.00375459,0.805378,-0.592749],[0.239197,0.574823,0.782537]]],"btipPosition":[2.43,73.5062,-21.1879],"carpPosition":[35.229,108.067,102.705],"dipPosition":[6.03609,82.1721,-9.3905],"direction":[-0.227487,-0.3122,-0.922378],"extended":true,"handId":105,"id":1052,"length":53.7558,"mcpPosition":[19.2036,93.2967,49.2763],"pipPosition":[11.2258,89.2944,11.6518],"stabilizedTipPosition":[4.11814,76.4693,-18.1826],"timeVisible":4.33601,"tipPosition":[3.84195,76.5973,-19.0751],"tipVelocity":[-24.5078,-27.8355,-11.2034],"tool":false,"touchDistance":0.329157,"touchZone":"hovering","type":2,"width":14.0363},{"bases":[[[0.978123,-0.191382,-0.0815397],[0.162332,0.947306,-0.276151],[0.130093,0.256873,0.957649]],[[0.973153,-0.199976,-0.113941],[0.191366,0.978073,-0.0821713],[0.127875,0.0581609,0.990083]],[[0.973153,-0.199976,-0.113941],[0.157857,0.940188,-0.301873],[0.167493,0.275783,0.946515]],[[0.973153,-0.199976,-0.113941],[0.100509,0.814596,-0.571253],[0.207053,0.544465,0.812827]]],"btipPosition":[26.6294,77.3096,-18.9159],"carpPosition":[44.7787,106.992,99.405],"dipPosition":[29.7329,85.4707,-6.73228],"direction":[-0.167493,-0.275783,-0.946515],"extended":true,"handId":105,"id":1053,"length":51.6877,"mcpPosition":[38.0389,93.6844,49.7917],"pipPosition":[33.4553,91.5997,14.303],"stabilizedTipPosition":[28.1777,79.8936,-15.6912],"timeVisible":4.33601,"tipPosition":[28.3336,80.5321,-16.6761],"tipVelocity":[-34.5839,-29.0053,-17.1501],"tool":false,"touchDistance":0.320697,"touchZone":"hovering","type":3,"width":13.3564},{"bases":[[[0.946248,-0.31424,0.0766024],[0.323341,0.924955,-0.199774],[-0.00807694,0.213804,0.976843]],[[0.946017,-0.310959,0.0914183],[0.30899,0.950409,0.0353128],[-0.0978656,-0.00515909,0.995186]],[[0.946017,-0.310959,0.0914183],[0.323097,0.927116,-0.189904],[-0.0257032,0.209189,0.977537]],[[0.946017,-0.310959,0.0914183],[0.315608,0.819569,-0.478223],[0.0737841,0.48126,0.873467]]],"btipPosition":[57.4288,80.9086,-3.06164],"carpPosition":[54.8823,100.953,99.4328],"dipPosition":[58.4491,87.5635,9.01684],"direction":[0.0257032,-0.209189,-0.977537],"extended":true,"handId":105,"id":1054,"length":40.5222,"mcpPosition":[55.2697,90.6996,52.5857],"pipPosition":[58.0458,90.8459,24.3554],"stabilizedTipPosition":[58.8928,83.0258,0.476503],"timeVisible":4.33601,"tipPosition":[58.583,82.891,-0.124981],"tipVelocity":[-47.4983,-17.1934,-30.3071],"tool":false,"touchDistance":0.310864,"touchZone":"hovering","type":4,"width":11.8642}],"r":[[-0.414431,-0.17951,0.892201],[0.792667,0.410459,0.45078],[-0.447131,0.894036,-0.0278155]],"s":1.44714,"t":[54.8607,-80.3419,-86.7604],"timestamp":17688672999},{"currentFrameRate":110.99,"devices":[],"gestures":[],"hands":[{"armBasis":[[0.586132,-0.792062,-0.170546],[0.257075,-0.0178092,0.966227],[-0.76835,-0.61018,0.193181]],"armWidth":48.795,"confidence":1,"direction":[-0.257314,-0.11115,-0.959914],"elbow":[-133.842,-42.0422,167.892],"grabAngle":0.339895,"grabStrength":0,"id":105,"palmNormal":[0.0147964,-0.9937,0.111096],"palmPosition":[26.9364,92.3646,68.714],"palmVelocity":[-3.19171,40.7084,-30.7858],"palmWidth":75.2548,"pinchDistance":67.5408,"pinchStrength":0,"r":[[-0.41367,-0.178201,0.892817],[0.793839,0.409539,0.449552],[-0.445754,0.894719,-0.0279509]],"s":1.44601,"sphereCenter":[15.7828,113.708,29.1613],"sphereRadius":54.2082,"stabilizedPalmPosition":[27.8932,91.7784,70.235],"t":[54.7662,-80.1008,-87.0291],"timeVisible":4.34482,"type":"right","wrist":[37.7364,94.2159,124.753]}],"id":70640,"interactionBox":{"center":[0,200,0],"size":[235.247,235.247,147.751]},"pointables":[{"bases":[[[0.325358,0.861315,-0.390229],[-0.6838,0.49935,0.53204],[0.653115,0.0937355,0.751435]],[[0.251233,0.845693,-0.470835],[-0.373432,0.533463,0.758923],[0.892989,-0.0148416,0.449833]],[[0.251233,0.845693,-0.470835],[-0.567586,0.522744,0.636071],[0.784046,0.107437,0.611334]],[[0.251233,0.845693,-0.470835],[-0.615513,0.515,0.596589],[0.747011,0.139922,0.64992]]],"btipPosition":[-49.7929,87.613,71.8467],"carpPosition":[22.546,92.5661,119.343],"dipPosition":[-35.7674,90.2401,84.0493],"direction":[-0.784046,-0.107437,-0.611334],"extended":true,"handId":105,"id":1050,"length":41.8103,"mcpPosition":[22.546,92.5661,119.343],"pipPosition":[-14.3212,93.1789,100.771],"stabilizedTipPosition":[-45.8388,85.8596,75.4639],"timeVisible":4.34482,"tipPosition":[-43.9151,86.4808,71.3539],"tipVelocity":[-4.34009,70.7423,-8.42734],"tool":false,"touchDistance":0.299635,"touchZone":"hovering","type":0,"width":14.962},{"bases":[[[0.909294,-0.0328413,-0.414855],[-0.076326,0.96681,-0.24383],[0.409094,0.253377,0.876608]],[[0.942694,-0.00969141,-0.333519],[-0.0252566,0.994638,-0.10029],[0.332702,0.102967,0.937394]],[[0.942694,-0.00969141,-0.333519],[-0.0930811,0.952256,-0.290765],[0.320413,0.305147,0.896784]],[[0.942694,-0.00969141,-0.333519],[-0.18437,0.817984,-0.544894],[0.278094,0.575159,0.769322]]],"btipPosition":[-19.9093,74.7897,-6.24779],"carpPosition":[26.4747,107.557,107.334],"dipPosition":[-16.0975,82.6734,4.29723],"direction":[-0.320413,-0.305147,-0.896784],"extended":true,"handId":105,"id":1051,"length":47.1783,"mcpPosition":[1.58258,92.1393,53.9952],"pipPosition":[-9.88451,88.5904,21.6865],"stabilizedTipPosition":[-18.3109,77.2193,-3.23924],"timeVisible":4.34482,"tipPosition":[-17.9879,76.6882,-4.23683],"tipVelocity":[-8.0703,4.15231,-12.6871],"tool":false,"touchDistance":0.322319,"touchZone":"hovering","type":1,"width":14.2917},{"bases":[[[0.955804,-0.16264,-0.244922],[0.0875,0.952667,-0.291151],[0.280682,0.256852,0.924794]],[[0.97048,-0.147462,-0.190848],[0.122476,0.983007,-0.136737],[0.207769,0.109326,0.972049]],[[0.97048,-0.147462,-0.190848],[0.0745113,0.935915,-0.344255],[0.229382,0.319873,0.919274]],[[0.97048,-0.147462,-0.190848],[0.00232133,0.796982,-0.603999],[0.24117,0.585726,0.773797]]],"btipPosition":[2.22946,73.2872,-21.2039],"carpPosition":[35.3285,108.463,102.384],"dipPosition":[5.8653,82.1175,-9.53822],"direction":[-0.229382,-0.319873,-0.919274],"extended":true,"handId":105,"id":1052,"length":53.7558,"mcpPosition":[19.1324,93.6423,49.0211],"pipPosition":[11.0982,89.4148,11.4332],"stabilizedTipPosition":[3.96445,76.3012,-18.232],"timeVisible":4.34482,"tipPosition":[3.54358,76.8155,-19.2399],"tipVelocity":[-21.978,-20.5591,-5.25065],"tool":false,"touchDistance":0.328385,"touchZone":"hovering","type":2,"width":14.0363},{"bases":[[[0.977357,-0.19442,-0.0835116],[0.164467,0.946315,-0.278277],[0.133131,0.258241,0.956864]],[[0.972422,-0.20285,-0.115097],[0.193289,0.977095,-0.0890178],[0.130518,0.0643158,0.989358]],[[0.972422,-0.20285,-0.115097],[0.159006,0.937636,-0.309122],[0.170625,0.282296,0.944032]],[[0.972422,-0.20285,-0.115097],[0.100112,0.808758,-0.579558],[0.21065,0.552052,0.806762]]],"btipPosition":[26.3422,77.1214,-19.0444],"carpPosition":[44.8671,107.354,99.0637],"dipPosition":[29.4996,85.3963,-6.95171],"direction":[-0.170625,-0.282296,-0.944032],"extended":true,"handId":105,"id":1053,"length":51.6877,"mcpPosition":[37.9699,93.9753,49.491],"pipPosition":[33.2916,91.67,14.0284],"stabilizedTipPosition":[27.983,79.7411,-15.7915],"timeVisible":4.34482,"tipPosition":[28.0432,80.6883,-16.9129],"tipVelocity":[-31.1846,-18.3857,-16.9565],"tool":false,"touchDistance":0.318206,"touchZone":"hovering","type":3,"width":13.3564},{"bases":[[[0.945497,-0.316893,0.0749312],[0.325591,0.923628,-0.202241],[-0.00511992,0.215615,0.976465]],[[0.945339,-0.313926,0.0882252],[0.312586,0.949447,0.0289751],[-0.0928612,0.000186652,0.995679]],[[0.945339,-0.313926,0.0882252],[0.325502,0.924661,-0.197613],[-0.0195423,0.215529,0.976302]],[[0.945339,-0.313926,0.0882252],[0.316027,0.815315,-0.485167],[0.0803755,0.486529,0.869959]]],"btipPosition":[57.0278,80.8297,-3.34382],"carpPosition":[54.9529,101.285,99.0786],"dipPosition":[58.1393,87.5575,8.68615],"direction":[0.0195423,-0.215529,-0.976302],"extended":true,"handId":105,"id":1054,"length":40.5222,"mcpPosition":[55.1984,90.9447,52.2496],"pipPosition":[57.8326,90.9394,24.0053],"stabilizedTipPosition":[58.6707,82.9362,0.331118],"timeVisible":4.34482,"tipPosition":[58.3448,83.0188,-0.456445],"tipVelocity":[-43.1243,-7.04693,-33.2841],"tool":false,"touchDistance":0.305975,"touchZone":"hovering","type":4,"width":11.8642}],"r":[[-0.41367,-0.178201,0.892817],[0.793839,0.409539,0.449552],[-0.445754,0.894719,-0.0279509]],"s":1.44601,"t":[54.7662,-80.1008,-87.0291],"timestamp":17688681812},{"currentFrameRate":111.237,"devices":[],"gestures":[],"hands":[{"armBasis":[[0.58308,-0.794784,-0.168333],[0.258585,-0.0148625,0.965874],[-0.770163,-0.60671,0.196854]],"armWidth":48.795,"confidence":1,"direction":[-0.259265,-0.114069,-0.959046],"elbow":[-134.073,-40.6321,168.41],"grabAngle":0.347224,"grabStrength":0,"id":105,"palmNormal":[0.0115017,-0.993295,0.115033],"palmPosition":[27.0129,92.8145,68.4371],"palmVelocity":[8.94848,52.5948,-32.3676],"palmWidth":75.2548,"pinchDistance":67.6368,"pinchStrength":0,"r":[[-0.412893,-0.176153,0.893582],[0.795207,0.408601,0.447985],[-0.444033,0.895553,-0.0286303]],"s":1.44476,"sphereCenter":[15.8073,109.793,29.7788],"sphereRadius":52.3499,"stabilizedPalmPosition":[27.8632,91.8137,70.1737],"t":[54.7572,-79.7552,-87.3019],"timeVisible":4.35338,"type":"right","wrist":[37.9107,94.8511,124.451]}],"id":70641,"interactionBox":{"center":[0,200,0],"size":[235.247,235.247,147.751]},"pointables":[{"bases":[[[0.327732,0.858609,-0.394186],[-0.681182,0.503857,0.531149],[0.654662,0.0944377,0.749999]],[[0.25379,0.843027,-0.474233],[-0.369529,0.5376,0.757915],[0.89389,-0.0171082,0.44796]],[[0.25379,0.843027,-0.474233],[-0.564002,0.527287,0.635508],[0.785807,0.106183,0.609288]],[[0.25379,0.843027,-0.474233],[-0.612103,0.519602,0.596107],[0.748946,0.138994,0.647889]]],"btipPosition":[-49.7548,88.4252,71.747],"carpPosition":[22.7058,93.233,119.072],"dipPosition":[-35.6929,91.0349,83.9114],"direction":[-0.785807,-0.106183,-0.609288],"extended":true,"handId":105,"id":1050,"length":41.8103,"mcpPosition":[22.7058,93.233,119.072],"pipPosition":[-14.1986,93.9394,100.577],"stabilizedTipPosition":[-45.9062,86.1724,75.373],"timeVisible":4.35338,"tipPosition":[-43.8698,87.2003,71.2342],"tipVelocity":[5.43005,94.4745,-12.6762],"tool":false,"touchDistance":0.297828,"touchZone":"hovering","type":0,"width":14.962},{"bases":[[[0.908497,-0.0376789,-0.416189],[-0.0733412,0.966093,-0.247559],[0.411405,0.255431,0.874929]],[[0.94308,-0.0135541,-0.332288],[-0.0238267,0.993848,-0.108163],[0.33171,0.109923,0.936955]],[[0.94308,-0.0135541,-0.332288],[-0.0926362,0.948917,-0.301621],[0.319402,0.315235,0.893649]],[[0.94308,-0.0135541,-0.332288],[-0.18277,0.813625,-0.551914],[0.277839,0.581232,0.764836]]],"btipPosition":[-19.8001,74.7513,-6.34534],"carpPosition":[26.6673,108.162,106.997],"dipPosition":[-15.9918,82.7182,4.1382],"direction":[-0.319402,-0.315235,-0.893649],"extended":true,"handId":105,"id":1051,"length":47.1783,"mcpPosition":[1.63455,92.6195,53.7603],"pipPosition":[-9.79835,88.8308,21.4667],"stabilizedTipPosition":[-18.347,77.1819,-3.28017],"timeVisible":4.35338,"tipPosition":[-18.1065,76.9944,-4.36649],"tipVelocity":[12.6772,-2.25512,-13.0555],"tool":false,"touchDistance":0.320458,"touchZone":"hovering","type":1,"width":14.2917},{"bases":[[[0.954829,-0.166962,-0.245815],[0.090357,0.951188,-0.295088],[0.283085,0.259548,0.923308]],[[0.970192,-0.150972,-0.189566],[0.124432,0.98159,-0.144904],[0.207953,0.116997,0.971117]],[[0.970192,-0.150972,-0.189566],[0.0757117,0.931913,-0.354691],[0.230207,0.329766,0.915565]],[[0.970192,-0.150972,-0.189566],[0.00195441,0.787087,-0.616838],[0.24233,0.598081,0.763921]]],"btipPosition":[2.23502,72.9775,-21.2035],"carpPosition":[35.5162,109.018,102.029],"dipPosition":[5.88836,81.9941,-9.68673],"direction":[-0.230207,-0.329766,-0.915565],"extended":true,"handId":105,"id":1052,"length":53.7558,"mcpPosition":[19.1814,94.0412,48.7519],"pipPosition":[11.1401,89.5171,11.2001],"stabilizedTipPosition":[3.83925,76.1252,-18.2774],"timeVisible":4.35338,"tipPosition":[3.41162,76.9357,-19.3889],"tipVelocity":[1.12022,-31.1968,-3.95791],"tool":false,"touchDistance":0.327821,"touchZone":"hovering","type":2,"width":14.0363},{"bases":[[[0.976534,-0.198174,-0.0843144],[0.167322,0.944618,-0.282313],[0.135592,0.261581,0.95561]],[[0.971688,-0.206454,-0.114889],[0.195731,0.97575,-0.0979871],[0.132332,0.0727257,0.988534]],[[0.971688,-0.206454,-0.114889],[0.160905,0.934313,-0.318069],[0.173008,0.290578,0.941081]],[[0.971688,-0.206454,-0.114889],[0.100917,0.80234,-0.588274],[0.213631,0.560025,0.800459]]],"btipPosition":[26.2303,76.8512,-19.1558],"carpPosition":[45.0454,107.862,98.6978],"dipPosition":[29.4324,85.2455,-7.15756],"direction":[-0.173008,-0.290578,-0.941081],"extended":true,"handId":105,"id":1053,"length":51.6877,"mcpPosition":[38.0207,94.3101,49.1901],"pipPosition":[33.2773,91.7033,13.7569],"stabilizedTipPosition":[27.8233,79.5903,-15.8866],"timeVisible":4.35338,"tipPosition":[27.9163,80.7458,-17.1265],"tipVelocity":[-11.8772,-28.3823,-15.5581],"tool":false,"touchDistance":0.315988,"touchZone":"hovering","type":3,"width":13.3564},{"bases":[[[0.944503,-0.319903,0.0746668],[0.32849,0.921669,-0.206448],[-0.0027748,0.219518,0.975605]],[[0.944404,-0.317277,0.0862348],[0.316671,0.948303,0.0209808],[-0.0884335,0.00749368,0.996054]],[[0.944404,-0.317277,0.0862348],[0.328501,0.92148,-0.207271],[-0.0137016,0.224076,0.974475]],[[0.944404,-0.317277,0.0862348],[0.317117,0.809735,-0.493727],[0.0868206,0.493624,0.865331]]],"btipPosition":[56.766,80.6756,-3.57854],"carpPosition":[55.1099,101.758,98.7206],"dipPosition":[57.9666,87.5015,8.38743],"direction":[0.0137016,-0.224076,-0.974475],"extended":true,"handId":105,"id":1054,"length":40.5222,"mcpPosition":[55.243,91.2301,51.9329],"pipPosition":[57.7516,91.0175,23.6779],"stabilizedTipPosition":[58.4837,82.8569,0.198168],"timeVisible":4.35338,"tipPosition":[58.2544,83.0689,-0.747565],"tipVelocity":[-28.208,-15.3764,-29.1568],"tool":false,"touchDistance":0.301818,"touchZone":"hovering","type":4,"width":11.8642}],"r":[[-0.412893,-0.176153,0.893582],[0.795207,0.408601,0.447985],[-0.444033,0.895553,-0.0286303]],"s":1.44476,"t":[54.7572,-79.7552,-87.3019],"timestamp":17688690367},{"currentFrameRate":111.348,"devices":[],"gestures":[],"hands":[{"armBasis":[[0.580615,-0.797372,-0.164569],[0.261068,-0.00912316,0.965277],[-0.771187,-0.603419,0.202871]],"armWidth":48.795,"confidence":1,"direction":[-0.262057,-0.119758,-0.957593],"elbow":[-133.964,-38.9788,169.425],"grabAngle":0.353586,"grabStrength":0,"id":105,"palmNormal":[0.00927608,-0.992537,0.12159],"palmPosition":[27.1996,93.3895,68.1516],"palmVelocity":[21.2449,65.4431,-32.5002],"palmWidth":75.2548,"pinchDistance":67.7683,"pinchStrength":0,"r":[[-0.411891,-0.173119,0.894637],[0.796739,0.408033,0.445776],[-0.442214,0.896403,-0.0301343]],"s":1.44352,"sphereCenter":[15.9333,106.138,30.3378],"sphereRadius":50.8563,"stabilizedPalmPosition":[27.8384,91.8726,70.0982],"t":[54.8461,-79.295,-87.581],"timeVisible":4.36216,"type":"right","wrist":[38.2487,95.7694,124.122]}],"id":70642,"interactionBox":{"center":[0,200,0],"size":[235.247,235.247,147.751]},"pointables":[{"bases":[[[0.328884,0.855136,-0.400722],[-0.678509,0.509108,0.52956],[0.656857,0.0977295,0.747655]],[[0.255944,0.839559,-0.479201],[-0.36437,0.542935,0.756608],[0.895392,-0.0190429,0.444871]],[[0.255944,0.839559,-0.479201],[-0.559711,0.532871,0.634643],[0.788173,0.105781,0.606296]],[[0.255944,0.839559,-0.479201],[-0.608647,0.525076,0.594848],[0.751027,0.139417,0.645385]]],"btipPosition":[-49.6006,89.4297,71.725],"carpPosition":[23.0257,94.1546,118.793],"dipPosition":[-35.4997,92.0473,83.8424],"direction":[-0.788173,-0.105781,-0.606296],"extended":true,"handId":105,"id":1050,"length":41.8103,"mcpPosition":[23.0257,94.1546,118.793],"pipPosition":[-13.9407,94.9408,100.426],"stabilizedTipPosition":[-45.9553,86.5928,75.2792],"timeVisible":4.36216,"tipPosition":[-43.7261,88.0035,71.2154],"tipVelocity":[18.5716,114.536,-3.73969],"tool":false,"touchDistance":0.297856,"touchZone":"hovering","type":0,"width":14.962},{"bases":[[[0.907308,-0.0427621,-0.418286],[-0.0715304,0.964616,-0.253772],[0.414337,0.260169,0.872145]],[[0.943355,-0.0172152,-0.33134],[-0.0235942,0.992644,-0.118749],[0.330946,0.11984,0.936009]],[[0.943355,-0.0172152,-0.33134],[-0.0934458,0.944441,-0.315119],[0.318355,0.328231,0.889334]],[[0.943355,-0.0172152,-0.33134],[-0.182326,0.807451,-0.561053],[0.277199,0.589684,0.758574]]],"btipPosition":[-19.5967,74.5843,-6.36123],"carpPosition":[26.9937,108.993,106.61],"dipPosition":[-15.7971,82.6671,4.03646],"direction":[-0.318355,-0.328231,-0.889334],"extended":true,"handId":105,"id":1051,"length":47.1783,"mcpPosition":[1.78256,93.1622,53.5422],"pipPosition":[-9.62402,89.0317,21.2812],"stabilizedTipPosition":[-18.3718,77.1332,-3.32561],"timeVisible":4.36216,"tipPosition":[-18.1658,77.1817,-4.41543],"tipVelocity":[22.9212,-15.9701,-4.05635],"tool":false,"touchDistance":0.319864,"touchZone":"hovering","type":1,"width":14.2917},{"bases":[[[0.953756,-0.171032,-0.247178],[0.0920047,0.948977,-0.301625],[0.286154,0.264935,0.920829]],[[0.970042,-0.153814,-0.188041],[0.125176,0.979834,-0.155745],[0.208204,0.127541,0.969734]],[[0.970042,-0.153814,-0.188041],[0.0757876,0.927005,-0.367311],[0.230812,0.342056,0.910891]],[[0.970042,-0.153814,-0.188041],[0.000728168,0.77587,-0.630893],[0.242935,0.611856,0.752738]]],"btipPosition":[2.34078,72.5462,-21.1477],"carpPosition":[35.8317,109.793,101.613],"dipPosition":[6.00324,81.7705,-9.79953],"direction":[-0.230812,-0.342056,-0.910891],"extended":true,"handId":105,"id":1052,"length":53.7558,"mcpPosition":[19.3198,94.5057,48.4791],"pipPosition":[11.2688,89.5739,10.9807],"stabilizedTipPosition":[3.74492,75.9157,-18.3148],"timeVisible":4.36216,"tipPosition":[3.32406,76.915,-19.4746],"tipVelocity":[12.2764,-43.6451,1.93674],"tool":false,"touchDistance":0.328105,"touchZone":"hovering","type":2,"width":14.0363},{"bases":[[[0.975803,-0.201228,-0.0855309],[0.168986,0.942295,-0.289006],[0.138752,0.26756,0.953499]],[[0.971091,-0.209336,-0.114721],[0.197087,0.974256,-0.109464],[0.134683,0.0836895,0.987348]],[[0.971091,-0.209336,-0.114721],[0.161751,0.930482,-0.328693],[0.175553,0.300634,0.937443]],[[0.971091,-0.209336,-0.114721],[0.100764,0.795147,-0.597986],[0.2164,0.569139,0.793254]]],"btipPosition":[26.1881,76.5173,-19.248],"carpPosition":[45.3492,108.591,98.2649],"dipPosition":[29.4317,85.0482,-7.35777],"direction":[-0.175553,-0.300634,-0.937443],"extended":true,"handId":105,"id":1053,"length":51.6877,"mcpPosition":[38.1608,94.7293,48.8665],"pipPosition":[33.3332,91.7295,13.4759],"stabilizedTipPosition":[27.6875,79.4207,-15.9823],"timeVisible":4.36216,"tipPosition":[27.8294,80.7035,-17.3147],"tipVelocity":[-3.71515,-34.4256,-13.3227],"tool":false,"touchDistance":0.314037,"touchZone":"hovering","type":3,"width":13.3564},{"bases":[[[0.943879,-0.321818,0.0743369],[0.330292,0.919437,-0.213409],[0.000330833,0.225985,0.974131]],[[0.943831,-0.319443,0.0844945],[0.319726,0.947451,0.0105317],[-0.0834187,0.0170749,0.996368]],[[0.943831,-0.319443,0.0844945],[0.330334,0.91832,-0.218101],[-0.00792199,0.233762,0.972262]],[[0.943831,-0.319443,0.0844945],[0.317113,0.803817,-0.503308],[0.0928602,0.501831,0.859966]]],"btipPosition":[56.5889,80.5317,-3.82639],"carpPosition":[55.3982,102.461,98.302],"dipPosition":[57.873,87.4711,8.0654],"direction":[0.00792199,-0.233762,-0.972262],"extended":true,"handId":105,"id":1054,"length":40.5222,"mcpPosition":[55.3823,91.6234,51.585],"pipPosition":[57.7487,91.1391,23.3212],"stabilizedTipPosition":[58.3344,82.7888,0.0777982],"timeVisible":4.36216,"tipPosition":[58.2168,83.0922,-1.04835],"tipVelocity":[-17.972,-13.407,-30.1518],"tool":false,"touchDistance":0.297403,"touchZone":"hovering","type":4,"width":11.8642}],"r":[[-0.411891,-0.173119,0.894637],[0.796739,0.408033,0.445776],[-0.442214,0.896403,-0.0301343]],"s":1.44352,"t":[54.8461,-79.295,-87.581],"timestamp":17688699153},{"currentFrameRate":111.508,"devices":[],"gestures":[],"hands":[{"armBasis":[[0.578718,-0.799448,-0.161147],[0.262053,-0.00482683,0.965041],[-0.772278,-0.600716,0.206704]],"armWidth":48.795,"confidence":1,"direction":[-0.263313,-0.124012,-0.956707],"elbow":[-133.863,-37.4129,169.962],"grabAngle":0.358753,"grabStrength":0,"id":105,"palmNormal":[0.00725621,-0.99193,0.12658],"palmPosition":[27.4804,94.0939,67.8574],"palmVelocity":[32.3221,81.0872,-33.8595],"palmWidth":75.2548,"pinchDistance":67.9152,"pinchStrength":0,"r":[[-0.410971,-0.169611,0.895732],[0.79823,0.407674,0.443431],[-0.440378,0.897237,-0.0321536]],"s":1.44235,"sphereCenter":[16.2182,102.617,30.9578],"sphereRadius":49.6214,"stabilizedPalmPosition":[27.8238,91.9631,70.0068],"t":[55.0309,-78.7127,-87.8677],"timeVisible":4.37085,"type":"right","wrist":[38.5929,96.7317,123.804]}],"id":70643,"interactionBox":{"center":[0,200,0],"size":[235.247,235.247,147.751]},"pointables":[{"bases":[[[0.330315,0.852392,-0.405365],[-0.676855,0.513239,0.527687],[0.657845,0.10007,0.746476]],[[0.259716,0.837255,-0.481198],[-0.35999,0.546321,0.756268],[0.896078,-0.0231883,0.443291]],[[0.259716,0.837255,-0.481198],[-0.555805,0.53709,0.634519],[0.789701,0.102658,0.604841]],[[0.259716,0.837255,-0.481198],[-0.604261,0.52959,0.595317],[0.75327,0.136156,0.643463]]],"btipPosition":[-49.3776,90.716,71.5717],"carpPosition":[23.3609,95.1231,118.499],"dipPosition":[-35.2346,93.2724,83.653],"direction":[-0.789701,-0.102658,-0.604841],"extended":true,"handId":105,"id":1050,"length":41.8103,"mcpPosition":[23.3609,95.1231,118.499],"pipPosition":[-13.6338,96.0805,100.197],"stabilizedTipPosition":[-45.9756,87.1568,75.168],"timeVisible":4.37085,"tipPosition":[-43.5197,88.9373,71.1039],"tipVelocity":[26.7801,146.453,-18.6001],"tool":false,"touchDistance":0.296984,"touchZone":"hovering","type":0,"width":14.962},{"bases":[[[0.906778,-0.0468353,-0.419],[-0.0697084,0.963478,-0.258556],[0.415807,0.26366,0.870395]],[[0.944361,-0.0197802,-0.328315],[-0.0237931,0.991467,-0.128172],[0.328049,0.128852,0.935832]],[[0.944361,-0.0197802,-0.328315],[-0.093983,0.940345,-0.326985],[0.315197,0.339648,0.886166]],[[0.944361,-0.0197802,-0.328315],[-0.180812,0.802608,-0.568442],[0.274752,0.596178,0.754376]]],"btipPosition":[-19.1369,74.6492,-6.50277],"carpPosition":[27.3483,109.891,106.237],"dipPosition":[-15.3709,82.821,3.83738],"direction":[-0.315197,-0.339648,-0.886166],"extended":true,"handId":105,"id":1051,"length":47.1783,"mcpPosition":[2.04771,93.8481,53.2756],"pipPosition":[-9.25899,89.407,21.0207],"stabilizedTipPosition":[-18.3649,77.0921,-3.37995],"timeVisible":4.37085,"tipPosition":[-18.0036,77.5872,-4.56681],"tipVelocity":[52.0424,9.82953,-17.8165],"tool":false,"touchDistance":0.317284,"touchZone":"hovering","type":1,"width":14.2917},{"bases":[[[0.953126,-0.174342,-0.247296],[0.0937426,0.947244,-0.306498],[0.287685,0.268949,0.919186]],[[0.970351,-0.155816,-0.184773],[0.125605,0.978215,-0.165284],[0.206501,0.137175,0.968783]],[[0.970351,-0.155816,-0.184773],[0.0760196,0.922418,-0.378637],[0.229435,0.353364,0.906914]],[[0.970351,-0.155816,-0.184773],[0.00066323,0.76618,-0.642625],[0.2417,0.623449,0.743567]]],"btipPosition":[2.71942,72.3633,-21.1733],"carpPosition":[36.1828,110.647,101.227],"dipPosition":[6.36326,81.7624,-9.9634],"direction":[-0.229435,-0.353364,-0.906914],"extended":true,"handId":105,"id":1052,"length":53.7558,"mcpPosition":[19.5825,95.1281,48.1877],"pipPosition":[11.5974,89.8237,10.7261],"stabilizedTipPosition":[3.71862,75.7206,-18.3542],"timeVisible":4.37085,"tipPosition":[3.48071,77.1384,-19.6238],"tipVelocity":[43.0935,-16.4269,-6.60814],"tool":false,"touchDistance":0.327148,"touchZone":"hovering","type":2,"width":14.0363},{"bases":[[[0.975276,-0.203771,-0.0855214],[0.170723,0.940458,-0.293925],[0.140323,0.272058,0.951995]],[[0.970793,-0.21158,-0.11311],[0.19811,0.972869,-0.119492],[0.135323,0.0935934,0.986371]],[[0.970793,-0.21158,-0.11311],[0.162684,0.927042,-0.337826],[0.176335,0.309558,0.934387]],[[0.970793,-0.21158,-0.11311],[0.101534,0.789475,-0.605326],[0.217373,0.576162,0.7879]]],"btipPosition":[26.3967,76.4422,-19.3768],"carpPosition":[45.6942,109.407,97.875],"dipPosition":[29.655,85.0784,-7.56675],"direction":[-0.176335,-0.309558,-0.934387],"extended":true,"handId":105,"id":1053,"length":51.6877,"mcpPosition":[38.4244,95.3127,48.5546],"pipPosition":[33.5738,91.958,13.199],"stabilizedTipPosition":[27.615,79.2878,-16.0731],"timeVisible":4.37085,"tipPosition":[27.9749,80.9197,-17.5248],"tipVelocity":[24.4044,-5.85804,-16.9445],"tool":false,"touchDistance":0.311584,"touchZone":"hovering","type":3,"width":13.3564},{"bases":[[[0.943257,-0.323485,0.0749848],[0.332057,0.917632,-0.21838],[0.00183417,0.230888,0.972979]],[[0.943235,-0.321354,0.083905],[0.322344,0.946621,0.00184495],[-0.0800191,0.025306,0.996472]],[[0.943235,-0.321354,0.083905],[0.332103,0.915641,-0.226516],[-0.00403507,0.241523,0.970387]],[[0.943235,-0.321354,0.083905],[0.317715,0.799424,-0.509881],[0.0967765,0.507595,0.856144]]],"btipPosition":[56.6369,80.6566,-4.06112],"carpPosition":[55.7299,103.256,97.9327],"dipPosition":[57.9752,87.6757,7.77781],"direction":[0.00403507,-0.241523,-0.970387],"extended":true,"handId":105,"id":1054,"length":40.5222,"mcpPosition":[55.642,92.1833,51.271],"pipPosition":[57.9118,91.4655,23.0042],"stabilizedTipPosition":[58.2347,82.7517,-0.0237351],"timeVisible":4.37085,"tipPosition":[58.3845,83.3668,-1.32186],"tipVelocity":[6.96447,16.4911,-28.4203],"tool":false,"touchDistance":0.293288,"to