{"frames":64,"data":[{"currentFrameRate":115.602,"devices":[],"gestures":[],"hands":[{"armBasis":[[0.706957,-0.650213,-0.278271],[0.175278,-0.220105,0.9596],[-0.685193,-0.72717,-0.0416369]],"armWidth":57.4912,"confidence":1,"direction":[-0.300269,0.22317,-0.92738],"elbow":[-241.856,-99.9336,66.8522],"grabAngle":0.288937,"grabStrength":0,"id":81,"palmNormal":[-0.950671,0.00934936,0.310061],"palmPosition":[-90.7516,103.709,22.7564],"palmVelocity":[75.5567,60.2406,-18.5345],"palmWidth":80.2111,"pinchDistance":63.106,"pinchStrength":0,"r":[[0.884001,0.466457,-0.0309982],[-0.0697599,0.0660575,-0.995374],[-0.462251,0.882074,0.0909348]],"s":1.01635,"sphereCenter":[-68.1352,134.473,-21.2435],"sphereRadius":65.201,"stabilizedPalmPosition":[-91.0876,103.414,22.8666],"t":[-80.4602,-47.0496,-35.3474],"timeVisible":4.7176,"type":"right","wrist":[-78.7701,73.1441,76.7625]}],"id":57859,"interactionBox":{"center":[0,200,0],"size":[235.247,235.247,147.751]},"pointables":[{"bases":[[[0.76038,-0.357045,-0.542532],[0.605004,0.693184,0.391747],[0.236203,-0.626111,0.743097]],[[0.607901,-0.0843815,-0.789517],[0.519023,0.794722,0.314692],[0.600892,-0.601079,0.526908]],[[0.607901,-0.0843815,-0.789517],[0.325035,0.933653,0.150479],[0.724437,-0.348097,0.594995]],[[0.607901,-0.0843815,-0.789517],[-0.00967053,0.993477,-0.113626],[0.793954,0.0767084,0.603119]]],"btipPosition":[-142.958,145.465,22.7563],"carpPosition":[-79.549,110.411,75.3257],"dipPosition":[-127.088,146.998,34.8123],"direction":[-0.724437,0.348097,-0.594995],"extended":false,"handId":81,"id":810,"length":44.5133,"mcpPosition":[-79.549,110.411,75.3257],"pipPosition":[-105.991,136.861,52.1395],"stabilizedTipPosition":[-139.663,145.157,25.467],"timeVisible":4.7176,"tipPosition":[-139.847,145.963,27.1236],"tipVelocity":[110.626,213.813,31.7555],"tool":false,"touchDistance":0.303299,"touchZone":"hovering","type":0,"width":18.4546},{"bases":[[[-0.127177,-0.923426,-0.362091],[0.898183,0.0476666,-0.437031],[0.420825,-0.380804,0.823343]],[[-0.108909,-0.938991,-0.326243],[0.917552,0.0312969,-0.396382],[0.382409,-0.342515,0.858165]],[[-0.108909,-0.938991,-0.326243],[0.693647,0.163298,-0.701561],[0.712034,-0.302704,0.633544]],[[-0.108909,-0.938991,-0.326243],[0.578812,0.206918,-0.788772],[0.808156,-0.274738,0.520964]]],"btipPosition":[-134.366,152.949,-45.8243],"carpPosition":[-66.5483,105.425,59.7448],"dipPosition":[-122.573,148.939,-38.2219],"direction":[-0.712034,0.302704,-0.633544],"extended":true,"handId":81,"id":811,"length":50.2283,"mcpPosition":[-93.8407,130.122,6.34737],"pipPosition":[-107.873,142.69,-25.1428],"stabilizedTipPosition":[-132.895,150.276,-43.531],"timeVisible":4.7176,"tipPosition":[-134.279,152.877,-39.2873],"tipVelocity":[49.487,160.639,75.4084],"tool":false,"touchDistance":-0.267193,"touchZone":"touching","type":1,"width":17.6278},{"bases":[[[-0.220395,-0.96089,-0.167681],[0.872772,-0.117508,-0.473772],[0.435539,-0.250764,0.864536]],[[-0.244821,-0.945064,-0.216602],[0.940973,-0.177739,-0.28806],[0.233736,-0.27434,0.932794]],[[-0.244821,-0.945064,-0.216602],[0.8711,-0.116304,-0.477136],[0.425732,-0.305495,0.851719]],[[-0.244821,-0.945064,-0.216602],[0.750543,-0.0432993,-0.659401],[0.613798,-0.324004,0.719912]]],"btipPosition":[-123.386,135.116,-69.0417],"carpPosition":[-66.7846,95.7786,54.7733],"dipPosition":[-113.534,129.915,-57.4867],"direction":[-0.425732,0.305495,-0.851719],"extended":true,"handId":81,"id":812,"length":57.2312,"mcpPosition":[-93.5716,111.201,1.60166],"pipPosition":[-103.194,122.496,-36.8002],"stabilizedTipPosition":[-121.233,133.646,-66.423],"timeVisible":4.7176,"tipPosition":[-123.349,135.306,-63.9934],"tipVelocity":[55.6657,116.136,18.3492],"tool":false,"touchDistance":0.257706,"touchZone":"hovering","type":2,"width":17.3129},{"bases":[[[-0.219062,-0.975708,-0.00243436],[0.868235,-0.193793,-0.456741],[0.445174,-0.102168,0.889596]],[[-0.287002,-0.947086,-0.143729],[0.940695,-0.250315,-0.228987],[0.180893,-0.200925,0.96276]],[[-0.287002,-0.947086,-0.143729],[0.890413,-0.208422,-0.404629],[0.353262,-0.244108,0.903115]],[[-0.287002,-0.947086,-0.143729],[0.803934,-0.156551,-0.573743],[0.520883,-0.280214,0.806325]]],"btipPosition":[-116.938,109.068,-68.1343],"carpPosition":[-68.782,85.5115,51.965],"dipPosition":[-108.626,104.597,-55.2667],"direction":[-0.353262,0.244108,-0.903115],"extended":true,"handId":81,"id":813,"length":55.0293,"mcpPosition":[-93.3643,91.1532,2.84194],"pipPosition":[-100.267,98.8208,-33.8984],"stabilizedTipPosition":[-115.044,107.83,-65.1889],"timeVisible":4.7176,"tipPosition":[-118.741,106.251,-63.1797],"tipVelocity":[-3.08512,77.8368,13.8229],"tool":false,"touchDistance":0.313512,"touchZone":"hovering","type":3,"width":16.4743},{"bases":[[[-0.306491,-0.935453,0.176044],[0.85949,-0.351452,-0.371159],[0.409073,0.0375506,0.911729]],[[-0.342961,-0.934923,0.0910892],[0.903213,-0.354851,-0.241426],[0.258038,-0.000526831,0.966135]],[[-0.342961,-0.934923,0.0910892],[0.821467,-0.34554,-0.453646],[0.455599,-0.0807562,0.886515]],[[-0.342961,-0.934923,0.0910892],[0.723853,-0.324839,-0.6087],[0.598677,-0.142825,0.788154]]],"btipPosition":[-120.37,76.4499,-48.4677],"carpPosition":[-75.2422,74.9017,53.7274],"dipPosition":[-111.556,74.3472,-36.8643],"direction":[-0.455599,0.0807562,-0.886515],"extended":true,"handId":81,"id":814,"length":43.1419,"mcpPosition":[-96.1525,72.9823,7.12332],"pipPosition":[-103.945,72.9982,-22.0547],"stabilizedTipPosition":[-118.404,75.7827,-45.7845],"timeVisible":4.7176,"tipPosition":[-119.356,70.9673,-44.266],"tipVelocity":[24.7682,89.366,-0.537165],"tool":false,"touchDistance":0.316502,"touchZone":"hovering","type":4,"width":14.6338}],"r":[[0.884001,0.466457,-0.0309982],[-0.0697599,0.0660575,-0.995374],[-0.462251,0.882074,0.0909348]],"s":1.01635,"t":[-80.4602,-47.0496,-35.3474],"timestamp":17575901799},{"currentFrameRate":115.683,"devices":[],"gestures":[],"hands":[{"armBasis":[[0.705129,-0.651965,-0.27881],[0.17305,-0.223087,0.959315],[-0.687639,-0.724689,-0.0444827]],"armWidth":57.4912,"confidence":1,"direction":[-0.298058,0.226757,-0.927223],"elbow":[-241.995,-98.8493,65.8449],"grabAngle":0.278634,"grabStrength":0,"id":81,"palmNormal":[-0.950942,0.0138133,0.30906],"palmPosition":[-90.1053,104.398,22.4881],"palmVelocity":[75.9562,81.0476,-31.5302],"palmWidth":80.2111,"pinchDistance":59.701,"pinchStrength":0,"r":[[0.885291,0.464119,-0.0292065],[-0.0682465,0.0675397,-0.99538],[-0.460002,0.883194,0.0914668]],"s":1.0184,"sphereCenter":[-70.3047,135.698,-19.9018],"sphereRadius":63.6671,"stabilizedPalmPosition":[-90.5035,103.999,22.6416],"t":[-79.8576,-46.4481,-35.5832],"timeVisible":4.72611,"type":"right","wrist":[-78.3267,73.6377,76.4325]}],"id":57860,"interactionBox":{"center":[0,200,0],"size":[235.247,235.247,147.751]},"pointables":[{"bases":[[[0.759033,-0.359983,-0.542476],[0.608305,0.689079,0.393873],[0.232021,-0.628953,0.742013]],[[0.604586,-0.0807662,-0.792435],[0.52205,0.79157,0.317618],[0.601615,-0.605718,0.520736]],[[0.604586,-0.0807662,-0.792435],[0.339693,0.925988,0.16479],[0.720475,-0.368814,0.587275]],[[0.604586,-0.0807662,-0.792435],[-0.000527522,0.994805,-0.101795],[0.79654,0.0619616,0.601403]]],"btipPosition":[-142.301,147.085,23.045],"carpPosition":[-78.9238,110.928,75.0836],"dipPosition":[-126.379,148.323,35.0666],"direction":[-0.720475,0.368814,-0.587275],"extended":false,"handId":81,"id":810,"length":44.5133,"mcpPosition":[-78.9238,110.928,75.0836],"pipPosition":[-105.397,137.583,52.169],"stabilizedTipPosition":[-138.915,146.773,25.7176],"timeVisible":4.72611,"tipPosition":[-138.96,146.931,26.837],"tipVelocity":[78.6314,182.378,32.9986],"tool":false,"touchDistance":0.310408,"touchZone":"hovering","type":0,"width":18.4546},{"bases":[[[-0.131757,-0.921955,-0.364195],[0.898899,0.0437546,-0.435965],[0.417875,-0.384816,0.82298]],[[-0.11831,-0.933804,-0.337659],[0.912007,0.0323075,-0.4089],[0.392742,-0.356324,0.847813]],[[-0.11831,-0.933804,-0.337659],[0.664334,0.178297,-0.725858],[0.738013,-0.310195,0.599263]],[[-0.11831,-0.933804,-0.337659],[0.664334,0.178297,-0.725858],[0.738013,-0.310195,0.599263]]],"btipPosition":[-133.452,154.868,-46.0946],"carpPosition":[-65.9333,105.905,59.5061],"dipPosition":[-122.682,150.341,-37.3495],"direction":[-0.738013,0.310195,-0.599263],"extended":true,"handId":81,"id":811,"length":50.2283,"mcpPosition":[-93.0343,130.862,6.13217],"pipPosition":[-107.446,143.938,-24.9782],"stabilizedTipPosition":[-132.248,151.472,-43.7171],"timeVisible":4.72611,"tipPosition":[-133.178,153.927,-39.7371],"tipVelocity":[79.8155,211.622,-0.876307],"tool":false,"touchDistance":-0.269338,"touchZone":"touching","type":1,"width":17.6278},{"bases":[[[-0.225386,-0.959329,-0.169966],[0.87264,-0.121202,-0.473086],[0.433245,-0.254946,0.864466]],[[-0.250638,-0.942555,-0.220842],[0.9392,-0.181444,-0.291515],[0.234698,-0.28048,0.930724]],[[-0.250638,-0.942555,-0.220842],[0.864923,-0.115557,-0.48842],[0.434843,-0.313428,0.844201]],[[-0.250638,-0.942555,-0.220842],[0.737137,-0.0379371,-0.674677],[0.627542,-0.331891,0.704301]]],"btipPosition":[-123.158,136.438,-68.7785],"carpPosition":[-66.2161,96.271,54.5138],"dipPosition":[-113.086,131.11,-57.4741],"direction":[-0.434843,0.313428,-0.8442],"extended":true,"handId":81,"id":812,"length":57.2312,"mcpPosition":[-92.8621,111.951,1.34642],"pipPosition":[-102.524,123.498,-36.9703],"stabilizedTipPosition":[-120.923,134.884,-66.2298],"timeVisible":4.72611,"tipPosition":[-122.357,136.298,-64.328],"tipVelocity":[32.7724,151.919,24.1545],"tool":false,"touchDistance":0.264995,"touchZone":"hovering","type":2,"width":17.3129},{"bases":[[[-0.224312,-0.974506,-0.00474989],[0.867673,-0.197497,-0.456222],[0.443653,-0.106457,0.889853]],[[-0.290607,-0.946075,-0.143143],[0.938915,-0.25313,-0.233162],[0.184355,-0.202157,0.961845]],[[-0.290607,-0.946075,-0.143143],[0.883744,-0.208037,-0.419186],[0.366803,-0.24832,0.896545]],[[-0.290607,-0.946075,-0.143143],[0.790039,-0.15285,-0.593696],[0.539801,-0.285621,0.791856]]],"btipPosition":[-117.092,110.047,-68.0108],"carpPosition":[-68.2658,86.0209,51.6815],"dipPosition":[-108.478,105.489,-55.3741],"direction":[-0.366803,0.24832,-0.896545],"extended":true,"handId":81,"id":813,"length":55.0293,"mcpPosition":[-92.7641,91.8994,2.54416],"pipPosition":[-99.7993,99.614,-34.1613],"stabilizedTipPosition":[-115.096,108.742,-65.1229],"timeVisible":4.72611,"tipPosition":[-117.821,107.373,-63.5663],"tipVelocity":[-9.96069,112.754,8.27524],"tool":false,"touchDistance":0.314926,"touchZone":"hovering","type":3,"width":16.4743},{"bases":[[[-0.311717,-0.93416,0.17372],[0.857986,-0.355289,-0.370986],[0.408281,0.0334064,0.912245]],[[-0.347147,-0.933382,0.0910362],[0.902447,-0.358884,-0.238309],[0.255104,-0.000572674,0.966913]],[[-0.347147,-0.933382,0.0910362],[0.816303,-0.348529,-0.460628],[0.46167,-0.0855923,0.882912]],[[-0.347147,-0.933382,0.0910362],[0.711628,-0.325401,-0.622655],[0.610799,-0.151369,0.777182]]],"btipPosition":[-120.064,77.4103,-48.6091],"carpPosition":[-74.785,75.4423,53.4142],"dipPosition":[-111.071,75.1818,-37.1672],"direction":[-0.46167,0.0855923,-0.882913],"extended":true,"handId":81,"id":814,"length":43.1419,"mcpPosition":[-95.6547,73.7347,6.78379],"pipPosition":[-103.359,73.752,-22.4178],"stabilizedTipPosition":[-118.073,76.6855,-45.9407],"timeVisible":4.72611,"tipPosition":[-118.797,72.048,-44.6601],"tipVelocity":[40.8432,109.479,-20.9799],"tool":false,"touchDistance":0.313823,"touchZone":"hovering","type":4,"width":14.6338}],"r":[[0.885291,0.464119,-0.0292065],[-0.0682465,0.0675397,-0.99538],[-0.460002,0.883194,0.0914668]],"s":1.0184,"t":[-79.8576,-46.4481,-35.5832],"timestamp":17575910307},{"currentFrameRate":115.596,"devices":[],"gestures":[],"hands":[{"armBasis":[[0.702958,-0.653116,-0.281584],[0.170661,-0.22945,0.958242],[-0.690453,-0.721659,-0.0498327]],"armWidth":57.4912,"confidence":1,"direction":[-0.295752,0.23287,-0.926446],"elbow":[-242.096,-97.5425,64.219],"grabAngle":0.317699,"grabStrength":0,"id":81,"palmNormal":[-0.951734,0.0114768,0.306709],"palmPosition":[-89.3624,105.303,22.2919],"palmVelocity":[84.4409,102.845,-22.3038],"palmWidth":80.2111,"pinchDistance":63.9106,"pinchStrength":0,"r":[[0.886305,0.462332,-0.0266998],[-0.0665246,0.0700495,-0.995323],[-0.4583,0.883935,0.0928417]],"s":1.02151,"sphereCenter":[-76.5029,135.415,-16.8576],"sphereRadius":59.442,"stabilizedPalmPosition":[-89.8224,104.777,22.4329],"t":[-79.1849,-45.695,-35.7992],"timeVisible":4.73491,"type":"right","wrist":[-77.7582,74.2234,76.0799]}],"id":57861,"interactionBox":{"center":[0,200,0],"size":[235.247,235.247,147.751]},"pointables":[{"bases":[[[0.760527,-0.356132,-0.542926],[0.607088,0.6866,0.40003],[0.23031,-0.633838,0.738382]],[[0.602276,-0.0691778,-0.795285],[0.517698,0.792189,0.323149],[0.607661,-0.606342,0.51293]],[[0.602276,-0.0691778,-0.795285],[0.34726,0.919744,0.182979],[0.7188,-0.386374,0.577963]],[[0.602276,-0.0691778,-0.795285],[0.00135473,0.996325,-0.0856393],[0.798287,0.0505011,0.600157]]],"btipPosition":[-141.947,148.408,23.5593],"carpPosition":[-78.3175,111.484,74.9583],"dipPosition":[-125.99,149.418,35.556],"direction":[-0.7188,0.386374,-0.577963],"extended":false,"handId":81,"id":810,"length":44.5133,"mcpPosition":[-78.3175,111.484,74.9583],"pipPosition":[-105.057,138.166,52.3872],"stabilizedTipPosition":[-138.445,148.147,26.1598],"timeVisible":4.73491,"tipPosition":[-138.242,147.833,26.7767],"tipVelocity":[41.1587,144.492,57.8068],"tool":false,"touchDistance":0.319443,"touchZone":"hovering","type":0,"width":18.4546},{"bases":[[[-0.130548,-0.919536,-0.37069],[0.899999,0.046924,-0.433359],[0.415883,-0.390195,0.821455]],[[-0.12241,-0.926974,-0.354593],[0.905296,0.0421417,-0.422685],[0.406761,-0.372752,0.834027]],[[-0.12241,-0.926974,-0.354593],[0.614027,0.20996,-0.760846],[0.779735,-0.310864,0.543486]],[[-0.12241,-0.926974,-0.354593],[0.614027,0.20996,-0.760846],[0.779735,-0.310864,0.543486]]],"btipPosition":[-134.659,156.507,-43.6496],"carpPosition":[-65.2856,106.569,59.3809],"dipPosition":[-123.281,151.971,-35.7185],"direction":[-0.779735,0.310864,-0.543486],"extended":true,"handId":81,"id":811,"length":50.2283,"mcpPosition":[-92.2575,131.875,6.10587],"pipPosition":[-107.183,145.553,-24.4986],"stabilizedTipPosition":[-132.185,152.696,-43.1372],"timeVisible":4.73491,"tipPosition":[-132.25,155.272,-40.0581],"tipVelocity":[-121.362,186.063,256.628],"tool":false,"touchDistance":-0.231708,"touchZone":"touching","type":1,"width":17.6278},{"bases":[[[-0.224663,-0.958234,-0.176956],[0.873884,-0.117788,-0.471649],[0.431107,-0.260601,0.863848]],[[-0.250929,-0.940257,-0.23011],[0.939167,-0.178883,-0.293199],[0.23452,-0.289684,0.927946]],[[-0.250929,-0.940257,-0.23011],[0.859481,-0.107047,-0.499834],[0.44534,-0.323198,0.834994]],[[-0.250929,-0.940257,-0.23011],[0.717717,-0.0212031,-0.696012],[0.649551,-0.339804,0.68016]]],"btipPosition":[-122.964,138.226,-68.2053],"carpPosition":[-65.5528,96.9685,54.3236],"dipPosition":[-112.539,132.772,-57.2884],"direction":[-0.44534,0.323198,-0.834994],"extended":true,"handId":81,"id":812,"length":57.2312,"mcpPosition":[-92.0673,112.996,1.19419],"pipPosition":[-101.722,124.922,-37.0081],"stabilizedTipPosition":[-120.636,136.562,-65.7995],"timeVisible":4.73491,"tipPosition":[-121.353,137.727,-64.4663],"tipVelocity":[31.2721,199.972,55.0276],"tool":false,"touchDistance":0.278776,"touchZone":"hovering","type":2,"width":17.3129},{"bases":[[[-0.224007,-0.974516,-0.0118426],[0.868897,-0.194196,-0.455309],[0.441406,-0.112282,0.890255]],[[-0.288441,-0.946162,-0.1469],[0.939495,-0.250057,-0.234139],[0.1848,-0.205548,0.961041]],[[-0.288441,-0.946162,-0.1469],[0.87904,-0.200849,-0.432374],[0.379591,-0.253846,0.889648]],[[-0.288441,-0.946162,-0.1469],[0.773599,-0.139878,-0.618044],[0.564222,-0.291912,0.772296]]],"btipPosition":[-117.004,111.446,-67.7909],"carpPosition":[-67.5921,86.737,51.4175],"dipPosition":[-108,106.787,-55.4664],"direction":[-0.379591,0.253846,-0.889648],"extended":true,"handId":81,"id":813,"length":55.0293,"mcpPosition":[-91.9663,92.9372,2.25803],"pipPosition":[-99.0186,100.781,-34.4167],"stabilizedTipPosition":[-114.964,110.064,-64.988],"timeVisible":4.73491,"tipPosition":[-116.753,108.93,-63.8746],"tipVelocity":[20.2397,156.309,16.8336],"tool":false,"touchDistance":0.318299,"touchZone":"hovering","type":3,"width":16.4743},{"bases":[[[-0.311881,-0.935389,0.166668],[0.859039,-0.352556,-0.371155],[0.405935,0.0274185,0.913491]],[[-0.345488,-0.934302,0.0878524],[0.904551,-0.35648,-0.233901],[0.249852,-0.00134293,0.968283]],[[-0.345488,-0.934302,0.0878524],[0.813818,-0.344912,-0.467692],[0.467267,-0.0900861,0.879514]],[[-0.345488,-0.934302,0.0878524],[0.699949,-0.318916,-0.639034],[0.625068,-0.159286,0.764145]]],"btipPosition":[-119.416,78.6342,-48.8169],"carpPosition":[-74.1126,76.1452,53.0628],"dipPosition":[-110.214,76.2892,-37.567],"direction":[-0.467267,0.0900861,-0.879514],"extended":true,"handId":81,"id":814,"length":43.1419,"mcpPosition":[-94.8624,74.7437,6.36865],"pipPosition":[-102.408,74.7842,-22.8743],"stabilizedTipPosition":[-117.431,77.8556,-46.1804],"timeVisible":4.73491,"tipPosition":[-117.86,73.4995,-45.1686],"tipVelocity":[79.0724,136.064,-28.6376],"tool":false,"touchDistance":0.310922,"touchZone":"hovering","type":4,"width":14.6338}],"r":[[0.886305,0.462332,-0.0266998],[-0.0665246,0.0700495,-0.995323],[-0.4583,0.883935,0.0928417]],"s":1.02151,"t":[-79.1849,-45.695,-35.7992],"timestamp":17575919105},{"currentFrameRate":115.592,"devices":[],"gestures":[],"hands":[{"armBasis":[[0.699318,-0.653995,-0.288523],[0.170197,-0.239685,0.955816],[-0.694253,-0.717525,-0.0563077]],"armWidth":57.4912,"confidence":1,"direction":[-0.295343,0.242281,-0.92416],"elbow":[-242.031,-96.0397,62.1861],"grabAngle":0.361588,"grabStrength":0,"id":81,"palmNormal":[-0.95219,0.00447667,0.305475],"palmPosition":[-88.3393,106.309,22.0962],"palmVelocity":[118.167,116.187,-22.6081],"palmWidth":80.2111,"pinchDistance":62.2652,"pinchStrength":0,"r":[[0.886774,0.46161,-0.0233964],[-0.0649139,0.0742655,-0.995124],[-0.457621,0.883969,0.0958216]],"s":1.0256,"sphereCenter":[-82.4333,135.051,-13.8218],"sphereRadius":55.8246,"stabilizedPalmPosition":[-88.9487,105.68,22.2345],"t":[-78.3369,-44.8154,-36.005],"timeVisible":4.74357,"type":"right","wrist":[-76.7886,74.7421,75.5882]}],"id":57862,"interactionBox":{"center":[0,200,0],"size":[235.247,235.247,147.751]},"pointables":[{"bases":[[[0.762587,-0.347131,-0.545859],[0.603988,0.684252,0.408654],[0.231648,-0.641326,0.731464]],[[0.599394,-0.0520411,-0.798761],[0.510838,0.793123,0.331662],[0.616256,-0.606833,0.501978]],[[0.599394,-0.0520411,-0.798761],[0.351437,0.913672,0.204192],[0.719179,-0.403106,0.565939]],[[0.599394,-0.0520411,-0.798761],[-0.00142024,0.997814,-0.0660756],[0.800453,0.0407398,0.598009]]],"btipPosition":[-141.452,149.561,24.3209],"carpPosition":[-77.3896,111.933,74.8449],"dipPosition":[-125.451,150.375,36.2747],"direction":[-0.719179,0.403106,-0.565939],"extended":false,"handId":81,"id":810,"length":44.5133,"mcpPosition":[-77.3896,111.933,74.8449],"pipPosition":[-104.507,138.636,52.7557],"stabilizedTipPosition":[-137.981,149.25,26.7869],"timeVisible":4.74357,"tipPosition":[-137.4,148.656,26.9978],"tipVelocity":[58.3619,127.903,86.8258],"tool":false,"touchDistance":0.331987,"touchZone":"hovering","type":0,"width":18.4546},{"bases":[[[-0.126627,-0.915743,-0.381287],[0.900412,0.0551671,-0.431526],[0.416202,-0.397959,0.81756]],[[-0.124412,-0.917846,-0.376935],[0.89681,0.05853,-0.438526],[0.424562,-0.392597,0.815852]],[[-0.124412,-0.917846,-0.376935],[0.550113,0.252349,-0.79605],[0.825771,-0.306395,0.473524]],[[-0.124412,-0.917846,-0.376935],[0.550113,0.252349,-0.79605],[0.825771,-0.306395,0.473524]]],"btipPosition":[-135.988,158.255,-40.4146],"carpPosition":[-64.3182,107.243,59.2311],"dipPosition":[-123.937,153.784,-33.5044],"direction":[-0.825771,0.306395,-0.473524],"extended":true,"handId":81,"id":811,"length":50.2283,"mcpPosition":[-91.3108,133.052,6.20871],"pipPosition":[-106.89,147.459,-23.7288],"stabilizedTipPosition":[-132.451,153.866,-42.0239],"timeVisible":4.74357,"tipPosition":[-131.672,156.898,-39.5753],"tipVelocity":[-135.613,203.612,346.523],"tool":false,"touchDistance":-0.181704,"touchZone":"touching","type":1,"width":17.6278},{"bases":[[[-0.220863,-0.956987,-0.188138],[0.87496,-0.109195,-0.471721],[0.430887,-0.268799,0.861443]],[[-0.248328,-0.937551,-0.243579],[0.939405,-0.171738,-0.29669],[0.236331,-0.302495,0.923387]],[[-0.248328,-0.937551,-0.243579],[0.853266,-0.0926792,-0.513174],[0.458552,-0.335273,0.822996]],[[-0.248328,-0.937551,-0.243579],[0.693339,0.00357132,-0.720603],[0.676472,-0.347828,0.649154]]],"btipPosition":[-122.768,140.411,-67.3394],"carpPosition":[-64.5429,97.6993,54.0648],"dipPosition":[-111.911,134.828,-56.9202],"direction":[-0.458552,0.335273,-0.822996],"extended":true,"handId":81,"id":812,"length":57.2312,"mcpPosition":[-91.0438,114.231,1.08333],"pipPosition":[-100.773,126.685,-36.9313],"stabilizedTipPosition":[-120.347,138.59,-65.1221],"timeVisible":4.74357,"tipPosition":[-120.328,139.568,-64.3714],"tipVelocity":[34.1101,248.883,86.7881],"tool":false,"touchDistance":0.297006,"touchZone":"hovering","type":2,"width":17.3129},{"bases":[[[-0.220373,-0.975139,-0.0232195],[0.870235,-0.185801,-0.456256],[0.440599,-0.120753,0.889546]],[[-0.283063,-0.946589,-0.154416],[0.940826,-0.242767,-0.236454],[0.186338,-0.21221,0.959294]],[[-0.283063,-0.946589,-0.154416],[0.874788,-0.188802,-0.446206],[0.393219,-0.261386,0.881508]],[[-0.283063,-0.946589,-0.154416],[0.755145,-0.120702,-0.64435],[0.591296,-0.298998,0.748979]]],"btipPosition":[-116.721,113.216,-67.498],"carpPosition":[-66.5402,87.4939,51.0399],"dipPosition":[-107.285,108.445,-55.5456],"direction":[-0.393219,0.261386,-0.881508],"extended":true,"handId":81,"id":813,"length":55.0293,"mcpPosition":[-90.8699,94.1619,1.91957],"pipPosition":[-97.9808,102.26,-34.6885],"stabilizedTipPosition":[-114.625,111.75,-64.7918],"timeVisible":4.74357,"tipPosition":[-115.568,110.883,-64.0988],"tipVelocity":[44.1963,201.483,23.9432],"tool":false,"touchDistance":0.322968,"touchZone":"hovering","type":3,"width":16.4743},{"bases":[[[-0.308636,-0.938367,0.1556],[0.860849,-0.345143,-0.373919],[0.404578,0.0185431,0.914316]],[[-0.340153,-0.936822,0.0816127],[0.90795,-0.349779,-0.230826],[0.244789,-0.00441583,0.969566]],[[-0.340153,-0.936822,0.0816127],[0.812926,-0.336571,-0.47526],[0.472702,-0.0953161,0.876052]],[[-0.340153,-0.936822,0.0816127],[0.68741,-0.306936,-0.658223],[0.641688,-0.167795,0.748386]]],"btipPosition":[-118.441,80.1083,-49.1151],"carpPosition":[-73.0236,76.8602,52.5556],"dipPosition":[-108.994,77.638,-38.0972],"direction":[-0.472702,0.0953161,-0.876052],"extended":true,"handId":81,"id":814,"length":43.1419,"mcpPosition":[-93.7041,75.9123,5.81932],"pipPosition":[-101.097,76.0457,-23.4624],"stabilizedTipPosition":[-116.462,79.2588,-46.5141],"timeVisible":4.74357,"tipPosition":[-116.618,75.2696,-45.7802],"tipVelocity":[119.203,166.927,-40.6097],"tool":false,"touchDistance":0.307919,"touchZone":"hovering","type":4,"width":14.6338}],"r":[[0.886774,0.46161,-0.0233964],[-0.0649139,0.0742655,-0.995124],[-0.457621,0.883969,0.0958216]],"s":1.0256,"t":[-78.3369,-44.8154,-36.005],"timestamp":17575927763},{"currentFrameRate":115.56,"devices":[],"gestures":[],"hands":[{"armBasis":[[0.694622,-0.654549,-0.29844],[0.171694,-0.252025,0.952368],[-0.698586,-0.712776,-0.0626797]],"armWidth":57.4912,"confidence":1,"direction":[-0.296848,0.253472,-0.92067],"elbow":[-241.631,-94.4214,60.3442],"grabAngle":0.450576,"grabStrength":0,"id":81,"palmNormal":[-0.952153,-0.00516412,0.305577],"palmPosition":[-86.9722,107.373,22.1591],"palmVelocity":[156.996,122.183,7.22484],"palmWidth":80.2111,"pinchDistance":60.564,"pinchStrength":0,"r":[[0.886623,0.462083,-0.0194808],[-0.0637266,0.0803393,-0.994728],[-0.458082,0.88319,0.100678]],"s":1.03159,"sphereCenter":[-87.9379,133.982,-10.7189],"sphereRadius":52.7922,"stabilizedPalmPosition":[-87.762,106.696,22.1892],"t":[-77.2294,-43.8437,-36.0765],"timeVisible":4.75227,"type":"right","wrist":[-75.3568,75.2301,75.2629]}],"id":57863,"interactionBox":{"center":[0,200,0],"size":[235.247,235.247,147.751]},"pointables":[{"bases":[[[0.764452,-0.335171,-0.550702],[0.600175,0.681889,0.418113],[0.235378,-0.650145,0.722433]],[[0.595285,-0.0316409,-0.802892],[0.504992,0.791956,0.343204],[0.624996,-0.609758,0.487418]],[[0.595285,-0.0316409,-0.802892],[0.355604,0.906417,0.227933],[0.720543,-0.421197,0.550828]],[[0.595285,-0.0316409,-0.802892],[-0.00658596,0.998999,-0.0442522],[0.803488,0.0316305,0.59448]]],"btipPosition":[-140.593,150.788,25.6076],"carpPosition":[-76.0464,112.322,74.9803],"dipPosition":[-124.532,151.42,37.4909],"direction":[-0.720543,0.421197,-0.550828],"extended":false,"handId":81,"id":810,"length":44.5133,"mcpPosition":[-76.0464,112.322,74.9803],"pipPosition":[-103.549,139.154,53.5318],"stabilizedTipPosition":[-137.31,150.294,27.7509],"timeVisible":4.75227,"tipPosition":[-136.303,149.449,27.6892],"tipVelocity":[100.159,136.123,145.899],"tool":false,"touchDistance":0.351179,"touchZone":"hovering","type":0,"width":18.4546},{"bases":[[[-0.12151,-0.911038,-0.394012],[0.90002,0.0662663,-0.430781],[0.418567,-0.406963,0.811901]],[[-0.126214,-0.9064,-0.403125],[0.8879,0.0780026,-0.453375],[0.442384,-0.415157,0.794948]],[[-0.126214,-0.9064,-0.403125],[0.47875,0.300262,-0.82501],[0.868831,-0.297124,0.396042]],[[-0.126214,-0.9064,-0.403125],[0.311367,0.349641,-0.88363],[0.941871,-0.237046,0.238094]]],"btipPosition":[-138.011,159.145,-34.1746],"carpPosition":[-62.9511,107.925,59.3017],"dipPosition":[-124.267,155.686,-30.7001],"direction":[-0.868831,0.297124,-0.396042],"extended":true,"handId":81,"id":811,"length":50.2283,"mcpPosition":[-90.0971,134.318,6.64633],"pipPosition":[-106.33,149.552,-22.5241],"stabilizedTipPosition":[-132.929,154.759,-40.3018],"timeVisible":4.75227,"tipPosition":[-131.708,158.513,-37.3833],"tipVelocity":[-187.624,128.948,625.829],"tool":false,"touchDistance":-0.0908757,"touchZone":"touching","type":1,"width":17.6278},{"bases":[[[-0.215482,-0.955503,-0.201449],[0.875492,-0.0976604,-0.473262],[0.43253,-0.278346,0.857579]],[[-0.244277,-0.934461,-0.259059],[0.940135,-0.16275,-0.299431],[0.237645,-0.316694,0.918276]],[[-0.244277,-0.934461,-0.259059],[0.847612,-0.0759885,-0.525147],[0.471044,-0.347862,0.810623]],[[-0.244277,-0.934461,-0.259059],[0.666824,0.0320885,-0.744524],[0.704041,-0.354616,0.615283]]],"btipPosition":[-122.249,142.751,-66.1092],"carpPosition":[-63.1227,98.4529,54.0028],"dipPosition":[-110.949,137.059,-56.2336],"direction":[-0.471044,0.347862,-0.810623],"extended":true,"handId":81,"id":812,"length":57.2312,"mcpPosition":[-89.7246,115.572,1.25897],"pipPosition":[-99.5081,128.61,-36.5452],"stabilizedTipPosition":[-119.812,140.781,-64.1353],"timeVisible":4.75227,"tipPosition":[-119.186,141.643,-63.8341],"tipVelocity":[71.3156,265.85,126.918],"tool":false,"touchDistance":0.318009,"touchZone":"hovering","type":2,"width":17.3129},{"bases":[[[-0.214864,-0.97595,-0.0367998],[0.871201,-0.1745,-0.458866],[0.441409,-0.130654,0.887743]],[[-0.275712,-0.94728,-0.163227],[0.942939,-0.233556,-0.237314],[0.18668,-0.219343,0.957622]],[[-0.275712,-0.94728,-0.163227],[0.871918,-0.174976,-0.457321],[0.40465,-0.268409,0.874194]],[[-0.275712,-0.94728,-0.163227],[0.736984,-0.0993003,-0.668576],[0.617121,-0.30463,0.725508]]],"btipPosition":[-115.984,115.077,-66.9909],"carpPosition":[-65.0628,88.2796,50.836],"dipPosition":[-106.135,110.215,-55.4131],"direction":[-0.40465,0.268409,-0.874194],"extended":true,"handId":81,"id":813,"length":55.0293,"mcpPosition":[-89.4372,95.4943,1.81523],"pipPosition":[-96.5611,103.865,-34.729],"stabilizedTipPosition":[-113.873,113.582,-64.4071],"timeVisible":4.75227,"tipPosition":[-114.218,113.033,-63.9763],"tipVelocity":[95.5279,211.299,48.34],"tool":false,"touchDistance":0.330408,"touchZone":"hovering","type":3,"width":16.4743},{"bases":[[[-0.303306,-0.942175,0.142521],[0.862728,-0.335025,-0.378759],[0.404605,0.0080772,0.914456]],[[-0.332169,-0.940229,0.075056],[0.912897,-0.340486,-0.22514],[0.237239,-0.00626614,0.971431]],[[-0.332169,-0.940229,0.075056],[0.815486,-0.326262,-0.478054],[0.473968,-0.0975876,0.875118]],[[-0.332169,-0.940229,0.075056],[0.675812,-0.292753,-0.676442],[0.657983,-0.17397,0.732661]]],"btipPosition":[-116.937,81.5571,-49.2833],"carpPosition":[-71.4857,77.5893,52.2038],"dipPosition":[-107.25,78.9959,-38.4969],"direction":[-0.473968,0.0975876,-0.875118],"extended":true,"handId":81,"id":814,"length":43.1419,"mcpPosition":[-92.1676,77.1764,5.46032],"pipPosition":[-99.3324,77.3656,-23.8777],"stabilizedTipPosition":[-114.974,80.7094,-46.7588],"timeVisible":4.75227,"tipPosition":[-115.075,77.2353,-46.1606],"tipVelocity":[178.986,163.975,-25.4319],"tool":false,"touchDistance":0.308344,"touchZone":"hovering","type":4,"width":14.6338}],"r":[[0.886623,0.462083,-0.0194808],[-0.0637266,0.0803393,-0.994728],[-0.458082,0.88319,0.100678]],"s":1.03159,"t":[-77.2294,-43.8437,-36.0765],"timestamp":17575936471},{"currentFrameRate":115.541,"devices":[],"gestures":[],"hands":[{"armBasis":[[0.688554,-0.655213,-0.310788],[0.173644,-0.267131,0.947886],[-0.704088,-0.706638,-0.0701604]],"armWidth":57.4912,"confidence":1,"direction":[-0.298796,0.267209,-0.916144],"elbow":[-241.122,-92.6354,58.0734],"grabAngle":0.503506,"grabStrength":0,"id":81,"palmNormal":[-0.952006,-0.0166827,0.305626],"palmPosition":[-85.2338,108.4,22.1549],"palmVelocity":[200.134,118.229,-0.479386],"palmWidth":80.2111,"pinchDistance":59.3683,"pinchStrength":0,"r":[[0.885884,0.463671,-0.0147992],[-0.0629349,0.088514,-0.994085],[-0.459618,0.881575,0.107594]],"s":1.03928,"sphereCenter":[-89.6743,134.133,-9.032],"sphereRadius":51.6953,"stabilizedPalmPosition":[-86.199,107.749,22.168],"t":[-75.8065,-42.8443,-36.1143],"timeVisible":4.76096,"type":"right","wrist":[-73.5382,75.5551,74.7726]}],"id":57864,"interactionBox":{"center":[0,200,0],"size":[235.247,235.247,147.751]},"pointables":[{"bases":[[[0.766483,-0.320645,-0.556499],[0.595783,0.678593,0.429597],[0.239888,-0.660832,0.711165]],[[0.591076,-0.00832842,-0.806573],[0.50249,0.786013,0.360121],[0.630978,-0.618153,0.468779]],[[0.591076,-0.00832842,-0.806573],[0.360964,0.896965,0.255261],[0.721342,-0.442022,0.533181]],[[0.591076,-0.00832842,-0.806573],[-0.0144514,0.999677,-0.0209127],[0.806486,0.0240171,0.590765]]],"btipPosition":[-139.218,152.111,27.0867],"carpPosition":[-74.3249,112.518,75.051],"dipPosition":[-123.097,152.591,38.8957],"direction":[-0.721342,0.442022,-0.533181],"extended":true,"handId":81,"id":810,"length":44.5133,"mcpPosition":[-74.3249,112.518,75.051],"pipPosition":[-102.091,139.719,54.4227],"stabilizedTipPosition":[-136.281,151.396,28.9241],"timeVisible":4.76096,"tipPosition":[-134.882,150.184,28.4999],"tipVelocity":[159.889,148.318,168.313],"tool":false,"touchDistance":0.371324,"touchZone":"hovering","type":0,"width":18.4546},{"bases":[[[-0.115608,-0.904951,-0.40951],[0.899432,0.0795707,-0.429756],[0.421493,-0.418009,0.804743]],[[-0.12715,-0.89312,-0.431474],[0.881391,0.0977908,-0.462154],[0.454953,-0.439061,0.774754]],[[-0.12715,-0.89312,-0.431474],[0.419238,0.345847,-0.839422],[0.898929,-0.287623,0.330455]],[[-0.12715,-0.89312,-0.431474],[0.186627,0.405694,-0.894753],[0.974168,-0.194293,0.115097]]],"btipPosition":[-138.01,160.469,-29.8253],"carpPosition":[-61.2057,108.475,59.2969],"dipPosition":[-123.794,157.634,-28.1456],"direction":[-0.898929,0.287623,-0.330455],"extended":true,"handId":81,"id":811,"length":50.2283,"mcpPosition":[-88.5414,135.585,7.1058],"pipPosition":[-105.236,151.696,-21.3236],"stabilizedTipPosition":[-133.208,155.537,-38.6297],"timeVisible":4.76096,"tipPosition":[-131.114,160.176,-35.2352],"tipVelocity":[12.6891,168.962,453.207],"tool":false,"touchDistance":-0.0252664,"touchZone":"touching","type":1,"width":17.6278},{"bases":[[[-0.209226,-0.953322,-0.217718],[0.875974,-0.0837642,-0.47503],[0.434619,-0.290103,0.852611]],[[-0.239037,-0.930761,-0.276668],[0.94164,-0.152649,-0.300021],[0.237015,-0.332238,0.91293]],[[-0.239037,-0.930761,-0.276668],[0.843156,-0.057637,-0.534572],[0.481612,-0.361056,0.798554]],[[-0.239037,-0.930761,-0.276668],[0.63986,0.0633287,-0.765878],[0.73037,-0.360102,0.580419]]],"btipPosition":[-121.224,145.164,-64.8968],"carpPosition":[-61.3162,99.0946,53.8369],"dipPosition":[-109.502,139.384,-55.5808],"direction":[-0.481612,0.361056,-0.798554],"extended":true,"handId":81,"id":812,"length":57.2312,"mcpPosition":[-88.0467,116.937,1.39859],"pipPosition":[-97.8043,130.615,-36.1855],"stabilizedTipPosition":[-118.844,143.083,-63.094],"timeVisible":4.76096,"tipPosition":[-117.733,143.918,-63.2146],"tipVelocity":[129.144,275.487,124.763],"tool":false,"touchDistance":0.335797,"touchZone":"hovering","type":2,"width":17.3129},{"bases":[[[-0.208423,-0.976578,-0.0534423],[0.872196,-0.160866,-0.461949],[0.442532,-0.142893,0.885295]],[[-0.266981,-0.947863,-0.174004],[0.94581,-0.223087,-0.235959],[0.184838,-0.227571,0.956058]],[[-0.266981,-0.947863,-0.174004],[0.870382,-0.159653,-0.465774],[0.41371,-0.275803,0.867627]],[[-0.266981,-0.947863,-0.174004],[0.718832,-0.0756096,-0.691059],[0.641873,-0.30958,0.701541]]],"btipPosition":[-114.712,117.005,-66.5972],"carpPosition":[-63.19,88.9643,50.497],"dipPosition":[-104.469,112.065,-55.4018],"direction":[-0.41371,0.275803,-0.867627],"extended":true,"handId":81,"id":813,"length":55.0293,"mcpPosition":[-87.6265,96.8548,1.61139],"pipPosition":[-94.6802,105.539,-34.8732],"stabilizedTipPosition":[-112.596,115.507,-64.0832],"timeVisible":4.76096,"tipPosition":[-112.536,115.37,-63.8714],"tipVelocity":[156.86,219.923,35.1974],"tool":false,"touchDistance":0.335287,"touchZone":"hovering","type":3,"width":16.4743},{"bases":[[[-0.297032,-0.946458,0.126447],[0.864808,-0.322789,-0.384597],[0.404821,-0.00488515,0.914383]],[[-0.322598,-0.94416,0.0670284],[0.918948,-0.329382,-0.216894],[0.226861,-0.00837412,0.973891]],[[-0.322598,-0.94416,0.0670284],[0.820208,-0.314186,-0.478064],[0.472428,-0.0992455,0.875764]],[[-0.322598,-0.94416,0.0670284],[0.665222,-0.276528,-0.69355],[0.673357,-0.179149,0.717283]]],"btipPosition":[-114.892,83.0079,-49.6591],"carpPosition":[-69.5418,78.2099,51.683],"dipPosition":[-104.978,80.3704,-39.0991],"direction":[-0.472428,0.0992455,-0.875764],"extended":true,"handId":81,"id":814,"length":43.1419,"mcpPosition":[-90.2347,78.4596,4.94322],"pipPosition":[-97.0861,78.7125,-24.4691],"stabilizedTipPosition":[-112.951,82.1579,-47.1625],"timeVisible":4.76096,"tipPosition":[-113.135,79.376,-46.6874],"tipVelocity":[241.511,165.009,-49.2574],"tool":false,"touchDistance":0.307262,"touchZone":"hovering","type":4,"width":14.6338}],"r":[[0.885884,0.463671,-0.0147992],[-0.0629349,0.088514,-0.994085],[-0.459618,0.881575,0.107594]],"s":1.03928,"t":[-75.8065,-42.8443,-36.1143],"timestamp":17575945157},{"currentFrameRate":115.51,"devices":[],"gestures":[],"hands":[{"armBasis":[[0.67907,-0.653454,-0.334459],[0.183256,-0.290288,0.939228],[-0.710831,-0.699093,-0.077376]],"armWidth":57.4912,"confidence":1,"direction":[-0.301879,0.288094,-0.908774],"elbow":[-240.475,-90.821,55.6469],"grabAngle":0.556184,"grabStrength":0,"id":81,"palmNormal":[-0.951732,-0.035621,0.304856],"palmPosition":[-83.1571,109.467,22.186],"palmVelocity":[238.43,122.494,3.56498],"palmWidth":80.2111,"pinchDistance":57.6319,"pinchStrength":0,"r":[[0.884228,0.466977,-0.00853409],[-0.0625001,0.100198,-0.993003],[-0.462854,0.878574,0.117784]],"s":1.04858,"sphereCenter":[-89.4433,135.034,-7.85056],"sphereRadius":51.3014,"stabilizedPalmPosition":[-84.2226,108.865,22.1797],"t":[-74.0566,-41.8112,-36.1177],"timeVisible":4.76967,"type":"right","wrist":[-71.2865,75.5739,74.0636]}],"id":57865,"interactionBox":{"center":[0,200,0],"size":[235.247,235.247,147.751]},"pointables":[{"bases":[[[0.770033,-0.296993,-0.564663],[0.588071,0.673636,0.447646],[0.24743,-0.676764,0.693375]],[[0.587221,0.0249926,-0.809041],[0.49964,0.775178,0.386598],[0.636813,-0.631248,0.442714]],[[0.587221,0.0249926,-0.809041],[0.36148,0.886216,0.289747],[0.724226,-0.462597,0.51137]],[[0.587221,0.0249926,-0.809041],[-0.0301217,0.999506,0.00901335],[0.808866,0.0190769,0.587684]]],"btipPosition":[-137.574,153.166,29.0548],"carpPosition":[-72.2917,112.298,75.1754],"dipPosition":[-121.405,153.548,40.8022],"direction":[-0.724226,0.462597,-0.51137],"extended":true,"handId":81,"id":810,"length":44.5133,"mcpPosition":[-72.2917,112.298,75.1754],"pipPosition":[-100.314,140.076,55.6941],"stabilizedTipPosition":[-135.052,152.337,30.3585],"timeVisible":4.76967,"tipPosition":[-133.314,150.685,29.7723],"tipVelocity":[190.103,118.518,224.333],"tool":false,"touchDistance":0.396834,"touchZone":"hovering","type":0,"width":18.4546},{"bases":[[[-0.105355,-0.894983,-0.433481],[0.898438,0.10119,-0.427281],[0.426273,-0.434472,0.793426]],[[-0.123773,-0.875264,-0.46754],[0.876797,0.124162,-0.464555],[0.464659,-0.467437,0.75206]],[[-0.123773,-0.875264,-0.46754],[0.37559,0.394786,-0.838496],[0.918484,-0.279387,0.279877]],[[-0.123773,-0.875264,-0.46754],[0.0444231,0.465803,-0.883773],[0.991316,-0.130157,-0.0187719]]],"btipPosition":[-137.253,161.823,-25.2355],"carpPosition":[-59.1286,108.826,59.3223],"dipPosition":[-122.786,159.924,-25.5094],"direction":[-0.918484,0.279387,-0.279877],"extended":true,"handId":81,"id":811,"length":50.2283,"mcpPosition":[-86.7743,137.004,7.86512],"pipPosition":[-103.825,154.156,-19.7316],"stabilizedTipPosition":[-133.296,156.255,-36.9944],"timeVisible":4.76967,"tipPosition":[-130.301,162.096,-32.4784],"tipVelocity":[93.5212,180.156,475.365],"tool":false,"touchDistance":0.0937407,"touchZone":"hovering","type":1,"width":17.6278},{"bases":[[[-0.198403,-0.949503,-0.243066],[0.876833,-0.0611372,-0.476891],[0.437949,-0.307745,0.844685]],[[-0.229287,-0.924999,-0.302993],[0.944367,-0.135997,-0.29946],[0.235794,-0.354798,0.904721]],[[-0.229287,-0.924999,-0.302993],[0.840589,-0.0312278,-0.540773],[0.490753,-0.378684,0.784704]],[[-0.229287,-0.924999,-0.302993],[0.612993,0.104577,-0.783137],[0.756087,-0.365295,0.54304]]],"btipPosition":[-119.831,148.188,-63.3574],"carpPosition":[-59.133,99.5935,53.6144],"dipPosition":[-107.695,142.325,-54.6413],"direction":[-0.490753,0.378684,-0.784704],"extended":true,"handId":81,"id":812,"length":57.2312,"mcpPosition":[-86.0683,118.521,1.66362],"pipPosition":[-95.7756,133.127,-35.5825],"stabilizedTipPosition":[-117.506,145.869,-61.8027],"timeVisible":4.76967,"tipPosition":[-116.092,146.873,-62.1902],"tipVelocity":[170.937,345.018,160.893],"tool":false,"touchDistance":0.356571,"touchZone":"hovering","type":2,"width":17.3129},{"bases":[[[-0.197324,-0.977112,-0.0794681],[0.873932,-0.138598,-0.465869],[0.444192,-0.161377,0.881278]],[[-0.253536,-0.947743,-0.193655],[0.950205,-0.206507,-0.233379],[0.181192,-0.243182,0.952907]],[[-0.253536,-0.947743,-0.193655],[0.871429,-0.136872,-0.471039],[0.419918,-0.288182,0.860593]],[[-0.253536,-0.947743,-0.193655],[0.702726,-0.0428795,-0.710167],[0.664752,-0.31614,0.676876]]],"btipPosition":[-112.878,119.59,-66.1865],"carpPosition":[-60.8919,89.5351,50.0056],"dipPosition":[-102.27,114.545,-55.3847],"direction":[-0.419918,0.288182,-0.860593],"extended":true,"handId":81,"id":813,"length":55.0293,"mcpPosition":[-85.42,98.4463,1.34184],"pipPosition":[-92.3345,107.726,-35.0225],"stabilizedTipPosition":[-110.749,118.009,-63.757],"timeVisible":4.76967,"tipPosition":[-110.54,118.414,-63.6329],"tipVelocity":[220.159,293.998,36.7621],"tool":false,"touchDistance":0.339894,"touchZone":"hovering","type":3,"width":16.4743},{"bases":[[[-0.286255,-0.952801,0.101139],[0.868389,-0.302596,-0.392856],[0.404918,-0.0246291,0.914021]],[[-0.307869,-0.950048,0.051243],[0.927544,-0.311697,-0.206173],[0.211846,-0.0159439,0.977173]],[[-0.307869,-0.950048,0.051243],[0.829973,-0.294509,-0.473719],[0.465147,-0.103313,0.879184]],[[-0.307869,-0.950048,0.051243],[0.660763,-0.252254,-0.706938],[0.684551,-0.183785,0.705417]]],"btipPosition":[-112.065,84.8536,-50.4017],"carpPosition":[-67.1211,78.6815,50.9035],"dipPosition":[-101.987,82.1479,-40.0164],"direction":[-0.465147,0.103313,-0.879184],"exte