{"frames":48,"data":[{"currentFrameRate":115.191,"devices":[],"gestures":[],"hands":[{"armBasis":[[0.719925,-0.424774,-0.548885],[0.367566,-0.437489,0.82067],[-0.58873,-0.792572,-0.158827]],"armWidth":57.4912,"confidence":1,"direction":[-0.483744,0.422879,-0.766268],"elbow":[-218.732,-116.536,54.3576],"grabAngle":2.64808,"grabStrength":0,"id":79,"palmNormal":[-0.870397,-0.140754,0.471803],"palmPosition":[-102.865,114.7,51.9249],"palmVelocity":[105.024,-26.1416,-24.8483],"palmWidth":80.2111,"pinchDistance":57.1194,"pinchStrength":1,"r":[[0.593054,0.374093,0.71298],[0.378464,0.652071,-0.656939],[-0.71067,0.659438,0.245133]],"s":0.898804,"sphereCenter":[-145.181,101.747,48.8419],"sphereRadius":43.3292,"stabilizedPalmPosition":[-104.477,115.393,52.5463],"t":[-79.7534,-30.8044,-68.5539],"timeVisible":7.35387,"type":"right","wrist":[-78.6054,72.1084,92.1609]}],"id":56599,"interactionBox":{"center":[0,200,0],"size":[235.247,235.247,147.751]},"pointables":[{"bases":[[[-0.171581,-0.811478,-0.558627],[0.79231,0.223332,-0.567774],[0.585496,-0.540025,0.604623]],[[-0.0050457,-0.928166,-0.372132],[0.702169,0.261673,-0.662183],[0.711992,-0.264641,0.650409]],[[-0.0050457,-0.928166,-0.372132],[0.628487,0.28651,-0.72313],[0.777804,-0.237529,0.581894]],[[-0.0050457,-0.928166,-0.372132],[0.606817,0.292945,-0.738888],[0.794825,-0.229544,0.561749]]],"btipPosition":[-163.629,162.009,-0.312723],"carpPosition":[-71.8742,109.022,82.9768],"dipPosition":[-152.03,158.66,7.88491],"direction":[-0.777804,0.237529,-0.581894],"extended":true,"handId":79,"id":791,"length":50.2283,"mcpPosition":[-109.846,144.045,43.7644],"pipPosition":[-135.973,153.756,19.8977],"stabilizedTipPosition":[-162.736,162.148,2.77256],"timeVisible":7.35387,"tipPosition":[-156.36,164.013,-1.7791],"tipVelocity":[126.772,-37.2696,-47.8032],"tool":false,"touchDistance":0.288975,"touchZone":"hovering","type":1,"width":17.6278},{"bases":[[[0.647229,-0.15181,-0.747027],[0.651809,0.618355,0.43907],[0.395272,-0.771097,0.499168]],[[0.466745,0.129235,-0.874899],[0.440872,0.823582,0.356853],[0.766669,-0.552278,0.327426]],[[0.466745,0.129235,-0.874899],[-0.0160019,0.990338,0.137751],[0.884247,-0.0502943,0.464303]],[[0.466745,0.129235,-0.874899],[-0.532621,0.830817,-0.161421],[0.70602,0.541332,0.456613]]],"btipPosition":[-155.263,123.918,64.3817],"carpPosition":[-81.6625,108.972,101.438],"dipPosition":[-141.15,134.739,73.5091],"direction":[-0.884247,0.0502943,-0.464303],"extended":false,"handId":79,"id":790,"length":44.5133,"mcpPosition":[-81.6625,108.972,101.438],"pipPosition":[-115.399,133.274,87.0303],"stabilizedTipPosition":[-153.994,126.281,67.8569],"timeVisible":7.35387,"tipPosition":[-150.829,132.223,63.8944],"tipVelocity":[120.033,21.1965,-39.3907],"tool":false,"touchDistance":0.298384,"touchZone":"hovering","type":0,"width":18.4546},{"bases":[[[-0.223439,-0.90308,-0.366772],[0.764558,0.0710164,-0.640631],[0.604588,-0.423561,0.674589]],[[-0.186784,-0.926853,-0.325661],[0.32522,0.254466,-0.910757],[0.927008,-0.276026,0.253901]],[[-0.186784,-0.926853,-0.325661],[-0.926749,0.276229,-0.254626],[0.325958,0.254246,-0.910555]],[[-0.186784,-0.926853,-0.325661],[-0.58858,-0.159835,0.792481],[-0.786565,0.3397,-0.515673]]],"btipPosition":[-143.471,126.711,54.2625],"carpPosition":[-72.8317,100.924,75.8123],"dipPosition":[-156.096,132.163,45.9857],"direction":[-0.325958,-0.254246,0.910555],"extended":false,"handId":79,"id":792,"length":57.2312,"mcpPosition":[-110.016,126.974,34.323],"pipPosition":[-148.179,138.338,23.8702],"stabilizedTipPosition":[-148.683,130.286,54.8647],"timeVisible":7.35387,"tipPosition":[-143.994,125.083,59.1105],"tipVelocity":[120.843,-46.9827,50.9951],"tool":false,"touchDistance":0.333333,"touchZone":"none","type":2,"width":17.3129},{"bases":[[[-0.189029,-0.958334,-0.214159],[0.765524,-0.00722439,-0.643367],[0.615013,-0.285559,0.734993]],[[-0.225568,-0.939486,-0.257847],[-0.354143,0.325635,-0.876667],[0.90758,-0.106433,-0.406165]],[[-0.225568,-0.939486,-0.257847],[-0.910012,0.108687,0.400081],[-0.347846,0.32489,-0.87946]],[[-0.225568,-0.939486,-0.257847],[-0.524609,-0.105885,0.844733],[-0.820917,0.325814,-0.468978]]],"btipPosition":[-122.335,98.4982,74.07],"carpPosition":[-75.07,91.5546,70.8634],"dipPosition":[-135.435,103.698,66.5859],"direction":[0.347846,-0.32489,0.87946],"extended":false,"handId":79,"id":793,"length":55.0293,"mcpPosition":[-109.031,107.323,30.2775],"pipPosition":[-143.665,111.385,45.7773],"stabilizedTipPosition":[-126.87,100.425,73.0321],"timeVisible":7.35387,"tipPosition":[-124.89,100.867,74.1373],"tipVelocity":[100.275,-25.9357,-23.1463],"tool":false,"touchDistance":0.333333,"touchZone":"none","type":3,"width":16.4743},{"bases":[[[-0.240449,-0.970488,-0.0183861],[0.778111,-0.181392,-0.601365],[0.580282,-0.158904,0.798763]],[[-0.318342,-0.939212,-0.128606],[-0.353141,0.243392,-0.903356],[0.879744,-0.24216,-0.409156]],[[-0.318342,-0.939212,-0.128606],[-0.927417,0.280458,0.24747],[-0.196358,0.198052,-0.960322]],[[-0.318342,-0.939212,-0.128606],[-0.568112,0.0804115,0.819013],[-0.758886,0.333789,-0.559176]]],"btipPosition":[-122.546,87.5905,66.7853],"carpPosition":[-80.7675,80.3772,70.9832],"dipPosition":[-133.718,92.5047,58.553],"direction":[0.196358,-0.198052,0.960322],"extended":false,"handId":79,"id":794,"length":43.1419,"mcpPosition":[-110.429,88.4998,30.1535],"pipPosition":[-136.998,95.8132,42.5104],"stabilizedTipPosition":[-126.724,89.4754,65.4934],"timeVisible":7.35387,"tipPosition":[-125.045,89.4613,64.2532],"tipVelocity":[93.8222,-22.9305,-24.1569],"tool":false,"touchDistance":0.333333,"touchZone":"none","type":4,"width":14.6338}],"r":[[0.593054,0.374093,0.71298],[0.378464,0.652071,-0.656939],[-0.71067,0.659438,0.245133]],"s":0.898804,"t":[-79.7534,-30.8044,-68.5539],"timestamp":17564775518},{"currentFrameRate":115.203,"devices":[],"gestures":[],"hands":[{"armBasis":[[0.717579,-0.427869,-0.549553],[0.369335,-0.435197,0.821094],[-0.590485,-0.792169,-0.154261]],"armWidth":57.4912,"confidence":1,"direction":[-0.485297,0.421659,-0.765957],"elbow":[-218.102,-116.563,55.2917],"grabAngle":2.645,"grabStrength":0,"id":79,"palmNormal":[-0.868617,-0.132351,0.477481],"palmPosition":[-101.826,114.535,51.7141],"palmVelocity":[119.949,-19.1046,-24.347],"palmWidth":80.2111,"pinchDistance":57.0709,"pinchStrength":1,"r":[[0.594082,0.374038,0.712153],[0.379116,0.650634,-0.657987],[-0.709463,0.660887,0.244727]],"s":0.897493,"sphereCenter":[-144.391,101.33,48.9238],"sphereRadius":43.5814,"stabilizedPalmPosition":[-103.811,115.177,52.3371],"t":[-78.8588,-31.0076,-68.7746],"timeVisible":7.36253,"type":"right","wrist":[-77.5576,71.9851,92.0083]}],"id":56600,"interactionBox":{"center":[0,200,0],"size":[235.247,235.247,147.751]},"pointables":[{"bases":[[[-0.180023,-0.813511,-0.552984],[0.790529,0.21489,-0.573486],[0.585368,-0.54039,0.604419]],[[-0.0106334,-0.931462,-0.363684],[0.704289,0.251208,-0.663981],[0.709834,-0.263199,0.653347]],[[-0.0106334,-0.931462,-0.363684],[0.635447,0.274527,-0.721694],[0.772071,-0.238776,0.588975]],[[-0.0106334,-0.931462,-0.363684],[0.615421,0.280566,-0.736573],[0.788127,-0.231651,0.570258]]],"btipPosition":[-162.149,161.846,-1.03082],"carpPosition":[-70.6983,108.831,82.6236],"dipPosition":[-150.648,158.465,7.29098],"direction":[-0.772071,0.238776,-0.588975],"extended":true,"handId":79,"id":791,"length":50.2283,"mcpPosition":[-108.662,143.878,43.4244],"pipPosition":[-134.709,153.536,19.45],"stabilizedTipPosition":[-161.721,161.809,2.17901],"timeVisible":7.36253,"tipPosition":[-155.482,163.768,-1.84844],"tipVelocity":[168.265,-19.7265,-79.6329],"tool":false,"touchDistance":0.280249,"touchZone":"hovering","type":1,"width":17.6278},{"bases":[[[0.641994,-0.16031,-0.749763],[0.658298,0.616565,0.431845],[0.393049,-0.77081,0.501363]],[[0.464675,0.11849,-0.877518],[0.450676,0.8214,0.349561],[0.762212,-0.557909,0.328284]],[[0.464675,0.11849,-0.877518],[-0.00262489,0.991186,0.132449],[0.885477,-0.0592423,0.460891]],[[0.464675,0.11849,-0.877518],[-0.518261,0.839927,-0.161023],[0.717971,0.529607,0.451702]]],"btipPosition":[-154.061,124.639,64.243],"carpPosition":[-80.3822,108.95,101.14],"dipPosition":[-139.709,135.226,73.2722],"direction":[-0.885477,0.0592423,-0.460891],"extended":false,"handId":79,"id":790,"length":44.5133,"mcpPosition":[-80.3822,108.95,101.14],"pipPosition":[-113.923,133.5,86.694],"stabilizedTipPosition":[-153.285,126.454,67.52],"timeVisible":7.36253,"tipPosition":[-149.641,132.281,63.925],"tipVelocity":[145.117,77.0607,-18.6261],"tool":false,"touchDistance":0.298077,"touchZone":"hovering","type":0,"width":18.4546},{"bases":[[[-0.231393,-0.903675,-0.360319],[0.761373,0.0623463,-0.645309],[0.605614,-0.423657,0.673607]],[[-0.194661,-0.927453,-0.319278],[0.294877,0.255114,-0.92085],[0.935497,-0.273402,0.223824]],[[-0.194661,-0.927453,-0.319278],[-0.935262,0.273605,-0.224557],[0.295622,0.254896,-0.920671]],[[-0.194661,-0.927453,-0.319278],[-0.575234,-0.155711,0.803032],[-0.794489,0.339979,-0.503191]]],"btipPosition":[-141.937,126.363,55.3055],"carpPosition":[-71.7491,100.699,75.5113],"dipPosition":[-154.689,131.82,47.229],"direction":[-0.295622,-0.254896,0.920671],"extended":false,"handId":79,"id":792,"length":57.2312,"mcpPosition":[-108.996,126.755,34.0824],"pipPosition":[-147.509,138.01,24.8678],"stabilizedTipPosition":[-148.28,130.004,54.7148],"timeVisible":7.36253,"tipPosition":[-143.004,125.415,58.6308],"tipVelocity":[173.78,-40.0473,125.773],"tool":false,"touchDistance":0.333333,"touchZone":"none","type":2,"width":17.3129},{"bases":[[[-0.196482,-0.958281,-0.207586],[0.761813,-0.0159135,-0.647601],[0.61728,-0.285384,0.733158]],[[-0.233143,-0.939444,-0.251176],[-0.35733,0.322987,-0.876353],[0.904411,-0.114563,-0.410994]],[[-0.233143,-0.939444,-0.251176],[-0.907904,0.117755,0.402298],[-0.348359,0.321837,-0.880379]],[[-0.233143,-0.939444,-0.251176],[-0.521707,-0.0971409,0.847576],[-0.82065,0.328647,-0.467466]]],"btipPosition":[-121.337,98.5872,74.1188],"carpPosition":[-74.0764,91.316,70.629],"dipPosition":[-134.434,103.832,66.6588],"direction":[0.348359,-0.321837,0.880379],"extended":false,"handId":79,"id":793,"length":55.0293,"mcpPosition":[-108.162,107.075,30.1443],"pipPosition":[-142.676,111.447,45.8284],"stabilizedTipPosition":[-126.289,100.28,72.8872],"timeVisible":7.36253,"tipPosition":[-123.818,100.967,74.1197],"tipVelocity":[115.284,11.4758,6.27132],"tool":false,"touchDistance":0.333333,"touchZone":"none","type":3,"width":16.4743},{"bases":[[[-0.246873,-0.96898,-0.0114611],[0.773502,-0.189918,-0.604671],[0.583737,-0.158142,0.796393]],[[-0.325351,-0.937734,-0.121665],[-0.354276,0.240176,-0.903772],[0.876718,-0.25094,-0.410358]],[[-0.325351,-0.937734,-0.121665],[-0.92436,0.288288,0.249899],[-0.199265,0.193767,-0.960598]],[[-0.325351,-0.937734,-0.121665],[-0.57024,0.0919355,0.816317],[-0.754303,0.334967,-0.564645]]],"btipPosition":[-121.728,87.6708,66.8896],"carpPosition":[-79.8458,80.177,70.8449],"dipPosition":[-132.833,92.6023,58.5767],"direction":[0.199265,-0.193767,0.960598],"extended":false,"handId":79,"id":794,"length":43.1419,"mcpPosition":[-109.684,88.2607,30.1364],"pipPosition":[-136.162,95.8392,42.5295],"stabilizedTipPosition":[-126.156,89.3196,65.3735],"timeVisible":7.36253,"tipPosition":[-124.102,89.5071,64.3166],"tipVelocity":[96.2041,9.73096,9.90441],"tool":false,"touchDistance":0.333333,"touchZone":"none","type":4,"width":14.6338}],"r":[[0.594082,0.374038,0.712153],[0.379116,0.650634,-0.657987],[-0.709463,0.660887,0.244727]],"s":0.897493,"t":[-78.8588,-31.0076,-68.7746],"timestamp":17564784177},{"currentFrameRate":115.194,"devices":[],"gestures":[],"hands":[{"armBasis":[[0.712396,-0.432642,-0.552551],[0.372146,-0.434638,0.82012],[-0.594978,-0.78988,-0.148628]],"armWidth":57.4912,"confidence":1,"direction":[-0.487701,0.422934,-0.763724],"elbow":[-218.139,-115.97,56.4507],"grabAngle":2.6138,"grabStrength":0,"id":79,"palmNormal":[-0.865304,-0.118196,0.487113],"palmPosition":[-100.761,114.683,51.5864],"palmVelocity":[122.497,17.091,-14.6774],"palmWidth":80.2111,"pinchDistance":56.9213,"pinchStrength":1,"r":[[0.597302,0.37339,0.709796],[0.379952,0.647658,-0.660436],[-0.706306,0.664167,0.244977]],"s":0.897486,"sphereCenter":[-143.603,101.679,49.1977],"sphereRadius":43.8022,"stabilizedPalmPosition":[-103.023,115.05,52.1431],"t":[-77.8788,-31.0349,-68.9488],"timeVisible":7.37122,"type":"right","wrist":[-76.525,72.0339,91.8264]}],"id":56601,"interactionBox":{"center":[0,200,0],"size":[235.247,235.247,147.751]},"pointables":[{"bases":[[[-0.19599,-0.814653,-0.545828],[0.787294,0.201113,-0.582856],[0.584598,-0.543961,0.601956]],[[-0.0241049,-0.934547,-0.355022],[0.703938,0.236293,-0.669803],[0.709852,-0.266059,0.652168]],[[-0.0241049,-0.934547,-0.355022],[0.638766,0.258781,-0.724576],[0.769023,-0.244242,0.590719]],[[-0.0241049,-0.934547,-0.355022],[0.619566,0.264738,-0.738953],[0.784574,-0.237772,0.572632]]],"btipPosition":[-160.681,162.333,-1.30679],"carpPosition":[-69.3938,108.779,82.2153],"dipPosition":[-149.231,158.863,7.04967],"direction":[-0.769023,0.244242,-0.590719],"extended":true,"handId":79,"id":791,"length":50.2283,"mcpPosition":[-107.308,144.058,43.1758],"pipPosition":[-133.355,153.821,19.2446],"stabilizedTipPosition":[-160.472,161.716,1.64756],"timeVisible":7.37122,"tipPosition":[-154.459,164.162,-1.6672],"tipVelocity":[167.497,53.665,-30.8182],"tool":false,"touchDistance":0.279993,"touchZone":"hovering","type":1,"width":17.6278},{"bases":[[[0.632208,-0.173276,-0.755174],[0.670461,0.610845,0.42113],[0.388323,-0.772557,0.502356]],[[0.460046,0.103052,-0.881894],[0.468955,0.815202,0.339893],[0.753949,-0.569935,0.326704]],[[0.460046,0.103052,-0.881894],[0.015833,0.992132,0.124193],[0.887754,-0.0710976,0.454795]],[[0.460046,0.103052,-0.881894],[-0.497736,0.852436,-0.160037],[0.735266,0.512575,0.443453]]],"btipPosition":[-152.613,126.044,64.3426],"carpPosition":[-78.8857,109.14,100.828],"dipPosition":[-137.915,136.29,73.2069],"direction":[-0.887754,0.0710976,-0.454795],"extended":false,"handId":79,"id":790,"length":44.5133,"mcpPosition":[-78.8857,109.14,100.828],"pipPosition":[-112.063,134.22,86.4513],"stabilizedTipPosition":[-152.265,126.945,67.2333],"timeVisible":7.37122,"tipPosition":[-148.254,132.955,64.2417],"tipVelocity":[175.674,152.588,7.09611],"tool":false,"touchDistance":0.303643,"touchZone":"hovering","type":0,"width":18.4546},{"bases":[[[-0.24653,-0.902923,-0.352069],[0.755469,0.048499,-0.653386],[0.607033,-0.427057,0.670174]],[[-0.209687,-0.926906,-0.311249],[0.285309,0.24647,-0.926203],[0.935217,-0.283015,0.212774]],[[-0.209687,-0.926906,-0.311249],[-0.934989,0.283211,-0.213511],[0.286054,0.246244,-0.926033]],[[-0.209687,-0.926906,-0.311249],[-0.655588,-0.102891,0.748076],[-0.725422,0.360913,-0.586093]]],"btipPosition":[-141.761,126.759,57.0881],"carpPosition":[-70.6205,100.616,75.167],"dipPosition":[-153.404,132.552,47.681],"direction":[-0.286054,-0.246244,0.926033],"extended":false,"handId":79,"id":792,"length":57.2312,"mcpPosition":[-107.955,126.881,33.9492],"pipPosition":[-146.457,138.533,25.1896],"stabilizedTipPosition":[-147.971,129.85,54.7316],"timeVisible":7.37122,"tipPosition":[-141.972,126.311,58.4911],"tipVelocity":[49.6372,54.4805,169.798],"tool":false,"touchDistance":0.333333,"touchZone":"none","type":2,"width":17.3129},{"bases":[[[-0.210758,-0.956996,-0.199346],[0.754891,-0.0297731,-0.655174],[0.621064,-0.288568,0.728703]],[[-0.24762,-0.937971,-0.242684],[-0.366436,0.322546,-0.872748],[0.896888,-0.127182,-0.423575]],[[-0.24762,-0.937971,-0.242684],[-0.905518,0.134972,0.402269],[-0.344561,0.319364,-0.882771]],[[-0.24762,-0.937971,-0.242684],[-0.51409,-0.0851117,0.853503],[-0.821216,0.336106,-0.461126]]],"btipPosition":[-120.38,99.101,74.541],"carpPosition":[-73.1166,91.233,70.3697],"dipPosition":[-133.486,104.465,67.1822],"direction":[0.344561,-0.319364,0.882771],"extended":false,"handId":79,"id":793,"length":55.0293,"mcpPosition":[-107.411,107.168,30.131],"pipPosition":[-141.638,112.021,46.2953],"stabilizedTipPosition":[-125.631,100.292,72.8784],"timeVisible":7.37122,"tipPosition":[-122.707,101.518,74.2744],"tipVelocity":[109.819,62.2385,51.2307],"tool":false,"touchDistance":0.333333,"touchZone":"none","type":3,"width":16.4743},{"bases":[[[-0.259273,-0.9658,-0.00265486],[0.764805,-0.203635,-0.611233],[0.589789,-0.160507,0.791446]],[[-0.33842,-0.934284,-0.112187],[-0.361098,0.239034,-0.901372],[0.868954,-0.264532,-0.418261]],[[-0.33842,-0.934284,-0.112187],[-0.918571,0.302127,0.254847],[-0.204204,0.189297,-0.960451]],[[-0.33842,-0.934284,-0.112187],[-0.561151,0.10467,0.821069],[-0.755368,0.34082,-0.559696]]],"btipPosition":[-120.884,88.184,67.1774],"carpPosition":[-79.0247,80.1703,70.7165],"dipPosition":[-132.004,93.2016,58.9375],"direction":[0.204204,-0.189297,0.960451],"extended":false,"handId":79,"id":794,"length":43.1419,"mcpPosition":[-109.172,88.3748,30.2609],"pipPosition":[-135.416,96.3639,42.8927],"stabilizedTipPosition":[-125.525,89.3239,65.3523],"timeVisible":7.37122,"tipPosition":[-123.224,90.0208,64.5791],"tipVelocity":[96.7001,61.2872,35.0304],"tool":false,"touchDistance":0.333333,"touchZone":"none","type":4,"width":14.6338}],"r":[[0.597302,0.37339,0.709796],[0.379952,0.647658,-0.660436],[-0.706306,0.664167,0.244977]],"s":0.897486,"t":[-77.8788,-31.0349,-68.9488],"timestamp":17564792873},{"currentFrameRate":115.203,"devices":[],"gestures":[],"hands":[{"armBasis":[[0.703928,-0.441874,-0.556087],[0.373347,-0.435845,0.818933],[-0.604233,-0.784083,-0.141831]],"armWidth":57.4912,"confidence":1,"direction":[-0.488617,0.425536,-0.76169],"elbow":[-219.085,-114.649,57.9144],"grabAngle":2.60744,"grabStrength":0,"id":79,"palmNormal":[-0.863042,-0.107542,0.493552],"palmPosition":[-99.3398,114.745,51.4617],"palmVelocity":[164.008,7.07154,-14.3875],"palmWidth":80.2111,"pinchDistance":56.8358,"pinchStrength":1,"r":[[0.601643,0.372068,0.706818],[0.381027,0.644037,-0.663351],[-0.702028,0.668417,0.245712]],"s":0.897302,"sphereCenter":[-142.451,101.758,49.3908],"sphereRadius":44.0223,"stabilizedPalmPosition":[-102.027,114.967,51.9588],"t":[-76.6782,-31.0179,-69.0982],"timeVisible":7.37989,"type":"right","wrist":[-75.2682,71.9746,91.6725]}],"id":56602,"interactionBox":{"center":[0,200,0],"size":[235.247,235.247,147.751]},"pointables":[{"bases":[[[-0.208332,-0.814325,-0.541732],[0.785231,0.19096,-0.589022],[0.583104,-0.548096,0.59965]],[[-0.034429,-0.936322,-0.349451],[0.707388,0.22417,-0.670335],[0.705986,-0.270277,0.654625]],[[-0.034429,-0.936322,-0.349451],[0.646928,0.245639,-0.721904],[0.761774,-0.250924,0.597275]],[[-0.034429,-0.936322,-0.349451],[0.628264,0.251652,-0.736176],[0.777238,-0.244893,0.579593]]],"btipPosition":[-158.613,162.83,-1.81007],"carpPosition":[-67.8211,108.612,81.8896],"dipPosition":[-147.27,159.256,6.64797],"direction":[-0.761774,0.250924,-0.597275],"extended":true,"handId":79,"id":791,"length":50.2283,"mcpPosition":[-105.638,144.159,42.9996],"pipPosition":[-131.544,154.076,18.9783],"stabilizedTipPosition":[-158.82,161.824,1.08826],"timeVisible":7.37989,"tipPosition":[-153.044,164.483,-1.49467],"tipVelocity":[235.817,54.6393,-55.3791],"tool":false,"touchDistance":0.280315,"touchZone":"hovering","type":1,"width":17.6278},{"bases":[[[0.625031,-0.182341,-0.759004],[0.679757,0.605153,0.414391],[0.383753,-0.774946,0.502187]],[[0.457897,0.0912063,-0.884314],[0.482086,0.810292,0.333195],[0.746943,-0.578885,0.327061]],[[0.457897,0.0912063,-0.884314],[0.0335466,0.992242,0.119708],[0.888372,-0.0844797,0.451285]],[[0.457897,0.0912063,-0.884314],[-0.478897,0.863365,-0.158927],[0.748991,0.496268,0.439011]]],"btipPosition":[-150.889,127.146,64.2569],"carpPosition":[-77.1775,109.133,100.567],"dipPosition":[-135.917,137.066,73.0325],"direction":[-0.888372,0.0844797,-0.451285],"extended":false,"handId":79,"id":790,"length":44.5133,"mcpPosition":[-77.1775,109.133,100.567],"pipPosition":[-110.046,134.606,86.1746],"stabilizedTipPosition":[-150.897,127.649,66.9615],"timeVisible":7.37989,"tipPosition":[-146.578,133.419,64.4502],"tipVelocity":[206.238,118.506,-12.2431],"tool":false,"touchDistance":0.306202,"touchZone":"hovering","type":0,"width":18.4546},{"bases":[[[-0.258427,-0.90143,-0.347332],[0.751317,0.0384595,-0.65882],[0.607238,-0.431213,0.667321]],[[-0.221549,-0.925665,-0.306691],[0.254728,0.248651,-0.934498],[0.941291,-0.28516,0.180705]],[[-0.221549,-0.925665,-0.306691],[-0.941088,0.285358,-0.181449],[0.255478,0.248424,-0.934354]],[[-0.221549,-0.925665,-0.306691],[-0.649045,-0.0947466,0.754827],[-0.727775,0.366288,-0.579807]]],"btipPosition":[-139.805,126.787,58.3953],"carpPosition":[-69.1826,100.439,74.8773],"dipPosition":[-151.486,132.666,49.0891],"direction":[-0.255478,-0.248424,0.934354],"extended":false,"handId":79,"id":792,"length":57.2312,"mcpPosition":[-106.53,126.96,33.8349],"pipPosition":[-145.281,138.7,26.3956],"stabilizedTipPosition":[-147.479,129.697,54.8685],"timeVisible":7.37989,"tipPosition":[-140.549,126.933,58.4243],"tipVelocity":[224.653,5.48815,153.514],"tool":false,"touchDistance":0.333333,"touchZone":"none","type":2,"width":17.3129},{"bases":[[[-0.222147,-0.955379,-0.194685],[0.749908,-0.0398076,-0.660343],[0.623128,-0.292689,0.72529]],[[-0.259113,-0.936109,-0.237825],[-0.367442,0.32326,-0.87206],[0.893223,-0.138575,-0.427727]],[[-0.259113,-0.936109,-0.237825],[-0.902958,0.147382,0.403665],[-0.342823,0.319341,-0.883455]],[[-0.259113,-0.936109,-0.237825],[-0.513622,-0.0749822,0.854734],[-0.817956,0.343625,-0.461378]]],"btipPosition":[-119.141,99.478,74.6671],"carpPosition":[-71.8104,91.0671,70.1287],"dipPosition":[-132.195,104.962,67.3044],"direction":[0.342823,-0.319341,0.883455],"extended":false,"handId":79,"id":793,"length":55.0293,"mcpPosition":[-106.219,107.229,30.0785],"pipPosition":[-140.306,112.518,46.4012],"stabilizedTipPosition":[-124.8,100.399,72.9011],"timeVisible":7.37989,"tipPosition":[-121.272,101.87,74.3301],"tipVelocity":[144.352,46.6899,14.4508],"tool":false,"touchDistance":0.333333,"touchZone":"none","type":3,"width":16.4743},{"bases":[[[-0.269366,-0.963035,0.00237025],[0.758313,-0.21362,-0.615896],[0.593635,-0.164104,0.787824]],[[-0.349265,-0.930876,-0.107158],[-0.360575,0.239073,-0.901571],[0.86487,-0.276249,-0.419151]],[[-0.349265,-0.930876,-0.107158],[-0.914335,0.313559,0.256265],[-0.20495,0.187483,-0.960648]],[[-0.349265,-0.930876,-0.107158],[-0.560727,0.116009,0.819834],[-0.750732,0.346426,-0.562485]]],"btipPosition":[-119.819,88.5673,67.2709],"carpPosition":[-77.8312,80.0681,70.5537],"dipPosition":[-130.872,93.6674,58.9899],"direction":[0.20495,-0.187483,0.960648],"extended":false,"handId":79,"id":794,"length":43.1419,"mcpPosition":[-108.176,88.4565,30.2831],"pipPosition":[-134.295,96.7994,42.9418],"stabilizedTipPosition":[-124.765,89.4239,65.3556],"timeVisible":7.37989,"tipPosition":[-121.972,90.3534,64.7016],"tipVelocity":[124.638,46.4225,9.70012],"tool":false,"touchDistance":0.333333,"touchZone":"none","type":4,"width":14.6338}],"r":[[0.601643,0.372068,0.706818],[0.381027,0.644037,-0.663351],[-0.702028,0.668417,0.245712]],"s":0.897302,"t":[-76.6782,-31.0179,-69.0982],"timestamp":17564801539},{"currentFrameRate":115.221,"devices":[],"gestures":[],"hands":[{"armBasis":[[0.700803,-0.452274,-0.551655],[0.368359,-0.432813,0.822791],[-0.61089,-0.779821,-0.136717]],"armWidth":57.4912,"confidence":1,"direction":[-0.483796,0.423953,-0.765641],"elbow":[-219.396,-113.382,59.3549],"grabAngle":2.60592,"grabStrength":0,"id":79,"palmNormal":[-0.864643,-0.0961897,0.493092],"palmPosition":[-97.6341,114.897,51.3237],"palmVelocity":[197.234,17.6035,-15.9647],"palmWidth":80.2111,"pinchDistance":56.972,"pinchStrength":1,"r":[[0.605551,0.371009,0.704032],[0.383179,0.639441,-0.666551],[-0.697483,0.6734,0.245051]],"s":0.897347,"sphereCenter":[-140.877,102.03,49.2387],"sphereRadius":44.1405,"stabilizedPalmPosition":[-100.753,114.947,51.7747],"t":[-75.2251,-30.9333,-69.242],"timeVisible":7.38854,"type":"right","wrist":[-73.9951,72.2269,91.8958]}],"id":56603,"interactionBox":{"center":[0,200,0],"size":[235.247,235.247,147.751]},"pointables":[{"bases":[[[-0.214709,-0.816595,-0.535792],[0.787702,0.179552,-0.58931],[0.57743,-0.548575,0.604682]],[[-0.0406203,-0.939366,-0.340503],[0.715753,0.210425,-0.665897],[0.697171,-0.270765,0.663806]],[[-0.0406203,-0.939366,-0.340503],[0.660742,0.230379,-0.714385],[0.749513,-0.254003,0.61132]],[[-0.0406203,-0.939366,-0.340503],[0.6433,0.23617,-0.728278],[0.764536,-0.248628,0.594701]]],"btipPosition":[-155.875,163.107,-3.02944],"carpPosition":[-66.2132,108.722,81.8438],"dipPosition":[-144.718,159.479,5.64907],"direction":[-0.749513,0.254003,-0.61132],"extended":true,"handId":79,"id":791,"length":50.2283,"mcpPosition":[-103.662,144.299,42.6276],"pipPosition":[-129.245,154.235,18.2693],"stabilizedTipPosition":[-156.619,162.003,0.240849],"timeVisible":7.38854,"tipPosition":[-150.946,164.578,-2.03899],"tipVelocity":[311.654,30.5304,-135.137],"tool":false,"touchDistance":0.274067,"touchZone":"hovering","type":1,"width":17.6278},{"bases":[[[0.624471,-0.193622,-0.756668],[0.684459,0.60233,0.410749],[0.376234,-0.774409,0.508664]],[[0.460697,0.0793192,-0.884006],[0.489846,0.807849,0.327767],[0.740141,-0.584028,0.333319]],[[0.460697,0.0793192,-0.884006],[0.0445471,0.992677,0.112285],[0.886439,-0.0911095,0.45379]],[[0.460697,0.0793192,-0.884006],[-0.464416,0.870311,-0.163939],[0.756357,0.486073,0.437787]]],"btipPosition":[-149.094,128.104,63.869],"carpPosition":[-75.5908,109.467,100.503],"dipPosition":[-133.975,137.82,72.6201],"direction":[-0.886439,0.0911095,-0.45379],"extended":false,"handId":79,"id":790,"length":44.5133,"mcpPosition":[-75.5908,109.467,100.503],"pipPosition":[-108.16,135.167,85.8351],"stabilizedTipPosition":[-149.253,128.487,66.6253],"timeVisible":7.38854,"tipPosition":[-144.739,134.025,64.1271],"tipVelocity":[211.483,105.338,-45.5079],"tool":false,"touchDistance":0.304084,"touchZone":"hovering","type":0,"width":18.4546},{"bases":[[[-0.265839,-0.901766,-0.340805],[0.752549,0.0268247,-0.65799],[0.602495,-0.431392,0.671492]],[[-0.229233,-0.926011,-0.299927],[0.234607,0.246485,-0.940321],[0.944676,-0.285917,0.160746]],[[-0.229233,-0.926011,-0.299927],[-0.944488,0.286114,-0.161495],[0.235359,0.246257,-0.940193]],[[-0.229233,-0.926011,-0.299927],[-0.635825,-0.0908545,0.766467],[-0.737007,0.3664,-0.567954]]],"btipPosition":[-137.47,126.948,58.927],"carpPosition":[-67.6365,100.507,74.8922],"dipPosition":[-149.299,132.829,49.811],"direction":[-0.235359,-0.246257,0.940193],"extended":false,"handId":79,"id":792,"length":57.2312,"mcpPosition":[-104.692,127.039,33.5934],"pipPosition":[-143.583,138.81,26.9757],"stabilizedTipPosition":[-146.62,129.532,55.0996],"timeVisible":7.38854,"tipPosition":[-138.842,127.552,58.0451],"tipVelocity":[266.105,18.705,66.5418],"tool":false,"touchDistance":0.333333,"touchZone":"none","type":2,"width":17.3129},{"bases":[[[-0.230248,-0.954859,-0.187697],[0.750456,-0.0514365,-0.658916],[0.619518,-0.292573,0.728422]],[[-0.266983,-0.935597,-0.231038],[-0.36243,0.31962,-0.875493],[0.892953,-0.150006,-0.424421]],[[-0.266983,-0.935597,-0.231038],[-0.903818,0.159898,0.396921],[-0.334416,0.314788,-0.888299]],[[-0.266983,-0.935597,-0.231038],[-0.51762,-0.0630043,0.853288],[-0.81289,0.347403,-0.467463]]],"btipPosition":[-117.741,100.011,74.6627],"carpPosition":[-70.3398,91.1228,70.2116],"dipPosition":[-130.713,105.555,67.2028],"direction":[0.334416,-0.314788,0.888299],"extended":false,"handId":79,"id":793,"length":55.0293,"mcpPosition":[-104.549,107.278,29.9885],"pipPosition":[-138.626,113.003,46.185],"stabilizedTipPosition":[-123.765,100.624,72.9127],"timeVisible":7.38854,"tipPosition":[-119.72,102.38,74.2453],"tipVelocity":[164.098,63.2228,-3.09947],"tool":false,"touchDistance":0.333333,"touchZone":"none","type":3,"width":16.4743},{"bases":[[[-0.277809,-0.960591,0.009341],[0.757273,-0.22497,-0.613128],[0.591067,-0.163259,0.789928]],[[-0.357731,-0.928324,-0.10121],[-0.350815,0.234043,-0.906726],[0.865423,-0.288858,-0.409395]],[[-0.357731,-0.928324,-0.10121],[-0.912265,0.324259,0.250255],[-0.199499,0.181855,-0.962875]],[[-0.357731,-0.928324,-0.10121],[-0.567403,0.13,0.813114],[-0.741675,0.348303,-0.573238]]],"btipPosition":[-118.555,89.0837,67.2225],"carpPosition":[-76.4575,80.1805,70.7119],"dipPosition":[-129.474,94.2114,58.7831],"direction":[0.199499,-0.181855,0.962875],"extended":false,"handId":79,"id":794,"length":43.1419,"mcpPosition":[-106.671,88.5257,30.3338],"pipPosition":[-132.807,97.2494,42.6979],"stabilizedTipPosition":[-123.831,89.6358,65.3369],"timeVisible":7.38854,"tipPosition":[-120.506,90.7996,64.7243],"tipVelocity":[149.701,60.4469,-9.81279],"tool":false,"touchDistance":0.333333,"touchZone":"none","type":4,"width":14.6338}],"r":[[0.605551,0.371009,0.704032],[0.383179,0.639441,-0.666551],[-0.697483,0.6734,0.245051]],"s":0.897347,"t":[-75.2251,-30.9333,-69.242],"timestamp":17564810187},{"currentFrameRate":115.278,"devices":[],"gestures":[],"hands":[{"armBasis":[[0.703061,-0.451514,-0.5494],[0.362695,-0.436864,0.823166],[-0.611684,-0.778,-0.143381]],"armWidth":57.4912,"confidence":1,"direction":[-0.478494,0.427918,-0.766766],"elbow":[-217.915,-112.817,57.7941],"grabAngle":2.6058,"grabStrength":0,"id":79,"palmNormal":[-0.867795,-0.0971203,0.487339],"palmPosition":[-95.647,115.232,51.3818],"palmVelocity":[231.649,39.0375,6.77761],"palmWidth":80.2111,"pinchDistance":57.2117,"pinchStrength":1,"r":[[0.607902,0.369367,0.702868],[0.385879,0.636212,-0.668081],[-0.69394,0.677349,0.244223]],"s":0.897835,"sphereCenter":[-138.842,102.391,48.9231],"sphereRadius":44.1646,"stabilizedPalmPosition":[-99.132,115.037,51.65],"t":[-73.505,-30.7235,-69.2848],"timeVisible":7.39712,"type":"right","wrist":[-72.3247,72.3591,91.9208]}],"id":56604,"interactionBox":{"center":[0,200,0],"size":[235.247,235.247,147.751]},"pointables":[{"bases":[[[-0.212509,-0.81398,-0.540626],[0.791561,0.181003,-0.583668],[0.572949,-0.551974,0.60585]],[[-0.0391578,-0.93814,-0.344034],[0.724839,0.210323,-0.656028],[0.687804,-0.275058,0.671765]],[[-0.0391578,-0.93814,-0.344034],[0.674395,0.229245,-0.701882],[0.737332,-0.259499,0.6237]],[[-0.0391578,-0.93814,-0.344034],[0.658403,0.234765,-0.715116],[0.751647,-0.254515,0.608481]]],"btipPosition":[-153.011,163.844,-3.62987],"carpPosition":[-64.4232,108.882,82.0679],"dipPosition":[-142.042,160.13,5.24973],"direction":[-0.737332,0.259499,-0.6237],"extended":true,"handId":79,"id":791,"length":50.2283,"mcpPosition":[-101.581,144.68,42.7759],"pipPosition":[-126.82,154.773,18.1256],"stabilizedTipPosition":[-153.839,162.45,-0.588235],"timeVisible":7.39712,"tipPosition":[-148.642,165.123,-2.07183],"tipVelocity":[328.823,83.6489,-64.6051],"tool":false,"touchDistance":0.280798,"touchZone":"hovering","type":1,"width":17.6278},{"bases":[[[0.628859,-0.19122,-0.753638],[0.68273,0.599608,0.417553],[0.372043,-0.777113,0.507621]],[[0.465714,0.0832409,-0.881011],[0.489596,0.805081,0.334874],[0.737161,-0.587295,0.334183]],[[0.465714,0.0832409,-0.881011],[0.0458404,0.99196,0.117956],[0.883747,-0.0953195,0.458154]],[[0.465714,0.0832409,-0.881011],[-0.459379,0.873659,-0.160287],[0.756361,0.479366,0.445114]]],"btipPosition":[-147.208,128.597,63.7264],"carpPosition":[-73.9146,109.56,100.672],"dipPosition":[-132.089,138.179,72.6239],"direction":[-0.883747,0.0953195,-0.458154],"extended":false,"handId":79,"id":790,"length":44.5133,"mcpPosition":[-73.9146,109.56,100.672],"pipPosition":[-106.353,135.403,85.9661],"stabilizedTipPosition":[-147.386,129.269,66.3371],"timeVisible":7.39712,"tipPosition":[-142.812,134.336,63.9943],"tipVelocity":[219.831,53.8619,-12.6959],"tool":false,"touchDistance":0.306183,"touchZone":"hovering","type":0,"width":18.4546},{"bases":[[[-0.264955,-0.89992,-0.346328],[0.756625,0.0286218,-0.653222],[0.59776,-0.435115,0.673319]],[[-0.229006,-0.924161,-0.30575],[0.223728,0.255719,-0.940507],[0.947366,-0.283786,0.1482]],[[-0.229006,-0.924161,-0.30575],[-0.947187,0.28399,-0.148948],[0.224482,0.255492,-0.940389]],[[-0.229006,-0.924161,-0.30575],[-0.627152,-0.100145,0.772432],[-0.744471,0.368643,-0.556656]]],"btipPosition":[-135.084,127.021,59.3346],"carpPosition":[-65.8148,100.699,75.0722],"dipPosition":[-147.033,132.938,50.4],"direction":[-0.224482,-0.255492,0.940389],"extended":false,"handId":79,"id":792,"length":57.2312,"mcpPosition":[-102.579,127.46,33.661],"pipPosition":[-141.581,139.143,27.5598],"stabilizedTipPosition":[-145.302,129.36,55.4265],"timeVisible":7.39712,"tipPosition":[-136.924,127.938,57.8738],"tipVelocity":[274.96,9.46299,52.3781],"tool":false,"touchDistance":0.333333,"touchZone":"none","type":2,"width":17.3129},{"bases":[[[-0.230381,-0.953722,-0.193234],[0.754432,-0.0496317,-0.6545],[0.61462,-0.296566,0.730952]],[[-0.266821,-0.934222,-0.236717],[-0.356969,0.323954,-0.876143],[0.895198,-0.149273,-0.419927]],[[-0.266821,-0.934222,-0.236717],[-0.907451,0.160821,0.38816],[-0.324559,0.318379,-0.890672]],[[-0.266821,-0.934222,-0.236717],[-0.521896,-0.0664249,0.850419],[-0.810204,0.350451,-0.469844]]],"btipPosition":[-115.994,100.286,74.5686],"carpPosition":[-68.5019,91.3387,70.3346],"dipPosition":[-128.924,105.878,67.0707],"direction":[0.324559,-0.318379,0.890672],"extended":false,"handId":79,"id":793,"length":55.0293,"mcpPosition":[-102.441,107.715,29.9717],"pipPosition":[-136.603,113.411,45.9968],"stabilizedTipPosition":[-122.448,100.884,72.8938],"timeVisible":7.39712,"tipPosition":[-117.897,102.641,74.1052],"tipVelocity":[204.765,33.3483,-11.9901],"tool":false,"touchDistance":0.333333,"touchZone":"none","type":3,"width":16.4743},{"bases":[[[-0.279162,-0.960238,0.00348088],[0.760731,-0.223371,-0.60942],[0.585966,-0.167479,0.79284]],[[-0.358857,-0.927107,-0.108144],[-0.337911,0.237042,-0.910839],[0.870079,-0.290318,-0.398344]],[[-0.358857,-0.927107,-0.108144],[-0.913477,0.325028,0.24478],[-0.191787,0.186628,-0.963529]],[[-0.358857,-0.927107,-0.108144],[-0.577069,0.129304,0.806394],[-0.73363,0.351786,-0.581406]]],"btipPosition":[-116.862,89.4348,66.9091],"carpPosition":[-74.6373,80.4029,70.7499],"dipPosition":[-127.663,94.6139,58.3495],"direction":[0.191787,-0.186628,0.963529],"extended":false,"handId":79,"id":794,"length":43.1419,"mcpPosition":[-104.59,88.9638,30.223],"pipPosition":[-130.867,97.7316,42.2533],"stabilizedTipPosition":[-122.622,89.9028,65.23],"timeVisible":7.39712,"tipPosition":[-118.643,91.1016,64.5429],"tipVelocity":[200.539,42.313,-39.7595],"tool":false,"touchDistance":0.333333,"touchZone":"none","type":4,"width":14.6338}],"r":[[0.607902,0.369367,0.702868],[0.385879,0.636212,-0.668081],[-0.69394,0.677349,0.244223]],"s":0.897835,"t":[-73.505,-30.7235,-69.2848],"timestamp":17564818765},{"currentFrameRate":115.284,"devices":[],"gestures":[],"hands":[{"armBasis":[[0.69845,-0.454948,-0.55244],[0.359869,-0.443968,0.820601],[-0.618596,-0.771955,-0.146368]],"armWidth":57.4912,"confidence":1,"direction":[-0.475887,0.43436,-0.764763],"elbow":[-217.581,-111.161,57.0778],"grabAngle":2.60478,"grabStrength":0,"id":79,"palmNormal":[-0.869664,-0.10267,0.48285],"palmPosition":[-93.4354,115.727,51.5775],"palmVelocity":[255.263,57.1321,22.5911],"palmWidth":80.2111,"pinchDistance":57.4596,"pinchStrength":1,"r":[[0.609101,0.366905,0.703119],[0.388426,0.634939,-0.667815],[-0.691463,0.679877,0.244227]],"s":0.899075,"sphereCenter":[-136.514,102.889,48.7708],"sphereRadius":44.1728,"stabilizedPalmPosition":[-97.0953,115.284,51.6241],"t":[-71.5391,-30.3711,-69.2083],"timeVisible":7.40578,"type":"right","wrist":[-70.3451,72.5761,91.9156]}],"id":56605,"interactionBox":{"center":[0,200,0],"size":[235.247,235.247,147.751]},"pointables":[{"bases":[[[-0.209252,-0.809235,-0.548956],[0.793719,0.187341,-0.578717],[0.57116,-0.556814,0.603104]],[[-0.036975,-0.934774,-0.353314],[0.733279,0.214822,-0.6451],[0.678922,-0.28293,0.677506]],[[-0.036975,-0.934774,-0.353314],[0.687572,0.232768,-0.687796],[0.725174,-0.26836,0.634118]],[[-0.036975,-0.934774,-0.353314],[0.673033,0.238052,-0.700256],[0.738688,-0.263684,0.620331]]],"btipPosition":[-150.035,165.015,-3.78612],"carpPosition":[-62.3297,109.133,82.3322],"dipPosition":[-139.256,161.167,5.26641],"direction":[-0.725174,0.26836,-0.634118],"extended":true,"handId":79,"id":791,"length":50.2283,"mcpPosition":[-99.372,145.245,43.2183],"pipPosition":[-124.285,155.627,18.3573],"stabilizedTipPosition":[-150.518,163.338,-1.17795],"timeVisible":7.40578,"tipPosition":[-146.34,165.945,-1.63651],"tipVelocity":[338.414,131.622,-13.444],"tool":false,"touchDistance":0.293176,"touchZone":"hovering","type":1,"width":17.6278},{"bases":[[[0.63219,-0.183504,-0.75277],[0.680247,0.596585,0.425853],[0.370945,-0.781289,0.501983]],[[0.46898,0.0922549,-0.878377],[0.488174,0.801727,0.344848],[0.736033,-0.590528,0.330957]],[[0.46898,0.0922549,-0.878377],[0.0473978,0.990468,0.129334],[0.881936,-0.102288,0.460137]],[[0.46898,0.0922549,-0.878377],[-0.456996,0.876394,-0.151951],[0.755786,0.472676,0.453171]]],"btipPosition":[-145.078,129.145,63.8801],"carpPosition":[-71.8982,109.629,100.902],"dipPosition":[-129.97,138.593,72.9387],"direction":[-0.881936,0.102288,-0.460137],"extended":false,"handId":79,"id":790,"length":44.5133,"mcpPosition":[-71.8982,109.629,100.902],"pipPosition":[-104.287,135.614,86.3386],"stabilizedTipPosition":[-145.214,130.038,66.1968],"timeVisible":7.40578,"tipPosition":[-140.69,134.608,64.1968],"tipVelocity":[245.561,59.6615,22.0168],"tool":false,"touchDistance":0.312999,"touchZone":"hovering","type":0,"width":18.4546},{"bases":[[[-0.262386,-0.897023,-0.355673],[0.759263,0.0355627,-0.649812],[0.595545,-0.440551,0.671745]],[[-0.226716,-0.921501,-0.315335],[0.206149,0.271028,-0.940237],[0.951894,-0.278173,0.12852]],[[-0.226716,-0.921501,-0.315335],[-0.951729,0.278389,-0.129269],[0.206907,0.270806,-0.940135]],[[-0.226716,-0.921501,-0.315335],[-0.618211,-0.114028,0.777697],[-0.752606,0.37126,-0.54383]]],"btipPosition":[-132.444,127.025,60.2132],"carpPosition":[-63.6822,101.014,75.256],"dipPosition":[-144.524,132.984,51.4845],"direction":[-0.206907,-0.270806,0.940135],"extended":false,"handId":79,"id":792,"length":57.2312,"mcpPosition":[-100.31,128.109,33.9415],"pipPosition":[-139.498,139.561,28.6505],"stabilizedTipPosition":[-143.441,129.182,55.9396],"timeVisible":7.40578,"tipPosition":[-134.783,128.326,58.0276],"tipVelocity":[301.224,1.56127,106.876],"tool":false,"touchDistance":0.333333,"touchZone":"none","type":2,"width":17.3129},{"bases":[[[-0.228371,-0.952188,-0.202939],[0.757174,-0.0426783,-0.651818],[0.611992,-0.302517,0.730719]],[[-0.264658,-0.932335,-0.246391],[-0.355107,0.33177,-0.873972],[0.89658,-0.143809,-0.418884]],[[-0.264658,-0.932335,-0.246391],[-0.910552,0.157461,0.382232],[-0.317571,0.325512,-0.890613]],[[-0.264658,-0.932335,-0.246391],[-0.523952,-0.0754761,0.848397],[-0.809587,0.353632,-0.468523]]],"btipPosition":[-113.913,100.542,74.6061],"carpPosition":[-66.3379,91.694,70.4214],"dipPosition":[-126.833,106.185,67.1292],"direction":[0.317571,-0.325512,0.890613],"extended":false,"handId":79,"id":793,"length":55.0293,"mcpPosition":[-100.132,108.399,30.0715],"pipPosition":[-134.347,113.887,46.0568],"stabilizedTipPosition":[-120.725,101.18,72.8915],"timeVisible":7.40578,"tipPosition":[-115.77,102.893,74.0852],"tipVelocity":[240.471,30.8702,4.88758],"tool":false,"touchDistance":0.333333,"touchZone":"none","type":3,"width":16.4743},{"bases":[[[-0.277952,-0.960573,-0.00649474],[0.76351,-0.216817,-0.608312],[0.58292,-0.17404,0.793672]],[[-0.357738,-0.926224,-0.118879],[-0.327263,0.243581,-0.912999],[0.874599,-0.28771,-0.390257]],[[-0.357738,-0.926224,-0.118879],[-0.914852,0.32209,0.243524],[-0.187268,0.195875,-0.962582]],[[-0.357738,-0.926224,-0.118879],[-0.584767,0.122942,0.801831],[-0.72806,0.356362,-0.585606]]],"btipPosition":[-114.824,89.8139,66.6294],"carpPosition":[-72.4611,80.7472,70.711],"dipPosition":[-125.543,95.0603,58.008],"direction":[0.187268,-0.195875,0.962582],"extended":false,"handId":79,"id":794,"length":43.1419,"mcpPosition":[-102.258,89.6434,30.1416],"pipPosition":[-128.671,98.3325,41.9276],"stabilizedTipPosition":[-121.008,90.241,65.0534],"timeVisible":7.40578,"tipPosition":[-116.467,91.4421,64.4247],"tipVelocity":[237.4,45.5418,-33.922],"tool":false,"touchDist