{"frames":53,"data":[{"currentFrameRate":110.907,"devices":[],"gestures":[],"hands":[{"armBasis":[[0.919003,0.394133,-0.0096637],[-0.2459,0.553863,-0.795468],[-0.308167,0.733413,0.605919]],"armWidth":66.825,"confidence":1,"direction":[-0.126105,0.0153421,-0.991898],"elbow":[-66.8842,338.066,317.731],"grabAngle":2.87898,"grabStrength":0.0264954,"id":95,"palmNormal":[0.252557,-0.966437,-0.0470571],"palmPosition":[7.54098,120.023,75.0898],"palmVelocity":[7.18991,28.1028,-0.546831],"palmWidth":93.5265,"pinchDistance":47.003,"pinchStrength":0.371556,"r":[[0.366815,-0.126063,0.921713],[0.789368,0.566467,-0.23667],[-0.492285,0.814385,0.307299]],"s":1.12685,"sphereCenter":[46.0711,82.2103,55.4126],"sphereRadius":54.4575,"stabilizedPalmPosition":[7.04154,120.235,76.2169],"t":[30.9733,-24.4786,-21.6678],"timeVisible":7.77038,"type":"right","wrist":[18.6405,134.525,149.572]}],"id":64897,"interactionBox":{"center":[0,200,0],"size":[235.247,235.247,147.751]},"pointables":[{"bases":[[[0.924537,0.255381,-0.282864],[-0.292098,0.951601,-0.0955744],[0.244766,0.170986,0.954386]],[[0.949924,0.30027,0.0864957],[-0.222349,0.844009,-0.488067],[-0.219555,0.444395,0.868509]],[[0.949924,0.30027,0.0864957],[-0.1626,0.71136,-0.68376],[-0.266843,0.635456,0.724562]],[[0.949924,0.30027,0.0864957],[-0.113966,0.590652,-0.798838],[-0.290956,0.748978,0.595295]]],"btipPosition":[-0.059717,68.6379,-12.3635],"carpPosition":[-2.4382,128.894,124.912],"dipPosition":[-5.03906,81.4557,-2.17576],"direction":[0.266843,-0.635456,-0.724562],"extended":true,"handId":95,"id":951,"length":58.9043,"mcpPosition":[-20.9475,115.964,52.7407],"pipPosition":[-11.4994,96.8402,15.366],"stabilizedTipPosition":[-1.9347,71.81,-10.3136],"timeVisible":7.77038,"tipPosition":[-1.64482,68.3243,-7.04653],"tipVelocity":[55.0405,-20.9803,32.1269],"tool":false,"touchDistance":0.333333,"touchZone":"hovering","type":1,"width":20.4624},{"bases":[[[0.13553,0.970594,-0.198944],[-0.835795,0.219831,0.503111],[0.532051,0.09809,0.841012]],[[0.020877,0.928407,-0.370979],[-0.954228,0.129233,0.269717],[0.29835,0.348367,0.88861]],[[0.020877,0.928407,-0.370979],[-0.994121,-0.0201547,-0.106383],[-0.106244,0.371019,0.922528]],[[0.020877,0.928407,-0.370979],[-0.922272,-0.125368,-0.365645],[-0.385976,0.349777,0.853627]]],"btipPosition":[-6.55978,68.4305,38.7434],"carpPosition":[-3.92821,107.175,135.854],"dipPosition":[-15.6079,76.63,58.7543],"direction":[0.106244,-0.371019,-0.922528],"extended":false,"handId":95,"id":950,"length":52.2022,"mcpPosition":[-3.92821,107.175,135.854],"pipPosition":[-19.2363,89.3009,90.2602],"stabilizedTipPosition":[-9.22125,70.2768,43.3865],"timeVisible":7.77038,"tipPosition":[-4.17126,69.8446,43.4418],"tipVelocity":[41.4426,11.5065,-2.18919],"tool":false,"touchDistance":0.29973,"touchZone":"hovering","type":0,"width":21.4221},{"bases":[[[0.985264,0.110142,-0.130857],[-0.126144,0.984599,-0.121043],[0.11551,0.135767,0.983984]],[[0.990418,0.118085,-0.0716178],[-0.0737394,0.0136905,-0.997184],[-0.116772,0.992909,0.0222668]],[[0.990418,0.118085,-0.0716178],[0.116713,-0.992898,-0.0230609],[-0.0738324,0.0144812,-0.997166]],[[0.990418,0.118085,-0.0716178],[0.138106,-0.847056,0.513247],[-0.0000576599,-0.518219,-0.855248]]],"btipPosition":[7.93631,85.3213,93.4865],"carpPosition":[8.47807,133.653,120.625],"dipPosition":[7.93523,75.5669,77.3883],"direction":[0.0738323,-0.0144812,0.997166],"extended":false,"handId":95,"id":952,"length":67.1168,"mcpPosition":[0.194527,123.917,50.0608],"pipPosition":[5.83224,75.9793,48.9858],"stabilizedTipPosition":[6.96244,81.9965,89.4246],"timeVisible":7.77038,"tipPosition":[10.6006,81.026,87.384],"tipVelocity":[45.4083,52.5409,16.457],"tool":false,"touchDistance":0.333333,"touchZone":"none","type":2,"width":20.0968},{"bases":[[[0.99821,0.0543819,0.0248703],[-0.0516825,0.993779,-0.0986543],[-0.0300806,0.0971924,0.994811]],[[0.998218,0.048456,-0.0348273],[-0.0372483,0.0499916,-0.998055],[-0.0466207,0.997573,0.0517074]],[[0.998218,0.048456,-0.0348273],[0.046591,-0.997533,-0.0525022],[-0.0372854,0.050786,-0.998013]],[[0.998218,0.048456,-0.0348273],[0.0596178,-0.835024,0.546974],[-0.00257743,-0.548076,-0.836425]]],"btipPosition":[25.7504,93.7792,95.0189],"carpPosition":[20.6443,135.834,118.039],"dipPosition":[25.7021,83.5221,79.3654],"direction":[0.0372854,-0.050786,0.998013],"extended":false,"handId":95,"id":953,"length":64.5346,"mcpPosition":[22.5811,129.576,53.987],"pipPosition":[24.6675,84.9313,51.673],"stabilizedTipPosition":[25.0834,90.1445,91.1789],"timeVisible":7.77038,"tipPosition":[25.8783,86.1512,88.0732],"tipVelocity":[37.8124,72.3362,11.9169],"tool":false,"touchDistance":0.356977,"touchZone":"none","type":3,"width":19.1234},{"bases":[[[0.982746,-0.0996882,0.155798],[0.101752,0.994796,-0.0053057],[-0.154458,0.0210669,0.987775]],[[0.994571,-0.101609,0.0224425],[0.0403624,0.177911,-0.983218],[0.0959111,0.978787,0.181047]],[[0.994571,-0.101609,0.0224425],[-0.0958789,-0.978645,-0.18183],[0.0404387,0.178691,-0.983074]],[[0.994571,-0.101609,0.0224425],[-0.102939,-0.929176,0.355014],[-0.0152196,-0.355397,-0.934592]]],"btipPosition":[39.8856,98.218,88.7316],"carpPosition":[34.606,131.504,118.622],"dipPosition":[39.6228,92.082,72.5957],"direction":[-0.0404387,-0.178691,0.983074],"extended":false,"handId":95,"id":954,"length":50.5939,"mcpPosition":[43.812,130.249,59.7485],"pipPosition":[40.415,95.5828,53.3363],"stabilizedTipPosition":[38.9617,94.1197,83.6864],"timeVisible":7.77038,"tipPosition":[39.8138,92.1994,79.0121],"tipVelocity":[31.9973,80.258,17.3947],"tool":false,"touchDistance":0.333333,"touchZone":"none","type":4,"width":16.9869}],"r":[[0.366815,-0.126063,0.921713],[0.789368,0.566467,-0.23667],[-0.492285,0.814385,0.307299]],"s":1.12685,"t":[30.9733,-24.4786,-21.6678],"timestamp":17638019883},{"currentFrameRate":111.252,"devices":[],"gestures":[],"hands":[{"armBasis":[[0.917635,0.397163,-0.0144076],[-0.251451,0.552134,-0.794934],[-0.307763,0.733082,0.606525]],"armWidth":66.825,"confidence":1,"direction":[-0.12741,0.0133326,-0.99176],"elbow":[-66.684,338.374,317.848],"grabAngle":2.88503,"grabStrength":0.0337556,"id":95,"palmNormal":[0.260197,-0.96444,-0.0463925],"palmPosition":[7.58518,120.245,75.0651],"palmVelocity":[5.27264,26.4276,-2.94766],"palmWidth":93.5265,"pinchDistance":46.7057,"pinchStrength":0.366768,"r":[[0.367909,-0.124018,0.921554],[0.786109,0.570838,-0.237015],[-0.496664,0.811642,0.307508]],"s":1.12833,"sphereCenter":[46.3182,82.7578,55.4085],"sphereRadius":54.3918,"stabilizedPalmPosition":[7.06875,120.235,76.1592],"t":[31.024,-24.2712,-21.6871],"timeVisible":7.77876,"type":"right","wrist":[18.7286,134.924,149.521]}],"id":64898,"interactionBox":{"center":[0,200,0],"size":[235.247,235.247,147.751]},"pointables":[{"bases":[[[0.922132,0.262455,-0.284234],[-0.299789,0.949145,-0.0961763],[0.244537,0.173897,0.953919]],[[0.94769,0.307868,0.0842722],[-0.228988,0.839677,-0.49245],[-0.222371,0.447392,0.866251]],[[0.94769,0.307868,0.0842722],[-0.167356,0.704068,-0.690131],[-0.271802,0.639926,0.718761]],[[0.94769,0.307868,0.0842722],[-0.118424,0.584299,-0.802852],[-0.296412,0.750874,0.590193]]],"btipPosition":[0.325637,68.3402,-12.0248],"carpPosition":[-2.40476,129.086,124.89],"dipPosition":[-4.74709,81.1904,-1.92443],"direction":[0.271802,-0.639926,-0.718761],"extended":true,"handId":95,"id":951,"length":58.9043,"mcpPosition":[-20.8968,115.936,52.7544],"pipPosition":[-11.3275,96.6832,15.4769],"stabilizedTipPosition":[-1.57436,71.6405,-10.112],"timeVisible":7.77876,"tipPosition":[-1.27337,68.4769,-7.0878],"tipVelocity":[43.4117,-34.6263,38.0075],"tool":false,"touchDistance":0.333333,"touchZone":"hovering","type":1,"width":20.4624},{"bases":[[[0.12755,0.971442,-0.20008],[-0.836918,0.213671,0.503897],[0.532258,0.103179,0.840271]],[[0.0129296,0.928111,-0.372079],[-0.955182,0.12152,0.269926],[0.295737,0.351913,0.888086]],[[0.0129296,0.928111,-0.372079],[-0.994324,-0.0273646,-0.10281],[-0.105601,0.371297,0.92249]],[[0.0129296,0.928111,-0.372079],[-0.922092,-0.13286,-0.363448],[-0.386755,0.34779,0.854086]]],"btipPosition":[-6.20967,68.4776,38.7628],"carpPosition":[-3.70849,107.367,135.856],"dipPosition":[-15.276,76.6306,58.7843],"direction":[0.105601,-0.371297,-0.92249],"extended":false,"handId":95,"id":950,"length":52.2022,"mcpPosition":[-3.70849,107.367,135.856],"pipPosition":[-18.8825,89.311,90.289],"stabilizedTipPosition":[-8.88905,70.3041,43.3798],"timeVisible":7.77876,"tipPosition":[-3.78457,69.9442,43.4811],"tipVelocity":[41.2685,4.34959,2.6009],"tool":false,"touchDistance":0.300093,"touchZone":"hovering","type":0,"width":21.4221},{"bases":[[[0.984197,0.117859,-0.132155],[-0.134134,0.98344,-0.121878],[0.115602,0.137679,0.983708]],[[0.989358,0.125903,-0.0729297],[-0.0745926,0.00853801,-0.997178],[-0.124925,0.992006,0.0178386]],[[0.989358,0.125903,-0.0729297],[0.124865,-0.991999,-0.0186326],[-0.074692,0.00932797,-0.997163]],[[0.989358,0.125903,-0.0729297],[0.145445,-0.842028,0.519455],[0.00399197,-0.524535,-0.85138]]],"btipPosition":[8.26162,85.768,93.6077],"carpPosition":[8.46809,133.928,120.586],"dipPosition":[8.33676,75.8947,77.5823],"direction":[0.074692,-0.00932797,0.997163],"extended":false,"handId":95,"id":952,"length":67.1168,"mcpPosition":[0.177962,124.054,50.0411],"pipPosition":[6.20929,76.1604,49.1799],"stabilizedTipPosition":[7.26037,82.3361,89.5371],"timeVisible":7.77876,"tipPosition":[10.9316,81.3174,87.4311],"tipVelocity":[40.9025,50.0388,16.4563],"tool":false,"touchDistance":0.333333,"touchZone":"none","type":2,"width":20.0968},{"bases":[[[0.997774,0.0623615,0.0236128],[-0.059721,0.993235,-0.0995882],[-0.0296636,0.0979564,0.994749]],[[0.997758,0.0563754,-0.0360788],[-0.0386497,0.0451999,-0.99823],[-0.0546449,0.997386,0.0472774]],[[0.997758,0.0563754,-0.0360788],[0.0546141,-0.99735,-0.0480723],[-0.0386932,0.0459941,-0.998192]],[[0.997758,0.0563754,-0.0360788],[0.0669205,-0.830358,0.553198],[0.0012285,-0.554372,-0.832268]]],"btipPosition":[26.0196,94.3581,95.092],"carpPosition":[20.6135,136.203,117.983],"dipPosition":[26.0426,83.9831,79.5163],"direction":[0.0386932,-0.0459941,0.998192],"extended":false,"handId":95,"id":953,"length":64.5346,"mcpPosition":[22.5234,129.896,53.9346],"pipPosition":[24.9689,85.2594,51.8188],"stabilizedTipPosition":[25.344,90.6502,91.2704],"timeVisible":7.77876,"tipPosition":[26.2051,86.6046,88.1057],"tipVelocity":[34.0759,65.8321,10.8496],"tool":false,"touchDistance":0.358493,"touchZone":"none","type":3,"width":19.1234},{"bases":[[[0.983695,-0.0916944,0.154714],[0.0938119,0.995569,-0.00642562],[-0.153439,0.0208348,0.987938]],[[0.995366,-0.0936518,0.0218267],[0.0378823,0.173259,-0.984147],[0.0883855,0.980413,0.176004]],[[0.995366,-0.0936518,0.0218267],[-0.0883553,-0.980275,-0.176788],[0.0379526,0.17404,-0.984007]],[[0.995366,-0.0936518,0.0218267],[-0.0952013,-0.927708,0.360964],[-0.0135562,-0.361369,-0.932324]]],"btipPosition":[40.1152,98.8494,88.8107],"carpPosition":[34.6099,131.985,118.553],"dipPosition":[39.8812,92.6103,72.7139],"direction":[-0.0379526,-0.17404,0.984007],"extended":false,"handId":95,"id":954,"length":50.5939,"mcpPosition":[43.7551,130.744,59.6699],"pipPosition":[40.6247,96.0199,53.4362],"stabilizedTipPosition":[39.1616,94.7186,83.9449],"timeVisible":7.77876,"tipPosition":[40.0832,92.7374,79.0468],"tipVelocity":[28.1873,72.4944,10.5085],"tool":false,"touchDistance":0.333333,"touchZone":"none","type":4,"width":16.9869}],"r":[[0.367909,-0.124018,0.921554],[0.786109,0.570838,-0.237015],[-0.496664,0.811642,0.307508]],"s":1.12833,"t":[31.024,-24.2712,-21.6871],"timestamp":17638028265},{"currentFrameRate":111.326,"devices":[],"gestures":[],"hands":[{"armBasis":[[0.915448,0.401869,-0.0213828],[-0.259937,0.549897,-0.793754],[-0.307227,0.732199,0.607863]],"armWidth":66.825,"confidence":1,"direction":[-0.130231,0.0106534,-0.991427],"elbow":[-66.3708,338.571,318.113],"grabAngle":2.89093,"grabStrength":0.0425852,"id":95,"palmNormal":[0.270624,-0.961591,-0.0458812],"palmPosition":[7.62096,120.455,75.0051],"palmVelocity":[4.04251,23.7071,-6.77684],"palmWidth":93.5265,"pinchDistance":46.3479,"pinchStrength":0.362428,"r":[[0.369542,-0.121334,0.921258],[0.782095,0.575977,-0.237861],[-0.501763,0.808411,0.307743]],"s":1.12933,"sphereCenter":[46.6208,83.4031,55.3317],"sphereRadius":54.2964,"stabilizedPalmPosition":[7.09889,120.247,76.0962],"t":[31.0672,-24.0625,-21.7267],"timeVisible":7.78761,"type":"right","wrist":[18.8929,135.367,149.415]}],"id":64899,"interactionBox":{"center":[0,200,0],"size":[235.247,235.247,147.751]},"pointables":[{"bases":[[[0.918429,0.272174,-0.287071],[-0.310431,0.945679,-0.0965601],[0.245196,0.177799,0.95303]],[[0.944585,0.318278,0.0803606],[-0.238685,0.83398,-0.4975],[-0.225362,0.450751,0.863734]],[[0.944585,0.318278,0.0803606],[-0.174853,0.695015,-0.69741],[-0.277822,0.644712,0.712153]],[[0.944585,0.318278,0.0803606],[-0.125229,0.575671,-0.808035],[-0.303441,0.753195,0.583628]]],"btipPosition":[0.74487,67.9093,-11.6212],"carpPosition":[-2.33048,129.25,124.846],"dipPosition":[-4.44813,80.7993,-1.6331],"direction":[0.277822,-0.644712,-0.712152],"extended":true,"handId":95,"id":951,"length":58.9043,"mcpPosition":[-20.8723,115.805,52.7774],"pipPosition":[-11.1743,96.4079,15.6082],"stabilizedTipPosition":[-1.21315,71.3944,-9.85892],"timeVisible":7.78761,"tipPosition":[-0.87597,68.5724,-7.13935],"tipVelocity":[44.23,-47.6352,42.6785],"tool":false,"touchDistance":0.333333,"touchZone":"hovering","type":1,"width":20.4624},{"bases":[[[0.116355,0.972521,-0.201654],[-0.837844,0.205141,0.5059],[0.533366,0.11009,0.83869]],[[0.00153587,0.927592,-0.373592],[-0.956316,0.110576,0.270617],[0.292332,0.356856,0.887241]],[[0.00153587,0.927592,-0.373592],[-0.994491,-0.037739,-0.0977907],[-0.104809,0.371684,0.922424]],[[0.00153587,0.927592,-0.373592],[-0.92177,-0.143541,-0.360188],[-0.387733,0.344919,0.854806]]],"btipPosition":[-5.69705,68.4436,38.7782],"carpPosition":[-3.36645,107.533,135.843],"dipPosition":[-14.7863,76.5293,58.8167],"direction":[0.104809,-0.371684,-0.922424],"extended":false,"handId":95,"id":950,"length":52.2022,"mcpPosition":[-3.36645,107.533,135.843],"pipPosition":[-18.3658,89.2229,90.3191],"stabilizedTipPosition":[-8.48044,70.3038,43.3825],"timeVisible":7.78761,"tipPosition":[-3.2988,69.9929,43.5152],"tipVelocity":[57.3072,-5.59006,2.18306],"tool":false,"touchDistance":0.300415,"touchZone":"hovering","type":0,"width":21.4221},{"bases":[[[0.982486,0.128463,-0.134978],[-0.145232,0.981753,-0.122756],[0.116746,0.140209,0.983215]],[[0.987718,0.13664,-0.0757779],[-0.076917,0.00306827,-0.997033],[-0.136002,0.990616,0.0135405]],[[0.987718,0.13664,-0.0757779],[0.135941,-0.990613,-0.0143345],[-0.0770253,0.00385712,-0.997022]],[[0.987718,0.13664,-0.0757779],[0.156023,-0.836638,0.525066],[0.00834621,-0.53044,-0.847681]]],"btipPosition":[8.70776,86.1983,93.697],"carpPosition":[8.47698,134.205,120.506],"dipPosition":[8.86486,76.2138,77.7412],"direction":[0.0770253,-0.00385712,0.997022],"extended":false,"handId":95,"id":952,"length":67.1168,"mcpPosition":[0.104799,124.15,49.9965],"pipPosition":[6.67093,76.3237,49.3428],"stabilizedTipPosition":[7.6116,82.7068,89.6531],"timeVisible":7.78761,"tipPosition":[11.391,81.6137,87.4464],"tipVelocity":[52.5231,45.7085,11.8965],"tool":false,"touchDistance":0.333787,"touchZone":"none","type":2,"width":20.0968},{"bases":[[[0.997091,0.0733195,0.0208216],[-0.0708715,0.992391,-0.10068],[-0.028045,0.0989117,0.994701]],[[0.996979,0.0672564,-0.0388621],[-0.0416398,0.0404015,-0.998316],[-0.065573,0.996917,0.04308]],[[0.996979,0.0672564,-0.0388621],[0.0655398,-0.996885,-0.043875],[-0.041692,0.0411954,-0.998281]],[[0.996979,0.0672564,-0.0388621],[0.0774865,-0.826117,0.558145],[0.00543414,-0.55947,-0.828833]]],"btipPosition":[26.3851,94.9532,95.1053],"carpPosition":[20.5896,136.61,117.867],"dipPosition":[26.4868,84.4829,79.5939],"direction":[0.041692,-0.0411954,0.998281],"extended":false,"handId":95,"id":953,"length":64.5346,"mcpPosition":[22.3953,130.241,53.8219],"pipPosition":[25.3299,85.626,51.894],"stabilizedTipPosition":[25.6458,91.1874,91.3462],"timeVisible":7.78761,"tipPosition":[26.6409,87.0999,88.0773],"tipVelocity":[43.3297,64.7485,3.17439],"tool":false,"touchDistance":0.358961,"touchZone":"none","type":3,"width":19.1234},{"bases":[[[0.985056,-0.0807118,0.152155],[0.082878,0.996528,-0.00793841],[-0.150986,0.02043,0.988325]],[[0.996381,-0.0827095,0.0196049],[0.0334399,0.169367,-0.984985],[0.0781473,0.982076,0.17152]],[[0.996381,-0.0827095,0.0196049],[-0.0781206,-0.981941,-0.172305],[0.0335021,0.170149,-0.984849]],[[0.996381,-0.0827095,0.0196049],[-0.0841238,-0.926454,0.366886],[-0.012182,-0.367208,-0.930059]]],"btipPosition":[40.4181,99.5531,88.7753],"carpPosition":[34.6329,132.547,118.404],"dipPosition":[40.2078,93.2132,72.7177],"direction":[-0.0335021,-0.170149,0.984849],"extended":false,"handId":95,"id":954,"length":50.5939,"mcpPosition":[43.6319,131.329,59.4983],"pipPosition":[40.8641,96.5466,53.4235],"stabilizedTipPosition":[39.4026,95.3921,84.1717],"timeVisible":7.78761,"tipPosition":[40.4286,93.3534,78.9888],"tipVelocity":[34.8271,76.8716,-2.97491],"tool":false,"touchDistance":0.333333,"touchZone":"none","type":4,"width":16.9869}],"r":[[0.369542,-0.121334,0.921258],[0.782095,0.575977,-0.237861],[-0.501763,0.808411,0.307743]],"s":1.12933,"t":[31.0672,-24.0625,-21.7267],"timestamp":17638037118},{"currentFrameRate":111.546,"devices":[],"gestures":[],"hands":[{"armBasis":[[0.91322,0.40644,-0.0289045],[-0.268973,0.548022,-0.792039],[-0.306076,0.731081,0.609786]],"armWidth":66.825,"confidence":1,"direction":[-0.133601,0.00689459,-0.991011],"elbow":[-65.854,338.733,318.511],"grabAngle":2.89578,"grabStrength":0.0526889,"id":95,"palmNormal":[0.280732,-0.958753,-0.0445163],"palmPosition":[7.64349,120.63,74.9318],"palmVelocity":[2.62576,20.474,-8.53593],"palmWidth":93.5265,"pinchDistance":45.9342,"pinchStrength":0.359109,"r":[[0.371697,-0.117949,0.920831],[0.77746,0.581617,-0.239326],[-0.507342,0.804866,0.307887]],"s":1.12975,"sphereCenter":[46.8715,83.9754,55.269],"sphereRadius":54.171,"stabilizedPalmPosition":[7.12749,120.268,76.0351],"t":[31.1001,-23.8704,-21.7832],"timeVisible":7.79619,"type":"right","wrist":[19.0904,135.839,149.279]}],"id":64900,"interactionBox":{"center":[0,200,0],"size":[235.247,235.247,147.751]},"pointables":[{"bases":[[[0.914518,0.28128,-0.290756],[-0.320836,0.942077,-0.0977542],[0.246419,0.182683,0.95179]],[[0.941503,0.328463,0.0753941],[-0.248267,0.827298,-0.503926],[-0.227895,0.45573,0.86045]],[[0.941503,0.328463,0.0753941],[-0.182147,0.684198,-0.706184],[-0.28354,0.651142,0.704003]],[[0.941503,0.328463,0.0753941],[-0.131876,0.564967,-0.814506],[-0.310131,0.756917,0.575235]]],"btipPosition":[1.10757,67.2943,-11.1065],"carpPosition":[-2.23721,129.438,124.785],"dipPosition":[-4.19992,80.248,-1.26206],"direction":[0.28354,-0.651142,-0.704003],"extended":true,"handId":95,"id":951,"length":58.9043,"mcpPosition":[-20.8715,115.624,52.8098],"pipPosition":[-11.0645,96.0122,15.782],"stabilizedTipPosition":[-0.893769,71.069,-9.56373],"timeVisible":7.79619,"tipPosition":[-0.550284,68.5384,-7.13463],"tipVelocity":[39.2081,-69.9853,56.1423],"tool":false,"touchDistance":0.333333,"touchZone":"hovering","type":1,"width":20.4624},{"bases":[[[0.105291,0.973224,-0.204326],[-0.838318,0.19739,0.508193],[0.534918,0.117782,0.836654]],[[-0.00993443,0.926468,-0.376242],[-0.957467,0.0996951,0.270773],[0.288372,0.362929,0.886072]],[[-0.00993443,0.926468,-0.376242],[-0.994547,-0.0482196,-0.0924768],[-0.103819,0.373272,0.921895]],[[-0.00993443,0.926468,-0.376242],[-0.921479,-0.154592,-0.35634],[-0.388301,0.343159,0.855257]]],"btipPosition":[-5.15275,68.3234,38.8388],"carpPosition":[-3.00484,107.737,135.836],"dipPosition":[-14.2554,76.3678,58.8878],"direction":[0.103819,-0.373272,-0.921895],"extended":false,"handId":95,"id":950,"length":52.2022,"mcpPosition":[-3.00484,107.737,135.836],"pipPosition":[-17.801,89.1157,90.3721],"stabilizedTipPosition":[-8.0406,70.2574,43.4066],"timeVisible":7.79619,"tipPosition":[-2.87344,69.9812,43.5961],"tipVelocity":[63.0884,-15.1161,7.34578],"tool":false,"touchDistance":0.301465,"touchZone":"hovering","type":0,"width":21.4221},{"bases":[[[0.980607,0.138625,-0.138539],[-0.156119,0.97985,-0.124583],[0.118478,0.143795,0.98249]],[[0.985947,0.146998,-0.079376],[-0.0798343,-0.00278932,-0.996804],[-0.146749,0.989133,0.00898534]],[[0.985947,0.146998,-0.079376],[0.146686,-0.989135,-0.00977911],[-0.0799511,-0.00200165,-0.996797]],[[0.985947,0.146998,-0.079376],[0.166632,-0.831333,0.530207],[0.0119513,-0.535982,-0.844145]]],"btipPosition":[9.14329,86.5765,93.7872],"carpPosition":[8.50233,134.498,120.397],"dipPosition":[9.36825,76.4877,77.8979],"direction":[0.0799511,0.00200165,0.996797],"extended":false,"handId":95,"id":952,"length":67.1168,"mcpPosition":[0.00595589,124.186,49.9398],"pipPosition":[7.09098,76.4307,49.506],"stabilizedTipPosition":[7.97312,83.0605,89.7626],"timeVisible":7.79619,"tipPosition":[11.8409,81.887,87.4805],"tipVelocity":[52.586,41.2927,12.2951],"tool":false,"touchDistance":0.335545,"touchZone":"none","type":2,"width":20.0968},{"bases":[[[0.996314,0.0840121,0.0173405],[-0.0818034,0.991335,-0.102779],[-0.0258249,0.100982,0.994553]],[[0.99607,0.0778056,-0.0423281],[-0.045185,0.0353324,-0.998354],[-0.076182,0.996342,0.0387092]],[[0.99607,0.0778056,-0.0423281],[0.076146,-0.996314,-0.0395042],[-0.0452457,0.0361258,-0.998322]],[[0.99607,0.0778056,-0.0423281],[0.0881288,-0.822709,0.56159],[0.00887117,-0.563113,-0.826332]]],"btipPosition":[26.7414,95.4701,95.1102],"carpPosition":[20.5798,137.025,117.712],"dipPosition":[26.9075,84.9315,79.6455],"direction":[0.0452457,-0.0361258,0.998322],"extended":false,"handId":95,"id":953,"length":64.5346,"mcpPosition":[22.2426,130.523,53.6768],"pipPosition":[25.652,85.9339,51.9445],"stabilizedTipPosition":[25.9513,91.6882,91.402],"timeVisible":7.79619,"tipPosition":[27.0595,87.5557,88.0473],"tipVelocity":[43.2608,58.4152,1.82165],"tool":false,"touchDistance":0.359222,"touchZone":"none","type":3,"width":19.1234},{"bases":[[[0.986358,-0.0698249,0.149075],[0.0721976,0.997334,-0.0105579],[-0.14794,0.0211767,0.98877]],[[0.997264,-0.0720157,0.016704],[0.0284716,0.165621,-0.985778],[0.068225,0.983557,0.167218]],[[0.997264,-0.0720157,0.016704],[-0.0682023,-0.983424,-0.168003],[0.0285259,0.166404,-0.985645]],[[0.997264,-0.0720157,0.016704],[-0.073047,-0.925132,0.372551],[-0.0113762,-0.372752,-0.927861]]],"btipPosition":[40.7061,100.192,88.6872],"carpPosition":[34.6674,133.114,118.212],"dipPosition":[40.5097,93.7567,72.6675],"direction":[-0.0285259,-0.166404,0.985645],"extended":false,"handId":95,"id":954,"length":50.5939,"mcpPosition":[43.4849,131.852,59.2802],"pipPosition":[41.0685,97.0167,53.3577],"stabilizedTipPosition":[39.6532,96.0534,84.3372],"timeVisible":7.79619,"tipPosition":[40.7513,93.9171,78.9043],"tipVelocity":[33.9442,71.9381,-9.256],"tool":false,"touchDistance":0.333333,"touchZone":"none","type":4,"width":16.9869}],"r":[[0.371697,-0.117949,0.920831],[0.77746,0.581617,-0.239326],[-0.507342,0.804866,0.307887]],"s":1.12975,"t":[31.1001,-23.8704,-21.7832],"timestamp":17638045697},{"currentFrameRate":111.713,"devices":[],"gestures":[],"hands":[{"armBasis":[[0.911784,0.409092,-0.0359598],[-0.27689,0.547735,-0.789505],[-0.303284,0.729815,0.61269]],"armWidth":66.825,"confidence":1,"direction":[-0.136108,0.00586302,-0.990677],"elbow":[-64.9049,338.706,319.139],"grabAngle":2.90107,"grabStrength":0.0653607,"id":95,"palmNormal":[0.29027,-0.955861,-0.0455368],"palmPosition":[7.67731,120.847,74.773],"palmVelocity":[3.90609,25.0114,-18.342],"palmWidth":93.5265,"pinchDistance":45.4556,"pinchStrength":0.355691,"r":[[0.374089,-0.114537,0.920293],[0.772419,0.587678,-0.240839],[-0.513251,0.800947,0.308315]],"s":1.12967,"sphereCenter":[47.0807,84.618,55.066],"sphereRadius":54.0051,"stabilizedPalmPosition":[7.15408,120.296,75.974],"t":[31.1334,-23.666,-21.8908],"timeVisible":7.80485,"type":"right","wrist":[19.2644,136.163,149.101]}],"id":64901,"interactionBox":{"center":[0,200,0],"size":[235.247,235.247,147.751]},"pointables":[{"bases":[[[0.910916,0.290576,-0.292912],[-0.330554,0.938826,-0.0966402],[0.246912,0.184854,0.951243]],[[0.938465,0.337821,0.0718285],[-0.256622,0.821248,-0.509604],[-0.231144,0.459813,0.857406]],[[0.938465,0.337821,0.0718285],[-0.188219,0.674631,-0.713755],[-0.28958,0.656315,0.696702]],[[0.938465,0.337821,0.0718285],[-0.137084,0.555237,-0.820317],[-0.317002,0.759992,0.567381]]],"btipPosition":[1.54246,66.8771,-10.7545],"carpPosition":[-2.16865,129.539,124.653],"dipPosition":[-3.88263,79.8834,-1.0445],"direction":[0.28958,-0.656315,-0.696702],"extended":true,"handId":95,"id":951,"length":58.9043,"mcpPosition":[-20.8403,115.56,52.7196],"pipPosition":[-10.8934,95.7729,15.8228],"stabilizedTipPosition":[-0.558485,70.7303,-9.26962],"timeVisible":7.80485,"tipPosition":[-0.170319,68.7565,-7.34919],"tipVelocity":[47.1058,-46.7844,37.0809],"tool":false,"touchDistance":0.333333,"touchZone":"hovering","type":1,"width":20.4624},{"bases":[[[0.0949725,0.974301,-0.204251],[-0.839008,0.188768,0.510325],[0.535766,0.122901,0.835374]],[[-0.0205584,0.926226,-0.376409],[-0.958789,0.0884455,0.270004],[0.283376,0.366447,0.886236]],[[-0.0205584,0.926226,-0.376409],[-0.994394,-0.057999,-0.0884065],[-0.103716,0.372481,0.922226]],[[-0.0205584,0.926226,-0.376409],[-0.920699,-0.1643,-0.354005],[-0.389732,0.339281,0.856152]]],"btipPosition":[-4.5518,68.3513,38.6609],"carpPosition":[-2.69024,107.828,135.699],"dipPosition":[-13.688,76.3048,58.7309],"direction":[0.103716,-0.372481,-0.922226],"extended":false,"handId":95,"id":950,"length":52.2022,"mcpPosition":[-2.69024,107.828,135.699],"pipPosition":[-17.23,89.0257,90.2265],"stabilizedTipPosition":[-7.56181,70.2309,43.3618],"timeVisible":7.80485,"tipPosition":[-2.44804,70.1051,43.4442],"tipVelocity":[68.5191,0.807654,-19.9916],"tool":false,"touchDistance":0.298581,"touchZone":"hovering","type":0,"width":21.4221},{"bases":[[[0.978815,0.148546,-0.140907],[-0.166293,0.978266,-0.123861],[0.119446,0.144669,0.982244]],[[0.984216,0.156954,-0.0817544],[-0.0817932,-0.00622301,-0.99663],[-0.156933,0.987586,0.00671295]],[[0.984216,0.156954,-0.0817544],[0.156868,-0.987591,-0.00750659],[-0.0819181,-0.00543656,-0.996624]],[[0.984216,0.156954,-0.0817544],[0.17624,-0.827382,0.533271],[0.0160567,-0.539263,-0.841985]]],"btipPosition":[9.55046,86.9581,93.7127],"carpPosition":[8.5085,134.708,120.241],"dipPosition":[9.85269,76.8076,77.864],"direction":[0.0819181,0.00543656,0.996624],"extended":false,"handId":95,"id":952,"length":67.1168,"mcpPosition":[-0.0573065,124.333,49.8011],"pipPosition":[7.5194,76.6527,49.477],"stabilizedTipPosition":[8.34989,83.4181,89.8324],"timeVisible":7.80485,"tipPosition":[12.2648,82.1728,87.3303],"tipVelocity":[49.081,42.4334,-7.53116],"tool":false,"touchDistance":0.334458,"touchZone":"none","type":2,"width":20.0968},{"bases":[[[0.995456,0.0940448,0.0149147],[-0.0920441,0.990493,-0.102237],[-0.0243877,0.1004,0.994648]],[[0.995127,0.0878552,-0.0447553],[-0.0477987,0.0328473,-0.998317],[-0.0862372,0.995592,0.0368866]],[[0.995127,0.0878552,-0.0447553],[0.0861991,-0.995565,-0.0376816],[-0.0478673,0.0336401,-0.998287]],[[0.995127,0.0878552,-0.0447553],[0.0977788,-0.820943,0.562577],[0.0126838,-0.564212,-0.825533]]],"btipPosition":[27.0737,95.9632,94.9845],"carpPosition":[20.5533,137.358,117.527],"dipPosition":[27.3111,85.4041,79.5348],"direction":[0.0478673,-0.0336401,0.998287],"extended":false,"handId":95,"id":953,"length":64.5346,"mcpPosition":[22.1235,130.893,53.4855],"pipPosition":[25.9829,86.3375,51.8347],"stabilizedTipPosition":[26.2586,92.1703,91.4096],"timeVisible":7.80485,"tipPosition":[27.4553,88.0113,87.859],"tipVelocity":[40.2739,56.4063,-14.1203],"tool":false,"touchDistance":0.357184,"touchZone":"none","type":3,"width":19.1234},{"bases":[[[0.987376,-0.0599266,0.14662],[0.0621157,0.998015,-0.0103935],[-0.145706,0.0193697,0.989138]],[[0.997974,-0.061963,0.0144155],[0.0244641,0.164616,-0.986054],[0.0587259,0.98441,0.165798]],[[0.997974,-0.061963,0.0144155],[-0.0587064,-0.984278,-0.166583],[0.0245109,0.1654,-0.985922]],[[0.997974,-0.061963,0.0144155],[-0.0628307,-0.924458,0.376072],[-0.00997608,-0.376216,-0.926478]]],"btipPosition":[40.9772,100.824,88.4758],"carpPosition":[34.6807,133.588,117.991],"dipPosition":[40.805,94.3284,72.48],"direction":[-0.0245109,-0.1654,0.985922],"extended":false,"handId":95,"id":954,"length":50.5939,"mcpPosition":[43.3651,132.434,59.037],"pipPosition":[41.2851,97.5687,53.1648],"stabilizedTipPosition":[39.9094,96.707,84.4289],"timeVisible":7.80485,"tipPosition":[41.0617,94.4939,78.6881],"tipVelocity":[31.9536,71.3496,-23.7801],"tool":false,"touchDistance":0.333333,"touchZone":"none","type":4,"width":16.9869}],"r":[[0.374089,-0.114537,0.920293],[0.772419,0.587678,-0.240839],[-0.513251,0.800947,0.308315]],"s":1.12967,"t":[31.1334,-23.666,-21.8908],"timestamp":17638054355},{"currentFrameRate":111.851,"devices":[],"gestures":[],"hands":[{"armBasis":[[0.909744,0.412676,-0.0454414],[-0.287852,0.548096,-0.785322],[-0.299177,0.727523,0.617417]],"armWidth":66.825,"confidence":1,"direction":[-0.138157,0.00222878,-0.990408],"elbow":[-63.6171,338.541,320.266],"grabAngle":2.9041,"grabStrength":0.0736073,"id":95,"palmNormal":[0.304354,-0.951514,-0.0445973],"palmPosition":[7.72938,121.03,74.6154],"palmVelocity":[5.98469,21.1056,-18.1139],"palmWidth":93.5265,"pinchDistance":45.159,"pinchStrength":0.352791,"r":[[0.376682,-0.11038,0.919743],[0.766488,0.5947,-0.242545],[-0.520199,0.796334,0.308618]],"s":1.12942,"sphereCenter":[47.5982,85.3976,54.9328],"sphereRadius":53.92,"stabilizedPalmPosition":[7.17901,120.327,75.9152],"t":[31.1762,-23.472,-22.0234],"timeVisible":7.81355,"type":"right","wrist":[19.4126,136.634,148.916]}],"id":64902,"interactionBox":{"center":[0,200,0],"size":[235.247,235.247,147.751]},"pointables":[{"bases":[[[0.90591,0.303604,-0.295215],[-0.344665,0.933652,-0.0974707],[0.246036,0.19005,0.950446]],[[0.93357,0.351786,0.0685088],[-0.269002,0.814105,-0.514656],[-0.236822,0.462038,0.854655]],[[0.93357,0.351786,0.0685088],[-0.19844,0.666556,-0.718557],[-0.298443,0.657228,0.692086]],[[0.93357,0.351786,0.0685088],[-0.145919,0.547684,-0.823863],[-0.327345,0.759137,0.562633]]],"btipPosition":[2.26824,66.4985,-10.5346],"carpPosition":[-2.14509,129.656,124.501],"dipPosition":[-3.33386,79.4901,-0.905849],"direction":[0.298443,-0.657228,-0.692086],"extended":true,"handId":95,"id":951,"length":58.9043,"mcpPosition":[-20.7504,115.285,52.6282],"pipPosition":[-10.5592,95.4017,15.8497],"stabilizedTipPosition":[-0.104955,70.3636,-8.98963],"timeVisible":7.81355,"tipPosition":[0.506185,68.7173,-7.43234],"tipVelocity":[78.7434,-43.9114,23.1285],"tool":false,"touchDistance":0.333333,"touchZone":"hovering","type":1,"width":20.4624},{"bases":[[[0.0800725,0.975271,-0.205997],[-0.840701,0.177109,0.511717],[0.535547,0.132208,0.834093]],[[-0.0355318,0.92492,-0.378497],[-0.960825,0.0725522,0.267492],[0.274869,0.373174,0.886108]],[[-0.0355318,0.92492,-0.378497],[-0.993712,-0.0729381,-0.0849506],[-0.106179,0.373099,0.921696]],[[-0.0355318,0.92492,-0.378497],[-0.918823,-0.179198,-0.351643],[-0.393068,0.335277,0.856205]]],"btipPosition":[-3.58463,68.209,38.5682],"carpPosition":[-2.32188,107.958,135.582],"dipPosition":[-12.799,76.0687,58.6395],"direction":[0.106179,-0.373099,-0.921696],"extended":false,"handId":95,"id":950,"length":52.2022,"mcpPosition":[-2.32188,107.958,135.582],"pipPosition":[-16.4252,88.8106,90.117],"stabilizedTipPosition":[-6.91929,70.1569,43.3006],"timeVisible":7.81355,"tipPosition":[-1.76305,70.0918,43.3851],"tipVelocity":[109.102,-18.8377,-10.6149],"tool":false,"touchDistance":0.297412,"touchZone":"hovering","type":0,"width":21.4221},{"bases":[[[0.976216,0.162846,-0.143121],[-0.181062,0.975484,-0.125087],[0.119243,0.148025,0.981769]],[[0.98161,0.171429,-0.0839931],[-0.0832231,-0.011686,-0.996462],[-0.171804,0.985127,0.00279577]],[[0.98161,0.171429,-0.0839931],[0.171738,-0.985136,-0.00358928],[-0.0833599,-0.0109015,-0.99646]],[[0.98161,0.171429,-0.0839931],[0.189491,-0.821639,0.537589],[0.0231464,-0.543619,-0.839013]]],"btipPosition":[10.1273,87.3422,93.6937],"carpPosition":[8.44521,134.976,120.059],"dipPosition":[10.563,77.1096,77.901],"direction":[0.0833599,0.0109015,0.99646],"extended":false,"handId":95,"id":952,"length":67.1168,"mcpPosition":[-0.106041,124.361,49.6536],"pipPosition":[8.18861,76.7991,49.5186],"stabilizedTipPosition":[8.78207,83.7796,89.8851],"timeVisible":7.81355,"tipPosition":[12.8882,82.4758,87.2547],"tipVelocity":[69.8304,41.9779,-0.698596],"tool":false,"touchDistance":0.334357,"touchZone":"none","type":2,"width":20.0968},{"bases":[[[0.993976,0.108851,0.0127534],[-0.10696,0.988848,-0.103632],[-0.0238917,0.101644,0.994534]],[[0.99362,0.10256,-0.0469058],[-0.0501257,0.0290452,-0.99832],[-0.101026,0.994303,0.0340009]],[[0.99362,0.10256,-0.0469058],[0.100986,-0.994279,-0.0347958],[-0.0502061,0.029837,-0.998293]],[[0.99362,0.10256,-0.0469058],[0.111099,-0.818657,0.563434],[0.0193863,-0.565051,-0.824828]]],"btipPosition":[27.5336,96.5046,94.8979],"carpPosition":[20.4438,137.8,117.317],"dipPosition":[27.8964,85.9298,79.4614],"direction":[0.0502061,-0.029837,0.998293],"extended":false,"handId":95,"id":953,"length":64.5346,"mcpPosition":[21.9821,131.256,53.2828],"pipPosition":[26.5033,86.7577,51.7611],"stabilizedTipPosition":[26.6065,92.6575,91.3937],"timeVisible":7.81355,"tipPosition":[28.0172,88.5426,87.7326],"tipVelocity":[56.1801,61.8222,-9.60654],"tool":false,"touchDistance":0.355791,"touchZone":"none","type":3,"width":19.1234},{"bases":[[[0.988448,-0.0450088,0.144721],[0.0472539,0.998809,-0.0121121],[-0.144003,0.0188108,0.989398]],[[0.998811,-0.0471013,0.0125913],[0.0201032,0.162588,-0.986489],[0.0444177,0.985569,0.163342]],[[0.998811,-0.0471013,0.0125913],[-0.0444017,-0.985439,-0.164127],[0.0201386,0.163373,-0.986359]],[[0.998811,-0.0471013,0.0125913],[-0.0483457,-0.92342,0.380734],[-0.00630601,-0.38089,-0.924599]]],"btipPosition":[41.3507,101.59,88.2908],"carpPosition":[34.6266,134.242,117.759],"dipPosition":[41.2418,95.0141,72.3274],"direction":[-0.0201386,-0.163373,0.986359],"extended":false,"handId":95,"id":954,"length":50.5939,"mcpPosition":[43.2095,133.121,58.7888],"pipPosition":[41.6363,98.2147,53.0037],"stabilizedTipPosition":[40.1973,97.3921,84.4676],"timeVisible":7.81355,"tipPosition":[41.5089,95.2001,78.5266],"tipVelocity":[44.6023,85.9582,-20.4093],"tool":false,"touchDistance":0.333333,"touchZone":"none","type":4,"width":16.9869}],"r":[[0.376682,-0.11038,0.919743],[0.766488,0.5947,-0.242545],[-0.520199,0.796334,0.308618]],"s":1.12942,"t":[31.1762,-23.472,-22.0234],"timestamp":17638063055},{"currentFrameRate":112.05,"devices":[],"gestures":[],"hands":[{"armBasis":[[0.905832,0.419495,-0.0590997],[-0.304442,0.54759,-0.779397],[-0.294591,0.723995,0.623737]],"armWidth":66.825,"confidence":1,"direction":[-0.143998,0.00258256,-0.989575],"elbow":[-62.0111,338.026,321.927],"grabAngle":2.90704,"grabStrength":0.0866027,"id":95,"palmNormal":[0.323682,-0.944867,-0.0495663],"palmPosition":[7.74838,121.45,74.5414],"palmVelocity":[2.21535,48.93,-8.63223],"palmWidth":93.5265,"pinchDistance":44.7189,"pinchStrength":0.358706,"r":[[0.380243,-0.106077,0.918783],[0.758919,0.603583,-0.244396],[-0.528637,0.790212,0.310013]],"s":1.12881,"sphereCenter":[48.1027,86.7268,54.5754],"sphereRadius":53.7545,"stabilizedPalmPosition":[7.20497,120.379,75.8525],"t":[31.207,-23.1652,-22.1267],"timeVisible":7.82212,"type":"right","wrist":[19.7457,137.098,148.824]}],"id":64903,"interactionBox":{"center":[0,200,0],"size":[235.247,235.247,147.751]},"pointables":[{"bases":[[[0.897691,0.32323,-0.299455],[-0.364449,0.926635,-0.0923242],[0.247643,0.192015,0.949633]],[[0.92662,0.370707,0.0628678],[-0.287466,0.806238,-0.517052],[-0.242361,0.461038,0.853642]],[[0.92662,0.370707,0.0628678],[-0.214541,0.658587,-0.721273],[-0.308785,0.654859,0.689791]],[[0.92662,0.370707,0.0628678],[-0.160231,0.540576,-0.825896],[-0.34015,0.755218,0.560307]]],"btipPosition":[2.99104,66.5691,-10.3229],"carpPosition":[-2.00858,129.708,124.513],"dipPosition":[-2.83019,79.4937,-0.733969],"direction":[0.308785,-0.654859,-0.689791],"extended":true,"handId":95,"id":951,"length":58.9043,"mcpPosition":[-20.7355,115.188,52.7009],"pipPosition":[-10.3059,95.348,15.966],"stabilizedTipPosition":[0.41669,70.1196,-8.73071],"timeVisible":7.82212,"tipPosition":[1.14702,69.2766,-7.65842],"tipVelocity":[78.4055,6.44086,23.6165],"tool":false,"touchDistance":0.336371,"touchZone":"hovering","type":1,"width":20.4624},{"bases":[[[0.0586915,0.977381,-0.203178],[-0.841156,0.158024,0.517189],[0.537598,0.14055,0.831405]],[[-0.0572718,0.924946,-0.375759],[-0.961818,0.0497773,0.269125],[0.267631,0.376825,0.886779]],[[-0.0572718,0.924946,-0.375759],[-0.992541,-0.093325,-0.0784438],[-0.107624,0.368464,0.923391]],[[-0.0572718,0.924946,-0.375759],[-0.91704,-0.197524,-0.346441],[-0.39466,0.324745,0.859525]]],"btipPosition":[-2.4765,68.4438,38.3372],"carpPosition":[-1.67181,107.975,135.522],"dipPosition":[-11.7282,76.0565,58.4863],"direction":[0.107624,-0.368464,-0.923391],"extended":false,"handId":95,"id":950,"length":52.2022,"mcpPosition":[-1.67181,107.975,135.522],"pipPosition":[-15.4037,88.6402,90.0217],"stabilizedTipPosition":[-6.13078,70.1698,43.1885],"timeVisible":7.82212,"tipPosition":[-0.928617,70.4241,43.1923],"tipVelocity":[128.211,20.7538,-24.856],"tool":false,"touchDistance":0.294944,"touchZone":"hovering","type":0,"width":21.4221},{"bases":[[[0.971784,0.183463,-0.148246],[-0.201912,0.971932,-0.12075],[0.121932,0.147276,0.981551]],[[0.977347,0.191964,-0.0891219],[-0.088196,-0.0133805,-0.996013],[-0.192392,0.981311,0.00385307]],[[0.977347,0.191964,-0.0891219],[0.192321,-0.981321,-0.00464622],[-0.0883491,-0.0125991,-0.99601]],[[0.977347,0.191964,-0.0891219],[0.209465,-0.817075,0.537133],[0.0302911,-0.543634,-0.838776]]],"btipPosition":[10.934,87.9128,93.6087],"carpPosition":[8.44323,135.26,120.027],"dipPosition":[11.5042,77.6801,77.8204],"direction":[0.0883491,0.0125991,0.99601],"extended":false,"handId":95,"id":952,"length":67.1168,"mcpPosition":[-0.300885,124.699,49.6369],"pipPosition":[8.98773,77.3212,49.4509],"stabilizedTipPosition":[9.30985,84.191,89.9064],"timeVisible":7.82212,"tipPosition":[13.743,83.002,87.0577],"tipVelocity":[97.6764,66.5364,-9.79554],"tool":false,"touchDistance":0.333333,"touchZone":"none","type":2,"width":20.0968},{"bases":[[[0.991573,0.129343,0.00734],[-0.127976,0.986755,-0.0996817],[-0.0201359,0.0979023,0.994992]],[[0.990996,0.123239,-0.0523369],[-0.0564998,0.0305274,-0.997936],[-0.121387,0.991907,0.0372155]],[[0.990996,0.123239,-0.0523369],[0.121342,-0.991883,-0.0380102],[-0.0565964,0.0313172,-0.997906]],[[0.990996,0.123239,-0.0523369],[0.131366,-0.819375,0.558003],[0.0258842,-0.559854,-0.828187]]],"btipPosition":[28.1795,97.2548,94.6841],"carpPosition":[20.3646,138.341,117.225],"dipPosition":[28.6639,86.7773,79.1848],"direction":[0.0565964,-0.0313172,0.997906],"extended":false,"handId":95,"id":953,"length":64.5346,"mcpPosition":[21.6611,132.037,53.1608],"pipPosition":[27.0935,87.6463,51.4953],"stabilizedTipPosition":[27.0276,93.2043,91.3251],"timeVisible":7.82212,"tipPosition":[28.7782,89.3659,87.4442],"tipVelocity":[78.5742,90.083,-26.6133],"tool":false,"touchDistance":0.351987,"touchZone":"none","type":3,"width":19.1234},{"bases":[[[0.990002,-0.0250261,0.138819],[0.0265347,0.999607,-0.00902706],[-0.138538,0.0126203,0.990277]],[[0.999628,-0.0264758,0.00657717],[0.0108989,0.166563,-0.985971],[0.0250089,0.985675,0.16679]],[[0.999628,-0.0264758,0.00657717],[-0.0250002,-0.985542,-0.167575],[0.0109188,0.167348,-0.985837]],[[0.999628,-0.0264758,0.00657717],[-0.0269904,-0.92475,0.379618],[-0.00396846,-0.379654,-0.92512]]],"btipPosition":[41.8462,102.689,87.9282],"carpPosition":[34.6203,135.075,117.572],"dipPosition":[41.7777,96.1345,71.9558],"direction":[-0.0109188,-0.167348,0.985837],"extended":false,"handId":95,"id":954,"length":50.5939,"mcpPosition":[42.8774,134.323,58.5495],"pipPosition":[41.9916,99.413,52.6423],"stabilizedTipPosition":[40.5331,98.1713,84.4238],"timeVisible