{"frames":52,"data":[{"currentFrameRate":115.407,"devices":[],"gestures":[],"hands":[{"armBasis":[[0.994818,0.0997754,0.0195542],[-0.0582035,0.401164,0.914155],[0.0833658,-0.910556,0.404893]],"armWidth":50.6296,"confidence":1,"direction":[0.291159,0.428074,-0.855558],"elbow":[102.173,-50.4813,241.617],"grabAngle":2.76726,"grabStrength":0,"id":74,"palmNormal":[-0.159806,-0.859976,-0.484669],"palmPosition":[92.1257,181.807,99.0273],"palmVelocity":[-56.461,-39.0917,-24.0778],"palmWidth":74.6866,"pinchDistance":46.4306,"pinchStrength":0.44162,"r":[[0.398951,-0.693266,0.600183],[0.912123,0.367253,-0.182092],[-0.0941805,0.620087,0.77886]],"s":1.44979,"sphereCenter":[105.965,150.958,72.87],"sphereRadius":42.2748,"stabilizedPalmPosition":[92.8821,182.347,99.3903],"t":[76.605,5.31712,-63.4108],"timeVisible":6.26983,"type":"right","wrist":[83.6976,151.318,151.884]}],"id":50877,"interactionBox":{"center":[0,200,0],"size":[235.247,235.247,147.751]},"pointables":[{"bases":[[[0.978729,-0.202021,0.0357476],[0.177123,0.91998,0.349662],[-0.103526,-0.335893,0.936194]],[[0.942122,-0.261251,0.210129],[0.22936,0.959356,0.164409],[-0.24454,-0.106698,0.963751]],[[0.942122,-0.261251,0.210129],[0.263288,0.964535,0.0187314],[-0.20757,0.0376771,0.977494]],[[0.942122,-0.261251,0.210129],[0.276294,0.960009,-0.0452072],[-0.189915,0.100648,0.976628]]],"btipPosition":[94.3186,199.421,11.8935],"carpPosition":[72.749,177.543,135.124],"dipPosition":[91.6703,200.825,25.5124],"direction":[0.20757,-0.0376771,-0.977494],"extended":true,"handId":74,"id":741,"length":47.9972,"mcpPosition":[79.0007,197.827,78.5895],"pipPosition":[87.5755,201.568,44.7957],"stabilizedTipPosition":[93.966,199.947,15.1321],"timeVisible":6.26983,"tipPosition":[98.2073,203.423,16.9165],"tipVelocity":[-64.9217,-50.8021,-25.7436],"tool":false,"touchDistance":0.297256,"touchZone":"hovering","type":1,"width":15.1461},{"bases":[[[0.579304,0.740915,0.339782],[-0.80127,0.441134,0.404187],[0.149579,-0.506405,0.849223]],[[0.518303,0.849259,0.100604],[-0.855196,0.514926,0.0590914],[-0.00161951,-0.116663,0.99317]],[[0.518303,0.849259,0.100604],[-0.79822,0.522633,-0.299499],[-0.306931,0.0749272,0.948778]],[[0.518303,0.849259,0.100604],[-0.628293,0.457948,-0.628913],[-0.580181,0.262759,0.770939]]],"btipPosition":[81.0724,159.496,51.8326],"carpPosition":[61.3825,161.82,133.655],"dipPosition":[69.9901,164.515,66.5587],"direction":[0.306931,-0.0749272,-0.948778],"extended":false,"handId":74,"id":740,"length":42.5361,"mcpPosition":[61.3825,161.82,133.655],"pipPosition":[61.4488,166.6,92.9612],"stabilizedTipPosition":[78.7915,160.832,55.2965],"timeVisible":6.26983,"tipPosition":[75.9301,165.123,54.975],"tipVelocity":[-74.8238,-49.2372,-19.6925],"tool":false,"touchDistance":0.316142,"touchZone":"hovering","type":0,"width":15.8565},{"bases":[[[0.911112,-0.399398,0.101766],[0.337723,0.864984,0.371141],[-0.236259,-0.303782,0.922983]],[[0.923639,-0.380463,0.0462371],[0.232518,0.46036,-0.85674],[0.304673,0.80207,0.513671]],[[0.923639,-0.380463,0.0462371],[-0.259581,-0.709761,-0.654872],[0.281972,0.592863,-0.754324]],[[0.923639,-0.380463,0.0462371],[-0.380574,-0.924726,-0.00674057],[0.0453211,-0.0113707,-0.998908]]],"btipPosition":[77.1368,149.229,95.2808],"carpPosition":[82.8322,176.971,135.517],"dipPosition":[77.832,149.054,79.96],"direction":[-0.281972,-0.592863,0.754324],"extended":false,"handId":74,"id":742,"length":54.689,"mcpPosition":[96.3621,194.368,82.6607],"pipPosition":[84.3763,162.814,62.4528],"stabilizedTipPosition":[77.9372,149.722,91.996],"timeVisible":6.26983,"tipPosition":[75.4037,149.699,89.6315],"tipVelocity":[-58.8304,-44.8517,-20.109],"tool":false,"touchDistance":0.362617,"touchZone":"none","type":2,"width":14.8755},{"bases":[[[0.838345,-0.503811,0.208212],[0.394251,0.824114,0.406697],[-0.376488,-0.258864,0.88952]],[[0.859412,-0.487382,0.154498],[0.368611,0.381227,-0.847816],[0.354311,0.785573,0.507286]],[[0.859412,-0.487382,0.154498],[-0.289132,-0.7125,-0.639333],[0.421679,0.50478,-0.753249]],[[0.859412,-0.487382,0.154498],[-0.494093,-0.869389,0.00585922],[0.131463,-0.0813718,-0.987976]]],"btipPosition":[87.2818,148.298,104.053],"carpPosition":[92.3833,173.807,136.191],"dipPosition":[89.2865,147.057,88.9872],"direction":[-0.421679,-0.50478,0.753249],"extended":false,"handId":74,"id":743,"length":52.5849,"mcpPosition":[111.741,187.117,90.4553],"pipPosition":[98.8205,158.47,71.9565],"stabilizedTipPosition":[88.2951,148.453,100.805],"timeVisible":6.26983,"tipPosition":[86.2498,148.105,98.1415],"tipVelocity":[-56.5819,-41.6587,-19.6936],"tool":false,"touchDistance":0.5098,"touchZone":"none","type":3,"width":14.155},{"bases":[[[0.712393,-0.659581,0.239685],[0.485024,0.709591,0.511109],[-0.507196,-0.247857,0.82542]],[[0.768738,-0.624581,0.137624],[0.456904,0.385748,-0.801522],[0.447527,0.679041,0.581913]],[[0.768738,-0.624581,0.137624],[-0.352687,-0.593497,-0.723445],[0.53353,0.507602,-0.676525]],[[0.768738,-0.624581,0.137624],[-0.614332,-0.780957,-0.112705],[0.177872,0.00209408,-0.984051]]],"btipPosition":[100.25,149.067,105.199],"carpPosition":[100.044,164.999,136.636],"dipPosition":[102.752,149.096,91.3555],"direction":[-0.53353,-0.507602,0.676525],"extended":false,"handId":74,"id":744,"length":41.2256,"mcpPosition":[124.185,176.796,97.3494],"pipPosition":[111.269,157.199,80.5558],"stabilizedTipPosition":[101.38,149.494,102.258],"timeVisible":6.26983,"tipPosition":[98.4581,150.211,98.7157],"tipVelocity":[-56.5147,-40.5298,-21.6841],"tool":false,"touchDistance":0.533587,"touchZone":"none","type":4,"width":12.5735}],"r":[[0.398951,-0.693266,0.600183],[0.912123,0.367253,-0.182092],[-0.0941805,0.620087,0.77886]],"s":1.44979,"t":[76.605,5.31712,-63.4108],"timestamp":17514286812},{"currentFrameRate":115.397,"devices":[],"gestures":[],"hands":[{"armBasis":[[0.994583,0.102385,0.0179445],[-0.0577642,0.400885,0.914305],[0.0864173,-0.910389,0.404628]],"armWidth":50.6296,"confidence":1,"direction":[0.28959,0.427079,-0.856587],"elbow":[102.451,-50.7561,241.363],"grabAngle":2.76579,"grabStrength":0,"id":74,"palmNormal":[-0.159843,-0.860788,-0.483213],"palmPosition":[91.6114,181.437,98.7847],"palmVelocity":[-59.2278,-42.6395,-27.9377],"palmWidth":74.6866,"pinchDistance":46.5082,"pinchStrength":0.442656,"r":[[0.400329,-0.69204,0.60068],[0.911672,0.367074,-0.184689],[-0.0926819,0.62156,0.777864]],"s":1.44999,"sphereCenter":[105.571,150.501,72.6624],"sphereRadius":42.3566,"stabilizedPalmPosition":[92.4561,182.042,99.1872],"t":[76.1186,4.96922,-63.6396],"timeVisible":6.27852,"type":"right","wrist":[83.2994,151.006,151.689]}],"id":50878,"interactionBox":{"center":[0,200,0],"size":[235.247,235.247,147.751]},"pointables":[{"bases":[[[0.978935,-0.201215,0.0346181],[0.176918,0.920614,0.348096],[-0.101912,-0.334638,0.93682]],[[0.942245,-0.260616,0.210364],[0.228778,0.959556,0.164051],[-0.24461,-0.10645,0.96376]],[[0.942245,-0.260616,0.210364],[0.262579,0.964722,0.0190539],[-0.207908,0.0372837,0.977437]],[[0.942245,-0.260616,0.210364],[0.27591,0.960062,-0.0464309],[-0.189862,0.101791,0.97652]]],"btipPosition":[93.7708,198.995,11.6494],"carpPosition":[72.2903,177.209,134.915],"dipPosition":[91.1232,200.414,25.2669],"direction":[0.207908,-0.0372837,-0.977437],"extended":true,"handId":74,"id":741,"length":47.9972,"mcpPosition":[78.4445,197.417,78.3431],"pipPosition":[87.0217,201.15,44.549],"stabilizedTipPosition":[93.4581,199.552,14.9106],"timeVisible":6.27852,"tipPosition":[97.5215,202.91,16.6193],"tipVelocity":[-63.0714,-48.6818,-28.1465],"tool":false,"touchDistance":0.293182,"touchZone":"hovering","type":1,"width":15.1461},{"bases":[[[0.579222,0.741844,0.337889],[-0.801025,0.441092,0.404719],[0.151198,-0.505079,0.849726]],[[0.517502,0.850078,0.0977689],[-0.855682,0.513985,0.0602317],[0.000949873,-0.114829,0.993385]],[[0.517502,0.850078,0.0977689],[-0.79967,0.521118,-0.298268],[-0.304501,0.0761714,0.949462]],[[0.517502,0.850078,0.0977689],[-0.630739,0.456173,-0.627753],[-0.578239,0.263197,0.772248]]],"btipPosition":[80.4137,159.033,51.6101],"carpPosition":[60.9338,161.475,133.485],"dipPosition":[69.3685,164.061,66.3611],"direction":[0.304501,-0.0761714,-0.949462],"extended":false,"handId":74,"id":740,"length":42.5361,"mcpPosition":[60.9338,161.475,133.485],"pipPosition":[60.8949,166.18,92.7827],"stabilizedTipPosition":[78.1935,160.413,55.1052],"timeVisible":6.27852,"tipPosition":[75.3806,164.65,54.7811],"tipVelocity":[-74.8779,-53.0701,-24.9649],"tool":false,"touchDistance":0.312529,"touchZone":"hovering","type":0,"width":15.8565},{"bases":[[[0.911567,-0.39855,0.101015],[0.337591,0.865772,0.36942],[-0.234688,-0.302649,0.923756]],[[0.923803,-0.38004,0.0464518],[0.232168,0.459575,-0.857256],[0.304443,0.802721,0.51279]],[[0.923803,-0.38004,0.0464518],[-0.258988,-0.709639,-0.655239],[0.281981,0.593282,-0.753992]],[[0.923803,-0.38004,0.0464518],[-0.380137,-0.924903,-0.00706926],[0.0456501,-0.0111274,-0.998896]]],"btipPosition":[76.5929,148.799,95.041],"carpPosition":[82.3745,176.645,135.295],"dipPosition":[77.2931,148.629,79.7204],"direction":[-0.281981,-0.593282,0.753992],"extended":false,"handId":74,"id":742,"length":54.689,"mcpPosition":[95.8144,193.977,82.3941],"pipPosition":[83.8376,162.398,62.2209],"stabilizedTipPosition":[77.4806,149.351,91.8112],"timeVisible":6.27852,"tipPosition":[74.9113,149.299,89.4706],"tipVelocity":[-62.5051,-49.3472,-27.6132],"tool":false,"touchDistance":0.358621,"touchZone":"none","type":2,"width":14.8755},{"bases":[[[0.839035,-0.502867,0.207715],[0.394202,0.824996,0.404952],[-0.375001,-0.257887,0.890432]],[[0.860011,-0.486499,0.153947],[0.367273,0.380711,-0.848628],[0.354247,0.78637,0.506093]],[[0.860011,-0.486499,0.153947],[-0.288838,-0.712831,-0.639096],[0.420658,0.505164,-0.753562]],[[0.860011,-0.486499,0.153947],[-0.493214,-0.869885,0.00630931],[0.130847,-0.0813548,-0.988059]]],"btipPosition":[86.7858,147.892,103.827],"carpPosition":[91.929,173.49,135.96],"dipPosition":[88.7811,146.652,88.7592],"direction":[-0.420658,-0.505164,0.753562],"extended":false,"handId":74,"id":743,"length":52.5849,"mcpPosition":[111.21,186.749,90.1768],"pipPosition":[98.2921,158.073,71.7214],"stabilizedTipPosition":[87.8759,148.115,100.628],"timeVisible":6.27852,"tipPosition":[85.7655,147.729,97.9638],"tipVelocity":[-57.3692,-46.6774,-26.1396],"tool":false,"touchDistance":0.506018,"touchZone":"none","type":3,"width":14.155},{"bases":[[[0.713249,-0.65869,0.239592],[0.485214,0.710692,0.509396],[-0.50581,-0.247072,0.826506]],[[0.769441,-0.623774,0.137355],[0.455603,0.385292,-0.802481],[0.447645,0.680041,0.580653]],[[0.769441,-0.623774,0.137355],[-0.352491,-0.594033,-0.723101],[0.532645,0.507967,-0.676948]],[[0.769441,-0.623774,0.137355],[-0.613567,-0.781601,-0.112402],[0.17747,0.00221053,-0.984124]]],"btipPosition":[99.7536,148.682,104.962],"carpPosition":[99.5975,164.688,136.406],"dipPosition":[102.25,148.713,91.1167],"direction":[-0.532645,-0.507967,0.676948],"extended":false,"handId":74,"id":744,"length":41.2256,"mcpPosition":[123.672,176.448,97.0676],"pipPosition":[110.753,156.822,80.3103],"stabilizedTipPosition":[100.965,149.176,102.068],"timeVisible":6.27852,"tipPosition":[97.9742,149.842,98.5177],"tipVelocity":[-57.3312,-44.2073,-27.4047],"tool":false,"touchDistance":0.529621,"touchZone":"none","type":4,"width":12.5735}],"r":[[0.400329,-0.69204,0.60068],[0.911672,0.367074,-0.184689],[-0.0926819,0.62156,0.777864]],"s":1.44999,"t":[76.1186,4.96922,-63.6396],"timestamp":17514295495},{"currentFrameRate":115.362,"devices":[],"gestures":[],"hands":[{"armBasis":[[0.994272,0.105541,0.0168445],[-0.0579881,0.400329,0.914535],[0.0897775,-0.910273,0.404156]],"armWidth":50.6296,"confidence":1,"direction":[0.288299,0.42704,-0.857042],"elbow":[102.712,-51.0772,241.077],"grabAngle":2.76421,"grabStrength":0,"id":74,"palmNormal":[-0.15897,-0.861278,-0.482626],"palmPosition":[91.0263,181.081,98.5853],"palmVelocity":[-67.0498,-40.8555,-22.8556],"palmWidth":74.6866,"pinchDistance":46.5867,"pinchStrength":0.443737,"r":[[0.401727,-0.690878,0.601086],[0.911173,0.367172,-0.186948],[-0.0915439,0.622794,0.777011]],"s":1.45021,"sphereCenter":[105.147,150.092,72.4785],"sphereRadius":42.4428,"stabilizedPalmPosition":[91.9853,181.725,98.989],"t":[75.5829,4.61699,-63.8537],"timeVisible":6.28724,"type":"right","wrist":[82.8157,150.659,151.507]}],"id":50879,"interactionBox":{"center":[0,200,0],"size":[235.247,235.247,147.751]},"pointables":[{"bases":[[[0.979253,-0.199774,0.0339591],[0.175852,0.921056,0.347464],[-0.100693,-0.334283,0.937078]],[[0.942381,-0.25955,0.211072],[0.227346,0.959717,0.165098],[-0.245421,-0.107599,0.963427]],[[0.942381,-0.25955,0.211072],[0.261177,0.96507,0.0206368],[-0.209056,0.0356794,0.977253]],[[0.942381,-0.25955,0.211072],[0.274864,0.96037,-0.0462518],[-0.190703,0.101603,0.976376]]],"btipPosition":[93.2093,198.683,11.4691],"carpPosition":[71.7396,176.844,134.733],"dipPosition":[90.5499,200.1,25.0845],"direction":[0.209056,-0.0356794,-0.977253],"extended":true,"handId":74,"id":741,"length":47.9972,"mcpPosition":[77.8202,197.03,78.1454],"pipPosition":[86.4258,200.803,44.363],"stabilizedTipPosition":[92.9342,199.221,14.7219],"timeVisible":6.28724,"tipPosition":[96.8002,202.485,16.3865],"tipVelocity":[-64.6539,-35.8315,-20.7166],"tool":false,"touchDistance":0.290169,"touchZone":"hovering","type":1,"width":15.1461},{"bases":[[[0.578408,0.742866,0.337038],[-0.801348,0.440145,0.40511],[0.152597,-0.504403,0.849877]],[[0.516107,0.851105,0.0962007],[-0.856519,0.512443,0.0614604],[0.00301179,-0.114118,0.993463]],[[0.516107,0.851105,0.0962007],[-0.801262,0.519443,-0.296914],[-0.302675,0.0761573,0.950046]],[[0.516107,0.851105,0.0962007],[-0.633107,0.454719,-0.626424],[-0.576896,0.262396,0.773524]]],"btipPosition":[79.7238,158.637,51.4015],"carpPosition":[60.4048,161.093,133.32],"dipPosition":[68.7043,163.649,66.1769],"direction":[0.302675,-0.0761573,-0.950046],"extended":false,"handId":74,"id":740,"length":42.5361,"mcpPosition":[60.4048,161.093,133.32],"pipPosition":[60.2814,165.769,92.6148],"stabilizedTipPosition":[77.5667,160.024,54.9146],"timeVisible":6.28724,"tipPosition":[74.8012,164.217,54.6046],"tipVelocity":[-78.375,-45.7703,-23.2588],"tool":false,"touchDistance":0.309146,"touchZone":"hovering","type":0,"width":15.8565},{"bases":[[[0.912223,-0.397172,0.100515],[0.336622,0.86646,0.368692],[-0.233526,-0.302494,0.924101]],[[0.924087,-0.37922,0.0474965],[0.23266,0.459596,-0.857112],[0.303205,0.803096,0.512936]],[[0.924087,-0.37922,0.0474965],[-0.257247,-0.709089,-0.656519],[0.282644,0.594462,-0.752813]],[[0.924087,-0.37922,0.0474965],[-0.379256,-0.925252,-0.00860113],[0.0472079,-0.0100652,-0.998834]]],"btipPosition":[75.9862,148.382,94.7975],"carpPosition":[81.8249,176.295,135.105],"dipPosition":[76.7102,148.227,79.4778],"direction":[-0.282644,-0.594462,0.752813],"extended":false,"handId":74,"id":742,"length":54.689,"mcpPosition":[95.1982,193.618,82.1846],"pipPosition":[83.2701,162.024,62.0057],"stabilizedTipPosition":[76.9842,148.975,91.6104],"timeVisible":6.28724,"tipPosition":[74.3772,148.91,89.3143],"tipVelocity":[-68.8991,-47.4335,-27.8769],"tool":false,"touchDistance":0.354567,"touchZone":"none","type":2,"width":14.8755},{"bases":[[[0.839927,-0.501537,0.207327],[0.39332,0.825785,0.404201],[-0.373929,-0.257954,0.890863]],[[0.860837,-0.485166,0.153534],[0.366265,0.381255,-0.848819],[0.353283,0.786929,0.505898]],[[0.860837,-0.485166,0.153534],[-0.287628,-0.712779,-0.6397],[0.419797,0.506517,-0.753134]],[[0.860837,-0.485166,0.153534],[-0.491748,-0.870719,0.00567415],[0.130932,-0.0803844,-0.988127]]],"btipPosition":[86.2395,147.494,103.607],"carpPosition":[91.3845,173.154,135.764],"dipPosition":[88.2361,146.268,88.539],"direction":[-0.419797,-0.506517,0.753134],"extended":false,"handId":74,"id":743,"length":52.5849,"mcpPosition":[110.611,186.417,89.9592],"pipPosition":[97.7276,157.72,71.5109],"stabilizedTipPosition":[87.4237,147.768,100.441],"timeVisible":6.28724,"tipPosition":[85.234,147.363,97.7955],"tipVelocity":[-62.5644,-45.2704,-25.142],"tool":false,"touchDistance":0.502361,"touchZone":"none","type":3,"width":14.155},{"bases":[[[0.714392,-0.657524,0.239386],[0.48458,0.711669,0.508635],[-0.504804,-0.247363,0.827034]],[[0.770484,-0.622558,0.137022],[0.454636,0.385993,-0.802693],[0.446833,0.680758,0.580439]],[[0.770484,-0.622558,0.137022],[-0.351357,-0.594104,-0.723594],[0.531885,0.509374,-0.676488]],[[0.770484,-0.622558,0.137022],[-0.612193,-0.782567,-0.113176],[0.177688,0.00331618,-0.984081]]],"btipPosition":[99.2068,148.313,104.738],"carpPosition":[99.0661,164.364,136.209],"dipPosition":[101.707,148.359,90.8937],"direction":[-0.531885,-0.509374,0.676488],"extended":false,"handId":74,"id":744,"length":41.2256,"mcpPosition":[123.093,176.137,96.8456],"pipPosition":[110.197,156.491,80.0946],"stabilizedTipPosition":[100.515,148.852,101.873],"timeVisible":6.28724,"tipPosition":[97.4415,149.492,98.3395],"tipVelocity":[-62.5732,-41.9423,-25.6126],"tool":false,"touchDistance":0.525896,"touchZone":"none","type":4,"width":12.5735}],"r":[[0.401727,-0.690878,0.601086],[0.911173,0.367172,-0.186948],[-0.0915439,0.622794,0.777011]],"s":1.45021,"t":[75.5829,4.61699,-63.8537],"timestamp":17514304222},{"currentFrameRate":115.345,"devices":[],"gestures":[],"hands":[{"armBasis":[[0.994009,0.108139,0.0158528],[-0.0580241,0.399218,0.915018],[0.0926201,-0.910457,0.403101]],"armWidth":50.6296,"confidence":1,"direction":[0.286169,0.425595,-0.858473],"elbow":[102.875,-51.3391,240.726],"grabAngle":2.76278,"grabStrength":0,"id":74,"palmNormal":[-0.15862,-0.862539,-0.480486],"palmPosition":[90.415,180.776,98.4074],"palmVelocity":[-70.2795,-35.0094,-20.4484],"palmWidth":74.6866,"pinchDistance":46.6463,"pinchStrength":0.444105,"r":[[0.403254,-0.689574,0.601559],[0.910599,0.367422,-0.189237],[-0.0905329,0.62409,0.77609]],"s":1.45052,"sphereCenter":[104.698,149.673,72.3549],"sphereRadius":42.5534,"stabilizedPalmPosition":[91.4792,181.42,98.8016],"t":[75.0093,4.28862,-64.0497],"timeVisible":6.29594,"type":"right","wrist":[82.3485,150.438,151.39]}],"id":50880,"interactionBox":{"center":[0,200,0],"size":[235.247,235.247,147.751]},"pointables":[{"bases":[[[0.979592,-0.198327,0.0326389],[0.175177,0.922049,0.345165],[-0.0985503,-0.332404,0.937974]],[[0.942674,-0.258227,0.211386],[0.226189,0.960142,0.16421],[-0.245365,-0.106984,0.96351]],[[0.942674,-0.258227,0.211386],[0.259891,0.965423,0.0203678],[-0.209337,0.0357372,0.97719]],[[0.942674,-0.258227,0.211386],[0.27386,0.960579,-0.0478464],[-0.190698,0.102994,0.976231]]],"btipPosition":[92.5426,198.273,11.2809],"carpPosition":[71.1988,176.59,134.599],"dipPosition":[89.8833,199.71,24.8943],"direction":[0.209337,-0.0357372,-0.97719],"extended":true,"handId":74,"id":741,"length":47.9972,"mcpPosition":[77.15,196.663,77.9569],"pipPosition":[85.7537,200.415,44.1716],"stabilizedTipPosition":[92.3434,198.858,14.5394],"timeVisible":6.29594,"tipPosition":[95.9727,201.978,16.1357],"tipVelocity":[-76.6435,-46.5379,-21.6879],"tool":false,"touchDistance":0.287025,"touchZone":"hovering","type":1,"width":15.1461},{"bases":[[[0.577963,0.744401,0.334403],[-0.801242,0.439893,0.405593],[0.154822,-0.502356,0.850687]],[[0.514906,0.852195,0.092924],[-0.857223,0.511045,0.0632646],[0.00642548,-0.112232,0.993661]],[[0.514906,0.852195,0.092924],[-0.803215,0.517484,-0.295052],[-0.299529,0.0772863,0.950952]],[[0.514906,0.852195,0.092924],[-0.636406,0.45263,-0.624591],[-0.574333,0.262468,0.775404]]],"btipPosition":[78.9263,158.255,51.252],"carpPosition":[59.8837,160.82,133.24],"dipPosition":[67.9557,163.268,66.0633],"direction":[0.299529,-0.0772863,-0.950952],"extended":false,"handId":74,"id":740,"length":42.5361,"mcpPosition":[59.8837,160.82,133.24],"pipPosition":[59.6204,165.419,92.5264],"stabilizedTipPosition":[76.8639,159.652,54.76],"timeVisible":6.29594,"tipPosition":[74.1556,163.756,54.4937],"tipVelocity":[-90.3952,-43.9475,-16.2374],"tool":false,"touchDistance":0.306792,"touchZone":"hovering","type":0,"width":15.8565},{"bases":[[[0.912959,-0.395674,0.0997389],[0.33606,0.867723,0.366223],[-0.231451,-0.300829,0.925166]],[[0.924252,-0.378627,0.0489854],[0.233006,0.457777,-0.857991],[0.302435,0.804414,0.511324]],[[0.924252,-0.378627,0.0489854],[-0.256031,-0.709877,-0.656143],[0.283207,0.593899,-0.753045]],[[0.924252,-0.378627,0.0489854],[-0.3787,-0.925483,-0.00814175],[0.0484179,-0.0110258,-0.998766]]],"btipPosition":[75.3267,148.024,94.6531],"carpPosition":[81.2855,176.056,134.954],"dipPosition":[76.0693,147.855,79.3344],"direction":[-0.283207,-0.593899,0.753045],"extended":false,"handId":74,"id":742,"length":54.689,"mcpPosition":[94.54,193.284,81.9724],"pipPosition":[82.6423,161.638,61.8569],"stabilizedTipPosition":[76.4371,148.611,91.4335],"timeVisible":6.29594,"tipPosition":[73.8061,148.558,89.2483],"tipVelocity":[-75.3312,-41.5599,-16.5821],"tool":false,"touchDistance":0.352163,"touchZone":"none","type":2,"width":14.8755},{"bases":[[[0.840999,-0.49991,0.206904],[0.392879,0.827205,0.401719],[-0.371976,-0.256557,0.892083]],[[0.861791,-0.483627,0.153039],[0.364379,0.380307,-0.850056],[0.352908,0.788335,0.503969]],[[0.861791,-0.483627,0.153039],[-0.287211,-0.713887,-0.638651],[0.418121,0.506429,-0.754125]],[[0.861791,-0.483627,0.153039],[-0.490343,-0.8715,0.00714169],[0.12992,-0.0811964,-0.988194]]],"btipPosition":[85.6723,147.161,103.477],"carpPosition":[90.8507,172.93,135.602],"dipPosition":[87.6535,145.923,88.4075],"direction":[-0.418121,-0.506429,0.754125],"extended":false,"handId":74,"id":743,"length":52.5849,"mcpPosition":[109.976,186.121,89.7348],"pipPosition":[97.1071,157.373,71.3569],"stabilizedTipPosition":[86.9381,147.434,100.28],"timeVisible":6.29594,"tipPosition":[84.6731,147.048,97.7075],"tipVelocity":[-65.6231,-38.5593,-15.0334],"tool":false,"touchDistance":0.500181,"touchZone":"none","type":3,"width":14.155},{"bases":[[[0.715742,-0.656004,0.239524],[0.484485,0.713443,0.506235],[-0.502979,-0.246287,0.828465]],[[0.77163,-0.621159,0.136928],[0.452857,0.38532,-0.804021],[0.446663,0.682415,0.57862]],[[0.77163,-0.621159,0.136928],[-0.351167,-0.595509,-0.722531],[0.530348,0.509442,-0.677643]],[[0.77163,-0.621159,0.136928],[-0.611025,-0.783681,-0.11177],[0.176735,0.00257853,-0.984255]]],"btipPosition":[98.6421,148.011,104.587],"carpPosition":[98.5455,164.151,136.052],"dipPosition":[101.128,148.047,90.7401],"direction":[-0.530348,-0.509442,0.677643],"extended":false,"handId":74,"id":744,"length":41.2256,"mcpPosition":[122.485,175.874,96.6211],"pipPosition":[109.595,156.18,79.9226],"stabilizedTipPosition":[100.033,148.544,101.698],"timeVisible":6.29594,"tipPosition":[96.8796,149.193,98.2256],"tipVelocity":[-65.2756,-34.9737,-17.443],"tool":false,"touchDistance":0.523367,"touchZone":"none","type":4,"width":12.5735}],"r":[[0.403254,-0.689574,0.601559],[0.910599,0.367422,-0.189237],[-0.0905329,0.62409,0.77609]],"s":1.45052,"t":[75.0093,4.28862,-64.0497],"timestamp":17514312920},{"currentFrameRate":115.353,"devices":[],"gestures":[],"hands":[{"armBasis":[[0.993612,0.111583,0.0168875],[-0.0601974,0.39746,0.915643],[0.0954585,-0.91081,0.401638]],"armWidth":50.6296,"confidence":1,"direction":[0.283363,0.424339,-0.860025],"elbow":[102.98,-51.5722,240.314],"grabAngle":2.76177,"grabStrength":0,"id":74,"palmNormal":[-0.155465,-0.864594,-0.477816],"palmPosition":[89.7156,180.529,98.2536],"palmVelocity":[-80.8,-28.5173,-17.7624],"palmWidth":74.6866,"pinchDistance":46.6891,"pinchStrength":0.443073,"r":[[0.405204,-0.687836,0.602239],[0.909777,0.368289,-0.19149],[-0.0900844,0.625496,0.77501]],"s":1.45097,"sphereCenter":[104.341,149.29,72.2895],"sphereRadius":42.7173,"stabilizedPalmPosition":[90.919,181.137,98.6275],"t":[74.3729,4.00102,-64.2245],"timeVisible":6.3046,"type":"right","wrist":[81.8239,150.283,151.302]}],"id":50881,"interactionBox":{"center":[0,200,0],"size":[235.247,235.247,147.751]},"pointables":[{"bases":[[[0.980471,-0.194031,0.032083],[0.171612,0.923784,0.342305],[-0.0960557,-0.330114,0.939041]],[[0.943584,-0.254008,0.212436],[0.222185,0.961352,0.162594],[-0.245526,-0.106221,0.963553]],[[0.943584,-0.254008,0.212436],[0.255843,0.966526,0.0192823],[-0.210223,0.0361558,0.976985]],[[0.943584,-0.254008,0.212436],[0.270162,0.961498,-0.0503315],[-0.191472,0.104884,0.975878]]],"btipPosition":[91.7858,197.849,11.1042],"carpPosition":[70.5588,176.366,134.479],"dipPosition":[89.1158,199.312,24.7127],"direction":[0.210223,-0.0361558,-0.976985],"extended":true,"handId":74,"id":741,"length":47.9972,"mcpPosition":[76.3593,196.3,77.7728],"pipPosition":[84.9687,200.025,43.9859],"stabilizedTipPosition":[91.6726,198.473,14.3647],"timeVisible":6.3046,"tipPosition":[95.0543,201.488,15.9001],"tipVelocity":[-87.7138,-48.3171,-20.5447],"tool":false,"touchDistance":0.284061,"touchZone":"hovering","type":1,"width":15.1461},{"bases":[[[0.575145,0.747834,0.331592],[-0.802659,0.437623,0.405245],[0.157944,-0.49923,0.851953]],[[0.511193,0.854803,0.0894094],[-0.859405,0.507146,0.0650067],[0.0102243,-0.11007,0.993871]],[[0.511193,0.854803,0.0894094],[-0.806782,0.513116,-0.29294],[-0.296283,0.0776151,0.951941]],[[0.511193,0.854803,0.0894094],[-0.641318,0.44863,-0.622448],[-0.572182,0.260852,0.777537]]],"btipPosition":[78.0654,157.911,51.1138],"carpPosition":[59.3099,160.543,133.179],"dipPosition":[67.1359,162.893,65.9659],"direction":[0.296283,-0.0776151,-0.951941],"extended":false,"handId":74,"id":740,"length":42.5361,"mcpPosition":[59.3099,160.543,133.179],"pipPosition":[58.8909,165.053,92.4565],"stabilizedTipPosition":[76.0953,159.303,54.6252],"timeVisible":6.3046,"tipPosition":[73.5089,163.252,54.4097],"tipVelocity":[-98.3655,-40.5366,-14.88],"tool":false,"touchDistance":0.304799,"touchZone":"hovering","type":0,"width":15.8565},{"bases":[[[0.914761,-0.391468,0.099828],[0.332751,0.870209,0.363335],[-0.229105,-0.299147,0.926295]],[[0.925766,-0.374799,0.0498275],[0.231035,0.456433,-0.859239],[0.299299,0.806966,0.509142]],[[0.925766,-0.374799,0.0498275],[-0.252951,-0.711896,-0.655148],[0.281021,0.59391,-0.753856]],[[0.925766,-0.374799,0.0498275],[-0.374943,-0.927023,-0.00677409],[0.0487301,-0.0124113,-0.998735]]],"btipPosition":[74.7242,147.667,94.5627],"carpPosition":[80.648,175.876,134.824],"dipPosition":[75.4716,147.477,79.2446],"direction":[-0.281021,-0.59391,0.753856],"extended":false,"handId":74,"id":742,"length":54.689,"mcpPosition":[93.7682,193.007,81.7779],"pipPosition":[81.9938,161.261,61.7483],"stabilizedTipPosition":[75.8778,148.252,91.2905],"timeVisible":6.3046,"tipPosition":[73.242,148.212,89.2146],"tipVelocity":[-69.4791,-41.7119,-10.4211],"tool":false,"touchDistance":0.350659,"touchZone":"none","type":2,"width":14.8755},{"bases":[[[0.843371,-0.495701,0.207376],[0.389783,0.830038,0.398882],[-0.369856,-0.255574,0.893246]],[[0.864032,-0.479484,0.15344],[0.361872,0.379628,-0.851429],[0.349996,0.791187,0.501523]],[[0.864032,-0.479484,0.15344],[-0.284502,-0.7165,-0.636935],[0.41534,0.506678,-0.755493]],[[0.864032,-0.479484,0.15344],[-0.486481,-0.873641,0.00937014],[0.129559,-0.0827419,-0.988113]]],"btipPosition":[85.1144,146.887,103.404],"carpPosition":[90.2273,172.792,135.471],"dipPosition":[87.0901,145.625,88.336],"direction":[-0.41534,-0.506678,0.755493],"extended":false,"handId":74,"id":743,"length":52.5849,"mcpPosition":[109.244,185.933,89.5432],"pipPosition":[96.4808,157.081,71.2545],"stabilizedTipPosition":[86.4354,147.127,100.155],"timeVisible":6.3046,"tipPosition":[84.1205,146.775,97.662],"tipVelocity":[-64.5933,-32.3002,-8.36798],"tool":false,"touchDistance":0.498974,"touchZone":"none","type":3,"width":14.155},{"bases":[[[0.718822,-0.652236,0.240589],[0.481996,0.716971,0.503619],[-0.500974,-0.246049,0.82975]],[[0.774472,-0.617424,0.137769],[0.450491,0.385382,-0.805319],[0.44413,0.685761,0.576612]],[[0.774472,-0.617424,0.137769],[-0.348984,-0.598633,-0.721005],[0.527639,0.510319,-0.679096]],[[0.774472,-0.617424,0.137769],[-0.607586,-0.786629,-0.10979],[0.17616,0.00132216,-0.984361]]],"btipPosition":[98.0858,147.804,104.493],"carpPosition":[97.9602,164.048,135.937],"dipPosition":[100.564,147.822,90.6447],"direction":[-0.527639,-0.510319,0.679096],"extended":false,"handId":74,"id":744,"length":41.2256,"mcpPosition":[121.804,175.759,96.4446],"pipPosition":[108.987,155.969,79.804],"stabilizedTipPosition":[99.5334,148.277,101.557],"timeVisible":6.3046,"tipPosition":[96.3197,148.972,98.1612],"tipVelocity":[-64.4797,-24.4215,-10.8842],"tool":false,"touchDistance":0.521797,"touchZone":"none","type":4,"width":12.5735}],"r":[[0.405204,-0.687836,0.602239],[0.909777,0.368289,-0.19149],[-0.0900844,0.625496,0.77501]],"s":1.45097,"t":[74.3729,4.00102,-64.2245],"timestamp":17514321576},{"currentFrameRate":115.387,"devices":[],"gestures":[],"hands":[{"armBasis":[[0.993091,0.116077,0.0172293],[-0.0621667,0.395873,0.916199],[0.0995288,-0.910939,0.400354]],"armWidth":50.6296,"confidence":1,"direction":[0.281537,0.425198,-0.8602],"elbow":[103.201,-51.8633,239.889],"grabAngle":2.76084,"grabStrength":0,"id":74,"palmNormal":[-0.152156,-0.865337,-0.477537],"palmPosition":[88.903,180.293,98.1136],"palmVelocity":[-94.3858,-27.4882,-16.2615],"palmWidth":74.6866,"pinchDistance":46.7298,"pinchStrength":0.441748,"r":[[0.407324,-0.686088,0.602802],[0.908819,0.369682,-0.193347],[-0.0901916,0.626593,0.77411]],"s":1.45155,"sphereCenter":[103.872,148.987,72.1687],"sphereRadius":42.8775,"stabilizedPalmPosition":[90.2839,180.871,98.4656],"t":[73.6484,3.73889,-64.382],"timeVisible":6.31321,"type":"right","wrist":[81.1433,150.021,151.162]}],"id":50882,"interactionBox":{"center":[0,200,0],"size":[235.247,235.247,147.751]},"pointables":[{"bases":[[[0.981231,-0.19017,0.0319589],[0.168046,0.92455,0.342006],[-0.0945871,-0.330216,0.939154]],[[0.944236,-0.250623,0.213558],[0.218377,0.96207,0.163502],[-0.246435,-0.107748,0.963151]],[[0.944236,-0.250623,0.213558],[0.252089,0.967481,0.0207978],[-0.211825,0.0341975,0.976709]],[[0.944236,-0.250623,0.213558],[0.26676,0.962468,-0.0499528],[-0.193023,0.104136,0.975652]]],"btipPosition":[90.9928,197.657,10.9848],"carpPosition":[69.7693,176.064,134.344],"dipPosition":[88.3011,199.109,24.5901],"direction":[0.211825,-0.0341975,-0.976709],"extended":true,"handId":74,"id":741,"length":47.9972,"mcpPosition":[75.4812,196.005,77.6307],"pipPosition":[84.1224,199.783,43.8579],"stabilizedTipPosition":[90.9468,198.203,14.2246],"timeVisible":6.31321,"tipPosition":[94.1147,201.223,15.7402],"tipVelocity":[-92.694,-22.6461,-13.9583],"tool":false,"touchDistance":0.282058,"touchZone":"hovering","type":1,"width":15.1461},{"bases":[[[0.572264,0.750183,0.331269],[-0.804298,0.434586,0.405266],[0.160059,-0.498358,0.852068]],[[0.507677,0.856984,0.0885606],[-0.861448,0.503369,0.0672787],[0.013078,-0.110446,0.993796]],[[0.507677,0.856984,0.0885606],[-0.80988,0.509765,-0.290231],[-0.293868,0.07562,0.95285]],[[0.507677,0.856984,0.0885606],[-0.64565,0.446502,-0.619493],[-0.570438,0.257323,0.77999]]],"btipPosition":[77.1205,157.703,50.9162],"carpPosition":[58.5824,160.198,133.05],"dipPosition":[66.2243,162.619,65.8151],"direction":[0.293868,-0.07562,-0.95285],"extended":false,"handId":74,"id":740,"length":42.5361,"mcpPosition":[58.5824,160.198,133.05],"pipPosition":[58.0465,164.723,92.331],"stabilizedTipPosition":[75.2582,159.038,54.4656],"timeVisible":6.31321,"tipPosition":[72.7836,162.879,54.2786],"tipVelocity":[-108.87,-25.8918,-21.7104],"tool":false,"touchDistance":0.301993,"touchZone":"hovering","type":0,"width":15.8565},{"bases":[[[0.916309,-0.387844,0.0997732],[0.329398,0.871615,0.363021],[-0.227759,-0.299775,0.926424]],[[0.927089,-0.371416,0.0505494],[0.229982,0.457126,-0.859153],[0.295996,0.808137,0.509215]],[[0.927089,-0.371416,0.0505494],[-0.249541,-0.712178,-0.656149],[0.279705,0.595695,-0.752936]],[[0.927089,-0.371416,0.0505494],[-0.371504,-0.928397,-0.00799963],[0.0499011,-0.0113629,-0.99869]]],"btipPosition":[74.0021,147.338,94.3935],"carpPosition":[79.8605,175.614,134.687],"dipPosition":[74.7674,147.164,79.076],"direction":[-0.279705,-0.595695,0.752936],"extended":false,"handId":74,"id":742,"length":54.689,"mcpPosition":[92.9036,192.782,81.6336],"pipPosition":[81.2591,160.989,61.6011],"stabilizedTipPosition":[75.2752,147.914,91.1416],"timeVisible":6.31321,"tipPosition":[72.5613,147.906,89.0941],"tipVelocity":[-83.3954,-37.8107,-19.6417],"tool":false,"touchDistance":0.347841,"touchZone":"none","type":2,"width":14.8755},{"bases":[[[0.845349,-0.492326,0.207365],[0.386594,0.831677,0.398569],[-0.368687,-0.256764,0.893388]],[[0.865936,-0.476043,0.15342],[0.360253,0.380867,-0.851562],[0.346948,0.792669,0.501302]],[[0.865936,-0.476043,0.15342],[-0.281459,-0.717374,-0.637304],[0.413444,0.508683,-0.755186]],[[0.865936,-0.476043,0.15342],[-0.482955,-0.875599,0.00902592],[0.130038,-0.081911,-0.98812]]],"btipPosition":[84.4256,146.613,103.26],"carpPosition":[89.4519,172.569,135.333],"dipPosition":[86.4086,145.364,88.1919],"direction":[-0.413444,-0.508683,0.755186],"extended":false,"handId":74,"id":743,"length":52.5849,"mcpPosition":[108.408,185.77,89.3981],"pipPosition":[95.7565,156.865,71.1174],"stabilizedTipPosition":[85.8803,146.84,100.026],"timeVisible":6.31321,"tipPosition":[83.4428,146.516,97.5367],"tipVelocity":[-79.8121,-31.5525,-16.7245],"tool":false,"touchDistance":0.496574,"touchZone":"none","type":3,"width":14.155},{"bases":[[[0.721421,-0.649339,0.240646],[0.479269,0.719005,0.503323],[-0.499853,-0.247773,0.829913]],[[0.776931,-0.614326,0.137774],[0.448937,0.387155,-0.805336],[0.4414,0.687542,0.576586]],[[0.776931,-0.614326,0.137774],[-0.346326,-0.599769,-0.721343],[0.525772,0.512719,-0.678736]],[[0.776931,-0.614326,0.137774],[-0.604352,-0.789048,-0.110279],[0.176457,0.00241518,-0.984305]]],"btipPosition":[97.3958,147.587,104.343],"carpPosition":[97.2191,163.855,135.8],"dipPosition":[99.8783,147.621,90.4952],"direction":[-0.525772,-0.512719,0.678736],"extended":false,"handId":74,"id":744,"length":41.2256,"mcpPosition":[121.01,175.648,96.3001],"pipPosition":[108.271,155.806,79.6602],"stabilizedTipPosition":[98.9791,148.036,101.416],"timeVisible":6.31321,"tipPosition":[95.6344,148.759,98.0338],"tipVelocity":[-80.036,-24.7079,-17.4394],"tool":false,"touchDistance":0.519295,"touchZone":"none","type":4,"width":12.5735}],"r":[[0.407324,-0.686088,0.602802],[0.908819,0.369682,-0.193347],[-0.0901916,0.626593,0.77411]],"s":1.45155,"t":[73.6484,3.73889,-64.382],"timestamp":17514330185},{"currentFrameRate":115.35,"devices":[],"gestures":[],"hands":[{"armBasis":[[0.992539,0.120723,0.0170789],[-0.0636783,0.393812,0.916983],[0.103975,-0.911229,0.398561]],"armWidth":50.6296,"confidence":1,"direction":[0.279649,0.425777,-0.860529],"elbow":[103.328,-52.2149,239.318],"grabAngle":2.76013,"grabStrength":0,"id":74,"palmNormal":[-0.149644,-0.866006,-0.477117],"palmPosition":[87.9041,180.024,97.9369],"palmVelocity":[-114.404,-30.7503,-20.2414],"palmWidth":74.6866,"pinchDistance":46.7783,"pinchStrength":0.440638,"r":[[0.409533,-0.684376,0.603251],[0.907786,0.371364,-0.19497],[-0.0905927,0.62747,0.773353]],"s":1.45217,"sphereCenter":[103.192,148.636,72.0083],"sphereRadius":43.0395,"stabilizedPalmPosition":[89.524,180.601,98.2968],"t":[72.7866,3.47357,-64.5491],"timeVisible":6.32194,"type":"right","wrist":[80.2851,149.734,150.988]}],"id":50883,"interactionBox":{"center":[0,200,0],"size":[235.247,235.247,147.751]},"pointables":[{"bases":[[[0.981859,-0.186987,0.0314446],[0.165262,0.925219,0.341554],[-0.0929593,-0.330161,0.939336]],[[0.944816,-0.247848,0.214231],[0.215392,0.962689,0.163818],[-0.24684,-0.108635,0.962948]],[[0.944816,-0.247848,0.214231],[0.249047,0.968246,0.0218197],[-0.212836,0.0327379,0.976539]],[[0.944816,-0.247848,0.214231],[0.26402,0.963219,-0.0500328],[-0.193951,0.103833,0.975501]]],"btipPosition":[89.978,197.401,10.8227],"carpPosition":[68.8057,175.748,134.18],"dipPosition":[87.2734,198.849,24.4259],"direction":[0.212836,-0.0327379,-0.976539],"extended":true,"handId":74,"id":741,"length":47.9972,"mcpPosition":[74.4193,195.685,77.456],"pipPosition":[83.0747,199.495,43.6904],"stabilizedTipPosition":[90.0649,197.943,14.0732],"timeVisible":6.32194,"tipPosition":[92.975,200.918,15.5419],"tipVelocity":[-116.56,-29.3919,-18.6197],"tool":false,"touchDistance":0.280361,"touchZone":"hovering","type":1,"width":15.1461},{"bases":[[[0.570035,0.752154,0.330642],[-0.805456,0.43214,0.405582],[0.162176,-0.497513,0.852162]],[[0.504684,0.858896,0.087128],[-0.863148,0.500097,0.0698459],[0.0164179,-0.110455,0.993746]],[[0.504684,0.858896,0.087128],[-0.812729,0.506728,-0.287573],[-0.291146,0.0743224,0.953787]],[[0.504684,0.858896,0.087128],[-0.649548,0.444264,-0.617022],[-0.568666,0.254808,0.782108]]],"btipPosition":[75.961,157.435,50.7007],"carpPosition":[57.6693,159.845,132.899],"dipPosition":[65.0986,162.302,65.6401],"direction":[0.291146,-0.0743224,-0.953787],"extended":false,"handId":74,"id":740,"length":42.5361,"mcpPosition":[57.6693,159.845,132.899],"pipPosition":[56.9966,164.37,92.1821],"stabilizedTipPosition":[74.2565,158.768,54.2822],"timeVisible":6.32194,"tipPosition":[71.8374,162.487,54.1184],"tipVelocity":[-131.895,-32.0157,-23.6077],"tool":false,"touchDistance":0.299728,"touchZone":"hovering","type":0,"width":15.8565},{"bases":[[[0.917617,-0.384843,0.0993728],[0.326797,0.872813,0.362493],[-0.226237,-0.300155,0.926674]],[[0.928449,-0.368156,0.049427],[0.227381,0.458057,-0.85935],[0.293734,0.809101,0.508994]],[[0.928449,-0.368156,0.049427],[-0.247366,-0.712052,-0.657109],[0.277113,0.597866,-0.752173]],[[0.928449,-0.368156,0.049427],[-0.368185,-0.929711,-0.00885105],[0.0492114,-0.00998053,-0.998739]]],"btipPosition":[73.1126,146.967,94.2013],"carpPosition":[78.8985,175.331,134.518],"dipPosition":[73.8674,146.814,78.8831],"direction":[-0.277113,-0.597866,0.752173],"extended":false,"handId":74,"id":742,"length":54.689,"mcpPosition":[91.8544,192.52,81.4497],"pipPosition":[80.2989,160.69,61.4259],"stabilizedTipPosition":[74.5704,147.566,90.9774],"timeVisible":6.32194,"tipPosition":[71.6682,147.578,88.9465],"tipVelocity":[-102.141,-41.9818,-22.024],"tool":false,"touchDistance":0.344636,"touchZone":"none","type":2,"width":14.8755},{"bases":[[[0.847059,-0.489513,0.207046],[0.384143,0.833074,0.398022],[-0.367322,-0.257613,0.893706]],[[0.867561,-0.473185,0.153084],[0.358499,0.381673,-0.851941],[0.344698,0.793991,0.500761]],[[0.867561,-0.473185,0.153084],[-0.279198,-0.718123,-0.637454],[0.411566,0.51029,-0.755127]],[[0.867561,-0.473185,0.153084],[-0.480058,-0.877189,0.00919479],[0.129932,-0.0814661,-0.98817]]],"btipPosition":[83.5298,146.312,103.089],"carpPosition":[88.5001,172.316,135.159],"dipPosition":[85.5112,145.07,88.0198],"direction":[-0.411566,-0.51029,0.755127],"extended":false,"handId":74,"id":743,"length":52.5849,"mcpPosition":[107.386,185.562,89.2076],"pipPosition":[94.8165,156.608,70.9467],"stabilizedTipPosition":[85.2055,146.551,99.8824],"timeVisible":6.32194,"tipPosition":[82.5548,146.229,97.3794],"tipVelocity":[-102.638,-34.2024,-19.638],"tool":false,"touchDistance":0.493717,"touchZone":"none","type":3,"width":14.155},{"bases":[[[0.723659,-0.646913,0.240462],[0.477244,0.720741,0.502763],[-0.498554,-0.24907,0.830306]],[[0.779007,-0.61175,0.137514],[0.447299,0.388506,-0.805597],[0.439399,0.689076,0.576284]],[[0.779007,-0.61175,0.137514],[-0.344421,-0.600758,-0.721432],[0.523949,0.514638,-0.678694]],[[0.779007,-0.61175,0.137514],[-0.601745,-0.791045,-0.110227],[0.176211,0.00311903,-0.984347]]],"btipPosition":[96.5009,147.337,104.157],"carpPosition":[96.2957,163.628,135.625],"dipPosition":[98.9799,147.381,90.309],"direction":[-0.523949,-0.514638,0.678694],"extended":false,"handId":74,"id":744,"length":41.2256,"mcpPosition":[120.025,175.483,96.1059],"pipPosition":[107.344,155.596,79.4748],"stabilizedTipPosition":[98.3057,147.793,101.259],"timeVisible":6.32194,"tipPosition":[94.7403,148.511,97.869],"tipVelocity":[-102.578,-28.3984,-21.2626],"tool":false,"touchDistance":0.5162,"touchZone":"none","type":4,"width":12.5735}],"r":[[0.409533,-0.684376,0.603251],[0.907786,0.371364,-0.19497],[-0.0905927,0.62747,0.773353]],"s":1.45217,"t":[72.7866,3.47357,-64.5491],"timestamp":17514338917},{"currentFrameRate":115.352,"devices":[],"gestures":[],"hands":[{"armBasis":[[0.991714,0.127016,0.