{"frames":57,"data":[{"currentFrameRate":115.309,"devices":[],"gestures":[],"hands":[{"armBasis":[[0.986214,0.0948946,-0.135562],[0.119981,0.154111,0.980742],[0.113959,-0.983486,0.140601]],"armWidth":69.1276,"confidence":1,"direction":[-0.162919,0.498308,-0.851555],"elbow":[66.9328,-169.21,151.308],"grabAngle":3.14159,"grabStrength":1,"id":120,"palmNormal":[0.0107492,-0.862139,-0.506558],"palmPosition":[15.1396,145.289,51.5574],"palmVelocity":[1.99648,1.40439,1.90164],"palmWidth":93.5899,"pinchDistance":11.8807,"pinchStrength":0.830878,"r":[[0.378365,-0.400165,0.83469],[0.827264,-0.258382,-0.498872],[0.4153,0.879265,0.233279]],"s":1.04212,"sphereCenter":[17.0081,116.42,19.7759],"sphereRadius":34.8583,"stabilizedPalmPosition":[15.1202,144.72,50.2016],"t":[20.8435,-37.8568,-39.9729],"timeVisible":9.56512,"type":"right","wrist":[35.2848,103.919,112.261]}],"id":79232,"interactionBox":{"center":[0,200,0],"size":[235.247,235.247,147.751]},"pointables":[{"bases":[[[0.355592,0.905249,0.232548],[-0.73522,0.117304,0.667601],[0.577066,-0.408368,0.70727]],[[0.205703,0.977076,0.0548562],[-0.956584,0.188929,0.221928],[0.206477,-0.098126,0.973519]],[[0.205703,0.977076,0.0548562],[-0.970592,0.210859,-0.116149],[-0.125053,-0.0293509,0.991716]],[[0.205703,0.977076,0.0548562],[-0.832708,0.204205,-0.514681],[-0.514085,0.0601923,0.855625]]],"btipPosition":[10.0474,112.754,-4.80159],"carpPosition":[3.63983,108.142,101.379],"dipPosition":[-2.51101,114.225,16.1002],"direction":[0.125053,0.0293509,-0.991716],"extended":false,"handId":120,"id":1200,"length":54.399,"mcpPosition":[3.63983,108.142,101.379],"pipPosition":[-6.96151,113.18,51.3943],"stabilizedTipPosition":[6.30319,113.471,-0.913742],"timeVisible":9.56512,"tipPosition":[3.23621,112.677,-0.124839],"tipVelocity":[-8.95342,5.20072,3.39877],"tool":false,"touchDistance":0.321054,"touchZone":"hovering","type":0,"width":22.469},{"bases":[[[0.945221,0.174047,-0.276162],[-0.059027,0.923187,0.379792],[0.321051,-0.342686,0.882889]],[[0.995814,0.0810538,-0.0422543],[-0.0895681,0.773024,-0.628022],[-0.01824,0.629178,0.777047]],[[0.995814,0.0810538,-0.0422543],[0.000513613,-0.467223,-0.884139],[-0.091405,0.880416,-0.465309]],[[0.995814,0.0810538,-0.0422543],[0.0529739,-0.888474,-0.455859],[-0.074491,0.451712,-0.889048]]],"btipPosition":[-10.027,99.1753,27.0121],"carpPosition":[9.815,131.726,101.073],"dipPosition":[-11.3554,107.231,11.1568],"direction":[0.091405,-0.880416,0.465309],"extended":false,"handId":120,"id":1201,"length":61.3832,"mcpPosition":[-14.4795,157.658,34.2635],"pipPosition":[-13.6615,129.443,-0.582449],"stabilizedTipPosition":[-10.3445,97.5324,27.4602],"timeVisible":9.56512,"tipPosition":[-9.78786,97.93,24.3657],"tipVelocity":[-17.4564,12.5013,-6.72099],"tool":false,"touchDistance":0.333333,"touchZone":"none","type":1,"width":21.4623},{"bases":[[[0.976026,-0.0337998,-0.215013],[0.108686,0.931573,0.346927],[0.188575,-0.361979,0.912914]],[[0.985577,-0.0554447,-0.159884],[-0.121696,0.424297,-0.897308],[0.117589,0.903824,0.411431]],[[0.985577,-0.0554447,-0.159884],[-0.148792,-0.733985,-0.662667],[-0.0806114,0.676899,-0.731649]],[[0.985577,-0.0554447,-0.159884],[-0.0480525,-0.997606,0.0497387],[-0.162259,-0.0413385,-0.985882]]],"btipPosition":[7.48661,96.9538,52.5864],"carpPosition":[21.3597,135.731,97.7433],"dipPosition":[4.30388,96.1429,33.2483],"direction":[0.0806114,-0.676899,0.731649],"extended":false,"handId":120,"id":1202,"length":69.9412,"mcpPosition":[7.82729,161.707,32.2313],"pipPosition":[1.91119,116.235,11.5316],"stabilizedTipPosition":[5.90338,96.6671,47.2569],"timeVisible":9.56512,"tipPosition":[5.32179,91.7477,39.311],"tipVelocity":[-15.2715,5.50836,4.42673],"tool":false,"touchDistance":0.333333,"touchZone":"none","type":2,"width":21.0789},{"bases":[[[0.982149,-0.156829,-0.103864],[0.184097,0.914764,0.359604],[0.0386148,-0.372305,0.927307]],[[0.978066,-0.134222,-0.159282],[-0.0841723,0.444793,-0.891669],[0.190529,0.885519,0.423739]],[[0.978066,-0.134222,-0.159282],[-0.206472,-0.725655,-0.656349],[-0.0274877,0.67484,-0.737452]],[[0.978066,-0.134222,-0.159282],[-0.126712,-0.990332,0.0564475],[-0.165319,-0.0350265,-0.985618]]],"btipPosition":[26.2192,100.334,55.6282],"carpPosition":[33.5739,136.474,94.5906],"dipPosition":[22.9951,99.6512,36.4064],"direction":[0.0274877,-0.67484,0.737452],"extended":false,"handId":120,"id":1203,"length":67.2504,"mcpPosition":[31.0859,160.462,34.8444],"pipPosition":[22.2003,119.164,15.0827],"stabilizedTipPosition":[27.0276,97.8091,52.3944],"timeVisible":9.56512,"tipPosition":[25.8388,102.593,51.6159],"tipVelocity":[-13.8673,-1.84315,2.06864],"tool":false,"touchDistance":0.333333,"touchZone":"none","type":3,"width":20.0579},{"bases":[[[0.936008,-0.34784,-0.0538197],[0.3373,0.842725,0.419574],[-0.10059,-0.410878,0.906124]],[[0.941163,-0.291935,-0.170251],[0.0292227,0.572187,-0.819602],[0.336686,0.766404,0.547053]],[[0.941163,-0.291935,-0.170251],[-0.316681,-0.58594,-0.745914],[0.118002,0.755942,-0.643915]],[[0.941163,-0.291935,-0.170251],[-0.316197,-0.938502,-0.138685],[-0.119294,0.184358,-0.975593]]],"btipPosition":[39.4179,107.237,47.5589],"carpPosition":[46.1077,129.768,91.0941],"dipPosition":[37.2716,110.554,30.0063],"direction":[-0.118002,-0.755942,0.643915],"extended":false,"handId":120,"id":1204,"length":52.723,"mcpPosition":[52.107,154.274,37.051],"pipPosition":[39.6807,125.987,16.8604],"stabilizedTipPosition":[39.1426,107.05,42.6609],"timeVisible":9.56512,"tipPosition":[39.3944,109.329,43.4025],"tipVelocity":[-12.1322,-7.50285,-0.383783],"tool":false,"touchDistance":0.333333,"touchZone":"none","type":4,"width":17.817}],"r":[[0.378365,-0.400165,0.83469],[0.827264,-0.258382,-0.498872],[0.4153,0.879265,0.233279]],"s":1.04212,"t":[20.8435,-37.8568,-39.9729],"timestamp":17764492773},{"currentFrameRate":105.88,"devices":[],"gestures":[],"hands":[{"armBasis":[[0.986156,0.0933662,-0.137035],[0.121623,0.154465,0.980484],[0.112711,-0.983577,0.140971]],"armWidth":69.1276,"confidence":1,"direction":[-0.162375,0.499113,-0.851188],"elbow":[66.5278,-169.304,151.435],"grabAngle":3.14159,"grabStrength":1,"id":120,"palmNormal":[0.00727797,-0.862006,-0.506845],"palmPosition":[15.1178,145.297,51.6128],"palmVelocity":[-0.833926,0.279973,2.12077],"palmWidth":93.5899,"pinchDistance":12.0263,"pinchStrength":0.837232,"r":[[0.378007,-0.400921,0.83449],[0.826452,-0.260096,-0.499326],[0.417238,0.878415,0.233024]],"s":1.0428,"sphereCenter":[16.8724,116.421,19.7933],"sphereRadius":34.8731,"stabilizedPalmPosition":[15.1202,144.721,50.203],"t":[20.8386,-37.8479,-39.9349],"timeVisible":9.59124,"type":"right","wrist":[35.2263,103.85,112.285]}],"id":79233,"interactionBox":{"center":[0,200,0],"size":[235.247,235.247,147.751]},"pointables":[{"bases":[[[0.358852,0.904005,0.23238],[-0.733978,0.119496,0.668579],[0.57663,-0.410483,0.706401]],[[0.2094,0.97626,0.0553951],[-0.955772,0.192383,0.222459],[0.20652,-0.0995279,0.973367]],[[0.2094,0.97626,0.0553951],[-0.969848,0.214581,-0.115541],[-0.124685,-0.0295305,0.991757]],[[0.2094,0.97626,0.0553951],[-0.832278,0.207682,-0.513986],[-0.513288,0.0615246,0.856008]]],"btipPosition":[9.93295,112.829,-4.74637],"carpPosition":[3.56018,108.171,101.437],"dipPosition":[-2.60598,114.332,16.1648],"direction":[0.124685,0.0295305,-0.991757],"extended":false,"handId":120,"id":1200,"length":54.399,"mcpPosition":[3.56018,108.171,101.437],"pipPosition":[-7.04338,113.281,51.4603],"stabilizedTipPosition":[6.31434,113.466,-0.899141],"timeVisible":9.59124,"tipPosition":[3.06534,112.743,-0.0637626],"tipVelocity":[-4.20891,3.15597,2.19651],"tool":false,"touchDistance":0.32201,"touchZone":"hovering","type":0,"width":22.469},{"bases":[[[0.945432,0.17104,-0.277316],[-0.0555177,0.923253,0.38016],[0.321055,-0.344019,0.882368]],[[0.996137,0.0771633,-0.0419245],[-0.0864946,0.779565,-0.62032],[-0.015183,0.621549,0.783228]],[[0.996137,0.0771633,-0.0419245],[-0.0013125,-0.464272,-0.885692],[-0.0878073,0.882325,-0.462377]],[[0.996137,0.0771633,-0.0419245],[0.0493008,-0.886464,-0.460164],[-0.0726724,0.456319,-0.886844]]],"btipPosition":[-10.2905,99.4969,26.7189],"carpPosition":[9.81216,131.735,101.131],"dipPosition":[-11.5865,107.635,10.903],"direction":[0.0878073,-0.882325,0.462377],"extended":false,"handId":120,"id":1201,"length":61.3832,"mcpPosition":[-14.4827,157.768,34.3608],"pipPosition":[-13.8018,129.895,-0.762361],"stabilizedTipPosition":[-10.3508,97.6315,27.347],"timeVisible":9.59124,"tipPosition":[-10.0161,98.1228,24.3995],"tipVelocity":[-9.801,13.0339,-10.8768],"tool":false,"touchDistance":0.333333,"touchZone":"none","type":1,"width":21.4623},{"bases":[[[0.975634,-0.0369263,-0.216273],[0.11218,0.931101,0.347083],[0.188555,-0.362888,0.912556]],[[0.985185,-0.0586201,-0.161163],[-0.121453,0.424982,-0.897017],[0.121075,0.903301,0.411567]],[[0.985185,-0.0586201,-0.161163],[-0.151992,-0.733708,-0.662247],[-0.0794258,0.676931,-0.731748]],[[0.985185,-0.0586201,-0.161163],[-0.0512124,-0.997448,0.0497433],[-0.163668,-0.0407528,-0.985673]]],"btipPosition":[7.31101,97.005,52.6484],"carpPosition":[21.3656,135.703,97.7877],"dipPosition":[4.10066,96.2056,33.3144],"direction":[0.0794258,-0.676931,0.731748],"extended":false,"handId":120,"id":1202,"length":69.9412,"mcpPosition":[7.8346,161.745,32.3013],"pipPosition":[1.74315,116.298,11.5947],"stabilizedTipPosition":[5.9167,96.6702,47.2757],"timeVisible":9.59124,"tipPosition":[5.11119,91.7986,39.3748],"tipVelocity":[-6.96496,2.0615,2.40912],"tool":false,"touchDistance":0.333333,"touchZone":"none","type":2,"width":21.0789},{"bases":[[[0.981497,-0.16001,-0.105171],[0.187552,0.914041,0.359658],[0.0385812,-0.372728,0.927138]],[[0.977417,-0.137372,-0.160576],[-0.0838555,0.445353,-0.89142],[0.193969,0.884754,0.423776]],[[0.977417,-0.137372,-0.160576],[-0.209676,-0.725018,-0.656037],[-0.0262994,0.674891,-0.737448]],[[0.977417,-0.137372,-0.160576],[-0.129895,-0.989933,0.0562186],[-0.166683,-0.0340909,-0.985421]]],"btipPosition":[26.0574,100.311,55.6624],"carpPosition":[33.5781,136.407,94.6196],"dipPosition":[22.8067,99.6458,36.4444],"direction":[0.0262994,-0.674891,0.737448],"extended":false,"handId":120,"id":1203,"length":67.2504,"mcpPosition":[31.0923,160.422,34.8843],"pipPosition":[22.0463,119.16,15.1208],"stabilizedTipPosition":[27.0094,97.8339,52.3823],"timeVisible":9.59124,"tipPosition":[25.677,102.564,51.6437],"tipVelocity":[-6.42718,-0.744803,1.34091],"tool":false,"touchDistance":0.333333,"touchZone":"none","type":3,"width":20.0579},{"bases":[[[0.934794,-0.350886,-0.0551282],[0.340594,0.841481,0.41941],[-0.100776,-0.410838,0.906121]],[[0.939983,-0.294948,-0.171572],[0.0300997,0.572533,-0.819329],[0.339891,0.764991,0.547049]],[[0.939983,-0.294948,-0.171572],[-0.319511,-0.584333,-0.745968],[0.119766,0.756017,-0.643502]],[[0.939983,-0.294948,-0.171572],[-0.319496,-0.937329,-0.139052],[-0.119807,0.185524,-0.975309]]],"btipPosition":[39.2617,107.158,47.5564],"carpPosition":[46.0854,129.661,91.1049],"dipPosition":[37.1062,110.496,30.0089],"direction":[-0.119766,-0.756017,0.643502],"extended":false,"handId":120,"id":1204,"length":52.723,"mcpPosition":[52.0959,154.164,37.062],"pipPosition":[39.5513,125.93,16.8715],"stabilizedTipPosition":[39.1378,107.061,42.6719],"timeVisible":9.59124,"tipPosition":[39.2438,109.258,43.4155],"tipVelocity":[-6.06098,-2.85648,-0.0487007],"tool":false,"touchDistance":0.333333,"touchZone":"none","type":4,"width":17.817}],"r":[[0.378007,-0.400921,0.83449],[0.826452,-0.260096,-0.499326],[0.417238,0.878415,0.233024]],"s":1.0428,"t":[20.8386,-37.8479,-39.9349],"timestamp":17764518897},{"currentFrameRate":106.341,"devices":[],"gestures":[],"hands":[{"armBasis":[[0.98612,0.0930386,-0.137521],[0.122175,0.154273,0.980445],[0.112435,-0.983638,0.140765]],"armWidth":69.1276,"confidence":1,"direction":[-0.162717,0.499486,-0.850904],"elbow":[66.4867,-169.368,151.405],"grabAngle":3.14159,"grabStrength":1,"id":120,"palmNormal":[0.00678532,-0.86181,-0.507186],"palmPosition":[15.1319,145.277,51.6648],"palmVelocity":[1.65097,-2.29574,6.08506],"palmWidth":93.5899,"pinchDistance":12.0909,"pinchStrength":0.836597,"r":[[0.37779,-0.401609,0.834257],[0.825733,-0.261468,-0.4998],[0.418856,0.877693,0.232841]],"s":1.04331,"sphereCenter":[16.8275,116.413,19.8391],"sphereRadius":34.8633,"stabilizedPalmPosition":[15.1202,144.721,50.2034],"t":[20.8432,-37.8532,-39.8898],"timeVisible":9.5998,"type":"right","wrist":[35.2618,103.802,112.312]}],"id":79234,"interactionBox":{"center":[0,200,0],"size":[235.247,235.247,147.751]},"pointables":[{"bases":[[[0.359205,0.903824,0.232537],[-0.733581,0.119417,0.669028],[0.576915,-0.410903,0.705924]],[[0.210133,0.976057,0.0561888],[-0.955634,0.192923,0.222587],[0.206417,-0.100469,0.973292]],[[0.210133,0.976057,0.0561888],[-0.969682,0.215404,-0.115402],[-0.124742,-0.0302355,0.991728]],[[0.210133,0.976057,0.0561888],[-0.832162,0.20873,-0.513749],[-0.513176,0.0611976,0.856099]]],"btipPosition":[9.96971,112.874,-4.69984],"carpPosition":[3.59237,108.135,101.481],"dipPosition":[-2.56649,114.369,16.2135],"direction":[0.124742,0.0302355,-0.991728],"extended":false,"handId":120,"id":1200,"length":54.399,"mcpPosition":[3.59237,108.135,101.481],"pipPosition":[-7.00592,113.293,51.5081],"stabilizedTipPosition":[6.31779,113.465,-0.894635],"timeVisible":9.5998,"tipPosition":[3.06239,112.749,-0.0171898],"tipVelocity":[4.3697,5.06358,5.49729],"tool":false,"touchDistance":0.322794,"touchZone":"hovering","type":0,"width":22.469},{"bases":[[[0.945322,0.170913,-0.277768],[-0.0550792,0.923118,0.380551],[0.321453,-0.344444,0.882058]],[[0.996138,0.0769031,-0.0423705],[-0.0865807,0.780096,-0.61964],[-0.0145992,0.620915,0.783742]],[[0.996138,0.0769031,-0.0423705],[-0.00191477,-0.463422,-0.886135],[-0.087782,0.882794,-0.461485]],[[0.996138,0.0769031,-0.0423705],[0.0487653,-0.885863,-0.461376],[-0.0730157,0.457528,-0.886192]]],"btipPosition":[-10.3034,99.4864,26.7349],"carpPosition":[9.85005,131.698,101.181],"dipPosition":[-11.6055,107.646,10.9306],"direction":[0.087782,-0.882794,0.461485],"extended":false,"handId":120,"id":1201,"length":61.3832,"mcpPosition":[-14.4749,157.762,34.4339],"pipPosition":[-13.8202,129.918,-0.71224],"stabilizedTipPosition":[-10.3526,97.658,27.3169],"timeVisible":9.5998,"tipPosition":[-10.0298,98.1267,24.4442],"tipVelocity":[-1.67449,-0.647529,2.18263],"tool":false,"touchDistance":0.333333,"touchZone":"none","type":1,"width":21.4623},{"bases":[[[0.975506,-0.0370846,-0.216822],[0.112602,0.930937,0.347386],[0.188965,-0.363292,0.912311]],[[0.985082,-0.0588023,-0.161726],[-0.121839,0.425363,-0.896784],[0.121525,0.90311,0.411853]],[[0.985082,-0.0588023,-0.161726],[-0.15249,-0.733811,-0.662018],[-0.0797483,0.676804,-0.731831]],[[0.985082,-0.0588023,-0.161726],[-0.0514643,-0.997462,0.0491974],[-0.164209,-0.0401404,-0.985609]]],"btipPosition":[7.31616,96.9961,52.6977],"carpPosition":[21.4027,135.664,97.8326],"dipPosition":[4.09519,96.2087,33.3649],"direction":[0.0797483,-0.676804,0.731831],"extended":false,"handId":120,"id":1202,"length":69.9412,"mcpPosition":[7.84224,161.734,32.3637],"pipPosition":[1.72811,116.298,11.6428],"stabilizedTipPosition":[5.91973,96.6709,47.2802],"timeVisible":9.5998,"tipPosition":[5.1068,91.7915,39.4206],"tipVelocity":[0.315946,-0.717659,5.79133],"tool":false,"touchDistance":0.333333,"touchZone":"none","type":2,"width":21.0789},{"bases":[[[0.981399,-0.160214,-0.105771],[0.187977,0.913853,0.359912],[0.0389966,-0.3731,0.926971]],[[0.977295,-0.137553,-0.161166],[-0.0842332,0.445722,-0.891199],[0.194422,0.88454,0.424016]],[[0.977295,-0.137553,-0.161166],[-0.210212,-0.724822,-0.656082],[-0.0265706,0.675065,-0.73728]],[[0.977295,-0.137553,-0.161166],[-0.130134,-0.989927,0.0557691],[-0.167214,-0.0335297,-0.98535]]],"btipPosition":[26.0632,100.288,55.6942],"carpPosition":[33.6136,136.366,94.6581],"dipPosition":[22.8022,99.6337,36.4775],"direction":[0.0265706,-0.675065,0.73728],"extended":false,"handId":120,"id":1203,"length":67.2504,"mcpPosition":[31.1011,160.405,34.9335],"pipPosition":[22.0339,119.153,15.1589],"stabilizedTipPosition":[27.0047,97.8403,52.3792],"timeVisible":9.5998,"tipPosition":[25.6804,102.541,51.6732],"tipVelocity":[0.399896,-2.40195,3.75418],"tool":false,"touchDistance":0.333333,"touchZone":"none","type":3,"width":20.0579},{"bases":[[[0.934676,-0.351097,-0.0557779],[0.341034,0.841233,0.419552],[-0.100381,-0.411167,0.906016]],[[0.939815,-0.295098,-0.172236],[0.0298631,0.57309,-0.818948],[0.340377,0.764516,0.547411]],[[0.939815,-0.295098,-0.172236],[-0.320007,-0.583499,-0.746407],[0.119764,0.756601,-0.642815]],[[0.939815,-0.295098,-0.172236],[-0.319861,-0.937098,-0.139771],[-0.120156,0.186451,-0.975089]]],"btipPosition":[39.2584,107.124,47.5603],"carpPosition":[46.1173,129.618,91.1338],"dipPosition":[37.0966,110.478,30.0168],"direction":[-0.119764,-0.756602,0.642815],"extended":false,"handId":120,"id":1204,"length":52.723,"mcpPosition":[52.1043,154.141,37.0972],"pipPosition":[39.5417,125.925,16.8934],"stabilizedTipPosition":[39.1361,107.065,42.6757],"timeVisible":9.5998,"tipPosition":[39.2437,109.234,43.4404],"tipVelocity":[-0.552814,-3.55414,0.563276],"tool":false,"touchDistance":0.333333,"touchZone":"none","type":4,"width":17.817}],"r":[[0.37779,-0.401609,0.834257],[0.825733,-0.261468,-0.4998],[0.418856,0.877693,0.232841]],"s":1.04331,"t":[20.8432,-37.8532,-39.8898],"timestamp":17764527452},{"currentFrameRate":106.753,"devices":[],"gestures":[],"hands":[{"armBasis":[[0.98606,0.0929454,-0.138012],[0.122721,0.153878,0.980439],[0.112364,-0.983709,0.140327]],"armWidth":69.1276,"confidence":1,"direction":[-0.16295,0.500373,-0.850338],"elbow":[66.468,-169.397,151.303],"grabAngle":3.14159,"grabStrength":1,"id":120,"palmNormal":[0.00610089,-0.861329,-0.50801],"palmPosition":[15.1156,145.331,51.7306],"palmVelocity":[-1.89196,6.29412,7.63552],"palmWidth":93.5899,"pinchDistance":12.1348,"pinchStrength":0.836038,"r":[[0.37767,-0.402353,0.833953],[0.825075,-0.262547,-0.50032],[0.420257,0.877029,0.232816]],"s":1.04367,"sphereCenter":[16.7539,116.496,19.8813],"sphereRadius":34.8554,"stabilizedPalmPosition":[15.1202,144.721,50.2039],"t":[20.8374,-37.8288,-39.8344],"timeVisible":9.60841,"type":"right","wrist":[35.2627,103.794,112.332]}],"id":79235,"interactionBox":{"center":[0,200,0],"size":[235.247,235.247,147.751]},"pointables":[{"bases":[[[0.359758,0.903433,0.2332],[-0.733157,0.119125,0.669545],[0.577109,-0.411846,0.705215]],[[0.210933,0.975816,0.0573577],[-0.955448,0.193426,0.222948],[0.206462,-0.10183,0.973141]],[[0.210933,0.975816,0.0573577],[-0.969523,0.216333,-0.115004],[-0.124632,-0.0313514,0.991708]],[[0.210933,0.975816,0.0573577],[-0.832114,0.210042,-0.513292],[-0.512926,0.0605421,0.856295]]],"btipPosition":[9.95099,113.012,-4.65947],"carpPosition":[3.58597,108.147,101.517],"dipPosition":[-2.5791,114.491,16.2587],"direction":[0.124632,0.0313514,-0.991708],"extended":false,"handId":120,"id":1200,"length":54.399,"mcpPosition":[3.58597,108.147,101.517],"pipPosition":[-7.0146,113.375,51.5525],"stabilizedTipPosition":[6.32136,113.464,-0.889658],"timeVisible":9.60841,"tipPosition":[3.01596,112.86,0.024674],"tipVelocity":[-2.01043,15.5696,4.8163],"tool":false,"touchDistance":0.323485,"touchZone":"hovering","type":0,"width":22.469},{"bases":[[[0.94525,0.170733,-0.278125],[-0.0544355,0.922781,0.381461],[0.321776,-0.345436,0.881552]],[[0.996153,0.0764634,-0.0428167],[-0.0865296,0.780835,-0.618716],[-0.0138764,0.62004,0.784447]],[[0.996153,0.0764634,-0.0428167],[-0.0026278,-0.462297,-0.886721],[-0.0875958,0.883422,-0.460317]],[[0.996153,0.0764634,-0.0428167],[0.0480446,-0.885115,-0.462885],[-0.0732915,0.459047,-0.885383]]],"btipPosition":[-10.3555,99.5673,26.7533],"carpPosition":[9.85458,131.707,101.236],"dipPosition":[-11.6625,107.754,10.9634],"direction":[0.0875958,-0.883422,0.460317],"extended":false,"handId":120,"id":1201,"length":61.3832,"mcpPosition":[-14.4948,157.847,34.5279],"pipPosition":[-13.8725,130.042,-0.649926],"stabilizedTipPosition":[-10.355,97.6872,27.2845],"timeVisible":9.60841,"tipPosition":[-10.0839,98.2225,24.4773],"tipVelocity":[-6.17771,10.1089,2.52418],"tool":false,"touchDistance":0.333333,"touchZone":"none","type":1,"width":21.4623},{"bases":[[[0.97537,-0.0373367,-0.217394],[0.113232,0.930553,0.34821],[0.189296,-0.36425,0.91186]],[[0.984965,-0.0591114,-0.162324],[-0.122131,0.426275,-0.896311],[0.122177,0.90266,0.412647]],[[0.984965,-0.0591114,-0.162324],[-0.153161,-0.733437,-0.662278],[-0.0799063,0.677182,-0.731464]],[[0.984965,-0.0591114,-0.162324],[-0.0519251,-0.997489,0.0481662],[-0.164764,-0.0390133,-0.985561]]],"btipPosition":[7.2798,97.0614,52.7314],"carpPosition":[21.4072,135.671,97.8857],"dipPosition":[4.04795,96.2962,33.3995],"direction":[0.0799063,-0.677182,0.731464],"extended":false,"handId":120,"id":1202,"length":69.9412,"mcpPosition":[7.82308,161.81,32.4492],"pipPosition":[1.67618,116.396,11.6883],"stabilizedTipPosition":[5.92267,96.6719,47.285],"timeVisible":9.60841,"tipPosition":[5.05991,91.8666,39.4488],"tipVelocity":[-4.51203,8.17651,3.9403],"tool":false,"touchDistance":0.333333,"touchZone":"none","type":2,"width":21.0789},{"bases":[[[0.981265,-0.160574,-0.106464],[0.188605,0.913421,0.360679],[0.0393304,-0.374002,0.926594]],[[0.977141,-0.137859,-0.161834],[-0.0845131,0.446611,-0.890728],[0.195071,0.884044,0.424751]],[[0.977141,-0.137859,-0.161834],[-0.210912,-0.724156,-0.656593],[-0.0266762,0.675717,-0.736678]],[[0.977141,-0.137859,-0.161834],[-0.130599,-0.989924,0.0547209],[-0.167747,-0.0323346,-0.9853]]],"btipPosition":[26.0281,100.331,55.7129],"carpPosition":[33.6167,136.371,94.7051],"dipPosition":[22.7566,99.7006,36.4972],"direction":[0.0266762,-0.675717,0.736678],"extended":false,"handId":120,"id":1203,"length":67.2504,"mcpPosition":[31.0827,160.468,35.0049],"pipPosition":[21.9852,119.239,15.196],"stabilizedTipPosition":[26.9996,97.8472,52.376],"timeVisible":9.60841,"tipPosition":[25.6439,102.59,51.6924],"tipVelocity":[-4.36431,5.68462,2.19919],"tool":false,"touchDistance":0.333333,"touchZone":"none","type":3,"width":20.0579},{"bases":[[[0.93448,-0.351483,-0.0566264],[0.34166,0.840672,0.420166],[-0.100077,-0.411983,0.905679]],[[0.93958,-0.295362,-0.173061],[0.0297415,0.57406,-0.818273],[0.341034,0.763686,0.54816]],[[0.93958,-0.295362,-0.173061],[-0.320617,-0.582085,-0.74725],[0.119973,0.757587,-0.641614]],[[0.93958,-0.295362,-0.173061],[-0.320429,-0.936724,-0.140969],[-0.120474,0.187905,-0.974771]]],"btipPosition":[39.2155,107.159,47.5563],"carpPosition":[46.1153,129.62,91.1676],"dipPosition":[37.048,110.539,30.0185],"direction":[-0.119973,-0.757587,0.641614],"extended":false,"handId":120,"id":1204,"length":52.723,"mcpPosition":[52.0841,154.192,37.1511],"pipPosition":[39.4973,126.006,16.9197],"stabilizedTipPosition":[39.1342,107.069,42.6796],"timeVisible":9.60841,"tipPosition":[39.2052,109.282,43.4587],"tipVelocity":[-5.13829,4.76758,-0.313992],"tool":false,"touchDistance":0.333333,"touchZone":"none","type":4,"width":17.817}],"r":[[0.37767,-0.402353,0.833953],[0.825075,-0.262547,-0.50032],[0.420257,0.877029,0.232816]],"s":1.04367,"t":[20.8374,-37.8288,-39.8344],"timestamp":17764536064},{"currentFrameRate":107.038,"devices":[],"gestures":[],"hands":[{"armBasis":[[0.986045,0.0930351,-0.138056],[0.122821,0.153274,0.980521],[0.112383,-0.983794,0.139709]],"armWidth":69.1276,"confidence":1,"direction":[-0.163671,0.501537,-0.849513],"elbow":[66.4752,-169.447,151.141],"grabAngle":3.14159,"grabStrength":1,"id":120,"palmNormal":[0.00669229,-0.860541,-0.509337],"palmPosition":[15.0727,145.377,51.802],"palmVelocity":[-4.86463,5.16608,8.0922],"palmWidth":93.5899,"pinchDistance":12.1551,"pinchStrength":0.83479,"r":[[0.377698,-0.403139,0.83356],[0.824562,-0.26311,-0.50087],[0.421239,0.8765,0.233037]],"s":1.04385,"sphereCenter":[16.6994,116.592,19.9138],"sphereRadius":34.8463,"stabilizedPalmPosition":[15.1201,144.721,50.2044],"t":[20.813,-37.7938,-39.771],"timeVisible":9.61723,"type":"right","wrist":[35.2647,103.768,112.342]}],"id":79236,"interactionBox":{"center":[0,200,0],"size":[235.247,235.247,147.751]},"pointables":[{"bases":[[[0.359039,0.90339,0.234472],[-0.733041,0.117448,0.669968],[0.577704,-0.412422,0.704391]],[[0.21043,0.975816,0.0591764],[-0.95554,0.192513,0.223343],[0.20655,-0.103544,0.972942]],[[0.21043,0.975816,0.0591764],[-0.969655,0.216041,-0.114437],[-0.124454,-0.0332997,0.991666]],[[0.21043,0.975816,0.0591764],[-0.832367,0.210585,-0.512659],[-0.512722,0.0586222,0.856551]]],"btipPosition":[9.94147,113.175,-4.63613],"carpPosition":[3.59224,108.106,101.535],"dipPosition":[-2.58364,114.607,16.2882],"direction":[0.124454,0.0332997,-0.991666],"extended":false,"handId":120,"id":1200,"length":54.399,"mcpPosition":[3.59224,108.106,101.535],"pipPosition":[-7.01284,113.422,51.5806],"stabilizedTipPosition":[6.32526,113.465,-0.884039],"timeVisible":9.61723,"tipPosition":[2.99589,112.976,0.0504641],"tipVelocity":[-0.949067,17.2667,2.80926],"tool":false,"touchDistance":0.323898,"touchZone":"hovering","type":0,"width":22.469},{"bases":[[[0.945007,0.171994,-0.278172],[-0.0551228,0.922144,0.382898],[0.322371,-0.346508,0.880914]],[[0.996062,0.0774534,-0.0431381],[-0.0875175,0.781283,-0.61801],[-0.0141639,0.619352,0.784986]],[[0.996062,0.0774534,-0.0431381],[-0.00254836,-0.461363,-0.887208],[-0.0886196,0.883824,-0.459349]],[[0.996062,0.0774534,-0.0431381],[0.0486988,-0.884595,-0.46381],[-0.0740834,0.459883,-0.884884]]],"btipPosition":[-10.3622,99.619,26.7962],"carpPosition":[9.83999,131.672,101.289],"dipPosition":[-11.6834,107.821,11.0152],"direction":[0.0886196,-0.883824,0.459349],"extended":false,"handId":120,"id":1201,"length":61.3832,"mcpPosition":[-14.5544,157.893,34.6283],"pipPosition":[-13.9192,130.119,-0.573682],"stabilizedTipPosition":[-10.3572,97.7147,27.2549],"timeVisible":9.61723,"tipPosition":[-10.0956,98.2953,24.4814],"tipVelocity":[-1.1332,6.25412,5.0959],"tool":false,"touchDistance":0.333333,"touchZone":"none","type":1,"width":21.4623},{"bases":[[[0.97533,-0.0361423,-0.217771],[0.112526,0.930115,0.349605],[0.189917,-0.365485,0.911236]],[[0.984963,-0.0579932,-0.162738],[-0.122802,0.427546,-0.895614],[0.121518,0.902132,0.413995]],[[0.984963,-0.0579932,-0.162738],[-0.152708,-0.732759,-0.663132],[-0.0807908,0.678012,-0.730597]],[[0.984963,-0.0579932,-0.162738],[-0.0510894,-0.99762,0.0462955],[-0.165036,-0.0372852,-0.985583]]],"btipPosition":[7.28078,97.0983,52.7374],"carpPosition":[21.388,135.651,97.9401],"dipPosition":[4.04359,96.3669,33.4051],"direction":[0.0807908,-0.678012,0.730597],"extended":false,"handId":120,"id":1202,"length":69.9412,"mcpPosition":[7.7593,161.879,32.5483],"pipPosition":[1.64557,116.492,11.7196],"stabilizedTipPosition":[5.92587,96.6732,47.2902],"timeVisible":9.61723,"tipPosition":[5.0607,91.9244,39.445],"tipVelocity":[-0.0283069,5.06202,0.670459],"tool":false,"touchDistance":0.333333,"touchZone":"none","type":2,"width":21.0789},{"bases":[[[0.981371,-0.159545,-0.107033],[0.187919,0.913031,0.362023],[0.0399653,-0.375392,0.926004]],[[0.977209,-0.136748,-0.162367],[-0.0852002,0.447906,-0.890012],[0.194433,0.883561,0.426047]],[[0.977209,-0.136748,-0.162367],[-0.210491,-0.723314,-0.657655],[-0.0275095,0.676843,-0.735613]],[[0.977209,-0.136748,-0.162367],[-0.129741,-0.990128,0.0530494],[-0.168019,-0.0307746,-0.985303]]],"btipPosition":[26.0255,100.376,55.7112],"carpPosition":[33.5959,136.367,94.7566],"dipPosition":[22.7487,99.7759,36.4955],"direction":[0.0275095,-0.676843,0.735613],"extended":false,"handId":120,"id":1203,"length":67.2504,"mcpPosition":[31.0209,160.553,35.0943],"pipPosition":[21.9533,119.347,15.225],"stabilizedTipPosition":[26.9939,97.8551,52.3724],"timeVisible":9.61723,"tipPosition":[25.6386,102.644,51.6944],"tipVelocity":[-0.431139,5.88489,-0.194982],"tool":false,"touchDistance":0.333333,"touchZone":"none","type":3,"width":20.0579},{"bases":[[[0.934771,-0.350572,-0.057474],[0.341058,0.840325,0.421347],[-0.0994154,-0.413465,0.905077]],[[0.939782,-0.294239,-0.173879],[0.0290836,0.575754,-0.817105],[0.340536,0.762843,0.549641]],[[0.939782,-0.294239,-0.173879],[-0.320256,-0.580457,-0.748669],[0.119359,0.759271,-0.639735]],[[0.939782,-0.294239,-0.173879],[-0.319736,-0.936634,-0.143132],[-0.120746,0.190108,-0.97431]]],"btipPosition":[39.1958,107.216,47.5279],"carpPosition":[46.0992,129.633,91.2046],"dipPosition":[37.0234,110.637,29.9984],"direction":[-0.119359,-0.759271,0.639735],"extended":false,"handId":120,"id":1204,"length":52.723,"mcpPosition":[52.0286,154.293,37.224],"pipPosition":[39.4601,126.138,16.9379],"stabilizedTipPosition":[39.1322,107.073,42.6834],"timeVisible":9.61723,"tipPosition":[39.1901,109.359,43.4667],"tipVelocity":[-2.36077,7.57108,-3.00401],"tool":false,"touchDistance":0.333333,"touchZone":"none","type":4,"width":17.817}],"r":[[0.377698,-0.403139,0.83356],[0.824562,-0.26311,-0.50087],[0.421239,0.8765,0.233037]],"s":1.04385,"t":[20.813,-37.7938,-39.771],"timestamp":17764544885},{"currentFrameRate":107.39,"devices":[],"gestures":[],"hands":[{"armBasis":[[0.986096,0.0933643,-0.137471],[0.122279,0.152517,0.980707],[0.11253,-0.983881,0.13898]],"armWidth":69.1276,"confidence":1,"direction":[-0.164619,0.502876,-0.848538],"elbow":[66.5247,-169.5,150.941],"grabAngle":3.14159,"grabStrength":1,"id":120,"palmNormal":[0.00855403,-0.859514,-0.511041],"palmPosition":[15.0258,145.422,51.8716],"palmVelocity":[-5.41608,5.17054,8.02733],"palmWidth":93.5899,"pinchDistance":12.1406,"pinchStrength":0.832714,"r":[[0.377868,-0.40394,0.833096],[0.824273,-0.263016,-0.501395],[0.421651,0.876159,0.233571]],"s":1.04385,"sphereCenter":[16.6969,116.702,19.9342],"sphereRadius":34.8375,"stabilizedPalmPosition":[15.1201,144.721,50.2049],"t":[20.7773,-37.7539,-39.7045],"timeVisible":9.6259,"type":"right","wrist":[35.2735,103.738,112.344]}],"id":79237,"interactionBox":{"center":[0,200,0],"size":[235.247,235.247,147.751]},"pointables":[{"bases":[[[0.357119,0.903673,0.236306],[-0.733365,0.114585,0.670109],[0.578482,-0.412607,0.703643]],[[0.208681,0.976049,0.0614797],[-0.955905,0.190284,0.223689],[0.206633,-0.105448,0.97272]],[[0.208681,0.976049,0.0614797],[-0.970048,0.21457,-0.113873],[-0.124337,-0.0358751,0.991591]],[[0.208681,0.976049,0.0614797],[-0.832897,0.210319,-0.511907],[-0.512577,0.055619,0.856838]]],"btipPosition":[9.95467,113.361,-4.63482],"carpPosition":[3.61741,108.028,101.529],"dipPosition":[-2.56689,114.719,16.2966],"direction":[0.124337,0.0358751,-0.991591],"extended":false,"handId":120,"id":1200,"length":54.399,"mcpPosition":[3.61741,108.028,101.529],"pipPosition":[-6.99193,113.442,51.5862],"stabilizedTipPosition":[6.32947,113.466,-0.878057],"timeVisible":9.6259,"tipPosition":[3.03363,113.099,0.0548025],"tipVelocity":[1.61688,19.4162,0.336816],"tool":false,"touchDistance":0.323947,"touchZone":"hovering","type":0,"width":22.469},{"bases":[[[0.944678,0.174522,-0.277714],[-0.0570983,0.921266,0.384718],[0.322991,-0.347578,0.880265]],[[0.995876,0.0797694,-0.0432161],[-0.0893799,0.780975,-0.618133],[-0.0155574,0.619447,0.784885]],[[0.995876,0.0797694,-0.0432161],[-0.00162807,-0.460559,-0.887628],[-0.0907091,0.884038,-0.458529]],[[0.995876,0.0797694,-0.0432161],[0.0507138,-0.884446,-0.463879],[-0.0752257,0.459775,-0.884844]]],"btipPosition":[-10.2977,99.6281,26.8701],"carpPosition":[9.81585,131.608,101.33],"dipPosition":[-11.6393,107.828,11.0899],"direction":[0.0907091,-0.884038,0.458529],"extended":false,"handId":120,"id":1201,"length":61.3832,"mcpPosition":[-14.6254,157.91,34.7191],"pipPosition":[-13.9278,130.131,-0.478364],"stabilizedTipPosition":[-10.3587,97.7372,27.2312],"timeVisible":9.6259,"tipPosition":[-10.0446,98.3634,24.4464],"tipVelocity":[6.90213,0.999681,8.5457],"tool":false,"touchDistance":0.333333,"touchZone":"none","type":1,"width":21.4623},{"bases":[[[0.97543,-0.0336693,-0.217723],[0.110538,0.929654,0.351461],[0.190573,-0.366892,0.910534]],[[0.985102,-0.055609,-0.162732],[-0.123591,0.429062,-0.89478],[0.11958,0.901562,0.415797]],[[0.985102,-0.055609,-0.162732],[-0.151081,-0.731879,-0.664475],[-0.0821492,0.679161,-0.729377]],[[0.985102,-0.055609,-0.162732],[-0.0490812,-0.997831,0.0438662],[-0.164818,-0.0352256,-0.985695]]],"btipPosition":[7.33512,97.1201,52.7142],"carpPosition":[21.3559,135.618,97.9911],"dipPosition":[4.10221,96.4291,33.3797],"direction":[0.0821492,-0.679161,0.729377],"extended":false,"handId":120,"id":1202,"length":69.9412,"mcpPosition":[7.68011,161.947,32.6498],"pipPosition":[1.66387,116.588,11.7304],"stabilizedTipPosition":[5.92936,96.6748,47.2953],"timeVisible":9.6259,"tipPosition":[5.12759,91.9746,39.4103],"tipVelocity":[6.38139,3.58301,-2.73686],"tool":false,"touchDistance":0.333333,"touchZone":"none","type":2,"width":21.0789},{"bases":[[[0.981716,-0.157278,-0.107228],[0.185964,0.912703,0.363855],[0.040641,-0.377142,0.925263]],[[0.977512,-0.13438,-0.162518],[-0.0860318,0.44949,-0.889133],[0.192532,0.88312,0.427821]],[[0.977512,-0.13438,-0.162518],[-0.2089,-0.722401,-0.659164],[-0.0288242,0.678291,-0.734228]],[[0.977512,-0.13438,-0.162518],[-0.127713,-0.990507,0.0508451],[-0.167807,-0.028946,-0.985395]]],"btipPosition":[26.0712,100.43,55.6918],"carpPosition":[33.5626,136.365,94.8105],"dipPosition":[22.7986,99.8659,36.4743],"direction":[0.0288242,-0.678291,0.734228],"extended":false,"handId":120,"id":1203,"length":67.2504,"mcpPosition":[30.9442,160.664,35.196],"pipPosition":[21.9651,119.479,15.2439],"stabilizedTipPosition":[26.9881,97.8636,52.3686],"timeVisible":9.6259,"tipPosition":[25.6809,102.711,51.6805],"tipVelocity":[5.38654,7.20876,-2.27794],"tool":false,"touchDistance":0.333333,"touchZone":"none","type":3,"width":20.0579},{"bases":[[[0.935509,-0.3485,-0.0580537],[0.339248,0.840201,0.423053],[-0.0986572,-0.415465,0.904243]],[[0.940414,-0.291891,-0.174415],[0.0281233,0.57795,-0.815587],[0.338866,0.762085,0.551722]],[[0.940414,-0.291891,-0.174415],[-0.318847,-0.578764,-0.750579],[0.118142,0.761467,-0.637347]],[[0.940414,-0.291891,-0.174415],[-0.317861,-0.936823,-0.146036],[-0.12077,0.192775,-0.973783]]],"btipPosition":[39.2187,107.303,47.4847],"carpPosition":[46.0805,129.664,91.2467],"dipPosition":[37.0459,110.771,29.9647],"direction":[-0.118142,-0.761467,0.637347],"extended":false,"handId":120,"id":1204,"length":52.723,"mcpPosition":[51.9646,154.444,37.3158],"pipPosition":[39.4578,126.317,16.9529],"stabilizedTipPosition":[39.1303,107.078,42.6869],"timeVisible":9.6259,"tipPosition":[39.2181,109.467,43.4679],"tipVelocity":[2.63471,11.2182,-4.73096],"tool":false,"touchDistance":0.333333,"touchZone":"none","type":4,"width":17.817}],"r":[[0.377868,-0.40394,0.833096],[0.824273,-0.263016,-0.501395],[0.421651,0.876159,0.233571]],"s":1.04385,"t":[20.7773,-37.7539,-39.7045],"timestamp":17764553555},{"currentFrameRate":107.77,"devices":[],"gestures":[],"hands":[{"armBasis":[[0.986236,0.0939832,-0.136034],[0.120868,0.1516,0.981024],[0.112822,-0.983964,0.138154]],"armWidth":69.1276,"confidence":1,"direction":[-0.166459,0.503503,-0.847807],"elbow":[66.6375,-169.529,150.701],"grabAngle":3.14159,"grabStrength":1,"id":120,"palmNormal":[0.0130231,-0.858605,-0.512473],"palmPosition":[14.9516,145.423,51.9087],"palmVelocity":[-8.63356,0.226222,4.326],"palmWidth":93.5899,"pinchDistance":12.0751,"pinchStrength":0.82912,"r":[[0.378279,-0.404496,0.832639],[0.824362,-0.261982,-0.501789],[0.421108,0.876213,0.234349]],"s":1.04357,"sphereCenter":[16.7682,116.765,19.9352],"sphereRadius":34.8277,"stabilizedPalmPosition":[15.12,144.722,50.2057],"t":[20.7224,-37.733,-39.6526],"timeVisible":9.63449,"type":"right","wrist":[35.305,103.732,112.334]}],"id":79238,"interactionBox":{"center":[0,200,0],"size":[235.247,235.247,147.751]},"pointables":[{"bases":[[[0.352619,0.904979,0.238062],[-0.734358,0.109941,0.6698],[0.579982,-0.411007,0.703346]],[[0.204193,0.976867,0.0635302],[-0.956825,0.185448,0.223819],[0.20686,-0.106489,0.972558]],[[0.204193,0.976867,0.0635302],[-0.971006,0.210354,-0.113568],[-0.124305,-0.0384984,0.991497]],[[0.204193,0.976867,0.0635302],[-0.833855,0.207563,-0.511472],[-0.512826,0.051464,0.856948]]],"btipPosition":[10.0199,113.473,-4.65915],"carpPosition":[3.68938,107.893,101.496],"dipPosition":[-2.50774,114.73,16.2749],"direction":[0.124305,0.0384984,-0.991497],"extended":false,"handId":120,"id":1200,"length":54.399,"mcpPosition":[3.68938,107.893,101.496],"pipPosition":[-6.93161,113.36,51.5613],"stabilizedTipPosition":[6.33415,113.468,-0.872078],"timeVisible":9.63449,"tipPosition":[3.16621,113.134,0.0302932],"tipVelocity":[7.43138,10.4055,-2.76062],"tool":false,"touchDistance":0.323552,"touchZone":"hovering","type":0,"width":22.469},{"bases":[[[0.944017,0.179518,-0.276778],[-0.0617781,0.920335,0.386221],[0.324062,-0.3475,0.879902]],[[0.995454,0.0849211,-0.0431325],[-0.0933153,0.778791,-0.620304],[-0.0190857,0.621509,0.783174]],[[0.995454,0.0849211,-0.0431325],[0.000892854,-0.461149,-0.887322],[-0.0952429,0.88325,-0.459128]],[[0.995454,0.0849211,-0.0431325],[0.0555209,-0.885311,-0.461672],[-0.0773914,0.457179,-0.886001]]],"btipPosition":[-10.1086,99.4901,27.0204],"carpPosition":[9.77472,131.502,101.341],"dipPosition":[-11.4888,107.643,11.2196],"direction":[0.0952429,-0.88325,0.459128],"extended":false,"handId":120,"id":1201,"length":61.3832,"mcpPosition":[-14.7476,157.798,34.757],"pipPosition":[-13.8917,129.927,-0.363797],"stabilizedTipPosition":[-10.3591,97.7586,27.2084],"timeVisible":9.63449,"tipPosition":[-9.88193,98.335,24.3736],"tipVelocity":[20.9729,-17.308,16.9464],"tool":false,"touchDistance":0.333333,"touchZone":"none","type":1,"width":21.4623},{"bases":[[[0.975727,-0.0286236,-0.217114],[0.105838,0.929583,0.353092],[0.191718,-0.3675,0.910048]],[[0.985467,-0.0506089,-0.162153],[-0.125045,0.429964,-0.894145],[0.114972,0.901426,0.417387]],[[0.985467,-0.0506089,-0.162153],[-0.147148,-0.731252,-0.666046],[-0.0848668,0.680227,-0.728072]],[[0.985467,-0.0506089,-0.162153],[-0.0444118,-0.998146,0.0416195],[-0.163959,-0.0338132,-0.985888]]],"btipPosition":[7.49034,97.0663,52.6591],"carpPosition":[21.2977,135.573,98.0161],"dipPosition":[4.27428,96.403,33.3208],"direction":[0.0848668,-0.680227,0.728072],"extended":false,"handId":120,"id":1202,"length":69.9412,"mcpPosition":[7.53967,161.946,32.7096],"pipPosition":[1.75528,116.593,11.7103],"stabilizedTipPosition":[5.9338,96.676,47.3003],"timeVisible":9.63449,"tipPosition":[5.32005,91.9562,39.3613],"tipVelocity":[18.5212,-5.5219,-6.5165],"tool":false,"touchDistance":0.333333,"touchZone":"none","type":2,"width":21.0789},{"bases":[[[0.982531,-0.152386,-0.106822],[0.181337,0.912973,0.365508],[0.0418271,-0.378494,0.924658]],[[0.978255,-0.129416,-0.162076],[-0.0875889,0.450563,-0.888438],[0.188003,0.883315,0.42943]],[[0.978255,-0.129416,-0.162076],[-0.204998,-0.722052,-0.66077],[-0.0315129,0.679627,-0.732881]],[[0.978255,-0.129416,-0.162076],[-0.123002,-0.991194,0.0490432],[-0.166996,-0.028041,-0.985559]]],"btipPosition":[26.2081,100.471,55.6546],"carpPosition":[33.5028,136.384,94.8451],"dipPosition":[22.9513,99.9242,36.4339],"direction":[0.0315129,-0.679627,0.732881],"extended":false,"handId":120,"id":1203,"length":67.2504,"mcpPosition":[30.8079,160.771,35.2695],"pipPosition":[22.0401,119.576,15.2424],"stabilizedTipPosition":[26.9825,97.8726,52.3644],"timeVisible":9.63449,"tipPosition":[25.8115,102.763,51.6532],"tipVelocity":[16.3547,5.2128,-4.41953],"tool":false,"touchDistance":0.333333,"touchZone":"none","type":3,"width":20.0579},{"bases":[[[0.93721,-0.34391,-0.0579992],[0.334927,0.841108,0.42469],[-0.0972714,-0.417449,0.903479]],[[0.941919,-0.287043,-0.17434],[0.0260601,0.580022,-0.814184],[0.334826,0.762353,0.553814]],[[0.941919,-0.287043,-0.17434],[-0.315455,-0.5781,-0.752521],[0.11522,0.763811,-0.635073]],[[0.941919,-0.287043,-0.17434],[-0.313349,-0.937922,-0.148712],[-0.12083,0.194704,-0.973391]]],"btipPosition":[39.3205,107.414,47.4315],"carpPosition":[46.0551,129.75,91.2786],"dipPosition":[37.1465,110.917,29.9185],"direction":[-0.11522,-0.763811,0.635073],"extended":false,"handId":120,"id":1204,"length":52.723,"mcpPosition":[51.8565,154.647,37.3933],"pipPosition":[39.4988,126.51,16.9532],"stabilizedTipPosition":[39.1288,107.083,42.6902],"timeVisible":9.63449,"tipPosition":[39.3203,109.595,43.4612],"tipVelocity":[11.8145,13.8539,-6.00716],"tool":false,