{"frames":46,"data":[{"currentFrameRate":112.523,"devices":[],"gestures":[],"hands":[{"armBasis":[[-0.833352,-0.541414,0.111337],[0.406841,-0.737161,-0.539512],[0.374173,-0.404307,0.834584]],"armWidth":66.9139,"confidence":1,"direction":[-0.138965,0.872213,-0.468971],"elbow":[114.313,-23.5476,239.175],"grabAngle":3.08871,"grabStrength":0.797296,"id":131,"palmNormal":[-0.385336,0.388619,0.836954],"palmPosition":[6.38158,149.351,-17.82],"palmVelocity":[7.37434,11.0756,-6.0566],"palmWidth":90.0241,"pinchDistance":21.4974,"pinchStrength":1,"r":[[0.446617,0.150003,0.882061],[0.553448,0.728294,-0.404082],[-0.703014,0.668645,0.24225]],"s":1.41104,"sphereCenter":[-17.0057,177.338,7.96726],"sphereRadius":40.0925,"stabilizedPalmPosition":[8.97095,158.201,-17.193],"t":[2.25548,-48.9249,-46.4392],"timeVisible":8.60268,"type":"right","wrist":[14.359,84.4564,16.2295]}],"id":87047,"interactionBox":{"center":[0,200,0],"size":[235.247,235.247,147.751]},"pointables":[{"bases":[[[-0.0495499,-0.296914,-0.953618],[0.960736,-0.275151,0.0357499],[-0.273003,-0.914404,0.29889]],[[0.0541926,0.0597172,-0.996743],[0.994688,-0.0907167,0.0486458],[-0.0875162,-0.994085,-0.0643161]],[[0.0541926,0.0597172,-0.996743],[0.991572,0.114423,0.0607667],[0.117679,-0.991636,-0.053013]],[[0.0541926,0.0597172,-0.996743],[0.865314,0.495324,0.0767228],[0.498293,-0.866653,-0.0248312]]],"btipPosition":[20.3564,207.986,25.423],"carpPosition":[30.6565,108.427,20.0183],"dipPosition":[31.2356,189.064,24.8809],"direction":[-0.117679,0.991636,0.053013],"extended":false,"handId":131,"id":1310,"length":48.619,"mcpPosition":[30.6565,108.427,20.0183],"pipPosition":[34.9787,157.523,23.1947],"stabilizedTipPosition":[29.0418,216.825,28.6584],"timeVisible":8.60268,"tipPosition":[22.8525,203.211,28.6586],"tipVelocity":[15.5906,12.1322,-10.9203],"tool":false,"touchDistance":0.333333,"touchZone":"none","type":0,"width":21.805},{"bases":[[[-0.922635,-0.146356,-0.356827],[0.383472,-0.249374,-0.889248],[0.0411631,-0.957284,0.286205]],[[-0.922232,-0.0519304,-0.383133],[0.311815,0.486006,-0.816437],[0.228603,-0.872412,-0.432017]],[[-0.922232,-0.0519304,-0.383133],[0.0231063,0.981765,-0.188689],[0.385945,-0.182867,-0.904215]],[[-0.922232,-0.0519304,-0.383133],[-0.101096,0.988853,0.109315],[0.373186,0.139547,-0.917202]]],"btipPosition":[2.55126,214.317,28.1012],"carpPosition":[29.3604,107.773,-3.3892],"dipPosition":[8.49948,216.541,13.4819],"direction":[-0.385945,0.182867,0.904215],"extended":false,"handId":131,"id":1311,"length":54.8611,"mcpPosition":[26.3642,177.452,-24.2217],"pipPosition":[17.2019,212.418,-6.90671],"stabilizedTipPosition":[4.85706,222.706,21.5811],"timeVisible":8.60268,"tipPosition":[5.05293,224.302,20.7372],"tipVelocity":[19.4496,-65.5206,-6.60197],"tool":false,"touchDistance":0.333333,"touchZone":"none","type":1,"width":20.8281},{"bases":[[[-0.960354,-0.229672,-0.15802],[0.22278,-0.291484,-0.930272],[0.167597,-0.928595,0.331094]],[[-0.963837,-0.20901,-0.165328],[-0.0779698,0.814406,-0.575033],[0.254832,-0.541348,-0.801251]],[[-0.963837,-0.20901,-0.165328],[-0.266009,0.717188,0.644112],[-0.0160546,0.664798,-0.746851]],[[-0.963837,-0.20901,-0.165328],[-0.167054,-0.00949649,0.985902],[-0.207634,0.977867,-0.0257629]]],"btipPosition":[-0.0985278,159.809,24.0845],"carpPosition":[18.8631,106.147,-9.354],"dipPosition":[-3.73854,176.952,23.6329],"direction":[0.0160546,-0.664798,0.746851],"extended":false,"handId":131,"id":1312,"length":62.5098,"mcpPosition":[7.2943,170.246,-32.2086],"pipPosition":[-4.16444,194.588,3.82033],"stabilizedTipPosition":[1.44419,171.845,24.6451],"timeVisible":8.60268,"tipPosition":[-0.963729,163.894,24.5305],"tipVelocity":[10.5389,17.3616,-7.01695],"tool":false,"touchDistance":0.333333,"touchZone":"none","type":2,"width":20.456},{"bases":[[[-0.939267,-0.341188,-0.0369944],[0.158827,-0.336601,-0.928156],[0.304223,-0.877662,0.370348]],[[-0.919334,-0.393202,-0.0147203],[-0.310769,0.748529,-0.58577],[0.241344,-0.533944,-0.810344]],[[-0.919334,-0.393202,-0.0147203],[-0.300305,0.676978,0.671951],[-0.254247,0.622168,-0.74045]],[[-0.919334,-0.393202,-0.0147203],[-0.022361,0.014858,0.99964],[-0.392841,0.919332,-0.0224518]]],"btipPosition":[-8.18602,148.409,17.9879],"carpPosition":[7.30998,103.863,-12.3627],"dipPosition":[-15.0333,164.433,17.5965],"direction":[0.254247,-0.622168,0.74045],"extended":false,"handId":131,"id":1313,"length":60.1048,"mcpPosition":[-11.5443,158.256,-35.315],"pipPosition":[-21.6038,180.512,-1.53888],"stabilizedTipPosition":[-7.25908,160.637,18.6678],"timeVisible":8.60268,"tipPosition":[-10.2831,150.893,17.7882],"tipVelocity":[9.25857,17.7848,-5.52427],"tool":false,"touchDistance":0.333333,"touchZone":"none","type":3,"width":19.4652},{"bases":[[[-0.910988,-0.380137,0.159988],[0.0370522,-0.461779,-0.886221],[0.410764,-0.801409,0.43476]],[[-0.880623,-0.434285,0.189473],[-0.454948,0.663274,-0.594214],[0.132386,-0.609478,-0.781672]],[[-0.880623,-0.434285,0.189473],[-0.25674,0.773449,0.579536],[-0.398231,0.461708,-0.792615]],[[-0.880623,-0.434285,0.189473],[0.102202,0.21637,0.970947],[-0.462664,0.874403,-0.146155]]],"btipPosition":[-19.1701,144.822,9.25021],"carpPosition":[-5.94366,101.226,-8.40467],"dipPosition":[-26.6098,158.883,6.90002],"direction":[0.398231,-0.461708,0.792615],"extended":false,"handId":131,"id":1314,"length":47.1211,"mcpPosition":[-29.5091,147.203,-33.3467],"pipPosition":[-33.876,167.307,-7.56223],"stabilizedTipPosition":[-19.2615,155.699,9.53537],"timeVisible":8.60268,"tipPosition":[-21.7083,146.964,8.64955],"tipVelocity":[5.58774,17.0355,-4.44821],"tool":false,"touchDistance":0.333333,"touchZone":"none","type":4,"width":17.2905}],"r":[[0.446617,0.150003,0.882061],[0.553448,0.728294,-0.404082],[-0.703014,0.668645,0.24225]],"s":1.41104,"t":[2.25548,-48.9249,-46.4392],"timestamp":17833444345},{"currentFrameRate":112.651,"devices":[],"gestures":[],"hands":[{"armBasis":[[-0.833575,-0.541093,0.111226],[0.406195,-0.736849,-0.540424],[0.374377,-0.405305,0.834008]],"armWidth":66.9139,"confidence":1,"direction":[-0.138772,0.872587,-0.46833],"elbow":[114.414,-23.7608,238.926],"grabAngle":3.09484,"grabStrength":0.817123,"id":131,"palmNormal":[-0.384696,0.38827,0.83741],"palmPosition":[6.44316,149.433,-17.8671],"palmVelocity":[7.11553,9.46246,-5.44259],"palmWidth":90.0241,"pinchDistance":21.2154,"pinchStrength":1,"r":[[0.446976,0.149823,0.88191],[0.553546,0.728127,-0.40425],[-0.702709,0.668867,0.242521]],"s":1.40403,"sphereCenter":[-16.8181,177.432,7.91178],"sphereRadius":40.0103,"stabilizedPalmPosition":[8.95408,158.143,-17.1975],"t":[2.31465,-48.8513,-46.484],"timeVisible":8.61133,"type":"right","wrist":[14.4051,84.5098,16.134]}],"id":87048,"interactionBox":{"center":[0,200,0],"size":[235.247,235.247,147.751]},"pointables":[{"bases":[[[-0.0502052,-0.296269,-0.953784],[0.960616,-0.27566,0.0350619],[-0.273307,-0.91446,0.29844]],[[0.0535909,0.0599724,-0.99676],[0.994709,-0.0908168,0.0480164],[-0.087643,-0.99406,-0.064522]],[[0.0535909,0.0599724,-0.99676],[0.991664,0.113936,0.0601721],[0.117176,-0.991676,-0.0533665]],[[0.0535909,0.0599724,-0.99676],[0.86578,0.494572,0.0763058],[0.497546,-0.867065,-0.0254183]]],"btipPosition":[20.4559,208.04,25.3707],"carpPosition":[30.7174,108.472,19.9317],"dipPosition":[31.3188,189.109,24.8157],"direction":[-0.117176,0.991676,0.0533665],"extended":false,"handId":131,"id":1310,"length":48.619,"mcpPosition":[30.7174,108.472,19.9317],"pipPosition":[35.0459,157.567,23.1183],"stabilizedTipPosition":[28.9976,216.729,28.6335],"timeVisible":8.61133,"tipPosition":[22.9659,203.256,28.629],"tipVelocity":[11.0625,6.01479,-6.38833],"tool":false,"touchDistance":0.333333,"touchZone":"none","type":0,"width":21.805},{"bases":[[[-0.922897,-0.145658,-0.356433],[0.382875,-0.24899,-0.889613],[0.0408307,-0.95749,0.285561]],[[-0.92247,-0.05139,-0.382633],[0.311836,0.485137,-0.816946],[0.227612,-0.872927,-0.431499]],[[-0.92247,-0.05139,-0.382633],[0.0192965,0.983725,-0.178642],[0.385586,-0.172175,-0.906465]],[[-0.92247,-0.05139,-0.382633],[-0.109859,0.985069,0.132553],[0.370108,0.164312,-0.914342]]],"btipPosition":[2.72052,213.778,28.0461],"carpPosition":[29.4086,107.834,-3.4755],"dipPosition":[8.61968,216.397,13.4724],"direction":[-0.385586,0.172175,0.906465],"extended":false,"handId":131,"id":1311,"length":54.8611,"mcpPosition":[26.4366,177.528,-24.2611],"pipPosition":[17.314,212.515,-6.96692],"stabilizedTipPosition":[4.70628,221.096,22.1831],"timeVisible":8.61133,"tipPosition":[5.1371,224.034,20.8685],"tipVelocity":[18.2526,-51.8117,-5.14989],"tool":false,"touchDistance":0.333333,"touchZone":"none","type":1,"width":20.8281},{"bases":[[[-0.960554,-0.229084,-0.157661],[0.22214,-0.290992,-0.930579],[0.167303,-0.928894,0.330402]],[[-0.964248,-0.207015,-0.165443],[-0.0762747,0.814692,-0.574856],[0.253789,-0.541684,-0.801355]],[[-0.964248,-0.207015,-0.165443],[-0.264595,0.717473,0.644377],[-0.0146948,0.665114,-0.746597]],[[-0.964248,-0.207015,-0.165443],[-0.167005,-0.0100346,0.985905],[-0.205757,0.978286,-0.0248967]]],"btipPosition":[-0.0560527,159.899,24.0332],"carpPosition":[18.9073,106.217,-9.43579],"dipPosition":[-3.66317,177.049,23.5968],"direction":[0.0146948,-0.665114,0.746597],"extended":false,"handId":131,"id":1312,"length":62.5098,"mcpPosition":[7.35883,170.336,-32.2426],"pipPosition":[-4.053,194.694,3.79097],"stabilizedTipPosition":[1.42868,171.792,24.6404],"timeVisible":8.61133,"tipPosition":[-0.8724,163.952,24.4946],"tipVelocity":[5.78172,10.6139,-5.52142],"tool":false,"touchDistance":0.333333,"touchZone":"none","type":2,"width":20.456},{"bases":[[[-0.939459,-0.340689,-0.0367181],[0.158165,-0.336078,-0.928459],[0.303975,-0.878056,0.369616]],[[-0.919541,-0.392728,-0.0144884],[-0.310511,0.748646,-0.585758],[0.24089,-0.53413,-0.810356]],[[-0.919541,-0.392728,-0.0144884],[-0.299721,0.676974,0.672215],[-0.254189,0.622472,-0.740214]],[[-0.919541,-0.392728,-0.0144884],[-0.0218276,0.0142284,0.99966],[-0.392388,0.919545,-0.0216558]]],"btipPosition":[-8.11965,148.508,17.9366],"carpPosition":[7.35145,103.941,-12.4398],"dipPosition":[-14.959,164.535,17.5592],"direction":[0.254189,-0.622472,0.740214],"extended":false,"handId":131,"id":1313,"length":60.1048,"mcpPosition":[-11.4874,158.359,-35.3468],"pipPosition":[-21.528,180.622,-1.57017],"stabilizedTipPosition":[-7.2769,160.575,18.6618],"timeVisible":8.61133,"tipPosition":[-10.2006,150.963,17.7512],"tipVelocity":[7.87824,11.4809,-5.55308],"tool":false,"touchDistance":0.333333,"touchZone":"none","type":3,"width":19.4652},{"bases":[[[-0.911096,-0.37978,0.160224],[0.0363492,-0.461221,-0.88654],[0.410589,-0.801899,0.434021]],[[-0.881684,-0.432415,0.188813],[-0.45305,0.664032,-0.594818],[0.13183,-0.609983,-0.781372]],[[-0.881684,-0.432415,0.188813],[-0.255394,0.773831,0.57962],[-0.396746,0.46282,-0.792711]],[[-0.881684,-0.432415,0.188813],[0.102291,0.215476,0.971137],[-0.460619,0.87555,-0.14575]]],"btipPosition":[-19.1595,144.91,9.20608],"carpPosition":[-5.90142,101.308,-8.47651],"dipPosition":[-26.5662,158.989,6.86241],"direction":[0.396746,-0.46282,0.792711],"extended":false,"handId":131,"id":1314,"length":47.1211,"mcpPosition":[-29.4568,147.313,-33.3762],"pipPosition":[-33.8054,167.434,-7.60159],"stabilizedTipPosition":[-19.2736,155.642,9.52883],"timeVisible":8.61133,"tipPosition":[-21.6309,147.047,8.61597],"tipVelocity":[2.10199,10.6627,-4.92588],"tool":false,"touchDistance":0.333333,"touchZone":"none","type":4,"width":17.2905}],"r":[[0.446976,0.149823,0.88191],[0.553546,0.728127,-0.40425],[-0.702709,0.668867,0.242521]],"s":1.40403,"t":[2.31465,-48.8513,-46.484],"timestamp":17833453000},{"currentFrameRate":112.817,"devices":[],"gestures":[],"hands":[{"armBasis":[[-0.833822,-0.540814,0.110731],[0.405652,-0.736313,-0.541562],[0.374417,-0.406648,0.833336]],"armWidth":66.9139,"confidence":1,"direction":[-0.138293,0.873158,-0.467408],"elbow":[114.444,-24.0479,238.65],"grabAngle":3.09953,"grabStrength":0.830848,"id":131,"palmNormal":[-0.384306,0.387653,0.837875],"palmPosition":[6.49721,149.547,-17.8924],"palmVelocity":[6.30343,13.2828,-2.9448],"palmWidth":90.0241,"pinchDistance":21.018,"pinchStrength":1,"r":[[0.447312,0.149441,0.881805],[0.553703,0.728006,-0.404253],[-0.702371,0.669085,0.2429]],"s":1.3983,"sphereCenter":[-16.6765,177.55,7.89616],"sphereRadius":39.9568,"stabilizedPalmPosition":[8.93759,158.085,-17.2022],"t":[2.37127,-48.7576,-46.519],"timeVisible":8.61991,"type":"right","wrist":[14.425,84.5815,16.0377]}],"id":87049,"interactionBox":{"center":[0,200,0],"size":[235.247,235.247,147.751]},"pointables":[{"bases":[[[-0.0505552,-0.295254,-0.95408],[0.960445,-0.276309,0.0346156],[-0.273842,-0.914592,0.297544]],[[0.0533378,0.0605311,-0.99674],[0.994715,-0.090918,0.0477081],[-0.0877338,-0.994017,-0.0650606]],[[0.0533378,0.0605311,-0.99674],[0.991743,0.113361,0.0599547],[0.116621,-0.991708,-0.0539849]],[[0.0533378,0.0605311,-0.99674],[0.866252,0.493741,0.0763395],[0.496753,-0.867499,-0.0261001]]],"btipPosition":[20.5296,208.108,25.3603],"carpPosition":[30.7516,108.532,19.8601],"dipPosition":[31.3752,189.168,24.7904],"direction":[-0.116621,0.991708,0.0539849],"extended":false,"handId":131,"id":1310,"length":48.619,"mcpPosition":[30.7516,108.532,19.8601],"pipPosition":[35.0846,157.624,23.0733],"stabilizedTipPosition":[28.9532,216.633,28.6082],"timeVisible":8.61991,"tipPosition":[23.0621,203.313,28.6451],"tipVelocity":[8.12873,7.6585,-1.61342],"tool":false,"touchDistance":0.333333,"touchZone":"none","type":0,"width":21.805},{"bases":[[[-0.92305,-0.144701,-0.356426],[0.382566,-0.248318,-0.889933],[0.0402667,-0.95781,0.284568]],[[-0.922565,-0.0503622,-0.382541],[0.312546,0.483821,-0.817455],[0.22625,-0.873717,-0.430616]],[[-0.922565,-0.0503622,-0.382541],[0.0176287,0.984908,-0.17218],[0.385439,-0.16559,-0.907754]],[[-0.922565,-0.0503622,-0.382541],[-0.116354,0.981604,0.151379],[0.36788,0.184167,-0.911453]]],"btipPosition":[2.88487,213.452,27.994],"carpPosition":[29.4384,107.918,-3.5475],"dipPosition":[8.74852,216.388,13.4664],"direction":[-0.385439,0.16559,0.907754],"extended":false,"handId":131,"id":1311,"length":54.8611,"mcpPosition":[26.5075,177.636,-24.2608],"pipPosition":[17.4395,212.654,-7.00202],"stabilizedTipPosition":[4.61494,219.75,22.6602],"timeVisible":8.61991,"tipPosition":[5.22304,223.889,21.0026],"tipVelocity":[18.2139,-29.4809,-4.84096],"tool":false,"touchDistance":0.333333,"touchZone":"none","type":1,"width":20.8281},{"bases":[[[-0.960727,-0.228307,-0.157734],[0.221797,-0.290175,-0.930916],[0.166764,-0.929341,0.329417]],[[-0.964642,-0.2047,-0.166025],[-0.0740631,0.815068,-0.574612],[0.252945,-0.541999,-0.801409]],[[-0.964642,-0.2047,-0.166025],[-0.263253,0.717657,0.644722],[-0.0128256,0.665632,-0.74617]],[[-0.964642,-0.2047,-0.166025],[-0.167402,-0.010699,0.985831],[-0.203576,0.978766,-0.0239465]]],"btipPosition":[-0.040943,160.019,24.0038],"carpPosition":[18.9351,106.314,-9.50767],"dipPosition":[-3.60982,177.178,23.584],"direction":[0.0128256,-0.665632,0.74617],"extended":false,"handId":131,"id":1312,"length":62.5098,"mcpPosition":[7.42382,170.464,-32.2464],"pipPosition":[-3.95006,194.836,3.78955],"stabilizedTipPosition":[1.41322,171.739,24.6354],"timeVisible":8.61991,"tipPosition":[-0.802201,164.026,24.483],"tipVelocity":[2.7878,14.23,-2.98484],"tool":false,"touchDistance":0.333333,"touchZone":"none","type":2,"width":20.456},{"bases":[[[-0.939683,-0.34005,-0.0369102],[0.157794,-0.335222,-0.928831],[0.303476,-0.878631,0.36866]],[[-0.919794,-0.392125,-0.0147374],[-0.309881,0.748894,-0.585774],[0.240733,-0.534225,-0.81034]],[[-0.919794,-0.392125,-0.0147374],[-0.299313,0.676812,0.67256],[-0.253753,0.623028,-0.739896]],[[-0.919794,-0.392125,-0.0147374],[-0.0217328,0.0134066,0.999674],[-0.391799,0.919814,-0.0208533]]],"btipPosition":[-8.07783,148.636,17.9007],"carpPosition":[7.37734,104.049,-12.5121],"dipPosition":[-14.907,164.668,17.5373],"direction":[0.253753,-0.623028,0.739896],"extended":false,"handId":131,"id":1313,"length":60.1048,"mcpPosition":[-11.4306,158.502,-35.3599],"pipPosition":[-21.4647,180.769,-1.58385],"stabilizedTipPosition":[-7.2943,160.515,18.6557],"timeVisible":8.61991,"tipPosition":[-10.138,151.055,17.7306],"tipVelocity":[5.152,15.0812,-3.80953],"tool":false,"touchDistance":0.333333,"touchZone":"none","type":3,"width":19.4652},{"bases":[[[-0.911311,-0.379363,0.159987],[0.035905,-0.460331,-0.887021],[0.41015,-0.802608,0.433126]],[[-0.883377,-0.429647,0.187213],[-0.44987,0.665372,-0.595733],[0.131388,-0.610478,-0.781059]],[[-0.883377,-0.429647,0.187213],[-0.253718,0.77428,0.579757],[-0.394047,0.464644,-0.79299]],[[-0.883377,-0.429647,0.187213],[0.101721,0.21417,0.971486],[-0.457492,0.877231,-0.145489]]],"btipPosition":[-19.1943,145.019,9.17532],"carpPosition":[-5.87655,101.42,-8.54925],"dipPosition":[-26.5508,159.125,6.83585],"direction":[0.394047,-0.464644,0.79299],"extended":false,"handId":131,"id":1314,"length":47.1211,"mcpPosition":[-29.4067,147.466,-33.3975],"pipPosition":[-33.7407,167.603,-7.63325],"stabilizedTipPosition":[-19.2856,155.587,9.52219],"timeVisible":8.61991,"tipPosition":[-21.5702,147.158,8.59324],"tipVelocity":[-2.71828,13.4162,-3.47376],"tool":false,"touchDistance":0.333333,"touchZone":"none","type":4,"width":17.2905}],"r":[[0.447312,0.149441,0.881805],[0.553703,0.728006,-0.404253],[-0.702371,0.669085,0.2429]],"s":1.3983,"t":[2.37127,-48.7576,-46.519],"timestamp":17833461575},{"currentFrameRate":112.879,"devices":[],"gestures":[],"hands":[{"armBasis":[[-0.83421,-0.540331,0.110162],[0.404895,-0.735786,-0.542843],[0.37437,-0.408241,0.832578]],"armWidth":66.9139,"confidence":1,"direction":[-0.137768,0.873495,-0.466933],"elbow":[114.436,-24.3541,238.387],"grabAngle":3.10452,"grabStrength":0.844595,"id":131,"palmNormal":[-0.383671,0.387558,0.838209],"palmPosition":[6.54245,149.696,-17.9118],"palmVelocity":[5.16924,17.132,-2.21927],"palmWidth":90.0241,"pinchDistance":20.8013,"pinchStrength":1,"r":[[0.447672,0.148978,0.8817],[0.553915,0.727859,-0.404227],[-0.701974,0.669348,0.243321]],"s":1.39325,"sphereCenter":[-16.5418,177.716,7.87166],"sphereRadius":39.8979,"stabilizedPalmPosition":[8.92067,158.026,-17.2072],"t":[2.4222,-48.6358,-46.5462],"timeVisible":8.62866,"type":"right","wrist":[14.4294,84.701,15.9768]}],"id":87050,"interactionBox":{"center":[0,200,0],"size":[235.247,235.247,147.751]},"pointables":[{"bases":[[[-0.0511601,-0.294752,-0.954203],[0.960235,-0.277102,0.0341128],[-0.274466,-0.914514,0.297208]],[[0.0529827,0.0608957,-0.996737],[0.994678,-0.0915445,0.0472803],[-0.0883666,-0.993937,-0.0654219]],[[0.0529827,0.0608957,-0.996737],[0.991888,0.112287,0.0595851],[0.115549,-0.991808,-0.0544524]],[[0.0529827,0.0608957,-0.996737],[0.866816,0.492775,0.0761827],[0.495806,-0.868023,-0.0266768]]],"btipPosition":[20.6422,208.231,25.357],"carpPosition":[30.7782,108.644,19.8116],"dipPosition":[31.4671,189.279,24.7746],"direction":[-0.115549,0.991808,0.0544524],"extended":false,"handId":131,"id":1310,"length":48.619,"mcpPosition":[30.7782,108.644,19.8116],"pipPosition":[35.1425,157.732,23.0426],"stabilizedTipPosition":[28.9069,216.532,28.5813],"timeVisible":8.62866,"tipPosition":[23.1686,203.427,28.6434],"tipVelocity":[12.3233,13.7303,-0.70336],"tool":false,"touchDistance":0.333333,"touchZone":"none","type":0,"width":21.805},{"bases":[[[-0.923304,-0.143783,-0.356141],[0.382023,-0.248197,-0.8902],[0.0396022,-0.95798,0.284089]],[[-0.922742,-0.0492453,-0.382258],[0.312711,0.484103,-0.817225],[0.225297,-0.873624,-0.431303]],[[-0.922742,-0.0492453,-0.382258],[0.015301,0.986341,-0.164003],[0.385114,-0.157181,-0.909385]],[[-0.922742,-0.0492453,-0.382258],[-0.123033,0.977549,0.171058],[0.365253,0.204873,-0.908085]]],"btipPosition":[3.03776,213.066,27.9911],"carpPosition":[29.4556,108.043,-3.59585],"dipPosition":[8.85953,216.331,13.5172],"direction":[-0.385114,0.157181,0.909385],"extended":false,"handId":131,"id":1311,"length":54.8611,"mcpPosition":[26.573,177.773,-24.2743],"pipPosition":[17.5432,212.787,-6.98801],"stabilizedTipPosition":[4.56768,218.572,23.0575],"timeVisible":8.62866,"tipPosition":[5.31561,223.729,21.1238],"tipVelocity":[16.3687,-35.4913,1.08011],"tool":false,"touchDistance":0.333333,"touchZone":"none","type":1,"width":20.8281},{"bases":[[[-0.960971,-0.227455,-0.157475],[0.221205,-0.289904,-0.931141],[0.16614,-0.929634,0.328904]],[[-0.965145,-0.202019,-0.166386],[-0.0715777,0.815259,-0.574656],[0.251739,-0.542717,-0.801303]],[[-0.965145,-0.202019,-0.166386],[-0.261496,0.718262,0.644763],[-0.0107455,0.665799,-0.746054]],[[-0.965145,-0.202019,-0.166386],[-0.167682,-0.0108025,0.985782],[-0.200944,0.979322,-0.023449]]],"btipPosition":[-0.0313998,160.193,23.9776],"carpPosition":[18.9487,106.45,-9.55276],"dipPosition":[-3.55413,177.362,23.5665],"direction":[0.0107455,-0.665799,0.746054],"extended":false,"handId":131,"id":1312,"length":62.5098,"mcpPosition":[7.48045,170.621,-32.2561],"pipPosition":[-3.83918,195.024,3.7751],"stabilizedTipPosition":[1.39698,171.684,24.63],"timeVisible":8.62866,"tipPosition":[-0.729496,164.161,24.4707],"tipVelocity":[2.30319,20.1652,-2.76804],"tool":false,"touchDistance":0.333333,"touchZone":"none","type":2,"width":20.456},{"bases":[[[-0.939971,-0.339273,-0.0367132],[0.157166,-0.334901,-0.929053],[0.302908,-0.879053,0.368119]],[[-0.920116,-0.391375,-0.0145732],[-0.309266,0.748904,-0.586086],[0.240293,-0.53476,-0.810118]],[[-0.920116,-0.391375,-0.0145732],[-0.298655,0.677089,0.672574],[-0.253361,0.623198,-0.739886]],[[-0.920116,-0.391375,-0.0145732],[-0.0214745,0.013262,0.999681],[-0.391057,0.920136,-0.0206071]]],"btipPosition":[-8.03679,148.821,17.8787],"carpPosition":[7.38789,104.196,-12.5538],"dipPosition":[-14.853,164.859,17.5195],"direction":[0.253361,-0.623198,0.739886],"extended":false,"handId":131,"id":1313,"length":60.1048,"mcpPosition":[-11.3848,158.675,-35.3681],"pipPosition":[-21.4006,180.964,-1.60134],"stabilizedTipPosition":[-7.31233,160.452,18.6489],"timeVisible":8.62866,"tipPosition":[-10.0764,151.205,17.7185],"tipVelocity":[5.02957,21.3053,-2.40386],"tool":false,"touchDistance":0.333333,"touchZone":"none","type":3,"width":19.4652},{"bases":[[[-0.911556,-0.378704,0.160154],[0.0351925,-0.459931,-0.887257],[0.409667,-0.803148,0.43258]],[[-0.884931,-0.426886,0.186186],[-0.447002,0.666328,-0.596822],[0.130714,-0.611372,-0.780473]],[[-0.884931,-0.426886,0.186186],[-0.251941,0.775033,0.579526],[-0.391692,0.465932,-0.793401]],[[-0.884931,-0.426886,0.186186],[0.101432,0.213522,0.971658],[-0.454542,0.878736,-0.145652]]],"btipPosition":[-19.2249,145.187,9.15947],"carpPosition":[-5.86659,101.576,-8.58716],"dipPosition":[-26.5339,159.317,6.81737],"direction":[0.391692,-0.465932,0.793401],"extended":false,"handId":131,"id":1314,"length":47.1211,"mcpPosition":[-29.3691,147.652,-33.4042],"pipPosition":[-33.6808,167.819,-7.65922],"stabilizedTipPosition":[-19.2983,155.531,9.51512],"timeVisible":8.62866,"tipPosition":[-21.5136,147.323,8.58363],"tipVelocity":[-2.24175,19.8576,-1.88046],"tool":false,"touchDistance":0.333333,"touchZone":"none","type":4,"width":17.2905}],"r":[[0.447672,0.148978,0.8817],[0.553915,0.727859,-0.404227],[-0.701974,0.669348,0.243321]],"s":1.39325,"t":[2.4222,-48.6358,-46.5462],"timestamp":17833470327},{"currentFrameRate":112.97,"devices":[],"gestures":[],"hands":[{"armBasis":[[-0.834575,-0.539936,0.109332],[0.404376,-0.735201,-0.544021],[0.374117,-0.409815,0.831918]],"armWidth":66.9139,"confidence":1,"direction":[-0.137173,0.873994,-0.466175],"elbow":[114.373,-24.6554,238.111],"grabAngle":3.10833,"grabStrength":0.854329,"id":131,"palmNormal":[-0.383352,0.387109,0.838563],"palmPosition":[6.59192,149.856,-17.9497],"palmVelocity":[5.68924,18.3015,-4.36683],"palmWidth":90.0241,"pinchDistance":20.6461,"pinchStrength":1,"r":[[0.447991,0.148392,0.881637],[0.554184,0.727732,-0.404088],[-0.701559,0.669617,0.24378]],"s":1.38911,"sphereCenter":[-16.4287,177.882,7.84365],"sphereRadius":39.8604,"stabilizedPalmPosition":[8.90403,157.967,-17.2125],"t":[2.47239,-48.4953,-46.5788],"timeVisible":8.63735,"type":"right","wrist":[14.4339,84.8202,15.8777]}],"id":87051,"interactionBox":{"center":[0,200,0],"size":[235.247,235.247,147.751]},"pointables":[{"bases":[[[-0.0514197,-0.293896,-0.954453],[0.96004,-0.277811,0.0338231],[-0.275099,-0.914574,0.296436]],[[0.0528462,0.0612729,-0.996721],[0.994697,-0.0914232,0.0471187],[-0.0882363,-0.993925,-0.0657793]],[[0.0528462,0.0612729,-0.996721],[0.991952,0.111785,0.0594653],[0.115062,-0.991842,-0.0548723]],[[0.0528462,0.0612729,-0.996721],[0.867292,0.49193,0.076225],[0.494988,-0.868476,-0.0271448]]],"btipPosition":[20.6915,208.351,25.3237],"carpPosition":[30.8006,108.753,19.737],"dipPosition":[31.4985,189.389,24.731],"direction":[-0.115062,0.991842,0.0548723],"extended":false,"handId":131,"id":1310,"length":48.619,"mcpPosition":[30.8006,108.753,19.737],"pipPosition":[35.1584,157.841,22.9857],"stabilizedTipPosition":[28.8615,216.432,28.5544],"timeVisible":8.63735,"tipPosition":[23.2583,203.536,28.6362],"tipVelocity":[5.19623,13.528,-4.10562],"tool":false,"touchDistance":0.333333,"touchZone":"none","type":0,"width":21.805},{"bases":[[[-0.923424,-0.142822,-0.356215],[0.3818,-0.247702,-0.890434],[0.0389382,-0.958251,0.283264]],[[-0.922788,-0.0480973,-0.382293],[0.313667,0.482451,-0.817835],[0.223773,-0.874601,-0.430114]],[[-0.922788,-0.0480973,-0.382293],[0.0148417,0.987005,-0.160003],[0.385021,-0.153323,-0.910083]],[[-0.922788,-0.0480973,-0.382293],[-0.127899,0.974158,0.186165],[0.36346,0.220686,-0.905094]]],"btipPosition":[3.1985,212.916,27.8966],"carpPosition":[29.4762,108.173,-3.67085],"dipPosition":[8.99171,216.434,13.4703],"direction":[-0.385021,0.153323,0.910083],"extended":false,"handId":131,"id":1311,"length":54.8611,"mcpPosition":[26.642,177.923,-24.2892],"pipPosition":[17.6733,212.977,-7.05058],"stabilizedTipPosition":[4.56089,217.677,23.3386],"timeVisible":8.63735,"tipPosition":[5.40538,223.693,21.2045],"tipVelocity":[17.7329,-10.5289,-9.6093],"tool":false,"touchDistance":0.333333,"touchZone":"none","type":1,"width":20.8281},{"bases":[[[-0.961141,-0.226638,-0.157619],[0.22095,-0.28926,-0.931402],[0.165499,-0.930034,0.328095]],[[-0.965568,-0.199352,-0.167143],[-0.068939,0.815592,-0.574506],[0.25085,-0.543202,-0.801253]],[[-0.965568,-0.199352,-0.167143],[-0.260014,0.718711,0.644863],[-0.00842713,0.666118,-0.745799]],[[-0.965568,-0.199352,-0.167143],[-0.168314,-0.0111824,0.98567],[-0.198364,0.979864,-0.0227564]]],"btipPosition":[-0.0346033,160.368,23.9364],"carpPosition":[18.9679,106.593,-9.62857],"dipPosition":[-3.51211,177.546,23.5375],"direction":[0.00842713,-0.666118,0.745799],"extended":false,"handId":131,"id":1312,"length":62.5098,"mcpPosition":[7.54398,170.791,-32.2761],"pipPosition":[-3.73567,195.217,3.75283],"stabilizedTipPosition":[1.38055,171.63,24.6242],"timeVisible":8.63735,"tipPosition":[-0.668349,164.289,24.4425],"tipVelocity":[0.827667,20.335,-4.4161],"tool":false,"touchDistance":0.333333,"touchZone":"none","type":2,"width":20.456},{"bases":[[[-0.940213,-0.338575,-0.0369543],[0.156879,-0.334213,-0.929349],[0.302304,-0.879584,0.367347]],[[-0.920394,-0.39071,-0.0148602],[-0.308558,0.749164,-0.586128],[0.240138,-0.534883,-0.810082]],[[-0.920394,-0.39071,-0.0148602],[-0.298253,0.677003,0.672839],[-0.252824,0.623709,-0.739639]],[[-0.920394,-0.39071,-0.0148602],[-0.0214183,0.0124329,0.999693],[-0.390405,0.92043,-0.0198115]]],"btipPosition":[-8.00065,148.995,17.8277],"carpPosition":[7.40538,104.349,-12.631],"dipPosition":[-14.8055,165.038,17.4824],"direction":[0.252824,-0.623709,0.739639],"extended":false,"handId":131,"id":1313,"length":60.1048,"mcpPosition":[-11.3299,158.862,-35.3973],"pipPosition":[-21.3392,181.156,-1.63208],"stabilizedTipPosition":[-7.33005,160.391,18.6419],"timeVisible":8.63735,"tipPosition":[-10.0228,151.349,17.6829],"tipVelocity":[4.45659,20.1036,-5.49831],"tool":false,"touchDistance":0.333333,"touchZone":"none","type":3,"width":19.4652},{"bases":[[[-0.911816,-0.378195,0.159877],[0.0348193,-0.459193,-0.887654],[0.409121,-0.80381,0.431868]],[[-0.886597,-0.424103,0.184615],[-0.443822,0.667607,-0.597765],[0.130264,-0.611913,-0.780124]],[[-0.886597,-0.424103,0.184615],[-0.25028,0.775518,0.579596],[-0.388981,0.467662,-0.793717]],[[-0.886597,-0.424103,0.184615],[0.100888,0.212212,0.972002],[-0.451407,0.880399,-0.14536]]],"btipPosition":[-19.2627,145.345,9.11125],"carpPosition":[-5.85074,101.736,-8.66583],"dipPosition":[-26.5213,159.502,6.77385],"direction":[0.388981,-0.467662,0.793717],"extended":false,"handId":131,"id":1314,"length":47.1211,"mcpPosition":[-29.3219,147.85,-33.4419],"pipPosition":[-33.6188,168.035,-7.7085],"stabilizedTipPosition":[-19.311,155.477,9.50777],"timeVisible":8.63735,"tipPosition":[-21.4617,147.485,8.54527],"tipVelocity":[-3.0173,18.8136,-5.42196],"tool":false,"touchDistance":0.333333,"touchZone":"none","type":4,"width":17.2905}],"r":[[0.447991,0.148392,0.881637],[0.554184,0.727732,-0.404088],[-0.701559,0.669617,0.24378]],"s":1.38911,"t":[2.47239,-48.4953,-46.5788],"timestamp":17833479021},{"currentFrameRate":113.086,"devices":[],"gestures":[],"hands":[{"armBasis":[[-0.835103,-0.539214,0.108858],[0.403482,-0.734926,-0.545055],[0.373904,-0.411255,0.831303]],"armWidth":66.9139,"confidence":1,"direction":[-0.136714,0.874318,-0.465701],"elbow":[114.325,-24.9436,237.883],"grabAngle":3.1112,"grabStrength":0.85984,"id":131,"palmNormal":[-0.38255,0.387048,0.838957],"palmPosition":[6.63984,149.98,-17.9748],"palmVelocity":[5.54442,14.4162,-2.9014],"palmWidth":90.0241,"pinchDistance":20.5435,"pinchStrength":1,"r":[[0.448371,0.147769,0.881549],[0.554473,0.727574,-0.403974],[-0.701087,0.669925,0.244289]],"s":1.3859,"sphereCenter":[-16.3285,178.024,7.83908],"sphereRadius":39.8443,"stabilizedPalmPosition":[8.88776,157.91,-17.2179],"t":[2.52145,-48.3628,-46.6076],"timeVisible":8.646,"type":"right","wrist":[14.4424,84.9166,15.8142]}],"id":87052,"interactionBox":{"center":[0,200,0],"size":[235.247,235.247,147.751]},"pointables":[{"bases":[[[-0.0522102,-0.293421,-0.954557],[0.959828,-0.278623,0.0331474],[-0.275688,-0.91448,0.296181]],[[0.052153,0.0610772,-0.99677],[0.994722,-0.0914914,0.0464397],[-0.0883594,-0.993931,-0.0655265]],[[0.052153,0.0610772,-0.99677],[0.99206,0.111218,0.0587214],[0.114445,-0.991917,-0.0547919]],[[0.052153,0.0610772,-0.99677],[0.867801,0.491142,0.0754999],[0.494167,-0.868935,-0.0273884]]],"btipPosition":[20.7704,208.451,25.2564],"carpPosition":[30.836,108.841,19.6795],"dipPosition":[31.5596,189.479,24.6584],"direction":[-0.114445,0.991917,0.0547919],"extended":false,"handId":131,"id":1310,"length":48.619,"mcpPosition":[30.836,108.841,19.6795],"pipPosition":[35.1998,157.929,22.9157],"stabilizedTipPosition":[28.8198,216.34,28.5289],"timeVisible":8.646,"tipPosition":[23.3768,203.628,28.6089],"tipVelocity":[8.66065,11.3261,-7.9239],"tool":false,"touchDistance":0.333333,"touchZone":"none","type":0,"width":21.805},{"bases":[[[-0.923746,-0.141894,-0.355751],[0.381084,-0.247616,-0.890764],[0.0383048,-0.958411,0.282808]],[[-0.923035,-0.0469349,-0.381843],[0.314369,0.480111,-0.818942],[0.221764,-0.875951,-0.428405]],[[-0.923035,-0.0469349,-0.381843],[0.0155895,0.987152,-0.159022],[0.384401,-0.152736,-0.910444]],[[-0.923035,-0.0469349,-0.381843],[-0.131203,0.971431,0.197754],[0.361653,0.232633,-0.902823]]],"btipPosition":[3.38941,212.878,27.7762],"carpPosition":[29.4977,108.273,-3.72789],"dipPosition":[9.1538,216.585,13.3861],"direction":[-0.384401,0.152736,0.910444],"extended":false,"handId":131,"id":1311,"length":54.8611,"mcpPosition":[26.7096,178.034,-24.3131],"pipPosition":[17.8214,213.142,-7.14296],"stabilizedTipPosition":[4.58664,217.018,23.5268],"timeVisible":8.646,"tipPosition":[5.52803,223.69,21.2491],"tipVelocity":[21.3208,0.584157,-12.9714],"tool":false,"touchDistance":0.333333,"touchZone":"none","type":1,"width":20.8281},{"bases":[[[-0.961419,-0.225769,-0.15717],[0.220176,-0.289022,-0.931659],[0.164914,-0.93032,0.32758]],[[-0.966122,-0.196452,-0.167377],[-0.0662917,0.815666,-0.574712],[0.249427,-0.544146,-0.801056]],[[-0.966122,-0.196452,-0.167377],[-0.25801,0.719406,0.644892],[-0.0062783,0.666229,-0.745721]],[[-0.966122,-0.196452,-0.167377],[-0.16849,-0.0111547,0.98564],[-0.195498,0.98045,-0.0223235]]],"btipPosition":[-0.0207925,160.528,23.9017],"carpPosition":[18.9847,106.704,-9.68029],"dipPosition":[-3.44805,177.716,23.5104],"direction":[0.0062783,-0.666229,0.745721],"extended":false,"handId":131,"id":1312,"length":62.5098,"mcpPosition":[7.60108,170.922,-32.2923],"pipPosition":[-3.6146,195.39,3.72784],"stabilizedTipPosition":[1.36414,171.577,24.6181],"timeVisible":8.646,"tipPosition":[-0.58535,164.401,24.4249],"tipVelocity":[2.93516,18.732,-3.8066],"tool":false,"touchDistance":0.333333,"touchZone":"none","type":2,"width":20.456},{"bases":[[[-0.940515,-0.337778,-0.0365687],[0.15607,-0.333923,-0.92959],[0.301784,-0.880001,0.366776]],[[-0.920726,-0.389939,-0.0145095],[-0.308028,0.74914,-0.586436],[0.239544,-0.535478,-0.809865]],[[-0.920726,-0.389939,-0.0145095],[-0.297421,0.67723,0.672979],[-0.252594,0.623945,-0.73952]],[[-0.920726,-0.389939,-0.0145095],[-0.0208764,0.0120947,0.999709],[-0.38965,0.920761,-0.0192764]]],"btipPosition":[-7.94957,149.155,17.7955],"carpPosition":[7.41857,104.471,-12.6771],"dipPosition":[-14.7412,165.204,17.4595],"direction":[0.252594,-0.623945,0.73952],"extended":false,"handId":131,"id":1313,"length":60.1048,"mcpPosition":[-11.2845,159.009,-35.4081],"pipPosition":[-21.269,181.329,-1.65186],"stabilizedTipPosition":[-7.34748,160.331,18.6345],"timeVisible":8.646,"tipPosition":[-9.95187,151.475,17.6682],"tipVelocity":[6.26066,18.7021,-3.47769],"tool":false,"touchDistance":0.333333,"touchZone":"none","type":3,"width":19.4652},{"bases":[[[-0.912038,-0.37751,0.160229],[0.0339298,-0.45882,-0.887881],[0.408701,-0.804344,0.43127]],[[-0.88868,-0.42032,0.183244],[-0.439941,0.66898,-0.599098],[0.129227,-0.613023,-0.779425]],[[-0.88868,-0.42032,0.183244],[-0.247809,0.776509,0.579332],[-0.385795,0.469431,-0.794227]],[[-0.88868,-0.42032,0.183244],[0.100552,0.211264,0.972243],[-0.447366,0.882439,-0.145482]]],"btipPosition":[-19.3142,145.478,9.09407],"carpPosition":[-5.83745,101.866,-8.70553],"dipPosition":[-26.5079,159.667,6.75471],"direction":[0.385795,-0.469431,0.794227],"extended":false,"handId":131,"id":1314,"length":47.1211,"mcpPosition":[-29.2845,148.011,-33.4473],"pipPosition":[-33.5472,168.233,-7.73697],"stabilizedTipPosition":[-19.3241,155.424,9.50026],"timeVisible":8.646,"tipPosition":[-21.3977,147.628,8.53533],"tipVelocity":[-4.22874,16.2551,-2.03982],"tool":false,"touchDistance":0.333333,"touchZone":"none","type":4,"width":17.2905}],"r":[[0.448371,0.147769,0.881549],[0.554473,0.727574,-0.403974],[-0.701087,0.669925,0.244289]],"s":1.3859,"t":[2.52145,-48.3628,-46.6076],"timestamp":17833487664},{"currentFrameRate":113.163,"devices":[],"gestures":[],"hands":[{"armBasis":[[-0.835715,-0.538341,0.108483],[0.402398,-0.734729,-0.546121],[0.373705,-0.412749,0.830652]],"armWidth":66.9139,"confidence":1,"direction":[-0.135871,0.875373,-0.463962],"elbow":[114.261,-25.2643,237.578],"grabAngle":3.11365,"grabStrength":0.861468,"id":131,"palmNormal":[-0.381792,0.385871,0.839844],"palmPosition":[6.69163,150.128,-17.9828],"palmVelocity":[5.95131,16.9683,-0.915512],"palmWidth":90.0241,"pinchDistance":20.4581,"pinchStrength":1,"r":[[0.448774,0.146826,0.881501],[0.554844,0.727475,-0.403643],[-0.700536,0.67024,0.245006]],"s":1.3835,"sphereCenter":[-16.2381,178.156,7.89633],"sphereRadius":39.8412,"stabilizedPalmPosition":[8.87144,157.852,-17.2236],"t":[2.57188,-48.2227,-46.626],"timeVisible":8.6547,"type":"right","wrist":[14.4314,84.9949,15.6824]}],"id":87053,"interactionBox":{"center":[0,200,0],"size":[235.247,235.247,147.751]},"pointables":[{"bases":[[[-0.0529022,-0.291517,-0.955102],[0.959516,-0.2798,0.0322541],[-0.27664,-0.914729,0.294518]],[[0.0516388,0.062186,-0.996728],[0.994726,-0.0917744,0.0458092],[-0.0886254,-0.993836,-0.0665971]],[[0.0516388,0.062186,-0.996728],[0.992178,0.110384,0.0582899],[0.113648,-0.991942,-0.0559995]],[[0.0516388,0.062186,-0.996728],[0.868368,0.490129,0.0755679],[0.493225,-0.869429,-0.0286906]]],"btipPosition":[20.8474,208.505,25.2798],"carpPosition":[30.8539,108.888,19.5831],"dipPosition":[31.616,189.522,24.6533],"direction":[-0.113648,0.991942,0.0559995],"extended":false,"handId":131,"id":1310,"length":48.619,"mcpPosition":[30.8539,108.888,19.5831],"pipPosition":[35.2309,157.971,22.8721],"stabilizedTipPosition":[28.7781,216.248,28.5031],"timeVisible":8.6547,"tipPosition":[23.5069,203.669,28.6761],"tipVelocity":[8.30094,5.90774,1.92948],"tool":false,"touchDistance":0.333333,"touchZone":"none","type":0,"width":21.805},{"bases":[[[-0.924041,-0.140136,-0.355682],[0.380469,-0.246338,-0.891382],[0.0372965,-0.958999,0.280944]],[[-0.923195,-0.0445176,-0.381745],[0.315686,0.478695,-0.819264],[0.219211,-0.876852,-0.427876]],[[-0.923195,-0.0445176,-0.381745],[0.0180415,0.987154,-0.158749],[0.383908,-0.153443,-0.910533]],[[-0.923195,-0.0445176,-0.381745],[-0.133189,0.968776,0.209124],[0.360516,0.243907,-0.900299]]],"btipPosition":[3.60297,212.886,27.7555],"carpPosition":[29.5063,108.366,-3.82483],"dipPosition":[9.34924,216.774,13.4056],"direction":[-0.383908,0.153443,0.910533],"extended":false,"handId":131,"id":1311,"length":54.8611,"mcpPosition":[26.7916,178.171,-24.2744],"pipPosition":[18.0058,213.314,-7.12542],"stabilizedTipPosition":[4.64373,216.471,23.6836],"timeVisible":8.6547,"tipPosition":[5.67259,223.668,21.4131],"tipVelocity":[24.0606,5.77296,-1.31373],"tool":false,"touchDistance":0.333333,"touchZone":"none","type":1,"width":20.8281},{"bases":[[[-0.961738,-0.22435,-0.15725],[0.219498,-0.287478,-0.932297],[0.163955,-0.931141,0.325723]],[[-0.966748,-0.19262,-0.168213],[-0.0628745,0.816613,-0.57375],[0.247881,-0.544096,-0.80157]],[[-0.966748,-0.19262,-0.168213],[-0.255708,0.719341,0.645881],[-0.00340694,0.667417,-0.744676]],[[-0.966748,-0.19262,-0.168213],[-0.168986,-0.0125311,0.985539],[-0.191943,0.981193,-0.0204357]]],"btipPosition":[-0.0189548,160.655,23.8962],"carpPosition":[18.9893,106.822,-9.77636],"dipPosition":[-3.38388,177.856,23.5379],"direction":[0.00340694,-0.667417,0.744676],"extended":false,"handId":131,"id":1312,"length":62.5098,"mcpPosition":[7.67191,171.096,-32.2602],"pipPosition":[-3.47426,195.561,3.78306],"stabilizedTipPosition":[1.34747,171.523,24.6119],"timeVisible":8.6547,"tipPosition":[-0.502928,164.476,24.4436],"tipVelocity":[1.85841,14.9737,0.232586],"tool":false,"touchDistance":0.333333,"touchZone":"none","type":2,"width":20.456},{"bases":[[[-0.94092,-0.336616,-0.036872],[0.155339,-0.332309,-0.930291],[0.300898,-0.881057,0.364966]],[[-0.921184,-0.388842,-0.0149208],[-0.307145,0.750114,-0.585653],[0.238919,-0.534912,-0.810424]],[[-0.921184,-0.388842,-0.0149208],[-0.296505,0.67657,0.674046],[-0.252002,0.625344,-0.738539]],[[-0.921184,-0.388842,-0.0149208],[-0.0204858,0.0101694,0.999738],[-0.388588,0.921248,-0.0173336]]],"btipPosition":[-7.90145,149.289,17.7757],"carpPosition":[7.41949,104.608,-12.7732],"dipPosition":[-14.6746,165.346,17.4736],"direction":[0.252002,-0.625344,0.738539],"extended":false,"handId":131,"id":1313,"length":60.1048,"mcpPosition":[-11.2287,159.211,-35.3919],"pipPosition":[-21.1871,181.507,-1.61243],"stabilizedTipPosition":[-7.36478,160.271,18.6269],"timeVisible":8.6547,"tipPosition":[-9.88395,151.577,17.6693],"tipVelocity":[6.01825,15.601,-1.37791],"tool":false,"touchDistance":0.333333,"touchZone":"none","type":3,"width":19.4652},{"bases":[[[-0.912416,-0.376761,0.159838],[0.0330703,-0.457145,-0.888777],[0.407925,-0.805649,0.429566]],[[-0.891092,-0.416201,0.180917],[-0.435386,0.671554,-0.599545],[0.128036,-0.613019,-0.779624]],[[-0.891092,-0.416201,0.180917],[-0.245072,0.776843,0.580048],[-0.381961,0.472538,-0.794238]],[[-0.891092,-0.416201,0.180917],[0.100018,0.208742,0.972843],[-0.442663,0.884988,-0.144381]]],"btipPosition":[-19.3766,145.599,9.0847],"carpPosition":[-5.83808,102.011,-8.80174],"dipPosition":[-26.4947,159.83,6.76305],"direction":[0.381961,-0.472538,0.794238],"extended":false,"handId":131,"id":1314,"length":47.1211,"mcpPosition":[-29.2406,148.23,-33.4458],"pipPosition":[-33.4641,168.452,-7.72882],"stabilizedTipP