{"frames":54,"data":[{"currentFrameRate":115.287,"devices":[],"gestures":[],"hands":[{"armBasis":[[-0.824353,-0.399887,0.400666],[0.378878,-0.915644,-0.13434],[0.420588,0.0410594,0.906322]],"armWidth":66.9139,"confidence":1,"direction":[-0.112642,0.674842,-0.729314],"elbow":[162.641,108.249,286.845],"grabAngle":3.14159,"grabStrength":1,"id":131,"palmNormal":[-0.381634,0.648307,0.658828],"palmPosition":[43.3422,146.153,-9.08724],"palmVelocity":[0.892994,-2.2322,3.81802],"palmWidth":90.0241,"pinchDistance":25.1928,"pinchStrength":0.794895,"r":[[0.450355,0.415599,0.790226],[0.573811,0.543357,-0.612784],[-0.684048,0.729411,0.00622817]],"s":1.20601,"sphereCenter":[26.4638,180.247,3.61373],"sphereRadius":37.0532,"stabilizedPalmPosition":[36.1696,144.334,-11.6313],"t":[39.2667,-52.0382,-37.7765],"timeVisible":11.0914,"type":"right","wrist":[50.2879,97.2811,44.7358]}],"id":87330,"interactionBox":{"center":[0,200,0],"size":[235.247,235.247,147.751]},"pointables":[{"bases":[[[-0.0498056,-0.590042,-0.805835],[0.95297,-0.269575,0.138486],[-0.298945,-0.761039,0.575718]],[[0.100171,-0.151095,-0.983431],[0.977919,-0.167249,0.125306],[-0.183411,-0.974268,0.131005]],[[0.100171,-0.151095,-0.983431],[0.978033,0.196549,0.0694236],[0.182803,-0.968782,0.167464]],[[0.100171,-0.151095,-0.983431],[0.913562,0.405537,0.0307476],[0.394171,-0.901505,0.178658]]],"btipPosition":[60.89,217.869,24.6862],"carpPosition":[66.2523,119.255,40.3835],"dipPosition":[69.496,198.186,28.5869],"direction":[-0.182803,0.968782,-0.167464],"extended":false,"handId":131,"id":1310,"length":48.619,"mcpPosition":[66.2523,119.255,40.3835],"pipPosition":[75.3105,167.372,33.9135],"stabilizedTipPosition":[51.8256,209.761,23.7113],"timeVisible":11.0914,"tipPosition":[60.6877,212.197,23.8204],"tipVelocity":[-0.00101694,-2.64446,6.04186],"tool":false,"touchDistance":0.24687,"touchZone":"hovering","type":0,"width":21.805},{"bases":[[[-0.923313,-0.23423,-0.30435],[0.383789,-0.533668,-0.753594],[0.0140927,-0.81261,0.582638]],[[-0.895545,-0.414112,-0.162823],[-0.0779358,0.506235,-0.858867],[0.438093,-0.756464,-0.48563]],[[-0.895545,-0.414112,-0.162823],[-0.441716,0.871521,0.212928],[0.0537273,0.262608,-0.963406]],[[-0.895545,-0.414112,-0.162823],[-0.360611,0.461051,0.810797],[-0.260691,0.784821,-0.562225]]],"btipPosition":[49.4814,182.081,26.1833],"carpPosition":[65.1219,111.044,18.4444],"dipPosition":[45.3262,194.59,17.222],"direction":[-0.0537273,-0.262608,0.963406],"extended":false,"handId":131,"id":1311,"length":54.8611,"mcpPosition":[64.0961,170.193,-23.965],"pipPosition":[46.5377,200.512,-4.50125],"stabilizedTipPosition":[44.5305,184.863,21.4189],"timeVisible":11.0914,"tipPosition":[46.9126,188.178,21.6509],"tipVelocity":[-8.18938,9.55735,15.6143],"tool":false,"touchDistance":0.333333,"touchZone":"none","type":1,"width":20.8281},{"bases":[[[-0.964728,-0.247431,-0.0898768],[0.222383,-0.583296,-0.781224],[0.140874,-0.773656,0.617746]],[[-0.954545,-0.293377,-0.0526725],[-0.151659,0.630163,-0.761508],[0.256602,-0.718905,-0.646011]],[[-0.954545,-0.293377,-0.0526725],[-0.273386,0.791313,0.546886],[-0.118764,0.536427,-0.835549]],[[-0.954545,-0.293377,-0.0526725],[-0.110145,0.182977,0.976928],[-0.276971,0.938323,-0.206973]]],"btipPosition":[41.3764,162.846,25.3687],"carpPosition":[54.6328,107.796,13.1678],"dipPosition":[36.5208,179.295,21.7403],"direction":[0.118764,-0.536427,0.835549],"extended":false,"handId":131,"id":1312,"length":62.5098,"mcpPosition":[44.9086,161.2,-29.4736],"pipPosition":[33.3703,193.526,-0.425235],"stabilizedTipPosition":[28.5839,166.49,24.2217],"timeVisible":11.0914,"tipPosition":[39.3865,168.442,25.1017],"tipVelocity":[1.77287,-8.73045,3.94425],"tool":false,"touchDistance":0.333333,"touchZone":"none","type":2,"width":20.456},{"bases":[[[-0.947483,-0.313904,0.0611587],[0.157267,-0.623848,-0.765559],[0.278466,-0.715736,0.640452]],[[-0.92908,-0.356258,0.0994528],[-0.296504,0.556602,-0.776067],[0.221124,-0.750516,-0.622759]],[[-0.92908,-0.356258,0.0994528],[-0.238265,0.782106,0.575795],[-0.282914,0.511263,-0.811523]],[[-0.92908,-0.356258,0.0994528],[0.00516604,0.256355,0.966569],[-0.369843,0.898534,-0.236334]]],"btipPosition":[30.3312,151.678,22.2402],"carpPosition":[43.0481,104.912,10.8834],"dipPosition":[23.8848,167.34,18.1209],"direction":[0.282914,-0.511263,0.811523],"extended":false,"handId":131,"id":1313,"length":60.1048,"mcpPosition":[25.7902,149.27,-28.8087],"pipPosition":[16.5734,180.552,-2.85129],"stabilizedTipPosition":[21.8551,153.228,19.6531],"timeVisible":11.0914,"tipPosition":[28.4539,155.776,21.6941],"tipVelocity":[1.64186,-7.21133,2.57396],"tool":false,"touchDistance":0.333333,"touchZone":"none","type":3,"width":19.4652},{"bases":[[[-0.921759,-0.287211,0.260519],[0.0319642,-0.725844,-0.687117],[0.386444,-0.625029,0.678233]],[[-0.932103,-0.269799,0.241644],[-0.346613,0.470894,-0.811245],[0.105084,-0.839921,-0.532438]],[[-0.932103,-0.269799,0.241644],[-0.150322,0.895166,0.419621],[-0.329525,0.354806,-0.874944]],[[-0.932103,-0.269799,0.241644],[0.124781,0.387119,0.913547],[-0.340019,0.881673,-0.327169]]],"btipPosition":[15.5437,146.911,15.1525],"carpPosition":[29.7001,103.999,15.274],"dipPosition":[10.0762,161.089,9.8916],"direction":[0.329525,-0.354806,0.874944],"extended":false,"handId":131,"id":1314,"length":47.1211,"mcpPosition":[7.52996,139.857,-23.636],"pipPosition":[4.06362,167.563,-6.07284],"stabilizedTipPosition":[11.2651,148.565,12.5079],"timeVisible":11.0914,"tipPosition":[15.4747,149.84,13.5277],"tipVelocity":[-1.57607,-8.07084,3.24602],"tool":false,"touchDistance":0.333333,"touchZone":"none","type":4,"width":17.2905}],"r":[[0.450355,0.415599,0.790226],[0.573811,0.543357,-0.612784],[-0.684048,0.729411,0.00622817]],"s":1.20601,"t":[39.2667,-52.0382,-37.7765],"timestamp":17835933095},{"currentFrameRate":115.248,"devices":[],"gestures":[],"hands":[{"armBasis":[[-0.823718,-0.400976,0.400884],[0.380106,-0.915138,-0.134323],[0.420724,0.0417341,0.906228]],"armWidth":66.9139,"confidence":1,"direction":[-0.112869,0.673932,-0.730121],"elbow":[162.71,108.472,286.885],"grabAngle":3.14159,"grabStrength":1,"id":131,"palmNormal":[-0.382778,0.648608,0.657866],"palmPosition":[43.3502,146.138,-9.07387],"palmVelocity":[0.906934,-1.74036,1.52958],"palmWidth":90.0241,"pinchDistance":25.177,"pinchStrength":0.796077,"r":[[0.450092,0.416578,0.789861],[0.573343,0.543315,-0.613259],[-0.684613,0.728884,0.00569937]],"s":1.20716,"sphereCenter":[26.4241,180.225,3.57929],"sphereRadius":37.0608,"stabilizedPalmPosition":[36.1801,144.336,-11.6276],"t":[39.2738,-52.0553,-37.756],"timeVisible":11.1002,"type":"right","wrist":[50.3203,97.3236,44.8008]}],"id":87331,"interactionBox":{"center":[0,200,0],"size":[235.247,235.247,147.751]},"pointables":[{"bases":[[[-0.048623,-0.590966,-0.80523],[0.953164,-0.268401,0.139426],[-0.298521,-0.760737,0.576338]],[[0.100985,-0.152112,-0.983191],[0.977942,-0.166443,0.126197],[-0.182841,-0.974248,0.131949]],[[0.100985,-0.152112,-0.983191],[0.977677,0.198196,0.0697553],[0.184254,-0.968287,0.168732]],[[0.100985,-0.152112,-0.983191],[0.913515,0.405617,0.0310743],[0.394073,-0.901297,0.179918]]],"btipPosition":[60.821,217.911,24.6298],"carpPosition":[66.2553,119.318,40.4416],"dipPosition":[69.4248,198.233,28.558],"direction":[-0.184254,0.968287,-0.168732],"extended":false,"handId":131,"id":1310,"length":48.619,"mcpPosition":[66.2553,119.318,40.4416],"pipPosition":[75.2854,167.434,33.9249],"stabilizedTipPosition":[51.839,209.765,23.7136],"timeVisible":11.1002,"tipPosition":[60.6051,212.238,23.7762],"tipVelocity":[-7.95666,4.8845,-5.72808],"tool":false,"touchDistance":0.246036,"touchZone":"hovering","type":0,"width":21.805},{"bases":[[[-0.922854,-0.235551,-0.304725],[0.384876,-0.53407,-0.752755],[0.014568,-0.811963,0.583526]],[[-0.895002,-0.415205,-0.163023],[-0.0779916,0.505502,-0.859293],[0.439191,-0.756355,-0.484808]],[[-0.895002,-0.415205,-0.163023],[-0.442602,0.87206,0.208843],[0.055453,0.259069,-0.964266]],[[-0.895002,-0.415205,-0.163023],[-0.363333,0.466565,0.806416],[-0.258767,0.780975,-0.568434]]],"btipPosition":[49.36,182.209,26.2702],"carpPosition":[65.1488,111.082,18.5106],"dipPosition":[45.2355,194.657,17.2099],"direction":[-0.055453,-0.259069,0.964266],"extended":false,"handId":131,"id":1311,"length":54.8611,"mcpPosition":[64.0884,170.184,-23.9635],"pipPosition":[46.4859,200.498,-4.53272],"stabilizedTipPosition":[44.5415,184.864,21.4268],"timeVisible":11.1002,"tipPosition":[46.8686,188.171,21.6446],"tipVelocity":[-13.0705,12.9941,7.33613],"tool":false,"touchDistance":0.333333,"touchZone":"none","type":1,"width":20.8281},{"bases":[[[-0.9644,-0.248564,-0.0902652],[0.223542,-0.583901,-0.780441],[0.141284,-0.772836,0.618679]],[[-0.954193,-0.294459,-0.0530043],[-0.151909,0.629433,-0.762061],[0.257759,-0.719102,-0.645332]],[[-0.954193,-0.294459,-0.0530043],[-0.274415,0.790741,0.547197],[-0.119215,0.536677,-0.835324]],[[-0.954193,-0.294459,-0.0530043],[-0.11103,0.183991,0.976637],[-0.277828,0.937785,-0.208257]]],"btipPosition":[41.357,162.822,25.3529],"carpPosition":[54.6667,107.817,13.2303],"dipPosition":[36.4864,179.262,21.7019],"direction":[0.119215,-0.536677,0.835324],"extended":false,"handId":131,"id":1312,"length":62.5098,"mcpPosition":[44.9142,161.164,-29.4755],"pipPosition":[33.3239,193.499,-0.457621],"stabilizedTipPosition":[28.6086,166.49,24.2224],"timeVisible":11.1002,"tipPosition":[39.35,168.453,25.0864],"tipVelocity":[-2.61249,-2.98984,-2.40397],"tool":false,"touchDistance":0.333333,"touchZone":"none","type":2,"width":20.456},{"bases":[[[-0.947187,-0.314855,0.0608539],[0.158458,-0.624507,-0.764776],[0.278798,-0.714743,0.641416]],[[-0.928765,-0.357148,0.0992062],[-0.296609,0.555567,-0.776768],[0.222305,-0.75086,-0.621924]],[[-0.928765,-0.357148,0.0992062],[-0.239234,0.781998,0.57554],[-0.283132,0.510807,-0.811734]],[[-0.928765,-0.357148,0.0992062],[0.00443832,0.256906,0.966426],[-0.370644,0.898023,-0.23702]]],"btipPosition":[30.3196,151.658,22.2209],"carpPosition":[43.0867,104.918,10.9412],"dipPosition":[23.8592,167.31,18.0896],"direction":[0.283132,-0.510807,0.811734],"extended":false,"handId":131,"id":1313,"length":60.1048,"mcpPosition":[25.8082,149.214,-28.8106],"pipPosition":[16.5422,180.511,-2.88804],"stabilizedTipPosition":[21.8722,153.233,19.6571],"timeVisible":11.1002,"tipPosition":[28.4313,155.777,21.6861],"tipVelocity":[-1.69503,-2.56604,-2.52635],"tool":false,"touchDistance":0.333333,"touchZone":"none","type":3,"width":19.4652},{"bases":[[[-0.921627,-0.287919,0.260203],[0.0332116,-0.726552,-0.686309],[0.386652,-0.623879,0.679172]],[[-0.932593,-0.26946,0.24013],[-0.345028,0.470258,-0.812289],[0.105956,-0.840386,-0.53153]],[[-0.932593,-0.26946,0.24013],[-0.150704,0.895249,0.419307],[-0.327962,0.354854,-0.875511]],[[-0.932593,-0.26946,0.24013],[0.123408,0.387152,0.91372],[-0.339177,0.881762,-0.327802]]],"btipPosition":[15.4976,146.855,15.1389],"carpPosition":[29.7367,103.996,15.3237],"dipPosition":[10.0436,161.034,9.86786],"direction":[0.327962,-0.354854,0.875511],"extended":false,"handId":131,"id":1314,"length":47.1211,"mcpPosition":[7.55459,139.787,-23.6402],"pipPosition":[4.05949,167.509,-6.10694],"stabilizedTipPosition":[11.2769,148.571,12.5136],"timeVisible":11.1002,"tipPosition":[15.4595,149.82,13.5194],"tipVelocity":[-4.92517,-6.4128,-1.82026],"tool":false,"touchDistance":0.333333,"touchZone":"none","type":4,"width":17.2905}],"r":[[0.450092,0.416578,0.789861],[0.573343,0.543315,-0.613259],[-0.684613,0.728884,0.00569937]],"s":1.20716,"t":[39.2738,-52.0553,-37.756],"timestamp":17835941837},{"currentFrameRate":115.278,"devices":[],"gestures":[],"hands":[{"armBasis":[[-0.823328,-0.401474,0.401184],[0.38084,-0.914884,-0.13397],[0.420823,0.0424857,0.906147]],"armWidth":66.9139,"confidence":1,"direction":[-0.113153,0.673299,-0.73066],"elbow":[162.739,108.676,286.898],"grabAngle":3.14159,"grabStrength":1,"id":131,"palmNormal":[-0.383406,0.648837,0.657275],"palmPosition":[43.3284,146.098,-9.07557],"palmVelocity":[-2.52678,-4.60093,-0.198079],"palmWidth":90.0241,"pinchDistance":25.1592,"pinchStrength":0.797421,"r":[[0.44978,0.417543,0.789529],[0.572925,0.543268,-0.613692],[-0.685168,0.728367,0.0051307]],"s":1.20831,"sphereCenter":[26.3724,180.18,3.54792],"sphereRadius":37.0678,"stabilizedPalmPosition":[36.192,144.339,-11.6233],"t":[39.2664,-52.0838,-37.7466],"timeVisible":11.1088,"type":"right","wrist":[50.3229,97.3271,44.8355]}],"id":87332,"interactionBox":{"center":[0,200,0],"size":[235.247,235.247,147.751]},"pointables":[{"bases":[[[-0.0479973,-0.591609,-0.804795],[0.953316,-0.267624,0.139877],[-0.298135,-0.76051,0.576836]],[[0.101328,-0.152853,-0.98304],[0.977971,-0.165958,0.12661],[-0.182496,-0.974215,0.132669]],[[0.101328,-0.152853,-0.98304],[0.977437,0.199381,0.0697489],[0.185338,-0.967927,0.169607]],[[0.101328,-0.152853,-0.98304],[0.913659,0.405284,0.0311591],[0.393648,-0.901322,0.180722]]],"btipPosition":[60.7629,217.912,24.5734],"carpPosition":[66.2395,119.332,40.4661],"dipPosition":[69.3574,198.233,28.5191],"direction":[-0.185338,0.967927,-0.169607],"extended":false,"handId":131,"id":1310,"length":48.619,"mcpPosition":[66.2395,119.332,40.4661],"pipPosition":[75.2526,167.446,33.9139],"stabilizedTipPosition":[51.8521,209.769,23.7157],"timeVisible":11.1088,"tipPosition":[60.5309,212.236,23.7311],"tipVelocity":[-6.98339,0.146865,-6.0767],"tool":false,"touchDistance":0.245162,"touchZone":"hovering","type":0,"width":21.805},{"bases":[[[-0.922608,-0.236431,-0.304786],[0.385447,-0.534369,-0.75225],[0.0149873,-0.811511,0.584145]],[[-0.894669,-0.415953,-0.162945],[-0.0781341,0.504827,-0.859677],[0.439844,-0.756394,-0.484153]],[[-0.894669,-0.415953,-0.162945],[-0.443087,0.872728,0.20499],[0.0569406,0.255597,-0.965105]],[[-0.894669,-0.415953,-0.162945],[-0.365502,0.47184,0.802356],[-0.256858,0.7774,-0.574172]]],"btipPosition":[49.235,182.309,26.3398],"carpPosition":[65.1444,111.079,18.5411],"dipPosition":[45.141,194.7,17.1881],"direction":[-0.0569406,-0.255597,0.965105],"extended":false,"handId":131,"id":1311,"length":54.8611,"mcpPosition":[64.0535,170.148,-23.978],"pipPosition":[46.4249,200.463,-4.57348],"stabilizedTipPosition":[44.5533,184.865,21.4356],"timeVisible":11.1088,"tipPosition":[46.8229,188.13,21.6361],"tipVelocity":[-13.6827,10.1338,5.63492],"tool":false,"touchDistance":0.333333,"touchZone":"none","type":1,"width":20.8281},{"bases":[[[-0.964202,-0.249311,-0.0903278],[0.224156,-0.584334,-0.779941],[0.141667,-0.772268,0.619301]],[[-0.953972,-0.295171,-0.0530295],[-0.152242,0.628999,-0.762354],[0.25838,-0.71919,-0.644984]],[[-0.953972,-0.295171,-0.0530295],[-0.274928,0.790125,0.547829],[-0.119803,0.537193,-0.834908]],[[-0.953972,-0.295171,-0.0530295],[-0.111471,0.184843,0.976426],[-0.278411,0.937394,-0.209238]]],"btipPosition":[41.3279,162.765,25.3307],"carpPosition":[54.6661,107.802,13.2606],"dipPosition":[36.4471,179.198,21.6626],"direction":[0.119803,-0.537193,0.834908],"extended":false,"handId":131,"id":1312,"length":62.5098,"mcpPosition":[44.8872,161.11,-29.4881],"pipPosition":[33.2689,193.449,-0.485915],"stabilizedTipPosition":[28.6341,166.49,24.2229],"timeVisible":11.1088,"tipPosition":[39.3063,168.431,25.065],"tipVelocity":[-3.65298,-6.77772,-3.02533],"tool":false,"touchDistance":0.333333,"touchZone":"none","type":2,"width":20.456},{"bases":[[[-0.946981,-0.315476,0.0608459],[0.159097,-0.624974,-0.764262],[0.279133,-0.714061,0.642029]],[[-0.928539,-0.357726,0.099235],[-0.296841,0.554917,-0.777144],[0.222937,-0.751065,-0.62145]],[[-0.928539,-0.357726,0.099235],[-0.239686,0.781818,0.575596],[-0.28349,0.510678,-0.81169]],[[-0.928539,-0.357726,0.099235],[0.00418906,0.257197,0.96635],[-0.371212,0.897709,-0.237319]]],"btipPosition":[30.2936,151.608,22.1966],"carpPosition":[43.0887,104.893,10.9706],"dipPosition":[23.8233,167.255,18.0601],"direction":[0.28349,-0.510678,0.81169],"extended":false,"handId":131,"id":1313,"length":60.1048,"mcpPosition":[25.7894,149.147,-28.8192],"pipPosition":[16.4971,180.453,-2.9164],"stabilizedTipPosition":[21.8893,153.238,19.661],"timeVisible":11.1088,"tipPosition":[28.3955,155.749,21.6724],"tipVelocity":[-3.27981,-5.89957,-2.95388],"tool":false,"touchDistance":0.333333,"touchZone":"none","type":3,"width":19.4652},{"bases":[[[-0.921492,-0.288371,0.260181],[0.0339018,-0.727047,-0.68575],[0.386914,-0.623093,0.679745]],[[-0.932874,-0.269216,0.23931],[-0.344136,0.469915,-0.812865],[0.106381,-0.840656,-0.531018]],[[-0.932874,-0.269216,0.23931],[-0.150754,0.895196,0.419402],[-0.327139,0.355172,-0.87569]],[[-0.932874,-0.269216,0.23931],[0.122772,0.386947,0.913892],[-0.338635,0.881927,-0.327921]]],"btipPosition":[15.4463,146.78,15.121],"carpPosition":[29.7382,103.965,15.3503],"dipPosition":[10.001,160.961,9.84802],"direction":[0.327139,-0.355172,0.87569],"extended":false,"handId":131,"id":1314,"length":47.1211,"mcpPosition":[7.54107,139.711,-23.6464],"pipPosition":[4.03195,167.442,-6.13004],"stabilizedTipPosition":[11.2888,148.577,12.5192],"timeVisible":11.1088,"tipPosition":[15.4262,149.779,13.5087],"tipVelocity":[-5.71393,-8.67659,-2.12898],"tool":false,"touchDistance":0.333333,"touchZone":"none","type":4,"width":17.2905}],"r":[[0.44978,0.417543,0.789529],[0.572925,0.543268,-0.613692],[-0.685168,0.728367,0.0051307]],"s":1.20831,"t":[39.2664,-52.0838,-37.7466],"timestamp":17835950461},{"currentFrameRate":115.295,"devices":[],"gestures":[],"hands":[{"armBasis":[[-0.822906,-0.40226,0.401263],[0.381775,-0.914513,-0.133843],[0.4208,0.0430518,0.906131]],"armWidth":66.9139,"confidence":1,"direction":[-0.113467,0.673227,-0.730678],"elbow":[162.765,108.809,286.93],"grabAngle":3.14159,"grabStrength":1,"id":131,"palmNormal":[-0.384324,0.648437,0.657134],"palmPosition":[43.3332,146.074,-9.03879],"palmVelocity":[0.55913,-2.80321,4.25596],"palmWidth":90.0241,"pinchDistance":25.1549,"pinchStrength":0.797996,"r":[[0.449379,0.418392,0.789307],[0.572541,0.543345,-0.613981],[-0.685752,0.727821,0.00462141]],"s":1.20945,"sphereCenter":[26.3482,180.138,3.57855],"sphereRadius":37.0751,"stabilizedPalmPosition":[36.2018,144.342,-11.6198],"t":[39.2651,-52.1101,-37.7235],"timeVisible":11.1174,"type":"right","wrist":[50.3555,97.3088,44.872]}],"id":87333,"interactionBox":{"center":[0,200,0],"size":[235.247,235.247,147.751]},"pointables":[{"bases":[[[-0.0470678,-0.591615,-0.804846],[0.953509,-0.266719,0.140294],[-0.297668,-0.760824,0.576664]],[[0.101924,-0.152688,-0.983005],[0.977984,-0.165501,0.12711],[-0.182096,-0.974318,0.132458]],[[0.101924,-0.152688,-0.983005],[0.977119,0.2008,0.0701238],[0.18668,-0.96766,0.169661]],[[0.101924,-0.152688,-0.983005],[0.913788,0.404941,0.0318484],[0.393196,-0.901504,0.180798]]],"btipPosition":[60.7184,217.908,24.6263],"carpPosition":[66.2476,119.327,40.5119],"dipPosition":[69.303,198.225,28.5736],"direction":[-0.18668,0.96766,-0.169661],"extended":false,"handId":131,"id":1310,"length":48.619,"mcpPosition":[66.2476,119.327,40.5119],"pipPosition":[75.2409,167.446,33.9701],"stabilizedTipPosition":[51.8641,209.773,23.7177],"timeVisible":11.1174,"tipPosition":[60.4619,212.229,23.7823],"tipVelocity":[-5.40729,-0.587116,6.16283],"tool":false,"touchDistance":0.24605,"touchZone":"hovering","type":0,"width":21.805},{"bases":[[[-0.922244,-0.237299,-0.305214],[0.386298,-0.533962,-0.752102],[0.0155002,-0.811525,0.584112]],[[-0.894222,-0.416717,-0.163442],[-0.0784128,0.505319,-0.859363],[0.440701,-0.755645,-0.484543]],[[-0.894222,-0.416717,-0.163442],[-0.443811,0.87294,0.202503],[0.0582892,0.25362,-0.965546]],[[-0.894222,-0.416717,-0.163442],[-0.367635,0.475415,0.799265],[-0.255364,0.774808,-0.578327]]],"btipPosition":[49.135,182.361,26.479],"carpPosition":[65.1703,111.074,18.586],"dipPosition":[45.0648,194.711,17.261],"direction":[-0.0582892,-0.25362,0.965546],"extended":false,"handId":131,"id":1311,"length":54.8611,"mcpPosition":[64.0421,170.144,-23.9307],"pipPosition":[46.3791,200.43,-4.51051],"stabilizedTipPosition":[44.5631,184.866,21.4435],"timeVisible":11.1174,"tipPosition":[46.7844,188.085,21.6968],"tipVelocity":[-10.9395,4.93872,14.3332],"tool":false,"touchDistance":0.333333,"touchZone":"none","type":1,"width":20.8281},{"bases":[[[-0.963922,-0.250229,-0.0907754],[0.225067,-0.584081,-0.779868],[0.142126,-0.772162,0.619327]],[[-0.953665,-0.296081,-0.0534747],[-0.152644,0.629291,-0.762032],[0.259275,-0.718561,-0.645327]],[[-0.953665,-0.296081,-0.0534747],[-0.275722,0.788899,0.549195],[-0.12042,0.538492,-0.833981]],[[-0.953665,-0.296081,-0.0534747],[-0.112038,0.18452,0.976422],[-0.279233,0.93717,-0.209142]]],"btipPosition":[41.3181,162.684,25.3581],"carpPosition":[54.6974,107.788,13.3006],"dipPosition":[36.4229,179.114,21.6917],"direction":[0.12042,-0.538492,0.833981],"extended":false,"handId":131,"id":1312,"length":62.5098,"mcpPosition":[44.8869,161.088,-29.4499],"pipPosition":[33.2284,193.399,-0.432259],"stabilizedTipPosition":[28.6612,166.49,24.2236],"timeVisible":11.1174,"tipPosition":[39.2777,168.394,25.0989],"tipVelocity":[-1.51124,-9.43009,3.21474],"tool":false,"touchDistance":0.333333,"touchZone":"none","type":2,"width":20.456},{"bases":[[[-0.946706,-0.316385,0.0604028],[0.16004,-0.624783,-0.764221],[0.279527,-0.713825,0.64212]],[[-0.928241,-0.358619,0.0987982],[-0.297102,0.554944,-0.777025],[0.223829,-0.750619,-0.621668]],[[-0.928241,-0.358619,0.0987982],[-0.24043,0.781086,0.57628],[-0.283835,0.511173,-0.811258]],[[-0.928241,-0.358619,0.0987982],[0.00378993,0.25647,0.966545],[-0.371961,0.897561,-0.236706]]],"btipPosition":[30.2893,151.539,22.2129],"carpPosition":[43.1239,104.868,11.0052],"dipPosition":[23.8059,167.184,18.0871],"direction":[0.283835,-0.511173,0.811258],"extended":false,"handId":131,"id":1313,"length":60.1048,"mcpPosition":[25.8002,149.107,-28.7902],"pipPosition":[16.4708,180.394,-2.87827],"stabilizedTipPosition":[21.9074,153.243,19.6652],"timeVisible":11.1174,"tipPosition":[28.3782,155.708,21.7019],"tipVelocity":[-0.848026,-8.02987,2.16781],"tool":false,"touchDistance":0.333333,"touchZone":"none","type":3,"width":19.4652},{"bases":[[[-0.921333,-0.289265,0.259751],[0.034907,-0.726981,-0.68577],[0.387203,-0.622756,0.679889]],[[-0.933235,-0.269219,0.237894],[-0.34296,0.470355,-0.813108],[0.10701,-0.840409,-0.531283]],[[-0.933235,-0.269219,0.237894],[-0.151025,0.894793,0.420162],[-0.325982,0.356182,-0.875711]],[[-0.933235,-0.269219,0.237894],[0.121785,0.385902,0.914466],[-0.337996,0.882383,-0.32735]]],"btipPosition":[15.4117,146.688,15.1413],"carpPosition":[29.7723,103.926,15.3789],"dipPosition":[9.97671,160.877,9.87747],"direction":[0.325982,-0.356182,0.875711],"extended":false,"handId":131,"id":1314,"length":47.1211,"mcpPosition":[7.55862,139.654,-23.6261],"pipPosition":[4.02876,167.376,-6.10098],"stabilizedTipPosition":[11.3007,148.583,12.5251],"timeVisible":11.1174,"tipPosition":[15.4137,149.727,13.5342],"tipVelocity":[-3.7271,-10.4103,2.58963],"tool":false,"touchDistance":0.333333,"touchZone":"none","type":4,"width":17.2905}],"r":[[0.449379,0.418392,0.789307],[0.572541,0.543345,-0.613981],[-0.685752,0.727821,0.00462141]],"s":1.20945,"t":[39.2651,-52.1101,-37.7235],"timestamp":17835959105},{"currentFrameRate":115.242,"devices":[],"gestures":[],"hands":[{"armBasis":[[-0.822162,-0.403965,0.401076],[0.383531,-0.913737,-0.134121],[0.420659,0.0435557,0.906173]],"armWidth":66.9139,"confidence":1,"direction":[-0.113896,0.672576,-0.731211],"elbow":[162.76,108.958,286.995],"grabAngle":3.14159,"grabStrength":1,"id":131,"palmNormal":[-0.385971,0.648231,0.656371],"palmPosition":[43.3275,146.05,-9.01706],"palmVelocity":[-0.650643,-2.72381,2.47744],"palmWidth":90.0241,"pinchDistance":25.1459,"pinchStrength":0.79872,"r":[[0.448779,0.419318,0.789158],[0.572169,0.543515,-0.614178],[-0.686455,0.727162,0.00399684]],"s":1.2106,"sphereCenter":[26.2777,180.091,3.56218],"sphereRadius":37.0821,"stabilizedPalmPosition":[36.2112,144.344,-11.6163],"t":[39.2617,-52.1352,-37.7011],"timeVisible":11.1262,"type":"right","wrist":[50.3881,97.3227,44.9256]}],"id":87334,"interactionBox":{"center":[0,200,0],"size":[235.247,235.247,147.751]},"pointables":[{"bases":[[[-0.0453779,-0.592204,-0.804509],[0.953812,-0.265082,0.141329],[-0.296956,-0.760938,0.57688]],[[0.103039,-0.15323,-0.982804],[0.978059,-0.164249,0.12815],[-0.181061,-0.974445,0.132944]],[[0.103039,-0.15323,-0.982804],[0.976627,0.202966,0.0707467],[0.188636,-0.967122,0.170562]],[[0.103039,-0.15323,-0.982804],[0.913507,0.405519,0.0325489],[0.393558,-0.901152,0.181761]]],"btipPosition":[60.5898,217.934,24.6121],"carpPosition":[66.2402,119.372,40.5715],"dipPosition":[69.1824,198.259,28.5805],"direction":[-0.188636,0.967122,-0.170562],"extended":false,"handId":131,"id":1310,"length":48.619,"mcpPosition":[66.2402,119.372,40.5715],"pipPosition":[75.1824,167.498,34.0057],"stabilizedTipPosition":[51.8798,209.779,23.7203],"timeVisible":11.1262,"tipPosition":[60.3222,212.255,23.7796],"tipVelocity":[-14.4532,3.21438,-1.06604],"tool":false,"touchDistance":0.245894,"touchZone":"hovering","type":0,"width":21.805},{"bases":[[[-0.92158,-0.23899,-0.305898],[0.387846,-0.533815,-0.75141],[0.0162866,-0.811126,0.584644]],[[-0.893418,-0.418201,-0.164047],[-0.0786072,0.50508,-0.859485],[0.442295,-0.754985,-0.484122]],[[-0.893418,-0.418201,-0.164047],[-0.445221,0.872953,0.199328],[0.0598463,0.25112,-0.966104]],[[-0.893418,-0.418201,-0.164047],[-0.370326,0.478926,0.79592],[-0.254288,0.77184,-0.582752]]],"btipPosition":[48.9876,182.439,26.5703],"carpPosition":[65.1963,111.103,18.6499],"dipPosition":[44.9345,194.741,17.2818],"direction":[-0.0598463,-0.25112,0.966104],"extended":false,"handId":131,"id":1311,"length":54.8611,"mcpPosition":[64.0108,170.144,-23.9056],"pipPosition":[46.2839,200.403,-4.50231],"stabilizedTipPosition":[44.5734,184.867,21.4523],"timeVisible":11.1262,"tipPosition":[46.6923,188.067,21.714],"tipVelocity":[-16.3611,7.58233,8.5645],"tool":false,"touchDistance":0.333333,"touchZone":"none","type":1,"width":20.8281},{"bases":[[[-0.963432,-0.251851,-0.0914888],[0.226722,-0.584212,-0.77929],[0.142816,-0.771536,0.619949]],[[-0.953134,-0.297662,-0.0541496],[-0.153099,0.628901,-0.762262],[0.260951,-0.718248,-0.644999]],[[-0.953134,-0.297662,-0.0541496],[-0.277288,0.787861,0.549897],[-0.121021,0.539141,-0.833475]],[[-0.953134,-0.297662,-0.0541496],[-0.113153,0.184727,0.976254],[-0.280591,0.936629,-0.209751]]],"btipPosition":[41.2709,162.628,25.3542],"carpPosition":[54.7336,107.797,13.3571],"dipPosition":[36.3519,179.048,21.6771],"direction":[0.121021,-0.539141,0.833475],"extended":false,"handId":131,"id":1312,"length":62.5098,"mcpPosition":[44.8753,161.054,-29.4364],"pipPosition":[33.1414,193.35,-0.433467],"stabilizedTipPosition":[28.6911,166.49,24.2244],"timeVisible":11.1262,"tipPosition":[39.2083,168.378,25.1005],"tipVelocity":[-6.0072,-6.65475,-0.731884],"tool":false,"touchDistance":0.333333,"touchZone":"none","type":2,"width":20.456},{"bases":[[[-0.946246,-0.317882,0.0597472],[0.161747,-0.62501,-0.763676],[0.280101,-0.712961,0.64283]],[[-0.927747,-0.360062,0.0981863],[-0.297371,0.554213,-0.777443],[0.225512,-0.750468,-0.621242]],[[-0.927747,-0.360062,0.0981863],[-0.241927,0.780537,0.576397],[-0.284177,0.510997,-0.81125]],[[-0.927747,-0.360062,0.0981863],[0.00277763,0.256418,0.966562],[-0.373199,0.896998,-0.23689]]],"btipPosition":[30.2569,151.482,22.202],"carpPosition":[43.1669,104.856,11.0531],"dipPosition":[23.7519,167.117,18.073],"direction":[0.284177,-0.510997,0.81125],"extended":false,"handId":131,"id":1313,"length":60.1048,"mcpPosition":[25.8076,149.042,-28.7863],"pipPosition":[16.408,180.323,-2.89213],"stabilizedTipPosition":[21.9268,153.248,19.6697],"timeVisible":11.1262,"tipPosition":[28.33,155.678,21.7029],"tipVelocity":[-4.26227,-6.74275,-1.32393],"tool":false,"touchDistance":0.333333,"touchZone":"none","type":3,"width":19.4652},{"bases":[[[-0.921098,-0.290594,0.259101],[0.0367084,-0.72736,-0.685273],[0.387596,-0.621693,0.680637]],[[-0.933657,-0.269443,0.235977],[-0.341379,0.470093,-0.813924],[0.108375,-0.840484,-0.530888]],[[-0.933657,-0.269443,0.235977],[-0.151932,0.89457,0.42031],[-0.324348,0.356573,-0.876159]],[[-0.933657,-0.269443,0.235977],[0.119979,0.385499,0.914874],[-0.337475,0.882491,-0.327596]]],"btipPosition":[15.3465,146.59,15.1338],"carpPosition":[29.8129,103.896,15.4153],"dipPosition":[9.91987,160.781,9.866],"direction":[0.324348,-0.356573,0.876159],"extended":false,"handId":131,"id":1314,"length":47.1211,"mcpPosition":[7.57662,139.562,-23.6326],"pipPosition":[4.00173,167.287,-6.12062],"stabilizedTipPosition":[11.3131,148.588,12.5313],"timeVisible":11.1262,"tipPosition":[15.3773,149.673,13.5296],"tipVelocity":[-7.21826,-11.0882,-0.96002],"tool":false,"touchDistance":0.333333,"touchZone":"none","type":4,"width":17.2905}],"r":[[0.448779,0.419318,0.789158],[0.572169,0.543515,-0.614178],[-0.686455,0.727162,0.00399684]],"s":1.2106,"t":[39.2617,-52.1352,-37.7011],"timestamp":17835967873},{"currentFrameRate":115.292,"devices":[],"gestures":[],"hands":[{"armBasis":[[-0.821152,-0.405977,0.401113],[0.385765,-0.912794,-0.134132],[0.420588,0.0445931,0.906155]],"armWidth":66.9139,"confidence":1,"direction":[-0.114668,0.670843,-0.732681],"elbow":[162.738,109.19,287.08],"grabAngle":3.14159,"grabStrength":1,"id":131,"palmNormal":[-0.387815,0.648791,0.654728],"palmPosition":[43.2618,145.897,-9.02407],"palmVelocity":[-7.64547,-17.8109,-0.815708],"palmWidth":90.0241,"pinchDistance":25.1412,"pinchStrength":0.799297,"r":[[0.448,0.420564,0.788937],[0.57175,0.543629,-0.614466],[-0.687312,0.726356,0.00308851]],"s":1.21171,"sphereCenter":[26.1455,179.927,3.46993],"sphereRadius":37.0877,"stabilizedPalmPosition":[36.2225,144.346,-11.6122],"t":[39.2271,-52.2242,-37.6934],"timeVisible":11.1348,"type":"right","wrist":[50.3844,97.2776,45.0152]}],"id":87335,"interactionBox":{"center":[0,200,0],"size":[235.247,235.247,147.751]},"pointables":[{"bases":[[[-0.0435266,-0.593943,-0.803329],[0.954233,-0.262856,0.14264],[-0.29588,-0.760354,0.578201]],[[0.104144,-0.155037,-0.982404],[0.978183,-0.162561,0.129351],[-0.179755,-0.974442,0.134724]],[[0.104144,-0.155037,-0.982404],[0.976022,0.205771,0.0709942],[0.191143,-0.966241,0.172749]],[[0.104144,-0.155037,-0.982404],[0.913017,0.406614,0.0326193],[0.394402,-0.900349,0.183898]]],"btipPosition":[60.3754,217.884,24.474],"carpPosition":[66.1885,119.367,40.6375],"dipPosition":[68.9864,198.227,28.4891],"direction":[-0.191143,0.966241,-0.172749],"extended":false,"handId":131,"id":1310,"length":48.619,"mcpPosition":[66.1885,119.367,40.6375],"pipPosition":[75.0662,167.493,33.9838],"stabilizedTipPosition":[51.8969,209.785,23.7231],"timeVisible":11.1348,"tipPosition":[60.0988,212.205,23.6527],"tipVelocity":[-24.4769,-5.39943,-14.8242],"tool":false,"touchDistance":0.243772,"touchZone":"hovering","type":0,"width":21.805},{"bases":[[[-0.920846,-0.241486,-0.306149],[0.389535,-0.534566,-0.750001],[0.0174578,-0.809891,0.58632]],[[-0.892458,-0.420276,-0.163971],[-0.0790969,0.503611,-0.860302],[0.444142,-0.754814,-0.482694]],[[-0.892458,-0.420276,-0.163971],[-0.446976,0.872977,0.195254],[0.0610826,0.247547,-0.966948]],[[-0.892458,-0.420276,-0.163971],[-0.37295,0.482835,0.792325],[-0.253824,0.76827,-0.587652]]],"btipPosition":[48.7758,182.428,26.5705],"carpPosition":[65.179,111.052,18.7321],"dipPosition":[44.7301,194.673,17.2038],"direction":[-0.0610825,-0.247547,0.966949],"extended":false,"handId":131,"id":1311,"length":54.8611,"mcpPosition":[63.9083,170.002,-23.9453],"pipPosition":[46.1074,200.255,-4.59928],"stabilizedTipPosition":[44.5846,184.868,21.4624],"timeVisible":11.1348,"tipPosition":[46.5246,187.967,21.6403],"tipVelocity":[-24.4631,-2.80272,-2.07072],"tool":false,"touchDistance":0.333333,"touchZone":"none","type":1,"width":20.8281},{"bases":[[[-0.962845,-0.253992,-0.0917472],[0.228536,-0.585347,-0.777907],[0.143878,-0.769972,0.621645]],[[-0.952485,-0.299706,-0.0543058],[-0.153901,0.627419,-0.763322],[0.262844,-0.718695,-0.643732]],[[-0.952485,-0.299706,-0.0543058],[-0.279096,0.78739,0.549656],[-0.121975,0.538695,-0.833624]],[[-0.952485,-0.299706,-0.0543058],[-0.114215,0.186161,0.975858],[-0.282361,0.935693,-0.211547]]],"btipPosition":[41.1626,162.485,25.2961],"carpPosition":[54.7273,107.713,13.4377],"dipPosition":[36.2125,178.888,21.5875],"direction":[0.121975,-0.538695,0.833624],"extended":false,"handId":131,"id":1312,"length":62.5098,"mcpPosition":[44.7958,160.862,-29.4729],"pipPosition":[32.9767,193.179,-0.526959],"stabilizedTipPosition":[28.7232,166.489,24.225],"timeVisible":11.1348,"tipPosition":[39.0736,168.278,25.0419],"tipVelocity":[-13.4465,-17.1406,-7.60305],"tool":false,"touchDistance":0.333333,"touchZone":"none","type":2,"width":20.456},{"bases":[[[-0.945648,-0.319678,0.0596378],[0.163631,-0.626245,-0.762261],[0.281026,-0.711072,0.644516]],[[-0.927094,-0.361741,0.0981782],[-0.297949,0.552291,-0.778589],[0.227425,-0.751078,-0.619806]],[[-0.927094,-0.361741,0.0981782],[-0.243666,0.780671,0.575482],[-0.284821,0.509604,-0.8119]],[[-0.927094,-0.361741,0.0981782],[0.00174106,0.25777,0.966205],[-0.374824,0.895934,-0.238347]]],"btipPosition":[30.1664,151.333,22.1572],"carpPosition":[43.1685,104.744,11.1304],"dipPosition":[23.6331,166.949,18.0027],"direction":[0.284821,-0.509604,0.8119],"extended":false,"handId":131,"id":1313,"length":60.1048,"mcpPosition":[25.7519,148.813,-28.8135],"pipPosition":[16.2725,180.119,-2.97917],"stabilizedTipPosition":[21.9475,153.253,19.6744],"timeVisible":11.1348,"tipPosition":[28.2211,155.556,21.6628],"tipVelocity":[-11.2942,-17.8584,-5.90192],"tool":false,"touchDistance":0.333333,"touchZone":"none","type":3,"width":19.4652},{"bases":[[[-0.920716,-0.291931,0.258955],[0.038737,-0.728688,-0.68375],[0.388305,-0.619509,0.682223]],[[-0.933773,-0.270015,0.23486],[-0.34052,0.46856,-0.815168],[0.110062,-0.841156,-0.529474]],[[-0.933773,-0.270015,0.23486],[-0.153285,0.894809,0.419309],[-0.323374,0.355539,-0.876938]],[[-0.933773,-0.270015,0.23486],[0.118323,0.386421,0.914701],[-0.337738,0.881913,-0.328881]]],"btipPosition":[15.2367,146.385,15.0996],"carpPosition":[29.8129,103.766,15.4838],"dipPosition":[9.80584,160.566,9.81117],"direction":[0.323374,-0.355539,0.876938],"extended":false,"handId":131,"id":1314,"length":47.1211,"mcpPosition":[7.53601,139.307,-23.6551],"pipPosition":[3.90547,167.054,-6.18967],"stabilizedTipPosition":[11.326,148.594,12.5378],"timeVisible":11.1348,"tipPosition":[15.2822,149.51,13.4938],"tipVelocity":[-12.8971,-24.1284,-4.53225],"tool":false,"touchDistance":0.333333,"touchZone":"none","type":4,"width":17.2905}],"r":[[0.448,0.420564,0.788937],[0.57175,0.543629,-0.614466],[-0.687312,0.726356,0.00308851]],"s":1.21171,"t":[39.2271,-52.2242,-37.6934],"timestamp":17835976462},{"currentFrameRate":115.241,"devices":[],"gestures":[],"hands":[{"armBasis":[[-0.820167,-0.407901,0.401177],[0.387942,-0.911883,-0.134058],[0.420509,0.0456838,0.906138]],"armWidth":66.9139,"confidence":1,"direction":[-0.115512,0.668667,-0.734535],"elbow":[162.74,109.519,287.212],"grabAngle":3.14159,"grabStrength":1,"id":131,"palmNormal":[-0.389481,0.649777,0.652759],"palmPosition":[43.221,145.799,-9.01175],"palmVelocity":[-4.65815,-11.1566,1.4057],"palmWidth":90.0241,"pinchDistance":25.1452,"pinchStrength":0.799681,"r":[[0.447115,0.422153,0.788591],[0.57128,0.543615,-0.614916],[-0.688279,0.725444,0.00189041]],"s":1.21281,"sphereCenter":[26.0487,179.829,3.37867],"sphereRadius":37.093,"stabilizedPalmPosition":[36.2357,144.349,-11.6073],"t":[39.1894,-52.3177,-37.6834],"timeVisible":11.1436,"type":"right","wrist":[50.4083,97.3158,45.1515]}],"id":87336,"interactionBox":{"center":[0,200,0],"size":[235.247,235.247,147.751]},"pointables":[{"bases":[[[-0.0418731,-0.596162,-0.801772],[0.954652,-0.260622,0.14393],[-0.294765,-0.759386,0.58004]],[[0.105047,-0.157484,-0.981919],[0.978301,-0.160949,0.130474],[-0.178586,-0.974317,0.137159]],[[0.105047,-0.157484,-0.981919],[0.975476,0.208362,0.07094],[0.193423,-0.96529,0.175509]],[[0.105047,-0.157484,-0.981919],[0.912529,0.407741,0.0322286],[0.395293,-0.899414,0.186541]]],"btipPosition":[60.2053,217.906,24.3052],"carpPosition":[66.1681,119.446,40.7345],"dipPosition":[68.8358,198.269,28.378],"direction":[-0.193423,0.96529,-0.175509],"extended":false,"handId":131,"id":1310,"length":48.619,"mcpPosition":[66.1681,119.446,40.7345],"pipPosition":[74.9881,167.566,33.9605],"stabilizedTipPosition":[51.9138,209.791,23.7256],"timeVisible":11.1436,"tipPosition":[59.9131,212.229,23.502],"tipVelocity":[-18.8925,3.06644,-17.7479],"tool":false,"touchDistance":0.24118,"touchZone":"hovering","type":0,"width":21.805},{"bases":[[[-0.920185,-0.244087,-0.306074],[0.391039,-0.535802,-0.748334],[0.018663,-0.808293,0.588485]],[[-0.89156,-0.422374,-0.163464],[-0.0796896,0.501593,-0.861426],[0.445836,-0.754986,-0.480859]],[[-0.89156,-0.422374,-0.163464],[-0.448632,0.873071,0.190987],[0.0620477,0.243611,-0.967886]],[[-0.89156,-0.422374,-0.163464],[-0.375244,0.486797,0.78881],[-0.253599,0.76461,-0.592502]]],"btipPosition":[48.6042,182.484,26.5563],"carpPosition":[65.1884,111.07,18.8506],"dipPosition":[44.5621,194.671,17.1124],"direction":[-0.0620477,-0.243611,0.967886],"extended":false,"handId":131,"id":1311,"length":54.8611,"mcpPosition":[63.83,169.905,-23.9843],"pipPosition":[45.9612,200.164,-4.71185],"stabilizedTipPosition":[44.5967,184.87,21.4739],"timeVisible":11.1436,"tipPosition":[46.3898,187.943,21.5575],"tipVelocity":[-19.4837,4.91052,-3.6401],"tool":false,"touchDistance":0.333333,"touchZone":"none","type":1,"width":20.8281},{"bases":[[[-0.962293,-0.256104,-0.0916665],[0.230156,-0.58697,-0.776205],[0.144984,-0.768034,0.623781]],[[-0.951868,-0.301698,-0.0540972],[-0.154791,0.625493,-0.764721],[0.264552,-0.719539,-0.642087]],[[-0.951868,-0.301698,-0.0540972],[-0.280702,0.787152,0.549179],[-0.123103,0.537931,-0.833952]],[[-0.951868,-0.301698,-0.0540972],[-0.115064,0.188136,0.975379],[-0.284092,0.934657,-0.213796]]],"btipPosition":[41.089,162.412,25.2438],"carpPosition":[54.7465,107.697,13.5586],"dipPosition":[36.1086,178.797,21.4957],"direction":[0.123103,-0.537931,0.833952],"extended":false,"handId":131,"id":1312,"length":62.5098,"mcpPosition":[44.7387,160.713,-29.4994],"pipPosition":[32.8429,193.067,-0.627424],"stabilizedTipPosition":[28.7554,166.488,24.2254],"timeVisible":11.1436,"tipPosition":[38.9725,168.254,24.9892],"tipVelocity":[-9.19445,-8.79149,-7.00739],"tool":false,"touchDistance":0.333333,"touchZone":"none","type":2,"width":20.456},{"bases":[[[-0.945063,-0.321354,0.0599034],[0.165321,-0.627952,-0.76049],[0.282003,-0.708808,0.64658]],[[-0.926452,-0.363278,0.0985671],[-0.298614,0.549899,-0.780027],[0.229165,-0.752091,-0.617935]],[[-0.926452,-0.363278,0.0985671],[-0.245187,0.7811,0.574252],[-0.285604,0.50785,-0.812723]],[[-0.926452,-0.363278,0.0985671],[0.000912124,0.259692,0.965691],[-0.376412,0.894756,-0.240261]]],"btipPosition":[30.1077,151.257,22.1276],"carpPosition":[43.1949,104.7,11.2522],"dipPosition":[23.5468,166.853,17.9398],"direction":[0.285604,-0.50785,0.812723],"extended":false,"handId":131,"id":1313,"length":60.1048,"mcpPosition":[25.7178,148.629,-28.8197],"pipPosition":[16.1659,179.977,-3.06339],"stabilizedTipPosition":[21.9689,153.259,19.6792],"timeVisible":11.1436,"tipPosition":[28.1437,155.508,21.6387],"tipVelocity":[-7.42233,-9.25336,-4.25161],"tool":false,"touchDistance":0.333333,"touchZone":"none","type":3,"width":19.4652},{"bases":[[[-0.92031,-0.293028,0.259161],[0.0405771,-0.730428,-0.681784],[0.38908,-0.616936,0.68411]],[[-0.933809,-0.270472,0.234193],[-0.339921,0.466538,-0.816575],[0.111601,-0.842132,-0.527597]],[[-0.933809,-0.270472,0.234193],[-0.154464,0.89522,0.417997],[-0.32271,0.354155,-0.877743]],[[-0.933809,-0.270472,0.234193],[0.116995,0.387745,0.914312],[-0.338102,0.881192,-0.330436]]],"btipPosition":[15.1609,146.248,15.0852],"carpPosition":[29.8386,103.707,15.5999],"dipPosition":[9.72414,160.418,9.77173],"direction":[0.32271,-0.354155,0.877743],"extended":false,"handId":131,"id":1314,"length":47.1211,"mcpPosition":[7.51718,139.101,-23.6473],"pipPosition":[3.83588,166.88,-6.24379],"stabilizedTipPosition":[11.3394,148.598,12.5447],"timeVisible":11.1436,"tipPosition":[15.2161,149.418,13.4803],"tipVelocity":[-8.8077,-15.9348,-2.30295],"tool":false,"touchDistance":0