{"frames":60,"data":[{"currentFrameRate":114.418,"devices":[],"gestures":[],"hands":[{"armBasis":[[-0.856286,-0.515861,0.0257362],[0.481761,-0.815663,-0.320312],[0.186229,-0.26188,0.946962]],"armWidth":48,"confidence":1,"direction":[-0.0819886,-0.0422557,-0.995737],"elbow":[69.844,26.0121,265.097],"grabAngle":0.703059,"grabStrength":0,"id":144,"palmNormal":[-0.534518,0.845118,0.00814802],"palmPosition":[25.6378,90.8599,-8.50114],"palmVelocity":[27.5205,37.1969,-18.0809],"palmWidth":75.1245,"pinchDistance":60.2831,"pinchStrength":0,"r":[[-0.160911,-0.693562,0.702196],[0.766498,-0.536021,-0.353784],[0.621763,0.481304,0.617866]],"s":1.18616,"sphereCenter":[-11.7565,121.262,-30.6233],"sphereRadius":57.5703,"stabilizedPalmPosition":[25.1054,89.1653,-7.72877],"t":[114.677,-63.031,-95.7007],"timeVisible":5.78423,"type":"right","wrist":[28.3296,84.3908,53.9986]}],"id":97641,"interactionBox":{"center":[0,200,0],"size":[235.247,235.247,147.751]},"pointables":[{"bases":[[[0.123603,-0.978582,-0.164618],[0.94801,0.0674227,0.311015],[-0.293255,-0.194502,0.93604]],[[0.226753,-0.828828,-0.511495],[0.960923,0.104769,0.256224],[-0.158776,-0.549607,0.820197]],[[0.226753,-0.828828,-0.511495],[0.939258,0.325016,-0.110271],[0.25764,-0.455421,0.852182]],[[0.226753,-0.828828,-0.511495],[0.674669,0.512433,-0.531257],[0.702428,-0.224625,0.67538]]],"btipPosition":[27.2621,146.078,-33.0123],"carpPosition":[41.17,106.574,37.1656],"dipPosition":[40.5913,141.815,-20.1963],"direction":[-0.257639,0.455421,-0.852182],"extended":false,"handId":144,"id":1440,"length":42.2565,"mcpPosition":[41.17,106.574,37.1656],"pipPosition":[47.7138,129.225,3.36229],"stabilizedTipPosition":[31.5317,145.295,-29.318],"timeVisible":5.78423,"tipPosition":[37.5856,149.128,-29.4247],"tipVelocity":[-62.4218,-12.1852,-42.6046],"tool":false,"touchDistance":0.263072,"touchZone":"hovering","type":0,"width":14.6111},{"bases":[[[-0.842996,-0.532437,-0.076614],[0.537565,-0.828674,-0.155957],[0.0195493,-0.172656,0.984788]],[[-0.841215,-0.539788,-0.031413],[0.540519,-0.838,-0.0748093],[0.0140571,-0.07991,0.996703]],[[-0.841215,-0.539788,-0.031413],[0.524156,-0.799834,-0.29245],[0.132736,-0.262478,0.955765]],[[-0.841215,-0.539788,-0.031413],[0.498945,-0.752552,-0.429791],[0.208356,-0.377219,0.902382]]],"btipPosition":[36.3087,112.649,-96.9199],"carpPosition":[43.4735,89.0085,28.8489],"dipPosition":[39.1951,107.423,-84.419],"direction":[-0.132736,0.262478,-0.955765],"extended":true,"handId":144,"id":1441,"length":47.6818,"mcpPosition":[42.286,99.4959,-30.9687],"pipPosition":[41.7964,102.28,-65.6883],"stabilizedTipPosition":[37.2333,110.946,-93.9363],"timeVisible":5.78423,"tipPosition":[36.9609,110.195,-93.4244],"tipVelocity":[-17.2158,51.5497,-4.9842],"tool":false,"touchDistance":0.270965,"touchZone":"hovering","type":1,"width":13.9565},{"bases":[[[-0.911811,-0.401746,0.0848558],[0.387606,-0.910349,-0.145006],[0.135504,-0.0993275,0.985785]],[[-0.897316,-0.408635,0.166858],[0.394814,-0.912091,-0.11051],[0.197348,-0.0332843,0.979768]],[[-0.897316,-0.408635,0.166858],[0.345863,-0.885808,-0.309392],[0.274233,-0.219912,0.936181]],[[-0.897316,-0.408635,0.166858],[0.295213,-0.836648,-0.461378],[0.328137,-0.364743,0.871372]]],"btipPosition":[8.90092,100.223,-102.557],"carpPosition":[35.7416,82.5731,27.3802],"dipPosition":[13.9007,94.6659,-89.2797],"direction":[-0.274233,0.219912,-0.936181],"extended":true,"handId":144,"id":1442,"length":54.3296,"mcpPosition":[27.9362,88.2946,-29.4039],"pipPosition":[20.2235,89.5954,-67.6946],"stabilizedTipPosition":[10.0719,98.1973,-99.3953],"timeVisible":5.78423,"tipPosition":[11.9934,97.6257,-99.1915],"tipVelocity":[15.6795,48.8402,-5.69752],"tool":false,"touchDistance":0.326102,"touchZone":"hovering","type":2,"width":13.7072},{"bases":[[[-0.90854,-0.342207,0.239685],[0.325593,-0.939428,-0.107074],[0.261809,-0.0192414,0.964928]],[[-0.887113,-0.3427,0.30917],[0.268048,-0.927841,-0.259349],[0.375739,-0.147199,0.91496]],[[-0.887113,-0.3427,0.30917],[0.138467,-0.836601,-0.530024],[0.440291,-0.427382,0.789613]],[[-0.887113,-0.3427,0.30917],[0.0420613,-0.727088,-0.685255],[0.459631,-0.594895,0.659424]]],"btipPosition":[-17.2696,102.848,-83.314],"carpPosition":[26.7348,77.9087,27.4612],"dipPosition":[-10.3066,93.8359,-73.3243],"direction":[-0.440291,0.427382,-0.789613],"extended":true,"handId":144,"id":1443,"length":52.2393,"mcpPosition":[13.1947,78.9039,-22.4427],"pipPosition":[-0.417152,84.2364,-55.5887],"stabilizedTipPosition":[-15.321,97.1003,-82.1955],"timeVisible":5.78423,"tipPosition":[-14.465,99.0069,-82.049],"tipVelocity":[20.9495,106.932,36.8124],"tool":false,"touchDistance":0.338626,"touchZone":"hovering","type":3,"width":13.0432},{"bases":[[[-0.913357,-0.182178,0.364129],[0.202161,-0.979202,0.0171816],[0.353426,0.0893057,0.93119]],[[-0.840252,-0.164408,0.516669],[-0.0439555,-0.929127,-0.36714],[0.540412,-0.3312,0.773474]],[[-0.840252,-0.164408,0.516669],[-0.311165,-0.634151,-0.707834],[0.44402,-0.755528,0.481688]],[[-0.840252,-0.164408,0.516669],[-0.485934,-0.194352,-0.852112],[0.24051,-0.967056,0.0834128]]],"btipPosition":[-27.4748,108.694,-45.2239],"carpPosition":[15.3415,77.977,30.3362],"dipPosition":[-24.1135,95.1784,-44.0581],"direction":[-0.44402,0.755528,-0.481688],"extended":true,"handId":144,"id":1444,"length":40.9547,"mcpPosition":[-1.57862,73.7015,-14.2441],"pipPosition":[-17.072,83.1969,-36.4193],"stabilizedTipPosition":[-26.1421,102.314,-44.6916],"timeVisible":5.78423,"tipPosition":[-26.8453,100.63,-48.6001],"tipVelocity":[62.1141,59.1826,-8.23402],"tool":false,"touchDistance":0.327784,"touchZone":"hovering","type":4,"width":11.586}],"r":[[-0.160911,-0.693562,0.702196],[0.766498,-0.536021,-0.353784],[0.621763,0.481304,0.617866]],"s":1.18616,"t":[114.677,-63.031,-95.7007],"timestamp":17926876952},{"currentFrameRate":114.474,"devices":[],"gestures":[],"hands":[{"armBasis":[[-0.856922,-0.514922,0.0232144],[0.481705,-0.816043,-0.319428],[0.183425,-0.262543,0.947326]],"armWidth":48,"confidence":1,"direction":[-0.079476,-0.0464677,-0.995753],"elbow":[69.3615,26.4739,265.124],"grabAngle":0.724208,"grabStrength":0,"id":144,"palmNormal":[-0.534656,0.845064,0.00323793],"palmPosition":[25.9401,91.2484,-8.58439],"palmVelocity":[34.9859,44.9653,-9.635],"palmWidth":75.1245,"pinchDistance":59.9518,"pinchStrength":0,"r":[[-0.162255,-0.691362,0.704054],[0.765722,-0.538248,-0.352078],[0.622369,0.481983,0.616724]],"s":1.17823,"sphereCenter":[-12.3454,122.038,-30.438],"sphereRadius":58.0051,"stabilizedPalmPosition":[25.1824,89.3574,-7.80767],"t":[114.924,-62.6837,-95.8289],"timeVisible":5.79287,"type":"right","wrist":[28.4723,85.0003,53.9444]}],"id":97642,"interactionBox":{"center":[0,200,0],"size":[235.247,235.247,147.751]},"pointables":[{"bases":[[[0.124156,-0.979249,-0.160177],[0.947215,0.0688779,0.313113],[-0.295583,-0.190596,0.936111]],[[0.227955,-0.831439,-0.506701],[0.961599,0.110548,0.251209],[-0.15285,-0.544508,0.824711]],[[0.227955,-0.831439,-0.506701],[0.935843,0.33074,-0.121689],[0.268763,-0.446454,0.85349]],[[0.227955,-0.831439,-0.506701],[0.670888,0.511277,-0.537127],[0.705653,-0.217499,0.67435]]],"btipPosition":[26.8342,146.068,-33.326],"carpPosition":[41.3551,107.157,37.0546],"dipPosition":[40.2246,141.941,-20.5296],"direction":[-0.268763,0.446454,-0.85349],"extended":false,"handId":144,"id":1440,"length":42.2565,"mcpPosition":[41.3551,107.157,37.0546],"pipPosition":[47.6546,129.598,3.06524],"stabilizedTipPosition":[31.1148,145.249,-29.5924],"timeVisible":5.79287,"tipPosition":[37.5224,149.209,-29.7571],"tipVelocity":[-47.8965,2.44986,-36.8251],"tool":false,"touchDistance":0.257769,"touchZone":"hovering","type":0,"width":14.6111},{"bases":[[[-0.842725,-0.532883,-0.0764885],[0.538073,-0.829243,-0.151107],[0.0170949,-0.168498,0.985554]],[[-0.840852,-0.540555,-0.0277174],[0.540915,-0.837362,-0.0789667],[0.0194764,-0.0813921,0.996492]],[[-0.840852,-0.540555,-0.0277174],[0.522554,-0.797372,-0.301885],[0.141084,-0.268324,0.952941]],[[-0.840852,-0.540555,-0.0277174],[0.495355,-0.747883,-0.441922],[0.218154,-0.385321,0.896625]]],"btipPosition":[36.1781,113.224,-96.855],"carpPosition":[43.682,89.5572,28.8179],"dipPosition":[39.2002,107.886,-84.4338],"direction":[-0.141084,0.268324,-0.952941],"extended":true,"handId":144,"id":1441,"length":47.6818,"mcpPosition":[42.6436,99.7921,-31.0463],"pipPosition":[41.9651,102.627,-65.7584],"stabilizedTipPosition":[37.0821,111.387,-93.9622],"timeVisible":5.79287,"tipPosition":[37.4429,110.318,-93.5824],"tipVelocity":[-11.4979,63.5178,5.39134],"tool":false,"touchDistance":0.271741,"touchZone":"hovering","type":1,"width":13.9565},{"bases":[[[-0.911965,-0.401523,0.084255],[0.388099,-0.910893,-0.140189],[0.133036,-0.0951481,0.986533]],[[-0.897358,-0.408157,0.167802],[0.394293,-0.912315,-0.110522],[0.198198,-0.0330144,0.979606]],[[-0.897358,-0.408157,0.167802],[0.344084,-0.885204,-0.313082],[0.276325,-0.223208,0.934785]],[[-0.897358,-0.408157,0.167802],[0.29224,-0.83453,-0.467072],[0.330674,-0.370092,0.868151]]],"btipPosition":[9.13602,100.671,-102.535],"carpPosition":[35.9547,83.1145,27.3569],"dipPosition":[14.1744,95.032,-89.3075],"direction":[-0.276325,0.223208,-0.934785],"extended":true,"handId":144,"id":1442,"length":54.3296,"mcpPosition":[28.2914,88.5954,-29.4703],"pipPosition":[20.5455,89.8856,-67.7546],"stabilizedTipPosition":[10.1469,98.5931,-99.4281],"timeVisible":5.79287,"tipPosition":[12.4459,97.69,-99.3419],"tipVelocity":[28.2399,49.6436,1.15137],"tool":false,"touchDistance":0.326268,"touchZone":"hovering","type":2,"width":13.7072},{"bases":[[[-0.909092,-0.341331,0.23884],[0.325994,-0.939821,-0.102291],[0.259382,-0.0151315,0.965656]],[[-0.887386,-0.341514,0.309699],[0.26636,-0.928084,-0.260217],[0.376294,-0.148422,0.914535]],[[-0.887386,-0.341514,0.309699],[0.131609,-0.831459,-0.539773],[0.441842,-0.438228,0.782772]],[[-0.887386,-0.341514,0.309699],[0.0253361,-0.70687,-0.70689],[0.46033,-0.619438,0.635919]]],"btipPosition":[-16.996,103.836,-82.8528],"carpPosition":[26.9484,78.4492,27.4349],"dipPosition":[-10.0224,94.4517,-73.2192],"direction":[-0.441842,0.438228,-0.782772],"extended":true,"handId":144,"id":1443,"length":52.2393,"mcpPosition":[13.5337,79.2318,-22.5067],"pipPosition":[-0.0981601,84.6086,-55.6373],"stabilizedTipPosition":[-15.3343,97.9558,-81.9043],"timeVisible":5.79287,"tipPosition":[-14.0703,99.2475,-82.161],"tipVelocity":[31.9456,104.411,43.9],"tool":false,"touchDistance":0.343786,"touchZone":"hovering","type":3,"width":13.0432},{"bases":[[[-0.914245,-0.180779,0.362595],[0.202255,-0.97909,0.0218207],[0.351068,0.0932862,0.931691]],[[-0.842858,-0.162681,0.512957],[-0.0442887,-0.929007,-0.367401],[0.53631,-0.332385,0.775817]],[[-0.842858,-0.162681,0.512957],[-0.313372,-0.626539,-0.713615],[0.437479,-0.762223,0.477104]],[[-0.842858,-0.162681,0.512957],[-0.485317,-0.182047,-0.855176],[0.232503,-0.969739,0.074488]]],"btipPosition":[-26.8224,109.232,-45.1729],"carpPosition":[15.5479,78.5278,30.281],"dipPosition":[-23.573,95.6788,-44.1319],"direction":[-0.437479,0.762223,-0.477104],"extended":true,"handId":144,"id":1444,"length":40.9547,"mcpPosition":[-1.25938,74.0618,-14.3234],"pipPosition":[-16.6352,83.5911,-36.5658],"stabilizedTipPosition":[-26.1366,102.623,-44.7112],"timeVisible":5.79287,"tipPosition":[-26.4318,101.006,-48.7334],"tipVelocity":[72.5374,61.2633,2.57867],"tool":false,"touchDistance":0.328155,"touchZone":"hovering","type":4,"width":11.586}],"r":[[-0.162255,-0.691362,0.704054],[0.765722,-0.538248,-0.352078],[0.622369,0.481983,0.616724]],"s":1.17823,"t":[114.924,-62.6837,-95.8289],"timestamp":17926885592},{"currentFrameRate":114.576,"devices":[],"gestures":[],"hands":[{"armBasis":[[-0.856666,-0.515505,0.0194286],[0.483357,-0.815261,-0.318929],[0.180249,-0.263825,0.947579]],"armWidth":48,"confidence":1,"direction":[-0.0761738,-0.0526622,-0.995703],"elbow":[68.8058,26.8468,265.227],"grabAngle":0.746287,"grabStrength":0,"id":144,"palmNormal":[-0.536915,0.843629,-0.00354376],"palmPosition":[26.2815,91.5932,-8.57514],"palmVelocity":[39.91,40.3084,1.08132],"palmWidth":75.1245,"pinchDistance":59.6352,"pinchStrength":0,"r":[[-0.163405,-0.688834,0.706262],[0.76561,-0.540036,-0.349574],[0.622205,0.483599,0.615623]],"s":1.17015,"sphereCenter":[-12.9559,122.605,-30.252],"sphereRadius":58.4335,"stabilizedPalmPosition":[25.2863,89.5688,-7.88026],"t":[115.218,-62.3376,-95.8883],"timeVisible":5.80142,"type":"right","wrist":[28.6244,85.659,53.9913]}],"id":97643,"interactionBox":{"center":[0,200,0],"size":[235.247,235.247,147.751]},"pointables":[{"bases":[[[0.127277,-0.979857,-0.153887],[0.946024,0.0733011,0.315699],[-0.298059,-0.185762,0.936297]],[[0.231563,-0.834392,-0.500169],[0.961535,0.118223,0.24794],[-0.147747,-0.538343,0.829673]],[[0.231563,-0.834392,-0.500169],[0.931991,0.337665,-0.131816],[0.278876,-0.435629,0.855836]],[[0.231563,-0.834392,-0.500169],[0.667881,0.510185,-0.541892],[0.707328,-0.208571,0.675415]]],"btipPosition":[26.4657,146.005,-33.6541],"carpPosition":[41.5083,107.817,37.0161],"dipPosition":[39.8879,142.047,-20.8375],"direction":[-0.278876,0.435629,-0.855836],"extended":false,"handId":144,"id":1440,"length":42.2565,"mcpPosition":[41.5083,107.817,37.0161],"pipPosition":[47.5975,130.004,2.82216],"stabilizedTipPosition":[30.7643,145.215,-29.8424],"timeVisible":5.80142,"tipPosition":[37.4235,149.27,-30.0871],"tipVelocity":[-42.2214,-2.77684,-37.8184],"tool":false,"touchDistance":0.252378,"touchZone":"hovering","type":0,"width":14.6111},{"bases":[[[-0.841053,-0.535594,-0.0759565],[0.540762,-0.828688,-0.144406],[0.014399,-0.162528,0.986599]],[[-0.839066,-0.543548,-0.0228747],[0.543437,-0.83545,-0.0818478],[0.0253775,-0.0811067,0.996382]],[[-0.839066,-0.543548,-0.0228747],[0.522852,-0.794074,-0.309954],[0.150311,-0.272032,0.950476]],[[-0.839066,-0.543548,-0.0228747],[0.493387,-0.742572,-0.452941],[0.229209,-0.391334,0.891247]]],"btipPosition":[36.0287,113.624,-96.7169],"carpPosition":[43.9084,90.1744,28.8928],"dipPosition":[39.204,108.203,-84.3703],"direction":[-0.150311,0.272032,-0.950476],"extended":true,"handId":144,"id":1441,"length":47.6818,"mcpPosition":[43.0337,100.047,-31.0349],"pipPosition":[42.1497,102.872,-65.7432],"stabilizedTipPosition":[36.9551,111.776,-93.9288],"timeVisible":5.80142,"tipPosition":[37.9364,110.303,-93.6619],"tipVelocity":[-13.3462,44.5869,14.1342],"tool":false,"touchDistance":0.273757,"touchZone":"hovering","type":1,"width":13.9565},{"bases":[[[-0.911156,-0.403457,0.0837731],[0.390971,-0.910674,-0.133473],[0.130141,-0.088862,0.987505]],[[-0.896455,-0.409638,0.16901],[0.396236,-0.911755,-0.108169],[0.198405,-0.0300009,0.979661]],[[-0.896455,-0.409638,0.16901],[0.344889,-0.884447,-0.314333],[0.278243,-0.223496,0.934147]],[[-0.896455,-0.409638,0.16901],[0.291862,-0.832791,-0.4704],[0.333443,-0.372365,0.866117]]],"btipPosition":[9.45662,100.82,-102.459],"carpPosition":[36.203,83.7023,27.4461],"dipPosition":[14.5372,95.1466,-89.2618],"direction":[-0.278243,0.223496,-0.934147],"extended":true,"handId":144,"id":1442,"length":54.3296,"mcpPosition":[28.7065,88.821,-29.4371],"pipPosition":[20.9525,89.9935,-67.7236],"stabilizedTipPosition":[10.299,98.8864,-99.4266],"timeVisible":5.80142,"tipPosition":[12.9814,97.5196,-99.4125],"tipVelocity":[38.6135,16.5096,8.13325],"tool":false,"touchDistance":0.327428,"touchZone":"hovering","type":2,"width":13.7072},{"bases":[[[-0.908937,-0.34233,0.238001],[0.328824,-0.93954,-0.0955994],[0.256338,-0.00863328,0.966549]],[[-0.886996,-0.342005,0.310277],[0.26653,-0.927867,-0.260814],[0.377095,-0.148643,0.914169]],[[-0.886996,-0.342005,0.310277],[0.126592,-0.826267,-0.548869],[0.444087,-0.447566,0.776191]],[[-0.886996,-0.342005,0.310277],[0.0112012,-0.687654,-0.725952],[0.461642,-0.640441,0.613777]]],"btipPosition":[-16.6774,104.6,-82.3139],"carpPosition":[27.209,79.0134,27.5235],"dipPosition":[-9.68389,94.8975,-73.0156],"direction":[-0.444087,0.447565,-0.776191],"extended":true,"handId":144,"id":1443,"length":52.2393,"mcpPosition":[13.9517,79.4599,-22.4642],"pipPosition":[0.290794,84.8447,-55.5815],"stabilizedTipPosition":[-15.2881,98.7231,-81.6036],"timeVisible":5.80142,"tipPosition":[-13.6225,99.2726,-82.1765],"tipVelocity":[37.7855,80.7623,53.9906],"tool":false,"touchDistance":0.349668,"touchZone":"hovering","type":3,"width":13.0432},{"bases":[[[-0.914912,-0.181052,0.360771],[0.204794,-0.978394,0.0283527],[0.347843,0.0998242,0.932223]],[[-0.845786,-0.162309,0.508234],[-0.0425294,-0.929059,-0.367479],[0.531825,-0.332424,0.778882]],[[-0.845786,-0.162309,0.508234],[-0.313876,-0.618932,-0.720003],[0.431426,-0.768491,0.472539]],[[-0.845786,-0.162309,0.508234],[-0.48389,-0.167857,-0.85888],[0.224715,-0.972358,0.0634312]]],"btipPosition":[-26.0832,109.606,-45.0075],"carpPosition":[15.7993,79.0785,30.3328],"dipPosition":[-22.9426,96.017,-44.121],"direction":[-0.431426,0.768491,-0.472539],"extended":false,"handId":144,"id":1444,"length":40.9547,"mcpPosition":[-0.853613,74.2994,-14.297],"pipPosition":[-16.1008,83.8299,-36.6272],"stabilizedTipPosition":[-26.0664,102.972,-44.7196],"timeVisible":5.80142,"tipPosition":[-25.9634,101.184,-48.7868],"tipVelocity":[83.4913,42.827,15.1867],"tool":false,"touchDistance":0.330321,"touchZone":"hovering","type":4,"width":11.586}],"r":[[-0.163405,-0.688834,0.706262],[0.76561,-0.540036,-0.349574],[0.622205,0.483599,0.615623]],"s":1.17015,"t":[115.218,-62.3376,-95.8883],"timestamp":17926894146},{"currentFrameRate":114.577,"devices":[],"gestures":[],"hands":[{"armBasis":[[-0.855537,-0.517525,0.0149985],[0.486455,-0.813417,-0.318926],[0.177252,-0.265557,0.947661]],"armWidth":48,"confidence":1,"direction":[-0.0731307,-0.0600217,-0.995515],"elbow":[68.3413,27.2404,265.362],"grabAngle":0.770336,"grabStrength":0,"id":144,"palmNormal":[-0.541095,0.84089,-0.01095],"palmPosition":[26.6435,92.0077,-8.49721],"palmVelocity":[41.4936,47.5077,8.93192],"palmWidth":75.1245,"pinchDistance":59.3911,"pinchStrength":0,"r":[[-0.164031,-0.685975,0.708895],[0.76625,-0.541183,-0.346383],[0.621252,0.486374,0.614399]],"s":1.16197,"sphereCenter":[-13.5352,123.042,-30.0556],"sphereRadius":58.792,"stabilizedPalmPosition":[25.4204,89.8097,-7.94119],"t":[115.546,-61.9573,-95.8791],"timeVisible":5.81015,"type":"right","wrist":[28.828,86.4387,54.1085]}],"id":97644,"interactionBox":{"center":[0,200,0],"size":[235.247,235.247,147.751]},"pointables":[{"bases":[[[0.132582,-0.980263,-0.146649],[0.944762,0.0802392,0.317783],[-0.299744,-0.180681,0.936754]],[[0.236975,-0.837031,-0.493175],[0.961015,0.127528,0.245332],[-0.142457,-0.532086,0.83462]],[[0.236975,-0.837031,-0.493175],[0.928064,0.345157,-0.139868],[0.287297,-0.424553,0.858613]],[[0.236975,-0.837031,-0.493175],[0.663051,0.510372,-0.547617],[0.710075,-0.197228,0.67594]]],"btipPosition":[26.1165,146.036,-33.9401],"carpPosition":[41.662,108.627,37.0207],"dipPosition":[39.5908,142.293,-21.1135],"direction":[-0.287297,0.424553,-0.858613],"extended":false,"handId":144,"id":1440,"length":42.2565,"mcpPosition":[41.662,108.627,37.0207],"pipPosition":[47.5332,130.556,2.62291],"stabilizedTipPosition":[30.4465,145.206,-30.0779],"timeVisible":5.81015,"tipPosition":[37.2736,149.436,-30.4037],"tipVelocity":[-38.6491,9.14818,-32.5117],"tool":false,"touchDistance":0.24765,"touchZone":"hovering","type":0,"width":14.6111},{"bases":[[[-0.838161,-0.54031,-0.0745105],[0.545281,-0.826967,-0.13709],[0.0124534,-0.155533,0.987752]],[[-0.83598,-0.548518,-0.0163219],[0.547818,-0.832432,-0.0833831],[0.0321502,-0.078648,0.996384]],[[-0.83598,-0.548518,-0.0163219],[0.524528,-0.789969,-0.31752],[0.161271,-0.274001,0.948111]],[[-0.83598,-0.548518,-0.0163219],[0.492188,-0.736313,-0.464322],[0.242671,-0.396197,0.885516]]],"btipPosition":[35.7739,113.985,-96.5259],"carpPosition":[44.1726,90.9397,29.0282],"dipPosition":[39.1357,108.496,-84.2586],"direction":[-0.161271,0.274001,-0.948111],"extended":true,"handId":144,"id":1441,"length":47.6818,"mcpPosition":[43.4161,100.387,-30.9695],"pipPosition":[42.2962,103.127,-65.6779],"stabilizedTipPosition":[36.8049,112.125,-93.8462],"timeVisible":5.81015,"tipPosition":[38.338,110.319,-93.6822],"tipVelocity":[-24.2911,39.5712,19.8043],"tool":false,"touchDistance":0.276636,"touchZone":"hovering","type":1,"width":13.9565},{"bases":[[[-0.909366,-0.407408,0.0840931],[0.395871,-0.909622,-0.125994],[0.127824,-0.0812851,0.98846]],[[-0.89456,-0.412987,0.170893],[0.400429,-0.910404,-0.104022],[0.198541,-0.024623,0.979783]],[[-0.89456,-0.412987,0.170893],[0.347713,-0.883295,-0.314461],[0.280817,-0.221882,0.933761]],[[-0.89456,-0.412987,0.170893],[0.29314,-0.830765,-0.473179],[0.337389,-0.373191,0.864232]]],"btipPosition":[9.76587,100.866,-102.321],"carpPosition":[36.5036,84.4193,27.6058],"dipPosition":[14.9066,95.1797,-89.153],"direction":[-0.280817,0.221882,-0.933761],"extended":true,"handId":144,"id":1442,"length":54.3296,"mcpPosition":[29.1405,89.1015,-29.3324],"pipPosition":[21.3813,90.0638,-67.6237],"stabilizedTipPosition":[10.4923,99.0863,-99.3867],"timeVisible":5.81015,"tipPosition":[13.4912,97.2986,-99.4069],"tipVelocity":[37.0288,4.90299,15.0047],"tool":false,"touchDistance":0.329609,"touchZone":"hovering","type":2,"width":13.7072},{"bases":[[[-0.907882,-0.345191,0.237894],[0.333762,-0.938532,-0.0880902],[0.253679,-0.000575665,0.967288]],[[-0.885708,-0.344215,0.311508],[0.268068,-0.927039,-0.262178],[0.379026,-0.148708,0.913359]],[[-0.885708,-0.344215,0.311508],[0.121692,-0.819684,-0.559741],[0.448009,-0.457859,0.767889]],[[-0.885708,-0.344215,0.311508],[-0.0044162,-0.664726,-0.747074],[0.464221,-0.663066,0.587233]]],"btipPosition":[-16.4131,105.432,-81.5664],"carpPosition":[27.5328,79.6861,27.6914],"dipPosition":[-9.38052,95.3871,-72.6703],"direction":[-0.448009,0.457859,-0.767889],"extended":true,"handId":144,"id":1443,"length":52.2393,"mcpPosition":[14.4131,79.7159,-22.3346],"pipPosition":[0.682255,85.1031,-55.4227],"stabilizedTipPosition":[-15.2101,99.4199,-81.2736],"timeVisible":5.81015,"tipPosition":[-13.2294,99.3048,-82.0403],"tipVelocity":[31.3222,86.3543,75.0707],"tool":false,"touchDistance":0.35786,"touchZone":"hovering","type":3,"width":13.0432},{"bases":[[[-0.915003,-0.183088,0.359511],[0.209582,-0.977136,0.0357894],[0.344738,0.108094,0.932454]],[[-0.848633,-0.163595,0.50305],[-0.0380746,-0.92962,-0.366548],[0.527611,-0.330218,0.782677]],[[-0.848633,-0.163595,0.50305],[-0.312109,-0.612959,-0.725858],[0.427095,-0.772993,0.469117]],[[-0.848633,-0.163595,0.50305],[-0.481549,-0.154676,-0.862662],[0.218937,-0.974326,0.0524846]]],"btipPosition":[-25.3484,109.882,-44.7843],"carpPosition":[16.1151,79.7138,30.4687],"dipPosition":[-22.2886,96.2646,-44.0507],"direction":[-0.427095,0.772993,-0.469117],"extended":false,"handId":144,"id":1444,"length":40.9547,"mcpPosition":[-0.389084,74.5389,-14.1722],"pipPosition":[-15.5155,84.0061,-36.6112],"stabilizedTipPosition":[-25.924,103.351,-44.7092],"timeVisible":5.81015,"tipPosition":[-25.5015,101.276,-48.7523],"tipVelocity":[82.085,30.8063,21.5527],"tool":false,"touchDistance":0.333443,"touchZone":"hovering","type":4,"width":11.586}],"r":[[-0.164031,-0.685975,0.708895],[0.76625,-0.541183,-0.346383],[0.621252,0.486374,0.614399]],"s":1.16197,"t":[115.546,-61.9573,-95.8791],"timestamp":17926902871},{"currentFrameRate":114.628,"devices":[],"gestures":[],"hands":[{"armBasis":[[-0.854106,-0.519981,0.0110924],[0.4898,-0.811338,-0.319102],[0.174927,-0.267114,0.947655]],"armWidth":48,"confidence":1,"direction":[-0.0695142,-0.0647678,-0.995476],"elbow":[67.9893,27.5464,265.552],"grabAngle":0.7955,"grabStrength":0,"id":144,"palmNormal":[-0.544877,0.838354,-0.0164963],"palmPosition":[26.9967,92.4337,-8.33171],"palmVelocity":[40.8919,49.3198,19.162],"palmWidth":75.1245,"pinchDistance":59.1876,"pinchStrength":0,"r":[[-0.164386,-0.683197,0.711491],[0.767483,-0.541697,-0.342832],[0.619634,0.4897,0.61339]],"s":1.15374,"sphereCenter":[-14.09,123.424,-29.7494],"sphereRadius":59.1077,"stabilizedPalmPosition":[25.5741,90.0655,-7.97926],"t":[115.887,-61.5542,-95.7917],"timeVisible":5.81879,"type":"right","wrist":[28.9944,87.0918,54.2992]}],"id":97645,"interactionBox":{"center":[0,200,0],"size":[235.247,235.247,147.751]},"pointables":[{"bases":[[[0.137533,-0.980288,-0.141843],[0.943315,0.0859602,0.320574],[-0.302062,-0.177893,0.936543]],[[0.242276,-0.8385,-0.488078],[0.960187,0.135108,0.244514],[-0.139081,-0.527886,0.83785]],[[0.242276,-0.8385,-0.488078],[0.925229,0.351076,-0.143862],[0.291981,-0.41673,0.860862]],[[0.242276,-0.8385,-0.488078],[0.658212,0.51164,-0.552251],[0.712783,-0.187462,0.675869]]],"btipPosition":[25.921,146.157,-33.9931],"carpPosition":[41.7865,109.323,37.1617],"dipPosition":[39.4467,142.6,-21.1678],"direction":[-0.291981,0.41673,-0.860862],"extended":false,"handId":144,"id":1440,"length":42.2565,"mcpPosition":[41.7865,109.323,37.1617],"pipPosition":[47.5186,131.079,2.63077],"stabilizedTipPosition":[30.1439,145.235,-30.2844],"timeVisible":5.81879,"tipPosition":[37.2162,149.694,-30.4733],"tipVelocity":[-21.2679,18.9811,-6.17039],"tool":false,"touchDistance":0.246762,"touchZone":"hovering","type":0,"width":14.6111},{"bases":[[[-0.835438,-0.544456,-0.0749027],[0.549496,-0.825069,-0.13159],[0.00984495,-0.151094,0.98847]],[[-0.833047,-0.553098,-0.0107355],[0.551855,-0.829509,-0.0858576],[0.0385824,-0.0774479,0.99625]],[[-0.833047,-0.553098,-0.0107355],[0.525759,-0.785537,-0.326358],[0.172074,-0.277516,0.945185]],[[-0.833047,-0.553098,-0.0107355],[0.490101,-0.728886,-0.478044],[0.25658,-0.403495,0.87827]]],"btipPosition":[35.5356,114.516,-96.1789],"carpPosition":[44.4043,91.6121,29.2564],"dipPosition":[39.0901,108.926,-84.0121],"direction":[-0.172074,0.277516,-0.945185],"extended":true,"handId":144,"id":1441,"length":47.6818,"mcpPosition":[43.8063,100.79,-30.7849],"pipPosition":[42.4623,103.488,-65.4887],"stabilizedTipPosition":[36.657,112.487,-93.6938],"timeVisible":5.81879,"tipPosition":[38.7544,110.575,-93.5481],"tipVelocity":[-22.4525,58.7789,37.4959],"tool":false,"touchDistance":0.282034,"touchZone":"hovering","type":1,"width":13.9565},{"bases":[[[-0.90778,-0.411179,0.0828696],[0.400427,-0.908354,-0.120625],[0.124873,-0.0763176,0.989233]],[[-0.892828,-0.416384,0.171703],[0.404485,-0.908953,-0.100979],[0.198116,-0.0207052,0.97996]],[[-0.892828,-0.416384,0.171703],[0.350384,-0.881655,-0.316095],[0.283,-0.222057,0.93306]],[[-0.892828,-0.416384,0.171703],[0.294145,-0.827752,-0.477812],[0.341081,-0.376099,0.861518]]],"btipPosition":[10.1122,101.106,-102.083],"carpPosition":[36.7699,85.0505,27.8374],"dipPosition":[15.3092,95.3756,-88.9567],"direction":[-0.283,0.222057,-0.93306],"extended":true,"handId":144,"id":1442,"length":54.3296,"mcpPosition":[29.5768,89.4466,-29.1453],"pipPosition":[21.8342,90.2558,-67.4435],"stabilizedTipPosition":[10.7093,99.2732,-99.3008],"timeVisible":5.81879,"tipPosition":[14.0506,97.3286,-99.3009],"tipVelocity":[41.5966,26.6393,26.4194],"tool":false,"touchDistance":0.333405,"touchZone":"hovering","type":2,"width":13.7072},{"bases":[[[-0.907095,-0.348274,0.236396],[0.338324,-0.93738,-0.0827999],[0.25043,0.00487099,0.968122]],[[-0.884633,-0.346817,0.311677],[0.268917,-0.925529,-0.266609],[0.38093,-0.152036,0.912018]],[[-0.884633,-0.346817,0.311677],[0.115675,-0.810754,-0.573844],[0.451712,-0.471588,0.757338]],[[-0.884633,-0.346817,0.311677],[-0.022742,-0.635535,-0.771737],[0.465733,-0.689792,0.554328]]],"btipPosition":[-16.1324,106.575,-80.6027],"carpPosition":[27.8206,80.2768,27.9141],"dipPosition":[-9.07691,96.125,-72.2051],"direction":[-0.451712,0.471588,-0.757338],"extended":true,"handId":144,"id":1443,"length":52.2393,"mcpPosition":[14.8689,80.0249,-22.1551],"pipPosition":[1.06904,85.5326,-55.1945],"stabilizedTipPosition":[-15.1081,100.112,-80.8945],"timeVisible":5.81879,"tipPosition":[-12.8234,99.6552,-81.7448],"tipVelocity":[33.1099,121.536,98.296],"tool":false,"touchDistance":0.368142,"touchZone":"hovering","type":3,"width":13.0432},{"bases":[[[-0.915362,-0.185668,0.357266],[0.213906,-0.976,0.0408351],[0.34111,0.1138,0.933109]],[[-0.851924,-0.165931,0.496682],[-0.0333654,-0.929344,-0.367705],[0.522602,-0.329828,0.786194]],[[-0.851924,-0.165931,0.496682],[-0.309347,-0.605824,-0.732995],[0.422529,-0.778103,0.464785]],[[-0.851924,-0.165931,0.496682],[-0.478081,-0.140599,-0.86699],[0.213694,-0.976063,0.0404509]]],"btipPosition":[-24.6069,110.253,-44.4951],"carpPosition":[16.3936,80.2647,30.6531],"dipPosition":[-21.6204,96.6122,-43.9298],"direction":[-0.422529,0.778103,-0.464785],"extended":false,"handId":144,"id":1444,"length":40.9547,"mcpPosition":[0.0630891,74.8166,-14.0191],"pipPosition":[-14.9197,84.2727,-36.559],"stabilizedTipPosition":[-25.7134,103.746,-44.673],"timeVisible":5.81879,"tipPosition":[-25.0137,101.495,-48.6418],"tipVelocity":[83.8959,42.407,28.999],"tool":false,"touchDistance":0.337189,"touchZone":"hovering","type":4,"width":11.586}],"r":[[-0.164386,-0.683197,0.711491],[0.767483,-0.541697,-0.342832],[0.619634,0.4897,0.61339]],"s":1.15374,"t":[115.887,-61.5542,-95.7917],"timestamp":17926911508},{"currentFrameRate":114.6,"devices":[],"gestures":[],"hands":[{"armBasis":[[-0.850436,-0.526029,0.00723958],[0.496472,-0.807051,-0.319661],[0.173994,-0.268257,0.947504]],"armWidth":48,"confidence":1,"direction":[-0.0660644,-0.0659193,-0.995636],"elbow":[67.8884,27.7188,265.662],"grabAngle":0.8216,"grabStrength":0,"id":144,"palmNormal":[-0.551432,0.834012,-0.0186287],"palmPosition":[27.248,92.8356,-8.19414],"palmVelocity":[28.6388,45.8133,15.6794],"palmWidth":75.1245,"pinchDistance":59.0361,"pinchStrength":0,"r":[[-0.164019,-0.681138,0.713547],[0.769522,-0.540923,-0.339468],[0.617198,0.493411,0.612872]],"s":1.14555,"sphereCenter":[-14.681,123.427,-29.4242],"sphereRadius":59.215,"stabilizedPalmPosition":[25.7379,90.3367,-8.00029],"t":[116.183,-61.1516,-95.6793],"timeVisible":5.82756,"type":"right","wrist":[29.1015,87.519,54.4429]}],"id":97646,"interactionBox":{"center":[0,200,0],"size":[235.247,235.247,147.751]},"pointables":[{"bases":[[[0.145691,-0.979257,-0.14082],[0.941657,0.0936064,0.323295],[-0.303407,-0.179706,0.935762]],[[0.250196,-0.83718,-0.486345],[0.958903,0.144834,0.243985],[-0.13382,-0.527402,0.839011]],[[0.250196,-0.83718,-0.486345],[0.921518,0.359997,-0.145622],[0.296995,-0.411742,0.861547]],[[0.250196,-0.83718,-0.486345],[0.650206,0.517479,-0.55628],[0.71738,-0.177046,0.673811]]],"btipPosition":[25.4615,146.347,-33.8505],"carpPosition":[41.7697,109.869,37.332],"dipPosition":[39.0745,142.988,-21.0643],"direction":[-0.296995,0.411742,-0.861547],"extended":false,"handId":144,"id":1440,"length":42.2565,"mcpPosition":[41.7697,109.869,37.332],"pipPosition":[47.2849,131.605,2.75319],"stabilizedTipPosition":[29.7962,145.311,-30.4245],"timeVisible":5.82756,"tipPosition":[36.8712,150.049,-30.3556],"tipVelocity":[-50.0841,26.8843,15.2227],"tool":false,"touchDistance":0.248988,"touchZone":"hovering","type":0,"width":14.6111},{"bases":[[[-0.830886,-0.551086,-0.0770189],[0.556383,-0.82078,-0.129451],[0.00812328,-0.150411,0.98859]],[[-0.82818,-0.560428,-0.0061585],[0.558612,-0.824505,-0.0902425],[0.0454967,-0.0781773,0.995901]],[[-0.82818,-0.560428,-0.0061585],[0.529321,-0.778505,-0.337268],[0.18422,-0.282578,0.941389]],[[-0.82818,-0.560428,-0.0061585],[0.489534,-0.717978,-0.494837],[0.272899,-0.412829,0.868964]]],"btipPosition":[35.0816,115.291,-95.7815],"carpPosition":[44.5506,92.1745,29.4455],"dipPosition":[38.8621,109.572,-83.7436],"direction":[-0.18422,0.282578,-0.941389],"extended":true,"handId":144,"id":1441,"length":47.6818,"mcpPosition":[44.0572,101.311,-30.603],"pipPosition":[42.4724,104.034,-65.2946],"stabilizedTipPosition":[36.4362,112.952,-93.4808],"timeVisible":5.82756,"tipPosition":[38.9471,111.173,-93.3673],"tipVelocity":[-45.8248,84.9218,41.9106],"tool":false,"touchDistance":0.288163,"touchZone":"hovering","type":1,"width":13.9565},{"bases":[[[-0.904744,-0.418289,0.0804557],[0.407945,-0.905235,-0.118873],[0.122555,-0.0747281,0.989644]],[[-0.889565,-0.423402,0.171478],[0.41185,-0.905758,-0.0999057],[0.197618,-0.0182493,0.980109]],[[-0.889565,-0.423402,0.171478],[0.356405,-0.8781,-0.319242],[0.285743,-0.222871,0.93203]],[[-0.889565,-0.423402,0.171478],[0.298571,-0.823007,-0.483234],[0.34573,-0.37867,0.858534]]],"btipPosition":[10.3338,101.478,-101.873],"carpPosition":[36.9725,85.5518,28.0082],"dipPosition":[15.6016,95.7082,-88.7916],"direction":[-0.285743,0.222871,-0.93203],"extended":true,"handId":144,"id":1442,"length":54.3296,"mcpPosition":[29.913,89.8564,-28.9982],"pipPosition":[22.1898,90.5696,-67.3022],"stabilizedTipPosition":[10.9169,99.4911,-99.1924],"timeVisible":5.82756,"tipPosition":[14.476,97.6213,-99.1978],"tipVelocity":[27.1103,41.3465,22.8036],"tool":false,"touchDistance":0.336399,"touchZone":"hovering","type":2,"width":13.7072},{"bases":[[[-0.905009,-0.355288,0.233944],[0.345962,-0.934727,-0.0812128],[0.247528,0.00743735,0.968852]],[[-0.882232,-0.353546,0.31092],[0.272046,-0.921785,-0.276231],[0.384261,-0.159116,0.909409]],[[-0.882232,-0.353546,0.31092],[0.110542,-0.797472,-0.593143],[0.457653,-0.488921,0.742637]],[[-0.882232,-0.353546,0.31092],[-0.0424341,-0.59799,-0.80038],[0.468898,-0.719315,0.512563]]],"btipPosition":[-16.0439,107.966,-79.4356],"carpPosition":[28.061,80.7077,28.0616],"dipPosition":[-8.94051,97.0689,-71.6707],"direction":[-0.457653,0.488921,-0.742637],"extended":true,"handId":144,"id":1443,"length":52.2393,"mcpPosition":[15.2594,80.323,-22.0453],"pipPosition":[1.33887,86.0872,-54.9902],"stabilizedTipPosition":[-15.0106,100.859,-80.4411],"timeVisible":5.82756,"tipPosition":[-12.6067,100.261,-81.3299],"tipVelocity":[11.3379,146.832,116.438],"tool":false,"touchDistance":0.379985,"touchZone":"hovering","type":3,"width":13.0432},{"bases":[[[-0.914916,-0.192679,0.354687],[0.221488,-0.974255,0.0420798],[0.337447,0.117058,0.934038]],[[-0.854825,-0.17321,0.489155],[-0.0257331,-0.927338,-0.37334],[0.518278,-0.331728,0.788254]],[[-0.854825,-0.17321,0.489155],[-0.304355,-0.596129,-0.742966],[0.420288,-0.783983,0.456869]],[[-0.854825,-0.17321,0.489155],[-0.473695,-0.124403,-0.871858],[0.211866,-0.976997,0.024294]]],"btipPosition":[-24.0137,110.6,-44.1334],"carpPosition":[16.6264,80.607,30.767],"dipPosition":[-21.0527,96.9461,-43.7939],"direction":[-0.420288,0.783983,-0.456869],"extended":false,"handId":144,"id":1444,"length":40.9547,"mcpPosition":[0.471278,75.0028,-13.9497],"pipPosition":[-14.3876,84.5133,-36.5487],"stabilizedTipPosition":[-25.4582,104.144,-44.6068],"timeVisible":5.82756,"tipPosition":[-24.6601,101.692,-48.4855],"tipVelocity":[66.9424,39.2052,35.3028],"tool":false,"touchDistance":0.341449,"touchZone":"hovering","type":4,"width":11.586}],"r":[[-0.164019,-0.681138,0.713547],[0.769522,-0.540923,-0.339468],[0.617198,0.493411,0.612872]],"s":1.14555,"t":[116.183,-61.1516,-95.6793],"timestamp":17926920282},{"currentFrameRate":114.463,"devices":[],"gestures":[],"hands":[{"armBasis":[[-0.845131,-0.534549,0.0033513],[0.505291,-0.800888,-0.321342],[0.174457,-0.269883,0.946957]],"armWidth":48,"confidence":1,"direction":[-0.0606759,-0.0654056,-0.996012],"elbow":[67.9848,27.7872,265.621],"grabAngle":0.844608,"grabStrength":0,"id":144,"palmNormal":[-0.559737,0.828422,-0.0203018],"palmPosition":[27.4633,93.3426,-8.11045],"palmVelocity":[24.0076,56.5172,9.32948],"palmWidth":75.1245,"pinchDistance":58.9723,"pinchStrength":0,"r":[[-0.163037,-0.679979,0.714876],[0.772556,-0.538654,-0.336167],[0.613658,0.497474,0.613142]],"s":1.13766,"sphereCenter":[-15.362,123.396,-29.2258],"sphereRadius":59.3712,"stabilizedPalmPosition":[25.9125,90.6408,-8.01144],"t":[116.438,-60.6969,-95.5812],"timeVisible":5.83653,"type":"right","wrist":[29.0946,87.9498,54.5239]}],"id":97647,"interactionBox":{"center":[0,200,0],"size":[235.247,235.247,147.751]},"pointables":[{"bases":[[[0.156244,-0.977568,-0.141237],[0.939121,0.102729,0.327871],[-0.306007,-0.183867,0.934105]],[[0.260939,-0.834047,-0.486083],[0.95643,0.15505,0.247387],[-0.130965,-0.529458,0.838166]],[[0.260939,-0.834047,-0.486083],[0.918221,0.369855,-0.141697],[0.297962,-0.409358,0.862348]],[[0.260939,-0.834047,-0.486083],[0.649587,0.524179,-0.550702],[0.714106,-0.172054,0.678565]]],"btipPosition":[25.2058,146.87,-33.7566],"carpPosition":[41.5963,110.468,37.5034],"dipPosition":[38.7566,143.605,-20.8802],"direction":[-0.297962,0.409358,-0.862348],"extended":false,"handId":144,"id":1440,"length":42.2565,"mcpPosition":[41.5963,110.468,37.5034],"pipPosition":[46.9938,132.289,2.95947],"stabilizedTipPosition":[29.4461,145.503,-30.5125],"timeVisible":5.83653,"tipPosition":[36.5745,150.655,-30.164],"tipVelocity":[-30.1011,60.7341,12.7819],"tool":false,"touchDistance":0.250899,"touchZone":"hovering","type":0,"width":14.6111},{"bases":[[[-0.824901,-0.559358,-0.0815905],[0.565255,-0.814966,-0.127738],[0.00495772,-0.151491,0.988446]],[[-0.82198,-0.569503,-0.00393207],[0.56729,-0.818136,-0.0940035],[0.0503183,-0.0794996,0.995564]],[[-0.82198,-0.569503,-0.00393207],[0.534955,-0.76971,-0.34838],[0.195377,-0.288465,0.937345]],[[-0.82198,-0.569503,-0.00393207],[0.490226,-0.704009,-0.513857],[0.289875,-0.424308,0.857867]]],"btipPosition":[34.6947,116.314,-95.3634],"carpPosition":[44.5932,92.8117,29.6102],"dipPosition":[38.7103,110.436,-83.4792],"direction":[-0.195377,0.288465,-0.937345],"extended":true,"handId":144,"id":1441,"length":47.6818,"mcpPosition":[44.2921,102.014,-30.4296],"pipPosition":[42.5393,104.783,-65.1095],"stabilizedTipPosition":[36.1842,113.572,-93.2186],"timeVisible":5.83653,"tipPosition":[39.1844,112.057,-93.1762],"tipVelocity":[-37.106,109.993,42.6721],"tool":false,"touchDistance":0.294851,"touchZone":"hovering","type":1,"width":13.9565},{"bases":[[[-0.900842,-0.427499,0.075682],[0.41763,-0.900928,-0.117961],[0.118612,-0.0746569,0.99013]],[[-0.885677,-0.432629,0.16855],[0.421794,-0.901444,-0.0974036],[0.194078,-0.0151746,0.980869]],[[-0.885677,-0.432629,0.16855],[0.365412,-0.873447,-0.321814],[0.286445,-0.223433,0.93168]],[[-0.885677,-0.432629,0.16855],[0.306281,-0.81722,-0.488205],[0.348954,-0.380768,0.856298]]],"btipPosition":[10.7507,101.961,-101.767],"carpPosition":[37.0893,86.1146,28.1294],"dipPosition":[16.0676,96.1597,-88.72],"direction":[-0.286445,0.223433,-0.93168],"extended":true,"handId":144,"id":1442,"length":54.3296,"mcpPosition":[30.2569,90.415,-28.905],"pipPosition":[22.672,91.0081,-67.2387],"stabilizedTipPosition":[11.1789,99.7727,-99.0868],"timeVisible":5.83653,"tipPosition":[15.0412,98.1341,-99.1639],"tipVelocity":[47.7362,53.0698,10.9066],"tool":false,"touchDistance":0.33756,"touchZone":"hovering","type":2,"width":13.7072},{"bases":[[[-0.902471,-0.364686,0.229239],[0.35577,-0.931089,-0.0806288],[0.242846,0.00879093,0.970025]],[[-0.879568,-0.362743,0.30786],[0.277838,-0.916893,-0.286555],[0.38622,-0.166509,0.907253]],[[-0.879568,-0.362743,0.30786],[0.107556,-0.781922,-0.614027],[0.463456,-0.506967,0.726769]],[[-0.879568,-0.362743,0.30786],[-0.0601884,-0.557037,-0.828304],[0.471951,-0.747079,0.468119]]],"btipPosition":[-15.8833,109.463,-78.3151],"carpPosition":[28.227,81.1806,28.1349],"dipPosition":[-8.73364,98.145,-71.2234],"direction":[-0.463456,0.506967,-0.726769],"extended":true,"handId":144,"id":1443,"length":52.2393,"mcpPosition":[15.6676,80.7259,-22.0326],"pipPosition":[1.67609,86.758,-54.8994],"stabilizedTipPosition":[-14.9023,101.701,-79.9138],"timeVisible":5.83653,"tipPosition":[-12.3261,101.082,-80.9596],"tipVelocity":[19.0929,156.072,107.654],"tool":false,"touchDistance":0.389805,"touchZone":"hovering","type":3,"width":13.0432},{"bases":[[[-0.914593,-0.202328,0.350118],[0.231119,-0.972017,0.042026],[0.331817,0.119356,0.935763]],[[-0.858082,-0.183289,0.479687],[-0.0130401,-0.926052,-0.377172],[0.513347,-0.3299,0.792238]],[[-0.858082,-0.183289,0.479687],[-0.293298,-0.591837,-0.750803],[0.421511,-0.784942,0.454087]],[[-0.858082,-0.183289,0.479687],[-0.464478,-0.121325,-0.877234],[0.218985,-0.975544,0.0189731]]],"btipPosition":[-23.5667,110.787,-44.1929],"carpPosition":[16.7814,80.9612,30.7859],"dipPosition":[-20.5062,97.1532,-43.9277],"direction":[-0.421511,0.784942,-0.454087],"extended":false,"handId":144,"id":1444,"length":40.9547,"mcpPosition":[0.895756,75.2471,-14.0134],"pipPosition":[-13.8217,84.7052,-36.7266],"st