{"frames":50,"data":[{"currentFrameRate":109.829,"devices":[],"gestures":[],"hands":[{"armBasis":[[-0.811619,-0.578934,-0.0781692],[0.561869,-0.736958,-0.37576],[0.159933,-0.348895,0.923414]],"armWidth":48,"confidence":1,"direction":[-0.0683779,-0.0864826,-0.993904],"elbow":[58.9046,13.5545,266.291],"grabAngle":0.545252,"grabStrength":0,"id":144,"palmNormal":[-0.64243,0.766015,-0.0224559],"palmPosition":[20.6264,96.6176,-2.17721],"palmVelocity":[29.2312,0.94347,-7.26677],"palmWidth":75.1245,"pinchDistance":61.2456,"pinchStrength":0,"r":[[-0.0851239,-0.680431,0.727851],[0.827438,-0.455231,-0.328801],[0.555067,0.574263,0.601766]],"s":1.21776,"sphereCenter":[-16.6003,119.237,-28.2904],"sphereRadius":57.5689,"stabilizedPalmPosition":[20.2824,96.8548,-0.255791],"t":[109.632,-56.9879,-89.4997],"timeVisible":4.31871,"type":"right","wrist":[23.2521,91.3307,60.442]}],"id":97474,"interactionBox":{"center":[0,200,0],"size":[235.247,235.247,147.751]},"pointables":[{"bases":[[[0.254119,-0.958339,-0.130424],[0.928278,0.203814,0.311061],[-0.271519,-0.200116,0.941398]],[[0.332715,-0.828823,-0.449836],[0.928908,0.205808,0.307853],[-0.162576,-0.520283,0.838376]],[[0.332715,-0.828823,-0.449836],[0.937216,0.343496,0.0603077],[0.104532,-0.441659,0.891073]],[[0.332715,-0.828823,-0.449836],[0.854282,0.466921,-0.228444],[0.399377,-0.30828,0.863401]]],"btipPosition":[29.825,155.302,-32.6082],"carpPosition":[33.593,115.8,42.962],"dipPosition":[37.4036,149.452,-16.2244],"direction":[-0.104532,0.441659,-0.891073],"extended":true,"handId":144,"id":1440,"length":42.2565,"mcpPosition":[33.593,115.8,42.962],"pipPosition":[40.2934,137.243,8.40941],"stabilizedTipPosition":[30.7478,153.403,-28.7634],"timeVisible":4.31871,"tipPosition":[34.9803,157.46,-26.9382],"tipVelocity":[35.4569,18.1882,-9.66795],"tool":false,"touchDistance":0.169687,"touchZone":"hovering","type":0,"width":14.6111},{"bases":[[[-0.763933,-0.642456,-0.0604732],[0.644334,-0.754322,-0.125824],[0.0352201,-0.135086,0.990208]],[[-0.761551,-0.647918,-0.0155303],[0.647497,-0.761656,0.0250449],[-0.0280559,0.00901717,0.999566]],[[-0.761551,-0.647918,-0.0155303],[0.641582,-0.75028,-0.159538],[0.0917153,-0.13146,0.98707]],[[-0.761551,-0.647918,-0.0155303],[0.614565,-0.714324,-0.33474],[0.205791,-0.264466,0.942183]]],"btipPosition":[32.4672,112.559,-92.1001],"carpPosition":[38.2775,98.4276,35.2625],"dipPosition":[35.3181,108.895,-79.0479],"direction":[-0.0917153,0.13146,-0.98707],"extended":true,"handId":144,"id":1441,"length":47.6818,"mcpPosition":[36.1382,106.633,-24.8844],"pipPosition":[37.1155,106.319,-59.7036],"stabilizedTipPosition":[30.7604,111.718,-88.7143],"timeVisible":4.31871,"tipPosition":[31.0294,114.511,-87.4827],"tipVelocity":[59.3442,11.93,-3.84295],"tool":false,"touchDistance":0.123398,"touchZone":"hovering","type":1,"width":13.9565},{"bases":[[[-0.850726,-0.51673,0.0962054],[0.506523,-0.85486,-0.112466],[0.140357,-0.0469475,0.988987]],[[-0.841664,-0.518535,0.150743],[0.526581,-0.849967,0.0163602],[0.119643,0.0931481,0.988438]],[[-0.841664,-0.518535,0.150743],[0.491098,-0.851095,-0.185635],[0.224555,-0.0822131,0.970987]],[[-0.841664,-0.518535,0.150743],[0.44048,-0.820736,-0.363827],[0.312377,-0.239821,0.919188]]],"btipPosition":[8.7853,95.5856,-97.9953],"carpPosition":[31.4831,90.972,33.9958],"dipPosition":[13.5449,91.9315,-83.9899],"direction":[-0.224555,0.0822131,-0.970987],"extended":true,"handId":144,"id":1442,"length":54.3296,"mcpPosition":[23.3982,93.6763,-22.9727],"pipPosition":[18.7224,90.0359,-61.6022],"stabilizedTipPosition":[7.40894,94.7637,-94.0741],"timeVisible":4.31871,"tipPosition":[8.44165,97.7193,-92.8801],"tipVelocity":[55.3784,4.98871,-9.29333],"tool":false,"touchDistance":0.193819,"touchZone":"hovering","type":2,"width":13.7072},{"bases":[[[-0.856546,-0.452083,0.248897],[0.448664,-0.890655,-0.0737211],[0.255009,0.0485257,0.96572]],[[-0.842527,-0.449045,0.297502],[0.391829,-0.889903,-0.233543],[0.369619,-0.0801963,0.925716]],[[-0.842527,-0.449045,0.297502],[0.251093,-0.816035,-0.520614],[0.476551,-0.36393,0.800284]],[[-0.842527,-0.449045,0.297502],[0.148033,-0.724064,-0.67366],[0.517914,-0.523537,0.676516]]],"btipPosition":[-21.9504,101.654,-77.4911],"carpPosition":[23.178,85.1528,34.2134],"dipPosition":[-14.1044,93.7227,-67.2424],"direction":[-0.476551,0.36393,-0.800284],"extended":true,"handId":144,"id":1443,"length":52.2393,"mcpPosition":[9.98953,82.6432,-15.7315],"pipPosition":[-3.40056,85.5484,-49.2672],"stabilizedTipPosition":[-22.1174,101.055,-73.9755],"timeVisible":4.31871,"tipPosition":[-17.4242,95.4288,-77.0826],"tipVelocity":[71.1036,-55.4314,-46.6625],"tool":false,"touchDistance":0.314644,"touchZone":"hovering","type":3,"width":13.0432},{"bases":[[[-0.883553,-0.290011,0.367732],[0.330733,-0.942318,0.0514996],[0.331585,0.167124,0.928505]],[[-0.803476,-0.252539,0.539119],[0.183354,-0.966523,-0.179486],[0.566398,-0.045363,0.822882]],[[-0.803476,-0.252539,0.539119],[-0.0851787,-0.847489,-0.523934],[0.589212,-0.46689,0.659427]],[[-0.803476,-0.252539,0.539119],[-0.236176,-0.696052,-0.678036],[0.546485,-0.672113,0.499618]]],"btipPosition":[-37.2378,93.8943,-48.43],"carpPosition":[11.8567,83.7972,37.0536],"dipPosition":[-29.6003,84.5009,-41.4474],"direction":[-0.589212,0.46689,-0.659427],"extended":true,"handId":144,"id":1444,"length":40.9547,"mcpPosition":[-4.01784,75.7962,-7.39818],"pipPosition":[-20.2563,77.0968,-30.9899],"stabilizedTipPosition":[-37.3758,91.481,-45.2645],"timeVisible":4.31871,"tipPosition":[-34.6566,83.9581,-47.7348],"tipVelocity":[36.816,-15.2638,-26.4291],"tool":false,"touchDistance":0.277876,"touchZone":"hovering","type":4,"width":11.586}],"r":[[-0.0851239,-0.680431,0.727851],[0.827438,-0.455231,-0.328801],[0.555067,0.574263,0.601766]],"s":1.21776,"t":[109.632,-56.9879,-89.4997],"timestamp":17925411428},{"currentFrameRate":110.091,"devices":[],"gestures":[],"hands":[{"armBasis":[[-0.809247,-0.582349,-0.0773884],[0.564946,-0.735314,-0.374366],[0.161107,-0.346675,0.924046]],"armWidth":48,"confidence":1,"direction":[-0.065942,-0.0865199,-0.994065],"elbow":[59.3382,14.0898,266.356],"grabAngle":0.540006,"grabStrength":0,"id":144,"palmNormal":[-0.644622,0.764132,-0.0237459],"palmPosition":[20.9008,96.6427,-2.25741],"palmVelocity":[31.8422,2.91245,-9.30793],"palmWidth":75.1245,"pinchDistance":61.258,"pinchStrength":0,"r":[[-0.0848242,-0.681011,0.727344],[0.829097,-0.453108,-0.327554],[0.552633,0.575254,0.603059]],"s":1.21869,"sphereCenter":[-16.2881,119.374,-28.4725],"sphereRadius":57.6527,"stabilizedPalmPosition":[20.2987,96.8492,-0.308539],"t":[109.882,-56.965,-89.5649],"timeVisible":4.32732,"type":"right","wrist":[23.4241,91.371,60.3667]}],"id":97475,"interactionBox":{"center":[0,200,0],"size":[235.247,235.247,147.751]},"pointables":[{"bases":[[[0.257213,-0.957568,-0.130016],[0.926992,0.206484,0.31313],[-0.272997,-0.201065,0.940768]],[[0.336193,-0.827574,-0.44955],[0.927811,0.209089,0.308947],[-0.16168,-0.520963,0.838127]],[[0.336193,-0.827574,-0.44955],[0.936501,0.34429,0.0665559],[0.0996954,-0.44338,0.890772]],[[0.336193,-0.827574,-0.44955],[0.857715,0.466191,-0.216772],[0.388971,-0.312709,0.866553]]],"btipPosition":[30.2383,155.517,-32.6983],"carpPosition":[33.712,115.855,42.9132],"dipPosition":[37.6193,149.584,-16.2546],"direction":[-0.0996954,0.44338,-0.890772],"extended":true,"handId":144,"id":1440,"length":42.2565,"mcpPosition":[33.712,115.855,42.9132],"pipPosition":[40.3754,137.326,8.37083],"stabilizedTipPosition":[31.0043,153.565,-28.7964],"timeVisible":4.32732,"tipPosition":[35.0792,157.477,-27.0084],"tipVelocity":[42.684,22.7392,-8.85774],"tool":false,"touchDistance":0.168414,"touchZone":"hovering","type":0,"width":14.6111},{"bases":[[[-0.761911,-0.644683,-0.0622514],[0.646817,-0.75241,-0.124528],[0.0334422,-0.135144,0.990261]],[[-0.759755,-0.649919,-0.0194145],[0.649419,-0.759965,0.0266091],[-0.0320481,0.00760826,0.999457]],[[-0.759755,-0.649919,-0.0194145],[0.644166,-0.748298,-0.158431],[0.0884395,-0.132875,0.987179]],[[-0.759755,-0.649919,-0.0194145],[0.617479,-0.711835,-0.334679],[0.203695,-0.266263,0.942132]]],"btipPosition":[32.9943,112.735,-92.1423],"carpPosition":[38.4643,98.4983,35.2212],"dipPosition":[35.8161,109.046,-79.0908],"direction":[-0.0884395,0.132875,-0.987179],"extended":true,"handId":144,"id":1441,"length":47.6818,"mcpPosition":[36.4329,106.707,-24.9289],"pipPosition":[37.5493,106.442,-59.7444],"stabilizedTipPosition":[31.1113,111.738,-88.7661],"timeVisible":4.32732,"tipPosition":[31.4585,114.556,-87.5516],"tipVelocity":[60.3906,19.7531,-4.91486],"tool":false,"touchDistance":0.122692,"touchZone":"hovering","type":1,"width":13.9565},{"bases":[[[-0.849416,-0.519237,0.094256],[0.509273,-0.853353,-0.111488],[0.138322,-0.0466978,0.989286]],[[-0.84062,-0.52101,0.148009],[0.528845,-0.848557,0.016561],[0.116966,0.0921954,0.988847]],[[-0.84062,-0.52101,0.148009],[0.493743,-0.849475,-0.186037],[0.222657,-0.0833078,0.971331]],[[-0.84062,-0.52101,0.148009],[0.442931,-0.818551,-0.365769],[0.311723,-0.241915,0.918861]]],"btipPosition":[9.27231,95.7166,-98.0888],"carpPosition":[31.6946,91.023,33.9385],"dipPosition":[14.0219,92.0306,-84.0883],"direction":[-0.222657,0.0833078,-0.971331],"extended":true,"handId":144,"id":1442,"length":54.3296,"mcpPosition":[23.7268,93.7129,-23.0472],"pipPosition":[19.1557,90.1098,-61.6928],"stabilizedTipPosition":[7.71911,94.7747,-94.1575],"timeVisible":4.32732,"tipPosition":[8.92307,97.7018,-93.001],"tipVelocity":[56.2505,14.3536,-10.9823],"tool":false,"touchDistance":0.192242,"touchZone":"hovering","type":2,"width":13.7072},{"bases":[[[-0.855761,-0.454633,0.246945],[0.451434,-0.889324,-0.0728759],[0.252745,0.0491149,0.966285]],[[-0.842344,-0.451679,0.294011],[0.396621,-0.888894,-0.229257],[0.364895,-0.0765022,0.9279]],[[-0.842344,-0.451679,0.294011],[0.259819,-0.818292,-0.512731],[0.472177,-0.355506,0.806638]],[[-0.842344,-0.451679,0.294011],[0.159685,-0.73021,-0.6643],[0.51474,-0.51262,0.687215]]],"btipPosition":[-21.2877,101.162,-77.9807],"carpPosition":[23.4061,85.1795,34.1369],"dipPosition":[-13.4898,93.3959,-67.57],"direction":[-0.472177,0.355506,-0.806638],"extended":true,"handId":144,"id":1443,"length":52.2393,"mcpPosition":[10.3347,82.6394,-15.8373],"pipPosition":[-2.88424,85.4108,-49.452],"stabilizedTipPosition":[-21.7674,100.831,-74.1904],"timeVisible":4.32732,"tipPosition":[-17.0654,95.4888,-77.1909],"tipVelocity":[75.6182,-52.7088,-52.4976],"tool":false,"touchDistance":0.307105,"touchZone":"hovering","type":3,"width":13.0432},{"bases":[[[-0.883505,-0.29266,0.365746],[0.333381,-0.941353,0.0520775],[0.329055,0.167943,0.929257]],[[-0.803749,-0.254907,0.537596],[0.184424,-0.965807,-0.18222],[0.565663,-0.0473138,0.823278]],[[-0.803749,-0.254907,0.537596],[-0.0829749,-0.846716,-0.525534],[0.589154,-0.467005,0.659397]],[[-0.803749,-0.254907,0.537596],[-0.226631,-0.704282,-0.672774],[0.550114,-0.662578,0.508296]]],"btipPosition":[-36.9195,93.7725,-48.6997],"carpPosition":[12.0826,83.7902,36.952],"dipPosition":[-29.2312,84.5125,-41.5959],"direction":[-0.589154,0.467005,-0.659397],"extended":true,"handId":144,"id":1444,"length":40.9547,"mcpPosition":[-3.67079,75.75,-7.53576],"pipPosition":[-19.8881,77.1065,-31.1388],"stabilizedTipPosition":[-37.2207,91.4923,-45.39],"timeVisible":4.32732,"tipPosition":[-34.2495,83.87,-47.9336],"tipVelocity":[38.2951,-10.5682,-28.0655],"tool":false,"touchDistance":0.273845,"touchZone":"hovering","type":4,"width":11.586}],"r":[[-0.0848242,-0.681011,0.727344],[0.829097,-0.453108,-0.327554],[0.552633,0.575254,0.603059]],"s":1.21869,"t":[109.882,-56.965,-89.5649],"timestamp":17925420045},{"currentFrameRate":110.297,"devices":[],"gestures":[],"hands":[{"armBasis":[[-0.8056,-0.587404,-0.0772354],[0.569777,-0.732418,-0.372717],[0.162367,-0.344268,0.924725]],"armWidth":48,"confidence":1,"direction":[-0.0628275,-0.0854921,-0.994356],"elbow":[59.8033,14.6616,266.405],"grabAngle":0.533498,"grabStrength":0,"id":144,"palmNormal":[-0.648132,0.761134,-0.0244887],"palmPosition":[21.2118,96.723,-2.3614],"palmVelocity":[35.7386,9.23106,-11.9522],"palmWidth":75.1245,"pinchDistance":61.2523,"pinchStrength":0,"r":[[-0.0843402,-0.681748,0.72671],[0.83102,-0.450541,-0.32622],[0.549812,0.576397,0.604545]],"s":1.21961,"sphereCenter":[-15.9513,119.469,-28.6767],"sphereRadius":57.7055,"stabilizedPalmPosition":[20.3231,96.8458,-0.36338],"t":[110.162,-56.9134,-89.6495],"timeVisible":4.33602,"type":"right","wrist":[23.6082,91.4062,60.2637]}],"id":97476,"interactionBox":{"center":[0,200,0],"size":[235.247,235.247,147.751]},"pointables":[{"bases":[[[0.262055,-0.956177,-0.130588],[0.925157,0.210405,0.315934],[-0.274613,-0.203607,0.939751]],[[0.341344,-0.825228,-0.44998],[0.926241,0.213888,0.31037],[-0.159881,-0.522733,0.83737]],[[0.341344,-0.825228,-0.44998],[0.935001,0.347117,0.0726831],[0.0962158,-0.445542,0.890076]],[[0.341344,-0.825228,-0.44998],[0.860021,0.467379,-0.204745],[0.379273,-0.317104,0.869251]]],"btipPosition":[30.5419,155.813,-32.7426],"carpPosition":[33.8096,115.935,42.8695],"dipPosition":[37.7389,149.796,-16.2478],"direction":[-0.0962158,0.445542,-0.890076],"extended":true,"handId":144,"id":1440,"length":42.2565,"mcpPosition":[33.8096,115.935,42.8695],"pipPosition":[40.3988,137.479,8.3584],"stabilizedTipPosition":[31.258,153.749,-28.8288],"timeVisible":4.33602,"tipPosition":[35.1354,157.617,-27.0167],"tipVelocity":[30.0361,31.7667,-3.7464],"tool":false,"touchDistance":0.167871,"touchZone":"hovering","type":0,"width":14.6111},{"bases":[[[-0.758707,-0.648162,-0.0651895],[0.650676,-0.749202,-0.123763],[0.0313782,-0.136317,0.990168]],[[-0.756779,-0.653211,-0.0244925],[0.652638,-0.757159,0.0278363],[-0.0367277,0.00508119,0.999312]],[[-0.756779,-0.653211,-0.0244925],[0.648162,-0.745022,-0.157571],[0.0846794,-0.135121,0.987204]],[[-0.756779,-0.653211,-0.0244925],[0.621829,-0.707858,-0.335061],[0.201528,-0.268798,0.941878]]],"btipPosition":[33.5862,113.085,-92.1823],"carpPosition":[38.6641,98.6105,35.1675],"dipPosition":[36.3781,109.362,-79.1343],"direction":[-0.0846794,0.135121,-0.987204],"extended":true,"handId":144,"id":1441,"length":47.6818,"mcpPosition":[36.7582,106.891,-24.977],"pipPosition":[38.0376,106.714,-59.7874],"stabilizedTipPosition":[31.4995,111.799,-88.8178],"timeVisible":4.33602,"tipPosition":[31.9388,114.777,-87.617],"tipVelocity":[67.2477,39.3731,-4.68995],"tool":false,"touchDistance":0.122012,"touchZone":"hovering","type":1,"width":13.9565},{"bases":[[[-0.847225,-0.523339,0.0912453],[0.513571,-0.850806,-0.111233],[0.135845,-0.0473784,0.989597]],[[-0.838704,-0.525128,0.144277],[0.532589,-0.846223,0.0160012],[0.113688,0.0902606,0.989408]],[[-0.838704,-0.525128,0.144277],[0.497984,-0.846759,-0.187112],[0.220426,-0.0850836,0.971686]],[[-0.838704,-0.525128,0.144277],[0.446996,-0.81514,-0.368432],[0.31108,-0.244514,0.918391]]],"btipPosition":[9.8429,95.9943,-98.2118],"carpPosition":[31.9331,91.1053,33.8563],"dipPosition":[14.5828,92.2687,-84.2185],"direction":[-0.220426,0.0850836,-0.971686],"extended":true,"handId":144,"id":1442,"length":54.3296,"mcpPosition":[24.1081,93.8345,-23.1473],"pipPosition":[19.665,90.3069,-61.8148],"stabilizedTipPosition":[8.0609,94.8133,-94.2464],"timeVisible":4.33602,"tipPosition":[9.48733,97.8275,-93.1498],"tipVelocity":[65.327,30.8708,-14.3276],"tool":false,"touchDistance":0.190164,"touchZone":"hovering","type":2,"width":13.7072},{"bases":[[[-0.854289,-0.45897,0.244002],[0.455797,-0.887099,-0.0728268],[0.249879,0.0490003,0.967036]],[[-0.841494,-0.456134,0.289532],[0.402955,-0.886867,-0.226041],[0.359882,-0.0735432,0.930095]],[[-0.841494,-0.456134,0.289532],[0.270431,-0.819557,-0.505166],[0.467712,-0.346795,0.813006]],[[-0.841494,-0.456134,0.289532],[0.175718,-0.73784,-0.651701],[0.510892,-0.497527,0.701039]]],"btipPosition":[-20.5338,100.679,-78.5641],"carpPosition":[23.6717,85.2228,34.0243],"dipPosition":[-12.7942,93.1422,-67.9439],"direction":[-0.467712,0.346795,-0.813006],"extended":true,"handId":144,"id":1443,"length":52.2393,"mcpPosition":[10.7485,82.6886,-15.9887],"pipPosition":[-2.28887,85.3528,-49.6829],"stabilizedTipPosition":[-21.3855,100.592,-74.4352],"timeVisible":4.33602,"tipPosition":[-16.6269,95.6208,-77.3521],"tipVelocity":[85.119,-49.3914,-61.5186],"tool":false,"touchDistance":0.298185,"touchZone":"hovering","type":3,"width":13.0432},{"bases":[[[-0.883115,-0.297289,0.362942],[0.337649,-0.939849,0.0517344],[0.325731,0.168235,0.930374]],[[-0.803779,-0.259291,0.535451],[0.187323,-0.96455,-0.185885],[0.564667,-0.0491081,0.823856]],[[-0.803779,-0.259291,0.535451],[-0.079248,-0.845342,-0.528316],[0.589626,-0.467082,0.65892]],[[-0.803779,-0.259291,0.535451],[-0.215778,-0.711683,-0.668541],[0.554418,-0.652897,0.516087]]],"btipPosition":[-36.5349,93.6624,-49.0165],"carpPosition":[12.3471,83.7767,36.8067],"dipPosition":[-28.7865,84.5377,-41.8037],"direction":[-0.589626,0.467082,-0.65892],"extended":true,"handId":144,"id":1444,"length":40.9547,"mcpPosition":[-3.24713,75.7225,-7.73461],"pipPosition":[-19.4359,77.1304,-31.3543],"stabilizedTipPosition":[-37.0562,91.497,-45.5212],"timeVisible":4.33602,"tipPosition":[-33.7586,83.7939,-48.2006],"tipVelocity":[45.7951,-9.0815,-33.5304],"tool":false,"touchDistance":0.268983,"touchZone":"hovering","type":4,"width":11.586}],"r":[[-0.0843402,-0.681748,0.72671],[0.83102,-0.450541,-0.32622],[0.549812,0.576397,0.604545]],"s":1.21961,"t":[110.162,-56.9134,-89.6495],"timestamp":17925428745},{"currentFrameRate":110.517,"devices":[],"gestures":[],"hands":[{"armBasis":[[-0.802509,-0.591706,-0.0765704],[0.573756,-0.730146,-0.371067],[0.163655,-0.341718,0.925444]],"armWidth":48,"confidence":1,"direction":[-0.0598693,-0.0834248,-0.994714],"elbow":[60.3087,15.276,266.384],"grabAngle":0.523941,"grabStrength":0,"id":144,"palmNormal":[-0.650532,0.759083,-0.0245091],"palmPosition":[21.5581,96.8653,-2.53921],"palmVelocity":[39.9924,16.4396,-20.5348],"palmWidth":75.1245,"pinchDistance":61.184,"pinchStrength":0,"r":[[-0.0838993,-0.682721,0.725846],[0.833017,-0.447795,-0.324903],[0.546849,0.577383,0.606288]],"s":1.22038,"sphereCenter":[-15.5529,119.602,-28.9256],"sphereRadius":57.7131,"stabilizedPalmPosition":[20.3552,96.8464,-0.420034],"t":[110.475,-56.8164,-89.7807],"timeVisible":4.34468,"type":"right","wrist":[23.8265,91.4522,60.0825]}],"id":97477,"interactionBox":{"center":[0,200,0],"size":[235.247,235.247,147.751]},"pointables":[{"bases":[[[0.26551,-0.955022,-0.132054],[0.923614,0.212681,0.318911],[-0.276482,-0.206641,0.93854]],[[0.345284,-0.82293,-0.451183],[0.925215,0.217882,0.310651],[-0.157339,-0.524704,0.836618]],[[0.345284,-0.82293,-0.451183],[0.933615,0.350167,0.0757995],[0.0956117,-0.447403,0.889207]],[[0.345284,-0.82293,-0.451183],[0.861044,0.469022,-0.196523],[0.373339,-0.320632,0.870525]]],"btipPosition":[30.7283,156.092,-32.8122],"carpPosition":[33.9714,116.015,42.7692],"dipPosition":[37.8128,150.008,-16.2932],"direction":[-0.0956117,0.447403,-0.889207],"extended":true,"handId":144,"id":1440,"length":42.2565,"mcpPosition":[33.9714,116.015,42.7692],"pipPosition":[40.456,137.64,8.28902],"stabilizedTipPosition":[31.482,153.941,-28.8663],"timeVisible":4.34468,"tipPosition":[35.3328,157.841,-27.0299],"tipVelocity":[18.5405,30.4876,-7.38733],"tool":false,"touchDistance":0.166805,"touchZone":"hovering","type":0,"width":14.6111},{"bases":[[[-0.756419,-0.650468,-0.0687137],[0.653437,-0.746804,-0.123707],[0.0291519,-0.138475,0.989937]],[[-0.754737,-0.655314,-0.0305717],[0.654709,-0.755355,0.0281929],[-0.0415677,0.00126268,0.999135]],[[-0.754737,-0.655314,-0.0305717],[0.651126,-0.7426,-0.15678],[0.0800378,-0.138234,0.98716]],[[-0.754737,-0.655314,-0.0305717],[0.625397,-0.704644,-0.335193],[0.198115,-0.272102,0.941653]]],"btipPosition":[34.2672,113.569,-92.2847],"carpPosition":[38.903,98.7237,35.0409],"dipPosition":[37.0117,109.8,-79.2398],"direction":[-0.0800378,0.138234,-0.98716],"extended":true,"handId":144,"id":1441,"length":47.6818,"mcpPosition":[37.1323,107.135,-25.0895],"pipPosition":[38.5803,107.091,-59.8938],"stabilizedTipPosition":[31.9305,111.914,-88.877],"timeVisible":4.34468,"tipPosition":[32.483,115.122,-87.7414],"tipVelocity":[77.3839,54.6903,-11.9058],"tool":false,"touchDistance":0.120294,"touchZone":"hovering","type":1,"width":13.9565},{"bases":[[[-0.845764,-0.526289,0.0877647],[0.51663,-0.848881,-0.111779],[0.13333,-0.0491971,0.98985]],[[-0.837506,-0.528157,0.140118],[0.535035,-0.844715,0.0139343],[0.111,0.0866381,0.990037]],[[-0.837506,-0.528157,0.140118],[0.50097,-0.844557,-0.189081],[0.218202,-0.088162,0.971913]],[[-0.837506,-0.528157,0.140118],[0.449946,-0.812071,-0.371603],[0.310051,-0.248175,0.917757]]],"btipPosition":[10.4265,96.4618,-98.4084],"carpPosition":[32.2,91.1998,33.6945],"dipPosition":[15.1507,92.6804,-84.4247],"direction":[-0.218202,0.088162,-0.971913],"extended":true,"handId":144,"id":1442,"length":54.3296,"mcpPosition":[24.5198,94.0337,-23.3237],"pipPosition":[20.1817,90.6477,-62.0158],"stabilizedTipPosition":[8.42784,94.8961,-94.3469],"timeVisible":4.34468,"tipPosition":[10.0878,98.1162,-93.3727],"tipVelocity":[66.9867,52.5134,-22.9587],"tool":false,"touchDistance":0.186851,"touchZone":"hovering","type":2,"width":13.7072},{"bases":[[[-0.853448,-0.462293,0.240648],[0.45887,-0.885449,-0.073612],[0.247112,0.047602,0.967817]],[[-0.841224,-0.459625,0.284759],[0.407684,-0.885139,-0.224325],[0.355157,-0.0726156,0.931982]],[[-0.841224,-0.459625,0.284759],[0.280418,-0.82117,-0.497038],[0.462287,-0.338268,0.819674]],[[-0.841224,-0.459625,0.284759],[0.195892,-0.749963,-0.631808],[0.503954,-0.47571,0.720924]]],"btipPosition":[-19.707,100.263,-79.3214],"carpPosition":[23.9572,85.2901,33.8268],"dipPosition":[-12.0725,93.0568,-68.4],"direction":[-0.462287,0.338268,-0.819674],"extended":true,"handId":144,"id":1443,"length":52.2393,"mcpPosition":[11.1772,82.8283,-16.2266],"pipPosition":[-1.68902,85.4589,-49.9892],"stabilizedTipPosition":[-20.9905,100.364,-74.7082],"timeVisible":4.34468,"tipPosition":[-16.1593,95.938,-77.5969],"tipVelocity":[92.6951,-39.2609,-79.4558],"tool":false,"touchDistance":0.286718,"touchZone":"hovering","type":3,"width":13.0432},{"bases":[[[-0.88312,-0.300977,0.359877],[0.340559,-0.938866,0.0505091],[0.322674,0.167165,0.931631]],[[-0.803852,-0.262879,0.533589],[0.188656,-0.963405,-0.190422],[0.564119,-0.0524061,0.824028]],[[-0.803852,-0.262879,0.533589],[-0.0768151,-0.843657,-0.53136],[0.589849,-0.468122,0.657982]],[[-0.803852,-0.262879,0.533589],[-0.206164,-0.718312,-0.664472],[0.557959,-0.644144,0.523221]]],"btipPosition":[-36.1431,93.7266,-49.3979],"carpPosition":[12.63,83.801,36.5752],"dipPosition":[-28.3451,84.7242,-42.0854],"direction":[-0.589849,0.468122,-0.657982],"extended":true,"handId":144,"id":1444,"length":40.9547,"mcpPosition":[-2.81793,75.798,-8.02626],"pipPosition":[-18.991,77.3005,-31.6508],"stabilizedTipPosition":[-36.8925,91.5067,-45.6539],"timeVisible":4.34468,"tipPosition":[-33.2528,83.9084,-48.5512],"tipVelocity":[46.5717,10.665,-41.3991],"tool":false,"touchDistance":0.263008,"touchZone":"hovering","type":4,"width":11.586}],"r":[[-0.0838993,-0.682721,0.725846],[0.833017,-0.447795,-0.324903],[0.546849,0.577383,0.606288]],"s":1.22038,"t":[110.475,-56.8164,-89.7807],"timestamp":17925437404},{"currentFrameRate":110.576,"devices":[],"gestures":[],"hands":[{"armBasis":[[-0.798077,-0.597648,-0.0767398],[0.579501,-0.7264,-0.369489],[0.165081,-0.339351,0.926061]],"armWidth":48,"confidence":1,"direction":[-0.0547037,-0.0826995,-0.995072],"elbow":[60.7973,15.9513,266.302],"grabAngle":0.509856,"grabStrength":0,"id":144,"palmNormal":[-0.654698,0.755416,-0.0267901],"palmPosition":[21.9587,97.0446,-2.76176],"palmVelocity":[44.8144,20.054,-24.8972],"palmWidth":75.1245,"pinchDistance":61.0565,"pinchStrength":0,"r":[[-0.0834538,-0.683746,0.724933],[0.835416,-0.444582,-0.323151],[0.543245,0.578652,0.608314]],"s":1.22073,"sphereCenter":[-15.3162,119.707,-29.253],"sphereRadius":57.8226,"stabilizedPalmPosition":[20.3976,96.8516,-0.48189],"t":[110.832,-56.6782,-89.9575],"timeVisible":4.35362,"type":"right","wrist":[23.9973,91.6,59.8633]}],"id":97478,"interactionBox":{"center":[0,200,0],"size":[235.247,235.247,147.751]},"pointables":[{"bases":[[[0.271534,-0.953362,-0.131793],[0.92088,0.217563,0.323491],[-0.279731,-0.209205,0.937008]],[[0.352169,-0.820146,-0.450931],[0.923307,0.225553,0.310854],[-0.153236,-0.52582,0.836679]],[[0.352169,-0.820146,-0.450931],[0.930759,0.357498,0.0766957],[0.098305,-0.446718,0.889258]],[[0.352169,-0.820146,-0.450931],[0.858427,0.47502,-0.193542],[0.372934,-0.318931,0.871323]]],"btipPosition":[30.5706,156.288,-32.9757],"carpPosition":[34.0496,116.215,42.6246],"dipPosition":[37.6474,150.236,-16.4416],"direction":[-0.098305,0.446718,-0.889258],"extended":true,"handId":144,"id":1440,"length":42.2565,"mcpPosition":[34.0496,116.215,42.6246],"pipPosition":[40.365,137.886,8.142],"stabilizedTipPosition":[31.6145,154.118,-28.923],"timeVisible":4.35362,"tipPosition":[35.4245,158.047,-27.1724],"tipVelocity":[-17.8453,22.7078,-17.9088],"tool":false,"touchDistance":0.164137,"touchZone":"hovering","type":0,"width":14.6111},{"bases":[[[-0.752391,-0.654664,-0.0729625],[0.658232,-0.742962,-0.121398],[0.0252665,-0.139365,0.989919]],[[-0.751001,-0.659239,-0.0374265],[0.658566,-0.75193,0.0298769],[-0.0478381,-0.00221023,0.998853]],[[-0.751001,-0.659239,-0.0374265],[0.656083,-0.738607,-0.154966],[0.0745163,-0.140935,0.987211]],[[-0.751001,-0.659239,-0.0374265],[0.631088,-0.699949,-0.334364],[0.194229,-0.274727,0.941701]]],"btipPosition":[35.096,114.071,-92.4145],"carpPosition":[39.1154,98.961,34.9017],"dipPosition":[37.7867,110.265,-79.369],"direction":[-0.0745163,0.140935,-0.987211],"extended":true,"handId":144,"id":1441,"length":47.6818,"mcpPosition":[37.5806,107.426,-25.2276],"pipPosition":[39.247,107.503,-60.022],"stabilizedTipPosition":[32.4408,112.087,-88.9494],"timeVisible":4.35362,"tipPosition":[33.2111,115.427,-87.91],"tipVelocity":[91.3352,55.1761,-14.5104],"tool":false,"touchDistance":0.119362,"touchZone":"hovering","type":1,"width":13.9565},{"bases":[[[-0.843174,-0.53116,0.0832215],[0.521951,-0.845824,-0.110223],[0.128937,-0.0494993,0.990417]],[[-0.835257,-0.533025,0.135021],[0.53934,-0.841996,0.0124614],[0.107045,0.0832309,0.990764]],[[-0.835257,-0.533025,0.135021],[0.505991,-0.841197,-0.190686],[0.21522,-0.0909522,0.972321]],[[-0.835257,-0.533025,0.135021],[0.454948,-0.807835,-0.374733],[0.308817,-0.251571,0.917248]]],"btipPosition":[11.1833,96.9293,-98.6497],"carpPosition":[32.4615,91.4006,33.5159],"dipPosition":[15.8886,93.0962,-84.6738],"direction":[-0.21522,0.0909522,-0.972321],"extended":true,"handId":144,"id":1442,"length":54.3296,"mcpPosition":[25.0343,94.2519,-23.535],"pipPosition":[20.8509,90.9992,-62.2555],"stabilizedTipPosition":[8.85532,95.0244,-94.4681],"timeVisible":4.35362,"tipPosition":[10.9325,98.2898,-93.6768],"tipVelocity":[84.1686,50.9686,-27.2002],"tool":false,"touchDistance":0.182798,"touchZone":"hovering","type":2,"width":13.7072},{"bases":[[[-0.851942,-0.467372,0.236133],[0.46422,-0.882759,-0.0723666],[0.242271,0.0479656,0.969022]],[[-0.840456,-0.464809,0.278544],[0.414436,-0.882534,-0.222206],[0.349108,-0.071316,0.934365]],[[-0.840456,-0.464809,0.278544],[0.293722,-0.822737,-0.486654],[0.455369,-0.327197,0.827998]],[[-0.840456,-0.464809,0.278544],[0.22907,-0.770599,-0.59473],[0.491081,-0.436039,0.754128]]],"btipPosition":[-18.5925,99.502,-80.3838],"carpPosition":[24.2518,85.4443,33.6031],"dipPosition":[-11.153,92.8964,-68.9593],"direction":[-0.455369,0.327197,-0.827998],"extended":true,"handId":144,"id":1443,"length":52.2393,"mcpPosition":[11.7221,82.9636,-16.5126],"pipPosition":[-0.924941,85.5472,-50.3616],"stabilizedTipPosition":[-20.5254,100.094,-75.0532],"timeVisible":4.35362,"tipPosition":[-15.4832,96.0982,-77.9839],"tipVelocity":[119.656,-69.711,-105.903],"tool":false,"touchDistance":0.27094,"touchZone":"hovering","type":3,"width":13.0432},{"bases":[[[-0.883089,-0.306354,0.355389],[0.345629,-0.936977,0.0511388],[0.317325,0.167993,0.933318]],[[-0.804089,-0.267636,0.530859],[0.19297,-0.962086,-0.192752],[0.56232,-0.0525497,0.825249]],[[-0.804089,-0.267636,0.530859],[-0.0711676,-0.843184,-0.532894],[0.590234,-0.466274,0.658948]],[[-0.804089,-0.267636,0.530859],[-0.193148,-0.726895,-0.659028],[0.562259,-0.632452,0.532795]]],"btipPosition":[-35.6112,93.5856,-49.9415],"carpPosition":[12.9203,83.8882,36.2964],"dipPosition":[-27.7532,84.7466,-42.4953],"direction":[-0.590234,0.466274,-0.658948],"extended":true,"handId":144,"id":1444,"length":40.9547,"mcpPosition":[-2.27148,75.8456,-8.38581],"pipPosition":[-18.393,77.3521,-32.0454],"stabilizedTipPosition":[-36.718,91.5092,-45.7995],"timeVisible":4.35362,"tipPosition":[-32.5687,83.8792,-49.04],"tipVelocity":[61.045,-11.5762,-57.3755],"tool":false,"touchDistance":0.25446,"touchZone":"hovering","type":4,"width":11.586}],"r":[[-0.0834538,-0.683746,0.724933],[0.835416,-0.444582,-0.323151],[0.543245,0.578652,0.608314]],"s":1.22073,"t":[110.832,-56.6782,-89.9575],"timestamp":17925446343},{"currentFrameRate":110.894,"devices":[],"gestures":[],"hands":[{"armBasis":[[-0.791458,-0.606149,-0.0786061],[0.588248,-0.720451,-0.367307],[0.166011,-0.336948,0.926772]],"armWidth":48,"confidence":1,"direction":[-0.0477321,-0.0812807,-0.995548],"elbow":[61.1384,16.6463,266.27],"grabAngle":0.493615,"grabStrength":0,"id":144,"palmNormal":[-0.661258,0.749579,-0.0294944],"palmPosition":[22.4022,97.2803,-2.95383],"palmVelocity":[52.4477,27.8662,-22.7111],"palmWidth":75.1245,"pinchDistance":60.898,"pinchStrength":0,"r":[[-0.0827754,-0.684984,0.723841],[0.838517,-0.440387,-0.320857],[0.538551,0.580394,0.610823]],"s":1.22038,"sphereCenter":[-15.047,119.481,-29.5996],"sphereRadius":57.8075,"stabilizedPalmPosition":[20.4495,96.8627,-0.545889],"t":[111.233,-56.4914,-90.142],"timeVisible":4.36208,"type":"right","wrist":[24.131,91.7592,59.6722]}],"id":97479,"interactionBox":{"center":[0,200,0],"size":[235.247,235.247,147.751]},"pointables":[{"bases":[[[0.280883,-0.950641,-0.131858],[0.916852,0.225173,0.329667],[-0.283704,-0.213492,0.934844]],[[0.362535,-0.815402,-0.451318],[0.920426,0.237277,0.310669],[-0.146233,-0.528033,0.836539]],[[0.362535,-0.815402,-0.451318],[0.925813,0.370668,0.0739963],[0.106952,-0.444662,0.88929]],[[0.362535,-0.815402,-0.451318],[0.849983,0.487896,-0.198713],[0.382227,-0.311572,0.869957]]],"btipPosition":[29.8536,156.439,-33.0265],"carpPosition":[34.0366,116.472,42.5431],"dipPosition":[37.1067,150.526,-16.5183],"direction":[-0.106952,0.444662,-0.88929],"extended":true,"handId":144,"id":1440,"length":42.2565,"mcpPosition":[34.0366,116.472,42.5431],"pipPosition":[40.0634,138.234,8.06623],"stabilizedTipPosition":[31.5982,154.287,-28.977],"timeVisible":4.36208,"tipPosition":[35.2765,158.279,-27.269],"tipVelocity":[-79.9852,21.6358,-6.70644],"tool":false,"touchDistance":0.163192,"touchZone":"hovering","type":0,"width":14.6111},{"bases":[[[-0.746025,-0.661227,-0.0788989],[0.665608,-0.73681,-0.118645],[0.020318,-0.141028,0.989797]],[[-0.744934,-0.665559,-0.0458774],[0.664813,-0.746317,0.0321706],[-0.0556505,-0.00653495,0.998429]],[[-0.744934,-0.665559,-0.0458774],[0.663609,-0.732175,-0.153435],[0.0685295,-0.144743,0.987093]],[[-0.744934,-0.665559,-0.0458774],[0.63923,-0.692399,-0.334617],[0.190942,-0.278594,0.941237]]],"btipPosition":[36.0212,114.768,-92.4653],"carpPosition":[39.305,99.2779,34.8201],"dipPosition":[38.6664,110.908,-79.4262],"direction":[-0.0685295,0.144743,-0.987093],"extended":true,"handId":144,"id":1441,"length":47.6818,"mcpPosition":[38.0709,107.844,-25.3018],"pipPosition":[40.0094,108.072,-60.0815],"stabilizedTipPosition":[33.014,112.332,-89.0201],"timeVisible":4.36208,"tipPosition":[34.0528,115.902,-88.0127],"tipVelocity":[108.166,80.9404,-6.1793],"tool":false,"touchDistance":0.126001,"touchZone":"hovering","type":1,"width":13.9565},{"bases":[[[-0.838887,-0.53884,0.0769416],[0.530186,-0.840909,-0.108516],[0.123174,-0.0502396,0.991113]],[[-0.831373,-0.54072,0.128221],[0.546341,-0.837495,0.0106311],[0.101636,0.078891,0.991689]],[[-0.831373,-0.54072,0.128221],[0.513845,-0.835855,-0.193159],[0.211619,-0.0947011,0.972753]],[[-0.831373,-0.54072,0.128221],[0.462588,-0.801237,-0.379514],[0.307946,-0.256204,0.916258]]],"btipPosition":[12.0893,97.559,-98.8582],"carpPosition":[32.7279,91.6611,33.3784],"dipPosition":[16.7814,93.6553,-84.8974],"direction":[-0.211619,0.0947011,-0.972753],"extended":true,"handId":144,"id":1442,"length":54.3296,"mcpPosition":[25.6327,94.555,-23.7125],"pipPosition":[21.6606,91.4718,-62.4691],"stabilizedTipPosition":[9.34205,95.2091,-94.6012],"timeVisible":4.36208,"tipPosition":[11.9601,98.5606,-93.9692],"tipVelocity":[106.778,72.5392,-25.0663],"tool":false,"touchDistance":0.183368,"touchZone":"hovering","type":2,"width":13.7072},{"bases":[[[-0.849182,-0.475425,0.229913],[0.472552,-0.87843,-0.0710921],[0.235762,0.048276,0.970611]],[[-0.838564,-0.472987,0.270359],[0.424512,-0.878314,-0.219894],[0.341467,-0.0696244,0.937311]],[[-0.838564,-0.472987,0.270359],[0.311659,-0.823503,-0.474037],[0.446855,-0.313251,0.83797]],[[-0.838564,-0.472987,0.270359],[0.270665,-0.792366,-0.546714],[0.472812,-0.385278,0.792471]]],"btipPosition":[-17.1914,98.5295,-81.5775],"carpPosition":[24.5715,85.6314,33.403],"dipPosition":[-10.0287,92.6928,-69.5722],"direction":[-0.446855,0.313251,-0.83797],"extended":true,"handId":144,"id":1443,"length":52.2393,"mcpPosition":[12.3784,83.1346,-16.7948],"pipPosition":[0.00819649,85.6569,-50.7505],"stabilizedTipPosition":[-19.9719,99.7711,-75.4713],"timeVisible":4.36208,"tipPosition":[-14.6265,96.2153,-78.4391],"tipVelocity":[158.15,-94.0802,-125.358],"tool":false,"touchDistance":0.25605,"touchZone":"hovering","type":3,"width":13.0432},{"bases":[[[-0.882516,-0.314921,0.349271],[0.353681,-0.933944,0.0515657],[0.30996,0.169038,0.935602]],[[-0.804227,-0.275482,0.526621],[0.202442,-0.960074,-0.193067],[0.558781,-0.0486596,0.827886]],[[-0.804227,-0.275482,0.526621],[-0.0608827,-0.843237,-0.534084],[0.591196,-0.461586,0.661381]],[[-0.804227,-0.275482,0.526621],[-0.17649,-0.735415,-0.65423],[0.567513,-0.619092,0.54282]]],"btipPosition":[-34.9284,93.2435,-50.5792],"carpPosition":[13.2378,83.9688,36.0224],"dipPosition":[-26.9969,84.5912,-42.9929],"direction":[-0.591196,0.461586,-0.661381],"extended":true,"handId":144,"id":1444,"length":40.9547,"mcpPosition":[-1.60139,75.8761,-8.76919],"pipPosition":[-17.6214,77.2712,-32.5044],"stabilizedTipPosition":[-36.531,91.496,-45.9565],"timeVisible":4.36208,"tipPosition":[-31.7287,83.7942,-49.5898],"tipVelocity":[82.7383,-35.3638,-71.5958],"tool":false,"touchDistance":0.244369,"touchZone":"hovering","type":4,"width":11.586}],"r":[[-0.0827754,-0.684984,0.723841],[0.838517,-0.440387,-0.320857],[0.538551,0.580394,0.610823]],"s":1.22038,"t":[111.233,-56.4914,-90.142],"timestamp":17925454800},{"currentFrameRate":111.068,"devices":[],"gestures":[],"hands":[{"armBasis":[[-0.782226,-0.617585,-0.081927],[0.600313,-0.71204,-0.364174],[0.166573,-0.334048,0.92772]],"armWidth":48,"confidence":1,"direction":[-0.0387917,-0.0801,-0.996032],"elbow":[61.3558,17.4738,266.224],"grabAngle":0.467196,"grabStrength":0,"id":144,"palmNormal":[-0.670657,0.741012,-0.0334719],"palmPosition":[22.8865,97.529,-3.21292],"palmVelocity":[55.697,28.608,-29.7936],"palmWidth":75.1245,"pinchDistance":60.7487,"pinchStrength":0,"r":[[-0.0815964,-0.686433,0.722601],[0.842612,-0.434733,-0.317825],[0.532304,0.582938,0.613869]],"s":1.21924,"sphereCenter":[-14.6742,118.811,-30.1175],"sphereRadius":57.6365,"stabilizedPalmPosition":[20.5156,96.8808,-0.618208],"t":[111.675,-56.2735,-90.3638],"timeVisible":4.37077,"type":"right","wrist":[24.223,91.9403,59.415]}],"id":97480,"interactionBox":{"center":[0,200,0],"size":[235.247,235.247,147.751]},"pointables":[{"bases":[[[0.294207,-0.946688,-0.131236],[0.911219,0.236423,0.337318],[-0.288308,-0.218826,0.932198]],[[0.377066,-0.808414,-0.451983],[0.916187,0.254048,0.309938],[-0.135733,-0.530968,0.836451]],[[0.377066,-0.808414,-0.451983],[0.918148,0.390416,0.0676678],[0.121758,-0.440503,0.889456]],[[0.377066,-0.808414,-0.451983],[0.834796,0.508018,-0.212211],[0.40117,-0.297296,0.866417]]],"btipPosition":[28.5263,156.49,-33.0959],"carpPosition":[33.9108,116.787,42.4075],"dipPosition":[36.1389,150.848,-16.6549],"direction":[-0.121758,0.440503,-0.889456],"extended":true,"handId":144,"id":1440,"length":42.2565,"mcpPosition":[33.9108,116.787,42.4075],"pipPosition":[39.5049,138.671,7.93422],"stabilizedTipPosition":[31.3471,154.459,-29.0412],"timeVisible":4.37077,"tipPosition":[34.7954,158.468,-27.471],"tipVelocity":[-143.123,13.0157,-9.76055],"tool":false,"touchDistance":0.16922,"touchZone":"hovering","type":0,"width":14.6111},{"bases":[[[-0.73675,-0.670682,-0.0859416],[0.676014,-0.727922,-0.114607],[0.0143058,-0.142534,0.989687]],[[-0.735969,-0.674724,-0.055661],[0.673879,-0.737984,0.0355882],[-0.0650891,-0.011317,0.997815]],[[-0.735969,-0.674724,-0.055661],[0.674068,-0.72262,-0.15314],[0.0631057,-0.150226,0.986636]],[[-0.735969,-0.674724,-0.055661],[0.64992,-0.681095,-0.337213],[0.189615,-0.284354,0.939781]]],"btipPosition":[36.9973,115.613,-92.5308],"carpPosition":[39.4625,99.6773,34.6973],"dipPosition":[39.6241,111.673,-79.5118],"direction":[-0.0631057,0.150226,-0.986636],"extended":true,"handId":144,"id":1441,"length":47.6818,"mcpPosition":[38.5935,108.335,-25.4178],"pipPosition":[40.8608,108.729,-60.1761],"stabilizedTipPosition":[33.7094,112.692,-89.0984],"timeVisible":4.37077,"tipPosition":[35.0101,116.425,-88.1672],"tipVelocity":[111.761,95.0186,-8.0666],"tool":false,"touchDistance":0.134521,"touchZone":"hovering","type":1,"width":13.9565},{"bases":[[[-0.83242,-0.549787,0.0693641],[0.541876,-0.833782,-0.10573],[0.115963,-0.050425,0.991973]],[[-0.825454,-0.551638,0.119669],[0.556498,-0.830801,0.00887324],[0.0945267,0.0739203,0.992774]],[[-0.825454,-0.551638,0.119669],[0.524781,-0.828062,-0.197277],[0.207919,-0.100043,0.973016]],[[-0.825454,-0.551638,0.119669],[0.472675,-0.791392,-0.387656],[0.308551,-0.263427,0.914003]]],"btipPosition":[13.1269,98.3147,-99.1098],"carpPosition":[32.9962,91.9785,33.1906],"dipPosition":[17.8282,94.3009,-85.1833],"direction":[-0.207919,0.100043,-0.973016],"extended":true,"handId":144,"id":1442,"length":54.3296,"mcpPosition":[26.3164,94.8832,-23.9499],"pipPosition":[22.6221,91.9943,-62.7489],"stabilizedTipPosition":[9.95532,95.4841,-94.7657],"timeVisible":4.37077,"tipPosition":[13.1823,98.7934,-94.3554],"tipVelocity":[119.559,83.9848,-29.8314],"tool":false,"touchDistance":0.185684,"touchZone":"hovering","type":2,"width":13.7072},{"bases":[[[-0.844747,-0.486786,0.222357],[0.484439,-0.872113,-0.0688282],[0.227425,0.0495759,0.972533]],[[-0.835341,-0.48451,0.259722],[0.438548,-0.872213,-0.21661],[0.331483,-0.067043,0.941076]],[[-0.835341,-0.48451,0.259722],[0.336679,-0.82438,-0.455021],[0.434572,-0.292655,0.851763]],[[-0.835341,-0.48451,0.259722],[0.336679,-0.82438,-0.455021],[0.434572,-0.292655,0.851763]]],"btipPosition":[-15.1962,96.7154,-83.2842],"carpPosition":[24.9186,85.8438,33.1402],"dipPosition":[-8.61275,92.2819,-70.3806],"direction":[-0.434572,0.292655,-0.851763],"extended":true,"handId":144,"id":1443,"length":52.2393,"mcpPosition":[13.1567,83.2798,-17.157],"pipPosition":[1.14821,85.7086,-51.2491],"stabilizedTipPosition":[-19.1192,99.2186,-76.1282],"timeVisible":4.37077,"tipPosition":[-13.5433,96.0747,-79.1355],"tipVelocity":[214.117,-171.5,-172.498],"tool":false,"touchDistance":0.24264,"touchZone":"hovering","type":3,"width":13.0432},{"bases":[[[-0.881101,-0.326942,0.341718],[0.365329,-0.929381,0.0527875],[0.300327,0.171351,0.938319]],[[-0.804065,-0.286478,0.52097],[0.217601,-0.957258,-0.190545],[0.55329,-0.0398463,0.832035]],[[-0.804065,-0.286478,0.52097],[-0.0452718,-0.84421,-0.534098],[0.592816,-0.453035,0.66583]],[[-0.804065,-0.286478,0.52097],[-0.155057,-0.744886,-0.648923],[0.573966,-0.602557,0.554516]]],"btipPosition":[-34.0764,92.5746,-51.418],"carpPosition":[13.587,84.03,35.6667],"dipPosition":[-26.0548,84.1534,-43.6682],"direction":[-0.592816,0.453035,-0.66583],"extended":true,"handId":144,"id":1444,"length":40.9547,"mcpPosition":[-0.791005,75.8266,-9.25499],"pipPosi