{"frames":54,"data":[{"currentFrameRate":115.178,"devices":[],"gestures":[],"hands":[{"armBasis":[[0.947598,0.0346539,-0.317579],[0.144849,0.839435,0.523802],[0.284738,-0.542355,0.790427]],"armWidth":46.1729,"confidence":1,"direction":[0.0421359,0.468012,-0.882717],"elbow":[66.737,-1.25849,262.143],"grabAngle":0.642709,"grabStrength":0,"id":140,"palmNormal":[-0.147818,-0.870859,-0.46878],"palmPosition":[-0.681742,140.919,40.2353],"palmVelocity":[5.36121,0.79936,1.7661],"palmWidth":71.8002,"pinchDistance":69.7966,"pinchStrength":0,"r":[[-0.679026,-0.639551,-0.360414],[0.476149,-0.757363,0.446861],[-0.558754,0.13182,0.81879]],"s":1.06799,"sphereCenter":[13.186,119.85,-1.88261],"sphereRadius":57.0216,"stabilizedPalmPosition":[-1.90672,141.379,37.6067],"t":[2.12742,-29.1239,6.96937],"timeVisible":11.7938,"type":"right","wrist":[6.06999,114.297,93.7326]}],"id":95046,"interactionBox":{"center":[0,200,0],"size":[235.247,235.247,147.751]},"pointables":[{"bases":[[[0.53805,0.80979,0.233971],[-0.745568,0.327719,0.580283],[0.393231,-0.486662,0.780083]],[[0.294766,0.943096,-0.153894],[-0.749415,0.328076,0.575103],[0.592866,-0.0541902,0.803476]],[[0.294766,0.943096,-0.153894],[-0.803697,0.331799,0.493945],[0.516899,-0.0219139,0.855766]],[[0.294766,0.943096,-0.153894],[-0.846561,0.332431,0.415721],[0.443224,0.00774032,0.896378]]],"btipPosition":[-64.6318,120.307,7.94349],"carpPosition":[-19.6321,117.735,78.372],"dipPosition":[-56.6118,120.447,24.1632],"direction":[-0.516899,0.0219139,-0.855766],"extended":true,"handId":140,"id":1400,"length":40.2942,"mcpPosition":[-19.6321,117.735,78.372],"pipPosition":[-42.9856,119.869,46.7223],"stabilizedTipPosition":[-63.9185,120.395,11.9764],"timeVisible":11.7938,"tipPosition":[-64.9082,123.124,13.3033],"tipVelocity":[4.67949,4.72071,-1.3731],"tool":false,"touchDistance":0.316543,"touchZone":"hovering","type":0,"width":14.1002},{"bases":[[[0.981164,-0.069521,-0.180235],[0.127733,0.933405,0.335319],[0.14492,-0.352025,0.924703]],[[0.991773,-0.117363,-0.051103],[0.126967,0.851184,0.509279],[-0.0162723,-0.511578,0.859083]],[[0.991773,-0.117363,-0.051103],[0.124089,0.979491,0.158745],[0.0314242,-0.16378,0.985996]],[[0.991773,-0.117363,-0.051103],[0.106827,0.978811,-0.174694],[0.0705226,0.167797,0.983296]]],"btipPosition":[-20.0983,172.442,-35.6901],"carpPosition":[-10.7068,134.168,77.9435],"dipPosition":[-19.1667,174.658,-22.7008],"direction":[-0.0314242,0.16378,-0.985996],"extended":true,"handId":140,"id":1401,"length":45.4676,"mcpPosition":[-19.12,154.605,24.261],"pipPosition":[-18.5794,171.598,-4.27496],"stabilizedTipPosition":[-19.1318,172.023,-33.8287],"timeVisible":11.7938,"tipPosition":[-17.6367,176.491,-32.2875],"tipVelocity":[5.09515,-0.415179,2.77152],"tool":false,"touchDistance":-0.147411,"touchZone":"touching","type":1,"width":13.4685},{"bases":[[[0.955474,-0.274539,-0.108152],[0.294923,0.900259,0.320241],[0.00944623,-0.337879,0.941142]],[[0.951694,-0.30672,-0.0142047],[0.272863,0.823617,0.497193],[-0.1408,-0.477052,0.867524]],[[0.951694,-0.30672,-0.0142047],[0.3063,0.94513,0.113622],[-0.0214248,-0.112484,0.993423]],[[0.951694,-0.30672,-0.0142047],[0.292581,0.919914,-0.261065],[0.0931408,0.244298,0.965217]]],"btipPosition":[2.67357,170.221,-43.7766],"carpPosition":[-1.17128,134.918,76.2317],"dipPosition":[4.02683,173.77,-29.7527],"direction":[0.0214248,0.112484,-0.993423],"extended":true,"handId":140,"id":1402,"length":51.8066,"mcpPosition":[-1.69133,153.519,24.4181],"pipPosition":[3.55579,171.297,-7.91151],"stabilizedTipPosition":[3.73923,169.389,-41.5975],"timeVisible":11.7938,"tipPosition":[5.25225,173.562,-40.0482],"tipVelocity":[3.5442,1.16616,3.79185],"tool":false,"touchDistance":-0.129945,"touchZone":"touching","type":2,"width":13.2279},{"bases":[[[0.921481,-0.388347,0.00769215],[0.362584,0.867114,0.341534],[-0.139304,-0.311928,0.939838]],[[0.914707,-0.401289,0.0477409],[0.330967,0.811673,0.481298],[-0.231889,-0.424445,0.875256]],[[0.914707,-0.401289,0.0477409],[0.398396,0.91525,0.059991],[-0.0677686,-0.0358544,0.997057]],[[0.914707,-0.401289,0.0477409],[0.392378,0.853643,-0.342541],[0.096704,0.332057,0.938289]]],"btipPosition":[23.2003,159.179,-36.7932],"carpPosition":[8.24963,133.127,74.8068],"dipPosition":[24.5973,163.976,-23.2389],"direction":[0.0677686,0.0358544,-0.997057],"extended":true,"handId":140,"id":1403,"length":49.8135,"mcpPosition":[15.1353,148.546,28.3513],"pipPosition":[23.1458,163.208,-1.88393],"stabilizedTipPosition":[24.2209,158.809,-34.5323],"timeVisible":11.7938,"tipPosition":[25.1315,162.901,-33.3775],"tipVelocity":[4.9501,4.6874,4.30764],"tool":false,"touchDistance":-0.117682,"touchZone":"touching","type":3,"width":12.5871},{"bases":[[[0.826504,-0.559738,0.0598787],[0.487753,0.765169,0.420255],[-0.28105,-0.318136,0.905428]],[[0.799069,-0.585179,0.138041],[0.452531,0.736529,0.502734],[-0.39586,-0.339252,0.853348]],[[0.799069,-0.585179,0.138041],[0.582213,0.810413,0.0652568],[-0.150057,0.0282244,0.988274]],[[0.799069,-0.585179,0.138041],[0.595448,0.73844,-0.31646],[0.0832511,0.33507,0.938508]]],"btipPosition":[41.4079,144.657,-18.8431],"carpPosition":[16.5663,125.718,73.367],"dipPosition":[42.5174,149.123,-6.33575],"direction":[0.150057,-0.0282244,-0.988274],"extended":true,"handId":140,"id":1404,"length":39.0528,"mcpPosition":[29.4261,140.275,31.9381],"pipPosition":[40.2482,149.549,8.60899],"stabilizedTipPosition":[41.4094,143.223,-16.9841],"timeVisible":11.7938,"tipPosition":[42.7299,148.215,-15.7793],"tipVelocity":[5.96888,6.42965,4.16188],"tool":false,"touchDistance":0.33807,"touchZone":"hovering","type":4,"width":11.1809}],"r":[[-0.679026,-0.639551,-0.360414],[0.476149,-0.757363,0.446861],[-0.558754,0.13182,0.81879]],"s":1.06799,"t":[2.12742,-29.1239,6.96937],"timestamp":17904000012},{"currentFrameRate":115.132,"devices":[],"gestures":[],"hands":[{"armBasis":[[0.947738,0.0350465,-0.317118],[0.144403,0.839197,0.524306],[0.2845,-0.542697,0.790278]],"armWidth":46.1765,"confidence":1,"direction":[0.0424382,0.468913,-0.882224],"elbow":[66.7259,-1.36082,262.112],"grabAngle":0.645052,"grabStrength":0,"id":140,"palmNormal":[-0.147365,-0.870424,-0.469729],"palmPosition":[-0.621451,140.935,40.2636],"palmVelocity":[6.87941,1.81212,3.23206],"palmWidth":71.7988,"pinchDistance":69.795,"pinchStrength":0,"r":[[-0.678967,-0.6393,-0.36097],[0.476059,-0.75767,0.446436],[-0.558903,0.131272,0.818777]],"s":1.06773,"sphereCenter":[13.2481,119.713,-1.92871],"sphereRadius":57.127,"stabilizedPalmPosition":[-1.9042,141.378,37.612],"t":[2.17776,-29.1106,6.9915],"timeVisible":11.8026,"type":"right","wrist":[6.1113,114.265,93.738]}],"id":95047,"interactionBox":{"center":[0,200,0],"size":[235.247,235.247,147.751]},"pointables":[{"bases":[[[0.537726,0.809694,0.235046],[-0.745933,0.326939,0.580254],[0.392983,-0.487346,0.779781]],[[0.294611,0.943326,-0.152778],[-0.749289,0.327255,0.575734],[0.593102,-0.0551431,0.803237]],[[0.294611,0.943326,-0.152778],[-0.803956,0.331091,0.493997],[0.516583,-0.0227105,0.855936]],[[0.294611,0.943326,-0.152778],[-0.846676,0.331799,0.415992],[0.443108,0.0067971,0.896443]]],"btipPosition":[-64.5824,120.356,7.94145],"carpPosition":[-19.5836,117.708,78.3668],"dipPosition":[-56.5642,120.479,24.1629],"direction":[-0.516583,0.0227105,-0.855936],"extended":true,"handId":140,"id":1400,"length":40.2957,"mcpPosition":[-19.5836,117.708,78.3668],"pipPosition":[-42.9459,119.88,46.7273],"stabilizedTipPosition":[-63.9091,120.395,11.9739],"timeVisible":11.8026,"tipPosition":[-64.8247,123.143,13.2785],"tipVelocity":[5.58735,5.10115,-0.186683],"tool":false,"touchDistance":0.316516,"touchZone":"hovering","type":0,"width":14.102},{"bases":[[[0.981268,-0.0690832,-0.179833],[0.127328,0.9331,0.336322],[0.144567,-0.35292,0.924418]],[[0.991827,-0.116981,-0.0509406],[0.12655,0.851035,0.509632],[-0.0162651,-0.511913,0.858883]],[[0.991827,-0.116981,-0.0509406],[0.123656,0.979695,0.15782],[0.0314443,-0.162829,0.986153]],[[0.991827,-0.116981,-0.0509406],[0.106332,0.978497,-0.17674],[0.0705205,0.169879,0.982938]]],"btipPosition":[-20.034,172.435,-35.6502],"carpPosition":[-10.6626,134.144,77.9595],"dipPosition":[-19.1024,174.679,-22.6652],"direction":[-0.0314443,0.162829,-0.986153],"extended":true,"handId":140,"id":1401,"length":45.4692,"mcpPosition":[-19.0551,154.632,24.2946],"pipPosition":[-18.5148,171.636,-4.23573],"stabilizedTipPosition":[-19.1378,172.031,-33.8185],"timeVisible":11.8026,"tipPosition":[-17.5641,176.554,-32.2339],"tipVelocity":[7.33064,-0.033213,4.43566],"tool":false,"touchDistance":-0.146763,"touchZone":"touching","type":1,"width":13.4702},{"bases":[[[0.955598,-0.274181,-0.107969],[0.294533,0.900012,0.321291],[0.00908173,-0.338825,0.940805]],[[0.951798,-0.306394,-0.0142487],[0.272528,0.823452,0.497651],[-0.140744,-0.477546,0.86726]],[[0.951798,-0.306394,-0.0142487],[0.305999,0.945327,0.112787],[-0.0210876,-0.111711,0.993517]],[[0.951798,-0.306394,-0.0142487],[0.292096,0.9196,-0.262709],[0.0935956,0.245884,0.96477]]],"btipPosition":[2.72227,170.231,-43.7239],"carpPosition":[-1.12672,134.897,76.2531],"dipPosition":[4.08219,173.804,-29.7061],"direction":[0.0210876,0.111711,-0.993517],"extended":true,"handId":140,"id":1402,"length":51.8086,"mcpPosition":[-1.6267,153.55,24.4591],"pipPosition":[3.61854,171.348,-7.86195],"stabilizedTipPosition":[3.73246,169.405,-41.5869],"timeVisible":11.8026,"tipPosition":[5.32845,173.644,-39.9872],"tipVelocity":[5.73136,1.776,5.84854],"tool":false,"touchDistance":-0.12909,"touchZone":"touching","type":2,"width":13.2296},{"bases":[[[0.921579,-0.388115,0.00774404],[0.362193,0.866864,0.342583],[-0.139674,-0.312912,0.939456]],[[0.914797,-0.401083,0.0477299],[0.330587,0.811375,0.482061],[-0.232074,-0.425209,0.874836]],[[0.914797,-0.401083,0.0477299],[0.398204,0.915346,0.0598034],[-0.0676755,-0.0357018,0.997068]],[[0.914797,-0.401083,0.0477299],[0.392112,0.853491,-0.343223],[0.0969241,0.332695,0.93804]]],"btipPosition":[23.2654,159.225,-36.7338],"carpPosition":[8.29506,133.111,74.8309],"dipPosition":[24.6656,164.031,-23.1827],"direction":[0.0676755,0.0357018,-0.997068],"extended":true,"handId":140,"id":1403,"length":49.8153,"mcpPosition":[15.1989,148.578,28.3952],"pipPosition":[23.2161,163.267,-1.82662],"stabilizedTipPosition":[24.2126,158.829,-34.5203],"timeVisible":11.8026,"tipPosition":[25.2155,162.988,-33.3156],"tipVelocity":[7.51393,5.50607,6.69101],"tool":false,"touchDistance":-0.116705,"touchZone":"touching","type":3,"width":12.5888},{"bases":[[[0.826621,-0.559582,0.0597119],[0.487351,0.764872,0.421261],[-0.281402,-0.319122,0.904972]],[[0.79912,-0.585136,0.137924],[0.45206,0.73612,0.503756],[-0.396294,-0.340211,0.852764]],[[0.79912,-0.585136,0.137924],[0.582109,0.810457,0.0656363],[-0.150188,0.0278356,0.988266]],[[0.79912,-0.585136,0.137924],[0.595332,0.738348,-0.316894],[0.0835901,0.335347,0.938379]]],"btipPosition":[41.4814,144.718,-18.7847],"carpPosition":[16.6141,125.705,73.3876],"dipPosition":[42.5954,149.187,-6.2787],"direction":[0.150188,-0.0278356,-0.988266],"extended":true,"handId":140,"id":1404,"length":39.0543,"mcpPosition":[29.4897,140.307,31.9804],"pipPosition":[40.3242,149.608,8.66646],"stabilizedTipPosition":[41.411,143.236,-16.9787],"timeVisible":11.8026,"tipPosition":[42.8134,148.294,-15.723],"tipVelocity":[8.50304,7.02826,6.61992],"tool":false,"touchDistance":0.338467,"touchZone":"hovering","type":4,"width":11.1823}],"r":[[-0.678967,-0.6393,-0.36097],[0.476059,-0.75767,0.446436],[-0.558903,0.131272,0.818777]],"s":1.06773,"t":[2.17776,-29.1106,6.9915],"timestamp":17904008776},{"currentFrameRate":115.129,"devices":[],"gestures":[],"hands":[{"armBasis":[[0.947899,0.0355862,-0.316578],[0.143843,0.838865,0.52499],[0.284249,-0.543175,0.79004]],"armWidth":46.1794,"confidence":1,"direction":[0.0426323,0.469464,-0.881922],"elbow":[66.7166,-1.49868,262.049],"grabAngle":0.646788,"grabStrength":0,"id":140,"palmNormal":[-0.146823,-0.870197,-0.47032],"palmPosition":[-0.562472,140.926,40.269],"palmVelocity":[6.78622,-0.95692,0.622034],"palmWidth":71.7972,"pinchDistance":69.7953,"pinchStrength":0,"r":[[-0.678839,-0.639108,-0.361551],[0.476008,-0.757932,0.446045],[-0.559102,0.130691,0.818734]],"s":1.06751,"sphereCenter":[13.3019,119.582,-1.97842],"sphereRadius":57.2085,"stabilizedPalmPosition":[-1.90124,141.377,37.6178],"t":[2.23241,-29.1082,7.00528],"timeVisible":11.8113,"type":"right","wrist":[6.1566,114.226,93.7287]}],"id":95048,"interactionBox":{"center":[0,200,0],"size":[235.247,235.247,147.751]},"pointables":[{"bases":[[[0.537308,0.809762,0.235767],[-0.746309,0.326296,0.580133],[0.39284,-0.487665,0.779654]],[[0.294338,0.94353,-0.152039],[-0.749167,0.326567,0.576284],[0.593392,-0.055719,0.802983]],[[0.294338,0.94353,-0.152039],[-0.804218,0.330478,0.493982],[0.516332,-0.0231245,0.856076]],[[0.294338,0.94353,-0.152039],[-0.846805,0.331227,0.416185],[0.443043,0.006249,0.896479]]],"btipPosition":[-64.5341,120.361,7.92899],"carpPosition":[-19.5314,117.67,78.3493],"dipPosition":[-56.5168,120.474,24.1516],"direction":[-0.516332,0.0231245,-0.856076],"extended":true,"handId":140,"id":1400,"length":40.297,"mcpPosition":[-19.5314,117.67,78.3493],"pipPosition":[-42.9047,119.864,46.7204],"stabilizedTipPosition":[-63.8995,120.395,11.9715],"timeVisible":11.8113,"tipPosition":[-64.7415,123.118,13.2412],"tipVelocity":[5.5333,0.328256,-1.40281],"tool":false,"touchDistance":0.316313,"touchZone":"hovering","type":0,"width":14.1035},{"bases":[[[0.981372,-0.0685904,-0.179454],[0.126819,0.932945,0.336942],[0.14431,-0.353423,0.924265]],[[0.991892,-0.116487,-0.0507953],[0.126049,0.851018,0.509784],[-0.0161554,-0.512054,0.858802]],[[0.991892,-0.116487,-0.0507953],[0.12312,0.979884,0.15706],[0.0314781,-0.162041,0.986282]],[[0.991892,-0.116487,-0.0507953],[0.105757,0.978278,-0.178293],[0.0704607,0.171476,0.982665]]],"btipPosition":[-19.9767,172.398,-35.642],"carpPosition":[-10.6169,134.109,77.9556],"dipPosition":[-19.0459,174.664,-22.6602],"direction":[-0.0314781,0.162041,-0.986282],"extended":true,"handId":140,"id":1401,"length":45.4706,"mcpPosition":[-18.9943,154.625,24.3008],"pipPosition":[-18.4576,171.635,-4.22777],"stabilizedTipPosition":[-19.1436,172.04,-33.8076],"timeVisible":11.8113,"tipPosition":[-17.4977,176.568,-32.2161],"tipVelocity":[6.57381,-3.66756,0.858815],"tool":false,"touchDistance":-0.146638,"touchZone":"touching","type":1,"width":13.4717},{"bases":[[[0.955751,-0.273741,-0.107726],[0.294043,0.899933,0.321962],[0.00881171,-0.339392,0.940604]],[[0.951941,-0.305951,-0.0142145],[0.272101,0.823491,0.497818],[-0.140603,-0.477761,0.867165]],[[0.951941,-0.305951,-0.0142145],[0.305575,0.945572,0.111885],[-0.0207905,-0.110851,0.993619]],[[0.951941,-0.305951,-0.0142145],[0.291529,0.919344,-0.264228],[0.0939089,0.247386,0.964355]]],"btipPosition":[2.76687,170.2,-43.7058],"carpPosition":[-1.08078,134.867,76.2538],"dipPosition":[4.13139,173.794,-29.6935],"direction":[0.0207905,0.110851,-0.99362],"extended":true,"handId":140,"id":1402,"length":51.8102,"mcpPosition":[-1.56587,153.551,24.472],"pipPosition":[3.67426,171.357,-7.84644],"stabilizedTipPosition":[3.72591,169.421,-41.5758],"timeVisible":11.8113,"tipPosition":[5.39694,173.673,-39.9621],"tipVelocity":[5.25422,-3.05059,1.94353],"tool":false,"touchDistance":-0.128809,"touchZone":"touching","type":2,"width":13.231},{"bases":[[[0.921727,-0.387759,0.00790349],[0.361707,0.866798,0.343263],[-0.139954,-0.313536,0.939206]],[[0.914944,-0.400737,0.0478221],[0.330121,0.811299,0.482508],[-0.232157,-0.425681,0.874585]],[[0.914944,-0.400737,0.0478221],[0.397875,0.915509,0.0594883],[-0.0676207,-0.0354012,0.997083]],[[0.914944,-0.400737,0.0478221],[0.391756,0.853408,-0.343835],[0.0969755,0.333324,0.937812]]],"btipPosition":[23.3274,159.231,-36.7071],"carpPosition":[8.34214,133.085,74.8346],"dipPosition":[24.7283,164.047,-23.1588],"direction":[0.0676207,0.0354012,-0.997083],"extended":true,"handId":140,"id":1403,"length":49.8168,"mcpPosition":[15.2597,148.583,28.4123],"pipPosition":[23.2799,163.288,-1.80182],"stabilizedTipPosition":[24.2054,158.849,-34.5083],"timeVisible":11.8113,"tipPosition":[25.2926,163.027,-33.2866],"tipVelocity":[7.14887,0.933703,2.99893],"tool":false,"touchDistance":-0.116271,"touchZone":"touching","type":3,"width":12.5901},{"bases":[[[0.826814,-0.559295,0.0597268],[0.486871,0.764807,0.421933],[-0.281664,-0.319781,0.904658]],[[0.79926,-0.58493,0.137988],[0.451456,0.735916,0.504594],[-0.3967,-0.341006,0.852258]],[[0.79926,-0.58493,0.137988],[0.581825,0.81062,0.0661402],[-0.150544,0.027422,0.988223]],[[0.79926,-0.58493,0.137988],[0.595139,0.738389,-0.317162],[0.0836283,0.335617,0.938279]]],"btipPosition":[41.5599,144.751,-18.7524],"carpPosition":[16.6646,125.684,73.3904],"dipPosition":[42.6744,149.224,-6.24731],"direction":[0.150544,-0.027422,-0.988223],"extended":true,"handId":140,"id":1404,"length":39.0555,"mcpPosition":[29.5519,140.315,31.9985],"pipPosition":[40.3977,149.639,8.69768],"stabilizedTipPosition":[41.4131,143.249,-16.9731],"timeVisible":11.8113,"tipPosition":[42.8927,148.335,-15.6947],"tipVelocity":[9.04633,3.89669,3.69637],"tool":false,"touchDistance":0.338435,"touchZone":"hovering","type":4,"width":11.1835}],"r":[[-0.678839,-0.639108,-0.361551],[0.476008,-0.757932,0.446045],[-0.559102,0.130691,0.818734]],"s":1.06751,"t":[2.23241,-29.1082,7.00528],"timestamp":17904017467},{"currentFrameRate":115.172,"devices":[],"gestures":[],"hands":[{"armBasis":[[0.948134,0.0362073,-0.315803],[0.143143,0.838424,0.525885],[0.283818,-0.543814,0.789755]],"armWidth":46.1837,"confidence":1,"direction":[0.0430048,0.469589,-0.881837],"elbow":[66.6934,-1.63816,261.964],"grabAngle":0.648742,"grabStrength":0,"id":140,"palmNormal":[-0.146189,-0.870196,-0.470519],"palmPosition":[-0.467883,140.93,40.2522],"palmVelocity":[10.9871,0.391254,-1.95733],"palmWidth":71.7969,"pinchDistance":69.8023,"pinchStrength":0,"r":[[-0.678641,-0.638998,-0.362117],[0.47597,-0.758116,0.445773],[-0.559374,0.130163,0.818632]],"s":1.06733,"sphereCenter":[13.3774,119.481,-2.02629],"sphereRadius":57.2644,"stabilizedPalmPosition":[-1.89777,141.376,37.6242],"t":[2.30704,-29.1053,7.00373],"timeVisible":11.8199,"type":"right","wrist":[6.22654,114.22,93.7083]}],"id":95049,"interactionBox":{"center":[0,200,0],"size":[235.247,235.247,147.751]},"pointables":[{"bases":[[[0.536845,0.809941,0.236205],[-0.746801,0.325934,0.579703],[0.392538,-0.487609,0.779841]],[[0.294105,0.94366,-0.151686],[-0.749027,0.326146,0.576705],[0.593685,-0.0559946,0.802747]],[[0.294105,0.94366,-0.151686],[-0.804531,0.330105,0.493721],[0.515977,-0.0231694,0.856289]],[[0.294105,0.94366,-0.151686],[-0.846967,0.330862,0.416146],[0.442887,0.00608277,0.896557]]],"btipPosition":[-64.4537,120.368,7.89795],"carpPosition":[-19.4514,117.661,78.3168],"dipPosition":[-56.4389,120.478,24.1226],"direction":[-0.515977,0.0231694,-0.856289],"extended":true,"handId":140,"id":1400,"length":40.2985,"mcpPosition":[-19.4514,117.661,78.3168],"pipPosition":[-42.8356,119.867,46.6979],"stabilizedTipPosition":[-63.8896,120.395,11.9689],"timeVisible":11.8199,"tipPosition":[-64.6156,123.09,13.1762],"tipVelocity":[9.2751,0.712341,-3.55144],"tool":false,"touchDistance":0.315803,"touchZone":"hovering","type":0,"width":14.1056},{"bases":[[[0.981512,-0.068187,-0.178845],[0.126245,0.932953,0.337136],[0.143866,-0.353481,0.924312]],[[0.991968,-0.116013,-0.0504129],[0.125448,0.851145,0.50972],[-0.0162253,-0.51195,0.858862]],[[0.991968,-0.116013,-0.0504129],[0.122557,0.980117,0.156043],[0.0313076,-0.160968,0.986463]],[[0.991968,-0.116013,-0.0504129],[0.105222,0.977991,-0.180171],[0.0702055,0.17342,0.982343]]],"btipPosition":[-19.8682,172.348,-35.6718],"carpPosition":[-10.543,134.103,77.9317],"dipPosition":[-18.9407,174.639,-22.6938],"direction":[-0.0313076,0.160968,-0.986463],"extended":true,"handId":140,"id":1401,"length":45.4724,"mcpPosition":[-18.8945,154.623,24.2744],"pipPosition":[-18.3555,171.63,-4.25728],"stabilizedTipPosition":[-19.1487,172.048,-33.7966],"timeVisible":11.8199,"tipPosition":[-17.3796,176.56,-32.2408],"tipVelocity":[12.5214,-5.19161,-3.56609],"tool":false,"touchDistance":-0.14715,"touchZone":"touching","type":1,"width":13.4736},{"bases":[[[0.955925,-0.273357,-0.107158],[0.293491,0.900007,0.322258],[0.00835175,-0.339505,0.940567]],[[0.952083,-0.305529,-0.0138062],[0.271555,0.82372,0.497739],[-0.140701,-0.477638,0.867217]],[[0.952083,-0.305529,-0.0138062],[0.305135,0.945852,0.110709],[-0.0207661,-0.109617,0.993757]],[[0.952083,-0.305529,-0.0138062],[0.291032,0.918934,-0.266197],[0.0940181,0.249424,0.96382]]],"btipPosition":[2.86824,170.143,-43.7211],"carpPosition":[-1.00645,134.865,76.236],"dipPosition":[4.2344,173.768,-29.7161],"direction":[0.0207661,0.109617,-0.993757],"extended":true,"handId":140,"id":1402,"length":51.8121,"mcpPosition":[-1.46623,153.556,24.4564],"pipPosition":[3.77779,171.357,-7.8652],"stabilizedTipPosition":[3.72002,169.438,-41.5642],"timeVisible":11.8199,"tipPosition":[5.51811,173.676,-39.9737],"tipVelocity":[11.8184,-5.7205,-1.97934],"tool":false,"touchDistance":-0.129093,"touchZone":"touching","type":2,"width":13.2329},{"bases":[[[0.921872,-0.387402,0.00843568],[0.361154,0.866896,0.343598],[-0.140423,-0.313707,0.939079]],[[0.915072,-0.400384,0.0483371],[0.329552,0.811454,0.482636],[-0.232463,-0.425717,0.874486]],[[0.915072,-0.400384,0.0483371],[0.39756,0.9157,0.0586523],[-0.0677457,-0.0344541,0.997108]],[[0.915072,-0.400384,0.0483371],[0.391462,0.853013,-0.345148],[0.0969594,0.334757,0.937303]]],"btipPosition":[23.4399,159.203,-36.705],"carpPosition":[8.41771,133.088,74.8224],"dipPosition":[24.8407,164.039,-23.1636],"direction":[0.0677457,0.0344541,-0.997108],"extended":true,"handId":140,"id":1403,"length":49.8187,"mcpPosition":[15.3584,148.593,28.4066],"pipPosition":[23.3896,163.301,-1.80524],"stabilizedTipPosition":[24.1994,158.868,-34.4959],"timeVisible":11.8199,"tipPosition":[25.4194,163.04,-33.2855],"tipVelocity":[13.0658,-2.75246,0.05786],"tool":false,"touchDistance":-0.116262,"touchZone":"touching","type":3,"width":12.592},{"bases":[[[0.826994,-0.558981,0.0601781],[0.486308,0.764944,0.422334],[-0.282109,-0.320002,0.904441]],[[0.79937,-0.58466,0.138496],[0.450796,0.73599,0.505076],[-0.397229,-0.341309,0.85189]],[[0.79937,-0.58466,0.138496],[0.58159,0.810802,0.0659799],[-0.150868,0.0278054,0.988163]],[[0.79937,-0.58466,0.138496],[0.594967,0.738093,-0.318171],[0.0837991,0.336737,0.937862]]],"btipPosition":[41.6768,144.755,-18.7356],"carpPosition":[16.7436,125.69,73.3825],"dipPosition":[42.7937,149.243,-6.23559],"direction":[0.150868,-0.0278054,-0.988163],"extended":true,"handId":140,"id":1404,"length":39.057,"mcpPosition":[29.6513,140.332,32.0007],"pipPosition":[40.512,149.663,8.70905],"stabilizedTipPosition":[41.4159,143.262,-16.9671],"timeVisible":11.8199,"tipPosition":[43.018,148.358,-15.6835],"tipVelocity":[13.6439,0.849688,1.81444],"tool":false,"touchDistance":0.338159,"touchZone":"hovering","type":4,"width":11.1852}],"r":[[-0.678641,-0.638998,-0.362117],[0.47597,-0.758116,0.445773],[-0.559374,0.130163,0.818632]],"s":1.06733,"t":[2.30704,-29.1053,7.00373],"timestamp":17904026076},{"currentFrameRate":115.152,"devices":[],"gestures":[],"hands":[{"armBasis":[[0.948371,0.0368696,-0.315013],[0.142404,0.837978,0.526795],[0.283397,-0.544456,0.789464]],"armWidth":46.1879,"confidence":1,"direction":[0.0434574,0.469527,-0.881848],"elbow":[66.6703,-1.78361,261.885],"grabAngle":0.650836,"grabStrength":0,"id":140,"palmNormal":[-0.145531,-0.870291,-0.470546],"palmPosition":[-0.372431,140.921,40.2335],"palmVelocity":[10.9476,-1.04807,-2.14103],"palmWidth":71.799,"pinchDistance":69.8204,"pinchStrength":0,"r":[[-0.678383,-0.638967,-0.362654],[0.475933,-0.758219,0.445636],[-0.559718,0.129713,0.818468]],"s":1.06721,"sphereCenter":[13.4536,119.378,-2.06243],"sphereRadius":57.3058,"stabilizedPalmPosition":[-1.89368,141.375,37.6312],"t":[2.39207,-29.1084,6.99363],"timeVisible":11.8286,"type":"right","wrist":[6.29339,114.211,93.6921]}],"id":95050,"interactionBox":{"center":[0,200,0],"size":[235.247,235.247,147.751]},"pointables":[{"bases":[[[0.536376,0.810161,0.236515],[-0.747334,0.325708,0.579143],[0.392165,-0.487394,0.780163]],[[0.293792,0.943762,-0.151656],[-0.749041,0.32587,0.576842],[0.593822,-0.0558749,0.802654]],[[0.293792,0.943762,-0.151656],[-0.804916,0.329835,0.493273],[0.515554,-0.0228492,0.856552]],[[0.293792,0.943762,-0.151656],[-0.847199,0.330565,0.415909],[0.442652,0.00629212,0.896672]]],"btipPosition":[-64.3674,120.338,7.86073],"carpPosition":[-19.3743,117.649,78.2865],"dipPosition":[-56.3566,120.452,24.0882],"direction":[-0.515554,0.0228492,-0.856552],"extended":true,"handId":140,"id":1400,"length":40.3003,"mcpPosition":[-19.3743,117.649,78.2865],"pipPosition":[-42.7638,119.849,46.6714],"stabilizedTipPosition":[-63.8793,120.395,11.966],"timeVisible":11.8286,"tipPosition":[-64.4883,123.047,13.1089],"tipVelocity":[9.78909,-3.302,-4.19448],"tool":false,"touchDistance":0.315194,"touchZone":"hovering","type":0,"width":14.1076},{"bases":[[[0.981664,-0.0678386,-0.178141],[0.125659,0.93303,0.337144],[0.14334,-0.353347,0.924446]],[[0.992044,-0.115565,-0.0499286],[0.124818,0.851286,0.509639],[-0.0163931,-0.511817,0.858938]],[[0.992044,-0.115565,-0.0499286],[0.122006,0.980341,0.155066],[0.0310268,-0.159924,0.986642]],[[0.992044,-0.115565,-0.0499286],[0.104736,0.977708,-0.181983],[0.0698465,0.175306,0.982033]]],"btipPosition":[-19.7508,172.282,-35.7092],"carpPosition":[-10.4715,134.093,77.9081],"dipPosition":[-18.828,174.598,-22.7347],"direction":[-0.0310268,0.159924,-0.986642],"extended":true,"handId":140,"id":1401,"length":45.4744,"mcpPosition":[-18.7927,154.606,24.2415],"pipPosition":[-18.2481,171.609,-4.29398],"stabilizedTipPosition":[-19.1528,172.056,-33.7854],"timeVisible":11.8286,"tipPosition":[-17.2522,176.528,-32.2758],"tipVelocity":[13.3334,-6.85415,-4.37646],"tool":false,"touchDistance":-0.147786,"touchZone":"touching","type":1,"width":13.4755},{"bases":[[[0.956103,-0.273011,-0.106455],[0.292928,0.900144,0.322387],[0.00780904,-0.339419,0.940603]],[[0.952219,-0.305128,-0.0132517],[0.270974,0.824025,0.49755],[-0.140897,-0.477367,0.867334]],[[0.952219,-0.305128,-0.0132517],[0.304704,0.946146,0.109379],[-0.0208366,-0.108191,0.993912]],[[0.952219,-0.305128,-0.0132517],[0.290566,0.918431,-0.268433],[0.0940773,0.251757,0.963207]]],"btipPosition":[2.9784,170.058,-43.7435],"carpPosition":[-0.934317,134.859,76.219],"dipPosition":[4.34548,173.716,-29.7467],"direction":[0.0208366,0.108191,-0.993912],"extended":true,"handId":140,"id":1402,"length":51.8144,"mcpPosition":[-1.36423,153.545,24.436],"pipPosition":[3.8873,171.337,-7.89143],"stabilizedTipPosition":[3.71493,169.456,-41.5518],"timeVisible":11.8286,"tipPosition":[5.64739,173.649,-39.9935],"tipVelocity":[12.659,-8.91403,-2.77888],"tool":false,"touchDistance":-0.129497,"touchZone":"touching","type":2,"width":13.2348},{"bases":[[[0.92201,-0.387059,0.00912528],[0.360588,0.86706,0.343778],[-0.140974,-0.313676,0.939007]],[[0.915176,-0.400055,0.0490721],[0.328967,0.811744,0.482548],[-0.23288,-0.425474,0.874494]],[[0.915176,-0.400055,0.0490721],[0.397289,0.915894,0.0574452],[-0.0679261,-0.0330767,0.997142]],[[0.915176,-0.400055,0.0490721],[0.391221,0.852416,-0.346891],[0.0969458,0.336665,0.936621]]],"btipPosition":[23.5597,159.133,-36.7071],"carpPosition":[8.49123,133.084,74.8121],"dipPosition":[24.9603,163.997,-23.1749],"direction":[0.0679261,0.0330767,-0.997142],"extended":true,"handId":140,"id":1403,"length":49.821,"mcpPosition":[15.4594,148.589,28.3986],"pipPosition":[23.5053,163.289,-1.81489],"stabilizedTipPosition":[24.1948,158.889,-34.4828],"timeVisible":11.8286,"tipPosition":[25.5522,163.023,-33.2889],"tipVelocity":[13.7344,-7.22213,-0.48362],"tool":false,"touchDistance":-0.116333,"touchZone":"touching","type":3,"width":12.5937},{"bases":[[[0.827158,-0.558669,0.0608155],[0.485724,0.765161,0.422611],[-0.282634,-0.320027,0.904268]],[[0.79943,-0.584395,0.139262],[0.450196,0.736249,0.505233],[-0.397787,-0.341203,0.851672]],[[0.79943,-0.584395,0.139262],[0.581455,0.810958,0.065249],[-0.151067,0.0288127,0.988104]],[[0.79943,-0.584395,0.139262],[0.594842,0.737542,-0.319679],[0.084107,0.3384,0.937236]]],"btipPosition":[41.7929,144.716,-18.7198],"carpPosition":[16.8207,125.69,73.3787],"dipPosition":[42.9139,149.226,-6.22761],"direction":[0.151067,-0.0288127,-0.988104],"extended":true,"handId":140,"id":1404,"length":39.0587,"mcpPosition":[29.7527,140.333,32.0036],"pipPosition":[40.6291,149.662,8.7168],"stabilizedTipPosition":[41.4196,143.277,-16.9606],"timeVisible":11.8286,"tipPosition":[43.1476,148.354,-15.6724],"tipVelocity":[13.4252,-3.86005,1.60398],"tool":false,"touchDistance":0.337887,"touchZone":"hovering","type":4,"width":11.1867}],"r":[[-0.678383,-0.638967,-0.362654],[0.475933,-0.758219,0.445636],[-0.559718,0.129713,0.818468]],"s":1.06721,"t":[2.39207,-29.1084,6.99363],"timestamp":17904034795},{"currentFrameRate":115.139,"devices":[],"gestures":[],"hands":[{"armBasis":[[0.948653,0.0377155,-0.314063],[0.141425,0.837535,0.527763],[0.282944,-0.54508,0.789196]],"armWidth":46.193,"confidence":1,"direction":[0.0438912,0.469216,-0.881992],"elbow":[66.6537,-1.90474,261.796],"grabAngle":0.652068,"grabStrength":0,"id":140,"palmNormal":[-0.144653,-0.870555,-0.47033],"palmPosition":[-0.26605,140.922,40.1848],"palmVelocity":[12.2179,0.14346,-5.59364],"palmWidth":71.8015,"pinchDistance":69.8342,"pinchStrength":0,"r":[[-0.678045,-0.639047,-0.363144],[0.47592,-0.758213,0.445661],[-0.560139,0.129351,0.818238]],"s":1.06713,"sphereCenter":[13.5695,119.282,-2.12198],"sphereRadius":57.3522,"stabilizedPalmPosition":[-1.8892,141.374,37.6382],"t":[2.48778,-29.1093,6.96423],"timeVisible":11.8373,"type":"right","wrist":[6.37152,114.226,93.6548]}],"id":95051,"interactionBox":{"center":[0,200,0],"size":[235.247,235.247,147.751]},"pointables":[{"bases":[[[0.535719,0.810561,0.236634],[-0.747984,0.325497,0.578421],[0.391822,-0.48687,0.780662]],[[0.293442,0.943867,-0.151681],[-0.749154,0.325607,0.576844],[0.593852,-0.0556379,0.802648]],[[0.293442,0.943867,-0.151681],[-0.805332,0.329562,0.492777],[0.515104,-0.0224479,0.856834]],[[0.293442,0.943867,-0.151681],[-0.847488,0.33026,0.415563],[0.44233,0.0066041,0.896828]]],"btipPosition":[-64.264,120.317,7.79353],"carpPosition":[-19.2854,117.653,78.2326],"dipPosition":[-56.2585,120.436,24.0248],"direction":[-0.515104,0.0224479,-0.856834],"extended":true,"handId":140,"id":1400,"length":40.3027,"mcpPosition":[-19.2854,117.653,78.2326],"pipPosition":[-42.6768,119.844,46.6168],"stabilizedTipPosition":[-63.8692,120.394,11.963],"timeVisible":11.8373,"tipPosition":[-64.3432,122.992,13.0106],"tipVelocity":[11.7328,-2.30402,-7.61784],"tool":false,"touchDistance":0.314088,"touchZone":"hovering","type":0,"width":14.1097},{"bases":[[[0.981845,-0.0673391,-0.177331],[0.12485,0.93323,0.336888],[0.142805,-0.352911,0.924695]],[[0.99215,-0.115011,-0.0490927],[0.123918,0.851524,0.509462],[-0.0167898,-0.511546,0.859092]],[[0.99215,-0.115011,-0.0490927],[0.121305,0.980526,0.154446],[0.0303737,-0.159189,0.986781]],[[0.99215,-0.115011,-0.0490927],[0.104271,0.977583,-0.182919],[0.0690298,0.176364,0.981902]]],"btipPosition":[-19.604,172.232,-35.7879],"carpPosition":[-10.3915,134.103,77.8554],"dipPosition":[-18.6919,174.562,-22.8143],"direction":[-0.0303737,0.159189,-0.986781],"extended":true,"handId":140,"id":1401,"length":45.4772,"mcpPosition":[-18.682,154.591,24.1724],"pipPosition":[-18.1242,171.586,-4.36991],"stabilizedTipPosition":[-19.1553,172.063,-33.775],"timeVisible":11.8373,"tipPosition":[-17.1099,176.489,-32.3519],"tipVelocity":[16.5837,-5.4527,-9.0625],"tool":false,"touchDistance":-0.149101,"touchZone":"touching","type":1,"width":13.4775},{"bases":[[[0.956345,-0.272499,-0.105586],[0.29215,0.900436,0.322278],[0.00725312,-0.339056,0.940738]],[[0.952406,-0.304583,-0.0123751],[0.270142,0.824512,0.497195],[-0.141233,-0.476874,0.867551]],[[0.952406,-0.304583,-0.0123751],[0.304091,0.94647,0.10827],[-0.0212646,-0.10688,0.994044]],[[0.952406,-0.304583,-0.0123751],[0.290102,0.918099,-0.270066],[0.0936189,0.253622,0.962762]]],"btipPosition":[3.11898,169.98,-43.8069],"carpPosition":[-0.853216,134.873,76.1735],"dipPosition":[4.47948,173.665,-29.8158],"direction":[0.0212646,0.10688,-0.994044],"extended":true,"handId":140,"id":1402,"length":51.8176,"mcpPosition":[-1.25254,153.54,24.3813],"pipPosition":[4.01186,171.315,-7.95622],"stabilizedTipPosition":[3.71146,169.472,-41.54],"timeVisible":11.8373,"tipPosition":[5.79153,173.614,-40.0515],"tipVelocity":[15.9716,-8.26981,-7.43081],"tool":false,"touchDistance":-0.130575,"touchZone":"touching","type":2,"width":13.2367},{"bases":[[[0.922226,-0.386522,0.0100099],[0.359813,0.867399,0.343735],[-0.141544,-0.3134,0.939013]],[[0.915345,-0.399545,0.0500748],[0.328172,0.812266,0.48221],[-0.233339,-0.424956,0.874623]],[[0.915345,-0.399545,0.0500748],[0.396823,0.916166,0.0563099],[-0.0683752,-0.0316722,0.997157]],[[0.915345,-0.399545,0.0500748],[0.390949,0.852015,-0.34818],[0.0964489,0.338281,0.936089]]],"btipPosition":[23.7047,159.069,-36.7475],"carpPosition":[8.57469,133.104,74.7748],"dipPosition":[25.0982,163.957,-23.2222],"direction":[0.0683752,0.0316722,-0.997157],"extended":true,"handId":140,"id":1403,"length":49.824,"mcpPosition":[15.5712,148.595,28.3592],"pipPosition":[23.6335,163.278,-1.8605],"stabilizedTipPosition":[24.1922,158.908,-34.4701],"timeVisible":11.8373,"tipPosition":[25.6992,163.002,-33.3263],"tipVelocity":[16.467,-6.79471,-4.81715],"tool":false,"touchDistance":-0.117032,"touchZone":"touching","type":3,"width":12.5956},{"bases":[[[0.827432,-0.558168,0.0616897],[0.484944,0.765603,0.422708],[-0.283171,-0.319846,0.904164]],[[0.799611,-0.583914,0.140238],[0.4494,0.736745,0.505219],[-0.398324,-0.340956,0.85152]],[[0.799611,-0.583914,0.140238],[0.58108,0.81127,0.0647045],[-0.151553,0.0297513,0.988001]],[[0.799611,-0.583914,0.140238],[0.594631,0.73726,-0.320719],[0.0838804,0.339841,0.936735]]],"btipPosition":[41.9328,144.692,-18.7352],"carpPosition":[16.9098,125.713,73.3507],"dipPosition":[43.0509,149.222,-6.24886],"direction":[0.151553,-0.0297513,-0.988001],"extended":true,"handId":140,"id":1404,"length":39.0611,"mcpPosition":[29.8668,140.348,31.9789],"pipPosition":[40.7586,149.672,8.69492],"stabilizedTipPosition":[41.4243,143.292,-16.9539],"timeVisible":11.8373,"tipPosition":[43.2924,148.354,-15.6894],"tipVelocity":[15.9936,-2.28703,-1.91608],"tool":false,"touchDistance":0.337181,"touchZone":"hovering","type":4,"width":11.1884}],"r":[[-0.678045,-0.639047,-0.363144],[0.47592,-0.758213,0.445661],[-0.560139,0.129351,0.818238]],"s":1.06713,"t":[2.48778,-29.1093,6.96423],"timestamp":17904043502},{"currentFrameRate":115.207,"devices":[],"gestures":[],"hands":[{"armBasis":[[0.948977,0.0388496,-0.312942],[0.140162,0.837005,0.52894],[0.282483,-0.545815,0.788853]],"armWidth":46.197,"confidence":1,"direction":[0.0441844,0.468615,-0.882297],"elbow":[66.6565,-2.02729,261.722],"grabAngle":0.652996,"grabStrength":0,"id":140,"palmNormal":[-0.143512,-0.871022,-0.469813],"palmPosition":[-0.145546,140.93,40.1597],"palmVelocity":[14.0694,0.9429,-2.93079],"palmWidth":71.8027,"pinchDistance":69.8464,"pinchStrength":0,"r":[[-0.677604,-0.639283,-0.363551],[0.475971,-0.75806,0.445867],[-0.560629,0.129081,0.817945]],"s":1.0671,"sphereCenter":[13.7126,119.186,-2.15191],"sphereRadius":57.4016,"stabilizedPalmPosition":[-1.88408,141.372,37.6456],"t":[2.59589,-29.1057,6.93697],"timeVisible":11.8459,"type":"right","wrist":[6.47033,114.264,93.6483]}],"id":95052,"interactionBox":{"center":[0,200,0],"size":[235.247,235.247,147.751]},"pointables":[{"bases":[[[0.534818,0.811203,0.236473],[-0.748732,0.325259,0.577587],[0.391625,-0.485959,0.781328]],[[0.292865,0.944002,-0.151956],[-0.749256,0.325308,0.576879],[0.594008,-0.0550934,0.802571]],[[0.292865,0.944002,-0.151956],[-0.805826,0.329226,0.492193],[0.514659,-0.0216956,0.85712]],[[0.292865,0.944002,-0.151956],[-0.847915,0.329859,0.41501],[0.441894,0.00730418,0.897037]]],"btipPosition":[-64.1429,120.281,7.75956],"carpPosition":[-19.1755,117.671,78.2105],"dipPosition":[-56.1447,120.413,23.9956],"direction":[-0.514659,0.0216956,-0.85712],"extended":true,"handId":140,"id":1400,"length":40.3053,"mcpPosition":[-19.1755,117.671,78.2105],"pipPosition":[-42.5739,119.841,46.5967],"stabilizedTipPosition":[-63.8584,120.394,11.9597],"timeVisible":11.8459,"tipPosition":[-64.1776,122.913,12.9415],"tipVelocity":[13.9464,-3.82503,-3.83575],"tool":false,"touchDistance":0.313541,"touchZone":"hovering","type":0,"width":14.1112},{"bases":[[[0.982045,-0.0666055,-0.176497],[0.123762,0.933584,0.33631],[0.142375,-0.352115,0.925065]],[[0.99229,-0.114198,-0.0481534],[0.12275,0.852001,0.508947],[-0.0170939,-0.510934,0.85945]],[[0.99229,-0.114198,-0.0481534],[0.120322,0.980804,0.153448],[0.0297057,-0.158059,0.986983]],[[0.99229,-0.114198,-0.0481534],[0.103549,0.977422,-0.184183],[0.0680995,0.177777,0.981712]]],"btipPosition":[-19.4485,172.153,-35.8552],"carpPosition":[-10.2956,134.129,77.8274],"dipPosition":[-18.5486,174.502,-22.8833],"direction":[-0.0297057,0.158059,-0.986983],"extended":true,"handId":140,"id":1401,"length":45.4801,"mcpPosition":[-18.5613,154.572,24.1221],"pipPosition":[-17.9934,171.548,-4.43392],"stabilizedTipPosition":[-19.1563,172.07,-33.7652],"timeVisible":11.8459,"tipPosition":[-16.9646,176.427,-32.4167],"tipVelocity":[17.8259,-8.62998,-7.90034],"tool":false,"touchDistance":-0.150229,"touchZone":"touching","type":1,"width":13.4791},{"bases":[[[0.956668,-0.271736,-0.104624],[0.291102,0.900926,0.321857],[0.00679867,-0.338367,0.94099]],[[0.95268,-0.303761,-0.0113754],[0.269055,0.825238,0.49658],[-0.141454,-0.476142,0.867917]],[[0.95268,-0.303761,-0.0113754],[0.303196,0.9469,0.107016],[-0.021736,-0.105401,0.994192]],[[0.95268,-0.303761,-0.0113754],[0.289407,0.917838,-0.271694],[0.0929709,0.255546,0.962316]]],"btipPosition":[3.2693,169.889,-43.8572],"carpPosition":[-0.7562,134.907,76.1526],"dipPosition":[4.62046,173.603,-29.8717],"direction":[0.021736,0.105401,-0.994192],"extended":true,"handId":140,"id":1402,"length":51.8209,"mcpPosition":[-1.13051,153.536,24.3456],"pipPosition":[4.14245,171.285,-8.00752],"stabilizedTipPosition":[3.70977,169.489,-41.5284],"timeVisible":11.8459,"tipPosition":[5.94133,173.562,-40.0969],"tipVelocity":[17.2995,-9.81241,-6.02886],"tool":false,"touchDistance":-0.131436,"touchZone":"touching","type":2,"width":13.2382},{"bases":[[[0.922556,-0.385705,0.0110272],[0.358776,0.867964,0.343392],[-0.142019,-0.312842,0.939127]],[[0.915627,-0.39875,0.0512385],[0.32709,0.812981,0.48174],[-0.23375,-0.424335,0.874815]],[[0.915627,-0.39875,0.0512385],[0.396065,0.91656,0.0552334],[-0.0689874,-0.0302794,0.997158]],[[0.915627,-0.39875,0.0512385],[0.39048,0.851747,-0.349361],[0.0956654,0.339892,0.935586]]],"btipPosition":[23.8676,159.009,-36.7694],"carpPosition":[8.67484,133.145,74.7628],"dipPosition":[25.2499,163.92,-23.2505],"direction":[0.0689874,0.0302794,-0.997158],"extended":true,"handId":140,"id":1403,"length":49.8271,"mcpPosition":[15.695,148.609,28.3408],"pipPosition":[23.772,163.271,-1.88748],"stabilizedTipPosition":[24.1921,158.928,-34.4573],"timeVisible":11.8459,"tipPosition":[25.8557,162.974,-33.3473],"tipVelocity":[18.7206,-6.3972,-2.73529],"tool":false,"touchDistance":-0.117422,"touchZone":"touching","type":3,"width":12.597},{"bases":[[[0.827872,-0.557396,0.0627559],[0.483934,0.766335,0.422539],[-0.283613,-0.319438,0.90417]],[[0.799964,-0.583145,0.141418],[0.448286,0.737468,0.505155],[-0.39887,-0.34071,0.851363]],[[0.799964,-0.583145,0.141418],[0.580399,0.81179,0.0643005],[-0.152298,0.0306409,0.987859]],[[0.799964,-0.583145,0.141418],[0.59424,0.737195,-0.321594],[0.0832829,0.3413,0.936258]]],"btipPosition":[42.0964,144.681,-18.7265],"carpPosition":[17.0179,125.76,73.3508],"dipPosition":[43.2066,149.23,-6.24575],"direction":[0.152298,-0.0306409,-0.987859],"extended":true,"handId":140,"id":1404,"length":39.0636,"mcpPosition":[29.9954,140.377,31.978],"pipPosition":[40.9029,149.694,8.69682],"stabilizedTipPosition":[41.4302,143.307,-16.947],"timeVisible":11.8459,"tipPosition":[43.4502,148.358,-15.6852],"tipVelocity":[18.8821,-0.728994,0.862526],"tool":false,"touchDis