{"frames":50,"data":[{"currentFrameRate":115.265,"devices":[],"gestures":[],"hands":[{"armBasis":[[-0.741908,-0.670232,0.0190136],[0.626449,-0.702995,-0.33669],[0.239027,-0.237882,0.941424]],"armWidth":48,"confidence":1,"direction":[0.0479122,-0.114126,-0.99231],"elbow":[85.8897,30.0682,278.132],"grabAngle":0.928052,"grabStrength":0,"id":144,"palmNormal":[-0.67551,0.728112,-0.116357],"palmPosition":[35.2126,85.9932,5.63476],"palmVelocity":[47.4688,59.0242,6.38737],"palmWidth":75.1245,"pinchDistance":59.5401,"pinchStrength":0,"r":[[-0.160863,-0.651173,0.741685],[0.836031,-0.489302,-0.248264],[0.524571,0.580135,0.623112]],"s":1.16165,"sphereCenter":[-8.52484,107.391,-20.0746],"sphereRadius":57.4813,"stabilizedPalmPosition":[32.8696,83.0332,4.74949],"t":[123.994,-68.1744,-81.8906],"timeVisible":7.45797,"type":"right","wrist":[32.6055,83.0972,68.2682]}],"id":97832,"interactionBox":{"center":[0,200,0],"size":[235.247,235.247,147.751]},"pointables":[{"bases":[[[0.317463,-0.945489,-0.0725751],[0.87556,0.26287,0.405331],[-0.364159,-0.192221,0.911285]],[[0.432805,-0.79958,-0.416355],[0.891741,0.312,0.327802],[-0.132201,-0.513155,0.848053]],[[0.432805,-0.79958,-0.416355],[0.872277,0.488058,-0.0305398],[0.227624,-0.349959,0.908689]],[[0.432805,-0.79958,-0.416355],[0.734489,0.580553,-0.351402],[0.52269,-0.153719,0.838549]]],"btipPosition":[31.2521,140.695,-24.655],"carpPosition":[42.0148,106.954,51.3294],"dipPosition":[41.1706,137.778,-8.74279],"direction":[-0.227624,0.349959,-0.908689],"extended":false,"handId":144,"id":1440,"length":42.2565,"mcpPosition":[42.0148,106.954,51.3294],"pipPosition":[47.4633,128.103,16.378],"stabilizedTipPosition":[36.016,139.33,-20.697],"timeVisible":7.45797,"tipPosition":[38.4895,141.345,-19.5229],"tipVelocity":[-277.25,34.088,-48.1565],"tool":false,"touchDistance":0.297081,"touchZone":"hovering","type":0,"width":14.6111},{"bases":[[[-0.717302,-0.685457,-0.125002],[0.693369,-0.719912,-0.031092],[-0.0686782,-0.108975,0.991669]],[[-0.720292,-0.691219,-0.0582667],[0.691529,-0.722126,0.0179328],[-0.0544715,-0.0273763,0.99814]],[[-0.720292,-0.691219,-0.0582667],[0.686445,-0.698178,-0.203323],[0.0998601,-0.186449,0.977377]],[[-0.720292,-0.691219,-0.0582667],[0.654062,-0.648786,-0.388947],[0.231045,-0.318266,0.919416]]],"btipPosition":[49.3552,105.326,-82.1741],"carpPosition":[48.4438,89.6906,44.7222],"dipPosition":[52.5559,100.917,-69.4372],"direction":[-0.0998601,0.186449,-0.977377],"extended":true,"handId":144,"id":1441,"length":47.6818,"mcpPosition":[52.6154,96.3099,-15.5134],"pipPosition":[54.5129,97.2635,-50.283],"stabilizedTipPosition":[49.489,102.933,-79.8092],"timeVisible":7.45797,"tipPosition":[51.8938,103.339,-79.0675],"tipVelocity":[8.71106,112.977,32.8741],"tool":false,"touchDistance":0.325154,"touchZone":"hovering","type":1,"width":13.9565},{"bases":[[[-0.827608,-0.56104,0.0172695],[0.560442,-0.82765,-0.0299981],[0.0311233,-0.0151481,0.999401]],[[-0.8151,-0.557635,0.15702],[0.55972,-0.82795,-0.034811],[0.149417,0.059513,0.986982]],[[-0.8151,-0.557635,0.15702],[0.500448,-0.814305,-0.294039],[0.291829,-0.161091,0.942807]],[[-0.8151,-0.557635,0.15702],[0.439377,-0.771711,-0.459793],[0.377571,-0.305786,0.874034]]],"btipPosition":[22.1241,88.7583,-88.2573],"carpPosition":[42.2379,81.8382,42.9391],"dipPosition":[27.8771,84.0991,-74.9398],"direction":[-0.291829,0.161091,-0.942807],"extended":true,"handId":144,"id":1442,"length":54.3296,"mcpPosition":[40.4451,82.7107,-14.6293],"pipPosition":[34.6057,80.3849,-53.202],"stabilizedTipPosition":[21.3141,86.8111,-85.5933],"timeVisible":7.45797,"tipPosition":[26.0196,85.9506,-85.543],"tipVelocity":[124.094,75.4423,18.6208],"tool":false,"touchDistance":0.339781,"touchZone":"hovering","type":2,"width":13.7072},{"bases":[[[-0.853886,-0.493155,0.166363],[0.500588,-0.86568,0.00318641],[0.142446,0.0860003,0.986059]],[[-0.829242,-0.478454,0.288858],[0.338884,-0.84144,-0.420877],[0.444427,-0.25112,0.859897]],[[-0.829242,-0.478454,0.288858],[0.145576,-0.683912,-0.714894],[0.539597,-0.550769,0.63678]],[[-0.829242,-0.478454,0.288858],[-0.17972,-0.261112,-0.948431],[0.529205,-0.838393,0.130537]]],"btipPosition":[-9.3239,105.292,-56.0142],"carpPosition":[34.2802,75.5705,42.4141],"dipPosition":[-1.30687,92.5909,-54.0367],"direction":[-0.539597,0.550769,-0.63678],"extended":true,"handId":144,"id":1443,"length":52.2393,"mcpPosition":[26.9132,71.1227,-8.58266],"pipPosition":[10.8131,80.22,-39.7339],"stabilizedTipPosition":[-10.2179,104.781,-54.691],"timeVisible":7.45797,"tipPosition":[-4.75374,96.5621,-60.8564],"tipVelocity":[97.5304,-155.04,-61.8577],"tool":false,"touchDistance":0.319171,"touchZone":"hovering","type":3,"width":13.0432},{"bases":[[[-0.902555,-0.330027,0.276542],[0.372288,-0.920823,0.116127],[0.216321,0.207764,0.95396]],[[-0.853399,-0.290442,0.432842],[0.118192,-0.916573,-0.382002],[0.507681,-0.274842,0.81653]],[[-0.853399,-0.290442,0.432842],[-0.150149,-0.658214,-0.737705],[0.499164,-0.694548,0.51811]],[[-0.853399,-0.290442,0.432842],[-0.318111,-0.367626,-0.873874],[0.412934,-0.883456,0.221339]]],"btipPosition":[-15.7986,94.947,-36.363],"carpPosition":[22.7998,73.6526,44.0269],"dipPosition":[-10.0275,82.6001,-33.2696],"direction":[-0.499164,0.694548,-0.51811],"extended":false,"handId":144,"id":1444,"length":40.9547,"mcpPosition":[12.4435,63.706,-1.64352],"pipPosition":[-2.11151,71.5856,-25.0531],"stabilizedTipPosition":[-15.669,99.8427,-25.6592],"timeVisible":7.45797,"tipPosition":[-13.6235,93.9208,-31.409],"tipVelocity":[58.174,-337.942,-225.158],"tool":false,"touchDistance":0.167668,"touchZone":"hovering","type":4,"width":11.586}],"r":[[-0.160863,-0.651173,0.741685],[0.836031,-0.489302,-0.248264],[0.524571,0.580135,0.623112]],"s":1.16165,"t":[123.994,-68.1744,-81.8906],"timestamp":17928550693},{"currentFrameRate":115.202,"devices":[],"gestures":[],"hands":[{"armBasis":[[-0.713469,-0.700663,-0.00569889],[0.659963,-0.669249,-0.341401],[0.235393,-0.24734,0.939901]],"armWidth":48,"confidence":1,"direction":[0.0605887,-0.113335,-0.991708],"elbow":[85.0495,28.3168,277.699],"grabAngle":0.931277,"grabStrength":0,"id":144,"palmNormal":[-0.709963,0.69348,-0.122628],"palmPosition":[35.5567,86.5819,5.56246],"palmVelocity":[39.1582,66.9956,-8.22966],"palmWidth":75.1245,"pinchDistance":59.6372,"pinchStrength":0,"r":[[-0.147214,-0.653232,0.742709],[0.85172,-0.465496,-0.240595],[0.502892,0.597161,0.624898]],"s":1.14987,"sphereCenter":[-9.65487,106.233,-20.2261],"sphereRadius":57.8653,"stabilizedPalmPosition":[33.2484,83.5334,4.86409],"t":[124.391,-67.5887,-81.8504],"timeVisible":7.46676,"type":"right","wrist":[32.5753,83.4542,68.1753]}],"id":97833,"interactionBox":{"center":[0,200,0],"size":[235.247,235.247,147.751]},"pointables":[{"bases":[[[0.3645,-0.928691,-0.0683617],[0.858526,0.306712,0.410928],[-0.360658,-0.208473,0.909101]],[[0.475694,-0.775584,-0.414951],[0.874026,0.363702,0.322178],[-0.0989572,-0.515937,0.850892]],[[0.475694,-0.775584,-0.414951],[0.842818,0.536902,-0.0373257],[0.251738,-0.331973,0.909078]],[[0.475694,-0.775584,-0.414951],[0.699633,0.619539,-0.355927],[0.53313,-0.121001,0.837336]]],"btipPosition":[27.9869,140.671,-24.8293],"carpPosition":[40.9844,107.934,51.2599],"dipPosition":[38.1035,138.375,-8.94007],"direction":[-0.251738,0.331973,-0.909078],"extended":false,"handId":144,"id":1440,"length":42.2565,"mcpPosition":[40.9844,107.934,51.2599],"pipPosition":[45.0628,129.198,16.1915],"stabilizedTipPosition":[32.9058,139.773,-20.9576],"timeVisible":7.46676,"tipPosition":[35.8545,141.858,-19.7892],"tipVelocity":[-366.452,13.5817,-20.4351],"tool":false,"touchDistance":0.304533,"touchZone":"hovering","type":0,"width":14.6111},{"bases":[[[-0.681494,-0.720434,-0.128609],[0.728443,-0.68466,-0.0247081],[-0.0702529,-0.110523,0.991388]],[[-0.684732,-0.72638,-0.0592823],[0.726488,-0.686769,0.0237203],[-0.0579432,-0.0268258,0.997959]],[[-0.684732,-0.72638,-0.0592823],[0.718781,-0.659647,-0.219591],[0.120401,-0.192972,0.973789]],[[-0.684732,-0.72638,-0.0592823],[0.678744,-0.605969,-0.414859],[0.265422,-0.324305,0.907952]]],"btipPosition":[48.5583,106.922,-81.9096],"carpPosition":[48.3091,90.9995,44.7342],"dipPosition":[52.2352,102.429,-69.3316],"direction":[-0.120401,0.192972,-0.973789],"extended":true,"handId":144,"id":1441,"length":47.6818,"mcpPosition":[52.5764,97.7128,-15.4843],"pipPosition":[54.5948,98.6473,-50.2476],"stabilizedTipPosition":[49.4567,104.056,-79.508],"timeVisible":7.46676,"tipPosition":[51.8224,104.657,-79.0544],"tipVelocity":[-78.2335,179.373,25.9429],"tool":false,"touchDistance":0.329364,"touchZone":"hovering","type":1,"width":13.9565},{"bases":[[[-0.79885,-0.601398,0.0126227],[0.601023,-0.798862,-0.0243236],[0.0247119,-0.0118443,0.999624]],[[-0.788428,-0.59761,0.145752],[0.599377,-0.799638,-0.0364068],[0.138306,0.0586565,0.988651]],[[-0.788428,-0.59761,0.145752],[0.53833,-0.784991,-0.306578],[0.297629,-0.163252,0.94062]],[[-0.788428,-0.59761,0.145752],[0.470335,-0.738385,-0.483294],[0.396443,-0.31249,0.86324]]],"btipPosition":[22.7819,89.7609,-88.1357],"carpPosition":[42.5134,82.8456,42.9239],"dipPosition":[28.8224,84.9995,-74.9827],"direction":[-0.297629,0.163252,-0.94062],"extended":true,"handId":144,"id":1442,"length":54.3296,"mcpPosition":[41.0899,83.5279,-14.6574],"pipPosition":[35.6847,81.2355,-53.2953],"stabilizedTipPosition":[22.3246,87.467,-85.4225],"timeVisible":7.46676,"tipPosition":[26.8205,86.1226,-85.6363],"tipVelocity":[82.3903,111.436,9.53136],"tool":false,"touchDistance":0.340393,"touchZone":"hovering","type":2,"width":13.7072},{"bases":[[[-0.829526,-0.534642,0.161386],[0.542894,-0.839758,0.00851868],[0.13097,0.0946817,0.986855]],[[-0.809131,-0.520323,0.273077],[0.391224,-0.82374,-0.41036],[0.438465,-0.2252,0.870077]],[[-0.809131,-0.520323,0.273077],[0.181328,-0.663113,-0.726224],[0.558953,-0.538094,0.630894]],[[-0.809131,-0.520323,0.273077],[-0.148174,-0.269036,-0.951664],[0.568641,-0.810483,0.140587]]],"btipPosition":[-8.94632,103.816,-56.5022],"carpPosition":[34.8804,76.1897,42.3561],"dipPosition":[-0.331875,91.5374,-54.3724],"direction":[-0.558953,0.538094,-0.630894],"extended":true,"handId":144,"id":1443,"length":52.2393,"mcpPosition":[28.1069,71.293,-8.68184],"pipPosition":[12.2228,79.4513,-40.2019],"stabilizedTipPosition":[-9.45866,103.897,-54.9995],"timeVisible":7.46676,"tipPosition":[-4.50306,95.255,-61.04],"tipVelocity":[58.6144,-156.951,-51.5546],"tool":false,"touchDistance":0.312912,"touchZone":"hovering","type":3,"width":13.0432},{"bases":[[[-0.887015,-0.373939,0.270878],[0.416687,-0.901005,0.120669],[0.198939,0.219906,0.955021]],[[-0.844493,-0.33454,0.418228],[0.183789,-0.914511,-0.360406],[0.503044,-0.227494,0.833782]],[[-0.844493,-0.33454,0.418228],[-0.09333,-0.677033,-0.73001],[0.527372,-0.655522,0.540527]],[[-0.844493,-0.33454,0.418228],[-0.261903,-0.423201,-0.867357],[0.46716,-0.842012,0.269773]]],"btipPosition":[-15.3403,91.8648,-38.0756],"carpPosition":[23.4982,73.7072,43.8921],"dipPosition":[-8.81137,80.097,-34.3053],"direction":[-0.527372,0.655522,-0.540527],"extended":false,"handId":144,"id":1444,"length":40.9547,"mcpPosition":[13.9741,63.1792,-1.82912],"pipPosition":[-0.448043,69.7014,-25.7333],"stabilizedTipPosition":[-15.4698,98.6797,-26.9163],"timeVisible":7.46676,"tipPosition":[-13.3923,91.7506,-32.3304],"tipVelocity":[71.9995,-335.655,-177.204],"tool":false,"touchDistance":0.178896,"touchZone":"hovering","type":4,"width":11.586}],"r":[[-0.147214,-0.653232,0.742709],[0.85172,-0.465496,-0.240595],[0.502892,0.597161,0.624898]],"s":1.14987,"t":[124.391,-67.5887,-81.8504],"timestamp":17928559479},{"currentFrameRate":115.336,"devices":[],"gestures":[],"hands":[{"armBasis":[[-0.691069,-0.722318,-0.0260998],[0.684781,-0.642746,-0.343442],[0.231299,-0.255215,0.938811]],"armWidth":48,"confidence":1,"direction":[0.0709966,-0.106887,-0.991733],"elbow":[84.104,26.6975,276.758],"grabAngle":0.937606,"grabStrength":0,"id":144,"palmNormal":[-0.733718,0.667947,-0.124515],"palmPosition":[35.8723,87.204,4.90161],"palmVelocity":[37.3818,73.6899,-78.2712],"palmWidth":75.1245,"pinchDistance":59.6556,"pinchStrength":0,"r":[[-0.132483,-0.656166,0.742896],[0.867225,-0.439672,-0.233687],[0.479968,0.613299,0.627292]],"s":1.13684,"sphereCenter":[-9.78245,106.257,-20.8572],"sphereRadius":57.84,"stabilizedPalmPosition":[33.5547,83.9619,4.86847],"t":[124.747,-66.9847,-82.1607],"timeVisible":7.4752,"type":"right","wrist":[32.5426,83.5904,67.4772]}],"id":97834,"interactionBox":{"center":[0,200,0],"size":[235.247,235.247,147.751]},"pointables":[{"bases":[[[0.398197,-0.91465,-0.0696739],[0.844249,0.335724,0.417773],[-0.358724,-0.225178,0.905876]],[[0.50654,-0.754497,-0.417315],[0.858867,0.398915,0.321269],[-0.0759232,-0.521153,0.850079]],[[0.50654,-0.754497,-0.417315],[0.818475,0.572971,-0.0424502],[0.271138,-0.320059,0.90777]],[[0.50654,-0.754497,-0.417315],[0.643452,0.652961,-0.399514],[0.573923,-0.0661522,0.816233]]],"btipPosition":[24.9758,140.127,-24.9006],"carpPosition":[40.233,108.545,50.7185],"dipPosition":[35.8665,138.872,-9.41181],"direction":[-0.271138,0.320059,-0.90777],"extended":false,"handId":144,"id":1440,"length":42.2565,"mcpPosition":[40.233,108.545,50.7185],"pipPosition":[43.3621,130.024,15.6836],"stabilizedTipPosition":[29.6949,139.812,-21.1828],"timeVisible":7.4752,"tipPosition":[33.6669,142.295,-20.3356],"tipVelocity":[-335.555,-36.1321,-19.3539],"tool":false,"touchDistance":0.309279,"touchZone":"hovering","type":0,"width":14.6111},{"bases":[[[-0.654221,-0.743984,-0.135951],[0.752813,-0.657844,-0.02266],[-0.0725761,-0.117171,0.990456]],[[-0.657738,-0.750461,-0.0647216],[0.750853,-0.660067,0.0230301],[-0.0600038,-0.0334487,0.997638]],[[-0.657738,-0.750461,-0.0647216],[0.740206,-0.62804,-0.240126],[0.139557,-0.205847,0.968582]],[[-0.657738,-0.750461,-0.0647216],[0.693042,-0.569268,-0.442298],[0.295083,-0.33577,0.89453]]],"btipPosition":[47.8814,108.881,-82.1146],"carpPosition":[48.2056,91.913,44.1735],"dipPosition":[51.9692,104.229,-69.7225],"direction":[-0.139557,0.205847,-0.968582],"extended":true,"handId":144,"id":1441,"length":47.6818,"mcpPosition":[52.614,99.0301,-15.9885],"pipPosition":[54.7042,100.195,-50.7406],"stabilizedTipPosition":[49.2065,105.536,-79.412],"timeVisible":7.4752,"tipPosition":[51.838,106.301,-79.5187],"tipVelocity":[-68.9851,227.72,-29.3377],"tool":false,"touchDistance":0.326338,"touchZone":"hovering","type":1,"width":13.9565},{"bases":[[[-0.776698,-0.629854,0.0049812],[0.629595,-0.776566,-0.0235672],[0.0187121,-0.0151684,0.99971]],[[-0.768202,-0.626774,0.130463],[0.626972,-0.777757,-0.0447366],[0.129508,0.0474296,0.990443]],[[-0.768202,-0.626774,0.130463],[0.564232,-0.759119,-0.324625],[0.302503,-0.175767,0.936802]],[[-0.768202,-0.626774,0.130463],[0.489821,-0.706635,-0.51063],[0.412239,-0.328363,0.849845]]],"btipPosition":[23.3244,91.6391,-88.5498],"carpPosition":[42.7195,83.5632,42.2926],"dipPosition":[29.6056,86.6359,-75.6009],"direction":[-0.302503,0.175767,-0.936802],"extended":true,"handId":144,"id":1442,"length":54.3296,"mcpPosition":[41.6416,84.4369,-15.2935],"pipPosition":[36.5803,82.5833,-54.0015],"stabilizedTipPosition":[23.2072,88.558,-85.4763],"timeVisible":7.4752,"tipPosition":[27.5115,87.1018,-86.2927],"tipVelocity":[70.8146,215.871,-54.6015],"tool":false,"touchDistance":0.332785,"touchZone":"hovering","type":2,"width":13.7072},{"bases":[[[-0.810716,-0.564876,0.153805],[0.57277,-0.819669,0.00872953],[0.121138,0.095172,0.988063]],[[-0.793768,-0.55195,0.255506],[0.429419,-0.806073,-0.407243],[0.430734,-0.213537,0.876852]],[[-0.793768,-0.55195,0.255506],[0.206255,-0.639469,-0.740633],[0.572181,-0.535192,0.621433]],[[-0.793768,-0.55195,0.255506],[-0.118644,-0.271505,-0.955096],[0.596536,-0.788439,0.150027]]],"btipPosition":[-8.42244,103.418,-57.4485],"carpPosition":[35.3355,76.6389,41.6483],"dipPosition":[0.614607,91.4736,-55.1757],"direction":[-0.572181,0.535192,-0.621433],"extended":true,"handId":144,"id":1443,"length":52.2393,"mcpPosition":[29.0705,71.7169,-9.45214],"pipPosition":[13.4664,79.4526,-41.2176],"stabilizedTipPosition":[-8.89307,103.311,-55.3492],"timeVisible":7.4752,"tipPosition":[-4.12405,94.9104,-61.7579],"tipVelocity":[73.5617,-38.0191,-108.182],"tool":false,"touchDistance":0.297689,"touchZone":"hovering","type":3,"width":13.0432},{"bases":[[[-0.874666,-0.406814,0.263558],[0.448139,-0.8859,0.119804],[0.184748,0.222899,0.957175]],[[-0.83706,-0.368779,0.404145],[0.232131,-0.908293,-0.348023],[0.495425,-0.197501,0.8459]],[[-0.83706,-0.368779,0.404145],[-0.050291,-0.683698,-0.72803],[0.544795,-0.62973,0.55375]],[[-0.83706,-0.368779,0.404145],[-0.219491,-0.450284,-0.865487],[0.501153,-0.81317,0.295972]]],"btipPosition":[-14.6514,90.0835,-39.8945],"carpPosition":[24.0406,73.7412,43.0997],"dipPosition":[-7.64743,78.7188,-35.758],"direction":[-0.544795,0.62973,-0.55375],"extended":false,"handId":144,"id":1444,"length":40.9547,"mcpPosition":[15.1959,63.07,-2.72473],"pipPosition":[0.992196,68.7323,-26.9764],"stabilizedTipPosition":[-15.2148,97.503,-28.1788],"timeVisible":7.4752,"tipPosition":[-12.9908,90.5459,-33.6662],"tipVelocity":[94.5313,-199.991,-205.455],"tool":false,"touchDistance":0.149985,"touchZone":"hovering","type":4,"width":11.586}],"r":[[-0.132483,-0.656166,0.742896],[0.867225,-0.439672,-0.233687],[0.479968,0.613299,0.627292]],"s":1.13684,"t":[124.747,-66.9847,-82.1607],"timestamp":17928567922},{"currentFrameRate":115.251,"devices":[],"gestures":[],"hands":[{"armBasis":[[-0.676101,-0.735488,-0.0440923],[0.700918,-0.623565,-0.346238],[0.22716,-0.264997,0.93711]],"armWidth":48,"confidence":1,"direction":[0.0790828,-0.100278,-0.991812],"elbow":[83.2328,24.877,275.676],"grabAngle":0.943572,"grabStrength":0,"id":144,"palmNormal":[-0.748899,0.650691,-0.125503],"palmPosition":[36.2295,88.0507,4.24081],"palmVelocity":[40.496,95.9743,-74.9046],"palmWidth":75.1245,"pinchDistance":59.8124,"pinchStrength":0,"r":[[-0.118285,-0.659482,0.742356],[0.881281,-0.414206,-0.227545],[0.45755,0.627309,0.630183]],"s":1.12338,"sphereCenter":[-10.0093,106.868,-21.4505],"sphereRadius":58.0442,"stabilizedPalmPosition":[33.8553,84.4215,4.79792],"t":[125.103,-66.2594,-82.6463],"timeVisible":7.48402,"type":"right","wrist":[32.594,83.9506,66.7737]}],"id":97835,"interactionBox":{"center":[0,200,0],"size":[235.247,235.247,147.751]},"pointables":[{"bases":[[[0.420511,-0.904445,-0.0717687],[0.833568,0.353899,0.42417],[-0.35824,-0.238192,0.902734]],[[0.527421,-0.738212,-0.42056],[0.847551,0.422768,0.32082],[-0.0590342,-0.525653,0.848648]],[[0.527421,-0.738212,-0.42056],[0.802133,0.595812,-0.0398853],[0.280018,-0.316308,0.906388]],[[0.527421,-0.738212,-0.42056],[0.596316,0.674242,-0.435666],[0.605172,-0.0210073,0.795817]]],"btipPosition":[23.0272,140.072,-24.9514],"carpPosition":[39.819,109.265,50.1831],"dipPosition":[34.5109,139.674,-9.85004],"direction":[-0.280018,0.316308,-0.906388],"extended":false,"handId":144,"id":1440,"length":42.2565,"mcpPosition":[39.819,109.265,50.1831],"pipPosition":[42.252,130.929,15.2071],"stabilizedTipPosition":[27.2079,139.916,-21.3652],"timeVisible":7.48402,"tipPosition":[32.286,142.948,-20.8018],"tipVelocity":[-205.417,16.153,-15.8609],"tool":false,"touchDistance":0.309729,"touchZone":"hovering","type":0,"width":14.6111},{"bases":[[[-0.63533,-0.758843,-0.143223],[0.768565,-0.639409,-0.0215115],[-0.0752542,-0.123743,0.989457]],[[-0.639198,-0.76602,-0.0681046],[0.7665,-0.641776,0.0244947],[-0.0624714,-0.0365452,0.997377]],[[-0.639198,-0.76602,-0.0681046],[0.753029,-0.605452,-0.257636],[0.156121,-0.215965,0.963839]],[[-0.639198,-0.76602,-0.0681046],[0.697817,-0.540499,-0.470013],[0.323229,-0.347956,0.880028]]],"btipPosition":[47.4364,110.705,-82.3201],"carpPosition":[48.2265,92.8624,43.6043],"dipPosition":[51.9142,105.884,-70.1289],"direction":[-0.156121,0.215965,-0.963839],"extended":true,"handId":144,"id":1441,"length":47.6818,"mcpPosition":[52.7976,100.379,-16.4969],"pipPosition":[54.9737,101.652,-51.24],"stabilizedTipPosition":[48.8935,107.252,-79.456],"timeVisible":7.48402,"tipPosition":[52.0229,108.02,-79.9723],"tipVelocity":[-40.2721,202.318,-28.5384],"tool":false,"touchDistance":0.323309,"touchZone":"hovering","type":1,"width":13.9565},{"bases":[[[-0.761306,-0.648388,-0.00244707],[0.648252,-0.761057,-0.0236867],[0.0134958,-0.0196192,0.999716]],[[-0.754222,-0.646077,0.117192],[0.644576,-0.762527,-0.0554497],[0.125187,0.0337178,0.99156]],[[-0.754222,-0.646077,0.117192],[0.579111,-0.738633,-0.345038],[0.309483,-0.192368,0.931244]],[[-0.754222,-0.646077,0.117192],[0.497586,-0.678827,-0.540002],[0.428436,-0.348968,0.833465]]],"btipPosition":[23.6204,93.9572,-88.8563],"carpPosition":[42.9539,84.3923,41.6524],"dipPosition":[30.1484,88.6401,-76.157],"direction":[-0.309483,0.192368,-0.931244],"extended":true,"handId":144,"id":1442,"length":54.3296,"mcpPosition":[42.1765,85.5225,-15.9341],"pipPosition":[37.284,84.2047,-54.6857],"stabilizedTipPosition":[23.9881,90.2613,-85.6636],"timeVisible":7.48402,"tipPosition":[28.116,88.5657,-86.9121],"tipVelocity":[39.9833,254.582,-41.2498],"tool":false,"touchDistance":0.327741,"touchZone":"hovering","type":2,"width":13.7072},{"bases":[[[-0.79771,-0.584979,0.146489],[0.592304,-0.805674,0.0080798],[0.113296,0.0932111,0.989179]],[[-0.783274,-0.573428,0.240129],[0.458384,-0.793643,-0.400019],[0.419959,-0.203253,0.88449]],[[-0.783274,-0.573428,0.240129],[0.227275,-0.623652,-0.747934],[0.578643,-0.531262,0.618816]],[[-0.783274,-0.573428,0.240129],[-0.0859581,-0.282654,-0.955363],[0.615705,-0.768952,0.172105]]],"btipPosition":[-7.65492,103.42,-58.7739],"carpPosition":[35.7426,77.2956,40.933],"dipPosition":[1.67251,91.7708,-56.1666],"direction":[-0.578643,0.531262,-0.618816],"extended":true,"handId":144,"id":1443,"length":52.2393,"mcpPosition":[29.8832,72.4749,-10.2252],"pipPosition":[14.6695,79.8381,-42.2674],"stabilizedTipPosition":[-8.38673,102.926,-55.772],"timeVisible":7.48402,"tipPosition":[-3.64408,95.3378,-62.4352],"tipVelocity":[94.5709,7.9235,-141.52],"tool":false,"touchDistance":0.27688,"touchZone":"hovering","type":3,"width":13.0432},{"bases":[[[-0.866062,-0.429043,0.256629],[0.468687,-0.875431,0.118126],[0.17398,0.222583,0.959264]],[[-0.832372,-0.39289,0.390888],[0.267591,-0.902546,-0.33735],[0.485336,-0.176202,0.856389]],[[-0.832372,-0.39289,0.390888],[-0.0182312,-0.685506,-0.727839],[0.553917,-0.612959,0.563433]],[[-0.832372,-0.39289,0.390888],[-0.18772,-0.463742,-0.865855],[0.521457,-0.794091,0.312252]]],"btipPosition":[-13.8028,89.3339,-41.4697],"carpPosition":[24.5129,74.1196,42.3062],"dipPosition":[-6.51501,78.2358,-37.1058],"direction":[-0.553917,0.612959,-0.563433],"extended":false,"handId":144,"id":1444,"length":40.9547,"mcpPosition":[16.1837,63.4636,-3.61823],"pipPosition":[2.26928,68.5152,-28.1706],"stabilizedTipPosition":[-14.9231,96.4903,-29.3393],"timeVisible":7.48402,"tipPosition":[-12.4644,90.2057,-34.9106],"tipVelocity":[103.596,-78.024,-172.632],"tool":false,"touchDistance":0.124603,"touchZone":"hovering","type":4,"width":11.586}],"r":[[-0.118285,-0.659482,0.742356],[0.881281,-0.414206,-0.227545],[0.45755,0.627309,0.630183]],"s":1.12338,"t":[125.103,-66.2594,-82.6463],"timestamp":17928576744},{"currentFrameRate":115.264,"devices":[],"gestures":[],"hands":[{"armBasis":[[-0.657118,-0.751021,-0.064525],[0.719833,-0.599811,-0.349381],[0.22369,-0.276032,0.934756]],"armWidth":48,"confidence":1,"direction":[0.0867743,-0.0925812,-0.991917],"elbow":[82.5801,22.9877,274.661],"grabAngle":0.954506,"grabStrength":0,"id":144,"palmNormal":[-0.767348,0.628767,-0.125815],"palmPosition":[36.5868,89.1813,3.79815],"palmVelocity":[41.2784,130.638,-51.1504],"palmWidth":75.1245,"pinchDistance":60.052,"pinchStrength":0,"r":[[-0.103618,-0.663241,0.741198],[0.894499,-0.387983,-0.222126],[0.434896,0.639985,0.63347]],"s":1.11035,"sphereCenter":[-11.115,107.009,-21.8081],"sphereRadius":58.7267,"stabilizedPalmPosition":[34.1714,84.9723,4.68223],"t":[125.46,-65.3314,-83.1104],"timeVisible":7.49268,"type":"right","wrist":[32.7149,84.521,66.2837]}],"id":97836,"interactionBox":{"center":[0,200,0],"size":[235.247,235.247,147.751]},"pointables":[{"bases":[[[0.447613,-0.891128,-0.0743908],[0.820616,0.376289,0.430112],[-0.355293,-0.25357,0.899705]],[[0.551553,-0.718507,-0.423718],[0.833101,0.449157,0.3228],[-0.0416182,-0.531042,0.846323]],[[0.551553,-0.718507,-0.423718],[0.785494,0.618322,-0.0260258],[0.280694,-0.318474,0.90542]],[[0.551553,-0.718507,-0.423718],[0.575477,0.695489,-0.430258],[0.603835,-0.00653044,0.797083]]],"btipPosition":[21.82,141.062,-25.1687],"carpPosition":[39.3229,110.248,49.8672],"dipPosition":[33.2783,140.938,-10.0433],"direction":[-0.280694,0.318474,-0.90542],"extended":false,"handId":144,"id":1440,"length":42.2565,"mcpPosition":[39.3229,110.248,49.8672],"pipPosition":[41.0381,132.134,14.9871],"stabilizedTipPosition":[25.5255,140.599,-21.5636],"timeVisible":7.49268,"tipPosition":[31.0434,144.031,-20.9871],"tipVelocity":[-140.168,121.652,-24.4736],"tool":false,"touchDistance":0.308477,"touchZone":"hovering","type":0,"width":14.6111},{"bases":[[[-0.611744,-0.776647,-0.150298],[0.787371,-0.61612,-0.0210399],[-0.0762607,-0.131211,0.988417]],[[-0.61592,-0.784746,-0.0694055],[0.785167,-0.618677,0.0274312],[-0.064466,-0.0375995,0.997211]],[[-0.61592,-0.784746,-0.0694055],[0.767704,-0.578092,-0.27648],[0.176843,-0.223572,0.95851]],[[-0.61592,-0.784746,-0.0694055],[0.70073,-0.505449,-0.503487],[0.360028,-0.358742,0.861211]]],"btipPosition":[46.6714,112.769,-82.2455],"carpPosition":[48.2468,94.1377,43.2448],"dipPosition":[51.6589,107.799,-70.315],"direction":[-0.176843,0.223572,-0.95851],"extended":true,"handId":144,"id":1441,"length":47.6818,"mcpPosition":[52.879,102.108,-16.7932],"pipPosition":[55.1246,103.417,-51.5305],"stabilizedTipPosition":[48.4134,109.205,-79.4763],"timeVisible":7.49268,"tipPosition":[51.9565,110.141,-80.1937],"tipVelocity":[-74.8494,234.547,1.69163],"tool":false,"touchDistance":0.324983,"touchZone":"hovering","type":1,"width":13.9565},{"bases":[[[-0.741627,-0.670744,-0.00957327],[0.670748,-0.741282,-0.024441],[0.00929717,-0.0245474,0.999655]],[[-0.735689,-0.669146,0.104904],[0.666326,-0.742807,-0.0651764],[0.121536,0.0219505,0.992344]],[[-0.735689,-0.669146,0.104904],[0.59681,-0.713657,-0.366758],[0.32028,-0.207212,0.924383]],[[-0.735689,-0.669146,0.104904],[0.50548,-0.645507,-0.572548],[0.450834,-0.368191,0.813132]]],"btipPosition":[23.6991,96.4687,-88.8449],"carpPosition":[43.2383,85.525,41.223],"dipPosition":[30.5684,90.8587,-76.4554],"direction":[-0.32028,0.207212,-0.924383],"extended":true,"handId":144,"id":1442,"length":54.3296,"mcpPosition":[42.7027,86.939,-16.3601],"pipPosition":[37.9529,86.0811,-55.1423],"stabilizedTipPosition":[24.5654,92.4602,-85.8119],"timeVisible":7.49268,"tipPosition":[28.604,90.3655,-87.2768],"tipVelocity":[18.1685,282.431,-6.91505],"tool":false,"touchDistance":0.327949,"touchZone":"hovering","type":2,"width":13.7072},{"bases":[[[-0.780615,-0.609243,0.139509],[0.616003,-0.787715,0.00681676],[0.10574,0.0912589,0.990197]],[[-0.768299,-0.598864,0.226004],[0.49217,-0.778448,-0.389598],[0.409249,-0.188096,0.892825]],[[-0.768299,-0.598864,0.226004],[0.252403,-0.607918,-0.752814],[0.588225,-0.521342,0.618218]],[[-0.768299,-0.598864,0.226004],[-0.0532456,-0.292063,-0.954916],[0.637872,-0.745695,0.192505]]],"btipPosition":[-6.9246,103.322,-59.926],"carpPosition":[36.2452,78.2206,40.4311],"dipPosition":[2.73864,92.0249,-57.0097],"direction":[-0.588225,0.521342,-0.618218],"extended":true,"handId":144,"id":1443,"length":52.2393,"mcpPosition":[30.7765,73.5009,-10.7797],"pipPosition":[15.9508,80.3149,-43.1238],"stabilizedTipPosition":[-7.94338,102.661,-56.1911],"timeVisible":7.49268,"tipPosition":[-3.24022,95.876,-62.8553],"tipVelocity":[93.3161,-1.99106,-124.914],"tool":false,"touchDistance":0.258864,"touchZone":"hovering","type":3,"width":13.0432},{"bases":[[[-0.854109,-0.456002,0.250119],[0.493995,-0.861707,0.115887],[0.162684,0.222538,0.961255]],[[-0.824006,-0.421457,0.378667],[0.307535,-0.894015,-0.325822],[0.475853,-0.152026,0.866286]],[[-0.824006,-0.421457,0.378667],[0.015181,-0.684519,-0.728837],[0.566378,-0.594817,0.570446]],[[-0.824006,-0.421457,0.378667],[-0.15835,-0.470395,-0.868132],[0.544003,-0.775308,0.32087]]],"btipPosition":[-12.9071,88.6775,-42.6543],"carpPosition":[25.1087,74.7044,41.7323],"dipPosition":[-5.30419,77.8419,-38.1699],"direction":[-0.566378,0.594817,-0.570446],"extended":false,"handId":144,"id":1444,"length":40.9547,"mcpPosition":[17.3203,64.0505,-4.28736],"pipPosition":[3.67771,68.409,-29.1235],"stabilizedTipPosition":[-14.5942,95.5902,-30.4123],"timeVisible":7.49268,"tipPosition":[-11.9224,89.9016,-35.8796],"tipVelocity":[111.878,-68.8702,-133.678],"tool":false,"touchDistance":0.105322,"touchZone":"hovering","type":4,"width":11.586}],"r":[[-0.103618,-0.663241,0.741198],[0.894499,-0.387983,-0.222126],[0.434896,0.639985,0.63347]],"s":1.11035,"t":[125.46,-65.3314,-83.1104],"timestamp":17928585398},{"currentFrameRate":115.231,"devices":[],"gestures":[],"hands":[{"armBasis":[[-0.628279,-0.772623,-0.0912149],[0.746161,-0.565228,-0.351796],[0.220248,-0.289087,0.931622]],"armWidth":48,"confidence":1,"direction":[0.0988406,-0.0888737,-0.991127],"elbow":[81.9862,21.0534,274.249],"grabAngle":0.966494,"grabStrength":0,"id":144,"palmNormal":[-0.793699,0.59373,-0.132391],"palmPosition":[37.1237,90.5291,4.13166],"palmVelocity":[61.4829,154.321,38.1857],"palmWidth":75.1245,"pinchDistance":60.3564,"pinchStrength":0,"r":[[-0.0870303,-0.666665,0.740259],[0.908091,-0.358636,-0.21622],[0.40963,0.653405,0.636605]],"s":1.09832,"sphereCenter":[-12.3438,106.009,-21.7259],"sphereRadius":59.5187,"stabilizedPalmPosition":[34.5561,85.6963,4.6105],"t":[125.907,-64.1935,-83.1757],"timeVisible":7.50141,"type":"right","wrist":[32.8882,85.4971,66.5701]}],"id":97837,"interactionBox":{"center":[0,200,0],"size":[235.247,235.247,147.751]},"pointables":[{"bases":[[[0.487663,-0.870204,-0.0702164],[0.799438,0.412787,0.436469],[-0.350832,-0.268983,0.896975]],[[0.586912,-0.691691,-0.420829],[0.809429,0.489097,0.324976],[-0.0189566,-0.531364,0.846932]],[[0.586912,-0.691691,-0.420829],[0.760263,0.649573,-0.00735813],[0.278449,-0.315623,0.90711]],[[0.586912,-0.691691,-0.420829],[0.560812,0.722191,-0.404882],[0.583973,0.00162425,0.811772]]],"btipPosition":[20.5436,142.304,-25.1786],"carpPosition":[38.5415,111.71,50.2078],"dipPosition":[31.625,142.334,-9.7745],"direction":[-0.278449,0.315623,-0.90711],"extended":false,"handId":144,"id":1440,"length":42.2565,"mcpPosition":[38.5415,111.71,50.2078],"pipPosition":[39.3228,133.609,15.3026],"stabilizedTipPosition":[24.0019,141.671,-21.6087],"timeVisible":7.50141,"tipPosition":[29.0946,144.965,-20.7664],"tipVelocity":[-156.067,146.233,6.2083],"tool":false,"touchDistance":0.312106,"touchZone":"hovering","type":0,"width":14.6111},{"bases":[[[-0.575111,-0.80331,-0.154726],[0.814321,-0.580238,-0.0143056],[-0.0782861,-0.134224,0.987854]],[[-0.579754,-0.811971,-0.0677431],[0.811736,-0.582773,0.038198],[-0.0704945,-0.0328441,0.996971]],[[-0.579754,-0.811971,-0.0677431],[0.790817,-0.540726,-0.286746],[0.196199,-0.219815,0.955608]],[[-0.579754,-0.811971,-0.0677431],[0.709603,-0.4623,-0.531735],[0.400436,-0.356346,0.844197]]],"btipPosition":[46.0497,114.555,-81.4874],"carpPosition":[48.2312,96.0137,43.6678],"dipPosition":[51.597,109.619,-69.7926],"direction":[-0.196199,0.219815,-0.955608],"extended":true,"handId":144,"id":1441,"length":47.6818,"mcpPosition":[52.9864,104.167,-16.336],"pipPosition":[55.4421,105.311,-51.0649],"stabilizedTipPosition":[47.9254,111.096,-79.1719],"timeVisible":7.50141,"tipPosition":[51.9863,112.194,-79.7022],"tipVelocity":[-56.4395,205.422,80.5936],"tool":false,"touchDistance":0.336377,"touchZone":"hovering","type":1,"width":13.9565},{"bases":[[[-0.710739,-0.703293,-0.0151198],[0.703452,-0.7105,-0.0185663],[0.00231497,-0.0238319,0.999713]],[[-0.706241,-0.701693,0.0940803],[0.698852,-0.712221,-0.065937],[0.113273,0.0191807,0.993379]],[[-0.706241,-0.701693,0.0940803],[0.626006,-0.681003,-0.379935],[0.330667,-0.209431,0.920216]],[[-0.706241,-0.701693,0.0940803],[0.524071,-0.607498,-0.596905],[0.475998,-0.372254,0.796777]]],"btipPosition":[24.193,98.3086,-88.1552],"carpPosition":[43.6299,87.1847,41.6112],"dipPosition":[31.4457,92.6366,-76.0149],"direction":[-0.330667,0.209431,-0.920216],"extended":true,"handId":144,"id":1442,"length":54.3296,"mcpPosition":[43.4966,88.5575,-15.9752],"pipPosition":[39.0697,87.8079,-54.7979],"stabilizedTipPosition":[25.1545,94.5261,-85.6078],"timeVisible":7.50141,"tipPosition":[29.5465,91.7371,-86.8874],"tipVelocity":[66.6411,209.021,72.4057],"tool":false,"touchDistance":0.337973,"touchZone":"hovering","type":2,"width":13.7072},{"bases":[[[-0.753645,-0.64356,0.133604],[0.650591,-0.759329,0.012279],[0.0935471,0.0961755,0.990959]],[[-0.743708,-0.633767,0.212694],[0.538125,-0.756324,-0.372015],[0.396636,-0.162214,0.90353]],[[-0.743708,-0.633767,0.212694],[0.289006,-0.591705,-0.752569],[0.602805,-0.498221,0.623218]],[[-0.743708,-0.633767,0.212694],[-0.0138178,-0.303522,-0.952724],[0.668362,-0.711487,0.216974]]],"btipPosition":[-5.89403,102.446,-60.4996],"carpPosition":[36.9776,79.5742,40.7676],"dipPosition":[4.23111,91.6673,-57.2126],"direction":[-0.602805,0.498221,-0.623218],"extended":true,"handId":144,"id":1443,"length":52.2393,"mcpPosition":[32.1396,74.6002,-10.4826],"pipPosition":[17.7708,80.4767,-43.2145],"stabilizedTipPosition":[-7.36746,102.307,-56.6584],"timeVisible":7.50141,"tipPosition":[-2.47967,95.6384,-62.6924],"tipVelocity":[130.159,-86.6289,-55.9196],"tool":false,"touchDistance":0.254525,"touchZone":"hovering","type":3,"width":13.0432},{"bases":[[[-0.83482,-0.493734,0.243521],[0.531143,-0.838683,0.12041],[0.144786,0.229865,0.962392]],[[-0.808981,-0.45974,0.366319],[0.361201,-0.880411,-0.307261],[0.463771,-0.116254,0.878295]],[[-0.808981,-0.45974,0.366319],[0.0588227,-0.68335,-0.727718],[0.584885,-0.567162,0.57986]],[[-0.808981,-0.45974,0.366319],[-0.120511,-0.480222,-0.868829],[0.57535,-0.747011,0.333087]]],"btipPosition":[-11.5444,87.3257,-43.124],"carpPosition":[25.9997,75.5631,41.9814],"dipPosition":[-3.50345,76.8856,-38.4689],"direction":[-0.584885,0.567162,-0.57986],"extended":false,"handId":144,"id":1444,"length":40.9547,"mcpPosition":[19.0681,64.5583,-4.09279],"pipPosition":[5.77194,67.8913,-29.2732],"stabilizedTipPosition":[-14.0397,94.3829,-31.73],"timeVisible":7.50141,"tipPosition":[-10.9864,88.8791,-36.2105],"tipVelocity":[167.553,-144.36,-49.2852],"tool":false,"touchDistance":0.125336,"touchZone":"hovering","type":4,"width":11.586}],"r":[[-0.0870303,-0.666665,0.740259],[0.908091,-0.358636,-0.21622],[0.40963,0.653405,0.636605]],"s":1.09832,"t":[125.907,-64.1935,-83.1757],"timestamp":17928594132},{"currentFrameRate":105.855,"devices":[],"gestures":[],"hands":[{"armBasis":[[-0.544524,-0.823295,-0.160249],[0.811796,-0.469276,-0.347516],[0.210907,-0.31932,0.923879]],"armWidth":48,"confidence":1,"direction":[0.0917462,-0.027519,-0.995402],"elbow":[82.6468,16.8594,274.316],"grabAngle":0.956893,"grabStrength":0,"id":144,"palmNormal":[-0.856639,0.507467,-0.0929859],"palmPosition":[38.7687,96.7216,6.19932],"palmVelocity":[63.174,237.819,79.4062],"palmWidth":75.1245,"pinchDistance":61.2488,"pinchStrength":0,"r":[[-0.0567455,-0.678007,0.732861],[0.924938,-0.312042,-0.217068],[0.375857,0.665534,0.644822]],"s":1.08607,"sphereCenter":[-13.6172,106.231,-18.5799],"sphereRadius":60.4912,"stabilizedPalmPosition":[36.7475,91.4317,5.43701],"t":[126.953,-60.5283,-82.1745],"timeVisible":7.52745,"type":"right","wrist":[35.6311,88.0428,68.3636]}],"id":97838,"interactionBox":{"center":[0,200,0],"size":[235.247,235.247,147.751]},"pointables":[{"bases":[[[0.579809,-0.80582,-0.120315],[0.755884,0.476907,0.448552],[-0.304073,-0.351019,0.885621]],[[0.653231,-0.595322,-0.467847],[0.754023,0.567659,0.330474],[0.068839,-0.568643,0.819699]],[[0.653231,-0.595322,-0.467847],[0.684924,0.727998,0.0299693],[0.32275,-0.340016,0.883301]],[[0.653231,-0.595322,-0.467847],[0.476617,0.803423,-0.356858],[0.588324,0.0101271,0.808562]]],"btipPosition":[15.6669,148.236,-20.2552],"carpPosition":[38.5905,115.592,53.2898],"dipPosition":[26.8309,148.428,-4.91202],"direction":[-0.32275,0.340016,-0.883301],"extended":false,"handId":144,"id":1440,"length":42.2565,"mcpPosition":[38.5905,115.592,53.2898],"pipPosition":[35.7533,139.028,19.5069],"stabilizedTipPosition":[18.6798,147.77,-17.1031],"timeVisible":7.52745,"tipPosition":[24.1081,150.99,-15.8047],"tipVelocity":[-186.555,229.237,188.539],"tool":false,"touchDistance":0.38787,"touchZone":"hovering","type":0,"width":14.6111},{"bases":[[[-0.485081,-0.853626,-0.189788],[0.873223,-0.484427,-0.0530326],[-0.0466685,-0.191452,0.980392]],[[-0.487316,-0.868502,-0.0907004],[0.871251,-0.490566,0.0163435],[-0.0586888,-0.0710583,0.995744]],[[-0.487316,-0.868502,-0.0907004],[0.83926,-0.437141,-0.323343],[0.241175,-0.233691,0.941925]],[[-0.487316,-0.868502,-0.0907004],[0.742632,-0.357554,-0.566263],[0.45937,-0.343306,0.819219]]],"btipPosition":[43.6387,124.862,-78.2012],"carpPosition":[49.8498,101.421,45.8438],"dipPosition":[50.0024,120.106,-66.8524],"direction":[-0.241175,0.233691,-0.941925],"extended":true,"handId":144,"id":1441,"length":47.6818,"mcpPosition":[52.6845,113.051,-13.7068],"pipPosition":[54.7289,115.526,-48.3929],"stabilizedTipPosition":[45.1815,123.412,-75.6915],"timeVisible":7.52745,"tipPosition":[49.4698,124.063,-76.4993],"tipVelocity":[-85.3814,397.401,123.146],"tool":false,"touchDistance":0.384171,"touchZone":"hovering","type":1,"width":13.9565},{"bases":[[[-0.628635,-0.776469,-0.0437484],[0.777406,-0.625854,-0.0628178],[0.021396,-0.0734998,0.997066]],[[-0.623312,-0.779925,0.0565597],[0.773887,-0.625625,-0.0984446],[0.112165,-0.0175909,0.993534]],[[-0.623312,-0.779925,0.0565597],[0.687091,-0.58078,-0.436579],[0.373348,-0.233263,0.897886]],[[-0.623312,-0.779925,0.0565597],[0.543961,-0.484418,-0.685161],[0.561773,-0.396303,0.726192]]],"btipPosition":[23.4376,108.587,-84.6458],"carpPosition":[46.2213,92.2489,43.3838],"dipPosition":[31.9972,102.548,-73.581],"direction":[-0.373348,0.233263,-0.897886],"extended":true,"handId":144,"id":1442,"length":54.3296,"mcpPosition":[44.9889,96.4827,-14.0501],"pipPosition":[40.6053,97.1702,-52.8788],"stabilizedTipPosition":[25.3981,106.787,-82.2147],"timeVisible":7.52745,"tipPosition":[29.3333,102,-84.3894],"tipVelocity":[-17.4658,391.488,125.274],"tool":false,"touchDistance":0.386439,"touchZone":"hovering","type":2,"width":13.7072},{"bases":[[[-0.675438,-0.729418,0.108316],[0.730792,-0.681754,-0.0339666],[0.0986205,0.0562139,0.993536]],[[-0.667978,-0.724496,0.170032],[0.637116,-0.674819,-0.372427],[0.384563,-0.140443,0.912352]],[[-0.667978,-0.724496,0.170032],[0.366378,-0.519036,-0.772249],[0.647745,-0.453549,0.612144]],[[-0.667978,-0.724496,0.170032],[0.0806633,-0.297624,-0.951269],[0.739797,-0.621711,0.257247]]],"btipPosition":[-4.34848,105.783,-59.8613],"carpPosition":[40.4398,83.9964,42.2202],"dipPosition":[6.85885,96.3641,-55.9643],"direction":[-0.647745,0.453549,-0.612144],"extended":true,"handId":144,"id":1443,"length":52.2393,"mcpPosition":[35.3394,81.0891,-9.16332],"pipPosition":[21.4079,86.1769,-42.2149],"stabilizedTipPosition":[-4.94903,102.873,-57.6552],"timeVisible":7.52745,"tipPosition":[-2.16115,101.271,-59.6761],"tipVelocity":[68.9141,140.16,29.9015],"tool":false,"touchDistance":0.27101,"touchZone":"hovering","type":3,"width":13.0432},{"bases":[[[-0.770885,-0.59527,0.226692],[0.622663,-0.779243,0.0712048],[0.134262,0.196044,0.97136]],[[-0.751832,-0.570563,0.330465],[0.483128,-0.817776,-0.312778],[0.448706,-0.0754992,0.890485]],[[-0.751832,-0.570563,0.330465],[0.149353,-0.635534,-0.757489],[0.642217,-0.520148,0.56303]],[[-0.751832,-0.570563,0.330465],[-0.0492941,-0.451154,-0.891084],[0.65751,-0.686235,0.311066]]],"btipPosition":[-8.67078,89.3496,-41.966],"carpPosition":[29.995,78.7311,43.3435],"dipPosition":[0.518446,79.7589,-37.6187],"direction":[-0.642217,0.520148,-0.56303],"extended":false,"handId":144,"id":1444,"length":40.9547,"mcpPosition":[23.5673,69.3456,-3.15998],"pipPosition":[10.703,71.5102,-28.6898],"stabilizedTipPosition"