{"frames":95,"data":[{"currentFrameRate":115.324,"devices":[],"gestures":[],"hands":[{"armBasis":[[0.941304,0.16852,-0.292487],[0.178956,0.485558,0.855692],[0.286221,-0.857808,0.426899]],"armWidth":59.0231,"confidence":1,"direction":[-0.141479,0.989923,0.0059681],"elbow":[168.705,-33.8567,170.99],"grabAngle":0.157104,"grabStrength":0,"id":116,"palmNormal":[-0.274986,-0.0335078,-0.960864],"palmPosition":[81.7216,236.029,63.1288],"palmVelocity":[5.32544,3.59705,8.61386],"palmWidth":80.6694,"pinchDistance":39.3576,"pinchStrength":0,"r":[[0.980976,0.138602,0.135922],[-0.18018,0.910673,0.371765],[-0.0722535,-0.389183,0.918322]],"s":0.880081,"sphereCenter":[12.6776,233.811,-110.438],"sphereRadius":190.731,"stabilizedPalmPosition":[81.515,237.696,62.7139],"t":[-66.3756,53.3416,97.1673],"timeVisible":7.94319,"type":"right","wrist":[100.191,171.481,68.8007]}],"id":145977,"interactionBox":{"center":[0,200,0],"size":[235.247,235.247,147.751]},"pointables":[{"bases":[[[0.60102,0.278499,0.749141],[-0.587153,-0.482073,0.650275],[0.542242,-0.830689,-0.126214]],[[0.595426,0.287007,0.750397],[-0.490591,-0.60977,0.622496],[0.63623,-0.738788,-0.22227]],[[0.595426,0.287007,0.750397],[-0.765902,-0.0792785,0.638051],[0.242615,-0.954642,0.172615]],[[0.595426,0.287007,0.750397],[-0.797273,0.326314,0.507814],[-0.0991185,-0.900637,0.423119]]],"btipPosition":[36.4309,261.968,58.6156],"carpPosition":[69.7356,182.893,62.433],"dipPosition":[34.4247,243.739,67.1797],"direction":[-0.242615,0.954642,-0.172615],"extended":true,"handId":116,"id":1160,"length":45.0726,"mcpPosition":[69.7356,182.893,62.433],"pipPosition":[41.5788,215.589,72.2697],"stabilizedTipPosition":[35.715,259.738,59.4739],"timeVisible":7.94319,"tipPosition":[35.3009,257.674,58.7456],"tipVelocity":[5.45831,1.25117,10.7954],"tool":false,"touchDistance":0.29651,"touchZone":"hovering","type":0,"width":19.1104},{"bases":[[[0.887774,-0.0215861,-0.459774],[0.45577,0.18072,0.871558],[0.064277,-0.983298,0.170277]],[[0.882259,0.0379358,-0.469232],[0.44831,0.236453,0.862037],[0.143654,-0.970902,0.191606]],[[0.882259,0.0379358,-0.469232],[0.438924,0.294053,0.849046],[0.170189,-0.955036,0.24278]],[[0.882259,0.0379358,-0.469232],[0.433899,0.321133,0.841787],[0.18262,-0.946274,0.266863]]],"btipPosition":[83.7417,330.522,44.7484],"carpPosition":[99.8905,200.227,71.7372],"dipPosition":[86.6926,315.231,49.0605],"direction":[-0.170189,0.955036,-0.24278],"extended":true,"handId":116,"id":1163,"length":55.7206,"mcpPosition":[96.3209,254.834,62.2809],"pipPosition":[90.77,292.351,54.8771],"stabilizedTipPosition":[83.4084,328.426,43.6188],"timeVisible":7.94319,"tipPosition":[84.2925,327.219,46.9902],"tipVelocity":[2.86915,5.46578,16.9579],"tool":false,"touchDistance":0.290319,"touchZone":"hovering","type":3,"width":17.0597},{"bases":[[[0.913727,0.30184,-0.272022],[0.227569,0.174471,0.958004],[0.336624,-0.937258,0.0907299]],[[0.973109,-0.00473337,-0.230295],[0.226088,0.210909,0.951],[0.0440699,-0.977494,0.206308]],[[0.973109,-0.00473337,-0.230295],[0.226088,0.210909,0.951],[0.0440699,-0.977494,0.206308]],[[0.973109,-0.00473337,-0.230295],[0.223768,0.256601,0.940257],[0.0546434,-0.966506,0.25076]]],"btipPosition":[54.6381,326.016,55.565],"carpPosition":[79.9604,193.849,77.1663],"dipPosition":[55.4455,311.734,59.2703],"direction":[-0.0440699,0.977494,-0.206308],"extended":true,"handId":116,"id":1161,"length":50.8594,"mcpPosition":[58.0042,254.982,71.2484],"pipPosition":[56.3667,291.301,63.5829],"stabilizedTipPosition":[53.7834,324.221,53.9433],"timeVisible":7.94319,"tipPosition":[53.0866,322.463,56.3099],"tipVelocity":[6.88113,1.40346,7.29085],"tool":false,"touchDistance":0.302851,"touchZone":"hovering","type":1,"width":18.2543},{"bases":[[[0.898533,0.138242,-0.416567],[0.386104,0.20237,0.899983],[0.208716,-0.969503,0.12846]],[[0.908686,0.0845045,-0.408839],[0.379428,0.241321,0.893196],[0.174141,-0.966759,0.187222]],[[0.908686,0.0845045,-0.408839],[0.3509,0.375973,0.857621],[0.226185,-0.92277,0.311988]],[[0.908686,0.0845045,-0.408839],[0.330542,0.452567,0.828206],[0.255014,-0.887717,0.383309]]],"btipPosition":[60.1193,335.251,45.9745],"carpPosition":[89.9956,197.862,75.6271],"dipPosition":[64.2638,320.824,52.2041],"direction":[-0.226185,0.92277,-0.311988],"extended":true,"handId":116,"id":1162,"length":57.9502,"mcpPosition":[77.0856,257.83,67.6813],"pipPosition":[69.8264,298.13,59.8768],"stabilizedTipPosition":[60.1367,332.389,45.7425],"timeVisible":7.94319,"tipPosition":[63.1862,332.803,48.7965],"tipVelocity":[2.25663,2.90223,12.3067],"tool":false,"touchDistance":-0.249829,"touchZone":"touching","type":2,"width":17.9281},{"bases":[[[0.801654,-0.164809,-0.57462],[0.592179,0.0875762,0.801033],[-0.0816941,-0.98243,0.167802]],[[0.798548,0.0693434,-0.597923],[0.588713,0.117048,0.799823],[0.125448,-0.990702,0.0526454]],[[0.798548,0.0693434,-0.597923],[0.576652,0.196719,0.792953],[0.172609,-0.978005,0.117102]],[[0.798548,0.0693434,-0.597923],[0.572822,0.217621,0.790263],[0.18492,-0.973567,0.13406]]],"btipPosition":[103.068,311.258,48.2242],"carpPosition":[108.381,199.401,62.4398],"dipPosition":[105.825,296.745,50.2227],"direction":[-0.172609,0.978005,-0.117102],"extended":true,"handId":116,"id":1164,"length":43.6839,"mcpPosition":[112.581,249.906,53.8134],"pipPosition":[108.745,280.202,52.2035],"stabilizedTipPosition":[102.808,309.458,46.7038],"timeVisible":7.94319,"tipPosition":[104.24,307.947,48.4056],"tipVelocity":[1.64381,5.87861,18.5152],"tool":false,"touchDistance":0.318239,"touchZone":"hovering","type":4,"width":15.1538}],"r":[[0.980976,0.138602,0.135922],[-0.18018,0.910673,0.371765],[-0.0722535,-0.389183,0.918322]],"s":0.880081,"t":[-66.3756,53.3416,97.1673],"timestamp":8061360793},{"currentFrameRate":115.295,"devices":[],"gestures":[],"hands":[{"armBasis":[[0.941275,0.169352,-0.292098],[0.178018,0.486182,0.855533],[0.286899,-0.85729,0.427484]],"armWidth":59.0231,"confidence":1,"direction":[-0.142099,0.989833,0.00617865],"elbow":[168.935,-33.7078,171.182],"grabAngle":0.158075,"grabStrength":0,"id":116,"palmNormal":[-0.274499,-0.0334081,-0.961007],"palmPosition":[81.7482,236.042,63.1829],"palmVelocity":[3.04654,1.43946,6.20459],"palmWidth":80.6694,"pinchDistance":39.3709,"pinchStrength":0,"r":[[0.981017,0.138448,0.135786],[-0.180038,0.910418,0.372458],[-0.0720556,-0.389834,0.918062]],"s":0.879972,"sphereCenter":[12.9417,233.934,-109.988],"sphereRadius":190.284,"stabilizedPalmPosition":[81.5156,237.691,62.7153],"t":[-66.3496,53.3498,97.2279],"timeVisible":7.95191,"type":"right","wrist":[100.259,171.506,68.8528]}],"id":145978,"interactionBox":{"center":[0,200,0],"size":[235.247,235.247,147.751]},"pointables":[{"bases":[[[0.600483,0.278663,0.749511],[-0.587167,-0.482623,0.649854],[0.542821,-0.830315,-0.126185]],[[0.59499,0.287005,0.750743],[-0.490303,-0.610524,0.621983],[0.636859,-0.738165,-0.222536]],[[0.59499,0.287005,0.750743],[-0.766164,-0.0797061,0.637683],[0.242857,-0.954607,0.172469]],[[0.59499,0.287005,0.750743],[-0.797598,0.326031,0.507484],[-0.099115,-0.90074,0.4229]]],"btipPosition":[36.4559,261.947,58.6695],"carpPosition":[69.7957,182.899,62.4663],"dipPosition":[34.4498,243.715,67.2292],"direction":[-0.242857,0.954607,-0.172469],"extended":true,"handId":116,"id":1160,"length":45.0726,"mcpPosition":[69.7957,182.899,62.4663],"pipPosition":[41.611,215.567,72.3148],"stabilizedTipPosition":[35.7153,259.735,59.4753],"timeVisible":7.95191,"tipPosition":[35.317,257.659,58.7857],"tipVelocity":[2.87399,-2.48633,6.06023],"tool":false,"touchDistance":0.297391,"touchZone":"hovering","type":0,"width":19.1104},{"bases":[[[0.88801,-0.0209024,-0.45935],[0.455235,0.180759,0.87183],[0.0648081,-0.983305,0.170031]],[[0.88246,0.0386441,-0.468798],[0.447778,0.236259,0.862367],[0.144083,-0.970921,0.191185]],[[0.88246,0.0386441,-0.468798],[0.438422,0.29355,0.849479],[0.170443,-0.955162,0.242103]],[[0.88246,0.0386441,-0.468798],[0.433417,0.320493,0.842279],[0.182795,-0.946462,0.266073]]],"btipPosition":[83.7314,330.551,44.8601],"carpPosition":[99.9352,200.248,71.7901],"dipPosition":[86.6852,315.257,49.1595],"direction":[-0.170443,0.955162,-0.242103],"extended":true,"handId":116,"id":1163,"length":55.7206,"mcpPosition":[96.3361,254.856,62.3474],"pipPosition":[90.7686,292.373,54.9598],"stabilizedTipPosition":[83.4098,328.424,43.6217],"timeVisible":7.95191,"tipPosition":[84.2703,327.237,47.0688],"tipVelocity":[-1.10273,3.21285,12.4744],"tool":false,"touchDistance":0.292133,"touchZone":"hovering","type":3,"width":17.0597},{"bases":[[[0.91367,0.302487,-0.271494],[0.226995,0.174343,0.958164],[0.337165,-0.937073,0.0906287]],[[0.97325,-0.00477964,-0.2297],[0.225527,0.210681,0.951184],[0.043847,-0.977543,0.206123]],[[0.97325,-0.00477964,-0.2297],[0.225527,0.210681,0.951184],[0.043847,-0.977543,0.206123]],[[0.97325,-0.00477964,-0.2297],[0.222954,0.261007,0.939237],[0.0554641,-0.965325,0.255091]]],"btipPosition":[54.6497,325.997,55.5597],"carpPosition":[80.0065,193.857,77.2077],"dipPosition":[55.4693,311.733,59.329],"direction":[-0.043847,0.977543,-0.206123],"extended":true,"handId":116,"id":1161,"length":50.8594,"mcpPosition":[58.015,254.977,71.2964],"pipPosition":[56.3858,291.299,63.6378],"stabilizedTipPosition":[53.7887,324.214,53.9558],"timeVisible":7.95191,"tipPosition":[53.0707,322.46,56.3748],"tipVelocity":[1.65335,-1.7336,1.08384],"tool":false,"touchDistance":0.303008,"touchZone":"hovering","type":1,"width":18.2543},{"bases":[[[0.898648,0.138921,-0.416092],[0.385542,0.202356,0.900227],[0.209259,-0.969409,0.128287]],[[0.908855,0.0850351,-0.408351],[0.378894,0.241064,0.893492],[0.174417,-0.966777,0.186873]],[[0.908855,0.0850351,-0.408351],[0.350269,0.375977,0.857877],[0.22648,-0.922719,0.311924]],[[0.908855,0.0850351,-0.408351],[0.329706,0.453201,0.828193],[0.255491,-0.887343,0.383857]]],"btipPosition":[60.1035,335.253,46.0397],"carpPosition":[90.04,197.876,75.6745],"dipPosition":[64.2558,320.831,52.2782],"direction":[-0.22648,0.922719,-0.311924],"extended":true,"handId":116,"id":1162,"length":57.9502,"mcpPosition":[77.0963,257.838,67.7393],"pipPosition":[69.8256,298.139,59.9494],"stabilizedTipPosition":[60.1422,332.387,45.7527],"timeVisible":7.95191,"tipPosition":[63.1576,332.807,48.8678],"tipVelocity":[-1.60267,0.364897,7.71313],"tool":false,"touchDistance":-0.248708,"touchZone":"touching","type":2,"width":17.9281},{"bases":[[[0.802035,-0.164146,-0.574278],[0.591736,0.0877195,0.801345],[-0.0811622,-0.982528,0.167485]],[[0.798742,0.0704892,-0.59753],[0.588275,0.116921,0.800163],[0.126267,-0.990637,0.0519229]],[[0.798742,0.0704892,-0.59753],[0.576198,0.19631,0.793384],[0.173226,-0.978005,0.116185]],[[0.798742,0.0704892,-0.59753],[0.572408,0.216936,0.790751],[0.185365,-0.973638,0.132927]]],"btipPosition":[103.048,311.292,48.3517],"carpPosition":[108.431,199.43,62.4965],"dipPosition":[105.812,296.777,50.3333],"direction":[-0.173226,0.978005,-0.116185],"extended":true,"handId":116,"id":1164,"length":43.6839,"mcpPosition":[112.603,249.94,53.8864],"pipPosition":[108.742,280.234,52.2986],"stabilizedTipPosition":[102.81,309.455,46.7069],"timeVisible":7.95191,"tipPosition":[104.227,307.977,48.4917],"tipVelocity":[-2.08178,3.81056,14.1696],"tool":false,"touchDistance":0.320299,"touchZone":"hovering","type":4,"width":15.1538}],"r":[[0.981017,0.138448,0.135786],[-0.180038,0.910418,0.372458],[-0.0720556,-0.389834,0.918062]],"s":0.879972,"t":[-66.3496,53.3498,97.2279],"timestamp":8061369516},{"currentFrameRate":115.352,"devices":[],"gestures":[],"hands":[{"armBasis":[[0.941441,0.170677,-0.29079],[0.176057,0.486691,0.85565],[0.287565,-0.856739,0.428142]],"armWidth":59.0231,"confidence":1,"direction":[-0.142266,0.989812,0.00566316],"elbow":[169.121,-33.5892,171.401],"grabAngle":0.158842,"grabStrength":0,"id":116,"palmNormal":[-0.272473,-0.033661,-0.961574],"palmPosition":[81.7621,236.021,63.1924],"palmVelocity":[1.6202,-2.41142,1.10578],"palmWidth":80.6694,"pinchDistance":39.3934,"pinchStrength":0,"r":[[0.980988,0.138362,0.136083],[-0.180109,0.910224,0.372897],[-0.0722711,-0.390317,0.917839]],"s":0.879909,"sphereCenter":[13.5683,234.051,-109.402],"sphereRadius":189.539,"stabilizedPalmPosition":[81.5165,237.685,62.717],"t":[-66.3297,53.3435,97.2629],"timeVisible":7.96048,"type":"right","wrist":[100.285,171.493,68.9142]}],"id":145979,"interactionBox":{"center":[0,200,0],"size":[235.247,235.247,147.751]},"pointables":[{"bases":[[[0.598863,0.278921,0.750711],[-0.588457,-0.482572,0.648724],[0.543215,-0.830257,-0.124862]],[[0.59355,0.286984,0.75189],[-0.491057,-0.611049,0.620873],[0.637622,-0.73774,-0.221763]],[[0.59355,0.286984,0.75189],[-0.76736,-0.0798215,0.636229],[0.242604,-0.954604,0.172842]],[[0.59355,0.286984,0.75189],[-0.79855,0.326191,0.505883],[-0.100079,-0.900689,0.422781]]],"btipPosition":[36.4729,261.904,58.6226],"carpPosition":[69.8194,182.876,62.4623],"dipPosition":[34.4472,243.674,67.1799],"direction":[-0.242604,0.954604,-0.172842],"extended":true,"handId":116,"id":1160,"length":45.0726,"mcpPosition":[69.8194,182.876,62.4623],"pipPosition":[41.601,215.525,72.2766],"stabilizedTipPosition":[35.7157,259.733,59.4767],"timeVisible":7.96048,"tipPosition":[35.3389,257.63,58.6987],"tipVelocity":[1.45054,-4.94756,-5.52885],"tool":false,"touchDistance":0.296601,"touchZone":"hovering","type":0,"width":19.1104},{"bases":[[[0.888977,-0.0208642,-0.457477],[0.453373,0.18102,0.872745],[0.0646036,-0.983258,0.170382]],[[0.883447,0.0386035,-0.466939],[0.446017,0.235931,0.863368],[0.143494,-0.971003,0.191215]],[[0.883447,0.0386035,-0.466939],[0.436758,0.292898,0.85056],[0.1696,-0.955364,0.241899]],[[0.883447,0.0386035,-0.466939],[0.431786,0.319804,0.843378],[0.181886,-0.946697,0.265862]]],"btipPosition":[83.8017,330.544,44.9033],"carpPosition":[99.9366,200.232,71.8456],"dipPosition":[86.7408,315.246,49.1993],"direction":[-0.1696,0.955364,-0.241899],"extended":true,"handId":116,"id":1163,"length":55.7206,"mcpPosition":[96.3488,254.837,62.3834],"pipPosition":[90.804,292.358,54.9947],"stabilizedTipPosition":[83.4116,328.421,43.6257],"timeVisible":7.96048,"tipPosition":[84.3045,327.213,47.059],"tipVelocity":[7.80768,-0.896733,4.94582],"tool":false,"touchDistance":0.292839,"touchZone":"hovering","type":3,"width":17.0597},{"bases":[[[0.914192,0.30257,-0.269638],[0.224953,0.174588,0.958601],[0.337119,-0.937001,0.0915426]],[[0.973751,-0.00522876,-0.227556],[0.22352,0.210775,0.951637],[0.0429873,-0.977521,0.206411]],[[0.973751,-0.00522876,-0.227556],[0.22352,0.210775,0.951637],[0.0429873,-0.977521,0.206411]],[[0.973751,-0.00522876,-0.227556],[0.220737,0.265619,0.938468],[0.0555362,-0.964064,0.259801]]],"btipPosition":[54.6925,325.954,55.4288],"carpPosition":[79.9975,193.839,77.2227],"dipPosition":[55.5131,311.709,59.2677],"direction":[-0.0429873,0.977521,-0.206411],"extended":true,"handId":116,"id":1161,"length":50.8594,"mcpPosition":[58.0089,254.955,71.2518],"pipPosition":[56.4117,291.275,63.5825],"stabilizedTipPosition":[53.793,324.208,53.9649],"timeVisible":7.96048,"tipPosition":[53.0924,322.435,56.3051],"tipVelocity":[5.0195,-4.46408,-13.4054],"tool":false,"touchDistance":0.301093,"touchZone":"hovering","type":1,"width":18.2543},{"bases":[[[0.899499,0.13897,-0.414232],[0.383617,0.202613,0.900992],[0.20914,-0.969348,0.128939]],[[0.909721,0.0849524,-0.406437],[0.37706,0.240884,0.894316],[0.173879,-0.966829,0.187105]],[[0.909721,0.0849524,-0.406437],[0.348479,0.376019,0.858588],[0.225767,-0.92271,0.312468]],[[0.909721,0.0849524,-0.406437],[0.327812,0.453836,0.828596],[0.254847,-0.887027,0.385015]]],"btipPosition":[60.1549,335.229,45.9927],"carpPosition":[90.0335,197.859,75.7097],"dipPosition":[64.2967,320.813,52.25],"direction":[-0.225767,0.92271,-0.312468],"extended":true,"handId":116,"id":1162,"length":57.9502,"mcpPosition":[77.0973,257.818,67.7342],"pipPosition":[69.849,298.121,59.9346],"stabilizedTipPosition":[60.1488,332.384,45.7642],"timeVisible":7.96048,"tipPosition":[63.1835,332.779,48.8151],"tipVelocity":[5.71173,-2.61639,-4.9759],"tool":false,"touchDistance":-0.249419,"touchZone":"touching","type":2,"width":17.9281},{"bases":[[[0.803267,-0.164146,-0.572555],[0.590037,0.0879871,0.802568],[-0.0813613,-0.982504,0.167529]],[[0.799956,0.0707504,-0.595873],[0.586647,0.116565,0.80141],[0.126158,-0.99066,0.051741]],[[0.799956,0.0707504,-0.595873],[0.574633,0.195676,0.794675],[0.172821,-0.978113,0.115877]],[[0.799956,0.0707504,-0.595873],[0.570853,0.216298,0.792049],[0.184924,-0.97376,0.132641]]],"btipPosition":[103.096,311.278,48.4381],"carpPosition":[108.452,199.414,62.5701],"dipPosition":[105.853,296.762,50.4154],"direction":[-0.172821,0.978113,-0.115877],"extended":true,"handId":116,"id":1164,"length":43.6839,"mcpPosition":[112.634,249.922,53.9577],"pipPosition":[108.776,280.217,52.3755],"stabilizedTipPosition":[102.811,309.453,46.7097],"timeVisible":7.96048,"tipPosition":[104.259,307.957,48.5339],"tipVelocity":[5.41912,-1.62493,9.96218],"tool":false,"touchDistance":0.321723,"touchZone":"hovering","type":4,"width":15.1538}],"r":[[0.980988,0.138362,0.136083],[-0.180109,0.910224,0.372897],[-0.0722711,-0.390317,0.917839]],"s":0.879909,"t":[-66.3297,53.3435,97.2629],"timestamp":8061378088},{"currentFrameRate":115.3,"devices":[],"gestures":[],"hands":[{"armBasis":[[0.941446,0.171297,-0.290409],[0.175171,0.487458,0.855395],[0.288089,-0.856179,0.428909]],"armWidth":59.0231,"confidence":1,"direction":[-0.142192,0.989817,0.00656135],"elbow":[169.258,-33.4999,171.592],"grabAngle":0.160097,"grabStrength":0,"id":116,"palmNormal":[-0.27197,-0.0326945,-0.96175],"palmPosition":[81.7725,235.978,63.2385],"palmVelocity":[1.18966,-4.9382,5.26878],"palmWidth":80.6694,"pinchDistance":39.4122,"pinchStrength":0,"r":[[0.980953,0.138251,0.136451],[-0.180192,0.909999,0.373408],[-0.0725461,-0.390883,0.917577]],"s":0.879878,"sphereCenter":[13.7068,234.22,-109.232],"sphereRadius":189.378,"stabilizedPalmPosition":[81.5174,237.679,62.7188],"t":[-66.3145,53.3188,97.3035],"timeVisible":7.96924,"type":"right","wrist":[100.297,171.448,68.922]}],"id":145980,"interactionBox":{"center":[0,200,0],"size":[235.247,235.247,147.751]},"pointables":[{"bases":[[[0.598489,0.278136,0.7513],[-0.588835,-0.483164,0.64794],[0.543216,-0.830177,-0.125392]],[[0.593212,0.286145,0.752476],[-0.49122,-0.611874,0.61993],[0.637811,-0.737381,-0.22241]],[[0.593212,0.286145,0.752476],[-0.767597,-0.0807239,0.635829],[0.242682,-0.95478,0.171758]],[[0.593212,0.286145,0.752476],[-0.798807,0.325364,0.50601],[-0.100036,-0.901254,0.421585]]],"btipPosition":[36.468,261.863,58.6951],"carpPosition":[69.826,182.834,62.4499],"dipPosition":[34.4432,243.622,67.2282],"direction":[-0.242682,0.95478,-0.171758],"extended":true,"handId":116,"id":1160,"length":45.0726,"mcpPosition":[69.826,182.834,62.4499],"pipPosition":[41.5993,215.468,72.2929],"stabilizedTipPosition":[35.716,259.73,59.4781],"timeVisible":7.96924,"tipPosition":[35.3547,257.595,58.7455],"tipVelocity":[-0.530709,-4.95952,7.63435],"tool":false,"touchDistance":0.297716,"touchZone":"hovering","type":0,"width":19.1104},{"bases":[[[0.889216,-0.0204839,-0.45703],[0.452928,0.180127,0.873161],[0.0644376,-0.98343,0.169449]],[[0.883695,0.0389947,-0.466436],[0.445604,0.234894,0.863865],[0.143249,-0.971238,0.190199]],[[0.883695,0.0389947,-0.466436],[0.436349,0.291941,0.8511],[0.16936,-0.955641,0.240971]],[[0.883695,0.0389947,-0.466436],[0.431404,0.318747,0.843973],[0.181586,-0.947037,0.264853]]],"btipPosition":[83.8341,330.521,45.0535],"carpPosition":[99.9397,200.179,71.8661],"dipPosition":[86.7683,315.218,49.3331],"direction":[-0.16936,0.955641,-0.240971],"extended":true,"handId":116,"id":1163,"length":55.7206,"mcpPosition":[96.3611,254.794,62.4558],"pipPosition":[90.8258,292.323,55.1063],"stabilizedTipPosition":[83.4131,328.42,43.6288],"timeVisible":7.96924,"tipPosition":[84.3306,327.185,47.1954],"tipVelocity":[3.56972,-2.6974,16.7085],"tool":false,"touchDistance":0.295279,"touchZone":"hovering","type":3,"width":17.0597},{"bases":[[[0.914357,0.302763,-0.26886],[0.224462,0.173628,0.95889],[0.336998,-0.937117,0.0907987]],[[0.973875,-0.00522756,-0.227024],[0.223051,0.209593,0.952008],[0.0426058,-0.977775,0.205283]],[[0.973875,-0.00522756,-0.227024],[0.223051,0.209593,0.952008],[0.0426058,-0.977775,0.205283]],[[0.973875,-0.00522756,-0.227024],[0.220019,0.269161,0.937627],[0.0562045,-0.963081,0.26328]]],"btipPosition":[54.7124,325.905,55.4952],"carpPosition":[79.9973,193.782,77.2264],"dipPosition":[55.5429,311.674,59.3855],"direction":[-0.0426058,0.977775,-0.205283],"extended":true,"handId":116,"id":1161,"length":50.8594,"mcpPosition":[58.0166,254.905,71.3041],"pipPosition":[56.4335,291.235,63.6766],"stabilizedTipPosition":[53.7967,324.203,53.9731],"timeVisible":7.96924,"tipPosition":[53.118,322.401,56.421],"tipVelocity":[2.53383,-5.22367,8.92388],"tool":false,"touchDistance":0.302396,"touchZone":"hovering","type":1,"width":18.2543},{"bases":[[[0.899728,0.139307,-0.413622],[0.383158,0.201698,0.901392],[0.208997,-0.96949,0.128096]],[[0.909928,0.0853589,-0.405887],[0.376624,0.239872,0.894771],[0.173738,-0.967045,0.186118]],[[0.909928,0.0853589,-0.405887],[0.348011,0.375274,0.859103],[0.225651,-0.922975,0.311767]],[[0.909928,0.0853589,-0.405887],[0.327237,0.453534,0.828989],[0.254845,-0.887142,0.384751]]],"btipPosition":[60.1734,335.199,46.1205],"carpPosition":[90.0344,197.803,75.7227],"dipPosition":[64.3151,320.781,52.3736],"direction":[-0.225651,0.922975,-0.311767],"extended":true,"handId":116,"id":1162,"length":57.9502,"mcpPosition":[77.107,257.77,67.7994],"pipPosition":[69.8646,298.082,60.0409],"stabilizedTipPosition":[60.1538,332.381,45.7733],"timeVisible":7.96924,"tipPosition":[63.2078,332.751,48.9457],"tipVelocity":[2.10883,-3.47101,14.4748],"tool":false,"touchDistance":-0.247305,"touchZone":"touching","type":2,"width":17.9281},{"bases":[[[0.803555,-0.163646,-0.572293],[0.589621,0.087152,0.802964],[-0.0815256,-0.982662,0.166521]],[[0.800266,0.0713584,-0.595385],[0.586259,0.115517,0.801845],[0.125996,-0.990739,0.0506101]],[[0.800266,0.0713584,-0.595385],[0.574233,0.194789,0.795182],[0.172717,-0.978246,0.114907]],[[0.800266,0.0713584,-0.595385],[0.57045,0.215441,0.792573],[0.184827,-0.973906,0.131704]]],"btipPosition":[103.121,311.248,48.5791],"carpPosition":[108.46,199.369,62.5943],"dipPosition":[105.876,296.73,50.5424],"direction":[-0.172717,0.978246,-0.114907],"extended":true,"handId":116,"id":1164,"length":43.6839,"mcpPosition":[112.651,249.886,54.0338],"pipPosition":[108.798,280.183,52.4861],"stabilizedTipPosition":[102.812,309.452,46.7119],"timeVisible":7.96924,"tipPosition":[104.283,307.926,48.6628],"tipVelocity":[2.76081,-3.45502,15.7299],"tool":false,"touchDistance":0.32402,"touchZone":"hovering","type":4,"width":15.1538}],"r":[[0.980953,0.138251,0.136451],[-0.180192,0.909999,0.373408],[-0.0725461,-0.390883,0.917577]],"s":0.879878,"t":[-66.3145,53.3188,97.3035],"timestamp":8061386850},{"currentFrameRate":115.226,"devices":[],"gestures":[],"hands":[{"armBasis":[[0.941403,0.171638,-0.290345],[0.174727,0.488143,0.855095],[0.288496,-0.85572,0.42955]],"armWidth":59.0231,"confidence":1,"direction":[-0.142028,0.989833,0.00769221],"elbow":[169.362,-33.4181,171.729],"grabAngle":0.16133,"grabStrength":0,"id":116,"palmNormal":[-0.271942,-0.0315458,-0.961796],"palmPosition":[81.7834,235.954,63.2779],"palmVelocity":[1.24329,-2.71641,4.47503],"palmWidth":80.6694,"pinchDistance":39.4248,"pinchStrength":0,"r":[[0.980928,0.138097,0.136783],[-0.18023,0.909738,0.374024],[-0.0727853,-0.391543,0.917277]],"s":0.879799,"sphereCenter":[13.6967,234.421,-109.061],"sphereRadius":189.264,"stabilizedPalmPosition":[81.5182,237.674,62.7205],"t":[-66.3015,53.2944,97.3435],"timeVisible":7.97805,"type":"right","wrist":[100.303,171.42,68.905]}],"id":145981,"interactionBox":{"center":[0,200,0],"size":[235.247,235.247,147.751]},"pointables":[{"bases":[[[0.59851,0.277174,0.751639],[-0.588938,-0.483809,0.647365],[0.543082,-0.830123,-0.126326]],[[0.593365,0.284985,0.752796],[-0.491113,-0.612807,0.619092],[0.63775,-0.737056,-0.223659]],[[0.593365,0.284985,0.752796],[-0.767524,-0.0814808,0.63582],[0.242537,-0.955063,0.170385]],[[0.593365,0.284985,0.752796],[-0.798684,0.324763,0.50659],[-0.10011,-0.901839,0.420315]]],"btipPosition":[36.4786,261.848,58.7946],"carpPosition":[69.8282,182.813,62.428],"dipPosition":[34.4523,243.594,67.3019],"direction":[-0.242537,0.955063,-0.170385],"extended":true,"handId":116,"id":1160,"length":45.0726,"mcpPosition":[69.8282,182.813,62.428],"pipPosition":[41.6041,215.432,72.3261],"stabilizedTipPosition":[35.7163,259.729,59.4792],"timeVisible":7.97805,"tipPosition":[35.3707,257.584,58.8122],"tipVelocity":[1.16013,-2.03954,10.6262],"tool":false,"touchDistance":0.299275,"touchZone":"hovering","type":0,"width":19.1104},{"bases":[[[0.889228,-0.0201073,-0.457022],[0.452928,0.17905,0.873383],[0.0642683,-0.983635,0.168323]],[[0.883713,0.0394239,-0.466367],[0.445616,0.233799,0.864156],[0.143104,-0.971485,0.189043]],[[0.883713,0.0394239,-0.466367],[0.436344,0.291003,0.851423],[0.16928,-0.95591,0.23996]],[[0.883713,0.0394239,-0.466367],[0.431439,0.317625,0.844378],[0.181419,-0.947396,0.263681]]],"btipPosition":[83.8584,330.518,45.2028],"carpPosition":[99.9444,200.142,71.8651],"dipPosition":[86.7899,315.209,49.4635],"direction":[-0.16928,0.95591,-0.23996],"extended":true,"handId":116,"id":1163,"length":55.7206,"mcpPosition":[96.3752,254.768,62.5173],"pipPosition":[90.8455,292.307,55.2125],"stabilizedTipPosition":[83.4141,328.418,43.6311],"timeVisible":7.97805,"tipPosition":[84.3573,327.179,47.3393],"tipVelocity":[2.69017,-0.569617,16.4634],"tool":false,"touchDistance":0.297695,"touchZone":"hovering","type":3,"width":17.0597},{"bases":[[[0.914417,0.30292,-0.268481],[0.224458,0.17249,0.959096],[0.336839,-0.937276,0.0897349]],[[0.973896,-0.00554476,-0.226925],[0.223072,0.208375,0.95227],[0.0420055,-0.978033,0.204173]],[[0.973896,-0.00554476,-0.226925],[0.223072,0.208375,0.95227],[0.0420055,-0.978033,0.204173]],[[0.973896,-0.00554476,-0.226925],[0.21983,0.272183,0.936798],[0.0565708,-0.96223,0.266297]]],"btipPosition":[54.7557,325.878,55.5753],"carpPosition":[80.0007,193.742,77.2174],"dipPosition":[55.5916,311.66,59.5102],"direction":[-0.0420055,0.978033,-0.204173],"extended":true,"handId":116,"id":1161,"length":50.8594,"mcpPosition":[58.0304,254.876,71.3644],"pipPosition":[56.4697,291.216,63.7782],"stabilizedTipPosition":[53.7999,324.198,53.9799],"timeVisible":7.97805,"tipPosition":[53.1498,322.39,56.5583],"tipVelocity":[5.05502,-2.71671,10.2707],"tool":false,"touchDistance":0.303903,"touchZone":"hovering","type":1,"width":18.2543},{"bases":[[[0.899765,0.139632,-0.413432],[0.383161,0.200599,0.901636],[0.208831,-0.969672,0.126991]],[[0.909953,0.0856963,-0.405761],[0.376628,0.238804,0.895055],[0.1736,-0.967279,0.185025]],[[0.909953,0.0856963,-0.405761],[0.34796,0.37456,0.859435],[0.225632,-0.923234,0.311013]],[[0.909953,0.0856963,-0.405761],[0.3271,0.453148,0.829254],[0.254934,-0.887306,0.384312]]],"btipPosition":[60.1925,335.19,46.256],"carpPosition":[90.0386,197.763,75.7186],"dipPosition":[64.3357,320.769,52.5019],"direction":[-0.225632,0.923234,-0.311013],"extended":true,"handId":116,"id":1162,"length":57.9502,"mcpPosition":[77.1214,257.742,67.8636],"pipPosition":[69.8847,298.064,60.1507],"stabilizedTipPosition":[60.1573,332.379,45.7802],"timeVisible":7.97805,"tipPosition":[63.2327,332.745,49.0938],"tipVelocity":[2.2143,-1.15599,15.2067],"tool":false,"touchDistance":-0.245074,"touchZone":"touching","type":2,"width":17.9281},{"bases":[[[0.803547,-0.163123,-0.572453],[0.589608,0.0861326,0.803084],[-0.0816947,-0.982839,0.16539]],[[0.800267,0.0721936,-0.595283],[0.586259,0.114381,0.802008],[0.125989,-0.99081,0.049211]],[[0.800267,0.0721936,-0.595283],[0.574199,0.193858,0.795433],[0.172826,-0.97837,0.113685]],[[0.800267,0.0721936,-0.595283],[0.570425,0.214457,0.792858],[0.184901,-0.974062,0.130441]]],"btipPosition":[103.132,311.236,48.7178],"carpPosition":[108.465,199.341,62.5926],"dipPosition":[105.888,296.716,50.6623],"direction":[-0.172826,0.97837,-0.113685],"extended":true,"handId":116,"id":1164,"length":43.6839,"mcpPosition":[112.664,249.867,54.0902],"pipPosition":[108.812,280.166,52.5853],"stabilizedTipPosition":[102.812,309.451,46.7135],"timeVisible":7.97805,"tipPosition":[104.305,307.915,48.786],"tipVelocity":[1.26018,-1.41268,15.2607],"tool":false,"touchDistance":0.326259,"touchZone":"hovering","type":4,"width":15.1538}],"r":[[0.980928,0.138097,0.136783],[-0.18023,0.909738,0.374024],[-0.0727853,-0.391543,0.917277]],"s":0.879799,"t":[-66.3015,53.2944,97.3435],"timestamp":8061395654},{"currentFrameRate":115.327,"devices":[],"gestures":[],"hands":[{"armBasis":[[0.941576,0.172346,-0.289365],[0.173416,0.488432,0.855197],[0.288724,-0.855413,0.430008]],"armWidth":59.0231,"confidence":1,"direction":[-0.142051,0.989824,0.00834577],"elbow":[169.439,-33.3703,171.858],"grabAngle":0.161908,"grabStrength":0,"id":116,"palmNormal":[-0.270802,-0.0307508,-0.962144],"palmPosition":[81.8039,235.929,63.3205],"palmVelocity":[2.40228,-2.96093,5.0105],"palmWidth":80.6694,"pinchDistance":39.4389,"pinchStrength":0,"r":[[0.980875,0.137954,0.137305],[-0.180352,0.909466,0.374625],[-0.0731928,-0.392224,0.916953]],"s":0.87966,"sphereCenter":[14.1455,234.693,-108.464],"sphereRadius":188.603,"stabilizedPalmPosition":[81.5189,237.67,62.722],"t":[-66.2847,53.2697,97.3847],"timeVisible":7.98655,"type":"right","wrist":[100.326,171.394,68.9247]}],"id":145982,"interactionBox":{"center":[0,200,0],"size":[235.247,235.247,147.751]},"pointables":[{"bases":[[[0.597615,0.276558,0.752577],[-0.589697,-0.484354,0.646265],[0.543243,-0.83001,-0.126372]],[[0.592651,0.284094,0.753695],[-0.491559,-0.613701,0.617852],[0.638071,-0.736656,-0.224062]],[[0.592651,0.284094,0.753695],[-0.768224,-0.0818498,0.634927],[0.242069,-0.955297,0.169739]],[[0.592651,0.284094,0.753695],[-0.799096,0.324771,0.505934],[-0.101045,-0.902117,0.419494]]],"btipPosition":[36.5193,261.818,58.8324],"carpPosition":[69.8504,182.789,62.4123],"dipPosition":[34.4741,243.559,67.3231],"direction":[-0.242069,0.955297,-0.169739],"extended":true,"handId":116,"id":1160,"length":45.0726,"mcpPosition":[69.8504,182.789,62.4123],"pipPosition":[41.6121,215.39,72.3283],"stabilizedTipPosition":[35.7166,259.726,59.4806],"timeVisible":7.98655,"tipPosition":[35.3975,257.562,58.8219],"tipVelocity":[4.28409,-3.6543,3.99742],"tool":false,"touchDistance":0.299842,"touchZone":"hovering","type":0,"width":19.1104},{"bases":[[[0.889769,-0.0197161,-0.455986],[0.45189,0.178331,0.874067],[0.0640829,-0.983773,0.167582]],[[0.884256,0.0398851,-0.465296],[0.444635,0.232753,0.864943],[0.142797,-0.971718,0.188079]],[[0.884256,0.0398851,-0.465296],[0.435414,0.289799,0.852309],[0.168837,-0.956256,0.23889]],[[0.884256,0.0398851,-0.465296],[0.430556,0.316252,0.845344],[0.180867,-0.947837,0.262475]]],"btipPosition":[83.9109,330.518,45.3606],"carpPosition":[99.9551,200.11,71.8994],"dipPosition":[86.8335,315.202,49.6019],"direction":[-0.168837,0.956256,-0.23889],"extended":true,"handId":116,"id":1163,"length":55.7206,"mcpPosition":[96.3962,254.744,62.5927],"pipPosition":[90.8784,292.292,55.3252],"stabilizedTipPosition":[83.4149,328.417,43.633],"timeVisible":7.98655,"tipPosition":[84.3957,327.166,47.458],"tipVelocity":[5.92871,-0.188236,18.0441],"tool":false,"touchDistance":0.300251,"touchZone":"hovering","type":3,"width":17.0597},{"bases":[[[0.91473,0.303155,-0.267146],[0.22332,0.171697,0.959504],[0.336746,-0.937346,0.0893556]],[[0.97419,-0.00610207,-0.225646],[0.221978,0.207371,0.952745],[0.0409788,-0.978243,0.203373]],[[0.97419,-0.00610207,-0.225646],[0.221978,0.207371,0.952745],[0.0409788,-0.978243,0.203373]],[[0.97419,-0.00610207,-0.225646],[0.218591,0.274898,0.936295],[0.0563165,-0.961454,0.269137]]],"btipPosition":[54.8296,325.847,55.6099],"carpPosition":[80.0053,193.705,77.2228],"dipPosition":[55.6618,311.64,59.5868],"direction":[-0.0409788,0.978243,-0.203373],"extended":true,"handId":116,"id":1161,"length":50.8594,"mcpPosition":[58.041,254.844,71.3946],"pipPosition":[56.5184,291.191,63.8381],"stabilizedTipPosition":[53.8037,324.193,53.9879],"timeVisible":7.98655,"tipPosition":[53.1844,322.371,56.6383],"tipVelocity":[8.59937,-3.39136,5.20816],"tool":false,"touchDistance":0.304641,"touchZone":"hovering","type":1,"width":18.2543},{"bases":[[[0.900252,0.139987,-0.41225],[0.38209,0.199856,0.902255],[0.208694,-0.969774,0.126433]],[[0.910451,0.0859271,-0.404594],[0.375613,0.237821,0.895743],[0.173189,-0.967501,0.184249]],[[0.910451,0.0859271,-0.404594],[0.346972,0.373787,0.86017],[0.225144,-0.923526,0.310501]],[[0.910451,0.0859271,-0.404594],[0.32608,0.45268,0.829911],[0.254464,-0.887523,0.384124]]],"btipPosition":[60.244,335.18,46.3592],"carpPosition":[90.0448,197.728,75.7392],"dipPosition":[64.3796,320.756,52.602],"direction":[-0.225144,0.923526,-0.310501],"extended":true,"handId":116,"id":1162,"length":57.9502,"mcpPosition":[77.1361,257.713,67.9188],"pipPosition":[69.9165,298.044,60.2382],"stabilizedTipPosition":[60.1603,332.378,45.7861],"timeVisible":7.98655,"tipPosition":[63.2667,332.731,49.1936],"tipVelocity":[5.84672,-1.16754,12.0523],"tool":false,"touchDistance":-0.243366,"touchZone":"touching","type":2,"width":17.9281},{"bases":[[[0.804227,-0.162637,-0.571636],[0.588655,0.0854736,0.803853],[-0.0818765,-0.982977,0.164477]],[[0.800913,0.0732126,-0.594288],[0.585355,0.113257,0.802828],[0.126085,-0.990865,0.047854]],[[0.800913,0.0732126,-0.594288],[0.573322,0.192563,0.796381],[0.172743,-0.97855,0.112252]],[[0.800913,0.0732126,-0.594288],[0.569584,0.212983,0.793859],[0.184693,-0.974309,0.12888]]],"btipPosition":[103.164,311.228,48.8975],"carpPosition":[108.486,199.317,62.6364],"dipPosition":[105.918,296.703,50.8188],"direction":[-0.172743,0.97855,-0.112252],"extended":true,"handId":116,"id":1164,"length":43.6839,"mcpPosition":[112.695,249.85,54.1809],"pipPosition":[108.84,280.151,52.7176],"stabilizedTipPosition":[102.813,309.45,46.7147],"timeVisible":7.98655,"tipPosition":[104.34,307.902,48.9163],"tipVelocity":[3.75794,-1.12838,20.5161],"tool":false,"touchDistance":0.329166,"touchZone":"hovering","type":4,"width":15.1538}],"r":[[0.980875,0.137954,0.137305],[-0.180352,0.909466,0.374625],[-0.0731928,-0.392224,0.916953]],"s":0.87966,"t":[-66.2847,53.2697,97.3847],"timestamp":8061404154},{"currentFrameRate":115.053,"devices":[],"gestures":[],"hands":[{"armBasis":[[0.941754,0.172804,-0.28851],[0.172341,0.488697,0.855262],[0.288787,-0.855169,0.430451]],"armWidth":59.0231,"confidence":1,"direction":[-0.142976,0.989695,0.00791539],"elbow":[169.514,-33.3174,172.037],"grabAngle":0.161682,"grabStrength":0,"id":116,"palmNormal":[-0.270018,-0.0313114,-0.962346],"palmPosition":[81.8123,235.905,63.3587],"palmVelocity":[0.920685,-2.55003,4.17038],"palmWidth":80.6694,"pinchDistance":39.4581,"pinchStrength":0,"r":[[0.980786,0.138031,0.137867],[-0.180677,0.909239,0.375019],[-0.0735898,-0.392723,0.916708]],"s":0.879451,"sphereCenter":[14.9006,234.917,-107.125],"sphereRadius":187.15,"stabilizedPalmPosition":[81.5196,237.665,62.7235],"t":[-66.2721,53.2456,97.4245],"timeVisible":7.9957,"type":"right","wrist":[100.386,171.389,68.9975]}],"id":145983,"interactionBox":{"center":[0,200,0],"size":[235.247,235.247,147.751]},"pointables":[{"bases":[[[0.596768,0.277354,0.752956],[-0.589755,-0.484693,0.645958],[0.544112,-0.829547,-0.125678]],[[0.592038,0.284521,0.754016],[-0.491154,-0.614397,0.617481],[0.638952,-0.73591,-0.224003]],[[0.592038,0.284521,0.754016],[-0.768655,-0.0818271,0.634409],[0.242201,-0.955171,0.170253]],[[0.592038,0.284521,0.754016],[-0.799493,0.325185,0.50504],[-0.1015,-0.901833,0.419994]]],"btipPosition":[36.5441,261.741,58.8504],"carpPosition":[69.9088,182.754,62.4582],"dipPosition":[34.4897,243.488,67.3513],"direction":[-0.242201,0.955171,-0.170253],"extended":true,"handId":116,"id":1160,"length":45.0726,"mcpPosition":[69.9088,182.754,62.4582],"pipPosition":[41.6316,215.322,72.3716],"stabilizedTipPosition":[35.7173,259.722,59.4831],"timeVisible":7.9957,"tipPosition":[35.3914,257.495,58.8223],"tipVelocity":[2.47191,-8.28089,2.2234],"tool":false,"touchDistance":0.300181,"touchZone":"hovering","type":0,"width":19.1104},{"bases":[[[0.890144,-0.0190372,-0.455281],[0.451039,0.179031,0.874364],[0.0648638,-0.983659,0.16795]],[[0.884578,0.0406066,-0.464622],[0.443846,0.232703,0.865361],[0.143258,-0.9717,0.18782]],[[0.884578,0.0406066,-0.464622],[0.434748,0.288909,0.852951],[0.168869,-0.956495,0.237908]],[[0.884578,0.0406066,-0.464622],[0.429941,0.315096,0.846088],[0.180757,-0.948191,0.261269]]],"btipPosition":[83.8856,330.518,45.4572],"carpPosition":[99.99,200.106,71.9634],"dipPosition":[86.8064,315.197,49.679],"direction":[-0.168869,0.956495,-0.237908],"extended":true,"handId":116,"id":1163,"length":55.7206,"mcpPosition":[96.3878,254.734,62.6363],"pipPosition":[90.8522,292.281,55.3788],"stabilizedTipPosition":[83.4155,328.416,43.6345],"timeVisible":7.9957,"tipPosition":[84.3334,327.139,47.4625],"tipVelocity":[-2.80217,-0.0664018,10.058],"tool":false,"touchDistance":0.301786,"touchZone":"hovering","type":3,"width":17.0597},{"bases":[[[0.914657,0.303917,-0.266526],[0.222407,0.172212,0.959624],[0.337545,-0.937004,0.0899218]],[[0.974415,-0.00652926,-0.224664],[0.221104,0.207366,0.952949],[0.0403655,-0.978242,0.203504]],[[0.974415,-0.00652926,-0.224664],[0.221104,0.207366,0.952949],[0.0403655,-0.978242,0.203504]],[[0.974415,-0.00652926,-0.224664],[0.217528,0.278897,0.93536],[0.0565508,-0.960299,0.273181]]],"btipPosition":[54.8463,325.787,55.556],"carpPosition":[80.0419,193.685,77.2732],"dipPosition":[55.682,311.597,59.5927],"direction":[-0.0403655,0.978242,-0.203504],"extended":true,"handId":116,"id":1161,"length":50.8594,"mcpPosition":[58.0256,254.801,71.408],"pipPosition":[56.5257,291.148,63.8467],"stabilizedTipPosition":[53.8082,324.187,53.997],"timeVisible":7.9957,"tipPosition":[53.1293,322.32,56.6254],"tipVelocity":[1.91166,-6.12097,-4.3852],"tool":false,"touchDistance":0.303972,"touchZone":"hovering","type":1,"width":18.2543},{"bases":[[[0.900445,0.140689,-0.411588],[0.381196,0.2005,0.902491],[0.209494,-0.969539,0.126909]],[[0.91075,0.0862578,-0.403848],[0.374819,0.237809,0.896079],[0.173332,-0.967474,0.184253]],[[0.91075,0.0862578,-0.403848],[0.346195,0.373654,0.860542],[0.225128,-0.923549,0.310443]],[[0.91075,0.0862578,-0.403848],[0.325147,0.453108,0.830044],[0.254585,-0.887272,0.384622]]],"btipPosition":[60.2211,335.15,46.3798],"carpPosition":[90.0789,197.716,75.7962],"dipPosition":[64.3586,320.73,52.6308],"direction":[-0.225128,0.923549,-0.310443],"extended":true,"handId":116,"id":1162,"length":57.9502,"mcpPosition":[77.1207,257.687,67.9463],"pipPosition":[69.8952,298.017,60.2655],"stabilizedTipPosition":[60.165,332.375,45.7956],"timeVisible":7.9957,"tipPosition":[63.1887,332.682,49.1807],"tipVelocity":[-2.45234,-3.26307,2.45599],"tool":false,"touchDistance":-0.242991,"touchZone":"touching","type":2,"width":17.9281},{"bases":[[[0.804826,-0.162075,-0.570952],[0.587944,0.0862782,0.804287],[-0.0810938,-0.982999,0.16473]],[[0.801222,0.0745635,-0.593703],[0.584712,0.113194,0.803305],[0.127101,-0.990771,0.0470955]],[[0.801222,0.0745635,-0.593703],[0.572765,0.191556,0.797024],[0.173156,-0.978645,0.110772]],[[0.801222,0.0745635,-0.593703],[0.569134,0.211373,0.794612],[0.184742,-0.974557,0.126921]]],"btipPosition":[103.128,311.232,49.0329],"carpPosition":[108.529,199.318,62.7074],"dipPosition":[105.882,296.705,50.925],"direction":[-0.173156,0.978645,-0.110772],"extended":true,"handId":116,"id":1164,"length":43.6839,"mcpPosition":[112.698,249.852,54.2389],"pipPosition":[108.811,280.15,52.7987],"stabilizedTipPosition":[102.813,309.45,46.7157],"timeVisible":7.9957,"tipPosition":[104.29,307.895,48.9524],"tipVelocity":[-3.92741,0.43337,14.0515],"tool":false,"touchDistance":0.33131,"touchZone":"hovering","type":4,"width":15.1538}],"r":[[0.980786,0.138031,0.137867],[-0.180677,0.909239,0.375019],[-0.0735898,-0.392723,0.916708]],"s":0.879451,"t":[-66.2721,53.2456,97.4245],"timestamp":8061413311},{"currentFrameRate":115.405,"devices":[],"gestures":[],"hands":[{"armBasis":[[0.941727,0.173022,-0.288467],[0.17197,0.489385,0.854944],[0.289095,-0.854731,0