{"frames":91,"data":[{"currentFrameRate":113.948,"devices":[],"gestures":[],"hands":[{"armBasis":[[0.909467,0.226211,-0.348853],[0.209285,0.475927,0.854221],[0.359262,-0.849896,0.385497]],"armWidth":59.0231,"confidence":1,"direction":[-0.149152,0.988254,0.0332953],"elbow":[187.486,-30.8315,171.716],"grabAngle":0.136778,"grabStrength":0,"id":116,"palmNormal":[-0.315651,-0.0156751,-0.948746],"palmPosition":[81.785,236.988,76.0441],"palmVelocity":[-9.96852,13.5387,9.77487],"palmWidth":80.6694,"pinchDistance":40.8696,"pinchStrength":0,"r":[[0.985006,0.141674,0.0984457],[-0.16956,0.900256,0.400985],[-0.0318171,-0.411665,0.91078]],"s":0.904883,"sphereCenter":[16.8761,242.685,-80.7607],"sphereRadius":174.185,"stabilizedPalmPosition":[77.2734,228.166,78.7389],"t":[-66.2163,54.1951,110.071],"timeVisible":3.18228,"type":"right","wrist":[101.488,172.612,79.4375]}],"id":145436,"interactionBox":{"center":[0,200,0],"size":[235.247,235.247,147.751]},"pointables":[{"bases":[[[0.630301,0.268032,0.728615],[-0.554784,-0.501012,0.66423],[0.54308,-0.822889,-0.167089]],[[0.611076,0.296424,0.733974],[-0.45186,-0.630692,0.630912],[0.649929,-0.71719,-0.251458]],[[0.611076,0.296424,0.733974],[-0.734388,-0.133722,0.665426],[0.295397,-0.945649,0.135976]],[[0.611076,0.296424,0.733974],[-0.790735,0.271217,0.548799],[-0.0363889,-0.915737,0.400127]]],"btipPosition":[33.4764,261.931,73.738],"carpPosition":[70.2134,183.772,74.7179],"dipPosition":[32.7399,243.397,81.8367],"direction":[-0.295397,0.945649,-0.135976],"extended":true,"handId":116,"id":1160,"length":45.0726,"mcpPosition":[70.2134,183.772,74.7179],"pipPosition":[41.4504,215.512,85.8463],"stabilizedTipPosition":[27.0333,250.265,78.3481],"timeVisible":3.18228,"tipPosition":[33.5843,257.796,73.1496],"tipVelocity":[-13.3399,12.2939,16.6107],"tool":false,"touchDistance":0.210128,"touchZone":"hovering","type":0,"width":19.1104},{"bases":[[[0.867389,-0.00381763,-0.497616],[0.491235,0.166375,0.85499],[0.0795266,-0.986055,0.146187]],[[0.859492,0.0666312,-0.506787],[0.486821,0.195527,0.851337],[0.155816,-0.978432,0.135616]],[[0.859492,0.0666312,-0.506787],[0.477707,0.248017,0.842783],[0.181848,-0.966461,0.181339]],[[0.859492,0.0666312,-0.506787],[0.470999,0.281939,0.835865],[0.198578,-0.957116,0.210941]]],"btipPosition":[82.5945,332.366,61.985],"carpPosition":[100.597,201.177,83.0969],"dipPosition":[85.8033,316.9,65.3935],"direction":[-0.181848,0.966461,-0.181339],"extended":true,"handId":116,"id":1163,"length":55.7206,"mcpPosition":[96.1808,255.938,74.9784],"pipPosition":[90.16,293.745,69.738],"stabilizedTipPosition":[79.8,321.262,67.6759],"timeVisible":3.18228,"tipPosition":[84.0314,328.679,61.8857],"tipVelocity":[-12.0347,14.544,16.0347],"tool":false,"touchDistance":0.136027,"touchZone":"hovering","type":3,"width":17.0597},{"bases":[[[0.898734,0.315788,-0.304229],[0.267008,0.156232,0.950946],[0.347828,-0.935879,0.0560933]],[[0.959753,0.0460494,-0.277046],[0.265562,0.172201,0.94859],[0.0913897,-0.983985,0.153041]],[[0.959753,0.0460494,-0.277046],[0.260986,0.218132,0.940375],[0.103736,-0.974832,0.197334]],[[0.959753,0.0460494,-0.277046],[0.256539,0.257701,0.931546],[0.114292,-0.965127,0.235516]]],"btipPosition":[51.031,326.748,72.2833],"carpPosition":[80.971,194.506,89.2334],"dipPosition":[52.7198,312.487,75.7634],"direction":[-0.103736,0.974832,-0.197334],"extended":true,"handId":116,"id":1161,"length":50.8594,"mcpPosition":[58.284,255.549,85.5747],"pipPosition":[54.8883,292.11,79.8884],"stabilizedTipPosition":[47.2034,315.128,78.2347],"timeVisible":3.18228,"tipPosition":[52.4793,323.286,72.1771],"tipVelocity":[-12.1823,13.2954,18.6987],"tool":false,"touchDistance":0.160769,"touchZone":"hovering","type":1,"width":18.2543},{"bases":[[[0.878689,0.155153,-0.451479],[0.422677,0.186786,0.886823],[0.221923,-0.970071,0.0985473]],[[0.891617,0.0896049,-0.443835],[0.411942,0.24634,0.87728],[0.187943,-0.965032,0.182729]],[[0.891617,0.0896049,-0.443835],[0.411942,0.24634,0.87728],[0.187943,-0.965032,0.182729]],[[0.891617,0.0896049,-0.443835],[0.379999,0.384927,0.84109],[0.24621,-0.918587,0.309158]]],"btipPosition":[60.7129,337.535,64.1227],"carpPosition":[90.898,198.641,87.3539],"dipPosition":[64.7144,322.606,69.1472],"direction":[-0.187943,0.965032,-0.182729],"extended":true,"handId":116,"id":1162,"length":57.9502,"mcpPosition":[77.171,258.644,81.2583],"pipPosition":[69.3365,298.873,73.6411],"stabilizedTipPosition":[57.0104,326.254,71.1435],"timeVisible":3.18228,"tipPosition":[61.5919,334.013,65.3799],"tipVelocity":[-9.15043,15.4268,20.4065],"tool":false,"touchDistance":0.135754,"touchZone":"hovering","type":2,"width":17.9281},{"bases":[[[0.777594,-0.145354,-0.611734],[0.625248,0.0759818,0.776718],[-0.0664186,-0.986458,0.149966]],[[0.771268,0.0918643,-0.629847],[0.623479,0.0901773,0.776622],[0.128142,-0.99168,0.0122754]],[[0.771268,0.0918643,-0.629847],[0.612638,0.161325,0.773724],[0.172687,-0.982617,0.0681449]],[[0.771268,0.0918643,-0.629847],[0.607224,0.190514,0.771352],[0.190854,-0.977377,0.091155]]],"btipPosition":[102.418,312.854,62.8334],"carpPosition":[108.688,200.625,73.4298],"dipPosition":[105.263,298.284,64.1923],"direction":[-0.172687,0.982617,-0.0681449],"extended":true,"handId":116,"id":1164,"length":43.6839,"mcpPosition":[112.102,251.337,65.7203],"pipPosition":[108.184,281.663,65.345],"stabilizedTipPosition":[99.4539,301.825,67.7269],"timeVisible":3.18228,"tipPosition":[104.62,309.414,61.284],"tipVelocity":[-11.4878,14.864,12.7563],"tool":false,"touchDistance":0.251699,"touchZone":"hovering","type":4,"width":15.1538}],"r":[[0.985006,0.141674,0.0984457],[-0.16956,0.900256,0.400985],[-0.0318171,-0.411665,0.91078]],"s":0.904883,"t":[-66.2163,54.1951,110.071],"timestamp":8056599885},{"currentFrameRate":114.061,"devices":[],"gestures":[],"hands":[{"armBasis":[[0.909465,0.226702,-0.348539],[0.209181,0.474979,0.854774],[0.359328,-0.850295,0.384555]],"armWidth":59.0231,"confidence":1,"direction":[-0.149106,0.988236,0.0340153],"elbow":[187.378,-30.8711,171.52],"grabAngle":0.136552,"grabStrength":0,"id":116,"palmNormal":[-0.315407,-0.0149297,-0.948839],"palmPosition":[81.6637,237.048,76.1223],"palmVelocity":[-14.1481,6.97114,9.12122],"palmWidth":80.6694,"pinchDistance":40.8657,"pinchStrength":0,"r":[[0.985034,0.141534,0.0983672],[-0.169413,0.900116,0.401361],[-0.0317359,-0.412018,0.910623]],"s":0.905091,"sphereCenter":[16.6889,242.821,-80.9186],"sphereRadius":174.427,"stabilizedPalmPosition":[77.2908,228.201,78.7285],"t":[-66.3122,54.2795,110.149],"timeVisible":3.19085,"type":"right","wrist":[101.364,172.668,79.4675]}],"id":145437,"interactionBox":{"center":[0,200,0],"size":[235.247,235.247,147.751]},"pointables":[{"bases":[[[0.630128,0.267438,0.728983],[-0.554983,-0.501491,0.663702],[0.543078,-0.82279,-0.16758]],[[0.610984,0.295712,0.734339],[-0.452052,-0.63118,0.630287],[0.649883,-0.717054,-0.251963]],[[0.610984,0.295712,0.734339],[-0.734519,-0.13422,0.665182],[0.295265,-0.945801,0.1352]],[[0.610984,0.295712,0.734339],[-0.790808,0.270598,0.548999],[-0.036365,-0.91615,0.399182]]],"btipPosition":[33.358,262,73.8367],"carpPosition":[70.0895,183.834,74.7522],"dipPosition":[32.6219,243.456,81.9163],"direction":[-0.295265,0.945801,-0.1352],"extended":true,"handId":116,"id":1160,"length":45.0726,"mcpPosition":[70.0895,183.834,74.7522],"pipPosition":[41.3285,215.567,85.903],"stabilizedTipPosition":[27.0502,250.285,78.3409],"timeVisible":3.19085,"tipPosition":[33.4647,257.861,73.2335],"tipVelocity":[-13.8007,7.74277,11.0032],"tool":false,"touchDistance":0.2117,"touchZone":"hovering","type":0,"width":19.1104},{"bases":[[[0.867517,-0.00348359,-0.497395],[0.491023,0.165691,0.855244],[0.0794348,-0.986171,0.145451]],[[0.859646,0.0668362,-0.506499],[0.486605,0.194915,0.851601],[0.155642,-0.97854,0.135035]],[[0.859646,0.0668362,-0.506499],[0.47747,0.247579,0.843046],[0.181745,-0.96656,0.180918]],[[0.859646,0.0668362,-0.506499],[0.470773,0.281467,0.836152],[0.198448,-0.957241,0.210497]]],"btipPosition":[82.4858,332.434,62.1212],"carpPosition":[100.472,201.231,83.1524],"dipPosition":[85.6925,316.966,65.5225],"direction":[-0.181745,0.96656,-0.180918],"extended":true,"handId":116,"id":1163,"length":55.7206,"mcpPosition":[96.0609,255.998,75.0748],"pipPosition":[90.0467,293.809,69.8569],"stabilizedTipPosition":[79.8073,321.278,67.6658],"timeVisible":3.19085,"tipPosition":[83.9181,328.749,62.0358],"tipVelocity":[-12.7333,7.91616,15.6911],"tool":false,"touchDistance":0.138269,"touchZone":"hovering","type":3,"width":17.0597},{"bases":[[[0.898829,0.315972,-0.303755],[0.266771,0.155488,0.951134],[0.347762,-0.935941,0.0554647]],[[0.959845,0.0460006,-0.276735],[0.265313,0.171644,0.948761],[0.0911434,-0.984084,0.152547]],[[0.959845,0.0460006,-0.276735],[0.26077,0.217387,0.940607],[0.103427,-0.975001,0.196662]],[[0.959845,0.0460006,-0.276735],[0.25636,0.256757,0.931856],[0.113919,-0.965381,0.234654]]],"btipPosition":[50.9294,326.813,72.4148],"carpPosition":[80.844,194.556,89.2788],"dipPosition":[52.6127,312.548,75.8822],"direction":[-0.103427,0.975001,-0.196662],"extended":true,"handId":116,"id":1161,"length":50.8594,"mcpPosition":[58.1612,255.603,85.6611],"pipPosition":[54.7747,292.167,79.9931],"stabilizedTipPosition":[47.2112,315.144,78.2251],"timeVisible":3.19085,"tipPosition":[52.3627,323.351,72.3149],"tipVelocity":[-11.9993,7.44825,14.9997],"tool":false,"touchDistance":0.162913,"touchZone":"hovering","type":1,"width":18.2543},{"bases":[[[0.878814,0.155451,-0.451134],[0.422459,0.186082,0.887075],[0.221844,-0.970159,0.09786]],[[0.891782,0.0896195,-0.4435],[0.411747,0.245633,0.87757],[0.187586,-0.965211,0.18215]],[[0.891782,0.0896195,-0.4435],[0.411747,0.245633,0.87757],[0.187586,-0.965211,0.18215]],[[0.891782,0.0896195,-0.4435],[0.380123,0.383266,0.841792],[0.24542,-0.91928,0.307724]]],"btipPosition":[60.628,337.614,64.278],"carpPosition":[90.7717,198.692,87.405],"dipPosition":[64.6166,322.673,69.2792],"direction":[-0.187586,0.965211,-0.18215],"extended":true,"handId":116,"id":1162,"length":57.9502,"mcpPosition":[77.0496,258.7,81.3519],"pipPosition":[69.2299,298.936,73.7588],"stabilizedTipPosition":[57.017,326.266,71.1353],"timeVisible":3.19085,"tipPosition":[61.4788,334.082,65.5272],"tipVelocity":[-10.2497,8.92792,17.4891],"tool":false,"touchDistance":0.138253,"touchZone":"hovering","type":2,"width":17.9281},{"bases":[[[0.777744,-0.144928,-0.611646],[0.625052,0.0753513,0.776937],[-0.0665114,-0.986569,0.149191]],[[0.771448,0.0921929,-0.629578],[0.623275,0.0896232,0.77685],[0.128045,-0.9917,0.0116781]],[[0.771448,0.0921929,-0.629578],[0.612412,0.160944,0.773982],[0.172682,-0.982648,0.0676997]],[[0.771448,0.0921929,-0.629578],[0.607006,0.190092,0.771627],[0.190816,-0.977428,0.0906845]]],"btipPosition":[102.303,312.922,62.9632],"carpPosition":[108.565,200.686,73.487],"dipPosition":[105.148,298.351,64.3151],"direction":[-0.172682,0.982648,-0.0676997],"extended":true,"handId":116,"id":1164,"length":43.6839,"mcpPosition":[111.984,251.403,65.8174],"pipPosition":[108.069,281.73,65.4602],"stabilizedTipPosition":[99.4625,301.843,67.716],"timeVisible":3.19085,"tipPosition":[104.505,309.483,61.4251],"tipVelocity":[-13.3391,7.90124,14.956],"tool":false,"touchDistance":0.253836,"touchZone":"hovering","type":4,"width":15.1538}],"r":[[0.985034,0.141534,0.0983672],[-0.169413,0.900116,0.401361],[-0.0317359,-0.412018,0.910623]],"s":0.905091,"t":[-66.3122,54.2795,110.149],"timestamp":8056608458},{"currentFrameRate":113.623,"devices":[],"gestures":[],"hands":[{"armBasis":[[0.909719,0.227315,-0.347475],[0.208456,0.473711,0.855654],[0.359105,-0.850839,0.383559]],"armWidth":59.0231,"confidence":1,"direction":[-0.148677,0.988273,0.0348057],"elbow":[187.144,-31.0219,171.277],"grabAngle":0.136426,"grabStrength":0,"id":116,"palmNormal":[-0.314242,-0.0138438,-0.949242],"palmPosition":[81.512,237.039,76.1626],"palmVelocity":[-15.8876,-0.895067,4.22611],"palmWidth":80.6694,"pinchDistance":40.8593,"pinchStrength":0,"r":[[0.985046,0.141308,0.0985756],[-0.169308,0.899941,0.401797],[-0.0319353,-0.412478,0.910408]],"s":0.905245,"sphereCenter":[16.6213,242.967,-81.085],"sphereRadius":174.591,"stabilizedPalmPosition":[77.3104,228.242,78.7166],"t":[-66.436,54.3174,110.209],"timeVisible":3.2004,"type":"right","wrist":[101.184,172.648,79.4626]}],"id":145438,"interactionBox":{"center":[0,200,0],"size":[235.247,235.247,147.751]},"pointables":[{"bases":[[[0.629354,0.266418,0.730024],[-0.556041,-0.50188,0.662522],[0.542892,-0.822884,-0.167721]],[[0.610425,0.294396,0.735331],[-0.453005,-0.631784,0.628996],[0.649744,-0.717064,-0.252294]],[[0.610425,0.294396,0.735331],[-0.735233,-0.134739,0.664288],[0.294641,-0.946138,0.134201]],[[0.610425,0.294396,0.735331],[-0.79121,0.269966,0.54873],[-0.0369712,-0.91676,0.397723]]],"btipPosition":[33.2194,262.021,73.8839],"carpPosition":[69.9141,183.832,74.7258],"dipPosition":[32.4711,243.465,81.934],"direction":[-0.294641,0.946138,-0.134201],"extended":true,"handId":116,"id":1160,"length":45.0726,"mcpPosition":[69.9141,183.832,74.7258],"pipPosition":[41.1592,215.566,85.8913],"stabilizedTipPosition":[27.0703,250.31,78.3321],"timeVisible":3.2004,"tipPosition":[33.3257,257.878,73.2415],"tipVelocity":[-14.8059,1.90922,4.23224],"tool":false,"touchDistance":0.212374,"touchZone":"hovering","type":0,"width":19.1104},{"bases":[[[0.868129,-0.00340812,-0.496327],[0.490046,0.164614,0.856013],[0.0787848,-0.986352,0.144576]],[[0.860329,0.0667436,-0.505351],[0.485648,0.193859,0.852388],[0.154858,-0.978756,0.134368]],[[0.860329,0.0667436,-0.505351],[0.476508,0.246793,0.84382],[0.181037,-0.966767,0.180519]],[[0.860329,0.0667436,-0.505351],[0.469848,0.280634,0.836951],[0.19768,-0.957491,0.210078]]],"btipPosition":[82.404,332.437,62.2401],"carpPosition":[100.295,201.206,83.1807],"dipPosition":[85.5983,316.965,65.6347],"direction":[-0.181037,0.966767,-0.180519],"extended":true,"handId":116,"id":1163,"length":55.7206,"mcpPosition":[95.9194,255.983,75.1516],"pipPosition":[89.9355,293.803,69.9595],"stabilizedTipPosition":[79.8138,321.293,67.6567],"timeVisible":3.2004,"tipPosition":[83.8266,328.754,62.1703],"tipVelocity":[-8.86255,0.212009,12.2847],"tool":false,"touchDistance":0.140225,"touchZone":"hovering","type":3,"width":17.0597},{"bases":[[[0.899355,0.315842,-0.302333],[0.265671,0.154423,0.951616],[0.347247,-0.936161,0.054971]],[[0.96022,0.0456724,-0.275484],[0.26421,0.170742,0.949231],[0.0903905,-0.984257,0.151883]],[[0.96022,0.0456724,-0.275484],[0.259723,0.216312,0.941145],[0.102575,-0.975255,0.195845]],[[0.96022,0.0456724,-0.275484],[0.255386,0.25537,0.932504],[0.11294,-0.965764,0.233547]]],"btipPosition":[50.835,326.824,72.5026],"carpPosition":[80.6557,194.535,89.2763],"dipPosition":[52.5038,312.553,75.9536],"direction":[-0.102575,0.975255,-0.195845],"extended":true,"handId":116,"id":1161,"length":50.8594,"mcpPosition":[58.0066,255.596,85.6908],"pipPosition":[54.648,292.167,80.0474],"stabilizedTipPosition":[47.2194,315.161,78.2151],"timeVisible":3.2004,"tipPosition":[52.2561,323.36,72.4048],"tipVelocity":[-10.2328,0.979163,8.79326],"tool":false,"touchDistance":0.164313,"touchZone":"hovering","type":1,"width":18.2543},{"bases":[[[0.879444,0.155475,-0.449895],[0.421452,0.185006,0.887779],[0.221261,-0.970361,0.0971771]],[[0.892414,0.0893732,-0.442277],[0.410822,0.24443,0.878339],[0.186606,-0.965539,0.181417]],[[0.892414,0.0893732,-0.442277],[0.410822,0.24443,0.878339],[0.186606,-0.965539,0.181417]],[[0.892414,0.0893732,-0.442277],[0.379484,0.38162,0.842827],[0.244108,-0.919988,0.306648]]],"btipPosition":[60.5664,337.636,64.4001],"carpPosition":[90.5876,198.668,87.4188],"dipPosition":[64.5336,322.684,69.3838],"direction":[-0.186606,0.965539,-0.181417],"extended":true,"handId":116,"id":1162,"length":57.9502,"mcpPosition":[76.9017,258.689,81.4079],"pipPosition":[69.1229,298.938,73.8454],"stabilizedTipPosition":[57.0228,326.276,71.1281],"timeVisible":3.2004,"tipPosition":[61.3866,334.094,65.6381],"tipVelocity":[-6.96629,1.99893,12.3635],"tool":false,"touchDistance":0.140221,"touchZone":"hovering","type":2,"width":17.9281},{"bases":[[[0.77843,-0.144697,-0.610827],[0.624128,0.0742867,0.777782],[-0.0671661,-0.986684,0.148136]],[[0.772292,0.0922516,-0.628534],[0.622365,0.0885203,0.777705],[0.127383,-0.991793,0.0109494]],[[0.772292,0.0922516,-0.628534],[0.611495,0.160178,0.774866],[0.17216,-0.982768,0.0672929]],[[0.772292,0.0922516,-0.628534],[0.606099,0.18936,0.77252],[0.190285,-0.977564,0.0903279]]],"btipPosition":[102.208,312.916,63.0897],"carpPosition":[108.399,200.667,73.5247],"dipPosition":[105.045,298.343,64.4362],"direction":[-0.17216,0.982768,-0.0672929],"extended":true,"handId":116,"id":1164,"length":43.6839,"mcpPosition":[111.852,251.39,65.9093],"pipPosition":[107.957,281.72,65.5745],"stabilizedTipPosition":[99.4703,301.861,67.7062],"timeVisible":3.2004,"tipPosition":[104.405,309.478,61.5668],"tipVelocity":[-10.1587,-0.674871,13.1097],"tool":false,"touchDistance":0.255924,"touchZone":"hovering","type":4,"width":15.1538}],"r":[[0.985046,0.141308,0.0985756],[-0.169308,0.899941,0.401797],[-0.0319353,-0.412478,0.910408]],"s":0.905245,"t":[-66.436,54.3174,110.209],"timestamp":8056618011},{"currentFrameRate":114.212,"devices":[],"gestures":[],"hands":[{"armBasis":[[0.910333,0.228375,-0.345164],[0.206541,0.472032,0.857045],[0.358657,-0.851487,0.382538]],"armWidth":59.0231,"confidence":1,"direction":[-0.148355,0.988316,0.0349583],"elbow":[186.841,-31.2289,171.072],"grabAngle":0.136144,"grabStrength":0,"id":116,"palmNormal":[-0.311514,-0.0131527,-0.95015],"palmPosition":[81.3434,236.998,76.1988],"palmVelocity":[-21.7688,-5.28896,4.67176],"palmWidth":80.6694,"pinchDistance":40.856,"pinchStrength":0,"r":[[0.98501,0.141031,0.0993258],[-0.169378,0.899768,0.402154],[-0.0326541,-0.412949,0.910169]],"s":0.90539,"sphereCenter":[16.9481,243.102,-80.9689],"sphereRadius":174.345,"stabilizedPalmPosition":[77.3267,228.278,78.7064],"t":[-66.5822,54.3158,110.257],"timeVisible":3.20815,"type":"right","wrist":[100.987,172.596,79.5018]}],"id":145439,"interactionBox":{"center":[0,200,0],"size":[235.247,235.247,147.751]},"pointables":[{"bases":[[[0.627364,0.265721,0.731989],[-0.55816,-0.50203,0.660623],[0.543022,-0.823018,-0.166641]],[[0.608759,0.293231,0.737176],[-0.454799,-0.632367,0.627113],[0.650055,-0.717027,-0.251597]],[[0.608759,0.293231,0.737176],[-0.736941,-0.135124,0.662314],[0.293821,-0.946444,0.133836]],[[0.608759,0.293231,0.737176],[-0.792436,0.269459,0.547208],[-0.0381803,-0.917282,0.396403]]],"btipPosition":[33.0672,262.004,73.8621],"carpPosition":[69.727,183.797,74.6974],"dipPosition":[32.2944,243.437,81.8855],"direction":[-0.293821,0.946444,-0.133836],"extended":true,"handId":116,"id":1160,"length":45.0726,"mcpPosition":[69.727,183.797,74.6974],"pipPosition":[40.9584,215.529,85.832],"stabilizedTipPosition":[27.0878,250.333,78.3242],"timeVisible":3.20815,"tipPosition":[33.1734,257.859,73.1619],"tipVelocity":[-20.3774,-2.53078,-3.61007],"tool":false,"touchDistance":0.211908,"touchZone":"hovering","type":0,"width":19.1104},{"bases":[[[0.869553,-0.00348844,-0.493828],[0.487649,0.163902,0.857516],[0.077948,-0.98647,0.144223]],[[0.86184,0.0664458,-0.502809],[0.483298,0.193037,0.853908],[0.153799,-0.978939,0.134254]],[[0.86184,0.0664458,-0.502809],[0.474189,0.246149,0.845314],[0.179933,-0.966952,0.180633]],[[0.86184,0.0664458,-0.502809],[0.467589,0.279901,0.83846],[0.196449,-0.957727,0.210161]]],"btipPosition":[82.3336,332.406,62.3292],"carpPosition":[100.091,201.153,83.2498],"dipPosition":[85.508,316.93,65.7252],"direction":[-0.179933,0.966952,-0.180633],"extended":true,"handId":116,"id":1163,"length":55.7206,"mcpPosition":[95.7617,255.937,75.2404],"pipPosition":[89.8188,293.764,70.0527],"stabilizedTipPosition":[79.8185,321.304,67.6501],"timeVisible":3.20815,"tipPosition":[83.7366,328.72,62.2681],"tipVelocity":[-9.68102,-4.1476,11.5526],"tool":false,"touchDistance":0.141716,"touchZone":"hovering","type":3,"width":17.0597},{"bases":[[[0.900356,0.315634,-0.299558],[0.262996,0.153751,0.952467],[0.346688,-0.936342,0.0554202]],[[0.961047,0.0452107,-0.272663],[0.261552,0.170082,0.950086],[0.0893291,-0.984392,0.151632]],[[0.961047,0.0452107,-0.272663],[0.257138,0.215455,0.942051],[0.101337,-0.975467,0.195437]],[[0.961047,0.0452107,-0.272663],[0.252902,0.254101,0.933527],[0.111489,-0.96612,0.232769]]],"btipPosition":[50.7337,326.802,72.5113],"carpPosition":[80.4313,194.487,89.2849],"dipPosition":[52.3811,312.526,75.9508],"direction":[-0.101337,0.975467,-0.195437],"extended":true,"handId":116,"id":1161,"length":50.8594,"mcpPosition":[57.8186,255.559,85.6702],"pipPosition":[54.4995,292.135,80.0362],"stabilizedTipPosition":[47.2269,315.177,78.2056],"timeVisible":3.20815,"tipPosition":[52.134,323.334,72.4086],"tipVelocity":[-13.7125,-2.96801,0.788579],"tool":false,"touchDistance":0.164414,"touchZone":"hovering","type":1,"width":18.2543},{"bases":[[[0.880802,0.155363,-0.44727],[0.418973,0.184305,0.889097],[0.220566,-0.970512,0.0972433]],[[0.893758,0.0890298,-0.439625],[0.408442,0.243566,0.879688],[0.185396,-0.96579,0.181325]],[[0.893758,0.0890298,-0.439625],[0.408442,0.243566,0.879688],[0.185396,-0.96579,0.181325]],[[0.893758,0.0890298,-0.439625],[0.377365,0.380568,0.844253],[0.242471,-0.920457,0.306539]]],"btipPosition":[60.4987,337.618,64.4436],"carpPosition":[90.3703,198.616,87.4585],"dipPosition":[64.4394,322.658,69.4255],"direction":[-0.185396,0.96579,-0.181325],"extended":true,"handId":116,"id":1162,"length":57.9502,"mcpPosition":[76.7272,258.647,81.4435],"pipPosition":[68.9989,298.907,73.8848],"stabilizedTipPosition":[57.028,326.285,71.1215],"timeVisible":3.20815,"tipPosition":[61.29,334.068,65.6733],"tipVelocity":[-9.52521,-2.53314,5.55511],"tool":false,"touchDistance":0.140938,"touchZone":"hovering","type":2,"width":17.9281},{"bases":[[[0.780123,-0.144671,-0.608669],[0.621918,0.0735636,0.779619],[-0.0680127,-0.986741,0.147362]],[[0.774162,0.0920842,-0.626254],[0.6202,0.0875107,0.779547],[0.126588,-0.991898,0.0106368]],[[0.774162,0.0920842,-0.626254],[0.60935,0.159425,0.776708],[0.171363,-0.982906,0.0673091]],[[0.774162,0.0920842,-0.626254],[0.603975,0.188637,0.774358],[0.189441,-0.97772,0.0904193]]],"btipPosition":[102.125,312.876,63.2296],"carpPosition":[108.223,200.616,73.617],"dipPosition":[104.949,298.301,64.5775],"direction":[-0.171363,0.982906,-0.0673091],"extended":true,"handId":116,"id":1164,"length":43.6839,"mcpPosition":[111.719,251.342,66.0413],"pipPosition":[107.848,281.675,65.7161],"stabilizedTipPosition":[99.4755,301.873,67.6996],"timeVisible":3.20815,"tipPosition":[104.307,309.436,61.7134],"tipVelocity":[-11.0535,-5.24149,18.1078],"tool":false,"touchDistance":0.258261,"touchZone":"hovering","type":4,"width":15.1538}],"r":[[0.98501,0.141031,0.0993258],[-0.169378,0.899768,0.402154],[-0.0326541,-0.412949,0.910169]],"s":0.90539,"t":[-66.5822,54.3158,110.257],"timestamp":8056625755},{"currentFrameRate":114.16,"devices":[],"gestures":[],"hands":[{"armBasis":[[0.910889,0.229505,-0.342941],[0.20469,0.47032,0.85843],[0.358306,-0.852131,0.381431]],"armWidth":59.0231,"confidence":1,"direction":[-0.148519,0.988272,0.0355049],"elbow":[186.545,-31.4189,170.852],"grabAngle":0.129952,"grabStrength":0,"id":116,"palmNormal":[-0.309174,-0.0123001,-0.950926],"palmPosition":[81.1297,236.965,76.2671],"palmVelocity":[-24.1428,-3.78471,7.71988],"palmWidth":80.6694,"pinchDistance":40.8446,"pinchStrength":0,"r":[[0.984929,0.140806,0.100437],[-0.169647,0.899553,0.402522],[-0.0336706,-0.413494,0.909884]],"s":0.905583,"sphereCenter":[18.6767,243.928,-78.5893],"sphereRadius":171.577,"stabilizedPalmPosition":[77.3455,228.32,78.6944],"t":[-66.7622,54.2983,110.315],"timeVisible":3.217,"type":"right","wrist":[100.775,172.56,79.5468]}],"id":145440,"interactionBox":{"center":[0,200,0],"size":[235.247,235.247,147.751]},"pointables":[{"bases":[[[0.625539,0.265094,0.733775],[-0.559744,-0.502683,0.658784],[0.543496,-0.822822,-0.166063]],[[0.60725,0.292121,0.738859],[-0.456314,-0.633049,0.625321],[0.650404,-0.716878,-0.25112]],[[0.60725,0.292121,0.738859],[-0.738556,-0.135269,0.660482],[0.292886,-0.946767,0.133606]],[[0.60725,0.292121,0.738859],[-0.793524,0.269324,0.545696],[-0.0395832,-0.917676,0.395353]]],"btipPosition":[32.902,261.982,73.8597],"carpPosition":[69.5214,183.764,74.688],"dipPosition":[32.1009,243.407,81.8618],"direction":[-0.292886,0.946767,-0.133606],"extended":true,"handId":116,"id":1160,"length":45.0726,"mcpPosition":[69.5214,183.764,74.688],"pipPosition":[40.7373,215.49,85.8015],"stabilizedTipPosition":[27.1094,250.361,78.3142],"timeVisible":3.217,"tipPosition":[32.9649,257.824,73.1396],"tipVelocity":[-19.4003,-2.70519,-0.825892],"tool":false,"touchDistance":0.211786,"touchZone":"hovering","type":0,"width":19.1104},{"bases":[[[0.870766,-0.00296542,-0.491689],[0.485525,0.163149,0.858864],[0.0776715,-0.986597,0.143504]],[[0.8633,0.0653364,-0.500444],[0.481202,0.192425,0.855229],[0.152176,-0.979134,0.134681]],[[0.8633,0.0653364,-0.500444],[0.47225,0.245194,0.846676],[0.178025,-0.96727,0.180821]],[[0.8633,0.0653364,-0.500444],[0.465741,0.278841,0.839841],[0.194416,-0.958112,0.210294]]],"btipPosition":[82.2621,332.396,62.4273],"carpPosition":[99.8624,201.115,83.3312],"dipPosition":[85.4036,316.914,65.8254],"direction":[-0.178025,0.96727,-0.180821],"extended":true,"handId":116,"id":1163,"length":55.7206,"mcpPosition":[95.5489,255.905,75.3617],"pipPosition":[89.6687,293.74,70.1575],"stabilizedTipPosition":[79.8232,321.315,67.6436],"timeVisible":3.217,"tipPosition":[83.5453,328.701,62.4334],"tipVelocity":[-8.93777,-1.30476,11.1426],"tool":false,"touchDistance":0.143359,"touchZone":"hovering","type":3,"width":17.0597},{"bases":[[[0.901065,0.31598,-0.29705],[0.260639,0.152893,0.953253],[0.346626,-0.936366,0.0554093]],[[0.961869,0.0436766,-0.27],[0.259157,0.170045,0.950748],[0.0874377,-0.984468,0.152242]],[[0.961869,0.0436766,-0.27],[0.255069,0.213092,0.94315],[0.0987285,-0.976055,0.193826]],[[0.961869,0.0436766,-0.27],[0.25136,0.248003,0.935581],[0.107824,-0.967774,0.227568]]],"btipPosition":[50.6744,326.797,72.6267],"carpPosition":[80.1888,194.441,89.3117],"dipPosition":[52.2676,312.497,75.9893],"direction":[-0.0987285,0.976055,-0.193826],"extended":true,"handId":116,"id":1161,"length":50.8594,"mcpPosition":[57.5802,255.515,85.6977],"pipPosition":[54.3314,292.094,80.041],"stabilizedTipPosition":[47.2341,315.193,78.1966],"timeVisible":3.217,"tipPosition":[51.9144,323.304,72.4935],"tipVelocity":[-8.11845,-1.14513,11.0364],"tool":false,"touchDistance":0.166042,"touchZone":"hovering","type":1,"width":18.2543},{"bases":[[[0.881887,0.155843,-0.444958],[0.416769,0.183517,0.890295],[0.220404,-0.970585,0.0968904]],[[0.894902,0.0890639,-0.437285],[0.407469,0.236525,0.882057],[0.181988,-0.967535,0.175376]],[[0.894902,0.0890639,-0.437285],[0.407469,0.236525,0.882057],[0.181988,-0.967535,0.175376]],[[0.894902,0.0890639,-0.437285],[0.379695,0.362905,0.850959],[0.234483,-0.92756,0.290947]]],"btipPosition":[60.6262,337.81,65.1682],"carpPosition":[90.132,198.573,87.5135],"dipPosition":[64.437,322.735,69.8967],"direction":[-0.181988,0.967535,-0.175376],"extended":true,"handId":116,"id":1162,"length":57.9502,"mcpPosition":[76.499,258.608,81.5204],"pipPosition":[68.9127,298.941,74.2098],"stabilizedTipPosition":[57.0326,326.294,71.1164],"timeVisible":3.217,"tipPosition":[61.1117,334.055,65.8017],"tipVelocity":[11.0277,18.7442,75.3048],"tool":false,"touchDistance":0.152044,"touchZone":"hovering","type":2,"width":17.9281},{"bases":[[[0.78163,-0.144049,-0.606881],[0.619992,0.0728924,0.781215],[-0.0682964,-0.986882,0.146284]],[[0.775879,0.091153,-0.624262],[0.618343,0.0864306,0.781142],[0.125159,-0.992079,0.0106959]],[[0.775879,0.091153,-0.624262],[0.607617,0.158267,0.778301],[0.169745,-0.98318,0.0674101]],[[0.775879,0.091153,-0.624262],[0.60232,0.187336,0.775961],[0.187678,-0.978058,0.0904465]]],"btipPosition":[102.033,312.87,63.382],"carpPosition":[108.018,200.587,73.7179],"dipPosition":[104.831,298.289,64.7303],"direction":[-0.169745,0.98318,-0.0674101],"extended":true,"handId":116,"id":1164,"length":43.6839,"mcpPosition":[111.529,251.321,66.1977],"pipPosition":[107.702,281.659,65.8706],"stabilizedTipPosition":[99.4803,301.885,67.6935],"timeVisible":3.217,"tipPosition":[104.114,309.419,61.9166],"tipVelocity":[-11.139,-0.874709,17.2336],"tool":false,"touchDistance":0.260802,"touchZone":"hovering","type":4,"width":15.1538}],"r":[[0.984929,0.140806,0.100437],[-0.169647,0.899553,0.402522],[-0.0336706,-0.413494,0.909884]],"s":0.905583,"t":[-66.7622,54.2983,110.315],"timestamp":8056634604},{"currentFrameRate":114.244,"devices":[],"gestures":[],"hands":[{"armBasis":[[0.911147,0.230906,-0.341312],[0.203173,0.468871,0.859582],[0.358514,-0.852551,0.380296]],"armWidth":59.0231,"confidence":1,"direction":[-0.148452,0.988281,0.0355363],"elbow":[186.358,-31.621,170.636],"grabAngle":0.124337,"grabStrength":0,"id":116,"palmNormal":[-0.307033,-0.0119021,-0.951624],"palmPosition":[80.8985,236.867,76.3189],"palmVelocity":[-26.8582,-11.316,6.01572],"palmWidth":80.6694,"pinchDistance":40.833,"pinchStrength":0,"r":[[0.984823,0.140589,0.101779],[-0.170017,0.899356,0.402806],[-0.0349057,-0.413997,0.909609]],"s":0.905823,"sphereCenter":[20.8834,244.86,-74.9655],"sphereRadius":167.497,"stabilizedPalmPosition":[77.3644,228.366,78.6817],"t":[-66.9677,54.2408,110.37],"timeVisible":3.22561,"type":"right","wrist":[100.538,172.458,79.6025]}],"id":145441,"interactionBox":{"center":[0,200,0],"size":[235.247,235.247,147.751]},"pointables":[{"bases":[[[0.623924,0.264729,0.735281],[-0.561301,-0.502843,0.657336],[0.543746,-0.822841,-0.165144]],[[0.60599,0.291234,0.740242],[-0.457771,-0.633366,0.623934],[0.650556,-0.716959,-0.250495]],[[0.60599,0.291234,0.740242],[-0.740097,-0.134712,0.65887],[0.291605,-0.947119,0.133908]],[[0.60599,0.291234,0.740242],[-0.794387,0.270167,0.544022],[-0.0415513,-0.91771,0.395071]]],"btipPosition":[32.7374,261.901,73.8348],"carpPosition":[69.2858,183.669,74.694],"dipPosition":[31.8964,243.326,81.8312],"direction":[-0.291605,0.947119,-0.133908],"extended":true,"handId":116,"id":1160,"length":45.0726,"mcpPosition":[69.2858,183.669,74.694],"pipPosition":[40.4951,215.398,85.7798],"stabilizedTipPosition":[27.1318,250.391,78.3033],"timeVisible":3.22561,"tipPosition":[32.7431,257.734,73.1007],"tipVelocity":[-20.1888,-9.36095,-3.04901],"tool":false,"touchDistance":0.211349,"touchZone":"hovering","type":0,"width":19.1104},{"bases":[[[0.871871,-0.00291338,-0.489728],[0.483613,0.162758,0.860016],[0.0772016,-0.986662,0.143313]],[[0.864643,0.0638961,-0.498307],[0.479372,0.191842,0.856387],[0.150316,-0.979344,0.135245]],[[0.864643,0.0638961,-0.498307],[0.470591,0.244255,0.84787],[0.17589,-0.967604,0.181124]],[[0.864643,0.0638961,-0.498307],[0.464195,0.277727,0.841065],[0.192134,-0.958533,0.210474]]],"btipPosition":[82.1956,332.319,62.4867],"carpPosition":[99.6099,201.012,83.4119],"dipPosition":[85.3002,316.83,65.8877],"direction":[-0.17589,0.967604,-0.181124],"extended":true,"handId":116,"id":1163,"length":55.7206,"mcpPosition":[95.3225,255.806,75.453],"pipPosition":[89.5142,293.649,70.227],"stabilizedTipPosition":[79.828,321.327,67.6368],"timeVisible":3.22561,"tipPosition":[83.3553,328.609,62.5305],"tipVelocity":[-8.7116,-9.04962,6.96905],"tool":false,"touchDistance":0.144359,"touchZone":"hovering","type":3,"width":17.0597},{"bases":[[[0.901779,0.315956,-0.294902],[0.258514,0.152501,0.953894],[0.346361,-0.936438,0.0558431]],[[0.96263,0.0418331,-0.267569],[0.257021,0.170223,0.951296],[0.0853421,-0.984517,0.15311]],[[0.96263,0.0418331,-0.267569],[0.253245,0.211074,0.944095],[0.0959713,-0.976574,0.192592]],[[0.96263,0.0418331,-0.267569],[0.249718,0.245237,0.936749],[0.104805,-0.96856,0.225626]]],"btipPosition":[50.6048,326.724,72.6545],"carpPosition":[79.9219,194.339,89.3456],"dipPosition":[52.1534,312.412,75.9885],"direction":[-0.0959713,0.976574,-0.192592],"extended":true,"handId":116,"id":1161,"length":50.8594,"mcpPosition":[57.3305,255.418,85.7033],"pipPosition":[54.1596,291.998,80.0143],"stabilizedTipPosition":[47.242,315.21,78.1864],"timeVisible":3.22561,"tipPosition":[51.698,323.214,72.5195],"tipVelocity":[-9.27033,-8.80108,2.46807],"tool":false,"touchDistance":0.166396,"touchZone":"hovering","type":1,"width":18.2543},{"bases":[[[0.882911,0.155876,-0.442912],[0.41479,0.183125,0.891299],[0.220041,-0.970653,0.0970271]],[[0.89584,0.0894483,-0.435281],[0.406676,0.229815,0.884194],[0.179124,-0.969115,0.169501]],[[0.89584,0.0894483,-0.435281],[0.406676,0.229815,0.884194],[0.179124,-0.969115,0.169501]],[[0.89584,0.0894483,-0.435281],[0.381971,0.345567,0.857136],[0.227088,-0.934121,0.275406]]],"btipPosition":[60.6963,337.923,65.8595],"carpPosition":[89.8697,198.47,87.5714],"dipPosition":[64.387,322.741,70.3354],"direction":[-0.179124,0.969115,-0.169501],"extended":true,"handId":116,"id":1162,"length":57.9502,"mcpPosition":[76.2592,258.509,81.5698],"pipPosition":[68.7922,298.908,74.504],"stabilizedTipPosition":[57.0359,326.3,71.1133],"timeVisible":3.22561,"tipPosition":[60.9448,333.984,65.8883],"tipVelocity":[4.9413,10.2413,73.5509],"tool":false,"touchDistance":0.162598,"touchZone":"hovering","type":2,"width":17.9281},{"bases":[[[0.782974,-0.143941,-0.605172],[0.618241,0.0725107,0.782636],[-0.0687722,-0.986926,0.145764]],[[0.777452,0.0899414,-0.622479],[0.616692,0.085382,0.782561],[0.123533,-0.99228,0.0109142]],[[0.777452,0.0899414,-0.622479],[0.606115,0.157084,0.779711],[0.16791,-0.983481,0.0676105]],[[0.777452,0.0899414,-0.622479],[0.600904,0.185998,0.77738],[0.185699,-0.978425,0.0905586]]],"btipPosition":[101.937,312.788,63.4959],"carpPosition":[107.787,200.486,73.8168],"dipPosition":[104.705,298.202,64.8459],"direction":[-0.16791,0.983481,-0.0676105],"extended":true,"handId":116,"id":1164,"length":43.6839,"mcpPosition":[111.323,251.222,66.3233],"pipPosition":[107.545,281.567,65.9895],"stabilizedTipPosition":[99.4848,301.896,67.6879],"timeVisible":3.22561,"tipPosition":[103.918,309.324,62.0576],"tipVelocity":[-11.9663,-9.61313,13.2719],"tool":false,"touchDistance":0.262707,"touchZone":"hovering","type":4,"width":15.1538}],"r":[[0.984823,0.140589,0.101779],[-0.170017,0.899356,0.402806],[-0.0349057,-0.413997,0.909609]],"s":0.905823,"t":[-66.9677,54.2408,110.37],"timestamp":8056643213},{"currentFrameRate":114.216,"devices":[],"gestures":[],"hands":[{"armBasis":[[0.911264,0.23219,-0.340125],[0.202167,0.467315,0.860666],[0.358784,-0.853056,0.378906]],"armWidth":59.0231,"confidence":1,"direction":[-0.148291,0.988283,0.0361414],"elbow":[186.183,-31.8179,170.346],"grabAngle":0.118978,"grabStrength":0,"id":116,"palmNormal":[-0.305537,-0.0110266,-0.952116],"palmPosition":[80.6686,236.798,76.3978],"palmVelocity":[-26.1164,-7.86239,8.96047],"palmWidth":80.6694,"pinchDistance":40.811,"pinchStrength":0,"r":[[0.98471,0.140354,0.103187],[-0.170401,0.899138,0.403132],[-0.0361982,-0.414551,0.909306]],"s":0.906014,"sphereCenter":[22.9926,245.908,-70.9515],"sphereRadius":163.14,"stabilizedPalmPosition":[77.3836,228.415,78.6685],"t":[-67.1855,54.1775,110.436],"timeVisible":3.23441,"type":"right","wrist":[100.299,172.383,79.6452]}],"id":145442,"interactionBox":{"center":[0,200,0],"size":[235.247,235.247,147.751]},"pointables":[{"bases":[[[0.622824,0.263967,0.736486],[-0.562446,-0.503276,0.656024],[0.543825,-0.822821,-0.164986]],[[0.605395,0.28974,0.741315],[-0.458822,-0.634017,0.622499],[0.650369,-0.716989,-0.250892]],[[0.605395,0.28974,0.741315],[-0.741176,-0.134248,0.657751],[0.290096,-0.947644,0.133475]],[[0.605395,0.28974,0.741315],[-0.794734,0.270984,0.543107],[-0.0435252,-0.917943,0.394318]]],"btipPosition":[32.591,261.857,73.8958],"carpPosition":[69.0468,183.603,74.7094],"dipPosition":[31.7101,243.278,81.877],"direction":[-0.290096,0.947644,-0.133475],"extended":true,"handId":116,"id":1160,"length":45.0726,"mcpPosition":[69.0468,183.603,74.7094],"pipPosition":[40.2642,215.334,85.8128],"stabilizedTipPosition":[27.155,250.423,78.292],"timeVisible":3.23441,"tipPosition":[32.5222,257.678,73.1352],"tipVelocity":[-17.6696,-5.09193,6.5343],"tool":false,"touchDistance":0.212308,"touchZone":"hovering","type":0,"width":19.1104},{"bases":[[[0.87264,-0.00269091,-0.488357],[0.482294,0.161921,0.860914],[0.0767588,-0.9868,0.142597]],[[0.865606,0.0629192,-0.496757],[0.478107,0.190944,0.857294],[0.148793,-0.979582,0.1352]],[[0.865606,0.0629192,-0.496757],[0.469443,0.243182,0.848814],[0.174209,-0.967938,0.180963]],[[0.865606,0.0629192,-0.496757],[0.463152,0.276443,0.842063],[0.190307,-0.958968,0.210149]]],"btipPosition":[82.0998,332.272,62.6152],"carpPosition":[99.3609,200.932,83.4898],"dipPosition":[85.1749,316.776,66.0109],"direction":[-0.174209,0.967938,-0.180963],"extended":true,"handId":116,"id":1163,"length":55.7206,"mcpPosition":[95.0981,255.734,75.5707],"pipPosition":[89.3486,293.586,70.3464],"stabilizedTipPosition":[79.8323,321.337,67.6306],"timeVisible":3.23441,"tipPosition":[83.1651,328.552,62.6955],"tipVelocity":[-11.6503,-5.56998,14.4583],"tool":false,"touchDistance":0.146481,"touchZone":"hovering","type":3,"width":17.0597},{"bases":[[[0.902311,0.316006,-0.293214],[0.257045,0.151634,0.954429],[0.346067,-0.936561,0.0555934]],[[0.963208,0.0400008,-0.265765],[0.255555,0.169808,0.951765],[0.0832005,-0.984665,0.153338]],[[0.963208,0.0400008,-0.265765],[0.252056,0.208716,0.944937],[0.0932677,-0.977158,0.190955]],[[0.963208,0.0400008,-0.265765],[0.248518,0.243916,0.937413],[0.102322,-0.968971,0.225001]]],"btipPosition":[50.537,326.676,72.747],"carpPosition":[79.6621,194.259,89.3869],"dipPosition":[52.0489,312.358,76.0717],"direction":[-0.0932677,0.977158,-0.190955],"extended":true,"handId":116,"id":1161,"length":50.8594,"mcpPosition":[57.09,255.346,85.7608],"pipPosition":[53.9986,291.932,80.0634],"stabilizedTipPosition":[47.2492,315.227,78.1771],"timeVisible":3.23441,"tipPosition":[51.4879,323.156,72.6334],"tipVelocity":[-8.66021,-5.6354,10.2643],"tool":false,"touchDistance":0.167902,"touchZone":"hovering","type":1,"width":18.2543},{"bases":[[[0.883641,0.156057,-0.44139],[0.413427,0.182277,0.892106],[0.219674,-0.970784,0.0965494]],[[0.896402,0.0904885,-0.433906],[0.40633,0.223342,0.88601],[0.177083,-0.970531,0.163436]],[[0.896402,0.0904885,-0.433906],[0.40633,0.223342,0.88601],[0.177083,-0.970531,0.163436]],[[0.896402,0.0904885,-0.433906],[0.384952,0.326324,0.863322],[0.219715,-0.940917,0.257684]]],"btipPosition":[60.718,338.054,66.6394],"carpPosition":[89.6136,198.389,87.6318],"dipPosition":[64.2888,322.762,70.8274],"direction":[-0.177083,0.970531,-0.163436],"extended":true,"handId":116,"id":1162,"length":57.9502,"mcpPosition":[76.0257,258.437,81.6597],"pipPosition":[68.6439,298.894,74.8468],"stabilizedTipPosition":[57.0383,326.304,71.1115],"timeVisible":3.23441,"tipPosition":[60.7845,333.953,66.0822],"tipVelocity":[-0.671464,12.0646,81.0636],"tool":false,"touchDistance":0.174492,"touchZone":"hovering","type":2,"width":17.9281},{"bases":[[[0.783894,-0.143601,-0.604061],[0.617025,0.0717098,0.78367],[-0.0692188,-0.987034,0.144818]],[[0.778553,0.0894099,-0.621177],[0.615556,0.0840231,0.783601],[0.122255,-0.992444,0.0103797]],[[0.778553,0.0894099,-0.621177],[0.605078,0.155722,0.780789],[0.166541,-0.983746,0.067138]],[[0.778553,0.0894099,-0.621177],[0.599948,0.18443,0.778491],[0.184168,-0.97877,0.089947]]],"btipPosition":[101.811,312.735,63.6683],"carpPosition":[107.553,200.413,73.9071],"dipPosition":[104.556,298.144,65.0092],"direction":[-0.166541,0.983746,-0.067138],"extended":true,"handId":116,"id":1164,"length":43.6839,"mcpPosition":[111.112,251.155,66.4622],"pipPosition":[107.373,281.504,66.1448],"stabilizedTipPosition":[99.4888,301.906,67.6829],"timeVisible":3.23441,"tipPosition":[103.721,309.262,62.2417],"tipVelocity":[-14.9104,-6.13536,19.3479],"tool":false,"touchDistance":0.265546,"touchZone":"hovering","type":4,"width":15.1538}],"r":[[0.98471,0.140354,0.103187],[-0.170401,0.899138,0.403132],[-0.0361982,-0.414551,0.909306]],"s":0.906014,"t":[-67.1855,54.1775,110.436],"timestamp":8056652017},{"currentFrameRate":114.288,"devices":[],"gestures":[],"hands":[{"armBasis":[[0.911514,0.233385,-0.338636],[0.201147,0.465206,0.862046],[0.358724,-0.853883,0.377097]],"armWi