{"frames":103,"data":[{"currentFrameRate":115.238,"devices":[],"gestures":[],"hands":[{"armBasis":[[0.935237,0.156166,-0.317716],[0.21944,0.448528,0.866412],[0.277808,-0.88002,0.385211]],"armWidth":59.0231,"confidence":1,"direction":[-0.155891,0.987763,0.00480991],"elbow":[162.993,-35.6881,162.886],"grabAngle":0.171152,"grabStrength":0,"id":116,"palmNormal":[-0.311642,-0.0445622,-0.949154],"palmPosition":[77.2523,239.372,65.6716],"palmVelocity":[-12.6997,-4.99526,2.13233],"palmWidth":80.6694,"pinchDistance":38.1465,"pinchStrength":0,"r":[[0.983755,0.151325,0.0965752],[-0.176764,0.910392,0.374087],[-0.0313127,-0.385081,0.922352]],"s":0.87449,"sphereCenter":[-15.6441,222.063,-144.585],"sphereRadius":233.3,"stabilizedPalmPosition":[75.1641,240.66,65.1825],"t":[-70.7219,56.7157,99.7556],"timeVisible":5.80983,"type":"right","wrist":[96.4923,174.967,70.6758]}],"id":145735,"interactionBox":{"center":[0,200,0],"size":[235.247,235.247,147.751]},"pointables":[{"bases":[[[0.625498,0.292746,0.723223],[-0.554144,-0.485847,0.675927],[0.549251,-0.823561,-0.141673]],[[0.605107,0.322507,0.727898],[-0.473401,-0.589335,0.654657],[0.640107,-0.740725,-0.203936]],[[0.605107,0.322507,0.727898],[-0.753301,-0.06395,0.654559],[0.257649,-0.944404,0.204248]],[[0.605107,0.322507,0.727898],[-0.789434,0.361508,0.496091],[-0.103148,-0.874815,0.473349]]],"btipPosition":[32.2043,264.399,59.2241],"carpPosition":[66.0423,186.063,65.8024],"dipPosition":[30.1165,246.692,68.8049],"direction":[-0.257649,0.944404,-0.204248],"extended":false,"handId":116,"id":1160,"length":45.0726,"mcpPosition":[66.0423,186.063,65.8024],"pipPosition":[37.7139,218.844,74.8277],"stabilizedTipPosition":[28.5709,263.96,61.8659],"timeVisible":5.80983,"tipPosition":[30.9975,260.262,63.1925],"tipVelocity":[-9.94492,-3.89552,-3.0712],"tool":false,"touchDistance":0.0556303,"touchZone":"hovering","type":0,"width":19.1104},{"bases":[[[0.897844,0.313189,-0.309499],[0.262052,0.184792,0.947196],[0.353844,-0.931539,0.0838422]],[[0.961937,0.0288015,-0.271749],[0.2536,0.276373,0.926987],[0.101803,-0.960619,0.258549]],[[0.961937,0.0288015,-0.271749],[0.249412,0.31384,0.916132],[0.111672,-0.949039,0.294711]],[[0.961937,0.0288015,-0.271749],[0.241845,0.373274,0.895644],[0.127233,-0.927274,0.3521]]],"btipPosition":[45.5918,327.267,53.6127],"carpPosition":[76.6682,197.275,80.0512],"dipPosition":[47.4719,313.565,58.8155],"direction":[-0.111672,0.949039,-0.294711],"extended":true,"handId":116,"id":1161,"length":50.8594,"mcpPosition":[53.5887,258.034,74.5826],"pipPosition":[49.8062,293.727,64.976],"stabilizedTipPosition":[46.4962,326.388,54.7919],"timeVisible":5.80983,"tipPosition":[47.6067,324.932,57.4283],"tipVelocity":[-9.35449,-4.05936,5.79576],"tool":false,"touchDistance":-0.0470405,"touchZone":"touching","type":1,"width":18.2543},{"bases":[[[0.879478,0.148333,-0.452235],[0.417775,0.214583,0.882847],[0.227997,-0.965376,0.126751]],[[0.899087,0.0422384,-0.435727],[0.404923,0.298028,0.864417],[0.16637,-0.953622,0.25085]],[[0.899087,0.0422384,-0.435727],[0.395139,0.350132,0.849278],[0.188434,-0.935748,0.298109]],[[0.899087,0.0422384,-0.435727],[0.3895,0.377157,0.840263],[0.199829,-0.925186,0.322645]]],"btipPosition":[57.6551,338.937,47.2225],"carpPosition":[86.5749,201.422,78.0946],"dipPosition":[60.9028,323.901,52.4662],"direction":[-0.188434,0.935748,-0.298109],"extended":true,"handId":116,"id":1162,"length":57.9502,"mcpPosition":[72.4723,261.135,70.2545],"pipPosition":[65.537,300.888,59.7976],"stabilizedTipPosition":[54.7135,334.727,47.5177],"timeVisible":5.80983,"tipPosition":[56.7261,335.494,50.3018],"tipVelocity":[-8.8637,-4.01991,5.72541],"tool":false,"touchDistance":-0.25871,"touchZone":"touching","type":2,"width":17.9281},{"bases":[[[0.869431,-0.0119476,-0.49391],[0.486597,0.193749,0.851871],[0.0855167,-0.980978,0.174265]],[[0.862562,0.0481488,-0.503655],[0.473773,0.272474,0.837435],[0.177554,-0.960958,0.212214]],[[0.862562,0.0481488,-0.503655],[0.46479,0.317883,0.82639],[0.199893,-0.946907,0.251814]],[[0.862562,0.0481488,-0.503655],[0.459386,0.342613,0.8195],[0.212017,-0.938242,0.273406]]],"btipPosition":[76.4495,333.361,45.4769],"carpPosition":[96.2745,203.904,73.8057],"dipPosition":[79.8755,318.2,49.8948],"direction":[-0.199893,0.946907,-0.251814],"extended":true,"handId":116,"id":1163,"length":55.7206,"mcpPosition":[91.5253,258.382,64.1279],"pipPosition":[84.6645,295.514,55.9278],"stabilizedTipPosition":[76.3767,332.112,46.003],"timeVisible":5.80983,"tipPosition":[78.0669,330.285,48.0155],"tipVelocity":[-11.2526,-4.24363,6.65495],"tool":false,"touchDistance":0.0824476,"touchZone":"hovering","type":3,"width":17.0597},{"bases":[[[0.781053,-0.157253,-0.60434],[0.621533,0.102099,0.776706],[-0.0604368,-0.982267,0.177482]],[[0.775334,0.0616332,-0.628536],[0.614553,0.155718,0.773354],[0.145539,-0.985877,0.0828568]],[[0.775334,0.0616332,-0.628536],[0.600366,0.236942,0.763819],[0.196003,-0.969567,0.146707]],[[0.775334,0.0616332,-0.628536],[0.595258,0.261199,0.759897],[0.211008,-0.963315,0.165829]]],"btipPosition":[96.6035,314.54,47.5784],"carpPosition":[104.408,203.134,64.1898],"dipPosition":[99.749,300.18,50.0504],"direction":[-0.196003,0.969567,-0.146707],"extended":true,"handId":116,"id":1164,"length":43.6839,"mcpPosition":[107.515,253.631,55.0658],"pipPosition":[103.064,283.779,52.532],"stabilizedTipPosition":[96.1268,312.515,49.0399],"timeVisible":5.80983,"tipPosition":[98.0472,311.451,49.7846],"tipVelocity":[-11.6035,-4.32098,5.88146],"tool":false,"touchDistance":0.102445,"touchZone":"hovering","type":4,"width":15.1538}],"r":[[0.983755,0.151325,0.0965752],[-0.176764,0.910392,0.374087],[-0.0313127,-0.385081,0.922352]],"s":0.87449,"t":[-70.7219,56.7157,99.7556],"timestamp":8059227438},{"currentFrameRate":115.218,"devices":[],"gestures":[],"hands":[{"armBasis":[[0.935295,0.156519,-0.317372],[0.218843,0.448953,0.866342],[0.278084,-0.87974,0.385651]],"armWidth":59.0231,"confidence":1,"direction":[-0.155819,0.987769,0.00570508],"elbow":[162.961,-35.6191,162.994],"grabAngle":0.171375,"grabStrength":0,"id":116,"palmNormal":[-0.311381,-0.043637,-0.949283],"palmPosition":[77.1553,239.377,65.7181],"palmVelocity":[-11.1358,0.517949,5.33424],"palmWidth":80.6694,"pinchDistance":38.1381,"pinchStrength":0,"r":[[0.983766,0.15124,0.0966006],[-0.176715,0.910158,0.374678],[-0.0312554,-0.385667,0.922109]],"s":0.874143,"sphereCenter":[-15.6107,222.26,-144.531],"sphereRadius":233.218,"stabilizedPalmPosition":[75.1745,240.654,65.1853],"t":[-70.8192,56.7043,99.7896],"timeVisible":5.81854,"type":"right","wrist":[96.3942,174.969,70.6787]}],"id":145736,"interactionBox":{"center":[0,200,0],"size":[235.247,235.247,147.751]},"pointables":[{"bases":[[[0.625319,0.292012,0.723675],[-0.554368,-0.486448,0.67531],[0.549229,-0.823467,-0.142303]],[[0.604766,0.322,0.728405],[-0.473874,-0.589597,0.654078],[0.640079,-0.740737,-0.203981]],[[0.604766,0.322,0.728405],[-0.753813,-0.0636515,0.653999],[0.256952,-0.944598,0.204233]],[[0.604766,0.322,0.728405],[-0.789557,0.362081,0.495476],[-0.104198,-0.874765,0.473212]]],"btipPosition":[32.1463,264.409,59.222],"carpPosition":[65.9413,186.068,65.7951],"dipPosition":[30.0373,246.704,68.8001],"direction":[-0.256952,0.944598,-0.204233],"extended":false,"handId":116,"id":1160,"length":45.0726,"mcpPosition":[65.9413,186.068,65.7951],"pipPosition":[37.6142,218.85,74.8224],"stabilizedTipPosition":[28.5751,263.955,61.8653],"timeVisible":5.81854,"tipPosition":[30.906,260.272,63.2382],"tipVelocity":[-7.21402,1.22477,-0.312556],"tool":false,"touchDistance":0.055585,"touchZone":"hovering","type":0,"width":19.1104},{"bases":[[[0.897953,0.313416,-0.308951],[0.261802,0.183872,0.947445],[0.353752,-0.931645,0.0830555]],[[0.962046,0.0285873,-0.271384],[0.253359,0.275863,0.927205],[0.101371,-0.960772,0.25815]],[[0.962046,0.0285873,-0.271384],[0.249199,0.313235,0.916397],[0.111204,-0.949245,0.294223]],[[0.962046,0.0285873,-0.271384],[0.241671,0.372615,0.895965],[0.126735,-0.927545,0.351565]]],"btipPosition":[45.5268,327.279,53.7033],"carpPosition":[76.5641,197.266,80.0575],"dipPosition":[47.3995,313.573,58.8981],"direction":[-0.111204,0.949245,-0.294223],"extended":true,"handId":116,"id":1161,"length":50.8594,"mcpPosition":[53.4906,258.032,74.6403],"pipPosition":[49.7241,293.73,65.0485],"stabilizedTipPosition":[46.4915,326.369,54.7928],"timeVisible":5.81854,"tipPosition":[47.5145,324.944,57.5414],"tipVelocity":[-7.65124,1.24867,10.1836],"tool":false,"touchDistance":-0.0455618,"touchZone":"touching","type":1,"width":18.2543},{"bases":[[[0.879615,0.148697,-0.451848],[0.417545,0.213713,0.883166],[0.22789,-0.965513,0.125897]],[[0.89925,0.0422971,-0.435385],[0.404683,0.297432,0.864735],[0.166073,-0.953806,0.250348]],[[0.89925,0.0422971,-0.435385],[0.394896,0.349645,0.849591],[0.188166,-0.935927,0.297716]],[[0.89925,0.0422971,-0.435385],[0.389288,0.37657,0.840625],[0.199509,-0.925422,0.322165]]],"btipPosition":[57.5827,338.953,47.3267],"carpPosition":[86.4716,201.414,78.1076],"dipPosition":[60.8251,323.913,52.5626],"direction":[-0.188166,0.935927,-0.297716],"extended":true,"handId":116,"id":1162,"length":57.9502,"mcpPosition":[72.3756,261.136,70.3203],"pipPosition":[65.4527,300.896,59.8843],"stabilizedTipPosition":[54.7248,334.729,47.5209],"timeVisible":5.81854,"tipPosition":[56.6442,335.514,50.4297],"tipVelocity":[-8.45538,1.78232,11.7556],"tool":false,"touchDistance":-0.257003,"touchZone":"touching","type":2,"width":17.9281},{"bases":[[[0.869567,-0.0115432,-0.493679],[0.486375,0.192903,0.85219],[0.0853953,-0.98115,0.173357]],[[0.862701,0.0485959,-0.503374],[0.473512,0.27189,0.837772],[0.177574,-0.961101,0.211549]],[[0.862701,0.0485959,-0.503374],[0.464512,0.317381,0.826739],[0.199937,-0.947052,0.251231]],[[0.862701,0.0485959,-0.503374],[0.459134,0.342,0.819898],[0.211997,-0.938443,0.272732]]],"btipPosition":[76.3528,333.378,45.596],"carpPosition":[96.1726,203.899,73.8238],"dipPosition":[79.7785,318.214,50.003],"direction":[-0.199937,0.947052,-0.251231],"extended":true,"handId":116,"id":1163,"length":55.7206,"mcpPosition":[91.4302,258.387,64.1964],"pipPosition":[84.5685,295.525,56.022],"stabilizedTipPosition":[76.3804,332.101,46.0059],"timeVisible":5.81854,"tipPosition":[77.9804,330.305,48.1464],"tipVelocity":[-11.1072,1.88433,13.3825],"tool":false,"touchDistance":0.0843908,"touchZone":"hovering","type":3,"width":17.0597},{"bases":[[[0.78121,-0.156736,-0.604272],[0.621324,0.101314,0.776976],[-0.0605592,-0.98243,0.176532]],[[0.775497,0.0623243,-0.628268],[0.614303,0.155205,0.773656],[0.145728,-0.985914,0.0820749]],[[0.775497,0.0623243,-0.628268],[0.600092,0.23648,0.764177],[0.1962,-0.969635,0.14599]],[[0.775497,0.0623243,-0.628268],[0.595005,0.260621,0.760293],[0.211125,-0.963427,0.165028]]],"btipPosition":[96.4996,314.556,47.6949],"carpPosition":[104.309,203.138,64.2094],"dipPosition":[99.6469,300.194,50.1549],"direction":[-0.1962,0.969635,-0.14599],"extended":true,"handId":116,"id":1164,"length":43.6839,"mcpPosition":[107.422,253.643,55.1343],"pipPosition":[102.966,283.793,52.6244],"stabilizedTipPosition":[96.1319,312.509,49.0363],"timeVisible":5.81854,"tipPosition":[97.9591,311.468,49.9033],"tipVelocity":[-11.8742,1.82701,13.0502],"tool":false,"touchDistance":0.10434,"touchZone":"hovering","type":4,"width":15.1538}],"r":[[0.983766,0.15124,0.0966006],[-0.176715,0.910158,0.374678],[-0.0312554,-0.385667,0.922109]],"s":0.874143,"t":[-70.8192,56.7043,99.7896],"timestamp":8059236150},{"currentFrameRate":115.16,"devices":[],"gestures":[],"hands":[{"armBasis":[[0.935114,0.156566,-0.317883],[0.219056,0.449718,0.865892],[0.278527,-0.879341,0.386241]],"armWidth":59.0231,"confidence":1,"direction":[-0.155654,0.987788,0.0068122],"elbow":[162.974,-35.5384,163.109],"grabAngle":0.171838,"grabStrength":0,"id":116,"palmNormal":[-0.312104,-0.0426354,-0.949091],"palmPosition":[77.0658,239.366,65.7532],"palmVelocity":[-10.1897,-1.26586,4.00116],"palmWidth":80.6694,"pinchDistance":38.1273,"pinchStrength":0,"r":[[0.983793,0.151121,0.0965028],[-0.176591,0.909901,0.375361],[-0.0310831,-0.386319,0.921841]],"s":0.873733,"sphereCenter":[-15.8715,222.402,-144.526],"sphereRadius":233.291,"stabilizedPalmPosition":[75.1844,240.647,65.1883],"t":[-70.9126,56.6931,99.8242],"timeVisible":5.82733,"type":"right","wrist":[96.3017,174.954,70.6521]}],"id":145737,"interactionBox":{"center":[0,200,0],"size":[235.247,235.247,147.751]},"pointables":[{"bases":[[[0.625912,0.291185,0.723495],[-0.553938,-0.487035,0.675241],[0.548987,-0.823413,-0.143542]],[[0.605183,0.321435,0.728309],[-0.47378,-0.589781,0.653981],[0.639755,-0.740836,-0.204635]],[[0.605183,0.321435,0.728309],[-0.753645,-0.0633992,0.654217],[0.256463,-0.944807,0.20388]],[[0.605183,0.321435,0.728309],[-0.789185,0.36244,0.495806],[-0.104598,-0.874824,0.473014]]],"btipPosition":[32.0851,264.412,59.2556],"carpPosition":[65.8432,186.059,65.7852],"dipPosition":[29.968,246.705,68.8296],"direction":[-0.256463,0.944807,-0.20388],"extended":false,"handId":116,"id":1160,"length":45.0726,"mcpPosition":[65.8432,186.059,65.7852],"pipPosition":[37.5304,218.845,74.8415],"stabilizedTipPosition":[28.5797,263.949,61.8647],"timeVisible":5.82733,"tipPosition":[30.8213,260.272,63.3213],"tipVelocity":[-7.18714,0.242821,3.71665],"tool":false,"touchDistance":0.056129,"touchZone":"hovering","type":0,"width":19.1104},{"bases":[[[0.897771,0.31358,-0.309314],[0.262546,0.18288,0.94743],[0.353662,-0.931785,0.0818552]],[[0.961877,0.0283035,-0.272013],[0.254083,0.275437,0.927133],[0.101163,-0.960902,0.257745]],[[0.961877,0.0283035,-0.272013],[0.249932,0.312805,0.916344],[0.111023,-0.949396,0.293806]],[[0.961877,0.0283035,-0.272013],[0.242446,0.371961,0.896027],[0.126539,-0.927817,0.350919]]],"btipPosition":[45.4615,327.275,53.8083],"carpPosition":[76.4785,197.24,80.0509],"dipPosition":[47.3313,313.565,58.9936],"direction":[-0.111023,0.949396,-0.293806],"extended":true,"handId":116,"id":1161,"length":50.8594,"mcpPosition":[53.4109,258.016,74.7119],"pipPosition":[49.6521,293.719,65.1352],"stabilizedTipPosition":[46.4872,326.353,54.7943],"timeVisible":5.82733,"tipPosition":[47.4282,324.944,57.6765],"tipVelocity":[-7.51106,-0.585546,11.7047],"tool":false,"touchDistance":-0.0438484,"touchZone":"touching","type":1,"width":18.2543},{"bases":[[[0.879298,0.149007,-0.452363],[0.418246,0.21276,0.883065],[0.227828,-0.965676,0.124758]],[[0.898951,0.042421,-0.435991],[0.40532,0.296942,0.864605],[0.166141,-0.953953,0.249742]],[[0.898951,0.042421,-0.435991],[0.395487,0.349369,0.84943],[0.188355,-0.936025,0.297288]],[[0.898951,0.042421,-0.435991],[0.389891,0.376212,0.840505],[0.19968,-0.925562,0.321657]]],"btipPosition":[57.4899,338.949,47.4313],"carpPosition":[86.3853,201.389,78.0977],"dipPosition":[60.7351,323.907,52.6589],"direction":[-0.188355,0.936025,-0.297288],"extended":true,"handId":116,"id":1162,"length":57.9502,"mcpPosition":[72.2931,261.121,70.3809],"pipPosition":[65.3674,300.887,59.9701],"stabilizedTipPosition":[54.7356,334.731,47.5243],"timeVisible":5.82733,"tipPosition":[56.5639,335.522,50.5708],"tipVelocity":[-10.491,-0.533242,11.6925],"tool":false,"touchDistance":-0.255292,"touchZone":"touching","type":2,"width":17.9281},{"bases":[[[0.869193,-0.0111895,-0.494347],[0.487049,0.19197,0.852016],[0.0853662,-0.981337,0.172309]],[[0.862319,0.0490311,-0.503986],[0.474087,0.271494,0.837575],[0.177896,-0.96119,0.210869]],[[0.862319,0.0490311,-0.503986],[0.465044,0.317116,0.826542],[0.200348,-0.947118,0.250654]],[[0.862319,0.0490311,-0.503986],[0.459699,0.341541,0.819772],[0.212326,-0.938587,0.271978]]],"btipPosition":[76.2377,333.374,45.6917],"carpPosition":[96.0834,203.877,73.8091],"dipPosition":[79.6686,318.207,50.0865],"direction":[-0.200348,0.947118,-0.250654],"extended":true,"handId":116,"id":1163,"length":55.7206,"mcpPosition":[91.3426,258.375,64.2399],"pipPosition":[84.4686,295.516,56.0917],"stabilizedTipPosition":[76.3833,332.091,46.0091],"timeVisible":5.82733,"tipPosition":[77.89,330.31,48.2676],"tipVelocity":[-12.9705,-0.576394,10.577],"tool":false,"touchDistance":0.0859391,"touchZone":"hovering","type":3,"width":17.0597},{"bases":[[[0.780728,-0.156258,-0.605018],[0.621926,0.100435,0.776608],[-0.0605861,-0.982597,0.175593]],[[0.775014,0.062993,-0.628796],[0.614826,0.154858,0.773309],[0.146087,-0.985926,0.0812877]],[[0.775014,0.062993,-0.628796],[0.60056,0.236255,0.763879],[0.196675,-0.969647,0.14527]],[[0.775014,0.062993,-0.628796],[0.595496,0.260235,0.760041],[0.211512,-0.963488,0.164174]]],"btipPosition":[96.3797,314.552,47.7704],"carpPosition":[104.212,203.124,64.1878],"dipPosition":[99.5327,300.189,50.2178],"direction":[-0.196675,0.969647,-0.14527],"extended":true,"handId":116,"id":1164,"length":43.6839,"mcpPosition":[107.327,253.638,55.1609],"pipPosition":[102.86,283.787,52.6751],"stabilizedTipPosition":[96.1364,312.503,49.033],"timeVisible":5.82733,"tipPosition":[97.8677,311.469,49.9912],"tipVelocity":[-13.5094,-0.474229,8.27132],"tool":false,"touchDistance":0.105551,"touchZone":"hovering","type":4,"width":15.1538}],"r":[[0.983793,0.151121,0.0965028],[-0.176591,0.909901,0.375361],[-0.0310831,-0.386319,0.921841]],"s":0.873733,"t":[-70.9126,56.6931,99.8242],"timestamp":8059244933},{"currentFrameRate":115.284,"devices":[],"gestures":[],"hands":[{"armBasis":[[0.937229,0.161938,-0.308834],[0.208837,0.448604,0.868989],[0.279267,-0.878937,0.386626]],"armWidth":59.0231,"confidence":1,"direction":[-0.155004,0.987912,0.00192344],"elbow":[163.021,-35.718,163.437],"grabAngle":0.168136,"grabStrength":0,"id":116,"palmNormal":[-0.299433,-0.0451256,-0.95305],"palmPosition":[76.9872,239.086,65.6079],"palmVelocity":[-9.28985,-33.0294,-17.1713],"palmWidth":80.6694,"pinchDistance":38.2153,"pinchStrength":0,"r":[[0.983576,0.150944,0.0989662],[-0.177366,0.909934,0.374916],[-0.0334615,-0.386312,0.921761]],"s":0.873537,"sphereCenter":[-13.5785,221.924,-145.305],"sphereRadius":233.019,"stabilizedPalmPosition":[75.1941,240.638,65.1906],"t":[-70.9987,56.5477,99.7688],"timeVisible":5.83579,"type":"right","wrist":[96.1712,174.678,70.8881]}],"id":145738,"interactionBox":{"center":[0,200,0],"size":[235.247,235.247,147.751]},"pointables":[{"bases":[[[0.616408,0.292812,0.73096],[-0.563264,-0.484719,0.669164],[0.550249,-0.824202,-0.133855]],[[0.597241,0.320812,0.735108],[-0.480652,-0.590561,0.648237],[0.642088,-0.740485,-0.198509]],[[0.597241,0.320812,0.735108],[-0.761253,-0.0618924,0.645494],[0.25258,-0.945119,0.207254]],[[0.597241,0.320812,0.735108],[-0.794544,0.361841,0.487618],[-0.109559,-0.875301,0.471005]]],"btipPosition":[32.0795,264.144,58.782],"carpPosition":[65.7259,185.787,65.6416],"dipPosition":[29.8619,246.427,68.3154],"direction":[-0.25258,0.945119,-0.207254],"extended":false,"handId":116,"id":1160,"length":45.0726,"mcpPosition":[65.7259,185.787,65.6416],"pipPosition":[37.3099,218.558,74.4268],"stabilizedTipPosition":[28.5837,263.944,61.8635],"timeVisible":5.83579,"tipPosition":[30.8113,260.018,62.4663],"tipVelocity":[-3.39137,-31.9385,-57.0654],"tool":false,"touchDistance":0.0480799,"touchZone":"hovering","type":0,"width":19.1104},{"bases":[[[0.902052,0.312069,-0.298186],[0.250005,0.1854,0.950329],[0.351852,-0.931794,0.0892211]],[[0.965587,0.0249343,-0.258883],[0.242434,0.274119,0.930637],[0.0941696,-0.961372,0.258641]],[[0.965587,0.0249343,-0.258883],[0.238818,0.309186,0.920527],[0.102996,-0.950675,0.292591]],[[0.965587,0.0249343,-0.258883],[0.232095,0.366571,0.900976],[0.117364,-0.930056,0.348169]]],"btipPosition":[45.8423,327.114,53.3259],"carpPosition":[76.178,197.002,80.0162],"dipPosition":[47.5766,313.372,58.4706],"direction":[-0.102996,0.950675,-0.292591],"extended":true,"handId":116,"id":1161,"length":50.8594,"mcpPosition":[53.2285,257.778,74.1968],"pipPosition":[49.7296,293.499,64.5868],"stabilizedTipPosition":[46.4855,326.335,54.7923],"timeVisible":5.83579,"tipPosition":[47.4899,324.643,56.8311],"tipVelocity":[41.312,-19.835,-58.1056],"tool":false,"touchDistance":-0.0520442,"touchZone":"touching","type":1,"width":18.2543},{"bases":[[[0.88537,0.147102,-0.441],[0.406572,0.214987,0.887964],[0.225431,-0.965475,0.130535]],[[0.904241,0.0442079,-0.424729],[0.394255,0.295673,0.870138],[0.164048,-0.954266,0.24993]],[[0.904241,0.0442079,-0.424729],[0.384489,0.348447,0.854841],[0.185786,-0.936285,0.298083]],[[0.904241,0.0442079,-0.424729],[0.378812,0.376052,0.845627],[0.197104,-0.925543,0.323295]]],"btipPosition":[57.5582,338.705,47.1059],"carpPosition":[86.113,201.139,78.1837],"dipPosition":[60.7616,323.663,52.3602],"direction":[-0.185786,0.936285,-0.298083],"extended":true,"handId":116,"id":1162,"length":57.9502,"mcpPosition":[72.1691,260.858,70.1095],"pipPosition":[65.3306,300.637,59.6909],"stabilizedTipPosition":[54.7462,334.733,47.5266],"timeVisible":5.83579,"tipPosition":[56.7996,335.214,49.8398],"tipVelocity":[6.93721,-28.8151,-37.7245],"tool":false,"touchDistance":-0.260613,"touchZone":"touching","type":2,"width":17.9281},{"bases":[[[0.875709,-0.0132065,-0.482659],[0.475768,0.194061,0.857896],[0.0823354,-0.980901,0.176224]],[[0.869039,0.0467675,-0.492527],[0.463442,0.271523,0.843502],[0.173181,-0.961295,0.214291]],[[0.869039,0.0467675,-0.492527],[0.454398,0.318309,0.831987],[0.195686,-0.946833,0.255372]],[[0.869039,0.0467675,-0.492527],[0.449126,0.342959,0.825025],[0.207501,-0.938185,0.27704]]],"btipPosition":[76.5639,333.071,45.3561],"carpPosition":[95.8694,203.607,74.0179],"dipPosition":[79.9168,317.911,49.8327],"direction":[-0.195686,0.946833,-0.255372],"extended":true,"handId":116,"id":1163,"length":55.7206,"mcpPosition":[91.2969,258.081,64.2313],"pipPosition":[84.605,295.227,55.9509],"stabilizedTipPosition":[76.3879,332.079,46.0109],"timeVisible":5.83579,"tipPosition":[78.106,329.977,47.8652],"tipVelocity":[36.4207,-35.6492,-37.433],"tool":false,"touchDistance":0.0806592,"touchZone":"hovering","type":3,"width":17.0597},{"bases":[[[0.788623,-0.158528,-0.594089],[0.611574,0.102216,0.784557],[-0.0636486,-0.982049,0.177562]],[[0.783193,0.0623995,-0.61864],[0.604719,0.155026,0.781206],[0.144652,-0.985938,0.0836809]],[[0.783193,0.0623995,-0.61864],[0.590622,0.236347,0.771561],[0.194359,-0.969663,0.148251]],[[0.783193,0.0623995,-0.61864],[0.58596,0.258749,0.767919],[0.20799,-0.963927,0.166087]]],"btipPosition":[96.5859,314.228,47.8376],"carpPosition":[104.125,202.821,64.5083],"dipPosition":[99.6864,299.859,50.3134],"direction":[-0.194359,0.969663,-0.148251],"extended":true,"handId":116,"id":1164,"length":43.6839,"mcpPosition":[107.398,253.307,55.3801],"pipPosition":[102.974,283.457,52.8212],"stabilizedTipPosition":[96.1427,312.495,49.0296],"timeVisible":5.83579,"tipPosition":[98.043,311.128,49.9046],"tipVelocity":[22.9402,-38.4344,8.70848],"tool":false,"touchDistance":0.106779,"touchZone":"hovering","type":4,"width":15.1538}],"r":[[0.983576,0.150944,0.0989662],[-0.177366,0.909934,0.374916],[-0.0334615,-0.386312,0.921761]],"s":0.873537,"t":[-70.9987,56.5477,99.7688],"timestamp":8059253396},{"currentFrameRate":115.253,"devices":[],"gestures":[],"hands":[{"armBasis":[[0.938724,0.165432,-0.302374],[0.201486,0.448386,0.870835],[0.279644,-0.878397,0.387579]],"armWidth":59.0231,"confidence":1,"direction":[-0.153891,0.988087,-0.00145316],"elbow":[162.949,-35.8475,163.825],"grabAngle":0.165041,"grabStrength":0,"id":116,"palmNormal":[-0.290325,-0.0466228,-0.955792],"palmPosition":[76.9002,238.834,65.4947],"palmVelocity":[-9.96488,-28.8419,-12.9717],"palmWidth":80.6694,"pinchDistance":38.3151,"pinchStrength":0,"r":[[0.983236,0.150619,0.102766],[-0.178499,0.910143,0.373868],[-0.0372202,-0.385944,0.921771]],"s":0.873535,"sphereCenter":[-11.8616,221.879,-145.127],"sphereRadius":232.122,"stabilizedPalmPosition":[75.2041,240.628,65.1924],"t":[-71.0852,56.3492,99.6845],"timeVisible":5.84452,"type":"right","wrist":[96.0086,174.419,71.048]}],"id":145739,"interactionBox":{"center":[0,200,0],"size":[235.247,235.247,147.751]},"pointables":[{"bases":[[[0.609699,0.293527,0.736281],[-0.57021,-0.482801,0.664653],[0.55057,-0.825073,-0.126991]],[[0.592281,0.319044,0.739874],[-0.485094,-0.591996,0.643603],[0.643341,-0.740102,-0.195862]],[[0.592281,0.319044,0.739874],[-0.766149,-0.0612711,0.639735],[0.249437,-0.945757,0.208146]],[[0.592281,0.319044,0.739874],[-0.797837,0.360453,0.483249],[-0.112512,-0.876518,0.468035]]],"btipPosition":[32.029,263.931,58.5793],"carpPosition":[65.5785,185.548,65.5222],"dipPosition":[29.7517,246.19,68.0525],"direction":[-0.249437,0.945757,-0.208146],"extended":false,"handId":116,"id":1160,"length":45.0726,"mcpPosition":[65.5785,185.548,65.5222],"pipPosition":[37.107,218.302,74.1902],"stabilizedTipPosition":[28.5879,263.938,61.8619],"timeVisible":5.84452,"tipPosition":[30.7981,259.813,61.8429],"tipVelocity":[-7.35371,-24.9851,-24.8057],"tool":false,"touchDistance":0.0444707,"touchZone":"hovering","type":0,"width":19.1104},{"bases":[[[0.905226,0.310486,-0.290111],[0.241085,0.186946,0.952328],[0.349919,-0.932014,0.0943754]],[[0.968191,0.0213795,-0.249298],[0.234366,0.271457,0.933479],[0.0876309,-0.962213,0.257811]],[[0.968191,0.0213795,-0.249298],[0.231192,0.304598,0.923997],[0.0956903,-0.952241,0.289966]],[[0.968191,0.0213795,-0.249298],[0.22512,0.360449,0.905206],[0.109212,-0.932534,0.344171]]],"btipPosition":[46.2114,327.006,53.0932],"carpPosition":[75.9049,196.779,79.975],"dipPosition":[47.8252,313.227,58.1788],"direction":[-0.0956903,0.952241,-0.289966],"extended":true,"handId":116,"id":1161,"length":50.8594,"mcpPosition":[53.0815,257.57,73.8194],"pipPosition":[49.8255,293.322,64.2402],"stabilizedTipPosition":[46.4863,326.314,54.7877],"timeVisible":5.84452,"tipPosition":[47.5591,324.392,56.218],"tipVelocity":[39.1049,-13.3505,-28.205],"tool":false,"touchDistance":-0.0561481,"touchZone":"touching","type":1,"width":18.2543},{"bases":[[[0.889728,0.145263,-0.432763],[0.398278,0.216239,0.891412],[0.223069,-0.965474,0.134539]],[[0.907783,0.0464478,-0.41686],[0.38658,0.292964,0.874487],[0.162743,-0.954994,0.247992]],[[0.907783,0.0464478,-0.41686],[0.376528,0.34767,0.858692],[0.184814,-0.936466,0.29812]],[[0.907783,0.0464478,-0.41686],[0.370481,0.377176,0.848812],[0.196655,-0.924976,0.325186]]],"btipPosition":[57.5386,338.493,46.9537],"carpPosition":[85.8618,200.901,78.23],"dipPosition":[60.7347,323.46,52.2387],"direction":[-0.184814,0.936466,-0.29812],"extended":true,"handId":116,"id":1162,"length":57.9502,"mcpPosition":[72.0639,260.62,69.9082],"pipPosition":[65.2798,300.43,59.5704],"stabilizedTipPosition":[54.7592,334.734,47.529],"timeVisible":5.84452,"tipPosition":[57.0076,334.956,49.3195],"tipVelocity":[-2.4366,-24.0633,-16.6229],"tool":false,"touchDistance":-0.263031,"touchZone":"touching","type":2,"width":17.9281},{"bases":[[[0.880284,-0.0151149,-0.474206],[0.467735,0.195177,0.86205],[0.0795245,-0.980652,0.178881]],[[0.873795,0.044725,-0.484234],[0.456071,0.270202,0.847933],[0.168765,-0.961764,0.215703]],[[0.873795,0.044725,-0.484234],[0.447025,0.31814,0.836036],[0.191446,-0.946988,0.257996]],[[0.873795,0.044725,-0.484234],[0.441776,0.34321,0.82888],[0.203265,-0.938193,0.280137]]],"btipPosition":[76.8517,332.822,45.1765],"carpPosition":[95.6605,203.35,74.1533],"dipPosition":[80.1362,317.662,49.7031],"direction":[-0.191446,0.946988,-0.257996],"extended":true,"handId":116,"id":1163,"length":55.7206,"mcpPosition":[91.2441,257.811,64.2192],"pipPosition":[84.7229,294.974,55.8842],"stabilizedTipPosition":[76.3948,332.063,46.0121],"timeVisible":5.84452,"tipPosition":[78.2862,329.686,47.577],"tipVelocity":[31.168,-28.4699,-19.2589],"tool":false,"touchDistance":0.077857,"touchZone":"hovering","type":3,"width":17.0597},{"bases":[[[0.794107,-0.160553,-0.586189],[0.604133,0.10304,0.790194],[-0.0664668,-0.981634,0.17882]],[[0.788956,0.0621802,-0.611295],[0.597595,0.153769,0.786915],[0.142929,-0.986148,0.0841581]],[[0.788956,0.0621802,-0.611295],[0.583693,0.234974,0.777232],[0.191967,-0.970011,0.14909]],[[0.788956,0.0621802,-0.611295],[0.579299,0.256392,0.773741],[0.204843,-0.964571,0.166261]]],"btipPosition":[96.7519,313.945,47.9581],"carpPosition":[104.007,202.537,64.7249],"dipPosition":[99.8055,299.566,50.4366],"direction":[-0.191967,0.970011,-0.14909],"extended":true,"handId":116,"id":1164,"length":43.6839,"mcpPosition":[107.423,253.001,55.5321],"pipPosition":[103.053,283.158,52.9585],"stabilizedTipPosition":[96.1509,312.483,49.0265],"timeVisible":5.84452,"tipPosition":[98.1791,310.82,49.8409],"tipVelocity":[17.7776,-32.7399,13.8761],"tool":false,"touchDistance":0.108798,"touchZone":"hovering","type":4,"width":15.1538}],"r":[[0.983236,0.150619,0.102766],[-0.178499,0.910143,0.373868],[-0.0372202,-0.385944,0.921771]],"s":0.873535,"t":[-71.0852,56.3492,99.6845],"timestamp":8059262126},{"currentFrameRate":115.245,"devices":[],"gestures":[],"hands":[{"armBasis":[[0.939864,0.167775,-0.297503],[0.196041,0.448278,0.872132],[0.279686,-0.878008,0.38843]],"armWidth":59.0231,"confidence":1,"direction":[-0.153023,0.98821,-0.00490004],"elbow":[162.848,-35.8964,164.219],"grabAngle":0.16187,"grabStrength":0,"id":116,"palmNormal":[-0.283331,-0.0486226,-0.957789],"palmPosition":[76.8513,238.694,65.4268],"palmVelocity":[-5.62056,-16.1487,-7.81468],"palmWidth":80.6694,"pinchDistance":38.4291,"pinchStrength":0,"r":[[0.982822,0.150243,0.10718],[-0.179794,0.910516,0.372336],[-0.0416486,-0.38521,0.921889]],"s":0.873835,"sphereCenter":[-10.06,222.119,-143.866],"sphereRadius":230.265,"stabilizedPalmPosition":[75.2137,240.617,65.1937],"t":[-71.1528,56.1797,99.6084],"timeVisible":5.85321,"type":"right","wrist":[95.8977,174.277,71.2387]}],"id":145740,"interactionBox":{"center":[0,200,0],"size":[235.247,235.247,147.751]},"pointables":[{"bases":[[[0.604523,0.29474,0.740055],[-0.575498,-0.480755,0.661572],[0.550776,-0.825835,-0.121006]],[[0.588803,0.317835,0.743163],[-0.487892,-0.593288,0.64029],[0.644416,-0.739588,-0.194261]],[[0.588803,0.317835,0.743163],[-0.76946,-0.0610937,0.635766],[0.247471,-0.946176,0.208589]],[[0.588803,0.317835,0.743163],[-0.800219,0.358722,0.480591],[-0.113841,-0.877667,0.465554]]],"btipPosition":[31.9716,263.814,58.5193],"carpPosition":[65.4837,185.418,65.4959],"dipPosition":[29.6674,246.049,67.9423],"direction":[-0.247471,0.946176,-0.208589],"extended":false,"handId":116,"id":1160,"length":45.0726,"mcpPosition":[65.4837,185.418,65.4959],"pipPosition":[36.9646,218.149,74.093],"stabilizedTipPosition":[28.5925,263.932,61.86],"timeVisible":5.85321,"tipPosition":[30.8117,259.704,61.3694],"tipVelocity":[-7.32391,-14.1541,-8.23542],"tool":false,"touchDistance":0.0432779,"touchZone":"hovering","type":0,"width":19.1104},{"bases":[[[0.907602,0.309037,-0.284173],[0.234239,0.188979,0.953635],[0.348411,-0.932085,0.0991296]],[[0.970114,0.0184653,-0.241946],[0.228275,0.268635,0.935802],[0.082275,-0.963065,0.256391]],[[0.970114,0.0184653,-0.241946],[0.225459,0.30003,0.926904],[0.0897067,-0.953751,0.2869]],[[0.970114,0.0184653,-0.241946],[0.219907,0.354561,0.908805],[0.102566,-0.934851,0.339904]]],"btipPosition":[46.5405,327.003,52.9859],"carpPosition":[75.7134,196.674,79.9979],"dipPosition":[48.0561,313.189,58.0085],"direction":[-0.0897067,0.953751,-0.2869],"extended":true,"handId":116,"id":1161,"length":50.8594,"mcpPosition":[52.9883,257.469,73.5322],"pipPosition":[49.9313,293.252,64.0057],"stabilizedTipPosition":[46.4905,326.288,54.7809],"timeVisible":5.85321,"tipPosition":[47.6315,324.242,55.689],"tipVelocity":[35.2691,-1.277,-14.0168],"tool":false,"touchDistance":-0.0581782,"touchZone":"touching","type":1,"width":18.2543},{"bases":[[[0.89301,0.143493,-0.426548],[0.3919,0.217995,0.893808],[0.22124,-0.965343,0.138437]],[[0.910297,0.0489013,-0.411057],[0.38087,0.290059,0.877954],[0.162164,-0.955759,0.245415]],[[0.910297,0.0489013,-0.411057],[0.370216,0.348086,0.861264],[0.1852,-0.936186,0.298758]],[[0.910297,0.0489013,-0.411057],[0.363572,0.38034,0.850386],[0.197926,-0.923553,0.328443]]],"btipPosition":[57.4703,338.369,46.8379],"carpPosition":[85.6863,200.783,78.3165],"dipPosition":[60.687,323.359,52.1758],"direction":[-0.1852,0.936186,-0.298758],"extended":true,"handId":116,"id":1162,"length":57.9502,"mcpPosition":[72.0016,260.494,69.7535],"pipPosition":[65.2416,300.336,59.5232],"stabilizedTipPosition":[54.7731,334.735,47.5312],"timeVisible":5.85321,"tipPosition":[57.1883,334.797,48.8595],"tipVelocity":[-7.32014,-13.6678,-11.9277],"tool":false,"touchDistance":-0.264759,"touchZone":"touching","type":2,"width":17.9281},{"bases":[[[0.883733,-0.0169739,-0.467684],[0.461553,0.196806,0.865006],[0.0773605,-0.980295,0.181758]],[[0.877384,0.0427367,-0.477881],[0.450597,0.268724,0.851322],[0.164801,-0.962269,0.216517]],[[0.877384,0.0427367,-0.477881],[0.441614,0.317406,0.839184],[0.187547,-0.947326,0.259614]],[[0.877384,0.0427367,-0.477881],[0.436378,0.342923,0.831852],[0.199427,-0.938391,0.282226]]],"btipPosition":[77.1368,332.697,45.0656],"carpPosition":[95.5168,203.215,74.3063],"dipPosition":[80.3593,317.534,49.626],"direction":[-0.187547,0.947326,-0.259614],"extended":true,"handId":116,"id":1163,"length":55.7206,"mcpPosition":[91.2206,257.655,64.2123],"pipPosition":[84.8525,294.838,55.8459],"stabilizedTipPosition":[76.4041,332.046,46.0127],"timeVisible":5.85321,"tipPosition":[78.4398,329.498,47.2907],"tipVelocity":[31.1703,-14.44,-11.8616],"tool":false,"touchDistance":0.076139,"touchZone":"hovering","type":3,"width":17.0597},{"bases":[[[0.798256,-0.162602,-0.579956],[0.598396,0.104385,0.794371],[-0.0686272,-0.981155,0.180626]],[[0.793299,0.0617018,-0.605697],[0.592261,0.152318,0.791218],[0.141078,-0.986404,0.0842902]],[[0.793299,0.0617018,-0.605697],[0.578636,0.233006,0.781593],[0.189357,-0.970516,0.149141]],[[0.793299,0.0617018,-0.605697],[0.574417,0.253886,0.778194],[0.201794,-0.965264,0.165965]]],"btipPosition":[96.9339,313.782,48.0813],"carpPosition":[103.931,202.372,64.9414],"dipPosition":[99.942,299.393,50.5553],"direction":[-0.189357,0.970516,-0.149141],"extended":true,"handId":116,"id":1164,"length":43.6839,"mcpPosition":[107.459,252.812,55.6557],"pipPosition":[103.145,282.976,53.0781],"stabilizedTipPosition":[96.1602,312.47,49.0241],"timeVisible":5.85321,"tipPosition":[98.2975,310.622,49.7458],"tipVelocity":[19.7374,-19.0232,14.0549],"tool":false,"touchDistance":0.110834,"touchZone":"hovering","type":4,"width":15.1538}],"r":[[0.982822,0.150243,0.10718],[-0.179794,0.910516,0.372336],[-0.0416486,-0.38521,0.921889]],"s":0.873835,"t":[-71.1528,56.1797,99.6084],"timestamp":8059270816},{"currentFrameRate":115.212,"devices":[],"gestures":[],"hands":[{"armBasis":[[0.940423,0.169541,-0.294722],[0.192522,0.448945,0.872573],[0.28025,-0.877328,0.389558]],"armWidth":59.0231,"confidence":1,"direction":[-0.151726,0.988403,-0.00620867],"elbow":[162.829,-35.9371,164.579],"grabAngle":0.160011,"grabStrength":0,"id":116,"palmNormal":[-0.279012,-0.0488545,-0.959044],"palmPosition":[76.7727,238.505,65.396],"palmVelocity":[-9.00462,-21.6577,-3.52576],"palmWidth":80.6694,"pinchDistance":38.531,"pinchStrength":0,"r":[[0.982413,0.149706,0.11159],[-0.180931,0.910907,0.370827],[-0.0461333,-0.384496,0.921973]],"s":0.874275,"sphereCenter":[-8.74574,222.748,-141.978],"sphereRadius":228.006,"stabilizedPalmPosition":[75.2235,240.603,65.195],"t":[-71.226,56.0004,99.5549],"timeVisible":5.86194,"type":"right","wrist":[95.7436,174.073,71.3281]}],"id":145741,"interactionBox":{"center":[0,200,0],"size":[235.247,235.247,147.751]},"pointables":[{"bases":[[[0.601513,0.294423,0.742629],[-0.579134,-0.479603,0.65923],[0.55026,-0.826617,-0.117977]],[[0.58751,0.315081,0.745356],[-0.489344,-0.59526,0.637345],[0.644496,-0.739182,-0.195538]],[[0.58751,0.315081,0.745356],[-0.77102,-0.06169,0.633816],[0.245684,-0.947058,0.20669]],[[0.58751,0.315081,0.745356],[-0.8011,0.356597,0.480706],[-0.114331,-0.879524,0.461915]]],"btipPosition":[31.8832,263.685,58.6555],"carpPosition":[65.3363,185.243,65.446],"dipPosition":[29.5691,245.883,68.0049],"direction":[-0.245684,0.947058,-0.20669],"extended":false,"handId":116,"id":1160,"length":45.0726,"mcpPosition":[65.3363,185.243,65.446],"pipPosition":[36.8136,217.956,74.0996],"stabilizedTipPosition":[28.5973,263.924,61.8582],"timeVisible":5.86194,"tipPosition":[30.7931,259.572,61.1077],"tipVelocity":[-10.38,-15.7432,13.6598],"tool":false,"touchDistance":0.0452666,"touchZone":"hovering","type":0,"width":19.1104},{"bases":[[[0.909289,0.307694,-0.280211],[0.230121,0.189272,0.954579],[0.346754,-0.93247,0.101296]],[[0.971332,0.0154604,-0.237225],[0.224832,0.264457,0.937824],[0.0772348,-0.964274,0.253399]],[[0.971332,0.0154604,-0.237225],[0.222318,0.294348,0.92948],[0.0841969,-0.955573,0.282473]],[[0.971332,0.0154604,-0.237225],[0.217228,0.347658,0.912111],[0.0965746,-0.937494,0.334333]]],"btipPosition":[46.8402,326.972,53.1204],"carpPosition":[75.514,196.495,79.9876],"dipPosition":[48.2673,313.119,58.0606],"direction":[-0.0841969,0.955573,-0.282473],"extended":true,"handId":116,"id":1161,"length":50.8594,"mcpPosition":[52.897,257.316,73.3806],"pipPosition":[50.0273,293.144,63.9654],"stabilizedTipPosition":[46.4989,326.257,54.7745],"timeVisible":5.86194,"tipPosition":[47.6937,324.077,55.44],"tipVelocity":[31.9815,-4.62751,13.2295],"tool":false,"touchDistance":-0.0562522,"touchZone":"touching","type":1,"width":18.2543},{"bases":[[[0.895134,0.14208,-0.422549],[0.388091,0.218048,0.895456],[0.219362,-0.965541,0.140042]],[[0.911655,0.0516722,-0.407694],[0.377658,0.285847,0.880719],[0.162047,-0.956881,0.24108]],[[0.911655,0.0516722,-0.407694],[0.366078,0.348685,0.86279],[0.186739,-0.935815,0.298964]],[[0.911655,0.0516722,-0.407694],[0.35859,0.384582,0.850594],[0.200744,-0.921643,0.332077]]],"btipPosition":[57.3212,338.195,46.888],"carpPosition":[85.4998,200.591,78.3493],"dipPosition":[60.5837,323.217,52.285],"direction":[-0.186739,0.935815,-0.298964],"extended":true,"handId":116,"id":1162,"length":57.9502,"mcpPosition":[71.9313,260.314,69.6871],"pipPosition":[65.1762,300.202,59.6374],"stabilizedTipPosition":[54.7911,334.735,47.5344],"timeVisible":5.86194,"tipPosition":[57.327,334.626,48.667],"tipVelocity":[-15.8597,-19.0639,7.29363],"tool":false,"touchDistance":-0.263697,"touchZone":"touching","type":2,"width":17.9281},{"bases":[[[0.885839,-0.0184005,-0.463628],[0.457848,0.196751,0.866986],[0.0752664,-0.980281,0.182714]],[[0.879629,0.0411936,-0.473873],[0.447514,0.265939,0.853819],[0.161193,-0.963109,0.215493]],[[0.879629,0.0411936,-0.473873],[0.438547,0.315555,0.841488],[0.184197,-0.948013,0.259506]],[[0.879629,0.0411936,-0.473873],[0.433289,0.341637,0.833993],[0.196248,-0.938929,0.282666]]],"btipPosition":[77.359,332.547,45.1239],"carpPosition":[95.3517,203.007,74.3826],"dipPosition":[80.5301,317.375,49.6914],"direction":[-0.184197,0.948013,-0.259506],"extended":true,"handId":116,"id":1163,"length":55.7206,"mcpPosition":[91.1718,257.447,64.2355],"pipPosition":[84.9431,294.662,55.9087],"stabilizedTipPosition":[76.4159,332.025,46.0139],"timeVisible":5.86194,"tipPosition":[78.5556,329.293,47.1997],"tipVelocity":[24.0843,-17.4916,6.86099],"tool":false,"touchDistance":0.0771379,"touchZone":"hovering","type":3,"width":17.0597},{"bases":[[[0.800688,-0.163988,-0.5762],[0.594893,0.10411,0.797034],[-0.0707156,-0.980953,0.180915]],[[0.795969,0.0618153,-0.602173],[0.589135,0.149505,0.794083],[0.139114,-0.986827,0.0825835]],[[0.795969,0.0618153,-0.602173],[0.575735,0.229968,0.78463],[0.186983,-0.971233,0.147458]],[[0.795969,0.0618153,-0.602173],[0.571597,0.250719,0.781291],[0.199272,-0.966084,0.164231]]],"btipPosition":[97.0555,313.585,48.2883],"carpPosition":[103.808,202.148,65.0568],"dipPosition":[100.026,299.183,50.7365],"direction":[-0.186983,0.971233,-0.147458],"extended":true,"handId":116,"id":1164,"length":43.6839,"mcpPosition":[107.443,252.577,55.7562],"pipPosition":[103.189,282.754,53.2308],"stabilizedTipPosition":[96.1695,312.457,49.0231],"timeVisible":5.86194,"tipPosition":[98.3751,310.394,49.7578],"tipVelocity":[12.9385,-22.9096,23.0216],"tool":false,"touchDistance":0.114185,"touchZone":"hovering","type":4,"width":15.1538}],"r":[[0.982413,0.149706,0.11159],[-0.180931,0.910907,0.370827],[-0.0461333,-0.384496,0.921973]],"s":0.874275,"t":[-71.226,56.0004,99.5549],"timestamp":8059279551},{"currentFrameRate":115.124,"devices":[],"gestures":[],"hands":[{"armBasis":[[0.940559,0.171045,-0.29341