{"frames":249,"data":[{"currentFrameRate":109.981,"devices":[],"gestures":[],"hands":[],"id":1122016,"interactionBox":{"center":[0,200,0],"size":[235.247,235.247,147.751]},"pointables":[],"r":[[0.521868,-0.710198,-0.472517],[0.831107,0.298558,0.469174],[-0.192133,-0.637559,0.746058]],"s":6.14998,"t":[-363.815,-2403.61,2794.34],"timestamp":491637294726},{"currentFrameRate":110.216,"devices":[],"gestures":[],"hands":[],"id":1122017,"interactionBox":{"center":[0,200,0],"size":[235.247,235.247,147.751]},"pointables":[],"r":[[0.521868,-0.710198,-0.472517],[0.831107,0.298558,0.469174],[-0.192133,-0.637559,0.746058]],"s":6.14998,"t":[-363.815,-2403.61,2794.34],"timestamp":491637303382},{"currentFrameRate":110.493,"devices":[],"gestures":[],"hands":[],"id":1122018,"interactionBox":{"center":[0,200,0],"size":[235.247,235.247,147.751]},"pointables":[],"r":[[0.521868,-0.710198,-0.472517],[0.831107,0.298558,0.469174],[-0.192133,-0.637559,0.746058]],"s":6.14998,"t":[-363.815,-2403.61,2794.34],"timestamp":491637311941},{"currentFrameRate":110.681,"devices":[],"gestures":[],"hands":[],"id":1122019,"interactionBox":{"center":[0,200,0],"size":[235.247,235.247,147.751]},"pointables":[],"r":[[0.521868,-0.710198,-0.472517],[0.831107,0.298558,0.469174],[-0.192133,-0.637559,0.746058]],"s":6.14998,"t":[-363.815,-2403.61,2794.34],"timestamp":491637320643},{"currentFrameRate":110.852,"devices":[],"gestures":[],"hands":[],"id":1122020,"interactionBox":{"center":[0,200,0],"size":[235.247,235.247,147.751]},"pointables":[],"r":[[0.521868,-0.710198,-0.472517],[0.831107,0.298558,0.469174],[-0.192133,-0.637559,0.746058]],"s":6.14998,"t":[-363.815,-2403.61,2794.34],"timestamp":491637329362},{"currentFrameRate":111.052,"devices":[],"gestures":[],"hands":[],"id":1122021,"interactionBox":{"center":[0,200,0],"size":[235.247,235.247,147.751]},"pointables":[],"r":[[0.521868,-0.710198,-0.472517],[0.831107,0.298558,0.469174],[-0.192133,-0.637559,0.746058]],"s":6.14998,"t":[-363.815,-2403.61,2794.34],"timestamp":491637338016},{"currentFrameRate":111.215,"devices":[],"gestures":[],"hands":[],"id":1122022,"interactionBox":{"center":[0,200,0],"size":[235.247,235.247,147.751]},"pointables":[],"r":[[0.521868,-0.710198,-0.472517],[0.831107,0.298558,0.469174],[-0.192133,-0.637559,0.746058]],"s":6.14998,"t":[-363.815,-2403.61,2794.34],"timestamp":491637346720},{"currentFrameRate":111.415,"devices":[],"gestures":[],"hands":[],"id":1122023,"interactionBox":{"center":[0,200,0],"size":[235.247,235.247,147.751]},"pointables":[],"r":[[0.521868,-0.710198,-0.472517],[0.831107,0.298558,0.469174],[-0.192133,-0.637559,0.746058]],"s":6.14998,"t":[-363.815,-2403.61,2794.34],"timestamp":491637355344},{"currentFrameRate":111.575,"devices":[],"gestures":[],"hands":[],"id":1122024,"interactionBox":{"center":[0,200,0],"size":[235.247,235.247,147.751]},"pointables":[],"r":[[0.521868,-0.710198,-0.472517],[0.831107,0.298558,0.469174],[-0.192133,-0.637559,0.746058]],"s":6.14998,"t":[-363.815,-2403.61,2794.34],"timestamp":491637364026},{"currentFrameRate":111.717,"devices":[],"gestures":[],"hands":[],"id":1122025,"interactionBox":{"center":[0,200,0],"size":[235.247,235.247,147.751]},"pointables":[],"r":[[0.521868,-0.710198,-0.472517],[0.831107,0.298558,0.469174],[-0.192133,-0.637559,0.746058]],"s":6.14998,"t":[-363.815,-2403.61,2794.34],"timestamp":491637372728},{"currentFrameRate":111.833,"devices":[],"gestures":[],"hands":[],"id":1122026,"interactionBox":{"center":[0,200,0],"size":[235.247,235.247,147.751]},"pointables":[],"r":[[0.521868,-0.710198,-0.472517],[0.831107,0.298558,0.469174],[-0.192133,-0.637559,0.746058]],"s":6.14998,"t":[-363.815,-2403.61,2794.34],"timestamp":491637381468},{"currentFrameRate":111.964,"devices":[],"gestures":[],"hands":[],"id":1122027,"interactionBox":{"center":[0,200,0],"size":[235.247,235.247,147.751]},"pointables":[],"r":[[0.521868,-0.710198,-0.472517],[0.831107,0.298558,0.469174],[-0.192133,-0.637559,0.746058]],"s":6.14998,"t":[-363.815,-2403.61,2794.34],"timestamp":491637390170},{"currentFrameRate":112.072,"devices":[],"gestures":[],"hands":[],"id":1122028,"interactionBox":{"center":[0,200,0],"size":[235.247,235.247,147.751]},"pointables":[],"r":[[0.521868,-0.710198,-0.472517],[0.831107,0.298558,0.469174],[-0.192133,-0.637559,0.746058]],"s":6.14998,"t":[-363.815,-2403.61,2794.34],"timestamp":491637398905},{"currentFrameRate":112.227,"devices":[],"gestures":[],"hands":[],"id":1122029,"interactionBox":{"center":[0,200,0],"size":[235.247,235.247,147.751]},"pointables":[],"r":[[0.521868,-0.710198,-0.472517],[0.831107,0.298558,0.469174],[-0.192133,-0.637559,0.746058]],"s":6.14998,"t":[-363.815,-2403.61,2794.34],"timestamp":491637407544},{"currentFrameRate":112.349,"devices":[],"gestures":[],"hands":[],"id":1122030,"interactionBox":{"center":[0,200,0],"size":[235.247,235.247,147.751]},"pointables":[],"r":[[0.521868,-0.710198,-0.472517],[0.831107,0.298558,0.469174],[-0.192133,-0.637559,0.746058]],"s":6.14998,"t":[-363.815,-2403.61,2794.34],"timestamp":491637416233},{"currentFrameRate":112.487,"devices":[],"gestures":[],"hands":[],"id":1122031,"interactionBox":{"center":[0,200,0],"size":[235.247,235.247,147.751]},"pointables":[],"r":[[0.521868,-0.710198,-0.472517],[0.831107,0.298558,0.469174],[-0.192133,-0.637559,0.746058]],"s":6.14998,"t":[-363.815,-2403.61,2794.34],"timestamp":491637424883},{"currentFrameRate":112.572,"devices":[],"gestures":[],"hands":[],"id":1122032,"interactionBox":{"center":[0,200,0],"size":[235.247,235.247,147.751]},"pointables":[],"r":[[0.521868,-0.710198,-0.472517],[0.831107,0.298558,0.469174],[-0.192133,-0.637559,0.746058]],"s":6.14998,"t":[-363.815,-2403.61,2794.34],"timestamp":491637433618},{"currentFrameRate":112.706,"devices":[],"gestures":[],"hands":[],"id":1122033,"interactionBox":{"center":[0,200,0],"size":[235.247,235.247,147.751]},"pointables":[],"r":[[0.521868,-0.710198,-0.472517],[0.831107,0.298558,0.469174],[-0.192133,-0.637559,0.746058]],"s":6.14998,"t":[-363.815,-2403.61,2794.34],"timestamp":491637442258},{"currentFrameRate":112.819,"devices":[],"gestures":[],"hands":[],"id":1122034,"interactionBox":{"center":[0,200,0],"size":[235.247,235.247,147.751]},"pointables":[],"r":[[0.521868,-0.710198,-0.472517],[0.831107,0.298558,0.469174],[-0.192133,-0.637559,0.746058]],"s":6.14998,"t":[-363.815,-2403.61,2794.34],"timestamp":491637450926},{"currentFrameRate":112.871,"devices":[],"gestures":[],"hands":[],"id":1122035,"interactionBox":{"center":[0,200,0],"size":[235.247,235.247,147.751]},"pointables":[],"r":[[0.521868,-0.710198,-0.472517],[0.831107,0.298558,0.469174],[-0.192133,-0.637559,0.746058]],"s":6.14998,"t":[-363.815,-2403.61,2794.34],"timestamp":491637459696},{"currentFrameRate":112.813,"devices":[],"gestures":[],"hands":[],"id":1122036,"interactionBox":{"center":[0,200,0],"size":[235.247,235.247,147.751]},"pointables":[],"r":[[0.521868,-0.710198,-0.472517],[0.831107,0.298558,0.469174],[-0.192133,-0.637559,0.746058]],"s":6.14998,"t":[-363.815,-2403.61,2794.34],"timestamp":491637468660},{"currentFrameRate":113.088,"devices":[],"gestures":[],"hands":[],"id":1122037,"interactionBox":{"center":[0,200,0],"size":[235.247,235.247,147.751]},"pointables":[],"r":[[0.521868,-0.710198,-0.472517],[0.831107,0.298558,0.469174],[-0.192133,-0.637559,0.746058]],"s":6.14998,"t":[-363.815,-2403.61,2794.34],"timestamp":491637477027},{"currentFrameRate":113.227,"devices":[],"gestures":[],"hands":[],"id":1122038,"interactionBox":{"center":[0,200,0],"size":[235.247,235.247,147.751]},"pointables":[],"r":[[0.521868,-0.710198,-0.472517],[0.831107,0.298558,0.469174],[-0.192133,-0.637559,0.746058]],"s":6.14998,"t":[-363.815,-2403.61,2794.34],"timestamp":491637485618},{"currentFrameRate":113.321,"devices":[],"gestures":[],"hands":[],"id":1122039,"interactionBox":{"center":[0,200,0],"size":[235.247,235.247,147.751]},"pointables":[],"r":[[0.521868,-0.710198,-0.472517],[0.831107,0.298558,0.469174],[-0.192133,-0.637559,0.746058]],"s":6.14998,"t":[-363.815,-2403.61,2794.34],"timestamp":491637494280},{"currentFrameRate":113.408,"devices":[],"gestures":[],"hands":[],"id":1122040,"interactionBox":{"center":[0,200,0],"size":[235.247,235.247,147.751]},"pointables":[],"r":[[0.521868,-0.710198,-0.472517],[0.831107,0.298558,0.469174],[-0.192133,-0.637559,0.746058]],"s":6.14998,"t":[-363.815,-2403.61,2794.34],"timestamp":491637502947},{"currentFrameRate":113.468,"devices":[],"gestures":[],"hands":[],"id":1122041,"interactionBox":{"center":[0,200,0],"size":[235.247,235.247,147.751]},"pointables":[],"r":[[0.521868,-0.710198,-0.472517],[0.831107,0.298558,0.469174],[-0.192133,-0.637559,0.746058]],"s":6.14998,"t":[-363.815,-2403.61,2794.34],"timestamp":491637511658},{"currentFrameRate":113.563,"devices":[],"gestures":[],"hands":[],"id":1122042,"interactionBox":{"center":[0,200,0],"size":[235.247,235.247,147.751]},"pointables":[],"r":[[0.521868,-0.710198,-0.472517],[0.831107,0.298558,0.469174],[-0.192133,-0.637559,0.746058]],"s":6.14998,"t":[-363.815,-2403.61,2794.34],"timestamp":491637520299},{"currentFrameRate":113.559,"devices":[],"gestures":[],"hands":[],"id":1122043,"interactionBox":{"center":[0,200,0],"size":[235.247,235.247,147.751]},"pointables":[],"r":[[0.521868,-0.710198,-0.472517],[0.831107,0.298558,0.469174],[-0.192133,-0.637559,0.746058]],"s":6.14998,"t":[-363.815,-2403.61,2794.34],"timestamp":491637529113},{"currentFrameRate":113.715,"devices":[],"gestures":[],"hands":[],"id":1122044,"interactionBox":{"center":[0,200,0],"size":[235.247,235.247,147.751]},"pointables":[],"r":[[0.521868,-0.710198,-0.472517],[0.831107,0.298558,0.469174],[-0.192133,-0.637559,0.746058]],"s":6.14998,"t":[-363.815,-2403.61,2794.34],"timestamp":491637537638},{"currentFrameRate":113.778,"devices":[],"gestures":[],"hands":[],"id":1122045,"interactionBox":{"center":[0,200,0],"size":[235.247,235.247,147.751]},"pointables":[],"r":[[0.521868,-0.710198,-0.472517],[0.831107,0.298558,0.469174],[-0.192133,-0.637559,0.746058]],"s":6.14998,"t":[-363.815,-2403.61,2794.34],"timestamp":491637546318},{"currentFrameRate":113.846,"devices":[],"gestures":[],"hands":[],"id":1122046,"interactionBox":{"center":[0,200,0],"size":[235.247,235.247,147.751]},"pointables":[],"r":[[0.521868,-0.710198,-0.472517],[0.831107,0.298558,0.469174],[-0.192133,-0.637559,0.746058]],"s":6.14998,"t":[-363.815,-2403.61,2794.34],"timestamp":491637554986},{"currentFrameRate":113.889,"devices":[],"gestures":[],"hands":[],"id":1122047,"interactionBox":{"center":[0,200,0],"size":[235.247,235.247,147.751]},"pointables":[],"r":[[0.521868,-0.710198,-0.472517],[0.831107,0.298558,0.469174],[-0.192133,-0.637559,0.746058]],"s":6.14998,"t":[-363.815,-2403.61,2794.34],"timestamp":491637563692},{"currentFrameRate":113.982,"devices":[],"gestures":[],"hands":[],"id":1122048,"interactionBox":{"center":[0,200,0],"size":[235.247,235.247,147.751]},"pointables":[],"r":[[0.521868,-0.710198,-0.472517],[0.831107,0.298558,0.469174],[-0.192133,-0.637559,0.746058]],"s":6.14998,"t":[-363.815,-2403.61,2794.34],"timestamp":491637572306},{"currentFrameRate":114.021,"devices":[],"gestures":[],"hands":[],"id":1122049,"interactionBox":{"center":[0,200,0],"size":[235.247,235.247,147.751]},"pointables":[],"r":[[0.521868,-0.710198,-0.472517],[0.831107,0.298558,0.469174],[-0.192133,-0.637559,0.746058]],"s":6.14998,"t":[-363.815,-2403.61,2794.34],"timestamp":491637581009},{"currentFrameRate":114.091,"devices":[],"gestures":[],"hands":[],"id":1122050,"interactionBox":{"center":[0,200,0],"size":[235.247,235.247,147.751]},"pointables":[],"r":[[0.521868,-0.710198,-0.472517],[0.831107,0.298558,0.469174],[-0.192133,-0.637559,0.746058]],"s":6.14998,"t":[-363.815,-2403.61,2794.34],"timestamp":491637589653},{"currentFrameRate":114.108,"devices":[],"gestures":[],"hands":[],"id":1122051,"interactionBox":{"center":[0,200,0],"size":[235.247,235.247,147.751]},"pointables":[],"r":[[0.521868,-0.710198,-0.472517],[0.831107,0.298558,0.469174],[-0.192133,-0.637559,0.746058]],"s":6.14998,"t":[-363.815,-2403.61,2794.34],"timestamp":491637598389},{"currentFrameRate":114.181,"devices":[],"gestures":[],"hands":[],"id":1122052,"interactionBox":{"center":[0,200,0],"size":[235.247,235.247,147.751]},"pointables":[],"r":[[0.521868,-0.710198,-0.472517],[0.831107,0.298558,0.469174],[-0.192133,-0.637559,0.746058]],"s":6.14998,"t":[-363.815,-2403.61,2794.34],"timestamp":491637607021},{"currentFrameRate":114.216,"devices":[],"gestures":[],"hands":[],"id":1122053,"interactionBox":{"center":[0,200,0],"size":[235.247,235.247,147.751]},"pointables":[],"r":[[0.521868,-0.710198,-0.472517],[0.831107,0.298558,0.469174],[-0.192133,-0.637559,0.746058]],"s":6.14998,"t":[-363.815,-2403.61,2794.34],"timestamp":491637615716},{"currentFrameRate":114.277,"devices":[],"gestures":[],"hands":[],"id":1122054,"interactionBox":{"center":[0,200,0],"size":[235.247,235.247,147.751]},"pointables":[],"r":[[0.521868,-0.710198,-0.472517],[0.831107,0.298558,0.469174],[-0.192133,-0.637559,0.746058]],"s":6.14998,"t":[-363.815,-2403.61,2794.34],"timestamp":491637624362},{"currentFrameRate":114.312,"devices":[],"gestures":[],"hands":[],"id":1122055,"interactionBox":{"center":[0,200,0],"size":[235.247,235.247,147.751]},"pointables":[],"r":[[0.521868,-0.710198,-0.472517],[0.831107,0.298558,0.469174],[-0.192133,-0.637559,0.746058]],"s":6.14998,"t":[-363.815,-2403.61,2794.34],"timestamp":491637633051},{"currentFrameRate":114.355,"devices":[],"gestures":[],"hands":[],"id":1122056,"interactionBox":{"center":[0,200,0],"size":[235.247,235.247,147.751]},"pointables":[],"r":[[0.521868,-0.710198,-0.472517],[0.831107,0.298558,0.469174],[-0.192133,-0.637559,0.746058]],"s":6.14998,"t":[-363.815,-2403.61,2794.34],"timestamp":491637641721},{"currentFrameRate":114.412,"devices":[],"gestures":[],"hands":[],"id":1122057,"interactionBox":{"center":[0,200,0],"size":[235.247,235.247,147.751]},"pointables":[],"r":[[0.521868,-0.710198,-0.472517],[0.831107,0.298558,0.469174],[-0.192133,-0.637559,0.746058]],"s":6.14998,"t":[-363.815,-2403.61,2794.34],"timestamp":491637650365},{"currentFrameRate":114.442,"devices":[],"gestures":[],"hands":[],"id":1122058,"interactionBox":{"center":[0,200,0],"size":[235.247,235.247,147.751]},"pointables":[],"r":[[0.521868,-0.710198,-0.472517],[0.831107,0.298558,0.469174],[-0.192133,-0.637559,0.746058]],"s":6.14998,"t":[-363.815,-2403.61,2794.34],"timestamp":491637659052},{"currentFrameRate":114.461,"devices":[],"gestures":[],"hands":[],"id":1122059,"interactionBox":{"center":[0,200,0],"size":[235.247,235.247,147.751]},"pointables":[],"r":[[0.521868,-0.710198,-0.472517],[0.831107,0.298558,0.469174],[-0.192133,-0.637559,0.746058]],"s":6.14998,"t":[-363.815,-2403.61,2794.34],"timestamp":491637667756},{"currentFrameRate":114.505,"devices":[],"gestures":[],"hands":[],"id":1122060,"interactionBox":{"center":[0,200,0],"size":[235.247,235.247,147.751]},"pointables":[],"r":[[0.521868,-0.710198,-0.472517],[0.831107,0.298558,0.469174],[-0.192133,-0.637559,0.746058]],"s":6.14998,"t":[-363.815,-2403.61,2794.34],"timestamp":491637676414},{"currentFrameRate":114.556,"devices":[],"gestures":[],"hands":[],"id":1122061,"interactionBox":{"center":[0,200,0],"size":[235.247,235.247,147.751]},"pointables":[],"r":[[0.521868,-0.710198,-0.472517],[0.831107,0.298558,0.469174],[-0.192133,-0.637559,0.746058]],"s":6.14998,"t":[-363.815,-2403.61,2794.34],"timestamp":491637685056},{"currentFrameRate":114.505,"devices":[],"gestures":[],"hands":[],"id":1122062,"interactionBox":{"center":[0,200,0],"size":[235.247,235.247,147.751]},"pointables":[],"r":[[0.521868,-0.710198,-0.472517],[0.831107,0.298558,0.469174],[-0.192133,-0.637559,0.746058]],"s":6.14998,"t":[-363.815,-2403.61,2794.34],"timestamp":491637693877},{"currentFrameRate":114.612,"devices":[],"gestures":[],"hands":[],"id":1122063,"interactionBox":{"center":[0,200,0],"size":[235.247,235.247,147.751]},"pointables":[],"r":[[0.521868,-0.710198,-0.472517],[0.831107,0.298558,0.469174],[-0.192133,-0.637559,0.746058]],"s":6.14998,"t":[-363.815,-2403.61,2794.34],"timestamp":491637702418},{"currentFrameRate":114.646,"devices":[],"gestures":[],"hands":[],"id":1122064,"interactionBox":{"center":[0,200,0],"size":[235.247,235.247,147.751]},"pointables":[],"r":[[0.521868,-0.710198,-0.472517],[0.831107,0.298558,0.469174],[-0.192133,-0.637559,0.746058]],"s":6.14998,"t":[-363.815,-2403.61,2794.34],"timestamp":491637711083},{"currentFrameRate":114.673,"devices":[],"gestures":[],"hands":[],"id":1122065,"interactionBox":{"center":[0,200,0],"size":[235.247,235.247,147.751]},"pointables":[],"r":[[0.521868,-0.710198,-0.472517],[0.831107,0.298558,0.469174],[-0.192133,-0.637559,0.746058]],"s":6.14998,"t":[-363.815,-2403.61,2794.34],"timestamp":491637719757},{"currentFrameRate":114.707,"devices":[],"gestures":[],"hands":[],"id":1122066,"interactionBox":{"center":[0,200,0],"size":[235.247,235.247,147.751]},"pointables":[],"r":[[0.521868,-0.710198,-0.472517],[0.831107,0.298558,0.469174],[-0.192133,-0.637559,0.746058]],"s":6.14998,"t":[-363.815,-2403.61,2794.34],"timestamp":491637728418},{"currentFrameRate":114.719,"devices":[],"gestures":[],"hands":[],"id":1122067,"interactionBox":{"center":[0,200,0],"size":[235.247,235.247,147.751]},"pointables":[],"r":[[0.521868,-0.710198,-0.472517],[0.831107,0.298558,0.469174],[-0.192133,-0.637559,0.746058]],"s":6.14998,"t":[-363.815,-2403.61,2794.34],"timestamp":491637737114},{"currentFrameRate":114.732,"devices":[],"gestures":[],"hands":[],"id":1122068,"interactionBox":{"center":[0,200,0],"size":[235.247,235.247,147.751]},"pointables":[],"r":[[0.521868,-0.710198,-0.472517],[0.831107,0.298558,0.469174],[-0.192133,-0.637559,0.746058]],"s":6.14998,"t":[-363.815,-2403.61,2794.34],"timestamp":491637745808},{"currentFrameRate":114.779,"devices":[],"gestures":[],"hands":[],"id":1122069,"interactionBox":{"center":[0,200,0],"size":[235.247,235.247,147.751]},"pointables":[],"r":[[0.521868,-0.710198,-0.472517],[0.831107,0.298558,0.469174],[-0.192133,-0.637559,0.746058]],"s":6.14998,"t":[-363.815,-2403.61,2794.34],"timestamp":491637754440},{"currentFrameRate":114.784,"devices":[],"gestures":[],"hands":[],"id":1122070,"interactionBox":{"center":[0,200,0],"size":[235.247,235.247,147.751]},"pointables":[],"r":[[0.521868,-0.710198,-0.472517],[0.831107,0.298558,0.469174],[-0.192133,-0.637559,0.746058]],"s":6.14998,"t":[-363.815,-2403.61,2794.34],"timestamp":491637763143},{"currentFrameRate":114.821,"devices":[],"gestures":[],"hands":[],"id":1122071,"interactionBox":{"center":[0,200,0],"size":[235.247,235.247,147.751]},"pointables":[],"r":[[0.521868,-0.710198,-0.472517],[0.831107,0.298558,0.469174],[-0.192133,-0.637559,0.746058]],"s":6.14998,"t":[-363.815,-2403.61,2794.34],"timestamp":491637771789},{"currentFrameRate":114.831,"devices":[],"gestures":[],"hands":[],"id":1122072,"interactionBox":{"center":[0,200,0],"size":[235.247,235.247,147.751]},"pointables":[],"r":[[0.521868,-0.710198,-0.472517],[0.831107,0.298558,0.469174],[-0.192133,-0.637559,0.746058]],"s":6.14998,"t":[-363.815,-2403.61,2794.34],"timestamp":491637780481},{"currentFrameRate":114.867,"devices":[],"gestures":[],"hands":[],"id":1122073,"interactionBox":{"center":[0,200,0],"size":[235.247,235.247,147.751]},"pointables":[],"r":[[0.521868,-0.710198,-0.472517],[0.831107,0.298558,0.469174],[-0.192133,-0.637559,0.746058]],"s":6.14998,"t":[-363.815,-2403.61,2794.34],"timestamp":491637789125},{"currentFrameRate":114.873,"devices":[],"gestures":[],"hands":[],"id":1122074,"interactionBox":{"center":[0,200,0],"size":[235.247,235.247,147.751]},"pointables":[],"r":[[0.521868,-0.710198,-0.472517],[0.831107,0.298558,0.469174],[-0.192133,-0.637559,0.746058]],"s":6.14998,"t":[-363.815,-2403.61,2794.34],"timestamp":491637797821},{"currentFrameRate":114.911,"devices":[],"gestures":[],"hands":[],"id":1122075,"interactionBox":{"center":[0,200,0],"size":[235.247,235.247,147.751]},"pointables":[],"r":[[0.521868,-0.710198,-0.472517],[0.831107,0.298558,0.469174],[-0.192133,-0.637559,0.746058]],"s":6.14998,"t":[-363.815,-2403.61,2794.34],"timestamp":491637806458},{"currentFrameRate":114.898,"devices":[],"gestures":[],"hands":[],"id":1122076,"interactionBox":{"center":[0,200,0],"size":[235.247,235.247,147.751]},"pointables":[],"r":[[0.521868,-0.710198,-0.472517],[0.831107,0.298558,0.469174],[-0.192133,-0.637559,0.746058]],"s":6.14998,"t":[-363.815,-2403.61,2794.34],"timestamp":491637815184},{"currentFrameRate":114.925,"devices":[],"gestures":[],"hands":[],"id":1122077,"interactionBox":{"center":[0,200,0],"size":[235.247,235.247,147.751]},"pointables":[],"r":[[0.521868,-0.710198,-0.472517],[0.831107,0.298558,0.469174],[-0.192133,-0.637559,0.746058]],"s":6.14998,"t":[-363.815,-2403.61,2794.34],"timestamp":491637823838},{"currentFrameRate":114.932,"devices":[],"gestures":[],"hands":[],"id":1122078,"interactionBox":{"center":[0,200,0],"size":[235.247,235.247,147.751]},"pointables":[],"r":[[0.521868,-0.710198,-0.472517],[0.831107,0.298558,0.469174],[-0.192133,-0.637559,0.746058]],"s":6.14998,"t":[-363.815,-2403.61,2794.34],"timestamp":491637832528},{"currentFrameRate":114.986,"devices":[],"gestures":[],"hands":[],"id":1122079,"interactionBox":{"center":[0,200,0],"size":[235.247,235.247,147.751]},"pointables":[],"r":[[0.521868,-0.710198,-0.472517],[0.831107,0.298558,0.469174],[-0.192133,-0.637559,0.746058]],"s":6.14998,"t":[-363.815,-2403.61,2794.34],"timestamp":491637841133},{"currentFrameRate":114.952,"devices":[],"gestures":[],"hands":[],"id":1122080,"interactionBox":{"center":[0,200,0],"size":[235.247,235.247,147.751]},"pointables":[],"r":[[0.521868,-0.710198,-0.472517],[0.831107,0.298558,0.469174],[-0.192133,-0.637559,0.746058]],"s":6.14998,"t":[-363.815,-2403.61,2794.34],"timestamp":491637849890},{"currentFrameRate":114.991,"devices":[],"gestures":[],"hands":[],"id":1122081,"interactionBox":{"center":[0,200,0],"size":[235.247,235.247,147.751]},"pointables":[],"r":[[0.521868,-0.710198,-0.472517],[0.831107,0.298558,0.469174],[-0.192133,-0.637559,0.746058]],"s":6.14998,"t":[-363.815,-2403.61,2794.34],"timestamp":491637858520},{"currentFrameRate":115.006,"devices":[],"gestures":[],"hands":[],"id":1122082,"interactionBox":{"center":[0,200,0],"size":[235.247,235.247,147.751]},"pointables":[],"r":[[0.521868,-0.710198,-0.472517],[0.831107,0.298558,0.469174],[-0.192133,-0.637559,0.746058]],"s":6.14998,"t":[-363.815,-2403.61,2794.34],"timestamp":491637867190},{"currentFrameRate":115.017,"devices":[],"gestures":[],"hands":[],"id":1122083,"interactionBox":{"center":[0,200,0],"size":[235.247,235.247,147.751]},"pointables":[],"r":[[0.521868,-0.710198,-0.472517],[0.831107,0.298558,0.469174],[-0.192133,-0.637559,0.746058]],"s":6.14998,"t":[-363.815,-2403.61,2794.34],"timestamp":491637875865},{"currentFrameRate":115.032,"devices":[],"gestures":[],"hands":[],"id":1122084,"interactionBox":{"center":[0,200,0],"size":[235.247,235.247,147.751]},"pointables":[],"r":[[0.521868,-0.710198,-0.472517],[0.831107,0.298558,0.469174],[-0.192133,-0.637559,0.746058]],"s":6.14998,"t":[-363.815,-2403.61,2794.34],"timestamp":491637884533},{"currentFrameRate":115.023,"devices":[],"gestures":[],"hands":[],"id":1122085,"interactionBox":{"center":[0,200,0],"size":[235.247,235.247,147.751]},"pointables":[],"r":[[0.521868,-0.710198,-0.472517],[0.831107,0.298558,0.469174],[-0.192133,-0.637559,0.746058]],"s":6.14998,"t":[-363.815,-2403.61,2794.34],"timestamp":491637893242},{"currentFrameRate":115.059,"devices":[],"gestures":[],"hands":[],"id":1122086,"interactionBox":{"center":[0,200,0],"size":[235.247,235.247,147.751]},"pointables":[],"r":[[0.521868,-0.710198,-0.472517],[0.831107,0.298558,0.469174],[-0.192133,-0.637559,0.746058]],"s":6.14998,"t":[-363.815,-2403.61,2794.34],"timestamp":491637901872},{"currentFrameRate":115.071,"devices":[],"gestures":[],"hands":[],"id":1122087,"interactionBox":{"center":[0,200,0],"size":[235.247,235.247,147.751]},"pointables":[],"r":[[0.521868,-0.710198,-0.472517],[0.831107,0.298558,0.469174],[-0.192133,-0.637559,0.746058]],"s":6.14998,"t":[-363.815,-2403.61,2794.34],"timestamp":491637910541},{"currentFrameRate":115.066,"devices":[],"gestures":[],"hands":[],"id":1122088,"interactionBox":{"center":[0,200,0],"size":[235.247,235.247,147.751]},"pointables":[],"r":[[0.521868,-0.710198,-0.472517],[0.831107,0.298558,0.469174],[-0.192133,-0.637559,0.746058]],"s":6.14998,"t":[-363.815,-2403.61,2794.34],"timestamp":491637919241},{"currentFrameRate":115.102,"devices":[],"gestures":[],"hands":[],"id":1122089,"interactionBox":{"center":[0,200,0],"size":[235.247,235.247,147.751]},"pointables":[],"r":[[0.521868,-0.710198,-0.472517],[0.831107,0.298558,0.469174],[-0.192133,-0.637559,0.746058]],"s":6.14998,"t":[-363.815,-2403.61,2794.34],"timestamp":491637927867},{"currentFrameRate":115.118,"devices":[],"gestures":[],"hands":[],"id":1122090,"interactionBox":{"center":[0,200,0],"size":[235.247,235.247,147.751]},"pointables":[],"r":[[0.521868,-0.710198,-0.472517],[0.831107,0.298558,0.469174],[-0.192133,-0.637559,0.746058]],"s":6.14998,"t":[-363.815,-2403.61,2794.34],"timestamp":491637936528},{"currentFrameRate":115.126,"devices":[],"gestures":[],"hands":[],"id":1122091,"interactionBox":{"center":[0,200,0],"size":[235.247,235.247,147.751]},"pointables":[],"r":[[0.521868,-0.710198,-0.472517],[0.831107,0.298558,0.469174],[-0.192133,-0.637559,0.746058]],"s":6.14998,"t":[-363.815,-2403.61,2794.34],"timestamp":491637945200},{"currentFrameRate":115.122,"devices":[],"gestures":[],"hands":[],"id":1122092,"interactionBox":{"center":[0,200,0],"size":[235.247,235.247,147.751]},"pointables":[],"r":[[0.521868,-0.710198,-0.472517],[0.831107,0.298558,0.469174],[-0.192133,-0.637559,0.746058]],"s":6.14998,"t":[-363.815,-2403.61,2794.34],"timestamp":491637953893},{"currentFrameRate":115.106,"devices":[],"gestures":[],"hands":[],"id":1122093,"interactionBox":{"center":[0,200,0],"size":[235.247,235.247,147.751]},"pointables":[],"r":[[0.521868,-0.710198,-0.472517],[0.831107,0.298558,0.469174],[-0.192133,-0.637559,0.746058]],"s":6.14998,"t":[-363.815,-2403.61,2794.34],"timestamp":491637962607},{"currentFrameRate":115.139,"devices":[],"gestures":[],"hands":[],"id":1122094,"interactionBox":{"center":[0,200,0],"size":[235.247,235.247,147.751]},"pointables":[],"r":[[0.521868,-0.710198,-0.472517],[0.831107,0.298558,0.469174],[-0.192133,-0.637559,0.746058]],"s":6.14998,"t":[-363.815,-2403.61,2794.34],"timestamp":491637971237},{"currentFrameRate":115.137,"devices":[],"gestures":[],"hands":[],"id":1122095,"interactionBox":{"center":[0,200,0],"size":[235.247,235.247,147.751]},"pointables":[],"r":[[0.521868,-0.710198,-0.472517],[0.831107,0.298558,0.469174],[-0.192133,-0.637559,0.746058]],"s":6.14998,"t":[-363.815,-2403.61,2794.34],"timestamp":491637979926},{"currentFrameRate":115.164,"devices":[],"gestures":[],"hands":[],"id":1122096,"interactionBox":{"center":[0,200,0],"size":[235.247,235.247,147.751]},"pointables":[],"r":[[0.521868,-0.710198,-0.472517],[0.831107,0.298558,0.469174],[-0.192133,-0.637559,0.746058]],"s":6.14998,"t":[-363.815,-2403.61,2794.34],"timestamp":491637988563},{"currentFrameRate":115.132,"devices":[],"gestures":[],"hands":[],"id":1122097,"interactionBox":{"center":[0,200,0],"size":[235.247,235.247,147.751]},"pointables":[],"r":[[0.521868,-0.710198,-0.472517],[0.831107,0.298558,0.469174],[-0.192133,-0.637559,0.746058]],"s":6.14998,"t":[-363.815,-2403.61,2794.34],"timestamp":491637997303},{"currentFrameRate":115.169,"devices":[],"gestures":[],"hands":[],"id":1122098,"interactionBox":{"center":[0,200,0],"size":[235.247,235.247,147.751]},"pointables":[],"r":[[0.521868,-0.710198,-0.472517],[0.831107,0.298558,0.469174],[-0.192133,-0.637559,0.746058]],"s":6.14998,"t":[-363.815,-2403.61,2794.34],"timestamp":491638005923},{"currentFrameRate":115.161,"devices":[],"gestures":[],"hands":[],"id":1122099,"interactionBox":{"center":[0,200,0],"size":[235.247,235.247,147.751]},"pointables":[],"r":[[0.521868,-0.710198,-0.472517],[0.831107,0.298558,0.469174],[-0.192133,-0.637559,0.746058]],"s":6.14998,"t":[-363.815,-2403.61,2794.34],"timestamp":491638014620},{"currentFrameRate":115.182,"devices":[],"gestures":[],"hands":[],"id":1122100,"interactionBox":{"center":[0,200,0],"size":[235.247,235.247,147.751]},"pointables":[],"r":[[0.521868,-0.710198,-0.472517],[0.831107,0.298558,0.469174],[-0.192133,-0.637559,0.746058]],"s":6.14998,"t":[-363.815,-2403.61,2794.34],"timestamp":491638023267},{"currentFrameRate":115.146,"devices":[],"gestures":[],"hands":[],"id":1122101,"interactionBox":{"center":[0,200,0],"size":[235.247,235.247,147.751]},"pointables":[],"r":[[0.521868,-0.710198,-0.472517],[0.831107,0.298558,0.469174],[-0.192133,-0.637559,0.746058]],"s":6.14998,"t":[-363.815,-2403.61,2794.34],"timestamp":491638032013},{"currentFrameRate":115.198,"devices":[],"gestures":[],"hands":[],"id":1122102,"interactionBox":{"center":[0,200,0],"size":[235.247,235.247,147.751]},"pointables":[],"r":[[0.521868,-0.710198,-0.472517],[0.831107,0.298558,0.469174],[-0.192133,-0.637559,0.746058]],"s":6.14998,"t":[-363.815,-2403.61,2794.34],"timestamp":491638040604},{"currentFrameRate":115.179,"devices":[],"gestures":[],"hands":[],"id":1122103,"interactionBox":{"center":[0,200,0],"size":[235.247,235.247,147.751]},"pointables":[],"r":[[0.521868,-0.710198,-0.472517],[0.831107,0.298558,0.469174],[-0.192133,-0.637559,0.746058]],"s":6.14998,"t":[-363.815,-2403.61,2794.34],"timestamp":491638049319},{"currentFrameRate":115.185,"devices":[],"gestures":[],"hands":[],"id":1122104,"interactionBox":{"center":[0,200,0],"size":[235.247,235.247,147.751]},"pointables":[],"r":[[0.521868,-0.710198,-0.472517],[0.831107,0.298558,0.469174],[-0.192133,-0.637559,0.746058]],"s":6.14998,"t":[-363.815,-2403.61,2794.34],"timestamp":491638057990},{"currentFrameRate":115.199,"devices":[],"gestures":[],"hands":[],"id":1122105,"interactionBox":{"center":[0,200,0],"size":[235.247,235.247,147.751]},"pointables":[],"r":[[0.521868,-0.710198,-0.472517],[0.831107,0.298558,0.469174],[-0.192133,-0.637559,0.746058]],"s":6.14998,"t":[-363.815,-2403.61,2794.34],"timestamp":491638066647},{"currentFrameRate":115.196,"devices":[],"gestures":[],"hands":[],"id":1122106,"interactionBox":{"center":[0,200,0],"size":[235.247,235.247,147.751]},"pointables":[],"r":[[0.521868,-0.710198,-0.472517],[0.831107,0.298558,0.469174],[-0.192133,-0.637559,0.746058]],"s":6.14998,"t":[-363.815,-2403.61,2794.34],"timestamp":491638075333},{"currentFrameRate":115.21,"devices":[],"gestures":[],"hands":[],"id":1122107,"interactionBox":{"center":[0,200,0],"size":[235.247,235.247,147.751]},"pointables":[],"r":[[0.521868,-0.710198,-0.472517],[0.831107,0.298558,0.469174],[-0.192133,-0.637559,0.746058]],"s":6.14998,"t":[-363.815,-2403.61,2794.34],"timestamp":491638083989},{"currentFrameRate":115.202,"devices":[],"gestures":[],"hands":[],"id":1122108,"interactionBox":{"center":[0,200,0],"size":[235.247,235.247,147.751]},"pointables":[],"r":[[0.521868,-0.710198,-0.472517],[0.831107,0.298558,0.469174],[-0.192133,-0.637559,0.746058]],"s":6.14998,"t":[-363.815,-2403.61,2794.34],"timestamp":491638092683},{"currentFrameRate":115.221,"devices":[],"gestures":[],"hands":[],"id":1122109,"interactionBox":{"center":[0,200,0],"size":[235.247,235.247,147.751]},"pointables":[],"r":[[0.521868,-0.710198,-0.472517],[0.831107,0.298558,0.469174],[-0.192133,-0.637559,0.746058]],"s":6.14998,"t":[-363.815,-2403.61,2794.34],"timestamp":491638101330},{"currentFrameRate":115.225,"devices":[],"gestures":[],"hands":[],"id":1122110,"interactionBox":{"center":[0,200,0],"size":[235.247,235.247,147.751]},"pointables":[],"r":[[0.521868,-0.710198,-0.472517],[0.831107,0.298558,0.469174],[-0.192133,-0.637559,0.746058]],"s":6.14998,"t":[-363.815,-2403.61,2794.34],"timestamp":491638110002},{"currentFrameRate":115.234,"devices":[],"gestures":[],"hands":[],"id":1122111,"interactionBox":{"center":[0,200,0],"size":[235.247,235.247,147.751]},"pointables":[],"r":[[0.521868,-0.710198,-0.472517],[0.831107,0.298558,0.469174],[-0.192133,-0.637559,0.746058]],"s":6.14998,"t":[-363.815,-2403.61,2794.34],"timestamp":491638118665},{"currentFrameRate":115.162,"devices":[],"gestures":[],"hands":[{"armBasis":[[0.756883,-0.271047,-0.594694],[0.253612,0.960449,-0.11497],[0.602336,-0.0638032,0.795689]],"armWidth":63.2281,"confidence":0,"direction":[-0.518597,0.526597,-0.673611],"elbow":[181.447,100.172,343.733],"grabAngle":1.83013,"grabStrength":0,"id":486,"palmNormal":[-0.54682,-0.80992,-0.212173],"palmPosition":[-27.4153,150.487,82.6746],"palmVelocity":[1.19209e-7,1.19209e-7,1.19209e-7],"palmWidth":90.2876,"pinchDistance":73.6852,"pinchStrength":0.863186,"r":[[1,-1.11022e-17,0],[1.11022e-17,1,-1.11022e-17],[1.2326e-34,1.11022e-17,1]],"s":1,"sphereCenter":[-64.6069,141.753,63.3322],"sphereRadius":50.8778,"stabilizedPalmPosition":[-27.4153,150.487,82.6746],"t":[0,0,0],"timeVisible":0,"type":"right","wrist":[20.0721,117.266,130.556]}],"id":1122112,"interactionBox":{"center":[0,200,0],"size":[235.247,235.247,147.751]},"pointables":[{"bases":[[[0.560896,-0.166228,-0.811026],[0.448563,0.8844,0.128954],[0.695835,-0.436126,0.57062]],[[0.647857,-0.222355,-0.728587],[0.447588,0.885047,0.12789],[0.616397,-0.408962,0.672908]],[[0.647857,-0.222355,-0.728587],[0.398403,0.914116,0.0752832],[0.649274,-0.339044,0.680803]],[[0.647857,-0.222355,-0.728587],[0.347124,0.937548,0.0225352],[0.678075,-0.26751,0.684582]]],"btipPosition":[-108.783,201.805,27.3851],"carpPosition":[-4.6407,139.866,125.662],"dipPosition":[-97.2874,197.27,38.9913],"direction":[-0.649274,0.339044,-0.680803],"extended":true,"handId":486,"id":4861,"length":58.3535,"mcpPosition":[-55.4378,171.704,84.0061],"pipPosition":[-81.7153,189.139,55.3196],"stabilizedTipPosition":[-106.139,200.762,30.0545],"timeVisible":0,"tipPosition":[-106.139,200.762,30.0545],"tipVelocity":[1.19209e-7,1.19209e-7,1.19209e-7],"tool":false,"touchDistance":1,"touchZone":"none","type":1,"width":19.1935},{"bases":[[[0.565007,-0.371939,-0.736497],[0.552099,0.833775,0.00248039],[0.613151,-0.408021,0.676436]],[[0.60166,-0.396337,-0.693486],[0.525069,0.850512,-0.0305358],[0.60192,-0.345756,0.719823]],[[0.60166,-0.396337,-0.693486],[0.403359,0.900136,-0.164491],[0.689426,-0.180756,0.701441]],[[0.60166,-0.396337,-0.693486],[0.316207,0.915467,-0.248864],[0.733498,-0.0695537,0.676124]]],"btipPosition":[-101.878,190.787,2.08665],"carpPosition":[2.48969,139.606,115.744],"dipPosition":[-88.2006,189.49,14.6943],"direction":[-0.689426,0.180756,-0.701441],"extended":true,"handId":486,"id":4862,"length":66.4892,"mcpPosition":[-39.9584,167.853,68.9147],"pipPosition":[-68.7472,184.39,34.4868],"stabilizedTipPosition":[-98.7323,190.489,4.9864],"timeVisible":0,"tipPosition":[-98.7323,190.489,4.9864],"tipVelocity":[1.19209e-7,1.19209e-7,1.19209e-7],"tool":false,"touchDistance":1,"touchZone":"none","type":2,"width":18.8505},{"bases":[[[0.652392,0.723226,-0.226558],[-0.0820562,0.364583,0.927548],[0.753427,-0.586535,0.297196]],[[0.364497,0.877188,-0.312543],[-0.488496,0.465862,0.737797],[0.792789,-0.116249,0.598308]],[[0.364497,0.877188,-0.312543],[-0.875362,0.437243,0.206299],[0.31762,0.198393,0.927231]],[[0.364497,0.877188,-0.312543],[-0.884942,0.221821,-0.40948],[-0.289862,0.425836,0.857113]]],"btipPosition":[-58.2874,109.785,53.4533],"carpPosition":[-15.0044,120.628,134.364],"dipPosition":[-65.0188,119.674,73.358],"direction":[-0.31762,-0.198393,-0.927231],"extended":false,"handId":486,"id":4860,"length":51.714,"mcpPosition":[-15.0044,120.628,134.364],"pipPosition":[-54.273,126.386,104.728],"stabilizedTipPosition":[-59.8356,112.059,58.0314],"timeVisible":0,"tipPosition":[-59.8356,112.059,58.0314],"tipVelocity":[1.19209e-7,1.19209e-7,1.19209e-7],"tool":false,"touchDistance":1,"touchZone":"none","type":0,"width":20.0937},{"bases":[[[0.605841,-0.489717,-0.627004],[0.61032,0.791639,-0.0285833],[0.510359,-0.365356,0.778491]],[[0.635354,-0.510744,-0.579195],[-0.282033,0.544751,-0.789749],[0.718876,0.665122,0.202063]],[[0.635354,-0.510744,-0.579195],[-0.757321,-0.558739,-0.338046],[-0.150964,0.653415,-0.741794]],[[0.635354,-0.510744,-0.579195],[-0.47067,-0.850743,0.233893],[-0.612205,0.124005,-0.780915]]],"btipPosition":[-38.7558,109.132,83.7833],"carpPosition":[9.33757,136.171,106.261],"dipPosition":[-50.1059,111.431,69.3053],"direction":[0.150964,-0.653415,0.741794],"extended":false,"handId":486,"id":4863,"length":63.9311,"mcpPosition":[-22.3845,158.881,57.8732],"pipPosition":[-54.2557,129.393,48.9148],"stabilizedTipPosition":[-41.3663,109.661,80.4534],"timeVisible":0,"tipPosition":[-41.3663,109.661,80.4534],"tipVelocity":[1.19209e-7,1.19209e-7,1.19209e-7],"tool":false,"touchDistance":0.333333,"touchZone":"none","type":3,"width":17.9375},{"bases":[[[0.551611,-0.652736,-0.519289],[0.739796,0.670424,-0.0568665],[0.385262,-0.352799,0.852705]],[[0.525152,-0.628189,-0.574103],[-0.241629,0.536784,-0.80838],[0.815984,0.563243,0.130105]],[[0.525152,-0.628189,-0.574103],[-0.849611,-0.425651,-0.311418],[-0.0487379,0.651306,-0.757248]],[[0.525152,-0.628189,-0.574103],[-0.601542,-0.751207,0.271726],[-0.601965,0.202649,-0.77238]]],"btipPosition":[-25.3184,110.327,72.1829],"carpPosition":[14.2368,125.896,97.9032],"dipPosition":[-35.6142,113.793,58.9723],"direction":[0.0487379,-0.651306,0.757248],"extended":false,"handId":486,"id":4864,"length":50.1208,"mcpPosition":[-7.93031,146.195,48.8407],"pipPosition":[-36.5601,126.433,44.2758],"stabilizedTipPosition":[-27.6864,111.124,69.1445],"timeVisible":0,"tipPosition":[-27.6864,111.124,69.1445],"tipVelocity":[1.19209e-7,1.19209e-7,1.19209e-7],"tool":false,"touchDistance":0.333333,"touchZone":"none","type":4,"width":15.9335}],"r":[[1,-1.11022e-17,0],[1.11022e-17,1,-1.11022e-17],[1.2326e-34,1.11022e-17,1]],"s":1,"t":[0,0,0],"timestamp":491638127471},{"currentFrameRate":115.262,"devices":[],"gestures":[],"hands":[{"armBasis":[[0.705248,-0.390746,-0.59156],[0.369003,0.914786,-0.164328],[0.605361,-0.102395,0.789337]],"armWidth":62.4385,"confidence":0.0447746,"direction":[-0.496346,0.543525,-0.67692],"elbow":[183.633,89.4031,336.857],"grabAngle":1.87124,"grabStrength":0,"id":486,"palmNormal":[-0.64095,-0.755344,-0.136523],"palmPosition":[-24.4687,152.611,77.8332],"palmVelocity":[346.461,249.741,-569.246],"palmWidth":90.2876,"pinchDistance":70.936,"pinchStrength":0.818428,"r":[[0.99971,-0.0219209,-0.00995418],[0.0218027,0.999692,-0.0118306],[0.0102105,0.0116102,0.99988]],"s":1.00114,"sphereCenter":[-61.426,138.351,55.9908],"sphereRadius":51.1665,"stabilizedPalmPosition":[-27.2978,150.572,82.4814],"t":[1.47332,1.06202,-2.42072],"timeVisible":0.008505,"type":"right","wrist":[21.4473,116.836,125.381]}],"id":1122113,"interactionBox":{"center":[0,200,0],"size":[235.247,235.247,147.751]},"pointables":[{"bases":[[[0.493862,-0.269653,-0.826673],[0.546693,0.835588,0.054038],[0.676186,-0.478623,0.560082]],[[0.609416,-0.352799,-0.710031],[0.487434,0.873024,-0.0154248],[0.625316,-0.336693,0.704001]],[[0.609416,-0.352799,-0.710031],[0.447014,0.892525,-0.0598069],[0.654821,-0.280947,0.701626]],[[0.609416,-0.352799,-0.710031],[0.422813,0.902186,-0.0853786],[0.670702,-0.248179,0.698975]]],"btipPosition":[-104.045,202.277,20.22],"carpPosition":[-0.591298,141.869,120.188],"dipPosition":[-92.5989,198.041,32.1491],"direction":[-0.654821,0.280947,-0.701626],"extended":true,"handId":486,"id":4861,"length":58.7421,"mcpPosition":[-49.954,176.809,79.3007],"pipPosition":[-76.7892,191.258,49.0888],"stabilizedTipPosition":[-105.827,200.798,29.5856],"timeVisible":0.008505,"tipPosition":[-100.61,205.968,25.1901],"tipVelocity":[555.724,63.5373,-833.729],"tool":false,"touchDistance":1,"touchZone":"none","type":1,"width":18.8486},{"bases":[[[0.480194,-0.470308,-0.740422],[0.637028,0.767259,-0.0742154],[0.603,-0.436032,0.668033]],[[0.515626,-0.495705,-0.698861],[0.545533,0.818893,-0.178345],[0.660699,-0.289292,0.692666]],[[0.515626,-0.495705,-0.698861],[0.485651,0.841059,-0.23825],[0.705885,-0.216555,0.674411]],[[0.515626,-0.495705,-0.698861],[0.485651,0.841059,-0.23825],[0.705885,-0.216555,0.674411]]],"btipPosition":[-100.95,194.632,-1.45337],"carpPosition":[5.9061,140.301,109.96],"dipPosition":[-87.7002,