{"frames":205,"data":[{"currentFrameRate":55.3152,"devices":[],"gestures":[{"center":[-98.6766,223.51,114.924],"duration":18091,"handIds":[791],"id":9,"normal":[0.284273,-0.0179203,0.958576],"pointableIds":[7911],"progress":1.00943,"radius":5.24776,"state":"update","type":"circle"},{"center":[-101.408,262.7,117.524],"duration":144611,"handIds":[791],"id":6,"normal":[0.806095,0.220587,0.549138],"pointableIds":[7912],"progress":0.980339,"radius":8.78395,"state":"update","type":"circle"},{"center":[-93.5145,292.858,100.053],"duration":271087,"handIds":[791],"id":7,"normal":[0.672288,0.398927,0.623607],"pointableIds":[7913],"progress":0.878443,"radius":9.27254,"state":"update","type":"circle"},{"center":[-72.4015,302.853,63.5789],"duration":54135,"handIds":[791],"id":8,"normal":[0.514658,0.568418,0.641894],"pointableIds":[7914],"progress":0.831027,"radius":18.9215,"state":"update","type":"circle"}],"hands":[{"armBasis":[[0.486963,0.593775,-0.640546],[-0.838747,0.522499,-0.153294],[-0.243662,-0.611904,-0.752464]],"armWidth":62.9115,"confidence":1,"direction":[-0.022987,0.344698,0.938432],"elbow":[-159.551,57.498,-251.298],"grabAngle":0.233775,"grabStrength":0,"id":791,"palmNormal":[0.838764,-0.504136,0.205721],"palmPosition":[-95.421,237.148,14.56],"palmVelocity":[10.027,-11.6009,-14.3807],"palmWidth":87.7977,"pinchDistance":53.3346,"pinchStrength":0.0860401,"r":[[0.370085,0.790197,-0.488493],[0.175266,-0.575774,-0.798602],[-0.912315,0.209934,-0.35158]],"s":1.4664,"sphereCenter":[-133.966,257.266,53.3627],"sphereRadius":66.7,"stabilizedPalmPosition":[-95.9162,239.302,13.308],"t":[-321.418,43.9357,57.8566],"timeVisible":2.85617,"type":"left","wrist":[-96.0706,216.916,-55.2608]}],"id":1283908,"interactionBox":{"center":[0,200,0],"size":[235.247,235.247,147.751]},"pointables":[{"bases":[[[-0.535791,0.836814,-0.112562],[-0.803951,-0.546345,-0.234882],[0.25805,0.035353,-0.965484]],[[-0.580273,0.80713,0.108735],[-0.813514,-0.568135,-0.124172],[0.0384465,0.160511,-0.986285]],[[-0.580273,0.80713,0.108735],[-0.813142,-0.581656,-0.0218185],[-0.0456362,0.101078,-0.993831]],[[-0.580273,0.80713,0.108735],[-0.793763,-0.590372,0.146291],[-0.18227,0.00142139,-0.983247]]],"btipPosition":[-96.2406,187.934,70.4785],"carpPosition":[-99.8661,198.939,-30.5568],"dipPosition":[-100.254,187.965,48.8288],"direction":[0.0456362,-0.101078,0.993831],"extended":true,"handId":791,"id":7910,"length":49.0321,"mcpPosition":[-99.8661,198.939,-30.5568],"pipPosition":[-101.718,191.208,16.9489],"stabilizedTipPosition":[-97.2108,187.891,65.6349],"timeVisible":2.85617,"tipPosition":[-89.8832,193.89,64.5054],"tipVelocity":[3.21227,6.29472,-10.9552],"tool":false,"touchDistance":0.333333,"touchZone":"none","type":0,"width":20.1922},{"bases":[[[0.532426,0.838487,-0.116028],[-0.846396,0.529243,-0.0593017],[-0.0116832,-0.129779,-0.991474]],[[0.53247,0.842987,-0.0764759],[-0.83804,0.537727,0.0924026],[-0.119017,-0.0148883,-0.992781]],[[0.53247,0.842987,-0.0764759],[-0.83804,0.537727,0.0924026],[-0.119017,-0.0148883,-0.992781]],[[0.53247,0.842987,-0.0764759],[-0.423662,0.343637,0.838108],[-0.732794,0.413867,-0.540118]]],"btipPosition":[-91.5692,221.672,114.86],"carpPosition":[-111.695,218.172,-26.9087],"dipPosition":[-103.348,228.325,106.178],"direction":[0.119017,0.0148883,0.992781],"extended":true,"handId":791,"id":7911,"length":55.3272,"mcpPosition":[-110.866,227.385,43.4745],"pipPosition":[-106.055,227.987,83.6025],"stabilizedTipPosition":[-94.8917,222.028,114.688],"timeVisible":2.85617,"tipPosition":[-92.3763,220.028,114.913],"tipVelocity":[16.2577,-15.3101,-28.8488],"tool":false,"touchDistance":0.714393,"touchZone":"none","type":1,"width":19.2876},{"bases":[[[0.662389,0.710653,-0.237092],[-0.744249,0.660402,-0.0998171],[-0.0856406,-0.242573,-0.966346]],[[0.66731,0.728941,-0.152783],[-0.744769,0.651995,-0.142203],[0.00404348,-0.208682,-0.977975]],[[0.66731,0.728941,-0.152783],[-0.741598,0.669271,-0.0459212],[-0.0687796,-0.143947,-0.987192]],[[0.66731,0.728941,-0.152783],[-0.741598,0.669271,-0.0459212],[-0.0687796,-0.143947,-0.987192]]],"btipPosition":[-98.1826,261.16,125.462],"carpPosition":[-106.821,228.97,-27.8063],"dipPosition":[-99.3986,258.615,108.008],"direction":[0.0687796,0.143947,0.987192],"extended":true,"handId":791,"id":7912,"length":63.0409,"mcpPosition":[-101.055,245.3,37.2484],"pipPosition":[-101.239,254.764,81.5974],"stabilizedTipPosition":[-99.4481,259.4,122.789],"timeVisible":2.85617,"tipPosition":[-97.8223,258.534,121.657],"tipVelocity":[12.6359,0.872912,-16.6195],"tool":false,"touchDistance":0.857457,"touchZone":"none","type":2,"width":18.9429},{"bases":[[[0.696774,0.615391,-0.36851],[-0.697373,0.701418,-0.147255],[-0.16786,-0.359592,-0.917887]],[[0.712078,0.654768,-0.253423],[-0.701958,0.656682,-0.275724],[0.0141171,-0.374229,-0.927229]],[[0.712078,0.654768,-0.253423],[-0.701958,0.656682,-0.275724],[0.0141171,-0.374229,-0.927229]],[[0.712078,0.654768,-0.253423],[-0.700584,0.686348,-0.195215],[-0.046116,-0.316552,-0.947453]]],"btipPosition":[-89.5909,290.902,105.351],"carpPosition":[-99.586,238.119,-29.9247],"dipPosition":[-90.4015,285.338,88.6969],"direction":[-0.0141171,0.374229,0.927229],"extended":true,"handId":791,"id":7913,"length":60.6155,"mcpPosition":[-89.4402,259.853,25.5545],"pipPosition":[-90.0336,275.584,64.5309],"stabilizedTipPosition":[-92.5918,287.295,104.274],"timeVisible":2.85617,"tipPosition":[-89.369,285.781,102.785],"tipVelocity":[20.9126,0.765137,-20.0664],"tool":false,"touchDistance":0.525348,"touchZone":"none","type":3,"width":18.0254},{"bases":[[[0.778247,0.445226,-0.442838],[-0.592581,0.754052,-0.28329],[-0.207795,-0.482887,-0.850671]],[[0.778939,0.446842,-0.439984],[-0.627081,0.560394,-0.541043],[-0.00480377,-0.697346,-0.716719]],[[0.778939,0.446842,-0.439984],[-0.613805,0.686973,-0.388988],[-0.128442,-0.573062,-0.809384]],[[0.778939,0.446842,-0.439984],[-0.613805,0.686973,-0.388988],[-0.128442,-0.573062,-0.809384]]],"btipPosition":[-71.0145,312.839,65.7159],"carpPosition":[-87.247,242.785,-33.7418],"dipPosition":[-73.0974,303.546,52.5904],"direction":[0.128442,0.573062,0.809384],"extended":true,"handId":791,"id":7914,"length":47.5214,"mcpPosition":[-75.6207,269.803,13.8539],"pipPosition":[-75.4609,293.001,37.6967],"stabilizedTipPosition":[-72.9932,308.456,66.2468],"timeVisible":2.85617,"tipPosition":[-73.5664,304.658,66.7877],"tipVelocity":[8.50743,-9.08989,-21.6644],"tool":false,"touchDistance":0.333333,"touchZone":"none","type":4,"width":16.0116}],"r":[[0.370085,0.790197,-0.488493],[0.175266,-0.575774,-0.798602],[-0.912315,0.209934,-0.35158]],"s":1.4664,"t":[-321.418,43.9357,57.8566],"timestamp":226644065620},{"currentFrameRate":55.3189,"devices":[],"gestures":[{"center":[-98.6766,223.51,114.924],"duration":18091,"handIds":[791],"id":9,"normal":[0.284273,-0.0179203,0.958576],"pointableIds":[7911],"progress":1.00943,"radius":5.24776,"state":"update","type":"circle"},{"center":[-101.408,262.7,117.524],"duration":144611,"handIds":[791],"id":6,"normal":[0.806095,0.220587,0.549138],"pointableIds":[7912],"progress":0.980339,"radius":8.78395,"state":"update","type":"circle"},{"center":[-93.5145,292.858,100.053],"duration":271087,"handIds":[791],"id":7,"normal":[0.672288,0.398927,0.623607],"pointableIds":[7913],"progress":0.878443,"radius":9.27254,"state":"update","type":"circle"},{"center":[-72.4015,302.853,63.5789],"duration":54135,"handIds":[791],"id":8,"normal":[0.514658,0.568418,0.641894],"pointableIds":[7914],"progress":0.831027,"radius":18.9215,"state":"stop","type":"circle"}],"hands":[{"armBasis":[[0.488812,0.593694,-0.639211],[-0.837598,0.524248,-0.153604],[-0.243912,-0.610485,-0.753535]],"armWidth":62.9115,"confidence":1,"direction":[-0.0236677,0.346477,0.93776],"elbow":[-159.379,57.624,-251.667],"grabAngle":0.241712,"grabStrength":0,"id":791,"palmNormal":[0.837621,-0.505186,0.207793],"palmPosition":[-95.2421,237.004,14.4487],"palmVelocity":[9.90501,-7.93377,-6.1584],"palmWidth":87.7977,"pinchDistance":53.0786,"pinchStrength":0.101926,"r":[[0.370666,0.788928,-0.490101],[0.174835,-0.577527,-0.79743],[-0.912162,0.209893,-0.352002]],"s":1.46925,"sphereCenter":[-132.773,257.113,53.0804],"sphereRadius":66.0329,"stabilizedPalmPosition":[-95.9017,239.253,13.3325],"t":[-321.217,43.7365,57.6905],"timeVisible":2.87423,"type":"left","wrist":[-95.8335,216.672,-55.3509]}],"id":1283909,"interactionBox":{"center":[0,200,0],"size":[235.247,235.247,147.751]},"pointables":[{"bases":[[[-0.534205,0.837518,-0.114839],[-0.804567,-0.545405,-0.234961],[0.259418,0.0331216,-0.965197]],[[-0.578831,0.808666,0.104946],[-0.814482,-0.567076,-0.122655],[0.0396742,0.156473,-0.986885]],[[-0.578831,0.808666,0.104946],[-0.813988,-0.580687,-0.0150543],[-0.0487671,0.0941391,-0.994364]],[[-0.578831,0.808666,0.104946],[-0.794408,-0.588253,0.151242],[-0.18404,-0.0041735,-0.98291]]],"btipPosition":[-95.9858,188.255,70.4706],"carpPosition":[-99.6914,198.719,-30.6032],"dipPosition":[-100.038,188.163,48.8284],"direction":[0.0487671,-0.0941391,0.994364],"extended":true,"handId":791,"id":7910,"length":49.0321,"mcpPosition":[-99.6914,198.719,-30.6032],"pipPosition":[-101.602,191.183,16.9314],"stabilizedTipPosition":[-97.0848,188.038,65.5739],"timeVisible":2.87423,"tipPosition":[-90.0325,193.682,64.5084],"tipVelocity":[13.6141,16.2023,-0.339548],"tool":false,"touchDistance":0.333333,"touchZone":"none","type":0,"width":20.1922},{"bases":[[[0.534018,0.837359,-0.116858],[-0.845407,0.530578,-0.0614306],[-0.0105626,-0.131597,-0.991247]],[[0.534012,0.841957,-0.0770671],[-0.836999,0.539333,0.0924791],[-0.119428,-0.0151201,-0.992728]],[[0.534012,0.841957,-0.0770671],[-0.836999,0.539333,0.0924791],[-0.119428,-0.0151201,-0.992728]],[[0.534012,0.841957,-0.0770671],[-0.400334,0.332089,0.854078],[-0.74469,0.425236,-0.514404]]],"btipPosition":[-91.229,221.441,114.33],"carpPosition":[-111.492,217.98,-27.0068],"dipPosition":[-103.199,228.277,106.061],"direction":[0.119428,0.0151201,0.992728],"extended":true,"handId":791,"id":7911,"length":55.3272,"mcpPosition":[-110.743,227.322,43.3603],"pipPosition":[-105.915,227.933,83.4862],"stabilizedTipPosition":[-94.8705,222.051,114.635],"timeVisible":2.87423,"tipPosition":[-92.4153,220.161,114.759],"tipVelocity":[16.4017,-10.4819,-24.1261],"tool":false,"touchDistance":0.707129,"touchZone":"none","type":1,"width":19.2876},{"bases":[[[0.663925,0.709079,-0.237508],[-0.742981,0.661487,-0.10205],[-0.084747,-0.244218,-0.96601]],[[0.668747,0.727409,-0.153798],[-0.743472,0.652811,-0.145217],[0.00523135,-0.211458,-0.977373]],[[0.668747,0.727409,-0.153798],[-0.74036,0.67049,-0.0480724],[-0.0681514,-0.146014,-0.986932]],[[0.668747,0.727409,-0.153798],[-0.74036,0.67049,-0.0480724],[-0.0681514,-0.146014,-0.986932]]],"btipPosition":[-98.1022,261.286,125.289],"carpPosition":[-106.598,228.768,-27.9177],"dipPosition":[-99.3071,258.704,107.84],"direction":[0.0681514,0.146014,0.986932],"extended":true,"handId":791,"id":7912,"length":63.0409,"mcpPosition":[-100.893,245.209,37.1143],"pipPosition":[-101.13,254.798,81.4361],"stabilizedTipPosition":[-99.4183,259.436,122.747],"timeVisible":2.87423,"tipPosition":[-97.7543,258.602,121.502],"tipVelocity":[4.5916,6.51388,-9.51339],"tool":false,"touchDistance":0.854593,"touchZone":"none","type":2,"width":18.9429},{"bases":[[[0.698325,0.613515,-0.368703],[-0.695971,0.702335,-0.1495],[-0.167232,-0.361006,-0.917446]],[[0.713417,0.652646,-0.255126],[-0.700597,0.656959,-0.278512],[0.014162,-0.377436,-0.925927]],[[0.713417,0.652646,-0.255126],[-0.700597,0.656959,-0.278512],[0.014162,-0.377436,-0.925927]],[[0.713417,0.652646,-0.255126],[-0.699317,0.686293,-0.199894],[-0.0446314,-0.321022,-0.946019]]],"btipPosition":[-89.4172,291.066,105.092],"carpPosition":[-99.3452,237.9,-30.0433],"dipPosition":[-90.2017,285.423,88.4631],"direction":[-0.014162,0.377436,0.925927],"extended":true,"handId":791,"id":7913,"length":60.6155,"mcpPosition":[-89.2373,259.72,25.4093],"pipPosition":[-89.8326,275.586,64.331],"stabilizedTipPosition":[-92.5136,287.359,104.195],"timeVisible":2.87423,"tipPosition":[-89.23,285.83,102.578],"tipVelocity":[9.94993,8.06154,-14.0182],"tool":false,"touchDistance":0.521128,"touchZone":"none","type":3,"width":18.0254},{"bases":[[[0.779607,0.443073,-0.442605],[-0.590905,0.754537,-0.28549],[-0.207469,-0.484108,-0.850057]],[[0.780885,0.446081,-0.437298],[-0.624675,0.557274,-0.547017],[0.000318937,-0.700326,-0.713823]],[[0.780885,0.446081,-0.437298],[-0.611592,0.688472,-0.389823],[-0.127175,-0.571855,-0.810437]],[[0.780885,0.446081,-0.437298],[-0.611592,0.688472,-0.389823],[-0.127175,-0.571855,-0.810437]]],"btipPosition":[-70.993,312.718,65.5112],"carpPosition":[-86.993,242.538,-33.8523],"dipPosition":[-73.0554,303.444,52.3686],"direction":[0.127175,0.571855,0.810437],"extended":true,"handId":791,"id":7914,"length":47.5214,"mcpPosition":[-75.385,269.624,13.7091],"pipPosition":[-75.3956,292.922,37.4555],"stabilizedTipPosition":[-72.9326,308.54,66.0976],"timeVisible":2.87423,"tipPosition":[-73.3162,304.659,66.5231],"tipVelocity":[1.4497,-6.4609,-11.5505],"tool":false,"touchDistance":0.333333,"touchZone":"none","type":4,"width":16.0116}],"r":[[0.370666,0.788928,-0.490101],[0.174835,-0.577527,-0.79743],[-0.912162,0.209893,-0.352002]],"s":1.46925,"t":[-321.217,43.7365,57.6905],"timestamp":226644083684},{"currentFrameRate":55.3226,"devices":[],"gestures":[{"center":[-98.6766,223.51,114.924],"duration":18091,"handIds":[791],"id":9,"normal":[0.284273,-0.0179203,0.958576],"pointableIds":[7911],"progress":1.00943,"radius":5.24776,"state":"update","type":"circle"},{"center":[-101.408,262.7,117.524],"duration":144611,"handIds":[791],"id":6,"normal":[0.806095,0.220587,0.549138],"pointableIds":[7912],"progress":0.980339,"radius":8.78395,"state":"update","type":"circle"},{"center":[-93.5145,292.858,100.053],"duration":271087,"handIds":[791],"id":7,"normal":[0.672288,0.398927,0.623607],"pointableIds":[7913],"progress":0.878443,"radius":9.27254,"state":"update","type":"circle"}],"hands":[{"armBasis":[[0.493656,0.591515,-0.637505],[-0.834299,0.52902,-0.155188],[-0.245457,-0.60848,-0.754654]],"armWidth":62.9115,"confidence":1,"direction":[-0.0249995,0.3487,0.936901],"elbow":[-159.498,57.8783,-252.006],"grabAngle":0.251054,"grabStrength":0,"id":791,"palmNormal":[0.8343,-0.509037,0.211718],"palmPosition":[-95.0767,236.862,14.3726],"palmVelocity":[9.1566,-7.88694,-4.21299],"palmWidth":87.7977,"pinchDistance":52.7241,"pinchStrength":0.123723,"r":[[0.372271,0.787307,-0.491489],[0.174424,-0.579463,-0.796115],[-0.911587,0.210644,-0.353042]],"s":1.47063,"sphereCenter":[-131.479,256.818,52.8096],"sphereRadius":65.2625,"stabilizedPalmPosition":[-95.8841,239.202,13.3547],"t":[-321.034,43.5657,57.5694],"timeVisible":2.89229,"type":"left","wrist":[-95.55,216.404,-55.3976]}],"id":1283910,"interactionBox":{"center":[0,200,0],"size":[235.247,235.247,147.751]},"pointables":[{"bases":[[[-0.529481,0.840006,-0.118491],[-0.806589,-0.541769,-0.236432],[0.262799,0.0296128,-0.964396]],[[-0.574829,0.81213,0.100086],[-0.817217,-0.563563,-0.120635],[0.0415666,0.151136,-0.987639]],[[-0.574829,0.81213,0.100086],[-0.816631,-0.577115,-0.00729948],[-0.051833,0.0859292,-0.994952]],[[-0.574829,0.81213,0.100086],[-0.796148,-0.583337,0.160827],[-0.188997,-0.0127649,-0.981895]]],"btipPosition":[-95.7518,188.744,70.4982],"carpPosition":[-99.5739,198.499,-30.6084],"dipPosition":[-99.9133,188.463,48.8783],"direction":[0.051833,-0.0859292,0.994952],"extended":true,"handId":791,"id":7910,"length":49.0321,"mcpPosition":[-99.5739,198.499,-30.6084],"pipPosition":[-101.576,191.22,16.9625],"stabilizedTipPosition":[-96.9171,188.325,65.5523],"timeVisible":2.89229,"tipPosition":[-90.5315,193.416,64.5874],"tipVelocity":[11.5602,24.69,1.81033],"tool":false,"touchDistance":0.333333,"touchZone":"none","type":0,"width":20.1922},{"bases":[[[0.538727,0.834325,-0.116938],[-0.842443,0.534797,-0.0654391],[-0.0079408,-0.133768,-0.990981]],[[0.5386,0.839108,-0.0762128],[-0.834091,0.543793,0.0926361],[-0.119176,-0.0136747,-0.992779]],[[0.5386,0.839108,-0.0762128],[-0.834091,0.543793,0.0926361],[-0.119176,-0.0136747,-0.992779]],[[0.5386,0.839108,-0.0762128],[-0.371496,0.317689,0.87239],[-0.756241,0.441556,-0.482832]]],"btipPosition":[-91.0399,221.09,113.719],"carpPosition":[-111.287,217.828,-27.0944],"dipPosition":[-103.196,228.188,105.957],"direction":[0.119176,0.0136747,0.992779],"extended":true,"handId":791,"id":7911,"length":55.3272,"mcpPosition":[-110.723,227.324,43.2538],"pipPosition":[-105.906,227.877,83.3817],"stabilizedTipPosition":[-94.854,222.062,114.592],"timeVisible":2.89229,"tipPosition":[-92.7231,220.341,114.604],"tipVelocity":[8.1009,-16.0886,-27.3539],"tool":false,"touchDistance":0.698894,"touchZone":"none","type":1,"width":19.2876},{"bases":[[[0.668371,0.705106,-0.236868],[-0.739206,0.665084,-0.106008],[-0.0827902,-0.245947,-0.965741]],[[0.672994,0.723491,-0.153752],[-0.739612,0.656207,-0.149553],[0.00730734,-0.214365,-0.976726]],[[0.672994,0.723491,-0.153752],[-0.736694,0.674225,-0.0519951],[-0.0660453,-0.14826,-0.986741]],[[0.672994,0.723491,-0.153752],[-0.736694,0.674225,-0.0519951],[-0.0660453,-0.14826,-0.986741]]],"btipPosition":[-98.1575,261.455,125.137],"carpPosition":[-106.334,228.589,-28.0131],"dipPosition":[-99.3252,258.834,107.692],"direction":[0.0660453,0.14826,0.986741],"extended":true,"handId":791,"id":7912,"length":63.0409,"mcpPosition":[-100.761,245.146,37.0008],"pipPosition":[-101.092,254.867,81.2933],"stabilizedTipPosition":[-99.3944,259.47,122.708],"timeVisible":2.89229,"tipPosition":[-97.8359,258.72,121.368],"tipVelocity":[-2.58754,8.85997,-8.3341],"tool":false,"touchDistance":0.852084,"touchZone":"none","type":2,"width":18.9429},{"bases":[[[0.702713,0.609071,-0.367733],[-0.691828,0.705582,-0.153392],[-0.166039,-0.362198,-0.917193]],[[0.717582,0.648213,-0.254747],[-0.696314,0.659856,-0.282377],[0.014944,-0.380013,-0.924861]],[[0.717582,0.648213,-0.254747],[-0.696314,0.659856,-0.282377],[0.014944,-0.380013,-0.924861]],[[0.717582,0.648213,-0.254747],[-0.695263,0.688257,-0.207153],[-0.0410523,-0.325765,-0.944559]]],"btipPosition":[-89.2871,291.175,104.887],"carpPosition":[-99.0269,237.679,-30.1347],"dipPosition":[-90.0087,285.449,88.2837],"direction":[-0.014944,0.380013,0.924861],"extended":true,"handId":791,"id":7913,"length":60.6155,"mcpPosition":[-88.9911,259.571,25.3025],"pipPosition":[-89.6192,275.545,64.1794],"stabilizedTipPosition":[-92.4519,287.41,104.132],"timeVisible":2.89229,"tipPosition":[-89.1075,285.873,102.406],"tipVelocity":[8.00209,5.00842,-11.0269],"tool":false,"touchDistance":0.517808,"touchZone":"none","type":3,"width":18.0254},{"bases":[[[0.783358,0.438046,-0.440983],[-0.586041,0.756935,-0.289146],[-0.207137,-0.484939,-0.849664]],[[0.785602,0.443383,-0.431557],[-0.618719,0.558255,-0.552755],[0.00416303,-0.701258,-0.712896]],[[0.785602,0.443383,-0.431557],[-0.606213,0.691169,-0.393434],[-0.123837,-0.570698,-0.811768]],[[0.785602,0.443383,-0.431557],[-0.606213,0.691169,-0.393434],[-0.123837,-0.570698,-0.811768]]],"btipPosition":[-70.9003,312.462,65.444],"carpPosition":[-86.6383,242.244,-33.9128],"dipPosition":[-72.9085,303.207,52.2798],"direction":[0.123837,0.570698,0.811768],"extended":true,"handId":791,"id":7914,"length":47.5214,"mcpPosition":[-75.0488,269.377,13.6266],"pipPosition":[-75.1873,292.705,37.3422],"stabilizedTipPosition":[-72.8309,308.657,65.8591],"timeVisible":2.89229,"tipPosition":[-72.9422,304.637,66.289],"tipVelocity":[5.82462,-13.947,-3.99544],"tool":false,"touchDistance":0.333333,"touchZone":"none","type":4,"width":16.0116}],"r":[[0.372271,0.787307,-0.491489],[0.174424,-0.579463,-0.796115],[-0.911587,0.210644,-0.353042]],"s":1.47063,"t":[-321.034,43.5657,57.5694],"timestamp":226644101747},{"currentFrameRate":55.3231,"devices":[],"gestures":[{"center":[-98.6766,223.51,114.924],"duration":18091,"handIds":[791],"id":9,"normal":[0.284273,-0.0179203,0.958576],"pointableIds":[7911],"progress":1.00943,"radius":5.24776,"state":"update","type":"circle"},{"center":[-101.408,262.7,117.524],"duration":144611,"handIds":[791],"id":6,"normal":[0.806095,0.220587,0.549138],"pointableIds":[7912],"progress":0.980339,"radius":8.78395,"state":"stop","type":"circle"},{"center":[-93.5145,292.858,100.053],"duration":271087,"handIds":[791],"id":7,"normal":[0.672288,0.398927,0.623607],"pointableIds":[7913],"progress":0.878443,"radius":9.27254,"state":"update","type":"circle"}],"hands":[{"armBasis":[[0.498489,0.589094,-0.635985],[-0.830953,0.533761,-0.156899],[-0.247036,-0.606686,-0.755583]],"armWidth":62.9115,"confidence":1,"direction":[-0.0260411,0.349271,0.93666],"elbow":[-159.733,58.1768,-252.368],"grabAngle":0.261352,"grabStrength":0,"id":791,"palmNormal":[0.830914,-0.513378,0.214534],"palmPosition":[-95.0004,236.714,14.2485],"palmVelocity":[4.22477,-8.19154,-6.8676],"palmWidth":87.7977,"pinchDistance":52.2658,"pinchStrength":0.150609,"r":[[0.374698,0.785562,-0.492437],[0.173965,-0.581268,-0.794899],[-0.91068,0.21218,-0.35446]],"s":1.47025,"sphereCenter":[-130.292,256.223,52.5701],"sphereRadius":64.4449,"stabilizedPalmPosition":[-95.8688,239.159,13.3702],"t":[-320.904,43.4062,57.4468],"timeVisible":2.91037,"type":"left","wrist":[-95.3737,216.235,-55.5178]}],"id":1283911,"interactionBox":{"center":[0,200,0],"size":[235.247,235.247,147.751]},"pointables":[{"bases":[[[-0.524624,0.842761,-0.120514],[-0.808731,-0.537572,-0.238685],[0.265939,0.0277564,-0.96359]],[[-0.570497,0.815682,0.095901],[-0.820185,-0.559742,-0.11826],[0.042783,0.146124,-0.988341]],[[-0.570497,0.815682,0.095901],[-0.819341,-0.573303,0.00209699],[-0.0566908,0.0773793,-0.995389]],[[-0.570497,0.815682,0.095901],[-0.79576,-0.577868,0.181206],[-0.203224,-0.0270632,-0.978758]]],"btipPosition":[-95.3302,189.43,70.3566],"carpPosition":[-99.5627,198.355,-30.7288],"dipPosition":[-99.8049,188.834,48.8057],"direction":[0.0566908,-0.0773793,0.995389],"extended":true,"handId":791,"id":7910,"length":49.0321,"mcpPosition":[-99.5627,198.355,-30.7288],"pipPosition":[-101.623,191.316,16.8759],"stabilizedTipPosition":[-96.6697,188.754,65.4847],"timeVisible":2.91037,"tipPosition":[-91.1928,193.016,64.5542],"tipVelocity":[19.3443,33.9373,-6.95665],"tool":false,"touchDistance":0.333333,"touchZone":"none","type":0,"width":20.1922},{"bases":[[[0.543529,0.831386,-0.115648],[-0.839372,0.53925,-0.0682935],[-0.00558482,-0.134191,-0.99094]],[[0.543294,0.836229,-0.074523],[-0.830923,0.54828,0.0946328],[-0.119994,-0.0105095,-0.992719]],[[0.543294,0.836229,-0.074523],[-0.830923,0.54828,0.0946328],[-0.119994,-0.0105095,-0.992719]],[[0.543294,0.836229,-0.074523],[-0.337872,0.299045,0.892421],[-0.768553,0.459667,-0.445008]]],"btipPosition":[-90.854,220.548,112.939],"carpPosition":[-111.183,217.747,-27.2599],"dipPosition":[-103.208,227.937,105.785],"direction":[0.119994,0.0105095,0.992719],"extended":true,"handId":791,"id":7911,"length":55.3272,"mcpPosition":[-110.787,227.273,43.0853],"pipPosition":[-105.937,227.698,83.2109],"stabilizedTipPosition":[-94.8394,222.064,114.55],"timeVisible":2.91037,"tipPosition":[-93.0778,220.329,114.335],"tipVelocity":[7.76939,-26.278,-35.4311],"tool":false,"touchDistance":0.688221,"touchZone":"none","type":1,"width":19.2876},{"bases":[[[0.672852,0.70142,-0.235116],[-0.735317,0.668965,-0.108601],[-0.0811093,-0.245957,-0.965881]],[[0.67731,0.719778,-0.152221],[-0.735645,0.660126,-0.151858],[0.00881888,-0.214836,-0.97661]],[[0.67731,0.719778,-0.152221],[-0.732904,0.678152,-0.0544263],[-0.0640543,-0.148427,-0.986847]],[[0.67731,0.719778,-0.152221],[-0.732904,0.678152,-0.0544263],[-0.0640543,-0.148427,-0.986847]]],"btipPosition":[-98.264,261.376,124.991],"carpPosition":[-106.171,228.481,-28.1681],"dipPosition":[-99.3965,258.752,107.544],"direction":[0.0640543,0.148427,0.986847],"extended":true,"handId":791,"id":7912,"length":63.0409,"mcpPosition":[-100.71,245.039,36.8552],"pipPosition":[-101.11,254.781,81.1424],"stabilizedTipPosition":[-99.3783,259.494,122.676],"timeVisible":2.91037,"tipPosition":[-97.9753,258.641,121.224],"tipVelocity":[-5.44146,-4.37711,-8.1109],"tool":false,"touchDistance":0.84964,"touchZone":"none","type":2,"width":18.9429},{"bases":[[[0.707087,0.605142,-0.36583],[-0.687577,0.709188,-0.155857],[-0.165127,-0.36174,-0.917539]],[[0.721863,0.644434,-0.252229],[-0.691862,0.663866,-0.283918],[0.0155201,-0.379457,-0.925079]],[[0.721863,0.644434,-0.252229],[-0.691862,0.663866,-0.283918],[0.0155201,-0.379457,-0.925079]],[[0.721863,0.644434,-0.252229],[-0.690939,0.691656,-0.210273],[-0.0389489,-0.326063,-0.944545]]],"btipPosition":[-89.1998,290.967,104.786],"carpPosition":[-98.8082,237.531,-30.2713],"dipPosition":[-89.8845,285.235,88.1829],"direction":[-0.0155201,0.379457,0.925079],"extended":true,"handId":791,"id":7913,"length":60.6155,"mcpPosition":[-88.8276,259.395,25.1869],"pipPosition":[-89.48,275.346,64.073],"stabilizedTipPosition":[-92.3737,287.466,104.052],"timeVisible":2.91037,"tipPosition":[-89.0441,285.754,102.271],"tipVelocity":[5.30038,-11.5898,-5.58543],"tool":false,"touchDistance":0.516126,"touchZone":"none","type":3,"width":18.0254},{"bases":[[[0.787045,0.433655,-0.438752],[-0.581098,0.759912,-0.291305],[-0.207087,-0.484228,-0.850081]],[[0.791098,0.443422,-0.421357],[-0.611607,0.56209,-0.556769],[0.0100433,-0.698164,-0.715868]],[[0.791098,0.443422,-0.421357],[-0.600853,0.692403,-0.399441],[-0.114628,-0.56917,-0.81419]],[[0.791098,0.443422,-0.421357],[-0.600853,0.692403,-0.399441],[-0.114628,-0.56917,-0.81419]]],"btipPosition":[-71.163,312.05,65.5499],"carpPosition":[-86.3838,242.028,-34.013],"dipPosition":[-73.0219,302.82,52.3464],"direction":[0.114628,0.56917,0.81419],"extended":true,"handId":791,"id":7914,"length":47.5214,"mcpPosition":[-74.7971,269.121,13.5498],"pipPosition":[-75.1312,292.347,37.3643],"stabilizedTipPosition":[-72.72,308.77,65.56],"timeVisible":2.91037,"tipPosition":[-72.6241,304.608,66.0601],"tipVelocity":[-12.6356,-22.4514,5.35798],"tool":false,"touchDistance":0.333333,"touchZone":"none","type":4,"width":16.0116}],"r":[[0.374698,0.785562,-0.492437],[0.173965,-0.581268,-0.794899],[-0.91068,0.21218,-0.35446]],"s":1.47025,"t":[-320.904,43.4062,57.4468],"timestamp":226644119821},{"currentFrameRate":55.3196,"devices":[],"gestures":[{"center":[-98.6766,223.51,114.924],"duration":18091,"handIds":[791],"id":9,"normal":[0.284273,-0.0179203,0.958576],"pointableIds":[7911],"progress":1.00943,"radius":5.24776,"state":"update","type":"circle"},{"center":[-93.5145,292.858,100.053],"duration":271087,"handIds":[791],"id":7,"normal":[0.672288,0.398927,0.623607],"pointableIds":[7913],"progress":0.878443,"radius":9.27254,"state":"update","type":"circle"}],"hands":[{"armBasis":[[0.500046,0.588569,-0.635248],[-0.829725,0.535696,-0.1568],[-0.248012,-0.605489,-0.756223]],"armWidth":62.9115,"confidence":1,"direction":[-0.0253841,0.35027,0.936305],"elbow":[-159.971,58.4403,-252.667],"grabAngle":0.270136,"grabStrength":0,"id":791,"palmNormal":[0.829745,-0.515005,0.215158],"palmPosition":[-94.95,236.718,14.1055],"palmVelocity":[2.78377,0.238177,-7.90419],"palmWidth":87.7977,"pinchDistance":42.7645,"pinchStrength":0.175534,"r":[[0.376998,0.783894,-0.493339],[0.173355,-0.582946,-0.793802],[-0.909846,0.213739,-0.355662]],"s":1.46848,"sphereCenter":[-129.103,255.544,52.4398],"sphereRadius":63.6209,"stabilizedPalmPosition":[-95.8606,239.137,13.3767],"t":[-320.814,43.3287,57.314],"timeVisible":2.92846,"type":"left","wrist":[-95.3567,216.187,-55.6501]}],"id":1283912,"interactionBox":{"center":[0,200,0],"size":[235.247,235.247,147.751]},"pointables":[{"bases":[[[-0.522737,0.843802,-0.12143],[-0.809892,-0.536015,-0.238248],[0.266122,0.0261958,-0.963583]],[[-0.568366,0.817527,0.0927942],[-0.821734,-0.558349,-0.114014],[0.0413981,0.141054,-0.989136]],[[-0.568366,0.817527,0.0927942],[-0.820379,-0.571696,0.0118724],[-0.0627562,0.0693786,-0.995615]],[[-0.568366,0.817527,0.0927942],[-0.790988,-0.573967,0.211898],[-0.226493,-0.0470363,-0.972876]]],"btipPosition":[-94.5857,190.34,70.1677],"carpPosition":[-99.5918,198.324,-30.8337],"dipPosition":[-99.5727,189.304,48.7464],"direction":[0.0627562,-0.0693786,0.995615],"extended":true,"handId":791,"id":7910,"length":49.0321,"mcpPosition":[-99.5918,198.324,-30.8337],"pipPosition":[-101.586,191.53,16.8093],"stabilizedTipPosition":[-96.2588,189.345,65.3778],"timeVisible":2.92846,"tipPosition":[-91.5355,192.871,64.5064],"tipVelocity":[34.643,44.7089,-8.7961],"tool":false,"touchDistance":0.333333,"touchZone":"none","type":0,"width":20.1922},{"bases":[[[0.545388,0.83006,-0.116414],[-0.838164,0.541043,-0.0689444],[-0.00575723,-0.135176,-0.990805]],[[0.545153,0.834978,-0.0749686],[-0.829099,0.550225,0.0992318],[-0.124106,-0.0080599,-0.992236]],[[0.545153,0.834978,-0.0749686],[-0.829099,0.550225,0.0992318],[-0.124106,-0.0080599,-0.992236]],[[0.545153,0.834978,-0.0749686],[-0.306228,0.281582,0.90936],[-0.780405,0.472783,-0.409198]]],"btipPosition":[-90.378,220.251,112.197],"carpPosition":[-111.17,217.746,-27.3859],"dipPosition":[-102.923,227.851,105.619],"direction":[0.124106,0.0080599,0.992236],"extended":true,"handId":791,"id":7911,"length":55.3272,"mcpPosition":[-110.761,227.342,42.9498],"pipPosition":[-105.745,227.668,83.0558],"stabilizedTipPosition":[-94.8226,222.064,114.509],"timeVisible":2.92846,"tipPosition":[-93.0852,220.503,114.043],"tipVelocity":[23.8918,-13.7453,-33.6802],"tool":false,"touchDistance":0.678067,"touchZone":"none","type":1,"width":19.2876},{"bases":[[[0.674438,0.699687,-0.235735],[-0.733816,0.670487,-0.109369],[-0.0815328,-0.246749,-0.965644]],[[0.678928,0.718131,-0.152791],[-0.734159,0.661692,-0.152232],[0.0082218,-0.215527,-0.976463]],[[0.678928,0.718131,-0.152791],[-0.731336,0.679848,-0.0543508],[-0.0648435,-0.148642,-0.986763]],[[0.678928,0.718131,-0.152791],[-0.731336,0.679848,-0.0543508],[-0.0648435,-0.148642,-0.986763]]],"btipPosition":[-98.1358,261.457,124.829],"carpPosition":[-106.133,228.467,-28.3042],"dipPosition":[-99.2823,258.829,107.383],"direction":[0.0648435,0.148642,0.986763],"extended":true,"handId":791,"id":7912,"length":63.0409,"mcpPosition":[-100.644,245.079,36.7031],"pipPosition":[-101.017,254.852,80.9836],"stabilizedTipPosition":[-99.3637,259.515,122.648],"timeVisible":2.92846,"tipPosition":[-97.8916,258.767,121.058],"tipVelocity":[6.90622,4.40734,-8.96454],"tool":false,"touchDistance":0.846938,"touchZone":"none","type":2,"width":18.9429},{"bases":[[[0.708475,0.603202,-0.366348],[-0.68598,0.710555,-0.156659],[-0.165814,-0.362296,-0.917195]],[[0.723424,0.642941,-0.251562],[-0.690244,0.665693,-0.283579],[0.0148616,-0.378787,-0.925365]],[[0.723424,0.642941,-0.251562],[-0.690244,0.665693,-0.283579],[0.0148616,-0.378787,-0.925365]],[[0.723424,0.642941,-0.251562],[-0.689325,0.693001,-0.211142],[-0.0385807,-0.326153,-0.944529]]],"btipPosition":[-89.0621,290.925,104.64],"carpPosition":[-98.7504,237.499,-30.4155],"dipPosition":[-89.7403,285.191,88.0373],"direction":[-0.0148616,0.378787,0.925365],"extended":true,"handId":791,"id":7913,"length":60.6155,"mcpPosition":[-88.7282,259.397,25.0219],"pipPosition":[-89.353,275.319,63.9199],"stabilizedTipPosition":[-92.3086,287.511,103.986],"timeVisible":2.92846,"tipPosition":[-88.8989,285.867,102.068],"tipVelocity":[7.69425,-2.3694,-8.06007],"tool":false,"touchDistance":0.513696,"touchZone":"none","type":3,"width":18.0254},{"bases":[[[0.788062,0.431464,-0.439087],[-0.579372,0.760907,-0.292145],[-0.208054,-0.484623,-0.84962]],[[0.794297,0.446703,-0.411762],[-0.60728,0.564386,-0.559177],[0.0173936,-0.694207,-0.719565]],[[0.794297,0.446703,-0.411762],[-0.598718,0.69057,-0.40577],[-0.103091,-0.568831,-0.815968]],[[0.794297,0.446703,-0.411762],[-0.598718,0.69057,-0.40577],[-0.103091,-0.568831,-0.815968]]],"btipPosition":[-71.6846,311.866,65.5614],"carpPosition":[-86.3156,241.965,-34.1602],"dipPosition":[-73.3564,302.641,52.3291],"direction":[0.103091,0.568831,0.815968],"extended":true,"handId":791,"id":7914,"length":47.5214,"mcpPosition":[-74.6747,269.08,13.3768],"pipPosition":[-75.2534,292.174,37.3143],"stabilizedTipPosition":[-72.6465,308.88,65.2165],"timeVisible":2.92846,"tipPosition":[-72.4124,304.859,65.6928],"tipVelocity":[-26.4533,-10.1403,0.270854],"tool":false,"touchDistance":0.333333,"touchZone":"none","type":4,"width":16.0116}],"r":[[0.376998,0.783894,-0.493339],[0.173355,-0.582946,-0.793802],[-0.909846,0.213739,-0.355662]],"s":1.46848,"t":[-320.814,43.3287,57.314],"timestamp":226644137910},{"currentFrameRate":55.3163,"devices":[],"gestures":[{"center":[-98.6766,223.51,114.924],"duration":18091,"handIds":[791],"id":9,"normal":[0.284273,-0.0179203,0.958576],"pointableIds":[7911],"progress":1.00943,"radius":5.24776,"state":"update","type":"circle"},{"center":[-93.5145,292.858,100.053],"duration":271087,"handIds":[791],"id":7,"normal":[0.672288,0.398927,0.623607],"pointableIds":[7913],"progress":0.878443,"radius":9.27254,"state":"update","type":"circle"}],"hands":[{"armBasis":[[0.495414,0.592369,-0.635346],[-0.832579,0.532411,-0.15281],[-0.247745,-0.60468,-0.756958]],"armWidth":62.9115,"confidence":1,"direction":[-0.0252433,0.354283,0.934798],"elbow":[-159.887,58.4329,-252.957],"grabAngle":0.277277,"grabStrength":0,"id":791,"palmNormal":[0.832752,-0.509886,0.215731],"palmPosition":[-94.8853,236.748,13.9475],"palmVelocity":[3.5768,1.67844,-8.73495],"palmWidth":87.7977,"pinchDistance":50.5772,"pinchStrength":0.190285,"r":[[0.377849,0.782496,-0.494903],[0.173123,-0.584814,-0.792478],[-0.909537,0.213758,-0.35644]],"s":1.46653,"sphereCenter":[-127.646,254.989,52.2819],"sphereRadius":62.7467,"stabilizedPalmPosition":[-95.8556,239.125,13.3796],"t":[-320.737,43.3051,57.1686],"timeVisible":2.94654,"type":"left","wrist":[-95.3425,215.968,-55.7494]}],"id":1283913,"interactionBox":{"center":[0,200,0],"size":[235.247,235.247,147.751]},"pointables":[{"bases":[[[-0.527208,0.840627,-0.124086],[-0.807674,-0.541115,-0.234217],[0.264034,0.0232596,-0.964233]],[[-0.572188,0.815193,0.0897815],[-0.819222,-0.562997,-0.109131],[0.0384165,0.135995,-0.989964]],[[-0.572188,0.815193,0.0897815],[-0.817335,-0.575834,0.0194533],[-0.0675575,0.0622506,-0.995771]],[[-0.572188,0.815193,0.0897815],[-0.781574,-0.575184,0.241465],[-0.248482,-0.0679926,-0.966247]]],"btipPosition":[-93.6376,191.083,70.0884],"carpPosition":[-99.4255,198.133,-30.812],"dipPosition":[-99.1088,189.586,48.813],"direction":[0.0675575,-0.0622506,0.995771],"extended":true,"handId":791,"id":7910,"length":49.0321,"mcpPosition":[-99.4255,198.133,-30.812],"pipPosition":[-101.276,191.582,16.8709],"stabilizedTipPosition":[-95.6688,189.948,65.2987],"timeVisible":2.94654,"tipPosition":[-91.2909,193.052,64.5596],"tipVelocity":[46.2569,35.1899,-2.52848],"tool":false,"touchDistance":0.333333,"touchZone":"none","type":0,"width":20.1922},{"bases":[[[0.54098,0.832257,-0.121199],[-0.841006,0.536529,-0.0696172],[-0.00708713,-0.13959,-0.990184]],[[0.540788,0.837465,-0.0787443],[-0.831251,0.546397,0.102333],[-0.128726,-0.0101156,-0.991629]],[[0.540788,0.837465,-0.0787443],[-0.831251,0.546397,0.102333],[-0.128726,-0.0101156,-0.991629]],[[0.540788,0.837465,-0.0787443],[-0.284594,0.270257,0.919765],[-0.791552,0.474988,-0.384489]]],"btipPosition":[-89.7365,220.425,111.677],"carpPosition":[-111.094,217.512,-27.4263],"dipPosition":[-102.46,228.06,105.496],"direction":[0.128726,0.0101156,0.991629],"extended":true,"handId":791,"id":7911,"length":55.3272,"mcpPosition":[-110.591,227.421,42.8653],"pipPosition":[-105.388,227.83,82.9468],"stabilizedTipPosition":[-94.7939,222.065,114.453],"timeVisible":2.94654,"tipPosition":[-92.7342,221.026,113.829],"tipVelocity":[33.1815,10.0455,-23.701],"tool":false,"touchDistance":0.670922,"touchZone":"none","type":1,"width":19.2876},{"bases":[[[0.67044,0.702005,-0.240206],[-0.737391,0.666312,-0.110827],[-0.0822509,-0.251429,-0.964375]],[[0.675006,0.720846,-0.157315],[-0.737778,0.657418,-0.153246],[0.00704523,-0.219506,-0.975586]],[[0.675006,0.720846,-0.157315],[-0.734761,0.676128,-0.0545697],[-0.0670285,-0.152424,-0.98604]],[[0.675006,0.720846,-0.157315],[-0.734761,0.676128,-0.0545697],[-0.0670285,-0.152424,-0.98604]]],"btipPosition":[-97.9168,261.907,124.573],"carpPosition":[-106.113,228.254,-28.4024],"dipPosition":[-99.1018,259.212,107.14],"direction":[0.0670285,0.152424,0.98604],"extended":true,"handId":791,"id":7912,"length":63.0409,"mcpPosition":[-100.576,245.18,36.5196],"pipPosition":[-100.895,255.135,80.7603],"stabilizedTipPosition":[-99.342,259.547,122.61],"timeVisible":2.94654,"tipPosition":[-97.7229,259.265,120.806],"tipVelocity":[11.6201,24.0389,-13.961],"tool":false,"touchDistance":0.842729,"touchZone":"none","type":2,"width":18.9429},{"bases":[[[0.704696,0.605113,-0.370461],[-0.689853,0.70641,-0.158392],[-0.165853,-0.367181,-0.915244]],[[0.719692,0.645485,-0.255721],[-0.694148,0.661407,-0.284076],[0.0142306,-0.381956,-0.924071]],[[0.719692,0.645485,-0.255721],[-0.694148,0.661407,-0.284076],[0.0142306,-0.381956,-0.924071]],[[0.719692,0.645485,-0.255721],[-0.693113,0.689431,-0.210427],[-0.0404748,-0.328687,-0.943571]]],"btipPosition":[-89.0129,291.294,104.264],"carpPosition":[-98.7798,237.313,-30.5687],"dipPosition":[-89.7244,285.517,87.6781],"direction":[-0.0142306,0.381956,0.924071],"extended":true,"handId":791,"id":7913,"length":60.6155,"mcpPosition":[-88.7553,259.506,24.7508],"pipPosition":[-89.3535,275.562,63.5945],"stabilizedTipPosition":[-92.255,287.553,103.925],"timeVisible":2.94654,"tipPosition":[-88.9046,286.343,101.671],"tipVelocity":[2.2976,19.8705,-20.5737],"tool":false,"touchDistance":0.507493,"touchZone":"none","type":3,"width":18.0254},{"bases":[[[0.784996,0.433456,-0.442603],[-0.583773,0.756695,-0.294317],[-0.207342,-0.489417,-0.847042]],[[0.7922,0.451455,-0.410618],[-0.609864,0.561398,-0.559373],[0.0220111,-0.693556,-0.720066]],[[0.7922,0.451455,-0.410618],[-0.602684,0.684474,-0.410204],[-0.095869,-0.572436,-0.814325]],[[0.7922,0.451455,-0.410618],[-0.602684,0.684474,-0.410204],[-0.095869,-0.572436,-0.814325]]],"btipPosition":[-72.1876,312.097,65.1787],"carpPosition":[-86.3751,241.825,-34.3585],"dipPosition":[-73.7423,302.814,51.973],"direction":[0.095869,0.572436,0.814325],"extended":true,"handId":791,"id":7914,"length":47.5214,"mcpPosition":[-74.7742,269.208,13.0342],"pipPosition":[-75.5064,292.28,36.9884],"stabilizedTipPosition":[-72.6365,308.987,64.9132],"timeVisible":2.94654,"tipPosition":[-72.5844,305.335,65.1187],"tipVelocity":[-26.3212,12.0318,-20.82],"tool":false,"touchDistance":0.333333,"touchZone":"none","type":4,"width":16.0116}],"r":[[0.377849,0.782496,-0.494903],[0.173123,-0.584814,-0.792478],[-0.909537,0.213758,-0.35644]],"s":1.46653,"t":[-320.737,43.3051,57.1686],"timestamp":226644155999},{"currentFrameRate":55.3264,"devices":[],"gestures":[{"center":[-98.6766,223.51,114.924],"duration":18091,"handIds":[791],"id":9,"normal":[0.284273,-0.0179203,0.958576],"pointableIds":[7911],"progress":1.00943,"radius":5.24776,"state":"update","type":"circle"},{"center":[-93.5145,292.858,100.053],"duration":271087,"handIds":[791],"id":7,"normal":[0.672288,0.398927,0.623607],"pointableIds":[7913],"progress":0.878443,"radius":9.27254,"state":"update","type":"circle"}],"hands":[{"armBasis":[[0.491827,0.595293,-0.6354],[-0.835023,0.529224,-0.150526],[-0.246662,-0.604606,-0.75737]],"armWidth":62.9115,"confidence":1,"direction":[-0.0230794,0.356502,0.934009],"elbow":[-159.716,58.3594,-253.146],"grabAngle":0.282459,"grabStrength":0,"id":791,"palmNormal":[0.835366,-0.506364,0.213916],"palmPosition":[-94.8342,236.795,13.8348],"palmVelocity":[2.83191,2.59137,-6.24621],"palmWidth":87.7977,"pinchDistance":53.1617,"pinchStrength":0.200832,"r":[[0.377604,0.781402,-0.496816],[0.172774,-0.586571,-0.791255],[-0.909706,0.212944,-0.356497]],"s":1.46484,"sphereCenter":[-126.437,254.659,52.2389],"sphereRadius":62.1164,"stabilizedPalmPosition":[-95.8522,239.117,13.3812],"t":[-320.672,43.3166,57.0396],"timeVisible":2.96459,"type":"left","wrist":[-95.4539,215.876,-55.8308]}],"id":1283914,"interactionBox":{"center":[0,200,0],"size":[235.247,235.247,147.751]},"pointables":[{"bases":[[[-0.530677,0.838423,-0.124212],[-0.806581,-0.544583,-0.229907],[0.260403,0.0218191,-0.965253]],[[-0.574742,0.813411,0.0896303],[-0.817591,-0.566098,