{"frames":286,"data":[{"currentFrameRate":114.811,"devices":[],"gestures":[],"hands":[],"id":135119,"interactionBox":{"center":[0,200,0],"size":[235.247,235.247,147.751]},"pointables":[],"r":[[0.568661,-0.422268,-0.705914],[-0.428002,0.580966,-0.69231],[0.702452,0.695822,0.149641]],"s":-1.59982,"t":[-40.1549,-110.521,301.701],"timestamp":208544519875},{"currentFrameRate":114.812,"devices":[],"gestures":[],"hands":[],"id":135120,"interactionBox":{"center":[0,200,0],"size":[235.247,235.247,147.751]},"pointables":[],"r":[[0.568661,-0.422268,-0.705914],[-0.428002,0.580966,-0.69231],[0.702452,0.695822,0.149641]],"s":-1.59982,"t":[-40.1549,-110.521,301.701],"timestamp":208544528582},{"currentFrameRate":114.863,"devices":[],"gestures":[],"hands":[],"id":135121,"interactionBox":{"center":[0,200,0],"size":[235.247,235.247,147.751]},"pointables":[],"r":[[0.568661,-0.422268,-0.705914],[-0.428002,0.580966,-0.69231],[0.702452,0.695822,0.149641]],"s":-1.59982,"t":[-40.1549,-110.521,301.701],"timestamp":208544537202},{"currentFrameRate":114.9,"devices":[],"gestures":[],"hands":[],"id":135122,"interactionBox":{"center":[0,200,0],"size":[235.247,235.247,147.751]},"pointables":[],"r":[[0.568661,-0.422268,-0.705914],[-0.428002,0.580966,-0.69231],[0.702452,0.695822,0.149641]],"s":-1.59982,"t":[-40.1549,-110.521,301.701],"timestamp":208544545842},{"currentFrameRate":114.868,"devices":[],"gestures":[],"hands":[],"id":135123,"interactionBox":{"center":[0,200,0],"size":[235.247,235.247,147.751]},"pointables":[],"r":[[0.568661,-0.422268,-0.705914],[-0.428002,0.580966,-0.69231],[0.702452,0.695822,0.149641]],"s":-1.59982,"t":[-40.1549,-110.521,301.701],"timestamp":208544554602},{"currentFrameRate":114.87,"devices":[],"gestures":[],"hands":[],"id":135124,"interactionBox":{"center":[0,200,0],"size":[235.247,235.247,147.751]},"pointables":[],"r":[[0.568661,-0.422268,-0.705914],[-0.428002,0.580966,-0.69231],[0.702452,0.695822,0.149641]],"s":-1.59982,"t":[-40.1549,-110.521,301.701],"timestamp":208544563304},{"currentFrameRate":114.917,"devices":[],"gestures":[],"hands":[],"id":135125,"interactionBox":{"center":[0,200,0],"size":[235.247,235.247,147.751]},"pointables":[],"r":[[0.568661,-0.422268,-0.705914],[-0.428002,0.580966,-0.69231],[0.702452,0.695822,0.149641]],"s":-1.59982,"t":[-40.1549,-110.521,301.701],"timestamp":208544571926},{"currentFrameRate":114.928,"devices":[],"gestures":[],"hands":[],"id":135126,"interactionBox":{"center":[0,200,0],"size":[235.247,235.247,147.751]},"pointables":[],"r":[[0.568661,-0.422268,-0.705914],[-0.428002,0.580966,-0.69231],[0.702452,0.695822,0.149641]],"s":-1.59982,"t":[-40.1549,-110.521,301.701],"timestamp":208544580608},{"currentFrameRate":114.962,"devices":[],"gestures":[],"hands":[],"id":135127,"interactionBox":{"center":[0,200,0],"size":[235.247,235.247,147.751]},"pointables":[],"r":[[0.568661,-0.422268,-0.705914],[-0.428002,0.580966,-0.69231],[0.702452,0.695822,0.149641]],"s":-1.59982,"t":[-40.1549,-110.521,301.701],"timestamp":208544589249},{"currentFrameRate":114.953,"devices":[],"gestures":[],"hands":[],"id":135128,"interactionBox":{"center":[0,200,0],"size":[235.247,235.247,147.751]},"pointables":[],"r":[[0.568661,-0.422268,-0.705914],[-0.428002,0.580966,-0.69231],[0.702452,0.695822,0.149641]],"s":-1.59982,"t":[-40.1549,-110.521,301.701],"timestamp":208544597963},{"currentFrameRate":114.978,"devices":[],"gestures":[],"hands":[],"id":135129,"interactionBox":{"center":[0,200,0],"size":[235.247,235.247,147.751]},"pointables":[],"r":[[0.568661,-0.422268,-0.705914],[-0.428002,0.580966,-0.69231],[0.702452,0.695822,0.149641]],"s":-1.59982,"t":[-40.1549,-110.521,301.701],"timestamp":208544606619},{"currentFrameRate":115.037,"devices":[],"gestures":[],"hands":[],"id":135130,"interactionBox":{"center":[0,200,0],"size":[235.247,235.247,147.751]},"pointables":[],"r":[[0.568661,-0.422268,-0.705914],[-0.428002,0.580966,-0.69231],[0.702452,0.695822,0.149641]],"s":-1.59982,"t":[-40.1549,-110.521,301.701],"timestamp":208544615211},{"currentFrameRate":115.019,"devices":[],"gestures":[],"hands":[],"id":135131,"interactionBox":{"center":[0,200,0],"size":[235.247,235.247,147.751]},"pointables":[],"r":[[0.568661,-0.422268,-0.705914],[-0.428002,0.580966,-0.69231],[0.702452,0.695822,0.149641]],"s":-1.59982,"t":[-40.1549,-110.521,301.701],"timestamp":208544623935},{"currentFrameRate":115.054,"devices":[],"gestures":[],"hands":[],"id":135132,"interactionBox":{"center":[0,200,0],"size":[235.247,235.247,147.751]},"pointables":[],"r":[[0.568661,-0.422268,-0.705914],[-0.428002,0.580966,-0.69231],[0.702452,0.695822,0.149641]],"s":-1.59982,"t":[-40.1549,-110.521,301.701],"timestamp":208544632567},{"currentFrameRate":115.054,"devices":[],"gestures":[],"hands":[],"id":135133,"interactionBox":{"center":[0,200,0],"size":[235.247,235.247,147.751]},"pointables":[],"r":[[0.568661,-0.422268,-0.705914],[-0.428002,0.580966,-0.69231],[0.702452,0.695822,0.149641]],"s":-1.59982,"t":[-40.1549,-110.521,301.701],"timestamp":208544641259},{"currentFrameRate":115.077,"devices":[],"gestures":[],"hands":[],"id":135134,"interactionBox":{"center":[0,200,0],"size":[235.247,235.247,147.751]},"pointables":[],"r":[[0.568661,-0.422268,-0.705914],[-0.428002,0.580966,-0.69231],[0.702452,0.695822,0.149641]],"s":-1.59982,"t":[-40.1549,-110.521,301.701],"timestamp":208544649910},{"currentFrameRate":115.084,"devices":[],"gestures":[],"hands":[],"id":135135,"interactionBox":{"center":[0,200,0],"size":[235.247,235.247,147.751]},"pointables":[],"r":[[0.568661,-0.422268,-0.705914],[-0.428002,0.580966,-0.69231],[0.702452,0.695822,0.149641]],"s":-1.59982,"t":[-40.1549,-110.521,301.701],"timestamp":208544658588},{"currentFrameRate":115.093,"devices":[],"gestures":[],"hands":[],"id":135136,"interactionBox":{"center":[0,200,0],"size":[235.247,235.247,147.751]},"pointables":[],"r":[[0.568661,-0.422268,-0.705914],[-0.428002,0.580966,-0.69231],[0.702452,0.695822,0.149641]],"s":-1.59982,"t":[-40.1549,-110.521,301.701],"timestamp":208544667260},{"currentFrameRate":115.033,"devices":[],"gestures":[],"hands":[],"id":135137,"interactionBox":{"center":[0,200,0],"size":[235.247,235.247,147.751]},"pointables":[],"r":[[0.568661,-0.422268,-0.705914],[-0.428002,0.580966,-0.69231],[0.702452,0.695822,0.149641]],"s":-1.59982,"t":[-40.1549,-110.521,301.701],"timestamp":208544676056},{"currentFrameRate":115.071,"devices":[],"gestures":[],"hands":[],"id":135138,"interactionBox":{"center":[0,200,0],"size":[235.247,235.247,147.751]},"pointables":[],"r":[[0.568661,-0.422268,-0.705914],[-0.428002,0.580966,-0.69231],[0.702452,0.695822,0.149641]],"s":-1.59982,"t":[-40.1549,-110.521,301.701],"timestamp":208544684681},{"currentFrameRate":115.083,"devices":[],"gestures":[],"hands":[],"id":135139,"interactionBox":{"center":[0,200,0],"size":[235.247,235.247,147.751]},"pointables":[],"r":[[0.568661,-0.422268,-0.705914],[-0.428002,0.580966,-0.69231],[0.702452,0.695822,0.149641]],"s":-1.59982,"t":[-40.1549,-110.521,301.701],"timestamp":208544693350},{"currentFrameRate":115.044,"devices":[],"gestures":[],"hands":[],"id":135140,"interactionBox":{"center":[0,200,0],"size":[235.247,235.247,147.751]},"pointables":[],"r":[[0.568661,-0.422268,-0.705914],[-0.428002,0.580966,-0.69231],[0.702452,0.695822,0.149641]],"s":-1.59982,"t":[-40.1549,-110.521,301.701],"timestamp":208544702109},{"currentFrameRate":115.097,"devices":[],"gestures":[],"hands":[],"id":135141,"interactionBox":{"center":[0,200,0],"size":[235.247,235.247,147.751]},"pointables":[],"r":[[0.568661,-0.422268,-0.705914],[-0.428002,0.580966,-0.69231],[0.702452,0.695822,0.149641]],"s":-1.59982,"t":[-40.1549,-110.521,301.701],"timestamp":208544710707},{"currentFrameRate":115.123,"devices":[],"gestures":[],"hands":[],"id":135142,"interactionBox":{"center":[0,200,0],"size":[235.247,235.247,147.751]},"pointables":[],"r":[[0.568661,-0.422268,-0.705914],[-0.428002,0.580966,-0.69231],[0.702452,0.695822,0.149641]],"s":-1.59982,"t":[-40.1549,-110.521,301.701],"timestamp":208544719349},{"currentFrameRate":115.159,"devices":[],"gestures":[],"hands":[],"id":135143,"interactionBox":{"center":[0,200,0],"size":[235.247,235.247,147.751]},"pointables":[],"r":[[0.568661,-0.422268,-0.705914],[-0.428002,0.580966,-0.69231],[0.702452,0.695822,0.149641]],"s":-1.59982,"t":[-40.1549,-110.521,301.701],"timestamp":208544727972},{"currentFrameRate":115.144,"devices":[],"gestures":[],"hands":[],"id":135144,"interactionBox":{"center":[0,200,0],"size":[235.247,235.247,147.751]},"pointables":[],"r":[[0.568661,-0.422268,-0.705914],[-0.428002,0.580966,-0.69231],[0.702452,0.695822,0.149641]],"s":-1.59982,"t":[-40.1549,-110.521,301.701],"timestamp":208544736683},{"currentFrameRate":115.141,"devices":[],"gestures":[],"hands":[],"id":135145,"interactionBox":{"center":[0,200,0],"size":[235.247,235.247,147.751]},"pointables":[],"r":[[0.568661,-0.422268,-0.705914],[-0.428002,0.580966,-0.69231],[0.702452,0.695822,0.149641]],"s":-1.59982,"t":[-40.1549,-110.521,301.701],"timestamp":208544745373},{"currentFrameRate":115.151,"devices":[],"gestures":[],"hands":[],"id":135146,"interactionBox":{"center":[0,200,0],"size":[235.247,235.247,147.751]},"pointables":[],"r":[[0.568661,-0.422268,-0.705914],[-0.428002,0.580966,-0.69231],[0.702452,0.695822,0.149641]],"s":-1.59982,"t":[-40.1549,-110.521,301.701],"timestamp":208544754039},{"currentFrameRate":115.142,"devices":[],"gestures":[],"hands":[],"id":135147,"interactionBox":{"center":[0,200,0],"size":[235.247,235.247,147.751]},"pointables":[],"r":[[0.568661,-0.422268,-0.705914],[-0.428002,0.580966,-0.69231],[0.702452,0.695822,0.149641]],"s":-1.59982,"t":[-40.1549,-110.521,301.701],"timestamp":208544762739},{"currentFrameRate":115.154,"devices":[],"gestures":[],"hands":[],"id":135148,"interactionBox":{"center":[0,200,0],"size":[235.247,235.247,147.751]},"pointables":[],"r":[[0.568661,-0.422268,-0.705914],[-0.428002,0.580966,-0.69231],[0.702452,0.695822,0.149641]],"s":-1.59982,"t":[-40.1549,-110.521,301.701],"timestamp":208544771404},{"currentFrameRate":115.163,"devices":[],"gestures":[],"hands":[],"id":135149,"interactionBox":{"center":[0,200,0],"size":[235.247,235.247,147.751]},"pointables":[],"r":[[0.568661,-0.422268,-0.705914],[-0.428002,0.580966,-0.69231],[0.702452,0.695822,0.149641]],"s":-1.59982,"t":[-40.1549,-110.521,301.701],"timestamp":208544780071},{"currentFrameRate":115.163,"devices":[],"gestures":[],"hands":[],"id":135150,"interactionBox":{"center":[0,200,0],"size":[235.247,235.247,147.751]},"pointables":[],"r":[[0.568661,-0.422268,-0.705914],[-0.428002,0.580966,-0.69231],[0.702452,0.695822,0.149641]],"s":-1.59982,"t":[-40.1549,-110.521,301.701],"timestamp":208544788755},{"currentFrameRate":115.185,"devices":[],"gestures":[],"hands":[],"id":135151,"interactionBox":{"center":[0,200,0],"size":[235.247,235.247,147.751]},"pointables":[],"r":[[0.568661,-0.422268,-0.705914],[-0.428002,0.580966,-0.69231],[0.702452,0.695822,0.149641]],"s":-1.59982,"t":[-40.1549,-110.521,301.701],"timestamp":208544797399},{"currentFrameRate":115.218,"devices":[],"gestures":[],"hands":[],"id":135152,"interactionBox":{"center":[0,200,0],"size":[235.247,235.247,147.751]},"pointables":[],"r":[[0.568661,-0.422268,-0.705914],[-0.428002,0.580966,-0.69231],[0.702452,0.695822,0.149641]],"s":-1.59982,"t":[-40.1549,-110.521,301.701],"timestamp":208544806022},{"currentFrameRate":115.239,"devices":[],"gestures":[],"hands":[],"id":135153,"interactionBox":{"center":[0,200,0],"size":[235.247,235.247,147.751]},"pointables":[],"r":[[0.568661,-0.422268,-0.705914],[-0.428002,0.580966,-0.69231],[0.702452,0.695822,0.149641]],"s":-1.59982,"t":[-40.1549,-110.521,301.701],"timestamp":208544814664},{"currentFrameRate":115.227,"devices":[],"gestures":[],"hands":[],"id":135154,"interactionBox":{"center":[0,200,0],"size":[235.247,235.247,147.751]},"pointables":[],"r":[[0.568661,-0.422268,-0.705914],[-0.428002,0.580966,-0.69231],[0.702452,0.695822,0.149641]],"s":-1.59982,"t":[-40.1549,-110.521,301.701],"timestamp":208544823363},{"currentFrameRate":115.205,"devices":[],"gestures":[],"hands":[],"id":135155,"interactionBox":{"center":[0,200,0],"size":[235.247,235.247,147.751]},"pointables":[],"r":[[0.568661,-0.422268,-0.705914],[-0.428002,0.580966,-0.69231],[0.702452,0.695822,0.149641]],"s":-1.59982,"t":[-40.1549,-110.521,301.701],"timestamp":208544832081},{"currentFrameRate":115.24,"devices":[],"gestures":[],"hands":[],"id":135156,"interactionBox":{"center":[0,200,0],"size":[235.247,235.247,147.751]},"pointables":[],"r":[[0.568661,-0.422268,-0.705914],[-0.428002,0.580966,-0.69231],[0.702452,0.695822,0.149641]],"s":-1.59982,"t":[-40.1549,-110.521,301.701],"timestamp":208544840698},{"currentFrameRate":115.141,"devices":[],"gestures":[],"hands":[],"id":135157,"interactionBox":{"center":[0,200,0],"size":[235.247,235.247,147.751]},"pointables":[],"r":[[0.568661,-0.422268,-0.705914],[-0.428002,0.580966,-0.69231],[0.702452,0.695822,0.149641]],"s":-1.59982,"t":[-40.1549,-110.521,301.701],"timestamp":208544849552},{"currentFrameRate":115.202,"devices":[],"gestures":[],"hands":[],"id":135158,"interactionBox":{"center":[0,200,0],"size":[235.247,235.247,147.751]},"pointables":[],"r":[[0.568661,-0.422268,-0.705914],[-0.428002,0.580966,-0.69231],[0.702452,0.695822,0.149641]],"s":-1.59982,"t":[-40.1549,-110.521,301.701],"timestamp":208544858128},{"currentFrameRate":115.24,"devices":[],"gestures":[],"hands":[],"id":135159,"interactionBox":{"center":[0,200,0],"size":[235.247,235.247,147.751]},"pointables":[],"r":[[0.568661,-0.422268,-0.705914],[-0.428002,0.580966,-0.69231],[0.702452,0.695822,0.149641]],"s":-1.59982,"t":[-40.1549,-110.521,301.701],"timestamp":208544866742},{"currentFrameRate":115.187,"devices":[],"gestures":[],"hands":[],"id":135160,"interactionBox":{"center":[0,200,0],"size":[235.247,235.247,147.751]},"pointables":[],"r":[[0.568661,-0.422268,-0.705914],[-0.428002,0.580966,-0.69231],[0.702452,0.695822,0.149641]],"s":-1.59982,"t":[-40.1549,-110.521,301.701],"timestamp":208544875513},{"currentFrameRate":115.24,"devices":[],"gestures":[],"hands":[],"id":135161,"interactionBox":{"center":[0,200,0],"size":[235.247,235.247,147.751]},"pointables":[],"r":[[0.568661,-0.422268,-0.705914],[-0.428002,0.580966,-0.69231],[0.702452,0.695822,0.149641]],"s":-1.59982,"t":[-40.1549,-110.521,301.701],"timestamp":208544884100},{"currentFrameRate":115.194,"devices":[],"gestures":[],"hands":[],"id":135162,"interactionBox":{"center":[0,200,0],"size":[235.247,235.247,147.751]},"pointables":[],"r":[[0.568661,-0.422268,-0.705914],[-0.428002,0.580966,-0.69231],[0.702452,0.695822,0.149641]],"s":-1.59982,"t":[-40.1549,-110.521,301.701],"timestamp":208544892859},{"currentFrameRate":115.243,"devices":[],"gestures":[],"hands":[],"id":135163,"interactionBox":{"center":[0,200,0],"size":[235.247,235.247,147.751]},"pointables":[],"r":[[0.568661,-0.422268,-0.705914],[-0.428002,0.580966,-0.69231],[0.702452,0.695822,0.149641]],"s":-1.59982,"t":[-40.1549,-110.521,301.701],"timestamp":208544901454},{"currentFrameRate":115.233,"devices":[],"gestures":[],"hands":[],"id":135164,"interactionBox":{"center":[0,200,0],"size":[235.247,235.247,147.751]},"pointables":[],"r":[[0.568661,-0.422268,-0.705914],[-0.428002,0.580966,-0.69231],[0.702452,0.695822,0.149641]],"s":-1.59982,"t":[-40.1549,-110.521,301.701],"timestamp":208544910149},{"currentFrameRate":115.239,"devices":[],"gestures":[],"hands":[],"id":135165,"interactionBox":{"center":[0,200,0],"size":[235.247,235.247,147.751]},"pointables":[],"r":[[0.568661,-0.422268,-0.705914],[-0.428002,0.580966,-0.69231],[0.702452,0.695822,0.149641]],"s":-1.59982,"t":[-40.1549,-110.521,301.701],"timestamp":208544918816},{"currentFrameRate":115.22,"devices":[],"gestures":[],"hands":[],"id":135166,"interactionBox":{"center":[0,200,0],"size":[235.247,235.247,147.751]},"pointables":[],"r":[[0.568661,-0.422268,-0.705914],[-0.428002,0.580966,-0.69231],[0.702452,0.695822,0.149641]],"s":-1.59982,"t":[-40.1549,-110.521,301.701],"timestamp":208544927527},{"currentFrameRate":115.256,"devices":[],"gestures":[],"hands":[],"id":135167,"interactionBox":{"center":[0,200,0],"size":[235.247,235.247,147.751]},"pointables":[],"r":[[0.568661,-0.422268,-0.705914],[-0.428002,0.580966,-0.69231],[0.702452,0.695822,0.149641]],"s":-1.59982,"t":[-40.1549,-110.521,301.701],"timestamp":208544936143},{"currentFrameRate":115.251,"devices":[],"gestures":[],"hands":[],"id":135168,"interactionBox":{"center":[0,200,0],"size":[235.247,235.247,147.751]},"pointables":[],"r":[[0.568661,-0.422268,-0.705914],[-0.428002,0.580966,-0.69231],[0.702452,0.695822,0.149641]],"s":-1.59982,"t":[-40.1549,-110.521,301.701],"timestamp":208544944828},{"currentFrameRate":115.284,"devices":[],"gestures":[],"hands":[],"id":135169,"interactionBox":{"center":[0,200,0],"size":[235.247,235.247,147.751]},"pointables":[],"r":[[0.568661,-0.422268,-0.705914],[-0.428002,0.580966,-0.69231],[0.702452,0.695822,0.149641]],"s":-1.59982,"t":[-40.1549,-110.521,301.701],"timestamp":208544953446},{"currentFrameRate":115.276,"devices":[],"gestures":[],"hands":[],"id":135170,"interactionBox":{"center":[0,200,0],"size":[235.247,235.247,147.751]},"pointables":[],"r":[[0.568661,-0.422268,-0.705914],[-0.428002,0.580966,-0.69231],[0.702452,0.695822,0.149641]],"s":-1.59982,"t":[-40.1549,-110.521,301.701],"timestamp":208544962134},{"currentFrameRate":115.242,"devices":[],"gestures":[],"hands":[],"id":135171,"interactionBox":{"center":[0,200,0],"size":[235.247,235.247,147.751]},"pointables":[],"r":[[0.568661,-0.422268,-0.705914],[-0.428002,0.580966,-0.69231],[0.702452,0.695822,0.149641]],"s":-1.59982,"t":[-40.1549,-110.521,301.701],"timestamp":208544970870},{"currentFrameRate":115.305,"devices":[],"gestures":[],"hands":[],"id":135172,"interactionBox":{"center":[0,200,0],"size":[235.247,235.247,147.751]},"pointables":[],"r":[[0.568661,-0.422268,-0.705914],[-0.428002,0.580966,-0.69231],[0.702452,0.695822,0.149641]],"s":-1.59982,"t":[-40.1549,-110.521,301.701],"timestamp":208544979435},{"currentFrameRate":115.29,"devices":[],"gestures":[],"hands":[],"id":135173,"interactionBox":{"center":[0,200,0],"size":[235.247,235.247,147.751]},"pointables":[],"r":[[0.568661,-0.422268,-0.705914],[-0.428002,0.580966,-0.69231],[0.702452,0.695822,0.149641]],"s":-1.59982,"t":[-40.1549,-110.521,301.701],"timestamp":208544988134},{"currentFrameRate":115.241,"devices":[],"gestures":[],"hands":[],"id":135174,"interactionBox":{"center":[0,200,0],"size":[235.247,235.247,147.751]},"pointables":[],"r":[[0.568661,-0.422268,-0.705914],[-0.428002,0.580966,-0.69231],[0.702452,0.695822,0.149641]],"s":-1.59982,"t":[-40.1549,-110.521,301.701],"timestamp":208544996895},{"currentFrameRate":115.253,"devices":[],"gestures":[],"hands":[],"id":135175,"interactionBox":{"center":[0,200,0],"size":[235.247,235.247,147.751]},"pointables":[],"r":[[0.568661,-0.422268,-0.705914],[-0.428002,0.580966,-0.69231],[0.702452,0.695822,0.149641]],"s":-1.59982,"t":[-40.1549,-110.521,301.701],"timestamp":208545005552},{"currentFrameRate":115.266,"devices":[],"gestures":[],"hands":[],"id":135176,"interactionBox":{"center":[0,200,0],"size":[235.247,235.247,147.751]},"pointables":[],"r":[[0.568661,-0.422268,-0.705914],[-0.428002,0.580966,-0.69231],[0.702452,0.695822,0.149641]],"s":-1.59982,"t":[-40.1549,-110.521,301.701],"timestamp":208545014205},{"currentFrameRate":105.913,"devices":[],"gestures":[],"hands":[],"id":135177,"interactionBox":{"center":[0,200,0],"size":[235.247,235.247,147.751]},"pointables":[],"r":[[0.568661,-0.422268,-0.705914],[-0.428002,0.580966,-0.69231],[0.702452,0.695822,0.149641]],"s":-1.59982,"t":[-40.1549,-110.521,301.701],"timestamp":208545040191},{"currentFrameRate":106.289,"devices":[],"gestures":[],"hands":[],"id":135178,"interactionBox":{"center":[0,200,0],"size":[235.247,235.247,147.751]},"pointables":[],"r":[[0.568661,-0.422268,-0.705914],[-0.428002,0.580966,-0.69231],[0.702452,0.695822,0.149641]],"s":-1.59982,"t":[-40.1549,-110.521,301.701],"timestamp":208545048908},{"currentFrameRate":106.665,"devices":[],"gestures":[],"hands":[],"id":135179,"interactionBox":{"center":[0,200,0],"size":[235.247,235.247,147.751]},"pointables":[],"r":[[0.568661,-0.422268,-0.705914],[-0.428002,0.580966,-0.69231],[0.702452,0.695822,0.149641]],"s":-1.59982,"t":[-40.1549,-110.521,301.701],"timestamp":208545057593},{"currentFrameRate":107.034,"devices":[],"gestures":[],"hands":[],"id":135180,"interactionBox":{"center":[0,200,0],"size":[235.247,235.247,147.751]},"pointables":[],"r":[[0.568661,-0.422268,-0.705914],[-0.428002,0.580966,-0.69231],[0.702452,0.695822,0.149641]],"s":-1.59982,"t":[-40.1549,-110.521,301.701],"timestamp":208545066261},{"currentFrameRate":107.369,"devices":[],"gestures":[],"hands":[],"id":135181,"interactionBox":{"center":[0,200,0],"size":[235.247,235.247,147.751]},"pointables":[],"r":[[0.568661,-0.422268,-0.705914],[-0.428002,0.580966,-0.69231],[0.702452,0.695822,0.149641]],"s":-1.59982,"t":[-40.1549,-110.521,301.701],"timestamp":208545074964},{"currentFrameRate":107.772,"devices":[],"gestures":[],"hands":[],"id":135182,"interactionBox":{"center":[0,200,0],"size":[235.247,235.247,147.751]},"pointables":[],"r":[[0.568661,-0.422268,-0.705914],[-0.428002,0.580966,-0.69231],[0.702452,0.695822,0.149641]],"s":-1.59982,"t":[-40.1549,-110.521,301.701],"timestamp":208545083512},{"currentFrameRate":108.039,"devices":[],"gestures":[],"hands":[],"id":135183,"interactionBox":{"center":[0,200,0],"size":[235.247,235.247,147.751]},"pointables":[],"r":[[0.568661,-0.422268,-0.705914],[-0.428002,0.580966,-0.69231],[0.702452,0.695822,0.149641]],"s":-1.59982,"t":[-40.1549,-110.521,301.701],"timestamp":208545092283},{"currentFrameRate":108.381,"devices":[],"gestures":[],"hands":[],"id":135184,"interactionBox":{"center":[0,200,0],"size":[235.247,235.247,147.751]},"pointables":[],"r":[[0.568661,-0.422268,-0.705914],[-0.428002,0.580966,-0.69231],[0.702452,0.695822,0.149641]],"s":-1.59982,"t":[-40.1549,-110.521,301.701],"timestamp":208545100893},{"currentFrameRate":108.648,"devices":[],"gestures":[],"hands":[],"id":135185,"interactionBox":{"center":[0,200,0],"size":[235.247,235.247,147.751]},"pointables":[],"r":[[0.568661,-0.422268,-0.705914],[-0.428002,0.580966,-0.69231],[0.702452,0.695822,0.149641]],"s":-1.59982,"t":[-40.1549,-110.521,301.701],"timestamp":208545109616},{"currentFrameRate":108.947,"devices":[],"gestures":[],"hands":[],"id":135186,"interactionBox":{"center":[0,200,0],"size":[235.247,235.247,147.751]},"pointables":[],"r":[[0.568661,-0.422268,-0.705914],[-0.428002,0.580966,-0.69231],[0.702452,0.695822,0.149641]],"s":-1.59982,"t":[-40.1549,-110.521,301.701],"timestamp":208545118257},{"currentFrameRate":109.189,"devices":[],"gestures":[],"hands":[],"id":135187,"interactionBox":{"center":[0,200,0],"size":[235.247,235.247,147.751]},"pointables":[],"r":[[0.568661,-0.422268,-0.705914],[-0.428002,0.580966,-0.69231],[0.702452,0.695822,0.149641]],"s":-1.59982,"t":[-40.1549,-110.521,301.701],"timestamp":208545126983},{"currentFrameRate":109.465,"devices":[],"gestures":[],"hands":[],"id":135188,"interactionBox":{"center":[0,200,0],"size":[235.247,235.247,147.751]},"pointables":[],"r":[[0.568661,-0.422268,-0.705914],[-0.428002,0.580966,-0.69231],[0.702452,0.695822,0.149641]],"s":-1.59982,"t":[-40.1549,-110.521,301.701],"timestamp":208545135624},{"currentFrameRate":109.694,"devices":[],"gestures":[],"hands":[],"id":135189,"interactionBox":{"center":[0,200,0],"size":[235.247,235.247,147.751]},"pointables":[],"r":[[0.568661,-0.422268,-0.705914],[-0.428002,0.580966,-0.69231],[0.702452,0.695822,0.149641]],"s":-1.59982,"t":[-40.1549,-110.521,301.701],"timestamp":208545144332},{"currentFrameRate":109.963,"devices":[],"gestures":[],"hands":[],"id":135190,"interactionBox":{"center":[0,200,0],"size":[235.247,235.247,147.751]},"pointables":[],"r":[[0.568661,-0.422268,-0.705914],[-0.428002,0.580966,-0.69231],[0.702452,0.695822,0.149641]],"s":-1.59982,"t":[-40.1549,-110.521,301.701],"timestamp":208545152947},{"currentFrameRate":110.169,"devices":[],"gestures":[],"hands":[],"id":135191,"interactionBox":{"center":[0,200,0],"size":[235.247,235.247,147.751]},"pointables":[],"r":[[0.568661,-0.422268,-0.705914],[-0.428002,0.580966,-0.69231],[0.702452,0.695822,0.149641]],"s":-1.59982,"t":[-40.1549,-110.521,301.701],"timestamp":208545161659},{"currentFrameRate":110.415,"devices":[],"gestures":[],"hands":[],"id":135192,"interactionBox":{"center":[0,200,0],"size":[235.247,235.247,147.751]},"pointables":[],"r":[[0.568661,-0.422268,-0.705914],[-0.428002,0.580966,-0.69231],[0.702452,0.695822,0.149641]],"s":-1.59982,"t":[-40.1549,-110.521,301.701],"timestamp":208545170279},{"currentFrameRate":110.604,"devices":[],"gestures":[],"hands":[],"id":135193,"interactionBox":{"center":[0,200,0],"size":[235.247,235.247,147.751]},"pointables":[],"r":[[0.568661,-0.422268,-0.705914],[-0.428002,0.580966,-0.69231],[0.702452,0.695822,0.149641]],"s":-1.59982,"t":[-40.1549,-110.521,301.701],"timestamp":208545178985},{"currentFrameRate":110.797,"devices":[],"gestures":[],"hands":[],"id":135194,"interactionBox":{"center":[0,200,0],"size":[235.247,235.247,147.751]},"pointables":[],"r":[[0.568661,-0.422268,-0.705914],[-0.428002,0.580966,-0.69231],[0.702452,0.695822,0.149641]],"s":-1.59982,"t":[-40.1549,-110.521,301.701],"timestamp":208545187671},{"currentFrameRate":111.001,"devices":[],"gestures":[],"hands":[],"id":135195,"interactionBox":{"center":[0,200,0],"size":[235.247,235.247,147.751]},"pointables":[],"r":[[0.568661,-0.422268,-0.705914],[-0.428002,0.580966,-0.69231],[0.702452,0.695822,0.149641]],"s":-1.59982,"t":[-40.1549,-110.521,301.701],"timestamp":208545196319},{"currentFrameRate":111.219,"devices":[],"gestures":[],"hands":[],"id":135196,"interactionBox":{"center":[0,200,0],"size":[235.247,235.247,147.751]},"pointables":[],"r":[[0.568661,-0.422268,-0.705914],[-0.428002,0.580966,-0.69231],[0.702452,0.695822,0.149641]],"s":-1.59982,"t":[-40.1549,-110.521,301.701],"timestamp":208545204928},{"currentFrameRate":111.365,"devices":[],"gestures":[],"hands":[],"id":135197,"interactionBox":{"center":[0,200,0],"size":[235.247,235.247,147.751]},"pointables":[],"r":[[0.568661,-0.422268,-0.705914],[-0.428002,0.580966,-0.69231],[0.702452,0.695822,0.149641]],"s":-1.59982,"t":[-40.1549,-110.521,301.701],"timestamp":208545213650},{"currentFrameRate":111.517,"devices":[],"gestures":[],"hands":[],"id":135198,"interactionBox":{"center":[0,200,0],"size":[235.247,235.247,147.751]},"pointables":[],"r":[[0.568661,-0.422268,-0.705914],[-0.428002,0.580966,-0.69231],[0.702452,0.695822,0.149641]],"s":-1.59982,"t":[-40.1549,-110.521,301.701],"timestamp":208545222351},{"currentFrameRate":111.686,"devices":[],"gestures":[],"hands":[],"id":135199,"interactionBox":{"center":[0,200,0],"size":[235.247,235.247,147.751]},"pointables":[],"r":[[0.568661,-0.422268,-0.705914],[-0.428002,0.580966,-0.69231],[0.702452,0.695822,0.149641]],"s":-1.59982,"t":[-40.1549,-110.521,301.701],"timestamp":208545231008},{"currentFrameRate":111.865,"devices":[],"gestures":[],"hands":[],"id":135200,"interactionBox":{"center":[0,200,0],"size":[235.247,235.247,147.751]},"pointables":[],"r":[[0.568661,-0.422268,-0.705914],[-0.428002,0.580966,-0.69231],[0.702452,0.695822,0.149641]],"s":-1.59982,"t":[-40.1549,-110.521,301.701],"timestamp":208545239635},{"currentFrameRate":112.013,"devices":[],"gestures":[],"hands":[],"id":135201,"interactionBox":{"center":[0,200,0],"size":[235.247,235.247,147.751]},"pointables":[],"r":[[0.568661,-0.422268,-0.705914],[-0.428002,0.580966,-0.69231],[0.702452,0.695822,0.149641]],"s":-1.59982,"t":[-40.1549,-110.521,301.701],"timestamp":208545248304},{"currentFrameRate":112.104,"devices":[],"gestures":[],"hands":[],"id":135202,"interactionBox":{"center":[0,200,0],"size":[235.247,235.247,147.751]},"pointables":[],"r":[[0.568661,-0.422268,-0.705914],[-0.428002,0.580966,-0.69231],[0.702452,0.695822,0.149641]],"s":-1.59982,"t":[-40.1549,-110.521,301.701],"timestamp":208545257065},{"currentFrameRate":112.261,"devices":[],"gestures":[],"hands":[],"id":135203,"interactionBox":{"center":[0,200,0],"size":[235.247,235.247,147.751]},"pointables":[],"r":[[0.568661,-0.422268,-0.705914],[-0.428002,0.580966,-0.69231],[0.702452,0.695822,0.149641]],"s":-1.59982,"t":[-40.1549,-110.521,301.701],"timestamp":208545265699},{"currentFrameRate":112.363,"devices":[],"gestures":[],"hands":[],"id":135204,"interactionBox":{"center":[0,200,0],"size":[235.247,235.247,147.751]},"pointables":[],"r":[[0.568661,-0.422268,-0.705914],[-0.428002,0.580966,-0.69231],[0.702452,0.695822,0.149641]],"s":-1.59982,"t":[-40.1549,-110.521,301.701],"timestamp":208545274421},{"currentFrameRate":112.497,"devices":[],"gestures":[],"hands":[],"id":135205,"interactionBox":{"center":[0,200,0],"size":[235.247,235.247,147.751]},"pointables":[],"r":[[0.568661,-0.422268,-0.705914],[-0.428002,0.580966,-0.69231],[0.702452,0.695822,0.149641]],"s":-1.59982,"t":[-40.1549,-110.521,301.701],"timestamp":208545283077},{"currentFrameRate":112.614,"devices":[],"gestures":[],"hands":[],"id":135206,"interactionBox":{"center":[0,200,0],"size":[235.247,235.247,147.751]},"pointables":[],"r":[[0.568661,-0.422268,-0.705914],[-0.428002,0.580966,-0.69231],[0.702452,0.695822,0.149641]],"s":-1.59982,"t":[-40.1549,-110.521,301.701],"timestamp":208545291754},{"currentFrameRate":112.766,"devices":[],"gestures":[],"hands":[],"id":135207,"interactionBox":{"center":[0,200,0],"size":[235.247,235.247,147.751]},"pointables":[],"r":[[0.568661,-0.422268,-0.705914],[-0.428002,0.580966,-0.69231],[0.702452,0.695822,0.149641]],"s":-1.59982,"t":[-40.1549,-110.521,301.701],"timestamp":208545300357},{"currentFrameRate":112.873,"devices":[],"gestures":[],"hands":[],"id":135208,"interactionBox":{"center":[0,200,0],"size":[235.247,235.247,147.751]},"pointables":[],"r":[[0.568661,-0.422268,-0.705914],[-0.428002,0.580966,-0.69231],[0.702452,0.695822,0.149641]],"s":-1.59982,"t":[-40.1549,-110.521,301.701],"timestamp":208545309031},{"currentFrameRate":112.819,"devices":[],"gestures":[],"hands":[],"id":135209,"interactionBox":{"center":[0,200,0],"size":[235.247,235.247,147.751]},"pointables":[],"r":[[0.568661,-0.422268,-0.705914],[-0.428002,0.580966,-0.69231],[0.702452,0.695822,0.149641]],"s":-1.59982,"t":[-40.1549,-110.521,301.701],"timestamp":208545317989},{"currentFrameRate":113.081,"devices":[],"gestures":[],"hands":[],"id":135210,"interactionBox":{"center":[0,200,0],"size":[235.247,235.247,147.751]},"pointables":[],"r":[[0.568661,-0.422268,-0.705914],[-0.428002,0.580966,-0.69231],[0.702452,0.695822,0.149641]],"s":-1.59982,"t":[-40.1549,-110.521,301.701],"timestamp":208545326379},{"currentFrameRate":113.157,"devices":[],"gestures":[],"hands":[],"id":135211,"interactionBox":{"center":[0,200,0],"size":[235.247,235.247,147.751]},"pointables":[],"r":[[0.568661,-0.422268,-0.705914],[-0.428002,0.580966,-0.69231],[0.702452,0.695822,0.149641]],"s":-1.59982,"t":[-40.1549,-110.521,301.701],"timestamp":208545335084},{"currentFrameRate":113.279,"devices":[],"gestures":[],"hands":[],"id":135212,"interactionBox":{"center":[0,200,0],"size":[235.247,235.247,147.751]},"pointables":[],"r":[[0.568661,-0.422268,-0.705914],[-0.428002,0.580966,-0.69231],[0.702452,0.695822,0.149641]],"s":-1.59982,"t":[-40.1549,-110.521,301.701],"timestamp":208545343701},{"currentFrameRate":113.371,"devices":[],"gestures":[],"hands":[],"id":135213,"interactionBox":{"center":[0,200,0],"size":[235.247,235.247,147.751]},"pointables":[],"r":[[0.568661,-0.422268,-0.705914],[-0.428002,0.580966,-0.69231],[0.702452,0.695822,0.149641]],"s":-1.59982,"t":[-40.1549,-110.521,301.701],"timestamp":208545352364},{"currentFrameRate":113.278,"devices":[],"gestures":[],"hands":[],"id":135214,"interactionBox":{"center":[0,200,0],"size":[235.247,235.247,147.751]},"pointables":[],"r":[[0.568661,-0.422268,-0.705914],[-0.428002,0.580966,-0.69231],[0.702452,0.695822,0.149641]],"s":-1.59982,"t":[-40.1549,-110.521,301.701],"timestamp":208545361351},{"currentFrameRate":113.531,"devices":[],"gestures":[],"hands":[],"id":135215,"interactionBox":{"center":[0,200,0],"size":[235.247,235.247,147.751]},"pointables":[],"r":[[0.568661,-0.422268,-0.705914],[-0.428002,0.580966,-0.69231],[0.702452,0.695822,0.149641]],"s":-1.59982,"t":[-40.1549,-110.521,301.701],"timestamp":208545369723},{"currentFrameRate":113.62,"devices":[],"gestures":[],"hands":[],"id":135216,"interactionBox":{"center":[0,200,0],"size":[235.247,235.247,147.751]},"pointables":[],"r":[[0.568661,-0.422268,-0.705914],[-0.428002,0.580966,-0.69231],[0.702452,0.695822,0.149641]],"s":-1.59982,"t":[-40.1549,-110.521,301.701],"timestamp":208545378371},{"currentFrameRate":113.636,"devices":[],"gestures":[],"hands":[],"id":135217,"interactionBox":{"center":[0,200,0],"size":[235.247,235.247,147.751]},"pointables":[],"r":[[0.568661,-0.422268,-0.705914],[-0.428002,0.580966,-0.69231],[0.702452,0.695822,0.149641]],"s":-1.59982,"t":[-40.1549,-110.521,301.701],"timestamp":208545387144},{"currentFrameRate":113.703,"devices":[],"gestures":[],"hands":[],"id":135218,"interactionBox":{"center":[0,200,0],"size":[235.247,235.247,147.751]},"pointables":[],"r":[[0.568661,-0.422268,-0.705914],[-0.428002,0.580966,-0.69231],[0.702452,0.695822,0.149641]],"s":-1.59982,"t":[-40.1549,-110.521,301.701],"timestamp":208545395824},{"currentFrameRate":113.804,"devices":[],"gestures":[],"hands":[],"id":135219,"interactionBox":{"center":[0,200,0],"size":[235.247,235.247,147.751]},"pointables":[],"r":[[0.568661,-0.422268,-0.705914],[-0.428002,0.580966,-0.69231],[0.702452,0.695822,0.149641]],"s":-1.59982,"t":[-40.1549,-110.521,301.701],"timestamp":208545404436},{"currentFrameRate":113.881,"devices":[],"gestures":[],"hands":[],"id":135220,"interactionBox":{"center":[0,200,0],"size":[235.247,235.247,147.751]},"pointables":[],"r":[[0.568661,-0.422268,-0.705914],[-0.428002,0.580966,-0.69231],[0.702452,0.695822,0.149641]],"s":-1.59982,"t":[-40.1549,-110.521,301.701],"timestamp":208545413085},{"currentFrameRate":113.95,"devices":[],"gestures":[],"hands":[],"id":135221,"interactionBox":{"center":[0,200,0],"size":[235.247,235.247,147.751]},"pointables":[],"r":[[0.568661,-0.422268,-0.705914],[-0.428002,0.580966,-0.69231],[0.702452,0.695822,0.149641]],"s":-1.59982,"t":[-40.1549,-110.521,301.701],"timestamp":208545421742},{"currentFrameRate":113.987,"devices":[],"gestures":[],"hands":[],"id":135222,"interactionBox":{"center":[0,200,0],"size":[235.247,235.247,147.751]},"pointables":[],"r":[[0.568661,-0.422268,-0.705914],[-0.428002,0.580966,-0.69231],[0.702452,0.695822,0.149641]],"s":-1.59982,"t":[-40.1549,-110.521,301.701],"timestamp":208545430452},{"currentFrameRate":114.051,"devices":[],"gestures":[],"hands":[],"id":135223,"interactionBox":{"center":[0,200,0],"size":[235.247,235.247,147.751]},"pointables":[],"r":[[0.568661,-0.422268,-0.705914],[-0.428002,0.580966,-0.69231],[0.702452,0.695822,0.149641]],"s":-1.59982,"t":[-40.1549,-110.521,301.701],"timestamp":208545439110},{"currentFrameRate":114.084,"devices":[],"gestures":[],"hands":[],"id":135224,"interactionBox":{"center":[0,200,0],"size":[235.247,235.247,147.751]},"pointables":[],"r":[[0.568661,-0.422268,-0.705914],[-0.428002,0.580966,-0.69231],[0.702452,0.695822,0.149641]],"s":-1.59982,"t":[-40.1549,-110.521,301.701],"timestamp":208545447819},{"currentFrameRate":114.125,"devices":[],"gestures":[],"hands":[],"id":135225,"interactionBox":{"center":[0,200,0],"size":[235.247,235.247,147.751]},"pointables":[],"r":[[0.568661,-0.422268,-0.705914],[-0.428002,0.580966,-0.69231],[0.702452,0.695822,0.149641]],"s":-1.59982,"t":[-40.1549,-110.521,301.701],"timestamp":208545456511},{"currentFrameRate":114.189,"devices":[],"gestures":[],"hands":[],"id":135226,"interactionBox":{"center":[0,200,0],"size":[235.247,235.247,147.751]},"pointables":[],"r":[[0.568661,-0.422268,-0.705914],[-0.428002,0.580966,-0.69231],[0.702452,0.695822,0.149641]],"s":-1.59982,"t":[-40.1549,-110.521,301.701],"timestamp":208545465159},{"currentFrameRate":114.262,"devices":[],"gestures":[],"hands":[],"id":135227,"interactionBox":{"center":[0,200,0],"size":[235.247,235.247,147.751]},"pointables":[],"r":[[0.568661,-0.422268,-0.705914],[-0.428002,0.580966,-0.69231],[0.702452,0.695822,0.149641]],"s":-1.59982,"t":[-40.1549,-110.521,301.701],"timestamp":208545473786},{"currentFrameRate":114.281,"devices":[],"gestures":[],"hands":[],"id":135228,"interactionBox":{"center":[0,200,0],"size":[235.247,235.247,147.751]},"pointables":[],"r":[[0.568661,-0.422268,-0.705914],[-0.428002,0.580966,-0.69231],[0.702452,0.695822,0.149641]],"s":-1.59982,"t":[-40.1549,-110.521,301.701],"timestamp":208545482503},{"currentFrameRate":114.303,"devices":[],"gestures":[],"hands":[],"id":135229,"interactionBox":{"center":[0,200,0],"size":[235.247,235.247,147.751]},"pointables":[],"r":[[0.568661,-0.422268,-0.705914],[-0.428002,0.580966,-0.69231],[0.702452,0.695822,0.149641]],"s":-1.59982,"t":[-40.1549,-110.521,301.701],"timestamp":208545491214},{"currentFrameRate":114.376,"devices":[],"gestures":[],"hands":[],"id":135230,"interactionBox":{"center":[0,200,0],"size":[235.247,235.247,147.751]},"pointables":[],"r":[[0.568661,-0.422268,-0.705914],[-0.428002,0.580966,-0.69231],[0.702452,0.695822,0.149641]],"s":-1.59982,"t":[-40.1549,-110.521,301.701],"timestamp":208545499833},{"currentFrameRate":114.407,"devices":[],"gestures":[],"hands":[],"id":135231,"interactionBox":{"center":[0,200,0],"size":[235.247,235.247,147.751]},"pointables":[],"r":[[0.568661,-0.422268,-0.705914],[-0.428002,0.580966,-0.69231],[0.702452,0.695822,0.149641]],"s":-1.59982,"t":[-40.1549,-110.521,301.701],"timestamp":208545508521},{"currentFrameRate":114.445,"devices":[],"gestures":[],"hands":[],"id":135232,"interactionBox":{"center":[0,200,0],"size":[235.247,235.247,147.751]},"pointables":[],"r":[[0.568661,-0.422268,-0.705914],[-0.428002,0.580966,-0.69231],[0.702452,0.695822,0.149641]],"s":-1.59982,"t":[-40.1549,-110.521,301.701],"timestamp":208545517193},{"currentFrameRate":114.486,"devices":[],"gestures":[],"hands":[],"id":135233,"interactionBox":{"center":[0,200,0],"size":[235.247,235.247,147.751]},"pointables":[],"r":[[0.568661,-0.422268,-0.705914],[-0.428002,0.580966,-0.69231],[0.702452,0.695822,0.149641]],"s":-1.59982,"t":[-40.1549,-110.521,301.701],"timestamp":208545525858},{"currentFrameRate":114.51,"devices":[],"gestures":[],"hands":[{"armBasis":[[0.112046,-0.984793,-0.132775],[-0.993692,-0.110424,-0.0195392],[-0.00458051,-0.134127,0.990954]],"armWidth":55.811,"confidence":0,"direction":[-0.735692,0.247943,-0.630302],"elbow":[-211.099,90.4754,314.92],"grabAngle":0.106078,"grabStrength":0,"id":51,"palmNormal":[0.668869,0.412467,-0.618454],"palmPosition":[-250.598,145.309,34.6915],"palmVelocity":[1.19209e-7,1.19209e-7,1.19209e-7],"palmWidth":79.6963,"pinchDistance":66.8635,"pinchStrength":0,"r":[[1,-2.22045e-17,2.22045e-17],[2.22045e-17,1,1.11022e-17],[-2.22045e-17,-1.11022e-17,1]],"s":1,"sphereCenter":[-316.513,157.41,48.8692],"sphereRadius":73.2458,"stabilizedPalmPosition":[-250.598,145.309,34.6915],"t":[0,0,0],"timeVisible":0,"type":"left","wrist":[-210.016,122.195,80.5718]}],"id":135234,"interactionBox":{"center":[0,200,0],"size":[235.247,235.247,147.751]},"pointables":[{"bases":[[[-0.698901,-0.673274,0.241329],[-0.0978343,0.424243,0.900248],[0.708496,-0.605574,0.362373]],[[-0.895719,-0.431769,0.106129],[-0.263418,0.707629,0.655646],[0.358188,-0.559318,0.747573]],[[-0.895719,-0.431769,0.106129],[-0.388748,0.876367,0.284352],[0.215783,-0.213442,0.952828]],[[-0.895719,-0.431769,0.106129],[-0.444567,0.873415,-0.198763],[0.00687547,0.225217,0.974284]]],"btipPosition":[-233.996,177.427,-9.64477],"carpPosition":[-211.751,151.215,71.4669],"dipPosition":[-233.855,182.043,10.3268],"direction":[-0.215783,0.213442,-0.952828],"extended":false,"handId":51,"id":510,"length":45.6477,"mcpPosition":[-211.751,151.215,71.4669],"pipPosition":[-227.411,175.669,38.7817],"stabilizedTipPosition":[-233.964,178.489,-5.05131],"timeVisible":0,"tipPosition":[-233.964,178.489,-5.05131],"tipVelocity":[1.19209e-7,1.19209e-7,1.19209e-7],"tool":false,"touchDistance":1,"touchZo