{"frames":501,"data":[{"currentFrameRate":113.725,"devices":[],"gestures":[],"hands":[{"armBasis":[[0.727773,0.587693,-0.353501],[-0.0880033,0.591208,0.801703],[0.680148,-0.552349,0.481984]],"armWidth":54.251,"confidence":1,"direction":[-0.568355,0.515197,-0.641517],"elbow":[229.65,91.427,186.399],"grabAngle":2.86063,"grabStrength":0.366982,"id":33,"palmNormal":[0.181094,-0.682242,-0.708344],"palmPosition":[29.7998,247.079,34.0481],"palmVelocity":[10.622,22.31,-6.18123],"palmWidth":77.9717,"pinchDistance":27.4545,"pinchStrength":1,"r":[[-0.571093,0.478849,-0.666751],[0.127006,0.853995,0.504541],[0.811001,0.203458,-0.548527]],"s":1.03623,"sphereCenter":[37.8003,232.104,-5.52951],"sphereRadius":39.5591,"stabilizedPalmPosition":[29.563,243.616,34.65],"t":[-57.3381,50.293,-2.27079],"timeVisible":41.6253,"type":"right","wrist":[72.2842,219.224,74.8818]}],"id":72133,"interactionBox":{"center":[0,200,0],"size":[235.247,235.247,147.751]},"pointables":[{"bases":[[[0.695785,0.597904,-0.397988],[-0.282194,0.737112,0.614029],[0.660493,-0.314922,0.681596]],[[0.740044,0.574549,-0.349611],[-0.584452,0.806597,0.0884107],[0.332792,0.138903,0.932714]],[[0.740044,0.574549,-0.349611],[-0.67045,0.589094,-0.451071],[-0.0532089,0.568209,0.821162]],[[0.740044,0.574549,-0.349611],[-0.598849,0.326306,-0.731371],[-0.306129,0.750611,0.585549]]],"btipPosition":[-6.53628,220.639,-31.4261],"carpPosition":[41.709,228.396,70.9028],"dipPosition":[-10.9764,231.525,-22.9333],"direction":[0.0532089,-0.568209,-0.821162],"extended":false,"handId":33,"id":331,"length":49.9218,"mcpPosition":[0.0690619,248.25,27.9324],"pipPosition":[-12.0681,243.184,-6.08448],"stabilizedTipPosition":[-8.06527,222.087,-29.5958],"timeVisible":41.6253,"tipPosition":[-14.8729,231.702,-32.4298],"tipVelocity":[10.8438,15.4113,-2.91353],"tool":false,"touchDistance":-0.173472,"touchZone":"touching","type":1,"width":16.4215},{"bases":[[[0.816467,0.415381,-0.401049],[-0.145931,0.82049,0.55272],[0.558647,-0.392752,0.73052]],[[0.781499,0.438184,-0.444133],[-0.553661,0.815222,-0.169921],[0.28761,0.378692,0.8797]],[[0.781499,0.438184,-0.444133],[-0.475009,-0.043653,-0.878897],[-0.404507,0.897824,0.174027]],[[0.781499,0.438184,-0.444133],[-0.302595,-0.35633,-0.884005],[-0.545615,0.825242,-0.145879]]],"btipPosition":[21.5277,209.019,-14.2436],"carpPosition":[48.2266,235.871,67.3002],"dipPosition":[12.8237,222.184,-16.5707],"direction":[0.404507,-0.897824,-0.174027],"extended":false,"handId":33,"id":332,"length":56.8818,"mcpPosition":[14.8273,259.352,23.6252],"pipPosition":[3.05906,243.857,-12.3698],"stabilizedTipPosition":[31.9116,207.061,3.2261],"timeVisible":41.6253,"tipPosition":[23.7861,211.312,-8.00599],"tipVelocity":[-172.545,74.8007,-271.281],"tool":false,"touchDistance":0.211623,"touchZone":"hovering","type":2,"width":16.1281},{"bases":[[[0.0500867,0.919497,0.389893],[-0.505112,-0.313455,0.804119],[0.861599,-0.237215,0.448749]],[[-0.294181,0.938449,0.181027],[-0.731275,-0.342968,0.589584],[0.615381,0.0410643,0.787159]],[[-0.294181,0.938449,0.181027],[-0.850079,-0.34349,0.399225],[0.436833,-0.0364426,0.898804]],[[-0.294181,0.938449,0.181027],[-0.935465,-0.321541,0.146684],[0.195863,-0.126193,0.972478]]],"btipPosition":[1.5495,210.46,-12.0552],"carpPosition":[44.4078,208.655,66.9514],"dipPosition":[5.44078,207.953,7.26532],"direction":[-0.436833,0.0364426,-0.898804],"extended":false,"handId":33,"id":330,"length":44.2416,"mcpPosition":[44.4078,208.655,66.9514],"pipPosition":[18.0844,206.899,33.2801],"stabilizedTipPosition":[2.06901,206.419,-6.68595],"timeVisible":41.6253,"tipPosition":[-0.915978,212.061,-5.92047],"tipVelocity":[28.2892,4.26691,-11.4275],"tool":false,"touchDistance":0.260103,"touchZone":"hovering","type":0,"width":17.1916},{"bases":[[[0.898439,0.290015,-0.329694],[-0.0693427,0.835133,0.54566],[0.433588,-0.467381,0.770427]],[[0.870823,0.317519,-0.375298],[-0.490367,0.507099,-0.708795],[-0.0347425,0.801269,0.597295]],[[0.870823,0.317519,-0.375298],[0.0131285,-0.778176,-0.627909],[-0.491421,0.54187,-0.681822]],[[0.870823,0.317519,-0.375298],[0.323142,-0.945042,-0.0497453],[-0.370468,-0.0779554,-0.925568]]],"btipPosition":[51.7504,224.323,29.7166],"carpPosition":[56.2744,241.132,63.0118],"dipPosition":[45.8744,223.086,15.0363],"direction":[0.491421,-0.54187,0.681822],"extended":false,"handId":33,"id":333,"length":54.6934,"mcpPosition":[33.0003,266.22,21.6569],"pipPosition":[34.318,235.829,-0.997626],"stabilizedTipPosition":[50.7679,220.442,27.1109],"timeVisible":41.6253,"tipPosition":[49.4362,224.891,25.718],"tipVelocity":[12.4492,20.3332,-7.9693],"tool":false,"touchDistance":0.333333,"touchZone":"none","type":3,"width":15.3469},{"bases":[[[0.941608,0.0919701,-0.323906],[0.109822,0.825479,0.553645],[0.318296,-0.556889,0.767178]],[[0.98399,-0.0116313,-0.177844],[-0.132247,0.621291,-0.772339],[0.119476,0.783493,0.609806]],[[0.98399,-0.0116313,-0.177844],[-0.127134,-0.745137,-0.654681],[-0.124903,0.66681,-0.734686]],[[0.98399,-0.0116313,-0.177844],[-0.0159932,-0.999605,-0.0231126],[-0.177505,0.0255869,-0.983787]]],"btipPosition":[52.016,233.72,26.9313],"carpPosition":[66.7469,241.012,56.7624],"dipPosition":[49.4186,234.094,12.5362],"direction":[0.124903,-0.66681,0.734686],"extended":false,"handId":33,"id":334,"length":42.8786,"mcpPosition":[50.9311,268.684,18.6421],"pipPosition":[47.3448,245.166,0.337872],"stabilizedTipPosition":[51.7722,231.39,23.9741],"timeVisible":41.6253,"tipPosition":[55.1043,234.492,22.1357],"tipVelocity":[-3.548,21.7728,-5.48548],"tool":false,"touchDistance":0.333333,"touchZone":"none","type":4,"width":13.6323}],"r":[[-0.571093,0.478849,-0.666751],[0.127006,0.853995,0.504541],[0.811001,0.203458,-0.548527]],"s":1.03623,"t":[-57.3381,50.293,-2.27079],"timestamp":496214508908},{"currentFrameRate":113.805,"devices":[],"gestures":[],"hands":[{"armBasis":[[0.728255,0.587036,-0.3536],[-0.0883633,0.592104,0.801003],[0.679585,-0.552089,0.483075]],"armWidth":54.251,"confidence":1,"direction":[-0.568886,0.516256,-0.640194],"elbow":[229.601,91.6518,186.518],"grabAngle":2.7478,"grabStrength":0.369964,"id":33,"palmNormal":[0.17982,-0.681515,-0.709368],"palmPosition":[29.8544,247.302,33.9794],"palmVelocity":[6.3045,25.7779,-7.94065],"palmWidth":77.9717,"pinchDistance":27.4354,"pinchStrength":1,"r":[[-0.571332,0.479329,-0.666201],[0.127634,0.853744,0.504807],[0.810734,0.203382,-0.54895]],"s":1.04992,"sphereCenter":[37.7611,231.93,-5.86083],"sphereRadius":39.9823,"stabilizedPalmPosition":[29.5688,243.69,34.6366],"t":[-57.2603,50.4881,-2.32621],"timeVisible":41.634,"type":"right","wrist":[72.3655,219.389,74.7493]}],"id":72134,"interactionBox":{"center":[0,200,0],"size":[235.247,235.247,147.751]},"pointables":[{"bases":[[[0.695607,0.597986,-0.398175],[-0.281009,0.736551,0.615245],[0.661184,-0.316078,0.68039]],[[0.740016,0.574492,-0.349765],[-0.584422,0.806621,0.0883898],[0.332907,0.139,0.932658]],[[0.740016,0.574492,-0.349765],[-0.670494,0.589099,-0.450999],[-0.0530495,0.568262,0.821136]],[[0.740016,0.574492,-0.349765],[-0.598277,0.324641,-0.73258],[-0.307313,0.751377,0.583944]]],"btipPosition":[-6.47914,220.869,-31.4298],"carpPosition":[41.8,228.57,70.7971],"dipPosition":[-10.9364,231.767,-22.9603],"direction":[0.0530495,-0.568262,-0.821136],"extended":false,"handId":33,"id":331,"length":49.9218,"mcpPosition":[0.116503,248.496,27.9028],"pipPosition":[-12.0249,243.427,-6.11199],"stabilizedTipPosition":[-8.00481,222.226,-29.5835],"timeVisible":41.634,"tipPosition":[-14.847,231.952,-32.4338],"tipVelocity":[6.14913,26.9602,-1.04686],"tool":false,"touchDistance":-0.173623,"touchZone":"touching","type":1,"width":16.4215},{"bases":[[[0.816185,0.415401,-0.401602],[-0.144779,0.819926,0.55386],[0.559358,-0.393909,0.729352]],[[0.777405,0.440543,-0.448959],[-0.545866,0.827161,-0.133551],[0.312527,0.348894,0.883516]],[[0.777405,0.440543,-0.448959],[-0.515585,0.0374554,-0.856019],[-0.360297,0.89695,0.256255]],[[0.777405,0.440543,-0.448959],[-0.515585,0.0374554,-0.856019],[-0.360297,0.89695,0.256255]]],"btipPosition":[16.5327,209.359,-22.8351],"carpPosition":[48.3172,236.046,67.195],"dipPosition":[10.785,223.668,-18.7472],"direction":[0.360297,-0.89695,-0.256255],"extended":false,"handId":33,"id":332,"length":56.8818,"mcpPosition":[14.8754,259.596,23.5899],"pipPosition":[2.08759,245.32,-12.5612],"stabilizedTipPosition":[31.5514,207.182,2.68422],"timeVisible":41.634,"tipPosition":[20.805,211.956,-12.8817],"tipVelocity":[-498.848,69.6922,-822.663],"tool":false,"touchDistance":0.0930225,"touchZone":"hovering","type":2,"width":16.1281},{"bases":[[[0.0510866,0.919015,0.390899],[-0.504263,-0.314115,0.804395],[0.862038,-0.23821,0.447378]],[[-0.296137,0.937914,0.18061],[-0.730689,-0.344239,0.58957],[0.615139,0.0426235,0.787266]],[[-0.296137,0.937914,0.18061],[-0.850651,-0.344978,0.396715],[0.434391,-0.0361545,0.899999]],[[-0.296137,0.937914,0.18061],[-0.935464,-0.322991,0.143468],[0.192897,-0.126468,0.973035]]],"btipPosition":[1.76468,210.568,-12.2374],"carpPosition":[44.483,208.832,66.8194],"dipPosition":[5.59702,208.055,7.09416],"direction":[-0.434391,0.0361545,-0.899999],"extended":false,"handId":33,"id":330,"length":44.2416,"mcpPosition":[44.483,208.832,66.8194],"pipPosition":[18.1699,207.009,33.1435],"stabilizedTipPosition":[2.07823,206.476,-6.70362],"timeVisible":41.634,"tipPosition":[-0.860702,212.3,-6.02643],"tipVelocity":[23.3085,12.2377,-20.7718],"tool":false,"touchDistance":0.257109,"touchZone":"hovering","type":0,"width":17.1916},{"bases":[[[0.898179,0.289907,-0.330497],[-0.0681912,0.834534,0.54672],[0.434309,-0.468515,0.76933]],[[0.87052,0.317479,-0.376034],[-0.490988,0.508193,-0.707581],[-0.0335441,0.800592,0.598271]],[[0.87052,0.317479,-0.376034],[0.0115387,-0.777048,-0.629336],[-0.491998,0.54351,-0.680099]],[[0.87052,0.317479,-0.376034],[0.321506,-0.945374,-0.0538758],[-0.372597,-0.0739973,-0.925038]]],"btipPosition":[51.8015,224.483,29.5802],"carpPosition":[56.3624,241.307,62.9025],"dipPosition":[45.8918,223.309,14.9083],"direction":[0.491998,-0.54351,0.680099],"extended":false,"handId":33,"id":333,"length":54.6934,"mcpPosition":[33.0496,266.456,21.6064],"pipPosition":[34.3219,236.09,-1.0851],"stabilizedTipPosition":[50.7641,220.486,27.1004],"timeVisible":41.634,"tipPosition":[49.4712,225.11,25.6005],"tipVelocity":[5.01912,20.1664,-15.5457],"tool":false,"touchDistance":0.333333,"touchZone":"none","type":3,"width":15.3469},{"bases":[[[0.941247,0.0918317,-0.324994],[0.110978,0.824773,0.554466],[0.318964,-0.557957,0.766124]],[[0.984786,-0.0161955,-0.173017],[-0.125535,0.622158,-0.772762],[0.120159,0.782724,0.610659]],[[0.984786,-0.0161955,-0.173017],[-0.127491,-0.743894,-0.656024],[-0.118082,0.668102,-0.734641]],[[0.984786,-0.0161955,-0.173017],[-0.0208717,-0.999463,-0.0252421],[-0.172516,0.0284692,-0.984595]]],"btipPosition":[51.856,233.909,26.8464],"carpPosition":[66.8269,241.188,56.6397],"dipPosition":[49.3317,234.325,12.4395],"direction":[0.118082,-0.668102,0.734641],"extended":false,"handId":33,"id":334,"length":42.8786,"mcpPosition":[50.9779,268.913,18.5717],"pipPosition":[47.3711,245.418,0.241922],"stabilizedTipPosition":[51.7603,231.453,23.9634],"timeVisible":41.634,"tipPosition":[55.0909,234.707,22.0382],"tipVelocity":[-16.5502,22.9482,-10.1273],"tool":false,"touchDistance":0.333333,"touchZone":"none","type":4,"width":13.6323}],"r":[[-0.571332,0.479329,-0.666201],[0.127634,0.853744,0.504807],[0.810734,0.203382,-0.54895]],"s":1.04992,"t":[-57.2603,50.4881,-2.32621],"timestamp":496214517558},{"currentFrameRate":113.863,"devices":[],"gestures":[],"hands":[{"armBasis":[[0.728826,0.58645,-0.353398],[-0.0885399,0.592525,0.800672],[0.67895,-0.55226,0.483771]],"armWidth":54.251,"confidence":1,"direction":[-0.568983,0.515914,-0.640384],"elbow":[229.546,91.8553,186.642],"grabAngle":2.80702,"grabStrength":0.370767,"id":33,"palmNormal":[0.179903,-0.681771,-0.709101],"palmPosition":[29.9474,247.526,33.9277],"palmVelocity":[10.7092,25.8413,-5.95477],"palmWidth":77.9717,"pinchDistance":27.5075,"pinchStrength":1,"r":[[-0.571541,0.479642,-0.665795],[0.128114,0.853587,0.504951],[0.81051,0.203303,-0.549309]],"s":1.05731,"sphereCenter":[37.2851,232.026,-5.68963],"sphereRadius":39.7649,"stabilizedPalmPosition":[29.5763,243.766,34.6226],"t":[-57.175,50.6978,-2.37978],"timeVisible":41.6427,"type":"right","wrist":[72.4566,219.632,74.7118]}],"id":72135,"interactionBox":{"center":[0,200,0],"size":[235.247,235.247,147.751]},"pointables":[{"bases":[[[0.695505,0.597933,-0.398434],[-0.281103,0.736754,0.614959],[0.661252,-0.315706,0.680497]],[[0.740069,0.574376,-0.349841],[-0.584596,0.806583,0.0875851],[0.332483,0.139697,0.932706]],[[0.740069,0.574376,-0.349841],[-0.67048,0.589542,-0.450441],[-0.0524765,0.567919,0.82141]],[[0.740069,0.574376,-0.349841],[-0.598279,0.324679,-0.732561],[-0.30718,0.751449,0.583922]]],"btipPosition":[-6.38475,221.067,-31.4881],"carpPosition":[41.8969,228.811,70.7526],"dipPosition":[-10.8401,231.966,-23.0189],"direction":[0.0524765,-0.567919,-0.82141],"extended":false,"handId":33,"id":331,"length":49.9218,"mcpPosition":[0.209123,248.714,27.8515],"pipPosition":[-11.9168,243.619,-6.16503],"stabilizedTipPosition":[-7.94208,222.368,-29.579],"timeVisible":41.6427,"tipPosition":[-14.7448,232.133,-32.4745],"tipVelocity":[10.9236,22.8355,-6.7286],"tool":false,"touchDistance":-0.174597,"touchZone":"touching","type":1,"width":16.4215},{"bases":[[[0.0509584,0.919178,0.390531],[-0.504192,-0.31387,0.804535],[0.862087,-0.2379,0.447448]],[[-0.297964,0.937632,0.179065],[-0.730601,-0.344732,0.589391],[0.614361,0.0447917,0.787753]],[[-0.297964,0.937632,0.179065],[-0.851264,-0.345879,0.394611],[0.431935,-0.0348519,0.901231]],[[-0.297964,0.937632,0.179065],[-0.935551,-0.324106,0.140352],[0.189635,-0.125705,0.973775]]],"btipPosition":[2.03361,210.662,-12.3454],"carpPosition":[44.5827,209.072,66.7826],"dipPosition":[5.80114,208.164,7.00089],"direction":[-0.431935,0.0348519,-0.901231],"extended":false,"handId":33,"id":330,"length":44.2416,"mcpPosition":[44.5827,209.072,66.7826],"pipPosition":[18.303,207.156,33.0859],"stabilizedTipPosition":[2.09138,206.534,-6.72269],"timeVisible":41.6427,"tipPosition":[-0.715137,212.472,-6.08749],"tipVelocity":[29.259,11.2373,-12.0469],"tool":false,"touchDistance":0.255365,"touchZone":"hovering","type":0,"width":17.1916},{"bases":[[[0.81611,0.415364,-0.401792],[-0.144887,0.820125,0.553537],[0.559439,-0.393533,0.729493]],[[0.772347,0.443421,-0.454817],[-0.54244,0.83299,-0.109025],[0.330513,0.330916,0.883886]],[[0.772347,0.443421,-0.454817],[-0.544695,0.0939761,-0.833352],[-0.326784,0.891373,0.314112]],[[0.772347,0.443421,-0.454817],[-0.420567,-0.179618,-0.889303],[-0.47603,0.878131,0.0477609]]],"btipPosition":[16.9248,210.748,-20.9771],"carpPosition":[48.4128,236.286,67.1472],"dipPosition":[9.3309,224.756,-20.2151],"direction":[0.326784,-0.891373,-0.314112],"extended":false,"handId":33,"id":332,"length":56.8818,"mcpPosition":[14.9662,259.814,23.5337],"pipPosition":[1.44243,246.273,-12.6326],"stabilizedTipPosition":[31.1331,207.355,2.08425],"timeVisible":41.6427,"tipPosition":[20.3553,212.333,-13.6719],"tipVelocity":[-3.74963,151.962,125.898],"tool":false,"touchDistance":0.11124,"touchZone":"hovering","type":2,"width":16.1281},{"bases":[[[0.898126,0.289911,-0.330639],[-0.0683021,0.834742,0.546389],[0.434402,-0.468142,0.769505]],[[0.870461,0.317461,-0.376186],[-0.491086,0.507836,-0.707769],[-0.0336484,0.800825,0.597952]],[[0.870461,0.317461,-0.376186],[0.0115772,-0.77723,-0.629111],[-0.492101,0.543261,-0.680223]],[[0.870461,0.317461,-0.376186],[0.321055,-0.945463,-0.0549789],[-0.373124,-0.0729193,-0.924911]]],"btipPosition":[51.906,224.682,29.5338],"carpPosition":[56.4571,241.547,62.8524],"dipPosition":[45.9879,223.526,14.8639],"direction":[0.492101,-0.543261,0.680223],"extended":false,"handId":33,"id":333,"length":54.6934,"mcpPosition":[33.1393,266.675,21.547],"pipPosition":[34.4155,236.301,-1.13245],"stabilizedTipPosition":[50.7615,220.534,27.0891],"timeVisible":41.6427,"tipPosition":[49.5687,225.333,25.558],"tipVelocity":[11.8099,23.4663,-5.2953],"tool":false,"touchDistance":0.333333,"touchZone":"none","type":3,"width":15.3469},{"bases":[[[0.941223,0.0918448,-0.325058],[0.110869,0.825011,0.554134],[0.319071,-0.557603,0.766337]],[[0.985146,-0.0176629,-0.170808],[-0.12296,0.621784,-0.773476],[0.119867,0.78299,0.610376]],[[0.985146,-0.0176629,-0.170808],[-0.127045,-0.744178,-0.655788],[-0.115528,0.667747,-0.735368]],[[0.985146,-0.0176629,-0.170808],[-0.0222706,-0.999437,-0.0250978],[-0.170268,0.028529,-0.984985]]],"btipPosition":[51.8787,234.127,26.8118],"carpPosition":[66.9215,241.428,56.5894],"dipPosition":[49.3873,234.545,12.3991],"direction":[0.115528,-0.667747,0.735368],"extended":false,"handId":33,"id":334,"length":42.8786,"mcpPosition":[51.0671,269.134,18.5108],"pipPosition":[47.4691,245.632,0.18947],"stabilizedTipPosition":[51.7495,231.519,23.9524],"timeVisible":41.6427,"tipPosition":[55.1686,234.927,21.9974],"tipVelocity":[3.48944,25.1846,-4.14445],"tool":false,"touchDistance":0.333333,"touchZone":"none","type":4,"width":13.6323}],"r":[[-0.571541,0.479642,-0.665795],[0.128114,0.853587,0.504951],[0.81051,0.203303,-0.549309]],"s":1.05731,"t":[-57.175,50.6978,-2.37978],"timestamp":496214526240},{"currentFrameRate":113.915,"devices":[],"gestures":[],"hands":[{"armBasis":[[0.729327,0.585735,-0.353548],[-0.0886462,0.593305,0.800082],[0.678398,-0.552181,0.484637]],"armWidth":54.251,"confidence":1,"direction":[-0.568543,0.515857,-0.64082],"elbow":[229.456,92.0478,186.808],"grabAngle":2.78994,"grabStrength":0.37117,"id":33,"palmNormal":[0.179688,-0.682287,-0.708658],"palmPosition":[30.0125,247.699,33.8641],"palmVelocity":[7.49288,19.8107,-7.3226],"palmWidth":77.9717,"pinchDistance":27.5701,"pinchStrength":1,"r":[[-0.571624,0.479879,-0.665554],[0.12857,0.853506,0.504972],[0.81038,0.203084,-0.549582]],"s":1.06474,"sphereCenter":[37.1095,231.984,-5.72183],"sphereRadius":39.8064,"stabilizedPalmPosition":[29.5846,243.841,34.6082],"t":[-57.0998,50.8887,-2.43838],"timeVisible":41.6514,"type":"right","wrist":[72.4951,219.806,74.6778]}],"id":72136,"interactionBox":{"center":[0,200,0],"size":[235.247,235.247,147.751]},"pointables":[{"bases":[[[0.0513818,0.919378,0.390004],[-0.504557,-0.313116,0.8046],[0.861848,-0.238121,0.44779]],[[-0.298814,0.937656,0.177513],[-0.731008,-0.344473,0.589038],[0.613464,0.0462499,0.788367]],[[-0.298814,0.937656,0.177513],[-0.851987,-0.345916,0.393014],[0.429916,-0.0338004,0.902236]],[[-0.298814,0.937656,0.177513],[-0.935835,-0.32434,0.137898],[0.186876,-0.124917,0.974409]]],"btipPosition":[2.22105,210.736,-12.4511],"carpPosition":[44.6185,209.255,66.745],"dipPosition":[5.93378,208.255,6.90786],"direction":[-0.429916,0.0338004,-0.902236],"extended":false,"handId":33,"id":330,"length":44.2416,"mcpPosition":[44.6185,209.255,66.745],"pipPosition":[18.3772,207.276,33.022],"stabilizedTipPosition":[2.10629,206.589,-6.74202],"timeVisible":41.6514,"tipPosition":[-0.621531,212.613,-6.15708],"tipVelocity":[20.1193,9.01679,-11.8223],"tool":false,"touchDistance":0.253653,"touchZone":"hovering","type":0,"width":17.1916},{"bases":[[[0.695933,0.597309,-0.398621],[-0.280835,0.737272,0.614461],[0.660915,-0.315677,0.680837]],[[0.740505,0.573738,-0.349967],[-0.584222,0.806945,0.0867391],[0.33217,0.140228,0.932737]],[[0.740505,0.573738,-0.349967],[-0.670069,0.590351,-0.449992],[-0.0515736,0.567723,0.821602]],[[0.740505,0.573738,-0.349967],[-0.597921,0.324698,-0.732845],[-0.306827,0.751928,0.583491]]],"btipPosition":[-6.32976,221.23,-31.5583],"carpPosition":[41.9429,228.998,70.7027],"dipPosition":[-10.78,232.136,-23.0954],"direction":[0.0515736,-0.567723,-0.821602],"extended":false,"handId":33,"id":331,"length":49.9218,"mcpPosition":[0.276337,248.899,27.7802],"pipPosition":[-11.8382,243.785,-6.23752],"stabilizedTipPosition":[-7.88359,222.504,-29.5822],"timeVisible":41.6514,"tipPosition":[-14.6634,232.281,-32.5359],"tipVelocity":[6.46285,18.9345,-8.24109],"tool":false,"touchDistance":-0.175791,"touchZone":"touching","type":1,"width":16.4215},{"bases":[[[0.816437,0.414671,-0.401843],[-0.144558,0.82053,0.553022],[0.559046,-0.393418,0.729856]],[[0.769801,0.444409,-0.458156],[-0.538658,0.8374,-0.0927889],[0.342423,0.318218,0.884016]],[[0.769801,0.444409,-0.458156],[-0.560232,0.126485,-0.818622],[-0.305853,0.88685,0.346341]],[[0.769801,0.444409,-0.458156],[-0.453723,-0.123857,-0.882494],[-0.448934,0.887221,0.106293]]],"btipPosition":[15.5744,211.406,-22.7684],"carpPosition":[48.4638,236.467,67.0945],"dipPosition":[8.41275,225.559,-21.0728],"direction":[0.305853,-0.88685,-0.346341],"extended":false,"handId":33,"id":332,"length":56.8818,"mcpPosition":[15.0406,259.988,23.4594],"pipPosition":[1.02956,246.967,-12.7122],"stabilizedTipPosition":[30.6733,207.551,1.43047],"timeVisible":41.6514,"tipPosition":[19.6272,212.746,-14.7652],"tipVelocity":[-143.956,79.5821,-181.43],"tool":false,"touchDistance":0.0849629,"touchZone":"hovering","type":2,"width":16.1281},{"bases":[[[0.898366,0.289214,-0.330597],[-0.0679627,0.8351,0.545883],[0.433959,-0.467934,0.769881]],[[0.870727,0.316753,-0.376167],[-0.490635,0.507696,-0.708182],[-0.0333401,0.801194,0.597475]],[[0.870727,0.316753,-0.376167],[0.0112277,-0.777536,-0.628738],[-0.491638,0.543236,-0.680579]],[[0.870727,0.316753,-0.376167],[0.320029,-0.945774,-0.0556105],[-0.373384,-0.0719627,-0.924881]]],"btipPosition":[51.9663,224.817,29.4856],"carpPosition":[56.512,241.721,62.7985],"dipPosition":[46.0441,223.676,14.8162],"direction":[0.491638,-0.543236,0.680579],"extended":false,"handId":33,"id":333,"length":54.6934,"mcpPosition":[33.2181,266.839,21.4729],"pipPosition":[34.4826,236.45,-1.18844],"stabilizedTipPosition":[50.7596,220.581,27.0775],"timeVisible":41.6514,"tipPosition":[49.6246,225.488,25.5127],"tipVelocity":[6.82964,15.882,-5.52455],"tool":false,"touchDistance":0.333333,"touchZone":"none","type":3,"width":15.3469},{"bases":[[[0.941351,0.0911267,-0.32489],[0.111201,0.825274,0.553676],[0.318578,-0.557332,0.766739]],[[0.98573,-0.0207476,-0.167051],[-0.118134,0.621696,-0.774299],[0.11992,0.782984,0.610373]],[[0.98573,-0.0207476,-0.167051],[-0.126819,-0.744105,-0.655915],[-0.110695,0.667741,-0.736118]],[[0.98573,-0.0207476,-0.167051],[-0.0253612,-0.999352,-0.0255317],[-0.166413,0.029404,-0.985618]]],"btipPosition":[51.8213,234.266,26.7622],"carpPosition":[66.9778,241.592,56.538],"dipPosition":[49.3863,234.696,12.3404],"direction":[0.110695,-0.667741,0.736118],"extended":false,"handId":33,"id":334,"length":42.8786,"mcpPosition":[51.148,269.286,18.4395],"pipPosition":[47.5484,245.783,0.118235],"stabilizedTipPosition":[51.7386,231.582,23.9411],"timeVisible":41.6514,"tipPosition":[55.2018,235.073,21.9575],"tipVelocity":[-5.1112,16.3066,-5.94475],"tool":false,"touchDistance":0.333333,"touchZone":"none","type":4,"width":13.6323}],"r":[[-0.571624,0.479879,-0.665554],[0.12857,0.853506,0.504972],[0.81038,0.203084,-0.549582]],"s":1.06474,"t":[-57.0998,50.8887,-2.43838],"timestamp":496214534930},{"currentFrameRate":113.982,"devices":[],"gestures":[],"hands":[{"armBasis":[[0.729667,0.586067,-0.352294],[-0.0900047,0.59303,0.800134],[0.677853,-0.552123,0.485464]],"armWidth":54.251,"confidence":1,"direction":[-0.568218,0.516588,-0.64052],"elbow":[229.367,92.1924,186.924],"grabAngle":2.76764,"grabStrength":0.371618,"id":33,"palmNormal":[0.180261,-0.68134,-0.709423],"palmPosition":[30.0749,247.869,33.7876],"palmVelocity":[7.20929,19.7318,-8.83306],"palmWidth":77.9717,"pinchDistance":27.6444,"pinchStrength":1,"r":[[-0.57162,0.480221,-0.665311],[0.12884,0.853315,0.505226],[0.81034,0.203078,-0.549644]],"s":1.07332,"sphereCenter":[36.864,231.928,-5.80438],"sphereRadius":39.9013,"stabilizedPalmPosition":[29.5933,243.912,34.5936],"t":[-57.0309,51.0696,-2.50592],"timeVisible":41.66,"type":"right","wrist":[72.5322,219.937,74.6023]}],"id":72137,"interactionBox":{"center":[0,200,0],"size":[235.247,235.247,147.751]},"pointables":[{"bases":[[[0.050973,0.918883,0.391225],[-0.505022,-0.314241,0.803869],[0.8616,-0.238553,0.448038]],[[-0.300969,0.937024,0.177212],[-0.731165,-0.346038,0.587925],[0.612222,0.0473758,0.789266]],[[-0.300969,0.937024,0.177212],[-0.852514,-0.347646,0.390336],[0.427361,-0.0335968,0.903456]],[[-0.300969,0.937024,0.177212],[-0.935694,-0.326039,0.134816],[0.184104,-0.125241,0.974895]]],"btipPosition":[2.45098,210.82,-12.6512],"carpPosition":[44.6663,209.386,66.6282],"dipPosition":[6.10863,208.332,6.71736],"direction":[-0.427361,0.0335968,-0.903456],"extended":false,"handId":33,"id":330,"length":44.2416,"mcpPosition":[44.6663,209.386,66.6282],"pipPosition":[18.4781,207.359,32.8668],"stabilizedTipPosition":[2.1222,206.638,-6.76154],"timeVisible":41.66,"tipPosition":[-0.478937,212.797,-6.32265],"tipVelocity":[25.0909,9.44747,-22.8592],"tool":false,"touchDistance":0.250354,"touchZone":"hovering","type":0,"width":17.1916},{"bases":[[[0.816626,0.415329,-0.40078],[-0.145055,0.819791,0.553988],[0.558643,-0.394266,0.729708]],[[0.765561,0.447695,-0.462045],[-0.533633,0.843032,-0.0673261],[0.359378,0.298105,0.884297]],[[0.765561,0.447695,-0.462045],[-0.582325,0.17686,-0.793485],[-0.273522,0.876522,0.396101]],[[0.765561,0.447695,-0.462045],[-0.494874,-0.0491453,-0.867574],[-0.411116,0.892835,0.183929]]],"btipPosition":[13.5639,212.57,-25.2899],"carpPosition":[48.5067,236.598,67.0154],"dipPosition":[7.00561,226.813,-22.3558],"direction":[0.273522,-0.876522,-0.396101],"extended":false,"handId":33,"id":332,"length":56.8818,"mcpPosition":[15.1077,260.17,23.3891],"pipPosition":[0.402879,247.972,-12.794],"stabilizedTipPosition":[30.0947,207.808,0.620996],"timeVisible":41.66,"tipPosition":[18.4501,213.455,-16.5116],"tipVelocity":[-216.154,136.861,-258.298],"tool":false,"touchDistance":0.0476862,"touchZone":"hovering","type":2,"width":16.1281},{"bases":[[[0.696088,0.597942,-0.397399],[-0.281357,0.736429,0.615231],[0.660529,-0.316444,0.680856]],[[0.740687,0.574284,-0.348685],[-0.584467,0.806725,0.0871351],[0.331333,0.139255,0.933181]],[[0.740687,0.574284,-0.348685],[-0.669861,0.591333,-0.449012],[-0.0516716,0.566148,0.822683]],[[0.740687,0.574284,-0.348685],[-0.597221,0.325064,-0.733253],[-0.307751,0.751353,0.583745]]],"btipPosition":[-6.21769,221.48,-31.6945],"carpPosition":[41.9847,229.123,70.6097],"dipPosition":[-10.6813,232.378,-23.2278],"direction":[0.0516716,-0.566148,-0.822683],"extended":false,"handId":33,"id":331,"length":49.9218,"mcpPosition":[0.34249,249.073,27.6861],"pipPosition":[-11.7415,243.994,-6.34781],"stabilizedTipPosition":[-7.82406,222.642,-29.5976],"timeVisible":41.66,"tipPosition":[-14.5534,232.527,-32.6603],"tipVelocity":[12.5872,28.6285,-15.6252],"tool":false,"touchDistance":-0.178046,"touchZone":"touching","type":1,"width":16.4215},{"bases":[[[0.89853,0.289793,-0.329643],[-0.0684577,0.834383,0.546917],[0.433542,-0.468855,0.769556]],[[0.870916,0.317386,-0.375195],[-0.490264,0.508527,-0.707843],[-0.0338626,0.800416,0.598488]],[[0.870916,0.317386,-0.375195],[0.0115426,-0.776474,-0.630044],[-0.491297,0.544384,-0.679907]],[[0.870916,0.317386,-0.375195],[0.319519,-0.94578,-0.0583795],[-0.373381,-0.0690384,-0.925106]]],"btipPosition":[52.0452,224.96,29.3853],"carpPosition":[56.5568,241.859,62.7314],"dipPosition":[46.123,223.865,14.7123],"direction":[0.491297,-0.544384,0.679907],"extended":false,"handId":33,"id":333,"length":54.6934,"mcpPosition":[33.2852,267.026,21.4232],"pipPosition":[34.5696,236.667,-1.27654],"stabilizedTipPosition":[50.7588,220.627,27.0657],"timeVisible":41.66,"tipPosition":[49.6983,225.671,25.4215],"tipVelocity":[9.11302,17.806,-11.6823],"tool":false,"touchDistance":0.333333,"touchZone":"none","type":3,"width":15.3469},{"bases":[[[0.941545,0.0917064,-0.324164],[0.110703,0.824577,0.554814],[0.318178,-0.558268,0.766224]],[[0.986023,-0.0211846,-0.165258],[-0.116211,0.623319,-0.773284],[0.11939,0.781681,0.612145]],[[0.986023,-0.0211846,-0.165258],[-0.126218,-0.74244,-0.657915],[-0.108756,0.669578,-0.734736]],[[0.986023,-0.0211846,-0.165258],[-0.026306,-0.999237,-0.0288632],[-0.16452,0.0328071,-0.985828]]],"btipPosition":[51.8461,234.419,26.6543],"carpPosition":[67.0267,241.74,56.4775],"dipPosition":[49.4387,234.899,12.2293],"direction":[0.108756,-0.669578,0.734736],"extended":false,"handId":33,"id":334,"length":42.8786,"mcpPosition":[51.2167,269.48,18.4045],"pipPosition":[47.633,246.017,0.0301366],"stabilizedTipPosition":[51.7297,231.641,23.929],"timeVisible":41.66,"tipPosition":[55.2596,235.261,21.8863],"tipVelocity":[3.5894,19.0112,-12.5492],"tool":false,"touchDistance":0.333333,"touchZone":"none","type":4,"width":13.6323}],"r":[[-0.57162,0.480221,-0.665311],[0.12884,0.853315,0.505226],[0.81034,0.203078,-0.549644]],"s":1.07332,"t":[-57.0309,51.0696,-2.50592],"timestamp":496214543589},{"currentFrameRate":114.03,"devices":[],"gestures":[],"hands":[{"armBasis":[[0.73016,0.585634,-0.351992],[-0.0900575,0.593144,0.800043],[0.677315,-0.552461,0.485831]],"armWidth":54.251,"confidence":1,"direction":[-0.567265,0.518409,-0.639893],"elbow":[229.261,92.2175,186.913],"grabAngle":2.74927,"grabStrength":0.37317,"id":33,"palmNormal":[0.179175,-0.680702,-0.71031],"palmPosition":[30.1413,248.085,33.7145],"palmVelocity":[7.64077,24.85,-8.40996],"palmWidth":77.9717,"pinchDistance":27.6688,"pinchStrength":0.998452,"r":[[-0.571438,0.480866,-0.665001],[0.129337,0.852984,0.505659],[0.810389,0.202943,-0.549621]],"s":1.0821,"sphereCenter":[36.6114,231.943,-5.88065],"sphereRadius":39.9764,"stabilizedPalmPosition":[29.6028,243.985,34.5784],"t":[-56.9633,51.268,-2.57622],"timeVisible":41.6687,"type":"right","wrist":[72.5502,220.04,74.5058]}],"id":72138,"interactionBox":{"center":[0,200,0],"size":[235.247,235.247,147.751]},"pointables":[{"bases":[[[0.0524992,0.918273,0.392453],[-0.505646,-0.314448,0.803396],[0.861142,-0.24062,0.447813]],[[-0.301197,0.936961,0.177156],[-0.731866,-0.346241,0.586931],[0.611271,0.0471274,0.790017]],[[-0.301197,0.936961,0.177156],[-0.853321,-0.347759,0.388467],[0.425586,-0.0341658,0.904273]],[[-0.301197,0.936961,0.177156],[-0.936023,-0.325978,0.132662],[0.182048,-0.125865,0.975201]]],"btipPosition":[2.58093,211.007,-12.8358],"carpPosition":[44.6634,209.533,66.5055],"dipPosition":[6.19774,208.506,6.53883],"direction":[-0.425586,0.0341658,-0.904273],"extended":false,"handId":33,"id":330,"length":44.2416,"mcpPosition":[44.6634,209.533,66.5055],"pipPosition":[18.5158,207.517,32.7119],"stabilizedTipPosition":[2.13778,206.684,-6.78107],"timeVisible":41.6687,"tipPosition":[-0.420888,213.086,-6.46911],"tipVelocity":[13.8781,21.1774,-21.0895],"tool":false,"touchDistance":0.247301,"touchZone":"hovering","type":0,"width":17.1916},{"bases":[[[0.817377,0.414467,-0.400139],[-0.143715,0.819299,0.555063],[0.557889,-0.39619,0.729242]],[[0.762747,0.449067,-0.465355],[-0.527759,0.848115,-0.046602],[0.373747,0.281141,0.883896]],[[0.762747,0.449067,-0.465355],[-0.598701,0.218301,-0.77065],[-0.244486,0.86642,0.435365]],[[0.762747,0.449067,-0.465355],[-0.526888,0.0142897,-0.849814],[-0.374974,0.893384,0.247508]]],"btipPosition":[11.787,213.755,-27.2938],"carpPosition":[48.5502,236.738,66.9293],"dipPosition":[5.80526,228.006,-23.3455],"direction":[0.244486,-0.86642,-0.435365],"extended":false,"handId":33,"id":332,"length":56.8818,"mcpPosition":[15.1962,260.425,23.3308],"pipPosition":[-0.0965581,248.922,-12.8359],"stabilizedTipPosition":[29.3698,208.148,-0.37351],"timeVisible":41.6687,"tipPosition":[17.3254,214.221,-18.01],"tipVelocity":[-189.282,136.58,-203.83],"tool":false,"touchDistance":0.0225028,"touchZone":"hovering","type":2,"width":16.1281},{"bases":[[[0.697152,0.597281,-0.396528],[-0.280167,0.736089,0.616181],[0.659914,-0.318478,0.680504]],[[0.741705,0.573482,-0.34784],[-0.583406,0.807478,0.0872767],[0.330925,0.138199,0.933483]],[[0.741705,0.573482,-0.34784],[-0.668789,0.59295,-0.448476],[-0.0509408,0.565269,0.823332]],[[0.741705,0.573482,-0.34784],[-0.596059,0.325774,-0.733884],[-0.307552,0.751658,0.583457]]],"btipPosition":[-6.15153,221.807,-31.7893],"carpPosition":[42.0151,229.27,70.513],"dipPosition":[-10.6123,232.709,-23.3268],"direction":[0.0509408,-0.565269,-0.823332],"extended":false,"handId":33,"id":331,"length":49.9218,"mcpPosition":[0.41163,249.348,27.6114],"pipPosition":[-11.6575,244.307,-6.43345],"stabilizedTipPosition":[-7.76368,222.799,-29.6205],"timeVisible":41.6687,"tipPosition":[-14.4808,232.878,-32.7485],"tipVelocity":[7.69187,37.7482,-11.0226],"tool":false,"touchDistance":-0.179641,"touchZone":"touching","type":1,"width":16.4215},{"bases":[[[0.899059,0.288697,-0.329161],[-0.0670926,0.83377,0.54802],[0.432656,-0.470618,0.768978]],[[0.871497,0.316398,-0.374679],[-0.489318,0.510305,-0.707217],[-0.0325611,0.799676,0.599549]],[[0.871497,0.316398,-0.374679],[0.0100443,-0.775384,-0.63141],[-0.490297,0.546509,-0.678923]],[[0.871497,0.316398,-0.374679],[0.317211,-0.946369,-0.0613334],[-0.373991,-0.0654007,-0.925124]]],"btipPosition":[52.0824,225.108,29.275],"carpPosition":[56.6097,241.991,62.6531],"dipPosition":[46.1506,224.07,14.6017],"direction":[0.490297,-0.546509,0.678923],"extended":false,"handId":33,"id":333,"length":54.6934,"mcpPosition":[33.3857,267.253,21.376],"pipPosition":[34.6207,236.922,-1.36399],"stabilizedTipPosition":[50.7584,220.67,27.0538],"timeVisible":41.6687,"tipPosition":[49.7298,225.862,25.3223],"tipVelocity":[4.03045,18.4773,-12.7044],"tool":false,"touchDistance":0.333333,"touchZone":"none","type":3,"width":15.3469},{"bases":[[[0.941736,0.0905298,-0.323941],[0.11205,0.823647,0.555922],[0.317141,-0.55983,0.765514]],[[0.986015,-0.022704,-0.165101],[-0.114906,0.624925,-0.772182],[0.120707,0.780354,0.613577]],[[0.986015,-0.022704,-0.165101],[-0.127503,-0.740713,-0.659612],[-0.107316,0.671438,-0.733249]],[[0.986015,-0.022704,-0.165101],[-0.0283797,-0.999082,-0.0320999],[-0.16422,0.0363365,-0.985754]]],"btipPosition":[51.8831,234.577,26.5435],"carpPosition":[67.08,241.863,56.4002],"dipPosition":[49.4802,235.108,12.1196],"direction":[0.107316,-0.671438,0.733249],"extended":false,"handId":33,"id":334,"length":42.8786,"mcpPosition":[51.3216,269.68,18.3625],"pipPosition":[47.6984,246.257,-0.054883],"stabilizedTipPosition":[51.7226,231.696,23.9164],"timeVisible":41.6687,"tipPosition":[55.2969,235.448,21.8023],"tipVelocity":[4.3856,19.4957,-12.7258],"tool":false,"touchDistance":0.333333,"touchZone":"none","type":4,"width":13.6323}],"r":[[-0.571438,0.480866,-0.665001],[0.129337,0.852984,0.505659],[0.810389,0.202943,-0.549621]],"s":1.0821,"t":[-56.9633,51.268,-2.57622],"timestamp":496214552276},{"currentFrameRate":114.101,"devices":[],"gestures":[],"hands":[{"armBasis":[[0.730904,0.584491,-0.35235],[-0.0891263,0.593602,0.799808],[0.676636,-0.553179,0.48596]],"armWidth":54.251,"confidence":1,"direction":[-0.565191,0.520733,-0.639841],"elbow":[229.067,92.1758,186.861],"grabAngle":2.73947,"grabStrength":0.37299,"id":33,"palmNormal":[0.177254,-0.680832,-0.710667],"palmPosition":[30.207,248.362,33.6285],"palmVelocity":[7.60816,31.9905,-9.9561],"palmWidth":77.9717,"pinchDistance":27.7193,"pinchStrength":0.984118,"r":[[-0.570901,0.481854,-0.664747],[0.130255,0.852564,0.50613],[0.810621,0.202364,-0.549493]],"s":1.08963,"sphereCenter":[36.5278,232.096,-5.9728],"sphereRadius":40.0226,"stabilizedPalmPosition":[29.6132,244.06,34.562],"t":[-56.8966,51.5054,-2.65439],"timeVisible":41.6774,"type":"right","wrist":[72.514,220.165,74.4245]}],"id":72139,"interactionBox":{"center":[0,200,0],"size":[235.247,235.247,147.751]},"pointables":[{"bases":[[[0.0553805,0.917833,0.393086],[-0.507112,-0.313277,0.802929],[0.860099,-0.243805,0.448095]],[[-0.298932,0.937704,0.177063],[-0.733858,-0.344499,0.585467],[0.609993,0.0450758,0.791124]],[[-0.298932,0.937704,0.177063],[-0.855007,-0.345587,0.386694],[0.423795,-0.0357949,0.905051]],[[-0.298932,0.937704,0.177063],[-0.937247,-0.323395,0.130323],[0.179466,-0.126994,0.975533]]],"btipPosition":[2.65807,211.37,-13.0163],"carpPosition":[44.5827,209.739,66.4014],"dipPosition":[6.22358,208.847,6.36492],"direction":[-0.423795,0.0357949,-0.905051],"extended":false,"handId":33,"id":330,"length":44.2416,"mcpPosition":[44.5827,209.739,66.4014],"pipPosition":[18.4898,207.811,32.5605],"stabilizedTipPosition":[2.15428,206.735,-6.80296],"timeVisible":41.6774,"tipPosition":[-0.41991,213.47,-6.60985],"tipVelocity":[7.56061,41.4851,-20.7117],"tool":false,"touchDistance":0.244318,"touchZone":"hovering","type":0,"width":17.1916},{"bases":[[[0.81897,0.411983,-0.399447],[-0.141249,0.819411,0.55553],[0.55618,-0.398541,0.729266]],[[0.762756,0.447796,-0.466564],[-0.523791,0.850925,-0.0396171],[0.379271,0.2746,0.8836]],[[0.762756,0.447796,-0.466564],[-0.605037,0.239422,-0.759346],[-0.228326,0.861485,0.453554]],[[0.762756,0.447796,-0.466564],[-0.541892,0.0488413,-0.839028],[-0.352925,0.892801,0.279911]]],"btipPosition":[10.9318,214.484,-28.3232],"carpPosition":[48.5606,236.931,66.8452],"dipPosition":[5.30178,228.727,-23.858],"direction":[0.228326,-0.861485,-0.453554],"extended":false,"handId":33,"id":332,"length":56.8818,"mcpPosition":[15.3088,260.759,23.2453],"pipPosition":[-0.209948,249.523,-12.9093],"stabilizedTipPosition":[28.5892,208.528,-1.4386],"timeVisible":41.6774,"tipPosition":[16.7583,214.801,-18.7778],"tipVelocity":[-89.5989,84.1648,-105.358],"tool":false,"touchDistance":0.00732771,"touchZone":"hovering","type":2,"width":16.1281},{"bases":[[[0.699357,0.595197,-0.395777],[-0.27801,0.73662,0.616523],[0.65849,-0.32114,0.680632]],[[0.74369,0.571285,-0.347215],[-0.580782,0.809326,0.0876506],[0.331084,0.136472,0.93368]],[[0.74369,0.571285,-0.347215],[-0.666765,0.596192,-0.44719],[-0.0484657,0.564082,0.824295]],[[0.74369,0.571285,-0.347215],[-0.59495,0.328706,-0.733476],[-0.304892,0.752055,0.584341]]],"btipPosition":[-6.1734,222.269,-31.9295],"carpPosition":[41.9986,229.482,70.4206],"dipPosition":[-10.5955,233.177,-23.4542],"direction":[0.0484657,-0.564082,-0.824295],"extended":false,"handId":33,"id":331,"length":49.9218,"mcpPosition":[0.484929,249.728,27.511],"pipPosition":[-11.59,244.751,-6.5411],"stabilizedTipPosition":[-7.70858,222.989,-29.6551],"timeVisible":41.6774,"tipPosition":[-14.412,233.325,-32.8596],"tipVelocity":[-1.50334,53.6016,-15.8851],"tool":false,"touchDistance":-0.181929,"touchZone":"touching","type":1,"width":16.4215},{"bases":[[[0.900193,0.285893,-0.32851],[-0.0645743,0.83363,0.548536],[0.430678,-0.472575,0.768888]],[[0.872748,0.313716,-0.374024],[-0.487238,0.512411,-0.707131],[-0.0301841,0.799385,0.60006]],[[0.872748,0.313716,-0.374024],[0.00779547,-0.775032,-0.631874],[-0.48811,0.548551,-0.678852]],[[0.872748,0.313716,-0.374024],[0.313899,-0.947417,-0.0622031],[-0.373871,-0.063118,-0.925331]]],"btipPosition":[52.0754,225.308,29.1855],"carpPosition":[56.64,242.16,62.5766],"dipPosition":[46.1454,224.307,14.509],"direction":[0.48811,-0.548551,0.678852],"extended":false,"handId":33,"id":333,"length":54.6934,"mcpPosition":[33.5221,267.526,21.3043],"pipPosition":[34.6669,237.207,-1.4551],"stabilizedTipPosition":[50.7579,220.714,27.0413],"timeVisible":41.6774,"tipPosition":[49.7254,226.078,25.2317],"tipVelocity":[-0.767261,24.1461,-10.4419],"tool":false,"touchDistance":0.333333,"touchZone":"none","type":3,"width":15.3469},{"bases":[[[0.942201,0.0875799,-0.323399],[0.114529,0.8229,0.556523],[0.314866,-0.561396,0.765307]],[[0.986028,-0.0259504,-0.164548],[-0.112286,0.626116,-0.771603],[0.123049,0.779298,0.614454]],[[0.986028,-0.0259504,-0.164548],[-0.129674,-0.739627,-0.660406],[-0.104566,0.672516,-0.732658]],[[0.986028,-0.0259504,-0.164548],[-0.0318671,-0.998933,-0.0334197],[-0.163505,0.0381964,-0.985803]]],"btipPosition":[51.9027,234.779,26.4472],"carpPosition":[67.113,242,56.329],"dipPosition":[49.5103,235.338,12.0226],"direction":[0.104566,-0.672516,0.732658],"extended":false,"handId":33,"id":334,"length":42.8786,"mcpPosition":[51.4676,269.895,18.3016],"pipPosition":[47.7741,246.504,-0.142118],"stabilizedTipPosition":[51.7163,231.75,23.903],"timeVisible":41.6774,"tipPosition":[55.3226,235.647,21.7221],"tipVelocity":[2.5474,24.0868,-11.1661],"tool":false,"touchDistance":0.333333,"touchZone":"none","type":4,"width":13.6323}],"r":[[-0.570901,0.481854,-0.664747],[0.130255,0.852564,0.50613],[0.810621,0.202364,-0.549493]