<?xml version="1.0"?>
<opencv_storage>
<Frame>
  <ID>434759</ID>
  <Images>
    <nImages>2</nImages>
    <RigthImage>
      <Hands>
        <nHands>1</nHands>
        <Right>
          <Center type_id="opencv-matrix">
            <rows>1</rows>
            <cols>3</cols>
            <dt>f</dt>
            <data>
              8.19649811e+001 3.77023529e+002 -3.17803907e+000</data></Center>
          <Normal type_id="opencv-matrix">
            <rows>1</rows>
            <cols>3</cols>
            <dt>f</dt>
            <data>
              -9.95628834e-001 8.17187354e-002 -4.52253222e-002</data></Normal>
          <Direction type_id="opencv-matrix">
            <rows>1</rows>
            <cols>3</cols>
            <dt>f</dt>
            <data>
              8.02069679e-002 4.99983013e-001 -8.62313092e-001</data></Direction>
          <Velocity type_id="opencv-matrix">
            <rows>1</rows>
            <cols>3</cols>
            <dt>f</dt>
            <data>
              -7.94373417e+000 3.05322437e+001 -1.34244633e+001</data></Velocity>
          <SphereCenter type_id="opencv-matrix">
            <rows>1</rows>
            <cols>3</cols>
            <dt>f</dt>
            <data>
              3.31730537e+001 3.85502502e+002 -2.60639935e+001</data></SphereCenter>
          <Confidence>6.0167998075485229e-001</Confidence>
          <PinchStrength>5.8582115173339844e-001</PinchStrength>
          <GrabStrength>7.1877503395080566e-001</GrabStrength>
          <SphereRadius>5.0693534851074219e+001</SphereRadius>
          <Fingers>
            <nFingers>5</nFingers>
            <Thumb>
              <Type>0</Type>
              <isExtended>0</isExtended>
              <TipPosition type_id="opencv-matrix">
                <rows>1</rows>
                <cols>3</cols>
                <dt>f</dt>
                <data>
                  2.60091934e+001 3.94500854e+002 -2.01455612e+001</data></TipPosition>
              <TipDirection type_id="opencv-matrix">
                <rows>1</rows>
                <cols>3</cols>
                <dt>f</dt>
                <data>
                  -4.79148686e-001 3.65204513e-001 -7.98149228e-001</data></TipDirection>
              <TipVelocity type_id="opencv-matrix">
                <rows>1</rows>
                <cols>3</cols>
                <dt>f</dt>
                <data>
                  -2.14738121e+001 2.40695553e+001 1.60017052e+001</data></TipVelocity>
              <TipLength>5.2116371154785156e+001</TipLength>
              <dipPosition type_id="opencv-matrix">
                <rows>1</rows>
                <cols>3</cols>
                <dt>f</dt>
                <data>
                  3.36603127e+001 4.05519775e+002 -7.02657986e+000</data></dipPosition>
              <pipPosition type_id="opencv-matrix">
                <rows>1</rows>
                <cols>3</cols>
                <dt>f</dt>
                <data>
                  4.99971733e+001 3.93067902e+002 2.01867962e+001</data></pipPosition>
              <mcpPosition type_id="opencv-matrix">
                <rows>1</rows>
                <cols>3</cols>
                <dt>f</dt>
                <data>
                  7.19071426e+001 3.66849792e+002 5.65781631e+001</data></mcpPosition></Thumb>
            <Index>
              <Type>1</Type>
              <isExtended>0</isExtended>
              <TipPosition type_id="opencv-matrix">
                <rows>1</rows>
                <cols>3</cols>
                <dt>f</dt>
                <data>
                  3.95832138e+001 4.32605347e+002 -5.52823906e+001</data></TipPosition>
              <TipDirection type_id="opencv-matrix">
                <rows>1</rows>
                <cols>3</cols>
                <dt>f</dt>
                <data>
                  -9.02389586e-001 1.99205548e-001 -3.82112801e-001</data></TipDirection>
              <TipVelocity type_id="opencv-matrix">
                <rows>1</rows>
                <cols>3</cols>
                <dt>f</dt>
                <data>
                  -4.25546913e+001 1.37121449e+001 -5.27436399e+000</data></TipVelocity>
              <TipLength>5.8807510375976563e+001</TipLength>
              <dipPosition type_id="opencv-matrix">
                <rows>1</rows>
                <cols>3</cols>
                <dt>f</dt>
                <data>
                  5.30463943e+001 4.33621826e+002 -5.82750282e+001</data></dipPosition>
              <pipPosition type_id="opencv-matrix">
                <rows>1</rows>
                <cols>3</cols>
                <dt>f</dt>
                <data>
                  7.48575134e+001 4.28806946e+002 -4.90392075e+001</data></pipPosition>
              <mcpPosition type_id="opencv-matrix">
                <rows>1</rows>
                <cols>3</cols>
                <dt>f</dt>
                <data>
                  8.73189163e+001 4.10932373e+002 -1.20124474e+001</data></mcpPosition></Index>
            <Middle>
              <Type>2</Type>
              <isExtended>0</isExtended>
              <TipPosition type_id="opencv-matrix">
                <rows>1</rows>
                <cols>3</cols>
                <dt>f</dt>
                <data>
                  2.92458706e+001 4.22512054e+002 -6.15407219e+001</data></TipPosition>
              <TipDirection type_id="opencv-matrix">
                <rows>1</rows>
                <cols>3</cols>
                <dt>f</dt>
                <data>
                  -9.34550464e-001 2.91789025e-001 -2.03653216e-001</data></TipDirection>
              <TipVelocity type_id="opencv-matrix">
                <rows>1</rows>
                <cols>3</cols>
                <dt>f</dt>
                <data>
                  -3.26640587e+001 1.46684618e+001 -3.21450233e+001</data></TipVelocity>
              <TipLength>6.7006439208984375e+001</TipLength>
              <dipPosition type_id="opencv-matrix">
                <rows>1</rows>
                <cols>3</cols>
                <dt>f</dt>
                <data>
                  4.31683273e+001 4.22190369e+002 -6.74739456e+001</data></dipPosition>
              <pipPosition type_id="opencv-matrix">
                <rows>1</rows>
                <cols>3</cols>
                <dt>f</dt>
                <data>
                  6.97435760e+001 4.13892914e+002 -6.16827812e+001</data></pipPosition>
              <mcpPosition type_id="opencv-matrix">
                <rows>1</rows>
                <cols>3</cols>
                <dt>f</dt>
                <data>
                  8.84244156e+001 3.91822998e+002 -2.31182613e+001</data></mcpPosition></Middle>
            <Ring>
              <Type>3</Type>
              <isExtended>0</isExtended>
              <TipPosition type_id="opencv-matrix">
                <rows>1</rows>
                <cols>3</cols>
                <dt>f</dt>
                <data>
                  3.00829163e+001 4.02336731e+002 -5.90224800e+001</data></TipPosition>
              <TipDirection type_id="opencv-matrix">
                <rows>1</rows>
                <cols>3</cols>
                <dt>f</dt>
                <data>
                  -9.32327807e-001 3.41320306e-001 -1.19437657e-001</data></TipDirection>
              <TipVelocity type_id="opencv-matrix">
                <rows>1</rows>
                <cols>3</cols>
                <dt>f</dt>
                <data>
                  -4.24961472e+001 1.67929058e+001 -4.58198166e+000</data></TipVelocity>
              <TipLength>6.4428482055664063e+001</TipLength>
              <dipPosition type_id="opencv-matrix">
                <rows>1</rows>
                <cols>3</cols>
                <dt>f</dt>
                <data>
                  4.32891083e+001 4.01740448e+002 -6.61474152e+001</data></dipPosition>
