{"frames":294,"data":[{"currentFrameRate":21.0215,"devices":[],"gestures":[],"hands":[],"id":72623,"interactionBox":{"center":[0,200,0],"size":[235.247,235.247,147.751]},"pointables":[],"r":[[-0.962136,-0.269906,0.0380192],[0.215739,-0.839331,-0.498979],[0.166588,-0.471883,0.86578]],"s":0.686793,"t":[505.899,-233.461,348.339],"timestamp":257026564085},{"currentFrameRate":22.2652,"devices":[],"gestures":[],"hands":[],"id":72624,"interactionBox":{"center":[0,200,0],"size":[235.247,235.247,147.751]},"pointables":[],"r":[[-0.962136,-0.269906,0.0380192],[0.215739,-0.839331,-0.498979],[0.166588,-0.471883,0.86578]],"s":0.686793,"t":[505.899,-233.461,348.339],"timestamp":257026598780},{"currentFrameRate":23.2863,"devices":[],"gestures":[],"hands":[],"id":72625,"interactionBox":{"center":[0,200,0],"size":[235.247,235.247,147.751]},"pointables":[],"r":[[-0.962136,-0.269906,0.0380192],[0.215739,-0.839331,-0.498979],[0.166588,-0.471883,0.86578]],"s":0.686793,"t":[505.899,-233.461,348.339],"timestamp":257026633704},{"currentFrameRate":24.1404,"devices":[],"gestures":[],"hands":[],"id":72626,"interactionBox":{"center":[0,200,0],"size":[235.247,235.247,147.751]},"pointables":[],"r":[[-0.962136,-0.269906,0.0380192],[0.215739,-0.839331,-0.498979],[0.166588,-0.471883,0.86578]],"s":0.686793,"t":[505.899,-233.461,348.339],"timestamp":257026668657},{"currentFrameRate":24.8875,"devices":[],"gestures":[],"hands":[],"id":72627,"interactionBox":{"center":[0,200,0],"size":[235.247,235.247,147.751]},"pointables":[],"r":[[-0.962136,-0.269906,0.0380192],[0.215739,-0.839331,-0.498979],[0.166588,-0.471883,0.86578]],"s":0.686793,"t":[505.899,-233.461,348.339],"timestamp":257026703343},{"currentFrameRate":25.5393,"devices":[],"gestures":[],"hands":[],"id":72628,"interactionBox":{"center":[0,200,0],"size":[235.247,235.247,147.751]},"pointables":[],"r":[[-0.962136,-0.269906,0.0380192],[0.215739,-0.839331,-0.498979],[0.166588,-0.471883,0.86578]],"s":0.686793,"t":[505.899,-233.461,348.339],"timestamp":257026737823},{"currentFrameRate":26.0543,"devices":[],"gestures":[],"hands":[],"id":72629,"interactionBox":{"center":[0,200,0],"size":[235.247,235.247,147.751]},"pointables":[],"r":[[-0.962136,-0.269906,0.0380192],[0.215739,-0.839331,-0.498979],[0.166588,-0.471883,0.86578]],"s":0.686793,"t":[505.899,-233.461,348.339],"timestamp":257026772586},{"currentFrameRate":26.4588,"devices":[],"gestures":[],"hands":[],"id":72630,"interactionBox":{"center":[0,200,0],"size":[235.247,235.247,147.751]},"pointables":[],"r":[[-0.962136,-0.269906,0.0380192],[0.215739,-0.839331,-0.498979],[0.166588,-0.471883,0.86578]],"s":0.686793,"t":[505.899,-233.461,348.339],"timestamp":257026807584},{"currentFrameRate":26.8187,"devices":[],"gestures":[],"hands":[],"id":72631,"interactionBox":{"center":[0,200,0],"size":[235.247,235.247,147.751]},"pointables":[],"r":[[-0.962136,-0.269906,0.0380192],[0.215739,-0.839331,-0.498979],[0.166588,-0.471883,0.86578]],"s":0.686793,"t":[505.899,-233.461,348.339],"timestamp":257026842415},{"currentFrameRate":27.1718,"devices":[],"gestures":[],"hands":[{"armBasis":[[0.88802,0.150049,-0.434632],[0.0020257,0.94397,0.330026],[0.459799,-0.293951,0.83796]],"armWidth":62.1011,"confidence":0,"direction":[-0.212804,0.524878,-0.824147],"elbow":[261.11,66.7923,354.729],"grabAngle":2.78429,"grabStrength":1,"id":102,"palmNormal":[-0.0507702,-0.848267,-0.52713],"palmPosition":[114.273,176.417,72.4237],"palmVelocity":[1.19209e-7,1.19209e-7,1.19209e-7],"palmWidth":88.6782,"pinchDistance":15.2544,"pinchStrength":1,"r":[[1,-5.55112e-18,1.11022e-17],[5.55112e-18,1,-1.11022e-17],[-1.11022e-17,1.11022e-17,1]],"s":1,"sphereCenter":[114.492,146.022,33.8568],"sphereRadius":40.0464,"stabilizedPalmPosition":[114.273,176.417,72.4237],"t":[0,0,0],"timeVisible":0,"type":"right","wrist":[140.118,144.142,134.228]}],"id":72632,"interactionBox":{"center":[0,200,0],"size":[235.247,235.247,147.751]},"pointables":[{"bases":[[[0.396534,0.889435,0.2273],[-0.679543,0.117911,0.724099],[0.617238,-0.44159,0.651165]],[[0.153809,0.987962,-0.0165342],[-0.878526,0.144392,0.45535],[0.452256,-0.0555111,0.890159]],[[0.153809,0.987962,-0.0165342],[-0.903712,0.14742,0.401961],[0.39956,-0.0468829,0.915508]],[[0.153809,0.987962,-0.0165342],[-0.954987,0.152929,0.25419],[0.253658,-0.0233066,0.967013]]],"btipPosition":[64.9349,145.044,23.6492],"carpPosition":[106,140.254,119.433],"dipPosition":[70.7206,144.513,45.7058],"direction":[-0.39956,0.0468829,-0.915508],"extended":true,"handId":102,"id":1020,"length":50.7922,"mcpPosition":[106,140.254,119.433],"pipPosition":[83.9977,142.955,76.1275],"stabilizedTipPosition":[66.2656,144.922,28.7222],"timeVisible":0,"tipPosition":[66.2656,144.922,28.7222],"tipVelocity":[1.19209e-7,1.19209e-7,1.19209e-7],"tool":false,"touchDistance":1,"touchZone":"none","type":0,"width":19.7355},{"bases":[[[0.926192,0.157463,-0.342598],[-0.00521413,0.913885,0.405939],[0.377015,-0.374191,0.847255]],[[0.915617,0.167563,-0.365471],[-0.243541,0.954417,-0.172559],[0.319897,0.247005,0.914688]],[[0.915617,0.167563,-0.365471],[-0.391031,0.159755,-0.906407],[-0.093494,0.972831,0.211797]],[[0.915617,0.167563,-0.365471],[-0.27174,-0.412036,-0.869703],[-0.296317,0.895628,-0.331734]]],"btipPosition":[79.1279,141.103,20.7428],"carpPosition":[112.418,162.446,119.255],"dipPosition":[74.1938,156.017,15.2189],"direction":[0.093494,-0.972831,-0.211797],"extended":false,"handId":102,"id":1021,"length":57.3134,"mcpPosition":[85.3858,189.275,58.5068],"pipPosition":[71.9914,178.933,20.2081],"stabilizedTipPosition":[77.9931,144.533,19.4723],"timeVisible":0,"tipPosition":[77.9931,144.533,19.4723],"tipVelocity":[1.19209e-7,1.19209e-7,1.19209e-7],"tool":false,"touchDistance":1,"touchZone":"none","type":1,"width":18.8514},{"bases":[[[0.95584,-0.0526571,-0.28913],[0.159723,0.918913,0.360678],[0.246693,-0.390931,0.886744]],[[0.955651,-0.0523576,-0.289809],[-0.115033,0.839532,-0.530994],[0.271106,0.540782,0.796276]],[[0.955651,-0.0523576,-0.289809],[-0.291946,-0.297766,-0.908902],[-0.0387074,0.953202,-0.299846]],[[0.955651,-0.0523576,-0.289809],[-0.207712,-0.817444,-0.537254],[-0.208773,0.573624,-0.792066]]],"btipPosition":[98.5749,130.301,40.4913],"carpPosition":[123.188,166.046,115.375],"dipPosition":[94.7513,140.807,25.985],"direction":[0.0387074,-0.953202,0.299846],"extended":false,"handId":102,"id":1022,"length":65.304,"mcpPosition":[106.414,192.628,55.0808],"pipPosition":[93.6786,167.224,17.6751],"stabilizedTipPosition":[97.6955,132.718,37.1548],"timeVisible":0,"tipPosition":[97.6955,132.718,37.1548],"tipVelocity":[1.19209e-7,1.19209e-7,1.19209e-7],"tool":false,"touchDistance":0.333333,"touchZone":"none","type":2,"width":18.5145},{"bases":[[[0.966947,-0.178733,-0.181848],[0.235388,0.899872,0.367182],[0.0980126,-0.397851,0.9122]],[[0.96008,-0.156547,-0.231817],[0.00666483,0.841298,-0.540531],[0.279646,0.517408,0.808756]],[[0.96008,-0.156547,-0.231817],[-0.268298,-0.280908,-0.92147],[0.0791345,0.946881,-0.311696]],[[0.96008,-0.156547,-0.231817],[-0.263118,-0.786702,-0.558452],[-0.0949465,0.597154,-0.796487]]],"btipPosition":[115.951,131.858,43.5515],"carpPosition":[134.519,166.538,111.538],"dipPosition":[114.222,142.731,29.048],"direction":[-0.0791345,-0.946881,0.311696],"extended":false,"handId":102,"id":1023,"length":62.7915,"mcpPosition":[128.535,190.826,55.8496],"pipPosition":[116.358,168.296,20.6328],"stabilizedTipPosition":[115.553,134.359,40.2157],"timeVisible":0,"tipPosition":[115.553,134.359,40.2157],"tipVelocity":[1.19209e-7,1.19209e-7,1.19209e-7],"tool":false,"touchDistance":0.333333,"touchZone":"none","type":3,"width":17.6178},{"bases":[[[0.919518,-0.36979,-0.133202],[0.390647,0.82241,0.413567],[-0.0433867,-0.432317,0.900677]],[[0.920055,-0.334218,-0.204445],[0.208073,0.858974,-0.467834],[0.331972,0.387893,0.859845]],[[0.920055,-0.334218,-0.204445],[-0.263524,-0.14176,-0.95418],[0.289922,0.931774,-0.218502]],[[0.920055,-0.334218,-0.204445],[-0.386559,-0.689388,-0.612631],[0.06381,0.642684,-0.76347]]],"btipPosition":[130.349,142.483,43.6385],"carpPosition":[145.935,159.976,107.178],"dipPosition":[131.421,153.279,30.8131],"direction":[-0.289922,-0.931774,0.218502],"extended":false,"handId":102,"id":1024,"length":49.2274,"mcpPosition":[148.387,184.407,56.279],"pipPosition":[136.947,171.04,26.648],"stabilizedTipPosition":[130.595,144.966,40.6886],"timeVisible":0,"tipPosition":[130.595,144.966,40.6886],"tipVelocity":[1.19209e-7,1.19209e-7,1.19209e-7],"tool":false,"touchDistance":0.333333,"touchZone":"none","type":4,"width":15.6495}],"r":[[1,-5.55112e-18,1.11022e-17],[5.55112e-18,1,-1.11022e-17],[-1.11022e-17,1.11022e-17,1]],"s":1,"t":[0,0,0],"timestamp":257026876836},{"currentFrameRate":27.3974,"devices":[],"gestures":[],"hands":[{"armBasis":[[0.855237,0.0791168,-0.512162],[0.115224,0.934511,0.336768],[0.505265,-0.34703,0.790113]],"armWidth":65.5845,"confidence":0.182284,"direction":[-0.123101,0.583483,-0.802742],"elbow":[270.817,58.5874,335.535],"grabAngle":3.14159,"grabStrength":1,"id":102,"palmNormal":[-0.152602,-0.810403,-0.56565],"palmPosition":[116.668,187.645,67.1927],"palmVelocity":[68.4642,320.863,-149.485],"palmWidth":88.6782,"pinchDistance":22.5483,"pinchStrength":0.820087,"r":[[0.999632,-0.0269618,0.00306787],[0.0269331,0.999596,0.00905519],[-0.00331078,-0.00896923,0.999954]],"s":0.982059,"sphereCenter":[116.632,163.56,29.9088],"sphereRadius":38.0442,"stabilizedPalmPosition":[115.322,181.334,70.1327],"t":[1.19788,5.61397,-2.61547],"timeVisible":0.034993,"type":"right","wrist":[137.862,149.905,127.624]}],"id":72633,"interactionBox":{"center":[0,200,0],"size":[235.247,235.247,147.751]},"pointables":[{"bases":[[[0.507057,0.817429,0.273318],[-0.672886,0.177258,0.718195],[0.538625,-0.548078,0.639917]],[[0.306585,0.950384,0.0526781],[-0.754818,0.209035,0.621735],[0.579876,-0.230377,0.781454]],[[0.306585,0.950384,0.0526781],[-0.885679,0.264563,0.381548],[0.348681,-0.163633,0.922847]],[[0.306585,0.950384,0.0526781],[-0.944054,0.296544,0.144303],[0.121522,-0.0939722,0.98813]]],"btipPosition":[61.0651,169.21,24.8705],"carpPosition":[102.634,150.949,112.387],"dipPosition":[63.6439,167.216,45.8396],"direction":[-0.348681,0.163633,-0.922847],"extended":false,"handId":102,"id":1020,"length":47.2559,"mcpPosition":[102.634,150.949,112.387],"pipPosition":[74.4237,162.157,74.3701],"stabilizedTipPosition":[61.944,167.273,29.6332],"timeVisible":0.034993,"tipPosition":[63.9055,166.614,25.204],"tipVelocity":[-131.666,680.974,27.754],"tool":false,"touchDistance":1,"touchZone":"none","type":0,"width":21.3285},{"bases":[[[0.946001,0.0458508,-0.320904],[0.108488,0.888079,0.446705],[0.30547,-0.457398,0.83515]],[[0.972237,-0.00106976,-0.233994],[-0.124397,0.844612,-0.520726],[0.198191,0.535377,0.821031]],[[0.972237,-0.00106976,-0.233994],[-0.199995,-0.52293,-0.828581],[-0.121476,0.852375,-0.508626]],[[0.972237,-0.00106976,-0.233994],[-0.0909121,-0.923158,-0.373516],[-0.215614,0.384419,-0.897626]]],"btipPosition":[88.3461,159.365,46.5001],"carpPosition":[111.966,172.062,113.311],"dipPosition":[85.0057,165.321,32.5939],"direction":[0.121476,-0.852375,0.508626],"extended":false,"handId":102,"id":1021,"length":53.323,"mcpPosition":[90.0641,204.858,53.4305],"pipPosition":[82.3434,184.002,21.4468],"stabilizedTipPosition":[83.0392,153.063,32.0179],"timeVisible":0.034993,"tipPosition":[85.7391,161.194,37.5999],"tipVelocity":[273.904,463.001,680.975],"tool":false,"touchDistance":0.333333,"touchZone":"none","type":1,"width":20.373},{"bases":[[[0.946126,-0.168439,-0.27654],[0.27354,0.872788,0.404249],[0.17327,-0.458115,0.871842]],[[0.943684,-0.162199,-0.288362],[-0.0465638,0.797794,-0.601129],[0.327556,0.580703,0.745313]],[[0.943684,-0.162199,-0.288362],[-0.329337,-0.543744,-0.771932],[-0.0315887,0.823428,-0.566541]],[[0.943684,-0.162199,-0.288362],[-0.239097,-0.936765,-0.255546],[-0.228678,0.310101,-0.922791]]],"btipPosition":[101.815,153.597,48.2397],"carpPosition":[123.201,174.342,109.763],"dipPosition":[97.9184,158.881,32.5159],"direction":[0.0315887,-0.823428,0.566541],"extended":false,"handId":102,"id":1022,"length":60.7573,"mcpPosition":[111.42,205.492,50.482],"pipPosition":[97.1039,180.112,17.908],"stabilizedTipPosition":[100.595,152.596,43.874],"timeVisible":0.034993,"tipPosition":[98.7899,152.345,39.1324],"tipVelocity":[92.1113,631.399,213.424],"tool":false,"touchDistance":0.333333,"touchZone":"none","type":2,"width":20.009},{"bases":[[[0.937981,-0.299331,-0.174909],[0.345821,0.843475,0.411045],[0.0244935,-0.446039,0.894678]],[[0.938045,-0.300574,-0.172412],[0.134155,0.773786,-0.619078],[0.319489,0.557593,0.76617]],[[0.938045,-0.300574,-0.172412],[-0.313552,-0.524492,-0.791576],[0.147498,0.796595,-0.586243]],[[0.938045,-0.300574,-0.172412],[-0.333407,-0.918456,-0.212786],[-0.0943954,0.257086,-0.961767]]],"btipPosition":[118.031,153.743,51.487],"carpPosition":[134.575,173.468,106.126],"dipPosition":[116.432,158.099,35.1932],"direction":[-0.147498,-0.796595,0.586243],"extended":false,"handId":102,"id":1023,"length":58.4197,"mcpPosition":[133.08,200.698,51.5073],"pipPosition":[120.137,178.108,20.4677],"stabilizedTipPosition":[117.434,152.534,46.9234],"timeVisible":0.034993,"tipPosition":[115.921,151.934,42.2915],"tipVelocity":[60.2904,582.588,215.008],"tool":false,"touchDistance":0.333333,"touchZone":"none","type":3,"width":19.0398},{"bases":[[[0.864392,-0.484167,-0.135681],[0.488298,0.743908,0.456253],[-0.119969,-0.460634,0.879445]],[[0.864059,-0.485432,-0.133262],[0.365047,0.786522,-0.498119],[0.346617,0.381757,0.856807]],[[0.864059,-0.485432,-0.133262],[-0.316017,-0.317018,-0.894222],[0.391837,0.814773,-0.427327]],[[0.864059,-0.485432,-0.133262],[-0.497824,-0.784754,-0.369231],[0.0746581,0.385378,-0.919734]]],"btipPosition":[132.652,158.94,46.4329],"carpPosition":[145.101,165.622,101.649],"dipPosition":[133.819,164.964,32.0581],"direction":[-0.391837,-0.814773,0.427327],"extended":false,"handId":102,"id":1024,"length":45.8,"mcpPosition":[151.881,191.653,51.9502],"pipPosition":[140.768,179.413,24.4796],"stabilizedTipPosition":[132.364,156.65,42.5432],"timeVisible":0.034993,"tipPosition":[131.021,157.878,38.5001],"tipVelocity":[66.4328,438.944,69.6724],"tool":false,"touchDistance":0.333333,"touchZone":"none","type":4,"width":16.9127}],"r":[[0.999632,-0.0269618,0.00306787],[0.0269331,0.999596,0.00905519],[-0.00331078,-0.00896923,0.999954]],"s":0.982059,"t":[1.19788,5.61397,-2.61547],"timestamp":257026911829},{"currentFrameRate":27.6502,"devices":[],"gestures":[],"hands":[{"armBasis":[[0.831276,0.0849581,-0.54933],[0.139662,0.924627,0.354345],[0.538029,-0.371279,0.756754]],"armWidth":65.5845,"confidence":0.350526,"direction":[-0.0795365,0.636922,-0.766814],"elbow":[278.263,54.244,322.243],"grabAngle":3.14159,"grabStrength":1,"id":102,"palmNormal":[-0.172276,-0.766459,-0.618758],"palmPosition":[117.739,193.856,64.7869],"palmVelocity":[31.0433,180.104,-69.7521],"palmWidth":88.6782,"pinchDistance":23.2809,"pinchStrength":0.739821,"r":[[0.998325,-0.0571093,0.00927272],[0.0568183,0.997961,0.029086],[-0.0109149,-0.0285104,0.999534]],"s":0.967669,"sphereCenter":[114.996,173.81,27.7382],"sphereRadius":36.8015,"stabilizedPalmPosition":[116.655,188.241,67.1842],"t":[2.33218,11.5269,-5.12612],"timeVisible":0.069484,"type":"right","wrist":[136.686,151.942,123.111]}],"id":72634,"interactionBox":{"center":[0,200,0],"size":[235.247,235.247,147.751]},"pointables":[{"bases":[[[0.533655,0.776471,0.335119],[-0.682088,0.160912,0.713346],[0.499968,-0.609262,0.615493]],[[0.322989,0.941474,0.0964643],[-0.729344,0.18266,0.659313],[0.603105,-0.283306,0.745655]],[[0.322989,0.941474,0.0964643],[-0.899213,0.273501,0.341487],[0.295118,-0.197038,0.934923]],[[0.322989,0.941474,0.0964643],[-0.946328,0.32256,0.0204424],[-0.0118695,-0.0978895,0.995127]]],"btipPosition":[62.9048,177.011,20.9698],"carpPosition":[101.117,155.059,107.267],"dipPosition":[62.653,174.933,42.0873],"direction":[-0.295118,0.197038,-0.934923],"extended":false,"handId":102,"id":1020,"length":47.2559,"mcpPosition":[101.117,155.059,107.267],"pipPosition":[71.7767,168.842,70.9911],"stabilizedTipPosition":[62.7947,175.997,26.0471],"timeVisible":0.069484,"tipPosition":[64.7347,177.516,21.4615],"tipVelocity":[34.4625,225.614,-112.105],"tool":false,"touchDistance":1,"touchZone":"none","type":0,"width":21.3285},{"bases":[[[0.95454,0.0252273,-0.297014],[0.134285,0.853184,0.504029],[0.266123,-0.521,0.81101]],[[0.968434,-0.00519673,-0.249217],[-0.142504,0.808754,-0.570622],[0.20452,0.588124,0.782484]],[[0.968434,-0.00519673,-0.249217],[-0.211301,-0.547513,-0.80968],[-0.132242,0.836781,-0.531328]],[[0.968434,-0.00519673,-0.249217],[-0.0868162,-0.944218,-0.317671],[-0.233664,0.329279,-0.914864]]],"btipPosition":[90.7584,166.661,46.9057],"carpPosition":[111.289,175.656,109.72],"dipPosition":[87.1385,171.762,32.7325],"direction":[0.132242,-0.836781,0.531328],"extended":false,"handId":102,"id":1021,"length":53.323,"mcpPosition":[92.2075,213.012,51.57],"pipPosition":[84.2402,190.101,21.0878],"stabilizedTipPosition":[88.5618,164.908,41.3427],"timeVisible":0.069484,"tipPosition":[87.5066,169.795,36.1537],"tipVelocity":[68.0775,205.817,9.97972],"tool":false,"touchDistance":0.333333,"touchZone":"none","type":1,"width":20.373},{"bases":[[[0.944746,-0.191213,-0.266257],[0.299538,0.83352,0.464242],[0.133161,-0.518345,0.84474]],[[0.936638,-0.164274,-0.309392],[-0.0570827,0.799841,-0.597492],[0.345617,0.577294,0.739784]],[[0.936638,-0.164274,-0.309392],[-0.346964,-0.556641,-0.754829],[-0.0482213,0.814349,-0.578369]],[[0.936638,-0.164274,-0.309392],[-0.233721,-0.950953,-0.202639],[-0.260929,0.262111,-0.929093]]],"btipPosition":[104.22,162.221,47.5376],"carpPosition":[122.69,177.67,106.564],"dipPosition":[99.774,166.687,31.7064],"direction":[0.0482213,-0.814349,0.578369],"extended":false,"handId":102,"id":1022,"length":60.7573,"mcpPosition":[113.636,212.915,49.1259],"pipPosition":[98.5307,187.684,16.7935],"stabilizedTipPosition":[103.128,162.965,43.8958],"timeVisible":0.069484,"tipPosition":[100.125,161.685,36.6118],"tipVelocity":[66.068,244.576,-21.0714],"tool":false,"touchDistance":0.333333,"touchZone":"none","type":2,"width":20.009},{"bases":[[[0.928758,-0.327694,-0.173278],[0.370363,0.80078,0.470725],[-0.0154959,-0.501365,0.865097]],[[0.928885,-0.318177,-0.189568],[0.140016,0.775528,-0.615591],[0.342882,0.545271,0.764926]],[[0.928885,-0.318177,-0.189568],[-0.337304,-0.515356,-0.787803],[0.152966,0.795721,-0.586029]],[[0.928885,-0.318177,-0.189568],[-0.353295,-0.914815,-0.195694],[-0.111155,0.24875,-0.962168]]],"btipPosition":[119.198,160.853,50.3427],"carpPosition":[134.103,176.538,103.124],"dipPosition":[117.315,165.068,34.0421],"direction":[-0.152966,-0.795721,0.586029],"extended":false,"handId":102,"id":1023,"length":58.4197,"mcpPosition":[135.049,207.145,50.3112],"pipPosition":[121.157,185.055,19.322],"stabilizedTipPosition":[118.721,161.511,46.6046],"timeVisible":0.069484,"tipPosition":[116.642,160.221,39.4407],"tipVelocity":[31.9571,205.196,-33.2224],"tool":false,"touchDistance":0.333333,"touchZone":"none","type":3,"width":19.0398},{"bases":[[[0.846675,-0.511297,-0.147368],[0.507476,0.692602,0.512611],[-0.160029,-0.508801,0.84588]],[[0.846149,-0.512953,-0.144608],[0.377216,0.768108,-0.517415],[0.376485,0.383262,0.843427]],[[0.846149,-0.512953,-0.144608],[-0.348687,-0.32763,-0.878109],[0.403051,0.793434,-0.456084]],[[0.846149,-0.512953,-0.144608],[-0.531419,-0.791535,-0.301772],[0.0403325,0.332192,-0.942349]]],"btipPosition":[133.595,165.744,46.3611],"carpPosition":[144.4,168.542,98.3883],"dipPosition":[134.225,170.936,31.6329],"direction":[-0.403051,-0.793434,0.456084],"extended":false,"handId":102,"id":1024,"length":45.8,"mcpPosition":[153.444,197.296,50.586],"pipPosition":[141.373,185.008,23.5444],"stabilizedTipPosition":[133.554,165.549,42.9155],"timeVisible":0.069484,"tipPosition":[131.995,165.675,36.333],"tipVelocity":[23.7628,191.725,-4.43703],"tool":false,"touchDistance":0.333333,"touchZone":"none","type":4,"width":16.9127}],"r":[[0.998325,-0.0571093,0.00927272],[0.0568183,0.997961,0.029086],[-0.0109149,-0.0285104,0.999534]],"s":0.967669,"t":[2.33218,11.5269,-5.12612],"timestamp":257026946320},{"currentFrameRate":31.0475,"devices":[],"gestures":[],"hands":[{"armBasis":[[0.828188,0.101918,-0.551106],[0.140485,0.914181,0.38018],[0.542558,-0.392283,0.742795]],"armWidth":65.5845,"confidence":0.400084,"direction":[-0.062221,0.651355,-0.756218],"elbow":[279.36,49.4393,317.814],"grabAngle":3.14159,"grabStrength":1,"id":102,"palmNormal":[-0.166742,-0.753821,-0.635571],"palmPosition":[118.687,195.832,64.6351],"palmVelocity":[86.5454,180.338,-13.8595],"palmWidth":88.6782,"pinchDistance":23.705,"pinchStrength":0.731351,"r":[[0.996431,-0.0826937,0.0169247],[0.0817774,0.99544,0.0491022],[-0.020908,-0.047543,0.99865]],"s":0.957925,"sphereCenter":[115.331,176.918,27.5595],"sphereRadius":36.5806,"stabilizedPalmPosition":[117.185,190.219,66.52],"t":[3.37334,15.4711,-6.45735],"timeVisible":0.080438,"type":"right","wrist":[136.591,152.665,122.355]}],"id":72635,"interactionBox":{"center":[0,200,0],"size":[235.247,235.247,147.751]},"pointables":[{"bases":[[[0.53297,0.766512,0.358332],[-0.693094,0.152571,0.704516],[0.485349,-0.623844,0.612581]],[[0.325069,0.938479,0.11656],[-0.724298,0.167822,0.668752],[0.608048,-0.301815,0.734292]],[[0.325069,0.938479,0.11656],[-0.904467,0.272535,0.328122],[0.276169,-0.212087,0.937417]],[[0.325069,0.938479,0.11656],[-0.943698,0.329907,-0.0243912],[-0.0613446,-0.102069,0.992884]]],"btipPosition":[64.2692,179.787,20.3332],"carpPosition":[101.087,156.381,106.107],"dipPosition":[62.9674,177.621,41.4031],"direction":[-0.276169,0.212087,-0.937417],"extended":false,"handId":102,"id":1020,"length":47.2559,"mcpPosition":[101.087,156.381,106.107],"pipPosition":[71.5054,171.064,70.3841],"stabilizedTipPosition":[63.5443,178.097,25.4935],"timeVisible":0.080438,"tipPosition":[66.1911,180.576,20.4088],"tipVelocity":[102.51,251.596,-59.1148],"tool":false,"touchDistance":1,"touchZone":"none","type":0,"width":21.3285},{"bases":[[[0.959619,0.0240452,-0.280274],[0.131289,0.842888,0.521827],[0.248787,-0.537552,0.805694]],[[0.970495,-0.00189411,-0.241112],[-0.13859,0.813902,-0.564231],[0.19731,0.581,0.789625]],[[0.970495,-0.00189411,-0.241112],[-0.203377,-0.543589,-0.814339],[-0.129523,0.839349,-0.527936]],[[0.970495,-0.00189411,-0.241112],[-0.0743966,-0.953532,-0.291962],[-0.229355,0.301286,-0.925539]]],"btipPosition":[92.2175,169.705,46.49],"carpPosition":[111.35,176.859,109.11],"dipPosition":[88.6643,174.373,32.1514],"direction":[0.129523,-0.839349,0.527936],"extended":false,"handId":102,"id":1021,"length":53.323,"mcpPosition":[93.512,215.401,51.3414],"pipPosition":[85.8256,192.768,20.5811],"stabilizedTipPosition":[89.9116,167.7,42.2222],"timeVisible":0.080438,"tipPosition":[88.9253,172.418,35.4782],"tipVelocity":[134.601,268.843,-41.4227],"tool":false,"touchDistance":0.333333,"touchZone":"none","type":1,"width":20.373},{"bases":[[[0.947872,-0.192848,-0.25367],[0.297064,0.822812,0.484493],[0.115289,-0.534594,0.837208]],[[0.939253,-0.160444,-0.303416],[-0.0520271,0.807244,-0.58792],[0.339259,0.567992,0.749859]],[[0.939253,-0.160444,-0.303416],[-0.340638,-0.544093,-0.766765],[-0.0420634,0.823541,-0.565694]],[[0.939253,-0.160444,-0.303416],[-0.228859,-0.951571,-0.205271],[-0.255787,0.262241,-0.930485]]],"btipPosition":[105.594,164.674,46.9279],"carpPosition":[122.817,178.851,106.186],"dipPosition":[101.235,169.142,31.073],"direction":[0.0420634,-0.823541,0.565694],"extended":false,"handId":102,"id":1022,"length":60.7573,"mcpPosition":[114.978,215.201,49.2596],"pipPosition":[100.151,190.377,16.4869],"stabilizedTipPosition":[104.177,164.926,43.4555],"timeVisible":0.080438,"tipPosition":[101.438,164.343,35.8013],"tipVelocity":[127.229,224.03,-56.1563],"tool":false,"touchDistance":0.333333,"touchZone":"none","type":2,"width":20.009},{"bases":[[[0.929397,-0.33089,-0.163499],[0.36755,0.78947,0.491573],[-0.0335788,-0.516961,0.85535]],[[0.929996,-0.314156,-0.190822],[0.141303,0.784816,-0.603405],[0.339324,0.5342,0.774267]],[[0.929996,-0.314156,-0.190822],[-0.333753,-0.504222,-0.796473],[0.154,0.804404,-0.573775]],[[0.929996,-0.314156,-0.190822],[-0.35112,-0.912848,-0.208381],[-0.108728,0.260795,-0.959252]]],"btipPosition":[120.555,162.997,49.9974],"carpPosition":[134.279,177.703,102.919],"dipPosition":[118.713,167.415,33.7463],"direction":[-0.154,-0.804404,0.573775],"extended":false,"handId":102,"id":1023,"length":58.4197,"mcpPosition":[136.329,209.263,50.7016],"pipPosition":[122.582,187.621,19.3339],"stabilizedTipPosition":[119.706,163.259,46.3637],"timeVisible":0.080438,"tipPosition":[117.878,162.718,38.9115],"tipVelocity":[124.761,200.001,-30.4822],"tool":false,"touchDistance":0.333333,"touchZone":"none","type":3,"width":19.0398},{"bases":[[[0.845673,-0.514363,-0.142363],[0.50321,0.679599,0.533783],[-0.177809,-0.523044,0.833552]],[[0.847227,-0.509673,-0.1498],[0.368951,0.767419,-0.52435],[0.382206,0.388975,0.838223]],[[0.847227,-0.509673,-0.1498],[-0.353289,-0.329983,-0.875385],[0.396728,0.794572,-0.459632]],[[0.847227,-0.509673,-0.1498],[-0.530209,-0.793799,-0.297928],[0.0329349,0.331838,-0.942761]]],"btipPosition":[134.846,167.534,47.1186],"carpPosition":[144.603,169.724,98.2128],"dipPosition":[135.361,172.72,32.3839],"direction":[-0.396728,-0.794572,0.459632],"extended":false,"handId":102,"id":1024,"length":45.8,"mcpPosition":[154.651,199.283,51.1072],"pipPosition":[142.397,186.812,24.2325],"stabilizedTipPosition":[134.229,167.07,43.305],"timeVisible":0.080438,"tipPosition":[133.371,168.126,36.5061],"tipVelocity":[111.832,163.237,69.0106],"tool":false,"touchDistance":0.333333,"touchZone":"none","type":4,"width":16.9127}],"r":[[0.996431,-0.0826937,0.0169247],[0.0817774,0.99544,0.0491022],[-0.020908,-0.047543,0.99865]],"s":0.957925,"t":[3.37334,15.4711,-6.45735],"timestamp":257026957274},{"currentFrameRate":34.2921,"devices":[],"gestures":[],"hands":[{"armBasis":[[0.828595,0.124564,-0.545814],[0.138142,0.899297,0.414947],[0.542537,-0.419223,0.727946]],"armWidth":65.5845,"confidence":0.44662,"direction":[-0.0576273,0.652238,-0.755821],"elbow":[279.628,43.6707,313.463],"grabAngle":3.14159,"grabStrength":1,"id":102,"palmNormal":[-0.159098,-0.753404,-0.638021],"palmPosition":[119.28,197.47,64.3241],"palmVelocity":[55.0981,152.136,-28.8831],"palmWidth":88.6782,"pinchDistance":23.5979,"pinchStrength":0.719286,"r":[[0.994418,-0.102668,0.0243181],[0.100887,0.992728,0.065666],[-0.030883,-0.0628461,0.997545]],"s":0.951493,"sphereCenter":[115.42,179.091,27.6962],"sphereRadius":36.3039,"stabilizedPalmPosition":[117.767,192.233,65.9101],"t":[4.19054,18.2622,-7.27845],"timeVisible":0.091205,"type":"right","wrist":[136.865,153.985,121.911]}],"id":72636,"interactionBox":{"center":[0,200,0],"size":[235.247,235.247,147.751]},"pointables":[{"bases":[[[0.527651,0.767544,0.363951],[-0.699547,0.149573,0.698757],[0.481889,-0.623301,0.615856]],[[0.323413,0.938237,0.122944],[-0.718663,0.159023,0.676931],[0.615571,-0.307284,0.725706]],[[0.323413,0.938237,0.122944],[-0.910146,0.272883,0.31172],[0.258918,-0.212711,0.942187]],[[0.323413,0.938237,0.122944],[-0.940893,0.332669,-0.0636491],[-0.100618,-0.0950918,0.99037]]],"btipPosition":[65.623,181.453,20.1386],"carpPosition":[101.44,157.91,105.589],"dipPosition":[63.4878,179.435,41.1552],"direction":[-0.258918,0.212711,-0.942187],"extended":false,"handId":102,"id":1020,"length":47.2559,"mcpPosition":[101.44,157.91,105.589],"pipPosition":[71.4924,172.859,70.2836],"stabilizedTipPosition":[64.6209,180.058,25.1402],"timeVisible":0.091205,"tipPosition":[67.1243,182.078,19.8481],"tipVelocity":[107.929,157.909,-19.2082],"tool":false,"touchDistance":1,"touchZone":"none","type":0,"width":21.3285},{"bases":[[[0.961912,0.0272147,-0.272001],[0.124364,0.842527,0.524101],[0.243431,-0.537966,0.807052]],[[0.970872,0.00569533,-0.239533],[-0.147891,0.800797,-0.58039],[0.188512,0.598909,0.778313]],[[0.970872,0.00569533,-0.239533],[-0.194262,-0.566483,-0.800849],[-0.140253,0.824054,-0.548876]],[[0.970872,0.00569533,-0.239533],[-0.0562218,-0.966391,-0.250855],[-0.232911,0.257015,-0.937921]]],"btipPosition":[93.5019,171.613,47.0822],"carpPosition":[111.618,178.413,108.708],"dipPosition":[89.8936,175.594,32.5517],"direction":[0.140253,-0.824054,0.548876],"extended":false,"handId":102,"id":1021,"length":53.323,"mcpPosition":[94.1634,216.985,50.8421],"pipPosition":[86.8198,193.654,20.5225],"stabilizedTipPosition":[91.3008,170.13,42.9861],"timeVisible":0.091205,"tipPosition":[90.0503,173.9,35.5455],"tipVelocity":[118.113,162.493,50.8986],"tool":false,"touchDistance":0.333333,"touchZone":"none","type":1,"width":20.373},{"bases":[[[0.950567,-0.189748,-0.245799],[0.29051,0.822983,0.488162],[0.10966,-0.535438,0.837425]],[[0.942281,-0.1573,-0.295572],[-0.0554885,0.797201,-0.601159],[0.330192,0.582861,0.742459]],[[0.942281,-0.1573,-0.295572],[-0.331446,-0.563265,-0.756885],[-0.0474272,0.811165,-0.582891]],[[0.942281,-0.1573,-0.295572],[-0.215316,-0.960709,-0.175147],[-0.256408,0.228679,-0.939128]]],"btipPosition":[106.808,166.564,47.5266],"carpPosition":[123.103,180.443,105.885],"dipPosition":[102.439,170.461,31.5244],"direction":[0.0474272,-0.811165,0.582891],"extended":false,"handId":102,"id":1022,"length":60.7573,"mcpPosition":[115.647,216.85,48.9442],"pipPosition":[101.216,191.376,16.495],"stabilizedTipPosition":[105.369,166.784,43.7418],"timeVisible":0.091205,"tipPosition":[102.606,166.074,35.8862],"tipVelocity":[112.535,163.321,52.459],"tool":false,"touchDistance":0.333333,"touchZone":"none","type":2,"width":20.009},{"bases":[[[0.931721,-0.327971,-0.155981],[0.361029,0.789836,0.4958],[-0.0394085,-0.518261,0.854314]],[[0.932554,-0.30637,-0.190998],[0.129325,0.777404,-0.615563],[0.337073,0.549345,0.764593]],[[0.932554,-0.30637,-0.190998],[-0.332446,-0.522399,-0.785225],[0.140793,0.795762,-0.589017]],[[0.932554,-0.30637,-0.190998],[-0.340562,-0.922101,-0.183706],[-0.119837,0.236363,-0.964247]]],"btipPosition":[121.84,164.723,50.7163],"carpPosition":[134.596,179.332,102.716],"dipPosition":[119.809,168.728,34.3805],"direction":[-0.140793,-0.795762,0.589017],"extended":false,"handId":102,"id":1023,"length":58.4197,"mcpPosition":[137.002,210.971,50.561],"pipPosition":[123.346,188.716,19.5853],"stabilizedTipPosition":[120.856,164.904,46.7743],"timeVisible":0.091205,"tipPosition":[118.967,164.477,39.1322],"tipVelocity":[115.242,151.47,64.9567],"tool":false,"touchDistance":0.333333,"touchZone":"none","type":3,"width":19.0398},{"bases":[[[0.848352,-0.511715,-0.135817],[0.496641,0.680298,0.539019],[-0.183428,-0.524731,0.831271]],[[0.851174,-0.503267,-0.149079],[0.35195,0.757946,-0.549226],[0.389401,0.415019,0.822269]],[[0.851174,-0.503267,-0.149079],[-0.361405,-0.355962,-0.861787],[0.380643,0.787409,-0.484869]],[[0.851174,-0.503267,-0.149079],[-0.524697,-0.808264,-0.267212],[0.0139837,0.305665,-0.952036]]],"btipPosition":[135.895,168.996,48.2253],"carpPosition":[144.983,171.39,98.0867],"dipPosition":[136.113,173.773,33.3457],"direction":[-0.380643,-0.787409,0.484869],"extended":false,"handId":102,"id":1024,"length":45.8,"mcpPosition":[155.349,201.044,51.1099],"pipPosition":[142.864,187.738,24.7467],"stabilizedTipPosition":[134.975,168.384,43.9561],"timeVisible":0.091205,"tipPosition":[134.422,169.867,36.9815],"tipVelocity":[91.0504,127.061,99.6955],"tool":false,"touchDistance":0.333333,"touchZone":"none","type":4,"width":16.9127}],"r":[[0.994418,-0.102668,0.0243181],[0.100887,0.992728,0.065666],[-0.030883,-0.0628461,0.997545]],"s":0.951493,"t":[4.19054,18.2622,-7.27845],"timestamp":257026968041},{"currentFrameRate":37.3832,"devices":[],"gestures":[],"hands":[{"armBasis":[[0.828617,0.147966,-0.539907],[0.133533,0.884358,0.447303],[0.543657,-0.442738,0.713036]],"armWidth":65.5845,"confidence":0.490455,"direction":[-0.0586568,0.643891,-0.762865],"elbow":[280.454,39.4916,309.531],"grabAngle":3.14159,"grabStrength":1,"id":102,"palmNormal":[-0.15015,-0.761178,-0.630922],"palmPosition":[119.772,199.109,64.0429],"palmVelocity":[46.1284,153.668,-26.3636],"palmWidth":88.6782,"pinchDistance":23.5351,"pinchStrength":0.712938,"r":[[0.992624,-0.117157,0.0311832],[0.114478,0.990433,0.0770488],[-0.0399117,-0.0729107,0.99654]],"s":0.947581,"sphereCenter":[115.839,180.621,27.9116],"sphereRadius":36.1518,"stabilizedPalmPosition":[118.358,194.26,65.3597],"t":[4.84515,20.4773,-7.82961],"timeVisible":0.101871,"type":"right","wrist":[137.396,155.994,121.902]}],"id":72637,"interactionBox":{"center":[0,200,0],"size":[235.247,235.247,147.751]},"pointables":[{"bases":[[[0.519987,0.775262,0.358584],[-0.704228,0.151522,0.693617],[0.483401,-0.613196,0.624751]],[[0.317401,0.941086,0.116675],[-0.718543,0.158384,0.677208],[0.618832,-0.298783,0.726482]],[[0.317401,0.941086,0.116675],[-0.914709,0.271382,0.299432],[0.250128,-0.201764,0.946957]],[[0.317401,0.941086,0.116675],[-0.940987,0.327805,-0.0841822],[-0.117469,-0.0830699,0.989596]]],"btipPosition":[66.6725,182.382,20.0084],"carpPosition":[102.018,159.846,105.627],"dipPosition":[64.1797,180.619,41.0086],"direction":[-0.250128,0.201764,-0.946957],"extended":false,"handId":102,"id":1020,"length":47.2559,"mcpPosition":[102.018,159.846,105.627],"pipPosition":[71.9126,174.382,70.2845],"stabilizedTipPosition":[65.6794,181.432,24.9241],"timeVisible":0.101871,"tipPosition":[67.9221,182.841,19.5833],"tipVelocity":[90.6875,92.5851,-12.5598],"tool":false,"touchDistance":1,"touchZone":"none","type":0,"width":21.3285},{"bases":[[[0.963062,0.0316753,-0.267408],[0.11533,0.848847,0.515905],[0.24333,-0.527689,0.81384]],[[0.973259,0.00730636,-0.229592],[-0.148104,0.783969,-0.602875],[0.175588,0.620757,0.764087]],[[0.973259,0.00730636,-0.229592],[-0.181095,-0.590486,-0.786467],[-0.141317,0.807015,-0.573373]],[[0.973259,0.00730636,-0.229592],[-0.0430237,-0.976008,-0.21344],[-0.225644,0.217611,-0.949595]]],"btipPosition":[94.3314,173.052,47.7434],"carpPosition":[112.026,180.457,108.584],"dipPosition":[90.8357,176.424,33.0321],"direction":[0.141317,-0.807015,0.573373],"extended":false,"handId":102,"id":1021,"length":53.323,"mcpPosition":[94.5787,218.292,50.2314],"pipPosition":[87.7386,194.11,20.4659],"stabilizedTipPosition":[92.4163,171.982,43.6743],"timeVisible":0.101871,"tipPosition":[91.0002,174.961,35.8099],"tipVelocity":[80.1997,121.816,58.092],"tool":false,"touchDistance":0.333333,"touchZone":"none","type":1,"width":20.373},{"bases":[[[0.953217,-0.185084,-0.239002],[0.281801,0.83019,0.481011],[0.10939,-0.525859,0.843508]],[[0.944942,-0.153218,-0.289152],[-0.0630339,0.781843,-0.620281],[0.32111,0.604356,0.729138]],[[0.944942,-0.153218,-0.289152],[-0.322605,-0.584336,-0.744633],[-0.0548708,0.796917,-0.601592]],[[0.944942,-0.153218,-0.289152],[-0.201581,-0.968602,-0.145513],[-0.257778,0.195789,-0.946159]]],"btipPosition":[107.845,168.002,48.2102],"carpPosition":[123.51,182.544,105.798],"dipPosition":[103.453,171.339,32.0882],"direction":[0.0548708,-0.796917,0.601592],"extended":false,"handId":102,"id":1022,"length":60.7573,"mcpPosition":[116.072,218.3,48.4436],"pipPosition":[102.038,191.887,16.5765],"stabilizedTipPosition":[106.44,168.235,44.2974],"timeVisible":0.101871,"tipPosition":[103.635,167.362,36.248],"tipVelocity":[96.7617,122.775,61.5016],"tool":false,"touchDistance":0.333333,"touchZone":"none","type":2,"width":20.009},{"bases":[[[0.934951,-0.322504,-0.147844],[0.352527,0.797659,0.489351],[-0.0398884,-0.509638,0.859464]],[[0.9358,-0.301394,-0.182866],[0.1213,0.762336,-0.635712],[0.331005,0.572718,0.749953]],[[0.9358,-0.301394,-0.182866],[-0.326243,-0.54384,-0.773177],[0.133581,0.783198,-0.607253]],[[0.9358,-0.301394,-0.182866],[-0.330608,-0.930373,-0.158446],[-0.122379,0.208731,-0.970286]]],"btipPosition":[122.77,166.189,51.5381],"carpPosition":[135.027,181.488,102.698],"dipPosition":[120.697,169.725,35.1],"direction":[-0.133581,-0.783198,0.607253],"extended":false,"handId":102,"id":1023,"length":58.4197,"mcpPosition":[137.462,212.6,50.2294],"pipPosition":[124.052,189.398,19.8468],"stabilizedTipPosition":[121.793,166.273,47.4155],"timeVisible":0.101871,"tipPosition":[119.954,165.909,39.6046],"tipVelocity":[86.2921,127.347,74.8465],"tool":false,"touchDistance":0.333333,"touchZone":"none","type":3,"width":19.0398},{"bases":[[[0.852865,-0.506655,-0.126186],[0.488737,0.689608,0.534395],[-0.183735,-0.517438,0.835763]],[[0.855827,-0.497902,-0.140191],[0.337084,0.742417,-0.578957],[0.392344,0.448231,0.803215]],[[0.855827,-0.497902,-0.140191],[-0.363403,-0.385888,-0.847956],[0.3681,0.776649,-0.511192]],[[0.855827,-0.497902,-0.140191],[-0.517247,-0.821742,-0.239156],[0.00387553,0.27719,-0.960807]]],"btipPosition":[136.712,170.342,49.3047],"carpPosition":[145.497,173.577,98.2051],"dipPosition":[136.773,174.674,34.288],"direction":[-0.3681,-0.776649,0.511192],"extended":false,"handId":102,"id":1024,"length":45.8,"mcpPosition":[155.88,202.819,50.9745],"pipPosition":[143.301,188.448,25.2221],"stabilizedTipPosition":[135.655,169.531,44.6915],"timeVisible":0.101871,"tipPosition":[135.354,171.338,37.6221],"tipVelocity":[73.2356,116.575,98.2408],"tool":false,"touchDistance":0.333333,"touchZone":"none","type":4,"width":16.9127}],"r":[[0.992624,-0.117157,0.0311832],[0.114478,0.990433,0.0770488],[-0.0399117,-0.0729107,0.99654]],"s":0.947581,"t":[4.84515,20.4773,-7.82961],"timestamp":257026978707},{"currentFrameRate":40.3213,"devices":[],"gestures":[],"hands":[{"armBasis":[[0.827809,0.164965,-0.536208],[0.131852,0.871808,0.471769],[0.545296,-0.461235,0.699939]],"armWidth":65.5845,"confidence":0.531778,"direction":[-0.0642467,0.634423,-0.770311],"elbow":[281.576,36.1057,306.501],"grabAngle":3.14159,"grabStrength":1,"id":102,"palmNormal":[-0.14591,-0.769582,-0.621654],"palmPosition":[120.117,200.098,64.1989],"palmVelocity":[32.4176,93.1325,14.6872],"palmWidth":88.6782,"pinchDistance":23.0639,"pinchStrength":0.715477,"r":[[0.991185,-0.127362,0.0364939],[0.123961,0.988738,0.083851],[-0.0467623,-0.0785881,0.99581]],"s":0.944553,"sphereCenter":[116.092,181.379,28.5592],"sphereRadius":35.9968,"stabilizedPalmPosition":[118.885,196.009,65.0119],"t":[5.34463,22.0795,-8.02717],"timeVisible":0.112494,"type":"right","wrist":[138.087,157.475,122.319]}],"id":72638,"interactionBox":{"center":[0,200,0],"size":[235.247,235.247,147.751]},"pointables":[{"bases":[[[0.51522,0.782975,0.348566],[-0.704174,0.154888,0.692928],[0.488557,-0.602461,0.631152]],[[0.313518,0.943453,0.107719],[-0.717297,0.160962,0.677921],[0.622248,-0.289806,0.7272]],[[0.313518,0.943453,0.107719],[-0.918065,0.272172,0.288234],[0.242618,-0.189259,0.951482]],[[0.313518,0.943453,0.107719],[-0.940725,0.324046,-0.100152],[-0.129394,-0.0699343,0.989124]]],"btipPosition":[67.6697,182.643,20.4888],"carpPosition":[102.696,161.209,106.273],"dipPosition":[64.9238,181.159,41.4789],"direction":[-0.242618,0.189259,-0.951482],"extended":false,"handId":102,"id":1020,"length":47.2559,"mcpPosition":[102.696,161.209,106.273],"pipPosition":[72.4245,175.308,70.8947],"stabilizedTipPosition":[66.6345,182.043,25.2],"timeVisible":0.112494,"tipPosition":[68.2644,182.929,20.2104],"tipVelocity":[88.3922,30.5796,45.0024],"tool":false,"touchDistance":1,"touchZone":"none","type":0,"width":21.3285},{"bases":[[[0.962408,0.0350924,-0.269333],[0.110313,0.855647,0.505667],[0.248199,-0.516368,0.81961]],[[0.97439,0.0072001,-0.22475],[-0.149414,0.76767,-0.623183],[0.168047,0.640804,0.749086]],[[0.97439,0.0072001,-0.22475],[-0.174157,-0.608093,-0.774527],[-0.142245,0.793833,-0.591266]],[[0.97439,0.0072001,-0.22475],[-0.0349808,-0.982466,-0.183132],[-0.222127,0.186303,-0.957053]]],"btipPosition":[94.7833,173.698,48.8072],"carpPosition":[112.567,181.921,108.97],"dipPosition":[91.3421,176.584,33.9804],"direction":[0.142245,-0.793833,0.591266],"extended":false,"handId":102,"id":1021,"length":53.323,"mcpPosition":[94.7709,218.945,50.2032],"pipPosition":[88.2246,193.982,21.0221],"stabilizedTipPosition":[93.0146,172.886,44.3285],"timeVisible":0.112494,"tipPosition":[91.5549,175.386,36.6169],"tipVelocity":[43.7175,50.2517,97.6405],"tool":false,"touchDistance":0.333333,"touchZone":"none","type":1,"width":20.373},{"bases":[[[0.954091,-0.18