{"frames":230,"data":[{"currentFrameRate":23.437,"devices":[],"gestures":[],"hands":[],"id":74627,"interactionBox":{"center":[0,200,0],"size":[235.247,235.247,147.751]},"pointables":[],"r":[[-0.962136,-0.269906,0.0380192],[0.215739,-0.839331,-0.498979],[0.166588,-0.471883,0.86578]],"s":0.686793,"t":[505.899,-233.461,348.339],"timestamp":257098978262},{"currentFrameRate":23.5849,"devices":[],"gestures":[],"hands":[],"id":74628,"interactionBox":{"center":[0,200,0],"size":[235.247,235.247,147.751]},"pointables":[],"r":[[-0.962136,-0.269906,0.0380192],[0.215739,-0.839331,-0.498979],[0.166588,-0.471883,0.86578]],"s":0.686793,"t":[505.899,-233.461,348.339],"timestamp":257099019533},{"currentFrameRate":23.7037,"devices":[],"gestures":[],"hands":[],"id":74629,"interactionBox":{"center":[0,200,0],"size":[235.247,235.247,147.751]},"pointables":[],"r":[[-0.962136,-0.269906,0.0380192],[0.215739,-0.839331,-0.498979],[0.166588,-0.471883,0.86578]],"s":0.686793,"t":[505.899,-233.461,348.339],"timestamp":257099060818},{"currentFrameRate":23.8013,"devices":[],"gestures":[],"hands":[],"id":74630,"interactionBox":{"center":[0,200,0],"size":[235.247,235.247,147.751]},"pointables":[],"r":[[-0.962136,-0.269906,0.0380192],[0.215739,-0.839331,-0.498979],[0.166588,-0.471883,0.86578]],"s":0.686793,"t":[505.899,-233.461,348.339],"timestamp":257099102094},{"currentFrameRate":23.877,"devices":[],"gestures":[],"hands":[],"id":74631,"interactionBox":{"center":[0,200,0],"size":[235.247,235.247,147.751]},"pointables":[],"r":[[-0.962136,-0.269906,0.0380192],[0.215739,-0.839331,-0.498979],[0.166588,-0.471883,0.86578]],"s":0.686793,"t":[505.899,-233.461,348.339],"timestamp":257099143405},{"currentFrameRate":23.9435,"devices":[],"gestures":[],"hands":[],"id":74632,"interactionBox":{"center":[0,200,0],"size":[235.247,235.247,147.751]},"pointables":[],"r":[[-0.962136,-0.269906,0.0380192],[0.215739,-0.839331,-0.498979],[0.166588,-0.471883,0.86578]],"s":0.686793,"t":[505.899,-233.461,348.339],"timestamp":257099184670},{"currentFrameRate":23.9958,"devices":[],"gestures":[],"hands":[],"id":74633,"interactionBox":{"center":[0,200,0],"size":[235.247,235.247,147.751]},"pointables":[],"r":[[-0.962136,-0.269906,0.0380192],[0.215739,-0.839331,-0.498979],[0.166588,-0.471883,0.86578]],"s":0.686793,"t":[505.899,-233.461,348.339],"timestamp":257099225951},{"currentFrameRate":24.0386,"devices":[],"gestures":[],"hands":[],"id":74634,"interactionBox":{"center":[0,200,0],"size":[235.247,235.247,147.751]},"pointables":[],"r":[[-0.962136,-0.269906,0.0380192],[0.215739,-0.839331,-0.498979],[0.166588,-0.471883,0.86578]],"s":0.686793,"t":[505.899,-233.461,348.339],"timestamp":257099267230},{"currentFrameRate":24.0754,"devices":[],"gestures":[],"hands":[],"id":74635,"interactionBox":{"center":[0,200,0],"size":[235.247,235.247,147.751]},"pointables":[],"r":[[-0.962136,-0.269906,0.0380192],[0.215739,-0.839331,-0.498979],[0.166588,-0.471883,0.86578]],"s":0.686793,"t":[505.899,-233.461,348.339],"timestamp":257099308491},{"currentFrameRate":24.0953,"devices":[],"gestures":[],"hands":[],"id":74636,"interactionBox":{"center":[0,200,0],"size":[235.247,235.247,147.751]},"pointables":[],"r":[[-0.962136,-0.269906,0.0380192],[0.215739,-0.839331,-0.498979],[0.166588,-0.471883,0.86578]],"s":0.686793,"t":[505.899,-233.461,348.339],"timestamp":257099349844},{"currentFrameRate":24.1271,"devices":[],"gestures":[],"hands":[],"id":74637,"interactionBox":{"center":[0,200,0],"size":[235.247,235.247,147.751]},"pointables":[],"r":[[-0.962136,-0.269906,0.0380192],[0.215739,-0.839331,-0.498979],[0.166588,-0.471883,0.86578]],"s":0.686793,"t":[505.899,-233.461,348.339],"timestamp":257099391054},{"currentFrameRate":24.1448,"devices":[],"gestures":[],"hands":[],"id":74638,"interactionBox":{"center":[0,200,0],"size":[235.247,235.247,147.751]},"pointables":[],"r":[[-0.962136,-0.269906,0.0380192],[0.215739,-0.839331,-0.498979],[0.166588,-0.471883,0.86578]],"s":0.686793,"t":[505.899,-233.461,348.339],"timestamp":257099432339},{"currentFrameRate":24.143,"devices":[],"gestures":[],"hands":[],"id":74639,"interactionBox":{"center":[0,200,0],"size":[235.247,235.247,147.751]},"pointables":[],"r":[[-0.962136,-0.269906,0.0380192],[0.215739,-0.839331,-0.498979],[0.166588,-0.471883,0.86578]],"s":0.686793,"t":[505.899,-233.461,348.339],"timestamp":257099473772},{"currentFrameRate":24.1625,"devices":[],"gestures":[],"hands":[],"id":74640,"interactionBox":{"center":[0,200,0],"size":[235.247,235.247,147.751]},"pointables":[],"r":[[-0.962136,-0.269906,0.0380192],[0.215739,-0.839331,-0.498979],[0.166588,-0.471883,0.86578]],"s":0.686793,"t":[505.899,-233.461,348.339],"timestamp":257099515013},{"currentFrameRate":24.1488,"devices":[],"gestures":[],"hands":[],"id":74641,"interactionBox":{"center":[0,200,0],"size":[235.247,235.247,147.751]},"pointables":[],"r":[[-0.962136,-0.269906,0.0380192],[0.215739,-0.839331,-0.498979],[0.166588,-0.471883,0.86578]],"s":0.686793,"t":[505.899,-233.461,348.339],"timestamp":257099556525},{"currentFrameRate":24.1617,"devices":[],"gestures":[],"hands":[{"armBasis":[[0.861996,-0.0320925,-0.505898],[0.165224,0.961281,0.220544],[0.479232,-0.273695,0.833923]],"armWidth":62.1011,"confidence":0,"direction":[-0.307122,0.465005,-0.830329],"elbow":[267.697,88.6577,342.177],"grabAngle":3.14159,"grabStrength":1,"id":103,"palmNormal":[-0.236107,-0.882449,-0.406862],"palmPosition":[109.239,189.803,62.4914],"palmVelocity":[1.19209e-7,1.19209e-7,1.19209e-7],"palmWidth":88.6782,"pinchDistance":11.2651,"pinchStrength":0.673369,"r":[[1,-5.55112e-18,-1.11022e-17],[5.55112e-18,1,1.11022e-17],[1.11022e-17,-1.11022e-17,1]],"s":1,"sphereCenter":[101.66,161.262,33.5682],"sphereRadius":35.9701,"stabilizedPalmPosition":[109.239,189.803,62.4914],"t":[0,0,0],"timeVisible":0,"type":"right","wrist":[141.591,160.678,122.738]}],"id":74642,"interactionBox":{"center":[0,200,0],"size":[235.247,235.247,147.751]},"pointables":[{"bases":[[[0.522227,0.851418,0.0486473],[-0.516503,0.270381,0.812477],[0.678603,-0.449424,0.580961]],[[0.296733,0.946563,-0.126366],[-0.680369,0.302406,0.66757],[0.67011,-0.112115,0.733745]],[[0.296733,0.946563,-0.126366],[-0.877878,0.322466,0.354043],[0.375873,0.00587725,0.926653]],[[0.296733,0.946563,-0.126366],[-0.951408,0.304433,0.0462958],[0.0822917,0.106488,0.990903]]],"btipPosition":[59.2025,162.484,25.0512],"carpPosition":[106.17,159.654,114.141],"dipPosition":[61.0795,164.913,47.6527],"direction":[-0.375873,-0.00587725,-0.926653],"extended":false,"handId":103,"id":1030,"length":50.7922,"mcpPosition":[106.17,159.654,114.141],"pipPosition":[73.5695,165.109,78.4447],"stabilizedTipPosition":[59.6342,163.043,30.2495],"timeVisible":0,"tipPosition":[59.6342,163.043,30.2495],"tipVelocity":[1.19209e-7,1.19209e-7,1.19209e-7],"tool":false,"touchDistance":1,"touchZone":"none","type":0,"width":19.7355},{"bases":[[[0.857262,0.00799449,-0.514818],[0.165621,0.942457,0.290423],[0.487516,-0.334233,0.806608]],[[0.941972,-0.0639875,-0.329536],[-0.236393,0.570543,-0.78651],[0.238342,0.818771,0.52231]],[[0.941972,-0.0639875,-0.329536],[-0.267803,-0.735154,-0.62276],[-0.202411,0.674874,-0.709631]],[[0.941972,-0.0639875,-0.329536],[-0.11322,-0.984704,-0.132433],[-0.316022,0.162058,-0.934809]]],"btipPosition":[79.8087,151.847,62.8204],"carpPosition":[114.713,180.761,110.242],"dipPosition":[74.5465,154.546,47.2544],"direction":[0.202411,-0.674874,0.709631],"extended":false,"handId":103,"id":1031,"length":57.3134,"mcpPosition":[79.758,204.726,52.4077],"pipPosition":[69.7785,170.443,30.5382],"stabilizedTipPosition":[78.5984,152.468,59.2402],"timeVisible":0,"tipPosition":[78.5984,152.468,59.2402],"tipVelocity":[1.19209e-7,1.19209e-7,1.19209e-7],"tool":false,"touchDistance":0.333333,"touchZone":"none","type":1,"width":18.8514},{"bases":[[[0.874366,-0.198019,-0.443026],[0.31883,0.922673,0.216844],[0.365829,-0.330851,0.869889]],[[0.89473,-0.217502,-0.390067],[-0.264334,0.446085,-0.855064],[0.359981,0.868159,0.341633]],[[0.89473,-0.217502,-0.390067],[-0.39621,-0.789621,-0.468526],[-0.206099,0.573752,-0.792673]],[[0.89473,-0.217502,-0.390067],[-0.196624,-0.976037,0.0932265],[-0.400996,-0.00671617,-0.916055]]],"btipPosition":[96.1557,148.548,67.6973],"carpPosition":[124.885,182.612,104.149],"dipPosition":[88.8116,148.425,50.9202],"direction":[0.206099,-0.573752,0.792673],"extended":false,"handId":103,"id":1032,"length":65.304,"mcpPosition":[100.01,205.108,45.0006],"pipPosition":[83.0998,164.326,28.9521],"stabilizedTipPosition":[94.4665,148.519,63.8386],"timeVisible":0,"tipPosition":[94.4665,148.519,63.8386],"tipVelocity":[1.19209e-7,1.19209e-7,1.19209e-7],"tool":false,"touchDistance":0.333333,"touchZone":"none","type":2,"width":18.5145},{"bases":[[[0.892132,-0.313536,-0.325263],[0.391984,0.895151,0.212257],[0.224609,-0.31686,0.921494]],[[0.903995,-0.331972,-0.269422],[-0.106377,0.4357,-0.893784],[0.414098,0.836636,0.358556]],[[0.903995,-0.331972,-0.269422],[-0.42322,-0.784215,-0.453753],[-0.0606512,0.524215,-0.849423]],[[0.903995,-0.331972,-0.269422],[-0.311415,-0.943034,0.117078],[-0.29294,-0.0219357,-0.955879]]],"btipPosition":[110.517,150.486,66.8353],"carpPosition":[135.289,181.327,98.3655],"dipPosition":[105.183,150.087,49.4294],"direction":[0.0606511,-0.524215,0.849423],"extended":false,"handId":103,"id":1033,"length":62.7915,"mcpPosition":[121.577,200.67,42.1097],"pipPosition":[103.546,164.24,26.4965],"stabilizedTipPosition":[109.291,150.394,62.8319],"timeVisible":0,"tipPosition":[109.291,150.394,62.8319],"tipVelocity":[1.19209e-7,1.19209e-7,1.19209e-7],"tool":false,"touchDistance":0.333333,"touchZone":"none","type":3,"width":17.6178},{"bases":[[[0.835019,-0.491668,-0.246994],[0.544265,0.803953,0.239655],[0.080741,-0.334547,0.938914]],[[0.83396,-0.487506,-0.25855],[0.00468298,0.474771,-0.880097],[0.551805,0.732755,0.398224]],[[0.83396,-0.487506,-0.25855],[-0.549027,-0.685906,-0.477601],[0.0554927,0.540251,-0.839672]],[[0.83396,-0.487506,-0.25855],[-0.480349,-0.871948,0.0947133],[-0.271615,0.045207,-0.961344]]],"btipPosition":[124.874,155.612,58.2567],"carpPosition":[144.947,173.015,92.8845],"dipPosition":[120.311,156.371,42.1073],"direction":[-0.0554927,-0.540251,0.839672],"extended":false,"handId":103,"id":1034,"length":49.2274,"mcpPosition":[140.384,191.921,39.8246],"pipPosition":[121.369,166.67,26.1015],"stabilizedTipPosition":[123.824,155.787,54.5424],"timeVisible":0,"tipPosition":[123.824,155.787,54.5424],"tipVelocity":[1.19209e-7,1.19209e-7,1.19209e-7],"tool":false,"touchDistance":0.333333,"touchZone":"none","type":4,"width":15.6495}],"r":[[1,-5.55112e-18,-1.11022e-17],[5.55112e-18,1,1.11022e-17],[1.11022e-17,-1.11022e-17,1]],"s":1,"t":[0,0,0],"timestamp":257099597817},{"currentFrameRate":24.1748,"devices":[],"gestures":[],"hands":[{"armBasis":[[0.879355,0.167905,-0.445582],[0.0514951,0.896747,0.439538],[0.473374,-0.409455,0.779912]],"armWidth":65.5845,"confidence":0.214039,"direction":[-0.228326,0.550324,-0.803125],"elbow":[264.388,58.6499,333.331],"grabAngle":2.54141,"grabStrength":1,"id":103,"palmNormal":[-0.0815685,-0.832828,-0.547488],"palmPosition":[112.795,201.614,68.4467],"palmVelocity":[86.1843,286.183,144.307],"palmWidth":88.6782,"pinchDistance":36.0129,"pinchStrength":0.682985,"r":[[0.999353,0.016537,0.0319291],[-0.0173526,0.999526,0.0254373],[-0.0314933,-0.0259749,0.999166]],"s":1.01973,"sphereCenter":[117.081,176.911,24.4823],"sphereRadius":45.9308,"stabilizedPalmPosition":[110.946,195.473,65.3501],"t":[1.77833,5.90509,2.97763],"timeVisible":0.041268,"type":"right","wrist":[139.824,166.394,128.105]}],"id":74643,"interactionBox":{"center":[0,200,0],"size":[235.247,235.247,147.751]},"pointables":[{"bases":[[[0.418794,0.876232,0.238391],[-0.655194,0.109798,0.747439],[0.628755,-0.469215,0.620084]],[[0.338317,0.92727,0.160348],[-0.633537,0.0984407,0.767424],[0.695825,-0.361219,0.620765]],[[0.338317,0.92727,0.160348],[-0.833303,0.216039,0.508855],[0.437205,-0.305773,0.845787]],[[0.338317,0.92727,0.160348],[-0.938047,0.318748,0.135897],[0.0749022,-0.19639,0.977661]]],"btipPosition":[56.3534,195.539,37.6239],"carpPosition":[105.311,164.345,114.719],"dipPosition":[57.9429,191.371,58.3708],"direction":[-0.437205,0.305773,-0.845787],"extended":true,"handId":103,"id":1030,"length":47.2559,"mcpPosition":[105.311,164.345,114.719],"pipPosition":[71.4594,181.918,84.5189],"stabilizedTipPosition":[56.9121,192.491,41.591],"timeVisible":0.041268,"tipPosition":[59.703,190.757,39.0009],"tipVelocity":[-70.6408,764.207,294.323],"tool":false,"touchDistance":1,"touchZone":"none","type":0,"width":21.3285},{"bases":[[[0.957724,-0.189977,-0.216042],[0.262152,0.885608,0.383373],[0.118497,-0.423801,0.897971]],[[0.964038,-0.222357,-0.145559],[0.221036,0.974935,-0.0253953],[0.147558,-0.00769181,0.989024]],[[0.964038,-0.222357,-0.145559],[-0.114536,0.146615,-0.98254],[0.239816,0.963878,0.115874]],[[0.964038,-0.222357,-0.145559],[-0.235288,-0.45943,-0.856483],[0.123571,0.859931,-0.495227]]],"btipPosition":[112.707,177.753,17.2399],"carpPosition":[134.037,190.349,106.648],"dipPosition":[114.801,192.322,8.85002],"direction":[-0.239816,-0.963878,-0.115874],"extended":false,"handId":103,"id":1033,"length":58.4197,"mcpPosition":[126.802,216.221,51.8286],"pipPosition":[120.825,216.533,11.7606],"stabilizedTipPosition":[111.32,166.384,38.0884],"timeVisible":0.041268,"tipPosition":[113.485,179.618,19.2253],"tipVelocity":[94.4598,744.16,-1151.54],"tool":false,"touchDistance":-0.441159,"touchZone":"touching","type":3,"width":19.0398},{"bases":[[[0.908433,-0.381449,-0.171014],[0.417354,0.804334,0.422921],[-0.0237703,-0.455569,0.889883]],[[0.908203,-0.353132,-0.224644],[0.274645,0.907865,-0.316782],[0.315812,0.226005,0.921512]],[[0.908203,-0.353132,-0.224644],[-0.273486,-0.0944289,-0.95723],[0.316815,0.930796,-0.182337]],[[0.908203,-0.353132,-0.224644],[-0.38702,-0.504281,-0.771957],[0.159319,0.788035,-0.594658]]],"btipPosition":[128.308,173.392,34.4628],"carpPosition":[145.199,183.717,101.769],"dipPosition":[130.798,185.708,25.1688],"direction":[-0.316815,-0.930796,0.182337],"extended":false,"handId":103,"id":1034,"length":45.8,"mcpPosition":[146.542,209.462,51.4802],"pipPosition":[136.417,202.216,21.9351],"stabilizedTipPosition":[127.107,169.055,40.1192],"timeVisible":0.041268,"tipPosition":[129.536,174.921,38.1993],"tipVelocity":[122.533,495.255,-538.362],"tool":false,"touchDistance":0.333333,"touchZone":"none","type":4,"width":16.9127},{"bases":[[[0.918053,0.151052,-0.366555],[0.0231134,0.902609,0.429841],[0.395784,-0.403089,0.825151]],[[0.996773,0.0122532,-0.0793285],[-0.0182839,0.996959,-0.0757479],[0.0781591,0.0769539,0.993966]],[[0.996773,0.0122532,-0.0793285],[-0.0800242,0.074534,-0.994002],[-0.006267,0.997143,0.075274]],[[0.996773,0.0122532,-0.0793285],[-0.0644553,-0.466828,-0.881996],[-0.04784,0.884263,-0.464532]]],"btipPosition":[81.5659,176.774,22.5915],"carpPosition":[112.11,186.423,114.929],"dipPosition":[80.8247,190.473,15.3949],"direction":[0.006267,-0.997143,-0.075274],"extended":false,"handId":103,"id":1031,"length":53.323,"mcpPosition":[83.7321,215.324,55.7653],"pipPosition":[80.6874,212.327,17.0447],"stabilizedTipPosition":[80.1647,167.843,37.7905],"timeVisible":0.041268,"tipPosition":[82.1341,177.648,25.5296],"tipVelocity":[67.7761,665.325,-928.175],"tool":false,"touchDistance":-0.302892,"touchZone":"touching","type":1,"width":20.373},{"bases":[[[0.945602,-0.0608962,-0.319575],[0.186672,0.906083,0.379694],[0.266439,-0.418695,0.868162]],[[0.963223,-0.0927665,-0.252184],[0.0922319,0.99564,-0.0139669],[0.25238,-0.00980613,0.967579]],[[0.963223,-0.0927665,-0.252184],[-0.238672,0.135777,-0.961561],[0.123441,0.986387,0.108643]],[[0.963223,-0.0927665,-0.252184],[-0.265427,-0.474637,-0.839207],[-0.0418456,0.875279,-0.481804]]],"btipPosition":[91.2029,178.495,14.906],"carpPosition":[122.82,189.945,110.817],"dipPosition":[90.4899,193.409,6.69639],"direction":[-0.123441,-0.986387,-0.108643],"extended":false,"handId":103,"id":1032,"length":60.7573,"mcpPosition":[104.703,218.414,51.7858],"pipPosition":[93.6727,218.843,9.49766],"stabilizedTipPosition":[92.6634,166.093,37.1035],"timeVisible":0.041268,"tipPosition":[91.8509,180.31,16.5565],"tipVelocity":[-83.0578,809.489,-1231.48],"tool":false,"touchDistance":-0.490645,"touchZone":"touching","type":2,"width":20.009}],"r":[[0.999353,0.016537,0.0319291],[-0.0173526,0.999526,0.0254373],[-0.0314933,-0.0259749,0.999166]],"s":1.01973,"t":[1.77833,5.90509,2.97763],"timestamp":257099639085},{"currentFrameRate":25.2652,"devices":[],"gestures":[],"hands":[{"armBasis":[[0.88417,0.262158,-0.386674],[0.0173133,0.808746,0.587904],[0.466844,-0.526501,0.71053]],"armWidth":65.5845,"confidence":0.366151,"direction":[-0.175895,0.652193,-0.737364],"elbow":[260.575,32.1549,319.29],"grabAngle":1.78321,"grabStrength":0.996364,"id":103,"palmNormal":[-0.0334431,-0.752569,-0.657664],"palmPosition":[114.17,213.744,76.4556],"palmVelocity":[43.4846,383.641,253.294],"palmWidth":88.6782,"pinchDistance":50.5048,"pinchStrength":0.253707,"r":[[0.996954,0.0283772,0.0726525],[-0.0335958,0.996864,0.0716457],[-0.0703916,-0.0738682,0.994781]],"s":1.13329,"sphereCenter":[126.458,208.238,29.7632],"sphereRadius":53.5402,"stabilizedPalmPosition":[113.108,207.726,72.7978],"t":[3.35496,14.9228,8.4709],"timeVisible":0.072887,"type":"right","wrist":[137.73,170.699,132.321]}],"id":74644,"interactionBox":{"center":[0,200,0],"size":[235.247,235.247,147.751]},"pointables":[{"bases":[[[0.391484,0.837008,0.382305],[-0.708187,0.00877892,0.70597],[0.587547,-0.54712,0.596195]],[[0.356954,0.867164,0.347291],[-0.639622,-0.0440576,0.767426],[0.680785,-0.496071,0.53893]],[[0.356954,0.867164,0.347291],[-0.780152,0.0722709,0.621402],[0.513758,-0.492752,0.702317]],[[0.356954,0.867164,0.347291],[-0.87924,0.186341,0.438422],[0.315469,-0.461849,0.82896]]],"btipPosition":[48.0796,219.808,51.1832],"carpPosition":[103.777,170.64,116.706],"dipPosition":[54.7741,210.007,68.7745],"direction":[-0.513758,0.492752,-0.702317],"extended":true,"handId":103,"id":1030,"length":47.2559,"mcpPosition":[103.777,170.64,116.706],"pipPosition":[70.6573,194.773,90.4871],"stabilizedTipPosition":[50.4391,214.736,53.696],"timeVisible":0.072887,"tipPosition":[55.1298,213.292,49.9796],"tipVelocity":[-224.538,726.569,405.878],"tool":false,"touchDistance":1,"touchZone":"none","type":0,"width":21.3285},{"bases":[[[0.972671,-0.158771,-0.16942],[0.224766,0.826873,0.515521],[0.0582387,-0.539512,0.839961]],[[0.974307,-0.198499,-0.106412],[0.224347,0.813748,0.536174],[-0.0198373,-0.546272,0.837373]],[[0.974307,-0.198499,-0.106412],[0.116592,0.848766,-0.515754],[0.192696,0.490096,0.850103]],[[0.974307,-0.198499,-0.106412],[-0.0157178,0.411396,-0.911321],[0.224674,0.889579,0.397706]]],"btipPosition":[121.337,225.195,0.967118],"carpPosition":[132.735,197.509,114.261],"dipPosition":[125.143,240.266,7.70485],"direction":[-0.192696,-0.490096,-0.850103],"extended":false,"handId":103,"id":1033,"length":58.4197,"mcpPosition":[129.18,230.446,62.9824],"pipPosition":[129.983,252.576,29.0581],"stabilizedTipPosition":[119.086,210.788,12.7258],"timeVisible":0.072887,"tipPosition":[121.561,223.204,6.57226],"tipVelocity":[285.38,1504.07,-404.612],"tool":false,"touchDistance":-0.617278,"touchZone":"touching","type":3,"width":19.0398},{"bases":[[[0.922276,-0.354573,-0.153899],[0.377572,0.741177,0.555064],[-0.0827441,-0.57003,0.817447]],[[0.913951,-0.394599,-0.0947891],[0.375393,0.733289,0.566893],[-0.154188,-0.553696,0.81832]],[[0.913951,-0.394599,-0.0947891],[0.333077,0.862808,-0.380293],[0.231848,0.315997,0.919996]],[[0.913951,-0.394599,-0.0947891],[0.133538,0.512984,-0.847948],[0.383225,0.762325,0.521536]]],"btipPosition":[143.805,224.041,12.4664],"carpPosition":[144.287,191.594,109.366],"dipPosition":[149.795,235.956,20.6176],"direction":[-0.231848,-0.315997,-0.919996],"extended":false,"handId":103,"id":1034,"length":45.8,"mcpPosition":[148.963,223.808,63.1701],"pipPosition":[153.906,241.56,36.9335],"stabilizedTipPosition":[141.19,214.031,20.0353],"timeVisible":0.072887,"tipPosition":[143.639,222.17,18.2287],"tipVelocity":[515.57,1598.95,-568.772],"tool":false,"touchDistance":0.333333,"touchZone":"hovering","type":4,"width":16.9127},{"bases":[[[0.940341,0.199232,-0.2758],[-0.017153,0.837349,0.5464],[0.339802,-0.509071,0.79081]],[[0.990217,0.0899131,-0.106705],[-0.0251497,0.867192,0.497338],[0.137251,-0.489789,0.86097]],[[0.990217,0.0899131,-0.106705],[-0.139177,0.69124,-0.709096],[0.0100015,0.71701,0.696991]],[[0.990217,0.0899131,-0.106705],[-0.120166,0.160793,-0.979646],[-0.0709256,0.982884,0.170025]]],"btipPosition":[81.4824,217.138,12.1864],"carpPosition":[110.313,192.498,120.337],"dipPosition":[80.3836,232.365,14.8204],"direction":[-0.0100015,-0.71701,-0.696991],"extended":false,"handId":103,"id":1031,"length":53.323,"mcpPosition":[85.9495,228.999,63.6354],"pipPosition":[80.6028,248.079,30.0958],"stabilizedTipPosition":[80.9662,207.574,18.9786],"timeVisible":0.072887,"tipPosition":[82.69,214.229,16.8602],"tipVelocity":[-5.24043,1287.68,-257.571],"tool":false,"touchDistance":-0.423098,"touchZone":"touching","type":1,"width":20.373},{"bases":[[[0.966658,-0.0170629,-0.255503],[0.149534,0.847597,0.509136],[0.207876,-0.530367,0.821887]],[[0.981388,-0.0644835,-0.180885],[0.148947,0.850144,0.505044],[0.121211,-0.522586,0.843926]],[[0.981388,-0.0644835,-0.180885],[-0.0588408,0.795657,-0.602883],[0.182798,0.602306,0.777054]],[[0.981388,-0.0644835,-0.180885],[-0.155566,0.285302,-0.945728],[0.112591,0.956266,0.269961]]],"btipPosition":[95.189,223.623,0.110971],"carpPosition":[121.253,196.545,117.515],"dipPosition":[97.1075,239.917,4.71094],"direction":[-0.182798,-0.602306,-0.777054],"extended":false,"handId":103,"id":1032,"length":60.7573,"mcpPosition":[107.118,232.607,61.6307],"pipPosition":[101.821,255.447,24.7468],"stabilizedTipPosition":[94.7925,210.066,11.3165],"timeVisible":0.072887,"tipPosition":[95.9611,221.581,5.25349],"tipVelocity":[145.21,1437.27,-374.739],"tool":false,"touchDistance":-0.647646,"touchZone":"touching","type":2,"width":20.009}],"r":[[0.996954,0.0283772,0.0726525],[-0.0335958,0.996864,0.0716457],[-0.0703916,-0.0738682,0.994781]],"s":1.13329,"t":[3.35496,14.9228,8.4709],"timestamp":257099670704},{"currentFrameRate":28.84,"devices":[],"gestures":[],"hands":[{"armBasis":[[0.903323,0.21328,-0.372181],[0.0869154,0.758635,0.645693],[0.420063,-0.615617,0.666755]],"armWidth":65.5845,"confidence":0.413418,"direction":[-0.151725,0.751643,-0.641882],"elbow":[248.102,9.43274,307.609],"grabAngle":1.61117,"grabStrength":0.64869,"id":103,"palmNormal":[-0.109668,-0.658193,-0.744819],"palmPosition":[115.734,222.454,82.6625],"palmVelocity":[147.745,822.961,586.445],"palmWidth":88.6782,"pinchDistance":52.4311,"pinchStrength":0.203833,"r":[[0.994974,0.0208317,0.0979403],[-0.0338477,0.990514,0.133178],[-0.0942369,-0.135824,0.986241]],"s":1.22778,"sphereCenter":[117.388,205.457,25.3944],"sphereRadius":61.952,"stabilizedPalmPosition":[114.242,214.086,77.0574],"t":[4.92514,23.7868,14.321],"timeVisible":0.083471,"type":"right","wrist":[137.567,171.426,132.159]}],"id":74645,"interactionBox":{"center":[0,200,0],"size":[235.247,235.247,147.751]},"pointables":[{"bases":[[[0.463767,0.752523,0.467579],[-0.682307,-0.0332819,0.730308],[0.565135,-0.657725,0.498017]],[[0.370601,0.845346,0.384767],[-0.62583,-0.078823,0.775966],[0.686288,-0.528372,0.499831]],[[0.370601,0.845346,0.384767],[-0.760275,0.0381436,0.648481],[0.533514,-0.532856,0.656831]],[[0.370601,0.845346,0.384767],[-0.852542,0.145231,0.502076],[0.368548,-0.514099,0.774515]]],"btipPosition":[45.8353,228.454,56.5321],"carpPosition":[103.538,175.366,117.591],"dipPosition":[53.6563,217.544,72.9681],"direction":[-0.533514,0.532856,-0.656831],"extended":true,"handId":103,"id":1030,"length":47.2559,"mcpPosition":[103.538,175.366,117.591],"pipPosition":[70.1503,201.071,93.2745],"stabilizedTipPosition":[48.9951,220.506,57.1021],"timeVisible":0.083471,"tipPosition":[52.7686,228.084,59.3914],"tipVelocity":[-187.562,792.809,480.277],"tool":false,"touchDistance":1,"touchZone":"none","type":0,"width":21.3285},{"bases":[[[0.952458,-0.201826,-0.228234],[0.301177,0.736834,0.605283],[0.0460086,-0.645245,0.762589]],[[0.953565,-0.230992,-0.193279],[0.2996,0.793273,0.530054],[0.0308845,-0.563348,0.825643]],[[0.953565,-0.230992,-0.193279],[0.172039,0.944466,-0.279977],[0.247218,0.233725,0.940349]],[[0.953565,-0.230992,-0.193279],[0.010717,0.667338,-0.744678],[0.300997,0.708027,0.638826]]],"btipPosition":[118.916,244.635,2.88478],"carpPosition":[134.285,200.287,117.331],"dipPosition":[124.015,256.63,13.7074],"direction":[-0.247218,-0.233725,-0.940349],"extended":false,"handId":103,"id":1033,"length":58.4197,"mcpPosition":[131.476,239.678,70.7765],"pipPosition":[130.225,262.501,37.3275],"stabilizedTipPosition":[119.492,225.617,9.74761],"timeVisible":0.083471,"tipPosition":[121.1,242.34,11.6668],"tipVelocity":[-200.653,1769.88,269.954],"tool":false,"touchDistance":-0.541026,"touchZone":"touching","type":3,"width":19.0398},{"bases":[[[0.888438,-0.394103,-0.23529],[0.448526,0.636553,0.627395],[-0.0974835,-0.662935,0.742303]],[[0.879397,-0.439689,-0.182575],[0.460767,0.68952,0.558799],[-0.119809,-0.575531,0.808956]],[[0.879397,-0.439689,-0.182575],[0.409606,0.894212,-0.180577],[0.242659,0.0840149,0.966467]],[[0.879397,-0.439689,-0.182575],[0.216001,0.710227,-0.670016],[0.424269,0.549774,0.719545]]],"btipPosition":[143.624,240.106,14.9868],"carpPosition":[145.209,194.272,111.258],"dipPosition":[150.255,248.698,26.2328],"direction":[-0.242659,-0.0840149,-0.966467],"extended":true,"handId":103,"id":1034,"length":45.8,"mcpPosition":[150.718,231.736,69.3092],"pipPosition":[154.559,250.188,43.3728],"stabilizedTipPosition":[142.985,226.75,18.919],"timeVisible":0.083471,"tipPosition":[144.107,237.465,23.2553],"tipVelocity":[-3.14177,1445.6,305.385],"tool":false,"touchDistance":0.381816,"touchZone":"hovering","type":4,"width":16.9127},{"bases":[[[0.9429,0.168211,-0.287481],[0.0618011,0.759765,0.647254],[0.327293,-0.628062,0.705987]],[[0.98128,0.0722605,-0.178516],[0.0166756,0.891578,0.45256],[0.191863,-0.447065,0.873683]],[[0.98128,0.0722605,-0.178516],[-0.15384,0.851744,-0.500864],[0.115857,0.518951,0.846916]],[[0.98128,0.0722605,-0.178516],[-0.192557,0.384237,-0.902931],[0.00334625,0.920402,0.390958]]],"btipPosition":[78.2346,232.898,14.3854],"carpPosition":[111.767,196.082,123.658],"dipPosition":[78.2864,247.157,20.4422],"direction":[-0.115857,-0.518951,-0.846916],"extended":false,"handId":103,"id":1031,"length":53.323,"mcpPosition":[88.2998,241.114,73.0383],"pipPosition":[80.8256,258.53,39.0034],"stabilizedTipPosition":[79.7883,219.962,17.5926],"timeVisible":0.083471,"tipPosition":[81.0247,233.885,21.8441],"tipVelocity":[-281.858,1468.02,282.151],"tool":false,"touchDistance":-0.364328,"touchZone":"touching","type":1,"width":20.373},{"bases":[[[0.954006,-0.0501915,-0.295557],[0.22749,0.763292,0.604676],[0.195247,-0.644101,0.739603]],[[0.963411,-0.0860394,-0.253844],[0.206234,0.842871,0.497028],[0.171194,-0.531193,0.829775]],[[0.963411,-0.0860394,-0.253844],[-0.00791594,0.93753,-0.347815],[0.267912,0.337098,0.902545]],[[0.963411,-0.0860394,-0.253844],[-0.147463,0.620707,-0.770051],[0.223817,0.779308,0.585308]]],"btipPosition":[91.3953,244.741,1.11363],"carpPosition":[122.875,199.7,120.914],"dipPosition":[95.2091,258.02,11.0869],"direction":[-0.267912,-0.337098,-0.902545],"extended":false,"handId":103,"id":1032,"length":60.7573,"mcpPosition":[109.599,243.496,70.6239],"pipPosition":[102.117,266.712,34.3585],"stabilizedTipPosition":[93.7573,225.565,8.06758],"timeVisible":0.083471,"tipPosition":[94.5886,243.096,10.1726],"tipVelocity":[-317.251,1929.8,211.501],"tool":false,"touchDistance":-0.577637,"touchZone":"touching","type":2,"width":20.009}],"r":[[0.994974,0.0208317,0.0979403],[-0.0338477,0.990514,0.133178],[-0.0942369,-0.135824,0.986241]],"s":1.22778,"t":[4.92514,23.7868,14.321],"timestamp":257099681288},{"currentFrameRate":32.2073,"devices":[],"gestures":[],"hands":[{"armBasis":[[0.915562,0.179581,-0.359856],[0.136394,0.703097,0.697891],[0.378342,-0.688045,0.619235]],"armWidth":65.5845,"confidence":0.459149,"direction":[-0.126973,0.823025,-0.553632],"elbow":[236.811,-8.35373,295.358],"grabAngle":1.32551,"grabStrength":0.44611,"id":103,"palmNormal":[-0.161097,-0.567849,-0.807214],"palmPosition":[117.246,229.601,88.9181],"palmVelocity":[140.951,666.322,583.22],"palmWidth":88.6782,"pinchDistance":58.2532,"pinchStrength":0.0422277,"r":[[0.993662,0.00158677,0.112395],[-0.0245429,0.978838,0.203159],[-0.109694,-0.20463,0.972673]],"s":1.30566,"sphereCenter":[112.595,207.781,20.624],"sphereRadius":73.415,"stabilizedPalmPosition":[115.466,220.408,81.8902],"t":[6.46615,31.7923,20.3739],"timeVisible":0.094197,"type":"right","wrist":[137.254,172.698,132.412]}],"id":74646,"interactionBox":{"center":[0,200,0],"size":[235.247,235.247,147.751]},"pointables":[{"bases":[[[0.513154,0.673853,0.531597],[-0.666084,-0.0779559,0.741792],[0.5413,-0.734741,0.408839]],[[0.391556,0.80992,0.436709],[-0.610107,-0.12676,0.782114],[0.688806,-0.57268,0.444504]],[[0.391556,0.80992,0.436709],[-0.757376,0.0141497,0.652826],[0.522557,-0.58637,0.618954]],[[0.391556,0.80992,0.436709],[-0.828774,0.104223,0.549792],[0.399773,-0.577207,0.712049]]],"btipPosition":[45.2637,237.923,63.0989],"carpPosition":[103.413,179.685,118.97],"dipPosition":[53.7473,225.674,78.2093],"direction":[-0.522557,0.58637,-0.618954],"extended":true,"handId":103,"id":1030,"length":47.2559,"mcpPosition":[103.413,179.685,118.97],"pipPosition":[69.9025,207.546,97.3447],"stabilizedTipPosition":[48.102,227.831,61.8544],"timeVisible":0.094197,"tipPosition":[52.4529,239.425,67.7926],"tipVelocity":[-39.0839,854.042,583.807],"tool":false,"touchDistance":1,"touchZone":"none","type":0,"width":21.3285},{"bases":[[[0.935079,-0.222979,-0.275513],[0.353186,0.651488,0.671434],[0.0297783,-0.725151,0.687946]],[[0.935344,-0.230712,-0.268149],[0.347416,0.741828,0.57358],[0.0665882,-0.629653,0.774017]],[[0.935344,-0.230712,-0.268149],[0.231052,0.972455,-0.030745],[0.267856,-0.0331991,0.962887]],[[0.935344,-0.230712,-0.268149],[0.0956618,0.894767,-0.436165],[0.340559,0.382313,0.858986]]],"btipPosition":[118.393,267.071,8.39246],"carpPosition":[135.407,202.935,120.487],"dipPosition":[124.163,273.548,22.945],"direction":[-0.267856,0.0331991,-0.962887],"extended":true,"handId":103,"id":1033,"length":58.4197,"mcpPosition":[133.589,247.205,78.4887],"pipPosition":[130.891,272.714,47.1312],"stabilizedTipPosition":[119.597,245.26,10.6587],"timeVisible":0.094197,"tipPosition":[121.28,260.485,17.5962],"tipVelocity":[-34.3268,1973.38,593.468],"tool":false,"touchDistance":-0.419773,"touchZone":"touching","type":3,"width":19.0398},{"bases":[[[0.860944,-0.409967,-0.301167],[0.495559,0.542234,0.67853],[-0.114872,-0.733423,0.669996]],[[0.85522,-0.441073,-0.272128],[0.512515,0.641759,0.570503],[-0.0769929,-0.627375,0.774902]],[[0.85522,-0.441073,-0.272128],[0.446479,0.893647,-0.045296],[0.263165,-0.0827614,0.961194]],[[0.85522,-0.441073,-0.272128],[0.291814,0.843747,-0.450483],[0.428303,0.305851,0.850301]]],"btipPosition":[143.457,255.326,20.455],"carpPosition":[145.858,197.077,113.498],"dipPosition":[150.151,260.106,33.7446],"direction":[-0.263165,0.0827614,-0.961194],"extended":true,"handId":103,"id":1034,"length":45.8,"mcpPosition":[152.35,238.524,75.6356],"pipPosition":[154.818,258.638,50.7911],"stabilizedTipPosition":[143.966,241.216,21.1577],"timeVisible":0.094197,"tipPosition":[144.989,250.625,29.5019],"tipVelocity":[-14.2581,1337.24,553.626],"tool":false,"touchDistance":0.466041,"touchZone":"hovering","type":4,"width":16.9127},{"bases":[[[0.943523,0.151305,-0.294738],[0.116369,0.68159,0.722422],[0.310196,-0.71592,0.625489]],[[0.979534,0.0415106,-0.19695],[0.0776436,0.824839,0.56001],[0.185699,-0.563841,0.804735]],[[0.979534,0.0415106,-0.19695],[-0.0654531,0.991013,-0.116659],[0.190338,0.127163,0.973448]],[[0.979534,0.0415106,-0.19695],[-0.158872,0.760235,-0.629922],[0.12358,0.64832,0.751271]]],"btipPosition":[77.2904,259.66,17.7998],"carpPosition":[112.852,199.194,126.97],"dipPosition":[79.2049,269.704,29.4386],"direction":[-0.190338,-0.127163,-0.973448],"extended":false,"handId":103,"id":1031,"length":53.323,"mcpPosition":[90.6104,250.526,82.1219],"pipPosition":[83.3764,272.49,50.7729],"stabilizedTipPosition":[78.7694,240.764,19.0208],"timeVisible":0.094197,"tipPosition":[80.0747,254.607,26.3698],"tipVelocity":[-48.0877,2404.67,438.026],"tool":false,"touchDistance":-0.285754,"touchZone":"touching","type":1,"width":20.373},{"bases":[[[0.943002,-0.0652362,-0.32633],[0.28099,0.681474,0.67575],[0.178302,-0.728929,0.660962]],[[0.950201,-0.0986732,-0.295603],[0.261568,0.768168,0.58438],[0.16941,-0.632599,0.755724]],[[0.950201,-0.0986732,-0.295603],[0.10051,0.994895,-0.0090142],[0.294984,-0.0211458,0.955268]],[[0.950201,-0.0986732,-0.295603],[-0.0439423,0.89665,-0.440554],[0.308524,0.431605,0.847662]]],"btipPosition":[91.6766,272.934,7.26418],"carpPosition":[124.067,202.532,124.31],"dipPosition":[96.9337,280.289,21.7078],"direction":[-0.294984,0.0211458,-0.955268],"extended":true,"handId":103,"id":1032,"length":60.7573,"mcpPosition":[111.944,252.096,79.3678],"pipPosition":[104.54,279.744,46.3388],"stabilizedTipPosition":[93.3508,248.445,9.24216],"timeVisible":0.094197,"tipPosition":[94.4306,265.514,15.8689],"tipVelocity":[57.1732,2501.46,669.283],"tool":false,"touchDistance":-0.440526,"touchZone":"touching","type":2,"width":20.009}],"r":[[0.993662,0.00158677,0.112395],[-0.0245429,0.978838,0.203159],[-0.109694,-0.20463,0.972673]],"s":1.30566,"t":[6.46615,31.7923,20.3739],"timestamp":257099692014},{"currentFrameRate":35.4136,"devices":[],"gestures":[],"hands":[{"armBasis":[[0.920333,0.155831,-0.358753],[0.172542,0.661395,0.729921],[0.351022,-0.733671,0.581817]],"armWidth":65.5845,"confidence":0.502183,"direction":[-0.114867,0.863975,-0.490257],"elbow":[230.059,-17.9628,286.538],"grabAngle":1.04074,"grabStrength":0.175253,"id":103,"palmNormal":[-0.198561,-0.503533,-0.840849],"palmPosition":[118.625,235.44,94.4007],"palmVelocity":[129.758,549.363,515.857],"palmWidth":88.6782,"pinchDistance":60.1136,"pinchStrength":0,"r":[[0.992834,-0.0220113,0.11746],[-0.0108913,0.962135,0.272356],[-0.119008,-0.271684,0.955]],"s":1.37089,"sphereCenter":[109.273,206.727,11.1423],"sphereRadius":89.9741,"stabilizedPalmPosition":[116.649,226.036,86.5746],"t":[7.92619,38.7143,26.1415],"timeVisible":0.104825,"type":"right","wrist":[137.691,175.095,133.438]}],"id":74647,"interactionBox":{"center":[0,200,0],"size":[235.247,235.247,147.751]},"pointables":[{"bases":[[[0.546851,0.618657,0.564107],[-0.649706,-0.11138,0.751982],[0.528049,-0.777726,0.341037]],[[0.413829,0.777966,0.472773],[-0.595461,-0.161505,0.786983],[0.688602,-0.607194,0.396413]],[[0.413829,0.777966,0.472773],[-0.754019,0.00192026,0.65685],[0.510099,-0.628303,0.587396]],[[0.413829,0.777966,0.472773],[-0.810234,0.0779803,0.580896],[0.415051,-0.623448,0.662605]]],"btipPosition":[45.9095,246.119,69.6897],"carpPosition":[103.987,183.924,121.196],"dipPosition":[54.7173,232.889,83.7508],"direction":[-0.510099,0.628303,-0.587396],"extended":true,"handId":103,"id":1030,"length":47.2559,"mcpPosition":[103.987,183.924,121.196],"pipPosition":[70.4874,213.464,101.911],"stabilizedTipPosition":[48.024,234.965,67.0347],"timeVisible":0.104825,"tipPosition":[52.9536,247.954,75.4147],"tipVelocity":[67.782,749.95,597.428],"tool":false,"touchDistance":1,"touchZone":"none","type":0,"width":21.3285},{"bases":[[[0.920601,-0.229976,-0.315602],[0.389759,0.591024,0.706243],[0.0241095,-0.773177,0.633732]],[[0.920232,-0.22039,-0.323421],[0.381861,0.686689,0.61858],[0.0857609,-0.692739,0.716071]],[[0.920232,-0.22039,-0.323421],[0.288229,0.940662,0.179103],[0.264757,-0.258036,0.929151]],[[0.920232,-0.22039,-0.323421],[0.187209,0.973578,-0.13076],[0.343694,0.0597821,0.937177]]],"btipPosition":[119.299,286.793,16.5858],"carpPosition":[136.718,206.058,123.5],"dipPosition":[125.122,287.805,32.463],"direction":[-0.264757,0.258036,-0.929151],"extended":true,"handId":103,"id":1033,"length":58.4197,"mcpPosition":[135.246,253.259,84.8118],"pipPosition":[131.772,281.324,55.8018],"stabilizedTipPosition":[120.094,265.193,15.2305],"timeVisible":0.104825,"tipPosition":[121.458,276.436,23.6755],"tipVelocity":[86.3734,1737.39,799.589],"tool":false,"touchDistance":-0.283333,"touchZone":"touching","type":3,"width":19.0398},{"bases":[[[0.840065,-0.412389,-0.352458],[0.52879,0.477413,0.701753],[-0.121127,-0.775894,0.619125]],[[0.838592,-0.421428,-0.345198],[0.542954,0.595029,0.592572],[-0.0443234,-0.684353,0.727802]],[[0.838592,-0.421428,-0.345198],[0.479516,0.871743,0.100642],[0.258511,-0.249926,0.933118]],[[0.838592,-0.421428,-0.345198],[0.365236,0.905101,-0.217702],[0.404185,0.0564845,0.912931]]],"btipPosition":[144.171,269.75,26.6968],"carpPosition":[146.807,200.411,115.836],"dipPosition":[150.488,270.632,40.9652],"direction":[-0.258511,0.249926,-0.933118],"extended":true,"handId":103,"id":1034,"length":45.8,"mcpPosition":[153.652,244.259,80.8483],"pipPosition":[155.073,266.2,57.5138],"stabilizedTipPosition":[144.797,255.626,25.581],"timeVisible":0.104825,"tipPosition":[145.555,261.949,34.6711],"tipVelocity":[59.0364,1272.79,608.481],"tool":false,"touchDistance":0.549774,"touchZone":"hovering","type":4,"width":16.9127},{"bases":[[[0.94023,0.144313,-0.30845],[0.155325,0.624324,0.765567],[0.303054,-0.767719,0.564593]],[[0.976263,0.0214058,-0.215529],[0.125199,0.756233,0.642213],[0.176737,-0.653952,0.735602]],[[0.976263,0.0214058,-0.215529],[0.0173174,0.984204,0.17619],[0.215896,-0.17574,0.960471]],[[0.976263,0.0214058,-0.215529],[-0.0751848,0.966718,-0.244546],[0.203121,0.254946,0.945381]]],"btipPosition":[77.7318,282.947,25.4705],"carpPosition":[114.224,202.524,130.304],"dipPosition":[80.8786,286.897,40.1165],"direction":[-0.215896,0.17574,-0.960471],"extended":true,"handId":103,"id":1031,"length":53.323,"mcpPosition":[92.4951,257.57,89.8222],"pipPosition":[85.6102,283.045,61.1663],"stabilizedTipPosition":[78.6056,263.262,24.1468],"timeVisible":0.104825,"tipPosition":[79.8002,273.224,32.3789],"tipVelocity":[68.204,2059.24,786.818],"tool":false,"touchDistance":-0.283333,"touchZone":"touching","type":1,"width":20.373},{"bases":[[[0.932182,-0.0692959,-0.355296],[0.318661,0.622728,0.714609],[0.171733,-0.779364,0.602577]],[[0.93831,-0.100443,-0.330887],[0.302753,0.700964,0.645748],[0.167079,-0.706088,0.688131]],[[0.93831,-0.100443,-0.330887],[0.184083,0.955119,0.23208],[0.292725,-0.278674,0.914687]],[[0.93831,-0.100443,-0.330887],[0.0765199,0.993474,-0.0845846],[0.337223,0.0540472,0.939872]]],"btipPosition":[93.1967,295.831,16.9412],"carpPosition":[125.47,205.714,127.588],"dipPosition":[98.9427,296.752,32.9561],"direction":[-0.292725,0.278674,-0.914687],"extended":true,"handId":103,"id":1032,"length":60.7573,"mcpPosition":[113.793,258.707,86.6155],"pipPosition":[106.49,289.567,56.5407],"stabilizedTipPosition":[93.9161,271.49,14.7532],"timeVisible":0.104825,"tipPosition":[94.9018,284.513,23.1247],"tipVelocity":[153.606,2015.16,944.522],"tool":false,"touchDistance":-0.283333,"touchZone":"touching","type":2,"width":20.009}],"r":[[0.992834,-0.0220113,0.11746],[-0.0108913,0.962135,0.272356],[-0.119008,-0.271684,0.955]],"s":1.37089,"t":[7.92619,38.7143,26.1415],"timestamp":257099702642},{"currentFrameRate":38.4302,"devices":[],"gestures":[],"hands":[{"armBasis":[[0.922332,0.143751,-0.358664],[0.19393,0.630634,0.75146],[0.334209,-0.762651,0.553776]],"armWidth":65.5845,"confidence":0.543337,"direction":[-0.113107,0.890219,-0.441268],"elbow":[226.335,-23.093,280.51],"grabAngle":0.839789,"grabStrength":0.0124938,"id":103,"palmNormal":[-0.222298,-0.455533,-0.862017],"palmPosition":[119.554,240.097,99.2133],"palmVelocity":[86.3385,433.064,447.483],"palmWidth":88.6782,"pinchDistance":57.9173,"pinchStrength":0,"r":[[0.992268,-0.044824,0.115736],[0.00324273,0.941551,0.336856],[-0.124071,-0.333876,0.934416]],"s":1.42228,"sphereCenter":[106.266,204.332,-0.621708],"sphereRadius":108.169,"stabilizedPalmPosition":[117.643,230.849,90.9008],"t":[9.1205