{"frames":168,"data":[{"currentFrameRate":20.848,"devices":[],"gestures":[],"hands":[],"id":75514,"interactionBox":{"center":[0,200,0],"size":[235.247,235.247,147.751]},"pointables":[],"r":[[-0.962136,-0.269906,0.0380192],[0.215739,-0.839331,-0.498979],[0.166588,-0.471883,0.86578]],"s":0.686793,"t":[505.899,-233.461,348.339],"timestamp":257128651483},{"currentFrameRate":21.4712,"devices":[],"gestures":[],"hands":[],"id":75515,"interactionBox":{"center":[0,200,0],"size":[235.247,235.247,147.751]},"pointables":[],"r":[[-0.962136,-0.269906,0.0380192],[0.215739,-0.839331,-0.498979],[0.166588,-0.471883,0.86578]],"s":0.686793,"t":[505.899,-233.461,348.339],"timestamp":257128692835},{"currentFrameRate":21.9859,"devices":[],"gestures":[],"hands":[],"id":75516,"interactionBox":{"center":[0,200,0],"size":[235.247,235.247,147.751]},"pointables":[],"r":[[-0.962136,-0.269906,0.0380192],[0.215739,-0.839331,-0.498979],[0.166588,-0.471883,0.86578]],"s":0.686793,"t":[505.899,-233.461,348.339],"timestamp":257128734105},{"currentFrameRate":22.4081,"devices":[],"gestures":[],"hands":[],"id":75517,"interactionBox":{"center":[0,200,0],"size":[235.247,235.247,147.751]},"pointables":[],"r":[[-0.962136,-0.269906,0.0380192],[0.215739,-0.839331,-0.498979],[0.166588,-0.471883,0.86578]],"s":0.686793,"t":[505.899,-233.461,348.339],"timestamp":257128775340},{"currentFrameRate":22.74,"devices":[],"gestures":[],"hands":[],"id":75518,"interactionBox":{"center":[0,200,0],"size":[235.247,235.247,147.751]},"pointables":[],"r":[[-0.962136,-0.269906,0.0380192],[0.215739,-0.839331,-0.498979],[0.166588,-0.471883,0.86578]],"s":0.686793,"t":[505.899,-233.461,348.339],"timestamp":257128816689},{"currentFrameRate":22.9997,"devices":[],"gestures":[],"hands":[],"id":75519,"interactionBox":{"center":[0,200,0],"size":[235.247,235.247,147.751]},"pointables":[],"r":[[-0.962136,-0.269906,0.0380192],[0.215739,-0.839331,-0.498979],[0.166588,-0.471883,0.86578]],"s":0.686793,"t":[505.899,-233.461,348.339],"timestamp":257128858136},{"currentFrameRate":23.2281,"devices":[],"gestures":[],"hands":[],"id":75520,"interactionBox":{"center":[0,200,0],"size":[235.247,235.247,147.751]},"pointables":[],"r":[[-0.962136,-0.269906,0.0380192],[0.215739,-0.839331,-0.498979],[0.166588,-0.471883,0.86578]],"s":0.686793,"t":[505.899,-233.461,348.339],"timestamp":257128899417},{"currentFrameRate":23.396,"devices":[],"gestures":[],"hands":[],"id":75521,"interactionBox":{"center":[0,200,0],"size":[235.247,235.247,147.751]},"pointables":[],"r":[[-0.962136,-0.269906,0.0380192],[0.215739,-0.839331,-0.498979],[0.166588,-0.471883,0.86578]],"s":0.686793,"t":[505.899,-233.461,348.339],"timestamp":257128940868},{"currentFrameRate":23.5965,"devices":[],"gestures":[],"hands":[],"id":75522,"interactionBox":{"center":[0,200,0],"size":[235.247,235.247,147.751]},"pointables":[],"r":[[-0.962136,-0.269906,0.0380192],[0.215739,-0.839331,-0.498979],[0.166588,-0.471883,0.86578]],"s":0.686793,"t":[505.899,-233.461,348.339],"timestamp":257128981715},{"currentFrameRate":23.7099,"devices":[],"gestures":[],"hands":[],"id":75523,"interactionBox":{"center":[0,200,0],"size":[235.247,235.247,147.751]},"pointables":[],"r":[[-0.962136,-0.269906,0.0380192],[0.215739,-0.839331,-0.498979],[0.166588,-0.471883,0.86578]],"s":0.686793,"t":[505.899,-233.461,348.339],"timestamp":257129023031},{"currentFrameRate":23.8112,"devices":[],"gestures":[],"hands":[],"id":75524,"interactionBox":{"center":[0,200,0],"size":[235.247,235.247,147.751]},"pointables":[],"r":[[-0.962136,-0.269906,0.0380192],[0.215739,-0.839331,-0.498979],[0.166588,-0.471883,0.86578]],"s":0.686793,"t":[505.899,-233.461,348.339],"timestamp":257129064262},{"currentFrameRate":23.874,"devices":[],"gestures":[],"hands":[],"id":75525,"interactionBox":{"center":[0,200,0],"size":[235.247,235.247,147.751]},"pointables":[],"r":[[-0.962136,-0.269906,0.0380192],[0.215739,-0.839331,-0.498979],[0.166588,-0.471883,0.86578]],"s":0.686793,"t":[505.899,-233.461,348.339],"timestamp":257129105675},{"currentFrameRate":23.95,"devices":[],"gestures":[],"hands":[],"id":75526,"interactionBox":{"center":[0,200,0],"size":[235.247,235.247,147.751]},"pointables":[],"r":[[-0.962136,-0.269906,0.0380192],[0.215739,-0.839331,-0.498979],[0.166588,-0.471883,0.86578]],"s":0.686793,"t":[505.899,-233.461,348.339],"timestamp":257129146857},{"currentFrameRate":16.65,"devices":[],"gestures":[],"hands":[],"id":75527,"interactionBox":{"center":[0,200,0],"size":[235.247,235.247,147.751]},"pointables":[],"r":[[-0.962136,-0.269906,0.0380192],[0.215739,-0.839331,-0.498979],[0.166588,-0.471883,0.86578]],"s":0.686793,"t":[505.899,-233.461,348.339],"timestamp":257129270864},{"currentFrameRate":18.0786,"devices":[],"gestures":[],"hands":[],"id":75528,"interactionBox":{"center":[0,200,0],"size":[235.247,235.247,147.751]},"pointables":[],"r":[[-0.962136,-0.269906,0.0380192],[0.215739,-0.839331,-0.498979],[0.166588,-0.471883,0.86578]],"s":0.686793,"t":[505.899,-233.461,348.339],"timestamp":257129311973},{"currentFrameRate":19.2066,"devices":[],"gestures":[],"hands":[],"id":75529,"interactionBox":{"center":[0,200,0],"size":[235.247,235.247,147.751]},"pointables":[],"r":[[-0.962136,-0.269906,0.0380192],[0.215739,-0.839331,-0.498979],[0.166588,-0.471883,0.86578]],"s":0.686793,"t":[505.899,-233.461,348.339],"timestamp":257129353485},{"currentFrameRate":20.1627,"devices":[],"gestures":[],"hands":[],"id":75530,"interactionBox":{"center":[0,200,0],"size":[235.247,235.247,147.751]},"pointables":[],"r":[[-0.962136,-0.269906,0.0380192],[0.215739,-0.839331,-0.498979],[0.166588,-0.471883,0.86578]],"s":0.686793,"t":[505.899,-233.461,348.339],"timestamp":257129394548},{"currentFrameRate":20.9682,"devices":[],"gestures":[],"hands":[],"id":75531,"interactionBox":{"center":[0,200,0],"size":[235.247,235.247,147.751]},"pointables":[],"r":[[-0.962136,-0.269906,0.0380192],[0.215739,-0.839331,-0.498979],[0.166588,-0.471883,0.86578]],"s":0.686793,"t":[505.899,-233.461,348.339],"timestamp":257129435319},{"currentFrameRate":21.5665,"devices":[],"gestures":[],"hands":[],"id":75532,"interactionBox":{"center":[0,200,0],"size":[235.247,235.247,147.751]},"pointables":[],"r":[[-0.962136,-0.269906,0.0380192],[0.215739,-0.839331,-0.498979],[0.166588,-0.471883,0.86578]],"s":0.686793,"t":[505.899,-233.461,348.339],"timestamp":257129476696},{"currentFrameRate":21.9955,"devices":[],"gestures":[],"hands":[{"armBasis":[[-0.591875,-0.614657,0.521422],[0.384252,-0.783829,-0.487814],[0.708544,-0.0883671,0.700112]],"armWidth":62.1011,"confidence":0,"direction":[-0.335776,0.60221,-0.724291],"elbow":[292.609,128.805,303.193],"grabAngle":0.637411,"grabStrength":0,"id":104,"palmNormal":[-0.310756,0.655061,0.688713],"palmPosition":[82.1968,197.565,67.692],"palmVelocity":[1.19209e-7,1.19209e-7,1.19209e-7],"palmWidth":88.6782,"pinchDistance":63.0699,"pinchStrength":0,"r":[[1,1.66533e-17,5.55112e-18],[-1.66533e-17,1,-2.22045e-17],[-5.55112e-18,2.22045e-17,1]],"s":1,"sphereCenter":[74.0649,253.817,77.5905],"sphereRadius":64.6396,"stabilizedPalmPosition":[82.1968,197.565,67.692],"t":[0,0,0],"timeVisible":0,"type":"right","wrist":[106.163,152.058,118.966]}],"id":75533,"interactionBox":{"center":[0,200,0],"size":[235.247,235.247,147.751]},"pointables":[{"bases":[[[-0.145386,-0.65202,-0.744132],[0.985642,-0.160721,-0.0517448],[-0.0858593,-0.740971,0.666025]],[[-0.128872,-0.518088,-0.845563],[0.984269,-0.170745,-0.0453938],[-0.120858,-0.838111,0.531942]],[[-0.128872,-0.518088,-0.845563],[0.98813,0.0048066,-0.153545],[0.0836142,-0.855314,0.511319]],[[-0.128872,-0.518088,-0.845563],[0.909867,0.277329,-0.308595],[0.394379,-0.809119,0.435651]]],"btipPosition":[111.231,264.939,59.1009],"carpPosition":[117.125,177.288,111.907],"dipPosition":[120.226,246.484,69.0377],"direction":[-0.0836142,0.855314,-0.511319],"extended":true,"handId":104,"id":1040,"length":50.7922,"mcpPosition":[117.125,177.288,111.907],"pipPosition":[123.004,218.062,86.0285],"stabilizedTipPosition":[113.3,260.694,61.3864],"timeVisible":0,"tipPosition":[113.3,260.694,61.3864],"tipVelocity":[1.19209e-7,1.19209e-7,1.19209e-7],"tool":false,"touchDistance":1,"touchZone":"none","type":0,"width":19.7355},{"bases":[[[-0.932959,-0.34874,-0.0892625],[0.280363,-0.548384,-0.787827],[0.225797,-0.760036,0.609394]],[[-0.923067,-0.379184,-0.0645511],[0.340033,-0.726,-0.597747],[0.179792,-0.57371,0.799082]],[[-0.923067,-0.379184,-0.0645511],[0.32701,-0.685277,-0.650738],[0.202514,-0.621784,0.756553]],[[-0.923067,-0.379184,-0.0645511],[0.321596,-0.668763,-0.670322],[0.211006,-0.639512,0.739257]]],"btipPosition":[80.5537,271.311,-15.7962],"carpPosition":[112.556,167.499,91.4872],"dipPosition":[84.0672,260.662,-3.48643],"direction":[-0.202514,0.621784,-0.756553],"extended":true,"handId":104,"id":1041,"length":57.3134,"mcpPosition":[96.3658,221.993,47.7934],"pipPosition":[88.8377,246.015,14.3352],"stabilizedTipPosition":[81.3618,268.862,-12.9649],"timeVisible":0,"tipPosition":[81.3618,268.862,-12.9649],"tipVelocity":[1.19209e-7,1.19209e-7,1.19209e-7],"tool":false,"touchDistance":1,"touchZone":"none","type":1,"width":18.8514},{"bases":[[[-0.927909,-0.349588,0.129511],[0.123488,-0.616001,-0.778006],[0.35176,-0.705925,0.614763]],[[-0.956123,-0.283751,0.0729056],[0.0922966,-0.527922,-0.844263],[0.278049,-0.80049,0.530948]],[[-0.956123,-0.283751,0.0729056],[0.0468132,-0.393628,-0.918077],[0.289203,-0.874381,0.389639]],[[-0.956123,-0.283751,0.0729056],[-0.012222,-0.210003,-0.977624],[0.292712,-0.93562,0.197321]]],"btipPosition":[51.4601,289.856,7.6156],"carpPosition":[101.816,162.885,88.7706],"dipPosition":[56.8209,272.721,11.2294],"direction":[-0.289203,0.874381,-0.389639],"extended":true,"handId":104,"id":1042,"length":65.304,"mcpPosition":[77.8974,210.885,46.9695],"pipPosition":[64.8359,248.488,22.0279],"stabilizedTipPosition":[52.6931,285.915,8.44679],"timeVisible":0,"tipPosition":[52.6931,285.915,8.44679],"tipVelocity":[1.19209e-7,1.19209e-7,1.19209e-7],"tool":false,"touchDistance":1,"touchZone":"none","type":2,"width":18.5145},{"bases":[[[-0.872682,-0.402222,0.276846],[0.0680282,-0.661593,-0.746771],[0.483527,-0.63286,0.604723]],[[-0.922311,-0.327107,0.205777],[-0.0301417,-0.469969,-0.882168],[0.385272,-0.819835,0.423598]],[[-0.922311,-0.327107,0.205777],[-0.243683,0.0789978,-0.966632],[0.299936,-0.94168,-0.152571]],[[-0.922311,-0.327107,0.205777],[-0.357696,0.521042,-0.774964],[0.146277,-0.788363,-0.597567]]],"btipPosition":[33.531,272.857,48.7771],"carpPosition":[90.5873,158.744,89.1394],"dipPosition":[36.1946,258.502,37.8958],"direction":[-0.299936,0.94168,0.152571],"extended":true,"handId":104,"id":1043,"length":62.7915,"mcpPosition":[61.0688,197.379,52.222],"pipPosition":[44.2923,233.078,33.7767],"stabilizedTipPosition":[34.1436,269.556,46.2744],"timeVisible":0,"tipPosition":[34.1436,269.556,46.2744],"tipVelocity":[1.19209e-7,1.19209e-7,1.19209e-7],"tool":false,"touchDistance":0.333333,"touchZone":"none","type":3,"width":17.6178},{"bases":[[[-0.810017,-0.357885,0.464532],[-0.0260844,-0.769395,-0.638241],[0.585825,-0.529103,0.613888]],[[-0.928008,-0.218724,0.301597],[-0.0802439,-0.67318,-0.735112],[0.363815,-0.706391,0.607165]],[[-0.928008,-0.218724,0.301597],[-0.224983,-0.316244,-0.921614],[0.296957,-0.92312,0.244268]],[[-0.928008,-0.218724,0.301597],[-0.304498,-0.0211564,-0.952278],[0.214666,-0.975557,-0.0469675]]],"btipPosition":[23.8806,245.086,36.7051],"carpPosition":[78.7908,156.857,96.1877],"dipPosition":[27.4867,228.697,35.9161],"direction":[-0.296957,0.92312,-0.244268],"extended":true,"handId":104,"id":1044,"length":49.2274,"mcpPosition":[45.6846,186.758,61.4957],"pipPosition":[33.1473,211.101,40.5723],"stabilizedTipPosition":[24.71,241.316,36.5236],"timeVisible":0,"tipPosition":[24.71,241.316,36.5236],"tipVelocity":[1.19209e-7,1.19209e-7,1.19209e-7],"tool":false,"touchDistance":1,"touchZone":"none","type":4,"width":15.6495}],"r":[[1,1.66533e-17,5.55112e-18],[-1.66533e-17,1,-2.22045e-17],[-5.55112e-18,2.22045e-17,1]],"s":1,"t":[0,0,0],"timestamp":257129518655},{"currentFrameRate":22.4321,"devices":[],"gestures":[],"hands":[{"armBasis":[[0.782357,0.00838226,-0.622774],[0.0321296,0.998035,0.0537958],[0.622001,-0.062097,0.78055]],"armWidth":65.5845,"confidence":0.213064,"direction":[-0.197447,0.68346,-0.702779],"elbow":[297.321,170.454,330.164],"grabAngle":0.175939,"grabStrength":0,"id":104,"palmNormal":[-0.2053,-0.729823,-0.652081],"palmPosition":[105.953,228.283,70.2859],"palmVelocity":[578.384,747.885,63.1516],"palmWidth":88.6782,"pinchDistance":63.3554,"pinchStrength":0,"r":[[0.978456,0.00331837,0.20643],[0.0259352,0.989975,-0.138844],[-0.204821,0.141207,0.96856]],"s":1.01154,"sphereCenter":[110.749,227.775,19.2473],"sphereRadius":62.6737,"stabilizedPalmPosition":[105.26,227.387,70.2102],"t":[11.8783,15.3593,1.29694],"timeVisible":0.041074,"type":"right","wrist":[133.648,186.794,124.77]}],"id":75534,"interactionBox":{"center":[0,200,0],"size":[235.247,235.247,147.751]},"pointables":[{"bases":[[[0.530825,0.77989,0.331656],[-0.602586,0.0721546,0.794785],[0.595914,-0.621744,0.508253]],[[0.400018,0.889072,0.222569],[-0.57904,0.056923,0.81331],[0.710421,-0.454215,0.537578]],[[0.400018,0.889072,0.222569],[-0.71323,0.149468,0.684808],[0.575577,-0.432679,0.693902]],[[0.400018,0.889072,0.222569],[-0.774146,0.197777,0.601317],[0.490595,-0.412839,0.767386]]],"btipPosition":[33.4282,229.976,47.3966],"carpPosition":[96.195,185.742,111.287],"dipPosition":[43.8391,221.216,63.6812],"direction":[-0.575577,0.432679,-0.693902],"extended":true,"handId":104,"id":1040,"length":47.2559,"mcpPosition":[96.195,185.742,111.287],"pipPosition":[61.6335,207.839,85.1337],"stabilizedTipPosition":[38.2695,228.995,51.4656],"timeVisible":0.041074,"tipPosition":[38.267,230.002,47.8648],"tipVelocity":[-1886.27,-796.919,-249.411],"tool":false,"touchDistance":1,"touchZone":"none","type":0,"width":21.3285},{"bases":[[[0.911815,0.0994458,-0.398376],[0.15028,0.822081,0.54918],[0.382111,-0.560619,0.734641]],[[0.952758,0.0278779,-0.302448],[0.16253,0.794418,0.585222],[0.256585,-0.606732,0.752357]],[[0.952758,0.0278779,-0.302448],[0.131922,0.858964,0.49475],[0.273584,-0.511277,0.814707]],[[0.952758,0.0278779,-0.302448],[0.0945157,0.919126,0.382459],[0.288649,-0.392977,0.87307]]],"btipPosition":[57.7224,287.781,0.784693],"carpPosition":[105.583,206.655,114.148],"dipPosition":[62.1942,281.693,14.3104],"direction":[-0.273584,0.511277,-0.814707],"extended":true,"handId":104,"id":1041,"length":53.323,"mcpPosition":[78.1856,246.852,61.4743],"pipPosition":[68.1902,270.487,32.1657],"stabilizedTipPosition":[61.6903,284.103,1.70374],"timeVisible":0.041074,"tipPosition":[57.5364,291.743,6.9525],"tipVelocity":[-550.49,426.516,410.492],"tool":false,"touchDistance":1,"touchZone":"none","type":1,"width":20.373},{"bases":[[[0.915988,-0.118822,-0.383206],[0.310622,0.814551,0.48992],[0.253927,-0.567793,0.783028]],[[0.925769,-0.142367,-0.350261],[0.326073,0.769563,0.549044],[0.191382,-0.622499,0.75886]],[[0.925769,-0.142367,-0.350261],[0.297711,0.845545,0.443196],[0.233064,-0.514574,0.825164]],[[0.925769,-0.142367,-0.350261],[0.26455,0.905761,0.331074],[0.270118,-0.39916,0.876189]]],"btipPosition":[80.1951,295.404,-12.7059],"carpPosition":[116.437,209.521,109.908],"dipPosition":[84.7978,288.603,2.22381],"direction":[-0.233064,0.514574,-0.825164],"extended":true,"handId":104,"id":1042,"length":60.7573,"mcpPosition":[99.1716,248.129,56.6662],"pipPosition":[90.8072,275.335,23.5001],"stabilizedTipPosition":[77.4517,292.785,-6.91332],"timeVisible":0.041074,"tipPosition":[76.4332,290.435,-11.4024],"tipVelocity":[695.347,192.943,-431.389],"tool":false,"touchDistance":1,"touchZone":"none","type":2,"width":20.009},{"bases":[[[0.917332,-0.262146,-0.299635],[0.383208,0.785465,0.486001],[0.107949,-0.560647,0.820989]],[[0.911754,-0.237455,-0.335142],[0.39559,0.727207,0.560962],[0.110515,-0.644038,0.756969]],[[0.911754,-0.237455,-0.335142],[0.379682,0.798489,0.467179],[0.156674,-0.5532,0.818183]],[[0.911754,-0.237455,-0.335142],[0.358072,0.85925,0.365341],[0.201219,-0.453106,0.86845]]],"btipPosition":[109.009,291.165,-10.9046],"carpPosition":[127.42,209.274,105.147],"dipPosition":[112.417,283.488,3.80824],"direction":[-0.156674,0.5532,-0.818183],"extended":true,"handId":104,"id":1043,"length":58.4197,"mcpPosition":[120.83,243.501,55.0266],"pipPosition":[116.353,269.593,24.3597],"stabilizedTipPosition":[97.0169,286.048,1.56431],"timeVisible":0.041074,"tipPosition":[108.048,285.428,-8.26791],"tipVelocity":[1841.77,483.112,-1309.71],"tool":false,"touchDistance":-0.535259,"touchZone":"touching","type":3,"width":19.0398},{"bases":[[[0.847649,-0.451427,-0.278755],[0.529243,0.682491,0.504091],[-0.0373119,-0.574821,0.817428]],[[0.848368,-0.416421,-0.326904],[0.528343,0.62682,0.57267],[-0.0335614,-0.658552,0.751787]],[[0.848368,-0.416421,-0.326904],[0.528038,0.709964,0.465968],[0.0380515,-0.56793,0.822197]],[[0.848368,-0.416421,-0.326904],[0.519414,0.774123,0.36186],[0.102378,-0.476789,0.873035]]],"btipPosition":[138.387,273.342,0.180879],"carpPosition":[137.477,202.22,98.7051],"dipPosition":[139.987,265.891,13.8258],"direction":[-0.0380515,0.56793,-0.822197],"extended":true,"handId":104,"id":1044,"length":45.8,"mcpPosition":[139.585,234.704,52.5106],"pipPosition":[140.662,255.818,28.4072],"stabilizedTipPosition":[133.286,270.175,4.91145],"timeVisible":0.041074,"tipPosition":[133.909,268.302,2.05279],"tipVelocity":[2776.56,737.99,-808.404],"tool":false,"touchDistance":1,"touchZone":"none","type":4,"width":16.9127}],"r":[[0.978456,0.00331837,0.20643],[0.0259352,0.989975,-0.138844],[-0.204821,0.141207,0.96856]],"s":1.01154,"t":[11.8783,15.3593,1.29694],"timestamp":257129559729},{"currentFrameRate":22.7754,"devices":[],"gestures":[],"hands":[{"armBasis":[[0.801364,0.0470495,-0.596323],[0.159316,0.944106,0.288585],[0.57657,-0.326266,0.749077]],"armWidth":65.5845,"confidence":0.408146,"direction":[-0.223429,0.819314,-0.528019],"elbow":[291.027,114.881,328.54],"grabAngle":0.522239,"grabStrength":0,"id":104,"palmNormal":[-0.35792,-0.572833,-0.737398],"palmPosition":[110.411,254.361,89.4615],"palmVelocity":[108.21,633.067,465.508],"palmWidth":88.6782,"pinchDistance":58.5505,"pinchStrength":0.115087,"r":[[0.941244,0.009065,0.337605],[0.0660323,0.975407,-0.210289],[-0.331209,0.220226,0.917497]],"s":1.03492,"sphereCenter":[84.0978,271.377,62.8196],"sphereRadius":53.5877,"stabilizedPalmPosition":[110.023,252.33,88.0119],"t":[20.0462,36.0779,11.5332],"timeVisible":0.082267,"type":"right","wrist":[139.308,200.734,131.428]}],"id":75535,"interactionBox":{"center":[0,200,0],"size":[235.247,235.247,147.751]},"pointables":[{"bases":[[[0.641359,0.662481,0.387011],[-0.482385,-0.0440682,0.87485],[0.596626,-0.747781,0.291307]],[[0.309567,0.92571,0.217323],[-0.617748,0.0220418,0.786067],[0.72288,-0.377592,0.578679]],[[0.309567,0.92571,0.217323],[-0.698171,0.0661194,0.712872],[0.645543,-0.37241,0.666772]],[[0.309567,0.92571,0.217323],[-0.818669,0.143215,0.55612],[0.483682,-0.350072,0.802185]]],"btipPosition":[36.8108,242.697,57.139],"carpPosition":[102.2,205.385,122.928],"dipPosition":[47.075,235.268,74.1622],"direction":[-0.645543,0.37241,-0.666772],"extended":true,"handId":104,"id":1040,"length":47.2559,"mcpPosition":[102.2,205.385,122.928],"pipPosition":[67.0325,223.755,94.7759],"stabilizedTipPosition":[39.0984,240.016,60.2764],"timeVisible":0.082267,"tipPosition":[39.5016,245.801,64.4559],"tipVelocity":[81.2977,316.247,240.631],"tool":false,"touchDistance":1,"touchZone":"none","type":0,"width":21.3285},{"bases":[[[0.856242,0.113676,-0.503912],[0.298706,0.686911,0.662517],[0.421455,-0.717796,0.554206]],[[0.822908,0.166187,-0.543327],[0.292239,0.696277,0.655587],[0.487256,-0.698269,0.524406]],[[0.822908,0.166187,-0.543327],[-0.273275,0.954162,-0.122046],[0.49814,0.24891,0.830603]],[[0.822908,0.166187,-0.543327],[-0.273275,0.954162,-0.122046],[0.49814,0.24891,0.830603]]],"btipPosition":[45.9828,294.012,36.9261],"carpPosition":[113.817,224.655,128.163],"dipPosition":[53.7001,297.868,49.7939],"direction":[-0.49814,-0.24891,-0.830603],"extended":false,"handId":104,"id":1041,"length":53.323,"mcpPosition":[83.5988,276.122,88.4261],"pipPosition":[64.6174,303.323,67.9976],"stabilizedTipPosition":[55.9527,288.549,17.4276],"timeVisible":0.082267,"tipPosition":[49.7237,300.757,40.9681],"tipVelocity":[-266.869,206.794,873.693],"tool":false,"touchDistance":1,"touchZone":"none","type":1,"width":20.373},{"bases":[[[0.841758,-0.103124,-0.529913],[0.448344,0.680314,0.579793],[0.300717,-0.725629,0.618895]],[[0.819703,-0.0542432,-0.570214],[0.481804,0.60366,0.635185],[0.309761,-0.795394,0.520957]],[[0.819703,-0.0542432,-0.570214],[0.460939,0.653444,0.600455],[0.340032,-0.755029,0.560633]],[[0.819703,-0.0542432,-0.570214],[0.411956,0.747499,0.521093],[0.397969,-0.662045,0.635073]]],"btipPosition":[74.7014,342.408,32.8345],"carpPosition":[124.236,227.557,122.962],"dipPosition":[81.4826,331.127,43.6557],"direction":[-0.340032,0.755029,-0.560633],"extended":true,"handId":104,"id":1042,"length":60.7573,"mcpPosition":[103.788,276.896,80.8798],"pipPosition":[90.2501,311.659,58.1113],"stabilizedTipPosition":[76.5636,327.863,24.5911],"timeVisible":0.082267,"tipPosition":[76.2955,336.225,30.2611],"tipVelocity":[-121.202,1116.04,1082.6],"tool":false,"touchDistance":1,"touchZone":"none","type":2,"width":20.009},{"bases":[[[0.840627,-0.259772,-0.475252],[0.516696,0.64773,0.559885],[0.162392,-0.716215,0.678723]],[[0.808105,-0.152935,-0.568838],[0.397349,0.854426,0.334768],[0.434833,-0.496555,0.751235]],[[0.808105,-0.152935,-0.568838],[0.397349,0.854426,0.334768],[0.434833,-0.496555,0.751235]],[[0.808105,-0.152935,-0.568838],[0.120019,0.988199,-0.0951791],[0.576681,0.00864313,0.816923]]],"btipPosition":[86.1953,303.672,12.0829],"carpPosition":[134.417,227.505,116.662],"dipPosition":[95.9651,303.818,25.9228],"direction":[-0.434833,0.496555,-0.751235],"extended":true,"handId":104,"id":1043,"length":58.4197,"mcpPosition":[124.504,271.229,75.2272],"pipPosition":[106.887,291.346,44.7927],"stabilizedTipPosition":[90.5714,299.321,11.864],"timeVisible":0.082267,"tipPosition":[91.5195,307.228,16.5697],"tipVelocity":[-518.298,347.309,553.171],"tool":false,"touchDistance":-0.179586,"touchZone":"touching","type":3,"width":19.0398},{"bases":[[[0.756767,-0.444349,-0.479435],[0.653457,0.533603,0.5369],[0.0172569,-0.719598,0.694176]],[[0.753595,-0.391755,-0.527846],[0.656804,0.416366,0.628688],[-0.0265145,-0.820468,0.571078]],[[0.753595,-0.391755,-0.527846],[0.657259,0.436542,0.614363],[-0.0102532,-0.809913,0.58646]],[[0.753595,-0.391755,-0.527846],[0.646579,0.586464,0.487848],[0.118446,-0.708934,0.695257]]],"btipPosition":[141.025,313.599,28.8101],"carpPosition":[142.82,221.184,107.616],"dipPosition":[142.877,302.519,39.6765],"direction":[0.0102532,0.809913,-0.58646],"extended":true,"handId":104,"id":1044,"length":45.8,"mcpPosition":[141.845,261.85,68.3868],"pipPosition":[142.695,288.155,50.0772],"stabilizedTipPosition":[140.726,307.42,28.965],"timeVisible":0.082267,"tipPosition":[135.559,306.938,27.9745],"tipVelocity":[65.4629,957.004,679.488],"tool":false,"touchDistance":1,"touchZone":"none","type":4,"width":16.9127}],"r":[[0.941244,0.009065,0.337605],[0.0660323,0.975407,-0.210289],[-0.331209,0.220226,0.917497]],"s":1.03492,"t":[20.0462,36.0779,11.5332],"timestamp":257129600922},{"currentFrameRate":26.4553,"devices":[],"gestures":[],"hands":[{"armBasis":[[0.861664,0.11229,-0.4949],[0.212922,0.805229,0.553417],[0.460651,-0.582235,0.669928]],"armWidth":65.5845,"confidence":0.454413,"direction":[-0.210986,0.864988,-0.455281],"elbow":[257.451,49.2511,304.354],"grabAngle":0.0101467,"grabStrength":0,"id":104,"palmNormal":[-0.324256,-0.501327,-0.802203],"palmPosition":[109.674,261.316,91.4684],"palmVelocity":[-68.2928,644.37,185.923],"palmWidth":88.6782,"pinchDistance":73.9237,"pinchStrength":0,"r":[[0.895344,0.0169102,0.445054],[0.102613,0.964563,-0.243083],[-0.433393,0.263312,0.86188]],"s":1.06329,"sphereCenter":[92.7916,359.235,170.571],"sphereRadius":129.375,"stabilizedPalmPosition":[109.836,257.144,89.8637],"t":[23.7615,49.9149,17.6548],"timeVisible":0.093061,"type":"right","wrist":[136.235,202.46,128.07]}],"id":75536,"interactionBox":{"center":[0,200,0],"size":[235.247,235.247,147.751]},"pointables":[{"bases":[[[0.61992,0.62589,0.473245],[-0.51478,-0.130778,0.847289],[0.592199,-0.768869,0.241123]],[[0.346631,0.872165,0.345218],[-0.602095,-0.0753252,0.794863],[0.719255,-0.483378,0.499017]],[[0.346631,0.872165,0.345218],[-0.703103,-0.00202061,0.711085],[0.620881,-0.489208,0.612521]],[[0.346631,0.872165,0.345218],[-0.818305,0.101275,0.565792],[0.458502,-0.478614,0.748802]]],"btipPosition":[36.7473,258.1,60.6394],"carpPosition":[100.663,209.303,119.743],"dipPosition":[46.4772,247.943,76.5297],"direction":[-0.620881,0.489208,-0.612521],"extended":true,"handId":104,"id":1040,"length":47.2559,"mcpPosition":[100.663,209.303,119.743],"pipPosition":[65.6722,232.819,95.4663],"stabilizedTipPosition":[39.038,248.424,62.4217],"timeVisible":0.093061,"tipPosition":[39.5574,255.118,63.459],"tipVelocity":[-17.272,1368.83,300.152],"tool":false,"touchDistance":1,"touchZone":"none","type":0,"width":21.3285},{"bases":[[[0.873624,0.166552,-0.45721],[0.266848,0.621733,0.73637],[0.406907,-0.765316,0.498716]],[[0.895665,0.122077,-0.427646],[0.336609,0.442358,0.831273],[0.290651,-0.888491,0.355112]],[[0.895665,0.122077,-0.427646],[0.209358,0.732636,0.647622],[0.392368,-0.669583,0.630639]],[[0.895665,0.122077,-0.427646],[0.209358,0.732636,0.647622],[0.392368,-0.669583,0.630639]]],"btipPosition":[56.7151,342.58,54.0633],"carpPosition":[111.891,228.047,127.246],"dipPosition":[62.7937,332.207,63.8333],"direction":[-0.392368,0.669583,-0.630639],"extended":true,"handId":104,"id":1041,"length":53.323,"mcpPosition":[82.7155,282.92,91.4881],"pipPosition":[71.3929,317.532,77.6545],"stabilizedTipPosition":[56.3394,297.792,24.3868],"timeVisible":0.093061,"tipPosition":[56.0132,332.433,53.3099],"tipVelocity":[959.363,4196.36,1521.66],"tool":false,"touchDistance":1,"touchZone":"none","type":1,"width":20.373},{"bases":[[[0.862189,-0.046823,-0.504417],[0.419572,0.623986,0.659243],[0.283882,-0.780031,0.55764]],[[0.860822,-0.0430924,-0.507078],[0.467639,0.460032,0.754775],[0.200747,-0.886856,0.416157]],[[0.860822,-0.0430924,-0.507078],[0.45992,0.492415,0.738919],[0.217851,-0.869293,0.443701]],[[0.860822,-0.0430924,-0.507078],[0.44433,0.549416,0.70761],[0.248104,-0.834437,0.492097]]],"btipPosition":[84.55,359.926,46.8232],"carpPosition":[122.471,231.495,122.754],"dipPosition":[88.7775,345.708,55.2082],"direction":[-0.217851,0.869293,-0.443701],"extended":true,"handId":104,"id":1042,"length":60.7573,"mcpPosition":[103.168,284.534,84.837],"pipPosition":[94.3947,323.294,66.6488],"stabilizedTipPosition":[79.344,336.799,32.0894],"timeVisible":0.093061,"tipPosition":[80.6938,351.888,43.256],"tipVelocity":[857.996,1560.39,1244.06],"tool":false,"touchDistance":1,"touchZone":"none","type":2,"width":20.009},{"bases":[[[0.860469,-0.208005,-0.46511],[0.488935,0.593863,0.63896],[0.143304,-0.777214,0.612701]],[[0.851883,-0.167436,-0.496246],[0.511823,0.46706,0.721035],[0.111049,-0.868228,0.483578]],[[0.851883,-0.167436,-0.496246],[0.511823,0.46706,0.721035],[0.111049,-0.868228,0.483578]],[[0.851883,-0.167436,-0.496246],[0.485893,0.606282,0.629548],[0.195456,-0.777424,0.597837]]],"btipPosition":[113.536,349.71,37.6063],"carpPosition":[132.885,232.108,116.877],"dipPosition":[116.848,336.539,47.7345],"direction":[-0.111049,0.868228,-0.483578],"extended":true,"handId":104,"id":1043,"length":58.4197,"mcpPosition":[124.136,279.556,79.4723],"pipPosition":[119.637,314.73,59.8813],"stabilizedTipPosition":[98.611,315.369,21.3759],"timeVisible":0.093061,"tipPosition":[108.979,340.207,35.7701],"tipVelocity":[2395.37,3981.35,2285.5],"tool":false,"touchDistance":0.281575,"touchZone":"hovering","type":3,"width":19.0398},{"bases":[[[0.778578,-0.391806,-0.490209],[0.627544,0.483267,0.610444],[-0.00227388,-0.782905,0.622137]],[[0.777081,-0.340118,-0.529589],[0.625319,0.321533,0.71105],[-0.0715605,-0.883706,0.46254]],[[0.777081,-0.340118,-0.529589],[0.62816,0.366282,0.686479],[-0.039505,-0.866116,0.498279]],[[0.777081,-0.340118,-0.529589],[0.628886,0.453609,0.63146],[0.0254555,-0.823746,0.566387]]],"btipPosition":[144.409,327.546,39.921],"carpPosition":[141.684,226.735,107.598],"dipPosition":[144.807,314.672,48.7732],"direction":[0.039505,0.866116,-0.498279],"extended":true,"handId":104,"id":1044,"length":45.8,"mcpPosition":[141.812,270.978,72.4398],"pipPosition":[144.106,299.311,57.61],"stabilizedTipPosition":[142.415,315.099,34.7772],"timeVisible":0.093061,"tipPosition":[137.931,320.509,37.2503],"tipVelocity":[282.507,1253.91,986.438],"tool":false,"touchDistance":1,"touchZone":"none","type":4,"width":16.9127}],"r":[[0.895344,0.0169102,0.445054],[0.102613,0.964563,-0.243083],[-0.433393,0.263312,0.86188]],"s":1.06329,"t":[23.7615,49.9149,17.6548],"timestamp":257129611716},{"currentFrameRate":29.9482,"devices":[],"gestures":[],"hands":[{"armBasis":[[0.889831,0.113743,-0.441886],[0.222358,0.737565,0.637617],[0.398444,-0.665628,0.631017]],"armWidth":65.5845,"confidence":0.49809,"direction":[-0.205836,0.899449,-0.385517],"elbow":[240.185,30.0224,293.874],"grabAngle":0,"grabStrength":0,"id":104,"palmNormal":[-0.321976,-0.434266,-0.841275],"palmPosition":[109.8,267.115,95.9035],"palmVelocity":[11.7439,540.507,413.415],"palmWidth":88.6782,"pinchDistance":72.8889,"pinchStrength":0,"r":[[0.849239,0.0194928,0.527649],[0.133544,0.958898,-0.250361],[-0.510842,0.283081,0.81173]],"s":1.07914,"sphereCenter":[97.1882,372.297,206.202],"sphereRadius":153.873,"stabilizedPalmPosition":[109.818,262.147,92.8943],"t":[25.6822,59.7327,22.9332],"timeVisible":0.103789,"type":"right","wrist":[135.338,205.176,127.828]}],"id":75537,"interactionBox":{"center":[0,200,0],"size":[235.247,235.247,147.751]},"pointables":[{"bases":[[[0.619675,0.583664,0.524729],[-0.519389,-0.196278,0.831691],[0.588421,-0.787916,0.18152]],[[0.366784,0.827848,0.424426],[-0.592215,-0.144071,0.792796],[0.717462,-0.542136,0.437421]],[[0.366784,0.827848,0.424426],[-0.715982,-0.0401035,0.696965],[0.594002,-0.559517,0.578015]],[[0.366784,0.827848,0.424426],[-0.813454,0.0640257,0.578094],[0.4514,-0.557287,0.6969]]],"btipPosition":[37.6285,268.537,65.9406],"carpPosition":[100.476,213.038,119.879],"dipPosition":[47.2076,256.711,80.7294],"direction":[-0.594002,0.559517,-0.578015],"extended":true,"handId":104,"id":1040,"length":47.2559,"mcpPosition":[100.476,213.038,119.879],"pipPosition":[65.5717,239.413,98.5992],"stabilizedTipPosition":[39.467,257.825,66.1621],"timeVisible":0.103789,"tipPosition":[39.8059,263.759,67.4529],"tipVelocity":[78.9075,937.112,470.525],"tool":false,"touchDistance":1,"touchZone":"none","type":0,"width":21.3285},{"bases":[[[0.876422,0.19936,-0.438337],[0.265297,0.559771,0.785031],[0.401872,-0.804308,0.437706]],[[0.91061,0.122119,-0.394813],[0.327622,0.368998,0.869773],[0.251901,-0.921373,0.296004]],[[0.91061,0.122119,-0.394813],[0.269287,0.549351,0.79101],[0.313488,-0.82662,0.46736]],[[0.91061,0.122119,-0.394813],[0.269287,0.549351,0.79101],[0.313488,-0.82662,0.46736]]],"btipPosition":[61.3743,355.564,68.514],"carpPosition":[111.729,231.079,128.912],"dipPosition":[66.2309,342.758,75.7544],"direction":[-0.313488,0.82662,-0.46736],"extended":true,"handId":104,"id":1041,"length":53.323,"mcpPosition":[82.9143,288.749,97.5281],"pipPosition":[73.1013,324.641,85.9971],"stabilizedTipPosition":[57.3984,307.23,32.2695],"timeVisible":0.103789,"tipPosition":[58.3405,344.66,65.3695],"tipVelocity":[408.101,1158.1,1292.77],"tool":false,"touchDistance":1,"touchZone":"none","type":1,"width":20.373},{"bases":[[[0.864505,-0.00950549,-0.502535],[0.418406,0.567622,0.709043],[0.27851,-0.823234,0.494689]],[[0.86858,-0.0218367,-0.495068],[0.461797,0.398058,0.792649],[0.179757,-0.9171,0.35583]],[[0.86858,-0.0218367,-0.495068],[0.455761,0.42742,0.780765],[0.194552,-0.903789,0.381201]],[[0.86858,-0.0218367,-0.495068],[0.443457,0.480123,0.756853],[0.221166,-0.876929,0.426709]]],"btipPosition":[86.7638,369.141,58.4712],"carpPosition":[122.342,234.837,124.759],"dipPosition":[90.5323,354.198,65.7421],"direction":[-0.194552,0.903789,-0.381201],"extended":true,"handId":104,"id":1042,"length":60.7573,"mcpPosition":[103.405,290.813,91.1227],"pipPosition":[95.5488,330.895,75.5711],"stabilizedTipPosition":[81.5756,344.583,39.6445],"timeVisible":0.103789,"tipPosition":[81.9728,361.787,55.4703],"tipVelocity":[196.518,843.397,1061.87],"tool":false,"touchDistance":1,"touchZone":"none","type":2,"width":20.009},{"bases":[[[0.86205,-0.17331,-0.476271],[0.487767,0.53896,0.686735],[0.137673,-0.824309,0.549145]],[[0.854788,-0.135132,-0.501076],[0.511518,0.382489,0.769449],[0.0876791,-0.914025,0.396069]],[[0.854788,-0.135132,-0.501076],[0.511518,0.382489,0.769449],[0.0876791,-0.914025,0.396069]],[[0.854788,-0.135132,-0.501076],[0.496568,0.493614,0.713979],[0.150857,-0.859119,0.489037]]],"btipPosition":[116.072,360.746,51.1946],"carpPosition":[132.787,235.88,118.999],"dipPosition":[118.628,346.191,59.4797],"direction":[-0.0876791,0.914025,-0.396069],"extended":true,"handId":104,"id":1043,"length":58.4197,"mcpPosition":[124.382,286.202,85.4741],"pipPosition":[120.83,323.232,69.4283],"stabilizedTipPosition":[103.916,327.722,30.7006],"timeVisible":0.103789,"tipPosition":[110.698,351.294,47.6617],"tipVelocity":[220.141,999.046,1227.11],"tool":false,"touchDistance":0.484217,"touchZone":"hovering","type":3,"width":19.0398},{"bases":[[[0.779667,-0.354204,-0.51639],[0.626143,0.430486,0.650097],[-0.00796832,-0.830194,0.557418]],[[0.778285,-0.294723,-0.554446],[0.624444,0.270627,0.732687],[-0.0658918,-0.91646,0.394663]],[[0.778285,-0.294723,-0.554446],[0.627282,0.325418,0.707546],[-0.0281033,-0.898466,0.438143]],[[0.778285,-0.294723,-0.554446],[0.627412,0.400211,0.667971],[0.0250287,-0.867738,0.496391]]],"btipPosition":[144.283,337.029,49.6773],"carpPosition":[141.613,231.233,109.36],"dipPosition":[144.675,323.466,57.4355],"direction":[0.0281033,0.898466,-0.438143],"extended":true,"handId":104,"id":1044,"length":45.8,"mcpPosition":[142.064,278.149,77.8594],"pipPosition":[144.176,307.532,65.2059],"stabilizedTipPosition":[143.193,322.569,41.4033],"timeVisible":0.103789,"tipPosition":[138.813,330.53,46.9677],"tipVelocity":[-11.8517,869.154,885.973],"tool":false,"touchDistance":1,"touchZone":"none","type":4,"width":16.9127}],"r":[[0.849239,0.0194928,0.527649],[0.133544,0.958898,-0.250361],[-0.510842,0.283081,0.81173]],"s":1.07914,"t":[25.6822,59.7327,22.9332],"timestamp":257129622444},{"currentFrameRate":33.2832,"devices":[],"gestures":[],"hands":[{"armBasis":[[0.898024,0.0935618,-0.429882],[0.250161,0.695189,0.673893],[0.3619,-0.712712,0.600891]],"armWidth":65.5845,"confidence":0.538739,"direction":[-0.205341,0.921226,-0.330419],"elbow":[230.712,21.5405,286.787],"grabAngle":0,"grabStrength":0,"id":104,"palmNormal":[-0.349716,-0.38439,-0.854367],"palmPosition":[110.333,273.013,100.682],"palmVelocity":[50.5099,558.645,452.623],"palmWidth":88.6782,"pinchDistance":72.425,"pinchStrength":0,"r":[[0.81006,0.0156279,0.586138],[0.158438,0.956625,-0.244472],[-0.564535,0.290903,0.772448]],"s":1.0869,"sphereCenter":[105.014,374.739,221.455],"sphereRadius":158.515,"stabilizedPalmPosition":[110.057,267.19,96.5088],"t":[26.9092,67.5904,27.9615],"timeVisible":0.114346,"type":"right","wrist":[135.482,209.084,128.669]}],"id":75538,"interactionBox":{"center":[0,200,0],"size":[235.247,235.247,147.751]},"pointables":[{"bases":[[[0.640548,0.547667,0.538293],[-0.499107,-0.235812,0.833837],[0.583601,-0.802778,0.122296]],[[0.396185,0.7937,0.461604],[-0.56386,-0.186455,0.804547],[0.724638,-0.57903,0.373665]],[[0.396185,0.7937,0.461604],[-0.710506,-0.0534176,0.701661],[0.581566,-0.60596,0.542765]],[[0.396185,0.7937,0.461604],[-0.806039,0.0598923,0.588825],[0.439704,-0.605354,0.663481]]],"btipPosition":[38.4466,277.561,72.9035],"carpPosition":[101.01,217.811,121.942],"dipPosition":[47.7775,264.715,86.9832],"direction":[-0.581566,0.60596,-0.542765],"extended":true,"handId":104,"id":1040,"length":47.2559,"mcpPosition":[101.01,217.811,121.942],"pipPosition":[65.757,245.981,103.763],"stabilizedTipPosition":[40.0317,266.244,71.1688],"timeVisible":0.114346,"tipPosition":[39.6375,272.14,74.1843],"tipVelocity":[72.0821,832.542,644.104],"tool":false,"touchDistance":1,"touchZone":"none","type":0,"width":21.3285},{"bases":[[[0.866622,0.21371,-0.450882],[0.293052,0.513361,0.806586],[0.403841,-0.831137,0.382262]],[[0.907998,0.114774,-0.402947],[0.350715,0.317938,0.88086],[0.229212,-0.941139,0.248434]],[[0.907998,0.114774,-0.402947],[0.313812,0.450918,0.835581],[0.277599,-0.885155,0.373415]],[[0.907998,0.114774,-0.402947],[0.313812,0.450918,0.835581],[0.277599,-0.885155,0.373415]]],"btipPosition":[64.449,364.582,80.5693],"carpPosition":[112.718,235.214,131.624],"dipPosition":[68.7496,350.869,86.3543],"direction":[-0.277599,0.885155,-0.373415],"extended":true,"handId":104,"id":1041,"length":53.323,"mcpPosition":[83.7626,294.807,104.216],"pipPosition":[74.8335,331.47,94.5382],"stabilizedTipPosition":[58.6403,315.602,39.9362],"timeVisible":0.114346,"tipPosition":[59.9406,353.921,76.707],"tipVelocity":[279.135,834.494,1110.22],"tool":false,"touchDistance":1,"touchZone":"none","type":1,"width":20.373},{"bases":[[[0.850473,0.00878756,-0.525945],[0.444141,0.523729,0.726944],[0.28184,-0.85184,0.441514]],[[0.857139,-0.0121368,-0.514942],[0.4862,0.349143,0.801068],[0.170066,-0.936991,0.305165]],[[0.857139,-0.0121368,-0.514942],[0.48162,0.373354,0.792874],[0.182633,-0.927609,0.325862]],[[0.857139,-0.0121368,-0.514942],[0.47143,0.421265,0.774783],[0.207524,-0.906856,0.366804]]],"btipPosition":[88.4187,377.323,69.38],"carpPosition":[123.26,239.08,127.39],"dipPosition":[91.9548,361.871,75.6301],"direction":[-0.182633,0.927609,-0.325862],"extended":true,"handId":104,"id":1042,"length":60.7573,"mcpPosition":[104.097,297.002,97.3695],"pipPosition":[96.6639,337.953,84.0323],"stabilizedTipPosition":[83.3414,351.315,46.8342],"timeVisible":0.114346,"tipPosition":[82.9263,370.236,66.4671],"tipVelocity":[151.695,763.943,1011.09],"tool":false,"touchDistance":1,"touchZone":"none","type":2,"width":20.009},{"bases":[[[0.846762,-0.15617,-0.508533],[0.512526,0.495596,0.701214],[0.142519,-0.854398,0.499693]],[[0.839058,-0.115514,-0.531637],[0.537696,0.324897,0.778027],[0.0828542,-0.938669,0.334718]],[[0.839058,-0.115514,-0.531637],[0.537696,0.324897,0.778027],[0.0828542,-0.938669,0.334718]],[[0.839058,-0.115514,-0.531637],[0.526529,0.41836,0.740096],[0.136925,-0.900906,0.41185]]],"btipPosition":[117.099,369.354,61.9583],"carpPosition":[133.558,240.326,121.409],"dipPosition":[119.419,354.091,68.9357],"direction":[-0.0828542,0.938669,-0.334718],"extended":true,"handId":104,"id":1043,"length":58.4197,"mcpPosition":[124.857,292.485,90.9036],"pipPosition":[121.5,330.513,77.3433],"stabilizedTipPosition":[107.401,337.407,39.0496],"timeVisible":0.114346,"tipPosition":[111.409,360.111,57.5177],"tipVelocity":[92.1952,799.98,991.089],"tool":false,"touchDistance":0.626073,"touchZone":"hovering","type":3,"width":19.0398},{"bases":[[[0.761163,-0.333733,-0.556105],[0.648554,0.387829,0.654956],[-0.00290658,-0.859192,0.511645]],[[0.758811,-0.261748,-0.596401],[0.648906,0.225209,0.726775],[-0.0559174,-0.938493,0.340741]],[[0.758811,-0.261748,-0.596401],[0.65103,0.277917,0.706344],[-0.0191343,-0.924256,0.381292]],[[0.758811,-0.261748,-0.596401],[0.650705,0.344146,0.676865],[0.0280806,-0.901694,0.431462]]],"btipPosition":[143.922,345.247,57.9494],"carpPosition":[142.065,236.119,111.294],"dipPosition":[144.361,331.154,64.6928],"direction":[0.0191343,0.924256,-0.381292],"extended":true,"handId":104,"id":1044,"length":45.8,"mcpPosition":[142.229,284.673,82.3796],"pipPosition":[144.022,314.763,71.4549],"stabilizedTipPosition":[143.488,329.492,47.8489],"timeVisible":0.114346,"tipPosition":[139.023,338.846,54.7079],"tipVelocity":[-33.1722,766.932,761.45],"tool":false,"touchDistance":1,"touchZone":"none","type":4,"width":16.9127}],"r":[[0.81006,0.0156279,