{"frames":190,"data":[{"currentFrameRate":24.2119,"devices":[],"gestures":[],"hands":[],"id":76178,"interactionBox":{"center":[0,200,0],"size":[235.247,235.247,147.751]},"pointables":[],"r":[[-0.962136,-0.269906,0.0380192],[0.215739,-0.839331,-0.498979],[0.166588,-0.471883,0.86578]],"s":0.686793,"t":[505.899,-233.461,348.339],"timestamp":257148580465},{"currentFrameRate":24.1344,"devices":[],"gestures":[],"hands":[],"id":76179,"interactionBox":{"center":[0,200,0],"size":[235.247,235.247,147.751]},"pointables":[],"r":[[-0.962136,-0.269906,0.0380192],[0.215739,-0.839331,-0.498979],[0.166588,-0.471883,0.86578]],"s":0.686793,"t":[505.899,-233.461,348.339],"timestamp":257148622477},{"currentFrameRate":24.1795,"devices":[],"gestures":[],"hands":[],"id":76180,"interactionBox":{"center":[0,200,0],"size":[235.247,235.247,147.751]},"pointables":[],"r":[[-0.962136,-0.269906,0.0380192],[0.215739,-0.839331,-0.498979],[0.166588,-0.471883,0.86578]],"s":0.686793,"t":[505.899,-233.461,348.339],"timestamp":257148663498},{"currentFrameRate":24.2048,"devices":[],"gestures":[],"hands":[],"id":76181,"interactionBox":{"center":[0,200,0],"size":[235.247,235.247,147.751]},"pointables":[],"r":[[-0.962136,-0.269906,0.0380192],[0.215739,-0.839331,-0.498979],[0.166588,-0.471883,0.86578]],"s":0.686793,"t":[505.899,-233.461,348.339],"timestamp":257148704624},{"currentFrameRate":24.1913,"devices":[],"gestures":[],"hands":[],"id":76182,"interactionBox":{"center":[0,200,0],"size":[235.247,235.247,147.751]},"pointables":[],"r":[[-0.962136,-0.269906,0.0380192],[0.215739,-0.839331,-0.498979],[0.166588,-0.471883,0.86578]],"s":0.686793,"t":[505.899,-233.461,348.339],"timestamp":257148746062},{"currentFrameRate":24.1748,"devices":[],"gestures":[],"hands":[],"id":76183,"interactionBox":{"center":[0,200,0],"size":[235.247,235.247,147.751]},"pointables":[],"r":[[-0.962136,-0.269906,0.0380192],[0.215739,-0.839331,-0.498979],[0.166588,-0.471883,0.86578]],"s":0.686793,"t":[505.899,-233.461,348.339],"timestamp":257148787550},{"currentFrameRate":24.1987,"devices":[],"gestures":[],"hands":[],"id":76184,"interactionBox":{"center":[0,200,0],"size":[235.247,235.247,147.751]},"pointables":[],"r":[[-0.962136,-0.269906,0.0380192],[0.215739,-0.839331,-0.498979],[0.166588,-0.471883,0.86578]],"s":0.686793,"t":[505.899,-233.461,348.339],"timestamp":257148828697},{"currentFrameRate":24.2164,"devices":[],"gestures":[],"hands":[],"id":76185,"interactionBox":{"center":[0,200,0],"size":[235.247,235.247,147.751]},"pointables":[],"r":[[-0.962136,-0.269906,0.0380192],[0.215739,-0.839331,-0.498979],[0.166588,-0.471883,0.86578]],"s":0.686793,"t":[505.899,-233.461,348.339],"timestamp":257148869859},{"currentFrameRate":24.2183,"devices":[],"gestures":[],"hands":[],"id":76186,"interactionBox":{"center":[0,200,0],"size":[235.247,235.247,147.751]},"pointables":[],"r":[[-0.962136,-0.269906,0.0380192],[0.215739,-0.839331,-0.498979],[0.166588,-0.471883,0.86578]],"s":0.686793,"t":[505.899,-233.461,348.339],"timestamp":257148911136},{"currentFrameRate":24.1941,"devices":[],"gestures":[],"hands":[],"id":76187,"interactionBox":{"center":[0,200,0],"size":[235.247,235.247,147.751]},"pointables":[],"r":[[-0.962136,-0.269906,0.0380192],[0.215739,-0.839331,-0.498979],[0.166588,-0.471883,0.86578]],"s":0.686793,"t":[505.899,-233.461,348.339],"timestamp":257148952649},{"currentFrameRate":24.2351,"devices":[],"gestures":[],"hands":[],"id":76188,"interactionBox":{"center":[0,200,0],"size":[235.247,235.247,147.751]},"pointables":[],"r":[[-0.962136,-0.269906,0.0380192],[0.215739,-0.839331,-0.498979],[0.166588,-0.471883,0.86578]],"s":0.686793,"t":[505.899,-233.461,348.339],"timestamp":257148993606},{"currentFrameRate":24.2327,"devices":[],"gestures":[],"hands":[],"id":76189,"interactionBox":{"center":[0,200,0],"size":[235.247,235.247,147.751]},"pointables":[],"r":[[-0.962136,-0.269906,0.0380192],[0.215739,-0.839331,-0.498979],[0.166588,-0.471883,0.86578]],"s":0.686793,"t":[505.899,-233.461,348.339],"timestamp":257149034891},{"currentFrameRate":24.2297,"devices":[],"gestures":[],"hands":[],"id":76190,"interactionBox":{"center":[0,200,0],"size":[235.247,235.247,147.751]},"pointables":[],"r":[[-0.962136,-0.269906,0.0380192],[0.215739,-0.839331,-0.498979],[0.166588,-0.471883,0.86578]],"s":0.686793,"t":[505.899,-233.461,348.339],"timestamp":257149076185},{"currentFrameRate":24.2326,"devices":[],"gestures":[],"hands":[],"id":76191,"interactionBox":{"center":[0,200,0],"size":[235.247,235.247,147.751]},"pointables":[],"r":[[-0.962136,-0.269906,0.0380192],[0.215739,-0.839331,-0.498979],[0.166588,-0.471883,0.86578]],"s":0.686793,"t":[505.899,-233.461,348.339],"timestamp":257149117430},{"currentFrameRate":24.2037,"devices":[],"gestures":[],"hands":[],"id":76192,"interactionBox":{"center":[0,200,0],"size":[235.247,235.247,147.751]},"pointables":[],"r":[[-0.962136,-0.269906,0.0380192],[0.215739,-0.839331,-0.498979],[0.166588,-0.471883,0.86578]],"s":0.686793,"t":[505.899,-233.461,348.339],"timestamp":257149158961},{"currentFrameRate":24.2343,"devices":[],"gestures":[],"hands":[{"armBasis":[[-0.0359808,0.894595,0.445426],[-0.882781,-0.237362,0.405409],[0.468404,-0.378627,0.798273]],"armWidth":62.1011,"confidence":0,"direction":[-0.514648,0.505105,-0.692824],"elbow":[245.277,58.1178,314.928],"grabAngle":0.715644,"grabStrength":0,"id":105,"palmNormal":[0.85645,0.264791,-0.443147],"palmPosition":[87.8568,188.681,46.564],"palmVelocity":[1.19209e-7,1.19209e-7,1.19209e-7],"palmWidth":88.6782,"pinchDistance":47.7535,"pinchStrength":0.223246,"r":[[1,-1.11022e-17,0],[1.11022e-17,1,-2.22045e-17],[2.46519e-34,2.22045e-17,1]],"s":1,"sphereCenter":[157.88,203.141,-17.3049],"sphereRadius":97.2543,"stabilizedPalmPosition":[87.8568,188.681,46.564],"t":[0,0,0],"timeVisible":0,"type":"right","wrist":[122.021,157.75,104.87]}],"id":76193,"interactionBox":{"center":[0,200,0],"size":[235.247,235.247,147.751]},"pointables":[{"bases":[[[-0.850207,0.192269,0.490082],[-0.214666,-0.976628,0.0107416],[0.480694,-0.0960716,0.87161]],[[-0.886236,0.199397,0.418122],[-0.428632,-0.695276,-0.576945],[0.17567,-0.69053,0.701647]],[[-0.886236,0.199397,0.418122],[-0.357574,-0.868288,-0.343826],[0.294493,-0.45422,0.840808]],[[-0.886236,0.199397,0.418122],[-0.339399,-0.893801,-0.293136],[0.315268,-0.401698,0.859794]]],"btipPosition":[95.7219,203.215,-10.7264],"carpPosition":[121.245,145.366,70.9588],"dipPosition":[102.913,194.053,8.88462],"direction":[-0.294493,0.45422,-0.840808],"extended":true,"handId":105,"id":1050,"length":50.7922,"mcpPosition":[121.245,145.366,70.9588],"pipPosition":[112.699,178.96,36.8241],"stabilizedTipPosition":[97.3758,201.108,-6.21587],"timeVisible":0,"tipPosition":[97.3758,201.108,-6.21587],"tipVelocity":[1.19209e-7,1.19209e-7,1.19209e-7],"tool":false,"touchDistance":1,"touchZone":"none","type":0,"width":19.7355},{"bases":[[[0.469199,0.686192,0.555871],[-0.790865,0.0464384,0.610227],[0.392919,-0.725937,0.564474]],[[0.354277,0.847793,0.394633],[-0.916771,0.231644,0.325378],[0.184439,-0.477062,0.859298]],[[0.354277,0.847793,0.394633],[-0.916771,0.231644,0.325378],[0.184439,-0.477062,0.859298]],[[0.354277,0.847793,0.394633],[-0.934485,0.305164,0.183338],[0.035005,-0.433731,0.900362]]],"btipPosition":[73.629,257.226,-0.48849],"carpPosition":[106.293,183.382,92.5281],"dipPosition":[74.2171,249.94,14.6366],"direction":[-0.184439,0.477062,-0.859298],"extended":true,"handId":105,"id":1054,"length":49.2274,"mcpPosition":[84.0887,224.406,60.6285],"pipPosition":[77.7328,240.846,31.0164],"stabilizedTipPosition":[73.7643,255.55,2.99027],"timeVisible":0,"tipPosition":[73.7643,255.55,2.99027],"tipVelocity":[1.19209e-7,1.19209e-7,1.19209e-7],"tool":false,"touchDistance":1,"touchZone":"none","type":4,"width":15.6495},{"bases":[[[-0.0466019,0.894581,0.444469],[-0.92324,-0.208457,0.32276],[0.381388,-0.395311,0.835627]],[[0.122824,0.635834,0.76199],[-0.929245,-0.195901,0.313251],[0.34845,-0.746551,0.566785]],[[0.122824,0.635834,0.76199],[-0.976096,0.216121,-0.0230045],[-0.179309,-0.74095,0.64718]],[[0.122824,0.635834,0.76199],[-0.944758,0.310017,-0.106406],[-0.303887,-0.706827,0.638787]]],"btipPosition":[67.2227,240.871,-32.8785],"carpPosition":[99.8743,152.044,76.65],"dipPosition":[62.1625,229.101,-22.2417],"direction":[0.179309,0.74095,-0.64718],"extended":true,"handId":105,"id":1051,"length":57.3134,"mcpPosition":[72.5286,180.388,16.7352],"pipPosition":[57.9387,211.647,-6.99657],"stabilizedTipPosition":[66.0589,238.164,-30.432],"timeVisible":0,"tipPosition":[66.0589,238.164,-30.432],"tipVelocity":[1.19209e-7,1.19209e-7,1.19209e-7],"tool":false,"touchDistance":1,"touchZone":"none","type":1,"width":18.8514},{"bases":[[[0.163431,0.85529,0.4917],[-0.909229,-0.062845,0.411524],[0.382874,-0.514324,0.767384]],[[0.210109,0.784118,0.583964],[-0.945272,0.0104188,0.326117],[0.24963,-0.620525,0.743393]],[[0.210109,0.784118,0.583964],[-0.977248,0.186142,0.10167],[-0.0289796,-0.592039,0.805388]],[[0.210109,0.784118,0.583964],[-0.752319,0.511134,-0.415642],[-0.624396,-0.351997,0.6973]]],"btipPosition":[72.0489,249.521,-40.2091],"carpPosition":[97.5704,162.545,81.9822],"dipPosition":[60.6133,243.074,-27.4383],"direction":[0.0289795,0.592039,-0.805388],"extended":true,"handId":105,"id":1052,"length":65.304,"mcpPosition":[71.5368,197.517,29.8036],"pipPosition":[59.8102,226.667,-5.11788],"stabilizedTipPosition":[69.4187,248.038,-37.2718],"timeVisible":0,"tipPosition":[69.4187,248.038,-37.2718],"tipVelocity":[1.19209e-7,1.19209e-7,1.19209e-7],"tool":false,"touchDistance":0.974256,"touchZone":"hovering","type":2,"width":18.5145},{"bases":[[[0.286066,0.772568,0.566837],[-0.882561,-0.0179413,0.469855],[0.373165,-0.634678,0.676706]],[[0.173619,0.91622,0.361106],[-0.952121,0.0624712,0.299272],[0.25164,-0.395775,0.883198]],[[0.173619,0.91622,0.361106],[-0.952121,0.0624712,0.299272],[0.25164,-0.395775,0.883198]],[[0.173619,0.91622,0.361106],[-0.977562,0.20475,-0.0494948],[-0.119285,-0.34441,0.931211]]],"btipPosition":[60.0531,246.028,-32.9838],"carpPosition":[98.4136,173.091,87.5879],"dipPosition":[57.8811,239.757,-16.0271],"direction":[-0.25164,0.395775,-0.883198],"extended":true,"handId":105,"id":1053,"length":62.7915,"mcpPosition":[75.6324,211.838,46.276],"pipPosition":[64.6749,229.071,7.81767],"stabilizedTipPosition":[59.5536,244.586,-29.0837],"timeVisible":0,"tipPosition":[59.5536,244.586,-29.0837],"tipVelocity":[1.19209e-7,1.19209e-7,1.19209e-7],"tool":false,"touchDistance":1,"touchZone":"none","type":3,"width":17.6178}],"r":[[1,-1.11022e-17,0],[1.11022e-17,1,-2.22045e-17],[2.46519e-34,2.22045e-17,1]],"s":1,"t":[0,0,0],"timestamp":257149199997},{"currentFrameRate":24.2028,"devices":[],"gestures":[],"hands":[{"armBasis":[[0.876631,0.0205175,-0.480726],[0.224448,0.866296,0.446267],[0.425607,-0.49911,0.754817]],"armWidth":65.5845,"confidence":0.215467,"direction":[-0.18252,0.736469,-0.651383],"elbow":[231.161,39.6168,293.919],"grabAngle":0.69963,"grabStrength":0,"id":105,"palmNormal":[-0.294522,-0.673043,-0.678432],"palmPosition":[94.8476,220.598,45.6434],"palmVelocity":[168.244,768.133,-22.1567],"palmWidth":88.6782,"pinchDistance":61.3417,"pinchStrength":0,"r":[[0.968786,-0.239276,-0.0648084],[0.223275,0.955807,-0.191263],[0.107709,0.170822,0.979397]],"s":1.17393,"sphereCenter":[78.0546,143.937,-52.1493],"sphereRadius":126.314,"stabilizedPalmPosition":[94.6619,219.75,45.6678],"t":[3.49543,15.9587,-0.460329],"timeVisible":0.041552,"type":"right","wrist":[119.166,170.953,95.2968]}],"id":76194,"interactionBox":{"center":[0,200,0],"size":[235.247,235.247,147.751]},"pointables":[{"bases":[[[0.605283,0.718326,0.342988],[-0.551994,0.0683177,0.831045],[0.573529,-0.692344,0.437863]],[[0.424146,0.881076,0.209295],[-0.530812,0.054633,0.845727],[0.733716,-0.469808,0.490858]],[[0.424146,0.881076,0.209295],[-0.681354,0.158241,0.714644],[0.596537,-0.445717,0.667442]],[[0.424146,0.881076,0.209295],[-0.737476,0.201925,0.644481],[0.525575,-0.427704,0.735418]]],"btipPosition":[18.8178,222.229,24.607],"carpPosition":[84.1082,176.517,84.7277],"dipPosition":[29.971,213.153,40.2133],"direction":[-0.596537,0.445717,-0.667442],"extended":true,"handId":105,"id":1050,"length":47.2559,"mcpPosition":[84.1082,176.517,84.7277],"pipPosition":[48.4134,199.373,60.8478],"stabilizedTipPosition":[27.3356,218.651,25.5009],"timeVisible":0.041552,"tipPosition":[25.2721,220.783,25.7129],"tipVelocity":[-1828.86,458.064,828.175],"tool":false,"touchDistance":1,"touchZone":"none","type":0,"width":21.3285},{"bases":[[[0.894091,0.056601,-0.444295],[0.241209,0.774988,0.584134],[0.377386,-0.629436,0.679257]],[[0.94669,-0.0554628,-0.317336],[0.217393,0.836946,0.502256],[0.237737,-0.544468,0.804386]],[[0.94669,-0.0554628,-0.317336],[0.108922,0.982161,0.153282],[0.303174,-0.179676,0.935843]],[[0.94669,-0.0554628,-0.317336],[0.0414216,0.997848,-0.0508294],[0.319473,0.0349751,0.94695]]],"btipPosition":[47.2772,266.226,-27.0261],"carpPosition":[95.1909,196.489,88.1927],"dipPosition":[52.2265,266.768,-12.3558],"direction":[-0.303174,0.179676,-0.935843],"extended":true,"handId":105,"id":1051,"length":53.323,"mcpPosition":[68.1321,241.62,39.4897],"pipPosition":[58.8709,262.83,8.15435],"stabilizedTipPosition":[49.0503,265.336,-23.8959],"timeVisible":0.041552,"tipPosition":[54.2571,266.762,-25.9511],"tipVelocity":[-424.609,678.35,163.172],"tool":false,"touchDistance":1,"touchZone":"none","type":1,"width":20.373},{"bases":[[[0.882548,-0.16191,-0.441467],[0.39712,0.759393,0.515382],[0.251802,-0.630165,0.734499]],[[0.899287,-0.209852,-0.383725],[0.380158,0.808863,0.448577],[0.216246,-0.549275,0.807177]],[[0.899287,-0.209852,-0.383725],[0.299387,0.934956,0.190327],[0.318825,-0.286041,0.903621]],[[0.899287,-0.209852,-0.383725],[0.228435,0.973555,0.00293515],[0.372961,-0.0902956,0.923443]]],"btipPosition":[64.8403,274.576,-40.7571],"carpPosition":[105.988,198.808,83.4974],"dipPosition":[71.1953,273.038,-25.0221],"direction":[-0.318825,0.286041,-0.903621],"extended":true,"handId":105,"id":1052,"length":60.7573,"mcpPosition":[88.8671,241.656,33.5549],"pipPosition":[79.416,265.662,-1.72284],"stabilizedTipPosition":[66.3842,273.531,-37.1416],"timeVisible":0.041552,"tipPosition":[66.3712,270.378,-40.5688],"tipVelocity":[-75.0084,630.157,3.2196],"tool":false,"touchDistance":0.912171,"touchZone":"hovering","type":2,"width":20.009},{"bases":[[[0.877519,-0.309662,-0.366155],[0.466984,0.725409,0.505676],[0.109024,-0.614729,0.781167]],[[0.879457,-0.321446,-0.351039],[0.451405,0.797176,0.400929],[0.150962,-0.511061,0.846184]],[[0.879457,-0.321446,-0.351039],[0.374255,0.922679,0.0927228],[0.294091,-0.212924,0.931759]],[[0.879457,-0.321446,-0.351039],[0.299004,0.946927,-0.118006],[0.370341,-0.00118089,0.928895]]],"btipPosition":[90.2176,261.65,-43.0088],"carpPosition":[116.65,198.049,78.1027],"dipPosition":[96.4917,261.63,-27.2719],"direction":[-0.294091,0.212924,-0.931759],"extended":true,"handId":105,"id":1053,"length":58.4197,"mcpPosition":[109.995,235.577,30.4136],"pipPosition":[103.879,256.282,-3.86761],"stabilizedTipPosition":[90.1873,260.863,-38.9164],"timeVisible":0.041552,"tipPosition":[86.6326,264.907,-37.834],"tipVelocity":[772.696,410.567,-248.017],"tool":false,"touchDistance":0.866119,"touchZone":"hovering","type":3,"width":19.0398},{"bases":[[[0.794937,-0.494302,-0.351768],[0.60557,0.611236,0.509584],[-0.0368752,-0.618107,0.785229]],[[0.793076,-0.516405,-0.323044],[0.608091,0.702079,0.370555],[0.035446,-0.490318,0.870822]],[[0.793076,-0.516405,-0.323044],[0.548814,0.83587,0.0111544],[0.264263,-0.186137,0.946318]],[[0.793076,-0.516405,-0.323044],[0.470776,0.856181,-0.212896],[0.386525,0.0167616,0.922127]]],"btipPosition":[116.005,244.369,-32.7785],"carpPosition":[125.785,190.679,70.7111],"dipPosition":[122.046,244.631,-18.3663],"direction":[-0.264263,0.186137,-0.946318],"extended":true,"handId":105,"id":1054,"length":45.8,"mcpPosition":[127.869,225.61,26.3363],"pipPosition":[126.733,241.33,-1.58364],"stabilizedTipPosition":[109.577,246.422,-23.6484],"timeVisible":0.041552,"tipPosition":[112.152,247.826,-28.8598],"tipVelocity":[1050.02,-267.633,-781.044],"tool":false,"touchDistance":0.966893,"touchZone":"hovering","type":4,"width":16.9127}],"r":[[0.968786,-0.239276,-0.0648084],[0.223275,0.955807,-0.191263],[0.107709,0.170822,0.979397]],"s":1.17393,"t":[3.49543,15.9587,-0.460329],"timestamp":257149241549},{"currentFrameRate":25.2587,"devices":[],"gestures":[],"hands":[{"armBasis":[[0.901613,-0.000367158,-0.432543],[0.272952,0.776232,0.568296],[0.335545,-0.630447,0.699962]],"armWidth":65.5845,"confidence":0.368652,"direction":[-0.208249,0.744291,-0.634557],"elbow":[210.096,28.0012,278.933],"grabAngle":0.617618,"grabStrength":0,"id":105,"palmNormal":[-0.310344,-0.665539,-0.678782],"palmPosition":[96.8958,245.209,47.1319],"palmVelocity":[64.2376,771.886,46.6845],"palmWidth":88.6782,"pinchDistance":71.6089,"pinchStrength":0,"r":[[0.900644,-0.426313,-0.0842442],[0.374671,0.860004,-0.346431],[0.220138,0.280448,0.934285]],"s":1.31399,"sphereCenter":[87.2532,167.346,-59.9815],"sphereRadius":134.753,"stabilizedPalmPosition":[96.8562,244.758,47.1059],"t":[6.26723,36.2435,0.0537508],"timeVisible":0.073436,"type":"right","wrist":[121.801,193.897,94.7452]}],"id":76195,"interactionBox":{"center":[0,200,0],"size":[235.247,235.247,147.751]},"pointables":[{"bases":[[[0.610181,0.718148,0.334579],[-0.526411,0.0518941,0.848645],[0.59209,-0.693953,0.409706]],[[0.358263,0.918736,0.166049],[-0.499215,0.0382181,0.865635],[0.788944,-0.393019,0.472339]],[[0.358263,0.918736,0.166049],[-0.67369,0.131264,0.727263],[0.646366,-0.372417,0.665971]],[[0.358263,0.918736,0.166049],[-0.753242,0.179355,0.632818],[0.55161,-0.351791,0.756287]]],"btipPosition":[17.6403,238.583,26.2626],"carpPosition":[87.7104,200.484,85.8796],"dipPosition":[29.346,231.118,42.3117],"direction":[-0.646366,0.372417,-0.665971],"extended":true,"handId":105,"id":1050,"length":47.2559,"mcpPosition":[87.7104,200.484,85.8796],"pipPosition":[49.3289,219.605,62.9007],"stabilizedTipPosition":[20.6559,236.025,29.7483],"timeVisible":0.073436,"tipPosition":[24.1916,241.843,29.6016],"tipVelocity":[-32.9464,524.554,55.1182],"tool":false,"touchDistance":1,"touchZone":"none","type":0,"width":21.3285},{"bases":[[[0.879401,0.0701818,-0.470881],[0.253355,0.768401,0.587683],[0.40307,-0.636109,0.657951]],[[0.930683,-0.0278872,-0.364763],[0.23708,0.805347,0.543332],[0.278609,-0.592148,0.756134]],[[0.930683,-0.0278872,-0.364763],[0.140962,0.947434,0.287227],[0.337579,-0.318735,0.885691]],[[0.930683,-0.0278872,-0.364763],[0.0566174,0.996057,0.0683063],[0.36142,-0.0842234,0.928592]]],"btipPosition":[45.9924,297.459,-21.1357],"carpPosition":[98.7436,220.492,89.2922],"dipPosition":[51.5915,296.155,-6.74982],"direction":[-0.337579,0.318735,-0.885691],"extended":true,"handId":105,"id":1051,"length":53.323,"mcpPosition":[69.8433,266.102,42.1169],"pipPosition":[58.99,289.169,12.6612],"stabilizedTipPosition":[47.3306,296.252,-18],"timeVisible":0.073436,"tipPosition":[51.7109,293.676,-21.0179],"tipVelocity":[-35.6095,966.282,182.692],"tool":false,"touchDistance":1,"touchZone":"none","type":1,"width":20.373},{"bases":[[[0.86961,-0.148433,-0.4709],[0.407169,0.755051,0.513917],[0.279271,-0.638643,0.717037]],[[0.886805,-0.19214,-0.420308],[0.40183,0.769812,0.495906],[0.228275,-0.608664,0.759881]],[[0.886805,-0.19214,-0.420308],[0.307426,0.924323,0.22609],[0.345059,-0.329712,0.878763]],[[0.886805,-0.19214,-0.420308],[0.217826,0.975895,0.0134673],[0.407589,-0.103497,0.907281]]],"btipPosition":[64.5641,303.257,-35.7843],"carpPosition":[109.372,222.966,84.2995],"dipPosition":[71.5091,301.493,-20.3248],"direction":[-0.345059,0.329712,-0.878763],"extended":true,"handId":105,"id":1052,"length":60.7573,"mcpPosition":[90.383,266.39,35.5443],"pipPosition":[80.4063,292.992,2.33358],"stabilizedTipPosition":[66.1662,302.221,-32.3343],"timeVisible":0.073436,"tipPosition":[65.5394,297.408,-36.3496],"tipVelocity":[-4.40684,897.91,153.977],"tool":false,"touchDistance":0.927928,"touchZone":"hovering","type":2,"width":20.009},{"bases":[[[0.868043,-0.297291,-0.397642],[0.476953,0.721774,0.501556],[0.1379,-0.625029,0.768325]],[[0.86931,-0.303195,-0.390349],[0.472007,0.743577,0.473606],[0.146659,-0.595958,0.789509]],[[0.86931,-0.303195,-0.390349],[0.397584,0.898139,0.187812],[0.293644,-0.318463,0.901307]],[[0.86931,-0.303195,-0.390349],[0.318937,0.94743,-0.0256215],[0.377597,-0.102224,0.92031]]],"btipPosition":[91.7338,294.402,-38.5543],"carpPosition":[119.867,222.37,78.5667],"dipPosition":[98.1309,292.671,-22.9629],"direction":[-0.293644,0.318463,-0.901307],"extended":true,"handId":105,"id":1053,"length":58.4197,"mcpPosition":[111.448,260.527,31.6617],"pipPosition":[105.507,284.671,-0.323457],"stabilizedTipPosition":[93.1117,292.978,-35.0906],"timeVisible":0.073436,"tipPosition":[88.4765,291.875,-35.2377],"tipVelocity":[48.4422,1014.88,138.66],"tool":false,"touchDistance":0.879156,"touchZone":"hovering","type":3,"width":19.0398},{"bases":[[[0.787351,-0.482777,-0.383413],[0.616456,0.608673,0.499498],[-0.00777301,-0.629638,0.77685]],[[0.786784,-0.501044,-0.360452],[0.617133,0.648893,0.445068],[0.0108962,-0.572619,0.819749]],[[0.786784,-0.501044,-0.360452],[0.573486,0.80935,0.126754],[0.228223,-0.306442,0.924125]],[[0.786784,-0.501044,-0.360452],[0.502498,0.859083,-0.0973269],[0.358424,-0.104551,0.927686]]],"btipPosition":[119.264,276.191,-30.2832],"carpPosition":[128.823,215.182,70.7887],"dipPosition":[124.866,274.557,-15.7841],"direction":[-0.228223,0.306442,-0.924125],"extended":true,"handId":105,"id":1054,"length":45.8,"mcpPosition":[129.263,250.764,26.8874],"pipPosition":[128.913,269.123,0.604951],"stabilizedTipPosition":[119.525,273.064,-26.6395],"timeVisible":0.073436,"tipPosition":[114.718,274.39,-27.2872],"tipVelocity":[99.0423,984.38,78.8881],"tool":false,"touchDistance":0.941266,"touchZone":"hovering","type":4,"width":16.9127}],"r":[[0.900644,-0.426313,-0.0842442],[0.374671,0.860004,-0.346431],[0.220138,0.280448,0.934285]],"s":1.31399,"t":[6.26723,36.2435,0.0537508],"timestamp":257149273433},{"currentFrameRate":28.8356,"devices":[],"gestures":[],"hands":[{"armBasis":[[0.915594,0.0202403,-0.401595],[0.254889,0.743232,0.618577],[0.310999,-0.668727,0.67534]],"armWidth":65.5845,"confidence":0.415757,"direction":[-0.22153,0.752073,-0.620735],"elbow":[203.902,18.2238,271.938],"grabAngle":0.468126,"grabStrength":0,"id":105,"palmNormal":[-0.283142,-0.658735,-0.697065],"palmPosition":[96.6645,246.146,47.6193],"palmVelocity":[-21.8831,88.6562,46.112],"palmWidth":88.6782,"pinchDistance":71.9246,"pinchStrength":0,"r":[[0.824375,-0.561266,-0.0733831],[0.470882,0.751942,-0.46136],[0.314126,0.345779,0.884173]],"s":1.4206,"sphereCenter":[91.1724,162.489,-72.6182],"sphereRadius":149.706,"stabilizedPalmPosition":[96.7184,245.755,47.4748],"t":[7.53746,46.8545,0.554515],"timeVisible":0.084007,"type":"right","wrist":[122.065,194.193,94.2287]}],"id":76196,"interactionBox":{"center":[0,200,0],"size":[235.247,235.247,147.751]},"pointables":[{"bases":[[[0.585516,0.727359,0.357938],[-0.537907,0.0182586,0.842806],[0.606487,-0.686014,0.401942]],[[0.349184,0.914792,0.203043],[-0.502746,0.0000367174,0.864434],[0.79077,-0.403925,0.459921]],[[0.349184,0.914792,0.203043],[-0.678883,0.0976121,0.727729],[0.645901,-0.391954,0.655121]],[[0.349184,0.914792,0.203043],[-0.752703,0.144763,0.642247],[0.558129,-0.377093,0.739116]]],"btipPosition":[17.997,240.103,26.9469],"carpPosition":[88.28,200.332,85.26],"dipPosition":[29.841,232.1,42.6316],"direction":[-0.645902,0.391954,-0.655121],"extended":true,"handId":105,"id":1050,"length":47.2559,"mcpPosition":[88.28,200.332,85.26],"pipPosition":[49.8096,219.983,62.8852],"stabilizedTipPosition":[20.6982,237.474,30.2705],"timeVisible":0.084007,"tipPosition":[23.7789,240.714,29.3088],"tipVelocity":[36.7537,132.036,56.809],"tool":false,"touchDistance":1,"touchZone":"none","type":0,"width":21.3285},{"bases":[[[0.8827,0.105242,-0.458001],[0.224372,0.761957,0.607518],[0.412913,-0.639019,0.648966]],[[0.937047,0.00248664,-0.349195],[0.227637,0.753958,0.616222],[0.264811,-0.656918,0.705928]],[[0.937047,0.00248664,-0.349195],[0.154805,0.893389,0.421772],[0.313016,-0.449277,0.836762]],[[0.937047,0.00248664,-0.349195],[0.0783183,0.973004,0.217092],[0.340308,-0.230774,0.911556]]],"btipPosition":[46.6462,305.391,-17.2423],"carpPosition":[98.7004,220.561,89.2494],"dipPosition":[51.9183,301.816,-3.12029],"direction":[-0.313016,0.449277,-0.836762],"extended":true,"handId":105,"id":1051,"length":53.323,"mcpPosition":[69.0943,266.379,42.7182],"pipPosition":[58.7784,291.969,15.2184],"stabilizedTipPosition":[47.6886,301.889,-15.2851],"timeVisible":0.084007,"tipPosition":[49.9434,298.011,-18.0546],"tipVelocity":[54.7369,700.915,362.572],"tool":false,"touchDistance":1,"touchZone":"none","type":1,"width":20.373},{"bases":[[[0.879101,-0.113507,-0.462924],[0.379384,0.754566,0.535442],[0.28853,-0.646333,0.706402]],[[0.897678,-0.159988,-0.410583],[0.38464,0.739117,0.552954],[0.215003,-0.654301,0.725027]],[[0.897678,-0.159988,-0.410583],[0.314146,0.885754,0.341689],[0.30901,-0.43571,0.845382]],[[0.897678,-0.159988,-0.410583],[0.24519,0.955549,0.163732],[0.366137,-0.247649,0.897002]]],"btipPosition":[66.0926,311.439,-32.3539],"carpPosition":[109.314,223.441,84.4476],"dipPosition":[72.3313,307.22,-17.0695],"direction":[-0.30901,0.43571,-0.845381],"extended":true,"handId":105,"id":1052,"length":60.7573,"mcpPosition":[89.6957,267.389,36.4155],"pipPosition":[80.2989,295.985,4.72815],"stabilizedTipPosition":[67.1391,308.116,-29.8359],"timeVisible":0.084007,"tipPosition":[65.6745,302.711,-33.1779],"tipVelocity":[129.226,720.6,320.703],"tool":false,"touchDistance":0.919321,"touchZone":"hovering","type":2,"width":20.009},{"bases":[[[0.880861,-0.26394,-0.392963],[0.450227,0.72354,0.523246],[0.146219,-0.637829,0.756171]],[[0.88186,-0.268386,-0.387675],[0.452498,0.712842,0.535818],[0.132544,-0.647939,0.750071]],[[0.88186,-0.268386,-0.387675],[0.402633,0.856507,0.322929],[0.245376,-0.440868,0.86338]],[[0.88186,-0.268386,-0.387675],[0.345322,0.927457,0.143442],[0.321054,-0.260368,0.910567]]],"btipPosition":[93.9916,303.941,-34.8263],"carpPosition":[119.89,223.268,78.8373],"dipPosition":[99.4307,299.53,-19.4],"direction":[-0.245376,0.440868,-0.86338],"extended":true,"handId":105,"id":1053,"length":58.4197,"mcpPosition":[110.964,262.206,32.6742],"pipPosition":[105.594,288.456,2.2868],"stabilizedTipPosition":[94.5796,299.831,-32.4645],"timeVisible":0.084007,"tipPosition":[90.3093,297.161,-32.986],"tipVelocity":[192.74,844.039,349.069],"tool":false,"touchDistance":0.879924,"touchZone":"hovering","type":3,"width":19.0398},{"bases":[[[0.805284,-0.451885,-0.383821],[0.59289,0.614467,0.520492],[0.000642458,-0.646707,0.762738]],[[0.805228,-0.45995,-0.374237],[0.592957,0.627852,0.504186],[0.00306527,-0.627892,0.778295]],[[0.805228,-0.45995,-0.374237],[0.567702,0.780244,0.262553],[0.171235,-0.42387,0.889389]],[[0.805228,-0.45995,-0.374237],[0.523046,0.848266,0.0828673],[0.279338,-0.262471,0.923623]]],"btipPosition":[121.603,284.805,-27.2472],"carpPosition":[129.14,216.507,71.0186],"dipPosition":[125.969,280.702,-12.8116],"direction":[-0.171235,0.423871,-0.889389],"extended":true,"handId":105,"id":1054,"length":45.8,"mcpPosition":[129.104,253.054,27.9148],"pipPosition":[129.006,273.185,2.96144],"stabilizedTipPosition":[121.285,279.228,-25.091],"timeVisible":0.084007,"tipPosition":[116.741,279.2,-25.3722],"tipVelocity":[194.38,761.099,285.822],"tool":false,"touchDistance":0.925794,"touchZone":"hovering","type":4,"width":16.9127}],"r":[[0.824375,-0.561266,-0.0733831],[0.470882,0.751942,-0.46136],[0.314126,0.345779,0.884173]],"s":1.4206,"t":[7.53746,46.8545,0.554515],"timestamp":257149284004},{"currentFrameRate":32.2222,"devices":[],"gestures":[],"hands":[{"armBasis":[[0.921715,0.0331269,-0.386451],[0.243813,0.725406,0.643694],[0.301658,-0.687524,0.66054]],"armWidth":65.5845,"confidence":0.460843,"direction":[-0.23209,0.765526,-0.600087],"elbow":[201.532,13.8597,267.58],"grabAngle":0.316237,"grabStrength":0,"id":105,"palmNormal":[-0.271636,-0.643397,-0.715719],"palmPosition":[96.2283,247.653,48.5316],"palmVelocity":[-41.1533,142.173,86.079],"palmWidth":88.6782,"pinchDistance":72.5719,"pinchStrength":0,"r":[[0.752314,-0.656741,-0.052115],[0.530775,0.651072,-0.542571],[0.390259,0.380522,0.838392]],"s":1.50316,"sphereCenter":[96.5416,193.838,-56.0925],"sphereRadius":123.137,"stabilizedPalmPosition":[96.3804,247.064,48.2038],"t":[7.9545,52.9134,1.26103],"timeVisible":0.094605,"type":"right","wrist":[122.153,194.775,93.7652]}],"id":76197,"interactionBox":{"center":[0,200,0],"size":[235.247,235.247,147.751]},"pointables":[{"bases":[[[0.573508,0.726101,0.379297],[-0.539618,-0.013521,0.841801],[0.616361,-0.687455,0.384062]],[[0.344146,0.908978,0.235207],[-0.506516,-0.031194,0.861666],[0.790573,-0.415675,0.449676]],[[0.344146,0.908978,0.235207],[-0.677816,0.0671734,0.732157],[0.649715,-0.411396,0.639237]],[[0.344146,0.908978,0.235207],[-0.742067,0.109843,0.661265],[0.57524,-0.402111,0.712324]]],"btipPosition":[17.7357,242.16,28.1112],"carpPosition":[88.4901,200.685,84.8664],"dipPosition":[29.9428,233.626,43.2274],"direction":[-0.649715,0.411396,-0.639237],"extended":true,"handId":105,"id":1050,"length":47.2559,"mcpPosition":[88.4901,200.685,84.8664],"pipPosition":[50.0293,220.908,62.9899],"stabilizedTipPosition":[20.5995,239.209,31.1097],"timeVisible":0.094605,"tipPosition":[23.2454,241.497,30.0441],"tipVelocity":[-16.773,182.554,97.5239],"tool":false,"touchDistance":1,"touchZone":"none","type":0,"width":21.3285},{"bases":[[[0.881768,0.131595,-0.452955],[0.211429,0.748148,0.628945],[0.421643,-0.650352,0.63187]],[[0.939134,0.0227757,-0.342796],[0.233899,0.688446,0.686537],[0.251633,-0.72493,0.641216]],[[0.939134,0.0227757,-0.342796],[0.18749,0.802133,0.566948],[0.28788,-0.596711,0.74904]],[[0.939134,0.0227757,-0.342796],[0.132727,0.896274,0.423174],[0.316877,-0.442915,0.838699]]],"btipPosition":[47.3349,315.764,-10.2546],"carpPosition":[98.5878,220.954,89.4391],"dipPosition":[52.2441,308.902,2.7387],"direction":[-0.28788,0.596711,-0.74904],"extended":true,"handId":105,"id":1051,"length":53.323,"mcpPosition":[68.3558,267.585,44.1338],"pipPosition":[58.5533,295.825,19.1548],"stabilizedTipPosition":[48.1811,309.699,-10.192],"timeVisible":0.094605,"tipPosition":[48.6917,305.575,-12.6592],"tipVelocity":[57.1105,907.452,634.846],"tool":false,"touchDistance":1,"touchZone":"none","type":1,"width":20.373},{"bases":[[[0.881577,-0.0869618,-0.463961],[0.366664,0.745165,0.557033],[0.297287,-0.661186,0.688806]],[[0.90084,-0.134754,-0.412708],[0.381702,0.698763,0.605007],[0.206858,-0.702546,0.68091]],[[0.90084,-0.134754,-0.412708],[0.326541,0.836762,0.439546],[0.286108,-0.530727,0.797791]],[[0.90084,-0.134754,-0.412708],[0.274216,0.913595,0.300248],[0.336589,-0.383647,0.859955]]],"btipPosition":[66.797,320.015,-27.076],"carpPosition":[109.164,224.131,84.7426],"dipPosition":[72.5322,313.478,-12.4228],"direction":[-0.286108,0.530727,-0.797791],"extended":true,"handId":105,"id":1052,"length":60.7573,"mcpPosition":[88.9501,269.089,37.907],"pipPosition":[79.9094,299.793,8.14773],"stabilizedTipPosition":[67.8006,315.154,-25.6852],"timeVisible":0.094605,"tipPosition":[65.5194,309.48,-28.7593],"tipVelocity":[55.5404,758.875,484.312],"tool":false,"touchDistance":0.937713,"touchZone":"hovering","type":2,"width":20.009},{"bases":[[[0.88555,-0.239237,-0.398203],[0.438002,0.715591,0.544136],[0.154773,-0.656274,0.738478]],[[0.886453,-0.243124,-0.393818],[0.446587,0.672713,0.589931],[0.1215,-0.698819,0.704904]],[[0.886453,-0.243124,-0.393818],[0.410541,0.805917,0.42656],[0.213678,-0.539804,0.81422]],[[0.886453,-0.243124,-0.393818],[0.369168,0.884637,0.284836],[0.279136,-0.397878,0.873943]]],"btipPosition":[95.2844,312.953,-29.7454],"carpPosition":[119.752,224.277,79.153],"dipPosition":[100.013,306.212,-14.9395],"direction":[-0.213678,0.539804,-0.81422],"extended":true,"handId":105,"id":1053,"length":58.4197,"mcpPosition":[110.303,264.342,34.07],"pipPosition":[105.381,292.653,5.51241],"stabilizedTipPosition":[95.7714,307.524,-28.3925],"timeVisible":0.094605,"tipPosition":[91.2492,303.793,-29.4211],"tipVelocity":[106.577,799.765,465.957],"tool":false,"touchDistance":0.899338,"touchZone":"hovering","type":3,"width":19.0398},{"bases":[[[0.812887,-0.428512,-0.394453],[0.582347,0.608859,0.538667],[0.00934068,-0.667584,0.744476]],[[0.812916,-0.431059,-0.391606],[0.582236,0.586579,0.562962],[-0.0129619,-0.685648,0.727817]],[[0.812916,-0.431059,-0.391606],[0.569825,0.727594,0.381978],[0.120275,-0.533663,0.837101]],[[0.812916,-0.431059,-0.391606],[0.543211,0.803664,0.242996],[0.209974,-0.41026,0.887467]]],"btipPosition":[123.592,293.467,-22.9531],"carpPosition":[129.119,217.881,71.1698],"dipPosition":[126.874,287.055,-9.08264],"direction":[-0.120275,0.533663,-0.837101],"extended":true,"handId":105,"id":1054,"length":45.8,"mcpPosition":[128.591,255.608,29.098],"pipPosition":[129.007,277.591,5.7631],"stabilizedTipPosition":[123.046,286.567,-22.0273],"timeVisible":0.094605,"tipPosition":[118.175,285.43,-22.4767],"tipVelocity":[164.165,767.227,392.913],"tool":false,"touchDistance":0.929009,"touchZone":"hovering","type":4,"width":16.9127}],"r":[[0.752314,-0.656741,-0.052115],[0.530775,0.651072,-0.542571],[0.390259,0.380522,0.838392]],"s":1.50316,"t":[7.9545,52.9134,1.26103],"timestamp":257149294602},{"currentFrameRate":35.4279,"devices":[],"gestures":[],"hands":[{"armBasis":[[0.923106,0.0382931,-0.382633],[0.242676,0.713856,0.6569],[0.2983,-0.699245,0.649672]],"armWidth":65.5845,"confidence":0.503784,"direction":[-0.244898,0.778794,-0.577499],"elbow":[201.124,12.7348,264.525],"grabAngle":0.178722,"grabStrength":0,"id":105,"palmNormal":[-0.273249,-0.626932,-0.729582],"palmPosition":[95.9514,250.511,49.8877],"palmVelocity":[-26.0561,268.961,127.61],"palmWidth":88.6782,"pinchDistance":72.9365,"pinchStrength":0,"r":[[0.688951,-0.724132,-0.0312817],[0.566439,0.564842,-0.600084],[0.452209,0.395709,0.799325]],"s":1.56768,"sphereCenter":[98.7831,299.055,39.6934],"sphereRadius":59.9186,"stabilizedPalmPosition":[96.0871,249.421,49.3551],"t":[8.02458,57.3719,2.29235],"timeVisible":0.105232,"type":"right","wrist":[122.629,196.734,93.5705]}],"id":76198,"interactionBox":{"center":[0,200,0],"size":[235.247,235.247,147.751]},"pointables":[{"bases":[[[0.570943,0.721112,0.392456],[-0.530881,-0.0403604,0.846484],[0.62625,-0.691642,0.359782]],[[0.346611,0.901155,0.260348],[-0.50197,-0.0562674,0.863053],[0.792394,-0.42983,0.43285]],[[0.346611,0.901155,0.260348],[-0.671056,0.0442952,0.740082],[0.655396,-0.431228,0.620079]],[[0.346611,0.901155,0.260348],[-0.735249,0.0886621,0.671974],[0.582469,-0.424333,0.693304]]],"btipPosition":[17.824,245.791,30.1148],"carpPosition":[88.9961,202.544,85.0554],"dipPosition":[30.1846,236.786,44.8274],"direction":[-0.655396,0.431228,-0.620079],"extended":true,"handId":105,"id":1050,"length":47.2559,"mcpPosition":[88.9961,202.544,85.0554],"pipPosition":[50.4467,223.454,63.9976],"stabilizedTipPosition":[20.6418,242.033,32.6055],"timeVisible":0.105232,"tipPosition":[22.7006,244.15,32.0708],"tipVelocity":[11.6313,331.511,179.802],"tool":false,"touchDistance":1,"touchZone":"none","type":0,"width":21.3285},{"bases":[[[0.875922,0.151337,-0.458102],[0.211244,0.733363,0.646185],[0.433746,-0.662779,0.6104]],[[0.933991,0.0434516,-0.354645],[0.254892,0.614537,0.746575],[0.250382,-0.787691,0.562896]],[[0.933991,0.0434516,-0.354645],[0.222362,0.706246,0.67214],[0.279672,-0.706632,0.649965]],[[0.933991,0.0434516,-0.354645],[0.173378,0.812769,0.556189],[0.312412,-0.580963,0.751586]]],"btipPosition":[47.1386,325.47,-1.5257],"carpPosition":[98.9615,222.776,90.0567],"dipPosition":[51.9785,316.47,10.118],"direction":[-0.279672,0.706632,-0.649965],"extended":true,"handId":105,"id":1051,"length":53.323,"mcpPosition":[67.8617,270.298,46.2907],"pipPosition":[58.1079,300.983,24.3628],"stabilizedTipPosition":[48.2212,317.469,-3.75821],"timeVisible":0.105232,"tipPosition":[47.6063,314.146,-5.83928],"tipVelocity":[-19.9732,867.047,792.176],"tool":false,"touchDistance":1,"touchZone":"none","type":1,"width":20.373},{"bases":[[[0.877538,-0.0668515,-0.474824],[0.36576,0.733661,0.572679],[0.310076,-0.676219,0.668267]],[[0.896121,-0.111421,-0.429595],[0.393258,0.648007,0.652254],[0.205706,-0.75344,0.624511]],[[0.896121,-0.111421,-0.429595],[0.35305,0.765516,0.537904],[0.268928,-0.633696,0.725332]],[[0.896121,-0.111421,-0.429595],[0.313486,0.844102,0.434992],[0.314155,-0.524478,0.791347]]],"btipPosition":[67.1,330.355,-19.5797],"carpPosition":[109.461,226.17,85.34],"dipPosition":[72.453,321.419,-6.09565],"direction":[-0.268928,0.633696,-0.725332],"extended":true,"handId":105,"id":1052,"length":60.7573,"mcpPosition":[88.3776,272.15,39.9009],"pipPosition":[79.3872,305.079,12.6066],"stabilizedTipPosition":[68.1339,323.413,-19.9013],"timeVisible":0.105232,"tipPosition":[65.2969,318.51,-22.6428],"tipVelocity":[20.2434,921.102,680.091],"tool":false,"touchDistance":0.985685,"touchZone":"hovering","type":2,"width":20.009},{"bases":[[[0.883517,-0.220749,-0.413119],[0.43722,0.70508,0.558302],[0.168037,-0.673893,0.719466]],[[0.883264,-0.219739,-0.414197],[0.454028,0.62138,0.63855],[0.117059,-0.752065,0.64861]],[[0.883264,-0.219739,-0.414197],[0.428637,0.736459,0.523353],[0.190038,-0.639799,0.744676]],[[0.883264,-0.219739,-0.414197],[0.396247,0.822085,0.408857],[0.250663,-0.525253,0.81319]]],"btipPosition":[95.9686,323.136,-23.03],"carpPosition":[119.989,226.558,79.651],"dipPosition":[100.215,314.237,-9.25335],"direction":[-0.190038,0.639799,-0.744676],"extended":true,"handId":105,"id":1053,"length":58.4197,"mcpPosition":[109.731,267.698,35.7287],"pipPosition":[104.989,298.167,9.45177],"stabilizedTipPosition":[96.5101,316.06,-23.0243],"timeVisible":0.105232,"tipPosition":[91.8646,312.361,-24.5184],"tipVelocity":[53.9423,911.542,609.646],"tool":false,"touchDistance":0.939918,"touchZone":"hovering","type":3,"width":19.0398},{"bases":[[[0.81256,-0.410706,-0.413603],[0.582433,0.599837,0.548606],[0.0227784,-0.686671,0.726612]],[[0.812302,-0.404053,-0.420604],[0.58275,0.532803,0.613614],[-0.0238334,-0.743547,0.668259]],[[0.812302,-0.404053,-0.420604],[0.578336,0.651314,0.491241],[0.075458,-0.642286,0.762742]],[[0.812302,-0.404053,-0.420604],[0.563233,0.730692,0.38582],[0.15144,-0.5503,0.821119]]],"btipPosition":[125.103,303.093,-17.4377],"carpPosition":[129.331,220.457,71.4104],"dipPosition":[127.47,294.493,-4.60423],"direction":[-0.075458,0.642286,-0.762742],"extended":true,"handId":105,"id":1054,"length":45.8,"mcpPosition":[128.044,259.263,30.3482],"pipPosition":[128.808,283.102,8.92276],"stabilizedTipPosition":[124.522,294.82,-17.7492],"timeVisible":0.105232,"tipPosition":[119.33,293.374,-18.6728],"tipVelocity":[122.361,858.47,496.554],"tool":false,"touchDistance":0.948595,"touchZone":"hovering","type":4,"width":16.9127}],"r":[[0.688951,-0.724132,-0.0312817],[0.566439,0.564842,-0.600084],[0.452209,0.395709,0.799325]],"s":1.56768,"t":[8.02458,57.3719,2.29235],"timestamp":257149305229},{"currentFrameRate":38.4443,"devices":[],"gestures":[],"hands":[{"armBasis":[[0.92031,0.0337072,-0.389734],[0.252597,0.709533,0.657843],[0.298703,-0.703865,0.644477]],"armWidth":65.5845,"confidence":0.544835,"direction":[-0.245227,0.803224,-0.542859],"elbow":[201.151,13.225,262.518],"grabAngle":0.0583284,"grabStrength":0,"id":105,"palmNormal":[-0.292943,-0.595174,-0.748299],"palmPosition":[95.8032,253.933,51.5093],"palmVelocity":[-13.782,318.279,150.818],"palmWidth":88.6782,"pinchDistance":73.2006,"pinchStrength":0,"r":[[0.632615,-0.774269,-0.0174957],[0.587632,0.494594,-0.640364],[0.504467,0.394823,0.767872]],"s":1.61707,"sphereCenter":[98.693,373.978,126.67],"sphereRadius":142.927,"stabilizedPalmPosition":[95.8936,252.497,50.8234],"t":[7.98552,61.3123,3.6188],"timeVisible":0.115984,"type":"right","wrist":[122.55,198.44,92.9306]}],"id":76199,"interactionBox":{"center":[0,200,0],"size":[235.247,235.247,147.751]},"pointables":[{"bases":[[[0.586039,0.698924,0.409955],[-0.517037,-0.0669979,0.853337],[0.623884,-0.712051,0.322106