{"frames":166,"data":[{"currentFrameRate":24.2289,"devices":[],"gestures":[],"hands":[],"id":77315,"interactionBox":{"center":[0,200,0],"size":[235.247,235.247,147.751]},"pointables":[],"r":[[-0.962136,-0.269906,0.0380192],[0.215739,-0.839331,-0.498979],[0.166588,-0.471883,0.86578]],"s":0.686793,"t":[505.899,-233.461,348.339],"timestamp":257188839423},{"currentFrameRate":24.2272,"devices":[],"gestures":[],"hands":[],"id":77316,"interactionBox":{"center":[0,200,0],"size":[235.247,235.247,147.751]},"pointables":[],"r":[[-0.962136,-0.269906,0.0380192],[0.215739,-0.839331,-0.498979],[0.166588,-0.471883,0.86578]],"s":0.686793,"t":[505.899,-233.461,348.339],"timestamp":257188880712},{"currentFrameRate":24.2241,"devices":[],"gestures":[],"hands":[],"id":77317,"interactionBox":{"center":[0,200,0],"size":[235.247,235.247,147.751]},"pointables":[],"r":[[-0.962136,-0.269906,0.0380192],[0.215739,-0.839331,-0.498979],[0.166588,-0.471883,0.86578]],"s":0.686793,"t":[505.899,-233.461,348.339],"timestamp":257188922016},{"currentFrameRate":24.2206,"devices":[],"gestures":[],"hands":[],"id":77318,"interactionBox":{"center":[0,200,0],"size":[235.247,235.247,147.751]},"pointables":[],"r":[[-0.962136,-0.269906,0.0380192],[0.215739,-0.839331,-0.498979],[0.166588,-0.471883,0.86578]],"s":0.686793,"t":[505.899,-233.461,348.339],"timestamp":257188963329},{"currentFrameRate":24.1977,"devices":[],"gestures":[],"hands":[],"id":77319,"interactionBox":{"center":[0,200,0],"size":[235.247,235.247,147.751]},"pointables":[],"r":[[-0.962136,-0.269906,0.0380192],[0.215739,-0.839331,-0.498979],[0.166588,-0.471883,0.86578]],"s":0.686793,"t":[505.899,-233.461,348.339],"timestamp":257189004826},{"currentFrameRate":24.2269,"devices":[],"gestures":[],"hands":[],"id":77320,"interactionBox":{"center":[0,200,0],"size":[235.247,235.247,147.751]},"pointables":[],"r":[[-0.962136,-0.269906,0.0380192],[0.215739,-0.839331,-0.498979],[0.166588,-0.471883,0.86578]],"s":0.686793,"t":[505.899,-233.461,348.339],"timestamp":257189045885},{"currentFrameRate":24.2085,"devices":[],"gestures":[],"hands":[],"id":77321,"interactionBox":{"center":[0,200,0],"size":[235.247,235.247,147.751]},"pointables":[],"r":[[-0.962136,-0.269906,0.0380192],[0.215739,-0.839331,-0.498979],[0.166588,-0.471883,0.86578]],"s":0.686793,"t":[505.899,-233.461,348.339],"timestamp":257189087330},{"currentFrameRate":24.2356,"devices":[],"gestures":[],"hands":[],"id":77322,"interactionBox":{"center":[0,200,0],"size":[235.247,235.247,147.751]},"pointables":[],"r":[[-0.962136,-0.269906,0.0380192],[0.215739,-0.839331,-0.498979],[0.166588,-0.471883,0.86578]],"s":0.686793,"t":[505.899,-233.461,348.339],"timestamp":257189128390},{"currentFrameRate":24.2386,"devices":[],"gestures":[],"hands":[],"id":77323,"interactionBox":{"center":[0,200,0],"size":[235.247,235.247,147.751]},"pointables":[],"r":[[-0.962136,-0.269906,0.0380192],[0.215739,-0.839331,-0.498979],[0.166588,-0.471883,0.86578]],"s":0.686793,"t":[505.899,-233.461,348.339],"timestamp":257189169624},{"currentFrameRate":24.2325,"devices":[],"gestures":[],"hands":[],"id":77324,"interactionBox":{"center":[0,200,0],"size":[235.247,235.247,147.751]},"pointables":[],"r":[[-0.962136,-0.269906,0.0380192],[0.215739,-0.839331,-0.498979],[0.166588,-0.471883,0.86578]],"s":0.686793,"t":[505.899,-233.461,348.339],"timestamp":257189210936},{"currentFrameRate":24.2319,"devices":[],"gestures":[],"hands":[],"id":77325,"interactionBox":{"center":[0,200,0],"size":[235.247,235.247,147.751]},"pointables":[],"r":[[-0.962136,-0.269906,0.0380192],[0.215739,-0.839331,-0.498979],[0.166588,-0.471883,0.86578]],"s":0.686793,"t":[505.899,-233.461,348.339],"timestamp":257189252209},{"currentFrameRate":24.2297,"devices":[],"gestures":[],"hands":[],"id":77326,"interactionBox":{"center":[0,200,0],"size":[235.247,235.247,147.751]},"pointables":[],"r":[[-0.962136,-0.269906,0.0380192],[0.215739,-0.839331,-0.498979],[0.166588,-0.471883,0.86578]],"s":0.686793,"t":[505.899,-233.461,348.339],"timestamp":257189293497},{"currentFrameRate":24.225,"devices":[],"gestures":[],"hands":[],"id":77327,"interactionBox":{"center":[0,200,0],"size":[235.247,235.247,147.751]},"pointables":[],"r":[[-0.962136,-0.269906,0.0380192],[0.215739,-0.839331,-0.498979],[0.166588,-0.471883,0.86578]],"s":0.686793,"t":[505.899,-233.461,348.339],"timestamp":257189334811},{"currentFrameRate":24.2167,"devices":[],"gestures":[],"hands":[{"armBasis":[[-0.967475,-0.205539,0.147468],[-0.210884,0.977277,-0.0214036],[0.139718,0.0518061,0.988835]],"armWidth":62.1011,"confidence":0,"direction":[-0.0858843,0.63833,-0.764957],"elbow":[131.722,164.084,345.374],"grabAngle":0.100138,"grabStrength":0,"id":106,"palmNormal":[0.205043,-0.740033,-0.640553],"palmPosition":[95.9937,189.132,22.8996],"palmVelocity":[1.19209e-7,1.19209e-7,1.19209e-7],"palmWidth":88.6782,"pinchDistance":52.019,"pinchStrength":0,"r":[[1,-6.93889e-18,-5.55112e-18],[6.93889e-18,1,1.11022e-17],[5.55112e-18,-1.11022e-17,1]],"s":1,"sphereCenter":[116.395,188.555,-22.4584],"sphereRadius":58.696,"stabilizedPalmPosition":[95.9937,189.132,22.8996],"t":[0,0,0],"timeVisible":0,"type":"left","wrist":[94.9565,150.452,85.1718]}],"id":77328,"interactionBox":{"center":[0,200,0],"size":[235.247,235.247,147.751]},"pointables":[{"bases":[[[-0.592483,0.701212,0.396567],[0.726476,0.252341,0.639185],[-0.348134,-0.666803,0.658921]],[[-0.536746,0.789182,0.298489],[0.768817,0.311712,0.558352],[-0.347599,-0.529176,0.774046]],[[-0.536746,0.789182,0.298489],[0.843734,0.503797,0.185209],[0.00421367,-0.351255,0.93627]],[[-0.536746,0.789182,0.298489],[0.792553,0.592925,-0.142474],[0.289419,-0.160096,0.943719]]],"btipPosition":[132.109,194.115,-27.2598],"carpPosition":[121.94,153.048,63.034],"dipPosition":[138.711,190.464,-5.73451],"direction":[-0.00421367,0.351255,-0.93627],"extended":false,"handId":106,"id":1060,"length":50.7922,"mcpPosition":[121.94,153.048,63.034],"pipPosition":[138.851,178.792,25.3771],"stabilizedTipPosition":[133.628,193.276,-22.309],"timeVisible":0,"tipPosition":[133.628,193.276,-22.309],"tipVelocity":[1.19209e-7,1.19209e-7,1.19209e-7],"tool":false,"touchDistance":1,"touchZone":"none","type":0,"width":19.7355},{"bases":[[[-0.890852,-0.447588,-0.0777626],[-0.420409,0.747371,0.514483],[0.172159,-0.49102,0.853968]],[[-0.90194,-0.282491,-0.326654],[-0.426764,0.698886,0.573961],[-0.0661552,-0.657082,0.75091]],[[-0.90194,-0.282491,-0.326654],[-0.426764,0.698886,0.573961],[-0.0661552,-0.657082,0.75091]],[[-0.90194,-0.282491,-0.326654],[-0.426764,0.698886,0.573961],[-0.0661552,-0.657082,0.75091]]],"btipPosition":[81.5352,258.284,-56.1972],"carpPosition":[86.1738,169.99,62.5809],"dipPosition":[80.3305,246.319,-42.5237],"direction":[0.0661552,0.657082,-0.75091],"extended":true,"handId":106,"id":1063,"length":62.7915,"mcpPosition":[75.6638,199.966,10.4475],"pipPosition":[78.5445,228.579,-22.2505],"stabilizedTipPosition":[81.2581,255.532,-53.0523],"timeVisible":0,"tipPosition":[81.2581,255.532,-53.0523],"tipVelocity":[1.19209e-7,1.19209e-7,1.19209e-7],"tool":false,"touchDistance":0.737549,"touchZone":"hovering","type":3,"width":17.6178},{"bases":[[[-0.783148,-0.618704,-0.0623338],[-0.536979,0.622321,0.569536],[0.313582,-0.479503,0.8196]],[[-0.840532,-0.452177,-0.298399],[-0.539246,0.645272,0.541144],[0.0521442,-0.61576,0.786207]],[[-0.840532,-0.452177,-0.298399],[-0.539246,0.645272,0.541144],[0.0521442,-0.61576,0.786207]],[[-0.840532,-0.452177,-0.298399],[-0.539246,0.645272,0.541144],[0.0521442,-0.61576,0.786207]]],"btipPosition":[55.1833,231.089,-42.7252],"carpPosition":[76.5714,160.691,58.8793],"dipPosition":[56.0593,220.745,-29.5178],"direction":[-0.0521442,0.61576,-0.786207],"extended":true,"handId":106,"id":1064,"length":49.2274,"mcpPosition":[58.8502,187.788,12.5621],"pipPosition":[57.0533,209.008,-14.5312],"stabilizedTipPosition":[55.3848,228.71,-39.6875],"timeVisible":0,"tipPosition":[55.3848,228.71,-39.6875],"tipVelocity":[1.19209e-7,1.19209e-7,1.19209e-7],"tool":false,"touchDistance":0.938021,"touchZone":"hovering","type":4,"width":15.6495},{"bases":[[[-0.975557,-0.101678,-0.19481],[-0.19105,0.830469,0.52328],[-0.108577,-0.547708,0.829595]],[[-0.965458,-0.255208,0.0525362],[-0.216599,0.898163,0.382606],[0.14483,-0.358011,0.922417]],[[-0.965458,-0.255208,0.0525362],[-0.216599,0.898163,0.382606],[0.14483,-0.358011,0.922417]],[[-0.965458,-0.255208,0.0525362],[-0.239278,0.948205,0.208933],[0.103136,-0.189145,0.976518]]],"btipPosition":[106.065,237.986,-69.3598],"carpPosition":[109.474,172.142,66.7341],"dipPosition":[107.783,234.836,-53.0993],"direction":[-0.14483,0.358011,-0.922417],"extended":true,"handId":106,"id":1061,"length":57.3134,"mcpPosition":[117.259,211.413,7.25177],"pipPosition":[111.194,226.403,-31.3706],"stabilizedTipPosition":[106.46,237.261,-65.6199],"timeVisible":0,"tipPosition":[106.46,237.261,-65.6199],"tipVelocity":[1.19209e-7,1.19209e-7,1.19209e-7],"tool":false,"touchDistance":0.549035,"touchZone":"hovering","type":1,"width":18.8514},{"bases":[[[-0.934298,-0.314815,-0.16727],[-0.355567,0.789097,0.500898],[0.025698,-0.527464,0.849189]],[[-0.927983,-0.234153,-0.28986],[-0.342632,0.841957,0.416786],[-0.146458,-0.486086,0.861551]],[[-0.927983,-0.234153,-0.28986],[-0.342632,0.841957,0.416786],[-0.146458,-0.486086,0.861551]],[[-0.927983,-0.234153,-0.28986],[-0.342632,0.841957,0.416786],[-0.146458,-0.486086,0.861551]]],"btipPosition":[109.512,253.7,-73.0555],"carpPosition":[97.6378,172.627,64.8133],"dipPosition":[106.829,244.798,-57.2766],"direction":[0.146458,0.486086,-0.861551],"extended":true,"handId":106,"id":1062,"length":65.304,"mcpPosition":[95.8904,208.492,7.07233],"pipPosition":[102.77,231.326,-33.3997],"stabilizedTipPosition":[108.895,251.653,-69.4264],"timeVisible":0,"tipPosition":[108.895,251.653,-69.4264],"tipVelocity":[1.19209e-7,1.19209e-7,1.19209e-7],"tool":false,"touchDistance":0.491937,"touchZone":"hovering","type":2,"width":18.5145}],"r":[[1,-6.93889e-18,-5.55112e-18],[6.93889e-18,1,1.11022e-17],[5.55112e-18,-1.11022e-17,1]],"s":1,"t":[0,0,0],"timestamp":257189376167},{"currentFrameRate":24.2314,"devices":[],"gestures":[],"hands":[{"armBasis":[[-0.984397,-0.17547,-0.0131141],[-0.175645,0.984359,0.013676],[-0.0105093,-0.0157661,0.99982]],"armWidth":65.5845,"confidence":0.213491,"direction":[-0.226508,0.800686,-0.554614],"elbow":[103.741,156.922,361.292],"grabAngle":1.17691,"grabStrength":0.179933,"id":106,"palmNormal":[-0.0177903,-0.57272,-0.819558],"palmPosition":[99.175,211.819,45.9931],"palmVelocity":[77.2911,551.213,561.081],"palmWidth":88.6782,"pinchDistance":39.6071,"pinchStrength":0.438998,"r":[[0.998619,-0.00298195,-0.052448],[0.00535192,0.998968,0.0451047],[0.0522594,-0.0453232,0.997605]],"s":0.960787,"sphereCenter":[86.6935,178.109,-21.7869],"sphereRadius":74.143,"stabilizedPalmPosition":[98.2018,204.879,38.9287],"t":[1.59061,11.3437,11.5468],"timeVisible":0.041159,"type":"left","wrist":[106.506,161.071,98.1988]}],"id":77329,"interactionBox":{"center":[0,200,0],"size":[235.247,235.247,147.751]},"pointables":[{"bases":[[[-0.42016,0.597766,0.682745],[0.8801,0.0851074,0.467098],[-0.221109,-0.79714,0.561853]],[[-0.392103,0.685046,0.613976],[0.893171,0.123719,0.432364],[-0.220229,-0.717917,0.660374]],[[-0.392103,0.685046,0.613976],[0.916802,0.345918,0.199537],[0.0756935,-0.641134,0.763687]],[[-0.392103,0.685046,0.613976],[0.875159,0.483443,0.0194982],[0.283465,-0.544972,0.789083]]],"btipPosition":[133.92,233.283,-3.55713],"carpPosition":[131.561,166.971,68.9247],"dipPosition":[139.935,221.719,13.188],"direction":[-0.0756935,0.641134,-0.763687],"extended":true,"handId":106,"id":1060,"length":47.2559,"mcpPosition":[131.561,166.971,68.9247],"pipPosition":[142.275,201.897,36.7979],"stabilizedTipPosition":[135.077,225.579,-2.75878],"timeVisible":0.041159,"tipPosition":[130.409,228.465,-2.27444],"tipVelocity":[40.7026,907.406,549.168],"tool":false,"touchDistance":1,"touchZone":"none","type":0,"width":21.3285},{"bases":[[[-0.998053,-0.0388379,0.0488054],[0.0087254,0.687849,0.725801],[0.0617593,-0.724814,0.686171]],[[-0.993674,-0.0753081,0.0833159],[-0.0403478,0.931712,0.360951],[0.104809,-0.355306,0.928856]],[[-0.993674,-0.0753081,0.0833159],[-0.0878048,0.983487,-0.15825],[0.0700227,0.164564,0.983878]],[[-0.993674,-0.0753081,0.0833159],[-0.107744,0.848557,-0.518018],[0.0316873,0.523718,0.851302]]],"btipPosition":[111.346,238.944,-40.2438],"carpPosition":[121.883,184.854,79.8905],"dipPosition":[111.837,247.058,-27.0553],"direction":[-0.0700227,-0.164564,-0.983878],"extended":true,"handId":106,"id":1061,"length":53.323,"mcpPosition":[117.455,236.823,30.6917],"pipPosition":[113.372,250.664,-5.49242],"stabilizedTipPosition":[106.604,237.364,-64.8012],"timeVisible":0.041159,"tipPosition":[109.223,244.947,-36.3484],"tipVelocity":[121.455,86.2233,690.237],"tool":false,"touchDistance":0.953606,"touchZone":"hovering","type":1,"width":20.373},{"bases":[[[-0.967299,-0.253094,0.0166095],[-0.158779,0.6553,0.738492],[0.197792,-0.711706,0.674057]],[[-0.969063,-0.246593,0.0104615],[-0.212263,0.85428,0.4745],[0.125946,-0.4576,0.880193]],[[-0.969063,-0.246593,0.0104615],[-0.246721,0.968992,-0.013533],[0.00680001,0.0156954,0.999854]],[[-0.969063,-0.246593,0.0104615],[-0.239186,0.927805,-0.2863],[-0.0608935,0.279945,0.958083]]],"btipPosition":[91.9226,249.167,-45.1275],"carpPosition":[110.014,185.95,81.28],"dipPosition":[90.885,253.937,-28.8023],"direction":[-0.00680001,-0.0156954,-0.999854],"extended":true,"handId":106,"id":1062,"length":60.7573,"mcpPosition":[96.5648,234.343,35.4473],"pipPosition":[91.0604,254.342,-3.02171],"stabilizedTipPosition":[102.907,251.17,-59.6671],"timeVisible":0.041159,"tipPosition":[91.8432,254.831,-40.2097],"tipVelocity":[-418.153,-33.7278,681.594],"tool":false,"touchDistance":0.896883,"touchZone":"hovering","type":2,"width":20.009},{"bases":[[[-0.912909,-0.403744,0.0599033],[-0.221096,0.612522,0.758903],[0.343094,-0.679565,0.648443]],[[-0.936855,-0.349595,0.0092231],[-0.311003,0.844916,0.435195],[0.159935,-0.404846,0.900289]],[[-0.936855,-0.349595,0.0092231],[-0.348678,0.931715,-0.101637],[-0.0269384,0.0984348,0.994779]],[[-0.936855,-0.349595,0.0092231],[-0.348678,0.931715,-0.101637],[-0.0269384,0.0984348,0.994779]]],"btipPosition":[71.9,237.826,-36.3129],"carpPosition":[98.1918,184.079,81.587],"dipPosition":[71.4436,239.494,-19.4599],"direction":[0.0269384,-0.0984348,-0.994779],"extended":true,"handId":106,"id":1063,"length":58.4197,"mcpPosition":[77.2464,225.565,42.0005],"pipPosition":[70.767,241.966,5.52742],"stabilizedTipPosition":[75.5636,245.108,-40.6465],"timeVisible":0.041159,"tipPosition":[71.7445,241.449,-30.9567],"tipVelocity":[-229.915,-420.855,500.876],"tool":false,"touchDistance":1,"touchZone":"none","type":3,"width":19.0398},{"bases":[[[-0.817899,-0.575301,0.00832913],[-0.32921,0.479808,0.813268],[0.471871,-0.66243,0.581829]],[[-0.868164,-0.492532,-0.0608499],[-0.451346,0.732626,0.509457],[0.206344,-0.469756,0.858342]],[[-0.868164,-0.492532,-0.0608499],[-0.483887,0.86733,-0.116585],[-0.110199,0.0717705,0.991315]],[[-0.868164,-0.492532,-0.0608499],[-0.454182,0.83795,-0.302585],[-0.200022,0.235057,0.951178]]],"btipPosition":[59.0983,223.595,-14.2979],"carpPosition":[87.2998,176.045,78.549],"dipPosition":[55.9721,227.269,0.568291],"direction":[0.110199,-0.0717705,-0.991315],"extended":false,"handId":106,"id":1064,"length":45.8,"mcpPosition":[60.6335,213.481,45.6687],"pipPosition":[54.0178,228.542,18.149],"stabilizedTipPosition":[55.4462,228.623,-39.0973],"timeVisible":0.041159,"tipPosition":[57.2572,228.594,-9.1152],"tipVelocity":[72.7547,-103.748,699.939],"tool":false,"touchDistance":1,"touchZone":"none","type":4,"width":16.9127}],"r":[[0.998619,-0.00298195,-0.052448],[0.00535192,0.998968,0.0451047],[0.0522594,-0.0453232,0.997605]],"s":0.960787,"t":[1.59061,11.3437,11.5468],"timestamp":257189417326},{"currentFrameRate":24.2287,"devices":[],"gestures":[],"hands":[{"armBasis":[[-0.971068,-0.233865,-0.0483085],[-0.236239,0.970344,0.0512237],[-0.0348964,-0.061154,0.997518]],"armWidth":65.5845,"confidence":0.408962,"direction":[-0.2733,0.85891,-0.433107],"elbow":[106.019,161.038,365.024],"grabAngle":0.818176,"grabStrength":0,"id":106,"palmNormal":[-0.00646821,-0.451879,-0.892056],"palmPosition":[105.015,233.497,57.4945],"palmVelocity":[141.426,524.959,278.525],"palmWidth":88.6782,"pinchDistance":43.5302,"pinchStrength":0.294782,"r":[[0.995281,0.00763232,-0.0967333],[0.0029781,0.994029,0.109071],[0.0969882,-0.108844,0.989316]],"s":0.954306,"sphereCenter":[92.6347,187.321,-44.3727],"sphereRadius":111.722,"stabilizedPalmPosition":[103.93,228.938,54.5368],"t":[5.30595,27.8544,23.0709],"timeVisible":0.082453,"type":"left","wrist":[115.201,177.13,102.537]}],"id":77330,"interactionBox":{"center":[0,200,0],"size":[235.247,235.247,147.751]},"pointables":[{"bases":[[[-0.434613,0.474797,0.765297],[0.883689,0.0608376,0.464104],[-0.173797,-0.87799,0.446014]],[[-0.410517,0.577088,0.706007],[0.897953,0.121169,0.423083],[-0.15861,-0.807643,0.56794]],[[-0.410517,0.577088,0.706007],[0.902444,0.368065,0.223883],[0.130656,-0.729039,0.671886]],[[-0.410517,0.577088,0.706007],[0.829142,0.55845,0.0256395],[0.379473,-0.595905,0.707741]]],"btipPosition":[135.472,261.957,10.0513],"carpPosition":[139.848,187.481,73.472],"dipPosition":[143.525,249.311,25.0702],"direction":[-0.130656,0.729039,-0.671886],"extended":false,"handId":106,"id":1060,"length":47.2559,"mcpPosition":[139.848,187.481,73.472],"pipPosition":[147.564,226.773,45.8421],"stabilizedTipPosition":[137.167,256.706,12.3672],"timeVisible":0.082453,"tipPosition":[134.988,258.379,11.9849],"tipVelocity":[48.9517,688.359,319.935],"tool":false,"touchDistance":1,"touchZone":"none","type":0,"width":21.3285},{"bases":[[[-0.892093,-0.451669,0.0128821],[-0.235073,0.488263,0.84044],[0.385891,-0.746722,0.541751]],[[-0.933195,-0.355189,-0.0546652],[-0.291842,0.660255,0.69202],[0.209705,-0.661743,0.719806]],[[-0.933195,-0.355189,-0.0546652],[-0.341656,0.8297,0.44144],[0.111439,-0.430626,0.895624]],[[-0.933195,-0.355189,-0.0546652],[-0.358398,0.908647,0.214268],[0.0264343,-0.219546,0.975244]]],"btipPosition":[70.6643,287.94,-12.4369],"carpPosition":[105.965,201.009,88.8163],"dipPosition":[71.1121,284.221,4.08524],"direction":[-0.111439,0.430626,-0.895624],"extended":true,"handId":106,"id":1063,"length":58.4197,"mcpPosition":[82.407,246.595,55.7432],"pipPosition":[73.9113,273.404,26.5819],"stabilizedTipPosition":[71.5137,280.552,-13.6184],"timeVisible":0.082453,"tipPosition":[72.0667,282.367,-10.4011],"tipVelocity":[-24.8893,1183.58,576.354],"tool":false,"touchDistance":1,"touchZone":"none","type":3,"width":19.0398},{"bases":[[[-0.790248,-0.609483,-0.063546],[-0.335942,0.344166,0.876751],[0.512495,-0.714199,0.476728]],[[-0.857815,-0.496209,-0.133901],[-0.421999,0.531293,0.734605],[0.293377,-0.686661,0.665151]],[[-0.857815,-0.496209,-0.133901],[-0.492258,0.71832,0.491629],[0.147767,-0.487641,0.860448]],[[-0.857815,-0.496209,-0.133901],[-0.513499,0.816435,0.264107],[0.0217308,-0.295313,0.955153]]],"btipPosition":[54.0721,268.607,6.34571],"carpPosition":[95.4006,192.968,84.8004],"dipPosition":[54.4118,263.992,21.274],"direction":[-0.147767,0.487641,-0.860448],"extended":true,"handId":106,"id":1064,"length":45.8,"mcpPosition":[66.4385,233.328,57.8596],"pipPosition":[57.0324,255.344,36.5338],"stabilizedTipPosition":[54.6087,253.775,-7.5131],"timeVisible":0.082453,"tipPosition":[56.5648,263.62,8.44951],"tipVelocity":[-102.414,1043.88,500.264],"tool":false,"touchDistance":1,"touchZone":"none","type":4,"width":16.9127},{"bases":[[[-0.994139,-0.0933633,0.0545024],[-0.00961133,0.578484,0.815637],[0.107679,-0.810333,0.575991]],[[-0.986005,-0.14125,0.0885613],[-0.062605,0.806032,0.588551],[0.154516,-0.57477,0.803595]],[[-0.986005,-0.14125,0.0885613],[-0.113756,0.958345,0.261982],[0.121877,-0.248241,0.961001]],[[-0.986005,-0.14125,0.0885613],[-0.131934,0.985844,0.103462],[0.101922,-0.0903297,0.990683]]],"btipPosition":[111.57,290.487,-22.0435],"carpPosition":[129.56,203.155,86.9692],"dipPosition":[113.149,289.088,-6.69564],"direction":[-0.121877,0.248241,-0.961001],"extended":true,"handId":106,"id":1061,"length":53.323,"mcpPosition":[121.84,261.257,45.6704],"pipPosition":[115.82,283.647,14.3659],"stabilizedTipPosition":[110.353,274.51,-32.2372],"timeVisible":0.082453,"tipPosition":[111.963,285.6,-18.8731],"tipVelocity":[11.4816,1195.21,452.777],"tool":false,"touchDistance":1,"touchZone":"none","type":1,"width":20.373},{"bases":[[[-0.954149,-0.299224,-0.00803028],[-0.175178,0.536441,0.825557],[0.242719,-0.789111,0.564262]],[[-0.960322,-0.277929,-0.0231776],[-0.222939,0.715064,0.662557],[0.16757,-0.641435,0.748653]],[[-0.960322,-0.277929,-0.0231776],[-0.267508,0.894426,0.358388],[0.0788756,-0.350368,0.933285]],[[-0.960322,-0.277929,-0.0231776],[-0.278118,0.948146,0.15385],[0.0207837,-0.154192,0.987822]]],"btipPosition":[91.4654,296.823,-23.3446],"carpPosition":[117.681,203.472,88.6387],"dipPosition":[91.8195,294.196,-6.51264],"direction":[-0.0788756,0.350368,-0.933285],"extended":true,"handId":106,"id":1062,"length":60.7573,"mcpPosition":[101.177,257.128,50.2715],"pipPosition":[93.8533,285.162,17.5515],"stabilizedTipPosition":[94.2205,285.617,-28.9325],"timeVisible":0.082453,"tipPosition":[92.6813,292.52,-20.4379],"tipVelocity":[-3.32061,1112.86,530.331],"tool":false,"touchDistance":1,"touchZone":"none","type":2,"width":20.009}],"r":[[0.995281,0.00763232,-0.0967333],[0.0029781,0.994029,0.109071],[0.0969882,-0.108844,0.989316]],"s":0.954306,"t":[5.30595,27.8544,23.0709],"timestamp":257189458620},{"currentFrameRate":25.2717,"devices":[],"gestures":[],"hands":[{"armBasis":[[-0.965146,-0.261357,-0.013614],[-0.260796,0.956116,0.13352],[0.02188,-0.132417,0.990953]],"armWidth":65.5845,"confidence":0.539001,"direction":[-0.307945,0.883306,-0.353469],"elbow":[124.05,142.992,366.466],"grabAngle":0.877876,"grabStrength":0,"id":106,"palmNormal":[-0.0197684,-0.377384,-0.925846],"palmPosition":[105.025,237.254,65.7294],"palmVelocity":[0.326685,117.537,257.64],"palmWidth":88.6782,"pinchDistance":45.1214,"pinchStrength":0.272785,"r":[[0.990327,0.0256174,-0.136371],[-0.00119386,0.984346,0.176241],[0.138751,-0.174373,0.974855]],"s":0.951447,"sphereCenter":[89.6484,203.976,-34.8633],"sphereRadius":107.183,"stabilizedPalmPosition":[104.388,232.419,59.2215],"t":[7.16883,37.9881,32.9504],"timeVisible":0.114416,"type":"left","wrist":[118.293,177.836,105.707]}],"id":77331,"interactionBox":{"center":[0,200,0],"size":[235.247,235.247,147.751]},"pointables":[{"bases":[[[-0.425169,0.397989,0.812919],[0.89454,0.0478791,0.444417],[-0.137951,-0.91614,0.376373]],[[-0.404815,0.508365,0.760059],[0.906746,0.115863,0.405447],[-0.118052,-0.853312,0.507861]],[[-0.404815,0.508365,0.760059],[0.901121,0.362929,0.237201],[0.155262,-0.780928,0.605017]],[[-0.404815,0.508365,0.760059],[0.823366,0.564205,0.0611648],[0.397735,-0.650567,0.646969]]],"btipPosition":[133.998,270.561,19.8017],"carpPosition":[141.495,191.099,76.9427],"dipPosition":[142.439,256.755,33.531],"direction":[-0.155263,0.780928,-0.605017],"extended":false,"handId":106,"id":1060,"length":47.2559,"mcpPosition":[141.495,191.099,76.9427],"pipPosition":[147.239,232.612,52.2356],"stabilizedTipPosition":[136.308,264.179,19.779],"timeVisible":0.114416,"tipPosition":[133.15,266.651,21.7166],"tipVelocity":[-43.3285,260.826,295.775],"tool":false,"touchDistance":1,"touchZone":"none","type":0,"width":21.3285},{"bases":[[[-0.879172,-0.476503,-0.00126802],[-0.224009,0.410956,0.883706],[0.420567,-0.777213,0.468041]],[[-0.922303,-0.382394,-0.0559657],[-0.271474,0.537975,0.798051],[0.275061,-0.751238,0.599986]],[[-0.922303,-0.382394,-0.0559657],[-0.358112,0.79118,0.495772],[0.145301,-0.477294,0.866647]],[[-0.922303,-0.382394,-0.0559657],[-0.386431,0.914471,0.120057],[-0.00527,-0.132356,0.991188]]],"btipPosition":[67.3361,294.466,2.78557],"carpPosition":[107.715,202.352,94.2269],"dipPosition":[67.2468,292.224,19.5778],"direction":[-0.145301,0.477295,-0.866647],"extended":true,"handId":106,"id":1063,"length":58.4197,"mcpPosition":[82.04,249.8,65.6536],"pipPosition":[70.8965,280.235,41.3466],"stabilizedTipPosition":[69.6605,286.466,-4.6721],"timeVisible":0.114416,"tipPosition":[68.7145,290.945,3.40276],"tipVelocity":[-107.992,214.801,478.195],"tool":false,"touchDistance":1,"touchZone":"none","type":3,"width":19.0398},{"bases":[[[-0.775408,-0.624562,-0.093085],[-0.319983,0.261549,0.910606],[0.544384,-0.735876,0.402656]],[[-0.841585,-0.519906,-0.146399],[-0.406198,0.430567,0.805987],[0.356003,-0.737774,0.573543]],[[-0.841585,-0.519906,-0.146399],[-0.503818,0.657929,0.559729],[0.194686,-0.544818,0.815641]],[[-0.841585,-0.519906,-0.146399],[-0.53818,0.78418,0.308908],[0.0457999,-0.338762,0.939757]]],"btipPosition":[50.9099,274.565,19.5404],"carpPosition":[97.2567,194.368,89.8368],"dipPosition":[51.6257,269.271,34.2281],"direction":[-0.194686,0.544818,-0.815641],"extended":true,"handId":106,"id":1064,"length":45.8,"mcpPosition":[66.4925,235.954,67.0819],"pipPosition":[55.0784,259.608,48.6932],"stabilizedTipPosition":[53.5266,259.768,1.80488],"timeVisible":0.114416,"tipPosition":[54.1986,270.133,20.7753],"tipVelocity":[-96.2261,181.506,411.079],"tool":false,"touchDistance":1,"touchZone":"none","type":4,"width":16.9127},{"bases":[[[-0.9894,-0.125865,0.0724291],[-0.00179133,0.509306,0.860584],[0.145206,-0.851332,0.504132]],[[-0.977601,-0.18201,0.105681],[-0.0497996,0.68791,0.724086],[0.20449,-0.702604,0.681565]],[[-0.977601,-0.18201,0.105681],[-0.134607,0.926706,0.350851],[0.161794,-0.328767,0.930449]],[[-0.977601,-0.18201,0.105681],[-0.159733,0.968593,0.190559],[0.137046,-0.169409,0.975971]]],"btipPosition":[107.138,303.557,-6.25845],"carpPosition":[131.184,205.316,91.9507],"dipPosition":[109.261,300.933,8.86144],"direction":[-0.161794,0.328767,-0.930449],"extended":true,"handId":106,"id":1061,"length":53.323,"mcpPosition":[120.773,266.357,55.8042],"pipPosition":[112.807,293.727,29.2534],"stabilizedTipPosition":[109.026,288.353,-17.9016],"timeVisible":0.114416,"tipPosition":[108.256,297.259,-5.45491],"tipVelocity":[-134.768,400.097,492.212],"tool":false,"touchDistance":1,"touchZone":"none","type":1,"width":20.373},{"bases":[[[-0.945786,-0.324693,-0.00790359],[-0.165847,0.46188,0.871299],[0.279254,-0.825373,0.490689]],[[-0.954155,-0.298393,-0.0234383],[-0.205152,0.594959,0.777133],[0.217946,-0.746314,0.628899]],[[-0.954155,-0.298393,-0.0234383],[-0.279691,0.860982,0.424832],[0.106587,-0.411911,0.904969]],[[-0.954155,-0.298393,-0.0234383],[-0.296249,0.930315,0.216219],[0.0427132,-0.21325,0.976064]]],"btipPosition":[87.3626,308.15,-6.86752],"carpPosition":[119.352,205.156,93.9488],"dipPosition":[88.0904,304.516,9.76404],"direction":[-0.106587,0.411911,-0.904969],"extended":true,"handId":106,"id":1062,"length":60.7573,"mcpPosition":[100.364,261.277,60.5842],"pipPosition":[90.8387,293.895,33.0981],"stabilizedTipPosition":[91.0607,295.864,-16.705],"timeVisible":0.114416,"tipPosition":[88.7024,302.977,-6.08644],"tipVelocity":[-125.672,347.112,514.062],"tool":false,"touchDistance":1,"touchZone":"none","type":2,"width":20.009}],"r":[[0.990327,0.0256174,-0.136371],[-0.00119386,0.984346,0.176241],[0.138751,-0.174373,0.974855]],"s":0.951447,"t":[7.16883,37.9881,32.9504],"timestamp":257189490583},{"currentFrameRate":28.8323,"devices":[],"gestures":[],"hands":[{"armBasis":[[-0.955088,-0.295937,0.0151333],[-0.288671,0.940738,0.17799],[0.0669104,-0.165628,0.983916]],"armWidth":65.5845,"confidence":0.577735,"direction":[-0.329826,0.893248,-0.305487],"elbow":[137.145,133.486,363.938],"grabAngle":0.883521,"grabStrength":0,"id":106,"palmNormal":[-0.00413529,-0.324959,-0.945719],"palmPosition":[104.306,238.016,68.3201],"palmVelocity":[-67.2903,71.3283,242.367],"palmWidth":88.6782,"pinchDistance":47.2243,"pinchStrength":0.216223,"r":[[0.985065,0.0489037,-0.165094],[-0.0078853,0.970625,0.240466],[0.172004,-0.235573,0.956514]],"s":0.954429,"sphereCenter":[94.5862,214.063,-33.6976],"sphereRadius":106.312,"stabilizedPalmPosition":[104.378,233.118,60.3588],"t":[7.74064,43.4362,39.1855],"timeVisible":0.125105,"type":"left","wrist":[119.538,177.069,105.03]}],"id":77332,"interactionBox":{"center":[0,200,0],"size":[235.247,235.247,147.751]},"pointables":[{"bases":[[[-0.440537,0.339945,0.830881],[0.89032,0.0467396,0.452929],[-0.115136,-0.939283,0.323251]],[[-0.427029,0.430956,0.794936],[0.896437,0.0865345,0.434641],[-0.118522,-0.898214,0.423277]],[[-0.427029,0.430956,0.794936],[0.88993,0.35607,0.285023],[0.160221,-0.829151,0.535573]],[[-0.427029,0.430956,0.794936],[0.813458,0.567002,0.129592],[0.394882,-0.701987,0.592691]]],"btipPosition":[134.387,276.527,27.4595],"carpPosition":[141.954,192.298,77.1868],"dipPosition":[142.766,261.63,40.0369],"direction":[-0.160221,0.829151,-0.535573],"extended":true,"handId":106,"id":1060,"length":47.2559,"mcpPosition":[141.954,192.298,77.1868],"pipPosition":[147.72,235.996,56.5946],"stabilizedTipPosition":[136.31,266.706,22.7738],"timeVisible":0.125105,"tipPosition":[132.762,271.095,27.0598],"tipVelocity":[35.0167,534.656,691.63],"tool":false,"touchDistance":1,"touchZone":"none","type":0,"width":21.3285},{"bases":[[[-0.865853,-0.499108,-0.0344799],[-0.240218,0.354296,0.903753],[0.438854,-0.790801,0.426663]],[[-0.912558,-0.399843,-0.0858086],[-0.279588,0.456878,0.844449],[0.298443,-0.794599,0.528719]],[[-0.912558,-0.399843,-0.0858086],[-0.372464,0.726013,0.57808],[0.168843,-0.559492,0.811456]],[[-0.912558,-0.399843,-0.0858086],[-0.407972,0.904594,0.123567],[-0.0282146,-0.147769,0.988619]]],"btipPosition":[65.1348,298.673,10.2309],"carpPosition":[107.78,201.648,94.829],"dipPosition":[64.6568,296.17,26.9796],"direction":[-0.168843,0.559492,-0.811456],"extended":true,"handId":106,"id":1063,"length":58.4197,"mcpPosition":[80.9886,249.925,68.7819],"pipPosition":[68.8978,282.116,47.3621],"stabilizedTipPosition":[68.9685,288.203,-1.87252],"timeVisible":0.125105,"tipPosition":[66.6649,294.654,9.52358],"tipVelocity":[-214.306,388.01,695.605],"tool":false,"touchDistance":1,"touchZone":"none","type":3,"width":19.0398},{"bases":[[[-0.757569,-0.638913,-0.133716],[-0.332243,0.201087,0.921509],[0.561876,-0.742532,0.364612]],[[-0.825215,-0.535115,-0.180755],[-0.419076,0.365525,0.831123],[0.378676,-0.761606,0.525891]],[[-0.825215,-0.535115,-0.180755],[-0.530855,0.625504,0.571784],[0.192907,-0.5678,0.800244]],[[-0.825215,-0.535115,-0.180755],[-0.563726,0.760401,0.322496],[0.0351263,-0.368025,0.929152]]],"btipPosition":[49.7046,275.848,23.7409],"carpPosition":[97.5684,193.646,89.9207],"dipPosition":[50.2536,270.096,38.2629],"direction":[-0.192907,0.5678,-0.800244],"extended":true,"handId":106,"id":1064,"length":45.8,"mcpPosition":[65.8157,235.608,69.3158],"pipPosition":[53.6747,260.026,52.4549],"stabilizedTipPosition":[53.2005,261.07,4.03508],"timeVisible":0.125105,"tipPosition":[52.7598,272.089,24.9899],"tipVelocity":[-116.354,110.193,389.409],"tool":false,"touchDistance":1,"touchZone":"none","type":4,"width":16.9127},{"bases":[[[-0.986009,-0.156271,0.0580077],[-0.0206297,0.459725,0.887822],[0.165408,-0.874204,0.456517]],[[-0.971983,-0.21719,0.0898782],[-0.0570211,0.588828,0.806245],[0.228031,-0.778531,0.584715]],[[-0.971983,-0.21719,0.0898782],[-0.155485,0.880862,0.447109],[0.176278,-0.420607,0.889953]],[[-0.971983,-0.21719,0.0898782],[-0.184541,0.941948,0.280497],[0.145582,-0.256052,0.955638]]],"btipPosition":[104.311,311.558,3.07492],"carpPosition":[131.172,205.364,92.8946],"dipPosition":[106.566,307.591,17.8798],"direction":[-0.176278,0.420607,-0.889953],"extended":true,"handId":106,"id":1061,"length":53.323,"mcpPosition":[119.312,268.045,60.1622],"pipPosition":[110.429,298.373,37.3842],"stabilizedTipPosition":[108.245,292.5,-13.3654],"timeVisible":0.125105,"tipPosition":[105.982,303.937,1.9514],"tipVelocity":[-261.623,719.651,866.397],"tool":false,"touchDistance":1,"touchZone":"none","type":1,"width":20.373},{"bases":[[[-0.936536,-0.349009,-0.0330561],[-0.183393,0.407383,0.894654],[0.298776,-0.843938,0.445534]],[[-0.94742,-0.316013,-0.0503121],[-0.209546,0.493869,0.84391],[0.241839,-0.81008,0.53412]],[[-0.94742,-0.316013,-0.0503121],[-0.29614,0.806327,0.511994],[0.121228,-0.499973,0.857515]],[[-0.94742,-0.316013,-0.0503121],[-0.317163,0.906498,0.278693],[0.0424628,-0.279997,0.959061]]],"btipPosition":[84.6035,315.225,2.70369],"carpPosition":[119.338,204.774,94.7941],"dipPosition":[85.3271,310.454,19.0455],"direction":[-0.121228,0.499973,-0.857515],"extended":true,"handId":106,"id":1062,"length":60.7573,"mcpPosition":[99.0225,262.158,64.4998],"pipPosition":[88.4529,297.562,41.156],"stabilizedTipPosition":[89.9801,299.001,-12.7256],"timeVisible":0.125105,"tipPosition":[86.2155,308.72,1.55445],"tipVelocity":[-258.217,637.457,889.192],"tool":false,"touchDistance":1,"touchZone":"none","type":2,"width":20.009}],"r":[[0.985065,0.0489037,-0.165094],[-0.0078853,0.970625,0.240466],[0.172004,-0.235573,0.956514]],"s":0.954429,"t":[7.74064,43.4362,39.1855],"timestamp":257189501272},{"currentFrameRate":32.2146,"devices":[],"gestures":[],"hands":[{"armBasis":[[-0.944078,-0.324771,0.0569209],[-0.302826,0.922342,0.23996],[0.130433,-0.209304,0.969113]],"armWidth":65.5845,"confidence":0.613831,"direction":[-0.346326,0.896899,-0.27501],"elbow":[154.95,121.936,359.325],"grabAngle":0.836748,"grabStrength":0,"id":106,"palmNormal":[0.005725,-0.291126,-0.956668],"palmPosition":[103.599,238.909,69.9766],"palmVelocity":[-66.5033,84.0434,155.858],"palmWidth":88.6782,"pinchDistance":49.6895,"pinchStrength":0.153929,"r":[[0.979862,0.0739668,-0.185468],[-0.0156295,0.954419,0.29806],[0.199061,-0.289159,0.936356]],"s":0.963485,"sphereCenter":[98.9848,220.689,-36.2871],"sphereRadius":110.098,"stabilizedPalmPosition":[104.292,233.759,61.4236],"t":[7.67315,46.6069,43.1312],"timeVisible":0.135733,"type":"left","wrist":[120.628,177.013,104.312]}],"id":77333,"interactionBox":{"center":[0,200,0],"size":[235.247,235.247,147.751]},"pointables":[{"bases":[[[-0.450188,0.301449,0.840511],[0.887573,0.0480783,0.458151],[-0.097699,-0.952269,0.289202]],[[-0.441457,0.372976,0.816091],[0.889537,0.0626732,0.452543],[-0.117641,-0.925722,0.359444]],[[-0.441457,0.372976,0.816091],[0.880566,0.354826,0.314169],[0.172393,-0.857314,0.48507]],[[-0.441457,0.372976,0.816091],[0.801194,0.573343,0.171365],[0.403986,-0.729497,0.551933]]],"btipPosition":[133.932,280.674,33.182],"carpPosition":[142.112,193.654,77.3775],"dipPosition":[142.505,265.194,44.8945],"direction":[-0.172393,0.857314,-0.48507],"extended":true,"handId":106,"id":1060,"length":47.2559,"mcpPosition":[142.112,193.654,77.3775],"pipPosition":[147.835,238.689,59.8908],"stabilizedTipPosition":[136.212,269.202,25.916],"timeVisible":0.135733,"tipPosition":[132.245,274.49,30.9775],"tipVelocity":[-38.5617,377.642,519.715],"tool":false,"touchDistance":1,"touchZone":"none","type":0,"width":21.3285},{"bases":[[[-0.855677,-0.51448,-0.0559222],[-0.250457,0.317131,0.914713],[0.452866,-0.796705,0.400217]],[[-0.906156,-0.409399,-0.106175],[-0.278436,0.388481,0.878383],[0.318362,-0.825515,0.466016]],[[-0.906156,-0.409399,-0.106175],[-0.371053,0.649045,0.664124],[0.202979,-0.641197,0.740045]],[[-0.906156,-0.409399,-0.106175],[-0.422891,0.880963,0.212292],[-0.00662441,-0.237271,0.971421]]],"btipPosition":[62.1652,303.903,16.8343],"carpPosition":[107.696,201.696,95.1926],"dipPosition":[62.053,299.884,33.2916],"direction":[-0.202979,0.641197,-0.740045],"extended":true,"handId":106,"id":1063,"length":58.4197,"mcpPosition":[80.0491,250.334,70.7599],"pipPosition":[67.1515,283.778,51.8804],"stabilizedTipPosition":[68.001,290.296,1.31409],"timeVisible":0.135733,"tipPosition":[64.4104,298.212,14.7419],"tipVelocity":[-271.494,459.273,615.014],"tool":false,"touchDistance":1,"touchZone":"none","type":3,"width":19.0398},{"bases":[[[-0.744288,-0.648511,-0.159589],[-0.339497,0.161609,0.92662],[0.575133,-0.743852,0.340451]],[[-0.816715,-0.539336,-0.205166],[-0.420637,0.313052,0.851507],[0.395021,-0.781738,0.482539]],[[-0.816715,-0.539336,-0.205166],[-0.540496,0.590485,0.599327],[0.202091,-0.60037,0.773767]],[[-0.816715,-0.539336,-0.205166],[-0.575386,0.734252,0.360284],[0.0436707,-0.412299,0.910001]]],"btipPosition":[48.2292,277.867,27.3035],"carpPosition":[97.6626,193.675,89.9591],"dipPosition":[48.9117,271.423,41.5262],"direction":[-0.202091,0.60037,-0.773767],"extended":true,"handId":106,"id":1064,"length":45.8,"mcpPosition":[65.1607,235.712,70.7196],"pipPosition":[52.4957,260.776,55.2487],"stabilizedTipPosition":[52.8148,262.297,6.16119],"timeVisible":0.135733,"tipPosition":[51.3528,273.661,27.8391],"tipVelocity":[-135.935,174.964,328.732],"tool":false,"touchDistance":1,"touchZone":"none","type":4,"width":16.9127},{"bases":[[[-0.982928,-0.177577,0.0481566],[-0.0329417,0.427354,0.903484],[0.181018,-0.886474,0.425908]],[[-0.96709,-0.241819,0.0791208],[-0.0540473,0.499118,0.864847],[0.248627,-0.832109,0.495762]],[[-0.96709,-0.241819,0.0791208],[-0.154601,0.805476,0.572108],[0.202076,-0.541048,0.816353]],[[-0.96709,-0.241819,0.0791208],[-0.198389,0.911385,0.360581],[0.159305,-0.333017,0.929366]]],"btipPosition":[101.456,318.931,11.3528],"carpPosition":[131.017,205.938,93.4925],"dipPosition":[103.924,313.772,25.7507],"direction":[-0.202076,0.541048,-0.816353],"extended":true,"handId":106,"id":1061,"length":53.323,"mcpPosition":[118.038,269.499,62.9548],"pipPosition":[108.353,301.914,43.642],"stabilizedTipPosition":[107.144,296.967,-8.4057],"timeVisible":0.135733,"tipPosition":[103.604,310.103,8.4018],"tipVelocity":[-264.008,667.89,770.063],"tool":false,"touchDistance":1,"touchZone":"none","type":1,"width":20.373},{"bases":[[[-0.929321,-0.365944,-0.0494769],[-0.194661,0.371614,0.90775],[0.313799,-0.853222,0.416583]],[[-0.942798,-0.326224,-0.0686275],[-0.205177,0.405585,0.890732],[0.262744,-0.853861,0.449318]],[[-0.942798,-0.326224,-0.0686275],[-0.29604,0.724655,0.622282],[0.153272,-0.607003,0.779779]],[[-0.942798,-0.326224,-0.0686275],[-0.327774,0.869592,0.369288],[0.0607925,-0.370658,0.926778]]],"btipPosition":[81.3817,322.348,11.4575],"carpPosition":[119.19,205.048,95.3186],"dipPosition":[82.4176,316.032,27.2492],"direction":[-0.153272,0.607003,-0.779779],"extended":true,"handId":106,"id":1062,"length":60.7573,"mcpPosition":[97.8529,263.063,66.9928],"pipPosition":[86.3696,300.381,47.3553],"stabilizedTipPosition":[88.6389,302.514,-8.26307],"timeVisible":0.135733,"tipPosition":[83.5605,314.283,8.41794],"tipVelocity":[-296.383,636.815,811.749],"tool":false,"touchDistance":1,"touchZone":"none","type":2,"width":20.009}],"r":[[0.979862,0.0739668,-0.185468],[-0.0156295,0.954419,0.29806],[0.199061,-0.289159,0.936356]],"s":0.963485,"t":[7.67315,46.6069,43.1312],"timestamp":257189511900},{"currentFrameRate":35.4012,"devices":[],"gestures":[],"hands":[{"armBasis":[[-0.929089,-0.357567,0.0945454],[-0.318086,0.902928,0.289038],[0.188718,-0.238468,0.952638]],"armWidth":65.5845,"confidence":0.647888,"direction":[-0.360025,0.901213,-0.24124],"elbow":[170.474,114.785,353.813],"grabAngle":0.754196,"grabStrength":0,"id":106,"palmNormal":[0.0175445,-0.251994,-0.96757],"palmPosition":[102.229,240.317,71.3598],"palmVelocity":[-127.521,130.989,128.73],"palmWidth":88.6782,"pinchDistance":52.4647,"pinchStrength":0.0803177,"r":[[0.97505,0.0997414,-0.198315],[-0.0243429,0.936027,0.351084],[0.220646,-0.337497,0.915102]],"s":0.977503,"sphereCenter":[101.306,228.738,-37.2987],"sphereRadius":112.504,"stabilizedPalmPosition":[104.015,234.64,62.7586],"t":[6.9543,48.8959,45.7957],"timeVisible":0.146478,"type":"left","wrist":[120.814,177.536,103.135]}],"id":77334,"interactionBox":{"center":[0,200,0],"size":[235.247,235.247,147.751]},"pointables":[{"bases":[[[-0.461292,0.259368,0.848492],[0.883353,0.0447392,0.466569],[-0.0830521,-0.964742,0.249751]],[[-0.453927,0.32968,0.827805],[0.882041,0.0345619,0.469903],[-0.126307,-0.94346,0.30648]],[[-0.453927,0.32968,0.827805],[0.873809,0.34652,0.341149],[0.174381,-0.8782,0.445372]],[[-0.453927,0.32968,0.827805],[0.796225,0.567105,0.210756],[0.39997,-0.754787,0.519924]]],"btipPosition":[133.74,284.534,37.5126],"carpPosition":[141.474,195.467,77.2249],"dipPosition":[142.228,268.516,4