{"frames":189,"data":[{"currentFrameRate":24.2233,"devices":[],"gestures":[],"hands":[],"id":79621,"interactionBox":{"center":[0,200,0],"size":[235.247,235.247,147.751]},"pointables":[],"r":[[-0.962136,-0.269906,0.0380192],[0.215739,-0.839331,-0.498979],[0.166588,-0.471883,0.86578]],"s":0.686793,"t":[505.899,-233.461,348.339],"timestamp":257272651044},{"currentFrameRate":24.2155,"devices":[],"gestures":[],"hands":[],"id":79622,"interactionBox":{"center":[0,200,0],"size":[235.247,235.247,147.751]},"pointables":[],"r":[[-0.962136,-0.269906,0.0380192],[0.215739,-0.839331,-0.498979],[0.166588,-0.471883,0.86578]],"s":0.686793,"t":[505.899,-233.461,348.339],"timestamp":257272692398},{"currentFrameRate":24.2133,"devices":[],"gestures":[],"hands":[],"id":79623,"interactionBox":{"center":[0,200,0],"size":[235.247,235.247,147.751]},"pointables":[],"r":[[-0.962136,-0.269906,0.0380192],[0.215739,-0.839331,-0.498979],[0.166588,-0.471883,0.86578]],"s":0.686793,"t":[505.899,-233.461,348.339],"timestamp":257272733714},{"currentFrameRate":24.2226,"devices":[],"gestures":[],"hands":[],"id":79624,"interactionBox":{"center":[0,200,0],"size":[235.247,235.247,147.751]},"pointables":[],"r":[[-0.962136,-0.269906,0.0380192],[0.215739,-0.839331,-0.498979],[0.166588,-0.471883,0.86578]],"s":0.686793,"t":[505.899,-233.461,348.339],"timestamp":257272774929},{"currentFrameRate":24.2142,"devices":[],"gestures":[],"hands":[],"id":79625,"interactionBox":{"center":[0,200,0],"size":[235.247,235.247,147.751]},"pointables":[],"r":[[-0.962136,-0.269906,0.0380192],[0.215739,-0.839331,-0.498979],[0.166588,-0.471883,0.86578]],"s":0.686793,"t":[505.899,-233.461,348.339],"timestamp":257272816289},{"currentFrameRate":24.2027,"devices":[],"gestures":[],"hands":[],"id":79626,"interactionBox":{"center":[0,200,0],"size":[235.247,235.247,147.751]},"pointables":[],"r":[[-0.962136,-0.269906,0.0380192],[0.215739,-0.839331,-0.498979],[0.166588,-0.471883,0.86578]],"s":0.686793,"t":[505.899,-233.461,348.339],"timestamp":257272857692},{"currentFrameRate":24.2249,"devices":[],"gestures":[],"hands":[],"id":79627,"interactionBox":{"center":[0,200,0],"size":[235.247,235.247,147.751]},"pointables":[],"r":[[-0.962136,-0.269906,0.0380192],[0.215739,-0.839331,-0.498979],[0.166588,-0.471883,0.86578]],"s":0.686793,"t":[505.899,-233.461,348.339],"timestamp":257272898807},{"currentFrameRate":24.2178,"devices":[],"gestures":[],"hands":[],"id":79628,"interactionBox":{"center":[0,200,0],"size":[235.247,235.247,147.751]},"pointables":[],"r":[[-0.962136,-0.269906,0.0380192],[0.215739,-0.839331,-0.498979],[0.166588,-0.471883,0.86578]],"s":0.686793,"t":[505.899,-233.461,348.339],"timestamp":257272940152},{"currentFrameRate":24.2238,"devices":[],"gestures":[],"hands":[{"armBasis":[[0.936442,0.344996,0.0636768],[0.0178539,0.134406,-0.990765],[0.350369,-0.928931,-0.119704]],"armWidth":62.1011,"confidence":0,"direction":[0.0991104,0.958519,-0.267241],"elbow":[238.762,-125.336,143.575],"grabAngle":0,"grabStrength":0,"id":108,"palmNormal":[0.023224,0.266262,0.963621],"palmPosition":[141.72,192.23,163.41],"palmVelocity":[1.19209e-7,1.19209e-7,1.19209e-7],"palmWidth":88.6782,"pinchDistance":59.5001,"pinchStrength":0,"r":[[1,2.77556e-18,0],[-2.77556e-18,1,-1.11022e-17],[-3.08149e-35,1.11022e-17,1]],"s":1,"sphereCenter":[170.384,207.284,78.5937],"sphereRadius":86.1945,"stabilizedPalmPosition":[141.72,192.23,163.41],"t":[0,0,0],"timeVisible":0,"type":"left","wrist":[146.566,119.103,175.074]}],"id":79629,"interactionBox":{"center":[0,200,0],"size":[235.247,235.247,147.751]},"pointables":[{"bases":[[[0.398874,-0.0920417,-0.912375],[-0.849679,-0.411295,-0.329973],[0.344884,-0.906843,0.242261]],[[0.49126,-0.390072,-0.778786],[-0.745817,-0.650226,-0.144783],[0.449911,-0.651959,0.610352]],[[0.49126,-0.390072,-0.778786],[-0.859585,-0.361477,-0.361174],[0.14063,-0.846864,0.512879]],[[0.49126,-0.390072,-0.778786],[-0.869798,-0.266917,-0.414979],[0.0459998,-0.881249,0.470409]]],"btipPosition":[88.4611,222.298,126.902],"carpPosition":[116.071,142.34,184.367],"dipPosition":[89.5103,202.198,137.631],"direction":[-0.14063,0.846864,-0.512879],"extended":true,"handId":108,"id":1080,"length":50.7922,"mcpPosition":[116.071,142.34,184.367],"pipPosition":[94.1834,174.057,154.674],"stabilizedTipPosition":[88.7025,217.675,129.37],"timeVisible":0,"tipPosition":[88.7025,217.675,129.37],"tipVelocity":[1.19209e-7,1.19209e-7,1.19209e-7],"tool":false,"touchDistance":1,"touchZone":"none","type":0,"width":19.7355},{"bases":[[[0.997324,0.0606699,-0.0408002],[-0.033251,-0.120614,-0.992142],[0.0651143,-0.990844,0.118274]],[[0.998227,0.0450308,-0.0389293],[-0.0141459,-0.4558,-0.88997],[0.05782,-0.888942,0.454355]],[[0.998227,0.0450308,-0.0389293],[-0.0141459,-0.4558,-0.88997],[0.05782,-0.888942,0.454355]],[[0.998227,0.0450308,-0.0389293],[-0.0141459,-0.4558,-0.88997],[0.05782,-0.888942,0.454355]]],"btipPosition":[115.067,290.469,117.476],"carpPosition":[124.482,146.462,163.25],"dipPosition":[116.03,275.667,125.042],"direction":[-0.05782,0.888942,-0.454355],"extended":true,"handId":108,"id":1081,"length":57.3134,"mcpPosition":[119.813,217.506,154.769],"pipPosition":[117.392,254.727,135.745],"stabilizedTipPosition":[115.289,287.065,119.217],"timeVisible":0,"tipPosition":[115.289,287.065,119.217],"tipVelocity":[1.19209e-7,1.19209e-7,1.19209e-7],"tool":false,"touchDistance":1,"touchZone":"none","type":1,"width":18.8514},{"bases":[[[0.987909,-0.0540877,0.145292],[0.137275,-0.130345,-0.981919],[-0.0720478,-0.989992,0.121344]],[[0.988356,0.0837135,0.127062],[0.150994,-0.436425,-0.88698],[0.0187991,-0.895838,0.443984]],[[0.988356,0.0837135,0.127062],[0.150994,-0.436425,-0.88698],[0.0187991,-0.895838,0.443984]],[[0.988356,0.0837135,0.127062],[0.150994,-0.436425,-0.88698],[0.0187991,-0.895838,0.443984]]],"btipPosition":[139.379,298.183,111.508],"carpPosition":[136.229,147.551,161.051],"dipPosition":[139.724,281.776,119.639],"direction":[-0.0187991,0.895838,-0.443984],"extended":true,"handId":108,"id":1082,"length":65.304,"mcpPosition":[141.128,214.866,152.8],"pipPosition":[140.245,256.949,131.944],"stabilizedTipPosition":[139.459,294.409,113.378],"timeVisible":0,"tipPosition":[139.459,294.409,113.378],"tipVelocity":[1.19209e-7,1.19209e-7,1.19209e-7],"tool":false,"touchDistance":1,"touchZone":"none","type":2,"width":18.5145},{"bases":[[[0.953361,-0.189203,0.23517],[0.205139,-0.165369,-0.964661],[-0.221406,-0.967913,0.118843]],[[0.978334,0.00651604,0.20693],[0.182066,-0.50291,-0.844946],[-0.0985613,-0.864314,0.493201]],[[0.978334,0.00651604,0.20693],[0.182066,-0.50291,-0.844946],[-0.0985613,-0.864314,0.493201]],[[0.978334,0.00651604,0.20693],[0.182066,-0.50291,-0.844946],[-0.0985613,-0.864314,0.493201]]],"btipPosition":[170.441,283.383,110.796],"carpPosition":[148.177,147.584,161.824],"dipPosition":[168.646,267.645,119.777],"direction":[0.0985613,0.864314,-0.493201],"extended":true,"handId":108,"id":1083,"length":62.7915,"mcpPosition":[161.694,206.674,154.568],"pipPosition":[165.985,244.31,133.092],"stabilizedTipPosition":[170.028,279.763,112.862],"timeVisible":0,"tipPosition":[170.028,279.763,112.862],"tipVelocity":[1.19209e-7,1.19209e-7,1.19209e-7],"tool":false,"touchDistance":1,"touchZone":"none","type":3,"width":17.6178},{"bases":[[[0.87424,-0.270015,0.40348],[0.330552,-0.277642,-0.902026],[-0.355583,-0.921958,0.153472]],[[0.940276,0.0145025,0.340105],[0.252423,-0.700027,-0.668015],[-0.228395,-0.713969,0.661879]],[[0.940276,0.0145025,0.340105],[0.286925,-0.571392,-0.768886],[-0.183183,-0.820549,0.541427]],[[0.940276,0.0145025,0.340105],[0.286925,-0.571392,-0.768886],[-0.183183,-0.820549,0.541427]]],"btipPosition":[194.176,252.291,118.602],"carpPosition":[159.642,146.16,169.5],"dipPosition":[191.099,238.507,127.698],"direction":[0.183183,0.820549,-0.541427],"extended":true,"handId":108,"id":1084,"length":49.2274,"mcpPosition":[179.737,198.262,160.827],"pipPosition":[187.607,222.866,138.018],"stabilizedTipPosition":[193.469,249.121,120.694],"timeVisible":0,"tipPosition":[193.469,249.121,120.694],"tipVelocity":[1.19209e-7,1.19209e-7,1.19209e-7],"tool":false,"touchDistance":1,"touchZone":"none","type":4,"width":15.6495}],"r":[[1,2.77556e-18,0],[-2.77556e-18,1,-1.11022e-17],[-3.08149e-35,1.11022e-17,1]],"s":1,"t":[0,0,0],"timestamp":257272981389},{"currentFrameRate":24.2235,"devices":[],"gestures":[],"hands":[{"armBasis":[[0.96528,0.247903,-0.082329],[-0.0753635,-0.0374742,-0.996452],[0.250109,-0.96806,0.0174902]],"armWidth":65.5845,"confidence":0.21412,"direction":[0.0757426,0.950782,-0.300461],"elbow":[215.953,-115.118,176.147],"grabAngle":0.101983,"grabStrength":0,"id":108,"palmNormal":[0.0982368,0.292746,0.951131],"palmPosition":[145.288,212.327,156.838],"palmVelocity":[86.4284,486.815,-159.199],"palmWidth":88.6782,"pinchDistance":57.3208,"pinchStrength":0,"r":[[0.999876,2.36112e-7,-0.0157174],[-0.0000867947,0.999985,-0.0055065],[0.0157172,0.00550718,0.999861]],"s":0.993114,"sphereCenter":[148.295,233.858,80.3516],"sphereRadius":81.0044,"stabilizedPalmPosition":[144.987,210.633,157.392],"t":[1.78405,10.0488,-3.28618],"timeVisible":0.041284,"type":"left","wrist":[150.14,139.617,171.544]}],"id":79630,"interactionBox":{"center":[0,200,0],"size":[235.247,235.247,147.751]},"pointables":[{"bases":[[[0.326204,-0.117178,-0.938009],[-0.872071,-0.420243,-0.250775],[0.364807,-0.899814,0.239272]],[[0.332183,-0.132019,-0.93393],[-0.792419,-0.576114,-0.200411],[0.511592,-0.806637,0.29599]],[[0.332183,-0.132019,-0.93393],[-0.908205,-0.312033,-0.278924],[0.254594,-0.940854,0.223553]],[[0.332183,-0.132019,-0.93393],[-0.928206,-0.221688,-0.298809],[0.167593,-0.966139,0.196182]]],"btipPosition":[85.1562,251.867,155.635],"carpPosition":[121.472,163.035,181.109],"dipPosition":[88.7127,231.364,159.798],"direction":[-0.254594,0.940854,-0.223553],"extended":true,"handId":108,"id":1080,"length":47.2559,"mcpPosition":[121.472,163.035,181.109],"pipPosition":[96.5837,202.277,166.709],"stabilizedTipPosition":[86.7044,239.262,149.307],"timeVisible":0.041284,"tipPosition":[86.6384,245.313,151.216],"tipVelocity":[-66.0846,713.978,659.401],"tool":false,"touchDistance":1,"touchZone":"none","type":0,"width":21.3285},{"bases":[[[0.990907,0.0595224,-0.120665],[-0.110788,-0.14794,-0.982771],[0.0763481,-0.987204,0.140001]],[[0.992715,0.0306392,-0.116521],[-0.109576,-0.172478,-0.9789],[0.0500901,-0.984537,0.167864]],[[0.992715,0.0306392,-0.116521],[-0.109576,-0.172478,-0.9789],[0.0500901,-0.984537,0.167864]],[[0.992715,0.0306392,-0.116521],[-0.109576,-0.172478,-0.9789],[0.0500901,-0.984537,0.167864]]],"btipPosition":[118.891,312.539,136.434],"carpPosition":[128.19,166.573,159.291],"dipPosition":[119.667,297.286,139.034],"direction":[-0.0500901,0.984537,-0.167864],"extended":true,"handId":108,"id":1081,"length":53.323,"mcpPosition":[122.716,237.356,149.252],"pipPosition":[120.764,275.709,142.713],"stabilizedTipPosition":[118.256,304.307,133.2],"timeVisible":0.041284,"tipPosition":[118.142,308.27,130.997],"tipVelocity":[91.5674,532.071,431.528],"tool":false,"touchDistance":1,"touchZone":"none","type":1,"width":20.373},{"bases":[[[0.996382,-0.0500575,0.0686772],[0.0600347,-0.157385,-0.985711],[-0.060151,-0.986268,0.153811]],[[0.998077,-0.00580312,0.0617144],[0.0575329,-0.283846,-0.957142],[-0.0230718,-0.958852,0.282966]],[[0.998077,-0.00580312,0.0617144],[0.0575329,-0.283846,-0.957142],[-0.0230718,-0.958852,0.282966]],[[0.998077,-0.00580312,0.0617144],[0.0575329,-0.283846,-0.957142],[-0.0230718,-0.958852,0.282966]]],"btipPosition":[145.812,317.631,121.204],"carpPosition":[139.726,167.601,156.147],"dipPosition":[145.419,301.293,126.026],"direction":[0.0230718,0.958852,-0.282966],"extended":true,"handId":108,"id":1082,"length":60.7573,"mcpPosition":[143.816,234.662,145.689],"pipPosition":[144.824,276.569,133.322],"stabilizedTipPosition":[145.003,311.639,121.288],"timeVisible":0.041284,"tipPosition":[143.484,313.616,116.433],"tipVelocity":[151.704,471.463,216.421],"tool":false,"touchDistance":1,"touchZone":"none","type":2,"width":20.009},{"bases":[[[0.969291,-0.182642,0.164673],[0.12912,-0.191919,-0.97288],[-0.209292,-0.964266,0.162443]],[[0.988877,-0.0481259,0.140737],[0.112737,-0.374701,-0.920266],[-0.097023,-0.925896,0.365108]],[[0.988877,-0.0481259,0.140737],[0.112737,-0.374701,-0.920266],[-0.097023,-0.925896,0.365108]],[[0.988877,-0.0481259,0.140737],[0.132864,-0.139519,-0.981265],[-0.0668598,-0.989049,0.131573]]],"btipPosition":[171.975,304.045,119.869],"carpPosition":[151.698,167.655,155.978],"dipPosition":[170.842,287.289,122.098],"direction":[0.097023,0.925896,-0.365108],"extended":true,"handId":108,"id":1083,"length":58.4197,"mcpPosition":[164.474,226.522,146.061],"pipPosition":[168.405,264.032,131.269],"stabilizedTipPosition":[171.558,298.292,119.683],"timeVisible":0.041284,"tipPosition":[170.922,299.602,114.168],"tipVelocity":[40.8402,494.824,182.159],"tool":false,"touchDistance":0.469155,"touchZone":"none","type":3,"width":19.0398},{"bases":[[[0.903805,-0.258779,0.340837],[0.259307,-0.302422,-0.917224],[-0.340435,-0.917374,0.206227]],[[0.964043,0.0238812,0.26467],[0.229316,-0.578054,-0.783114],[-0.134292,-0.815649,0.562746]],[[0.964043,0.0238812,0.26467],[0.229316,-0.578054,-0.783114],[-0.134292,-0.815649,0.562746]],[[0.964043,0.0238812,0.26467],[0.254739,0.20061,-0.945972],[0.0756863,-0.97938,-0.187313]]],"btipPosition":[188.476,274.209,126.017],"carpPosition":[163.733,166.443,162.766],"dipPosition":[189.659,258.902,123.089],"direction":[0.134292,0.815649,-0.562746],"extended":true,"handId":108,"id":1084,"length":45.8,"mcpPosition":[182.971,218.286,151.112],"pipPosition":[187.277,244.437,133.069],"stabilizedTipPosition":[188.926,269.872,125.167],"timeVisible":0.041284,"tipPosition":[190.409,269.735,119.379],"tipVelocity":[-114.35,522.423,112.612],"tool":false,"touchDistance":0.472289,"touchZone":"none","type":4,"width":16.9127}],"r":[[0.999876,2.36112e-7,-0.0157174],[-0.0000867947,0.999985,-0.0055065],[0.0157172,0.00550718,0.999861]],"s":0.993114,"t":[1.78405,10.0488,-3.28618],"timestamp":257273022673},{"currentFrameRate":25.2872,"devices":[],"gestures":[],"hands":[{"armBasis":[[-0.950816,-0.293397,0.0993352],[0.0329568,0.223048,0.97425],[0.307998,-0.929606,0.202408]],"armWidth":65.5845,"confidence":0.367003,"direction":[-0.133446,0.989397,0.0573221],"elbow":[218.812,-102.168,210.405],"grabAngle":0.952261,"grabStrength":0,"id":108,"palmNormal":[-0.0719884,0.0480096,-0.996249],"palmPosition":[133.076,216.199,153.937],"palmVelocity":[-384.147,121.782,-91.2389],"palmWidth":88.6782,"pinchDistance":45.1314,"pinchStrength":0.31805,"r":[[0.998733,-0.0196051,-0.0463405],[0.0168202,0.998072,-0.0597389],[0.0474224,0.0588838,0.997138]],"s":0.942117,"sphereCenter":[118.337,231.549,54.2305],"sphereRadius":101.82,"stabilizedPalmPosition":[133.58,215.963,154.083],"t":[-3.42993,17.009,-6.37952],"timeVisible":0.073074,"type":"left","wrist":[137.766,142.448,157.143]}],"id":79631,"interactionBox":{"center":[0,200,0],"size":[235.247,235.247,147.751]},"pointables":[{"bases":[[[-0.359396,0.094965,0.92834],[0.879762,-0.297283,0.371],[-0.311212,-0.950055,-0.0232956]],[[-0.299329,0.259906,0.918069],[0.893128,-0.262251,0.365441],[-0.335744,-0.92934,0.15363]],[[-0.299329,0.259906,0.918069],[0.950143,-0.00689231,0.311738],[-0.0873501,-0.965609,0.244885]],[[-0.299329,0.259906,0.918069],[0.952219,0.142556,0.270105],[0.0606744,-0.955053,0.290159]]],"btipPosition":[177.956,259.254,121.916],"carpPosition":[160.209,163.922,143.118],"dipPosition":[179.243,238.987,128.074],"direction":[0.0873501,0.965609,-0.244885],"extended":true,"handId":108,"id":1080,"length":47.2559,"mcpPosition":[160.209,163.922,143.118],"pipPosition":[176.543,209.134,135.644],"stabilizedTipPosition":[160.623,251.64,128.334],"timeVisible":0.073074,"tipPosition":[181.014,254.167,130.443],"tipVelocity":[2902.72,234.077,-1046.24],"tool":false,"touchDistance":1,"touchZone":"none","type":0,"width":21.3285},{"bases":[[[-0.996812,0.0309958,0.0735227],[0.0762962,0.10062,0.991995],[-0.0233498,-0.994442,0.102664]],[[-0.993288,0.094416,0.0668189],[0.0949534,0.335699,0.937171],[-0.066053,-0.937226,0.342411]],[[-0.993288,0.094416,0.0668189],[0.115196,0.755344,0.645124],[-0.0104388,-0.648491,0.76115]],[[-0.993288,0.094416,0.0668189],[0.113974,0.897414,0.426213],[0.0197228,-0.430968,0.902152]]],"btipPosition":[156.59,300.949,111.853],"carpPosition":[152.42,172.248,163.211],"dipPosition":[156.896,294.273,125.829],"direction":[0.0104389,0.648492,-0.76115],"extended":true,"handId":108,"id":1081,"length":53.323,"mcpPosition":[154.094,243.55,155.85],"pipPosition":[156.667,280.06,142.511],"stabilizedTipPosition":[147.654,300.561,119.32],"timeVisible":0.073074,"tipPosition":[156.342,302.018,121.219],"tipVelocity":[1182.49,-302.526,-690.914],"tool":false,"touchDistance":1,"touchZone":"none","type":1,"width":20.373},{"bases":[[[-0.989105,-0.121252,-0.0834785],[-0.0938562,0.082554,0.992157],[0.11341,-0.989183,0.0930349]],[[-0.995036,-0.040886,-0.0907266],[-0.0989007,0.305258,0.94712],[0.0110289,-0.951392,0.307786]],[[-0.995036,-0.040886,-0.0907266],[-0.095543,0.647472,0.756077],[-0.02783,-0.760992,0.648164]],[[-0.995036,-0.040886,-0.0907266],[-0.095543,0.647472,0.756077],[-0.02783,-0.760992,0.648164]]],"btipPosition":[133.724,314.783,118.136],"carpPosition":[140.726,173.354,165.67],"dipPosition":[133.25,301.816,129.18],"direction":[0.02783,0.760992,-0.648164],"extended":true,"handId":108,"id":1082,"length":60.7573,"mcpPosition":[133.015,240.614,159.344],"pipPosition":[132.533,282.194,145.893],"stabilizedTipPosition":[134.166,311.793,120.706],"timeVisible":0.073074,"tipPosition":[132.958,313.35,126.656],"tipVelocity":[-380.818,-65.1971,-51.497],"tool":false,"touchDistance":1,"touchZone":"none","type":2,"width":20.009},{"bases":[[[-0.951727,-0.271373,-0.143432],[-0.16062,0.0421051,0.986118],[0.261567,-0.961553,0.0836606]],[[-0.975252,-0.160567,-0.151995],[-0.190367,0.260178,0.946609],[0.112448,-0.952116,0.284306]],[[-0.975252,-0.160567,-0.151995],[-0.21799,0.583448,0.782349],[0.0369382,-0.79612,0.60401]],[[-0.975252,-0.160567,-0.151995],[-0.192941,0.953772,0.230418],[-0.107971,-0.254042,0.961148]]],"btipPosition":[109.146,294.348,117.392],"carpPosition":[128.769,172.772,165.472],"dipPosition":[107.317,290.044,133.675],"direction":[-0.0369383,0.79612,-0.60401],"extended":true,"handId":108,"id":1083,"length":58.4197,"mcpPosition":[112.8,231.474,160.365],"pipPosition":[108.245,270.047,148.847],"stabilizedTipPosition":[110.961,293.533,121.085],"timeVisible":0.073074,"tipPosition":[107.968,295.074,126.641],"tipVelocity":[-1981.41,-214.963,23.7454],"tool":false,"touchDistance":0.852278,"touchZone":"none","type":3,"width":19.0398},{"bases":[[[-0.875347,-0.38404,-0.293735],[-0.282949,-0.0857334,0.955295],[0.392055,-0.919327,0.0336174]],[[-0.900226,-0.31994,-0.295351],[-0.350414,0.129688,0.927573],[0.258464,-0.93852,0.22886]],[[-0.900226,-0.31994,-0.295351],[-0.418862,0.451011,0.788127],[0.118946,-0.833203,0.540022]],[[-0.900226,-0.31994,-0.295351],[-0.435177,0.683938,0.585534],[-0.0146663,-0.655643,0.754929]]],"btipPosition":[84.7779,276.346,128.221],"carpPosition":[117.101,169.279,158.835],"dipPosition":[84.5487,266.099,140.02],"direction":[-0.118946,0.833203,-0.540022],"extended":true,"handId":108,"id":1084,"length":45.8,"mcpPosition":[94.9449,221.232,156.935],"pipPosition":[86.6582,251.322,149.598],"stabilizedTipPosition":[87.1861,273.892,130.799],"timeVisible":0.073074,"tipPosition":[84.5739,274.656,137.702],"tipVelocity":[-3272.18,103.827,175.902],"tool":false,"touchDistance":1,"touchZone":"none","type":4,"width":16.9127}],"r":[[0.998733,-0.0196051,-0.0463405],[0.0168202,0.998072,-0.0597389],[0.0474224,0.0588838,0.997138]],"s":0.942117,"t":[-3.42993,17.009,-6.37952],"timestamp":257273054463},{"currentFrameRate":28.6572,"devices":[],"gestures":[],"hands":[{"armBasis":[[-0.955224,-0.28299,0.0863903],[0.00736059,0.269157,0.963068],[0.295791,-0.920582,0.255023]],"armWidth":65.5845,"confidence":0.420946,"direction":[-0.185869,0.981367,0.0487094],"elbow":[217.663,-97.4813,226.004],"grabAngle":0.925376,"grabStrength":0,"id":108,"palmNormal":[-0.0682777,0.0365536,-0.996996],"palmPosition":[131.902,218.258,154.615],"palmVelocity":[-96.8197,169.856,55.8471],"palmWidth":88.6782,"pinchDistance":46.5009,"pinchStrength":0.303497,"r":[[0.997292,-0.0261016,-0.0687553],[0.0187855,0.994297,-0.104983],[0.0711034,0.103407,0.992094]],"s":0.906723,"sphereCenter":[115.782,232.474,54.557],"sphereRadius":102.708,"stabilizedPalmPosition":[132.356,217.637,154.471],"t":[-6.62399,21.519,-7.58756],"timeVisible":0.085201,"type":"left","wrist":[139.829,144.761,158.897]}],"id":79632,"interactionBox":{"center":[0,200,0],"size":[235.247,235.247,147.751]},"pointables":[{"bases":[[[-0.369629,0.0828953,0.925474],[0.891931,-0.247527,0.378403],[-0.260447,-0.965328,-0.0175562]],[[-0.307562,0.28134,0.908985],[0.910723,-0.189714,0.366868],[-0.275662,-0.940668,0.197873]],[[-0.307562,0.28134,0.908985],[0.95152,0.0949385,0.292569],[0.00398635,-0.9549,0.2969]],[[-0.307562,0.28134,0.908985],[0.938879,0.244972,0.241856],[0.154632,-0.927813,0.339488]]],"btipPosition":[171.83,262.382,118.357],"carpPosition":[161.824,167.409,144.367],"dipPosition":[175.112,242.693,125.561],"direction":[-0.00398635,0.9549,-0.2969],"extended":true,"handId":108,"id":1080,"length":47.2559,"mcpPosition":[161.824,167.409,144.367],"pipPosition":[175.235,213.172,134.74],"stabilizedTipPosition":[166.48,254.683,124.26],"timeVisible":0.085201,"tipPosition":[176.593,258.361,128.352],"tipVelocity":[-467.275,268.935,-273.622],"tool":false,"touchDistance":0.439405,"touchZone":"none","type":0,"width":21.3285},{"bases":[[[-0.997492,-0.0211848,0.0675349],[0.0647554,0.112059,0.991589],[0.0285745,-0.993476,0.110406]],[[-0.997051,0.0482785,0.0596561],[0.0717133,0.309299,0.948257],[-0.0273289,-0.949739,0.311849]],[[-0.997051,0.0482785,0.0596561],[0.0761138,0.721507,0.688211],[0.00981652,-0.690722,0.723054]],[[-0.997051,0.0482785,0.0596561],[0.0706623,0.8808,0.468186],[0.0299418,-0.471021,0.881614]]],"btipPosition":[151.819,306.129,114.778],"carpPosition":[153.482,175.464,164.347],"dipPosition":[152.283,298.832,128.436],"direction":[-0.00981652,0.690722,-0.723054],"extended":true,"handId":108,"id":1081,"length":53.323,"mcpPosition":[151.433,246.696,156.431],"pipPosition":[152.498,283.694,144.283],"stabilizedTipPosition":[149.653,302.381,118.665],"timeVisible":0.085201,"tipPosition":[151.019,304.843,120.691],"tipVelocity":[-390.422,415.371,235.167],"tool":false,"touchDistance":1,"touchZone":"none","type":1,"width":20.373},{"bases":[[[-0.980787,-0.174003,-0.0882077],[-0.104203,0.0850253,0.990915],[0.164922,-0.981068,0.101523]],[[-0.991456,-0.0874808,-0.0967537],[-0.115036,0.236747,0.964737],[0.0614898,-0.967625,0.244788]],[[-0.991456,-0.0874808,-0.0967537],[-0.130261,0.62536,0.769388],[0.00680074,-0.775417,0.631412]],[[-0.991456,-0.0874808,-0.0967537],[-0.129538,0.747366,0.651662],[-0.0153026,-0.658628,0.752313]]],"btipPosition":[127.916,316.183,120.029],"carpPosition":[141.732,175.968,166.731],"dipPosition":[127.655,304.96,132.848],"direction":[-0.00680074,0.775417,-0.631412],"extended":true,"handId":108,"id":1082,"length":60.7573,"mcpPosition":[130.518,242.677,159.828],"pipPosition":[127.83,284.967,149.129],"stabilizedTipPosition":[129.743,313.061,122.298],"timeVisible":0.085201,"tipPosition":[126.965,314.855,126.064],"tipVelocity":[-474.943,148.534,189.82],"tool":false,"touchDistance":1,"touchZone":"none","type":2,"width":20.009},{"bases":[[[-0.935162,-0.32239,-0.146753],[-0.168699,0.0410587,0.984812],[0.311468,-0.945716,0.0927834]],[[-0.964843,-0.211171,-0.156474],[-0.201474,0.211944,0.956289],[0.168777,-0.954194,0.247038]],[[-0.964843,-0.211171,-0.156474],[-0.249177,0.545599,0.800146],[0.0835952,-0.811005,0.579036]],[[-0.964843,-0.211171,-0.156474],[-0.258044,0.874159,0.411411],[-0.0499055,-0.437324,0.897918]]],"btipPosition":[102.717,298.926,121.039],"carpPosition":[129.823,174.754,166.468],"dipPosition":[101.871,291.517,136.251],"direction":[-0.0835952,0.811005,-0.579036],"extended":true,"handId":108,"id":1083,"length":58.4197,"mcpPosition":[110.808,232.489,160.804],"pipPosition":[103.971,271.146,150.796],"stabilizedTipPosition":[104.919,296.174,123.557],"timeVisible":0.085201,"tipPosition":[102.752,295.932,126.034],"tipVelocity":[-511.529,318.633,280.458],"tool":false,"touchDistance":0.908964,"touchZone":"none","type":3,"width":19.0398},{"bases":[[[-0.852013,-0.432002,-0.295717],[-0.283913,-0.0932987,0.9543],[0.43985,-0.897034,0.0431591]],[[-0.883045,-0.36241,-0.298145],[-0.36176,0.120992,0.924387],[0.298934,-0.924132,0.237946]],[[-0.883045,-0.36241,-0.298145],[-0.447491,0.458886,0.767578],[0.141363,-0.811223,0.567392]],[[-0.883045,-0.36241,-0.298145],[-0.469237,0.672508,0.572319],[0.00690894,-0.645284,0.763911]]],"btipPosition":[81.3411,275.393,127.722],"carpPosition":[118.397,170.598,159.792],"dipPosition":[81.4491,265.307,139.661],"direction":[-0.141363,0.811223,-0.567392],"extended":true,"handId":108,"id":1084,"length":45.8,"mcpPosition":[93.5404,221.291,157.353],"pipPosition":[83.9561,250.921,149.724],"stabilizedTipPosition":[82.5464,273.239,130.535],"timeVisible":0.085201,"tipPosition":[80.5255,273.901,137.277],"tipVelocity":[-277.006,-75.5419,-38.5206],"tool":false,"touchDistance":1,"touchZone":"none","type":4,"width":16.9127}],"r":[[0.997292,-0.0261016,-0.0687553],[0.0187855,0.994297,-0.104983],[0.0711034,0.103407,0.992094]],"s":0.906723,"t":[-6.62399,21.519,-7.58756],"timestamp":257273066590},{"currentFrameRate":31.8917,"devices":[],"gestures":[],"hands":[{"armBasis":[[-0.95462,-0.287111,0.0791742],[-0.012,0.302703,0.95301],[0.297586,-0.908812,0.292411]],"armWidth":65.5845,"confidence":0.470272,"direction":[-0.191595,0.979791,0.0574476],"elbow":[216.764,-94.8378,235.47],"grabAngle":0.847302,"grabStrength":0,"id":108,"palmNormal":[-0.0596058,0.0468082,-0.997124],"palmPosition":[130.161,217.746,154.466],"palmVelocity":[-148.987,-43.868,-12.6957],"palmWidth":88.6782,"pinchDistance":46.9263,"pinchStrength":0.280223,"r":[[0.995928,-0.030899,-0.0846962],[0.0189033,0.990121,-0.138936],[0.0881524,0.136769,0.986673]],"s":0.888145,"sphereCenter":[114.859,233.122,47.9513],"sphereRadius":109.591,"stabilizedPalmPosition":[130.688,217.72,154.467],"t":[-9.09177,23.5176,-8.26578],"timeVisible":0.09689,"type":"left","wrist":[138.457,144.307,158.525]}],"id":79633,"interactionBox":{"center":[0,200,0],"size":[235.247,235.247,147.751]},"pointables":[{"bases":[[[-0.378287,0.071069,0.922956],[0.889856,-0.246804,0.383725],[-0.25506,-0.966456,-0.0301216]],[[-0.323214,0.252591,0.911993],[0.90386,-0.203056,0.376571],[-0.280304,-0.946027,0.162676]],[[-0.323214,0.252591,0.911993],[0.946316,0.0818564,0.312707],[-0.00433432,-0.964105,0.265488]],[[-0.323214,0.252591,0.911993],[0.930265,0.261607,0.257233],[0.173609,-0.931536,0.319531]]],"btipPosition":[170.533,262.765,121.045],"carpPosition":[160.447,167.168,143.948],"dipPosition":[174.218,242.997,127.826],"direction":[0.00433432,0.964105,-0.265488],"extended":true,"handId":108,"id":1080,"length":47.2559,"mcpPosition":[160.447,167.168,143.948],"pipPosition":[174.084,213.191,136.034],"stabilizedTipPosition":[168.223,255.94,123.671],"timeVisible":0.09689,"tipPosition":[174.448,258.346,128.261],"tipVelocity":[-103.023,31.2211,221.636],"tool":false,"touchDistance":0.360504,"touchZone":"none","type":0,"width":21.3285},{"bases":[[[-0.997924,-0.027199,0.0583768],[0.0553286,0.101833,0.993262],[0.0329604,-0.99443,0.100116]],[[-0.998299,0.0239707,0.0531516],[0.0578069,0.287778,0.955951],[-0.00761895,-0.957397,0.288674]],[[-0.998299,0.0239707,0.0531516],[0.0544462,0.70943,0.70267],[0.0208639,-0.704368,0.709528]],[[-0.998299,0.0239707,0.0531516],[0.0473756,0.864859,0.499774],[0.0339887,-0.501442,0.864523]]],"btipPosition":[148.834,306.767,116.57],"carpPosition":[151.884,174.965,163.937],"dipPosition":[149.361,298.999,129.963],"direction":[-0.0208639,0.704368,-0.709528],"extended":true,"handId":108,"id":1081,"length":53.323,"mcpPosition":[149.521,246.266,156.759],"pipPosition":[149.818,283.562,145.513],"stabilizedTipPosition":[149.327,303.595,119.125],"timeVisible":0.09689,"tipPosition":[149.097,304.804,121.459],"tipVelocity":[-254.138,45.3316,148.077],"tool":false,"touchDistance":1,"touchZone":"none","type":1,"width":20.373},{"bases":[[[-0.979009,-0.178259,-0.0988218],[-0.113469,0.0739111,0.990789],[0.169313,-0.981204,0.0925864]],[[-0.989967,-0.0929306,-0.106442],[-0.122525,0.189344,0.974236],[0.0703821,-0.977503,0.198831]],[[-0.989967,-0.0929306,-0.106442],[-0.140582,0.571842,0.808229],[0.0142411,-0.815083,0.579169]],[[-0.989967,-0.0929306,-0.106442],[-0.140786,0.712988,0.686897],[-0.0120581,-0.694991,0.718917]]],"btipPosition":[125.36,317.68,124.052],"carpPosition":[140.11,175.382,166.221],"dipPosition":[125.155,305.837,136.302],"direction":[-0.0142411,0.815083,-0.579169],"extended":true,"handId":108,"id":1082,"length":60.7573,"mcpPosition":[128.598,242.099,159.925],"pipPosition":[125.522,284.821,151.235],"stabilizedTipPosition":[127.272,314.118,124.848],"timeVisible":0.09689,"tipPosition":[125.024,314.679,126.893],"tipVelocity":[-217.539,115.853,332.914],"tool":false,"touchDistance":1,"touchZone":"none","type":2,"width":20.009},{"bases":[[[-0.932064,-0.325769,-0.158527],[-0.177669,0.0296701,0.983643],[0.315737,-0.944984,0.0855336]],[[-0.962128,-0.215228,-0.167291],[-0.204048,0.161679,0.965518],[0.180759,-0.963087,0.199473]],[[-0.962128,-0.215228,-0.167291],[-0.254748,0.491479,0.832798],[0.0970215,-0.843875,0.527694]],[[-0.962128,-0.215228,-0.167291],[-0.272405,0.782161,0.560374],[-0.0102405,-0.584723,0.811169]]],"btipPosition":[99.3496,301.917,125.538],"carpPosition":[128.211,174.107,165.839],"dipPosition":[99.1761,292.011,139.281],"direction":[-0.0970215,0.843875,-0.527694],"extended":true,"handId":108,"id":1083,"length":58.4197,"mcpPosition":[108.936,231.797,160.617],"pipPosition":[101.613,270.814,152.536],"stabilizedTipPosition":[101.526,298.27,126.668],"timeVisible":0.09689,"tipPosition":[100.466,296.572,127.008],"tipVelocity":[-274.825,206.777,356.007],"tool":false,"touchDistance":0.97832,"touchZone":"none","type":3,"width":19.0398},{"bases":[[[-0.847002,-0.433346,-0.307894],[-0.291879,-0.104965,0.950678],[0.44429,-0.895094,0.0375793]],[[-0.875761,-0.370261,-0.309758],[-0.360366,0.0744608,0.929835],[0.321217,-0.925939,0.198639]],[[-0.875761,-0.370261,-0.309758],[-0.447978,0.38422,0.807274],[0.179887,-0.845744,0.502353]],[[-0.875761,-0.370261,-0.309758],[-0.480431,0.60572,0.634263],[0.0472161,-0.70428,0.70835]]],"btipPosition":[77.5333,276.239,130.544],"carpPosition":[116.868,169.962,159.017],"dipPosition":[78.2713,265.232,141.615],"direction":[-0.179887,0.845744,-0.502353],"extended":true,"handId":108,"id":1084,"length":45.8,"mcpPosition":[91.7602,220.546,156.893],"pipPosition":[81.4615,250.233,150.524],"stabilizedTipPosition":[79.0269,273.579,132.392],"timeVisible":0.09689,"tipPosition":[78.4639,273.373,136.476],"tipVelocity":[-313.361,54.2634,224.359],"tool":false,"touchDistance":1,"touchZone":"none","type":4,"width":16.9127}],"r":[[0.995928,-0.030899,-0.0846962],[0.0189033,0.990121,-0.138936],[0.0881524,0.136769,0.986673]],"s":0.888145,"t":[-9.09177,23.5176,-8.26578],"timestamp":257273078279},{"currentFrameRate":35.0871,"devices":[],"gestures":[],"hands":[{"armBasis":[[-0.952811,-0.294643,0.0730487],[-0.0271374,0.322348,0.946232],[0.302348,-0.899598,0.315133]],"armWidth":65.5845,"confidence":0.513364,"direction":[-0.193643,0.978268,0.0741152],"elbow":[216.494,-91.3995,240.422],"grabAngle":0.78545,"grabStrength":0,"id":108,"palmNormal":[-0.0527152,0.0650608,-0.996488],"palmPosition":[128.464,218.74,154.321],"palmVelocity":[-157.169,92.1001,-13.4658],"palmWidth":88.6782,"pinchDistance":47.4463,"pinchStrength":0.260272,"r":[[0.994779,-0.0345495,-0.0960263],[0.0185936,0.98656,-0.162337],[0.100344,0.159704,0.982052]],"s":0.878136,"sphereCenter":[114.563,236.394,42.7443],"sphereRadius":115.093,"stabilizedPalmPosition":[128.978,218.504,154.355],"t":[-11.174,25.014,-8.67757],"timeVisible":0.107685,"type":"left","wrist":[136.934,145.321,157.498]}],"id":79634,"interactionBox":{"center":[0,200,0],"size":[235.247,235.247,147.751]},"pointables":[{"bases":[[[-0.384847,0.0534797,0.92143],[0.887567,-0.252439,0.385355],[-0.253214,-0.966134,-0.0496837]],[[-0.33291,0.226723,0.915296],[0.899999,-0.213245,0.380168],[-0.281376,-0.950328,0.133059]],[[-0.33291,0.226723,0.915296],[0.942894,0.0686963,0.325932],[-0.0110188,-0.971534,0.236646]],[[-0.33291,0.226723,0.915296],[0.925936,0.262204,0.271831],[0.178364,-0.938001,0.297221]]],"btipPosition":[169.153,264.585,122.99],"carpPosition":[158.908,168.411,143.087],"dipPosition":[172.938,244.68,129.297],"direction":[0.0110188,0.971534,-0.236646],"extended":true,"handId":108,"id":1080,"length":47.2559,"mcpPosition":[158.908,168.411,143.087],"pipPosition":[172.597,214.644,136.613],"stabilizedTipPosition":[168.808,257.262,123.922],"timeVisible":0.107685,"tipPosition":[172.692,259.892,128.89],"tipVelocity":[-125.756,165.648,170.071],"tool":false,"touchDistance":0.362034,"touchZone":"none","type":0,"width":21.3285},{"bases":[[[-0.99826,-0.0298224,0.0508618],[0.0482145,0.0836191,0.995331],[0.0339362,-0.996051,0.0820357]],[[-0.998778,0.0148999,0.0471297],[0.0493748,0.256131,0.96538],[-0.00231275,-0.966527,0.256553]],[[-0.998778,0.0148999,0.0471297],[0.0446557,0.680786,0.73112],[0.0211916,-0.732331,0.680619]],[[-0.998778,0.0148999,0.0471297],[0.0380829,0.839802,0.541555],[0.0315105,-0.542688,0.839343]]],"btipPosition":[146.897,309.352,119.359],"carpPosition":[150.193,175.826,163.156],"dipPosition":[147.385,300.945,132.363],"direction":[-0.0211916,0.732331,-0.680619],"extended":true,"handId":108,"id":1081,"length":53.323,"mcpPosition":[147.76,247.243,157.274],"pipPosition":[147.85,284.895,147.279],"stabilizedTipPosition":[148.376,305.164,120.448],"timeVisible":0.107685,"tipPosition":[147.443,306.506,122.994],"tipVelocity":[-180.228,225.828,250.107],"tool":false,"touchDistance":1,"touchZone":"none","type":1,"width":20.373},{"bases":[[[-0.977992,-0.177934,-0.108952],[-0.120514,0.055485,0.99116],[0.170315,-0.982477,0.0757074]],[[-0.989419,-0.0879701,-0.115378],[-0.127209,0.143534,0.981436],[0.0697764,-0.985728,0.153206]],[[-0.989419,-0.0879701,-0.115378],[-0.144278,0.512571,0.846436],[0.0153218,-0.854126,0.51984]],[[-0.989419,-0.0879701,-0.115378],[-0.144534,0.667082,0.730829],[-0.0126753,-0.739772,0.672738]]],"btipPosition":[123.594,320.696,128.653],"carpPosition":[138.403,176.182,165.364],"dipPosition":[123.378,308.091,140.116],"direction":[-0.0153218,0.854126,-0.51984],"extended":true,"handId":108,"id":1082,"length":60.7573,"mcpPosition":[126.822,242.986,160.216],"pipPosition":[123.773,286.068,153.52],"stabilizedTipPosition":[125.64,315.728,127.667],"timeVisible":0.107685,"tipPosition":[123.389,316.44,128.983],"tipVelocity":[-163.88,263.164,409.477],"tool":false,"touchDistance":1,"touchZone":"none","type":2,"width":20.009},{"bases":[[[-0.930383,-0.324247,-0.17103],[-0.184589,0.0112832,0.982751],[0.316724,-0.945905,0.0703499]],[[-0.962111,-0.206242,-0.178344],[-0.205915,0.120864,0.971077],[0.178722,-0.971008,0.158752]],[[-0.962111,-0.206242,-0.178344],[-0.254333,0.443099,0.859638],[0.0982695,-0.872426,0.478765]],[[-0.962111,-0.206242,-0.178344],[-0.27244,0.701058,0.659009],[0.010886,-0.682628,0.730685]]],"btipPosition":[97.2801,305.46,129.744],"carpPosition":[126.509,174.897,164.875],"dipPosition":[97.4645,293.895,142.123],"direction":[-0.0982695,0.872426,-0.478765],"extended":true,"handId":108,"id":1083,"length":58.4197,"mcpPosition":[107.173,232.643,160.58],"pipPosition":[99.9329,271.981,154.148],"stabilizedTipPosition":[99.4186,300.541,129.637],"timeVisible":0.107685,"tipPosition":[98.5577,298.875,128.917],"tipVelocity":[-184.081,292.801,360.503],"tool":false,"touchDistance":1,"touchZone":"none","type":3,"width":19.0398},{"bases":[[[-0.844098,-0.428923,-0.32175],[-0.298338,-0.1229,0.946515],[0.445525,-0.894942,0.0242248]],[[-0.877438,-0.354961,-0.322655],[-0.358722,0.0389873,0.93263],[0.318468,-0.934068,0.161541]],[[-0.877438,-0.354961,-0.322655],[-0.441988,0.33686,0.831367],[0.186413,-0.872082,0.452462]],[[-0.877438,-0.354961,-0.322655],[-0.475237,0.55181,0.685314],[0.0652156,-0.754658,0.652869]]],"btipPosition":[75.5071,278.643,133.122],"carpPosition":[115.22,170.86,157.898],"dipPosition":[76.5264,266.849,143.326],"direction":[-0.186413,0.872082,-0.452462],"extended":true,"handId":108,"id":1084,"length":45.8,"mcpPosition":[90.0429,221.435,156.529],"pipPosition":[79.8324,251.383,151.35],"stabilizedTipPosition":[76.9396,275.073,134.347],"timeVisible":0.107685,"tipPosition":[76.6699,274.772,136.806],"tipVelocity":[-181.709,205.957,220.294],"tool":false,"touchDistance":1,"touchZone":"none","type":4,"width":16.9127}],"r":[[0.994779,-0.0345495,-0.0960263],[0.0185936,0.98656,-0.162337],[0.100344,0.159704,0.982052]],"s":0.878136,"t":[-11.174,25.014,-8.67757],"timestamp":257273089074},{"currentFrameRate":38.1505,"devices":[],"gestures":[],"hands":[{"armBasis":[[-0.950554,-0.303616,0.0653054],[-0.0419076,0.333761,0.941726],[0.307719,-0.892424,0.329982]],"armWidth":65.5845,"confidence":0.553262,"direction":[-0.199915,0.976351,0.0822989],"elbow":[217.116,-87.4769,243.851],"grabAngle":0.712982,"grabStrength":0,"id":108,"palmNormal":[-0.0443403,0.0748934,-0.996205],"palmPosition":[127.233,220.712,154.275],"palmVelocity":[-116.252,186.224,-4.29531],"palmWidth":88.6782,"pinchDistance":48.2569,"pinchStrength":0.231636,"r":[[0.993982,-0.0363625,-0.10333],[0.0173811,0.983701,-0.178972],[0.108154,0.176099,0.978413]],"s":0.874508,"sphereCenter":[115.057,239.853,36.0736],"sphereRadius":122.063,"stabilizedPalmPosition":[127.59,220.26,154.292],"t":[-12.8306,26.7482,-8.90621],"timeVisible":0.118274,"type":"left","wrist":[136.143,147.356,157.019]}],"id":79635,"interactionBox":{"center":[0,200,0],"size":[235.247,235.247,147.751]},"pointables":[{"bases":[[[-0.393221,0.0419226,0.918488],[0.885589,-0.251312,0.390607],[-0.247202,-0.966998,-0.0616949]],[[-0.343642,0.211257,0.91503],[0.896668,-0.215769,0.386562],[-0.279099,-0.953317,0.11528]],[[-0.343642,0.211257,0.91503],[0.939056,0.0677562,0.337022],[-0.00919927,-0.975079,0.221666]],[[-0.343642,0.211257,0.91503],[0.920886,0.266781,0.284248],[0.184063,-0.940318,0.286221]]],"btipPosition":[168.02,267.151,124.267],"carpPosition":[158.064,170.673,142.802],"dipPosition":[171.926,247.197,130.341],"direction":[0.00919927,0.975079,-0.221666],"extended":true,"handId":108,"id":1080,"length":47.2559,"mcpPosition":[158.064,170.673,142.802],"pipPosition":[171.642,217.052,137.193],"stabilizedTipPosition":[168.848,259.153,124.543],"timeVisible":0.118274,"tipPosition":[171.364,262.376,129.526],"tipVelocity":[-104.303,241.294,115.49],"tool":false,"touchDistance":0.363053,"touchZone":"none","type":0,"width":21.3285},{"bases":[[[-0.99848,-0.0359952,0.0417355],[0.0389941,0.0737626,0.996513],[0.0389482,-0.996626,0.0722469]],[[-0.999232,0.00675039,0.0386008],[0.0391186,0.229857,0.972438],[0.00230835,-0.973201,0.229945]],[[-0.999232,0.00675039,0.0386008],[0.0338767,0.643931,0.764333],[0.0196967,-0.765054,0.643665]],[[-0.999232,0.00675039,0.0386008],[0.028448,0.802415,0.596088],[0.0269501,-0.596729,0.80199]]],"btipPosition":[145.399,313.216,122.198],"carpPosition":[149.13,177.834,162.867],"dipPosition":[145.816,303.971,134.622],"direction":[-0.0196967,0.765054,-0.643665],"extended":true,"handId":108,"id":1081,"length":53.323,"mcpPosition":[146.338,249.292,157.687],"pipPosition":[146.248,287.204,148.729],"stabilizedTipPosition":[147.218,307.546,122.3],"timeVisible":0.118274,"tipPosition":[145.92,309.17,124.138],"tipVelocity":[-143.065,346.691,255.478],"tool":false,"touchDistance":1,"touchZone":"none","type":1,"width":20.373},{"bases":[[[-0.975958,-0.182356,-0.119384],[-0.129527,0.0447166,0.990567],[0.175297,-0.982215,0.0672615]],[[-0.988449,-0.0850934,-0.125408],[-0.134024,0.104491,0.985454],[0.0707517,-0.990879,0.114688]],[[-0.988449,-0.0850934,-0.125408],[-0.150368,0.447415,0.881595],[0.0189084,-0.890269,0.455042]],[[-