{"frames":189,"data":[{"currentFrameRate":22.8385,"devices":[],"gestures":[],"hands":[],"id":80413,"interactionBox":{"center":[0,200,0],"size":[235.247,235.247,147.751]},"pointables":[],"r":[[-0.962136,-0.269906,0.0380192],[0.215739,-0.839331,-0.498979],[0.166588,-0.471883,0.86578]],"s":0.686793,"t":[505.899,-233.461,348.339],"timestamp":257298108074},{"currentFrameRate":23.0996,"devices":[],"gestures":[],"hands":[],"id":80414,"interactionBox":{"center":[0,200,0],"size":[235.247,235.247,147.751]},"pointables":[],"r":[[-0.962136,-0.269906,0.0380192],[0.215739,-0.839331,-0.498979],[0.166588,-0.471883,0.86578]],"s":0.686793,"t":[505.899,-233.461,348.339],"timestamp":257298149330},{"currentFrameRate":23.3065,"devices":[],"gestures":[],"hands":[],"id":80415,"interactionBox":{"center":[0,200,0],"size":[235.247,235.247,147.751]},"pointables":[],"r":[[-0.962136,-0.269906,0.0380192],[0.215739,-0.839331,-0.498979],[0.166588,-0.471883,0.86578]],"s":0.686793,"t":[505.899,-233.461,348.339],"timestamp":257298190638},{"currentFrameRate":23.4799,"devices":[],"gestures":[],"hands":[],"id":80416,"interactionBox":{"center":[0,200,0],"size":[235.247,235.247,147.751]},"pointables":[],"r":[[-0.962136,-0.269906,0.0380192],[0.215739,-0.839331,-0.498979],[0.166588,-0.471883,0.86578]],"s":0.686793,"t":[505.899,-233.461,348.339],"timestamp":257298231898},{"currentFrameRate":23.617,"devices":[],"gestures":[],"hands":[],"id":80417,"interactionBox":{"center":[0,200,0],"size":[235.247,235.247,147.751]},"pointables":[],"r":[[-0.962136,-0.269906,0.0380192],[0.215739,-0.839331,-0.498979],[0.166588,-0.471883,0.86578]],"s":0.686793,"t":[505.899,-233.461,348.339],"timestamp":257298273195},{"currentFrameRate":23.7312,"devices":[],"gestures":[],"hands":[],"id":80418,"interactionBox":{"center":[0,200,0],"size":[235.247,235.247,147.751]},"pointables":[],"r":[[-0.962136,-0.269906,0.0380192],[0.215739,-0.839331,-0.498979],[0.166588,-0.471883,0.86578]],"s":0.686793,"t":[505.899,-233.461,348.339],"timestamp":257298314467},{"currentFrameRate":23.8215,"devices":[],"gestures":[],"hands":[],"id":80419,"interactionBox":{"center":[0,200,0],"size":[235.247,235.247,147.751]},"pointables":[],"r":[[-0.962136,-0.269906,0.0380192],[0.215739,-0.839331,-0.498979],[0.166588,-0.471883,0.86578]],"s":0.686793,"t":[505.899,-233.461,348.339],"timestamp":257298355764},{"currentFrameRate":23.8527,"devices":[],"gestures":[],"hands":[{"armBasis":[[0.660053,-0.21141,-0.720858],[0.270592,0.96208,-0.0343869],[0.700792,-0.172361,0.69223]],"armWidth":62.1011,"confidence":0,"direction":[0.121252,0.903828,-0.410357],"elbow":[322.477,65.6775,341.107],"grabAngle":1.17345,"grabStrength":0.0881641,"id":110,"palmNormal":[-0.398578,-0.334283,-0.854044],"palmPosition":[128.609,172.939,122.037],"palmVelocity":[1.19209e-7,1.19209e-7,1.19209e-7],"palmWidth":88.6782,"pinchDistance":69.2495,"pinchStrength":0,"r":[[1,2.77556e-18,-4.16334e-18],[-2.77556e-18,1,-1.11022e-17],[4.16334e-18,1.11022e-17,1]],"s":1,"sphereCenter":[103.804,158.915,40.4244],"sphereRadius":86.4486,"stabilizedPalmPosition":[128.609,172.939,122.037],"t":[0,0,0],"timeVisible":0,"type":"right","wrist":[138.071,111.033,158.954]}],"id":80420,"interactionBox":{"center":[0,200,0],"size":[235.247,235.247,147.751]},"pointables":[{"bases":[[[0.745972,0.367872,0.555154],[-0.600696,0.0117352,0.799391],[0.287559,-0.929802,0.229733]],[[0.635639,0.613465,0.46864],[-0.527182,-0.0985294,0.844021],[0.563952,-0.783551,0.260779]],[[0.635639,0.613465,0.46864],[-0.693378,0.186795,0.695941],[0.339396,-0.767312,0.544097]],[[0.635639,0.613465,0.46864],[-0.767594,0.437578,0.468321],[0.0822325,-0.657409,0.749034]]],"btipPosition":[60.2126,204.295,98.2644],"carpPosition":[100.802,125.684,146.116],"dipPosition":[62.0883,189.3,115.349],"direction":[-0.339396,0.767312,-0.544097],"extended":true,"handId":110,"id":1100,"length":50.7922,"mcpPosition":[100.802,125.684,146.116],"pipPosition":[73.3662,163.803,133.429],"stabilizedTipPosition":[60.644,200.846,102.194],"timeVisible":0,"tipPosition":[60.644,200.846,102.194],"tipVelocity":[1.19209e-7,1.19209e-7,1.19209e-7],"tool":false,"touchDistance":1,"touchZone":"none","type":0,"width":19.7355},{"bases":[[[0.840644,-0.307256,-0.445995],[0.540527,0.424444,0.726414],[-0.0338952,-0.851728,0.522887]],[[0.837725,-0.351335,-0.418068],[0.546023,0.551087,0.631001],[0.00869953,-0.75688,0.653496]],[[0.837725,-0.351335,-0.418068],[0.479122,0.8402,0.253981],[0.262029,-0.413072,0.872188]],[[0.837725,-0.351335,-0.418068],[0.331641,0.935529,-0.121654],[0.433856,-0.0367359,0.900233]]],"btipPosition":[114.97,244.927,45.1704],"carpPosition":[128.281,139.337,152.082],"dipPosition":[122.916,244.254,61.6577],"direction":[-0.262029,0.413072,-0.872188],"extended":true,"handId":110,"id":1102,"length":65.304,"mcpPosition":[130.586,197.251,116.528],"pipPosition":[130.178,232.806,85.8295],"stabilizedTipPosition":[116.797,244.772,48.9625],"timeVisible":0,"tipPosition":[116.797,244.772,48.9625],"tipVelocity":[1.19209e-7,1.19209e-7,1.19209e-7],"tool":false,"touchDistance":1,"touchZone":"none","type":2,"width":18.5145},{"bases":[[[0.783338,-0.460363,-0.41767],[0.59785,0.37404,0.708992],[-0.170168,-0.805084,0.568227]],[[0.785314,-0.450714,-0.424427],[0.619068,0.565017,0.545445],[-0.0060316,-0.691095,0.722739]],[[0.785314,-0.450714,-0.424427],[0.536113,0.837947,0.102121],[0.30962,-0.307737,0.899685]],[[0.785314,-0.450714,-0.424427],[0.345902,0.888005,-0.302984],[0.513452,0.091128,0.853266]]],"btipPosition":[131.741,222.622,40.9996],"carpPosition":[138.798,136.73,146.988],"dipPosition":[141.09,224.281,56.537],"direction":[-0.30962,0.307737,-0.899685],"extended":true,"handId":110,"id":1103,"length":62.7915,"mcpPosition":[149.187,185.879,112.298],"pipPosition":[149.45,215.973,80.8268],"stabilizedTipPosition":[133.891,223.003,44.5732],"timeVisible":0,"tipPosition":[133.891,223.003,44.5732],"tipVelocity":[1.19209e-7,1.19209e-7,1.19209e-7],"tool":false,"touchDistance":1,"touchZone":"none","type":3,"width":17.6178},{"bases":[[[0.648756,-0.60588,-0.460463],[0.695011,0.225277,0.682796],[-0.30996,-0.762994,0.567243]],[[0.653929,-0.592828,-0.470035],[0.754106,0.460789,0.467973],[-0.0608406,-0.660476,0.748378]],[[0.653929,-0.592828,-0.470035],[0.655591,0.754106,-0.0390295],[0.377594,-0.282628,0.881785]],[[0.653929,-0.592828,-0.470035],[0.390946,0.796689,-0.460921],[0.647718,0.117651,0.752741]]],"btipPosition":[147.682,198.431,50.6998],"carpPosition":[146.147,129.141,137.999],"dipPosition":[158.563,200.407,63.345],"direction":[-0.377594,0.282628,-0.881785],"extended":true,"handId":110,"id":1104,"length":49.2274,"mcpPosition":[163.664,172.259,105.943],"pipPosition":[165.76,195.02,80.1535],"stabilizedTipPosition":[150.184,198.885,53.6082],"timeVisible":0,"tipPosition":[150.184,198.885,53.6082],"tipVelocity":[1.19209e-7,1.19209e-7,1.19209e-7],"tool":false,"touchDistance":1,"touchZone":"none","type":4,"width":15.6495},{"bases":[[[0.916537,-0.111567,-0.384074],[0.389257,0.469408,0.79255],[0.091865,-0.875905,0.473658]],[[0.920359,-0.233369,-0.313811],[0.391044,0.559009,0.731159],[0.00479366,-0.795643,0.605747]],[[0.920359,-0.233369,-0.313811],[0.349523,0.850803,0.392387],[0.175421,-0.470821,0.864613]],[[0.920359,-0.233369,-0.313811],[0.254636,0.966633,0.0279614],[0.296815,-0.105642,0.949074]]],"btipPosition":[100.946,248.347,60.1032],"carpPosition":[116.808,139.38,155.598],"dipPosition":[105.888,246.588,75.9067],"direction":[-0.175421,0.470821,-0.864613],"extended":true,"handId":110,"id":1101,"length":57.3134,"mcpPosition":[110.221,202.183,121.637],"pipPosition":[110.02,235.497,96.2738],"stabilizedTipPosition":[102.082,247.942,63.738],"timeVisible":0,"tipPosition":[102.082,247.942,63.738],"tipVelocity":[1.19209e-7,1.19209e-7,1.19209e-7],"tool":false,"touchDistance":1,"touchZone":"none","type":1,"width":18.8514}],"r":[[1,2.77556e-18,-4.16334e-18],[-2.77556e-18,1,-1.11022e-17],[4.16334e-18,1.11022e-17,1]],"s":1,"t":[0,0,0],"timestamp":257298397452},{"currentFrameRate":23.9104,"devices":[],"gestures":[],"hands":[{"armBasis":[[0.740492,-0.0170619,-0.671849],[0.304525,0.899681,0.312791],[0.599113,-0.436214,0.671402]],"armWidth":65.5845,"confidence":0.214648,"direction":[0.0424836,0.926163,-0.374723],"elbow":[299.394,5.91054,338.287],"grabAngle":0.641498,"grabStrength":0,"id":110,"palmNormal":[-0.399622,-0.328,-0.85599],"palmPosition":[129.004,185.323,128.739],"palmVelocity":[9.54951,299.217,161.936],"palmWidth":88.6782,"pinchDistance":66.2904,"pinchStrength":0,"r":[[0.999875,0.0147755,-0.00561385],[-0.0147273,0.999855,0.00852557],[0.00573901,-0.00844183,0.999948]],"s":1.01457,"sphereCenter":[96.0589,158.267,15.7409],"sphereRadius":124.43,"stabilizedPalmPosition":[128.791,178.642,125.123],"t":[0.197622,6.19214,3.35118],"timeVisible":0.041389,"type":"right","wrist":[141.743,120.696,161.614]}],"id":80421,"interactionBox":{"center":[0,200,0],"size":[235.247,235.247,147.751]},"pointables":[{"bases":[[[0.734196,0.399205,0.549174],[-0.574809,-0.0649799,0.815703],[0.361318,-0.914556,0.181759]],[[0.650432,0.568581,0.50364],[-0.510161,-0.164225,0.844254],[0.562737,-0.806068,0.183251]],[[0.650432,0.568581,0.50364],[-0.683191,0.148159,0.715052],[0.331946,-0.809175,0.484816]],[[0.650432,0.568581,0.50364],[-0.751088,0.382673,0.537985],[0.113158,-0.728201,0.675957]]],"btipPosition":[65.4238,214.893,113.306],"carpPosition":[105.464,135.209,151.554],"dipPosition":[67.8251,199.44,127.65],"direction":[-0.331946,0.809175,-0.484816],"extended":true,"handId":110,"id":1100,"length":47.2559,"mcpPosition":[105.464,135.209,151.554],"pipPosition":[78.0875,174.424,142.639],"stabilizedTipPosition":[61.869,203.257,105.505],"timeVisible":0.041389,"tipPosition":[61.7716,209.956,113.987],"tipVelocity":[128.828,253.512,348.193],"tool":false,"touchDistance":1,"touchZone":"none","type":0,"width":21.3285},{"bases":[[[0.909829,-0.0279662,-0.41404],[0.378606,0.464444,0.800593],[0.169909,-0.885161,0.433152]],[[0.925375,-0.17276,-0.337394],[0.378332,0.475797,0.794029],[0.0233546,-0.862422,0.505651]],[[0.925375,-0.17276,-0.337394],[0.343542,0.758399,0.553904],[0.160187,-0.628478,0.761154]],[[0.925375,-0.17276,-0.337394],[0.275699,0.917616,0.286306],[0.260136,-0.35796,0.896769]]],"btipPosition":[100.087,266.037,79.8289],"carpPosition":[120.721,149.655,161.159],"dipPosition":[104.117,260.492,93.7218],"direction":[-0.160187,0.628478,-0.761154],"extended":true,"handId":110,"id":1101,"length":53.323,"mcpPosition":[108.538,213.122,130.101],"pipPosition":[107.628,246.718,110.403],"stabilizedTipPosition":[101.606,255.439,72.3337],"timeVisible":0.041389,"tipPosition":[98.1325,262.591,78.7018],"tipVelocity":[-25.8074,406.375,465.976],"tool":false,"touchDistance":1,"touchZone":"none","type":1,"width":20.373},{"bases":[[[0.846456,-0.226061,-0.482088],[0.530611,0.433483,0.728385],[0.0443172,-0.872347,0.486875]],[[0.847542,-0.282655,-0.449198],[0.530532,0.428159,0.731585],[-0.0144578,-0.858363,0.51284]],[[0.847542,-0.282655,-0.449198],[0.508127,0.676527,0.533027],[0.153232,-0.680013,0.71701]],[[0.847542,-0.282655,-0.449198],[0.433916,0.856396,0.279826],[0.305597,-0.432079,0.84848]]],"btipPosition":[120.512,272.329,68.8587],"carpPosition":[132.052,150.602,157.323],"dipPosition":[125.719,264.966,83.3163],"direction":[-0.153232,0.680013,-0.71701],"extended":true,"handId":110,"id":1102,"length":60.7573,"mcpPosition":[129.039,209.918,124.218],"pipPosition":[129.671,247.432,101.804],"stabilizedTipPosition":[120.479,264.154,66.3649],"timeVisible":0.041389,"tipPosition":[118.159,267.179,68.3179],"tipVelocity":[118.694,624.885,561.055],"tool":false,"touchDistance":1,"touchZone":"none","type":2,"width":20.009},{"bases":[[[0.801327,-0.384001,-0.458713],[0.590873,0.388195,0.70723],[-0.0935065,-0.837764,0.537967]],[[0.802459,-0.373243,-0.465564],[0.592004,0.400213,0.699543],[-0.0747748,-0.83697,0.542116]],[[0.802459,-0.373243,-0.465564],[0.586479,0.637182,0.500042],[0.110011,-0.674306,0.730211]],[[0.802459,-0.373243,-0.465564],[0.536573,0.792697,0.289345],[0.261055,-0.481996,0.836379]]],"btipPosition":[144.119,259.142,64.5132],"carpPosition":[142.567,148.987,151.829],"dipPosition":[148.541,250.976,78.6827],"direction":[-0.110011,0.674306,-0.730211],"extended":true,"handId":110,"id":1103,"length":58.4197,"mcpPosition":[148.275,200.131,118.987],"pipPosition":[151.305,234.039,97.0244],"stabilizedTipPosition":[143.467,252.177,64.3279],"timeVisible":0.041389,"tipPosition":[141.665,253.459,64.8137],"tipVelocity":[271.684,827.772,560.51],"tool":false,"touchDistance":1,"touchZone":"none","type":3,"width":19.0398},{"bases":[[[0.676401,-0.537209,-0.503874],[0.697718,0.248193,0.672004],[-0.235949,-0.806106,0.542698]],[[0.682809,-0.514176,-0.519034],[0.704971,0.277183,0.652828],[-0.191801,-0.811661,0.551742]],[[0.682809,-0.514176,-0.519034],[0.729401,0.520388,0.444038],[0.0417856,-0.681777,0.730366]],[[0.682809,-0.514176,-0.519034],[0.691263,0.684632,0.231159],[0.236491,-0.516626,0.822903]]],"btipPosition":[165.211,234.073,68.1502],"carpPosition":[150.164,142.33,142.323],"dipPosition":[168.907,225.999,81.0115],"direction":[-0.0417856,0.681777,-0.730366],"extended":true,"handId":110,"id":1104,"length":45.8,"mcpPosition":[163.498,187.885,111.654],"pipPosition":[169.648,213.908,93.9643],"stabilizedTipPosition":[164.646,229.245,69.5485],"timeVisible":0.041389,"tipPosition":[161.804,228.587,68.8867],"tipVelocity":[383.585,805.315,422.819],"tool":false,"touchDistance":1,"touchZone":"none","type":4,"width":16.9127}],"r":[[0.999875,0.0147755,-0.00561385],[-0.0147273,0.999855,0.00852557],[0.00573901,-0.00844183,0.999948]],"s":1.01457,"t":[0.197622,6.19214,3.35118],"timestamp":257298438841},{"currentFrameRate":25.0174,"devices":[],"gestures":[],"hands":[{"armBasis":[[0.754718,0.0218629,-0.655685],[0.329701,0.851425,0.407888],[0.567184,-0.52402,0.635377]],"armWidth":65.5845,"confidence":0.367591,"direction":[0.0149666,0.941673,-0.336195],"elbow":[292.738,-7.02137,329.246],"grabAngle":0.455464,"grabStrength":0,"id":110,"palmNormal":[-0.430401,-0.297421,-0.85223],"palmPosition":[129.453,197.086,132.652],"palmVelocity":[14.0964,369.724,122.991],"palmWidth":88.6782,"pinchDistance":63.9172,"pinchStrength":0,"r":[[0.999399,0.0296139,-0.0180294],[-0.029176,0.999284,0.0240847],[0.0187297,-0.0235442,0.999547]],"s":1.0394,"sphereCenter":[109.541,179.601,21.478],"sphereRadius":119.572,"stabilizedPalmPosition":[129.287,192.471,130.768],"t":[0.520665,15.1694,6.98318],"timeVisible":0.073203,"type":"right","wrist":[143.489,130.869,162.052]}],"id":80422,"interactionBox":{"center":[0,200,0],"size":[235.247,235.247,147.751]},"pointables":[{"bases":[[[0.751052,0.386414,0.535356],[-0.539697,-0.107773,0.834932],[0.380326,-0.916007,0.127603]],[[0.648396,0.579346,0.493903],[-0.504838,-0.158403,0.848556],[0.569843,-0.799541,0.189768]],[[0.648396,0.579346,0.493903],[-0.670195,0.126623,0.731304],[0.361139,-0.805186,0.470377]],[[0.648396,0.579346,0.493903],[-0.739284,0.32425,0.590188],[0.181775,-0.74781,0.638544]]],"btipPosition":[64.7818,225.373,116.919],"carpPosition":[107.527,145.713,154.244],"dipPosition":[68.6392,209.503,130.469],"direction":[-0.361139,0.805186,-0.470377],"extended":true,"handId":110,"id":1100,"length":47.2559,"mcpPosition":[107.527,145.713,154.244],"pipPosition":[79.8041,184.61,145.011],"stabilizedTipPosition":[63.7657,212.474,112.758],"timeVisible":0.073203,"tipPosition":[62.388,221.423,121.316],"tipVelocity":[-9.65329,326.388,107.823],"tool":false,"touchDistance":1,"touchZone":"none","type":0,"width":21.3285},{"bases":[[[0.892214,0.00289047,-0.451603],[0.405349,0.435758,0.803622],[0.199112,-0.900059,0.387618]],[[0.9115,-0.125619,-0.391647],[0.407639,0.40268,0.81956],[0.0547562,-0.90668,0.41825]],[[0.9115,-0.125619,-0.391647],[0.373397,0.652002,0.6599],[0.172459,-0.747739,0.641206]],[[0.9115,-0.125619,-0.391647],[0.317936,0.819286,0.477166],[0.26093,-0.559456,0.786718]]],"btipPosition":[98.7473,284.874,93.5009],"carpPosition":[122.979,159.964,163.827],"dipPosition":[102.79,276.206,105.689],"direction":[-0.172459,0.747739,-0.641206],"extended":true,"handId":110,"id":1101,"length":53.323,"mcpPosition":[108.702,224.498,136.035],"pipPosition":[106.569,259.819,119.742],"stabilizedTipPosition":[100.447,271.931,86.7401],"timeVisible":0.073203,"tipPosition":[96.9895,278.367,90.4303],"tipVelocity":[-42.035,569.503,417.422],"tool":false,"touchDistance":1,"touchZone":"none","type":1,"width":20.373},{"bases":[[[0.82865,-0.193066,-0.525419],[0.554626,0.410107,0.724018],[0.0756943,-0.891369,0.446914]],[[0.831749,-0.247962,-0.496698],[0.554965,0.348162,0.755511],[-0.0144065,-0.904045,0.427194]],[[0.831749,-0.247962,-0.496698],[0.541961,0.556558,0.629699],[0.1203,-0.792943,0.597302]],[[0.831749,-0.247962,-0.496698],[0.492981,0.741308,0.455447],[0.255272,-0.62368,0.738823]]],"btipPosition":[122.16,292.431,82.528],"carpPosition":[134.129,161.238,159.577],"dipPosition":[126.51,281.804,95.1171],"direction":[-0.1203,0.792943,-0.597302],"extended":true,"handId":110,"id":1102,"length":60.7573,"mcpPosition":[128.982,221.847,129.189],"pipPosition":[129.612,261.358,110.518],"stabilizedTipPosition":[122.339,282.071,79.5834],"timeVisible":0.073203,"tipPosition":[118.422,284.875,80.0733],"tipVelocity":[45.5922,608.267,416.153],"tool":false,"touchDistance":1,"touchZone":"none","type":2,"width":20.009},{"bases":[[[0.786573,-0.352497,-0.507],[0.614542,0.366641,0.698507],[-0.0603346,-0.861,0.505014]],[[0.786916,-0.347412,-0.509969],[0.610393,0.317087,0.725863],[-0.090469,-0.882474,0.461579]],[[0.786916,-0.347412,-0.509969],[0.614426,0.51744,0.595597],[0.0569607,-0.782023,0.620641]],[[0.786916,-0.347412,-0.509969],[0.583365,0.688214,0.43133],[0.201119,-0.636919,0.744235]]],"btipPosition":[146.938,278.758,75.8667],"carpPosition":[144.428,160.01,153.595],"dipPosition":[150.345,267.967,88.4752],"direction":[-0.0569607,0.782023,-0.620641],"extended":true,"handId":110,"id":1103,"length":58.4197,"mcpPosition":[148.111,212.573,122.764],"pipPosition":[151.776,248.324,104.065],"stabilizedTipPosition":[146.911,271.685,76.0158],"timeVisible":0.073203,"tipPosition":[142.298,271.39,74.3002],"tipVelocity":[81.2774,597.605,345.587],"tool":false,"touchDistance":1,"touchZone":"none","type":3,"width":19.0398},{"bases":[[[0.661879,-0.505481,-0.55354],[0.721641,0.229834,0.653001],[-0.202857,-0.831664,0.516898]],[[0.663617,-0.498233,-0.558012],[0.711014,0.188218,0.67752],[-0.232535,-0.846368,0.479155]],[[0.663617,-0.498233,-0.558012],[0.746332,0.390093,0.539274],[-0.051008,-0.774333,0.630719]],[[0.663617,-0.498233,-0.558012],[0.735758,0.569496,0.366516],[0.135175,-0.653788,0.744506]]],"btipPosition":[169.422,251.959,76.116],"carpPosition":[151.711,153.873,143.511],"dipPosition":[171.535,241.74,87.752],"direction":[0.051008,0.774333,-0.630719],"extended":true,"handId":110,"id":1104,"length":45.8,"mcpPosition":[163.175,200.872,114.3],"pipPosition":[170.63,228.008,98.9376],"stabilizedTipPosition":[169.369,247.521,77.8447],"timeVisible":0.073203,"tipPosition":[163.231,245.687,75.4444],"tipVelocity":[120.933,546.682,241.528],"tool":false,"touchDistance":0.432076,"touchZone":"hovering","type":4,"width":16.9127}],"r":[[0.999399,0.0296139,-0.0180294],[-0.029176,0.999284,0.0240847],[0.0187297,-0.0235442,0.999547]],"s":1.0394,"t":[0.520665,15.1694,6.98318],"timestamp":257298470655},{"currentFrameRate":28.4659,"devices":[],"gestures":[],"hands":[{"armBasis":[[0.761071,0.0365591,-0.647637],[0.338165,0.829642,0.444228],[0.553547,-0.557098,0.619053]],"armWidth":65.5845,"confidence":0.419428,"direction":[0.00379847,0.946295,-0.323283],"elbow":[289.718,-11.3059,324.786],"grabAngle":0.402738,"grabStrength":0,"id":110,"palmNormal":[-0.438243,-0.289011,-0.851126],"palmPosition":[129.505,201.988,133.684],"palmVelocity":[4.45652,420.881,88.6073],"palmWidth":88.6782,"pinchDistance":64.3478,"pinchStrength":0,"r":[[0.998613,0.0432295,-0.0300487],[-0.0420288,0.998335,0.039503],[0.0317064,-0.0381853,0.998768]],"s":1.06169,"sphereCenter":[118.761,195.161,37.5081],"sphereRadius":103.439,"stabilizedPalmPosition":[129.401,197.456,132.296],"t":[0.70814,22.1093,9.31523],"timeVisible":0.084851,"type":"right","wrist":[144.058,135.289,161.888]}],"id":80423,"interactionBox":{"center":[0,200,0],"size":[235.247,235.247,147.751]},"pointables":[{"bases":[[[0.754412,0.384841,0.531752],[-0.528882,-0.123433,0.839671],[0.388776,-0.914692,0.110416]],[[0.642398,0.588332,0.491112],[-0.500667,-0.162993,0.850156],[0.580222,-0.792022,0.189852]],[[0.642398,0.588332,0.491112],[-0.67038,0.120854,0.73211],[0.371371,-0.799537,0.472042]],[[0.642398,0.588332,0.491112],[-0.743319,0.322331,0.586157],[0.186554,-0.741598,0.644383]]],"btipPosition":[64.5611,229.142,117.316],"carpPosition":[108.229,150.155,154.82],"dipPosition":[68.52,213.405,130.99],"direction":[-0.371371,0.799537,-0.472042],"extended":true,"handId":110,"id":1100,"length":47.2559,"mcpPosition":[108.229,150.155,154.82],"pipPosition":[80.0012,188.686,145.584],"stabilizedTipPosition":[64.2861,216.454,115.107],"timeVisible":0.084851,"tipPosition":[62.5008,225.909,123.141],"tipVelocity":[-16.9426,326.205,36.5122],"tool":false,"touchDistance":1,"touchZone":"none","type":0,"width":21.3285},{"bases":[[[0.886726,0.0160326,-0.462017],[0.411562,0.427804,0.804736],[0.210555,-0.903729,0.372746]],[[0.907235,-0.108179,-0.406474],[0.415571,0.37985,0.826447],[0.0649952,-0.918701,0.389569]],[[0.907235,-0.108179,-0.406474],[0.384524,0.604984,0.697234],[0.170485,-0.788855,0.59046]],[[0.907235,-0.108179,-0.406474],[0.33003,0.782195,0.528442],[0.260776,-0.61357,0.745337]]],"btipPosition":[98.2798,291.773,98.0273],"carpPosition":[123.685,164.392,164.417],"dipPosition":[102.32,282.267,109.574],"direction":[-0.170485,0.788855,-0.59046],"extended":true,"handId":110,"id":1101,"length":53.323,"mcpPosition":[108.588,229.19,137.691],"pipPosition":[106.056,264.978,122.515],"stabilizedTipPosition":[100.069,277.324,90.9992],"timeVisible":0.084851,"tipPosition":[96.3877,284.435,94.0658],"tipVelocity":[-40.182,575.737,375.936],"tool":false,"touchDistance":1,"touchZone":"none","type":1,"width":20.373},{"bases":[[[0.82378,-0.179379,-0.537783],[0.560072,0.40441,0.72303],[0.0877891,-0.896814,0.43361]],[[0.827663,-0.235245,-0.509543],[0.561083,0.326356,0.760708],[-0.0126603,-0.915506,0.402105]],[[0.827663,-0.235245,-0.509543],[0.549479,0.524448,0.650405],[0.114224,-0.818299,0.563328]],[[0.827663,-0.235245,-0.509543],[0.507316,0.701872,0.500006],[0.24001,-0.672336,0.700257]]],"btipPosition":[122.323,299.358,86.5386],"carpPosition":[134.773,165.811,160.053],"dipPosition":[126.412,287.902,98.4705],"direction":[-0.114224,0.818299,-0.563328],"extended":true,"handId":110,"id":1102,"length":60.7573,"mcpPosition":[128.804,226.79,130.57],"pipPosition":[129.358,266.802,112.996],"stabilizedTipPosition":[122.685,287.564,83.2197],"timeVisible":0.084851,"tipPosition":[118.005,291.261,83.3846],"tipVelocity":[8.8363,578.33,331.341],"tool":false,"touchDistance":1,"touchZone":"none","type":2,"width":20.009},{"bases":[[[0.78314,-0.339369,-0.521077],[0.620009,0.361767,0.696214],[-0.0477655,-0.868305,0.493726]],[[0.783195,-0.338358,-0.521651],[0.614269,0.291071,0.733452],[-0.0963313,-0.89487,0.435808]],[[0.783195,-0.338358,-0.521651],[0.620242,0.484047,0.61725],[0.0436525,-0.806977,0.588967]],[[0.783195,-0.338358,-0.521651],[0.594131,0.654636,0.467398],[0.183344,-0.675993,0.713736]]],"btipPosition":[147.625,285.73,79.251],"carpPosition":[145.009,164.746,153.934],"dipPosition":[150.732,274.278,91.3427],"direction":[-0.0436525,0.806977,-0.588967],"extended":true,"handId":110,"id":1103,"length":58.4197,"mcpPosition":[147.925,217.754,123.792],"pipPosition":[151.828,254.008,106.137],"stabilizedTipPosition":[147.599,277.18,78.913],"timeVisible":0.084851,"tipPosition":[142.129,278.034,77.0533],"tipVelocity":[53.0689,585.52,280.34],"tool":false,"touchDistance":1,"touchZone":"none","type":3,"width":19.0398},{"bases":[[[0.659067,-0.492663,-0.568255],[0.727596,0.226435,0.647558],[-0.190355,-0.840244,0.507695]],[[0.659153,-0.492283,-0.568485],[0.709832,0.157689,0.686493],[-0.248305,-0.856032,0.45338]],[[0.659153,-0.492283,-0.568485],[0.748028,0.351532,0.562921],[-0.0772759,-0.796293,0.599955]],[[0.659153,-0.492283,-0.568485],[0.74442,0.534266,0.400497],[0.106564,-0.68718,0.718629]]],"btipPosition":[170.642,258.596,78.582],"carpPosition":[152.219,158.804,143.681],"dipPosition":[172.308,247.856,89.8136],"direction":[0.0772759,0.796293,-0.599955],"extended":true,"handId":110,"id":1104,"length":45.8,"mcpPosition":[162.976,206.288,114.99],"pipPosition":[170.937,233.734,100.454],"stabilizedTipPosition":[170.359,252.666,79.83],"timeVisible":0.084851,"tipPosition":[163.47,252.267,77.3818],"tipVelocity":[95.8977,559.539,203.726],"tool":false,"touchDistance":0.339556,"touchZone":"hovering","type":4,"width":16.9127}],"r":[[0.998613,0.0432295,-0.0300487],[-0.0420288,0.998335,0.039503],[0.0317064,-0.0381853,0.998768]],"s":1.06169,"t":[0.70814,22.1093,9.31523],"timestamp":257298482303},{"currentFrameRate":31.7301,"devices":[],"gestures":[],"hands":[{"armBasis":[[0.765666,0.0538979,-0.640976],[0.340877,0.811054,0.475388],[0.545489,-0.582482,0.602624]],"armWidth":65.5845,"confidence":0.468308,"direction":[-0.00486057,0.95211,-0.305716],"elbow":[288.198,-13.947,320.242],"grabAngle":0.365534,"grabStrength":0,"id":110,"palmNormal":[-0.440666,-0.276474,-0.854035],"palmPosition":[129.671,206.551,134.864],"palmVelocity":[14.3614,394.699,102.045],"palmWidth":88.6782,"pinchDistance":64.4676,"pinchStrength":0,"r":[[0.997623,0.0558463,-0.0403715],[-0.0535582,0.99701,0.0556929],[0.0433611,-0.0533982,0.997631]],"s":1.08075,"sphereCenter":[126.632,210.413,54.7792],"sphereRadius":87.9389,"stabilizedPalmPosition":[129.569,203.125,133.897],"t":[0.884894,27.8608,11.0711],"timeVisible":0.096412,"type":"right","wrist":[144.658,139.328,161.668]}],"id":80424,"interactionBox":{"center":[0,200,0],"size":[235.247,235.247,147.751]},"pointables":[{"bases":[[[0.75441,0.380534,0.534845],[-0.523461,-0.142852,0.839989],[0.396048,-0.913667,0.0914255]],[[0.636841,0.589351,0.497091],[-0.499658,-0.17554,0.84825],[0.587176,-0.788575,0.182684]],[[0.636841,0.589351,0.497091],[-0.67176,0.107727,0.732894],[0.378382,-0.800662,0.464507]],[[0.636841,0.589351,0.497091],[-0.747241,0.312994,0.58623],[0.189909,-0.744782,0.639715]]],"btipPosition":[64.5944,233.102,118.323],"carpPosition":[108.888,154.18,155.147],"dipPosition":[68.6245,217.297,131.899],"direction":[-0.378382,0.800662,-0.464507],"extended":true,"handId":110,"id":1100,"length":47.2559,"mcpPosition":[108.888,154.18,155.147],"pipPosition":[80.3224,192.543,146.259],"stabilizedTipPosition":[64.7614,221.461,117.546],"timeVisible":0.096412,"tipPosition":[62.6402,230.119,124.875],"tipVelocity":[4.29571,341.149,85.1819],"tool":false,"touchDistance":1,"touchZone":"none","type":0,"width":21.3285},{"bases":[[[0.884098,0.0311472,-0.466261],[0.412722,0.415899,0.810363],[0.219158,-0.908877,0.35484]],[[0.905323,-0.0893795,-0.415214],[0.417924,0.36171,0.83337],[0.0757006,-0.927996,0.364818]],[[0.905323,-0.0893795,-0.415214],[0.386826,0.577188,0.71918],[0.175376,-0.811705,0.557116]],[[0.905323,-0.0893795,-0.415214],[0.334454,0.752587,0.567233],[0.261786,-0.652398,0.711228]]],"btipPosition":[97.7291,297.565,102.043],"carpPosition":[124.291,168.351,164.925],"dipPosition":[101.785,287.458,113.061],"direction":[-0.175376,0.811705,-0.557116],"extended":true,"handId":110,"id":1101,"length":53.323,"mcpPosition":[108.577,233.518,139.483],"pipPosition":[105.628,269.669,125.271],"stabilizedTipPosition":[99.623,283,95.3006],"timeVisible":0.096412,"tipPosition":[95.9537,289.891,97.5119],"tipVelocity":[-47.3222,489.107,336.807],"tool":false,"touchDistance":1,"touchZone":"none","type":1,"width":20.373},{"bases":[[[0.822179,-0.163292,-0.545304],[0.560959,0.395122,0.727464],[0.0966728,-0.903999,0.416461]],[[0.826546,-0.218148,-0.518876],[0.562785,0.304387,0.768519],[-0.0097118,-0.927232,0.37436]],[[0.826546,-0.218148,-0.518876],[0.551749,0.496339,0.670239],[0.111327,-0.840273,0.53061]],[[0.826546,-0.218148,-0.518876],[0.512392,0.673162,0.533204],[0.23297,-0.706586,0.668177]]],"btipPosition":[122.356,305.631,90.7847],"carpPosition":[135.345,169.933,160.53],"dipPosition":[126.326,293.591,102.17],"direction":[-0.111327,0.840273,-0.53061],"extended":true,"handId":110,"id":1102,"length":60.7573,"mcpPosition":[128.772,231.401,132.213],"pipPosition":[129.197,271.925,115.852],"stabilizedTipPosition":[122.907,293.368,87.0834],"timeVisible":0.096412,"tipPosition":[117.835,297.255,86.9797],"tipVelocity":[0.518992,531.011,356.408],"tool":false,"touchDistance":1,"touchZone":"none","type":2,"width":20.009},{"bases":[[[0.782802,-0.323861,-0.531352],[0.621063,0.353427,0.69955],[-0.038763,-0.877612,0.477801]],[[0.782775,-0.324463,-0.531025],[0.614008,0.263813,0.743906],[-0.101278,-0.908365,0.405729]],[[0.782775,-0.324463,-0.531025],[0.621468,0.451827,0.640024],[0.0322676,-0.831009,0.555322]],[[0.782775,-0.324463,-0.531025],[0.599105,0.623738,0.50202],[0.168333,-0.711108,0.682634]]],"btipPosition":[148.363,292.355,83.219],"carpPosition":[145.556,169.057,154.339],"dipPosition":[151.215,280.308,94.7838],"direction":[-0.0322676,0.831009,-0.555322],"extended":true,"handId":110,"id":1103,"length":58.4197,"mcpPosition":[147.922,222.634,125.17],"pipPosition":[152.025,259.434,108.733],"stabilizedTipPosition":[148.287,283.185,82.2854],"timeVisible":0.096412,"tipPosition":[142.354,284.432,80.3488],"tipVelocity":[58.7397,561.19,332.745],"tool":false,"touchDistance":1,"touchZone":"none","type":3,"width":19.0398},{"bases":[[[0.659604,-0.477173,-0.580714],[0.729375,0.219819,0.647836],[-0.181478,-0.850873,0.493032]],[[0.658929,-0.480315,-0.578887],[0.705368,0.127233,0.69733],[-0.261284,-0.867819,0.422636]],[[0.658929,-0.480315,-0.578887],[0.745541,0.314809,0.587421],[-0.0999079,-0.818653,0.565531]],[[0.658929,-0.480315,-0.578887],[0.747833,0.501162,0.43541],[0.0809826,-0.719815,0.689426]]],"btipPosition":[171.892,265.037,81.7228],"carpPosition":[152.753,163.36,143.94],"dipPosition":[173.158,253.787,92.498],"direction":[0.0999079,0.818653,-0.565531],"extended":true,"handId":110,"id":1104,"length":45.8,"mcpPosition":[163.009,211.444,116.078],"pipPosition":[171.386,239.268,102.528],"stabilizedTipPosition":[171.462,258.582,82.4731],"timeVisible":0.096412,"tipPosition":[164.077,258.636,79.9142],"tipVelocity":[100.203,546.949,262.592],"tool":false,"touchDistance":0.33589,"touchZone":"hovering","type":4,"width":16.9127}],"r":[[0.997623,0.0558463,-0.0403715],[-0.0535582,0.99701,0.0556929],[0.0433611,-0.0533982,0.997631]],"s":1.08075,"t":[0.884894,27.8608,11.0711],"timestamp":257298493864},{"currentFrameRate":34.9295,"devices":[],"gestures":[],"hands":[{"armBasis":[[0.764383,0.0668899,-0.641283],[0.348922,0.793466,0.498664],[0.542191,-0.604928,0.583173]],"armWidth":65.5845,"confidence":0.511616,"direction":[-0.00933061,0.956397,-0.29192],"elbow":[287.951,-15.8135,314.969],"grabAngle":0.337946,"grabStrength":0,"id":110,"palmNormal":[-0.447537,-0.265056,-0.854082],"palmPosition":[130.061,211.045,135.916],"palmVelocity":[36.0938,415.249,97.1837],"palmWidth":88.6782,"pinchDistance":64.2149,"pinchStrength":0,"r":[[0.996526,0.0665782,-0.0500253],[-0.0629068,0.995441,0.0716902],[0.0545702,-0.0682942,0.996172]],"s":1.09496,"sphereCenter":[129.841,219.961,63.4901],"sphereRadius":81.2911,"stabilizedPalmPosition":[129.902,208.482,135.262],"t":[1.16859,32.9836,12.475],"timeVisible":0.107235,"type":"right","wrist":[145.279,143.367,161.513]}],"id":80425,"interactionBox":{"center":[0,200,0],"size":[235.247,235.247,147.751]},"pointables":[{"bases":[[[0.758299,0.374333,0.533721],[-0.515874,-0.155983,0.842344],[0.398568,-0.914081,0.0748276]],[[0.636609,0.588164,0.498791],[-0.496222,-0.182692,0.848757],[0.590333,-0.787837,0.175556]],[[0.636609,0.588164,0.498791],[-0.671818,0.105379,0.733182],[0.378669,-0.801847,0.462224]],[[0.636609,0.588164,0.498791],[-0.748861,0.316967,0.582013],[0.184219,-0.74404,0.642237]]],"btipPosition":[65.2201,237.252,119.162],"carpPosition":[109.556,158.346,155.621],"dipPosition":[69.1294,221.463,132.791],"direction":[-0.378669,0.801847,-0.462224],"extended":true,"handId":110,"id":1100,"length":47.2559,"mcpPosition":[109.556,158.346,155.621],"pipPosition":[80.8363,196.673,147.081],"stabilizedTipPosition":[65.3892,227.083,119.742],"timeVisible":0.107235,"tipPosition":[63.1437,234.543,126.505],"tipVelocity":[55.2478,383.845,78.6038],"tool":false,"touchDistance":1,"touchZone":"none","type":0,"width":21.3285},{"bases":[[[0.879956,0.0396469,-0.473398],[0.418949,0.405038,0.812666],[0.223964,-0.91344,0.339805]],[[0.901567,-0.0791296,-0.425341],[0.423462,0.362816,0.830087],[0.088636,-0.928495,0.360611]],[[0.901567,-0.0791296,-0.425341],[0.39486,0.552283,0.734213],[0.176811,-0.829893,0.529166]],[[0.901567,-0.0791296,-0.425341],[0.352484,0.704405,0.616091],[0.250861,-0.705373,0.662961]]],"btipPosition":[97.7432,303.186,105.189],"carpPosition":[125.016,172.406,165.469],"dipPosition":[101.63,292.259,115.46],"direction":[-0.176811,0.829893,-0.529166],"extended":true,"handId":110,"id":1101,"length":53.323,"mcpPosition":[108.957,237.9,141.105],"pipPosition":[105.505,274.07,127.057],"stabilizedTipPosition":[99.3007,288.777,99.3049],"timeVisible":0.107235,"tipPosition":[95.9837,295.1,100.389],"tipVelocity":[-2.29822,501.9,274.809],"tool":false,"touchDistance":1,"touchZone":"none","type":1,"width":20.373},{"bases":[[[0.817724,-0.153761,-0.554694],[0.5665,0.385757,0.728196],[0.102009,-0.909698,0.402548]],[[0.822248,-0.206011,-0.530535],[0.569111,0.290329,0.769299],[-0.00445466,-0.934488,0.355966]],[[0.822248,-0.206011,-0.530535],[0.557185,0.481362,0.676636],[0.115984,-0.851968,0.510585]],[[0.822248,-0.206011,-0.530535],[0.518745,0.654752,0.54973],[0.234118,-0.727227,0.645236]]],"btipPosition":[122.307,311.129,93.9137],"carpPosition":[136.028,174.073,161.002],"dipPosition":[126.296,298.738,104.908],"direction":[-0.115984,0.851968,-0.510585],"extended":true,"handId":110,"id":1102,"length":60.7573,"mcpPosition":[129.092,235.929,133.631],"pipPosition":[129.287,276.77,118.073],"stabilizedTipPosition":[123.028,299.032,90.6385],"timeVisible":0.107235,"tipPosition":[117.87,302.649,89.7386],"tipVelocity":[-4.12344,500.545,280.796],"tool":false,"touchDistance":1,"touchZone":"none","type":2,"width":20.009},{"bases":[[[0.778775,-0.314594,-0.542716],[0.626438,0.34459,0.699166],[-0.0329391,-0.884471,0.465431]],[[0.778792,-0.314134,-0.542958],[0.618867,0.243468,0.746811],[-0.102405,-0.917629,0.384018]],[[0.778792,-0.314134,-0.542958],[0.626523,0.432099,0.648659],[0.0308458,-0.845346,0.533327]],[[0.778792,-0.314134,-0.542958],[0.605389,0.60308,0.519422],[0.164279,-0.733222,0.659847]]],"btipPosition":[148.788,298.134,86.164],"carpPosition":[146.187,173.307,154.711],"dipPosition":[151.571,285.712,97.3427],"direction":[-0.0308458,0.845346,-0.533327],"extended":true,"handId":110,"id":1103,"length":58.4197,"mcpPosition":[148.197,227.303,126.297],"pipPosition":[152.346,264.478,110.739],"stabilizedTipPosition":[148.834,288.98,85.3761],"timeVisible":0.107235,"tipPosition":[142.615,290.103,82.846],"tipVelocity":[37.821,526.009,263.896],"tool":false,"touchDistance":1,"touchZone":"none","type":3,"width":19.0398},{"bases":[[[0.655446,-0.46743,-0.593212],[0.734552,0.21196,0.644597],[-0.175567,-0.858244,0.48228]],[[0.655339,-0.46795,-0.592919],[0.708371,0.108283,0.697485],[-0.262185,-0.877096,0.402445]],[[0.655339,-0.46795,-0.592919],[0.748672,0.298385,0.591994],[-0.100106,-0.831859,0.545885]],[[0.655339,-0.46795,-0.592919],[0.751119,0.486555,0.446189],[0.0796929,-0.737758,0.670345]]],"btipPosition":[172.162,270.68,83.8532],"carpPosition":[153.304,167.775,144.169],"dipPosition":[173.407,259.15,94.3302],"direction":[0.100106,0.831859,-0.545885],"extended":true,"handId":110,"id":1104,"length":45.8,"mcpPosition":[163.226,216.276,116.914],"pipPosition":[171.632,244.397,104.011],"stabilizedTipPosition":[172.058,264.29,84.763],"timeVisible":0.107235,"tipPosition":[164.302,264.18,81.6591],"tipVelocity":[24.4661,515.498,190.505],"tool":false,"touchDistance":0.334995,"touchZone":"hovering","type":4,"width":16.9127}],"r":[[0.996526,0.0665782,-0.0500253],[-0.0629068,0.995441,0.0716902],[0.0545702,-0.0682942,0.996172]],"s":1.09496,"t":[1.16859,32.9836,12.475],"timestamp":257298504687},{"currentFrameRate":38.0089,"devices":[],"gestures":[],"hands":[{"armBasis":[[0.763232,0.083558,-0.640698],[0.354278,0.775131,0.523124],[0.540336,-0.626251,0.562002]],"armWidth":65.5845,"confidence":0.551454,"direction":[-0.0148555,0.958547,-0.284548],"elbow":[288.201,-17.4819,309.465],"grabAngle":0.323708,"grabStrength":0,"id":110,"palmNormal":[-0.449168,-0.260647,-0.854582],"palmPosition":[130.493,215.254,136.757],"palmVelocity":[40.9262,399.155,79.8125],"palmWidth":88.6782,"pinchDistance":64.19,"pinchStrength":0,"r":[[0.995387,0.0762992,-0.0581714],[-0.0711405,0.993742,0.0861137],[0.0643778,-0.0815781,0.994586]],"s":1.1057,"sphereCenter":[132.691,227.704,70.2293],"sphereRadius":76.5313,"stabilizedPalmPosition":[130.316,213.226,136.31],"t":[1.52623,37.6496,13.5977],"timeVisible":0.11778,"type":"right","wrist":[146.017,147.31,161.58]}],"id":80426,"interactionBox":{"center":[0,200,0],"size":[235.247,235.247,147.751]},"pointables":[{"bases":[[[0.75832,0.373851,0.534027],[-0.51227,-0.164879,0.842849],[0.40315,-0.912716,0.0664819]],[[0.633226,0.590468,0.500372],[-0.494812,-0.18827,0.84836],[0.595134,-0.784794,0.172953]],[[0.633226,0.590468,0.500372],[-0.67162,0.0979144,0.734398],[0.384645,-0.8011,0.458572]],[[0.633226,0.590468,0.500372],[-0.748629,0.303211,0.589591],[0.196416,-0.747938,0.634043]]],"btipPosition":[65.2916,241.127,120.081],"carpPosition":[110.304,162.308,156.127],"dipPosition":[69.4598,225.255,133.536],"direction":[-0.384645,0.8011,-0.458572],"extended":true,"handId":110,"id":1100,"length":47.2559,"mcpPosition":[110.304,162.308,156.127],"pipPosition":[81.3513,200.488,147.713],"stabilizedTipPosition":[65.851,232.657,121.584],"timeVisible":0.11778,"tipPosition":[63.508,238.477,127.63],"tipVelocity":[12.4259,365.607,83.3795],"tool":false,"touchDistance":1,"touchZone":"none","type":0,"width":21.3285},{"bases":[[[0.878148,0.0474615,-0.47603],[0.419777,0.400803,0.814337],[0.229444,-0.914934,0.332041]],[[0.900536,-0.0719849,-0.428781],[0.423747,0.366085,0.828504],[0.0973307,-0.927793,0.360177]],[[0.900536,-0.0719849,-0.428781],[0.392874,0.557166,0.731584],[0.186239,-0.827275,0.530029]],[[0.900536,-0.0719849,-0.428781],[0.34982,0.705601,0.616242],[0.258188,-0.704944,0.660601]]],"btipPosition":[97.4065,307.163,106.342],"carpPosition":[125.731,176.367,166.03],"dipPosition":[101.406,296.241,116.576],"direction":[-0.186239,0.827275,-0.530029],"extended":true,"handId":110,"id":1101,"length":53.323,"mcpPosition":[109.28,241.968,142.223],"pipPosition":[105.488,278.111,128.192],"stabilizedTipPosition":[98.9371,294.701,102.81],"timeVisible":0.11778,"tipPosition":[95.9924,299.621,102.254],"tipVelocity":[-29.4524,377.225,108.51],"tool":false,"touchDistance":1,"touchZone":"none","type":1,"width":20.373},{"bases":[[[0.816558,-0.145613,-0.558596],[0.56713,0.382872,0.729227],[0.107686,-0.912253,0.395219]],[[0.821384,-0.197606,-0.535051],[0.570373,0.281837,0.771519],[-0.00165933,-0.938893,0.344206]],[[0.821384,-0.197606,-0.535051],[0.558462,0.469351,0.683981],[0.115968,-0.860617,0.495873]],[[0.821384,-0.197606,-0.535051],[0.521428,0.640345,0.563978],[0.231172,-0.742233,0.629007]]],"btipPosition":[122.541,316.022,96.1192],"carpPosition":[136.72,178.12,161.54],"dipPosition":[126.481,303.374,106.837],"direction":[-0.115968,0.860617,-0.495873],"extended":true,"handId":110,"id":1102,"length":60.7573,"mcpPosition":[129.398,240.149,134.666],"pipPosition":[129.471,281.184,119.623],"stabilizedTipPosition":[123.197,304.728,93.8526],"timeVisible":0.11778,"tipPosition":[117.984,307.433,91.6701],"tipVelocity":[21.1234,458.353,203.126],"tool":false,"touchDistance":1,"touchZone":"none","type":2,"width":20.009},{"bases":[[[0.778413,-0.306717,-0.54772],[0.627164,0.342215,0.699682],[-0.0271662,-0.888152,0.458746]],[[0.778471,-0.304759,-0.54873],[0.619376,0.231239,0.75