{"frames":195,"data":[{"currentFrameRate":24.7821,"devices":[],"gestures":[],"hands":[],"id":82430,"interactionBox":{"center":[0,200,0],"size":[235.247,235.247,147.751]},"pointables":[],"r":[[-0.962136,-0.269906,0.0380192],[0.215739,-0.839331,-0.498979],[0.166588,-0.471883,0.86578]],"s":0.686793,"t":[505.899,-233.461,348.339],"timestamp":257356105635},{"currentFrameRate":24.8408,"devices":[],"gestures":[],"hands":[],"id":82431,"interactionBox":{"center":[0,200,0],"size":[235.247,235.247,147.751]},"pointables":[],"r":[[-0.962136,-0.269906,0.0380192],[0.215739,-0.839331,-0.498979],[0.166588,-0.471883,0.86578]],"s":0.686793,"t":[505.899,-233.461,348.339],"timestamp":257356145464},{"currentFrameRate":24.8342,"devices":[],"gestures":[],"hands":[],"id":82432,"interactionBox":{"center":[0,200,0],"size":[235.247,235.247,147.751]},"pointables":[],"r":[[-0.962136,-0.269906,0.0380192],[0.215739,-0.839331,-0.498979],[0.166588,-0.471883,0.86578]],"s":0.686793,"t":[505.899,-233.461,348.339],"timestamp":257356185779},{"currentFrameRate":17.349,"devices":[],"gestures":[],"hands":[{"armBasis":[[0.850704,-0.37237,-0.371003],[0.387182,0.921266,-0.0368576],[0.355518,-0.112291,0.9279]],"armWidth":62.1011,"confidence":0,"direction":[0.153944,0.874738,-0.459494],"elbow":[226.128,57.5231,377.623],"grabAngle":1.87509,"grabStrength":0.528339,"id":113,"palmNormal":[-0.534213,-0.317526,-0.78345],"palmPosition":[129.78,146.608,92.0491],"palmVelocity":[1.19209e-7,1.19209e-7,1.19209e-7],"palmWidth":88.6782,"pinchDistance":58.0427,"pinchStrength":0.353782,"r":[[1,5.55112e-18,1.38778e-17],[-5.55112e-18,1,-1.11022e-17],[-1.38778e-17,1.11022e-17,1]],"s":1,"sphereCenter":[114.407,143.558,34.6303],"sphereRadius":57.146,"stabilizedPalmPosition":[129.78,146.608,92.0491],"t":[0,0,0],"timeVisible":0,"type":"right","wrist":[132.577,87.0714,133.456]}],"id":82433,"interactionBox":{"center":[0,200,0],"size":[235.247,235.247,147.751]},"pointables":[{"bases":[[[0.842333,0.307385,0.442708],[-0.490128,0.095238,0.866432],[0.224166,-0.946807,0.23088]],[[0.684778,0.657089,0.315142],[-0.510207,0.123498,0.851139],[0.520354,-0.743628,0.41982]],[[0.684778,0.657089,0.315142],[-0.699471,0.471279,0.53725],[0.204501,-0.588329,0.782335]],[[0.684778,0.657089,0.315142],[-0.695326,0.718584,0.0125999],[-0.218176,-0.227754,0.948961]]],"btipPosition":[73.7376,164.023,53.2675],"carpPosition":[100.872,103.102,121.333],"dipPosition":[68.7612,158.828,74.9123],"direction":[-0.204501,0.588329,-0.782335],"extended":false,"handId":113,"id":1130,"length":50.7922,"mcpPosition":[100.872,103.102,121.333],"pipPosition":[75.5566,139.279,100.909],"stabilizedTipPosition":[72.593,162.828,58.2458],"timeVisible":0,"tipPosition":[72.593,162.828,58.2458],"tipVelocity":[1.19209e-7,1.19209e-7,1.19209e-7],"tool":false,"touchDistance":1,"touchZone":"none","type":0,"width":19.7355},{"bases":[[[0.743729,-0.402839,-0.533469],[0.666728,0.389241,0.635583],[-0.0483898,-0.828379,0.558073]],[[0.742784,-0.417052,-0.523773],[0.649549,0.638569,0.412693],[0.162351,-0.646758,0.745215]],[[0.742784,-0.417052,-0.523773],[0.227744,0.893034,-0.388102],[0.629606,0.16899,0.758313]],[[0.742784,-0.417052,-0.523773],[-0.226563,0.579581,-0.782787],[0.630032,0.70011,0.336015]]],"btipPosition":[96.7423,183.305,23.1532],"carpPosition":[130.066,114.102,123.276],"dipPosition":[108.281,196.127,29.3072],"direction":[-0.629606,-0.16899,-0.758313],"extended":false,"handId":113,"id":1132,"length":65.304,"mcpPosition":[133.357,170.428,85.3301],"pipPosition":[125.73,200.81,50.323],"stabilizedTipPosition":[99.3963,186.254,24.5686],"timeVisible":0,"tipPosition":[99.3963,186.254,24.5686],"tipVelocity":[1.19209e-7,1.19209e-7,1.19209e-7],"tool":false,"touchDistance":1,"touchZone":"none","type":2,"width":18.5145},{"bases":[[[0.67611,-0.54854,-0.491914],[0.716278,0.33286,0.613311],[-0.172687,-0.767013,0.617957]],[[0.674788,-0.554309,-0.487239],[0.734177,0.571402,0.366721],[0.0751322,-0.605179,0.792537]],[[0.674788,-0.554309,-0.487239],[0.369111,0.825184,-0.427584],[0.639075,0.108683,0.761427]],[[0.674788,-0.554309,-0.487239],[-0.146939,0.546078,-0.824747],[0.723235,0.628124,0.287038]]],"btipPosition":[116.398,169.112,19.0124],"carpPosition":[139.551,110.307,117.032],"dipPosition":[129.568,180.55,24.2391],"direction":[-0.639075,-0.108683,-0.761427],"extended":false,"handId":113,"id":1133,"length":62.7915,"mcpPosition":[150.093,157.132,79.3068],"pipPosition":[146.822,183.484,44.7963],"stabilizedTipPosition":[119.427,171.743,20.2145],"timeVisible":0,"tipPosition":[119.427,171.743,20.2145],"tipVelocity":[1.19209e-7,1.19209e-7,1.19209e-7],"tool":false,"touchDistance":1,"touchZone":"none","type":3,"width":17.6178},{"bases":[[[0.523873,-0.681034,-0.511615],[0.794629,0.174409,0.581504],[-0.306793,-0.711178,0.632537]],[[0.525449,-0.677354,-0.514873],[0.850813,0.421567,0.313687],[0.00457617,-0.602887,0.797814]],[[0.525449,-0.677354,-0.514873],[0.481789,0.735654,-0.476123],[0.701272,0.00211895,0.71289]],[[0.525449,-0.677354,-0.514873],[-0.0714841,0.56786,-0.820016],[0.847817,0.467682,0.249961]]],"btipPosition":[134.505,154.829,26.4996],"carpPosition":[144.935,101.76,107.527],"dipPosition":[148.748,162.685,30.6987],"direction":[-0.701272,-0.00211895,-0.712891],"extended":false,"handId":113,"id":1134,"length":49.2274,"mcpPosition":[162.273,141.95,71.781],"pipPosition":[162.115,162.726,44.2877],"stabilizedTipPosition":[137.781,156.636,27.4654],"timeVisible":0,"tipPosition":[137.781,156.636,27.4654],"tipVelocity":[1.19209e-7,1.19209e-7,1.19209e-7],"tool":false,"touchDistance":1,"touchZone":"none","type":4,"width":15.6495},{"bases":[[[0.845262,-0.214008,-0.489625],[0.530112,0.451047,0.71801],[0.0671839,-0.866462,0.494701]],[[0.846793,-0.325401,-0.42078],[0.530897,0.56611,0.630609],[0.0330071,-0.757386,0.652133]],[[0.846793,-0.325401,-0.42078],[0.378489,0.924422,0.0468043],[0.373748,-0.198894,0.905955]],[[0.846793,-0.325401,-0.42078],[0.10328,0.876581,-0.470041],[0.521799,0.35457,0.77589]]],"btipPosition":[95.4989,208.016,31.1455],"carpPosition":[119.191,115.397,128.182],"dipPosition":[104.188,213.921,44.0652],"direction":[-0.373748,0.198894,-0.905955],"extended":true,"handId":113,"id":1131,"length":57.3134,"mcpPosition":[114.374,177.523,92.7115],"pipPosition":[112.992,209.235,65.4062],"stabilizedTipPosition":[97.4973,209.374,34.117],"timeVisible":0,"tipPosition":[97.4973,209.374,34.117],"tipVelocity":[1.19209e-7,1.19209e-7,1.19209e-7],"tool":false,"touchDistance":1,"touchZone":"none","type":1,"width":18.8514}],"r":[[1,5.55112e-18,1.38778e-17],[-5.55112e-18,1,-1.11022e-17],[-1.38778e-17,1.11022e-17,1]],"s":1,"t":[0,0,0],"timestamp":257356306824},{"currentFrameRate":18.7264,"devices":[],"gestures":[],"hands":[{"armBasis":[[0.861098,-0.279586,-0.424668],[0.31011,0.950696,0.00290499],[0.402918,-0.134195,0.905345]],"armWidth":65.5845,"confidence":0.208372,"direction":[0.131705,0.931669,-0.338594],"elbow":[237.459,55.056,371.004],"grabAngle":1.11876,"grabStrength":0.0637537,"id":113,"palmNormal":[-0.497214,-0.233407,-0.835643],"palmPosition":[126.463,153.999,98.876],"palmVelocity":[-82.6159,184.106,170.067],"palmWidth":88.6782,"pinchDistance":66.9014,"pinchStrength":0,"r":[[0.999949,0.0073403,0.00695901],[-0.00751581,0.999646,0.0255383],[-0.00676908,-0.0255893,0.99965]],"s":1.05998,"sphereCenter":[111.764,152.029,26.6185],"sphereRadius":75.9986,"stabilizedPalmPosition":[129.225,147.844,93.1907],"t":[-1.65818,3.6952,3.41341],"timeVisible":0.040142,"type":"right","wrist":[131.435,90.3681,132.772]}],"id":82434,"interactionBox":{"center":[0,200,0],"size":[235.247,235.247,147.751]},"pointables":[{"bases":[[[0.815507,0.278532,0.507315],[-0.519209,-0.0351504,0.853924],[0.255678,-0.959783,0.115951]],[[0.697809,0.559439,0.447315],[-0.520314,-0.0332929,0.853326],[0.492276,-0.828203,0.267852]],[[0.697809,0.559439,0.447315],[-0.690475,0.359249,0.627841],[0.190541,-0.746973,0.636966]],[[0.697809,0.559439,0.447315],[-0.701563,0.659767,0.269291],[-0.144472,-0.501733,0.852873]]],"btipPosition":[71.7231,180.085,70.5288],"carpPosition":[98.4969,106.053,121.351],"dipPosition":[68.6573,169.438,88.6276],"direction":[-0.190541,0.746973,-0.636966],"extended":false,"handId":113,"id":1130,"length":47.2559,"mcpPosition":[98.4969,106.053,121.351],"pipPosition":[74.548,146.344,108.32],"stabilizedTipPosition":[71.9915,168.484,64.527],"timeVisible":0.040142,"tipPosition":[70.3332,174.889,69.9088],"tipVelocity":[-39.2374,368.879,409.689],"tool":false,"touchDistance":1,"touchZone":"none","type":0,"width":21.3285},{"bases":[[[0.712311,-0.455463,-0.53401],[0.683489,0.277188,0.675285],[-0.159546,-0.846003,0.508748]],[[0.714011,-0.446198,-0.539533],[0.698318,0.398391,0.594673],[-0.050397,-0.801369,0.596044]],[[0.714011,-0.446198,-0.539533],[0.61578,0.766927,0.18066],[0.333172,-0.461227,0.822354]],[[0.714011,-0.446198,-0.539533],[0.343066,0.894731,-0.285941],[0.610323,0.0190698,0.791923]]],"btipPosition":[130.034,210.541,30.0737],"carpPosition":[136.961,115.166,119.352],"dipPosition":[140.374,210.864,43.49],"direction":[-0.333172,0.461227,-0.822354],"extended":true,"handId":113,"id":1133,"length":58.4197,"mcpPosition":[146.701,166.813,88.2936],"pipPosition":[148.742,199.279,64.1463],"stabilizedTipPosition":[131.648,208.328,32.3976],"timeVisible":0.040142,"tipPosition":[129.067,205.581,32.5767],"tipVelocity":[323.472,968.382,322.477],"tool":false,"touchDistance":1,"touchZone":"none","type":3,"width":19.0398},{"bases":[[[0.566268,-0.589814,-0.575725],[0.769161,0.127134,0.626282],[-0.296196,-0.797469,0.525653]],[[0.572031,-0.573884,-0.586036],[0.814148,0.310398,0.49073],[-0.0997173,-0.757832,0.644784]],[[0.572031,-0.573884,-0.586036],[0.727476,0.685007,0.0392878],[0.378892,-0.448801,0.809332]],[[0.572031,-0.573884,-0.586036],[0.471458,0.814703,-0.337618],[0.671199,-0.0831632,0.736597]]],"btipPosition":[145.696,186.74,32.7836],"carpPosition":[142.971,108.117,109.028],"dipPosition":[156.187,185.44,44.296],"direction":[-0.378892,0.448801,-0.809332],"extended":true,"handId":113,"id":1134,"length":45.8,"mcpPosition":[159.709,153.184,79.3221],"pipPosition":[162.906,177.481,58.6493],"stabilizedTipPosition":[147.608,184.994,35.0447],"timeVisible":0.040142,"tipPosition":[143.963,181.695,35.7674],"tipVelocity":[257.291,742.499,198.446],"tool":false,"touchDistance":1,"touchZone":"none","type":4,"width":16.9127},{"bases":[[[0.867512,-0.118031,-0.483209],[0.489614,0.374001,0.787656],[0.0877532,-0.919887,0.38224]],[[0.869126,-0.281846,-0.406428],[0.490148,0.38093,0.783994],[-0.0661447,-0.880599,0.469222]],[[0.869126,-0.281846,-0.406428],[0.471896,0.718619,0.510785],[0.148104,-0.635728,0.757572]],[[0.869126,-0.281846,-0.406428],[0.380851,0.905656,0.186386],[0.315552,-0.316782,0.89447]]],"btipPosition":[104.237,237.129,54.1985],"carpPosition":[116.086,118.028,130.344],"dipPosition":[109.125,232.222,68.0557],"direction":[-0.148104,0.635728,-0.757572],"extended":true,"handId":113,"id":1131,"length":53.323,"mcpPosition":[109.795,183.985,102.938],"pipPosition":[112.371,218.289,84.6589],"stabilizedTipPosition":[103.471,229.601,51.7931],"timeVisible":0.040142,"tipPosition":[101.613,231.767,54.5519],"tipVelocity":[195.9,663.297,579.658],"tool":false,"touchDistance":1,"touchZone":"none","type":1,"width":20.373},{"bases":[[[0.775129,-0.303243,-0.554273],[0.631036,0.328376,0.702825],[-0.0311168,-0.894546,0.445891]],[[0.771489,-0.360517,-0.524244],[0.634092,0.367987,0.680083],[-0.0522667,-0.857096,0.512499]],[[0.771489,-0.360517,-0.524244],[0.576755,0.744161,0.337013],[0.268623,-0.562362,0.782042]],[[0.771489,-0.360517,-0.524244],[0.384074,0.920794,-0.0680092],[0.50724,-0.14888,0.848848]]],"btipPosition":[115.978,233.097,38.3498],"carpPosition":[127.147,117.776,125.695],"dipPosition":[124.621,230.56,52.8136],"direction":[-0.268623,0.562362,-0.782042],"extended":true,"handId":113,"id":1132,"length":60.7573,"mcpPosition":[129.263,178.601,95.3769],"pipPosition":[131.547,216.06,72.9781],"stabilizedTipPosition":[116.773,229.544,40.5782],"timeVisible":0.040142,"tipPosition":[115.035,228.191,40.8991],"tipVelocity":[462.591,1152.4,426.182],"tool":false,"touchDistance":1,"touchZone":"none","type":2,"width":20.009}],"r":[[0.999949,0.0073403,0.00695901],[-0.00751581,0.999646,0.0255383],[-0.00676908,-0.0255893,0.99965]],"s":1.05998,"t":[-1.65818,3.6952,3.41341],"timestamp":257356346966},{"currentFrameRate":20.6589,"devices":[],"gestures":[],"hands":[{"armBasis":[[0.840062,-0.224649,-0.49379],[0.29663,0.952321,0.0713859],[0.45421,-0.206441,0.866646]],"armWidth":65.5845,"confidence":0.358875,"direction":[0.125912,0.949892,-0.286095],"elbow":[251.46,43.2373,360.042],"grabAngle":0.741327,"grabStrength":0,"id":113,"palmNormal":[-0.465086,-0.198212,-0.86279],"palmPosition":[125.948,163.128,101.829],"palmVelocity":[-16.5468,293.035,94.7981],"palmWidth":88.6782,"pinchDistance":60.2652,"pinchStrength":0,"r":[[0.999677,0.0162728,0.0195179],[-0.017344,0.998278,0.0560314],[-0.0185725,-0.0563518,0.998238]],"s":1.12016,"sphereCenter":[111.22,159.5,13.0305],"sphereRadius":93.5232,"stabilizedPalmPosition":[127.842,154.296,96.8374],"t":[-2.74503,10.1075,6.59683],"timeVisible":0.071297,"type":"right","wrist":[131.939,97.5603,131.993]}],"id":82435,"interactionBox":{"center":[0,200,0],"size":[235.247,235.247,147.751]},"pointables":[{"bases":[[[0.793162,0.265384,0.548147],[-0.546359,-0.0875518,0.832963],[0.269046,-0.960159,0.075552]],[[0.691084,0.514731,0.5074],[-0.537463,-0.103401,0.836924],[0.483257,-0.851093,0.20519]],[[0.691084,0.514731,0.5074],[-0.698894,0.296936,0.650674],[0.184257,-0.804289,0.56495]],[[0.691084,0.514731,0.5074],[-0.714268,0.593761,0.370499],[-0.110567,-0.618465,0.777994]]],"btipPosition":[71.2678,193.032,76.9176],"carpPosition":[98.128,113.637,120.876],"dipPosition":[68.9214,179.908,93.4274],"direction":[-0.184257,0.804289,-0.56495],"extended":false,"handId":113,"id":1130,"length":47.2559,"mcpPosition":[98.128,113.637,120.876],"pipPosition":[74.6179,155.042,110.893],"stabilizedTipPosition":[71.1886,182.166,74.8144],"timeVisible":0.071297,"tipPosition":[70.5106,185.975,74.3209],"tipVelocity":[-9.30349,397.29,193.335],"tool":false,"touchDistance":1,"touchZone":"none","type":0,"width":21.3285},{"bases":[[[0.798344,-0.261573,-0.542426],[0.601474,0.30207,0.739583],[-0.0296043,-0.916697,0.398486]],[[0.792752,-0.340239,-0.505749],[0.598169,0.274699,0.752818],[-0.117209,-0.899321,0.421288]],[[0.792752,-0.340239,-0.505749],[0.602498,0.563184,0.565526],[0.0924163,-0.753035,0.651459]],[[0.792752,-0.340239,-0.505749],[0.55391,0.748428,0.364745],[0.254417,-0.569292,0.78178]]],"btipPosition":[126.82,256.342,51.1526],"carpPosition":[126.402,125.589,126.779],"dipPosition":[131.155,246.642,64.4736],"direction":[-0.0924162,0.753035,-0.651459],"extended":true,"handId":113,"id":1132,"length":60.7573,"mcpPosition":[128.415,187.92,99.6835],"pipPosition":[133.538,227.225,81.2711],"stabilizedTipPosition":[126.622,251.452,52.7405],"timeVisible":0.071297,"tipPosition":[122.49,248.205,51.3405],"tipVelocity":[316.206,693.222,402.502],"tool":false,"touchDistance":1,"touchZone":"none","type":2,"width":20.009},{"bases":[[[0.737657,-0.415644,-0.532073],[0.655725,0.253234,0.711265],[-0.160894,-0.873563,0.459348]],[[0.740463,-0.39968,-0.540343],[0.66479,0.317316,0.676288],[-0.0988395,-0.85998,0.500664]],[[0.740463,-0.39968,-0.540343],[0.65102,0.626287,0.428879],[0.166995,-0.669344,0.723942]],[[0.740463,-0.39968,-0.540343],[0.552801,0.819442,0.151411],[0.382264,-0.410817,0.82771]]],"btipPosition":[139.621,235.413,40.1138],"carpPosition":[136.465,123.471,120.646],"dipPosition":[146.097,228.453,54.1364],"direction":[-0.166995,0.669344,-0.723942],"extended":true,"handId":113,"id":1133,"length":58.4197,"mcpPosition":[146.288,176.8,92.604],"pipPosition":[150.292,211.641,72.3207],"stabilizedTipPosition":[140.398,231.892,42.5146],"timeVisible":0.071297,"tipPosition":[136.105,226.853,41.1383],"tipVelocity":[279.21,744.567,326.74],"tool":false,"touchDistance":1,"touchZone":"none","type":3,"width":19.0398},{"bases":[[[0.595525,-0.550046,-0.585491],[0.745667,0.107325,0.657619],[-0.298883,-0.82821,0.474065]],[[0.61003,-0.506973,-0.608968],[0.777539,0.234956,0.583292],[-0.152633,-0.829322,0.537521]],[[0.61003,-0.506973,-0.608968],[0.76685,0.571235,0.292629],[0.199509,-0.6455,0.737243]],[[0.61003,-0.506973,-0.608968],[0.649517,0.760138,0.0178267],[0.453862,-0.40641,0.792995]]],"btipPosition":[154.091,208.255,40.6936],"carpPosition":[142.939,117.062,110.186],"dipPosition":[161.185,201.903,53.0875],"direction":[-0.199509,0.6455,-0.737243],"extended":true,"handId":113,"id":1134,"length":45.8,"mcpPosition":[159.83,163.866,83.3961],"pipPosition":[164.723,190.455,66.1623],"stabilizedTipPosition":[155.237,205.487,43.0349],"timeVisible":0.071297,"tipPosition":[150.02,200.15,42.1043],"tipVelocity":[244.385,653.262,260.401],"tool":false,"touchDistance":1,"touchZone":"none","type":4,"width":16.9127},{"bases":[[[0.884966,-0.0787747,-0.458943],[0.456529,0.340946,0.821789],[0.0917388,-0.936777,0.337689]],[[0.885373,-0.265168,-0.381838],[0.452915,0.306857,0.837083],[-0.104798,-0.914071,0.391781]],[[0.885373,-0.265168,-0.381838],[0.463067,0.575527,0.674046],[0.0410227,-0.773599,0.632347]],[[0.885373,-0.265168,-0.381838],[0.428034,0.785468,0.44702],[0.181386,-0.559219,0.808933]]],"btipPosition":[108.987,253.814,65.1922],"carpPosition":[115.192,125.421,131.057],"dipPosition":[111.798,245.151,77.7243],"direction":[-0.0410227,0.773599,-0.632347],"extended":true,"handId":113,"id":1131,"length":53.323,"mcpPosition":[108.614,192.588,106.845],"pipPosition":[112.697,228.196,91.583],"stabilizedTipPosition":[107.86,245.424,63.387],"timeVisible":0.071297,"tipPosition":[104.51,246.274,63.6132],"tipVelocity":[137.142,507.818,343.089],"tool":false,"touchDistance":1,"touchZone":"none","type":1,"width":20.373}],"r":[[0.999677,0.0162728,0.0195179],[-0.017344,0.998278,0.0560314],[-0.0185725,-0.0563518,0.998238]],"s":1.12016,"t":[-2.74503,10.1075,6.59683],"timestamp":257356378121},{"currentFrameRate":24.4864,"devices":[],"gestures":[],"hands":[{"armBasis":[[0.830232,-0.194638,-0.522332],[0.314253,0.937383,0.150196],[0.460391,-0.288842,0.839411]],"armWidth":65.5845,"confidence":0.406023,"direction":[0.116567,0.95212,-0.282631],"elbow":[254.375,25.3069,353.18],"grabAngle":0.750778,"grabStrength":0,"id":113,"palmNormal":[-0.456107,-0.201469,-0.86682],"palmPosition":[126.65,167.576,102.996],"palmVelocity":[66.993,424.121,111.223],"palmWidth":88.6782,"pinchDistance":57.9481,"pinchStrength":0,"r":[[0.999184,0.0255107,0.0313056],[-0.0279691,0.996339,0.0807859],[-0.0291301,-0.0815956,0.99624]],"s":1.16288,"sphereCenter":[112.408,164.261,14.2591],"sphereRadius":93.5024,"stabilizedPalmPosition":[127.521,157.865,98.4924],"t":[-2.93718,15.5376,8.77174],"timeVisible":0.081784,"type":"right","wrist":[133.228,101.313,132.297]}],"id":82436,"interactionBox":{"center":[0,200,0],"size":[235.247,235.247,147.751]},"pointables":[{"bases":[[[0.785719,0.273456,0.554858],[-0.55155,-0.0964144,0.828551],[0.280069,-0.95704,0.0750702]],[[0.680058,0.523213,0.513585],[-0.53792,-0.119897,0.834426],[0.49816,-0.843725,0.19991]],[[0.680058,0.523213,0.513585],[-0.707187,0.283329,0.647774],[0.193411,-0.803724,0.562689]],[[0.680058,0.523213,0.513585],[-0.725815,0.579355,0.370865],[-0.103506,-0.624977,0.773751]]],"btipPosition":[71.2702,196.858,78.1586],"carpPosition":[99.2883,117.701,121.7],"dipPosition":[69.0737,183.595,94.5783],"direction":[-0.193411,0.803724,-0.562689],"extended":false,"handId":113,"id":1130,"length":47.2559,"mcpPosition":[99.2883,117.701,121.7],"pipPosition":[75.0531,158.748,111.974],"stabilizedTipPosition":[71.0367,186.341,77.3683],"timeVisible":0.081784,"tipPosition":[71.1346,189.991,75.4088],"tipVelocity":[3.51455,361.785,116.354],"tool":false,"touchDistance":1,"touchZone":"none","type":0,"width":21.3285},{"bases":[[[0.805536,-0.25043,-0.537027],[0.592157,0.307303,0.744927],[-0.021522,-0.918069,0.395837]],[[0.800563,-0.329799,-0.500332],[0.588602,0.276074,0.759823],[-0.11246,-0.902782,0.415134]],[[0.800563,-0.329799,-0.500332],[0.590188,0.578573,0.562966],[0.103813,-0.74598,0.657828]],[[0.800563,-0.329799,-0.500332],[0.527046,0.784832,0.325978],[0.285169,-0.524664,0.802126]]],"btipPosition":[126.213,260.033,52.161],"carpPosition":[127.37,129.977,127.849],"dipPosition":[131.072,251.093,65.8288],"direction":[-0.103813,0.74598,-0.657828],"extended":true,"handId":113,"id":1132,"length":60.7573,"mcpPosition":[128.834,192.402,100.934],"pipPosition":[133.749,231.858,82.7904],"stabilizedTipPosition":[127.023,255.144,54.1913],"timeVisible":0.081784,"tipPosition":[122.821,253.044,52.8559],"tipVelocity":[-46.383,368.585,103.765],"tool":false,"touchDistance":1,"touchZone":"none","type":2,"width":20.009},{"bases":[[[0.746642,-0.40525,-0.52754],[0.647207,0.259203,0.716894],[-0.153781,-0.876691,0.455812]],[[0.749021,-0.391084,-0.534809],[0.654519,0.311499,0.688893],[-0.102823,-0.866038,0.489291]],[[0.749021,-0.391084,-0.534809],[0.642794,0.624579,0.443528],[0.160574,-0.675984,0.719209]],[[0.749021,-0.391084,-0.534809],[0.550918,0.816038,0.174847],[0.368045,-0.4256,0.826685]]],"btipPosition":[140.79,240.794,42.0681],"carpPosition":[137.504,127.997,121.788],"dipPosition":[147.025,233.583,56.0734],"direction":[-0.160574,0.675984,-0.719209],"extended":true,"handId":113,"id":1133,"length":58.4197,"mcpPosition":[146.893,181.518,93.9613],"pipPosition":[151.058,216.604,74.1388],"stabilizedTipPosition":[141.501,236.269,44.1913],"timeVisible":0.081784,"tipPosition":[136.886,232.099,42.7381],"tipVelocity":[106.128,507.549,185.973],"tool":false,"touchDistance":1,"touchZone":"none","type":3,"width":19.0398},{"bases":[[[0.606555,-0.541213,-0.58239],[0.739313,0.114537,0.66355],[-0.292416,-0.833048,0.469599]],[[0.620416,-0.498888,-0.60514],[0.766134,0.220541,0.603656],[-0.167698,-0.838136,0.519042]],[[0.620416,-0.498888,-0.60514],[0.765037,0.554818,0.326948],[0.172632,-0.665798,0.725886]],[[0.620416,-0.498888,-0.60514],[0.665729,0.742895,0.0700797],[0.414594,-0.446338,0.793029]]],"btipPosition":[156.495,214.428,42.9135],"carpPosition":[144.134,121.696,111.361],"dipPosition":[162.974,207.453,55.3079],"direction":[-0.172632,0.665798,-0.725886],"extended":true,"handId":113,"id":1134,"length":45.8,"mcpPosition":[160.659,168.773,84.8226],"pipPosition":[166.036,195.645,68.1813],"stabilizedTipPosition":[156.979,210.138,44.765],"timeVisible":0.081784,"tipPosition":[151.614,206.001,43.8241],"tipVelocity":[215.694,575.038,211.69],"tool":false,"touchDistance":1,"touchZone":"none","type":4,"width":16.9127},{"bases":[[[0.889304,-0.0668254,-0.452407],[0.446133,0.3442,0.82613],[0.100512,-0.936515,0.335912]],[[0.891488,-0.252218,-0.376344],[0.443272,0.314005,0.83959],[-0.0935861,-0.915307,0.391733]],[[0.891488,-0.252218,-0.376344],[0.44924,0.599561,0.662352],[0.0585836,-0.759548,0.647808]],[[0.891488,-0.252218,-0.376344],[0.402586,0.822021,0.402748],[0.207782,-0.510556,0.834362]]],"btipPosition":[108.067,257.023,65.5732],"carpPosition":[116.131,129.662,132.042],"dipPosition":[111.286,249.113,78.4993],"direction":[-0.0585836,0.759548,-0.647808],"extended":true,"handId":113,"id":1131,"length":53.323,"mcpPosition":[108.924,196.81,107.957],"pipPosition":[112.57,232.467,92.6968],"stabilizedTipPosition":[108.244,249.393,65.4808],"timeVisible":0.081784,"tipPosition":[104.875,250.967,65.1615],"tipVelocity":[-78.8364,322.505,44.9699],"tool":false,"touchDistance":1,"touchZone":"none","type":1,"width":20.373}],"r":[[0.999184,0.0255107,0.0313056],[-0.0279691,0.996339,0.0807859],[-0.0291301,-0.0815956,0.99624]],"s":1.16288,"t":[-2.93718,15.5376,8.77174],"timestamp":257356388608},{"currentFrameRate":28.1198,"devices":[],"gestures":[],"hands":[{"armBasis":[[0.822391,-0.156564,-0.546956],[0.32853,0.915585,0.231888],[0.464479,-0.370394,0.804405]],"armWidth":65.5845,"confidence":0.450932,"direction":[0.106956,0.95462,-0.277958],"elbow":[256.805,7.5617,344.436],"grabAngle":0.737527,"grabStrength":0,"id":113,"palmNormal":[-0.445025,-0.204031,-0.871966],"palmPosition":[127.426,171.978,104.423],"palmVelocity":[74.2138,421.412,136.618],"palmWidth":88.6782,"pinchDistance":58.3352,"pinchStrength":0,"r":[[0.998459,0.0352163,0.0428813],[-0.0394056,0.994092,0.101131],[-0.0390665,-0.102665,0.993949]],"s":1.19672,"sphereCenter":[114.836,170.111,17.1546],"sphereRadius":92.1837,"stabilizedPalmPosition":[127.486,163.051,100.672],"t":[-2.64563,20.4537,10.5728],"timeVisible":0.09223,"type":"right","wrist":[134.582,105.027,132.765]}],"id":82437,"interactionBox":{"center":[0,200,0],"size":[235.247,235.247,147.751]},"pointables":[{"bases":[[[0.776688,0.281464,0.563502],[-0.558269,-0.1067,0.82277],[0.291706,-0.953621,0.0742596]],[[0.667098,0.531878,0.521618],[-0.539317,-0.138228,0.830681],[0.513923,-0.835463,0.194639]],[[0.667098,0.531878,0.521618],[-0.716056,0.26462,0.645941],[0.205532,-0.804414,0.557382]],[[0.667098,0.531878,0.521618],[-0.738226,0.565968,0.367018],[-0.10001,-0.629909,0.770203]]],"btipPosition":[71.298,200.563,79.6292],"carpPosition":[100.532,121.682,122.675],"dipPosition":[69.1757,187.196,95.9736],"direction":[-0.205532,0.804414,-0.557382],"extended":false,"handId":113,"id":1130,"length":47.2559,"mcpPosition":[100.532,121.682,122.675],"pipPosition":[75.5299,162.327,113.206],"stabilizedTipPosition":[70.9418,191.003,79.8859],"timeVisible":0.09223,"tipPosition":[71.8413,193.96,76.7213],"tipVelocity":[4.29834,352.428,139.127],"tool":false,"touchDistance":1,"touchZone":"none","type":0,"width":21.3285},{"bases":[[[0.894444,-0.0535983,-0.443956],[0.433598,0.346776,0.831709],[0.109375,-0.936415,0.333412]],[[0.898697,-0.233877,-0.371007],[0.430895,0.31328,0.846277],[-0.0816954,-0.920411,0.38232]],[[0.898697,-0.233877,-0.371007],[0.433187,0.605506,0.667616],[0.0685072,-0.7607,0.645479]],[[0.898697,-0.233877,-0.371007],[0.385274,0.82519,0.413069],[0.209544,-0.514163,0.831702]]],"btipPosition":[107.709,261.454,67.3942],"carpPosition":[117.117,133.82,133.225],"dipPosition":[110.956,253.489,80.279],"direction":[-0.0685072,0.7607,-0.645479],"extended":true,"handId":113,"id":1131,"length":53.323,"mcpPosition":[109.274,200.962,109.319],"pipPosition":[112.457,236.817,94.4255],"stabilizedTipPosition":[108.337,253.872,67.6164],"timeVisible":0.09223,"tipPosition":[105.036,255.345,66.7867],"tipVelocity":[-33.6142,422.984,173.414],"tool":false,"touchDistance":1,"touchZone":"none","type":1,"width":20.373},{"bases":[[[0.813887,-0.237945,-0.530067],[0.580868,0.312079,0.751797],[-0.0134636,-0.919777,0.392211]],[[0.809615,-0.317212,-0.493862],[0.576032,0.267788,0.772319],[-0.112738,-0.909762,0.399529]],[[0.809615,-0.317212,-0.493862],[0.578183,0.575969,0.577897],[0.101134,-0.753416,0.64972]],[[0.809615,-0.317212,-0.493862],[0.513054,0.791171,0.332902],[0.285129,-0.522901,0.803291]]],"btipPosition":[126.768,264.935,54.5725],"carpPosition":[128.392,134.297,129.143],"dipPosition":[131.627,256.025,68.2601],"direction":[-0.101134,0.753416,-0.64972],"extended":true,"handId":113,"id":1132,"length":60.7573,"mcpPosition":[129.307,196.838,102.474],"pipPosition":[134.234,236.599,85.0127],"stabilizedTipPosition":[127.514,259.554,56.2017],"timeVisible":0.09223,"tipPosition":[123.246,257.872,54.738],"tipVelocity":[53.1295,469.995,231.294],"tool":false,"touchDistance":1,"touchZone":"none","type":2,"width":20.009},{"bases":[[[0.756915,-0.393548,-0.521728],[0.636807,0.264802,0.724125],[-0.146824,-0.880341,0.451047]],[[0.758739,-0.382202,-0.527481],[0.641704,0.299407,0.706096],[-0.111939,-0.87423,0.472432]],[[0.758739,-0.382202,-0.527481],[0.635265,0.61325,0.469429],[0.144061,-0.691265,0.708096]],[[0.758739,-0.382202,-0.527481],[0.549783,0.810044,0.203879],[0.349361,-0.444691,0.82474]]],"btipPosition":[142.57,246.53,44.7398],"carpPosition":[138.609,132.471,123.174],"dipPosition":[148.489,238.996,58.7121],"direction":[-0.144061,0.691265,-0.708096],"extended":true,"handId":113,"id":1133,"length":58.4197,"mcpPosition":[147.572,186.215,95.6379],"pipPosition":[152.107,221.632,76.4984],"stabilizedTipPosition":[142.982,241.466,46.4842],"timeVisible":0.09223,"tipPosition":[138.092,237.691,44.8684],"tipVelocity":[163.453,541.992,255.033],"tool":false,"touchDistance":1,"touchZone":"none","type":3,"width":19.0398},{"bases":[[[0.619141,-0.5311,-0.578444],[0.731292,0.121544,0.671147],[-0.28614,-0.838546,0.463642]],[[0.631111,-0.493757,-0.59825],[0.753401,0.206618,0.624256],[-0.184621,-0.844697,0.502396]],[[0.631111,-0.493757,-0.59825],[0.761064,0.543224,0.354527],[0.149933,-0.679053,0.718615]],[[0.631111,-0.493757,-0.59825],[0.668614,0.737277,0.0968397],[0.393261,-0.461115,0.795437]]],"btipPosition":[158.705,220.016,45.3027],"carpPosition":[145.421,126.296,112.788],"dipPosition":[164.851,212.809,57.7348],"direction":[-0.149933,0.679053,-0.718615],"extended":true,"handId":113,"id":1134,"length":45.8,"mcpPosition":[161.591,173.684,86.5868],"pipPosition":[167.51,200.766,70.4792],"stabilizedTipPosition":[158.997,215.421,46.9484],"timeVisible":0.09223,"tipPosition":[153.187,211.65,45.8787],"tipVelocity":[204.241,529.785,229.551],"tool":false,"touchDistance":1,"touchZone":"none","type":4,"width":16.9127}],"r":[[0.998459,0.0352163,0.0428813],[-0.0394056,0.994092,0.101131],[-0.0390665,-0.102665,0.993949]],"s":1.19672,"t":[-2.64563,20.4537,10.5728],"timestamp":257356399054},{"currentFrameRate":31.5704,"devices":[],"gestures":[],"hands":[{"armBasis":[[0.814674,-0.121792,-0.566986],[0.341003,0.891415,0.298489],[0.469067,-0.436515,0.767744]],"armWidth":65.5845,"confidence":0.493545,"direction":[0.0972575,0.955854,-0.277281],"elbow":[259.395,-5.97836,335.386],"grabAngle":0.723988,"grabStrength":0,"id":113,"palmNormal":[-0.440684,-0.208444,-0.873126],"palmPosition":[128.201,176.317,105.714],"palmVelocity":[74.4747,416.628,123.932],"palmWidth":88.6782,"pinchDistance":58.8892,"pinchStrength":0,"r":[[0.997594,0.0449434,0.0527804],[-0.0508899,0.991787,0.117338],[-0.0470734,-0.119741,0.991689]],"s":1.2248,"sphereCenter":[117.555,176.144,21.003],"sphereRadius":89.8966,"stabilizedPalmPosition":[127.82,169.248,103.027],"t":[-2.11203,25.0813,12.1186],"timeVisible":0.102645,"type":"right","wrist":[135.964,108.886,133.362]}],"id":82438,"interactionBox":{"center":[0,200,0],"size":[235.247,235.247,147.751]},"pointables":[{"bases":[[[0.772228,0.289615,0.565497],[-0.559057,-0.113135,0.821375],[0.30186,-0.950434,0.0745448]],[[0.658216,0.54185,0.522638],[-0.536526,-0.149364,0.83056],[0.528102,-0.827097,0.192403]],[[0.658216,0.54185,0.522638],[-0.719964,0.250185,0.647348],[0.220009,-0.802375,0.554788]],[[0.658216,0.54185,0.522638],[-0.747216,0.554837,0.365819],[-0.0917606,-0.631311,0.770082]]],"btipPosition":[71.2648,204.165,81.0246],"carpPosition":[101.811,125.724,123.878],"dipPosition":[69.3176,190.768,97.3664],"direction":[-0.220009,0.802375,-0.554788],"extended":false,"handId":113,"id":1130,"length":47.2559,"mcpPosition":[101.811,125.724,123.878],"pipPosition":[76.1193,165.962,114.518],"stabilizedTipPosition":[70.8848,195.604,82.121],"timeVisible":0.102645,"tipPosition":[72.3849,197.839,78.1564],"tipVelocity":[0.683023,345.143,133.919],"tool":false,"touchDistance":1,"touchZone":"none","type":0,"width":21.3285},{"bases":[[[0.896039,-0.0436815,-0.441821],[0.427805,0.351075,0.832904],[0.11873,-0.935328,0.333264]],[[0.902445,-0.21765,-0.371782],[0.425064,0.309424,0.850634],[-0.0701022,-0.925681,0.371753]],[[0.902445,-0.21765,-0.371782],[0.423665,0.604843,0.674295],[0.0781095,-0.766025,0.638048]],[[0.902445,-0.21765,-0.371782],[0.373551,0.825223,0.423635],[0.214599,-0.521187,0.826022]]],"btipPosition":[107.419,266.023,69.3163],"carpPosition":[118.238,138.037,134.474],"dipPosition":[110.744,257.949,82.1132],"direction":[-0.0781095,0.766025,-0.638048],"extended":true,"handId":113,"id":1131,"length":53.323,"mcpPosition":[109.725,205.1,110.579],"pipPosition":[112.456,241.161,96.0968],"stabilizedTipPosition":[108.266,258.669,69.7799],"timeVisible":0.102645,"tipPosition":[105.152,259.681,68.2623],"tipVelocity":[-26.1131,436.292,182.616],"tool":false,"touchDistance":1,"touchZone":"none","type":1,"width":20.373},{"bases":[[[0.817695,-0.228851,-0.528206],[0.575635,0.318015,0.753333],[-0.00442359,-0.920051,0.391774]],[[0.814187,-0.308292,-0.491991],[0.569578,0.259765,0.77981],[-0.112607,-0.915138,0.387094]],[[0.814187,-0.308292,-0.491991],[0.571599,0.574266,0.586083],[0.101849,-0.758403,0.643779]],[[0.814187,-0.308292,-0.491991],[0.502336,0.798946,0.330672],[0.291131,-0.516374,0.805358]]],"btipPosition":[127.152,269.547,56.5402],"carpPosition":[129.517,138.638,130.419],"dipPosition":[132.113,260.748,70.263],"direction":[-0.101849,0.758403,-0.643779],"extended":true,"handId":113,"id":1132,"length":60.7573,"mcpPosition":[129.817,201.197,103.78],"pipPosition":[134.739,241.193,86.8624],"stabilizedTipPosition":[127.968,264.2,58.2391],"timeVisible":0.102645,"tipPosition":[123.487,262.475,56.255],"tipVelocity":[39.1243,445.22,189.703],"tool":false,"touchDistance":1,"touchZone":"none","type":2,"width":20.009},{"bases":[[[0.762395,-0.385068,-0.520073],[0.63215,0.271361,0.725775],[-0.138345,-0.882092,0.450305]],[[0.76357,-0.377382,-0.52397],[0.634323,0.286555,0.717998],[-0.120813,-0.880607,0.458186]],[[0.76357,-0.377382,-0.52397],[0.63256,0.600174,0.48955],[0.129726,-0.705248,0.696991]],[[0.76357,-0.377382,-0.52397],[0.552103,0.802373,0.226671],[0.334877,-0.462365,0.821021]]],"btipPosition":[144.176,252,47.0045],"carpPosition":[139.767,136.926,124.474],"dipPosition":[149.849,244.167,60.9138],"direction":[-0.129726,0.705248,-0.696991],"extended":true,"handId":113,"id":1133,"length":58.4197,"mcpPosition":[148.213,190.776,96.9835],"pipPosition":[153.108,226.452,78.4211],"stabilizedTipPosition":[144.536,246.897,48.7973],"timeVisible":0.102645,"tipPosition":[139.103,243.07,46.6613],"tipVelocity":[148.782,518.603,216.055],"tool":false,"touchDistance":1,"touchZone":"none","type":3,"width":19.0398},{"bases":[[[0.62626,-0.52408,-0.577182],[0.728312,0.129162,0.672962],[-0.278137,-0.841818,0.462583]],[[0.635676,-0.494075,-0.593132],[0.745026,0.191484,0.638961],[-0.20212,-0.848071,0.48982]],[[0.635676,-0.494075,-0.593132],[0.761409,0.527867,0.376314],[0.127167,-0.69083,0.711746]],[[0.635676,-0.494075,-0.593132],[0.673057,0.730997,0.112418],[0.378034,-0.470673,0.797218]]],"btipPosition":[160.705,225.2,47.1739],"carpPosition":[146.671,130.829,114.102],"dipPosition":[166.614,217.844,59.6338],"direction":[-0.127167,0.69083,-0.711746],"extended":true,"handId":113,"id":1134,"length":45.8,"mcpPosition":[162.389,178.402,87.9608],"pipPosition":[168.869,205.592,72.2564],"stabilizedTipPosition":[161.022,220.759,48.9888],"timeVisible":0.102645,"tipPosition":[154.515,217.019,47.5296],"tipVelocity":[186.843,494.499,180.272],"tool":false,"touchDistance":1,"touchZone":"none","type":4,"width":16.9127}],"r":[[0.997594,0.0449434,0.0527804],[-0.0508899,0.991787,0.117338],[-0.0470734,-0.119741,0.991689]],"s":1.2248,"t":[-2.11203,25.0813,12.1186],"timestamp":257356409469},{"currentFrameRate":34.8227,"devices":[],"gestures":[],"hands":[{"armBasis":[[0.808889,-0.0924041,-0.580654],[0.347742,0.871517,0.345736],[0.474103,-0.48158,0.737094]],"armWidth":65.5845,"confidence":0.534418,"direction":[0.089572,0.957044,-0.27576],"elbow":[262.149,-13.808,328.203],"grabAngle":0.723494,"grabStrength":0,"id":113,"palmNormal":[-0.436839,-0.21107,-0.874426],"palmPosition":[129.124,180.686,107.176],"palmVelocity":[87.4998,414.169,138.593],"palmWidth":88.6782,"pinchDistance":59.7025,"pinchStrength":0,"r":[[0.996641,0.0543057,0.0612974],[-0.0619398,0.989521,0.130432],[-0.0535719,-0.13379,0.989561]],"s":1.2489,"sphereCenter":[121.13,182.968,26.5935],"sphereRadius":86.1124,"stabilizedPalmPosition":[128.561,175.744,105.383],"t":[-1.38372,29.5796,13.6226],"timeVisible":0.113194,"type":"right","wrist":[137.394,112.915,134.244]}],"id":82439,"interactionBox":{"center":[0,200,0],"size":[235.247,235.247,147.751]},"pointables":[{"bases":[[[0.768373,0.295546,0.567676],[-0.559942,-0.119125,0.819923],[0.309949,-0.947872,0.0739562]],[[0.647991,0.55372,0.522975],[-0.535783,-0.156631,0.8297],[0.541336,-0.817839,0.195178]],[[0.647991,0.55372,0.522975],[-0.724839,0.237445,0.646706],[0.233916,-0.798132,0.55522]],[[0.647991,0.55372,0.522975],[-0.757018,0.543825,0.362185],[-0.0838578,-0.630594,0.771569]]],"btipPosition":[71.3461,207.685,82.1769],"carpPosition":[103.134,129.841,125.211],"dipPosition":[69.5665,194.303,98.5503],"direction":[-0.233916,0.798132,-0.55522],"extended":false,"handId":113,"id":1130,"length":47.2559,"mcpPosition":[103.134,129.841,125.211],"pipPosition":[76.7982,169.628,115.715],"stabilizedTipPosition":[70.9108,200.105,84.0318],"timeVisible":0.113194,"tipPosition":[73.0768,201.898,79.8314],"tipVelocity":[11.3543,333.979,109.925],"tool":false,"touchDistance":1,"touchZone":"none","type":0,"width":21.3285},{"bases":[[[0.897402,-0.0352751,-0.439802],[0.422811,0.353638,0.834368],[0.126099,-0.934717,0.33227]],[[0.905527,-0.200819,-0.373755],[0.420301,0.304056,0.854925],[-0.0580429,-0.931247,0.359735]],[[0.905527,-0.200819,-0.373755],[0.414774,0.604495,0.680109],[0.0893544,-0.770881,0.630681]],[[0.905527,-0.200819,-0.373755],[0.360226,0.829324,0.427151],[0.224184,-0.521434,0.823316]]],"btipPosition":[107.217,270.551,71.4461],"carpPosition":[119.428,142.281,135.861],"dipPosition":[110.69,262.473,84.201],"direction":[-0.0893544,0.770881,-0.630681],"extended":true,"handId":113,"id":1131,"length":53.323,"mcpPosition":[110.387,209.301,112.037],"pipPosition":[112.648,245.578,98.0231],"stabilizedTipPosition":[108.143,263.579,72.0331],"timeVisible":0.113194,"tipPosition":[105.562,264.131,70.0082],"tipVelocity":[-15.9777,429.112,200.975],"tool":false,"touchDistance":1,"touchZone":"none","type":1,"width":20.373},{"bases":[[[0.820871,-0.221001,-0.52662],[0.571107,0.321976,0.755095],[0.00268253,-0.920592,0.390516]],[[0.818035,-0.299696,-0.490919],[0.563735,0.248432,0.787708],[-0.114113,-0.921121,0.372175]],[[0.818035,-0.299696,-0.490919],[0.566008,0.571181,0.594464],[0.102246,-0.764156,0.636876]],[[0.818035,-0.299696,-0.490919],[0.492504,0.805839,0.328729],[0.297083,-0.510692,0.806806]]],"btipPosition":[127.817,274.244,58.845],"carpPosition":[130.711,142.986,131.833],"dipPosition":[132.879,265.543,72.5925],"direction":[-0.102246,0.764156,-0.636876],"extended":true,"handId":113,"id":1132,"length":60.7573,"mcpPosition":[130.528,205.582,105.28],"pipPosition":[135.516,245.839,89.014],"stabilizedTipPosition":[128.567,268.956,60.467],"timeVisible":0.113194,"tipPosition":[124.07,267.173,58.0608],"tipVelocity":[65.2531,447.444,219.025],"tool":false,"touchDistance":1,"touchZone":"none","type":2,"width":20.009},{"bases":[[[0.766915,-0.377704,-0.518826],[0.628089,0.275853,0.727605],[-0.131699,-0.88388,0.448788]],[[0.767454,-0.374038,-0.520682],[0.627676,0.273024,0.729027],[-0.130525,-0.886315,0.444308]],[[0.767454,-0.374038,-0.520682],[0.630078,0.59003,0.504843],[0.118387,-0.715514,0.688494]],[[0.767454,-0.374038,-0.520682],[0.549876,0.801611,0.234639],[0.32962,-0.466385,0.820875]]],"btipPosition":[145.76,257.111,49.3106],"carpPosition":[140.99,141.371,125.909],"dipPosition":[151.344,249.21,63.2175],"direction":[-0.118387,0.715514,-0.688494],"extended":true,"handId":113,"id":1133,"length":58.4197,"mcpPosition":[149.03,195.331,98.5115],"pipPosition":[154.318,231.238,80.5114],"stabilizedTipPosition":[146.125,252.218,51.1495],"timeVisible":0.113194,"tipPosition":[140.237,248.288,48.6149],"tipVelocity":[148.197,483.095,218.56],"tool":false,"touchDistance":1,"touchZone":"none","type":3,"width":19.0398},{"bases":[[[0.632127,-0.517817,-0.576439],[0.725607,0.134569,0.674822],[-0.271864,-0.844841,0.460796]],[[0.638738,-0.496492,-0.5878],[0.737773,0.178348,0.651064],[-0.218415,-0.849522,0.480215]],[[0.638738,-0.496492,-0.5878],[0.761315,0.518442,0.389382],[0.111415,-0.696214,0.709135]],[[0.638738,-0.496492,-0.5878],[0.671074,0.733195,0.109928],[0.376394,-0.464673,0.801503]]],"btipPosition":[162.477,229.939,49.0053],"carpPosition":[147.97,135.349,115.545],"dipPosition":[168.36,222.677,61.5322],"direction":[-0.111415,0.696214,-0.709135],"extended":true,"handId":113,"id":1134,"length":45.8,"mcpPosition":[163.333,183.