{"frames":236,"data":[{"currentFrameRate":23.8283,"devices":[],"gestures":[],"hands":[],"id":85889,"interactionBox":{"center":[0,200,0],"size":[235.247,235.247,147.751]},"pointables":[],"r":[[-0.962136,-0.269906,0.0380192],[0.215739,-0.839331,-0.498979],[0.166588,-0.471883,0.86578]],"s":0.686793,"t":[505.899,-233.461,348.339],"timestamp":257441611629},{"currentFrameRate":24.011,"devices":[],"gestures":[],"hands":[],"id":85890,"interactionBox":{"center":[0,200,0],"size":[235.247,235.247,147.751]},"pointables":[],"r":[[-0.962136,-0.269906,0.0380192],[0.215739,-0.839331,-0.498979],[0.166588,-0.471883,0.86578]],"s":0.686793,"t":[505.899,-233.461,348.339],"timestamp":257441651903},{"currentFrameRate":24.1654,"devices":[],"gestures":[],"hands":[],"id":85891,"interactionBox":{"center":[0,200,0],"size":[235.247,235.247,147.751]},"pointables":[],"r":[[-0.962136,-0.269906,0.0380192],[0.215739,-0.839331,-0.498979],[0.166588,-0.471883,0.86578]],"s":0.686793,"t":[505.899,-233.461,348.339],"timestamp":257441692131},{"currentFrameRate":24.255,"devices":[],"gestures":[],"hands":[],"id":85892,"interactionBox":{"center":[0,200,0],"size":[235.247,235.247,147.751]},"pointables":[],"r":[[-0.962136,-0.269906,0.0380192],[0.215739,-0.839331,-0.498979],[0.166588,-0.471883,0.86578]],"s":0.686793,"t":[505.899,-233.461,348.339],"timestamp":257441732693},{"currentFrameRate":24.3875,"devices":[],"gestures":[],"hands":[],"id":85893,"interactionBox":{"center":[0,200,0],"size":[235.247,235.247,147.751]},"pointables":[],"r":[[-0.962136,-0.269906,0.0380192],[0.215739,-0.839331,-0.498979],[0.166588,-0.471883,0.86578]],"s":0.686793,"t":[505.899,-233.461,348.339],"timestamp":257441772716},{"currentFrameRate":24.4359,"devices":[],"gestures":[],"hands":[],"id":85894,"interactionBox":{"center":[0,200,0],"size":[235.247,235.247,147.751]},"pointables":[],"r":[[-0.962136,-0.269906,0.0380192],[0.215739,-0.839331,-0.498979],[0.166588,-0.471883,0.86578]],"s":0.686793,"t":[505.899,-233.461,348.339],"timestamp":257441813282},{"currentFrameRate":24.5131,"devices":[],"gestures":[],"hands":[],"id":85895,"interactionBox":{"center":[0,200,0],"size":[235.247,235.247,147.751]},"pointables":[],"r":[[-0.962136,-0.269906,0.0380192],[0.215739,-0.839331,-0.498979],[0.166588,-0.471883,0.86578]],"s":0.686793,"t":[505.899,-233.461,348.339],"timestamp":257441853508},{"currentFrameRate":24.5672,"devices":[],"gestures":[],"hands":[],"id":85896,"interactionBox":{"center":[0,200,0],"size":[235.247,235.247,147.751]},"pointables":[],"r":[[-0.962136,-0.269906,0.0380192],[0.215739,-0.839331,-0.498979],[0.166588,-0.471883,0.86578]],"s":0.686793,"t":[505.899,-233.461,348.339],"timestamp":257441893815},{"currentFrameRate":24.6343,"devices":[],"gestures":[],"hands":[],"id":85897,"interactionBox":{"center":[0,200,0],"size":[235.247,235.247,147.751]},"pointables":[],"r":[[-0.962136,-0.269906,0.0380192],[0.215739,-0.839331,-0.498979],[0.166588,-0.471883,0.86578]],"s":0.686793,"t":[505.899,-233.461,348.339],"timestamp":257441933917},{"currentFrameRate":24.6726,"devices":[],"gestures":[],"hands":[],"id":85898,"interactionBox":{"center":[0,200,0],"size":[235.247,235.247,147.751]},"pointables":[],"r":[[-0.962136,-0.269906,0.0380192],[0.215739,-0.839331,-0.498979],[0.166588,-0.471883,0.86578]],"s":0.686793,"t":[505.899,-233.461,348.339],"timestamp":257441974168},{"currentFrameRate":24.6726,"devices":[],"gestures":[],"hands":[],"id":85899,"interactionBox":{"center":[0,200,0],"size":[235.247,235.247,147.751]},"pointables":[],"r":[[-0.962136,-0.269906,0.0380192],[0.215739,-0.839331,-0.498979],[0.166588,-0.471883,0.86578]],"s":0.686793,"t":[505.899,-233.461,348.339],"timestamp":257442014698},{"currentFrameRate":24.7278,"devices":[],"gestures":[],"hands":[],"id":85900,"interactionBox":{"center":[0,200,0],"size":[235.247,235.247,147.751]},"pointables":[],"r":[[-0.962136,-0.269906,0.0380192],[0.215739,-0.839331,-0.498979],[0.166588,-0.471883,0.86578]],"s":0.686793,"t":[505.899,-233.461,348.339],"timestamp":257442054735},{"currentFrameRate":24.7497,"devices":[],"gestures":[],"hands":[],"id":85901,"interactionBox":{"center":[0,200,0],"size":[235.247,235.247,147.751]},"pointables":[],"r":[[-0.962136,-0.269906,0.0380192],[0.215739,-0.839331,-0.498979],[0.166588,-0.471883,0.86578]],"s":0.686793,"t":[505.899,-233.461,348.339],"timestamp":257442094980},{"currentFrameRate":24.761,"devices":[],"gestures":[],"hands":[],"id":85902,"interactionBox":{"center":[0,200,0],"size":[235.247,235.247,147.751]},"pointables":[],"r":[[-0.962136,-0.269906,0.0380192],[0.215739,-0.839331,-0.498979],[0.166588,-0.471883,0.86578]],"s":0.686793,"t":[505.899,-233.461,348.339],"timestamp":257442135284},{"currentFrameRate":24.748,"devices":[],"gestures":[],"hands":[],"id":85903,"interactionBox":{"center":[0,200,0],"size":[235.247,235.247,147.751]},"pointables":[],"r":[[-0.962136,-0.269906,0.0380192],[0.215739,-0.839331,-0.498979],[0.166588,-0.471883,0.86578]],"s":0.686793,"t":[505.899,-233.461,348.339],"timestamp":257442175786},{"currentFrameRate":24.7841,"devices":[],"gestures":[],"hands":[],"id":85904,"interactionBox":{"center":[0,200,0],"size":[235.247,235.247,147.751]},"pointables":[],"r":[[-0.962136,-0.269906,0.0380192],[0.215739,-0.839331,-0.498979],[0.166588,-0.471883,0.86578]],"s":0.686793,"t":[505.899,-233.461,348.339],"timestamp":257442215871},{"currentFrameRate":24.7965,"devices":[],"gestures":[],"hands":[],"id":85905,"interactionBox":{"center":[0,200,0],"size":[235.247,235.247,147.751]},"pointables":[],"r":[[-0.962136,-0.269906,0.0380192],[0.215739,-0.839331,-0.498979],[0.166588,-0.471883,0.86578]],"s":0.686793,"t":[505.899,-233.461,348.339],"timestamp":257442256109},{"currentFrameRate":24.7676,"devices":[],"gestures":[],"hands":[],"id":85906,"interactionBox":{"center":[0,200,0],"size":[235.247,235.247,147.751]},"pointables":[],"r":[[-0.962136,-0.269906,0.0380192],[0.215739,-0.839331,-0.498979],[0.166588,-0.471883,0.86578]],"s":0.686793,"t":[505.899,-233.461,348.339],"timestamp":257442296695},{"currentFrameRate":24.7957,"devices":[],"gestures":[],"hands":[],"id":85907,"interactionBox":{"center":[0,200,0],"size":[235.247,235.247,147.751]},"pointables":[],"r":[[-0.962136,-0.269906,0.0380192],[0.215739,-0.839331,-0.498979],[0.166588,-0.471883,0.86578]],"s":0.686793,"t":[505.899,-233.461,348.339],"timestamp":257442336820},{"currentFrameRate":24.7941,"devices":[],"gestures":[],"hands":[],"id":85908,"interactionBox":{"center":[0,200,0],"size":[235.247,235.247,147.751]},"pointables":[],"r":[[-0.962136,-0.269906,0.0380192],[0.215739,-0.839331,-0.498979],[0.166588,-0.471883,0.86578]],"s":0.686793,"t":[505.899,-233.461,348.339],"timestamp":257442377164},{"currentFrameRate":24.8254,"devices":[],"gestures":[],"hands":[],"id":85909,"interactionBox":{"center":[0,200,0],"size":[235.247,235.247,147.751]},"pointables":[],"r":[[-0.962136,-0.269906,0.0380192],[0.215739,-0.839331,-0.498979],[0.166588,-0.471883,0.86578]],"s":0.686793,"t":[505.899,-233.461,348.339],"timestamp":257442417217},{"currentFrameRate":24.8103,"devices":[],"gestures":[],"hands":[],"id":85910,"interactionBox":{"center":[0,200,0],"size":[235.247,235.247,147.751]},"pointables":[],"r":[[-0.962136,-0.269906,0.0380192],[0.215739,-0.839331,-0.498979],[0.166588,-0.471883,0.86578]],"s":0.686793,"t":[505.899,-233.461,348.339],"timestamp":257442457633},{"currentFrameRate":24.8318,"devices":[],"gestures":[],"hands":[],"id":85911,"interactionBox":{"center":[0,200,0],"size":[235.247,235.247,147.751]},"pointables":[],"r":[[-0.962136,-0.269906,0.0380192],[0.215739,-0.839331,-0.498979],[0.166588,-0.471883,0.86578]],"s":0.686793,"t":[505.899,-233.461,348.339],"timestamp":257442497748},{"currentFrameRate":24.8232,"devices":[],"gestures":[],"hands":[],"id":85912,"interactionBox":{"center":[0,200,0],"size":[235.247,235.247,147.751]},"pointables":[],"r":[[-0.962136,-0.269906,0.0380192],[0.215739,-0.839331,-0.498979],[0.166588,-0.471883,0.86578]],"s":0.686793,"t":[505.899,-233.461,348.339],"timestamp":257442538095},{"currentFrameRate":24.7895,"devices":[],"gestures":[],"hands":[],"id":85913,"interactionBox":{"center":[0,200,0],"size":[235.247,235.247,147.751]},"pointables":[],"r":[[-0.962136,-0.269906,0.0380192],[0.215739,-0.839331,-0.498979],[0.166588,-0.471883,0.86578]],"s":0.686793,"t":[505.899,-233.461,348.339],"timestamp":257442578680},{"currentFrameRate":24.8314,"devices":[],"gestures":[],"hands":[],"id":85914,"interactionBox":{"center":[0,200,0],"size":[235.247,235.247,147.751]},"pointables":[],"r":[[-0.962136,-0.269906,0.0380192],[0.215739,-0.839331,-0.498979],[0.166588,-0.471883,0.86578]],"s":0.686793,"t":[505.899,-233.461,348.339],"timestamp":257442618647},{"currentFrameRate":24.8369,"devices":[],"gestures":[],"hands":[],"id":85915,"interactionBox":{"center":[0,200,0],"size":[235.247,235.247,147.751]},"pointables":[],"r":[[-0.962136,-0.269906,0.0380192],[0.215739,-0.839331,-0.498979],[0.166588,-0.471883,0.86578]],"s":0.686793,"t":[505.899,-233.461,348.339],"timestamp":257442658869},{"currentFrameRate":24.7911,"devices":[],"gestures":[],"hands":[],"id":85916,"interactionBox":{"center":[0,200,0],"size":[235.247,235.247,147.751]},"pointables":[],"r":[[-0.962136,-0.269906,0.0380192],[0.215739,-0.839331,-0.498979],[0.166588,-0.471883,0.86578]],"s":0.686793,"t":[505.899,-233.461,348.339],"timestamp":257442699540},{"currentFrameRate":24.8379,"devices":[],"gestures":[],"hands":[],"id":85917,"interactionBox":{"center":[0,200,0],"size":[235.247,235.247,147.751]},"pointables":[],"r":[[-0.962136,-0.269906,0.0380192],[0.215739,-0.839331,-0.498979],[0.166588,-0.471883,0.86578]],"s":0.686793,"t":[505.899,-233.461,348.339],"timestamp":257442739460},{"currentFrameRate":24.8349,"devices":[],"gestures":[],"hands":[],"id":85918,"interactionBox":{"center":[0,200,0],"size":[235.247,235.247,147.751]},"pointables":[],"r":[[-0.962136,-0.269906,0.0380192],[0.215739,-0.839331,-0.498979],[0.166588,-0.471883,0.86578]],"s":0.686793,"t":[505.899,-233.461,348.339],"timestamp":257442779748},{"currentFrameRate":24.8296,"devices":[],"gestures":[],"hands":[],"id":85919,"interactionBox":{"center":[0,200,0],"size":[235.247,235.247,147.751]},"pointables":[],"r":[[-0.962136,-0.269906,0.0380192],[0.215739,-0.839331,-0.498979],[0.166588,-0.471883,0.86578]],"s":0.686793,"t":[505.899,-233.461,348.339],"timestamp":257442820061},{"currentFrameRate":24.8371,"devices":[],"gestures":[],"hands":[],"id":85920,"interactionBox":{"center":[0,200,0],"size":[235.247,235.247,147.751]},"pointables":[],"r":[[-0.962136,-0.269906,0.0380192],[0.215739,-0.839331,-0.498979],[0.166588,-0.471883,0.86578]],"s":0.686793,"t":[505.899,-233.461,348.339],"timestamp":257442860269},{"currentFrameRate":24.8196,"devices":[],"gestures":[],"hands":[],"id":85921,"interactionBox":{"center":[0,200,0],"size":[235.247,235.247,147.751]},"pointables":[],"r":[[-0.962136,-0.269906,0.0380192],[0.215739,-0.839331,-0.498979],[0.166588,-0.471883,0.86578]],"s":0.686793,"t":[505.899,-233.461,348.339],"timestamp":257442900687},{"currentFrameRate":24.8339,"devices":[],"gestures":[],"hands":[],"id":85922,"interactionBox":{"center":[0,200,0],"size":[235.247,235.247,147.751]},"pointables":[],"r":[[-0.962136,-0.269906,0.0380192],[0.215739,-0.839331,-0.498979],[0.166588,-0.471883,0.86578]],"s":0.686793,"t":[505.899,-233.461,348.339],"timestamp":257442940850},{"currentFrameRate":24.7964,"devices":[],"gestures":[],"hands":[],"id":85923,"interactionBox":{"center":[0,200,0],"size":[235.247,235.247,147.751]},"pointables":[],"r":[[-0.962136,-0.269906,0.0380192],[0.215739,-0.839331,-0.498979],[0.166588,-0.471883,0.86578]],"s":0.686793,"t":[505.899,-233.461,348.339],"timestamp":257442981452},{"currentFrameRate":24.8327,"devices":[],"gestures":[],"hands":[],"id":85924,"interactionBox":{"center":[0,200,0],"size":[235.247,235.247,147.751]},"pointables":[],"r":[[-0.962136,-0.269906,0.0380192],[0.215739,-0.839331,-0.498979],[0.166588,-0.471883,0.86578]],"s":0.686793,"t":[505.899,-233.461,348.339],"timestamp":257443021457},{"currentFrameRate":24.834,"devices":[],"gestures":[],"hands":[],"id":85925,"interactionBox":{"center":[0,200,0],"size":[235.247,235.247,147.751]},"pointables":[],"r":[[-0.962136,-0.269906,0.0380192],[0.215739,-0.839331,-0.498979],[0.166588,-0.471883,0.86578]],"s":0.686793,"t":[505.899,-233.461,348.339],"timestamp":257443061715},{"currentFrameRate":24.7908,"devices":[],"gestures":[],"hands":[],"id":85926,"interactionBox":{"center":[0,200,0],"size":[235.247,235.247,147.751]},"pointables":[],"r":[[-0.962136,-0.269906,0.0380192],[0.215739,-0.839331,-0.498979],[0.166588,-0.471883,0.86578]],"s":0.686793,"t":[505.899,-233.461,348.339],"timestamp":257443102367},{"currentFrameRate":24.8466,"devices":[],"gestures":[],"hands":[],"id":85927,"interactionBox":{"center":[0,200,0],"size":[235.247,235.247,147.751]},"pointables":[],"r":[[-0.962136,-0.269906,0.0380192],[0.215739,-0.839331,-0.498979],[0.166588,-0.471883,0.86578]],"s":0.686793,"t":[505.899,-233.461,348.339],"timestamp":257443142208},{"currentFrameRate":24.8357,"devices":[],"gestures":[],"hands":[],"id":85928,"interactionBox":{"center":[0,200,0],"size":[235.247,235.247,147.751]},"pointables":[],"r":[[-0.962136,-0.269906,0.0380192],[0.215739,-0.839331,-0.498979],[0.166588,-0.471883,0.86578]],"s":0.686793,"t":[505.899,-233.461,348.339],"timestamp":257443182552},{"currentFrameRate":24.8313,"devices":[],"gestures":[],"hands":[],"id":85929,"interactionBox":{"center":[0,200,0],"size":[235.247,235.247,147.751]},"pointables":[],"r":[[-0.962136,-0.269906,0.0380192],[0.215739,-0.839331,-0.498979],[0.166588,-0.471883,0.86578]],"s":0.686793,"t":[505.899,-233.461,348.339],"timestamp":257443222856},{"currentFrameRate":24.7922,"devices":[],"gestures":[],"hands":[],"id":85930,"interactionBox":{"center":[0,200,0],"size":[235.247,235.247,147.751]},"pointables":[],"r":[[-0.962136,-0.269906,0.0380192],[0.215739,-0.839331,-0.498979],[0.166588,-0.471883,0.86578]],"s":0.686793,"t":[505.899,-233.461,348.339],"timestamp":257443263475},{"currentFrameRate":24.8264,"devices":[],"gestures":[],"hands":[],"id":85931,"interactionBox":{"center":[0,200,0],"size":[235.247,235.247,147.751]},"pointables":[],"r":[[-0.962136,-0.269906,0.0380192],[0.215739,-0.839331,-0.498979],[0.166588,-0.471883,0.86578]],"s":0.686793,"t":[505.899,-233.461,348.339],"timestamp":257443303506},{"currentFrameRate":24.8419,"devices":[],"gestures":[],"hands":[],"id":85932,"interactionBox":{"center":[0,200,0],"size":[235.247,235.247,147.751]},"pointables":[],"r":[[-0.962136,-0.269906,0.0380192],[0.215739,-0.839331,-0.498979],[0.166588,-0.471883,0.86578]],"s":0.686793,"t":[505.899,-233.461,348.339],"timestamp":257443343648},{"currentFrameRate":24.8398,"devices":[],"gestures":[],"hands":[],"id":85933,"interactionBox":{"center":[0,200,0],"size":[235.247,235.247,147.751]},"pointables":[],"r":[[-0.962136,-0.269906,0.0380192],[0.215739,-0.839331,-0.498979],[0.166588,-0.471883,0.86578]],"s":0.686793,"t":[505.899,-233.461,348.339],"timestamp":257443383921},{"currentFrameRate":24.8367,"devices":[],"gestures":[],"hands":[],"id":85934,"interactionBox":{"center":[0,200,0],"size":[235.247,235.247,147.751]},"pointables":[],"r":[[-0.962136,-0.269906,0.0380192],[0.215739,-0.839331,-0.498979],[0.166588,-0.471883,0.86578]],"s":0.686793,"t":[505.899,-233.461,348.339],"timestamp":257443424207},{"currentFrameRate":24.8863,"devices":[],"gestures":[],"hands":[],"id":85935,"interactionBox":{"center":[0,200,0],"size":[235.247,235.247,147.751]},"pointables":[],"r":[[-0.962136,-0.269906,0.0380192],[0.215739,-0.839331,-0.498979],[0.166588,-0.471883,0.86578]],"s":0.686793,"t":[505.899,-233.461,348.339],"timestamp":257443464029},{"currentFrameRate":24.8724,"devices":[],"gestures":[],"hands":[],"id":85936,"interactionBox":{"center":[0,200,0],"size":[235.247,235.247,147.751]},"pointables":[],"r":[[-0.962136,-0.269906,0.0380192],[0.215739,-0.839331,-0.498979],[0.166588,-0.471883,0.86578]],"s":0.686793,"t":[505.899,-233.461,348.339],"timestamp":257443504335},{"currentFrameRate":24.8426,"devices":[],"gestures":[],"hands":[],"id":85937,"interactionBox":{"center":[0,200,0],"size":[235.247,235.247,147.751]},"pointables":[],"r":[[-0.962136,-0.269906,0.0380192],[0.215739,-0.839331,-0.498979],[0.166588,-0.471883,0.86578]],"s":0.686793,"t":[505.899,-233.461,348.339],"timestamp":257443544805},{"currentFrameRate":24.8033,"devices":[],"gestures":[],"hands":[{"armBasis":[[0.83313,-0.0306896,-0.552225],[0.133158,0.98022,0.146418],[0.536808,-0.195518,0.820737]],"armWidth":64.5234,"confidence":0,"direction":[-0.0521228,0.73798,-0.672807],"elbow":[281.851,71.1205,335.141],"grabAngle":3.14159,"grabStrength":1,"id":117,"palmNormal":[-0.210328,-0.666723,-0.715013],"palmPosition":[116.844,173.812,54.7071],"palmVelocity":[1.19209e-7,1.19209e-7,1.19209e-7],"palmWidth":92.1373,"pinchDistance":22.0569,"pinchStrength":0.511464,"r":[[1,2.77556e-18,-1.38778e-18],[-2.77556e-18,1,7.70372e-36],[1.38778e-18,-3.85186e-36,1]],"s":1,"sphereCenter":[116.002,156.131,13.1833],"sphereRadius":39.8697,"stabilizedPalmPosition":[116.844,173.812,54.7071],"t":[0,0,0],"timeVisible":0,"type":"right","wrist":[135.086,124.576,110.748]}],"id":85938,"interactionBox":{"center":[0,200,0],"size":[235.247,235.247,147.751]},"pointables":[{"bases":[[[0.570788,0.698392,0.431797],[-0.671269,0.0940531,0.735222],[0.472862,-0.709508,0.522494]],[[0.354936,0.911584,0.207448],[-0.734578,0.134678,0.665025],[0.578287,-0.388428,0.717431]],[[0.354936,0.911584,0.207448],[-0.89822,0.270975,0.346082],[0.25927,-0.309171,0.914982]],[[0.354936,0.911584,0.207448],[-0.93233,0.361552,0.00642586],[-0.0691456,-0.195691,0.978225]]],"btipPosition":[61.3048,163.677,2.11714],"carpPosition":[97.8482,128.731,93.154],"dipPosition":[59.6661,159.039,25.2998],"direction":[-0.25927,0.309171,-0.914982],"extended":false,"handId":117,"id":1170,"length":52.7735,"mcpPosition":[97.8482,128.731,93.154],"pipPosition":[68.6175,148.365,56.89],"stabilizedTipPosition":[60.9279,162.61,7.44915],"timeVisible":0,"tipPosition":[60.9279,162.61,7.44915],"tipVelocity":[1.19209e-7,1.19209e-7,1.19209e-7],"tool":false,"touchDistance":1,"touchZone":"none","type":0,"width":20.5053},{"bases":[[[0.95363,0.0211467,-0.300238],[0.176064,0.769861,0.613446],[0.244114,-0.637861,0.730439]],[[0.953391,0.0217688,-0.30095],[-0.201777,0.787572,-0.582251],[0.224345,0.615838,0.755257]],[[0.953391,0.0217688,-0.30095],[-0.236788,-0.564217,-0.790943],[-0.187019,0.825339,-0.532765]],[[0.953391,0.0217688,-0.30095],[-0.0743673,-0.949674,-0.304284],[-0.292428,0.312483,-0.903792]]],"btipPosition":[91.1118,144.198,39.8731],"carpPosition":[109.421,149.077,98.4695],"dipPosition":[86.0525,149.604,24.2366],"direction":[0.187019,-0.825339,0.532765],"extended":false,"handId":117,"id":1171,"length":59.549,"mcpPosition":[91.2351,196.596,44.0539],"pipPosition":[81.4752,169.804,11.1971],"stabilizedTipPosition":[89.9482,145.441,36.2767],"timeVisible":0,"tipPosition":[89.9482,145.441,36.2767],"tipVelocity":[1.19209e-7,1.19209e-7,1.19209e-7],"tool":false,"touchDistance":0.333333,"touchZone":"none","type":1,"width":19.5867},{"bases":[[[0.933762,-0.19678,-0.298941],[0.340068,0.748162,0.569743],[0.111543,-0.633665,0.765524]],[[0.925393,-0.158428,-0.344307],[-0.0892913,0.79174,-0.604296],[0.36834,0.589956,0.718525]],[[0.925393,-0.158428,-0.344307],[-0.370515,-0.569392,-0.733833],[-0.0797859,0.806656,-0.585612]],[[0.925393,-0.158428,-0.344307],[-0.234555,-0.95297,-0.191916],[-0.29771,0.258357,-0.919032]]],"btipPosition":[103.446,138.874,40.5865],"carpPosition":[121.341,151.045,95.388],"dipPosition":[97.7804,143.79,23.0983],"direction":[0.0797859,-0.806656,0.585612],"extended":false,"handId":117,"id":1172,"length":67.8513,"mcpPosition":[113.461,195.812,41.3055],"pipPosition":[95.483,167.018,6.23566],"stabilizedTipPosition":[102.143,140.004,36.5642],"timeVisible":0,"tipPosition":[102.143,140.004,36.5642],"tipVelocity":[1.19209e-7,1.19209e-7,1.19209e-7],"tool":false,"touchDistance":0.333333,"touchZone":"none","type":2,"width":19.2367},{"bases":[[[0.911689,-0.34372,-0.225123],[0.409295,0.71161,0.571042],[-0.0360786,-0.612755,0.789449]],[[0.912212,-0.306358,-0.272057],[0.0813218,0.786178,-0.612627],[0.401568,0.536721,0.742074]],[[0.912212,-0.306358,-0.272057],[-0.399676,-0.519243,-0.755411],[0.0901626,0.797829,-0.596104]],[[0.912212,-0.306358,-0.272057],[-0.360657,-0.915481,-0.178386],[-0.194413,0.260845,-0.945602]]],"btipPosition":[118.387,137.087,42.5346],"carpPosition":[133.118,149.818,91.5709],"dipPosition":[114.709,142.022,24.6442],"direction":[-0.0901626,-0.797829,0.596104],"extended":false,"handId":117,"id":1173,"length":65.2408,"mcpPosition":[135.406,188.685,41.4963],"pipPosition":[117.238,164.402,7.9227],"stabilizedTipPosition":[117.541,138.222,38.4198],"timeVisible":0,"tipPosition":[117.541,138.222,38.4198],"tipVelocity":[1.19209e-7,1.19209e-7,1.19209e-7],"tool":false,"touchDistance":0.333333,"touchZone":"none","type":3,"width":18.305},{"bases":[[[0.821142,-0.525151,-0.223478],[0.541307,0.592536,0.596563],[-0.180868,-0.610833,0.770824]],[[0.836675,-0.449987,-0.312229],[0.232239,0.807765,-0.541832],[0.496025,0.380825,0.780341]],[[0.836675,-0.449987,-0.312229],[-0.480481,-0.329411,-0.812789],[0.262893,0.83006,-0.49182]],[[0.836675,-0.449987,-0.312229],[-0.532056,-0.803049,-0.268382],[-0.129966,0.390672,-0.911309]]],"btipPosition":[133.318,140.741,37.914],"carpPosition":[143.397,141.769,85.4672],"dipPosition":[131.05,147.56,22.0079],"direction":[-0.262893,-0.83006,0.49182],"extended":false,"handId":117,"id":1174,"length":51.1476,"mcpPosition":[154.017,177.635,40.2073],"pipPosition":[136.256,163.999,12.2672],"stabilizedTipPosition":[132.796,142.309,34.2556],"timeVisible":0,"tipPosition":[132.796,142.309,34.2556],"tipVelocity":[1.19209e-7,1.19209e-7,1.19209e-7],"tool":false,"touchDistance":0.333333,"touchZone":"none","type":4,"width":16.2599}],"r":[[1,2.77556e-18,-1.38778e-18],[-2.77556e-18,1,7.70372e-36],[1.38778e-18,-3.85186e-36,1]],"s":1,"t":[0,0,0],"timestamp":257443585408},{"currentFrameRate":24.8105,"devices":[],"gestures":[],"hands":[{"armBasis":[[0.844604,0.0614699,-0.531851],[0.118522,0.947273,0.297702],[0.522108,-0.314477,0.792785]],"armWidth":65.2495,"confidence":0.208932,"direction":[-0.0463376,0.754285,-0.65491],"elbow":[278.268,41.4401,326.678],"grabAngle":3.14159,"grabStrength":1,"id":117,"palmNormal":[-0.165947,-0.652317,-0.739557],"palmPosition":[118.07,178.773,55.3009],"palmVelocity":[30.4645,123.241,14.7515],"palmWidth":92.1373,"pinchDistance":19.5096,"pinchStrength":0.574541,"r":[[0.999958,0.00504918,0.00759709],[-0.00508873,0.999974,0.00519529],[-0.00757065,-0.00523373,0.999958]],"s":0.995183,"sphereCenter":[117.778,162.091,13.3708],"sphereRadius":39.4439,"stabilizedPalmPosition":[117.012,174.494,54.7887],"t":[0.613145,2.48042,0.296897],"timeVisible":0.040253,"type":"right","wrist":[135.522,127.419,109.927]}],"id":85939,"interactionBox":{"center":[0,200,0],"size":[235.247,235.247,147.751]},"pointables":[{"bases":[[[0.535765,0.700693,0.471153],[-0.700461,0.0572403,0.711392],[0.471498,-0.711163,0.521475]],[[0.338057,0.904474,0.260087],[-0.742581,0.086571,0.664138],[0.578179,-0.417652,0.70091]],[[0.338057,0.904474,0.260087],[-0.918383,0.256653,0.301169],[0.205647,-0.340671,0.917416]],[[0.338057,0.904474,0.260087],[-0.920704,0.3751,-0.107723],[-0.194991,-0.203046,0.959558]]],"btipPosition":[67.122,170.004,1.60278],"carpPosition":[98.8431,132.207,91.815],"dipPosition":[62.4697,165.16,24.4972],"direction":[-0.205647,0.340671,-0.917416],"extended":false,"handId":117,"id":1170,"length":53.1312,"mcpPosition":[98.8431,132.207,91.815],"pipPosition":[69.6179,153.318,56.3861],"stabilizedTipPosition":[62.5185,164.56,7.26889],"timeVisible":0.040253,"tipPosition":[64.546,167.665,5.86345],"tipVelocity":[127.298,156.018,-14.4252],"tool":false,"touchDistance":1,"touchZone":"none","type":0,"width":20.8374},{"bases":[[[0.963281,0.0532911,-0.263153],[0.132801,0.757256,0.639474],[0.233352,-0.650941,0.722373]],[[0.961041,0.0594182,-0.269943],[-0.203146,0.814096,-0.54404],[0.187434,0.577682,0.794451]],[[0.961041,0.0594182,-0.269943],[-0.200861,-0.520774,-0.829729],[-0.18988,0.851625,-0.48855]],[[0.961041,0.0594182,-0.269943],[-0.0232431,-0.95579,-0.293132],[-0.275426,0.287986,-0.917172]]],"btipPosition":[93.5545,149.879,37.4958],"carpPosition":[109.672,152.688,98.0928],"dipPosition":[88.757,154.895,21.5203],"direction":[0.18988,-0.851624,0.48855],"extended":false,"handId":117,"id":1171,"length":59.9526,"mcpPosition":[92.2876,201.182,44.278],"pipPosition":[84.0782,175.88,9.4819],"stabilizedTipPosition":[90.3442,146.326,35.8882],"timeVisible":0.040253,"tipPosition":[92.6165,150.315,35.0053],"tipVelocity":[62.1786,138.902,-60.9964],"tool":false,"touchDistance":0.333333,"touchZone":"none","type":1,"width":19.9039},{"bases":[[[0.949104,-0.165023,-0.268271],[0.298834,0.740889,0.601484],[0.0995005,-0.651039,0.752495]],[[0.941429,-0.125687,-0.312911],[-0.0809674,0.816541,-0.571581],[0.327345,0.563438,0.75854]],[[0.941429,-0.125687,-0.312911],[-0.330347,-0.530014,-0.780997],[-0.067686,0.838623,-0.540491]],[[0.941429,-0.125687,-0.312911],[-0.202272,-0.952945,-0.22579],[-0.269808,0.275859,-0.922554]]],"btipPosition":[105.659,143.75,38.4256],"carpPosition":[121.643,155.039,95.5183],"dipPosition":[100.49,149.035,20.7514],"direction":[0.067686,-0.838623,0.540491],"extended":false,"handId":117,"id":1172,"length":68.3112,"mcpPosition":[114.613,201.034,42.3563],"pipPosition":[98.528,173.347,5.08252],"stabilizedTipPosition":[102.444,140.647,36.2789],"timeVisible":0.040253,"tipPosition":[104.904,145.093,35.6138],"tipVelocity":[57.8281,123.254,-54.746],"tool":false,"touchDistance":0.333333,"touchZone":"none","type":2,"width":19.5482},{"bases":[[[0.928155,-0.314409,-0.199185],[0.368899,0.706074,0.604461],[-0.0494082,-0.634513,0.771331]],[[0.929448,-0.275795,-0.245079],[0.0850243,0.806484,-0.585111],[0.359023,0.522993,0.773034]],[[0.929448,-0.275795,-0.245079],[-0.356041,-0.49626,-0.791808],[0.0967537,0.823203,-0.559443]],[[0.929448,-0.275795,-0.245079],[-0.330346,-0.917889,-0.219888],[-0.164312,0.285335,-0.944238]]],"btipPosition":[120.759,141.954,41.769],"carpPosition":[133.582,154.213,92.1207],"dipPosition":[117.63,147.389,23.7834],"direction":[-0.0967537,-0.823203,0.559443],"extended":false,"handId":117,"id":1173,"length":65.683,"mcpPosition":[136.716,194.46,43.1953],"pipPosition":[120.362,170.638,7.98393],"stabilizedTipPosition":[117.938,139.014,38.2946],"timeVisible":0.040253,"tipPosition":[120.295,143.641,38.1095],"tipVelocity":[62.0741,123.783,-19.5624],"tool":false,"touchDistance":0.333333,"touchZone":"none","type":3,"width":18.6014},{"bases":[[[0.842402,-0.498047,-0.205692],[0.502946,0.589726,0.631877],[-0.193402,-0.635746,0.747277]],[[0.861447,-0.401555,-0.310906],[0.20294,0.83339,-0.514078],[0.465536,0.379756,0.799413]],[[0.861447,-0.401555,-0.310906],[-0.449661,-0.318566,-0.834458],[0.236037,0.858644,-0.454991]],[[0.861447,-0.401555,-0.310906],[-0.490139,-0.81765,-0.302012],[-0.132938,0.412555,-0.90118]]],"btipPosition":[136.493,145.862,38.4188],"carpPosition":[144.289,146.593,86.2049],"dipPosition":[134.157,153.112,22.5829],"direction":[-0.236037,-0.858644,0.454991],"extended":false,"handId":117,"id":1174,"length":51.4943,"mcpPosition":[155.645,183.922,42.3275],"pipPosition":[138.863,170.233,13.5105],"stabilizedTipPosition":[133.396,143.3,34.3544],"timeVisible":0.040253,"tipPosition":[135.614,148.208,34.665],"tipVelocity":[78.4794,129.685,12.9421],"tool":false,"touchDistance":0.333333,"touchZone":"none","type":4,"width":16.5232}],"r":[[0.999958,0.00504918,0.00759709],[-0.00508873,0.999974,0.00519529],[-0.00757065,-0.00523373,0.999958]],"s":0.995183,"t":[0.613145,2.48042,0.296897],"timestamp":257443625661},{"currentFrameRate":24.8153,"devices":[],"gestures":[],"hands":[{"armBasis":[[0.863762,0.113879,-0.490864],[0.112247,0.906169,0.407747],[0.491239,-0.407294,0.769932]],"armWidth":65.2495,"confidence":0.40043,"direction":[-0.0474806,0.729173,-0.68268],"elbow":[269.799,22.5074,319.64],"grabAngle":3.14159,"grabStrength":1,"id":117,"palmNormal":[-0.140523,-0.68153,-0.718171],"palmPosition":[118.516,184.168,53.1708],"palmVelocity":[11.064,134.007,-52.9052],"palmWidth":92.1373,"pinchDistance":20.3823,"pinchStrength":0.617754,"r":[[0.999769,0.0127917,0.0172591],[-0.0128284,0.999916,0.00201541],[-0.0172318,-0.00223635,0.999849]],"s":0.99368,"sphereCenter":[118.033,166.12,11.8351],"sphereRadius":39.2625,"stabilizedPalmPosition":[117.412,177.067,54.3584],"t":[1.14245,6.41838,-0.619715],"timeVisible":0.080516,"type":"right","wrist":[135.492,133.863,109.137]}],"id":85940,"interactionBox":{"center":[0,200,0],"size":[235.247,235.247,147.751]},"pointables":[{"bases":[[[0.514368,0.726983,0.454885],[-0.714518,0.0699822,0.696108],[0.474225,-0.68308,0.555439]],[[0.320107,0.917428,0.236341],[-0.743847,0.0888966,0.662411],[0.586705,-0.387844,0.710883]],[[0.320107,0.917428,0.236341],[-0.926179,0.250566,0.281797],[0.199309,-0.309099,0.929911]],[[0.320107,0.917428,0.236341],[-0.924252,0.357206,-0.134766],[-0.20806,-0.175299,0.962279]]],"btipPosition":[67.8197,173.136,-0.210702],"carpPosition":[99.4395,138.605,91.0048],"dipPosition":[62.8555,168.954,22.7486],"direction":[-0.199309,0.309099,-0.929911],"extended":false,"handId":117,"id":1170,"length":53.1312,"mcpPosition":[99.4395,138.605,91.0048],"pipPosition":[69.7834,158.21,55.0718],"stabilizedTipPosition":[63.721,166.761,6.63319],"timeVisible":0.080516,"tipPosition":[66.1768,170.465,3.37766],"tipVelocity":[15.5456,81.5656,-44.67],"tool":false,"touchDistance":1,"touchZone":"none","type":0,"width":20.8374},{"bases":[[[0.966927,0.0614745,-0.247534],[0.107394,0.78216,0.613752],[0.231341,-0.620037,0.74969]],[[0.971943,0.0473435,-0.230403],[-0.170126,0.817925,-0.549596],[0.162433,0.573374,0.803031]],[[0.971943,0.0473435,-0.230403],[-0.169118,-0.540145,-0.824404],[-0.163481,0.840239,-0.516983]],[[0.971943,0.0473435,-0.230403],[-0.0165997,-0.963287,-0.267962],[-0.234631,0.264268,-0.935474]]],"btipPosition":[93.5506,155.266,34.7379],"carpPosition":[109.784,159.495,96.7263],"dipPosition":[89.4638,159.869,18.4436],"direction":[0.163481,-0.840239,0.516983],"extended":false,"handId":117,"id":1171,"length":59.9526,"mcpPosition":[92.5498,205.686,40.8765],"pipPosition":[85.4354,180.573,5.70459],"stabilizedTipPosition":[90.8914,148.74,34.7057],"timeVisible":0.080516,"tipPosition":[93.7837,154.76,33.156],"tipVelocity":[3.96392,131.44,-70.3183],"tool":false,"touchDistance":0.333333,"touchZone":"none","type":1,"width":19.9039},{"bases":[[[0.956722,-0.157106,-0.244951],[0.274371,0.76749,0.579378],[0.0969738,-0.621511,0.77738]],[[0.949185,-0.119555,-0.291125],[-0.0769101,0.808872,-0.582934],[0.305175,0.575702,0.758574]],[[0.949185,-0.119555,-0.291125],[-0.306363,-0.562735,-0.76777],[-0.0720355,0.817946,-0.570767]],[[0.949185,-0.119555,-0.291125],[-0.180112,-0.964929,-0.190974],[-0.258083,0.233705,-0.93743]]],"btipPosition":[106.943,149.401,36.594],"carpPosition":[121.758,161.972,94.2839],"dipPosition":[101.999,153.878,18.6348],"direction":[0.0720355,-0.817946,0.570767],"extended":false,"handId":117,"id":1172,"length":68.3112,"mcpPosition":[114.907,205.88,39.3638],"pipPosition":[99.9107,177.591,2.08825],"stabilizedTipPosition":[103.367,143.332,35.2316],"timeVisible":0.080516,"tipPosition":[106.276,149.635,34.3227],"tipVelocity":[33.1779,135.732,-47.1184],"tool":false,"touchDistance":0.333333,"touchZone":"none","type":2,"width":19.5482},{"bases":[[[0.937141,-0.304261,-0.170858],[0.344975,0.734101,0.584883],[-0.0525301,-0.607059,0.792919]],[[0.938604,-0.267312,-0.218097],[0.0890759,0.798512,-0.595352],[0.333297,0.539373,0.773298]],[[0.938604,-0.267312,-0.218097],[-0.332521,-0.532507,-0.778374],[0.0919304,0.803107,-0.5887]],[[0.938604,-0.267312,-0.218097],[-0.308674,-0.933036,-0.184833],[-0.154084,0.240806,-0.958264]]],"btipPosition":[122.26,147.913,40.4946],"carpPosition":[133.77,161.243,91.1341],"dipPosition":[119.325,152.499,22.2417],"direction":[-0.0919304,-0.803107,0.5887],"extended":false,"handId":117,"id":1173,"length":65.683,"mcpPosition":[137.102,199.749,40.8394],"pipPosition":[121.921,175.18,5.61602],"stabilizedTipPosition":[119.192,142.438,37.6073],"timeVisible":0.080516,"tipPosition":[121.677,148.52,37.2421],"tipVelocity":[38.371,143.14,-33.1796],"tool":false,"touchDistance":0.333333,"touchZone":"none","type":3,"width":18.6014},{"bases":[[[0.854794,-0.489561,-0.172213],[0.48053,0.621305,0.618927],[-0.196006,-0.611809,0.766337]],[[0.873722,-0.399937,-0.276876],[0.211563,0.824992,-0.524051],[0.438008,0.399298,0.805426]],[[0.873722,-0.399937,-0.276876],[-0.427111,-0.358378,-0.830145],[0.23278,0.843573,-0.48394]],[[0.873722,-0.399937,-0.276876],[-0.470706,-0.83869,-0.273926],[-0.12266,0.369662,-0.921034]]],"btipPosition":[137.953,151.826,37.4977],"carpPosition":[144.72,153.613,85.6935],"dipPosition":[135.798,158.322,21.3129],"direction":[-0.23278,-0.843573,0.48394],"extended":false,"handId":117,"id":1174,"length":51.4943,"mcpPosition":[156.228,189.536,40.697],"pipPosition":[140.439,175.143,11.6633],"stabilizedTipPosition":[134.935,147.098,34.1349],"timeVisible":0.080516,"tipPosition":[137.008,153.213,33.9697],"tipVelocity":[37.304,143.825,-24.8708],"tool":false,"touchDistance":0.333333,"touchZone":"none","type":4,"width":16.5232}],"r":[[0.999769,0.0127917,0.0172591],[-0.0128284,0.999916,0.00201541],[-0.0172318,-0.00223635,0.999849]],"s":0.99368,"t":[1.14245,6.41838,-0.619715],"timestamp":257443665924},{"currentFrameRate":27.1318,"devices":[],"gestures":[],"hands":[{"armBasis":[[0.874424,0.139491,-0.464677],[0.103058,0.882514,0.458856],[0.47409,-0.449123,0.757316]],"armWidth":65.2495,"confidence":0.487721,"direction":[-0.0548327,0.717887,-0.693997],"elbow":[264.934,14.5125,314.921],"grabAngle":3.14159,"grabStrength":1,"id":117,"palmNormal":[-0.126222,-0.69445,-0.708384],"palmPosition":[118.145,187.083,51.4171],"palmVelocity":[-17.9424,140.989,-84.8276],"palmWidth":92.1373,"pinchDistance":21.4466,"pinchStrength":0.61203,"r":[[0.999418,0.0221164,0.0259733],[-0.0220286,0.999751,-0.0036616],[-0.0260478,0.00308731,0.999656]],"s":0.993805,"sphereCenter":[118.006,168.375,10.2125],"sphereRadius":39.3789,"stabilizedPalmPosition":[117.535,178.74,53.8672],"t":[1.22164,9.8447,-1.95484],"timeVisible":0.101189,"type":"right","wrist":[135.316,137.305,107.868]}],"id":85941,"interactionBox":{"center":[0,200,0],"size":[235.247,235.247,147.751]},"pointables":[{"bases":[[[0.500765,0.741599,0.446391],[-0.719289,0.0696394,0.691211],[0.481515,-0.667219,0.568297]],[[0.302819,0.926895,0.221735],[-0.748075,0.0870161,0.657885],[0.590496,-0.365094,0.719737]],[[0.302819,0.926895,0.221735],[-0.928753,0.234804,0.286853],[0.213818,-0.292802,0.93196]],[[0.302819,0.926895,0.221735],[-0.935776,0.333265,-0.115143],[-0.180622,-0.172627,0.968285]]],"btipPosition":[66.5867,174.566,-2.03389],"carpPosition":[99.5572,141.815,89.8437],"dipPosition":[62.2772,170.447,21.0687],"direction":[-0.213818,0.292802,-0.93196],"extended":false,"handId":117,"id":1170,"length":53.1312,"mcpPosition":[99.5572,141.815,89.8437],"pipPosition":[69.7094,160.269,53.4632],"stabilizedTipPosition":[63.9534,167.611,6.21738],"timeVisible":0.101189,"tipPosition":[66.2417,171.957,1.69238],"tipVelocity":[-52.3564,69.8499,-86.5976],"tool":false,"touchDistance":1,"touchZone":"none","type":0,"width":20.8374},{"bases":[[[0.967218,0.0724719,-0.243388],[0.0921372,0.792961,0.602265],[0.236645,-0.604947,0.760289]],[[0.972709,0.0576753,-0.224746],[-0.176067,0.814335,-0.553045],[0.151122,0.577522,0.802266]],[[0.972709,0.0576753,-0.224746],[-0.157409,-0.547601,-0.8218],[-0.170469,0.834749,-0.523578]],[[0.972709,0.0576753,-0.224746],[-0.00394339,-0.964365,-0.264546],[-0.231995,0.258213,-0.937819]]],"btipPosition":[93.5448,157.65,32.7578],"carpPosition":[109.552,162.945,95.2988],"dipPosition":[89.5038,162.148,16.4226],"direction":[0.170469,-0.834749,0.523578],"extended":false,"handId":117,"id":1171,"length":59.9526,"mcpPosition":[91.9222,208.012,38.6595],"pipPosition":[85.3033,182.717,3.52108],"stabilizedTipPosition":[91.1014,149.951,34.0108],"timeVisible":0.101189,"tipPosition":[93.9211,157.063,31.6228],"tipVelocity":[0.227144,114.181,-96.2391],"tool":false,"touchDistance":0.333333,"touchZone":"none","type":1,"width":19.9039},{"bases":[[[0.960323,-0.146174,-0.237514],[0.259503,0.780324,0.568993],[0.102166,-0.608053,0.787295]],[[0.952469,-0.10945,-0.284296],[-0.0839256,0.802841,-0.590256],[0.292848,0.58606,0.755495]],[[0.952469,-0.10945,-0.284296],[-0.29382,-0.576524,-0.762423],[-0.0804563,0.809716,-0.58128]],[[0.952469,-0.10945,-0.284296],[-0.164495,-0.970264,-0.177565],[-0.256408,0.215891,-0.94215]]],"btipPosition":[107.136,152.116,35.0376],"carpPosition":[121.499,165.567,92.8814],"dipPosition":[102.224,156.252,16.988],"direction":[0.0804563,-0.809716,0.58128],"extended":false,"handId":117,"id":1172,"length":68.3112,"mcpPosition":[114.282,208.524,37.2608],"pipPosition":[99.8913,179.726,0.13661],"stabilizedTipPosition":[103.796,144.914,34.5256],"timeVisible":0.101189,"tipPosition":[106.522,152.107,32.9852],"tipVelocity":[9.67428,127.544,-76.2945],"tool":false,"touchDistance":0.333333,"touchZone":"none","type":2,"width":19.5482},{"bases":[[[0.942577,-0.292467,-0.161281],[0.330576,0.748105,0.575377],[-0.0476234,-0.595653,0.801829]],[[0.943737,-0.256223,-0.209072],[0.0816078,0.793103,-0.603595],[0.32047,0.552573,0.76939]],[[0.943737,-0.256223,-0.209072],[-0.31994,-0.547476,-0.773245],[0.0836611,0.79663,-0.598649]],[[0.943737,-0.256223,-0.209072],[-0.293552,-0.940186,-0.172853],[-0.152277,0.224501,-0.962502]]],"btipPosition":[122.5,150.812,39.141],"carpPosition":[133.539,164.974,89.806],"dipPosition":[119.6,155.089,20.8074],"direction":[-0.0836611,-0.79663,0.598649],"extended":false,"handId":117,"id":1173,"length":65.683,"mcpPosition":[136.56,202.756,38.9461],"pipPosition":[121.962,177.587,3.90072],"stabilizedTipPosition":[119.76,144.449,37.0305],"timeVisible":0.101189,"tipPosition":[121.933,151.256,36.0369],"tipVelocity":[12.0167,136.809,-66.3745],"tool":false,"touchDistance":0.333333,"touchZone":"none","type":3,"width":18.6014},{"bases":[[[0.863066,-0.479003,-0.160231],[0.467642,0.637925,0.611852],[-0.190863,-0.602999,0.774573]],[[0.879641,-0.403878,-0.251226],[0.220883,0.814646,-0.536249],[0.421239,0.416215,0.805805]],[[0.879641,-0.403878,-0.251226],[-0.409478,-0.374308,-0.831998],[0.24199,0.834732,-0.494635]],[[0.879641,-0.403878,-0.251226],[-0.463865,-0.845231,-0.265356],[-0.105173,0.349953,-0.930845]]],"btipPosition":[137.677,155.039,36.2326],"carpPosition":[144.632,157.431,84.5401],"dipPosition":[135.829,161.189,19.8754],"direction":[-0.24199,-0.834732,0.494635],"extended":false,"handId":117,"id":1174,"length":51.4943,"mcpPosition":[155.839,192.837,39.06],"pipPosition":[140.654,177.833,10.0126],"stabilizedTipPosition":[135.519,149.455,33.7155],"timeVisible":0.101189,"tipPosition":[137.211,156.135,32.779],"tipVelocity":[-9.92372,151.558,-63.1118],"tool":false,"touchDistance":0.333333,"touchZone":"none","type":4,"width":16.5232}],"r":[[0.999418,0.0221164,0.0259733],[-0.0220286,0.999751,-0.0036616],[-0.0260478,0.00308731,0.999656]],"s":0.993805,"t":[1.22164,9.8447,-1.95484],"timestamp":257443686597},{"currentFrameRate":29.2122,"devices":[],"gestures":[],"hands":[{"armBasis":[[0.881215,0.140814,-0.451255],[0.109559,0.867772,0.484736],[0.459844,-0.476596,0.749266]],"armWidth":65.2495,"confidence":0.566445,"direction":[-0.0628724,0.704065,-0.707347],"elbow":[260.626,10.9069,311.402],"grabAngle":3.14159,"grabStrength":1,"id":117,"palmNormal":[-0.130512,-0.708463,-0.693575],"palmPosition":[117.383,190.253,49.5226],"palmVelocity":[-36.7571,152.917,-91.39],"palmWidth":92.1373,"pinchDistance":22.2243,"pinchStrength":0.596194,"r":[[0.999061,0.0302267,0.0310544],[-0.0298625,0.99948,-0.0121251],[-0.0314048,0.0111863,0.999444]],"s":0.995566,"sphereCenter":[117.345,170.62,8.4696],"sphereRadius":39.6368,"stabilizedPalmPosition":[117.505,180.976,53.0232],"t":[0.880253,13.1428,-3.56966],"timeVisible":0.121919,"type":"right","wrist":[134.902,141.21,106.549]}],"id":85942,"interactionBox":{"ce