{"frames":242,"data":[{"currentFrameRate":24.1659,"devices":[],"gestures":[],"hands":[],"id":86794,"interactionBox":{"center":[0,200,0],"size":[235.247,235.247,147.751]},"pointables":[],"r":[[-0.962136,-0.269906,0.0380192],[0.215739,-0.839331,-0.498979],[0.166588,-0.471883,0.86578]],"s":0.686793,"t":[505.899,-233.461,348.339],"timestamp":257470579048},{"currentFrameRate":24.278,"devices":[],"gestures":[],"hands":[],"id":86795,"interactionBox":{"center":[0,200,0],"size":[235.247,235.247,147.751]},"pointables":[],"r":[[-0.962136,-0.269906,0.0380192],[0.215739,-0.839331,-0.498979],[0.166588,-0.471883,0.86578]],"s":0.686793,"t":[505.899,-233.461,348.339],"timestamp":257470619404},{"currentFrameRate":24.384,"devices":[],"gestures":[],"hands":[],"id":86796,"interactionBox":{"center":[0,200,0],"size":[235.247,235.247,147.751]},"pointables":[],"r":[[-0.962136,-0.269906,0.0380192],[0.215739,-0.839331,-0.498979],[0.166588,-0.471883,0.86578]],"s":0.686793,"t":[505.899,-233.461,348.339],"timestamp":257470659630},{"currentFrameRate":24.4567,"devices":[],"gestures":[],"hands":[],"id":86797,"interactionBox":{"center":[0,200,0],"size":[235.247,235.247,147.751]},"pointables":[],"r":[[-0.962136,-0.269906,0.0380192],[0.215739,-0.839331,-0.498979],[0.166588,-0.471883,0.86578]],"s":0.686793,"t":[505.899,-233.461,348.339],"timestamp":257470699982},{"currentFrameRate":24.5206,"devices":[],"gestures":[],"hands":[],"id":86798,"interactionBox":{"center":[0,200,0],"size":[235.247,235.247,147.751]},"pointables":[],"r":[[-0.962136,-0.269906,0.0380192],[0.215739,-0.839331,-0.498979],[0.166588,-0.471883,0.86578]],"s":0.686793,"t":[505.899,-233.461,348.339],"timestamp":257470740293},{"currentFrameRate":24.5928,"devices":[],"gestures":[],"hands":[],"id":86799,"interactionBox":{"center":[0,200,0],"size":[235.247,235.247,147.751]},"pointables":[],"r":[[-0.962136,-0.269906,0.0380192],[0.215739,-0.839331,-0.498979],[0.166588,-0.471883,0.86578]],"s":0.686793,"t":[505.899,-233.461,348.339],"timestamp":257470780425},{"currentFrameRate":24.6282,"devices":[],"gestures":[],"hands":[],"id":86800,"interactionBox":{"center":[0,200,0],"size":[235.247,235.247,147.751]},"pointables":[],"r":[[-0.962136,-0.269906,0.0380192],[0.215739,-0.839331,-0.498979],[0.166588,-0.471883,0.86578]],"s":0.686793,"t":[505.899,-233.461,348.339],"timestamp":257470820770},{"currentFrameRate":24.6741,"devices":[],"gestures":[],"hands":[],"id":86801,"interactionBox":{"center":[0,200,0],"size":[235.247,235.247,147.751]},"pointables":[],"r":[[-0.962136,-0.269906,0.0380192],[0.215739,-0.839331,-0.498979],[0.166588,-0.471883,0.86578]],"s":0.686793,"t":[505.899,-233.461,348.339],"timestamp":257470860962},{"currentFrameRate":24.6937,"devices":[],"gestures":[],"hands":[],"id":86802,"interactionBox":{"center":[0,200,0],"size":[235.247,235.247,147.751]},"pointables":[],"r":[[-0.962136,-0.269906,0.0380192],[0.215739,-0.839331,-0.498979],[0.166588,-0.471883,0.86578]],"s":0.686793,"t":[505.899,-233.461,348.339],"timestamp":257470901315},{"currentFrameRate":24.7039,"devices":[],"gestures":[],"hands":[],"id":86803,"interactionBox":{"center":[0,200,0],"size":[235.247,235.247,147.751]},"pointables":[],"r":[[-0.962136,-0.269906,0.0380192],[0.215739,-0.839331,-0.498979],[0.166588,-0.471883,0.86578]],"s":0.686793,"t":[505.899,-233.461,348.339],"timestamp":257470941720},{"currentFrameRate":24.7436,"devices":[],"gestures":[],"hands":[],"id":86804,"interactionBox":{"center":[0,200,0],"size":[235.247,235.247,147.751]},"pointables":[],"r":[[-0.962136,-0.269906,0.0380192],[0.215739,-0.839331,-0.498979],[0.166588,-0.471883,0.86578]],"s":0.686793,"t":[505.899,-233.461,348.339],"timestamp":257470981845},{"currentFrameRate":24.7574,"devices":[],"gestures":[],"hands":[],"id":86805,"interactionBox":{"center":[0,200,0],"size":[235.247,235.247,147.751]},"pointables":[],"r":[[-0.962136,-0.269906,0.0380192],[0.215739,-0.839331,-0.498979],[0.166588,-0.471883,0.86578]],"s":0.686793,"t":[505.899,-233.461,348.339],"timestamp":257471022136},{"currentFrameRate":24.774,"devices":[],"gestures":[],"hands":[],"id":86806,"interactionBox":{"center":[0,200,0],"size":[235.247,235.247,147.751]},"pointables":[],"r":[[-0.962136,-0.269906,0.0380192],[0.215739,-0.839331,-0.498979],[0.166588,-0.471883,0.86578]],"s":0.686793,"t":[505.899,-233.461,348.339],"timestamp":257471062380},{"currentFrameRate":24.7766,"devices":[],"gestures":[],"hands":[],"id":86807,"interactionBox":{"center":[0,200,0],"size":[235.247,235.247,147.751]},"pointables":[],"r":[[-0.962136,-0.269906,0.0380192],[0.215739,-0.839331,-0.498979],[0.166588,-0.471883,0.86578]],"s":0.686793,"t":[505.899,-233.461,348.339],"timestamp":257471102722},{"currentFrameRate":24.7667,"devices":[],"gestures":[],"hands":[],"id":86808,"interactionBox":{"center":[0,200,0],"size":[235.247,235.247,147.751]},"pointables":[],"r":[[-0.962136,-0.269906,0.0380192],[0.215739,-0.839331,-0.498979],[0.166588,-0.471883,0.86578]],"s":0.686793,"t":[505.899,-233.461,348.339],"timestamp":257471143171},{"currentFrameRate":24.8022,"devices":[],"gestures":[],"hands":[],"id":86809,"interactionBox":{"center":[0,200,0],"size":[235.247,235.247,147.751]},"pointables":[],"r":[[-0.962136,-0.269906,0.0380192],[0.215739,-0.839331,-0.498979],[0.166588,-0.471883,0.86578]],"s":0.686793,"t":[505.899,-233.461,348.339],"timestamp":257471183231},{"currentFrameRate":24.804,"devices":[],"gestures":[],"hands":[],"id":86810,"interactionBox":{"center":[0,200,0],"size":[235.247,235.247,147.751]},"pointables":[],"r":[[-0.962136,-0.269906,0.0380192],[0.215739,-0.839331,-0.498979],[0.166588,-0.471883,0.86578]],"s":0.686793,"t":[505.899,-233.461,348.339],"timestamp":257471223534},{"currentFrameRate":24.8051,"devices":[],"gestures":[],"hands":[{"armBasis":[[0.922085,-0.0396882,-0.384947],[0.247479,0.825212,0.50772],[0.297513,-0.563427,0.770737]],"armWidth":64.5234,"confidence":0,"direction":[-0.134897,0.703593,-0.697682],"elbow":[210.473,-16.9701,317.451],"grabAngle":2.55466,"grabStrength":1,"id":118,"palmNormal":[-0.278755,-0.702628,-0.654683],"palmPosition":[108.437,187.239,51.7969],"palmVelocity":[1.19209e-7,1.19209e-7,1.19209e-7],"palmWidth":92.1373,"pinchDistance":39.6561,"pinchStrength":0.547902,"r":[[1,-8.32667e-18,-2.77556e-18],[8.32667e-18,1,-1.11022e-17],[2.77556e-18,1.11022e-17,1]],"s":1,"sphereCenter":[95.3489,163.773,4.1213],"sphereRadius":46.7152,"stabilizedPalmPosition":[108.437,187.239,51.7969],"t":[0,0,0],"timeVisible":0,"type":"right","wrist":[129.132,137.073,106.728]}],"id":86811,"interactionBox":{"center":[0,200,0],"size":[235.247,235.247,147.751]},"pointables":[{"bases":[[[0.605619,0.723021,0.332363],[-0.587922,0.125081,0.799189],[0.536258,-0.679408,0.500832]],[[0.455711,0.86749,0.199473],[-0.589168,0.125979,0.798129],[0.667239,-0.481239,0.568508]],[[0.455711,0.86749,0.199473],[-0.717534,0.225393,0.659047],[0.526757,-0.443463,0.725167]],[[0.455711,0.86749,0.199473],[-0.807467,0.308571,0.502774],[0.3746,-0.390187,0.841088]]],"btipPosition":[33.5519,192.845,20.5151],"carpPosition":[94.3429,143.962,94.2209],"dipPosition":[42.4294,183.598,40.4478],"direction":[-0.526757,0.443463,-0.725167],"extended":true,"handId":118,"id":1180,"length":52.7735,"mcpPosition":[94.3429,143.962,94.2209],"pipPosition":[60.616,168.288,65.4845],"stabilizedTipPosition":[35.5937,190.718,25.0996],"timeVisible":0,"tipPosition":[35.5937,190.718,25.0996],"tipVelocity":[1.19209e-7,1.19209e-7,1.19209e-7],"tool":false,"touchDistance":1,"touchZone":"none","type":0,"width":20.5053},{"bases":[[[0.914693,0.013474,-0.403925],[0.232262,0.800388,0.55266],[0.330743,-0.599331,0.72898]],[[0.936455,-0.0304462,-0.349464],[0.0158247,0.998879,-0.0446196],[0.35043,0.0362541,0.935887]],[[0.936455,-0.0304462,-0.349464],[-0.319908,0.334585,-0.886404],[0.143913,0.941874,0.303583]],[[0.936455,-0.0304462,-0.349464],[-0.340533,-0.318022,-0.884816],[-0.0841979,0.947594,-0.308182]]],"btipPosition":[64.216,168.255,0.127736],"carpPosition":[106.166,164.631,97.248],"dipPosition":[62.7592,184.65,-5.20412],"direction":[-0.143913,-0.941874,-0.303583],"extended":false,"handId":118,"id":1181,"length":59.549,"mcpPosition":[81.5267,209.279,42.941],"pipPosition":[66.2815,207.702,2.22613],"stabilizedTipPosition":[63.8809,172.026,-1.09859],"timeVisible":0,"tipPosition":[63.8809,172.026,-1.09859],"tipVelocity":[1.19209e-7,1.19209e-7,1.19209e-7],"tool":false,"touchDistance":1,"touchZone":"none","type":1,"width":19.5867},{"bases":[[[0.897881,-0.204267,-0.389981],[0.390763,0.777791,0.492286],[0.202766,-0.594404,0.778184]],[[0.902731,-0.219264,-0.370136],[0.139266,0.962983,-0.2308],[0.407041,0.156803,0.89985]],[[0.902731,-0.219264,-0.370136],[-0.335275,0.180541,-0.92466],[0.269569,0.958816,0.0894664]],[[0.902731,-0.219264,-0.370136],[-0.429324,-0.404095,-0.807705],[0.0275307,0.888049,-0.458924]]],"btipPosition":[75.1735,156.367,0.0433992],"carpPosition":[117.651,166.534,92.7836],"dipPosition":[75.6974,173.265,-8.68944],"direction":[-0.269569,-0.958816,-0.0894664],"extended":false,"handId":118,"id":1182,"length":67.8513,"mcpPosition":[103.326,208.528,37.8068],"pipPosition":[83.4596,200.874,-6.11326],"stabilizedTipPosition":[75.294,160.253,-1.96515],"timeVisible":0,"tipPosition":[75.294,160.253,-1.96515],"tipVelocity":[1.19209e-7,1.19209e-7,1.19209e-7],"tool":false,"touchDistance":1,"touchZone":"none","type":2,"width":19.2367},{"bases":[[[0.885904,-0.34756,-0.307207],[0.460179,0.741865,0.487721],[0.0583937,-0.573445,0.817161]],[[0.887012,-0.360644,-0.288352],[0.294512,0.922842,-0.248242],[0.35563,0.135271,0.924786]],[[0.887012,-0.360644,-0.288352],[-0.209752,0.241625,-0.947429],[0.411357,0.900863,0.138679]],[[0.887012,-0.360644,-0.288352],[-0.406982,-0.315632,-0.857171],[0.21812,0.877675,-0.426744]]],"btipPosition":[93.4945,153.586,-1.73023],"carpPosition":[128.954,165.209,87.7584],"dipPosition":[97.6213,170.192,-9.80405],"direction":[-0.411357,-0.900863,-0.138679],"extended":false,"handId":118,"id":1183,"length":65.2408,"mcpPosition":[125.25,201.582,35.9261],"pipPosition":[109.16,195.462,-5.91393],"stabilizedTipPosition":[94.4437,157.406,-3.58721],"timeVisible":0,"tipPosition":[94.4437,157.406,-3.58721],"tipVelocity":[1.19209e-7,1.19209e-7,1.19209e-7],"tool":false,"touchDistance":1,"touchZone":"none","type":3,"width":18.305},{"bases":[[[0.798414,-0.529362,-0.2869],[0.595706,0.625179,0.504268],[-0.0875766,-0.573522,0.814495]],[[0.79335,-0.556017,-0.247873],[0.516055,0.830246,-0.210664],[0.322928,0.039214,0.945611]],[[0.79335,-0.556017,-0.247873],[-0.0580735,0.336192,-0.940001],[0.605989,0.760145,0.234428]],[[0.79335,-0.556017,-0.247873],[-0.387659,-0.147482,-0.909928],[0.469378,0.817982,-0.33255]]],"btipPosition":[111.991,159.885,0.435239],"carpPosition":[138.606,156.946,80.9556],"dipPosition":[120.184,174.162,-5.36913],"direction":[-0.605989,-0.760145,-0.234428],"extended":false,"handId":118,"id":1184,"length":51.1476,"mcpPosition":[143.748,190.621,33.1314],"pipPosition":[132.185,189.217,-0.726189],"stabilizedTipPosition":[113.875,163.169,-0.899766],"timeVisible":0,"tipPosition":[113.875,163.169,-0.899766],"tipVelocity":[1.19209e-7,1.19209e-7,1.19209e-7],"tool":false,"touchDistance":1,"touchZone":"none","type":4,"width":16.2599}],"r":[[1,-8.32667e-18,-2.77556e-18],[8.32667e-18,1,-1.11022e-17],[2.77556e-18,1.11022e-17,1]],"s":1,"t":[0,0,0],"timestamp":257471263840},{"currentFrameRate":24.8055,"devices":[],"gestures":[],"hands":[{"armBasis":[[0.934203,0.0304185,-0.355443],[0.220896,0.733047,0.64331],[0.280125,-0.679498,0.678095]],"armWidth":65.2495,"confidence":0.209224,"direction":[-0.0862685,0.783118,-0.615861],"elbow":[203.886,-41.7205,291.51],"grabAngle":1.56185,"grabStrength":0.405673,"id":118,"palmNormal":[-0.237612,-0.616499,-0.750646],"palmPosition":[110.04,200.912,56.7593],"palmVelocity":[39.7645,339.207,123.102],"palmWidth":92.1373,"pinchDistance":54.7537,"pinchStrength":0.110838,"r":[[0.999913,-0.00227211,0.0129692],[0.00196106,0.999711,0.023946],[-0.0130198,-0.0239185,0.999629]],"s":1.091,"sphereCenter":[94.6725,171.173,-6.46329],"sphereRadius":67.3656,"stabilizedPalmPosition":[109.416,195.59,54.8279],"t":[0.801474,6.83688,2.48118],"timeVisible":0.040311,"type":"right","wrist":[127.298,144.057,106.116]}],"id":86812,"interactionBox":{"center":[0,200,0],"size":[235.247,235.247,147.751]},"pointables":[{"bases":[[[0.585021,0.671398,0.454945],[-0.638724,0.0357384,0.768605],[0.499781,-0.740235,0.449746]],[[0.433923,0.841649,0.321463],[-0.596794,0.00121561,0.802393],[0.674943,-0.540024,0.502819]],[[0.433923,0.841649,0.321463],[-0.737029,0.126398,0.663937],[0.518169,-0.525025,0.675166]],[[0.433923,0.841649,0.321463],[-0.793672,0.188237,0.578491],[0.426375,-0.506156,0.749673]]],"btipPosition":[30.7349,210.68,25.9326],"carpPosition":[93.0355,153.057,92.7037],"dipPosition":[40.9079,198.603,43.8193],"direction":[-0.518169,0.525025,-0.675166],"extended":true,"handId":118,"id":1180,"length":53.1312,"mcpPosition":[93.0355,153.057,92.7037],"pipPosition":[58.9192,180.354,67.2877],"stabilizedTipPosition":[33.5254,204.828,29.1614],"timeVisible":0.040311,"tipPosition":[36.8964,208.199,27.4913],"tipVelocity":[-62.4913,426.282,122.718],"tool":false,"touchDistance":1,"touchZone":"none","type":0,"width":20.8374},{"bases":[[[0.902943,-0.318563,-0.288465],[0.429753,0.673267,0.601684],[0.00253946,-0.667255,0.744825]],[[0.902683,-0.336424,-0.268294],[0.394082,0.896721,0.201469],[0.172806,-0.287593,0.942034]],[[0.902683,-0.336424,-0.268294],[0.211619,0.889963,-0.40396],[0.374673,0.307872,0.874548]],[[0.902683,-0.336424,-0.268294],[0.042328,0.689894,-0.722672],[0.428219,0.640988,0.636996]]],"btipPosition":[101.301,209.047,-35.9012],"carpPosition":[128.071,174.527,91.084],"dipPosition":[109.458,221.256,-23.7678],"direction":[-0.374673,-0.307872,-0.874548],"extended":false,"handId":118,"id":1183,"length":65.683,"mcpPosition":[127.91,216.851,43.8399],"pipPosition":[120.039,229.951,0.930653],"stabilizedTipPosition":[102.162,205.527,-29.6796],"timeVisible":0.040311,"tipPosition":[102.808,208.358,-29.9531],"tipVelocity":[216.653,1350.73,-732.388],"tool":false,"touchDistance":0.922057,"touchZone":"hovering","type":3,"width":18.6014},{"bases":[[[0.813665,-0.500484,-0.295745],[0.563487,0.553909,0.612917],[-0.14294,-0.665357,0.732713]],[[0.802854,-0.542023,-0.248267],[0.589711,0.783171,0.197189],[0.0875543,-0.30472,0.948409]],[[0.802854,-0.542023,-0.248267],[0.418256,0.808844,-0.41332],[0.424838,0.227997,0.876088]],[[0.802854,-0.542023,-0.248267],[0.212907,0.649645,-0.729816],[0.556862,0.533078,0.636971]]],"btipPosition":[125.1,203.162,-21.8896],"carpPosition":[138.12,167.024,83.9826],"dipPosition":[134.886,212.53,-10.6965],"direction":[-0.424838,-0.227997,-0.876088],"extended":false,"handId":118,"id":1184,"length":51.4943,"mcpPosition":[146.513,206.092,40.9604],"pipPosition":[143.357,217.076,6.7724],"stabilizedTipPosition":[126.271,201.94,-17.8398],"timeVisible":0.040311,"tipPosition":[125.807,201.308,-15.4422],"tipVelocity":[334.29,1045.57,-456.834],"tool":false,"touchDistance":1,"touchZone":"none","type":4,"width":16.5232},{"bases":[[[0.939302,0.051066,-0.339271],[0.19827,0.726229,0.65824],[0.280002,-0.685553,0.672024]],[[0.968166,-0.0404276,-0.247021],[0.0986369,0.968636,0.228067],[0.230053,-0.245172,0.941789]],[[0.968166,-0.0404276,-0.247021],[-0.0708406,0.902268,-0.425316],[0.240074,0.429276,0.870682]],[[0.968166,-0.0404276,-0.247021],[-0.177234,0.586155,-0.790576],[0.176754,0.80919,0.56033]]],"btipPosition":[64.7774,210.22,-23.5885],"carpPosition":[104.707,173.083,98.9392],"dipPosition":[67.8561,224.315,-13.8285],"direction":[-0.240074,-0.429276,-0.870682],"extended":false,"handId":118,"id":1181,"length":59.9526,"mcpPosition":[83.8479,224.155,48.8753],"pipPosition":[73.7718,234.893,7.62598],"stabilizedTipPosition":[65.3238,209.288,-19.3042],"timeVisible":0.040311,"tipPosition":[66.185,209.315,-17.1686],"tipVelocity":[39.8046,1027.91,-502.223],"tool":false,"touchDistance":1,"touchZone":"none","type":1,"width":19.9039},{"bases":[[[0.92084,-0.166582,-0.352568],[0.360315,0.70918,0.606],[0.149086,-0.685065,0.713063]],[[0.927016,-0.199803,-0.317363],[0.282633,0.928448,0.241045],[0.246494,-0.31315,0.917158]],[[0.927016,-0.199803,-0.317363],[0.0767134,0.92939,-0.361039],[0.367091,0.310343,0.876888]],[[0.927016,-0.199803,-0.317363],[-0.0727991,0.734282,-0.67493],[0.367887,0.648775,0.666146]]],"btipPosition":[76.1328,217.734,-38.1392],"carpPosition":[116.468,175.374,95.4883],"dipPosition":[83.1807,230.163,-25.3772],"direction":[-0.367091,-0.310343,-0.876888],"extended":false,"handId":118,"id":1182,"length":68.3112,"mcpPosition":[105.935,223.772,45.112],"pipPosition":[93.8227,239.16,0.0438701],"stabilizedTipPosition":[77.4551,213.265,-31.1673],"timeVisible":0.040311,"tipPosition":[77.972,217.327,-32.4626],"tipVelocity":[61.0216,1496.84,-824.558],"tool":false,"touchDistance":0.888223,"touchZone":"hovering","type":2,"width":19.5482}],"r":[[0.999913,-0.00227211,0.0129692],[0.00196106,0.999711,0.023946],[-0.0130198,-0.0239185,0.999629]],"s":1.091,"t":[0.801474,6.83688,2.48118],"timestamp":257471304151},{"currentFrameRate":24.8118,"devices":[],"gestures":[],"hands":[{"armBasis":[[0.905088,-0.00150711,-0.425222],[0.302397,0.705321,0.641154],[0.298951,-0.708887,0.638833]],"armWidth":65.2495,"confidence":0.400664,"direction":[-0.120355,0.75472,-0.644912],"elbow":[210.593,-35.0082,282.223],"grabAngle":0.745169,"grabStrength":0,"id":118,"palmNormal":[-0.313385,-0.645301,-0.69669],"palmPosition":[109.031,214.238,57.5768],"palmVelocity":[-25.0763,331.008,20.307],"palmWidth":92.1373,"pinchDistance":62.3077,"pinchStrength":0,"r":[[0.999932,-0.00945247,0.00675827],[0.00922379,0.999409,0.0331035],[-0.00706719,-0.0330389,0.999429]],"s":1.20841,"sphereCenter":[94.4616,135.388,-49.7222],"sphereRadius":134.083,"stabilizedPalmPosition":[109.055,213.078,57.4059],"t":[0.69745,16.9182,4.13053],"timeVisible":0.080569,"type":"right","wrist":[128.859,158.805,107.563]}],"id":86813,"interactionBox":{"center":[0,200,0],"size":[235.247,235.247,147.751]},"pointables":[{"bases":[[[0.63586,0.676859,0.370868],[-0.57097,0.0892182,0.816109],[0.519302,-0.730686,0.443196]],[[0.462724,0.856108,0.230142],[-0.558403,0.0798428,0.825718],[0.688529,-0.510592,0.514999]],[[0.462724,0.856108,0.230142],[-0.716534,0.208324,0.665718],[0.521983,-0.472949,0.709826]],[[0.462724,0.856108,0.230142],[-0.768091,0.25755,0.586263],[0.442631,-0.448048,0.776743]]],"btipPosition":[30.5434,221.559,27.9115],"carpPosition":[94.0512,168.621,97.1489],"dipPosition":[41.1043,210.869,46.4441],"direction":[-0.521983,0.472949,-0.709826],"extended":true,"handId":118,"id":1180,"length":53.1312,"mcpPosition":[94.0512,168.621,97.1489],"pipPosition":[59.2481,194.43,71.1173],"stabilizedTipPosition":[32.9963,218.483,32.0438],"timeVisible":0.080569,"tipPosition":[33.5742,221.072,33.4968],"tipVelocity":[-2.53962,278.161,52.8468],"tool":false,"touchDistance":1,"touchZone":"none","type":0,"width":20.8374},{"bases":[[[0.908388,0.0101422,-0.418005],[0.268857,0.751473,0.602499],[0.32023,-0.659686,0.679902]],[[0.952544,-0.114739,-0.281949],[0.247912,0.829884,0.499832],[0.176635,-0.54601,0.818946]],[[0.952544,-0.114739,-0.281949],[0.164021,0.973743,0.157867],[0.256433,-0.196621,0.946352]],[[0.952544,-0.114739,-0.281949],[0.104512,0.99321,-0.0510994],[0.285898,0.0192072,0.958068]]],"btipPosition":[63.7539,266.179,-25.1373],"carpPosition":[106.645,188.609,101.39],"dipPosition":[68.7337,266.514,-8.44937],"direction":[-0.256433,0.196621,-0.946352],"extended":true,"handId":118,"id":1181,"length":59.9526,"mcpPosition":[82.7889,237.754,50.7387],"pipPosition":[75.0525,261.669,14.8697],"stabilizedTipPosition":[64.9058,265.383,-21.2685],"timeVisible":0.080569,"tipPosition":[64.2529,260.927,-20.3139],"tipVelocity":[-14.5618,1311.39,1.10922],"tool":false,"touchDistance":1,"touchZone":"none","type":1,"width":19.9039},{"bases":[[[0.884068,-0.207334,-0.418851],[0.425525,0.727703,0.537937],[0.193266,-0.653805,0.731565]],[[0.896072,-0.25578,-0.36281],[0.413982,0.77652,0.475012],[0.160231,-0.575842,0.801706]],[[0.896072,-0.25578,-0.36281],[0.341651,0.91921,0.195772],[0.283424,-0.29938,0.911066]],[[0.896072,-0.25578,-0.36281],[0.270489,0.962665,-0.0106199],[0.351981,-0.0886199,0.931803]]],"btipPosition":[81.635,275.286,-38.475],"carpPosition":[118.122,190.423,96.8666],"dipPosition":[88.3782,273.589,-20.6236],"direction":[-0.283424,0.29938,-0.911066],"extended":true,"handId":118,"id":1182,"length":68.3112,"mcpPosition":[104.468,236.613,45.1833],"pipPosition":[96.5947,264.909,5.78828],"stabilizedTipPosition":[83.0761,273.715,-34.3078],"timeVisible":0.080569,"tipPosition":[81.8647,270.133,-33.8722],"tipVelocity":[134.932,1348.89,20.7338],"tool":false,"touchDistance":0.845254,"touchZone":"hovering","type":2,"width":19.5482},{"bases":[[[0.868263,-0.355551,-0.345982],[0.493544,0.689818,0.529684],[0.0503347,-0.630662,0.774423]],[[0.868815,-0.363269,-0.336445],[0.484722,0.762651,0.428262],[0.101016,-0.535163,0.838687]],[[0.868815,-0.363269,-0.336445],[0.416567,0.903577,0.1001],[0.267641,-0.22712,0.936368]],[[0.868815,-0.363269,-0.336445],[0.341089,0.931665,-0.125135],[0.358912,-0.0060383,0.933352]]],"btipPosition":[107.104,259.972,-39.9816],"carpPosition":[129.293,189.063,91.5644],"dipPosition":[113.941,259.857,-22.2033],"direction":[-0.267641,0.22712,-0.936368],"extended":true,"handId":118,"id":1183,"length":65.683,"mcpPosition":[126.101,229.066,42.4429],"pipPosition":[121.499,253.443,4.24107],"stabilizedTipPosition":[108.555,258.928,-35.7764],"timeVisible":0.080569,"tipPosition":[106.974,254.798,-34.9919],"tipVelocity":[136.605,1194.56,-69.1054],"tool":false,"touchDistance":0.821454,"touchZone":"hovering","type":3,"width":18.6014},{"bases":[[[0.77469,-0.535211,-0.336757],[0.625078,0.567673,0.535747],[-0.0955699,-0.625537,0.774319]],[[0.772709,-0.54714,-0.321806],[0.634726,0.67128,0.382761],[0.00659848,-0.500021,0.865988]],[[0.772709,-0.54714,-0.321806],[0.581017,0.813811,0.0114619],[0.255618,-0.195831,0.946736]],[[0.772709,-0.54714,-0.321806],[0.478836,0.835246,-0.270334],[0.416698,0.0547972,0.907392]]],"btipPosition":[131.496,238.664,-27.4661],"carpPosition":[138.542,180.969,84.0386],"dipPosition":[138.818,239.627,-11.521],"direction":[-0.255618,0.195831,-0.946736],"extended":true,"handId":118,"id":1184,"length":51.4943,"mcpPosition":[144.153,217.698,38.5735],"pipPosition":[143.915,235.722,7.35658],"stabilizedTipPosition":[133.084,238.372,-23.7158],"timeVisible":0.080569,"tipPosition":[130.05,232.813,-22.0308],"tipVelocity":[144.798,833.843,-111.37],"tool":false,"touchDistance":0.97854,"touchZone":"hovering","type":4,"width":16.5232}],"r":[[0.999932,-0.00945247,0.00675827],[0.00922379,0.999409,0.0331035],[-0.00706719,-0.0330389,0.999429]],"s":1.20841,"t":[0.69745,16.9182,4.13053],"timestamp":257471344409},{"currentFrameRate":28.4228,"devices":[],"gestures":[],"hands":[{"armBasis":[[0.90374,0.0121109,-0.42791],[0.29769,0.700551,0.648543],[0.307628,-0.713499,0.629511]],"armWidth":65.2495,"confidence":0.445996,"direction":[-0.138948,0.762172,-0.632287],"elbow":[213.894,-34.1299,278.782],"grabAngle":0.58517,"grabStrength":0,"id":118,"palmNormal":[-0.310212,-0.639845,-0.703112],"palmPosition":[108.671,216.782,57.6797],"palmVelocity":[-34.329,242.536,9.81468],"palmWidth":92.1373,"pinchDistance":69.6704,"pinchStrength":0,"r":[[0.999928,-0.0119606,-0.000294986],[0.0119622,0.998988,0.0433684],[-0.000224026,-0.0433688,0.999059]],"s":1.29822,"sphereCenter":[93.9638,121.703,-69.041],"sphereRadius":160.202,"stabilizedPalmPosition":[108.841,215.142,57.5585],"t":[0.465416,23.2307,5.00668],"timeVisible":0.091057,"type":"right","wrist":[129.788,160.944,106.671]}],"id":86814,"interactionBox":{"center":[0,200,0],"size":[235.247,235.247,147.751]},"pointables":[{"bases":[[[0.628787,0.681405,0.374586],[-0.563917,0.0679288,0.823033],[0.535373,-0.728748,0.426969]],[[0.458078,0.854968,0.243297],[-0.545832,0.0545148,0.83612],[0.701592,-0.515807,0.491641]],[[0.458078,0.854968,0.243297],[-0.717298,0.193869,0.669252],[0.525022,-0.481086,0.702074]],[[0.458078,0.854968,0.243297],[-0.773687,0.248708,0.582711],[0.43769,-0.455163,0.775406]]],"btipPosition":[30.6692,224.003,28.9563],"carpPosition":[94.825,170.348,96.7116],"dipPosition":[41.1122,213.143,47.4569],"direction":[-0.525022,0.481086,-0.702074],"extended":true,"handId":118,"id":1180,"length":53.1312,"mcpPosition":[94.825,170.348,96.7116],"pipPosition":[59.3616,196.421,71.8606],"stabilizedTipPosition":[33.0382,220.176,32.698],"timeVisible":0.091057,"tipPosition":[32.8852,222.677,34.3794],"tipVelocity":[9.40631,229.261,98.9108],"tool":false,"touchDistance":1,"touchZone":"none","type":0,"width":20.8374},{"bases":[[[0.903777,0.0309206,-0.426884],[0.263038,0.746674,0.610974],[0.337635,-0.664471,0.666694]],[[0.951968,-0.0979855,-0.290095],[0.251863,0.789362,0.559886],[0.174129,-0.606058,0.776127]],[[0.951968,-0.0979855,-0.290095],[0.186752,0.9366,0.296486],[0.242651,-0.336421,0.909913]],[[0.951968,-0.0979855,-0.290095],[0.139235,0.982324,0.125111],[0.272708,-0.159494,0.948785]]],"btipPosition":[63.6336,277.585,-21.4828],"carpPosition":[107.142,190.471,101.125],"dipPosition":[68.3837,274.807,-4.95657],"direction":[-0.242651,0.336421,-0.909913],"extended":true,"handId":118,"id":1181,"length":59.9526,"mcpPosition":[81.9895,239.973,51.4581],"pipPosition":[74.3628,266.517,17.4646],"stabilizedTipPosition":[64.7836,273.246,-18.8295],"timeVisible":0.091057,"tipPosition":[63.204,268.552,-18.5617],"tipVelocity":[-16.5105,1019.25,344.899],"tool":false,"touchDistance":1,"touchZone":"none","type":1,"width":19.9039},{"bases":[[[0.882912,-0.186882,-0.430746],[0.419394,0.726383,0.544497],[0.21113,-0.661395,0.719709]],[[0.896285,-0.236072,-0.375425],[0.414967,0.745076,0.522173],[0.15645,-0.623804,0.765762]],[[0.896285,-0.236072,-0.375425],[0.355244,0.888935,0.28913],[0.265473,-0.39251,0.880602]],[[0.896285,-0.236072,-0.375425],[0.300174,0.946086,0.121721],[0.32645,-0.22179,0.918825]]],"btipPosition":[81.9882,285.543,-35.0909],"carpPosition":[118.542,192.536,96.5151],"dipPosition":[88.2422,281.294,-17.4881],"direction":[-0.265473,0.39251,-0.880602],"extended":true,"handId":118,"id":1182,"length":68.3112,"mcpPosition":[103.626,239.262,45.6693],"pipPosition":[95.9383,269.915,8.04062],"stabilizedTipPosition":[83.3079,280.891,-32.1482],"timeVisible":0.091057,"tipPosition":[80.88,277.095,-32.132],"tipVelocity":[22.9492,922.014,317.214],"tool":false,"touchDistance":0.843966,"touchZone":"hovering","type":2,"width":19.5482},{"bases":[[[0.870213,-0.336397,-0.359953],[0.487919,0.689721,0.534996],[0.0682959,-0.641188,0.764339]],[[0.870171,-0.336008,-0.360417],[0.482498,0.729448,0.484871],[0.0999849,-0.595822,0.796869]],[[0.870171,-0.336008,-0.360417],[0.428707,0.876853,0.217578],[0.242925,-0.343843,0.907061]],[[0.870171,-0.336008,-0.360417],[0.373716,0.926752,0.0382918],[0.321151,-0.168014,0.932005]]],"btipPosition":[107.814,272.155,-37.0667],"carpPosition":[129.678,191.434,91.0815],"dipPosition":[113.932,268.955,-19.3141],"direction":[-0.242925,0.343843,-0.907061],"extended":true,"handId":118,"id":1183,"length":65.683,"mcpPosition":[125.346,232.105,42.5996],"pipPosition":[120.792,259.244,6.3026],"stabilizedTipPosition":[109.005,267.363,-33.8905],"timeVisible":0.091057,"tipPosition":[106.523,263.232,-33.7939],"tipVelocity":[51.9414,1093.98,277.359],"tool":false,"touchDistance":0.816276,"touchZone":"hovering","type":3,"width":18.6014},{"bases":[[[0.779608,-0.517654,-0.352485],[0.621433,0.569627,0.537909],[-0.0776652,-0.638404,0.765773]],[[0.77994,-0.514864,-0.355822],[0.625843,0.645117,0.438343],[0.00385985,-0.56457,0.825376]],[[0.77994,-0.514864,-0.355822],[0.588068,0.797443,0.135131],[0.214174,-0.314641,0.924733]],[[0.77994,-0.514864,-0.355822],[0.518506,0.849964,-0.0933399],[0.350493,-0.111697,0.929881]]],"btipPosition":[132.968,249.674,-26.1525],"carpPosition":[138.977,183.602,83.3429],"dipPosition":[139.127,247.712,-9.81222],"direction":[-0.214174,0.314641,-0.924733],"extended":true,"handId":118,"id":1184,"length":51.4943,"mcpPosition":[143.537,221.086,38.3795],"pipPosition":[143.398,241.438,8.62662],"stabilizedTipPosition":[134.007,246.074,-22.7777],"timeVisible":0.091057,"tipPosition":[130.417,240.789,-22.0206],"tipVelocity":[114.861,985.617,133.914],"tool":false,"touchDistance":0.935087,"touchZone":"hovering","type":4,"width":16.5232}],"r":[[0.999928,-0.0119606,-0.000294986],[0.0119622,0.998988,0.0433684],[-0.000224026,-0.0433688,0.999059]],"s":1.29822,"t":[0.465416,23.2307,5.00668],"timestamp":257471354897},{"currentFrameRate":31.8507,"devices":[],"gestures":[],"hands":[{"armBasis":[[0.906468,0.0258291,-0.421483],[0.287614,0.693048,0.661031],[0.309182,-0.720428,0.620798]],"armWidth":65.2495,"confidence":0.489053,"direction":[-0.15131,0.766839,-0.623749],"elbow":[214.544,-33.99,275.666],"grabAngle":0.432957,"grabStrength":0,"id":118,"palmNormal":[-0.299915,-0.636883,-0.710233],"palmPosition":[108.103,219.058,57.5849],"palmVelocity":[-54.2628,217.576,-9.05966],"palmWidth":92.1373,"pinchDistance":70.7035,"pinchStrength":0,"r":[[0.999925,-0.0106776,-0.00597067],[0.0109835,0.998492,0.0537916],[0.0053873,-0.0538532,0.998534]],"s":1.37116,"sphereCenter":[98.2748,113.146,-87.2337],"sphereRadius":182.012,"stabilizedPalmPosition":[108.406,217.447,57.5741],"t":[0.0654967,27.5253,5.39735],"timeVisible":0.101521,"type":"right","wrist":[130.012,162.978,105.937]}],"id":86815,"interactionBox":{"center":[0,200,0],"size":[235.247,235.247,147.751]},"pointables":[{"bases":[[[0.61774,0.687248,0.382214],[-0.56485,0.0496192,0.8237],[0.547121,-0.724727,0.418844]],[[0.446672,0.857697,0.254637],[-0.545,0.0351256,0.8377],[0.709548,-0.512954,0.483135]],[[0.446672,0.857697,0.254637],[-0.716159,0.172158,0.676371],[0.536284,-0.484477,0.691146]],[[0.446672,0.857697,0.254637],[-0.772821,0.226464,0.592842],[0.450813,-0.461595,0.764001]]],"btipPosition":[29.7507,225.756,29.4216],"carpPosition":[95.0133,171.974,96.095],"dipPosition":[40.5068,214.743,47.6501],"direction":[-0.536284,0.484477,-0.691146],"extended":true,"handId":118,"id":1180,"length":53.1312,"mcpPosition":[95.0133,171.974,96.095],"pipPosition":[59.1478,197.903,71.674],"stabilizedTipPosition":[32.5712,221.925,33.2239],"timeVisible":0.101521,"tipPosition":[32.2293,223.958,34.3169],"tipVelocity":[-80.8895,164.19,38.4897],"tool":false,"touchDistance":1,"touchZone":"none","type":0,"width":20.8374},{"bases":[[[0.903113,0.0502779,-0.426449],[0.25101,0.743958,0.61929],[0.348397,-0.666332,0.659258]],[[0.95273,-0.0767463,-0.293964],[0.249062,0.751405,0.611031],[0.173992,-0.655363,0.735001]],[[0.95273,-0.0767463,-0.293964],[0.197205,0.892256,0.40619],[0.231118,-0.444961,0.865214]],[[0.95273,-0.0767463,-0.293964],[0.157618,0.952031,0.262284],[0.259734,-0.29622,0.919126]]],"btipPosition":[63.2102,286.711,-17.9008],"carpPosition":[107.005,192.243,100.734],"dipPosition":[67.7343,281.552,-1.89124],"direction":[-0.231118,0.444961,-0.865214],"extended":true,"handId":118,"id":1181,"length":59.9526,"mcpPosition":[81.0499,241.883,51.6208],"pipPosition":[73.4293,270.587,19.4285],"stabilizedTipPosition":[64.419,281.646,-15.6751],"timeVisible":0.101521,"tipPosition":[62.5756,275.563,-16.8533],"tipVelocity":[-45.4275,819.819,330.955],"tool":false,"touchDistance":0.989784,"touchZone":"hovering","type":1,"width":19.9039},{"bases":[[[0.885767,-0.167777,-0.432744],[0.407667,0.726938,0.552602],[0.221864,-0.665892,0.712295]],[[0.899574,-0.21583,-0.379715],[0.411674,0.709425,0.57205],[0.145914,-0.67092,0.727032]],[[0.899574,-0.21583,-0.379715],[0.365215,0.848522,0.382921],[0.239551,-0.483143,0.842133]],[[0.899574,-0.21583,-0.379715],[0.323944,0.912831,0.248595],[0.292962,-0.346637,0.891076]]],"btipPosition":[82.9674,295.203,-31.3843],"carpPosition":[118.369,194.543,96.1479],"dipPosition":[88.5799,288.562,-14.3132],"direction":[-0.239551,0.483143,-0.842133],"extended":true,"handId":118,"id":1182,"length":68.3112,"mcpPosition":[102.695,241.587,45.8259],"pipPosition":[95.5245,274.555,10.1003],"stabilizedTipPosition":[83.9441,289.449,-29.0084],"timeVisible":0.101521,"tipPosition":[80.962,284.468,-30.1958],"tipVelocity":[79.4777,870.541,342.535],"tool":false,"touchDistance":0.846667,"touchZone":"hovering","type":2,"width":19.5482},{"bases":[[[0.875493,-0.318259,-0.363625],[0.476774,0.691496,0.542697],[0.0787271,-0.648494,0.757137]],[[0.874806,-0.312839,-0.369927],[0.477077,0.689172,0.545379],[0.0843273,-0.653585,0.752141]],[[0.874806,-0.312839,-0.369927],[0.440495,0.831488,0.338515],[0.201689,-0.459086,0.865195]],[[0.874806,-0.312839,-0.369927],[0.403785,0.892748,0.199897],[0.267716,-0.324242,0.907301]]],"btipPosition":[109.891,283.728,-33.2981],"carpPosition":[129.521,193.682,90.7031],"dipPosition":[114.99,277.552,-16.016],"direction":[-0.201689,0.459086,-0.865195],"extended":true,"handId":118,"id":1183,"length":65.683,"mcpPosition":[124.527,234.816,42.678],"pipPosition":[120.686,264.587,8.41832],"stabilizedTipPosition":[110.427,277.685,-30.736],"timeVisible":0.101521,"tipPosition":[107.39,272.404,-31.8531],"tipVelocity":[176.065,1040.57,349.81],"tool":false,"touchDistance":0.822887,"touchZone":"hovering","type":3,"width":18.6014},{"bases":[[[0.787829,-0.501027,-0.358188],[0.612211,0.573549,0.544278],[-0.0672597,-0.648084,0.758593]],[[0.788963,-0.488636,-0.372521],[0.614173,0.609285,0.50156],[-0.0181086,-0.624505,0.780811]],[[0.788963,-0.488636,-0.372521],[0.595157,0.758433,0.265648],[0.152727,-0.431295,0.88919]],[[0.788963,-0.488636,-0.372521],[0.554687,0.827207,0.0897272],[0.264308,-0.277424,0.923676]]],"btipPosition":[135.856,260.128,-23.7713],"carpPosition":[138.944,186.088,82.8782],"dipPosition":[140.5,255.253,-7.5401],"direction":[-0.152727,0.431295,-0.88919],"extended":true,"handId":118,"id":1184,"length":51.4943,"mcpPosition":[142.893,224.141,38.3364],"pipPosition":[143.546,246.653,10.19],"stabilizedTipPosition":[136.148,255.565,-20.7672],"timeVisible":0.101521,"tipPosition":[131.955,249.23,-21.2366],"tipVelocity":[242.669,934.967,225.16],"tool":false,"touchDistance":0.910253,"touchZone":"hovering","type":4,"width":16.5232}],"r":[[0.999925,-0.0106776,-0.00597067],[0.0109835,0.998492,0.0537916],[0.0053873,-0.0538532,0.998534]],"s":1.37116,"t":[0.0654967,27.5253,5.39735],"timestamp":257471365361},{"currentFrameRate":35.1087,"devices":[],"gestures":[],"hands":[{"armBasis":[[0.911092,0.0315139,-0.410996],[0.280646,0.682859,0.674494],[0.301908,-0.72987,0.613303]],"armWidth":65.2495,"confidence":0.529705,"direction":[-0.160237,0.773879,-0.612728],"elbow":[212.672,-34.6647,272.932],"grabAngle":0.311368,"grabStrength":0,"id":118,"palmNormal":[-0.292616,-0.630087,-0.719281],"palmPosition":[107.742,221.43,57.6838],"palmVelocity":[-34.5991,227.496,9.48018],"palmWidth":92.1373,"pinchDistance":71.56,"pinchStrength":0,"r":[[0.999918,-0.00727464,-0.010521],[0.00794339,0.997855,0.0649845],[0.0100257,-0.0650628,0.997831]],"s":1.43183,"sphereCenter":[107.59,141.419,-75.1586],"sphereRadius":159.24,"stabilizedPalmPosition":[107.996,219.909,57.6419],"t":[-0.314811,30.8584,5.6421],"timeVisible":0.111946,"type":"right","wrist":[130.129,164.885,105.253]}],"id":86816,"interactionBox":{"center":[0,200,0],"size":[235.247,235.247,147.751]},"pointables":[{"bases":[[[0.6098,0.688807,0.392032],[-0.565289,0.031304,0.824299],[0.55551,-0.724268,0.408464]],[[0.437403,0.858603,0.267356],[-0.544352,0.0161533,0.838701],[0.715793,-0.512386,0.474448]],[[0.437403,0.858603,0.267356],[-0.711629,0.148721,0.686634],[0.549785,-0.490594,0.676058]],[[0.437403,0.858603,0.267356],[-0.767289,0.201283,0.608895],[0.468985,-0.471472,0.746838]]],"btipPosition":[28.7212,227.853,30.2156],"carpPosition":[95.2022,173.652,95.516],"dipPosition":[39.9108,216.604,48.0347],"direction":[-0.549785,0.490594,-0.676058],"extended":true,"handId":118,"id":1180,"length":53.1312,"mcpPosition":[95.2022,173.652,95.516],"pipPosition":[59.0211,199.552,71.5341],"stabilizedTipPosition":[31.8273,223.872,33.8593],"timeVisible":0.111946,"tipPosition":[31.7886,225.758,34.4761],"tipVelocity":[-89.1938,195.976,67.133],"tool":false,"touchDistance":1,"touchZone":"none","type":0,"width":20.8374},{"bases":[[[0.902422,0.0668063,-0.425643],[0.242467,0.737879,0.629876],[0.356153,-0.671618,0.64968]],[[0.951777,-0.0551318,-0.301796],[0.248671,0.714761,0.653666],[0.179674,-0.697193,0.694003]],[[0.951777,-0.0551318,-0.301796],[0.203501,0.849605,0.486578],[0.229581,-0.52453,0.819854]],[[0.951777,-0.0551318,-0.301796],[0.168096,0.916629,0.362678],[0.256639,-0.39592,0.881694]]],"btipPosition":[62.4297,294.381,-13.911],"carpPosition":[106.959,193.99,100.445],"dipPosition":[66.8999,287.485,1.44664],"direction":[-0.229581,0.52453,-0.819854],"extended":true,"handId":118,"id":1181,"length":59.9526,"mcpPosition":[80.4265,244.024,52.0453],"pipPosition":[72.557,274.56,21.6487],"stabilizedTipPosition":[63.7778,289.084,-12.1416],"timeVisible":0.111946,"tipPosition":[62.0487,282.175,-14.5002],"tipVelocity":[-76.0601,697.389,368.337],"tool":false,"touchDistance":0.981738,"touchZone":"hovering","type":1,"width":19.9039},{"bases":[[[0.887597,-0.151322,-0.435056],[0.399302,0.723626,0.562959],[0.22963,-0.673399,0.702712]],[[0.901286,-0.197268,-0.385706],[0.410857,0.671591,0.616573],[0.137407,-0.714178,0.686345]],[[0.901286,-0.197268,-0.385706],[0.373889,0.803925,0.462507],[0.218841,-0.561062,0.798322]],[[0.901286,-0.197268,-0.385706],[0.341463,0.871401,0.352226],[0.266622,-0.449161,0.852741]]],"btipPosition":[83.8683,304.025,-26.9586],"carpPosition":[118.295,196.486,95.8928],"dipPosition":[88.9762,295.42,-10.6219],"direction":[-0.218841,0.561062,-0.798322],"extended":true,"handId":118,"id":1182,"length":68.3112,"mcpPosition":[102.072,244.061,46.2478],"pipPosition":[95.3204,279.155,12.5216],"stabilizedTipPosition":[84.6667,297.731,-25.1902],"timeVisible":0.111946,"tipPosition":[81.3793,292,-27.3902],"tipVelocity":[75.285,802.914,408.327],"tool":false,"touchDistance":0.859186,"touchZone":"hovering","type":2,"width":19.5482},{"bases":[[[0.879071,-0.302885,-0.368096],[0.468813,0.689131,0.552552],[0.0863067,-0.6583,0.747791]],[[0.877784,-0.293688,-0.378475],[0.474173,0.645174,0.599092],[0.0682366,-0.705335,0.705582]],[[0.877784,-0.293688,-0.378475],[0.449645,0.777653,0.439404],[0.165275,-0.555881,0.814666]],[[0.877784,-0.293688,-0.378475],[0.424546,0.842906,0.33056],[0.221938,-0.45084,0.864573]]],"btipPosition":[111.978,294.002,-28.61],"carpPosition":[129.456,195.832,90.4367],"dipPosition":[116.206,285.415,-12.1418],"direction":[-0.165275,0.555881,-0.814666],"extended":true,"handId":118,"id":1183,"length":65.683,"mcpPosition":[123.982,237.588,43.0045],"pipPosition":[120.873,269.716,10.8655],"stabilizedTipPosition":[112.155,287.503,-26.6876],"timeVisible":0.111946,"tipPosition":[108.622,281.457,-28.8944],"tipVelocity":[181.012,932.339,431.74],"tool":false,"touchDistance":0.841445,"touchZone":"hovering","type":3,"width":18.6014},{"bases":[[[0.793525,-0.486714,-0.365277],[0.605604,0.572747,0.552453],[-0.059675,-0.659599,0.749245]],[[0.794824,-0.46914,-0.38492],[0.605244,0.566873,0.558869],[-0.0439873,-0.677173,0.734508]],[[0.794824,-0.46914,-0.38492],[0.599351,0.706229,0.376853],[0.0950447,-0.530234,0.842507]],[[0.794824,-0.46914,-0.38492],[0.577718,0.779118,0.243346],[0.185734,-0.415792,0.890292]]],"btipPosition":[138.896,269.479,-20.4096],"carpPosition":[138.965,188.46,82.5045],"dipPosition":[142.159,262.172,-4.76505],"direction":[-0.0950447,0.530234,-0.842507],"extended":true,"handId":118,"id":1184,"length":51.4943,"mcpPosition":[142.469,227.189,38.5116],"pipPosition":[144.055,251.599,12.0342],"stabilizedTipPosition":[138.733,264.604,-17.8444],"timeVisible":0.111946,"tipPosition":[133.828,257.561,-19.4994],"tipVelocity":[261.12,843.33,309.522],"tool":false,"touchDistance":0.900962,"touchZone":"hovering","type":4,"width":16.5232}],"r":[[0.999918,-0.00727464,-0.010521],[0.00794339,0.997855,0.0649845],[0.0100257,-0.0650628,0.997831]],"s":1.43183,"t":[-0.314811,30.8584,5.6421],"timestamp":257471375786},{"currentFrameRate":38.1938,"devices":[],"gestures":[],"hands":[{"armBasis":[[0.916322,0.0332384,-0.399061],[0.274717,0.67288,0.68685],[0.29135,-0.739005,0.607443]],"armW