{"frames":227,"data":[{"currentFrameRate":19.8429,"devices":[],"gestures":[],"hands":[],"id":87489,"interactionBox":{"center":[0,200,0],"size":[235.247,235.247,147.751]},"pointables":[],"r":[[-0.962136,-0.269906,0.0380192],[0.215739,-0.839331,-0.498979],[0.166588,-0.471883,0.86578]],"s":0.686793,"t":[505.899,-233.461,348.339],"timestamp":257490528997},{"currentFrameRate":20.747,"devices":[],"gestures":[],"hands":[],"id":87490,"interactionBox":{"center":[0,200,0],"size":[235.247,235.247,147.751]},"pointables":[],"r":[[-0.962136,-0.269906,0.0380192],[0.215739,-0.839331,-0.498979],[0.166588,-0.471883,0.86578]],"s":0.686793,"t":[505.899,-233.461,348.339],"timestamp":257490569339},{"currentFrameRate":21.4995,"devices":[],"gestures":[],"hands":[],"id":87491,"interactionBox":{"center":[0,200,0],"size":[235.247,235.247,147.751]},"pointables":[],"r":[[-0.962136,-0.269906,0.0380192],[0.215739,-0.839331,-0.498979],[0.166588,-0.471883,0.86578]],"s":0.686793,"t":[505.899,-233.461,348.339],"timestamp":257490609536},{"currentFrameRate":22.1024,"devices":[],"gestures":[],"hands":[],"id":87492,"interactionBox":{"center":[0,200,0],"size":[235.247,235.247,147.751]},"pointables":[],"r":[[-0.962136,-0.269906,0.0380192],[0.215739,-0.839331,-0.498979],[0.166588,-0.471883,0.86578]],"s":0.686793,"t":[505.899,-233.461,348.339],"timestamp":257490649859},{"currentFrameRate":22.6017,"devices":[],"gestures":[],"hands":[],"id":87493,"interactionBox":{"center":[0,200,0],"size":[235.247,235.247,147.751]},"pointables":[],"r":[[-0.962136,-0.269906,0.0380192],[0.215739,-0.839331,-0.498979],[0.166588,-0.471883,0.86578]],"s":0.686793,"t":[505.899,-233.461,348.339],"timestamp":257490690117},{"currentFrameRate":22.9802,"devices":[],"gestures":[],"hands":[],"id":87494,"interactionBox":{"center":[0,200,0],"size":[235.247,235.247,147.751]},"pointables":[],"r":[[-0.962136,-0.269906,0.0380192],[0.215739,-0.839331,-0.498979],[0.166588,-0.471883,0.86578]],"s":0.686793,"t":[505.899,-233.461,348.339],"timestamp":257490730662},{"currentFrameRate":23.3373,"devices":[],"gestures":[],"hands":[],"id":87495,"interactionBox":{"center":[0,200,0],"size":[235.247,235.247,147.751]},"pointables":[],"r":[[-0.962136,-0.269906,0.0380192],[0.215739,-0.839331,-0.498979],[0.166588,-0.471883,0.86578]],"s":0.686793,"t":[505.899,-233.461,348.339],"timestamp":257490770749},{"currentFrameRate":23.6196,"devices":[],"gestures":[],"hands":[],"id":87496,"interactionBox":{"center":[0,200,0],"size":[235.247,235.247,147.751]},"pointables":[],"r":[[-0.962136,-0.269906,0.0380192],[0.215739,-0.839331,-0.498979],[0.166588,-0.471883,0.86578]],"s":0.686793,"t":[505.899,-233.461,348.339],"timestamp":257490810929},{"currentFrameRate":23.8318,"devices":[],"gestures":[],"hands":[],"id":87497,"interactionBox":{"center":[0,200,0],"size":[235.247,235.247,147.751]},"pointables":[],"r":[[-0.962136,-0.269906,0.0380192],[0.215739,-0.839331,-0.498979],[0.166588,-0.471883,0.86578]],"s":0.686793,"t":[505.899,-233.461,348.339],"timestamp":257490851283},{"currentFrameRate":24.0185,"devices":[],"gestures":[],"hands":[],"id":87498,"interactionBox":{"center":[0,200,0],"size":[235.247,235.247,147.751]},"pointables":[],"r":[[-0.962136,-0.269906,0.0380192],[0.215739,-0.839331,-0.498979],[0.166588,-0.471883,0.86578]],"s":0.686793,"t":[505.899,-233.461,348.339],"timestamp":257490891514},{"currentFrameRate":24.1359,"devices":[],"gestures":[],"hands":[],"id":87499,"interactionBox":{"center":[0,200,0],"size":[235.247,235.247,147.751]},"pointables":[],"r":[[-0.962136,-0.269906,0.0380192],[0.215739,-0.839331,-0.498979],[0.166588,-0.471883,0.86578]],"s":0.686793,"t":[505.899,-233.461,348.339],"timestamp":257490932069},{"currentFrameRate":24.2926,"devices":[],"gestures":[],"hands":[],"id":87500,"interactionBox":{"center":[0,200,0],"size":[235.247,235.247,147.751]},"pointables":[],"r":[[-0.962136,-0.269906,0.0380192],[0.215739,-0.839331,-0.498979],[0.166588,-0.471883,0.86578]],"s":0.686793,"t":[505.899,-233.461,348.339],"timestamp":257490972068},{"currentFrameRate":24.3917,"devices":[],"gestures":[],"hands":[],"id":87501,"interactionBox":{"center":[0,200,0],"size":[235.247,235.247,147.751]},"pointables":[],"r":[[-0.962136,-0.269906,0.0380192],[0.215739,-0.839331,-0.498979],[0.166588,-0.471883,0.86578]],"s":0.686793,"t":[505.899,-233.461,348.339],"timestamp":257491012332},{"currentFrameRate":24.4732,"devices":[],"gestures":[],"hands":[{"armBasis":[[0.912046,-0.320971,-0.255246],[0.355094,0.929464,0.100028],[0.205136,-0.181867,0.961688]],"armWidth":64.5234,"confidence":0,"direction":[-0.242901,0.366236,-0.89826],"elbow":[192.353,107.804,368.898],"grabAngle":3.14159,"grabStrength":1,"id":119,"palmNormal":[-0.400444,-0.881267,-0.251022],"palmPosition":[109.49,182.028,38.0957],"palmVelocity":[1.19209e-7,1.19209e-7,1.19209e-7],"palmWidth":92.1373,"pinchDistance":4.86009,"pinchStrength":0.619451,"r":[[1,-1.66533e-17,0],[1.66533e-17,1,-1.11022e-17],[1.84889e-34,1.11022e-17,1]],"s":1,"sphereCenter":[98.265,148.204,12.3968],"sphereRadius":37.8143,"stabilizedPalmPosition":[109.49,182.028,38.0957],"t":[0,0,0],"timeVisible":0,"type":"right","wrist":[136.268,157.527,105.969]}],"id":87502,"interactionBox":{"center":[0,200,0],"size":[235.247,235.247,147.751]},"pointables":[{"bases":[[[0.666305,0.739486,-0.0959106],[-0.437188,0.491602,0.753123],[0.604074,-0.459878,0.650851]],[[0.527036,0.81858,-0.228385],[-0.5597,0.536558,0.631539],[0.639507,-0.205016,0.740944]],[[0.527036,0.81858,-0.228385],[-0.794446,0.569995,0.20967],[0.30181,0.070936,0.950725]],[[0.527036,0.81858,-0.228385],[-0.847894,0.488293,-0.206509],[-0.0575258,0.302484,0.951417]]],"btipPosition":[60.9184,162.013,3.48334],"carpPosition":[102.3,161.268,96.3074],"dipPosition":[59.5552,169.182,26.0307],"direction":[-0.30181,-0.070936,-0.950725],"extended":false,"handId":119,"id":1190,"length":52.7735,"mcpPosition":[102.3,161.268,96.3074],"pipPosition":[69.9753,171.631,58.8549],"stabilizedTipPosition":[60.6049,163.662,8.66922],"timeVisible":0,"tipPosition":[60.6049,163.662,8.66922],"tipVelocity":[1.19209e-7,1.19209e-7,1.19209e-7],"tool":false,"touchDistance":1,"touchZone":"none","type":0,"width":20.5053},{"bases":[[[0.830214,-0.232997,-0.506417],[0.338487,0.932514,0.125873],[0.442913,-0.275917,0.853052]],[[0.903458,-0.284679,-0.320502],[-0.183026,0.41992,-0.888914],[0.38764,0.861757,0.327276]],[[0.903458,-0.284679,-0.320502],[-0.387786,-0.861423,-0.327984],[-0.182717,0.420606,-0.888654]],[[0.903458,-0.284679,-0.320502],[-0.236086,-0.95448,0.182296],[-0.357808,-0.0890304,-0.929541]]],"btipPosition":[75.616,154.556,48.6427],"carpPosition":[114.813,180.245,88.5987],"dipPosition":[69.4256,153.016,32.5607],"direction":[0.182717,-0.420606,0.888654],"extended":false,"handId":119,"id":1191,"length":59.549,"mcpPosition":[81.8174,200.8,25.0487],"pipPosition":[64.9535,163.31,10.8108],"stabilizedTipPosition":[74.1922,154.202,44.9439],"timeVisible":0,"tipPosition":[74.1922,154.202,44.9439],"tipVelocity":[1.19209e-7,1.19209e-7,1.19209e-7],"tool":false,"touchDistance":0.333333,"touchZone":"none","type":1,"width":19.5867},{"bases":[[[0.81247,-0.423666,-0.400499],[0.483614,0.873414,0.0571427],[0.325592,-0.240113,0.914514]],[[0.791484,-0.408506,-0.454616],[-0.291141,0.402014,-0.868114],[0.537391,0.819456,0.199255]],[[0.791484,-0.408506,-0.454616],[-0.543838,-0.810155,-0.218837],[-0.278913,0.420443,-0.863386]],[[0.791484,-0.408506,-0.454616],[-0.288585,-0.905467,0.311203],[-0.538768,-0.115117,-0.834552]]],"btipPosition":[94.4248,146.195,48.4687],"carpPosition":[125.373,179.143,82.0604],"dipPosition":[84.1726,144.004,32.5881],"direction":[0.278913,-0.420443,0.863386],"extended":false,"handId":119,"id":1192,"length":67.8513,"mcpPosition":[102.37,196.107,17.4522],"pipPosition":[76.1413,156.111,7.72691],"stabilizedTipPosition":[92.0668,145.691,44.8161],"timeVisible":0,"tipPosition":[92.0668,145.691,44.8161],"tipVelocity":[1.19209e-7,1.19209e-7,1.19209e-7],"tool":false,"touchDistance":0.333333,"touchZone":"none","type":2,"width":19.2367},{"bases":[[[0.812744,-0.519011,-0.264716],[0.550558,0.832814,0.0575065],[0.190612,-0.192479,0.96261]],[[0.799852,-0.506536,-0.321961],[-0.130678,0.376586,-0.917119],[0.585799,0.775632,0.23502]],[[0.799852,-0.506536,-0.321961],[-0.590501,-0.760162,-0.271039],[-0.107452,0.406909,-0.907127]],[[0.799852,-0.506536,-0.321961],[-0.440866,-0.859838,0.257519],[-0.407277,-0.0640356,-0.911057]]],"btipPosition":[107.727,141.809,47.3868],"carpPosition":[135.601,174.895,76.3951],"dipPosition":[100.021,140.597,30.15],"direction":[0.107452,-0.406909,0.907127],"extended":false,"handId":119,"id":1193,"length":65.2408,"mcpPosition":[123.51,187.104,15.3369],"pipPosition":[97.0068,152.012,4.70391],"stabilizedTipPosition":[105.954,141.53,43.4223],"timeVisible":0,"tipPosition":[105.954,141.53,43.4223],"tipVelocity":[1.19209e-7,1.19209e-7,1.19209e-7],"tool":false,"touchDistance":0.333333,"touchZone":"none","type":3,"width":18.305},{"bases":[[[0.727128,-0.668223,-0.157363],[0.68493,0.721651,0.10045],[0.0464382,-0.180823,0.982419]],[[0.712797,-0.635102,-0.297601],[0.043198,0.463262,-0.885168],[0.700039,0.61809,0.357647]],[[0.712797,-0.635102,-0.297601],[-0.692755,-0.571218,-0.440228],[0.109594,0.519957,-0.847132]],[[0.712797,-0.635102,-0.297601],[-0.629138,-0.766524,0.128942],[-0.31001,0.0953221,-0.945943]]],"btipPosition":[119.226,140.287,35.0814],"carpPosition":[143.777,163.762,72.2825],"dipPosition":[113.815,141.951,18.5707],"direction":[-0.109594,-0.519957,0.847133],"extended":false,"handId":119,"id":1194,"length":51.1476,"mcpPosition":[141.051,174.38,14.5985],"pipPosition":[115.986,152.249,1.79294],"stabilizedTipPosition":[117.982,140.67,31.2839],"timeVisible":0,"tipPosition":[117.982,140.67,31.2839],"tipVelocity":[1.19209e-7,1.19209e-7,1.19209e-7],"tool":false,"touchDistance":0.333333,"touchZone":"none","type":4,"width":16.2599}],"r":[[1,-1.66533e-17,0],[1.66533e-17,1,-1.11022e-17],[1.84889e-34,1.11022e-17,1]],"s":1,"t":[0,0,0],"timestamp":257491052592},{"currentFrameRate":24.5321,"devices":[],"gestures":[],"hands":[{"armBasis":[[0.932537,-0.0273084,-0.360042],[0.175211,0.906096,0.385085],[0.315716,-0.422189,0.849753]],"armWidth":65.2495,"confidence":0.209319,"direction":[-0.161849,0.527269,-0.834142],"elbow":[222.952,43.7827,339.843],"grabAngle":3.14159,"grabStrength":1,"id":119,"palmNormal":[-0.197587,-0.845484,-0.496101],"palmPosition":[114.211,195.426,43.0997],"palmVelocity":[117.052,332.207,124.076],"palmWidth":92.1373,"pinchDistance":15.0556,"pinchStrength":0.898975,"r":[[0.998912,0.0272827,0.0378302],[-0.0288388,0.998734,0.0412156],[-0.0366579,-0.0422617,0.998434]],"s":0.980251,"sphereCenter":[105.144,167,8.73202],"sphereRadius":37.5879,"stabilizedPalmPosition":[112.507,190.59,41.2937],"t":[2.36034,6.69895,2.50199],"timeVisible":0.04033,"type":"right","wrist":[136.634,159.211,107.517]}],"id":87503,"interactionBox":{"center":[0,200,0],"size":[235.247,235.247,147.751]},"pointables":[{"bases":[[[0.534196,0.825099,0.183971],[-0.626573,0.240361,0.741372],[0.567486,-0.51131,0.645385]],[[0.328173,0.94418,-0.0287567],[-0.652847,0.248705,0.715498],[0.68271,-0.216034,0.698023]],[[0.328173,0.94418,-0.0287567],[-0.91441,0.325169,0.24108],[0.236974,-0.0528206,0.970079]],[[0.328173,0.94418,-0.0287567],[-0.908575,0.307177,-0.283079],[-0.258444,0.119027,0.958666]]],"btipPosition":[65.2981,170.923,1.56816],"carpPosition":[101.878,161.007,93.4437],"dipPosition":[59.1318,173.763,24.4413],"direction":[-0.236974,0.0528206,-0.970079],"extended":false,"handId":119,"id":1190,"length":53.1312,"mcpPosition":[101.878,161.007,93.4437],"pipPosition":[67.3689,171.927,58.1607],"stabilizedTipPosition":[61.665,166.224,8.07353],"timeVisible":0.04033,"tipPosition":[68.614,174.421,4.59837],"tipVelocity":[81.2042,196.233,-45.6298],"tool":false,"touchDistance":1,"touchZone":"none","type":0,"width":20.8374},{"bases":[[[0.925932,0.00520674,-0.377654],[0.147653,0.91534,0.374635],[0.347633,-0.402648,0.846774]],[[0.982345,-0.0917285,-0.163048],[-0.0448039,0.730826,-0.681092],[0.181635,0.676372,0.713814]],[[0.982345,-0.0917285,-0.163048],[-0.182285,-0.665367,-0.72392],[-0.0420825,0.74086,-0.67034]],[[0.982345,-0.0917285,-0.163048],[-0.110046,-0.988139,-0.107102],[-0.15129,0.123154,-0.980788]]],"btipPosition":[81.7516,162.741,31.5147],"carpPosition":[111.933,182.77,92.2597],"dipPosition":[79.1164,164.886,14.4311],"direction":[0.0420825,-0.74086,0.67034],"extended":false,"handId":119,"id":1191,"length":59.9526,"mcpPosition":[86.0348,212.766,29.1775],"pipPosition":[78.0794,183.142,-2.08682],"stabilizedTipPosition":[75.4439,155.828,41.819],"timeVisible":0.04033,"tipPosition":[82.4938,162.703,32.8175],"tipVelocity":[172.41,223.968,-430.41],"tool":false,"touchDistance":0.333333,"touchZone":"none","type":1,"width":19.9039},{"bases":[[[0.925557,-0.20536,-0.318076],[0.309663,0.89398,0.323894],[0.217838,-0.398279,0.891022]],[[0.934005,-0.222159,-0.279787],[-0.0522717,0.689739,-0.722169],[0.353416,0.689134,0.632607]],[[0.934005,-0.222159,-0.279787],[-0.354024,-0.680715,-0.641321],[-0.0479802,0.698049,-0.714441]],[[0.934005,-0.222159,-0.279787],[-0.245146,-0.968218,-0.0495698],[-0.259883,0.114887,-0.958782]]],"btipPosition":[97.014,156.489,32.788],"carpPosition":[123.4,184.652,87.7423],"dipPosition":[92.0352,158.69,14.4197],"direction":[0.0479802,-0.698049,0.714441],"extended":false,"handId":119,"id":1192,"length":68.3112,"mcpPosition":[108.011,212.79,24.7936],"pipPosition":[90.6442,178.926,-6.29199],"stabilizedTipPosition":[92.8882,148.133,41.3047],"timeVisible":0.04033,"tipPosition":[99.0375,156.76,33.4516],"tipVelocity":[94.2743,280.298,-402.997],"tool":false,"touchDistance":0.333333,"touchZone":"none","type":2,"width":19.5482},{"bases":[[[0.92153,-0.328536,-0.206993],[0.381785,0.863872,0.32858],[0.0708651,-0.381824,0.921514]],[[0.921358,-0.327621,-0.209198],[0.0763879,0.680286,-0.728955],[0.381135,0.655648,0.651814]],[[0.921358,-0.327621,-0.209198],[-0.381074,-0.655106,-0.652394],[0.0766914,0.680808,-0.728436]],[[0.921358,-0.327621,-0.209198],[-0.354755,-0.9287,-0.108008],[-0.158896,0.173728,-0.97189]]],"btipPosition":[113.964,155.074,34.303],"carpPosition":[134.959,183.256,83.3599],"dipPosition":[110.938,158.384,15.7906],"direction":[-0.0766914,-0.680808,0.728436],"extended":false,"handId":119,"id":1193,"length":65.683,"mcpPosition":[130.464,207.475,24.9084],"pipPosition":[113.104,177.611,-4.78139],"stabilizedTipPosition":[109.836,149.122,36.3227],"timeVisible":0.04033,"tipPosition":[115.276,155.223,35.0272],"tipVelocity":[181.357,354.708,-331.692],"tool":false,"touchDistance":0.333333,"touchZone":"none","type":3,"width":18.6014},{"bases":[[[0.847704,-0.50871,-0.150373],[0.52522,0.765106,0.372499],[-0.0744427,-0.394748,0.915769]],[[0.850917,-0.476902,-0.220238],[0.254951,0.741507,-0.620618],[0.459282,0.471945,0.752548]],[[0.850917,-0.476902,-0.220238],[-0.459079,-0.471355,-0.753042],[0.255317,0.741883,-0.620019]],[[0.850917,-0.476902,-0.220238],[-0.515486,-0.83875,-0.175423],[-0.101065,0.2628,-0.959543]]],"btipPosition":[129.982,161.346,27.0072],"carpPosition":[145.482,174.591,78.6809],"dipPosition":[128.206,165.964,10.1457],"direction":[-0.255317,-0.741883,0.620019],"extended":false,"handId":119,"id":1194,"length":51.4943,"mcpPosition":[149.853,197.769,24.9104],"pipPosition":[133.297,180.757,-2.21723],"stabilizedTipPosition":[128.87,161.09,23.6236],"timeVisible":0.04033,"tipPosition":[130.27,159.9,27.1633],"tipVelocity":[287.415,539,-202.203],"tool":false,"touchDistance":0.333333,"touchZone":"none","type":4,"width":16.5232}],"r":[[0.998912,0.0272827,0.0378302],[-0.0288388,0.998734,0.0412156],[-0.0366579,-0.0422617,0.998434]],"s":0.980251,"t":[2.36034,6.69895,2.50199],"timestamp":257491092922},{"currentFrameRate":24.5457,"devices":[],"gestures":[],"hands":[{"armBasis":[[0.923572,0.0677097,-0.3774],[0.165962,0.81671,0.552668],[0.345648,-0.573062,0.743053]],"armWidth":65.2495,"confidence":0.402436,"direction":[-0.0798465,0.587983,-0.804923],"elbow":[229.303,4.43133,309.424],"grabAngle":3.14159,"grabStrength":1,"id":119,"palmNormal":[-0.167768,-0.803909,-0.5706],"palmPosition":[117.42,203.252,43.9283],"palmVelocity":[78.9673,192.58,20.3902],"palmWidth":92.1373,"pinchDistance":20.0241,"pinchStrength":0.761726,"r":[[0.995348,0.0426701,0.086385],[-0.0502073,0.994938,0.0870477],[-0.0822334,-0.0909799,0.992452]],"s":0.9713,"sphereCenter":[109.374,178.702,7.6676],"sphereRadius":37.817,"stabilizedPalmPosition":[116.588,201.107,43.482],"t":[5.14513,13.9617,4.16731],"timeVisible":0.08097,"type":"right","wrist":[134.802,161.109,106.271]}],"id":87504,"interactionBox":{"center":[0,200,0],"size":[235.247,235.247,147.751]},"pointables":[{"bases":[[[0.529866,0.797766,0.28777],[-0.684591,0.202063,0.700361],[0.500576,-0.568102,0.65321]],[[0.31874,0.947067,0.0383216],[-0.674985,0.198413,0.710653],[0.665433,-0.25238,0.702498]],[[0.31874,0.947067,0.0383216],[-0.926578,0.302818,0.223059],[0.199647,-0.106606,0.974051]],[[0.31874,0.947067,0.0383216],[-0.906634,0.316424,-0.279087],[-0.27644,0.0542124,0.959501]]],"btipPosition":[66.2019,180.85,-1.82877],"carpPosition":[100.181,165.681,90.4309],"dipPosition":[59.6062,182.143,21.0642],"direction":[-0.199647,0.106606,-0.974051],"extended":false,"handId":119,"id":1190,"length":53.1312,"mcpPosition":[100.181,165.681,90.4309],"pipPosition":[66.5458,178.438,54.9218],"stabilizedTipPosition":[63.5548,175.563,5.17175],"timeVisible":0.08097,"tipPosition":[71.7565,184.503,1.25751],"tipVelocity":[19.8079,235.514,-83.4733],"tool":false,"touchDistance":1,"touchZone":"none","type":0,"width":20.8374},{"bases":[[[0.955232,0.0105139,-0.29567],[0.129763,0.883227,0.450636],[0.265882,-0.468829,0.842322]],[[0.979437,-0.043368,-0.197034],[-0.103863,0.728876,-0.676722],[0.172961,0.683271,0.709383]],[[0.979437,-0.043368,-0.197034],[-0.180783,-0.622191,-0.761706],[-0.0895591,0.781664,-0.617237]],[[0.979437,-0.043368,-0.197034],[-0.06218,-0.99397,-0.0903134],[-0.191929,0.100708,-0.976228]]],"btipPosition":[88.8298,171.223,30.0699],"carpPosition":[110.663,187.238,91.6772],"dipPosition":[85.4867,172.977,13.0657],"direction":[0.0895591,-0.781664,0.617237],"extended":false,"handId":119,"id":1191,"length":59.9526,"mcpPosition":[90.8554,222.165,28.9266],"pipPosition":[83.2799,192.238,-2.14363],"stabilizedTipPosition":[82.9103,165.177,32.5519],"timeVisible":0.08097,"tipPosition":[86.6192,171.961,28.062],"tipVelocity":[170.163,206.488,-35.1006],"tool":false,"touchDistance":0.333333,"touchZone":"none","type":1,"width":19.9039},{"bases":[[[0.94616,-0.203647,-0.251612],[0.295194,0.861781,0.412545],[0.132821,-0.464608,0.875499]],[[0.940292,-0.185461,-0.285404],[-0.0680081,0.719234,-0.691432],[0.333505,0.669557,0.663677]],[[0.940292,-0.185461,-0.285404],[-0.336469,-0.63305,-0.697164],[-0.0513783,0.751567,-0.657653]],[[0.940292,-0.185461,-0.285404],[-0.209602,-0.976169,-0.0562232],[-0.268175,0.112687,-0.956757]]],"btipPosition":[103.366,165.145,31.2352],"carpPosition":[122.51,189.17,88.3047],"dipPosition":[98.228,167.304,12.9058],"direction":[0.0513783,-0.751567,0.657653],"extended":false,"handId":119,"id":1192,"length":68.3112,"mcpPosition":[113.127,221.993,26.4527],"pipPosition":[96.7386,189.092,-6.15966],"stabilizedTipPosition":[98.653,158.991,32.4457],"timeVisible":0.08097,"tipPosition":[102.442,165.701,29.6681],"tipVelocity":[155.394,212.759,-37.9876],"tool":false,"touchDistance":0.333333,"touchZone":"none","type":2,"width":19.5482},{"bases":[[[0.93043,-0.33418,-0.150412],[0.366122,0.82978,0.421213],[-0.0159521,-0.446978,0.894403]],[[0.930463,-0.319677,-0.17901],[0.106606,0.703665,-0.702489],[0.350533,0.634556,0.688814]],[[0.930463,-0.319677,-0.17901],[-0.34635,-0.608094,-0.714327],[0.119499,0.726655,-0.67653]],[[0.930463,-0.319677,-0.17901],[-0.333946,-0.940962,-0.0554185],[-0.150726,0.111345,-0.982285]]],"btipPosition":[118.923,164.626,34.5483],"carpPosition":[134.381,187.821,84.8388],"dipPosition":[116.052,166.747,15.8379],"direction":[-0.119499,-0.726655,0.67653],"extended":false,"handId":119,"id":1193,"length":65.683,"mcpPosition":[135.393,216.172,28.107],"pipPosition":[119.427,187.269,-3.2682],"stabilizedTipPosition":[117.012,162.741,31.1469],"timeVisible":0.08097,"tipPosition":[118.473,163.921,32.6638],"tipVelocity":[122.887,228.303,4.91523],"tool":false,"touchDistance":0.333333,"touchZone":"none","type":3,"width":18.6014},{"bases":[[[0.848961,-0.516146,-0.113399],[0.503523,0.72493,0.470043],[-0.160405,-0.456147,0.875329]],[[0.856832,-0.488834,-0.163952],[0.285651,0.714788,-0.638343],[0.429235,0.50012,0.752089]],[[0.856832,-0.488834,-0.163952],[-0.408799,-0.450314,-0.793788],[0.314201,0.747167,-0.585679]],[[0.856832,-0.488834,-0.163952],[-0.511175,-0.846945,-0.146236],[-0.0673736,0.209108,-0.975569]]],"btipPosition":[133.989,169.449,30.7818],"carpPosition":[145.125,179.267,80.4676],"dipPosition":[132.805,173.124,13.6387],"direction":[-0.314201,-0.747167,0.585679],"extended":false,"handId":119,"id":1194,"length":51.4943,"mcpPosition":[154.543,206.05,29.0715],"pipPosition":[139.07,188.022,1.96046],"stabilizedTipPosition":[133.562,170.001,26.7365],"timeVisible":0.08097,"tipPosition":[134.098,168.962,26.8985],"tipVelocity":[101.961,194.054,91.2848],"tool":false,"touchDistance":0.333333,"touchZone":"none","type":4,"width":16.5232}],"r":[[0.995348,0.0426701,0.086385],[-0.0502073,0.994938,0.0870477],[-0.0822334,-0.0909799,0.992452]],"s":0.9713,"t":[5.14513,13.9617,4.16731],"timestamp":257491133562},{"currentFrameRate":27.7855,"devices":[],"gestures":[],"hands":[{"armBasis":[[0.923555,0.0951042,-0.371486],[0.155991,0.791804,0.590519],[0.350305,-0.603325,0.716439]],"armWidth":65.2495,"confidence":0.460258,"direction":[-0.0904898,0.568659,-0.817581],"elbow":[231.39,-0.996047,302.457],"grabAngle":3.14159,"grabStrength":1,"id":119,"palmNormal":[-0.151935,-0.819222,-0.552984],"palmPosition":[117.536,204.985,43.7495],"palmVelocity":[8.61218,128.403,-13.2544],"palmWidth":92.1373,"pinchDistance":21.0377,"pinchStrength":0.71018,"r":[[0.990438,0.0572435,0.125519],[-0.0722437,0.990333,0.11841],[-0.117527,-0.126346,0.984999]],"s":0.967803,"sphereCenter":[111.342,179.189,7.70236],"sphereRadius":38.1256,"stabilizedPalmPosition":[117.025,202.895,43.6053],"t":[6.59563,18.4593,4.91055],"timeVisible":0.094464,"type":"right","wrist":[135.615,163.956,106.58]}],"id":87505,"interactionBox":{"center":[0,200,0],"size":[235.247,235.247,147.751]},"pointables":[{"bases":[[[0.514293,0.813848,0.27047],[-0.688848,0.20414,0.695569],[0.510874,-0.544039,0.665605]],[[0.300283,0.95369,0.0174866],[-0.689534,0.204369,0.694821],[0.65907,-0.2207,0.71897]],[[0.300283,0.95369,0.0174866],[-0.927668,0.287725,0.238006],[0.221953,-0.0876908,0.971106]],[[0.300283,0.95369,0.0174866],[-0.925913,0.295843,-0.234868],[-0.229164,0.0543356,0.97187]]],"btipPosition":[65.4242,181.02,-2.23006],"carpPosition":[100.985,168.113,91.055],"dipPosition":[59.9565,182.317,20.9581],"direction":[-0.221953,0.0876908,-0.971106],"extended":false,"handId":119,"id":1190,"length":53.1312,"mcpPosition":[100.985,168.113,91.055],"pipPosition":[67.6715,179.269,54.7132],"stabilizedTipPosition":[63.7054,176.98,4.66252],"timeVisible":0.094464,"tipPosition":[71.616,184.187,1.61417],"tipVelocity":[-38.4028,12.6883,-24.7083],"tool":false,"touchDistance":1,"touchZone":"none","type":0,"width":20.8374},{"bases":[[[0.955074,0.0223522,-0.295525],[0.112507,0.895164,0.431305],[0.274184,-0.445177,0.852432]],[[0.977821,-0.0225707,-0.208222],[-0.133014,0.701019,-0.700628],[0.161782,0.712785,0.682469]],[[0.977821,-0.0225707,-0.208222],[-0.171067,-0.659666,-0.731831],[-0.120839,0.75122,-0.648896]],[[0.977821,-0.0225707,-0.208222],[-0.0327654,-0.99842,-0.0456419],[-0.206863,0.0514521,-0.977016]]],"btipPosition":[90.1206,172.427,31.4463],"carpPosition":[111.052,189.889,91.8342],"dipPosition":[86.5174,173.324,14.4284],"direction":[0.120839,-0.75122,0.648896],"extended":false,"handId":119,"id":1191,"length":59.9526,"mcpPosition":[90.6257,223.054,28.3303],"pipPosition":[83.5398,191.834,-1.56109],"stabilizedTipPosition":[84.358,166.868,31.4131],"timeVisible":0.094464,"tipPosition":[87.4759,172.762,28.4937],"tipVelocity":[91.2249,74.6383,101.766],"tool":false,"touchDistance":0.333333,"touchZone":"none","type":1,"width":19.9039},{"bases":[[[0.950069,-0.190932,-0.246809],[0.278346,0.876064,0.393744],[0.141042,-0.442783,0.885466]],[[0.94423,-0.174497,-0.279249],[-0.0828922,0.694774,-0.714436],[0.318681,0.697739,0.641562]],[[0.94423,-0.174497,-0.279249],[-0.32244,-0.66199,-0.67661],[-0.0667936,0.728917,-0.681336]],[[0.94423,-0.174497,-0.279249],[-0.187594,-0.982029,-0.0206677],[-0.270624,0.0719006,-0.959996]]],"btipPosition":[104.359,166.46,32.4857],"carpPosition":[122.862,191.973,88.424],"dipPosition":[99.1746,167.837,14.0942],"direction":[0.0667936,-0.728917,0.681336],"extended":false,"handId":119,"id":1192,"length":68.3112,"mcpPosition":[112.898,223.255,25.8679],"pipPosition":[97.2383,188.969,-5.65779],"stabilizedTipPosition":[99.7524,160.887,31.4252],"timeVisible":0.094464,"tipPosition":[103.285,166.849,30.2262],"tipVelocity":[72.8256,84.1151,91.6124],"tool":false,"touchDistance":0.333333,"touchZone":"none","type":2,"width":19.5482},{"bases":[[[0.936765,-0.319504,-0.142791],[0.349867,0.845623,0.403131],[-0.00805504,-0.427597,0.903934]],[[0.936354,-0.302402,-0.178309],[0.0850136,0.688128,-0.720592],[0.340608,0.659571,0.67004]],[[0.936354,-0.302402,-0.178309],[-0.33581,-0.623488,-0.706041],[0.102334,0.720983,-0.685355]],[[0.936354,-0.302402,-0.178309],[-0.312363,-0.949488,-0.0300364],[-0.160219,0.0838219,-0.983516]]],"btipPosition":[119.918,165.897,35.225],"carpPosition":[134.76,190.776,84.9922],"dipPosition":[116.866,167.494,16.4912],"direction":[-0.102334,-0.720983,0.685355],"extended":false,"handId":119,"id":1193,"length":65.683,"mcpPosition":[135.271,217.899,27.6558],"pipPosition":[119.756,187.856,-2.86418],"stabilizedTipPosition":[118.021,164.354,31.0413],"timeVisible":0.094464,"tipPosition":[119.347,165.463,33.2933],"tipVelocity":[70.6553,85.2893,49.7492],"tool":false,"touchDistance":0.333333,"touchZone":"none","type":3,"width":18.6014},{"bases":[[[0.858765,-0.502146,-0.101843],[0.489214,0.744513,0.45428],[-0.152292,-0.439943,0.885018]],[[0.866053,-0.476238,-0.152153],[0.275707,0.708819,-0.649278],[0.417059,0.520359,0.745176]],[[0.866053,-0.476238,-0.152153],[-0.387198,-0.446388,-0.806731],[0.316277,0.757585,-0.570994]],[[0.866053,-0.476238,-0.152153],[-0.497023,-0.853037,-0.159047],[-0.0540475,0.213367,-0.975476]]],"btipPosition":[134.219,170.555,30.512],"carpPosition":[145.668,182.336,80.812],"dipPosition":[133.269,174.305,13.3706],"direction":[-0.316277,-0.757585,0.570994],"extended":false,"handId":119,"id":1194,"length":51.4943,"mcpPosition":[154.61,208.168,28.847],"pipPosition":[139.576,189.411,1.98514],"stabilizedTipPosition":[133.882,171.034,26.6148],"timeVisible":0.094464,"tipPosition":[134.819,170.71,27.4144],"tipVelocity":[21.0461,83.2519,-19.9641],"tool":false,"touchDistance":0.333333,"touchZone":"none","type":4,"width":16.5232}],"r":[[0.990438,0.0572435,0.125519],[-0.0722437,0.990333,0.11841],[-0.117527,-0.126346,0.984999]],"s":0.967803,"t":[6.59563,18.4593,4.91055],"timestamp":257491147056},{"currentFrameRate":30.7631,"devices":[],"gestures":[],"hands":[{"armBasis":[[0.924274,0.11382,-0.364365],[0.140262,0.78648,0.601478],[0.355026,-0.607037,0.710959]],"armWidth":65.2495,"confidence":0.515754,"direction":[-0.091429,0.560159,-0.823324],"elbow":[232.948,-0.617514,300.688],"grabAngle":3.14159,"grabStrength":1,"id":119,"palmNormal":[-0.134398,-0.826163,-0.547166],"palmPosition":[117.744,205.734,43.1008],"palmVelocity":[15.0128,54.1717,-46.8762],"palmWidth":92.1373,"pinchDistance":22.1954,"pinchStrength":0.676499,"r":[[0.98476,0.0709809,0.158776],[-0.0937485,0.985584,0.140841],[-0.14649,-0.15358,0.977217]],"s":0.967172,"sphereCenter":[112.576,179.49,7.10033],"sphereRadius":38.3558,"stabilizedPalmPosition":[117.299,203.976,43.4131],"t":[7.42475,21.083,4.95783],"timeVisible":0.108302,"type":"right","wrist":[135.882,165.349,106.309]}],"id":87506,"interactionBox":{"center":[0,200,0],"size":[235.247,235.247,147.751]},"pointables":[{"bases":[[[0.499414,0.823852,0.268054],[-0.698304,0.199653,0.687393],[0.512793,-0.530477,0.675009]],[[0.281077,0.959661,0.00680477],[-0.698014,0.199566,0.687714],[0.658614,-0.19805,0.72595]],[[0.281077,0.959661,0.00680477],[-0.931683,0.271168,0.241732],[0.230135,-0.0742851,0.970319]],[[0.281077,0.959661,0.00680477],[-0.936909,0.275935,-0.214618],[-0.207839,0.0539488,0.976674]]],"btipPosition":[64.9794,180.33,-3.15209],"carpPosition":[101.311,169.025,90.5731],"dipPosition":[60.0205,181.617,20.1507],"direction":[-0.230135,0.0742851,-0.970319],"extended":false,"handId":119,"id":1190,"length":53.1312,"mcpPosition":[101.311,169.025,90.5731],"pipPosition":[68.0199,179.035,53.8785],"stabilizedTipPosition":[63.7304,177.663,4.20234],"timeVisible":0.108302,"tipPosition":[71.8303,183.616,0.848987],"tipVelocity":[-23.6876,-50.0145,-64.7251],"tool":false,"touchDistance":1,"touchZone":"none","type":0,"width":20.8374},{"bases":[[[0.957342,0.0342859,-0.286916],[0.094966,0.900448,0.424471],[0.272907,-0.433611,0.85878]],[[0.974895,0.00214282,-0.222657],[-0.163076,0.687738,-0.707405],[0.151614,0.725956,0.670822]],[[0.974895,0.00214282,-0.222657],[-0.163587,-0.6715,-0.722722],[-0.151063,0.741001,-0.654291]],[[0.974895,0.00214282,-0.222657],[-0.00533977,-0.999441,-0.0329985],[-0.222603,0.033359,-0.974338]]],"btipPosition":[91.6681,172.623,30.9898],"carpPosition":[111.04,190.957,91.2541],"dipPosition":[87.7907,173.205,14.0185],"direction":[0.151063,-0.741001,0.654291],"extended":false,"handId":119,"id":1191,"length":59.9526,"mcpPosition":[90.7089,223.26,27.2774],"pipPosition":[84.0684,191.464,-2.1039],"stabilizedTipPosition":[86.0091,168.383,30.3001],"timeVisible":0.108302,"tipPosition":[88.421,172.922,27.8194],"tipVelocity":[107.27,8.93458,-32.2147],"tool":false,"touchDistance":0.333333,"touchZone":"none","type":1,"width":19.9039},{"bases":[[[0.9551,-0.178622,-0.236384],[0.261417,0.883543,0.388604],[0.139442,-0.432951,0.890567]],[[0.948139,-0.159639,-0.274861],[-0.0944346,0.684211,-0.723144],[0.303505,0.711597,0.633651]],[[0.948139,-0.159639,-0.274861],[-0.308149,-0.673722,-0.671672],[-0.0779546,0.721536,-0.687975]],[[0.948139,-0.159639,-0.274861],[-0.167739,-0.985813,-0.00605947],[-0.269994,0.05185,-0.961465]]],"btipPosition":[105.516,166.9,32.2453],"carpPosition":[122.849,193.191,87.9346],"dipPosition":[100.344,167.893,13.8256],"direction":[0.0779546,-0.721536,0.687975],"extended":false,"handId":119,"id":1192,"length":68.3112,"mcpPosition":[112.998,223.778,25.0181],"pipPosition":[98.0837,188.81,-6.11883],"stabilizedTipPosition":[101.02,162.617,30.4783],"timeVisible":0.108302,"tipPosition":[104.199,167.269,29.7456],"tipVelocity":[83.8041,25.3869,-17.8439],"tool":false,"touchDistance":0.333333,"touchZone":"none","type":2,"width":19.5482},{"bases":[[[0.942768,-0.306481,-0.131371],[0.333299,0.854271,0.398914],[-0.0100332,-0.419869,0.907529]],[[0.942199,-0.286425,-0.173844],[0.0725224,0.680893,-0.728783],[0.327111,0.674051,0.662309]],[[0.942199,-0.286425,-0.173844],[-0.322168,-0.631962,-0.704863],[0.0920277,0.720128,-0.687711]],[[0.942199,-0.286425,-0.173844],[-0.293333,-0.955895,-0.0148725],[-0.161917,0.065007,-0.984661]]],"btipPosition":[121.016,166.498,35.0681],"carpPosition":[134.794,192.145,84.6229],"dipPosition":[117.932,167.737,16.3125],"direction":[-0.0920277,-0.720128,0.687711],"extended":false,"handId":119,"id":1193,"length":65.683,"mcpPosition":[135.431,218.777,27.0585],"pipPosition":[120.531,188.074,-3.10943],"stabilizedTipPosition":[119.131,165.534,30.9019],"timeVisible":0.108302,"tipPosition":[120.249,166.167,32.9681],"tipVelocity":[78.839,37.469,-11.7008],"tool":false,"touchDistance":0.333333,"touchZone":"none","type":3,"width":18.6014},{"bases":[[[0.867153,-0.489925,-0.0895455],[0.473672,0.75573,0.452225],[-0.153885,-0.434564,0.887397]],[[0.874734,-0.463379,-0.141848],[0.266023,0.703816,-0.658692],[0.405059,0.538445,0.738921]],[[0.874734,-0.463379,-0.141848],[-0.372395,-0.455442,-0.808638],[0.310102,0.760166,-0.57095]],[[0.874734,-0.463379,-0.141848],[-0.481577,-0.863862,-0.147737],[-0.0540793,0.197541,-0.978802]]],"btipPosition":[135.068,171.313,30.4606],"carpPosition":[145.867,183.835,80.6172],"dipPosition":[134.118,174.784,13.2607],"direction":[-0.310102,-0.760166,0.57095],"extended":false,"handId":119,"id":1194,"length":51.4943,"mcpPosition":[154.903,209.351,28.5125],"pipPosition":[140.301,189.942,1.87614],"stabilizedTipPosition":[134.649,171.888,26.5275],"timeVisible":0.108302,"tipPosition":[135.681,171.594,27.2157],"tipVelocity":[61.3526,50.1276,-4.68737],"tool":false,"touchDistance":0.333333,"touchZone":"none","type":4,"width":16.5232}],"r":[[0.98476,0.0709809,0.158776],[-0.0937485,0.985584,0.140841],[-0.14649,-0.15358,0.977217]],"s":0.967172,"t":[7.42475,21.083,4.95783],"timestamp":257491160894},{"currentFrameRate":33.5371,"devices":[],"gestures":[],"hands":[{"armBasis":[[0.924275,0.127611,-0.359765],[0.127126,0.785767,0.605317],[0.359937,-0.605215,0.710043]],"armWidth":65.2495,"confidence":0.567314,"direction":[-0.0960863,0.54556,-0.832546],"elbow":[234.074,1.12491,300.067],"grabAngle":3.14159,"grabStrength":1,"id":119,"palmNormal":[-0.119177,-0.836704,-0.53453],"palmPosition":[117.22,205.86,42.1388],"palmVelocity":[-37.8147,9.08942,-69.4096],"palmWidth":92.1373,"pinchDistance":23.2945,"pinchStrength":0.651952,"r":[[0.978856,0.0847399,0.186173],[-0.114416,0.981278,0.154927],[-0.169559,-0.172952,0.970225]],"s":0.968782,"sphereCenter":[112.551,178.973,6.48499],"sphereRadius":38.5181,"stabilizedPalmPosition":[117.279,204.453,43.0907],"t":[7.57726,22.4578,4.50046],"timeVisible":0.122162,"type":"right","wrist":[135.666,166.593,105.938]}],"id":87507,"interactionBox":{"center":[0,200,0],"size":[235.247,235.247,147.751]},"pointables":[{"bases":[[[0.485499,0.835569,0.257128],[-0.704511,0.19979,0.680991],[0.517643,-0.51177,0.685665]],[[0.263207,0.96468,-0.0107212],[-0.700921,0.198854,0.684958],[0.662897,-0.172771,0.728504]],[[0.263207,0.96468,-0.0107212],[-0.934259,0.257646,0.246534],[0.240589,-0.0548732,0.969075]],[[0.263207,0.96468,-0.0107212],[-0.946263,0.255986,-0.19763],[-0.187905,0.0621625,0.980218]]],"btipPosition":[63.7385,178.817,-3.77973],"carpPosition":[101.125,169.66,90.1158],"dipPosition":[59.2553,180.301,19.6076],"direction":[-0.240589,0.0548732,-0.969075],"extended":false,"handId":119,"id":1190,"length":53.1312,"mcpPosition":[101.125,169.66,90.1158],"pipPosition":[67.618,178.393,53.2921],"stabilizedTipPosition":[63.519,177.972,3.66426],"timeVisible":0.122162,"tipPosition":[71.1588,182.13,0.157346],"tipVelocity":[-81.635,-105.898,-43.8806],"tool":false,"touchDistance":1,"touchZone":"none","type":0,"width":20.8374},{"bases":[[[0.958051,0.0444211,-0.283135],[0.0791939,0.908419,0.410491],[0.27544,-0.415694,0.866794]],[[0.97293,0.0192478,-0.230298],[-0.183432,0.670472,-0.718902],[0.140571,0.741685,0.655853]],[[0.97293,0.0192478,-0.230298],[-0.154933,-0.685084,-0.711797],[-0.171474,0.72821,-0.663557]],[[0.97293,0.0192478,-0.230298],[0.0151672,-0.999695,-0.0194761],[-0.230602,0.0154559,-0.972925]]],"btipPosition":[92.0804,172.017,30.489],"carpPosition":[110.515,191.747,90.4909],"dipPosition":[88.0637,172.287,13.5423],"direction":[0.171474,-0.72821,0.663557],"extended":false,"handId":119,"id":1191,"length":59.9526,"mcpPosition":[89.9953,222.715,25.9172],"pipPosition":[83.8384,190.23,-2.80845],"stabilizedTipPosition":[87.2364,169.265,29.4158],"timeVisible":0.122162,"tipPosition":[88.5366,172.357,27.2355],"tipVelocity":[27.4354,-48.9075,-35.728],"tool":false,"touchDistance":0.333333,"touchZone":"none","type":1,"width":19.9039},{"bases":[[[0.958823,-0.167668,-0.229228],[0.246052,0.893504,0.375645],[0.141832,-0.416579,0.897967]],[[0.951049,-0.147792,-0.271411],[-0.105941,0.669106,-0.735577],[0.290315,0.728323,0.620696]],[[0.951049,-0.147792,-0.271411],[-0.295916,-0.688726,-0.661883],[-0.0891066,0.709798,-0.698746]],[[0.951049,-0.147792,-0.271411],[-0.150673,-0.98853,0.0103136],[-0.269822,0.0310857,-0.962408]]],"btipPosition":[105.771,166.578,31.944],"carpPosition":[122.304,194.109,87.1891],"dipPosition":[100.601,167.173,13.5063],"direction":[0.0891066,-0.709798,0.698746],"extended":false,"handId":119,"id":1192,"length":68.3112,"mcpPosition":[112.284,223.539,23.7498],"pipPosition":[98.0181,187.75,-6.75047],"stabilizedTipPosition":[101.924,163.657,29.7743],"timeVisible":0.122162,"tipPosition":[104.33,166.981,29.3177],"tipVelocity":[18.408,-29.8253,-22.0381],"tool":false,"touchDistance":0.333333,"touchZone":"none","type":2,"width":19.5482},{"bases":[[[0.94795,-0.294019,-0.122247],[0.318322,0.865507,0.386742],[-0.00790369,-0.405526,0.91405]],[[0.947083,-0.272587,-0.169498],[0.059712,0.668449,-0.741357],[0.315385,0.692006,0.649354]],[[0.947083,-0.272587,-0.169498],[-0.310821,-0.646957,-0.696302],[0.0801454,0.71214,-0.697448]],[[0.947083,-0.272587,-0.169498],[-0.275896,-0.961179,0.00418231],[-0.164058,0.0428027,-0.985522]]],"btipPosition":[121.277,166.469,34.8612],"carpPosition":[134.28,193.194,83.9481],"dipPosition":[118.152,167.284,16.0892],"direction":[-0.0801454,-0.71214,0.697448],"extended":false,"handId":119,"id":1193,"length":65.683,"mcpPosition":[134.781,218.917,25.9701],"pipPosition":[120.415,187.396,-3.6077],"stabilizedTipPosition":[119.718,165.995,30.7547],"timeVisible":0.122162,"tipPosition":[120.379,166.187,32.6214],"tipVelocity":[18.1273,-9.14584,-15.1998],"tool":false,"touchDistance":0.333333,"touchZone":"none","type":3,"width":18.6014},{"bases":[[[0.874949,-0.477916,-0.0778435],[0.459931,0.769989,0.442244],[-0.151417,-0.422744,0.89351]],[[0.882266,-0.45256,-0.1296],[0.259029,0.696582,-0.669087],[0.393079,0.556743,0.731797]],[[0.882266,-0.45256,-0.1296],[-0.359832,-0.470816,-0.805514],[0.303526,0.757312,-0.578231]],[[0.882266,-0.45256,-0.1296],[-0.467827,-0.873544,-0.134387],[-0.0523928,0.179195,-0.982418]]],"btipPosition":[135.086,171.497,30.0749],"carpPosition":[145.497,184.993,80.1249],"dipPosition":[134.166,174.645,12.8114],"direction":[-0.303526,-0.757312,0.578231],"extended":false,"handId":119,"id":1194,"length":51.4943,"mcpPosition":[154.388,209.815,27.6613],"pipPosition":[140.218,189.746,1.28173],"stabilizedTipPosition":[134.767,172.062,26.3063],"timeVisible":0.122162,"tipPosition":[135.747,171.753,26.8765],"tipVelocity":[1.79904,7.91061,-28.8837],"tool":false,"touchDistance":0.333333,"touchZone":"none","type":4,"width":16.5232}],"r":[[0.978856,0.0847399,0.186173],[-0.114416,0.981278,0.154927],[-0.169559,-0.172952,0.970225]],"s":0.968782,"t":[7.57726,22.4578,4.50046],"timestamp":257491174754},{"currentFrameRate":36.2251,"devices":[],"gestures":[],"hands":[{"armBasis":[[0.925723,0.137767,-0.352218],[0.115281,0.78419,0.609718],[0.360205,-0.605034,0.710061]],"armWidth":65.2495,"confidence":0.612825,"direction":[-0.102367,0.536777,-0.837491],"elbow":[233.738,1.85509,299.478],"grabAngle":3.14159,"grabStrength":1,"id":119,"palmNormal":[-0.105436,-0.843026,-0.527438],"palmPosition":[116.448,205.828,41.2329],"palmVelocity":[-58.1882,-2.42428,-68.2949],"palmWidth":92.1373,"pinchDistance":24.0866,"pinchStrength":0.640199,"r":[[0.973061,0.098547,0.208426],[-0.134093,0.977314,0.163941],[-0.187542,-0.187473,0.9642]],"s":0.971705,"sphereCenter":[112.054,178.584,5.79007],"sphereRadius":38.6245,"stabilizedPalmPosition":[117.123,204.711,42.742],"t":[7.26758,23.1292,3.81881],"timeVisible":0.135427,"type":"right","wrist":[135.257,167.274,105.344]}],"id":87508,"interactionBox":{"center":[0,200,0],"size":[235.247,235.247,147.751]},"pointables":[{"bases":[[[0.472358,0.844962,0.250833],[-0.708954,0.195139,0.67772],[0.523701,-0.497955,0.691215]],[[0.247161,0.96876,-0.0203883],[-0.701118,0.193322,0.686338],[0.668838,-0.155341,0.726997]],[[0.247161,0.96876,-0.0203883],[-0.936495,0.244225,0.251657],[0.248774,-0.0431061,0.967602]],[[0.247161,0.96876,-0.0203883],[-0.952726,0.239125,-0.187438],[-0.176707,0.0657519,0.982065]]],"btipPosition":[62.5504,177.592,-4.32154],"carpPosition":[100.789,169.811,89.4907],"dipPosition":[58.3343,179.161,19.1098],"d