{"frames":259,"data":[{"currentFrameRate":23.4939,"devices":[],"gestures":[],"hands":[],"id":92792,"interactionBox":{"center":[0,200,0],"size":[235.247,235.247,147.751]},"pointables":[],"r":[[-0.962136,-0.269906,0.0380192],[0.215739,-0.839331,-0.498979],[0.166588,-0.471883,0.86578]],"s":0.686793,"t":[505.899,-233.461,348.339],"timestamp":257626774174},{"currentFrameRate":23.8584,"devices":[],"gestures":[],"hands":[],"id":92793,"interactionBox":{"center":[0,200,0],"size":[235.247,235.247,147.751]},"pointables":[],"r":[[-0.962136,-0.269906,0.0380192],[0.215739,-0.839331,-0.498979],[0.166588,-0.471883,0.86578]],"s":0.686793,"t":[505.899,-233.461,348.339],"timestamp":257626813323},{"currentFrameRate":24.135,"devices":[],"gestures":[],"hands":[],"id":92794,"interactionBox":{"center":[0,200,0],"size":[235.247,235.247,147.751]},"pointables":[],"r":[[-0.962136,-0.269906,0.0380192],[0.215739,-0.839331,-0.498979],[0.166588,-0.471883,0.86578]],"s":0.686793,"t":[505.899,-233.461,348.339],"timestamp":257626852683},{"currentFrameRate":24.352,"devices":[],"gestures":[],"hands":[],"id":92795,"interactionBox":{"center":[0,200,0],"size":[235.247,235.247,147.751]},"pointables":[],"r":[[-0.962136,-0.269906,0.0380192],[0.215739,-0.839331,-0.498979],[0.166588,-0.471883,0.86578]],"s":0.686793,"t":[505.899,-233.461,348.339],"timestamp":257626892135},{"currentFrameRate":20.5853,"devices":[],"gestures":[],"hands":[],"id":92796,"interactionBox":{"center":[0,200,0],"size":[235.247,235.247,147.751]},"pointables":[],"r":[[-0.962136,-0.269906,0.0380192],[0.215739,-0.839331,-0.498979],[0.166588,-0.471883,0.86578]],"s":0.686793,"t":[505.899,-233.461,348.339],"timestamp":257626970704},{"currentFrameRate":21.4381,"devices":[],"gestures":[],"hands":[],"id":92797,"interactionBox":{"center":[0,200,0],"size":[235.247,235.247,147.751]},"pointables":[],"r":[[-0.962136,-0.269906,0.0380192],[0.215739,-0.839331,-0.498979],[0.166588,-0.471883,0.86578]],"s":0.686793,"t":[505.899,-233.461,348.339],"timestamp":257627010160},{"currentFrameRate":22.1471,"devices":[],"gestures":[],"hands":[],"id":92798,"interactionBox":{"center":[0,200,0],"size":[235.247,235.247,147.751]},"pointables":[],"r":[[-0.962136,-0.269906,0.0380192],[0.215739,-0.839331,-0.498979],[0.166588,-0.471883,0.86578]],"s":0.686793,"t":[505.899,-233.461,348.339],"timestamp":257627049523},{"currentFrameRate":22.729,"devices":[],"gestures":[],"hands":[],"id":92799,"interactionBox":{"center":[0,200,0],"size":[235.247,235.247,147.751]},"pointables":[],"r":[[-0.962136,-0.269906,0.0380192],[0.215739,-0.839331,-0.498979],[0.166588,-0.471883,0.86578]],"s":0.686793,"t":[505.899,-233.461,348.339],"timestamp":257627088889},{"currentFrameRate":23.2072,"devices":[],"gestures":[],"hands":[],"id":92800,"interactionBox":{"center":[0,200,0],"size":[235.247,235.247,147.751]},"pointables":[],"r":[[-0.962136,-0.269906,0.0380192],[0.215739,-0.839331,-0.498979],[0.166588,-0.471883,0.86578]],"s":0.686793,"t":[505.899,-233.461,348.339],"timestamp":257627128252},{"currentFrameRate":23.5716,"devices":[],"gestures":[],"hands":[],"id":92801,"interactionBox":{"center":[0,200,0],"size":[235.247,235.247,147.751]},"pointables":[],"r":[[-0.962136,-0.269906,0.0380192],[0.215739,-0.839331,-0.498979],[0.166588,-0.471883,0.86578]],"s":0.686793,"t":[505.899,-233.461,348.339],"timestamp":257627167881},{"currentFrameRate":23.9268,"devices":[],"gestures":[],"hands":[],"id":92802,"interactionBox":{"center":[0,200,0],"size":[235.247,235.247,147.751]},"pointables":[],"r":[[-0.962136,-0.269906,0.0380192],[0.215739,-0.839331,-0.498979],[0.166588,-0.471883,0.86578]],"s":0.686793,"t":[505.899,-233.461,348.339],"timestamp":257627206988},{"currentFrameRate":24.1927,"devices":[],"gestures":[],"hands":[],"id":92803,"interactionBox":{"center":[0,200,0],"size":[235.247,235.247,147.751]},"pointables":[],"r":[[-0.962136,-0.269906,0.0380192],[0.215739,-0.839331,-0.498979],[0.166588,-0.471883,0.86578]],"s":0.686793,"t":[505.899,-233.461,348.339],"timestamp":257627246334},{"currentFrameRate":24.4092,"devices":[],"gestures":[],"hands":[],"id":92804,"interactionBox":{"center":[0,200,0],"size":[235.247,235.247,147.751]},"pointables":[],"r":[[-0.962136,-0.269906,0.0380192],[0.215739,-0.839331,-0.498979],[0.166588,-0.471883,0.86578]],"s":0.686793,"t":[505.899,-233.461,348.339],"timestamp":257627285697},{"currentFrameRate":24.5816,"devices":[],"gestures":[],"hands":[],"id":92805,"interactionBox":{"center":[0,200,0],"size":[235.247,235.247,147.751]},"pointables":[],"r":[[-0.962136,-0.269906,0.0380192],[0.215739,-0.839331,-0.498979],[0.166588,-0.471883,0.86578]],"s":0.686793,"t":[505.899,-233.461,348.339],"timestamp":257627325109},{"currentFrameRate":24.7355,"devices":[],"gestures":[],"hands":[],"id":92806,"interactionBox":{"center":[0,200,0],"size":[235.247,235.247,147.751]},"pointables":[],"r":[[-0.962136,-0.269906,0.0380192],[0.215739,-0.839331,-0.498979],[0.166588,-0.471883,0.86578]],"s":0.686793,"t":[505.899,-233.461,348.339],"timestamp":257627364411},{"currentFrameRate":24.8544,"devices":[],"gestures":[],"hands":[{"armBasis":[[0.0819726,-0.995505,-0.0474469],[0.964454,0.0672359,0.255552],[-0.251213,-0.0667086,0.96563]],"armWidth":64.0382,"confidence":0,"direction":[0.0557952,0.461781,-0.885238],"elbow":[30.8842,142.366,377.931],"grabAngle":3.14159,"grabStrength":1,"id":131,"palmNormal":[-0.982206,-0.133859,-0.131734],"palmPosition":[99.8595,197.549,50.0995],"palmVelocity":[1.19209e-7,1.19209e-7,1.19209e-7],"palmWidth":91.4443,"pinchDistance":2.79548,"pinchStrength":0.890341,"r":[[1,0,0],[0,1,-2.22045e-17],[0,2.22045e-17,1]],"s":1,"sphereCenter":[61.9681,189.578,29.1004],"sphereRadius":36.2232,"stabilizedPalmPosition":[99.8595,197.549,50.0995],"t":[0,0,0],"timeVisible":0,"type":"right","wrist":[99.0505,160.467,115.909]}],"id":92807,"interactionBox":{"center":[0,200,0],"size":[235.247,235.247,147.751]},"pointables":[{"bases":[[[0.96156,-0.143,-0.234419],[0.273158,0.585319,0.763405],[0.028043,-0.798093,0.601881]],[[0.93235,0.0343218,-0.359924],[0.173823,0.830341,0.529452],[0.317032,-0.556198,0.768203]],[[0.93235,0.0343218,-0.359924],[0.0527726,0.971905,0.229382],[0.357685,-0.232858,0.904344]],[[0.93235,0.0343218,-0.359924],[-0.104292,0.9787,-0.176832],[0.346189,0.202406,0.91607]]],"btipPosition":[50.1757,219.555,18.618],"carpPosition":[86.4791,188.433,109.691],"dipPosition":[58.3183,224.315,40.1645],"direction":[-0.357685,0.232858,-0.904344],"extended":false,"handId":131,"id":1310,"length":52.3766,"mcpPosition":[86.4791,188.433,109.691],"pipPosition":[70.5746,216.336,71.1526],"stabilizedTipPosition":[52.0485,220.649,23.5737],"timeVisible":0,"tipPosition":[52.0485,220.649,23.5737],"tipVelocity":[1.19209e-7,1.19209e-7,1.19209e-7],"tool":false,"touchDistance":1,"touchZone":"none","type":0,"width":20.3511},{"bases":[[[0.186152,-0.786854,-0.588395],[0.975031,0.221746,0.0119351],[0.121083,-0.575925,0.808486]],[[0.209972,-0.903097,-0.374602],[0.343151,0.426841,-0.836692],[0.91551,0.0471364,0.399524]],[[0.209972,-0.903097,-0.374602],[-0.817447,0.0480351,-0.573998],[0.53637,0.426741,-0.728148]],[[0.209972,-0.903097,-0.374602],[-0.901852,-0.326871,0.282521],[-0.377591,0.278514,-0.883094]]],"btipPosition":[52.8071,214.321,54.9678],"carpPosition":[107.834,188.923,99.144],"dipPosition":[46.3236,219.104,39.8043],"direction":[-0.53637,-0.426741,0.728148],"extended":false,"handId":131,"id":1311,"length":59.1012,"mcpPosition":[98.8815,231.505,39.367],"pipPosition":[59.3526,229.469,22.1168],"stabilizedTipPosition":[51.3159,215.421,51.4802],"timeVisible":0,"tipPosition":[51.3159,215.421,51.4802],"tipVelocity":[1.19209e-7,1.19209e-7,1.19209e-7],"tool":false,"touchDistance":0.333333,"touchZone":"none","type":1,"width":19.4394},{"bases":[[[0.0318344,-0.883625,-0.467112],[0.994887,0.0728283,-0.0699647],[0.0958415,-0.462496,0.881426]],[[0.0375241,-0.909768,-0.413417],[0.11533,0.414887,-0.902534],[0.992618,-0.0138126,0.120492]],[[0.0375241,-0.909768,-0.413417],[-0.970016,0.0662519,-0.233839],[0.240129,0.409796,-0.880003]],[[0.0375241,-0.909768,-0.413417],[-0.877648,-0.227827,0.421697],[-0.477834,0.347011,-0.807006]]],"btipPosition":[59.0675,194.843,64.2337],"carpPosition":[111.709,180.01,91.4828],"dipPosition":[50.0432,201.397,48.9927],"direction":[-0.240129,-0.409796,0.880003],"extended":false,"handId":131,"id":1312,"length":67.341,"mcpPosition":[104.989,212.439,29.6804],"pipPosition":[56.9057,213.108,23.8437],"stabilizedTipPosition":[56.9919,196.351,60.7283],"timeVisible":0,"tipPosition":[56.9919,196.351,60.7283],"tipVelocity":[1.19209e-7,1.19209e-7,1.19209e-7],"tool":false,"touchDistance":0.333333,"touchZone":"none","type":2,"width":19.0921},{"bases":[[[-0.0294988,-0.945013,-0.325699],[0.997168,-0.00526928,-0.0750253],[0.0691837,-0.32699,0.942492]],[[-0.0328114,-0.928086,-0.370917],[0.117815,0.364938,-0.923548],[0.992493,-0.0740026,0.0973686]],[[-0.0328114,-0.928086,-0.370917],[-0.957358,0.135765,-0.255016],[0.287034,0.346733,-0.892966]],[[-0.0328114,-0.928086,-0.370917],[-0.912448,-0.123635,0.390068],[-0.407875,0.351241,-0.842774]]],"btipPosition":[63.6683,177.261,61.9348],"carpPosition":[112.922,169.602,84.9539],"dipPosition":[56.0095,183.856,46.1098],"direction":[-0.287034,-0.346733,0.892966],"extended":false,"handId":131,"id":1313,"length":64.7502,"mcpPosition":[108.566,190.187,25.6214],"pipPosition":[64.0006,193.509,21.2493],"stabilizedTipPosition":[61.9067,178.778,58.295],"timeVisible":0,"tipPosition":[61.9067,178.778,58.295],"tipVelocity":[1.19209e-7,1.19209e-7,1.19209e-7],"tool":false,"touchDistance":0.333333,"touchZone":"none","type":3,"width":18.1673},{"bases":[[[-0.185646,-0.962559,-0.197523],[0.982609,-0.181057,-0.0412063],[0.00390056,-0.201738,0.979432]],[[-0.184612,-0.928717,-0.321563],[0.159796,0.294469,-0.942207],[0.969734,-0.225327,0.0940432]],[[-0.184612,-0.928717,-0.321563],[-0.902193,0.289918,-0.319367],[0.389828,0.231153,-0.891405]],[[-0.184612,-0.928717,-0.321563],[-0.942344,0.0743468,0.326284],[-0.279118,0.363258,-0.888896]]],"btipPosition":[70.0391,165.965,53.2201],"carpPosition":[107.554,157.038,80.7181],"dipPosition":[65.204,172.258,37.8219],"direction":[-0.389828,-0.231153,0.891405],"extended":false,"handId":131,"id":1314,"length":50.763,"mcpPosition":[107.327,168.795,23.6419],"pipPosition":[72.8666,176.802,20.3],"stabilizedTipPosition":[68.927,167.413,49.6785],"timeVisible":0,"tipPosition":[68.927,167.413,49.6785],"tipVelocity":[1.19209e-7,1.19209e-7,1.19209e-7],"tool":false,"touchDistance":0.333333,"touchZone":"none","type":4,"width":16.1376}],"r":[[1,0,0],[0,1,-2.22045e-17],[0,2.22045e-17,1]],"s":1,"t":[0,0,0],"timestamp":257627403780},{"currentFrameRate":24.9387,"devices":[],"gestures":[],"hands":[{"armBasis":[[0.025202,-0.995409,-0.0923389],[0.967138,0.000900859,0.25425],[-0.252999,-0.0957121,0.96272]],"armWidth":66.4635,"confidence":0.205069,"direction":[0.145474,0.216691,-0.965341],"elbow":[27.1503,155.875,388.428],"grabAngle":3.14159,"grabStrength":1,"id":131,"palmNormal":[-0.98776,-0.0236854,-0.154169],"palmPosition":[103.316,204.382,54.7545],"palmVelocity":[87.5274,173.028,117.886],"palmWidth":91.4443,"pinchDistance":5.62361,"pinchStrength":0.995141,"r":[[0.999537,-0.0279847,0.0119821],[0.028534,0.998419,-0.0484356],[-0.0106077,0.048755,0.998754]],"s":0.955272,"sphereCenter":[65.8074,200.318,33.2358],"sphereRadius":35.7514,"stabilizedPalmPosition":[100.525,198.865,50.9958],"t":[1.7281,3.41618,2.32748],"timeVisible":0.039487,"type":"right","wrist":[95.8012,181.846,127.195]}],"id":92808,"interactionBox":{"center":[0,200,0],"size":[235.247,235.247,147.751]},"pointables":[{"bases":[[[0.93451,-0.329253,-0.135218],[0.33968,0.711467,0.615169],[-0.106343,-0.620812,0.776713]],[[0.917874,-0.108027,-0.381888],[0.289948,0.839573,0.459399],[0.270995,-0.532397,0.801944]],[[0.917874,-0.108027,-0.381888],[0.12388,0.99215,0.0170914],[0.377044,-0.062996,0.924051]],[[0.917874,-0.108027,-0.381888],[-0.0791806,0.89305,-0.442935],[0.388894,0.436797,0.811154]]],"btipPosition":[52.1298,230.979,24.0206],"carpPosition":[87.3068,212.208,113.879],"dipPosition":[61.0759,241.027,42.6803],"direction":[-0.377044,0.062996,-0.924051],"extended":false,"handId":131,"id":1310,"length":51.2263,"mcpPosition":[87.3068,212.208,113.879],"pipPosition":[73.7119,238.916,73.6483],"stabilizedTipPosition":[53.2262,227.61,26.1828],"timeVisible":0.039487,"tipPosition":[57.1068,230.052,24.5607],"tipVelocity":[54.1668,320.131,120.005],"tool":false,"touchDistance":1,"touchZone":"none","type":0,"width":21.4602},{"bases":[[[0.0798981,-0.925715,-0.369686],[0.996704,0.0794187,0.0165427],[0.0140461,-0.369789,0.92901]],[[0.0809389,-0.959799,-0.268767],[0.382966,0.2789,-0.880654],[0.92021,-0.0316495,0.390144]],[[0.0809389,-0.959799,-0.268767],[-0.838815,0.0800564,-0.538499],[0.538367,0.269031,-0.798613]],[[0.0809389,-0.959799,-0.268767],[-0.992093,-0.103528,0.0709442],[-0.0959172,0.2609,-0.960589]]],"btipPosition":[57.6606,224.997,54.7624],"carpPosition":[108.738,207.093,104.821],"dipPosition":[56.0498,229.379,38.6304],"direction":[-0.538367,-0.269031,0.798613],"extended":false,"handId":131,"id":1311,"length":57.8031,"mcpPosition":[107.699,234.434,36.1326],"pipPosition":[68.8401,235.77,19.6573],"stabilizedTipPosition":[54.7839,221.565,51.2317],"timeVisible":0.039487,"tipPosition":[57.8445,228.109,49.3273],"tipVelocity":[151.295,268.032,-10.8439],"tool":false,"touchDistance":0.333333,"touchZone":"none","type":1,"width":20.4988},{"bases":[[[-0.0900311,-0.967049,-0.238141],[0.995929,-0.0863657,-0.025803],[0.00438551,-0.239495,0.970888]],[[-0.0899584,-0.970406,-0.224098],[0.30135,0.187942,-0.934808],[0.949261,-0.151626,0.275525]],[[-0.0899584,-0.970406,-0.224098],[-0.908141,0.172302,-0.381565],[0.408886,0.169187,-0.896765]],[[-0.0899584,-0.970406,-0.224098],[-0.954283,0.0195851,0.298264],[-0.285048,0.240684,-0.927803]]],"btipPosition":[59.9684,210.917,60.8475],"carpPosition":[111.413,196.115,99.7735],"dipPosition":[54.7033,215.362,43.71],"direction":[-0.408886,-0.169187,0.896765],"extended":false,"handId":131,"id":1312,"length":65.862,"mcpPosition":[111.105,212.908,31.6983],"pipPosition":[66.1319,220.091,18.6448],"stabilizedTipPosition":[58.3225,208.099,57.8475],"timeVisible":0.039487,"tipPosition":[59.9477,211.872,60.8856],"tipVelocity":[44.7126,394.777,-96.8019],"tool":false,"touchDistance":0.333333,"touchZone":"none","type":2,"width":20.1326},{"bases":[[[-0.163224,-0.982471,-0.0900444],[0.986584,-0.162827,-0.0117883],[-0.00308001,-0.0907605,0.995868]],[[-0.163252,-0.983781,-0.0743213],[0.28664,0.0247863,-0.957718],[0.944027,-0.177653,0.277945]],[[-0.163252,-0.983781,-0.0743213],[-0.898942,0.179367,-0.399663],[0.406512,0.00156472,-0.913644]],[[-0.163252,-0.983781,-0.0743213],[-0.950089,0.136467,0.280549],[-0.265857,0.116412,-0.956958]]],"btipPosition":[63.7533,195.688,63.5768],"carpPosition":[111.204,184.353,96.0239],"dipPosition":[58.8709,197.826,46.0024],"direction":[-0.406512,-0.00156472,0.913644],"extended":false,"handId":131,"id":1313,"length":63.3281,"mcpPosition":[111.398,190.067,33.3312],"pipPosition":[69.9397,197.869,21.1248],"stabilizedTipPosition":[62.5294,193.754,59.3618],"timeVisible":0.039487,"tipPosition":[62.7411,194.482,63.2385],"tipVelocity":[18.3248,440.708,31.3936],"tool":false,"touchDistance":0.333333,"touchZone":"none","type":3,"width":19.1574},{"bases":[[[-0.323237,-0.945873,0.0290155],[0.945013,-0.321029,0.0623793],[-0.0496881,0.0475833,0.997631]],[[-0.325041,-0.943034,0.070959],[0.305829,-0.17582,-0.935711],[0.894884,-0.282443,0.345556]],[[-0.325041,-0.943034,0.070959],[-0.827805,0.247438,-0.503501],[0.45726,-0.222399,-0.861076]],[[-0.325041,-0.943034,0.070959],[-0.929542,0.332398,0.159574],[-0.17407,-0.0140912,-0.984632]]],"btipPosition":[70.0666,183.568,57.7098],"carpPosition":[104.115,172.01,94.6204],"dipPosition":[67.1175,183.329,41.0278],"direction":[-0.45726,0.222399,0.861076],"extended":false,"handId":131,"id":1314,"length":49.6481,"mcpPosition":[107.01,169.237,36.4837],"pipPosition":[75.9082,179.054,24.4738],"stabilizedTipPosition":[69.2822,179.81,52.9083],"timeVisible":0.039487,"tipPosition":[68.6475,181.073,57.6283],"tipVelocity":[11.6818,407.737,106.223],"tool":false,"touchDistance":0.333333,"touchZone":"none","type":4,"width":17.0171}],"r":[[0.999537,-0.0279847,0.0119821],[0.028534,0.998419,-0.0484356],[-0.0106077,0.048755,0.998754]],"s":0.955272,"t":[1.7281,3.41618,2.32748],"timestamp":257627443267},{"currentFrameRate":26.0599,"devices":[],"gestures":[],"hands":[{"armBasis":[[0.0323561,-0.952435,-0.303019],[0.996277,0.0064964,0.0859622],[-0.0799049,-0.304673,0.949099]],"armWidth":66.4635,"confidence":0.352442,"direction":[0.142516,0.224464,-0.964005],"elbow":[76.845,102.106,388.957],"grabAngle":3.14159,"grabStrength":1,"id":131,"palmNormal":[-0.989461,0.00711373,-0.144623],"palmPosition":[104.187,210.207,59.3939],"palmVelocity":[28.6398,191.533,152.551],"palmWidth":91.4443,"pinchDistance":2.43995,"pinchStrength":1,"r":[[0.998233,-0.0557346,0.0205844],[0.0572829,0.994781,-0.0844326],[-0.0157712,0.0854626,0.996217]],"s":0.901561,"sphereCenter":[65.87,208.208,38.0049],"sphereRadius":35.1999,"stabilizedPalmPosition":[101.306,201.285,52.7877],"t":[3.02764,8.03673,5.81092],"timeVisible":0.069899,"type":"right","wrist":[98.527,184.778,131.421]}],"id":92809,"interactionBox":{"center":[0,200,0],"size":[235.247,235.247,147.751]},"pointables":[{"bases":[[[0.923114,-0.354681,-0.148533],[0.366275,0.693455,0.620453],[-0.117062,-0.627153,0.770049]],[[0.901828,-0.100283,-0.420298],[0.30058,0.844379,0.443482],[0.310417,-0.526278,0.791627]],[[0.901828,-0.100283,-0.420298],[0.0980985,0.994814,-0.0268739],[0.420813,-0.016995,0.906988]],[[0.901828,-0.100283,-0.420298],[-0.146562,0.84404,-0.515865],[0.406481,0.526821,0.746481]]],"btipPosition":[49.955,232.605,31.485],"carpPosition":[88.9811,217.753,118.767],"dipPosition":[59.3057,244.724,48.6569],"direction":[-0.420813,0.016995,-0.906988],"extended":false,"handId":131,"id":1310,"length":51.2263,"mcpPosition":[88.9811,217.753,118.767],"pipPosition":[73.4085,244.155,79.0531],"stabilizedTipPosition":[53.0084,229.123,27.9813],"timeVisible":0.069899,"tipPosition":[56.2873,236.84,31.8459],"tipVelocity":[-68.451,69.126,234.19],"tool":false,"touchDistance":1,"touchZone":"none","type":0,"width":21.4602},{"bases":[[[0.0491702,-0.922935,-0.381803],[0.998717,0.0500598,0.00760931],[0.0120901,-0.381687,0.924213]],[[0.0494543,-0.932097,-0.358816],[0.432457,0.343816,-0.833529],[0.900297,-0.113951,0.420095]],[[0.0494543,-0.932097,-0.358816],[-0.797144,0.179615,-0.576454],[0.60176,0.314536,-0.734133]],[[0.0494543,-0.932097,-0.358816],[-0.998714,-0.0501504,-0.00737347],[-0.011122,0.358719,-0.933379]]],"btipPosition":[57.1433,231.664,56.476],"carpPosition":[110.165,212.129,109.433],"dipPosition":[56.9566,237.689,40.801],"direction":[-0.60176,-0.314536,0.734133],"extended":false,"handId":131,"id":1311,"length":57.8031,"mcpPosition":[109.271,240.349,41.0998],"pipPosition":[71.2529,245.161,23.3597],"stabilizedTipPosition":[56.296,229.062,52.3015],"timeVisible":0.069899,"tipPosition":[58.8746,234.815,54.3022],"tipVelocity":[-6.2389,231.658,59.8013],"tool":false,"touchDistance":0.333333,"touchZone":"none","type":1,"width":20.4988},{"bases":[[[-0.120631,-0.960937,-0.249093],[0.992675,-0.115086,-0.0367595],[0.00665636,-0.251703,0.967782]],[[-0.120769,-0.953557,-0.275943],[0.362409,0.216438,-0.90654],[0.924162,-0.209486,0.319438]],[[-0.120769,-0.953557,-0.275943],[-0.874402,0.23378,-0.425167],[0.469931,0.189938,-0.862026]],[[-0.120769,-0.953557,-0.275943],[-0.975116,0.061896,0.21288],[-0.185913,0.294786,-0.937303]]],"btipPosition":[58.5167,217.961,62.641],"carpPosition":[112.469,201.142,104.225],"dipPosition":[55.0827,223.406,45.328],"direction":[-0.469931,-0.189938,0.862026],"extended":false,"handId":131,"id":1312,"length":65.862,"mcpPosition":[112.002,218.79,36.3679],"pipPosition":[68.2176,228.715,21.2338],"stabilizedTipPosition":[57.8494,216.928,58.4922],"timeVisible":0.069899,"tipPosition":[60.3443,218.959,64.3622],"tipVelocity":[-33.8864,239.203,57.6472],"tool":false,"touchDistance":0.333333,"touchZone":"none","type":2,"width":20.1326},{"bases":[[[-0.192823,-0.976076,-0.100477],[0.981226,-0.191412,-0.0235926],[0.00379576,-0.10314,0.99466]],[[-0.192837,-0.97564,-0.104592],[0.344177,0.0325664,-0.93834],[0.918888,-0.216945,0.329513]],[[-0.192837,-0.97564,-0.104592],[-0.864055,0.219355,-0.453093],[0.464999,0.00300044,-0.885306]],[[-0.192837,-0.97564,-0.104592],[-0.960475,0.165875,0.223546],[-0.200751,0.143566,-0.969065]]],"btipPosition":[62.3112,202.742,65.1487],"carpPosition":[111.879,189.439,100.334],"dipPosition":[58.6245,205.378,47.3519],"direction":[-0.464999,-0.00300044,0.885306],"extended":false,"handId":131,"id":1313,"length":63.3281,"mcpPosition":[111.64,195.932,37.7171],"pipPosition":[71.2859,205.46,23.246],"stabilizedTipPosition":[61.5951,202.162,60.8461],"timeVisible":0.069899,"tipPosition":[62.9896,201.823,66.5898],"tipVelocity":[-38.3745,235.69,50.0067],"tool":false,"touchDistance":0.333333,"touchZone":"none","type":3,"width":19.1574},{"bases":[[[-0.350546,-0.936319,0.0206081],[0.935745,-0.349252,0.0490359],[-0.0387158,0.0364733,0.998584]],[[-0.350956,-0.935853,0.0317527],[0.367401,-0.168812,-0.914614],[0.861305,-0.309324,0.40308]],[[-0.350956,-0.935853,0.0317527],[-0.781232,0.27394,-0.560922],[0.516242,-0.221665,-0.82726]],[[-0.350956,-0.935853,0.0317527],[-0.930459,0.352343,0.100499],[-0.10524,0.00572622,-0.99443]]],"btipPosition":[68.5972,190.117,59.3998],"carpPosition":[104.418,177.327,98.8493],"dipPosition":[66.8141,190.214,42.5518],"direction":[-0.516242,0.221665,0.82726],"extended":false,"handId":131,"id":1314,"length":49.6481,"mcpPosition":[106.674,175.202,40.657],"pipPosition":[76.7388,185.952,26.6479],"stabilizedTipPosition":[68.4178,187.963,54.9736],"timeVisible":0.069899,"tipPosition":[68.7428,188.329,60.9874],"tipVelocity":[-39.4994,217.875,54.3135],"tool":false,"touchDistance":0.333333,"touchZone":"none","type":4,"width":17.0171}],"r":[[0.998233,-0.0557346,0.0205844],[0.0572829,0.994781,-0.0844326],[-0.0157712,0.0854626,0.996217]],"s":0.901561,"t":[3.02764,8.03673,5.81092],"timestamp":257627473679},{"currentFrameRate":28.9006,"devices":[],"gestures":[],"hands":[{"armBasis":[[0.00313032,-0.922952,-0.384903],[0.998509,0.0238595,-0.0490916],[0.0544928,-0.384176,0.92165]],"armWidth":66.4635,"confidence":0.42283,"direction":[0.156192,0.229626,-0.960664],"elbow":[114.077,82.2695,381.982],"grabAngle":3.14159,"grabStrength":1,"id":131,"palmNormal":[-0.987655,0.024581,-0.154705],"palmPosition":[104.501,213.258,60.2428],"palmVelocity":[19.9668,193.896,53.9459],"palmWidth":91.4443,"pinchDistance":2.79986,"pinchStrength":1,"r":[[0.996259,-0.0809661,0.0302217],[0.0838521,0.99025,-0.111236],[-0.0209207,0.113354,0.993334]],"s":0.864164,"sphereCenter":[66.4039,212.139,38.4448],"sphereRadius":35.1172,"stabilizedPalmPosition":[101.836,203.27,54.0234],"t":[3.83452,11.8727,7.97711],"timeVisible":0.085636,"type":"right","wrist":[99.2901,186.515,131.894]}],"id":92810,"interactionBox":{"center":[0,200,0],"size":[235.247,235.247,147.751]},"pointables":[{"bases":[[[0.918656,-0.368698,-0.14189],[0.371152,0.682431,0.62971],[-0.135343,-0.631149,0.763762]],[[0.902881,-0.106806,-0.41641],[0.304104,0.843336,0.443064],[0.303852,-0.526666,0.793912]],[[0.902881,-0.106806,-0.41641],[0.105974,0.99405,-0.0251887],[0.416623,-0.0213864,0.908828]],[[0.902881,-0.106806,-0.41641],[-0.130105,0.855328,-0.501485],[0.409729,0.506958,0.758363]]],"btipPosition":[50.1743,236.065,31.7837],"carpPosition":[88.8053,220.589,119.515],"dipPosition":[59.5996,247.727,49.229],"direction":[-0.416623,0.0213864,-0.908828],"extended":false,"handId":131,"id":1310,"length":51.2263,"mcpPosition":[88.8053,220.589,119.515],"pipPosition":[73.562,247.01,79.6868],"stabilizedTipPosition":[52.8944,230.769,29.3184],"timeVisible":0.085636,"tipPosition":[56.9992,240.749,32.6457],"tipVelocity":[15.024,213.153,22.9751],"tool":false,"touchDistance":1,"touchZone":"none","type":0,"width":21.4602},{"bases":[[[0.0379661,-0.920601,-0.388654],[0.999272,0.0335037,0.018255],[-0.00378425,-0.389064,0.921203]],[[0.0378436,-0.931256,-0.362395],[0.462747,0.337759,-0.819625],[0.885682,-0.13668,0.443718]],[[0.0378436,-0.931256,-0.362395],[-0.784628,0.196884,-0.587874],[0.618811,0.306592,-0.723239]],[[0.0378436,-0.931256,-0.362395],[-0.99883,-0.0243199,-0.0418087],[0.0301212,0.363553,-0.931086]]],"btipPosition":[57.6613,235.837,56.325],"carpPosition":[109.99,214.689,110.355],"dipPosition":[58.1671,241.943,40.6885],"direction":[-0.618811,-0.306592,0.723239],"extended":false,"handId":131,"id":1311,"length":57.8031,"mcpPosition":[110.27,243.455,42.2437],"pipPosition":[72.8686,249.227,23.5061],"stabilizedTipPosition":[57.0689,233.329,52.5244],"timeVisible":0.085636,"tipPosition":[59.5626,238.581,54.7782],"tipVelocity":[43.0346,266.361,-9.02791],"tool":false,"touchDistance":0.333333,"touchZone":"none","type":1,"width":20.4988},{"bases":[[[-0.133806,-0.956834,-0.258002],[0.990979,-0.131167,-0.027494],[-0.00753426,-0.259354,0.965753]],[[-0.133748,-0.954925,-0.26501],[0.384503,0.196461,-0.901976],[0.913383,-0.222534,0.340895]],[[-0.133748,-0.954925,-0.26501],[-0.86296,0.243701,-0.442616],[0.487249,0.169494,-0.856657]],[[-0.133748,-0.954925,-0.26501],[-0.979518,0.086766,0.181703],[-0.150519,0.283884,-0.946971]]],"btipPosition":[58.5825,222.454,62.6527],"carpPosition":[112.166,203.707,105.083],"dipPosition":[55.8023,227.697,45.1612],"direction":[-0.487249,-0.169494,0.856657],"extended":false,"handId":131,"id":1312,"length":65.862,"mcpPosition":[112.695,221.892,37.3677],"pipPosition":[69.4212,232.435,21.217],"stabilizedTipPosition":[57.9108,221.342,58.5823],"timeVisible":0.085636,"tipPosition":[60.6107,222.744,64.5043],"tipVelocity":[13.7375,282.515,-1.86568],"tool":false,"touchDistance":0.333333,"touchZone":"none","type":2,"width":20.1326},{"bases":[[[-0.207777,-0.971942,-0.11026],[0.978142,-0.207394,-0.0150567],[-0.00823304,-0.110979,0.993789]],[[-0.207805,-0.972329,-0.106736],[0.356071,0.0264387,-0.934085],[0.91106,-0.232113,0.340725]],[[-0.207805,-0.972329,-0.106736],[-0.854915,0.23356,-0.463216],[0.475328,-0.00500831,-0.879794]],[[-0.207805,-0.972329,-0.106736],[-0.961173,0.182722,0.206781],[-0.181556,0.145562,-0.972548]]],"btipPosition":[62.3248,206.69,65.3832],"carpPosition":[111.425,192.046,101.092],"dipPosition":[58.9905,209.363,47.5225],"direction":[-0.475328,0.00500831,0.879794],"extended":false,"handId":131,"id":1313,"length":63.3281,"mcpPosition":[111.944,199.033,38.5301],"pipPosition":[71.9332,209.226,23.5667],"stabilizedTipPosition":[61.5681,205.902,61.1582],"timeVisible":0.085636,"tipPosition":[63.0718,205.531,66.8478],"tipVelocity":[6.01315,251.413,13.9646],"tool":false,"touchDistance":0.333333,"touchZone":"none","type":3,"width":19.1574},{"bases":[[[-0.366075,-0.930537,0.00951474],[0.929321,-0.365026,0.0558355],[-0.0484839,0.0292823,0.998395]],[[-0.366671,-0.930081,0.0224089],[0.371286,-0.168374,-0.913125],[0.853053,-0.326496,0.407064]],[[-0.366671,-0.930081,0.0224089],[-0.773788,0.291505,-0.562384],[0.516531,-0.22355,-0.826572]],[[-0.366671,-0.930081,0.0224089],[-0.925242,0.367073,0.0958393],[-0.097364,0.0144079,-0.995145]]],"btipPosition":[68.6783,193.766,59.856],"carpPosition":[103.782,180.071,99.4341],"dipPosition":[67.0288,194.01,42.9959],"direction":[-0.516531,0.22355,0.826572],"extended":false,"handId":131,"id":1314,"length":49.6481,"mcpPosition":[106.607,178.365,41.2529],"pipPosition":[76.9589,189.712,27.1052],"stabilizedTipPosition":[68.3442,191.589,55.5953],"timeVisible":0.085636,"tipPosition":[68.6837,191.976,61.2425],"tipVelocity":[7.10834,234.018,28.8149],"tool":false,"touchDistance":0.333333,"touchZone":"none","type":4,"width":17.0171}],"r":[[0.996259,-0.0809661,0.0302217],[0.0838521,0.99025,-0.111236],[-0.0209207,0.113354,0.993334]],"s":0.864164,"t":[3.83452,11.8727,7.97711],"timestamp":257627489416},{"currentFrameRate":31.5321,"devices":[],"gestures":[],"hands":[{"armBasis":[[-0.0193934,-0.86269,-0.505362],[0.983663,0.0740161,-0.164099],[0.178972,-0.500288,0.847161]],"armWidth":66.4635,"confidence":0.488267,"direction":[0.14029,0.243706,-0.959649],"elbow":[150.555,53.7542,362.383],"grabAngle":3.14159,"grabStrength":1,"id":131,"palmNormal":[-0.989571,0.0025158,-0.144025],"palmPosition":[104.629,218.437,61.5836],"palmVelocity":[8.15807,330.081,85.4565],"palmWidth":91.4443,"pinchDistance":3.40523,"pinchStrength":1,"r":[[0.994705,-0.0961885,0.0361993],[0.10013,0.986392,-0.130399],[-0.0231639,0.133333,0.990801]],"s":0.846552,"sphereCenter":[66.0639,217.504,40.1042],"sphereRadius":35.5399,"stabilizedPalmPosition":[102.649,207.685,56.2245],"t":[4.30196,16.38,9.73057],"timeVisible":0.101325,"type":"right","wrist":[101.992,189.506,132.507]}],"id":92811,"interactionBox":{"center":[0,200,0],"size":[235.247,235.247,147.751]},"pointables":[{"bases":[[[0.925627,-0.344959,-0.155625],[0.361495,0.684291,0.633298],[-0.111969,-0.642455,0.758099]],[[0.899178,-0.0762312,-0.430893],[0.298858,0.826259,0.477473],[0.319631,-0.558108,0.765736]],[[0.899178,-0.0762312,-0.430893],[0.09422,0.99534,0.0205263],[0.42732,-0.0590555,0.90217]],[[0.899178,-0.0762312,-0.430893],[-0.180683,0.832164,-0.524268],[0.398539,0.549265,0.73449]]],"btipPosition":[49.8788,242.088,35.5497],"carpPosition":[89.4025,224.746,121.095],"dipPosition":[59.0467,254.724,52.4458],"direction":[-0.42732,0.0590555,-0.90217],"extended":false,"handId":131,"id":1310,"length":51.2263,"mcpPosition":[89.4025,224.746,121.095],"pipPosition":[73.3676,252.744,82.6805],"stabilizedTipPosition":[52.64,234.759,32.1563],"timeVisible":0.101325,"tipPosition":[55.5603,245.064,35.4884],"tipVelocity":[-22.608,398.198,231.992],"tool":false,"touchDistance":1,"touchZone":"none","type":0,"width":21.4602},{"bases":[[[0.0557763,-0.915159,-0.399215],[0.998324,0.0573058,0.008113],[0.0154527,-0.398999,0.916821]],[[0.0551098,-0.898373,-0.435761],[0.480809,0.40637,-0.776972],[0.875092,-0.166699,0.454341]],[[0.0551098,-0.898373,-0.435761],[-0.763301,0.243444,-0.598421],[0.643688,0.365596,-0.672313]],[[0.0551098,-0.898373,-0.435761],[-0.995032,-0.0131756,-0.0986764],[0.0829068,0.439035,-0.894637]]],"btipPosition":[55.8409,239.938,55.6714],"carpPosition":[110.622,219.456,111.648],"dipPosition":[57.2332,247.311,40.647],"direction":[-0.643688,-0.365596,0.672313],"extended":false,"handId":131,"id":1311,"length":57.8031,"mcpPosition":[109.48,248.957,43.8607],"pipPosition":[72.5257,255.996,24.6745],"stabilizedTipPosition":[56.4988,238.544,52.3306],"timeVisible":0.101325,"tipPosition":[58.5689,242.55,56.1087],"tipVelocity":[-103.035,279.915,-32.6897],"tool":false,"touchDistance":0.333333,"touchZone":"none","type":1,"width":20.4988},{"bases":[[[-0.113661,-0.956922,-0.267174],[0.993478,-0.107012,-0.0393692],[0.00908262,-0.269906,0.962844]],[[-0.113823,-0.951206,-0.286795],[0.36894,0.22756,-0.901166],[0.922457,-0.208384,0.325037]],[[-0.113823,-0.951206,-0.286795],[-0.88047,0.230305,-0.414405],[0.460235,0.205346,-0.863723]],[[-0.113823,-0.951206,-0.286795],[-0.977591,0.0557786,0.202987],[-0.177085,0.303473,-0.93624]]],"btipPosition":[59.0705,226.04,64.7563],"carpPosition":[113.004,208.587,106.232],"dipPosition":[55.7995,231.645,47.463],"direction":[-0.460235,-0.205346,0.863723],"extended":false,"handId":131,"id":1312,"length":65.862,"mcpPosition":[112.367,227.512,38.7206],"pipPosition":[68.6634,237.385,23.3213],"stabilizedTipPosition":[58.1687,225.132,59.9728],"timeVisible":0.101325,"tipPosition":[60.4754,226.841,66.1679],"tipVelocity":[23.9079,233.873,136.985],"tool":false,"touchDistance":0.333333,"touchZone":"none","type":2,"width":20.1326},{"bases":[[[-0.185653,-0.975403,-0.118838],[0.982602,-0.183655,-0.0276435],[0.00513836,-0.121902,0.992529]],[[-0.185708,-0.973557,-0.13304],[0.348763,0.0612726,-0.935206],[0.918628,-0.220074,0.328161]],[[-0.185708,-0.973557,-0.13304],[-0.869803,0.225862,-0.438668],[0.457117,0.0342549,-0.888747]],[[-0.185708,-0.973557,-0.13304],[-0.961941,0.152507,0.226739],[-0.200454,0.170084,-0.964826]]],"btipPosition":[63.0669,210.239,67.1441],"carpPosition":[112.499,196.956,102.12],"dipPosition":[59.3855,213.363,49.4252],"direction":[-0.457117,-0.0342549,0.888747],"extended":false,"handId":131,"id":1313,"length":63.3281,"mcpPosition":[112.175,204.63,39.6373],"pipPosition":[71.8323,214.295,25.2256],"stabilizedTipPosition":[62.0348,209.521,62.5258],"timeVisible":0.101325,"tipPosition":[63.4208,209.697,68.3223],"tipVelocity":[42.21,232.842,114.32],"tool":false,"touchDistance":0.333333,"touchZone":"none","type":3,"width":19.1574},{"bases":[[[-0.343596,-0.939113,0.00304723],[0.938332,-0.343174,0.0420063],[-0.0384029,0.0172925,0.999113]],[[-0.342365,-0.939225,-0.0253588],[0.382755,-0.114771,-0.916693],[0.85807,-0.32355,0.398787]],[[-0.342365,-0.939225,-0.0253588],[-0.792137,0.303053,-0.529791],[0.505278,-0.161294,-0.847749]],[[-0.342365,-0.939225,-0.0253588],[-0.932664,0.33646,0.130125],[-0.113685,0.0682016,-0.991173]]],"btipPosition":[69.7537,197.002,61.4175],"carpPosition":[105.126,184.819,100.41],"dipPosition":[67.8276,198.158,44.6246],"direction":[-0.505278,0.161294,0.847749],"extended":false,"handId":131,"id":1314,"length":49.6481,"mcpPosition":[107.364,183.812,42.1868],"pipPosition":[77.5415,195.057,28.3268],"stabilizedTipPosition":[68.9496,195.146,56.823],"timeVisible":0.101325,"tipPosition":[69.3416,196.354,62.3898],"tipVelocity":[64.489,219.647,100.509],"tool":false,"touchDistance":0.333333,"touchZone":"none","type":4,"width":17.0171}],"r":[[0.994705,-0.0961885,0.0361993],[0.10013,0.986392,-0.130399],[-0.0231639,0.133333,0.990801]],"s":0.846552,"t":[4.30196,16.38,9.73057],"timestamp":257627505105},{"currentFrameRate":34.1095,"devices":[],"gestures":[],"hands":[{"armBasis":[[-0.0627196,-0.787371,-0.613281],[0.965449,0.107864,-0.237219],[0.25293,-0.60697,0.753402]],"armWidth":66.4635,"confidence":0.54525,"direction":[0.145363,0.242702,-0.959148],"elbow":[171.534,26.7097,336.896],"grabAngle":3.14159,"grabStrength":1,"id":131,"palmNormal":[-0.988118,-0.0133043,-0.15312],"palmPosition":[104.899,221.587,62.152],"palmVelocity":[18.2666,213.296,38.4813],"palmWidth":91.4443,"pinchDistance":3.93779,"pinchStrength":1,"r":[[0.993522,-0.105146,0.0431105],[0.110382,0.983092,-0.146102],[-0.0270196,0.149914,0.98833]],"s":0.840237,"sphereCenter":[66.4493,219.549,40.1768],"sphereRadius":35.8514,"stabilizedPalmPosition":[103.409,212.38,58.2262],"t":[4.67059,20.2089,10.8915],"timeVisible":0.116096,"type":"right","wrist":[102.902,191.41,132.462]}],"id":92812,"interactionBox":{"center":[0,200,0],"size":[235.247,235.247,147.751]},"pointables":[{"bases":[[[0.932254,-0.33107,-0.14593],[0.344992,0.69189,0.634247],[-0.109013,-0.641624,0.759233]],[[0.905093,-0.0662749,-0.420018],[0.282844,0.831394,0.478313],[0.3175,-0.551717,0.771234]],[[0.905093,-0.0662749,-0.420018],[0.0953732,0.994253,0.0486352],[0.41438,-0.0840777,0.906212]],[[0.905093,-0.0662749,-0.420018],[-0.169501,0.849671,-0.499327],[0.38997,0.523131,0.757798]]],"btipPosition":[50.2411,246.316,35.0063],"carpPosition":[89.0272,227.855,121.499],"dipPosition":[59.2119,258.35,52.4386],"direction":[-0.41438,0.0840777,-0.906212],"extended":false,"handId":131,"id":1310,"length":51.2263,"mcpPosition":[89.0272,227.855,121.499],"pipPosition":[73.0992,255.533,82.8087],"stabilizedTipPosition":[52.5171,240.007,34.669],"timeVisible":0.116096,"tipPosition":[55.2834,247.561,35.9153],"tipVelocity":[21.4611,276.877,-28.4429],"tool":false,"touchDistance":1,"touchZone":"none","type":0,"width":21.4602},{"bases":[[[0.0736214,-0.915489,-0.39555],[0.9972,0.0728082,0.0170903],[0.0131533,-0.395701,0.918285]],[[0.0730641,-0.899676,-0.4304],[0.486465,0.408884,-0.772118],[0.87064,-0.152961,0.467536]],[[0.0730641,-0.899676,-0.4304],[-0.760699,0.228817,-0.607437],[0.64498,0.371787,-0.667664]],[[0.0730641,-0.899676,-0.4304],[-0.994202,-0.0315673,-0.102788],[0.0788897,0.435415,-0.896766]]],"btipPosition":[56.0261,242.435,55.5488],"carpPosition":[110.413,222.864,112.265],"dipPosition":[57.3509,249.747,40.4887],"direction":[-0.64498,-0.371787,0.667664],"extended":false,"handId":131,"id":1311,"length":57.8031,"mcpPosition":[109.44,252.121,44.37],"pipPosition":[72.6741,258.58,24.6266],"stabilizedTipPosition":[56.3936,242.034,52.1768],"timeVisible":0.116096,"tipPosition":[58.4851,244.95,56.0998],"tipVelocity":[11.4879,168.127,-8.85141],"tool":false,"touchDistance":0.333333,"touchZone":"none","type":1,"width":20.4988},{"bases":[[[-0.0963626,-0.959441,-0.264929],[0.995337,-0.0917194,-0.0298716],[0.0043609,-0.266572,0.963805]],[[-0.0964063,-0.956313,-0.275992],[0.37154,0.222666,-0.90132],[0.923398,-0.189435,0.333842]],[[-0.0964063,-0.956313,-0.275992],[-0.88341,0.20996,-0.418931],[0.458576,0.203426,-0.865058]],[[-0.0964063,-0.956313,-0.275992],[-0.979841,0.0424387,0.195217],[-0.174976,0.289248,-0.941126]]],"btipPosition":[59.3727,228.653,65.0762],"carpPosition":[113.012,212.015,106.909],"dipPosition":[56.1407,233.995,47.6927],"direction":[-0.458576,-0.203426,0.865058],"extended":false,"handId":131,"id":1312,"length":65.862,"mcpPosition":[112.706,230.706,39.3301],"pipPosition":[68.9582,239.681,23.5136],"stabilizedTipPosition":[58.464,228.177,60.6814],"timeVisible":0.116096,"tipPosition":[60.5444,229.331,66.2063],"tipVelocity":[21.0657,172.817,20.255],"tool":false,"touchDistance":0.333333,"touchZone":"none","type":2,"width":20.1326},{"bases":[[[-0.169427,-0.978549,-0.117199],[0.98554,-0.168484,-0.017984],[-0.00214785,-0.118551,0.992946]],[[-0.169399,-0.977387,-0.126562],[0.351272,0.0601057,-0.934342],[0.920821,-0.202735,0.333146]],[[-0.169399,-0.977387,-0.126562],[-0.874828,0.20826,-0.437382],[0.45385,0.0366272,-0.890325]],[[-0.169399,-0.977387,-0.126562],[-0.964379,0.137916,0.225724],[-0.203165,0.160291,-0.965935]]],"btipPosition":[63.7944,212.79,67.6746],"carpPosition":[112.725,200.365,102.832],"dipPosition":[60.0633,215.734,49.9353],"direction":[-0.45385,-0.0366272,0.890325],"extended":false,"handId":131,"id":1313,"length":63.3281,"mcpPosition":[112.86,207.828,40.3234],"pipPosition":[72.4211,216.731,25.6928],"stabilizedTipPosition":[62.6734,212.317,63.283],"timeVisible":0.116096,"tipPosition":[63.745,212.269,68.3918],"tipVelocity":[48.4776,169.911,35.5975],"tool":false,"touchDistance":0.333333,"touchZone":"none","type":3,"width":19.1574},{"bases":[[[-0.329032,-0.944314,0.00310479],[0.943103,-0.32844,0.0518018],[-0.0478974,0.0199726,0.998653]],[[-0.32825,-0.94451,-0.0123825],[0.38278,-0.121022,-0.915879],[0.863558,-0.305377,0.401264]],[[-0.32825,-0.94451,-0.0123825],[-0.800144,0.284997,-0.527774],[0.502017,-0.163334,-0.849294]],[[-0.32825,-0.94451,-0.0123825],[-0.936747,0.32381,0.132864],[-0.121482,0.0552119,-0.991057]]],"btipPosition":[70.7423,199.764,62.0721],"carpPosition":[105.557,188.109,101.096],"dipPosition":[68.6841,200.699,45.2812],"direction":[-0.502017,0.163334,0.849294],"extended":false,"handId":131,"id":1314,"length":49.6481,"mcpPosition":[108.348,186.945,42.8998],"pipPosition":[78.3353,197.559,28.9537],"stabilizedTipPosition":[69.7803,198.189,57.6964],"timeVisible":0.116096,"tipPosition":[69.9613,198.994,62.5695],"tipVelocity":[64.8732,183.522,44.3503],"tool":false,"touchDistance":0.333333,"touchZone":"none","type":4,"width":17.0171}],"r":[[0.993522,-0.105146,0.0431105],[0.110382,0.983092,-0.146102],[-0.0270196,0.149914,0.98833]],"s":0.840237,"t":[4.67059,20.2089,10.8915],"timestamp":257627519876},{"currentFrameRate":36.4844,"devices":[],"gestures":[],"hands":[{"armBasis":[[-0.0982109,-0.729581,-0.676806],[0.954693,0.122908,-0.271027],[0.280921,-0.67276,0.684454]],"armWidth":66.4635,"confidence":0.597969,"direction":[0.144606,0.241379,-0.959596],"elbow":[179.393,10.6496,318.419],"grabAngle":3.14159,"grabStrength":1,"id":131,"palmNormal":[-0.987782,-0.021736,-0.154321],"palmPosition":[104.711,224.161,62.8265],"palmVelocity":[-12.637,172.967,45.3382],"palmWidth":91.4443,"pinchDistance":4.20664,"pinchStrength":1,"r":[[0.992656,-0.110576,0.049056],[0.117061,0.980304,-0.159064],[-0.0305011,0.163639,0.986049]],"s":0.838384,"sphereCenter":[66.2678,221.202,40.7038],"sphereRadius":36.0375,"stabilizedP