{"frames":269,"data":[{"currentFrameRate":25.2995,"devices":[],"gestures":[],"hands":[],"id":93669,"interactionBox":{"center":[0,200,0],"size":[235.247,235.247,147.751]},"pointables":[],"r":[[-0.962136,-0.269906,0.0380192],[0.215739,-0.839331,-0.498979],[0.166588,-0.471883,0.86578]],"s":0.686793,"t":[505.899,-233.461,348.339],"timestamp":257652205448},{"currentFrameRate":25.301,"devices":[],"gestures":[],"hands":[],"id":93670,"interactionBox":{"center":[0,200,0],"size":[235.247,235.247,147.751]},"pointables":[],"r":[[-0.962136,-0.269906,0.0380192],[0.215739,-0.839331,-0.498979],[0.166588,-0.471883,0.86578]],"s":0.686793,"t":[505.899,-233.461,348.339],"timestamp":257652244961},{"currentFrameRate":25.3286,"devices":[],"gestures":[],"hands":[],"id":93671,"interactionBox":{"center":[0,200,0],"size":[235.247,235.247,147.751]},"pointables":[],"r":[[-0.962136,-0.269906,0.0380192],[0.215739,-0.839331,-0.498979],[0.166588,-0.471883,0.86578]],"s":0.686793,"t":[505.899,-233.461,348.339],"timestamp":257652284245},{"currentFrameRate":25.3502,"devices":[],"gestures":[],"hands":[],"id":93672,"interactionBox":{"center":[0,200,0],"size":[235.247,235.247,147.751]},"pointables":[],"r":[[-0.962136,-0.269906,0.0380192],[0.215739,-0.839331,-0.498979],[0.166588,-0.471883,0.86578]],"s":0.686793,"t":[505.899,-233.461,348.339],"timestamp":257652323538},{"currentFrameRate":25.3413,"devices":[],"gestures":[],"hands":[],"id":93673,"interactionBox":{"center":[0,200,0],"size":[235.247,235.247,147.751]},"pointables":[],"r":[[-0.962136,-0.269906,0.0380192],[0.215739,-0.839331,-0.498979],[0.166588,-0.471883,0.86578]],"s":0.686793,"t":[505.899,-233.461,348.339],"timestamp":257652363063},{"currentFrameRate":25.3529,"devices":[],"gestures":[],"hands":[],"id":93674,"interactionBox":{"center":[0,200,0],"size":[235.247,235.247,147.751]},"pointables":[],"r":[[-0.962136,-0.269906,0.0380192],[0.215739,-0.839331,-0.498979],[0.166588,-0.471883,0.86578]],"s":0.686793,"t":[505.899,-233.461,348.339],"timestamp":257652402423},{"currentFrameRate":25.358,"devices":[],"gestures":[],"hands":[],"id":93675,"interactionBox":{"center":[0,200,0],"size":[235.247,235.247,147.751]},"pointables":[],"r":[[-0.962136,-0.269906,0.0380192],[0.215739,-0.839331,-0.498979],[0.166588,-0.471883,0.86578]],"s":0.686793,"t":[505.899,-233.461,348.339],"timestamp":257652441822},{"currentFrameRate":25.348,"devices":[],"gestures":[],"hands":[],"id":93676,"interactionBox":{"center":[0,200,0],"size":[235.247,235.247,147.751]},"pointables":[],"r":[[-0.962136,-0.269906,0.0380192],[0.215739,-0.839331,-0.498979],[0.166588,-0.471883,0.86578]],"s":0.686793,"t":[505.899,-233.461,348.339],"timestamp":257652481344},{"currentFrameRate":25.382,"devices":[],"gestures":[],"hands":[{"armBasis":[[0.902682,0.180474,0.390634],[-0.389577,0.728279,0.563773],[-0.182744,-0.661089,0.727713]],"armWidth":64.0382,"confidence":0,"direction":[-0.398929,0.0898964,-0.912565],"elbow":[51.6241,13.2509,312.952],"grabAngle":2.98006,"grabStrength":1,"id":132,"palmNormal":[0.530061,-0.789464,-0.309486],"palmPosition":[73.5479,198.408,47.0702],"palmVelocity":[1.19209e-7,1.19209e-7,1.19209e-7],"palmWidth":91.4443,"pinchDistance":12.8729,"pinchStrength":0.771892,"r":[[1,3.05311e-17,0],[-3.05311e-17,1,-1.66533e-17],[-5.08446e-34,1.66533e-17,1]],"s":1,"sphereCenter":[88.8017,166.69,23.4147],"sphereRadius":33.0519,"stabilizedPalmPosition":[73.5479,198.408,47.0702],"t":[0,0,0],"timeVisible":0,"type":"right","wrist":[101.211,192.636,115.488]}],"id":93677,"interactionBox":{"center":[0,200,0],"size":[235.247,235.247,147.751]},"pointables":[{"bases":[[[-0.250847,0.967987,-0.00881458],[-0.683557,-0.170677,0.709661],[0.685438,0.184042,0.704488]],[[-0.46526,0.851033,-0.243468],[-0.878533,-0.410328,0.244562],[0.108228,0.32768,0.93857]],[[-0.46526,0.851033,-0.243468],[-0.864204,-0.496233,-0.0830961],[-0.191534,0.171745,0.966343]],[[-0.46526,0.851033,-0.243468],[-0.72563,-0.524214,-0.445714],[-0.506946,-0.0307047,0.861431]]],"btipPosition":[97.373,153.733,2.86906],"carpPosition":[84.3158,175.335,103.328],"dipPosition":[85.4494,153.011,23.1303],"direction":[0.191534,-0.171745,-0.966343],"extended":false,"handId":132,"id":1320,"length":52.3766,"mcpPosition":[84.3158,175.335,103.328],"pipPosition":[78.8863,158.896,56.2429],"stabilizedTipPosition":[94.6306,153.567,7.52914],"timeVisible":0,"tipPosition":[94.6306,153.567,7.52914],"tipVelocity":[1.19209e-7,1.19209e-7,1.19209e-7],"tool":false,"touchDistance":1,"touchZone":"none","type":0,"width":20.3511},{"bases":[[[0.670656,0.613652,-0.416716],[-0.60117,0.778753,0.179271],[0.434529,0.130288,0.891184]],[[0.748333,0.627314,-0.21558],[-0.432252,0.214656,-0.875831],[-0.503146,0.748599,0.431792]],[[0.748333,0.627314,-0.21558],[0.143613,-0.470514,-0.870628],[-0.64759,0.620559,-0.442191]],[[0.748333,0.627314,-0.21558],[0.503268,-0.748659,-0.431545],[-0.43211,0.214445,-0.875953]]],"btipPosition":[88.4216,136.025,38.6768],"carpPosition":[75.6747,196.737,97.4295],"dipPosition":[81.0019,139.708,23.6359],"direction":[0.64759,-0.620559,0.442191],"extended":false,"handId":132,"id":1321,"length":59.1012,"mcpPosition":[43.5469,187.104,31.538],"pipPosition":[65.2712,154.782,12.8946],"stabilizedTipPosition":[86.715,136.872,35.2174],"timeVisible":0,"tipPosition":[86.715,136.872,35.2174],"tipVelocity":[1.19209e-7,1.19209e-7,1.19209e-7],"tool":false,"touchDistance":0.333333,"touchZone":"none","type":1,"width":19.4394},{"bases":[[[0.815789,0.483802,-0.316897],[-0.469447,0.873958,0.125762],[0.337799,0.0461716,0.940085]],[[0.834577,0.4857,-0.259956],[-0.396413,0.201802,-0.895619],[-0.382543,0.850512,0.360957]],[[0.834577,0.4857,-0.259956],[0.139193,-0.642487,-0.753549],[-0.533017,0.59271,-0.603811]],[[0.834577,0.4857,-0.259956],[0.399966,-0.85872,-0.320356],[-0.378826,0.163388,-0.910931]]],"btipPosition":[99.8316,141.043,43.1664],"carpPosition":[82.5989,205.504,92.1073],"dipPosition":[92.6772,144.128,25.9627],"direction":[0.533017,-0.59271,0.603811],"extended":false,"handId":132,"id":1322,"length":67.341,"mcpPosition":[58.9136,202.267,26.1919],"pipPosition":[77.4444,161.067,8.70675],"stabilizedTipPosition":[98.1861,141.752,39.2095],"timeVisible":0,"tipPosition":[98.1861,141.752,39.2095],"tipVelocity":[1.19209e-7,1.19209e-7,1.19209e-7],"tool":false,"touchDistance":0.333333,"touchZone":"none","type":2,"width":19.0921},{"bases":[[[0.889659,0.418055,-0.183675],[-0.398956,0.907317,0.132703],[0.222128,-0.0447825,0.973988]],[[0.874739,0.419988,-0.241748],[-0.357871,0.223499,-0.906629],[-0.326743,0.879578,0.345805]],[[0.874739,0.419988,-0.241748],[0.128372,-0.681874,-0.720117],[-0.467283,0.598881,-0.650376]],[[0.874739,0.419988,-0.241748],[0.369353,-0.900772,-0.228446],[-0.313705,0.11054,-0.943064]]],"btipPosition":[111.506,156.776,46.5246],"carpPosition":[91.9182,212.201,87.5526],"dipPosition":[105.616,158.852,28.8164],"direction":[0.467283,-0.598881,0.650376],"extended":false,"handId":132,"id":1323,"length":64.7502,"mcpPosition":[77.9346,215.02,26.2374],"pipPosition":[92.6063,175.525,10.7098],"stabilizedTipPosition":[110.151,157.253,42.4518],"timeVisible":0,"tipPosition":[110.151,157.253,42.4518],"tipVelocity":[1.19209e-7,1.19209e-7,1.19209e-7],"tool":false,"touchDistance":0.333333,"touchZone":"none","type":3,"width":18.1673},{"bases":[[[0.962996,0.254362,-0.0890963],[-0.234522,0.95375,0.188044],[0.132807,-0.160191,0.978111]],[[0.934545,0.274456,-0.226494],[-0.317809,0.357432,-0.878203],[-0.160072,0.892702,0.421261]],[[0.934545,0.274456,-0.226494],[0.0156409,-0.667563,-0.744389],[-0.355501,0.692123,-0.62816]],[[0.934545,0.274456,-0.226494],[0.216647,-0.943773,-0.249712],[-0.282293,0.184298,-0.941459]]],"btipPosition":[115.601,174.126,40.8685],"carpPosition":[105.774,213.311,84.1813],"dipPosition":[110.711,177.318,24.5597],"direction":[0.355501,-0.692123,0.62816],"extended":false,"handId":132,"id":1324,"length":50.763,"mcpPosition":[98.0349,222.646,27.1821],"pipPosition":[103.723,190.923,12.2123],"stabilizedTipPosition":[114.476,174.86,37.1174],"timeVisible":0,"tipPosition":[114.476,174.86,37.1174],"tipVelocity":[1.19209e-7,1.19209e-7,1.19209e-7],"tool":false,"touchDistance":0.333333,"touchZone":"none","type":4,"width":16.1376}],"r":[[1,3.05311e-17,0],[-3.05311e-17,1,-1.66533e-17],[-5.08446e-34,1.66533e-17,1]],"s":1,"t":[0,0,0],"timestamp":257652520500},{"currentFrameRate":22.1296,"devices":[],"gestures":[],"hands":[{"armBasis":[[0.291207,-0.8256,-0.483304],[0.953839,0.211801,0.212914],[-0.0734173,-0.522996,0.849167]],"armWidth":66.4635,"confidence":0.352078,"direction":[0.17384,0.47451,-0.862914],"elbow":[66.93,42.2338,341.799],"grabAngle":3.14159,"grabStrength":1,"id":132,"palmNormal":[-0.942702,-0.173203,-0.285156],"palmPosition":[92.6995,226.603,47.895],"palmVelocity":[274.3,403.816,11.8137],"palmWidth":91.4443,"pinchDistance":10.5501,"pinchStrength":0.830885,"r":[[0.968655,-0.246383,-0.0316569],[0.245551,0.96898,-0.0279747],[0.0375674,0.0193244,0.999107]],"s":0.995405,"sphereCenter":[58.1171,225.764,24.7905],"sphereRadius":31.7369,"stabilizedPalmPosition":[92.6959,226.597,47.8949],"t":[9.57582,14.0972,0.412415],"timeVisible":0.06982,"type":"right","wrist":[86.8517,184.148,111.379]}],"id":93678,"interactionBox":{"center":[0,200,0],"size":[235.247,235.247,147.751]},"pointables":[{"bases":[[[0.99169,-0.0997764,-0.0812158],[0.124566,0.586845,0.80006],[-0.032166,-0.803528,0.594397]],[[0.97776,0.064516,-0.199556],[0.0331475,0.89201,0.450798],[0.207089,-0.447387,0.870034]],[[0.97776,0.064516,-0.199556],[-0.0491348,0.995494,0.0810967],[0.203889,-0.069488,0.976525]],[[0.97776,0.064516,-0.199556],[-0.145229,0.894742,-0.422308],[0.151305,0.441898,0.884213]]],"btipPosition":[49.8485,230.814,7.87897],"carpPosition":[70.5511,216.206,104.593],"dipPosition":[53.3291,240.979,28.2193],"direction":[-0.203889,0.069488,-0.976525],"extended":false,"handId":132,"id":1320,"length":51.2263,"mcpPosition":[70.5511,216.206,104.593],"pipPosition":[60.162,238.65,60.9459],"stabilizedTipPosition":[50.6581,233.135,12.5562],"timeVisible":0.06982,"tipPosition":[45.8311,230.749,11.8163],"tipVelocity":[-629.928,1139.85,72.0153],"tool":false,"touchDistance":1,"touchZone":"none","type":0,"width":21.4602},{"bases":[[[0.309914,-0.771119,-0.556174],[0.950601,0.262172,0.166205],[0.0176491,-0.580209,0.814277]],[[0.304257,-0.893056,-0.331479],[0.505963,0.446339,-0.738094],[0.807112,0.0568548,0.587655]],[[0.304257,-0.893056,-0.331479],[-0.769959,-0.0256673,-0.637577],[0.560884,0.449213,-0.695426]],[[0.304257,-0.893056,-0.331479],[-0.947949,-0.318158,-0.0129342],[-0.0939117,0.318161,-0.943374]]],"btipPosition":[46.1175,242.2,44.8783],"carpPosition":[93.2538,217.717,97.5349],"dipPosition":[44.5404,247.543,29.0355],"direction":[-0.560884,-0.449213,0.695426],"extended":false,"handId":132,"id":1321,"length":57.8031,"mcpPosition":[91.9488,260.616,37.3297],"pipPosition":[57.8656,258.215,12.5139],"stabilizedTipPosition":[45.7631,243.407,41.2333],"timeVisible":0.06982,"tipPosition":[40.2016,241.301,41.1993],"tipVelocity":[-586.655,1526.16,86.1806],"tool":false,"touchDistance":0.333333,"touchZone":"none","type":1,"width":20.4988},{"bases":[[[0.142823,-0.875737,-0.461179],[0.989467,0.115228,0.0876215],[-0.0235924,-0.468836,0.88297]],[[0.141152,-0.902275,-0.407403],[0.293349,0.431161,-0.853256],[0.945528,0.00092732,0.325541]],[[0.141152,-0.902275,-0.407403],[-0.902257,0.0521223,-0.428038],[0.407442,0.428,-0.806726]],[[0.141152,-0.902275,-0.407403],[-0.947776,-0.242047,0.207688],[-0.286002,0.356811,-0.889319]]],"btipPosition":[49.4157,223.345,52.17],"carpPosition":[98.6635,209.07,90.5287],"dipPosition":[44.1329,229.936,35.7434],"direction":[-0.407442,-0.428,0.806726],"extended":false,"handId":132,"id":1322,"length":65.862,"mcpPosition":[100.318,241.943,28.618],"pipPosition":[55.5212,241.899,13.1948],"stabilizedTipPosition":[48.2129,224.841,48.3897],"timeVisible":0.06982,"tipPosition":[42.502,224.731,46.7054],"tipVelocity":[-715.919,1190.33,131.515],"tool":false,"touchDistance":0.333333,"touchZone":"none","type":2,"width":20.1326},{"bases":[[[0.0627955,-0.941363,-0.3315],[0.995886,0.0373624,0.0825509],[-0.0653247,-0.33532,0.939837]],[[0.0587654,-0.959776,-0.274547],[0.408761,0.274044,-0.870525],[0.910747,-0.0610677,0.408424]],[[0.0587654,-0.959776,-0.274547],[-0.846233,0.0979993,-0.523722],[0.529562,0.263108,-0.806436]],[[0.0587654,-0.959776,-0.274547],[-0.978903,-0.109316,0.172622],[-0.195691,0.258611,-0.945952]]],"btipPosition":[54.6229,210.679,46.4428],"carpPosition":[101.333,198.801,84.214],"dipPosition":[51.0291,215.428,29.0704],"direction":[-0.529562,-0.263108,0.806436],"extended":false,"handId":132,"id":1323,"length":63.3281,"mcpPosition":[105.445,219.911,25.0487],"pipPosition":[65.4485,222.593,7.1121],"stabilizedTipPosition":[53.8069,211.761,42.4471],"timeVisible":0.06982,"tipPosition":[48.3119,209.958,42.8259],"tipVelocity":[-807.146,780.837,-0.0663621],"tool":false,"touchDistance":0.333333,"touchZone":"none","type":3,"width":19.1574},{"bases":[[[-0.110605,-0.966992,-0.229549],[0.98382,-0.139281,0.112691],[-0.140944,-0.21337,0.966751]],[[-0.0917496,-0.931933,-0.350832],[0.481025,0.267006,-0.835059],[0.871893,-0.245375,0.423785]],[[-0.0917496,-0.931933,-0.350832],[-0.667172,0.319079,-0.673105],[0.739232,0.172308,-0.651035]],[[-0.0917496,-0.931933,-0.350832],[-0.995781,0.0863671,0.0309951],[0.001415,0.352196,-0.935925]]],"btipPosition":[60.9191,197.76,36.425],"carpPosition":[97.244,186.077,79.1181],"dipPosition":[60.943,203.727,20.5682],"direction":[-0.739232,-0.172308,0.651035],"extended":false,"handId":132,"id":1324,"length":49.6481,"mcpPosition":[105.457,198.511,22.781],"pipPosition":[75.1546,207.04,8.05218],"stabilizedTipPosition":[60.9364,199.127,32.7789],"timeVisible":0.06982,"tipPosition":[57.3443,198.548,34.7327],"tipVelocity":[-766.999,347.639,-62.153],"tool":false,"touchDistance":0.333333,"touchZone":"none","type":4,"width":17.0171}],"r":[[0.968655,-0.246383,-0.0316569],[0.245551,0.96898,-0.0279747],[0.0375674,0.0193244,0.999107]],"s":0.995405,"t":[9.57582,14.0972,0.412415],"timestamp":257652590320},{"currentFrameRate":23.645,"devices":[],"gestures":[],"hands":[{"armBasis":[[0.187459,-0.835655,-0.516275],[0.981358,0.182001,0.0617393],[0.04237,-0.518225,0.854194]],"armWidth":66.4635,"confidence":0.483983,"direction":[0.261496,0.412844,-0.872456],"elbow":[98.6099,65.7666,350.601],"grabAngle":3.14159,"grabStrength":1,"id":132,"palmNormal":[-0.945949,-0.0700327,-0.316663],"palmPosition":[98.1375,245.683,53.9566],"palmVelocity":[178.646,626.812,199.133],"palmWidth":91.4443,"pinchDistance":9.67982,"pinchStrength":0.802795,"r":[[0.889203,-0.455682,-0.0408928],[0.452975,0.889417,-0.0612435],[0.0642783,0.0359344,0.997285]],"s":0.967816,"sphereCenter":[65.1492,250.244,30.5326],"sphereRadius":31.3079,"stabilizedPalmPosition":[98.0511,245.38,53.8604],"t":[17.0827,30.6859,3.64942],"timeVisible":0.10026,"type":"right","wrist":[87.1129,206.386,118.817]}],"id":93679,"interactionBox":{"center":[0,200,0],"size":[235.247,235.247,147.751]},"pointables":[{"bases":[[[0.974302,-0.222221,-0.0367919],[0.166603,0.601039,0.781662],[-0.151588,-0.767705,0.622616]],[[0.981783,-0.0276738,-0.187978],[0.104314,0.90541,0.411524],[0.158809,-0.423636,0.891803]],[[0.981783,-0.0276738,-0.187978],[0.0293686,0.999549,0.00623655],[0.187721,-0.0116436,0.982153]],[[0.981783,-0.0276738,-0.187978],[-0.0908004,0.800719,-0.592118],[0.166904,0.5984,0.78362]]],"btipPosition":[54.7626,248.34,14.375],"carpPosition":[72.8601,240.463,110.055],"dipPosition":[58.602,262.106,32.4013],"direction":[-0.187721,0.0116436,-0.982153],"extended":false,"handId":132,"id":1320,"length":51.2263,"mcpPosition":[72.8601,240.463,110.055],"pipPosition":[64.8931,261.716,65.3165],"stabilizedTipPosition":[55.5616,251.197,18.4205],"timeVisible":0.10026,"tipPosition":[54.09,253.221,16.6322],"tipVelocity":[164.147,602.968,195.918],"tool":false,"touchDistance":1,"touchZone":"none","type":0,"width":21.4602},{"bases":[[[0.233015,-0.825896,-0.51342],[0.968945,0.152248,0.194847],[-0.082756,-0.542878,0.835724]],[[0.207423,-0.929399,-0.305277],[0.478457,0.368574,-0.797015],[0.853261,0.0192572,0.521128]],[[0.207423,-0.929399,-0.305277],[-0.81029,0.0116131,-0.585914],[0.548093,0.368894,-0.750674]],[[0.207423,-0.929399,-0.305277],[-0.96639,-0.243124,0.0835573],[-0.151878,0.277684,-0.948591]]],"btipPosition":[55.4318,264.816,53.846],"carpPosition":[95.8159,238.918,103.879],"dipPosition":[52.8812,269.48,37.9156],"direction":[-0.548093,-0.368894,0.750674],"extended":false,"handId":132,"id":1321,"length":57.8031,"mcpPosition":[101.935,279.057,42.0879],"pipPosition":[65.9026,278.244,20.0813],"stabilizedTipPosition":[54.6512,265.409,49.9908],"timeVisible":0.10026,"tipPosition":[50.1702,266.186,46.2877],"tipVelocity":[298.634,737.841,293.939],"tool":false,"touchDistance":0.333333,"touchZone":"none","type":1,"width":20.4988},{"bases":[[[0.0510736,-0.90542,-0.421433],[0.992338,-0.00152721,0.123543],[-0.112502,-0.424514,0.898405]],[[0.0442356,-0.929246,-0.366803],[0.397796,0.353184,-0.84677],[0.916407,-0.108455,0.385273]],[[0.0442356,-0.929246,-0.366803],[-0.833924,0.167829,-0.525741],[0.550103,0.329142,-0.767497]],[[0.0442356,-0.929246,-0.366803],[-0.960902,-0.140031,0.238868],[-0.273331,0.341896,-0.899109]]],"btipPosition":[54.5194,248.778,54.2458],"carpPosition":[100.375,229.39,97.4322],"dipPosition":[49.4707,255.094,37.6383],"direction":[-0.550103,-0.329142,0.767497],"extended":false,"handId":132,"id":1322,"length":65.862,"mcpPosition":[108.263,259.155,34.4394],"pipPosition":[64.8465,264.293,16.1862],"stabilizedTipPosition":[53.3155,250.02,50.4092],"timeVisible":0.10026,"tipPosition":[48.9341,249.898,50.7351],"tipVelocity":[169.434,833.439,66.8249],"tool":false,"touchDistance":0.333333,"touchZone":"none","type":2,"width":20.1326},{"bases":[[[-0.0409916,-0.955314,-0.292738],[0.989359,-0.0797433,0.121694],[-0.1396,-0.284635,0.948417]],[[-0.0492888,-0.970662,-0.235341],[0.441904,0.190116,-0.876685],[0.895707,-0.147209,0.419569]],[[-0.0492888,-0.970662,-0.235341],[-0.79756,0.180087,-0.575732],[0.601223,0.159321,-0.783038]],[[-0.0492888,-0.970662,-0.235341],[-0.991812,0.0197728,0.126168],[-0.117813,0.239632,-0.963689]]],"btipPosition":[57.2381,234.259,52.5134],"carpPosition":[101.993,218.614,91.6256],"dipPosition":[55.0744,238.66,34.8154],"direction":[-0.601223,-0.159321,0.783038],"extended":false,"handId":132,"id":1323,"length":63.3281,"mcpPosition":[110.781,236.533,31.9202],"pipPosition":[71.4451,242.998,13.4942],"stabilizedTipPosition":[56.7033,234.974,48.367],"timeVisible":0.10026,"tipPosition":[52.6873,234.413,47.7827],"tipVelocity":[96.7177,772.002,196.97],"tool":false,"touchDistance":0.333333,"touchZone":"none","type":3,"width":19.1574},{"bases":[[[-0.219777,-0.95544,-0.197058],[0.954693,-0.25219,0.15799],[-0.200646,-0.153408,0.967578]],[[-0.23075,-0.962575,-0.142139],[0.431967,0.0295541,-0.901405],[0.871871,-0.269398,0.408981]],[[-0.23075,-0.962575,-0.142139],[-0.722744,0.267365,-0.637305],[0.651457,-0.0443284,-0.75739]],[[-0.23075,-0.962575,-0.142139],[-0.968063,0.24183,-0.066123],[0.0980217,0.122341,-0.987636]]],"btipPosition":[63.7695,223.355,47.5469],"carpPosition":[96.5639,206.272,86.8529],"dipPosition":[65.4303,225.427,30.814],"direction":[-0.651457,0.0443284,0.75739],"extended":false,"handId":132,"id":1324,"length":49.6481,"mcpPosition":[108.257,215.212,30.4676],"pipPosition":[77.9544,224.575,16.2533],"stabilizedTipPosition":[64.0573,223.107,43.3784],"timeVisible":0.10026,"tipPosition":[61.3031,222.237,41.3969],"tipVelocity":[106.01,811.397,358.751],"tool":false,"touchDistance":0.333333,"touchZone":"none","type":4,"width":17.0171}],"r":[[0.889203,-0.455682,-0.0408928],[0.452975,0.889417,-0.0612435],[0.0642783,0.0359344,0.997285]],"s":0.967816,"t":[17.0827,30.6859,3.64942],"timestamp":257652620760},{"currentFrameRate":27.3409,"devices":[],"gestures":[],"hands":[{"armBasis":[[0.155261,-0.842054,-0.516564],[0.983407,0.181413,-0.000146204],[0.0938347,-0.50797,0.856249]],"armWidth":66.4635,"confidence":0.524409,"direction":[0.245593,0.334528,-0.909821],"elbow":[112.64,65.3321,352.562],"grabAngle":3.14159,"grabStrength":1,"id":132,"palmNormal":[-0.953791,-0.0842138,-0.288426],"palmPosition":[96.718,237.467,52.3443],"palmVelocity":[-137.896,-798.134,-156.631],"palmWidth":91.4443,"pinchDistance":5.79735,"pinchStrength":0.800041,"r":[[0.791523,-0.609931,-0.0384002],[0.603715,0.790127,-0.105964],[0.0949715,0.0606899,0.993628]],"s":0.954732,"sphereCenter":[63.6261,237.964,28.5277],"sphereRadius":31.9263,"stabilizedPalmPosition":[97.0159,239.235,52.683],"t":[20.1264,34.8723,4.46174],"timeVisible":0.110554,"type":"right","wrist":[87.1783,203.169,120.22]}],"id":93680,"interactionBox":{"center":[0,200,0],"size":[235.247,235.247,147.751]},"pointables":[{"bases":[[[0.970678,-0.237096,-0.0396295],[0.191388,0.662499,0.7242],[-0.14545,-0.710549,0.688451]],[[0.972131,-0.026164,-0.232975],[0.121864,0.905341,0.406825],[0.200277,-0.423878,0.883298]],[[0.972131,-0.026164,-0.232975],[0.00583649,0.996146,-0.0875175],[0.234367,0.0837187,0.968537]],[[0.972131,-0.026164,-0.232975],[-0.112276,0.820421,-0.560628],[0.205806,0.571161,0.794619]]],"btipPosition":[50.0643,242.635,14.1831],"carpPosition":[72.7003,237.315,109.234],"dipPosition":[54.7986,255.774,32.4624],"direction":[-0.234367,-0.0837187,-0.968537],"extended":false,"handId":132,"id":1320,"length":51.2263,"mcpPosition":[72.7003,237.315,109.234],"pipPosition":[62.653,258.579,64.9213],"stabilizedTipPosition":[52.1154,246.866,18.3946],"timeVisible":0.110554,"tipPosition":[51.699,243.271,16.2762],"tipVelocity":[-436.418,-568.259,-12.9844],"tool":false,"touchDistance":1,"touchZone":"none","type":0,"width":21.4602},{"bases":[[[0.211884,-0.869123,-0.446912],[0.974842,0.155579,0.15962],[-0.069199,-0.46949,0.880222]],[[0.190735,-0.952805,-0.236185],[0.432647,0.297568,-0.85104],[0.881156,0.0601385,0.468985]],[[0.190735,-0.952805,-0.236185],[-0.816582,-0.0204699,-0.576866],[0.544806,0.302893,-0.781948]],[[0.190735,-0.952805,-0.236185],[-0.981101,-0.193016,-0.0136502],[-0.0325814,0.234325,-0.971612]]],"btipPosition":[50.9976,256.001,52.7074],"carpPosition":[95.4874,234.959,102.699],"dipPosition":[50.4505,259.936,36.3903],"direction":[-0.544806,-0.302893,0.781948],"extended":false,"handId":132,"id":1321,"length":57.8031,"mcpPosition":[100.604,269.672,37.6177],"pipPosition":[63.3937,267.132,17.8131],"stabilizedTipPosition":[51.7823,258.954,49.2042],"timeVisible":0.110554,"tipPosition":[49.1634,257.706,44.8794],"tipVelocity":[-385.992,-872.641,-119.246],"tool":false,"touchDistance":0.333333,"touchZone":"none","type":1,"width":20.4988},{"bases":[[[0.0312751,-0.938265,-0.344501],[0.994873,-0.00394129,0.101053],[-0.0961718,-0.345896,0.933331]],[[0.025452,-0.957318,-0.287915],[0.383317,0.27534,-0.881621],[0.923266,-0.0879239,0.373964]],[[0.025452,-0.957318,-0.287915],[-0.869683,0.120817,-0.478596],[0.492954,0.262576,-0.829488]],[[0.025452,-0.957318,-0.287915],[-0.973249,-0.0895137,0.211597],[-0.228338,0.274828,-0.933987]]],"btipPosition":[53.2306,240.867,54.257],"carpPosition":[99.7899,224.864,96.9797],"dipPosition":[49.013,245.943,37.0053],"direction":[-0.492954,-0.262576,0.829488],"extended":false,"handId":132,"id":1322,"length":65.862,"mcpPosition":[106.533,249.116,31.5379],"pipPosition":[62.7914,253.282,13.8205],"stabilizedTipPosition":[52.4412,243.401,50.3097],"timeVisible":0.110554,"tipPosition":[47.7843,242.032,49.9016],"tipVelocity":[-106.628,-796.275,-13.2999],"tool":false,"touchDistance":0.333333,"touchZone":"none","type":2,"width":20.1326},{"bases":[[[-0.0583056,-0.975955,-0.21003],[0.990993,-0.0819904,0.105882],[-0.120557,-0.201965,0.971945]],[[-0.0654298,-0.986309,-0.15137],[0.397383,0.113393,-0.91062],[0.915317,-0.119734,0.384523]],[[-0.0654298,-0.986309,-0.15137],[-0.846803,0.13513,-0.514456],[0.527868,0.0945201,-0.844051]],[[-0.0654298,-0.986309,-0.15137],[-0.985108,0.0396744,0.167299],[-0.159003,0.160062,-0.974217]]],"btipPosition":[57.0924,226.077,54.8696],"carpPosition":[101.154,213.618,92.0691],"dipPosition":[54.1723,229.017,36.9782],"direction":[-0.527867,-0.0945201,0.844051],"extended":false,"handId":132,"id":1323,"length":63.3281,"mcpPosition":[108.743,226.332,30.8825],"pipPosition":[68.5455,231.59,13.9956],"stabilizedTipPosition":[56.4818,228.53,50.2384],"timeVisible":0.110554,"tipPosition":[51.7937,226.369,48.5338],"tipVelocity":[-31.0555,-827.468,224.564],"tool":false,"touchDistance":0.333333,"touchZone":"none","type":3,"width":19.1574},{"bases":[[[-0.234801,-0.965718,-0.110715],[0.95529,-0.250308,0.157376],[-0.179694,-0.0688126,0.981313]],[[-0.252593,-0.967556,-0.00563568],[0.415437,-0.103191,-0.90375],[0.873847,-0.230622,0.428024]],[[-0.252593,-0.967556,-0.00563568],[-0.767141,0.203815,-0.608239],[0.589654,-0.149314,-0.793734]],[[-0.252593,-0.967556,-0.00563568],[-0.967524,0.252518,0.0114987],[-0.0097025,0.00835714,-0.999918]]],"btipPosition":[64.4084,215.743,48.6166],"carpPosition":[95.4792,200.989,88.4781],"dipPosition":[64.244,215.885,31.6756],"direction":[-0.589654,0.149314,0.793734],"extended":false,"handId":132,"id":1324,"length":49.6481,"mcpPosition":[105.951,204.999,31.2924],"pipPosition":[75.58,213.014,16.4163],"stabilizedTipPosition":[64.2866,217.743,44.3601],"timeVisible":0.110554,"tipPosition":[59.9806,213.809,42.8982],"tipVelocity":[21.286,-782.549,99.2703],"tool":false,"touchDistance":0.333333,"touchZone":"none","type":4,"width":17.0171}],"r":[[0.791523,-0.609931,-0.0384002],[0.603715,0.790127,-0.105964],[0.0949715,0.0606899,0.993628]],"s":0.954732,"t":[20.1264,34.8723,4.46174],"timestamp":257652631054},{"currentFrameRate":30.8505,"devices":[],"gestures":[],"hands":[{"armBasis":[[0.119018,-0.837843,-0.532779],[0.98164,0.17985,-0.0635418],[0.149058,-0.515434,0.843866]],"armWidth":66.4635,"confidence":0.562554,"direction":[0.237611,0.311271,-0.920137],"elbow":[127.318,60.8479,349.852],"grabAngle":3.14159,"grabStrength":1,"id":132,"palmNormal":[-0.958849,-0.0763881,-0.273449],"palmPosition":[95.3986,233.73,52.2593],"palmVelocity":[-128.335,-363.483,-8.26155],"palmWidth":91.4443,"pinchDistance":2.29672,"pinchStrength":0.857952,"r":[[0.692204,-0.721103,-0.0294159],[0.710726,0.688191,-0.145812],[0.125389,0.0800248,0.988875]],"s":0.944143,"sphereCenter":[61.94,232.85,28.2398],"sphereRadius":32.5309,"stabilizedPalmPosition":[95.7125,234.799,52.3416],"t":[20.9886,35.097,4.82544],"timeVisible":0.120835,"type":"right","wrist":[86.8712,200.71,120.871]}],"id":93681,"interactionBox":{"center":[0,200,0],"size":[235.247,235.247,147.751]},"pointables":[{"bases":[[[0.96652,-0.252107,-0.0477647],[0.211011,0.675022,0.706979],[-0.145992,-0.693388,0.705619]],[[0.964713,-0.0272814,-0.261888],[0.141987,0.891516,0.430162],[0.221742,-0.452168,0.86393]],[[0.964713,-0.0272814,-0.261888],[0.0082418,0.997259,-0.0735263],[0.263176,0.0687733,0.962293]],[[0.964713,-0.0272814,-0.261888],[-0.128736,0.818762,-0.559514],[0.229688,0.573485,0.786358]]],"btipPosition":[46.9524,242.339,15.7825],"carpPosition":[72.1801,235.152,109.462],"dipPosition":[52.2361,255.531,33.8718],"direction":[-0.263176,-0.0687733,-0.962293],"extended":false,"handId":132,"id":1320,"length":51.2263,"mcpPosition":[72.1801,235.152,109.462],"pipPosition":[61.056,257.836,66.1214],"stabilizedTipPosition":[49.1405,245.741,19.5615],"timeVisible":0.120835,"tipPosition":[49.5919,240.66,17.371],"tipVelocity":[-290.389,-27.6069,151.316],"tool":false,"touchDistance":1,"touchZone":"none","type":0,"width":21.4602},{"bases":[[[0.193093,-0.881536,-0.430824],[0.979117,0.144654,0.142849],[-0.0636063,-0.44941,0.891058]],[[0.17747,-0.950924,-0.253471],[0.422141,0.306218,-0.853245],[0.888989,0.0444245,0.455768]],[[0.17747,-0.950924,-0.253471],[-0.820445,-0.000723447,-0.571726],[0.543484,0.309423,-0.780309]],[[0.17747,-0.950924,-0.253471],[-0.981543,-0.189682,0.0243801],[-0.0712627,0.244466,-0.967036]]],"btipPosition":[50.2843,252.218,52.3183],"carpPosition":[94.8373,232.322,102.668],"dipPosition":[49.0875,256.323,36.0781],"direction":[-0.543484,-0.309423,0.780309],"extended":false,"handId":132,"id":1321,"length":57.8031,"mcpPosition":[99.5402,265.55,36.7863],"pipPosition":[61.9994,263.674,17.5398],"stabilizedTipPosition":[50.3848,254.39,48.7147],"timeVisible":0.120835,"tipPosition":[48.1405,254.431,45.1917],"tipVelocity":[-83.9188,-364.154,-36.1293],"tool":false,"touchDistance":0.333333,"touchZone":"none","type":1,"width":20.4988},{"bases":[[[0.0129609,-0.945805,-0.324475],[0.996031,-0.0163642,0.0874852],[-0.0880538,-0.324322,0.94184]],[[0.00765749,-0.963551,-0.267415],[0.384517,0.249699,-0.888705],[0.923086,-0.0960203,0.372413]],[[0.00765749,-0.963551,-0.267415],[-0.875249,0.122874,-0.467805],[0.483612,0.237637,-0.842406]],[[0.00765749,-0.963551,-0.267415],[-0.975884,-0.0655418,0.208216],[-0.218153,0.259372,-0.940816]]],"btipPosition":[51.8668,237.901,54.3527],"carpPosition":[98.9138,222.044,97.1113],"dipPosition":[47.8373,242.692,36.9749],"direction":[-0.483612,-0.237637,0.842406],"extended":false,"handId":132,"id":1322,"length":65.862,"mcpPosition":[105.088,244.785,31.0729],"pipPosition":[61.3546,249.334,13.429],"stabilizedTipPosition":[51.1625,239.655,50.349],"timeVisible":0.120835,"tipPosition":[46.6143,238.96,50.3876],"tipVelocity":[-128.447,-294.845,6.48491],"tool":false,"touchDistance":0.333333,"touchZone":"none","type":2,"width":20.1326},{"bases":[[[-0.0752605,-0.97928,-0.188005],[0.991098,-0.0942263,0.0940586],[-0.109825,-0.179252,0.977654]],[[-0.0817106,-0.988267,-0.129043],[0.390143,0.0874267,-0.916594],[0.917121,-0.125241,0.378422]],[[-0.0817106,-0.988267,-0.129043],[-0.856135,0.135886,-0.498566],[0.510251,0.0697398,-0.857193]],[[-0.0817106,-0.988267,-0.129043],[-0.982402,0.0580445,0.177531],[-0.167958,0.141278,-0.975618]]],"btipPosition":[55.8749,222.968,55.52],"carpPosition":[100.047,210.677,92.4275],"dipPosition":[52.7903,225.563,37.6029],"direction":[-0.510251,-0.0697398,0.857193],"extended":false,"handId":132,"id":1323,"length":63.3281,"mcpPosition":[106.961,221.961,30.8814],"pipPosition":[66.6839,227.462,14.2624],"stabilizedTipPosition":[55.4245,224.542,51.1706],"timeVisible":0.120835,"tipPosition":[50.3473,223.219,49.3386],"tipVelocity":[-122.099,-310.121,62.6877],"tool":false,"touchDistance":0.333333,"touchZone":"none","type":3,"width":19.1574},{"bases":[[[-0.250182,-0.964325,-0.0865281],[0.953704,-0.260857,0.149673],[-0.166905,-0.0450766,0.984942]],[[-0.26697,-0.963455,0.0219588],[0.413495,-0.135101,-0.900427],[0.870487,-0.231307,0.434452]],[[-0.26697,-0.963455,0.0219588],[-0.773986,0.200782,-0.600527],[0.574172,-0.177319,-0.799303]],[[-0.26697,-0.963455,0.0219588],[-0.963122,0.267532,0.0286759],[-0.0335026,-0.0134934,-0.999348]]],"btipPosition":[63.1434,212.362,48.9901],"carpPosition":[94.1418,198.058,89.1891],"dipPosition":[62.5758,212.133,32.0587],"direction":[-0.574172,0.177319,0.799303],"extended":false,"handId":132,"id":1324,"length":49.6481,"mcpPosition":[103.868,200.685,31.7919],"pipPosition":[73.6141,208.724,16.6923],"stabilizedTipPosition":[63.314,213.594,44.922],"timeVisible":0.120835,"tipPosition":[58.3788,210.488,43.8801],"tipVelocity":[-132.067,-337.16,36.5424],"tool":false,"touchDistance":0.333333,"touchZone":"none","type":4,"width":17.0171}],"r":[[0.692204,-0.721103,-0.0294159],[0.710726,0.688191,-0.145812],[0.125389,0.0800248,0.988875]],"s":0.944143,"t":[20.9886,35.097,4.82544],"timestamp":257652641335},{"currentFrameRate":34.2036,"devices":[],"gestures":[],"hands":[{"armBasis":[[0.0818699,-0.818694,-0.568363],[0.978384,0.174681,-0.110687],[0.189901,-0.547016,0.815298]],"armWidth":66.4635,"confidence":0.597999,"direction":[0.222148,0.311774,-0.923822],"elbow":[139.597,51.5523,343.029],"grabAngle":3.14159,"grabStrength":1,"id":132,"palmNormal":[-0.965369,-0.0626034,-0.253266],"palmPosition":[95.2452,233.505,53.3022],"palmVelocity":[-15.1087,-22.1407,102.757],"palmWidth":91.4443,"pinchDistance":0.771765,"pinchStrength":0.953025,"r":[[0.599531,-0.800076,-0.0210085],[0.785115,0.593013,-0.178691],[0.155425,0.090637,0.983681]],"s":0.932651,"sphereCenter":[60.9731,232.304,29.3667],"sphereRadius":33.1461,"stabilizedPalmPosition":[95.4389,234.041,52.9042],"t":[21.343,35.097,5.52872],"timeVisible":0.130984,"type":"right","wrist":[88.0677,199.984,121.799]}],"id":93682,"interactionBox":{"center":[0,200,0],"size":[235.247,235.247,147.751]},"pointables":[{"bases":[[[0.961847,-0.264678,-0.0692561],[0.234938,0.669341,0.704831],[-0.140197,-0.69421,0.705986]],[[0.954832,-0.0231978,-0.296239],[0.167597,0.865282,0.472438],[0.245371,-0.500748,0.830087]],[[0.954832,-0.0231978,-0.296239],[0.00667071,0.99837,-0.0566791],[0.297071,0.0521429,0.953431]],[[0.954832,-0.0231978,-0.296239],[-0.152997,0.81626,-0.557056],[0.254731,0.577218,0.775842]]],"btipPosition":[45.1421,245.101,19.5481],"carpPosition":[73.2673,235.006,110.991],"dipPosition":[51.0019,258.379,37.3955],"direction":[-0.297071,-0.0521429,-0.953431],"extended":false,"handId":132,"id":1320,"length":51.2263,"mcpPosition":[73.2673,235.006,110.991],"pipPosition":[60.9578,260.127,69.348],"stabilizedTipPosition":[47.4597,247.272,22.1559],"timeVisible":0.130984,"tipPosition":[48.4239,242.327,20.1182],"tipVelocity":[-165.314,274.124,365.547],"tool":false,"touchDistance":1,"touchZone":"none","type":0,"width":21.4602},{"bases":[[[0.172153,-0.882285,-0.438106],[0.983767,0.131117,0.122519],[-0.0506535,-0.452086,0.890535]],[[0.164852,-0.930057,-0.328356],[0.421446,0.367411,-0.829091],[0.891744,-0.001707,0.452537]],[[0.164852,-0.930057,-0.328356],[-0.820075,0.0557172,-0.569537],[0.547997,0.363166,-0.753531]],[[0.164852,-0.930057,-0.328356],[-0.98357,-0.179852,0.0156221],[-0.0735851,0.320386,-0.944425]]],"btipPosition":[50.0402,251.393,52.5154],"carpPosition":[95.7355,231.904,103.706],"dipPosition":[48.8044,256.774,36.6549],"direction":[-0.547997,-0.363166,0.753531],"extended":false,"handId":132,"id":1321,"length":57.8031,"mcpPosition":[99.4807,265.33,37.8628],"pipPosition":[61.8235,265.402,18.7528],"stabilizedTipPosition":[49.906,253.05,48.831],"timeVisible":0.130984,"tipPosition":[48.3226,254.591,47.5043],"tipVelocity":[-24.9335,-52.3377,28.0259],"tool":false,"touchDistance":0.333333,"touchZone":"none","type":1,"width":20.4988},{"bases":[[[-0.00652079,-0.94459,-0.328188],[0.997358,-0.0298889,0.0662098],[-0.0723503,-0.326889,0.942289]],[[-0.0104291,-0.960905,-0.27668],[0.385313,0.251466,-0.887862],[0.922727,-0.115868,0.367627]],[[-0.0104291,-0.960905,-0.27668],[-0.88292,0.138739,-0.448558],[0.469409,0.239608,-0.849849]],[[-0.0104291,-0.960905,-0.27668],[-0.976655,-0.0495821,0.209012],[-0.214559,0.272401,-0.937956]]],"btipPosition":[51.7555,238.276,55.6174],"carpPosition":[99.5559,221.595,98.0255],"dipPosition":[47.7924,243.308,38.2924],"direction":[-0.469409,-0.239608,0.849849],"extended":false,"handId":132,"id":1322,"length":65.862,"mcpPosition":[104.629,244.515,31.9556],"pipPosition":[60.9127,250.005,14.5385],"stabilizedTipPosition":[50.9607,239.514,51.1623],"timeVisible":0.130984,"tipPosition":[46.7088,239.389,52.4485],"tipVelocity":[-9.46524,42.4314,125.808],"tool":false,"touchDistance":0.333333,"touchZone":"none","type":2,"width":20.1326},{"bases":[[[-0.0922631,-0.97744,-0.189996],[0.991529,-0.107705,0.0725974],[-0.0914231,-0.181689,0.979097]],[[-0.0965565,-0.985052,-0.14265],[0.386439,0.0949757,-0.917412],[0.917247,-0.143708,0.371492]],[[-0.0965565,-0.985052,-0.14265],[-0.862268,0.154373,-0.482352],[0.497163,0.0764287,-0.864285]],[[-0.0965565,-0.985052,-0.14265],[-0.980317,0.0693221,0.184858],[-0.172206,0.157692,-0.972357]]],"btipPosition":[55.5363,223.004,56.7157],"carpPosition":[100.438,210.233,93.2765],"dipPosition":[52.3738,225.9,38.8584],"direction":[-0.497163,-0.0764287,0.864285],"extended":false,"handId":132,"id":1323,"length":63.3281,"mcpPosition":[106.193,221.67,31.6396],"pipPosition":[65.911,227.981,15.3249],"stabilizedTipPosition":[55.062,224.029,52.0175],"timeVisible":0.130984,"tipPosition":[50.2165,223.606,51.359],"tipVelocity":[-35.1256,10.4099,119.172],"tool":false,"touchDistance":0.333333,"touchZone":"none","type":3,"width":19.1574},{"bases":[[[-0.264777,-0.960577,-0.0847653],[0.95311,-0.274047,0.128376],[-0.146545,-0.0467996,0.988096]],[[-0.275528,-0.961271,-0.00642327],[0.422317,-0.11504,-0.899118],[0.863558,-0.250445,0.437658]],[[-0.275528,-0.961271,-0.00642327],[-0.776592,0.226522,-0.587871],[0.566558,-0.156987,-0.808929]],[[-0.275528,-0.961271,-0.00642327],[-0.960466,0.275008,0.0432967],[-0.0398535,0.0180988,-0.999042]]],"btipPosition":[62.6079,211.849,49.8033],"carpPosition":[94.2979,197.706,90.1176],"dipPosition":[61.9326,212.156,32.8771],"direction":[-0.566558,0.156987,0.808929],"extended":false,"handId":132,"id":1324,"length":49.6481,"mcpPosition":[102.838,200.433,32.5366],"pipPosition":[72.8246,209.138,17.3256],"stabilizedTipPosition":[62.7652,212.527,45.5516],"timeVisible":0.130984,"tipPosition":[58.0567,210.863,45.6449],"tipVelocity":[-55.2061,-38.396,80.2412],"tool":false,"touchDistance":0.333333,"touchZone":"none","type":4,"width":17.0171}],"r":[[0.599531,-0.800076,-0.0210085],[0.785115,0.593013,-0.178691],[0.155425,0.090637,0.983681]],"s":0.932651,"t":[21.343,35.097,5.52872],"timestamp":257652651484},{"currentFrameRate":37.3659,"devices":[],"gestures":[],"hands":[{"armBasis":[[0.0380285,-0.794856,-0.605605],[0.974726,0.163018,-0.152753],[0.220141,-0.584491,0.780966]],"armWidth":66.4635,"confidence":0.631681,"direction":[0.216578,0.310146,-0.925691],"elbow":[148.74,42.9876,334.657],"grabAngle":3.14159,"grabStrength":1,"id":132,"palmNormal":[-0.969689,-0.0415315,-0.240787],"palmPosition":[95.642,235.594,54.4697],"palmVelocity":[38.5735,203.067,113.515],"palmWidth":91.4443,"pinchDistance":0.441289,"pinchStrength":1,"r":[[0.515435,-0.856828,-0.0131546],[0.837203,0.506785,-0.205574],[0.182808,0.0949471,0.978553]],"s":0.92497,"sphereCenter":[60.7284,234.856,30.529],"sphereRadius":33.7142,"stabilizedPalmPosition":[95.5571,234.946,53.816],"t":[21.7185,36.1412,6.46412],"timeVisible":0.141269,"type":"right","wrist":[89.0051,201.588,122.743]}],"id":93683,"interactionBox":{"center":[0,200,0],"size":[235.247,235.247,147.751]},"pointables":[{"bases":[[[0.955098,-0.284523,-0.0826657],[0.258094,0.661913,0.703746],[-0.145515,-0.693483,0.705625]],[[0.947065,-0.029382,-0.319694],[0.197263,0.838904,0.507274],[0.253288,-0.543485,0.800293]],[[0.947065,-0.029382,-0.319694],[0.0194921,0.999229,-0.034092],[0.320449,0.0260558,0.946907]],[[0.947065,-0.029382,-0.319694],[-0.157191,0.825832,-0.541565],[0.279926,0.56315,0.777498]]],"btipPosition":[44.5688,250.798,22.6781],"carpPosition":[74.4541,237.361,112.446],"dipPosition":[51.0082,263.753,40.5636],"direction":[-0.320449,-0.0260558,-0.946907],"extended":false,"handId":132,"id":1320,"length":51.2263,"mcpPosition":[74.4541,237.361,112.446],"pipPosition":[61.7475,264.626,72.2976],"stabilizedTipPosition":[46.5808,251.328,25.0461],"timeVisible":0.141269,"tipPosition":[48.1821,246.826,22.706],"tipVelocity":[-42.784,546.683,305.183],"tool":false,"touchDistance":1,"touchZone":"none","type":0,"width":21.4602},{"bases":[[[0.147882,-0.884224,-0.443034],[0.987814,0.110082,0.110021],[-0.0485134,-0.453905,0.889728]],[[0.144721,-0.909756,-0.389101],[0.43798,0.411517,-0.799267],[0.887259,-0.054748,0.45801]],[[0.144721,-0.909756,-0.389101],[-0.813446,0.114498,-0.570259],[0.563348,0.399041,-0.723468]],[[0.144721,-0.909756,-0.389101],[-0.987835,-0.155458,-0.00393575],[-0.0569081,0.384937,-0.921187]]],"btipPosition":[50.4466,253.741,52.391],"carpPosition":[96.7555,233.814,104.858],"dipPosition":[49.4909,260.206,36.9208],"direction":[-0.563348,-0.399041,0.723468],"extended":false,"handId":132,"id":1321,"length":57.8031,"mcpPosition":[100.342,267.374,39.0741],"pipPosition":[62.8747,269.686,19.7329],"stabilizedTipPosition":[50.1616,254.786,48.8325],"timeVisible":0.141269,"tipPosition":[49.2292,257.396,49.2926],"tipVelocity":[45.7744,252.527,-3.36736],"tool":false,"touchDistance":0.333333,"touchZone":"none","type":1,"width":20.4988},{"bases":[[[-0.0306113,-0.943142,-0.330976],[0.99729,-0.0509835,0.0530444],[-0.0669027,-0.328456,0.942147]],[[-0.0332427,-0.955437,-0.293318],[0.3907,0.257704,-0.883709],[