{"frames":221,"data":[{"currentFrameRate":23.8496,"devices":[],"gestures":[],"hands":[],"id":94393,"interactionBox":{"center":[0,200,0],"size":[235.247,235.247,147.751]},"pointables":[],"r":[[-0.962136,-0.269906,0.0380192],[0.215739,-0.839331,-0.498979],[0.166588,-0.471883,0.86578]],"s":0.686793,"t":[505.899,-233.461,348.339],"timestamp":257671168732},{"currentFrameRate":24.1177,"devices":[],"gestures":[],"hands":[],"id":94394,"interactionBox":{"center":[0,200,0],"size":[235.247,235.247,147.751]},"pointables":[],"r":[[-0.962136,-0.269906,0.0380192],[0.215739,-0.839331,-0.498979],[0.166588,-0.471883,0.86578]],"s":0.686793,"t":[505.899,-233.461,348.339],"timestamp":257671208184},{"currentFrameRate":24.3563,"devices":[],"gestures":[],"hands":[],"id":94395,"interactionBox":{"center":[0,200,0],"size":[235.247,235.247,147.751]},"pointables":[],"r":[[-0.962136,-0.269906,0.0380192],[0.215739,-0.839331,-0.498979],[0.166588,-0.471883,0.86578]],"s":0.686793,"t":[505.899,-233.461,348.339],"timestamp":257671247469},{"currentFrameRate":24.5071,"devices":[],"gestures":[],"hands":[{"armBasis":[[-0.167709,-0.98581,-0.00722005],[-0.983065,0.167782,-0.073708],[-0.0738734,0.00526374,0.997254]],"armWidth":64.0382,"confidence":0,"direction":[-0.263523,0.25295,-0.930898],"elbow":[66.3008,138.721,368.975],"grabAngle":2.99946,"grabStrength":1,"id":133,"palmNormal":[0.953223,-0.0798308,-0.291535],"palmPosition":[75.2099,160.813,26.8435],"palmVelocity":[1.19209e-7,1.19209e-7,1.19209e-7],"palmWidth":91.4443,"pinchDistance":10.0408,"pinchStrength":1,"r":[[1,-5.55112e-18,1.66533e-17],[5.55112e-18,1,-1.11022e-17],[-1.66533e-17,1.11022e-17,1]],"s":1,"sphereCenter":[114.473,140.594,-5.98858],"sphereRadius":45.4426,"stabilizedPalmPosition":[75.2099,160.813,26.8435],"t":[0,0,0],"timeVisible":0,"type":"left","wrist":[86.3462,137.293,98.372]}],"id":94396,"interactionBox":{"center":[0,200,0],"size":[235.247,235.247,147.751]},"pointables":[{"bases":[[[-0.963589,-0.267222,-0.00945113],[-0.204295,0.712951,0.670794],[0.172513,-0.648301,0.741583]],[[-0.978326,-0.125049,-0.165047],[-0.187064,0.875532,0.445478],[-0.0887976,-0.466697,0.879948]],[[-0.978326,-0.125049,-0.165047],[-0.156327,0.968731,0.192673],[-0.135793,-0.214298,0.967283]],[[-0.978326,-0.125049,-0.165047],[-0.113056,0.990347,-0.0801998],[-0.173483,0.0598021,0.98302]]],"btipPosition":[112.921,195.282,-17.1248],"carpPosition":[99.7329,165.933,83.2853],"dipPosition":[108.841,196.689,5.99628],"direction":[0.135793,0.214298,-0.967283],"extended":false,"handId":133,"id":1330,"length":52.3766,"mcpPosition":[99.7329,165.933,83.2853],"pipPosition":[104.188,189.346,39.1411],"stabilizedTipPosition":[111.983,195.606,-11.8069],"timeVisible":0,"tipPosition":[111.983,195.606,-11.8069],"tipVelocity":[1.19209e-7,1.19209e-7,1.19209e-7],"tool":false,"touchDistance":1,"touchZone":"none","type":0,"width":20.3511},{"bases":[[[-0.190202,-0.908022,-0.373255],[-0.977526,0.139952,0.157662],[0.0909224,-0.394854,0.914234]],[[-0.150352,-0.987043,-0.0560358],[-0.861876,0.158631,-0.48167],[-0.484318,0.0241243,0.87456]],[[-0.150352,-0.987043,-0.0560358],[0.483631,-0.023998,-0.874943],[-0.862262,0.15865,-0.480973]],[[-0.150352,-0.987043,-0.0560358],[0.857907,-0.102094,-0.50356],[-0.491314,0.123785,-0.862141]]],"btipPosition":[120.538,184.58,-1.64977],"carpPosition":[76.9671,162.407,77.2196],"dipPosition":[112.101,186.706,-16.4535],"direction":[0.862262,-0.15865,0.480973],"extended":false,"handId":133,"id":1331,"length":59.1012,"mcpPosition":[70.2446,191.601,9.62391],"pipPosition":[91.156,190.56,-28.1369],"stabilizedTipPosition":[118.597,185.069,-5.05464],"timeVisible":0,"tipPosition":[118.597,185.069,-5.05464],"tipVelocity":[1.19209e-7,1.19209e-7,1.19209e-7],"tool":false,"touchDistance":0.333333,"touchZone":"none","type":1,"width":19.4394},{"bases":[[[-0.00671981,-0.963485,-0.267679],[-0.993375,-0.0242775,0.112322],[0.114719,-0.266661,0.956939]],[[0.000171309,-0.977741,-0.209816],[-0.690073,0.151736,-0.707655],[-0.72374,-0.144909,0.674686]],[[0.000171309,-0.977741,-0.209816],[0.72319,0.14503,-0.67525],[-0.690649,0.151621,-0.707117]],[[0.000171309,-0.977741,-0.209816],[0.970368,0.0508606,-0.236218],[-0.241631,0.203558,-0.948777]]],"btipPosition":[124.229,169.304,10.7259],"carpPosition":[72.9126,151.764,72.3788],"dipPosition":[119.665,173.148,-7.19255],"direction":[0.690649,-0.151621,0.707117],"extended":false,"handId":133,"id":1332,"length":67.341,"mcpPosition":[64.8689,170.462,5.28172],"pipPosition":[99.9276,177.481,-27.4008],"stabilizedTipPosition":[123.179,170.188,6.60466],"timeVisible":0,"tipPosition":[123.179,170.188,6.60466],"tipVelocity":[1.19209e-7,1.19209e-7,1.19209e-7],"tool":false,"touchDistance":0.333333,"touchZone":"none","type":2,"width":19.0921},{"bases":[[[0.0851394,-0.987635,-0.131641],[-0.987154,-0.10154,0.123359],[0.1352,-0.119447,0.983592]],[[0.0768791,-0.978695,-0.190384],[-0.62246,0.102052,-0.775969],[-0.778866,-0.178162,0.601353]],[[0.0768791,-0.978695,-0.190384],[0.778371,0.178244,-0.601971],[-0.62308,0.10191,-0.77549]],[[0.0768791,-0.978695,-0.190384],[0.981719,0.107651,-0.156967],[-0.174118,0.174836,-0.96908]]],"btipPosition":[118.915,149.524,19.2671],"carpPosition":[71.8366,140.125,68.4028],"dipPosition":[115.645,152.807,1.07045],"direction":[0.62308,-0.10191,0.77549],"extended":false,"handId":133,"id":1333,"length":64.7502,"mcpPosition":[63.3254,147.645,6.48291],"pipPosition":[98.2986,155.644,-20.5195],"stabilizedTipPosition":[118.163,150.279,15.0819],"timeVisible":0,"tipPosition":[118.163,150.279,15.0819],"tipVelocity":[1.19209e-7,1.19209e-7,1.19209e-7],"tool":false,"touchDistance":0.333333,"touchZone":"none","type":3,"width":18.1673},{"bases":[[[0.262143,-0.964377,-0.0354767],[-0.946045,-0.264069,0.187792],[0.190471,0.0156659,0.981568]],[[0.224588,-0.952119,-0.207434],[-0.688821,-0.00454598,-0.724917],[-0.689265,-0.305693,0.656861]],[[0.224588,-0.952119,-0.207434],[0.6464,0.30486,-0.699448],[-0.729196,-0.023002,-0.683918]],[[0.224588,-0.952119,-0.207434],[0.937294,0.269297,-0.221266],[-0.266533,0.144733,-0.952897]]],"btipPosition":[110.193,135.311,15.1808],"carpPosition":[77.8481,127.415,65.7732],"dipPosition":[105.575,137.818,-1.32607],"direction":[0.729196,0.023002,0.683918],"extended":false,"handId":133,"id":1334,"length":50.763,"mcpPosition":[66.7485,126.503,8.57257],"pipPosition":[91.242,137.366,-14.7695],"stabilizedTipPosition":[109.131,135.887,11.3843],"timeVisible":0,"tipPosition":[109.131,135.887,11.3843],"tipVelocity":[1.19209e-7,1.19209e-7,1.19209e-7],"tool":false,"touchDistance":0.333333,"touchZone":"none","type":4,"width":16.1376}],"r":[[1,-5.55112e-18,1.66533e-17],[5.55112e-18,1,-1.11022e-17],[-1.66533e-17,1.11022e-17,1]],"s":1,"t":[0,0,0],"timestamp":257671287161},{"currentFrameRate":24.7048,"devices":[],"gestures":[],"hands":[{"armBasis":[[-0.567773,0.799489,-0.19609],[0.785475,0.59744,0.161536],[-0.246298,0.0623083,0.967189]],"armWidth":66.4635,"confidence":0.202757,"direction":[-0.00249685,0.484487,-0.874795],"elbow":[17.0194,181.386,370.115],"grabAngle":3.03824,"grabStrength":1,"id":133,"palmNormal":[-0.794374,-0.532336,-0.292556],"palmPosition":[87.6985,187.952,34.9808],"palmVelocity":[319.982,695.366,208.492],"palmWidth":91.4443,"pinchDistance":8.56418,"pinchStrength":0.812266,"r":[[0.975898,-0.216028,-0.030893],[0.208559,0.964942,-0.159342],[0.0642325,0.149059,0.98674]],"s":1.0048,"sphereCenter":[47.6045,176.325,10.9389],"sphereRadius":39.546,"stabilizedPalmPosition":[86.9759,186.382,34.51],"t":[6.24428,13.5697,4.06862],"timeVisible":0.039029,"type":"left","wrist":[83.8519,164.479,107.67]}],"id":94397,"interactionBox":{"center":[0,200,0],"size":[235.247,235.247,147.751]},"pointables":[{"bases":[[[0.465596,0.850012,0.246372],[0.845081,-0.509685,0.161431],[-0.26279,-0.133043,0.955636]],[[0.507912,0.859636,0.055235],[0.855227,-0.510898,0.0870035],[-0.103011,-0.00304829,0.994676]],[[0.507912,0.859636,0.055235],[0.781996,-0.433248,-0.448084],[0.361259,-0.270781,0.892283]],[[0.507912,0.859636,0.055235],[0.539102,-0.267204,-0.798731],[0.671859,-0.435462,0.599148]]],"btipPosition":[73.0243,161.201,-18.1331],"carpPosition":[95.4189,141.956,75.4528],"dipPosition":[88.4797,151.183,-4.35033],"direction":[-0.361259,0.270781,-0.892283],"extended":false,"handId":133,"id":1330,"length":51.2263,"mcpPosition":[95.4189,141.956,75.4528],"pipPosition":[100.587,142.108,25.553],"stabilizedTipPosition":[77.9251,160.292,-14.843],"timeVisible":0.039029,"tipPosition":[73.4281,159.968,-18.2545],"tipVelocity":[-907.108,-940.566,-80.8651],"tool":false,"touchDistance":1,"touchZone":"none","type":0,"width":21.4602},{"bases":[[[-0.59922,0.765675,0.233831],[0.800349,0.580005,0.151775],[0.0194125,-0.278093,0.960358]],[[-0.594206,0.73372,0.329505],[0.221746,0.543239,-0.809766],[0.773141,0.408101,0.485495]],[[-0.594206,0.73372,0.329505],[-0.66246,-0.214121,-0.717843],[0.456142,0.644831,-0.613292]],[[-0.594206,0.73372,0.329505],[-0.803337,-0.561573,-0.198208],[-0.0396124,0.38248,-0.923114]]],"btipPosition":[61.8231,144.838,13.4898],"carpPosition":[106.079,163.253,74.9247],"dipPosition":[61.1579,151.262,-2.01275],"direction":[-0.456142,-0.644831,0.613292],"extended":false,"handId":133,"id":1331,"length":57.8031,"mcpPosition":[104.643,183.815,3.91872],"pipPosition":[71.9947,166.581,-16.5831],"stabilizedTipPosition":[64.5157,148.253,9.17551],"timeVisible":0.039029,"tipPosition":[61.9798,149.583,4.52302],"tipVelocity":[-1458.58,-992.941,383.788],"tool":false,"touchDistance":0.333333,"touchZone":"none","type":1,"width":20.4988},{"bases":[[[-0.71869,0.610893,0.332106],[0.687753,0.694856,0.21017],[0.102374,-0.379454,0.919529]],[[-0.723535,0.632548,0.27637],[0.198856,0.574395,-0.794057],[0.661024,0.51957,0.541381]],[[-0.723535,0.632548,0.27637],[-0.585705,-0.350687,-0.730732],[0.365303,0.690581,-0.62422]],[[-0.723535,0.632548,0.27637],[-0.689394,-0.682521,-0.242696],[-0.035111,0.366127,-0.929902]]],"btipPosition":[52.0435,149.709,21.9787],"carpPosition":[100.101,173.783,77.4782],"dipPosition":[51.395,156.471,4.80247],"direction":[-0.365303,-0.690581,0.62422],"extended":false,"handId":133,"id":1332,"length":65.862,"mcpPosition":[92.9229,200.389,13.0042],"pipPosition":[61.6055,175.774,-12.6449],"stabilizedTipPosition":[54.9906,152.086,17.532],"timeVisible":0.039029,"tipPosition":[53.1059,154.036,13.144],"tipVelocity":[-1826.46,-484.868,292.694],"tool":false,"touchDistance":0.333333,"touchZone":"none","type":2,"width":20.1326},{"bases":[[[-0.745578,0.494264,0.447008],[0.637562,0.724275,0.262566],[0.19398,-0.480758,0.855128]],[[-0.746857,0.497463,0.441289],[0.182251,0.791322,-0.583604],[0.639523,0.355443,0.681668]],[[-0.746857,0.497463,0.441289],[-0.599209,-0.215679,-0.770994],[0.288364,0.840246,-0.459165]],[[-0.746857,0.497463,0.441289],[-0.653013,-0.674004,-0.345387],[-0.125614,0.546122,-0.828234]]],"btipPosition":[45.9671,163.977,24.9343],"carpPosition":[91.8092,182.23,80.9905],"dipPosition":[43.6602,174.007,9.7239],"direction":[-0.288364,-0.840246,0.459165],"extended":false,"handId":133,"id":1333,"length":63.3281,"mcpPosition":[79.5977,212.495,27.1578],"pipPosition":[51.5121,196.886,-2.77866],"stabilizedTipPosition":[48.2678,165.661,21.1886],"timeVisible":0.039029,"tipPosition":[47.1275,166.668,25.1515],"tipVelocity":[-1863.39,410.068,162.803],"tool":false,"touchDistance":0.333333,"touchZone":"none","type":3,"width":19.1574},{"bases":[[[-0.813142,0.308789,0.493406],[0.528452,0.746996,0.403406],[0.244005,-0.588767,0.770594]],[[-0.824378,0.337988,0.454055],[0.320358,0.939917,-0.118013],[0.466661,-0.0481724,0.883124]],[[-0.824378,0.337988,0.454055],[-0.392157,0.237424,-0.888731],[0.408184,0.910711,0.0631827]],[[-0.824378,0.337988,0.454055],[-0.560805,-0.596535,-0.574146],[-0.0768054,0.727949,-0.681316]]],"btipPosition":[41.6095,191.526,20.1911],"carpPosition":[78.5937,185.383,85.462],"dipPosition":[40.3082,203.859,8.64795],"direction":[-0.408184,-0.910711,-0.0631827],"extended":false,"handId":133,"id":1334,"length":49.6481,"mcpPosition":[64.3744,219.693,40.5558],"pipPosition":[48.1554,221.368,9.86262],"stabilizedTipPosition":[43.9046,192.126,17.3008],"timeVisible":0.039029,"tipPosition":[41.9341,190.505,22.5415],"tipVelocity":[-1737.69,1498.26,157.624],"tool":false,"touchDistance":0.425612,"touchZone":"hovering","type":4,"width":17.0171}],"r":[[0.975898,-0.216028,-0.030893],[0.208559,0.964942,-0.159342],[0.0642325,0.149059,0.98674]],"s":1.0048,"t":[6.24428,13.5697,4.06862],"timestamp":257671326190},{"currentFrameRate":25.8398,"devices":[],"gestures":[],"hands":[{"armBasis":[[-0.592503,0.77033,-0.235654],[0.749669,0.634339,0.188706],[-0.294851,0.0648538,0.95334]],"armWidth":66.4635,"confidence":0.351085,"direction":[0.0279087,0.593981,-0.803995],"elbow":[2.77458,194.216,363.765],"grabAngle":3.02244,"grabStrength":1,"id":133,"palmNormal":[-0.766352,-0.503704,-0.398732],"palmPosition":[89.6461,208.025,35.8629],"palmVelocity":[63.6963,656.498,28.8497],"palmWidth":91.4443,"pinchDistance":14.9988,"pinchStrength":0.700553,"r":[[0.924336,-0.380899,-0.022777],[0.362311,0.894825,-0.260805],[0.119722,0.232819,0.965123]],"s":0.975812,"sphereCenter":[50.1661,201.381,11.1202],"sphereRadius":39.235,"stabilizedPalmPosition":[89.5524,207.266,35.8155],"t":[10.3402,30.3911,6.54398],"timeVisible":0.069605,"type":"left","wrist":[82.7819,176.618,105.078]}],"id":94398,"interactionBox":{"center":[0,200,0],"size":[235.247,235.247,147.751]},"pointables":[{"bases":[[[0.432627,0.818844,0.377265],[0.84836,-0.51137,0.137062],[-0.305154,-0.26076,0.915907]],[[0.510307,0.858788,0.0454883],[0.859542,-0.511038,0.00534658],[-0.0278378,-0.0363707,0.998951]],[[0.510307,0.858788,0.0454883],[0.800254,-0.454825,-0.390804],[0.314929,-0.235832,0.919349]],[[0.510307,0.858788,0.0454883],[0.59477,-0.314229,-0.739938],[0.621157,-0.404651,0.671135]]],"btipPosition":[73.0694,176.337,-25.959],"carpPosition":[96.5162,157.301,70.4043],"dipPosition":[87.3584,167.029,-10.5203],"direction":[-0.314929,0.235832,-0.919349],"extended":false,"handId":133,"id":1330,"length":51.2263,"mcpPosition":[96.5162,157.301,70.4043],"pipPosition":[97.9127,159.125,20.2901],"stabilizedTipPosition":[76.4698,173.187,-21.8591],"timeVisible":0.069605,"tipPosition":[77.4005,180.059,-21.8494],"tipVelocity":[-7.29946,500.39,-243.495],"tool":false,"touchDistance":1,"touchZone":"none","type":0,"width":21.4602},{"bases":[[[-0.628017,0.718096,0.299886],[0.77794,0.569369,0.265762],[-0.0200969,-0.400196,0.916209]],[[-0.621017,0.761098,0.187267],[0.274445,0.434947,-0.857614],[0.734179,0.481198,0.478989]],[[-0.621017,0.761098,0.187267],[-0.533353,-0.235271,-0.812516],[0.574345,0.604465,-0.552041]],[[-0.621017,0.761098,0.187267],[-0.7702,-0.548259,-0.32589],[0.145363,0.346616,-0.926675]]],"btipPosition":[61.0698,167.758,13.8782],"carpPosition":[106.674,178.671,73.1694],"dipPosition":[63.511,173.579,-1.68416],"direction":[-0.574345,-0.604465,0.552041],"extended":false,"handId":133,"id":1331,"length":57.8031,"mcpPosition":[108.159,208.26,5.42772],"pipPosition":[77.1561,187.94,-14.7993],"stabilizedTipPosition":[61.7195,168.46,10.2645],"timeVisible":0.069605,"tipPosition":[64.6351,171.895,3.39226],"tipVelocity":[-1.27025,745.083,12.2529],"tool":false,"touchDistance":0.333333,"touchZone":"none","type":1,"width":20.4988},{"bases":[[[-0.748315,0.549771,0.371183],[0.659936,0.67365,0.332686],[0.0671464,-0.493911,0.866916]],[[-0.750995,0.578398,0.318531],[0.187597,0.649414,-0.736932],[0.633099,0.493677,0.596212]],[[-0.750995,0.578398,0.318531],[-0.528873,-0.238066,-0.814627],[0.395348,0.780244,-0.484685]],[[-0.750995,0.578398,0.318531],[-0.657005,-0.606352,-0.447976],[0.0659668,0.545704,-0.835377]]],"btipPosition":[53.3571,168.027,16.6985],"carpPosition":[100.328,188.673,76.7528],"dipPosition":[54.5756,178.107,1.26822],"direction":[-0.395348,-0.780244,0.484685],"extended":false,"handId":133,"id":1332,"length":65.862,"mcpPosition":[95.6203,223.304,15.9678],"pipPosition":[65.6259,199.915,-12.2791],"stabilizedTipPosition":[53.6914,169.616,13.3245],"timeVisible":0.069605,"tipPosition":[56.2922,175.354,9.13089],"tipVelocity":[57.0067,624.06,-159.558],"tool":false,"touchDistance":0.333333,"touchZone":"none","type":2,"width":20.1326},{"bases":[[[-0.777883,0.418738,0.468568],[0.60659,0.695119,0.385821],[0.164153,-0.584352,0.794724]],[[-0.786326,0.453025,0.42007],[0.117398,0.77711,-0.618318],[0.606555,0.436885,0.664246]],[[-0.786326,0.453025,0.42007],[-0.540619,-0.175447,-0.822769],[0.299035,0.874063,-0.382873]],[[-0.786326,0.453025,0.42007],[-0.615899,-0.628265,-0.475344],[-0.0485729,0.632496,-0.773039]]],"btipPosition":[47.4545,178.629,26.3198],"carpPosition":[91.6765,196.444,80.8993],"dipPosition":[46.5624,190.244,12.1231],"direction":[-0.299035,-0.874063,0.382873],"extended":false,"handId":133,"id":1333,"length":63.3281,"mcpPosition":[81.3426,233.231,30.8693],"pipPosition":[54.7048,214.044,1.69788],"stabilizedTipPosition":[47.2765,180.883,23.0049],"timeVisible":0.069605,"tipPosition":[48.9577,184.984,22.0235],"tipVelocity":[59.2876,491.114,52.9387],"tool":false,"touchDistance":0.333333,"touchZone":"none","type":3,"width":19.1574},{"bases":[[[-0.843118,0.227643,0.487167],[0.49032,0.697411,0.522689],[0.220769,-0.679556,0.699617]],[[-0.862721,0.303272,0.404647],[0.0895475,0.879179,-0.468002],[0.497689,0.36752,0.785643]],[[-0.862721,0.303272,0.404647],[-0.440433,-0.0574734,-0.895944],[0.248458,0.951169,-0.183154]],[[-0.862721,0.303272,0.404647],[-0.504042,-0.580084,-0.639878],[-0.0406718,0.755995,-0.653312]]],"btipPosition":[43.9392,194.489,31.5776],"carpPosition":[78.1892,198.755,85.0631],"dipPosition":[43.2501,207.297,20.5089],"direction":[-0.248458,-0.951169,0.183154],"extended":false,"handId":133,"id":1334,"length":49.6481,"mcpPosition":[65.324,238.356,44.2931],"pipPosition":[48.0266,225.583,16.9878],"stabilizedTipPosition":[43.8382,194.97,23.5862],"timeVisible":0.069605,"tipPosition":[43.9935,201.648,26.7685],"tipVelocity":[80.7992,100.459,375.97],"tool":false,"touchDistance":0.333333,"touchZone":"none","type":4,"width":17.0171}],"r":[[0.924336,-0.380899,-0.022777],[0.362311,0.894825,-0.260805],[0.119722,0.232819,0.965123]],"s":0.975812,"t":[10.3402,30.3911,6.54398],"timestamp":257671356766},{"currentFrameRate":29.4384,"devices":[],"gestures":[],"hands":[{"armBasis":[[-0.495251,0.841122,-0.217347],[0.815377,0.536383,0.217841],[-0.299812,0.0693336,0.951476]],"armWidth":66.4635,"confidence":0.397218,"direction":[0.0404356,0.536148,-0.843155],"elbow":[0.209437,200.167,364.864],"grabAngle":3.04923,"grabStrength":1,"id":133,"palmNormal":[-0.817537,-0.467395,-0.336416],"palmPosition":[88.5263,208.411,35.5877],"palmVelocity":[-109.928,37.8854,-27.0177],"palmWidth":91.4443,"pinchDistance":7.56992,"pinchStrength":0.796537,"r":[[0.855812,-0.517275,-0.00337203],[0.483105,0.801574,-0.352262],[0.184919,0.299841,0.935895]],"s":0.958821,"sphereCenter":[47.8175,202.929,12.9819],"sphereRadius":38.4834,"stabilizedPalmPosition":[88.8343,208.068,35.656],"t":[11.8283,38.9948,7.64406],"timeVisible":0.079791,"type":"left","wrist":[81.5628,181.354,106.683]}],"id":94399,"interactionBox":{"center":[0,200,0],"size":[235.247,235.247,147.751]},"pointables":[{"bases":[[[0.507958,0.805521,0.305146],[0.812151,-0.565914,0.141956],[-0.287035,-0.175717,0.941666]],[[0.566112,0.823209,0.0429518],[0.824026,-0.566548,-0.00240688],[-0.0223529,-0.0367559,0.999074]],[[0.566112,0.823209,0.0429518],[0.744187,-0.487969,-0.456149],[0.354547,-0.290195,0.888866]],[[0.566112,0.823209,0.0429518],[0.510241,-0.309011,-0.8026],[0.647435,-0.476277,0.59497]]],"btipPosition":[67.2722,182.199,-20.3451],"carpPosition":[92.9263,159.673,73.2507],"dipPosition":[82.1657,171.242,-6.65851],"direction":[-0.354547,0.290195,-0.888866],"extended":false,"handId":133,"id":1330,"length":51.2263,"mcpPosition":[92.9263,159.673,73.2507],"pipPosition":[94.0477,161.517,23.1303],"stabilizedTipPosition":[73.2496,176.809,-19.2583],"timeVisible":0.079791,"tipPosition":[71.4791,178.442,-18.7661],"tipVelocity":[-555.485,538.197,511.577],"tool":false,"touchDistance":1,"touchZone":"none","type":0,"width":21.4602},{"bases":[[[-0.559511,0.782955,0.271899],[0.828712,0.52312,0.198949],[-0.0135319,-0.33664,0.941536]],[[-0.559523,0.782638,0.272785],[0.255204,0.475822,-0.841703],[0.788546,0.401337,0.465966]],[[-0.559523,0.782638,0.272785],[-0.617088,-0.173663,-0.767492],[0.553296,0.597762,-0.580124]],[[-0.559523,0.782638,0.272785],[-0.823254,-0.486744,-0.292119],[0.095847,0.388019,-0.916654]]],"btipPosition":[57.7169,167.546,14.0791],"carpPosition":[104.77,180.321,74.1941],"dipPosition":[59.3266,174.062,-1.31497],"direction":[-0.553296,-0.597762,0.580124],"extended":false,"handId":133,"id":1331,"length":57.8031,"mcpPosition":[105.771,205.211,4.57978],"pipPosition":[72.4716,188.263,-15.0973],"stabilizedTipPosition":[59.0853,168.884,10.4632],"timeVisible":0.079791,"tipPosition":[59.2843,171.653,7.34062],"tipVelocity":[-347.941,-5.20376,23.5228],"tool":false,"touchDistance":0.333333,"touchZone":"none","type":1,"width":20.4988},{"bases":[[[-0.689217,0.629547,0.358678],[0.721692,0.640439,0.262675],[0.0643449,-0.439895,0.895741]],[[-0.691836,0.654792,0.30432],[0.221952,0.593911,-0.773309],[0.687096,0.467458,0.556221]],[[-0.691836,0.654792,0.30432],[-0.58352,-0.258776,-0.769766],[0.425286,0.710128,-0.561115]],[[-0.691836,0.654792,0.30432],[-0.719221,-0.587619,-0.370709],[0.0639133,0.475343,-0.877476]]],"btipPosition":[49.2148,171.068,20.0387],"carpPosition":[99.3467,191,77.3055],"dipPosition":[50.3954,179.848,3.83081],"direction":[-0.425286,-0.710128,0.561115],"extended":false,"handId":133,"id":1332,"length":65.862,"mcpPosition":[94.8351,221.844,14.4994],"pipPosition":[62.2824,199.697,-11.8528],"stabilizedTipPosition":[51.0555,171.792,15.1964],"timeVisible":0.079791,"tipPosition":[51.5995,176.506,12.607],"tipVelocity":[-407.524,269.229,310.362],"tool":false,"touchDistance":0.333333,"touchZone":"none","type":2,"width":20.1326},{"bases":[[[-0.724666,0.507869,0.465755],[0.672289,0.669432,0.31605],[0.151279,-0.542153,0.82655]],[[-0.732434,0.539465,0.415354],[0.163304,0.731453,-0.662048],[0.660963,0.417078,0.623838]],[[-0.732434,0.539465,0.415354],[-0.593646,-0.207323,-0.777561],[0.333354,0.816085,-0.472101]],[[-0.732434,0.539465,0.415354],[-0.677041,-0.641453,-0.360768],[-0.0718086,0.54545,-0.835062]]],"btipPosition":[45.1703,183.252,29.9716],"carpPosition":[91.479,199.677,81.2113],"dipPosition":[43.8515,193.269,14.6358],"direction":[-0.333354,-0.816085,0.472101],"extended":false,"handId":133,"id":1333,"length":63.3281,"mcpPosition":[81.9556,233.807,29.1778],"pipPosition":[52.9284,215.49,1.78098],"stabilizedTipPosition":[45.7001,183.94,25.255],"timeVisible":0.079791,"tipPosition":[45.6086,187.532,24.953],"tipVelocity":[-233.884,417.781,332.786],"tool":false,"touchDistance":0.333333,"touchZone":"none","type":3,"width":19.1574},{"bases":[[[-0.803341,0.324069,0.499623],[0.562099,0.689729,0.456419],[0.196693,-0.647497,0.736247]],[[-0.823472,0.415307,0.38654],[0.160013,0.823648,-0.544058],[0.544324,0.386165,0.744706]],[[-0.823472,0.415307,0.38654],[-0.477104,-0.13821,-0.867911],[0.307025,0.899121,-0.311957]],[[-0.823472,0.415307,0.38654],[-0.566895,-0.62976,-0.531067],[-0.0228719,0.656447,-0.754025]]],"btipPosition":[42.4869,199.204,35.6611],"carpPosition":[78.3823,203.3,85.6759],"dipPosition":[42.0994,210.326,22.8861],"direction":[-0.307025,-0.899121,0.311957],"extended":false,"handId":133,"id":1334,"length":49.6481,"mcpPosition":[66.9201,241.033,42.7713],"pipPosition":[48.0019,227.611,16.8888],"stabilizedTipPosition":[43.5075,196.53,25.6842],"timeVisible":0.079791,"tipPosition":[42.218,204.665,29.0192],"tipVelocity":[-135.762,424.875,362.364],"tool":false,"touchDistance":0.333333,"touchZone":"none","type":4,"width":17.0171}],"r":[[0.855812,-0.517275,-0.00337203],[0.483105,0.801574,-0.352262],[0.184919,0.299841,0.935895]],"s":0.958821,"t":[11.8283,38.9948,7.64406],"timestamp":257671366952},{"currentFrameRate":32.8464,"devices":[],"gestures":[],"hands":[{"armBasis":[[-0.453831,0.867473,-0.203785],[0.838301,0.493175,0.232445],[-0.302141,0.0653428,0.951021]],"armWidth":66.4635,"confidence":0.441702,"direction":[0.0496009,0.496958,-0.866356],"elbow":[-0.382607,205.133,366.168],"grabAngle":3.07391,"grabStrength":1,"id":133,"palmNormal":[-0.83712,-0.452439,-0.307454],"palmPosition":[88.8508,211.664,35.9874],"palmVelocity":[31.6505,317.363,38.9915],"palmWidth":91.4443,"pinchDistance":7.25288,"pinchStrength":0.811884,"r":[[0.7829,-0.621583,0.0265174],[0.570862,0.700763,-0.427842],[0.247357,0.350095,0.903464]],"s":0.95216,"sphereCenter":[47.8967,206.351,13.7983],"sphereRadius":38.4823,"stabilizedPalmPosition":[88.8464,210.716,35.9],"t":[12.7346,44.9232,8.39395],"timeVisible":0.090042,"type":"left","wrist":[81.6029,187.402,108.11]}],"id":94400,"interactionBox":{"center":[0,200,0],"size":[235.247,235.247,147.751]},"pointables":[{"bases":[[[0.53921,0.799619,0.264314],[0.793438,-0.587553,0.158862],[-0.282327,-0.124057,0.951263]],[[0.593081,0.805,0.0151519],[0.804584,-0.593266,0.0260729],[-0.0299778,0.0032724,0.999545]],[[0.593081,0.805,0.0151519],[0.728561,-0.528565,-0.435681],[0.342715,-0.269434,0.899973]],[[0.593081,0.805,0.0151519],[0.493594,-0.348657,-0.796745],[0.636097,-0.480014,0.604125]]],"btipPosition":[67.3568,184.404,-18.4818],"carpPosition":[91.9712,164.496,75.7205],"dipPosition":[81.9896,173.362,-4.58462],"direction":[-0.342715,0.269434,-0.899973],"extended":false,"handId":133,"id":1330,"length":51.2263,"mcpPosition":[91.9712,164.496,75.7205],"pipPosition":[93.4751,164.332,25.5764],"stabilizedTipPosition":[71.9634,179.382,-17.2363],"timeVisible":0.090042,"tipPosition":[70.202,180.13,-16.6894],"tipVelocity":[2.40725,213.226,186.491],"tool":false,"touchDistance":0.978509,"touchZone":"hovering","type":0,"width":21.4602},{"bases":[[[-0.528704,0.813422,0.242522],[0.84868,0.501663,0.167559],[-0.0146321,-0.294413,0.955566]],[[-0.528886,0.807691,0.260605],[0.277788,0.4549,-0.846109],[0.801944,0.375102,0.464957]],[[-0.528886,0.807691,0.260605],[-0.636206,-0.174081,-0.751624],[0.561713,0.563322,-0.605926]],[[-0.528886,0.807691,0.260605],[-0.842672,-0.463251,-0.274414],[0.100916,0.364738,-0.925625]]],"btipPosition":[56.7163,171.153,15.2897],"carpPosition":[104.539,184.734,75.6357],"dipPosition":[58.4111,177.278,-0.255099],"direction":[-0.561713,-0.563322,0.605926],"extended":false,"handId":133,"id":1331,"length":57.8031,"mcpPosition":[105.621,206.502,4.98404],"pipPosition":[71.756,190.662,-14.6505],"stabilizedTipPosition":[57.6252,171.597,11.3862],"timeVisible":0.090042,"tipPosition":[57.9491,174.582,9.84527],"tipVelocity":[-95.7052,343.155,114.708],"tool":false,"touchDistance":0.333333,"touchZone":"none","type":1,"width":20.4988},{"bases":[[[-0.6627,0.668648,0.337251],[0.746552,0.625374,0.227087],[0.0590667,-0.402265,0.913616]],[[-0.664978,0.690283,0.285158],[0.240448,0.559346,-0.793295],[0.7071,0.458958,0.537929]],[[-0.664978,0.690283,0.285158],[-0.608164,-0.27884,-0.743226],[0.433522,0.667651,-0.605227]],[[-0.664978,0.690283,0.285158],[-0.744727,-0.583985,-0.323022],[0.0564491,0.427167,-0.902409]]],"btipPosition":[48.7256,175.634,22.3655],"carpPosition":[99.5275,195.724,78.3255],"dipPosition":[49.7683,183.524,5.69709],"direction":[-0.433522,-0.667651,0.605227],"extended":false,"handId":133,"id":1332,"length":65.862,"mcpPosition":[95.386,223.929,14.2661],"pipPosition":[61.8856,202.185,-11.2195],"stabilizedTipPosition":[49.7535,175.316,17.2743],"timeVisible":0.090042,"tipPosition":[50.494,179.979,14.9854],"tipVelocity":[-50.8123,425.393,216.652],"tool":false,"touchDistance":0.333333,"touchZone":"none","type":2,"width":20.1326},{"bases":[[[-0.701165,0.553105,0.449936],[0.698799,0.658406,0.27961],[0.141587,-0.510468,0.84816]],[[-0.708394,0.582719,0.398267],[0.186013,0.698447,-0.691065],[0.680866,0.415463,0.603169]],[[-0.708394,0.582719,0.398267],[-0.616958,-0.237132,-0.75042],[0.342842,0.777307,-0.527496]],[[-0.708394,0.582719,0.398267],[-0.69992,-0.652753,-0.289873],[-0.0910559,0.484099,-0.870263]]],"btipPosition":[45.535,188.67,32.3834],"carpPosition":[92.0125,204.836,81.9211],"dipPosition":[43.8628,197.561,16.4012],"direction":[-0.342842,-0.777307,0.527496],"extended":false,"handId":133,"id":1333,"length":63.3281,"mcpPosition":[83.0992,236.972,28.5271],"pipPosition":[53.198,218.726,2.03802],"stabilizedTipPosition":[45.3385,188.397,27.526],"timeVisible":0.090042,"tipPosition":[45.1151,191.788,26.8506],"tipVelocity":[27.6462,503.305,220.775],"tool":false,"touchDistance":0.333333,"touchZone":"none","type":3,"width":19.1574},{"bases":[[[-0.785824,0.373865,0.492651],[0.590981,0.688716,0.420015],[0.182268,-0.621205,0.762156]],[[-0.804935,0.469179,0.363249],[0.193049,0.785956,-0.587371],[0.56108,0.402671,0.723219]],[[-0.804935,0.469179,0.363249],[-0.494529,-0.192153,-0.847654],[0.327902,0.861944,-0.386694]],[[-0.804935,0.469179,0.363249],[-0.592651,-0.665695,-0.453449],[-0.0290645,0.580277,-0.813901]]],"btipPosition":[43.1681,204.917,38.0224],"carpPosition":[79.1017,209.113,86.349],"dipPosition":[42.6757,214.748,24.233],"direction":[-0.327902,-0.861944,0.386694],"extended":false,"handId":133,"id":1334,"length":49.6481,"mcpPosition":[68.4801,245.314,41.9346],"pipPosition":[48.9795,231.319,16.7989],"stabilizedTipPosition":[43.3832,199.454,28.2016],"timeVisible":0.090042,"tipPosition":[42.4234,209.108,30.4279],"tipVelocity":[64.0967,528.302,207.59],"tool":false,"touchDistance":0.333333,"touchZone":"none","type":4,"width":17.0171}],"r":[[0.7829,-0.621583,0.0265174],[0.570862,0.700763,-0.427842],[0.247357,0.350095,0.903464]],"s":0.95216,"t":[12.7346,44.9232,8.39395],"timestamp":257671377203},{"currentFrameRate":36.0686,"devices":[],"gestures":[],"hands":[{"armBasis":[[-0.444422,0.873727,-0.197715],[0.843859,0.482394,0.23494],[-0.30065,0.0624313,0.951689]],"armWidth":66.4635,"confidence":0.484459,"direction":[0.0608971,0.49169,-0.868638],"elbow":[-0.190692,209.02,366.515],"grabAngle":3.09336,"grabStrength":1,"id":133,"palmNormal":[-0.841724,-0.442429,-0.309446],"palmPosition":[89.2705,215.989,36.0834],"palmVelocity":[40.6122,418.358,9.29236],"palmWidth":91.4443,"pinchDistance":7.37169,"pinchStrength":0.820862,"r":[[0.713885,-0.697687,0.060007],[0.63251,0.60567,-0.482799],[0.300499,0.382618,0.873673]],"s":0.949731,"sphereCenter":[48.6409,210.887,13.5331],"sphereRadius":38.4012,"stabilizedPalmPosition":[89.1745,214.795,36.0419],"t":[13.3976,50.0495,8.81692],"timeVisible":0.100378,"type":"left","wrist":[81.3902,192.079,108.276]}],"id":94401,"interactionBox":{"center":[0,200,0],"size":[235.247,235.247,147.751]},"pointables":[{"bases":[[[0.548873,0.793463,0.262975],[0.784407,-0.597623,0.165992],[-0.288869,-0.115171,0.950416]],[[0.603549,0.797127,0.0177917],[0.796171,-0.603726,0.0403338],[-0.0428924,0.0101782,0.999028]],[[0.603549,0.797127,0.0177917],[0.726493,-0.5406,-0.424217],[0.328537,-0.268962,0.905386]],[[0.603549,0.797127,0.0177917],[0.488231,-0.351841,-0.798648],[0.630364,-0.49071,0.601535]]],"btipPosition":[68.1754,188.782,-18.2234],"carpPosition":[91.5348,168.99,76.0748],"dipPosition":[82.6762,177.493,-4.38576],"direction":[-0.328537,0.268962,-0.905386],"extended":false,"handId":133,"id":1330,"length":51.2263,"mcpPosition":[91.5348,168.99,76.0748],"pipPosition":[93.6866,168.48,25.9567],"stabilizedTipPosition":[71.7064,183.243,-15.9902],"timeVisible":0.100378,"tipPosition":[70.4917,184.499,-16.4757],"tipVelocity":[76.2578,418.057,23.678],"tool":false,"touchDistance":0.917662,"touchZone":"hovering","type":0,"width":21.4602},{"bases":[[[-0.518622,0.821907,0.235586],[0.854678,0.490757,0.169361],[-0.0235833,-0.289184,0.956983]],[[-0.519052,0.814352,0.259646],[0.296582,0.45649,-0.838842],[0.801639,0.358396,0.478464]],[[-0.519052,0.814352,0.259646],[-0.642904,-0.171783,-0.746435],[0.563258,0.554366,-0.612715]],[[-0.519052,0.814352,0.259646],[-0.848137,-0.453007,-0.274679],[0.106064,0.362788,-0.925816]]],"btipPosition":[57.1107,176.035,15.094],"carpPosition":[104.382,189.051,75.9507],"dipPosition":[58.8919,182.128,-0.453943],"direction":[-0.563258,-0.554366,0.612715],"extended":false,"handId":133,"id":1331,"length":57.8031,"mcpPosition":[106.126,210.433,5.19431],"pipPosition":[72.2736,195.298,-15.0106],"stabilizedTipPosition":[57.544,176.12,11.4883],"timeVisible":0.100378,"tipPosition":[57.9748,179.135,10.0303],"tipVelocity":[40.0841,471.595,-18.9994],"tool":false,"touchDistance":0.333333,"touchZone":"none","type":1,"width":20.4988},{"bases":[[[-0.655092,0.679495,0.330365],[0.75397,0.616176,0.22772],[0.0488284,-0.398263,0.915971]],[[-0.656762,0.69972,0.281169],[0.252289,0.555249,-0.792495],[0.710643,0.449545,0.541198]],[[-0.656762,0.69972,0.281169],[-0.616436,-0.283391,-0.73464],[0.434361,0.655806,-0.617453]],[[-0.656762,0.69972,0.281169],[-0.752127,-0.580871,-0.311279],[0.0544853,0.415911,-0.907772]]],"btipPosition":[49.2703,180.738,22.7186],"carpPosition":[99.5094,200.124,78.5579],"dipPosition":[50.2767,188.42,5.95115],"direction":[-0.434361,-0.655806,0.617453],"extended":false,"handId":133,"id":1332,"length":65.862,"mcpPosition":[96.0857,228.048,14.3333],"pipPosition":[62.4174,206.75,-11.3071],"stabilizedTipPosition":[49.5845,180.143,18.3404],"timeVisible":0.100378,"tipPosition":[50.5431,184.638,15.1992],"tipVelocity":[51.8877,489.177,31.9597],"tool":false,"touchDistance":0.333333,"touchZone":"none","type":2,"width":20.1326},{"bases":[[[-0.695727,0.565085,0.443444],[0.706412,0.650139,0.279825],[0.130176,-0.507936,0.851502]],[[-0.702281,0.594526,0.391587],[0.19963,0.692453,-0.693294],[0.683336,0.408715,0.604982]],[[-0.702281,0.594526,0.391587],[-0.623724,-0.248692,-0.741027],[0.343175,0.764651,-0.545472]],[[-0.702281,0.594526,0.391587],[-0.70438,-0.660035,-0.261155],[-0.103197,0.459231,-0.882302]]],"btipPosition":[46.4492,194.13,32.9504],"carpPosition":[92.103,209.358,82.0675],"dipPosition":[44.554,202.564,16.747],"direction":[-0.343175,-0.764651,0.545472],"extended":false,"handId":133,"id":1333,"length":63.3281,"mcpPosition":[83.9081,241.334,28.4631],"pipPosition":[53.8983,223.384,1.89439],"stabilizedTipPosition":[45.8119,193.779,28.7169],"timeVisible":0.100378,"tipPosition":[45.3546,196.634,26.9718],"tipVelocity":[83.4916,518.046,49.9297],"tool":false,"touchDistance":0.333333,"touchZone":"none","type":3,"width":19.1574},{"bases":[[[-0.783077,0.387257,0.486644],[0.598308,0.682669,0.419511],[0.169758,-0.619673,0.766282]],[[-0.800184,0.481865,0.357088],[0.204096,0.778633,-0.593359],[0.563959,0.401916,0.721397]],[[-0.800184,0.481865,0.357088],[-0.501807,-0.211821,-0.838642],[0.328473,0.850258,-0.411299]],[[-0.800184,0.481865,0.357088],[-0.598739,-0.676447,-0.428873],[-0.0348924,0.556979,-0.829793]]],"btipPosition":[44.0133,210.195,38.645],"carpPosition":[79.2302,213.835,86.4064],"dipPosition":[43.4222,219.632,24.5863],"direction":[-0.328473,-0.850258,0.411299],"extended":false,"handId":133,"id":1334,"length":49.6481,"mcpPosition":[69.3376,249.947,41.7516],"pipPosition":[49.737,235.978,16.6792],"stabilizedTipPosition":[43.5517,203.858,30.6606],"timeVisible":0.100378,"tipPosition":[42.8968,213.955,30.5715],"tipVelocity":[79.5768,501.922,54.2455],"tool":false,"touchDistance":0.333333,"touchZone":"none","type":4,"width":17.0171}],"r":[[0.713885,-0.697687,0.060007],[0.63251,0.60567,-0.482799],[0.300499,0.382618,0.873673]],"s":0.949731,"t":[13.3976,50.0495,8.81692],"timestamp":257671387539},{"currentFrameRate":39.1585,"devices":[],"gestures":[],"hands":[{"armBasis":[[-0.459111,0.867703,-0.190548],[0.835479,0.494634,0.239399],[-0.301978,0.0492884,0.95204]],"armWidth":66.4635,"confidence":0.524378,"direction":[0.0583268,0.481143,-0.8747],"elbow":[-0.416574,210.833,365.846],"grabAngle":3.11033,"grabStrength":1,"id":133,"palmNormal":[-0.833465,-0.458806,-0.307951],"palmPosition":[89.3731,220.76,35.0916],"palmVelocity":[10.0888,469.256,-97.5448],"palmWidth":91.4443,"pinchDistance":7.60294,"pinchStrength":0.827599,"r":[[0.655676,-0.74913,0.0943084],[0.672877,0.523084,-0.523086],[0.342528,0.406433,0.847046]],"s":0.949871,"sphereCenter":[49.4474,214.174,12.0253],"sphereRadius":38.1594,"stabilizedPalmPosition":[89.3309,219.491,35.2938],"t":[13.7804,54.9984,8.53249],"timeVisible":0.110546,"type":"left","wrist":[81.5247,197.458,107.512]}],"id":94402,"interactionBox":{"center":[0,200,0],"size":[235.247,235.247,147.751]},"pointables":[{"bases":[[[0.535743,0.804843,0.255357],[0.792197,-0.583764,0.177886],[-0.292238,-0.106991,0.950342]],[[0.590415,0.806886,0.0185825],[0.804822,-0.590322,0.0614918],[-0.0605865,0.0213501,0.997935]],[[0.590415,0.806886,0.0185825],[0.739844,-0.531871,-0.412001],[0.322554,-0.257,0.910994]],[[0.590415,0.806886,0.0185825],[0.496421,-0.344895,-0.796627],[0.636377,-0.479565,0.604186]]],"btipPosition":[69.7033,192.9,-18.7838],"carpPosition":[92.1128,174.327,75.7084],"dipPosition":[84.3424,181.869,-4.88521],"direction":[-0.322554,0.257,-0.910994],"extended":false,"handId":133,"id":1330,"length":51.2263,"mcpPosition":[92.1128,174.327,75.7084],"pipPosition":[95.1523,173.256,25.6452],"stabilizedTipPosition":[72.537,187.58,-15.7447],"timeVisible":0.110546,"tipPosition":[71.4311,188.42,-17.0641],"tipVelocity":[153.394,410.873,-53.7386],"tool":false,"touchDistance":0.851033,"touchZone":"hovering","type":0,"width":21.4602},{"bases":[[[-0.531892,0.817173,0.222078],[0.846459,0.505485,0.167311],[-0.0244651,-0.276971,0.960567]],[[-0.532444,0.801625,0.271846],[0.290706,0.474794,-0.830699],[0.79498,0.363274,0.485839]],[[-0.532444,0.801625,0.271846],[-0.652801,-0.184433,-0.734735],[0.538845,0.568666,-0.621502]],[[-0.532444,0.801625,0.271846],[-0.842958,-0.472946,-0.256406],[0.0769738,0.365676,-0.927554]]],"btipPosition":[58.8082,180.058,14.1919],"carpPosition":[104.665,194.572,75.3871],"dipPosition":[60.1009,186.199,-1.3852],"direction":[-0.538845,-0.568666,0.621502],"extended":false,"handId":133,"id":1331,"length":57.8031,"mcpPosition":[106.473,215.05,4.36572],"pipPosition":[72.9025,199.71,-16.1506],"stabilizedTipPosition":[58.7742,180.335,10.7957],"timeVisible":0.110546,"tipPosition":[58.78,183.026,9.42868],"tipVelocity":[155.891,396.782,-89.377],"tool":false,"touchDistance":0.333333,"touchZone":"none","type":1,"width":20.4988},{"bases":[[[-0.666762,0.674014,0.318014],[0.743607,0.630157,0.223496],[0.0497595,-0.385496,0.921367]],[[-0.667882,0.6844,0.292457],[0.238051,0.568741,-0.787315],[0.705171,0.456214,0.542774]],[[-0.667882,0.6844,0.292457],[-0.623214,-0.299458,-0.722446],[0.406863,0.664772,-0.62653]],[[-0.667882,0.6844,0.292457],[-0.744017,-0.603759,-0.286206],[0.0193059,0.408745,-0.912444]]],"btipPosition":[50.9892,184.889,21.8711],"carpPosition":[99.6159,205.604,77.8233],"dipPosition":[51.3458,192.439,5.01726],"direction":[-0.406863,-0.664772,0.62653],"extended":false,"handId":133,"id":1332,"length":65.862,"mcpPosition":[96.127,232.634,13.2204],"pipPosition":[62.718,211.02,-12.4947],"stabilizedTipPosition":[50.621,184.662,18.0994],"timeVisible":0.110546,"tipPosition":[51.2143,188.461,14.6234],"tipVelocity":[154.355,405.266,-85.3101],"tool":false,"touchDistance":0.333333,"touchZone":"none","type":2,"width":20.1326},{"bases":[[[-0.706319,0.560504,0.432376],[0.695277,0.664092,0.274903],[0.133053,-0.49479,0.858766]],[[-0.713026,0.589165,0.380103],[0.203472,0.69267,-0.691959],[0.670964,0.416045,0.61377]],[[-0.713026,0.589165,0.380103],[-0.619746,-0.276081,-0.734638],[0.327884,0.759384,-0.561986]],[[-0.713026,0.589165,0.380103],[-0.690645,-0.683626,-0.235935],[-0.120843,0.430744,-0.894347]]],"btipPosition":[47.5049,199.062,31.8834],"carpPosition":[92.056,214.773,81.1729],"dipPosition":[45.2856,206.973,15.4588],"direction":[-0.327884,-0.759384,0.561986],"extended":false,"handId":133,"id":1333,"length":63.3281,"mcpPosition":[83.6799,245.921,27.1112],"pipPosition":[54.2135,227.65,0.156515],"stabilizedTipPosition":[46.6644,198.899,28.2763],"timeVisible":0.110546,"tipPosition":[45.8673,200.656,26.1336],"tipVelocity":[96.492,473.261,-109.941],"tool":false,"touchDistance":0.333333,"touchZone":"none","type":3,"width":19.1574},{"bases":[[[-0.791278,0.381987,0.477457],[0.58596,0.696846,0.413589],[0.174729,-0.607035,0.775228]],[[-0.808039,0.464024,0.362982],[0.205204,0.799233,-0.56490