{"frames":269,"data":[{"currentFrameRate":25.4152,"devices":[],"gestures":[],"hands":[],"id":95060,"interactionBox":{"center":[0,200,0],"size":[235.247,235.247,147.751]},"pointables":[],"r":[[-0.962136,-0.269906,0.0380192],[0.215739,-0.839331,-0.498979],[0.166588,-0.471883,0.86578]],"s":0.686793,"t":[505.899,-233.461,348.339],"timestamp":257689162002},{"currentFrameRate":25.4044,"devices":[],"gestures":[],"hands":[],"id":95061,"interactionBox":{"center":[0,200,0],"size":[235.247,235.247,147.751]},"pointables":[],"r":[[-0.962136,-0.269906,0.0380192],[0.215739,-0.839331,-0.498979],[0.166588,-0.471883,0.86578]],"s":0.686793,"t":[505.899,-233.461,348.339],"timestamp":257689201442},{"currentFrameRate":25.4028,"devices":[],"gestures":[],"hands":[{"armBasis":[[0.983316,0.0406364,0.17731],[-0.136222,0.810482,0.569704],[-0.120556,-0.584352,0.802495]],"armWidth":64.0382,"confidence":0,"direction":[-0.202361,0.333224,-0.920876],"elbow":[69.0188,-4.15645,325.408],"grabAngle":2.3919,"grabStrength":0.685413,"id":135,"palmNormal":[0.187038,-0.90987,-0.370342],"palmPosition":[83.2884,176.84,37.858],"palmVelocity":[1.19209e-7,1.19209e-7,1.19209e-7],"palmWidth":91.4443,"pinchDistance":49.0532,"pinchStrength":1,"r":[[1,2.77556e-18,5.55112e-18],[-2.77556e-18,1,-2.22045e-17],[-5.55112e-18,2.22045e-17,1]],"s":1,"sphereCenter":[84.7331,141.001,3.35056],"sphereRadius":41.6174,"stabilizedPalmPosition":[83.2884,176.84,37.858],"t":[0,0,0],"timeVisible":0,"type":"right","wrist":[101.731,154.406,107.653]}],"id":95062,"interactionBox":{"center":[0,200,0],"size":[235.247,235.247,147.751]},"pointables":[{"bases":[[[0.976912,0.111685,-0.182123],[-0.0733197,0.975967,0.205214],[0.200665,-0.187123,0.961623]],[[0.987187,0.100264,-0.124132],[-0.138852,0.923084,-0.358659],[0.0786243,0.371299,0.925178]],[[0.987187,0.100264,-0.124132],[-0.0787348,-0.370564,-0.925464],[-0.138789,0.923379,-0.357922]],[[0.987187,0.100264,-0.124132],[-0.0268384,-0.662519,-0.748564],[-0.157294,0.742304,-0.651339]]],"btipPosition":[77.5879,130.058,-5.69295],"carpPosition":[88.5294,175.331,84.0193],"dipPosition":[74.6172,144.077,-17.994],"direction":[0.138789,-0.923379,0.357922],"extended":false,"handId":135,"id":1352,"length":67.341,"mcpPosition":[74.4595,188.451,16.5938],"pipPosition":[70.6508,170.465,-28.2229],"stabilizedTipPosition":[76.9046,133.282,-8.5222],"timeVisible":0,"tipPosition":[76.9046,133.282,-8.5222],"tipVelocity":[1.19209e-7,1.19209e-7,1.19209e-7],"tool":false,"touchDistance":0.333333,"touchZone":"none","type":2,"width":19.0921},{"bases":[[[0.180039,0.9783,0.102541],[-0.778307,0.0779313,0.623029],[0.601518,-0.191978,0.775449]],[[0.121569,0.992195,0.0277597],[-0.992518,0.121833,-0.00802516],[-0.0113446,-0.0265764,0.999582]],[[0.121569,0.992195,0.0277597],[-0.950768,0.124434,-0.283824],[-0.285063,0.00811119,0.958475]],[[0.121569,0.992195,0.0277597],[-0.728756,0.108209,-0.67617],[-0.673896,0.0619714,0.736222]]],"btipPosition":[102.195,146.094,-9.15993],"carpPosition":[76.0074,146.496,91.1452],"dipPosition":[86.3445,147.551,8.15635],"direction":[0.285063,-0.00811119,-0.958475],"extended":false,"handId":135,"id":1350,"length":52.3766,"mcpPosition":[76.0074,146.496,91.1452],"pipPosition":[76.5765,147.829,40.9993],"stabilizedTipPosition":[98.5492,146.429,-5.17719],"timeVisible":0,"tipPosition":[98.5492,146.429,-5.17719],"tipVelocity":[1.19209e-7,1.19209e-7,1.19209e-7],"tool":false,"touchDistance":1,"touchZone":"none","type":0,"width":20.3511},{"bases":[[[0.913661,0.299621,-0.274684],[-0.238503,0.942376,0.234615],[0.329151,-0.148845,0.932472]],[[0.96839,0.212609,0.130453],[-0.223743,0.971564,0.0774779],[-0.110271,-0.104217,0.988423]],[[0.96839,0.212609,0.130453],[-0.0741057,0.744585,-0.663401],[-0.238178,0.632764,0.736805]],[[0.96839,0.212609,0.130453],[0.142486,-0.0422297,-0.988895],[-0.204739,0.976224,-0.0711887]]],"btipPosition":[67.6734,153.335,-40.7641],"carpPosition":[77.9476,169.963,87.5326],"dipPosition":[64.1579,170.097,-41.9865],"direction":[0.238178,-0.632764,-0.736805],"extended":false,"handId":135,"id":1351,"length":59.1012,"mcpPosition":[53.6111,180.968,18.5884],"pipPosition":[58.3723,185.468,-24.0887],"stabilizedTipPosition":[66.8649,157.19,-41.0452],"timeVisible":0,"tipPosition":[66.8649,157.19,-41.0452],"tipVelocity":[1.19209e-7,1.19209e-7,1.19209e-7],"tool":false,"touchDistance":0.917655,"touchZone":"hovering","type":1,"width":19.4394},{"bases":[[[0.998523,0.0090388,-0.0535754],[0.00309773,0.97499,0.222227],[0.0542441,-0.222065,0.973522]],[[0.993473,0.0223384,-0.111855],[-0.0640303,0.920769,-0.384818],[0.0943966,0.389468,0.91619]],[[0.993473,0.0223384,-0.111855],[-0.0944475,-0.388735,-0.916496],[-0.0639551,0.921079,-0.384088]],[[0.993473,0.0223384,-0.111855],[-0.0648692,-0.695961,-0.715144],[-0.0938221,0.717732,-0.68997]]],"btipPosition":[96.1886,135.112,2.39821],"carpPosition":[100.3,177.741,81.1746],"dipPosition":[94.4269,148.589,-10.5576],"direction":[0.0639551,-0.921079,0.384088],"extended":false,"handId":135,"id":1353,"length":64.7502,"mcpPosition":[96.885,191.72,19.8887],"pipPosition":[92.6463,174.232,-21.2507],"stabilizedTipPosition":[95.7834,138.212,-0.58162],"timeVisible":0,"tipPosition":[95.7834,138.212,-0.58162],"tipVelocity":[1.19209e-7,1.19209e-7,1.19209e-7],"tool":false,"touchDistance":0.333333,"touchZone":"none","type":3,"width":18.1673},{"bases":[[[0.98376,-0.177945,0.0234823],[0.163147,0.941052,0.296318],[-0.0748265,-0.287675,0.9548]],[[0.97479,-0.107417,-0.195565],[0.0537903,0.963772,-0.261247],[0.216542,0.244142,0.945254]],[[0.97479,-0.107417,-0.195565],[-0.216499,-0.243374,-0.945461],[0.0539627,0.963966,-0.260494]],[[0.97479,-0.107417,-0.195565],[-0.21693,-0.66133,-0.718041],[-0.0522035,0.742364,-0.66796]]],"btipPosition":[110.17,149.355,6.56362],"carpPosition":[113.661,173.075,79.1033],"dipPosition":[109.266,162.215,-5.00737],"direction":[-0.0539627,-0.963966,0.260494],"extended":false,"handId":135,"id":1354,"length":50.763,"mcpPosition":[118.022,189.839,23.4625],"pipPosition":[110.327,181.163,-10.1278],"stabilizedTipPosition":[109.962,152.313,3.90229],"timeVisible":0,"tipPosition":[109.962,152.313,3.90229],"tipVelocity":[1.19209e-7,1.19209e-7,1.19209e-7],"tool":false,"touchDistance":0.333333,"touchZone":"none","type":4,"width":16.1376}],"r":[[1,2.77556e-18,5.55112e-18],[-2.77556e-18,1,-2.22045e-17],[-5.55112e-18,2.22045e-17,1]],"s":1,"t":[0,0,0],"timestamp":257689240819},{"currentFrameRate":25.4042,"devices":[],"gestures":[],"hands":[{"armBasis":[[0.200948,-0.840026,-0.50396],[0.977168,0.208131,0.0427113],[0.069011,-0.501036,0.86267]],"armWidth":66.4635,"confidence":0.204398,"direction":[0.212143,0.396261,-0.893293],"elbow":[109.588,9.22865,329.603],"grabAngle":3.14159,"grabStrength":1,"id":135,"palmNormal":[-0.954498,-0.112028,-0.276374],"palmPosition":[98.197,183.035,29.2762],"palmVelocity":[378.833,157.439,-218.067],"palmWidth":91.4443,"pinchDistance":2.02137,"pinchStrength":0.983969,"r":[[0.969867,-0.238113,-0.0515795],[0.23669,0.971051,-0.0322213],[0.0577587,0.019042,0.998149]],"s":0.96942,"sphereCenter":[64.2271,186.352,6.51149],"sphereRadius":33.5819,"stabilizedPalmPosition":[93.2842,180.994,32.1041],"t":[7.45429,3.09793,-4.2909],"timeVisible":0.039354,"type":"right","wrist":[90.8621,145.184,95.5189]}],"id":95063,"interactionBox":{"center":[0,200,0],"size":[235.247,235.247,147.751]},"pointables":[{"bases":[[[0.979464,-0.189171,-0.0697497],[0.175396,0.628845,0.75749],[-0.0994336,-0.754167,0.649111]],[[0.975574,-0.00765856,-0.219536],[0.160728,0.706119,0.68961],[0.149737,-0.708052,0.690103]],[[0.975574,-0.00765856,-0.219536],[0.0120962,0.999749,0.0188765],[0.219336,-0.021071,0.975422]],[[0.975574,-0.00765856,-0.219536],[-0.111356,0.844225,-0.524294],[0.189353,0.535934,0.822752]]],"btipPosition":[56.1208,202.464,0.230852],"carpPosition":[75.3392,178.566,86.4672],"dipPosition":[60.4767,214.792,19.1573],"direction":[-0.219336,0.021071,-0.975422],"extended":false,"handId":135,"id":1350,"length":51.2263,"mcpPosition":[75.3392,178.566,86.4672],"pipPosition":[67.8274,214.086,51.8469],"stabilizedTipPosition":[58.7904,202.93,4.191],"timeVisible":0.039354,"tipPosition":[57.9829,200.358,1.76711],"tipVelocity":[-1052.66,1495.92,248.034],"tool":false,"touchDistance":1,"touchZone":"none","type":0,"width":21.4602},{"bases":[[[0.242234,-0.831808,-0.499418],[0.969741,0.191433,0.151514],[-0.030426,-0.521008,0.85301]],[[0.22941,-0.926813,-0.297301],[0.380901,0.366573,-0.848845],[0.895704,0.0814908,0.43712]],[[0.22941,-0.926813,-0.297301],[-0.814238,-0.0153881,-0.580327],[0.53328,0.375207,-0.758177]],[[0.22941,-0.926813,-0.297301],[-0.954609,-0.273864,0.117134],[-0.189981,0.256935,-0.947571]]],"btipPosition":[53.0225,199.493,31.8166],"carpPosition":[98.0762,177.642,79.4187],"dipPosition":[49.832,203.808,15.9032],"direction":[-0.53328,-0.375207,0.758177],"extended":false,"handId":135,"id":1351,"length":57.8031,"mcpPosition":[100.326,216.164,16.3498],"pipPosition":[62.5015,212.722,-2.10922],"stabilizedTipPosition":[59.2777,179.726,-5.02446],"timeVisible":0.039354,"tipPosition":[52.9818,201.132,25.2159],"tipVelocity":[-370.385,1100.16,1758.44],"tool":false,"touchDistance":0.333333,"touchZone":"none","type":1,"width":20.4988},{"bases":[[[0.0670061,-0.914916,-0.398044],[0.995829,0.0365645,0.0835915],[-0.0619248,-0.401985,0.91355]],[[0.0631722,-0.937374,-0.342548],[0.317274,0.34429,-0.88363],[0.946228,-0.0528606,0.319154]],[[0.0631722,-0.937374,-0.342548],[-0.914987,0.0826562,-0.394927],[0.398508,0.338375,-0.852463]],[[0.0631722,-0.937374,-0.342548],[-0.938984,-0.172109,0.297805],[-0.338111,0.302834,-0.891051]]],"btipPosition":[57.3376,183.734,34.1694],"carpPosition":[102.719,168.095,73.0592],"dipPosition":[51.0924,189.327,17.7108],"direction":[-0.398508,-0.338375,0.852463],"extended":false,"handId":135,"id":1352,"length":65.862,"mcpPosition":[107.061,196.281,9.0044],"pipPosition":[62.231,198.785,-6.1162],"stabilizedTipPosition":[59.806,175.402,23.1509],"timeVisible":0.039354,"tipPosition":[55.0618,186.692,25.6539],"tipVelocity":[-533.704,1314.69,988.62],"tool":false,"touchDistance":0.333333,"touchZone":"none","type":2,"width":20.1326},{"bases":[[[-0.0180988,-0.964235,-0.264431],[0.99559,-0.0417285,0.0840187],[-0.0920481,-0.261744,0.960738]],[[-0.0235858,-0.978195,-0.206345],[0.339366,0.186313,-0.922018],[0.940359,-0.0917732,0.327572]],[[-0.0235858,-0.978195,-0.206345],[-0.903973,0.109013,-0.413459],[0.426938,0.176779,-0.886833]],[[-0.0235858,-0.978195,-0.206345],[-0.959273,-0.0359729,0.280179],[-0.281493,0.20455,-0.937508]]],"btipPosition":[62.5359,169.157,33.9891],"carpPosition":[104.494,157.219,67.4913],"dipPosition":[57.3663,172.913,16.7718],"direction":[-0.426938,-0.176779,0.886833],"extended":false,"handId":135,"id":1353,"length":63.3281,"mcpPosition":[110.289,173.697,7.0102],"pipPosition":[68.9914,177.727,-7.37563],"stabilizedTipPosition":[67.1294,164.68,24.889],"timeVisible":0.039354,"tipPosition":[60.3528,171.288,24.829],"tipVelocity":[-875.044,808.29,777.83],"tool":false,"touchDistance":0.333333,"touchZone":"none","type":3,"width":19.1574},{"bases":[[[-0.192881,-0.96781,-0.161682],[0.968585,-0.214154,0.126414],[-0.156969,-0.13222,0.978713]],[[-0.214649,-0.976642,-0.00985329],[0.373457,-0.0727492,-0.92479],[0.902472,-0.202185,0.380349]],[[-0.214649,-0.976642,-0.00985329],[-0.832458,0.188218,-0.521141],[0.510823,-0.10366,-0.853414]],[[-0.214649,-0.976642,-0.00985329],[-0.960638,0.209289,0.182682],[-0.176353,0.048678,-0.983123]]],"btipPosition":[70.2776,160.463,26.092],"carpPosition":[99.3286,144.563,63.2823],"dipPosition":[67.2898,161.288,9.43554],"direction":[-0.510823,0.10366,0.853414],"extended":false,"handId":135,"id":1354,"length":49.6481,"mcpPosition":[108.476,152.268,6.24802],"pipPosition":[77.1102,159.295,-6.97112],"stabilizedTipPosition":[73.4129,159.863,20.5228],"timeVisible":0.039354,"tipPosition":[69.4341,161.359,16.2526],"tipVelocity":[-1025.86,211.913,466.502],"tool":false,"touchDistance":0.333333,"touchZone":"none","type":4,"width":17.0171}],"r":[[0.969867,-0.238113,-0.0515795],[0.23669,0.971051,-0.0322213],[0.0577587,0.019042,0.998149]],"s":0.96942,"t":[7.45429,3.09793,-4.2909],"timestamp":257689280173},{"currentFrameRate":25.4067,"devices":[],"gestures":[],"hands":[{"armBasis":[[0.168666,-0.814123,-0.555657],[0.974159,0.223597,-0.0319047],[0.150218,-0.535917,0.830799]],"armWidth":66.4635,"confidence":0.392348,"direction":[0.232744,0.378617,-0.895812],"elbow":[130.92,13.6906,318.938],"grabAngle":3.14159,"grabStrength":1,"id":135,"palmNormal":[-0.951721,-0.100889,-0.289911],"palmPosition":[98.0408,196.42,27.0422],"palmVelocity":[-3.96968,340.215,-56.7846],"palmWidth":91.4443,"pinchDistance":3.1757,"pinchStrength":0.978505,"r":[[0.902293,-0.423315,-0.0816783],[0.418555,0.905536,-0.0693933],[0.103338,0.0284262,0.99424]],"s":0.96318,"sphereCenter":[64.7174,200.978,3.90067],"sphereRadius":34.6112,"stabilizedPalmPosition":[97.7846,195.589,27.3149],"t":[11.1033,11.3393,-7.55336],"timeVisible":0.078696,"type":"right","wrist":[90.159,159.111,93.5017]}],"id":95064,"interactionBox":{"center":[0,200,0],"size":[235.247,235.247,147.751]},"pointables":[{"bases":[[[0.977198,-0.206103,-0.0510478],[0.173717,0.637799,0.750356],[-0.122092,-0.742114,0.65906]],[[0.976356,-0.0120052,-0.215835],[0.167552,0.672895,0.720513],[0.136584,-0.73964,0.658997]],[[0.976356,-0.0120052,-0.215835],[0.0516477,0.982495,0.178986],[0.209908,-0.185901,0.959885]],[[0.976356,-0.0120052,-0.215835],[-0.135405,0.744345,-0.653923],[0.168506,0.667687,0.72512]]],"btipPosition":[56.4475,221.201,2.01153],"carpPosition":[74.2105,193.225,83.9208],"dipPosition":[60.3238,236.56,18.6921],"direction":[-0.209908,0.185901,-0.959885],"extended":false,"handId":135,"id":1350,"length":51.2263,"mcpPosition":[74.2105,193.225,83.9208],"pipPosition":[67.3585,230.33,50.861],"stabilizedTipPosition":[57.3479,224.6,5.83794],"timeVisible":0.078696,"tipPosition":[58.1077,217.936,1.29183],"tipVelocity":[5.49987,493.984,32.1317],"tool":false,"touchDistance":1,"touchZone":"none","type":0,"width":21.4602},{"bases":[[[0.23638,-0.843407,-0.482483],[0.970242,0.178054,0.164095],[-0.0524905,-0.506914,0.860397]],[[0.219515,-0.932825,-0.285745],[0.363996,0.350049,-0.863118],[0.905163,0.0854576,0.416386]],[[0.219515,-0.932825,-0.285745],[-0.870536,-0.0550612,-0.489015],[0.440432,0.356097,-0.824145]],[[0.219515,-0.932825,-0.285745],[-0.961023,-0.257208,0.101387],[-0.168072,0.252351,-0.952927]]],"btipPosition":[55.0541,212.995,31.6384],"carpPosition":[97.038,191.822,77.2539],"dipPosition":[52.2316,217.232,15.6351],"direction":[-0.440432,-0.356097,0.824145],"extended":false,"handId":135,"id":1351,"length":57.8031,"mcpPosition":[100.919,229.301,13.6388],"pipPosition":[62.6952,225.692,-3.9446],"stabilizedTipPosition":[55.0024,209.771,23.914],"timeVisible":0.078696,"tipPosition":[53.4543,214.925,23.2394],"tipVelocity":[53.7907,342.723,-5.05547],"tool":false,"touchDistance":0.333333,"touchZone":"none","type":1,"width":20.4988},{"bases":[[[0.0582254,-0.922052,-0.382662],[0.994849,0.0217308,0.0990131],[-0.0829797,-0.386456,0.918568]],[[0.0531448,-0.943566,-0.326892],[0.334621,0.325256,-0.884442],[0.940853,-0.0623814,0.333022]],[[0.0531448,-0.943566,-0.326892],[-0.921716,0.0795991,-0.37961],[0.384207,0.321476,-0.86547]],[[0.0531448,-0.943566,-0.326892],[-0.948155,-0.150397,0.27997],[-0.313333,0.295066,-0.90264]]],"btipPosition":[57.9146,197.718,31.7979],"carpPosition":[101.623,182.102,71.1189],"dipPosition":[52.127,203.168,15.1251],"direction":[-0.384207,-0.321476,0.86547],"extended":false,"handId":135,"id":1352,"length":65.862,"mcpPosition":[107.441,209.198,6.71229],"pipPosition":[62.8659,212.154,-9.06537],"stabilizedTipPosition":[56.7198,197.974,27.7595],"timeVisible":0.078696,"tipPosition":[55.1312,200.609,23.0014],"tipVelocity":[17.3411,354.621,-61.5323],"tool":false,"touchDistance":0.333333,"touchZone":"none","type":2,"width":20.1326},{"bases":[[[-0.0297831,-0.967869,-0.249684],[0.993314,-0.0565316,0.100652],[-0.111533,-0.245017,0.963082]],[[-0.0359217,-0.979966,-0.195898],[0.344133,0.171906,-0.92305],[0.938233,-0.100573,0.331064]],[[-0.0359217,-0.979966,-0.195898],[-0.908558,0.113665,-0.401998],[0.416211,0.163544,-0.894439]],[[-0.0359217,-0.979966,-0.195898],[-0.962517,-0.0188058,0.27057],[-0.268834,0.198275,-0.942558]]],"btipPosition":[62.7281,182.859,32.2465],"carpPosition":[103.307,171.112,65.7498],"dipPosition":[57.791,186.5,14.9366],"direction":[-0.416211,-0.163545,0.894439],"extended":false,"handId":135,"id":1353,"length":63.3281,"mcpPosition":[110.328,186.536,5.12114],"pipPosition":[69.1239,190.953,-9.41802],"stabilizedTipPosition":[61.7829,183.042,28.1492],"timeVisible":0.078696,"tipPosition":[60.1899,185.111,22.6],"tipVelocity":[6.24347,347.596,-44.8344],"tool":false,"touchDistance":0.333333,"touchZone":"none","type":3,"width":19.1574},{"bases":[[[-0.206204,-0.966988,-0.149715],[0.962808,-0.227806,0.14528],[-0.17459,-0.11419,0.977998]],[[-0.194353,-0.957458,-0.213312],[0.412861,0.117417,-0.903194],[0.889816,-0.263606,0.372476]],[[-0.194353,-0.957458,-0.213312],[-0.813777,0.278797,-0.509941],[0.547718,0.0744799,-0.833342]],[[-0.194353,-0.957458,-0.213312],[-0.972901,0.16038,0.16656],[-0.125263,0.239903,-0.962682]]],"btipPosition":[68.8416,168.795,24.0482],"carpPosition":[98.0007,158.476,61.6553],"dipPosition":[66.7193,172.86,7.73801],"direction":[-0.547718,-0.0744799,0.833342],"extended":false,"handId":135,"id":1354,"length":49.6481,"mcpPosition":[108.175,165.13,4.66274],"pipPosition":[77.2491,174.292,-8.28278],"stabilizedTipPosition":[68.4683,169.506,20.3019],"timeVisible":0.078696,"tipPosition":[68.9294,173.623,15.5778],"tipVelocity":[-31.4408,230.74,-49.9264],"tool":false,"touchDistance":0.333333,"touchZone":"none","type":4,"width":17.0171}],"r":[[0.902293,-0.423315,-0.0816783],[0.418555,0.905536,-0.0693933],[0.103338,0.0284262,0.99424]],"s":0.96318,"t":[11.1033,11.3393,-7.55336],"timestamp":257689319515},{"currentFrameRate":28.9301,"devices":[],"gestures":[],"hands":[{"armBasis":[[0.146449,-0.816168,-0.558948],[0.972597,0.221945,-0.0692537],[0.180578,-0.533489,0.826306]],"armWidth":66.4635,"confidence":0.439873,"direction":[0.241547,0.357758,-0.902033],"elbow":[138.82,16.4651,318.448],"grabAngle":3.14159,"grabStrength":1,"id":135,"palmNormal":[-0.951729,-0.094076,-0.292166],"palmPosition":[98.0267,197.295,27.1599],"palmVelocity":[-1.29235,80.1364,10.7811],"palmWidth":91.4443,"pinchDistance":9.19205,"pinchStrength":0.920053,"r":[[0.82083,-0.562886,-0.0969371],[0.553758,0.825848,-0.106434],[0.139965,0.0336844,0.989583]],"s":0.969567,"sphereCenter":[64.7091,200.612,2.90786],"sphereRadius":35.3921,"stabilizedPalmPosition":[97.9215,196.554,27.2272],"t":[12.9208,15.8973,-9.12575],"timeVisible":0.089611,"type":"right","wrist":[89.8206,161.226,94.2312]}],"id":95065,"interactionBox":{"center":[0,200,0],"size":[235.247,235.247,147.751]},"pointables":[{"bases":[[[0.974594,-0.219898,-0.0425628],[0.178944,0.650156,0.738428],[-0.134707,-0.727284,0.672988]],[[0.972703,-0.00420308,-0.232016],[0.173998,0.674744,0.717249],[0.153536,-0.73804,0.657056]],[[0.972703,-0.00420308,-0.232016],[0.0632227,0.966813,0.247541],[0.223275,-0.255452,0.940687]],[[0.972703,-0.00420308,-0.232016],[-0.122077,0.841033,-0.52703],[0.197348,0.540967,0.817562]]],"btipPosition":[54.1893,228.679,0.687031],"carpPosition":[73.9142,195.537,83.9821],"dipPosition":[58.7291,241.123,19.4941],"direction":[-0.223275,0.255452,-0.940687],"extended":false,"handId":135,"id":1350,"length":51.2263,"mcpPosition":[73.9142,195.537,83.9821],"pipPosition":[66.2118,232.562,51.0197],"stabilizedTipPosition":[55.6802,230.075,5.18704],"timeVisible":0.089611,"tipPosition":[57.5101,222.653,2.0766],"tipVelocity":[-192.908,623.675,-76.537],"tool":false,"touchDistance":1,"touchZone":"none","type":0,"width":21.4602},{"bases":[[[0.227252,-0.855806,-0.464707],[0.971805,0.168492,0.16494],[-0.0628569,-0.489088,0.869967]],[[0.216804,-0.91353,-0.344179],[0.379408,0.403698,-0.832513],[0.89947,0.0499076,0.434124]],[[0.216804,-0.91353,-0.344179],[-0.867334,-0.0184469,-0.497385],[0.448027,0.406353,-0.796335]],[[0.216804,-0.91353,-0.344179],[-0.962414,-0.259088,0.0814396],[-0.16357,0.313586,-0.935366]]],"btipPosition":[55.5163,212.836,29.4196],"carpPosition":[96.7493,193.702,77.4474],"dipPosition":[52.7693,218.103,13.7113],"direction":[-0.448027,-0.406353,0.796335],"extended":false,"handId":135,"id":1351,"length":57.8031,"mcpPosition":[101.397,229.864,13.1247],"pipPosition":[63.4134,227.757,-5.20775],"stabilizedTipPosition":[54.9661,211.085,24.4957],"timeVisible":0.089611,"tipPosition":[53.8587,216.012,23.1837],"tipVelocity":[43.9314,7.17506,-197.062],"tool":false,"touchDistance":0.333333,"touchZone":"none","type":1,"width":20.4988},{"bases":[[[0.0476494,-0.930116,-0.364163],[0.994619,0.0106031,0.103061],[-0.091997,-0.367114,0.925615]],[[0.0430603,-0.947068,-0.318131],[0.350888,0.312477,-0.882743],[0.935427,-0.073617,0.34577]],[[0.0430603,-0.947068,-0.318131],[-0.92234,0.0846963,-0.376982],[0.383972,0.309658,-0.869872]],[[0.0430603,-0.947068,-0.318131],[-0.95172,-0.135754,0.275318],[-0.303933,0.290916,-0.907189]]],"btipPosition":[58.2453,199.004,31.3136],"carpPosition":[101.231,183.804,71.5258],"dipPosition":[52.6313,204.377,14.5569],"direction":[-0.383972,-0.309658,0.869872],"extended":false,"handId":135,"id":1352,"length":65.862,"mcpPosition":[107.681,209.544,6.62495],"pipPosition":[63.3636,213.032,-9.75668],"stabilizedTipPosition":[56.8618,199.347,27.5777],"timeVisible":0.089611,"tipPosition":[55.2559,201.906,23.0061],"tipVelocity":[33.9528,116.14,-46.1339],"tool":false,"touchDistance":0.333333,"touchZone":"none","type":2,"width":20.1326},{"bases":[[[-0.0415232,-0.972137,-0.230708],[0.992042,-0.0675847,0.106234],[-0.118866,-0.22446,0.967206]],[[-0.04451,-0.977492,-0.206223],[0.361909,0.176628,-0.915328],[0.93115,-0.115375,0.345901]],[[-0.04451,-0.977492,-0.206223],[-0.909675,0.124981,-0.396069],[0.412928,0.169967,-0.894764]],[[-0.04451,-0.977492,-0.206223],[-0.962131,-0.0136258,0.272247],[-0.26893,0.210531,-0.939869]]],"btipPosition":[63.0776,183.392,31.9267],"carpPosition":[102.792,172.689,66.3818],"dipPosition":[58.1387,187.258,14.6661],"direction":[-0.412928,-0.169967,0.894764],"extended":false,"handId":135,"id":1353,"length":63.3281,"mcpPosition":[110.275,186.819,5.49346],"pipPosition":[69.3823,191.886,-9.69731],"stabilizedTipPosition":[61.8806,183.805,28.0308],"timeVisible":0.089611,"tipPosition":[60.177,186.256,23.1216],"tipVelocity":[31.9835,53.586,-28.2622],"tool":false,"touchDistance":0.333333,"touchZone":"none","type":3,"width":19.1574},{"bases":[[[-0.218341,-0.966962,-0.131574],[0.959082,-0.237528,0.154087],[-0.180249,-0.0925464,0.979258]],[[-0.213546,-0.964207,-0.157171],[0.422936,0.0537792,-0.904562],[0.880638,-0.259639,0.396313]],[[-0.213546,-0.964207,-0.157171],[-0.817792,0.264441,-0.511163],[0.53443,0.0193758,-0.844991]],[[-0.213546,-0.964207,-0.157171],[-0.966918,0.185627,0.174962],[-0.139525,0.189334,-0.971949]]],"btipPosition":[69.3239,170.882,24.3849],"carpPosition":[97.3372,160.045,62.513],"dipPosition":[66.96,174.09,7.91773],"direction":[-0.53443,-0.0193758,0.844991],"extended":false,"handId":135,"id":1354,"length":49.6481,"mcpPosition":[107.841,165.438,5.44698],"pipPosition":[77.2343,174.462,-8.32701],"stabilizedTipPosition":[68.6842,170.969,20.5065],"timeVisible":0.089611,"tipPosition":[68.6731,174.453,16.3265],"tipVelocity":[39.0952,173.106,27.5427],"tool":false,"touchDistance":0.333333,"touchZone":"none","type":4,"width":17.0171}],"r":[[0.82083,-0.562886,-0.0969371],[0.553758,0.825848,-0.106434],[0.139965,0.0336844,0.989583]],"s":0.969567,"t":[12.9208,15.8973,-9.12575],"timestamp":257689330430},{"currentFrameRate":32.4272,"devices":[],"gestures":[],"hands":[{"armBasis":[[0.153322,-0.820571,-0.550596],[0.968028,0.236662,-0.0831419],[0.198529,-0.520245,0.830621]],"armWidth":66.4635,"confidence":0.480664,"direction":[0.24003,0.355459,-0.903346],"elbow":[143.871,22.9454,320.038],"grabAngle":3.14159,"grabStrength":1,"id":135,"palmNormal":[-0.949893,-0.105929,-0.29408],"palmPosition":[97.8322,199.842,27.3686],"palmVelocity":[-19.7881,259.154,21.2394],"palmWidth":91.4443,"pinchDistance":12.6843,"pinchStrength":0.892301,"r":[[0.74149,-0.662987,-0.10315],[0.649388,0.747788,-0.13823],[0.16878,0.0355117,0.985014]],"s":0.978537,"sphereCenter":[64.07,203.122,2.70096],"sphereRadius":36.056,"stabilizedPalmPosition":[97.8704,198.434,27.3081],"t":[13.7323,19.4498,-9.80758],"timeVisible":0.099439,"type":"right","wrist":[90.0001,164.113,94.6503]}],"id":95066,"interactionBox":{"center":[0,200,0],"size":[235.247,235.247,147.751]},"pointables":[{"bases":[[[0.977017,-0.209587,-0.0388764],[0.169991,0.656038,0.735335],[-0.128612,-0.725043,0.676588]],[[0.972563,0.00857312,-0.232481],[0.171034,0.651051,0.739513],[0.157697,-0.758985,0.631722]],[[0.972563,0.00857312,-0.232481],[0.0633036,0.95186,0.299926],[0.223861,-0.306414,0.925201]],[[0.972563,0.00857312,-0.232481],[-0.12755,0.85538,-0.502052],[0.194556,0.51793,0.833005]]],"btipPosition":[53.7027,234.562,2.27743],"carpPosition":[73.5917,198.131,84.1378],"dipPosition":[58.1782,246.476,21.4398],"direction":[-0.223861,0.306414,-0.925201],"extended":false,"handId":135,"id":1350,"length":51.2263,"mcpPosition":[73.5917,198.131,84.1378],"pipPosition":[65.6806,236.207,52.4463],"stabilizedTipPosition":[54.9567,235.59,6.32993],"timeVisible":0.099439,"tipPosition":[56.5922,227.386,3.05499],"tipVelocity":[-51.0184,586.174,170.136],"tool":false,"touchDistance":1,"touchZone":"none","type":0,"width":21.4602},{"bases":[[[0.237683,-0.855804,-0.459463],[0.969497,0.179867,0.166502],[-0.059851,-0.485023,0.872451]],[[0.235958,-0.868744,-0.435439],[0.380772,0.494915,-0.781071],[0.894056,0.0184966,0.447572]],[[0.235958,-0.868744,-0.435439],[-0.86304,0.0186078,-0.504792],[0.446638,0.494911,-0.745371]],[[0.235958,-0.868744,-0.435439],[-0.957529,-0.284266,0.04827],[-0.165715,0.405556,-0.898923]]],"btipPosition":[55.3046,213.019,27.0693],"carpPosition":[96.4622,196.508,77.6715],"dipPosition":[52.5216,219.83,11.973],"direction":[-0.446638,-0.494911,0.745371],"extended":false,"handId":135,"id":1351,"length":57.8031,"mcpPosition":[100.887,232.369,13.1651],"pipPosition":[63.1327,231.588,-5.73524],"stabilizedTipPosition":[54.9048,211.798,24.3129],"timeVisible":0.099439,"tipPosition":[53.6567,217.53,23.2418],"tipVelocity":[-22.3804,54.767,-224.819],"tool":false,"touchDistance":0.333333,"touchZone":"none","type":1,"width":20.4988},{"bases":[[[0.0586298,-0.931504,-0.358975],[0.994174,0.0219016,0.105542],[-0.0904503,-0.363071,0.927361]],[[0.0579831,-0.93407,-0.352351],[0.359793,0.348778,-0.865392],[0.931229,-0.0765954,0.356296]],[[0.0579831,-0.93407,-0.352351],[-0.921889,0.0853397,-0.377939],[0.383091,0.346742,-0.85616]],[[0.0579831,-0.93407,-0.352351],[-0.954968,-0.154772,0.253145],[-0.29099,0.321805,-0.900981]]],"btipPosition":[57.9562,200.077,30.4842],"carpPosition":[101.066,186.626,71.8153],"dipPosition":[52.5813,206.021,13.8421],"direction":[-0.383091,-0.346742,0.856161],"extended":false,"handId":135,"id":1352,"length":65.862,"mcpPosition":[107.408,212.084,6.79209],"pipPosition":[63.289,215.713,-10.0882],"stabilizedTipPosition":[56.7845,200.491,27.0754],"timeVisible":0.099439,"tipPosition":[55.157,203.772,23.3588],"tipVelocity":[-23.8207,122.551,-81.7127],"tool":false,"touchDistance":0.333333,"touchZone":"none","type":2,"width":20.1326},{"bases":[[[-0.0304327,-0.973763,-0.225521],[0.992432,-0.0562912,0.109133],[-0.118965,-0.220493,0.968106]],[[-0.0284071,-0.969876,-0.241937],[0.379391,0.213463,-0.900276],[0.9248,-0.117363,0.361898]],[[-0.0284071,-0.969876,-0.241937],[-0.905714,0.12738,-0.404298],[0.422937,0.20764,-0.882048]],[[-0.0284071,-0.969876,-0.241937],[-0.966421,-0.0351902,0.254543],[-0.255389,0.241043,-0.936309]]],"btipPosition":[62.8096,184.456,31.11],"carpPosition":[102.76,175.501,66.7359],"dipPosition":[58.1194,188.882,13.9148],"direction":[-0.422937,-0.20764,0.882048],"extended":false,"handId":135,"id":1353,"length":63.3281,"mcpPosition":[110.25,189.382,5.79087],"pipPosition":[69.6355,194.536,-10.1024],"stabilizedTipPosition":[61.7979,184.726,27.5473],"timeVisible":0.099439,"tipPosition":[60.2518,188.126,23.6219],"tipVelocity":[-21.4472,121.363,-81.5713],"tool":false,"touchDistance":0.333333,"touchZone":"none","type":3,"width":19.1574},{"bases":[[[-0.207554,-0.969962,-0.126869],[0.961182,-0.226319,0.157826],[-0.181798,-0.0891864,0.979283]],[[-0.196875,-0.963316,-0.182378],[0.449576,0.0766073,-0.889951],[0.871276,-0.257202,0.418002]],[[-0.196875,-0.963316,-0.182378],[-0.813758,0.264308,-0.517629],[0.546844,0.0465031,-0.835942]],[[-0.196875,-0.963316,-0.182378],[-0.97287,0.168893,0.158112],[-0.121509,0.208558,-0.970432]]],"btipPosition":[69.3106,172.488,23.8389],"carpPosition":[97.4521,162.779,62.9219],"dipPosition":[67.252,176.021,7.39748],"direction":[-0.546844,-0.0465031,0.835942],"extended":false,"handId":135,"id":1354,"length":49.6481,"mcpPosition":[108.046,167.976,5.85448],"pipPosition":[77.7649,176.915,-8.6733],"stabilizedTipPosition":[68.7867,172.532,20.2054],"timeVisible":0.099439,"tipPosition":[68.76,176.425,16.7946],"tipVelocity":[5.79193,171.018,-54.949],"tool":false,"touchDistance":0.333333,"touchZone":"none","type":4,"width":17.0171}],"r":[[0.74149,-0.662987,-0.10315],[0.649388,0.747788,-0.13823],[0.16878,0.0355117,0.985014]],"s":0.978537,"t":[13.7323,19.4498,-9.80758],"timestamp":257689340258},{"currentFrameRate":35.7125,"devices":[],"gestures":[],"hands":[{"armBasis":[[0.175441,-0.821974,-0.54183],[0.95997,0.264898,-0.0910265],[0.218351,-0.504171,0.835545]],"armWidth":66.4635,"confidence":0.520464,"direction":[0.242925,0.364004,-0.89916],"elbow":[149.571,30.1167,321.43],"grabAngle":3.14159,"grabStrength":1,"id":135,"palmNormal":[-0.943595,-0.126309,-0.306063],"palmPosition":[97.9596,202.912,27.5658],"palmVelocity":[12.6291,304.478,19.5559],"palmWidth":91.4443,"pinchDistance":16.5886,"pinchStrength":0.819175,"r":[[0.672838,-0.732524,-0.103431],[0.715246,0.679841,-0.161988],[0.188977,0.0350134,0.981357]],"s":0.997528,"sphereCenter":[64.114,204.507,1.78414],"sphereRadius":36.8141,"stabilizedPalmPosition":[97.9275,201.303,27.4732],"t":[14.2018,22.7613,-10.0499],"timeVisible":0.109524,"type":"right","wrist":[90.3213,166.923,94.7063]}],"id":95067,"interactionBox":{"center":[0,200,0],"size":[235.247,235.247,147.751]},"pointables":[{"bases":[[[0.981911,-0.187327,-0.0275693],[0.146121,0.657087,0.739517],[-0.120416,-0.730168,0.672574]],[[0.974433,0.0333697,-0.222188],[0.148727,0.645434,0.749196],[0.168408,-0.763087,0.623969]],[[0.974433,0.0333697,-0.222188],[0.0502197,0.931542,0.360149],[0.218996,-0.362099,0.906049]],[[0.974433,0.0333697,-0.222188],[-0.117331,0.918934,-0.376556],[0.191611,0.392998,0.899354]]],"btipPosition":[52.8778,241.829,1.6714],"carpPosition":[73.0734,200.453,84.0273],"dipPosition":[57.2856,250.87,22.36],"direction":[-0.218996,0.362099,-0.906049],"extended":false,"handId":135,"id":1350,"length":51.2263,"mcpPosition":[73.0734,200.453,84.0273],"pipPosition":[64.6249,238.734,52.7247],"stabilizedTipPosition":[54.1037,242.252,6.4099],"timeVisible":0.109524,"tipPosition":[55.8294,232.887,3.66259],"tipVelocity":[-83.3391,655.063,-25.2832],"tool":false,"touchDistance":1,"touchZone":"none","type":0,"width":21.4602},{"bases":[[[0.262574,-0.848576,-0.459319],[0.963076,0.201125,0.178979],[-0.0594971,-0.489354,0.870053]],[[0.262954,-0.845389,-0.464944],[0.39539,0.534001,-0.747335],[0.88007,0.0126804,0.474675]],[[0.262954,-0.845389,-0.464944],[-0.852757,0.0217628,-0.521855],[0.451289,0.533708,-0.715188]],[[0.262954,-0.845389,-0.464944],[-0.952211,-0.305019,0.0160722],[-0.155404,0.438498,-0.885194]]],"btipPosition":[55.1751,214.972,25.3199],"carpPosition":[96.052,199.37,77.8369],"dipPosition":[52.5653,222.336,10.4541],"direction":[-0.451289,-0.533708,0.715188],"extended":false,"handId":135,"id":1351,"length":57.8031,"mcpPosition":[100.451,235.551,13.5078],"pipPosition":[63.2868,235.015,-6.53707],"stabilizedTipPosition":[54.8343,212.838,23.7976],"timeVisible":0.109524,"tipPosition":[53.5457,219.359,22.8643],"tipVelocity":[-8.88819,206.212,-168.213],"tool":false,"touchDistance":0.333333,"touchZone":"none","type":1,"width":20.4988},{"bases":[[[0.0840674,-0.928658,-0.361285],[0.992062,0.0439751,0.117808],[-0.0935156,-0.368321,0.924983]],[[0.0856348,-0.922305,-0.376856],[0.371201,0.380548,-0.84699],[0.924595,-0.0673576,0.374949]],[[0.0856348,-0.922305,-0.376856],[-0.917677,0.0742812,-0.390322],[0.387989,0.379257,-0.840017]],[[0.0856348,-0.922305,-0.376856],[-0.956386,-0.182118,0.228385],[-0.279273,0.340862,-0.897675]]],"btipPosition":[58.0153,201.735,29.4448],"carpPosition":[100.949,189.615,72.0052],"dipPosition":[52.8568,208.031,12.8638],"direction":[-0.387989,-0.379257,0.840017],"extended":false,"handId":135,"id":1352,"length":65.862,"mcpPosition":[107.506,215.441,7.14871],"pipPosition":[63.7014,218.632,-10.6153],"stabilizedTipPosition":[56.8086,201.956,26.2893],"timeVisible":0.109524,"tipPosition":[55.3407,205.75,23.1809],"tipVelocity":[10.7978,172.484,-101.672],"tool":false,"touchDistance":0.333333,"touchZone":"none","type":2,"width":20.1326},{"bases":[[[-0.00563719,-0.973393,-0.229074],[0.992047,-0.0342494,0.121121],[-0.125744,-0.22657,0.965844]],[[-0.000558325,-0.963457,-0.267864],[0.396881,0.245651,-0.884388],[0.91787,-0.106804,0.38224]],[[-0.000558325,-0.963457,-0.267864],[-0.901785,0.116251,-0.416256],[0.432184,0.241323,-0.868896]],[[-0.000558325,-0.963457,-0.267864],[-0.970112,-0.0644769,0.233934],[-0.242656,0.259988,-0.934625]]],"btipPosition":[63.2515,186.157,30.1446],"carpPosition":[102.957,178.549,66.9105],"dipPosition":[58.7951,190.932,12.9803],"direction":[-0.432184,-0.241323,0.868896],"extended":false,"handId":135,"id":1353,"length":63.3281,"mcpPosition":[110.873,192.813,6.10789],"pipPosition":[70.563,197.503,-10.6788],"stabilizedTipPosition":[62.0383,186.145,26.7898],"timeVisible":0.109524,"tipPosition":[60.7813,190.204,23.4687],"tipVelocity":[49.1479,176.692,-95.0186],"tool":false,"touchDistance":0.333333,"touchZone":"none","type":3,"width":19.1574},{"bases":[[[-0.18399,-0.973944,-0.132592],[0.96406,-0.205112,0.168868],[-0.191664,-0.0967564,0.97668]],[[-0.169414,-0.964206,-0.203977],[0.472354,0.102209,-0.875463],[0.864974,-0.244665,0.438131]],[[-0.169414,-0.964206,-0.203977],[-0.810078,0.254114,-0.528394],[0.561313,0.0757199,-0.824132]],[[-0.169414,-0.964206,-0.203977],[-0.979556,0.141956,0.142541],[-0.108483,0.223955,-0.968543]]],"btipPosition":[70.1382,174.616,23.1],"carpPosition":[97.9846,165.724,62.9899],"dipPosition":[68.3003,178.41,6.69051],"direction":[-0.561313,-0.0757199,0.824132],"extended":false,"handId":135,"id":1354,"length":49.6481,"mcpPosition":[109.154,171.362,6.07415],"pipPosition":[79.0914,179.866,-9.15322],"stabilizedTipPosition":[69.4335,174.591,19.5929],"timeVisible":0.109524,"tipPosition":[69.5615,178.762,16.6575],"tipVelocity":[87.0989,216.958,-72.5448],"tool":false,"touchDistance":0.333333,"touchZone":"none","type":4,"width":17.0171}],"r":[[0.672838,-0.732524,-0.103431],[0.715246,0.679841,-0.161988],[0.188977,0.0350134,0.981357]],"s":0.997528,"t":[14.2018,22.7613,-10.0499],"timestamp":257689350343},{"currentFrameRate":38.7951,"devices":[],"gestures":[],"hands":[{"armBasis":[[0.184502,-0.80779,-0.559853],[0.951737,0.288996,-0.103331],[0.245265,-0.513768,0.822124]],"armWidth":66.4635,"confidence":0.558921,"direction":[0.244148,0.375759,-0.893978],"elbow":[157.11,29.8471,317.303],"grabAngle":3.14159,"grabStrength":1,"id":135,"palmNormal":[-0.938647,-0.139994,-0.315189],"palmPosition":[97.8538,206.049,27.5043],"palmVelocity":[-10.2617,304.399,-5.96869],"palmWidth":91.4443,"pinchDistance":20.3426,"pinchStrength":0.74455,"r":[[0.616183,-0.78099,-0.10185],[0.760999,0.623697,-0.178555],[0.202973,0.0325151,0.978644]],"s":1.02363,"sphereCenter":[63.9769,206.074,0.7055],"sphereRadius":37.5925,"stabilizedPalmPosition":[97.8755,204.656,27.4952],"t":[14.3836,25.9855,-10.2018],"timeVisible":0.119829,"type":"right","wrist":[90.5578,169.257,94.2211]}],"id":95068,"interactionBox":{"center":[0,200,0],"size":[235.247,235.247,147.751]},"pointables":[{"bases":[[[0.985211,-0.170092,-0.0207043],[0.128457,0.65322,0.746192],[-0.113397,-0.737816,0.665408]],[[0.975594,0.0518819,-0.213366],[0.131485,0.640198,0.756874],[0.175864,-0.766456,0.617751]],[[0.975594,0.0518819,-0.213366],[0.041584,0.91045,0.411524],[0.215609,-0.410353,0.886072]],[[0.975594,0.0518819,-0.213366],[-0.0998148,0.970275,-0.220462],[0.195585,0.236378,0.951773]]],"btipPosition":[51.9912,249.447,1.14745],"carpPosition":[72.5388,202.681,83.7277],"dipPosition":[56.4905,254.884,23.0419],"direction":[-0.215609,0.410353,-0.886072],"extended":false,"handId":135,"id":1350,"length":51.2263,"mcpPosition":[72.5388,202.681,83.7277],"pipPosition":[63.7162,241.132,52.7371],"stabilizedTipPosition":[53.2055,249.291,6.22093],"timeVisible":0.119829,"tipPosition":[54.8843,238.861,4.08737],"tipVelocity":[-83.9932,658.795,-23.9306],"tool":false,"touchDistance":1,"touchZone":"none","type":0,"width":21.4602},{"bases":[[[0.281122,-0.839987,-0.464104],[0.957898,0.216211,0.188905],[-0.0583334,-0.49767,0.865403]],[[0.282081,-0.831321,-0.47889],[0.410664,0.555746,-0.722843],[0.867056,0.00723748,0.498159]],[[0.282081,-0.831321,-0.47889],[-0.842159,0.0245471,-0.53867],[0.459563,0.555251,-0.69318]],[[0.282081,-0.831321,-0.47889],[-0.948675,-0.316092,-0.0100848],[-0.14299,0.457156,-0.877817]]],"btipPosition":[54.7657,217.669,23.9142],"carpPosition":[95.5841,202.048,77.7259],"dipPosition":[52.3644,225.347,9.17237],"direction":[-0.459563,-0.555251,0.69318],"extended":false,"handId":135,"id":1351,"length":57.8031,"mcpPosition":[99.8971,238.844,13.7407],"pipPosition":[63.2825,238.538,-7.29591],"stabilizedTipPosition":[54.6776,214.503,22.9713],"timeVisible":0.119829,"tipPosition":[53.2725,221.604,22.4184],"tipVelocity":[-35.0769,268.783,-133.635],"tool":false,"touchDistance":0.333333,"touchZone":"none","type":1,"width":20.4988},{"bases":[[[0.103211,-0.92397,-0.368276],[0.990121,0.0601095,0.126677],[-0.0949087,-0.377713,0.921046]],[[0.105909,-0.912674,-0.394727],[0.37715,0.404168,-0.83331],[0.920077,-0.060616,0.38702]],[[0.105909,-0.912674,-0.394727],[-0.914912,0.0660552,-0.398211],[0.389511,0.403315,-0.828021]],[[0.105909,-0.912674,-0.394727],[-0.956153,-0.202473,0.211605],[-0.273048,0.355008,-0.894099]]],"btipPosition":[57.9191,203.955,28.5978],"carpPosition":[100.699,192.429,71.8554],"dipPosition":[52.8757,210.512,12.0828],"direction":[-0.389511,-0.403315,0.828021],"extended":false,"handId":135,"id":1352,"length":65.862,"mcpPosition":[107.353,218.913,7.27496],"pipPosition":[63.7628,221.785,-11.061],"stabilizedTipPosition":[56.7801,203.977,25.4307],"timeVisible":0.119829,"tipPosition":[55.2752,208.107,22.8367],"tipVelocity":[-6.76302,221.209,-80.7197],"tool":false,"touchDistance":0.333333,"touchZone":"none","type":2,"width":20.1326},{"bases":[[[0.0131843,-0.971367,-0.237217],[0.991435,-0.0181289,0.129338],[-0.129935,-0.236891,0.962808]],[[0.0198291,-0.957943,-0.286271],[0.406198,0.26935,-0.873186],[0.91357,-0.0989684,0.394456]],[[0.0198291,-0.957943,-0.286271],[-0.899872,0.107679,-0.422654],[0.435704,0.265988,-0.859891]],[[0.0198291,-0.957943,-0.286271],[-0.971394,-0.08623,0.221264],[-0.236644,0.273695,-0.93225]]],"btipPosition":[63.4821,188.434,29.286],"carpPosition":[102.941,181.443,66.686],"dipPosition":[59.1362,193.46,12.1653],"direction":[-0.435704,-0.265988,0.859891],"extended":false,"handId":135,"id":1353,"length":63.3281,"mcpPosition":[111.121,196.356,6.07455],"pipPosition":[70.9999,200.703,-11.2486],"stabilizedTipPosition":[62.3012,188.183,25.9368],"timeVisible":0.119829,"tipPosition":[60.9786,192.651,23.0456],"tipVelocity":[24.8454,226.517,-82.3486],"tool":false,"touchDistance":0.333333,"touchZone":"none","type":3,"width":19.1574},{"bases":[[[-0.165939,-0.975818,-0.142276],[0.966016,-0.189848,0.175418],[-0.198187,-0.108332,0.974159]],[[-0.149178,-0.963693,-0.221455],[0.484951,0.123872,-0.865724],[0.861724,-0.236542,0.448864]],[[-0.149178,-0.963693,-0.221455],[-0.808822,0.247759,-0.533313],[0.568817,