{"frames":291,"data":[{"currentFrameRate":25.9056,"devices":[],"gestures":[],"hands":[],"id":99372,"interactionBox":{"center":[0,200,0],"size":[235.247,235.247,147.751]},"pointables":[],"r":[[-0.962136,-0.269906,0.0380192],[0.215739,-0.839331,-0.498979],[0.166588,-0.471883,0.86578]],"s":0.686793,"t":[505.899,-233.461,348.339],"timestamp":257809403354},{"currentFrameRate":25.9034,"devices":[],"gestures":[],"hands":[],"id":99373,"interactionBox":{"center":[0,200,0],"size":[235.247,235.247,147.751]},"pointables":[],"r":[[-0.962136,-0.269906,0.0380192],[0.215739,-0.839331,-0.498979],[0.166588,-0.471883,0.86578]],"s":0.686793,"t":[505.899,-233.461,348.339],"timestamp":257809441975},{"currentFrameRate":25.9036,"devices":[],"gestures":[],"hands":[],"id":99374,"interactionBox":{"center":[0,200,0],"size":[235.247,235.247,147.751]},"pointables":[],"r":[[-0.962136,-0.269906,0.0380192],[0.215739,-0.839331,-0.498979],[0.166588,-0.471883,0.86578]],"s":0.686793,"t":[505.899,-233.461,348.339],"timestamp":257809480578},{"currentFrameRate":25.9056,"devices":[],"gestures":[],"hands":[],"id":99375,"interactionBox":{"center":[0,200,0],"size":[235.247,235.247,147.751]},"pointables":[],"r":[[-0.962136,-0.269906,0.0380192],[0.215739,-0.839331,-0.498979],[0.166588,-0.471883,0.86578]],"s":0.686793,"t":[505.899,-233.461,348.339],"timestamp":257809519166},{"currentFrameRate":25.9039,"devices":[],"gestures":[],"hands":[],"id":99376,"interactionBox":{"center":[0,200,0],"size":[235.247,235.247,147.751]},"pointables":[],"r":[[-0.962136,-0.269906,0.0380192],[0.215739,-0.839331,-0.498979],[0.166588,-0.471883,0.86578]],"s":0.686793,"t":[505.899,-233.461,348.339],"timestamp":257809557782},{"currentFrameRate":25.902,"devices":[],"gestures":[],"hands":[],"id":99377,"interactionBox":{"center":[0,200,0],"size":[235.247,235.247,147.751]},"pointables":[],"r":[[-0.962136,-0.269906,0.0380192],[0.215739,-0.839331,-0.498979],[0.166588,-0.471883,0.86578]],"s":0.686793,"t":[505.899,-233.461,348.339],"timestamp":257809596402},{"currentFrameRate":25.904,"devices":[],"gestures":[],"hands":[],"id":99378,"interactionBox":{"center":[0,200,0],"size":[235.247,235.247,147.751]},"pointables":[],"r":[[-0.962136,-0.269906,0.0380192],[0.215739,-0.839331,-0.498979],[0.166588,-0.471883,0.86578]],"s":0.686793,"t":[505.899,-233.461,348.339],"timestamp":257809634992},{"currentFrameRate":25.8952,"devices":[],"gestures":[],"hands":[],"id":99379,"interactionBox":{"center":[0,200,0],"size":[235.247,235.247,147.751]},"pointables":[],"r":[[-0.962136,-0.269906,0.0380192],[0.215739,-0.839331,-0.498979],[0.166588,-0.471883,0.86578]],"s":0.686793,"t":[505.899,-233.461,348.339],"timestamp":257809673671},{"currentFrameRate":25.9045,"devices":[],"gestures":[],"hands":[],"id":99380,"interactionBox":{"center":[0,200,0],"size":[235.247,235.247,147.751]},"pointables":[],"r":[[-0.962136,-0.269906,0.0380192],[0.215739,-0.839331,-0.498979],[0.166588,-0.471883,0.86578]],"s":0.686793,"t":[505.899,-233.461,348.339],"timestamp":257809712209},{"currentFrameRate":21.7659,"devices":[],"gestures":[],"hands":[{"armBasis":[[-0.0465222,-0.960979,-0.27268],[0.998644,-0.0511272,0.00980309],[-0.0233619,-0.271854,0.962055]],"armWidth":64.0382,"confidence":0,"direction":[0.335282,0.0991409,-0.936887],"elbow":[82.0925,85.7443,319.014],"grabAngle":2.49611,"grabStrength":0.887908,"id":144,"palmNormal":[-0.940814,0.0875286,-0.327425],"palmPosition":[106.879,176.958,-14.313],"palmVelocity":[1.19209e-7,1.19209e-7,1.19209e-7],"palmWidth":91.4443,"pinchDistance":37.9759,"pinchStrength":0.666779,"r":[[1,4.16334e-18,-2.22045e-17],[-4.16334e-18,1,1.84889e-34],[2.22045e-17,-9.24446e-35,1]],"s":1,"sphereCenter":[63.2465,172.524,-48.977],"sphereRadius":48.0368,"stabilizedPalmPosition":[106.879,176.958,-14.313],"t":[0,0,0],"timeVisible":0,"type":"right","wrist":[88.4317,159.511,57.9619]}],"id":99381,"interactionBox":{"center":[0,200,0],"size":[235.247,235.247,147.751]},"pointables":[{"bases":[[[0.886978,-0.457805,0.0606986],[0.329769,0.71989,0.610746],[-0.323299,-0.521702,0.789496]],[[0.943398,-0.275538,-0.184604],[0.330761,0.740629,0.584864],[-0.0244292,-0.61282,0.789845]],[[0.943398,-0.275538,-0.184604],[0.321389,0.89694,0.303656],[0.0819102,-0.345798,0.934727]],[[0.943398,-0.275538,-0.184604],[0.283676,0.958738,0.0186896],[0.171837,-0.0699994,0.982635]]],"btipPosition":[76.8201,236.851,-54.5704],"carpPosition":[82.443,192.612,40.1949],"dipPosition":[80.8618,235.204,-31.4583],"direction":[-0.0819102,0.345798,-0.934727],"extended":true,"handId":144,"id":1440,"length":52.3766,"mcpPosition":[82.443,192.612,40.1949],"pipPosition":[83.6685,223.355,0.57089],"stabilizedTipPosition":[77.7497,236.472,-49.2546],"timeVisible":0,"tipPosition":[77.7497,236.472,-49.2546],"tipVelocity":[1.19209e-7,1.19209e-7,1.19209e-7],"tool":false,"touchDistance":0.794515,"touchZone":"hovering","type":0,"width":20.3511},{"bases":[[[0.0074545,-0.960499,-0.278184],[0.980669,-0.0473745,0.189851],[-0.195531,-0.274222,0.941579]],[[-0.0217066,-0.990599,-0.135064],[0.922323,0.0322922,-0.385069],[0.385811,-0.132932,0.912951]],[[-0.0217066,-0.990599,-0.135064],[0.239459,0.126013,-0.962694],[0.970664,-0.0532393,0.234473]],[[-0.0217066,-0.990599,-0.135064],[-0.376977,0.133234,-0.91659],[0.925968,0.0310201,-0.376325]]],"btipPosition":[62.4555,210.699,-72.7096],"carpPosition":[104.135,183.924,35.5601],"dipPosition":[78.3552,211.232,-79.1714],"direction":[-0.970664,0.0532393,-0.234473],"extended":false,"handId":144,"id":1441,"length":59.1012,"mcpPosition":[118.592,204.199,-34.0574],"pipPosition":[101.934,209.938,-73.4758],"stabilizedTipPosition":[66.1124,210.821,-74.1958],"timeVisible":0,"tipPosition":[66.1124,210.821,-74.1958],"tipVelocity":[1.19209e-7,1.19209e-7,1.19209e-7],"tool":false,"touchDistance":0.420397,"touchZone":"hovering","type":1,"width":19.4394},{"bases":[[[-0.186321,-0.966473,-0.176678],[0.963281,-0.215085,0.160714],[-0.193326,-0.140246,0.971059]],[[-0.197578,-0.973143,-0.118131],[0.776547,-0.0818274,-0.624723],[0.598279,-0.215166,0.771859]],[[-0.197578,-0.973143,-0.118131],[-0.26175,0.168503,-0.950312],[0.944695,-0.15684,-0.288013]],[[-0.197578,-0.973143,-0.118131],[-0.778636,0.229004,-0.584195],[0.595558,-0.0234432,-0.80297]]],"btipPosition":[52.3482,197.428,-50.1592],"carpPosition":[106.02,172.247,31.922],"dipPosition":[63.5958,196.985,-65.3239],"direction":[-0.944695,0.15684,0.288013],"extended":false,"handId":144,"id":1442,"length":67.341,"mcpPosition":[119.575,182.08,-36.1652],"pipPosition":[90.5937,192.503,-73.5549],"stabilizedTipPosition":[54.9352,197.326,-53.647],"timeVisible":0,"tipPosition":[54.9352,197.326,-53.647],"tipVelocity":[1.19209e-7,1.19209e-7,1.19209e-7],"tool":false,"touchDistance":0.333333,"touchZone":"none","type":2,"width":19.0921},{"bases":[[[-0.284822,-0.957595,-0.0434618],[0.940853,-0.287947,0.178553],[-0.183497,0.00996482,0.98297]],[[-0.286684,-0.957443,-0.0334076],[0.769514,-0.209361,-0.603338],[0.570667,-0.198675,0.796786]],[[-0.286684,-0.957443,-0.0334076],[-0.232045,0.103229,-0.967212],[0.929498,-0.269532,-0.251764]],[[-0.286684,-0.957443,-0.0334076],[-0.731269,0.241223,-0.63801],[0.618917,-0.158477,-0.769303]]],"btipPosition":[53.1895,179.067,-47.1078],"carpPosition":[104.762,160.294,29.0961],"dipPosition":[64.8111,176.091,-61.5532],"direction":[-0.929498,0.269532,0.251764],"extended":false,"handId":144,"id":1443,"length":64.7502,"mcpPosition":[116.313,159.667,-32.7846],"pipPosition":[90.6887,168.588,-68.5624],"stabilizedTipPosition":[55.8625,178.383,-50.4302],"timeVisible":0,"tipPosition":[55.8625,178.383,-50.4302],"tipVelocity":[1.19209e-7,1.19209e-7,1.19209e-7],"tool":false,"touchDistance":0.333333,"touchZone":"none","type":3,"width":18.1673},{"bases":[[[-0.455661,-0.889176,0.0416976],[0.865167,-0.431363,0.255757],[-0.209426,0.152614,0.965841]],[[-0.450055,-0.892847,0.0165451],[0.757059,-0.391304,-0.523204],[0.473616,-0.222945,0.852047]],[[-0.450055,-0.892847,0.0165451],[-0.0918808,0.027869,-0.99538],[0.888261,-0.449496,-0.0945781]],[[-0.450055,-0.892847,0.0165451],[-0.57946,0.277889,-0.766162],[0.679468,-0.354402,-0.642435]]],"btipPosition":[62.4581,162.884,-46.1994],"carpPosition":[96.3146,148.88,27.375],"dipPosition":[74.2284,156.745,-57.3282],"direction":[-0.888261,0.449496,0.0945781],"extended":false,"handId":144,"id":1444,"length":50.763,"mcpPosition":[108.519,139.987,-28.9092],"pipPosition":[91.6885,147.909,-59.1873],"stabilizedTipPosition":[65.1653,161.472,-48.759],"timeVisible":0,"tipPosition":[65.1653,161.472,-48.759],"tipVelocity":[1.19209e-7,1.19209e-7,1.19209e-7],"tool":false,"touchDistance":0.333333,"touchZone":"none","type":4,"width":16.1376}],"r":[[1,4.16334e-18,-2.22045e-17],[-4.16334e-18,1,1.84889e-34],[2.22045e-17,-9.24446e-35,1]],"s":1,"t":[0,0,0],"timestamp":257809789426},{"currentFrameRate":22.4945,"devices":[],"gestures":[],"hands":[{"armBasis":[[0.0394747,-0.936599,-0.348173],[0.993317,0.0746039,-0.0880684],[0.10846,-0.342369,0.933284]],"armWidth":66.4635,"confidence":0.200518,"direction":[0.378205,0.202948,-0.903202],"elbow":[120.443,88.2618,306.209],"grabAngle":1.91727,"grabStrength":0.555379,"id":144,"palmNormal":[-0.92402,0.0236326,-0.381612],"palmPosition":[110.123,205.898,-16.8108],"palmVelocity":[84.068,750.006,-64.7317],"palmWidth":91.4443,"pinchDistance":34.7802,"pinchStrength":0.583112,"r":[[0.999735,0.0188819,0.0132006],[-0.0190715,0.999715,0.0143861],[-0.0129252,-0.014634,0.999809]],"s":1.01663,"sphereCenter":[63.5832,201.309,-55.4844],"sphereRadius":54.4625,"stabilizedPalmPosition":[109.989,204.705,-16.7078],"t":[1.62192,14.4699,-1.24887],"timeVisible":0.038586,"type":"right","wrist":[91.0122,181.163,52.9639]}],"id":99382,"interactionBox":{"center":[0,200,0],"size":[235.247,235.247,147.751]},"pointables":[{"bases":[[[0.922844,-0.375444,0.0860228],[0.220484,0.698044,0.681265],[-0.315825,-0.609735,0.726965]],[[0.968768,-0.237972,-0.0696982],[0.222514,0.710227,0.667881],[-0.109435,-0.662531,0.740997]],[[0.968768,-0.237972,-0.0696982],[0.246767,0.897571,0.365339],[-0.0243814,-0.371128,0.928262]],[[0.968768,-0.237972,-0.0696982],[0.243615,0.965828,0.0884801],[0.0462606,-0.102696,0.993636]]],"btipPosition":[86.3446,262.924,-54.1897],"carpPosition":[81.1017,214.886,36.9504],"dipPosition":[87.4088,260.561,-31.3322],"direction":[0.0243814,0.371128,-0.928262],"extended":true,"handId":144,"id":1440,"length":51.2263,"mcpPosition":[81.1017,214.886,36.9504],"pipPosition":[86.5917,248.124,-0.223124],"stabilizedTipPosition":[86.2424,261.363,-48.9451],"timeVisible":0.038586,"tipPosition":[81.4751,263.795,-49.0991],"tipVelocity":[229.091,671.446,8.3475],"tool":false,"touchDistance":0.753228,"touchZone":"hovering","type":0,"width":21.4602},{"bases":[[[-0.185586,-0.973886,-0.130784],[0.952633,-0.210954,0.219063],[-0.240932,-0.0839341,0.966906]],[[-0.183917,-0.973283,-0.137459],[0.913667,-0.117706,-0.389046],[0.362472,-0.197144,0.910905]],[[-0.183917,-0.973283,-0.137459],[0.345274,0.0669639,-0.93611],[0.920305,-0.219628,0.323733]],[[-0.183917,-0.973283,-0.137459],[-0.133278,0.163245,-0.977542],[0.973864,-0.161467,-0.159741]]],"btipPosition":[63.4274,208.667,-81.6988],"carpPosition":[107.122,185.78,25.0557],"dipPosition":[81.3123,205.702,-84.6324],"direction":[-0.920305,0.219628,-0.323733],"extended":false,"handId":144,"id":1443,"length":63.3281,"mcpPosition":[122.29,191.064,-35.8137],"pipPosition":[106.371,199.722,-75.8175],"stabilizedTipPosition":[63.7947,198.489,-72.1265],"timeVisible":0.038586,"tipPosition":[66.1565,207.38,-76.4092],"tipVelocity":[302.661,767.178,-827.846],"tool":false,"touchDistance":-0.249055,"touchZone":"touching","type":3,"width":19.1574},{"bases":[[[-0.367058,-0.928722,-0.0523821],[0.887117,-0.366442,0.280613],[-0.279806,0.0565321,0.958391]],[[-0.37125,-0.92776,-0.0378754],[0.892469,-0.345276,-0.290316],[0.256266,-0.141582,0.956181]],[[-0.37125,-0.92776,-0.0378754],[0.445244,-0.142076,-0.884066],[0.81482,-0.345073,0.465825]],[[-0.37125,-0.92776,-0.0378754],[0.0380322,0.0255628,-0.998949],[0.927754,-0.3723,0.0257946]]],"btipPosition":[75.9783,188.357,-76.5083],"carpPosition":[99.9623,173.789,21.9664],"dipPosition":[91.6966,182.049,-76.0713],"direction":[-0.81482,0.345073,-0.465825],"extended":false,"handId":144,"id":1444,"length":49.6481,"mcpPosition":[116.268,170.495,-33.8836],"pipPosition":[107.361,175.416,-67.1159],"stabilizedTipPosition":[75.3045,179.346,-68.1888],"timeVisible":0.038586,"tipPosition":[77.5523,187.564,-70.4527],"tipVelocity":[373.923,659.162,-716.55],"tool":false,"touchDistance":-0.17748,"touchZone":"touching","type":4,"width":17.0171},{"bases":[[[0.118807,-0.930932,-0.345327],[0.967707,0.0306881,0.250204],[-0.222326,-0.363901,0.904515]],[[0.0986034,-0.959559,-0.263673],[0.904592,0.196852,-0.378103],[0.414717,-0.201234,0.88742]],[[0.0986034,-0.959559,-0.263673],[0.394571,0.280945,-0.874862],[0.91356,-0.0177733,0.406316]],[[0.0986034,-0.959559,-0.263673],[-0.0874755,0.255581,-0.962822],[0.991275,0.118002,-0.0587368]]],"btipPosition":[64.3554,242.514,-79.8743],"carpPosition":[103.782,208.67,33.144],"dipPosition":[81.0027,244.496,-80.8607],"direction":[-0.91356,0.0177733,-0.406316],"extended":false,"handId":144,"id":1441,"length":57.8031,"mcpPosition":[120.22,235.576,-33.7331],"pipPosition":[102.707,244.074,-71.2076],"stabilizedTipPosition":[68.0837,241.409,-79.8145],"timeVisible":0.038586,"tipPosition":[69.3765,241.003,-77.5468],"tipVelocity":[53.6941,833.163,-153.045],"tool":false,"touchDistance":0.330161,"touchZone":"hovering","type":1,"width":20.4988},{"bases":[[[-0.0790447,-0.963038,-0.257508],[0.968745,-0.135136,0.208018],[-0.235128,-0.233017,0.943619]],[[-0.0888708,-0.971991,-0.217565],[0.904536,0.0126965,-0.426207],[0.417032,-0.234673,0.878073]],[[-0.0888708,-0.971991,-0.217565],[0.318855,0.179172,-0.930714],[0.943628,-0.152085,0.294001]],[[-0.0888708,-0.971991,-0.217565],[-0.182365,0.230615,-0.955803],[0.979206,-0.0452668,-0.197752]]],"btipPosition":[59.2895,230.085,-83.5195],"carpPosition":[107.023,197.542,28.8092],"dipPosition":[77.3765,229.249,-87.1722],"direction":[-0.943628,0.152085,-0.294001],"extended":false,"handId":144,"id":1442,"length":65.862,"mcpPosition":[123.509,213.88,-37.354],"pipPosition":[103.752,224.998,-78.9546],"stabilizedTipPosition":[61.0352,220.658,-75.6509],"timeVisible":0.038586,"tipPosition":[62.412,228.635,-78.4399],"tipVelocity":[220.659,843.999,-795.951],"tool":false,"touchDistance":-0.228542,"touchZone":"touching","type":2,"width":20.1326}],"r":[[0.999735,0.0188819,0.0132006],[-0.0190715,0.999715,0.0143861],[-0.0129252,-0.014634,0.999809]],"s":1.01663,"t":[1.62192,14.4699,-1.24887],"timestamp":257809828012},{"currentFrameRate":24.021,"devices":[],"gestures":[],"hands":[{"armBasis":[[0.0284389,-0.890837,-0.453433],[0.992488,0.0791611,-0.0932759],[0.118988,-0.447374,0.886396]],"armWidth":66.4635,"confidence":0.345725,"direction":[0.370026,0.185297,-0.910355],"elbow":[125.279,79.082,290.872],"grabAngle":1.73859,"grabStrength":0.470693,"id":144,"palmNormal":[-0.926954,0.00830074,-0.375083],"palmPosition":[111.41,225.244,-19.644],"palmVelocity":[43.1246,647.885,-94.8798],"palmWidth":91.4443,"pinchDistance":36.7313,"pinchStrength":0.532687,"r":[[0.999125,0.0353423,0.0223858],[-0.0358182,0.999133,0.0212264],[-0.0216162,-0.0220096,0.999524]],"s":1.04422,"sphereCenter":[60.151,217.882,-59.6108],"sphereRadius":60.0916,"stabilizedPalmPosition":[111.365,224.583,-19.5495],"t":[3.07676,31.3781,-3.2899],"timeVisible":0.068447,"type":"right","wrist":[92.9918,200.476,50.3498]}],"id":99383,"interactionBox":{"center":[0,200,0],"size":[235.247,235.247,147.751]},"pointables":[{"bases":[[[0.926223,-0.366682,0.0874922],[0.220286,0.714802,0.663726],[-0.305916,-0.595485,0.742841]],[[0.96673,-0.250688,-0.050871],[0.22557,0.741681,0.631686],[-0.120626,-0.622145,0.773553]],[[0.96673,-0.250688,-0.050871],[0.252564,0.903918,0.345173],[-0.0405477,-0.346537,0.937159]],[[0.96673,-0.250688,-0.050871],[0.254368,0.963121,0.0877145],[0.0270059,-0.0977362,0.994846]]],"btipPosition":[89.5088,280.303,-58.9809],"carpPosition":[82.7197,235.23,34.1184],"dipPosition":[90.13,278.055,-36.0956],"direction":[0.0405477,0.346537,-0.937159],"extended":true,"handId":144,"id":1440,"length":51.2263,"mcpPosition":[82.7197,235.23,34.1184],"pipPosition":[88.7711,266.441,-4.68831],"stabilizedTipPosition":[89.5106,279.024,-53.5199],"timeVisible":0.068447,"tipPosition":[83.3385,281.794,-53.1255],"tipVelocity":[102.551,582.897,-160.236],"tool":false,"touchDistance":0.639466,"touchZone":"hovering","type":0,"width":21.4602},{"bases":[[[-0.179284,-0.97791,-0.107463],[0.955764,-0.199024,0.216575],[-0.233178,-0.0638813,0.970333]],[[-0.1783,-0.977632,-0.111553],[0.940995,-0.136271,-0.309772],[0.287641,-0.160203,0.944244]],[[-0.1783,-0.977632,-0.111553],[0.50421,0.0065791,-0.863556],[0.844974,-0.210218,0.491759]],[[-0.1783,-0.977632,-0.111553],[0.0712471,0.100245,-0.992409],[0.981393,-0.184894,0.0517798]]],"btipPosition":[69.8844,226.23,-94.2086],"carpPosition":[108.868,206.053,22.6854],"dipPosition":[87.9075,222.834,-93.2577],"direction":[-0.844974,0.210218,-0.491759],"extended":false,"handId":144,"id":1443,"length":63.3281,"mcpPosition":[123.547,210.075,-38.3997],"pipPosition":[110.915,217.11,-79.8677],"stabilizedTipPosition":[70.5625,216.316,-86.5836],"timeVisible":0.068447,"tipPosition":[70.3232,225.246,-86.0518],"tipVelocity":[217.298,584.839,-389.018],"tool":false,"touchDistance":-0.426729,"touchZone":"touching","type":3,"width":19.1574},{"bases":[[[-0.360506,-0.932314,-0.0287329],[0.891863,-0.353558,0.282094],[-0.273159,0.0760707,0.958956]],[[-0.371751,-0.928256,0.0119074],[0.90854,-0.36643,-0.200711],[0.190674,-0.0637962,0.979578]],[[-0.371751,-0.928256,0.0119074],[0.564776,-0.236326,-0.790682],[0.736769,-0.287212,0.612112]],[[-0.371751,-0.928256,0.0119074],[0.197985,-0.0918084,-0.975896],[0.906974,-0.360433,0.217911]]],"btipPosition":[81.5359,203.357,-85.4677],"carpPosition":[101.775,193.944,19.9204],"dipPosition":[96.9023,197.25,-81.7758],"direction":[-0.736769,0.287212,-0.612112],"extended":false,"handId":144,"id":1444,"length":49.6481,"mcpPosition":[117.693,189.511,-35.9626],"pipPosition":[111.066,191.729,-70.0081],"stabilizedTipPosition":[82.3474,195.649,-80.0378],"timeVisible":0.068447,"tipPosition":[81.1025,204.104,-77.2754],"tipVelocity":[183.407,503.864,-274.967],"tool":false,"touchDistance":-0.311227,"touchZone":"touching","type":4,"width":17.0171},{"bases":[[[0.123194,-0.937586,-0.325202],[0.969266,0.0433624,0.242162],[-0.212947,-0.34504,0.914112]],[[0.101584,-0.967053,-0.233431],[0.932038,0.174556,-0.317545],[0.34783,-0.185309,0.919062]],[[0.101584,-0.967053,-0.233431],[0.503944,0.252334,-0.826056],[0.857742,-0.0337221,0.512973]],[[0.101584,-0.967053,-0.233431],[0.0743773,0.241371,-0.967578],[0.992043,0.0809285,0.0964462]]],"btipPosition":[69.4348,261.874,-89.922],"carpPosition":[105.417,229.095,30.2822],"dipPosition":[86.0949,263.233,-88.3023],"direction":[-0.857742,0.0337221,-0.512973],"extended":false,"handId":144,"id":1441,"length":57.8031,"mcpPosition":[121.161,254.606,-37.3045],"pipPosition":[106.473,262.431,-76.1152],"stabilizedTipPosition":[72.8309,260.44,-88.7311],"timeVisible":0.068447,"tipPosition":[71.2158,260.01,-84.1544],"tipVelocity":[170.199,643.524,-316.407],"tool":false,"touchDistance":0.250706,"touchZone":"hovering","type":1,"width":20.4988},{"bases":[[[-0.0737622,-0.969145,-0.235198],[0.971229,-0.123358,0.203707],[-0.226435,-0.213405,0.950361]],[[-0.0786455,-0.973536,-0.214575],[0.93877,0.00010315,-0.344544],[0.335448,-0.228533,0.913919]],[[-0.0786455,-0.973536,-0.214575],[0.433808,0.160373,-0.886618],[0.897566,-0.162813,0.409716]],[[-0.0786455,-0.973536,-0.214575],[-0.0573027,0.2193,-0.973973],[0.995254,-0.0643028,-0.0730333]]],"btipPosition":[65.2222,249.425,-93.8633],"carpPosition":[108.709,217.896,26.1743],"dipPosition":[83.6055,248.237,-95.2123],"direction":[-0.897566,0.162813,-0.409716],"extended":false,"handId":144,"id":1442,"length":65.862,"mcpPosition":[124.586,232.859,-40.4616],"pipPosition":[108.693,243.686,-83.7604],"stabilizedTipPosition":[67.2635,241.747,-89.36],"timeVisible":0.068447,"tipPosition":[65.7348,247.453,-86.7285],"tipVelocity":[200.958,644.943,-328.655],"tool":false,"touchDistance":-0.381231,"touchZone":"touching","type":2,"width":20.1326}],"r":[[0.999125,0.0353423,0.0223858],[-0.0358182,0.999133,0.0212264],[-0.0216162,-0.0220096,0.999524]],"s":1.04422,"t":[3.07676,31.3781,-3.2899],"timestamp":257809857873},{"currentFrameRate":27.7284,"devices":[],"gestures":[],"hands":[{"armBasis":[[0.0203536,-0.874598,-0.484421],[0.992082,0.0777263,-0.0986475],[0.123929,-0.478577,0.869256]],"armWidth":66.4635,"confidence":0.391465,"direction":[0.377186,0.177509,-0.908967],"elbow":[126.049,74.0155,285.344],"grabAngle":1.68977,"grabStrength":0.452151,"id":144,"palmNormal":[-0.92416,0.00803967,-0.38192],"palmPosition":[111.29,228.532,-20.4207],"palmVelocity":[-11.9974,327.077,-77.2813],"palmWidth":91.4443,"pinchDistance":39.2827,"pinchStrength":0.520911,"r":[[0.998362,0.0479377,0.0312344],[-0.0487276,0.998498,0.0250389],[-0.0299872,-0.0265199,0.999198]],"s":1.06877,"sphereCenter":[58.9668,220.758,-61.2491],"sphereRadius":61.7935,"stabilizedPalmPosition":[111.311,227.388,-20.1683],"t":[3.74388,41.4759,-4.6988],"timeVisible":0.078498,"type":"right","wrist":[92.4206,203.877,49.4733]}],"id":99384,"interactionBox":{"center":[0,200,0],"size":[235.247,235.247,147.751]},"pointables":[{"bases":[[[0.924535,-0.368547,0.0969988],[0.217416,0.719116,0.660002],[-0.312995,-0.589106,0.744976]],[[0.967939,-0.245986,-0.0508376],[0.22274,0.747011,0.626388],[-0.116107,-0.617629,0.777852]],[[0.967939,-0.245986,-0.0508376],[0.248014,0.903887,0.348536],[-0.0397836,-0.34997,0.935916]],[[0.967939,-0.245986,-0.0508376],[0.249943,0.963322,0.0976708],[0.0249473,-0.107246,0.993919]]],"btipPosition":[88.8188,284.176,-60.1977],"carpPosition":[82.2347,238.996,33.0543],"dipPosition":[89.3927,281.709,-37.3337],"direction":[0.0397835,0.34997,-0.935916],"extended":true,"handId":144,"id":1440,"length":51.2263,"mcpPosition":[82.2347,238.996,33.0543],"pipPosition":[88.0594,269.98,-5.96808],"stabilizedTipPosition":[89.1322,282.123,-54.4791],"timeVisible":0.078498,"tipPosition":[84.0248,284.809,-54.5571],"tipVelocity":[-69.7313,380.292,-121.549],"tool":false,"touchDistance":0.590528,"touchZone":"hovering","type":0,"width":21.4602},{"bases":[[[-0.181215,-0.97819,-0.101517],[0.953598,-0.200014,0.225047],[-0.240443,-0.0560241,0.969045]],[[-0.178989,-0.977631,-0.110454],[0.949021,-0.141953,-0.28144],[0.259465,-0.155197,0.953201]],[[-0.178989,-0.977631,-0.110454],[0.545957,-0.00530099,-0.837797],[0.818471,-0.210259,0.534693]],[[-0.178989,-0.977631,-0.110454],[0.129706,0.0878389,-0.987654],[0.975264,-0.191105,0.111082]]],"btipPosition":[71.9299,229.241,-97.4343],"carpPosition":[108.385,209.663,22.0301],"dipPosition":[89.8406,225.731,-95.3943],"direction":[-0.818471,0.210259,-0.534693],"extended":false,"handId":144,"id":1443,"length":63.3281,"mcpPosition":[123.521,213.19,-38.9739],"pipPosition":[112.127,220.006,-80.8352],"stabilizedTipPosition":[72.1981,219.928,-89.6782],"timeVisible":0.078498,"tipPosition":[71.4569,228.192,-88.535],"tipVelocity":[200.944,296.924,-296.008],"tool":false,"touchDistance":-0.457017,"touchZone":"touching","type":3,"width":19.1574},{"bases":[[[-0.36288,-0.931515,-0.0244572],[0.888789,-0.353882,0.29124],[-0.27995,0.0839479,0.956337]],[[-0.373814,-0.927399,0.0139114],[0.912415,-0.370386,-0.17411],[0.166622,-0.0523917,0.984628]],[[-0.373814,-0.927399,0.0139114],[0.597214,-0.252145,-0.761419],[0.709647,-0.276321,0.648111]],[[-0.373814,-0.927399,0.0139114],[0.240013,-0.11121,-0.964379],[0.895911,-0.357159,0.264159]]],"btipPosition":[82.9798,205.846,-87.5836],"carpPosition":[101.278,197.553,19.303],"dipPosition":[98.1587,199.794,-83.1081],"direction":[-0.709647,0.276321,-0.648111],"extended":false,"handId":144,"id":1444,"length":49.6481,"mcpPosition":[117.592,192.661,-36.4273],"pipPosition":[111.802,194.482,-70.6483],"stabilizedTipPosition":[83.8014,198.754,-82.3354],"timeVisible":0.078498,"tipPosition":[81.8496,206.791,-78.9448],"tipVelocity":[139.365,248.887,-192.579],"tool":false,"touchDistance":-0.337472,"touchZone":"touching","type":4,"width":17.0171},{"bases":[[[0.122958,-0.940312,-0.317324],[0.967587,0.0425175,0.248934],[-0.220584,-0.337647,0.915061]],[[0.102679,-0.966805,-0.233976],[0.944179,0.168748,-0.282931],[0.313022,-0.191865,0.930164]],[[0.102679,-0.966805,-0.233976],[0.544612,0.251472,-0.8001],[0.832379,-0.0452729,0.552354]],[[0.102679,-0.966805,-0.233976],[0.126985,0.246035,-0.960907],[0.986576,0.0689534,0.148032]]],"btipPosition":[71.689,265.754,-93.1149],"carpPosition":[104.942,232.77,29.4302],"dipPosition":[88.2573,266.912,-90.6288],"direction":[-0.832379,0.0452729,-0.552354],"extended":false,"handId":144,"id":1441,"length":57.8031,"mcpPosition":[121.251,257.735,-38.2267],"pipPosition":[108.033,265.837,-77.5062],"stabilizedTipPosition":[74.2742,263.458,-90.7926],"timeVisible":0.078498,"tipPosition":[72.2306,263.382,-86.5222],"tipVelocity":[222.177,381.517,-297.846],"tool":false,"touchDistance":0.230747,"touchZone":"hovering","type":1,"width":20.4988},{"bases":[[[-0.0747378,-0.970663,-0.228535],[0.969367,-0.124489,0.211732],[-0.233971,-0.20571,0.950232]],[[-0.0780149,-0.973455,-0.215174],[0.94933,-0.00662763,-0.314212],[0.304445,-0.228784,0.924646]],[[-0.0780149,-0.973455,-0.215174],[0.470303,0.154371,-0.868899],[0.87905,-0.168984,0.445775]],[[-0.0780149,-0.973455,-0.215174],[0.0105246,0.215015,-0.976554],[0.996897,-0.0784504,-0.00652915]]],"btipPosition":[67.2306,252.967,-97.3434],"carpPosition":[108.233,221.532,25.4298],"dipPosition":[85.6443,251.518,-97.464],"direction":[-0.87905,0.168984,-0.445775],"extended":false,"handId":144,"id":1442,"length":65.862,"mcpPosition":[124.638,235.955,-41.1971],"pipPosition":[110.214,246.794,-85.0042],"stabilizedTipPosition":[68.7449,245.585,-92.1842],"timeVisible":0.078498,"tipPosition":[66.9371,250.695,-89.3618],"tipVelocity":[200.519,346.429,-318.132],"tool":false,"touchDistance":-0.419404,"touchZone":"touching","type":2,"width":20.1326}],"r":[[0.998362,0.0479377,0.0312344],[-0.0487276,0.998498,0.0250389],[-0.0299872,-0.0265199,0.999198]],"s":1.06877,"t":[3.74388,41.4759,-4.6988],"timestamp":257809867924},{"currentFrameRate":31.2603,"devices":[],"gestures":[],"hands":[{"armBasis":[[0.0166129,-0.853642,-0.520595],[0.991073,0.0829425,-0.104378],[0.132281,-0.514214,0.847399]],"armWidth":66.4635,"confidence":0.435093,"direction":[0.374959,0.175985,-0.910184],"elbow":[128.088,67.4363,278.909],"grabAngle":1.63067,"grabStrength":0.414809,"id":144,"palmNormal":[-0.924748,0.00198865,-0.380574],"palmPosition":[110.796,231.938,-20.8678],"palmVelocity":[-49.4236,340.932,-44.748],"palmWidth":91.4443,"pinchDistance":40.7413,"pinchStrength":0.465475,"r":[[0.997534,0.0589976,0.0380172],[-0.0600538,0.997823,0.0272648],[-0.0363259,-0.0294806,0.998905]],"s":1.09528,"sphereCenter":[56.748,225.005,-62.0189],"sphereRadius":63.6673,"stabilizedPalmPosition":[110.93,230.753,-20.6857],"t":[3.83055,48.2279,-5.62679],"timeVisible":0.088489,"type":"right","wrist":[92.1939,206.967,48.9683]}],"id":99385,"interactionBox":{"center":[0,200,0],"size":[235.247,235.247,147.751]},"pointables":[{"bases":[[[0.926509,-0.363555,0.0970027],[0.214783,0.722662,0.656984],[-0.30895,-0.587867,0.747638]],[[0.968012,-0.246846,-0.0449412],[0.218176,0.739679,0.636612],[-0.123903,-0.626053,0.769874]],[[0.968012,-0.246846,-0.0449412],[0.246088,0.899152,0.361894],[-0.0489232,-0.361377,0.931135]],[[0.968012,-0.246846,-0.0449412],[0.250537,0.960652,0.119916],[0.0135721,-0.127339,0.991766]]],"btipPosition":[89.3106,288.904,-60.0312],"carpPosition":[81.7674,242.457,32.6108],"dipPosition":[89.6228,285.975,-37.2167],"direction":[0.0489232,0.361377,-0.931135],"extended":true,"handId":144,"id":1440,"length":51.2263,"mcpPosition":[81.7674,242.457,32.6108],"pipPosition":[87.9832,273.864,-6.01132],"stabilizedTipPosition":[89.3106,286.477,-54.6964],"timeVisible":0.088489,"tipPosition":[83.9499,287.984,-55.1265],"tipVelocity":[43.2002,462.616,15.525],"tool":false,"touchDistance":0.567135,"touchZone":"hovering","type":0,"width":21.4602},{"bases":[[[-0.176466,-0.979457,-0.0975882],[0.954916,-0.1944,0.224376],[-0.238738,-0.0535937,0.969604]],[[-0.17324,-0.978648,-0.110617],[0.955932,-0.140054,-0.258027],[0.237025,-0.150443,0.959784]],[[-0.17324,-0.978648,-0.110617],[0.587212,-0.0124688,-0.809337],[0.790677,-0.205165,0.576834]],[[-0.17324,-0.978648,-0.110617],[0.191929,0.0766149,-0.978414],[0.965997,-0.190731,0.174558]]],"btipPosition":[73.398,232.284,-100.444],"carpPosition":[108.048,213.214,21.6576],"dipPosition":[91.1384,228.782,-97.2386],"direction":[-0.790677,0.205165,-0.576834],"extended":false,"handId":144,"id":1443,"length":63.3281,"mcpPosition":[123.077,216.588,-39.3817],"pipPosition":[112.668,223.195,-81.5321],"stabilizedTipPosition":[73.7365,223.293,-92.6001],"timeVisible":0.088489,"tipPosition":[72.0005,231.201,-90.7724],"tipVelocity":[143.02,304.811,-274.439],"tool":false,"touchDistance":-0.480778,"touchZone":"touching","type":3,"width":19.1574},{"bases":[[[-0.358249,-0.933402,-0.0204341],[0.890975,-0.348341,0.291241],[-0.278963,0.0861305,0.956431]],[[-0.367789,-0.929818,0.0130377],[0.9187,-0.36549,-0.149688],[0.143947,-0.0430757,0.988647]],[[-0.367789,-0.929818,0.0130377],[0.632852,-0.260548,-0.729118],[0.681344,-0.259911,0.684263]],[[-0.367789,-0.929818,0.0130377],[0.28635,-0.126582,-0.949727],[0.884723,-0.345566,0.312809]]],"btipPosition":[84.1637,208.388,-89.5647],"carpPosition":[100.998,201.059,18.9864],"dipPosition":[99.153,202.534,-84.265],"direction":[-0.681344,0.259911,-0.684263],"extended":false,"handId":144,"id":1444,"length":49.6481,"mcpPosition":[117.255,196.04,-36.7494],"pipPosition":[112.252,197.537,-71.1102],"stabilizedTipPosition":[85.1673,201.725,-84.4903],"timeVisible":0.088489,"tipPosition":[82.1847,209.471,-80.44],"tipVelocity":[114.13,259.03,-179.316],"tool":false,"touchDistance":-0.358931,"touchZone":"touching","type":4,"width":17.0171},{"bases":[[[0.127196,-0.940868,-0.313988],[0.967726,0.0482862,0.247335],[-0.217549,-0.335314,0.916644]],[[0.108636,-0.965526,-0.236553],[0.948162,0.172129,-0.267133],[0.298642,-0.195271,0.934175]],[[0.108636,-0.965526,-0.236553],[0.574987,0.255147,-0.777361],[0.810918,-0.0515659,0.582883]],[[0.108636,-0.965526,-0.236553],[0.179231,0.253086,-0.950696],[0.977791,0.0608819,0.200546]]],"btipPosition":[72.2875,269.572,-95.4624],"carpPosition":[104.5,236.331,28.9763],"dipPosition":[88.7083,270.595,-92.0944],"direction":[-0.810918,0.0515659,-0.582883],"extended":false,"handId":144,"id":1441,"length":57.8031,"mcpPosition":[120.585,261.123,-38.7976],"pipPosition":[107.974,269.369,-78.2465],"stabilizedTipPosition":[75.2305,266.85,-92.8736],"timeVisible":0.088489,"tipPosition":[72.0682,266.798,-88.0425],"tipVelocity":[56.5052,378.988,-214.661],"tool":false,"touchDistance":0.225076,"touchZone":"hovering","type":1,"width":20.4988},{"bases":[[[-0.0702146,-0.971874,-0.224792],[0.970287,-0.118847,0.210756],[-0.231544,-0.203315,0.951341]],[[-0.0726966,-0.974001,-0.214565],[0.956253,-0.00694591,-0.292457],[0.283363,-0.226439,0.931896]],[[-0.0726966,-0.974001,-0.214565],[0.510245,0.148528,-0.847107],[0.856951,-0.171062,0.486181]],[[-0.0726966,-0.974001,-0.214565],[0.071804,0.209464,-0.975176],[0.994766,-0.0862986,0.0547098]]],"btipPosition":[68.3248,256.454,-100.442],"carpPosition":[107.842,225.095,25.013],"dipPosition":[86.6992,254.86,-99.4313],"direction":[-0.856951,0.171062,-0.486181],"extended":false,"handId":144,"id":1442,"length":65.862,"mcpPosition":[124.077,239.35,-41.6916],"pipPosition":[110.652,250.078,-85.8422],"stabilizedTipPosition":[70.045,249.172,-94.9256],"timeVisible":0.088489,"tipPosition":[67.292,254.034,-91.5673],"tipVelocity":[108.615,345.671,-284.089],"tool":false,"touchDistance":-0.448372,"touchZone":"touching","type":2,"width":20.1326}],"r":[[0.997534,0.0589976,0.0380172],[-0.0600538,0.997823,0.0272648],[-0.0363259,-0.0294806,0.998905]],"s":1.09528,"t":[3.83055,48.2279,-5.62679],"timestamp":257809877915},{"currentFrameRate":34.6007,"devices":[],"gestures":[],"hands":[{"armBasis":[[0.0193773,-0.834198,-0.551125],[0.990044,0.0928766,-0.105771],[0.139421,-0.543588,0.827692]],"armWidth":66.4635,"confidence":0.477217,"direction":[0.37158,0.176599,-0.91145],"elbow":[130.427,62.0966,273.626],"grabAngle":1.57024,"grabStrength":0.375442,"id":144,"palmNormal":[-0.925348,-0.00910898,-0.37901],"palmPosition":[110.824,234.926,-20.7555],"palmVelocity":[2.77988,295.798,11.1151],"palmWidth":91.4443,"pinchDistance":43.067,"pinchStrength":0.410852,"r":[[0.99662,0.069946,0.0430808],[-0.0711995,0.997061,0.0282814],[-0.040976,-0.0312532,0.998671]],"s":1.12286,"sphereCenter":[54.7604,228.531,-62.3574],"sphereRadius":65.9675,"stabilizedPalmPosition":[110.848,233.99,-20.7399],"t":[3.88792,53.0978,-6.03464],"timeVisible":0.09859,"type":"right","wrist":[92.5951,209.598,49.0335]}],"id":99386,"interactionBox":{"center":[0,200,0],"size":[235.247,235.247,147.751]},"pointables":[{"bases":[[[0.930438,-0.353448,0.0967476],[0.208265,0.727264,0.653997],[-0.301515,-0.588355,0.750285]],[[0.969672,-0.240978,-0.0408162],[0.209072,0.731325,0.649194],[-0.126592,-0.638039,0.759527]],[[0.969672,-0.240978,-0.0408162],[0.238717,0.897949,0.369732],[-0.0524467,-0.368262,0.928241]],[[0.969672,-0.240978,-0.0408162],[0.244279,0.961023,0.129471],[0.00802544,-0.135515,0.990743]]],"btipPosition":[89.699,292.801,-59.2686],"carpPosition":[81.7752,245.334,32.7338],"dipPosition":[89.8836,289.684,-36.4777],"direction":[0.0524467,0.368262,-0.928241],"extended":true,"handId":144,"id":1440,"length":51.2263,"mcpPosition":[81.7752,245.334,32.7338],"pipPosition":[88.1259,277.342,-5.36928],"stabilizedTipPosition":[89.6305,290.641,-54.1991],"timeVisible":0.09859,"tipPosition":[84.007,290.722,-55.0512],"tipVelocity":[35.5439,381.527,74.9583],"tool":false,"touchDistance":0.555112,"touchZone":"hovering","type":0,"width":21.4602},{"bases":[[[-0.166325,-0.981605,-0.0937409],[0.957276,-0.183542,0.223459],[-0.236554,-0.0525691,0.970195]],[[-0.162133,-0.980527,-0.110813],[0.963825,-0.133285,-0.230819],[0.211554,-0.144228,0.966666]],[[-0.162133,-0.980527,-0.110813],[0.62759,-0.0158057,-0.778384],[0.761475,-0.195747,0.617931]],[[-0.162133,-0.980527,-0.110813],[0.247829,0.0682369,-0.966398],[0.955141,-0.184148,0.231939]]],"btipPosition":[75.6691,234.684,-102.772],"carpPosition":[108.343,216.329,21.842],"dipPosition":[93.2102,231.303,-98.5127],"direction":[-0.761475,0.195747,-0.617931],"extended":false,"handId":144,"id":1443,"length":63.3281,"mcpPosition":[123.235,219.639,-39.2345],"pipPosition":[113.944,225.973,-81.6871],"stabilizedTipPosition":[75.5737,226.561,-95.4304],"timeVisible":0.09859,"tipPosition":[73.3052,233.595,-92.5816],"tipVelocity":[220.3,240.365,-206.463],"tool":false,"touchDistance":-0.492315,"touchZone":"touching","type":3,"width":19.1574},{"bases":[[[-0.348454,-0.937182,-0.016446],[0.895068,-0.337902,0.29099],[-0.278267,0.086676,0.956585]],[[-0.3564,-0.934264,0.0113851],[0.926851,-0.355059,-0.121985],[0.118009,-0.0329233,0.992467]],[[-0.3564,-0.934264,0.0113851],[0.669983,-0.264038,-0.693835],[0.651231,-0.239655,0.720044]],[[-0.3564,-0.934264,0.0113851],[0.33299,-0.138394,-0.932719],[0.872981,-0.32863,0.360424]]],"btipPosition":[86.2217,210.359,-90.9606],"carpPosition":[101.417,204.091,19.2268],"dipPosition":[101.012,204.792,-84.8541],"direction":[-0.651231,0.239655,-0.720044],"extended":false,"handId":144,"id":1444,"length":49.6481,"mcpPosition":[117.633,199.04,-36.518],"pipPosition":[113.532,200.184,-71.0114],"stabilizedTipPosition":[86.9239,204.624,-86.4872],"timeVisible":0.09859,"tipPosition":[83.3498,211.55,-81.4818],"tipVelocity":[199.213,201.655,-119.823],"tool":false,"touchDistance":-0.369526,"touchZone":"touching","type":4,"width":17.0171},{"bases":[[[0.136556,-0.940617,-0.310793],[0.967574,0.0593473,0.245517],[-0.212493,-0.334243,0.91822]],[[0.119484,-0.963917,-0.237881],[0.953539,0.178154,-0.242948],[0.276562,-0.1978,0.940419]],[[0.119484,-0.963917,-0.237881],[0.611263,0.260224,-0.747423],[0.782356,-0.0561025,0.620299]],[[0.119484,-0.963917,-0.237881],[0.235698,0.260287,-0.936321],[0.964453,0.0558075,0.258293]]],"btipPosition":[73.8135,272.896,-97.5947],"carpPosition":[104.565,239.434,29.0829],"dipPosition":[90.0103,273.833,-93.2569],"direction":[-0.782356,0.0561025,-0.620299],"extended":false,"handId":144,"id":1441,"length":57.8031,"mcpPosition":[120.276,264.147,-38.8075],"pipPosition":[108.597,272.5,-78.5201],"stabilizedTipPosition":[76.4748,270.225,-94.8807],"timeVisible":0.09859,"tipPosition":[72.5867,269.782,-89.395],"tipVelocity":[145.979,327.08,-189.014],"tool":false,"touchDistance":0.221866,"touchZone":"hovering","type":1,"width":20.4988},{"bases":[[[-0.0603698,-0.973369,-0.221152],[0.971831,-0.107882,0.209539],[-0.227817,-0.202272,0.952463]],[[-0.0625614,-0.975272,-0.211967],[0.964429,-0.00442129,-0.264305],[0.256832,-0.220963,0.940857]],[[-0.0625614,-0.975272,-0.211967],[0.555857,0.142346,-0.819],[0.828921,-0.169061,0.533206]],[[-0.0625614,-0.975272,-0.211967],[0.135356,0.20213,-0.96996],[0.98882,-0.0893731,0.119364]]],"btipPosition":[70.39,259.246,-103.312],"carpPosition":[108.018,228.219,25.1547],"dipPosition":[88.6545,257.595,-101.107],"direction":[-0.828921,0.169061,-0.533206],"extended":false,"handId":144,"id":1442,"length":65.862,"mcpPosition":[123.991,242.401,-41.6285],"pipPosition":[111.823,252.87,-86.2037],"stabilizedTipPosition":[71.5898,252.467,-97.6031],"timeVisible":0.09859,"tipPosition":[68.459,256.806,-93.6735],"tipVelocity":[201.953,275.165,-256.947],"tool":false,"touchDistance":-0.4708,"touchZone":"touching","type":2,"width":20.1326}],"r":[[0.99662,0.069946,0.0430808],[-0.0711995,0.997061,0.0282814],[-0.040976,-0.0312532,0.998671]],"s":1.12286,"t":[3.88792,53.0978,-6.03464],"timestamp":257809888016},{"currentFrameRate":37.7869,"devices":[],"gestures":[],"hands":[{"armBasis":[[0.030554,-0.828844,-0.558645],[0.991069,0.0977035,-0.0907548],[0.129803,-0.550883,0.824426]],"armWidth":66.4635,"confidence":0.51701,"direction":[0.370323,0.176425,-0.911995],"elbow":[127.847,63.5151,273.195],"grabAngle":1.49629,"grabStrength":0.316571,"id":144,"palmNormal":[-0.925218,-0.0173132,-0.379041],"palmPosition":[110.823,238.354,-20.3104],"palmVelocity":[-0.0844199,341.561,44.3466],"palmWidth":91.4443,"pinchDistance":45.7108,"pinchStrength":0.34385,"r":[[0.995663,0.0802199,0.0471075],[-0.0816116,0.99626,0.0283992],[-0.0446532,-0.0321206,0.998486]],"s":1.15197,"sphereCenter":[52.0161,232.526,-62.7289],"sphereRadius":69.1799,"stabilizedPalmPosition":[110.828,237.473,-20.3971],"t":[3.91618,57.2469,-6.01602],"timeVisible":0.108627,"type":"right","wrist":[92.6249,212.996,49.4885]}],"id":99387,"interactionBox":{"center":[0,200,0],"size":[235.247,235.247,147.751]},"pointables":[{"bases":[[[0.933065,-0.346112,0.0979608],[0.20272,0.730938,0.65164],[-0.297144,-0.588164,0.752176]],[[0.970542,-0.238458,-0.0344527],[0.200878,0.721916,0.662182],[-0.133031,-0.649596,0.748551]],[[0.970542,-0.238458,-0.0344527],[0.233474,0.895518,0.378864],[-0.0594901,-0.375747,0.924811]],[[0.970542,-0.238458,-0.0344527],[0.240934,0.96035,0.14028],[-0.000364344,-0.144449,0.989512]]],"btipPosition":[90.3677,297.221,-58.1657],"carpPosition":[81.6919,248.717,33.1428],"dipPosition":[90.3593,293.898,-35.4031],"direction":[0.0594901,0.375747,-0.924811],"extended":true,"handId":144,"id":1440,"length":51.2263,"mcpPosition":[81.6919,248.717,33.1428],"pipPosition":[88.3656,281.305,-4.40968],"stabilizedTipPosition":[90.1876,295.047,-53.2378],"timeVisible":0.108627,"tipPosition":[84.32,294.117,-54.589],"tipVelocity":[62.2007,435.594,109.233],"tool":false,"touchDistance":0.54938,"touchZone":"hovering","type":0,"width":21.4602},{"bases":[[[-0.158917,-0.98313,-0.0905555],[0.958611,-0.175598,0.22412],[-0.236241,-0.051191,0.970345]],[[-0.153778,-0.981795,-0.111491],[0.971619,-0.129721,-0.197812],[0.179748,-0.138746,0.973879]],[[-0.153778,-0.981795,-0.111491],[0.671888,-0.0211648,-0.740351],[0.724513,-0.18