{"frames":291,"data":[{"currentFrameRate":25.9065,"devices":[],"gestures":[],"hands":[],"id":100239,"interactionBox":{"center":[0,200,0],"size":[235.247,235.247,147.751]},"pointables":[],"r":[[-0.962136,-0.269906,0.0380192],[0.215739,-0.839331,-0.498979],[0.166588,-0.471883,0.86578]],"s":0.686793,"t":[505.899,-233.461,348.339],"timestamp":257832486676},{"currentFrameRate":25.9106,"devices":[],"gestures":[],"hands":[],"id":100240,"interactionBox":{"center":[0,200,0],"size":[235.247,235.247,147.751]},"pointables":[],"r":[[-0.962136,-0.269906,0.0380192],[0.215739,-0.839331,-0.498979],[0.166588,-0.471883,0.86578]],"s":0.686793,"t":[505.899,-233.461,348.339],"timestamp":257832525241},{"currentFrameRate":25.9061,"devices":[],"gestures":[],"hands":[],"id":100241,"interactionBox":{"center":[0,200,0],"size":[235.247,235.247,147.751]},"pointables":[],"r":[[-0.962136,-0.269906,0.0380192],[0.215739,-0.839331,-0.498979],[0.166588,-0.471883,0.86578]],"s":0.686793,"t":[505.899,-233.461,348.339],"timestamp":257832563874},{"currentFrameRate":25.9049,"devices":[],"gestures":[],"hands":[],"id":100242,"interactionBox":{"center":[0,200,0],"size":[235.247,235.247,147.751]},"pointables":[],"r":[[-0.962136,-0.269906,0.0380192],[0.215739,-0.839331,-0.498979],[0.166588,-0.471883,0.86578]],"s":0.686793,"t":[505.899,-233.461,348.339],"timestamp":257832602485},{"currentFrameRate":25.9,"devices":[],"gestures":[],"hands":[],"id":100243,"interactionBox":{"center":[0,200,0],"size":[235.247,235.247,147.751]},"pointables":[],"r":[[-0.962136,-0.269906,0.0380192],[0.215739,-0.839331,-0.498979],[0.166588,-0.471883,0.86578]],"s":0.686793,"t":[505.899,-233.461,348.339],"timestamp":257832641129},{"currentFrameRate":25.9052,"devices":[],"gestures":[],"hands":[],"id":100244,"interactionBox":{"center":[0,200,0],"size":[235.247,235.247,147.751]},"pointables":[],"r":[[-0.962136,-0.269906,0.0380192],[0.215739,-0.839331,-0.498979],[0.166588,-0.471883,0.86578]],"s":0.686793,"t":[505.899,-233.461,348.339],"timestamp":257832679695},{"currentFrameRate":25.9064,"devices":[],"gestures":[],"hands":[],"id":100245,"interactionBox":{"center":[0,200,0],"size":[235.247,235.247,147.751]},"pointables":[],"r":[[-0.962136,-0.269906,0.0380192],[0.215739,-0.839331,-0.498979],[0.166588,-0.471883,0.86578]],"s":0.686793,"t":[505.899,-233.461,348.339],"timestamp":257832718287},{"currentFrameRate":25.9045,"devices":[],"gestures":[],"hands":[],"id":100246,"interactionBox":{"center":[0,200,0],"size":[235.247,235.247,147.751]},"pointables":[],"r":[[-0.962136,-0.269906,0.0380192],[0.215739,-0.839331,-0.498979],[0.166588,-0.471883,0.86578]],"s":0.686793,"t":[505.899,-233.461,348.339],"timestamp":257832756904},{"currentFrameRate":25.9016,"devices":[],"gestures":[],"hands":[],"id":100247,"interactionBox":{"center":[0,200,0],"size":[235.247,235.247,147.751]},"pointables":[],"r":[[-0.962136,-0.269906,0.0380192],[0.215739,-0.839331,-0.498979],[0.166588,-0.471883,0.86578]],"s":0.686793,"t":[505.899,-233.461,348.339],"timestamp":257832795532},{"currentFrameRate":25.8973,"devices":[],"gestures":[],"hands":[],"id":100248,"interactionBox":{"center":[0,200,0],"size":[235.247,235.247,147.751]},"pointables":[],"r":[[-0.962136,-0.269906,0.0380192],[0.215739,-0.839331,-0.498979],[0.166588,-0.471883,0.86578]],"s":0.686793,"t":[505.899,-233.461,348.339],"timestamp":257832834176},{"currentFrameRate":25.9,"devices":[],"gestures":[],"hands":[],"id":100249,"interactionBox":{"center":[0,200,0],"size":[235.247,235.247,147.751]},"pointables":[],"r":[[-0.962136,-0.269906,0.0380192],[0.215739,-0.839331,-0.498979],[0.166588,-0.471883,0.86578]],"s":0.686793,"t":[505.899,-233.461,348.339],"timestamp":257832872767},{"currentFrameRate":25.8721,"devices":[],"gestures":[],"hands":[],"id":100250,"interactionBox":{"center":[0,200,0],"size":[235.247,235.247,147.751]},"pointables":[],"r":[[-0.962136,-0.269906,0.0380192],[0.215739,-0.839331,-0.498979],[0.166588,-0.471883,0.86578]],"s":0.686793,"t":[505.899,-233.461,348.339],"timestamp":257832911614},{"currentFrameRate":25.9063,"devices":[],"gestures":[],"hands":[],"id":100251,"interactionBox":{"center":[0,200,0],"size":[235.247,235.247,147.751]},"pointables":[],"r":[[-0.962136,-0.269906,0.0380192],[0.215739,-0.839331,-0.498979],[0.166588,-0.471883,0.86578]],"s":0.686793,"t":[505.899,-233.461,348.339],"timestamp":257832949975},{"currentFrameRate":25.9128,"devices":[],"gestures":[],"hands":[],"id":100252,"interactionBox":{"center":[0,200,0],"size":[235.247,235.247,147.751]},"pointables":[],"r":[[-0.962136,-0.269906,0.0380192],[0.215739,-0.839331,-0.498979],[0.166588,-0.471883,0.86578]],"s":0.686793,"t":[505.899,-233.461,348.339],"timestamp":257832988521},{"currentFrameRate":25.9025,"devices":[],"gestures":[],"hands":[],"id":100253,"interactionBox":{"center":[0,200,0],"size":[235.247,235.247,147.751]},"pointables":[],"r":[[-0.962136,-0.269906,0.0380192],[0.215739,-0.839331,-0.498979],[0.166588,-0.471883,0.86578]],"s":0.686793,"t":[505.899,-233.461,348.339],"timestamp":257833027199},{"currentFrameRate":25.9015,"devices":[],"gestures":[],"hands":[{"armBasis":[[-0.13231,-0.881823,-0.452639],[0.99003,-0.0953063,-0.103719],[0.0483224,-0.461849,0.885641]],"armWidth":64.0382,"confidence":0,"direction":[0.307074,0.0792368,-0.948381],"elbow":[104.068,-4.69146,292.188],"grabAngle":2.74433,"grabStrength":1,"id":145,"palmNormal":[-0.945615,0.137785,-0.294666],"palmPosition":[107.248,139.179,-20.6111],"palmVelocity":[1.19209e-7,1.19209e-7,1.19209e-7],"palmWidth":91.4443,"pinchDistance":32.9805,"pinchStrength":0.741378,"r":[[1,-1.04083e-17,1.11022e-17],[1.04083e-17,1,-8.32667e-18],[-1.11022e-17,8.32667e-18,1]],"s":1,"sphereCenter":[66.1491,145.033,-52.2759],"sphereRadius":43.7339,"stabilizedPalmPosition":[107.248,139.179,-20.6111],"t":[0,0,0],"timeVisible":0,"type":"right","wrist":[90.9559,120.63,51.871]}],"id":100254,"interactionBox":{"center":[0,200,0],"size":[235.247,235.247,147.751]},"pointables":[{"bases":[[[0.862516,-0.505059,0.0313213],[0.389426,0.70202,0.596251],[-0.32313,-0.502079,0.802187]],[[0.91946,-0.334411,-0.20679],[0.387573,0.682338,0.619841],[-0.0661808,-0.650065,0.756991]],[[0.91946,-0.334411,-0.20679],[0.385467,0.870357,0.306421],[0.0775108,-0.361453,0.929163]],[[0.91946,-0.334411,-0.20679],[0.354502,0.93257,0.0681322],[0.170062,-0.135952,0.97601]]],"btipPosition":[82.2862,204.422,-58.1101],"carpPosition":[85.622,156.227,34.6605],"dipPosition":[86.2861,201.224,-35.1539],"direction":[-0.0775108,0.361453,-0.929163],"extended":true,"handId":145,"id":1450,"length":52.3766,"mcpPosition":[85.622,156.227,34.6605],"pipPosition":[88.9421,188.839,-3.31533],"stabilizedTipPosition":[83.2062,203.686,-52.8302],"timeVisible":0,"tipPosition":[83.2062,203.686,-52.8302],"tipVelocity":[1.19209e-7,1.19209e-7,1.19209e-7],"tool":false,"touchDistance":0.740881,"touchZone":"hovering","type":0,"width":20.3511},{"bases":[[[-0.0542426,-0.959968,-0.274808],[0.982731,-0.100084,0.15564],[-0.176913,-0.26162,0.948818]],[[-0.0524958,-0.957342,-0.284149],[0.868918,0.0964451,-0.485468],[0.492164,-0.272388,0.826789]],[[-0.0524958,-0.957342,-0.284149],[-0.222653,0.2886,-0.931201],[0.973483,0.0143825,-0.228305]],[[-0.0524958,-0.957342,-0.284149],[-0.770833,0.219743,-0.597938],[0.634871,0.187642,-0.749486]]],"btipPosition":[63.9186,173.902,-58.1339],"carpPosition":[106.637,146.369,29.3019],"dipPosition":[74.8199,177.124,-71.0032],"direction":[-0.973483,-0.0143825,0.228305],"extended":false,"handId":145,"id":1451,"length":59.1012,"mcpPosition":[119.717,165.712,-40.8508],"pipPosition":[98.4669,177.473,-76.549],"stabilizedTipPosition":[66.4259,174.643,-61.0938],"timeVisible":0,"tipPosition":[66.4259,174.643,-61.0938],"tipVelocity":[1.19209e-7,1.19209e-7,1.19209e-7],"tool":false,"touchDistance":0.333333,"touchZone":"none","type":1,"width":19.4394},{"bases":[[[-0.244377,-0.955266,-0.166572],[0.95529,-0.266656,0.127733],[-0.166437,-0.12791,0.977721]],[[-0.234702,-0.946633,-0.220907],[0.726576,-0.0198709,-0.686798],[0.645757,-0.321699,0.692465]],[[-0.234702,-0.946633,-0.220907],[-0.493017,0.31178,-0.812236],[0.837764,-0.0817226,-0.539882]],[[-0.234702,-0.946633,-0.220907],[-0.872632,0.305308,-0.381183],[0.428285,0.103306,-0.897719]]],"btipPosition":[56.1169,159.537,-44.0725],"carpPosition":[107.759,134.601,25.6424],"dipPosition":[64.2054,161.488,-61.0267],"direction":[-0.837764,0.0817226,0.539882],"extended":false,"handId":145,"id":1452,"length":67.341,"mcpPosition":[119.428,143.569,-42.9119],"pipPosition":[88.1473,159.153,-76.4556],"stabilizedTipPosition":[57.9772,159.986,-47.972],"timeVisible":0,"tipPosition":[57.9772,159.986,-47.972],"tipVelocity":[1.19209e-7,1.19209e-7,1.19209e-7],"tool":false,"touchDistance":0.333333,"touchZone":"none","type":2,"width":19.0921},{"bases":[[[-0.33752,-0.940839,-0.0300291],[0.929597,-0.338166,0.146608],[-0.14809,0.0215683,0.988739]],[[-0.328032,-0.94044,-0.0892638],[0.702399,-0.179628,-0.688745],[0.631689,-0.288629,0.719488]],[[-0.328032,-0.94044,-0.0892638],[-0.444254,0.236967,-0.863994],[0.833687,-0.243762,-0.495526]],[[-0.328032,-0.94044,-0.0892638],[-0.828319,0.331775,-0.451456],[0.454183,-0.0741534,-0.887817]]],"btipPosition":[54.9775,142.51,-41.179],"carpPosition":[105.758,122.729,22.9053],"dipPosition":[63.5058,141.118,-57.8498],"direction":[-0.833687,0.243762,0.495526],"extended":false,"handId":145,"id":1453,"length":64.7502,"mcpPosition":[115.08,121.371,-39.3385],"pipPosition":[86.7159,134.331,-71.6454],"stabilizedTipPosition":[56.939,142.19,-45.0133],"timeVisible":0,"tipPosition":[56.939,142.19,-45.0133],"tipVelocity":[1.19209e-7,1.19209e-7,1.19209e-7],"tool":false,"touchDistance":0.333333,"touchZone":"none","type":3,"width":18.1673},{"bases":[[[-0.501317,-0.863125,0.0608001],[0.849024,-0.477141,0.226926],[-0.166855,0.165382,0.972012]],[[-0.466593,-0.878609,-0.101674],[0.745974,-0.32916,-0.578945],[0.475199,-0.345977,0.809003]],[[-0.466593,-0.878609,-0.101674],[-0.136331,0.185023,-0.973232],[0.873902,-0.440242,-0.206113]],[[-0.466593,-0.878609,-0.101674],[-0.635045,0.412803,-0.652925],[0.615637,-0.240083,-0.750567]]],"btipPosition":[61.6455,127.256,-46.8173],"carpPosition":[96.651,111.786,21.5216],"dipPosition":[72.3101,123.097,-59.8193],"direction":[-0.873902,0.440242,0.206113],"extended":false,"handId":145,"id":1454,"length":50.763,"mcpPosition":[106.374,102.149,-35.1222],"pipPosition":[89.4879,114.443,-63.8707],"stabilizedTipPosition":[64.0983,126.299,-49.8077],"timeVisible":0,"tipPosition":[64.0983,126.299,-49.8077],"tipVelocity":[1.19209e-7,1.19209e-7,1.19209e-7],"tool":false,"touchDistance":0.333333,"touchZone":"none","type":4,"width":16.1376}],"r":[[1,-1.04083e-17,1.11022e-17],[1.04083e-17,1,-8.32667e-18],[-1.11022e-17,8.32667e-18,1]],"s":1,"t":[0,0,0],"timestamp":257833065814},{"currentFrameRate":25.911,"devices":[],"gestures":[],"hands":[{"armBasis":[[-0.0474735,-0.85175,-0.521794],[0.98395,0.0500806,-0.17127],[0.172011,-0.52155,0.835702]],"armWidth":66.4635,"confidence":0.20022,"direction":[0.347297,0.0773062,-0.934563],"elbow":[141.802,10.8712,272.585],"grabAngle":2.55893,"grabStrength":1,"id":145,"palmNormal":[-0.936948,-0.0127388,-0.349237],"palmPosition":[111.637,171.096,-26.3677],"palmVelocity":[113.9,828.422,-149.417],"palmWidth":91.4443,"pinchDistance":23.6229,"pinchStrength":0.820488,"r":[[0.999539,0.0286087,0.0101312],[-0.0284967,0.999533,-0.0110303],[-0.010442,0.0107365,0.999888]],"s":0.977235,"sphereCenter":[71.5803,166.453,-59.8416],"sphereRadius":44.0997,"stabilizedPalmPosition":[111.424,169.551,-26.0891],"t":[2.19412,15.9583,-2.8783],"timeVisible":0.038527,"type":"right","wrist":[95.1276,152.393,45.8192]}],"id":100255,"interactionBox":{"center":[0,200,0],"size":[235.247,235.247,147.751]},"pointables":[{"bases":[[[0.921455,-0.374682,0.102637],[0.252169,0.777847,0.575643],[-0.295519,-0.504547,0.811234]],[[0.964963,-0.246702,-0.0893562],[0.252296,0.778858,0.574218],[-0.0720651,-0.576643,0.813811]],[[0.964963,-0.246702,-0.0893562],[0.259401,0.948185,0.183455],[0.0394675,-0.200206,0.978959]],[[0.964963,-0.246702,-0.0893562],[0.226354,0.954928,-0.192034],[0.132704,0.165079,0.977312]]],"btipPosition":[83.9161,219.317,-69.3986],"carpPosition":[84.6762,187.477,26.7178],"dipPosition":[86.9688,223.115,-46.9167],"direction":[-0.0394675,0.200206,-0.978959],"extended":false,"handId":145,"id":1450,"length":51.2263,"mcpPosition":[84.6762,187.477,26.7178],"pipPosition":[88.2915,216.405,-14.1086],"stabilizedTipPosition":[84.0852,213.96,-59.9252],"timeVisible":0.038527,"tipPosition":[82.5643,225.294,-63.7208],"tipVelocity":[36.6511,428.39,-295.834],"tool":false,"touchDistance":0.529162,"touchZone":"hovering","type":0,"width":21.4602},{"bases":[[[0.0966629,-0.969794,-0.223957],[0.9764,0.0487328,0.210401],[-0.193132,-0.23901,0.951617]],[[0.0993642,-0.966343,-0.237292],[0.797766,0.219896,-0.56144],[0.594723,-0.133517,0.792766]],[[0.0993642,-0.966343,-0.237292],[-0.130957,0.223698,-0.96582],[0.986396,0.127043,-0.104322]],[[0.0993642,-0.966343,-0.237292],[-0.689535,0.105063,-0.716592],[0.717404,0.234825,-0.655888]]],"btipPosition":[60.8212,196.826,-67.3646],"carpPosition":[107.138,180.478,22.9792],"dipPosition":[72.8691,200.77,-78.3794],"direction":[-0.986396,-0.127043,0.104322],"extended":false,"handId":145,"id":1451,"length":57.8031,"mcpPosition":[121.418,198.15,-47.3804],"pipPosition":[96.3035,203.788,-80.8579],"stabilizedTipPosition":[63.8268,195.822,-69.1693],"timeVisible":0.038527,"tipPosition":[67.2333,198.22,-70.5118],"tipVelocity":[-73.5508,599.326,-228.519],"tool":false,"touchDistance":0.333333,"touchZone":"none","type":1,"width":20.4988},{"bases":[[[-0.0981968,-0.987171,-0.125896],[0.974208,-0.121183,0.190351],[-0.203166,-0.103957,0.97361]],[[-0.0979198,-0.987029,-0.127223],[0.792521,-0.0000174435,-0.609845],[0.601933,-0.160543,0.782242]],[[-0.0979198,-0.987029,-0.127223],[-0.2193,0.146095,-0.964657],[0.970731,-0.066559,-0.230761]],[[-0.0979198,-0.987029,-0.127223],[-0.756295,0.156896,-0.635139],[0.646861,0.0340254,-0.761849]]],"btipPosition":[56.7529,184.958,-64.7702],"carpPosition":[110.106,168.831,20.0342],"dipPosition":[68.7011,185.586,-78.8423],"direction":[-0.970731,0.066559,0.230761],"extended":false,"handId":145,"id":1452,"length":65.862,"mcpPosition":[124.352,176.12,-48.2318],"pipPosition":[95.8338,183.726,-85.2923],"stabilizedTipPosition":[59.1432,179.206,-63.3031],"timeVisible":0.038527,"tipPosition":[60.5718,184.203,-62.5489],"tipVelocity":[39.5505,651.917,-520.02],"tool":false,"touchDistance":0.333333,"touchZone":"none","type":2,"width":20.1326},{"bases":[[[-0.200183,-0.979747,0.00476191],[0.95773,-0.194655,0.21181],[-0.206593,0.0469612,0.977299]],[[-0.195527,-0.980551,-0.0170287],[0.79138,-0.147502,-0.593262],[0.579212,-0.129475,0.804829]],[[-0.195527,-0.980551,-0.0170287],[-0.186037,0.0541341,-0.98105],[0.962891,-0.188654,-0.193003]],[[-0.195527,-0.980551,-0.0170287],[-0.722719,0.155808,-0.67335],[0.662907,-0.119351,-0.739127]]],"btipPosition":[59.1249,166.737,-60.1828],"carpPosition":[109.949,156.679,17.857],"dipPosition":[71.2992,164.545,-73.7568],"direction":[-0.962891,0.188654,0.193003],"extended":false,"handId":145,"id":1453,"length":63.3281,"mcpPosition":[122.955,153.722,-43.6668],"pipPosition":[97.5176,159.408,-79.0121],"stabilizedTipPosition":[60.8633,161.114,-59.4101],"timeVisible":0.038527,"tipPosition":[62.4524,165.963,-57.9412],"tipVelocity":[129.415,624.062,-474.771],"tool":false,"touchDistance":0.333333,"touchZone":"none","type":3,"width":19.1574},{"bases":[[[-0.378223,-0.922006,0.0827787],[0.892895,-0.339753,0.295476],[-0.244307,0.185668,0.951757]],[[-0.372251,-0.926196,0.0599168],[0.810929,-0.355968,-0.464414],[0.451467,-0.124291,0.883589]],[[-0.372251,-0.926196,0.0599168],[0.0174856,-0.0715433,-0.997284],[0.927967,-0.370193,0.0428272]],[[-0.372251,-0.926196,0.0599168],[-0.525761,0.15723,-0.835975],[0.764856,-0.342695,-0.545486]]],"btipPosition":[70.3067,150.918,-61.1355],"carpPosition":[102.559,144.495,16.6187],"dipPosition":[83.2652,145.112,-70.3774],"direction":[-0.927967,0.370193,-0.0428272],"extended":false,"handId":145,"id":1454,"length":49.6481,"mcpPosition":[116.796,133.675,-38.8447],"pipPosition":[101.105,137.995,-69.554],"stabilizedTipPosition":[72.0863,146.54,-61.5029],"timeVisible":0.038527,"tipPosition":[72.7486,150.404,-59.0734],"tipVelocity":[238.503,604.338,-349.195],"tool":false,"touchDistance":0.209535,"touchZone":"hovering","type":4,"width":17.0171}],"r":[[0.999539,0.0286087,0.0101312],[-0.0284967,0.999533,-0.0110303],[-0.010442,0.0107365,0.999888]],"s":0.977235,"t":[2.19412,15.9583,-2.8783],"timestamp":257833104341},{"currentFrameRate":26.9574,"devices":[],"gestures":[],"hands":[{"armBasis":[[-0.0318089,-0.838051,-0.544664],[0.975031,0.0938089,-0.201283],[0.219779,-0.537466,0.814142]],"armWidth":66.4635,"confidence":0.345646,"direction":[0.343036,0.116617,-0.932055],"elbow":[154.643,25.372,261.096],"grabAngle":2.1427,"grabStrength":0.708888,"id":145,"palmNormal":[-0.936275,-0.0374066,-0.349269],"palmPosition":[110.411,192.58,-31.4647],"palmVelocity":[-41.0006,718.459,-170.449],"palmWidth":91.4443,"pinchDistance":29.8167,"pinchStrength":0.551859,"r":[[0.998101,0.0588859,0.0181022],[-0.0586293,0.998176,-0.0143927],[-0.0189167,0.013304,0.999733]],"s":1.00684,"sphereCenter":[66.4711,188.975,-66.4157],"sphereRadius":49.4653,"stabilizedPalmPosition":[110.455,191.571,-31.2291],"t":[2.67816,34.6795,-6.86592],"timeVisible":0.06843,"type":"right","wrist":[95.0064,171.213,40.1801]}],"id":100256,"interactionBox":{"center":[0,200,0],"size":[235.247,235.247,147.751]},"pointables":[{"bases":[[[0.934787,-0.343155,0.0917489],[0.224002,0.769953,0.597491],[-0.275674,-0.537975,0.796609]],[[0.968466,-0.244469,-0.0480478],[0.219094,0.743844,0.631422],[-0.118623,-0.622038,0.773949]],[[0.968466,-0.244469,-0.0480478],[0.248269,0.930765,0.2684],[-0.0208943,-0.271865,0.962109]],[[0.968466,-0.244469,-0.0480478],[0.24268,0.969274,-0.0401845],[0.0563954,0.0272571,0.998036]]],"btipPosition":[88.2842,246.128,-71.9578],"carpPosition":[82.9303,206.438,22.0709],"dipPosition":[89.5815,246.755,-48.9991],"direction":[0.0208943,0.271865,-0.962109],"extended":true,"handId":145,"id":1450,"length":51.2263,"mcpPosition":[82.9303,206.438,22.0709],"pipPosition":[88.8813,237.644,-16.7557],"stabilizedTipPosition":[88.0906,242.738,-65.9387],"timeVisible":0.06843,"tipPosition":[83.0572,246.531,-67.0214],"tipVelocity":[132.573,872.201,-81.9162],"tool":false,"touchDistance":0.472836,"touchZone":"hovering","type":0,"width":21.4602},{"bases":[[[0.132119,-0.958803,-0.25148],[0.974198,0.0787654,0.211506],[-0.182985,-0.272935,0.94447]],[[0.127617,-0.965173,-0.228373],[0.82459,0.2312,-0.516331],[0.551149,-0.122422,0.825377]],[[0.127617,-0.965173,-0.228373],[0.138095,0.245304,-0.95956],[0.982163,0.0909194,0.16459]],[[0.127617,-0.965173,-0.228373],[-0.375695,0.166056,-0.911745],[0.917915,0.202153,-0.341419]]],"btipPosition":[57.1367,220.178,-84.7322],"carpPosition":[105.631,200.383,18.1301],"dipPosition":[72.552,223.573,-90.4659],"direction":[-0.982163,-0.0909194,-0.16459],"extended":false,"handId":145,"id":1451,"length":57.8031,"mcpPosition":[119.16,220.563,-51.7011],"pipPosition":[95.8858,225.733,-86.5556],"stabilizedTipPosition":[61.2444,216.465,-83.0333],"timeVisible":0.06843,"tipPosition":[62.7887,220.141,-80.5426],"tipVelocity":[-97.3138,776.694,-540.179],"tool":false,"touchDistance":0.189709,"touchZone":"hovering","type":1,"width":20.4988},{"bases":[[[-0.0618434,-0.986147,-0.153914],[0.978255,-0.0904769,0.18663],[-0.19797,-0.139025,0.970299]],[[-0.0662257,-0.988992,-0.132322],[0.862782,0.00985646,-0.50548],[0.50122,-0.147641,0.852632]],[[-0.0662257,-0.988992,-0.132322],[0.0975109,0.125564,-0.987282],[0.993029,-0.0782863,0.0881219]],[[-0.0662257,-0.988992,-0.132322],[-0.501677,0.147636,-0.852364],[0.862517,0.00993461,-0.505931]]],"btipPosition":[55.4702,207.689,-86.6928],"carpPosition":[109.023,188.942,14.8543],"dipPosition":[71.4018,207.873,-96.0379],"direction":[-0.993029,0.0782863,-0.0881219],"extended":false,"handId":145,"id":1452,"length":65.862,"mcpPosition":[122.904,198.69,-53.1795],"pipPosition":[99.1577,205.685,-93.5748],"stabilizedTipPosition":[59.1379,196.568,-78.8475],"timeVisible":0.06843,"tipPosition":[59.0226,206.579,-80.3107],"tipVelocity":[-12.257,756.747,-696.767],"tool":false,"touchDistance":-0.0639235,"touchZone":"touching","type":2,"width":20.1326},{"bases":[[[-0.16387,-0.986212,-0.0230771],[0.964528,-0.165087,0.205992],[-0.206962,0.0114975,0.978281]],[[-0.16315,-0.986246,-0.0264775],[0.871386,-0.13146,-0.472657],[0.462675,-0.100186,0.880849]],[[-0.16315,-0.986246,-0.0264775],[0.184779,-0.0041828,-0.982771],[0.969143,-0.165231,0.18292]],[[-0.16315,-0.986246,-0.0264775],[-0.358147,0.0842102,-0.92986],[0.9193,-0.142224,-0.36696]]],"btipPosition":[58.7499,187.646,-86.1786],"carpPosition":[109.312,176.859,12.3322],"dipPosition":[75.6328,185.034,-92.9178],"direction":[-0.969143,0.165231,-0.18292],"extended":false,"handId":145,"id":1453,"length":63.3281,"mcpPosition":[122.341,176.135,-49.2533],"pipPosition":[102.021,180.535,-87.9371],"stabilizedTipPosition":[61.8321,175.31,-74.9131],"timeVisible":0.06843,"tipPosition":[62.2134,186.87,-79.3011],"tipVelocity":[23.6753,695.991,-816.769],"tool":false,"touchDistance":-0.123731,"touchZone":"touching","type":3,"width":19.1574},{"bases":[[[-0.343823,-0.937328,0.0565869],[0.905199,-0.314801,0.28551],[-0.249803,0.149387,0.956704]],[[-0.351193,-0.932402,0.0853863],[0.867359,-0.358324,-0.345386],[0.352635,-0.0472367,0.934568]],[[-0.351193,-0.932402,0.0853863],[0.329234,-0.208347,-0.920976],[0.876509,-0.295328,0.380148]],[[-0.351193,-0.932402,0.0853863],[-0.133716,-0.0403146,-0.990199],[0.926706,-0.359168,-0.110519]]],"btipPosition":[72.1251,169.15,-82.9193],"carpPosition":[102.375,164.451,10.7493],"dipPosition":[87.8257,163.065,-84.7918],"direction":[-0.876509,0.295328,-0.380148],"extended":false,"handId":145,"id":1454,"length":49.6481,"mcpPosition":[116.932,155.745,-45.0023],"pipPosition":[104.676,157.387,-77.4835],"stabilizedTipPosition":[72.0863,146.54,-61.5029],"timeVisible":0.06843,"tipPosition":[74.2735,169.293,-75.491],"tipVelocity":[81.9009,607.552,-671.8],"tool":false,"touchDistance":-0.175279,"touchZone":"hovering","type":4,"width":17.0171}],"r":[[0.998101,0.0588859,0.0181022],[-0.0586293,0.998176,-0.0143927],[-0.0189167,0.013304,0.999733]],"s":1.00684,"t":[2.67816,34.6795,-6.86592],"timestamp":257833134244},{"currentFrameRate":27.3403,"devices":[],"gestures":[],"hands":[{"armBasis":[[-0.0407085,-0.838441,-0.543469],[0.973357,0.089562,-0.211082],[0.225654,-0.537582,0.812457]],"armWidth":66.4635,"confidence":0.492716,"direction":[0.336252,0.127086,-0.933158],"elbow":[155.154,40.2258,256.635],"grabAngle":1.90622,"grabStrength":0.43479,"id":145,"palmNormal":[-0.939371,-0.0254471,-0.341956],"palmPosition":[108.861,208.191,-35.3533],"palmVelocity":[-45.5586,459.063,-114.347],"palmWidth":91.4443,"pinchDistance":32.1281,"pinchStrength":0.58155,"r":[[0.996407,0.0815361,0.0228983],[-0.0812205,0.996592,-0.0143897],[-0.0239936,0.0124781,0.999634]],"s":1.04542,"sphereCenter":[57.7518,203.867,-72.2384],"sphereRadius":57.7931,"stabilizedPalmPosition":[108.88,207.997,-35.305],"t":[2.14552,51.8458,-10.804],"timeVisible":0.102437,"type":"right","wrist":[93.9231,186.098,36.176]}],"id":100257,"interactionBox":{"center":[0,200,0],"size":[235.247,235.247,147.751]},"pointables":[{"bases":[[[0.932855,-0.351444,0.0791702],[0.234787,0.759789,0.606297],[-0.273232,-0.546999,0.791287]],[[0.966365,-0.249784,-0.061203],[0.233995,0.755273,0.612217],[-0.106697,-0.605946,0.788318]],[[0.966365,-0.249784,-0.061203],[0.256742,0.923264,0.285775],[-0.0148756,-0.291877,0.95634]],[[0.966365,-0.249784,-0.061203],[0.248679,0.968259,-0.0251763],[0.0655489,0.00910958,0.997808]]],"btipPosition":[86.2718,261.475,-75.9537],"carpPosition":[81.9285,221.504,18.5973],"dipPosition":[87.7797,261.684,-53.0002],"direction":[0.0148756,0.291877,-0.95634],"extended":true,"handId":145,"id":1450,"length":51.2263,"mcpPosition":[81.9285,221.504,18.5973],"pipPosition":[87.2811,251.903,-20.9501],"stabilizedTipPosition":[86.6651,260.929,-70.5246],"timeVisible":0.102437,"tipPosition":[82.1134,262.713,-69.9972],"tipVelocity":[-57.753,448.463,-117.537],"tool":false,"touchDistance":0.39893,"touchZone":"hovering","type":0,"width":21.4602},{"bases":[[[-0.171597,-0.984528,-0.0354777],[0.964895,-0.175225,0.195637],[-0.198827,-0.000661521,0.980034]],[[-0.160163,-0.982938,-0.0904481],[0.937211,-0.12267,-0.326477],[0.309811,-0.137058,0.940868]],[[-0.160163,-0.982938,-0.0904481],[0.510041,-0.00395893,-0.860141],[0.845107,-0.183895,0.501972]],[[-0.160163,-0.982938,-0.0904481],[-0.101783,0.107588,-0.988972],[0.981829,-0.14919,-0.117278]]],"btipPosition":[65.8702,205.674,-106.302],"carpPosition":[108.002,191.866,8.22753],"dipPosition":[83.9014,202.934,-108.456],"direction":[-0.845107,0.183895,-0.501972],"extended":false,"handId":145,"id":1453,"length":63.3281,"mcpPosition":[120.519,191.908,-53.4684],"pipPosition":[106.913,197.927,-94.788],"stabilizedTipPosition":[66.253,191.369,-92.1341],"timeVisible":0.102437,"tipPosition":[66.5491,204.502,-98.3153],"tipVelocity":[217.143,529.272,-560.739],"tool":false,"touchDistance":-0.425727,"touchZone":"touching","type":3,"width":19.1574},{"bases":[[[-0.35051,-0.935411,0.0463552],[0.905077,-0.325587,0.273547],[-0.240787,0.137836,0.960741]],[[-0.344682,-0.938426,0.0234841],[0.91474,-0.34139,-0.216112],[0.210823,-0.0530081,0.976086]],[[-0.344682,-0.938426,0.0234841],[0.592742,-0.236976,-0.76974],[0.727909,-0.251395,0.637926]],[[-0.344682,-0.938426,0.0234841],[0.17756,-0.0897423,-0.98001],[0.921774,-0.333622,0.19756]]],"btipPosition":[78.0514,183.83,-98.9929],"carpPosition":[100.958,179.534,6.52934],"dipPosition":[93.6684,178.177,-95.6457],"direction":[-0.727909,0.251395,-0.637926],"extended":false,"handId":145,"id":1454,"length":49.6481,"mcpPosition":[114.99,171.502,-49.4576],"pipPosition":[107.662,173.344,-83.3818],"stabilizedTipPosition":[78.014,168.862,-84.2786],"timeVisible":0.102437,"tipPosition":[77.4346,183.984,-89.8451],"tipVelocity":[173.702,434.599,-437.351],"tool":false,"touchDistance":-0.40918,"touchZone":"hovering","type":4,"width":17.0171},{"bases":[[[0.122707,-0.956151,-0.26593],[0.976476,0.0684465,0.204474],[-0.177306,-0.284765,0.942057]],[[0.120804,-0.959142,-0.255837],[0.881194,0.222279,-0.417241],[0.45706,-0.175038,0.872042]],[[0.120804,-0.959142,-0.255837],[0.343327,0.282189,-0.895822],[0.931415,0.0203828,0.363388]],[[0.120804,-0.959142,-0.255837],[-0.242473,0.221407,-0.944556],[0.962608,0.176139,-0.205819]]],"btipPosition":[60.0632,240.338,-97.2711],"carpPosition":[104.549,215.334,14.3837],"dipPosition":[76.229,243.296,-100.728],"direction":[-0.931415,-0.0203828,-0.363388],"extended":false,"handId":145,"id":1451,"length":57.8031,"mcpPosition":[117.658,236.388,-55.2692],"pipPosition":[98.3572,243.78,-92.0943],"stabilizedTipPosition":[61.2444,216.465,-83.0333],"timeVisible":0.102437,"tipPosition":[62.353,238.81,-90.5234],"tipVelocity":[91.1298,589.869,-353.313],"tool":false,"touchDistance":-0.0605431,"touchZone":"hovering","type":1,"width":20.4988},{"bases":[[[-0.0706507,-0.983398,-0.167145],[0.979034,-0.100456,0.177204],[-0.191053,-0.151121,0.969877]],[[-0.0649051,-0.978438,-0.196077],[0.932902,0.0102556,-0.359984],[0.354233,-0.206286,0.912121]],[[-0.0649051,-0.978438,-0.196077],[0.417433,0.151852,-0.89593],[0.906387,-0.14,0.398576]],[[-0.0649051,-0.978438,-0.196077],[-0.318921,0.206525,-0.925006],[0.945556,0.00249543,-0.325449]]],"btipPosition":[61.6402,228.151,-105.427],"carpPosition":[107.826,203.915,10.9204],"dipPosition":[79.1057,228.197,-111.438],"direction":[-0.906387,0.14,-0.398576],"extended":false,"handId":145,"id":1452,"length":65.862,"mcpPosition":[121.222,214.511,-57.0839],"pipPosition":[104.44,224.284,-100.298],"stabilizedTipPosition":[63.2958,216.718,-96.6809],"timeVisible":0.102437,"tipPosition":[62.5255,226.351,-98.2214],"tipVelocity":[191.808,600.76,-528.338],"tool":false,"touchDistance":-0.355373,"touchZone":"touching","type":2,"width":20.1326}],"r":[[0.996407,0.0815361,0.0228983],[-0.0812205,0.996592,-0.0143897],[-0.0239936,0.0124781,0.999634]],"s":1.04542,"t":[2.14552,51.8458,-10.804],"timestamp":257833168251},{"currentFrameRate":30.8954,"devices":[],"gestures":[],"hands":[{"armBasis":[[-0.0320826,-0.840129,-0.541438],[0.972777,0.0981466,-0.209932],[0.22951,-0.533434,0.814109]],"armWidth":66.4635,"confidence":0.531419,"direction":[0.331341,0.145115,-0.932285],"elbow":[156.144,45.9011,256.539],"grabAngle":1.79216,"grabStrength":0.442498,"id":145,"palmNormal":[-0.940752,-0.0246935,-0.338194],"palmPosition":[108.39,213.843,-35.6522],"palmVelocity":[-47.2885,567.32,-30.0124],"palmWidth":91.4443,"pinchDistance":36.4494,"pinchStrength":0.493131,"r":[[0.994579,0.100642,0.0261369],[-0.100386,0.994888,-0.0109384],[-0.0271042,0.00825535,0.999599]],"s":1.08747,"sphereCenter":[54.8863,209.998,-73.3864],"sphereRadius":61.0447,"stabilizedPalmPosition":[108.507,212.446,-35.5693],"t":[1.64366,63.2547,-12.9226],"timeVisible":0.112399,"type":"right","wrist":[93.867,190.647,35.632]}],"id":100258,"interactionBox":{"center":[0,200,0],"size":[235.247,235.247,147.751]},"pointables":[{"bases":[[[0.935102,-0.347611,0.068929],[0.233383,0.750437,0.618366],[-0.266678,-0.562149,0.782861]],[[0.966983,-0.246051,-0.0663539],[0.230564,0.733776,0.639071],[-0.108555,-0.63327,0.76628]],[[0.966983,-0.246051,-0.0663539],[0.254112,0.911281,0.324029],[-0.0192606,-0.330192,0.943717]],[[0.966983,-0.246051,-0.0663539],[0.246823,0.969054,0.00357182],[0.0634217,-0.0198316,0.99779]]],"btipPosition":[86.2615,269.36,-74.382],"carpPosition":[81.6291,226.069,18.64],"dipPosition":[87.7204,268.904,-51.429],"direction":[0.0192606,0.330192,-0.943717],"extended":true,"handId":145,"id":1450,"length":51.2263,"mcpPosition":[81.6291,226.069,18.64],"pipPosition":[87.075,257.838,-19.8019],"stabilizedTipPosition":[86.6196,266.5,-69.5732],"timeVisible":0.112399,"tipPosition":[81.8307,268.862,-69.2105],"tipVelocity":[-2.16104,776.145,157.759],"tool":false,"touchDistance":0.415944,"touchZone":"hovering","type":0,"width":21.4602},{"bases":[[[-0.166395,-0.984696,-0.0518235],[0.966707,-0.173265,0.188298],[-0.194395,-0.0187663,0.980744]],[[-0.157538,-0.982873,-0.0956159],[0.953143,-0.126018,-0.275024],[0.258264,-0.134462,0.956671]],[[-0.157538,-0.982873,-0.0956159],[0.564455,-0.0101761,-0.825401],[0.810291,-0.184003,0.556391]],[[-0.157538,-0.982873,-0.0956159],[0.0125816,0.0948194,-0.995415],[0.987433,-0.158019,-0.00257156]]],"btipPosition":[68.5145,211.758,-111.215],"carpPosition":[107.816,196.76,7.64163],"dipPosition":[86.6486,208.856,-111.262],"direction":[-0.810291,0.184003,-0.556391],"extended":false,"handId":145,"id":1453,"length":63.3281,"mcpPosition":[120.054,197.941,-54.0989],"pipPosition":[108.712,203.846,-96.1126],"stabilizedTipPosition":[67.6734,195.724,-96.3499],"timeVisible":0.112399,"tipPosition":[67.6604,211.035,-101.905],"tipVelocity":[267.819,606.991,-444.529],"tool":false,"touchDistance":-0.477913,"touchZone":"touching","type":3,"width":19.1574},{"bases":[[[-0.345201,-0.937995,0.0316402],[0.908061,-0.325285,0.263847],[-0.237195,0.119811,0.964046]],[[-0.342689,-0.939203,0.0215034],[0.927306,-0.341839,-0.152479],[0.15056,-0.0323126,0.988073]],[[-0.342689,-0.939203,0.0215034],[0.636464,-0.248942,-0.730028],[0.690998,-0.236486,0.683079]],[[-0.342689,-0.939203,0.0215034],[0.237542,-0.108772,-0.965268],[0.908922,-0.325678,0.260375]]],"btipPosition":[80.7379,188.625,-102.303],"carpPosition":[100.832,184.42,5.76052],"dipPosition":[96.1373,183.108,-97.8918],"direction":[-0.690998,0.236486,-0.683079],"extended":false,"handId":145,"id":1454,"length":49.6481,"mcpPosition":[114.654,177.438,-50.419],"pipPosition":[109.422,178.561,-84.7597],"stabilizedTipPosition":[79.7168,173.888,-88.9013],"timeVisible":0.112399,"tipPosition":[78.5462,189.714,-92.8989],"tipVelocity":[264.656,484.521,-307.72],"tool":false,"touchDistance":-0.442578,"touchZone":"hovering","type":4,"width":17.0171},{"bases":[[[0.126708,-0.9507,-0.283046],[0.977002,0.0702765,0.201316],[-0.1715,-0.302045,0.93774]],[[0.119868,-0.961839,-0.245964],[0.902684,0.208722,-0.376292],[0.41327,-0.176922,0.893256]],[[0.119868,-0.961839,-0.245964],[0.420174,0.273617,-0.86521],[0.899492,0.000363341,0.436937]],[[0.119868,-0.961839,-0.245964],[-0.0984574,0.235012,-0.966993],[0.987896,0.140128,-0.0665298]]],"btipPosition":[61.5315,247.539,-102.098],"carpPosition":[104.263,220.097,14.2199],"dipPosition":[78.122,249.892,-103.215],"direction":[-0.899492,-0.000363341,-0.436937],"extended":false,"handId":145,"id":1451,"length":57.8031,"mcpPosition":[116.944,242.43,-55.1138],"pipPosition":[99.4917,249.901,-92.8348],"stabilizedTipPosition":[63.0817,230.622,-91.6857],"timeVisible":0.112399,"tipPosition":[62.4961,245.932,-93.3314],"tipVelocity":[157.193,708.895,-430.534],"tool":false,"touchDistance":-0.205366,"touchZone":"hovering","type":1,"width":20.4988},{"bases":[[[-0.0660516,-0.980724,-0.183896],[0.980356,-0.0981107,0.171105],[-0.185849,-0.168982,0.967939]],[[-0.0619267,-0.976748,-0.20525],[0.946901,0.00751127,-0.321437],[0.315505,-0.214257,0.924419]],[[-0.0619267,-0.976748,-0.20525],[0.473629,0.152257,-0.867464],[0.878545,-0.150932,0.453188]],[[-0.0619267,-0.976748,-0.20525],[-0.220075,0.213946,-0.951732],[0.973515,-0.0137671,-0.228207]]],"btipPosition":[63.133,235.23,-109.572],"carpPosition":[107.587,208.758,10.5442],"dipPosition":[81.1148,234.976,-113.787],"direction":[-0.878545,0.150932,-0.453188],"extended":false,"handId":145,"id":1452,"length":65.862,"mcpPosition":[120.619,220.607,-57.3242],"pipPosition":[105.671,230.758,-101.121],"stabilizedTipPosition":[64.4294,221.983,-100.636],"timeVisible":0.112399,"tipPosition":[63.0125,233.394,-100.994],"tipVelocity":[161.766,703.72,-374.66],"tool":false,"touchDistance":-0.404154,"touchZone":"touching","type":2,"width":20.1326}],"r":[[0.994579,0.100642,0.0261369],[-0.100386,0.994888,-0.0109384],[-0.0271042,0.00825535,0.999599]],"s":1.08747,"t":[1.64366,63.2547,-12.9226],"timestamp":257833178213},{"currentFrameRate":34.2645,"devices":[],"gestures":[],"hands":[{"armBasis":[[-0.0180544,-0.841941,-0.539267],[0.972554,0.11035,-0.204846],[0.231977,-0.528165,0.816841]],"armWidth":66.4635,"confidence":0.568285,"direction":[0.331076,0.156436,-0.930546],"elbow":[156.537,51.4291,256.248],"grabAngle":1.70187,"grabStrength":0.428414,"id":145,"palmNormal":[-0.939921,-0.0323775,-0.339855],"palmPosition":[107.984,218.565,-36.5156],"palmVelocity":[-40.4838,470.543,-86.0311],"palmWidth":91.4443,"pinchDistance":39.5911,"pinchStrength":0.436764,"r":[[0.992576,0.118054,0.0292557],[-0.117909,0.993002,-0.00662951],[-0.0298336,0.00313078,0.99955]],"s":1.1263,"sphereCenter":[52.2485,213.79,-75.281],"sphereRadius":64.1201,"stabilizedPalmPosition":[108.096,217.25,-36.3121],"t":[1.1896,71.3202,-14.4135],"timeVisible":0.122434,"type":"right","wrist":[93.5907,194.746,34.5999]}],"id":100259,"interactionBox":{"center":[0,200,0],"size":[235.247,235.247,147.751]},"pointables":[{"bases":[[[0.938811,-0.337744,0.0675412],[0.224103,0.747886,0.624855],[-0.261554,-0.571485,0.777814]],[[0.968987,-0.239498,-0.0608721],[0.220669,0.727761,0.649361],[-0.11122,-0.642655,0.75804]],[[0.968987,-0.239498,-0.0608721],[0.245815,0.908986,0.336631],[-0.0252904,-0.341154,0.939667]],[[0.968987,-0.239498,-0.0608721],[0.24144,0.970047,0.0267505],[0.0526422,-0.0406178,0.997787]]],"btipPosition":[86.2247,274.654,-74.6398],"carpPosition":[81.0085,230.046,17.8331],"dipPosition":[87.4356,273.72,-51.6868],"direction":[0.0252904,0.341154,-0.939667],"extended":true,"handId":145,"id":1450,"length":51.2263,"mcpPosition":[81.0085,230.046,17.8331],"pipPosition":[86.5881,262.286,-20.1954],"stabilizedTipPosition":[86.5368,272.145,-69.422],"timeVisible":0.122434,"tipPosition":[81.2148,273.614,-69.6447],"tipVelocity":[-9.35477,516.59,-25.6872],"tool":false,"touchDistance":0.403816,"touchZone":"hovering","type":0,"width":21.4602},{"bases":[[[-0.155346,-0.986027,-0.0601456],[0.968298,-0.164043,0.188383],[-0.195617,-0.0289744,0.980252]],[[-0.148004,-0.984281,-0.0963616],[0.964181,-0.12192,-0.235565],[0.220113,-0.127775,0.96707]],[[-0.148004,-0.984281,-0.0963616],[0.611233,-0.0144392,-0.791319],[0.777489,-0.176018,0.603762]],[[-0.148004,-0.984281,-0.0963616],[0.0964777,0.0826005,-0.991902],[0.98427,-0.156102,0.082736]]],"btipPosition":[70.9384,216.217,-115.503],"carpPosition":[107.537,201.122,6.63601],"dipPosition":[89.0144,213.35,-113.984],"direction":[-0.777489,0.176018,-0.603763],"extended":false,"handId":145,"id":1453,"length":63.3281,"mcpPosition":[119.851,202.946,-55.0736],"pipPosition":[110.185,208.557,-97.5439],"stabilizedTipPosition":[69.376,200.274,-100.663],"timeVisible":0.122434,"tipPosition":[69.0214,215.786,-105.462],"tipVelocity":[240.214,445.068,-391.385],"tool":false,"touchDistance":-0.517369,"touchZone":"touching","type":3,"width":19.1574},{"bases":[[[-0.334783,-0.942004,0.0234181],[0.911237,-0.317321,0.262593],[-0.239932,0.109251,0.964623]],[[-0.333936,-0.942383,0.0200186],[0.936163,-0.334059,-0.109562],[0.109936,-0.0178459,0.993778]],[[-0.333936,-0.942383,0.0200186],[0.674105,-0.253607,-0.693733],[0.658839,-0.218168,0.719954]],[[-0.333936,-0.942383,0.0200186],[0.289663,-0.122807,-0.949217],[0.896985,-0.311179,0.313983]]],"btipPosition":[82.9907,192.441,-105.27],"carpPosition":[100.693,188.721,4.64299],"dipPosition":[98.1878,187.169,-99.9501],"direction":[-0.658839,0.218168,-0.719954],"extended":false,"handId":145,"id":1454,"length":49.6481,"mcpPosition":[114.675,182.354,-51.5701],"pipPosition":[110.854,182.975,-86.1092],"stabilizedTipPosition":[81.6826,178.924,-93.2995],"timeVisible":0.122434,"tipPosition":[79.8197,194.021,-95.6695],"tipVelocity":[219.851,385.859,-274.811],"tool":false,"touchDistance":-0.468019,"touchZone":"hovering","type":4,"width":17.0171},{"bases":[[[0.1377,-0.946877,-0.290624],[0.975862,0.0794825,0.203412],[-0.169506,-0.311618,0.934966]],[[0.128215,-0.962516,-0.239006],[0.921501,0.204706,-0.330046],[0.366601,-0.177928,0.913206]],[[0.128215,-0.962516,-0.239006],[0.502392,0.270821,-0.821132],[0.855081,-0.0147935,0.518284]],[[0.128215,-0.962516,-0.239006],[0.0171579,0.243112,-0.969847],[0.991598,0.120248,0.0476852]]],"btipPosition":[63.7988,253.249,-107.406],"carpPosition":[103.714,224.363,13.3996],"dipPosition":[80.4515,255.269,-106.606],"direction":[-0.855081,0.0147935,-0.518284],"extended":false,"handId":145,"id":1451,"length":57.8031,"mcpPosition":[116.247,247.404,-55.729],"pipPosition":[100.766,254.917,-94.2924],"stabilizedTipPosition":[65.015,240.44,-98.2912],"timeVisible":0.122434,"tipPosition":[63.3221,251.415,-97.4198],"tipVelocity":[227.365,561.397,-485.021],"tool":false,"touchDistance":-0.28617,"touchZone":"hovering","type":1,"width":20.4988},{"bases":[[[-0.0548585,-0.979856,-0.192024],[0.981134,-0.0886034,0.171828],[-0.18538,-0.178976,0.966231]],[[-0.0524348,-0.977437,-0.204616],[0.957958,0.00864455,-0.28678],[0.282078,-0.211051,0.93589]],[[-0.0524348,-0.977437,-0.204616],[0.521634,0.147914,-0.840249],[0.851556,-0.150793,0.502109]],[[-0.0524348,-0.977437,-0.204616],[-0.120963,0.209606,-0.970275],[0.991271,-0.0261252,-0.129224]]],"btipPosition":[64.6926,240.338,-114.099],"carpPosition":[107.17,213.093,9.63635],"dipPosition":[83.0024,239.855,-116.486],"direction":[-0.851556,0.150793,-0.502109],"extended":false,"handId":145,"id":1452,"length":65.862,"mcpPosition":[120.168,225.642,-58.1122],"pipPosition":[106.804,235.641,-102.452],"stabilizedTipPosition":[65.7142,227.222,-104.659],"timeVisible":0.122434,"tipPosition":[63.8384,238.584,-104.478],"tipVelocity":[162.935,503.745,-409.239],"tool":false,"touchDistance":-0.453673,"touchZone":"touching","type":2,"width":20.1326}],"r":[[0.992576,0.118054,0.0292557],[-0.117909,0.993002,-0.00662951],[-0.0298336,0.00313078,0.99955]],"s":1.1263,"t":[1.1896,71.3202,-14.4135],"timestamp":257833188248},{"currentFrameRate":37.4511,"devices":[],"gestures":[],"hands":[{"armBasis":[[-0.00834717,-0.841531,-0.540144],[0.972793,0.118231,-0.199234],[0.231524,-0.527112,0.817649]],"armWidth":6