{"frames":307,"data":[{"currentFrameRate":25.9067,"devices":[],"gestures":[],"hands":[],"id":100950,"interactionBox":{"center":[0,200,0],"size":[235.247,235.247,147.751]},"pointables":[],"r":[[-0.962136,-0.269906,0.0380192],[0.215739,-0.839331,-0.498979],[0.166588,-0.471883,0.86578]],"s":0.686793,"t":[505.899,-233.461,348.339],"timestamp":257849455083},{"currentFrameRate":25.9022,"devices":[],"gestures":[],"hands":[],"id":100951,"interactionBox":{"center":[0,200,0],"size":[235.247,235.247,147.751]},"pointables":[],"r":[[-0.962136,-0.269906,0.0380192],[0.215739,-0.839331,-0.498979],[0.166588,-0.471883,0.86578]],"s":0.686793,"t":[505.899,-233.461,348.339],"timestamp":257849493721},{"currentFrameRate":25.9114,"devices":[],"gestures":[],"hands":[],"id":100952,"interactionBox":{"center":[0,200,0],"size":[235.247,235.247,147.751]},"pointables":[],"r":[[-0.962136,-0.269906,0.0380192],[0.215739,-0.839331,-0.498979],[0.166588,-0.471883,0.86578]],"s":0.686793,"t":[505.899,-233.461,348.339],"timestamp":257849532250},{"currentFrameRate":25.9028,"devices":[],"gestures":[],"hands":[],"id":100953,"interactionBox":{"center":[0,200,0],"size":[235.247,235.247,147.751]},"pointables":[],"r":[[-0.962136,-0.269906,0.0380192],[0.215739,-0.839331,-0.498979],[0.166588,-0.471883,0.86578]],"s":0.686793,"t":[505.899,-233.461,348.339],"timestamp":257849570916},{"currentFrameRate":25.9058,"devices":[],"gestures":[],"hands":[],"id":100954,"interactionBox":{"center":[0,200,0],"size":[235.247,235.247,147.751]},"pointables":[],"r":[[-0.962136,-0.269906,0.0380192],[0.215739,-0.839331,-0.498979],[0.166588,-0.471883,0.86578]],"s":0.686793,"t":[505.899,-233.461,348.339],"timestamp":257849609496},{"currentFrameRate":25.903,"devices":[],"gestures":[],"hands":[],"id":100955,"interactionBox":{"center":[0,200,0],"size":[235.247,235.247,147.751]},"pointables":[],"r":[[-0.962136,-0.269906,0.0380192],[0.215739,-0.839331,-0.498979],[0.166588,-0.471883,0.86578]],"s":0.686793,"t":[505.899,-233.461,348.339],"timestamp":257849648121},{"currentFrameRate":25.9046,"devices":[],"gestures":[],"hands":[],"id":100956,"interactionBox":{"center":[0,200,0],"size":[235.247,235.247,147.751]},"pointables":[],"r":[[-0.962136,-0.269906,0.0380192],[0.215739,-0.839331,-0.498979],[0.166588,-0.471883,0.86578]],"s":0.686793,"t":[505.899,-233.461,348.339],"timestamp":257849686713},{"currentFrameRate":25.8968,"devices":[],"gestures":[],"hands":[],"id":100957,"interactionBox":{"center":[0,200,0],"size":[235.247,235.247,147.751]},"pointables":[],"r":[[-0.962136,-0.269906,0.0380192],[0.215739,-0.839331,-0.498979],[0.166588,-0.471883,0.86578]],"s":0.686793,"t":[505.899,-233.461,348.339],"timestamp":257849725383},{"currentFrameRate":25.9065,"devices":[],"gestures":[],"hands":[],"id":100958,"interactionBox":{"center":[0,200,0],"size":[235.247,235.247,147.751]},"pointables":[],"r":[[-0.962136,-0.269906,0.0380192],[0.215739,-0.839331,-0.498979],[0.166588,-0.471883,0.86578]],"s":0.686793,"t":[505.899,-233.461,348.339],"timestamp":257849763915},{"currentFrameRate":25.8781,"devices":[],"gestures":[],"hands":[],"id":100959,"interactionBox":{"center":[0,200,0],"size":[235.247,235.247,147.751]},"pointables":[],"r":[[-0.962136,-0.269906,0.0380192],[0.215739,-0.839331,-0.498979],[0.166588,-0.471883,0.86578]],"s":0.686793,"t":[505.899,-233.461,348.339],"timestamp":257849802757},{"currentFrameRate":25.8913,"devices":[],"gestures":[],"hands":[],"id":100960,"interactionBox":{"center":[0,200,0],"size":[235.247,235.247,147.751]},"pointables":[],"r":[[-0.962136,-0.269906,0.0380192],[0.215739,-0.839331,-0.498979],[0.166588,-0.471883,0.86578]],"s":0.686793,"t":[505.899,-233.461,348.339],"timestamp":257849841287},{"currentFrameRate":25.9132,"devices":[],"gestures":[],"hands":[],"id":100961,"interactionBox":{"center":[0,200,0],"size":[235.247,235.247,147.751]},"pointables":[],"r":[[-0.962136,-0.269906,0.0380192],[0.215739,-0.839331,-0.498979],[0.166588,-0.471883,0.86578]],"s":0.686793,"t":[505.899,-233.461,348.339],"timestamp":257849879724},{"currentFrameRate":25.903,"devices":[],"gestures":[],"hands":[],"id":100962,"interactionBox":{"center":[0,200,0],"size":[235.247,235.247,147.751]},"pointables":[],"r":[[-0.962136,-0.269906,0.0380192],[0.215739,-0.839331,-0.498979],[0.166588,-0.471883,0.86578]],"s":0.686793,"t":[505.899,-233.461,348.339],"timestamp":257849918401},{"currentFrameRate":25.9117,"devices":[],"gestures":[],"hands":[{"armBasis":[[-0.1665,-0.954629,-0.246904],[0.985828,-0.155951,-0.0618248],[0.0205148,-0.253698,0.967066]],"armWidth":64.0382,"confidence":0,"direction":[0.302893,-0.0246466,-0.952706],"elbow":[84.9587,102.242,299.748],"grabAngle":3.11956,"grabStrength":1,"id":146,"palmNormal":[-0.939885,0.157701,-0.302897],"palmPosition":[96.0948,180.537,-36.8215],"palmVelocity":[1.19209e-7,1.19209e-7,1.19209e-7],"palmWidth":91.4443,"pinchDistance":22.6261,"pinchStrength":0.801945,"r":[[1,-3.1225e-18,0],[3.1225e-18,1,-6.93889e-19],[2.16667e-36,6.93889e-19,1]],"s":1,"sphereCenter":[55.8155,178.887,-66.2172],"sphereRadius":41.2151,"stabilizedPalmPosition":[96.0948,180.537,-36.8215],"t":[0,0,0],"timeVisible":0,"type":"right","wrist":[79.392,171.083,37.3368]}],"id":100963,"interactionBox":{"center":[0,200,0],"size":[235.247,235.247,147.751]},"pointables":[{"bases":[[[0.836302,-0.5431,0.0751156],[0.429044,0.733569,0.527066],[-0.341352,-0.408558,0.846498]],[[0.896614,-0.416635,-0.149992],[0.436471,0.77441,0.45802],[-0.0746715,-0.476134,0.876197]],[[0.896614,-0.416635,-0.149992],[0.43664,0.888211,0.142923],[0.0736783,-0.193639,0.978302]],[[0.896614,-0.416635,-0.149992],[0.391023,0.903907,-0.173361],[0.207807,0.096787,0.97337]]],"btipPosition":[72.1382,231.952,-83.6708],"carpPosition":[75.8046,203.707,16.7017],"dipPosition":[77.0259,234.228,-60.7767],"direction":[-0.0736783,0.193639,-0.978302],"extended":false,"handId":146,"id":1460,"length":52.3766,"mcpPosition":[75.8046,203.707,16.7017],"pipPosition":[79.5506,227.593,-27.2543],"stabilizedTipPosition":[73.2624,232.475,-78.4051],"timeVisible":0,"tipPosition":[73.2624,232.475,-78.4051],"tipVelocity":[1.19209e-7,1.19209e-7,1.19209e-7],"tool":false,"touchDistance":0.357257,"touchZone":"hovering","type":0,"width":20.3511},{"bases":[[[-0.104613,-0.977303,-0.184213],[0.977708,-0.134973,0.16084],[-0.182053,-0.163281,0.969637]],[[-0.129359,-0.990579,-0.0449282],[0.68093,-0.0558027,-0.730219],[0.720833,-0.125053,0.681734]],[[-0.129359,-0.990579,-0.0449282],[-0.582611,0.11259,-0.804915],[0.80239,-0.0779473,-0.591687]],[[-0.129359,-0.990579,-0.0449282],[-0.952657,0.136724,-0.271572],[0.275157,0.00767084,-0.961369]]],"btipPosition":[54.3746,211.575,-58.0376],"carpPosition":[96.2532,192.341,12.2092],"dipPosition":[59.0993,211.706,-74.5452],"direction":[-0.802391,0.0779473,0.591687],"extended":false,"handId":146,"id":1461,"length":59.1012,"mcpPosition":[109.714,204.414,-59.4828],"pipPosition":[78.5903,209.813,-88.918],"stabilizedTipPosition":[55.4613,211.605,-61.8344],"timeVisible":0,"tipPosition":[55.4613,211.605,-61.8344],"tipVelocity":[1.19209e-7,1.19209e-7,1.19209e-7],"tool":false,"touchDistance":0.333333,"touchZone":"none","type":1,"width":19.4394},{"bases":[[[-0.293379,-0.952953,-0.0762204],[0.941712,-0.301807,0.14863],[-0.164641,-0.0281727,0.985951]],[[-0.302724,-0.952927,-0.0169617],[0.576221,-0.168819,-0.799668],[0.759162,-0.251852,0.600202]],[[-0.302724,-0.952927,-0.0169617],[-0.678863,0.228083,-0.697943],[0.668957,-0.199769,-0.715953]],[[-0.302724,-0.952927,-0.0169617],[-0.948926,0.303017,-0.0878611],[0.0888649,-0.0105023,-0.995988]]],"btipPosition":[50.7264,200.326,-49.2796],"carpPosition":[96.753,180.243,9.65528],"dipPosition":[52.4046,200.128,-68.0897],"direction":[-0.668957,0.199769,0.715953],"extended":false,"handId":146,"id":1462,"length":67.341,"mcpPosition":[108.297,182.218,-59.476],"pipPosition":[71.5224,194.418,-88.5505],"stabilizedTipPosition":[51.1124,200.28,-53.606],"timeVisible":0,"tipPosition":[51.1124,200.28,-53.606],"tipVelocity":[1.19209e-7,1.19209e-7,1.19209e-7],"tool":false,"touchDistance":0.333333,"touchZone":"none","type":2,"width":19.0921},{"bases":[[[-0.38456,-0.921231,0.0587152],[0.912617,-0.369864,0.174159],[-0.138724,0.120559,0.982966]],[[-0.391318,-0.913623,0.110285],[0.5599,-0.331478,-0.759364],[0.73033,-0.235404,0.641251]],[[-0.391318,-0.913623,0.110285],[-0.643707,0.186105,-0.742298],[0.657656,-0.361466,-0.660932]],[[-0.391318,-0.913623,0.110285],[-0.913105,0.370568,-0.170055],[0.114498,-0.167248,-0.979244]]],"btipPosition":[49.6164,184.47,-45.8458],"carpPosition":[94.1364,168.285,8.04043],"dipPosition":[51.7663,181.329,-64.2333],"direction":[-0.657656,0.361466,0.660932],"extended":false,"handId":146,"id":1463,"length":64.7502,"mcpPosition":[102.869,160.696,-53.84],"pipPosition":[70.0757,171.266,-82.6339],"stabilizedTipPosition":[50.1109,183.748,-50.0749],"timeVisible":0,"tipPosition":[50.1109,183.748,-50.0749],"tipVelocity":[1.19209e-7,1.19209e-7,1.19209e-7],"tool":false,"touchDistance":0.333333,"touchZone":"none","type":3,"width":18.1673},{"bases":[[[-0.5435,-0.827225,0.1425],[0.825829,-0.496532,0.267325],[-0.150382,0.262971,0.953012]],[[-0.527664,-0.847626,0.0556855],[0.591524,-0.413701,-0.692062],[0.609647,-0.332237,0.719687]],[[-0.527664,-0.847626,0.0556855],[-0.473893,0.239335,-0.847434],[0.70498,-0.473549,-0.527972]],[[-0.527664,-0.847626,0.0556855],[-0.817229,0.48867,-0.305512],[0.231748,-0.206716,-0.950558]]],"btipPosition":[53.708,167.109,-46.5553],"carpPosition":[84.4808,157.738,7.71136],"dipPosition":[57.7226,163.528,-63.0217],"direction":[-0.70498,0.473549,0.527972],"extended":false,"handId":146,"id":1464,"length":50.763,"mcpPosition":[93.2443,142.413,-47.8251],"pipPosition":[71.58,154.22,-73.3998],"stabilizedTipPosition":[54.6314,166.285,-50.3426],"timeVisible":0,"tipPosition":[54.6314,166.285,-50.3426],"tipVelocity":[1.19209e-7,1.19209e-7,1.19209e-7],"tool":false,"touchDistance":0.333333,"touchZone":"none","type":4,"width":16.1376}],"r":[[1,-3.1225e-18,0],[3.1225e-18,1,-6.93889e-19],[2.16667e-36,6.93889e-19,1]],"s":1,"t":[0,0,0],"timestamp":257849956933},{"currentFrameRate":25.9073,"devices":[],"gestures":[],"hands":[{"armBasis":[[-0.0436468,-0.971639,-0.232406],[0.992769,-0.016144,-0.118952],[0.111826,-0.235917,0.965317]],"armWidth":66.4635,"confidence":0.20074,"direction":[0.310573,0.103963,-0.944847],"elbow":[110.044,113.291,299.9],"grabAngle":3.02852,"grabStrength":1,"id":146,"palmNormal":[-0.950063,0.0657609,-0.305051],"palmPosition":[94.8749,194.62,-34.9862],"palmVelocity":[-31.5789,364.556,47.5105],"palmWidth":91.4443,"pinchDistance":14.3425,"pinchStrength":0.872247,"r":[[0.999673,0.0252716,0.0038698],[-0.0253394,0.999506,0.0186076],[-0.00339765,-0.0186995,0.999819]],"s":0.968583,"sphereCenter":[56.4155,189.883,-64.7821],"sphereRadius":39.8885,"stabilizedPalmPosition":[95.2502,190.286,-35.5509],"t":[-0.609947,7.0414,0.917666],"timeVisible":0.03863,"type":"right","wrist":[79.6998,177.307,37.9625]}],"id":100964,"interactionBox":{"center":[0,200,0],"size":[235.247,235.247,147.751]},"pointables":[{"bases":[[[0.898124,-0.437873,0.040512],[0.328157,0.728699,0.601091],[-0.292722,-0.52656,0.798153]],[[0.944463,-0.264826,-0.19457],[0.328207,0.789784,0.51819],[0.0164385,-0.55327,0.83284]],[[0.944463,-0.264826,-0.19457],[0.282539,0.956752,0.0692563],[0.167815,-0.120384,0.978441]],[[0.944463,-0.264826,-0.19457],[0.235364,0.95833,-0.161886],[0.229334,0.1071,0.967438]]],"btipPosition":[59.6792,239.205,-76.7715],"carpPosition":[71.4035,209.879,20.055],"dipPosition":[64.9548,241.669,-54.5167],"direction":[-0.167815,0.120384,-0.978441],"extended":false,"handId":146,"id":1460,"length":51.2263,"mcpPosition":[71.4035,209.879,20.055],"pipPosition":[70.5788,237.635,-21.7259],"stabilizedTipPosition":[65.82,236.865,-74.3426],"timeVisible":0.03863,"tipPosition":[63.8061,243.94,-71.8549],"tipVelocity":[-320.212,188.883,174.792],"tool":false,"touchDistance":0.456147,"touchZone":"hovering","type":0,"width":21.4602},{"bases":[[[0.0221578,-0.960861,-0.276145],[0.985726,-0.0251128,0.166476],[-0.166895,-0.275892,0.946589]],[[0.0159478,-0.970439,-0.240819],[0.593232,0.203062,-0.779],[0.804873,-0.130438,0.578934]],[[0.0159478,-0.970439,-0.240819],[-0.662471,0.170144,-0.729508],[0.748917,0.17117,-0.640175]],[[0.0159478,-0.970439,-0.240819],[-0.987523,0.0224507,-0.155867],[0.156666,0.2403,-0.957973]]],"btipPosition":[51.0939,219.465,-48.2159],"carpPosition":[93.1664,201.66,14.9226],"dipPosition":[53.7249,223.501,-64.3039],"direction":[-0.748917,-0.17117,0.640175],"extended":false,"handId":146,"id":1461,"length":57.8031,"mcpPosition":[105.506,222.059,-55.0653],"pipPosition":[71.5174,227.567,-79.5129],"stabilizedTipPosition":[54.746,213.276,-59.9487],"timeVisible":0.03863,"tipPosition":[51.0951,221.831,-55.8531],"tipVelocity":[-97.3922,227.496,256.751],"tool":false,"touchDistance":0.333333,"touchZone":"none","type":1,"width":20.4988},{"bases":[[[-0.168963,-0.970846,-0.170025],[0.971377,-0.193247,0.138135],[-0.166965,-0.141819,0.97571]],[[-0.170486,-0.972106,-0.161075],[0.639883,0.0150874,-0.768324],[0.749323,-0.234058,0.619462]],[[-0.170486,-0.972106,-0.161075],[-0.578625,0.231082,-0.782172],[0.797576,-0.0401476,-0.601881]],[[-0.170486,-0.972106,-0.161075],[-0.948213,0.206314,-0.241511],[0.268006,0.111559,-0.956936]]],"btipPosition":[44.1859,210.113,-51.9964],"carpPosition":[95.2228,190.018,11.2666],"dipPosition":[49.1362,212.173,-69.672],"direction":[-0.797576,0.0401476,0.601881],"extended":false,"handId":146,"id":1462,"length":65.862,"mcpPosition":[106.93,199.962,-57.1467],"pipPosition":[71.429,211.051,-86.495],"stabilizedTipPosition":[48.022,205.783,-54.9172],"timeVisible":0.03863,"tipPosition":[47.0698,210.202,-52.4038],"tipVelocity":[-149.83,266.794,-63.573],"tool":false,"touchDistance":0.333333,"touchZone":"none","type":2,"width":20.1326},{"bases":[[[-0.264434,-0.963786,-0.0345145],[0.951006,-0.266538,0.156668],[-0.160194,0.00860491,0.987048]],[[-0.259134,-0.963563,-0.0663084],[0.647876,-0.122497,-0.751832],[0.716314,-0.237785,0.656012]],[[-0.259134,-0.963563,-0.0663084],[-0.530222,0.199305,-0.824101],[0.807288,-0.178394,-0.562549]],[[-0.259134,-0.963563,-0.0663084],[-0.917395,0.267026,-0.2951],[0.302054,-0.0156396,-0.953163]]],"btipPosition":[45.2615,193.078,-49.6267],"carpPosition":[94.1636,178.033,8.49819],"dipPosition":[50.8087,192.791,-67.1314],"direction":[-0.807288,0.178394,0.562549],"extended":false,"handId":146,"id":1463,"length":63.3281,"mcpPosition":[104.248,177.491,-53.6392],"pipPosition":[72.7902,187.934,-82.449],"stabilizedTipPosition":[48.772,187.219,-51.4154],"timeVisible":0.03863,"tipPosition":[48.2458,193.174,-50.2034],"tipVelocity":[-92.5061,239.829,-92.6193],"tool":false,"touchDistance":0.333333,"touchZone":"none","type":3,"width":19.1574},{"bases":[[[-0.434672,-0.898935,0.0545491],[0.880386,-0.411383,0.235976],[-0.189687,0.150597,0.970227]],[[-0.423062,-0.9061,-0.00125577],[0.654197,-0.304488,-0.692324],[0.626932,-0.293718,0.721586]],[[-0.423062,-0.9061,-0.00125577],[-0.3835,0.180313,-0.905768],[0.820942,-0.382714,-0.423773]],[[-0.423062,-0.9061,-0.00125577],[-0.81478,0.38103,-0.436978],[0.396424,-0.183846,-0.899471]]],"btipPosition":[52.6996,178.335,-51.2278],"carpPosition":[85.9336,166.43,7.00472],"dipPosition":[59.416,175.22,-66.467],"direction":[-0.820942,0.382714,0.423773],"extended":false,"handId":146,"id":1464,"length":49.6481,"mcpPosition":[96.9876,157.654,-49.535],"pipPosition":[75.1984,167.862,-74.6139],"stabilizedTipPosition":[54.4559,171.424,-52.3331],"timeVisible":0.03863,"tipPosition":[55.3087,176.851,-51.6183],"tipVelocity":[-10.0188,293.367,-113.648],"tool":false,"touchDistance":0.333333,"touchZone":"none","type":4,"width":17.0171}],"r":[[0.999673,0.0252716,0.0038698],[-0.0253394,0.999506,0.0186076],[-0.00339765,-0.0186995,0.999819]],"s":0.968583,"t":[-0.609947,7.0414,0.917666],"timestamp":257849995563},{"currentFrameRate":26.9597,"devices":[],"gestures":[],"hands":[{"armBasis":[[-0.074293,-0.940938,-0.330327],[0.968218,0.0112666,-0.249852],[0.238817,-0.338391,0.910197]],"armWidth":66.4635,"confidence":0.345915,"direction":[0.300356,0.112895,-0.947122],"elbow":[146.974,97.8784,284.63],"grabAngle":3.00297,"grabStrength":1,"id":146,"palmNormal":[-0.953603,0.0570501,-0.295611],"palmPosition":[95.1879,208.797,-35.1605],"palmVelocity":[10.4844,474.81,-5.84015],"palmWidth":91.4443,"pinchDistance":14.7394,"pinchStrength":0.922013,"r":[[0.998851,0.0476175,0.00546991],[-0.0477789,0.998257,0.0346413],[-0.00381084,-0.0348629,0.999385]],"s":0.941689,"sphereCenter":[57.0578,208.257,-64.3871],"sphereRadius":39.0003,"stabilizedPalmPosition":[95.1899,208.205,-35.173],"t":[-0.758398,17.6505,1.28931],"timeVisible":0.068488,"type":"right","wrist":[82.171,189.7,37.6501]}],"id":100965,"interactionBox":{"center":[0,200,0],"size":[235.247,235.247,147.751]},"pointables":[{"bases":[[[0.903224,-0.428163,0.0293717],[0.325874,0.728757,0.602262],[-0.279271,-0.534406,0.797758]],[[0.94516,-0.236389,-0.225371],[0.32452,0.757595,0.566336],[0.0368647,-0.608416,0.792762]],[[0.94516,-0.236389,-0.225371],[0.264796,0.958563,0.105073],[0.191195,-0.158988,0.96859]],[[0.94516,-0.236389,-0.225371],[0.144934,0.921942,-0.359189],[0.292688,0.306827,0.905644]]],"btipPosition":[57.0883,252.267,-72.8734],"carpPosition":[72.0782,223.474,20.1909],"dipPosition":[63.8213,259.325,-52.0401],"direction":[-0.191195,0.158988,-0.96859],"extended":false,"handId":146,"id":1460,"length":51.2263,"mcpPosition":[72.0782,223.474,20.1909],"pipPosition":[70.2288,253.997,-19.5795],"stabilizedTipPosition":[59.2391,252.463,-68.6067],"timeVisible":0.068488,"tipPosition":[62.2828,257.142,-70.7476],"tipVelocity":[-75.5478,472.838,119.604],"tool":false,"touchDistance":0.497433,"touchZone":"hovering","type":0,"width":21.4602},{"bases":[[[0.0300633,-0.95893,-0.282045],[0.98749,-0.0152031,0.156946],[-0.154789,-0.283235,0.946477]],[[0.0328343,-0.953697,-0.298973],[0.586674,0.260568,-0.766758],[0.809158,-0.150223,0.568064]],[[0.0328343,-0.953697,-0.298973],[-0.690597,0.194591,-0.696571],[0.722494,0.229341,-0.65223]],[[0.0328343,-0.953697,-0.298973],[-0.989891,0.0102642,-0.141455],[0.137974,0.300595,-0.943719]]],"btipPosition":[51.6731,232.315,-47.821],"carpPosition":[93.88,215.527,14.8032],"dipPosition":[53.9902,237.363,-63.6696],"direction":[-0.722494,-0.229341,0.65223],"extended":false,"handId":146,"id":1461,"length":57.8031,"mcpPosition":[105.325,236.468,-55.1765],"pipPosition":[71.155,242.812,-79.165],"stabilizedTipPosition":[53.0664,226.634,-54.3393],"timeVisible":0.068488,"tipPosition":[50.9934,235.511,-55.2048],"tipVelocity":[16.9804,438.175,15.0688],"tool":false,"touchDistance":0.333333,"touchZone":"none","type":1,"width":20.4988},{"bases":[[[-0.159912,-0.971644,-0.174175],[0.974718,-0.183317,0.127746],[-0.156052,-0.149343,0.976393]],[[-0.1543,-0.965762,-0.208556],[0.6587,0.0567776,-0.75026],[0.736414,-0.253141,0.627387]],[[-0.1543,-0.965762,-0.208556],[-0.545394,0.259265,-0.797074],[0.823855,-0.00924324,-0.566726]],[[-0.1543,-0.965762,-0.208556],[-0.937631,0.209683,-0.277274],[0.311511,0.152765,-0.937883]]],"btipPosition":[43.3004,223.831,-53.9623],"carpPosition":[96.029,203.929,11.0586],"dipPosition":[49.0543,226.652,-71.286],"direction":[-0.823855,0.00924324,0.566726],"extended":false,"handId":146,"id":1462,"length":65.862,"mcpPosition":[106.971,214.401,-57.4025],"pipPosition":[72.0816,226.394,-87.1264],"stabilizedTipPosition":[44.888,223.026,-57.7111],"timeVisible":0.068488,"tipPosition":[46.7038,224.027,-52.8746],"tipVelocity":[-23.4664,465.304,-63.1304],"tool":false,"touchDistance":0.333333,"touchZone":"none","type":2,"width":20.1326},{"bases":[[[-0.254154,-0.966428,-0.037723],[0.955331,-0.256936,0.146035],[-0.150825,0.00107748,0.98856]],[[-0.244652,-0.964753,-0.0969331],[0.663753,-0.0937641,-0.742052],[0.706808,-0.245884,0.663297]],[[-0.244652,-0.964753,-0.0969331],[-0.503783,0.211896,-0.837438],[0.828461,-0.156048,-0.537867]],[[-0.244652,-0.964753,-0.0969331],[-0.915824,0.262757,-0.303684],[0.318451,0.0144766,-0.947829]]],"btipPosition":[45.1229,206.663,-51.0807],"carpPosition":[95.075,191.949,8.22932],"dipPosition":[50.9713,206.929,-68.4875],"direction":[-0.828461,0.156048,0.537867],"extended":false,"handId":146,"id":1463,"length":63.3281,"mcpPosition":[104.57,191.881,-54.0033],"pipPosition":[73.5293,202.68,-83.133],"stabilizedTipPosition":[46.7831,204.057,-54.5826],"timeVisible":0.068488,"tipPosition":[48.2244,206.903,-50.4905],"tipVelocity":[-2.3206,459.236,-47.9412],"tool":false,"touchDistance":0.333333,"touchZone":"none","type":3,"width":19.1574},{"bases":[[[-0.424233,-0.903981,0.0533384],[0.887068,-0.403011,0.22515],[-0.182035,0.142831,0.972863]],[[-0.408077,-0.912585,-0.0257164],[0.685318,-0.287597,-0.669049],[0.603168,-0.290648,0.742773]],[[-0.408077,-0.912585,-0.0257164],[-0.347805,0.181447,-0.919842],[0.8441,-0.366422,-0.391446]],[[-0.408077,-0.912585,-0.0257164],[-0.805375,0.373116,-0.460603],[0.429935,-0.16725,-0.887234]]],"btipPosition":[53.092,191.921,-53.206],"carpPosition":[86.959,180.265,6.74527],"dipPosition":[60.3762,189.088,-68.2379],"direction":[-0.8441,0.366422,0.391446],"extended":false,"handId":146,"id":1464,"length":49.6481,"mcpPosition":[97.5671,171.942,-49.9481],"pipPosition":[76.6038,182.043,-75.7634],"stabilizedTipPosition":[54.7295,188.854,-56.1362],"timeVisible":0.068488,"tipPosition":[55.5494,190.762,-52.1678],"tipVelocity":[17.5175,457.216,-64.6592],"tool":false,"touchDistance":0.333333,"touchZone":"none","type":4,"width":17.0171}],"r":[[0.998851,0.0476175,0.00546991],[-0.0477789,0.998257,0.0346413],[-0.00381084,-0.0348629,0.999385]],"s":0.941689,"t":[-0.758398,17.6505,1.28931],"timestamp":257850025421},{"currentFrameRate":29.7296,"devices":[],"gestures":[],"hands":[{"armBasis":[[-0.0943509,-0.920029,-0.380321],[0.954872,0.0244397,-0.296009],[0.281632,-0.391087,0.876205]],"armWidth":66.4635,"confidence":0.41678,"direction":[0.300191,0.140993,-0.943401],"elbow":[158.713,87.0797,274.658],"grabAngle":2.98391,"grabStrength":1,"id":146,"palmNormal":[-0.953608,0.0679165,-0.293289],"palmPosition":[94.8307,214.806,-35.2178],"palmVelocity":[-22.677,381.417,-3.63518],"palmWidth":91.4443,"pinchDistance":10.4746,"pinchStrength":1,"r":[[0.997858,0.0650166,0.00723015],[-0.0653111,0.99643,0.0534934],[-0.00372638,-0.0538511,0.998542]],"s":0.907544,"sphereCenter":[56.8487,214.678,-64.259],"sphereRadius":38.4256,"stabilizedPalmPosition":[94.8711,214.062,-35.2127],"t":[-1.01125,25.9595,1.4465],"timeVisible":0.084242,"type":"right","wrist":[82.293,193.2,36.9017]}],"id":100966,"interactionBox":{"center":[0,200,0],"size":[235.247,235.247,147.751]},"pointables":[{"bases":[[[0.902367,-0.430673,0.0159299],[0.327599,0.70948,0.623953],[-0.280022,-0.557817,0.781299]],[[0.944181,-0.221612,-0.243741],[0.323685,0.761635,0.561373],[0.0612346,-0.608934,0.790854]],[[0.944181,-0.221612,-0.243741],[0.242879,0.968164,0.0605747],[0.222557,-0.116393,0.967947]],[[0.944181,-0.221612,-0.243741],[0.109043,0.908433,-0.403558],[0.310856,0.354453,0.881891]]],"btipPosition":[54.0922,254.137,-71.836],"carpPosition":[71.7737,227.842,20.5647],"dipPosition":[61.2431,262.291,-51.549],"direction":[-0.222557,0.116393,-0.967947],"extended":false,"handId":146,"id":1460,"length":51.2263,"mcpPosition":[71.7737,227.842,20.5647],"pipPosition":[68.7017,258.391,-19.11],"stabilizedTipPosition":[56.5208,255.218,-67.4915],"timeVisible":0.084242,"tipPosition":[60.2215,261.921,-68.6966],"tipVelocity":[-184.078,134.758,57.8782],"tool":false,"touchDistance":0.4947,"touchZone":"hovering","type":0,"width":21.4602},{"bases":[[[0.0280044,-0.949984,-0.311041],[0.987522,-0.0219473,0.155943],[-0.154969,-0.311527,0.937516]],[[0.0264495,-0.953059,-0.301627],[0.588919,0.258668,-0.76568],[0.807759,-0.157382,0.568116]],[[0.0264495,-0.953059,-0.301627],[-0.675205,0.205469,-0.708436],[0.737156,0.222398,-0.638075]],[[0.0264495,-0.953059,-0.301627],[-0.986984,0.0229833,-0.159169],[0.15863,0.301911,-0.940046]]],"btipPosition":[50.7274,239.344,-47.434],"carpPosition":[93.5571,220.018,14.9278],"dipPosition":[53.3914,244.414,-63.2209],"direction":[-0.737156,-0.222398,0.638075],"extended":false,"handId":146,"id":1461,"length":57.8031,"mcpPosition":[105.015,243.052,-54.3893],"pipPosition":[70.9045,249.698,-78.38],"stabilizedTipPosition":[51.9435,235.66,-52.2094],"timeVisible":0.084242,"tipPosition":[50.7149,242.12,-54.2528],"tipVelocity":[-54.9647,446.462,25.4678],"tool":false,"touchDistance":0.333333,"touchZone":"none","type":1,"width":20.4988},{"bases":[[[-0.161952,-0.965584,-0.203516],[0.974398,-0.189072,0.121658],[-0.15595,-0.178603,0.971484]],[[-0.157388,-0.960033,-0.231442],[0.662437,0.0711776,-0.745728],[0.732397,-0.270684,0.624759]],[[-0.157388,-0.960033,-0.231442],[-0.54047,0.279886,-0.793446],[0.826511,0.000208551,-0.56292]],[[-0.157388,-0.960033,-0.231442],[-0.935669,0.219922,-0.275965],[0.315835,0.173119,-0.932887]]],"btipPosition":[42.9814,230.679,-53.9189],"carpPosition":[95.6811,208.536,10.8319],"dipPosition":[48.8152,233.877,-71.1503],"direction":[-0.826511,-0.000208551,0.56292],"extended":false,"handId":146,"id":1462,"length":65.862,"mcpPosition":[106.616,221.059,-57.285],"pipPosition":[71.9168,233.883,-86.8844],"stabilizedTipPosition":[44.3959,230.334,-57.8601],"timeVisible":0.084242,"tipPosition":[46.3148,230.685,-52.5854],"tipVelocity":[-19.0818,440.224,4.0988],"tool":false,"touchDistance":0.333333,"touchZone":"none","type":2,"width":20.1326},{"bases":[[[-0.256126,-0.964324,-0.066924],[0.954869,-0.263172,0.137713],[-0.150413,-0.0286318,0.988209]],[[-0.246842,-0.960974,-0.124896],[0.674542,-0.077855,-0.73412],[0.695746,-0.265459,0.667435]],[[-0.246842,-0.960974,-0.124896],[-0.48879,0.234756,-0.840223],[0.836752,-0.146354,-0.527662]],[[-0.246842,-0.960974,-0.124896],[-0.907287,0.274459,-0.318594],[0.340439,0.0346743,-0.939627]]],"btipPosition":[44.5799,213.458,-52.2575],"carpPosition":[94.7016,196.649,7.64064],"dipPosition":[50.832,214.094,-69.5136],"direction":[-0.836752,0.146354,0.527662],"extended":false,"handId":146,"id":1463,"length":63.3281,"mcpPosition":[104.171,198.451,-54.5698],"pipPosition":[73.6158,210.109,-83.8813],"stabilizedTipPosition":[46.1525,211.924,-55.9371],"timeVisible":0.084242,"tipPosition":[47.7331,213.482,-50.9568],"tipVelocity":[-28.577,436.711,-72.4996],"tool":false,"touchDistance":0.333333,"touchZone":"none","type":3,"width":19.1574},{"bases":[[[-0.426041,-0.904328,0.0260721],[0.886343,-0.411445,0.212389],[-0.181342,0.113595,0.976837]],[[-0.411901,-0.910155,-0.0442246],[0.690336,-0.280005,-0.667108],[0.594789,-0.305312,0.743647]],[[-0.411901,-0.910155,-0.0442246],[-0.335883,0.196765,-0.921122],[0.847066,-0.364557,-0.386753]],[[-0.411901,-0.910155,-0.0442246],[-0.794537,0.382492,-0.471605],[0.446149,-0.159116,-0.8807]]],"btipPosition":[52.6135,198.728,-54.6078],"carpPosition":[86.5614,185.032,5.80643],"dipPosition":[60.1724,196.032,-69.529],"direction":[-0.847066,0.364557,0.386753],"extended":false,"handId":146,"id":1464,"length":49.6481,"mcpPosition":[97.1291,178.412,-51.1185],"pipPosition":[76.457,189.023,-76.9642],"stabilizedTipPosition":[54.4179,196.492,-57.7074],"timeVisible":0.084242,"tipPosition":[55.1069,197.414,-53.0231],"tipVelocity":[-26.3631,434.034,-87.3595],"tool":false,"touchDistance":0.333333,"touchZone":"none","type":4,"width":17.0171}],"r":[[0.997858,0.0650166,0.00723015],[-0.0653111,0.99643,0.0534934],[-0.00372638,-0.0538511,0.998542]],"s":0.907544,"t":[-1.01125,25.9595,1.4465],"timestamp":257850041175},{"currentFrameRate":32.2834,"devices":[],"gestures":[],"hands":[{"armBasis":[[-0.117659,-0.899959,-0.419798],[0.943302,0.0308409,-0.330501],[0.310384,-0.434882,0.845304]],"armWidth":66.4635,"confidence":0.483054,"direction":[0.296965,0.16212,-0.941025],"elbow":[166.916,78.8577,266.356],"grabAngle":2.9469,"grabStrength":1,"id":146,"palmNormal":[-0.954398,0.0819609,-0.287065],"palmPosition":[94.7459,220.43,-34.5472],"palmVelocity":[-5.37022,356.263,42.4734],"palmWidth":91.4443,"pinchDistance":9.94986,"pinchStrength":1,"r":[[0.996963,0.077428,0.0082893],[-0.0778287,0.994253,0.0735112],[-0.00254983,-0.0739331,0.99726]],"s":0.879552,"sphereCenter":[56.4865,221.355,-63.5547],"sphereRadius":38.5657,"stabilizedPalmPosition":[94.7564,219.897,-34.603],"t":[-1.18007,32.9264,1.86038],"timeVisible":0.10003,"type":"right","wrist":[82.6936,196.862,36.9844]}],"id":100967,"interactionBox":{"center":[0,200,0],"size":[235.247,235.247,147.751]},"pointables":[{"bases":[[[0.899279,-0.437375,0.00107816],[0.335542,0.691479,0.63974],[-0.280552,-0.574943,0.76859]],[[0.940926,-0.213222,-0.263048],[0.330284,0.74915,0.574184],[0.0746338,-0.627145,0.775319]],[[0.940926,-0.213222,-0.263048],[0.241596,0.967047,0.080322],[0.237253,-0.139128,0.961433]],[[0.940926,-0.213222,-0.263048],[0.0937081,0.910471,-0.402816],[0.325387,0.354371,0.876667]]],"btipPosition":[52.8546,260.221,-69.6357],"carpPosition":[72.035,232.249,21.6472],"dipPosition":[60.3398,268.373,-49.4689],"direction":[-0.237253,0.139128,-0.961433],"extended":false,"handId":146,"id":1460,"length":51.2263,"mcpPosition":[72.035,232.249,21.6472],"pipPosition":[68.2909,263.711,-17.2481],"stabilizedTipPosition":[54.9571,260.749,-65.4858],"timeVisible":0.10003,"tipPosition":[59.8307,268.04,-66.5439],"tipVelocity":[-73.5187,385.313,137.615],"tool":false,"touchDistance":0.511154,"touchZone":"hovering","type":0,"width":21.4602},{"bases":[[[0.019707,-0.942181,-0.334525],[0.988028,-0.0328543,0.150739],[-0.153014,-0.33349,0.930253]],[[0.0177264,-0.946415,-0.322466],[0.601917,0.267626,-0.752378],[0.798362,-0.18076,0.574407]],[[0.0177264,-0.946415,-0.322466],[-0.650117,0.23412,-0.722866],[0.759627,0.222454,-0.611131]],[[0.0177264,-0.946415,-0.322466],[-0.980941,0.0459527,-0.188792],[0.193494,0.319666,-0.927563]]],"btipPosition":[50.0387,246.048,-47.2231],"carpPosition":[93.7355,224.411,15.7172],"dipPosition":[53.2882,251.416,-62.8004],"direction":[-0.759627,-0.222454,0.611131],"extended":false,"handId":146,"id":1461,"length":57.8031,"mcpPosition":[105.049,249.068,-53.0629],"pipPosition":[71.3351,256.701,-77.3194],"stabilizedTipPosition":[51.0553,244.579,-51.1324],"timeVisible":0.10003,"tipPosition":[50.7483,248.41,-52.5259],"tipVelocity":[-35.0925,428.979,16.4115],"tool":false,"touchDistance":0.333333,"touchZone":"none","type":1,"width":20.4988},{"bases":[[[-0.169872,-0.959076,-0.226531],[0.973536,-0.198982,0.1124],[-0.152876,-0.201443,0.967497]],[[-0.165542,-0.953084,-0.253432],[0.675053,0.0778331,-0.733652],[0.718957,-0.29253,0.630497]],[[-0.165542,-0.953084,-0.253432],[-0.514008,0.302696,-0.802603],[0.84166,-0.00259816,-0.540001]],[[-0.165542,-0.953084,-0.253432],[-0.92552,0.238889,-0.293843],[0.340599,0.185913,-0.921644]]],"btipPosition":[42.5983,237.64,-54.2622],"carpPosition":[95.7577,213.018,11.3292],"dipPosition":[48.8896,241.074,-71.2859],"direction":[-0.84166,0.00259816,0.540001],"extended":false,"handId":146,"id":1462,"length":65.862,"mcpPosition":[106.477,227.143,-56.5082],"pipPosition":[72.4146,241.002,-86.3794],"stabilizedTipPosition":[44.0777,237.682,-58.1483],"timeVisible":0.10003,"tipPosition":[46.0384,237.22,-52.0051],"tipVelocity":[-17.5991,444.345,-18.7154],"tool":false,"touchDistance":0.333333,"touchZone":"none","type":2,"width":20.1326},{"bases":[[[-0.26342,-0.960519,-0.0895115],[0.953542,-0.273315,0.126713],[-0.146175,-0.0519743,0.987893]],[[-0.254845,-0.956117,-0.144545],[0.686308,-0.0735392,-0.723584],[0.681201,-0.283604,0.674932]],[[-0.254845,-0.956117,-0.144545],[-0.460405,0.251425,-0.85136],[0.850342,-0.150416,-0.504275]],[[-0.254845,-0.956117,-0.144545],[-0.89233,0.290121,-0.345798],[0.372559,0.0408567,-0.927109]]],"btipPosition":[43.9678,220.293,-53.2241],"carpPosition":[94.6776,201.221,7.85007],"dipPosition":[50.8098,221.044,-70.2503],"direction":[-0.850342,0.150416,0.504275],"extended":false,"handId":146,"id":1463,"length":63.3281,"mcpPosition":[103.88,204.493,-54.3405],"pipPosition":[73.9637,216.948,-83.9812],"stabilizedTipPosition":[45.6152,219.435,-56.9949],"timeVisible":0.10003,"tipPosition":[47.3426,219.904,-50.8828],"tipVelocity":[-30.1725,434.618,-57.8745],"tool":false,"touchDistance":0.333333,"touchZone":"none","type":3,"width":19.1574},{"bases":[[[-0.432475,-0.901627,0.00573001],[0.884277,-0.422895,0.198025],[-0.176121,0.0907077,0.98018]],[[-0.419124,-0.90576,-0.0627156],[0.696776,-0.276596,-0.661814],[0.582097,-0.321081,0.747041]],[[-0.419124,-0.90576,-0.0627156],[-0.309767,0.207586,-0.927875],[0.853451,-0.369468,-0.367579]],[[-0.419124,-0.90576,-0.0627156],[-0.775975,0.393218,-0.493195],[0.471378,-0.158044,-0.867655]]],"btipPosition":[52.0838,205.365,-55.5489],"carpPosition":[86.445,189.711,5.76769],"dipPosition":[60.0701,202.688,-70.2491],"direction":[-0.853451,0.369468,0.367579],"extended":false,"handId":146,"id":1464,"length":49.6481,"mcpPosition":[96.7085,184.425,-51.3521],"pipPosition":[76.4775,195.585,-77.3157],"stabilizedTipPosition":[53.9859,203.666,-58.7696],"timeVisible":0.10003,"tipPosition":[54.7416,203.851,-53.1256],"tipVelocity":[-27.3253,420.688,-56.3915],"tool":false,"touchDistance":0.333333,"touchZone":"none","type":4,"width":17.0171}],"r":[[0.996963,0.077428,0.0082893],[-0.0778287,0.994253,0.0735112],[-0.00254983,-0.0739331,0.99726]],"s":0.879552,"t":[-1.18007,32.9264,1.86038],"timestamp":257850056963},{"currentFrameRate":35.0457,"devices":[],"gestures":[],"hands":[{"armBasis":[[-0.136937,-0.889976,-0.43496],[0.936397,0.0269319,-0.349908],[0.323124,-0.455211,0.829683]],"armWidth":66.4635,"confidence":0.534948,"direction":[0.295029,0.168704,-0.940477],"elbow":[170.388,76.7992,262.273],"grabAngle":2.90971,"grabStrength":1,"id":146,"palmNormal":[-0.954542,0.0958483,-0.282247],"palmPosition":[94.5772,224.622,-34.1454],"palmVelocity":[-12.6794,315.053,30.2041],"palmWidth":91.4443,"pinchDistance":9.8045,"pinchStrength":1,"r":[[0.996339,0.0850461,0.00867766],[-0.0854838,0.992115,0.0916541],[-0.000814408,-0.0920604,0.995753]],"s":0.858449,"sphereCenter":[55.9883,225.964,-63.1749],"sphereRadius":38.8404,"stabilizedPalmPosition":[94.595,224.152,-34.1908],"t":[-1.34883,38.5057,2.26825],"timeVisible":0.113335,"type":"right","wrist":[82.7094,200.32,37.1402]}],"id":100968,"interactionBox":{"center":[0,200,0],"size":[235.247,235.247,147.751]},"pointables":[{"bases":[[[0.894225,-0.44756,-0.00724713],[0.34597,0.680795,0.645618],[-0.284019,-0.579835,0.763626]],[[0.937029,-0.215685,-0.274694],[0.33996,0.743495,0.575884],[0.0800239,-0.633004,0.770001]],[[0.937029,-0.215685,-0.274694],[0.248571,0.964356,0.0907222],[0.245335,-0.15329,0.957242]],[[0.937029,-0.215685,-0.274694],[0.0967825,0.916077,-0.389147],[0.335574,0.338057,0.879266]]],"btipPosition":[52.2717,265.218,-68.6715],"carpPosition":[72.2278,236.101,22.2639],"dipPosition":[59.9912,272.994,-48.445],"direction":[-0.245335,0.15329,-0.957242],"extended":false,"handId":146,"id":1460,"length":51.2263,"mcpPosition":[72.2278,236.101,22.2639],"pipPosition":[68.2132,267.857,-16.3647],"stabilizedTipPosition":[54.2415,265.67,-64.3325],"timeVisible":0.113335,"tipPosition":[59.8022,272.689,-65.4254],"tipVelocity":[-39.7583,369.046,73.4956],"tool":false,"touchDistance":0.508039,"touchZone":"hovering","type":0,"width":21.4602},{"bases":[[[0.00761273,-0.938743,-0.344533],[0.988183,-0.0456842,0.146309],[-0.153087,-0.341576,0.927303]],[[0.0052084,-0.94399,-0.329933],[0.611149,0.264153,-0.746137],[0.791499,-0.197752,0.578294]],[[0.0052084,-0.94399,-0.329933],[-0.623962,0.254761,-0.738762],[0.781438,0.209713,-0.587687]],[[0.0052084,-0.94399,-0.329933],[-0.973157,0.0711294,-0.218875],[0.230084,0.322216,-0.91828]]],"btipPosition":[49.2792,251.293,-47.4371],"carpPosition":[93.8134,228.08,16.162],"dipPosition":[53.1432,256.704,-62.8585],"direction":[-0.781438,-0.209713,0.587687],"extended":false,"handId":146,"id":1461,"length":57.8031,"mcpPosition":[105.132,253.335,-52.3999],"pipPosition":[71.7083,261.686,-76.8205],"stabilizedTipPosition":[50.3767,250.665,-51.0189],"timeVisible":0.113335,"tipPosition":[50.7763,253.229,-51.5921],"tipVelocity":[-46.4601,394.948,-13.3916],"tool":false,"touchDistance":0.333333,"touchZone":"none","type":1,"width":20.4988},{"bases":[[[-0.181713,-0.954626,-0.235944],[0.971643,-0.21122,0.106279],[-0.151293,-0.209941,0.965937]],[[-0.177982,-0.94924,-0.259355],[0.683824,0.0702152,-0.72626],[0.707606,-0.306615,0.636617]],[[-0.177982,-0.94924,-0.259355],[-0.487935,0.314012,-0.814442],[0.854542,-0.0184076,-0.519056]],[[-0.177982,-0.94924,-0.259355],[-0.912367,0.257926,-0.3179],[0.368658,0.180047,-0.911962]]],"btipPosition":[42.077,243.148,-54.8906],"carpPosition":[95.6878,216.713,11.6457],"dipPosition":[48.8865,246.474,-71.7355],"direction":[-0.854542,0.0184076,0.519056],"extended":false,"handId":146,"id":1462,"length":65.862,"mcpPosition":[106.296,231.433,-56.0824],"pipPosition":[72.7715,245.96,-86.2435],"stabilizedTipPosition":[43.6903,243.237,-58.698],"timeVisible":0.113335,"tipPosition":[45.778,242.312,-51.92],"tipVelocity":[-30.2273,412.109,-44.1397],"tool":false,"touchDistance":0.333333,"touchZone":"none","type":2,"width":20.1326},{"bases":[[[-0.274723,-0.956458,-0.0985626],[0.95086,-0.285469,0.119888],[-0.142804,-0.0607832,0.987883]],[[-0.267022,-0.952071,-0.149196],[0.693334,-0.0822681,-0.715905],[0.669319,-0.294605,0.682071]],[[-0.267022,-0.952071,-0.149196],[-0.431934,0.256634,-0.864622],[0.861471,-0.16643,-0.479759]],[[-0.267022,-0.952071,-0.149196],[-0.87461,0.304427,-0.377336],[0.40467,0.0297313,-0.913979]]],"btipPosition":[43.1665,225.716,-54.249],"carpPosition":[94.4593,204.966,8.04665],"dipPosition":[50.5982,226.262,-71.0342],"direction":[-0.861471,0.16643,0.479759],"extended":false,"handId":146,"id":1463,"length":63.3281,"mcpPosition":[103.449,208.793,-54.1433],"pipPosition":[74.0551,221.731,-84.0975],"stabilizedTipPosition":[44.9804,224.935,-57.9518],"timeVisible":0.113335,"tipPosition":[46.8794,224.913,-51.0845],"tipVelocity":[-50.037,404.077,-72.8681],"tool":false,"touchDistance":0.333333,"touchZone":"none","type":3,"width":19.1574},{"bases":[[[-0.442712,-0.896661,-0.00200845],[0.880178,-0.434999,0.189901],[-0.171151,0.0823039,0.981801]],[[-0.430795,-0.900098,-0.0651132],[0.696502,-0.285738,-0.658209],[0.573847,-0.328905,0.750014]],[[-0.430795,-0.900098,-0.0651132],[-0.288229,0.205604,-0.935228],[0.855184,-0.384124,-0.348007]],[[-0.430795,-0.900098,-0.0651132],[-0.756514,0.399529,-0.517748],[0.492038,-0.173784,-0.853052]]],"btipPosition":[51.3401,210.538,-56.2613],"carpPosition":[86.0876,193.574,5.8768],"dipPosition":[59.6765,207.593,-70.714],"direction":[-0.855184,0.384124,0.348007],"extended":false,"handId":146,"id":1464,"length":49.6481,"mcpPosition":[96.0614,188.777,-51.3374],"pipPosition":[76.1172,200.209,-77.4044],"stabilizedTipPosition":[53.3647,208.948,-59.4653],"timeVisible":0.113335,"tipPosition":[54.2395,208.777,-53.2055],"tipVelocity":[-49.8421,384.148,-49.2636],"tool":false,"touchDistance":0.333333,"touchZone":"none","type":4,"width":17.0171}],"r":[[0.996339,0.0850461,0.00867766],[-0.0854838,0.992115,0.0916541],[-0.000814408,-0.0920604,0.995753]],"s":0.858449,"t":[-1.34883,38.5057,2.26825],"timestamp":257850070268},{"currentFrameRate":37.7647,"devices":[],"gestures":[],"hands":[{"armBasis":[[-0.154152,-0.883236,-0.442867],[0.932273,0.0184423,-0.361284],[0.327267,-0.468566,0.820574]],"armWidth":66.4635,"confidence":0.580428,"direction":[0.291708,0.173047,-0.940724],"elbow":[171.793,77.0423,259.721],"grabAngle":2.87081,"grabStrength":1,"id":146,"palmNormal":[-0.954791,0.111581,-0.275544],"palmPosition":[94.7024,228.988,-34.0671],"palmVelocity":[9.98701,348.191,6.24206],"palmWidth":91.4443,"pinchDistance":9.87007,"pinchStrength":1,"r":[[0.996056,0.0883583,0.00803319],[-0.0887085,0.990184,0.108012],[0.00158944,-0.108299,0.994117]],"s":0.844248,"sphereCenter":[55.7532,231.209,-62.9459],"sphereRadius":39.0721,"stabilizedPalmPosition":[94.6926,228.547,-34.0784],"t":[-1.37059,43.4783,2.51132],"timeVisible":0.125874,"type":"right","wrist":[82.9897,204.187,37.0598]}],"id":100969,"interactionBox":{"center":[0,200,0],"size":[235.247,235.247,147.751]},"pointables":[{"bases":[[[0.887861,-0.459809,-0.0166948],[0.359255,0.670115,0.649525],[-0.28747