{"frames":299,"data":[{"currentFrameRate":25.8436,"devices":[],"gestures":[],"hands":[],"id":103404,"interactionBox":{"center":[0,200,0],"size":[235.247,235.247,147.751]},"pointables":[],"r":[[-0.962136,-0.269906,0.0380192],[0.215739,-0.839331,-0.498979],[0.166588,-0.471883,0.86578]],"s":0.686793,"t":[505.899,-233.461,348.339],"timestamp":257936721861},{"currentFrameRate":25.887,"devices":[],"gestures":[],"hands":[],"id":103405,"interactionBox":{"center":[0,200,0],"size":[235.247,235.247,147.751]},"pointables":[],"r":[[-0.962136,-0.269906,0.0380192],[0.215739,-0.839331,-0.498979],[0.166588,-0.471883,0.86578]],"s":0.686793,"t":[505.899,-233.461,348.339],"timestamp":257936760186},{"currentFrameRate":25.8711,"devices":[],"gestures":[],"hands":[],"id":103406,"interactionBox":{"center":[0,200,0],"size":[235.247,235.247,147.751]},"pointables":[],"r":[[-0.962136,-0.269906,0.0380192],[0.215739,-0.839331,-0.498979],[0.166588,-0.471883,0.86578]],"s":0.686793,"t":[505.899,-233.461,348.339],"timestamp":257936798951},{"currentFrameRate":25.8679,"devices":[],"gestures":[],"hands":[],"id":103407,"interactionBox":{"center":[0,200,0],"size":[235.247,235.247,147.751]},"pointables":[],"r":[[-0.962136,-0.269906,0.0380192],[0.215739,-0.839331,-0.498979],[0.166588,-0.471883,0.86578]],"s":0.686793,"t":[505.899,-233.461,348.339],"timestamp":257936837631},{"currentFrameRate":25.8954,"devices":[],"gestures":[],"hands":[],"id":103408,"interactionBox":{"center":[0,200,0],"size":[235.247,235.247,147.751]},"pointables":[],"r":[[-0.962136,-0.269906,0.0380192],[0.215739,-0.839331,-0.498979],[0.166588,-0.471883,0.86578]],"s":0.686793,"t":[505.899,-233.461,348.339],"timestamp":257936876055},{"currentFrameRate":25.8833,"devices":[],"gestures":[],"hands":[],"id":103409,"interactionBox":{"center":[0,200,0],"size":[235.247,235.247,147.751]},"pointables":[],"r":[[-0.962136,-0.269906,0.0380192],[0.215739,-0.839331,-0.498979],[0.166588,-0.471883,0.86578]],"s":0.686793,"t":[505.899,-233.461,348.339],"timestamp":257936914775},{"currentFrameRate":25.8901,"devices":[],"gestures":[],"hands":[],"id":103410,"interactionBox":{"center":[0,200,0],"size":[235.247,235.247,147.751]},"pointables":[],"r":[[-0.962136,-0.269906,0.0380192],[0.215739,-0.839331,-0.498979],[0.166588,-0.471883,0.86578]],"s":0.686793,"t":[505.899,-233.461,348.339],"timestamp":257936953352},{"currentFrameRate":25.8904,"devices":[],"gestures":[],"hands":[],"id":103411,"interactionBox":{"center":[0,200,0],"size":[235.247,235.247,147.751]},"pointables":[],"r":[[-0.962136,-0.269906,0.0380192],[0.215739,-0.839331,-0.498979],[0.166588,-0.471883,0.86578]],"s":0.686793,"t":[505.899,-233.461,348.339],"timestamp":257936991974},{"currentFrameRate":25.8918,"devices":[],"gestures":[],"hands":[],"id":103412,"interactionBox":{"center":[0,200,0],"size":[235.247,235.247,147.751]},"pointables":[],"r":[[-0.962136,-0.269906,0.0380192],[0.215739,-0.839331,-0.498979],[0.166588,-0.471883,0.86578]],"s":0.686793,"t":[505.899,-233.461,348.339],"timestamp":257937030587},{"currentFrameRate":25.8965,"devices":[],"gestures":[],"hands":[],"id":103413,"interactionBox":{"center":[0,200,0],"size":[235.247,235.247,147.751]},"pointables":[],"r":[[-0.962136,-0.269906,0.0380192],[0.215739,-0.839331,-0.498979],[0.166588,-0.471883,0.86578]],"s":0.686793,"t":[505.899,-233.461,348.339],"timestamp":257937069169},{"currentFrameRate":25.8975,"devices":[],"gestures":[],"hands":[{"armBasis":[[-0.0299643,-0.9035,-0.427539],[0.999503,-0.0228763,-0.0217071],[0.00983182,-0.427977,0.903736]],"armWidth":64.0382,"confidence":0,"direction":[0.312546,0.102518,-0.944354],"elbow":[93.1085,13.1414,302.515],"grabAngle":3.14159,"grabStrength":1,"id":147,"palmNormal":[-0.949567,0.0601436,-0.307742],"palmPosition":[106.849,148.62,-15.0195],"palmVelocity":[1.19209e-7,1.19209e-7,1.19209e-7],"palmWidth":91.4443,"pinchDistance":27.4618,"pinchStrength":0.79044,"r":[[1,-1.38778e-18,0],[1.38778e-18,1,-5.55112e-18],[7.70372e-36,5.55112e-18,1]],"s":1,"sphereCenter":[68.0804,152.658,-45.4838],"sphereRadius":40.9536,"stabilizedPalmPosition":[106.849,148.62,-15.0195],"t":[0,0,0],"timeVisible":0,"type":"right","wrist":[90.4406,129.272,57.2879]}],"id":103414,"interactionBox":{"center":[0,200,0],"size":[235.247,235.247,147.751]},"pointables":[{"bases":[[[0.900147,-0.433334,0.0442423],[0.323003,0.732183,0.599647],[-0.292241,-0.52548,0.79904]],[[0.946344,-0.243129,-0.212888],[0.323144,0.705226,0.631058],[-0.00329454,-0.665992,0.745952]],[[0.946344,-0.243129,-0.212888],[0.294182,0.92079,0.25613],[0.133752,-0.305015,0.942908]],[[0.946344,-0.243129,-0.212888],[0.228018,0.969181,-0.0932528],[0.228999,0.039707,0.972616]]],"btipPosition":[73.3547,206.865,-52.6964],"carpPosition":[83.1587,163.936,39.9116],"dipPosition":[78.7408,207.799,-29.82],"direction":[-0.133752,0.305015,-0.942908],"extended":true,"handId":147,"id":1470,"length":52.3766,"mcpPosition":[83.1587,163.936,39.9116],"pipPosition":[83.324,197.347,2.48958],"stabilizedTipPosition":[74.5935,207.08,-47.4348],"timeVisible":0,"tipPosition":[74.5935,207.08,-47.4348],"tipVelocity":[1.19209e-7,1.19209e-7,1.19209e-7],"tool":false,"touchDistance":0.821811,"touchZone":"hovering","type":0,"width":20.3511},{"bases":[[[0.0275877,-0.961603,-0.273055],[0.985395,-0.0197565,0.169133],[-0.168033,-0.273733,0.947014]],[[0.0341044,-0.950224,-0.309694],[0.765325,0.224115,-0.603366],[0.64274,-0.216439,0.734874]],[[0.0341044,-0.950224,-0.309694],[-0.620342,0.222829,-0.752013],[0.78359,0.217763,-0.581864]],[[0.0341044,-0.950224,-0.309694],[-0.980159,0.0287392,-0.196118],[0.195256,0.310238,-0.930391]]],"btipPosition":[67.2604,174.776,-36.777],"carpPosition":[104.975,155.809,34.8622],"dipPosition":[70.6131,180.103,-52.7526],"direction":[-0.78359,-0.217763,0.581864],"extended":false,"handId":147,"id":1471,"length":59.1012,"mcpPosition":[117.399,176.048,-35.1571],"pipPosition":[89.6474,185.393,-66.8867],"stabilizedTipPosition":[68.0315,176.001,-40.4514],"timeVisible":0,"tipPosition":[68.0315,176.001,-40.4514],"tipVelocity":[1.19209e-7,1.19209e-7,1.19209e-7],"tool":false,"touchDistance":0.333333,"touchZone":"none","type":1,"width":19.4394},{"bases":[[[-0.163761,-0.972192,-0.167405],[0.971945,-0.188047,0.141285],[-0.168837,-0.139572,0.975712]],[[-0.160932,-0.969739,-0.183596],[0.63585,0.0404014,-0.770754],[0.754848,-0.240779,0.610107]],[[-0.160932,-0.969739,-0.183596],[-0.739974,0.241647,-0.62773],[0.6531,0.0348344,-0.75647]],[[-0.160932,-0.969739,-0.183596],[-0.986133,0.16563,-0.0104445],[0.0405376,0.17937,-0.982946]]],"btipPosition":[62.9405,161.232,-26.537],"carpPosition":[107.098,144.165,31.2482],"dipPosition":[63.7061,164.62,-45.1007],"direction":[-0.6531,-0.0348344,0.75647],"extended":false,"handId":147,"id":1472,"length":67.341,"mcpPosition":[118.936,153.952,-37.1652],"pipPosition":[82.3706,165.615,-66.7194],"stabilizedTipPosition":[63.1166,162.011,-30.8066],"timeVisible":0,"tipPosition":[63.1166,162.011,-30.8066],"tipVelocity":[1.19209e-7,1.19209e-7,1.19209e-7],"tool":false,"touchDistance":0.333333,"touchZone":"none","type":2,"width":19.0921},{"bases":[[[-0.259622,-0.965174,-0.0321676],[0.951884,-0.261379,0.159995],[-0.162831,0.0109185,0.986593]],[[-0.253397,-0.964914,-0.0687775],[0.640549,-0.114087,-0.759395],[0.724904,-0.236484,0.646985]],[[-0.253397,-0.964914,-0.0687775],[-0.684112,0.229015,-0.69249],[0.683945,-0.128423,-0.718141]],[[-0.253397,-0.964914,-0.0687775],[-0.963353,0.258175,-0.0727848],[0.0879877,0.0478136,-0.994973]]],"btipPosition":[63.1119,144.775,-23.9691],"carpPosition":[106.105,132.166,28.5149],"dipPosition":[64.7641,145.673,-42.652],"direction":[-0.683945,0.128423,0.718141],"extended":false,"handId":147,"id":1473,"length":64.7502,"mcpPosition":[116.355,131.479,-33.5939],"pipPosition":[83.8053,142.098,-62.6453],"stabilizedTipPosition":[63.4919,144.982,-28.2661],"timeVisible":0,"tipPosition":[63.4919,144.982,-28.2661],"tipVelocity":[1.19209e-7,1.19209e-7,1.19209e-7],"tool":false,"touchDistance":0.333333,"touchZone":"none","type":3,"width":18.1673},{"bases":[[[-0.430409,-0.90088,0.0562453],[0.881765,-0.406319,0.239575],[-0.192975,0.15271,0.969247]],[[-0.423772,-0.905449,0.0240708],[0.68858,-0.33931,-0.64088],[0.588451,-0.255012,0.767264]],[[-0.423772,-0.905449,0.0240708],[-0.480659,0.202277,-0.853259],[0.767714,-0.373157,-0.520931]],[[-0.423772,-0.905449,0.0240708],[-0.868255,0.398509,-0.295508],[0.257975,-0.146128,-0.955037]]],"btipPosition":[68.7108,130.548,-29.9278],"carpPosition":[97.9357,120.519,27.0365],"dipPosition":[73.1796,128.016,-46.4718],"direction":[-0.767714,0.373158,0.520931],"extended":false,"handId":147,"id":1474,"length":50.763,"mcpPosition":[109.181,111.619,-29.4461],"pipPosition":[88.2702,120.682,-56.7115],"stabilizedTipPosition":[69.7386,129.966,-33.7329],"timeVisible":0,"tipPosition":[69.7386,129.966,-33.7329],"tipVelocity":[1.19209e-7,1.19209e-7,1.19209e-7],"tool":false,"touchDistance":0.333333,"touchZone":"none","type":4,"width":16.1376}],"r":[[1,-1.38778e-18,0],[1.38778e-18,1,-5.55112e-18],[7.70372e-36,5.55112e-18,1]],"s":1,"t":[0,0,0],"timestamp":257937107776},{"currentFrameRate":25.903,"devices":[],"gestures":[],"hands":[{"armBasis":[[-0.0925808,-0.887382,-0.451643],[0.983699,-0.0112861,-0.17947],[0.154162,-0.460896,0.873962]],"armWidth":66.4635,"confidence":0.200422,"direction":[0.345971,0.104814,-0.932372],"elbow":[132.317,20.8137,288.146],"grabAngle":3.14159,"grabStrength":1,"id":147,"palmNormal":[-0.937628,0.0746565,-0.339529],"palmPosition":[107.64,165.941,-20.7345],"palmVelocity":[20.4985,449.119,-148.184],"palmWidth":91.4443,"pinchDistance":27.6031,"pinchStrength":0.735987,"r":[[0.999973,-0.00261911,0.00682664],[0.0026093,0.999996,0.00144447],[-0.00683039,-0.00142661,0.999976]],"s":0.986418,"sphereCenter":[72.9685,172.139,-50.8189],"sphereRadius":39.0153,"stabilizedPalmPosition":[107.487,162.586,-19.6275],"t":[0.395284,8.66058,-2.8575],"timeVisible":0.038567,"type":"right","wrist":[90.4857,145.877,50.9985]}],"id":103415,"interactionBox":{"center":[0,200,0],"size":[235.247,235.247,147.751]},"pointables":[{"bases":[[[0.892461,-0.445374,0.0718079],[0.311679,0.72381,0.615593],[-0.326144,-0.527012,0.784786]],[[0.950147,-0.243363,-0.194922],[0.310368,0.678321,0.665997],[-0.0298598,-0.693293,0.720037]],[[0.950147,-0.243363,-0.194922],[0.287982,0.924589,0.249404],[0.119527,-0.293104,0.94858]],[[0.950147,-0.243363,-0.194922],[0.212764,0.96303,-0.165241],[0.227929,0.115531,0.966799]]],"btipPosition":[74.5312,223.139,-56.6869],"carpPosition":[82.2822,181.194,33.4653],"dipPosition":[79.7744,225.797,-34.4467],"direction":[-0.119527,0.293104,-0.94858],"extended":false,"handId":147,"id":1470,"length":51.2263,"mcpPosition":[82.2822,181.194,33.4653],"pipPosition":[83.7802,215.974,-2.65672],"stabilizedTipPosition":[75.5101,220.441,-50.7504],"timeVisible":0.038567,"tipPosition":[76.9955,224.809,-53.4126],"tipVelocity":[29.6538,432.262,-107.264],"tool":false,"touchDistance":0.710911,"touchZone":"hovering","type":0,"width":21.4602},{"bases":[[[0.024552,-0.960009,-0.278891],[0.978695,-0.0338035,0.202518],[-0.203847,-0.277921,0.938726]],[[0.0234782,-0.961459,-0.273944],[0.662714,0.220129,-0.715788],[0.748504,-0.164741,0.642341]],[[0.0234782,-0.961459,-0.273944],[-0.674983,0.186889,-0.713772],[0.737459,0.201665,-0.644581]],[[0.0234782,-0.961459,-0.273944],[-0.982894,0.0278697,-0.182053],[0.182671,0.273532,-0.944358]]],"btipPosition":[67.0278,190.936,-36.2539],"carpPosition":[104.152,172.816,29.1047],"dipPosition":[70.0956,195.53,-52.1133],"direction":[-0.737459,-0.201665,0.644581],"extended":false,"handId":147,"id":1471,"length":57.8031,"mcpPosition":[119.224,193.364,-40.3018],"pipPosition":[87.6158,200.321,-67.427],"stabilizedTipPosition":[67.793,188.796,-40.0115],"timeVisible":0.038567,"tipPosition":[69.152,193.211,-44.3793],"tipVelocity":[-7.73043,414.642,14.2554],"tool":false,"touchDistance":0.333333,"touchZone":"none","type":1,"width":20.4988},{"bases":[[[-0.17042,-0.968808,-0.179912],[0.964043,-0.201711,0.173013],[-0.203907,-0.143958,0.968348]],[[-0.173533,-0.970905,-0.165014],[0.626811,0.0203503,-0.778906],[0.759602,-0.238598,0.605042]],[[-0.173533,-0.970905,-0.165014],[-0.713721,0.239438,-0.658234],[0.678593,0.00354884,-0.734506]],[[-0.173533,-0.970905,-0.165014],[-0.982197,0.182861,-0.0430112],[0.0719344,0.154612,-0.985353]]],"btipPosition":[64.2614,179.613,-32.3504],"carpPosition":[106.248,161.17,25.4814],"dipPosition":[65.5901,182.469,-50.5509],"direction":[-0.678593,-0.00354884,0.734506],"extended":false,"handId":147,"id":1472,"length":65.862,"mcpPosition":[120.545,171.264,-42.4157],"pipPosition":[84.5573,182.568,-71.0809],"stabilizedTipPosition":[64.3513,177.555,-35.6844],"timeVisible":0.038567,"tipPosition":[64.6416,180.034,-37.7872],"tipVelocity":[37.6091,473.426,-148.57],"tool":false,"touchDistance":0.333333,"touchZone":"none","type":2,"width":20.1326},{"bases":[[[-0.270755,-0.961452,-0.0479782],[0.942412,-0.274899,0.190498],[-0.196344,0.00636295,0.980514]],[[-0.266008,-0.961331,-0.0712875],[0.612257,-0.111369,-0.782776],[0.744568,-0.251871,0.618207]],[[-0.266008,-0.961331,-0.0712875],[-0.690389,0.241602,-0.681903],[0.672758,-0.132175,-0.727961]],[[-0.266008,-0.961331,-0.0712875],[-0.960936,0.270307,-0.0594561],[0.0764266,0.0526869,-0.995682]]],"btipPosition":[65.1341,162.496,-28.1393],"carpPosition":[105.195,149.204,22.6292],"dipPosition":[66.5377,163.464,-46.4249],"direction":[-0.672758,0.132175,0.727961],"extended":false,"handId":147,"id":1473,"length":63.3281,"mcpPosition":[117.555,148.803,-39.0969],"pipPosition":[84.8561,159.865,-66.2464],"stabilizedTipPosition":[65.17,160.128,-31.7493],"timeVisible":0.038567,"tipPosition":[64.8576,162.915,-34.8868],"tipVelocity":[50.9518,459.898,-105.759],"tool":false,"touchDistance":0.333333,"touchZone":"none","type":3,"width":19.1574},{"bases":[[[-0.443627,-0.895527,0.0350163],[0.867754,-0.419444,0.266589],[-0.224051,0.148652,0.963174]],[[-0.431855,-0.901846,-0.0132404],[0.631976,-0.292087,-0.717838],[0.643512,-0.31837,0.696084]],[[-0.431855,-0.901846,-0.0132404],[-0.538762,0.269708,-0.798118],[0.723351,-0.337538,-0.602355]],[[-0.431855,-0.901846,-0.0132404],[-0.881366,0.425075,-0.206169],[0.191561,-0.0773656,-0.978427]]],"btipPosition":[70.4711,147.877,-31.3755],"carpPosition":[96.9318,137.675,20.7888],"dipPosition":[73.7166,146.566,-47.9524],"direction":[-0.723351,0.337538,0.602355],"extended":false,"handId":147,"id":1474,"length":49.6481,"mcpPosition":[109.988,129.012,-35.34],"pipPosition":[87.6228,140.077,-59.5326],"stabilizedTipPosition":[71.0237,145.268,-34.9975],"timeVisible":0.038567,"tipPosition":[71.0341,147.803,-39.1286],"tipVelocity":[38.3477,456.6,-37.7341],"tool":false,"touchDistance":0.333333,"touchZone":"none","type":4,"width":17.0171}],"r":[[0.999973,-0.00261911,0.00682664],[0.0026093,0.999996,0.00144447],[-0.00683039,-0.00142661,0.999976]],"s":0.986418,"t":[0.395284,8.66058,-2.8575],"timestamp":257937146343},{"currentFrameRate":26.9618,"devices":[],"gestures":[],"hands":[{"armBasis":[[-0.147942,-0.867098,-0.475662],[0.966382,-0.0244798,-0.255943],[0.210283,-0.497536,0.841569]],"armWidth":66.4635,"confidence":0.345405,"direction":[0.34789,0.107511,-0.931351],"elbow":[147.542,21.1269,277.476],"grabAngle":3.14159,"grabStrength":1,"id":147,"palmNormal":[-0.935527,0.104802,-0.337352],"palmPosition":[107.36,176.988,-22.3302],"palmVelocity":[-9.3799,370.571,-53.5268],"palmWidth":91.4443,"pinchDistance":22.2827,"pinchStrength":0.818818,"r":[[0.999875,-0.010227,0.0120285],[0.0101647,0.999935,0.00523268],[-0.0120812,-0.00510976,0.999914]],"s":0.963046,"sphereCenter":[72.0513,180.431,-52.6137],"sphereRadius":38.8533,"stabilizedPalmPosition":[107.369,176.041,-22.1524],"t":[0.453113,18.5144,-5.08409],"timeVisible":0.068378,"type":"right","wrist":[90.4818,156.132,49.1179]}],"id":103416,"interactionBox":{"center":[0,200,0],"size":[235.247,235.247,147.751]},"pointables":[{"bases":[[[0.879963,-0.470595,0.0648559],[0.331976,0.706845,0.624629],[-0.33979,-0.52812,0.778224]],[[0.943156,-0.259797,-0.207274],[0.331996,0.707657,0.623699],[-0.0153563,-0.657059,0.753682]],[[0.943156,-0.259797,-0.207274],[0.302563,0.929245,0.212035],[0.137522,-0.262695,0.955028]],[[0.943156,-0.259797,-0.207274],[0.211803,0.950456,-0.227537],[0.256118,0.170702,0.951454]]],"btipPosition":[72.7488,230.058,-59.6069],"carpPosition":[82.479,192.218,32.0963],"dipPosition":[78.6405,233.985,-37.7197],"direction":[-0.137522,0.262695,-0.955028],"extended":false,"handId":147,"id":1470,"length":51.2263,"mcpPosition":[82.479,192.218,32.0963],"pipPosition":[83.2493,225.181,-5.71362],"stabilizedTipPosition":[74.3942,228.789,-53.7837],"timeVisible":0.068378,"tipPosition":[76.951,235.111,-54.3182],"tipVelocity":[-54.7865,241.868,-100.674],"tool":false,"touchDistance":0.628135,"touchZone":"hovering","type":0,"width":21.4602},{"bases":[[[-0.00205624,-0.956578,-0.291469],[0.977578,-0.0632962,0.200837],[-0.210565,-0.28452,0.93526]],[[-0.00634208,-0.962172,-0.27237],[0.638909,0.205632,-0.74129],[0.769256,-0.178721,0.613436]],[[-0.00634208,-0.962172,-0.27237],[-0.675181,0.205035,-0.708584],[0.737625,0.179405,-0.650941]],[[-0.00634208,-0.962172,-0.27237],[-0.984332,0.054003,-0.16785],[0.17621,0.267038,-0.947439]]],"btipPosition":[66.7074,203.138,-36.0798],"carpPosition":[104.107,183.301,27.5991],"dipPosition":[69.6667,207.623,-51.9909],"direction":[-0.737625,-0.179405,0.650941],"extended":false,"handId":147,"id":1471,"length":57.8031,"mcpPosition":[119.675,204.338,-41.5511],"pipPosition":[87.1908,211.885,-67.4557],"stabilizedTipPosition":[67.4043,203.555,-39.7503],"timeVisible":0.068378,"tipPosition":[69.3948,205.47,-44.9929],"tipVelocity":[-11.5841,408.459,5.44084],"tool":false,"touchDistance":0.333333,"touchZone":"none","type":1,"width":20.4988},{"bases":[[[-0.197108,-0.961323,-0.19237],[0.958296,-0.230337,0.169154],[-0.206922,-0.151006,0.966634]],[[-0.198163,-0.962082,-0.187429],[0.631636,0.0208791,-0.774984],[0.749511,-0.27196,0.603548]],[[-0.198163,-0.962082,-0.187429],[-0.67942,0.272653,-0.681212],[0.706485,-0.00764807,-0.707687]],[[-0.198163,-0.962082,-0.187429],[-0.974404,0.214071,-0.0686308],[0.106152,0.169031,-0.979878]]],"btipPosition":[63.1703,192.215,-34.6706],"carpPosition":[105.879,171.651,23.821],"dipPosition":[65.131,195.338,-52.7699],"direction":[-0.706484,0.00764807,0.707687],"extended":false,"handId":147,"id":1472,"length":65.862,"mcpPosition":[120.387,182.239,-43.9559],"pipPosition":[84.8777,195.124,-72.5503],"stabilizedTipPosition":[63.6588,192.142,-38.6713],"timeVisible":0.068378,"tipPosition":[64.6481,192.519,-39.1153],"tipVelocity":[-31.727,424.796,-77.0493],"tool":false,"touchDistance":0.333333,"touchZone":"none","type":2,"width":20.1326},{"bases":[[[-0.297086,-0.952949,-0.0602261],[0.93468,-0.303127,0.185706],[-0.195224,-0.00112155,0.980758]],[[-0.288745,-0.952085,-0.100795],[0.620716,-0.106007,-0.776836],[0.728929,-0.286873,0.621584]],[[-0.288745,-0.952085,-0.100795],[-0.656458,0.273517,-0.70303],[0.696914,-0.136829,-0.70398]],[[-0.288745,-0.952085,-0.100795],[-0.950142,0.297906,-0.0920945],[0.117709,0.0691781,-0.990636]]],"btipPosition":[63.6349,174.881,-30.8641],"carpPosition":[104.495,159.757,20.8136],"dipPosition":[65.7967,176.151,-49.057],"direction":[-0.696914,0.136829,0.70398],"extended":false,"handId":147,"id":1473,"length":63.3281,"mcpPosition":[116.785,159.827,-40.9278],"pipPosition":[84.7728,172.426,-68.2256],"stabilizedTipPosition":[64.18,174.48,-34.8964],"timeVisible":0.068378,"tipPosition":[64.4646,175.309,-36.3363],"tipVelocity":[-44.4405,417.788,-90.6885],"tool":false,"touchDistance":0.333333,"touchZone":"none","type":3,"width":19.1574},{"bases":[[[-0.468009,-0.883402,0.0238402],[0.85615,-0.446556,0.259991],[-0.21903,0.142089,0.965317]],[[-0.447626,-0.892301,-0.0585657],[0.641794,-0.274972,-0.715884],[0.62268,-0.358036,0.695758]],[[-0.447626,-0.892301,-0.0585657],[-0.498973,0.303587,-0.811702],[0.742063,-0.334117,-0.581128]],[[-0.447626,-0.892301,-0.0585657],[-0.862457,0.4481,-0.235316],[0.236216,-0.0548232,-0.970153]]],"btipPosition":[68.7717,159.999,-33.9934],"carpPosition":[95.9172,148.483,18.8327],"dipPosition":[72.7737,159.07,-50.4301],"direction":[-0.742063,0.334117,0.581128],"extended":false,"handId":147,"id":1474,"length":49.6481,"mcpPosition":[108.681,140.203,-37.4209],"pipPosition":[87.0397,152.647,-61.6022],"stabilizedTipPosition":[69.7413,159.249,-37.6713],"timeVisible":0.068378,"tipPosition":[70.2152,160.082,-40.6971],"tipVelocity":[-51.1698,409.586,-86.7347],"tool":false,"touchDistance":0.333333,"touchZone":"none","type":4,"width":17.0171}],"r":[[0.999875,-0.010227,0.0120285],[0.0101647,0.999935,0.00523268],[-0.0120812,-0.00510976,0.999914]],"s":0.963046,"t":[0.453113,18.5144,-5.08409],"timestamp":257937176154},{"currentFrameRate":29.8749,"devices":[],"gestures":[],"hands":[{"armBasis":[[-0.158855,-0.854979,-0.493737],[0.958549,-0.0137487,-0.284595],[0.236535,-0.51848,0.821723]],"armWidth":66.4635,"confidence":0.41174,"direction":[0.345536,0.105429,-0.932464],"elbow":[155.253,21.9819,270.893],"grabAngle":3.14159,"grabStrength":1,"id":147,"palmNormal":[-0.936891,0.0951855,-0.336414],"palmPosition":[107.431,183.651,-23.554],"palmVelocity":[4.83432,452.937,-83.1973],"palmWidth":91.4443,"pinchDistance":18.8074,"pinchStrength":0.88767,"r":[[0.999767,-0.0146468,0.0158588],[0.0145337,0.999868,0.00722468],[-0.0159625,-0.00699251,0.999848]],"s":0.93822,"sphereCenter":[71.8436,185.323,-53.8208],"sphereRadius":38.6264,"stabilizedPalmPosition":[107.42,182.248,-23.2956],"t":[0.517582,26.7724,-6.80926],"timeVisible":0.083087,"type":"right","wrist":[91.0699,162.671,47.9202]}],"id":103417,"interactionBox":{"center":[0,200,0],"size":[235.247,235.247,147.751]},"pointables":[{"bases":[[[0.883963,-0.462881,0.0659623],[0.327027,0.712921,0.62032],[-0.334161,-0.526768,0.78157]],[[0.944993,-0.251146,-0.209555],[0.327074,0.731874,0.597815],[0.00322875,-0.633471,0.773759]],[[0.944993,-0.251146,-0.209555],[0.284758,0.946904,0.149281],[0.160937,-0.200742,0.966334]],[[0.944993,-0.251146,-0.209555],[0.191252,0.943991,-0.268893],[0.26535,0.214024,0.940097]]],"btipPosition":[70.8485,232.546,-61.9979],"carpPosition":[82.5081,198.963,30.8301],"dipPosition":[76.9526,237.47,-40.372],"direction":[-0.160937,0.200742,-0.966334],"extended":false,"handId":147,"id":1470,"length":51.2263,"mcpPosition":[82.5081,198.963,30.8301],"pipPosition":[82.3461,230.742,-7.98698],"stabilizedTipPosition":[73.3187,231.245,-55.4108],"timeVisible":0.083087,"tipPosition":[75.5865,239.714,-56.0629],"tipVelocity":[-125.874,184.779,-166.64],"tool":false,"touchDistance":0.561888,"touchZone":"hovering","type":0,"width":21.4602},{"bases":[[[0.00548321,-0.958107,-0.286358],[0.978382,-0.054061,0.199613],[-0.206732,-0.281263,0.937098]],[[0.00103554,-0.963935,-0.266137],[0.637806,0.205615,-0.742244],[0.770196,-0.168975,0.615016]],[[0.00103554,-0.963935,-0.266137],[-0.671263,0.196596,-0.714672],[0.741218,0.179388,-0.64685]],[[0.00103554,-0.963935,-0.266137],[-0.984353,0.0459118,-0.17012],[0.176204,0.262149,-0.948805]]],"btipPosition":[66.3949,209.47,-37.6098],"carpPosition":[104.203,190.203,26.3461],"dipPosition":[69.354,213.872,-53.5438],"direction":[-0.741218,-0.179388,0.64685],"extended":false,"handId":147,"id":1471,"length":57.8031,"mcpPosition":[119.488,210.999,-42.9401],"pipPosition":[86.9636,218.134,-68.9114],"stabilizedTipPosition":[67.1227,209.487,-41.0555],"timeVisible":0.083087,"tipPosition":[69.1558,211.671,-46.2163],"tipVelocity":[-21.2513,429.192,-104.373],"tool":false,"touchDistance":0.333333,"touchZone":"none","type":1,"width":20.4988},{"bases":[[[-0.189369,-0.963949,-0.186926],[0.960448,-0.221424,0.168852],[-0.204155,-0.147557,0.967754]],[[-0.190769,-0.964942,-0.180263],[0.632627,0.0195621,-0.774209],[0.750593,-0.261734,0.606716]],[[-0.190769,-0.964942,-0.180263],[-0.676285,0.262296,-0.68836],[0.711509,-0.00940793,-0.702614]],[[-0.190769,-0.964942,-0.180263],[-0.975151,0.207358,-0.077998],[0.112643,0.160905,-0.980521]]],"btipPosition":[62.8519,198.585,-36.2228],"carpPosition":[106.066,178.548,22.6273],"dipPosition":[64.9325,201.557,-54.334],"direction":[-0.711509,0.00940793,0.702614],"extended":false,"handId":147,"id":1472,"length":65.862,"mcpPosition":[120.381,188.894,-45.2281],"pipPosition":[84.8197,201.295,-73.9726],"stabilizedTipPosition":[63.3941,197.888,-40.0557],"timeVisible":0.083087,"tipPosition":[64.533,198.748,-40.3545],"tipVelocity":[-19.7681,430.715,-105.713],"tool":false,"touchDistance":0.333333,"touchZone":"none","type":2,"width":20.1326},{"bases":[[[-0.289208,-0.955704,-0.0546687],[0.937467,-0.294319,0.18583],[-0.193688,0.00249341,0.98106]],[[-0.281288,-0.955049,-0.0935839],[0.625107,-0.108368,-0.772979],[0.728092,-0.27593,0.627491]],[[-0.281288,-0.955049,-0.0935839],[-0.654522,0.262258,-0.709099],[0.701767,-0.138208,-0.698871]],[[-0.281288,-0.955049,-0.0935839],[-0.951495,0.290242,-0.102062],[0.124636,0.0603357,-0.990366]]],"btipPosition":[63.5977,181.243,-32.4145],"carpPosition":[104.777,166.626,19.6857],"dipPosition":[65.8866,182.351,-50.6025],"direction":[-0.701767,0.138208,0.698871],"extended":false,"handId":147,"id":1473,"length":63.3281,"mcpPosition":[116.97,166.47,-42.0748],"pipPosition":[84.9949,178.587,-69.632],"stabilizedTipPosition":[64.1344,180.207,-36.285],"timeVisible":0.083087,"tipPosition":[64.5185,181.537,-37.4582],"tipVelocity":[-0.544877,429.963,-105.33],"tool":false,"touchDistance":0.333333,"touchZone":"none","type":3,"width":19.1574},{"bases":[[[-0.460576,-0.887137,0.0292978],[0.860252,-0.437999,0.261004],[-0.218714,0.145416,0.964893]],[[-0.44055,-0.896223,-0.0519541],[0.649727,-0.278376,-0.707363],[0.619492,-0.345385,0.704939]],[[-0.44055,-0.896223,-0.0519541],[-0.496142,0.2913,-0.817917],[0.74817,-0.334557,-0.572986]],[[-0.44055,-0.896223,-0.0519541],[-0.863833,0.438959,-0.2472],[0.244352,-0.0640244,-0.967571]]],"btipPosition":[68.9822,166.318,-35.5422],"carpPosition":[96.2906,155.272,17.7786],"dipPosition":[73.1221,165.233,-51.9351],"direction":[-0.74817,0.334557,0.572986],"extended":false,"handId":147,"id":1474,"length":49.6481,"mcpPosition":[109.036,146.798,-38.4503],"pipPosition":[87.5055,158.802,-62.9507],"stabilizedTipPosition":[69.9024,164.94,-39.0408],"timeVisible":0.083087,"tipPosition":[70.3862,166.329,-41.6961],"tipVelocity":[16.4668,427.166,-104.609],"tool":false,"touchDistance":0.333333,"touchZone":"none","type":4,"width":17.0171}],"r":[[0.999767,-0.0146468,0.0158588],[0.0145337,0.999868,0.00722468],[-0.0159625,-0.00699251,0.999848]],"s":0.93822,"t":[0.517582,26.7724,-6.80926],"timestamp":257937190863},{"currentFrameRate":32.588,"devices":[],"gestures":[],"hands":[{"armBasis":[[-0.153383,-0.847134,-0.50876],[0.955549,0.0040365,-0.294804],[0.251793,-0.531363,0.808859]],"armWidth":66.4635,"confidence":0.473768,"direction":[0.332509,0.107687,-0.936932],"elbow":[160.187,24.1553,266.234],"grabAngle":3.14159,"grabStrength":1,"id":147,"palmNormal":[-0.942459,0.0745721,-0.325899],"palmPosition":[107.025,189.557,-24.9087],"palmVelocity":[-27.6996,403.006,-92.4318],"palmWidth":91.4443,"pinchDistance":17.4942,"pinchStrength":0.905749,"r":[[0.999762,-0.0141394,0.0165942],[0.0140109,0.999871,0.00783907],[-0.0167029,-0.0076047,0.999832]],"s":0.917834,"sphereCenter":[71.2761,190.815,-54.5533],"sphereRadius":38.2761,"stabilizedPalmPosition":[107.086,188.424,-24.6587],"t":[0.34682,33.8549,-8.34924],"timeVisible":0.097744,"type":"right","wrist":[91.8639,168.34,46.7515]}],"id":103418,"interactionBox":{"center":[0,200,0],"size":[235.247,235.247,147.751]},"pointables":[{"bases":[[[0.893851,-0.444616,0.0578501],[0.3197,0.722484,0.613033],[-0.31436,-0.529465,0.787937]],[[0.947483,-0.238127,-0.213476],[0.319336,0.740661,0.59114],[0.0173466,-0.628265,0.777806]],[[0.947483,-0.238127,-0.213476],[0.268362,0.955079,0.125722],[0.173948,-0.176409,0.968825]],[[0.947483,-0.238127,-0.213476],[0.162039,0.932946,-0.32149],[0.275717,0.270015,0.922536]]],"btipPosition":[69.3866,235.856,-63.0218],"carpPosition":[82.4289,204.637,29.6887],"dipPosition":[75.7292,242.067,-41.7999],"direction":[-0.173948,0.176409,-0.968825],"extended":false,"handId":147,"id":1470,"length":51.2263,"mcpPosition":[82.4289,204.637,29.6887],"pipPosition":[81.5587,236.155,-9.33135],"stabilizedTipPosition":[71.9191,234.663,-56.9557],"timeVisible":0.097744,"tipPosition":[73.4226,244.124,-57.3867],"tipVelocity":[-95.9971,246.014,-76.1937],"tool":false,"touchDistance":0.522281,"touchZone":"hovering","type":0,"width":21.4602},{"bases":[[[0.0215487,-0.959229,-0.281806],[0.981522,-0.0333075,0.188427],[-0.190131,-0.28066,0.940787]],[[0.0156632,-0.967444,-0.252601],[0.616225,0.20829,-0.759528],[0.787415,-0.143762,0.599425]],[[0.0156632,-0.967444,-0.252601],[-0.690468,0.172259,-0.702553],[0.723193,0.185417,-0.665291]],[[0.0156632,-0.967444,-0.252601],[-0.988152,0.023599,-0.151656],[0.15268,0.251983,-0.955612]]],"btipPosition":[65.304,214.479,-38.0241],"carpPosition":[104.243,196.294,24.9937],"dipPosition":[67.868,218.711,-54.0725],"direction":[-0.723193,-0.185417,0.665291],"extended":false,"handId":147,"id":1471,"length":57.8031,"mcpPosition":[118.301,217.045,-44.5653],"pipPosition":[85.0494,223.116,-69.8782],"stabilizedTipPosition":[66.0297,214.793,-41.6423],"timeVisible":0.097744,"tipPosition":[67.8556,216.64,-47.0518],"tipVelocity":[-80.6287,339.1,-30.0645],"tool":false,"touchDistance":0.333333,"touchZone":"none","type":1,"width":20.4988},{"bases":[[[-0.17198,-0.968501,-0.180077],[0.966622,-0.201151,0.158681],[-0.189905,-0.146777,0.970769]],[[-0.17426,-0.970203,-0.168345],[0.617724,0.0254291,-0.785984],[0.766844,-0.240956,0.594886]],[[-0.17426,-0.970203,-0.168345],[-0.690116,0.24228,-0.681939],[0.702405,-0.00265743,-0.711772]],[[-0.17426,-0.970203,-0.168345],[-0.979678,0.188063,-0.0697379],[0.0993193,0.152771,-0.983258]]],"btipPosition":[61.8159,203.621,-36.8852],"carpPosition":[106.299,184.661,21.3093],"dipPosition":[63.6504,206.442,-55.047],"direction":[-0.702405,0.00265743,0.711772],"extended":false,"handId":147,"id":1472,"length":65.862,"mcpPosition":[119.614,194.952,-46.7575],"pipPosition":[83.2832,206.368,-74.9416],"stabilizedTipPosition":[62.4144,203.295,-40.9087],"timeVisible":0.097744,"tipPosition":[63.61,203.713,-41.2747],"tipVelocity":[-74.5446,341.172,-45.9892],"tool":false,"touchDistance":0.333333,"touchZone":"none","type":2,"width":20.1326},{"bases":[[[-0.270427,-0.961607,-0.0467041],[0.945319,-0.274408,0.176275],[-0.182323,0.0035193,0.983232]],[[-0.264101,-0.961175,-0.0799598],[0.614904,-0.103925,-0.781724],[0.743064,-0.255622,0.618477]],[[-0.264101,-0.961175,-0.0799598],[-0.669119,0.242298,-0.702546],[0.694644,-0.13204,-0.707132]],[[-0.264101,-0.961175,-0.0799598],[-0.958146,0.270956,-0.0924105],[0.110488,0.0522074,-0.992505]]],"btipPosition":[63.1184,186.342,-33.1368],"carpPosition":[105.217,172.701,18.4401],"dipPosition":[65.1475,187.301,-51.3641],"direction":[-0.694644,0.13204,0.707132],"extended":false,"handId":147,"id":1473,"length":63.3281,"mcpPosition":[116.695,172.479,-43.4571],"pipPosition":[84.0619,183.705,-70.6185],"stabilizedTipPosition":[63.6652,185.636,-37.1769],"timeVisible":0.097744,"tipPosition":[64.0017,186.51,-38.2909],"tipVelocity":[-36.7747,345.568,-49.8955],"tool":false,"touchDistance":0.333333,"touchZone":"none","type":3,"width":19.1574},{"bases":[[[-0.442164,-0.896089,0.0389288],[0.871903,-0.419237,0.253034],[-0.210421,0.145825,0.966674]],[[-0.425333,-0.904439,-0.0329006],[0.643183,-0.276497,-0.714048],[0.636716,-0.324869,0.699323]],[[-0.425333,-0.904439,-0.0329006],[-0.516696,0.272513,-0.811641],[0.743046,-0.328218,-0.583229]],[[-0.425333,-0.904439,-0.0329006],[-0.875486,0.420387,-0.238326],[0.229382,-0.0725639,-0.970628]]],"btipPosition":[68.9023,171.5,-36.2939],"carpPosition":[96.9405,161.168,16.6867],"dipPosition":[72.7886,170.271,-52.7387],"direction":[-0.743046,0.328218,0.583229],"extended":false,"handId":147,"id":1474,"length":49.6481,"mcpPosition":[109.203,152.67,-39.646],"pipPosition":[87.0735,163.961,-63.9511],"stabilizedTipPosition":[69.8101,170.39,-39.9398],"timeVisible":0.097744,"tipPosition":[70.1277,171.399,-42.5124],"tipVelocity":[-9.42918,351.286,-52.1031],"tool":false,"touchDistance":0.333333,"touchZone":"none","type":4,"width":17.0171}],"r":[[0.999762,-0.0141394,0.0165942],[0.0140109,0.999871,0.00783907],[-0.0167029,-0.0076047,0.999832]],"s":0.917834,"t":[0.34682,33.8549,-8.34924],"timestamp":257937205520},{"currentFrameRate":35.3573,"devices":[],"gestures":[],"hands":[{"armBasis":[[-0.145963,-0.842396,-0.518714],[0.954139,0.0186529,-0.298782],[0.261368,-0.538536,0.80104]],"armWidth":66.4635,"confidence":0.525679,"direction":[0.33008,0.116387,-0.93675],"elbow":[162.435,26.1593,263.256],"grabAngle":3.14159,"grabStrength":1,"id":147,"palmNormal":[-0.943707,0.0633598,-0.324659],"palmPosition":[106.297,194.125,-25.649],"palmVelocity":[-55.3941,347.527,-56.321],"palmWidth":91.4443,"pinchDistance":15.8755,"pinchStrength":0.931474,"r":[[0.999795,-0.0110589,0.0169792],[0.0109032,0.999898,0.00923475],[-0.0170796,-0.00904772,0.999813]],"s":0.899948,"sphereCenter":[70.3739,194.75,-55.2648],"sphereRadius":38.1756,"stabilizedPalmPosition":[106.421,193.232,-25.4938],"t":[-0.102583,39.6799,-9.48934],"timeVisible":0.110887,"type":"right","wrist":[91.5133,172.29,45.8953]}],"id":103419,"interactionBox":{"center":[0,200,0],"size":[235.247,235.247,147.751]},"pointables":[{"bases":[[[0.899808,-0.432808,0.0549799],[0.310577,0.723939,0.615999],[-0.306411,-0.537205,0.785826]],[[0.950522,-0.231664,-0.20698],[0.310086,0.747955,0.586865],[0.0188564,-0.622009,0.782783]],[[0.950522,-0.231664,-0.20698],[0.258828,0.959026,0.115228],[0.171805,-0.163099,0.971536]],[[0.950522,-0.231664,-0.20698],[0.150038,0.925742,-0.347117],[0.272025,0.298887,0.914696]]],"btipPosition":[68.5944,238.42,-63.8309],"carpPosition":[81.5557,208.626,29.0398],"dipPosition":[74.852,245.296,-42.7893],"direction":[-0.171805,0.163099,-0.971536],"extended":false,"handId":147,"id":1470,"length":51.2263,"mcpPosition":[81.5557,208.626,29.0398],"pipPosition":[80.6098,239.83,-10.23],"stabilizedTipPosition":[70.8662,237.644,-58.0924],"timeVisible":0.110887,"tipPosition":[71.7396,247.536,-57.9624],"tipVelocity":[-61.7616,206.716,-64.7195],"tool":false,"touchDistance":0.490627,"touchZone":"hovering","type":0,"width":21.4602},{"bases":[[[0.034161,-0.957568,-0.286175],[0.982072,-0.020952,0.187338],[-0.185385,-0.287444,0.939685]],[[0.0272139,-0.967635,-0.250882],[0.613926,0.214245,-0.759733],[0.788894,-0.133348,0.599887]],[[0.0272139,-0.967635,-0.250882],[-0.683972,0.165005,-0.710602],[0.729001,0.190935,-0.657345]],[[0.0272139,-0.967635,-0.250882],[-0.987154,0.0135135,-0.1592],[0.157437,0.251992,-0.954837]]],"btipPosition":[63.9049,218.714,-38.8715],"carpPosition":[103.475,200.598,24.2861],"dipPosition":[66.5489,222.946,-54.9068],"direction":[-0.729001,-0.190935,0.657345],"extended":false,"handId":147,"id":1471,"length":57.8031,"mcpPosition":[117.182,221.851,-45.1913],"pipPosition":[83.8682,227.482,-70.5237],"stabilizedTipPosition":[64.6937,219.104,-42.4504],"timeVisible":0.110887,"tipPosition":[66.6838,220.748,-47.4937],"tipVelocity":[-105.05,322.179,-64.244],"tool":false,"touchDistance":0.333333,"touchZone":"none","type":1,"width":20.4988},{"bases":[[[-0.159122,-0.969903,-0.184305],[0.969401,-0.188844,0.156845],[-0.186929,-0.153708,0.970274]],[[-0.162242,-0.97235,-0.167968],[0.62004,0.03196,-0.783919],[0.767612,-0.231332,0.597711]],[[-0.162242,-0.97235,-0.167968],[-0.682604,0.233518,-0.692475],[0.712551,0.00230676,-0.701617]],[[-0.162242,-0.97235,-0.167968],[-0.980413,0.17811,-0.084068],[0.11166,0.151038,-0.982201]]],"btipPosition":[60.4441,207.893,-38.0499],"carpPosition":[105.683,189.01,20.547],"dipPosition":[62.5066,210.683,-56.1922],"direction":[-0.712551,-0.00230676,0.701617],"extended":false,"handId":147,"id":1472,"length":65.862,"mcpPosition":[118.79,199.787,-47.4851],"pipPosition":[82.4229,210.747,-75.8029],"stabilizedTipPosition":[61.1662,207.667,-42.0051],"timeVisible":0.110887,"tipPosition":[62.6009,207.803,-41.923],"tipVelocity":[-100.386,324.513,-88.2765],"tool":false,"touchDistance":0.333333,"touchZone":"none","type":2,"width":20.1326},{"bases":[[[-0.257518,-0.964937,-0.0508078],[0.949102,-0.262461,0.174127],[-0.181356,-0.00338106,0.983412]],[[-0.252465,-0.964484,-0.077666],[0.620796,-0.0998852,-0.777583],[0.742208,-0.244527,0.623965]],[[-0.252465,-0.964484,-0.077666],[-0.660548,0.230446,-0.714543],[0.707063,-0.129095,-0.695267]],[[-0.252465,-0.964484,-0.077666],[-0.959447,0.25993,-0.10908],[0.125394,0.0469774,-0.990994]]],"btipPosition":[62.026,190.654,-34.5554],"carpPosition":[104.76,177.05,17.6246],"dipPosition":[64.3289,191.517,-52.7549],"direction":[-0.707063,0.129095,0.695267],"extended":false,"handId":147,"id":1473,"length":63.3281,"mcpPosition":[116.177,177.263,-44.2839],"pipPosition":[83.5814,188.001,-71.6862],"stabilizedTipPosition":[62.742,189.976,-38.4786],"timeVisible":0.110887,"tipPosition":[63.2662,190.574,-38.9902],"tipVelocity":[-78.326,326.393,-107.449],"tool":false,"touchDistance":0.333333,"touchZone":"none","type":3,"width":19.1574},{"bases":[[[-0.430033,-0.902123,0.0352852],[0.877718,-0.408609,0.250298],[-0.211382,0.138607,0.967526]],[[-0.415789,-0.909088,-0.0260314],[0.650055,-0.277054,-0.70758],[0.636041,-0.311126,0.706154]],[[-0.415789,-0.909088,-0.0260314],[-0.509817,0.256687,-0.821096],[0.75313,-0.328132,-0.570197]],[[-0.415789,-0.909088,-0.0260314],[-0.876888,0.408325,-0.253651],[0.24122,-0.0826387,-0.966946]]],"btipPosition":[68.2842,175.859,-37.7537],"carpPosition":[96.6374,165.414,15.8269],"dipPosition":[72.3711,174.459,-54.1361],"direction":[-0.75313,0.328132,0.570197],"extended":false,"handId":147,"id":1474,"length":49.6481,"mcpPosition":[108.956,157.337,-40.5554],"pipPosition":[86.8498,168.15,-65.098],"stabilizedTipPosition":[69.316,174.73,-41.2737],"timeVisible":0.110887,"tipPosition":[69.6115,175.551,-43.2213],"tipVelocity":[-43.5169,328.642,-109.979],"tool":false,"touchDistance":0.333333,"touchZone":"none","type":4,"width":17.0171}],"r":[[0.999795,-0.0110589,0.0169792],[0.0109032,0.999898,0.00923475],[-0.0170796,-0.00904772,0.999813]],"s":0.899948,"t":[-0.102583,39.6799,-9.48934],"timestamp":257937218663},{"currentFrameRate":38.0599,"devices":[],"gestures":[],"hands":[{"armBasis":[[-0.154115,-0.840891,-0.518798],[0.95075,0.0167058,-0.309509],[0.26893,-0.540947,0.796902]],"armWidth":66.4635,"confidence":0.571759,"direction":[0.329223,0.118386,-0.936801],"elbow":[163.941,28.587,261.624],"grabAngle":3.14159,"grabStrength":1,"id":147,"palmNormal":[-0.943884,0.0689585,-0.322998],"palmPosition":[105.644,197.397,-26.1052],"palmVelocity":[-52.1944,261.265,-36.4306],"palmWidth":91.4443,"pinchDistance":14.3795,"pinchStrength":0.963067,"r":[[0.99981,-0.00953475,0.0169815],[0.00934704,0.999895,0.0110995],[-0.0170856,-0.0109386,0.999794]],"s":0.883042,"sphereCenter":[69.5056,198.086,-55.7132],"sphereRadius":38.1079,"stabilizedPalmPosition":[105.755,196.8,-26.0175],"t":[-0.654126,44.2284,-10.2875],"timeVisible":0.123411,"type":"right","wrist":[90.9675,175.372,45.3864]}],"id":103420,"interactionBox":{"center":[0,200,0],"size":[235.247,235.247,147.751]},"pointables":[{"bases":[[[0.89787,-0.43718,0.0519973],[0.31485,0.720164,0.61825],[-0.307733,-0.538737,0.78426]],[[0.949141,-0.239477,-0.204407],[0.314561,0.749141,0.582957],[0.0135248,-0.617607,0.78637]],[[0.949141,-0.239477,-0.204407],[0.263855,0.959219,0.101391],[0.17179,-0.150168,0.973621]],[[0.949141,-0.239477,-0.204407],[0.150685,0.915542,-0.37293],[0.276451,0.323163,0.905064]]],"btipPosition":[68.2558,240.388,-64.2241],"carpPosition":[81.051,211.806,28.6748],"dipPosition":[74.6152,247.822,-43.4041],"direction":[-0.17179,0.150168,-0.973621],"extended":false,"handId":147,"id":1470,"length":51.2263,"mcpPosition":[81.051,211.806,28.6748],"pipPosition":[80.3725,242.789,-10.7749],"stabilizedTipPosition":[70.2197,240.153,-58.8489],"timeVisible":0.123411,"tipPosition":[71.1429,250.267,-58.2815],"tipVelocity":[-25.1665,167.377,-35.4663],"tool":false,"touchDistance":0.468235,"touchZone":"hovering","type":0,"width":21.4602},{"bases":[[[0.0292894,-0.956631,-0.289827],