{"frames":347,"data":[{"currentFrameRate":23.7723,"devices":[],"gestures":[],"hands":[],"id":104147,"interactionBox":{"center":[0,200,0],"size":[235.247,235.247,147.751]},"pointables":[],"r":[[-0.962136,-0.269906,0.0380192],[0.215739,-0.839331,-0.498979],[0.166588,-0.471883,0.86578]],"s":0.686793,"t":[505.899,-233.461,348.339],"timestamp":257958063745},{"currentFrameRate":23.7631,"devices":[],"gestures":[],"hands":[],"id":104148,"interactionBox":{"center":[0,200,0],"size":[235.247,235.247,147.751]},"pointables":[],"r":[[-0.962136,-0.269906,0.0380192],[0.215739,-0.839331,-0.498979],[0.166588,-0.471883,0.86578]],"s":0.686793,"t":[505.899,-233.461,348.339],"timestamp":257958105896},{"currentFrameRate":23.7732,"devices":[],"gestures":[],"hands":[],"id":104149,"interactionBox":{"center":[0,200,0],"size":[235.247,235.247,147.751]},"pointables":[],"r":[[-0.962136,-0.269906,0.0380192],[0.215739,-0.839331,-0.498979],[0.166588,-0.471883,0.86578]],"s":0.686793,"t":[505.899,-233.461,348.339],"timestamp":257958147884},{"currentFrameRate":23.7429,"devices":[],"gestures":[],"hands":[],"id":104150,"interactionBox":{"center":[0,200,0],"size":[235.247,235.247,147.751]},"pointables":[],"r":[[-0.962136,-0.269906,0.0380192],[0.215739,-0.839331,-0.498979],[0.166588,-0.471883,0.86578]],"s":0.686793,"t":[505.899,-233.461,348.339],"timestamp":257958190231},{"currentFrameRate":23.7809,"devices":[],"gestures":[],"hands":[],"id":104151,"interactionBox":{"center":[0,200,0],"size":[235.247,235.247,147.751]},"pointables":[],"r":[[-0.962136,-0.269906,0.0380192],[0.215739,-0.839331,-0.498979],[0.166588,-0.471883,0.86578]],"s":0.686793,"t":[505.899,-233.461,348.339],"timestamp":257958231994},{"currentFrameRate":23.7704,"devices":[],"gestures":[],"hands":[],"id":104152,"interactionBox":{"center":[0,200,0],"size":[235.247,235.247,147.751]},"pointables":[],"r":[[-0.962136,-0.269906,0.0380192],[0.215739,-0.839331,-0.498979],[0.166588,-0.471883,0.86578]],"s":0.686793,"t":[505.899,-233.461,348.339],"timestamp":257958274143},{"currentFrameRate":23.7519,"devices":[],"gestures":[],"hands":[],"id":104153,"interactionBox":{"center":[0,200,0],"size":[235.247,235.247,147.751]},"pointables":[],"r":[[-0.962136,-0.269906,0.0380192],[0.215739,-0.839331,-0.498979],[0.166588,-0.471883,0.86578]],"s":0.686793,"t":[505.899,-233.461,348.339],"timestamp":257958316385},{"currentFrameRate":23.7792,"devices":[],"gestures":[],"hands":[],"id":104154,"interactionBox":{"center":[0,200,0],"size":[235.247,235.247,147.751]},"pointables":[],"r":[[-0.962136,-0.269906,0.0380192],[0.215739,-0.839331,-0.498979],[0.166588,-0.471883,0.86578]],"s":0.686793,"t":[505.899,-233.461,348.339],"timestamp":257958358232},{"currentFrameRate":23.783,"devices":[],"gestures":[],"hands":[],"id":104155,"interactionBox":{"center":[0,200,0],"size":[235.247,235.247,147.751]},"pointables":[],"r":[[-0.962136,-0.269906,0.0380192],[0.215739,-0.839331,-0.498979],[0.166588,-0.471883,0.86578]],"s":0.686793,"t":[505.899,-233.461,348.339],"timestamp":257958400250},{"currentFrameRate":23.776,"devices":[],"gestures":[],"hands":[],"id":104156,"interactionBox":{"center":[0,200,0],"size":[235.247,235.247,147.751]},"pointables":[],"r":[[-0.962136,-0.269906,0.0380192],[0.215739,-0.839331,-0.498979],[0.166588,-0.471883,0.86578]],"s":0.686793,"t":[505.899,-233.461,348.339],"timestamp":257958442362},{"currentFrameRate":23.7771,"devices":[],"gestures":[],"hands":[],"id":104157,"interactionBox":{"center":[0,200,0],"size":[235.247,235.247,147.751]},"pointables":[],"r":[[-0.962136,-0.269906,0.0380192],[0.215739,-0.839331,-0.498979],[0.166588,-0.471883,0.86578]],"s":0.686793,"t":[505.899,-233.461,348.339],"timestamp":257958484411},{"currentFrameRate":23.7769,"devices":[],"gestures":[],"hands":[],"id":104158,"interactionBox":{"center":[0,200,0],"size":[235.247,235.247,147.751]},"pointables":[],"r":[[-0.962136,-0.269906,0.0380192],[0.215739,-0.839331,-0.498979],[0.166588,-0.471883,0.86578]],"s":0.686793,"t":[505.899,-233.461,348.339],"timestamp":257958526470},{"currentFrameRate":23.5642,"devices":[],"gestures":[],"hands":[],"id":104159,"interactionBox":{"center":[0,200,0],"size":[235.247,235.247,147.751]},"pointables":[],"r":[[-0.962136,-0.269906,0.0380192],[0.215739,-0.839331,-0.498979],[0.166588,-0.471883,0.86578]],"s":0.686793,"t":[505.899,-233.461,348.339],"timestamp":257958570521},{"currentFrameRate":23.8093,"devices":[],"gestures":[],"hands":[{"armBasis":[[-0.0796804,-0.859839,-0.50431],[0.996212,-0.0863637,-0.010152],[-0.0348249,-0.503208,0.863463]],"armWidth":64.0382,"confidence":0,"direction":[0.273841,0.0982216,-0.956746],"elbow":[79.5038,18.4445,288.6],"grabAngle":2.84944,"grabStrength":1,"id":148,"palmNormal":[-0.957836,0.117789,-0.26206],"palmPosition":[103.773,175.125,-18.1411],"palmVelocity":[1.19209e-7,1.19209e-7,1.19209e-7],"palmWidth":91.4443,"pinchDistance":30.732,"pinchStrength":0.661251,"r":[[1,6.93889e-19,-1.11022e-17],[-6.93889e-19,1,-2.77556e-18],[1.11022e-17,2.77556e-18,1]],"s":1,"sphereCenter":[62.2871,180.135,-47.5818],"sphereRadius":42.4009,"stabilizedPalmPosition":[103.773,175.125,-18.1411],"t":[0,0,0],"timeVisible":0,"type":"right","wrist":[88.9535,154.989,54.3008]}],"id":104160,"interactionBox":{"center":[0,200,0],"size":[235.247,235.247,147.751]},"pointables":[{"bases":[[[0.87516,-0.483824,-0.00313545],[0.391467,0.704263,0.592255],[-0.284339,-0.519546,0.805744]],[[0.919976,-0.313482,-0.235314],[0.38998,0.671531,0.630049],[-0.0394885,-0.671398,0.740044]],[[0.919976,-0.313482,-0.235314],[0.374723,0.879511,0.293332],[0.115007,-0.358036,0.926598]],[[0.919976,-0.313482,-0.235314],[0.316249,0.948295,-0.02691],[0.231583,-0.0496614,0.971547]]],"btipPosition":[76.1508,238.084,-53.711],"carpPosition":[83.5576,190.965,38.0166],"dipPosition":[81.5978,236.916,-30.8598],"direction":[-0.115007,0.358036,-0.926598],"extended":true,"handId":148,"id":1480,"length":52.3766,"mcpPosition":[83.5576,190.965,38.0166],"pipPosition":[85.5386,224.647,0.890903],"stabilizedTipPosition":[77.4036,237.815,-48.4552],"timeVisible":0,"tipPosition":[77.4036,237.815,-48.4552],"tipVelocity":[1.19209e-7,1.19209e-7,1.19209e-7],"tool":false,"touchDistance":0.806505,"touchZone":"hovering","type":0,"width":20.3511},{"bases":[[[-0.039741,-0.957649,-0.285182],[0.98945,-0.0775101,0.122398],[-0.139319,-0.277309,0.950626]],[[-0.042714,-0.963366,-0.264768],[0.686997,0.164094,-0.70789],[0.725404,-0.212132,0.65482]],[[-0.042714,-0.963366,-0.264768],[-0.515762,0.24823,-0.819983],[0.855666,0.101533,-0.507471]],[[-0.042714,-0.963366,-0.264768],[-0.933809,0.132717,-0.332244],[0.355212,0.233052,-0.905269]]],"btipPosition":[56.7158,204.892,-38.8347],"carpPosition":[104.62,181.697,31.8535],"dipPosition":[62.8151,208.893,-54.379],"direction":[-0.855666,-0.101533,0.507471],"extended":false,"handId":148,"id":1481,"length":59.1012,"mcpPosition":[114.921,202.2,-38.4329],"pipPosition":[83.6002,211.36,-66.706],"stabilizedTipPosition":[58.1186,205.812,-42.4099],"timeVisible":0,"tipPosition":[58.1186,205.812,-42.4099],"tipVelocity":[1.19209e-7,1.19209e-7,1.19209e-7],"tool":false,"touchDistance":0.333333,"touchZone":"none","type":1,"width":19.4394},{"bases":[[[-0.226289,-0.958971,-0.170786],[0.965188,-0.244366,0.0932639],[-0.131172,-0.143736,0.980884]],[[-0.227592,-0.960363,-0.160953],[0.681291,-0.0389471,-0.730976],[0.695733,-0.27602,0.66315]],[[-0.227592,-0.960363,-0.160953],[-0.505287,0.25777,-0.823553],[0.832399,-0.106106,-0.543924]],[[-0.227592,-0.960363,-0.160953],[-0.911179,0.268334,-0.312648],[0.343445,0.0755008,-0.936133]]],"btipPosition":[51.1291,195.061,-39.6666],"carpPosition":[105.909,170.005,28.0091],"dipPosition":[57.6153,196.487,-57.3462],"direction":[-0.832399,0.106106,0.543925],"extended":false,"handId":148,"id":1482,"length":67.341,"mcpPosition":[115.106,180.084,-40.767],"pipPosition":[81.404,193.454,-72.8907],"stabilizedTipPosition":[52.6209,195.389,-43.7329],"timeVisible":0,"tipPosition":[52.6209,195.389,-43.7329],"tipVelocity":[1.19209e-7,1.19209e-7,1.19209e-7],"tool":false,"touchDistance":0.333333,"touchZone":"none","type":2,"width":19.0921},{"bases":[[[-0.315237,-0.948502,-0.0311208],[0.941881,-0.316713,0.112045],[-0.116131,0.00600858,0.993216]],[[-0.310473,-0.948016,-0.0697954],[0.680852,-0.170537,-0.71229],[0.66336,-0.268667,0.698406]],[[-0.310473,-0.948016,-0.0697954],[-0.439492,0.208262,-0.87377],[0.842884,-0.240608,-0.481305]],[[-0.310473,-0.948016,-0.0697954],[-0.864638,0.312149,-0.393654],[0.394977,-0.0618714,-0.916605]]],"btipPosition":[50.7514,177.667,-38.0885],"carpPosition":[104.11,158.121,25.1865],"dipPosition":[58.168,176.505,-55.2999],"direction":[-0.842884,0.240608,0.481305],"extended":false,"handId":148,"id":1483,"length":64.7502,"mcpPosition":[111.421,157.743,-37.3392],"pipPosition":[81.6342,169.807,-68.6995],"stabilizedTipPosition":[52.4573,177.4,-42.0471],"timeVisible":0,"tipPosition":[52.4573,177.4,-42.0471],"tipVelocity":[1.19209e-7,1.19209e-7,1.19209e-7],"tool":false,"touchDistance":0.333333,"touchZone":"none","type":3,"width":18.1673},{"bases":[[[-0.477823,-0.875976,0.0659599],[0.867399,-0.458601,0.193145],[-0.138942,0.149503,0.978951]],[[-0.461492,-0.886549,-0.0324846],[0.704803,-0.344154,-0.620331],[0.538775,-0.309173,0.783667]],[[-0.461492,-0.886549,-0.0324846],[-0.247597,0.163876,-0.954903],[0.851892,-0.432637,-0.295134]],[[-0.461492,-0.886549,-0.0324846],[-0.71436,0.393073,-0.578951],[0.526037,-0.243976,-0.814715]]],"btipPosition":[58.3263,161.978,-41.0231],"carpPosition":[95.2329,146.973,23.9586],"dipPosition":[67.4388,157.752,-55.1363],"direction":[-0.851892,0.432637,0.295134],"extended":false,"handId":148,"id":1484,"length":50.763,"mcpPosition":[103.33,138.261,-33.0894],"pipPosition":[84.1839,149.248,-60.9376],"stabilizedTipPosition":[60.4221,161.006,-44.2692],"timeVisible":0,"tipPosition":[60.4221,161.006,-44.2692],"tipVelocity":[1.19209e-7,1.19209e-7,1.19209e-7],"tool":false,"touchDistance":0.333333,"touchZone":"none","type":4,"width":16.1376}],"r":[[1,6.93889e-19,-1.11022e-17],[-6.93889e-19,1,-2.77556e-18],[1.11022e-17,2.77556e-18,1]],"s":1,"t":[0,0,0],"timestamp":257958610663},{"currentFrameRate":23.8115,"devices":[],"gestures":[],"hands":[{"armBasis":[[-0.173873,-0.851019,-0.495514],[0.963544,-0.0431155,-0.264053],[0.20335,-0.523362,0.827491]],"armWidth":66.4635,"confidence":0.217616,"direction":[0.271104,0.0709548,-0.959931],"elbow":[144.663,33.9513,276.536],"grabAngle":2.75967,"grabStrength":1,"id":148,"palmNormal":[-0.960003,0.0924327,-0.264292],"palmPosition":[101.346,194.67,-21.1169],"palmVelocity":[-57.8182,465.575,-70.8854],"palmWidth":91.4443,"pinchDistance":21.5334,"pinchStrength":0.908341,"r":[[0.999994,0.00345137,-0.000323518],[-0.00345345,0.999972,-0.00666941],[0.00030049,0.00667049,0.999978]],"s":0.972545,"sphereCenter":[60.8793,195.362,-49.8391],"sphereRadius":40.9956,"stabilizedPalmPosition":[101.524,193.233,-20.8981],"t":[-1.2136,9.77243,-1.48788],"timeVisible":0.04198,"type":"right","wrist":[89.4848,175.965,51.9976]}],"id":104161,"interactionBox":{"center":[0,200,0],"size":[235.247,235.247,147.751]},"pointables":[{"bases":[[[0.883396,-0.468485,0.011583],[0.379841,0.730283,0.56781],[-0.274469,-0.497201,0.823078]],[[0.924404,-0.276686,-0.26253],[0.37944,0.737058,0.559259],[0.038761,-0.616596,0.786325]],[[0.924404,-0.276686,-0.26253],[0.319313,0.937851,0.135923],[0.208606,-0.209477,0.955302]],[[0.924404,-0.276686,-0.26253],[0.21086,0.94428,-0.25273],[0.317829,0.178268,0.931239]]],"btipPosition":[64.6709,245.876,-58.3708],"carpPosition":[80.9178,212.024,34.5141],"dipPosition":[71.9822,249.977,-36.9487],"direction":[-0.208606,0.209477,-0.955302],"extended":false,"handId":148,"id":1480,"length":51.2263,"mcpPosition":[80.9178,212.024,34.5141],"pipPosition":[78.9733,242.956,-4.9334],"stabilizedTipPosition":[70.2892,243.612,-51.6667],"timeVisible":0.04198,"tipPosition":[70.0162,251.223,-53.4525],"tipVelocity":[-263.247,214.486,-118.831],"tool":false,"touchDistance":0.68436,"touchZone":"hovering","type":0,"width":21.4602},{"bases":[[[-0.0234638,-0.967175,-0.253027],[0.99077,-0.056297,0.123314],[-0.133511,-0.247798,0.959568]],[[-0.0299301,-0.978083,-0.206054],[0.632918,0.14101,-0.761269],[0.77364,-0.1532,0.614826]],[[-0.0299301,-0.978083,-0.206054],[-0.522771,0.191022,-0.830795],[0.851948,0.0828532,-0.517031]],[[-0.0299301,-0.978083,-0.206054],[-0.958503,0.0865548,-0.271626],[0.283508,0.189373,-0.940086]]],"btipPosition":[54.3313,222.562,-40.2104],"carpPosition":[102.131,202.92,28.6294],"dipPosition":[59.0924,225.743,-55.998],"direction":[-0.851948,-0.0828532,0.517031],"extended":false,"handId":148,"id":1481,"length":57.8031,"mcpPosition":[112.002,221.241,-42.3181],"pipPosition":[79.3327,227.711,-68.2814],"stabilizedTipPosition":[55.7722,221.048,-43.6576],"timeVisible":0.04198,"tipPosition":[55.1855,223.67,-45.9428],"tipVelocity":[-64.1324,416.43,-34.1038],"tool":false,"touchDistance":0.333333,"touchZone":"none","type":1,"width":20.4988},{"bases":[[[-0.209842,-0.967898,-0.13835],[0.969368,-0.224426,0.0997987],[-0.127644,-0.11317,0.985342]],[[-0.209473,-0.967567,-0.14119],[0.681423,-0.0408921,-0.730747],[0.701273,-0.249282,0.667888]],[[-0.209473,-0.967567,-0.14119],[-0.393405,0.215585,-0.893731],[0.895184,-0.131668,-0.425805]],[[-0.209473,-0.967567,-0.14119],[-0.84055,0.251955,-0.479577],[0.499596,0.0182186,-0.866067]]],"btipPosition":[45.0943,214.22,-47.6578],"carpPosition":[103.618,191.131,25.1748],"dipPosition":[54.3224,214.556,-63.6549],"direction":[-0.895184,0.131668,0.425805],"extended":false,"handId":148,"id":1482,"length":65.862,"mcpPosition":[112.568,199.066,-43.9138],"pipPosition":[79.3434,210.876,-75.5565],"stabilizedTipPosition":[47.8865,211.954,-50.3947],"timeVisible":0.04198,"tipPosition":[49.1153,213.486,-48.3884],"tipVelocity":[-128.731,450.411,-181.139],"tool":false,"touchDistance":0.333333,"touchZone":"none","type":2,"width":20.1326},{"bases":[[[-0.298813,-0.954311,0.00103264],[0.947335,-0.296497,0.121019],[-0.115184,0.0371402,0.99265]],[[-0.295704,-0.954956,-0.0248772],[0.673528,-0.189951,-0.714338],[0.677436,-0.227988,0.699359]],[[-0.295704,-0.954956,-0.0248772],[-0.354306,0.133822,-0.925505],[0.887145,-0.264862,-0.377919]],[[-0.295704,-0.954956,-0.0248772],[-0.798233,0.261313,-0.542715],[0.52477,-0.140626,-0.839548]]],"btipPosition":[45.7294,196.598,-44.742],"carpPosition":[102.022,179.129,22.753],"dipPosition":[55.3667,194.016,-60.1602],"direction":[-0.887145,0.264862,0.377919],"extended":false,"handId":148,"id":1483,"length":63.3281,"mcpPosition":[109.273,176.791,-39.7371],"pipPosition":[79.5227,186.804,-70.4505],"stabilizedTipPosition":[48.5022,193.71,-47.5185],"timeVisible":0.04198,"tipPosition":[49.5183,195.427,-45.7401],"tipVelocity":[-107.463,443.173,-148.667],"tool":false,"touchDistance":0.333333,"touchZone":"none","type":3,"width":19.1574},{"bases":[[[-0.462528,-0.881403,0.095904],[0.875404,-0.436864,0.206926],[-0.140488,0.179664,0.973645]],[[-0.459351,-0.885114,0.0746303],[0.646932,-0.390944,-0.654707],[0.608667,-0.25246,0.752189]],[[-0.459351,-0.885114,0.0746303],[-0.249425,0.0478926,-0.967209],[0.852516,-0.462903,-0.242769]],[[-0.459351,-0.885114,0.0746303],[-0.687403,0.301014,-0.66096],[0.56256,-0.354914,-0.746701]]],"btipPosition":[54.4498,181.012,-43.6515],"carpPosition":[93.3379,167.795,21.9119],"dipPosition":[63.981,174.999,-56.3024],"direction":[-0.852516,0.462903,0.242769],"extended":false,"handId":148,"id":1484,"length":49.6481,"mcpPosition":[101.525,157.325,-34.827],"pipPosition":[80.3704,166.1,-60.9696],"stabilizedTipPosition":[56.9787,177.97,-46.357],"timeVisible":0.04198,"tipPosition":[58.0494,179.015,-46.6757],"tipVelocity":[-90.0464,443.614,-54.5974],"tool":false,"touchDistance":0.333333,"touchZone":"none","type":4,"width":17.0171}],"r":[[0.999994,0.00345137,-0.000323518],[-0.00345345,0.999972,-0.00666941],[0.00030049,0.00667049,0.999978]],"s":0.972545,"t":[-1.2136,9.77243,-1.48788],"timestamp":257958652643},{"currentFrameRate":24.8449,"devices":[],"gestures":[],"hands":[{"armBasis":[[-0.209322,-0.843409,-0.494818],[0.940182,-0.0344994,-0.338921],[0.268778,-0.536163,0.80018]],"armWidth":66.4635,"confidence":0.37383,"direction":[0.268558,0.0612456,-0.961315],"elbow":[163.751,47.5557,266.157],"grabAngle":2.72561,"grabStrength":1,"id":148,"palmNormal":[-0.961002,0.0853874,-0.26303],"palmPosition":[101.724,211.327,-24.2134],"palmVelocity":[11.5896,511.03,-94.9964],"palmWidth":91.4443,"pinchDistance":18.2091,"pinchStrength":0.944998,"r":[[0.999975,0.00705398,-0.00108528],[-0.00706874,0.999873,-0.0142602],[0.00098455,0.0142675,0.999898]],"s":0.945814,"sphereCenter":[60.7869,209.998,-52.7472],"sphereRadius":41.0901,"stabilizedPalmPosition":[101.719,210.917,-24.1382],"t":[-1.63152,22.9874,-3.78008],"timeVisible":0.074576,"type":"right","wrist":[90.8187,193.042,49.03]}],"id":104162,"interactionBox":{"center":[0,200,0],"size":[235.247,235.247,147.751]},"pointables":[{"bases":[[[0.885402,-0.464591,0.0147661],[0.378061,0.73825,0.558621],[-0.270431,-0.489021,0.829292]],[[0.924975,-0.276039,-0.261198],[0.37567,0.767967,0.518748],[0.0573968,-0.577953,0.814049]],[[0.924975,-0.276039,-0.261198],[0.314812,0.941567,0.119772],[0.212874,-0.193014,0.957826]],[[0.924975,-0.276039,-0.261198],[0.191466,0.932206,-0.307137],[0.328272,0.234084,0.915119]]],"btipPosition":[63.787,259.3,-62.7229],"carpPosition":[81.3521,229.223,31.2666],"dipPosition":[71.3386,264.685,-41.6716],"direction":[-0.212874,0.193014,-0.957826],"extended":false,"handId":148,"id":1480,"length":51.2263,"mcpPosition":[81.3521,229.223,31.2666],"pipPosition":[78.4727,258.217,-9.57169],"stabilizedTipPosition":[65.9614,258.985,-57.3105],"timeVisible":0.074576,"tipPosition":[69.3421,266.273,-57.2353],"tipVelocity":[-25.4214,420.903,-136.131],"tool":false,"touchDistance":0.582698,"touchZone":"hovering","type":0,"width":21.4602},{"bases":[[[-0.0199468,-0.970063,-0.242034],[0.991285,-0.0507178,0.12158],[-0.130215,-0.2375,0.96262]],[[-0.0184502,-0.967271,-0.253072],[0.626581,0.186059,-0.756821],[0.779138,-0.172534,0.602641]],[[-0.0184502,-0.967271,-0.253072],[-0.507261,0.227176,-0.831311],[0.861595,0.113036,-0.49485]],[[-0.0184502,-0.967271,-0.253072],[-0.924759,0.112736,-0.363472],[0.380107,0.227325,-0.896573]]],"btipPosition":[52.4629,238.485,-44.3741],"carpPosition":[102.59,220.142,25.4346],"dipPosition":[58.8464,242.303,-59.4309],"direction":[-0.861595,-0.113036,0.49485],"extended":false,"handId":148,"id":1481,"length":57.8031,"mcpPosition":[112.218,237.702,-45.7386],"pipPosition":[79.3158,244.988,-71.1874],"stabilizedTipPosition":[53.9766,238.911,-47.7338],"timeVisible":0.074576,"tipPosition":[55.2182,239.795,-49.0944],"tipVelocity":[-45.8717,492.993,-122.58],"tool":false,"touchDistance":0.333333,"touchZone":"none","type":1,"width":20.4988},{"bases":[[[-0.206052,-0.970276,-0.126912],[0.970542,-0.21919,0.100015],[-0.12486,-0.102565,0.986859]],[[-0.2016,-0.966139,-0.161039],[0.673995,-0.0175399,-0.738528],[0.710695,-0.257427,0.654709]],[[-0.2016,-0.966139,-0.161039],[-0.375846,0.228135,-0.898162],[0.904487,-0.120544,-0.409111]],[[-0.2016,-0.966139,-0.161039],[-0.827814,0.255947,-0.499214],[0.523528,0.0326684,-0.851382]]],"btipPosition":[44.2516,230.475,-50.9426],"carpPosition":[104.119,208.321,22.1098],"dipPosition":[53.9217,231.078,-66.6685],"direction":[-0.904487,0.120544,0.409111],"extended":false,"handId":148,"id":1482,"length":65.862,"mcpPosition":[112.874,215.513,-47.0852],"pipPosition":[79.2028,227.709,-78.1034],"stabilizedTipPosition":[46.5349,229.831,-54.3848],"timeVisible":0.074576,"tipPosition":[49.1677,229.677,-51.7606],"tipVelocity":[-22.7358,500.565,-98.8591],"tool":false,"touchDistance":0.333333,"touchZone":"none","type":2,"width":20.1326},{"bases":[[[-0.294753,-0.955491,0.01252],[0.948866,-0.29111,0.1221],[-0.113021,0.0478693,0.992439]],[[-0.287446,-0.956642,-0.0470131],[0.664764,-0.163926,-0.728847],[0.689539,-0.240757,0.683061]],[[-0.287446,-0.956642,-0.0470131],[-0.346966,0.149754,-0.925845],[0.892743,-0.249818,-0.374969]],[[-0.287446,-0.956642,-0.0470131],[-0.796217,0.265948,-0.543425],[0.532366,-0.118773,-0.83814]]],"btipPosition":[45.316,212.83,-47.0447],"carpPosition":[102.568,196.287,19.8274],"dipPosition":[55.0929,210.649,-62.437],"direction":[-0.892743,0.249818,0.374969],"extended":false,"handId":148,"id":1483,"length":63.3281,"mcpPosition":[109.683,193.273,-42.6494],"pipPosition":[79.4012,203.846,-72.647],"stabilizedTipPosition":[47.5941,211.744,-50.4887],"timeVisible":0.074576,"tipPosition":[49.6918,211.635,-48.8383],"tipVelocity":[-11.6965,500.797,-70.462],"tool":false,"touchDistance":0.333333,"touchZone":"none","type":3,"width":19.1574},{"bases":[[[-0.458555,-0.882207,0.106952],[0.877732,-0.430799,0.209758],[-0.138975,0.190061,0.971886]],[[-0.450797,-0.890817,0.0568081],[0.650175,-0.371293,-0.662883],[0.6116,-0.261891,0.746564]],[[-0.450797,-0.890817,0.0568081],[-0.230885,0.0548902,-0.971432],[0.862249,-0.451035,-0.23042]],[[-0.450797,-0.890817,0.0568081],[-0.679136,0.300984,-0.669465],[0.579273,-0.340373,-0.740668]]],"btipPosition":[54.382,197.371,-46.4699],"carpPosition":[93.9304,184.907,19.1351],"dipPosition":[64.1963,191.605,-59.0186],"direction":[-0.862249,0.451035,0.230421],"extended":false,"handId":148,"id":1484,"length":49.6481,"mcpPosition":[102.029,173.832,-37.5014],"pipPosition":[80.7728,182.934,-63.4484],"stabilizedTipPosition":[56.6463,195.671,-49.294],"timeVisible":0.074576,"tipPosition":[58.3815,195.227,-49.4866],"tipVelocity":[-0.0837405,503.62,-85.7457],"tool":false,"touchDistance":0.333333,"touchZone":"none","type":4,"width":17.0171}],"r":[[0.999975,0.00705398,-0.00108528],[-0.00706874,0.999873,-0.0142602],[0.00098455,0.0142675,0.999898]],"s":0.945814,"t":[-1.63152,22.9874,-3.78008],"timestamp":257958685239},{"currentFrameRate":27.8054,"devices":[],"gestures":[],"hands":[{"armBasis":[[-0.213752,-0.838474,-0.501269],[0.935496,-0.0279079,-0.352235],[0.28135,-0.544226,0.790354]],"armWidth":66.4635,"confidence":0.441948,"direction":[0.260497,0.0644099,-0.963324],"elbow":[168.12,52.0889,262.24],"grabAngle":2.68206,"grabStrength":1,"id":148,"palmNormal":[-0.963551,0.0802992,-0.255189],"palmPosition":[101.953,218.345,-25.4795],"palmVelocity":[14.7749,452.048,-81.5622],"palmWidth":91.4443,"pinchDistance":18.2734,"pinchStrength":0.929786,"r":[[0.999933,0.0110825,-0.00331335],[-0.0111465,0.999738,-0.0199725],[0.00309114,0.0200081,0.999795]],"s":0.927272,"sphereCenter":[60.4683,216.035,-53.7285],"sphereRadius":41.4542,"stabilizedPalmPosition":[101.923,217.384,-25.3059],"t":[-1.72579,33.1037,-5.55926],"timeVisible":0.0901,"type":"right","wrist":[91.7766,199.764,47.7785]}],"id":104163,"interactionBox":{"center":[0,200,0],"size":[235.247,235.247,147.751]},"pointables":[{"bases":[[[0.888144,-0.459513,0.00688125],[0.378277,0.739471,0.556857],[-0.260971,-0.491966,0.83058]],[[0.92449,-0.271138,-0.267959],[0.374786,0.774945,0.508917],[0.0696665,-0.570915,0.818048]],[[0.92449,-0.271138,-0.267959],[0.312721,0.941404,0.126352],[0.217998,-0.200608,0.955109]],[[0.92449,-0.271138,-0.267959],[0.192201,0.938575,-0.286593],[0.329206,0.21345,0.919817]]],"btipPosition":[63.5501,266.483,-64.0146],"carpPosition":[81.9239,236.029,30.1925],"dipPosition":[71.1231,271.393,-42.8553],"direction":[-0.217998,0.200608,-0.955109],"extended":false,"handId":148,"id":1480,"length":51.2263,"mcpPosition":[81.9239,236.029,30.1925],"pipPosition":[78.4289,264.67,-10.8464],"stabilizedTipPosition":[65.421,265.948,-58.7936],"timeVisible":0.0901,"tipPosition":[68.8874,273,-58.1749],"tipVelocity":[-14.9442,455.647,-81.6101],"tool":false,"touchDistance":0.538757,"touchZone":"hovering","type":0,"width":21.4602},{"bases":[[[-0.0163148,-0.969752,-0.243546],[0.992502,-0.0452175,0.113561],[-0.121139,-0.239867,0.963218]],[[-0.0146189,-0.966302,-0.256994],[0.61115,0.194788,-0.767172],[0.79138,-0.168277,0.587708]],[[-0.0146189,-0.966302,-0.256994],[-0.484057,0.231735,-0.843794],[0.874915,0.112064,-0.471133]],[[-0.0146189,-0.966302,-0.256994],[-0.898438,0.125502,-0.420783],[0.438857,0.224742,-0.869998]]],"btipPosition":[50.548,245.486,-46.0569],"carpPosition":[103.166,227.081,24.1751],"dipPosition":[57.918,249.26,-60.6675],"direction":[-0.874915,-0.112064,0.471133],"extended":false,"handId":148,"id":1481,"length":57.8031,"mcpPosition":[112.123,244.816,-47.0423],"pipPosition":[78.7039,251.922,-71.8605],"stabilizedTipPosition":[52.4843,245.318,-49.1831],"timeVisible":0.0901,"tipPosition":[54.7846,246.561,-49.8831],"tipVelocity":[-108.735,450.303,-101.79],"tool":false,"touchDistance":0.333333,"touchZone":"none","type":1,"width":20.4988},{"bases":[[[-0.201488,-0.971231,-0.126939],[0.972554,-0.21377,0.0918716],[-0.116364,-0.104945,0.987647]],[[-0.196205,-0.965711,-0.170016],[0.664158,-0.00332403,-0.747585],[0.721386,-0.259598,0.642037]],[[-0.196205,-0.965711,-0.170016],[-0.378459,0.234532,-0.895413],[0.904584,-0.111341,-0.411499]],[[-0.196205,-0.965711,-0.170016],[-0.822736,0.256464,-0.507278],[0.533487,0.0403474,-0.844845]]],"btipPosition":[43.5801,237.299,-51.7435],"carpPosition":[104.736,215.274,20.8177],"dipPosition":[53.4342,238.044,-67.3487],"direction":[-0.904584,0.111341,0.411499],"extended":false,"handId":148,"id":1482,"length":65.862,"mcpPosition":[112.895,222.633,-48.4325],"pipPosition":[78.7179,234.932,-78.8504],"stabilizedTipPosition":[45.9614,236.195,-55.1745],"timeVisible":0.0901,"tipPosition":[48.9652,236.473,-52.6666],"tipVelocity":[-40.5287,441.678,-49.8075],"tool":false,"touchDistance":0.333333,"touchZone":"none","type":2,"width":20.1326},{"bases":[[[-0.289154,-0.957191,0.0132224],[0.951469,-0.28585,0.114005],[-0.105345,0.0455456,0.993392]],[[-0.282317,-0.9582,-0.0463692],[0.662067,-0.159632,-0.732246],[0.694236,-0.237425,0.67946]],[[-0.282317,-0.9582,-0.0463692],[-0.330689,0.142577,-0.932907],[0.900523,-0.248041,-0.357118]],[[-0.282317,-0.9582,-0.0463692],[-0.78329,0.258149,-0.565522],[0.553853,-0.123336,-0.823429]]],"btipPosition":[44.6883,219.814,-49.0032],"carpPosition":[103.237,203.235,18.527],"dipPosition":[54.8597,217.549,-64.1254],"direction":[-0.900523,0.248041,0.357118],"extended":false,"handId":148,"id":1483,"length":63.3281,"mcpPosition":[109.868,200.368,-44.0098],"pipPosition":[79.38,210.795,-73.8493],"stabilizedTipPosition":[47.1197,218.067,-52.1578],"timeVisible":0.0901,"tipPosition":[49.5193,218.463,-49.8999],"tipVelocity":[-34.5902,448.635,-122.158],"tool":false,"touchDistance":0.333333,"touchZone":"none","type":3,"width":19.1574},{"bases":[[[-0.452612,-0.88501,0.109088],[0.881842,-0.426094,0.201987],[-0.132278,0.18762,0.973294]],[[-0.442731,-0.895593,0.0436248],[0.660812,-0.35878,-0.659245],[0.606067,-0.26304,0.750661]],[[-0.442731,-0.895593,0.0436248],[-0.202087,0.0522629,-0.977972],[0.873585,-0.441794,-0.204126]],[[-0.442731,-0.895593,0.0436248],[-0.654468,0.289509,-0.698467],[0.612912,-0.337784,-0.714311]]],"btipPosition":[54.1247,204.232,-48.8975],"carpPosition":[94.6589,191.807,17.884],"dipPosition":[64.5089,198.509,-60.9996],"direction":[-0.873585,0.441794,0.204126],"extended":false,"handId":148,"id":1484,"length":49.6481,"mcpPosition":[102.367,180.874,-38.8344],"pipPosition":[81.3033,190.016,-64.9239],"stabilizedTipPosition":[56.5324,201.863,-51.3341],"timeVisible":0.0901,"tipPosition":[58.3288,202.115,-50.5425],"tipVelocity":[-8.13293,442.602,-149.756],"tool":false,"touchDistance":0.333333,"touchZone":"none","type":4,"width":17.0171}],"r":[[0.999933,0.0110825,-0.00331335],[-0.0111465,0.999738,-0.0199725],[0.00309114,0.0200081,0.999795]],"s":0.927272,"t":[-1.72579,33.1037,-5.55926],"timestamp":257958700763},{"currentFrameRate":30.5634,"devices":[],"gestures":[],"hands":[{"armBasis":[[-0.194191,-0.834455,-0.515728],[0.939393,-0.00676319,-0.342775],[0.282542,-0.551035,0.785194]],"armWidth":66.4635,"confidence":0.504759,"direction":[0.262761,0.0780905,-0.961696],"elbow":[168.786,56.727,259.599],"grabAngle":2.62395,"grabStrength":1,"id":148,"palmNormal":[-0.964002,0.0632914,-0.258252],"palmPosition":[102.274,225.739,-26.4925],"palmVelocity":[20.8499,480.761,-65.8611],"palmWidth":91.4443,"pinchDistance":18.8768,"pinchStrength":0.91723,"r":[[0.999823,0.0182939,-0.00431101],[-0.0183875,0.999571,-0.0227958],[0.00389214,0.022871,0.999731]],"s":0.917934,"sphereCenter":[60.4129,222.338,-55.1142],"sphereRadius":42.108,"stabilizedPalmPosition":[102.238,224.894,-26.3725],"t":[-1.6126,41.8589,-6.95532],"timeVisible":0.10548,"type":"right","wrist":[92.1186,206.249,46.5381]}],"id":104164,"interactionBox":{"center":[0,200,0],"size":[235.247,235.247,147.751]},"pointables":[{"bases":[[[0.897125,-0.441731,0.00634512],[0.361324,0.741937,0.564778],[-0.254188,-0.504384,0.825218]],[[0.930961,-0.252937,-0.263316],[0.357241,0.780014,0.513768],[0.0754394,-0.572365,0.816522]],[[0.930961,-0.252937,-0.263316],[0.298534,0.942521,0.150103],[0.210214,-0.218349,0.95296]],[[0.930961,-0.252937,-0.263316],[0.188525,0.950604,-0.246597],[0.312683,0.17993,0.93266]]],"btipPosition":[63.6641,274.42,-65.1009],"carpPosition":[81.6866,242.528,29.253],"dipPosition":[70.857,278.559,-43.6461],"direction":[-0.210214,0.218349,-0.95296],"extended":false,"handId":148,"id":1480,"length":51.2263,"mcpPosition":[81.6866,242.528,29.253],"pipPosition":[77.902,271.242,-11.7093],"stabilizedTipPosition":[65.3338,273.961,-59.9607],"timeVisible":0.10548,"tipPosition":[68.0543,279.708,-58.9244],"tipVelocity":[1.73075,504.555,-66.212],"tool":false,"touchDistance":0.50294,"touchZone":"hovering","type":0,"width":21.4602},{"bases":[[[0.00399581,-0.967699,-0.252076],[0.992775,-0.0263912,0.117051],[-0.119922,-0.250722,0.960602]],[[0.00690267,-0.961335,-0.275296],[0.620573,0.219993,-0.752657],[0.784118,-0.165646,0.598097]],[[0.00690267,-0.961335,-0.275296],[-0.433455,0.245218,-0.867171],[0.901149,0.125314,-0.415002]],[[0.00690267,-0.961335,-0.275296],[-0.861773,0.133931,-0.489296],[0.507247,0.24062,-0.827528]]],"btipPosition":[48.9527,252.574,-49.2831],"carpPosition":[103.126,234.06,23.241],"dipPosition":[57.4713,256.615,-63.1804],"direction":[-0.901149,-0.125314,0.415002],"extended":false,"handId":148,"id":1481,"length":57.8031,"mcpPosition":[111.993,252.597,-47.783],"pipPosition":[78.8804,259.592,-73.0399],"stabilizedTipPosition":[51.1435,252.298,-51.9942],"timeVisible":0.10548,"tipPosition":[54.1009,253.263,-51.072],"tipVelocity":[-86.5493,464.875,-199.098],"tool":false,"touchDistance":0.333333,"touchZone":"none","type":1,"width":20.4988},{"bases":[[[-0.181546,-0.973903,-0.136213],[0.976285,-0.19511,0.0938106],[-0.117939,-0.115952,0.986228]],[[-0.175795,-0.967368,-0.182471],[0.675821,0.016183,-0.736889],[0.715795,-0.252859,0.650922]],[[-0.175795,-0.967368,-0.182471],[-0.344877,0.23413,-0.908979],[0.922039,-0.0968638,-0.374782]],[[-0.175795,-0.967368,-0.182471],[-0.800651,0.248344,-0.545237],[0.572761,0.0502454,-0.818181]]],"btipPosition":[42.9503,244.206,-54.6148],"carpPosition":[104.944,222.317,19.7867],"dipPosition":[53.5298,245.134,-69.7274],"direction":[-0.922039,0.0968638,0.374782],"extended":false,"handId":148,"id":1482,"length":65.862,"mcpPosition":[113.214,230.447,-49.364],"pipPosition":[79.3014,242.427,-80.2029],"stabilizedTipPosition":[45.4793,243.057,-57.6075],"timeVisible":0.10548,"tipPosition":[48.6332,243.196,-54.2088],"tipVelocity":[-30.1032,451.839,-179.322],"tool":false,"touchDistance":0.333333,"touchZone":"none","type":2,"width":20.1326},{"bases":[[[-0.269999,-0.962853,0.00372115],[0.956562,-0.26779,0.11523],[-0.109953,0.0346715,0.993332]],[[-0.26292,-0.9632,-0.0558497],[0.677031,-0.142945,-0.721939],[0.687388,-0.227624,0.689699]],[[-0.26292,-0.9632,-0.0558497],[-0.290869,0.134324,-0.947287],[0.919928,-0.232816,-0.315481]],[[-0.26292,-0.9632,-0.0558497],[-0.756488,0.241731,-0.607694],[0.598832,-0.117526,-0.792205]]],"btipPosition":[44.3826,226.582,-52.2983],"carpPosition":[103.694,210.27,17.385],"dipPosition":[55.3801,224.424,-66.847],"direction":[-0.919928,0.232816,0.315481],"extended":false,"handId":148,"id":1483,"length":63.3281,"mcpPosition":[110.616,208.088,-45.148],"pipPosition":[80.4287,218.084,-75.4372],"stabilizedTipPosition":[46.9484,224.68,-55.0334],"timeVisible":0.10548,"tipPosition":[49.5713,225.154,-51.6675],"tipVelocity":[-7.52305,441.657,-205.669],"tool":false,"touchDistance":0.333333,"touchZone":"none","type":3,"width":19.1574},{"bases":[[[-0.435226,-0.894798,0.0995727],[0.889425,-0.410166,0.201709],[-0.139647,0.176351,0.974371]],[[-0.423714,-0.905385,0.0272826],[0.68279,-0.339043,-0.647185],[0.595202,-0.255593,0.761845]],[[-0.423714,-0.905385,0.0272826],[-0.158669,0.0445341,-0.986327],[0.891791,-0.422249,-0.162526]],[[-0.423714,-0.905385,0.0272826],[-0.619192,0.267531,-0.73826],[0.661111,-0.329704,-0.673964]]],"btipPosition":[54.4557,210.99,-52.1077],"carpPosition":[95.3495,198.68,16.6085],"dipPosition":[65.6565,205.404,-63.5263],"direction":[-0.891791,0.422249,0.162526],"extended":false,"handId":148,"id":1484,"length":49.6481,"mcpPosition":[103.487,188.403,-40.1727],"pipPosition":[82.801,197.286,-66.6508],"stabilizedTipPosition":[56.9532,208.469,-54.1983],"timeVisible":0.10548,"tipPosition":[58.8602,208.952,-52.171],"tipVelocity":[33.7363,441.422,-198.508],"tool":false,"touchDistance":0.333333,"touchZone":"none","type":4,"width":17.0171}],"r":[[0.999823,0.0182939,-0.00431101],[-0.0183875,0.999571,-0.0227958],[0.00389214,0.022871,0.999731]],"s":0.917934,"t":[-1.6126,41.8589,-6.95532],"timestamp":257958716143},{"currentFrameRate":33.3369,"devices":[],"gestures":[],"hands":[{"armBasis":[[-0.187883,-0.834373,-0.518191],[0.939449,0.00128335,-0.342688],[0.286594,-0.551199,0.783609]],"armWidth":66.4635,"confidence":0.557474,"direction":[0.267386,0.0814559,-0.96014],"elbow":[169.449,62.0663,258.447],"grabAngle":2.54089,"grabStrength":0.986539,"id":148,"palmNormal":[-0.963032,0.0564695,-0.2634],"palmPosition":[102.038,231.325,-27.1222],"palmVelocity":[-16.8822,400.434,-45.1387],"palmWidth":91.4443,"pinchDistance":18.9457,"pinchStrength":0.923243,"r":[[0.999665,0.025554,-0.00403272],[-0.0256463,0.999364,-0.0247843],[0.00339682,0.0248794,0.999685]],"s":0.91399,"sphereCenter":[59.6783,226.76,-56.1497],"sphereRadius":42.9118,"stabilizedPalmPosition":[102.058,230.687,-27.0477],"t":[-1.67375,49.0295,-7.9682],"timeVisible":0.11943,"type":"right","wrist":[91.6822,211.633,45.8165]}],"id":104165,"interactionBox":{"center":[0,200,0],"size":[235.247,235.247,147.751]},"pointables":[{"bases":[[[0.900354,-0.435029,0.0105962],[0.352698,0.743788,0.567789],[-0.254886,-0.507474,0.823106]],[[0.93434,-0.246786,-0.257109],[0.347867,0.788308,0.507502],[0.0774367,-0.563619,0.822397]],[[0.93434,-0.246786,-0.257109],[0.292382,0.943312,0.157085],[0.203767,-0.221944,0.95353]],[[0.93434,-0.246786,-0.257109],[0.190888,0.95578,-0.223712],[0.300948,0.159944,0.940132]]],"btipPosition":[63.3872,279.912,-66.3053],"carpPosition":[81.0239,247.878,28.5344],"dipPosition":[70.3102,283.592,-44.6786],"direction":[-0.203767,0.221944,-0.95353],"extended":false,"handId":148,"id":1480,"length":51.2263,"mcpPosition":[81.0239,247.878,28.5344],"pipPosition":[77.1391,276.154,-12.7227],"stabilizedTipPosition":[65.0331,279.731,-61.124],"timeVisible":0.11943,"tipPosition":[67.5223,284.968,-59.708],"tipVelocity":[-24.2983,386.104,-83.5031],"tool":false,"touchDistance":0.468506,"touchZone":"hovering","type":0,"width":21.4602},{"bases":[[[0.0125966,-0.967273,-0.253425],[0.992295,-0.0191491,0.12241],[-0.123257,-0.253015,0.959579]],[[0.0149563,-0.962247,-0.271768],[0.632718,0.219568,-0.742602],[0.774238,-0.160846,0.612115]],[[0.0149563,-0.962247,-0.271768],[-0.370965,0.24706,-0.895179],[0.928526,0.114205,-0.353265]],[[0.0149563,-0.962247,-0.271768],[-0.811848,0.146973,-0.565067],[0.583677,0.229085,-0.779]]],"btipPosition":[47.1149,258.518,-52.6951],"carpPosition":[102.558,239.579,22.627],"dipPosition":[56.917,262.365,-65.7774],"direction":[-0.928526,-0.114205,0.353265],"extended":false,"handId":148,"id":1481,"length":57.8031,"mcpPosition":[111.672,258.286,-48.3214],"pipPosition":[78.9766,265.078,-74.1702],"stabilizedTipPosition":[49.7263,257.973,-54.9575],"timeVisible":0.11943,"tipPosition":[53.0962,258.663,-52.521],"tipVelocity":[-110.581,422.892,-231.15],"tool":false,"touchDistance":0.333333,"touchZone":"none","type":1,"width":20.4988},{"bases":[[[-0.17352,-0.975031,-0.138583],[0.977192,-0.187953,0.0988413],[-0.12242,-0.118271,0.985406]],[[-0.168028,-0.96896,-0.181335],[0.691053,0.0154022,-0.72264],[0.703002,-0.246736,0.667015]],[[-0.168028,-0.96896,-0.181335],[-0.28529,0.223877,-0.931928],[0.943598,-0.104856,-0.314052]],[[-0.168028,-0.96896,-0.181335],[-0.750625,0.245003,-0.613625],[0.639006,0.0330089,-0.768493]]],"btipPosition":[41.5831,250.159,-58.5556],"carpPosition":[104.483,227.855,19.166],"dipPosition":[53.3862,250.768,-72.7505],"direction":[-0.943598,0.104856,0.314052],"extended":false,"handId":148,"id":1482,"length":65.862,"mcpPosition":[113.067,236.148,-49.9272],"pipPosition":[79.7605,247.837,-81.5285],"stabilizedTipPosition":[44.5785,248.578,-60.8196],"timeVisible":0.11943,"tipPosition":[47.7115,248.744,-56.2591],"tipVelocity":[-77.8278,421.469,-267.365],"tool":false,"touchDistance":0.333333,"touchZone":"none","type":2,"width":20.1326},{"bases":[[[-0.262811,-0.964847,0.000884351],[0.957897,-0.260808,0.12005],[-0.115599,0.0323976,0.992767]],[[-0.254537,-0.964864,-0.0651764],[0.695432,-0.135793,-0.705645],[0.672001,-0.224938,0.705562]],[[-0.254537,-0.964864,-0.0651764],[-0.226587,0.125024,-0.965933],[0.940143,-0.231098,-0.250449]],[[-0.254537,-0.964864,-0.0651764],[-0.699328,0.230199,-0.676719],[0.667945,-0.12667,-0.733351]]],"btipPosition":[43.2359,232.261,-56.4556],"carpPosition":[103.336,215.803,16.7403],"dipPosition":[55.5027,229.935,-69.9235],"direction":[-0.940143,0.231098,0.250449],"extended":false,"handId":148,"id":1483,"length":63.3281,"mcpPosition":[110.614,213.764,-45.7571],"pipPosition":[81.1017,223.642,-76.743],"stabilizedTipPosition":[46.2879,229.902,-58.3833],"timeVisible":0.11943,"tipPosition":[48.878,230.619,-53.8084],"tipVelocity":[-61.269,404.351,-280.195],"tool":false,"touchDistance":0.333333,"touchZone":"none","type":3,"width":19.1574},{"bases":[[[-0.42906,-0.898167,0.0959325],[0.891358,-0.403809,0.20596],[-0.146248,0.173879,0.973847]],[[-0.417839,-0.908092,0.0279116],[0.696732,-0.34,-0.631636],[0.583074,-0.244475,0.774762]],[[-0.417839,-0.908092,0.0279116],[-0.106911,0.0186376,-0.994094],[0.902209,-0.418355,-0.104872]],[[-0.417839,-0.908092,0.0279116],[-0.564956,0.235647,-0.790756],[0.711502,-0.346178,-0.611494]]],"btipPosition":[53.9409,216.424,-55.3994],"carpPosition":[95.0826,204.152,15.902],"dipPosition":[65.9955,210.559,-65.7596],"direction":[-0.902209,0.418355,0.104872],"extended":false,"handId":148,"id":1484,"length":49.6481,"mcpPosition":[103.605,194.019,-40.8486],"pipPosition":[83.3402,202.516,-67.7757],"stabilizedTipPosition":[56.7658,213.632,-56.9994],"timeVisible":0.11943,"tipPosition":[58.61,214.358,-53.6703],"tipVelocity":[-22.8259,384.935,-218.51],"tool":false,"touchDistance":0.333333,"touchZone":"none","type":4,"width":17.0171}],"r":[[0.999665,0.025554,-0.00403272],[-0.0256463,0.999364,-0.0247843],[0.00339682,0.0248794,0.999685]],"s":0.91399,"t":[-1.67375,49.0295,-7.9682],"timestamp":257958730093},{"currentFrameRate":36.1396,"devices":[],"gestures":[],"hands":[{"armBasis":[[-0.169043,-0.83751,-0.519617],[0.942187,0.0174442,-0.334632],[0.289322,-0.546144,0.786143]],"armWidth":66.4635,"confidence":0.601733,"direction":[0.267125,0.0969637,-0.958771],"elbow":[170.376,67.5013,258.447],"grabAngle":2.45517,"grabStrength":0.925299,"id":148,"palmNormal":[-0.963471,0.0466994,-0.263711],"palmPosition":[102.071,236.284,-27.6045],"palmVelocity":[2.55794,391.672,-38.0972],"palmWidth":91.4443,"pinchDistance":19.2204,"pinchStrength":0.927193,"r":[[0.999413,0.0340756,-0.00354442],[-0.0341508,0.999131,-0.0239066],[0.00272671,0.0240136,0.999708]],"s":0.915348,"sphereCenter":[59.0357,230.697,-56.9379],"sphereRadius":43.8405,"stabilizedPalmPosition":[102.069,235.719,-27.5483],"t":[-1.68813,55.0943,-8.71581],"timeVisible":0.132091,"type":"right","wrist":[91.8689,215.696,45.1284]}],"id":104166,"interactionBox":{"center":[0,200,0],"size":[235.247,235.247,147.751]},"pointables":[{"