{"frames":344,"data":[{"currentFrameRate":23.0479,"devices":[],"gestures":[],"hands":[],"id":107643,"interactionBox":{"center":[0,200,0],"size":[235.247,235.247,147.751]},"pointables":[],"r":[[-0.962136,-0.269906,0.0380192],[0.215739,-0.839331,-0.498979],[0.166588,-0.471883,0.86578]],"s":0.686793,"t":[505.899,-233.461,348.339],"timestamp":258065568655},{"currentFrameRate":23.1766,"devices":[],"gestures":[],"hands":[],"id":107644,"interactionBox":{"center":[0,200,0],"size":[235.247,235.247,147.751]},"pointables":[],"r":[[-0.962136,-0.269906,0.0380192],[0.215739,-0.839331,-0.498979],[0.166588,-0.471883,0.86578]],"s":0.686793,"t":[505.899,-233.461,348.339],"timestamp":258065610804},{"currentFrameRate":23.2765,"devices":[],"gestures":[],"hands":[],"id":107645,"interactionBox":{"center":[0,200,0],"size":[235.247,235.247,147.751]},"pointables":[],"r":[[-0.962136,-0.269906,0.0380192],[0.215739,-0.839331,-0.498979],[0.166588,-0.471883,0.86578]],"s":0.686793,"t":[505.899,-233.461,348.339],"timestamp":258065652995},{"currentFrameRate":23.3871,"devices":[],"gestures":[],"hands":[],"id":107646,"interactionBox":{"center":[0,200,0],"size":[235.247,235.247,147.751]},"pointables":[],"r":[[-0.962136,-0.269906,0.0380192],[0.215739,-0.839331,-0.498979],[0.166588,-0.471883,0.86578]],"s":0.686793,"t":[505.899,-233.461,348.339],"timestamp":258065694904},{"currentFrameRate":23.4425,"devices":[],"gestures":[],"hands":[],"id":107647,"interactionBox":{"center":[0,200,0],"size":[235.247,235.247,147.751]},"pointables":[],"r":[[-0.962136,-0.269906,0.0380192],[0.215739,-0.839331,-0.498979],[0.166588,-0.471883,0.86578]],"s":0.686793,"t":[505.899,-233.461,348.339],"timestamp":258065737137},{"currentFrameRate":23.5139,"devices":[],"gestures":[],"hands":[],"id":107648,"interactionBox":{"center":[0,200,0],"size":[235.247,235.247,147.751]},"pointables":[],"r":[[-0.962136,-0.269906,0.0380192],[0.215739,-0.839331,-0.498979],[0.166588,-0.471883,0.86578]],"s":0.686793,"t":[505.899,-233.461,348.339],"timestamp":258065779119},{"currentFrameRate":23.5787,"devices":[],"gestures":[],"hands":[],"id":107649,"interactionBox":{"center":[0,200,0],"size":[235.247,235.247,147.751]},"pointables":[],"r":[[-0.962136,-0.269906,0.0380192],[0.215739,-0.839331,-0.498979],[0.166588,-0.471883,0.86578]],"s":0.686793,"t":[505.899,-233.461,348.339],"timestamp":258065821036},{"currentFrameRate":23.6105,"devices":[],"gestures":[],"hands":[],"id":107650,"interactionBox":{"center":[0,200,0],"size":[235.247,235.247,147.751]},"pointables":[],"r":[[-0.962136,-0.269906,0.0380192],[0.215739,-0.839331,-0.498979],[0.166588,-0.471883,0.86578]],"s":0.686793,"t":[505.899,-233.461,348.339],"timestamp":258065863148},{"currentFrameRate":23.6183,"devices":[],"gestures":[],"hands":[],"id":107651,"interactionBox":{"center":[0,200,0],"size":[235.247,235.247,147.751]},"pointables":[],"r":[[-0.962136,-0.269906,0.0380192],[0.215739,-0.839331,-0.498979],[0.166588,-0.471883,0.86578]],"s":0.686793,"t":[505.899,-233.461,348.339],"timestamp":258065905429},{"currentFrameRate":23.6619,"devices":[],"gestures":[],"hands":[{"armBasis":[[0.174517,-0.948329,-0.264984],[0.86527,0.27614,-0.418395],[0.469948,-0.156266,0.868752]],"armWidth":62.8928,"confidence":0,"direction":[0.0677297,0.208138,-0.975752],"elbow":[211.079,84.5891,295.967],"grabAngle":3.14159,"grabStrength":1,"id":153,"palmNormal":[-0.974448,-0.196129,-0.109476],"palmPosition":[79.2242,147.741,-7.05061],"palmVelocity":[1.19209e-7,1.19209e-7,1.19209e-7],"palmWidth":89.8088,"pinchDistance":42.1894,"pinchStrength":0.315925,"r":[[1,2.77556e-18,-2.77556e-18],[-2.77556e-18,1,-1.11022e-17],[2.77556e-18,1.11022e-17,1]],"s":1,"sphereCenter":[38.7557,152.018,-25.8959],"sphereRadius":39.6311,"stabilizedPalmPosition":[79.2242,147.741,-7.05061],"t":[0,0,0],"timeVisible":0,"type":"right","wrist":[85.8405,126.233,64.4492]}],"id":107652,"interactionBox":{"center":[0,200,0],"size":[235.247,235.247,147.751]},"pointables":[{"bases":[[[0.970966,-0.169553,-0.168752],[0.237,0.777663,0.582298],[0.0325017,-0.605386,0.795269]],[[0.933096,-0.0153324,-0.359301],[0.279698,0.65895,0.698251],[0.226055,-0.752031,0.619152]],[[0.933096,-0.0153324,-0.359301],[0.172565,0.895646,0.409927],[0.315521,-0.444504,0.838369]],[[0.933096,-0.0153324,-0.359301],[0.0818944,0.9819,0.170777],[0.350179,-0.188776,0.917463]]],"btipPosition":[34.8934,210.815,-28.4536],"carpPosition":[64.7383,154.443,51.4585],"dipPosition":[42.9825,206.454,-7.26042],"direction":[-0.315521,0.444504,-0.838369],"extended":true,"handId":153,"id":1530,"length":51.4398,"mcpPosition":[64.7383,154.443,51.4585],"pipPosition":[53.6007,191.495,20.9532],"stabilizedTipPosition":[36.7539,209.812,-23.5792],"timeVisible":0,"tipPosition":[36.7539,209.812,-23.5792],"tipVelocity":[1.19209e-7,1.19209e-7,1.19209e-7],"tool":false,"touchDistance":1,"touchZone":"none","type":0,"width":19.9871},{"bases":[[[0.222491,-0.909683,-0.350676],[0.968237,0.248263,-0.0297033],[0.11408,-0.332929,0.936026]],[[0.23122,-0.934253,-0.271492],[0.315116,0.335927,-0.887612],[0.920456,0.119683,0.372071]],[[0.23122,-0.934253,-0.271492],[-0.908938,-0.107925,-0.402721],[0.346943,0.339886,-0.874133]],[[0.23122,-0.934253,-0.271492],[-0.94569,-0.281362,0.162807],[-0.22849,0.219103,-0.948571]]],"btipPosition":[34.2257,160.095,-5.13918],"carpPosition":[85.9649,152.798,41.7571],"dipPosition":[30.3725,163.79,-21.1357],"direction":[-0.346943,-0.339886,0.874133],"extended":false,"handId":153,"id":1531,"length":58.0441,"mcpPosition":[77.681,176.974,-26.212],"pipPosition":[38.6494,171.899,-41.9895],"stabilizedTipPosition":[33.3395,160.945,-8.81838],"timeVisible":0,"tipPosition":[33.3395,160.945,-8.81838],"tipVelocity":[1.19209e-7,1.19209e-7,1.19209e-7],"tool":false,"touchDistance":0.333333,"touchZone":"none","type":1,"width":19.0917},{"bases":[[[0.0675158,-0.975205,-0.210755],[0.994182,0.0835263,-0.0680042],[0.0839216,-0.204938,0.975171]],[[0.0670144,-0.973966,-0.216564],[0.267444,0.226644,-0.93654],[0.96124,0.00484284,0.275669]],[[0.0670144,-0.973966,-0.216564],[-0.950028,0.00403763,-0.312138],[0.304887,0.22666,-0.925024]],[[0.0670144,-0.973966,-0.216564],[-0.934757,-0.137189,0.327734],[-0.348911,0.180472,-0.919614]]],"btipPosition":[36.6049,146.645,-0.300569],"carpPosition":[90.2003,142.472,36.9468],"dipPosition":[30.1333,149.992,-17.3576],"direction":[-0.304887,-0.22666,0.925024],"extended":false,"handId":153,"id":1532,"length":66.1366,"mcpPosition":[84.4213,156.584,-30.2056],"pipPosition":[38.6906,156.354,-43.3205],"stabilizedTipPosition":[35.1164,147.415,-4.22369],"timeVisible":0,"tipPosition":[35.1164,147.415,-4.22369],"tipVelocity":[1.19209e-7,1.19209e-7,1.19209e-7],"tool":false,"touchDistance":0.333333,"touchZone":"none","type":2,"width":18.7506},{"bases":[[[0.00399057,-0.998237,-0.0592236],[0.998634,0.00706341,-0.051767],[0.052094,-0.0589361,0.996902]],[[0.00571166,-0.99964,-0.0262137],[0.276258,0.0267713,-0.96071],[0.961066,-0.00175452,0.276312]],[[0.00571166,-0.99964,-0.0262137],[-0.936034,0.00387939,-0.351888],[0.351863,0.0265468,-0.935675]],[[0.00571166,-0.99964,-0.0262137],[-0.953356,-0.0133549,0.301554],[-0.301795,0.0232686,-0.953089]]],"btipPosition":[42.1719,133.512,2.89322],"carpPosition":[91.8305,130.945,33.5538],"dipPosition":[36.6063,133.941,-14.6831],"direction":[-0.351863,-0.0265468,0.935675],"extended":false,"handId":153,"id":1533,"length":63.5921,"mcpPosition":[88.6097,134.589,-28.0814],"pipPosition":[46.2271,134.666,-40.2667],"stabilizedTipPosition":[40.8918,133.61,-1.14934],"timeVisible":0,"tipPosition":[40.8918,133.61,-1.14934],"tipVelocity":[1.19209e-7,1.19209e-7,1.19209e-7],"tool":false,"touchDistance":0.333333,"touchZone":"none","type":3,"width":17.8424},{"bases":[[[-0.155065,-0.985702,0.0659279],[0.987751,-0.15352,0.0279305],[-0.0174099,0.0694514,0.997433]],[[-0.155334,-0.984407,0.0825438],[0.363497,-0.134653,-0.921813],[0.918554,-0.113184,0.378746]],[[-0.155334,-0.984407,0.0825438],[-0.849618,0.0904978,-0.519577],[0.504005,-0.150839,-0.850427]],[[-0.155334,-0.984407,0.0825438],[-0.975323,0.166097,0.145452],[-0.156895,-0.0579132,-0.985916]]],"btipPosition":[48.8756,121.651,-4.33685],"carpPosition":[86.9974,117.778,32.7762],"dipPosition":[46.2063,120.666,-21.1103],"direction":[-0.504005,0.150839,0.850427],"extended":false,"handId":153,"id":1534,"length":49.855,"mcpPosition":[87.9938,113.803,-24.3094],"pipPosition":[55.9361,117.754,-37.5277],"stabilizedTipPosition":[48.2617,121.424,-8.19474],"timeVisible":0,"tipPosition":[48.2617,121.424,-8.19474],"tipVelocity":[1.19209e-7,1.19209e-7,1.19209e-7],"tool":false,"touchDistance":0.333333,"touchZone":"none","type":4,"width":15.849}],"r":[[1,2.77556e-18,-2.77556e-18],[-2.77556e-18,1,-1.11022e-17],[2.77556e-18,1.11022e-17,1]],"s":1,"t":[0,0,0],"timestamp":258065947360},{"currentFrameRate":23.6719,"devices":[],"gestures":[],"hands":[{"armBasis":[[-0.00475012,-0.955167,-0.296029],[0.870942,0.141509,-0.470569],[0.491363,-0.260059,0.831223]],"armWidth":66.1053,"confidence":0.218559,"direction":[0.116139,0.168527,-0.978831],"elbow":[209.258,62.4942,286.242],"grabAngle":3.14159,"grabStrength":1,"id":153,"palmNormal":[-0.990543,-0.0528239,-0.126623],"palmPosition":[75.5135,152.777,-7.1116],"palmVelocity":[-87.9992,119.426,-1.44621],"palmWidth":89.8088,"pinchDistance":35.9856,"pinchStrength":0.447952,"r":[[0.99955,-0.0296344,0.00453928],[0.0296569,0.999548,-0.00497253],[-0.00438987,0.00510491,0.999977]],"s":0.989118,"sphereCenter":[34.8751,155.227,-27.5715],"sphereRadius":39.3195,"stabilizedPalmPosition":[78.4723,148.761,-7.06297],"t":[-1.85537,2.51797,-0.0304918],"timeVisible":0.042168,"type":"right","wrist":[78.3123,131.799,64.7255]}],"id":107653,"interactionBox":{"center":[0,200,0],"size":[235.247,235.247,147.751]},"pointables":[{"bases":[[[0.938024,-0.31594,-0.142451],[0.338874,0.749996,0.568041],[-0.0726287,-0.581109,0.810579]],[[0.907293,-0.100737,-0.408254],[0.348275,0.724076,0.59533],[0.235635,-0.682324,0.692034]],[[0.907293,-0.100737,-0.408254],[0.257417,0.90076,0.349812],[0.3325,-0.422474,0.843185]],[[0.907293,-0.100737,-0.408254],[0.158747,0.981093,0.110709],[0.389383,-0.165254,0.90613]]],"btipPosition":[28.7766,215.294,-33.8023],"carpPosition":[61.0899,163.177,50.87],"dipPosition":[38.0027,211.379,-12.3322],"direction":[-0.3325,0.422474,-0.843185],"extended":true,"handId":153,"id":1530,"length":52.7637,"mcpPosition":[61.0899,163.177,50.87],"pipPosition":[49.4803,196.795,16.7738],"stabilizedTipPosition":[35.7981,210.56,-24.4419],"timeVisible":0.042168,"tipPosition":[36.2306,216.837,-27.6654],"tipVelocity":[-138.857,108.656,-125.332],"tool":false,"touchDistance":1,"touchZone":"none","type":0,"width":21.4563},{"bases":[[[0.0915082,-0.942011,-0.322863],[0.994749,0.101399,-0.0139114],[0.0458428,-0.319895,0.946343]],[[0.0949939,-0.96529,-0.243291],[0.387551,0.260976,-0.884136],[0.916941,-0.0103001,0.39889]],[[0.0949939,-0.96529,-0.243291],[-0.90279,0.0194431,-0.429641],[0.419459,0.260454,-0.869608]],[[0.0949939,-0.96529,-0.243291],[-0.977045,-0.137221,0.16295],[-0.190679,0.222227,-0.956168]]],"btipPosition":[31.8368,171.601,-6.55321],"carpPosition":[82.015,158.141,41.6957],"dipPosition":[28.5385,175.445,-23.0928],"direction":[-0.419459,-0.260454,0.869608],"extended":false,"handId":153,"id":1531,"length":59.538,"mcpPosition":[78.6862,181.37,-27.0225],"pipPosition":[38.8029,181.818,-44.3727],"stabilizedTipPosition":[32.0952,167.295,-9.66519],"timeVisible":0.042168,"tipPosition":[32.0662,172.562,-10.2532],"tipVelocity":[-53.6253,273.666,-36.4956],"tool":false,"touchDistance":0.333333,"touchZone":"none","type":1,"width":20.495},{"bases":[[[-0.0740698,-0.979961,-0.184907],[0.996663,-0.0663668,-0.0475149],[0.0342911,-0.187809,0.981607]],[[-0.0727518,-0.986233,-0.148501],[0.305299,0.119726,-0.9447],[0.949473,-0.114066,0.292386]],[[-0.0727518,-0.986233,-0.148501],[-0.94923,0.114161,-0.293138],[0.306055,0.119635,-0.944467]],[[-0.0727518,-0.986233,-0.148501],[-0.928562,0.0126405,0.370962],[-0.363978,0.16488,-0.916698]]],"btipPosition":[34.1787,159.09,0.00799313],"carpPosition":[84.7599,147.172,37.2404],"dipPosition":[27.2539,162.227,-17.4326],"direction":[-0.306055,-0.119635,0.944467],"extended":false,"handId":153,"id":1532,"length":67.8387,"mcpPosition":[82.3986,160.105,-30.3552],"pipPosition":[36.0651,165.671,-44.6234],"stabilizedTipPosition":[33.5526,155.076,-4.08751],"timeVisible":0.042168,"tipPosition":[31.8829,159.136,-5.14443],"tipVelocity":[-60.0077,293.985,5.22565],"tool":false,"touchDistance":0.333333,"touchZone":"none","type":2,"width":20.1288},{"bases":[[[-0.143137,-0.989107,-0.0343282],[0.98941,-0.142164,-0.0292885],[0.0240892,-0.0381569,0.998981]],[[-0.143019,-0.98928,-0.029494],[0.294743,-0.0141244,-0.955472],[0.944813,-0.145343,0.293603]],[[-0.143019,-0.98928,-0.029494],[-0.927992,0.144399,-0.343481],[0.344058,-0.0217539,-0.938696]],[[-0.143019,-0.98928,-0.029494],[-0.935139,0.125312,0.33138],[-0.324132,0.0749745,-0.943036]]],"btipPosition":[36.9784,143.566,3.29272],"carpPosition":[84.7241,135.441,34.1723],"dipPosition":[30.8471,144.985,-14.5458],"direction":[-0.344058,0.0217539,0.938696],"extended":false,"handId":153,"id":1533,"length":65.2287,"mcpPosition":[83.2348,137.8,-27.5916],"pipPosition":[40.4965,144.375,-40.8726],"stabilizedTipPosition":[37.9745,139.245,-0.963462],"timeVisible":0.042168,"tipPosition":[35.4168,144.584,-1.66134],"tipVelocity":[-126.248,243.843,8.04392],"tool":false,"touchDistance":0.333333,"touchZone":"none","type":3,"width":19.1539},{"bases":[[[-0.300885,-0.949699,0.0868381],[0.953317,-0.297085,0.0541023],[-0.0255826,0.0990628,0.994752]],[[-0.2997,-0.952769,0.0491033],[0.340884,-0.155015,-0.927237],[0.891054,-0.261155,0.371241]],[[-0.2997,-0.952769,0.0491033],[-0.835267,0.237174,-0.496062],[0.460987,-0.189684,-0.866897]],[[-0.2997,-0.952769,0.0491033],[-0.934341,0.303529,0.186753],[-0.192837,0.0100908,-0.981179]]],"btipPosition":[41.8079,130.376,-2.32111],"carpPosition":[78.0053,123.117,33.6123],"dipPosition":[38.4428,130.552,-19.4436],"direction":[-0.460987,0.189684,0.866897],"extended":false,"handId":153,"id":1534,"length":51.1381,"mcpPosition":[79.4694,117.447,-23.3198],"pipPosition":[47.5711,126.796,-36.6096],"stabilizedTipPosition":[44.4354,126.185,-7.17013],"timeVisible":0.042168,"tipPosition":[41.0168,131.186,-8.02562],"tipVelocity":[-171.403,213.258,45.8989],"tool":false,"touchDistance":0.333333,"touchZone":"none","type":4,"width":17.014}],"r":[[0.99955,-0.0296344,0.00453928],[0.0296569,0.999548,-0.00497253],[-0.00438987,0.00510491,0.999977]],"s":0.989118,"t":[-1.85537,2.51797,-0.0304918],"timestamp":258065989528},{"currentFrameRate":23.7029,"devices":[],"gestures":[],"hands":[{"armBasis":[[-0.0613698,-0.948597,-0.31048],[0.854592,0.11077,-0.507349],[0.515662,-0.29647,0.803865]],"armWidth":66.1053,"confidence":0.416258,"direction":[0.08791,0.13994,-0.98625],"elbow":[213.667,60.8671,279.685],"grabAngle":3.14159,"grabStrength":1,"id":153,"palmNormal":[-0.994999,-0.034791,-0.0936264],"palmPosition":[71.5105,159.549,-6.65763],"palmVelocity":[-95.4137,161.424,10.8206],"palmWidth":89.8088,"pinchDistance":31.9768,"pinchStrength":0.56723,"r":[[0.998338,-0.0575905,0.00210095],[0.0576149,0.998234,-0.014472],[-0.00126379,0.014569,0.999893]],"s":0.982233,"sphereCenter":[29.4522,157.887,-26.3843],"sphereRadius":39.8855,"stabilizedPalmPosition":[74.8909,154.311,-6.85445],"t":[-4.78455,7.16314,0.181247],"timeVisible":0.084122,"type":"right","wrist":[76.2455,139.875,65.4595]}],"id":107654,"interactionBox":{"center":[0,200,0],"size":[235.247,235.247,147.751]},"pointables":[{"bases":[[[0.926188,-0.339767,-0.163507],[0.37251,0.757328,0.536368],[-0.0584118,-0.557685,0.827995]],[[0.878437,-0.101343,-0.466988],[0.370276,0.762101,0.531129],[0.302065,-0.639478,0.706983]],[[0.878437,-0.101343,-0.466988],[0.235074,0.942474,0.23766],[0.416039,-0.318546,0.851728]],[[0.878437,-0.101343,-0.466988],[0.173061,0.978382,0.113217],[0.445419,-0.180271,0.876986]]],"btipPosition":[19.389,218.568,-33.5652],"carpPosition":[59.1867,171.794,51.448],"dipPosition":[29.9428,214.297,-12.7856],"direction":[-0.416039,0.318546,-0.851728],"extended":true,"handId":153,"id":1530,"length":52.7637,"mcpPosition":[59.1867,171.794,51.448],"pipPosition":[44.3041,203.301,16.6153],"stabilizedTipPosition":[28.1043,214.426,-26.8323],"timeVisible":0.084122,"tipPosition":[28.9868,221.647,-28.0783],"tipVelocity":[-216.481,76.0837,1.86656],"tool":false,"touchDistance":0.948674,"touchZone":"hovering","type":0,"width":21.4563},{"bases":[[[0.0615018,-0.952004,-0.299842],[0.995666,0.0795165,-0.0482414],[0.0697684,-0.295575,0.952768]],[[0.0625803,-0.95649,-0.284975],[0.428117,0.283658,-0.858053],[0.901554,-0.0683056,0.427241]],[[0.0625803,-0.95649,-0.284975],[-0.878195,0.0828909,-0.471065],[0.474191,0.279743,-0.834797]],[[0.0625803,-0.95649,-0.284975],[-0.988411,-0.0989632,0.115105],[-0.138299,0.27447,-0.951599]]],"btipPosition":[26.2039,178.907,-9.12497],"carpPosition":[79.6956,166.066,41.7545],"dipPosition":[23.8117,183.654,-25.5856],"direction":[-0.474191,-0.279743,0.834797],"extended":false,"handId":153,"id":1531,"length":59.538,"mcpPosition":[74.6294,187.529,-27.4303],"pipPosition":[35.4154,190.5,-46.0136],"stabilizedTipPosition":[27.1896,176.97,-12.137],"timeVisible":0.084122,"tipPosition":[27.742,180.134,-9.90705],"tipVelocity":[-129.296,179.097,-60.8663],"tool":false,"touchDistance":0.333333,"touchZone":"none","type":1,"width":20.495},{"bases":[[[-0.100282,-0.982698,-0.155716],[0.993019,-0.0890845,-0.0773092],[0.0620998,-0.162382,0.984772]],[[-0.0978774,-0.988106,-0.118604],[0.286725,0.0861245,-0.954134],[0.953,-0.127395,0.274885]],[[-0.0978774,-0.988106,-0.118604],[-0.952771,0.127463,-0.275645],[0.287484,0.086023,-0.953914]],[[-0.0978774,-0.988106,-0.118604],[-0.925557,0.0465817,0.375733],[-0.365739,0.14655,-0.919107]]],"btipPosition":[29.9673,167.06,1.23603],"carpPosition":[82.0674,154.926,37.5146],"dipPosition":[23.009,169.848,-16.2504],"direction":[-0.287484,-0.086023,0.953915],"extended":false,"handId":153,"id":1532,"length":67.8387,"mcpPosition":[77.7911,166.108,-30.299],"pipPosition":[31.2855,172.324,-43.7132],"stabilizedTipPosition":[29.3177,165.386,-3.02451],"timeVisible":0.084122,"tipPosition":[28.1183,166.932,-3.45086],"tipVelocity":[-100.565,188.045,29.0198],"tool":false,"touchDistance":0.333333,"touchZone":"none","type":2,"width":20.1288},{"bases":[[[-0.164621,-0.986353,-0.00282743],[0.984791,-0.164197,-0.0568051],[0.0555656,-0.0121357,0.998381]],[[-0.166218,-0.985542,-0.0328537],[0.271036,-0.0136271,-0.962473],[0.948109,-0.168884,0.269382]],[[-0.166218,-0.985542,-0.0328537],[-0.938382,0.168326,-0.301836],[0.303002,-0.0193411,-0.952793]],[[-0.166218,-0.985542,-0.0328537],[-0.918075,0.142508,0.369905],[-0.359875,0.0916469,-0.928488]]],"btipPosition":[33.6762,150.319,5.14298],"carpPosition":[81.6896,143.121,34.7696],"dipPosition":[26.8688,152.053,-12.4204],"direction":[-0.303002,0.0193411,0.952793],"extended":false,"handId":153,"id":1533,"length":65.2287,"mcpPosition":[78.2541,143.871,-26.9571],"pipPosition":[35.3668,151.51,-39.1425],"stabilizedTipPosition":[33.842,147.33,0.493101],"timeVisible":0.084122,"tipPosition":[31.4962,152.255,0.341369],"tipVelocity":[-82.4153,162.686,45.6106],"tool":false,"touchDistance":0.333333,"touchZone":"none","type":3,"width":19.1539},{"bases":[[[-0.317521,-0.940348,0.122168],[0.948212,-0.316035,0.031876],[0.00863491,0.125963,0.991997]],[[-0.316512,-0.948523,0.0111088],[0.322489,-0.11861,-0.939113],[0.892088,-0.293658,0.343429]],[[-0.316512,-0.948523,0.0111088],[-0.852954,0.279458,-0.440878],[0.415078,-0.149019,-0.897498]],[[-0.316512,-0.948523,0.0111088],[-0.918653,0.309421,0.245634],[-0.236427,0.0675409,-0.969299]]],"btipPosition":[38.1795,136.01,0.377472],"carpPosition":[74.7024,130.934,34.7589],"dipPosition":[34.0536,137.188,-16.5377],"direction":[-0.415078,0.149019,0.897498],"extended":false,"handId":153,"id":1534,"length":51.1381,"mcpPosition":[74.2082,123.725,-22.0155],"pipPosition":[42.2729,134.237,-34.3097],"stabilizedTipPosition":[39.943,132.48,-4.88984],"timeVisible":0.084122,"tipPosition":[36.6406,138.41,-5.61077],"tipVelocity":[-90.6572,139.768,65.4588],"tool":false,"touchDistance":0.333333,"touchZone":"none","type":4,"width":17.014}],"r":[[0.998338,-0.0575905,0.00210095],[0.0576149,0.998234,-0.014472],[-0.00126379,0.014569,0.999893]],"s":0.982233,"t":[-4.78455,7.16314,0.181247],"timestamp":258066031482},{"currentFrameRate":26.3687,"devices":[],"gestures":[],"hands":[{"armBasis":[[-0.0987483,-0.940787,-0.324298],[0.852952,0.0878398,-0.514545],[0.512564,-0.327421,0.793772]],"armWidth":66.1053,"confidence":0.494127,"direction":[0.105873,0.124904,-0.986504],"elbow":[209.737,56.2391,276.878],"grabAngle":3.14159,"grabStrength":1,"id":153,"palmNormal":[-0.993979,-0.014861,-0.108557],"palmPosition":[69.7255,162.679,-6.9525],"palmVelocity":[-95.6137,167.656,-15.7945],"palmWidth":89.8088,"pinchDistance":29.4836,"pinchStrength":0.606138,"r":[[0.996444,-0.0841756,0.00360383],[0.0842389,0.996143,-0.0245346],[-0.00152471,0.0247509,0.999692]],"s":0.973056,"sphereCenter":[28.0551,160.431,-27.2423],"sphereRadius":39.7358,"stabilizedPalmPosition":[73.0619,157.274,-6.88917],"t":[-7.14165,11.0507,0.139682],"timeVisible":0.102791,"type":"right","wrist":[73.1418,143.495,65.3423]}],"id":107655,"interactionBox":{"center":[0,200,0],"size":[235.247,235.247,147.751]},"pointables":[{"bases":[[[0.921057,-0.361536,-0.144728],[0.380492,0.756302,0.532196],[-0.0829502,-0.54525,0.834159]],[[0.883288,-0.126758,-0.451369],[0.372625,0.774082,0.511808],[0.284521,-0.620265,0.730971]],[[0.883288,-0.126758,-0.451369],[0.236845,0.951515,0.196272],[0.404606,-0.280269,0.870484]],[[0.883288,-0.126758,-0.451369],[0.179427,0.980857,0.0756686],[0.433137,-0.147825,0.889123]]],"btipPosition":[18.5381,219.693,-36.3385],"carpPosition":[56.7858,175.955,50.7916],"dipPosition":[28.801,216.19,-15.2713],"direction":[-0.404606,0.280269,-0.870484],"extended":false,"handId":153,"id":1530,"length":52.7637,"mcpPosition":[56.7858,175.955,50.7916],"pipPosition":[42.7676,206.515,14.777],"stabilizedTipPosition":[26.7807,215.245,-27.6884],"timeVisible":0.102791,"tipPosition":[27.567,224.312,-30.1052],"tipVelocity":[-49.1612,69.7166,-145.009],"tool":false,"touchDistance":0.846532,"touchZone":"hovering","type":0,"width":21.4563},{"bases":[[[0.0455953,-0.957002,-0.286474],[0.997762,0.0576707,-0.033852],[0.0489176,-0.284289,0.95749]],[[0.0461862,-0.960385,-0.274821],[0.4354,0.266961,-0.859743],[0.899052,-0.0799489,0.430481]],[[0.0461862,-0.960385,-0.274821],[-0.866697,0.0982678,-0.489061],[0.496693,0.260775,-0.827824]],[[0.0461862,-0.960385,-0.274821],[-0.991466,-0.0776472,0.104719],[-0.12191,0.26764,-0.955776]]],"btipPosition":[24.6091,182.774,-9.96977],"carpPosition":[77.312,169.664,41.4919],"dipPosition":[22.5003,187.403,-26.5026],"direction":[-0.496693,-0.260775,0.827824],"extended":false,"handId":153,"id":1531,"length":59.538,"mcpPosition":[73.7598,190.307,-28.0357],"pipPosition":[34.6547,193.785,-46.76],"stabilizedTipPosition":[25.5207,180.709,-13.0273],"timeVisible":0.102791,"tipPosition":[26.3827,184.134,-11.2366],"tipVelocity":[-81.9361,205.69,-46.1414],"tool":false,"touchDistance":0.333333,"touchZone":"none","type":1,"width":20.495},{"bases":[[[-0.118982,-0.982328,-0.144483],[0.991938,-0.111208,-0.0607668],[0.0436252,-0.150549,0.98764]],[[-0.116726,-0.988472,-0.0964222],[0.295456,0.0581296,-0.953586],[0.948199,-0.139797,0.285265]],[[-0.116726,-0.988472,-0.0964222],[-0.947963,0.139843,-0.286024],[0.296211,0.0580182,-0.953359]],[[-0.116726,-0.988472,-0.0964222],[-0.927181,0.0736594,0.367301],[-0.355964,0.132274,-0.925091]]],"btipPosition":[28.4773,171.422,0.549412],"carpPosition":[79.5081,158.42,37.4341],"dipPosition":[21.705,173.939,-17.0508],"direction":[-0.296211,-0.0580182,0.953359],"extended":false,"handId":153,"id":1532,"length":67.8387,"mcpPosition":[76.504,168.787,-30.577],"pipPosition":[30.2328,175.609,-44.4976],"stabilizedTipPosition":[27.8393,169.465,-3.31683],"timeVisible":0.102791,"tipPosition":[26.4719,171.054,-4.48345],"tipVelocity":[-77.5192,230.347,-38.1812],"tool":false,"touchDistance":0.333333,"touchZone":"none","type":2,"width":20.1288},{"bases":[[[-0.185701,-0.982578,0.00742541],[0.981787,-0.185849,-0.0394194],[0.0401127,-0.0000300434,0.999195]],[[-0.186446,-0.982392,-0.0120196],[0.274749,-0.0403903,-0.960667],[0.943266,-0.182415,0.277442]],[[-0.186446,-0.982392,-0.0120196],[-0.93393,0.18102,-0.30823],[0.304978,-0.0462428,-0.951236]],[[-0.186446,-0.982392,-0.0120196],[-0.916125,0.169424,0.363332],[-0.354898,0.0787533,-0.931582]]],"btipPosition":[31.9302,154.651,4.81035],"carpPosition":[78.9187,146.59,34.837],"dipPosition":[25.217,156.141,-12.8115],"direction":[-0.304978,0.0462428,0.951236],"extended":false,"handId":153,"id":1533,"length":65.2287,"mcpPosition":[76.4386,146.592,-26.94],"pipPosition":[33.7704,154.844,-39.49],"stabilizedTipPosition":[32.0116,151.389,0.633044],"timeVisible":0.102791,"tipPosition":[29.4982,156.279,-0.431315],"tipVelocity":[-92.3625,229.027,-18.5381],"tool":false,"touchDistance":0.333333,"touchZone":"none","type":3,"width":19.1539},{"bases":[[[-0.33946,-0.931673,0.129432],[0.940613,-0.335681,0.0506478],[-0.00373938,0.138938,0.990294]],[[-0.337293,-0.941002,0.0273659],[0.322796,-0.142912,-0.935617],[0.884328,-0.306744,0.351955]],[[-0.337293,-0.941002,0.0273659],[-0.849055,0.291523,-0.44059],[0.406619,-0.171843,-0.897291]],[[-0.337293,-0.941002,0.0273659],[-0.910819,0.333548,0.243217],[-0.237995,0.0571101,-0.969586]]],"btipPosition":[36.3304,139.992,0.288108],"carpPosition":[71.6724,134.556,34.8764],"dipPosition":[32.1771,140.988,-16.632],"direction":[-0.406619,0.171843,0.897291],"extended":false,"handId":153,"id":1534,"length":51.1381,"mcpPosition":[71.8864,126.604,-21.8005],"pipPosition":[40.2289,137.585,-34.4],"stabilizedTipPosition":[37.8461,136.033,-4.29934],"timeVisible":0.102791,"tipPosition":[34.438,142.217,-6.06571],"tipVelocity":[-99.3835,211.05,-4.84837],"tool":false,"touchDistance":0.333333,"touchZone":"none","type":4,"width":17.014}],"r":[[0.996444,-0.0841756,0.00360383],[0.0842389,0.996143,-0.0245346],[-0.00152471,0.0247509,0.999692]],"s":0.973056,"t":[-7.14165,11.0507,0.139682],"timestamp":258066050151},{"currentFrameRate":28.8017,"devices":[],"gestures":[],"hands":[{"armBasis":[[-0.12426,-0.92961,-0.346964],[0.85089,0.0800502,-0.519209],[0.510437,-0.359745,0.781049]],"armWidth":66.1053,"confidence":0.564632,"direction":[0.0907427,0.113542,-0.989381],"elbow":[207.406,50.214,273.595],"grabAngle":3.14159,"grabStrength":1,"id":153,"palmNormal":[-0.995553,-0.0149067,-0.0930195],"palmPosition":[67.0193,164.914,-6.91628],"palmVelocity":[-145.322,120.002,1.94485],"palmWidth":89.8088,"pinchDistance":26.609,"pinchStrength":0.664648,"r":[[0.994405,-0.105618,0.00213466],[0.105627,0.993787,-0.0350787],[0.00158354,0.0351079,0.999382]],"s":0.963564,"sphereCenter":[25.0721,160.898,-26.4971],"sphereRadius":39.7379,"stabilizedPalmPosition":[70.51,160.5,-6.90062],"t":[-9.67329,14.1118,0.137008],"timeVisible":0.121413,"type":"right","wrist":[71.3775,146.084,65.4496]}],"id":107656,"interactionBox":{"center":[0,200,0],"size":[235.247,235.247,147.751]},"pointables":[{"bases":[[[0.918341,-0.364261,-0.154803],[0.389442,0.761855,0.517603],[-0.0706056,-0.535622,0.841501]],[[0.875919,-0.132588,-0.463882],[0.372763,0.796396,0.476236],[0.306291,-0.590062,0.747002]],[[0.875919,-0.132588,-0.463882],[0.229877,0.960034,0.159662],[0.424173,-0.246486,0.87139]],[[0.875919,-0.132588,-0.463882],[0.150488,0.988611,0.00158928],[0.458388,-0.0712008,0.885895]]],"btipPosition":[14.393,218.129,-37.0091],"carpPosition":[54.9871,178.862,50.8657],"dipPosition":[25.2542,216.442,-16.0184],"direction":[-0.424173,0.246486,-0.87139],"extended":false,"handId":153,"id":1530,"length":52.7637,"mcpPosition":[54.9871,178.862,50.8657],"pipPosition":[39.8963,207.934,14.0612],"stabilizedTipPosition":[24.0305,215.939,-28.9378],"timeVisible":0.121413,"tipPosition":[23.0877,224.671,-30.515],"tipVelocity":[-215.2,-61.5284,-36.9549],"tool":false,"touchDistance":0.78489,"touchZone":"hovering","type":0,"width":21.4563},{"bases":[[[0.0401866,-0.960255,-0.276218],[0.997178,0.0560883,-0.0499096],[0.0634185,-0.273433,0.959798]],[[0.040524,-0.961698,-0.271098],[0.424381,0.262198,-0.866691],[0.904576,-0.0799271,0.418752]],[[0.040524,-0.961698,-0.271098],[-0.868067,0.100471,-0.486173],[0.49479,0.255033,-0.830747]],[[0.040524,-0.961698,-0.271098],[-0.991076,-0.0731706,0.11142],[-0.126988,0.264164,-0.956081]]],"btipPosition":[21.4989,184.962,-9.71985],"carpPosition":[75.3607,172.44,41.3225],"dipPosition":[19.3023,189.531,-26.258],"direction":[-0.49479,-0.255033,0.830747],"extended":false,"handId":153,"id":1531,"length":59.538,"mcpPosition":[70.7555,192.295,-28.3728],"pipPosition":[31.4101,195.772,-46.5869],"stabilizedTipPosition":[22.7775,183.923,-13.328],"timeVisible":0.121413,"tipPosition":[23.5633,186.361,-10.8519],"tipVelocity":[-168.103,116.741,13.3553],"tool":false,"touchDistance":0.333333,"touchZone":"none","type":1,"width":20.495},{"bases":[[[-0.122202,-0.983765,-0.131423],[0.990766,-0.113078,-0.0748047],[0.0587292,-0.139351,0.9885]],[[-0.118952,-0.989722,-0.079375],[0.270934,0.044554,-0.961566],[0.95522,-0.135886,0.26285]],[[-0.118952,-0.989722,-0.079375],[-0.955004,0.135921,-0.263616],[0.271695,0.0444458,-0.961357]],[[-0.118952,-0.989722,-0.079375],[-0.918561,0.0793437,0.387233],[-0.376955,0.118973,-0.918559]]],"btipPosition":[26.174,173.833,1.61551],"carpPosition":[77.4824,161.149,37.3597],"dipPosition":[19.0023,176.096,-15.8605],"direction":[-0.271695,-0.0444458,0.961357],"extended":false,"handId":153,"id":1532,"length":67.8387,"mcpPosition":[73.4382,170.745,-30.7107],"pipPosition":[26.8243,177.376,-43.5375],"stabilizedTipPosition":[25.7778,172.505,-2.74911],"timeVisible":0.121413,"tipPosition":[23.8433,173.404,-3.82182],"tipVelocity":[-128.62,126.305,58.7841],"tool":false,"touchDistance":0.333333,"touchZone":"none","type":2,"width":20.1288},{"bases":[[[-0.186566,-0.982207,0.0214905],[0.980871,-0.18746,-0.0524538],[0.0555491,0.0112933,0.998392]],[[-0.18749,-0.982257,0.00439294],[0.247441,-0.0515577,-0.96753],[0.95059,-0.180315,0.252717]],[[-0.18749,-0.982257,0.00439294],[-0.942047,0.178544,-0.284024],[0.2782,-0.0573899,-0.958807]],[[-0.18749,-0.982257,0.00439294],[-0.906184,0.174691,0.385116],[-0.37905,0.0682244,-0.922858]]],"btipPosition":[29.7746,157.068,6.09568],"carpPosition":[76.8408,149.291,34.907],"dipPosition":[22.6044,158.359,-11.3612],"direction":[-0.2782,0.0573899,0.958807],"extended":false,"handId":153,"id":1533,"length":65.2287,"mcpPosition":[73.4064,148.593,-26.8204],"pipPosition":[30.4069,156.749,-38.2519],"stabilizedTipPosition":[29.951,154.558,1.40059],"timeVisible":0.121413,"tipPosition":[26.945,158.581,0.375748],"tipVelocity":[-121.403,127.334,71.0607],"tool":false,"touchDistance":0.333333,"touchZone":"none","type":3,"width":19.1539},{"bases":[[[-0.338369,-0.929733,0.145269],[0.940941,-0.336208,0.0399404],[0.0117065,0.150204,0.988586]],[[-0.337888,-0.939976,0.0477082],[0.293448,-0.153376,-0.943591],[0.894271,-0.304828,0.327658]],[[-0.337888,-0.939976,0.0477082],[-0.863315,0.289345,-0.413482],[0.374859,-0.180898,-0.909262]],[[-0.337888,-0.939976,0.0477082],[-0.901752,0.337834,0.269649],[-0.269581,0.0480903,-0.961776]]],"btipPosition":[34.1819,142.325,1.67538],"carpPosition":[69.5837,137.266,35.1954],"dipPosition":[29.4774,143.164,-15.1085],"direction":[-0.374859,0.180898,0.909262],"extended":false,"handId":153,"id":1534,"length":51.1381,"mcpPosition":[68.9137,128.67,-21.3838],"pipPosition":[36.9003,139.582,-33.1134],"stabilizedTipPosition":[35.6439,139.042,-3.31829],"timeVisible":0.121413,"tipPosition":[31.7921,144.413,-5.11011],"tipVelocity":[-122.183,123.37,76.1797],"tool":false,"touchDistance":0.333333,"touchZone":"none","type":4,"width":17.014}],"r":[[0.994405,-0.105618,0.00213466],[0.105627,0.993787,-0.0350787],[0.00158354,0.0351079,0.999382]],"s":0.963564,"t":[-9.67329,14.1118,0.137008],"timestamp":258066068773},{"currentFrameRate":31.2134,"devices":[],"gestures":[],"hands":[{"armBasis":[[-0.170617,-0.920962,-0.350313],[0.84407,0.0468199,-0.534186],[0.508366,-0.386829,0.769368]],"armWidth":66.1053,"confidence":0.623388,"direction":[0.0969709,0.0919086,-0.991035],"elbow":[203.974,45.272,271.099],"grabAngle":3.14159,"grabStrength":1,"id":153,"palmNormal":[-0.995281,0.0123772,-0.0962385],"palmPosition":[64.7574,166.26,-6.53633],"palmVelocity":[-131.054,78.0338,22.0145],"palmWidth":89.8088,"pinchDistance":23.5534,"pinchStrength":0.742033,"r":[[0.991703,-0.128528,0.00224642],[0.12849,0.990585,-0.0472398],[0.00384635,0.0471365,0.998881]],"s":0.951246,"sphereCenter":[22.6059,161.526,-26.1691],"sphereRadius":39.7544,"stabilizedPalmPosition":[68.0728,162.941,-6.74628],"t":[-12.07,16.3158,0.325644],"timeVisible":0.138672,"type":"right","wrist":[68.4969,148.36,66.0664]}],"id":107657,"interactionBox":{"center":[0,200,0],"size":[235.247,235.247,147.751]},"pointables":[{"bases":[[[0.907752,-0.393799,-0.144597],[0.410013,0.759922,0.504389],[-0.0887459,-0.517147,0.851283]],[[0.871245,-0.1627,-0.4631],[0.385092,0.811586,0.439355],[0.304362,-0.561122,0.769744]],[[0.871245,-0.1627,-0.4631],[0.243086,0.962663,0.119116],[0.426429,-0.216352,0.878265]],[[0.871245,-0.1627,-0.4631],[0.135043,0.98651,-0.0925267],[0.471907,0.0180749,0.881463]]],"btipPosition":[12.069,216.342,-38.2006],"carpPosition":[52.9663,181.656,50.9269],"dipPosition":[23.2505,216.77,-17.315],"direction":[-0.426429,0.216352,-0.878265],"extended":false,"handId":153,"id":1530,"length":52.7637,"mcpPosition":[52.9663,181.656,50.9269],"pipPosition":[37.9705,209.302,13.002],"stabilizedTipPosition":[21.4216,216.079,-30.1767],"timeVisible":0.138672,"tipPosition":[20.912,224.549,-31.8536],"tipVelocity":[-130.385,-75.3651,-70.4387],"tool":false,"touchDistance":0.721498,"touchZone":"hovering","type":0,"width":21.4563},{"bases":[[[0.0129091,-0.966124,-0.257756],[0.998536,0.0259993,-0.0474415],[0.0525358,-0.256766,0.965045]],[[0.0131625,-0.967352,-0.253096],[0.443719,0.232481,-0.865486],[0.89607,-0.100911,0.432292]],[[0.0131625,-0.967352,-0.253096],[-0.851745,0.121745,-0.509616],[0.523791,0.222281,-0.822335]],[[0.0131625,-0.967352,-0.253096],[-0.99508,-0.0375286,0.0916872],[-0.0981921,0.250644,-0.963087]]],"btipPosition":[19.2623,187.721,-10.5172],"carpPosition":[73.1716,174.461,41.5797],"dipPosition":[17.5638,192.056,-27.1765],"direction":[-0.523791,-0.222281,0.822335],"extended":false,"handId":153,"id":1531,"length":59.538,"mcpPosition":[69.3568,193.106,-28.4966],"pipPosition":[30.3813,197.495,-47.2996],"stabilizedTipPosition":[20.4014,186.84,-13.949],"timeVisible":0.138672,"tipPosition":[21.7939,188.878,-11.2104],"tipVelocity":[-122.95,156.737,-47.815],"tool":false,"touchDistance":0.333333,"touchZone":"none","type":1,"width":20.495},{"bases":[[[-0.150528,-0.982113,-0.113116],[0.987254,-0.143353,-0.0691364],[0.0516842,-0.122081,0.991174]],[[-0.147471,-0.987326,-0.058653],[0.279033,0.0153615,-0.960159],[0.94889,-0.157962,0.273231]],[[-0.147471,-0.987326,-0.058653],[-0.948668,0.157974,-0.273996],[0.279788,0.0152357,-0.959941]],[[-0.147471,-0.987326,-0.058653],[-0.918578,0.114734,0.378221],[-0.366698,0.109654,-0.923855]]],"btipPosition":[24.0315,176.629,1.4651],"carpPosition":[74.974,163.039,37.8399],"dipPosition":[17.0549,178.715,-16.1116],"direction":[-0.279788,-0.0152357,0.959941],"extended":false,"handId":153,"id":1532,"length":67.8387,"mcpPosition":[71.4149,171.446,-30.4145],"pipPosition":[25.1099,179.154,-43.7479],"stabilizedTipPosition":[23.6359,175.448,-2.63945],"timeVisible":0.138672,"tipPosition":[21.8494,176.083,-3.73597],"tipVelocity":[-121.538,159.67,-10.0577],"tool":false,"touchDistance":0.333333,"touchZone":"none","type":2,"width":20.1288},{"bases":[[[-0.215274,-0.975754,0.0395124],[0.975121,-0.216973,-0.0454096],[0.0528817,0.0287538,0.998187]],[[-0.216032,-0.976072,0.0247608],[0.250524,-0.0799228,-0.964806],[0.943699,-0.202226,0.261795]],[[-0.216032,-0.976072,0.0247608],[-0.934527,0.199358,-0.294816],[0.282825,-0.0868292,-0.955233]],[[-0.216032,-0.976072,0.0247608],[-0.903552,0.209463,0.373789],[-0.370032,0.0583777,-0.927183]]],"btipPosition":[27.1033,159.861,6.38337],"carpPosition":[73.9932,151.16,35.611],"dipPosition":[20.1038,160.965,-11.1553],"direction":[-0.282825,0.0868292,0.955233],"extended":false,"handId":153,"id":1533,"length":65.2287,"mcpPosition":[70.7237,149.382,-26.1037],"pipPosition":[28.0359,158.53,-37.9458],"stabilizedTipPosition":[27.4017,157.736,1.94327],"timeVisible":0.138672,"tipPosition":[24.507,161.226,0.754734],"tipVelocity":[-152.502,159.336,15.5784],"tool":false,"touchDistance":0.333333,"touchZone":"none","type":3,"width":19.1539},{"bases":[[[-0.365846,-0.916515,0.161732],[0.930583,-0.362699,0.0496559],[0.0131497,0.168672,0.985585]],[[-0.365449,-0.928362,0.0677639],[0.291247,-0.183186,-0.938945],[0.884094,-0.323401,0.337327]],[[-0.365449,-0.928362,0.0677639],[-0.853988,0.305426,-0.421212],[0.37034,-0.211801,-0.904427]],[[-0.365449,-0.928362,0.0677639],[-0.891793,0.370055,0.260316],[-0.266743,0.0347007,-0.963143]]],"btipPosition":[31.3066,144.873,2.33621],"carpPosition":[66.3868,139.36,36.1025],"dipPosition":[26.6517,145.478,-14.4715],"direction":[-0.37034,0.211801,0.904427],"extended":false,"handId":153,"id":1534,"length":51.1381,"mcpPosition":[65.6342,129.707,-20.3049],"pipPosition":[33.985,141.284,-32.3807],"stabilizedTipPosition":[32.8971,142.074,-2.40977],"timeVisible":0.138672,"tipPosition":[28.9475,146.825,-4.44943],"tipVelocity":[-165.936,144.485,37.9709],"tool":false,"touchDistance":0.333333,"touchZone":"none","type":4,"width":17.014}],"r":[[0.991703,-0.128528,0.00224642],[0.12849,0.990585,-0.0472398],[0.00384635,0.0471365,0.998881]],"s":0.951246,"t":[-12.07,16.3158,0.325644],"timestamp":258066086032},{"currentFrameRate":33.5264,"devices":[],"gestures":[],"hands":[{"armBasis":[[-0.201678,-0.908271,-0.366565],[0.838937,0.0329567,-0.543229],[0.50548,-0.417083,0.755336]],"armWidth":66.1053,"confidence":0.673987,"direction":[0.0777235,0.0949705,-0.992441],"elbow":[201.907,39.1918,267.76],"grabAngle":3.14159,"grabStrength":1,"id":153,"palmNormal":[-0.996692,0.0311372,-0.0750767],"palmPosition":[62.3961,168.858,-5.93608],"palmVelocity":[-142.185,156.428,36.1443],"palmWidth":89.8088,"pinchDistance":21.7898,"pinchStrength":0.786874,"r":[[0.988617,-0.150445,-0.00175733],[0.150106,0.987048,-0.0566086],[0.010251,0.0557004,0.998395]],"s":0.938746,"sphereCenter":[19.5945,164.024,-24.6966],"sphereRadius":39.8277,"stabilizedPalmPosition":[65.3948,165.732,-6.36407],"t":[-14.449,18.7167,0.720087],"timeVisible":0.155279,"type":"right","wrist":[67.1992,150.342,66.4674]}],"id":107658,"interactionBox":{"center":[0,200,0],"size":[235.247,235.247,147.751]},"pointables":[{"bases":[[[0.897069,-0.409701,-0.16557],[0.434533,0.749776,0.499016],[-0.0803069,-0.519598,0.850629]],[[0.85632,-0.172236,-0.486879],[0.404388,0.810005,0.424691],[0.321227,-0.560559,0.763273]],[[0.85632,-0.172236,-0.486879],[0.253482,0.961552,0.105668],[0.44996,-0.2139,0.867054]],[[0.85632,-0.172236,-0.486879],[0.112137,0.982267,-0.150256],[0.504125,0.0740704,0.860449]]],"btipPosition":[8.80255,217.433,-36.0908],"carpPosition":[52.1064,184.186,51.833],"dipPosition":[20.7474,219.188,-15.7031],"direction":[-0.44996,0.2139,-0.867054],"extended":false,"handId":153,"id":1530,"length":52.7637,"mcpPosition":[52.1064,184.186,51.833],"pipPosition":[36.2796,211.804,14.2268],"stabilizedTipPosition":[18.5592,216.588,-30.5319],"timeVisible":0.155279,"tipPosition":[17.9978,226.56,-30.2537],"tipVelocity":[-186.121,84.0562,120.147],"tool":false,"touchDistance":0.712611,"touchZone":"hovering","type":0,"width":21.4563},{"bases":[[[-0.0103844,-0.964922,-0.262331],[0.997622,0.00787719,-0.0684653],[0.0681301,-0.262418,0.962546]],[[-0.0101868,-0.965679,-0.25954],[0.431321,0.229922,-0.872409],[0.902141,-0.120832,0.414175]],[[-0.0101868,-0.965679,-0.25954],[-0.857581,0.141919,-0.494383],[0.514249,0.21754,-0.829593]],[[-0.0101868,-0.965679,-0.25954],[-0.9935,-0.0196532,0.112119],[-0.113372,0.258995,-0.959202]]],"btipPosition