{"frames":289,"data":[{"currentFrameRate":23.7376,"devices":[],"gestures":[],"hands":[],"id":109058,"interactionBox":{"center":[0,200,0],"size":[235.247,235.247,147.751]},"pointables":[],"r":[[-0.962136,-0.269906,0.0380192],[0.215739,-0.839331,-0.498979],[0.166588,-0.471883,0.86578]],"s":0.686793,"t":[505.899,-233.461,348.339],"timestamp":258105849365},{"currentFrameRate":23.7852,"devices":[],"gestures":[],"hands":[],"id":109059,"interactionBox":{"center":[0,200,0],"size":[235.247,235.247,147.751]},"pointables":[],"r":[[-0.962136,-0.269906,0.0380192],[0.215739,-0.839331,-0.498979],[0.166588,-0.471883,0.86578]],"s":0.686793,"t":[505.899,-233.461,348.339],"timestamp":258105891048},{"currentFrameRate":23.7417,"devices":[],"gestures":[],"hands":[],"id":109060,"interactionBox":{"center":[0,200,0],"size":[235.247,235.247,147.751]},"pointables":[],"r":[[-0.962136,-0.269906,0.0380192],[0.215739,-0.839331,-0.498979],[0.166588,-0.471883,0.86578]],"s":0.686793,"t":[505.899,-233.461,348.339],"timestamp":258105933497},{"currentFrameRate":23.7898,"devices":[],"gestures":[],"hands":[],"id":109061,"interactionBox":{"center":[0,200,0],"size":[235.247,235.247,147.751]},"pointables":[],"r":[[-0.962136,-0.269906,0.0380192],[0.215739,-0.839331,-0.498979],[0.166588,-0.471883,0.86578]],"s":0.686793,"t":[505.899,-233.461,348.339],"timestamp":258105975168},{"currentFrameRate":23.7837,"devices":[],"gestures":[],"hands":[],"id":109062,"interactionBox":{"center":[0,200,0],"size":[235.247,235.247,147.751]},"pointables":[],"r":[[-0.962136,-0.269906,0.0380192],[0.215739,-0.839331,-0.498979],[0.166588,-0.471883,0.86578]],"s":0.686793,"t":[505.899,-233.461,348.339],"timestamp":258106017260},{"currentFrameRate":23.7872,"devices":[],"gestures":[],"hands":[],"id":109063,"interactionBox":{"center":[0,200,0],"size":[235.247,235.247,147.751]},"pointables":[],"r":[[-0.962136,-0.269906,0.0380192],[0.215739,-0.839331,-0.498979],[0.166588,-0.471883,0.86578]],"s":0.686793,"t":[505.899,-233.461,348.339],"timestamp":258106059273},{"currentFrameRate":23.7753,"devices":[],"gestures":[],"hands":[],"id":109064,"interactionBox":{"center":[0,200,0],"size":[235.247,235.247,147.751]},"pointables":[],"r":[[-0.962136,-0.269906,0.0380192],[0.215739,-0.839331,-0.498979],[0.166588,-0.471883,0.86578]],"s":0.686793,"t":[505.899,-233.461,348.339],"timestamp":258106101423},{"currentFrameRate":23.7786,"devices":[],"gestures":[],"hands":[],"id":109065,"interactionBox":{"center":[0,200,0],"size":[235.247,235.247,147.751]},"pointables":[],"r":[[-0.962136,-0.269906,0.0380192],[0.215739,-0.839331,-0.498979],[0.166588,-0.471883,0.86578]],"s":0.686793,"t":[505.899,-233.461,348.339],"timestamp":258106143453},{"currentFrameRate":23.7417,"devices":[],"gestures":[],"hands":[],"id":109066,"interactionBox":{"center":[0,200,0],"size":[235.247,235.247,147.751]},"pointables":[],"r":[[-0.962136,-0.269906,0.0380192],[0.215739,-0.839331,-0.498979],[0.166588,-0.471883,0.86578]],"s":0.686793,"t":[505.899,-233.461,348.339],"timestamp":258106185852},{"currentFrameRate":23.7542,"devices":[],"gestures":[],"hands":[],"id":109067,"interactionBox":{"center":[0,200,0],"size":[235.247,235.247,147.751]},"pointables":[],"r":[[-0.962136,-0.269906,0.0380192],[0.215739,-0.839331,-0.498979],[0.166588,-0.471883,0.86578]],"s":0.686793,"t":[505.899,-233.461,348.339],"timestamp":258106227855},{"currentFrameRate":23.7872,"devices":[],"gestures":[],"hands":[],"id":109068,"interactionBox":{"center":[0,200,0],"size":[235.247,235.247,147.751]},"pointables":[],"r":[[-0.962136,-0.269906,0.0380192],[0.215739,-0.839331,-0.498979],[0.166588,-0.471883,0.86578]],"s":0.686793,"t":[505.899,-233.461,348.339],"timestamp":258106269645},{"currentFrameRate":23.7833,"devices":[],"gestures":[],"hands":[{"armBasis":[[0.0477563,-0.973359,-0.224259],[0.902193,0.138389,-0.408529],[0.42868,-0.182815,0.884767]],"armWidth":62.8928,"confidence":0,"direction":[0.126143,0.214968,-0.96844],"elbow":[188.457,92.3584,282.548],"grabAngle":3.14159,"grabStrength":1,"id":156,"palmNormal":[-0.990494,-0.0266922,-0.13494],"palmPosition":[72.9425,164.185,-24.4374],"palmVelocity":[1.19209e-7,1.19209e-7,1.19209e-7],"palmWidth":89.8088,"pinchDistance":45.8754,"pinchStrength":0.114379,"r":[[1,1.38778e-18,0],[-1.38778e-18,1,-1.11022e-17],[-1.54074e-35,1.11022e-17,1]],"s":1,"sphereCenter":[36.7341,180.573,-42.4504],"sphereRadius":41.144,"stabilizedPalmPosition":[72.9425,164.185,-24.4374],"t":[0,0,0],"timeVisible":0,"type":"right","wrist":[74.2157,141.078,46.7625]}],"id":109069,"interactionBox":{"center":[0,200,0],"size":[235.247,235.247,147.751]},"pointables":[{"bases":[[[0.932614,-0.327021,-0.152605],[0.349585,0.713728,0.606946],[-0.0895657,-0.619395,0.779954]],[[0.920861,-0.142378,-0.362964],[0.379854,0.537487,0.752873],[0.0878963,-0.831165,0.549034]],[[0.920861,-0.142378,-0.362964],[0.326634,0.790048,0.518782],[0.212896,-0.596283,0.77403]],[[0.920861,-0.142378,-0.362964],[0.272106,0.901418,0.336756],[0.279236,-0.40887,0.868823]]],"btipPosition":[40.3817,242.418,-39.2614],"carpPosition":[58.3272,171.955,33.9073],"dipPosition":[46.832,232.973,-19.1918],"direction":[-0.212896,0.596283,-0.77403],"extended":true,"handId":156,"id":1560,"length":51.4398,"mcpPosition":[58.3272,171.955,33.9073],"pipPosition":[53.9966,212.907,6.85658],"stabilizedTipPosition":[41.8653,240.246,-34.6454],"timeVisible":0,"tipPosition":[41.8653,240.246,-34.6454],"tipVelocity":[1.19209e-7,1.19209e-7,1.19209e-7],"tool":false,"touchDistance":1,"touchZone":"none","type":0,"width":19.9871},{"bases":[[[0.0752586,-0.926303,-0.369186],[0.996616,0.082148,-0.00295258],[0.0330629,-0.367714,0.929351]],[[0.0767591,-0.942888,-0.324145],[0.270589,0.332603,-0.903414],[0.95963,-0.0183647,0.280665]],[[0.0767591,-0.942888,-0.324145],[-0.959414,0.0186295,-0.281384],[0.271353,0.332588,-0.90319]],[[0.0767591,-0.942888,-0.324145],[-0.934472,-0.181395,0.306362],[-0.347663,0.279388,-0.895026]]],"btipPosition":[35.508,181.803,-18.1302],"carpPosition":[79.2122,166.969,24.6151],"dipPosition":[29.6451,186.515,-33.2237],"direction":[-0.271353,-0.332588,0.90319],"extended":false,"handId":156,"id":1561,"length":58.0441,"mcpPosition":[76.8114,193.671,-42.8693],"pipPosition":[36.1186,194.449,-54.7708],"stabilizedTipPosition":[34.1595,182.887,-21.6017],"timeVisible":0,"tipPosition":[34.1595,182.887,-21.6017],"tipVelocity":[1.19209e-7,1.19209e-7,1.19209e-7],"tool":false,"touchDistance":0.333333,"touchZone":"none","type":1,"width":19.0917},{"bases":[[[-0.0919752,-0.967808,-0.234284],[0.995475,-0.0837303,-0.0449209],[0.0238581,-0.237356,0.97113]],[[-0.0905618,-0.979154,-0.181812],[0.21765,0.15869,-0.96304],[0.971816,-0.126786,0.198741]],[[-0.0905618,-0.979154,-0.181812],[-0.971643,0.126912,-0.199508],[0.218423,0.158589,-0.962882]],[[-0.0905618,-0.979154,-0.181812],[-0.899444,0.00203984,0.437032],[-0.427551,0.203108,-0.880879]]],"btipPosition":[35.6953,170.343,-13.3341],"carpPosition":[81.7723,156.184,19.6312],"dipPosition":[27.765,174.11,-29.6727],"direction":[-0.218423,-0.158589,0.962882],"extended":false,"handId":156,"id":1562,"length":66.1366,"mcpPosition":[80.1294,172.529,-47.243],"pipPosition":[33.8956,178.561,-56.6981],"stabilizedTipPosition":[33.8713,171.209,-17.092],"timeVisible":0,"tipPosition":[33.8713,171.209,-17.092],"tipVelocity":[1.19209e-7,1.19209e-7,1.19209e-7],"tool":false,"touchDistance":0.333333,"touchZone":"none","type":2,"width":18.7506},{"bases":[[[-0.162242,-0.983104,-0.0847634],[0.986614,-0.160186,-0.0305643],[0.01647,-0.0885875,0.995932]],[[-0.162888,-0.976992,-0.137677],[0.227572,0.0985749,-0.968759],[0.960041,-0.189131,0.206279]],[[-0.162888,-0.976992,-0.137677],[-0.953285,0.19182,-0.233352],[0.254392,0.0932349,-0.962596]],[[-0.162888,-0.976992,-0.137677],[-0.904453,0.0920996,0.416513],[-0.39425,0.192367,-0.898644]]],"btipPosition":[38.4871,152.345,-11.8022],"carpPosition":[81.5279,144.625,15.978],"dipPosition":[31.2165,155.893,-28.3745],"direction":[-0.254392,-0.0932349,0.962596],"extended":false,"handId":156,"id":1563,"length":63.5921,"mcpPosition":[80.5096,150.102,-45.5973],"pipPosition":[38.1722,158.442,-54.6941],"stabilizedTipPosition":[36.8148,153.161,-15.6138],"timeVisible":0,"tipPosition":[36.8148,153.161,-15.6138],"tipVelocity":[1.19209e-7,1.19209e-7,1.19209e-7],"tool":false,"touchDistance":0.333333,"touchZone":"none","type":3,"width":17.8424},{"bases":[[[-0.320017,-0.946677,0.0372977],[0.946922,-0.318337,0.0447332],[-0.0304746,0.0496334,0.998302]],[[-0.312578,-0.94428,-0.103106],[0.301251,0.00439596,-0.953535],[0.900857,-0.329115,0.283091]],[[-0.312578,-0.94428,-0.103106],[-0.866485,0.327924,-0.376389],[0.389228,-0.0283108,-0.920706]],[[-0.312578,-0.94428,-0.103106],[-0.918167,0.272534,0.287567],[-0.243444,0.184556,-0.952194]]],"btipPosition":[41.5048,138.533,-18.2806],"carpPosition":[74.573,132.48,14.7608],"dipPosition":[37.3631,141.673,-34.4803],"direction":[-0.389228,0.0283108,0.920706],"extended":false,"handId":156,"id":1564,"length":49.855,"mcpPosition":[76.3171,129.64,-42.3745],"pipPosition":[44.8771,141.126,-52.2544],"stabilizedTipPosition":[40.5522,139.255,-22.0065],"timeVisible":0,"tipPosition":[40.5522,139.255,-22.0065],"tipVelocity":[1.19209e-7,1.19209e-7,1.19209e-7],"tool":false,"touchDistance":0.333333,"touchZone":"none","type":4,"width":15.849}],"r":[[1,1.38778e-18,0],[-1.38778e-18,1,-1.11022e-17],[-1.54074e-35,1.11022e-17,1]],"s":1,"t":[0,0,0],"timestamp":258106311721},{"currentFrameRate":23.777,"devices":[],"gestures":[],"hands":[{"armBasis":[[-0.118952,-0.941939,-0.314009],[0.886997,0.0413084,-0.459924],[0.446191,-0.333234,0.830583]],"armWidth":66.1053,"confidence":0.218243,"direction":[0.130168,0.211637,-0.968641],"elbow":[189.375,66.2117,269.647],"grabAngle":3.14159,"grabStrength":1,"id":156,"palmNormal":[-0.989036,0.0964427,-0.111837],"palmPosition":[70.1783,180.119,-22.2565],"palmVelocity":[-65.6494,378.437,51.7962],"palmWidth":89.8088,"pinchDistance":24.1232,"pinchStrength":0.620803,"r":[[0.999689,-0.024467,-0.00472283],[0.024478,0.999698,0.00227496],[0.00466574,-0.00238985,0.999986]],"s":0.951519,"sphereCenter":[29.29,182.723,-42.5697],"sphereRadius":39.2438,"stabilizedPalmPosition":[70.7245,176.971,-22.6874],"t":[-1.38208,7.96705,1.09044],"timeVisible":0.042105,"type":"right","wrist":[70.4672,155.017,48.3008]}],"id":109070,"interactionBox":{"center":[0,200,0],"size":[235.247,235.247,147.751]},"pointables":[{"bases":[[[0.881953,-0.436327,-0.178263],[0.447645,0.657,0.606601],[-0.147557,-0.614792,0.774763]],[[0.872392,-0.171928,-0.457574],[0.444171,0.669637,0.59523],[0.204072,-0.722514,0.660551]],[[0.872392,-0.171928,-0.457574],[0.310146,0.91823,0.246299],[0.377812,-0.356784,0.854379]],[[0.872392,-0.171928,-0.457574],[0.154307,0.9851,-0.0759446],[0.463813,-0.00435322,0.885922]]],"btipPosition":[23.8269,236.807,-46.5277],"carpPosition":[57.9129,188.79,36.5011],"dipPosition":[34.8167,236.704,-25.5364],"direction":[-0.377812,0.356784,-0.854379],"extended":false,"handId":156,"id":1560,"length":52.7637,"mcpPosition":[57.9129,188.79,36.5011],"pipPosition":[47.8584,224.388,3.95603],"stabilizedTipPosition":[31.093,237.841,-39.5446],"timeVisible":0.042105,"tipPosition":[30.0328,240.575,-39.8945],"tipVelocity":[-368.382,-82.2335,-167.539],"tool":false,"touchDistance":0.839806,"touchZone":"hovering","type":0,"width":21.4563},{"bases":[[[-0.046904,-0.923237,-0.381357],[0.998865,-0.0402034,-0.0255233],[0.00823222,-0.382122,0.924075]],[[-0.047152,-0.910006,-0.411906],[0.383793,0.364208,-0.848561],[0.922215,-0.198098,0.33208]],[[-0.047152,-0.910006,-0.411906],[-0.921507,0.198768,-0.333642],[0.385489,0.363842,-0.847948]],[[-0.047152,-0.910006,-0.411906],[-0.971905,-0.0534023,0.229236],[-0.230603,0.411142,-0.881921]]],"btipPosition":[31.6657,201.77,-18.8774],"carpPosition":[77.8204,181.422,26.6629],"dipPosition":[27.6767,208.882,-34.1327],"direction":[-0.385489,-0.363842,0.847948],"extended":false,"handId":156,"id":1561,"length":59.538,"mcpPosition":[77.2226,209.169,-40.4384],"pipPosition":[37.1099,217.786,-54.8825],"stabilizedTipPosition":[30.8934,202.533,-22.3528],"timeVisible":0.042105,"tipPosition":[33.106,203.386,-19.4642],"tipVelocity":[-81.0187,487.328,-18.631],"tool":false,"touchDistance":0.333333,"touchZone":"none","type":1,"width":20.495},{"bases":[[[-0.214951,-0.945903,-0.243029],[0.976494,-0.204088,-0.0693347],[0.0159846,-0.25222,0.967538]],[[-0.215523,-0.929077,-0.300609],[0.283588,0.235025,-0.9297],[0.934413,-0.28562,0.212822]],[[-0.215523,-0.929077,-0.300609],[-0.934187,0.285807,-0.213562],[0.284332,0.234798,-0.92953]],[[-0.215523,-0.929077,-0.300609],[-0.909482,0.0789059,0.408186],[-0.355516,0.361372,-0.861985]]],"btipPosition":[30.8087,188.148,-12.3541],"carpPosition":[78.9299,170.476,21.4978],"dipPosition":[24.0449,195.023,-28.7538],"direction":[-0.284332,-0.234798,0.92953],"extended":false,"handId":156,"id":1562,"length":67.8387,"mcpPosition":[77.8292,187.845,-45.1291],"pipPosition":[32.2307,201.783,-55.5146],"stabilizedTipPosition":[29.6305,188.216,-16.205],"timeVisible":0.042105,"tipPosition":[31.6516,191.261,-14.4562],"tipVelocity":[-109.684,439.854,22.9403],"tool":false,"touchDistance":0.333333,"touchZone":"none","type":2,"width":20.1288},{"bases":[[[-0.283252,-0.954615,-0.0920758],[0.958653,-0.279084,-0.0556425],[0.0274204,-0.10403,0.994196]],[[-0.284387,-0.946659,-0.151526],[0.26583,0.0739916,-0.961176],[0.921118,-0.313626,0.230608]],[[-0.284387,-0.946659,-0.151526],[-0.915019,0.315185,-0.251792],[0.28612,0.0670429,-0.955845]],[[-0.284387,-0.946659,-0.151526],[-0.891261,0.202822,0.405607],[-0.353239,0.250399,-0.901401]]],"btipPosition":[32.4868,173.088,-10.3204],"carpPosition":[77.1912,159.086,17.7203],"dipPosition":[25.8049,177.824,-27.3714],"direction":[-0.28612,-0.0670429,0.955845],"extended":false,"handId":156,"id":1563,"length":65.2287,"mcpPosition":[75.4958,165.518,-43.7476],"pipPosition":[33.8295,179.704,-54.1791],"stabilizedTipPosition":[31.1111,173.6,-14.2798],"timeVisible":0.042105,"tipPosition":[32.8048,173.587,-12.9645],"tipVelocity":[-139.291,499.125,32.5774],"tool":false,"touchDistance":0.333333,"touchZone":"none","type":3,"width":19.1539},{"bases":[[[-0.432653,-0.900916,0.0340784],[0.901558,-0.432251,0.0187687],[-0.00217861,0.038844,0.999243]],[[-0.427565,-0.896744,-0.114186],[0.336958,-0.0408868,-0.940631],[0.838837,-0.440657,0.319647]],[[-0.427565,-0.896744,-0.114186],[-0.805567,0.435279,-0.401987],[0.410182,-0.0798912,-0.908498]],[[-0.427565,-0.896744,-0.114186],[-0.882712,0.386919,0.266671],[-0.194955,0.214813,-0.957]]],"btipPosition":[34.1517,159.286,-17.412],"carpPosition":[68.7762,147.901,16.5296],"dipPosition":[30.7495,163.035,-34.1125],"direction":[-0.410182,0.0798912,0.908498],"extended":false,"handId":156,"id":1564,"length":51.1381,"mcpPosition":[68.9008,145.678,-40.6595],"pipPosition":[38.8718,161.453,-52.1024],"stabilizedTipPosition":[33.5466,159.632,-21.2717],"timeVisible":0.042105,"tipPosition":[34.7724,159.437,-19.6513],"tipVelocity":[-170.597,496.222,17.893],"tool":false,"touchDistance":0.333333,"touchZone":"none","type":4,"width":17.014}],"r":[[0.999689,-0.024467,-0.00472283],[0.024478,0.999698,0.00227496],[0.00466574,-0.00238985,0.999986]],"s":0.951519,"t":[-1.38208,7.96705,1.09044],"timestamp":258106353826},{"currentFrameRate":24.8182,"devices":[],"gestures":[],"hands":[{"armBasis":[[-0.110681,-0.916219,-0.385087],[0.885725,0.0848251,-0.456394],[0.450822,-0.391595,0.80213]],"armWidth":66.1053,"confidence":0.374292,"direction":[0.102984,0.253531,-0.96183],"elbow":[189.698,61.632,262.4],"grabAngle":3.14159,"grabStrength":1,"id":156,"palmNormal":[-0.993841,0.065999,-0.0890142],"palmPosition":[67.233,194.246,-20.7485],"palmVelocity":[-90.4229,433.692,46.2957],"palmWidth":89.8088,"pinchDistance":30.0077,"pinchStrength":0.502086,"r":[[0.999237,-0.0369831,-0.0125612],[0.0371317,0.999241,0.0118155],[0.0121146,-0.0122729,0.999851]],"s":0.930169,"sphereCenter":[26.7237,200.295,-39.2631],"sphereRadius":39.0737,"stabilizedPalmPosition":[67.2973,193.927,-20.7842],"t":[-3.5458,19.0139,2.38965],"timeVisible":0.074678,"type":"right","wrist":[69.5562,165.99,48.6365]}],"id":109071,"interactionBox":{"center":[0,200,0],"size":[235.247,235.247,147.751]},"pointables":[{"bases":[[[0.892551,-0.397902,-0.212194],[0.437195,0.648225,0.62343],[-0.110514,-0.649213,0.752535]],[[0.877044,-0.153807,-0.455123],[0.446683,0.609781,0.654707],[0.176827,-0.777503,0.603507]],[[0.877044,-0.153807,-0.455123],[0.330818,0.880316,0.340003],[0.348358,-0.448761,0.822958]],[[0.877044,-0.153807,-0.455123],[0.185906,0.982215,0.0263149],[0.442982,-0.107689,0.89004]]],"btipPosition":[24.6498,256.543,-40.7016],"carpPosition":[55.8831,200.193,38.5296],"dipPosition":[35.1459,253.991,-19.6127],"direction":[-0.348358,0.448761,-0.822958],"extended":true,"handId":156,"id":1560,"length":52.7637,"mcpPosition":[55.8831,200.193,38.5296],"pipPosition":[47.1709,238.5,8.79504],"stabilizedTipPosition":[27.3207,254.801,-36.0866],"timeVisible":0.074678,"tipPosition":[25.6526,254.734,-35.472],"tipVelocity":[21.7768,588.599,179.551],"tool":false,"touchDistance":0.876887,"touchZone":"hovering","type":0,"width":21.4563},{"bases":[[[-0.02304,-0.908804,-0.416586],[0.998925,-0.00415712,-0.0461784],[0.0402353,-0.417202,0.907923]],[[-0.0206926,-0.931253,-0.363786],[0.304826,0.340663,-0.889399],[0.952183,-0.129295,0.276821]],[[-0.0206926,-0.931253,-0.363786],[-0.947725,0.134156,-0.289516],[0.318417,0.338778,-0.885348]],[[-0.0206926,-0.931253,-0.363786],[-0.949614,-0.0955116,0.298515],[-0.312738,0.351633,-0.882354]]],"btipPosition":[29.1057,215.46,-13.012],"carpPosition":[75.8257,193.914,28.0292],"dipPosition":[23.696,221.543,-28.2748],"direction":[-0.318417,-0.338778,0.885348],"extended":false,"handId":156,"id":1561,"length":59.538,"mcpPosition":[72.9041,224.209,-37.8992],"pipPosition":[31.4879,229.833,-49.9398],"stabilizedTipPosition":[27.9982,216.213,-16.7853],"timeVisible":0.074678,"tipPosition":[29.178,216.208,-16.3636],"tipVelocity":[-88.6233,413.017,180.016],"tool":false,"touchDistance":0.333333,"touchZone":"none","type":1,"width":20.495},{"bases":[[[-0.187345,-0.942701,-0.276075],[0.981289,-0.1669,-0.0959979],[0.0444203,-0.288894,0.95633]],[[-0.188483,-0.934502,-0.301961],[0.257869,0.24959,-0.933386],[0.947617,-0.253793,0.193936]],[[-0.188483,-0.934502,-0.301961],[-0.943685,0.25747,-0.207767],[0.271904,0.245795,-0.930405]],[[-0.188483,-0.934502,-0.301961],[-0.90613,0.0469223,0.420388],[-0.378685,0.352852,-0.855624]]],"btipPosition":[27.2786,201.713,-9.83917],"carpPosition":[77.2037,183.223,22.4152],"dipPosition":[20.074,208.426,-26.1178],"direction":[-0.271904,-0.245795,0.930404],"extended":false,"handId":156,"id":1562,"length":67.8387,"mcpPosition":[74.1448,203.117,-43.4399],"pipPosition":[27.902,215.502,-52.9038],"stabilizedTipPosition":[25.7008,202.96,-13.6351],"timeVisible":0.074678,"tipPosition":[28.2935,203.684,-11.917],"tipVelocity":[-111.489,415.301,78.0648],"tool":false,"touchDistance":0.333333,"touchZone":"none","type":2,"width":20.1288},{"bases":[[[-0.252203,-0.959657,-0.124306],[0.966313,-0.24295,-0.0849422],[0.0513152,-0.141542,0.988601]],[[-0.254826,-0.949443,-0.183363],[0.256895,0.116339,-0.959411],[0.932238,-0.291588,0.214261]],[[-0.254826,-0.949443,-0.183363],[-0.921897,0.295765,-0.250259],[0.291839,0.105269,-0.950657]],[[-0.254826,-0.949443,-0.183363],[-0.89933,0.163015,0.405748],[-0.355344,0.268299,-0.895403]]],"btipPosition":[28.974,185.848,-8.99],"carpPosition":[75.7793,171.934,18.2244],"dipPosition":[22.2523,190.923,-25.9275],"direction":[-0.291839,-0.105269,0.950657],"extended":false,"handId":156,"id":1563,"length":65.2287,"mcpPosition":[72.6066,180.685,-42.8977],"pipPosition":[30.4372,193.875,-52.5897],"stabilizedTipPosition":[27.4895,186.791,-12.9089],"timeVisible":0.074678,"tipPosition":[30.0779,186.127,-11.1565],"tipVelocity":[-108.126,394.13,41.6449],"tool":false,"touchDistance":0.333333,"touchZone":"none","type":3,"width":19.1539},{"bases":[[[-0.400742,-0.916167,0.00670405],[0.916034,-0.400798,-0.0155657],[0.0169478,-0.0000967009,0.999856]],[[-0.398797,-0.905936,-0.142274],[0.325872,0.00502156,-0.945401],[0.857186,-0.423386,0.293217]],[[-0.398797,-0.905936,-0.142274],[-0.819814,0.421721,-0.387372],[0.410934,-0.0378445,-0.910879]],[[-0.398797,-0.905936,-0.142274],[-0.893479,0.348905,0.282773],[-0.206534,0.239888,-0.948577]]],"btipPosition":[31.541,172.241,-16.3769],"carpPosition":[67.7298,160.516,16.7535],"dipPosition":[27.9368,176.428,-32.9304],"direction":[-0.410934,0.0378445,0.910879],"extended":false,"handId":156,"id":1564,"length":51.1381,"mcpPosition":[66.7599,160.522,-40.4707],"pipPosition":[36.074,175.678,-50.9674],"stabilizedTipPosition":[30.7569,172.989,-20.2014],"timeVisible":0.074678,"tipPosition":[32.5413,172.288,-18.3622],"tipVelocity":[-81.576,400.822,32.8169],"tool":false,"touchDistance":0.333333,"touchZone":"none","type":4,"width":17.014}],"r":[[0.999237,-0.0369831,-0.0125612],[0.0371317,0.999241,0.0118155],[0.0121146,-0.0122729,0.999851]],"s":0.930169,"t":[-3.5458,19.0139,2.38965],"timestamp":258106386399},{"currentFrameRate":27.7799,"devices":[],"gestures":[],"hands":[{"armBasis":[[-0.121209,-0.900462,-0.417703],[0.888651,0.089057,-0.449854],[0.442276,-0.425718,0.789402]],"armWidth":66.1053,"confidence":0.442406,"direction":[0.10092,0.246966,-0.963755],"elbow":[186.685,61.6797,259.545],"grabAngle":3.14159,"grabStrength":1,"id":156,"palmNormal":[-0.994438,0.0543904,-0.0901953],"palmPosition":[66.3728,203.32,-20.2729],"palmVelocity":[-55.3906,584.297,30.6235],"palmWidth":89.8088,"pinchDistance":29.879,"pinchStrength":0.504562,"r":[[0.998822,-0.0447608,-0.0187355],[0.0450944,0.998825,0.0177773],[0.0179177,-0.0186013,0.999666]],"s":0.915156,"sphereCenter":[25.8485,208.777,-38.8319],"sphereRadius":39.0161,"stabilizedPalmPosition":[66.4736,202.295,-20.3287],"t":[-5.05776,29.0744,3.27705],"timeVisible":0.090208,"type":"right","wrist":[68.8204,175.132,49.1734]}],"id":109072,"interactionBox":{"center":[0,200,0],"size":[235.247,235.247,147.751]},"pointables":[{"bases":[[[0.897015,-0.389775,-0.208421],[0.429601,0.657929,0.618524],[-0.103959,-0.644363,0.75762]],[[0.879204,-0.14848,-0.452718],[0.438691,0.622987,0.64764],[0.185876,-0.768011,0.612869]],[[0.879204,-0.14848,-0.452718],[0.321136,0.8866,0.332883],[0.351954,-0.438056,0.827185]],[[0.879204,-0.14848,-0.452718],[0.174932,0.984436,0.0168583],[0.443169,-0.0940168,0.891494]]],"btipPosition":[23.1063,264.803,-40.9245],"carpPosition":[54.9141,209.615,38.9483],"dipPosition":[33.6069,262.576,-19.8012],"direction":[-0.351954,0.438056,-0.827185],"extended":true,"handId":156,"id":1560,"length":52.7637,"mcpPosition":[54.9141,209.615,38.9483],"pipPosition":[45.756,247.454,8.75248],"stabilizedTipPosition":[25.8826,262.386,-36.0703],"timeVisible":0.090208,"tipPosition":[24.1655,263.246,-35.5153],"tipVelocity":[-99.3222,536.722,-13.8446],"tool":false,"touchDistance":0.819306,"touchZone":"hovering","type":0,"width":21.4563},{"bases":[[[-0.0127713,-0.912296,-0.409333],[0.998944,0.00642334,-0.0454833],[0.0441235,-0.409482,0.911251]],[[-0.00985178,-0.937173,-0.348725],[0.298873,0.330041,-0.895404],[0.954242,-0.113046,0.276844]],[[-0.00985178,-0.937173,-0.348725],[-0.950385,0.117212,-0.28815],[0.310921,0.328584,-0.89183]],[[-0.00985178,-0.937173,-0.348725],[-0.945145,-0.105143,0.309266],[-0.326502,0.332643,-0.884729]]],"btipPosition":[28.2617,224.328,-12.5727],"carpPosition":[74.9321,203.472,28.5115],"dipPosition":[22.6139,230.082,-27.8765],"direction":[-0.310921,-0.328584,0.89183],"extended":false,"handId":156,"id":1561,"length":59.538,"mcpPosition":[71.7281,233.206,-37.6585],"pipPosition":[30.2224,238.123,-49.7002],"stabilizedTipPosition":[27.1381,224.053,-16.2099],"timeVisible":0.090208,"tipPosition":[28.0551,224.912,-16.0887],"tipVelocity":[-57.8732,566.153,27.6833],"tool":false,"touchDistance":0.333333,"touchZone":"none","type":1,"width":20.495},{"bases":[[[-0.1768,-0.946869,-0.268665],[0.98313,-0.156895,-0.0940137],[0.0468664,-0.280754,0.958635]],[[-0.17679,-0.946926,-0.26847],[0.252795,0.219931,-0.942191],[0.951231,-0.234438,0.200497]],[[-0.17679,-0.946926,-0.26847],[-0.948516,0.236742,-0.210408],[0.262799,0.21745,-0.940028]],[[-0.17679,-0.946926,-0.26847],[-0.904776,0.0489751,0.423063],[-0.387461,0.317699,-0.865414]]],"btipPosition":[26.5905,211.221,-9.28598],"carpPosition":[76.4313,192.752,22.984],"dipPosition":[19.2189,217.266,-25.7508],"direction":[-0.262799,-0.21745,0.940028],"extended":false,"handId":156,"id":1562,"length":67.8387,"mcpPosition":[73.204,212.085,-43.0298],"pipPosition":[26.7848,223.526,-52.8139],"stabilizedTipPosition":[24.9861,211.521,-13.1364],"timeVisible":0.090208,"tipPosition":[27.2116,212.411,-11.6146],"tipVelocity":[-46.7786,602.359,32.8625],"tool":false,"touchDistance":0.333333,"touchZone":"none","type":2,"width":20.1288},{"bases":[[[-0.241582,-0.963324,-0.116809],[0.968979,-0.233014,-0.0823612],[0.0521226,-0.133082,0.989733]],[[-0.244273,-0.953611,-0.175947],[0.260784,0.110157,-0.959092],[0.933982,-0.280164,0.221778]],[[-0.244273,-0.953611,-0.175947],[-0.925747,0.28334,-0.250423],[0.288659,0.101711,-0.952014]],[[-0.244273,-0.953611,-0.175947],[-0.901594,0.156544,0.403264],[-0.357013,0.257139,-0.89801]]],"btipPosition":[28.3205,194.6,-8.65455],"carpPosition":[75.1338,181.415,18.8824],"dipPosition":[21.5672,199.464,-25.6414],"direction":[-0.288659,-0.101711,0.952014],"extended":false,"handId":156,"id":1563,"length":65.2287,"mcpPosition":[71.9112,189.643,-42.3096],"pipPosition":[29.6629,202.316,-52.3416],"stabilizedTipPosition":[26.8421,194.793,-12.5975],"timeVisible":0.090208,"tipPosition":[29.2649,194.884,-10.6689],"tipVelocity":[-42.5487,560.414,20.8696],"tool":false,"touchDistance":0.333333,"touchZone":"none","type":3,"width":19.1539},{"bases":[[[-0.390686,-0.920421,0.0137523],[0.920381,-0.390845,-0.0117602],[0.0161993,0.00806284,0.999836]],[[-0.388704,-0.91124,-0.136203],[0.333363,-0.00128157,-0.942798],[0.85894,-0.411874,0.304272]],[[-0.388704,-0.91124,-0.136203],[-0.825965,0.410135,-0.386745],[0.408279,-0.0378305,-0.912073]],[[-0.388704,-0.91124,-0.136203],[-0.897243,0.340766,0.280774],[-0.209439,0.231345,-0.95006]]],"btipPosition":[31.1055,180.893,-15.978],"carpPosition":[67.211,169.898,17.4975],"dipPosition":[27.4506,184.93,-32.5574],"direction":[-0.408279,0.0378305,0.912073],"extended":false,"handId":156,"id":1564,"length":51.1381,"mcpPosition":[66.2839,169.436,-39.7256],"pipPosition":[35.5352,184.181,-50.618],"stabilizedTipPosition":[30.3146,180.928,-19.8328],"timeVisible":0.090208,"tipPosition":[31.8897,181.019,-17.7743],"tipVelocity":[-28.7942,554.872,25.3011],"tool":false,"touchDistance":0.333333,"touchZone":"none","type":4,"width":17.014}],"r":[[0.998822,-0.0447608,-0.0187355],[0.0450944,0.998825,0.0177773],[0.0179177,-0.0186013,0.999666]],"s":0.915156,"t":[-5.05776,29.0744,3.27705],"timestamp":258106401929},{"currentFrameRate":30.5799,"devices":[],"gestures":[],"hands":[{"armBasis":[[-0.104255,-0.886161,-0.451496],[0.893841,0.115572,-0.433233],[0.436095,-0.448733,0.780038]],"armWidth":66.1053,"confidence":0.504067,"direction":[0.0820803,0.253157,-0.963937],"elbow":[185.485,62.0852,257.407],"grabAngle":3.14159,"grabStrength":1,"id":156,"palmNormal":[-0.996624,0.0188852,-0.0799039],"palmPosition":[65.4329,210.343,-19.7135],"palmVelocity":[-62.2591,465.259,37.0596],"palmWidth":89.8088,"pinchDistance":29.3877,"pinchStrength":0.515867,"r":[[0.998709,-0.0437626,-0.0257722],[0.0443593,0.99875,0.0230539],[0.0247311,-0.0241674,0.999402]],"s":0.90456,"sphereCenter":[24.3913,213.879,-37.9693],"sphereRadius":39.0683,"stabilizedPalmPosition":[65.5233,209.644,-19.7669],"t":[-6.28368,37.6164,4.00048],"timeVisible":0.105304,"type":"right","wrist":[69.2683,181.67,49.5304]}],"id":109073,"interactionBox":{"center":[0,200,0],"size":[235.247,235.247,147.751]},"pointables":[{"bases":[[[0.908238,-0.356708,-0.218777],[0.412042,0.671186,0.616223],[-0.0729717,-0.649822,0.756575]],[[0.880309,-0.118732,-0.459303],[0.420511,0.643473,0.639619],[0.219606,-0.756204,0.616384]],[[0.880309,-0.118732,-0.459303],[0.294308,0.896024,0.33245],[0.372074,-0.427835,0.823722]],[[0.880309,-0.118732,-0.459303],[0.141258,0.989861,0.0148529],[0.452882,-0.0779552,0.888156]]],"btipPosition":[19.9706,269.928,-40.2063],"carpPosition":[54.3649,216.055,39.641],"dipPosition":[30.7013,268.081,-19.1621],"direction":[-0.372074,0.427835,-0.823722],"extended":true,"handId":156,"id":1560,"length":52.7637,"mcpPosition":[54.3649,216.055,39.641],"pipPosition":[43.545,253.313,9.27207],"stabilizedTipPosition":[22.9934,268.357,-35.4796],"timeVisible":0.105304,"tipPosition":[21.0063,268.787,-34.375],"tipVelocity":[-204.21,345.304,46.3718],"tool":false,"touchDistance":0.781209,"touchZone":"hovering","type":0,"width":21.4563},{"bases":[[[0.0157768,-0.911004,-0.412095],[0.99755,0.0424347,-0.0556185],[0.0681558,-0.410208,0.909442]],[[0.0201758,-0.935753,-0.352077],[0.286613,0.342782,-0.894625],[0.957834,-0.08286,0.275115]],[[0.0201758,-0.935753,-0.352077],[-0.950772,0.0909612,-0.296241],[0.309234,0.340722,-0.887853]],[[0.0201758,-0.935753,-0.352077],[-0.944617,-0.133212,0.299921],[-0.327553,0.326527,-0.886617]]],"btipPosition":[25.9699,230.07,-11.9606],"carpPosition":[74.4822,210.664,28.9816],"dipPosition":[20.304,235.718,-27.2971],"direction":[-0.309234,-0.340722,0.887853],"extended":false,"handId":156,"id":1561,"length":59.538,"mcpPosition":[69.5331,240.452,-37.057],"pipPosition":[27.8711,244.056,-49.0234],"stabilizedTipPosition":[25.0008,230.38,-15.5856],"timeVisible":0.105304,"tipPosition":[26.3242,230.574,-15.0913],"tipVelocity":[-152.09,378.72,40.0473],"tool":false,"touchDistance":0.333333,"touchZone":"none","type":1,"width":20.495},{"bases":[[[-0.145451,-0.951846,-0.269877],[0.98711,-0.121209,-0.104507],[0.0667633,-0.281599,0.957207]],[[-0.144801,-0.954515,-0.26064],[0.237408,0.222205,-0.945654],[0.960557,-0.198809,0.194434]],[[-0.144801,-0.954515,-0.26064],[-0.958302,0.200873,-0.203244],[0.246355,0.220341,-0.9438]],[[-0.144801,-0.954515,-0.26064],[-0.902338,0.0193065,0.430598],[-0.40598,0.297536,-0.864091]]],"btipPosition":[25.468,217.111,-8.38739],"carpPosition":[76.3083,200.022,23.4049],"dipPosition":[17.7441,222.771,-24.8271],"direction":[-0.246355,-0.220341,0.9438],"extended":false,"handId":156,"id":1562,"length":67.8387,"mcpPosition":[71.7109,219.413,-42.5105],"pipPosition":[24.8365,229.115,-51.9987],"stabilizedTipPosition":[23.8135,217.763,-12.2598],"timeVisible":0.105304,"tipPosition":[26.0129,218.006,-10.6601],"tipVelocity":[-79.7274,384.28,59.9079],"tool":false,"touchDistance":0.333333,"touchZone":"none","type":2,"width":20.1288},{"bases":[[[-0.208037,-0.971047,-0.117424],[0.975821,-0.197819,-0.0929548],[0.0670348,-0.133923,0.988722]],[[-0.211682,-0.961269,-0.1765],[0.250012,0.121324,-0.960612],[0.94482,-0.247471,0.214646]],[[-0.211682,-0.961269,-0.1765],[-0.938223,0.250449,-0.238776],[0.273732,0.115052,-0.9549]],[[-0.211682,-0.961269,-0.1765],[-0.902321,0.122834,0.413193],[-0.375509,0.246725,-0.893375]]],"btipPosition":[27.9195,200.237,-7.87802],"carpPosition":[75.3765,188.657,19.2806],"dipPosition":[20.8163,204.904,-24.7772],"direction":[-0.273732,-0.115052,0.9549],"extended":false,"handId":156,"id":1563,"length":65.2287,"mcpPosition":[71.2319,196.937,-41.8489],"pipPosition":[28.4934,208.131,-51.5584],"stabilizedTipPosition":[26.3336,200.75,-11.8365],"timeVisible":0.105304,"tipPosition":[28.7261,200.56,-9.78095],"tipVelocity":[-31.8955,370.454,52.7755],"tool":false,"touchDistance":0.333333,"touchZone":"none","type":3,"width":19.1539},{"bases":[[[-0.357235,-0.933898,0.0147831],[0.933648,-0.357493,-0.0223679],[0.0261742,0.0058116,0.999641]],[[-0.357108,-0.924146,-0.135749],[0.328067,0.0119785,-0.944578],[0.874555,-0.381851,0.298905]],[[-0.357108,-0.924146,-0.135749],[-0.845962,0.381606,-0.372458],[0.396008,-0.0181693,-0.918067]],[[-0.357108,-0.924146,-0.135749],[-0.905231,0.30658,0.294219],[-0.230284,0.227952,-0.946048]]],"btipPosition":[31.2297,186.585,-15.284],"carpPosition":[67.8584,176.866,17.9394],"dipPosition":[27.2111,190.563,-31.7934],"direction":[-0.396008,0.0181693,0.918067],"extended":false,"handId":156,"id":1564,"length":51.1381,"mcpPosition":[66.3604,176.534,-39.2724],"pipPosition":[35.0527,190.204,-49.9727],"stabilizedTipPosition":[30.3062,186.955,-19.1435],"timeVisible":0.105304,"tipPosition":[31.7765,186.822,-16.9694],"tipVelocity":[2.68997,376.184,47.0396],"tool":false,"touchDistance":0.333333,"touchZone":"none","type":4,"width":17.014}],"r":[[0.998709,-0.0437626,-0.0257722],[0.0443593,0.99875,0.0230539],[0.0247311,-0.0241674,0.999402]],"s":0.90456,"t":[-6.28368,37.6164,4.00048],"timestamp":258106417025},{"currentFrameRate":33.4945,"devices":[],"gestures":[],"hands":[{"armBasis":[[-0.098895,-0.877795,-0.468716],[0.895427,0.126973,-0.426718],[0.434085,-0.461902,0.773445]],"armWidth":66.1053,"confidence":0.553496,"direction":[0.0913424,0.260663,-0.961099],"elbow":[183.811,62.6567,255.844],"grabAngle":3.14159,"grabStrength":1,"id":156,"palmNormal":[-0.995739,0.0116045,-0.0914873],"palmPosition":[64.8306,215.022,-19.2904],"palmVelocity":[-46.2135,358.95,32.4593],"palmWidth":89.8088,"pinchDistance":27.8017,"pinchStrength":0.542344,"r":[[0.998722,-0.0413229,-0.0291085],[0.0421609,0.998696,0.0287893],[0.0278809,-0.0299797,0.999162]],"s":0.896553,"sphereCenter":[23.8947,217.219,-38.1791],"sphereRadius":39.0763,"stabilizedPalmPosition":[64.8984,214.495,-19.3371],"t":[-7.19781,44.2267,4.57373],"timeVisible":0.118338,"type":"right","wrist":[68.129,185.751,49.7253]}],"id":109074,"interactionBox":{"center":[0,200,0],"size":[235.247,235.247,147.751]},"pointables":[{"bases":[[[0.913548,-0.347974,-0.210583],[0.399444,0.669999,0.625736],[-0.0766498,-0.655756,0.751072]],[[0.887646,-0.112018,-0.446695],[0.403491,0.656727,0.637106],[0.221989,-0.745762,0.62814]],[[0.887646,-0.112018,-0.446695],[0.279219,0.902256,0.328589],[0.366226,-0.416396,0.832162]],[[0.887646,-0.112018,-0.446695],[0.130285,0.991423,0.0102749],[0.441713,-0.0673181,0.894627]]],"btipPosition":[18.9781,272.935,-40.9027],"carpPosition":[53.0233,220.223,39.9685],"dipPosition":[29.4442,271.34,-19.7051],"direction":[-0.366226,0.416396,-0.832162],"extended":false,"handId":156,"id":1560,"length":52.7637,"mcpPosition":[53.0233,220.223,39.9685],"pipPosition":[42.086,256.966,9.02036],"stabilizedTipPosition":[21.67,271.823,-35.9303],"timeVisible":0.118338,"tipPosition":[20.2466,273.15,-34.2657],"tipVelocity":[-80.8181,235.107,-50.7216],"tool":false,"touchDistance":0.726505,"touchZone":"hovering","type":0,"width":21.4563},{"bases":[[[0.0278506,-0.90789,-0.418283],[0.997763,0.0506857,-0.0435799],[0.0607667,-0.416134,0.907271]],[[0.0322909,-0.936312,-0.34968],[0.298585,0.342923,-0.890646],[0.953837,-0.0756496,0.290642]],[[0.0322909,-0.936312,-0.34968],[-0.940979,0.0894577,-0.326428],[0.33692,0.339583,-0.878162]],[[0.0322909,-0.936312,-0.34968],[-0.953743,-0.133489,0.269361],[-0.298884,0.324807,-0.897312]]],"btipPosition":[24.3311,234.647,-12.0033],"carpPosition":[73.3063,215.067,29.5088],"dipPosition":[19.161,240.265,-27.5248],"direction":[-0.33692,-0.339583,0.878162],"extended":false,"handId":156,"id":1561,"length":59.538,"mcpPosition":[68.8938,245.284,-36.3722],"pipPosition":[27.4057,248.575,-49.014],"stabilizedTipPosition":[23.4054,235.151,-15.575],"timeVisible":0.118338,"tipPosition":[25.3942,234.961,-15.0152],"tipVelocity":[-116.987,350.622,-6.53833],"tool":false,"touchDistance":0.333333,"touchZone":"none","type":1,"width":20.495},{"bases":[[[-0.134701,-0.951013,-0.278263],[0.9892,-0.112682,-0.0937386],[0.0577915,-0.287884,0.95592]],[[-0.133306,-0.957515,-0.255724],[0.239933,0.219171,-0.945725],[0.961593,-0.187427,0.200523]],[[-0.133306,-0.957515,-0.255724],[-0.958673,0.190019,-0.211752],[0.251348,0.216928,-0.943274]],[[-0.133306,-0.957515,-0.255724],[-0.906073,0.0131958,0.422915],[-0.401573,0.288081,-0.869338]]],"btipPosition":[24.7816,221.723,-8.03693],"carpPosition":[75.2822,204.479,23.8792],"dipPosition":[17.1415,227.204,-24.5764],"direction":[-0.251348,-0.216928,0.943274],"extended":false,"handId":156,"id":1562,"length":67.8387,"mcpPosition":[71.3026,224.303,-41.9476],"pipPosition":[24.3777,233.449,-51.7329],"stabilizedTipPosition":[23.1068,222.439,-11.8847],"timeVisible":0.118338,"tipPosition":[25.1832,222.328,-10.6822],"tipVelocity":[-51.1838,350.73,25.1266],"tool":false,"touchDistance":0.333333,"touchZone":"none","type":2,"width":20.1288},{"bases":[[[-0.198912,-0.971793,-0.126695],[0.978386,-0.189459,-0.0828593],[0.0565186,-0.140438,0.988475]],[[-0.201943,-0.961623,-0.18574],[0.255487,0.131357,-0.957847],[0.945487,-0.240885,0.219156]],[[-0.201943,-0.961623,-0.18574],[-0.939176,0.243926,-0.24176],[0.277789,0.12562,-0.952393]],[[-0.201943,-0.961623,-0.18574],[-0.906301,0.11159,0.407634],[-0.371264,0.250655,-0.894055]]],"btipPosition":[27.4581,204.451,-7.74044],"carpPosition":[74.4892,193.137,19.6643],"dipPosition":[20.4353,209.193,-24.6525],"direction":[-0.277789,-0.12562,0.952393],"extended":false,"handId":156,"id":1563,"length":65.2287,"mcpPosition":[70.9948,201.82,-41.4499],"pipPosition":[28.2262,212.716,-51.3634],"stabilizedTipPosition":[25.8897,205.085,-11.6499],"timeVisible":0.118338,"tipPosition":[28.0439,204.893,-9.89502],"tipVelocity":[-33.9768,324.634,10.3282],"tool":false,"touchDistance":0.333333,"touchZone":"none","type":3,"width":19.1539},{"bases":[[[-0.349939,-0.936764,0.00400601],[0.936661,-0.34996,-0.0138991],[0.0144221,-0.00111156,0.999895]],[[-0.348151,-0.926026,-0.145835],[0.334323,0.0226868,-0.942186],[0.875797,-0.376778,0.301693]],[[-0.348151,-0.926026,-0.145835],[-0.848946,0.377428,-0.369918],[0.397596,-0.00498167,-0.917547]],[[-0.348151,-0.926026,-0.145835],[-0.909215,0.295672,0.293099],[-0.228298,0.234637,-0.944894]]],"btipPosition":[31.0148,190.853,-15.2164],"carpPosition":[67.0814,181.298,18.1519],"dipPosition":[27.0308,194.948,-31.7057],"direction":[-0.397596,0.00498167,0.917547],"extended":false,"handId":156,"id":1564,"length":51.1381,"mcpPosition":[66.256,181.361,-39.0746],"pipPosition":[34.9039,194.849,-49.8747],"stabilizedTipPosition":[30.1177,191.348,-19.0214],"timeVisible":0.118338,"tipPosition":[31.3061,191.23,-17.1489],"tipVelocity":[-15.8771,329.499,5.54102],"tool":false,"touchDistance":0.333333,"touchZone":"none","type":4,"width":17.014}],"r":[[0.998722,-0.0413229,-0.0291085],[0.0421609,0.998696,0.0287893],[0.0278809,-0.0299797,0.999162]],"s":0.896553,"t":[-7.19781,44.2267,4.57373],"timestamp":258106430059},{"currentFrameRate":36.3905,"devices":[],"gestures":[],"hands":[{"armBasis":[[-0.0945302,-0.868238,-0.487059],[0.896427,0.138557,-0.420975],[0.432992,-0.476408,0.765215]],"armWidth":66.1053,"confidence":0.595992,"direction":[0.0777125,0.264875,-0.961146],"elbow":[183.394,61.4145,253.887],"grabAngle":3.14159,"grabStrength":1,"id":156,"palmNormal":[-0.996657,-0.00373482,-0.0816129],"palmPosition":[63.7452,217.997,-18.8793],"palmVelocity":[-90.0384,246.785,34.1037],"palmWidth":89.8088,"pinchDistance":27.7387,"pinchStrength":0.541419,"r":[[0.998774,-0.036207,-0.0337641],[0.0373517,0.998727,0.0339148],[0.0324931,-0.0351344,0.998854]],"s":0.891824,"sphereCenter":[22.6599,219.687,-37.2994],"sphereRadius":39.0246,"stabilizedPalmPosition":[63.86,217.648,-18.9249],"t":[-8.19754,49.0192,5.06589],"timeVisible":0.130392,"type":"right","wrist":[68.0039,188.375,49.9616]}],"id":109075,"interactionBox":{"center":[0,200,0],"size":[235.247,235.247,147.751]},"pointables":[{"bases":[[[0.916744,-0.332996,-0.220666],[0.395104,0.674342,0.623823],[-0.0589262,-0.659072,0.749767]],[[0.886513,-0.101883,-0.451347],[0.398499,0.663841,0.632862],[0.235144,-0.740902,0.629104]],[[0.886513,-0.101883,-0.451347],[0.272182,0.903663,0.330621],[0.374181,-0.415948,0.82884]],[[0.886513,-0.101883,-0.451347],[0.12149,0.992485,0.01459],[0.446469,-0.0677685,0.892229]]],"btipPosition":[17.366,275.306,-40.2382],"carpPosition":[52.4466,222.838,40.5091],"dipPosition":[27.9448,273.701,-19.0974],"direction":[-0.374181,0.415948,-0.82884],"extended":true,"handId":156,"id":1560,"length":52.7637,"mcpPosition":[52.4466,222.838,40.5091],"pipPosition":[40.8612,259.342,9.51339],"stabilizedTipPosition