{"frames":289,"data":[{"currentFrameRate":23.7695,"devices":[],"gestures":[],"hands":[],"id":110315,"interactionBox":{"center":[0,200,0],"size":[235.247,235.247,147.751]},"pointables":[],"r":[[-0.962136,-0.269906,0.0380192],[0.215739,-0.839331,-0.498979],[0.166588,-0.471883,0.86578]],"s":0.686793,"t":[505.899,-233.461,348.339],"timestamp":258140443288},{"currentFrameRate":23.7534,"devices":[],"gestures":[],"hands":[],"id":110316,"interactionBox":{"center":[0,200,0],"size":[235.247,235.247,147.751]},"pointables":[],"r":[[-0.962136,-0.269906,0.0380192],[0.215739,-0.839331,-0.498979],[0.166588,-0.471883,0.86578]],"s":0.686793,"t":[505.899,-233.461,348.339],"timestamp":258140485509},{"currentFrameRate":23.7812,"devices":[],"gestures":[],"hands":[],"id":110317,"interactionBox":{"center":[0,200,0],"size":[235.247,235.247,147.751]},"pointables":[],"r":[[-0.962136,-0.269906,0.0380192],[0.215739,-0.839331,-0.498979],[0.166588,-0.471883,0.86578]],"s":0.686793,"t":[505.899,-233.461,348.339],"timestamp":258140527349},{"currentFrameRate":23.7836,"devices":[],"gestures":[],"hands":[],"id":110318,"interactionBox":{"center":[0,200,0],"size":[235.247,235.247,147.751]},"pointables":[],"r":[[-0.962136,-0.269906,0.0380192],[0.215739,-0.839331,-0.498979],[0.166588,-0.471883,0.86578]],"s":0.686793,"t":[505.899,-233.461,348.339],"timestamp":258140569376},{"currentFrameRate":23.7773,"devices":[],"gestures":[],"hands":[],"id":110319,"interactionBox":{"center":[0,200,0],"size":[235.247,235.247,147.751]},"pointables":[],"r":[[-0.962136,-0.269906,0.0380192],[0.215739,-0.839331,-0.498979],[0.166588,-0.471883,0.86578]],"s":0.686793,"t":[505.899,-233.461,348.339],"timestamp":258140611481},{"currentFrameRate":23.7697,"devices":[],"gestures":[],"hands":[],"id":110320,"interactionBox":{"center":[0,200,0],"size":[235.247,235.247,147.751]},"pointables":[],"r":[[-0.962136,-0.269906,0.0380192],[0.215739,-0.839331,-0.498979],[0.166588,-0.471883,0.86578]],"s":0.686793,"t":[505.899,-233.461,348.339],"timestamp":258140653609},{"currentFrameRate":23.7651,"devices":[],"gestures":[],"hands":[],"id":110321,"interactionBox":{"center":[0,200,0],"size":[235.247,235.247,147.751]},"pointables":[],"r":[[-0.962136,-0.269906,0.0380192],[0.215739,-0.839331,-0.498979],[0.166588,-0.471883,0.86578]],"s":0.686793,"t":[505.899,-233.461,348.339],"timestamp":258140695722},{"currentFrameRate":23.7336,"devices":[],"gestures":[],"hands":[],"id":110322,"interactionBox":{"center":[0,200,0],"size":[235.247,235.247,147.751]},"pointables":[],"r":[[-0.962136,-0.269906,0.0380192],[0.215739,-0.839331,-0.498979],[0.166588,-0.471883,0.86578]],"s":0.686793,"t":[505.899,-233.461,348.339],"timestamp":258140738095},{"currentFrameRate":23.7791,"devices":[],"gestures":[],"hands":[],"id":110323,"interactionBox":{"center":[0,200,0],"size":[235.247,235.247,147.751]},"pointables":[],"r":[[-0.962136,-0.269906,0.0380192],[0.215739,-0.839331,-0.498979],[0.166588,-0.471883,0.86578]],"s":0.686793,"t":[505.899,-233.461,348.339],"timestamp":258140779804},{"currentFrameRate":23.7733,"devices":[],"gestures":[],"hands":[{"armBasis":[[-0.0882927,-0.897148,-0.432816],[0.9347,0.0755674,-0.347312],[0.344297,-0.435218,0.831892]],"armWidth":63.4171,"confidence":0,"direction":[0.0260614,0.256444,-0.966208],"elbow":[168.738,31.8619,269.419],"grabAngle":3.14159,"grabStrength":1,"id":158,"palmNormal":[-0.99951,0.0234586,-0.0207334],"palmPosition":[69.9507,177.641,-23.9871],"palmVelocity":[1.19209e-7,1.19209e-7,1.19209e-7],"palmWidth":90.5575,"pinchDistance":27.9312,"pinchStrength":0.736521,"r":[[1,1.04083e-18,-1.38778e-18],[-1.04083e-18,1,2.88889e-36],[1.38778e-18,-1.44445e-36,1]],"s":1,"sphereCenter":[26.9122,179.224,-41.1994],"sphereRadius":39.9029,"stabilizedPalmPosition":[69.9507,177.641,-23.9871],"t":[0,0,0],"timeVisible":0,"type":"right","wrist":[76.2194,148.812,45.8759]}],"id":110324,"interactionBox":{"center":[0,200,0],"size":[235.247,235.247,147.751]},"pointables":[{"bases":[[[0.892093,-0.359768,-0.273382],[0.450786,0.66708,0.593124],[-0.0310195,-0.652359,0.757275]],[[0.853277,-0.126902,-0.505781],[0.451472,0.665152,0.594765],[0.260944,-0.735845,0.624852]],[[0.853277,-0.126902,-0.505781],[0.317194,0.89617,0.310269],[0.413892,-0.425177,0.804934]],[[0.853277,-0.126902,-0.505781],[0.167982,0.985124,0.0362225],[0.493661,-0.11587,0.861901]]],"btipPosition":[23.8687,236.905,-41.9952],"carpPosition":[62.3759,183.221,36.4376],"dipPosition":[35.3673,234.206,-21.9195],"direction":[-0.413892,0.425177,-0.804934],"extended":true,"handId":158,"id":1580,"length":51.8686,"mcpPosition":[62.3759,183.221,36.4376],"pipPosition":[49.4121,219.778,5.39472],"stabilizedTipPosition":[26.5134,236.284,-37.3778],"timeVisible":0,"tipPosition":[26.5134,236.284,-37.3778],"tipVelocity":[1.19209e-7,1.19209e-7,1.19209e-7],"tool":false,"touchDistance":0.972666,"touchZone":"hovering","type":0,"width":20.1537},{"bases":[[[-0.0127268,-0.909499,-0.41551],[0.992695,0.0383686,-0.11439],[0.11998,-0.413931,0.902367]],[[-0.00403588,-0.936998,-0.349312],[0.460053,0.308413,-0.832606],[0.887882,-0.164062,0.429824]],[[-0.00403588,-0.936998,-0.349312],[-0.88055,0.168884,-0.442843],[0.473936,0.3058,-0.825755]],[[-0.00403588,-0.936998,-0.349312],[-0.986796,-0.0528285,0.153109],[-0.161916,0.345318,-0.924413]]],"btipPosition":[26.5684,201.835,-24.3777],"carpPosition":[81.965,177.74,24.4889],"dipPosition":[23.8151,207.706,-40.0968],"direction":[-0.473936,-0.3058,0.825755],"extended":false,"handId":158,"id":1581,"length":58.528,"mcpPosition":[73.1801,208.048,-41.5823],"pipPosition":[35.2159,215.063,-59.9608],"stabilizedTipPosition":[25.9351,203.185,-27.9931],"timeVisible":0,"tipPosition":[25.9351,203.185,-27.9931],"tipVelocity":[1.19209e-7,1.19209e-7,1.19209e-7],"tool":false,"touchDistance":0.333333,"touchZone":"none","type":1,"width":19.2509},{"bases":[[[-0.165443,-0.950187,-0.264148],[0.978645,-0.125043,-0.163151],[0.121994,-0.285499,0.950583]],[[-0.160265,-0.961164,-0.224675],[0.246981,0.181329,-0.951903],[0.955675,-0.208047,0.208329]],[[-0.160265,-0.961164,-0.224675],[-0.955478,0.208192,-0.209087],[0.247742,0.181163,-0.951737]],[[-0.160265,-0.961164,-0.224675],[-0.907688,0.0540721,0.416148],[-0.387838,0.270629,-0.881103]]],"btipPosition":[29.3486,186.637,-13.8556],"carpPosition":[83.4222,167.021,18.7289],"dipPosition":[22.095,191.699,-30.3346],"direction":[-0.247742,-0.181163,0.951737],"extended":false,"handId":158,"id":1582,"length":66.6879,"mcpPosition":[74.9514,186.846,-47.2761],"pipPosition":[29.1064,196.826,-57.27],"stabilizedTipPosition":[27.6803,187.801,-17.6458],"timeVisible":0,"tipPosition":[27.6803,187.801,-17.6458],"tipVelocity":[1.19209e-7,1.19209e-7,1.19209e-7],"tool":false,"touchDistance":0.333333,"touchZone":"none","type":2,"width":18.9069},{"bases":[[[-0.218988,-0.969696,-0.108327],[0.967714,-0.201647,-0.15122],[0.124794,-0.137945,0.982547]],[[-0.224404,-0.96247,-0.152624],[0.234461,0.0986928,-0.967103],[0.945871,-0.252806,0.203514]],[[-0.224404,-0.96247,-0.152624],[-0.941862,0.254404,-0.219487],[0.250078,0.0944966,-0.963603]],[[-0.224404,-0.96247,-0.152624],[-0.886006,0.136297,0.443189],[-0.405754,0.234679,-0.88334]]],"btipPosition":[32.9968,168.454,-12.7184],"carpPosition":[82.1867,155.582,14.5928],"dipPosition":[25.4518,172.818,-29.1443],"direction":[-0.250078,-0.0944966,0.963603],"extended":false,"handId":158,"id":1583,"length":64.1222,"mcpPosition":[74.4067,164.182,-46.6614],"pipPosition":[32.3465,175.423,-55.7111],"stabilizedTipPosition":[31.2615,169.458,-16.4964],"timeVisible":0,"tipPosition":[31.2615,169.458,-16.4964],"tipVelocity":[1.19209e-7,1.19209e-7,1.19209e-7],"tool":false,"touchDistance":0.333333,"touchZone":"none","type":3,"width":17.9911},{"bases":[[[-0.359936,-0.932407,0.0326055],[0.929071,-0.361405,-0.0788244],[0.0852802,0.00192102,0.996355]],[[-0.368767,-0.921623,-0.120925],[0.297345,0.00629567,-0.954749],[0.88068,-0.388037,0.271719]],[[-0.368767,-0.921623,-0.120925],[-0.850208,0.387018,-0.35688],[0.375709,-0.028794,-0.92629]],[[-0.368767,-0.921623,-0.120925],[-0.88509,0.308415,0.348562],[-0.283947,0.235568,-0.929452]]],"btipPosition":[36.1297,153.795,-19.4362],"carpPosition":[74.4857,143.731,13.6495],"dipPosition":[31.2586,157.836,-35.3808],"direction":[-0.375709,0.028794,0.92629],"extended":false,"handId":158,"id":1584,"length":50.2706,"mcpPosition":[69.5643,143.62,-43.8498],"pipPosition":[38.5721,157.276,-53.4118],"stabilizedTipPosition":[35.0094,154.725,-23.1035],"timeVisible":0,"tipPosition":[35.0094,154.725,-23.1035],"tipVelocity":[1.19209e-7,1.19209e-7,1.19209e-7],"tool":false,"touchDistance":0.333333,"touchZone":"none","type":4,"width":15.9811}],"r":[[1,1.04083e-18,-1.38778e-18],[-1.04083e-18,1,2.88889e-36],[1.38778e-18,-1.44445e-36,1]],"s":1,"t":[0,0,0],"timestamp":258140821912},{"currentFrameRate":23.7777,"devices":[],"gestures":[],"hands":[{"armBasis":[[-0.117615,-0.866988,-0.48425],[0.902011,0.110701,-0.417278],[0.415383,-0.485877,0.769013]],"armWidth":67.2423,"confidence":0.217831,"direction":[0.034615,0.270172,-0.962189],"elbow":[183.808,30.7449,254.173],"grabAngle":3.14159,"grabStrength":1,"id":158,"palmNormal":[-0.999376,0.0161176,-0.0314271],"palmPosition":[65.5565,191.635,-21.5794],"palmVelocity":[-104.566,333.009,57.2956],"palmWidth":90.5575,"pinchDistance":19.5134,"pinchStrength":0.782081,"r":[[0.999996,0.00152656,0.00220596],[-0.00153272,0.999995,0.00279051],[-0.00220169,-0.00279389,0.999994]],"s":0.97109,"sphereCenter":[27.1031,194.586,-38.1229],"sphereRadius":36.7872,"stabilizedPalmPosition":[66.7833,187.728,-22.2516],"t":[-2.19709,6.99701,1.20387],"timeVisible":0.042023,"type":"right","wrist":[72.1873,161.308,47.5266]}],"id":110325,"interactionBox":{"center":[0,200,0],"size":[235.247,235.247,147.751]},"pointables":[{"bases":[[[0.8978,-0.349075,-0.268519],[0.439074,0.66211,0.60731],[-0.034208,-0.663142,0.747712]],[[0.858468,-0.109769,-0.500982],[0.437341,0.666917,0.603287],[0.267891,-0.737003,0.620533]],[[0.858468,-0.109769,-0.500982],[0.232099,0.954225,0.188639],[0.457343,-0.278217,0.844649]],[[0.858468,-0.109769,-0.500982],[0.0278808,0.985371,-0.168127],[0.512108,0.130364,0.84897]]],"btipPosition":[17.4809,239.104,-38.7436],"carpPosition":[57.279,196.309,38.83],"dipPosition":[28.9927,242.035,-19.6595],"direction":[-0.457343,0.278217,-0.844649],"extended":false,"handId":158,"id":1580,"length":50.0577,"mcpPosition":[57.279,196.309,38.83],"pipPosition":[43.9701,232.923,8.00175],"stabilizedTipPosition":[25.1527,237.029,-36.7334],"timeVisible":0.042023,"tipPosition":[21.0106,245.198,-34.498],"tipVelocity":[-151.935,83.139,71.951],"tool":false,"touchDistance":0.954087,"touchZone":"hovering","type":0,"width":21.903},{"bases":[[[-0.00110595,-0.903648,-0.428274],[0.993556,0.0475463,-0.102887],[0.113337,-0.425628,0.897772]],[[0.0106823,-0.942999,-0.332623],[0.233875,0.325772,-0.916065],[0.972208,-0.0680066,0.224024]],[[0.0106823,-0.942999,-0.332623],[-0.958317,0.0853231,-0.272671],[0.285509,0.321671,-0.90278]],[[0.0106823,-0.942999,-0.332623],[-0.932996,-0.129067,0.335946],[-0.359728,0.306748,-0.881193]]],"btipPosition":[27.8977,212.614,-12.5367],"carpPosition":[77.0396,191.145,27.0229],"dipPosition":[21.9944,217.648,-26.9977],"direction":[-0.285509,-0.321671,0.90278],"extended":false,"handId":158,"id":1581,"length":56.4845,"mcpPosition":[68.7411,222.309,-38.7119],"pipPosition":[28.6226,225.116,-47.9563],"stabilizedTipPosition":[26.0573,205.324,-25.5426],"timeVisible":0.042023,"tipPosition":[23.9999,215.313,-20.7212],"tipVelocity":[14.3925,251.926,288.66],"tool":false,"touchDistance":0.333333,"touchZone":"none","type":1,"width":20.9218},{"bases":[[[-0.155144,-0.94762,-0.279188],[0.981313,-0.115267,-0.154075],[0.113824,-0.297874,0.947795]],[[-0.149071,-0.961715,-0.22996],[0.177294,0.202795,-0.963037],[0.972803,-0.184331,0.140276]],[[-0.149071,-0.961715,-0.22996],[-0.971933,0.185311,-0.144934],[0.182,0.2019,-0.962347]],[[-0.149071,-0.961715,-0.22996],[-0.870657,0.017412,0.491582],[-0.468758,0.273497,-0.83992]]],"btipPosition":[29.1922,199.286,-9.73041],"carpPosition":[78.643,180.52,21.1303],"dipPosition":[20.7312,204.223,-24.8907],"direction":[-0.182,-0.2019,0.962347],"extended":false,"handId":158,"id":1582,"length":64.3595,"mcpPosition":[70.7395,201.203,-44.6811],"pipPosition":[25.7022,209.737,-51.1754],"stabilizedTipPosition":[27.4426,194.711,-15.2212],"timeVisible":0.042023,"tipPosition":[24.2354,201.126,-14.9383],"tipVelocity":[-10.3306,300.319,105.383],"tool":false,"touchDistance":0.333333,"touchZone":"none","type":2,"width":20.548},{"bases":[[[-0.210234,-0.969723,-0.124254],[0.970849,-0.192112,-0.143336],[0.115126,-0.150766,0.981843]],[[-0.215266,-0.961838,-0.168901],[0.186435,0.129297,-0.973922],[0.958594,-0.241141,0.151487]],[[-0.215266,-0.961838,-0.168901],[-0.951598,0.245455,-0.184969],[0.219368,0.120908,-0.968121]],[[-0.215266,-0.961838,-0.168901],[-0.879591,0.115833,0.461414],[-0.424241,0.24789,-0.870959]]],"btipPosition":[31.0034,181.213,-9.50006],"carpPosition":[77.5418,169.131,16.8216],"dipPosition":[23.39,185.661,-25.1302],"direction":[-0.219368,-0.120908,0.968121],"extended":false,"handId":158,"id":1583,"length":61.8834,"mcpPosition":[70.3646,178.53,-44.3887],"pipPosition":[29.2268,188.878,-50.8897],"stabilizedTipPosition":[30.0664,177.058,-14.4732],"timeVisible":0.042023,"tipPosition":[27.274,182.909,-14.3611],"tipVelocity":[-47.8113,304.069,80.9402],"tool":false,"touchDistance":0.333333,"touchZone":"none","type":3,"width":19.5527},{"bases":[[[-0.353,-0.935493,0.0156214],[0.932663,-0.353161,-0.073607],[0.0743757,-0.0114138,0.997165]],[[-0.360119,-0.923511,-0.132067],[0.26253,0.0355232,-0.96427],[0.895205,-0.381923,0.229657]],[[-0.360119,-0.923511,-0.132067],[-0.86727,0.383571,-0.317358],[0.343741,0.000251241,-0.939065]],[[-0.360119,-0.923511,-0.132067],[-0.88737,0.295403,0.353993],[-0.287904,0.244672,-0.925876]]],"btipPosition":[33.5575,166.81,-16.7474],"carpPosition":[69.9441,157.236,15.6282],"dipPosition":[28.791,170.861,-32.0761],"direction":[-0.343741,-0.000251241,0.939065],"extended":false,"handId":158,"id":1584,"length":48.5155,"mcpPosition":[65.6519,157.894,-41.9178],"pipPosition":[35.2486,170.865,-49.7175],"stabilizedTipPosition":[33.4081,162.904,-21.3248],"timeVisible":0.042023,"tipPosition":[31.006,168.351,-21.2535],"tipVelocity":[-60.6371,309.763,67.3561],"tool":false,"touchDistance":0.333333,"touchZone":"none","type":4,"width":17.3682}],"r":[[0.999996,0.00152656,0.00220596],[-0.00153272,0.999995,0.00279051],[-0.00220169,-0.00279389,0.999994]],"s":0.97109,"t":[-2.19709,6.99701,1.20387],"timestamp":258140863935},{"currentFrameRate":24.7797,"devices":[],"gestures":[],"hands":[{"armBasis":[[-0.0978962,-0.857152,-0.505674],[0.887275,0.154955,-0.434433],[0.450732,-0.491201,0.74536]],"armWidth":67.2423,"confidence":0.375497,"direction":[0.00711205,0.272348,-0.962172],"elbow":[193.029,39.615,248.926],"grabAngle":3.14159,"grabStrength":1,"id":158,"palmNormal":[-0.999369,-0.0315448,-0.0163159],"palmPosition":[62.7701,201.945,-20.1769],"palmVelocity":[-84.6403,313.173,42.6002],"palmWidth":90.5575,"pinchDistance":22.9435,"pinchStrength":0.667636,"r":[[0.999924,0.0122844,0.000956096],[-0.0122893,0.99991,0.00534257],[-0.00089038,-0.00535391,0.999985]],"s":0.958969,"sphereCenter":[24.2309,204.147,-35.8316],"sphereRadius":36.958,"stabilizedPalmPosition":[63.2169,200.362,-20.4079],"t":[-4.68885,15.6505,2.50702],"timeVisible":0.074944,"type":"right","wrist":[71.9095,171.609,48.6353]}],"id":110326,"interactionBox":{"center":[0,200,0],"size":[235.247,235.247,147.751]},"pointables":[{"bases":[[[0.909252,-0.30562,-0.28259],[0.416153,0.681775,0.601664],[0.0087828,-0.664665,0.74709]],[[0.864993,-0.0928055,-0.493128],[0.416619,0.680567,0.602708],[0.279672,-0.726784,0.62735]],[[0.864993,-0.0928055,-0.493128],[0.240095,0.939496,0.244338],[0.440616,-0.329748,0.83494]],[[0.864993,-0.0928055,-0.493128],[0.0468064,0.993386,-0.10485],[0.499597,0.0676131,0.863615]]],"btipPosition":[15.6409,251.552,-37.5656],"carpPosition":[55.1952,206.166,40.3579],"dipPosition":[26.8714,253.072,-18.1523],"direction":[-0.440616,0.329748,-0.83494],"extended":false,"handId":158,"id":1580,"length":50.0577,"mcpPosition":[55.1952,206.166,40.3579],"pipPosition":[41.301,242.273,9.19089],"stabilizedTipPosition":[20.0806,247.916,-34.0741],"timeVisible":0.074944,"tipPosition":[16.2974,252.926,-32.5544],"tipVelocity":[-57.8559,368.263,38.08],"tool":false,"touchDistance":0.910816,"touchZone":"hovering","type":0,"width":21.903},{"bases":[[[0.0354953,-0.902301,-0.429642],[0.988486,0.0949748,-0.117794],[0.147091,-0.420514,0.895283]],[[0.0574039,-0.955662,-0.288816],[0.14396,0.294193,-0.944842],[0.987917,0.0126596,0.154465]],[[0.0574039,-0.955662,-0.288816],[-0.97228,0.0121665,-0.233504],[0.226665,0.294214,-0.928472]],[[0.0574039,-0.955662,-0.288816],[-0.905935,-0.171424,0.387164],[-0.419508,0.239424,-0.875608]]],"btipPosition":[25.084,221.469,-7.75656],"carpPosition":[74.9984,201.961,28.2457],"dipPosition":[18.1996,225.398,-22.1259],"direction":[-0.226665,-0.294214,0.928472],"extended":false,"handId":158,"id":1581,"length":56.4845,"mcpPosition":[64.2284,232.751,-37.3069],"pipPosition":[23.4617,232.229,-43.6809],"stabilizedTipPosition":[25.1056,211.67,-20.152],"timeVisible":0.074944,"tipPosition":[20.7165,223.403,-17.3694],"tipVelocity":[-92.3239,261.268,145.842],"tool":false,"touchDistance":0.333333,"touchZone":"none","type":1,"width":20.9218},{"bases":[[[-0.113995,-0.9537,-0.278318],[0.983246,-0.0681926,-0.16905],[0.142244,-0.292925,0.945495]],[[-0.10526,-0.969549,-0.221121],[0.127817,0.207321,-0.969887],[0.986196,-0.130353,0.102102]],[[-0.10526,-0.969549,-0.221121],[-0.981577,0.136951,-0.133231],[0.159457,0.203023,-0.966103]],[[-0.10526,-0.969549,-0.221121],[-0.861942,-0.0219448,0.506532],[-0.49596,0.243911,-0.833385]]],"btipPosition":[26.0796,207.857,-6.63641],"carpPosition":[77.0172,191.43,22.3127],"dipPosition":[17.1277,212.259,-21.6788],"direction":[-0.159457,-0.203023,0.966103],"extended":false,"handId":158,"id":1582,"length":64.3595,"mcpPosition":[67.1403,211.77,-43.3391],"pipPosition":[21.4829,217.805,-48.066],"stabilizedTipPosition":[25.0766,204.5,-11.6777],"timeVisible":0.074944,"tipPosition":[21.3574,209.407,-12.6944],"tipVelocity":[-97.9769,256.609,94.8065],"tool":false,"touchDistance":0.333333,"touchZone":"none","type":2,"width":20.548},{"bases":[[[-0.165615,-0.97854,-0.122606],[0.976622,-0.145459,-0.158276],[0.137045,-0.145952,0.979753]],[[-0.165895,-0.978238,-0.124613],[0.14209,0.101333,-0.984653],[0.975853,-0.181055,0.122187]],[[-0.165895,-0.978238,-0.124613],[-0.966407,0.186426,-0.176927],[0.196307,0.0910752,-0.976304]],[[-0.165895,-0.978238,-0.124613],[-0.87772,0.088868,0.470862],[-0.449541,0.187489,-0.873362]]],"btipPosition":[28.8172,191.086,-6.67013],"carpPosition":[76.3951,180.005,18.003],"dipPosition":[20.7497,194.45,-22.3434],"direction":[-0.196307,-0.0910752,0.976304],"extended":false,"handId":158,"id":1583,"length":61.8834,"mcpPosition":[67.8514,189.104,-43.077],"pipPosition":[25.973,196.874,-48.3206],"stabilizedTipPosition":[27.6696,188.485,-11.2322],"timeVisible":0.074944,"tipPosition":[25.2251,191.437,-12.2124],"tipVelocity":[-69.5795,292.331,85.6601],"tool":false,"touchDistance":0.333333,"touchZone":"none","type":3,"width":19.5527},{"bases":[[[-0.307715,-0.95128,0.0194626],[0.947219,-0.308206,-0.088234],[0.0899337,-0.00871554,0.99591]],[[-0.315014,-0.945902,-0.0776863],[0.217519,0.00771975,-0.976026],[0.923824,-0.32436,0.20332]],[[-0.315014,-0.945902,-0.0776863],[-0.895802,0.323371,-0.30491],[0.313537,-0.0264596,-0.949207]],[[-0.315014,-0.945902,-0.0776863],[-0.892074,0.267155,0.364461],[-0.32399,0.184112,-0.927973]]],"btipPosition":[32.2645,176.73,-14.2778],"carpPosition":[69.3561,167.762,16.9055],"dipPosition":[26.9006,179.778,-29.6413],"direction":[-0.313537,0.0264596,0.949207],"extended":false,"handId":158,"id":1584,"length":48.5155,"mcpPosition":[64.1661,168.265,-40.568],"pipPosition":[32.7907,179.281,-47.4732],"stabilizedTipPosition":[31.5183,174.452,-18.5319],"timeVisible":0.074944,"tipPosition":[29.4954,177.067,-19.2562],"tipVelocity":[-43.4495,294.322,74.7715],"tool":false,"touchDistance":0.333333,"touchZone":"none","type":4,"width":17.3682}],"r":[[0.999924,0.0122844,0.000956096],[-0.0122893,0.99991,0.00534257],[-0.00089038,-0.00535391,0.999985]],"s":0.958969,"t":[-4.68885,15.6505,2.50702],"timestamp":258140896856},{"currentFrameRate":27.5691,"devices":[],"gestures":[],"hands":[{"armBasis":[[-0.0862461,-0.857487,-0.507226],[0.884776,0.168109,-0.434638],[0.457966,-0.486267,0.744185]],"armWidth":67.2423,"confidence":0.449374,"direction":[0.0120078,0.279166,-0.960168],"elbow":[194.014,45.2621,248.643],"grabAngle":3.14159,"grabStrength":1,"id":158,"palmNormal":[-0.99889,-0.0403829,-0.0242333],"palmPosition":[61.9647,206.605,-20.0014],"palmVelocity":[-47.614,275.512,10.3777],"palmWidth":90.5575,"pinchDistance":19.6527,"pinchStrength":0.692715,"r":[[0.999742,0.0226826,0.00153589],[-0.0226952,0.999704,0.00876951],[-0.00133652,-0.0088021,0.99996]],"s":0.945483,"sphereCenter":[23.5188,206.687,-36.2241],"sphereRadius":36.793,"stabilizedPalmPosition":[62.2619,205.123,-20.0979],"t":[-6.33743,22.3074,3.24636],"timeVisible":0.091859,"type":"right","wrist":[70.9505,175.93,48.6681]}],"id":110327,"interactionBox":{"center":[0,200,0],"size":[235.247,235.247,147.751]},"pointables":[{"bases":[[[0.914103,-0.295463,-0.277701],[0.405382,0.681225,0.609588],[0.0090657,-0.669801,0.742485]],[[0.870105,-0.0830483,-0.485819],[0.393779,0.709927,0.583902],[0.296404,-0.699362,0.650413]],[[0.870105,-0.0830483,-0.485819],[0.217381,0.949312,0.22705],[0.442338,-0.303165,0.844054]],[[0.870105,-0.0830483,-0.485819],[0.0211969,0.991095,-0.131459],[0.492411,0.104085,0.864117]]],"btipPosition":[13.6094,252.665,-38.8778],"carpPosition":[53.8898,210.332,40.5012],"dipPosition":[24.6783,255.005,-19.4533],"direction":[-0.442338,0.303165,-0.844054],"extended":false,"handId":158,"id":1580,"length":50.0577,"mcpPosition":[53.8898,210.332,40.5012],"pipPosition":[39.1644,245.077,8.18846],"stabilizedTipPosition":[18.2574,250.372,-34.2302],"timeVisible":0.091859,"tipPosition":[15.3321,256.456,-32.7806],"tipVelocity":[-122.301,76.9685,-77.4232],"tool":false,"touchDistance":0.833423,"touchZone":"hovering","type":0,"width":21.903},{"bases":[[[0.0469091,-0.898901,-0.435633],[0.988461,0.104655,-0.109511],[0.144031,-0.425469,0.893438]],[[0.0678952,-0.952366,-0.297304],[0.141386,0.304169,-0.942068],[0.987624,0.0219272,0.155303]],[[0.0678952,-0.952366,-0.297304],[-0.970429,0.00614686,-0.241307],[0.23164,0.304896,-0.923786]],[[0.0678952,-0.952366,-0.297304],[-0.905789,-0.183765,0.381807],[-0.418254,0.243372,-0.875119]]],"btipPosition":[24.0077,225.566,-7.50556],"carpPosition":[73.8221,206.39,28.5129],"dipPosition":[17.1439,229.56,-21.8669],"direction":[-0.23164,-0.304896,0.923786],"extended":false,"handId":158,"id":1581,"length":56.4845,"mcpPosition":[63.2761,237.543,-36.9045],"pipPosition":[22.5215,236.638,-43.3131],"stabilizedTipPosition":[24.2559,216.373,-17.186],"timeVisible":0.091859,"tipPosition":[19.748,227.644,-17.2511],"tipVelocity":[-63.3484,243.074,14.9482],"tool":false,"touchDistance":0.333333,"touchZone":"none","type":1,"width":20.9218},{"bases":[[[-0.103263,-0.952701,-0.285827],[0.985083,-0.058188,-0.161942],[0.137651,-0.298286,0.944499]],[[-0.0948235,-0.968873,-0.228677],[0.128003,0.215938,-0.96798],[0.98723,-0.121059,0.103543]],[[-0.0948235,-0.968873,-0.228677],[-0.981692,0.129127,-0.140023],[0.165193,0.211213,-0.96338]],[[-0.0948235,-0.968873,-0.228677],[-0.865251,-0.033383,0.500227],[-0.49229,0.245296,-0.835153]]],"btipPosition":[25.0915,212.04,-6.46668],"carpPosition":[75.9809,195.92,22.5224],"dipPosition":[16.2059,216.467,-21.5409],"direction":[-0.165193,-0.211213,0.96338],"extended":false,"handId":158,"id":1582,"length":64.3595,"mcpPosition":[66.423,216.632,-43.0602],"pipPosition":[20.7178,222.236,-47.8538],"stabilizedTipPosition":[23.9559,209.228,-10.7143],"timeVisible":0.091859,"tipPosition":[20.4727,213.633,-12.7402],"tipVelocity":[-57.5127,247.626,9.60059],"tool":false,"touchDistance":0.333333,"touchZone":"none","type":2,"width":20.548},{"bases":[[[-0.155845,-0.979097,-0.130694],[0.979074,-0.135585,-0.151758],[0.130866,-0.15161,0.979739]],[[-0.155148,-0.979889,-0.125483],[0.141172,0.103726,-0.984536],[0.977752,-0.170463,0.12224]],[[-0.155148,-0.979889,-0.125483],[-0.967335,0.176466,-0.181995],[0.200479,0.0931484,-0.97526]],[[-0.155148,-0.979889,-0.125483],[-0.880647,0.0796267,0.467033],[-0.447649,0.182966,-0.875291]]],"btipPosition":[28.0757,195.525,-6.53912],"carpPosition":[75.4949,184.52,18.1286],"dipPosition":[20.0422,198.808,-22.247],"direction":[-0.200479,-0.0931484,0.97526],"extended":false,"handId":158,"id":1583,"length":61.8834,"mcpPosition":[67.3364,193.972,-42.9506],"pipPosition":[25.3765,201.287,-48.1965],"stabilizedTipPosition":[26.7612,193.397,-10.5515],"timeVisible":0.091859,"tipPosition":[24.495,195.718,-12.3505],"tipVelocity":[-43.3738,261.342,7.27402],"tool":false,"touchDistance":0.333333,"touchZone":"none","type":3,"width":19.5527},{"bases":[[[-0.299267,-0.954112,0.0104619],[0.950605,-0.299078,-0.0830804],[0.0823969,-0.014918,0.996488]],[[-0.305514,-0.948813,-0.0800978],[0.21454,0.0133646,-0.976624],[0.927704,-0.315556,0.199475]],[[-0.305514,-0.948813,-0.0800978],[-0.898896,0.31514,-0.304422],[0.314081,-0.0210055,-0.949164]],[[-0.305514,-0.948813,-0.0800978],[-0.895089,0.257484,0.364031],[-0.324773,0.182911,-0.927936]]],"btipPosition":[31.7894,181.167,-14.196],"carpPosition":[68.5751,172.223,16.8916],"dipPosition":[26.4125,184.195,-29.5588],"direction":[-0.314081,0.0210055,0.949164],"extended":false,"handId":158,"id":1584,"length":48.5155,"mcpPosition":[63.82,173.083,-40.6153],"pipPosition":[32.3129,183.801,-47.39],"stabilizedTipPosition":[30.8899,179.275,-18.0096],"timeVisible":0.091859,"tipPosition":[28.9474,181.434,-19.4694],"tipVelocity":[-28.2644,262.036,4.84753],"tool":false,"touchDistance":0.333333,"touchZone":"none","type":4,"width":17.3682}],"r":[[0.999742,0.0226826,0.00153589],[-0.0226952,0.999704,0.00876951],[-0.00133652,-0.0088021,0.99996]],"s":0.945483,"t":[-6.33743,22.3074,3.24636],"timestamp":258140913771},{"currentFrameRate":30.1178,"devices":[],"gestures":[],"hands":[{"armBasis":[[-0.0741382,-0.865337,-0.495677],[0.880977,0.176086,-0.439173],[0.467314,-0.469239,0.749288]],"armWidth":67.2423,"confidence":0.517939,"direction":[0.00626227,0.281752,-0.959467],"elbow":[195.787,52.8991,250.204],"grabAngle":3.14159,"grabStrength":1,"id":158,"palmNormal":[-0.998657,-0.0475796,-0.02049],"palmPosition":[60.7096,209.597,-19.7688],"palmVelocity":[-73.7876,175.887,13.6758],"palmWidth":90.5575,"pinchDistance":15.8706,"pinchStrength":0.733604,"r":[[0.999473,0.0324502,0.00126961],[-0.0324631,0.9994,0.0120511],[-0.000877785,-0.012086,0.999927]],"s":0.928573,"sphereCenter":[22.4274,208.802,-35.7664],"sphereRadius":36.2873,"stabilizedPalmPosition":[61.0359,208.656,-19.8379],"t":[-7.78925,27.1317,3.73234],"timeVisible":0.108868,"type":"right","wrist":[70.2121,178.992,48.8581]}],"id":110328,"interactionBox":{"center":[0,200,0],"size":[235.247,235.247,147.751]},"pointables":[{"bases":[[[0.915141,-0.288085,-0.282],[0.402784,0.68256,0.609817],[0.0168032,-0.671654,0.740675]],[[0.870395,-0.0795187,-0.485891],[0.381209,0.733403,0.562849],[0.311597,-0.675127,0.668663]],[[0.870395,-0.0795187,-0.485891],[0.19402,0.962412,0.190051],[0.452514,-0.259692,0.853107]],[[0.870395,-0.0795187,-0.485891],[-0.0209324,0.980003,-0.19788],[0.491909,0.182404,0.851325]]],"btipPosition":[11.4851,251.052,-39.5205],"carpPosition":[52.8423,213.107,40.7741],"dipPosition":[22.5428,255.152,-20.3835],"direction":[-0.452514,0.259692,-0.853106],"extended":false,"handId":158,"id":1580,"length":50.0577,"mcpPosition":[52.8423,213.107,40.7741],"pipPosition":[37.3621,246.648,7.5547],"stabilizedTipPosition":[16.2141,251.156,-34.6596],"timeVisible":0.108868,"tipPosition":[13.7485,257.533,-32.885],"tipVelocity":[-125.043,-71.0454,-41.6714],"tool":false,"touchDistance":0.772783,"touchZone":"hovering","type":0,"width":21.903},{"bases":[[[0.0517456,-0.897396,-0.438182],[0.987243,0.112123,-0.113043],[0.150575,-0.426742,0.89175]],[[0.0754404,-0.954645,-0.28803],[0.12915,0.295775,-0.946487],[0.988751,0.0342043,0.145606]],[[0.0754404,-0.954645,-0.28803],[-0.970811,-0.00436475,-0.239807],[0.227673,0.297714,-0.927109]],[[0.0754404,-0.954645,-0.28803],[-0.903419,-0.1877,0.38549],[-0.42207,0.23113,-0.876605]]],"btipPosition":[22.5707,228.471,-6.6945],"carpPosition":[72.756,209.341,28.6987],"dipPosition":[15.6443,232.264,-21.0802],"direction":[-0.227673,-0.297714,0.927109],"extended":false,"handId":158,"id":1581,"length":56.4845,"mcpPosition":[61.731,240.587,-36.5951],"pipPosition":[20.9299,239.176,-42.6036],"stabilizedTipPosition":[23.0049,221.323,-14.4451],"timeVisible":0.108868,"tipPosition":[18.4241,230.294,-16.6145],"tipVelocity":[-85.3296,168.1,47.3542],"tool":false,"touchDistance":0.333333,"touchZone":"none","type":1,"width":20.9218},{"bases":[[[-0.0974511,-0.952677,-0.28794],[0.984845,-0.0506026,-0.16589],[0.143469,-0.299742,0.943171]],[[-0.0886728,-0.968937,-0.230865],[0.115283,0.220237,-0.96861],[0.989367,-0.112504,0.0921732]],[[-0.0886728,-0.968937,-0.230865],[-0.983221,0.122242,-0.135403],[0.159419,0.214985,-0.963518]],[[-0.0886728,-0.968937,-0.230865],[-0.861985,-0.0414952,0.505233],[-0.499118,0.243803,-0.831529]]],"btipPosition":[23.8563,214.652,-5.75979],"carpPosition":[74.9677,198.902,22.6723],"dipPosition":[14.8474,219.052,-20.7686],"direction":[-0.159419,-0.214985,0.963518],"extended":false,"handId":158,"id":1582,"length":64.3595,"mcpPosition":[65.0057,219.715,-42.818],"pipPosition":[19.2016,224.924,-47.0853],"stabilizedTipPosition":[22.7003,212.949,-9.84564],"timeVisible":0.108868,"tipPosition":[19.2523,216.29,-12.2615],"tipVelocity":[-74.2904,153.192,42.4442],"tool":false,"touchDistance":0.333333,"touchZone":"none","type":2,"width":20.548},{"bases":[[[-0.149239,-0.97986,-0.132676],[0.979438,-0.128067,-0.155887],[0.135756,-0.153212,0.978824]],[[-0.145967,-0.983227,-0.109354],[0.125992,0.0911616,-0.987834],[0.981234,-0.157969,0.110572]],[[-0.145967,-0.983227,-0.109354],[-0.970451,0.163779,-0.177202],[0.19214,0.0802567,-0.97808]],[[-0.145967,-0.983227,-0.109354],[-0.877615,0.0776785,0.47303],[-0.456601,0.165017,-0.874234]]],"btipPosition":[27.0564,198.745,-5.8035],"carpPosition":[74.5474,187.511,18.2503],"dipPosition":[18.8623,201.706,-21.4924],"direction":[-0.19214,-0.0802567,0.97808],"extended":false,"handId":158,"id":1583,"length":61.8834,"mcpPosition":[66.084,197.063,-42.7718],"pipPosition":[23.9747,203.842,-47.5169],"stabilizedTipPosition":[25.709,197.388,-9.79711],"timeVisible":0.108868,"tipPosition":[23.4203,198.456,-11.9022],"tipVelocity":[-62.0978,184.953,43.5058],"tool":false,"touchDistance":0.333333,"touchZone":"none","type":3,"width":19.5527},{"bases":[[[-0.29229,-0.956287,0.00909727],[0.952422,-0.291941,-0.0875322],[0.0863617,-0.0169203,0.99612]],[[-0.29762,-0.952754,-0.060678],[0.195931,0.00124801,-0.980617],[0.934363,-0.30374,0.186302]],[[-0.29762,-0.952754,-0.060678],[-0.905936,0.301902,-0.296876],[0.301169,-0.0333859,-0.952986]],[[-0.29762,-0.952754,-0.060678],[-0.892576,0.255145,0.371764],[-0.338718,0.164804,-0.926342]]],"btipPosition":[30.9451,184.358,-13.566],"carpPosition":[67.7122,175.167,17.0076],"dipPosition":[25.3373,187.086,-28.9024],"direction":[-0.301169,0.0333859,0.952986],"extended":false,"handId":158,"id":1584,"length":48.5155,"mcpPosition":[62.7284,176.143,-40.4781],"pipPosition":[30.9951,186.459,-46.8054],"stabilizedTipPosition":[30.0496,183.162,-17.386],"timeVisible":0.108868,"tipPosition":[27.9394,184.213,-19.1043],"tipVelocity":[-52.7622,183.553,37.3968],"tool":false,"touchDistance":0.333333,"touchZone":"none","type":4,"width":17.3682}],"r":[[0.999473,0.0324502,0.00126961],[-0.0324631,0.9994,0.0120511],[-0.000877785,-0.012086,0.999927]],"s":0.928573,"t":[-7.78925,27.1317,3.73234],"timestamp":258140930780},{"currentFrameRate":32.6659,"devices":[],"gestures":[],"hands":[{"armBasis":[[-0.0777898,-0.887167,-0.454845],[0.873766,0.159025,-0.459612],[0.480085,-0.433181,0.762806]],"armWidth":67.2423,"confidence":0.575604,"direction":[0.00569084,0.266118,-0.963924],"elbow":[198.067,66.0361,253.787],"grabAngle":3.14159,"grabStrength":1,"id":158,"palmNormal":[-0.999352,-0.0327487,-0.0149412],"palmPosition":[59.4947,211.729,-20.353],"palmVelocity":[-77.7228,136.423,-37.375],"palmWidth":90.5575,"pinchDistance":12.1445,"pinchStrength":0.772952,"r":[[0.999307,0.0372353,0.0000212329],[-0.0372331,0.999241,0.0114717],[0.000405936,-0.0114645,0.999934]],"s":0.907685,"sphereCenter":[21.3089,209.848,-36.2388],"sphereRadius":35.8196,"stabilizedPalmPosition":[59.8765,210.968,-20.2254],"t":[-9.1226,30.61,3.68323],"timeVisible":0.124499,"type":"right","wrist":[69.0601,182.439,48.8087]}],"id":110329,"interactionBox":{"center":[0,200,0],"size":[235.247,235.247,147.751]},"pointables":[{"bases":[[[0.90926,-0.306444,-0.28167],[0.416098,0.686115,0.596748],[0.0103881,-0.659802,0.751368]],[[0.864663,-0.0954124,-0.493208],[0.377058,0.772012,0.511688],[0.331941,-0.628406,0.703506]],[[0.864663,-0.0954124,-0.493208],[0.180981,0.975034,0.128662],[0.468619,-0.20051,0.860344]],[[0.864663,-0.0954124,-0.493208],[-0.0458886,0.962691,-0.266684],[0.500252,0.253225,0.828025]]],"btipPosition":[8.90288,248.428,-41.5769],"carpPosition":[51.9857,216.334,40.162],"dipPosition":[20.1481,254.12,-22.9636],"direction":[-0.468619,0.20051,-0.860344],"extended":false,"handId":158,"id":1580,"length":50.0577,"mcpPosition":[51.9857,216.334,40.162],"pipPosition":[35.4948,247.554,5.21159],"stabilizedTipPosition":[14.1181,250.527,-35.8291],"timeVisible":0.124499,"tipPosition":[12.7299,257.305,-34.9156],"tipVelocity":[-162.44,-144.457,-139.264],"tool":false,"touchDistance":0.696185,"touchZone":"hovering","type":0,"width":21.903},{"bases":[[[0.0359943,-0.905026,-0.423831],[0.988242,0.0952966,-0.119564],[0.148598,-0.414544,0.897815]],[[0.0582075,-0.957606,-0.282138],[0.129601,0.287474,-0.94898],[0.989856,0.0186724,0.14084]],[[0.0582075,-0.957606,-0.282138],[-0.970602,0.0118305,-0.240398],[0.233544,0.287837,-0.928766]],[[0.0582075,-0.957606,-0.282138],[-0.904106,-0.170408,0.39186],[-0.423326,0.232273,-0.875696]]],"btipPosition":[21.5775,231.161,-7.56294],"carpPosition":[71.7794,212.073,28.0541],"dipPosition":[14.6305,234.973,-21.9337],"direction":[-0.233544,-0.287837,0.928766],"extended":false,"handId":158,"id":1581,"length":56.4845,"mcpPosition":[60.8991,242.425,-37.6838],"pipPosition":[20.0523,241.655,-43.4956],"stabilizedTipPosition":[21.7993,225.593,-13.0196],"timeVisible":0.124499,"tipPosition":[17.5875,233.094,-17.2135],"tipVelocity":[-63.8437,172.339,-55.3393],"tool":false,"touchDistance":0.333333,"touchZone":"none","type":1,"width":20.9218},{"bases":[[[-0.113263,-0.955608,-0.272002],[0.983123,-0.068205,-0.169756],[0.143668,-0.286638,0.947205]],[[-0.104444,-0.971076,-0.214714],[0.108251,0.203512,-0.97307],[0.988622,-0.124874,0.0838639]],[[-0.104444,-0.971076,-0.214714],[-0.982542,0.134173,-0.128875],[0.153956,0.197505,-0.968137]],[[-0.104444,-0.971076,-0.214714],[-0.855978,-0.0221466,0.516537],[-0.506352,0.23774,-0.828907]]],"btipPosition":[22.992,217.504,-6.06165],"carpPosition":[73.8029,201.506,22.1871],"dipPosition":[13.8525,221.795,-21.0232],"direction":[-0.153956,-0.197505,0.968137],"extended":false,"handId":158,"id":1582,"length":64.3595,"mcpPosition":[63.8271,221.409,-43.5834],"pipPosition":[18.0575,227.19,-47.466],"stabilizedTipPosition":[21.6375,216.202,-9.64437],"timeVisible":0.124499,"tipPosition":[18.2305,219.159,-12.698],"tipVelocity":[-57.2161,180.892,-18.6149],"tool":false,"touchDistance":0.333333,"touchZone":"none","type":2,"width":20.548},{"bases":[[[-0.164674,-0.979495,-0.116072],[0.976598,-0.145407,-0.158474],[0.138347,-0.139452,0.980517]],[[-0.159593,-0.983876,-0.080741],[0.112784,0.0630816,-0.991615],[0.980719,-0.167361,0.100898]],[[-0.159593,-0.983876,-0.080741],[-0.970213,0.171424,-0.171174],[0.182255,0.0510178,-0.981927]],[[-0.159593,-0.983876,-0.080741],[-0.870085,0.101553,0.482326],[-0.466349,0.147227,-0.872263]]],"btipPosition":[25.9961,201.928,-5.72498],"carpPosition":[73.1885,190.052,17.9523],"dipPosition":[17.6271,204.57,-21.3786],"direction":[-0.182255,-0.0510178,0.981927],"extended":false,"handId":158,"id":1583,"length":61.8834,"mcpPosition":[64.5637,198.746,-43.1754],"pipPosition":[22.4764,205.928,-47.5054],"stabilizedTipPosition":[24.6035,200.863,-9.47864],"timeVisible":0.124499,"tipPosition":[22.1437,201.323,-12.0412],"tipVelocity":[-70.4065,198.96,5.54347],"tool":false,"touchDistance":0.333333,"touchZone":"none","type":3,"width":19.5527},{"bases":[[[-0.306638,-0.951471,0.0259832],[0.947456,-0.30773,-0.0873451],[0.0911022,-0.00216538,0.995839]],[[-0.310693,-0.950248,-0.0223083],[0.174247,-0.0338683,-0.984119],[0.934402,-0.309646,0.176101]],[[-0.310693,-0.950248,-0.0223083],[-0.907708,0.303584,-0.28966],[0.282021,-0.0697459,-0.95687]],[[-0.310693,-0.950248,-0.0223083],[-0.881355,0.27922,0.381116],[-0.355926,0.138072,-0.924258]]],"btipPosition":[29.7643,187.46,-13.2301],"carpPosition":[66.1618,177.795,16.9423],"dipPosition":[23.8716,189.746,-28.532],"direction":[-0.282021,0.0697459,0.95687],"extended":false,"handId":158,"id":1584,"length":48.5155,"mcpPosition":[60.9043,177.92,-40.5271],"pipPosition":[29.1697,188.436,-46.5079],"stabilizedTipPosition":[28.9241,186.471,-16.9494],"timeVisible":0.124499,"tipPosition":[26.4298,186.903,-19.0276],"tipVelocity":[-79.7344,191.961,21.9954],"tool":false,"touchDistance":0.333333,"touchZone":"none","type":4,"width":17.3682}],"r":[[0.999307,0.0372353,0.0000212329],[-0.0372331,0.999241,0.0114717],[0.000405936,-0.0114645,0.999934]],"s":0.907685,"t":[-9.1226,30.61,3.68323],"timestamp":258140946411},{"currentFrameRate":35.1423,"devices":[],"gestures":[],"hands":[{"armBasis":[[-0.0612964,-0.898948,-0.433746],[0.871811,0.163372,-0.461795],[0.485991,-0.406451,0.773699]],"armWidth":67.2423,"confidence":0.625702,"direction":[0.0000728802,0.261702,-0.965149],"elbow":[199.686,75.1491,257.242],"grabAngle":3.14159,"grabStrength":1,"id":158,"palmNormal":[-0.999109,-0.0407143,-0.0111152],"palmPosition":[59.0536,213.035,-20.0157],"palmVelocity":[-29.6238,87.7207,22.6468],"palmWidth":90.5575,"pinchDistance":8.48204,"pinchStrength":0.814516,"r":[[0.999089,0.0426415,-0.0017489],[-0.0426217,0.99904,0.0101235],[0.00217891,-0.0100397,0.999947]],"s":0.88174,"sphereCenter":[21.2418,210.925,-35.4453],"sphereRadius":34.8869,"stabilizedPalmPosition":[59.2949,212.429,-20.0772],"t":[-10.0099,33.0024,3.82731],"timeVisible":0.139392,"type":"right","wrist":[69.0915,184.369,49.3359]}],"id":110330,"interactionBox":{"center":[0,200,0],"size":[235.247,235.247,147.751]},"pointables":[{"bases":[[[0.910627,-0.300545,-0.283603],[0.412821,0.69213,0.59206],[0.0183494,-0.656223,0.754344]],[[0.863317,-0.0901778,-0.496539],[0.35712,0.804363,0.474832],[0.356579,-0.587255,0.726625]],[[0.863317,-0.0901778,-0.496539],[0.139128,0.988306,0.0624089],[0.485105,-0.122961,0.865768]],[[0.863317,-0.0901778,-0.496539],[-0.108483,0.927743,-0.357106],[0.492864,0.362162,0.791154]]],"btipPosition":[7.04803,242.921,-41.7315],"carpPosition":[51.7287,217.861,40.5047],"dipPosition":[18.1272,251.062,-23.947],"direction":[-0.485105,0.122961,-0.865768],"extended":false,"handId":158,"id":1580,"length":50.0577,"mcpPosition":[51.7287,217.861,40.5047],"pipPosition":[34.0137,247.036,4.40578],"stabilizedTipPosition":[11.5131,247.224,-36.873],"timeVisible":0.139392,"tipPosition":[11.2019,254.215,-35.5103],"tipVelocity":[-127.11,-331.926,-23.1801],"tool":false,"touchDistance":0.654722,"touchZone":"hovering","type":0,"width":21.903},{"bases":[[[0.0416174,-0.90666,-0.419804],[0.987015,0.102551,-0.123634],[0.155145,-0.409207,0.899155]],[[0.0660912,-0.960782,-0.269313],[0.122197,0.275665,-0.953455],[0.990303,0.0301058,0.135624]],[[0.0660912,-0.960782,-0.269313],[-0.971376,-0.000233707,-0.237548],[0.228169,0.277304,-0.933296]],[[0.0660912,-0.960782,-0.269313],[-0.90042,-0.173732,0.398825],[-0.429972,0.216136,-0.876