{"frames":316,"data":[{"currentFrameRate":24.2185,"devices":[],"gestures":[],"hands":[],"id":113859,"interactionBox":{"center":[0,200,0],"size":[235.247,235.247,147.751]},"pointables":[],"r":[[-0.962136,-0.269906,0.0380192],[0.215739,-0.839331,-0.498979],[0.166588,-0.471883,0.86578]],"s":0.686793,"t":[505.899,-233.461,348.339],"timestamp":258232526024},{"currentFrameRate":24.1903,"devices":[],"gestures":[],"hands":[],"id":113860,"interactionBox":{"center":[0,200,0],"size":[235.247,235.247,147.751]},"pointables":[],"r":[[-0.962136,-0.269906,0.0380192],[0.215739,-0.839331,-0.498979],[0.166588,-0.471883,0.86578]],"s":0.686793,"t":[505.899,-233.461,348.339],"timestamp":258232567573},{"currentFrameRate":24.2205,"devices":[],"gestures":[],"hands":[],"id":113861,"interactionBox":{"center":[0,200,0],"size":[235.247,235.247,147.751]},"pointables":[],"r":[[-0.962136,-0.269906,0.0380192],[0.215739,-0.839331,-0.498979],[0.166588,-0.471883,0.86578]],"s":0.686793,"t":[505.899,-233.461,348.339],"timestamp":258232608636},{"currentFrameRate":24.2221,"devices":[],"gestures":[],"hands":[],"id":113862,"interactionBox":{"center":[0,200,0],"size":[235.247,235.247,147.751]},"pointables":[],"r":[[-0.962136,-0.269906,0.0380192],[0.215739,-0.839331,-0.498979],[0.166588,-0.471883,0.86578]],"s":0.686793,"t":[505.899,-233.461,348.339],"timestamp":258232649908},{"currentFrameRate":24.2339,"devices":[],"gestures":[],"hands":[],"id":113863,"interactionBox":{"center":[0,200,0],"size":[235.247,235.247,147.751]},"pointables":[],"r":[[-0.962136,-0.269906,0.0380192],[0.215739,-0.839331,-0.498979],[0.166588,-0.471883,0.86578]],"s":0.686793,"t":[505.899,-233.461,348.339],"timestamp":258232691085},{"currentFrameRate":24.2194,"devices":[],"gestures":[],"hands":[],"id":113864,"interactionBox":{"center":[0,200,0],"size":[235.247,235.247,147.751]},"pointables":[],"r":[[-0.962136,-0.269906,0.0380192],[0.215739,-0.839331,-0.498979],[0.166588,-0.471883,0.86578]],"s":0.686793,"t":[505.899,-233.461,348.339],"timestamp":258232732482},{"currentFrameRate":24.2204,"devices":[],"gestures":[],"hands":[],"id":113865,"interactionBox":{"center":[0,200,0],"size":[235.247,235.247,147.751]},"pointables":[],"r":[[-0.962136,-0.269906,0.0380192],[0.215739,-0.839331,-0.498979],[0.166588,-0.471883,0.86578]],"s":0.686793,"t":[505.899,-233.461,348.339],"timestamp":258232773762},{"currentFrameRate":24.1931,"devices":[],"gestures":[],"hands":[],"id":113866,"interactionBox":{"center":[0,200,0],"size":[235.247,235.247,147.751]},"pointables":[],"r":[[-0.962136,-0.269906,0.0380192],[0.215739,-0.839331,-0.498979],[0.166588,-0.471883,0.86578]],"s":0.686793,"t":[505.899,-233.461,348.339],"timestamp":258232815299},{"currentFrameRate":24.2045,"devices":[],"gestures":[],"hands":[],"id":113867,"interactionBox":{"center":[0,200,0],"size":[235.247,235.247,147.751]},"pointables":[],"r":[[-0.962136,-0.269906,0.0380192],[0.215739,-0.839331,-0.498979],[0.166588,-0.471883,0.86578]],"s":0.686793,"t":[505.899,-233.461,348.339],"timestamp":258232856529},{"currentFrameRate":24.2284,"devices":[],"gestures":[],"hands":[],"id":113868,"interactionBox":{"center":[0,200,0],"size":[235.247,235.247,147.751]},"pointables":[],"r":[[-0.962136,-0.269906,0.0380192],[0.215739,-0.839331,-0.498979],[0.166588,-0.471883,0.86578]],"s":0.686793,"t":[505.899,-233.461,348.339],"timestamp":258232897625},{"currentFrameRate":24.244,"devices":[],"gestures":[],"hands":[],"id":113869,"interactionBox":{"center":[0,200,0],"size":[235.247,235.247,147.751]},"pointables":[],"r":[[-0.962136,-0.269906,0.0380192],[0.215739,-0.839331,-0.498979],[0.166588,-0.471883,0.86578]],"s":0.686793,"t":[505.899,-233.461,348.339],"timestamp":258232938757},{"currentFrameRate":24.2428,"devices":[],"gestures":[],"hands":[],"id":113870,"interactionBox":{"center":[0,200,0],"size":[235.247,235.247,147.751]},"pointables":[],"r":[[-0.962136,-0.269906,0.0380192],[0.215739,-0.839331,-0.498979],[0.166588,-0.471883,0.86578]],"s":0.686793,"t":[505.899,-233.461,348.339],"timestamp":258232980015},{"currentFrameRate":24.2278,"devices":[],"gestures":[],"hands":[],"id":113871,"interactionBox":{"center":[0,200,0],"size":[235.247,235.247,147.751]},"pointables":[],"r":[[-0.962136,-0.269906,0.0380192],[0.215739,-0.839331,-0.498979],[0.166588,-0.471883,0.86578]],"s":0.686793,"t":[505.899,-233.461,348.339],"timestamp":258233021401},{"currentFrameRate":24.2381,"devices":[],"gestures":[],"hands":[],"id":113872,"interactionBox":{"center":[0,200,0],"size":[235.247,235.247,147.751]},"pointables":[],"r":[[-0.962136,-0.269906,0.0380192],[0.215739,-0.839331,-0.498979],[0.166588,-0.471883,0.86578]],"s":0.686793,"t":[505.899,-233.461,348.339],"timestamp":258233062582},{"currentFrameRate":24.232,"devices":[],"gestures":[],"hands":[],"id":113873,"interactionBox":{"center":[0,200,0],"size":[235.247,235.247,147.751]},"pointables":[],"r":[[-0.962136,-0.269906,0.0380192],[0.215739,-0.839331,-0.498979],[0.166588,-0.471883,0.86578]],"s":0.686793,"t":[505.899,-233.461,348.339],"timestamp":258233103895},{"currentFrameRate":24.2291,"devices":[],"gestures":[],"hands":[],"id":113874,"interactionBox":{"center":[0,200,0],"size":[235.247,235.247,147.751]},"pointables":[],"r":[[-0.962136,-0.269906,0.0380192],[0.215739,-0.839331,-0.498979],[0.166588,-0.471883,0.86578]],"s":0.686793,"t":[505.899,-233.461,348.339],"timestamp":258233145189},{"currentFrameRate":24.2232,"devices":[],"gestures":[],"hands":[{"armBasis":[[0.813877,-0.215002,-0.539795],[0.311926,0.945473,0.0937226],[0.49021,-0.244655,0.836563]],"armWidth":60.469,"confidence":0,"direction":[-0.161281,0.356986,-0.920081],"elbow":[231.912,154.803,253.408],"grabAngle":2.39755,"grabStrength":0.213222,"id":165,"palmNormal":[-0.351513,-0.891925,-0.284445],"palmPosition":[83.145,240.402,-25.6063],"palmVelocity":[1.19209e-7,1.19209e-7,1.19209e-7],"palmWidth":86.3477,"pinchDistance":44.9475,"pinchStrength":0.344973,"r":[[1,-3.46945e-17,-1.11022e-17],[3.46945e-17,1,-2.22045e-17],[1.11022e-17,2.22045e-17,1]],"s":1,"sphereCenter":[66.9126,200.127,-58.1158],"sphereRadius":49.2604,"stabilizedPalmPosition":[83.145,240.402,-25.6063],"t":[0,0,0],"timeVisible":0,"type":"right","wrist":[106.308,217.49,39.0595]}],"id":113875,"interactionBox":{"center":[0,200,0],"size":[235.247,235.247,147.751]},"pointables":[{"bases":[[[0.654016,0.755738,-0.0335024],[-0.522026,0.482928,0.703042],[0.547495,-0.442312,0.710358]],[[0.596368,0.795954,-0.103933],[-0.549032,0.49892,0.670554],[0.585584,-0.342834,0.734545]],[[0.596368,0.795954,-0.103933],[-0.699585,0.578865,0.418922],[0.393606,-0.177122,0.902054]],[[0.596368,0.795954,-0.103933],[-0.787273,0.605246,0.117803],[0.156671,0.0115697,0.987583]]],"btipPosition":[27.5397,242.679,-57.7966],"carpPosition":[71.4945,220.965,28.1201],"dipPosition":[31.0193,242.936,-35.8629],"direction":[-0.393606,0.177122,-0.902054],"extended":true,"handId":165,"id":1650,"length":49.4574,"mcpPosition":[71.4945,220.965,28.1201],"pipPosition":[43.7549,237.205,-6.67593],"stabilizedTipPosition":[28.34,242.738,-52.7519],"timeVisible":0,"tipPosition":[28.34,242.738,-52.7519],"tipVelocity":[1.19209e-7,1.19209e-7,1.19209e-7],"tool":false,"touchDistance":0.742055,"touchZone":"hovering","type":0,"width":19.2169},{"bases":[[[0.882015,-0.213666,-0.419995],[0.30107,0.941173,0.153458],[0.3625,-0.261801,0.894458]],[[0.898353,-0.225951,-0.376706],[0.243373,0.969932,-0.0013852],[0.365692,-0.0904357,0.926332]],[[0.898353,-0.225951,-0.376706],[0.0260205,0.883432,-0.467835],[0.438502,0.410479,0.799514]],[[0.898353,-0.225951,-0.376706],[-0.246063,0.451552,-0.857644],[0.363888,0.863161,0.350056]]],"btipPosition":[27.2618,237.57,-102.235],"carpPosition":[83.4376,239.016,21.9937],"dipPosition":[33.1618,251.566,-96.5595],"direction":[-0.438502,-0.410479,-0.799514],"extended":true,"handId":165,"id":1651,"length":55.8072,"mcpPosition":[58.1293,257.294,-40.4539],"pipPosition":[43.2198,260.981,-78.2208],"stabilizedTipPosition":[28.6188,240.789,-100.93],"timeVisible":0,"tipPosition":[28.6188,240.789,-100.93],"tipVelocity":[1.19209e-7,1.19209e-7,1.19209e-7],"tool":false,"touchDistance":-0.0154972,"touchZone":"touching","type":1,"width":18.3559},{"bases":[[[0.755511,-0.650186,-0.0803868],[0.65344,0.739036,0.163838],[-0.0471165,-0.176309,0.983206]],[[0.756835,-0.642045,-0.12239],[0.470543,0.665187,-0.579754],[0.453641,0.381188,0.805547]],[[0.756835,-0.642045,-0.12239],[-0.275872,-0.144036,-0.950341],[0.592533,0.753016,-0.286134]],[[0.756835,-0.642045,-0.12239],[-0.591088,-0.592417,-0.547409],[0.278955,0.486642,-0.827867]]],"btipPosition":[84.153,199.182,-52.7126],"carpPosition":[112.343,224.208,9.56773],"dipPosition":[88.716,207.142,-66.2544],"direction":[-0.592533,-0.753016,0.286134],"extended":false,"handId":165,"id":1654,"length":47.9337,"mcpPosition":[114.936,233.909,-44.535],"pipPosition":[99.714,221.119,-71.5653],"stabilizedTipPosition":[85.2025,201.013,-55.8272],"timeVisible":0,"tipPosition":[85.2025,201.013,-55.8272],"tipVelocity":[1.19209e-7,1.19209e-7,1.19209e-7],"tool":false,"touchDistance":0.333333,"touchZone":"none","type":4,"width":15.2382},{"bases":[[[0.858546,-0.404367,-0.315255],[0.453737,0.885525,0.0998444],[0.238793,-0.228764,0.94374]],[[0.853165,-0.39931,-0.335651],[0.115736,0.772313,-0.62461],[0.508641,0.494048,0.705125]],[[0.853165,-0.39931,-0.335651],[-0.451162,-0.241857,-0.859045],[0.261846,0.88434,-0.386497]],[[0.853165,-0.39931,-0.335651],[-0.516929,-0.733481,-0.44135],[-0.0699581,0.550052,-0.832195]]],"btipPosition":[49.0224,197.087,-52.5796],"carpPosition":[93.9168,238.213,16.8867],"dipPosition":[47.7748,206.896,-67.4203],"direction":[-0.261846,-0.88434,0.386497],"extended":false,"handId":165,"id":1652,"length":63.5878,"mcpPosition":[78.1068,253.359,-45.5969],"pipPosition":[54.8409,230.761,-77.8502],"stabilizedTipPosition":[48.7355,199.343,-55.993],"timeVisible":0,"tipPosition":[48.7355,199.343,-55.993],"tipVelocity":[1.19209e-7,1.19209e-7,1.19209e-7],"tool":false,"touchDistance":0.333333,"touchZone":"none","type":2,"width":18.028},{"bases":[[[0.847665,-0.499221,-0.179564],[0.521297,0.846628,0.107099],[0.0985577,-0.18439,0.977899]],[[0.844026,-0.492984,-0.211154],[0.258487,0.718919,-0.645244],[0.469898,0.490022,0.734217]],[[0.844026,-0.492984,-0.211154],[-0.364665,-0.238857,-0.899981],[0.393241,0.836608,-0.381376]],[[0.844026,-0.492984,-0.211154],[-0.53049,-0.709641,-0.463671],[0.078739,0.503365,-0.860479]]],"btipPosition":[66.5624,193.722,-51.3985],"carpPosition":[104.079,234.456,12.58],"dipPosition":[67.9585,202.647,-66.6554],"direction":[-0.393241,-0.836608,0.381376],"extended":false,"handId":165,"id":1653,"length":61.1414,"mcpPosition":[98.22,245.417,-45.5504],"pipPosition":[78.2963,224.64,-76.6813],"stabilizedTipPosition":[66.8836,195.775,-54.9076],"timeVisible":0,"tipPosition":[66.8836,195.775,-54.9076],"tipVelocity":[1.19209e-7,1.19209e-7,1.19209e-7],"tool":false,"touchDistance":0.333333,"touchZone":"none","type":3,"width":17.1548}],"r":[[1,-3.46945e-17,-1.11022e-17],[3.46945e-17,1,-2.22045e-17],[1.11022e-17,2.22045e-17,1]],"s":1,"t":[0,0,0],"timestamp":258233186516},{"currentFrameRate":24.1931,"devices":[],"gestures":[],"hands":[{"armBasis":[[0.829576,-0.184722,-0.526955],[0.321369,0.929684,0.180027],[0.456647,-0.318693,0.830607]],"armWidth":62.6432,"confidence":0.215497,"direction":[-0.148302,0.373826,-0.915566],"elbow":[220.479,157.562,243.236],"grabAngle":2.49246,"grabStrength":1,"id":165,"palmNormal":[-0.344554,-0.887327,-0.306486],"palmPosition":[81.474,263.884,-34.0137],"palmVelocity":[-40.2093,565.054,-202.306],"palmWidth":86.3477,"pinchDistance":30.4495,"pinchStrength":0.798878,"r":[[0.999995,0.000523304,0.00305287],[-0.000534775,0.999993,0.00375813],[-0.00305088,-0.00375975,0.999988]],"s":0.910679,"sphereCenter":[69.0468,225.16,-66.6609],"sphereRadius":45.287,"stabilizedPalmPosition":[81.5724,262.501,-33.5184],"t":[-0.835508,11.7413,-4.20371],"timeVisible":0.041558,"type":"right","wrist":[103.475,239.219,30.4141]}],"id":113876,"interactionBox":{"center":[0,200,0],"size":[235.247,235.247,147.751]},"pointables":[{"bases":[[[0.652254,0.757944,-0.00930975],[-0.53406,0.468236,0.703942],[0.537908,-0.454177,0.710196]],[[0.534666,0.832037,-0.147805],[-0.539401,0.470654,0.698234],[0.650522,-0.293596,0.700444]],[[0.534666,0.832037,-0.147805],[-0.738715,0.545117,0.396418],[0.410406,-0.102766,0.906094]],[[0.534666,0.832037,-0.147805],[-0.839418,0.543091,0.0207332],[0.0975223,0.112985,0.988799]]],"btipPosition":[23.1751,258.113,-64.0703],"carpPosition":[69.064,243.409,19.1538],"dipPosition":[25.2889,260.562,-42.6384],"direction":[-0.410406,0.102766,-0.906094],"extended":true,"handId":165,"id":1650,"length":48.2663,"mcpPosition":[69.064,243.409,19.1538],"pipPosition":[38.2482,257.317,-14.0268],"stabilizedTipPosition":[24.8124,254.755,-57.569],"timeVisible":0.041558,"tipPosition":[25.6069,263.177,-60.7354],"tipVelocity":[-112.583,383.502,-153.738],"tool":false,"touchDistance":0.605347,"touchZone":"hovering","type":0,"width":20.2111},{"bases":[[[0.758531,-0.646578,-0.0810477],[0.648723,0.737526,0.18765],[-0.0615557,-0.194916,0.978886]],[[0.758955,-0.645156,-0.0880999],[0.534653,0.694674,-0.481222],[0.371664,0.318123,0.87216]],[[0.758955,-0.645156,-0.0880999],[-0.0989482,0.0194583,-0.994902],[0.643582,0.763803,-0.049069]],[[0.758955,-0.645156,-0.0880999],[-0.482465,-0.466314,-0.74147],[0.437282,0.605247,-0.665177]]],"btipPosition":[82.7587,223.918,-69.627],"carpPosition":[110.181,247.107,1.2914],"dipPosition":[89.7392,233.58,-80.2455],"direction":[-0.643582,-0.763803,0.049069],"extended":false,"handId":165,"id":1654,"length":46.7793,"mcpPosition":[113.568,257.833,-52.5736],"pipPosition":[101.397,247.415,-81.1343],"stabilizedTipPosition":[84.4885,222.414,-69.6607],"timeVisible":0.041558,"tipPosition":[84.2,225.466,-67.5441],"tipVelocity":[-20.1718,604.637,-390.827],"tool":false,"touchDistance":0.333333,"touchZone":"none","type":4,"width":16.0266},{"bases":[[[0.888919,-0.20341,-0.410424],[0.295967,0.938901,0.175693],[0.34961,-0.277649,0.89481]],[[0.915068,-0.225941,-0.334068],[0.111815,0.937996,-0.328119],[0.38749,0.262897,0.883593]],[[0.915068,-0.225941,-0.334068],[-0.295593,0.187777,-0.936677],[0.274365,0.955871,0.105042]],[[0.915068,-0.225941,-0.334068],[-0.403193,-0.531653,-0.744836],[-0.00931932,0.816269,-0.577597]]],"btipPosition":[35.2262,236.214,-77.2901],"carpPosition":[81.0465,261.603,13.5507],"dipPosition":[35.0788,249.13,-86.4297],"direction":[-0.274365,-0.955871,-0.105042],"extended":false,"handId":165,"id":1651,"length":54.4632,"mcpPosition":[56.6381,280.987,-48.9214],"pipPosition":[41.2204,270.527,-84.0783],"stabilizedTipPosition":[28.8753,240.727,-100.089],"timeVisible":0.041558,"tipPosition":[34.3283,242.396,-83.1376],"tipVelocity":[158.178,-38.614,518.255],"tool":false,"touchDistance":0.34245,"touchZone":"hovering","type":1,"width":19.3057},{"bases":[[[0.864413,-0.396111,-0.309656],[0.449592,0.884672,0.12338],[0.225072,-0.24587,0.94281]],[[0.870387,-0.402853,-0.283083],[0.197898,0.81269,-0.548061],[0.450847,0.421003,0.787079]],[[0.870387,-0.402853,-0.283083],[-0.321622,-0.0298524,-0.946397],[0.372808,0.914778,-0.155549]],[[0.870387,-0.402853,-0.283083],[-0.485046,-0.602765,-0.633565],[0.0846009,0.688755,-0.720041]]],"btipPosition":[45.2866,222.331,-72.3389],"carpPosition":[91.6045,260.924,8.59011],"dipPosition":[46.759,234.318,-84.8703],"direction":[-0.372808,-0.914778,0.155549],"extended":false,"handId":165,"id":1652,"length":62.0564,"mcpPosition":[76.7028,277.202,-53.8319],"pipPosition":[56.5772,258.409,-88.9668],"stabilizedTipPosition":[46.2099,220.248,-71.6066],"timeVisible":0.041558,"tipPosition":[46.7223,224.127,-70.0562],"tipVelocity":[-74.84,619.486,-462.683],"tool":false,"touchDistance":0.333333,"touchZone":"none","type":2,"width":18.9607},{"bases":[[[0.851744,-0.493531,-0.175953],[0.517148,0.845822,0.130933],[0.0842052,-0.202514,0.975652]],[[0.852255,-0.494791,-0.169831],[0.343259,0.773917,-0.53219],[0.394758,0.395266,0.829416]],[[0.852255,-0.494791,-0.169831],[-0.207921,-0.0224862,-0.977887],[0.480031,0.868721,-0.122042]],[[0.852255,-0.494791,-0.169831],[-0.464291,-0.565852,-0.681355],[0.241029,0.65954,-0.711978]]],"btipPosition":[64.0152,219.258,-72.4971],"carpPosition":[101.842,257.276,4.36917],"dipPosition":[68.1859,230.671,-84.817],"direction":[-0.480031,-0.868721,0.122042],"extended":false,"handId":165,"id":1653,"length":59.6689,"mcpPosition":[96.836,269.314,-53.6276],"pipPosition":[80.5013,252.958,-87.948],"stabilizedTipPosition":[65.3653,216.538,-71.1495],"timeVisible":0.041558,"tipPosition":[65.3855,220.82,-69.8167],"tipVelocity":[-45.9386,628.24,-491.436],"tool":false,"touchDistance":0.333333,"touchZone":"none","type":3,"width":18.0424}],"r":[[0.999995,0.000523304,0.00305287],[-0.000534775,0.999993,0.00375813],[-0.00305088,-0.00375975,0.999988]],"s":0.910679,"t":[-0.835508,11.7413,-4.20371],"timestamp":258233228074},{"currentFrameRate":24.2276,"devices":[],"gestures":[],"hands":[{"armBasis":[[0.867435,-0.122466,-0.482243],[0.27694,0.924057,0.263481],[0.413353,-0.362106,0.835475]],"armWidth":62.6432,"confidence":0.409506,"direction":[-0.113277,0.410843,-0.904641],"elbow":[205.81,161.105,241.854],"grabAngle":2.14276,"grabStrength":1,"id":165,"palmNormal":[-0.291155,-0.884257,-0.365128],"palmPosition":[80.5645,280.94,-36.5362],"palmVelocity":[-22.1712,415.81,-61.4949],"palmWidth":86.3477,"pinchDistance":32.1971,"pinchStrength":0.665217,"r":[[0.999824,0.0084931,0.0167515],[-0.00875786,0.999837,0.0157953],[-0.0166146,-0.0159393,0.999735]],"s":0.871181,"sphereCenter":[68.8612,241.681,-73.0046],"sphereRadius":49.7295,"stabilizedPalmPosition":[80.5748,280.754,-36.5056],"t":[-1.70798,26.1399,-7.56679],"timeVisible":0.082577,"type":"right","wrist":[99.899,253.886,27.7843]}],"id":113877,"interactionBox":{"center":[0,200,0],"size":[235.247,235.247,147.751]},"pointables":[{"bases":[[[0.620569,0.781728,0.0616141],[-0.590094,0.413803,0.693222],[0.516414,-0.46655,0.718086]],[[0.508123,0.857616,-0.0794032],[-0.560911,0.399466,0.725125],[0.653598,-0.323915,0.684024]],[[0.508123,0.857616,-0.0794032],[-0.775541,0.49569,0.390931],[0.374629,-0.137061,0.916988]],[[0.508123,0.857616,-0.0794032],[-0.857609,0.512308,0.0452519],[0.0794876,0.0451033,0.995815]]],"btipPosition":[21.6052,276.21,-68.0718],"carpPosition":[66.1192,257.516,14.8706],"dipPosition":[23.3281,277.188,-46.4878],"direction":[-0.374629,0.137061,-0.916988],"extended":true,"handId":165,"id":1650,"length":48.2663,"mcpPosition":[66.1192,257.516,14.8706],"pipPosition":[35.1577,272.86,-17.5322],"stabilizedTipPosition":[22.0425,276.119,-63.0267],"timeVisible":0.082577,"tipPosition":[25.4161,278.769,-65.6872],"tipVelocity":[-40.4641,432.945,-96.6994],"tool":false,"touchDistance":0.518648,"touchZone":"hovering","type":0,"width":20.2111},{"bases":[[[0.87934,-0.45199,-0.149886],[0.474584,0.857683,0.197862],[0.0391226,-0.245122,0.968703]],[[0.877277,-0.442562,-0.185808],[0.38788,0.881683,-0.268672],[0.282727,0.163629,0.945141]],[[0.877277,-0.442562,-0.185808],[-0.0337567,0.329266,-0.943634],[0.478796,0.8341,0.273918]],[[0.877277,-0.442562,-0.185808],[-0.307458,-0.220867,-0.925574],[0.368585,0.869113,-0.329831]]],"btipPosition":[66.378,244.662,-95.4192],"carpPosition":[99.0642,273.3,2.59363],"dipPosition":[72.7559,259.701,-101.126],"direction":[-0.478796,-0.8341,-0.273918],"extended":false,"handId":165,"id":1653,"length":59.6689,"mcpPosition":[96.7386,287.871,-54.9901],"pipPosition":[85.0397,281.1,-94.099],"stabilizedTipPosition":[67.2438,240.464,-90.5299],"timeVisible":0.082577,"tipPosition":[67.971,244.941,-89.1551],"tipVelocity":[69.979,639.65,-521.739],"tool":false,"touchDistance":-0.0733536,"touchZone":"touching","type":3,"width":18.0424},{"bases":[[[0.787374,-0.612782,-0.06738],[0.607156,0.751893,0.256941],[-0.106786,-0.243219,0.964075]],[[0.793799,-0.588331,-0.154112],[0.565942,0.807346,-0.16704],[0.222697,0.0453782,0.973831]],[[0.793799,-0.588331,-0.154112],[0.114657,0.39362,-0.912095],[0.597275,0.70635,0.379911]],[[0.793799,-0.588331,-0.154112],[-0.25007,-0.0847534,-0.964511],[0.55439,0.804166,-0.214401]]],"btipPosition":[86.8779,249.878,-88.8656],"carpPosition":[107.963,263.612,-0.466358],"dipPosition":[95.7279,262.715,-92.2882],"direction":[-0.597275,-0.70635,-0.379911],"extended":false,"handId":165,"id":1654,"length":46.7793,"mcpPosition":[113.84,276.996,-53.5164],"pipPosition":[106.547,275.51,-85.4065],"stabilizedTipPosition":[88.2966,248.59,-86.8661],"timeVisible":0.082577,"tipPosition":[88.0296,249.471,-82.5428],"tipVelocity":[110.904,650.676,-428.669],"tool":false,"touchDistance":0.15806,"touchZone":"hovering","type":4,"width":16.0266},{"bases":[[[0.917441,-0.149897,-0.368556],[0.247709,0.940083,0.234272],[0.311357,-0.306226,0.899601]],[[0.937189,-0.171209,-0.303916],[0.0688368,0.944902,-0.320033],[0.341963,0.279011,0.897337]],[[0.937189,-0.171209,-0.303916],[-0.26733,0.207163,-0.941073],[0.224081,0.963209,0.148381]],[[0.937189,-0.171209,-0.303916],[-0.346148,-0.348771,-0.870942],[0.0431166,0.921437,-0.386128]]],"btipPosition":[36.6,250.533,-84.9447],"carpPosition":[77.6422,276.396,10.7774],"dipPosition":[37.2823,265.113,-91.0546],"direction":[-0.224081,-0.963209,-0.148381],"extended":false,"handId":165,"id":1651,"length":54.4632,"mcpPosition":[55.9045,297.776,-52.0293],"pipPosition":[42.2983,286.674,-87.7331],"stabilizedTipPosition":[32.3167,246.473,-94.0902],"timeVisible":0.082577,"tipPosition":[37.013,258.902,-88.6392],"tipVelocity":[38.143,358.405,-169.623],"tool":false,"touchDistance":0.249782,"touchZone":"hovering","type":1,"width":19.3057},{"bases":[[[0.89531,-0.347941,-0.27813],[0.406023,0.894256,0.188285],[0.183207,-0.2815,0.941909]],[[0.895787,-0.348678,-0.275661],[0.25178,0.90914,-0.331769],[0.366295,0.227788,0.902187]],[[0.895787,-0.348678,-0.275661],[-0.174642,0.294205,-0.939651],[0.408736,0.889869,0.202651]],[[0.895787,-0.348678,-0.275661],[-0.377404,-0.269043,-0.886105],[0.2348,0.897797,-0.372598]]],"btipPosition":[45.1415,245.762,-95.0953],"carpPosition":[88.4734,276.353,6.39267],"dipPosition":[49.2279,261.387,-101.58],"direction":[-0.408736,-0.889869,-0.202651],"extended":false,"handId":165,"id":1652,"length":62.0564,"mcpPosition":[76.3435,294.991,-55.9697],"pipPosition":[59.9922,284.823,-96.243],"stabilizedTipPosition":[46.1151,241.716,-90.0305],"timeVisible":0.082577,"tipPosition":[47.3426,246.48,-88.9975],"tipVelocity":[11.1183,591.634,-520.872],"tool":false,"touchDistance":-0.0727611,"touchZone":"touching","type":2,"width":18.9607}],"r":[[0.999824,0.0084931,0.0167515],[-0.00875786,0.999837,0.0157953],[-0.0166146,-0.0159393,0.999735]],"s":0.871181,"t":[-1.70798,26.1399,-7.56679],"timestamp":258233269093},{"currentFrameRate":25.2842,"devices":[],"gestures":[],"hands":[{"armBasis":[[0.893265,-0.0550484,-0.446148],[0.22653,0.912369,0.340978],[0.388282,-0.40565,0.827457]],"armWidth":62.6432,"confidence":0.539027,"direction":[-0.132532,0.462791,-0.876504],"elbow":[198.604,158.633,240.601],"grabAngle":1.77531,"grabStrength":0.717312,"id":165,"palmNormal":[-0.239949,-0.872982,-0.42465],"palmPosition":[78.9989,292.803,-34.0524],"palmVelocity":[-49.1634,372.494,77.9943],"palmWidth":86.3477,"pinchDistance":38.2048,"pinchStrength":0.508837,"r":[[0.99924,0.0255945,0.0294002],[-0.0267177,0.998903,0.0384694],[-0.0283833,-0.0392257,0.998827]],"s":0.876292,"sphereCenter":[68.7496,249.39,-75.4236],"sphereRadius":57.3349,"stabilizedPalmPosition":[79.0168,292.666,-34.0803],"t":[-2.92705,39.2705,-8.00643],"timeVisible":0.114423,"type":"right","wrist":[99.1168,262.571,28.5858]}],"id":113878,"interactionBox":{"center":[0,200,0],"size":[235.247,235.247,147.751]},"pointables":[{"bases":[[[0.575739,0.80914,0.117542],[-0.614936,0.333766,0.71446],[0.538867,-0.483624,0.689732]],[[0.464671,0.885378,-0.0136693],[-0.583643,0.317848,0.747217],[0.665914,-0.339232,0.664439]],[[0.464671,0.885378,-0.0136693],[-0.797238,0.425031,0.428673],[0.385347,-0.188294,0.903357]],[[0.464671,0.885378,-0.0136693],[-0.881319,0.463926,0.0897231],[0.0857804,-0.0296448,0.995873]]],"btipPosition":[20.1125,287.927,-65.9924],"carpPosition":[65.6847,265.269,15.593],"dipPosition":[21.9718,287.284,-44.4071],"direction":[-0.385347,0.188294,-0.903357],"extended":true,"handId":165,"id":1650,"length":48.2663,"mcpPosition":[65.6847,265.269,15.593],"pipPosition":[34.1398,281.339,-15.882],"stabilizedTipPosition":[20.5606,287.62,-61.055],"timeVisible":0.114423,"tipPosition":[23.9273,289.393,-63.5188],"tipVelocity":[-45.8881,356.224,65.3046],"tool":false,"touchDistance":0.531312,"touchZone":"hovering","type":0,"width":20.2111},{"bases":[[[0.903763,-0.39167,-0.172647],[0.425219,0.867722,0.257385],[0.0489989,-0.306028,0.950761]],[[0.901397,-0.380337,-0.206945],[0.362869,0.924313,-0.118203],[0.236239,0.0314539,0.971186]],[[0.901397,-0.380337,-0.206945],[0.0687175,0.597542,-0.798888],[0.427505,0.705895,0.564758]],[[0.901397,-0.380337,-0.206945],[-0.155636,0.161399,-0.97454],[0.404055,0.910656,0.0862909]]],"btipPosition":[67.0973,266.654,-108.057],"carpPosition":[97.7449,283.631,4.62876],"dipPosition":[74.089,282.411,-106.564],"direction":[-0.427505,-0.705895,-0.564758],"extended":false,"handId":165,"id":1653,"length":59.6689,"mcpPosition":[94.8322,301.823,-51.8884],"pipPosition":[85.0568,300.522,-92.075],"stabilizedTipPosition":[68.3796,263.632,-103.883],"timeVisible":0.114423,"tipPosition":[68.6741,265.442,-99.1548],"tipVelocity":[27.0203,695.753,-344.85],"tool":false,"touchDistance":-0.269992,"touchZone":"touching","type":3,"width":18.0424},{"bases":[[[0.820595,-0.56241,-0.101584],[0.563258,0.765771,0.310379],[-0.0967698,-0.311914,0.94517]],[[0.825253,-0.540088,-0.165113],[0.544062,0.838698,-0.0241127],[0.151503,-0.0699326,0.98598]],[[0.825253,-0.540088,-0.165113],[0.255181,0.617401,-0.744109],[0.503825,0.571945,0.647332]],[[0.825253,-0.540088,-0.165113],[-0.0438539,0.230194,-0.972156],[0.563057,0.809516,0.166283]]],"btipPosition":[89.4316,270.846,-97.6722],"carpPosition":[107.183,274.675,1.00565],"dipPosition":[98.4199,283.768,-95.0177],"direction":[-0.503825,-0.571945,-0.647332],"extended":false,"handId":165,"id":1654,"length":46.7793,"mcpPosition":[112.507,291.839,-51.004],"pipPosition":[107.546,294.129,-83.292],"stabilizedTipPosition":[91.1353,270.954,-95.904],"timeVisible":0.114423,"tipPosition":[89.794,268.936,-88.7971],"tipVelocity":[81.1884,659.044,-232.647],"tool":false,"touchDistance":0.19051,"touchZone":"hovering","type":4,"width":16.0266},{"bases":[[[0.925791,-0.0741463,-0.370692],[0.193961,0.934836,0.297424],[0.324483,-0.347252,0.879845]],[[0.946525,-0.0986555,-0.307178],[0.039716,0.980489,-0.192522],[0.320178,0.170027,0.931975]],[[0.946525,-0.0986555,-0.307178],[-0.210228,0.53363,-0.819172],[0.244735,0.839944,0.484354]],[[0.946525,-0.0986555,-0.307178],[-0.300447,0.0774258,-0.950651],[0.11757,0.992105,0.0436447]]],"btipPosition":[33.4197,267.966,-97.2053],"carpPosition":[76.152,284.988,12.8368],"dipPosition":[35.2801,283.665,-96.5147],"direction":[-0.244735,-0.839944,-0.484354],"extended":false,"handId":165,"id":1651,"length":54.4632,"mcpPosition":[53.4979,309.232,-48.5906],"pipPosition":[40.7584,302.467,-85.6725],"stabilizedTipPosition":[33.3607,263.592,-96.1062],"timeVisible":0.114423,"tipPosition":[35.3191,271.718,-92.6642],"tipVelocity":[-91.3558,555.517,-335.883],"tool":false,"touchDistance":0.163618,"touchZone":"hovering","type":1,"width":19.3057},{"bases":[[[0.914397,-0.278653,-0.293649],[0.354761,0.900992,0.249717],[0.194992,-0.332516,0.92272]],[[0.915747,-0.280986,-0.287148],[0.244054,0.95681,-0.157964],[0.319131,0.0745755,0.944772]],[[0.915747,-0.280986,-0.287148],[-0.0725908,0.587247,-0.806146],[0.395142,0.759071,0.517372]],[[0.915747,-0.280986,-0.287148],[-0.260643,0.128393,-0.95686],[0.305732,0.951085,0.0443386]]],"btipPosition":[44.1023,267.979,-109.123],"carpPosition":[86.9855,285.835,8.54043],"dipPosition":[49.4232,284.531,-108.351],"direction":[-0.395142,-0.759071,-0.517372],"extended":false,"handId":165,"id":1652,"length":62.0564,"mcpPosition":[74.0755,307.851,-52.5514],"pipPosition":[59.8295,304.522,-94.7257],"stabilizedTipPosition":[45.5292,264.045,-104.076],"timeVisible":0.114423,"tipPosition":[46.4153,266.941,-100.644],"tipVelocity":[-23.7149,704.32,-388.07],"tool":false,"touchDistance":-0.28098,"touchZone":"touching","type":2,"width":18.9607}],"r":[[0.99924,0.0255945,0.0294002],[-0.0267177,0.998903,0.0384694],[-0.0283833,-0.0392257,0.998827]],"s":0.876292,"t":[-2.92705,39.2705,-8.00643],"timestamp":258233300939},{"currentFrameRate":28.7872,"devices":[],"gestures":[],"hands":[{"armBasis":[[0.898698,-0.0407558,-0.436671],[0.21956,0.903726,0.367523],[0.379652,-0.426167,0.821125]],"armWidth":62.6432,"confidence":0.579267,"direction":[-0.1458,0.47701,-0.86672],"elbow":[196.496,156.583,239.445],"grabAngle":1.60497,"grabStrength":0.5546,"id":165,"palmNormal":[-0.232056,-0.86813,-0.438749],"palmPosition":[78.4142,296.981,-32.8734],"palmVelocity":[-52.5828,375.753,106.038],"palmWidth":86.3477,"pinchDistance":41.5552,"pinchStrength":0.436068,"r":[[0.998401,0.0415554,0.038311],[-0.0438142,0.997228,0.0601367],[-0.0357058,-0.0617191,0.997455]],"s":0.890594,"sphereCenter":[69.2057,249.645,-76.7978],"sphereRadius":62.2956,"stabilizedPalmPosition":[78.5331,296.129,-33.1116],"t":[-3.82892,47.9248,-7.63674],"timeVisible":0.125542,"type":"right","wrist":[99.2197,265.777,29.0525]}],"id":113879,"interactionBox":{"center":[0,200,0],"size":[235.247,235.247,147.751]},"pointables":[{"bases":[[[0.566098,0.814367,0.127828],[-0.613301,0.312464,0.725416],[0.550813,-0.489053,0.676337]],[[0.440775,0.897509,-0.0139382],[-0.589079,0.300949,0.749944],[0.677277,-0.322346,0.661354]],[[0.440775,0.897509,-0.0139382],[-0.806131,0.402633,0.433635],[0.394803,-0.1799,0.900981]],[[0.440775,0.897509,-0.0139382],[-0.890839,0.439299,0.115854],[0.110103,-0.038649,0.993168]]],"btipPosition":[18.935,290.156,-64.9448],"carpPosition":[65.8713,268.367,16.3608],"dipPosition":[21.3215,289.318,-43.4182],"direction":[-0.394803,0.1799,-0.900981],"extended":true,"handId":165,"id":1650,"length":48.2663,"mcpPosition":[65.8713,268.367,16.3608],"pipPosition":[33.7881,283.637,-14.9681],"stabilizedTipPosition":[19.7335,289.42,-60.2397],"timeVisible":0.125542,"tipPosition":[22.7497,293.013,-61.7403],"tipVelocity":[-94.9929,196.402,92.9969],"tool":false,"touchDistance":0.527025,"touchZone":"hovering","type":0,"width":20.2111},{"bases":[[[0.907331,-0.376488,-0.187101],[0.415989,0.868383,0.269933],[0.0608485,-0.322751,0.944526]],[[0.904951,-0.366084,-0.2169],[0.357806,0.930553,-0.0777519],[0.230301,-0.00724635,0.973093]],[[0.904951,-0.366084,-0.2169],[0.102714,0.682595,-0.723542],[0.412932,0.632492,0.655317]],[[0.904951,-0.366084,-0.2169],[-0.0989834,0.314643,-0.944035],[0.413843,0.875775,0.2485]]],"btipPosition":[66.6958,275.454,-112.044],"carpPosition":[97.5975,287.349,5.4801],"dipPosition":[73.8569,290.608,-107.745],"direction":[-0.412932,-0.632492,-0.655317],"extended":false,"handId":165,"id":1653,"length":59.6689,"mcpPosition":[93.9805,306.535,-50.6664],"pipPosition":[84.4509,306.835,-90.932],"stabilizedTipPosition":[68.3631,270.502,-107.102],"timeVisible":0.125542,"tipPosition":[68.024,272.881,-101.754],"tipVelocity":[-32.6044,778.94,-300.527],"tool":false,"touchDistance":-0.32145,"touchZone":"touching","type":3,"width":18.0424},{"bases":[[[0.826986,-0.549584,-0.118536],[0.555779,0.767305,0.319925],[-0.0848725,-0.330454,0.939998]],[[0.830205,-0.532294,-0.165597],[0.53963,0.841902,-0.00082063],[0.139854,-0.08868,0.986193]],[[0.830205,-0.532294,-0.165597],[0.294818,0.67136,-0.679969],[0.473119,0.515693,0.714297]],[[0.830205,-0.532294,-0.165597],[0.0363258,0.348084,-0.936759],[0.556273,0.771687,0.308317]]],"btipPosition":[89.7612,278.014,-100.264],"carpPosition":[107.121,278.586,1.61659],"dipPosition":[98.6413,290.332,-95.3422],"direction":[-0.473119,-0.515693,-0.714297],"extended":false,"handId":165,"id":1654,"length":46.7793,"mcpPosition":[111.791,296.77,-50.1085],"pipPosition":[107.211,299.674,-82.4035],"stabilizedTipPosition":[91.5185,276.627,-97.755],"timeVisible":0.125542,"tipPosition":[89.5769,275.495,-90.1862],"tipVelocity":[27.4061,632.155,-186.198],"tool":false,"touchDistance":0.245508,"touchZone":"hovering","type":4,"width":16.0266},{"bases":[[[0.92358,-0.0551201,-0.379422],[0.184215,0.931697,0.31306],[0.336251,-0.359031,0.870651]],[[0.948577,-0.0851061,-0.30489],[0.0545474,0.992719,-0.107396],[0.31181,0.0852426,0.946313]],[[0.948577,-0.0851061,-0.30489],[-0.16803,0.680898,-0.712842],[0.268266,0.727417,0.631584]],[[0.948577,-0.0851061,-0.30489],[-0.26627,0.306326,-0.913928],[0.171177,0.948114,0.267913]]],"btipPosition":[31.4616,278.659,-102.93],"carpPosition":[76.0575,288.27,13.8849],"dipPosition":[34.1702,293.662,-98.6909],"direction":[-0.268266,-0.727417,-0.631584],"extended":false,"handId":165,"id":1651,"length":54.4632,"mcpPosition":[52.5818,313.336,-46.9005],"pipPosition":[40.1753,309.945,-84.553],"stabilizedTipPosition":[32.8922,270.39,-98.2534],"timeVisible":0.125542,"tipPosition":[33.6352,278.489,-95.3316],"tipVelocity":[-158.557,947.272,-441.464],"tool":false,"touchDistance":0.271201,"touchZone":"hovering","type":1,"width":19.3057},{"bases":[[[0.91549,-0.261138,-0.306078],[0.345042,0.900856,0.263446],[0.206937,-0.346792,0.914829]],[[0.918406,-0.26616,-0.292727],[0.247923,0.963764,-0.0984566],[0.308325,0.0178495,0.951114]],[[0.918406,-0.26616,-0.292727],[-0.0321796,0.68718,-0.725774],[0.394328,0.675975,0.622546]],[[0.918406,-0.26616,-0.292727],[-0.211172,0.295905,-0.931583],[0.334569,0.917387,0.215556]]],"btipPosition":[43.171,277.734,-113.655],"carpPosition":[86.8432,289.339,9.51807],"dipPosition":[48.9938,293.7,-109.904],"direction":[-0.394328,-0.675975,-0.622546],"extended":false,"handId":165,"id":1652,"length":62.0564,"mcpPosition":[73.1422,312.299,-51.0514],"pipPosition":[59.3787,311.503,-93.5088],"stabilizedTipPosition":[45.1022,271.321,-107.729],"timeVisible":0.125542,"tipPosition":[45.2738,274.881,-103.766],"tipVelocity":[-73.374,865.266,-346.012],"tool":false,"touchDistance":-0.338925,"touchZone":"touching","type":2,"width":18.9607}],"r":[[0.998401,0.0415554,0.038311],[-0.0438142,0.997228,0.0601367],[-0.0357058,-0.0617191,0.997455]],"s":0.890594,"t":[-3.82892,47.9248,-7.63674],"timestamp":258233312058},{"currentFrameRate":32.1085,"devices":[],"gestures":[],"hands":[{"armBasis":[[0.903029,-0.0319131,-0.428393],[0.215651,0.896152,0.387823],[0.371528,-0.442598,0.816133]],"armWidth":62.6432,"confidence":0.616656,"direction":[-0.15785,0.484269,-0.860562],"elbow":[194.781,154.806,237.628],"grabAngle":1.47214,"grabStrength":0.404154,"id":165,"palmNormal":[-0.226597,-0.865996,-0.445763],"palmPosition":[78.1562,299.937,-32.921],"palmVelocity":[-23.3419,267.407,-4.30652],"palmWidth":86.3477,"pinchDistance":44.4002,"pinchStrength":0.356367,"r":[[0.997443,0.0561677,0.0441841],[-0.0595527,0.995059,0.0794453],[-0.0395036,-0.0818735,0.99586]],"s":0.910431,"sphereCenter":[69.5113,248.545,-79.0409],"sphereRadius":67.127,"stabilizedPalmPosition":[78.2199,299.294,-32.9532],"t":[-4.40886,53.7299,-7.47569],"timeVisible":0.136596,"type":"right","wrist":[99.5861,268.21,28.5148]}],"id":113880,"interactionBox":{"center":[0,200,0],"size":[235.247,235.247,147.751]},"pointables":[{"bases":[[[0.558622,0.818913,0.131616],[-0.610557,0.298599,0.733525],[0.561393,-0.490122,0.666797]],[[0.4223,0.906289,-0.0174209],[-0.589638,0.289247,0.754098],[0.688469,-0.308184,0.656531]],[[0.4223,0.906289,-0.0174209],[-0.811488,0.38655,0.438254],[0.403919,-0.170938,0.898682]],[[0.4223,0.906289,-0.0174209],[-0.897729,0.420818,0.130368],[0.125482,-0.0394151,0.991313]]],"btipPosition":[18.2278,291.544,-64.8483],"carpPosition":[66.3153,270.693,16.1161],"dipPosition":[20.9475,290.689,-43.3619],"direction":[-0.403919,0.170938,-0.898682],"extended":true,"handId":165,"id":1650,"length":48.2663,"mcpPosition":[66.3153,270.693,16.1161],"pipPosition":[33.702,285.292,-14.9843],"stabilizedTipPosition":[19.029,290.963,-59.9729],"timeVisible":0.136596,"tipPosition":[22.0291,295.338,-61.2602],"tipVelocity":[-57.0493,125.221,7.89972],"tool":false,"touchDistance":0.508965,"touchZone":"hovering","type":0,"width":20.2111},{"bases":[[[0.909637,-0.365023,-0.198291],[0.409128,0.8699,0.275478],[0.0719376,-0.331711,0.940634]],[[0.907049,-0.354837,-0.226612],[0.353996,0.934126,-0.0457649],[0.227923,-0.0387087,0.972909]],[[0.907049,-0.354837,-0.226612],[0.125623,0.741814,-0.658734],[0.401847,0.569036,0.717437]],[[0.907049,-0.354837,-0.226612],[-0.0587974,0.426206,-0.902714],[0.4169,0.832129,0.365726]]],"btipPosition":[66.5212,282.438,-115.733],"carpPosition":[97.7522,290.116,5.17508],"dipPosition":[73.7351,296.837,-109.404],"direction":[-0.401847,-0.569036,-0.717437],"extended":false,"handId":165,"id":1653,"length":59.6689,"mcpPosition":[93.4759,309.834,-50.7401],"pipPosition":[84.0447,311.436,-90.9981],"stabilizedTipPosition":[68.277,277.687,-110.483],"timeVisible":0.136596,"tipPosition":[67.6213,278.584,-104.804],"tipVelocity":[-14.6999,616.159,-291.451],"tool":false,"touchDistance":-0.365964,"touchZone":"touching","type":3,"width":18.0424},{"bases":[[[0.831661,-0.539643,-0.130863],[0.550367,0.769789,0.323296],[-0.0737275,-0.340896,0.937206]],[[0.834058,-0.524523,-0.170946],[0.53538,0.84434,0.0214252],[0.133098,-0.109391,0.985047]],[[0.834058,-0.524523,-0.170946],[0.319959,0.712352,-0.624644],[0.449414,0.466294,0.761969]],[[0.834058,-0.524523,-0.170946],[0.0900816,0.435195,-0.895819],[0.544272,0.731766,0.410228]]],"btipPosition":[90.2035,283.706,-103.035],"carpPosition":[107.334,281.493,1.1448],"dipPosition":[98.892,295.387,-96.4863],"direction":[-0.449414,-0.466294,-0.761969],"extended":false,"handId":165,"id":1654,"length":46.7793,"mcpPosition":[111.391,300.251,-50.4266],"pipPosition":[107.033,303.834,-82.6841],"stabilizedTipPosition":[91.9203,282.368,-99.9737],"timeVisible":0.136596,"tipPosition":[89.586,280.343,-92.3445],"tipVelocity":[36.0241,501.674,-216.827],"tool":false,"touchDistance":0.250771,"touchZone":"hovering","type":4,"width":16.0266},{"bases":[[[0.920965,-0.0415577,-0.387423],[0.177069,0.930336,0.321125],[0.347088,-0.364346,0.864166]],[[0.948956,-0.0748521,-0.306399],[0.0619331,0.996741,-0.0516855],[0.30927,0.030071,0.950499]],[[0.948956,-0.0748521,-0.306399],[-0.135728,0.779977,-0.610912],[0.284712,0.621315,0.730004]],[[0.948956,-0.0748521,-0.306399],[-0.236736,0.472889,-0.848724],[0.208422,0.877937,0.431031]]],"btipPosition":[30.0644,287.166,-107.55],"carpPosition":[76.2733,290.726,13.7628],"dipPosition":[33.3623,301.058,-100.73],"direction":[-0.284712,-0.621315,-0.730004],"extended":false,"handId":165,"id":1651,"length":54.4632,"mcpPosition":[52.041,316.163,-46.5699],"pipPosition":[39.7356,314.966,-84.3889],"stabilizedTipPosition":[32.0718,278.308,-101.317],"timeVisible":0.136596,"tipPosition":[32.3675,284.327,-98.5454],"tipVelocity":[-114.138,746.482,-364.256],"tool":false,"touchDistance":0.276661,"touchZone":"hovering","type":1,"width":19.3057},{"bases":[[[0.91562,-0.248387,-0.316138],[0.337797,0.901692,0.269899],[0.21802,-0.353915,0.909512]],[[0.919598,-0.255068,-0.298796],[0.250214,0.966623,-0.055081],[0.302873,-0.0241106,0.952726]],[[0.919598,-0.255068,-0.298796],[-0.00336045,0.755432,-0.655218],[0.392846,0.603542,0.693837]],[[0.919598,-0.255068,-0.298796],[-0.174525,0.416159,-0.892386],[0.351966,0.872784,0.338184]]],"btipPosition":[42.5848,285.376,-117.585],"carpPosition":[87.0111,291.952,9.32012],"dipPosition":[48.7104,300.565,-111.699],"direction":[-0.392846,-0.603542,-0.693837],"extended":false,"handId":165,"id":1652,"length":62.0564,"mcpPosition":[72.5763,315.384,-50.8973],"pipPosition":[59.0562,316.46,-93.4266],"stabilizedTipPosition":[44.6072,279.157,-111.526],"timeVisible":0.136596,"tipPosition":[44.4884,281.053,-107.087],"tipVelocity":[-46.7311,675.121,-311.082],"tool":false,"touchDistance":-0.384947,"touchZone":"touching","type":2,"width":18.9607}],"r":[[0.997443,0.0561677,0.0441841],[-0.0595527,0.995059,0.0794453],[-0.0395036,-0.0818735,0.99586]],"s":0.910431,"t":[-4.40886,53.7299,-7.47569],"timestamp":258233323112},{"currentFrameRate":35.3097,"devices":[],"gestures":[],"hand