{"frames":377,"data":[{"currentFrameRate":24.2293,"devices":[],"gestures":[],"hands":[],"id":114480,"interactionBox":{"center":[0,200,0],"size":[235.247,235.247,147.751]},"pointables":[],"r":[[-0.962136,-0.269906,0.0380192],[0.215739,-0.839331,-0.498979],[0.166588,-0.471883,0.86578]],"s":0.686793,"t":[505.899,-233.461,348.339],"timestamp":258250350982},{"currentFrameRate":24.2188,"devices":[],"gestures":[],"hands":[],"id":114481,"interactionBox":{"center":[0,200,0],"size":[235.247,235.247,147.751]},"pointables":[],"r":[[-0.962136,-0.269906,0.0380192],[0.215739,-0.839331,-0.498979],[0.166588,-0.471883,0.86578]],"s":0.686793,"t":[505.899,-233.461,348.339],"timestamp":258250392351},{"currentFrameRate":24.2263,"devices":[],"gestures":[],"hands":[],"id":114482,"interactionBox":{"center":[0,200,0],"size":[235.247,235.247,147.751]},"pointables":[],"r":[[-0.962136,-0.269906,0.0380192],[0.215739,-0.839331,-0.498979],[0.166588,-0.471883,0.86578]],"s":0.686793,"t":[505.899,-233.461,348.339],"timestamp":258250433572},{"currentFrameRate":24.2258,"devices":[],"gestures":[],"hands":[],"id":114483,"interactionBox":{"center":[0,200,0],"size":[235.247,235.247,147.751]},"pointables":[],"r":[[-0.962136,-0.269906,0.0380192],[0.215739,-0.839331,-0.498979],[0.166588,-0.471883,0.86578]],"s":0.686793,"t":[505.899,-233.461,348.339],"timestamp":258250474854},{"currentFrameRate":24.2283,"devices":[],"gestures":[],"hands":[],"id":114484,"interactionBox":{"center":[0,200,0],"size":[235.247,235.247,147.751]},"pointables":[],"r":[[-0.962136,-0.269906,0.0380192],[0.215739,-0.839331,-0.498979],[0.166588,-0.471883,0.86578]],"s":0.686793,"t":[505.899,-233.461,348.339],"timestamp":258250516110},{"currentFrameRate":24.2255,"devices":[],"gestures":[],"hands":[],"id":114485,"interactionBox":{"center":[0,200,0],"size":[235.247,235.247,147.751]},"pointables":[],"r":[[-0.962136,-0.269906,0.0380192],[0.215739,-0.839331,-0.498979],[0.166588,-0.471883,0.86578]],"s":0.686793,"t":[505.899,-233.461,348.339],"timestamp":258250557409},{"currentFrameRate":24.2272,"devices":[],"gestures":[],"hands":[],"id":114486,"interactionBox":{"center":[0,200,0],"size":[235.247,235.247,147.751]},"pointables":[],"r":[[-0.962136,-0.269906,0.0380192],[0.215739,-0.839331,-0.498979],[0.166588,-0.471883,0.86578]],"s":0.686793,"t":[505.899,-233.461,348.339],"timestamp":258250598673},{"currentFrameRate":24.2169,"devices":[],"gestures":[],"hands":[],"id":114487,"interactionBox":{"center":[0,200,0],"size":[235.247,235.247,147.751]},"pointables":[],"r":[[-0.962136,-0.269906,0.0380192],[0.215739,-0.839331,-0.498979],[0.166588,-0.471883,0.86578]],"s":0.686793,"t":[505.899,-233.461,348.339],"timestamp":258250640043},{"currentFrameRate":24.2255,"devices":[],"gestures":[],"hands":[],"id":114488,"interactionBox":{"center":[0,200,0],"size":[235.247,235.247,147.751]},"pointables":[],"r":[[-0.962136,-0.269906,0.0380192],[0.215739,-0.839331,-0.498979],[0.166588,-0.471883,0.86578]],"s":0.686793,"t":[505.899,-233.461,348.339],"timestamp":258250681258},{"currentFrameRate":24.2315,"devices":[],"gestures":[],"hands":[],"id":114489,"interactionBox":{"center":[0,200,0],"size":[235.247,235.247,147.751]},"pointables":[],"r":[[-0.962136,-0.269906,0.0380192],[0.215739,-0.839331,-0.498979],[0.166588,-0.471883,0.86578]],"s":0.686793,"t":[505.899,-233.461,348.339],"timestamp":258250722482},{"currentFrameRate":24.2173,"devices":[],"gestures":[],"hands":[],"id":114490,"interactionBox":{"center":[0,200,0],"size":[235.247,235.247,147.751]},"pointables":[],"r":[[-0.962136,-0.269906,0.0380192],[0.215739,-0.839331,-0.498979],[0.166588,-0.471883,0.86578]],"s":0.686793,"t":[505.899,-233.461,348.339],"timestamp":258250763880},{"currentFrameRate":24.2211,"devices":[],"gestures":[],"hands":[],"id":114491,"interactionBox":{"center":[0,200,0],"size":[235.247,235.247,147.751]},"pointables":[],"r":[[-0.962136,-0.269906,0.0380192],[0.215739,-0.839331,-0.498979],[0.166588,-0.471883,0.86578]],"s":0.686793,"t":[505.899,-233.461,348.339],"timestamp":258250805138},{"currentFrameRate":24.2298,"devices":[],"gestures":[],"hands":[{"armBasis":[[0.348127,-0.930663,-0.112577],[0.875054,0.365684,-0.317105],[0.336286,0.0118814,0.941685]],"armWidth":59.1643,"confidence":0,"direction":[0.00650233,0.0813604,-0.996664],"elbow":[171.86,156.486,267.762],"grabAngle":3.14159,"grabStrength":1,"id":166,"palmNormal":[-0.932254,-0.360061,-0.0354749],"palmPosition":[78.2191,163.429,-37.6688],"palmVelocity":[1.19209e-7,1.19209e-7,1.19209e-7],"palmWidth":84.4847,"pinchDistance":13.7414,"pinchStrength":0.790711,"r":[[1,1.43765e-17,1.04083e-18],[-1.43765e-17,1,-8.32667e-18],[-1.04083e-18,8.32667e-18,1]],"s":1,"sphereCenter":[42.1702,147.915,-53.0819],"sphereRadius":34.611,"stabilizedPalmPosition":[78.2191,163.429,-37.6688],"t":[0,0,0],"timeVisible":0,"type":"right","wrist":[87.5546,153.508,31.6845]}],"id":114492,"interactionBox":{"center":[0,200,0],"size":[235.247,235.247,147.751]},"pointables":[{"bases":[[[0.980668,-0.0360529,-0.192331],[0.123248,0.877227,0.463986],[0.15199,-0.47872,0.864712]],[[0.898731,0.0996012,-0.427038],[0.102345,0.899319,0.425147],[0.426389,-0.425799,0.798053]],[[0.898731,0.0996012,-0.427038],[-0.12826,0.990981,-0.0387974],[0.419323,0.0896403,0.903401]],[[0.898731,0.0996012,-0.427038],[-0.30147,0.847546,-0.436786],[0.31843,0.521292,0.791743]]],"btipPosition":[25.2912,180.517,-66.1115],"carpPosition":[65.2483,174.947,16.6819],"dipPosition":[32.2108,191.845,-48.9066],"direction":[-0.419323,-0.0896403,-0.903401],"extended":false,"handId":166,"id":1660,"length":48.3903,"mcpPosition":[65.2483,174.947,16.6819],"pipPosition":[45.4857,194.683,-20.3068],"stabilizedTipPosition":[26.8827,183.122,-62.1544],"timeVisible":0,"tipPosition":[26.8827,183.122,-62.1544],"tipVelocity":[1.19209e-7,1.19209e-7,1.19209e-7],"tool":false,"touchDistance":0.601018,"touchZone":"hovering","type":0,"width":18.8022},{"bases":[[[0.357703,-0.90252,-0.239805],[0.913881,0.391123,-0.108833],[0.192018,-0.180224,0.964701]],[[0.39172,-0.919932,-0.0167394],[0.195949,0.101186,-0.97538],[0.898977,0.378795,0.219897]],[[0.39172,-0.919932,-0.0167394],[-0.8441,-0.35207,-0.404403],[0.36613,0.172542,-0.914428]],[[0.39172,-0.919932,-0.0167394],[-0.88228,-0.380724,0.276823],[-0.261032,-0.0936683,-0.960775]]],"btipPosition":[31.8939,170.147,-32.0335],"carpPosition":[84.9473,175.333,6.8732],"dipPosition":[27.7529,168.661,-47.2753],"direction":[-0.36613,-0.172542,0.914428],"extended":false,"handId":166,"id":1661,"length":54.6031,"mcpPosition":[71.8307,187.644,-59.0253],"pipPosition":[35.9697,172.533,-67.7972],"stabilizedTipPosition":[30.9415,169.805,-35.5391],"timeVisible":0,"tipPosition":[30.9415,169.805,-35.5391],"tipVelocity":[1.19209e-7,1.19209e-7,1.19209e-7],"tool":false,"touchDistance":0.333333,"touchZone":"none","type":1,"width":17.9599},{"bases":[[[0.219286,-0.971936,-0.0851754],[0.965192,0.228859,-0.126602],[0.142542,-0.0544486,0.98829]],[[0.220661,-0.972419,-0.0755657],[0.211181,0.123271,-0.969643],[0.952214,0.198004,0.232557]],[[0.220661,-0.972419,-0.0755657],[-0.920479,-0.182001,-0.345824],[0.322533,0.145866,-0.935252]],[[0.220661,-0.972419,-0.0755657],[-0.90421,-0.232997,0.357934],[-0.365669,-0.0106548,-0.930684]]],"btipPosition":[36.3472,156.842,-30.0352],"carpPosition":[90.3324,165.842,3.46133],"dipPosition":[29.9669,156.656,-46.2742],"direction":[-0.322533,-0.145866,0.935252],"extended":false,"handId":166,"id":1662,"length":62.2158,"mcpPosition":[81.0985,169.369,-60.56],"pipPosition":[38.4828,160.508,-70.968],"stabilizedTipPosition":[34.8797,156.8,-33.7702],"timeVisible":0,"tipPosition":[34.8797,156.8,-33.7702],"tipVelocity":[1.19209e-7,1.19209e-7,1.19209e-7],"tool":false,"touchDistance":0.333333,"touchZone":"none","type":2,"width":17.639},{"bases":[[[0.164483,-0.983823,0.0709758],[0.982444,0.156981,-0.100795],[0.0880227,0.0863089,0.992372]],[[0.167158,-0.98064,0.101998],[0.312933,-0.0453332,-0.948693],[0.93495,0.1905,0.299296]],[[0.167158,-0.98064,0.101998],[-0.886342,-0.194776,-0.420072],[0.431806,-0.0201867,-0.901741]],[[0.167158,-0.98064,0.101998],[-0.958375,-0.137327,0.250317],[-0.231464,-0.139595,-0.962776]]],"btipPosition":[42.5224,145.061,-28.6019],"carpPosition":[93.5198,155.043,1.63587],"dipPosition":[38.5069,142.639,-45.3044],"direction":[-0.431806,0.0201867,0.901741],"extended":false,"handId":166,"id":1663,"length":59.8222,"mcpPosition":[88.4002,150.023,-56.0821],"pipPosition":[49.6136,142.12,-68.4984],"stabilizedTipPosition":[41.5988,144.504,-32.4435],"timeVisible":0,"tipPosition":[41.5988,144.504,-32.4435],"tipVelocity":[1.19209e-7,1.19209e-7,1.19209e-7],"tool":false,"touchDistance":0.333333,"touchZone":"none","type":3,"width":16.7846},{"bases":[[[0.00896119,-0.979545,0.201027],[0.999959,0.00905429,-0.000456367],[-0.00137312,0.201023,0.979586]],[[0.00889105,-0.969607,0.244506],[0.532769,-0.202328,-0.821718],[0.846214,0.137571,0.514777]],[[0.00889105,-0.969607,0.244506],[-0.766246,-0.163711,-0.621343],[0.642486,-0.181828,-0.744413]],[[0.00889105,-0.969607,0.244506],[-0.999023,0.00197358,0.0441541],[-0.0432946,-0.24466,-0.968642]]],"btipPosition":[52.3442,133.991,-37.8762],"carpPosition":[91.0274,142.113,2.74357],"dipPosition":[51.6513,130.075,-53.3788],"direction":[-0.642486,0.181828,0.744412],"extended":false,"handId":166,"id":1664,"length":46.8995,"mcpPosition":[91.1013,131.29,-49.9969],"pipPosition":[63.3191,126.773,-66.8976],"stabilizedTipPosition":[52.1848,133.09,-41.4418],"timeVisible":0,"tipPosition":[52.1848,133.09,-41.4418],"tipVelocity":[1.19209e-7,1.19209e-7,1.19209e-7],"tool":false,"touchDistance":0.333333,"touchZone":"none","type":4,"width":14.9094}],"r":[[1,1.43765e-17,1.04083e-18],[-1.43765e-17,1,-8.32667e-18],[-1.04083e-18,8.32667e-18,1]],"s":1,"t":[0,0,0],"timestamp":258250846345},{"currentFrameRate":20.1133,"devices":[],"gestures":[],"hands":[{"armBasis":[[0.409699,-0.824252,-0.390839],[0.852553,0.498386,-0.157368],[0.324499,-0.268738,0.906907]],"armWidth":62.7631,"confidence":0.4109,"direction":[-0.0685135,0.0405448,-0.996826],"elbow":[171.013,107.384,261.246],"grabAngle":3.07358,"grabStrength":1,"id":166,"palmNormal":[-0.866808,-0.497087,0.0393587],"palmPosition":[75.2502,184.081,-34.8426],"palmVelocity":[-35.8153,249.131,34.0935],"palmWidth":84.4847,"pinchDistance":17.8862,"pinchStrength":0.905922,"r":[[0.999454,0.0300919,-0.0136715],[-0.030179,0.999525,-0.00620921],[0.0134781,0.0066184,0.999887]],"s":0.991566,"sphereCenter":[41.3507,165.04,-48.875],"sphereRadius":34.7789,"stabilizedPalmPosition":[75.3791,183.184,-34.9654],"t":[-1.48446,10.3259,1.41309],"timeVisible":0.082895,"type":"right","wrist":[89.6626,174.756,33.8874]}],"id":114493,"interactionBox":{"center":[0,200,0],"size":[235.247,235.247,147.751]},"pointables":[{"bases":[[[0.960676,0.10374,-0.257563],[0.0168887,0.904039,0.427117],[0.277156,-0.414671,0.866737]],[[0.867913,0.198839,-0.455182],[0.0302254,0.893542,0.447961],[0.495796,-0.40255,0.769507]],[[0.867913,0.198839,-0.455182],[-0.230242,0.973033,-0.0139586],[0.440131,0.116917,0.890289]],[[0.867913,0.198839,-0.455182],[-0.411597,0.800872,-0.434961],[0.278055,0.56486,0.776929]]],"btipPosition":[22.6181,199.589,-57.5473],"carpPosition":[64.1097,195.736,19.8835],"dipPosition":[28.2176,210.964,-41.9016],"direction":[-0.440131,-0.116917,-0.890289],"extended":false,"handId":166,"id":1660,"length":44.8444,"mcpPosition":[64.1097,195.736,19.8835],"pipPosition":[41.1302,214.394,-15.7822],"stabilizedTipPosition":[24.3786,199.175,-55.2517],"timeVisible":0.082895,"tipPosition":[21.7148,197.981,-55.3331],"tipVelocity":[-35.909,230.205,98.9875],"tool":false,"touchDistance":0.697333,"touchZone":"hovering","type":0,"width":20.448},{"bases":[[[0.475398,-0.847641,-0.235588],[0.834897,0.519104,-0.18297],[0.277388,-0.109708,0.954474]],[[0.491944,-0.852872,-0.17493],[0.183235,0.297849,-0.936862],[0.851127,0.42883,0.302801]],[[0.491944,-0.852872,-0.17493],[-0.824029,-0.391266,-0.409741],[0.281012,0.345717,-0.895272]],[[0.491944,-0.852872,-0.17493],[-0.816739,-0.521674,0.246565],[-0.301545,0.0215763,-0.953208]]],"btipPosition":[31.0413,182.807,-35.0136],"carpPosition":[82.865,198.673,8.7468],"dipPosition":[26.6081,183.124,-49.0272],"direction":[-0.281012,-0.345717,0.895272],"extended":false,"handId":166,"id":1661,"length":50.6019,"mcpPosition":[63.9168,206.167,-56.4531],"pipPosition":[32.4526,190.314,-67.6469],"stabilizedTipPosition":[30.3344,178.435,-37.3197],"timeVisible":0.082895,"tipPosition":[28.7543,183.157,-33.4032],"tipVelocity":[-11.096,157.725,-32.5427],"tool":false,"touchDistance":0.333333,"touchZone":"none","type":1,"width":19.5319},{"bases":[[[0.359161,-0.930662,-0.0698024],[0.909137,0.365792,-0.199165],[0.210889,0.00807249,0.977477]],[[0.360886,-0.930563,-0.0617505],[0.253462,0.161586,-0.953754],[0.897507,0.328545,0.294177]],[[0.360886,-0.930563,-0.0617505],[-0.86483,-0.309142,-0.3956],[0.349041,0.19617,-0.916345]],[[0.360886,-0.930563,-0.0617505],[-0.895057,-0.364194,0.257362],[-0.261981,-0.037608,-0.96434]]],"btipPosition":[34.2201,171.626,-32.2359],"carpPosition":[89.4097,189.967,5.27104],"dipPosition":[29.9839,171.018,-47.8291],"direction":[-0.349041,-0.19617,0.916345],"extended":false,"handId":166,"id":1662,"length":57.6567,"mcpPosition":[75.7483,189.444,-58.0499],"pipPosition":[38.5244,175.818,-70.2508],"stabilizedTipPosition":[33.625,168.077,-35.3461],"timeVisible":0.082895,"tipPosition":[33.5513,171.307,-31.0494],"tipVelocity":[-19.7114,177.166,-24.7563],"tool":false,"touchDistance":0.333333,"touchZone":"none","type":2,"width":19.1829},{"bases":[[[0.316717,-0.944239,0.090016],[0.938733,0.298437,-0.172382],[0.135906,0.139097,0.980909]],[[0.320696,-0.939583,0.119741],[0.358982,0.00358126,-0.933338],[0.876519,0.342302,0.338442]],[[0.320696,-0.939583,0.119741],[-0.809702,-0.337543,-0.48005],[0.491465,0.0569951,-0.869031]],[[0.320696,-0.939583,0.119741],[-0.940083,-0.300288,0.161467],[-0.115755,-0.164349,-0.979587]]],"btipPosition":[42.6294,159.736,-30.0315],"carpPosition":[94.0858,179.703,3.56765],"dipPosition":[40.7684,157.094,-45.7803],"direction":[-0.491465,-0.0569951,0.869031],"extended":false,"handId":166,"id":1663,"length":55.4385,"mcpPosition":[86.1813,171.613,-53.4835],"pipPosition":[52.4833,158.453,-66.495],"stabilizedTipPosition":[42.0634,155.779,-33.3765],"timeVisible":0.082895,"tipPosition":[42.2917,159.74,-29.1903],"tipVelocity":[7.26914,176.425,-14.5994],"tool":false,"touchDistance":0.333333,"touchZone":"none","type":3,"width":18.2538},{"bases":[[[0.170829,-0.958037,0.230177],[0.984861,0.159049,-0.06894],[0.0294377,0.23847,0.970704]],[[0.172605,-0.936521,0.305181],[0.617204,-0.138628,-0.774494],[0.767637,0.32204,0.554097]],[[0.172605,-0.936521,0.305181],[-0.490893,-0.3504,-0.797649],[0.85395,-0.0121331,-0.520213]],[[0.172605,-0.936521,0.305181],[-0.91808,-0.265209,-0.294608],[0.356844,-0.229329,-0.905578]]],"btipPosition":[49.0641,147.569,-41.6921],"carpPosition":[93.6689,166.601,5.24255],"dipPosition":[54.3567,144.168,-55.1233],"direction":[-0.85395,0.0121331,0.520213],"extended":false,"handId":166,"id":1664,"length":43.4628,"mcpPosition":[92.084,153.762,-47.0197],"pipPosition":[68.7284,143.964,-63.8783],"stabilizedTipPosition":[50.8755,142.512,-43.7388],"timeVisible":0.082895,"tipPosition":[52.2008,148.488,-40.1448],"tipVelocity":[-22.9621,165.234,-40.2854],"tool":false,"touchDistance":0.333333,"touchZone":"none","type":4,"width":16.2144}],"r":[[0.999454,0.0300919,-0.0136715],[-0.030179,0.999525,-0.00620921],[0.0134781,0.0066184,0.999887]],"s":0.991566,"t":[-1.48446,10.3259,1.41309],"timestamp":258250929240},{"currentFrameRate":21.8103,"devices":[],"gestures":[],"hands":[{"armBasis":[[0.374013,-0.777204,-0.506033],[0.862381,0.492186,-0.118544],[0.341194,-0.392056,0.854329]],"armWidth":62.7631,"confidence":0.538949,"direction":[-0.0581535,0.0464947,-0.997224],"elbow":[174.414,81.2027,246.367],"grabAngle":3.03692,"grabStrength":1,"id":166,"palmNormal":[-0.871281,-0.489988,0.0279638],"palmPosition":[74.8985,190.54,-36.3094],"palmVelocity":[-11.1632,205.026,-46.5542],"palmWidth":84.4847,"pinchDistance":17.3711,"pinchStrength":0.956006,"r":[[0.998367,0.0524122,-0.0227207],[-0.0526459,0.998565,-0.00981016],[0.0221739,0.0109903,0.999694]],"s":0.981362,"sphereCenter":[39.9562,173.301,-50.8572],"sphereRadius":34.8152,"stabilizedPalmPosition":[75.0043,188.921,-36.0136],"t":[-2.40254,18.7187,1.38625],"timeVisible":0.114402,"type":"right","wrist":[88.8777,179.49,32.1898]}],"id":114494,"interactionBox":{"center":[0,200,0],"size":[235.247,235.247,147.751]},"pointables":[{"bases":[[[0.964049,0.0970486,-0.24737],[0.0201458,0.901548,0.43221],[0.264961,-0.421655,0.867181]],[[0.876536,0.192014,-0.441378],[0.0449159,0.880356,0.472182],[0.479235,-0.433709,0.76304]],[[0.876536,0.192014,-0.441378],[-0.226357,0.973699,-0.025934],[0.42479,0.122641,0.896946]],[[0.876536,0.192014,-0.441378],[-0.4199,0.75331,-0.50617],[0.235303,0.629011,0.74093]]],"btipPosition":[23.8934,205.831,-58.2359],"carpPosition":[63.3065,201.994,18.3656],"dipPosition":[28.632,218.498,-43.3151],"direction":[-0.42479,-0.122641,-0.896946],"extended":false,"handId":166,"id":1660,"length":44.8444,"mcpPosition":[63.3065,201.994,18.3656],"pipPosition":[41.0945,222.096,-17.0004],"stabilizedTipPosition":[24.7836,205.584,-54.9519],"timeVisible":0.114402,"tipPosition":[22.0095,205.364,-57.0196],"tipVelocity":[34.1921,207.548,-27.1464],"tool":false,"touchDistance":0.648103,"touchZone":"hovering","type":0,"width":20.448},{"bases":[[[0.470645,-0.850324,-0.235461],[0.840999,0.513047,-0.171764],[0.266858,-0.117182,0.956585]],[[0.484284,-0.855386,-0.183802],[0.216308,0.320619,-0.922179],[0.84775,0.406839,0.340298]],[[0.484284,-0.855386,-0.183802],[-0.809018,-0.357833,-0.466311],[0.333106,0.374526,-0.865315]],[[0.484284,-0.855386,-0.183802],[-0.833464,-0.514941,0.200434],[-0.266095,0.0561256,-0.962311]]],"btipPosition":[29.6124,189.183,-38.3467],"carpPosition":[82.1966,204.833,7.43327],"dipPosition":[25.7004,190.009,-52.4942],"direction":[-0.333106,-0.374526,0.865315],"extended":false,"handId":166,"id":1661,"length":50.6019,"mcpPosition":[63.9676,212.838,-57.9108],"pipPosition":[32.6282,197.798,-70.4909],"stabilizedTipPosition":[29.5817,183.512,-39.3067],"timeVisible":0.114402,"tipPosition":[28.4205,189.931,-36.0291],"tipVelocity":[-41.5484,206.087,-106.767],"tool":false,"touchDistance":0.333333,"touchZone":"none","type":1,"width":19.5319},{"bases":[[[0.35206,-0.933258,-0.071303],[0.914115,0.359206,-0.188056],[0.201117,0.00102769,0.979567]],[[0.348746,-0.933151,-0.0872082],[0.295292,0.197715,-0.934725],[0.889482,0.300229,0.344504]],[[0.348746,-0.933151,-0.0872082],[-0.846671,-0.273784,-0.456279],[0.401901,0.232962,-0.885553]],[[0.348746,-0.933151,-0.0872082],[-0.910739,-0.359384,0.203462],[-0.221202,0.00846743,-0.975191]]],"btipPosition":[32.5263,177.735,-36.3321],"carpPosition":[88.7029,196.091,3.97551],"dipPosition":[28.9495,177.872,-52.1008],"direction":[-0.401901,-0.232962,0.885553],"extended":false,"handId":166,"id":1662,"length":57.6567,"mcpPosition":[75.6745,196.024,-59.4808],"pipPosition":[38.7834,183.572,-73.769],"stabilizedTipPosition":[32.7039,172.722,-37.5574],"timeVisible":0.114402,"tipPosition":[32.8552,178.048,-34.0462],"tipVelocity":[-48.9455,199.35,-131.29],"tool":false,"touchDistance":0.333333,"touchZone":"none","type":2,"width":19.1829},{"bases":[[[0.3079,-0.94734,0.0880062],[0.942877,0.291461,-0.161347],[0.1272,0.132658,0.982966]],[[0.308884,-0.946275,0.0956778],[0.40487,0.0397933,-0.913508],[0.860622,0.320905,0.39541]],[[0.308884,-0.946275,0.0956778],[-0.781674,-0.309881,-0.541258],[0.541828,0.092397,-0.835395]],[[0.308884,-0.946275,0.0956778],[-0.949148,-0.300244,0.09472],[-0.0609044,-0.12007,-0.990895]]],"btipPosition":[40.8888,165.472,-34.2661],"carpPosition":[93.31,185.797,2.26278],"dipPosition":[39.9096,163.542,-50.1967],"direction":[-0.541828,-0.092397,0.835395],"extended":false,"handId":166,"id":1663,"length":55.4385,"mcpPosition":[85.9118,178.082,-54.9081],"pipPosition":[52.825,165.744,-70.1097],"stabilizedTipPosition":[41.4363,159.923,-35.4165],"timeVisible":0.114402,"tipPosition":[41.5208,166.222,-32.2023],"tipVelocity":[-48.8088,187.249,-135.73],"tool":false,"touchDistance":0.333333,"touchZone":"none","type":3,"width":18.2538},{"bases":[[[0.160501,-0.960667,0.226624],[0.986798,0.151134,-0.0582139],[0.0216736,0.232975,0.972241]],[[0.160936,-0.955351,0.2478],[0.64527,-0.0881317,-0.758854],[0.746811,0.282025,0.602275]],[[0.160936,-0.955351,0.2478],[-0.473583,-0.29503,-0.829865],[0.86592,0.0162015,-0.499919]],[[0.160936,-0.955351,0.2478],[-0.917203,-0.237487,-0.319905],[0.36447,-0.175798,-0.914471]]],"btipPosition":[48.8991,153.902,-44.8312],"carpPosition":[92.7669,172.691,3.86165],"dipPosition":[54.3048,151.294,-58.3944],"direction":[-0.86592,-0.0162015,0.499919],"extended":false,"handId":166,"id":1664,"length":43.4628,"mcpPosition":[91.6,160.148,-48.4834],"pipPosition":[68.878,151.567,-66.8078],"stabilizedTipPosition":[50.526,147.657,-45.7471],"timeVisible":0.114402,"tipPosition":[51.484,155.014,-42.5338],"tipVelocity":[-4.40912,206.771,-100.597],"tool":false,"touchDistance":0.333333,"touchZone":"none","type":4,"width":16.2144}],"r":[[0.998367,0.0524122,-0.0227207],[-0.0526459,0.998565,-0.00981016],[0.0221739,0.0109903,0.999694]],"s":0.981362,"t":[-2.40254,18.7187,1.38625],"timestamp":258250960747},{"currentFrameRate":24.5715,"devices":[],"gestures":[],"hands":[{"armBasis":[[0.384316,-0.747098,-0.542352],[0.851595,0.513734,-0.104229],[0.356494,-0.421807,0.833661]],"armWidth":62.7631,"confidence":0.607252,"direction":[-0.0656132,0.0586331,-0.996121],"elbow":[178.511,75.965,240.035],"grabAngle":3.02737,"grabStrength":1,"id":166,"palmNormal":[-0.85934,-0.510716,0.0265422],"palmPosition":[74.4452,193.644,-37.1381],"palmVelocity":[-23.4381,160.466,-42.8475],"palmWidth":84.4847,"pinchDistance":20.3875,"pinchStrength":0.882429,"r":[[0.9967,0.0749788,-0.031092],[-0.0753132,0.997113,-0.00972508],[0.0302731,0.0120346,0.999469]],"s":0.98205,"sphereCenter":[39.2139,176.793,-51.7741],"sphereRadius":35.1394,"stabilizedPalmPosition":[74.6612,191.819,-36.7037],"t":[-3.08823,24.4668,0.958487],"timeVisible":0.133742,"type":"right","wrist":[89.1391,181.711,31.0391]}],"id":114495,"interactionBox":{"center":[0,200,0],"size":[235.247,235.247,147.751]},"pointables":[{"bases":[[[0.959901,0.123083,-0.251875],[0.00174134,0.895827,0.444399],[0.280335,-0.427018,0.859691]],[[0.873912,0.214652,-0.436122],[0.0409849,0.861482,0.506132],[0.484353,-0.460189,0.744062]],[[0.873912,0.214652,-0.436122],[-0.226129,0.973747,0.0261386],[0.430283,0.075777,0.899508]],[[0.873912,0.214652,-0.436122],[-0.421639,0.781184,-0.460405],[0.241865,0.58624,0.773191]]],"btipPosition":[22.9942,211.379,-58.6884],"carpPosition":[62.9378,204.079,17.7583],"dipPosition":[27.8649,223.185,-43.1179],"direction":[-0.430283,-0.075777,-0.899508],"extended":false,"handId":166,"id":1660,"length":44.8444,"mcpPosition":[62.9378,204.079,17.7583],"pipPosition":[40.4886,225.408,-16.728],"stabilizedTipPosition":[24.3618,210.949,-55.0498],"timeVisible":0.133742,"tipPosition":[21.6422,208.699,-56.9175],"tipVelocity":[-44.9229,276.624,-15.6699],"tool":false,"touchDistance":0.61208,"touchZone":"hovering","type":0,"width":20.448},{"bases":[[[0.488962,-0.835727,-0.249955],[0.827605,0.535003,-0.169826],[0.275655,-0.123826,0.953248]],[[0.500616,-0.840365,-0.207772],[0.20179,0.346685,-0.916019],[0.841822,0.416648,0.343133]],[[0.500616,-0.840365,-0.207772],[-0.798987,-0.356173,-0.484521],[0.333172,0.408566,-0.849747]],[[0.500616,-0.840365,-0.207772],[-0.830134,-0.534095,0.160061],[-0.24548,0.0923497,-0.964993]]],"btipPosition":[28.4152,190.711,-39.1899],"carpPosition":[81.6857,207.51,6.75124],"dipPosition":[24.8063,192.069,-53.3769],"direction":[-0.333172,-0.408566,0.849747],"extended":false,"handId":166,"id":1661,"length":50.6019,"mcpPosition":[62.8557,215.968,-58.3649],"pipPosition":[31.7355,200.566,-71.0497],"stabilizedTipPosition":[28.9633,185.838,-40.2811],"timeVisible":0.133742,"tipPosition":[27.9744,191.885,-36.9058],"tipVelocity":[-58.2971,85.3137,-44.07],"tool":false,"touchDistance":0.333333,"touchZone":"none","type":1,"width":19.5319},{"bases":[[[0.373409,-0.92365,-0.0862316],[0.904207,0.383163,-0.18867],[0.207306,-0.0075202,0.978247]],[[0.369083,-0.923302,-0.106258],[0.287432,0.222122,-0.931689],[0.883833,0.313329,0.347368]],[[0.369083,-0.923302,-0.106258],[-0.837826,-0.281051,-0.468036],[0.402275,0.26177,-0.877298]],[[0.369083,-0.923302,-0.106258],[-0.903542,-0.383242,0.19167],[-0.217692,0.0252666,-0.97569]]],"btipPosition":[31.9641,179.649,-37.4004],"carpPosition":[88.3731,198.971,3.13444],"dipPosition":[28.444,180.058,-53.1772],"direction":[-0.402275,-0.26177,0.877298],"extended":false,"handId":166,"id":1662,"length":57.6567,"mcpPosition":[74.9439,199.458,-60.2364],"pipPosition":[38.2871,186.463,-74.6434],"stabilizedTipPosition":[32.2222,174.905,-38.6367],"timeVisible":0.133742,"tipPosition":[32.6679,180.121,-35.0064],"tipVelocity":[-28.3956,102.204,-55.3346],"tool":false,"touchDistance":0.333333,"touchZone":"none","type":2,"width":19.1829},{"bases":[[[0.330613,-0.940928,0.0731352],[0.934722,0.315758,-0.163068],[0.130342,0.122273,0.9839]],[[0.331331,-0.940236,0.0785853],[0.401267,0.0650398,-0.913649],[0.853935,0.334253,0.398836]],[[0.331331,-0.940236,0.0785853],[-0.769477,-0.317475,-0.55418],[0.546009,0.123147,-0.828679]],[[0.331331,-0.940236,0.0785853],[-0.942207,-0.325338,0.0800058],[-0.0496576,-0.100552,-0.993692]]],"btipPosition":[40.5823,167.532,-35.5774],"carpPosition":[93.2096,188.813,1.25275],"dipPosition":[39.7839,165.916,-51.5529],"direction":[-0.546009,-0.123147,0.828679],"extended":false,"handId":166,"id":1663,"length":55.4385,"mcpPosition":[85.6287,181.701,-55.9724],"pipPosition":[52.7989,168.851,-71.3058],"stabilizedTipPosition":[41.1463,161.946,-36.4884],"timeVisible":0.133742,"tipPosition":[41.6271,168.443,-33.3886],"tipVelocity":[-13.6985,110.238,-68.3333],"tool":false,"touchDistance":0.333333,"touchZone":"none","type":3,"width":18.2538},{"bases":[[[0.184459,-0.959604,0.212451],[0.982584,0.175119,-0.0621373],[0.022423,0.220213,0.975194]],[[0.184728,-0.956739,0.224781],[0.630729,-0.0599911,-0.773681],[0.753696,0.284696,0.59236]],[[0.184728,-0.956739,0.224781],[-0.498247,-0.288315,-0.817695],[0.847128,0.0390545,-0.529952]],[[0.184728,-0.956739,0.224781],[-0.924737,-0.246652,-0.28987],[0.332773,-0.154316,-0.930295]]],"btipPosition":[49.6534,156.79,-45.135],"carpPosition":[92.9846,175.677,2.67505],"dipPosition":[54.589,154.502,-58.9328],"direction":[-0.847128,-0.0390545,0.529952],"extended":false,"handId":166,"id":1664,"length":43.4628,"mcpPosition":[91.7774,163.821,-49.829],"pipPosition":[68.8459,155.159,-67.8518],"stabilizedTipPosition":[50.6257,150.926,-46.72],"timeVisible":0.133742,"tipPosition":[51.7707,157.582,-43.9762],"tipVelocity":[33.4109,153.158,-18.4988],"tool":false,"touchDistance":0.333333,"touchZone":"none","type":4,"width":16.2144}],"r":[[0.9967,0.0749788,-0.031092],[-0.0753132,0.997113,-0.00972508],[0.0302731,0.0120346,0.999469]],"s":0.98205,"t":[-3.08823,24.4668,0.958487],"timestamp":258250980087},{"currentFrameRate":27.0836,"devices":[],"gestures":[],"hands":[{"armBasis":[[0.399216,-0.72517,-0.561031],[0.841687,0.532515,-0.0893873],[0.363578,-0.436528,0.822955]],"armWidth":62.7631,"confidence":0.667449,"direction":[-0.0649319,0.0646021,-0.995796],"elbow":[179.966,74.9264,236.387],"grabAngle":3.01892,"grabStrength":1,"id":166,"palmNormal":[-0.84816,-0.529326,0.0209652],"palmPosition":[73.9974,196.661,-37.9933],"palmVelocity":[-23.2237,156.475,-44.3525],"palmWidth":84.4847,"pinchDistance":22.5356,"pinchStrength":0.825959,"r":[[0.994554,0.0973386,-0.0372551],[-0.0977023,0.995183,-0.00806381],[0.0362907,0.0116598,0.999273]],"s":0.98874,"sphereCenter":[38.7208,179.864,-52.8705],"sphereRadius":35.3944,"stabilizedPalmPosition":[74.2536,194.792,-37.4955],"t":[-3.65496,28.8493,0.317028],"timeVisible":0.153023,"type":"right","wrist":[88.8186,184.362,30.075]}],"id":114496,"interactionBox":{"center":[0,200,0],"size":[235.247,235.247,147.751]},"pointables":[{"bases":[[[0.957505,0.145639,-0.248943],[-0.0184678,0.89233,0.451006],[0.287823,-0.427243,0.8571]],[[0.874062,0.23343,-0.426058],[0.0297632,0.849621,0.526553],[0.484902,-0.472921,0.735674]],[[0.874062,0.23343,-0.426058],[-0.227004,0.971612,0.0666299],[0.429517,0.0384782,0.902239]],[[0.874062,0.23343,-0.426058],[-0.424359,0.793796,-0.435669],[0.236505,0.561603,0.792885]]],"btipPosition":[22.3224,215.917,-59.5802],"carpPosition":[62.1609,206.437,16.9544],"dipPosition":[27.0851,227.227,-43.6131],"direction":[-0.429517,-0.0384782,-0.902239],"extended":false,"handId":166,"id":1660,"length":44.8444,"mcpPosition":[62.1609,206.437,16.9544],"pipPosition":[39.6863,228.356,-17.1432],"stabilizedTipPosition":[23.7062,216.206,-55.6456],"timeVisible":0.153023,"tipPosition":[21.272,211.819,-57.5092],"tipVelocity":[-36.1341,229.474,-41.5244],"tool":false,"touchDistance":0.572196,"touchZone":"hovering","type":0,"width":20.448},{"bases":[[[0.50738,-0.823099,-0.255093],[0.816186,0.553986,-0.164132],[0.276415,-0.124926,0.952884]],[[0.516139,-0.826741,-0.223829],[0.194569,0.367671,-0.909374],[0.834112,0.425813,0.350628]],[[0.516139,-0.826741,-0.223829],[-0.788607,-0.356737,-0.500837],[0.334214,0.435014,-0.8361]],[[0.516139,-0.826741,-0.223829],[-0.825027,-0.55009,0.129354],[-0.230068,0.1179,-0.966006]]],"btipPosition":[27.566,192.365,-40.4499],"carpPosition":[80.8516,210.353,6.0124],"dipPosition":[24.1836,194.098,-54.6517],"direction":[-0.334214,-0.435014,0.8361],"extended":false,"handId":166,"id":1661,"length":50.6019,"mcpPosition":[61.9697,218.887,-59.0789],"pipPosition":[31.1345,203.146,-72.0408],"stabilizedTipPosition":[28.3779,187.702,-41.2057],"timeVisible":0.153023,"tipPosition":[27.5445,193.854,-38.0985],"tipVelocity":[-41.343,90.277,-65.5253],"tool":false,"touchDistance":0.333333,"touchZone":"none","type":1,"width":19.5319},{"bases":[[[0.393436,-0.91471,-0.0922667],[0.896085,0.403979,-0.183936],[0.205522,-0.0103118,0.978598]],[[0.387883,-0.914121,-0.118028],[0.284628,0.240589,-0.927957],[0.876661,0.326344,0.353505]],[[0.387883,-0.914121,-0.118028],[-0.8274,-0.288901,-0.481608],[0.406149,0.284464,-0.868403]],[[0.387883,-0.914121,-0.118028],[-0.898096,-0.403634,0.174653],[-0.207294,0.0382555,-0.97753]]],"btipPosition":[31.4699,181.542,-38.6533],"carpPosition":[87.7289,201.988,2.34668],"dipPosition":[28.118,182.161,-54.4599],"direction":[-0.406149,-0.284464,0.868403],"extended":false,"handId":166,"id":1662,"length":57.6567,"mcpPosition":[74.4152,202.656,-61.0469],"pipPosition":[38.0559,189.121,-75.7084],"stabilizedTipPosition":[31.7985,176.791,-39.6525],"timeVisible":0.153023,"tipPosition":[32.4674,182.209,-36.2224],"tipVelocity":[-23.6216,100.671,-65.3355],"tool":false,"touchDistance":0.333333,"touchZone":"none","type":2,"width":19.1829},{"bases":[[[0.350715,-0.934091,0.0668779],[0.927999,0.33706,-0.158768],[0.125762,0.117745,0.985048]],[[0.350545,-0.934249,0.0655517],[0.402306,0.0870059,-0.911361],[0.845735,0.345845,0.406354]],[[0.350545,-0.934249,0.0655517],[-0.756755,-0.323791,-0.567875],[0.551761,0.149459,-0.820501]],[[0.350545,-0.934249,0.0655517],[-0.935838,-0.346701,0.0632887],[-0.0364006,-0.0835314,-0.99584]]],"btipPosition":[40.3913,169.587,-36.9461],"carpPosition":[92.7873,191.951,0.400181],"dipPosition":[39.8061,168.244,-52.9562],"direction":[-0.551761,-0.149459,0.820501],"extended":false,"handId":166,"id":1663,"length":55.4385,"mcpPosition":[85.4727,185.103,-56.8918],"pipPosition":[52.9582,171.807,-72.5141],"stabilizedTipPosition":[40.9203,163.808,-37.54],"timeVisible":0.153023,"tipPosition":[41.6837,170.69,-34.6673],"tipVelocity":[-7.36187,109.842,-71.402],"tool":false,"touchDistance":0.333333,"touchZone":"none","type":3,"width":18.2538},{"bases":[[[0.204727,-0.956951,0.205745],[0.978692,0.196741,-0.0587791],[0.0157703,0.213394,0.976839]],[[0.204734,-0.956865,0.206141],[0.622745,-0.0351462,-0.781635],[0.755164,0.2884,0.588687]],[[0.204734,-0.956865,0.206141],[-0.512544,-0.284222,-0.810257],[0.833896,0.0602308,-0.548625]],[[0.204734,-0.956865,0.206141],[-0.925135,-0.257952,-0.278543],[0.319703,-0.133681,-0.93804]]],"btipPosition":[50.2421,159.508,-45.6328],"carpPosition":[92.8433,178.803,1.72494],"dipPosition":[54.9839,157.526,-59.5455],"direction":[-0.833896,-0.0602308,0.548625],"extended":false,"handId":166,"id":1664,"length":43.4628,"mcpPosition":[91.9942,167.314,-50.8676],"pipPosition":[69.0181,158.539,-68.7786],"stabilizedTipPosition":[50.9175,154.279,-47.5918],"timeVisible":0.153023,"tipPosition":[52.0848,160.119,-45.3115],"tipVelocity":[28.2196,144.617,-27.1856],"tool":false,"touchDistance":0.333333,"touchZone":"none","type":4,"width":16.2144}],"r":[[0.994554,0.0973386,-0.0372551],[-0.0977023,0.995183,-0.00806381],[0.0362907,0.0116598,0.999273]],"s":0.98874,"t":[-3.65496,28.8493,0.317028],"timestamp":258250999368},{"currentFrameRate":29.6317,"devices":[],"gestures":[],"hands":[{"armBasis":[[0.39699,-0.717959,-0.571782],[0.840951,0.534107,-0.086778],[0.367696,-0.44639,0.815803]],"armWidth":62.7631,"confidence":0.714977,"direction":[-0.0727861,0.0511478,-0.996035],"elbow":[181.298,76.4779,234.269],"grabAngle":2.99248,"grabStrength":1,"id":166,"palmNormal":[-0.845944,-0.532155,0.0344911],"palmPosition":[73.7585,199.968,-38.3006],"palmVelocity":[-13.8055,191.123,-17.7591],"palmWidth":84.4847,"pinchDistance":22.4475,"pinchStrength":0.828246,"r":[[0.992296,0.115833,-0.0439409],[-0.116338,0.993168,-0.00910791],[0.0425857,0.0141498,0.998993]],"s":0.994204,"sphereCenter":[38.2839,182.644,-52.7319],"sphereRadius":35.5644,"stabilizedPalmPosition":[73.9501,197.965,-37.989],"t":[-4.05778,32.6943,-0.157362],"timeVisible":0.170328,"type":"right","wrist":[89.1178,188.386,29.7505]}],"id":114497,"interactionBox":{"center":[0,200,0],"size":[235.247,235.247,147.751]},"pointables":[{"bases":[[[0.955011,0.145888,-0.258206],[-0.0184336,0.898158,0.439287],[0.295996,-0.414764,0.86044]],[[0.869608,0.23122,-0.436257],[0.0297147,0.85746,0.513692],[0.492849,-0.459674,0.738783]],[[0.869608,0.23122,-0.436257],[-0.228191,0.971755,0.0601763],[0.437849,0.0472201,0.897808]],[[0.869608,0.23122,-0.436257],[-0.430527,0.787665,-0.440716],[0.241722,0.57107,0.784506]]],"btipPosition":[21.7486,218.848,-59.7777],"carpPosition":[62.3049,210.428,16.6023],"dipPosition":[26.6164,230.348,-43.9793],"direction":[-0.437849,-0.0472201,-0.897808],"extended":false,"handId":166,"id":1660,"length":44.8444,"mcpPosition":[62.3049,210.428,16.6023],"pipPosition":[39.462,231.733,-17.6393],"stabilizedTipPosition":[23.1371,219.796,-55.9841],"timeVisible":0.170328,"tipPosition":[20.8462,214.731,-57.5961],"tipVelocity":[-31.7624,171.85,-13.6512],"tool":false,"touchDistance":0.544766,"touchZone":"hovering","type":0,"width":20.448},{"bases":[[[0.508561,-0.824515,-0.248074],[0.812783,0.554796,-0.177722],[0.284165,-0.111248,0.952299]],[[0.513293,-0.826279,-0.231934],[0.195,0.375472,-0.906088],[0.835766,0.419862,0.353852]],[[0.513293,-0.826279,-0.231934],[-0.786694,-0.345002,-0.511944],[0.342991,0.445238,-0.827116]],[[0.513293,-0.826279,-0.231934],[-0.830708,-0.546226,0.107521],[-0.215531,0.137479,-0.966771]]],"btipPosition":[26.624,195.066,-41.2512],"carpPosition":[80.8963,214.269,5.466],"dipPosition":[23.4553,197.087,-55.4642],"direction":[-0.342991,-0.445238,0.827116],"extended":false,"handId":166,"id":1661,"length":50.6019,"mcpPosition":[61.4851,221.868,-59.5853],"pipPosition":[30.5888,206.347,-72.6664],"stabilizedTipPosition":[27.6635,189.955,-42.1594],"timeVisible":0.170328,"tipPosition":[27.215,196.882,-38.4794],"tipVelocity":[-51.5943,159.872,-46.4526],"tool":false,"touchDistance":0.333333,"touchZone":"none","type":1,"width":19.5319},{"bases":[[[0.396215,-0.914382,-0.0831775],[0.893102,0.404837,-0.196152],[0.213032,0.00343268,0.977039]],[[0.38808,-0.913886,-0.119192],[0.284984,0.241984,-0.927485],[0.876458,0.325971,0.354352]],[[0.38808,-0.913886,-0.119192],[-0.823974,-0.286111,-0.489088],[0.412869,0.288017,-0.864052]],[[0.38808,-0.913886,-0.119192],[-0.900122,-0.403616,0.163931],[-0.197922,0.0436689,-0.979244]]],"btipPosition":[30.7244,184.386,-39.1543],"carpPosition":[87.7774,205.881,1.85852],"dipPosition":[27.524,185.092,-54.9886],"direction":[-0.412868,-0.288017,0.864052],"extended":false,"handId":166,"id":1662,"length":57.6567,"mcpPosition":[73.9772,205.659,-61.434],"pipPosition":[37.6263,192.139,-76.1307],"stabilizedTipPosition":[31.244,179.167,-40.6155],"timeVisible":0.170328,"tipPosition":[32.1646,185.338,-36.4131],"tipVelocity":[-41.069,165.488,-29.3208],"tool":false,"touchDistance":0.333333,"touchZone":"none","type":2,"width":19.1829},{"bases":[[[0.354786,-0.93181,0.0765336],[0.925463,0.338378,-0.170348],[0.132835,0.131266,0.982407]],[[0.353181,-0.933304,0.0648506],[0.400688,0.0882616,-0.911953],[0.845406,0.34807,0.405136]],[[0.353181,-0.933304,0.0648506],[-0.752001,-0.324442,-0.573788],[0.556559,0.153883,-0.816433]],[[0.353181,-0.933304,0.0648506],[-0.935111,-0.35003,0.0551975],[-0.0288165,-0.0801372,-0.996367]]],"btipPosition":[39.8281,172.442,-37.2282],"carpPosition":[92.8591,195.838,0.0061649],"dipPosition":[39.3649,171.154,-53.2468],"direction":[-0.556559,-0.153883,0.816433],"extended":false,"handId":166,"id":1663,"length":55.4385,"mcpPosition":[85.1332,188.203,-57.1322],"pipPosition":[52.6313,174.822,-72.7078],"stabilizedTipPosition":[40.5752,166.208,-38.5108],"timeVisible":0.170328,"tipPosition":[41.4801,173.837,-34.7026],"tipVelocity":[-30.9236,165.706,-16.415],"tool":false,"touchDistance":0.333333,"touchZone":"none","type":3,"width":18.2538},{"bases":[[[0.209952,-0.95337,0.216809],[0.977455,0.199587,-0.0689034],[0.0224182,0.226388,0.973779]],[[0.209662,-0.956069,0.204877],[0.625067,-0.0300708,-0.779992],[0.751886,0.291597,0.591302]],[[0.209662,-0.956069,0.204877],[-0.492634,-0.284286,-0.822492],[0.844603,0.071516,-0.530595]],[[0.209662,-0.956069,0.204877],[-0.918923,-0.264266,-0.292823],[0.334101,-0.126873,-0.933959]]],"btipPosition":[49.7224,162.327,-46.1322],"carpPosition":[92.9755,182.709,1.50433],"dipPosition":[54.6777,160.445,-59.9844],"direction":[-0.844603,-0.071516,0.530595],"extended":false,"handId":166,"id":1664,"length":43.4628,"mcpPosition":[91.7685,170.52,-50.9235],"pipPosition":[68.8921,161.648,-68.9141],"stabilizedTipPosition":[50.8944,157.452,-48.3111],"timeVisible":0.170328,"tipPosition":[51.8672,163.171,-45.2237],"tipVelocity":[-27.1932,164.2,-28.0552],"tool":false,"touchDistance":0.333333,"touchZone":"none","type":4,"width":16.2144}],"r":[[0.992296,0.115833,-0.0439409],[-0.116338,0.993168,-0.00910791],[0.0425857,0.0141498,0.998993]],"s":0.994204,"t":[-4.05778,32.6943,-0.157362],"timestamp":258251016673},{"currentFrameRate":32.2015,"devices":[],"gestures":[],"hands":[{"armBasis":[[0.409624,-0.705702,-0.578094],[0.833324,0.547305,-0.0776434],[0.371187,-0.449935,0.812267]],"armWidth":62.7631,"confidence":0.753137,"direction":[-0.0718439,0.0539388,-0.995956],"elbow":[182.429,78.1648,233.291],"grabAngle":2.98376,"grabStrength":1,"id":166,"palmNormal":[-0.837624,-0.545373,0.0308862],"palmPosition":[73.9716,202.639,-38.3602],"palmVelocity":[13.549,169.748,-3.78876],"palmWidth":84.4847,"pinchDistance":22.6071,"pinchStrength":0.831235,"r":[[0.989817,0.1337,-0.0488555],[-0.134296,0.990899,-0.00910648],[0.0471934,0.0155749,0.998764]],"s":0.999413,"sphereCenter":[38.6729,184.648,-52.9782],"sphereRadius":35.7402,"stabilizedPalmPosition":[73.963,200.762,-38.2111],"t":[-4.15262,35.9519,-0.424358],"timeVisible":0.186059,"type":"right","wrist":[89.3732,190.962,29.6584]}],"id":114498,"interactionBox":{"center":[0,200,0],"size":[235.247,235.247,147.751]},"pointables":[{"bases":[[[0.953073,0.161734,-0.255916],[-0.0331624,0.896023,0.442768],[0.300917,-0.413504,0.859339]],[[0.866448,0.246589,-0.434123],[0.0151756,0.856109,0.516572],[0.499037,-0.454171,0.738032]],[[0.866448,0.246589,-0.434123],[-0.241481,0.968028,0.067893],[0.436984,0.0460066,0.898292]],[[0.866448,0.246589,-0.434123],[-0.441542,0.784326,-0.435746],[0.233044,0.569234,0.788456]]],"btipPosition":[21.6184,220.939,-59.8763],"carpPosition":[62.2