{"frames":367,"data":[{"currentFrameRate":23.7117,"devices":[],"gestures":[],"hands":[],"id":115806,"interactionBox":{"center":[0,200,0],"size":[235.247,235.247,147.751]},"pointables":[],"r":[[-0.962136,-0.269906,0.0380192],[0.215739,-0.839331,-0.498979],[0.166588,-0.471883,0.86578]],"s":0.686793,"t":[505.899,-233.461,348.339],"timestamp":258285976237},{"currentFrameRate":23.7927,"devices":[],"gestures":[],"hands":[],"id":115807,"interactionBox":{"center":[0,200,0],"size":[235.247,235.247,147.751]},"pointables":[],"r":[[-0.962136,-0.269906,0.0380192],[0.215739,-0.839331,-0.498979],[0.166588,-0.471883,0.86578]],"s":0.686793,"t":[505.899,-233.461,348.339],"timestamp":258286017654},{"currentFrameRate":23.893,"devices":[],"gestures":[],"hands":[],"id":115808,"interactionBox":{"center":[0,200,0],"size":[235.247,235.247,147.751]},"pointables":[],"r":[[-0.962136,-0.269906,0.0380192],[0.215739,-0.839331,-0.498979],[0.166588,-0.471883,0.86578]],"s":0.686793,"t":[505.899,-233.461,348.339],"timestamp":258286058751},{"currentFrameRate":23.948,"devices":[],"gestures":[],"hands":[],"id":115809,"interactionBox":{"center":[0,200,0],"size":[235.247,235.247,147.751]},"pointables":[],"r":[[-0.962136,-0.269906,0.0380192],[0.215739,-0.839331,-0.498979],[0.166588,-0.471883,0.86578]],"s":0.686793,"t":[505.899,-233.461,348.339],"timestamp":258286100094},{"currentFrameRate":23.9682,"devices":[],"gestures":[],"hands":[],"id":115810,"interactionBox":{"center":[0,200,0],"size":[235.247,235.247,147.751]},"pointables":[],"r":[[-0.962136,-0.269906,0.0380192],[0.215739,-0.839331,-0.498979],[0.166588,-0.471883,0.86578]],"s":0.686793,"t":[505.899,-233.461,348.339],"timestamp":258286141665},{"currentFrameRate":24.0425,"devices":[],"gestures":[],"hands":[],"id":115811,"interactionBox":{"center":[0,200,0],"size":[235.247,235.247,147.751]},"pointables":[],"r":[[-0.962136,-0.269906,0.0380192],[0.215739,-0.839331,-0.498979],[0.166588,-0.471883,0.86578]],"s":0.686793,"t":[505.899,-233.461,348.339],"timestamp":258286182701},{"currentFrameRate":24.0841,"devices":[],"gestures":[],"hands":[{"armBasis":[[0.445677,-0.827987,-0.340309],[0.782343,0.54502,-0.301484],[0.4351,-0.131874,0.890673]],"armWidth":58.7147,"confidence":0,"direction":[-0.236436,0.0625238,-0.969633],"elbow":[209.985,136.58,254.458],"grabAngle":3.02337,"grabStrength":1,"id":168,"palmNormal":[-0.824066,-0.541622,0.166016],"palmPosition":[76.3501,178.179,-32.0892],"palmVelocity":[1.19209e-7,1.19209e-7,1.19209e-7],"palmWidth":83.8426,"pinchDistance":40.0418,"pinchStrength":0.321237,"r":[[1,3.1225e-17,-5.55112e-18],[-3.1225e-17,1,-1.38778e-17],[5.55112e-18,1.38778e-17,1]],"s":1,"sphereCenter":[35.3056,162.044,-39.71],"sphereRadius":38.0929,"stabilizedPalmPosition":[76.3501,178.179,-32.0892],"t":[0,0,0],"timeVisible":0,"type":"right","wrist":[101.736,169.389,32.867]}],"id":115812,"interactionBox":{"center":[0,200,0],"size":[235.247,235.247,147.751]},"pointables":[{"bases":[[[0.898082,0.159314,-0.40996],[0.0465029,0.892474,0.448696],[0.437362,-0.42203,0.794106]],[[0.763088,0.258126,-0.592509],[0.13795,0.830599,0.539514],[0.6314,-0.493434,0.598211]],[[0.763088,0.258126,-0.592509],[-0.0664255,0.943249,0.325376],[0.642872,-0.208933,0.736928]],[[0.763088,0.258126,-0.592509],[-0.236632,0.964708,0.115517],[0.601416,0.0520571,0.797238]]],"btipPosition":[11.8235,215.907,-44.1978],"carpPosition":[74.0327,187.769,23.6628],"dipPosition":[24.7931,217.03,-27.0052],"direction":[-0.642872,0.208933,-0.736928],"extended":true,"handId":168,"id":1680,"length":48.0226,"mcpPosition":[74.0327,187.769,23.6628],"pipPosition":[44.9905,210.466,-3.85284],"stabilizedTipPosition":[14.8065,216.165,-40.2435],"timeVisible":0,"tipPosition":[14.8065,216.165,-40.2435],"tipVelocity":[1.19209e-7,1.19209e-7,1.19209e-7],"tool":false,"touchDistance":0.929681,"touchZone":"hovering","type":0,"width":18.6593},{"bases":[[[0.467788,-0.815895,-0.339837],[0.767552,0.565652,-0.301501],[0.438222,-0.119804,0.890847]],[[0.484065,-0.81985,-0.305821],[0.0536062,0.376625,-0.924813],[0.873389,0.431275,0.22626]],[[0.484065,-0.81985,-0.305821],[-0.861459,-0.385182,-0.330944],[0.153527,0.42365,-0.89272]],[[0.484065,-0.81985,-0.305821],[-0.811791,-0.551213,0.192768],[-0.326613,0.154951,-0.93237]]],"btipPosition":[27.8148,171.088,-25.0104],"carpPosition":[90.3748,191.914,9.77647],"dipPosition":[22.6727,173.527,-39.6892],"direction":[-0.153527,-0.423651,0.89272],"extended":false,"handId":168,"id":1681,"length":54.1881,"mcpPosition":[60.6675,200.036,-50.6146],"pipPosition":[26.0921,182.963,-59.5717],"stabilizedTipPosition":[26.6321,171.649,-28.3866],"timeVisible":0,"tipPosition":[26.6321,171.649,-28.3866],"tipVelocity":[1.19209e-7,1.19209e-7,1.19209e-7],"tool":false,"touchDistance":0.333333,"touchZone":"none","type":1,"width":17.8234},{"bases":[[[0.384944,-0.908975,-0.159944],[0.845022,0.416804,-0.334982],[0.371156,-0.00620721,0.92855]],[[0.364559,-0.907345,-0.209338],[0.0772146,0.253491,-0.964251],[0.927973,0.335362,0.162473]],[[0.364559,-0.907345,-0.209338],[-0.90568,-0.293248,-0.306186],[0.216428,0.301216,-0.92867]],[[0.364559,-0.907345,-0.209338],[-0.865152,-0.413184,0.284237],[-0.344396,0.0774882,-0.935621]]],"btipPosition":[31.808,159.979,-21.37],"carpPosition":[96.5914,183.709,5.00566],"dipPosition":[25.8444,161.321,-37.5711],"direction":[-0.216428,-0.301216,0.92867],"extended":false,"handId":168,"id":1682,"length":61.743,"mcpPosition":[72.7306,184.108,-54.6886],"pipPosition":[31.5154,169.213,-61.9047],"stabilizedTipPosition":[30.4364,160.287,-25.0962],"timeVisible":0,"tipPosition":[30.4364,160.287,-25.0962],"tipVelocity":[1.19209e-7,1.19209e-7,1.19209e-7],"tool":false,"touchDistance":0.333333,"touchZone":"none","type":2,"width":17.5049},{"bases":[[[0.370563,-0.928798,0.00415319],[0.881766,0.350386,-0.315782],[0.291843,0.120679,0.948823]],[[0.357522,-0.933167,-0.0371081],[0.17666,0.106593,-0.978483],[0.917044,0.343274,0.202963]],[[0.357522,-0.933167,-0.0371081],[-0.860812,-0.313871,-0.40061],[0.362189,0.17517,-0.915497]],[[0.357522,-0.933167,-0.0371081],[-0.909223,-0.356873,0.214372],[-0.213288,-0.0429033,-0.976047]]],"btipPosition":[41.1752,148.99,-20.7245],"carpPosition":[101.348,173.82,2.22412],"dipPosition":[37.5031,148.251,-37.5285],"direction":[-0.362189,-0.17517,0.915497],"extended":false,"handId":168,"id":1683,"length":59.3675,"mcpPosition":[84.503,166.855,-52.5415],"pipPosition":[46.7484,152.722,-60.8974],"stabilizedTipPosition":[40.3306,148.82,-24.5894],"timeVisible":0,"tipPosition":[40.3306,148.82,-24.5894],"tipVelocity":[1.19209e-7,1.19209e-7,1.19209e-7],"tool":false,"touchDistance":0.333333,"touchZone":"none","type":3,"width":16.6571},{"bases":[[[0.251029,-0.953629,0.16606],[0.950964,0.210935,-0.226217],[0.180699,0.214704,0.959818]],[[0.244733,-0.960385,0.133293],[0.338199,-0.0442855,-0.940032],[0.908695,0.275136,0.313963]],[[0.244733,-0.960385,0.133293],[-0.775308,-0.276389,-0.567897],[0.58224,0.03564,-0.812235]],[[0.244733,-0.960385,0.133293],[-0.969589,-0.242159,0.0354444],[-0.00176229,-0.137914,-0.990443]]],"btipPosition":[52.0923,141.888,-27.6521],"carpPosition":[101.819,160.776,3.49129],"dipPosition":[52.0643,139.698,-43.3831],"direction":[-0.58224,-0.03564,0.812235],"extended":false,"handId":168,"id":1684,"length":46.543,"mcpPosition":[92.1645,149.304,-47.7921],"pipPosition":[62.5577,140.34,-58.0216],"stabilizedTipPosition":[52.0859,141.384,-31.2702],"timeVisible":0,"tipPosition":[52.0859,141.384,-31.2702],"tipVelocity":[1.19209e-7,1.19209e-7,1.19209e-7],"tool":false,"touchDistance":0.333333,"touchZone":"none","type":4,"width":14.7961}],"r":[[1,3.1225e-17,-5.55112e-18],[-3.1225e-17,1,-1.38778e-17],[5.55112e-18,1.38778e-17,1]],"s":1,"t":[0,0,0],"timestamp":258286223911},{"currentFrameRate":24.1091,"devices":[],"gestures":[],"hands":[{"armBasis":[[0.508199,-0.731997,-0.453778],[0.768356,0.623367,-0.145059],[0.389053,-0.274944,0.879229]],"armWidth":62.6683,"confidence":0.214155,"direction":[-0.232957,0.0534106,-0.971019],"elbow":[199.774,117.042,251.227],"grabAngle":2.89895,"grabStrength":1,"id":168,"palmNormal":[-0.767237,-0.623633,0.149765],"palmPosition":[77.8834,194.4,-32.5331],"palmVelocity":[37.1345,392.851,-10.7523],"palmWidth":83.8426,"pinchDistance":23.8917,"pinchStrength":0.737322,"r":[[0.999798,0.0199767,0.00205841],[-0.0199826,0.999796,0.00286466],[-0.00200077,-0.00290522,0.999994]],"s":0.962974,"sphereCenter":[40.845,175.135,-41.5283],"sphereRadius":36.1982,"stabilizedPalmPosition":[77.6029,191.432,-32.4519],"t":[0.766661,8.1106,-0.221986],"timeVisible":0.041291,"type":"right","wrist":[102.981,185.445,32.483]}],"id":115813,"interactionBox":{"center":[0,200,0],"size":[235.247,235.247,147.751]},"pointables":[{"bases":[[[0.881237,0.25439,-0.398381],[-0.0468794,0.885704,0.461877],[0.470344,-0.388347,0.792441]],[[0.812881,0.302555,-0.49768],[0.0357364,0.826969,0.56111],[0.581333,-0.473901,0.661415]],[[0.812881,0.302555,-0.49768],[-0.290038,0.951283,0.104584],[0.505077,0.0593319,0.861032]],[[0.812881,0.302555,-0.49768],[-0.498962,0.802524,-0.327096],[0.300436,0.514214,0.80332]]],"btipPosition":[26.7376,212.687,-48.1072],"carpPosition":[74.1284,202.859,23.3236],"dipPosition":[32.725,222.934,-32.0979],"direction":[-0.505077,-0.0593319,-0.861032],"extended":true,"handId":168,"id":1680,"length":44.3787,"mcpPosition":[74.1284,202.859,23.3236],"pipPosition":[47.3891,224.657,-7.09921],"stabilizedTipPosition":[22.8413,215.488,-42.7681],"timeVisible":0.041291,"tipPosition":[23.1291,218.697,-43.2271],"tipVelocity":[322.304,-27.1668,-101.272],"tool":false,"touchDistance":0.807322,"touchZone":"hovering","type":0,"width":20.4674},{"bases":[[[0.549964,-0.759851,-0.34665],[0.709799,0.643968,-0.285465],[0.440143,-0.0890563,0.893501]],[[0.526415,-0.754215,-0.392489],[0.0623982,0.494653,-0.866847],[0.847935,0.431831,0.307455]],[[0.526415,-0.754215,-0.392489],[-0.819295,-0.326595,-0.471265],[0.22725,0.569645,-0.78985]],[[0.526415,-0.754215,-0.392489],[-0.790929,-0.603778,0.0994206],[-0.31196,0.258094,-0.914368]]],"btipPosition":[29.0993,183.586,-32.5924],"carpPosition":[90.096,208.826,9.6668],"dipPosition":[24.5606,187.341,-45.8955],"direction":[-0.22725,-0.569645,0.78985],"extended":false,"handId":168,"id":1681,"length":50.0764,"mcpPosition":[60.2585,214.863,-50.9042],"pipPosition":[29.2378,199.065,-62.152],"stabilizedTipPosition":[27.3134,177.776,-31.8643],"timeVisible":0.041291,"tipPosition":[28.7056,183.412,-31.5314],"tipVelocity":[34.4692,310.007,-175.959],"tool":false,"touchDistance":0.333333,"touchZone":"none","type":1,"width":19.5505},{"bases":[[[0.475257,-0.86347,-0.16897],[0.802049,0.504124,-0.320275],[0.361729,0.0166908,0.932134]],[[0.452711,-0.862917,-0.22456],[0.182055,0.335993,-0.924102],[0.872874,0.377469,0.309206]],[[0.452711,-0.862917,-0.22456],[-0.819727,-0.303677,-0.485622],[0.350858,0.403924,-0.844834]],[[0.452711,-0.862917,-0.22456],[-0.857812,-0.490218,0.154421],[-0.243336,0.122722,-0.962147]]],"btipPosition":[33.4602,173.045,-31.9191],"carpPosition":[97.1433,201.356,4.84323],"dipPosition":[29.5664,175.009,-47.3153],"direction":[-0.350858,-0.403924,0.844834],"extended":false,"handId":168,"id":1682,"length":57.058,"mcpPosition":[73.8886,200.283,-55.0814],"pipPosition":[38.0622,184.79,-67.7725],"stabilizedTipPosition":[31.3322,165.848,-29.4588],"timeVisible":0.041291,"tipPosition":[33.3242,172.613,-30.3396],"tipVelocity":[51.5436,319.915,-250.999],"tool":false,"touchDistance":0.333333,"touchZone":"none","type":2,"width":19.2011},{"bases":[[[0.461485,-0.887132,-0.00532905],[0.845077,0.44142,-0.301651],[0.269957,0.134704,0.953404]],[[0.444467,-0.893613,-0.0624894],[0.299378,0.213928,-0.929843],[0.844288,0.394576,0.362612]],[[0.444467,-0.893613,-0.0624894],[-0.746662,-0.331028,-0.576989],[0.494919,0.303111,-0.814358]],[[0.444467,-0.893613,-0.0624894],[-0.892489,-0.447736,0.0547418],[-0.0768967,0.0314401,-0.996543]]],"btipPosition":[44.7339,161.597,-31.7915],"carpPosition":[102.889,192.035,1.96952],"dipPosition":[43.5105,162.098,-47.6465],"direction":[-0.494919,-0.303111,0.814358],"extended":false,"handId":168,"id":1683,"length":54.8628,"mcpPosition":[87.307,184.26,-53.0605],"pipPosition":[55.1852,169.248,-66.8565],"stabilizedTipPosition":[42.0553,154.214,-29.1289],"timeVisible":0.041291,"tipPosition":[44.7066,161.585,-30.1442],"tipVelocity":[99.826,312.244,-262.737],"tool":false,"touchDistance":0.333333,"touchZone":"none","type":3,"width":18.2711},{"bases":[[[0.34361,-0.926238,0.154968],[0.927075,0.30822,-0.213384],[0.14988,0.216988,0.9646]],[[0.312592,-0.949787,-0.0138119],[0.450786,0.161129,-0.877969],[0.836109,0.268219,0.478519]],[[0.312592,-0.949787,-0.0138119],[-0.66411,-0.208128,-0.718081],[0.67915,0.233639,-0.695822]],[[0.312592,-0.949787,-0.0138119],[-0.943531,-0.308788,-0.119995],[0.109705,0.0505416,-0.992678]]],"btipPosition":[58.546,154.782,-36.7331],"carpPosition":[104.65,179.085,3.05465],"dipPosition":[60.1562,155.524,-51.3033],"direction":[-0.67915,-0.233639,0.695822],"extended":false,"handId":168,"id":1684,"length":43.0114,"mcpPosition":[96.6421,167.491,-48.4843],"pipPosition":[71.4674,159.415,-62.8922],"stabilizedTipPosition":[56.1671,149.491,-36.5367],"timeVisible":0.041291,"tipPosition":[57.9918,155.203,-35.4178],"tipVelocity":[165.422,328.606,-213.462],"tool":false,"touchDistance":0.333333,"touchZone":"none","type":4,"width":16.2298}],"r":[[0.999798,0.0199767,0.00205841],[-0.0199826,0.999796,0.00286466],[-0.00200077,-0.00290522,0.999994]],"s":0.962974,"t":[0.766661,8.1106,-0.221986],"timestamp":258286265202},{"currentFrameRate":24.1231,"devices":[],"gestures":[],"hands":[{"armBasis":[[0.491714,-0.70052,-0.517193],[0.784584,0.614059,-0.0857891],[0.377684,-0.363598,0.851558]],"armWidth":62.6683,"confidence":0.409787,"direction":[-0.198607,0.0762844,-0.977106],"elbow":[196.894,105.559,243.302],"grabAngle":2.88182,"grabStrength":1,"id":168,"palmNormal":[-0.779835,-0.616173,0.110404],"palmPosition":[79.9427,207.319,-33.9628],"palmVelocity":[49.8029,312.434,-34.5757],"palmWidth":83.8426,"pinchDistance":20.8342,"pinchStrength":0.869357,"r":[[0.99939,0.0332514,0.010682],[-0.0333495,0.999402,0.00914577],[-0.0103715,-0.00949643,0.999901]],"s":0.922991,"sphereCenter":[43.6516,187.36,-44.7129],"sphereRadius":35.9101,"stabilizedPalmPosition":[79.8926,206.978,-33.9304],"t":[2.17967,18.6255,-1.04783],"timeVisible":0.082641,"type":"right","wrist":[102.93,196.019,31.4416]}],"id":115814,"interactionBox":{"center":[0,200,0],"size":[235.247,235.247,147.751]},"pointables":[{"bases":[[[0.897631,0.250564,-0.362595],[-0.0514987,0.876674,0.47832],[0.437728,-0.410682,0.799834]],[[0.824418,0.307633,-0.475075],[0.00539666,0.835072,0.550114],[0.565955,-0.456088,0.686789]],[[0.824418,0.307633,-0.475075],[-0.311189,0.947499,0.073531],[0.472754,0.0872176,0.876868]],[[0.824418,0.307633,-0.475075],[-0.526473,0.724931,-0.444186],[0.20775,0.616309,0.759607]]],"btipPosition":[30.4725,220.854,-50.2901],"carpPosition":[74.3704,214.69,21.8964],"dipPosition":[34.6128,233.136,-35.152],"direction":[-0.472754,-0.0872176,-0.876868],"extended":false,"handId":168,"id":1680,"length":44.3787,"mcpPosition":[74.3704,214.69,21.8964],"pipPosition":[48.3385,235.668,-9.69351],"stabilizedTipPosition":[29.7106,222.043,-46.0015],"timeVisible":0.082641,"tipPosition":[27.474,230.037,-46.2426],"tipVelocity":[80.0502,208.829,-57.6367],"tool":false,"touchDistance":0.724174,"touchZone":"hovering","type":0,"width":20.4674},{"bases":[[[0.55187,-0.759971,-0.343342],[0.727378,0.640035,-0.247539],[0.407874,-0.11313,0.906003]],[[0.555714,-0.76101,-0.334733],[0.136244,0.480545,-0.866322],[0.820134,0.435822,0.370728]],[[0.555714,-0.76101,-0.334733],[-0.764888,-0.310232,-0.564537],[0.325774,0.569754,-0.754488]],[[0.555714,-0.76101,-0.334733],[-0.80263,-0.596048,0.0226034],[-0.216718,0.256106,-0.942042]]],"btipPosition":[29.669,196.99,-36.8253],"carpPosition":[90.8746,220.718,8.9214],"dipPosition":[26.5159,200.716,-50.531],"direction":[-0.325774,-0.569754,0.754488],"extended":false,"handId":168,"id":1681,"length":50.0764,"mcpPosition":[63.2246,228.387,-52.4971],"pipPosition":[33.221,212.443,-66.0597],"stabilizedTipPosition":[28.6991,194.836,-38.7602],"timeVisible":0.082641,"tipPosition":[30.4594,197.061,-35.3734],"tipVelocity":[21.485,324.013,-104.607],"tool":false,"touchDistance":0.333333,"touchZone":"none","type":1,"width":19.5505},{"bases":[[[0.469761,-0.866169,-0.170517],[0.818985,0.4997,-0.282071],[0.329528,-0.00714503,0.944119]],[[0.449156,-0.864182,-0.226823],[0.230964,0.357549,-0.904884],[0.863085,0.354046,0.36019]],[[0.449156,-0.864182,-0.226823],[-0.793664,-0.269328,-0.545491],[0.410314,0.425032,-0.80684]],[[0.449156,-0.864182,-0.226823],[-0.871081,-0.480018,0.103924],[-0.198688,0.150903,-0.968375]]],"btipPosition":[34.6231,186.475,-36.258],"carpPosition":[97.9883,213.253,4.18766],"dipPosition":[31.4437,188.889,-51.754],"direction":[-0.410314,-0.425032,0.80684],"extended":false,"handId":168,"id":1682,"length":57.058,"mcpPosition":[76.8038,213.713,-56.5075],"pipPosition":[41.3792,199.181,-71.2912],"stabilizedTipPosition":[33.4367,183.263,-37.9792],"timeVisible":0.082641,"tipPosition":[34.9768,186.161,-34.1839],"tipVelocity":[32.0965,327.277,-105.487],"tool":false,"touchDistance":0.333333,"touchZone":"none","type":2,"width":19.2011},{"bases":[[[0.450049,-0.892968,-0.00797131],[0.860542,0.436057,-0.263292],[0.238588,0.111635,0.964683]],[[0.434933,-0.898055,-0.0658032],[0.351014,0.236386,-0.906041],[0.82923,0.370969,0.418042]],[[0.434933,-0.898055,-0.0658032],[-0.716777,-0.301053,-0.628965],[0.545036,0.320724,-0.774643]],[[0.434933,-0.898055,-0.0658032],[-0.899751,-0.436332,0.00789481],[-0.0358021,0.0557728,-0.997801]]],"btipPosition":[46.1029,174.906,-36.1186],"carpPosition":[103.71,203.916,1.31915],"dipPosition":[45.5333,175.793,-51.9936],"direction":[-0.545036,-0.320724,0.774643],"extended":false,"handId":168,"id":1683,"length":54.8628,"mcpPosition":[89.9392,197.473,-54.3619],"pipPosition":[58.3902,183.359,-70.2668],"stabilizedTipPosition":[45.2531,171.275,-37.817],"timeVisible":0.082641,"tipPosition":[46.2655,174.926,-33.8444],"tipVelocity":[36.7446,324.005,-104.758],"tool":false,"touchDistance":0.333333,"touchZone":"none","type":3,"width":18.2711},{"bases":[[[0.326224,-0.933738,0.147348],[0.93774,0.299997,-0.175058],[0.119254,0.195282,0.97347]],[[0.313705,-0.947863,0.0560793],[0.522343,0.122951,-0.843825],[0.792936,0.294005,0.53368]],[[0.313705,-0.947863,0.0560793],[-0.600293,-0.24374,-0.761734],[0.735689,0.205296,-0.645458]],[[0.313705,-0.947863,0.0560793],[-0.931792,-0.31867,-0.17382],[0.182629,0.00227406,-0.983179]]],"btipPosition":[60.0881,168.186,-40.7064],"carpPosition":[105.268,190.924,2.19443],"dipPosition":[62.7686,168.219,-55.1372],"direction":[-0.735689,-0.205296,0.645458],"extended":false,"handId":168,"id":1684,"length":43.0114,"mcpPosition":[98.8963,180.49,-49.8184],"pipPosition":[75.0215,171.638,-65.8872],"stabilizedTipPosition":[60.2528,166.331,-43.2799],"timeVisible":0.082641,"tipPosition":[59.7345,168.442,-38.7238],"tipVelocity":[43.2474,320.206,-95.3133],"tool":false,"touchDistance":0.333333,"touchZone":"none","type":4,"width":16.2298}],"r":[[0.99939,0.0332514,0.010682],[-0.0333495,0.999402,0.00914577],[-0.0103715,-0.00949643,0.999901]],"s":0.922991,"t":[2.17967,18.6255,-1.04783],"timestamp":258286306552},{"currentFrameRate":27.0112,"devices":[],"gestures":[],"hands":[{"armBasis":[[0.504315,-0.676552,-0.536604],[0.777403,0.626236,-0.0589356],[0.375913,-0.387435,0.841774]],"armWidth":62.6683,"confidence":0.479655,"direction":[-0.190252,0.0751236,-0.978857],"elbow":[196.101,104.375,239.587],"grabAngle":2.9088,"grabStrength":1,"id":168,"palmNormal":[-0.769908,-0.630066,0.101286],"palmPosition":[80.0238,212.117,-35.3633],"palmVelocity":[4.89674,289.89,-84.6271],"palmWidth":83.8426,"pinchDistance":23.2704,"pinchStrength":0.804357,"r":[[0.998686,0.0473321,0.0196449],[-0.04762,0.998761,0.0144564],[-0.0189363,-0.0153729,0.999703]],"s":0.902439,"sphereCenter":[44.2657,191.881,-46.5257],"sphereRadius":35.9849,"stabilizedPalmPosition":[80.0016,211.248,-35.1212],"t":[2.92669,26.2816,-2.161],"timeVisible":0.09919,"type":"right","wrist":[102.577,200.765,30.1612]}],"id":115815,"interactionBox":{"center":[0,200,0],"size":[235.247,235.247,147.751]},"pointables":[{"bases":[[[0.896616,0.267194,-0.353109],[-0.071666,0.874481,0.479737],[0.43697,-0.404834,0.803223]],[[0.823008,0.323567,-0.466863],[-0.00467169,0.825728,0.564049],[0.56801,-0.462036,0.681093]],[[0.823008,0.323567,-0.466863],[-0.313623,0.944111,0.101462],[0.473601,0.0629149,0.87849]],[[0.823008,0.323567,-0.466863],[-0.524182,0.749269,-0.404759],[0.218839,0.577842,0.786262]]],"btipPosition":[29.5326,227.163,-52.0487],"carpPosition":[73.7705,219.254,20.4541],"dipPosition":[33.8938,238.679,-36.3794],"direction":[-0.473601,-0.0629149,-0.87849],"extended":false,"handId":168,"id":1680,"length":44.3787,"mcpPosition":[73.7705,219.254,20.4541],"pipPosition":[47.6441,240.506,-10.8738],"stabilizedTipPosition":[30.2398,227.026,-47.5687],"timeVisible":0.09919,"tipPosition":[27.7335,233.37,-48.1583],"tipVelocity":[-53.7285,370.624,-98.8825],"tool":false,"touchDistance":0.660544,"touchZone":"hovering","type":0,"width":20.4674},{"bases":[[[0.568544,-0.749314,-0.339539],[0.718397,0.653331,-0.238881],[0.400828,-0.108109,0.909752]],[[0.588697,-0.753936,-0.291575],[0.13184,0.445424,-0.88556],[0.79753,0.482885,0.361619]],[[0.588697,-0.753936,-0.291575],[-0.742371,-0.361513,-0.564086],[0.319876,0.548533,-0.772523]],[[0.588697,-0.753936,-0.291575],[-0.782843,-0.621641,0.0268231],[-0.201478,0.212467,-0.956172]]],"btipPosition":[30.2919,200.885,-37.4338],"carpPosition":[90.2934,225.603,7.65703],"dipPosition":[27.3606,203.976,-51.3451],"direction":[-0.319876,-0.548533,0.772523],"extended":false,"handId":168,"id":1681,"length":50.0764,"mcpPosition":[63.121,232.931,-54.0156],"pipPosition":[33.9443,215.266,-67.245],"stabilizedTipPosition":[29.2536,198.916,-39.891],"timeVisible":0.09919,"tipPosition":[30.6519,201.043,-37.5648],"tipVelocity":[40.7254,226.493,-39.6274],"tool":false,"touchDistance":0.333333,"touchZone":"none","type":1,"width":19.5505},{"bases":[[[0.486615,-0.857355,-0.167775],[0.8128,0.514713,-0.272814],[0.320254,-0.00361166,0.947325]],[[0.471965,-0.856355,-0.209536],[0.214247,0.341956,-0.914967],[0.855189,0.38694,0.344862]],[[0.471965,-0.856355,-0.209536],[-0.790586,-0.305923,-0.530457],[0.390158,0.416013,-0.821407]],[[0.471965,-0.856355,-0.209536],[-0.855558,-0.502249,0.125566],[-0.212768,0.120008,-0.969705]]],"btipPosition":[35.8524,190.633,-36.6712],"carpPosition":[97.584,218.276,2.97752],"dipPosition":[32.4477,192.553,-52.1884],"direction":[-0.390158,-0.416013,0.821407],"extended":false,"handId":168,"id":1682,"length":57.058,"mcpPosition":[76.9956,218.508,-57.9237],"pipPosition":[41.8951,202.626,-72.0783],"stabilizedTipPosition":[34.4102,187.921,-39.3274],"timeVisible":0.09919,"tipPosition":[35.4049,190.261,-36.4936],"tipVelocity":[71.1507,244.379,-25.2594],"tool":false,"touchDistance":0.333333,"touchZone":"none","type":2,"width":19.2011},{"bases":[[[0.465773,-0.884887,-0.0054928],[0.855284,0.451766,-0.253766],[0.227036,0.113499,0.96725]],[[0.455606,-0.888941,-0.0469755],[0.340352,0.222715,-0.913542],[0.822547,0.400227,0.404023]],[[0.455606,-0.888941,-0.0469755],[-0.718318,-0.335964,-0.609219],[0.525777,0.311307,-0.79161]],[[0.455606,-0.888941,-0.0469755],[-0.888674,-0.457271,0.0340938],[-0.0517879,0.0262125,-0.998314]]],"btipPosition":[47.52,179.509,-36.499],"carpPosition":[103.498,209.048,0.14516],"dipPosition":[46.696,179.926,-52.3822],"direction":[-0.525777,-0.311307,0.79161],"extended":false,"handId":168,"id":1683,"length":54.8628,"mcpPosition":[90.3933,202.497,-55.6841],"pipPosition":[59.0986,187.27,-71.0556],"stabilizedTipPosition":[46.5149,176.335,-39.2353],"timeVisible":0.09919,"tipPosition":[46.9629,179.181,-36.0909],"tipVelocity":[82.0924,271.616,-23.0996],"tool":false,"touchDistance":0.333333,"touchZone":"none","type":3,"width":18.2711},{"bases":[[[0.341156,-0.928203,0.148498],[0.933992,0.316875,-0.165073],[0.106166,0.195012,0.975038]],[[0.336191,-0.935839,0.105745],[0.541483,0.100203,-0.834719],[0.770566,0.337884,0.540429]],[[0.336191,-0.935839,0.105745],[-0.575973,-0.293139,-0.763102],[0.745138,0.195641,-0.637569]],[[0.336191,-0.935839,0.105745],[-0.922776,-0.349769,-0.1617],[0.188311,-0.0432171,-0.981158]]],"btipPosition":[61.2275,172.866,-42.342],"carpPosition":[105.276,196.083,1.00692],"dipPosition":[63.9915,172.232,-56.7431],"direction":[-0.745138,-0.195641,0.637569],"extended":false,"handId":168,"id":1684,"length":43.0114,"mcpPosition":[99.603,185.664,-51.0897],"pipPosition":[76.4017,175.49,-67.3617],"stabilizedTipPosition":[61.3295,170.603,-44.8674],"timeVisible":0.09919,"tipPosition":[60.577,172.898,-40.5115],"tipVelocity":[70.013,273.553,-98.4188],"tool":false,"touchDistance":0.333333,"touchZone":"none","type":4,"width":16.2298}],"r":[[0.998686,0.0473321,0.0196449],[-0.04762,0.998761,0.0144564],[-0.0189363,-0.0153729,0.999703]],"s":0.902439,"t":[2.92669,26.2816,-2.161],"timestamp":258286323101},{"currentFrameRate":29.6509,"devices":[],"gestures":[],"hands":[{"armBasis":[[0.528939,-0.647774,-0.548282],[0.75973,0.649336,-0.0342389],[0.378198,-0.398436,0.835592]],"armWidth":62.6683,"confidence":0.544402,"direction":[-0.181771,0.0792757,-0.98014],"elbow":[196.559,104.74,237.245],"grabAngle":2.93724,"grabStrength":1,"id":168,"palmNormal":[-0.751143,-0.654465,0.0863683],"palmPosition":[80.2861,215.341,-36.2608],"palmVelocity":[15.7295,193.364,-53.8177],"palmWidth":83.8426,"pinchDistance":23.5117,"pinchStrength":0.797384,"r":[[0.99748,0.0646489,0.0292121],[-0.0652601,0.997658,0.0204761],[-0.0278199,-0.0223309,0.999363]],"s":0.88809,"sphereCenter":[45.4536,194.355,-47.9602],"sphereRadius":35.7798,"stabilizedPalmPosition":[80.2385,214.657,-36.0702],"t":[3.43136,31.722,-3.16635],"timeVisible":0.115867,"type":"right","wrist":[102.467,203.867,29.3569]}],"id":115816,"interactionBox":{"center":[0,200,0],"size":[235.247,235.247,147.751]},"pointables":[{"bases":[[[0.891743,0.298268,-0.340339],[-0.103878,0.866892,0.487553],[0.440459,-0.399418,0.804028]],[[0.818148,0.35322,-0.453728],[-0.0350309,0.818234,0.573817],[0.573939,-0.453572,0.68181]],[[0.818148,0.35322,-0.453728],[-0.343729,0.933007,0.106531],[0.46096,0.0688009,0.88475]],[[0.818148,0.35322,-0.453728],[-0.542234,0.736527,-0.404365],[0.191353,0.576857,0.794116]]],"btipPosition":[29.6098,229.079,-53.3233],"carpPosition":[73.2057,221.71,19.5508],"dipPosition":[33.4232,240.575,-37.4974],"direction":[-0.46096,-0.0688009,-0.88475],"extended":false,"handId":168,"id":1680,"length":44.3787,"mcpPosition":[73.2057,221.71,19.5508],"pipPosition":[46.8065,242.572,-11.8101],"stabilizedTipPosition":[30.3794,229.681,-48.7639],"timeVisible":0.115867,"tipPosition":[27.5297,235.08,-49.4333],"tipVelocity":[-2.92587,114.568,-74.267],"tool":false,"touchDistance":0.609245,"touchZone":"hovering","type":0,"width":20.4674},{"bases":[[[0.595091,-0.72794,-0.340543],[0.700445,0.677545,-0.224297],[0.394008,-0.105055,0.913083]],[[0.621106,-0.733492,-0.276075],[0.121111,0.437856,-0.89085],[0.774312,0.519877,0.360789]],[[0.621106,-0.733492,-0.276075],[-0.722152,-0.398759,-0.565233],[0.304506,0.550437,-0.777364]],[[0.621106,-0.733492,-0.276075],[-0.756204,-0.653413,0.0347388],[-0.205871,0.187192,-0.960508]]],"btipPosition":[31.354,202.745,-38.1197],"carpPosition":[89.6635,228.695,7.00392],"dipPosition":[28.3588,205.468,-52.094],"direction":[-0.304507,-0.550437,0.777364],"extended":false,"handId":168,"id":1681,"length":50.0764,"mcpPosition":[62.9534,235.817,-54.8945],"pipPosition":[34.6261,216.797,-68.0936],"stabilizedTipPosition":[30.102,201.594,-40.7581],"timeVisible":0.115867,"tipPosition":[31.2682,202.812,-39.2595],"tipVelocity":[62.8047,106.478,-41.9959],"tool":false,"touchDistance":0.333333,"touchZone":"none","type":1,"width":19.5505},{"bases":[[[0.514665,-0.840208,-0.170791],[0.799449,0.542253,-0.25854],[0.309839,-0.00347751,0.950783]],[[0.504153,-0.839635,-0.202094],[0.201652,0.341991,-0.917812],[0.839742,0.421965,0.34173]],[[0.504153,-0.839635,-0.202094],[-0.779514,-0.341696,-0.524978],[0.371735,0.422205,-0.826775]],[[0.504153,-0.839635,-0.202094],[-0.83479,-0.533749,0.135047],[-0.221258,0.100622,-0.97001]]],"btipPosition":[37.3815,192.715,-37.2734],"carpPosition":[97.2276,221.644,2.33421],"dipPosition":[33.841,194.325,-52.7954],"direction":[-0.371735,-0.422205,0.826775],"extended":false,"handId":168,"id":1682,"length":57.058,"mcpPosition":[77.3088,221.868,-58.7893],"pipPosition":[42.8423,204.549,-72.8154],"stabilizedTipPosition":[35.7567,191.145,-40.2738],"timeVisible":0.115867,"tipPosition":[36.3919,192.203,-38.3042],"tipVelocity":[89.8169,120.589,-36.1771],"tool":false,"touchDistance":0.333333,"touchZone":"none","type":2,"width":19.2011},{"bases":[[[0.492911,-0.870033,-0.0090353],[0.843646,0.480451,-0.239641],[0.212836,0.110499,0.97082]],[[0.486487,-0.872888,-0.0373773],[0.331295,0.223889,-0.916579],[0.808439,0.433521,0.398103]],[[0.486487,-0.872888,-0.0373773],[-0.711112,-0.370744,-0.597385],[0.507592,0.317199,-0.801083]],[[0.486487,-0.872888,-0.0373773],[-0.871338,-0.48787,0.0524765],[-0.0640414,0.00703911,-0.997922]]],"btipPosition":[49.4566,182.166,-36.9306],"carpPosition":[103.454,212.632,-0.522913],"dipPosition":[48.4377,182.278,-52.8076],"direction":[-0.507592,-0.317199,0.801083],"extended":false,"handId":168,"id":1683,"length":54.8628,"mcpPosition":[91.1693,206.254,-56.5582],"pipPosition":[60.4113,189.76,-71.7044],"stabilizedTipPosition":[48.3103,180.219,-40.1286],"timeVisible":0.115867,"tipPosition":[48.3464,181.477,-37.9244],"tipVelocity":[113.436,155.103,-25.7944],"tool":false,"touchDistance":0.333333,"touchZone":"none","type":3,"width":18.2711},{"bases":[[[0.368016,-0.918741,0.143108],[0.925509,0.347142,-0.151411],[0.089429,0.188169,0.978057]],[[0.365763,-0.922993,0.119589],[0.539183,0.105405,-0.835566],[0.758616,0.3701,0.536216]],[[0.365763,-0.922993,0.119589],[-0.570008,-0.323729,-0.755176],[0.735736,0.208049,-0.644521]],[[0.365763,-0.922993,0.119589],[-0.913281,-0.380688,-0.144892],[0.17926,-0.0562227,-0.982194]]],"btipPosition":[63.1174,175.883,-43.0222],"carpPosition":[105.622,199.72,0.230108],"dipPosition":[65.7485,175.058,-57.4385],"direction":[-0.735736,-0.208049,0.644521],"extended":false,"handId":168,"id":1684,"length":43.0114,"mcpPosition":[100.844,189.666,-52.0278],"pipPosition":[78.0022,178.523,-68.173],"stabilizedTipPosition":[63.0492,174.261,-45.9242],"timeVisible":0.115867,"tipPosition":[62.2059,175.603,-42.2548],"tipVelocity":[111.49,178.261,-40.9995],"tool":false,"touchDistance":0.333333,"touchZone":"none","type":4,"width":16.2298}],"r":[[0.99748,0.0646489,0.0292121],[-0.0652601,0.997658,0.0204761],[-0.0278199,-0.0223309,0.999363]],"s":0.88809,"t":[3.43136,31.722,-3.16635],"timestamp":258286339778},{"currentFrameRate":32.3203,"devices":[],"gestures":[],"hands":[{"armBasis":[[0.535984,-0.636995,-0.554039],[0.753125,0.657316,-0.0271535],[0.381475,-0.402707,0.832048]],"armWidth":62.6683,"confidence":0.59779,"direction":[-0.18302,0.0788961,-0.979938],"elbow":[197.386,106.273,235.889],"grabAngle":2.94448,"grabStrength":1,"id":168,"palmNormal":[-0.743571,-0.66317,0.0854819],"palmPosition":[80.1561,217.872,-36.6914],"palmVelocity":[-8.63783,168.074,-28.6017],"palmWidth":83.8426,"pinchDistance":25.1833,"pinchStrength":0.754008,"r":[[0.996055,0.0807057,0.036901],[-0.0816732,0.996333,0.0255078],[-0.034707,-0.028421,0.998993]],"s":0.883353,"sphereCenter":[45.4804,196.673,-48.4507],"sphereRadius":35.9354,"stabilizedPalmPosition":[80.1723,217.239,-36.5692],"t":[3.61867,35.7074,-3.88432],"timeVisible":0.130922,"type":"right","wrist":[102.478,206.462,28.8824]}],"id":115817,"interactionBox":{"center":[0,200,0],"size":[235.247,235.247,147.751]},"pointables":[{"bases":[[[0.888148,0.309048,-0.340122],[-0.113619,0.864796,0.4891],[0.445292,-0.395749,0.80318]],[[0.81435,0.363071,-0.452784],[-0.0387883,0.812463,0.581721],[0.579077,-0.456162,0.675712]],[[0.81435,0.363071,-0.452784],[-0.342576,0.930457,0.129963],[0.468482,0.0492782,0.882097]],[[0.81435,0.363071,-0.452784],[-0.54042,0.75883,-0.363488],[0.211614,0.5407,0.814164]]],"btipPosition":[28.5689,232.837,-53.7824],"carpPosition":[73.0233,224.061,19.1337],"dipPosition":[32.7862,243.612,-37.5571],"direction":[-0.468482,-0.0492782,-0.882097],"extended":true,"handId":168,"id":1680,"length":44.3787,"mcpPosition":[73.0233,224.061,19.1337],"pipPosition":[46.3878,245.043,-11.9467],"stabilizedTipPosition":[29.8754,233.06,-49.5355],"timeVisible":0.130922,"tipPosition":[27.4211,236.848,-49.8366],"tipVelocity":[-62.9659,238.623,-24.3956],"tool":false,"touchDistance":0.576144,"touchZone":"hovering","type":0,"width":20.4674},{"bases":[[[0.603262,-0.720486,-0.342016],[0.692563,0.685908,-0.223353],[0.395514,-0.102127,0.912764]],[[0.632274,-0.726257,-0.269779],[0.116874,0.433643,-0.893473],[0.765878,0.53339,0.359062]],[[0.632274,-0.726257,-0.269779],[-0.713727,-0.410569,-0.567474],[0.301369,0.551348,-0.777941]],[[0.632274,-0.726257,-0.269779],[-0.747551,-0.663347,0.0337422],[-0.203462,0.180339,-0.962331]]],"btipPosition":[31.3221,204.695,-38.407],"carpPosition":[89.3956,231.256,6.59336],"dipPosition":[28.3619,207.318,-52.4079],"direction":[-0.301369,-0.551348,0.777941],"extended":false,"handId":168,"id":1681,"length":50.0764,"mcpPosition":[62.5834,238.18,-55.2835],"pipPosition":[34.5647,218.666,-68.4193],"stabilizedTipPosition":[30.4146,203.741,-41.2619],"timeVisible":0.130922,"tipPosition":[31.2773,204.793,-39.7146],"tipVelocity":[-1.5864,127.976,-19.4911],"tool":false,"touchDistance":0.333333,"touchZone":"none","type":1,"width":19.5505},{"bases":[[[0.524188,-0.833963,-0.172433],[0.793096,0.551818,-0.257865],[0.310202,-0.00158576,0.950669]],[[0.516371,-0.83367,-0.195846],[0.197486,0.338455,-0.920026],[0.833283,0.436398,0.339407]],[[0.516371,-0.83367,-0.195846],[-0.772798,-0.355095,-0.526014],[0.368978,0.422968,-0.827619]],[[0.516371,-0.83367,-0.195846],[-0.827836,-0.544478,0.135024],[-0.219199,0.0924063,-0.971294]]],"btipPosition":[37.4677,194.771,-37.5552],"carpPosition":[97.0382,224.301,1.90877],"dipPosition":[33.9601,196.249,-53.0978],"direction":[-0.368978,-0.422968,0.827619],"extended":false,"handId":168,"id":1682,"length":57.058,"mcpPosition":[77.0961,224.403,-59.2075],"pipPosition":[42.8947,206.491,-73.1382],"stabilizedTipPosition":[36.3059,193.553,-40.7938],"timeVisible":0.130922,"tipPosition":[36.5304,194.246,-38.7871],"tipVelocity":[6.23128,134.536,-19.0328],"tool":false,"touchDistance":0.333333,"touchZone":"none","type":2,"width":19.2011},{"bases":[[[0.502835,-0.864316,-0.0107214],[0.838005,0.490494,-0.239089],[0.211908,0.111238,0.970938]],[[0.498382,-0.866416,-0.0306377],[0.326564,0.220349,-0.919131],[0.803101,0.448073,0.392759]],[[0.498382,-0.866416,-0.0306377],[-0.706564,-0.385445,-0.593464],[0.502378,0.317419,-0.804277]],[[0.498382,-0.866416,-0.0306377],[-0.864342,-0.499311,0.0600065],[-0.0672883,-0.00342466,-0.997728]]],"btipPosition":[49.8003,184.465,-37.1052],"carpPosition":[103.366,215.366,-0.966187],"dipPosition":[48.7297,184.41,-52.979],"direction":[-0.502378,-0.317419,0.804277],"extended":false,"handId":168,"id":1683,"length":54.8628,"mcpPosition":[91.1352,208.945,-57.0083],"pipPosition":[60.5804,191.898,-71.9512],"stabilizedTipPosition":[49.1225,182.983,-40.5384],"timeVisible":0.130922,"tipPosition":[48.6256,183.664,-38.4531],"tipVelocity":[22.041,150.131,-11.5483],"tool":false,"touchDistance":0.333333,"touchZone":"none","type":3,"width":18.2711},{"bases":[[[0.37856,-0.914715,0.141379],[0.92142,0.357977,-0.151121],[0.0876218,0.187478,0.978353]],[[0.377524,-0.916818,0.130079],[0.530532,0.0990166,-0.841862],[0.758954,0.386834,0.523783]],[[0.377524,-0.916818,0.130079],[-0.57592,-0.34247,-0.742315],[0.725115,0.205326,-0.657304]],[[0.377524,-0.916818,0.130079],[-0.910957,-0.392925,-0.125564],[0.166231,-0.0710926,-0.983521]]],"btipPosition":[63.6322,178.438,-42.8979],"carpPosition":[105.682,202.478,-0.236438],"dipPosition":[66.0721,177.394,-57.3337],"direction":[-0.725115,-0.205326,0.657304],"extended":false,"handId":168,"id":1684,"length":43.0114,"mcpPosition":[101,192.461,-52.5102],"pipPosition":[78.1488,180.814,-68.281],"stabilizedTipPosition":[63.864,177.064,-46.1335],"timeVisible":0.130922,"tipPosition":[62.5991,177.95,-42.8933],"tipVelocity":[31.2722,166.352,7.96162],"tool":false,"touchDistance":0.333333,"touchZone":"none","type":4,"width":16.2298}],"r":[[0.996055,0.0807057,0.036901],[-0.0816732,0.996333,0.0255078],[-0.034707,-0.028421,0.998993]],"s":0.883353,"t":[3.61867,35.7074,-3.88432],"timestamp":258286354833},{"currentFrameRate":34.9826,"devices":[],"gestures":[],"hands":[{"armBasis":[[0.543816,-0.627704,-0.557002],[0.745472,0.666144,-0.0228749],[0.385402,-0.40279,0.830196]],"armWidth":62.6683,"confidence":0.642806,"direction":[-0.187276,0.0781802,-0.979191],"elbow":[198.431,108.379,234.878],"grabAngle":2.94889,"grabStrength":1,"id":168,"palmNormal":[-0.734835,-0.672664,0.0868348],"palmPosition":[79.9017,219.86,-37.15],"palmVelocity":[-18.2955,143.021,-32.9819],"palmWidth":83.8426,"pinchDistance":26.3599,"pinchStrength":0.716177,"r":[[0.994474,0.0960035,0.0424807],[-0.0973095,0.994807,0.0298202],[-0.0393972,-0.0337892,0.998652]],"s":0.884616,"sphereCenter":[45.3388,198.409,-48.8556],"sphereRadius":36.084,"stabilizedPalmPosition":[79.9658,219.24,-37.0125],"t":[3.58515,38.6943,-4.47258],"timeVisible":0.144825,"type":"right","wrist":[102.546,208.59,28.3328]}],"id":115818,"interactionBox":{"center":[0,200,0],"size":[235.247,235.247,147.751]},"pointables":[{"bases":[[[0.883027,0.320818,-0.342548],[-0.122912,0.862486,0.490928],[0.452942,-0.391399,0.801031]],[[0.809929,0.373045,-0.452606],[-0.042871,0.807258,0.588639],[0.584959,-0.457353,0.669815]],[[0.809929,0.373045,-0.452606],[-0.343078,0.927206,0.150287],[0.475723,0.0335572,0.878955]],[[0.809929,0.373045,-0.452606],[-0.540059,0.775349,-0.327369],[0.228804,0.50958,0.829444]]],"btipPosition":[27.6001,235.774,-54.1493],"carpPosition":[72.8778,225.867,18.7088],"dipPosition":[32.1599,245.93,-37.6194],"direction":[-0.475723,-0.0335572,-0.878955],"extended":true,"handId":168,"id":1680,"length":44.3787,"mcpPosition":[72.8778,225.867,18.7088],"pipPosition":[45.9717,246.904,-12.1003],"stabilizedTipPosition":[29.1246,236.151,-50.0325],"timeVisible":0.144825,"tipPosition":[27.0471,238.182,-50.1116],"tipVelocity":[-64.0206,201.029,-21.3517],"tool":false,"touchDistance":0.547411,"touchZone":"hovering","type":0,"width":20.4674},{"bases":[[[0.61118,-0.712234,-0.345227],[0.683083,0.694981,-0.224497],[0.399821,-0.0986109,0.911273]],[[0.642106,-0.717944,-0.268806],[0.109504,0.432939,-0.894747],[0.758755,0.545087,0.35661]],[[0.642106,-0.717944,-0.268806],[-0.708254,-0.421366,-0.566416],[0.293389,0.554082,-0.779048]],[[0.642106,-0.717944,-0.268806],[-0.738365,-0.67349,0.0350426],[-0.206197,0.175976,-0.962557]]],"btipPosition":[31.2149,206.069,-38.6572],"carpPosition":[89.1157,233.29,6.12635],"dipPosition":[28.215,208.629,-52.6613],"direction":[-0.293389,-0.554082,0.779048],"extended":false,"handId":168,"id":1681,"length":50.0764,"mcpPosition":[62.0116,239.974,-55.6494],"pipPosition":[34.2535,220.033,-68.6956],"stabilizedTipPosition":[30.4752,205.344,-41.6006],"timeVisible":0.144825,"tipPosition":[31.1795,206.171,-40.041],"tipVelocity":[-8.36697,97.7912,-18.0497],"tool":false,"touchDistance":0.333333,"touchZone":"none","type":1,"width":19.5505},{"bases":[[[0.534114,-0.82698,-0.175574],[0.785188,0.56223,-0.259569],[0.313371,0.000780894,0.94963]],[[0.527743,-0.826831,-0.194522],[0.190658,0.338476,-0.921457],[0.82773,0.449205,0.33627]],[[0.527743,-0.826831,-0.194522],[-0.767999,-0.366653,-0.525113],[0.362857,0.426517,-0.828503]],[[0.527743,-0.826831,-0.194522],[-0.820277,-0.555559,0.136014],[-0.220529,0.0877817,-0.971422]]],"btipPosition":[37.4532,196.219,-37.8402],"carpPosition":[96.8301,226.439,1.40473],"dipPosition":[33.9243,197.624,-53.3849],"direction":[-0.362857,-0.426517,0.828503],"extended":false,"handId":168,"id":1682,"length":57.058,"mcpPosition":[76.6842,226.389,-59.6448],"pipPosition":