{"frames":319,"data":[{"currentFrameRate":24.933,"devices":[],"gestures":[],"hands":[],"id":121098,"interactionBox":{"center":[0,200,0],"size":[235.247,235.247,147.751]},"pointables":[],"r":[[-0.962136,-0.269906,0.0380192],[0.215739,-0.839331,-0.498979],[0.166588,-0.471883,0.86578]],"s":0.686793,"t":[505.899,-233.461,348.339],"timestamp":258451543112},{"currentFrameRate":24.9437,"devices":[],"gestures":[],"hands":[],"id":121099,"interactionBox":{"center":[0,200,0],"size":[235.247,235.247,147.751]},"pointables":[],"r":[[-0.962136,-0.269906,0.0380192],[0.215739,-0.839331,-0.498979],[0.166588,-0.471883,0.86578]],"s":0.686793,"t":[505.899,-233.461,348.339],"timestamp":258451583125},{"currentFrameRate":24.9277,"devices":[],"gestures":[],"hands":[],"id":121100,"interactionBox":{"center":[0,200,0],"size":[235.247,235.247,147.751]},"pointables":[],"r":[[-0.962136,-0.269906,0.0380192],[0.215739,-0.839331,-0.498979],[0.166588,-0.471883,0.86578]],"s":0.686793,"t":[505.899,-233.461,348.339],"timestamp":258451623357},{"currentFrameRate":24.9039,"devices":[],"gestures":[],"hands":[],"id":121101,"interactionBox":{"center":[0,200,0],"size":[235.247,235.247,147.751]},"pointables":[],"r":[[-0.962136,-0.269906,0.0380192],[0.215739,-0.839331,-0.498979],[0.166588,-0.471883,0.86578]],"s":0.686793,"t":[505.899,-233.461,348.339],"timestamp":258451663684},{"currentFrameRate":24.897,"devices":[],"gestures":[],"hands":[],"id":121102,"interactionBox":{"center":[0,200,0],"size":[235.247,235.247,147.751]},"pointables":[],"r":[[-0.962136,-0.269906,0.0380192],[0.215739,-0.839331,-0.498979],[0.166588,-0.471883,0.86578]],"s":0.686793,"t":[505.899,-233.461,348.339],"timestamp":258451703899},{"currentFrameRate":24.8437,"devices":[],"gestures":[],"hands":[],"id":121103,"interactionBox":{"center":[0,200,0],"size":[235.247,235.247,147.751]},"pointables":[],"r":[[-0.962136,-0.269906,0.0380192],[0.215739,-0.839331,-0.498979],[0.166588,-0.471883,0.86578]],"s":0.686793,"t":[505.899,-233.461,348.339],"timestamp":258451744538},{"currentFrameRate":24.8791,"devices":[],"gestures":[],"hands":[],"id":121104,"interactionBox":{"center":[0,200,0],"size":[235.247,235.247,147.751]},"pointables":[],"r":[[-0.962136,-0.269906,0.0380192],[0.215739,-0.839331,-0.498979],[0.166588,-0.471883,0.86578]],"s":0.686793,"t":[505.899,-233.461,348.339],"timestamp":258451784475},{"currentFrameRate":24.8365,"devices":[],"gestures":[],"hands":[],"id":121105,"interactionBox":{"center":[0,200,0],"size":[235.247,235.247,147.751]},"pointables":[],"r":[[-0.962136,-0.269906,0.0380192],[0.215739,-0.839331,-0.498979],[0.166588,-0.471883,0.86578]],"s":0.686793,"t":[505.899,-233.461,348.339],"timestamp":258451825048},{"currentFrameRate":24.8621,"devices":[],"gestures":[],"hands":[],"id":121106,"interactionBox":{"center":[0,200,0],"size":[235.247,235.247,147.751]},"pointables":[],"r":[[-0.962136,-0.269906,0.0380192],[0.215739,-0.839331,-0.498979],[0.166588,-0.471883,0.86578]],"s":0.686793,"t":[505.899,-233.461,348.339],"timestamp":258451865084},{"currentFrameRate":24.8603,"devices":[],"gestures":[],"hands":[],"id":121107,"interactionBox":{"center":[0,200,0],"size":[235.247,235.247,147.751]},"pointables":[],"r":[[-0.962136,-0.269906,0.0380192],[0.215739,-0.839331,-0.498979],[0.166588,-0.471883,0.86578]],"s":0.686793,"t":[505.899,-233.461,348.339],"timestamp":258451905322},{"currentFrameRate":24.8193,"devices":[],"gestures":[],"hands":[],"id":121108,"interactionBox":{"center":[0,200,0],"size":[235.247,235.247,147.751]},"pointables":[],"r":[[-0.962136,-0.269906,0.0380192],[0.215739,-0.839331,-0.498979],[0.166588,-0.471883,0.86578]],"s":0.686793,"t":[505.899,-233.461,348.339],"timestamp":258451945911},{"currentFrameRate":24.8464,"devices":[],"gestures":[],"hands":[],"id":121109,"interactionBox":{"center":[0,200,0],"size":[235.247,235.247,147.751]},"pointables":[],"r":[[-0.962136,-0.269906,0.0380192],[0.215739,-0.839331,-0.498979],[0.166588,-0.471883,0.86578]],"s":0.686793,"t":[505.899,-233.461,348.339],"timestamp":258451985961},{"currentFrameRate":24.8236,"devices":[],"gestures":[],"hands":[],"id":121110,"interactionBox":{"center":[0,200,0],"size":[235.247,235.247,147.751]},"pointables":[],"r":[[-0.962136,-0.269906,0.0380192],[0.215739,-0.839331,-0.498979],[0.166588,-0.471883,0.86578]],"s":0.686793,"t":[505.899,-233.461,348.339],"timestamp":258452026411},{"currentFrameRate":24.833,"devices":[],"gestures":[],"hands":[],"id":121111,"interactionBox":{"center":[0,200,0],"size":[235.247,235.247,147.751]},"pointables":[],"r":[[-0.962136,-0.269906,0.0380192],[0.215739,-0.839331,-0.498979],[0.166588,-0.471883,0.86578]],"s":0.686793,"t":[505.899,-233.461,348.339],"timestamp":258452066612},{"currentFrameRate":24.8499,"devices":[],"gestures":[],"hands":[],"id":121112,"interactionBox":{"center":[0,200,0],"size":[235.247,235.247,147.751]},"pointables":[],"r":[[-0.962136,-0.269906,0.0380192],[0.215739,-0.839331,-0.498979],[0.166588,-0.471883,0.86578]],"s":0.686793,"t":[505.899,-233.461,348.339],"timestamp":258452106731},{"currentFrameRate":24.8224,"devices":[],"gestures":[],"hands":[],"id":121113,"interactionBox":{"center":[0,200,0],"size":[235.247,235.247,147.751]},"pointables":[],"r":[[-0.962136,-0.269906,0.0380192],[0.215739,-0.839331,-0.498979],[0.166588,-0.471883,0.86578]],"s":0.686793,"t":[505.899,-233.461,348.339],"timestamp":258452147217},{"currentFrameRate":24.8475,"devices":[],"gestures":[],"hands":[],"id":121114,"interactionBox":{"center":[0,200,0],"size":[235.247,235.247,147.751]},"pointables":[],"r":[[-0.962136,-0.269906,0.0380192],[0.215739,-0.839331,-0.498979],[0.166588,-0.471883,0.86578]],"s":0.686793,"t":[505.899,-233.461,348.339],"timestamp":258452187280},{"currentFrameRate":24.8416,"devices":[],"gestures":[],"hands":[{"armBasis":[[0.541739,-0.388344,-0.745458],[0.627626,0.776815,0.0514284],[0.559111,-0.49573,0.664565]],"armWidth":60.0267,"confidence":0,"direction":[-0.180432,0.490155,-0.852756],"elbow":[278.802,85.6837,302.977],"grabAngle":3.09349,"grabStrength":1,"id":179,"palmNormal":[-0.685343,-0.684528,-0.24845],"palmPosition":[111.86,248.059,77.0589],"palmVelocity":[1.19209e-7,1.19209e-7,1.19209e-7],"palmWidth":85.7161,"pinchDistance":29.4999,"pinchStrength":0.455569,"r":[[1,-2.77556e-18,-1.11022e-17],[2.77556e-18,1,1.11022e-17],[1.11022e-17,-1.11022e-17,1]],"s":1,"sphereCenter":[81.3509,224.395,51.4545],"sphereRadius":39.2581,"stabilizedPalmPosition":[111.86,248.059,77.0589],"t":[0,0,0],"timeVisible":0,"type":"right","wrist":[136.592,211.773,133.945]}],"id":121115,"interactionBox":{"center":[0,200,0],"size":[235.247,235.247,147.751]},"pointables":[{"bases":[[[0.861678,0.490771,-0.129056],[-0.190882,0.549108,0.813661],[0.470187,-0.676479,0.566834]],[[0.80749,0.559149,-0.187914],[-0.212057,0.572428,0.792059],[0.550447,-0.599731,0.580802]],[[0.80749,0.559149,-0.187914],[-0.319958,0.682802,0.656817],[0.495567,-0.470249,0.73026]],[[0.80749,0.559149,-0.187914],[-0.38176,0.738218,0.556141],[0.449688,-0.377341,0.809565]]],"btipPosition":[51.8395,279.607,62.0944],"carpPosition":[103.555,227.982,130.71],"dipPosition":[61.7538,271.288,79.9429],"direction":[-0.495567,0.470249,-0.73026],"extended":true,"handId":179,"id":1790,"length":49.0956,"mcpPosition":[103.555,227.982,130.71],"pipPosition":[77.6711,256.184,103.398],"stabilizedTipPosition":[54.1198,277.694,66.1995],"timeVisible":0,"tipPosition":[54.1198,277.694,66.1995],"tipVelocity":[1.19209e-7,1.19209e-7,1.19209e-7],"tool":false,"touchDistance":1,"touchZone":"none","type":0,"width":19.0763},{"bases":[[[0.665203,-0.449643,-0.596092],[0.633803,0.762072,0.132441],[0.394713,-0.465905,0.791918]],[[0.679425,-0.466663,-0.566222],[0.124687,0.833895,-0.537655],[0.723073,0.294696,0.624756]],[[0.679425,-0.466663,-0.566222],[-0.684125,-0.123933,-0.718758],[0.265244,0.875709,-0.403459]],[[0.679425,-0.466663,-0.566222],[-0.682302,-0.685676,-0.2536],[-0.269899,0.558636,-0.78427]]],"btipPosition":[61.4056,232.864,64.8401],"carpPosition":[119.721,241.432,123.2],"dipPosition":[57.0615,241.856,52.2171],"direction":[-0.265244,-0.875709,0.403459],"extended":false,"handId":179,"id":1791,"length":55.3989,"mcpPosition":[92.3653,273.722,68.3158],"pipPosition":[63.1009,261.795,43.0305],"stabilizedTipPosition":[60.4064,234.932,61.9368],"timeVisible":0,"tipPosition":[60.4064,234.932,61.9368],"tipVelocity":[1.19209e-7,1.19209e-7,1.19209e-7],"tool":false,"touchDistance":0.333333,"touchZone":"none","type":1,"width":18.2217},{"bases":[[[0.594555,-0.631737,-0.497406],[0.745651,0.664669,0.0471125],[0.300848,-0.398902,0.866238]],[[0.575445,-0.606681,-0.548454],[0.0833124,0.710608,-0.698638],[0.813586,0.356334,0.45946]],[[0.575445,-0.606681,-0.548454],[-0.791757,-0.245241,-0.559444],[0.2049,0.756171,-0.621466]],[[0.575445,-0.606681,-0.548454],[-0.77439,-0.619868,-0.126824],[-0.263028,0.497697,-0.826507]]],"btipPosition":[70.6037,218.724,69.617],"carpPosition":[128.152,237.753,116.133],"dipPosition":[65.9474,227.534,54.9855],"direction":[-0.2049,-0.756171,0.621466],"extended":false,"handId":179,"id":1792,"length":63.1227,"mcpPosition":[108.379,263.971,59.2001],"pipPosition":[71.4363,247.791,38.3376],"stabilizedTipPosition":[69.5328,220.75,66.2518],"timeVisible":0,"tipPosition":[69.5328,220.75,66.2518],"tipVelocity":[1.19209e-7,1.19209e-7,1.19209e-7],"tool":false,"touchDistance":0.333333,"touchZone":"none","type":2,"width":17.8961},{"bases":[[[0.574433,-0.731849,-0.366637],[0.795434,0.604781,0.0390445],[0.193161,-0.314064,0.929544]],[[0.561817,-0.7117,-0.421717],[0.116319,0.57267,-0.811492],[0.819043,0.406856,0.40452]],[[0.561817,-0.7117,-0.421717],[-0.777273,-0.27961,-0.563617],[0.28321,0.644439,-0.710275]],[[0.561817,-0.7117,-0.421717],[-0.793224,-0.608171,-0.0303794],[-0.234855,0.351584,-0.906219]]],"btipPosition":[86.2697,209.752,72.3831],"carpPosition":[135.398,231.35,109.775],"dipPosition":[82.136,215.941,56.4327],"direction":[-0.28321,-0.644439,0.710275],"extended":false,"handId":179,"id":1793,"length":60.6941,"mcpPosition":[124,249.883,54.9233],"pipPosition":[89.5267,232.758,37.8971],"stabilizedTipPosition":[85.3189,211.176,68.7145],"timeVisible":0,"tipPosition":[85.3189,211.176,68.7145],"tipVelocity":[1.19209e-7,1.19209e-7,1.19209e-7],"tool":false,"touchDistance":0.333333,"touchZone":"none","type":3,"width":17.0293},{"bases":[[[0.453551,-0.85308,-0.257966],[0.889016,0.453451,0.0635123],[0.0627938,-0.258142,0.964064]],[[0.43849,-0.80321,-0.403213],[0.188012,0.520698,-0.832782],[0.87885,0.289358,0.379334]],[[0.43849,-0.80321,-0.403213],[-0.801514,-0.146532,-0.579745],[0.406573,0.577393,-0.708036]],[[0.43849,-0.80321,-0.403213],[-0.88214,-0.470468,-0.0221362],[-0.171918,0.365396,-0.914839]]],"btipPosition":[101.465,207.3,67.3656],"carpPosition":[138.869,219.409,104.762],"dipPosition":[98.6732,213.233,52.5107],"direction":[-0.406573,-0.577393,0.708036],"extended":false,"handId":179,"id":1794,"length":47.5831,"mcpPosition":[135.439,233.51,52.1005],"pipPosition":[106.164,223.872,39.465],"stabilizedTipPosition":[100.823,208.665,63.949],"timeVisible":0,"tipPosition":[100.823,208.665,63.949],"tipVelocity":[1.19209e-7,1.19209e-7,1.19209e-7],"tool":false,"touchDistance":0.333333,"touchZone":"none","type":4,"width":15.1267}],"r":[[1,-2.77556e-18,-1.11022e-17],[2.77556e-18,1,1.11022e-17],[1.11022e-17,-1.11022e-17,1]],"s":1,"t":[0,0,0],"timestamp":258452227578},{"currentFrameRate":24.851,"devices":[],"gestures":[],"hands":[{"armBasis":[[0.609439,-0.219296,-0.761901],[0.621314,0.729053,0.287143],[0.492496,-0.648376,0.580565]],"armWidth":58.6901,"confidence":0.208518,"direction":[-0.0913889,0.450514,-0.888079],"elbow":[256.578,65.0231,282.978],"grabAngle":3.14159,"grabStrength":1,"id":179,"palmNormal":[-0.622923,-0.721647,-0.301982],"palmPosition":[112.376,265.309,75.8697],"palmVelocity":[12.8612,429.43,-29.6021],"palmWidth":85.7161,"pinchDistance":32.7864,"pinchStrength":0.296893,"r":[[0.999662,0.00850448,0.0245688],[-0.00830194,0.999931,-0.0083338],[-0.024638,0.00812702,0.999663]],"s":1.00817,"sphereCenter":[83.8817,246.475,51.7088],"sphereRadius":37.8082,"stabilizedPalmPosition":[112.301,262.806,76.0422],"t":[0.258324,8.62531,-0.594573],"timeVisible":0.040171,"type":"right","wrist":[131.311,229.938,135.311]}],"id":121116,"interactionBox":{"center":[0,200,0],"size":[235.247,235.247,147.751]},"pointables":[{"bases":[[[0.85196,0.521867,-0.0426578],[-0.31102,0.569916,0.760567],[0.421226,-0.634705,0.647857]],[[0.779119,0.611186,-0.139375],[-0.245978,0.502565,0.828808],[0.576601,-0.611457,0.541896]],[[0.779119,0.611186,-0.139375],[-0.428611,0.681614,0.593038],[0.457457,-0.402309,0.79302]],[[0.779119,0.611186,-0.139375],[-0.538028,0.766057,0.351686],[0.321714,-0.199017,0.925685]]],"btipPosition":[49.6511,292.684,58.1965],"carpPosition":[98.2314,246.875,128.885],"dipPosition":[56.6398,288.361,78.3053],"direction":[-0.457457,0.402309,-0.79302],"extended":true,"handId":179,"id":1790,"length":48.3745,"mcpPosition":[98.2314,246.875,128.885],"pipPosition":[71.1172,275.628,103.403],"stabilizedTipPosition":[52.1732,287.215,63.9014],"timeVisible":0.040171,"tipPosition":[53.8482,291.916,59.0106],"tipVelocity":[-71.2282,348.399,-84.0918],"tool":false,"touchDistance":1,"touchZone":"none","type":0,"width":18.465},{"bases":[[[0.750553,-0.442504,-0.490776],[0.583317,0.792634,0.177405],[0.310504,-0.41943,0.853034]],[[0.720383,-0.403958,-0.563797],[-0.0568642,0.775747,-0.628477],[0.691242,0.484804,0.535864]],[[0.720383,-0.403958,-0.563797],[-0.689363,-0.327551,-0.646134],[0.0763385,0.854124,-0.514436]],[[0.720383,-0.403958,-0.563797],[-0.609138,-0.757203,-0.235785],[-0.331661,0.513286,-0.791542]]],"btipPosition":[69.1498,243.149,66.4674],"carpPosition":[114.687,260.716,122.862],"dipPosition":[63.89,251.289,53.9144],"direction":[-0.0763385,-0.854124,0.514436],"extended":false,"handId":179,"id":1791,"length":54.5852,"mcpPosition":[93.1679,289.784,63.7421],"pipPosition":[65.6027,270.452,42.373],"stabilizedTipPosition":[64.9309,240.991,62.9238],"timeVisible":0.040171,"tipPosition":[65.7263,247.359,59.1244],"tipVelocity":[187.539,251.156,40.9099],"tool":false,"touchDistance":0.333333,"touchZone":"none","type":1,"width":17.6378},{"bases":[[[0.67509,-0.6237,-0.39402],[0.708484,0.697012,0.110565],[0.205678,-0.353798,0.912427]],[[0.661542,-0.601362,-0.448024],[-0.00691767,0.59252,-0.805526],[0.749876,0.535989,0.387817]],[[0.661542,-0.601362,-0.448024],[-0.748988,-0.50026,-0.434462],[0.0371404,0.622979,-0.781356]],[[0.661542,-0.601362,-0.448024],[-0.612767,-0.777885,0.139321],[-0.432294,0.182368,-0.883099]]],"btipPosition":[83.5559,236.791,75.7495],"carpPosition":[124.063,257.142,117.041],"dipPosition":[76.0155,239.972,60.3459],"direction":[-0.0371404,-0.622979,0.781356],"extended":false,"handId":179,"id":1792,"length":62.1955,"mcpPosition":[110.545,280.395,57.073],"pipPosition":[76.9958,256.415,39.7222],"stabilizedTipPosition":[80.9969,236.397,71.8071],"timeVisible":0.040171,"tipPosition":[78.0024,236.816,67.5148],"tipVelocity":[305.912,417.517,148.239],"tool":false,"touchDistance":0.333333,"touchZone":"none","type":2,"width":17.3227},{"bases":[[[0.642657,-0.719723,-0.262661],[0.761101,0.639037,0.111161],[0.0878447,-0.27135,0.958464]],[[0.636233,-0.702157,-0.319661],[0.0829177,0.474173,-0.876518],[0.767028,0.531164,0.359906]],[[0.636233,-0.702157,-0.319661],[-0.762517,-0.509277,-0.399004],[0.117367,0.497607,-0.859426]],[[0.636233,-0.702157,-0.319661],[-0.663743,-0.709378,0.237125],[-0.39326,0.0613062,-0.917381]]],"btipPosition":[99.0881,230.949,78.4165],"carpPosition":[132.279,250.824,111.892],"dipPosition":[92.268,232.013,62.5068],"direction":[-0.117367,-0.497607,0.859426],"extended":false,"handId":179,"id":1793,"length":59.8026,"mcpPosition":[127.096,266.836,55.3342],"pipPosition":[95.2859,244.808,40.4083],"stabilizedTipPosition":[96.92,230.21,74.4603],"timeVisible":0.040171,"tipPosition":[93.4715,229.338,70.7767],"tipVelocity":[303.716,498.327,150.424],"tool":false,"touchDistance":0.333333,"touchZone":"none","type":3,"width":16.4836},{"bases":[[[0.513855,-0.841919,-0.164696],[0.856543,0.492814,0.153193],[-0.0478117,-0.219788,0.974375]],[[0.515364,-0.801228,-0.304029],[0.211956,0.462924,-0.860684],[0.830346,0.379124,0.408399]],[[0.515364,-0.801228,-0.304029],[-0.820936,-0.359783,-0.443419],[0.245895,0.47811,-0.843176]],[[0.515364,-0.801228,-0.304029],[-0.779702,-0.585615,0.221628],[-0.355618,0.122833,-0.926524]]],"btipPosition":[113.377,227.783,71.3462],"carpPosition":[136.792,238.866,107.843],"dipPosition":[107.688,229.749,56.5225],"direction":[-0.245895,-0.47811,0.843176],"extended":false,"handId":179,"id":1794,"length":46.8842,"mcpPosition":[139.404,250.871,54.6189],"pipPosition":[112.152,238.428,41.2151],"stabilizedTipPosition":[111.623,227.46,67.7787],"timeVisible":0.040171,"tipPosition":[107.883,226.452,65.2766],"tipVelocity":[279.952,487.187,99.2704],"tool":false,"touchDistance":0.333333,"touchZone":"none","type":4,"width":14.642}],"r":[[0.999662,0.00850448,0.0245688],[-0.00830194,0.999931,-0.0083338],[-0.024638,0.00812702,0.999663]],"s":1.00817,"t":[0.258324,8.62531,-0.594573],"timestamp":258452267749},{"currentFrameRate":24.814,"devices":[],"gestures":[],"hands":[{"armBasis":[[0.640054,-0.130134,-0.757229],[0.623113,0.664516,0.412491],[0.449512,-0.735856,0.506414]],"armWidth":58.6901,"confidence":0.40142,"direction":[-0.0613313,0.428258,-0.901573],"elbow":[240.71,55.9795,261.647],"grabAngle":3.14159,"grabStrength":1,"id":179,"palmNormal":[-0.620321,-0.723998,-0.30171],"palmPosition":[109.637,278.354,72.8735],"palmVelocity":[-67.5226,321.546,-73.854],"palmWidth":85.7161,"pinchDistance":26.706,"pinchStrength":0.419527,"r":[[0.998652,0.0139369,0.0499943],[-0.0129352,0.99971,-0.0203043],[-0.0502628,0.0196303,0.998543]],"s":0.997736,"sphereCenter":[84.5644,256.788,47.658],"sphereRadius":37.3893,"stabilizedPalmPosition":[109.684,278.082,72.9289],"t":[-0.982176,19.4604,-2.38995],"timeVisible":0.08074,"type":"right","wrist":[126.376,243.145,132.841]}],"id":121117,"interactionBox":{"center":[0,200,0],"size":[235.247,235.247,147.751]},"pointables":[{"bases":[[[0.857517,0.51353,-0.0308367],[-0.327955,0.591848,0.736316],[0.396371,-0.621291,0.675935]],[[0.742327,0.643522,-0.186629],[-0.291535,0.560993,0.774786],[0.603289,-0.520736,0.60405]],[[0.742327,0.643522,-0.186629],[-0.488921,0.71069,0.505842],[0.458155,-0.284253,0.842196]],[[0.742327,0.643522,-0.186629],[-0.6087,0.764106,0.213602],[0.280061,-0.0449614,0.958929]]],"btipPosition":[44.8307,295.867,50.012],"carpPosition":[93.7833,261.408,125.902],"dipPosition":[50.9145,294.891,70.8431],"direction":[-0.458155,0.284253,-0.842196],"extended":true,"handId":179,"id":1790,"length":48.3745,"mcpPosition":[93.7833,261.408,125.902],"pipPosition":[65.414,285.895,97.4966],"stabilizedTipPosition":[49.6906,290.736,60.1009],"timeVisible":0.08074,"tipPosition":[49.2651,300.68,54.1698],"tipVelocity":[-123.949,97.4474,-197.646],"tool":false,"touchDistance":1,"touchZone":"none","type":0,"width":18.465},{"bases":[[[0.760548,-0.461178,-0.457035],[0.585013,0.792083,0.174253],[0.281648,-0.3999,0.872213]],[[0.713138,-0.400066,-0.575657],[-0.113896,0.744133,-0.65825],[0.691709,0.534989,0.485104]],[[0.713138,-0.400066,-0.575657],[-0.699672,-0.355238,-0.619891],[0.0435019,0.844839,-0.533249]],[[0.713138,-0.400066,-0.575657],[-0.591497,-0.784129,-0.187813],[-0.376252,0.474435,-0.79583]]],"btipPosition":[68.4199,254.855,64.8057],"carpPosition":[110.533,274.952,120.015],"dipPosition":[62.453,262.379,52.1847],"direction":[-0.0435019,-0.844839,0.533249],"extended":false,"handId":179,"id":1791,"length":54.5852,"mcpPosition":[91.0128,302.667,59.5661],"pipPosition":[63.429,281.333,40.2213],"stabilizedTipPosition":[66.818,254.894,62.0136],"timeVisible":0.08074,"tipPosition":[64.0104,259.678,56.4381],"tipVelocity":[-22.0003,285.051,-41.3452],"tool":false,"touchDistance":0.333333,"touchZone":"none","type":1,"width":17.6378},{"bases":[[[0.680659,-0.639194,-0.357959],[0.711212,0.69374,0.113584],[0.175728,-0.331897,0.926803]],[[0.668897,-0.618142,-0.412889],[-0.0128859,0.545715,-0.837872],[0.743244,0.56577,0.357061]],[[0.668897,-0.618142,-0.412889],[-0.740852,-0.508802,-0.438474],[0.0609605,0.599184,-0.798287]],[[0.668897,-0.618142,-0.412889],[-0.619151,-0.77067,0.150731],[-0.411374,0.154818,-0.898222]]],"btipPosition":[80.8059,249.138,74.4161],"carpPosition":[120.041,271.152,114.566],"dipPosition":[73.6304,251.838,58.7486],"direction":[-0.0609605,-0.599184,0.798287],"extended":false,"handId":179,"id":1792,"length":62.1955,"mcpPosition":[108.492,292.966,53.6529],"pipPosition":[75.2394,267.653,37.678],"stabilizedTipPosition":[79.1702,249.652,70.8205],"timeVisible":0.08074,"tipPosition":[75.7554,249.918,65.0657],"tipVelocity":[-65.7167,301.623,-34.3647],"tool":false,"touchDistance":0.333333,"touchZone":"none","type":2,"width":17.3227},{"bases":[[[0.643536,-0.731535,-0.225208],[0.763264,0.635366,0.117206],[0.057349,-0.247319,0.967235]],[[0.638939,-0.715388,-0.282802],[0.0868338,0.432353,-0.897514],[0.764341,0.5489,0.338367]],[[0.638939,-0.715388,-0.282802],[-0.75973,-0.529157,-0.377893],[0.120694,0.456304,-0.881601]],[[0.638939,-0.715388,-0.282802],[-0.670734,-0.6981,0.250543],[-0.376659,0.029603,-0.925879]]],"btipPosition":[96.6937,244.22,77.4411],"carpPosition":[128.348,264.636,109.824],"dipPosition":[90.1615,244.733,61.3841],"direction":[-0.120694,-0.456304,0.881601],"extended":false,"handId":179,"id":1793,"length":59.8026,"mcpPosition":[124.963,279.23,52.7481],"pipPosition":[93.2649,256.466,38.7154],"stabilizedTipPosition":[95.2029,244.243,73.7528],"timeVisible":0.08074,"tipPosition":[91.0535,242.624,68.7356],"tipVelocity":[-57.388,323.991,-24.877],"tool":false,"touchDistance":0.333333,"touchZone":"none","type":3,"width":16.4836},{"bases":[[[0.510829,-0.8501,-0.127996],[0.856114,0.489488,0.165741],[-0.0782435,-0.194245,0.977828]],[[0.51676,-0.814127,-0.26487],[0.21872,0.424656,-0.878538],[0.82772,0.396061,0.397511]],[[0.51676,-0.814127,-0.26487],[-0.817956,-0.378141,-0.43354],[0.252799,0.440688,-0.861329]],[[0.51676,-0.814127,-0.26487],[-0.790369,-0.572571,0.217898],[-0.329053,0.0967439,-0.939343]]],"btipPosition":[110.652,240.604,70.4216],"carpPosition":[132.869,252.541,106.215],"dipPosition":[105.387,242.152,55.3928],"direction":[-0.252799,-0.440688,0.861328],"extended":false,"handId":179,"id":1794,"length":46.8842,"mcpPosition":[137.143,263.151,52.8023],"pipPosition":[109.977,250.152,39.7558],"stabilizedTipPosition":[109.452,240.889,66.9693],"timeVisible":0.08074,"tipPosition":[105.412,239.395,63.4164],"tipVelocity":[-64.772,313.655,-23.9535],"tool":false,"touchDistance":0.333333,"touchZone":"none","type":4,"width":14.642}],"r":[[0.998652,0.0139369,0.0499943],[-0.0129352,0.99971,-0.0203043],[-0.0502628,0.0196303,0.998543]],"s":0.997736,"t":[-0.982176,19.4604,-2.38995],"timestamp":258452308318},{"currentFrameRate":27.9712,"devices":[],"gestures":[],"hands":[{"armBasis":[[0.633806,-0.119933,-0.764138],[0.639535,0.636926,0.430488],[0.43507,-0.761539,0.480389]],"armWidth":58.6901,"confidence":0.461403,"direction":[-0.0641659,0.415045,-0.907535],"elbow":[234.759,53.6971,252.54],"grabAngle":3.14159,"grabStrength":1,"id":179,"palmNormal":[-0.637792,-0.716497,-0.282584],"palmPosition":[107.344,282.307,70.2995],"palmVelocity":[-163.803,282.394,-183.863],"palmWidth":85.7161,"pinchDistance":25.219,"pinchStrength":0.488553,"r":[[0.997588,0.0148009,0.0678223],[-0.0125735,0.999371,-0.0331517],[-0.0682703,0.0322189,0.997146]],"s":0.9769,"sphereCenter":[82.5673,259.979,45.4637],"sphereRadius":37.0518,"stabilizedPalmPosition":[107.902,281.299,70.9272],"t":[-2.74904,26.8546,-4.57468],"timeVisible":0.09474,"type":"right","wrist":[124.099,247.395,130.353]}],"id":121118,"interactionBox":{"center":[0,200,0],"size":[235.247,235.247,147.751]},"pointables":[{"bases":[[[0.86679,0.496225,-0.0493589],[-0.307434,0.609687,0.730593],[0.392632,-0.618096,0.681027]],[[0.728128,0.645026,-0.231884],[-0.289001,0.595657,0.749448],[0.621537,-0.47868,0.620128]],[[0.728128,0.645026,-0.231884],[-0.495607,0.729127,0.471961],[0.4735,-0.228725,0.850578]],[[0.728128,0.645026,-0.231884],[-0.623587,0.763804,0.166558],[0.284548,0.023324,0.958378]]],"btipPosition":[41.4266,295.755,46.8802],"carpPosition":[91.8204,266.514,123.779],"dipPosition":[47.6079,296.262,67.6993],"direction":[-0.4735,0.228725,-0.850578],"extended":true,"handId":179,"id":1790,"length":48.3745,"mcpPosition":[91.8204,266.514,123.779],"pipPosition":[62.593,289.023,94.618],"stabilizedTipPosition":[48.4969,291.632,58.6299],"timeVisible":0.09474,"tipPosition":[46.0773,303.04,51.8889],"tipVelocity":[-241.549,16.3463,-223.9],"tool":false,"touchDistance":1,"touchZone":"none","type":0,"width":18.465},{"bases":[[[0.745862,-0.48304,-0.458654],[0.602235,0.783229,0.154482],[0.28461,-0.39144,0.875084]],[[0.710433,-0.43754,-0.551221],[-0.10611,0.707697,-0.698502],[0.69572,0.554729,0.456344]],[[0.710433,-0.43754,-0.551221],[-0.701991,-0.384983,-0.599164],[0.0499472,0.812618,-0.580653]],[[0.710433,-0.43754,-0.551221],[-0.588927,-0.798419,-0.125272],[-0.385294,0.413626,-0.824901]]],"btipPosition":[66.2743,259.852,64.7385],"carpPosition":[108.753,279.635,117.476],"dipPosition":[60.164,266.412,51.6565],"direction":[-0.0499472,-0.812617,0.580653],"extended":false,"handId":179,"id":1791,"length":54.5852,"mcpPosition":[89.0283,306.764,56.8275],"pipPosition":[61.2845,284.643,38.6295],"stabilizedTipPosition":[65.4933,259.289,61.8206],"timeVisible":0.09474,"tipPosition":[61.546,263.967,55.4311],"tipVelocity":[-155.615,341.092,-12.3756],"tool":false,"touchDistance":0.333333,"touchZone":"none","type":1,"width":17.6378},{"bases":[[[0.663788,-0.65788,-0.35578],[0.725765,0.681506,0.0938923],[0.180696,-0.320537,0.929841]],[[0.651758,-0.637475,-0.410897],[-0.0179443,0.528662,-0.848643],[0.758214,0.560483,0.333121]],[[0.651758,-0.637475,-0.410897],[-0.755251,-0.495994,-0.428469],[0.0693363,0.589588,-0.804722]],[[0.651758,-0.637475,-0.410897],[-0.629779,-0.756774,0.175132],[-0.422598,0.144631,-0.894703]]],"btipPosition":[77.8625,253.472,72.8044],"carpPosition":[118.12,275.566,111.975],"dipPosition":[70.4912,255.995,57.1984],"direction":[-0.0693363,-0.589588,0.804722],"extended":false,"handId":179,"id":1792,"length":62.1955,"mcpPosition":[106.244,296.633,50.8617],"pipPosition":[72.3214,271.557,35.9579],"stabilizedTipPosition":[76.6816,253.299,69.4901],"timeVisible":0.09474,"tipPosition":[72.8943,254.408,63.4722],"tipVelocity":[-213.458,306.686,-114.108],"tool":false,"touchDistance":0.333333,"touchZone":"none","type":2,"width":17.3227},{"bases":[[[0.626531,-0.747369,-0.221127],[0.776725,0.622196,0.097827],[0.0644716,-0.233047,0.970326]],[[0.621538,-0.73205,-0.278914],[0.0852697,0.417142,-0.904832],[0.778729,0.538605,0.321691]],[[0.621538,-0.73205,-0.278914],[-0.772923,-0.515063,-0.370541],[0.127596,0.445884,-0.885949]],[[0.621538,-0.73205,-0.278914],[-0.683713,-0.680707,0.263013],[-0.382397,0.0272246,-0.923597]]],"btipPosition":[93.4912,248.293,75.4371],"carpPosition":[126.24,268.815,107.238],"dipPosition":[86.8595,248.765,59.4196],"direction":[-0.127596,-0.445884,0.885949],"extended":false,"handId":179,"id":1793,"length":59.8026,"mcpPosition":[122.436,282.567,49.9802],"pipPosition":[90.1403,260.23,36.6391],"stabilizedTipPosition":[92.5334,247.673,72.1037],"timeVisible":0.09474,"tipPosition":[88.1244,246.922,67.0775],"tipVelocity":[-230.388,290.26,-142.495],"tool":false,"touchDistance":0.333333,"touchZone":"none","type":3,"width":16.4836},{"bases":[[[0.492775,-0.861781,-0.12044],[0.867342,0.475329,0.147582],[-0.0699347,-0.177187,0.981689]],[[0.495788,-0.851183,-0.172285],[0.261384,0.335441,-0.905073],[0.828174,0.403692,0.388793]],[[0.495788,-0.851183,-0.172285],[-0.8134,-0.385631,-0.43551],[0.30426,0.356057,-0.883543]],[[0.495788,-0.851183,-0.172285],[-0.821891,-0.523966,0.223505],[-0.280515,0.0307883,-0.959356]]],"btipPosition":[106.086,246.052,68.7756],"carpPosition":[130.483,256.579,103.771],"dipPosition":[101.598,246.544,53.4267],"direction":[-0.30426,-0.356057,0.883543],"extended":false,"handId":179,"id":1794,"length":46.8842,"mcpPosition":[134.303,266.258,50.1467],"pipPosition":[107.122,253.008,37.3864],"stabilizedTipPosition":[105.684,245.409,65.4922],"timeVisible":0.09474,"tipPosition":[102.571,243.617,61.9414],"tipVelocity":[-313.334,371.776,-122.831],"tool":false,"touchDistance":0.333333,"touchZone":"none","type":4,"width":14.642}],"r":[[0.997588,0.0148009,0.0678223],[-0.0125735,0.999371,-0.0331517],[-0.0682703,0.0322189,0.997146]],"s":0.9769,"t":[-2.74904,26.8546,-4.57468],"timestamp":258452322318},{"currentFrameRate":30.8824,"devices":[],"gestures":[],"hands":[{"armBasis":[[0.645076,-0.0974069,-0.757885],[0.632072,0.625358,0.457616],[0.429375,-0.774234,0.464972]],"armWidth":58.6901,"confidence":0.518278,"direction":[-0.0655105,0.411153,-0.909209],"elbow":[230.997,54.0632,245.311],"grabAngle":3.14159,"grabStrength":1,"id":179,"palmNormal":[-0.631756,-0.722384,-0.281149],"palmPosition":[104.983,285.781,66.9896],"palmVelocity":[-166.095,244.323,-232.825],"palmWidth":85.7161,"pinchDistance":25.0034,"pinchStrength":0.502476,"r":[[0.996447,0.0172408,0.0824406],[-0.0136291,0.998931,-0.0441741],[-0.0831141,0.0428935,0.995616]],"s":0.953982,"sphereCenter":[80.3034,263.555,42.4193],"sphereRadius":36.6864,"stabilizedPalmPosition":[105.816,284.501,68.1137],"t":[-4.81308,32.2884,-7.32197],"timeVisible":0.108956,"type":"right","wrist":[121.786,250.99,127.045]}],"id":121119,"interactionBox":{"center":[0,200,0],"size":[235.247,235.247,147.751]},"pointables":[{"bases":[[[0.863086,0.502624,-0.0495137],[-0.313521,0.610052,0.727696],[0.395963,-0.612541,0.68411]],[[0.712499,0.657726,-0.24442],[-0.299933,0.600397,0.741325],[0.634338,-0.454884,0.625057]],[[0.712499,0.657726,-0.24442],[-0.513626,0.726209,0.456956],[0.478052,-0.20004,0.855249]],[[0.712499,0.657726,-0.24442],[-0.643261,0.751421,0.146906],[0.280286,0.0525556,0.958477]]],"btipPosition":[38.4258,296.649,43.2168],"carpPosition":[89.4731,270.069,120.497],"dipPosition":[44.5146,297.79,64.038],"direction":[-0.478052,0.20004,-0.855249],"extended":true,"handId":179,"id":1790,"length":48.3745,"mcpPosition":[89.4731,270.069,120.497],"pipPosition":[59.6438,291.46,91.1046],"stabilizedTipPosition":[47.0899,292.488,56.9059],"timeVisible":0.108956,"tipPosition":[43.1512,304.906,48.3366],"tipVelocity":[-212.579,73.1297,-257.661],"tool":false,"touchDistance":1,"touchZone":"none","type":0,"width":18.465},{"bases":[[[0.750429,-0.479054,-0.455371],[0.595949,0.788364,0.152729],[0.285833,-0.38599,0.877104]],[[0.71946,-0.439711,-0.537616],[-0.11689,0.686367,-0.7178],[0.684626,0.579271,0.442416]],[[0.71946,-0.439711,-0.537616],[-0.693712,-0.417321,-0.587032],[0.0337656,0.795297,-0.605279]],[[0.71946,-0.439711,-0.537616],[-0.568515,-0.817491,-0.0921933],[-0.398958,0.371972,-0.838134]]],"btipPosition":[64.7766,263.205,62.6188],"carpPosition":[106.318,283.296,114.178],"dipPosition":[58.4496,269.104,49.3269],"direction":[-0.0337656,-0.795297,0.605279],"extended":false,"handId":179,"id":1791,"length":54.5852,"mcpPosition":[86.5085,310.047,53.39],"pipPosition":[59.2071,286.947,35.7475],"stabilizedTipPosition":[64.066,262.754,60.3361],"timeVisible":0.108956,"tipPosition":[59.6786,266.835,52.708],"tipVelocity":[-108.86,225.181,-152.502],"tool":false,"touchDistance":0.333333,"touchZone":"none","type":1,"width":17.6378},{"bases":[[[0.669483,-0.654129,-0.352004],[0.72037,0.687359,0.0927641],[0.181274,-0.315677,0.93139]],[[0.657409,-0.634023,-0.407221],[-0.025397,0.521464,-0.852895],[0.753106,0.571043,0.326713]],[[0.657409,-0.634023,-0.407221],[-0.750673,-0.503993,-0.427178],[0.0656046,0.58652,-0.807273]],[[0.657409,-0.634023,-0.407221],[-0.620773,-0.762026,0.184276],[-0.427148,0.131647,-0.894547]]],"btipPosition":[75.8375,256.699,69.7902],"carpPosition":[115.726,279.277,108.711],"dipPosition":[68.3869,258.995,54.1868],"direction":[-0.0656046,-0.58652,0.807273],"extended":false,"handId":179,"id":1792,"length":62.1955,"mcpPosition":[103.812,300.025,47.4961],"pipPosition":[70.1185,274.476,32.8791],"stabilizedTipPosition":[74.7543,256.259,67.012],"timeVisible":0.108956,"tipPosition":[70.8212,257.588,60.3083],"tipVelocity":[-143.728,223.323,-211.987],"tool":false,"touchDistance":0.333333,"touchZone":"none","type":2,"width":17.3227},{"bases":[[[0.63264,-0.743397,-0.21709],[0.771772,0.628455,0.0970214],[0.0643062,-0.228924,0.971318]],[[0.63098,-0.737894,-0.239533],[0.104588,0.386847,-0.916194],[0.768717,0.553048,0.321267]],[[0.63098,-0.737894,-0.239533],[-0.7617,-0.530649,-0.371786],[0.14723,0.417042,-0.896883]],[[0.63098,-0.737894,-0.239533],[-0.687401,-0.674901,0.268308],[-0.359644,-0.00464182,-0.933078]]],"btipPosition":[90.6839,252.501,72.6193],"carpPosition":[123.907,272.571,104.016],"dipPosition":[84.4468,252.42,56.4374],"direction":[-0.14723,-0.417042,0.896883],"extended":false,"handId":179,"id":1793,"length":59.8026,"mcpPosition":[120.112,286.079,46.6993],"pipPosition":[88.2325,263.144,33.3758],"stabilizedTipPosition":[89.9287,251.487,69.5607],"timeVisible":0.108956,"tipPosition":[86.2435,250.38,64.1825],"tipVelocity":[-191.09,287.038,-200.874],"tool":false,"touchDistance":0.333333,"touchZone":"none","type":3,"width":16.4836},{"bases":[[[0.499557,-0.858447,-0.116238],[0.863404,0.482468,0.147505],[-0.0705437,-0.174048,0.982207]],[[0.498944,-0.859884,-0.107953],[0.290069,0.283081,-0.91418],[0.816648,0.424811,0.390668]],[[0.498944,-0.859884,-0.107953],[-0.799739,-0.408856,-0.439606],[0.333873,0.305674,-0.891679]],[[0.498944,-0.859884,-0.107953],[-0.831405,-0.510089,0.220399],[-0.244583,-0.0202138,-0.969418]]],"btipPosition":[103.153,250.693,65.8263],"carpPosition":[128.25,260.354,100.603],"dipPosition":[99.2394,250.37,50.3164],"direction":[-0.333873,-0.305674,0.891679],"extended":false,"handId":179,"id":1794,"length":46.8842,"mcpPosition":[132.104,269.862,46.9503],"pipPosition":[105.301,255.919,34.1284],"stabilizedTipPosition":[102.857,249.701,62.8289],"timeVisible":0.108956,"tipPosition":[100.657,247.307,59.0416],"tipVelocity":[-197.079,313.296,-210.067],"tool":false,"touchDistance":0.333333,"touchZone":"none","type":4,"width":14.642}],"r":[[0.996447,0.0172408,0.0824406],[-0.0136291,0.998931,-0.0441741],[-0.0831141,0.0428935,0.995616]],"s":0.953982,"t":[-4.81308,32.2884,-7.32197],"timestamp":258452336534},{"currentFrameRate":33.7099,"devices":[],"gestures":[],"hands":[{"armBasis":[[0.639021,-0.0972141,-0.763021],[0.637262,0.62243,0.454398],[0.430754,-0.776615,0.459697]],"armWidth":58.6901,"confidence":0.568245,"direction":[-0.0678694,0.416667,-0.906522],"elbow":[228.818,55.6138,239.895],"grabAngle":3.14159,"grabStrength":1,"id":179,"palmNormal":[-0.636291,-0.717924,-0.282344],"palmPosition":[102.302,288.332,63.1834],"palmVelocity":[-199.01,189.41,-282.631],"palmWidth":85.7161,"pinchDistance":24.7714,"pinchStrength":0.51527,"r":[[0.995479,0.0183344,0.0931951],[-0.0135376,0.998563,-0.0518436],[-0.0940118,0.0503476,0.994297]],"s":0.931325,"sphereCenter":[77.3254,266.557,38.7248],"sphereRadius":36.4544,"stabilizedPalmPosition":[103.712,286.795,65.1608],"t":[-7.18513,36.2807,-10.5987],"timeVisible":0.122423,"type":"right","wrist":[119.256,253.146,122.971]}],"id":121120,"interactionBox":{"center":[0,200,0],"size":[235.247,235.247,147.751]},"pointables":[{"bases":[[[0.865098,0.49904,-0.0506469],[-0.307405,0.607248,0.732634],[0.396368,-0.618231,0.678736]],[[0.70556,0.66206,-0.252708],[-0.295915,0.599281,0.743839],[0.643909,-0.450043,0.618742]],[[0.70556,0.66206,-0.252708],[-0.518363,0.725327,0.45299],[0.483203,-0.188617,0.85495]],[[0.70556,0.66206,-0.252708],[-0.651775,0.746245,0.135307],[0.278164,0.0692415,0.958035]]],"btipPosition":[35.3561,298.01,39.7072],"carpPosition":[86.9704,272.382,116.672],"dipPosition":[41.3988,299.514,60.5189],"direction":[-0.483203,0.188617,-0.85495],"extended":true,"handId":179,"id":1790,"length":48.3745,"mcpPosition":[86.9704,272.382,116.672],"pipPosition":[56.691,293.544,87.5759],"stabilizedTipPosition":[45.4927,293.394,54.9894],"timeVisible":0.122423,"tipPosition":[40.1186,306.94,44.8871],"tipVelocity":[-228.73,107.243,-260.77],"tool":false,"touchDistance":1,"touchZone":"none","type":0,"width":18.465},{"bases":[[[0.746153,-0.479774,-0.461598],[0.600187,0.784802,0.154472],[0.288151,-0.392305,0.873536]],[[0.717226,-0.442562,-0.538262],[-0.12329,0.679654,-0.723097],[0.685847,0.584987,0.432902]],[[0.717226,-0.442562,-0.538262],[-0.696404,-0.427903,-0.576125],[0.024647,0.78806,-0.615105]],[[0.717226,-0.442562,-0.538262],[-0.561717,-0.8243,-0.0707365],[-0.412384,0.353085,-0.839804]]],"btipPosition":[62.5118,266.15,59.6644],"carpPosition":[103.845,285.569,110.35],"dipPosition":[55.9719,271.75,46.3461],"direction":[-0.024647,-0.78806,0.615105],"extended":false,"handId":179,"id":1791,"length":54.5852,"mcpPosition":[83.8749,312.758,49.8094],"pipPosition":[56.5248,289.43,32.5462],"stabilizedTipPosition":[62.2555,265.527,58.1251],"timeVisible":0.122423,"tipPosition":[57.0912,269.541,49.4482],"tipVelocity":[-171.806,213.561,-219.831],"tool":false,"touchDistance":0.333333,"touchZone":"none","type":1,"width":17.6378},{"bases":[[[0.6649,-0.655077,-0.358862],[0.723873,0.683589,0.0933506],[0.184162,-0.321839,0.928711]],[[0.652661,-0.6346,-0.413905],[-0.0278218,0.525858,-0.850117],[0.757139,0.566353,0.325551]],[[0.652661,-0.6346,-0.413905],[-0.754669,-0.496091,-0.429382],[0.0671511,0.592602,-0.802692]],[[0.652661,-0.6346,-0.413905],[-0.623401,-0.760271,0.182648],[-0.430588,0.138822,-0.891809]]],"btipPosition":[72.97,259.291,65.955],"carpPosition":[113.21,281.54,104.816],"dipPosition":[65.4594,261.712,50.3993],"direction":[-0.0671511,-0.592602,0.802692],"extended":false,"handId":179,"id":1792,"length":62.1955,"mcpPosition":[101.106,302.692,43.7776],"pipPosition":[67.2318,277.354,29.2125],"stabilizedTipPosition":[72.5192,258.543,64.0621],"timeVisible":0.122423,"tipPosition":[68.0061,260.327,56.539],"tipVelocity":[-213.953,194.604,-283.974],"tool":false,"touchDistance":0.333333,"touchZone":"none","type":2,"width":17.3227},{"bases":[[[0.628281,-0.744954,-0.224292],[0.775029,0.624432,0.0970307],[0.0677715,-0.234795,0.969679]],[[0.628042,-0.744135,-0.227655],[0.115839,0.378687,-0.918247],[0.76951,0.550326,0.324031]],[[0.628042,-0.744135,-0.227655],[-0.761295,-0.526925,-0.377862],[0.161224,0.410626,-0.897437]],[[0.628042,-0.744135,-0.227655],[-0.696019,-0.667993,0.263328],[-0.348023,-0.00692909,-0.93746]]],"btipPosition":[87.3167,255.418,68.7206],"carpPosition":[121.339,274.824,100.045],"dipPosition":[81.2811,255.298,52.4627],"direction":[-0.161224,-0.410626,0.897437],"extended":false,"handId":179,"id":1793,"length":59.8026,"mcpPosition":[117.34,288.679,42.8249],"pipPosition":[85.4267,265.856,29.3868],"stabilizedTipPosition":[87.1821,254.167,66.4164],"timeVisible":0.122423,"tipPosition":[83.4869,253.12,60.4377],"tipVelocity":[-246.589,215.962,-290.799],"tool":false,"touchDistance":0.333333,"touchZone":"none","type":3,"width":16.4836},{"bases":[[[0.49515,-0.859987,-0.123483],[0.866237,0.477749,0.146249],[-0.0667785,-0.179381,0.981511]],[[0.491876,-0.866816,-0.0817811],[0.306388,0.260248,-0.91564],[0.814975,0.425324,0.393592]],[[0.491876,-0.866816,-0.0817811],[-0.795727,-0.409429,-0.446303],[0.353379,0.284601,-0.891137]],[[0.491876,-0.866816,-0.0817811],[-0.841238,-0.497364,0.21201],[-0.224448,-0.035485,-0.97384]]],"btipPosition":[99.6863,253.848,61.7681],"carpPosition":[125.611,262.608,96.5415],"dipPosition":[96.0953,253.281,46.1874],"direction":[-0.353379,-0.284601,0.891137],"extended":false,"handId":179,"id":1794,"length":46.8842,"mcpPosition":[129.259,272.407,42.9271],"pipPosition":[102.511,258.448,30.0092],"stabilizedTipPosition":[100.003,252.569,59.5123],"timeVisible":0.122423,"tipPosition":[97.8189,250.103,55.1841],"tipVelocity":[-251.888,230.133,-302.554],"tool":false,"touchDistance":0.333333,"touchZone":"none","type":4,"width":14.642}],"r":[[0.995479,0.0183344,0.0931951],[-0.0135376,0.998563,-0.0518436],[-0.0940118,0.0503476,0.994297]],"s":0.931325,"t":[-7.18513,36.2807,-10.5987],"timestamp":258452350001},{"currentFrameRate":36.5425,"devices":[],"gestures":[],"hands":[{"armBasis":[[0.630597,-0.104256,-0.7