{"frames":316,"data":[{"currentFrameRate":24.8286,"devices":[],"gestures":[],"hands":[],"id":121852,"interactionBox":{"center":[0,200,0],"size":[235.247,235.247,147.751]},"pointables":[],"r":[[-0.962136,-0.269906,0.0380192],[0.215739,-0.839331,-0.498979],[0.166588,-0.471883,0.86578]],"s":0.686793,"t":[505.899,-233.461,348.339],"timestamp":258473759091},{"currentFrameRate":24.7947,"devices":[],"gestures":[],"hands":[],"id":121853,"interactionBox":{"center":[0,200,0],"size":[235.247,235.247,147.751]},"pointables":[],"r":[[-0.962136,-0.269906,0.0380192],[0.215739,-0.839331,-0.498979],[0.166588,-0.471883,0.86578]],"s":0.686793,"t":[505.899,-233.461,348.339],"timestamp":258473799669},{"currentFrameRate":24.8237,"devices":[],"gestures":[],"hands":[],"id":121854,"interactionBox":{"center":[0,200,0],"size":[235.247,235.247,147.751]},"pointables":[],"r":[[-0.962136,-0.269906,0.0380192],[0.215739,-0.839331,-0.498979],[0.166588,-0.471883,0.86578]],"s":0.686793,"t":[505.899,-233.461,348.339],"timestamp":258473839742},{"currentFrameRate":24.8138,"devices":[],"gestures":[],"hands":[],"id":121855,"interactionBox":{"center":[0,200,0],"size":[235.247,235.247,147.751]},"pointables":[],"r":[[-0.962136,-0.269906,0.0380192],[0.215739,-0.839331,-0.498979],[0.166588,-0.471883,0.86578]],"s":0.686793,"t":[505.899,-233.461,348.339],"timestamp":258473880114},{"currentFrameRate":24.825,"devices":[],"gestures":[],"hands":[],"id":121856,"interactionBox":{"center":[0,200,0],"size":[235.247,235.247,147.751]},"pointables":[],"r":[[-0.962136,-0.269906,0.0380192],[0.215739,-0.839331,-0.498979],[0.166588,-0.471883,0.86578]],"s":0.686793,"t":[505.899,-233.461,348.339],"timestamp":258473920315},{"currentFrameRate":24.829,"devices":[],"gestures":[],"hands":[],"id":121857,"interactionBox":{"center":[0,200,0],"size":[235.247,235.247,147.751]},"pointables":[],"r":[[-0.962136,-0.269906,0.0380192],[0.215739,-0.839331,-0.498979],[0.166588,-0.471883,0.86578]],"s":0.686793,"t":[505.899,-233.461,348.339],"timestamp":258473960561},{"currentFrameRate":24.8084,"devices":[],"gestures":[],"hands":[],"id":121858,"interactionBox":{"center":[0,200,0],"size":[235.247,235.247,147.751]},"pointables":[],"r":[[-0.962136,-0.269906,0.0380192],[0.215739,-0.839331,-0.498979],[0.166588,-0.471883,0.86578]],"s":0.686793,"t":[505.899,-233.461,348.339],"timestamp":258474001020},{"currentFrameRate":24.8386,"devices":[],"gestures":[],"hands":[],"id":121859,"interactionBox":{"center":[0,200,0],"size":[235.247,235.247,147.751]},"pointables":[],"r":[[-0.962136,-0.269906,0.0380192],[0.215739,-0.839331,-0.498979],[0.166588,-0.471883,0.86578]],"s":0.686793,"t":[505.899,-233.461,348.339],"timestamp":258474041060},{"currentFrameRate":24.8388,"devices":[],"gestures":[],"hands":[],"id":121860,"interactionBox":{"center":[0,200,0],"size":[235.247,235.247,147.751]},"pointables":[],"r":[[-0.962136,-0.269906,0.0380192],[0.215739,-0.839331,-0.498979],[0.166588,-0.471883,0.86578]],"s":0.686793,"t":[505.899,-233.461,348.339],"timestamp":258474081318},{"currentFrameRate":24.8342,"devices":[],"gestures":[],"hands":[],"id":121861,"interactionBox":{"center":[0,200,0],"size":[235.247,235.247,147.751]},"pointables":[],"r":[[-0.962136,-0.269906,0.0380192],[0.215739,-0.839331,-0.498979],[0.166588,-0.471883,0.86578]],"s":0.686793,"t":[505.899,-233.461,348.339],"timestamp":258474121619},{"currentFrameRate":24.8323,"devices":[],"gestures":[],"hands":[],"id":121862,"interactionBox":{"center":[0,200,0],"size":[235.247,235.247,147.751]},"pointables":[],"r":[[-0.962136,-0.269906,0.0380192],[0.215739,-0.839331,-0.498979],[0.166588,-0.471883,0.86578]],"s":0.686793,"t":[505.899,-233.461,348.339],"timestamp":258474161903},{"currentFrameRate":24.7907,"devices":[],"gestures":[],"hands":[],"id":121863,"interactionBox":{"center":[0,200,0],"size":[235.247,235.247,147.751]},"pointables":[],"r":[[-0.962136,-0.269906,0.0380192],[0.215739,-0.839331,-0.498979],[0.166588,-0.471883,0.86578]],"s":0.686793,"t":[505.899,-233.461,348.339],"timestamp":258474202543},{"currentFrameRate":24.8379,"devices":[],"gestures":[],"hands":[],"id":121864,"interactionBox":{"center":[0,200,0],"size":[235.247,235.247,147.751]},"pointables":[],"r":[[-0.962136,-0.269906,0.0380192],[0.215739,-0.839331,-0.498979],[0.166588,-0.471883,0.86578]],"s":0.686793,"t":[505.899,-233.461,348.339],"timestamp":258474242461},{"currentFrameRate":24.8328,"devices":[],"gestures":[],"hands":[],"id":121865,"interactionBox":{"center":[0,200,0],"size":[235.247,235.247,147.751]},"pointables":[],"r":[[-0.962136,-0.269906,0.0380192],[0.215739,-0.839331,-0.498979],[0.166588,-0.471883,0.86578]],"s":0.686793,"t":[505.899,-233.461,348.339],"timestamp":258474282767},{"currentFrameRate":24.8206,"devices":[],"gestures":[],"hands":[],"id":121866,"interactionBox":{"center":[0,200,0],"size":[235.247,235.247,147.751]},"pointables":[],"r":[[-0.962136,-0.269906,0.0380192],[0.215739,-0.839331,-0.498979],[0.166588,-0.471883,0.86578]],"s":0.686793,"t":[505.899,-233.461,348.339],"timestamp":258474323145},{"currentFrameRate":24.8231,"devices":[],"gestures":[],"hands":[],"id":121867,"interactionBox":{"center":[0,200,0],"size":[235.247,235.247,147.751]},"pointables":[],"r":[[-0.962136,-0.269906,0.0380192],[0.215739,-0.839331,-0.498979],[0.166588,-0.471883,0.86578]],"s":0.686793,"t":[505.899,-233.461,348.339],"timestamp":258474363412},{"currentFrameRate":24.8108,"devices":[],"gestures":[],"hands":[],"id":121868,"interactionBox":{"center":[0,200,0],"size":[235.247,235.247,147.751]},"pointables":[],"r":[[-0.962136,-0.269906,0.0380192],[0.215739,-0.839331,-0.498979],[0.166588,-0.471883,0.86578]],"s":0.686793,"t":[505.899,-233.461,348.339],"timestamp":258474403806},{"currentFrameRate":24.8235,"devices":[],"gestures":[],"hands":[],"id":121869,"interactionBox":{"center":[0,200,0],"size":[235.247,235.247,147.751]},"pointables":[],"r":[[-0.962136,-0.269906,0.0380192],[0.215739,-0.839331,-0.498979],[0.166588,-0.471883,0.86578]],"s":0.686793,"t":[505.899,-233.461,348.339],"timestamp":258474443998},{"currentFrameRate":24.812,"devices":[],"gestures":[],"hands":[{"armBasis":[[0.56071,-0.542603,-0.625449],[0.628135,0.770896,-0.105666],[0.539491,-0.333619,0.773077]],"armWidth":60.0267,"confidence":0,"direction":[-0.175365,0.589245,-0.788694],"elbow":[282.424,105.576,329.213],"grabAngle":3.14159,"grabStrength":1,"id":180,"palmNormal":[-0.777715,-0.574122,-0.256012],"palmPosition":[121.323,231.783,79.1328],"palmVelocity":[1.19209e-7,1.19209e-7,1.19209e-7],"palmWidth":85.7161,"pinchDistance":22.5404,"pinchStrength":0.760952,"r":[[1,1.11022e-17,1.66533e-17],[-1.11022e-17,1,-2.22045e-17],[-1.66533e-17,2.22045e-17,1]],"s":1,"sphereCenter":[91.017,210.472,51.2274],"sphereRadius":39.714,"stabilizedPalmPosition":[121.323,231.783,79.1328],"t":[0,0,0],"timeVisible":0,"type":"right","wrist":[145.204,190.432,132.58]}],"id":121870,"interactionBox":{"center":[0,200,0],"size":[235.247,235.247,147.751]},"pointables":[{"bases":[[[0.904302,0.399735,-0.149834],[-0.0695785,0.484307,0.872127],[0.421185,-0.778241,0.465772]],[[0.802464,0.546536,-0.23948],[-0.12473,0.546112,0.828374],[0.583519,-0.63487,0.506405]],[[0.802464,0.546536,-0.23948],[-0.274745,0.694689,0.664772],[0.529686,-0.46766,0.707621]],[[0.802464,0.546536,-0.23948],[-0.401883,0.791691,0.460126],[0.441069,-0.272992,0.854946]]],"btipPosition":[60.008,258.483,65.8398],"carpPosition":[114.185,207.589,131.23],"dipPosition":[69.7323,252.464,84.6888],"direction":[-0.529686,0.46766,-0.707621],"extended":true,"handId":180,"id":1800,"length":49.0956,"mcpPosition":[114.185,207.589,131.23],"pipPosition":[86.7455,237.443,107.417],"stabilizedTipPosition":[62.2446,257.099,70.175],"timeVisible":0,"tipPosition":[62.2446,257.099,70.175],"tipVelocity":[1.19209e-7,1.19209e-7,1.19209e-7],"tool":false,"touchDistance":1,"touchZone":"none","type":0,"width":19.0763},{"bases":[[[0.565647,-0.461478,-0.683434],[0.728432,0.668098,0.151767],[0.386564,-0.583681,0.714062]],[[0.600291,-0.515618,-0.611383],[0.204652,0.838016,-0.505813],[0.773155,0.178514,0.608576]],[[0.600291,-0.515618,-0.611383],[-0.732901,-0.0486242,-0.678596],[0.320168,0.855438,-0.407086]],[[0.600291,-0.515618,-0.611383],[-0.748495,-0.631528,-0.202307],[-0.281792,0.57906,-0.765038]]],"btipPosition":[70.4927,224.214,71.213],"carpPosition":[131.329,219.785,123.749],"dipPosition":[65.9571,233.534,58.8995],"direction":[-0.320168,-0.855438,0.407086],"extended":false,"handId":180,"id":1801,"length":55.3989,"mcpPosition":[104.538,260.237,74.2608],"pipPosition":[73.2472,253.012,49.6304],"stabilizedTipPosition":[69.4495,226.358,68.3809],"timeVisible":0,"tipPosition":[69.4495,226.358,68.3809],"tipVelocity":[1.19209e-7,1.19209e-7,1.19209e-7],"tool":false,"touchDistance":0.333333,"touchZone":"none","type":1,"width":18.2217},{"bases":[[[0.480149,-0.64318,-0.59647],[0.821884,0.567484,0.0496793],[0.306534,-0.514082,0.801097]],[[0.4815,-0.645447,-0.592921],[0.0649817,0.700935,-0.710259],[0.874034,0.303461,0.379442]],[[0.4815,-0.645447,-0.592921],[-0.861329,-0.22337,-0.45631],[0.162083,0.730413,-0.663495]],[[0.4815,-0.645447,-0.592921],[-0.777686,-0.626614,0.0505812],[-0.40418,0.436752,-0.80367]]],"btipPosition":[81.7533,208.595,77.8745],"carpPosition":[138.774,215.885,115.754],"dipPosition":[74.5982,216.327,63.6473],"direction":[-0.162083,-0.730413,0.663495],"extended":false,"handId":180,"id":1802,"length":63.1227,"mcpPosition":[118.627,249.672,63.1026],"pipPosition":[78.9401,235.893,45.8735],"stabilizedTipPosition":[80.1076,210.373,74.6022],"timeVisible":0,"tipPosition":[80.1076,210.373,74.6022],"tipVelocity":[1.19209e-7,1.19209e-7,1.19209e-7],"tool":false,"touchDistance":0.333333,"touchZone":"none","type":2,"width":17.8961},{"bases":[[[0.456692,-0.752758,-0.474117],[0.863441,0.503405,0.0324492],[0.214246,-0.424191,0.879864]],[[0.443023,-0.725968,-0.526024],[0.066531,0.611751,-0.788247],[0.894038,0.314215,0.31932]],[[0.443023,-0.725968,-0.526024],[-0.878328,-0.233903,-0.416928],[0.179638,0.64673,-0.741262]],[[0.443023,-0.725968,-0.526024],[-0.791368,-0.592385,0.151053],[-0.421268,0.349359,-0.836948]]],"btipPosition":[97.2178,198.136,77.0231],"carpPosition":[144.763,209.356,108.308],"dipPosition":[89.803,204.285,62.292],"direction":[-0.179638,-0.64673,0.741262],"extended":false,"handId":180,"id":1803,"length":60.6941,"mcpPosition":[132.121,234.388,56.3878],"pipPosition":[94.4909,221.162,42.9477],"stabilizedTipPosition":[95.5124,199.55,73.635],"timeVisible":0,"tipPosition":[95.5124,199.55,73.635],"tipVelocity":[1.19209e-7,1.19209e-7,1.19209e-7],"tool":false,"touchDistance":0.333333,"touchZone":"none","type":3,"width":17.0293},{"bases":[[[0.329434,-0.869555,-0.367896],[0.939476,0.340728,0.0359172],[0.0941205,-0.357462,0.929173]],[[0.312314,-0.808562,-0.498685],[0.126966,0.555761,-0.821589],[0.941456,0.193277,0.276232]],[[0.312314,-0.808562,-0.498685],[-0.90795,-0.0996466,-0.40706],[0.279441,0.579911,-0.765255]],[[0.312314,-0.808562,-0.498685],[-0.870525,-0.45375,0.190518],[-0.380324,0.374616,-0.845586]]],"btipPosition":[110.958,193.971,69.86],"carpPosition":[146.432,197.651,101.986],"dipPosition":[104.782,200.054,56.1296],"direction":[-0.279441,-0.579911,0.765255],"extended":false,"handId":180,"id":1804,"length":47.5831,"mcpPosition":[141.291,217.177,51.2309],"pipPosition":[109.931,210.739,42.0297],"stabilizedTipPosition":[109.537,195.37,66.702],"timeVisible":0,"tipPosition":[109.537,195.37,66.702],"tipVelocity":[1.19209e-7,1.19209e-7,1.19209e-7],"tool":false,"touchDistance":0.333333,"touchZone":"none","type":4,"width":15.1267}],"r":[[1,1.11022e-17,1.66533e-17],[-1.11022e-17,1,-2.22045e-17],[-1.66533e-17,2.22045e-17,1]],"s":1,"t":[0,0,0],"timestamp":258474484385},{"currentFrameRate":24.8417,"devices":[],"gestures":[],"hands":[{"armBasis":[[0.476006,-0.489774,-0.730438],[0.757007,0.650928,0.0568594],[0.447614,-0.580012,0.680608]],"armWidth":58.6901,"confidence":0.207853,"direction":[-0.0816162,0.518526,-0.851158],"elbow":[248.37,49.954,294.711],"grabAngle":3.14159,"grabStrength":1,"id":180,"palmNormal":[-0.796416,-0.547378,-0.257096],"palmPosition":[117.323,237.764,64.6203],"palmVelocity":[-99.9014,149.385,-362.46],"palmWidth":85.7161,"pinchDistance":37.2143,"pinchStrength":0.322978,"r":[[0.999817,-0.0123625,0.0146013],[0.012636,0.999744,-0.0187914],[-0.0143652,0.0189724,0.999717]],"s":1.00501,"sphereCenter":[82.8496,228.824,44.319],"sphereRadius":36.932,"stabilizedPalmPosition":[121.081,232.145,78.2552],"t":[-1.99998,2.99061,-7.25627],"timeVisible":0.040039,"type":"right","wrist":[134.52,197.48,121.598]}],"id":121871,"interactionBox":{"center":[0,200,0],"size":[235.247,235.247,147.751]},"pointables":[{"bases":[[[0.937533,0.326439,-0.120287],[-0.0942249,0.571096,0.815457],[0.334893,-0.753184,0.56618]],[[0.840703,0.484371,-0.242081],[-0.0556243,0.521944,0.851164],[0.538632,-0.702111,0.465743]],[[0.840703,0.484371,-0.242081],[-0.200272,0.693491,0.692071],[0.5031,-0.533344,0.680025]],[[0.840703,0.484371,-0.242081],[-0.298956,0.787931,0.538321],[0.45149,-0.380196,0.807222]]],"btipPosition":[54.0287,277.453,57.1391],"carpPosition":[105.087,219.298,118.097],"dipPosition":[63.8366,269.194,74.6746],"direction":[-0.5031,0.533344,-0.680025],"extended":true,"handId":180,"id":1800,"length":48.3745,"mcpPosition":[105.087,219.298,118.097],"pipPosition":[79.7585,252.315,96.1958],"stabilizedTipPosition":[57.2283,272.631,62.5979],"timeVisible":0.040039,"tipPosition":[58.0294,271.776,56.5329],"tipVelocity":[-148.857,460.915,-224.849],"tool":false,"touchDistance":1,"touchZone":"none","type":0,"width":18.465},{"bases":[[[0.577006,-0.560506,-0.594052],[0.760746,0.633509,0.141181],[0.297205,-0.533385,0.791941]],[[0.600552,-0.604544,-0.52332],[0.0631303,0.688295,-0.722678],[0.79709,0.400969,0.451522]],[[0.600552,-0.604544,-0.52332],[-0.783393,-0.313815,-0.536484],[0.160103,0.732152,-0.662058]],[[0.600552,-0.604544,-0.52332],[-0.707961,-0.706243,0.00341582],[-0.371656,0.368439,-0.85213]]],"btipPosition":[73.4054,228.325,66.2514],"carpPosition":[123.487,229.617,110.776],"dipPosition":[67.5113,234.168,52.7376],"direction":[-0.160103,-0.732152,0.662058],"extended":false,"handId":180,"id":1801,"length":54.5852,"mcpPosition":[102.889,266.583,55.89],"pipPosition":[71.1032,250.594,37.8843],"stabilizedTipPosition":[69.5398,226.473,68.1991],"timeVisible":0.040039,"tipPosition":[69.5421,231.691,57.9449],"tipVelocity":[64.9432,82.6897,-130.815],"tool":false,"touchDistance":0.333333,"touchZone":"none","type":1,"width":17.6378},{"bases":[[[0.473655,-0.727145,-0.496902],[0.853684,0.517765,0.0560696],[0.216507,-0.450754,0.865994]],[[0.4829,-0.746654,-0.45751],[0.0563353,0.547872,-0.834663],[0.873862,0.377285,0.30663]],[[0.4829,-0.746654,-0.45751],[-0.865101,-0.325828,-0.381361],[0.135676,0.579951,-0.803274]],[[0.4829,-0.746654,-0.45751],[-0.751435,-0.62159,0.221295],[-0.449614,0.236926,-0.861228]]],"btipPosition":[82.0987,217.803,69.3352],"carpPosition":[131.163,224.497,103.746],"dipPosition":[74.2561,221.935,54.313],"direction":[-0.135676,-0.579951,0.803274],"extended":false,"handId":180,"id":1802,"length":62.1955,"mcpPosition":[116.934,254.123,46.8294],"pipPosition":[77.8373,237.243,33.1109],"stabilizedTipPosition":[80.1352,211.608,73.3176],"timeVisible":0.040039,"tipPosition":[77.2568,218.663,61.9039],"tipVelocity":[4.67698,209.292,-217.84],"tool":false,"touchDistance":0.333333,"touchZone":"none","type":2,"width":17.3227},{"bases":[[[0.434642,-0.8225,-0.366851],[0.891809,0.449857,0.0480024],[0.125549,-0.348025,0.92904]],[[0.439104,-0.835146,-0.331237],[0.116281,0.418409,-0.900784],[0.89088,0.357021,0.280837]],[[0.439104,-0.835146,-0.331237],[-0.879485,-0.324237,-0.34839],[0.183557,0.444298,-0.876873]],[[0.439104,-0.835146,-0.331237],[-0.785248,-0.53589,0.310173],[-0.436546,0.123905,-0.891109]]],"btipPosition":[95.671,209.068,68.9343],"carpPosition":[137.175,216.911,97.4019],"dipPosition":[88.1002,211.217,53.4802],"direction":[-0.183557,-0.444298,0.876873],"extended":false,"handId":180,"id":1803,"length":59.8026,"mcpPosition":[129.766,237.447,42.5799],"pipPosition":[92.82,222.641,30.9331],"stabilizedTipPosition":[95.1063,202.119,71.5167],"timeVisible":0.040039,"tipPosition":[91.2842,207.799,62.1349],"tipVelocity":[-39.5294,250.058,-206.177],"tool":false,"touchDistance":0.333333,"touchZone":"none","type":3,"width":16.4836},{"bases":[[[0.292884,-0.9202,-0.259714],[0.95612,0.283926,0.072248],[0.00725681,-0.269478,0.962979]],[[0.292652,-0.937138,-0.190072],[0.235192,0.263212,-0.93563],[0.926844,0.22911,0.297437]],[[0.292652,-0.937138,-0.190072],[-0.896944,-0.200136,-0.394255],[0.331431,0.285863,-0.899131]],[[0.292652,-0.937138,-0.190072],[-0.889059,-0.339847,0.306721],[-0.352035,0.0792227,-0.932628]]],"btipPosition":[107.255,205.303,61.2249],"carpPosition":[138.455,204.56,92.3444],"dipPosition":[101.622,206.571,46.3036],"direction":[-0.331431,-0.285863,0.899131],"extended":false,"handId":180,"id":1804,"length":46.8842,"mcpPosition":[138.059,219.28,39.7423],"pipPosition":[107.639,211.761,29.9803],"stabilizedTipPosition":[108.515,198.291,64.157],"timeVisible":0.040039,"tipPosition":[104.549,202.481,55.7401],"tipVelocity":[-89.3681,255.36,-222.508],"tool":false,"touchDistance":0.333333,"touchZone":"none","type":4,"width":14.642}],"r":[[0.999817,-0.0123625,0.0146013],[0.012636,0.999744,-0.0187914],[-0.0143652,0.0189724,0.999717]],"s":1.00501,"t":[-1.99998,2.99061,-7.25627],"timestamp":258474524424},{"currentFrameRate":25.8799,"devices":[],"gestures":[],"hands":[{"armBasis":[[0.521009,-0.383794,-0.762398],[0.732236,0.659962,0.16817],[0.438611,-0.645873,0.624874]],"armWidth":58.6901,"confidence":0.358756,"direction":[-0.102437,0.463372,-0.880223],"elbow":[244.228,44.5913,270.629],"grabAngle":3.14159,"grabStrength":1,"id":180,"palmNormal":[-0.743265,-0.623747,-0.241859],"palmPosition":[114.028,246.019,53.1277],"palmVelocity":[-105.517,264.304,-367.973],"palmWidth":85.7161,"pinchDistance":38.7177,"pinchStrength":0.23304,"r":[[0.999518,-0.00551138,0.0305677],[0.00687837,0.998972,-0.0447969],[-0.0302894,0.0449856,0.998528]],"s":1.0149,"sphereCenter":[80.1487,233.433,32.6423],"sphereRadius":37.6611,"stabilizedPalmPosition":[120.354,233.576,75.664],"t":[-4.64772,8.61329,-16.6307],"timeVisible":0.071271,"type":"right","wrist":[132.667,208.869,111.692]}],"id":121872,"interactionBox":{"center":[0,200,0],"size":[235.247,235.247,147.751]},"pointables":[{"bases":[[[0.910836,0.395021,-0.119735],[-0.159679,0.6047,0.780282],[0.380632,-0.69159,0.613859]],[[0.801709,0.540632,-0.254912],[-0.0884786,0.529122,0.843921],[0.59113,-0.654024,0.472036]],[[0.801709,0.540632,-0.254912],[-0.255383,0.695419,0.671693],[0.54041,-0.473402,0.695592]],[[0.801709,0.540632,-0.254912],[-0.376032,0.787706,0.487974],[0.46461,-0.295358,0.834806]]],"btipPosition":[47.0317,281.684,44.9535],"carpPosition":[102.025,229.531,107.299],"dipPosition":[57.1246,275.268,63.0882],"direction":[-0.54041,0.473402,-0.695592],"extended":true,"handId":180,"id":1800,"length":48.3745,"mcpPosition":[102.025,229.531,107.299],"pipPosition":[74.2272,260.286,85.102],"stabilizedTipPosition":[52.9769,276.721,55.3244],"timeVisible":0.071271,"tipPosition":[51.8034,275.685,43.382],"tipVelocity":[-221.934,149.047,-385.753],"tool":false,"touchDistance":1,"touchZone":"none","type":0,"width":18.465},{"bases":[[[0.634523,-0.542727,-0.550298],[0.703596,0.700285,0.120633],[0.319895,-0.463732,0.826208]],[[0.624333,-0.528136,-0.575569],[-0.0548988,0.705328,-0.706752],[0.779226,0.472847,0.411366]],[[0.624333,-0.528136,-0.575569],[-0.780346,-0.388074,-0.490367],[0.035617,0.755295,-0.654416]],[[0.624333,-0.528136,-0.575569],[-0.628349,-0.777287,0.0316454],[-0.464096,0.341901,-0.817141]]],"btipPosition":[73.0228,231.824,53.7548],"carpPosition":[119.706,240.908,99.7791],"dipPosition":[65.6628,237.246,40.7959],"direction":[-0.035617,-0.755295,0.654416],"extended":false,"handId":180,"id":1801,"length":54.5852,"mcpPosition":[97.5357,273.048,42.5184],"pipPosition":[66.4619,254.192,26.114],"stabilizedTipPosition":[69.5697,226.583,67.9082],"timeVisible":0.071271,"tipPosition":[67.6124,235.371,46.486],"tipVelocity":[-23.0447,108.951,-396.036],"tool":false,"touchDistance":0.333333,"touchZone":"none","type":1,"width":17.6378},{"bases":[[[0.542603,-0.711766,-0.446063],[0.807593,0.588098,0.043972],[0.231031,-0.384097,0.893921]],[[0.530169,-0.69134,-0.490886],[-0.000481347,0.578704,-0.815538],[0.847892,0.432609,0.306478]],[[0.530169,-0.69134,-0.490886],[-0.844543,-0.379165,-0.37813],[0.0752894,0.615047,-0.784888]],[[0.530169,-0.69134,-0.490886],[-0.695488,-0.685738,0.214615],[-0.484992,0.227623,-0.844376]]],"btipPosition":[81.2915,221.746,56.1807],"carpPosition":[127.938,236.061,93.1995],"dipPosition":[72.832,225.717,41.4524],"direction":[-0.0752894,-0.615047,0.784888],"extended":false,"handId":180,"id":1802,"length":62.1955,"mcpPosition":[112.754,261.306,34.4473],"pipPosition":[74.8192,241.951,20.7355],"stabilizedTipPosition":[80.0952,212.167,72.2786],"timeVisible":0.071271,"tipPosition":[76.2585,223.447,51.0076],"tipVelocity":[-30.3869,125.076,-419.023],"tool":false,"touchDistance":0.333333,"touchZone":"none","type":2,"width":17.3227},{"bases":[[[0.508253,-0.802825,-0.31169],[0.851249,0.523199,0.0404643],[0.13059,-0.285892,0.949322]],[[0.500886,-0.787106,-0.359968],[0.095222,0.463491,-0.880971],[0.860259,0.406989,0.307106]],[[0.500886,-0.787106,-0.359968],[-0.852607,-0.377164,-0.361675],[0.14891,0.488069,-0.860009]],[[0.500886,-0.787106,-0.359968],[-0.745812,-0.60355,0.281943],[-0.439178,0.127247,-0.889343]]],"btipPosition":[95.0982,213.895,56.1908],"carpPosition":[134.693,228.66,87.409],"dipPosition":[87.4817,216.102,40.7674],"direction":[-0.14891,-0.488069,0.860009],"extended":false,"handId":180,"id":1803,"length":59.8026,"mcpPosition":[126.987,245.53,31.3901],"pipPosition":[91.3107,228.652,18.6539],"stabilizedTipPosition":[94.9334,203.326,69.6624],"timeVisible":0.071271,"tipPosition":[91.0345,214.015,51.9481],"tipVelocity":[-18.6762,154.984,-407.8],"tool":false,"touchDistance":0.333333,"touchZone":"none","type":3,"width":16.4836},{"bases":[[[0.372267,-0.905856,-0.202094],[0.928109,0.364634,0.0752029],[0.00556736,-0.215561,0.976475]],[[0.371265,-0.891322,-0.260205],[0.247103,0.364972,-0.897628],[0.895043,0.268961,0.35575]],[[0.371265,-0.891322,-0.260205],[-0.871467,-0.237765,-0.428968],[0.320481,0.386021,-0.865032]],[[0.371265,-0.891322,-0.260205],[-0.867463,-0.432899,0.245167],[-0.331165,0.134696,-0.933909]]],"btipPosition":[106.887,209.984,48.706],"carpPosition":[137.086,216.2,83.0751],"dipPosition":[101.588,212.14,33.7642],"direction":[-0.320481,-0.386021,0.865032],"extended":false,"handId":180,"id":1804,"length":46.8842,"mcpPosition":[136.782,227.975,29.7358],"pipPosition":[107.407,219.148,18.0599],"stabilizedTipPosition":[108.207,199.611,62.1125],"timeVisible":0.071271,"tipPosition":[104.617,209.599,45.8387],"tipVelocity":[-9.31859,156.42,-400.987],"tool":false,"touchDistance":0.333333,"touchZone":"none","type":4,"width":14.642}],"r":[[0.999518,-0.00551138,0.0305677],[0.00687837,0.998972,-0.0447969],[-0.0302894,0.0449856,0.998528]],"s":1.0149,"t":[-4.64772,8.61329,-16.6307],"timestamp":258474555656},{"currentFrameRate":28.8456,"devices":[],"gestures":[],"hands":[{"armBasis":[[0.52992,-0.366981,-0.764532],[0.72534,0.663234,0.184397],[0.439394,-0.652261,0.617648]],"armWidth":58.6901,"confidence":0.42512,"direction":[-0.106749,0.451329,-0.88595],"elbow":[242.109,47.264,262.294],"grabAngle":3.14159,"grabStrength":1,"id":180,"palmNormal":[-0.732846,-0.637907,-0.236668],"palmPosition":[111.393,249.566,46.2846],"palmVelocity":[-176.921,238.089,-459.424],"palmWidth":85.7161,"pinchDistance":37.0095,"pinchStrength":0.285091,"r":[[0.999035,0.00344401,0.0437964],[-0.000457846,0.997684,-0.068011],[-0.0439292,0.0679252,0.996723]],"s":1.01514,"sphereCenter":[77.8839,235.574,25.5416],"sphereRadius":37.5047,"stabilizedPalmPosition":[119.864,234.449,74.0588],"t":[-7.28921,13.1978,-24.7394],"timeVisible":0.086166,"type":"right","wrist":[130.349,213.167,105.195]}],"id":121873,"interactionBox":{"center":[0,200,0],"size":[235.247,235.247,147.751]},"pointables":[{"bases":[[[0.905045,0.407534,-0.121692],[-0.171397,0.611335,0.772588],[0.389251,-0.67837,0.623136]],[[0.786629,0.557056,-0.266276],[-0.0993923,0.539893,0.835845],[0.609373,-0.631034,0.480062]],[[0.786629,0.557056,-0.266276],[-0.283185,0.708746,0.646132],[0.548654,-0.43286,0.71527]],[[0.786629,0.557056,-0.266276],[-0.425859,0.80178,0.419278],[0.447056,-0.21642,0.86793]]],"btipPosition":[43.7422,281.609,36.546],"carpPosition":[99.4727,233.535,100.611],"dipPosition":[53.4537,276.907,55.4003],"direction":[-0.548654,0.43286,-0.71527],"extended":true,"handId":180,"id":1800,"length":48.3745,"mcpPosition":[99.4727,233.535,100.611],"pipPosition":[70.8173,263.208,78.0369],"stabilizedTipPosition":[51.5173,277.515,52.3134],"timeVisible":0.086166,"tipPosition":[48.3698,278.481,36.6744],"tipVelocity":[-226.735,21.4379,-553.336],"tool":false,"touchDistance":1,"touchZone":"none","type":0,"width":18.465},{"bases":[[[0.644506,-0.539363,-0.541941],[0.692391,0.712391,0.114427],[0.324356,-0.448984,0.83259]],[[0.636665,-0.528607,-0.561456],[-0.0520594,0.696961,-0.715217],[0.769382,0.484583,0.416211]],[[0.636665,-0.528607,-0.561456],[-0.76973,-0.391598,-0.50415],[0.0466322,0.753143,-0.656201]],[[0.636665,-0.528607,-0.561456],[-0.629603,-0.776723,0.0173399],[-0.445262,0.342455,-0.827325]]],"btipPosition":[69.8555,234.558,46.5517],"carpPosition":[117.001,245.093,93.0099],"dipPosition":[62.7941,239.989,33.4312],"direction":[-0.0466322,-0.753143,0.656201],"extended":false,"handId":180,"id":1801,"length":54.5852,"mcpPosition":[94.5215,276.21,35.3069],"pipPosition":[63.8403,256.886,18.7093],"stabilizedTipPosition":[69.5483,226.73,67.5191],"timeVisible":0.086166,"tipPosition":[65.3248,238.008,39.8322],"tipVelocity":[-208.035,183.696,-486.088],"tool":false,"touchDistance":0.333333,"touchZone":"none","type":1,"width":17.6378},{"bases":[[[0.55486,-0.708553,-0.435985],[0.798337,0.600919,0.0394094],[0.234069,-0.36993,0.89909]],[[0.54243,-0.68912,-0.480503],[0.00818519,0.576266,-0.817221],[0.840061,0.439352,0.318225]],[[0.54243,-0.68912,-0.480503],[-0.835132,-0.380197,-0.397499],[0.0912389,0.616898,-0.781737]],[[0.54243,-0.68912,-0.480503],[-0.700682,-0.686652,0.193786],[-0.46348,0.231564,-0.855315]]],"btipPosition":[78.0352,224.631,48.7362],"carpPosition":[125.327,240.296,86.5127],"dipPosition":[69.9508,228.67,33.8172],"direction":[-0.0912389,-0.616898,0.781737],"extended":false,"handId":180,"id":1802,"length":62.1955,"mcpPosition":[109.943,264.609,27.4207],"pipPosition":[72.3591,244.953,13.1835],"stabilizedTipPosition":[79.9747,212.579,71.4492],"timeVisible":0.086166,"tipPosition":[74.1479,226.328,44.3946],"tipVelocity":[-212.825,194.702,-502.741],"tool":false,"touchDistance":0.333333,"touchZone":"none","type":2,"width":17.3227},{"bases":[[[0.521486,-0.798539,-0.300647],[0.842994,0.536662,0.0368005],[0.131959,-0.272635,0.953025]],[[0.515362,-0.786142,-0.341148],[0.112748,0.456825,-0.882383],[0.849523,0.416283,0.324066]],[[0.515362,-0.786142,-0.341148],[-0.838954,-0.381624,-0.387967],[0.174807,0.486151,-0.856212]],[[0.515362,-0.786142,-0.341148],[-0.753776,-0.605226,0.255976],[-0.407706,0.125229,-0.904485]]],"btipPosition":[91.7711,217.083,48.8553],"carpPosition":[132.213,232.931,80.8304],"dipPosition":[84.7004,219.255,33.1693],"direction":[-0.174807,-0.486151,0.856212],"extended":false,"handId":180,"id":1803,"length":59.8026,"mcpPosition":[124.426,249.019,24.593],"pipPosition":[89.1952,231.755,11.1534],"stabilizedTipPosition":[94.6742,204.098,68.341],"timeVisible":0.086166,"tipPosition":[89.0021,217.233,45.4014],"tipVelocity":[-214.944,213.499,-496.536],"tool":false,"touchDistance":0.333333,"touchZone":"none","type":3,"width":16.4836},{"bases":[[[0.38675,-0.902348,-0.190244],[0.922166,0.379718,0.0736429],[0.00578751,-0.203918,0.978971]],[[0.386075,-0.892023,-0.235033],[0.267935,0.35224,-0.896737],[0.882699,0.283235,0.374995]],[[0.386075,-0.892023,-0.235033],[-0.85389,-0.249179,-0.456926],[0.349023,0.3771,-0.857892]],[[0.386075,-0.892023,-0.235033],[-0.874757,-0.434904,0.213681],[-0.292825,0.1231,-0.948209]]],"btipPosition":[103.873,213.487,41.6136],"carpPosition":[134.811,220.46,76.6515],"dipPosition":[99.188,215.457,26.4429],"direction":[-0.349023,-0.3771,0.857892],"extended":false,"handId":180,"id":1804,"length":46.8842,"mcpPosition":[134.495,231.599,23.1759],"pipPosition":[105.524,222.303,10.8683],"stabilizedTipPosition":[107.89,200.449,60.7091],"timeVisible":0.086166,"tipPosition":[102.58,212.991,39.3131],"tipVelocity":[-192.868,232.286,-479.696],"tool":false,"touchDistance":0.333333,"touchZone":"none","type":4,"width":14.642}],"r":[[0.999035,0.00344401,0.0437964],[-0.000457846,0.997684,-0.068011],[-0.0439292,0.0679252,0.996723]],"s":1.01514,"t":[-7.28921,13.1978,-24.7394],"timestamp":258474570551},{"currentFrameRate":31.5953,"devices":[],"gestures":[],"hands":[{"armBasis":[[0.523863,-0.371483,-0.766529],[0.729494,0.660267,0.178567],[0.439779,-0.652723,0.616885]],"armWidth":58.6901,"confidence":0.487256,"direction":[-0.117737,0.443433,-0.888541],"elbow":[239.648,50.4635,255.017],"grabAngle":3.14159,"grabStrength":1,"id":180,"palmNormal":[-0.736029,-0.639624,-0.221681],"palmPosition":[108.182,252.421,39.136],"palmVelocity":[-215.369,191.581,-479.546],"palmWidth":85.7161,"pinchDistance":35.45,"pinchStrength":0.335525,"r":[[0.998605,0.0108266,0.0516794],[-0.00622322,0.996064,-0.088419],[-0.0524333,0.087974,0.994742]],"s":1.01298,"sphereCenter":[74.7644,237.255,18.3992],"sphereRadius":37.4546,"stabilizedPalmPosition":[119.238,235.412,72.1875],"t":[-10.2152,16.918,-32.3681],"timeVisible":0.101073,"type":"right","wrist":[127.79,216.484,98.1122]}],"id":121874,"interactionBox":{"center":[0,200,0],"size":[235.247,235.247,147.751]},"pointables":[{"bases":[[[0.903601,0.405963,-0.136743],[-0.161391,0.618316,0.76918],[0.39681,-0.672963,0.62423]],[[0.777221,0.559943,-0.287039],[-0.0951081,0.555478,0.826074],[0.621998,-0.614743,0.484984]],[[0.777221,0.559943,-0.287039],[-0.289435,0.723196,0.627069],[0.558708,-0.404292,0.72415]],[[0.777221,0.559943,-0.287039],[-0.436473,0.80835,0.395047],[0.453231,-0.181754,0.872666]]],"btipPosition":[40.1656,282.535,29.0696],"carpPosition":[96.9421,236.884,93.7504],"dipPosition":[50.0113,278.586,48.0267],"direction":[-0.558708,0.404292,-0.72415],"extended":true,"handId":180,"id":1800,"length":48.3745,"mcpPosition":[96.9421,236.884,93.7504],"pipPosition":[67.6931,265.791,70.9443],"stabilizedTipPosition":[50.1268,278.144,49.424],"timeVisible":0.101073,"tipPosition":[44.7458,281.322,30.459],"tipVelocity":[-237.855,73.7253,-499.955],"tool":false,"touchDistance":1,"touchZone":"none","type":0,"width":18.465},{"bases":[[[0.637401,-0.544525,-0.545173],[0.694065,0.713031,0.0992978],[0.334655,-0.441678,0.832422]],[[0.627812,-0.531985,-0.568194],[-0.0395098,0.707263,-0.705846],[0.777362,0.465588,0.423009]],[[0.627812,-0.531985,-0.568194],[-0.77493,-0.358686,-0.520411],[0.0730474,0.767031,-0.637438]],[[0.627812,-0.531985,-0.568194],[-0.652456,-0.75774,-0.0114631],[-0.424445,0.377918,-0.822815]]],"btipPosition":[65.2775,237.207,38.6149],"carpPosition":[114.378,248.365,85.8251],"dipPosition":[58.5463,243.201,25.566],"direction":[-0.0730474,-0.767031,0.637438],"extended":false,"handId":180,"id":1801,"length":54.5852,"mcpPosition":[91.1845,278.975,28.1337],"pipPosition":[60.1851,260.409,11.265],"stabilizedTipPosition":[69.3841,227.065,66.6188],"timeVisible":0.101073,"tipPosition":[62.2273,240.572,33.6273],"tipVelocity":[-302.008,186.36,-531.316],"tool":false,"touchDistance":0.333333,"touchZone":"none","type":1,"width":17.6378},{"bases":[[[0.549031,-0.712713,-0.436584],[0.799012,0.600838,0.0239519],[0.245245,-0.361986,0.899345]],[[0.535679,-0.693136,-0.482297],[0.0141598,0.578449,-0.815595],[0.844303,0.430068,0.319678]],[[0.535679,-0.693136,-0.482297],[-0.839257,-0.373949,-0.394727],[0.0932456,0.616218,-0.782036]],[[0.535679,-0.693136,-0.482297],[-0.704782,-0.681591,0.196763],[-0.465113,0.234512,-0.853624]]],"btipPosition":[74.3786,227.7,41.3868],"carpPosition":[122.619,243.505,79.2666],"dipPosition":[66.2657,231.79,26.4972],"direction":[-0.0932456,-0.616218,0.782036],"extended":false,"handId":180,"id":1802,"length":62.1955,"mcpPosition":[106.501,267.296,20.1579],"pipPosition":[68.7269,248.055,5.85562],"stabilizedTipPosition":[79.6862,213.2,70.1546],"timeVisible":0.101073,"tipPosition":[71.0067,229.153,37.9265],"tipVelocity":[-245.735,206.672,-492.564],"tool":false,"touchDistance":0.333333,"touchZone":"none","type":2,"width":17.3227},{"bases":[[[0.517331,-0.801466,-0.300034],[0.843607,0.536537,0.0213558],[0.143863,-0.264159,0.953689]],[[0.509678,-0.787592,-0.346306],[0.11605,0.461764,-0.879378],[0.852503,0.408011,0.326751]],[[0.509678,-0.787592,-0.346306],[-0.842592,-0.375537,-0.386018],[0.173974,0.488539,-0.855022]],[[0.509678,-0.787592,-0.346306],[-0.752829,-0.603108,0.263648],[-0.416506,0.126334,-0.900312]]],"btipPosition":[88.3361,220.001,41.3355],"carpPosition":[129.43,236.087,73.5641],"dipPosition":[81.1128,222.192,25.7218],"direction":[-0.173974,-0.488539,0.855022],"extended":false,"handId":180,"id":1803,"length":59.8026,"mcpPosition":[120.941,251.674,17.2875],"pipPosition":[85.5862,234.754,3.7366],"stabilizedTipPosition":[94.2271,205.015,66.6307],"timeVisible":0.101073,"tipPosition":[85.8233,220.118,38.7605],"tipVelocity":[-232.781,196.009,-503.333],"tool":false,"touchDistance":0.333333,"touchZone":"none","type":3,"width":16.4836},{"bases":[[[0.383957,-0.904214,-0.187015],[0.923174,0.379888,0.0586013],[0.0180566,-0.195148,0.980608]],[[0.38271,-0.894217,-0.232182],[0.275074,0.350209,-0.89537],[0.881968,0.2788,0.380005]],[[0.38271,-0.894217,-0.232182],[-0.855604,-0.248248,-0.454218],[0.348531,0.37249,-0.860103]],[[0.38271,-0.894217,-0.232182],[-0.87125,-0.432933,0.231283],[-0.307336,0.113775,-0.944775]]],"btipPosition":[100.627,216.503,34.1581],"carpPosition":[131.97,223.577,69.4646],"dipPosition":[95.7098,218.324,19.0424],"direction":[-0.348531,-0.37249,0.860103],"extended":false,"handId":180,"id":1804,"length":46.8842,"mcpPosition":[130.984,234.236,15.8996],"pipPosition":[102.037,225.086,3.42769],"stabilizedTipPosition":[107.401,201.41,58.957],"timeVisible":0.101073,"tipPosition":[99.2784,215.844,32.5121],"tipVelocity":[-221.333,200.037,-499.283],"tool":false,"touchDistance":0.333333,"touchZone":"none","type":4,"width":14.642}],"r":[[0.998605,0.0108266,0.0516794],[-0.00622322,0.996064,-0.088419],[-0.0524333,0.087974,0.994742]],"s":1.01298,"t":[-10.2152,16.918,-32.3681],"timestamp":258474585458},{"currentFrameRate":34.3985,"devices":[],"gestures":[],"hands":[{"armBasis":[[0.523153,-0.373808,-0.765884],[0.726638,0.665228,0.171665],[0.445318,-0.646327,0.619639]],"armWidth":58.6901,"confidence":0.538941,"direction":[-0.125494,0.441112,-0.888634],"elbow":[238.473,54.6846,249.203],"grabAngle":3.14159,"grabStrength":1,"id":180,"palmNormal":[-0.733782,-0.644099,-0.216101],"palmPosition":[105.069,254.76,32.6395],"palmVelocity":[-233.567,175.485,-487.474],"palmWidth":85.7161,"pinchDistance":33.2485,"pinchStrength":0.405358,"r":[[0.998231,0.0179825,0.0566647],[-0.0119464,0.994388,-0.105115],[-0.058237,0.104252,0.992844]],"s":1.00595,"sphereCenter":[72.1829,238.289,11.5848],"sphereRadius":37.3231,"stabilizedPalmPosition":[118.576,236.317,70.3391],"t":[-13.2346,19.9474,-39.4307],"timeVisible":0.1144,"type":"right","wrist":[125.206,219.078,91.5977]}],"id":121875,"interactionBox":{"center":[0,200,0],"size":[235.247,235.247,147.751]},"pointables":[{"bases":[[[0.900505,0.410699,-0.142889],[-0.160222,0.618851,0.768994],[0.404252,-0.669589,0.623082]],[[0.76568,0.569584,-0.298844],[-0.100483,0.56482,0.819073],[0.635324,-0.59712,0.489705]],[[0.76568,0.569584,-0.298844],[-0.31221,0.735307,0.601539],[0.562369,-0.367285,0.740839]],[[0.76568,0.569584,-0.298844],[-0.467794,0.811988,0.349061],[0.441478,-0.127472,0.888171]]],"btipPosition":[36.9782,281.734,21.5807],"carpPosition":[94.2418,239.263,87.3485],"dipPosition":[46.5685,278.965,40.8747],"direction":[-0.562369,0.367285,-0.740839],"extended":true,"handId":180,"id":1800,"length":48.3745,"mcpPosition":[94.2418,239.263,87.3485],"pipPosition":[64.3661,267.342,64.3204],"stabilizedTipPosition":[49.0094,278.446,47.0339],"timeVisible":0.1144,"tipPosition":[41.0652,282.942,24.5653],"tipVelocity":[-243.58,-39.6899,-556.121],"tool":false,"touchDistance":1,"touchZone":"none","type":0,"width":18.465},{"bases":[[[0.637144,-0.542009,-0.547972],[0.690683,0.717044,0.0938359],[0.34206,-0.438262,0.831217]],[[0.628117,-0.530535,-0.569211],[-0.0301726,0.714366,-0.699122],[0.777534,0.456305,0.432698]],[[0.628117,-0.530535,-0.569211],[-0.773878,-0.34966,-0.528063],[0.0811255,0.772186,-0.630197]],[[0.628117,-0.530535,-0.569211],[-0.657703,-0.752894,-0.0240294],[-0.415807,0.389465,-0.82184]]],"btipPosition":[61.6274,239.502,31.6071],"carpPosition":[111.566,250.825,79.298],"dipPosition":[55.0331,245.679,18.5736],"direction":[-0.0811255,-0.772186,0.630197],"extended":false,"handId":180,"id":1801,"length":54.5852,"mcpPosition":[87.8595,281.199,21.6902],"pipPosition":[56.8532,263.003,4.43516],"stabilizedTipPosition":[69.1095,227.475,65.4931],"timeVisible":0.1144,"tipPosition":[59.2099,242.537,27.5024],"tipVelocity":[-271.524,175.37,-525.568],"tool":false,"touchDistance":0.333333,"touchZone":"none","type":1,"width":17.6378},{"bases":[[[0.550357,-0.710481,-0.438548],[0.795798,0.605292,0.0180702],[0.252611,-0.358941,0.898526]],[[0.536261,-0.690551,-0.485348],[0.0178837,0.584188,-0.811421],[0.843862,0.426454,0.325627]],[[0.536261,-0.690551,-0.485348],[-0.839196,-0.374616,-0.394225],[0.0904135,0.618709,-0.7804]],[[0.536261,-0.690551,-0.485348],[-0.702375,-0.683974,0.197101],[-0.468074,0.235198,-0.851815]]],"btipPosition":[71.2163,230.077,34.5324],"carpPosition":[119.795,245.999,72.6993],"dipPosition":[63.0518,234.18,19.6744],"direction":[-0.0904135,-0.618709,0.7804],"extended":false,"handId":180,"id":1802,"length":62.1955,"mcpPosition":[103.192,269.59,13.6444],"pipPosition":[65.4382,250.51,-0.924004],"stabilizedTipPosition":[79.3197,213.831,68.7716],"timeVisible":0.1144,"tipPosition":[68.0746,231.273,31.6697],"tipVelocity":[-238.177,178.612,-513.777],"tool":false,"touchDistance":0.333333,"touchZone":"none","type":2,"width":17.3227},{"bases":[[[0.519965,-0.799152,-0.301648],[0.840732,0.541234,0.0153256],[0.151015,-0.261574,0.953296]],[[0.511427,-0.7845,-0.350717],[0.120073,0.469365,-0.874803],[0.850897,0.405286,0.334243]],[[0.511427,-0.7845,-0.350717],[-0.841776,-0.375294,-0.388031],[0.172788,0.493674,-0.852309]],[[0.511427,-0.7845,-0.350717],[-0.749534,-0.606853,0.264441],[-0.420288,0.127632,-0.89837]]],"btipPosition":[85.2593,222.328,34.3503],"carpPosition":[126.613,238.608,66.9698],"dipPosition":[77.9705,224.541,18.7703],"direction":[-0.172788,-0.493674,0.852309],"extended":false,"handId":180,"id":1803,"length":59.8026,"mcpPosition":[117.702,254.043,10.7165],"pipPosition":[82.4134,237.235,-3.14512],"stabilizedTipPosition":[93.7256,205.855,64.941],"timeVisible":0.1144,"tipPosition":[82.919,222.355,32.3819],"tipVelocity":[-231.997,174.986,-523.556],"tool":false,"touchDistance":0.333333,"touchZone":"none","type":3,"width":16.4836},{"bases":[[[0.38784,-0.902424,-0.187645],[0.921388,0.385098,0.0523826],[0.0249904,-0.19321,0.980839]],[[0.386299,-0.892685,-0.232134],[0.282203,0.353987,-0.891658],[0.878143,0.278938,0.388663]],[[0.386299,-0.892685,-0.232134],[-0.854186,-0.251261,-0.45523],[0.348051,0.374141,-0.859581]],[[0.386299,-0.892685,-0.232134],[-0.868371,-0.436826,0.234767],[-0.310975,0.110889,-0.943927]]],"btipPosition":[97.668,218.937,27.2519],"carpPosition":[129.198,226.104,62.8783],"dipPosition":[92.6927,220.711,12.1498],"direction":[-0.348051,-0.374141,0.859581],"extended":false,"handId":180,"id":1804,"length":46.8842,"mcpPosition":[127.832,236.658,9.30061],"pipPosition":[99.0114,227.503,-3.4555],"stabilizedTipPosition":[106.872,202.283,57.2456],"timeVisible":0.1144,"tipPosition":[96.336,218.165,26.0532],"tipVelocity":[-223.03,181.792,-517.98],"tool":false,"touchDistance":0.33333