{"frames":328,"data":[{"currentFrameRate":21.4743,"devices":[],"gestures":[],"hands":[],"id":122442,"interactionBox":{"center":[0,200,0],"size":[235.247,235.247,147.751]},"pointables":[],"r":[[-0.962136,-0.269906,0.0380192],[0.215739,-0.839331,-0.498979],[0.166588,-0.471883,0.86578]],"s":0.686793,"t":[505.899,-233.461,348.339],"timestamp":258489677123},{"currentFrameRate":22.087,"devices":[],"gestures":[],"hands":[],"id":122443,"interactionBox":{"center":[0,200,0],"size":[235.247,235.247,147.751]},"pointables":[],"r":[[-0.962136,-0.269906,0.0380192],[0.215739,-0.839331,-0.498979],[0.166588,-0.471883,0.86578]],"s":0.686793,"t":[505.899,-233.461,348.339],"timestamp":258489717394},{"currentFrameRate":22.5821,"devices":[],"gestures":[],"hands":[],"id":122444,"interactionBox":{"center":[0,200,0],"size":[235.247,235.247,147.751]},"pointables":[],"r":[[-0.962136,-0.269906,0.0380192],[0.215739,-0.839331,-0.498979],[0.166588,-0.471883,0.86578]],"s":0.686793,"t":[505.899,-233.461,348.339],"timestamp":258489757721},{"currentFrameRate":22.9769,"devices":[],"gestures":[],"hands":[],"id":122445,"interactionBox":{"center":[0,200,0],"size":[235.247,235.247,147.751]},"pointables":[],"r":[[-0.962136,-0.269906,0.0380192],[0.215739,-0.839331,-0.498979],[0.166588,-0.471883,0.86578]],"s":0.686793,"t":[505.899,-233.461,348.339],"timestamp":258489798143},{"currentFrameRate":23.3202,"devices":[],"gestures":[],"hands":[],"id":122446,"interactionBox":{"center":[0,200,0],"size":[235.247,235.247,147.751]},"pointables":[],"r":[[-0.962136,-0.269906,0.0380192],[0.215739,-0.839331,-0.498979],[0.166588,-0.471883,0.86578]],"s":0.686793,"t":[505.899,-233.461,348.339],"timestamp":258489838367},{"currentFrameRate":23.6019,"devices":[],"gestures":[],"hands":[],"id":122447,"interactionBox":{"center":[0,200,0],"size":[235.247,235.247,147.751]},"pointables":[],"r":[[-0.962136,-0.269906,0.0380192],[0.215739,-0.839331,-0.498979],[0.166588,-0.471883,0.86578]],"s":0.686793,"t":[505.899,-233.461,348.339],"timestamp":258489878582},{"currentFrameRate":23.8357,"devices":[],"gestures":[],"hands":[],"id":122448,"interactionBox":{"center":[0,200,0],"size":[235.247,235.247,147.751]},"pointables":[],"r":[[-0.962136,-0.269906,0.0380192],[0.215739,-0.839331,-0.498979],[0.166588,-0.471883,0.86578]],"s":0.686793,"t":[505.899,-233.461,348.339],"timestamp":258489918765},{"currentFrameRate":23.9974,"devices":[],"gestures":[],"hands":[],"id":122449,"interactionBox":{"center":[0,200,0],"size":[235.247,235.247,147.751]},"pointables":[],"r":[[-0.962136,-0.269906,0.0380192],[0.215739,-0.839331,-0.498979],[0.166588,-0.471883,0.86578]],"s":0.686793,"t":[505.899,-233.461,348.339],"timestamp":258489959220},{"currentFrameRate":24.1587,"devices":[],"gestures":[],"hands":[],"id":122450,"interactionBox":{"center":[0,200,0],"size":[235.247,235.247,147.751]},"pointables":[],"r":[[-0.962136,-0.269906,0.0380192],[0.215739,-0.839331,-0.498979],[0.166588,-0.471883,0.86578]],"s":0.686793,"t":[505.899,-233.461,348.339],"timestamp":258489999408},{"currentFrameRate":24.2831,"devices":[],"gestures":[],"hands":[],"id":122451,"interactionBox":{"center":[0,200,0],"size":[235.247,235.247,147.751]},"pointables":[],"r":[[-0.962136,-0.269906,0.0380192],[0.215739,-0.839331,-0.498979],[0.166588,-0.471883,0.86578]],"s":0.686793,"t":[505.899,-233.461,348.339],"timestamp":258490039664},{"currentFrameRate":24.3842,"devices":[],"gestures":[],"hands":[],"id":122452,"interactionBox":{"center":[0,200,0],"size":[235.247,235.247,147.751]},"pointables":[],"r":[[-0.962136,-0.269906,0.0380192],[0.215739,-0.839331,-0.498979],[0.166588,-0.471883,0.86578]],"s":0.686793,"t":[505.899,-233.461,348.339],"timestamp":258490079925},{"currentFrameRate":24.4666,"devices":[],"gestures":[],"hands":[],"id":122453,"interactionBox":{"center":[0,200,0],"size":[235.247,235.247,147.751]},"pointables":[],"r":[[-0.962136,-0.269906,0.0380192],[0.215739,-0.839331,-0.498979],[0.166588,-0.471883,0.86578]],"s":0.686793,"t":[505.899,-233.461,348.339],"timestamp":258490120189},{"currentFrameRate":24.5288,"devices":[],"gestures":[],"hands":[],"id":122454,"interactionBox":{"center":[0,200,0],"size":[235.247,235.247,147.751]},"pointables":[],"r":[[-0.962136,-0.269906,0.0380192],[0.215739,-0.839331,-0.498979],[0.166588,-0.471883,0.86578]],"s":0.686793,"t":[505.899,-233.461,348.339],"timestamp":258490160500},{"currentFrameRate":24.5568,"devices":[],"gestures":[],"hands":[],"id":122455,"interactionBox":{"center":[0,200,0],"size":[235.247,235.247,147.751]},"pointables":[],"r":[[-0.962136,-0.269906,0.0380192],[0.215739,-0.839331,-0.498979],[0.166588,-0.471883,0.86578]],"s":0.686793,"t":[505.899,-233.461,348.339],"timestamp":258490201016},{"currentFrameRate":24.6321,"devices":[],"gestures":[],"hands":[],"id":122456,"interactionBox":{"center":[0,200,0],"size":[235.247,235.247,147.751]},"pointables":[],"r":[[-0.962136,-0.269906,0.0380192],[0.215739,-0.839331,-0.498979],[0.166588,-0.471883,0.86578]],"s":0.686793,"t":[505.899,-233.461,348.339],"timestamp":258490241061},{"currentFrameRate":24.661,"devices":[],"gestures":[],"hands":[],"id":122457,"interactionBox":{"center":[0,200,0],"size":[235.247,235.247,147.751]},"pointables":[],"r":[[-0.962136,-0.269906,0.0380192],[0.215739,-0.839331,-0.498979],[0.166588,-0.471883,0.86578]],"s":0.686793,"t":[505.899,-233.461,348.339],"timestamp":258490281400},{"currentFrameRate":24.6942,"devices":[],"gestures":[],"hands":[{"armBasis":[[0.354197,-0.716317,-0.601194],[0.7239,0.617005,-0.308665],[0.592041,-0.325876,0.737083]],"armWidth":60.0267,"confidence":0,"direction":[-0.0830118,0.552496,-0.829371],"elbow":[292.177,113.577,307.6],"grabAngle":3.14159,"grabStrength":1,"id":181,"palmNormal":[-0.910811,-0.379781,-0.161833],"palmPosition":[123.599,237.667,64.5008],"palmVelocity":[1.19209e-7,1.19209e-7,1.19209e-7],"palmWidth":85.7161,"pinchDistance":33.853,"pinchStrength":0.552498,"r":[[1,1.11022e-17,1.11022e-17],[-1.11022e-17,1,-1.11022e-17],[-1.11022e-17,1.11022e-17,1]],"s":1,"sphereCenter":[84.561,229.422,44.1023],"sphereRadius":38.5706,"stabilizedPalmPosition":[123.599,237.667,64.5008],"t":[0,0,0],"timeVisible":0,"type":"right","wrist":[141.591,196.464,120.123]}],"id":122458,"interactionBox":{"center":[0,200,0],"size":[235.247,235.247,147.751]},"pointables":[{"bases":[[[0.961182,0.148931,-0.23227],[0.114272,0.551354,0.826408],[0.251141,-0.820871,0.512933]],[[0.856622,0.366609,-0.363039],[0.112668,0.553739,0.825033],[0.503493,-0.747644,0.433039]],[[0.856622,0.366609,-0.363039],[-0.00834721,0.713395,0.700713],[0.515878,-0.597215,0.614169]],[[0.856622,0.366609,-0.363039],[-0.113376,0.820195,0.560737],[0.503334,-0.43918,0.744161]]],"btipPosition":[63.2296,284.083,62.4009],"carpPosition":[114.573,220.06,118.898],"dipPosition":[74.3266,274.4,78.8075],"direction":[-0.515878,0.597215,-0.614169],"extended":true,"handId":181,"id":1810,"length":49.0956,"mcpPosition":[114.573,220.06,118.898],"pipPosition":[90.8963,255.218,98.5343],"stabilizedTipPosition":[65.7819,281.856,66.1745],"timeVisible":0,"tipPosition":[65.7819,281.856,66.1745],"tipVelocity":[1.19209e-7,1.19209e-7,1.19209e-7],"tool":false,"touchDistance":1,"touchZone":"none","type":0,"width":19.0763},{"bases":[[[0.384713,-0.638668,-0.666407],[0.878523,0.474853,0.0520785],[0.283185,-0.605489,0.743767]],[[0.401627,-0.67519,-0.61872],[0.339352,0.737231,-0.584235],[0.850609,0.0246809,0.525219]],[[0.401627,-0.67519,-0.61872],[-0.768637,0.118778,-0.628561],[0.497888,0.728018,-0.471272]],[[0.401627,-0.67519,-0.61872],[-0.910158,-0.369178,-0.187935],[-0.101526,0.638612,-0.762802]]],"btipPosition":[69.8307,241.097,59.6597],"carpPosition":[133.586,226.988,109.455],"dipPosition":[68.1967,251.376,47.3822],"direction":[-0.497888,-0.728018,0.471272],"extended":false,"handId":181,"id":1811,"length":55.3989,"mcpPosition":[113.959,268.952,57.9084],"pipPosition":[79.5333,267.953,36.6516],"stabilizedTipPosition":[69.4549,243.462,56.8359],"timeVisible":0,"tipPosition":[69.4549,243.462,56.8359],"tipVelocity":[1.19209e-7,1.19209e-7,1.19209e-7],"tool":false,"touchDistance":0.333333,"touchZone":"none","type":1,"width":18.2217},{"bases":[[[0.263994,-0.78613,-0.558843],[0.936919,0.346634,-0.0450187],[0.229105,-0.511707,0.82805]],[[0.256477,-0.769238,-0.585228],[0.164364,0.631374,-0.75786],[0.952473,0.0981828,0.288368]],[[0.256477,-0.769238,-0.585228],[-0.934346,-0.0423255,-0.353844],[0.24742,0.637559,-0.72959]],[[0.256477,-0.769238,-0.585228],[-0.8845,-0.430924,0.178784],[-0.389716,0.471781,-0.790913]]],"btipPosition":[81.2166,224.499,67.5083],"carpPosition":[139.252,220.757,101.479],"dipPosition":[74.3175,232.851,53.507],"direction":[-0.24742,-0.637559,0.72959],"extended":false,"handId":181,"id":1812,"length":63.1227,"mcpPosition":[124.194,254.388,47.0564],"pipPosition":[80.9455,249.93,33.9626],"stabilizedTipPosition":[79.6298,226.42,64.288],"timeVisible":0,"tipPosition":[79.6298,226.42,64.288],"tipVelocity":[1.19209e-7,1.19209e-7,1.19209e-7],"tool":false,"touchDistance":0.333333,"touchZone":"none","type":2,"width":17.8961},{"bases":[[[0.223446,-0.876743,-0.425903],[0.960212,0.273094,-0.0584111],[0.167523,-0.395906,0.902881]],[[0.214237,-0.854488,-0.473236],[0.201563,0.512731,-0.834553],[0.955759,0.0834059,0.282079]],[[0.214237,-0.854488,-0.473236],[-0.94014,-0.0489302,-0.337259],[0.265028,0.517161,-0.813821]],[[0.214237,-0.854488,-0.473236],[-0.894974,-0.365809,0.255353],[-0.39131,0.368827,-0.843115]]],"btipPosition":[92.7676,212.257,65.2918],"carpPosition":[142.91,212.393,94.3654],"dipPosition":[85.8801,218.749,50.4521],"direction":[-0.265028,-0.517161,0.813821],"extended":false,"handId":181,"id":1813,"length":60.6941,"mcpPosition":[133.024,235.755,41.087],"pipPosition":[92.7964,232.245,29.2143],"stabilizedTipPosition":[91.1835,213.75,61.8786],"timeVisible":0,"tipPosition":[91.1835,213.75,61.8786],"tipVelocity":[1.19209e-7,1.19209e-7,1.19209e-7],"tool":false,"touchDistance":0.333333,"touchZone":"none","type":3,"width":17.0293},{"bases":[[[0.0795864,-0.949662,-0.302997],[0.99428,0.0973466,-0.0439451],[0.0712288,-0.297767,0.951978]],[[0.0746491,-0.927643,-0.365931],[0.301729,0.370765,-0.878347],[0.950467,-0.0448441,0.307574]],[[0.0746491,-0.927643,-0.365931],[-0.91729,0.0800634,-0.390088],[0.39116,0.364784,-0.844942]],[[0.0746491,-0.927643,-0.365931],[-0.947505,-0.180388,0.263998],[-0.310906,0.327014,-0.892412]]],"btipPosition":[103.497,205.923,56.88],"carpPosition":[141.207,200.195,89.0674],"dipPosition":[98.4488,211.233,42.3892],"direction":[-0.39116,-0.364784,0.844942],"extended":false,"handId":181,"id":1814,"length":47.5831,"mcpPosition":[137.316,216.46,37.0662],"pipPosition":[105.656,217.954,26.821],"stabilizedTipPosition":[102.336,207.144,53.5471],"timeVisible":0,"tipPosition":[102.336,207.144,53.5471],"tipVelocity":[1.19209e-7,1.19209e-7,1.19209e-7],"tool":false,"touchDistance":0.333333,"touchZone":"none","type":4,"width":15.1267}],"r":[[1,1.11022e-17,1.11022e-17],[-1.11022e-17,1,-1.11022e-17],[-1.11022e-17,1.11022e-17,1]],"s":1,"t":[0,0,0],"timestamp":258490321652},{"currentFrameRate":24.6844,"devices":[],"gestures":[],"hands":[{"armBasis":[[0.320774,-0.627859,-0.709153],[0.768737,0.609965,-0.192315],[0.553305,-0.483462,0.67832]],"armWidth":58.6901,"confidence":0.210593,"direction":[-0.00563751,0.553279,-0.832977],"elbow":[275.885,79.0787,290.267],"grabAngle":3.14159,"grabStrength":1,"id":181,"palmNormal":[-0.88697,-0.387441,-0.251343],"palmPosition":[122.003,244.921,61.8298],"palmVelocity":[-39.3071,178.75,-65.8158],"palmWidth":85.7161,"pinchDistance":34.2718,"pinchStrength":0.419712,"r":[[0.999803,0.00175226,0.019763],[-0.00175646,0.999998,0.000195107],[-0.0197626,-0.000229781,0.999805]],"s":0.99309,"sphereCenter":[86.4555,239.804,40.0616],"sphereRadius":37.3921,"stabilizedPalmPosition":[123.231,239.341,63.8846],"t":[-0.7976,3.6271,-1.3355],"timeVisible":0.040583,"type":"right","wrist":[135.152,202.048,117.736]}],"id":122459,"interactionBox":{"center":[0,200,0],"size":[235.247,235.247,147.751]},"pointables":[{"bases":[[[0.978054,0.157769,-0.136086],[0.0272185,0.550806,0.834189],[0.206566,-0.819586,0.534424]],[[0.881268,0.380668,-0.280105],[0.0504949,0.513439,0.856639],[0.469912,-0.769073,0.433255]],[[0.881268,0.380668,-0.280105],[-0.088233,0.714764,0.693778],[0.464308,-0.586689,0.663486]],[[0.881268,0.380668,-0.280105],[-0.183762,0.822023,0.53899],[0.435429,-0.423522,0.794374]]],"btipPosition":[61.5578,291.068,56.4248],"carpPosition":[107.808,227.136,115.052],"dipPosition":[71.0168,281.868,73.6812],"direction":[-0.464308,0.586689,-0.663486],"extended":true,"handId":181,"id":1810,"length":48.3745,"mcpPosition":[107.808,227.136,115.052],"pipPosition":[85.711,263.301,94.679],"stabilizedTipPosition":[65.4743,282.921,65.3064],"timeVisible":0.040583,"tipPosition":[63.8852,288.654,58.2292],"tipVelocity":[-50.4776,174.872,-142.441],"tool":false,"touchDistance":1,"touchZone":"none","type":0,"width":18.465},{"bases":[[[0.454289,-0.634044,-0.625787],[0.864831,0.482429,0.139029],[0.213747,-0.60436,0.767503]],[[0.451479,-0.626153,-0.635688],[0.199647,0.765256,-0.611983],[0.869659,0.149384,0.470507]],[[0.451479,-0.626153,-0.635688],[-0.836583,-0.0492782,-0.54562],[0.310316,0.778142,-0.546077]],[[0.451479,-0.626153,-0.635688],[-0.853652,-0.510462,-0.103477],[-0.259702,0.589374,-0.764979]]],"btipPosition":[75.2608,243.371,59.9684],"carpPosition":[127.598,234.247,107.54],"dipPosition":[71.1422,252.718,47.8367],"direction":[-0.310316,-0.778142,0.546077],"extended":false,"handId":181,"id":1811,"length":54.5852,"mcpPosition":[112.784,276.132,54.3483],"pipPosition":[78.1041,270.175,35.5855],"stabilizedTipPosition":[70.173,243.766,56.8865],"timeVisible":0.040583,"tipPosition":[71.5244,247.93,52.947],"tipVelocity":[119.72,50.7354,8.4342],"tool":false,"touchDistance":0.333333,"touchZone":"none","type":1,"width":17.6378},{"bases":[[[0.324857,-0.782756,-0.530812],[0.933667,0.354906,0.0480473],[0.150779,-0.51121,0.846127]],[[0.321219,-0.770509,-0.550576],[0.156509,0.616585,-0.771575],[0.933982,0.161675,0.318651]],[[0.321219,-0.770509,-0.550576],[-0.928587,-0.142165,-0.342806],[0.185862,0.621373,-0.761151]],[[0.321219,-0.770509,-0.550576],[-0.830913,-0.508227,0.22647],[-0.454315,0.384734,-0.803479]]],"btipPosition":[85.402,231.334,64.3946],"carpPosition":[134.079,228.08,100.157],"dipPosition":[77.4775,238.045,50.3797],"direction":[-0.185862,-0.621373,0.761151],"extended":false,"handId":181,"id":1812,"length":62.1955,"mcpPosition":[124.169,261.679,44.5457],"pipPosition":[82.3833,254.446,30.2894],"stabilizedTipPosition":[80.531,227.893,63.5769],"timeVisible":0.040583,"tipPosition":[80.1342,233.151,58.5873],"tipVelocity":[97.321,159.118,-76.8014],"tool":false,"touchDistance":0.333333,"touchZone":"none","type":2,"width":17.3227},{"bases":[[[0.272191,-0.873965,-0.402613],[0.958821,0.281597,0.0369486],[0.0810829,-0.396091,0.914624]],[[0.268372,-0.85575,-0.442345],[0.205666,0.499502,-0.841546],[0.941105,0.134872,0.31005]],[[0.268372,-0.85575,-0.442345],[-0.939154,-0.130228,-0.317852],[0.214396,0.500733,-0.838631]],[[0.268372,-0.85575,-0.442345],[-0.853577,-0.424094,0.302574],[-0.446523,0.296373,-0.844263]]],"btipPosition":[96.9129,219.527,62.8063],"carpPosition":[138.496,219.762,93.4305],"dipPosition":[89.1691,224.666,48.1646],"direction":[-0.214396,-0.500733,0.838631],"extended":false,"handId":181,"id":1813,"length":59.8026,"mcpPosition":[133.711,243.135,39.4592],"pipPosition":[94.6819,237.542,26.6009],"stabilizedTipPosition":[92.263,215.652,61.2116],"timeVisible":0.040583,"tipPosition":[91.7772,220.721,57.0881],"tipVelocity":[97.2921,171.471,-60.1219],"tool":false,"touchDistance":0.333333,"touchZone":"none","type":3,"width":16.4836},{"bases":[[[0.117554,-0.948368,-0.294583],[0.992856,0.106128,0.0545366],[-0.0204572,-0.298889,0.954069]],[[0.118395,-0.933049,-0.339708],[0.318257,0.359723,-0.877104],[0.940582,-0.00426962,0.339539]],[[0.118395,-0.933049,-0.339708],[-0.934519,0.0109394,-0.355745],[0.335644,0.359582,-0.870657]],[[0.118395,-0.933049,-0.339708],[-0.917854,-0.233364,0.32107],[-0.37885,0.273789,-0.884032]]],"btipPosition":[107.648,213.118,54.6694],"carpPosition":[137.433,207.56,87.9784],"dipPosition":[101.586,217.498,40.5256],"direction":[-0.335644,-0.359582,0.870657],"extended":false,"handId":181,"id":1814,"length":46.8842,"mcpPosition":[138.55,223.886,35.8631],"pipPosition":[107.68,224.026,24.7192],"stabilizedTipPosition":[103.436,209.105,52.9487],"timeVisible":0.040583,"tipPosition":[103.278,214.205,49.4971],"tipVelocity":[96.5286,172.021,-52.5035],"tool":false,"touchDistance":0.333333,"touchZone":"none","type":4,"width":14.642}],"r":[[0.999803,0.00175226,0.019763],[-0.00175646,0.999998,0.000195107],[-0.0197626,-0.000229781,0.999805]],"s":0.99309,"t":[-0.7976,3.6271,-1.3355],"timestamp":258490362235},{"currentFrameRate":24.7439,"devices":[],"gestures":[],"hands":[{"armBasis":[[0.348082,-0.523012,-0.778008],[0.808616,0.587404,-0.0331041],[0.474319,-0.617587,0.627381]],"armWidth":58.6901,"confidence":0.400637,"direction":[-0.00357297,0.541256,-0.84085],"elbow":[252.19,49.0556,274.228],"grabAngle":3.14159,"grabStrength":1,"id":181,"palmNormal":[-0.862104,-0.427748,-0.271678],"palmPosition":[119.181,249.345,58.6601],"palmVelocity":[-70.6075,110.642,-79.281],"palmWidth":85.7161,"pinchDistance":34.4096,"pinchStrength":0.371763,"r":[[0.999072,0.0116132,0.0414673],[-0.0115137,0.99993,-0.0026378],[-0.0414951,0.00215791,0.999136]],"s":0.983264,"sphereCenter":[84.8031,243.431,36.7175],"sphereRadius":37.04,"stabilizedPalmPosition":[122.116,242.093,62.4472],"t":[-2.60784,7.65239,-3.58808],"timeVisible":0.080563,"type":"right","wrist":[131.546,206.139,114.653]}],"id":122460,"interactionBox":{"center":[0,200,0],"size":[235.247,235.247,147.751]},"pointables":[{"bases":[[[0.974294,0.196899,-0.109462],[-0.0208656,0.562676,0.826414],[0.224311,-0.802887,0.55232]],[[0.874108,0.411487,-0.258097],[0.0054099,0.523076,0.852269],[0.485702,-0.746371,0.454999]],[[0.874108,0.411487,-0.258097],[-0.139386,0.721502,0.678237],[0.465303,-0.556877,0.688026]],[[0.874108,0.411487,-0.258097],[-0.228694,0.817422,0.528697],[0.428526,-0.403113,0.808619]]],"btipPosition":[57.267,293.177,50.9608],"carpPosition":[104.142,231.698,111.697],"dipPosition":[66.576,284.42,68.5267],"direction":[-0.465304,0.556877,-0.688026],"extended":true,"handId":181,"id":1810,"length":48.3745,"mcpPosition":[104.142,231.698,111.697],"pipPosition":[81.3018,266.796,90.3011],"stabilizedTipPosition":[64.7285,283.935,64.0394],"timeVisible":0.080563,"tipPosition":[59.4268,290.559,52.7599],"tipVelocity":[-108.186,55.2826,-134.887],"tool":false,"touchDistance":1,"touchZone":"none","type":0,"width":18.465},{"bases":[[[0.498926,-0.622774,-0.602682],[0.839422,0.520196,0.157371],[0.215506,-0.584421,0.78231]],[[0.498188,-0.620776,-0.605348],[0.128963,0.743438,-0.656253],[0.857425,0.24887,0.450429]],[[0.498188,-0.620776,-0.605348],[-0.834159,-0.152618,-0.529987],[0.236616,0.768989,-0.593859]],[[0.498188,-0.620776,-0.605348],[-0.800537,-0.597509,-0.0460862],[-0.333091,0.507563,-0.794626]]],"btipPosition":[74.6815,244.811,58.4132],"carpPosition":[123.835,239.533,104.668],"dipPosition":[69.3991,252.86,45.8113],"direction":[-0.236616,-0.768989,0.593859],"extended":false,"handId":181,"id":1811,"length":54.5852,"mcpPosition":[108.9,280.037,50.4502],"pipPosition":[74.7076,270.112,32.4881],"stabilizedTipPosition":[70.4032,243.968,56.7906],"timeVisible":0.080563,"tipPosition":[69.8663,249.385,49.7721],"tipVelocity":[-21.1848,28.5518,-41.6064],"tool":false,"touchDistance":0.333333,"touchZone":"none","type":1,"width":17.6378},{"bases":[[[0.372994,-0.775501,-0.509386],[0.916215,0.394463,0.0703525],[0.146375,-0.492948,0.857658]],[[0.372471,-0.773741,-0.512435],[0.123941,0.588694,-0.798798],[0.91973,0.234017,0.31517]],[[0.372471,-0.773741,-0.512435],[-0.913254,-0.207409,-0.35064],[0.165021,0.598587,-0.783876]],[[0.372471,-0.773741,-0.512435],[-0.797255,-0.549408,0.250071],[-0.475026,0.315398,-0.821508]]],"btipPosition":[83.9483,234.173,62.1212],"carpPosition":[130.787,233.545,97.5711],"dipPosition":[75.6625,239.675,47.7918],"direction":[-0.165021,-0.598587,0.783876],"extended":false,"handId":181,"id":1812,"length":62.1955,"mcpPosition":[121.167,265.944,41.2022],"pipPosition":[80.0182,255.474,27.1016],"stabilizedTipPosition":[80.7981,229.227,62.7372],"timeVisible":0.080563,"tipPosition":[78.4415,235.741,54.8895],"tipVelocity":[-38.4398,64.0559,-58.6731],"tool":false,"touchDistance":0.333333,"touchZone":"none","type":2,"width":17.3227},{"bases":[[[0.320333,-0.867104,-0.381467],[0.944721,0.322134,0.0610838],[0.0699173,-0.379947,0.922362]],[[0.319347,-0.861829,-0.394042],[0.181394,0.46372,-0.867214],[0.930115,0.205465,0.304418]],[[0.319347,-0.861829,-0.394042],[-0.923524,-0.189833,-0.333266],[0.212416,0.470335,-0.856542]],[[0.319347,-0.861829,-0.394042],[-0.835211,-0.452423,0.312629],[-0.447706,0.229271,-0.864288]]],"btipPosition":[95.3498,223.16,61.0623],"carpPosition":[135.747,225.33,91.1017],"dipPosition":[87.5855,227.136,46.0733],"direction":[-0.212416,-0.470335,0.856542],"extended":false,"handId":181,"id":1813,"length":59.8026,"mcpPosition":[131.621,247.751,36.6737],"pipPosition":[93.0474,239.23,24.049],"stabilizedTipPosition":[92.6335,218.051,60.1872],"timeVisible":0.080563,"tipPosition":[90.5233,223.86,53.8542],"tipVelocity":[-39.2151,84.1795,-45.6205],"tool":false,"touchDistance":0.333333,"touchZone":"none","type":3,"width":16.4836},{"bases":[[[0.165744,-0.946478,-0.276964],[0.985485,0.148504,0.0822551],[-0.0367223,-0.286577,0.957353]],[[0.166048,-0.944022,-0.285045],[0.299191,0.323661,-0.897624],[0.939635,0.063766,0.336186]],[[0.166048,-0.944022,-0.285045],[-0.924297,-0.0482578,-0.378612],[0.343662,0.326334,-0.88057]],[[0.166048,-0.944022,-0.285045],[-0.91781,-0.253658,0.30542],[-0.360627,0.210903,-0.908553]]],"btipPosition":[106.054,217.284,52.995],"carpPosition":[135.357,213.021,85.8011],"dipPosition":[100.285,220.658,38.4589],"direction":[-0.343662,-0.326334,0.88057],"extended":false,"handId":181,"id":1814,"length":46.8842,"mcpPosition":[137.363,228.675,33.5064],"pipPosition":[106.524,226.582,22.4726],"stabilizedTipPosition":[103.854,211.999,51.883],"timeVisible":0.080563,"tipPosition":[102.37,217.737,46.5504],"tipVelocity":[-38.1727,98.4111,-44.1376],"tool":false,"touchDistance":0.333333,"touchZone":"none","type":4,"width":14.642}],"r":[[0.999072,0.0116132,0.0414673],[-0.0115137,0.99993,-0.0026378],[-0.0414951,0.00215791,0.999136]],"s":0.983264,"t":[-2.60784,7.65239,-3.58808],"timestamp":258490402215},{"currentFrameRate":24.814,"devices":[],"gestures":[],"hands":[{"armBasis":[[0.384088,-0.464864,-0.797733],[0.831781,0.549248,0.0804168],[0.40077,-0.694426,0.597625]],"armWidth":58.6901,"confidence":0.560812,"direction":[0.00861447,0.548178,-0.836317],"elbow":[228.921,33.5298,261.493],"grabAngle":3.14159,"grabStrength":1,"id":181,"palmNormal":[-0.854903,-0.429807,-0.29053],"palmPosition":[116.101,254.496,54.0405],"palmVelocity":[-77.3997,129.462,-116.102],"palmWidth":85.7161,"pinchDistance":34.2165,"pinchStrength":0.374938,"r":[[0.997842,0.0204756,0.0623791],[-0.0202982,0.999788,-0.00347563],[-0.0624371,0.00220195,0.998046]],"s":0.974912,"sphereCenter":[82.0566,248.516,31.3497],"sphereRadius":37.0258,"stabilizedPalmPosition":[120.373,245.687,60.0116],"t":[-5.0528,12.2406,-7.02416],"timeVisible":0.120352,"type":"right","wrist":[126.985,210.157,109.487]}],"id":122461,"interactionBox":{"center":[0,200,0],"size":[235.247,235.247,147.751]},"pointables":[{"bases":[[[0.975059,0.202689,-0.0904238],[-0.038498,0.555698,0.830492],[0.21858,-0.806298,0.549642]],[[0.875892,0.418799,-0.239624],[-0.0135533,0.517782,0.855405],[0.482316,-0.745995,0.459198]],[[0.875892,0.418799,-0.239624],[-0.155505,0.71514,0.681463],[0.456761,-0.559626,0.691511]],[[0.875892,0.418799,-0.239624],[-0.241447,0.810401,0.533811],[0.417751,-0.409705,0.810941]]],"btipPosition":[53.9996,298.026,45.5596],"carpPosition":[100.211,236.335,106.654],"dipPosition":[63.0746,289.126,63.1759],"direction":[-0.456761,0.559626,-0.691511],"extended":true,"handId":181,"id":1810,"length":48.3745,"mcpPosition":[100.211,236.335,106.654],"pipPosition":[77.53,271.415,85.0606],"stabilizedTipPosition":[63.4459,285.722,61.898],"timeVisible":0.120352,"tipPosition":[56.2481,295.461,47.4303],"tipVelocity":[-83.4708,121.055,-135.455],"tool":false,"touchDistance":1,"touchZone":"none","type":0,"width":18.465},{"bases":[[[0.5128,-0.615247,-0.598755],[0.833784,0.523084,0.176597],[0.204548,-0.589792,0.78122]],[[0.50967,-0.606321,-0.610419],[0.138314,0.757998,-0.637423],[0.849179,0.240446,0.470192]],[[0.50967,-0.606321,-0.610419],[-0.82461,-0.141829,-0.547633],[0.245467,0.78247,-0.572264]],[[0.50967,-0.606321,-0.610419],[-0.797098,-0.599807,-0.0697578],[-0.323838,0.522117,-0.789001]]],"btipPosition":[71.5748,249.779,52.5012],"carpPosition":[119.986,244.327,100.043],"dipPosition":[66.4391,258.06,39.9885],"direction":[-0.245467,-0.78247,0.572264],"extended":false,"handId":181,"id":1811,"length":54.5852,"mcpPosition":[105.81,285.203,45.9],"pipPosition":[71.9461,275.614,27.1498],"stabilizedTipPosition":[70.4022,244.834,55.9866],"timeVisible":0.120352,"tipPosition":[67.0537,254.284,44.4297],"tipVelocity":[-77.2314,126.212,-148.067],"tool":false,"touchDistance":0.333333,"touchZone":"none","type":1,"width":17.6378},{"bases":[[[0.386016,-0.769371,-0.508979],[0.912764,0.398463,0.089937],[0.133614,-0.499295,0.856068]],[[0.384811,-0.764894,-0.516582],[0.137403,0.600917,-0.787413],[0.912711,0.232025,0.336338]],[[0.384811,-0.764894,-0.516582],[-0.905678,-0.205007,-0.371105],[0.177953,0.610663,-0.771637]],[[0.384811,-0.764894,-0.516582],[-0.796893,-0.557719,0.232185],[-0.465705,0.322314,-0.824156]]],"btipPosition":[80.9038,239.128,56.4525],"carpPosition":[127.094,238.433,93.0218],"dipPosition":[72.7806,244.75,42.077],"direction":[-0.177953,-0.610663,0.771637],"extended":false,"handId":181,"id":1812,"length":62.1955,"mcpPosition":[118.312,271.249,36.7575],"pipPosition":[77.4776,260.868,21.7099],"stabilizedTipPosition":[80.4825,231.231,61.0201],"timeVisible":0.120352,"tipPosition":[75.5722,240.713,49.5007],"tipVelocity":[-75.5776,125.222,-142.735],"tool":false,"touchDistance":0.333333,"touchZone":"none","type":2,"width":17.3227},{"bases":[[[0.331558,-0.862295,-0.382776],[0.941805,0.326357,0.0805867],[0.055432,-0.387219,0.92032]],[[0.330875,-0.857626,-0.393699],[0.200652,0.471596,-0.858682],[0.922096,0.20512,0.328124]],[[0.330875,-0.857626,-0.393699],[-0.914069,-0.187589,-0.359566],[0.234519,0.47884,-0.845998]],[[0.330875,-0.857626,-0.393699],[-0.841894,-0.456741,0.287406],[-0.426305,0.236358,-0.873154]]],"btipPosition":[92.0612,228.228,55.5556],"carpPosition":[132.21,230.297,86.575],"dipPosition":[84.668,232.327,40.4129],"direction":[-0.234519,-0.47884,0.845998],"extended":false,"handId":181,"id":1813,"length":59.8026,"mcpPosition":[128.939,253.146,32.2676],"pipPosition":[90.6982,244.64,18.6597],"stabilizedTipPosition":[92.0366,220.972,58.056],"timeVisible":0.120352,"tipPosition":[87.7339,228.914,48.6045],"tipVelocity":[-80.5073,128.098,-139.285],"tool":false,"touchDistance":0.333333,"touchZone":"none","type":3,"width":16.4836},{"bases":[[[0.175543,-0.943307,-0.281704],[0.983082,0.152765,0.10106],[-0.0522955,-0.294679,0.954164]],[[0.175152,-0.94546,-0.274639],[0.324975,0.318836,-0.890356],[0.929362,0.0666965,0.363096]],[[0.175152,-0.94546,-0.274639],[-0.909142,-0.0482568,-0.413681],[0.377865,0.322143,-0.86801]],[[0.175152,-0.94546,-0.274639],[-0.929099,-0.251015,0.271599],[-0.325725,0.207596,-0.922392]]],"btipPosition":[102.685,222.768,47.646],"carpPosition":[131.979,218.031,81.1676],"dipPosition":[97.4732,226.09,32.8884],"direction":[-0.377865,-0.322143,0.86801],"extended":false,"handId":181,"id":1814,"length":46.8842,"mcpPosition":[134.835,234.127,29.0471],"pipPosition":[104.333,231.938,17.1301],"stabilizedTipPosition":[103.109,215.628,49.4818],"timeVisible":0.120352,"tipPosition":[99.748,222.932,41.4935],"tipVelocity":[-81.4658,137.538,-135.716],"tool":false,"touchDistance":0.333333,"touchZone":"none","type":4,"width":14.642}],"r":[[0.997842,0.0204756,0.0623791],[-0.0202982,0.999788,-0.00347563],[-0.0624371,0.00220195,0.998046]],"s":0.974912,"t":[-5.0528,12.2406,-7.02416],"timestamp":258490442004},{"currentFrameRate":27.4029,"devices":[],"gestures":[],"hands":[{"armBasis":[[0.414495,-0.438003,-0.797714],[0.827055,0.547029,0.129383],[0.379702,-0.713382,0.588993]],"armWidth":58.6901,"confidence":0.623926,"direction":[-0.0206477,0.537385,-0.843084],"elbow":[223.122,32.0753,256.234],"grabAngle":3.14159,"grabStrength":1,"id":181,"palmNormal":[-0.842466,-0.463423,-0.274755],"palmPosition":[114.008,257.133,50.7405],"palmVelocity":[-113.226,142.631,-178.505],"palmWidth":85.7161,"pinchDistance":34.1496,"pinchStrength":0.391633,"r":[[0.996455,0.0347646,0.0766058],[-0.0343503,0.999387,-0.00671926],[-0.0767924,0.00406401,0.997039]],"s":0.968045,"sphereCenter":[79.8113,249.506,28.422],"sphereRadius":37.0123,"stabilizedPalmPosition":[119.448,247.35,58.6641],"t":[-7.32187,15.8532,-10.3922],"timeVisible":0.138839,"type":"right","wrist":[126.545,213.524,106.424]}],"id":122462,"interactionBox":{"center":[0,200,0],"size":[235.247,235.247,147.751]},"pointables":[{"bases":[[[0.966127,0.235831,-0.104792],[-0.0484429,0.564582,0.823954],[0.253478,-0.790968,0.556883]],[[0.858166,0.445625,-0.254892],[-0.0231314,0.529565,0.847954],[0.512851,-0.721789,0.464763]],[[0.858166,0.445625,-0.254892],[-0.173607,0.719162,0.672805],[0.483127,-0.533127,0.694524]],[[0.858166,0.445625,-0.254892],[-0.266295,0.810886,0.521105],[0.438906,-0.379318,0.814542]]],"btipPosition":[50.4491,298.151,42.2348],"carpPosition":[99.3898,239.098,103.764],"dipPosition":[59.9835,289.911,59.9293],"direction":[-0.483127,0.533127,-0.694524],"extended":true,"handId":181,"id":1810,"length":48.3745,"mcpPosition":[99.3898,239.098,103.764],"pipPosition":[75.2733,273.039,81.9093],"stabilizedTipPosition":[62.5459,286.6,60.599],"timeVisible":0.138839,"tipPosition":[52.6655,295.878,44.3914],"tipVelocity":[-186.342,14.9821,-178.874],"tool":false,"touchDistance":1,"touchZone":"none","type":0,"width":18.465},{"bases":[[[0.527244,-0.604366,-0.59729],[0.816717,0.554429,0.159941],[0.234492,-0.572145,0.785916]],[[0.526777,-0.603228,-0.598851],[0.120991,0.750567,-0.649623],[0.841348,0.269751,0.468367]],[[0.526777,-0.603228,-0.598851],[-0.817743,-0.167397,-0.550704],[0.231954,0.779804,-0.581466]],[[0.526777,-0.603228,-0.598851],[-0.784039,-0.616952,-0.0682155],[-0.328313,0.505457,-0.79795]]],"btipPosition":[68.9904,251.082,49.3686],"carpPosition":[118.79,247.697,96.8145],"dipPosition":[63.7837,259.098,36.714],"direction":[-0.231954,-0.779804,0.581466],"extended":false,"handId":181,"id":1811,"length":54.5852,"mcpPosition":[102.539,287.35,42.3462],"pipPosition":[68.9876,276.593,23.6688],"stabilizedTipPosition":[70.2518,245.3,55.4374],"timeVisible":0.138839,"tipPosition":[65.037,254.957,41.9712],"tipVelocity":[-140.679,67.1835,-171.215],"tool":false,"touchDistance":0.333333,"touchZone":"none","type":1,"width":17.6378},{"bases":[[[0.40707,-0.761711,-0.504074],[0.899047,0.431576,0.0738755],[0.161275,-0.483259,0.860495]],[[0.40625,-0.759259,-0.508416],[0.117938,0.595313,-0.794791],[0.906119,0.262922,0.331391]],[[0.40625,-0.759259,-0.508416],[-0.899479,-0.23429,-0.368844],[0.160931,0.607152,-0.778118]],[[0.40625,-0.759259,-0.508416],[-0.781417,-0.577081,0.237411],[-0.473654,0.300837,-0.827737]]],"btipPosition":[78.8948,240.695,53.3756],"carpPosition":[126.02,241.969,89.781],"dipPosition":[70.633,245.942,38.9376],"direction":[-0.160931,-0.607152,0.778118],"extended":false,"handId":181,"id":1812,"length":62.1955,"mcpPosition":[115.42,273.731,33.2257],"pipPosition":[74.8807,261.968,18.3994],"stabilizedTipPosition":[80.2189,232.038,60.1913],"timeVisible":0.138839,"tipPosition":[74.0693,241.872,46.9976],"tipVelocity":[-110.392,80.0868,-167.215],"tool":false,"touchDistance":0.333333,"touchZone":"none","type":2,"width":17.3227},{"bases":[[[0.357426,-0.854876,-0.376076],[0.930515,0.360427,0.0650659],[0.0799248,-0.373201,0.924301]],[[0.356994,-0.852872,-0.381005],[0.187785,0.465081,-0.865122],[0.915037,0.237297,0.326188]],[[0.356994,-0.852872,-0.381005],[-0.906871,-0.218669,-0.360235],[0.22392,0.474124,-0.851508]],[[0.356994,-0.852872,-0.381005],[-0.830352,-0.476574,0.288777],[-0.427867,0.213276,-0.878318]]],"btipPosition":[90.3439,230.228,52.4308],"carpPosition":[131.346,233.937,83.3736],"dipPosition":[82.9236,233.927,37.1986],"direction":[-0.22392,-0.474124,0.851508],"extended":false,"handId":181,"id":1813,"length":59.8026,"mcpPosition":[126.629,255.959,28.8312],"pipPosition":[88.6813,246.118,15.3037],"stabilizedTipPosition":[91.6688,222.065,57.0684],"timeVisible":0.138839,"tipPosition":[86.6042,230.525,46.1063],"tipVelocity":[-93.2286,103.179,-170.141],"tool":false,"touchDistance":0.333333,"touchZone":"none","type":3,"width":16.4836},{"bases":[[[0.20558,-0.940047,-0.272117],[0.978161,0.188678,0.0871828],[-0.0306134,-0.284098,0.958306]],[[0.205022,-0.9448,-0.255574],[0.318124,0.31127,-0.895493],[0.925615,0.102292,0.364381]],[[0.205022,-0.9448,-0.255574],[-0.905276,-0.0837852,-0.416479],[0.372077,0.316753,-0.872483]],[[0.205022,-0.9448,-0.255574],[-0.922969,-0.273527,0.27076],[-0.32572,0.180375,-0.928101]]],"btipPosition":[101.236,225.126,44.5042],"carpPosition":[131.486,221.601,78.1218],"dipPosition":[96.0244,228.012,29.6553],"direction":[-0.372077,-0.316753,0.872483],"extended":false,"handId":181,"id":1814,"length":46.8842,"mcpPosition":[133.158,237.12,25.775],"pipPosition":[102.779,233.763,13.8158],"stabilizedTipPosition":[102.702,216.973,48.3711],"timeVisible":0.138839,"tipPosition":[98.6932,224.889,38.8749],"tipVelocity":[-78.372,122.131,-171.08],"tool":false,"touchDistance":0.333333,"touchZone":"none","type":4,"width":14.642}],"r":[[0.996455,0.0347646,0.0766058],[-0.0343503,0.999387,-0.00671926],[-0.0767924,0.00406401,0.997039]],"s":0.968045,"t":[-7.32187,15.8532,-10.3922],"timestamp":258490460491},{"currentFrameRate":29.9341,"devices":[],"gestures":[],"hands":[{"armBasis":[[0.423279,-0.430396,-0.797242],[0.825236,0.546333,0.1432],[0.373927,-0.718526,0.58643]],"armWidth":58.6901,"confidence":0.676267,"direction":[-0.0365834,0.527302,-0.84889],"elbow":[220.327,33.7651,251.842],"grabAngle":3.14159,"grabStrength":1,"id":181,"palmNormal":[-0.838048,-0.478916,-0.261371],"palmPosition":[111.742,259.475,46.7152],"palmVelocity":[-131.471,135.874,-233.554],"palmWidth":85.7161,"pinchDistance":33.2288,"pinchStrength":0.418707,"r":[[0.995078,0.0493233,0.085945],[-0.0484971,0.998755,-0.0116757],[-0.0864139,0.00745016,0.996231]],"s":0.9602,"sphereCenter":[77.5593,250.555,24.5098],"sphereRadius":36.9542,"stabilizedPalmPosition":[118.505,248.834,57.2022],"t":[-9.58936,18.8303,-14.0889],"timeVisible":0.156074,"type":"right","wrist":[125.218,216.522,102.683]}],"id":122463,"interactionBox":{"center":[0,200,0],"size":[235.247,235.247,147.751]},"pointables":[{"bases":[[[0.961487,0.248828,-0.11674],[-0.0490407,0.573234,0.817923],[0.270441,-0.780697,0.56336]],[[0.849102,0.455148,-0.268077],[-0.0268279,0.544005,0.838653],[0.527547,-0.70491,0.474127]],[[0.849102,0.455148,-0.268077],[-0.184542,0.731126,0.65681],[0.494944,-0.508227,0.704795]],[[0.849102,0.455148,-0.268077],[-0.282617,0.820197,0.497398],[0.446265,-0.346579,0.825064]]],"btipPosition":[47.7289,298.597,37.5548],"carpPosition":[97.8945,241.836,100.078],"dipPosition":[57.4233,291.068,55.4778],"direction":[-0.494944,0.508227,-0.704795],"extended":true,"handId":181,"id":1810,"length":48.3745,"mcpPosition":[97.8945,241.836,100.078],"pipPosition":[73.087,274.984,77.7829],"stabilizedTipPosition":[61.7786,287.225,59.4456],"timeVisible":0.156074,"tipPosition":[49.7865,297.21,40.5965],"tipVelocity":[-155.692,35.3474,-268.49],"tool":false,"touchDistance":1,"touchZone":"none","type":0,"width":18.465},{"bases":[[[0.530498,-0.60335,-0.595433],[0.809868,0.568208,0.145785],[0.250371,-0.559561,0.790067]],[[0.531305,-0.605157,-0.592874],[0.113674,0.744416,-0.657969],[0.839519,0.282188,0.464303]],[[0.531305,-0.605157,-0.592874],[-0.815959,-0.177299,-0.550251],[0.227872,0.776112,-0.587983]],[[0.531305,-0.605157,-0.592874],[-0.780933,-0.621136,-0.0658309],[-0.328417,0.497971,-0.8026]]],"btipPosition":[66.3645,252.859,45.4936],"carpPosition":[117.099,250.641,92.8452],"dipPosition":[61.1561,260.756,32.7653],"direction":[-0.227872,-0.776112,0.587983],"extended":false,"handId":181,"id":1811,"length":54.5852,"mcpPosition":[99.7466,289.421,38.0892],"pipPosition":[66.2685,278.168,19.5739],"stabilizedTipPosition":[69.9623,245.834,54.7047],"timeVisible":0.156074,"tipPosition":[62.8147,256.412,38.5883],"tipVelocity":[-152.382,101.496,-225.818],"tool":false,"touchDistance":0.333333,"touchZone":"none","type":1,"width":17.6378},{"bases":[[[0.413559,-0.761368,-0.499288],[0.893196,0.445602,0.0603314],[0.176549,-0.470913,0.864333]],[[0.412966,-0.759788,-0.502176],[0.11047,0.589107,-0.800468],[0.904022,0.275091,0.327216]],[[0.412966,-0.759788,-0.502176],[-0.897506,-0.245829,-0.36613],[0.154732,0.601906,-0.783433]],[[0.412966,-0.759788,-0.502176],[-0.777126,-0.58149,0.240717],[-0.474905,0.290846,-0.830587]]],"btipPosition":[76.4962,242.622,49.5272],"carpPosition":[124.346,244.939,85.808],"dipPosition":[68.2125,247.695,35.0394],"direction":[-0.154732,-0.601906,0.783433],"extended":false,"handId":181,"id":1812,"length":62.1955,"mcpPosition":[112.742,275.889,29.0005],"pipPosition":[72.2966,263.582,14.3609],"stabilizedTipPosition":[79.8353,232.838,59.2373],"timeVisible":0.156074,"tipPosition":[72.0886,243.591,43.62],"tipVelocity":[-139.465,109.474,-223.956],"tool":false,"touchDistance":0.333333,"touchZone":"none","type":2,"width":17.3227},{"bases":[[[0.366515,-0.853778,-0.36977],[0.925633,0.374828,0.0520277],[0.09418,-0.36134,0.927666]],[[0.366517,-0.853788,-0.369744],[0.18412,0.456097,-0.870675],[0.912011,0.251041,0.324367]],[[0.366517,-0.853788,-0.369744],[-0.90341,-0.231528,-0.360896],[0.222522,0.466305,-0.85618]],[[0.366517,-0.853788,-0.369744],[-0.827807,-0.480657,0.289318],[-0.424736,0.200036,-0.882941]]],"btipPosition":[87.9937,232.365,48.5758],"carpPosition":[129.73,236.913,79.4413],"dipPosition":[80.6277,235.834,33.2633],"direction":[-0.222522,-0.466305,0.85618],"extended":false,"handId":181,"id":1813,"length":59.8026,"mcpPosition":[124.172,258.235,24.7004],"pipPosition":[86.3494,247.824,11.2484],"stabilizedTipPosition":[91.1637,223.109,55.938],"timeVisible":0.156074,"tipPosition":[84.7567,232.443,42.7409],"tipVelocity":[-135.636,120.932,-224.745],"tool":false,"touchDistance":0.333333,"touchZone":"none","type":3,"width":16.4836},{"bases":[[[0.216938,-0.939979,-0.263397],[0.976031,0.204065,0.0756329],[-0.0173431,-0.273491,0.961718]],[[0.216361,-0.947338,-0.236092],[0.320046,0.297278,-0.899553],[0.922366,0.119068,0.367511]],[[0.216361,-0.947338,-0.236092],[-0.900253,-0.100008,-0.423725],[0.377799,0.30422,-0.874482]],[[0.216361,-0.947338,-0.236092],[-0.923728,-0.276924,0.264649],[-0.316091,0.160825,-0.934998]]],"btipPosition":[98.877,227.457,40.5686],"carpPosition":[130.004,224.522,74.3286],"dipPosition":[93.8198,230.03,25.6094],"direction":[-0.377799,-0.30422,0.874482],"extended":false,"handId":181,"id":1814,"length":46.8842,"mcpPosition":[130.951,239.461,21.7955],"pipPosition":[100.679,235.553,9.73357],"stabilizedTipPosition":[102.135,218.232,47.0933],"timeVisible":0.156074,"tipPosition":[96.8348,226.924,35.4378],"tipVelocity":[-134.798,131.046,-229.823],"tool":false,"touchDistance":0.333333,"touchZone":"none","type":4,"width":14.642}],"r":[[0.995078,0.0493233,0.085945],[-0.0484971,0.998755,-0.0116757],[-0.0864139,0.00745016,0.996231]],"s":0.9602,"t":[-9.58936,18.8303,-14.0889],"timestamp":258490477726},{"currentFrameRate":32.4391,"devices":[],"gestures":[],"hands":[{"armBasis":[[0.436486,-0.423414,-0.793852],[0.81799,0.554187,0.154173],[0.374663,-0.716657,0.588243]],"armWidth":58.6901,"confidence":0.719466,"direction":[-0.0524952,0.523662,-0.850307],"elbow":[219.301,36.6446,247.711],"grabAngle":3.14159,"grabStrength":1,"id":181,"palmNormal":[-0.829706,-0.496715,-0.254679],"palmPosition"