{"frames":357,"data":[{"currentFrameRate":24.813,"devices":[],"gestures":[],"hands":[],"id":123405,"interactionBox":{"center":[0,200,0],"size":[235.247,235.247,147.751]},"pointables":[],"r":[[-0.962136,-0.269906,0.0380192],[0.215739,-0.839331,-0.498979],[0.166588,-0.471883,0.86578]],"s":0.686793,"t":[505.899,-233.461,348.339],"timestamp":258520881371},{"currentFrameRate":24.8045,"devices":[],"gestures":[],"hands":[],"id":123406,"interactionBox":{"center":[0,200,0],"size":[235.247,235.247,147.751]},"pointables":[],"r":[[-0.962136,-0.269906,0.0380192],[0.215739,-0.839331,-0.498979],[0.166588,-0.471883,0.86578]],"s":0.686793,"t":[505.899,-233.461,348.339],"timestamp":258520921748},{"currentFrameRate":24.802,"devices":[],"gestures":[],"hands":[],"id":123407,"interactionBox":{"center":[0,200,0],"size":[235.247,235.247,147.751]},"pointables":[],"r":[[-0.962136,-0.269906,0.0380192],[0.215739,-0.839331,-0.498979],[0.166588,-0.471883,0.86578]],"s":0.686793,"t":[505.899,-233.461,348.339],"timestamp":258520962086},{"currentFrameRate":24.7915,"devices":[],"gestures":[],"hands":[],"id":123408,"interactionBox":{"center":[0,200,0],"size":[235.247,235.247,147.751]},"pointables":[],"r":[[-0.962136,-0.269906,0.0380192],[0.215739,-0.839331,-0.498979],[0.166588,-0.471883,0.86578]],"s":0.686793,"t":[505.899,-233.461,348.339],"timestamp":258521002499},{"currentFrameRate":24.8285,"devices":[],"gestures":[],"hands":[],"id":123409,"interactionBox":{"center":[0,200,0],"size":[235.247,235.247,147.751]},"pointables":[],"r":[[-0.962136,-0.269906,0.0380192],[0.215739,-0.839331,-0.498979],[0.166588,-0.471883,0.86578]],"s":0.686793,"t":[505.899,-233.461,348.339],"timestamp":258521042506},{"currentFrameRate":24.7825,"devices":[],"gestures":[],"hands":[],"id":123410,"interactionBox":{"center":[0,200,0],"size":[235.247,235.247,147.751]},"pointables":[],"r":[[-0.962136,-0.269906,0.0380192],[0.215739,-0.839331,-0.498979],[0.166588,-0.471883,0.86578]],"s":0.686793,"t":[505.899,-233.461,348.339],"timestamp":258521083192},{"currentFrameRate":24.8236,"devices":[],"gestures":[],"hands":[],"id":123411,"interactionBox":{"center":[0,200,0],"size":[235.247,235.247,147.751]},"pointables":[],"r":[[-0.962136,-0.269906,0.0380192],[0.215739,-0.839331,-0.498979],[0.166588,-0.471883,0.86578]],"s":0.686793,"t":[505.899,-233.461,348.339],"timestamp":258521123177},{"currentFrameRate":24.8351,"devices":[],"gestures":[],"hands":[],"id":123412,"interactionBox":{"center":[0,200,0],"size":[235.247,235.247,147.751]},"pointables":[],"r":[[-0.962136,-0.269906,0.0380192],[0.215739,-0.839331,-0.498979],[0.166588,-0.471883,0.86578]],"s":0.686793,"t":[505.899,-233.461,348.339],"timestamp":258521163359},{"currentFrameRate":24.8126,"devices":[],"gestures":[],"hands":[],"id":123413,"interactionBox":{"center":[0,200,0],"size":[235.247,235.247,147.751]},"pointables":[],"r":[[-0.962136,-0.269906,0.0380192],[0.215739,-0.839331,-0.498979],[0.166588,-0.471883,0.86578]],"s":0.686793,"t":[505.899,-233.461,348.339],"timestamp":258521203825},{"currentFrameRate":24.8375,"devices":[],"gestures":[],"hands":[],"id":123414,"interactionBox":{"center":[0,200,0],"size":[235.247,235.247,147.751]},"pointables":[],"r":[[-0.962136,-0.269906,0.0380192],[0.215739,-0.839331,-0.498979],[0.166588,-0.471883,0.86578]],"s":0.686793,"t":[505.899,-233.461,348.339],"timestamp":258521243905},{"currentFrameRate":24.8224,"devices":[],"gestures":[],"hands":[],"id":123415,"interactionBox":{"center":[0,200,0],"size":[235.247,235.247,147.751]},"pointables":[],"r":[[-0.962136,-0.269906,0.0380192],[0.215739,-0.839331,-0.498979],[0.166588,-0.471883,0.86578]],"s":0.686793,"t":[505.899,-233.461,348.339],"timestamp":258521284301},{"currentFrameRate":24.7942,"devices":[],"gestures":[],"hands":[],"id":123416,"interactionBox":{"center":[0,200,0],"size":[235.247,235.247,147.751]},"pointables":[],"r":[[-0.962136,-0.269906,0.0380192],[0.215739,-0.839331,-0.498979],[0.166588,-0.471883,0.86578]],"s":0.686793,"t":[505.899,-233.461,348.339],"timestamp":258521324838},{"currentFrameRate":24.8292,"devices":[],"gestures":[],"hands":[],"id":123417,"interactionBox":{"center":[0,200,0],"size":[235.247,235.247,147.751]},"pointables":[],"r":[[-0.962136,-0.269906,0.0380192],[0.215739,-0.839331,-0.498979],[0.166588,-0.471883,0.86578]],"s":0.686793,"t":[505.899,-233.461,348.339],"timestamp":258521364859},{"currentFrameRate":24.8471,"devices":[],"gestures":[],"hands":[],"id":123418,"interactionBox":{"center":[0,200,0],"size":[235.247,235.247,147.751]},"pointables":[],"r":[[-0.962136,-0.269906,0.0380192],[0.215739,-0.839331,-0.498979],[0.166588,-0.471883,0.86578]],"s":0.686793,"t":[505.899,-233.461,348.339],"timestamp":258521404975},{"currentFrameRate":24.8365,"devices":[],"gestures":[],"hands":[],"id":123419,"interactionBox":{"center":[0,200,0],"size":[235.247,235.247,147.751]},"pointables":[],"r":[[-0.962136,-0.269906,0.0380192],[0.215739,-0.839331,-0.498979],[0.166588,-0.471883,0.86578]],"s":0.686793,"t":[505.899,-233.461,348.339],"timestamp":258521445315},{"currentFrameRate":24.8135,"devices":[],"gestures":[],"hands":[],"id":123420,"interactionBox":{"center":[0,200,0],"size":[235.247,235.247,147.751]},"pointables":[],"r":[[-0.962136,-0.269906,0.0380192],[0.215739,-0.839331,-0.498979],[0.166588,-0.471883,0.86578]],"s":0.686793,"t":[505.899,-233.461,348.339],"timestamp":258521485783},{"currentFrameRate":24.8327,"devices":[],"gestures":[],"hands":[],"id":123421,"interactionBox":{"center":[0,200,0],"size":[235.247,235.247,147.751]},"pointables":[],"r":[[-0.962136,-0.269906,0.0380192],[0.215739,-0.839331,-0.498979],[0.166588,-0.471883,0.86578]],"s":0.686793,"t":[505.899,-233.461,348.339],"timestamp":258521525913},{"currentFrameRate":24.8349,"devices":[],"gestures":[],"hands":[],"id":123422,"interactionBox":{"center":[0,200,0],"size":[235.247,235.247,147.751]},"pointables":[],"r":[[-0.962136,-0.269906,0.0380192],[0.215739,-0.839331,-0.498979],[0.166588,-0.471883,0.86578]],"s":0.686793,"t":[505.899,-233.461,348.339],"timestamp":258521566163},{"currentFrameRate":24.8441,"devices":[],"gestures":[],"hands":[],"id":123423,"interactionBox":{"center":[0,200,0],"size":[235.247,235.247,147.751]},"pointables":[],"r":[[-0.962136,-0.269906,0.0380192],[0.215739,-0.839331,-0.498979],[0.166588,-0.471883,0.86578]],"s":0.686793,"t":[505.899,-233.461,348.339],"timestamp":258521606347},{"currentFrameRate":24.8318,"devices":[],"gestures":[],"hands":[],"id":123424,"interactionBox":{"center":[0,200,0],"size":[235.247,235.247,147.751]},"pointables":[],"r":[[-0.962136,-0.269906,0.0380192],[0.215739,-0.839331,-0.498979],[0.166588,-0.471883,0.86578]],"s":0.686793,"t":[505.899,-233.461,348.339],"timestamp":258521646707},{"currentFrameRate":24.8328,"devices":[],"gestures":[],"hands":[],"id":123425,"interactionBox":{"center":[0,200,0],"size":[235.247,235.247,147.751]},"pointables":[],"r":[[-0.962136,-0.269906,0.0380192],[0.215739,-0.839331,-0.498979],[0.166588,-0.471883,0.86578]],"s":0.686793,"t":[505.899,-233.461,348.339],"timestamp":258521686969},{"currentFrameRate":24.8003,"devices":[],"gestures":[],"hands":[],"id":123426,"interactionBox":{"center":[0,200,0],"size":[235.247,235.247,147.751]},"pointables":[],"r":[[-0.962136,-0.269906,0.0380192],[0.215739,-0.839331,-0.498979],[0.166588,-0.471883,0.86578]],"s":0.686793,"t":[505.899,-233.461,348.339],"timestamp":258521727528},{"currentFrameRate":24.8346,"devices":[],"gestures":[],"hands":[],"id":123427,"interactionBox":{"center":[0,200,0],"size":[235.247,235.247,147.751]},"pointables":[],"r":[[-0.962136,-0.269906,0.0380192],[0.215739,-0.839331,-0.498979],[0.166588,-0.471883,0.86578]],"s":0.686793,"t":[505.899,-233.461,348.339],"timestamp":258521767545},{"currentFrameRate":24.8289,"devices":[],"gestures":[],"hands":[],"id":123428,"interactionBox":{"center":[0,200,0],"size":[235.247,235.247,147.751]},"pointables":[],"r":[[-0.962136,-0.269906,0.0380192],[0.215739,-0.839331,-0.498979],[0.166588,-0.471883,0.86578]],"s":0.686793,"t":[505.899,-233.461,348.339],"timestamp":258521807862},{"currentFrameRate":24.8292,"devices":[],"gestures":[],"hands":[],"id":123429,"interactionBox":{"center":[0,200,0],"size":[235.247,235.247,147.751]},"pointables":[],"r":[[-0.962136,-0.269906,0.0380192],[0.215739,-0.839331,-0.498979],[0.166588,-0.471883,0.86578]],"s":0.686793,"t":[505.899,-233.461,348.339],"timestamp":258521848135},{"currentFrameRate":24.7984,"devices":[],"gestures":[],"hands":[],"id":123430,"interactionBox":{"center":[0,200,0],"size":[235.247,235.247,147.751]},"pointables":[],"r":[[-0.962136,-0.269906,0.0380192],[0.215739,-0.839331,-0.498979],[0.166588,-0.471883,0.86578]],"s":0.686793,"t":[505.899,-233.461,348.339],"timestamp":258521888684},{"currentFrameRate":24.8297,"devices":[],"gestures":[],"hands":[{"armBasis":[[-0.540688,-0.826616,0.156084],[0.263201,-0.342461,-0.901912],[0.798988,-0.446571,0.40273]],"armWidth":60.0267,"confidence":0,"direction":[-0.324669,0.807974,-0.491699],"elbow":[324.294,45.1812,181.884],"grabAngle":2.17799,"grabStrength":1,"id":182,"palmNormal":[-0.290564,0.409519,0.864793],"palmPosition":[97.8461,217.964,49.1434],"palmVelocity":[1.19209e-7,1.19209e-7,1.19209e-7],"palmWidth":85.7161,"pinchDistance":35.797,"pinchStrength":0.823709,"r":[[1,0,-5.55112e-18],[0,1,0],[5.55112e-18,0,1]],"s":1,"sphereCenter":[71.1787,247.037,72.6352],"sphereRadius":40.2103,"stabilizedPalmPosition":[97.8461,217.964,49.1434],"t":[0,0,0],"timeVisible":0,"type":"right","wrist":[121.071,158.767,79.4496]}],"id":123431,"interactionBox":{"center":[0,200,0],"size":[235.247,235.247,147.751]},"pointables":[{"bases":[[[-0.165659,-0.379095,-0.910409],[0.981038,-0.157522,-0.112919],[-0.100602,-0.911852,0.398002]],[[-0.143733,-0.200471,-0.969099],[0.916456,0.34256,-0.206789],[0.37343,-0.917858,0.134485]],[[-0.143733,-0.200471,-0.969099],[0.98588,0.0560148,-0.15781],[0.08592,-0.978097,0.189589]],[[-0.143733,-0.200471,-0.969099],[0.966662,0.18125,-0.180866],[0.211907,-0.962788,0.167736]]],"btipPosition":[106.352,280.897,66.9117],"carpPosition":[131.344,185.092,83.0234],"dipPosition":[111.024,259.67,70.6098],"direction":[-0.08592,0.978097,-0.189589],"extended":true,"handId":182,"id":1820,"length":49.0956,"mcpPosition":[131.344,185.092,83.0234],"pipPosition":[113.784,228.254,76.6993],"stabilizedTipPosition":[107.427,276.014,67.7623],"timeVisible":0,"tipPosition":[107.427,276.014,67.7623],"tipVelocity":[1.19209e-7,1.19209e-7,1.19209e-7],"tool":false,"touchDistance":1,"touchZone":"none","type":0,"width":19.0763},{"bases":[[[-0.816102,-0.468915,0.337781],[-0.0487341,-0.526566,-0.848736],[0.575849,-0.709117,0.40688]],[[-0.930676,-0.284531,0.229965],[-0.209215,-0.101728,-0.972564],[0.300118,-0.953254,0.0351476]],[[-0.930676,-0.284531,0.229965],[-0.300285,0.953173,-0.0359221],[-0.208976,-0.102487,-0.972536]],[[-0.930676,-0.284531,0.229965],[-0.224384,0.940419,0.255469],[-0.288953,0.186159,-0.939069]]],"btipPosition":[60.8177,241.348,72.613],"carpPosition":[93.7275,171.995,62.8418],"dipPosition":[56.1257,244.371,57.3646],"direction":[0.208976,0.102487,0.972536],"extended":false,"handId":182,"id":1824,"length":47.5831,"mcpPosition":[62.2722,210.73,40.6162],"pipPosition":[52.2753,242.483,39.4455],"stabilizedTipPosition":[59.7385,242.044,69.1058],"timeVisible":0,"tipPosition":[59.7385,242.044,69.1058],"tipVelocity":[1.19209e-7,1.19209e-7,1.19209e-7],"tool":false,"touchDistance":0.333333,"touchZone":"none","type":4,"width":15.1267},{"bases":[[[-0.941825,-0.281967,-0.182922],[0.26229,-0.276283,-0.924593],[0.210167,-0.918783,0.334167]],[[-0.764743,-0.643867,-0.0245456],[0.217,-0.221496,-0.950711],[0.606695,-0.732376,0.309107]],[[-0.764743,-0.643867,-0.0245456],[-0.512768,0.631217,-0.581923],[0.390175,-0.432436,-0.812873]],[[-0.764743,-0.643867,-0.0245456],[-0.607993,0.733699,-0.303363],[0.213335,-0.217072,-0.952559]]],"btipPosition":[75.147,289.133,59.5344],"carpPosition":[126.585,182.475,61.3639],"dipPosition":[78.5807,285.639,44.2027],"direction":[-0.390175,0.432436,0.812873],"extended":false,"handId":182,"id":1821,"length":55.3989,"mcpPosition":[112.019,246.151,38.2043],"pipPosition":[87.4648,275.792,25.694],"stabilizedTipPosition":[75.9368,288.329,56.0081],"timeVisible":0,"tipPosition":[75.9368,288.329,56.0081],"tipVelocity":[1.19209e-7,1.19209e-7,1.19209e-7],"tool":false,"touchDistance":0.333333,"touchZone":"none","type":1,"width":18.2217},{"bases":[[[-0.935593,-0.352247,0.0242259],[0.103837,-0.34008,-0.934646],[0.337465,-0.871933,0.354753]],[[-0.913674,-0.403898,0.0454547],[-0.10982,0.137647,-0.984374],[0.39133,-0.904389,-0.17012]],[[-0.913674,-0.403898,0.0454547],[-0.391417,0.904499,0.169336],[-0.109508,0.136926,-0.98451]],[[-0.913674,-0.403898,0.0454547],[-0.333128,0.80823,0.485582],[-0.232863,0.428521,-0.873009]]],"btipPosition":[83.1887,266.424,83.8334],"carpPosition":[116.081,179.306,57.5967],"dipPosition":[79.0664,274.01,68.3787],"direction":[0.109508,-0.136926,0.98451],"extended":false,"handId":182,"id":1822,"length":63.1227,"mcpPosition":[93.9018,236.613,34.2809],"pipPosition":[76.1329,277.678,42.0055],"stabilizedTipPosition":[82.2406,268.169,80.2788],"timeVisible":0,"tipPosition":[82.2406,268.169,80.2788],"tipVelocity":[1.19209e-7,1.19209e-7,1.19209e-7],"tool":false,"touchDistance":0.333333,"touchZone":"none","type":2,"width":17.8961},{"bases":[[[-0.880883,-0.450074,0.146555],[0.0474329,-0.391999,-0.918742],[0.470952,-0.802352,0.366654]],[[-0.907538,-0.401152,0.124305],[-0.131981,-0.00856316,-0.991215],[0.398693,-0.915971,-0.0451732]],[[-0.907538,-0.401152,0.124305],[-0.398798,0.915964,0.0443838],[-0.131664,-0.00929257,-0.991251]],[[-0.907538,-0.401152,0.124305],[-0.349325,0.885354,0.306791],[-0.233124,0.235002,-0.943625]]],"btipPosition":[68.1019,257.641,79.551],"carpPosition":[105.134,175.635,56.8088],"dipPosition":[63.9987,261.777,62.9422],"direction":[0.131664,0.00929257,0.991251],"extended":false,"handId":182,"id":1823,"length":60.6941,"mcpPosition":[77.3437,222.981,35.1728],"pipPosition":[60.5628,261.534,37.0742],"stabilizedTipPosition":[67.1582,258.592,75.731],"timeVisible":0,"tipPosition":[67.1582,258.592,75.731],"tipVelocity":[1.19209e-7,1.19209e-7,1.19209e-7],"tool":false,"touchDistance":0.333333,"touchZone":"none","type":3,"width":17.0293}],"r":[[1,0,-5.55112e-18],[0,1,0],[5.55112e-18,0,1]],"s":1,"t":[0,0,0],"timestamp":258521928731},{"currentFrameRate":24.8378,"devices":[],"gestures":[],"hands":[{"armBasis":[[0.432784,-0.69163,-0.578227],[0.678813,0.672085,-0.295827],[0.593221,-0.264479,0.760355]],"armWidth":58.6901,"confidence":0.208675,"direction":[-0.145344,0.64925,-0.746559],"elbow":[287.618,101.309,282.262],"grabAngle":3.14159,"grabStrength":1,"id":182,"palmNormal":[-0.916234,-0.373069,-0.146065],"palmPosition":[115.064,214.578,38.9072],"palmVelocity":[428.283,-84.2091,-254.62],"palmWidth":85.7161,"pinchDistance":22.8204,"pinchStrength":0.617029,"r":[[0.969832,0.1205,0.211911],[-0.106688,0.991423,-0.0754895],[-0.219189,0.0506037,0.974369]],"s":1.01938,"sphereCenter":[79.4786,207.014,20.1768],"sphereRadius":36.1694,"stabilizedPalmPosition":[110.147,215.545,41.8304],"t":[8.60892,-1.69269,-5.11811],"timeVisible":0.040202,"type":"right","wrist":[136.732,168.58,88.8651]}],"id":123432,"interactionBox":{"center":[0,200,0],"size":[235.247,235.247,147.751]},"pointables":[{"bases":[[[0.941378,0.193667,-0.276225],[0.166005,0.446874,0.87906],[0.293682,-0.873382,0.388528]],[[0.861231,0.368512,-0.349973],[0.134106,0.499436,0.855909],[0.490201,-0.784068,0.380709]],[[0.861231,0.368512,-0.349973],[-0.017543,0.709778,0.704207],[0.507912,-0.600345,0.617747]],[[0.861231,0.368512,-0.349973],[-0.203367,0.880989,0.427201],[0.465751,-0.296746,0.833678]]],"btipPosition":[60.7443,252.537,35.6073],"carpPosition":[109.988,190.221,91.1703],"dipPosition":[70.862,246.091,53.7175],"direction":[-0.507912,0.600345,-0.617747],"extended":true,"handId":182,"id":1820,"length":48.3745,"mcpPosition":[109.988,190.221,91.1703],"pipPosition":[86.9361,227.091,73.2677],"stabilizedTipPosition":[68.4865,254.102,43.1898],"timeVisible":0.040202,"tipPosition":[63.0005,248.653,34.8403],"tipVelocity":[-1103.31,-620.866,-696.225],"tool":false,"touchDistance":1,"touchZone":"none","type":0,"width":18.465},{"bases":[[[0.343647,-0.544373,-0.765222],[0.875544,0.480392,0.0514428],[0.339603,-0.687663,0.641708]],[[0.413682,-0.690407,-0.593469],[0.0978419,0.6818,-0.724966],[0.905149,0.241839,0.349599]],[[0.413682,-0.690407,-0.593469],[-0.885912,-0.155027,-0.437181],[0.209829,0.706615,-0.675772]],[[0.413682,-0.690407,-0.593469],[-0.823253,-0.562015,0.0799623],[-0.388745,0.455496,-0.800875]]],"btipPosition":[70.062,213.54,50.8505],"carpPosition":[128.236,198.602,81.4037],"dipPosition":[63.897,220.764,38.1495],"direction":[-0.209829,-0.706615,0.675772],"extended":false,"handId":182,"id":1821,"length":54.5852,"mcpPosition":[104.7,246.261,36.9298],"pipPosition":[68.6045,236.617,22.9886],"stabilizedTipPosition":[68.8967,217.734,48.2091],"timeVisible":0.040202,"tipPosition":[68.4021,217.008,44.7771],"tipVelocity":[-181.401,-1819,-200.956],"tool":false,"touchDistance":0.333333,"touchZone":"none","type":1,"width":17.6378},{"bases":[[[0.232041,-0.70614,-0.668972],[0.92828,0.36623,-0.0645915],[0.290608,-0.606005,0.740476]],[[0.24905,-0.741208,-0.623366],[-0.0312586,0.63716,-0.770097],[0.967986,0.211278,0.135516]],[[0.24905,-0.741208,-0.623366],[-0.967667,-0.163903,-0.191719],[0.039932,0.650959,-0.758062]],[[0.24905,-0.741208,-0.623366],[-0.716886,-0.573859,0.395929],[-0.65119,0.348277,-0.674281]]],"btipPosition":[81.2922,200.627,49.3894],"carpPosition":[133.395,193.507,72.3493],"dipPosition":[69.9336,206.702,37.628],"direction":[-0.039932,-0.650959,0.758062],"extended":false,"handId":182,"id":1822,"length":62.1955,"mcpPosition":[114.295,233.336,23.6821],"pipPosition":[70.9876,223.884,17.6192],"stabilizedTipPosition":[79.0627,209.139,50.2977],"timeVisible":0.040202,"tipPosition":[76.3266,204.396,42.9239],"tipVelocity":[-88.5744,-1645.32,-835.644],"tool":false,"touchDistance":0.333333,"touchZone":"none","type":2,"width":17.3227},{"bases":[[[0.201635,-0.813207,-0.545928],[0.951277,0.295339,-0.0885838],[0.233271,-0.501467,0.833136]],[[0.187285,-0.781674,-0.594904],[0.00214786,0.605944,-0.795504],[0.982303,0.147708,0.115163]],[[0.187285,-0.781674,-0.594904],[-0.979837,-0.105751,-0.169516],[0.0695942,0.614657,-0.785719]],[[0.187285,-0.781674,-0.594904],[-0.789536,-0.480104,0.382274],[-0.584429,0.398104,-0.707076]]],"btipPosition":[90.4731,186.911,42.5451],"carpPosition":[136.63,186.154,64.0182],"dipPosition":[80.3376,193.815,30.2826],"direction":[-0.0695942,-0.614657,0.785719],"extended":false,"handId":182,"id":1823,"length":59.8026,"mcpPosition":[122.865,215.745,14.8554],"pipPosition":[82.1271,209.62,10.0794],"stabilizedTipPosition":[85.9862,195.7,43.4238],"timeVisible":0.040202,"tipPosition":[86.1703,190.798,36.0834],"tipVelocity":[521.957,-1743.53,-895.633],"tool":false,"touchDistance":0.333333,"touchZone":"none","type":3,"width":16.4836},{"bases":[[[0.0673098,-0.903326,-0.423641],[0.987905,0.119788,-0.0984612],[0.13969,-0.41189,0.900463]],[[0.076446,-0.928706,-0.362851],[0.0427203,0.366633,-0.929384],[0.996158,0.0555466,0.0677022]],[[0.076446,-0.928706,-0.362851],[-0.982586,-0.0083573,-0.185622],[0.169356,0.370722,-0.913172]],[[0.076446,-0.928706,-0.362851],[-0.831582,-0.26017,0.490697],[-0.550116,0.264229,-0.792184]]],"btipPosition":[100.081,184.395,35.212],"carpPosition":[134.679,174.677,57.3686],"dipPosition":[91.2793,188.622,22.5377],"direction":[-0.169356,-0.370723,0.913172],"extended":false,"handId":182,"id":1824,"length":46.8842,"mcpPosition":[127.048,197.176,8.18148],"pipPosition":[94.3538,195.353,5.95946],"stabilizedTipPosition":[93.5377,192.051,36.6376],"timeVisible":0.040202,"tipPosition":[96.0483,187.635,27.6878],"tipVelocity":[953.133,-1409.79,-915.6],"tool":false,"touchDistance":0.333333,"touchZone":"none","type":4,"width":14.642}],"r":[[0.969832,0.1205,0.211911],[-0.106688,0.991423,-0.0754895],[-0.219189,0.0506037,0.974369]],"s":1.01938,"t":[8.60892,-1.69269,-5.11811],"timestamp":258521968933},{"currentFrameRate":25.8773,"devices":[],"gestures":[],"hands":[{"armBasis":[[0.395535,-0.722784,-0.566688],[0.77822,0.591427,-0.211159],[0.487777,-0.357487,0.796415]],"armWidth":58.6901,"confidence":0.359476,"direction":[-0.0310943,0.576304,-0.816643],"elbow":[253.745,83.2082,292.461],"grabAngle":3.14159,"grabStrength":1,"id":182,"palmNormal":[-0.909648,-0.35491,-0.215824],"palmPosition":[115.963,217.115,34.3502],"palmVelocity":[28.7975,81.2261,-145.934],"palmWidth":85.7161,"pinchDistance":22.3157,"pinchStrength":0.634583,"r":[[0.896144,0.220341,0.385195],[-0.164344,0.971088,-0.173144],[-0.412209,0.0918571,0.906447]],"s":1.03425,"sphereCenter":[82.1836,210.933,13.7891],"sphereRadius":35.9761,"stabilizedPalmPosition":[112.017,216.05,39.4249],"t":[13.363,-1.27085,-9.95564],"timeVisible":0.071428,"type":"right","wrist":[129.678,174.135,89.8925]}],"id":123433,"interactionBox":{"center":[0,200,0],"size":[235.247,235.247,147.751]},"pointables":[{"bases":[[[0.974225,0.133673,-0.181706],[0.0855842,0.526256,0.846008],[0.208712,-0.839754,0.501251]],[[0.893491,0.335176,-0.298882],[0.0894659,0.519349,0.849866],[0.440079,-0.786088,0.434047]],[[0.893491,0.335176,-0.298882],[-0.112601,0.81149,0.573415],[0.434735,-0.478686,0.762801]],[[0.893491,0.335176,-0.298882],[-0.265575,0.931059,0.250198],[0.362137,-0.144174,0.920907]]],"btipPosition":[61.6232,253.504,23.1827],"carpPosition":[103.943,198.257,87.7393],"dipPosition":[69.49,250.372,43.1878],"direction":[-0.434735,0.478686,-0.762801],"extended":false,"handId":182,"id":1820,"length":48.3745,"mcpPosition":[103.943,198.257,87.7393],"pipPosition":[83.2484,235.223,67.3286],"stabilizedTipPosition":[66.6589,253.625,37.6186],"timeVisible":0.071428,"tipPosition":[65.6189,252.439,22.5644],"tipVelocity":[11.5678,55.3715,-383.937],"tool":false,"touchDistance":1,"touchZone":"none","type":0,"width":18.465},{"bases":[[[0.403114,-0.628934,-0.664787],[0.88472,0.453594,0.107347],[0.234029,-0.631423,0.73928]],[[0.43757,-0.728837,-0.526621],[0.151269,0.636985,-0.755889],[0.886369,0.251093,0.388976]],[[0.43757,-0.728837,-0.526621],[-0.850807,-0.146079,-0.504766],[0.290964,0.668923,-0.684019]],[[0.43757,-0.728837,-0.526621],[-0.85632,-0.516436,0.00322332],[-0.274315,0.449545,-0.850094]]],"btipPosition":[69.7888,216.622,41.4958],"carpPosition":[123.532,205.011,79.4159],"dipPosition":[65.4385,223.752,28.0143],"direction":[-0.290964,-0.668923,0.684019],"extended":false,"handId":182,"id":1821,"length":54.5852,"mcpPosition":[107.313,248.772,28.1798],"pipPosition":[71.9663,238.759,12.6683],"stabilizedTipPosition":[68.8395,218.013,43.0317],"timeVisible":0.071428,"tipPosition":[69.0548,221.254,34.9643],"tipVelocity":[4.6174,98.0168,-305.329],"tool":false,"touchDistance":0.333333,"touchZone":"none","type":1,"width":17.6378},{"bases":[[[0.274257,-0.776509,-0.56729],[0.945058,0.326762,0.00961576],[0.177902,-0.538759,0.823462]],[[0.281651,-0.798951,-0.531366],[0.061597,0.567698,-0.820929],[0.957538,0.198485,0.209106]],[[0.281651,-0.798951,-0.531366],[-0.951279,-0.160093,-0.263514],[0.125466,0.579696,-0.805115]],[[0.281651,-0.798951,-0.531366],[-0.787315,-0.508974,0.347966],[-0.548459,0.320348,-0.772379]]],"btipPosition":[81.1693,204.512,42.796],"carpPosition":[129.447,198.872,71.5495],"dipPosition":[71.6027,210.1,29.3236],"direction":[-0.125466,-0.579696,0.805115],"extended":false,"handId":182,"id":1822,"length":62.1955,"mcpPosition":[117.754,234.281,17.4282],"pipPosition":[74.9143,225.401,8.07283],"stabilizedTipPosition":[79.0149,207.433,44.8874],"timeVisible":0.071428,"tipPosition":[76.7869,208.46,35.1514],"tipVelocity":[9.26431,120.841,-223.751],"tool":false,"touchDistance":0.333333,"touchZone":"none","type":2,"width":17.3227},{"bases":[[[0.225419,-0.869736,-0.439027],[0.967427,0.253108,-0.00469381],[0.115204,-0.423668,0.898462]],[[0.222563,-0.859221,-0.460656],[0.0818316,0.487304,-0.869389],[0.971478,0.155798,0.178768]],[[0.222563,-0.859221,-0.460656],[-0.96452,-0.125233,-0.232417],[0.142009,0.49604,-0.856608]],[[0.222563,-0.859221,-0.460656],[-0.807994,-0.426969,0.406009],[-0.545537,0.281845,-0.789273]]],"btipPosition":[91.9918,191.519,39.6708],"carpPosition":[133.269,190.623,64.3882],"dipPosition":[82.5308,196.407,25.9829],"direction":[-0.142009,-0.49604,0.856608],"extended":false,"handId":182,"id":1823,"length":59.8026,"mcpPosition":[126.471,215.623,11.3706],"pipPosition":[86.1823,209.162,3.95685],"stabilizedTipPosition":[89.0351,193.267,37.9294],"timeVisible":0.071428,"tipPosition":[87.0788,193.902,31.4464],"tipVelocity":[53.606,132.742,-102.547],"tool":false,"touchDistance":0.333333,"touchZone":"none","type":3,"width":16.4836},{"bases":[[[0.0742716,-0.942711,-0.325238],[0.997062,0.0763201,0.00647415],[0.018719,-0.324764,0.94561]],[[0.0725429,-0.91382,-0.399588],[0.146377,0.40606,-0.902047],[0.986565,0.00694674,0.163219]],[[0.0725429,-0.91382,-0.399588],[-0.971367,0.0261472,-0.236142],[0.22624,0.405277,-0.885757]],[[0.0725429,-0.91382,-0.399588],[-0.862135,-0.258891,0.435544],[-0.501459,0.312903,-0.806617]]],"btipPosition":[102.084,183.761,30.6517],"carpPosition":[131.57,178.613,58.6761],"dipPosition":[94.0607,188.767,17.7464],"direction":[-0.22624,-0.405277,0.885757],"extended":false,"handId":182,"id":1824,"length":46.8842,"mcpPosition":[130.547,196.353,7.02287],"pipPosition":[98.1679,196.125,1.66595],"stabilizedTipPosition":[96.7145,188.667,32.3924],"timeVisible":0.071428,"tipPosition":[97.7926,188.816,24.4478],"tipVelocity":[69.8765,-14.5645,-147.742],"tool":false,"touchDistance":0.333333,"touchZone":"none","type":4,"width":14.642}],"r":[[0.896144,0.220341,0.385195],[-0.164344,0.971088,-0.173144],[-0.412209,0.0918571,0.906447]],"s":1.03425,"t":[13.363,-1.27085,-9.95564],"timestamp":258522000159},{"currentFrameRate":29.3826,"devices":[],"gestures":[],"hands":[{"armBasis":[[0.361819,-0.719691,-0.592564],[0.838643,0.528875,-0.130263],[0.407141,-0.449818,0.794921]],"armWidth":58.6901,"confidence":0.408247,"direction":[-0.021183,0.561916,-0.826923],"elbow":[232.089,58.0104,292.038],"grabAngle":3.14159,"grabStrength":1,"id":182,"palmNormal":[-0.918463,-0.337668,-0.205926],"palmPosition":[116.432,215.564,33.8571],"palmVelocity":[43.1245,-142.757,-45.395],"palmWidth":85.7161,"pinchDistance":25.1279,"pinchStrength":0.612843,"r":[[0.809496,0.302257,0.503345],[-0.190621,0.946164,-0.261606],[-0.555319,0.115821,0.823533]],"s":1.04075,"sphereCenter":[81.562,211.779,14.5036],"sphereRadius":35.895,"stabilizedPalmPosition":[112.706,215.974,38.5563],"t":[15.9742,-1.83524,-12.6209],"timeVisible":0.08229,"type":"right","wrist":[128.532,172.422,89.8499]}],"id":123434,"interactionBox":{"center":[0,200,0],"size":[235.247,235.247,147.751]},"pointables":[{"bases":[[[0.976287,0.107802,-0.187729],[0.101172,0.539443,0.835922],[0.191383,-0.835093,0.515745]],[[0.889401,0.327459,-0.318963],[0.118542,0.508669,0.852763],[0.441491,-0.796258,0.413592]],[[0.889401,0.327459,-0.318963],[-0.085469,0.804569,0.587677],[0.449068,-0.495418,0.743572]],[[0.889401,0.327459,-0.318963],[-0.251272,0.933092,0.257295],[0.381876,-0.148692,0.912174]]],"btipPosition":[60.9322,254.316,24.8297],"carpPosition":[104.201,197.964,87.6263],"dipPosition":[69.2278,251.086,44.6451],"direction":[-0.449068,0.495418,-0.743572],"extended":false,"handId":182,"id":1820,"length":48.3745,"mcpPosition":[104.201,197.964,87.6263],"pipPosition":[83.4397,235.407,68.1774],"stabilizedTipPosition":[66.1922,253.619,36.6126],"timeVisible":0.08229,"tipPosition":[66.1158,252.148,23.0627],"tipVelocity":[-54.5417,72.7224,147.619],"tool":false,"touchDistance":1,"touchZone":"none","type":0,"width":18.465},{"bases":[[[0.385775,-0.650069,-0.654666],[0.895367,0.434911,0.0957556],[0.222474,-0.623107,0.749829]],[[0.412078,-0.727612,-0.548428],[0.161142,0.650618,-0.742111],[0.896786,0.217434,0.385354]],[[0.412078,-0.727612,-0.548428],[-0.860268,-0.11237,-0.497305],[0.300218,0.676723,-0.672246]],[[0.412078,-0.727612,-0.548428],[-0.871495,-0.490387,-0.00421737],[-0.265873,0.47969,-0.836187]]],"btipPosition":[70.2064,215.835,40.1168],"carpPosition":[123.906,204.111,79.1083],"dipPosition":[65.9899,223.442,26.8558],"direction":[-0.300218,-0.676723,0.672246],"extended":false,"handId":182,"id":1821,"length":54.5852,"mcpPosition":[108.487,247.295,27.1411],"pipPosition":[72.7253,238.624,11.774],"stabilizedTipPosition":[68.914,217.932,41.9116],"timeVisible":0.08229,"tipPosition":[69.6083,220.589,34.7305],"tipVelocity":[41.2735,-62.3797,-122.287],"tool":false,"touchDistance":0.333333,"touchZone":"none","type":1,"width":17.6378},{"bases":[[[0.253957,-0.79283,-0.55401],[0.952364,0.304963,0.000137137],[0.168844,-0.527654,0.83251]],[[0.258948,-0.80843,-0.528571],[0.0820005,0.563661,-0.821926],[0.962404,0.169493,0.212251]],[[0.258948,-0.80843,-0.528571],[-0.954375,-0.129897,-0.268878],[0.148709,0.57408,-0.805182]],[[0.258948,-0.80843,-0.528571],[-0.811107,-0.479137,0.335459],[-0.524453,0.341861,-0.779795]]],"btipPosition":[80.7128,203.675,41.9758],"carpPosition":[129.645,197.694,71.3335],"dipPosition":[71.5649,209.638,28.374],"direction":[-0.148709,-0.57408,0.805182],"extended":false,"handId":182,"id":1822,"length":62.1955,"mcpPosition":[118.548,232.374,16.6175],"pipPosition":[75.4901,224.791,7.12148],"stabilizedTipPosition":[78.9296,206.932,43.6184],"timeVisible":0.08229,"tipPosition":[77.1606,207.669,35.1902],"tipVelocity":[-33.1603,-69.1347,-78.254],"tool":false,"touchDistance":0.333333,"touchZone":"none","type":2,"width":17.3227},{"bases":[[[0.203515,-0.882555,-0.423884],[0.972972,0.230563,-0.0129062],[0.109123,-0.409801,0.905625]],[[0.204561,-0.886478,-0.415105],[0.109114,0.44208,-0.890314],[0.972753,0.136829,0.18716]],[[0.204561,-0.886478,-0.415105],[-0.963621,-0.10785,-0.244546],[0.172015,0.450029,-0.87629]],[[0.204561,-0.886478,-0.415105],[-0.8282,-0.38279,0.409337],[-0.521766,0.260056,-0.812484]]],"btipPosition":[91.0915,191.656,39.7307],"carpPosition":[133.247,189.23,64.3102],"dipPosition":[82.0427,196.166,25.6401],"direction":[-0.172015,-0.450029,0.87629],"extended":false,"handId":182,"id":1823,"length":59.8026,"mcpPosition":[126.807,213.412,10.8699],"pipPosition":[86.4658,207.738,3.10805],"stabilizedTipPosition":[89.0229,192.985,37.2213],"timeVisible":0.08229,"tipPosition":[87.1568,192.955,31.8559],"tipVelocity":[-74.1617,4.59437,-3.01547],"tool":false,"touchDistance":0.333333,"touchZone":"none","type":3,"width":16.4836},{"bases":[[[0.0511973,-0.949936,-0.308221],[0.998574,0.0533701,0.00138236],[0.0151366,-0.307852,0.951314]],[[0.051016,-0.946257,-0.319368],[0.170602,0.323341,-0.930777],[0.984018,-0.00700017,0.177929]],[[0.051016,-0.946257,-0.319368],[-0.965267,0.035328,-0.258866],[0.256236,0.321481,-0.911588]],[[0.051016,-0.946257,-0.319368],[-0.876774,-0.195553,0.439347],[-0.478189,0.2576,-0.83963]]],"btipPosition":[101.124,184.249,31.0033],"carpPosition":[131.248,177.161,58.825],"dipPosition":[93.4731,188.37,17.5698],"direction":[-0.256236,-0.321481,0.911588],"extended":false,"handId":182,"id":1824,"length":46.8842,"mcpPosition":[130.421,193.977,6.8601],"pipPosition":[98.125,194.207,1.0204],"stabilizedTipPosition":[97.4059,187.761,31.2236],"timeVisible":0.08229,"tipPosition":[97.7548,187.282,24.8828],"tipVelocity":[-80.4813,26.1976,21.1829],"tool":false,"touchDistance":0.333333,"touchZone":"none","type":4,"width":14.642}],"r":[[0.809496,0.302257,0.503345],[-0.190621,0.946164,-0.261606],[-0.555319,0.115821,0.823533]],"s":1.04075,"t":[15.9742,-1.83524,-12.6209],"timestamp":258522011021},{"currentFrameRate":32.819,"devices":[],"gestures":[],"hands":[{"armBasis":[[0.347808,-0.690358,-0.634378],[0.866468,0.495142,-0.0637806],[0.358139,-0.527485,0.770387]],"armWidth":58.6901,"confidence":0.451532,"direction":[-0.0134697,0.562705,-0.826548],"elbow":[218.703,37.6747,284.864],"grabAngle":3.14159,"grabStrength":1,"id":182,"palmNormal":[-0.918993,-0.332723,-0.211538],"palmPosition":[116.515,215.812,33.2507],"palmVelocity":[8.24058,24.5804,-60.1426],"palmWidth":85.7161,"pinchDistance":27.1482,"pinchStrength":0.562928,"r":[[0.7236,0.368544,0.583591],[-0.199654,0.921131,-0.334151],[-0.660713,0.125276,0.740111]],"s":1.04917,"sphereCenter":[81.3589,212.705,13.8065],"sphereRadius":36.2517,"stabilizedPalmPosition":[113.103,215.957,38.0031],"t":[17.3214,-1.99352,-14.2568],"timeVisible":0.092373,"type":"right","wrist":[127.61,171.841,88.916]}],"id":123435,"interactionBox":{"center":[0,200,0],"size":[235.247,235.247,147.751]},"pointables":[{"bases":[[[0.977906,0.102887,-0.181973],[0.0991184,0.538216,0.836958],[0.184053,-0.836503,0.516127]],[[0.89027,0.327768,-0.316207],[0.12606,0.489829,0.862656],[0.437639,-0.807859,0.394762]],[[0.89027,0.327768,-0.316207],[-0.0727462,0.787728,0.611713],[0.449585,-0.521587,0.725134]],[[0.89027,0.327768,-0.316207],[-0.235704,0.92568,0.295907],[0.389695,-0.188906,0.901361]]],"btipPosition":[60.6073,256.831,25.8402],"carpPosition":[103.881,198.231,86.9329],"dipPosition":[69.0728,252.727,45.4207],"direction":[-0.449585,0.521587,-0.725134],"extended":true,"handId":182,"id":1820,"length":48.3745,"mcpPosition":[103.881,198.231,86.9329],"pipPosition":[83.301,236.22,68.3695],"stabilizedTipPosition":[65.6354,253.966,35.6531],"timeVisible":0.092373,"tipPosition":[65.8707,253.147,23.4128],"tipVelocity":[-28.346,229.428,94.859],"tool":false,"touchDistance":1,"touchZone":"none","type":0,"width":18.465},{"bases":[[[0.386189,-0.65152,-0.652977],[0.897041,0.430176,0.101319],[0.214884,-0.624876,0.75057]],[[0.404327,-0.706266,-0.581126],[0.155463,0.679202,-0.717297],[0.901305,0.199679,0.384418]],[[0.404327,-0.706266,-0.581126],[-0.866616,-0.0927096,-0.490287],[0.292397,0.701849,-0.649547]],[[0.404327,-0.706266,-0.581126],[-0.872724,-0.48801,-0.0141116],[-0.273629,0.512868,-0.813691]]],"btipPosition":[70.6115,215.747,38.6631],"carpPosition":[123.667,204.282,78.5345],"dipPosition":[66.2721,223.881,25.7589],"direction":[-0.292397,-0.701849,0.649547],"extended":false,"handId":182,"id":1821,"length":54.5852,"mcpPosition":[108.774,247.589,26.516],"pipPosition":[72.832,239.627,11.1863],"stabilizedTipPosition":[69.0029,217.892,41.1219],"timeVisible":0.092373,"tipPosition":[69.7091,220.917,33.943],"tipVelocity":[37.3766,3.31012,-136.039],"tool":false,"touchDistance":0.333333,"touchZone":"none","type":1,"width":17.6378},{"bases":[[[0.25305,-0.793678,-0.55321],[0.953917,0.300013,0.00592051],[0.161271,-0.529215,0.833021]],[[0.253107,-0.793865,-0.552916],[0.0882723,0.588092,-0.803962],[0.963403,0.154681,0.218926]],[[0.253107,-0.793865,-0.552916],[-0.954968,-0.113551,-0.27412],[0.15483,0.597399,-0.786856]],[[0.253107,-0.793865,-0.552916],[-0.819414,-0.479742,0.313702],[-0.514294,0.373667,-0.77193]]],"btipPosition":[80.5997,203.419,40.4768],"carpPosition":[129.417,197.843,70.7877],"dipPosition":[71.629,209.936,27.0123],"direction":[-0.15483,-0.597399,0.786856],"extended":false,"handId":182,"id":1822,"length":62.1955,"mcpPosition":[118.818,232.625,16.0381],"pipPosition":[75.7156,225.705,6.24342],"stabilizedTipPosition":[78.8761,206.658,42.7703],"timeVisible":0.092373,"tipPosition":[77.2684,207.947,34.5126],"tipVelocity":[-7.18251,-12.7969,-145.532],"tool":false,"touchDistance":0.333333,"touchZone":"none","type":2,"width":17.3227},{"bases":[[[0.201389,-0.883248,-0.423456],[0.974213,0.225518,-0.00706712],[0.101739,-0.411113,0.905889]],[[0.200967,-0.881543,-0.427194],[0.121157,0.45511,-0.882154],[0.972077,0.125526,0.198267]],[[0.200967,-0.881543,-0.427194],[-0.961984,-0.0952738,-0.255948],[0.184928,0.462391,-0.867177]],[[0.200967,-0.881543,-0.427194],[-0.837555,-0.380797,0.391785],[-0.508049,0.279062,-0.814868]]],"btipPosition":[90.7546,191.691,38.5293],"carpPosition":[133.016,189.366,63.778],"dipPosition":[81.9437,196.53,24.3974],"direction":[-0.184928,-0.462391,0.867177],"extended":false,"handId":182,"id":1823,"length":59.8026,"mcpPosition":[127.012,213.626,10.3222],"pipPosition":[86.6988,208.42,2.09968],"stabilizedTipPosition":[88.9244,192.924,36.5722],"timeVisible":0.092373,"tipPosition":[87.1923,193.337,31.212],"tipVelocity":[-27.9847,10.9236,-120.091],"tool":false,"touchDistance":0.333333,"touchZone":"none","type":3,"width":16.4836},{"bases":[[[0.0480555,-0.949933,-0.308736],[0.998812,0.0481826,0.00721716],[0.00801986,-0.308716,0.95112]],[[0.0476841,-0.936402,-0.347674],[0.187412,0.350276,-0.917706],[0.981123,-0.0213983,0.192196]],[[0.0476841,-0.936402,-0.347674],[-0.960175,0.0529618,-0.274334],[0.2753,0.346909,-0.896585]],[[0.0476841,-0.936402,-0.347674],[-0.887488,-0.19944,0.415439],[-0.458358,0.288746,-0.840556]]],"btipPosition":[100.683,183.96,29.734],"carpPosition":[130.986,177.312,58.271],"dipPosition":[93.3494,188.579,16.2858],"direction":[-0.2753,-0.346909,0.896585],"extended":false,"handId":182,"id":1824,"length":46.8842,"mcpPosition":[130.548,194.175,6.31667],"pipPosition":[98.3473,194.877,0.00871631],"stabilizedTipPosition":[97.6907,187.271,30.4028],"timeVisible":0.092373,"tipPosition":[97.8085,187.5,24.273],"tipVelocity":[-36.5052,-17.3434,-126.218],"tool":false,"touchDistance":0.333333,"touchZone":"none","type":4,"width":14.642}],"r":[[0.7236,0.368544,0.583591],[-0.199654,0.921131,-0.334151],[-0.660713,0.125276,0.740111]],"s":1.04917,"t":[17.3214,-1.99352,-14.2568],"timestamp":258522021104},{"currentFrameRate":36.0205,"devices":[],"gestures":[],"hands":[{"armBasis":[[0.35412,-0.654888,-0.667623],[0.86985,0.492824,-0.0220378],[0.343453,-0.572928,0.744173]],"armWidth":58.6901,"confidence":0.494322,"direction":[-0.0095421,0.565525,-0.824676],"elbow":[214.31,26.0415,277.366],"grabAngle":3.14159,"grabStrength":1,"id":182,"palmNormal":[-0.911377,-0.344272,-0.225541],"palmPosition":[116.158,216.272,32.7388],"palmVelocity":[-34.1216,43.9674,-48.9082],"palmWidth":85.7161,"pinchDistance":29.0315,"pinchStrength":0.51401,"r":[[0.642733,0.422931,0.638767],[-0.201216,0.897725,-0.391922],[-0.739193,0.123371,0.662098]],"s":1.05796,"sphereCenter":[80.9273,213.662,13.2279],"sphereRadius":36.4244,"stabilizedPalmPosition":[113.418,215.99,37.4601],"t":[17.8164,-1.84255,-15.3307],"timeVisible":0.10284,"type":"right","wrist":[126.952,171.766,88.0857]}],"id":123436,"interactionBox":{"center":[0,200,0],"size":[235.247,235.247,147.751]},"pointables":[{"bases":[[[0.978869,0.116707,-0.167911],[0.080162,0.536403,0.840147],[0.188119,-0.835854,0.515713]],[[0.891728,0.338043,-0.300912],[0.114846,0.474106,0.872946],[0.437758,-0.812988,0.383951]],[[0.891728,0.338043,-0.300912],[-0.0769714,0.768488,0.635218],[0.445978,-0.54328,0.711301]],[[0.891728,0.338043,-0.300912],[-0.233669,0.913313,0.333553],[0.387582,-0.227125,0.893417]]],"btipPosition":[59.896,258.682,26.203],"carpPosition":[103.015,198.324,86.1769],"dipPosition":[68.3155,253.748,45.6109],"direction":[-0.445978,0.54328,-0.711302],"extended":true,"handId":182,"id":1820,"length":48.3745,"mcpPosition":[103.015,198.324,86.1769],"pipPosition":[82.4296,236.555,68.1219],"stabilizedTipPosition":[64.8078,254.745,34.568],"timeVisible":0.10284,"tipPosition":[64.6949,253.595,23.4819],"tipVelocity":[-68.9706,158.639,30.8663],"tool":false,"touchDistance":1,"touchZone":"none","type":0,"width":18.465},{"bases":[[[0.404019,-0.643846,-0.649793],[0.88965,0.441829,0.115368],[0.212818,-0.624699,0.751305]],[[0.418831,-0.688848,-0.591667],[0.149504,0.694987,-0.703308],[0.895673,0.20611,0.394067]],[[0.418831,-0.688848,-0.591667],[-0.863853,-0.10142,-0.493429],[0.279891,0.717776,-0.637541]],[[0.418831,-0.688848,-0.591667],[-0.863795,-0.503191,-0.0256259],[-0.280069,0.521812,-0.805775]]],"btipPosition":[70.5279,215.369,37.3754],"carpPosition":[122.833,204.672,78.0775],"dipPosition":[66.0863,223.645,24.5967],"direction":[-0.279891,-0.717776,0.637541],"extended":false,"handId":182,"id":1821,"length":54.5852,"mcpPosition":[108.083,247.967,26.008],"pipPosition":[72.3657,239.748,10.2935],"stabilizedTipPosition":[69.0507,217.834,40.4869],"timeVisible":0.10284,"tipPosition":[69.2874,220.664,32.8321],"tipVelocity":[-10.2319,-32.9702,-120.265],"tool":false,"touchDistance":0.333333,"touchZone":"none","type":1,"width":17.6378},{"bases":[[[0.271434,-0.78815,-0.552397],[0.949603,0.312796,0.0203191],[0.156773,-0.530