{"frames":354,"data":[{"currentFrameRate":24.7886,"devices":[],"gestures":[],"hands":[],"id":124073,"interactionBox":{"center":[0,200,0],"size":[235.247,235.247,147.751]},"pointables":[],"r":[[-0.962136,-0.269906,0.0380192],[0.215739,-0.839331,-0.498979],[0.166588,-0.471883,0.86578]],"s":0.686793,"t":[505.899,-233.461,348.339],"timestamp":258539213848},{"currentFrameRate":24.7888,"devices":[],"gestures":[],"hands":[],"id":124074,"interactionBox":{"center":[0,200,0],"size":[235.247,235.247,147.751]},"pointables":[],"r":[[-0.962136,-0.269906,0.0380192],[0.215739,-0.839331,-0.498979],[0.166588,-0.471883,0.86578]],"s":0.686793,"t":[505.899,-233.461,348.339],"timestamp":258539254187},{"currentFrameRate":24.813,"devices":[],"gestures":[],"hands":[],"id":124075,"interactionBox":{"center":[0,200,0],"size":[235.247,235.247,147.751]},"pointables":[],"r":[[-0.962136,-0.269906,0.0380192],[0.215739,-0.839331,-0.498979],[0.166588,-0.471883,0.86578]],"s":0.686793,"t":[505.899,-233.461,348.339],"timestamp":258539294312},{"currentFrameRate":24.8385,"devices":[],"gestures":[],"hands":[],"id":124076,"interactionBox":{"center":[0,200,0],"size":[235.247,235.247,147.751]},"pointables":[],"r":[[-0.962136,-0.269906,0.0380192],[0.215739,-0.839331,-0.498979],[0.166588,-0.471883,0.86578]],"s":0.686793,"t":[505.899,-233.461,348.339],"timestamp":258539334387},{"currentFrameRate":24.8098,"devices":[],"gestures":[],"hands":[],"id":124077,"interactionBox":{"center":[0,200,0],"size":[235.247,235.247,147.751]},"pointables":[],"r":[[-0.962136,-0.269906,0.0380192],[0.215739,-0.839331,-0.498979],[0.166588,-0.471883,0.86578]],"s":0.686793,"t":[505.899,-233.461,348.339],"timestamp":258539374902},{"currentFrameRate":24.834,"devices":[],"gestures":[],"hands":[],"id":124078,"interactionBox":{"center":[0,200,0],"size":[235.247,235.247,147.751]},"pointables":[],"r":[[-0.962136,-0.269906,0.0380192],[0.215739,-0.839331,-0.498979],[0.166588,-0.471883,0.86578]],"s":0.686793,"t":[505.899,-233.461,348.339],"timestamp":258539414994},{"currentFrameRate":24.8118,"devices":[],"gestures":[],"hands":[],"id":124079,"interactionBox":{"center":[0,200,0],"size":[235.247,235.247,147.751]},"pointables":[],"r":[[-0.962136,-0.269906,0.0380192],[0.215739,-0.839331,-0.498979],[0.166588,-0.471883,0.86578]],"s":0.686793,"t":[505.899,-233.461,348.339],"timestamp":258539455459},{"currentFrameRate":24.8262,"devices":[],"gestures":[],"hands":[],"id":124080,"interactionBox":{"center":[0,200,0],"size":[235.247,235.247,147.751]},"pointables":[],"r":[[-0.962136,-0.269906,0.0380192],[0.215739,-0.839331,-0.498979],[0.166588,-0.471883,0.86578]],"s":0.686793,"t":[505.899,-233.461,348.339],"timestamp":258539495634},{"currentFrameRate":24.8311,"devices":[],"gestures":[],"hands":[],"id":124081,"interactionBox":{"center":[0,200,0],"size":[235.247,235.247,147.751]},"pointables":[],"r":[[-0.962136,-0.269906,0.0380192],[0.215739,-0.839331,-0.498979],[0.166588,-0.471883,0.86578]],"s":0.686793,"t":[505.899,-233.461,348.339],"timestamp":258539535870},{"currentFrameRate":24.8335,"devices":[],"gestures":[],"hands":[],"id":124082,"interactionBox":{"center":[0,200,0],"size":[235.247,235.247,147.751]},"pointables":[],"r":[[-0.962136,-0.269906,0.0380192],[0.215739,-0.839331,-0.498979],[0.166588,-0.471883,0.86578]],"s":0.686793,"t":[505.899,-233.461,348.339],"timestamp":258539576121},{"currentFrameRate":24.84,"devices":[],"gestures":[],"hands":[{"armBasis":[[0.384723,-0.844465,-0.37265],[0.830583,0.492833,-0.259322],[0.402642,-0.20975,0.891002]],"armWidth":60.0267,"confidence":0,"direction":[-0.230304,0.562584,-0.794015],"elbow":[255.873,97.5265,349.529],"grabAngle":3.14159,"grabStrength":1,"id":183,"palmNormal":[-0.938678,-0.343588,0.0288204],"palmPosition":[129.507,191.52,69.4833],"palmVelocity":[1.19209e-7,1.19209e-7,1.19209e-7],"palmWidth":85.7161,"pinchDistance":35.3755,"pinchStrength":0.307867,"r":[[1,0,5.55112e-18],[-6.16298e-35,1,1.11022e-17],[-5.55112e-18,-1.11022e-17,1]],"s":1,"sphereCenter":[89.8687,188.973,60.3859],"sphereRadius":37.555,"stabilizedPalmPosition":[129.507,191.52,69.4833],"t":[0,0,0],"timeVisible":0,"type":"right","wrist":[153.461,150.876,122.902]}],"id":124083,"interactionBox":{"center":[0,200,0],"size":[235.247,235.247,147.751]},"pointables":[{"bases":[[[0.897895,0.114505,-0.425057],[0.303159,0.539275,0.78567],[0.319186,-0.834309,0.449499]],[[0.808412,0.290984,-0.511663],[0.342178,0.474972,0.81075],[0.478941,-0.8305,0.284404]],[[0.808412,0.290984,-0.511663],[0.183751,0.701063,0.689018],[0.559201,-0.651029,0.513279]],[[0.808412,0.290984,-0.511663],[0.020659,0.8547,0.518711],[0.588255,-0.429903,0.684938]]],"btipPosition":[77.7344,243.228,79.5963],"carpPosition":[131.187,173.785,124.557],"dipPosition":[90.7037,233.749,94.6972],"direction":[-0.559201,0.651029,-0.513279],"extended":true,"handId":183,"id":1830,"length":49.0956,"mcpPosition":[131.187,173.785,124.557],"pipPosition":[108.665,212.839,111.183],"stabilizedTipPosition":[80.7173,241.048,83.0695],"timeVisible":0,"tipPosition":[80.7173,241.048,83.0695],"tipVelocity":[1.19209e-7,1.19209e-7,1.19209e-7],"tool":false,"touchDistance":1,"touchZone":"none","type":0,"width":19.0763},{"bases":[[[0.214289,-0.646828,-0.731911],[0.888224,0.440785,-0.12949],[0.406373,-0.622352,0.668983]],[[0.244208,-0.691747,-0.679594],[-0.0930658,0.680859,-0.726478],[0.965247,0.240658,0.101893]],[[0.244208,-0.691747,-0.679594],[-0.969615,-0.163727,-0.18177],[0.0144707,0.703334,-0.710712]],[[0.244208,-0.691747,-0.679594],[-0.705497,-0.607553,0.364903],[-0.66531,0.390339,-0.636395]]],"btipPosition":[91.2546,191.167,87.3465],"carpPosition":[148.105,180.072,111.409],"dipPosition":[80.5463,197.45,77.1036],"direction":[-0.0144707,-0.703334,0.710712],"extended":false,"handId":183,"id":1831,"length":55.3989,"mcpPosition":[119.941,223.204,65.0449],"pipPosition":[80.8757,213.464,60.9211],"stabilizedTipPosition":[88.7917,192.612,84.9907],"timeVisible":0,"tipPosition":[88.7917,192.612,84.9907],"tipVelocity":[1.19209e-7,1.19209e-7,1.19209e-7],"tool":false,"touchDistance":0.333333,"touchZone":"none","type":1,"width":18.2217},{"bases":[[[0.11264,-0.790565,-0.601929],[0.920371,0.311314,-0.236646],[0.374473,-0.527342,0.76268]],[[0.102747,-0.776414,-0.621791],[-0.177398,0.600775,-0.779486],[0.978761,0.190394,-0.0760071]],[[0.102747,-0.776414,-0.621791],[-0.992809,-0.118651,-0.0158977],[-0.0614332,0.618953,-0.783022]],[[0.102747,-0.776414,-0.621791],[-0.669461,-0.516312,0.534082],[-0.735707,0.36139,-0.572829]]],"btipPosition":[97.3787,176.737,86.8727],"carpPosition":[151.763,173.702,102.432],"dipPosition":[84.3546,183.135,76.7321],"direction":[0.0614332,-0.618953,0.783022],"extended":false,"handId":183,"id":1832,"length":63.1227,"mcpPosition":[127.151,208.361,52.3051],"pipPosition":[82.7089,199.716,55.7563],"stabilizedTipPosition":[94.3831,178.209,84.5404],"timeVisible":0,"tipPosition":[94.3831,178.209,84.5404],"tipVelocity":[1.19209e-7,1.19209e-7,1.19209e-7],"tool":false,"touchDistance":0.333333,"touchZone":"none","type":2,"width":17.8961},{"bases":[[[0.0968149,-0.880755,-0.46357],[0.937535,0.237067,-0.254613],[0.334149,-0.409963,0.84869]],[[0.0766038,-0.854587,-0.513627],[-0.144094,0.500244,-0.853811],[0.986595,0.139416,-0.0848199]],[[0.0766038,-0.854587,-0.513627],[-0.995889,-0.0905562,0.0021401],[-0.048341,0.511352,-0.858011]],[[0.0766038,-0.854587,-0.513627],[-0.700747,-0.412604,0.58199],[-0.709285,0.31534,-0.630456]]],"btipPosition":[106.054,164.698,81.6866],"carpPosition":[153.551,165.269,94.7095],"dipPosition":[93.5695,170.248,70.5899],"direction":[0.048341,-0.511352,0.858011],"extended":false,"handId":183,"id":1833,"length":60.6941,"mcpPosition":[133.834,189.461,44.6289],"pipPosition":[92.3079,183.593,48.1989],"stabilizedTipPosition":[103.182,165.974,79.1343],"timeVisible":0,"tipPosition":[103.182,165.974,79.1343],"tipVelocity":[1.19209e-7,1.19209e-7,1.19209e-7],"tool":false,"touchDistance":0.333333,"touchZone":"none","type":3,"width":17.0293},{"bases":[[[-0.0214093,-0.949266,-0.313744],[0.966993,0.060035,-0.247629],[0.253901,-0.308689,0.916649]],[[-0.0547424,-0.900203,-0.432015],[-0.0774869,0.435189,-0.896999],[0.995489,-0.0156283,-0.0935772]],[[-0.0547424,-0.900203,-0.432015],[-0.994516,0.0877688,-0.0568674],[0.0891097,0.426533,-0.900072]],[[-0.0547424,-0.900203,-0.432015],[-0.77086,-0.2369,0.591315],[-0.634648,0.365393,-0.680962]]],"btipPosition":[111.957,156.782,70.5516],"carpPosition":[150.322,153.192,89.8647],"dipPosition":[101.652,162.715,59.4944],"direction":[-0.0891097,-0.426533,0.900072],"extended":false,"handId":183,"id":1834,"length":47.5831,"mcpPosition":[136.453,170.054,39.7934],"pipPosition":[103.294,170.574,42.9104],"stabilizedTipPosition":[109.587,158.147,68.0085],"timeVisible":0,"tipPosition":[109.587,158.147,68.0085],"tipVelocity":[1.19209e-7,1.19209e-7,1.19209e-7],"tool":false,"touchDistance":0.333333,"touchZone":"none","type":4,"width":15.1267}],"r":[[1,0,5.55112e-18],[-6.16298e-35,1,1.11022e-17],[-5.55112e-18,-1.11022e-17,1]],"s":1,"t":[0,0,0],"timestamp":258539616331},{"currentFrameRate":24.8261,"devices":[],"gestures":[],"hands":[{"armBasis":[[0.387648,-0.69027,-0.610947],[0.849143,0.525318,-0.054739],[0.358726,-0.497562,0.789777]],"armWidth":58.6901,"confidence":0.209581,"direction":[-0.0101638,0.563117,-0.826315],"elbow":[241.919,44.8532,333.224],"grabAngle":3.14159,"grabStrength":1,"id":183,"palmNormal":[-0.903926,-0.358517,-0.233204],"palmPosition":[139.596,214.909,76.3321],"palmVelocity":[249.836,579.183,169.599],"palmWidth":85.7161,"pinchDistance":27.62,"pinchStrength":0.501371,"r":[[0.998432,0.00317825,0.0558854],[-0.00319211,0.999995,0.000158791],[-0.0558846,-0.000336934,0.998437]],"s":0.977456,"sphereCenter":[104.318,208.982,54.4614],"sphereRadius":36.9659,"stabilizedPalmPosition":[139.095,213.747,75.9921],"t":[5.04443,11.6943,3.42437],"timeVisible":0.040382,"type":"right","wrist":[150.676,171.408,132.344]}],"id":124084,"interactionBox":{"center":[0,200,0],"size":[235.247,235.247,147.751]},"pointables":[{"bases":[[[0.978565,0.130942,-0.15895],[0.0641102,0.539784,0.839359],[0.195706,-0.831557,0.519819]],[[0.899815,0.33244,-0.282517],[0.0785916,0.513461,0.854507],[0.429133,-0.791102,0.435893]],[[0.899815,0.33244,-0.282517],[-0.0804275,0.762877,0.641522],[0.428793,-0.554529,0.713186]],[[0.899815,0.33244,-0.282517],[-0.191488,0.882812,0.428923],[0.392001,-0.331853,0.858026]]],"btipPosition":[83.9503,258.867,67.9861],"carpPosition":[126.216,196.908,129.693],"dipPosition":[92.4658,251.659,86.6252],"direction":[-0.428793,0.554529,-0.713186],"extended":true,"handId":183,"id":1830,"length":48.3745,"mcpPosition":[126.216,196.908,129.693],"pipPosition":[106.036,234.109,109.196],"stabilizedTipPosition":[84.1585,251.76,75.9133],"timeVisible":0.040382,"tipPosition":[87.2853,261.153,74.5004],"tipVelocity":[128.562,400.225,-267.357],"tool":false,"touchDistance":1,"touchZone":"none","type":0,"width":18.465},{"bases":[[[0.419792,-0.639439,-0.644122],[0.88179,0.455442,0.122556],[0.214993,-0.619428,0.755041]],[[0.416936,-0.63126,-0.653968],[0.171969,0.761279,-0.625205],[0.892519,0.148208,0.425962]],[[0.416936,-0.63126,-0.653968],[-0.857999,-0.0358627,-0.512398],[0.300003,0.774742,-0.556573]],[[0.416936,-0.63126,-0.653968],[-0.853574,-0.519192,-0.043031],[-0.312371,0.576152,-0.755297]]],"btipPosition":[93.7437,214.032,76.9145],"carpPosition":[146.012,203.531,121.764],"dipPosition":[88.7899,223.169,64.9363],"direction":[-0.300003,-0.774742,0.556573],"extended":false,"handId":183,"id":1831,"length":54.5852,"mcpPosition":[131.112,246.461,69.436],"pipPosition":[95.5205,240.551,52.4496],"stabilizedTipPosition":[92.2607,214.013,75.1358],"timeVisible":0.040382,"tipPosition":[94.9163,215.576,77.9048],"tipVelocity":[94.4148,582.484,-268.218],"tool":false,"touchDistance":0.333333,"touchZone":"none","type":1,"width":17.6378},{"bases":[[[0.288463,-0.785457,-0.547583],[0.944572,0.32707,0.0284425],[0.156758,-0.525436,0.836268]],[[0.288811,-0.786623,-0.545722],[0.160073,0.601664,-0.782545],[0.943909,0.138652,0.299685]],[[0.288811,-0.786623,-0.545722],[-0.927325,-0.0881284,-0.363734],[0.238028,0.611112,-0.754907]],[[0.288811,-0.786623,-0.545722],[-0.859774,-0.463856,0.213603],[-0.421162,0.407507,-0.810285]]],"btipPosition":[100.655,202.36,79.8392],"carpPosition":[152.124,197.268,114.151],"dipPosition":[93.3084,209.468,65.7056],"direction":[-0.238028,-0.611112,0.754907],"extended":false,"handId":183,"id":1832,"length":62.1955,"mcpPosition":[141.821,231.802,59.1878],"pipPosition":[99.5911,225.598,45.78],"stabilizedTipPosition":[98.7117,202.57,77.028],"timeVisible":0.040382,"tipPosition":[100.953,201.941,79.601],"tipVelocity":[113.463,638.559,-196.918],"tool":false,"touchDistance":0.333333,"touchZone":"none","type":2,"width":17.3227},{"bases":[[[0.236355,-0.876624,-0.419126],[0.967283,0.253201,0.0158914],[0.0921923,-0.40917,0.907789]],[[0.233614,-0.864531,-0.444984],[0.176368,0.487732,-0.854992],[0.9562,0.121258,0.266417]],[[0.233614,-0.864531,-0.444984],[-0.93815,-0.0801403,-0.336825],[0.255535,0.496149,-0.829782]],[[0.233614,-0.864531,-0.444984],[-0.871481,-0.389131,0.298494],[-0.431215,0.318062,-0.844328]]],"btipPosition":[111.938,189.748,78.5848],"carpPosition":[156.126,188.906,107.223],"dipPosition":[104.46,195.264,63.942],"direction":[-0.255535,-0.496149,0.829782],"extended":false,"handId":183,"id":1833,"length":59.8026,"mcpPosition":[150.686,213.051,53.6546],"pipPosition":[111.031,208.022,42.6058],"stabilizedTipPosition":[109.962,190.104,75.3598],"timeVisible":0.040382,"tipPosition":[111.625,189.396,77.5571],"tipVelocity":[174.24,620.145,-97.0085],"tool":false,"touchDistance":0.333333,"touchZone":"none","type":3,"width":16.4836},{"bases":[[[0.0823429,-0.947794,-0.308068],[0.996589,0.0766208,0.0306467],[-0.00544231,-0.309541,0.95087]],[[0.0825159,-0.929944,-0.358322],[0.261439,0.367155,-0.892663],[0.961686,-0.0200206,0.27342]],[[0.0825159,-0.929944,-0.358322],[-0.932628,0.054678,-0.356674],[0.351279,0.363613,-0.86278]],[[0.0825159,-0.929944,-0.358322],[-0.925902,-0.204534,0.317601],[-0.36864,0.305564,-0.877915]]],"btipPosition":[122.825,182.881,70.4574],"carpPosition":[154.57,176.805,101.663],"dipPosition":[116.927,187.77,56.4115],"direction":[-0.351279,-0.363613,0.86278],"extended":false,"handId":183,"id":1834,"length":46.8842,"mcpPosition":[154.868,193.714,49.7219],"pipPosition":[123.305,194.371,40.7481],"stabilizedTipPosition":[121.099,183.201,67.2512],"timeVisible":0.040382,"tipPosition":[121.435,181.796,68.9265],"tipVelocity":[294.239,640.346,-19.3555],"tool":false,"touchDistance":0.333333,"touchZone":"none","type":4,"width":14.642}],"r":[[0.998432,0.00317825,0.0558854],[-0.00319211,0.999995,0.000158791],[-0.0558846,-0.000336934,0.998437]],"s":0.977456,"t":[5.04443,11.6943,3.42437],"timestamp":258539656713},{"currentFrameRate":25.8703,"devices":[],"gestures":[],"hands":[{"armBasis":[[0.421792,-0.510367,-0.749411],[0.85884,0.489858,0.149777],[0.290664,-0.706799,0.644942]],"armWidth":58.6901,"confidence":0.360183,"direction":[0.0210803,0.562507,-0.826524],"elbow":[224.129,4.97757,297.74],"grabAngle":3.14159,"grabStrength":1,"id":183,"palmNormal":[-0.867871,-0.400126,-0.294448],"palmPosition":[141.379,230.099,78.6385],"palmVelocity":[57.14,486.866,73.9243],"palmWidth":85.7161,"pinchDistance":28.1936,"pinchStrength":0.616034,"r":[[0.993333,0.01501,0.114301],[-0.015059,0.999887,-0.000434448],[-0.114295,-0.00128972,0.993446]],"s":0.96772,"sphereCenter":[107.407,221.356,53.2577],"sphereRadius":37.7121,"stabilizedPalmPosition":[141.3,229.53,78.5464],"t":[8.45803,25.1365,6.28977],"timeVisible":0.071582,"type":"right","wrist":[150.199,184.752,133.699]}],"id":124085,"interactionBox":{"center":[0,200,0],"size":[235.247,235.247,147.751]},"pointables":[{"bases":[[[0.980087,0.176503,-0.0909686],[-0.0195565,0.541702,0.840343],[0.197601,-0.821831,0.534367]],[[0.885389,0.399821,-0.237128],[-0.00310002,0.515183,0.857075],[0.464841,-0.758109,0.457376]],[[0.885389,0.399821,-0.237128],[-0.175914,0.760363,0.625222],[0.43028,-0.51185,0.743551]],[[0.885389,0.399821,-0.237128],[-0.289913,0.873693,0.390655],[0.363369,-0.277135,0.889471]]],"btipPosition":[81.8057,269.332,66.6281],"carpPosition":[125.175,211.463,130.99],"dipPosition":[89.6993,263.312,85.9504],"direction":[-0.43028,0.51185,-0.743551],"extended":true,"handId":183,"id":1830,"length":48.3745,"mcpPosition":[125.175,211.463,130.99],"pipPosition":[103.317,247.113,109.482],"stabilizedTipPosition":[83.6932,265.78,71.7205],"timeVisible":0.071582,"tipPosition":[86.551,272.749,72.6843],"tipVelocity":[-73.3212,344.166,-38.4891],"tool":false,"touchDistance":1,"touchZone":"none","type":0,"width":18.465},{"bases":[[[0.492836,-0.618805,-0.611713],[0.848989,0.495977,0.182273],[0.190604,-0.609169,0.769794]],[[0.489755,-0.60908,-0.623828],[0.278431,0.787311,-0.550107],[0.826206,0.0957248,0.555177]],[[0.489755,-0.60908,-0.623828],[-0.776991,0.0196686,-0.629205],[0.395506,0.792865,-0.463617]],[[0.489755,-0.60908,-0.623828],[-0.857825,-0.464502,-0.219942],[-0.155807,0.642853,-0.749976]]],"btipPosition":[92.5859,229.425,71.2418],"carpPosition":[145.145,219.007,124.437],"dipPosition":[90.115,239.62,59.348],"direction":[-0.395506,-0.792865,0.463617],"extended":false,"handId":183,"id":1831,"length":54.5852,"mcpPosition":[131.935,261.225,71.086],"pipPosition":[98.9881,257.408,48.9468],"stabilizedTipPosition":[92.039,230.202,69.0915],"timeVisible":0.071582,"tipPosition":[95.2429,229.65,74.4087],"tipVelocity":[-18.8067,501.162,-181.195],"tool":false,"touchDistance":0.333333,"touchZone":"none","type":1,"width":17.6378},{"bases":[[[0.362055,-0.770842,-0.524137],[0.924065,0.370726,0.0930883],[0.122555,-0.51804,0.846531]],[[0.358093,-0.754461,-0.550053],[0.239415,0.643619,-0.726935],[0.902469,0.12862,0.411105]],[[0.358093,-0.754461,-0.550053],[-0.886474,-0.0897636,-0.453988],[0.293142,0.650178,-0.700954]],[[0.358093,-0.754461,-0.550053],[-0.870288,-0.483089,0.0960404],[-0.338183,0.444313,-0.829589]]],"btipPosition":[101.787,216.421,76.2243],"carpPosition":[152.056,213.039,117.283],"dipPosition":[95.8878,224.171,61.7539],"direction":[-0.293142,-0.650178,0.700954],"extended":false,"handId":183,"id":1832,"length":62.1955,"mcpPosition":[144.001,247.087,61.6452],"pipPosition":[103.625,241.333,43.2525],"stabilizedTipPosition":[100.347,217.452,73.0948],"timeVisible":0.071582,"tipPosition":[102.685,215.914,77.9821],"tipVelocity":[46.9515,455.411,-118.344],"tool":false,"touchDistance":0.333333,"touchZone":"none","type":2,"width":17.3227},{"bases":[[[0.305446,-0.864413,-0.399366],[0.951007,0.298003,0.0823413],[0.0478354,-0.404951,0.913086]],[[0.302028,-0.838575,-0.4534],[0.265526,0.530791,-0.804833],[0.915573,0.122693,0.382978]],[[0.302028,-0.838575,-0.4534],[-0.903679,-0.100408,-0.416271],[0.30355,0.535454,-0.788129]],[[0.302028,-0.838575,-0.4534],[-0.884291,-0.424111,0.195342],[-0.356101,0.341939,-0.869638]]],"btipPosition":[114.492,203.986,76.2549],"carpPosition":[156.915,204.877,110.671],"dipPosition":[108.316,209.917,61.1732],"direction":[-0.30355,-0.535454,0.788129],"extended":false,"handId":183,"id":1833,"length":59.8026,"mcpPosition":[154.092,228.773,56.7908],"pipPosition":[116.122,223.685,40.908],"stabilizedTipPosition":[112.984,204.923,72.8583],"timeVisible":0.071582,"tipPosition":[114.352,203.65,77.1201],"tipVelocity":[91.4518,459.398,-77.9111],"tool":false,"touchDistance":0.333333,"touchZone":"none","type":3,"width":16.4836},{"bases":[[[0.147569,-0.942748,-0.299081],[0.987403,0.122972,0.0995663],[-0.0570873,-0.310006,0.949019]],[[0.154441,-0.885861,-0.43749],[0.363954,0.462675,-0.808375],[0.918523,-0.0343803,0.393869]],[[0.154441,-0.885861,-0.43749],[-0.912023,0.0424599,-0.407934],[0.379949,0.462003,-0.801369]],[[0.154441,-0.885861,-0.43749],[-0.938655,-0.269751,0.214851],[-0.308341,0.377471,-0.873179]]],"btipPosition":[127.321,196.356,68.8012],"carpPosition":[156.314,192.72,105.049],"dipPosition":[122.388,202.395,54.831],"direction":[-0.379949,-0.462003,0.801369],"extended":false,"handId":183,"id":1834,"length":46.8842,"mcpPosition":[159.432,209.654,53.2095],"pipPosition":[129.286,210.783,40.2825],"stabilizedTipPosition":[126.073,197.421,65.6251],"timeVisible":0.071582,"tipPosition":[125.486,196.453,69.2928],"tipVelocity":[151.215,440.373,-52.5266],"tool":false,"touchDistance":0.333333,"touchZone":"none","type":4,"width":14.642}],"r":[[0.993333,0.01501,0.114301],[-0.015059,0.999887,-0.000434448],[-0.114295,-0.00128972,0.993446]],"s":0.96772,"t":[8.45803,25.1365,6.28977],"timestamp":258539687913},{"currentFrameRate":29.0489,"devices":[],"gestures":[],"hands":[{"armBasis":[[0.426016,-0.428028,-0.797059],[0.852808,0.484113,0.19584],[0.302041,-0.763169,0.571266]],"armWidth":58.6901,"confidence":0.419554,"direction":[0.0174108,0.57979,-0.81458],"elbow":[226.694,-3.19797,278.002],"grabAngle":3.14159,"grabStrength":1,"id":183,"palmNormal":[-0.858416,-0.40906,-0.309502],"palmPosition":[140.611,237.812,79.0695],"palmVelocity":[-57.7421,580.045,32.4061],"palmWidth":85.7161,"pinchDistance":29.5162,"pinchStrength":0.598496,"r":[[0.986347,0.0274114,0.162382],[-0.0282107,0.999599,0.00261811],[-0.162245,-0.00716327,0.986725]],"s":0.965482,"sphereCenter":[106.576,229.487,53.4181],"sphereRadius":37.8323,"stabilizedPalmPosition":[140.743,236.227,78.9693],"t":[9.7809,35.7144,7.93794],"timeVisible":0.08488,"type":"right","wrist":[149.869,190.914,132.7]}],"id":124086,"interactionBox":{"center":[0,200,0],"size":[235.247,235.247,147.751]},"pointables":[{"bases":[[[0.97748,0.195465,-0.0795317],[-0.0354829,0.523754,0.85113],[0.208022,-0.829141,0.518895]],[[0.875195,0.427446,-0.226548],[-0.019863,0.499652,0.865998],[0.483363,-0.753417,0.445783]],[[0.875195,0.427446,-0.226548],[-0.182596,0.725534,0.663521],[0.447987,-0.539343,0.713033]],[[0.875195,0.427446,-0.226548],[-0.301584,0.848237,0.435364],[0.378261,-0.312705,0.871283]]],"btipPosition":[79.2182,277.107,68.4403],"carpPosition":[124.343,217.816,130.896],"dipPosition":[87.4353,270.314,87.3674],"direction":[-0.447987,0.539343,-0.713033],"extended":true,"handId":183,"id":1830,"length":48.3745,"mcpPosition":[124.343,217.816,130.896],"pipPosition":[101.613,253.245,109.933],"stabilizedTipPosition":[81.8776,272.638,72.4741],"timeVisible":0.08488,"tipPosition":[84.6807,279.197,73.481],"tipVelocity":[-188.984,571.28,129.437],"tool":false,"touchDistance":1,"touchZone":"none","type":0,"width":18.465},{"bases":[[[0.508303,-0.597287,-0.620384],[0.838697,0.506869,0.199177],[0.195488,-0.621556,0.758586]],[[0.502267,-0.578544,-0.642663],[0.280562,0.812034,-0.511747],[0.817932,0.0767272,0.570175]],[[0.502267,-0.578544,-0.642663],[-0.762813,0.0535717,-0.644396],[0.40724,0.81389,-0.414413]],[[0.502267,-0.578544,-0.642663],[-0.855802,-0.439001,-0.273643],[-0.123815,0.687434,-0.715615]]],"btipPosition":[90.8869,236.697,69.9931],"carpPosition":[144.225,225.841,124.658],"dipPosition":[88.9233,247.599,58.6443],"direction":[-0.40724,-0.81389,0.414413],"extended":false,"handId":183,"id":1831,"length":54.5852,"mcpPosition":[130.677,268.919,72.0842],"pipPosition":[98.0598,265.859,49.3469],"stabilizedTipPosition":[90.9075,236.554,67.8861],"timeVisible":0.08488,"tipPosition":[94.1411,236.883,73.8027],"tipVelocity":[-118.988,559.088,-84.4718],"tool":false,"touchDistance":0.333333,"touchZone":"none","type":1,"width":17.6378},{"bases":[[[0.379566,-0.753369,-0.536997],[0.916646,0.384825,0.108032],[0.125261,-0.533241,0.836638]],[[0.373921,-0.730112,-0.571944],[0.231424,0.67062,-0.704777],[0.898123,0.131169,0.419725]],[[0.373921,-0.730112,-0.571944],[-0.884353,-0.0948543,-0.45708],[0.279468,0.676712,-0.681145]],[[0.373921,-0.730112,-0.571944],[-0.861526,-0.501792,0.0773176],[-0.343447,0.463834,-0.816641]]],"btipPosition":[101.494,223.372,75.8954],"carpPosition":[151.295,220.145,117.438],"dipPosition":[95.5037,231.462,61.6509],"direction":[-0.279468,-0.676712,0.681145],"extended":false,"handId":183,"id":1832,"length":62.1955,"mcpPosition":[143.062,255.192,62.4506],"pipPosition":[102.88,249.324,43.6723],"stabilizedTipPosition":[100.167,223.519,72.7239],"timeVisible":0.08488,"tipPosition":[102.145,223.007,77.7268],"tipVelocity":[-23.5681,528.534,-20.8274],"tool":false,"touchDistance":0.333333,"touchZone":"none","type":2,"width":17.3227},{"bases":[[[0.323675,-0.85048,-0.414631],[0.944947,0.312822,0.0960053],[0.0480551,-0.422879,0.904911]],[[0.320211,-0.823592,-0.468147],[0.269766,0.552979,-0.788315],[0.908125,0.126136,0.399247]],[[0.320211,-0.823592,-0.468147],[-0.89914,-0.108586,-0.423977],[0.29835,0.556692,-0.775294]],[[0.320211,-0.823592,-0.468147],[-0.877233,-0.44435,0.181703],[-0.35767,0.352491,-0.864767]]],"btipPosition":[114.381,211.503,75.6757],"carpPosition":[156.346,212.208,110.699],"dipPosition":[108.178,217.616,60.6784],"direction":[-0.29835,-0.556692,0.775294],"extended":false,"handId":183,"id":1833,"length":59.8026,"mcpPosition":[153.511,237.162,57.3007],"pipPosition":[115.849,231.931,40.7432],"stabilizedTipPosition":[112.959,211.513,72.3368],"timeVisible":0.08488,"tipPosition":[114.04,210.98,76.6819],"tipVelocity":[-8.85128,568.434,-42.0997],"tool":false,"touchDistance":0.333333,"touchZone":"none","type":3,"width":16.4836},{"bases":[[[0.166449,-0.933625,-0.317236],[0.984296,0.138135,0.109913],[-0.0587964,-0.330549,0.941956]],[[0.172437,-0.885648,-0.431154],[0.379483,0.463654,-0.800636],[0.908988,-0.0255563,0.416039]],[[0.172437,-0.885648,-0.431154],[-0.903878,0.0316993,-0.426614],[0.391497,0.463275,-0.795051]],[[0.172437,-0.885648,-0.431154],[-0.93791,-0.281372,0.202865],[-0.300981,0.369402,-0.879177]]],"btipPosition":[127.089,204.736,68.2146],"carpPosition":[156.003,200.162,104.823],"dipPosition":[122.274,210.646,54.1484],"direction":[-0.391497,-0.463275,0.795051],"extended":false,"handId":183,"id":1834,"length":46.8842,"mcpPosition":[159.215,218.218,53.3693],"pipPosition":[129.381,219.056,39.7147],"stabilizedTipPosition":[125.996,204.723,65.0815],"timeVisible":0.08488,"tipPosition":[125.412,204.182,68.7362],"tipVelocity":[-15.4119,627.928,-45.7699],"tool":false,"touchDistance":0.333333,"touchZone":"none","type":4,"width":14.642}],"r":[[0.986347,0.0274114,0.162382],[-0.0282107,0.999599,0.00261811],[-0.162245,-0.00716327,0.986725]],"s":0.965482,"t":[9.7809,35.7144,7.93794],"timestamp":258539701211},{"currentFrameRate":32.0132,"devices":[],"gestures":[],"hands":[{"armBasis":[[0.429422,-0.376557,-0.820854],[0.845265,0.487634,0.218496],[0.318,-0.787666,0.527692]],"armWidth":58.6901,"confidence":0.475768,"direction":[0.0128152,0.590084,-0.80724],"elbow":[230.478,-3.27584,266.427],"grabAngle":3.14159,"grabStrength":1,"id":183,"palmNormal":[-0.850069,-0.418664,-0.319534],"palmPosition":[139.81,244.77,79.4239],"palmVelocity":[-60.0272,521.032,26.5443],"palmWidth":85.7161,"pinchDistance":29.7945,"pinchStrength":0.610919,"r":[[0.978615,0.0397944,0.201813],[-0.0420667,0.99909,0.00698102],[-0.201352,-0.0153213,0.979399]],"s":0.965326,"sphereCenter":[105.764,236.41,53.4957],"sphereRadius":37.8933,"stabilizedPalmPosition":[139.951,243.48,79.3553],"t":[10.0415,44.4823,8.93926],"timeVisible":0.098234,"type":"right","wrist":[149.595,197.067,132.209]}],"id":124087,"interactionBox":{"center":[0,200,0],"size":[235.247,235.247,147.751]},"pointables":[{"bases":[[[0.974694,0.211832,-0.0714071],[-0.0485743,0.512497,0.857314],[0.218203,-0.83215,0.509817]],[[0.865414,0.450147,-0.220062],[-0.0341254,0.491126,0.87042],[0.499895,-0.745764,0.440388]],[[0.865414,0.450147,-0.220062],[-0.196718,0.709173,0.677034],[0.460827,-0.542625,0.70228]],[[0.865414,0.450147,-0.220062],[-0.318972,0.833646,0.450878],[0.386415,-0.320002,0.865033]]],"btipPosition":[77.0827,283.07,69.1778],"carpPosition":[123.568,223.876,130.904],"dipPosition":[85.4769,276.118,87.9691],"direction":[-0.460827,0.542625,-0.70228],"extended":true,"handId":183,"id":1830,"length":48.3745,"mcpPosition":[123.568,223.876,130.904],"pipPosition":[100.061,258.945,110.195],"stabilizedTipPosition":[79.7046,279.339,73.2523],"timeVisible":0.098234,"tipPosition":[83.0484,285.139,73.9946],"tipVelocity":[-156.868,443.791,52.8874],"tool":false,"touchDistance":1,"touchZone":"none","type":0,"width":18.465},{"bases":[[[0.521192,-0.581429,-0.62474],[0.829425,0.517516,0.210313],[0.201031,-0.627788,0.751977]],[[0.513501,-0.558108,-0.651792],[0.287435,0.827578,-0.482179],[0.808516,0.0602511,0.585382]],[[0.513501,-0.558108,-0.651792],[-0.748551,0.0800014,-0.658233],[0.41951,0.825902,-0.376692]],[[0.513501,-0.558108,-0.651792],[-0.852544,-0.418042,-0.313703],[-0.0973959,0.716768,-0.690477]]],"btipPosition":[89.3145,243.502,68.8232],"carpPosition":[143.356,232.291,124.882],"dipPosition":[87.7699,254.869,57.8731],"direction":[-0.41951,-0.825902,0.376692],"extended":false,"handId":183,"id":1831,"length":54.5852,"mcpPosition":[129.423,275.8,72.7657],"pipPosition":[97.1816,273.398,49.422],"stabilizedTipPosition":[89.4304,243.803,66.6871],"timeVisible":0.098234,"tipPosition":[92.9851,243.443,73.1824],"tipVelocity":[-110.53,517.534,-80.7401],"tool":false,"touchDistance":0.333333,"touchZone":"none","type":1,"width":17.6378},{"bases":[[[0.394476,-0.740547,-0.544039],[0.90981,0.39786,0.118124],[0.128975,-0.541569,0.830703]],[[0.38778,-0.713504,-0.583557],[0.230297,0.688014,-0.688186],[0.892519,0.132474,0.431116]],[[0.38778,-0.713504,-0.583557],[-0.879207,-0.096195,-0.466628],[0.276805,0.694016,-0.66462]],[[0.38778,-0.713504,-0.583557],[-0.856719,-0.512577,0.0574184],[-0.340086,0.477679,-0.81004]]],"btipPosition":[100.773,229.815,75.4195],"carpPosition":[150.555,226.798,117.633],"dipPosition":[94.8411,238.147,61.2901],"direction":[-0.276805,-0.694016,0.66462],"extended":false,"handId":183,"id":1832,"length":62.1955,"mcpPosition":[142.078,262.392,63.0357],"pipPosition":[102.147,256.465,43.7477],"stabilizedTipPosition":[99.5415,230.294,72.2667],"timeVisible":0.098234,"tipPosition":[101.527,229.447,77.5136],"tipVelocity":[-52.997,486.654,-33.6531],"tool":false,"touchDistance":0.333333,"touchZone":"none","type":2,"width":17.3227},{"bases":[[[0.339441,-0.840043,-0.423211],[0.939316,0.326468,0.105374],[0.0496462,-0.433297,0.899883]],[[0.335853,-0.812549,-0.47641],[0.275295,0.568382,-0.775341],[0.900786,0.129247,0.414583]],[[0.335853,-0.812549,-0.47641],[-0.892902,-0.113619,-0.435681],[0.299883,0.571712,-0.763686]],[[0.335853,-0.812549,-0.47641],[-0.873034,-0.4584,0.166373],[-0.353573,0.360045,-0.863339]]],"btipPosition":[113.904,218.289,75.1401],"carpPosition":[155.77,219.026,110.826],"dipPosition":[107.772,224.534,60.1676],"direction":[-0.299883,-0.571712,0.763686],"extended":false,"handId":183,"id":1833,"length":59.8026,"mcpPosition":[152.84,244.594,57.7244],"pipPosition":[115.483,239.234,40.5309],"stabilizedTipPosition":[112.558,218.588,71.7851],"timeVisible":0.098234,"tipPosition":[113.645,217.62,76.4011],"tipVelocity":[-34.4575,510.427,-39.6791],"tool":false,"touchDistance":0.333333,"touchZone":"none","type":3,"width":16.4836},{"bases":[[[0.183006,-0.926864,-0.327769],[0.981348,0.152264,0.117352],[-0.0588618,-0.343132,0.937441]],[[0.187856,-0.889165,-0.417247],[0.392955,0.457369,-0.797746],[0.900164,-0.0140979,0.435322]],[[0.187856,-0.889165,-0.417247],[-0.89525,0.019737,-0.445127],[0.404026,0.457161,-0.792317]],[[0.187856,-0.889165,-0.417247],[-0.938101,-0.288286,0.191986],[-0.290994,0.355354,-0.888283]]],"btipPosition":[126.643,212.271,67.9011],"carpPosition":[155.651,207.049,104.8],"dipPosition":[121.987,217.956,53.6893],"direction":[-0.404026,-0.457161,0.792317],"extended":false,"handId":183,"id":1834,"length":46.8842,"mcpPosition":[158.866,225.793,53.5926],"pipPosition":[129.322,226.255,39.3051],"stabilizedTipPosition":[125.625,212.48,64.6881],"timeVisible":0.098234,"tipPosition":[125.219,211.141,68.4233],"tipVelocity":[-30.6893,560.36,-25.9844],"tool":false,"touchDistance":0.333333,"touchZone":"none","type":4,"width":14.642}],"r":[[0.978615,0.0397944,0.201813],[-0.0420667,0.99909,0.00698102],[-0.201352,-0.0153213,0.979399]],"s":0.965326,"t":[10.0415,44.4823,8.93926],"timestamp":258539714565},{"currentFrameRate":34.9725,"devices":[],"gestures":[],"hands":[{"armBasis":[[0.435064,-0.345106,-0.831638],[0.83926,0.489977,0.235724],[0.326133,-0.800515,0.502805]],"armWidth":58.6901,"confidence":0.52395,"direction":[0.00224809,0.594593,-0.804024],"elbow":[232.21,-1.26178,259.443],"grabAngle":3.14159,"grabStrength":1,"id":183,"palmNormal":[-0.843574,-0.430642,-0.320827],"palmPosition":[138.684,250.361,79.2275],"palmVelocity":[-92.2877,458.3,-16.1028],"palmWidth":85.7161,"pinchDistance":30.0219,"pinchStrength":0.610462,"r":[[0.971068,0.052375,0.232987],[-0.0565148,0.99834,0.0111237],[-0.232018,-0.0239691,0.972416]],"s":0.965428,"sphereCenter":[104.642,241.841,53.4498],"sphereRadius":37.8384,"stabilizedPalmPosition":[138.868,249.358,79.2461],"t":[9.6089,51.6618,9.3417],"timeVisible":0.110434,"type":"right","wrist":[149.258,202.35,131.554]}],"id":124088,"interactionBox":{"center":[0,200,0],"size":[235.247,235.247,147.751]},"pointables":[{"bases":[[[0.971045,0.227984,-0.0713806],[-0.0557999,0.506975,0.860153],[0.232289,-0.831264,0.505017]],[[0.856403,0.467184,-0.219802],[-0.0408466,0.485691,0.873175],[0.51469,-0.738812,0.43503]],[[0.856403,0.467184,-0.219802],[-0.206119,0.699686,0.684072],[0.47338,-0.540536,0.695509]],[[0.856403,0.467184,-0.219802],[-0.333013,0.825147,0.456328],[0.394558,-0.317603,0.862236]]],"btipPosition":[75.0917,287.676,69.4124],"carpPosition":[122.847,228.928,130.611],"dipPosition":[83.6627,280.776,88.143],"direction":[-0.47338,0.540536,-0.695509],"extended":true,"handId":183,"id":1830,"length":48.3745,"mcpPosition":[122.847,228.928,130.611],"pipPosition":[98.6441,263.67,110.154],"stabilizedTipPosition":[77.6605,284.562,73.6145],"timeVisible":0.110434,"tipPosition":[81.1939,289.767,74.0777],"tipVelocity":[-159.864,378.54,18.0848],"tool":false,"touchDistance":1,"touchZone":"none","type":0,"width":18.465},{"bases":[[[0.529762,-0.569503,-0.628505],[0.821195,0.529738,0.212171],[0.212112,-0.628525,0.748308]],[[0.522114,-0.547438,-0.653995],[0.276549,0.834048,-0.477372],[0.806795,0.0683808,0.586861]],[[0.522114,-0.547438,-0.653995],[-0.748548,0.0733625,-0.659009],[0.408745,0.833625,-0.37148]],[[0.522114,-0.547438,-0.653995],[-0.846883,-0.423521,-0.321589],[-0.100931,0.721763,-0.684742]]],"btipPosition":[88.0452,248.379,68.5413],"carpPosition":[142.488,237.695,124.612],"dipPosition":[86.4446,259.826,57.6821],"direction":[-0.408745,-0.833625,0.37148],"extended":false,"handId":183,"id":1831,"length":54.5852,"mcpPosition":[127.788,281.255,72.7506],"pipPosition":[95.6148,278.528,49.3479],"stabilizedTipPosition":[88.0748,249.377,66.1896],"timeVisible":0.110434,"tipPosition":[91.8264,248.344,72.9455],"tipVelocity":[-105.096,401.325,-21.3959],"tool":false,"touchDistance":0.333333,"touchZone":"none","type":1,"width":17.6378},{"bases":[[[0.40574,-0.73109,-0.548527],[0.903393,0.411903,0.119237],[0.138767,-0.543915,0.827587]],[[0.398617,-0.704158,-0.587593],[0.215688,0.694704,-0.686196],[0.891394,0.146792,0.428799]],[[0.398617,-0.704158,-0.587593],[-0.879318,-0.111398,-0.463023],[0.260585,0.70125,-0.663584]],[[0.398617,-0.704158,-0.587593],[-0.846604,-0.528889,0.0594816],[-0.352656,0.473748,-0.806967]]],"btipPosition":[100.039,234.766,75.3394],"carpPosition":[149.767,232.358,117.325],"dipPosition":[93.8875,243.03,61.2637],"direction":[-0.260585,-0.70125,0.663584],"extended":false,"handId":183,"id":1832,"length":62.1955,"mcpPosition":[140.646,268.107,62.9329],"pipPosition":[100.766,261.539,43.7486],"stabilizedTipPosition":[98.7771,235.603,72.1295],"timeVisible":0.110434,"tipPosition":[100.625,234.461,77.2073],"tipVelocity":[-64.3285,404.57,-5.54995],"tool":false,"touchDistance":0.333333,"touchZone":"none","type":2,"width":17.3227},{"bases":[[[0.352475,-0.83212,-0.42818],[0.934036,0.341069,0.106064],[0.057781,-0.43732,0.897448]],[[0.348665,-0.806194,-0.478],[0.266338,0.574205,-0.774179],[0.898608,0.14262,0.414925]],[[0.348665,-0.806194,-0.478],[-0.891904,-0.128691,-0.433528],[0.287993,0.577486,-0.763917]],[[0.348665,-0.806194,-0.478],[-0.864109,-0.47402,0.169177],[-0.362971,0.354058,-0.861913]]],"btipPosition":[113.311,223.611,74.895],"carpPosition":[155.098,224.709,110.47],"dipPosition":[107.017,229.751,59.9472],"direction":[-0.287993,-0.577486,0.763917],"extended":false,"handId":183,"id":1833,"length":59.8026,"mcpPosition":[151.689,250.514,57.5122],"pipPosition":[114.422,244.6,40.3046],"stabilizedTipPosition":[111.957,224.155,71.5012],"timeVisible":0.110434,"tipPosition":[112.947,222.83,76.0399],"tipVelocity":[-51.6642,434.202,-19.6258],"tool":false,"touchDistance":0.333333,"touchZone":"none","type":3,"width":16.4836},{"bases":[[[0.197586,-0.921981,-0.333031],[0.978899,0.167506,0.117043],[-0.0521264,-0.34913,0.935623]],[[0.200874,-0.893921,-0.400692],[0.390366,0.448194,-0.804199],[0.898479,0.00512666,0.438987]],[[0.200874,-0.893921,-0.400692],[-0.894245,-0.00032441,-0.447578],[0.39997,0.448224,-0.79945]],[[0.200874,-0.893921,-0.400692],[-0.933798,-0.298359,0.197491],[-0.296092,0.334494,-0.894675]]],"btipPosition":[126,218.179,67.6909],"carpPosition":[155.165,212.765,104.379],"dipPosition":[121.263,223.53,53.3768],"direction":[-0.39997,-0.448224,0.79945],"extended":false,"handId":183,"id":1834,"length":46.8842,"mcpPosition":[158.013,231.836,53.2709],"pipPosition":[128.524,231.668,38.8632],"stabilizedTipPosition":[124.997,218.567,64.4338],"timeVisible":0.110434,"tipPosition":[124.633,216.635,67.9643],"tipVelocity":[-54.2196,477.991,-19.1564],"tool":false,"touchDistance":0.333333,"touchZone":"none","type":4,"width":14.642}],"r":[[0.971068,0.052375,0.232987],[-0.0565148,0.99834,0.0111237],[-0.232018,-0.0239691,0.972416]],"s":0.965428,"t":[9.6089,51.6618,9.3417],"timestamp":258539726765},{"currentFrameRate":37.7684,"devices":[],"gestures":[],"hands":[{"armBasis":[[0.442884,-0.322805,-0.836451],[0.833533,0.491902,0.251503],[0.330266,-0.808597,0.486925]],"armWidth":58.6901,"confidence":0.568744,"direction":[-0.00842111,0.600362,-0.799684],"elbow":[232.896,1.20289,254.597],"grabAngle":3.14159,"grabStrength":1,"id":183,"palmNormal":[-0.837456,-0.441244,-0.322445],"palmPosition":[137.576,255.199,78.8826],"palmVelocity":[-91.3561,398.823,-28.4363],"palmWidth":85.7161,"pinchDistance":30.1145,"pinchStrength":0.609464,"r":[[0.964092,0.0648563,0.257529],[-0.0712433,0.997338,0.0155379],[-0.255836,-0.0333272,0.966146]],"s":0.965281,"sphereCenter":[103.634,246.468,53.2034],"sphereRadius":37.7763,"stabilizedPalmPosition":[137.733,254.488,78.9268],"t":[8.83855,57.6703,9.37046],"timeVisible":0.122563,"type":"right","wrist":[148.892,206.87,130.748]}],"id":124089,"interactionBox":{"center":[0,200,0],"size":[235.247,235.247,147.751]},"pointables":[{"bases":[[[0.967286,0.243418,-0.0714519],[-0.0619631,0.499816,0.863913],[0.246005,-0.831223,0.498547]],[[0.847173,0.483974,-0.21924],[-0.0472486,0.479625,0.876201],[0.529212,-0.731935,0.429193]],[[0.847173,0.483974,-0.21924],[-0.215786,0.690481,0.690415],[0.485524,-0.537592,0.689392]],[[0.847173,0.483974,-0.21924],[-0.345902,0.815602,0.463837],[0.403298,-0.317114,0.858364]]],"btipPosition":[73.1554,291.473,69.4907],"carpPosition":[122.168,233.152,130.137],"dipPosition":[81.9164,284.584,88.1372],"direction":[-0.485524,0.537592,-0.689392],"extended":true,"handId":183,"id":1830,"length":48.3745,"mcpPosition":[122.168,233.152,130.137],"pipPosition":[97.2821,267.571,109.955],"stabilizedTipPosition":[75.6389,288.887,73.7484],"timeVisible":0.122563,"tipPosition":[79.402,293.684,74.1159],"tipVelocity":[-156.035,313.289,4.86236],"tool":false,"touchDistance":1,"touchZone":"none","type":0,"width":18.465},{"bases":[[[0.537269,-0.556714,-0.633571],[0.813349,0.540769,0.214551],[0.223172,-0.630586,0.743341]],[[0.529798,-0.536104,-0.657196],[0.261328,0.840368,-0.474857],[0.806859,0.0798341,0.585325]],[[0.529798,-0.536104,-0.657196],[-0.752185,0.0609877,-0.656124],[0.391832,0.841946,-0.370938]],[[0.529798,-0.536104,-0.657196],[-0.840439,-0.43593,-0.321911],[-0.113914,0.722881,-0.681518]]],"btipPosition":[87.0338,252.43,68.4385],"carpPosition":[141.661,242.264,124.167],"dipPosition":[85.2272,263.894,57.6304],"direction":[-0.391832,-0.841946,0.370938],"extended":fals