{"frames":343,"data":[{"currentFrameRate":25.1898,"devices":[],"gestures":[],"hands":[],"id":127970,"interactionBox":{"center":[0,200,0],"size":[235.247,235.247,147.751]},"pointables":[],"r":[[-0.962136,-0.269906,0.0380192],[0.215739,-0.839331,-0.498979],[0.166588,-0.471883,0.86578]],"s":0.686793,"t":[505.899,-233.461,348.339],"timestamp":258672169300},{"currentFrameRate":25.2624,"devices":[],"gestures":[],"hands":[],"id":127971,"interactionBox":{"center":[0,200,0],"size":[235.247,235.247,147.751]},"pointables":[],"r":[[-0.962136,-0.269906,0.0380192],[0.215739,-0.839331,-0.498979],[0.166588,-0.471883,0.86578]],"s":0.686793,"t":[505.899,-233.461,348.339],"timestamp":258672208364},{"currentFrameRate":25.2949,"devices":[],"gestures":[],"hands":[],"id":127972,"interactionBox":{"center":[0,200,0],"size":[235.247,235.247,147.751]},"pointables":[],"r":[[-0.962136,-0.269906,0.0380192],[0.215739,-0.839331,-0.498979],[0.166588,-0.471883,0.86578]],"s":0.686793,"t":[505.899,-233.461,348.339],"timestamp":258672247665},{"currentFrameRate":25.314,"devices":[],"gestures":[],"hands":[],"id":127973,"interactionBox":{"center":[0,200,0],"size":[235.247,235.247,147.751]},"pointables":[],"r":[[-0.962136,-0.269906,0.0380192],[0.215739,-0.839331,-0.498979],[0.166588,-0.471883,0.86578]],"s":0.686793,"t":[505.899,-233.461,348.339],"timestamp":258672287033},{"currentFrameRate":25.3218,"devices":[],"gestures":[],"hands":[],"id":127974,"interactionBox":{"center":[0,200,0],"size":[235.247,235.247,147.751]},"pointables":[],"r":[[-0.962136,-0.269906,0.0380192],[0.215739,-0.839331,-0.498979],[0.166588,-0.471883,0.86578]],"s":0.686793,"t":[505.899,-233.461,348.339],"timestamp":258672326469},{"currentFrameRate":25.3306,"devices":[],"gestures":[],"hands":[],"id":127975,"interactionBox":{"center":[0,200,0],"size":[235.247,235.247,147.751]},"pointables":[],"r":[[-0.962136,-0.269906,0.0380192],[0.215739,-0.839331,-0.498979],[0.166588,-0.471883,0.86578]],"s":0.686793,"t":[505.899,-233.461,348.339],"timestamp":258672365884},{"currentFrameRate":25.3525,"devices":[],"gestures":[],"hands":[],"id":127976,"interactionBox":{"center":[0,200,0],"size":[235.247,235.247,147.751]},"pointables":[],"r":[[-0.962136,-0.269906,0.0380192],[0.215739,-0.839331,-0.498979],[0.166588,-0.471883,0.86578]],"s":0.686793,"t":[505.899,-233.461,348.339],"timestamp":258672405171},{"currentFrameRate":25.3548,"devices":[],"gestures":[],"hands":[],"id":127977,"interactionBox":{"center":[0,200,0],"size":[235.247,235.247,147.751]},"pointables":[],"r":[[-0.962136,-0.269906,0.0380192],[0.215739,-0.839331,-0.498979],[0.166588,-0.471883,0.86578]],"s":0.686793,"t":[505.899,-233.461,348.339],"timestamp":258672444595},{"currentFrameRate":25.3605,"devices":[],"gestures":[],"hands":[],"id":127978,"interactionBox":{"center":[0,200,0],"size":[235.247,235.247,147.751]},"pointables":[],"r":[[-0.962136,-0.269906,0.0380192],[0.215739,-0.839331,-0.498979],[0.166588,-0.471883,0.86578]],"s":0.686793,"t":[505.899,-233.461,348.339],"timestamp":258672483986},{"currentFrameRate":25.3763,"devices":[],"gestures":[],"hands":[],"id":127979,"interactionBox":{"center":[0,200,0],"size":[235.247,235.247,147.751]},"pointables":[],"r":[[-0.962136,-0.269906,0.0380192],[0.215739,-0.839331,-0.498979],[0.166588,-0.471883,0.86578]],"s":0.686793,"t":[505.899,-233.461,348.339],"timestamp":258672523280},{"currentFrameRate":25.3694,"devices":[],"gestures":[],"hands":[],"id":127980,"interactionBox":{"center":[0,200,0],"size":[235.247,235.247,147.751]},"pointables":[],"r":[[-0.962136,-0.269906,0.0380192],[0.215739,-0.839331,-0.498979],[0.166588,-0.471883,0.86578]],"s":0.686793,"t":[505.899,-233.461,348.339],"timestamp":258672562747},{"currentFrameRate":25.3791,"devices":[],"gestures":[],"hands":[],"id":127981,"interactionBox":{"center":[0,200,0],"size":[235.247,235.247,147.751]},"pointables":[],"r":[[-0.962136,-0.269906,0.0380192],[0.215739,-0.839331,-0.498979],[0.166588,-0.471883,0.86578]],"s":0.686793,"t":[505.899,-233.461,348.339],"timestamp":258672602080},{"currentFrameRate":25.3717,"devices":[],"gestures":[],"hands":[{"armBasis":[[0.694448,-0.261325,-0.670412],[0.628972,0.672998,0.389189],[0.349481,-0.691941,0.631728]],"armWidth":64.9916,"confidence":0,"direction":[0.0640208,0.98615,-0.153004],"elbow":[237.067,-73.0403,364.517],"grabAngle":0.467713,"grabStrength":0,"id":188,"palmNormal":[-0.768567,-0.0490741,-0.637884],"palmPosition":[132.659,192.566,175.954],"palmVelocity":[1.19209e-7,1.19209e-7,1.19209e-7],"palmWidth":92.8057,"pinchDistance":68.0216,"pinchStrength":0,"r":[[1,5.55112e-18,-6.245e-18],[-5.55112e-18,1,6.93335e-35],[6.245e-18,-3.46667e-35,1]],"s":1,"sphereCenter":[1.10042,185.14,40.1978],"sphereRadius":191.07,"stabilizedPalmPosition":[132.659,192.566,175.954],"t":[0,0,0],"timeVisible":0,"type":"right","wrist":[140.824,117.512,190.547]}],"id":127982,"interactionBox":{"center":[0,200,0],"size":[235.247,235.247,147.751]},"pointables":[{"bases":[[[0.956069,0.172571,0.236963],[-0.193569,-0.235408,0.952426],[0.220143,-0.956453,-0.191662]],[[0.883054,0.381196,0.273689],[-0.149423,-0.32446,0.934023],[0.444847,-0.865688,-0.229556]],[[0.883054,0.381196,0.273689],[-0.322444,0.0691415,0.94406],[0.340949,-0.921905,0.18397]],[[0.883054,0.381196,0.273689],[-0.411672,0.349316,0.841727],[0.225259,-0.85596,0.465393]]],"btipPosition":[70.387,234.428,190.958],"carpPosition":[110.27,137.86,196.778],"dipPosition":[75.7641,213.996,202.067],"direction":[-0.340949,0.921905,-0.18397],"extended":true,"handId":188,"id":1880,"length":53.1564,"mcpPosition":[110.27,137.86,196.778],"pipPosition":[87.6209,181.936,208.465],"stabilizedTipPosition":[71.6238,229.729,193.513],"timeVisible":0,"tipPosition":[71.6238,229.729,193.513],"tipVelocity":[1.19209e-7,1.19209e-7,1.19209e-7],"tool":false,"touchDistance":1,"touchZone":"none","type":0,"width":20.6541},{"bases":[[[0.454533,-0.310836,-0.834734],[0.890349,0.131142,0.435982],[-0.0260506,-0.941373,0.336361]],[[0.455107,-0.230099,-0.860193],[0.885105,0.222461,0.40878],[0.0972992,-0.9474,0.304905]],[[0.455107,-0.230099,-0.860193],[0.835343,0.444857,0.322962],[0.30835,-0.865538,0.394669]],[[0.455107,-0.230099,-0.860193],[0.775202,0.577689,0.255611],[0.438108,-0.783154,0.441284]]],"btipPosition":[128.003,291.062,127.891],"carpPosition":[147.834,148.364,182.836],"dipPosition":[136.352,276.138,136.3],"direction":[-0.30835,0.865538,-0.394669],"extended":true,"handId":188,"id":1883,"length":65.7142,"mcpPosition":[149.498,208.508,161.346],"pipPosition":[145.064,251.682,147.451],"stabilizedTipPosition":[129.923,287.629,129.825],"timeVisible":0,"tipPosition":[129.923,287.629,129.825],"tipVelocity":[1.19209e-7,1.19209e-7,1.19209e-7],"tool":false,"touchDistance":1,"touchZone":"none","type":3,"width":18.4378},{"bases":[[[0.295061,-0.435067,-0.850679],[0.944384,-0.00248801,0.328835],[-0.145182,-0.900394,0.410137]],[[0.316177,-0.268004,-0.910058],[0.948351,0.115313,0.295522],[0.0257408,-0.956492,0.290622]],[[0.316177,-0.268004,-0.910058],[0.922918,0.309005,0.229646],[0.219667,-0.912518,0.345047]],[[0.316177,-0.268004,-0.910058],[0.873117,0.457413,0.168639],[0.371077,-0.847907,0.378623]]],"btipPosition":[146.289,264.574,120.913],"carpPosition":[149.537,143.716,169.19],"dipPosition":[152.813,249.667,127.569],"direction":[-0.219667,0.912518,-0.345046],"extended":true,"handId":188,"id":1884,"length":51.5187,"mcpPosition":[158.124,196.967,144.934],"pipPosition":[157.195,231.463,134.453],"stabilizedTipPosition":[147.79,261.145,122.444],"timeVisible":0,"tipPosition":[147.79,261.145,122.444],"tipVelocity":[1.19209e-7,1.19209e-7,1.19209e-7],"tool":false,"touchDistance":1,"touchZone":"none","type":4,"width":16.3779},{"bases":[[[0.63827,0.00939389,-0.769755],[0.753572,0.196686,0.627251],[0.157293,-0.980421,0.11846]],[[0.656629,-0.18007,-0.732402],[0.750805,0.248274,0.612088],[0.0716175,-0.951806,0.298222]],[[0.656629,-0.18007,-0.732402],[0.729751,0.397001,0.556645],[0.190529,-0.89998,0.392089]],[[0.656629,-0.18007,-0.732402],[0.687852,0.541278,0.483609],[0.30935,-0.821336,0.479281]]],"btipPosition":[106.504,300.075,161.645],"carpPosition":[131.533,148.298,201.62],"dipPosition":[111.895,285.762,169.997],"direction":[-0.190529,0.89998,-0.392089],"extended":true,"handId":188,"id":1881,"length":59.981,"mcpPosition":[119.73,221.867,192.731],"pipPosition":[116.592,263.575,179.663],"stabilizedTipPosition":[107.744,296.783,163.566],"timeVisible":0,"tipPosition":[107.744,296.783,163.566],"tipVelocity":[1.19209e-7,1.19209e-7,1.19209e-7],"tool":false,"touchDistance":1,"touchZone":"none","type":1,"width":19.7288},{"bases":[[[0.515772,-0.15682,-0.842251],[0.853901,0.17387,0.490533],[0.069517,-0.972202,0.223586]],[[0.517995,-0.192762,-0.833381],[0.851016,0.21446,0.479352],[0.0863263,-0.957523,0.275133]],[[0.517995,-0.192762,-0.833381],[0.80883,0.42741,0.403875],[0.278344,-0.883269,0.377308]],[[0.517995,-0.192762,-0.833381],[0.728929,0.609285,0.312144],[0.447597,-0.769165,0.456117]]],"btipPosition":[114.834,305.963,143.953],"carpPosition":[140.677,149.346,193.075],"dipPosition":[123.413,291.22,152.695],"direction":[-0.278344,0.883269,-0.377308],"extended":true,"handId":188,"id":1882,"length":68.3436,"mcpPosition":[135.73,218.528,177.164],"pipPosition":[131.486,265.602,163.638],"stabilizedTipPosition":[116.807,302.572,145.963],"timeVisible":0,"tipPosition":[116.807,302.572,145.963],"tipVelocity":[1.19209e-7,1.19209e-7,1.19209e-7],"tool":false,"touchDistance":1,"touchZone":"none","type":2,"width":19.3763}],"r":[[1,5.55112e-18,-6.245e-18],[-5.55112e-18,1,6.93335e-35],[6.245e-18,-3.46667e-35,1]],"s":1,"t":[0,0,0],"timestamp":258672641547},{"currentFrameRate":25.3978,"devices":[],"gestures":[],"hands":[{"armBasis":[[0.776368,-0.107483,-0.621047],[0.501263,0.702627,0.505025],[0.382083,-0.703394,0.599374]],"armWidth":67.2482,"confidence":0.203555,"direction":[0.0525187,0.993811,-0.0978847],"elbow":[241.559,-61.7821,342.797],"grabAngle":0.403354,"grabStrength":0,"id":188,"palmNormal":[-0.63146,-0.0428864,-0.774222],"palmPosition":[126.539,207.326,165.556],"palmVelocity":[-156.173,376.648,-265.357],"palmWidth":92.8057,"pinchDistance":66.9764,"pinchStrength":0,"r":[[0.999248,0.00629036,0.0382628],[-0.00660722,0.999945,0.00816039],[-0.0382093,-0.00840706,0.999234]],"s":0.989186,"sphereCenter":[-8.05967,203.049,4.82752],"sphereRadius":212.395,"stabilizedPalmPosition":[128.933,201.551,169.624],"t":[-3.05997,7.37985,-5.19927],"timeVisible":0.039187,"type":"right","wrist":[136.338,131.924,177.737]}],"id":127983,"interactionBox":{"center":[0,200,0],"size":[235.247,235.247,147.751]},"pointables":[{"bases":[[[0.886349,0.191049,0.421765],[-0.36071,-0.286201,0.887681],[0.290301,-0.93893,-0.184761]],[[0.852217,0.285579,0.438374],[-0.305706,-0.408162,0.860202],[0.424583,-0.867092,-0.260539]],[[0.852217,0.285579,0.438374],[-0.472724,0.061277,0.879077],[0.224184,-0.956394,0.187222]],[[0.852217,0.285579,0.438374],[-0.522207,0.412992,0.746148],[0.0320398,-0.864802,0.50109]]],"btipPosition":[72.5359,249.673,174.078],"carpPosition":[102.81,151.02,179.492],"dipPosition":[73.3092,228.798,186.173],"direction":[-0.224184,0.956394,-0.187222],"extended":true,"handId":188,"id":1880,"length":53.7508,"mcpPosition":[102.81,151.02,179.492],"pipPosition":[81.1926,195.167,192.757],"stabilizedTipPosition":[72.0599,235.788,186.849],"timeVisible":0.039187,"tipPosition":[67.4927,243.338,174.832],"tipVelocity":[27.8145,386.427,-424.978],"tool":false,"touchDistance":1,"touchZone":"none","type":0,"width":21.6861},{"bases":[[[0.616223,-0.256551,-0.744614],[0.785871,0.138202,0.60275],[-0.0517293,-0.956599,0.286779]],[[0.618389,-0.177946,-0.765461],[0.784857,0.189344,0.590042],[0.03994,-0.965652,0.25675]],[[0.618389,-0.177946,-0.765461],[0.760928,0.379036,0.526613],[0.196428,-0.908112,0.369796]],[[0.618389,-0.177946,-0.765461],[0.723807,0.508352,0.466563],[0.306101,-0.842563,0.443158]]],"btipPosition":[131.838,311.141,124.15],"carpPosition":[141.884,163.344,173.409],"dipPosition":[137.737,294.905,132.69],"direction":[-0.196428,0.908112,-0.369796],"extended":true,"handId":188,"id":1883,"length":66.4491,"mcpPosition":[145.189,224.462,155.086],"pipPosition":[143.349,268.96,143.255],"stabilizedTipPosition":[132.97,306.047,126.369],"timeVisible":0.039187,"tipPosition":[130.173,305.296,124.416],"tipVelocity":[83.4971,504.697,-94.6957],"tool":false,"touchDistance":1,"touchZone":"none","type":3,"width":19.359},{"bases":[[[0.771463,0.0658461,-0.632858],[0.612885,0.190294,0.766916],[0.170927,-0.979517,0.106448]],[[0.790146,-0.155463,-0.592875],[0.612546,0.23403,0.754995],[0.0213767,-0.959719,0.280146]],[[0.790146,-0.155463,-0.592875],[0.597667,0.409874,0.689055],[0.135882,-0.898796,0.416776]],[[0.790146,-0.155463,-0.592875],[0.571275,0.537262,0.620479],[0.222068,-0.828964,0.513328]]],"btipPosition":[101.267,314.918,148.884],"carpPosition":[122.341,161.879,188.72],"dipPosition":[105.18,300.31,157.93],"direction":[-0.135882,0.898796,-0.416776],"extended":true,"handId":188,"id":1881,"length":60.6518,"mcpPosition":[109.515,235.379,180.732],"pipPosition":[108.567,277.904,168.319],"stabilizedTipPosition":[104.759,304.69,156.822],"timeVisible":0.039187,"tipPosition":[100.594,311.241,152.568],"tipVelocity":[-142.312,377.035,-321.575],"tool":false,"touchDistance":1,"touchZone":"none","type":1,"width":20.7146},{"bases":[[[0.671602,-0.100507,-0.734063],[0.738091,0.177135,0.651034],[0.0645947,-0.979041,0.193148]],[[0.674291,-0.159998,-0.720925],[0.737139,0.204331,0.644108],[0.0442517,-0.965738,0.255719]],[[0.674291,-0.159998,-0.720925],[0.714511,0.387991,0.582183],[0.186565,-0.907669,0.375939]],[[0.674291,-0.159998,-0.720925],[0.681894,0.50964,0.524678],[0.283465,-0.84538,0.452747]]],"btipPosition":[115.125,324.298,135.868],"carpPosition":[132.887,163.616,182.125],"dipPosition":[120.619,307.914,144.643],"direction":[-0.186565,0.907669,-0.375939],"extended":true,"handId":188,"id":1882,"length":69.1079,"mcpPosition":[128.29,233.285,168.381],"pipPosition":[126.09,281.293,155.668],"stabilizedTipPosition":[116.476,316.775,139.575],"timeVisible":0.039187,"tipPosition":[113.368,318.726,137.658],"tipVelocity":[-10.6816,458.266,-206.119],"tool":false,"touchDistance":1,"touchZone":"none","type":2,"width":20.3444},{"bases":[[[0.467719,-0.384827,-0.795706],[0.864471,0.0115562,0.50255],[-0.1842,-0.922916,0.338077]],[[0.494844,-0.195427,-0.846722],[0.868755,0.0889777,0.487184],[-0.0198697,-0.976674,0.213808]],[[0.494844,-0.195427,-0.846722],[0.847884,0.321989,0.421207],[0.190319,-0.926354,0.325034]],[[0.494844,-0.195427,-0.846722],[0.811355,0.452828,0.369661],[0.311178,-0.869917,0.38264]]],"btipPosition":[148.57,283.756,119.01],"carpPosition":[146.322,159.404,160.161],"dipPosition":[154.102,268.292,125.812],"direction":[-0.190319,0.926354,-0.325034],"extended":true,"handId":188,"id":1884,"length":52.0948,"mcpPosition":[157.216,213.988,140.166],"pipPosition":[157.941,249.605,132.369],"stabilizedTipPosition":[149.672,278.62,120.729],"timeVisible":0.039187,"tipPosition":[148.94,279.016,119.019],"tipVelocity":[52.3668,486.237,-47.7],"tool":false,"touchDistance":1,"touchZone":"none","type":4,"width":17.1962}],"r":[[0.999248,0.00629036,0.0382628],[-0.00660722,0.999945,0.00816039],[-0.0382093,-0.00840706,0.999234]],"s":0.989186,"t":[-3.05997,7.37985,-5.19927],"timestamp":258672680734},{"currentFrameRate":26.4483,"devices":[],"gestures":[],"hands":[{"armBasis":[[0.769966,-0.083775,-0.632561],[0.504407,0.68707,0.52298],[0.390801,-0.721745,0.571278]],"armWidth":67.2482,"confidence":0.351284,"direction":[0.0468074,0.996375,-0.0710303],"elbow":[241.698,-53.8145,323.129],"grabAngle":0.46311,"grabStrength":0,"id":188,"palmNormal":[-0.637962,-0.0248984,-0.769665],"palmPosition":[123.806,220.629,155.853],"palmVelocity":[-89.7189,436.714,-318.511],"palmWidth":92.8057,"pinchDistance":65.1493,"pinchStrength":0,"r":[[0.997669,0.0118768,0.0671987],[-0.0132466,0.999713,0.0199761],[-0.0669422,-0.0208197,0.99754]],"s":0.979862,"sphereCenter":[7.52825,221.837,7.15578],"sphereRadius":191.065,"stabilizedPalmPosition":[125.147,215.64,159.454],"t":[-5.95643,17.7212,-12.65],"timeVisible":0.069648,"type":"right","wrist":[134.076,144.945,165.806]}],"id":127984,"interactionBox":{"center":[0,200,0],"size":[235.247,235.247,147.751]},"pointables":[{"bases":[[[0.889044,0.183964,0.419235],[-0.351562,-0.312253,0.882555],[0.293265,-0.932017,-0.212932]],[[0.849178,0.290482,0.441041],[-0.308528,-0.404916,0.860728],[0.428611,-0.866985,-0.254224]],[[0.849178,0.290482,0.441041],[-0.477573,0.0658958,0.876117],[0.225433,-0.954609,0.194684]],[[0.849178,0.290482,0.441041],[-0.527811,0.438875,0.727189],[0.0176734,-0.850299,0.526003]]],"btipPosition":[70.2984,262.076,161.843],"carpPosition":[100.475,163.841,168.442],"dipPosition":[70.725,241.551,174.54],"direction":[-0.225433,0.954609,-0.194684],"extended":true,"handId":188,"id":1880,"length":53.7508,"mcpPosition":[100.475,163.841,168.442],"pipPosition":[78.6523,207.983,181.386],"stabilizedTipPosition":[71.2647,246.098,176.291],"timeVisible":0.069648,"tipPosition":[65.9377,256.355,166.208],"tipVelocity":[-76.0712,409.821,-397.104],"tool":false,"touchDistance":1,"touchZone":"none","type":0,"width":21.6861},{"bases":[[[0.610961,-0.232899,-0.756627],[0.790406,0.125664,0.599556],[-0.0445548,-0.964348,0.260861]],[[0.612537,-0.17419,-0.77101],[0.789746,0.175775,0.587711],[0.0331513,-0.968897,0.245235]],[[0.612537,-0.17419,-0.77101],[0.763528,0.382755,0.520119],[0.204508,-0.90728,0.36745]],[[0.612537,-0.17419,-0.77101],[0.714353,0.539552,0.445627],[0.338376,-0.823736,0.454929]]],"btipPosition":[128.389,324.583,115.133],"carpPosition":[139.434,176.528,162.365],"dipPosition":[134.91,308.709,123.9],"direction":[-0.204508,0.90728,-0.36745],"extended":true,"handId":188,"id":1883,"length":66.4491,"mcpPosition":[142.281,238.14,145.699],"pipPosition":[140.753,282.788,134.398],"stabilizedTipPosition":[130.264,319.119,118.273],"timeVisible":0.069648,"tipPosition":[127.035,319.867,117.356],"tipVelocity":[-108.522,444.004,-294.298],"tool":false,"touchDistance":1,"touchZone":"none","type":3,"width":19.359},{"bases":[[[0.462646,-0.360487,-0.809943],[0.868748,0.00221542,0.495249],[-0.176736,-0.932762,0.314197]],[[0.484846,-0.207739,-0.84957],[0.874105,0.0824267,0.478693],[-0.0294159,-0.974705,0.22155]],[[0.484846,-0.207739,-0.84957],[0.849425,0.343232,0.400835],[0.20833,-0.915989,0.342873]],[[0.484846,-0.207739,-0.84957],[0.803938,0.488364,0.339388],[0.344395,-0.847552,0.40379]]],"btipPosition":[144.976,297.231,108.22],"carpPosition":[143.775,172.975,148.977],"dipPosition":[151.098,282.163,115.398],"direction":[-0.20833,0.915989,-0.342873],"extended":true,"handId":188,"id":1884,"length":52.0948,"mcpPosition":[154.228,228.14,130.394],"pipPosition":[155.301,263.686,122.315],"stabilizedTipPosition":[146.869,291.53,111.473],"timeVisible":0.069648,"tipPosition":[145.616,293.696,110.891],"tipVelocity":[-113.523,445.349,-351.387],"tool":false,"touchDistance":1,"touchZone":"none","type":4,"width":17.1962},{"bases":[[[0.765591,0.0871074,-0.637403],[0.618604,0.172353,0.766566],[0.176632,-0.981176,0.0780673]],[[0.785675,-0.143874,-0.601677],[0.617407,0.243711,0.74794],[0.0390262,-0.959117,0.280306]],[[0.785675,-0.143874,-0.601677],[0.594364,0.445327,0.669639],[0.171599,-0.883733,0.435396]],[[0.785675,-0.143874,-0.601677],[0.55932,0.580776,0.59149],[0.264339,-0.801249,0.536773]]],"btipPosition":[96.1126,326.816,139.207],"carpPosition":[120.032,174.543,177.798],"dipPosition":[100.771,312.697,148.665],"direction":[-0.171599,0.883733,-0.435396],"extended":true,"handId":188,"id":1881,"length":60.6518,"mcpPosition":[106.778,248.168,171.94],"pipPosition":[105.048,290.667,159.519],"stabilizedTipPosition":[99.7074,317.28,146.525],"timeVisible":0.069648,"tipPosition":[97.2292,324.482,144.982],"tipVelocity":[-163.585,394.297,-314.576],"tool":false,"touchDistance":1,"touchZone":"none","type":1,"width":20.7146},{"bases":[[[0.665667,-0.0769208,-0.742274],[0.742859,0.163015,0.649297],[0.0710576,-0.98362,0.165655]],[[0.668989,-0.144858,-0.729019],[0.741639,0.195068,0.64181],[0.0492373,-0.970033,0.237931]],[[0.668989,-0.144858,-0.729019],[0.711697,0.407684,0.572085],[0.214339,-0.90156,0.375831]],[[0.668989,-0.144858,-0.729019],[0.665597,0.55329,0.50085],[0.330807,-0.820297,0.466562]]],"btipPosition":[110.309,337.071,127.481],"carpPosition":[130.511,176.514,171.163],"dipPosition":[116.721,321.172,136.524],"direction":[-0.214339,0.90156,-0.375831],"extended":true,"handId":188,"id":1882,"length":69.1079,"mcpPosition":[125.455,246.509,159.374],"pipPosition":[123.007,294.731,147.546],"stabilizedTipPosition":[112.553,330.686,131.203],"timeVisible":0.069648,"tipPosition":[110.126,332.787,130.91],"tipVelocity":[-151.15,422.976,-273.297],"tool":false,"touchDistance":1,"touchZone":"none","type":2,"width":20.3444}],"r":[[0.997669,0.0118768,0.0671987],[-0.0132466,0.999713,0.0199761],[-0.0669422,-0.0208197,0.99754]],"s":0.979862,"t":[-5.95643,17.7212,-12.65],"timestamp":258672711195},{"currentFrameRate":29.469,"devices":[],"gestures":[],"hands":[{"armBasis":[[0.773317,-0.0596714,-0.631205],[0.500908,0.667821,0.550551],[0.38868,-0.741926,0.546327]],"armWidth":67.2482,"confidence":0.414994,"direction":[0.0366672,0.997286,-0.063844],"elbow":[240.77,-53.812,310.545],"grabAngle":0.469976,"grabStrength":0,"id":188,"palmNormal":[-0.627275,-0.0267644,-0.778338],"palmPosition":[122.806,226.269,150.84],"palmVelocity":[-70.4877,397.62,-353.47],"palmWidth":92.8057,"pinchDistance":65.9996,"pinchStrength":0,"r":[[0.995495,0.0181665,0.0930577],[-0.0210916,0.999311,0.0305468],[-0.0924386,-0.032372,0.995192]],"s":0.974081,"sphereCenter":[19.1257,229.639,8.00959],"sphereRadius":178.997,"stabilizedPalmPosition":[124.133,220.242,155.724],"t":[-7.90455,25.7117,-18.8822],"timeVisible":0.083832,"type":"right","wrist":[133.732,150.505,160.093]}],"id":127985,"interactionBox":{"center":[0,200,0],"size":[235.247,235.247,147.751]},"pointables":[{"bases":[[[0.881245,0.190942,0.432374],[-0.35986,-0.322037,0.875667],[0.306443,-0.927272,-0.215081]],[[0.834661,0.3083,0.45639],[-0.312959,-0.416386,0.853627],[0.453208,-0.855321,-0.251056]],[[0.834661,0.3083,0.45639],[-0.501712,0.0837536,0.860971],[0.227213,-0.947595,0.224584]],[[0.834661,0.3083,0.45639],[-0.550764,0.467391,0.691524],[-0.000115632,-0.828551,0.559914]]],"btipPosition":[68.8797,266.013,154.11],"carpPosition":[99.9413,169.144,162.74],"dipPosition":[68.8769,246.013,167.625],"direction":[-0.227213,0.947595,-0.224584],"extended":true,"handId":188,"id":1880,"length":53.7508,"mcpPosition":[99.9413,169.144,162.74],"pipPosition":[76.8668,212.691,175.522],"stabilizedTipPosition":[70.7664,249.297,172.307],"timeVisible":0.083832,"tipPosition":[65.005,261.301,160.192],"tipVelocity":[-106.985,286.08,-531.975],"tool":false,"touchDistance":1,"touchZone":"none","type":0,"width":21.6861},{"bases":[[[0.623598,-0.221052,-0.749841],[0.780854,0.130347,0.610963],[-0.0373147,-0.966512,0.253894]],[[0.624683,-0.172562,-0.761573],[0.780498,0.168431,0.602042],[0.0243832,-0.970491,0.2399]],[[0.624683,-0.172562,-0.761573],[0.754801,0.38337,0.532262],[0.200116,-0.907331,0.369734]],[[0.624683,-0.172562,-0.761573],[0.703041,0.548753,0.452332],[0.33986,-0.817981,0.464115]]],"btipPosition":[127.829,330.457,110.488],"carpPosition":[138.835,182.3,157.271],"dipPosition":[134.378,314.695,119.432],"direction":[-0.200116,0.907331,-0.369734],"extended":true,"handId":188,"id":1883,"length":66.4491,"mcpPosition":[141.219,244.051,141.05],"pipPosition":[140.096,288.772,129.995],"stabilizedTipPosition":[129.724,323.602,114.943],"timeVisible":0.083832,"tipPosition":[125.714,325.864,113.008],"tipVelocity":[-39.0457,415.966,-324.609],"tool":false,"touchDistance":1,"touchZone":"none","type":3,"width":19.359},{"bases":[[[0.477439,-0.349908,-0.805988],[0.861956,0.00847441,0.506913],[-0.170542,-0.936746,0.305651]],[[0.497067,-0.210911,-0.841689],[0.866886,0.0783921,0.492304],[-0.0378507,-0.974357,0.221802]],[[0.497067,-0.210911,-0.841689],[0.846451,0.331272,0.416869],[0.190906,-0.91966,0.343191]],[[0.497067,-0.210911,-0.841689],[0.804317,0.47595,0.355733],[0.325574,-0.853808,0.406219]]],"btipPosition":[145.223,303.549,103.61],"carpPosition":[143.395,178.885,143.92],"dipPosition":[151.011,288.371,110.831],"direction":[-0.190906,0.91966,-0.343191],"extended":true,"handId":188,"id":1884,"length":52.0948,"mcpPosition":[153.481,234.286,125.843],"pipPosition":[154.862,269.819,117.754],"stabilizedTipPosition":[146.692,296.317,107.992],"timeVisible":0.083832,"tipPosition":[144.591,299.889,106.535],"tipVelocity":[11.9769,443.67,-324.335],"tool":false,"touchDistance":1,"touchZone":"none","type":4,"width":17.1962},{"bases":[[[0.773047,0.0998328,-0.626444],[0.606322,0.174014,0.775947],[0.186475,-0.97967,0.0739904]],[[0.795147,-0.145857,-0.588614],[0.605706,0.238011,0.759257],[0.0293534,-0.960248,0.2776]],[[0.795147,-0.145857,-0.588614],[0.583891,0.446243,0.678188],[0.163747,-0.882945,0.439994]],[[0.795147,-0.145857,-0.588614],[0.543187,0.602852,0.584395],[0.269609,-0.784408,0.558584]]],"btipPosition":[95.125,331.891,133.764],"carpPosition":[119.251,179.998,172.428],"dipPosition":[99.8759,318.069,143.607],"direction":[-0.163747,0.882945,-0.439994],"extended":true,"handId":188,"id":1881,"length":60.6518,"mcpPosition":[105.258,253.51,166.876],"pipPosition":[103.958,296.058,154.575],"stabilizedTipPosition":[98.4128,321.521,142.631],"timeVisible":0.083832,"tipPosition":[95.2992,329.803,139.97],"tipVelocity":[-68.1258,362.626,-377.504],"tool":false,"touchDistance":1,"touchZone":"none","type":1,"width":20.7146},{"bases":[[[0.676367,-0.0645798,-0.733728],[0.732232,0.166836,0.660304],[0.0797702,-0.983867,0.16013]],[[0.680573,-0.142766,-0.718637],[0.731326,0.191992,0.654448],[0.0445393,-0.970957,0.235073]],[[0.680573,-0.142766,-0.718637],[0.699141,0.419902,0.578691],[0.21914,-0.89627,0.385588]],[[0.680573,-0.142766,-0.718637],[0.650429,0.569248,0.50289],[0.337287,-0.809676,0.480274]]],"btipPosition":[108.941,342.388,122.25],"carpPosition":[129.796,182.129,165.948],"dipPosition":[115.479,326.695,131.558],"direction":[-0.21914,0.89627,-0.385588],"extended":true,"handId":188,"id":1882,"length":69.1079,"mcpPosition":[124.12,252.141,154.553],"pipPosition":[121.905,300.409,142.867],"stabilizedTipPosition":[111.483,334.795,127.744],"timeVisible":0.083832,"tipPosition":[108.352,338.455,126.325],"tipVelocity":[-94.4098,378.206,-364.526],"tool":false,"touchDistance":1,"touchZone":"none","type":2,"width":20.3444}],"r":[[0.995495,0.0181665,0.0930577],[-0.0210916,0.999311,0.0305468],[-0.0924386,-0.032372,0.995192]],"s":0.974081,"t":[-7.90455,25.7117,-18.8822],"timestamp":258672725379},{"currentFrameRate":32.2757,"devices":[],"gestures":[],"hands":[{"armBasis":[[0.777208,-0.0340561,-0.628321],[0.493517,0.652461,0.575096],[0.390369,-0.757057,0.523905]],"armWidth":67.2482,"confidence":0.475042,"direction":[0.0282298,0.99811,-0.0545908],"elbow":[240.958,-53.0358,298.344],"grabAngle":0.449055,"grabStrength":0,"id":188,"palmNormal":[-0.61488,-0.0257191,-0.788201],"palmPosition":[121.936,231.276,145.585],"palmVelocity":[-61.1583,352.037,-369.398],"palmWidth":92.8057,"pinchDistance":66.6748,"pinchStrength":0,"r":[[0.992841,0.024644,0.116873],[-0.0295587,0.998742,0.0405065],[-0.115727,-0.0436711,0.992321]],"s":0.973007,"sphereCenter":[24.2215,235.999,1.69703],"sphereRadius":176.706,"stabilizedPalmPosition":[123.287,224.494,151.818],"t":[-9.31357,32.2107,-24.6254],"timeVisible":0.098056,"type":"right","wrist":[133.455,155.448,154.067]}],"id":127986,"interactionBox":{"center":[0,200,0],"size":[235.247,235.247,147.751]},"pointables":[{"bases":[[[0.872609,0.195307,0.44767],[-0.370305,-0.333103,0.867131],[0.318477,-0.922441,-0.218346]],[[0.822224,0.316823,0.472833],[-0.322272,-0.425597,0.845581],[0.469136,-0.847638,-0.247833]],[[0.822224,0.316823,0.472833],[-0.520901,0.0840936,0.849465],[0.229368,-0.944749,0.234178]],[[0.822224,0.316823,0.472833],[-0.569051,0.474153,0.671833],[-0.0113428,-0.821463,0.570149]]],"btipPosition":[67.7532,270.044,147.253],"carpPosition":[99.4306,173.838,156.631],"dipPosition":[67.4794,250.216,161.015],"direction":[-0.229368,0.944749,-0.234178],"extended":false,"handId":188,"id":1880,"length":53.7508,"mcpPosition":[99.4306,173.838,156.631],"pipPosition":[75.5451,216.994,169.249],"stabilizedTipPosition":[70.2304,252.118,168.493],"timeVisible":0.098056,"tipPosition":[63.9428,265.671,154.075],"tipVelocity":[-83.5777,286.21,-478.082],"tool":false,"touchDistance":1,"touchZone":"none","type":0,"width":21.6861},{"bases":[[[0.637182,-0.208599,-0.741947],[0.770045,0.132203,0.624142],[-0.0321076,-0.969025,0.244868]],[[0.637969,-0.167473,-0.75163],[0.769872,0.160374,0.617719],[0.0170905,-0.972745,0.231246]],[[0.637969,-0.167473,-0.75163],[0.746921,0.372058,0.551073],[0.187361,-0.912976,0.362451]],[[0.637969,-0.167473,-0.75163],[0.701028,0.530236,0.476875],[0.318678,-0.831145,0.455677]]],"btipPosition":[128.048,336.24,106.446],"carpPosition":[138.278,187.403,151.883],"dipPosition":[134.189,320.224,115.227],"direction":[-0.187361,0.912976,-0.362451],"extended":true,"handId":188,"id":1883,"length":66.4491,"mcpPosition":[140.33,249.314,136.238],"pipPosition":[139.542,294.139,125.582],"stabilizedTipPosition":[129.577,328.607,111.323],"timeVisible":0.098056,"tipPosition":[124.92,331.34,108.653],"tipVelocity":[8.81059,402.442,-286.818],"tool":false,"touchDistance":1,"touchZone":"none","type":3,"width":19.359},{"bases":[[[0.493132,-0.338308,-0.801479],[0.853893,0.0120151,0.520309],[-0.166395,-0.940959,0.294804]],[[0.510749,-0.211455,-0.83332],[0.858347,0.070454,0.50821],[-0.048753,-0.974845,0.217486]],[[0.510749,-0.211455,-0.83332],[0.843055,0.313164,0.43725],[0.168507,-0.925859,0.338216]],[[0.510749,-0.211455,-0.83332],[0.80552,0.45644,0.377888],[0.300454,-0.864262,0.403458]]],"btipPosition":[145.955,309.391,99.2128],"carpPosition":[143.076,184.149,138.574],"dipPosition":[151.296,294.027,106.385],"direction":[-0.168507,0.925859,-0.338216],"extended":true,"handId":188,"id":1884,"length":52.0948,"mcpPosition":[152.917,239.8,121.139],"pipPosition":[154.695,275.35,113.208],"stabilizedTipPosition":[146.954,301.412,104.184],"timeVisible":0.098056,"tipPosition":[144.031,305.519,102.136],"tipVelocity":[44.2396,407.707,-309.906],"tool":false,"touchDistance":1,"touchZone":"none","type":4,"width":17.1962},{"bases":[[[0.781667,0.112559,-0.613455],[0.592576,0.172783,0.786765],[0.194552,-0.978507,0.0683587]],[[0.805484,-0.135597,-0.576896],[0.592203,0.220587,0.775008],[0.0221667,-0.965896,0.25798]],[[0.805484,-0.135597,-0.576896],[0.572839,0.427553,0.699324],[0.151827,-0.893763,0.422062]],[[0.805484,-0.135597,-0.576896],[0.531831,0.594859,0.602743],[0.261441,-0.792311,0.551264]]],"btipPosition":[94.5121,337.25,129.916],"carpPosition":[118.485,184.785,166.712],"dipPosition":[99.1191,323.289,139.63],"direction":[-0.151827,0.893763,-0.422062],"extended":true,"handId":188,"id":1881,"length":60.6518,"mcpPosition":[103.886,258.21,161.583],"pipPosition":[102.904,301.009,150.152],"stabilizedTipPosition":[97.3282,326.3,138.63],"timeVisible":0.098056,"tipPosition":[93.7909,334.59,134.93],"tipVelocity":[-45.4129,374.518,-272.578],"tool":false,"touchDistance":1,"touchZone":"none","type":1,"width":20.7146},{"bases":[[[0.688215,-0.051791,-0.723656],[0.720323,0.1678,0.673037],[0.0865723,-0.98446,0.152789]],[[0.693034,-0.133577,-0.708422],[0.71969,0.185232,0.669131],[0.0418419,-0.973574,0.224505]],[[0.693034,-0.133577,-0.708422],[0.689286,0.41062,0.596889],[0.211162,-0.901969,0.376646]],[[0.693034,-0.133577,-0.708422],[0.645732,0.551933,0.527636],[0.320522,-0.82312,0.468763]]],"btipPosition":[108.463,347.93,118.251],"carpPosition":[129.108,187.071,160.416],"dipPosition":[114.675,331.977,127.336],"direction":[-0.211162,0.901969,-0.376646],"extended":true,"handId":188,"id":1882,"length":69.1079,"mcpPosition":[122.948,257.126,149.543],"pipPosition":[120.868,305.524,138.383],"stabilizedTipPosition":[110.697,339.469,124.088],"timeVisible":0.098056,"tipPosition":[107.02,343.586,121.722],"tipVelocity":[-38.9235,385.443,-284.74],"tool":false,"touchDistance":1,"touchZone":"none","type":2,"width":20.3444}],"r":[[0.992841,0.024644,0.116873],[-0.0295587,0.998742,0.0405065],[-0.115727,-0.0436711,0.992321]],"s":0.973007,"t":[-9.31357,32.2107,-24.6254],"timestamp":258672739603},{"currentFrameRate":35.2087,"devices":[],"gestures":[],"hands":[{"armBasis":[[0.770259,-0.0208586,-0.63739],[0.500517,0.63914,0.583937],[0.395201,-0.768808,0.502743]],"armWidth":67.2482,"confidence":0.523518,"direction":[0.0202311,0.998739,-0.0459532],"elbow":[241.619,-51.8037,286.72],"grabAngle":0.4025,"grabStrength":0,"id":188,"palmNormal":[-0.622918,-0.0233597,-0.781938],"palmPosition":[120.7,235.789,140.726],"palmVelocity":[-100.778,367.963,-396.205],"palmWidth":92.8057,"pinchDistance":59.3289,"pinchStrength":0,"r":[[0.990513,0.030895,0.133903],[-0.0379097,0.998022,0.0501572],[-0.132089,-0.0547576,0.989724]],"s":0.975528,"sphereCenter":[22.165,241.179,-6.63947],"sphereRadius":180.324,"stabilizedPalmPosition":[122.482,228.01,148.364],"t":[-10.6361,37.7167,-29.9268],"timeVisible":0.110321,"type":"right","wrist":[132.786,159.917,148.271]}],"id":127987,"interactionBox":{"center":[0,200,0],"size":[235.247,235.247,147.751]},"pointables":[{"bases":[[[0.875788,0.197895,0.440265],[-0.358687,-0.343557,0.867936],[0.323017,-0.918045,-0.2299]],[[0.821614,0.325121,0.468237],[-0.312751,-0.429646,0.847108],[0.476589,-0.842437,-0.251321]],[[0.821614,0.325121,0.468237],[-0.516917,0.0786627,0.852413],[0.240305,-0.942395,0.232691]],[[0.821614,0.325121,0.468237],[-0.570043,0.467001,0.675989],[0.00111131,-0.822318,0.569027]]],"btipPosition":[65.9976,273.967,142.37],"carpPosition":[98.7396,178.087,151.492],"dipPosition":[66.0244,254.118,156.105],"direction":[-0.240305,0.942395,-0.232691],"extended":false,"handId":188,"id":1880,"length":53.7508,"mcpPosition":[98.7396,178.087,151.492],"pipPosition":[74.4747,220.979,164.288],"stabilizedTipPosition":[69.6074,254.665,165.108],"timeVisible":0.110321,"tipPosition":[62.7513,269.654,149.854],"tipVelocity":[-137.502,319.436,-398.58],"tool":false,"touchDistance":1,"touchZone":"none","type":0,"width":21.6861},{"bases":[[[0.630886,-0.197209,-0.750395],[0.775555,0.132459,0.617227],[-0.0223259,-0.971372,0.236513]],[[0.631272,-0.157781,-0.759342],[0.775402,0.148208,0.613829],[0.0156901,-0.976289,0.215903]],[[0.631272,-0.157781,-0.759342],[0.755797,0.344779,0.556685],[0.173971,-0.925329,0.3369]],[[0.631272,-0.157781,-0.759342],[0.718918,0.486351,0.496609],[0.290951,-0.8594,0.420451]]],"btipPosition":[127.56,342.034,103.672],"carpPosition":[137.433,191.987,146.46],"dipPosition":[133.166,325.473,111.775],"direction":[-0.173971,0.925328,-0.3369],"extended":true,"handId":188,"id":1883,"length":66.4491,"mcpPosition":[138.86,254.048,131.349],"pipPosition":[138.137,299.036,121.4],"stabilizedTipPosition":[129.196,333.647,108.29],"timeVisible":0.110321,"tipPosition":[123.373,336.461,104.776],"tipVelocity":[-49.8512,462.182,-238.854],"tool":false,"touchDistance":1,"touchZone":"none","type":3,"width":19.359},{"bases":[[[0.487187,-0.327466,-0.809577],[0.859199,0.0138314,0.511454],[-0.156286,-0.944762,0.288097]],[[0.50328,-0.202829,-0.839982],[0.862356,0.0557468,0.503224],[-0.0552423,-0.977626,0.202967]],[[0.50328,-0.202829,-0.839982],[0.851542,0.281683,0.442188],[0.14692,-0.937825,0.314483]],[[0.50328,-0.202829,-0.839982],[0.819736,0.419603,0.389828],[0.273391,-0.884756,0.377444]]],"btipPosition":[145.549,315.061,95.5791],"carpPosition":[142.115,188.887,133.073],"dipPosition":[150.409,299.332,102.289],"direction":[-0.14692,0.937825,-0.314483],"extended":true,"handId":188,"id":1884,"length":52.0948,"mcpPosition":[151.358,244.762,116.035],"pipPosition":[153.373,280.414,108.633],"stabilizedTipPosition":[146.817,306.2,100.814],"timeVisible":0.110321,"tipPosition":[142.352,310.679,97.6454],"tipVelocity":[-42.0927,455.428,-304.933],"tool":false,"touchDistance":1,"touchZone":"none","type":4,"width":17.1962},{"bases":[[[0.77432,0.123877,-0.620551],[0.599508,0.170258,0.78205],[0.202532,-0.977582,0.0575695]],[[0.800365,-0.124483,-0.586447],[0.598972,0.207584,0.773396],[0.0254628,-0.970264,0.240705]],[[0.800365,-0.124483,-0.586447],[0.58213,0.395215,0.710584],[0.143317,-0.910115,0.388782]],[[0.800365,-0.124483,-0.586447],[0.546356,0.55415,0.628023],[0.246801,-0.823057,0.511534]]],"btipPosition":[93.5694,342.627,127.78],"carpPosition":[117.817,189.088,161.471],"dipPosition":[97.9184,328.123,136.794],"direction":[-0.143317,0.910115,-0.388782],"extended":true,"handId":188,"id":1881,"length":60.6518,"mcpPosition":[102.619,262.443,157.151],"pipPosition":[101.491,305.436,146.486],"stabilizedTipPosition":[96.2561,331.349,135.219],"timeVisible":0.110321,"tipPosition":[92.0146,339.015,131.122],"tipVelocity":[-81.7007,428.199,-187.32],"tool":false,"touchDistance":1,"touchZone":"none","type":1,"width":20.7146},{"bases":[[[0.680941,-0.0401894,-0.731235],[0.726086,0.167246,0.666954],[0.0954916,-0.985096,0.143066]],[[0.686473,-0.120699,-0.717068],[0.725537,0.179456,0.664373],[0.048493,-0.976334,0.210763]],[[0.686473,-0.120699,-0.717068],[0.697005,0.39024,0.601579],[0.207219,-0.912767,0.352017]],[[0.686473,-0.120699,-0.717068],[0.659445,0.518872,0.54397],[0.30641,-0.846288,0.435786]]],"btipPosition":[107.134,353.317,115.656],"carpPosition":[128.356,191.51,155.085],"dipPosition":[113.073,336.915,124.103],"direction":[-0.207219,0.912767,-0.352017],"extended":true,"handId":188,"id":1882,"length":69.1079,"mcpPosition":[121.561,261.61,144.904],"pipPosition":[119.15,310.145,134.427],"stabilizedTipPosition":[109.661,344.221,121.028],"timeVisible":0.110321,"tipPosition":[105.049,348.316,117.986],"tipVelocity":[-113.428,430.775,-223.528],"tool":false,"touchDistance":1,"touchZone":"none","type":2,"width":20.3444}],"r":[[0.990513,0.030895,0.133903],[-0.0379097,0.998022,0.0501572],[-0.132089,-0.0547576,0.989724]],"s":0.975528,"t":[-10.6361,37.7167,-29.9268],"timestamp":258672751868},{"currentFrameRate":38.0981,"devices":[],"gestures":[],"hands":[{"armBasis":[[0.763017,-0.00791264,-0.64633],[0.511556,0.618621,0.596337],[0.395115,-0.78565,0.476066]],"armWidth":67.2482,"confidence":0.566187,"direction":[0.0128614,0.999219,-0.0373558],"elbow":[240.473,-52.2652,273.249],"grabAngle":0.362032,"grabStrength":0,"id":188,"palmNormal":[-0.631209,-0.0208613,-0.775332],"palmPosition":[119.119,240.035,135.609],"palmVelocity":[-137.16,368.352,-443.993],"palmWidth":92.8057,"pinchDistance":51.2592,"pinchStrength":0,"r":[[0.988676,0.0368885,0.145464],[-0.0459744,0.997163,0.0596025],[-0.142852,-0.0656152,0.987567]],"s":0.97975,"sphereCenter":[24.3946,247.524,-9.94946],"sphereRadius":177.119,"stabilizedPalmPosition":[121.59,231.198,144.983],"t":[-12.0878,42.5925,-35.1362],"timeVisible":0.121847,"type":"right","wrist":[131.663,164.093,142.146]}],"id":127988,"interactionBox":{"center":[0,200,0],"size":[235.247,235.247,147.751]},"pointables":[{"bases":[[[0.879142,0.200138,0.432498],[-0.346857,-0.353629,0.868699],[0.326803,-0.913724,-0.24147]],[[0.820829,0.333673,0.463575],[-0.303286,-0.433129,0.848774],[0.484,-0.837294,-0.254327]],[[0.820829,0.333673,0.463575],[-0.513792,0.0767965,0.854471],[0.249513,-0.939556,0.234475]],[[0.820829,0.333673,0.463575],[-0.571088,0.46543,0.67619],[0.00986449,-0.819779,0.572596]]],"btipPosition":[64.02,277.546,136.984],"carpPosition":[97.6744,182.089,146.102],"dipPosition":[64.2581,257.758,150.805],"direction":[-0.249513,0.939556,-0.234475],"extended":false,"handId":188,"id":1880,"length":53.7508,"mcpPosition":[97.6744,182.089,146.102],"pipPosition":[73.0322,224.719,159.051],"stabilizedTipPosition":[68.9025,257.001,161.93],"timeVisible":0.121847,"tipPosition":[61.2623,273.383,145.261],"tipVelocity":[-167.364,311.733,-465.571],"tool":false,"touchDistance":1,"touchZone":"none","type":0,"width":21.6861},{"bases":[[[0.62403,-0.186234,-0.758883],[0.781291,0.132459,0.60995],[-0.0130721,-0.973536,0.228161]],[[0.624056,-0.147332,-0.767364],[0.781236,0.136509,0.609127],[0.0150081,-0.979622,0.20029]],[[0.624056,-0.147332,-0.767364],[0.763901,0.321589,0.559496],[0.16