{"frames":328,"data":[{"currentFrameRate":25.4182,"devices":[],"gestures":[],"hands":[],"id":128648,"interactionBox":{"center":[0,200,0],"size":[235.247,235.247,147.751]},"pointables":[],"r":[[-0.962136,-0.269906,0.0380192],[0.215739,-0.839331,-0.498979],[0.166588,-0.471883,0.86578]],"s":0.686793,"t":[505.899,-233.461,348.339],"timestamp":258690649440},{"currentFrameRate":25.4101,"devices":[],"gestures":[],"hands":[],"id":128649,"interactionBox":{"center":[0,200,0],"size":[235.247,235.247,147.751]},"pointables":[],"r":[[-0.962136,-0.269906,0.0380192],[0.215739,-0.839331,-0.498979],[0.166588,-0.471883,0.86578]],"s":0.686793,"t":[505.899,-233.461,348.339],"timestamp":258690688852},{"currentFrameRate":25.3806,"devices":[],"gestures":[],"hands":[],"id":128650,"interactionBox":{"center":[0,200,0],"size":[235.247,235.247,147.751]},"pointables":[],"r":[[-0.962136,-0.269906,0.0380192],[0.215739,-0.839331,-0.498979],[0.166588,-0.471883,0.86578]],"s":0.686793,"t":[505.899,-233.461,348.339],"timestamp":258690728462},{"currentFrameRate":25.4145,"devices":[],"gestures":[],"hands":[],"id":128651,"interactionBox":{"center":[0,200,0],"size":[235.247,235.247,147.751]},"pointables":[],"r":[[-0.962136,-0.269906,0.0380192],[0.215739,-0.839331,-0.498979],[0.166588,-0.471883,0.86578]],"s":0.686793,"t":[505.899,-233.461,348.339],"timestamp":258690767568},{"currentFrameRate":25.385,"devices":[],"gestures":[],"hands":[],"id":128652,"interactionBox":{"center":[0,200,0],"size":[235.247,235.247,147.751]},"pointables":[],"r":[[-0.962136,-0.269906,0.0380192],[0.215739,-0.839331,-0.498979],[0.166588,-0.471883,0.86578]],"s":0.686793,"t":[505.899,-233.461,348.339],"timestamp":258690807172},{"currentFrameRate":25.4088,"devices":[],"gestures":[],"hands":[],"id":128653,"interactionBox":{"center":[0,200,0],"size":[235.247,235.247,147.751]},"pointables":[],"r":[[-0.962136,-0.269906,0.0380192],[0.215739,-0.839331,-0.498979],[0.166588,-0.471883,0.86578]],"s":0.686793,"t":[505.899,-233.461,348.339],"timestamp":258690846359},{"currentFrameRate":25.4115,"devices":[],"gestures":[],"hands":[],"id":128654,"interactionBox":{"center":[0,200,0],"size":[235.247,235.247,147.751]},"pointables":[],"r":[[-0.962136,-0.269906,0.0380192],[0.215739,-0.839331,-0.498979],[0.166588,-0.471883,0.86578]],"s":0.686793,"t":[505.899,-233.461,348.339],"timestamp":258690885692},{"currentFrameRate":25.3274,"devices":[],"gestures":[],"hands":[],"id":128655,"interactionBox":{"center":[0,200,0],"size":[235.247,235.247,147.751]},"pointables":[],"r":[[-0.962136,-0.269906,0.0380192],[0.215739,-0.839331,-0.498979],[0.166588,-0.471883,0.86578]],"s":0.686793,"t":[505.899,-233.461,348.339],"timestamp":258690925775},{"currentFrameRate":25.4229,"devices":[],"gestures":[],"hands":[],"id":128656,"interactionBox":{"center":[0,200,0],"size":[235.247,235.247,147.751]},"pointables":[],"r":[[-0.962136,-0.269906,0.0380192],[0.215739,-0.839331,-0.498979],[0.166588,-0.471883,0.86578]],"s":0.686793,"t":[505.899,-233.461,348.339],"timestamp":258690964428},{"currentFrameRate":25.4119,"devices":[],"gestures":[],"hands":[],"id":128657,"interactionBox":{"center":[0,200,0],"size":[235.247,235.247,147.751]},"pointables":[],"r":[[-0.962136,-0.269906,0.0380192],[0.215739,-0.839331,-0.498979],[0.166588,-0.471883,0.86578]],"s":0.686793,"t":[505.899,-233.461,348.339],"timestamp":258691003858},{"currentFrameRate":25.4174,"devices":[],"gestures":[],"hands":[],"id":128658,"interactionBox":{"center":[0,200,0],"size":[235.247,235.247,147.751]},"pointables":[],"r":[[-0.962136,-0.269906,0.0380192],[0.215739,-0.839331,-0.498979],[0.166588,-0.471883,0.86578]],"s":0.686793,"t":[505.899,-233.461,348.339],"timestamp":258691043162},{"currentFrameRate":25.4301,"devices":[],"gestures":[],"hands":[],"id":128659,"interactionBox":{"center":[0,200,0],"size":[235.247,235.247,147.751]},"pointables":[],"r":[[-0.962136,-0.269906,0.0380192],[0.215739,-0.839331,-0.498979],[0.166588,-0.471883,0.86578]],"s":0.686793,"t":[505.899,-233.461,348.339],"timestamp":258691082395},{"currentFrameRate":25.4625,"devices":[],"gestures":[],"hands":[],"id":128660,"interactionBox":{"center":[0,200,0],"size":[235.247,235.247,147.751]},"pointables":[],"r":[[-0.962136,-0.269906,0.0380192],[0.215739,-0.839331,-0.498979],[0.166588,-0.471883,0.86578]],"s":0.686793,"t":[505.899,-233.461,348.339],"timestamp":258691121438},{"currentFrameRate":25.4025,"devices":[],"gestures":[],"hands":[],"id":128661,"interactionBox":{"center":[0,200,0],"size":[235.247,235.247,147.751]},"pointables":[],"r":[[-0.962136,-0.269906,0.0380192],[0.215739,-0.839331,-0.498979],[0.166588,-0.471883,0.86578]],"s":0.686793,"t":[505.899,-233.461,348.339],"timestamp":258691161231},{"currentFrameRate":25.4532,"devices":[],"gestures":[],"hands":[],"id":128662,"interactionBox":{"center":[0,200,0],"size":[235.247,235.247,147.751]},"pointables":[],"r":[[-0.962136,-0.269906,0.0380192],[0.215739,-0.839331,-0.498979],[0.166588,-0.471883,0.86578]],"s":0.686793,"t":[505.899,-233.461,348.339],"timestamp":258691200158},{"currentFrameRate":25.4421,"devices":[],"gestures":[],"hands":[{"armBasis":[[0.717355,-0.0425837,-0.695405],[0.174368,0.977338,0.120024],[0.674535,-0.207357,0.708524]],"armWidth":64.9916,"confidence":0,"direction":[0.0527098,0.998035,-0.0338642],"elbow":[310.721,105.472,337.344],"grabAngle":0.374609,"grabStrength":0,"id":189,"palmNormal":[-0.624994,0.00652156,-0.780603],"palmPosition":[110.197,235.233,131.195],"palmVelocity":[1.19209e-7,1.19209e-7,1.19209e-7],"palmWidth":92.8057,"pinchDistance":62.5183,"pinchStrength":0,"r":[[1,4.16334e-18,2.72352e-17],[-4.16334e-18,1,-2.26778e-34],[-2.72352e-17,1.13389e-34,1]],"s":1,"sphereCenter":[-24.9899,242.865,-36.1644],"sphereRadius":218.7,"stabilizedPalmPosition":[110.197,235.233,131.195],"t":[0,0,0],"timeVisible":0,"type":"right","wrist":[124.963,162.575,142.225]}],"id":128663,"interactionBox":{"center":[0,200,0],"size":[235.247,235.247,147.751]},"pointables":[{"bases":[[[0.882703,0.163843,0.440444],[-0.367877,-0.342267,0.864592],[0.292407,-0.925207,-0.241847]],[[0.875926,0.184543,0.445755],[-0.35177,-0.388017,0.851881],[0.330169,-0.902988,-0.274957]],[[0.875926,0.184543,0.445755],[-0.442839,-0.0590742,0.894653],[0.191434,-0.981047,0.0299782]],[[0.875926,0.184543,0.445755],[-0.477145,0.19479,0.856965],[0.0713184,-0.963328,0.258675]]],"btipPosition":[61.2178,281.237,148.096],"carpPosition":[86.3876,178.15,141.314],"dipPosition":[62.9202,258.242,154.271],"direction":[-0.191434,0.981047,-0.0299782],"extended":true,"handId":189,"id":1890,"length":53.1564,"mcpPosition":[86.3876,178.15,141.314],"pipPosition":[69.5775,224.125,155.313],"stabilizedTipPosition":[61.6093,275.948,149.516],"timeVisible":0,"tipPosition":[61.6093,275.948,149.516],"tipVelocity":[1.19209e-7,1.19209e-7,1.19209e-7],"tool":false,"touchDistance":1,"touchZone":"none","type":0,"width":20.6541},{"bases":[[[0.622534,-0.208481,-0.754312],[0.780761,0.09955,0.616848],[-0.0535094,-0.972947,0.224747]],[[0.624797,-0.134465,-0.769121],[0.780162,0.14692,0.60808],[0.0312335,-0.979966,0.1967]],[[0.624797,-0.134465,-0.769121],[0.758319,0.339113,0.556735],[0.185958,-0.931086,0.313844]],[[0.624797,-0.134465,-0.769121],[0.72545,0.464211,0.508163],[0.288705,-0.875458,0.387586]]],"btipPosition":[116.743,340.652,96.7776],"carpPosition":[125.504,190.841,136.354],"dipPosition":[122.245,323.969,104.164],"direction":[-0.185958,0.931086,-0.313844],"extended":true,"handId":189,"id":1893,"length":65.7142,"mcpPosition":[128.922,253.003,121.995],"pipPosition":[127.499,297.661,113.031],"stabilizedTipPosition":[118.008,336.815,98.4764],"timeVisible":0,"tipPosition":[118.008,336.815,98.4764],"tipVelocity":[1.19209e-7,1.19209e-7,1.19209e-7],"tool":false,"touchDistance":1,"touchZone":"none","type":3,"width":18.4378},{"bases":[[[0.474538,-0.333251,-0.814713],[0.860268,-0.0204396,0.509432],[-0.186421,-0.942616,0.276986]],[[0.495739,-0.199858,-0.845163],[0.863916,0.0139332,0.503444],[-0.0888414,-0.979726,0.179568]],[[0.495739,-0.199858,-0.845163],[0.858606,0.259053,0.442365],[0.130531,-0.94496,0.300022]],[[0.495739,-0.199858,-0.845163],[0.822648,0.419997,0.383215],[0.278377,-0.885246,0.372621]]],"btipPosition":[136.785,313.251,87.5258],"carpPosition":[130.054,187.754,122.92],"dipPosition":[141.679,297.687,94.0768],"direction":[-0.130531,0.94496,-0.300022],"extended":true,"handId":189,"id":1894,"length":51.5187,"mcpPosition":[141.079,243.503,106.538],"pipPosition":[144.283,278.836,100.062],"stabilizedTipPosition":[137.911,309.671,89.0325],"timeVisible":0,"tipPosition":[137.911,309.671,89.0325],"tipVelocity":[1.19209e-7,1.19209e-7,1.19209e-7],"tool":false,"touchDistance":1,"touchZone":"none","type":4,"width":16.3779},{"bases":[[[0.776642,0.106146,-0.620935],[0.606388,0.14105,0.782559],[0.170649,-0.984296,0.0451793]],[[0.795137,-0.09874,-0.598338],[0.606356,0.113977,0.786983],[-0.00950999,-0.988564,0.150499]],[[0.795137,-0.09874,-0.598338],[0.597519,0.296086,0.745187],[0.103579,-0.950044,0.294428]],[[0.795137,-0.09874,-0.598338],[0.580056,0.411643,0.702911],[0.176896,-0.90598,0.384587]]],"btipPosition":[87.81,344.787,127.433],"carpPosition":[105.835,188.4,151.378],"dipPosition":[90.8927,328.999,134.135],"direction":[-0.103579,0.950044,-0.294428],"extended":true,"handId":189,"id":1891,"length":59.981,"mcpPosition":[93.0294,262.259,147.988],"pipPosition":[93.4462,305.578,141.393],"stabilizedTipPosition":[88.519,341.156,128.974],"timeVisible":0,"tipPosition":[88.519,341.156,128.974],"tipVelocity":[1.19209e-7,1.19209e-7,1.19209e-7],"tool":false,"touchDistance":1,"touchZone":"none","type":1,"width":19.7288},{"bases":[[[0.677726,-0.0534227,-0.733371],[0.732558,0.13532,0.667118],[0.0636007,-0.989361,0.130845]],[[0.679817,-0.0954153,-0.727149],[0.730966,0.168572,0.661266],[0.0594822,-0.98106,0.184344]],[[0.679817,-0.0954153,-0.727149],[0.70402,0.362648,0.610608],[0.205438,-0.927029,0.313709]],[[0.679817,-0.0954153,-0.727149],[0.672365,0.477038,0.566003],[0.292872,-0.873688,0.388452]]],"btipPosition":[97.4117,352.823,110.077],"carpPosition":[116.434,190.555,144.995],"dipPosition":[103.025,336.077,117.523],"direction":[-0.205438,0.927029,-0.313709],"extended":true,"handId":189,"id":1892,"length":68.3436,"mcpPosition":[111.908,260.958,135.684],"pipPosition":[108.984,309.189,126.622],"stabilizedTipPosition":[98.7028,348.971,111.79],"timeVisible":0,"tipPosition":[98.7028,348.971,111.79],"tipVelocity":[1.19209e-7,1.19209e-7,1.19209e-7],"tool":false,"touchDistance":1,"touchZone":"none","type":2,"width":19.3763}],"r":[[1,4.16334e-18,2.72352e-17],[-4.16334e-18,1,-2.26778e-34],[-2.72352e-17,1.13389e-34,1]],"s":1,"t":[0,0,0],"timestamp":258691239542},{"currentFrameRate":22.1733,"devices":[],"gestures":[],"hands":[{"armBasis":[[0.829384,-0.019883,-0.558325],[0.180431,0.955346,0.234006],[0.52874,-0.29482,0.795936]],"armWidth":67.2482,"confidence":0.352018,"direction":[-0.0287951,0.999024,-0.0334871],"elbow":[268.205,108.802,319.663],"grabAngle":0.235956,"grabStrength":0,"id":189,"palmNormal":[-0.615215,-0.0441167,-0.787124],"palmPosition":[104.661,262.241,88.7708],"palmVelocity":[-79.3004,386.895,-607.736],"palmWidth":92.8057,"pinchDistance":60.6196,"pinchStrength":0,"r":[[0.999864,0.0163766,0.00210144],[-0.0163765,0.999866,-0.0000357488],[-0.00210174,0.00000132968,0.999998]],"s":0.995011,"sphereCenter":[174.26,319.644,145.794],"sphereRadius":108.081,"stabilizedPalmPosition":[107.422,248.771,109.928],"t":[-2.76786,13.504,-21.2121],"timeVisible":0.069807,"type":"right","wrist":[122.596,189.992,100.472]}],"id":128664,"interactionBox":{"center":[0,200,0],"size":[235.247,235.247,147.751]},"pointables":[{"bases":[[[0.861668,0.235232,0.44966],[-0.347673,-0.371815,0.860742],[0.369664,-0.898009,-0.238597]],[[0.811502,0.340521,0.474879],[-0.380747,-0.308351,0.871752],[0.443279,-0.888237,-0.120575]],[[0.811502,0.340521,0.474879],[-0.462419,-0.122626,0.878141],[0.357258,-0.932206,0.057952]],[[0.811502,0.340521,0.474879],[-0.571513,0.293103,0.766462],[0.121808,-0.893385,0.432465]]],"btipPosition":[47.4266,302.963,92.3118],"carpPosition":[85.4987,203.394,98.6494],"dipPosition":[50.3668,281.399,102.75],"direction":[-0.357258,0.932206,-0.057952],"extended":true,"handId":189,"id":1890,"length":53.7508,"mcpPosition":[85.4987,203.394,98.6494],"pipPosition":[62.9297,248.618,104.788],"stabilizedTipPosition":[57.4363,282.762,132.584],"timeVisible":0.069807,"tipPosition":[50.1706,298.374,100.03],"tipVelocity":[-193.482,315.945,-785.069],"tool":false,"touchDistance":1,"touchZone":"none","type":0,"width":21.6861},{"bases":[[[0.771814,0.169772,-0.612764],[0.584575,0.189669,0.788858],[0.250149,-0.967059,0.0471447]],[[0.807319,-0.039301,-0.588806],[0.589497,0.0993931,0.801632],[0.0270183,-0.994272,0.10341]],[[0.807319,-0.039301,-0.588806],[0.572033,0.297227,0.764483],[0.144964,-0.953998,0.262439]],[[0.807319,-0.039301,-0.588806],[0.549567,0.413551,0.725914],[0.214972,-0.909632,0.355466]]],"btipPosition":[76.5653,371.627,87.9898],"carpPosition":[103.935,215.194,108.915],"dipPosition":[80.3534,355.598,94.2536],"direction":[-0.144964,0.953998,-0.262439],"extended":true,"handId":189,"id":1891,"length":60.6518,"mcpPosition":[85.1643,287.76,105.378],"pipPosition":[83.9672,331.816,100.796],"stabilizedTipPosition":[81.7132,357.604,104.69],"timeVisible":0.069807,"tipPosition":[75.2171,366.543,87.1363],"tipVelocity":[-158.758,383.69,-566.473],"tool":false,"touchDistance":1,"touchZone":"none","type":1,"width":20.7146},{"bases":[[[0.687474,0.00272008,-0.726204],[0.711994,0.194363,0.67475],[0.142983,-0.980926,0.131683]],[[0.697004,-0.0791049,-0.71269],[0.717047,0.0842251,0.691917],[0.00529235,-0.993302,0.115427]],[[0.697004,-0.0791049,-0.71269],[0.717047,0.0842251,0.691917],[0.00529235,-0.993302,0.115427]],[[0.697004,-0.0791049,-0.71269],[0.705928,0.250201,0.66262],[0.125899,-0.964957,0.230233]]],"btipPosition":[101.355,385.23,79.6877],"carpPosition":[114.389,218.214,102.644],"dipPosition":[103.796,366.528,84.1499],"direction":[-0.00529235,0.993302,-0.115427],"extended":true,"handId":189,"id":1892,"length":69.1079,"mcpPosition":[104.214,288.017,93.2733],"pipPosition":[103.951,337.396,87.5352],"stabilizedTipPosition":[101.387,375.666,85.8314],"timeVisible":0.069807,"tipPosition":[97.2374,379.285,77.6966],"tipVelocity":[46.0404,457.794,-445.168],"tool":false,"touchDistance":0.439485,"touchZone":"hovering","type":2,"width":20.3444},{"bases":[[[0.64538,-0.156321,-0.747696],[0.763487,0.162692,0.624996],[0.0239443,-0.974215,0.224347]],[[0.63307,0.0028376,-0.774089],[0.770935,0.087945,0.630813],[0.0698672,-0.996121,0.0534878]],[[0.63307,0.0028376,-0.774089],[0.770935,0.087945,0.630813],[0.0698672,-0.996121,0.0534878]],[[0.63307,0.0028376,-0.774089],[0.712339,0.389259,0.583996],[0.302978,-0.921124,0.244407]]],"btipPosition":[110.911,373.602,71.0623],"carpPosition":[123.495,219.247,94.0985],"dipPosition":[116.749,355.852,75.772],"direction":[-0.0698672,0.996121,-0.0534878],"extended":true,"handId":189,"id":1893,"length":66.4491,"mcpPosition":[121.965,281.49,79.765],"pipPosition":[118.745,327.392,77.3002],"stabilizedTipPosition":[112.732,366.803,74.3325],"timeVisible":0.069807,"tipPosition":[109.771,367.803,67.0293],"tipVelocity":[-82.4388,468.499,-377.195],"tool":false,"touchDistance":0.434057,"touchZone":"hovering","type":3,"width":19.359},{"bases":[[[0.508732,-0.292743,-0.809625],[0.853668,0.0496846,0.518442],[-0.111544,-0.954899,0.275182]],[[0.518974,0.00252406,-0.854786],[0.853965,0.0424032,0.5186],[0.0375546,-0.999097,0.0198507]],[[0.518974,0.00252406,-0.854786],[0.853965,0.0424032,0.5186],[0.0375546,-0.999097,0.0198507]],[[0.518974,0.00252406,-0.854786],[0.763855,0.447459,0.465087],[0.383655,-0.894301,0.230291]]],"btipPosition":[126.072,345.515,59.2197],"carpPosition":[128.423,216.552,80.7129],"dipPosition":[132.892,329.616,63.3136],"direction":[-0.0375546,0.999097,-0.0198507],"extended":true,"handId":189,"id":1894,"length":52.0948,"mcpPosition":[135.02,273.027,64.438],"pipPosition":[133.65,309.462,63.7141],"stabilizedTipPosition":[128.763,338.34,63.3172],"timeVisible":0.069807,"tipPosition":[127.212,340.529,54.5269],"tipVelocity":[-147.118,461.083,-413.587],"tool":false,"touchDistance":0.333333,"touchZone":"none","type":4,"width":17.1962}],"r":[[0.999864,0.0163766,0.00210144],[-0.0163765,0.999866,-0.0000357488],[-0.00210174,0.00000132968,0.999998]],"s":0.995011,"t":[-2.76786,13.504,-21.2121],"timestamp":258691309349},{"currentFrameRate":23.6787,"devices":[],"gestures":[],"hands":[{"armBasis":[[0.840579,0.0145209,-0.541494],[0.201977,0.91915,0.338184],[0.502625,-0.39364,0.769685]],"armWidth":67.2482,"confidence":0.484075,"direction":[0.0082479,0.998963,0.044785],"elbow":[258.42,99.9555,288.349],"grabAngle":0.11248,"grabStrength":0,"id":189,"palmNormal":[-0.547802,0.041982,-0.835554],"palmPosition":[104.922,282.067,69.7265],"palmVelocity":[8.58195,650.567,-624.896],"palmWidth":92.8057,"pinchDistance":65.9481,"pinchStrength":0,"r":[[0.999566,0.0213057,0.0203276],[-0.0216279,0.999642,0.015764],[-0.0199844,-0.0161968,0.999669]],"s":1.03994,"sphereCenter":[82.5476,317.547,-15.6784],"sphereRadius":102.709,"stabilizedPalmPosition":[106.585,259.911,96.4785],"t":[-4.02102,30.1693,-41.3403],"timeVisible":0.100283,"type":"right","wrist":[120.003,208.359,76.3867]}],"id":128665,"interactionBox":{"center":[0,200,0],"size":[235.247,235.247,147.751]},"pointables":[{"bases":[[[0.828211,0.164479,0.535736],[-0.431498,-0.422833,0.796883],[0.357597,-0.891156,-0.279222]],[[0.744083,0.332621,0.5794],[-0.398376,-0.4753,0.784466],[0.536318,-0.814527,-0.221155]],[[0.744083,0.332621,0.5794],[-0.550884,-0.185189,0.813776],[0.377977,-0.924699,0.0454393]],[[0.744083,0.332621,0.5794],[-0.635607,0.085326,0.767283],[0.205776,-0.939193,0.274906]]],"btipPosition":[37.4337,320.119,76.2721],"carpPosition":[82.9981,223.462,73.2457],"dipPosition":[42.4006,297.449,82.9076],"direction":[-0.377977,0.924699,-0.0454393],"extended":true,"handId":189,"id":1890,"length":53.7508,"mcpPosition":[82.9981,223.462,73.2457],"pipPosition":[55.6922,264.932,84.5055],"stabilizedTipPosition":[52.1335,291.8,117.18],"timeVisible":0.100283,"tipPosition":[44.5493,317.081,78.5654],"tipVelocity":[-312.599,554.6,-555.008],"tool":false,"touchDistance":1,"touchZone":"none","type":0,"width":21.6861},{"bases":[[[0.826076,0.185119,-0.532287],[0.522112,0.104126,0.846497],[0.212128,-0.977184,-0.0106369]],[[0.847796,0.0448148,-0.528425],[0.522083,0.104435,0.846477],[0.0931209,-0.993521,0.0651426]],[[0.847796,0.0448148,-0.528425],[0.504885,0.236693,0.830101],[0.162276,-0.97055,0.178041]],[[0.847796,0.0448148,-0.528425],[0.487195,0.327781,0.809445],[0.209483,-0.94369,0.256058]]],"btipPosition":[73.1147,391.844,74.8551],"carpPosition":[100.895,233.672,85.8938],"dipPosition":[76.8061,375.215,79.3673],"direction":[-0.162276,0.97055,-0.178041],"extended":true,"handId":189,"id":1891,"length":60.6518,"mcpPosition":[84.9775,306.998,86.692],"pipPosition":[80.8514,351.021,83.8055],"stabilizedTipPosition":[77.9652,372.314,90.7626],"timeVisible":0.100283,"tipPosition":[77.331,387.562,74.7619],"tipVelocity":[-113.954,658.85,-444.204],"tool":false,"touchDistance":0.42344,"touchZone":"hovering","type":1,"width":20.7146},{"bases":[[[0.745948,0.0309144,-0.665286],[0.658784,0.112444,0.743882],[0.0978043,-0.993177,0.0635117]],[[0.750761,-0.0343736,-0.659679],[0.659698,0.0904265,0.74607],[0.0340074,-0.99531,0.0905648]],[[0.750761,-0.0343736,-0.659679],[0.656343,0.151669,0.739061],[0.074649,-0.987833,0.136428]],[[0.750761,-0.0343736,-0.659679],[0.656343,0.151669,0.739061],[0.074649,-0.987833,0.136428]]],"btipPosition":[99.6508,405.011,65.0898],"carpPosition":[111.937,236.74,80.7569],"dipPosition":[101.098,385.865,67.734],"direction":[-0.074649,0.987833,-0.136428],"extended":true,"handId":189,"id":1892,"length":69.1079,"mcpPosition":[104.977,307.415,76.2374],"pipPosition":[103.287,356.894,71.7352],"stabilizedTipPosition":[100.571,390.179,74.1161],"timeVisible":0.100283,"tipPosition":[101.433,400.147,66.7768],"tipVelocity":[-63.432,645.712,-492.716],"tool":false,"touchDistance":0.328449,"touchZone":"hovering","type":2,"width":20.3444},{"bases":[[[0.700412,-0.124142,-0.70286],[0.713177,0.082648,0.696095],[-0.0283245,-0.988817,0.146423]],[[0.700171,-0.0361568,-0.713059],[0.713723,0.0619906,0.697679],[0.0189772,-0.997422,0.06921]],[[0.700171,-0.0361568,-0.713059],[0.713723,0.0619906,0.697679],[0.0189772,-0.997422,0.06921]],[[0.700171,-0.0361568,-0.713059],[0.698898,0.238869,0.674153],[0.145952,-0.970378,0.192519]]],"btipPosition":[119.342,394.394,54.8602],"carpPosition":[121.761,238.06,73.0916],"dipPosition":[122.154,375.695,58.57],"direction":[-0.0189772,0.997422,-0.06921],"extended":true,"handId":189,"id":1893,"length":66.4491,"mcpPosition":[123.571,301.235,63.7366],"pipPosition":[122.697,347.197,60.5474],"stabilizedTipPosition":[117.566,382.319,61.9285],"timeVisible":0.100283,"tipPosition":[117.077,389.2,56.5629],"tipVelocity":[253.811,675.07,-539.183],"tool":false,"touchDistance":0.327957,"touchZone":"hovering","type":3,"width":19.359},{"bases":[[[0.564896,-0.24969,-0.786478],[0.808111,-0.0253532,0.588484],[-0.166878,-0.967994,0.187456]],[[0.58155,-0.124366,-0.803948],[0.798913,-0.099065,0.593232],[-0.153421,-0.987279,0.0417465]],[[0.58155,-0.124366,-0.803948],[0.809965,-0.00365056,0.586467],[-0.0758716,-0.99223,0.0986093]],[[0.58155,-0.124366,-0.803948],[0.809965,-0.00365056,0.586467],[-0.0758716,-0.99223,0.0986093]]],"btipPosition":[146.049,367.118,43.6267],"carpPosition":[127.705,236.21,59.9779],"dipPosition":[144.701,349.479,45.3797],"direction":[0.0758716,0.99223,-0.0986093],"extended":true,"handId":189,"id":1894,"length":52.0948,"mcpPosition":[137.575,293.46,48.8913],"pipPosition":[143.17,329.464,47.3689],"stabilizedTipPosition":[140.748,355.792,49.7011],"timeVisible":0.100283,"tipPosition":[140.057,362.496,43.9466],"tipVelocity":[593.857,695.74,-529.314],"tool":false,"touchDistance":0.238164,"touchZone":"hovering","type":4,"width":17.1962}],"r":[[0.999566,0.0213057,0.0203276],[-0.0216279,0.999642,0.015764],[-0.0199844,-0.0161968,0.999669]],"s":1.03994,"t":[-4.02102,30.1693,-41.3403],"timestamp":258691339825},{"currentFrameRate":27.213,"devices":[],"gestures":[],"hands":[{"armBasis":[[0.849006,0.0283685,-0.527622],[0.227228,0.881904,0.413053],[0.477029,-0.470575,0.742295]],"armWidth":67.2482,"confidence":0.529375,"direction":[-0.00276125,0.998419,0.0561366],"elbow":[250.588,84.2682,271.216],"grabAngle":0.174508,"grabStrength":0,"id":189,"palmNormal":[-0.534865,0.0459575,-0.843687],"palmPosition":[103.89,287.941,61.3814],"palmVelocity":[-89.1763,507.389,-720.893],"palmWidth":92.8057,"pinchDistance":68.1291,"pinchStrength":0,"r":[[0.998905,0.0269889,0.0382091],[-0.0281618,0.999138,0.0304992],[-0.037353,-0.0315419,0.998804]],"s":1.07707,"sphereCenter":[41.4408,312.947,-108.618],"sphereRadius":187.298,"stabilizedPalmPosition":[106.241,263.488,91.9989],"t":[-5.16375,41.4388,-55.5769],"timeVisible":0.111859,"type":"right","wrist":[119.22,213.859,66.7964]}],"id":128666,"interactionBox":{"center":[0,200,0],"size":[235.247,235.247,147.751]},"pointables":[{"bases":[[[0.817858,0.166738,0.550733],[-0.43972,-0.43624,0.785074],[0.371153,-0.884247,-0.283464]],[[0.712878,0.362172,0.60053],[-0.395063,-0.50012,0.770588],[0.579422,-0.786582,-0.213444]],[[0.712878,0.362172,0.60053],[-0.569722,-0.200241,0.79707],[0.408927,-0.910349,0.0635901]],[[0.712878,0.362172,0.60053],[-0.66417,0.0737733,0.743932],[0.225128,-0.929187,0.293135]]],"btipPosition":[33.2034,323.568,65.446],"carpPosition":[82.5179,229.08,63.8905],"dipPosition":[38.6375,301.14,72.5216],"direction":[-0.408927,0.910349,-0.0635901],"extended":true,"handId":189,"id":1890,"length":53.7508,"mcpPosition":[82.5179,229.08,63.8905],"pipPosition":[53.0174,269.128,74.7577],"stabilizedTipPosition":[50.4711,294.302,112.469],"timeVisible":0.111859,"tipPosition":[41.3792,321.502,69.1519],"tipVelocity":[-356.154,302.769,-926.476],"tool":false,"touchDistance":1,"touchZone":"none","type":0,"width":21.6861},{"bases":[[[0.832474,0.199532,-0.516888],[0.507499,0.0997485,0.855859],[0.22233,-0.974801,-0.0182245]],[[0.85475,0.0671907,-0.514673],[0.506268,0.11069,0.855243],[0.114434,-0.991581,0.0605957]],[[0.85475,0.0671907,-0.514673],[0.483534,0.257367,0.836635],[0.188674,-0.963975,0.187495]],[[0.85475,0.0671907,-0.514673],[0.462588,0.351108,0.814086],[0.235405,-0.933921,0.269028]]],"btipPosition":[69.5004,396.897,66.2052],"carpPosition":[100.106,239.326,76.9373],"dipPosition":[73.6485,380.44,70.9459],"direction":[-0.188674,0.963975,-0.187495],"extended":true,"handId":189,"id":1891,"length":60.6518,"mcpPosition":[83.4224,312.473,78.3048],"pipPosition":[78.3519,356.41,75.6198],"stabilizedTipPosition":[76.5351,376.275,86.2943],"timeVisible":0.111859,"tipPosition":[74.6699,393.089,67.1736],"tipVelocity":[-303.153,439.942,-742.689],"tool":false,"touchDistance":0.330674,"touchZone":"hovering","type":1,"width":20.7146},{"bases":[[[0.756063,0.0460508,-0.652877],[0.645691,0.11062,0.755544],[0.107015,-0.992795,0.0539011]],[[0.760644,-0.00621921,-0.649139],[0.645961,0.106535,0.7559],[0.0644552,-0.994289,0.0850529]],[[0.760644,-0.00621921,-0.649139],[0.634753,0.216689,0.741711],[0.136049,-0.976221,0.168771]],[[0.760644,-0.00621921,-0.649139],[0.627894,0.260952,0.733249],[0.164834,-0.965332,0.202396]]],"btipPosition":[93.1915,409.98,55.0762],"carpPosition":[111.196,242.564,72.0125],"dipPosition":[96.3862,391.271,58.9989],"direction":[-0.136049,0.976221,-0.168771],"extended":true,"handId":189,"id":1892,"length":69.1079,"mcpPosition":[103.58,313.212,68.1768],"pipPosition":[100.376,362.64,63.9487],"stabilizedTipPosition":[98.9307,394.004,69.6396],"timeVisible":0.111859,"tipPosition":[97.9377,405.925,58.7953],"tipVelocity":[-523.258,437.958,-839.629],"tool":false,"touchDistance":0.324989,"touchZone":"hovering","type":2,"width":20.3444},{"bases":[[[0.71273,-0.10902,-0.692915],[0.701141,0.081923,0.708301],[-0.0204533,-0.990658,0.134827]],[[0.71265,-0.0483791,-0.69985],[0.701467,0.0613687,0.710055],[0.00859703,-0.996942,0.0776707]],[[0.71265,-0.0483791,-0.69985],[0.696051,0.173093,0.696816],[0.0874275,-0.983717,0.157029]],[[0.71265,-0.0483791,-0.69985],[0.679657,0.294734,0.671713],[0.173773,-0.954354,0.242924]]],"btipPosition":[116.19,399.8,43.1598],"carpPosition":[121.126,244.071,64.5206],"dipPosition":[119.539,381.409,47.841],"direction":[-0.0874275,0.983717,-0.157029],"extended":true,"handId":189,"id":1893,"length":66.4491,"mcpPosition":[122.433,307.364,55.9065],"pipPosition":[122.037,353.304,52.3274],"stabilizedTipPosition":[117.407,385.802,57.2777],"timeVisible":0.111859,"tipPosition":[115.592,395.392,48.3003],"tipVelocity":[-261.595,473.135,-991.442],"tool":false,"touchDistance":0.3235,"touchZone":"hovering","type":3,"width":19.359},{"bases":[[[0.57986,-0.234973,-0.780096],[0.798881,-0.0238772,0.601015],[-0.159849,-0.971709,0.17387]],[[0.592348,-0.142317,-0.793013],[0.790189,-0.0894763,0.606296],[-0.157242,-0.985769,0.059456]],[[0.592348,-0.142317,-0.793013],[0.804132,0.0433926,0.592865],[-0.0499637,-0.98887,0.140145]],[[0.592348,-0.142317,-0.793013],[0.804132,0.0433926,0.592865],[-0.0499637,-0.98887,0.140145]]],"btipPosition":[144.381,373.376,33.714],"carpPosition":[127.297,242.431,51.4837],"dipPosition":[143.493,355.797,36.2054],"direction":[0.0499637,0.98887,-0.140145],"extended":true,"handId":189,"id":1894,"length":52.0948,"mcpPosition":[136.75,299.9,41.2007],"pipPosition":[142.485,335.849,39.0324],"stabilizedTipPosition":[141.777,359.858,45.0724],"timeVisible":0.111859,"tipPosition":[139.534,369.064,36.6056],"tipVelocity":[-134.983,541.776,-841.644],"tool":false,"touchDistance":0.0757826,"touchZone":"hovering","type":4,"width":17.1962}],"r":[[0.998905,0.0269889,0.0382091],[-0.0281618,0.999138,0.0304992],[-0.037353,-0.0315419,0.998804]],"s":1.07707,"t":[-5.16375,41.4388,-55.5769],"timestamp":258691351401},{"currentFrameRate":30.5382,"devices":[],"gestures":[],"hands":[{"armBasis":[[0.855726,0.0378857,-0.51604],[0.254658,0.837332,0.483761],[0.450425,-0.54538,0.706879]],"armWidth":67.2482,"confidence":0.572043,"direction":[-0.0179109,0.998104,0.0588885],"elbow":[242.023,67.5372,251.379],"grabAngle":0.208149,"grabStrength":0,"id":189,"palmNormal":[-0.528641,0.0405386,-0.847877],"palmPosition":[102.132,292.082,52.1041],"palmVelocity":[-151.185,356.051,-797.571],"palmWidth":92.8057,"pinchDistance":69.8236,"pinchStrength":0,"r":[[0.997943,0.034227,0.0542102],[-0.0365628,0.998419,0.042697],[-0.0526631,-0.0445913,0.997616]],"s":1.10789,"sphereCenter":[42.1272,316.183,-119.058],"sphereRadius":187.236,"stabilizedPalmPosition":[105.829,266.361,87.9911],"t":[-6.61441,49.1443,-67.3339],"timeVisible":0.123491,"type":"right","wrist":[117.981,217.728,56.7126]}],"id":128667,"interactionBox":{"center":[0,200,0],"size":[235.247,235.247,147.751]},"pointables":[{"bases":[[[0.810833,0.177141,0.557827],[-0.439588,-0.44493,0.780256],[0.38641,-0.877872,-0.282894]],[[0.68655,0.393676,0.611283],[-0.388531,-0.51199,0.766101],[0.614566,-0.763469,-0.198551]],[[0.68655,0.393676,0.611283],[-0.577453,-0.215641,0.787431],[0.441811,-0.893598,0.0792811]],[[0.68655,0.393676,0.611283],[-0.679364,0.047777,0.732244],[0.259062,-0.918007,0.300251]]],"btipPosition":[28.5292,325.36,54.3493],"carpPosition":[81.6084,232.907,54.2756],"dipPosition":[34.7823,303.201,61.5966],"direction":[-0.441811,0.893598,-0.0792811],"extended":true,"handId":189,"id":1890,"length":53.7508,"mcpPosition":[81.6084,232.907,54.2756],"pipPosition":[50.3186,271.778,64.3845],"stabilizedTipPosition":[48.9719,296.2,108.341],"timeVisible":0.123491,"tipPosition":[37.5916,323.977,58.8993],"tipVelocity":[-385.647,159.322,-950.584],"tool":false,"touchDistance":1,"touchZone":"none","type":0,"width":21.6861},{"bases":[[[0.833602,0.213243,-0.509545],[0.499036,0.104714,0.860232],[0.236795,-0.971371,-0.0191266]],[[0.856384,0.0922474,-0.508033],[0.4972,0.118081,0.859563],[0.139282,-0.98871,0.0552576]],[[0.856384,0.0922474,-0.508033],[0.468521,0.2747,0.839659],[0.217013,-0.957095,0.192028]],[[0.856384,0.0922474,-0.508033],[0.442377,0.376344,0.814044],[0.266289,-0.921876,0.281487]]],"btipPosition":[64.895,400.175,56.733],"carpPosition":[98.9372,243.373,67.4934],"dipPosition":[69.5874,383.931,61.6932],"direction":[-0.217013,0.957095,-0.192028],"extended":true,"handId":189,"id":1891,"length":60.6518,"mcpPosition":[81.1687,316.262,68.9286],"pipPosition":[74.9971,360.072,66.4802],"stabilizedTipPosition":[74.8934,379.409,81.8763],"timeVisible":0.123491,"tipPosition":[70.9291,396.748,57.9452],"tipVelocity":[-385.163,286.003,-809.983],"tool":false,"touchDistance":0.325349,"touchZone":"hovering","type":1,"width":20.7146},{"bases":[[[0.76056,0.0590503,-0.646577],[0.637859,0.117906,0.761074],[0.121177,-0.991268,0.0520086]],[[0.765173,0.0151713,-0.643645],[0.637926,0.117144,0.761136],[0.0869469,-0.992999,0.0799576]],[[0.765173,0.0151713,-0.643645],[0.618677,0.25935,0.741604],[0.178181,-0.965664,0.189062]],[[0.765173,0.0151713,-0.643645],[0.601892,0.338035,0.723504],[0.228551,-0.941011,0.249524]]],"btipPosition":[87.4174,413.25,44.6112],"carpPosition":[110.018,246.787,62.6679],"dipPosition":[91.847,395.011,49.4473],"direction":[-0.178181,0.965664,-0.189062],"extended":true,"handId":189,"id":1892,"length":69.1079,"mcpPosition":[101.395,317.326,58.967],"pipPosition":[97.0727,366.69,54.9921],"stabilizedTipPosition":[96.8136,397.04,64.8148],"timeVisible":0.123491,"tipPosition":[93.6063,409.843,49.2179],"tipVelocity":[-471.986,290.387,-881.615],"tool":false,"touchDistance":0.32437,"touchZone":"hovering","type":2,"width":20.3444},{"bases":[[[0.719839,-0.0965239,-0.687397],[0.694106,0.0901637,0.714204],[-0.00695953,-0.991238,0.131901]],[[0.719199,-0.0439407,-0.693413],[0.69468,0.0643125,0.716438],[0.0131144,-0.996962,0.0767782]],[[0.719199,-0.0439407,-0.693413],[0.688287,0.181424,0.702386],[0.0949387,-0.982423,0.160724]],[[0.719199,-0.0439407,-0.693413],[0.671929,0.297959,0.678035],[0.176815,-0.953567,0.243817]]],"btipPosition":[113.706,404.176,34.0058],"carpPosition":[119.986,248.461,55.2613],"dipPosition":[117.113,385.801,38.7042],"direction":[-0.0949387,0.982423,-0.160724],"extended":true,"handId":189,"id":1893,"length":66.4491,"mcpPosition":[120.43,311.792,46.8342],"pipPosition":[119.826,357.732,43.2962],"stabilizedTipPosition":[116.806,388.718,52.7048],"timeVisible":0.123491,"tipPosition":[112.462,399.742,39.2009],"tipVelocity":[-212.406,376.553,-786.628],"tool":false,"touchDistance":0.325217,"touchZone":"hovering","type":3,"width":19.359},{"bases":[[[0.589548,-0.224162,-0.776005],[0.794257,-0.0138771,0.607423],[-0.14693,-0.974453,0.169861]],[[0.599851,-0.141063,-0.787579],[0.786405,-0.077476,0.612833],[-0.147466,-0.986964,0.0644583]],[[0.599851,-0.141063,-0.787579],[0.79935,0.0627043,0.597585],[-0.0349124,-0.988013,0.150372]],[[0.599851,-0.141063,-0.787579],[0.800073,0.0960665,0.592161],[-0.00787186,-0.985329,0.170486]]],"btipPosition":[141.196,378.021,23.8098],"carpPosition":[126.285,246.95,42.2705],"dipPosition":[141.057,360.505,26.8406],"direction":[0.0349124,0.988013,-0.150372],"extended":true,"handId":189,"id":1894,"length":52.0948,"mcpPosition":[134.974,304.582,32.2246],"pipPosition":[140.352,340.574,29.8739],"stabilizedTipPosition":[141.777,359.858,45.0724],"timeVisible":0.123491,"tipPosition":[137.078,373.806,27.6153],"tipVelocity":[-258.965,400.579,-840.8],"tool":false,"touchDistance":-0.13722,"touchZone":"hovering","type":4,"width":17.1962}],"r":[[0.997943,0.034227,0.0542102],[-0.0365628,0.998419,0.042697],[-0.0526631,-0.0445913,0.997616]],"s":1.10789,"t":[-6.61441,49.1443,-67.3339],"timestamp":258691363033},{"currentFrameRate":33.8996,"devices":[],"gestures":[],"hands":[{"armBasis":[[0.858115,0.0318114,-0.512471],[0.276123,0.812879,0.512819],[0.43289,-0.581563,0.68876]],"armWidth":67.2482,"confidence":0.607066,"direction":[-0.0232635,0.998318,0.0531127],"elbow":[235.382,59.8245,237.34],"grabAngle":0.218832,"grabStrength":0,"id":189,"palmNormal":[-0.533092,0.0325563,-0.845431],"palmPosition":[100.263,294.478,43.0522],"palmVelocity":[-183.304,234.985,-887.873],"palmWidth":92.8057,"pinchDistance":71.0367,"pinchStrength":0,"r":[[0.996974,0.0410361,0.066029],[-0.0444574,0.997698,0.0512075],[-0.0637756,-0.053988,0.996503]],"s":1.13473,"sphereCenter":[48.8076,319.833,-112.329],"sphereRadius":170.243,"stabilizedPalmPosition":[105.458,268.232,84.9999],"t":[-8.27413,54.1949,-77.7384],"timeVisible":0.133686,"type":"right","wrist":[116.169,219.98,47.6635]}],"id":128668,"interactionBox":{"center":[0,200,0],"size":[235.247,235.247,147.751]},"pointables":[{"bases":[[[0.812595,0.184993,0.552691],[-0.433159,-0.442783,0.785058],[0.389952,-0.877337,-0.279672]],[[0.67262,0.420989,0.608564],[-0.382196,-0.506572,0.772859],[0.633646,-0.752432,-0.17983]],[[0.67262,0.420989,0.608564],[-0.573952,-0.222292,0.78814],[0.467077,-0.879406,0.0921092]],[[0.67262,0.420989,0.608564],[-0.680137,0.0277044,0.732561],[0.29154,-0.906643,0.304964]]],"btipPosition":[24.3628,326.319,44.2303],"carpPosition":[80.0859,235.202,45.6745],"dipPosition":[31.3999,304.435,51.5914],"direction":[-0.467077,0.879406,-0.0921092],"extended":true,"handId":189,"id":1890,"length":53.7508,"mcpPosition":[80.0859,235.202,45.6745],"pipPosition":[47.8246,273.511,54.8304],"stabilizedTipPosition":[47.799,297.48,105.157],"timeVisible":0.133686,"tipPosition":[34.1886,325.359,49.3964],"tipVelocity":[-390.983,100.313,-989.982],"tool":false,"touchDistance":1,"touchZone":"none","type":0,"width":21.6861},{"bases":[[[0.829825,0.21492,-0.514975],[0.502728,0.112597,0.85708],[0.242189,-0.970119,-0.01461]],[[0.851141,0.108803,-0.513538],[0.500118,0.129179,0.856268],[0.159503,-0.985634,0.0555349]],[[0.851141,0.108803,-0.513538],[0.468109,0.285396,0.836315],[0.237556,-0.952214,0.191981]],[[0.851141,0.108803,-0.513538],[0.437866,0.392437,0.808868],[0.289539,-0.913321,0.286378]]],"btipPosition":[61.1562,402.143,47.5467],"carpPosition":[97.421,245.843,58.7433],"dipPosition":[66.2583,386.049,52.5931],"direction":[-0.237556,0.952214,-0.191981],"extended":true,"handId":189,"id":1891,"length":60.6518,"mcpPosition":[79.2477,318.638,59.8396],"pipPosition":[72.1802,362.312,57.3789],"stabilizedTipPosition":[73.5357,381.466,78.2918],"timeVisible":0.133686,"tipPosition":[68.0145,398.956,48.4565],"tipVelocity":[-357.48,196.386,-899.112],"tool":false,"touchDistance":0.325295,"touchZone":"hovering","type":1,"width":20.7146},{"bases":[[[0.756973,0.0595121,-0.65073],[0.640977,0.125985,0.75715],[0.127042,-0.990245,0.0572215]],[[0.761014,0.0242461,-0.648282],[0.641706,0.118579,0.757729],[0.0952449,-0.992649,0.0746817]],[[0.761014,0.0242461,-0.648282],[0.618768,0.273085,0.736581],[0.194895,-0.961684,0.192819]],[[0.761014,0.0242461,-0.648282],[0.592677,0.380373,0.709965],[0.263803,-0.924515,0.275099]]],"btipPosition":[83.8541,415.227,35.0709],"carpPosition":[108.458,249.291,53.8422],"dipPosition":[88.967,397.309,40.4027],"direction":[-0.194895,0.961684,-0.192819],"extended":true,"handId":189,"id":1892,"length":69.1079,"mcpPosition":[99.4177,319.757,49.7703],"pipPosition":[94.6829,369.104,46.0577],"stabilizedTipPosition":[95.1968,398.97,60.9021],"timeVisible":0.133686,"tipPosition":[90.7132,412.109,39.3334],"tipVelocity":[-334.096,201.165,-924.597],"tool":false,"touchDistance":0.32503,"touchZone":"hovering","type":2,"width":20.3444},{"bases":[[[0.71693,-0.0965271,-0.69043],[0.697145,0.0982839,0.710162],[-0.000691697,-0.990466,0.137756]],[[0.716072,-0.0469836,-0.696444],[0.697991,0.0583387,0.713727],[0.0070962,-0.997191,0.0745688]],[[0.716072,-0.0469836,-0.696444],[0.69207,0.177856,0.699576],[0.0909978,-0.982934,0.159873]],[[0.716072,-0.0469836,-0.696444],[0.676116,0.294705,0.67529],[0.173518,-0.954433,0.242796]]],"btipPosition":[112.153,406.685,24.8921],"carpPosition":[118.379,250.978,46.3759],"dipPosition":[115.496,388.293,29.5707],"direction":[-0.0909978,0.982934,-0.159873],"extended":true,"handId":189,"id":1893,"length":66.4491,"mcpPosition":[118.423,314.259,37.5746],"pipPosition":[118.096,360.21,34.1384],"stabilizedTipPosition":[116.284,390.564,49.1108],"timeVisible":0.133686,"tipPosition":[110.14,402.141,29.2083],"tipVelocity":[-153.831,245.699,-894.388],"tool":false,"touchDistance":0.325329,"touchZone":"hovering","type":3,"width":19.359},{"bases":[[[0.586922,-0.225418,-0.777631],[0.797348,-0.00582011,0.603491],[-0.140563,-0.974245,0.17632]],[[0.596297,-0.146634,-0.789258],[0.788817,-0.0754443,0.609981],[-0.148989,-0.98631,0.0706798]],[[0.596297,-0.146634,-0.789258],[0.801849,0.0618715,0.594315],[-0.0383141,-0.987254,0.154472]],[[0.596297,-0.146634,-0.789258],[0.802762,0.110787,0.585917],[0.00152419,-0.982967,0.183774]]],"btipPosition":[139.114,380.403,13.974],"carpPosition":[124.621,249.425,33.3626],"dipPosition":[139.141,362.928,17.2411],"direction":[0.0383141,0.987254,-0.154472],"extended":true,"handId":189,"id":1894,"length":52.0948,"mcpPosition":[132.935,307.044,22.9347],"pipPosition":[138.368,343.013,20.3571],"stabilizedTipPosition":[141.369,362.398,40.409],"timeVisible":0.133686,"tipPosition":[134.75,376.255,17.8187],"tipVelocity":[-200.516,234.551,-959.431],"tool":false,"touchDistance":-0.298553,"touchZone":"hovering","type":4,"width":17.1962}],"r":[[0.996974,0.0410361,0.066029],[-0.0444574,0.997698,0.0512075],[-0.0637756,-0.053988,0.996503]],"s":1.13473,"t":[-8.27413,54.1949,-77.7384],"timestamp":258691373228},{"currentFrameRate":37.0818,"devices":[],"gestures":[],"hands":[{"armBasis":[[0.863246,0.0209977,-0.504346],[0.285784,0.803257,0.522595],[0.416093,-0.595262,0.687408]],"armWidth":67.2482,"confidence":0.640078,"direction":[-0.0159238,0.998774,0.0468819],"elbow":[228.356,54.9101,227.808],"grabAngle":0.232541,"grabStrength":0,"id":189,"palmNormal":[-0.525112,0.0315476,-0.850448],"palmPosition":[98.5901,293.516,33.4462],"palmVelocity":[-163.039,-93.7992,-936.348],"palmWidth":92.8057,"pinchDistance":71.8682,"pinchStrength":0,"r":[[0.995996,0.0449229,0.0772962],[-0.0493728,0.997172,0.0566542],[-0.0745325,-0.0602437,0.995397]],"s":1.15942,"sphereCenter":[56.6873,321.304,-103.433],"sphereRadius":151.026,"stabilizedPalmPosition":[105.132,269.431,82.5552],"t":[-9