{"frames":337,"data":[{"currentFrameRate":25.4083,"devices":[],"gestures":[],"hands":[],"id":129273,"interactionBox":{"center":[0,200,0],"size":[235.247,235.247,147.751]},"pointables":[],"r":[[-0.962136,-0.269906,0.0380192],[0.215739,-0.839331,-0.498979],[0.166588,-0.471883,0.86578]],"s":0.686793,"t":[505.899,-233.461,348.339],"timestamp":258707722108},{"currentFrameRate":25.4145,"devices":[],"gestures":[],"hands":[],"id":129274,"interactionBox":{"center":[0,200,0],"size":[235.247,235.247,147.751]},"pointables":[],"r":[[-0.962136,-0.269906,0.0380192],[0.215739,-0.839331,-0.498979],[0.166588,-0.471883,0.86578]],"s":0.686793,"t":[505.899,-233.461,348.339],"timestamp":258707761411},{"currentFrameRate":25.4055,"devices":[],"gestures":[],"hands":[],"id":129275,"interactionBox":{"center":[0,200,0],"size":[235.247,235.247,147.751]},"pointables":[],"r":[[-0.962136,-0.269906,0.0380192],[0.215739,-0.839331,-0.498979],[0.166588,-0.471883,0.86578]],"s":0.686793,"t":[505.899,-233.461,348.339],"timestamp":258707800837},{"currentFrameRate":25.4022,"devices":[],"gestures":[],"hands":[],"id":129276,"interactionBox":{"center":[0,200,0],"size":[235.247,235.247,147.751]},"pointables":[],"r":[[-0.962136,-0.269906,0.0380192],[0.215739,-0.839331,-0.498979],[0.166588,-0.471883,0.86578]],"s":0.686793,"t":[505.899,-233.461,348.339],"timestamp":258707840227},{"currentFrameRate":25.4048,"devices":[],"gestures":[],"hands":[],"id":129277,"interactionBox":{"center":[0,200,0],"size":[235.247,235.247,147.751]},"pointables":[],"r":[[-0.962136,-0.269906,0.0380192],[0.215739,-0.839331,-0.498979],[0.166588,-0.471883,0.86578]],"s":0.686793,"t":[505.899,-233.461,348.339],"timestamp":258707879571},{"currentFrameRate":25.4039,"devices":[],"gestures":[],"hands":[],"id":129278,"interactionBox":{"center":[0,200,0],"size":[235.247,235.247,147.751]},"pointables":[],"r":[[-0.962136,-0.269906,0.0380192],[0.215739,-0.839331,-0.498979],[0.166588,-0.471883,0.86578]],"s":0.686793,"t":[505.899,-233.461,348.339],"timestamp":258707918942},{"currentFrameRate":25.4014,"devices":[],"gestures":[],"hands":[],"id":129279,"interactionBox":{"center":[0,200,0],"size":[235.247,235.247,147.751]},"pointables":[],"r":[[-0.962136,-0.269906,0.0380192],[0.215739,-0.839331,-0.498979],[0.166588,-0.471883,0.86578]],"s":0.686793,"t":[505.899,-233.461,348.339],"timestamp":258707958327},{"currentFrameRate":25.4005,"devices":[],"gestures":[],"hands":[],"id":129280,"interactionBox":{"center":[0,200,0],"size":[235.247,235.247,147.751]},"pointables":[],"r":[[-0.962136,-0.269906,0.0380192],[0.215739,-0.839331,-0.498979],[0.166588,-0.471883,0.86578]],"s":0.686793,"t":[505.899,-233.461,348.339],"timestamp":258707997703},{"currentFrameRate":25.4004,"devices":[],"gestures":[],"hands":[],"id":129281,"interactionBox":{"center":[0,200,0],"size":[235.247,235.247,147.751]},"pointables":[],"r":[[-0.962136,-0.269906,0.0380192],[0.215739,-0.839331,-0.498979],[0.166588,-0.471883,0.86578]],"s":0.686793,"t":[505.899,-233.461,348.339],"timestamp":258708037073},{"currentFrameRate":25.4024,"devices":[],"gestures":[],"hands":[],"id":129282,"interactionBox":{"center":[0,200,0],"size":[235.247,235.247,147.751]},"pointables":[],"r":[[-0.962136,-0.269906,0.0380192],[0.215739,-0.839331,-0.498979],[0.166588,-0.471883,0.86578]],"s":0.686793,"t":[505.899,-233.461,348.339],"timestamp":258708076425},{"currentFrameRate":25.4024,"devices":[],"gestures":[],"hands":[],"id":129283,"interactionBox":{"center":[0,200,0],"size":[235.247,235.247,147.751]},"pointables":[],"r":[[-0.962136,-0.269906,0.0380192],[0.215739,-0.839331,-0.498979],[0.166588,-0.471883,0.86578]],"s":0.686793,"t":[505.899,-233.461,348.339],"timestamp":258708115792},{"currentFrameRate":25.4045,"devices":[],"gestures":[],"hands":[{"armBasis":[[0.743024,-0.37033,-0.557468],[0.403773,0.912336,-0.0678994],[0.533743,-0.17464,0.827417]],"armWidth":64.9916,"confidence":0,"direction":[0.247666,0.932287,-0.263635],"elbow":[279.765,104.986,378.051],"grabAngle":2.4015,"grabStrength":0.584544,"id":190,"palmNormal":[-0.657863,-0.0379399,-0.752182],"palmPosition":[134.003,222.489,121.842],"palmVelocity":[1.19209e-7,1.19209e-7,1.19209e-7],"palmWidth":92.8057,"pinchDistance":44.1044,"pinchStrength":0.464455,"r":[[1,5.55112e-18,-5.55112e-18],[-5.55112e-18,1,-1.11022e-17],[5.55112e-18,1.11022e-17,1]],"s":1,"sphereCenter":[107.019,236.145,71.4739],"sphereRadius":52.4972,"stabilizedPalmPosition":[134.003,222.489,121.842],"t":[0,0,0],"timeVisible":0,"type":"right","wrist":[132.779,153.08,150.191]}],"id":129284,"interactionBox":{"center":[0,200,0],"size":[235.247,235.247,147.751]},"pointables":[{"bases":[[[0.922943,0.0711015,0.378312],[-0.37486,-0.0573666,0.925305],[0.087493,-0.995818,-0.026293]],[[0.905443,0.191727,0.3787],[-0.375497,-0.0542228,0.925236],[0.197927,-0.979949,0.0228972]],[[0.905443,0.191727,0.3787],[-0.423286,0.34129,0.839256],[0.0316609,-0.920197,0.390174]],[[0.905443,0.191727,0.3787],[-0.401991,0.673797,0.620001],[-0.136296,-0.71361,0.687157]]],"btipPosition":[92.0735,274.227,114.038],"carpPosition":[99.9983,175.299,145.176],"dipPosition":[88.8201,257.192,130.441],"direction":[-0.0316609,0.920197,-0.390174],"extended":false,"handId":190,"id":1900,"length":53.1564,"mcpPosition":[99.9983,175.299,145.176],"pipPosition":[89.9211,225.192,144.01],"stabilizedTipPosition":[91.3252,270.309,117.811],"timeVisible":0,"tipPosition":[91.3252,270.309,117.811],"tipVelocity":[1.19209e-7,1.19209e-7,1.19209e-7],"tool":false,"touchDistance":1,"touchZone":"none","type":0,"width":20.6541},{"bases":[[[0.742738,-0.198086,-0.639612],[0.669087,0.182812,0.720349],[-0.0257619,-0.962986,0.268318]],[[0.739289,-0.262835,-0.619976],[0.667323,0.409258,0.622244],[0.0901826,-0.873742,0.477956]],[[0.739289,-0.262835,-0.619976],[0.426422,0.895288,0.128934],[0.521168,-0.359691,0.773955]],[[0.739289,-0.262835,-0.619976],[0.0739649,0.946805,-0.313193],[0.669314,0.185684,0.719403]]],"btipPosition":[95.1417,299.45,79.6367],"carpPosition":[121.672,183.271,152.331],"dipPosition":[106.805,302.686,92.1734],"direction":[-0.521168,0.359691,-0.773955],"extended":false,"handId":190,"id":1901,"length":59.981,"mcpPosition":[123.605,255.531,132.197],"pipPosition":[119.654,293.819,111.253],"stabilizedTipPosition":[97.8243,300.194,82.5201],"timeVisible":0,"tipPosition":[97.8243,300.194,82.5201],"tipVelocity":[1.19209e-7,1.19209e-7,1.19209e-7],"tool":false,"touchDistance":1,"touchZone":"none","type":1,"width":19.7288},{"bases":[[[0.52135,-0.495541,-0.694718],[0.821264,0.0702487,0.566207],[-0.231776,-0.865739,0.443594]],[[0.525379,-0.480107,-0.702477],[0.757248,0.640318,0.128717],[0.38801,-0.599575,0.69997]],[[0.525379,-0.480107,-0.702477],[-0.0988069,0.78559,-0.610808],[0.845112,0.390315,0.365294]],[[0.525379,-0.480107,-0.702477],[-0.630833,0.334245,-0.700236],[0.570988,0.811034,-0.127262]]],"btipPosition":[102.843,234.327,68.7366],"carpPosition":[140.477,178.175,136.872],"dipPosition":[113.724,249.782,66.3114],"direction":[-0.845112,-0.390315,-0.365294],"extended":false,"handId":190,"id":1903,"length":65.7142,"mcpPosition":[155.285,233.487,108.531],"pipPosition":[137.603,260.811,76.6327],"stabilizedTipPosition":[105.346,237.881,68.1788],"timeVisible":0,"tipPosition":[105.346,237.881,68.1788],"tipVelocity":[1.19209e-7,1.19209e-7,1.19209e-7],"tool":false,"touchDistance":1,"touchZone":"none","type":3,"width":18.4378},{"bases":[[[0.348109,-0.59716,-0.722648],[0.86863,-0.0844451,0.488212],[-0.352564,-0.797665,0.489315]],[[0.357938,-0.574368,-0.736194],[0.884071,0.462194,0.0692384],[0.300496,-0.675631,0.67322]],[[0.357938,-0.574368,-0.736194],[-0.0130974,0.785265,-0.619021],[0.933653,0.231213,0.273553]],[[0.357938,-0.574368,-0.736194],[-0.634686,0.428633,-0.642999],[0.684875,0.697405,-0.211119]]],"btipPosition":[122.84,225.97,69.4831],"carpPosition":[143.492,171.301,124.447],"dipPosition":[134.88,238.231,65.7715],"direction":[-0.933653,-0.231213,-0.273553],"extended":false,"handId":190,"id":1904,"length":51.5187,"mcpPosition":[164.343,218.477,95.5081],"pipPosition":[153.506,242.843,71.2286],"stabilizedTipPosition":[125.609,228.79,68.6294],"timeVisible":0,"tipPosition":[125.609,228.79,68.6294],"tipVelocity":[1.19209e-7,1.19209e-7,1.19209e-7],"tool":false,"touchDistance":1,"touchZone":"none","type":4,"width":16.3779},{"bases":[[[0.60741,-0.354611,-0.710848],[0.784295,0.125505,0.60756],[-0.126232,-0.926553,0.354352]],[[0.605047,-0.371177,-0.704376],[0.677273,0.705057,0.21023],[0.418593,-0.604253,0.677981]],[[0.605047,-0.371177,-0.704376],[-0.169027,0.804636,-0.569202],[0.778041,0.463452,0.424104]],[[0.605047,-0.371177,-0.704376],[-0.635359,0.308071,-0.708104],[0.47983,0.875968,-0.0494336]]],"btipPosition":[88.7179,247.115,75.5743],"carpPosition":[132.077,181.706,145.474],"dipPosition":[97.9148,263.904,74.6268],"direction":[-0.778041,-0.463452,-0.424104],"extended":false,"handId":190,"id":1902,"length":68.3436,"mcpPosition":[141.06,247.64,120.259],"pipPosition":[120.481,277.346,86.9275],"stabilizedTipPosition":[90.8332,250.976,75.3564],"timeVisible":0,"tipPosition":[90.8332,250.976,75.3564],"tipVelocity":[1.19209e-7,1.19209e-7,1.19209e-7],"tool":false,"touchDistance":1,"touchZone":"none","type":2,"width":19.3763}],"r":[[1,5.55112e-18,-5.55112e-18],[-5.55112e-18,1,-1.11022e-17],[5.55112e-18,1.11022e-17,1]],"s":1,"t":[0,0,0],"timestamp":258708155140},{"currentFrameRate":25.4,"devices":[],"gestures":[],"hands":[{"armBasis":[[0.689985,-0.353555,-0.6316],[0.507783,0.858277,0.0742794],[0.515826,-0.371968,0.771728]],"armWidth":67.2482,"confidence":0.20464,"direction":[0.25101,0.928714,-0.272918],"elbow":[272.799,64.033,355.163],"grabAngle":2.27584,"grabStrength":0.793634,"id":190,"palmNormal":[-0.657703,-0.0432361,-0.752035],"palmPosition":[132.698,237.257,115.333],"palmVelocity":[-33.1195,374.811,-165.185],"palmWidth":92.8057,"pinchDistance":41.7244,"pinchStrength":0.560087,"r":[[1,-0.000695301,0.0000834395],[0.000695468,0.999998,-0.00201664],[-0.0000820371,0.00201669,0.999998]],"s":0.96293,"sphereCenter":[105.53,251.031,63.6567],"sphereRadius":53.7072,"stabilizedPalmPosition":[133.167,231.942,117.675],"t":[-0.652488,7.38416,-3.25431],"timeVisible":0.039402,"type":"right","wrist":[130.747,166.468,142.639]}],"id":129285,"interactionBox":{"center":[0,200,0],"size":[235.247,235.247,147.751]},"pointables":[{"bases":[[[0.923041,0.0717039,0.377961],[-0.375411,-0.0467289,0.92568],[0.0840365,-0.996331,-0.0162142]],[[0.899267,0.22351,0.375982],[-0.370195,-0.0689172,0.926394],[0.23297,-0.972262,0.0207673]],[[0.899267,0.22351,0.375982],[-0.436841,0.415458,0.79785],[0.0221227,-0.881725,0.471245]],[[0.899267,0.22351,0.375982],[-0.396672,0.778944,0.485693],[-0.184312,-0.585909,0.789138]]],"btipPosition":[90.3299,285.073,102.451],"carpPosition":[98.5204,190.423,139.127],"dipPosition":[85.8811,270.931,121.499],"direction":[-0.0221227,0.881725,-0.471245],"extended":false,"handId":190,"id":1900,"length":53.7508,"mcpPosition":[98.5204,190.423,139.127],"pipPosition":[86.659,239.925,138.07],"stabilizedTipPosition":[90.7328,273.687,114.589],"timeVisible":0.039402,"tipPosition":[89.9362,284.22,109.667],"tipVelocity":[-51.2303,292.152,-278.64],"tool":false,"touchDistance":1,"touchZone":"none","type":0,"width":21.6861},{"bases":[[[0.606443,-0.363871,-0.706983],[0.784495,0.128898,0.606591],[-0.129592,-0.922488,0.363624]],[[0.601919,-0.393615,-0.69481],[0.75264,0.570419,0.328871],[0.266884,-0.720895,0.639596]],[[0.601919,-0.393615,-0.69481],[0.0669528,0.891894,-0.447262],[0.795746,0.222696,0.563201]],[[0.601919,-0.393615,-0.69481],[-0.483432,0.512919,-0.709372],[0.6356,0.762877,0.118449]]],"btipPosition":[90.9192,276.887,62.8904],"carpPosition":[130.621,196.722,139.375],"dipPosition":[103.238,291.672,65.1861],"direction":[-0.795746,-0.222696,-0.563201],"extended":false,"handId":190,"id":1902,"length":69.1079,"mcpPosition":[139.843,262.366,113.499],"pipPosition":[126.576,298.203,81.7038],"stabilizedTipPosition":[93.509,277.843,64.4139],"timeVisible":0.039402,"tipPosition":[92.1753,274.58,65.3871],"tipVelocity":[74.0891,743.893,-302.98],"tool":false,"touchDistance":1,"touchZone":"none","type":2,"width":20.3444},{"bases":[[[0.519887,-0.504331,-0.689469],[0.821287,0.0730995,0.565813],[-0.234957,-0.860411,0.452204]],[[0.52662,-0.478621,-0.702563],[0.804021,0.548824,0.228784],[0.276082,-0.685357,0.673843]],[[0.52662,-0.478621,-0.702563],[0.0826008,0.851345,-0.518063],[0.846079,0.21479,0.487869]],[[0.52662,-0.478621,-0.702563],[-0.51676,0.475988,-0.711614],[0.675004,0.737806,0.00333235]]],"btipPosition":[104.121,259.274,56.867],"carpPosition":[139.012,193.075,130.813],"dipPosition":[117.128,273.492,56.9312],"direction":[-0.846079,-0.21479,-0.487869],"extended":false,"handId":190,"id":1903,"length":66.4491,"mcpPosition":[154.023,248.047,101.921],"pipPosition":[141.301,279.629,70.87],"stabilizedTipPosition":[106.94,260.135,57.9856],"timeVisible":0.039402,"tipPosition":[105.642,257.475,59.1496],"tipVelocity":[44.8337,625.932,-286.713],"tool":false,"touchDistance":1,"touchZone":"none","type":3,"width":19.359},{"bases":[[[0.346305,-0.605623,-0.716445],[0.868144,-0.0825367,0.489401],[-0.355526,-0.791459,0.497186]],[[0.364544,-0.563111,-0.741629],[0.913348,0.37137,0.166974],[0.181394,-0.738235,0.649696]],[[0.364544,-0.563111,-0.741629],[0.210632,0.825658,-0.523377],[0.907051,0.0345828,0.419598]],[[0.364544,-0.563111,-0.741629],[-0.460877,0.582939,-0.66916],[0.809136,0.585738,-0.0470178]]],"btipPosition":[123.737,248.686,57.7324],"carpPosition":[142.007,186.066,118.459],"dipPosition":[138.122,259.099,56.8966],"direction":[-0.907051,-0.0345828,-0.419598],"extended":false,"handId":190,"id":1904,"length":52.0948,"mcpPosition":[163.034,232.874,89.054],"pipPosition":[156.419,259.797,65.3608],"stabilizedTipPosition":[126.888,248.63,58.7596],"timeVisible":0.039402,"tipPosition":[125.554,246.643,60.036],"tipVelocity":[36.4672,565.731,-281.439],"tool":false,"touchDistance":1,"touchZone":"none","type":4,"width":17.1962},{"bases":[[[0.742288,-0.207107,-0.637272],[0.669444,0.18774,0.718748],[-0.029216,-0.960136,0.278003]],[[0.736006,-0.298774,-0.607477],[0.668921,0.458967,0.584717],[0.104114,-0.83671,0.537659]],[[0.736006,-0.298774,-0.607477],[0.348179,0.936624,-0.0388118],[0.580574,-0.182945,0.793388]],[[0.736006,-0.298774,-0.607477],[-0.020559,0.887063,-0.461191],[0.676662,0.351929,0.646741]]],"btipPosition":[91.4018,305.872,70.3527],"carpPosition":[120.219,198.392,146.211],"dipPosition":[103.326,312.073,81.7493],"direction":[-0.580574,0.182945,-0.793388],"extended":false,"handId":190,"id":1901,"length":60.6518,"mcpPosition":[122.412,270.438,125.351],"pipPosition":[117.798,307.513,101.527],"stabilizedTipPosition":[97.3847,301.043,81.3797],"timeVisible":0.039402,"tipPosition":[95.7421,311.735,74.3196],"tipVelocity":[-93.3974,180.292,-242.277],"tool":false,"touchDistance":1,"touchZone":"none","type":1,"width":20.7146}],"r":[[1,-0.000695301,0.0000834395],[0.000695468,0.999998,-0.00201664],[-0.0000820371,0.00201669,0.999998]],"s":0.96293,"t":[-0.652488,7.38416,-3.25431],"timestamp":258708194542},{"currentFrameRate":25.4038,"devices":[],"gestures":[],"hands":[{"armBasis":[[0.653891,-0.290399,-0.698638],[0.576956,0.788742,0.21215],[0.489437,-0.541806,0.683299]],"armWidth":67.2482,"confidence":0.39254,"direction":[0.254451,0.933863,-0.251307],"elbow":[262.757,29.6686,319.716],"grabAngle":2.03695,"grabStrength":0.689578,"id":190,"palmNormal":[-0.655854,-0.0243367,-0.754495],"palmPosition":[130.633,251.423,107.409],"palmVelocity":[-52.4869,360.126,-201.44],"palmWidth":92.8057,"pinchDistance":42.2037,"pinchStrength":0.548965,"r":[[0.999998,-0.00185088,0.000659108],[0.00185031,0.999998,0.000871409],[-0.00066072,-0.000870188,0.999999]],"s":0.938568,"sphereCenter":[101.579,265.464,53.1683],"sphereRadius":57.4881,"stabilizedPalmPosition":[130.964,248.877,108.751],"t":[-2.01107,18.1594,-8.84348],"timeVisible":0.078739,"type":"right","wrist":[127.971,178.875,131.544]}],"id":129286,"interactionBox":{"center":[0,200,0],"size":[235.247,235.247,147.751]},"pointables":[{"bases":[[[0.922253,0.0604177,0.381835],[-0.377972,-0.0664167,0.923432],[0.0811519,-0.995961,-0.0384168]],[[0.886504,0.261605,0.381673],[-0.368234,-0.100639,0.92427],[0.280205,-0.959914,0.00711562]],[[0.886504,0.261605,0.381673],[-0.45633,0.357652,0.814768],[0.0766415,-0.896464,0.436439]],[[0.886504,0.261605,0.381673],[-0.441799,0.723762,0.530077],[-0.137569,-0.638538,0.757195]]],"btipPosition":[82.6152,299.978,96.0695],"carpPosition":[96.256,204.169,130.056],"dipPosition":[79.2946,284.566,114.346],"direction":[-0.0766415,0.896464,-0.436439],"extended":false,"handId":190,"id":1900,"length":53.7508,"mcpPosition":[96.256,204.169,130.056],"pipPosition":[81.9897,253.042,129.694],"stabilizedTipPosition":[83.4801,292.262,102.898],"timeVisible":0.078739,"tipPosition":[86.1818,297.974,101.97],"tipVelocity":[-189.52,371.487,-166.73],"tool":false,"touchDistance":1,"touchZone":"none","type":0,"width":21.6861},{"bases":[[[0.520209,-0.490248,-0.699313],[0.820012,0.0578918,0.569411],[-0.238668,-0.869658,0.432125]],[[0.528367,-0.459015,-0.714236],[0.821959,0.48724,0.294924],[0.212631,-0.742901,0.634733]],[[0.528367,-0.459015,-0.714236],[0.287116,0.88829,-0.358475],[0.798995,-0.0156623,0.601134]],[[0.528367,-0.459015,-0.714236],[-0.270919,0.70612,-0.654215],[0.804631,0.539166,0.248734]]],"btipPosition":[103.894,286.739,43.081],"carpPosition":[136.777,206.886,121.906],"dipPosition":[119.399,297.129,47.8741],"direction":[-0.798995,0.0156623,-0.601134],"extended":false,"handId":190,"id":1903,"length":66.4491,"mcpPosition":[152.025,262.448,94.2979],"pipPosition":[142.227,296.682,65.0489],"stabilizedTipPosition":[107.427,287.312,45.0483],"timeVisible":0.078739,"tipPosition":[105.727,281.517,47.6918],"tipVelocity":[8.84015,675.817,-322.811],"tool":false,"touchDistance":1,"touchZone":"none","type":3,"width":19.359},{"bases":[[[0.346401,-0.590387,-0.729005],[0.866612,-0.0961257,0.489635],[-0.359151,-0.801375,0.478339]],[[0.368672,-0.5379,-0.758119],[0.921811,0.316641,0.223612],[0.119771,-0.781282,0.61258]],[[0.368672,-0.5379,-0.758119],[0.421029,0.823742,-0.379715],[0.828743,-0.1792,0.530163]],[[0.368672,-0.5379,-0.758119],[-0.162354,0.765771,-0.622283],[0.915272,0.352502,0.194988]]],"btipPosition":[123.669,273.382,44.615],"carpPosition":[139.784,200.147,109.406],"dipPosition":[139.94,279.649,48.0814],"direction":[-0.828743,0.1792,-0.530163],"extended":false,"handId":190,"id":1904,"length":52.0948,"mcpPosition":[161.025,247.542,81.1156],"pipPosition":[156.657,276.034,58.7759],"stabilizedTipPosition":[127.371,272.813,46.4369],"timeVisible":0.078739,"tipPosition":[125.348,267.808,49.2124],"tipVelocity":[9.28393,603.572,-308.307],"tool":false,"touchDistance":1,"touchZone":"none","type":4,"width":17.1962},{"bases":[[[0.743344,-0.194941,-0.639873],[0.668106,0.169517,0.724499],[-0.0327647,-0.966055,0.256251]],[[0.737197,-0.282808,-0.613645],[0.654771,0.523183,0.545486],[0.166781,-0.803928,0.570863]],[[0.737197,-0.282808,-0.613645],[0.328456,0.943659,-0.0403115],[0.590472,-0.171838,0.788552]],[[0.737197,-0.282808,-0.613645],[-0.0430713,0.886676,-0.460381],[0.674304,0.365822,0.641474]]],"btipPosition":[86.4265,317.861,61.8887],"carpPosition":[117.96,211.911,137.373],"dipPosition":[98.3087,324.307,73.1924],"direction":[-0.590472,0.171838,-0.788552],"extended":false,"handId":190,"id":1901,"length":60.6518,"mcpPosition":[120.418,284.402,118.145],"pipPosition":[113.028,320.023,92.8498],"stabilizedTipPosition":[93.7184,309.2,73.8508],"timeVisible":0.078739,"tipPosition":[92.6831,324.851,67.0337],"tipVelocity":[-126.723,306.206,-215.71],"tool":false,"touchDistance":1,"touchZone":"none","type":1,"width":20.7146},{"bases":[[[0.607223,-0.349689,-0.713441],[0.783277,0.112869,0.61134],[-0.133254,-0.930042,0.34244]],[[0.604042,-0.37071,-0.705484],[0.765548,0.515956,0.38435],[0.221516,-0.772246,0.595456]],[[0.604042,-0.37071,-0.705484],[0.251374,0.928663,-0.272755],[0.75627,-0.0125854,0.654139]],[[0.604042,-0.37071,-0.705484],[-0.260418,0.744819,-0.614351],[0.753204,0.554815,0.353362]]],"btipPosition":[90.0668,304.552,50.5245],"carpPosition":[128.375,210.364,130.527],"dipPosition":[104.665,315.305,57.3731],"direction":[-0.75627,0.0125854,-0.654139],"extended":false,"handId":190,"id":1902,"length":69.1079,"mcpPosition":[137.857,276.546,106.159],"pipPosition":[126.845,314.936,76.5578],"stabilizedTipPosition":[93.4282,305.707,52.6557],"timeVisible":0.078739,"tipPosition":[91.9548,298.874,55.0229],"tipVelocity":[-8.34199,679.712,-287.738],"tool":false,"touchDistance":1,"touchZone":"none","type":2,"width":20.3444}],"r":[[0.999998,-0.00185088,0.000659108],[0.00185031,0.999998,0.000871409],[-0.00066072,-0.000870188,0.999999]],"s":0.938568,"t":[-2.01107,18.1594,-8.84348],"timestamp":258708233879},{"currentFrameRate":28.7359,"devices":[],"gestures":[],"hands":[{"armBasis":[[0.652969,-0.256178,-0.712744],[0.597403,0.752666,0.276773],[0.465555,-0.60652,0.644509]],"armWidth":67.2482,"confidence":0.446181,"direction":[0.240853,0.938142,-0.248755],"elbow":[255.724,15.6897,304.95],"grabAngle":1.87912,"grabStrength":0.58498,"id":190,"palmNormal":[-0.655501,-0.0317789,-0.754525],"palmPosition":[129.576,255.851,104.214],"palmVelocity":[-85.5155,358.21,-258.47],"palmWidth":92.8057,"pinchDistance":44.4703,"pinchStrength":0.475635,"r":[[0.999999,0.000124707,0.00110561],[-0.000128831,0.999993,0.00373149],[-0.00110514,-0.00373163,0.999992]],"s":0.933223,"sphereCenter":[97.9387,269.317,48.1634],"sphereRadius":60.8216,"stabilizedPalmPosition":[130.27,252.367,106.48],"t":[-3.21893,25.7611,-13.2357],"timeVisible":0.091101,"type":"right","wrist":[127.516,182.718,127.46]}],"id":129287,"interactionBox":{"center":[0,200,0],"size":[235.247,235.247,147.751]},"pointables":[{"bases":[[[0.921315,0.0727437,0.381952],[-0.376884,-0.0744276,0.923265],[0.0955895,-0.99457,-0.0411552]],[[0.88244,0.274107,0.382316],[-0.361779,-0.124047,0.923974],[0.300693,-0.953665,-0.0102978]],[[0.88244,0.274107,0.382316],[-0.461016,0.342161,0.818774],[0.093618,-0.898772,0.428304]],[[0.88244,0.274107,0.382316],[-0.454161,0.708256,0.540473],[-0.12263,-0.650568,0.749482]]],"btipPosition":[80.2487,303.904,94.1051],"carpPosition":[95.8901,208.041,126.733],"dipPosition":[77.2887,288.201,112.196],"direction":[-0.093618,0.898772,-0.428304],"extended":false,"handId":190,"id":1900,"length":53.7508,"mcpPosition":[95.8901,208.041,126.733],"pipPosition":[80.5807,256.596,127.257],"stabilizedTipPosition":[81.5817,296.159,100.65],"timeVisible":0.091101,"tipPosition":[84.0848,301.656,98.8564],"tipVelocity":[-184.729,312.171,-162.374],"tool":false,"touchDistance":1,"touchZone":"none","type":0,"width":21.6861},{"bases":[[[0.527203,-0.480728,-0.700684],[0.819138,0.0682199,0.569525],[-0.225986,-0.874212,0.429748]],[[0.534714,-0.450161,-0.715148],[0.82384,0.466054,0.322618],[0.188067,-0.761675,0.620066]],[[0.534714,-0.450161,-0.715148],[0.372109,0.88526,-0.279016],[0.758694,-0.116919,0.64087]],[[0.534714,-0.450161,-0.715148],[-0.147035,0.783822,-0.603327],[0.832143,0.427759,0.352931]]],"btipPosition":[104.427,297.418,37.4477],"carpPosition":[136.366,211.368,118.589],"dipPosition":[120.462,305.661,44.2487],"direction":[-0.758694,0.116919,-0.64087],"extended":false,"handId":190,"id":1903,"length":66.4491,"mcpPosition":[150.805,267.221,91.132],"pipPosition":[142.138,302.32,62.5588],"stabilizedTipPosition":[107.833,294.399,41.4835],"timeVisible":0.091101,"tipPosition":[105.459,290.034,42.8202],"tipVelocity":[52.9499,823.853,-418.334],"tool":false,"touchDistance":1,"touchZone":"none","type":3,"width":19.359},{"bases":[[[0.354863,-0.583297,-0.730641],[0.867961,-0.0848857,0.489325],[-0.347443,-0.807811,0.476156]],[[0.376747,-0.529425,-0.760112],[0.921565,0.297227,0.249748],[0.0937032,-0.794585,0.599879]],[[0.376747,-0.529425,-0.760112],[0.508223,0.804182,-0.308221],[0.774449,-0.270185,0.572039]],[[0.376747,-0.529425,-0.760112],[-0.0116352,0.817806,-0.575376],[0.926243,0.225615,0.301946]]],"btipPosition":[124.513,282.9,39.1247],"carpPosition":[139.47,204.708,106.069],"dipPosition":[140.979,286.911,44.4925],"direction":[-0.774449,0.270185,-0.572039],"extended":false,"handId":190,"id":1904,"length":52.0948,"mcpPosition":[160.019,252.484,77.9082],"pipPosition":[156.601,281.461,56.0318],"stabilizedTipPosition":[127.889,278.95,43.0491],"timeVisible":0.091101,"tipPosition":[125.194,275.418,44.5258],"tipVelocity":[71.9327,727.967,-408.753],"tool":false,"touchDistance":1,"touchZone":"none","type":4,"width":17.1962},{"bases":[[[0.746036,-0.182378,-0.640444],[0.665643,0.177204,0.724927],[-0.0187219,-0.967128,0.253599]],[[0.740047,-0.281932,-0.61061],[0.650354,0.531328,0.54289],[0.171376,-0.798877,0.576564]],[[0.740047,-0.281932,-0.61061],[0.358479,0.933532,0.00343607],[0.569055,-0.221433,0.791924]],[[0.740047,-0.281932,-0.61061],[0.0114627,0.913051,-0.407684],[0.672457,0.294706,0.678933]]],"btipPosition":[85.2558,324.373,57.7878],"carpPosition":[117.48,216.077,134.07],"dipPosition":[97.1054,329.567,69.7516],"direction":[-0.569055,0.221433,-0.791924],"extended":false,"handId":190,"id":1901,"length":60.6518,"mcpPosition":[118.885,288.649,115.04],"pipPosition":[111.291,324.047,89.493],"stabilizedTipPosition":[92.1366,313.713,70.1806],"timeVisible":0.091101,"tipPosition":[90.172,328.34,63.5141],"tipVelocity":[-95.3086,503.513,-319.454],"tool":false,"touchDistance":1,"touchZone":"none","type":1,"width":20.7146},{"bases":[[[0.612167,-0.338883,-0.714429],[0.781613,0.122543,0.611607],[-0.119715,-0.932814,0.339892]],[[0.608838,-0.36309,-0.705324],[0.768361,0.491065,0.410459],[0.197327,-0.791846,0.577963]],[[0.608838,-0.36309,-0.705324],[0.347155,0.9214,-0.174657],[0.713302,-0.138519,0.687032]],[[0.608838,-0.36309,-0.705324],[-0.112687,0.840508,-0.529952],[0.78525,0.402136,0.470817]]],"btipPosition":[90.4858,316.713,45.0263],"carpPosition":[127.916,214.7,127.219],"dipPosition":[105.705,324.506,54.1514],"direction":[-0.713302,0.138519,-0.687032],"extended":false,"handId":190,"id":1902,"length":69.1079,"mcpPosition":[136.434,281.08,103.033],"pipPosition":[126.625,320.444,74.3008],"stabilizedTipPosition":[93.7849,313.887,49.1208],"timeVisible":0.091101,"tipPosition":[91.569,308.507,50.2189],"tipVelocity":[45.4543,928.655,-402.407],"tool":false,"touchDistance":1,"touchZone":"none","type":2,"width":20.3444}],"r":[[0.999999,0.000124707,0.00110561],[-0.000128831,0.999993,0.00373149],[-0.00110514,-0.00373163,0.999992]],"s":0.933223,"t":[-3.21893,25.7611,-13.2357],"timestamp":258708246241},{"currentFrameRate":31.8781,"devices":[],"gestures":[],"hands":[{"armBasis":[[0.653453,-0.228915,-0.721524],[0.608584,0.725692,0.320931],[0.450138,-0.648821,0.61352]],"armWidth":67.2482,"confidence":0.496484,"direction":[0.23034,0.942494,-0.242176],"elbow":[250.381,7.38752,291.719],"grabAngle":1.72388,"grabStrength":0.481003,"id":190,"palmNormal":[-0.656153,-0.0333534,-0.753891],"palmPosition":[127.967,259.676,100.493],"palmVelocity":[-131.006,311.343,-302.885],"palmWidth":92.8057,"pinchDistance":46.9892,"pinchStrength":0.398892,"r":[[0.999992,0.00386979,0.00120909],[-0.00387874,0.999964,0.00748648],[-0.00118007,-0.00749111,0.999971]],"s":0.942703,"sphereCenter":[93.1581,272.902,42.0902],"sphereRadius":65.1348,"stabilizedPalmPosition":[129.168,255.862,103.617],"t":[-4.62744,31.4741,-17.2919],"timeVisible":0.103384,"type":"right","wrist":[126.419,186.065,122.763]}],"id":129288,"interactionBox":{"center":[0,200,0],"size":[235.247,235.247,147.751]},"pointables":[{"bases":[[[0.920996,0.0799238,0.381285],[-0.37479,-0.0852669,0.92318],[0.106295,-0.993147,-0.0485759]],[[0.882021,0.273963,0.383384],[-0.356005,-0.145593,0.923073],[0.308706,-0.950656,-0.0308838]],[[0.882021,0.273963,0.383384],[-0.46027,0.326606,0.825518],[0.100946,-0.904584,0.414171]],[[0.882021,0.273963,0.383384],[-0.457286,0.693983,0.556127],[-0.113704,-0.665831,0.737387]]],"btipPosition":[78.3089,307.622,91.9139],"carpPosition":[94.8315,211.34,122.704],"dipPosition":[75.5644,291.551,109.713],"direction":[-0.100946,0.904584,-0.414171],"extended":false,"handId":190,"id":1900,"length":53.7508,"mcpPosition":[94.8315,211.34,122.704],"pipPosition":[79.1141,259.741,124.277],"stabilizedTipPosition":[79.5454,300.21,98.2288],"timeVisible":0.103384,"tipPosition":[81.6711,304.945,95.5648],"tipVelocity":[-153.888,295.792,-183.861],"tool":false,"touchDistance":1,"touchZone":"none","type":0,"width":21.6861},{"bases":[[[0.531415,-0.469842,-0.704873],[0.819132,0.0729194,0.568952],[-0.215918,-0.879734,0.423613]],[[0.538532,-0.439285,-0.719035],[0.82645,0.441678,0.349144],[0.164209,-0.782271,0.600905]],[[0.538532,-0.439285,-0.719035],[0.448608,0.871828,-0.196641],[0.713256,-0.216667,0.666574]],[[0.538532,-0.439285,-0.719035],[-0.0246516,0.844769,-0.534564],[0.842244,0.305605,0.444106]]],"btipPosition":[104.878,307.72,32.1754],"carpPosition":[135.258,215.164,114.533],"dipPosition":[121.108,313.609,40.7333],"direction":[-0.713256,0.216667,-0.666574],"extended":false,"handId":190,"id":1903,"length":66.4491,"mcpPosition":[149.053,271.371,87.468],"pipPosition":[141.486,307.418,59.7778],"stabilizedTipPosition":[108.298,303.17,37.0965],"timeVisible":0.103384,"tipPosition":[105.007,298.685,37.7655],"tipVelocity":[40.4036,794.643,-396.34],"tool":false,"touchDistance":1,"touchZone":"none","type":3,"width":19.359},{"bases":[[[0.360155,-0.57405,-0.73536],[0.869499,-0.0790567,0.487567],[-0.338023,-0.814995,0.470664]],[[0.381576,-0.519291,-0.764681],[0.921675,0.276495,0.27215],[0.0701052,-0.808633,0.584121]],[[0.381576,-0.519291,-0.764681],[0.586528,0.775418,-0.233905],[0.714412,-0.359254,0.600459]],[[0.381576,-0.519291,-0.764681],[0.136225,0.849834,-0.509141],[0.914244,0.0901071,0.395016]]],"btipPosition":[125.187,291.965,33.6878],"carpPosition":[138.417,208.63,101.961],"dipPosition":[141.44,293.567,40.7102],"direction":[-0.714412,0.359254,-0.600459],"extended":false,"handId":190,"id":1904,"length":52.0948,"mcpPosition":[158.408,256.831,74.1246],"pipPosition":[155.851,286.32,52.8228],"stabilizedTipPosition":[128.461,286.341,38.7713],"timeVisible":0.103384,"tipPosition":[124.778,282.981,39.4651],"tipVelocity":[50.9085,692.909,-411.65],"tool":false,"touchDistance":1,"touchZone":"none","type":4,"width":17.1962},{"bases":[[[0.747087,-0.169588,-0.642729],[0.664679,0.179092,0.725347],[-0.00790242,-0.969106,0.246519]],[[0.741426,-0.277839,-0.610813],[0.652045,0.513309,0.557988],[0.158506,-0.811985,0.561744]],[[0.741426,-0.277839,-0.610813],[0.402743,0.912327,0.0738767],[0.536735,-0.300775,0.788321]],[[0.741426,-0.277839,-0.610813],[0.0755546,0.939033,-0.335424],[0.666767,0.202542,0.717215]]],"btipPosition":[84.7833,332.182,54.3935],"carpPosition":[116.343,219.555,130.072],"dipPosition":[96.5326,335.752,67.0319],"direction":[-0.536735,0.300775,-0.788321],"extended":false,"handId":190,"id":1901,"length":60.6518,"mcpPosition":[116.936,292.275,111.574],"pipPosition":[109.913,328.254,86.6835],"stabilizedTipPosition":[90.2751,321.434,65.0256],"timeVisible":0.103384,"tipPosition":[87.6711,332.247,59.6898],"tipVelocity":[-40.347,605.345,-263.708],"tool":false,"touchDistance":1,"touchZone":"none","type":1,"width":20.7146},{"bases":[[[0.61482,-0.326988,-0.717687],[0.781079,0.126523,0.61148],[-0.109142,-0.93652,0.333193]],[[0.611236,-0.355172,-0.707278],[0.775132,0.449168,0.444318],[0.159877,-0.819818,0.549853]],[[0.611236,-0.355172,-0.707278],[0.445875,0.892872,-0.063042],[0.6539,-0.276824,0.704119]],[[0.611236,-0.355172,-0.707278],[0.0306749,0.903611,-0.427255],[0.790853,0.239458,0.563215]]],"btipPosition":[92.0968,329.217,40.5878],"carpPosition":[126.784,218.342,123.199],"dipPosition":[107.425,333.858,51.5036],"direction":[-0.6539,0.276824,-0.704119],"extended":false,"handId":190,"id":1902,"length":69.1079,"mcpPosition":[134.55,284.985,99.4885],"pipPosition":[126.602,325.739,72.1542],"stabilizedTipPosition":[95.0108,324.828,45.1026],"timeVisible":0.103384,"tipPosition":[91.7401,319.216,45.4613],"tipVelocity":[133.188,959.01,-327.825],"tool":false,"touchDistance":1,"touchZone":"none","type":2,"width":20.3444}],"r":[[0.999992,0.00386979,0.00120909],[-0.00387874,0.999964,0.00748648],[-0.00118007,-0.00749111,0.999971]],"s":0.942703,"t":[-4.62744,31.4741,-17.2919],"timestamp":258708258524},{"currentFrameRate":34.8141,"devices":[],"gestures":[],"hands":[{"armBasis":[[0.660781,-0.194496,-0.724941],[0.605362,0.709103,0.361538],[0.44374,-0.677749,0.586302]],"armWidth":67.2482,"confidence":0.544068,"direction":[0.216446,0.948189,-0.23257],"elbow":[247.522,1.80095,279.531],"grabAngle":1.52566,"grabStrength":0.335493,"id":190,"palmNormal":[-0.647297,-0.0389556,-0.761242],"palmPosition":[125.979,262.474,96.78],"palmVelocity":[-160.432,225.779,-299.644],"palmWidth":92.8057,"pinchDistance":49.6593,"pinchStrength":0.300738,"r":[[0.99994,0.01034,0.00349367],[-0.0103811,0.999874,0.0119815],[-0.00336934,-0.0120171,0.999922]],"s":0.964776,"sphereCenter":[86.9092,274.656,33.8322],"sphereRadius":71.8203,"stabilizedPalmPosition":[127.835,258.626,100.759],"t":[-6.32581,35.7296,-21.1768],"timeVisible":0.115777,"type":"right","wrist":[125.321,188.445,118.071]}],"id":129289,"interactionBox":{"center":[0,200,0],"size":[235.247,235.247,147.751]},"pointables":[{"bases":[[[0.915292,0.0929858,0.391911],[-0.383184,-0.0988641,0.918366],[0.124141,-0.990747,-0.0548588]],[[0.877292,0.272145,0.395343],[-0.361205,-0.168049,0.917219],[0.316053,-0.947469,-0.049128]],[[0.877292,0.272145,0.395343],[-0.468557,0.307161,0.828316],[0.103988,-0.911915,0.396985]],[[0.877292,0.272145,0.395343],[-0.466967,0.674319,0.572045],[-0.110908,-0.686463,0.718657]]],"btipPosition":[76.3836,310.276,89.4593],"carpPosition":[93.4547,213.4,118.265],"dipPosition":[73.7065,293.706,106.806],"direction":[-0.103988,0.911915,-0.396985],"extended":false,"handId":190,"id":1900,"length":53.7508,"mcpPosition":[93.4547,213.4,118.265],"pipPosition":[77.3632,261.639,120.766],"stabilizedTipPosition":[77.6851,303.29,95.8749],"timeVisible":0.115777,"tipPosition":[78.6293,306.917,91.8658],"tipVelocity":[-154.103,204.878,-206.453],"tool":false,"touchDistance":1,"touchZone":"none","type":0,"width":21.6861},{"bases":[[[0.547115,-0.455101,-0.70253],[0.811546,0.0827692,0.578396],[-0.205081,-0.886585,0.41462]],[[0.553871,-0.42421,-0.71643],[0.821862,0.416318,0.388872],[0.133299,-0.804192,0.579229]],[[0.553871,-0.42421,-0.71643],[0.530437,0.84303,-0.0890909],[0.641765,-0.330676,0.691947]],[[0.553871,-0.42421,-0.71643],[0.144117,0.896329,-0.419314],[0.820035,0.128997,0.557587]]],"btipPosition":[106.717,318.653,26.8682],"carpPosition":[133.894,217.989,110.564],"dipPosition":[122.519,321.139,37.6129],"direction":[-0.641765,0.330676,-0.691947],"extended":false,"handId":190,"id":1903,"length":66.4491,"mcpPosition":[146.997,274.633,84.0737],"pipPosition":[140.854,311.691,57.3824],"stabilizedTipPosition":[109.561,313.043,32.3262],"timeVisible":0.115777,"tipPosition":[105.702,308.024,32.3575],"tipVelocity":[140.407,819.057,-387.652],"tool":false,"touchDistance":1,"touchZone":"none","type":3,"width":19.359},{"bases":[[[0.37804,-0.562033,-0.735666],[0.865435,-0.0676783,0.496429],[-0.328798,-0.824342,0.460818]],[[0.39884,-0.506616,-0.764374],[0.916147,0.256493,0.308034],[0.040002,-0.823135,0.566435]],[[0.39884,-0.506616,-0.764374],[0.66115,0.736472,-0.143143],[0.635458,-0.448275,0.628684]],[[0.39884,-0.506616,-0.764374],[0.297193,0.859962,-0.414899],[0.867527,-0.0616883,0.493551]]],"btipPosition":[127.048,300.519,28.6118],"carpPosition":[137.302,211.608,97.9784],"dipPosition":[142.47,299.422,37.3859],"direction":[-0.635458,0.448275,-0.628684],"extended":false,"handId":190,"id":1904,"length":52.0948,"mcpPosition":[156.748,260.361,70.7246],"pipPosition":[155.289,290.38,50.0678],"stabilizedTipPosition":[129.647,294.082,34.2455],"timeVisible":0.115777,"tipPosition":[125.238,290.283,34.3652],"tipVelocity":[134.719,640.112,-377.077],"tool":false,"touchDistance":1,"touchZone":"none","type":4,"width":17.1962},{"bases":[[[0.756828,-0.15163,-0.635783],[0.653584,0.185036,0.733887],[0.00636321,-0.970963,0.239143]],[[0.751903,-0.269476,-0.601685],[0.643524,0.498294,0.581017],[0.143245,-0.824067,0.548083]],[[0.751903,-0.269476,-0.601685],[0.449616,0.877078,0.169052],[0.482169,-0.397638,0.780639]],[[0.751903,-0.269476,-0.601685],[0.175146,0.961501,-0.211754],[0.635583,0.053836,0.770153]]],"btipPosition":[84.6944,340.268,50.6671],"carpPosition":[114.739,221.931,125.929],"dipPosition":[95.8943,341.217,64.2383],"direction":[-0.482169,0.397638,-0.780639],"extended":true,"handId":190,"id":1901,"length":60.6518,"mcpPosition":[114.261,294.79,107.984],"pipPosition":[107.914,331.304,83.6984],"stabilizedTipPosition":[88.9491,329.842,60.0666],"timeVisible":0.115777,"tipPosition":[85.5421,336.29,55.4373],"tipVelocity":[-17.3691,603.807,-283.378],"tool":false,"touchDistance":1,"touchZone":"none","type":1,"width":20.7146},{"bases":[[[0.628146,-0.310725,-0.713361],[0.772106,0.135375,0.620907],[-0.0963599,-0.94081,0.324947]],[[0.624234,-0.344668,-0.701096],[0.771386,0.413994,0.483293],[0.123673,-0.842504,0.524301]],[[0.624234,-0.344668,-0.701096],[0.532968,0.844034,0.0595996],[0.571207,-0.410866,0.710572]],[[0.624234,-0.344668,-0.701096],[0.196735,0.937849,-0.285892],[0.75606,0.0405334,0.653246]]],"btipPosition":[94.5754,341.047,36.4721],"carpPosition":[125.272,220.952,119.16],"dipPosition":[109.229,341.833,49.1329],"direction":[-0.571207,0.410866,-0.710572],"extended":false,"handId":190,"id":1902,"length":69.1079,"mcpPosition":[132.129,287.9,96.0368],"pipPosition":[125.981,329.783,69.9727],"stabilizedTipPosition":[97.0592,336.274,41.1113],"timeVisible":0.115777,"tipPosition":[92.8002,329.645,40.8263],"tipVelocity":[187.483,883.024,-299.709],"tool":false,"touchDistance":1,"touchZone":"none","type":2,"width":20.3444}],"r":[[0.99994,0.01034,0.00349367],[-0.0103811,0.999874,0.0119815],[-0.00336934,-0.0120171,0.999922]],"s":0.964776,"t":[-6.32581,35.7296,-21.1768],"timestamp":258708270917},{"currentFrameRate":37.8471,"devices":[],"gestures":[],"hands":[{"armBasis":[[0.658384,-0.172505,-0.732648],[0.612763,0.688102,0.388635],[0.437095,-0.704811,0.55874]],"armWidth":67.2482,"confidence":0.583017,"direction":[0.208849,0.951884,-0.224274],"elbow":[244.754,-3.26087,267.745],"grabAngle":1.366,"grabStrength":0.204478,"id":190,"palmNormal":[-0.65083,-0.0358854,-0.758375],"palmPosition":[124.62,265.237,93.597],"palmVelocity":[-125.319,254.895,-293.631],"palmWidth":92.8057,"pinchDistance":52.1512,"pinchStrength":0.206206,"r":[[0.999848,0.0168647,0.00437475],[-0.016939,0.999703,0.0175481],[-0.00407751,-0.0176196,0.999836]],"s":0.992165,"sphereCenter":[80.4919,276.723,26.4884],"sphereRadius":78.5004,"stabilizedPalmPosition":[126.742,260.872,98.3254],"t":[-7.85422,39.2389,-24.7107],"timeVisible":0.126617,"type":"right","wrist":[124.383,190.836,113.875]}],"id":129290,"interactionBox":{"center":[0,200,0],"size":[235.247,235.247,147.751]},"pointables":[{"bases":[[[0.916596,0.0953705,0.388273],[-0.377892,-0.110499,0.919232],[0.130571,-0.98929,-0.0652428]],[[0.881443,0.260857,0.393715],[-0.354534,-0.185301,0.916498],[0.312031,-0.947427,-0.0708495]],[[0.881443,0.260857,0.393715],[-0.460058,0.285736,0.840656],[0.106792,-0.922122,0.371869]],[[0.881443,0.260857,0.393715],[-0.462502,0.645588,0.607707],[-0.0956531,-0.717753,0.689696]]],"btipPosition":[75.2044,313.721,88.6401],"carpPosition":[92.5376,215.733,114.757],"dipPosition":[72.8956,296.396,105.288],"direction":[-0.106792,0.922122,-0.371869],"extended":true,"handId":190,"id":1900,"length":53.7508,"mcpPosition":[92.5376,215.733,114.757],"pipPosition":[76.6509,263.97,118.364],"stabilizedTipPosition":[76.1918,306.487,94.1861],"timeVisible":0.126617,"tipPosition":[76.6997,309.438,89.6945],"tipVelocity":[-100.967,301.83,-90.3996],"tool":false,"touchDistance":1,"touchZone":"none","type":0,"width":21.6861},{"bases":[[[0.546653,-0.44443,-0.709685],[0.813859,0.0826137,0.575159],[-0.196988,-0.891996,0.406864]],[[0.552424,-0.41693,-0.721801],[0.825212,0.395811,0.402938],[0.1177,-0.818232,0.562711]],[[0.552424,-0.41693,-0.721801],[0.588827,0.808098,-0.0161245],[0.590009,-0.416109,0.691912]],[[0.552424,-0.41693,-0.721801],