{"frames":348,"data":[{"currentFrameRate":25.4103,"devices":[],"gestures":[],"hands":[],"id":129917,"interactionBox":{"center":[0,200,0],"size":[235.247,235.247,147.751]},"pointables":[],"r":[[-0.962136,-0.269906,0.0380192],[0.215739,-0.839331,-0.498979],[0.166588,-0.471883,0.86578]],"s":0.686793,"t":[505.899,-233.461,348.339],"timestamp":258724980329},{"currentFrameRate":25.3863,"devices":[],"gestures":[],"hands":[],"id":129918,"interactionBox":{"center":[0,200,0],"size":[235.247,235.247,147.751]},"pointables":[],"r":[[-0.962136,-0.269906,0.0380192],[0.215739,-0.839331,-0.498979],[0.166588,-0.471883,0.86578]],"s":0.686793,"t":[505.899,-233.461,348.339],"timestamp":258725019891},{"currentFrameRate":25.373,"devices":[],"gestures":[],"hands":[],"id":129919,"interactionBox":{"center":[0,200,0],"size":[235.247,235.247,147.751]},"pointables":[],"r":[[-0.962136,-0.269906,0.0380192],[0.215739,-0.839331,-0.498979],[0.166588,-0.471883,0.86578]],"s":0.686793,"t":[505.899,-233.461,348.339],"timestamp":258725059398},{"currentFrameRate":25.417,"devices":[],"gestures":[],"hands":[],"id":129920,"interactionBox":{"center":[0,200,0],"size":[235.247,235.247,147.751]},"pointables":[],"r":[[-0.962136,-0.269906,0.0380192],[0.215739,-0.839331,-0.498979],[0.166588,-0.471883,0.86578]],"s":0.686793,"t":[505.899,-233.461,348.339],"timestamp":258725098428},{"currentFrameRate":25.4093,"devices":[],"gestures":[],"hands":[],"id":129921,"interactionBox":{"center":[0,200,0],"size":[235.247,235.247,147.751]},"pointables":[],"r":[[-0.962136,-0.269906,0.0380192],[0.215739,-0.839331,-0.498979],[0.166588,-0.471883,0.86578]],"s":0.686793,"t":[505.899,-233.461,348.339],"timestamp":258725137839},{"currentFrameRate":25.4107,"devices":[],"gestures":[],"hands":[],"id":129922,"interactionBox":{"center":[0,200,0],"size":[235.247,235.247,147.751]},"pointables":[],"r":[[-0.962136,-0.269906,0.0380192],[0.215739,-0.839331,-0.498979],[0.166588,-0.471883,0.86578]],"s":0.686793,"t":[505.899,-233.461,348.339],"timestamp":258725177182},{"currentFrameRate":25.4034,"devices":[],"gestures":[],"hands":[],"id":129923,"interactionBox":{"center":[0,200,0],"size":[235.247,235.247,147.751]},"pointables":[],"r":[[-0.962136,-0.269906,0.0380192],[0.215739,-0.839331,-0.498979],[0.166588,-0.471883,0.86578]],"s":0.686793,"t":[505.899,-233.461,348.339],"timestamp":258725216599},{"currentFrameRate":25.4044,"devices":[],"gestures":[],"hands":[],"id":129924,"interactionBox":{"center":[0,200,0],"size":[235.247,235.247,147.751]},"pointables":[],"r":[[-0.962136,-0.269906,0.0380192],[0.215739,-0.839331,-0.498979],[0.166588,-0.471883,0.86578]],"s":0.686793,"t":[505.899,-233.461,348.339],"timestamp":258725255955},{"currentFrameRate":25.3923,"devices":[],"gestures":[],"hands":[],"id":129925,"interactionBox":{"center":[0,200,0],"size":[235.247,235.247,147.751]},"pointables":[],"r":[[-0.962136,-0.269906,0.0380192],[0.215739,-0.839331,-0.498979],[0.166588,-0.471883,0.86578]],"s":0.686793,"t":[505.899,-233.461,348.339],"timestamp":258725295423},{"currentFrameRate":25.4073,"devices":[],"gestures":[],"hands":[],"id":129926,"interactionBox":{"center":[0,200,0],"size":[235.247,235.247,147.751]},"pointables":[],"r":[[-0.962136,-0.269906,0.0380192],[0.215739,-0.839331,-0.498979],[0.166588,-0.471883,0.86578]],"s":0.686793,"t":[505.899,-233.461,348.339],"timestamp":258725334675},{"currentFrameRate":25.4044,"devices":[],"gestures":[],"hands":[],"id":129927,"interactionBox":{"center":[0,200,0],"size":[235.247,235.247,147.751]},"pointables":[],"r":[[-0.962136,-0.269906,0.0380192],[0.215739,-0.839331,-0.498979],[0.166588,-0.471883,0.86578]],"s":0.686793,"t":[505.899,-233.461,348.339],"timestamp":258725374059},{"currentFrameRate":25.4029,"devices":[],"gestures":[],"hands":[],"id":129928,"interactionBox":{"center":[0,200,0],"size":[235.247,235.247,147.751]},"pointables":[],"r":[[-0.962136,-0.269906,0.0380192],[0.215739,-0.839331,-0.498979],[0.166588,-0.471883,0.86578]],"s":0.686793,"t":[505.899,-233.461,348.339],"timestamp":258725413435},{"currentFrameRate":25.4033,"devices":[],"gestures":[],"hands":[{"armBasis":[[0.709768,-0.310004,-0.632557],[0.348091,0.935016,-0.0676539],[0.612424,-0.172169,0.771554]],"armWidth":64.9916,"confidence":0,"direction":[0.250763,0.949827,-0.186937],"elbow":[300.293,141.583,357.907],"grabAngle":2.18877,"grabStrength":0.579934,"id":191,"palmNormal":[-0.65063,0.0223794,-0.759065],"palmPosition":[131.766,260.104,122.74],"palmVelocity":[1.19209e-7,1.19209e-7,1.19209e-7],"palmWidth":92.8057,"pinchDistance":46.5422,"pinchStrength":0.373824,"r":[[1,1.11022e-17,1.80411e-17],[-1.11022e-17,1,-5.55112e-18],[-1.80411e-17,5.55112e-18,1]],"s":1,"sphereCenter":[103.381,277.966,72.8109],"sphereRadius":54.2506,"stabilizedPalmPosition":[131.766,260.104,122.74],"t":[0,0,0],"timeVisible":0,"type":"right","wrist":[131.638,188.996,145.431]}],"id":129929,"interactionBox":{"center":[0,200,0],"size":[235.247,235.247,147.751]},"pointables":[{"bases":[[[0.91931,0.0397885,0.391517],[-0.383768,-0.129619,0.914287],[0.0871261,-0.990765,-0.10389]],[[0.899373,0.172059,0.4019],[-0.375047,-0.168736,0.91152],[0.22465,-0.970528,-0.087226]],[[0.899373,0.172059,0.4019],[-0.431031,0.195318,0.880944],[0.0730763,-0.965529,0.249826]],[[0.899373,0.172059,0.4019],[-0.429384,0.520501,0.738043],[-0.0822023,-0.836346,0.542004]]],"btipPosition":[85.4928,314.223,124.771],"carpPosition":[97.5097,211.269,141.955],"dipPosition":[83.5306,294.259,137.709],"direction":[-0.0730763,0.965529,-0.249826],"extended":true,"handId":191,"id":1910,"length":53.1564,"mcpPosition":[97.5097,211.269,141.955],"pipPosition":[86.0719,260.682,146.396],"stabilizedTipPosition":[85.0415,309.631,127.746],"timeVisible":0,"tipPosition":[85.0415,309.631,127.746],"tipVelocity":[1.19209e-7,1.19209e-7,1.19209e-7],"tool":false,"touchDistance":1,"touchZone":"none","type":0,"width":20.6541},{"bases":[[[0.748725,-0.148066,-0.646132],[0.662249,0.124536,0.738862],[-0.0289335,-0.981105,0.1913]],[[0.744093,-0.225181,-0.628983],[0.655618,0.427092,0.622701],[0.128413,-0.87572,0.465429]],[[0.744093,-0.225181,-0.628983],[0.39328,0.908708,0.139929],[0.540052,-0.351486,0.764723]],[[0.744093,-0.225181,-0.628983],[0.0763479,0.963977,-0.254791],[0.663699,0.141567,0.734481]]],"btipPosition":[90.7832,336.814,83.5222],"carpPosition":[119.119,218.622,149.924],"dipPosition":[102.349,339.281,96.3216],"direction":[-0.540052,0.351486,-0.764723],"extended":false,"handId":191,"id":1911,"length":59.981,"mcpPosition":[121.29,292.242,135.569],"pipPosition":[115.663,330.616,115.174],"stabilizedTipPosition":[93.4434,337.381,86.466],"timeVisible":0,"tipPosition":[93.4434,337.381,86.466],"tipVelocity":[1.19209e-7,1.19209e-7,1.19209e-7],"tool":false,"touchDistance":1,"touchZone":"none","type":1,"width":19.7288},{"bases":[[[0.613991,-0.298302,-0.730774],[0.7785,0.0761407,0.62301],[-0.130203,-0.95143,0.278978]],[[0.611828,-0.313496,-0.726214],[0.691534,0.657696,0.298693],[0.383989,-0.68495,0.61919]],[[0.611828,-0.313496,-0.726214],[-0.0174139,0.912546,-0.408604],[0.790799,0.262642,0.552862]],[[0.611828,-0.313496,-0.726214],[-0.496825,0.562098,-0.66122],[0.615493,0.765354,0.188154]]],"btipPosition":[85.2424,296.679,73.1299],"carpPosition":[129.588,217.588,143.064],"dipPosition":[97.0396,311.348,76.7362],"direction":[-0.790799,-0.262642,-0.552862],"extended":false,"handId":191,"id":1912,"length":68.3436,"mcpPosition":[138.854,285.292,123.212],"pipPosition":[119.976,318.966,92.7713],"stabilizedTipPosition":[87.9558,300.053,73.9593],"timeVisible":0,"tipPosition":[87.9558,300.053,73.9593],"tipVelocity":[1.19209e-7,1.19209e-7,1.19209e-7],"tool":false,"touchDistance":1,"touchZone":"none","type":2,"width":19.3763},{"bases":[[[0.527693,-0.439947,-0.726627],[0.81583,0.0242655,0.577783],[-0.236562,-0.897696,0.371726]],[[0.532028,-0.423072,-0.733456],[0.772051,0.598075,0.215042],[0.347683,-0.680673,0.644825]],[[0.532028,-0.423072,-0.733456],[0.0718219,0.885651,-0.458763],[0.843675,0.191397,0.501577]],[[0.532028,-0.423072,-0.733456],[-0.457156,0.585597,-0.669391],[0.71271,0.691438,0.118144]]],"btipPosition":[99.9175,284.523,64.7326],"carpPosition":[138.068,214.735,134.291],"dipPosition":[113.499,297.7,66.9841],"direction":[-0.843675,-0.191397,-0.501577],"extended":false,"handId":191,"id":1913,"length":65.7142,"mcpPosition":[153.182,272.089,110.541],"pipPosition":[137.337,303.108,81.156],"stabilizedTipPosition":[103.041,287.554,65.2505],"timeVisible":0,"tipPosition":[103.041,287.554,65.2505],"tipVelocity":[1.19209e-7,1.19209e-7,1.19209e-7],"tool":false,"touchDistance":1,"touchZone":"none","type":3,"width":18.4378},{"bases":[[[0.354666,-0.538809,-0.764131],[0.863848,-0.123863,0.488288],[-0.357742,-0.833272,0.421519]],[[0.368441,-0.505671,-0.780095],[0.901566,0.399051,0.16714],[0.22678,-0.764889,0.602923]],[[0.368441,-0.505671,-0.780095],[0.248836,0.862151,-0.441335],[0.89573,-0.0315093,0.443481]],[[0.368441,-0.505671,-0.780095],[-0.342567,0.70623,-0.619586],[0.864233,0.495516,0.0869779]]],"btipPosition":[121.114,277.642,64.3419],"carpPosition":[141.198,208.858,121.392],"dipPosition":[136.307,286.354,65.8711],"direction":[-0.89573,0.0315093,-0.443481],"extended":false,"handId":191,"id":1914,"length":51.5187,"mcpPosition":[162.355,258.139,96.4624],"pipPosition":[154.176,285.725,74.7181],"stabilizedTipPosition":[124.608,279.646,64.6936],"timeVisible":0,"tipPosition":[124.608,279.646,64.6936],"tipVelocity":[1.19209e-7,1.19209e-7,1.19209e-7],"tool":false,"touchDistance":1,"touchZone":"none","type":4,"width":16.3779}],"r":[[1,1.11022e-17,1.80411e-17],[-1.11022e-17,1,-5.55112e-18],[-1.80411e-17,5.55112e-18,1]],"s":1,"t":[0,0,0],"timestamp":258725452797},{"currentFrameRate":25.4032,"devices":[],"gestures":[],"hands":[{"armBasis":[[0.676223,-0.253605,-0.69167],[0.547116,0.801619,0.240979],[0.493342,-0.541379,0.680824]],"armWidth":67.2482,"confidence":0.204458,"direction":[0.228098,0.959503,-0.165306],"elbow":[261.785,47.7045,310.083],"grabAngle":1.53791,"grabStrength":0.191616,"id":191,"palmNormal":[-0.677382,0.0344327,-0.734825],"palmPosition":[126.713,270.934,104.671],"palmVelocity":[-128.358,275.114,-459.007],"palmWidth":92.8057,"pinchDistance":53.2533,"pinchStrength":0.151086,"r":[[0.999969,0.00356,-0.00697394],[-0.0035157,0.999974,0.00635385],[0.00699638,-0.00632913,0.999955]],"s":1.01894,"sphereCenter":[89.1038,287.845,42.5312],"sphereRadius":70.997,"stabilizedPalmPosition":[130.751,262.279,119.112],"t":[-2.52647,5.41508,-9.03464],"timeVisible":0.039366,"type":"right","wrist":[125.924,196.794,122.592]}],"id":129930,"interactionBox":{"center":[0,200,0],"size":[235.247,235.247,147.751]},"pointables":[{"bases":[[[0.931804,0.0439275,0.360293],[-0.348937,-0.164849,0.922534],[0.0999184,-0.98534,-0.138279]],[[0.901048,0.21157,0.378616],[-0.335422,-0.213499,0.917557],[0.274962,-0.953759,-0.121407]],[[0.901048,0.21157,0.378616],[-0.418555,0.195359,0.886931],[0.113682,-0.957639,0.264581]],[[0.901048,0.21157,0.378616],[-0.432818,0.494852,0.753519],[-0.0279365,-0.842828,0.537457]]],"btipPosition":[76.6559,323.5,107.413],"carpPosition":[93.9785,220.922,123.508],"dipPosition":[75.9816,303.157,120.386],"direction":[-0.113682,0.957639,-0.264581],"extended":true,"handId":191,"id":1910,"length":53.7508,"mcpPosition":[93.9785,220.922,123.508],"pipPosition":[79.9792,269.481,129.689],"stabilizedTipPosition":[83.019,311.807,123.638],"timeVisible":0.039366,"tipPosition":[78.7429,319.306,112.329],"tipVelocity":[-216.957,233.449,-440.734],"tool":false,"touchDistance":1,"touchZone":"none","type":0,"width":21.6861},{"bases":[[[0.508904,-0.407635,-0.758189],[0.835258,0.0207699,0.549466],[-0.208234,-0.912909,0.35105]],[[0.511497,-0.396054,-0.762569],[0.838405,0.424471,0.341908],[0.188274,-0.814227,0.549169]],[[0.511497,-0.396054,-0.762569],[0.434092,0.884978,-0.16846],[0.741576,-0.244859,0.624588]],[[0.511497,-0.396054,-0.762569],[-0.107037,0.851167,-0.513865],[0.852592,0.344464,0.392977]]],"btipPosition":[101.188,321.551,41.396],"carpPosition":[134.176,225.347,114.548],"dipPosition":[117.617,328.188,48.9686],"direction":[-0.741576,0.244859,-0.624588],"extended":false,"handId":191,"id":1913,"length":66.4491,"mcpPosition":[147.48,283.672,92.1198],"pipPosition":[138.805,321.193,66.8136],"stabilizedTipPosition":[104.668,317.56,46.5723],"timeVisible":0.039366,"tipPosition":[102.715,317.496,44.5624],"tipVelocity":[48.9049,902.386,-561.723],"tool":false,"touchDistance":1,"touchZone":"none","type":3,"width":19.359},{"bases":[[[0.336332,-0.508345,-0.792759],[0.882542,-0.123621,0.453692],[-0.328633,-0.852234,0.407058]],[[0.347138,-0.479547,-0.805934],[0.933518,0.258857,0.248067],[0.0896619,-0.838467,0.537525]],[[0.347138,-0.479547,-0.805934],[0.61355,0.76607,-0.191554],[0.709261,-0.427985,0.560158]],[[0.347138,-0.479547,-0.805934],[0.220655,0.877014,-0.426799],[0.911486,-0.0296749,0.41026]]],"btipPosition":[122.6,310.072,39.098],"carpPosition":[136.945,219.931,101.368],"dipPosition":[138.804,309.545,46.3913],"direction":[-0.709261,0.427985,-0.560158],"extended":false,"handId":191,"id":1914,"length":52.0948,"mcpPosition":[156.381,270.334,77.2935],"pipPosition":[153.111,300.911,57.6909],"stabilizedTipPosition":[125.941,303.145,46.1472],"timeVisible":0.039366,"tipPosition":[123.584,304.612,42.8094],"tipVelocity":[43.6656,769.831,-607.585],"tool":false,"touchDistance":1,"touchZone":"none","type":4,"width":17.1962},{"bases":[[[0.727744,-0.114516,-0.676221],[0.685824,0.113224,0.718906],[-0.00576129,-0.986948,0.160936]],[[0.720086,-0.24871,-0.64778],[0.686605,0.390261,0.613408],[0.100242,-0.886476,0.451787]],[[0.720086,-0.24871,-0.64778],[0.548188,0.776244,0.311345],[0.4254,-0.5793,0.695303]],[[0.720086,-0.24871,-0.64778],[0.403478,0.909586,0.0992864],[0.564518,-0.33286,0.75533]]],"btipPosition":[91.1691,362.052,68.2101],"carpPosition":[115.731,228.407,130.948],"dipPosition":[101.117,356.186,81.5201],"direction":[-0.4254,0.5793,-0.695303],"extended":true,"handId":191,"id":1911,"length":60.6518,"mcpPosition":[116.163,302.465,118.872],"pipPosition":[111.721,341.745,98.8529],"stabilizedTipPosition":[93.4548,356.802,73.8127],"timeVisible":0.039366,"tipPosition":[90.2194,355.559,71.6781],"tipVelocity":[0.345313,592.415,-385.984],"tool":false,"touchDistance":1,"touchZone":"none","type":1,"width":20.7146},{"bases":[[[0.592625,-0.264416,-0.760842],[0.798692,0.0705383,0.597592],[-0.104344,-0.961826,0.252989]],[[0.587995,-0.302542,-0.750154],[0.791655,0.405542,0.456967],[0.165967,-0.862557,0.477966]],[[0.587995,-0.302542,-0.750154],[0.492246,0.86975,0.035062],[0.641838,-0.389876,0.660333]],[[0.587995,-0.302542,-0.750154],[0.232677,0.951481,-0.201359],[0.774676,-0.0561457,0.62986]]],"btipPosition":[91.3027,351.62,50.3606],"carpPosition":[125.966,227.774,123.698],"dipPosition":[106.317,350.532,62.5681],"direction":[-0.641838,0.389876,-0.660333],"extended":false,"handId":191,"id":1912,"length":69.1079,"mcpPosition":[133.391,296.218,105.695],"pipPosition":[125.141,339.097,81.9345],"stabilizedTipPosition":[94.1936,347.126,54.8878],"timeVisible":0.039366,"tipPosition":[93.0807,346.682,53.8251],"tipVelocity":[172.743,1303.58,-528.146],"tool":false,"touchDistance":1,"touchZone":"none","type":2,"width":20.3444}],"r":[[0.999969,0.00356,-0.00697394],[-0.0035157,0.999974,0.00635385],[0.00699638,-0.00632913,0.999955]],"s":1.01894,"t":[-2.52647,5.41508,-9.03464],"timestamp":258725492163},{"currentFrameRate":25.402,"devices":[],"gestures":[],"hands":[{"armBasis":[[0.733361,-0.170408,-0.658136],[0.525534,0.756222,0.389798],[0.431272,-0.631735,0.644139]],"armWidth":67.2482,"confidence":0.392553,"direction":[0.163191,0.97926,-0.120074],"elbow":[242.837,29.8578,276.384],"grabAngle":0.93339,"grabStrength":0,"id":191,"palmNormal":[-0.635892,0.0113465,-0.771695],"palmPosition":[121.116,279.072,84.5004],"palmVelocity":[-142.146,206.662,-512.248],"palmWidth":92.8057,"pinchDistance":59.4865,"pinchStrength":0,"r":[[0.999772,0.021343,-0.000797695],[-0.0213252,0.999611,0.0179887],[0.00118132,-0.0179676,0.999838]],"s":1.06243,"sphereCenter":[59.4611,290.784,-4.56523],"sphereRadius":107.673,"stabilizedPalmPosition":[129.506,264.449,114.64],"t":[-6.58827,12.1914,-23.6371],"timeVisible":0.078742,"type":"right","wrist":[124.07,203.83,98.9956]}],"id":129931,"interactionBox":{"center":[0,200,0],"size":[235.247,235.247,147.751]},"pointables":[{"bases":[[[0.904142,0.0995367,0.415475],[-0.386386,-0.224445,0.894612],[0.182298,-0.96939,-0.16447]],[[0.866015,0.245468,0.435619],[-0.365623,-0.283416,0.886564],[0.341084,-0.92705,-0.155694]],[[0.866015,0.245468,0.435619],[-0.474457,0.128421,0.870861],[0.157826,-0.960861,0.227679]],[[0.866015,0.245468,0.435619],[-0.499877,0.4457,0.742613],[-0.0118677,-0.86087,0.508686]]],"btipPosition":[68.6571,327.87,87.3791],"carpPosition":[91.2864,226.103,99.7369],"dipPosition":[68.3707,307.091,99.6575],"direction":[-0.157825,0.960861,-0.227679],"extended":true,"handId":191,"id":1910,"length":53.7508,"mcpPosition":[91.2864,226.103,99.7369],"pipPosition":[73.9206,273.302,107.664],"stabilizedTipPosition":[81.2211,313.214,119.471],"timeVisible":0.078742,"tipPosition":[69.1659,323.39,90.8334],"tipVelocity":[-200.872,108.439,-512.832],"tool":false,"touchDistance":1,"touchZone":"none","type":0,"width":21.6861},{"bases":[[[0.58008,-0.340299,-0.74007],[0.799217,0.062267,0.597809],[-0.157352,-0.938253,0.308092]],[[0.582294,-0.3267,-0.744447],[0.807152,0.341752,0.481364],[0.0971546,-0.881177,0.462697]],[[0.582294,-0.3267,-0.744447],[0.693583,0.677341,0.245259],[0.424118,-0.659148,0.621005]],[[0.582294,-0.3267,-0.744447],[0.458961,0.887927,-0.030674],[0.671035,-0.323811,0.666977]]],"btipPosition":[111.996,359.451,21.6952],"carpPosition":[131.468,233.828,93.2959],"dipPosition":[124.927,353.211,34.5478],"direction":[-0.424118,0.659148,-0.621005],"extended":true,"handId":191,"id":1913,"length":66.4491,"mcpPosition":[141.521,293.773,73.6118],"pipPosition":[137.044,334.379,52.2904],"stabilizedTipPosition":[113.963,354.062,26.7937],"timeVisible":0.078742,"tipPosition":[111.539,351.877,24.6513],"tipVelocity":[254.052,887.3,-469.485],"tool":false,"touchDistance":1,"touchZone":"none","type":3,"width":19.359},{"bases":[[[0.417888,-0.452183,-0.787972],[0.862649,-0.0745587,0.500278],[-0.284968,-0.888803,0.358918]],[[0.424084,-0.43243,-0.795711],[0.905081,0.232775,0.355872],[0.0313314,-0.871103,0.4901]],[[0.424084,-0.43243,-0.795711],[0.824293,0.548226,0.141383],[0.375091,-0.715858,0.588943]],[[0.424084,-0.43243,-0.795711],[0.664976,0.745152,-0.0505464],[0.614784,-0.507693,0.603563]]],"btipPosition":[132.589,336.925,18.419],"carpPosition":[135.374,229.126,80.1294],"dipPosition":[143.519,327.9,29.1488],"direction":[-0.375091,0.715858,-0.588943],"extended":true,"handId":191,"id":1914,"length":52.0948,"mcpPosition":[152.228,281.692,58.9021],"pipPosition":[151.085,313.46,41.0291],"stabilizedTipPosition":[132.985,327.521,26.726],"timeVisible":0.078742,"tipPosition":[129.979,328.48,21.7765],"tipVelocity":[222.876,632.333,-505.093],"tool":false,"touchDistance":1,"touchZone":"none","type":4,"width":17.1962},{"bases":[[[0.771019,-0.0349967,-0.63585],[0.633933,0.137019,0.761153],[0.0604857,-0.98995,0.12783]],[[0.768865,-0.217935,-0.601125],[0.638048,0.322841,0.699048],[0.0417211,-0.92102,0.387274]],[[0.768865,-0.217935,-0.601125],[0.608586,0.537804,0.58343],[0.196138,-0.814415,0.546131]],[[0.768865,-0.217935,-0.601125],[0.559456,0.6845,0.467407],[0.309605,-0.695676,0.648213]]],"btipPosition":[95.2223,382.555,56.8902],"carpPosition":[111.955,234.9,108.679],"dipPosition":[100.678,370.296,68.3126],"direction":[-0.196138,0.814415,-0.546131],"extended":true,"handId":191,"id":1911,"length":60.6518,"mcpPosition":[107.416,309.184,99.0868],"pipPosition":[105.567,349.994,81.9268],"stabilizedTipPosition":[96.0595,376.567,61.4924],"timeVisible":0.078742,"tipPosition":[91.2375,374.008,57.1725],"tipVelocity":[76.6991,483.363,-298.508],"tool":false,"touchDistance":0.41539,"touchZone":"hovering","type":1,"width":20.7146},{"bases":[[[0.652659,-0.191263,-0.733113],[0.756331,0.107362,0.645319],[-0.0447169,-0.975649,0.214729]],[[0.649833,-0.236942,-0.722201],[0.753364,0.32679,0.570659],[0.100795,-0.914913,0.390863]],[[0.649833,-0.236942,-0.722201],[0.652573,0.661084,0.370292],[0.389698,-0.711917,0.584217]],[[0.649833,-0.236942,-0.722201],[0.536523,0.816028,0.215036],[0.538386,-0.527216,0.657407]]],"btipPosition":[98.9057,381.305,37.4377],"carpPosition":[122.598,235.298,102.024],"dipPosition":[109.34,371.087,50.1791],"direction":[-0.389698,0.711917,-0.584217],"extended":true,"handId":191,"id":1912,"length":69.1079,"mcpPosition":[125.78,304.726,86.7437],"pipPosition":[120.769,350.208,67.3131],"stabilizedTipPosition":[100.951,377.366,41.0932],"timeVisible":0.078742,"tipPosition":[97.3793,373.042,38.9301],"tipVelocity":[166.338,700.568,-325.074],"tool":false,"touchDistance":0.40323,"touchZone":"hovering","type":2,"width":20.3444}],"r":[[0.999772,0.021343,-0.000797695],[-0.0213252,0.999611,0.0179887],[0.00118132,-0.0179676,0.999838]],"s":1.06243,"t":[-6.58827,12.1914,-23.6371],"timestamp":258725531539},{"currentFrameRate":26.456,"devices":[],"gestures":[],"hands":[{"armBasis":[[0.76696,-0.107152,-0.632686],[0.451322,0.790959,0.413149],[0.456159,-0.602414,0.654994]],"armWidth":67.2482,"confidence":0.519095,"direction":[0.0916537,0.990346,-0.103992],"elbow":[248.813,46.8546,259.468],"grabAngle":0.596194,"grabStrength":0,"id":191,"palmNormal":[-0.608819,-0.0269094,-0.792852],"palmPosition":[114.974,287.714,65.2565],"palmVelocity":[-201.853,284.026,-632.482],"palmWidth":92.8057,"pinchDistance":65.6649,"pinchStrength":0,"r":[[0.998649,0.0507375,0.0112043],[-0.0510457,0.99827,0.0291877],[-0.009704,-0.0297202,0.999511]],"s":1.11383,"sphereCenter":[22.6409,284.381,-75.723],"sphereRadius":168.569,"stabilizedPalmPosition":[128.02,266.828,109.588],"t":[-11.69,19.9004,-40.5603],"timeVisible":0.109168,"type":"right","wrist":[123.193,212.752,79.0902]}],"id":129932,"interactionBox":{"center":[0,200,0],"size":[235.247,235.247,147.751]},"pointables":[{"bases":[[[0.879517,0.162599,0.447227],[-0.397672,-0.265027,0.878418],[0.261357,-0.950433,-0.168434]],[[0.824705,0.316362,0.468804],[-0.37688,-0.310637,0.87262],[0.421692,-0.896337,-0.136954]],[[0.824705,0.316362,0.468804],[-0.509357,0.0552151,0.858782],[0.245801,-0.94703,0.206677]],[[0.824705,0.316362,0.468804],[-0.553988,0.285025,0.782214],[0.113841,-0.904807,0.410322]]],"btipPosition":[55.9351,333.208,68.6991],"carpPosition":[88.7964,232.43,78.8982],"dipPosition":[58.6829,311.368,78.6033],"direction":[-0.245801,0.94703,-0.206677],"extended":true,"handId":191,"id":1910,"length":53.7508,"mcpPosition":[88.7964,232.43,78.8982],"pipPosition":[67.3265,278.066,85.871],"stabilizedTipPosition":[77.4748,315.489,112.102],"timeVisible":0.109168,"tipPosition":[59.0795,327.916,70.3982],"tipVelocity":[-395.194,167.413,-631.896],"tool":false,"touchDistance":1,"touchZone":"none","type":0,"width":21.6861},{"bases":[[[0.628774,-0.28532,-0.723351],[0.771734,0.11504,0.625454],[-0.0952407,-0.951503,0.292525]],[[0.630279,-0.269368,-0.728141],[0.774197,0.28817,0.563539],[0.0580293,-0.918912,0.390172]],[[0.630279,-0.269368,-0.728141],[0.732475,0.517204,0.442696],[0.257349,-0.812367,0.523288]],[[0.630279,-0.269368,-0.728141],[0.651015,0.69437,0.306643],[0.423,-0.667301,0.613009]]],"btipPosition":[116.368,382.482,10.4872],"carpPosition":[128.461,243.277,73.9195],"dipPosition":[124.519,369.623,22.2999],"direction":[-0.257349,0.812367,-0.523288],"extended":true,"handId":191,"id":1913,"length":66.4491,"mcpPosition":[134.546,304.069,55.2301],"pipPosition":[131.872,346.413,37.2506],"stabilizedTipPosition":[117.644,375.964,15.1043],"timeVisible":0.109168,"tipPosition":[112.785,373.144,10.7695],"tipVelocity":[107.557,706.922,-376.228],"tool":false,"touchDistance":0.378252,"touchZone":"hovering","type":3,"width":19.359},{"bases":[[[0.477311,-0.408588,-0.777965],[0.84867,-0.0152566,0.528703],[-0.227891,-0.912591,0.339474]],[[0.484671,-0.377816,-0.788891],[0.873817,0.1687,0.456053],[-0.039218,-0.910382,0.411906]],[[0.484671,-0.377816,-0.788891],[0.857101,0.385129,0.342131],[0.174563,-0.84198,0.510487]],[[0.484671,-0.377816,-0.788891],[0.79703,0.562296,0.220376],[0.360329,-0.73558,0.573659]]],"btipPosition":[138.133,356.295,5.25068],"carpPosition":[133.152,239.061,60.8452],"dipPosition":[144.539,343.218,15.4488],"direction":[-0.174563,0.84198,-0.510487],"extended":true,"handId":191,"id":1914,"length":52.0948,"mcpPosition":[146.63,293.034,40.7679],"pipPosition":[148.06,326.234,25.7465],"stabilizedTipPosition":[137.586,345.426,13.433],"timeVisible":0.109168,"tipPosition":[132.567,347.328,5.90835],"tipVelocity":[148.012,605.986,-436.818],"tool":false,"touchDistance":1,"touchZone":"none","type":4,"width":17.1962},{"bases":[[[0.792199,0.0322314,-0.609411],[0.59586,0.174821,0.783829],[0.131802,-0.984072,0.119288]],[[0.802636,-0.162381,-0.57394],[0.593319,0.316105,0.740304],[0.061214,-0.934725,0.350061]],[[0.802636,-0.162381,-0.57394],[0.582571,0.419924,0.695899],[0.12801,-0.892915,0.431644]],[[0.802636,-0.162381,-0.57394],[0.550963,0.570466,0.609105],[0.228506,-0.805109,0.547342]]],"btipPosition":[88.6008,394.363,43.7685],"carpPosition":[108.421,242.657,88.6358],"dipPosition":[92.6274,380.176,53.4134],"direction":[-0.12801,0.892915,-0.431644],"extended":true,"handId":191,"id":1911,"length":60.6518,"mcpPosition":[98.5309,316.499,79.6848],"pipPosition":[95.8185,357.917,64.1737],"stabilizedTipPosition":[91.7681,386.114,51.3065],"timeVisible":0.109168,"tipPosition":[83.4515,385.045,41.407],"tipVelocity":[-228.431,373.513,-444.703],"tool":false,"touchDistance":0.326161,"touchZone":"hovering","type":1,"width":20.7146},{"bases":[[[0.689458,-0.131295,-0.712327],[0.723962,0.156106,0.671945],[0.0229756,-0.978975,0.202681]],[[0.689592,-0.189884,-0.698861],[0.717221,0.312696,0.622748],[0.100281,-0.93068,0.351822]],[[0.689592,-0.189884,-0.698861],[0.669221,0.535897,0.51474],[0.276776,-0.822654,0.496625]],[[0.689592,-0.189884,-0.698861],[0.611176,0.670269,0.420955],[0.388492,-0.717414,0.578265]]],"btipPosition":[96.9516,397.914,24.6686],"carpPosition":[119.219,243.952,82.3538],"dipPosition":[104.481,384.009,35.8761],"direction":[-0.276776,0.822654,-0.496625],"extended":true,"handId":191,"id":1912,"length":69.1079,"mcpPosition":[117.584,313.616,67.931],"pipPosition":[112.598,359.882,50.4412],"stabilizedTipPosition":[99.0959,391.559,29.7658],"timeVisible":0.109168,"tipPosition":[92.8946,388.27,23.9857],"tipVelocity":[-86.1868,517.995,-431.273],"tool":false,"touchDistance":0.327378,"touchZone":"hovering","type":2,"width":20.3444}],"r":[[0.998649,0.0507375,0.0112043],[-0.0510457,0.99827,0.0291877],[-0.009704,-0.0297202,0.999511]],"s":1.11383,"t":[-11.69,19.9004,-40.5603],"timestamp":258725561965},{"currentFrameRate":30.0071,"devices":[],"gestures":[],"hands":[{"armBasis":[[0.784078,-0.0627338,-0.617484],[0.426641,0.77704,0.462802],[0.450777,-0.626317,0.636025]],"armWidth":67.2482,"confidence":0.557634,"direction":[0.0569149,0.992275,-0.110227],"elbow":[246.222,44.0448,246.676],"grabAngle":0.510639,"grabStrength":0,"id":191,"palmNormal":[-0.575408,-0.057623,-0.815834],"palmPosition":[111.585,291.313,57.2638],"palmVelocity":[-328.823,349.248,-775.531],"palmWidth":92.8057,"pinchDistance":62.4326,"pinchStrength":0,"r":[[0.996216,0.0819983,0.0288036],[-0.0829988,0.995919,0.0354499],[-0.0257793,-0.0377064,0.998956]],"s":1.15652,"sphereCenter":[14.4655,280.008,-110.041],"sphereRadius":194.785,"stabilizedPalmPosition":[127.333,267.852,107.4],"t":[-15.9352,25.5546,-53.0182],"timeVisible":0.119474,"type":"right","wrist":[122.083,216.525,71.5229]}],"id":129933,"interactionBox":{"center":[0,200,0],"size":[235.247,235.247,147.751]},"pointables":[{"bases":[[[0.854076,0.200958,0.479761],[-0.4215,-0.273067,0.864738],[0.304783,-0.940771,-0.148516]],[[0.795654,0.346124,0.497125],[-0.396919,-0.322048,0.8595],[0.457591,-0.881183,-0.118855]],[[0.795654,0.346124,0.497125],[-0.538825,0.0294331,0.841903],[0.276771,-0.937727,0.209919]],[[0.795654,0.346124,0.497125],[-0.588534,0.247433,0.769679],[0.143399,-0.904972,0.400577]]],"btipPosition":[50.5772,334.84,59.421],"carpPosition":[87.0689,235.157,70.4203],"dipPosition":[54.0386,312.996,69.0899],"direction":[-0.276771,0.937727,-0.209919],"extended":true,"handId":191,"id":1910,"length":53.7508,"mcpPosition":[87.0689,235.157,70.4203],"pipPosition":[63.7712,280.021,76.4717],"stabilizedTipPosition":[76.0462,316.273,109.341],"timeVisible":0.119474,"tipPosition":[53.7767,329.363,59.962],"tipVelocity":[-503.951,158.285,-905.513],"tool":false,"touchDistance":1,"touchZone":"none","type":0,"width":21.6861},{"bases":[[[0.667615,-0.2664,-0.695213],[0.741257,0.150693,0.654087],[-0.0694853,-0.95201,0.298076]],[[0.668941,-0.246112,-0.701389],[0.74269,0.260019,0.617092],[0.0305009,-0.933712,0.356722]],[[0.668941,-0.246112,-0.701389],[0.710373,0.489466,0.505759],[0.218833,-0.836571,0.502256]],[[0.668941,-0.246112,-0.701389],[0.653046,0.645283,0.396409],[0.355034,-0.723214,0.592379]]],"btipPosition":[116.385,389.206,5.64724],"carpPosition":[126.445,247.519,66.8943],"dipPosition":[123.227,375.27,17.0624],"direction":[-0.218833,0.836571,-0.502256],"extended":true,"handId":191,"id":1913,"length":66.4491,"mcpPosition":[130.884,308.342,47.8502],"pipPosition":[129.479,351.369,31.4122],"stabilizedTipPosition":[117.789,380.597,11.9511],"timeVisible":0.119474,"tipPosition":[111.279,379.229,3.88855],"tipVelocity":[-27.5437,628.43,-478.5],"tool":false,"touchDistance":0.332044,"touchZone":"hovering","type":3,"width":19.359},{"bases":[[[0.52337,-0.396007,-0.754495],[0.827001,0.0227195,0.561741],[-0.205311,-0.917967,0.339389]],[[0.532652,-0.351331,-0.769967],[0.842227,0.130518,0.523086],[-0.0832819,-0.927109,0.365421]],[[0.532652,-0.351331,-0.769967],[0.836078,0.35964,0.414285],[0.13136,-0.864422,0.485303]],[[0.532652,-0.351331,-0.769967],[0.794883,0.520042,0.312597],[0.29059,-0.778539,0.556269]]],"btipPosition":[139.176,362.758,0.980072],"carpPosition":[131.812,243.38,54.0572],"dipPosition":[144.342,348.918,10.8691],"direction":[-0.13136,0.864422,-0.485303],"extended":true,"handId":191,"id":1914,"length":52.0948,"mcpPosition":[143.954,297.671,33.9849],"pipPosition":[146.992,331.481,20.6587],"stabilizedTipPosition":[138.52,350.181,10.0121],"timeVisible":0.119474,"tipPosition":[132.377,353.506,-0.453606],"tipVelocity":[73.4979,610.088,-421.28],"tool":false,"touchDistance":1,"touchZone":"none","type":4,"width":17.1962},{"bases":[[[0.813858,0.0583058,-0.578132],[0.557044,0.204827,0.804828],[0.165343,-0.97706,0.134221]],[[0.830483,-0.137743,-0.539745],[0.554923,0.289047,0.780072],[0.0485619,-0.947354,0.316485]],[[0.830483,-0.137743,-0.539745],[0.543716,0.41113,0.731673],[0.121123,-0.90111,0.41633]],[[0.830483,-0.137743,-0.539745],[0.513342,0.565455,0.645554],[0.216281,-0.813196,0.54031]]],"btipPosition":[84.4881,398.318,36.8235],"carpPosition":[105.877,246.232,80.818],"dipPosition":[88.2993,383.989,46.3446],"direction":[-0.121123,0.90111,-0.41633],"extended":true,"handId":191,"id":1911,"length":60.6518,"mcpPosition":[93.4704,319.549,70.7464],"pipPosition":[91.3187,361.526,56.723],"stabilizedTipPosition":[90.0629,388.486,48.0328],"timeVisible":0.119474,"tipPosition":[79.0373,388.859,32.9367],"tipVelocity":[-403.864,380.631,-676.641],"tool":false,"touchDistance":0.327163,"touchZone":"hovering","type":1,"width":20.7146},{"bases":[[[0.721747,-0.110013,-0.683359],[0.690111,0.190234,0.698253],[0.0531816,-0.975555,0.213222]],[[0.72364,-0.168581,-0.669273],[0.684928,0.294787,0.666314],[0.0849645,-0.940575,0.328785]],[[0.72364,-0.168581,-0.669273],[0.643554,0.515179,0.566064],[0.249368,-0.84034,0.481295]],[[0.72364,-0.168581,-0.669273],[0.598904,0.635322,0.487525],[0.343016,-0.753622,0.560708]]],"btipPosition":[94.8867,403.33,18.4518],"carpPosition":[116.857,247.899,74.9521],"dipPosition":[101.535,388.724,29.3191],"direction":[-0.249368,0.84034,-0.481295],"extended":true,"handId":191,"id":1912,"length":69.1079,"mcpPosition":[113.072,317.32,59.7792],"pipPosition":[108.848,364.078,43.4346],"stabilizedTipPosition":[98.0658,394.792,26.3779],"timeVisible":0.119474,"tipPosition":[89.7926,393.179,16.0419],"tipVelocity":[-220.025,509.878,-610.812],"tool":false,"touchDistance":0.32779,"touchZone":"hovering","type":2,"width":20.3444}],"r":[[0.996216,0.0819983,0.0288036],[-0.0829988,0.995919,0.0354499],[-0.0257793,-0.0377064,0.998956]],"s":1.15652,"t":[-15.9352,25.5546,-53.0182],"timestamp":258725572271},{"currentFrameRate":30.3738,"devices":[],"gestures":[],"hands":[{"armBasis":[[0.826045,-0.019661,-0.563262],[0.363824,0.781872,0.506269],[0.430445,-0.623129,0.653014]],"armWidth":67.2482,"confidence":0.659011,"direction":[0.0228637,0.997244,-0.0705836],"elbow":[238.018,55.2433,227.611],"grabAngle":0.363193,"grabStrength":0,"id":191,"palmNormal":[-0.526128,-0.048032,-0.849048],"palmPosition":[106.879,301.605,35.4656],"palmVelocity":[-153.354,335.371,-710.296],"palmWidth":92.8057,"pinchDistance":66.1425,"pinchStrength":0,"r":[[0.99193,0.114213,0.0550462],[-0.116799,0.992076,0.0462997],[-0.049322,-0.0523554,0.99741]],"s":1.20138,"sphereCenter":[18.4264,292.963,-168.655],"sphereRadius":225.315,"stabilizedPalmPosition":[125.455,270.95,100.798],"t":[-20.411,33.5278,-70.1463],"timeVisible":0.150163,"type":"right","wrist":[119.479,226.846,47.7787]}],"id":129934,"interactionBox":{"center":[0,200,0],"size":[235.247,235.247,147.751]},"pointables":[{"bases":[[[0.817122,0.214801,0.534951],[-0.457785,-0.322199,0.828626],[0.35035,-0.921981,-0.164943]],[[0.742042,0.374895,0.555723],[-0.418873,-0.387929,0.82101],[0.523373,-0.842001,-0.130826]],[[0.742042,0.374895,0.555723],[-0.582332,-0.050149,0.811403],[0.33206,-0.92571,0.181101]],[[0.742042,0.374895,0.555723],[-0.639476,0.147171,0.754593],[0.201107,-0.915311,0.348944]]],"btipPosition":[40.7758,341.601,37.011],"carpPosition":[83.9538,244.086,45.1412],"dipPosition":[45.63,319.508,45.4337],"direction":[-0.33206,0.92571,-0.181101],"extended":true,"handId":191,"id":1910,"length":53.7508,"mcpPosition":[83.9538,244.086,45.1412],"pipPosition":[57.3069,286.955,51.8021],"stabilizedTipPosition":[72.5424,318.35,102.119],"timeVisible":0.150163,"tipPosition":[46.3891,337.129,36.7743],"tipVelocity":[-308.94,218.437,-739.568],"tool":false,"touchDistance":1,"touchZone":"none","type":0,"width":21.6861},{"bases":[[[0.762654,-0.0558345,-0.644392],[0.641772,0.189378,0.743145],[0.0805409,-0.980315,0.180263]],[[0.766347,-0.121732,-0.630788],[0.640546,0.219875,0.735769],[0.0491278,-0.967903,0.246476]],[[0.766347,-0.121732,-0.630788],[0.616877,0.413596,0.669628],[0.179376,-0.902286,0.392052]],[[0.766347,-0.121732,-0.630788],[0.587275,0.530777,0.611051],[0.260423,-0.838724,0.478249]]],"btipPosition":[94.4211,418.368,5.98708],"carpPosition":[112.903,257.774,51.8348],"dipPosition":[99.4684,402.112,15.2562],"direction":[-0.179376,0.902286,-0.392052],"extended":true,"handId":191,"id":1912,"length":69.1079,"mcpPosition":[107.171,327.533,39.0072],"pipPosition":[104.729,375.65,26.7544],"stabilizedTipPosition":[96.3508,408.489,13.7706],"timeVisible":0.150163,"tipPosition":[88.5986,408.617,1.6674],"tipVelocity":[-27.1704,477.655,-418.14],"tool":false,"touchDistance":0.323816,"touchZone":"hovering","type":2,"width":20.3444},{"bases":[[[0.71563,-0.213604,-0.665017],[0.696861,0.153559,0.700574],[-0.0475262,-0.964776,0.258743]],[[0.71658,-0.189883,-0.671162],[0.697257,0.169338,0.696533],[-0.0186065,-0.967093,0.253741]],[[0.71658,-0.189883,-0.671162],[0.684169,0.378608,0.623353],[0.135743,-0.90587,0.401215]],[[0.71658,-0.189883,-0.671162],[0.652031,0.524105,0.547877],[0.247727,-0.830216,0.499373]]],"btipPosition":[118.176,406.156,-4.97798],"carpPosition":[122.934,258.072,44.3316],"dipPosition":[122.95,390.157,4.64491],"direction":[-0.135743,0.90587,-0.401215],"extended":true,"handId":191,"id":1913,"length":66.4491,"mcpPosition":[125.97,319.712,27.8005],"pipPosition":[126.828,364.276,16.1079],"stabilizedTipPosition":[119.007,398.549,-0.123147],"timeVisible":0.150163,"tipPosition":[112.296,396.673,-8.99075],"tipVelocity":[42.8518,536.833,-359.654],"tool":false,"touchDistance":0.326858,"touchZone":"hovering","type":3,"width":19.359},{"bases":[[[0.580275,-0.346247,-0.737153],[0.792729,0.032623,0.6087],[-0.186712,-0.937576,0.29341]],[[0.591178,-0.28461,-0.754656],[0.792795,0.033048,0.608591],[-0.148271,-0.958074,0.245174]],[[0.591178,-0.28461,-0.754656],[0.806276,0.232518,0.543924],[0.0206648,-0.930018,0.366933]],[[0.591178,-0.28461,-0.754656],[0.788418,0.401164,0.466332],[0.170018,-0.870669,0.46155]]],"btipPosition":[142.183,379.269,-10.2198],"carpPosition":[129.172,254.641,31.6812],"dipPosition":[145.205,363.791,-2.01462],"direction":[-0.0206648,0.930018,-0.366933],"extended":true,"handId":191,"id":1914,"length":52.0948,"mcpPosition":[140.215,310.091,14.3283],"pipPosition":[145.622,345.03,5.38723],"stabilizedTipPosition":[141.617,368.32,-3.02301],"timeVisible":0.150163,"tipPosition":[134.751,370.693,-14.1045],"tipVelocity":[81.9213,525.731,-377.566],"tool":false,"touchDistance":0.355075,"touchZone":"hovering","type":4,"width":17.1962},{"bases":[[[0.841869,0.111694,-0.527998],[0.502477,0.194741,0.842373],[0.19691,-0.974475,0.107823]],[[0.864439,-0.0949347,-0.493693],[0.502033,0.214979,0.837704],[0.0266062,-0.971994,0.233496]],[[0.864439,-0.0949347,-0.493693],[0.497206,0.306709,0.811613],[0.0743698,-0.947057,0.312333]],[[0.864439,-0.0949347,-0.493693],[0.478939,0.45407,0.751291],[0.152847,-0.885894,0.437983]]],"btipPosition":[81.1874,410.873,23.056],"carpPosition":[101.689,255.463,56.9968],"dipPosition":[83.8808,395.262,30.7739],"direction":[-0.0743698,0.947057,-0.312333],"extended":true,"handId":191,"id":1911,"length":60.6518,"mcpPosition":[86.9136,328.585,48.906],"pipPosition":[85.7347,371.654,38.5599],"stabilizedTipPosition":[85.9561,397.836,36.4917],"timeVisible":0.150163,"tipPosition":[75.4243,401.794,17.1864],"tipVelocity":[-115.931,399.493,-462.129],"tool":false,"touchDistance":0.321206,"touchZone":"hovering","type":1,"width":20.7146}],"r":[[0.99193,0.114213,0.0550462],[-0.116799,0.992076,0.0462997],[-0.049322,-0.0523554,0.99741]],"s":1.20138,"t":[-20.411,33.5278,-70.1463],"timestamp":258725602960},{"currentFrameRate":33.7131,"devices":[],"gestures":[],"hands":[{"armBasis":[[0.8461,0.00379734,-0.53301],[0.327824,0.784779,0.525978],[0.420292,-0.619764,0.662757]],"armWidth":67.2482,"confidence":0.688865,"direction":[-0.00336947,0.998199,-0.0598909],"elbow":[235.006,58.8276,222.529],"grabAngle":0.354139,"grabStrength":0,"id":191,"palmNormal":[-0.5001,-0.0535458,-0.864311],"palmPosition":[105.017,304.02,28.0512],"palmVelocity":[-179.206,232.452,-713.68],"palmWidth":92.8057,"pinchDistance":67.613,"pinchStrength":0,"r":[[0.98601,0.144992,0.0822275],[-0.149794,0.987155,0.0555638],[-0.073115,-0.0671037,0.995063]],"s":1.23603,"sphereCenter":[30.9078,299.455,-165.959],"sphereRadius":210.815,"stabilizedPalmPosition":[124.916,271.823,98.8774],"t":[-23.5798,38.7218,-82.4175],"timeVisible":0.160552,"type":"right","wrist":[119.262,229.503,40.0138]}],"id":129935,"interactionBox":{"center":[0,200,0],"size":[235.247,235.247,147.751]},"pointables":[{"bases":[[[0.795106,0.231793,0.560427],[-0.471954,-0.343854,0.811803],[0.380876,-0.909965,-0.164005]],[[0.708433,0.400178,0.581361],[-0.421715,-0.42049,0.803334],[0.565933,-0.814277,-0.129128]],[[0.708433,0.400178,0.581361],[-0.604235,-0.0817796,0.792599],[0.364724,-0.912781,0.183866]],[[0.708433,0.400178,0.581361],[-0.674092,0.139607,0.725334],[0.2091,-0.905742,0.368659]]],"btipPosition":[36.7761,341.198,27.6944],"carpPosition":[83.4625,245.78,36.4842],"dipPosition":[41.8233,319.336,36.5929],"direction":[-0.364724,0.912781,-0.183866],"extended":true,"handId":191,"id":1910,"length":53.7508,"mcpPosition":[83.4625,245.78,36.4842],"pipPosition":[54.6488,287.238,43.0586],"stabilizedTipPosition":[71.5084,318.882,99.9566],"timeVisible":0.160552,"tipPosition":[43.052,337.678,28.1228],"tipVelocity":[-380.718,-33.698,-886.243],"tool":false,"touchDistance":0.868865,"touchZone":"hovering","type":0,"width":21.6861},{"bases":[[[0.782017,-0.0274655,-0.622651],[0.614673,0.199215,0.76321],[0.103