{"frames":449,"data":[{"currentFrameRate":25.8869,"devices":[],"gestures":[],"hands":[],"id":134688,"interactionBox":{"center":[0,200,0],"size":[235.247,235.247,147.751]},"pointables":[],"r":[[-0.962136,-0.269906,0.0380192],[0.215739,-0.839331,-0.498979],[0.166588,-0.471883,0.86578]],"s":0.686793,"t":[505.899,-233.461,348.339],"timestamp":258824660568},{"currentFrameRate":25.8907,"devices":[],"gestures":[],"hands":[],"id":134689,"interactionBox":{"center":[0,200,0],"size":[235.247,235.247,147.751]},"pointables":[],"r":[[-0.962136,-0.269906,0.0380192],[0.215739,-0.839331,-0.498979],[0.166588,-0.471883,0.86578]],"s":0.686793,"t":[505.899,-233.461,348.339],"timestamp":258824699166},{"currentFrameRate":25.895,"devices":[],"gestures":[],"hands":[],"id":134690,"interactionBox":{"center":[0,200,0],"size":[235.247,235.247,147.751]},"pointables":[],"r":[[-0.962136,-0.269906,0.0380192],[0.215739,-0.839331,-0.498979],[0.166588,-0.471883,0.86578]],"s":0.686793,"t":[505.899,-233.461,348.339],"timestamp":258824737753},{"currentFrameRate":25.8911,"devices":[],"gestures":[],"hands":[],"id":134691,"interactionBox":{"center":[0,200,0],"size":[235.247,235.247,147.751]},"pointables":[],"r":[[-0.962136,-0.269906,0.0380192],[0.215739,-0.839331,-0.498979],[0.166588,-0.471883,0.86578]],"s":0.686793,"t":[505.899,-233.461,348.339],"timestamp":258824776404},{"currentFrameRate":25.9003,"devices":[],"gestures":[],"hands":[],"id":134692,"interactionBox":{"center":[0,200,0],"size":[235.247,235.247,147.751]},"pointables":[],"r":[[-0.962136,-0.269906,0.0380192],[0.215739,-0.839331,-0.498979],[0.166588,-0.471883,0.86578]],"s":0.686793,"t":[505.899,-233.461,348.339],"timestamp":258824814949},{"currentFrameRate":25.9026,"devices":[],"gestures":[],"hands":[],"id":134693,"interactionBox":{"center":[0,200,0],"size":[235.247,235.247,147.751]},"pointables":[],"r":[[-0.962136,-0.269906,0.0380192],[0.215739,-0.839331,-0.498979],[0.166588,-0.471883,0.86578]],"s":0.686793,"t":[505.899,-233.461,348.339],"timestamp":258824853539},{"currentFrameRate":25.8581,"devices":[],"gestures":[],"hands":[],"id":134694,"interactionBox":{"center":[0,200,0],"size":[235.247,235.247,147.751]},"pointables":[],"r":[[-0.962136,-0.269906,0.0380192],[0.215739,-0.839331,-0.498979],[0.166588,-0.471883,0.86578]],"s":0.686793,"t":[505.899,-233.461,348.339],"timestamp":258824892523},{"currentFrameRate":25.8956,"devices":[],"gestures":[],"hands":[],"id":134695,"interactionBox":{"center":[0,200,0],"size":[235.247,235.247,147.751]},"pointables":[],"r":[[-0.962136,-0.269906,0.0380192],[0.215739,-0.839331,-0.498979],[0.166588,-0.471883,0.86578]],"s":0.686793,"t":[505.899,-233.461,348.339],"timestamp":258824930877},{"currentFrameRate":25.9079,"devices":[],"gestures":[],"hands":[],"id":134696,"interactionBox":{"center":[0,200,0],"size":[235.247,235.247,147.751]},"pointables":[],"r":[[-0.962136,-0.269906,0.0380192],[0.215739,-0.839331,-0.498979],[0.166588,-0.471883,0.86578]],"s":0.686793,"t":[505.899,-233.461,348.339],"timestamp":258824969389},{"currentFrameRate":25.9073,"devices":[],"gestures":[],"hands":[],"id":134697,"interactionBox":{"center":[0,200,0],"size":[235.247,235.247,147.751]},"pointables":[],"r":[[-0.962136,-0.269906,0.0380192],[0.215739,-0.839331,-0.498979],[0.166588,-0.471883,0.86578]],"s":0.686793,"t":[505.899,-233.461,348.339],"timestamp":258825007993},{"currentFrameRate":25.9004,"devices":[],"gestures":[],"hands":[],"id":134698,"interactionBox":{"center":[0,200,0],"size":[235.247,235.247,147.751]},"pointables":[],"r":[[-0.962136,-0.269906,0.0380192],[0.215739,-0.839331,-0.498979],[0.166588,-0.471883,0.86578]],"s":0.686793,"t":[505.899,-233.461,348.339],"timestamp":258825046650},{"currentFrameRate":25.8838,"devices":[],"gestures":[],"hands":[],"id":134699,"interactionBox":{"center":[0,200,0],"size":[235.247,235.247,147.751]},"pointables":[],"r":[[-0.962136,-0.269906,0.0380192],[0.215739,-0.839331,-0.498979],[0.166588,-0.471883,0.86578]],"s":0.686793,"t":[505.899,-233.461,348.339],"timestamp":258825085401},{"currentFrameRate":25.881,"devices":[],"gestures":[],"hands":[{"armBasis":[[0.829278,-0.503125,-0.243236],[-0.551579,-0.666991,-0.500883],[-0.0897702,-0.549535,0.830634]],"armWidth":61.4185,"confidence":0,"direction":[-0.0503287,0.532186,-0.84513],"elbow":[131.199,10.7792,266.75],"grabAngle":0,"grabStrength":0,"id":210,"palmNormal":[0.549285,0.721478,0.42161],"palmPosition":[148.512,199.043,-6.72819],"palmVelocity":[1.19209e-7,1.19209e-7,1.19209e-7],"palmWidth":87.7035,"pinchDistance":59.7644,"pinchStrength":0,"r":[[1,3.46945e-18,5.55112e-18],[-3.46945e-18,1,-3.85186e-35],[-5.55112e-18,1.92593e-35,1]],"s":1,"sphereCenter":[64.1993,100.483,-127.102],"sphereRadius":173.805,"stabilizedPalmPosition":[148.512,199.043,-6.72819],"t":[0,0,0],"timeVisible":0,"type":"left","wrist":[154.561,153.795,50.579]}],"id":134700,"interactionBox":{"center":[0,200,0],"size":[235.247,235.247,147.751]},"pointables":[{"bases":[[[-0.165469,-0.719724,-0.674253],[-0.8973,-0.173826,0.405756],[0.409235,-0.672147,0.617045]],[[-0.207913,-0.644427,-0.735857],[-0.917019,-0.133359,0.375888],[0.340366,-0.752947,0.563225]],[[-0.207913,-0.644427,-0.735857],[-0.977965,0.122442,0.169091],[0.0188668,-0.754799,0.655685]],[[-0.207913,-0.644427,-0.735857],[-0.970979,0.226883,0.0756527],[-0.118201,-0.730231,0.672898]]],"btipPosition":[123.606,260.518,-14.5302],"carpPosition":[137.936,183.012,49.2971],"dipPosition":[120.94,244.045,0.649228],"direction":[-0.0188668,0.754799,-0.655685],"extended":false,"handId":210,"id":2100,"length":50.234,"mcpPosition":[137.936,183.012,49.2971],"pipPosition":[121.56,219.239,22.1977],"stabilizedTipPosition":[122.993,256.729,-11.0389],"timeVisible":0,"tipPosition":[122.993,256.729,-11.0389],"tipVelocity":[1.19209e-7,1.19209e-7,1.19209e-7],"tool":false,"touchDistance":1,"touchZone":"none","type":0,"width":19.5186},{"bases":[[[0.949045,-0.303898,0.0834187],[-0.219485,-0.827353,-0.517024],[-0.226139,-0.47237,0.851897]],[[0.973486,-0.15073,-0.17206],[-0.202506,-0.917688,-0.341819],[0.106375,-0.367599,0.92388]],[[0.973486,-0.15073,-0.17206],[-0.217918,-0.839782,-0.49727],[0.0695391,-0.52158,0.850364]],[[0.973486,-0.15073,-0.17206],[-0.217918,-0.839782,-0.49727],[0.0695391,-0.52158,0.850364]]],"btipPosition":[172.594,219.164,-89.0236],"carpPosition":[166.047,161.735,20.2369],"dipPosition":[173.749,210.498,-74.8954],"direction":[-0.0695391,0.52158,-0.850364],"extended":true,"handId":210,"id":2104,"length":48.6863,"mcpPosition":[178.686,188.136,-27.3763],"pipPosition":[175.06,200.665,-58.8641],"stabilizedTipPosition":[172.86,217.17,-85.7741],"timeVisible":0,"tipPosition":[172.86,217.17,-85.7741],"tipVelocity":[1.19209e-7,1.19209e-7,1.19209e-7],"tool":false,"touchDistance":0.237098,"touchZone":"hovering","type":4,"width":15.4775},{"bases":[[[0.813826,-0.347354,-0.465866],[-0.571343,-0.624638,-0.532348],[0.106085,-0.699408,0.706806]],[[0.782362,-0.610487,-0.123347],[-0.60113,-0.688341,-0.405993],[-0.162949,-0.391781,0.905514]],[[0.782362,-0.610487,-0.123347],[-0.60113,-0.688341,-0.405993],[-0.162949,-0.391781,0.905514]],[[0.782362,-0.610487,-0.123347],[-0.60113,-0.688341,-0.405993],[-0.162949,-0.391781,0.905514]]],"btipPosition":[139.254,252.859,-93.5482],"carpPosition":[133.549,171.459,30.0795],"dipPosition":[136.571,246.407,-78.6358],"direction":[0.162949,0.391781,-0.905514],"extended":true,"handId":210,"id":2101,"length":56.6834,"mcpPosition":[126.027,221.056,-20.0418],"pipPosition":[132.775,237.28,-57.5397],"stabilizedTipPosition":[138.637,251.375,-90.1184],"timeVisible":0,"tipPosition":[138.637,251.375,-90.1184],"tipVelocity":[1.19209e-7,1.19209e-7,1.19209e-7],"tool":false,"touchDistance":0.164694,"touchZone":"hovering","type":1,"width":18.6442},{"bases":[[[0.906072,-0.327044,-0.268467],[-0.423063,-0.689574,-0.587797],[-0.00710763,-0.646165,0.763164]],[[0.901707,-0.384211,-0.19826],[-0.432157,-0.787305,-0.439764],[-0.0128715,-0.482217,0.875957]],[[0.901707,-0.384211,-0.19826],[-0.432157,-0.787305,-0.439764],[-0.0128715,-0.482217,0.875957]],[[0.901707,-0.384211,-0.19826],[-0.432157,-0.787305,-0.439764],[-0.0128715,-0.482217,0.875957]]],"btipPosition":[143.769,254.562,-108.559],"carpPosition":[142.107,166.753,23.335],"dipPosition":[143.536,245.827,-92.6922],"direction":[0.0128715,0.482217,-0.875957],"extended":true,"handId":210,"id":2102,"length":64.5862,"mcpPosition":[142.585,210.206,-27.9863],"pipPosition":[143.183,232.61,-68.6828],"stabilizedTipPosition":[143.715,252.553,-104.909],"timeVisible":0,"tipPosition":[143.715,252.553,-104.909],"tipVelocity":[1.19209e-7,1.19209e-7,1.19209e-7],"tool":false,"touchDistance":-0.0818221,"touchZone":"touching","type":2,"width":18.311},{"bases":[[[0.924448,-0.365648,-0.108156],[-0.357258,-0.731425,-0.580848],[-0.133279,-0.575603,0.806795]],[[0.933694,-0.263601,-0.242344],[-0.350188,-0.813465,-0.464373],[0.0747294,-0.518448,0.851837]],[[0.933694,-0.263601,-0.242344],[-0.350188,-0.813465,-0.464373],[0.0747294,-0.518448,0.851837]],[[0.933694,-0.263601,-0.242344],[-0.350188,-0.813465,-0.464373],[0.0747294,-0.518448,0.851837]]],"btipPosition":[153.909,243.073,-104.425],"carpPosition":[152.422,162.812,19.058],"dipPosition":[155.255,233.736,-89.0846],"direction":[-0.0747294,0.518448,-0.851837],"extended":true,"handId":210,"id":2103,"length":62.1014,"mcpPosition":[160.469,197.565,-29.6542],"pipPosition":[157.25,219.893,-66.3393],"stabilizedTipPosition":[154.219,240.925,-100.897],"timeVisible":0,"tipPosition":[154.219,240.925,-100.897],"tipVelocity":[1.19209e-7,1.19209e-7,1.19209e-7],"tool":false,"touchDistance":-0.0149509,"touchZone":"touching","type":3,"width":17.4241}],"r":[[1,3.46945e-18,5.55112e-18],[-3.46945e-18,1,-3.85186e-35],[-5.55112e-18,1.92593e-35,1]],"s":1,"t":[0,0,0],"timestamp":258825124059},{"currentFrameRate":25.8676,"devices":[],"gestures":[],"hands":[{"armBasis":[[-0.96334,0.165132,0.211441],[0.263574,0.729552,0.631096],[0.0500429,-0.66369,0.746332]],"armWidth":61.4393,"confidence":0.201357,"direction":[0.130476,0.68311,-0.718566],"elbow":[155.339,16.3555,245.725],"grabAngle":1.43853,"grabStrength":0,"id":210,"palmNormal":[-0.254031,-0.677534,-0.690229],"palmPosition":[155.932,233.891,-4.72147],"palmVelocity":[191.473,899.252,51.7838],"palmWidth":87.7035,"pinchDistance":36.9861,"pinchStrength":0.490284,"r":[[0.994364,-0.0583243,-0.0885335],[0.0362432,0.971772,-0.233121],[0.099631,0.228598,0.968409]],"s":0.983665,"sphereCenter":[143.717,203.802,-64.4989],"sphereRadius":69.0553,"stabilizedPalmPosition":[155.641,232.524,-4.80018],"t":[3.70998,17.4239,1.00336],"timeVisible":0.038752,"type":"left","wrist":[142.316,189.08,51.4933]}],"id":134701,"interactionBox":{"center":[0,200,0],"size":[235.247,235.247,147.751]},"pointables":[{"bases":[[[-0.132967,0.848994,0.511399],[0.833964,-0.182974,0.520599],[-0.535558,-0.495712,0.683701]],[[-0.0612121,0.906928,0.416815],[0.880566,-0.147552,0.450369],[-0.469955,-0.394601,0.789578]],[[-0.0612121,0.906928,0.416815],[0.979717,0.134425,-0.148611],[0.19081,-0.399263,0.896761]],[[-0.0612121,0.906928,0.416815],[0.827786,0.279457,-0.486492],[0.557695,-0.315254,0.767848]]],"btipPosition":[170.733,224.984,-54.377],"carpPosition":[166.416,186.362,29.0248],"dipPosition":[182.942,218.083,-37.5668],"direction":[-0.19081,0.399263,-0.896761],"extended":false,"handId":210,"id":2100,"length":48.7514,"mcpPosition":[166.416,186.362,29.0248],"pipPosition":[189.028,205.348,-8.96542],"stabilizedTipPosition":[164.827,229.143,-43.7059],"timeVisible":0.038752,"tipPosition":[179.666,224.666,-50.887],"tipVelocity":[1304.39,-860.145,-1018.57],"tool":false,"touchDistance":0.350278,"touchZone":"hovering","type":0,"width":19.5281},{"bases":[[[-0.922843,0.383422,-0.0367279],[0.29417,0.763143,0.575393],[-0.248647,-0.520193,0.817052]],[[-0.906807,0.413048,-0.0842197],[0.376952,0.883963,0.276616],[-0.188703,-0.219091,0.957283]],[[-0.906807,0.413048,-0.0842197],[0.389159,0.743461,-0.543894],[0.16204,0.525982,0.834917]],[[-0.906807,0.413048,-0.0842197],[0.389159,0.743461,-0.543894],[0.16204,0.525982,0.834917]]],"btipPosition":[184.062,233.691,-93.3479],"carpPosition":[165.099,208.297,35.2842],"dipPosition":[186.651,242.097,-80.0039],"direction":[-0.16204,-0.525982,-0.834917],"extended":false,"handId":210,"id":2101,"length":55.0105,"mcpPosition":[182.731,245.185,-22.6549],"pipPosition":[190.315,253.99,-61.1266],"stabilizedTipPosition":[182.891,236.229,-90.2727],"timeVisible":0.038752,"tipPosition":[184.122,238.791,-89.5107],"tipVelocity":[1187.55,-406.448,-4.14047],"tool":false,"touchDistance":0.333333,"touchZone":"hovering","type":1,"width":18.6532},{"bases":[[[-0.984488,0.173864,-0.0235522],[0.128387,0.805373,0.578698],[-0.119583,-0.566698,0.815201]],[[-0.976944,0.203076,-0.0658812],[0.153001,0.881175,0.44735],[-0.148899,-0.426956,0.891929]],[[-0.976944,0.203076,-0.0658812],[0.192157,0.970863,0.143183],[-0.0930387,-0.127222,0.987501]],[[-0.976944,0.203076,-0.0658812],[0.160131,0.492896,-0.855226],[0.141204,0.846057,0.514051]]],"btipPosition":[169.636,260.218,-95.0073],"carpPosition":[154.888,214.346,35.3331],"dipPosition":[172.118,275.09,-85.971],"direction":[0.0930387,0.127222,-0.987501],"extended":true,"handId":210,"id":2102,"length":62.68,"mcpPosition":[162.93,252.455,-19.4876],"pipPosition":[169.643,271.706,-59.7031],"stabilizedTipPosition":[167.792,262.628,-94.021],"timeVisible":0.038752,"tipPosition":[169.988,267.825,-91.9464],"tipVelocity":[683.628,286.065,309.155],"tool":false,"touchDistance":0.325059,"touchZone":"hovering","type":2,"width":18.32},{"bases":[[[-0.998214,0.0273639,0.0531108],[0.0538441,0.797261,0.601229],[0.0258912,-0.603015,0.79731]],[[-0.99756,0.0697408,-0.00314155],[0.0580393,0.853511,0.517832],[-0.0387954,-0.516387,0.855476]],[[-0.99756,0.0697408,-0.00314155],[0.0641792,0.933858,0.351838],[-0.0274712,-0.350778,0.936056]],[[-0.99756,0.0697408,-0.00314155],[0.0388828,0.517672,-0.854695],[0.0579808,0.852732,0.519121]]],"btipPosition":[143.25,269.719,-82.3102],"carpPosition":[143.494,217.542,34.9132],"dipPosition":[144.264,284.622,-73.2372],"direction":[0.0274712,0.350778,-0.936055],"extended":true,"handId":210,"id":2103,"length":60.2685,"mcpPosition":[141.93,253.95,-13.2264],"pipPosition":[143.552,275.532,-48.9808],"stabilizedTipPosition":[145.15,268.143,-83.4338],"timeVisible":0.038752,"tipPosition":[144.834,278.004,-79.1867],"tipVelocity":[-277.029,831.467,533.486],"tool":false,"touchDistance":0.37961,"touchZone":"hovering","type":3,"width":17.4326},{"bases":[[[-0.983591,-0.174722,0.0449585],[-0.0999955,0.735383,0.670233],[0.150166,-0.65474,0.740788]],[[-0.987573,-0.155441,0.0232093],[-0.111254,0.795732,0.595342],[0.111009,-0.585362,0.803137]],[[-0.987573,-0.155441,0.0232093],[-0.15497,0.987698,0.0208895],[0.0261708,-0.0170332,0.999512]],[[-0.987573,-0.155441,0.0232093],[-0.146995,0.861292,-0.486383],[-0.0556137,0.48375,0.873438]]],"btipPosition":[118.745,262.71,-67.8021],"carpPosition":[130.392,214.243,32.5361],"dipPosition":[117.848,270.51,-53.7189],"direction":[-0.0261708,0.0170332,-0.999512],"extended":true,"handId":210,"id":2104,"length":47.2494,"mcpPosition":[121.999,250.837,-8.86719],"pipPosition":[118.327,270.198,-35.4319],"stabilizedTipPosition":[121.98,261.505,-65.9068],"timeVisible":0.038752,"tipPosition":[120.133,269.155,-62.7746],"tipVelocity":[-1401.76,1221.44,547.356],"tool":false,"touchDistance":0.564889,"touchZone":"hovering","type":4,"width":15.485}],"r":[[0.994364,-0.0583243,-0.0885335],[0.0362432,0.971772,-0.233121],[0.099631,0.228598,0.968409]],"s":0.983665,"t":[3.70998,17.4239,1.00336],"timestamp":258825162811},{"currentFrameRate":25.9113,"devices":[],"gestures":[],"hands":[{"armBasis":[[-0.899076,0.229197,0.373003],[0.41112,0.73486,0.539408],[0.150475,-0.638318,0.754923]],"armWidth":61.4393,"confidence":0.384938,"direction":[0.0521583,0.713899,-0.698303],"elbow":[190.581,62.3469,255.044],"grabAngle":1.5581,"grabStrength":0,"id":210,"palmNormal":[-0.408184,-0.622935,-0.667336],"palmPosition":[158.102,274.847,2.3258],"palmVelocity":[56.6842,1069.73,184.064],"palmWidth":87.7035,"pinchDistance":49.4933,"pinchStrength":0.229001,"r":[[0.974946,-0.130039,-0.18047],[0.0468318,0.913132,-0.404965],[0.217454,0.386367,0.896345]],"s":1.01161,"sphereCenter":[135.271,252.486,-55.7305],"sphereRadius":68.1777,"stabilizedPalmPosition":[158.08,274.467,2.26172],"t":[6.6501,46.6142,5.02868],"timeVisible":0.077039,"type":"left","wrist":[151.42,228.468,58.5766]}],"id":134702,"interactionBox":{"center":[0,200,0],"size":[235.247,235.247,147.751]},"pointables":[{"bases":[[[0.0085201,0.825179,0.564807],[0.895686,-0.257432,0.362595],[-0.444605,-0.502801,0.741295]],[[0.127146,0.92961,0.345918],[0.877084,-0.268235,0.398464],[-0.463203,-0.252736,0.849451]],[[0.127146,0.92961,0.345918],[0.975417,-0.180469,0.12646],[-0.179986,-0.321336,0.929703]],[[0.127146,0.92961,0.345918],[0.991194,-0.106071,-0.0792744],[0.0370025,-0.352951,0.93491]]],"btipPosition":[198.23,255.141,-59.3955],"carpPosition":[171.013,225.005,31.5952],"dipPosition":[199.04,247.414,-38.928],"direction":[0.179986,0.321336,-0.929703],"extended":true,"handId":210,"id":2100,"length":48.7514,"mcpPosition":[171.013,225.005,31.5952],"pipPosition":[193.3,237.165,-9.27586],"stabilizedTipPosition":[197.141,252.444,-54.2709],"timeVisible":0.077039,"tipPosition":[194.297,255.576,-53.5265],"tipVelocity":[649.721,782.685,-109.105],"tool":false,"touchDistance":0.3331,"touchZone":"hovering","type":0,"width":19.5281},{"bases":[[[-0.971596,0.0793503,0.222948],[0.204008,0.758295,0.619169],[0.119929,-0.647065,0.752944]],[[-0.977726,0.125961,0.167883],[0.197234,0.824908,0.529741],[0.071761,-0.551055,0.831378]],[[-0.977726,0.125961,0.167883],[0.18561,0.892329,0.411459],[0.0979789,-0.433455,0.895833]],[[-0.977726,0.125961,0.167883],[-0.0810946,0.511047,-0.855719],[0.193584,0.850273,0.48945]]],"btipPosition":[135.265,315.494,-69.2694],"carpPosition":[151.427,257.023,42.7072],"dipPosition":[138.648,330.355,-60.715],"direction":[-0.0979789,0.433455,-0.895833],"extended":true,"handId":210,"id":2103,"length":60.2685,"mcpPosition":[144.186,296.091,-2.75369],"pipPosition":[141.187,319.123,-37.5009],"stabilizedTipPosition":[136.502,316.354,-68.1148],"timeVisible":0.077039,"tipPosition":[137.5,323.338,-67.0926],"tipVelocity":[-194.331,1195.33,337.491],"tool":false,"touchDistance":0.568805,"touchZone":"hovering","type":3,"width":17.4326},{"bases":[[[-0.971448,-0.122464,0.203204],[0.0601943,0.70124,0.71038],[0.229491,-0.702329,0.673846]],[[-0.962868,-0.146843,0.226543],[-0.00161124,0.842247,0.53909],[0.269967,-0.518707,0.811209]],[[-0.962868,-0.146843,0.226543],[-0.194848,0.958815,-0.206661],[0.186866,0.243129,0.951824]],[[-0.962868,-0.146843,0.226543],[-0.269515,0.571623,-0.77499],[0.0156949,0.80727,0.589974]]],"btipPosition":[112.502,293.535,-48.9809],"carpPosition":[137.93,254.589,42.4398],"dipPosition":[112.755,306.552,-39.4682],"direction":[-0.186866,-0.243129,-0.951824],"extended":false,"handId":210,"id":2104,"length":47.2494,"mcpPosition":[125.103,293.843,4.77802],"pipPosition":[116.174,311,-22.0537],"stabilizedTipPosition":[113.157,294.309,-48.0043],"timeVisible":0.077039,"tipPosition":[113.787,304.463,-46.9387],"tipVelocity":[-156.164,836.453,464.127],"tool":false,"touchDistance":0.808284,"touchZone":"hovering","type":4,"width":15.485},{"bases":[[[-0.889712,0.435168,0.137989],[0.433995,0.712474,0.551389],[-0.141633,-0.550464,0.822757]],[[-0.881476,0.462265,0.0964931],[0.458207,0.787834,0.411539],[-0.114219,-0.406975,0.90627]],[[-0.881476,0.462265,0.0964931],[0.381928,0.81805,-0.430029],[0.277723,0.342207,0.897644]],[[-0.881476,0.462265,0.0964931],[0.381928,0.81805,-0.430029],[0.277723,0.342207,0.897644]]],"btipPosition":[176.075,288.779,-90.4243],"carpPosition":[172.159,246.595,38.983],"dipPosition":[180.513,294.248,-76.0777],"direction":[-0.277723,-0.342207,-0.897644],"extended":false,"handId":210,"id":2101,"length":55.0105,"mcpPosition":[182.202,285.63,-19.3606],"pipPosition":[186.793,301.985,-55.7822],"stabilizedTipPosition":[177.134,289.683,-87.1452],"timeVisible":0.077039,"tipPosition":[174.555,286.469,-86.4135],"tipVelocity":[-197.498,1421.17,82.3845],"tool":false,"touchDistance":0.335699,"touchZone":"hovering","type":1,"width":18.6532},{"bases":[[[-0.96153,0.228919,0.151844],[0.274116,0.763529,0.584709],[-0.0179136,-0.603838,0.796906]],[[-0.946751,0.321023,0.0246439],[0.297866,0.844255,0.445544],[-0.122224,-0.429159,0.894921]],[[-0.946751,0.321023,0.0246439],[0.321964,0.944316,0.0678694],[0.00148407,-0.0721898,0.99739]],[[-0.946751,0.321023,0.0246439],[0.123091,0.431618,-0.893619],[0.297509,0.843001,0.44815]]],"btipPosition":[163.952,300.244,-87.3089],"carpPosition":[162.505,253.186,41.0407],"dipPosition":[169.181,315.063,-79.431],"direction":[-0.00148407,0.0721898,-0.99739],"extended":true,"handId":210,"id":2102,"length":62.68,"mcpPosition":[163.71,293.793,-12.5497],"pipPosition":[169.221,313.143,-52.9001],"stabilizedTipPosition":[165.213,302.746,-85.6852],"timeVisible":0.077039,"tipPosition":[161.688,309.298,-84.8027],"tipVelocity":[-131.966,1045.11,194.113],"tool":false,"touchDistance":0.338535,"touchZone":"hovering","type":2,"width":18.32}],"r":[[0.974946,-0.130039,-0.18047],[0.0468318,0.913132,-0.404965],[0.217454,0.386367,0.896345]],"s":1.01161,"t":[6.6501,46.6142,5.02868],"timestamp":258825201098},{"currentFrameRate":26.9317,"devices":[],"gestures":[],"hands":[{"armBasis":[[-0.943928,0.0780418,0.320796],[0.27345,0.72928,0.627197],[0.185002,-0.679751,0.709728]],"armWidth":61.4393,"confidence":0.511297,"direction":[-0.0285234,0.84243,-0.538051],"elbow":[204.249,72.3036,243.969],"grabAngle":1.09298,"grabStrength":0,"id":210,"palmNormal":[-0.291893,-0.521829,-0.801557],"palmPosition":[158.182,305.904,12.8834],"palmVelocity":[2.65058,1031.31,350.587],"palmWidth":87.7035,"pinchDistance":39.3731,"pinchStrength":0.440546,"r":[[0.957435,-0.166909,-0.235499],[0.0276078,0.865078,-0.500878],[0.287326,0.473056,0.832864]],"s":1.0487,"sphereCenter":[143.821,278.981,-59.734],"sphereRadius":78.7305,"stabilizedPalmPosition":[158.18,305.305,12.6808],"t":[8.16007,76.7377,12.3201],"timeVisible":0.107153,"type":"left","wrist":[156.103,249.207,59.2643]}],"id":134703,"interactionBox":{"center":[0,200,0],"size":[235.247,235.247,147.751]},"pointables":[{"bases":[[[-0.129191,0.685121,0.716882],[0.911074,-0.203397,0.358572],[-0.391477,-0.699456,0.597919]],[[-0.013136,0.855043,0.518391],[0.948453,-0.153521,0.277253],[-0.316647,-0.495312,0.808951]],[[-0.013136,0.855043,0.518391],[0.999518,-0.00335695,0.0308648],[-0.0281309,-0.518547,0.854586]],[[-0.013136,0.855043,0.518391],[0.981972,0.108801,-0.154574],[0.188569,-0.507015,0.841057]]],"btipPosition":[189.187,304.787,-52.1845],"carpPosition":[177.183,253.317,32.407],"dipPosition":[193.316,293.687,-33.7716],"direction":[0.0281309,0.518547,-0.854586],"extended":false,"handId":210,"id":2100,"length":48.7514,"mcpPosition":[177.183,253.317,32.407],"pipPosition":[192.418,277.148,-6.51531],"stabilizedTipPosition":[190.332,300.845,-48.1259],"timeVisible":0.107153,"tipPosition":[194.025,302.844,-45.8358],"tipVelocity":[-274.95,1622.84,223.764],"tool":false,"touchDistance":0.338377,"touchZone":"hovering","type":0,"width":19.5281},{"bases":[[[-0.947243,0.273731,0.166742],[0.308304,0.635905,0.707512],[-0.0876356,-0.721593,0.686749]],[[-0.893181,0.449455,-0.0147549],[0.396779,0.803094,0.44453],[-0.211645,-0.391191,0.895643]],[[-0.893181,0.449455,-0.0147549],[0.449537,0.891509,-0.0559361],[0.0119866,0.056594,0.998325]],[[-0.893181,0.449455,-0.0147549],[0.449537,0.891509,-0.0559361],[0.0119866,0.056594,0.998325]]],"btipPosition":[189.216,337.591,-79.2291],"carpPosition":[174.958,272.884,43.992],"dipPosition":[189.407,338.495,-63.2734],"direction":[-0.0119866,-0.056594,-0.998325],"extended":true,"handId":210,"id":2101,"length":55.0105,"mcpPosition":[181.172,324.053,-4.70701],"pipPosition":[189.678,339.775,-40.7015],"stabilizedTipPosition":[189.139,337.32,-75.6745],"timeVisible":0.107153,"tipPosition":[182.983,337.708,-73.2647],"tipVelocity":[403.933,1586.04,384.05],"tool":false,"touchDistance":0.342114,"touchZone":"hovering","type":1,"width":18.6532},{"bases":[[[-0.98896,0.0612802,0.134918],[0.141724,0.657031,0.740422],[0.0432722,-0.751368,0.658463]],[[-0.970914,0.238074,-0.0254183],[0.167092,0.749789,0.640231],[-0.171481,-0.617363,0.767762]],[[-0.970914,0.238074,-0.0254183],[0.216953,0.919714,0.327196],[-0.101274,-0.312165,0.944615]],[[-0.970914,0.238074,-0.0254183],[0.238308,0.971168,-0.00656209],[-0.0231232,0.0124286,0.999655]]],"btipPosition":[172.314,364,-74.8764],"carpPosition":[164.392,277.551,46.7206],"dipPosition":[171.908,364.218,-57.3038],"direction":[0.101274,0.312165,-0.944615],"extended":true,"handId":210,"id":2102,"length":62.68,"mcpPosition":[161.482,328.079,2.44029],"pipPosition":[169.214,355.914,-32.1767],"stabilizedTipPosition":[172.054,362.59,-71.1882],"timeVisible":0.107153,"tipPosition":[166.784,361.298,-68.4382],"tipVelocity":[234.656,2005.62,486.892],"tool":false,"touchDistance":0.344564,"touchZone":"hovering","type":2,"width":18.32},{"bases":[[[-0.979664,-0.0996632,0.174143],[0.0720122,0.635444,0.768782],[0.187277,-0.765688,0.615344]],[[-0.99216,-0.0332932,0.120455],[0.055691,0.745077,0.66465],[0.111877,-0.666147,0.737381]],[[-0.99216,-0.0332932,0.120455],[0.0168334,0.919474,0.392791],[0.123832,-0.391739,0.911705]],[[-0.99216,-0.0332932,0.120455],[-0.0484527,0.990948,-0.125201],[0.115196,0.130055,0.984792]]],"btipPosition":[131.622,361.387,-60.3765],"carpPosition":[152.828,279.437,48.4323],"dipPosition":[133.636,363.66,-43.1647],"direction":[-0.123832,0.391739,-0.911705],"extended":true,"handId":210,"id":2103,"length":60.2685,"mcpPosition":[141.52,325.667,11.2793],"pipPosition":[136.845,353.509,-19.5394],"stabilizedTipPosition":[132.284,359.861,-56.944],"timeVisible":0.107153,"tipPosition":[132.671,363.359,-50.7096],"tipVelocity":[-131.423,1427.83,361.429],"tool":false,"touchDistance":0.708519,"touchZone":"hovering","type":3,"width":17.4326},{"bases":[[[-0.949746,-0.291228,0.114757],[-0.0649773,0.542047,0.837832],[0.306204,-0.788271,0.53373]],[[-0.943006,-0.307958,0.126103],[-0.179582,0.789967,0.586261],[0.280161,-0.530202,0.800247]],[[-0.943006,-0.307958,0.126103],[-0.328543,0.921825,-0.205666],[0.0529088,0.235375,0.970463]],[[-0.943006,-0.307958,0.126103],[-0.317644,0.720019,-0.616989],[-0.0992096,0.62188,0.776803]]],"btipPosition":[114.09,322.576,-39.7223],"carpPosition":[139.839,275.315,46.858],"dipPosition":[112.49,332.603,-27.1972],"direction":[-0.0529088,-0.235375,-0.970463],"extended":false,"handId":210,"id":2104,"length":47.2494,"mcpPosition":[122.725,319.372,17.0274],"pipPosition":[113.458,336.909,-9.44167],"stabilizedTipPosition":[113.683,322.79,-37.6051],"timeVisible":0.107153,"tipPosition":[112.418,333.821,-33.8166],"tipVelocity":[38.5768,941.517,330.458],"tool":false,"touchDistance":0.91006,"touchZone":"hovering","type":4,"width":15.485}],"r":[[0.957435,-0.166909,-0.235499],[0.0276078,0.865078,-0.500878],[0.287326,0.473056,0.832864]],"s":1.0487,"t":[8.16007,76.7377,12.3201],"timestamp":258825231212},{"currentFrameRate":30.4993,"devices":[],"gestures":[],"hands":[{"armBasis":[[-0.946615,0.0430883,0.319475],[0.247234,0.733007,0.6337],[0.206872,-0.678855,0.704528]],"armWidth":61.4393,"confidence":0.54921,"direction":[0.0111667,0.857306,-0.514687],"elbow":[208.433,78.782,241.662],"grabAngle":0.961282,"grabStrength":0,"id":210,"palmNormal":[-0.256028,-0.495109,-0.830251],"palmPosition":[159.145,313.204,13.6122],"palmVelocity":[96.1643,728.844,72.7649],"palmWidth":87.7035,"pinchDistance":44.8278,"pinchStrength":0.366833,"r":[[0.942349,-0.20235,-0.26652],[0.016049,0.82287,-0.568004],[0.334246,0.53098,0.778678]],"s":1.07356,"sphereCenter":[148.238,285.429,-65.1503],"sphereRadius":84.8668,"stabilizedPalmPosition":[158.916,311.331,13.3914],"t":[9.39665,95.4495,16.3302],"timeVisible":0.117169,"type":"left","wrist":[154.595,255.453,58.3097]}],"id":134704,"interactionBox":{"center":[0,200,0],"size":[235.247,235.247,147.751]},"pointables":[{"bases":[[[-0.157781,0.666884,0.728266],[0.888059,-0.226669,0.399965],[-0.431805,-0.70985,0.556468]],[[-0.0353899,0.833714,0.551061],[0.933818,-0.168834,0.315403],[-0.355994,-0.525753,0.772562]],[[-0.0353899,0.833714,0.551061],[0.997345,-0.00565513,0.0726066],[-0.0636495,-0.552168,0.8313]],[[-0.0353899,0.833714,0.551061],[0.996807,0.068939,-0.0402832],[0.0715743,-0.547876,0.833492]]],"btipPosition":[193.978,314.724,-49.3264],"carpPosition":[176.386,259.822,32.606],"dipPosition":[195.545,302.73,-31.0792],"direction":[0.0636495,0.552168,-0.8313],"extended":false,"handId":210,"id":2100,"length":48.7514,"mcpPosition":[176.386,259.822,32.606],"pipPosition":[193.515,285.119,-4.56556],"stabilizedTipPosition":[193.2,308.806,-45.9807],"timeVisible":0.117169,"tipPosition":[197.707,311.297,-43.3612],"tipVelocity":[419.489,971.588,281.548],"tool":false,"touchDistance":0.335675,"touchZone":"hovering","type":0,"width":19.5281},{"bases":[[[-0.951008,0.282986,0.124512],[0.278904,0.611486,0.740471],[-0.133406,-0.73892,0.660454]],[[-0.907217,0.420626,-0.0056462],[0.348438,0.758904,0.550142],[-0.235689,-0.49713,0.835052]],[[-0.907217,0.420626,-0.0056462],[0.413712,0.894573,0.16906],[-0.0761618,-0.151038,0.98559]],[[-0.907217,0.420626,-0.0056462],[0.414684,0.891985,-0.180001],[0.0706765,0.165641,0.98365]]],"btipPosition":[193.337,352.237,-73.7902],"carpPosition":[173.813,279.092,44.6087],"dipPosition":[194.467,354.885,-58.0691],"direction":[0.0761618,0.151038,-0.98559],"extended":true,"handId":210,"id":2101,"length":55.0105,"mcpPosition":[183.273,331.491,-2.22563],"pipPosition":[192.745,351.47,-35.7851],"stabilizedTipPosition":[192.632,349.486,-71.3647],"timeVisible":0.117169,"tipPosition":[190.285,348.74,-70.1775],"tipVelocity":[433.035,1502.36,537.635],"tool":false,"touchDistance":0.337767,"touchZone":"hovering","type":1,"width":18.6532},{"bases":[[[-0.993807,0.0721363,0.0845277],[0.111113,0.634154,0.765181],[-0.00159377,-0.769834,0.638242]],[[-0.972826,0.226783,-0.0466846],[0.13189,0.708485,0.693292],[-0.190302,-0.668295,0.719143]],[[-0.972826,0.226783,-0.0466846],[0.181189,0.871176,0.456314],[-0.144155,-0.435455,0.888593]],[[-0.972826,0.226783,-0.0466846],[0.208166,0.944941,0.252496],[-0.101376,-0.235917,0.966471]]],"btipPosition":[177.484,381.47,-69.061],"carpPosition":[163.18,283.838,46.9105],"dipPosition":[175.702,377.323,-52.0717],"direction":[0.144155,0.435455,-0.888593],"extended":true,"handId":210,"id":2102,"length":62.68,"mcpPosition":[163.287,335.608,3.99004],"pipPosition":[171.868,365.74,-28.4349],"stabilizedTipPosition":[175.675,375.52,-66.8354],"timeVisible":0.117169,"tipPosition":[174.218,373.996,-65.411],"tipVelocity":[484.597,1644.02,567.215],"tool":false,"touchDistance":0.3381,"touchZone":"hovering","type":2,"width":18.32},{"bases":[[[-0.988739,-0.0899493,0.119604],[0.0397183,0.612823,0.789221],[0.144286,-0.785084,0.60235]],[[-0.998978,0.00730637,0.0446012],[0.0364831,0.712843,0.700374],[0.0266765,-0.701286,0.712381]],[[-0.998978,0.00730637,0.0446012],[0.0275722,0.880453,0.47333],[0.035811,-0.474076,0.879755]],[[-0.998978,0.00730637,0.0446012],[0.0182416,0.968077,0.249989],[0.0413509,-0.250547,0.967221]]],"btipPosition":[140.09,379.222,-57.7784],"carpPosition":[151.568,285.847,48.0659],"dipPosition":[140.813,374.843,-40.8737],"direction":[-0.035811,0.474076,-0.879755],"extended":true,"handId":210,"id":2103,"length":60.2685,"mcpPosition":[142.856,333.248,11.6975],"pipPosition":[141.741,362.558,-18.0763],"stabilizedTipPosition":[137.715,372.364,-54.8638],"timeVisible":0.117169,"tipPosition":[138.612,374.569,-51.0041],"tipVelocity":[815.821,1627.92,252.346],"tool":false,"touchDistance":0.352112,"touchZone":"hovering","type":3,"width":17.4326},{"bases":[[[-0.958274,-0.280221,0.0564584],[-0.10196,0.519589,0.848311],[0.26705,-0.807158,0.52648]],[[-0.969524,-0.242867,0.0322267],[-0.172164,0.768974,0.615661],[0.174305,-0.59135,0.787352]],[[-0.969524,-0.242867,0.0322267],[-0.244463,0.967679,-0.0619346],[0.0161432,0.0679253,0.99756]],[[-0.969524,-0.242867,0.0322267],[-0.224317,0.827086,-0.515374],[-0.098513,0.506897,0.856359]]],"btipPosition":[119.228,337.219,-41.8311],"carpPosition":[138.626,281.962,45.696],"dipPosition":[117.64,345.392,-28.0233],"direction":[-0.0161432,-0.0679253,-0.99756],"extended":false,"handId":210,"id":2104,"length":47.2494,"mcpPosition":[123.701,327.075,16.2706],"pipPosition":[117.935,346.635,-9.77195],"stabilizedTipPosition":[116.967,333.131,-38.271],"timeVisible":0.117169,"tipPosition":[116.944,342.063,-35.6418],"tipVelocity":[513.309,1419.4,-181.086],"tool":false,"touchDistance":0.825181,"touchZone":"hovering","type":4,"width":15.485}],"r":[[0.942349,-0.20235,-0.26652],[0.016049,0.82287,-0.568004],[0.334246,0.53098,0.778678]],"s":1.07356,"t":[9.39665,95.4495,16.3302],"timestamp":258825241228},{"currentFrameRate":33.8809,"devices":[],"gestures":[],"hands":[{"armBasis":[[-0.940278,0.0364011,0.338456],[0.256466,0.729537,0.634035],[0.223837,-0.682972,0.695303]],"armWidth":61.4393,"confidence":0.585211,"direction":[0.0408209,0.866978,-0.496671],"elbow":[211.24,84.6469,239.857],"grabAngle":0.908592,"grabStrength":0,"id":210,"palmNormal":[-0.257314,-0.471197,-0.84366],"palmPosition":[159.194,320.793,15.4064],"palmVelocity":[4.8688,752.825,178],"palmWidth":87.7035,"pinchDistance":47.8867,"pinchStrength":0.304941,"r":[[0.928309,-0.236363,-0.28701],[0.0103109,0.787996,-0.615594],[0.371666,0.568502,0.733941]],"s":1.09087,"sphereCenter":[150.009,295.653,-64.7691],"sphereRadius":85.8597,"stabilizedPalmPosition":[159.133,318.721,14.9653],"t":[10.0395,108.6,19.2324],"timeVisible":0.127249,"type":"left","wrist":[152.987,262.389,58.9056]}],"id":134705,"interactionBox":{"center":[0,200,0],"size":[235.247,235.247,147.751]},"pointables":[{"bases":[[[-0.150386,0.655912,0.739705],[0.876144,-0.258194,0.407071],[-0.457991,-0.709306,0.535845]],[[-0.0273758,0.816447,0.576771],[0.922751,-0.20125,0.328677],[-0.384422,-0.541214,0.747868]],[[-0.0273758,0.816447,0.576771],[0.994013,-0.0388226,0.102135],[-0.105779,-0.576114,0.810496]],[[-0.0273758,0.816447,0.576771],[0.998712,0.0469994,-0.019127],[0.0427241,-0.575505,0.816682]]],"btipPosition":[195.698,323.612,-46.1897],"carpPosition":[174.763,266.598,33.523],"dipPosition":[196.633,311.013,-28.3105],"direction":[0.105779,0.576114,-0.810496],"extended":false,"handId":210,"id":2100,"length":48.7514,"mcpPosition":[174.763,266.598,33.523],"pipPosition":[193.26,292.638,-2.46042],"stabilizedTipPosition":[195.169,317.448,-43.148],"timeVisible":0.127249,"tipPosition":[198.262,319.167,-41.1587],"tipVelocity":[156.218,867.977,302.782],"tool":false,"touchDistance":0.333333,"touchZone":"hovering","type":0,"width":19.5281},{"bases":[[[-0.944905,0.305504,0.117565],[0.284483,0.588725,0.756618],[-0.161936,-0.748378,0.6432]],[[-0.904358,0.4267,0.00801722],[0.3397,0.708344,0.618751],[-0.258342,-0.562296,0.785546]],[[-0.904358,0.4267,0.00801722],[0.410555,0.864703,0.289367],[-0.11654,-0.264983,0.957185]],[[-0.904358,0.4267,0.00801722],[0.41975,0.89271,-0.16395],[0.0771144,0.144904,0.986436]]],"btipPosition":[195.796,365.024,-68.7025],"carpPosition":[172.528,285.682,45.8856],"dipPosition":[197.029,367.34,-52.9369],"direction":[0.11654,0.264983,-0.957185],"extended":true,"handId":210,"id":2101,"length":55.0105,"mcpPosition":[184.012,338.751,0.27475],"pipPosition":[194.394,361.349,-31.2951],"stabilizedTipPosition":[195.313,361.982,-66.4753],"timeVisible":0.127249,"tipPosition":[193.308,359.215,-66.6895],"tipVelocity":[246.328,1260.98,505.744],"tool":false,"touchDistance":0.337356,"touchZone":"hovering","type":1,"width":18.6532},{"bases":[[[-0.992656,0.0967167,0.0726641],[0.117016,0.615326,0.779539],[-0.0306824,-0.782317,0.622124]],[[-0.970448,0.237644,-0.0419095],[0.13407,0.675381,0.72518],[-0.200639,-0.69813,0.687283]],[[-0.970448,0.237644,-0.0419095],[0.182608,0.836744,0.516249],[-0.157751,-0.49334,0.855412]],[[-0.970448,0.237644,-0.0419095],[0.211179,0.920403,0.32903],[-0.116766,-0.310456,0.943389]]],"btipPosition":[179.352,393.327,-64.0206],"carpPosition":[161.993,290.66,48.1422],"dipPosition":[177.299,387.87,-47.4371],"direction":[0.157751,0.49334,-0.855412],"extended":true,"handId":210,"id":2102,"length":62.68,"mcpPosition":[164.056,343.269,6.30555],"pipPosition":[173.103,374.747,-24.6828],"stabilizedTipPosition":[177.977,387.41,-62.0736],"timeVisible":0.127249,"tipPosition":[177.315,384.489,-61.7758],"tipVelocity":[179.063,1146.37,490.782],"tool":false,"touchDistance":0.337258,"touchZone":"hovering","type":2,"width":18.32},{"bases":[[[-0.992329,-0.0661248,0.10445],[0.0447586,0.595411,0.802174],[0.115234,-0.800695,0.587884]],[[-0.998805,0.042454,0.0242186],[0.0466267,0.679039,0.73262],[-0.0146573,-0.732874,0.680207]],[[-0.998805,0.042454,0.0242186],[0.0488366,0.846918,0.529476],[-0.00196723,-0.530026,0.847979]],[[-0.998805,0.042454,0.0242186],[0.0486226,0.913474,0.403982],[0.00497241,-0.404677,0.914446]]],"btipPosition":[144.041,392.734,-52.6974],"carpPosition":[150.422,292.952,49.183],"dipPosition":[144.128,385.661,-36.7151],"direction":[0.00196723,0.530026,-0.847979],"extended":true,"handId":210,"id":2103,"length":60.2685,"mcpPosition":[143.465,341.296,13.688],"pipPosition":[144.077,371.926,-14.7411],"stabilizedTipPosition":[142.109,385.341,-50.8189],"timeVisible":0.127249,"tipPosition":[141.804,385.521,-48.3762],"tipVelocity":[377.441,1278.98,483.018],"tool":false,"touchDistance":0.33783,"touchZone":"hovering","type":3,"width":17.4326},{"bases":[[[-0.965986,-0.255816,0.0378011],[-0.100126,0.504783,0.85742],[0.238423,-0.824471,0.513228]],[[-0.983189,-0.182442,-0.00740474],[-0.144425,0.752221,0.642888],[0.11172,-0.63315,0.765924]],[[-0.983189,-0.182442,-0.00740474],[-0.182325,0.983135,-0.0142783],[-0.00988482,0.0126882,0.999871]],[[-0.983189,-0.182442,-0.00740474],[-0.156013,0.860447,-0.485069],[-0.0948684,0.475759,0.874445]]],"btipPosition":[122.107,348.58,-39.8516],"carpPosition":[137.418,289.461,46.56],"dipPosition":[120.577,356.251,-25.7522],"direction":[0.00988482,-0.0126882,-0.999871],"extended":false,"handId":210,"id":2104,"length":47.2494,"mcpPosition":[124.092,335.541,17.8752],"pipPosition":[120.397,356.483,-7.45858],"stabilizedTipPosition":[120.186,344.704,-37.1534],"timeVisible":0.127249,"tipPosition":[118.862,351.58,-34.1486],"tipVelocity":[286.939,1115.66,203.03],"tool":false,"touchDistance":0.806694,"touchZone":"hovering","type":4,"width":15.485}],"r":[[0.928309,-0.236363,-0.28701],[0.0103109,0.787996,-0.615594],[0.371666,0.568502,0.733941]],"s":1.09087,"t":[10.0395,108.6,19.2324],"timestamp":258825251308},{"currentFrameRate":37.1014,"devices":[],"gestures":[],"hands":[{"armBasis":[[-0.938505,0.0246913,0.344381],[0.253585,0.726203,0.639002],[0.234313,-0.687036,0.687807]],"armWidth":61.4393,"confidence":0.618923,"direction":[0.0660148,0.878248,-0.473627],"elbow":[212.449,91.535,238.494],"grabAngle":0.899517,"grabStrength":0,"id":210,"palmNormal":[-0.246095,-0.44567,-0.860707],"palmPosition":[159.195,329.575,17.5255],"palmVelocity":[0.110937,874.523,211.004],"palmWidth":87.7035,"pinchDistance":46.4559,"pinchStrength":0.342437,"r":[[0.916503,-0.266081,-0.298702],[0.00977996,0.761385,-0.648226],[0.399908,0.59118,0.700414]],"s":1.09458,"sphereCenter":[151.846,305.214,-64.7699],"sphereRadius":87.3312,"stabilizedPalmPosition":[159.182,327.333,16.9966],"t":[10.3614,119.566,21.7431],"timeVisible":0.137292,"type":"left","wrist":[151.47,270.335,59.4935]}],"id":134706,"interactionBox":{"center":[0,200,0],"size":[235.247,235.247,147.751]},"pointables":[{"bases":[[[-0.156121,0.63976,0.752551],[0.862525,-0.282972,0.419496],[-0.481327,-0.714587,0.507631]],[[-0.0387974,0.789598,0.612396],[0.918921,-0.212553,0.332273],[-0.392529,-0.575635,0.717332]],[[-0.0387974,0.789598,0.612396],[0.988525,-0.0592112,0.138971],[-0.145992,-0.61076,0.77824]],[[-0.0387974,0.789598,0.612396],[0.999194,0.0243133,0.0319537],[-0.0103412,-0.613142,0.789905]]],"btipPosition":[197.24,335.292,-42.0232],"carpPosition":[173.471,274.692,34.6052],"dipPosition":[197.013,321.869,-24.7303],"direction":[0.145992,0.610761,-0.77824],"extend