{"frames":384,"data":[{"currentFrameRate":23.77,"devices":[],"gestures":[],"hands":[],"id":135767,"interactionBox":{"center":[0,200,0],"size":[235.247,235.247,147.751]},"pointables":[],"r":[[-0.962136,-0.269906,0.0380192],[0.215739,-0.839331,-0.498979],[0.166588,-0.471883,0.86578]],"s":0.686793,"t":[505.899,-233.461,348.339],"timestamp":258857087001},{"currentFrameRate":23.7689,"devices":[],"gestures":[],"hands":[],"id":135768,"interactionBox":{"center":[0,200,0],"size":[235.247,235.247,147.751]},"pointables":[],"r":[[-0.962136,-0.269906,0.0380192],[0.215739,-0.839331,-0.498979],[0.166588,-0.471883,0.86578]],"s":0.686793,"t":[505.899,-233.461,348.339],"timestamp":258857129081},{"currentFrameRate":23.7697,"devices":[],"gestures":[],"hands":[],"id":135769,"interactionBox":{"center":[0,200,0],"size":[235.247,235.247,147.751]},"pointables":[],"r":[[-0.962136,-0.269906,0.0380192],[0.215739,-0.839331,-0.498979],[0.166588,-0.471883,0.86578]],"s":0.686793,"t":[505.899,-233.461,348.339],"timestamp":258857171145},{"currentFrameRate":23.7671,"devices":[],"gestures":[],"hands":[],"id":135770,"interactionBox":{"center":[0,200,0],"size":[235.247,235.247,147.751]},"pointables":[],"r":[[-0.962136,-0.269906,0.0380192],[0.215739,-0.839331,-0.498979],[0.166588,-0.471883,0.86578]],"s":0.686793,"t":[505.899,-233.461,348.339],"timestamp":258857213240},{"currentFrameRate":23.765,"devices":[],"gestures":[],"hands":[],"id":135771,"interactionBox":{"center":[0,200,0],"size":[235.247,235.247,147.751]},"pointables":[],"r":[[-0.962136,-0.269906,0.0380192],[0.215739,-0.839331,-0.498979],[0.166588,-0.471883,0.86578]],"s":0.686793,"t":[505.899,-233.461,348.339],"timestamp":258857255334},{"currentFrameRate":23.7151,"devices":[],"gestures":[],"hands":[],"id":135772,"interactionBox":{"center":[0,200,0],"size":[235.247,235.247,147.751]},"pointables":[],"r":[[-0.962136,-0.269906,0.0380192],[0.215739,-0.839331,-0.498979],[0.166588,-0.471883,0.86578]],"s":0.686793,"t":[505.899,-233.461,348.339],"timestamp":258857297879},{"currentFrameRate":23.7854,"devices":[],"gestures":[],"hands":[],"id":135773,"interactionBox":{"center":[0,200,0],"size":[235.247,235.247,147.751]},"pointables":[],"r":[[-0.962136,-0.269906,0.0380192],[0.215739,-0.839331,-0.498979],[0.166588,-0.471883,0.86578]],"s":0.686793,"t":[505.899,-233.461,348.339],"timestamp":258857339390},{"currentFrameRate":23.7788,"devices":[],"gestures":[],"hands":[],"id":135774,"interactionBox":{"center":[0,200,0],"size":[235.247,235.247,147.751]},"pointables":[],"r":[[-0.962136,-0.269906,0.0380192],[0.215739,-0.839331,-0.498979],[0.166588,-0.471883,0.86578]],"s":0.686793,"t":[505.899,-233.461,348.339],"timestamp":258857381494},{"currentFrameRate":23.7777,"devices":[],"gestures":[],"hands":[],"id":135775,"interactionBox":{"center":[0,200,0],"size":[235.247,235.247,147.751]},"pointables":[],"r":[[-0.962136,-0.269906,0.0380192],[0.215739,-0.839331,-0.498979],[0.166588,-0.471883,0.86578]],"s":0.686793,"t":[505.899,-233.461,348.339],"timestamp":258857423559},{"currentFrameRate":23.7669,"devices":[],"gestures":[],"hands":[],"id":135776,"interactionBox":{"center":[0,200,0],"size":[235.247,235.247,147.751]},"pointables":[],"r":[[-0.962136,-0.269906,0.0380192],[0.215739,-0.839331,-0.498979],[0.166588,-0.471883,0.86578]],"s":0.686793,"t":[505.899,-233.461,348.339],"timestamp":258857465716},{"currentFrameRate":23.7794,"devices":[],"gestures":[],"hands":[],"id":135777,"interactionBox":{"center":[0,200,0],"size":[235.247,235.247,147.751]},"pointables":[],"r":[[-0.962136,-0.269906,0.0380192],[0.215739,-0.839331,-0.498979],[0.166588,-0.471883,0.86578]],"s":0.686793,"t":[505.899,-233.461,348.339],"timestamp":258857507674},{"currentFrameRate":23.767,"devices":[],"gestures":[],"hands":[],"id":135778,"interactionBox":{"center":[0,200,0],"size":[235.247,235.247,147.751]},"pointables":[],"r":[[-0.962136,-0.269906,0.0380192],[0.215739,-0.839331,-0.498979],[0.166588,-0.471883,0.86578]],"s":0.686793,"t":[505.899,-233.461,348.339],"timestamp":258857549843},{"currentFrameRate":23.7734,"devices":[],"gestures":[],"hands":[{"armBasis":[[-0.448578,0.615036,0.648466],[0.817276,0.57593,0.0191133],[0.361716,-0.53855,0.761003]],"armWidth":61.4185,"confidence":0,"direction":[-0.163679,0.592891,-0.788473],"elbow":[233.916,36.6928,264.111],"grabAngle":0,"grabStrength":0,"id":212,"palmNormal":[-0.865003,-0.470537,-0.174254],"palmPosition":[125.645,212.79,3.74476],"palmVelocity":[1.19209e-7,1.19209e-7,1.19209e-7],"palmWidth":87.7035,"pinchDistance":63.1826,"pinchStrength":0,"r":[[1,-1.94289e-17,-1.11022e-17],[1.94289e-17,1,-2.22045e-17],[1.11022e-17,2.22045e-17,1]],"s":1,"sphereCenter":[154.217,252.887,-24.0415],"sphereRadius":58.6742,"stabilizedPalmPosition":[125.645,212.79,3.74476],"t":[0,0,0],"timeVisible":0,"type":"left","wrist":[139.781,176.849,66.0612]}],"id":135779,"interactionBox":{"center":[0,200,0],"size":[235.247,235.247,147.751]},"pointables":[{"bases":[[[0.550878,0.799524,0.239363],[0.832449,-0.546894,-0.0890818],[-0.0596834,-0.248331,0.966835]],[[0.498546,0.669079,0.551166],[0.712829,-0.678229,0.17855],[-0.493281,-0.303872,0.815068]],[[0.498546,0.669079,0.551166],[0.852037,-0.495308,-0.169421],[-0.159641,-0.554078,0.817014]],[[0.498546,0.669079,0.551166],[0.865431,-0.347636,-0.360802],[0.0497998,-0.656873,0.752355]]],"btipPosition":[166.708,211.528,-48.6169],"carpPosition":[138.851,163.88,34.4221],"dipPosition":[167.831,196.71,-31.6451],"direction":[0.159641,0.554078,-0.817014],"extended":true,"handId":212,"id":2120,"length":50.234,"mcpPosition":[138.851,163.88,34.4221],"pipPosition":[162.585,178.501,-4.79463],"stabilizedTipPosition":[166.966,208.12,-44.7134],"timeVisible":0,"tipPosition":[166.966,208.12,-44.7134],"tipVelocity":[1.19209e-7,1.19209e-7,1.19209e-7],"tool":false,"touchDistance":0.862633,"touchZone":"hovering","type":0,"width":19.5186},{"bases":[[[-0.495068,0.743779,0.44911],[0.843311,0.535756,0.0423329],[0.209127,-0.399697,0.892473]],[[-0.492731,0.739325,0.458928],[0.87004,0.409063,0.275132],[-0.0156816,-0.534852,0.8448]],[[-0.492731,0.739325,0.458928],[0.87004,0.409063,0.275132],[-0.0156816,-0.534852,0.8448]],[[-0.492731,0.739325,0.458928],[0.87004,0.409063,0.275132],[-0.0156816,-0.534852,0.8448]]],"btipPosition":[136.221,255.704,-97.7057],"carpPosition":[149.778,183.944,34.1596],"dipPosition":[135.963,246.896,-83.7931],"direction":[0.0156816,0.534852,-0.8448],"extended":true,"handId":212,"id":2121,"length":56.6834,"mcpPosition":[134.948,212.287,-29.1277],"pipPosition":[135.597,234.436,-64.1115],"stabilizedTipPosition":[136.162,253.679,-94.5058],"timeVisible":0,"tipPosition":[136.162,253.679,-94.5058],"tipVelocity":[1.19209e-7,1.19209e-7,1.19209e-7],"tool":false,"touchDistance":0.09157,"touchZone":"hovering","type":1,"width":18.6442},{"bases":[[[-0.598724,0.580636,0.551716],[0.75186,0.644882,0.137235],[0.276108,-0.496979,0.822664]],[[-0.630528,0.642435,0.435558],[0.770484,0.585848,0.251269],[0.0937466,-0.494023,0.86438]],[[-0.630528,0.642435,0.435558],[0.770484,0.585848,0.251269],[0.0937466,-0.494023,0.86438]],[[-0.630528,0.642435,0.435558],[0.770484,0.585848,0.251269],[0.0937466,-0.494023,0.86438]]],"btipPosition":[118.039,272.644,-95.8347],"carpPosition":[145.23,193.782,38.9953],"dipPosition":[119.737,263.696,-80.178],"direction":[-0.0937466,0.494023,-0.86438],"extended":true,"handId":212,"id":2122,"length":64.5862,"mcpPosition":[126.662,227.203,-16.3273],"pipPosition":[122.307,250.155,-56.4859],"stabilizedTipPosition":[118.43,270.586,-92.2336],"timeVisible":0,"tipPosition":[118.43,270.586,-92.2336],"tipVelocity":[1.19209e-7,1.19209e-7,1.19209e-7],"tool":false,"touchDistance":0.129439,"touchZone":"hovering","type":2,"width":18.311},{"bases":[[[-0.60653,0.450896,0.654839],[0.715581,0.668547,0.202456],[0.346504,-0.591386,0.728147]],[[-0.672775,0.581641,0.457239],[0.737023,0.580841,0.345573],[0.064584,-0.569489,0.819458]],[[-0.672775,0.581641,0.457239],[0.737023,0.580841,0.345573],[0.064584,-0.569489,0.819458]],[[-0.672775,0.581641,0.457239],[0.737023,0.580841,0.345573],[0.064584,-0.569489,0.819458]]],"btipPosition":[112.019,287.271,-70.9279],"carpPosition":[138.609,201.577,44.9649],"dipPosition":[113.183,277.015,-56.1702],"direction":[-0.064584,0.569489,-0.819458],"extended":true,"handId":212,"id":2123,"length":62.1014,"mcpPosition":[117.688,237.283,1.00117],"pipPosition":[114.907,261.809,-34.2895],"stabilizedTipPosition":[112.287,284.912,-67.5336],"timeVisible":0,"tipPosition":[112.287,284.912,-67.5336],"tipVelocity":[1.19209e-7,1.19209e-7,1.19209e-7],"tool":false,"touchDistance":0.520329,"touchZone":"hovering","type":3,"width":17.4241},{"bases":[[[-0.672191,0.262716,0.692199],[0.640315,0.675648,0.365372],[0.371693,-0.688825,0.622385]],[[-0.752012,0.454544,0.477355],[0.658073,0.476359,0.583114],[-0.0376587,-0.752643,0.657351]],[[-0.752012,0.454544,0.477355],[0.65342,0.609351,0.449147],[0.0867199,-0.649678,0.755247]],[[-0.752012,0.454544,0.477355],[0.65342,0.609351,0.449147],[0.0867199,-0.649678,0.755247]]],"btipPosition":[104.747,291.528,-31.7315],"carpPosition":[127.314,204.335,52.2441],"dipPosition":[106.188,280.734,-19.1836],"direction":[-0.0867199,0.649678,-0.755247],"extended":true,"handId":212,"id":2124,"length":48.6863,"mcpPosition":[106.539,242.834,17.4584],"pipPosition":[107.823,268.486,-4.94543],"stabilizedTipPosition":[105.079,289.045,-28.8455],"timeVisible":0,"tipPosition":[105.079,289.045,-28.8455],"tipVelocity":[1.19209e-7,1.19209e-7,1.19209e-7],"tool":false,"touchDistance":1,"touchZone":"none","type":4,"width":15.4775}],"r":[[1,-1.94289e-17,-1.11022e-17],[1.94289e-17,1,-2.22045e-17],[1.11022e-17,2.22045e-17,1]],"s":1,"t":[0,0,0],"timestamp":258857591859},{"currentFrameRate":23.7702,"devices":[],"gestures":[],"hands":[{"armBasis":[[-0.828053,0.245419,0.504081],[0.463487,0.805534,0.369182],[0.31545,-0.539337,0.780773]],"armWidth":61.4393,"confidence":0.218183,"direction":[-0.198577,0.641451,-0.741018],"elbow":[219.21,49.3578,267.604],"grabAngle":0.77774,"grabStrength":0,"id":212,"palmNormal":[-0.499224,-0.71684,-0.48674],"palmPosition":[125.529,230.445,4.5219],"palmVelocity":[-2.75897,419.436,18.4624],"palmWidth":87.7035,"pinchDistance":55.5061,"pinchStrength":0,"r":[[0.9947,0.0788204,0.0660312],[-0.0802476,0.996589,0.019244],[-0.0642891,-0.0244408,0.997632]],"s":0.95579,"sphereCenter":[114.363,209.979,-50.7972],"sphereRadius":68.5298,"stabilizedPalmPosition":[125.544,228.198,4.42298],"t":[-0.0580667,8.82766,0.38857],"timeVisible":0.042093,"type":"left","wrist":[137.115,189.719,64.4099]}],"id":135780,"interactionBox":{"center":[0,200,0],"size":[235.247,235.247,147.751]},"pointables":[{"bases":[[[0.0683839,0.876296,0.476896],[0.97953,-0.149688,0.134592],[-0.189328,-0.45793,0.868594]],[[0.071373,0.883436,0.463083],[0.968823,-0.171829,0.178482],[-0.237249,-0.435907,0.868158]],[[0.071373,0.883436,0.463083],[0.99325,-0.105508,0.0481957],[-0.0914369,-0.456517,0.885003]],[[0.071373,0.883436,0.463083],[0.974534,0.0371836,-0.221137],[0.212579,-0.467073,0.858285]]],"btipPosition":[160.058,230.723,-55.604],"carpPosition":[150.381,184.964,33.1835],"dipPosition":[164.712,220.497,-36.814],"direction":[0.0914369,0.456517,-0.885003],"extended":true,"handId":212,"id":2120,"length":48.7514,"mcpPosition":[150.381,184.964,33.1835],"pipPosition":[161.796,205.937,-8.58759],"stabilizedTipPosition":[161.515,227.031,-50.8476],"timeVisible":0.042093,"tipPosition":[163.238,231.941,-47.9149],"tipVelocity":[-138.676,481.106,-156.058],"tool":false,"touchDistance":0.711169,"touchZone":"hovering","type":0,"width":19.5281},{"bases":[[[-0.870825,-0.175698,0.459122],[0.167456,0.772073,0.613076],[0.462192,-0.610765,0.642919]],[[-0.968234,0.0116641,0.249775],[0.16506,0.780163,0.603408],[0.187827,-0.625468,0.757305]],[[-0.968234,0.0116641,0.249775],[0.16506,0.780163,0.603408],[0.187827,-0.625468,0.757305]],[[-0.968234,0.0116641,0.249775],[0.0017945,0.99921,-0.0397053],[0.250041,0.0379958,0.967489]]],"btipPosition":[78.8118,278.513,-40.4705],"carpPosition":[118.325,212.858,49.9668],"dipPosition":[82.8435,279.126,-24.8709],"direction":[-0.187827,0.625468,-0.757305],"extended":true,"handId":212,"id":2124,"length":47.2494,"mcpPosition":[92.4925,246.994,14.0335],"pipPosition":[86.2799,267.682,-11.0152],"stabilizedTipPosition":[80.8748,279.12,-36.5224],"timeVisible":0.042093,"tipPosition":[80.6227,284.012,-33.8167],"tipVelocity":[-601.991,-246.86,-190.937],"tool":false,"touchDistance":0.903363,"touchZone":"hovering","type":4,"width":15.485},{"bases":[[[-0.86478,0.3771,0.33159],[0.485668,0.795905,0.361471],[0.127603,-0.473636,0.871428]],[[-0.843271,0.317656,0.433577],[0.483262,0.801189,0.352921],[0.23527,-0.507139,0.829131]],[[-0.843271,0.317656,0.433577],[0.483262,0.801189,0.352921],[0.23527,-0.507139,0.829131]],[[-0.843271,0.317656,0.433577],[0.0394442,0.84107,-0.539487],[0.53604,0.437831,0.721779]]],"btipPosition":[118.794,265.651,-87.0884],"carpPosition":[151.185,207.214,38.3104],"dipPosition":[127.362,272.648,-75.5526],"direction":[-0.23527,0.507139,-0.829131],"extended":true,"handId":212,"id":2121,"length":55.0105,"mcpPosition":[142.136,240.801,-23.4846],"pipPosition":[132.681,261.182,-56.8061],"stabilizedTipPosition":[122.781,265.482,-85.7538],"timeVisible":0.042093,"tipPosition":[124.316,271.554,-83.8337],"tipVelocity":[-365.78,322.657,239.248],"tool":false,"touchDistance":0.283441,"touchZone":"hovering","type":1,"width":18.6532},{"bases":[[[-0.909628,0.168398,0.379761],[0.335159,0.837608,0.431371],[0.245449,-0.519667,0.818352]],[[-0.931378,0.225481,0.28582],[0.33334,0.843815,0.420548],[0.146353,-0.486964,0.861073]],[[-0.931378,0.225481,0.28582],[0.33334,0.843815,0.420548],[0.146353,-0.486964,0.861073]],[[-0.931378,0.225481,0.28582],[0.152346,0.954455,-0.256526],[0.330644,0.195379,0.92331]]],"btipPosition":[108.946,279.639,-90.6904],"carpPosition":[141.756,213.217,42.3018],"dipPosition":[114.758,283.073,-74.4599],"direction":[-0.146353,0.486964,-0.861073],"extended":true,"handId":212,"id":2122,"length":62.68,"mcpPosition":[125.25,248.163,-12.7308],"pipPosition":[118.651,270.12,-51.555],"stabilizedTipPosition":[114.083,275.837,-89.4188],"timeVisible":0.042093,"tipPosition":[112.625,286.106,-85.8118],"tipVelocity":[-193.555,233.822,125.347],"tool":false,"touchDistance":0.237837,"touchZone":"hovering","type":2,"width":18.32},{"bases":[[[-0.886254,0.0264647,0.462443],[0.276967,0.830506,0.483268],[0.371272,-0.55638,0.743369]],[[-0.956389,0.189704,0.222108],[0.28301,0.789992,0.543892],[0.0722851,-0.583031,0.809228]],[[-0.956389,0.189704,0.222108],[0.28301,0.789992,0.543892],[0.0722851,-0.583031,0.809228]],[[-0.956389,0.189704,0.222108],[0.178109,0.981423,-0.0713107],[0.23151,0.0286414,0.972411]]],"btipPosition":[99.7773,288.907,-70.1657],"carpPosition":[131.134,216.339,46.5039],"dipPosition":[103.824,289.408,-53.1702],"direction":[-0.0722851,0.583031,-0.809228],"extended":true,"handId":212,"id":2123,"length":60.2685,"mcpPosition":[108.718,249.932,1.62109],"pipPosition":[105.697,274.299,-32.2004],"stabilizedTipPosition":[105.477,287.329,-66.7827],"timeVisible":0.042093,"tipPosition":[100.734,294.905,-64.1407],"tipVelocity":[-275.081,97.6447,30.3354],"tool":false,"touchDistance":0.520783,"touchZone":"hovering","type":3,"width":17.4326}],"r":[[0.9947,0.0788204,0.0660312],[-0.0802476,0.996589,0.019244],[-0.0642891,-0.0244408,0.997632]],"s":0.95579,"t":[-0.0580667,8.82766,0.38857],"timestamp":258857633952},{"currentFrameRate":24.7936,"devices":[],"gestures":[],"hands":[{"armBasis":[[-0.97874,-0.130153,0.158516],[0.00939967,0.743586,0.668574],[0.204887,-0.65585,0.726554]],"armWidth":61.4393,"confidence":0.374999,"direction":[-0.129487,0.799893,-0.586007],"elbow":[189.8,53.4937,250.455],"grabAngle":0.635195,"grabStrength":0,"id":212,"palmNormal":[-0.0362741,-0.594408,-0.803345],"palmPosition":[133.368,279.187,13.0028],"palmVelocity":[239.406,1488.71,259.029],"palmWidth":87.7035,"pinchDistance":57.3964,"pinchStrength":0,"r":[[0.961351,0.178311,0.209784],[-0.196953,0.977806,0.0714448],[-0.192388,-0.110001,0.975134]],"s":0.904181,"sphereCenter":[140.821,239.611,-66.302],"sphereRadius":89.5229,"stabilizedPalmPosition":[133.221,278.234,12.8424],"t":[3.8321,37.6124,4.8233],"timeVisible":0.074834,"type":"left","wrist":[136.479,224.177,61.3712]}],"id":135781,"interactionBox":{"center":[0,200,0],"size":[235.247,235.247,147.751]},"pointables":[{"bases":[[[-0.391565,0.654435,0.646832],[0.864241,0.0202668,0.50267],[-0.315856,-0.755847,0.573525]],[[-0.271069,0.860496,0.431356],[0.95028,0.167883,0.262264],[-0.153259,-0.481001,0.863221]],[[-0.271069,0.860496,0.431356],[0.921894,0.360969,-0.140755],[0.276825,-0.35951,0.891134]],[[-0.271069,0.860496,0.431356],[0.838474,0.431179,-0.333236],[0.47274,-0.271351,0.838383]]],"btipPosition":[148.452,273.418,-50.0239],"carpPosition":[160.256,232.868,38.2859],"dipPosition":[158.801,267.478,-31.6697],"direction":[-0.276825,0.35951,-0.891134],"extended":false,"handId":212,"id":2120,"length":48.7514,"mcpPosition":[160.256,232.868,38.2859],"pipPosition":[167.63,256.011,-3.24769],"stabilizedTipPosition":[151.136,270.77,-45.9461],"timeVisible":0.074834,"tipPosition":[153.909,275.218,-43.081],"tipVelocity":[-314.49,1334.13,167.37],"tool":false,"touchDistance":0.755583,"touchZone":"hovering","type":0,"width":19.5281},{"bases":[[[-0.947636,-0.317841,0.0310248],[-0.195286,0.653613,0.7312],[0.252684,-0.686853,0.681457]],[[-0.978734,-0.177617,-0.102626],[-0.203891,0.787315,0.581863],[0.0225492,-0.590413,0.806786]],[[-0.978734,-0.177617,-0.102626],[-0.199285,0.941892,0.270415],[-0.0486328,-0.285116,0.957258]],[[-0.978734,-0.177617,-0.102626],[-0.186406,0.978918,0.0835025],[-0.0856314,-0.100857,0.991209]]],"btipPosition":[115.007,328.374,-68.1172],"carpPosition":[128.449,253.076,48.8767],"dipPosition":[113.51,326.611,-50.7932],"direction":[0.0486328,0.285116,-0.957258],"extended":true,"handId":212,"id":2123,"length":60.2685,"mcpPosition":[113.192,294.547,7.73202],"pipPosition":[112.25,319.223,-25.9874],"stabilizedTipPosition":[114.516,327.321,-64.1749],"timeVisible":0.074834,"tipPosition":[114.544,333.964,-59.6803],"tipVelocity":[426.208,1189.54,64.8744],"tool":false,"touchDistance":0.533899,"touchZone":"hovering","type":3,"width":17.4326},{"bases":[[[-0.866641,-0.498798,-0.0115572],[-0.317204,0.532953,0.784438],[0.385117,-0.683492,0.6201]],[[-0.936273,-0.307612,-0.169608],[-0.349618,0.769239,0.534826],[0.0340497,-0.560042,0.827764]],[[-0.936273,-0.307612,-0.169608],[-0.350877,0.841877,0.410034],[-0.0166579,-0.443416,0.896161]],[[-0.936273,-0.307612,-0.169608],[-0.324721,0.94208,0.0839128],[-0.133972,-0.133641,0.981933]]],"btipPosition":[96.9432,313.035,-48.6412],"carpPosition":[117.129,246.042,45.6246],"dipPosition":[94.783,310.88,-32.8087],"direction":[0.0166579,0.443416,-0.896161],"extended":true,"handId":212,"id":2124,"length":47.2494,"mcpPosition":[95.6045,284.243,10.9667],"pipPosition":[94.4783,302.767,-16.4126],"stabilizedTipPosition":[95.9314,311.434,-44.7194],"timeVisible":0.074834,"tipPosition":[94.2827,318.641,-39.5211],"tipVelocity":[510.285,1034.94,-247.92],"tool":false,"touchDistance":0.724602,"touchZone":"hovering","type":4,"width":15.485},{"bases":[[[-0.998591,0.0527129,0.0060871],[0.0416178,0.706865,0.706123],[-0.032919,-0.705382,0.708063]],[[-0.99906,0.0208602,0.0380009],[0.0387471,0.822797,0.567013],[0.019439,-0.567952,0.822832]],[[-0.99906,0.0208602,0.0380009],[0.0333736,0.929572,0.367126],[0.0276662,-0.368049,0.929395]],[[-0.99906,0.0208602,0.0380009],[0.0305657,0.960591,0.276279],[0.0307401,-0.277181,0.960326]]],"btipPosition":[152.337,337.275,-71.4341],"carpPosition":[151.901,251.678,48.2064],"dipPosition":[152.828,332.844,-56.0857],"direction":[-0.0276662,0.368049,-0.929395],"extended":true,"handId":212,"id":2121,"length":55.0105,"mcpPosition":[154.235,301.698,-2.00396],"pipPosition":[153.454,324.523,-35.0723],"stabilizedTipPosition":[150.743,332.183,-68.9311],"timeVisible":0.074834,"tipPosition":[150.921,341.35,-61.8429],"tipVelocity":[967.755,2107.31,504.908],"tool":false,"touchDistance":0.536398,"touchZone":"hovering","type":1,"width":18.6532},{"bases":[[[-0.986223,-0.164352,-0.0187735],[-0.128538,0.689942,0.712361],[0.104125,-0.70496,0.701563]],[[-0.991489,-0.104378,-0.0778103],[-0.130189,0.793054,0.595076],[0.000405114,-0.600141,0.799894]],[[-0.991489,-0.104378,-0.0778103],[-0.127878,0.892927,0.431657],[-0.0244234,-0.437934,0.898675]],[[-0.991489,-0.104378,-0.0778103],[-0.124389,0.935915,0.329532],[-0.0384279,-0.336406,0.940933]]],"btipPosition":[134.568,345.886,-74.6555],"carpPosition":[140.263,253.857,49.0345],"dipPosition":[133.893,339.972,-58.1151],"direction":[0.0244234,0.437934,-0.898675],"extended":true,"handId":212,"id":2122,"length":62.68,"mcpPosition":[133.261,301.264,1.85576],"pipPosition":[133.243,328.323,-34.21],"stabilizedTipPosition":[133.43,341.207,-71.7484],"timeVisible":0.074834,"tipPosition":[134.653,351.197,-65.0308],"tipVelocity":[737,1957.71,491.928],"tool":false,"touchDistance":0.48898,"touchZone":"hovering","type":2,"width":18.32}],"r":[[0.961351,0.178311,0.209784],[-0.196953,0.977806,0.0714448],[-0.192388,-0.110001,0.975134]],"s":0.904181,"t":[3.8321,37.6124,4.8233],"timestamp":258857666693},{"currentFrameRate":28.0108,"devices":[],"gestures":[],"hands":[{"armBasis":[[-0.973454,-0.0718494,0.217312],[0.100974,0.717251,0.68946],[0.205405,-0.6931,0.690956]],"armWidth":61.4393,"confidence":0.434615,"direction":[-0.115984,0.81696,-0.564911],"elbow":[188.128,55.1821,239.628],"grabAngle":0.721115,"grabStrength":0,"id":212,"palmNormal":[-0.124549,-0.576223,-0.807747],"palmPosition":[131.995,291.652,12.6647],"palmVelocity":[-101.396,920.377,-24.9611],"palmWidth":87.7035,"pinchDistance":57.3322,"pinchStrength":0,"r":[[0.919961,0.234563,0.31409],[-0.279044,0.954584,0.104425],[-0.275331,-0.183712,0.943633]],"s":0.878043,"sphereCenter":[139.09,262.358,-60.1469],"sphereRadius":79.6258,"stabilizedPalmPosition":[132.181,289.616,12.6917],"t":[5.09057,58.237,6.87164],"timeVisible":0.088377,"type":"left","wrist":[134.672,235.56,59.8082]}],"id":135782,"interactionBox":{"center":[0,200,0],"size":[235.247,235.247,147.751]},"pointables":[{"bases":[[[-0.307759,0.665418,0.680076],[0.894017,-0.0423629,0.446025],[-0.325603,-0.745268,0.581858]],[[-0.175864,0.882439,0.436317],[0.976539,0.100433,0.190486],[-0.124272,-0.45958,0.879399]],[[-0.175864,0.882439,0.436317],[0.910946,0.313894,-0.267672],[0.373161,-0.350387,0.859057]],[[-0.175864,0.882439,0.436317],[0.793292,0.389481,-0.467967],[0.58289,-0.263828,0.768527]]],"btipPosition":[138.79,282.369,-51.0434],"carpPosition":[157.473,243.305,35.4925],"dipPosition":[151.551,276.593,-34.2184],"direction":[-0.373161,0.350387,-0.859057],"extended":false,"handId":212,"id":2120,"length":48.7514,"mcpPosition":[157.473,243.305,35.4925],"pipPosition":[163.453,265.418,-6.81947],"stabilizedTipPosition":[143.463,279.144,-46.947],"timeVisible":0.088377,"tipPosition":[146.877,285.817,-45.3152],"tipVelocity":[-672.441,663.713,-101.244],"tool":false,"touchDistance":0.692791,"touchZone":"hovering","type":0,"width":19.5281},{"bases":[[[-0.990896,0.114174,0.0713413],[0.130754,0.689896,0.712002],[-0.032074,-0.714848,0.698544]],[[-0.991199,0.105945,0.0793702],[0.132262,0.81773,0.5602],[0.00555285,-0.565768,0.824546]],[[-0.991199,0.105945,0.0793702],[0.121582,0.965742,0.229261],[0.0523621,-0.236893,0.970124]],[[-0.991199,0.105945,0.0793702],[0.116143,0.983687,0.137374],[0.0635212,-0.145384,0.987334]]],"btipPosition":[150.816,343.519,-74.1866],"carpPosition":[150.964,262.41,46.2003],"dipPosition":[151.831,341.195,-58.4066],"direction":[-0.0523621,0.236893,-0.970124],"extended":true,"handId":212,"id":2121,"length":55.0105,"mcpPosition":[153.238,313.102,-3.33513],"pipPosition":[153.015,335.839,-36.4723],"stabilizedTipPosition":[150.962,339.899,-70.0927],"timeVisible":0.088377,"tipPosition":[149.382,350.538,-64.8544],"tipVelocity":[-103.421,496.829,-195.916],"tool":false,"touchDistance":0.476293,"touchZone":"hovering","type":1,"width":18.6532},{"bases":[[[-0.993793,-0.102749,0.04263],[-0.0393873,0.683405,0.728976],[0.104035,-0.722773,0.68321]],[[-0.999185,-0.0334207,-0.0226555],[-0.0402818,0.786846,0.615834],[0.00275525,-0.616244,0.78755]],[[-0.999185,-0.0334207,-0.0226555],[-0.0395079,0.925009,0.377885],[-0.00832733,-0.378472,0.925575]],[[-0.999185,-0.0334207,-0.0226555],[-0.0384454,0.958949,0.280962],[-0.0123355,-0.281604,0.959452]]],"btipPosition":[132.881,356.697,-75.1308],"carpPosition":[139.563,265.288,47.8095],"dipPosition":[132.664,351.746,-58.2649],"direction":[0.00832734,0.378472,-0.925575],"extended":true,"handId":212,"id":2122,"length":62.68,"mcpPosition":[132.566,313.893,1.86494],"pipPosition":[132.442,341.679,-33.6443],"stabilizedTipPosition":[132.967,352.289,-71.3648],"timeVisible":0.088377,"tipPosition":[132.836,363.21,-65.4934],"tipVelocity":[-116.819,814.594,-29.5715],"tool":false,"touchDistance":0.467408,"touchZone":"hovering","type":2,"width":18.32},{"bases":[[[-0.961836,-0.259215,0.0876299],[-0.106952,0.650929,0.751567],[0.251858,-0.713512,0.65381]],[[-0.991514,-0.126013,-0.0319585],[-0.118932,0.779981,0.614398],[0.0524953,-0.612985,0.788348]],[[-0.991514,-0.126013,-0.0319585],[-0.129487,0.935417,0.32898],[0.0115613,-0.330326,0.943796]],[[-0.991514,-0.126013,-0.0319585],[-0.129949,0.967756,0.215781],[-0.00373674,-0.218103,0.975919]]],"btipPosition":[110.101,346.314,-65.5338],"carpPosition":[127.736,265.242,48.4042],"dipPosition":[110.036,342.502,-48.477],"direction":[-0.0115613,0.330326,-0.943796],"extended":true,"handId":212,"id":2123,"length":60.2685,"mcpPosition":[112.529,308.322,8.92874],"pipPosition":[110.335,333.942,-24.0201],"stabilizedTipPosition":[110.738,342.772,-61.9879],"timeVisible":0.088377,"tipPosition":[111.727,348.231,-58.5011],"tipVelocity":[-337.908,1289.84,186.218],"tool":false,"touchDistance":0.551672,"touchZone":"hovering","type":3,"width":17.4326},{"bases":[[[-0.89524,-0.444019,0.0373191],[-0.232577,0.537076,0.810838],[0.38007,-0.717215,0.58408]],[[-0.958582,-0.267514,-0.0977617],[-0.267653,0.728734,0.630325],[0.0973782,-0.630384,0.770152]],[[-0.958582,-0.267514,-0.0977617],[-0.283302,0.930917,0.230508],[-0.0293439,-0.248657,0.968147]],[[-0.958582,-0.267514,-0.0977617],[-0.256934,0.96032,-0.108489],[-0.122905,0.0788769,0.989279]]],"btipPosition":[93.8683,323.196,-45.9927],"carpPosition":[115.813,258.982,45.7899],"dipPosition":[91.8866,324.467,-30.0417],"direction":[0.0293439,0.248657,-0.968147],"extended":true,"handId":212,"id":2124,"length":47.2494,"mcpPosition":[94.5706,299.067,13.1451],"pipPosition":[91.3497,319.918,-12.3285],"stabilizedTipPosition":[93.9394,320.967,-42.825],"timeVisible":0.088377,"tipPosition":[92.5058,331.678,-38.0687],"tipVelocity":[-224.018,808.455,197.577],"tool":false,"touchDistance":0.725612,"touchZone":"hovering","type":4,"width":15.485}],"r":[[0.919961,0.234563,0.31409],[-0.279044,0.954584,0.104425],[-0.275331,-0.183712,0.943633]],"s":0.878043,"t":[5.09057,58.237,6.87164],"timestamp":258857680236},{"currentFrameRate":30.9858,"devices":[],"gestures":[],"hands":[{"armBasis":[[-0.970974,-0.083977,0.22396],[0.106353,0.687106,0.718731],[0.214241,-0.721688,0.658231]],"armWidth":61.4393,"confidence":0.491478,"direction":[-0.0740788,0.824319,-0.561259],"elbow":[187.244,62.5113,229.574],"grabAngle":0.714437,"grabStrength":0,"id":212,"palmNormal":[-0.119288,-0.566089,-0.815668],"palmPosition":[131.394,307.003,11.8722],"palmVelocity":[-43.6599,1116.48,-57.6379],"palmWidth":87.7035,"pinchDistance":56.9648,"pinchStrength":0.0960132,"r":[[0.87608,0.266186,0.402032],[-0.339817,0.932392,0.123167],[-0.342066,-0.244522,0.907304]],"s":0.861494,"sphereCenter":[143.529,270.609,-67.5554],"sphereRadius":88.2452,"stabilizedPalmPosition":[131.485,305.004,11.9664],"t":[5.41965,76.2252,7.49954],"timeVisible":0.102127,"type":"left","wrist":[131.488,250.329,58.2706]}],"id":135783,"interactionBox":{"center":[0,200,0],"size":[235.247,235.247,147.751]},"pointables":[{"bases":[[[-0.306171,0.669803,0.676478],[0.879078,-0.073793,0.470932],[-0.365351,-0.738863,0.566216]],[[-0.203642,0.835115,0.510992],[0.96408,0.0801407,0.253233],[-0.170528,-0.544206,0.821438]],[[-0.203642,0.835115,0.510992],[0.805306,0.439702,-0.397673],[0.556787,-0.330522,0.762065]],[[-0.203642,0.835115,0.510992],[0.582058,0.522945,-0.622686],[0.787235,-0.170622,0.592578]]],"btipPosition":[127.893,298.173,-41.7832],"carpPosition":[154.681,257.712,35.0184],"dipPosition":[145.127,294.438,-28.8102],"direction":[-0.556787,0.330522,-0.762065],"extended":false,"handId":212,"id":2120,"length":48.7514,"mcpPosition":[154.681,257.712,35.0184],"pipPosition":[162.886,283.896,-4.50476],"stabilizedTipPosition":[134.039,293.897,-40.3314],"timeVisible":0.102127,"tipPosition":[139.672,299.189,-42.1967],"tipVelocity":[-717.695,1183.54,609.034],"tool":false,"touchDistance":0.782458,"touchZone":"hovering","type":0,"width":19.5281},{"bases":[[[-0.988475,0.14484,0.0440387],[0.131795,0.680207,0.721075],[-0.0744848,-0.718568,0.691456]],[[-0.987766,0.151282,0.0378322],[0.147219,0.824664,0.546127],[-0.0514203,-0.545016,0.836847]],[[-0.987766,0.151282,0.0378322],[0.154795,0.98057,0.120506],[0.0188668,-0.124888,0.991991]],[[-0.987766,0.151282,0.0378322],[0.154095,0.984128,0.0880106],[0.0239173,-0.0927637,0.995401]]],"btipPosition":[155.007,354.099,-75.309],"carpPosition":[148.468,276.934,45.693],"dipPosition":[155.39,352.616,-59.4001],"direction":[-0.0188668,0.124888,-0.991991],"extended":true,"handId":212,"id":2121,"length":55.0105,"mcpPosition":[153.75,327.889,-3.33979],"pipPosition":[155.816,349.792,-36.9714],"stabilizedTipPosition":[154.168,350.648,-71.3006],"timeVisible":0.102127,"tipPosition":[153.399,362.853,-66.3848],"tipVelocity":[294.246,783.526,-79.4717],"tool":false,"touchDistance":0.445606,"touchZone":"hovering","type":1,"width":18.6532},{"bases":[[[-0.997337,-0.0716683,0.0134768],[-0.038883,0.67896,0.733145],[0.0616935,-0.730669,0.679939]],[[-0.998374,0.00421672,-0.0568547],[-0.0318486,0.785886,0.617551],[-0.0472854,-0.618357,0.784474]],[[-0.998374,0.00421672,-0.0568547],[-0.0152775,0.940999,0.338065],[-0.0549257,-0.338384,0.939404]],[[-0.998374,0.00421672,-0.0568547],[-0.00971833,0.970077,0.242602],[-0.0561764,-0.24276,0.968458]]],"btipPosition":[137.553,370.443,-76.1072],"carpPosition":[137.121,280.158,47.0006],"dipPosition":[136.565,366.176,-59.083],"direction":[0.0549257,0.338384,-0.939404],"extended":true,"handId":212,"id":2122,"length":62.68,"mcpPosition":[132.972,329.294,1.27601],"pipPosition":[135.104,357.175,-34.0945],"stabilizedTipPosition":[136.559,366.442,-72.0462],"timeVisible":0.102127,"tipPosition":[136.799,377.8,-66.5057],"tipVelocity":[326.899,1011.2,-68.3605],"tool":false,"touchDistance":0.338662,"touchZone":"hovering","type":2,"width":18.32},{"bases":[[[-0.9716,-0.229389,0.0580824],[-0.108052,0.648467,0.753535],[0.210517,-0.725859,0.654836]],[[-0.993393,-0.0999067,-0.0564703],[-0.11326,0.774132,0.622809],[0.0185074,-0.62509,0.780333]],[[-0.993393,-0.0999067,-0.0564703],[-0.112614,0.943376,0.312025],[-0.0220993,-0.316323,0.948394]],[[-0.993393,-0.0999067,-0.0564703],[-0.110437,0.966023,0.233672],[-0.0312062,-0.238364,0.970674]]],"btipPosition":[112.921,362.795,-66.4344],"carpPosition":[125.287,280.481,47.258],"dipPosition":[112.375,358.629,-49.4693],"direction":[0.0220993,0.316323,-0.948394],"extended":true,"handId":212,"id":2123,"length":60.2685,"mcpPosition":[112.576,324.306,7.72058],"pipPosition":[111.802,350.432,-24.8933],"stabilizedTipPosition":[112.566,359.712,-62.4717],"timeVisible":0.102127,"tipPosition":[114.883,364.61,-59.4873],"tipVelocity":[197.016,1192.71,-67.0356],"tool":false,"touchDistance":0.516012,"touchZone":"hovering","type":3,"width":17.4326},{"bases":[[[-0.909406,-0.415828,0.00817259],[-0.23883,0.538201,0.808269],[0.3405,-0.733093,0.588756]],[[-0.959444,-0.259153,-0.110938],[-0.26768,0.714121,0.646822],[0.0884023,-0.650285,0.754529]],[[-0.959444,-0.259153,-0.110938],[-0.276581,0.941467,0.192725],[-0.0544996,-0.215592,0.974961]],[[-0.959444,-0.259153,-0.110938],[-0.261631,0.965133,0.00814676],[-0.104959,-0.0368413,0.993794]]],"btipPosition":[93.9879,341.639,-47.4707],"carpPosition":[113.253,274.618,44.254],"dipPosition":[92.2956,341.045,-31.4469],"direction":[0.0544996,0.215592,-0.974961],"extended":true,"handId":212,"id":2124,"length":47.2494,"mcpPosition":[94.2225,315.592,11.3479],"pipPosition":[91.2984,337.101,-13.609],"stabilizedTipPosition":[93.6537,338.184,-43.63],"timeVisible":0.102127,"tipPosition":[94.5189,347.73,-40.1559],"tipVelocity":[13.542,1310.13,-106.271],"tool":false,"touchDistance":0.664466,"touchZone":"hovering","type":4,"width":15.485}],"r":[[0.87608,0.266186,0.402032],[-0.339817,0.932392,0.123167],[-0.342066,-0.244522,0.907304]],"s":0.861494,"t":[5.41965,76.2252,7.49954],"timestamp":258857693986},{"currentFrameRate":34.2027,"devices":[],"gestures":[],"hands":[{"armBasis":[[-0.967185,-0.0878936,0.238388],[0.120201,0.668329,0.73409],[0.223843,-0.738655,0.635833]],"armWidth":61.4393,"confidence":0.534019,"direction":[-0.0522654,0.826829,-0.560019],"elbow":[187.468,71.1555,223.773],"grabAngle":0.766648,"grabStrength":0,"id":212,"palmNormal":[-0.128447,-0.561693,-0.817314],"palmPosition":[130.344,320.256,12.2348],"palmVelocity":[-95.7756,1209.1,33.0773],"palmWidth":87.7035,"pinchDistance":48.3864,"pinchStrength":0.115791,"r":[[0.835424,0.282454,0.471472],[-0.384107,0.913619,0.133278],[-0.393101,-0.292439,0.871752]],"s":0.839332,"sphereCenter":[135.343,282.8,-67.1507],"sphereRadius":87.635,"stabilizedPalmPosition":[130.517,317.947,12.1941],"t":[5.05929,91.8458,7.99478],"timeVisible":0.113088,"type":"left","wrist":[129.213,263.389,58.2989]}],"id":135784,"interactionBox":{"center":[0,200,0],"size":[235.247,235.247,147.751]},"pointables":[{"bases":[[[-0.293822,0.675491,0.676299],[0.874859,-0.0949976,0.474971],[-0.385086,-0.731223,0.563047]],[[-0.19914,0.823335,0.531472],[0.960022,0.0550308,0.274463],[-0.196728,-0.564881,0.801378]],[[-0.19914,0.823335,0.531472],[0.906807,0.360437,-0.218599],[0.371542,-0.438411,0.818384]],[[-0.19914,0.823335,0.531472],[0.758881,0.472702,-0.447943],[0.620035,-0.314121,0.718947]]],"btipPosition":[136.413,318.435,-45.0024],"carpPosition":[152.371,270.397,35.3968],"dipPosition":[149.987,311.558,-29.2629],"direction":[-0.371542,0.438411,-0.818384],"extended":false,"handId":212,"id":2120,"length":48.7514,"mcpPosition":[152.371,270.397,35.3968],"pipPosition":[161.837,297.576,-3.16122],"stabilizedTipPosition":[138.273,311.584,-41.1411],"timeVisible":0.113088,"tipPosition":[139.059,314.294,-41.6249],"tipVelocity":[700.484,1782.64,-235.647],"tool":false,"touchDistance":0.698802,"touchZone":"hovering","type":0,"width":19.5281},{"bases":[[[-0.985055,0.167627,0.0396081],[0.144049,0.675662,0.723001],[-0.0944328,-0.717901,0.689711]],[[-0.982919,0.18226,0.0255074],[0.16751,0.828613,0.534173],[-0.0762228,-0.529322,0.84499]],[[-0.982919,0.18226,0.0255074],[0.183394,0.981604,0.0530975],[0.0153607,-0.0568684,0.998264]],[[-0.982919,0.18226,0.0255074],[0.182705,0.983032,0.0163192],[0.0221003,-0.0207008,0.999541]]],"btipPosition":[155.613,363.535,-75.3348],"carpPosition":[146.554,289.738,46.0786],"dipPosition":[155.967,363.204,-59.3597],"direction":[-0.0153607,0.0568684,-0.998263],"extended":true,"handId":212,"id":2121,"length":55.0105,"mcpPosition":[153.251,340.646,-2.83038],"pipPosition":[156.314,361.918,-36.7892],"stabilizedTipPosition":[155.297,360.122,-71.5668],"timeVisible":0.113088,"tipPosition":[154.311,373.552,-66.8449],"tipVelocity":[54.6741,885.082,-0.966735],"tool":false,"touchDistance":0.434219,"touchZone":"hovering","type":1,"width":18.6532},{"bases":[[[-0.998783,-0.0485617,0.00858812],[-0.0266684,0.678349,0.734255],[0.0414824,-0.733133,0.678819]],[[-0.99773,0.0273756,-0.061529],[-0.0164503,0.7869,0.616861],[-0.0653042,-0.616472,0.784664]],[[-0.99773,0.0273756,-0.061529],[0.00710294,0.951331,0.308089],[-0.0669686,-0.306953,0.949366]],[[-0.99773,0.0273756,-0.061529],[0.0153666,0.982092,0.187775],[-0.0655676,-0.186404,0.980283]]],"btipPosition":[138.368,381.761,-76.1755],"carpPosition":[135.279,293.222,47.3383],"dipPosition":[137.215,378.485,-58.9435],"direction":[0.0669686,0.306953,-0.949366],"extended":true,"handId":212,"id":2122,"length":62.68,"mcpPosition":[132.489,342.524,1.68909],"pipPosition":[135.434,370.32,-33.69],"stabilizedTipPosition":[137.773,377.899,-72.1767],"timeVisible":0.113088,"tipPosition":[137.801,389.977,-66.6465],"tipVelocity":[70.8832,1053.35,-1.87327],"tool":false,"touchDistance":0.333558,"touchZone":"hovering","type":2,"width":18.32},{"bases":[[[-0.976921,-0.206917,0.0530124],[-0.0966228,0.64943,0.754258],[0.190496,-0.731728,0.654435]],[[-0.994936,-0.0840862,-0.0550547],[-0.100018,0.774439,0.624693],[0.00989152,-0.627036,0.778927]],[[-0.994936,-0.0840862,-0.0550547],[-0.0964341,0.953008,0.287186],[-0.0283193,-0.291041,0.956291]],[[-0.994936,-0.0840862,-0.0550547],[-0.0939073,0.972951,0.211064],[-0.035818,-0.215165,0.975921]]],"btipPosition":[112.899,375.508,-66.3658],"carpPosition":[123.454,293.818,47.54],"dipPosition":[112.273,371.747,-49.309],"direction":[0.0283193,0.291041,-0.956291],"extended":true,"handId":212,"id":2123,"length":60.2685,"mcpPosition":[111.952,337.998,8.02683],"pipPosition":[111.539,364.205,-24.5283],"stabilizedTipPosition":[112.727,372.441,-62.447],"timeVisible":0.113088,"tipPosition":[115.308,378.081,-59.3431],"tipVelocity":[-3.68705,1168.31,8.18825],"tool":false,"touchDistance":0.341621,"touchZone":"hovering","type":3,"width":17.4326},{"bases":[[[-0.918824,-0.394657,0.00304101],[-0.230181,0.542126,0.808156],[0.320593,-0.741853,0.588961]],[[-0.961294,-0.25589,-0.102143],[-0.25971,0.717772,0.646029],[0.0919971,-0.647552,0.756448]],[[-0.961294,-0.25589,-0.102143],[-0.267246,0.956161,0.119732],[-0.067027,-0.142395,0.987538]],[[-0.961294,-0.25589,-0.102143],[-0.252476,0.966543,-0.0452784],[-0.110312,0.0177372,0.993739]]],"btipPosition":[93.3466,353.442,-47.5613],"carpPosition":[111.303,288.242,44.4674],"dipPosition":[91.5679,353.728,-31.5384],"direction":[0.067027,0.142395,-0.987538],"extended":true,"handId":212,"id":2124,"length":47.2494,"mcpPosition":[93.3845,329.705,11.5499],"pipPosition":[90.3416,351.123,-13.4705],"stabilizedTipPosition":[93.0802,350.454,-43.827],"timeVisible":0.113088,"tipPosition":[94.437,360.777,-40.4317],"tipVelocity":[-60.3201,1095.32,-8.2893],"tool":false,"touchDistance":0.62999,"touchZone":"hovering","type":4,"width":15.485}],"r":[[0.835424,0.282454,0.471472],[-0.384107,0.913619,0.133278],[-0.393101,-0.292439,0.871752]],"s":0.839332,"t":[5.05929,91.8458,7.99478],"timestamp":258857704947},{"currentFrameRate":37.242,"devices":[],"gestures":[],"hands":[{"armBasis":[[-0.963011,-0.102869,0.249052],[0.122147,0.657196,0.743756],[0.240185,-0.746667,0.620323]],"armWidth":61.4393,"confidence":0.574119,"direction":[-0.0464582,0.831895,-0.552984],"elbow":[189.338,80.9425,220.114],"grabAngle":0.823968,"grabStrength":0,"id":212,"palmNormal":[-0.129269,-0.553934,-0.822464],"palmPosition":[128.15,332.545,13.1999],"palmVelocity":[-199.712,1118.14,87.8177],"palmWidth":87.7035,"pinchDistance":44.5562,"pinchStrength":0.320155,"r":[[0.799141,0.290654,0.526208],[-0.418438,0.897425,0.139775],[-0.431606,-0.331886,0.83879]],"s":0.819753,"sphereCenter":[123.117,295.2,-66.0184],"sphereRadius":87.0502,"stabilizedPalmPosition":[128.455,330.662,13.0702],"t":[3.78169,105.8,8.72495],"timeVisible":0.124078,"type":"left","wrist":[126.831,275.261,58.6764]}],"id":135785,"interactionBox":{"center":[0,200,0],"size":[235.247,235.247,147.751]},"pointables":[{"bases":[[[-0.292027,0.671172,0.681357],[0.873107,-0.103711,0.47637],[-0.390391,-0.734011,0.555719]],[[-0.201038,0.813579,0.545594],[0.955965,0.0413786,0.290548],[-0.213808,-0.57998,0.786072]],[[-0.201038,0.813579,0.545594],[0.958001,0.27956,-0.0638744],[0.204493,-0.509838,0.835612]],[[-0.201038,0.813579,0.545594],[0.86293,0.410683,-0.294434],[0.463612,-0.411616,0.784625]]],"btipPosition":[143.469,335.549,-45.6637],"carpPosition":[149.854,282.371,35.9864],"dipPosition":[153.619,326.538,-28.4863],"direction":[-0.204493,0.509838,-0.835612],"extended":false,"