{"frames":369,"data":[{"currentFrameRate":16.3832,"devices":[],"gestures":[],"hands":[],"id":136453,"interactionBox":{"center":[0,200,0],"size":[235.247,235.247,147.751]},"pointables":[],"r":[[-0.962136,-0.269906,0.0380192],[0.215739,-0.839331,-0.498979],[0.166588,-0.471883,0.86578]],"s":0.686793,"t":[505.899,-233.461,348.339],"timestamp":258875243401},{"currentFrameRate":17.8042,"devices":[],"gestures":[],"hands":[],"id":136454,"interactionBox":{"center":[0,200,0],"size":[235.247,235.247,147.751]},"pointables":[],"r":[[-0.962136,-0.269906,0.0380192],[0.215739,-0.839331,-0.498979],[0.166588,-0.471883,0.86578]],"s":0.686793,"t":[505.899,-233.461,348.339],"timestamp":258875285249},{"currentFrameRate":18.9138,"devices":[],"gestures":[],"hands":[],"id":136455,"interactionBox":{"center":[0,200,0],"size":[235.247,235.247,147.751]},"pointables":[],"r":[[-0.962136,-0.269906,0.0380192],[0.215739,-0.839331,-0.498979],[0.166588,-0.471883,0.86578]],"s":0.686793,"t":[505.899,-233.461,348.339],"timestamp":258875327602},{"currentFrameRate":19.8512,"devices":[],"gestures":[],"hands":[],"id":136456,"interactionBox":{"center":[0,200,0],"size":[235.247,235.247,147.751]},"pointables":[],"r":[[-0.962136,-0.269906,0.0380192],[0.215739,-0.839331,-0.498979],[0.166588,-0.471883,0.86578]],"s":0.686793,"t":[505.899,-233.461,348.339],"timestamp":258875369497},{"currentFrameRate":20.5835,"devices":[],"gestures":[],"hands":[],"id":136457,"interactionBox":{"center":[0,200,0],"size":[235.247,235.247,147.751]},"pointables":[],"r":[[-0.962136,-0.269906,0.0380192],[0.215739,-0.839331,-0.498979],[0.166588,-0.471883,0.86578]],"s":0.686793,"t":[505.899,-233.461,348.339],"timestamp":258875411694},{"currentFrameRate":21.215,"devices":[],"gestures":[],"hands":[],"id":136458,"interactionBox":{"center":[0,200,0],"size":[235.247,235.247,147.751]},"pointables":[],"r":[[-0.962136,-0.269906,0.0380192],[0.215739,-0.839331,-0.498979],[0.166588,-0.471883,0.86578]],"s":0.686793,"t":[505.899,-233.461,348.339],"timestamp":258875453481},{"currentFrameRate":21.6701,"devices":[],"gestures":[],"hands":[],"id":136459,"interactionBox":{"center":[0,200,0],"size":[235.247,235.247,147.751]},"pointables":[],"r":[[-0.962136,-0.269906,0.0380192],[0.215739,-0.839331,-0.498979],[0.166588,-0.471883,0.86578]],"s":0.686793,"t":[505.899,-233.461,348.339],"timestamp":258875495858},{"currentFrameRate":22.0994,"devices":[],"gestures":[],"hands":[],"id":136460,"interactionBox":{"center":[0,200,0],"size":[235.247,235.247,147.751]},"pointables":[],"r":[[-0.962136,-0.269906,0.0380192],[0.215739,-0.839331,-0.498979],[0.166588,-0.471883,0.86578]],"s":0.686793,"t":[505.899,-233.461,348.339],"timestamp":258875537616},{"currentFrameRate":22.4211,"devices":[],"gestures":[],"hands":[],"id":136461,"interactionBox":{"center":[0,200,0],"size":[235.247,235.247,147.751]},"pointables":[],"r":[[-0.962136,-0.269906,0.0380192],[0.215739,-0.839331,-0.498979],[0.166588,-0.471883,0.86578]],"s":0.686793,"t":[505.899,-233.461,348.339],"timestamp":258875579639},{"currentFrameRate":22.6724,"devices":[],"gestures":[],"hands":[{"armBasis":[[-0.706553,0.441372,0.553149],[0.561123,0.825706,0.0578865],[0.431189,-0.351284,0.831069]],"armWidth":61.4185,"confidence":0,"direction":[-0.179665,0.675128,-0.715488],"elbow":[235.873,63.9979,270.952],"grabAngle":0,"grabStrength":0,"id":214,"palmNormal":[-0.698815,-0.599499,-0.390204],"palmPosition":[109.975,195.84,-4.93337],"palmVelocity":[1.19209e-7,1.19209e-7,1.19209e-7],"palmWidth":87.7035,"pinchDistance":64.7378,"pinchStrength":0,"r":[[1,2.77556e-18,-5.55112e-18],[-2.77556e-18,1,-2.22045e-17],[5.55112e-18,2.22045e-17,1]],"s":1,"sphereCenter":[128.156,280.348,11.1718],"sphereRadius":85.834,"stabilizedPalmPosition":[109.975,195.84,-4.93337],"t":[0,0,0],"timeVisible":0,"type":"left","wrist":[123.657,155.419,54.6678]}],"id":136462,"interactionBox":{"center":[0,200,0],"size":[235.247,235.247,147.751]},"pointables":[{"bases":[[[0.311372,0.840933,0.442583],[0.939853,-0.341345,-0.0126421],[-0.140442,-0.419899,0.896639]],[[0.255405,0.677689,0.689569],[0.832265,-0.517078,0.199912],[-0.492039,-0.522846,0.696082]],[[0.255405,0.677689,0.689569],[0.966151,-0.205699,-0.155692],[-0.0363328,-0.705992,0.707287]],[[0.255405,0.677689,0.689569],[0.918234,0.05326,-0.392442],[0.30268,-0.733417,0.608674]]],"btipPosition":[147.533,210.978,-49.9024],"carpPosition":[129.492,146.075,20.5644],"dipPosition":[154.361,194.433,-36.1717],"direction":[0.0363328,0.705992,-0.707287],"extended":true,"handId":214,"id":2140,"length":50.234,"mcpPosition":[129.492,146.075,20.5644],"pipPosition":[153.167,171.231,-12.9274],"stabilizedTipPosition":[149.103,207.172,-46.7443],"timeVisible":0,"tipPosition":[149.103,207.172,-46.7443],"tipVelocity":[1.19209e-7,1.19209e-7,1.19209e-7],"tool":false,"touchDistance":0.832169,"touchZone":"hovering","type":0,"width":19.5186},{"bases":[[[-0.807666,-0.00479442,0.589621],[0.407681,0.717902,0.564281],[0.425995,-0.696128,0.577871]],[[-0.897483,0.20114,0.392514],[0.437801,0.514092,0.737591],[0.0534295,-0.833818,0.549448]],[[-0.897483,0.20114,0.392514],[0.426375,0.623332,0.655486],[0.112822,-0.755646,0.645191]],[[-0.897483,0.20114,0.392514],[0.426375,0.623332,0.655486],[0.112822,-0.755646,0.645191]]],"btipPosition":[76.8633,273.71,-32.4711],"carpPosition":[106.495,179.584,41.4356],"dipPosition":[78.7378,261.155,-21.7518],"direction":[-0.112822,0.755646,-0.645191],"extended":true,"handId":214,"id":2144,"length":48.6863,"mcpPosition":[82.6857,218.491,9.13792],"pipPosition":[80.8647,246.909,-9.5884],"stabilizedTipPosition":[77.2944,270.822,-30.0057],"timeVisible":0,"tipPosition":[77.2944,270.822,-30.0057],"tipVelocity":[1.19209e-7,1.19209e-7,1.19209e-7],"tool":false,"touchDistance":1,"touchZone":"none","type":4,"width":15.4775},{"bases":[[[-0.712709,0.53714,0.451139],[0.682055,0.680886,0.266825],[0.163853,-0.49787,0.851632]],[[-0.656048,0.408479,0.634623],[0.733502,0.543071,0.408715],[0.177694,-0.733634,0.655901]],[[-0.656048,0.408479,0.634623],[0.733502,0.543071,0.408715],[0.177694,-0.733634,0.655901]],[[-0.656048,0.408479,0.634623],[0.721794,0.585239,0.36947],[0.220486,-0.700457,0.678783]]],"btipPosition":[108.679,261.991,-88.9677],"carpPosition":[135.427,167.679,25.0441],"dipPosition":[112.31,250.456,-77.7892],"direction":[-0.177694,0.733634,-0.655901],"extended":true,"handId":214,"id":2141,"length":56.6834,"mcpPosition":[123.808,202.984,-35.3472],"pipPosition":[116.45,233.364,-62.5084],"stabilizedTipPosition":[109.514,259.338,-86.3967],"timeVisible":0,"tipPosition":[109.514,259.338,-86.3967],"tipVelocity":[1.19209e-7,1.19209e-7,1.19209e-7],"tool":false,"touchDistance":0.226722,"touchZone":"hovering","type":1,"width":18.6442},{"bases":[[[-0.78978,0.34094,0.509909],[0.555175,0.750798,0.357886],[0.260821,-0.56574,0.782247]],[[-0.802963,0.371623,0.465989],[0.585172,0.640067,0.497883],[0.113239,-0.672466,0.731414]],[[-0.802963,0.371623,0.465989],[0.585172,0.640067,0.497883],[0.113239,-0.672466,0.731414]],[[-0.802963,0.371623,0.465989],[0.585172,0.640067,0.497883],[0.113239,-0.672466,0.731414]]],"btipPosition":[100.13,275.285,-89.5864],"carpPosition":[128.086,175.385,30.2951],"dipPosition":[102.181,263.104,-76.3381],"direction":[-0.113239,0.672466,-0.731414],"extended":true,"handId":214,"id":2142,"length":64.5862,"mcpPosition":[110.546,213.43,-22.3095],"pipPosition":[105.285,244.672,-56.2906],"stabilizedTipPosition":[100.602,272.483,-86.5393],"timeVisible":0,"tipPosition":[100.602,272.483,-86.5393],"tipVelocity":[1.19209e-7,1.19209e-7,1.19209e-7],"tool":false,"touchDistance":0.224345,"touchZone":"hovering","type":2,"width":18.311},{"bases":[[[-0.782379,0.196396,0.591026],[0.505362,0.754821,0.418156],[0.363994,-0.625839,0.689807]],[[-0.849923,0.351659,0.392386],[0.52424,0.639207,0.56266],[0.0529512,-0.683922,0.727631]],[[-0.849923,0.351659,0.392386],[0.52424,0.639207,0.56266],[0.0529512,-0.683922,0.727631]],[[-0.849923,0.351659,0.392386],[0.52424,0.639207,0.56266],[0.0529512,-0.683922,0.727631]]],"btipPosition":[92.43,278.32,-69.5221],"carpPosition":[119.055,180.501,35.9955],"dipPosition":[93.3836,266.003,-56.4181],"direction":[-0.0529512,0.683922,-0.727631],"extended":true,"handId":214,"id":2143,"length":62.1014,"mcpPosition":[97.0779,218.288,-5.65332],"pipPosition":[94.7975,247.742,-36.9893],"stabilizedTipPosition":[92.6493,275.487,-66.5082],"timeVisible":0,"tipPosition":[92.6493,275.487,-66.5082],"tipVelocity":[1.19209e-7,1.19209e-7,1.19209e-7],"tool":false,"touchDistance":0.53571,"touchZone":"hovering","type":3,"width":17.4241}],"r":[[1,2.77556e-18,-5.55112e-18],[-2.77556e-18,1,-2.22045e-17],[5.55112e-18,2.22045e-17,1]],"s":1,"t":[0,0,0],"timestamp":258875621754},{"currentFrameRate":22.8777,"devices":[],"gestures":[],"hands":[{"armBasis":[[-0.932378,0.0443409,0.358755],[0.173808,0.925189,0.337365],[0.316957,-0.376907,0.870333]],"armWidth":61.4393,"confidence":0.218213,"direction":[-0.19821,0.718569,-0.666612],"elbow":[202.466,65.8432,277.718],"grabAngle":0.511496,"grabStrength":0,"id":214,"palmNormal":[-0.27806,-0.693387,-0.664753],"palmPosition":[109.928,209.71,-5.08245],"palmVelocity":[-1.11737,329.467,-3.5412],"palmWidth":87.7035,"pinchDistance":56.938,"pinchStrength":0,"r":[[0.995323,0.0649192,0.071541],[-0.0664724,0.997597,0.0195462],[-0.0701002,-0.0242103,0.997246]],"s":0.985235,"sphereCenter":[110.776,184.965,-75.6708],"sphereRadius":83.2607,"stabilizedPalmPosition":[109.942,205.442,-5.03657],"t":[-0.0235201,6.93512,-0.0745405],"timeVisible":0.042099,"type":"left","wrist":[119.979,163.932,51.216]}],"id":136463,"interactionBox":{"center":[0,200,0],"size":[235.247,235.247,147.751]},"pointables":[{"bases":[[[-0.168183,0.781968,0.600201],[0.958125,-0.0134742,0.286032],[-0.231755,-0.623173,0.746957]],[[-0.196941,0.694123,0.692392],[0.906133,-0.140787,0.398875],[-0.374349,-0.705954,0.601241]],[[-0.196941,0.694123,0.692392],[0.980382,0.145264,0.133228],[0.00810247,-0.705047,0.709114]],[[-0.196941,0.694123,0.692392],[0.949195,0.311792,-0.0425872],[0.245443,-0.648829,0.720263]]],"btipPosition":[150.462,235.187,-46.4413],"carpPosition":[138.082,164.529,20.8721],"dipPosition":[155.836,220.983,-30.673],"direction":[-0.00810247,0.705047,-0.709114],"extended":true,"handId":214,"id":2140,"length":48.7514,"mcpPosition":[138.082,164.529,20.8721],"pipPosition":[156.094,198.496,-8.05636],"stabilizedTipPosition":[151.621,231.181,-42.9319],"timeVisible":0.042099,"tipPosition":[151.993,235.508,-37.7473],"tipVelocity":[61.6442,587.85,93.3445],"tool":false,"touchDistance":0.841231,"touchZone":"hovering","type":0,"width":19.5281},{"bases":[[[-0.935887,-0.193217,0.294588],[0.0418118,0.769358,0.637448],[0.34981,-0.608897,0.711954]],[[-0.996277,-0.016041,0.0847087],[0.0603551,0.571848,0.818137],[0.0615642,-0.820203,0.56875]],[[-0.996277,-0.016041,0.0847087],[0.030183,0.855462,0.516985],[0.0807581,-0.517616,0.851793]],[[-0.996277,-0.016041,0.0847087],[0.0125895,0.944938,0.327007],[0.08529,-0.326856,0.941218]]],"btipPosition":[84.2933,279.902,-70.4738],"carpPosition":[111.57,189.732,34.806],"dipPosition":[85.7839,274.19,-54.0236],"direction":[-0.0807581,0.517616,-0.851793],"extended":true,"handId":214,"id":2143,"length":60.2685,"mcpPosition":[90.4497,226.496,-8.17999],"pipPosition":[87.8766,260.776,-31.9508],"stabilizedTipPosition":[89.867,276.564,-66.5714],"timeVisible":0.042099,"tipPosition":[84.0169,283.999,-64.2222],"tipVelocity":[-190.342,73.6609,-4.32471],"tool":false,"touchDistance":0.512741,"touchZone":"hovering","type":3,"width":17.4326},{"bases":[[[-0.883068,-0.386838,0.265607],[-0.0735223,0.673103,0.735885],[0.46345,-0.630309,0.622837]],[[-0.980586,-0.183292,0.0696837],[-0.051818,0.584943,0.809417],[0.189121,-0.790092,0.583085]],[[-0.980586,-0.183292,0.0696837],[-0.108186,0.802076,0.587341],[0.163546,-0.568399,0.806334]],[[-0.980586,-0.183292,0.0696837],[-0.136073,0.891918,0.431237],[0.141194,-0.413383,0.899543]]],"btipPosition":[61.8214,262.157,-47.9708],"carpPosition":[99.2482,183.731,35.383],"dipPosition":[64.098,255.492,-33.4667],"direction":[-0.163546,0.568399,-0.806334],"extended":true,"handId":214,"id":2144,"length":47.2494,"mcpPosition":[73.3456,218.959,0.572182],"pipPosition":[67.0902,245.092,-18.714],"stabilizedTipPosition":[67.8714,264.394,-39.2268],"timeVisible":0.042099,"tipPosition":[61.7653,265.294,-40.5101],"tipVelocity":[-355.102,-242.237,-347.495],"tool":false,"touchDistance":0.788819,"touchZone":"hovering","type":4,"width":15.485},{"bases":[[[-0.959828,0.173485,0.220528],[0.269408,0.789461,0.551517],[0.0784181,-0.588774,0.804485]],[[-0.912029,0.0252659,0.409346],[0.240877,0.840812,0.484782],[0.331934,-0.540737,0.772931]],[[-0.912029,0.0252659,0.409346],[0.240877,0.840812,0.484782],[0.331934,-0.540737,0.772931]],[[-0.912029,0.0252659,0.409346],[-0.0547084,0.981686,-0.182483],[0.406459,0.188825,0.893944]]],"btipPosition":[101.07,258.116,-90.7269],"carpPosition":[133.972,185.425,29.1471],"dipPosition":[107.566,261.134,-76.4395],"direction":[-0.331934,0.540737,-0.772931],"extended":true,"handId":214,"id":2141,"length":55.0105,"mcpPosition":[128.411,227.177,-27.9008],"pipPosition":[115.071,248.908,-58.9637],"stabilizedTipPosition":[107.867,259.213,-86.6442],"timeVisible":0.042099,"tipPosition":[103.979,263.944,-85.0929],"tipVelocity":[-165.081,-12.5351,-24.8017],"tool":false,"touchDistance":0.217218,"touchZone":"hovering","type":1,"width":18.6532},{"bases":[[[-0.972179,-0.0447979,0.229916],[0.104915,0.794307,0.598389],[0.209431,-0.605863,0.767508]],[[-0.987713,0.0131433,0.155728],[0.105636,0.790497,0.603287],[0.115174,-0.612324,0.782173]],[[-0.987713,0.0131433,0.155728],[0.0752609,0.913304,0.400263],[0.136966,-0.407065,0.903071]],[[-0.987713,0.0131433,0.155728],[0.0436197,0.980042,0.193945],[0.150071,-0.198355,0.968573]]],"btipPosition":[97.5421,271.759,-95.744],"carpPosition":[123.1,189.092,32.1845],"dipPosition":[100.18,268.272,-78.7178],"direction":[-0.136966,0.407065,-0.903071],"extended":true,"handId":214,"id":2142,"length":62.68,"mcpPosition":[109.017,229.835,-19.429],"pipPosition":[103.824,257.444,-54.6958],"stabilizedTipPosition":[100.572,272.465,-86.6029],"timeVisible":0.042099,"tipPosition":[97.9566,276.052,-88.7216],"tipVelocity":[-58.2618,-36.2615,-125.624],"tool":false,"touchDistance":0.136201,"touchZone":"hovering","type":2,"width":18.32}],"r":[[0.995323,0.0649192,0.071541],[-0.0664724,0.997597,0.0195462],[-0.0701002,-0.0242103,0.997246]],"s":0.985235,"t":[-0.0235201,6.93512,-0.0745405],"timestamp":258875663853},{"currentFrameRate":24.0192,"devices":[],"gestures":[],"hands":[{"armBasis":[[-0.965436,-0.114672,0.234061],[0.0314761,0.840151,0.541439],[0.258734,-0.530092,0.807502]],"armWidth":61.4393,"confidence":0.375732,"direction":[-0.0354975,0.836917,-0.546178],"elbow":[187.132,68.3051,250.63],"grabAngle":0.770236,"grabStrength":0,"id":214,"palmNormal":[-0.0502315,-0.547326,-0.835411],"palmPosition":[121.926,262.183,-6.36042],"palmVelocity":[364.725,1595.05,-38.8478],"palmWidth":87.7035,"pinchDistance":47.2421,"pinchStrength":0.222029,"r":[[0.975948,0.109981,0.188229],[-0.124321,0.990037,0.0661194],[-0.179082,-0.0879299,0.979897]],"s":0.948968,"sphereCenter":[117.134,212.615,-99.2782],"sphereRadius":105.095,"stabilizedPalmPosition":[121.757,261.38,-6.34169],"t":[5.96389,36.6388,-0.750798],"timeVisible":0.074996,"type":"left","wrist":[119.797,206.26,40.4793]}],"id":136464,"interactionBox":{"center":[0,200,0],"size":[235.247,235.247,147.751]},"pointables":[{"bases":[[[-0.363634,0.651959,0.665372],[0.839588,-0.0800608,0.537292],[-0.403563,-0.754015,0.518264]],[[-0.268826,0.798242,0.53902],[0.942267,0.101945,0.318966],[-0.199662,-0.593648,0.779562]],[[-0.268826,0.798242,0.53902],[0.956136,0.288756,0.0492338],[0.116345,-0.528612,0.840853]],[[-0.268826,0.798242,0.53902],[0.926472,0.367337,-0.0819322],[0.263404,-0.477362,0.838298]]],"btipPosition":[143.799,268.36,-65.265],"carpPosition":[143.67,212.487,17.4141],"dipPosition":[149.566,257.91,-46.9126],"direction":[-0.116345,0.528612,-0.840853],"extended":false,"handId":214,"id":2140,"length":48.7514,"mcpPosition":[143.67,212.487,17.4141],"pipPosition":[153.277,241.05,-20.0943],"stabilizedTipPosition":[145.567,263.594,-59.8136],"timeVisible":0.074996,"tipPosition":[147.592,268.646,-57.043],"tipVelocity":[-199.793,1034.64,-554.135],"tool":false,"touchDistance":0.517001,"touchZone":"hovering","type":0,"width":19.5281},{"bases":[[[-0.989897,0.138332,-0.0311086],[0.0693443,0.663712,0.744767],[-0.123672,-0.735086,0.666599]],[[-0.990267,0.136108,-0.0290923],[0.100615,0.844477,0.526057],[-0.0961682,-0.51801,0.849952]],[[-0.990267,0.136108,-0.0290923],[0.12208,0.949785,0.288104],[-0.0668447,-0.281749,0.957157]],[[-0.990267,0.136108,-0.0290923],[0.130729,0.981311,0.141204],[-0.0477676,-0.136027,0.989553]]],"btipPosition":[151.401,312.906,-90.8812],"carpPosition":[136.491,231.417,28.0037],"dipPosition":[150.637,310.732,-75.0657],"direction":[0.0668447,0.281749,-0.957157],"extended":true,"handId":214,"id":2141,"length":55.0105,"mcpPosition":[145.261,283.544,-19.2664],"pipPosition":[149.126,304.362,-53.4246],"stabilizedTipPosition":[150.514,311.533,-87.2338],"timeVisible":0.074996,"tipPosition":[147.053,317.574,-83.2785],"tipVelocity":[1479.19,1629.2,5.99318],"tool":false,"touchDistance":0.333333,"touchZone":"hovering","type":1,"width":18.6532},{"bases":[[[-0.994725,-0.0774399,-0.0672684],[-0.10174,0.661244,0.74324],[0.0130756,-0.746163,0.665634]],[[-0.992004,-0.0113538,-0.125691],[-0.0867022,0.785018,0.613376],[-0.0917057,-0.619369,0.779726]],[[-0.992004,-0.0113538,-0.125691],[-0.0639229,0.903942,0.42285],[-0.108817,-0.427504,0.897441]],[[-0.992004,-0.0113538,-0.125691],[-0.0455821,0.960948,0.272948],[-0.117684,-0.276495,0.953782]]],"btipPosition":[133.272,328.884,-92.0755],"carpPosition":[125.053,234.548,28.482],"dipPosition":[131.203,324.024,-75.3093],"direction":[0.108817,0.427504,-0.897441],"extended":true,"handId":214,"id":2142,"length":62.68,"mcpPosition":[124.174,284.726,-16.2806],"pipPosition":[128.309,312.652,-51.4371],"stabilizedTipPosition":[124.351,313.274,-87.7957],"timeVisible":0.074996,"tipPosition":[131.977,334.621,-82.8567],"tipVelocity":[1053.2,1726.9,109.696],"tool":false,"touchDistance":0.333333,"touchZone":"hovering","type":2,"width":18.32},{"bases":[[[-0.97144,-0.236026,-0.0244175],[-0.17208,0.629898,0.757375],[0.163379,-0.739946,0.652524]],[[-0.985044,-0.116897,-0.126586],[-0.171089,0.750697,0.638109],[-0.0204347,-0.650223,0.759469]],[[-0.985044,-0.116897,-0.126586],[-0.150873,0.940007,0.305979],[-0.0832237,-0.320501,0.943585]],[[-0.985044,-0.116897,-0.126586],[-0.104856,0.989652,-0.0979499],[-0.136726,0.0832116,0.987108]]],"btipPosition":[108.769,313.502,-85.0353],"carpPosition":[113.233,234.799,27.808],"dipPosition":[106.38,314.956,-67.783],"direction":[0.0832237,0.320501,-0.943585],"extended":true,"handId":214,"id":2143,"length":60.2685,"mcpPosition":[103.369,279.475,-11.5897],"pipPosition":[104.223,306.651,-43.3316],"stabilizedTipPosition":[107.642,312.663,-80.6109],"timeVisible":0.074996,"tipPosition":[108.562,319.201,-76.8603],"tipVelocity":[716.887,1071.48,-437.031],"tool":false,"touchDistance":0.333333,"touchZone":"hovering","type":3,"width":17.4326},{"bases":[[[-0.904126,-0.420891,-0.0735333],[-0.305965,0.517656,0.799011],[0.298232,-0.744905,0.596804]],[[-0.944439,-0.270895,-0.186148],[-0.324092,0.673124,0.664732],[0.0547718,-0.688128,0.723519]],[[-0.944439,-0.270895,-0.186148],[-0.322028,0.876036,0.358969],[-0.0658298,-0.398969,0.914598]],[[-0.944439,-0.270895,-0.186148],[-0.292709,0.950809,0.101406],[-0.149521,-0.150259,0.977275]]],"btipPosition":[86.654,303.06,-66.0528],"carpPosition":[101.519,228.943,23.7252],"dipPosition":[84.2431,300.637,-50.2953],"direction":[0.0658298,0.398969,-0.914598],"extended":true,"handId":214,"id":2144,"length":47.2494,"mcpPosition":[84.8503,270.577,-9.63067],"pipPosition":[83.0387,293.337,-33.5619],"stabilizedTipPosition":[83.283,296.614,-58.8436],"timeVisible":0.074996,"tipPosition":[85.2863,308.537,-56.9373],"tipVelocity":[722.086,1273.01,-540.893],"tool":false,"touchDistance":0.476365,"touchZone":"hovering","type":4,"width":15.485}],"r":[[0.975948,0.109981,0.188229],[-0.124321,0.990037,0.0661194],[-0.179082,-0.0879299,0.979897]],"s":0.948968,"t":[5.96389,36.6388,-0.750798],"timestamp":258875696750},{"currentFrameRate":27.2106,"devices":[],"gestures":[],"hands":[{"armBasis":[[-0.96306,-0.0761401,0.258298],[0.089723,0.813658,0.574378],[0.253899,-0.576336,0.77677]],"armWidth":61.4393,"confidence":0.437942,"direction":[-0.0126987,0.852241,-0.522996],"elbow":[184.495,66.4919,239.635],"grabAngle":0.793393,"grabStrength":0,"id":214,"palmNormal":[-0.102933,-0.521373,-0.847098],"palmPosition":[121.789,273.609,-7.83968],"palmVelocity":[-9.6623,806.861,-104.46],"palmWidth":87.7035,"pinchDistance":40.1016,"pinchStrength":0.447041,"r":[[0.952443,0.129862,0.275659],[-0.163737,0.981053,0.103566],[-0.256987,-0.143776,0.95566]],"s":0.933785,"sphereCenter":[116.056,231.824,-95.4565],"sphereRadius":96.6329,"stabilizedPalmPosition":[121.785,272.054,-7.64924],"t":[8.88918,57.2037,-1.82856],"timeVisible":0.089157,"type":"left","wrist":[118.418,216.482,37.4821]}],"id":136465,"interactionBox":{"center":[0,200,0],"size":[235.247,235.247,147.751]},"pointables":[{"bases":[[[-0.310639,0.649964,0.693578],[0.851443,-0.134102,0.507013],[-0.42255,-0.74804,0.51175]],[[-0.213,0.795009,0.567972],[0.955721,0.0487235,0.290212],[-0.203048,-0.604638,0.770185]],[[-0.213,0.795009,0.567972],[0.967264,0.253656,0.0076901],[0.137956,-0.551017,0.823012]],[[-0.213,0.795009,0.567972],[0.938201,0.328718,-0.108275],[0.272782,-0.509809,0.815895]]],"btipPosition":[141.269,280.142,-67.2515],"carpPosition":[141.872,222.315,13.9169],"dipPosition":[147.241,268.981,-49.3895],"direction":[-0.137956,0.551017,-0.823012],"extended":false,"handId":214,"id":2140,"length":48.7514,"mcpPosition":[141.872,222.315,13.9169],"pipPosition":[151.641,251.407,-23.1403],"stabilizedTipPosition":[143.392,273.991,-62.2897],"timeVisible":0.089157,"tipPosition":[145.94,280.104,-59.3572],"tipVelocity":[-175.324,820.451,-148.245],"tool":false,"touchDistance":0.467144,"touchZone":"hovering","type":0,"width":19.5281},{"bases":[[[-0.98262,0.185558,0.00519334],[0.12471,0.639159,0.758896],[-0.1375,-0.746354,0.651191]],[[-0.97786,0.208714,-0.0150915],[0.174623,0.853623,0.490749],[-0.115309,-0.477248,0.87117]],[[-0.97786,0.208714,-0.0150915],[0.208444,0.977874,0.0176822],[-0.0184481,-0.014145,0.99973]],[[-0.97786,0.208714,-0.0150915],[0.208697,0.967415,-0.143366],[0.0153227,0.143341,0.989555]]],"btipPosition":[150.505,311.401,-94.3862],"carpPosition":[135.949,241.266,25.2215],"dipPosition":[150.75,313.692,-78.5707],"direction":[0.0184481,0.014145,-0.99973],"extended":true,"handId":214,"id":2141,"length":55.0105,"mcpPosition":[145.699,294.192,-20.956],"pipPosition":[150.333,313.372,-55.967],"stabilizedTipPosition":[150.541,311.758,-89.2376],"timeVisible":0.089157,"tipPosition":[148.785,321.075,-87.3497],"tipVelocity":[-46.8584,-33.7888,-247.509],"tool":false,"touchDistance":0.274917,"touchZone":"hovering","type":1,"width":18.6532},{"bases":[[[-0.998928,-0.0286813,-0.0363259],[-0.0462582,0.644787,0.762961],[-0.0015398,-0.763824,0.645423]],[[-0.988971,0.0780167,-0.125894],[-0.0136714,0.7983,0.602105],[-0.147475,-0.597186,0.788429]],[[-0.988971,0.0780167,-0.125894],[0.040947,0.96091,0.273815],[-0.142335,-0.26564,0.953507]],[[-0.988971,0.0780167,-0.125894],[0.0573377,0.985411,0.16024],[-0.136559,-0.151254,0.979017]]],"btipPosition":[137.634,332.934,-95.3678],"carpPosition":[124.694,244.917,26.1579],"dipPosition":[135.234,330.275,-78.158],"direction":[0.142335,0.26564,-0.953507],"extended":true,"handId":214,"id":2142,"length":62.68,"mcpPosition":[124.798,296.283,-17.2455],"pipPosition":[131.447,323.209,-52.7944],"stabilizedTipPosition":[130.426,322.363,-89.5201],"timeVisible":0.089157,"tipPosition":[134.622,341.202,-86.3534],"tipVelocity":[302.659,321.748,-225.287],"tool":false,"touchDistance":0.295048,"touchZone":"hovering","type":2,"width":18.32},{"bases":[[[-0.981919,-0.189296,0.00163811],[-0.117534,0.616413,0.778602],[0.148396,-0.764331,0.627516]],[[-0.993059,-0.0694745,-0.0949055],[-0.114366,0.758763,0.641248],[-0.0274605,-0.647651,0.761442]],[[-0.993059,-0.0694745,-0.0949055],[-0.102971,0.903482,0.416073],[-0.056839,-0.422958,0.904365]],[[-0.993059,-0.0694745,-0.0949055],[-0.0813778,0.988438,0.127935],[-0.0849201,-0.13477,0.987231]]],"btipPosition":[108.03,332.276,-84.5201],"carpPosition":[112.885,245.743,25.8816],"dipPosition":[106.546,329.92,-67.2657],"direction":[0.056839,0.422958,-0.904365],"extended":true,"handId":214,"id":2143,"length":60.2685,"mcpPosition":[103.925,291.892,-12.0062],"pipPosition":[105.073,318.96,-43.8305],"stabilizedTipPosition":[107.68,328.398,-80.562],"timeVisible":0.089157,"tipPosition":[108.672,332.805,-77.2579],"tipVelocity":[-37.4974,1263.84,36.4151],"tool":false,"touchDistance":0.341068,"touchZone":"hovering","type":3,"width":17.4326},{"bases":[[[-0.925136,-0.375717,-0.054415],[-0.255252,0.509502,0.821739],[0.281016,-0.774109,0.567261]],[[-0.956216,-0.258872,-0.136517],[-0.27547,0.638604,0.718541],[0.0988299,-0.724687,0.681954]],[[-0.956216,-0.258872,-0.136517],[-0.292114,0.815684,0.499329],[0.0179076,-0.517344,0.85559]],[[-0.956216,-0.258872,-0.136517],[-0.288324,0.913294,0.287685],[-0.0502064,-0.31445,0.947945]]],"btipPosition":[82.2861,322.33,-63.1606],"carpPosition":[100.779,240.559,22.0389],"dipPosition":[81.4766,317.259,-47.876],"direction":[-0.0179076,0.517344,-0.85559],"extended":true,"handId":214,"id":2144,"length":47.2494,"mcpPosition":[85.0731,283.824,-9.66577],"pipPosition":[81.8042,307.794,-32.2222],"stabilizedTipPosition":[82.5326,312.185,-59.352],"timeVisible":0.089157,"tipPosition":[84.7044,322.446,-57.0736],"tipVelocity":[-282.435,1317.77,196.557],"tool":false,"touchDistance":0.503813,"touchZone":"hovering","type":4,"width":15.485}],"r":[[0.952443,0.129862,0.275659],[-0.163737,0.981053,0.103566],[-0.256987,-0.143776,0.95566]],"s":0.933785,"t":[8.88918,57.2037,-1.82856],"timestamp":258875710911},{"currentFrameRate":30.128,"devices":[],"gestures":[],"hands":[{"armBasis":[[-0.961309,-0.086099,0.261671],[0.0906983,0.798014,0.595775],[0.260113,-0.596457,0.759329]],"armWidth":61.4393,"confidence":0.497765,"direction":[0.0245406,0.859036,-0.511327],"elbow":[182.971,74.3153,232.453],"grabAngle":0.96354,"grabStrength":0,"id":214,"palmNormal":[-0.0880116,-0.507638,-0.857063],"palmPosition":[120.985,287.224,-9.39926],"palmVelocity":[-55.2617,935.787,-107.187],"palmWidth":87.7035,"pinchDistance":36.4214,"pinchStrength":0.627035,"r":[[0.926401,0.136373,0.350974],[-0.193154,0.97224,0.132063],[-0.323221,-0.190136,0.927025]],"s":0.917774,"sphereCenter":[121.245,256.406,-86.5433],"sphereRadius":82.1863,"stabilizedPalmPosition":[121.06,285.806,-9.23568],"t":[9.9498,74.2939,-3.14722],"timeVisible":0.103707,"type":"left","wrist":[115.278,229.542,34.8394]}],"id":136466,"interactionBox":{"center":[0,200,0],"size":[235.247,235.247,147.751]},"pointables":[{"bases":[[[-0.317205,0.648244,0.692214],[0.83121,-0.161373,0.532023],[-0.456585,-0.744136,0.487638]],[[-0.211191,0.793565,0.57066],[0.948752,0.0260081,0.314949],[-0.235091,-0.60793,0.758389]],[[-0.211191,0.793565,0.57066],[0.970652,0.238979,0.0268947],[0.115033,-0.559593,0.820746]],[[-0.211191,0.793565,0.57066],[0.917508,0.362245,-0.164187],[0.337012,-0.488911,0.804605]]],"btipPosition":[139.388,292.98,-68.0041],"carpPosition":[139.124,235.178,12.2772],"dipPosition":[146.766,282.276,-50.3893],"direction":[-0.115033,0.559593,-0.820746],"extended":false,"handId":214,"id":2140,"length":48.7514,"mcpPosition":[139.124,235.178,12.2772],"pipPosition":[150.435,264.429,-24.2124],"stabilizedTipPosition":[141.525,287.369,-63.6358],"timeVisible":0.103707,"tipPosition":[146.002,293.279,-60.6501],"tipVelocity":[-107.047,889.541,-55.6345],"tool":false,"touchDistance":0.441621,"touchZone":"hovering","type":0,"width":19.5281},{"bases":[[[-0.97756,0.209332,-0.0236019],[0.115429,0.625998,0.771234],[-0.176219,-0.751203,0.636114]],[[-0.969181,0.24109,-0.0506333],[0.188299,0.857513,0.478764],[-0.158844,-0.454475,0.876482]],[[-0.969181,0.24109,-0.0506333],[0.246209,0.954888,-0.166044],[-0.00831747,0.173393,0.984818]],[[-0.969181,0.24109,-0.0506333],[0.235587,0.846964,-0.476603],[0.0720196,0.473843,0.877659]]],"btipPosition":[151.211,314.16,-92.9789],"carpPosition":[133.294,254.119,23.6475],"dipPosition":[152.362,321.733,-78.9518],"direction":[0.00831747,-0.173394,-0.984818],"extended":false,"handId":214,"id":2141,"length":55.0105,"mcpPosition":[145.79,307.389,-21.4608],"pipPosition":[152.174,325.654,-56.6853],"stabilizedTipPosition":[151.148,314.45,-89.5722],"timeVisible":0.103707,"tipPosition":[151.579,326.848,-88.3765],"tipVelocity":[62.8384,273.133,68.4498],"tool":false,"touchDistance":0.2987,"touchZone":"hovering","type":1,"width":18.6532},{"bases":[[[-0.997639,-0.00388812,-0.0685721],[-0.0553977,0.635732,0.76992],[-0.0405999,-0.7719,0.634446]],[[-0.983026,0.100349,-0.153591],[-0.0106898,0.804407,0.593982],[-0.183155,-0.585542,0.78968]],[[-0.983026,0.100349,-0.153591],[0.0685586,0.977432,0.199816],[-0.170176,-0.185894,0.967721]],[[-0.983026,0.100349,-0.153591],[0.0878925,0.992422,0.0858671],[-0.161044,-0.0709101,0.984397]]],"btipPosition":[140.453,342.532,-97.042],"carpPosition":[122.106,258.031,24.2747],"dipPosition":[137.622,341.285,-79.7376],"direction":[0.170176,0.185894,-0.967721],"extended":true,"handId":214,"id":2142,"length":62.68,"mcpPosition":[124.837,309.939,-18.3906],"pipPosition":[133.095,336.341,-53.9959],"stabilizedTipPosition":[135.857,333.881,-91.5719],"timeVisible":0.103707,"tipPosition":[138.407,352.254,-88.1258],"tipVelocity":[186.905,681.962,-113.566],"tool":false,"touchDistance":0.306867,"touchZone":"hovering","type":2,"width":18.32},{"bases":[[[-0.985706,-0.16535,-0.0323042],[-0.127799,0.608899,0.782886],[0.10978,-0.775823,0.621327]],[[-0.991371,-0.0552073,-0.118894],[-0.11841,0.76626,0.631526],[-0.0562388,-0.640155,0.766185]],[[-0.991371,-0.0552073,-0.118894],[-0.0901458,0.945605,0.312577],[-0.0951703,-0.320598,0.942422]],[[-0.991371,-0.0552073,-0.118894],[-0.0591737,0.997794,0.03009],[-0.116971,-0.0368657,0.992451]]],"btipPosition":[110.568,341.696,-87.6706],"carpPosition":[110.335,259.147,23.6331],"dipPosition":[108.523,341.052,-70.3249],"direction":[0.0951703,0.320598,-0.942422],"extended":true,"handId":214,"id":2143,"length":60.2685,"mcpPosition":[103.707,305.989,-13.881],"pipPosition":[106.057,332.744,-45.9035],"stabilizedTipPosition":[109.731,339.554,-83.208],"timeVisible":0.103707,"tipPosition":[111.134,345.936,-79.8491],"tipVelocity":[165.573,674.528,-215.082],"tool":false,"touchDistance":0.313806,"touchZone":"hovering","type":3,"width":17.4326},{"bases":[[[-0.931618,-0.352352,-0.0890836],[-0.269352,0.504818,0.820127],[0.244002,-0.78804,0.565204]],[[-0.953907,-0.256869,-0.155177],[-0.285843,0.620196,0.730514],[0.0914064,-0.741199,0.665033]],[[-0.953907,-0.256869,-0.155177],[-0.299516,0.847199,0.438798],[-0.018752,-0.465051,0.885086]],[[-0.953907,-0.256869,-0.155177],[-0.283583,0.94073,0.186029],[-0.0981945,-0.22146,0.970213]]],"btipPosition":[83.5047,334.949,-66.0886],"carpPosition":[98.2392,254.309,19.3349],"dipPosition":[81.9214,331.378,-50.445],"direction":[0.018752,0.465051,-0.885086],"extended":true,"handId":214,"id":2144,"length":47.2494,"mcpPosition":[84.6017,298.353,-12.2548],"pipPosition":[81.5783,322.869,-34.2515],"stabilizedTipPosition":[82.9625,327.7,-61.5712],"timeVisible":0.103707,"tipPosition":[86.1527,337.068,-59.6197],"tipVelocity":[71.521,890.994,-195.564],"tool":false,"touchDistance":0.444083,"touchZone":"hovering","type":4,"width":15.485}],"r":[[0.926401,0.136373,0.350974],[-0.193154,0.97224,0.132063],[-0.323221,-0.190136,0.927025]],"s":0.917774,"t":[9.9498,74.2939,-3.14722],"timestamp":258875725461},{"currentFrameRate":32.8498,"devices":[],"gestures":[],"hands":[{"armBasis":[[-0.957514,-0.0824505,0.276347],[0.106983,0.788324,0.605888],[0.267807,-0.609711,0.746011]],"armWidth":61.4393,"confidence":0.552951,"direction":[0.059761,0.863213,-0.501291],"elbow":[182.037,85.0008,227.976],"grabAngle":1.09899,"grabStrength":0.10033,"id":214,"palmNormal":[-0.0910324,-0.495383,-0.863892],"palmPosition":[120.144,301.626,-9.59824],"palmVelocity":[-58.0722,994.462,-13.74],"palmWidth":87.7035,"pinchDistance":34.5116,"pinchStrength":0.706511,"r":[[0.901153,0.132062,0.412896],[-0.212152,0.964964,0.154388],[-0.378041,-0.226724,0.897598]],"s":0.900227,"sphereCenter":[120.209,276.572,-81.1712],"sphereRadius":74.6293,"stabilizedPalmPosition":[120.209,300.506,-9.57258],"t":[10.0596,90.04,-3.90605],"timeVisible":0.118189,"type":"left","wrist":[112.34,243.677,33.8279]}],"id":136467,"interactionBox":{"center":[0,200,0],"size":[235.247,235.247,147.751]},"pointables":[{"bases":[[[-0.306921,0.650662,0.694578],[0.817396,-0.193614,0.542565],[-0.487507,-0.73427,0.472425]],[[-0.182428,0.806361,0.562585],[0.944022,-0.0163011,0.32948],[-0.274851,-0.591199,0.758249]],[[-0.182428,0.806361,0.562585],[0.980408,0.192424,0.0421097],[0.0742993,-0.559244,0.825667]],[[-0.182428,0.806361,0.562585],[0.90548,0.360775,-0.223487],[0.383178,-0.468639,0.79596]]],"btipPosition":[138.745,305.338,-68.4769],"carpPosition":[136.279,248.797,11.7654],"dipPosition":[147.134,295.079,-51.0514],"direction":[-0.0742993,0.559244,-0.825667],"extended":false,"handId":214,"id":2140,"length":48.7514,"mcpPosition":[136.279,248.797,11.7654],"pipPosition":[149.504,277.242,-24.7174],"stabilizedTipPosition":[140.799,300.688,-64.3468],"timeVisible":0.118189,"tipPosition":[145.455,306.877,-60.8972],"tipVelocity":[-28.363,860.428,-35.6514],"tool":false,"touchDistance":0.423048,"touchZone":"hovering","type":0,"width":19.5281},{"bases":[[[-0.969907,0.240815,-0.0358873],[0.123523,0.613711,0.779808],[-0.209814,-0.751909,0.624989]],[[-0.956368,0.283291,-0.0714605],[0.215763,0.84974,0.481029],[-0.196994,-0.444622,0.873787]],[[-0.956368,0.283291,-0.0714605],[0.292164,0.926774,-0.236072],[0.00064932,0.24665,0.969104]],[[-0.956368,0.283291,-0.0714605],[0.264374,0.735001,-0.624404],[0.124364,0.616052,0.777826]]],"btipPosition":[151.676,323.558,-90.5207],"carpPosition":[130.884,267.793,23.2577],"dipPosition":[153.664,333.404,-78.0891],"direction":[-0.00064932,-0.24665,-0.969104],"extended":false,"handId":214,"id":2141,"length":55.0105,"mcpPosition":[145.762,321.112,-21.0617],"pipPosition":[153.679,338.981,-56.1779],"stabilizedTipPosition":[151.849,322.533,-88.2141],"timeVisible":0.118189,"tipPosition":[152.933,337.357,-87.662],"tipVelocity":[45.4181,685.061,144.402],"tool":false,"touchDistance":0.333532,"touchZone":"hovering","type":1,"width":18.6532},{"bases":[[[-0.996088,0.0288405,-0.0835279],[-0.0468662,0.628932,0.776047],[-0.074915,-0.776925,0.62512]],[[-0.97757,0.13082,-0.165057],[0.0111661,0.814789,0.57965],[-0.210317,-0.564805,0.797974]],[[-0.97757,0.13082,-0.165057],[0.108214,0.984327,0.139248],[-0.180687,-0.118263,0.976405]],[[-0.97757,0.13082,-0.165057],[0.132058,0.991236,0.00349926],[-0.164068,0.0183764,0.986278]]],"btipPosition":[142.029,352.59,-97.5664],"carpPosition":[119.818,272.054,23.761],"dipPosition":[139.145,352.913,-80.229],"direction":[0.180687,0.118263,-0.976405],"extended":true,"handId":214,"id":2142,"length":62.68,"mcpPosition":[124.856,324.301,-18.2771],"pipPosition":[134.338,349.767,-54.2563],"stabilizedTipPosition":[139.52,346.369,-92.9062],"timeVisible":0.118189,"tipPosition":[140.961,363.527,-88.8066],"tipVelocity":[108.007,719.424,-35.6901],"tool":false,"touchDistance":0.320235,"touchZone":"hovering","type":2,"width":18.32},{"bases":[[[-0.989869,-0.133299,-0.0488885],[-0.120277,0.604298,0.787628],[0.0754468,-0.785529,0.614209]],[[-0.991214,-0.029127,-0.129018],[-0.10384,0.77555,0.622687],[-0.0819232,-0.630614,0.771761]],[[-0.991214,-0.029127,-0.129018],[-0.0562338,0.975704,0.211755],[-0.119716,-0.21715,0.968769]],[[-0.991214,-0.029127,-0.129018],[-0.0161664,0.994817,-0.100386],[-0.131274,0.0974186,0.986548]]],"btipPosition":[112.364,351.263,-88.7306],"carpPosition":[108.099,273.554,22.9559],"dipPosition":[110.07,352.966,-71.4881],"direction":[0.119716,0.21715,-0.968769],"extended":true,"handId":214,"id":2143,"length":60.2685,"mcpPosition":[103.544,320.982,-14.1284],"pipPosition":[106.968,347.339,-46.384],"stabilizedTipPosition":[111.587,350.217,-84.5798],"timeVisible":0.118189,"tipPosition":[112.852,358.634,-81.0039],"tipVelocity":[120.091,697.86,-74.8354],"tool":false,"touchDistance":0.318453,"touchZone":"hovering","type":3,"width":17.4326},{"bases":[[[-0.940913,-0.321322,-0.106934],[-0.265632,0.504419,0.821585],[0.210054,-0.801445,0.559968]],[[-0.957533,-0.237146,-0.163989],[-0.278652,0.615077,0.737586],[0.0740502,-0.751959,0.655038]],[[-0.957533,-0.237146,-0.163989],[-0.28255,0.885051,0.369932],[-0.0574103,-0.400557,0.914471]],[[-0.957533,-0.237146,-0.163989],[-0.252855,0.96399,0.0823895],[-0.138545,-0.120356,0.983016]]],"btipPosition":[85.0172,348.087,-67.1207],"carpPosition":[95.9224,269.153,18.4236],"dipPosition":[82.7833,346.147,-51.2707],"direction":[0.0574103,0.400557,-0.914472],"extended":true,"handId":214,"id":2144,"length":47.2494,"mcpPosition":[84.1823,313.946,-12.8734],"pipPosition":[81.733,338.818,-34.5396],"stabilizedTipPosition":[84.1492,343.057,-63.0375],"timeVisible":0.118189,"tipPosition":[87.187,352.229,-60.3618],"tipVelocity":[94.1106,933.12,-67.99],"tool":false,"touchDistance":0.418239,"touchZone":"hovering","type":4,"width":15.485}],"r":[[0.901153,0.132062,0.412896],[-0.212152,0.964964,0.154388],[-0.378041,-0.226724,0.897598]],"s":0.900227,"t":[10.0596,90.04,-3.90605],"timestamp":258875739943},{"currentFrameRate":35.9086,"devices":[],"gestures":[],"hands":[{"armBasis":[[-0.955767,-0.0769334,0.283884],[0.120562,0.777901,0.616713],[0.26828,-0.62366,0.734217]],"armWidth":61.4393,"confidence":0.59294,"direction":[0.07856,0.867879,-0.490524],"elbow":[180.453,93.2933,224.42],"grabAngle":1.13635,"grabStrength":0.0706954,"id":214,"palmNormal":[-0.097979,-0.482941,-0.870154],"palmPosition":[119.567,313.919,-9.30777],"palmVelocity":[-51.0647,1087.22,25.6891],"palmWidth":87.7035,"pinchDistance":31.9453,"pinchStrength":0.771385,"r":[[0.878457,0.122161,0.461942],[-0.224498,0.958936,0.173328],[-0.421799,-0.255966,0.869808]],"s":0.89035,"sphereCenter":[115.656,291.131,-79.7631],"sphereRadius":72.7779,"stabilizedPalmPosition":[119.635,312.499,-9.3358],"t":[9.82582,104.06,-4.14023],"timeVisible":0.129496,"type":"left","wrist":[110.633,255.6,33.342]}],"id":136468,"interactionBox":{"center":[0,200,0],"size":[235.247,235.247,147.751]},"pointables":[{"bases":[[[-0.296247,0.648154,0.701523],[0.811581,-0.216419,0.542678],[-0.503562,-0.730109,0.461916]],[[-0.163477,0.807638,0.566566],[0.941367,-0.0441011,0.334488],[-0.295131,-0.588028,0.753074]],[[-0.163477,0.807638,0.566566],[0.98538,0.161605,0.0539546],[0.047984,-0.567103,0.822248]],[[-0.163477,0.807638,0.566566],[0.916213,0.337245,-0.216378],[0.365826,-0.483722,0.7951]]],"btipPosition":[139.239,317.494,-68.4068],"carpPosition":[134.578,260.524,11.4587],"dipPosition":[147.248,306.904,-51],"direction":[-0.047984,0.567103,-0.822248],"extended":false,"handId":214,"id":2140,"length":48.7514,"mcpPosition":[134.578,260.524,11.4587],"pipPosition":[148.778,288.817,-24.7751],"stabilizedTipPosition":[141.028,312.349,-64.3926],"timeVisible":0.129496,"tipPosition":[144.902,319.033,-60.6988],"tipVelocity":[35.9662,1068.3,5.82078],"tool":false,"touchDistance":0.415064,"touchZone":"hovering","type":0,"width":19.5281},{"bases":[[[-0.964809,0.260486,-0.0359344],[0.133093,0.601612,0.787623],[-0.226783,-0.755122,0.615109]],[[-0.944102,0.318782,-0.0839613],[0.244398,0.847778,0.470683],[-0.221226,-0.423853,0.878299]],[[-0.944102,0.318782,-0.0839613],[0.329464,0.90382,-0.27306],[0.0111606,0.285459,0.958326]],[[-0.944102,0.318782,-0.0839613],[0.28771,0.67248,-0.681904],[0.160916,0.667944,0.726607]]],"btipPosition":[151.671,332.934,-89.0313],"carpPosition":[129.523,279.482,23.1655],"dipPosition":[154.243,343.609,-77.4184],"direction":[-0.0111606,-0.285459,-0.958326],"extended":false,"han