{"frames":408,"data":[{"currentFrameRate":23.7742,"devices":[],"gestures":[],"hands":[],"id":137125,"interactionBox":{"center":[0,200,0],"size":[235.247,235.247,147.751]},"pointables":[],"r":[[-0.962136,-0.269906,0.0380192],[0.215739,-0.839331,-0.498979],[0.166588,-0.471883,0.86578]],"s":0.686793,"t":[505.899,-233.461,348.339],"timestamp":258893264009},{"currentFrameRate":23.7674,"devices":[],"gestures":[],"hands":[],"id":137126,"interactionBox":{"center":[0,200,0],"size":[235.247,235.247,147.751]},"pointables":[],"r":[[-0.962136,-0.269906,0.0380192],[0.215739,-0.839331,-0.498979],[0.166588,-0.471883,0.86578]],"s":0.686793,"t":[505.899,-233.461,348.339],"timestamp":258893306135},{"currentFrameRate":23.7814,"devices":[],"gestures":[],"hands":[],"id":137127,"interactionBox":{"center":[0,200,0],"size":[235.247,235.247,147.751]},"pointables":[],"r":[[-0.962136,-0.269906,0.0380192],[0.215739,-0.839331,-0.498979],[0.166588,-0.471883,0.86578]],"s":0.686793,"t":[505.899,-233.461,348.339],"timestamp":258893348079},{"currentFrameRate":23.773,"devices":[],"gestures":[],"hands":[],"id":137128,"interactionBox":{"center":[0,200,0],"size":[235.247,235.247,147.751]},"pointables":[],"r":[[-0.962136,-0.269906,0.0380192],[0.215739,-0.839331,-0.498979],[0.166588,-0.471883,0.86578]],"s":0.686793,"t":[505.899,-233.461,348.339],"timestamp":258893390207},{"currentFrameRate":23.7683,"devices":[],"gestures":[],"hands":[],"id":137129,"interactionBox":{"center":[0,200,0],"size":[235.247,235.247,147.751]},"pointables":[],"r":[[-0.962136,-0.269906,0.0380192],[0.215739,-0.839331,-0.498979],[0.166588,-0.471883,0.86578]],"s":0.686793,"t":[505.899,-233.461,348.339],"timestamp":258893432315},{"currentFrameRate":23.7753,"devices":[],"gestures":[],"hands":[],"id":137130,"interactionBox":{"center":[0,200,0],"size":[235.247,235.247,147.751]},"pointables":[],"r":[[-0.962136,-0.269906,0.0380192],[0.215739,-0.839331,-0.498979],[0.166588,-0.471883,0.86578]],"s":0.686793,"t":[505.899,-233.461,348.339],"timestamp":258893474323},{"currentFrameRate":23.7721,"devices":[],"gestures":[],"hands":[],"id":137131,"interactionBox":{"center":[0,200,0],"size":[235.247,235.247,147.751]},"pointables":[],"r":[[-0.962136,-0.269906,0.0380192],[0.215739,-0.839331,-0.498979],[0.166588,-0.471883,0.86578]],"s":0.686793,"t":[505.899,-233.461,348.339],"timestamp":258893516413},{"currentFrameRate":23.7699,"devices":[],"gestures":[],"hands":[],"id":137132,"interactionBox":{"center":[0,200,0],"size":[235.247,235.247,147.751]},"pointables":[],"r":[[-0.962136,-0.269906,0.0380192],[0.215739,-0.839331,-0.498979],[0.166588,-0.471883,0.86578]],"s":0.686793,"t":[505.899,-233.461,348.339],"timestamp":258893558500},{"currentFrameRate":23.7706,"devices":[],"gestures":[],"hands":[],"id":137133,"interactionBox":{"center":[0,200,0],"size":[235.247,235.247,147.751]},"pointables":[],"r":[[-0.962136,-0.269906,0.0380192],[0.215739,-0.839331,-0.498979],[0.166588,-0.471883,0.86578]],"s":0.686793,"t":[505.899,-233.461,348.339],"timestamp":258893600563},{"currentFrameRate":23.7667,"devices":[],"gestures":[],"hands":[],"id":137134,"interactionBox":{"center":[0,200,0],"size":[235.247,235.247,147.751]},"pointables":[],"r":[[-0.962136,-0.269906,0.0380192],[0.215739,-0.839331,-0.498979],[0.166588,-0.471883,0.86578]],"s":0.686793,"t":[505.899,-233.461,348.339],"timestamp":258893642668},{"currentFrameRate":23.7584,"devices":[],"gestures":[],"hands":[],"id":137135,"interactionBox":{"center":[0,200,0],"size":[235.247,235.247,147.751]},"pointables":[],"r":[[-0.962136,-0.269906,0.0380192],[0.215739,-0.839331,-0.498979],[0.166588,-0.471883,0.86578]],"s":0.686793,"t":[505.899,-233.461,348.339],"timestamp":258893684821},{"currentFrameRate":23.7724,"devices":[],"gestures":[],"hands":[],"id":137136,"interactionBox":{"center":[0,200,0],"size":[235.247,235.247,147.751]},"pointables":[],"r":[[-0.962136,-0.269906,0.0380192],[0.215739,-0.839331,-0.498979],[0.166588,-0.471883,0.86578]],"s":0.686793,"t":[505.899,-233.461,348.339],"timestamp":258893726781},{"currentFrameRate":23.7629,"devices":[],"gestures":[],"hands":[],"id":137137,"interactionBox":{"center":[0,200,0],"size":[235.247,235.247,147.751]},"pointables":[],"r":[[-0.962136,-0.269906,0.0380192],[0.215739,-0.839331,-0.498979],[0.166588,-0.471883,0.86578]],"s":0.686793,"t":[505.899,-233.461,348.339],"timestamp":258893768935},{"currentFrameRate":23.7781,"devices":[],"gestures":[],"hands":[],"id":137138,"interactionBox":{"center":[0,200,0],"size":[235.247,235.247,147.751]},"pointables":[],"r":[[-0.962136,-0.269906,0.0380192],[0.215739,-0.839331,-0.498979],[0.166588,-0.471883,0.86578]],"s":0.686793,"t":[505.899,-233.461,348.339],"timestamp":258893810876},{"currentFrameRate":23.7711,"devices":[],"gestures":[],"hands":[],"id":137139,"interactionBox":{"center":[0,200,0],"size":[235.247,235.247,147.751]},"pointables":[],"r":[[-0.962136,-0.269906,0.0380192],[0.215739,-0.839331,-0.498979],[0.166588,-0.471883,0.86578]],"s":0.686793,"t":[505.899,-233.461,348.339],"timestamp":258893852997},{"currentFrameRate":23.7767,"devices":[],"gestures":[],"hands":[{"armBasis":[[-0.867759,0.0418202,0.495223],[-0.222097,-0.924049,-0.311138],[0.444598,-0.37998,0.81114]],"armWidth":61.4185,"confidence":0,"direction":[-0.209085,0.48587,-0.848654],"elbow":[250.277,89.5296,288.491],"grabAngle":1.06426,"grabStrength":0,"id":216,"palmNormal":[0.253494,0.8651,0.432831],"palmPosition":[124.82,225.486,15.3625],"palmVelocity":[1.19209e-7,1.19209e-7,1.19209e-7],"palmWidth":87.7035,"pinchDistance":49.2037,"pinchStrength":0.355284,"r":[[1,5.55112e-18,5.55112e-18],[-5.55112e-18,1,-1.11022e-17],[-5.55112e-18,1.11022e-17,1]],"s":1,"sphereCenter":[146.439,297.552,36.3238],"sphereRadius":75.9493,"stabilizedPalmPosition":[124.82,225.486,15.3625],"t":[0,0,0],"timeVisible":0,"type":"right","wrist":[134.571,188.419,77.3935]}],"id":137140,"interactionBox":{"center":[0,200,0],"size":[235.247,235.247,147.751]},"pointables":[{"bases":[[[-0.647583,-0.628809,-0.430389],[0.728337,-0.676804,-0.107062],[-0.223968,-0.3828,0.896272]],[[-0.550799,-0.485324,-0.679029],[0.830572,-0.398925,-0.388599],[-0.0822854,-0.778022,0.622824]],[[-0.550799,-0.485324,-0.679029],[0.830163,-0.23443,-0.505838],[0.0863102,-0.84232,0.532022]],[[-0.550799,-0.485324,-0.679029],[0.748691,0.0722807,-0.658967],[0.368893,-0.871341,0.323546]]],"btipPosition":[149.79,286.261,4.16644],"carpPosition":[156.989,201.488,58.9165],"dipPosition":[158.112,266.605,11.4651],"direction":[-0.0863102,0.84232,-0.532022],"extended":false,"handId":216,"id":2160,"length":50.234,"mcpPosition":[156.989,201.488,58.9165],"pipPosition":[160.948,238.923,28.9495],"stabilizedTipPosition":[151.704,281.74,5.84512],"timeVisible":0,"tipPosition":[151.704,281.74,5.84512],"tipVelocity":[1.19209e-7,1.19209e-7,1.19209e-7],"tool":false,"touchDistance":1,"touchZone":"none","type":0,"width":19.5186},{"bases":[[[-0.897824,0.255271,0.358815],[-0.417104,-0.754252,-0.507078],[0.141195,-0.60493,0.78366]],[[-0.902917,0.280194,0.325932],[-0.424732,-0.465376,-0.776549],[-0.0659038,-0.839593,0.539204]],[[-0.902917,0.280194,0.325932],[-0.326622,0.0456254,-0.944053],[-0.279389,-0.958858,0.0503217]],[[-0.902917,0.280194,0.325932],[-0.202427,0.391729,-0.897537],[-0.379162,-0.876379,-0.29698]]],"btipPosition":[139.033,314.445,-28.9155],"carpPosition":[130.941,192.602,44.8352],"dipPosition":[132.165,298.571,-34.2948],"direction":[0.279389,0.958858,-0.0503217],"extended":true,"handId":216,"id":2162,"length":64.5862,"mcpPosition":[121.446,233.282,-7.86439],"pipPosition":[124.507,272.289,-32.9155],"stabilizedTipPosition":[137.454,310.794,-30.1528],"timeVisible":0,"tipPosition":[137.454,310.794,-30.1528],"tipVelocity":[1.19209e-7,1.19209e-7,1.19209e-7],"tool":false,"touchDistance":1,"touchZone":"none","type":2,"width":18.311},{"bases":[[[-0.833246,0.219595,0.507424],[-0.47547,-0.752986,-0.454907],[0.282188,-0.620314,0.731834]],[[-0.859077,0.286018,0.424477],[-0.509674,-0.554348,-0.657975],[0.0471153,-0.781596,0.622003]],[[-0.859077,0.286018,0.424477],[-0.481429,-0.169894,-0.859862],[-0.17382,-0.943043,0.283649]],[[-0.859077,0.286018,0.424477],[-0.413734,0.100221,-0.904865],[-0.301349,-0.952969,0.0322381]]],"btipPosition":[110.889,308.889,-31.1243],"carpPosition":[119.888,195.434,48.0035],"dipPosition":[105.462,291.727,-30.5437],"direction":[0.17382,0.943043,-0.283649],"extended":true,"handId":216,"id":2163,"length":62.1014,"mcpPosition":[102.85,232.887,3.81721],"pipPosition":[100.821,266.547,-22.9699],"stabilizedTipPosition":[109.641,304.942,-30.9907],"timeVisible":0,"tipPosition":[109.641,304.942,-30.9907],"tipVelocity":[1.19209e-7,1.19209e-7,1.19209e-7],"tool":false,"touchDistance":1,"touchZone":"none","type":3,"width":17.4241},{"bases":[[[-0.704893,0.267701,0.656857],[-0.572471,-0.76149,-0.303991],[0.418811,-0.590313,0.69002]],[[-0.762879,0.358805,0.537842],[-0.628938,-0.604637,-0.488724],[0.149842,-0.711107,0.686931]],[[-0.762879,0.358805,0.537842],[-0.644567,-0.357121,-0.676016],[-0.0504834,-0.862394,0.503714]],[[-0.762879,0.358805,0.537842],[-0.617525,-0.157952,-0.770529],[-0.191517,-0.919951,0.342069]]],"btipPosition":[86.9861,290.769,-20.6392],"carpPosition":[111.367,201.998,56.5181],"dipPosition":[83.8042,275.485,-14.9559],"direction":[0.0504834,0.862394,-0.503714],"extended":true,"handId":216,"id":2164,"length":48.6863,"mcpPosition":[87.9594,234.991,17.9523],"pipPosition":[82.8525,259.227,-5.45975],"stabilizedTipPosition":[86.2543,287.254,-19.332],"timeVisible":0,"tipPosition":[86.2543,287.254,-19.332],"tipVelocity":[1.19209e-7,1.19209e-7,1.19209e-7],"tool":false,"touchDistance":1,"touchZone":"none","type":4,"width":15.4775},{"bases":[[[-0.966168,0.204439,0.157237],[-0.257741,-0.787582,-0.559718],[0.00940899,-0.581308,0.813629]],[[-0.966212,0.208993,0.15085],[-0.247365,-0.587448,-0.770529],[-0.0724186,-0.78181,0.619297]],[[-0.966212,0.208993,0.15085],[-0.182,-0.138785,-0.973455],[-0.182509,-0.968019,0.172133]],[[-0.966212,0.208993,0.15085],[-0.109308,0.197776,-0.974134],[-0.233422,-0.957709,-0.168249]]],"btipPosition":[153.14,303.085,-40.2118],"carpPosition":[142.713,191.164,44.3695],"dipPosition":[149.296,287.313,-42.9826],"direction":[0.182509,0.968019,-0.172133],"extended":true,"handId":216,"id":2161,"length":56.6834,"mcpPosition":[142.045,232.386,-13.3268],"pipPosition":[145.044,264.761,-38.9723],"stabilizedTipPosition":[152.256,299.458,-40.849],"timeVisible":0,"tipPosition":[152.256,299.458,-40.849],"tipVelocity":[1.19209e-7,1.19209e-7,1.19209e-7],"tool":false,"touchDistance":0.920598,"touchZone":"hovering","type":1,"width":18.6442}],"r":[[1,5.55112e-18,5.55112e-18],[-5.55112e-18,1,-1.11022e-17],[-5.55112e-18,1.11022e-17,1]],"s":1,"t":[0,0,0],"timestamp":258893895012},{"currentFrameRate":23.7678,"devices":[],"gestures":[],"hands":[{"armBasis":[[-0.92104,-0.210932,0.327402],[-0.0136439,-0.822651,-0.568383],[0.389228,-0.527971,0.754817]],"armWidth":61.4393,"confidence":0.218423,"direction":[-0.0975841,0.592289,-0.799794],"elbow":[228.532,76.4638,267.238],"grabAngle":1.31501,"grabStrength":0,"id":216,"palmNormal":[0.0167091,0.804491,0.593729],"palmPosition":[124.411,260.17,14.6209],"palmVelocity":[-9.70137,823.052,-17.5961],"palmWidth":87.7035,"pinchDistance":62.0531,"pinchStrength":1,"r":[[0.998587,0.024579,0.0471163],[-0.0258971,0.999284,0.0275719],[-0.0464049,-0.0287531,0.998509]],"s":1.09424,"sphereCenter":[124.725,314.733,28.8689],"sphereRadius":57.5596,"stabilizedPalmPosition":[124.421,259.323,14.6391],"t":[-0.204413,17.3421,-0.37076],"timeVisible":0.042141,"type":"right","wrist":[127.236,213.867,70.7983]}],"id":137141,"interactionBox":{"center":[0,200,0],"size":[235.247,235.247,147.751]},"pointables":[{"bases":[[[-0.997345,0.0555046,-0.0471397],[-0.00601012,-0.707867,-0.70632],[-0.0725727,-0.704161,0.706322]],[[-0.984674,0.127305,-0.119206],[0.0214517,-0.589907,-0.807186],[-0.173079,-0.797373,0.578135]],[[-0.984674,0.127305,-0.119206],[0.0564097,-0.414286,-0.908397],[-0.165029,-0.901199,0.400756]],[[-0.984674,0.127305,-0.119206],[0.0564097,-0.414286,-0.908397],[-0.165029,-0.901199,0.400756]]],"btipPosition":[159.363,340.668,-46.7225],"carpPosition":[140.892,223.91,42.0648],"dipPosition":[156.725,326.265,-40.3175],"direction":[0.165029,0.901199,-0.400756],"extended":true,"handId":216,"id":2161,"length":55.0105,"mcpPosition":[146.038,273.844,-8.02213],"pipPosition":[152.994,305.889,-31.2565],"stabilizedTipPosition":[158.58,336.329,-45.1301],"timeVisible":0.042141,"tipPosition":[156.885,339.33,-39.7367],"tipVelocity":[154.237,899.309,-104.419],"tool":false,"touchDistance":0.795866,"touchZone":"hovering","type":1,"width":18.6532},{"bases":[[[-0.434407,-0.621921,-0.65154],[0.831451,-0.555056,-0.0245383],[-0.34638,-0.552384,0.758217]],[[-0.271362,-0.367158,-0.889695],[0.954321,-0.222724,-0.19916],[-0.125033,-0.9031,0.410825]],[[-0.271362,-0.367158,-0.889695],[0.943274,0.0822785,-0.321659],[0.191302,-0.926513,0.324003]],[[-0.271362,-0.367158,-0.889695],[0.79763,0.431547,-0.421372],[0.538655,-0.823992,0.17575]]],"btipPosition":[138.071,324.352,26.8686],"carpPosition":[149.949,233.31,60.8167],"dipPosition":[149.863,306.313,30.7162],"direction":[-0.191302,0.926512,-0.324003],"extended":false,"handId":216,"id":2160,"length":48.7514,"mcpPosition":[149.949,233.31,60.8167],"pipPosition":[155.965,276.762,41.05],"stabilizedTipPosition":[141.96,316.059,25.3934],"timeVisible":0.042141,"tipPosition":[142.372,320.132,22.9322],"tipVelocity":[-259.151,912.727,519.883],"tool":false,"touchDistance":1,"touchZone":"none","type":0,"width":19.5281},{"bases":[[[-0.982245,0.079715,0.169826],[-0.176128,-0.703581,-0.688442],[0.0646071,-0.70613,0.705129]],[[-0.982207,0.0793011,0.170239],[-0.175371,-0.0629541,-0.982488],[-0.0671951,-0.994861,0.075741]],[[-0.982207,0.0793011,0.170239],[-0.00589516,0.893011,-0.449997],[-0.187711,-0.442993,-0.876654]],[[-0.982207,0.0793011,0.170239],[0.0770471,0.99683,-0.0198167],[-0.171271,-0.00634765,-0.985203]]],"btipPosition":[135.902,328.038,29.7556],"carpPosition":[129.213,223.8,39.9513],"dipPosition":[132.891,327.926,12.4371],"direction":[0.187711,0.442993,0.876654],"extended":false,"handId":216,"id":2162,"length":62.68,"mcpPosition":[124.869,271.286,-7.46718],"pipPosition":[127.898,316.143,-10.8822],"stabilizedTipPosition":[136.952,314.644,-17.6486],"timeVisible":0.042141,"tipPosition":[134.989,330.353,21.9586],"tipVelocity":[-53.2462,408.587,1327.1],"tool":false,"touchDistance":0.333333,"touchZone":"none","type":2,"width":18.32},{"bases":[[[-0.94594,0.0277439,0.323152],[-0.243706,-0.718239,-0.651721],[0.214019,-0.695243,0.686173]],[[-0.919082,-0.0435286,0.391655],[-0.275791,-0.638858,-0.718192],[0.281474,-0.768092,0.575158]],[[-0.919082,-0.0435286,0.391655],[-0.364726,-0.282359,-0.88727],[0.149209,-0.958321,0.243635]],[[-0.919082,-0.0435286,0.391655],[-0.257786,0.818133,-0.514008],[-0.298052,-0.573379,-0.763153]]],"btipPosition":[94.092,333.621,-17.6459],"carpPosition":[117.435,224.687,40.7974],"dipPosition":[88.8828,323.6,-30.984],"direction":[-0.149209,0.958321,-0.243635],"extended":true,"handId":216,"id":2163,"length":60.2685,"mcpPosition":[104.513,266.664,-0.631987],"pipPosition":[92.7493,298.767,-24.6706],"stabilizedTipPosition":[93.7392,329.985,-21.2324],"timeVisible":0.042141,"tipPosition":[97.5858,335.433,-21.382],"tipVelocity":[-397.406,625.854,243.874],"tool":false,"touchDistance":1,"touchZone":"none","type":3,"width":17.4326},{"bases":[[[-0.861455,0.0653805,0.503608],[-0.367996,-0.763763,-0.530326],[0.349964,-0.642177,0.682007]],[[-0.875206,0.0919131,0.474938],[-0.432519,-0.588399,-0.683165],[0.216662,-0.80333,0.554725]],[[-0.875206,0.0919131,0.474938],[-0.481753,-0.254722,-0.838469],[0.043911,-0.962636,0.267214]],[[-0.875206,0.0919131,0.474938],[-0.482199,-0.0872019,-0.871711],[-0.0387061,-0.991941,0.12064]]],"btipPosition":[79.4722,324.706,-15.4093],"carpPosition":[106.378,228.637,47.8909],"dipPosition":[78.8481,308.712,-13.4641],"direction":[-0.043911,0.962636,-0.267214],"extended":true,"handId":216,"id":2164,"length":47.2494,"mcpPosition":[86.8179,264.529,9.77298],"pipPosition":[79.6515,291.1,-8.57518],"stabilizedTipPosition":[79.5208,320.09,-15.0831],"timeVisible":0.042141,"tipPosition":[82.87,321.46,-17.7906],"tipVelocity":[-164.344,801.436,103.702],"tool":false,"touchDistance":1,"touchZone":"none","type":4,"width":15.485}],"r":[[0.998587,0.024579,0.0471163],[-0.0258971,0.999284,0.0275719],[-0.0464049,-0.0287531,0.998509]],"s":1.09424,"t":[-0.204413,17.3421,-0.37076],"timestamp":258893937153},{"currentFrameRate":23.7491,"devices":[],"gestures":[],"hands":[{"armBasis":[[-0.916235,-0.16857,0.363453],[-0.0808016,-0.810786,-0.579739],[0.392409,-0.560544,0.72925]],"armWidth":61.4393,"confidence":0.417424,"direction":[-0.0337327,0.696575,-0.71669],"elbow":[217.696,98.6834,254.29],"grabAngle":1.34565,"grabStrength":0,"id":216,"palmNormal":[0.0866812,0.716435,0.692248],"palmPosition":[116.973,296.853,14.1246],"palmVelocity":[-176.066,868.259,-11.7483],"palmWidth":87.7035,"pinchDistance":63.5629,"pinchStrength":1,"r":[[0.996083,0.023039,0.0853706],[-0.0294305,0.996795,0.0743821],[-0.0833833,-0.0766033,0.993569]],"s":1.19082,"sphereCenter":[134.206,344.68,26.5715],"sphereRadius":56.2469,"stabilizedPalmPosition":[116.991,296.759,14.1259],"t":[-4.02592,44.3547,-0.804316],"timeVisible":0.08439,"type":"right","wrist":[115.572,244.564,64.5039]}],"id":137142,"interactionBox":{"center":[0,200,0],"size":[235.247,235.247,147.751]},"pointables":[{"bases":[[[-0.987194,0.155178,-0.0369867],[-0.0658564,-0.607611,-0.7915],[-0.145297,-0.778928,0.61005]],[[-0.958732,0.258397,-0.118593],[-0.0412107,-0.539018,-0.841286],[-0.281309,-0.80168,0.527422]],[[-0.958732,0.258397,-0.118593],[-0.0412107,-0.539018,-0.841286],[-0.281309,-0.80168,0.527422]],[[-0.958732,0.258397,-0.118593],[-0.0412107,-0.539018,-0.841286],[-0.281309,-0.80168,0.527422]]],"btipPosition":[162.168,374.369,-48.1786],"carpPosition":[129.703,255.976,36.6321],"dipPosition":[157.672,361.556,-39.7491],"direction":[0.281309,0.80168,-0.527422],"extended":true,"handId":216,"id":2161,"length":55.0105,"mcpPosition":[140.006,311.212,-6.62791],"pipPosition":[151.312,343.43,-27.8242],"stabilizedTipPosition":[161.127,371.323,-46.2367],"timeVisible":0.08439,"tipPosition":[159.339,374.901,-38.5418],"tipVelocity":[56.2865,806.326,-23.4431],"tool":false,"touchDistance":0.353404,"touchZone":"hovering","type":1,"width":18.6532},{"bases":[[[-0.942179,0.0753942,0.32652],[-0.303985,-0.602374,-0.738064],[0.141041,-0.794646,0.590462]],[[-0.932423,0.0292206,0.360186],[-0.334437,-0.447354,-0.829473],[0.136893,-0.893879,0.426896]],[[-0.932423,0.0292206,0.360186],[-0.361123,-0.112195,-0.925744],[0.0133602,-0.993257,0.115165]],[[-0.932423,0.0292206,0.360186],[-0.0136477,0.993167,-0.115902],[-0.361112,-0.112986,-0.925652]]],"btipPosition":[98.1652,372.176,-4.76187],"carpPosition":[106.437,259.125,35.5369],"dipPosition":[91.8538,370.202,-20.9401],"direction":[-0.0133602,0.993257,-0.115165],"extended":true,"handId":216,"id":2163,"length":60.2685,"mcpPosition":[97.9215,307.104,-0.113756],"pipPosition":[92.2001,344.463,-17.9558],"stabilizedTipPosition":[96.6704,371.116,-8.66791],"timeVisible":0.08439,"tipPosition":[97.3876,376.237,-10.7735],"tipVelocity":[90.4098,956.378,289.493],"tool":false,"touchDistance":0.379217,"touchZone":"hovering","type":3,"width":17.4326},{"bases":[[[-0.856257,0.0814022,0.510096],[-0.433165,-0.651137,-0.623209],[0.281412,-0.754582,0.592801]],[[-0.861558,0.0960344,0.498493],[-0.470892,-0.518067,-0.71405],[0.18968,-0.849932,0.491567]],[[-0.861558,0.0960344,0.498493],[-0.496646,-0.362866,-0.788461],[0.105167,-0.92688,0.360325]],[[-0.861558,0.0960344,0.498493],[-0.496646,-0.362866,-0.788461],[0.105167,-0.92688,0.360325]]],"btipPosition":[70.111,365.349,-18.685],"carpPosition":[95.733,263.16,43.1086],"dipPosition":[71.8067,350.404,-12.8752],"direction":[-0.105167,0.92688,-0.360325],"extended":true,"handId":216,"id":2164,"length":47.2494,"mcpPosition":[80.0047,305.334,9.97645],"pipPosition":[73.7308,333.446,-6.28269],"stabilizedTipPosition":[70.5281,361.786,-17.3419],"timeVisible":0.08439,"tipPosition":[75.5911,363.519,-14.0185],"tipVelocity":[-208.945,967.707,-56.4951],"tool":false,"touchDistance":1,"touchZone":"none","type":4,"width":15.485},{"bases":[[[-0.484765,-0.489273,-0.724993],[0.775705,-0.623452,-0.0979271],[-0.404085,-0.609852,0.681759]],[[-0.293905,-0.219559,-0.930276],[0.93449,-0.270533,-0.231387],[-0.200867,-0.93734,0.284687]],[[-0.293905,-0.219559,-0.930276],[0.955798,-0.0589624,-0.288052],[0.00839312,-0.973816,0.227183]],[[-0.293905,-0.219559,-0.930276],[0.921545,0.193258,-0.336759],[0.253721,-0.956266,0.145534]]],"btipPosition":[143.267,359.087,32.2841],"carpPosition":[139.425,261.993,56.4136],"dipPosition":[148.822,338.152,35.4702],"direction":[-0.00839312,0.973816,-0.227183],"extended":false,"handId":216,"id":2160,"length":48.7514,"mcpPosition":[139.425,261.993,56.4136],"pipPosition":[149.09,307.093,42.7161],"stabilizedTipPosition":[144.5,353.614,32.8856],"timeVisible":0.08439,"tipPosition":[141.76,353.605,31.004],"tipVelocity":[89.0356,806.389,124.581],"tool":false,"touchDistance":1,"touchZone":"none","type":0,"width":19.5281},{"bases":[[[-0.97196,0.149809,0.18125],[-0.234979,-0.589583,-0.772772],[-0.00890655,-0.793693,0.608253]],[[-0.971961,0.135372,0.192266],[-0.165458,0.187246,-0.968278],[-0.167078,-0.972941,-0.159597]],[[-0.971961,0.135372,0.192266],[0.146605,0.988153,0.0453865],[-0.183844,0.0723011,-0.980293]],[[-0.971961,0.135372,0.192266],[0.222551,0.793572,0.566317],[-0.0759135,0.593227,-0.801448]]],"btipPosition":[132.444,342.135,41.0094],"carpPosition":[118.087,257.244,34.5528],"dipPosition":[131.109,352.563,26.9211],"direction":[0.183844,-0.0723011,0.980293],"extended":false,"handId":216,"id":2162,"length":62.68,"mcpPosition":[118.686,310.618,-6.35102],"pipPosition":[126.219,354.486,0.844936],"stabilizedTipPosition":[134.319,330.987,12.6532],"timeVisible":0.08439,"tipPosition":[132.82,351.594,35.1239],"tipVelocity":[-72.7296,391.041,283.953],"tool":false,"touchDistance":0.333333,"touchZone":"none","type":2,"width":18.32}],"r":[[0.996083,0.023039,0.0853706],[-0.0294305,0.996795,0.0743821],[-0.0833833,-0.0766033,0.993569]],"s":1.19082,"t":[-4.02592,44.3547,-0.804316],"timestamp":258893979402},{"currentFrameRate":27.3629,"devices":[],"gestures":[],"hands":[{"armBasis":[[-0.916974,-0.180739,0.355657],[-0.058218,-0.821324,-0.567484],[0.394676,-0.541074,0.74261]],"armWidth":61.4393,"confidence":0.463706,"direction":[-0.000464232,0.741408,-0.671055],"elbow":[212.181,112.967,253.483],"grabAngle":1.7461,"grabStrength":0,"id":216,"palmNormal":[0.059903,0.66987,0.740058],"palmPosition":[112.807,308.565,12.9455],"palmVelocity":[-382.001,1073.9,-108.113],"palmWidth":87.7035,"pinchDistance":62.6131,"pinchStrength":1,"r":[[0.992064,0.0179132,0.124451],[-0.0334783,0.991701,0.12413],[-0.121195,-0.127311,0.984431]],"s":1.24429,"sphereCenter":[127.591,353.641,27.7764],"sphereRadius":53.2676,"stabilizedPalmPosition":[113.575,306.396,13.1623],"t":[-8.01973,63.717,-1.61063],"timeVisible":0.095296,"type":"right","wrist":[109.468,253.78,60.2204]}],"id":137143,"interactionBox":{"center":[0,200,0],"size":[235.247,235.247,147.751]},"pointables":[{"bases":[[[-0.984111,0.163773,-0.0685828],[-0.0344462,-0.555032,-0.831115],[-0.17418,-0.815547,0.551855]],[[-0.970679,0.216536,-0.104376],[-0.0329879,-0.550101,-0.834446],[-0.238105,-0.806536,0.541115]],[[-0.970679,0.216536,-0.104376],[-0.00734661,-0.460734,-0.887508],[-0.240267,-0.860718,0.448816]],[[-0.970679,0.216536,-0.104376],[-0.00734661,-0.460734,-0.887508],[-0.240267,-0.860718,0.448816]]],"btipPosition":[155.6,389.706,-44.9131],"carpPosition":[124.407,266.243,33.2875],"dipPosition":[151.76,375.949,-37.74],"direction":[0.240267,0.860718,-0.448816],"extended":true,"handId":216,"id":2161,"length":55.0105,"mcpPosition":[136.759,324.075,-5.84579],"pipPosition":[146.328,356.489,-27.5923],"stabilizedTipPosition":[155.974,383.558,-43.8463],"timeVisible":0.095296,"tipPosition":[156.852,388.711,-35.6847],"tipVelocity":[-588.366,1386.37,272.923],"tool":false,"touchDistance":0.336469,"touchZone":"hovering","type":1,"width":18.6532},{"bases":[[[-0.954931,0.0604932,0.290598],[-0.274613,-0.551663,-0.787564],[0.11267,-0.831871,0.543412]],[[-0.955786,0.0670166,0.286326],[-0.293014,-0.299262,-0.908066],[0.0248311,-0.951815,0.305667]],[[-0.955786,0.0670166,0.286326],[-0.293485,-0.156281,-0.943103],[-0.0184561,-0.985436,0.16904]],[[-0.955786,0.0670166,0.286326],[0.0182224,0.985312,-0.169791],[-0.293499,-0.157066,-0.942968]]],"btipPosition":[98.9893,387.898,-2.06918],"carpPosition":[101.222,269.609,31.4155],"dipPosition":[93.8596,385.152,-18.55],"direction":[0.0184561,0.985436,-0.16904],"extended":true,"handId":216,"id":2163,"length":60.2685,"mcpPosition":[94.4192,319.836,-1.39434],"pipPosition":[93.3814,359.616,-14.1696],"stabilizedTipPosition":[97.4721,382.483,-6.69151],"timeVisible":0.095296,"tipPosition":[95.3746,388.976,-7.17297],"tipVelocity":[100.483,1425.26,240.518],"tool":false,"touchDistance":0.337365,"touchZone":"hovering","type":3,"width":17.4326},{"bases":[[[-0.876884,0.0541201,0.477646],[-0.408756,-0.60685,-0.681654],[0.252968,-0.792972,0.554259]],[[-0.881695,0.0697234,0.46664],[-0.453435,-0.398606,-0.797188],[0.130423,-0.914468,0.383064]],[[-0.881695,0.0697234,0.46664],[-0.46239,-0.324428,-0.825192],[0.0938556,-0.943337,0.318286]],[[-0.881695,0.0697234,0.46664],[-0.0942238,0.943079,-0.318943],[-0.462316,-0.325179,-0.824938]]],"btipPosition":[77.5053,370.289,2.60215],"carpPosition":[90.2207,273.22,38.7726],"dipPosition":[70.051,365.046,-10.699],"direction":[-0.0938556,0.943337,-0.318286],"extended":true,"handId":216,"id":2164,"length":47.2494,"mcpPosition":[76.0821,317.54,7.79459],"pipPosition":[71.7682,347.787,-4.87571],"stabilizedTipPosition":[73.6782,366.154,-7.23534],"timeVisible":0.095296,"tipPosition":[74.546,372.593,-5.70826],"tipVelocity":[485.041,657.55,1548.84],"tool":false,"touchDistance":0.380216,"touchZone":"hovering","type":4,"width":15.485},{"bases":[[[-0.455344,-0.43844,-0.774875],[0.77674,-0.620995,-0.105068],[-0.435128,-0.649719,0.623321]],[[-0.290886,-0.205751,-0.934372],[0.926338,-0.304869,-0.221253],[-0.239338,-0.929904,0.279277]],[[-0.290886,-0.205751,-0.934372],[0.954381,0.00639734,-0.298524],[0.0673991,-0.978584,0.194504]],[[-0.290886,-0.205751,-0.934372],[0.880934,0.32343,-0.34547],[0.373284,-0.923612,0.0871715]]],"btipPosition":[134.495,367.085,32.2598],"carpPosition":[133.301,270.911,53.809],"dipPosition":[142.667,346.864,34.1682],"direction":[-0.0673991,0.978584,-0.194504],"extended":false,"handId":216,"id":2160,"length":48.7514,"mcpPosition":[133.301,270.911,53.809],"pipPosition":[144.817,315.653,40.3717],"stabilizedTipPosition":[138.832,359.767,32.7552],"timeVisible":0.095296,"tipPosition":[136.881,363.533,33.993],"tipVelocity":[-749.13,748.381,-29.1763],"tool":false,"touchDistance":1,"touchZone":"none","type":0,"width":19.5281},{"bases":[[[-0.978208,0.144287,0.149302],[-0.204142,-0.537125,-0.818427],[-0.0378949,-0.83107,0.554875]],[[-0.97862,0.133378,0.156564],[-0.0927356,0.39331,-0.914717],[-0.183582,-0.90968,-0.372533]],[[-0.97862,0.133378,0.156564],[0.173646,0.943746,0.281408],[-0.110223,0.302578,-0.94673]],[[-0.97862,0.133378,0.156564],[0.205514,0.664207,0.718744],[-0.00812609,0.735554,-0.677417]]],"btipPosition":[126.796,343.643,47.3793],"carpPosition":[112.896,267.718,30.8053],"dipPosition":[126.653,356.573,35.4712],"direction":[0.110223,-0.302578,0.94673],"extended":false,"handId":216,"id":2162,"length":62.68,"mcpPosition":[115.444,323.606,-6.50895],"pipPosition":[123.721,364.622,10.2879],"stabilizedTipPosition":[133.032,333.649,18.1009],"timeVisible":0.095296,"tipPosition":[127.502,355.967,40.5852],"tipVelocity":[-492.732,191.057,630.051],"tool":false,"touchDistance":0.333333,"touchZone":"none","type":2,"width":18.32}],"r":[[0.992064,0.0179132,0.124451],[-0.0334783,0.991701,0.12413],[-0.121195,-0.127311,0.984431]],"s":1.24429,"t":[-8.01973,63.717,-1.61063],"timestamp":258893990308},{"currentFrameRate":30.7899,"devices":[],"gestures":[],"hands":[{"armBasis":[[0.768229,-0.30302,-0.563918],[0.539404,0.780798,0.315275],[0.344772,-0.546383,0.763281]],"armWidth":61.4393,"confidence":0.507384,"direction":[0.221143,0.803904,-0.552117],"elbow":[202.001,135.475,246.638],"grabAngle":0.280989,"grabStrength":0,"id":216,"palmNormal":[-0.503537,-0.390714,-0.77058],"palmPosition":[114.19,336.062,3.8918],"palmVelocity":[127.409,2533.37,-834.136],"palmWidth":87.7035,"pinchDistance":57.7063,"pinchStrength":0,"r":[[0.953411,0.168438,0.25027],[-0.15834,0.985554,-0.0601027],[-0.256778,0.0176748,0.966309]],"s":1.26126,"sphereCenter":[63.1949,270.609,-135.648],"sphereRadius":166.277,"stabilizedPalmPosition":[114.076,330.598,5.59933],"t":[-9.32518,87.1468,-6.54065],"timeVisible":0.10615,"type":"right","wrist":[112.275,277.67,47.9954]}],"id":137144,"interactionBox":{"center":[0,200,0],"size":[235.247,235.247,147.751]},"pointables":[{"bases":[[[0.829609,0.32589,0.453371],[-0.533273,0.221883,0.816326],[0.165437,-0.919001,0.357865]],[[0.795565,0.459582,0.394793],[-0.534696,0.226156,0.814219],[0.284916,-0.858859,0.425658]],[[0.795565,0.459582,0.394793],[-0.601936,0.525428,0.601331],[0.0689251,-0.716037,0.694651]],[[0.795565,0.459582,0.394793],[-0.603412,0.659651,0.448056],[-0.0545075,-0.59468,0.802112]]],"btipPosition":[67.2778,375.335,-24.149],"carpPosition":[81.9915,298.155,36.0469],"dipPosition":[66.0845,362.316,-6.5888],"direction":[-0.0689251,0.716037,-0.694651],"extended":true,"handId":216,"id":2160,"length":48.7514,"mcpPosition":[81.9915,298.155,36.0469],"pipPosition":[68.2829,339.478,15.5665],"stabilizedTipPosition":[92.7824,367.828,-1.13696],"timeVisible":0.10615,"tipPosition":[69.3557,365.001,-27.169],"tipVelocity":[-6391.32,912.689,-4865.39],"tool":false,"touchDistance":0.35093,"touchZone":"hovering","type":0,"width":19.5281},{"bases":[[[0.860466,-0.307077,-0.406573],[0.509503,0.515118,0.689246],[-0.00221831,-0.800223,0.599699]],[[0.847938,-0.436774,-0.300382],[0.498692,0.465133,0.731408],[-0.179742,-0.769987,0.61222]],[[0.847938,-0.436774,-0.300382],[0.515563,0.547735,0.658925],[-0.123272,-0.713593,0.689629]],[[0.847938,-0.436774,-0.300382],[0.52628,0.625773,0.575706],[-0.0634821,-0.646248,0.760483]]],"btipPosition":[111.438,424.477,-52.4766],"carpPosition":[100.255,310.324,42.4004],"dipPosition":[110.423,414.148,-40.3222],"direction":[0.123272,0.713593,-0.689629],"extended":true,"handId":216,"id":2161,"length":55.0105,"mcpPosition":[100.413,367.069,-0.125666],"pipPosition":[107.636,398.014,-24.7298],"stabilizedTipPosition":[118.898,415.477,-48.6783],"timeVisible":0.10615,"tipPosition":[101.012,421.77,-49.3399],"tipVelocity":[-4008.91,3276.16,-591.278],"tool":false,"touchDistance":0.333333,"touchZone":"hovering","type":1,"width":18.6532},{"bases":[[[0.752705,-0.495653,-0.433316],[0.647468,0.438094,0.623586],[-0.119249,-0.749935,0.650675]],[[0.744797,-0.537089,-0.395995],[0.646181,0.432422,0.628858],[-0.166516,-0.724256,0.669123]],[[0.744797,-0.537089,-0.395995],[0.658728,0.497019,0.564844],[-0.106555,-0.681547,0.723975]],[[0.744797,-0.537089,-0.395995],[0.667271,0.604003,0.435809],[0.00511345,-0.588825,0.808244]]],"btipPosition":[129.467,419.585,-68.9748],"carpPosition":[111.195,308.018,38.4173],"dipPosition":[129.557,409.234,-54.7669],"direction":[0.106555,0.681547,-0.723975],"extended":true,"handId":216,"id":2162,"length":62.68,"mcpPosition":[119.214,358.45,-5.33935],"pipPosition":[126.722,391.105,-35.5089],"stabilizedTipPosition":[132.524,345.639,6.07446],"timeVisible":0.10615,"tipPosition":[124.139,407.914,-63.1211],"tipVelocity":[250.999,6503.37,-10166.5],"tool":false,"touchDistance":-1,"touchZone":"touching","type":2,"width":18.32},{"bases":[[[0.675988,-0.632215,-0.378609],[0.695459,0.377432,0.611458],[-0.243674,-0.676645,0.69482]],[[0.687431,-0.597235,-0.413216],[0.698815,0.389052,0.600247],[-0.197726,-0.70139,0.684803]],[[0.687431,-0.597235,-0.413216],[0.722606,0.505562,0.47143],[-0.0726484,-0.622669,0.779106]],[[0.687431,-0.597235,-0.413216],[0.72603,0.579133,0.370791],[0.0178579,-0.5549,0.831725]]],"btipPosition":[145.268,399.153,-71.9605],"carpPosition":[120.721,303.151,33.338],"dipPosition":[145.58,389.455,-57.4239],"direction":[0.0726484,0.622669,-0.779106],"extended":true,"handId":216,"id":2163,"length":60.2685,"mcpPosition":[135.433,344.005,-8.61346],"pipPosition":[143.697,373.319,-37.2347],"stabilizedTipPosition":[97.4721,382.483,-6.69151],"timeVisible":0.10615,"tipPosition":[140.065,389.22,-69.6254],"tipVelocity":[4379.02,889.662,-5781.95],"tool":false,"touchDistance":0.283363,"touchZone":"hovering","type":3,"width":17.4326},{"bases":[[[0.518977,-0.759894,-0.391438],[0.767855,0.213232,0.604095],[-0.375581,-0.614079,0.694152]],[[0.546262,-0.710543,-0.443539],[0.774606,0.227042,0.590286],[-0.318722,-0.666019,0.674415]],[[0.546262,-0.710543,-0.443539],[0.825909,0.368697,0.426542],[-0.139545,-0.599326,0.788248]],[[0.546262,-0.710543,-0.443539],[0.837514,0.455132,0.302367],[-0.0129763,-0.536642,0.84371]]],"btipPosition":[160.457,369.355,-63.7448],"carpPosition":[126.161,293.387,25.3846],"dipPosition":[160.248,360.703,-50.1409],"direction":[0.139545,0.599326,-0.788248],"extended":true,"handId":216,"id":2164,"length":47.2494,"mcpPosition":[147.153,327.708,-13.4121],"pipPosition":[157.695,349.738,-35.7192],"stabilizedTipPosition":[73.6782,366.154,-7.23534],"timeVisible":0.10615,"tipPosition":[155.387,362.987,-61.3731],"tipVelocity":[7796.02,-158.273,-5542.55],"tool":false,"touchDistance":0.287241,"touchZone":"hovering","type":4,"width":15.485}],"r":[[0.953411,0.168438,0.25027],[-0.15834,0.985554,-0.0601027],[-0.256778,0.0176748,0.966309]],"s":1.26126,"t":[-9.32518,87.1468,-6.54065],"timestamp":258894001162},{"currentFrameRate":34.0257,"devices":[],"gestures":[],"hands":[{"armBasis":[[0.759218,-0.302131,-0.576459],[0.556883,0.759988,0.335113],[0.336854,-0.575444,0.745248]],"armWidth":61.4393,"confidence":0.548801,"direction":[0.255208,0.793184,-0.552927],"elbow":[193.822,141.802,241.21],"grabAngle":0.398311,"grabStrength":0,"id":216,"palmNormal":[-0.499626,-0.381414,-0.777751],"palmPosition":[110.377,349.836,3.12508],"palmVelocity":[-349.557,1262.73,-70.2891],"palmWidth":87.7035,"pinchDistance":60.3149,"pinchStrength":0,"r":[[0.897674,0.294988,0.327358],[-0.231483,0.947797,-0.219309],[-0.374963,0.121091,0.919097]],"s":1.29575,"sphereCenter":[38.3045,294.762,-130.958],"sphereRadius":165.709,"stabilizedPalmPosition":[110.954,346.836,3.51095],"t":[-11.8844,105.749,-9.38901],"timeVisible":0.117058,"type":"right","wrist":[106.156,291.56,47.2612]}],"id":137145,"interactionBox":{"center":[0,200,0],"size":[235.247,235.247,147.751]},"pointables":[{"bases":[[[0.82978,0.304887,0.467449],[-0.542362,0.243094,0.804207],[0.131558,-0.920842,0.367074]],[[0.804706,0.425394,0.414112],[-0.513188,0.147742,0.845465],[0.298474,-0.892867,0.337196]],[[0.804706,0.425394,0.414112],[-0.585336,0.452014,0.673101],[0.0991486,-0.784043,0.612737]],[[0.804706,0.425394,0.414112],[-0.592455,0.620107,0.514261],[-0.0380301,-0.659171,0.751031]]],"btipPosition":[59.7758,395.507,-17.3198],"carpPosition":[76.4665,313.11,34.8889],"dipPosition":[58.9432,381.076,-0.877841],"direction":[-0.0991486,0.784043,-0.612737],"extended":true,"handId":216,"id":2160,"length":48.7514,"mcpPosition":[76.4665,313.11,34.8889],"pipPosition":[62.1055,356.07,18.6649],"stabilizedTipPosition":[70.5935,384.109,-9.42563],"timeVisible":0.117058,"tipPosition":[63.8137,385.165,-22.3341],"tipVelocity":[-680.149,1819.55,602.499],"tool":false,"touchDistance":0.339054,"touchZone":"hovering","type":0,"width":19.5281},{"bases":[[[0.858892,-0.334828,-0.387549],[0.510801,0.505009,0.695736],[-0.037236,-0.795522,0.604779]],[[0.850123,-0.417166,-0.321345],[0.501631,0.455941,0.735177],[-0.160177,-0.786187,0.596869]],[[0.850123,-0.417166,-0.321345],[0.521168,0.579258,0.626773],[-0.075327,-0.700309,0.709854]],[[0.850123,-0.417166,-0.321345],[0.526498,0.684375,0.504411],[0.00949732,-0.597999,0.801441]]],"btipPosition":[105.58,438.188,-54.2119],"carpPosition":[94.9505,324.788,41.5203],"dipPosition":[105.731,428.63,-41.4029],"direction":[0.075327,0.700309,-0.709854],"extended":true,"handId":216,"id":2161,"length":55.0105,"mcpPosition":[97.591,381.201,-1.36599],"pipPosition":[104.028,412.796,-25.3532],"stabilizedTipPosition":[107.575,432.963,-50.884],"timeVisible":0.117058,"tipPosition":[102.038,435.636,-51.0096],"tipVelocity":[-512.481,1273.23,-145.283],"tool":false,"touchDistance":0.333333,"touchZone":"hovering","type":1,"width":18.6532},{"bases":[[[0.746217,-0.520381,-0.415167],[0.647712,0.423544,0.633309],[-0.15372,-0.741494,0.653113]],[[0.740988,-0.543547,-0.394326],[0.64551,0.414706,0.641354],[-0.185077,-0.729777,0.658158]],[[0.740988,-0.543547,-0.394326],[0.670704,0.570135,0.47445],[-0.0330672,-0.616038,0.787022]],[[0.740988,-0.543547,-0.394326],[0.667482,0.66046,0.343889],[0.0735166,-0.518024,0.852201]]],"btipPosition":[124.163,430.399,-71.743],"carpPosition":[105.894,322.138,37.7683],"dipPosition":[125.456,421.293,-56.7625],"direction":[0.0330672,0.616038,-0.787022],"extended":true,"handId":216,"id":2162,"length":62.68,"mcpPosition":[116.231,372.002,-6.15223],"pipPosition":[124.576,404.906,-35.8274],"stabilizedTipPosition":[130.874,362.549,-9.13903],"timeVisible":0.117058,"tipPosition":[123.92,422.886,-65.2665],"tipVelocity":[-460.858,1017.61,-237.489],"tool":false,"touchDistance":-1,"touchZone":"touching","type":2,"width":18.32},{"bases":[[[0.664498,-0.654264,-0.361084],[0.69414,0.36143,0.622525],[-0.276789,-0.664309,0.69432]],[[0.670339,-0.639716,-0.376044],[0.703989,0.388025,0.594841],[-0.234615,-0.663476,0.710461]],[[0.670339,-0.639716,-0.376044],[0.739449,0.533434,0.410686],[-0.0621272,-0.553364,0.830619]],[[0.670339,-0.639716,-0.376044],[0.739914,0.614688,0.273288],[0.056323,-0.461436,0.885384]]],"btipPosition":[142.513,407.203,-75.704],"carpPosition":[115.37,316.96,32.9095],"dipPosition":[143.498,399.138,-60.2296],"direction":[0.0621272,0.553364,-0.830619],"extended":true,"handId":216,"id":2163,"length":60.2685,"mcpPosition":[132.082,357.069,-9.01187],"pipPosition":[141.888,384.799,-38.7054],"stabilizedTipPosition":[124.612,396.191,-45.9329],"timeVisible":0.117058,"tipPosition":[140.145,402.656,-70.724],"tipVelocity":[-238.307,772.444,-323.413],"tool":false,"touchDistance":0.33138,"touchZone":"touching","type":3,"width":17.4326},{"bases":[[[0.504109,-0.777418,-0.376159],[0.761844,0.195149,0.617665],[-0.406777,-0.597945,0.690648]],[[0.496513,-0.788325,-0.363344],[0.778747,0.219636,0.587633],[-0.383443,-0.57472,0.722958]],[[0.496513,-0.788325,-0.363344],[0.853136,0.365976,0.371781],[-0.16011,-0.494576,0.85426]],[[0.496513,-0.788325,-0.363344],[0.86792,0.45751,0.193389],[0.0137802,-0.411373,0.911363]]],"btipPosition":[158.802,375.096,-67.7089],"carpPosition":[120.677,306.985,25.1288],"dipPosition":[159.025,368.463,-53.0142],"direction":[0.16011,0.494576,-0.85426],"extended":true,"handId":216,"id":2164,"length":47.2494,"mcpPosition":[143.412,340.405,-13.4721],"pipPosition":[156.095,359.415,-37.3847],"stabilizedTipPosition":[121.207,370.293,-39.0942],"timeVisible":0.117058,"tipPosition":[155.265,374.608,-62.3894],"tipVelocity":[-142.589,568.88,-340.413],"tool":false,"touchDistance":0.329973,"touchZone":"touching","type":4,"width":15.485}],"r":[[0.897674,0.294988,0.327358],[-0.231483,0.947797,-0.219309],[-0.374963,0.121091,0.919097]],"s":1.29575,"t":[-11.8844,105.749,-9.38901],"timestamp":258894012070},{"currentFrameRate":37.0477,"devices":[],"gestures":[],"hands":[{"armBasis":[[0.771025,-0.277197,-0.573309],[0.545403,0.752179,0.369814],[0.328719,-0.59782,0.731133]],"armWidth":61.4393,"confidence":0.588506,"direction":[0.259713,0.807594,-0.529472],"elbow":[188.472,143.173,238.601],"grabAngle":0.514419,"grabStrength":0,"id":216,"palmNormal":[-0.482248,-0.36656,-0.795657],"palmPosition":[107.526,358.146,5.72337],"palmVelocity":[-255.765,745.58,233.135],"palmWidth":87.7035,"pinchDistance":61.2585,"pinchStrength":0,"r":[[0.836853,0.399725,0.374027],[-0.274916,0.