{"frames":429,"data":[{"currentFrameRate":23.7647,"devices":[],"gestures":[],"hands":[],"id":137797,"interactionBox":{"center":[0,200,0],"size":[235.247,235.247,147.751]},"pointables":[],"r":[[-0.962136,-0.269906,0.0380192],[0.215739,-0.839331,-0.498979],[0.166588,-0.471883,0.86578]],"s":0.686793,"t":[505.899,-233.461,348.339],"timestamp":258910113996},{"currentFrameRate":23.7516,"devices":[],"gestures":[],"hands":[],"id":137798,"interactionBox":{"center":[0,200,0],"size":[235.247,235.247,147.751]},"pointables":[],"r":[[-0.962136,-0.269906,0.0380192],[0.215739,-0.839331,-0.498979],[0.166588,-0.471883,0.86578]],"s":0.686793,"t":[505.899,-233.461,348.339],"timestamp":258910156198},{"currentFrameRate":23.7679,"devices":[],"gestures":[],"hands":[],"id":137799,"interactionBox":{"center":[0,200,0],"size":[235.247,235.247,147.751]},"pointables":[],"r":[[-0.962136,-0.269906,0.0380192],[0.215739,-0.839331,-0.498979],[0.166588,-0.471883,0.86578]],"s":0.686793,"t":[505.899,-233.461,348.339],"timestamp":258910198148},{"currentFrameRate":23.7586,"devices":[],"gestures":[],"hands":[],"id":137800,"interactionBox":{"center":[0,200,0],"size":[235.247,235.247,147.751]},"pointables":[],"r":[[-0.962136,-0.269906,0.0380192],[0.215739,-0.839331,-0.498979],[0.166588,-0.471883,0.86578]],"s":0.686793,"t":[505.899,-233.461,348.339],"timestamp":258910240308},{"currentFrameRate":23.7704,"devices":[],"gestures":[],"hands":[],"id":137801,"interactionBox":{"center":[0,200,0],"size":[235.247,235.247,147.751]},"pointables":[],"r":[[-0.962136,-0.269906,0.0380192],[0.215739,-0.839331,-0.498979],[0.166588,-0.471883,0.86578]],"s":0.686793,"t":[505.899,-233.461,348.339],"timestamp":258910282288},{"currentFrameRate":23.7668,"devices":[],"gestures":[],"hands":[],"id":137802,"interactionBox":{"center":[0,200,0],"size":[235.247,235.247,147.751]},"pointables":[],"r":[[-0.962136,-0.269906,0.0380192],[0.215739,-0.839331,-0.498979],[0.166588,-0.471883,0.86578]],"s":0.686793,"t":[505.899,-233.461,348.339],"timestamp":258910324391},{"currentFrameRate":23.7721,"devices":[],"gestures":[],"hands":[],"id":137803,"interactionBox":{"center":[0,200,0],"size":[235.247,235.247,147.751]},"pointables":[],"r":[[-0.962136,-0.269906,0.0380192],[0.215739,-0.839331,-0.498979],[0.166588,-0.471883,0.86578]],"s":0.686793,"t":[505.899,-233.461,348.339],"timestamp":258910366417},{"currentFrameRate":23.7718,"devices":[],"gestures":[],"hands":[],"id":137804,"interactionBox":{"center":[0,200,0],"size":[235.247,235.247,147.751]},"pointables":[],"r":[[-0.962136,-0.269906,0.0380192],[0.215739,-0.839331,-0.498979],[0.166588,-0.471883,0.86578]],"s":0.686793,"t":[505.899,-233.461,348.339],"timestamp":258910408486},{"currentFrameRate":23.765,"devices":[],"gestures":[],"hands":[],"id":137805,"interactionBox":{"center":[0,200,0],"size":[235.247,235.247,147.751]},"pointables":[],"r":[[-0.962136,-0.269906,0.0380192],[0.215739,-0.839331,-0.498979],[0.166588,-0.471883,0.86578]],"s":0.686793,"t":[505.899,-233.461,348.339],"timestamp":258910450616},{"currentFrameRate":23.7716,"devices":[],"gestures":[],"hands":[],"id":137806,"interactionBox":{"center":[0,200,0],"size":[235.247,235.247,147.751]},"pointables":[],"r":[[-0.962136,-0.269906,0.0380192],[0.215739,-0.839331,-0.498979],[0.166588,-0.471883,0.86578]],"s":0.686793,"t":[505.899,-233.461,348.339],"timestamp":258910492633},{"currentFrameRate":23.7643,"devices":[],"gestures":[],"hands":[],"id":137807,"interactionBox":{"center":[0,200,0],"size":[235.247,235.247,147.751]},"pointables":[],"r":[[-0.962136,-0.269906,0.0380192],[0.215739,-0.839331,-0.498979],[0.166588,-0.471883,0.86578]],"s":0.686793,"t":[505.899,-233.461,348.339],"timestamp":258910534768},{"currentFrameRate":23.769,"devices":[],"gestures":[],"hands":[],"id":137808,"interactionBox":{"center":[0,200,0],"size":[235.247,235.247,147.751]},"pointables":[],"r":[[-0.962136,-0.269906,0.0380192],[0.215739,-0.839331,-0.498979],[0.166588,-0.471883,0.86578]],"s":0.686793,"t":[505.899,-233.461,348.339],"timestamp":258910576804},{"currentFrameRate":23.7689,"devices":[],"gestures":[],"hands":[{"armBasis":[[0.971175,-0.235924,0.0340564],[-0.217695,-0.936043,-0.276464],[-0.0971029,-0.261081,0.960421]],"armWidth":61.4185,"confidence":0,"direction":[0.041248,0.629176,-0.776168],"elbow":[89.9084,105.447,304.165],"grabAngle":0,"grabStrength":0,"id":217,"palmNormal":[0.21858,0.752329,0.621468],"palmPosition":[112.545,220.182,-1.29263],"palmVelocity":[1.19209e-7,1.19209e-7,1.19209e-7],"palmWidth":87.7035,"pinchDistance":56.6368,"pinchStrength":0,"r":[[1,7.63278e-18,4.16334e-18],[-7.63278e-18,1,-6.35557e-35],[-4.16334e-18,3.17778e-35,1]],"s":1,"sphereCenter":[116.805,172.015,-87.9515],"sphereRadius":92.6842,"stabilizedPalmPosition":[112.545,220.182,-1.29263],"t":[0,0,0],"timeVisible":0,"type":"left","wrist":[115.179,173.392,54.2171]}],"id":137809,"interactionBox":{"center":[0,200,0],"size":[235.247,235.247,147.751]},"pointables":[{"bases":[[[0.204861,-0.628715,-0.750166],[-0.898481,-0.42483,0.110687],[0.388283,-0.651335,0.651919]],[[0.246143,-0.696252,-0.674275],[-0.828194,-0.512479,0.226851],[0.503497,-0.502593,0.702774]],[[0.246143,-0.696252,-0.674275],[-0.952375,-0.302931,-0.0348585],[0.179989,-0.650743,0.737657]],[[0.246143,-0.696252,-0.674275],[-0.968888,-0.195325,-0.152],[0.0258727,-0.690711,0.722668]]],"btipPosition":[61.2766,255.139,-26.6662],"carpPosition":[92.0009,193.989,47.6921],"dipPosition":[61.8602,239.557,-10.364],"direction":[-0.179989,0.650743,-0.737657],"extended":true,"handId":217,"id":2170,"length":50.234,"mcpPosition":[92.0009,193.989,47.6921],"pipPosition":[67.7754,218.171,13.8784],"stabilizedTipPosition":[61.4108,251.555,-22.9167],"timeVisible":0,"tipPosition":[61.4108,251.555,-22.9167],"tipVelocity":[1.19209e-7,1.19209e-7,1.19209e-7],"tool":false,"touchDistance":1,"touchZone":"none","type":0,"width":19.5186},{"bases":[[[0.968032,-0.0868771,-0.235302],[-0.234413,-0.647135,-0.725443],[0.0892475,-0.757409,0.646812]],[[0.965211,-0.243854,-0.0943584],[-0.256927,-0.817523,-0.515407],[-0.0485438,-0.52172,0.851734]],[[0.965211,-0.243854,-0.0943584],[-0.256927,-0.817523,-0.515407],[-0.0485438,-0.52172,0.851734]],[[0.965211,-0.243854,-0.0943584],[-0.256927,-0.817523,-0.515407],[-0.0485438,-0.52172,0.851734]]],"btipPosition":[93.4979,280.842,-87.8618],"carpPosition":[95.886,184.781,27.146],"dipPosition":[92.6984,272.25,-73.835],"direction":[0.0485438,0.52172,-0.851735],"extended":true,"handId":217,"id":2171,"length":56.6834,"mcpPosition":[89.5573,238.491,-18.721],"pipPosition":[91.5675,260.096,-53.9918],"stabilizedTipPosition":[93.314,278.866,-84.6357],"timeVisible":0,"tipPosition":[93.314,278.866,-84.6357],"tipVelocity":[1.19209e-7,1.19209e-7,1.19209e-7],"tool":false,"touchDistance":0.256072,"touchZone":"hovering","type":1,"width":18.6442},{"bases":[[[0.996872,-0.076805,-0.0186105],[-0.0653645,-0.668978,-0.740403],[-0.0444166,-0.739304,0.671906]],[[0.988269,0.059235,-0.140767],[0.00854239,-0.941715,-0.336302],[0.152484,-0.331154,0.931174]],[[0.988269,0.059235,-0.140767],[0.00854239,-0.941715,-0.336302],[0.152484,-0.331154,0.931174]],[[0.988269,0.059235,-0.140767],[0.00854239,-0.941715,-0.336302],[0.152484,-0.331154,0.931174]]],"btipPosition":[95.7774,263.306,-108.01],"carpPosition":[106.816,183.129,22.8258],"dipPosition":[98.5394,257.308,-91.1433],"direction":[-0.152484,0.331154,-0.931174],"extended":true,"handId":217,"id":2172,"length":64.5862,"mcpPosition":[109.803,232.846,-22.3586],"pipPosition":[102.719,248.231,-65.6204],"stabilizedTipPosition":[96.4127,261.927,-104.131],"timeVisible":0,"tipPosition":[96.4127,261.927,-104.131],"tipVelocity":[1.19209e-7,1.19209e-7,1.19209e-7],"tool":false,"touchDistance":-0.0688424,"touchZone":"touching","type":2,"width":18.311},{"bases":[[[0.981543,-0.134112,0.136337],[0.00464193,-0.695982,-0.718044],[-0.191186,-0.705424,0.682513]],[[0.994203,0.0803449,-0.071449],[0.0604763,-0.967321,-0.246239],[0.0888981,-0.240491,0.966572]],[[0.994203,0.0803449,-0.071449],[0.0604763,-0.967321,-0.246239],[0.0888981,-0.240491,0.966572]],[[0.994203,0.0803449,-0.071449],[0.0604763,-0.967321,-0.246239],[0.0888981,-0.240491,0.966572]]],"btipPosition":[122.281,245.93,-104.618],"carpPosition":[118.541,182.228,21.4326],"dipPosition":[123.882,241.599,-87.2109],"direction":[-0.0888981,0.240491,-0.966572],"extended":true,"handId":217,"id":2173,"length":62.1014,"mcpPosition":[130.084,224.82,-19.7759],"pipPosition":[126.256,235.177,-61.4021],"stabilizedTipPosition":[122.649,244.933,-100.614],"timeVisible":0,"tipPosition":[122.649,244.933,-100.614],"tipVelocity":[1.19209e-7,1.19209e-7,1.19209e-7],"tool":false,"touchDistance":-0.0102404,"touchZone":"touching","type":3,"width":17.4241},{"bases":[[[0.938468,-0.0980037,0.331169],[0.140342,-0.767939,-0.62496],[-0.315566,-0.632981,0.706932]],[[0.989809,0.0934323,0.107465],[0.111831,-0.977214,-0.180407],[-0.0881607,-0.190586,0.977704]],[[0.989809,0.0934323,0.107465],[0.111831,-0.977214,-0.180407],[-0.0881607,-0.190586,0.977704]],[[0.989809,0.0934323,0.107465],[0.111831,-0.977214,-0.180407],[-0.0881607,-0.190586,0.977704]]],"btipPosition":[154.959,232.626,-81.0687],"carpPosition":[131.19,183.993,26.4403],"dipPosition":[153.494,229.459,-64.8249],"direction":[0.0881607,0.190586,-0.977704],"extended":true,"handId":217,"id":2174,"length":48.6863,"mcpPosition":[148.827,219.371,-13.0707],"pipPosition":[151.832,225.866,-46.3929],"stabilizedTipPosition":[154.622,231.897,-77.3326],"timeVisible":0,"tipPosition":[154.622,231.897,-77.3326],"tipVelocity":[1.19209e-7,1.19209e-7,1.19209e-7],"tool":false,"touchDistance":0.373344,"touchZone":"hovering","type":4,"width":15.4775}],"r":[[1,7.63278e-18,4.16334e-18],[-7.63278e-18,1,-6.35557e-35],[-4.16334e-18,3.17778e-35,1]],"s":1,"t":[0,0,0],"timestamp":258910618877},{"currentFrameRate":23.7686,"devices":[],"gestures":[],"hands":[{"armBasis":[[-0.989924,0.120695,0.0740425],[0.138365,0.935623,0.324753],[0.0300796,-0.331726,0.942896]],"armWidth":61.4393,"confidence":0.218087,"direction":[0.054265,0.765602,-0.641021],"elbow":[105.702,105.347,294.263],"grabAngle":0.618463,"grabStrength":0,"id":217,"palmNormal":[-0.128832,-0.631233,-0.764818],"palmPosition":[107.698,239.843,-5.25881],"palmVelocity":[-115.209,467.278,-94.2666],"palmWidth":87.7035,"pinchDistance":39.632,"pinchStrength":0,"r":[[0.999044,0.00484218,-0.0434481],[-0.0151268,0.970745,-0.239638],[0.0410166,0.240066,0.96989]],"s":0.911154,"sphereCenter":[94.5234,162.848,-105.858],"sphereRadius":126.715,"stabilizedPalmPosition":[108.016,238.553,-4.99857],"t":[-2.42365,9.83013,-1.98309],"timeVisible":0.042074,"type":"left","wrist":[97.8734,191.678,48.8765]}],"id":137810,"interactionBox":{"center":[0,200,0],"size":[235.247,235.247,147.751]},"pointables":[{"bases":[[[-0.272626,0.763918,0.584896],[0.833329,-0.116356,0.540392],[-0.480872,-0.634736,0.604874]],[[-0.187553,0.86009,0.474415],[0.904374,-0.0372752,0.42511],[-0.383317,-0.508779,0.770852]],[[-0.187553,0.86009,0.474415],[0.972135,0.0933844,0.215019],[-0.140633,-0.501522,0.853638]],[[-0.187553,0.86009,0.474415],[0.982254,0.164005,0.090989],[-0.000452572,-0.483061,0.875587]]],"btipPosition":[146.762,242.078,-59.3367],"carpPosition":[123.823,191.028,24.1474],"dipPosition":[146.752,231.503,-40.1679],"direction":[0.140633,0.501522,-0.853638],"extended":false,"handId":217,"id":2170,"length":48.7514,"mcpPosition":[123.823,191.028,24.1474],"pipPosition":[142.266,215.507,-12.9419],"stabilizedTipPosition":[141.716,240.35,-53.0362],"timeVisible":0.042074,"tipPosition":[149.16,242.709,-51.2075],"tipVelocity":[2028.53,-283.048,-760.831],"tool":false,"touchDistance":0.62379,"touchZone":"hovering","type":0,"width":19.5281},{"bases":[[[-0.94864,-0.31569,-0.0205556],[-0.228946,0.64023,0.733273],[0.218327,-0.700318,0.679623]],[[-0.972724,-0.121602,-0.197536],[-0.208157,0.833385,0.511996],[-0.102364,-0.539149,0.835966]],[[-0.972724,-0.121602,-0.197536],[-0.187219,0.914347,0.359052],[-0.136955,-0.386241,0.912174]],[[-0.972724,-0.121602,-0.197536],[-0.168704,0.955332,0.24265],[-0.159206,-0.269357,0.94979]]],"btipPosition":[80.2813,281.404,-69.0364],"carpPosition":[84.0253,213.02,28.6022],"dipPosition":[77.7143,277.061,-53.7221],"direction":[0.136955,0.386241,-0.912174],"extended":true,"handId":217,"id":2174,"length":47.2494,"mcpPosition":[71.8228,252.161,-9.38246],"pipPosition":[75.2086,269.994,-37.033],"stabilizedTipPosition":[81.8119,279.032,-65.8486],"timeVisible":0.042074,"tipPosition":[78.945,282.859,-62.6424],"tipVelocity":[-1780.93,1152.91,280.899],"tool":false,"touchDistance":0.546621,"touchZone":"hovering","type":4,"width":15.485},{"bases":[[[-0.967012,0.250872,-0.0441623],[0.160004,0.733117,0.661013],[-0.198206,-0.632142,0.749073]],[[-0.971769,-0.000639879,0.235935],[0.0807605,0.938686,0.335181],[0.221684,-0.344773,0.912134]],[[-0.971769,-0.000639879,0.235935],[0.0807605,0.938686,0.335181],[0.221684,-0.344773,0.912134]],[[-0.971769,-0.000639879,0.235935],[0.0807605,0.938686,0.335181],[0.221684,-0.344773,0.912134]]],"btipPosition":[115.704,283.774,-92.5261],"carpPosition":[119.113,211.786,32.451],"dipPosition":[119.247,278.263,-77.948],"direction":[-0.221684,0.344773,-0.912134],"extended":true,"handId":217,"id":2171,"length":55.0105,"mcpPosition":[133.168,256.612,-20.6676],"pipPosition":[124.259,270.468,-57.3248],"stabilizedTipPosition":[115.758,282.387,-89.0243],"timeVisible":0.042074,"tipPosition":[118.089,285.707,-86.979],"tipVelocity":[551.528,86.5194,-107.845],"tool":false,"touchDistance":0.248904,"touchZone":"hovering","type":1,"width":18.6532},{"bases":[[[-0.997913,0.0344814,-0.054589],[-0.0101745,0.750919,0.660316],[-0.0637605,-0.659494,0.749001]],[[-0.962803,0.170956,-0.209248],[0.0438376,0.862974,0.503343],[-0.266625,-0.475447,0.838368]],[[-0.962803,0.170956,-0.209248],[0.115923,0.960856,0.251631],[-0.244075,-0.218015,0.944932]],[[-0.962803,0.170956,-0.209248],[0.162622,0.985067,0.0565381],[-0.215789,-0.0204067,0.976227]]],"btipPosition":[134.73,288.238,-97.8739],"carpPosition":[108.135,216.293,32.5917],"dipPosition":[130.937,287.879,-80.7132],"direction":[0.244075,0.218015,-0.944932],"extended":true,"handId":217,"id":2172,"length":62.68,"mcpPosition":[112.423,260.643,-17.7771],"pipPosition":[124.444,282.08,-55.5777],"stabilizedTipPosition":[132.518,287.217,-94.2919],"timeVisible":0.042074,"tipPosition":[133.735,290.342,-91.9736],"tipVelocity":[889.975,623.386,242.515],"tool":false,"touchDistance":0.151217,"touchZone":"hovering","type":2,"width":18.32},{"bases":[[[-0.992794,-0.119651,0.00660658],[-0.0834722,0.730057,0.678269],[0.0859784,-0.67283,0.734784]],[[-0.984915,0.043088,-0.167588],[-0.0551455,0.839844,0.54002],[-0.164016,-0.541115,0.824799]],[[-0.984915,0.043088,-0.167588],[-0.0239875,0.925152,0.378837],[-0.171368,-0.377143,0.910163]],[[-0.984915,0.043088,-0.167588],[0.0505006,0.997914,-0.0402217],[-0.165505,0.0480782,0.985036]]],"btipPosition":[105.415,290.045,-87.7089],"carpPosition":[96.4177,217.872,31.9293],"dipPosition":[102.522,290.885,-70.4928],"direction":[0.171368,0.377143,-0.910163],"extended":true,"handId":217,"id":2173,"length":60.2685,"mcpPosition":[91.2265,258.496,-12.4352],"pipPosition":[98.0815,281.112,-46.9074],"stabilizedTipPosition":[105.716,287.791,-84.6601],"timeVisible":0.042074,"tipPosition":[104.657,292.305,-81.5765],"tipVelocity":[-425.438,1076.78,400.846],"tool":false,"touchDistance":0.320846,"touchZone":"hovering","type":3,"width":17.4326}],"r":[[0.999044,0.00484218,-0.0434481],[-0.0151268,0.970745,-0.239638],[0.0410166,0.240066,0.96989]],"s":0.911154,"t":[-2.42365,9.83013,-1.98309],"timestamp":258910660951},{"currentFrameRate":24.8093,"devices":[],"gestures":[],"hands":[{"armBasis":[[-0.998153,-0.0603769,0.00676537],[-0.0526126,0.914694,0.400709],[0.0303818,-0.399613,0.91618]],"armWidth":61.4393,"confidence":0.374225,"direction":[-0.0864634,0.865682,-0.493071],"elbow":[110.021,94.7998,286.477],"grabAngle":0.539482,"grabStrength":0,"id":217,"palmNormal":[0.00104619,-0.494845,-0.86898],"palmPosition":[103.656,256.235,2.99032],"palmVelocity":[-124.032,502.993,253.126],"palmWidth":87.7035,"pinchDistance":43.3222,"pinchStrength":0.221896,"r":[[0.996807,0.0389095,-0.0697228],[-0.0631742,0.918353,-0.390688],[0.0488286,0.393846,0.917879]],"s":0.921679,"sphereCenter":[110.836,195.193,-117.38],"sphereRadius":135.648,"stabilizedPalmPosition":[103.94,255.084,2.47029],"t":[-5.65651,22.9412,1.14994],"timeVisible":0.074663,"type":"left","wrist":[102.114,198.798,48.043]}],"id":137811,"interactionBox":{"center":[0,200,0],"size":[235.247,235.247,147.751]},"pointables":[{"bases":[[[-0.418698,0.581084,0.697878],[0.835055,-0.0556599,0.547343],[-0.356896,-0.811938,0.461932]],[[-0.385047,0.651475,0.653696],[0.84738,-0.031051,0.530078],[-0.365631,-0.758034,0.540091]],[[-0.385047,0.651475,0.653696],[0.918539,0.339279,0.20292],[0.0895879,-0.678579,0.729044]],[[-0.385047,0.651475,0.653696],[0.867371,0.497432,0.0151653],[0.31529,-0.572836,0.756605]]],"btipPosition":[136.336,277.409,-41.7924],"carpPosition":[128.504,206.753,24.0101],"dipPosition":[143.238,264.868,-25.2284],"direction":[-0.0895879,0.678579,-0.729044],"extended":false,"handId":217,"id":2170,"length":48.7514,"mcpPosition":[128.504,206.753,24.0101],"pipPosition":[146.096,243.226,-1.97621],"stabilizedTipPosition":[138.247,271.609,-39.2673],"timeVisible":0.074663,"tipPosition":[141.778,274.833,-39.1367],"tipVelocity":[-271.127,1070.27,519.967],"tool":false,"touchDistance":0.848922,"touchZone":"hovering","type":0,"width":19.5281},{"bases":[[[-0.951843,-0.301048,-0.0580013],[-0.227454,0.566566,0.792002],[0.205569,-0.767055,0.607757]],[[-0.973726,-0.123061,-0.191611],[-0.224597,0.657952,0.718788],[-0.0376163,-0.742937,0.668303]],[[-0.973726,-0.123061,-0.191611],[-0.194987,0.885204,0.422367],[-0.117638,-0.448631,0.885941]],[[-0.973726,-0.123061,-0.191611],[-0.175596,0.941493,0.287675],[-0.144999,-0.313762,0.938365]]],"btipPosition":[91.1568,320.653,-68.7894],"carpPosition":[96.4137,226.18,35.1951],"dipPosition":[88.6225,315.169,-52.389],"direction":[0.117638,0.448631,-0.885941],"extended":true,"handId":217,"id":2173,"length":60.2685,"mcpPosition":[84.002,272.493,-1.49971],"pipPosition":[85.5742,303.544,-29.4313],"stabilizedTipPosition":[92.2204,315.956,-67.1531],"timeVisible":0.074663,"tipPosition":[91.3207,320.095,-63.1545],"tipVelocity":[-434.984,894.59,574.792],"tool":false,"touchDistance":0.603074,"touchZone":"hovering","type":3,"width":17.4326},{"bases":[[[-0.8709,-0.47725,-0.117329],[-0.353671,0.442837,0.823901],[0.341249,-0.759031,0.554456]],[[-0.872026,-0.474732,-0.119167],[-0.381997,0.50787,0.772105],[0.306021,-0.718817,0.624222]],[[-0.872026,-0.474732,-0.119167],[-0.459829,0.71116,0.531798],[0.167715,-0.518538,0.838445]],[[-0.872026,-0.474732,-0.119167],[-0.47274,0.753804,0.456395],[0.126837,-0.454323,0.881761]]],"btipPosition":[50.8965,302.807,-50.6671],"carpPosition":[85.2048,219.796,30.5263],"dipPosition":[52.9416,295.482,-36.4497],"direction":[-0.167715,0.518538,-0.838445],"extended":true,"handId":217,"id":2174,"length":47.2494,"mcpPosition":[66.1321,262.219,-0.462647],"pipPosition":[56.0101,285.995,-21.1095],"stabilizedTipPosition":[53.3663,299.672,-48.6089],"timeVisible":0.074663,"tipPosition":[57.309,301.746,-47.2953],"tipVelocity":[-869.131,635.726,555.925],"tool":false,"touchDistance":0.797048,"touchZone":"hovering","type":4,"width":15.485},{"bases":[[[-0.996629,0.0707727,-0.0415018],[0.0111348,0.617847,0.786219],[-0.0812846,-0.783107,0.616552]],[[-0.995907,0.0773797,-0.046704],[0.0402071,0.842097,0.537826],[-0.0809461,-0.533747,0.841761]],[[-0.995907,0.0773797,-0.046704],[0.0570751,0.939104,0.338859],[-0.0700807,-0.334806,0.939677]],[[-0.995907,0.0773797,-0.046704],[0.0570751,0.939104,0.338859],[-0.0700807,-0.334806,0.939677]]],"btipPosition":[131.569,314.323,-78.1866],"carpPosition":[119.847,224.42,35.6279],"dipPosition":[130.449,308.972,-63.1683],"direction":[0.0700807,0.334806,-0.939677],"extended":true,"handId":217,"id":2171,"length":55.0105,"mcpPosition":[125.611,279.952,-8.09327],"pipPosition":[128.864,301.403,-41.9223],"stabilizedTipPosition":[130.493,311.478,-75.484],"timeVisible":0.074663,"tipPosition":[125.126,314.111,-73.2968],"tipVelocity":[453.905,938.549,443.117],"tool":false,"touchDistance":0.473958,"touchZone":"hovering","type":1,"width":18.6532},{"bases":[[[-0.985645,-0.14205,-0.0912408],[-0.159305,0.603575,0.78123],[0.0559033,-0.78455,0.61754]],[[-0.969704,0.0527778,-0.238513],[-0.119209,0.749994,0.650614],[-0.213222,-0.659335,0.720981]],[[-0.969704,0.0527778,-0.238513],[-0.0616386,0.891925,0.447962],[-0.236379,-0.449092,0.86165]],[[-0.969704,0.0527778,-0.238513],[-0.0616386,0.891925,0.447962],[-0.236379,-0.449092,0.86165]]],"btipPosition":[124.508,329.038,-76.0224],"carpPosition":[108.21,226.71,36.0806],"dipPosition":[120.352,321.143,-60.8757],"direction":[0.236379,0.449092,-0.86165],"extended":true,"handId":217,"id":2172,"length":62.68,"mcpPosition":[104.451,279.469,-5.44776],"pipPosition":[114.065,309.197,-37.9555],"stabilizedTipPosition":[124.243,324.14,-74.2143],"timeVisible":0.074663,"tipPosition":[121.232,325.991,-72.3211],"tipVelocity":[-316.227,1198.78,656.305],"tool":false,"touchDistance":0.490254,"touchZone":"hovering","type":2,"width":18.32}],"r":[[0.996807,0.0389095,-0.0697228],[-0.0631742,0.918353,-0.390688],[0.0488286,0.393846,0.917879]],"s":0.921679,"t":[-5.65651,22.9412,1.14994],"timestamp":258910693540},{"currentFrameRate":28.3545,"devices":[],"gestures":[],"hands":[{"armBasis":[[-0.995151,-0.0969073,0.0168363],[-0.0839011,0.925678,0.368892],[0.0513333,-0.365691,0.92932]],"armWidth":61.4393,"confidence":0.422925,"direction":[-0.122583,0.860542,-0.494409],"elbow":[118.145,109.778,293.293],"grabAngle":0.590036,"grabStrength":0,"id":217,"palmNormal":[0.00940994,-0.497136,-0.867621],"palmPosition":[103.817,262.014,5.99695],"palmVelocity":[14.6563,525.637,273.454],"palmWidth":87.7035,"pinchDistance":42.0359,"pinchStrength":0.267562,"r":[[0.992849,0.0694701,-0.0970829],[-0.10921,0.856989,-0.503629],[0.0482118,0.51063,0.858448]],"s":0.937527,"sphereCenter":[107.562,201.638,-114.168],"sphereRadius":135.228,"stabilizedPalmPosition":[103.866,259.243,4.58658],"t":[-7.19237,32.3865,4.21976],"timeVisible":0.085658,"type":"left","wrist":[104.785,204.949,51.4399]}],"id":137812,"interactionBox":{"center":[0,200,0],"size":[235.247,235.247,147.751]},"pointables":[{"bases":[[[-0.431681,0.567902,0.700813],[0.84232,-0.024174,0.538435],[-0.32272,-0.822741,0.46792]],[[-0.396194,0.649522,0.648961],[0.847597,-0.0130087,0.530482],[-0.353002,-0.760231,0.545379]],[[-0.396194,0.649522,0.648961],[0.916082,0.327236,0.231753],[0.0618345,-0.686321,0.724665]],[[-0.396194,0.649522,0.648961],[0.886591,0.454398,0.0864768],[0.238718,-0.609625,0.755891]]],"btipPosition":[140.425,285.329,-39.023],"carpPosition":[130.639,213.515,26.8786],"dipPosition":[145.651,271.982,-22.4747],"direction":[-0.0618345,0.686321,-0.724665],"extended":false,"handId":217,"id":2170,"length":48.7514,"mcpPosition":[130.639,213.515,26.8786],"pipPosition":[147.623,250.093,0.637889],"stabilizedTipPosition":[140.266,277.971,-36.8477],"timeVisible":0.085658,"tipPosition":[140.999,281.936,-36.256],"tipVelocity":[336.839,703.422,251.55],"tool":false,"touchDistance":0.83885,"touchZone":"hovering","type":0,"width":19.5281},{"bases":[[[-0.998907,0.0350543,-0.0309195],[-0.00251405,0.620242,0.784406],[-0.0466744,-0.783627,0.619476]],[[-0.991568,0.100084,-0.0823163],[0.036211,0.823911,0.565562],[-0.124425,-0.557812,0.820587]],[[-0.991568,0.100084,-0.0823163],[0.0742571,0.959421,0.272025],[-0.106201,-0.263619,0.958763]],[[-0.991568,0.100084,-0.0823163],[0.0742571,0.959421,0.272025],[-0.106201,-0.263619,0.958763]]],"btipPosition":[133.891,319.057,-75.3652],"carpPosition":[121.482,230.897,38.5422],"dipPosition":[132.194,314.844,-60.0418],"direction":[0.106201,0.263619,-0.958763],"extended":true,"handId":217,"id":2171,"length":55.0105,"mcpPosition":[124.792,286.466,-5.38627],"pipPosition":[129.792,308.883,-38.3644],"stabilizedTipPosition":[132.365,315.591,-73.2167],"timeVisible":0.085658,"tipPosition":[125.256,319.793,-70.9731],"tipVelocity":[199.107,454.305,262.988],"tool":false,"touchDistance":0.503269,"touchZone":"hovering","type":1,"width":18.6532},{"bases":[[[-0.980866,-0.177392,-0.0802079],[-0.172379,0.599884,0.781297],[0.0904804,-0.780174,0.618985]],[[-0.980376,-0.0274621,-0.195217],[-0.153323,0.728674,0.667478],[-0.123919,-0.68431,0.718585]],[[-0.980376,-0.0274621,-0.195217],[-0.112799,0.890273,0.441237],[-0.161679,-0.454598,0.8759]],[[-0.980376,-0.0274621,-0.195217],[-0.0952026,0.933078,0.346845],[-0.172627,-0.358624,0.917381]]],"btipPosition":[116.614,334.487,-74.3363],"carpPosition":[109.776,232.771,39.1145],"dipPosition":[113.58,328.183,-58.21],"direction":[0.161679,0.454598,-0.8759],"extended":true,"handId":217,"id":2172,"length":62.68,"mcpPosition":[103.692,285.236,-2.51101],"pipPosition":[109.279,316.09,-34.9107],"stabilizedTipPosition":[119.037,329.703,-71.9715],"timeVisible":0.085658,"tipPosition":[117.579,332.337,-69.9052],"tipVelocity":[-694.458,528.888,173.841],"tool":false,"touchDistance":0.503233,"touchZone":"hovering","type":2,"width":18.32},{"bases":[[[-0.941056,-0.334981,-0.0469126],[-0.239045,0.560501,0.792903],[0.239313,-0.757381,0.607539]],[[-0.969572,-0.182188,-0.163519],[-0.24302,0.635708,0.732678],[0.029535,-0.750122,0.660639]],[[-0.969572,-0.182188,-0.163519],[-0.238164,0.856536,0.457848],[-0.0566454,-0.48286,0.873863]],[[-0.969572,-0.182188,-0.163519],[-0.224792,0.927091,0.299951],[-0.0969493,-0.327582,0.939836]]],"btipPosition":[85.4763,327.136,-65.0058],"carpPosition":[97.9975,231.818,38.358],"dipPosition":[83.7818,321.411,-48.5797],"direction":[0.0566454,0.48286,-0.873863],"extended":true,"handId":217,"id":2173,"length":60.2685,"mcpPosition":[83.5484,277.547,1.67629],"pipPosition":[82.3139,308.898,-25.935],"stabilizedTipPosition":[88.3268,321.339,-63.9192],"timeVisible":0.085658,"tipPosition":[87.9121,325.3,-60.3615],"tipVelocity":[-499.077,584.59,344.657],"tool":false,"touchDistance":0.632942,"touchZone":"hovering","type":3,"width":17.4326},{"bases":[[[-0.854514,-0.508364,-0.106643],[-0.360415,0.432447,0.826493],[0.374042,-0.744685,0.552754]],[[-0.861954,-0.493093,-0.117877],[-0.392569,0.502007,0.770635],[0.32082,-0.710526,0.62628]],[[-0.861954,-0.493093,-0.117877],[-0.477708,0.712048,0.514571],[0.169797,-0.499847,0.849307]],[[-0.861954,-0.493093,-0.117877],[-0.493137,0.761453,0.42072],[0.117696,-0.42077,0.8995]]],"btipPosition":[50.4529,306.077,-47.8235],"carpPosition":[86.9742,225.025,33.8276],"dipPosition":[52.3506,299.292,-33.3201],"direction":[-0.169797,0.499847,-0.849307],"extended":true,"handId":217,"id":2174,"length":47.2494,"mcpPosition":[66.0687,266.646,2.9337],"pipPosition":[55.4572,290.147,-17.7812],"stabilizedTipPosition":[52.0123,302.32,-46.3561],"timeVisible":0.085658,"tipPosition":[54.9085,305.576,-43.9622],"tipVelocity":[-43.4248,308.678,264.604],"tool":false,"touchDistance":0.794316,"touchZone":"hovering","type":4,"width":15.485}],"r":[[0.992849,0.0694701,-0.0970829],[-0.10921,0.856989,-0.503629],[0.0482118,0.51063,0.858448]],"s":0.937527,"t":[-7.19237,32.3865,4.21976],"timestamp":258910704535},{"currentFrameRate":31.7193,"devices":[],"gestures":[],"hands":[{"armBasis":[[-0.990618,-0.125923,0.0531023],[-0.100285,0.933783,0.3435],[0.0928405,-0.334951,0.93765]],"armWidth":61.4393,"confidence":0.468978,"direction":[-0.146726,0.866864,-0.476465],"elbow":[130.252,123.533,297.046],"grabAngle":0.675559,"grabStrength":0,"id":217,"palmNormal":[0.004489,-0.481089,-0.87666],"palmPosition":[103.074,268.152,8.35058],"palmVelocity":[-68.022,562.264,215.593],"palmWidth":87.7035,"pinchDistance":40.299,"pinchStrength":0.34055,"r":[[0.987608,0.0949673,-0.124948],[-0.150564,0.797992,-0.583557],[0.0442889,0.595138,0.802402]],"s":0.954484,"sphereCenter":[102.72,219.655,-101.641],"sphereRadius":121.13,"stabilizedPalmPosition":[103.377,264.749,6.91292],"t":[-8.3316,40.1782,6.93149],"timeVisible":0.096575,"type":"left","wrist":[106.09,210.703,53.0247]}],"id":137813,"interactionBox":{"center":[0,200,0],"size":[235.247,235.247,147.751]},"pointables":[{"bases":[[[-0.430684,0.546832,0.717974],[0.85133,-0.0179151,0.524324],[-0.29958,-0.837051,0.457819]],[[-0.388304,0.650536,0.652705],[0.851759,-0.0169917,0.523659],[-0.351749,-0.759286,0.547501]],[[-0.388304,0.650536,0.652705],[0.920563,0.306295,0.242379],[0.0422444,-0.694972,0.717794]],[[-0.388304,0.650536,0.652705],[0.904299,0.405322,0.134006],[0.177379,-0.642276,0.745667]]],"btipPosition":[142.83,292.56,-37.6571],"carpPosition":[131.136,219.801,27.9037],"dipPosition":[146.713,278.499,-21.3326],"direction":[-0.0422444,0.694972,-0.717794],"extended":false,"handId":217,"id":2170,"length":48.7514,"mcpPosition":[131.136,219.801,27.9037],"pipPosition":[148.061,256.334,1.56084],"stabilizedTipPosition":[142.481,285.247,-34.9604],"timeVisible":0.096575,"tipPosition":[140.149,289.493,-34.0732],"tipVelocity":[192.006,647.355,120.402],"tool":false,"touchDistance":0.808015,"touchZone":"hovering","type":0,"width":19.5281},{"bases":[[[-0.99976,0.0166365,-0.014249],[-0.00125898,0.605789,0.795624],[-0.0218683,-0.795451,0.605623]],[[-0.989482,0.114333,-0.0886188],[0.0378552,0.79593,0.604204],[-0.139615,-0.594494,0.791886]],[[-0.989482,0.114333,-0.0886188],[0.101853,0.985675,0.134427],[-0.102719,-0.123987,0.986953]],[[-0.989482,0.114333,-0.0886188],[0.101853,0.985675,0.134427],[-0.102719,-0.123987,0.986953]]],"btipPosition":[132.974,321.876,-72.8291],"carpPosition":[121.849,236.792,40.0304],"dipPosition":[131.333,319.895,-57.0552],"direction":[0.102719,0.123987,-0.986953],"extended":true,"handId":217,"id":2171,"length":55.0105,"mcpPosition":[123.399,293.2,-2.9157],"pipPosition":[129.01,317.091,-34.7404],"stabilizedTipPosition":[132.498,318.943,-70.9081],"timeVisible":0.096575,"tipPosition":[124.893,326.067,-68.2234],"tipVelocity":[-82.7764,305.283,241.799],"tool":false,"touchDistance":0.525871,"touchZone":"hovering","type":1,"width":18.6532},{"bases":[[[-0.978562,-0.194503,-0.0677206],[-0.170742,0.582269,0.794864],[0.115172,-0.789387,0.602996]],[[-0.98501,-0.0807723,-0.152418],[-0.164753,0.702305,0.692549],[-0.0511048,-0.707279,0.705085]],[[-0.98501,-0.0807723,-0.152418],[-0.140763,0.887105,0.43958],[-0.0997046,-0.454445,0.885177]],[[-0.98501,-0.0807723,-0.152418],[-0.122903,0.948627,0.291551],[-0.121038,-0.305914,0.944334]]],"btipPosition":[109.46,340.874,-71.6628],"carpPosition":[110.121,238.433,40.8247],"dipPosition":[107.332,335.496,-55.0627],"direction":[0.0997046,0.454445,-0.885177],"extended":true,"handId":217,"id":2172,"length":62.68,"mcpPosition":[102.376,291.518,0.274394],"pipPosition":[104.68,323.408,-31.5166],"stabilizedTipPosition":[112.462,336.192,-69.2761],"timeVisible":0.096575,"tipPosition":[113.181,339.993,-66.7421],"tipVelocity":[-636.238,604.553,254.877],"tool":false,"touchDistance":0.52798,"touchZone":"hovering","type":2,"width":18.32},{"bases":[[[-0.935273,-0.351884,-0.0379729],[-0.236461,0.541424,0.806812],[0.263345,-0.763569,0.589587]],[[-0.96712,-0.211155,-0.141745],[-0.243765,0.610755,0.753364],[0.0725051,-0.763146,0.642146]],[[-0.96712,-0.211155,-0.141745],[-0.253657,0.841072,0.477761],[-0.0183363,-0.498007,0.866979]],[[-0.96712,-0.211155,-0.141745],[-0.244433,0.925653,0.288825],[-0.0702199,-0.313976,0.946831]]],"btipPosition":[81.123,333.661,-61.2111],"carpPosition":[98.3511,237.271,40.2397],"dipPosition":[79.8958,328.174,-44.6627],"direction":[0.0183363,0.498007,-0.866979],"extended":true,"handId":217,"id":2173,"length":60.2685,"mcpPosition":[82.451,283.373,4.64196],"pipPosition":[79.4206,315.269,-22.1964],"stabilizedTipPosition":[84.1836,327.46,-60.3139],"timeVisible":0.096575,"tipPosition":[84.5845,332.322,-56.6347],"tipVelocity":[-388.914,602.725,350.174],"tool":false,"touchDistance":0.660324,"touchZone":"hovering","type":3,"width":17.4326},{"bases":[[[-0.846495,-0.522483,-0.102263],[-0.35485,0.410502,0.839982],[0.396897,-0.747328,0.532891]],[[-0.853498,-0.508954,-0.111833],[-0.386541,0.474433,0.790885],[0.349467,-0.718247,0.601659]],[[-0.853498,-0.508954,-0.111833],[-0.489264,0.70883,0.508114],[0.179336,-0.488391,0.853998]],[[-0.853498,-0.508954,-0.111833],[-0.5106,0.773964,0.374524],[0.10406,-0.376758,0.920448]]],"btipPosition":[48.683,310.888,-44.3878],"carpPosition":[87.384,230.352,35.7624],"dipPosition":[50.3609,304.814,-29.5466],"direction":[-0.179336,0.488391,-0.853998],"extended":true,"handId":217,"id":2174,"length":47.2494,"mcpPosition":[65.201,272.121,5.9787],"pipPosition":[53.642,295.878,-13.9219],"stabilizedTipPosition":[50.4631,306.094,-43.5235],"timeVisible":0.096575,"tipPosition":[52.2746,311.503,-40.0842],"tipVelocity":[-166.752,455.685,321.833],"tool":false,"touchDistance":0.800919,"touchZone":"hovering","type":4,"width":15.485}],"r":[[0.987608,0.0949673,-0.124948],[-0.150564,0.797992,-0.583557],[0.0442889,0.595138,0.802402]],"s":0.954484,"t":[-8.3316,40.1782,6.93149],"timestamp":258910715452},{"currentFrameRate":34.8953,"devices":[],"gestures":[],"hands":[{"armBasis":[[-0.985043,-0.1479,0.0884026],[-0.108615,0.931266,0.347773],[0.133762,-0.33297,0.933402]],"armWidth":61.4393,"confidence":0.512825,"direction":[-0.16219,0.873057,-0.459854],"elbow":[142.172,129.422,296.809],"grabAngle":0.777646,"grabStrength":0,"id":217,"palmNormal":[-0.000232767,-0.466058,-0.884754],"palmPosition":[102.866,274.086,10.1751],"palmVelocity":[-18.9574,540.828,166.304],"palmWidth":87.7035,"pinchDistance":39.9038,"pinchStrength":0.411328,"r":[[0.981719,0.115698,-0.151137],[-0.186348,0.745964,-0.639385],[0.0387669,0.65586,0.753886]],"s":0.967286,"sphereCenter":[101.34,234.634,-92.1979],"sphereRadius":110.854,"stabilizedPalmPosition":[103.046,270.807,9.02939],"t":[-9.0052,47.0408,9.19961],"timeVisible":0.107546,"type":"left","wrist":[107.361,216.077,53.8936]}],"id":137814,"interactionBox":{"center":[0,200,0],"size":[235.247,235.247,147.751]},"pointables":[{"bases":[[[-0.42851,0.529517,0.732114],[0.857539,-0.0168949,0.514141],[-0.284615,-0.848131,0.446842]],[[-0.383159,0.645906,0.660298],[0.855365,-0.0216908,0.517571],[-0.348625,-0.763108,0.544175]],[[-0.383159,0.645906,0.660298],[0.922719,0.300301,0.241682],[0.0421844,-0.701872,0.711053]],[[-0.383159,0.645906,0.660298],[0.911887,0.378388,0.159011],[0.147143,-0.663044,0.733976]]],"btipPosition":[143.914,299.358,-36.3546],"carpPosition":[131.706,225.74,28.5752],"dipPosition":[147.135,284.842,-20.286],"direction":[-0.0421844,0.701872,-0.711053],"extended":false,"handId":217,"id":2170,"length":48.7514,"mcpPosition":[131.706,225.74,28.5752],"pipPosition":[148.48,262.456,2.39238],"stabilizedTipPosition":[143.966,292.608,-33.3877],"timeVisible":0.107546,"tipPosition":[139.839,296.508,-32.3422],"tipVelocity":[84.8817,610.039,113.356],"tool":false,"touchDistance":0.779201,"touchZone":"hovering","type":0,"width":19.5281},{"bases":[[[-0.999983,0.00523213,-0.00249303],[0.00108924,0.592144,0.805831],[-0.00569245,-0.805815,0.59214]],[[-0.990656,0.110541,-0.0798892],[0.0360402,0.7771,0.628345],[-0.13154,-0.619594,0.773822]],[[-0.990656,0.110541,-0.0798892],[0.104068,0.991258,0.0811042],[-0.0881561,-0.0720324,0.993499]],[[-0.990656,0.110541,-0.0798892],[0.121556,0.981244,-0.149613],[-0.0618524,0.157926,0.985512]]],"btipPosition":[131.039,323.561,-70.2059],"carpPosition":[122.367,242.413,41.0965],"dipPosition":[130.05,326.085,-54.455],"direction":[0.0881561,0.0720324,-0.993499],"extended":true,"handId":217,"id":2171,"length":55.0105,"mcpPosition":[122.77,299.556,-0.893552],"pipPosition":[128.057,324.456,-31.9922],"stabilizedTipPosition":[131.6,321.712,-68.6042],"timeVisible":0.107546,"tipPosition":[125.027,331.216,-65.8751],"tipVelocity":[-162.756,247.988,238.617],"tool":false,"touchDistance":0.545885,"touchZone":"hovering","type":1,"width":18.6532},{"bases":[[[-0.976994,-0.204708,-0.0598076],[-0.168111,0.566669,0.806613],[0.131229,-0.798111,0.588046]],[[-0.985581,-0.112547,-0.126343],[-0.169095,0.681775,0.711751],[-0.00603202,-0.722852,0.690976]],[[-0.985581,-0.112547,-0.126343],[-0.157947,0.87975,0.448433],[-0.0606804,-0.461923,0.884842]],[[-0.985581,-0.112547,-0.126343],[-0.142908,0.953479,0.265435],[-0.0905914,-0.279663,0.955815]]],"btipPosition":[105.285,347.371,-68.9857],"carpPosition":[110.631,243.904,42.0532],"dipPosition":[103.692,342.455,-52.1837],"direction":[0.0606804,0.461923,-0.884842],"extended":true,"handId":217,"id":2172,"length":62.68,"mcpPosition":[101.806,297.575,2.50827],"pipPosition":[102.078,330.167,-28.6466],"stabilizedTipPosition":[107.382,342.958,-66.4783],"timeVisible":0.107546,"tipPosition":[110.438,347.164,-63.9641],"tipVelocity":[-369.341,601.873,248.248],"tool":false,"touchDistance":0.549368,"touchZone":"hovering","type":2,"width":18.32},{"bases":[[[-0.931563,-0.362057,-0.0332545],[-0.233214,0.524865,0.818614],[0.278931,-0.770345,0.573381]],[[-0.96565,-0.224202,-0.131353],[-0.242027,0.59208,0.768677],[0.0945668,-0.774064,0.626005]],[[-0.96565,-0.224202,-0.131353],[-0.259773,0.820949,0.508489],[0.00616961,-0.525144,0.850991]],[[-0.96565,-0.224202,-0.131353],[-0.254068,0.92067,0.296338],[-0.0544938,-0.319531,0.946008]]],"btipPosition":[78.8683,340.671,-57.7856],"carpPosition":[98.8693,242.615,41.5835],"dipPosition":[77.9159,335.086,-41.2516],"direction":[-0.00616961,0.525144,-0.850991],"extended":true,"handId":217,"id":2173,"length":60.2685,"mcpPosition":[82.0282,289.126,6.96417],"pipPosition":[78.0758,321.478,-19.1996],"stabilizedTipPosition":[81.0424,334.229,-56.7204],"timeVisible":0.107546,"tipPosition":[82.7293,339.139,-53.5051],"tipVelocity":[-199.752,636.886,311.933],"tool":false,"touchDistance":0.678958,"touchZone":"hovering","type":3,"width":17.4326},{"bases":[[[-0.841593,-0.530495,-0.101467],[-0.349702,0.392028,0.850895],[0.411618,-0.751591,0.515443]],[[-0.853701,-0.507435,-0.117067],[-0.379958,0.453203,0.806374],[0.356127,-0.732883,0.579704]],[[-0.853701,-0.507435,-0.117067],[-0.490737,0.708657,0.506935],[0.174276,-0.49022,0.853998]],[[-0.853701,-0.507435,-0.117067],[-0.513886,0.784452,0.347211],[0.0843533,-0.356574,0.930451]]],"btipPosition":[48.597,316.612,-41.4955],"carpPosition":[87.9307,235.646,37.1146],"dipPosition":[49.9571,310.863,-26.493],"direction":[-0.174276,0.49022,-0.853998],"extended":true,"handId":217,"id":2174,"length":47.2494,"mcpPosition":[64.925,277.653,8.30606],"pipPosition":[53.1457,301.894,-10.8683],"stabilizedTipPosition":[49.6279,311.039,-40.5775],"timeVisible":0.107546,"tipPosition":[50.8602,317.487,-37.0061],"tipVelocity":[-14.4997,528.553,267.012],"tool":false,"touchDistance":0.798102,"touchZone":"hovering","type":4,"width":15.485}],"r":[[0.981719,0.115698,-0.151137],[-0.186348,0.745964,-0.639385],[0.0387669,0.65586,0.753886]],"s":0.967286,"t":[-9.0052,47.0408,9.19961],"timestamp":258910726423},{"currentFrameRate":37.8878,"devices":[],"gestures":[],"hands":[{"armBasis":[[-0.977484,-0.17142,0.123045],[-0.116277,0.924186,0.363812],[0.176082,-0.341313,0.92331]],"armWidth":61.4393,"confidence":0.554416,"direction":[-0.176235,0.87626,-0.448452],"elbow":[153.902,132.499,295.325],"grabAngle":0.810812,"grabStrength":0,"id":217,"palmNormal":[-0.00174742,-0.45586,-0.89005],"palmPosition":[102.202,279.755,12.0953],"palmVelocity":[-60.1516,513.312,173.867],"palmWidth":87.7035,"pinchDistance":40.5755,"pinchStrength":0.436236,"r":[[0.975589,0.13325,-0.174559],[-0.217252,0.701655,-0.678589],[0.0320582,0.699947,0.713475]],"s":0.975185,"sphereCenter":[99.8316,243.454,-88.5452],"sphereRadius":108.322,"stabilizedPalmPosition":[102.478,276.826,11.0919],"t":[-9.67416,53.3066,11.2938],"timeVisible":0.11859,"type":"left","wrist":[108.077,221.325,55.036]}],"id":137815,"interactionBox":{"center":[0,200,0],"size":[235.247,235.247,147.751]},"pointables":[{"bases":[[[-0.428925,0.515917,0.741521],[0.861756,-0.0124988,0.507169],[-0.270925,-0.856548,0.439233]],[[-0.380064,0.646289,0.661712],[0.862712,-0.0103209,0.505591],[-0.333587,-0.763023,0.553638]],[[-0.380064,0.646289,0.661712],[0.923053,0.310934,0.226482],[0.0593763,-0.696872,0.714733]],[[-0.380064,0.646289,0.661712],[0.915089,0.366964,0.167184],[0.134775,-0.669066,0.730881]]],