{"frames":310,"data":[{"currentFrameRate":23.7571,"devices":[],"gestures":[],"hands":[],"id":139605,"interactionBox":{"center":[0,200,0],"size":[235.247,235.247,147.751]},"pointables":[],"r":[[-0.962136,-0.269906,0.0380192],[0.215739,-0.839331,-0.498979],[0.166588,-0.471883,0.86578]],"s":0.686793,"t":[505.899,-233.461,348.339],"timestamp":258975361788},{"currentFrameRate":23.7429,"devices":[],"gestures":[],"hands":[],"id":139606,"interactionBox":{"center":[0,200,0],"size":[235.247,235.247,147.751]},"pointables":[],"r":[[-0.962136,-0.269906,0.0380192],[0.215739,-0.839331,-0.498979],[0.166588,-0.471883,0.86578]],"s":0.686793,"t":[505.899,-233.461,348.339],"timestamp":258975404013},{"currentFrameRate":23.7802,"devices":[],"gestures":[],"hands":[],"id":139607,"interactionBox":{"center":[0,200,0],"size":[235.247,235.247,147.751]},"pointables":[],"r":[[-0.962136,-0.269906,0.0380192],[0.215739,-0.839331,-0.498979],[0.166588,-0.471883,0.86578]],"s":0.686793,"t":[505.899,-233.461,348.339],"timestamp":258975445783},{"currentFrameRate":23.7821,"devices":[],"gestures":[],"hands":[],"id":139608,"interactionBox":{"center":[0,200,0],"size":[235.247,235.247,147.751]},"pointables":[],"r":[[-0.962136,-0.269906,0.0380192],[0.215739,-0.839331,-0.498979],[0.166588,-0.471883,0.86578]],"s":0.686793,"t":[505.899,-233.461,348.339],"timestamp":258975487817},{"currentFrameRate":23.7757,"devices":[],"gestures":[],"hands":[],"id":139609,"interactionBox":{"center":[0,200,0],"size":[235.247,235.247,147.751]},"pointables":[],"r":[[-0.962136,-0.269906,0.0380192],[0.215739,-0.839331,-0.498979],[0.166588,-0.471883,0.86578]],"s":0.686793,"t":[505.899,-233.461,348.339],"timestamp":258975529925},{"currentFrameRate":23.7866,"devices":[],"gestures":[],"hands":[],"id":139610,"interactionBox":{"center":[0,200,0],"size":[235.247,235.247,147.751]},"pointables":[],"r":[[-0.962136,-0.269906,0.0380192],[0.215739,-0.839331,-0.498979],[0.166588,-0.471883,0.86578]],"s":0.686793,"t":[505.899,-233.461,348.339],"timestamp":258975571883},{"currentFrameRate":23.7733,"devices":[],"gestures":[],"hands":[],"id":139611,"interactionBox":{"center":[0,200,0],"size":[235.247,235.247,147.751]},"pointables":[],"r":[[-0.962136,-0.269906,0.0380192],[0.215739,-0.839331,-0.498979],[0.166588,-0.471883,0.86578]],"s":0.686793,"t":[505.899,-233.461,348.339],"timestamp":258975614048},{"currentFrameRate":23.7728,"devices":[],"gestures":[],"hands":[],"id":139612,"interactionBox":{"center":[0,200,0],"size":[235.247,235.247,147.751]},"pointables":[],"r":[[-0.962136,-0.269906,0.0380192],[0.215739,-0.839331,-0.498979],[0.166588,-0.471883,0.86578]],"s":0.686793,"t":[505.899,-233.461,348.339],"timestamp":258975656116},{"currentFrameRate":23.7737,"devices":[],"gestures":[],"hands":[],"id":139613,"interactionBox":{"center":[0,200,0],"size":[235.247,235.247,147.751]},"pointables":[],"r":[[-0.962136,-0.269906,0.0380192],[0.215739,-0.839331,-0.498979],[0.166588,-0.471883,0.86578]],"s":0.686793,"t":[505.899,-233.461,348.339],"timestamp":258975698173},{"currentFrameRate":23.7542,"devices":[],"gestures":[],"hands":[],"id":139614,"interactionBox":{"center":[0,200,0],"size":[235.247,235.247,147.751]},"pointables":[],"r":[[-0.962136,-0.269906,0.0380192],[0.215739,-0.839331,-0.498979],[0.166588,-0.471883,0.86578]],"s":0.686793,"t":[505.899,-233.461,348.339],"timestamp":258975740418},{"currentFrameRate":16.3912,"devices":[],"gestures":[],"hands":[],"id":139615,"interactionBox":{"center":[0,200,0],"size":[235.247,235.247,147.751]},"pointables":[],"r":[[-0.962136,-0.269906,0.0380192],[0.215739,-0.839331,-0.498979],[0.166588,-0.471883,0.86578]],"s":0.686793,"t":[505.899,-233.461,348.339],"timestamp":258975866580},{"currentFrameRate":17.8033,"devices":[],"gestures":[],"hands":[],"id":139616,"interactionBox":{"center":[0,200,0],"size":[235.247,235.247,147.751]},"pointables":[],"r":[[-0.962136,-0.269906,0.0380192],[0.215739,-0.839331,-0.498979],[0.166588,-0.471883,0.86578]],"s":0.686793,"t":[505.899,-233.461,348.339],"timestamp":258975908523},{"currentFrameRate":18.9381,"devices":[],"gestures":[],"hands":[],"id":139617,"interactionBox":{"center":[0,200,0],"size":[235.247,235.247,147.751]},"pointables":[],"r":[[-0.962136,-0.269906,0.0380192],[0.215739,-0.839331,-0.498979],[0.166588,-0.471883,0.86578]],"s":0.686793,"t":[505.899,-233.461,348.339],"timestamp":258975950575},{"currentFrameRate":19.845,"devices":[],"gestures":[],"hands":[],"id":139618,"interactionBox":{"center":[0,200,0],"size":[235.247,235.247,147.751]},"pointables":[],"r":[[-0.962136,-0.269906,0.0380192],[0.215739,-0.839331,-0.498979],[0.166588,-0.471883,0.86578]],"s":0.686793,"t":[505.899,-233.461,348.339],"timestamp":258975992765},{"currentFrameRate":20.5943,"devices":[],"gestures":[],"hands":[],"id":139619,"interactionBox":{"center":[0,200,0],"size":[235.247,235.247,147.751]},"pointables":[],"r":[[-0.962136,-0.269906,0.0380192],[0.215739,-0.839331,-0.498979],[0.166588,-0.471883,0.86578]],"s":0.686793,"t":[505.899,-233.461,348.339],"timestamp":258976034788},{"currentFrameRate":21.169,"devices":[],"gestures":[],"hands":[],"id":139620,"interactionBox":{"center":[0,200,0],"size":[235.247,235.247,147.751]},"pointables":[],"r":[[-0.962136,-0.269906,0.0380192],[0.215739,-0.839331,-0.498979],[0.166588,-0.471883,0.86578]],"s":0.686793,"t":[505.899,-233.461,348.339],"timestamp":258976077155},{"currentFrameRate":21.697,"devices":[],"gestures":[],"hands":[],"id":139621,"interactionBox":{"center":[0,200,0],"size":[235.247,235.247,147.751]},"pointables":[],"r":[[-0.962136,-0.269906,0.0380192],[0.215739,-0.839331,-0.498979],[0.166588,-0.471883,0.86578]],"s":0.686793,"t":[505.899,-233.461,348.339],"timestamp":258976118870},{"currentFrameRate":22.1268,"devices":[],"gestures":[],"hands":[],"id":139622,"interactionBox":{"center":[0,200,0],"size":[235.247,235.247,147.751]},"pointables":[],"r":[[-0.962136,-0.269906,0.0380192],[0.215739,-0.839331,-0.498979],[0.166588,-0.471883,0.86578]],"s":0.686793,"t":[505.899,-233.461,348.339],"timestamp":258976160571},{"currentFrameRate":22.3981,"devices":[],"gestures":[],"hands":[],"id":139623,"interactionBox":{"center":[0,200,0],"size":[235.247,235.247,147.751]},"pointables":[],"r":[[-0.962136,-0.269906,0.0380192],[0.215739,-0.839331,-0.498979],[0.166588,-0.471883,0.86578]],"s":0.686793,"t":[505.899,-233.461,348.339],"timestamp":258976203044},{"currentFrameRate":22.6479,"devices":[],"gestures":[],"hands":[],"id":139624,"interactionBox":{"center":[0,200,0],"size":[235.247,235.247,147.751]},"pointables":[],"r":[[-0.962136,-0.269906,0.0380192],[0.215739,-0.839331,-0.498979],[0.166588,-0.471883,0.86578]],"s":0.686793,"t":[505.899,-233.461,348.339],"timestamp":258976245217},{"currentFrameRate":22.8682,"devices":[],"gestures":[],"hands":[],"id":139625,"interactionBox":{"center":[0,200,0],"size":[235.247,235.247,147.751]},"pointables":[],"r":[[-0.962136,-0.269906,0.0380192],[0.215739,-0.839331,-0.498979],[0.166588,-0.471883,0.86578]],"s":0.686793,"t":[505.899,-233.461,348.339],"timestamp":258976287215},{"currentFrameRate":23.0249,"devices":[],"gestures":[],"hands":[],"id":139626,"interactionBox":{"center":[0,200,0],"size":[235.247,235.247,147.751]},"pointables":[],"r":[[-0.962136,-0.269906,0.0380192],[0.215739,-0.839331,-0.498979],[0.166588,-0.471883,0.86578]],"s":0.686793,"t":[505.899,-233.461,348.339],"timestamp":258976329424},{"currentFrameRate":23.1809,"devices":[],"gestures":[],"hands":[],"id":139627,"interactionBox":{"center":[0,200,0],"size":[235.247,235.247,147.751]},"pointables":[],"r":[[-0.962136,-0.269906,0.0380192],[0.215739,-0.839331,-0.498979],[0.166588,-0.471883,0.86578]],"s":0.686793,"t":[505.899,-233.461,348.339],"timestamp":258976371353},{"currentFrameRate":23.2929,"devices":[],"gestures":[],"hands":[],"id":139628,"interactionBox":{"center":[0,200,0],"size":[235.247,235.247,147.751]},"pointables":[],"r":[[-0.962136,-0.269906,0.0380192],[0.215739,-0.839331,-0.498979],[0.166588,-0.471883,0.86578]],"s":0.686793,"t":[505.899,-233.461,348.339],"timestamp":258976413421},{"currentFrameRate":23.3617,"devices":[],"gestures":[],"hands":[],"id":139629,"interactionBox":{"center":[0,200,0],"size":[235.247,235.247,147.751]},"pointables":[],"r":[[-0.962136,-0.269906,0.0380192],[0.215739,-0.839331,-0.498979],[0.166588,-0.471883,0.86578]],"s":0.686793,"t":[505.899,-233.461,348.339],"timestamp":258976455697},{"currentFrameRate":23.4566,"devices":[],"gestures":[],"hands":[],"id":139630,"interactionBox":{"center":[0,200,0],"size":[235.247,235.247,147.751]},"pointables":[],"r":[[-0.962136,-0.269906,0.0380192],[0.215739,-0.839331,-0.498979],[0.166588,-0.471883,0.86578]],"s":0.686793,"t":[505.899,-233.461,348.339],"timestamp":258976497602},{"currentFrameRate":23.5294,"devices":[],"gestures":[],"hands":[],"id":139631,"interactionBox":{"center":[0,200,0],"size":[235.247,235.247,147.751]},"pointables":[],"r":[[-0.962136,-0.269906,0.0380192],[0.215739,-0.839331,-0.498979],[0.166588,-0.471883,0.86578]],"s":0.686793,"t":[505.899,-233.461,348.339],"timestamp":258976539546},{"currentFrameRate":23.5729,"devices":[],"gestures":[],"hands":[],"id":139632,"interactionBox":{"center":[0,200,0],"size":[235.247,235.247,147.751]},"pointables":[],"r":[[-0.962136,-0.269906,0.0380192],[0.215739,-0.839331,-0.498979],[0.166588,-0.471883,0.86578]],"s":0.686793,"t":[505.899,-233.461,348.339],"timestamp":258976581636},{"currentFrameRate":23.6149,"devices":[],"gestures":[],"hands":[],"id":139633,"interactionBox":{"center":[0,200,0],"size":[235.247,235.247,147.751]},"pointables":[],"r":[[-0.962136,-0.269906,0.0380192],[0.215739,-0.839331,-0.498979],[0.166588,-0.471883,0.86578]],"s":0.686793,"t":[505.899,-233.461,348.339],"timestamp":258976623662},{"currentFrameRate":23.6469,"devices":[],"gestures":[],"hands":[],"id":139634,"interactionBox":{"center":[0,200,0],"size":[235.247,235.247,147.751]},"pointables":[],"r":[[-0.962136,-0.269906,0.0380192],[0.215739,-0.839331,-0.498979],[0.166588,-0.471883,0.86578]],"s":0.686793,"t":[505.899,-233.461,348.339],"timestamp":258976665708},{"currentFrameRate":23.638,"devices":[],"gestures":[],"hands":[],"id":139635,"interactionBox":{"center":[0,200,0],"size":[235.247,235.247,147.751]},"pointables":[],"r":[[-0.962136,-0.269906,0.0380192],[0.215739,-0.839331,-0.498979],[0.166588,-0.471883,0.86578]],"s":0.686793,"t":[505.899,-233.461,348.339],"timestamp":258976708080},{"currentFrameRate":23.6923,"devices":[],"gestures":[],"hands":[],"id":139636,"interactionBox":{"center":[0,200,0],"size":[235.247,235.247,147.751]},"pointables":[],"r":[[-0.962136,-0.269906,0.0380192],[0.215739,-0.839331,-0.498979],[0.166588,-0.471883,0.86578]],"s":0.686793,"t":[505.899,-233.461,348.339],"timestamp":258976749876},{"currentFrameRate":23.6773,"devices":[],"gestures":[],"hands":[],"id":139637,"interactionBox":{"center":[0,200,0],"size":[235.247,235.247,147.751]},"pointables":[],"r":[[-0.962136,-0.269906,0.0380192],[0.215739,-0.839331,-0.498979],[0.166588,-0.471883,0.86578]],"s":0.686793,"t":[505.899,-233.461,348.339],"timestamp":258976792224},{"currentFrameRate":23.7202,"devices":[],"gestures":[],"hands":[],"id":139638,"interactionBox":{"center":[0,200,0],"size":[235.247,235.247,147.751]},"pointables":[],"r":[[-0.962136,-0.269906,0.0380192],[0.215739,-0.839331,-0.498979],[0.166588,-0.471883,0.86578]],"s":0.686793,"t":[505.899,-233.461,348.339],"timestamp":258976834057},{"currentFrameRate":23.7248,"devices":[],"gestures":[],"hands":[],"id":139639,"interactionBox":{"center":[0,200,0],"size":[235.247,235.247,147.751]},"pointables":[],"r":[[-0.962136,-0.269906,0.0380192],[0.215739,-0.839331,-0.498979],[0.166588,-0.471883,0.86578]],"s":0.686793,"t":[505.899,-233.461,348.339],"timestamp":258976876172},{"currentFrameRate":23.738,"devices":[],"gestures":[],"hands":[],"id":139640,"interactionBox":{"center":[0,200,0],"size":[235.247,235.247,147.751]},"pointables":[],"r":[[-0.962136,-0.269906,0.0380192],[0.215739,-0.839331,-0.498979],[0.166588,-0.471883,0.86578]],"s":0.686793,"t":[505.899,-233.461,348.339],"timestamp":258976918199},{"currentFrameRate":23.726,"devices":[],"gestures":[],"hands":[],"id":139641,"interactionBox":{"center":[0,200,0],"size":[235.247,235.247,147.751]},"pointables":[],"r":[[-0.962136,-0.269906,0.0380192],[0.215739,-0.839331,-0.498979],[0.166588,-0.471883,0.86578]],"s":0.686793,"t":[505.899,-233.461,348.339],"timestamp":258976960438},{"currentFrameRate":23.7171,"devices":[],"gestures":[],"hands":[],"id":139642,"interactionBox":{"center":[0,200,0],"size":[235.247,235.247,147.751]},"pointables":[],"r":[[-0.962136,-0.269906,0.0380192],[0.215739,-0.839331,-0.498979],[0.166588,-0.471883,0.86578]],"s":0.686793,"t":[505.899,-233.461,348.339],"timestamp":258977002669},{"currentFrameRate":23.7633,"devices":[],"gestures":[],"hands":[{"armBasis":[[-0.61163,-0.566945,0.551799],[0.0553128,-0.726407,-0.685035],[0.789208,-0.388467,0.475652]],"armWidth":61.4185,"confidence":0,"direction":[-0.425173,0.423928,-0.799695],"elbow":[328.446,197.122,194.336],"grabAngle":0.352991,"grabStrength":0,"id":219,"palmNormal":[-0.150876,0.837975,0.524437],"palmPosition":[93.8187,335.02,15.2699],"palmVelocity":[1.19209e-7,1.19209e-7,1.19209e-7],"palmWidth":87.7035,"pinchDistance":49.3534,"pinchStrength":0.130672,"r":[[1,5.55112e-18,0],[-5.55112e-18,1,0],[0,0,1]],"s":1,"sphereCenter":[93.4569,423.517,41.2079],"sphereRadius":94.901,"stabilizedPalmPosition":[93.8187,335.02,15.2699],"t":[0,0,0],"timeVisible":0,"type":"right","wrist":[123.057,298.22,70.549]}],"id":139643,"interactionBox":{"center":[0,200,0],"size":[235.247,235.247,147.751]},"pointables":[{"bases":[[[-0.307137,-0.805062,-0.507487],[0.951641,-0.263646,-0.157703],[-0.00683597,-0.531381,0.847105]],[[-0.302244,-0.711531,-0.634328],[0.822752,0.141325,-0.550551],[0.481381,-0.688295,0.542699]],[[-0.302244,-0.711531,-0.634328],[0.928263,-0.0683919,-0.365583],[0.21674,-0.699318,0.681159]],[[-0.302244,-0.711531,-0.634328],[0.820072,0.145137,-0.553549],[0.485932,-0.687502,0.53964]]],"btipPosition":[93.1284,395.317,-3.74853],"carpPosition":[134.375,323.708,56.9223],"dipPosition":[104.09,379.808,8.42483],"direction":[-0.21674,0.699318,-0.681159],"extended":true,"handId":219,"id":2190,"length":50.234,"mcpPosition":[134.375,323.708,56.9223],"pipPosition":[111.213,356.826,30.8105],"stabilizedTipPosition":[95.6496,391.75,-0.948661],"timeVisible":0,"tipPosition":[95.6496,391.75,-0.948661],"tipVelocity":[1.19209e-7,1.19209e-7,1.19209e-7],"tool":false,"touchDistance":1,"touchZone":"none","type":0,"width":19.5186},{"bases":[[[-0.830723,-0.230081,0.506914],[-0.0982666,-0.835687,-0.540343],[0.547944,-0.498688,0.671615]],[[-0.955063,-0.0733809,0.287177],[-0.102318,-0.827693,-0.551775],[0.278184,-0.556363,0.78299]],[[-0.955063,-0.0733809,0.287177],[-0.102318,-0.827693,-0.551775],[0.278184,-0.556363,0.78299]],[[-0.955063,-0.0733809,0.287177],[-0.102318,-0.827693,-0.551775],[0.278184,-0.556363,0.78299]]],"btipPosition":[46.1722,381.751,-64.717],"carpPosition":[103.674,302.806,44.5615],"dipPosition":[51.182,371.731,-50.6161],"direction":[-0.278184,0.556363,-0.78299],"extended":true,"handId":219,"id":2193,"length":62.1014,"mcpPosition":[70.5902,332.915,4.01102],"pipPosition":[58.6099,356.876,-29.7091],"stabilizedTipPosition":[47.3244,379.446,-61.4738],"timeVisible":0,"tipPosition":[47.3244,379.446,-61.4738],"tipVelocity":[1.19209e-7,1.19209e-7,1.19209e-7],"tool":false,"touchDistance":0.611226,"touchZone":"hovering","type":3,"width":17.4241},{"bases":[[[-0.733989,-0.144988,0.663505],[-0.17748,-0.902053,-0.393449],[0.655562,-0.406546,0.636364]],[[-0.884896,-0.0286742,0.464906],[-0.259204,-0.798968,-0.542644],[0.387005,-0.600689,0.699571]],[[-0.884896,-0.0286742,0.464906],[-0.259204,-0.798968,-0.542644],[0.387005,-0.600689,0.699571]],[[-0.884896,-0.0286742,0.464906],[-0.300356,-0.727747,-0.61658],[0.356014,-0.685246,0.635368]]],"btipPosition":[30.2824,369.855,-29.6631],"carpPosition":[93.323,303.951,53.4913],"dipPosition":[36.1973,358.47,-19.107],"direction":[-0.387005,0.600689,-0.699571],"extended":true,"handId":219,"id":2194,"length":48.6863,"mcpPosition":[56.6831,326.673,17.9244],"pipPosition":[43.4932,347.146,-5.9184],"stabilizedTipPosition":[31.6428,367.236,-27.2352],"timeVisible":0,"tipPosition":[31.6428,367.236,-27.2352],"tipVelocity":[1.19209e-7,1.19209e-7,1.19209e-7],"tool":false,"touchDistance":1,"touchZone":"none","type":4,"width":15.4775},{"bases":[[[-0.951166,-0.267574,0.153904],[0.109259,-0.758153,-0.642859],[0.288695,-0.59465,0.750364]],[[-0.747595,-0.488904,0.449527],[0.0170583,-0.690752,-0.722891],[0.663936,-0.532761,0.524743]],[[-0.747595,-0.488904,0.449527],[-0.246806,-0.423865,-0.87145],[0.616594,-0.762438,0.196215]],[[-0.747595,-0.488904,0.449527],[-0.246806,-0.423865,-0.87145],[0.616594,-0.762438,0.196215]]],"btipPosition":[53.4096,404.165,-41.68],"carpPosition":[125.895,309.616,41.0627],"dipPosition":[63.564,391.609,-38.4487],"direction":[-0.616594,0.762438,-0.196215],"extended":true,"handId":219,"id":2191,"length":56.6834,"mcpPosition":[105.423,351.784,-12.1474],"pipPosition":[77.929,373.846,-33.8774],"stabilizedTipPosition":[55.7451,401.277,-40.9368],"timeVisible":0,"tipPosition":[55.7451,401.277,-40.9368],"tipVelocity":[1.19209e-7,1.19209e-7,1.19209e-7],"tool":false,"touchDistance":0.919281,"touchZone":"hovering","type":1,"width":18.6442},{"bases":[[[-0.908014,-0.21226,0.361187],[-0.0468078,-0.805346,-0.590954],[0.416317,-0.553501,0.72133]],[[-0.786111,-0.335312,0.519226],[-0.232712,-0.617672,-0.751216],[0.572604,-0.711369,0.407528]],[[-0.786111,-0.335312,0.519226],[-0.357792,-0.438127,-0.824639],[0.503998,-0.834033,0.224444]],[[-0.786111,-0.335312,0.519226],[-0.357792,-0.438127,-0.824639],[0.503998,-0.834033,0.224444]]],"btipPosition":[37.2002,413.807,-36.27],"carpPosition":[114.743,305.568,41.3888],"dipPosition":[46.3293,398.7,-32.2046],"direction":[-0.503998,0.834033,-0.224444],"extended":true,"handId":219,"id":2192,"length":64.5862,"mcpPosition":[86.7464,342.79,-7.11927],"pipPosition":[60.1435,375.84,-26.0528],"stabilizedTipPosition":[39.2999,410.333,-35.335],"timeVisible":0,"tipPosition":[39.2999,410.333,-35.335],"tipVelocity":[1.19209e-7,1.19209e-7,1.19209e-7],"tool":false,"touchDistance":1,"touchZone":"none","type":2,"width":18.311}],"r":[[1,5.55112e-18,0],[-5.55112e-18,1,0],[0,0,1]],"s":1,"t":[0,0,0],"timestamp":258977044401},{"currentFrameRate":23.767,"devices":[],"gestures":[],"hands":[{"armBasis":[[-0.477014,-0.860771,0.17757],[0.376796,-0.382815,-0.843491],[0.794029,-0.33545,0.506943]],"armWidth":61.4393,"confidence":0.217952,"direction":[-0.529887,0.373787,-0.761251],"elbow":[318.098,221.922,208.532],"grabAngle":0,"grabStrength":0,"id":219,"palmNormal":[-0.561156,0.518489,0.645193],"palmPosition":[72.1863,343.999,25.7558],"palmVelocity":[-514.48,213.534,249.383],"palmWidth":87.7035,"pinchDistance":66.7176,"pinchStrength":0,"r":[[0.995198,0.0916542,0.0343446],[-0.0930098,0.994853,0.0402036],[-0.030483,-0.0432049,0.998601]],"s":1.09436,"sphereCenter":[136.29,289.477,-112.338],"sphereRadius":158.732,"stabilizedPalmPosition":[73.8646,343.302,24.9423],"t":[-10.8162,4.48923,5.24291],"timeVisible":0.042047,"type":"right","wrist":[111.453,309.222,76.6014]}],"id":139644,"interactionBox":{"center":[0,200,0],"size":[235.247,235.247,147.751]},"pointables":[{"bases":[[[0.142644,-0.70028,-0.699472],[0.969493,0.241183,-0.0437513],[0.199339,-0.671892,0.71332]],[[0.113847,-0.601126,-0.791003],[0.987572,0.155306,0.0241131],[0.108353,-0.783918,0.611337]],[[0.113847,-0.601126,-0.791003],[0.912128,0.378812,-0.156599],[0.393778,-0.703668,0.591431]],[[0.113847,-0.601126,-0.791003],[0.81854,0.507981,-0.268232],[0.563055,-0.61693,0.549878]]],"btipPosition":[80.7108,415.698,10.2954],"carpPosition":[110.81,342.031,70.611],"dipPosition":[93.0375,402.192,22.3336],"direction":[-0.393778,0.703668,-0.591431],"extended":true,"handId":219,"id":2190,"length":48.7514,"mcpPosition":[110.81,342.031,70.611],"pipPosition":[105.597,379.749,41.1968],"stabilizedTipPosition":[85.0005,410.087,11.3803],"timeVisible":0.042047,"tipPosition":[78.961,410.666,14.1416],"tipVelocity":[-287.86,495.674,333.266],"tool":false,"touchDistance":0.397203,"touchZone":"hovering","type":0,"width":19.5281},{"bases":[[[-0.647904,-0.698033,0.30491],[0.342357,-0.624435,-0.702049],[0.68045,-0.350472,0.64355]],[[-0.747331,-0.633847,0.199334],[0.449811,-0.703417,-0.55034],[0.489047,-0.321624,0.810797]],[[-0.747331,-0.633847,0.199334],[0.449811,-0.703417,-0.55034],[0.489047,-0.321624,0.810797]],[[-0.747331,-0.633847,0.199334],[0.449811,-0.703417,-0.55034],[0.489047,-0.321624,0.810797]]],"btipPosition":[11.783,361.993,-58.5118],"carpPosition":[94.5267,313.435,49.4125],"dipPosition":[20.3304,356.372,-44.341],"direction":[-0.489047,0.321624,-0.810797],"extended":true,"handId":219,"id":2193,"length":60.2685,"mcpPosition":[53.4428,334.596,10.5566],"pipPosition":[33.0033,348.038,-23.3305],"stabilizedTipPosition":[14.7675,361.269,-55.4412],"timeVisible":0.042047,"tipPosition":[13.987,366.535,-52.9776],"tipVelocity":[-798.523,-445.835,147.961],"tool":false,"touchDistance":0.676757,"touchZone":"hovering","type":3,"width":17.4326},{"bases":[[[-0.612396,-0.621071,0.489124],[0.296179,-0.753897,-0.586445],[0.732973,-0.214268,0.645631]],[[-0.801652,-0.530011,0.276481],[0.388141,-0.813243,-0.433569],[0.454643,-0.240258,0.857657]],[[-0.801652,-0.530011,0.276481],[0.388141,-0.813243,-0.433569],[0.454643,-0.240258,0.857657]],[[-0.801652,-0.530011,0.276481],[0.356562,-0.795168,-0.490482],[0.47981,-0.294613,0.82643]]],"btipPosition":[12.3366,336.587,-36.9481],"carpPosition":[84.3954,307.518,56.5217],"dipPosition":[20.073,331.836,-23.6229],"direction":[-0.454643,0.240258,-0.857657],"extended":true,"handId":219,"id":2194,"length":47.2494,"mcpPosition":[43.429,319.494,20.4368],"pipPosition":[28.3911,327.441,-7.9312],"stabilizedTipPosition":[14.6776,336.511,-33.6703],"timeVisible":0.042047,"tipPosition":[11.8604,340.012,-30.4378],"tipVelocity":[-416.838,-754.923,-158.111],"tool":false,"touchDistance":0.945937,"touchZone":"hovering","type":4,"width":15.485},{"bases":[[[-0.715807,-0.695382,-0.0637508],[0.493297,-0.438937,-0.750994],[0.494245,-0.569015,0.657224]],[[-0.563281,-0.819079,0.108735],[0.629067,-0.51044,-0.586282],[0.535714,-0.26184,0.802777]],[[-0.563281,-0.819079,0.108735],[0.629067,-0.51044,-0.586282],[0.535714,-0.26184,0.802777]],[[-0.563281,-0.819079,0.108735],[0.629067,-0.51044,-0.586282],[0.535714,-0.26184,0.802777]]],"btipPosition":[33.7258,391.114,-58.7439],"carpPosition":[110.978,330.135,51.1047],"dipPosition":[42.2878,386.929,-45.9136],"direction":[-0.535714,0.26184,-0.802777],"extended":true,"handId":219,"id":2191,"length":55.0105,"mcpPosition":[75.9297,370.486,4.4994],"pipPosition":[54.4002,381.009,-27.7629],"stabilizedTipPosition":[38.6128,391.77,-53.631],"timeVisible":0.042047,"tipPosition":[32.8416,391.019,-51.9821],"tipVelocity":[-476.849,-264.612,-353.321],"tool":false,"touchDistance":0.348559,"touchZone":"hovering","type":1,"width":18.6532},{"bases":[[[-0.715988,-0.68078,0.154595],[0.375911,-0.562567,-0.736349],[0.588262,-0.469103,0.658704]],[[-0.754586,-0.647063,0.109131],[0.427885,-0.611275,-0.665776],[0.497508,-0.45569,0.738128]],[[-0.754586,-0.647063,0.109131],[0.427885,-0.611275,-0.665776],[0.497508,-0.45569,0.738128]],[[-0.754586,-0.647063,0.109131],[0.417077,-0.601325,-0.681509],[0.506603,-0.468741,0.723626]]],"btipPosition":[18.9718,394.028,-61.1814],"carpPosition":[103.102,321.574,48.7508],"dipPosition":[27.8772,385.788,-48.4611],"direction":[-0.497508,0.45569,-0.738128],"extended":true,"handId":219,"id":2192,"length":62.68,"mcpPosition":[63.5429,353.12,4.45427],"pipPosition":[41.1111,373.666,-28.8266],"stabilizedTipPosition":[25.5712,396.664,-52.5492],"timeVisible":0.042047,"tipPosition":[18.5234,392.526,-54.8355],"tipVelocity":[-434.747,-432.847,-545.122],"tool":false,"touchDistance":0.346292,"touchZone":"hovering","type":2,"width":18.32}],"r":[[0.995198,0.0916542,0.0343446],[-0.0930098,0.994853,0.0402036],[-0.030483,-0.0432049,0.998601]],"s":1.09436,"t":[-10.8162,4.48923,5.24291],"timestamp":258977086448},{"currentFrameRate":24.8004,"devices":[],"gestures":[],"hands":[{"armBasis":[[-0.478622,-0.844202,0.241336],[0.374014,-0.444707,-0.813848],[0.794376,-0.299263,0.52859]],"armWidth":61.4393,"confidence":0.374406,"direction":[-0.489254,0.384753,-0.782685],"elbow":[299.967,233.204,218.374],"grabAngle":0,"grabStrength":0,"id":219,"palmNormal":[-0.534246,0.577128,0.617661],"palmPosition":[56.9602,346.08,28.1379],"palmVelocity":[-466.258,63.7295,72.9452],"palmWidth":87.7035,"pinchDistance":70.6537,"pinchStrength":0,"r":[[0.98639,0.149725,0.0679443],[-0.154019,0.986053,0.0630748],[-0.0575527,-0.0726811,0.995693]],"s":1.21119,"sphereCenter":[121.257,299.236,-93.4651],"sphereRadius":141.483,"stabilizedPalmPosition":[57.732,345.953,27.992],"t":[-23.8373,7.77442,9.05542],"timeVisible":0.074703,"type":"right","wrist":[93.2321,311.086,80.8095]}],"id":139645,"interactionBox":{"center":[0,200,0],"size":[235.247,235.247,147.751]},"pointables":[{"bases":[[[0.10498,-0.730983,-0.674272],[0.98465,0.17147,-0.0325878],[0.139439,-0.660501,0.737764]],[[0.0778716,-0.598677,-0.797196],[0.99685,0.0347186,0.0713013],[-0.0150089,-0.800238,0.599495]],[[0.0778716,-0.598677,-0.797196],[0.970527,0.228442,-0.0767522],[0.228063,-0.767724,0.598821]],[[0.0778716,-0.598677,-0.797196],[0.840947,0.468935,-0.270015],[0.535485,-0.649373,0.539972]]],"btipPosition":[76.3051,420.096,14.0048],"carpPosition":[94.5799,342.891,73.7695],"dipPosition":[88.0282,405.88,25.8261],"direction":[-0.228063,0.767724,-0.598821],"extended":true,"handId":219,"id":2190,"length":48.7514,"mcpPosition":[94.5799,342.891,73.7695],"pipPosition":[95.3021,381.394,44.925],"stabilizedTipPosition":[80.017,415.685,15.8191],"timeVisible":0.074703,"tipPosition":[72.4417,413.592,15.3656],"tipVelocity":[-139.165,129.681,112.062],"tool":false,"touchDistance":0.338952,"touchZone":"hovering","type":0,"width":19.5281},{"bases":[[[-0.764593,-0.623812,0.162041],[0.347943,-0.61114,-0.710945],[0.542526,-0.487203,0.684324]],[[-0.834537,-0.547434,0.0621538],[0.430907,-0.718834,-0.545525],[0.343317,-0.428478,0.835787]],[[-0.834537,-0.547434,0.0621538],[0.430907,-0.718834,-0.545525],[0.343317,-0.428478,0.835787]],[[-0.834537,-0.547434,0.0621538],[0.419564,-0.704583,-0.572302],[0.35709,-0.45153,0.817684]]],"btipPosition":[18.4545,393.736,-67.8923],"carpPosition":[85.8273,322.318,52.4173],"dipPosition":[24.7316,385.798,-53.5185],"direction":[-0.343317,0.428478,-0.835787],"extended":true,"handId":219,"id":2192,"length":62.68,"mcpPosition":[49.3435,355.081,6.39787],"pipPosition":[33.864,374.401,-31.2863],"stabilizedTipPosition":[24.0711,395.407,-55.7321],"timeVisible":0.074703,"tipPosition":[14.0314,393.75,-59.7478],"tipVelocity":[-34.3543,-6.82081,-193.856],"tool":false,"touchDistance":0.328706,"touchZone":"hovering","type":2,"width":18.32},{"bases":[[[-0.700461,-0.640851,0.314108],[0.309544,-0.669367,-0.675375],[0.643068,-0.375843,0.667237]],[[-0.760267,-0.600814,0.247017],[0.463865,-0.768308,-0.441058],[0.454778,-0.220739,0.862816]],[[-0.760267,-0.600814,0.247017],[0.463865,-0.768308,-0.441058],[0.454778,-0.220739,0.862816]],[[-0.760267,-0.600814,0.247017],[0.463865,-0.768308,-0.441058],[0.454778,-0.220739,0.862816]]],"btipPosition":[-0.876617,356.318,-60.6171],"carpPosition":[76.6909,314.822,53.1686],"dipPosition":[7.07183,352.46,-45.5372],"direction":[-0.454778,0.220739,-0.862816],"extended":true,"handId":219,"id":2193,"length":60.2685,"mcpPosition":[37.864,337.515,12.8825],"pipPosition":[18.8567,346.74,-23.1787],"stabilizedTipPosition":[1.23278,355.55,-57.114],"timeVisible":0.074703,"tipPosition":[1.45933,363.786,-54.416],"tipVelocity":[-391.885,-161.359,-58.0674],"tool":false,"touchDistance":0.613971,"touchZone":"hovering","type":3,"width":17.4326},{"bases":[[[-0.662778,-0.560577,0.496467],[0.252418,-0.791451,-0.556678],[0.70499,-0.243636,0.666056]],[[-0.758162,-0.519236,0.394441],[0.440274,-0.853834,-0.277715],[0.480987,-0.0368909,0.875951]],[[-0.758162,-0.519236,0.394441],[0.440274,-0.853834,-0.277715],[0.480987,-0.0368909,0.875951]],[[-0.758162,-0.519236,0.394441],[0.387065,-0.845175,-0.368591],[0.524758,-0.126777,0.841758]]],"btipPosition":[-6.52379,327.418,-35.5352],"carpPosition":[66.0491,309.861,60.2631],"dipPosition":[1.93733,325.373,-21.9627],"direction":[-0.480987,0.0368909,-0.875951],"extended":true,"handId":219,"id":2194,"length":47.2494,"mcpPosition":[26.6467,323.478,23.0367],"pipPosition":[10.7374,324.698,-5.93639],"stabilizedTipPosition":[-4.20904,327.131,-32.4376],"timeVisible":0.074703,"tipPosition":[-3.647,334.914,-30.8875],"tipVelocity":[-572.444,-261.721,45.0083],"tool":false,"touchDistance":0.906723,"touchZone":"hovering","type":4,"width":15.485},{"bases":[[[-0.761716,-0.645513,-0.0556956],[0.473959,-0.496537,-0.727196],[0.441759,-0.580314,0.684167]],[[-0.723151,-0.69069,0.000287575],[0.625494,-0.655067,-0.423846],[0.292935,-0.306325,0.905734]],[[-0.723151,-0.69069,0.000287575],[0.625494,-0.655067,-0.423846],[0.292935,-0.306325,0.905734]],[[-0.723151,-0.69069,0.000287575],[0.625494,-0.655067,-0.423846],[0.292935,-0.306325,0.905734]]],"btipPosition":[39.8399,395.666,-65.2173],"carpPosition":[94.2437,330.382,54.6529],"dipPosition":[44.5217,390.77,-50.7415],"direction":[-0.292935,0.306325,-0.905734],"extended":true,"handId":219,"id":2191,"length":55.0105,"mcpPosition":[62.9175,371.533,6.13702],"pipPosition":[51.1449,383.844,-30.263],"stabilizedTipPosition":[40.2146,393.696,-59.3715],"timeVisible":0.074703,"tipPosition":[33.9522,394.024,-58.0973],"tipVelocity":[159.901,134.39,-186.642],"tool":false,"touchDistance":0.329015,"touchZone":"hovering","type":1,"width":18.6532}],"r":[[0.98639,0.149725,0.0679443],[-0.154019,0.986053,0.0630748],[-0.0575527,-0.0726811,0.995693]],"s":1.21119,"t":[-23.8373,7.77442,9.05542],"timestamp":258977119104},{"currentFrameRate":28.2231,"devices":[],"gestures":[],"hands":[{"armBasis":[[-0.438163,-0.873566,0.211887],[0.411013,-0.404336,-0.817056],[0.799426,-0.270916,0.536211]],"armWidth":61.4393,"confidence":0.427193,"direction":[-0.501374,0.352278,-0.790269],"elbow":[295.133,240.989,221.327],"grabAngle":0,"grabStrength":0,"id":219,"palmNormal":[-0.586512,0.533113,0.609749],"palmPosition":[49.3991,344.323,28.6454],"palmVelocity":[-633.043,-147.153,42.4963],"palmWidth":87.7035,"pinchDistance":68.1187,"pinchStrength":0,"r":[[0.972782,0.209188,0.0996724],[-0.217379,0.972814,0.0798735],[-0.0802541,-0.0993662,0.991809]],"s":1.29786,"sphereCenter":[118.077,302.254,-92.9635],"sphereRadius":142.524,"stabilizedPalmPosition":[51.6655,344.766,28.4677],"t":[-34.1284,8.53822,11.2155],"timeVisible":0.086647,"type":"right","wrist":[87.0844,311.494,81.7787]}],"id":139646,"interactionBox":{"center":[0,200,0],"size":[235.247,235.247,147.751]},"pointables":[{"bases":[[[0.170791,-0.71762,-0.675168],[0.969897,0.243161,-0.0131046],[0.173579,-0.652606,0.737547]],[[0.137059,-0.589585,-0.795993],[0.988968,0.127025,0.0762008],[0.0561838,-0.797656,0.600491]],[[0.137059,-0.589585,-0.795993],[0.943071,0.323501,-0.0772304],[0.303038,-0.740092,0.600359]],[[0.137059,-0.589585,-0.795993],[0.81588,0.522895,-0.24682],[0.561742,-0.615606,0.552698]]],"btipPosition":[61.6249,419.1,14.8319],"carpPosition":[86.2912,343.639,74.9722],"dipPosition":[73.9228,405.623,26.9319],"direction":[-0.303038,0.740092,-0.600359],"extended":true,"handId":219,"id":2190,"length":48.7514,"mcpPosition":[86.2912,343.639,74.9722],"pipPosition":[83.588,382.018,46.0798],"stabilizedTipPosition":[71.4361,415.859,16.8092],"timeVisible":0.086647,"tipPosition":[60.6615,413.239,16.5923],"tipVelocity":[-1218.02,-69.1515,74.6187],"tool":false,"touchDistance":0.334255,"touchZone":"hovering","type":0,"width":19.5281},{"bases":[[[-0.711255,-0.699146,-0.072875],[0.522548,-0.456541,-0.720079],[0.47017,-0.550241,0.690055]],[[-0.700862,-0.710947,-0.0578512],[0.669278,-0.627394,-0.39805],[0.246697,-0.317697,0.915538]],[[-0.700862,-0.710947,-0.0578512],[0.627437,-0.575891,-0.524091],[0.339285,-0.403614,0.849695]],[[-0.700862,-0.710947,-0.0578512],[0.627437,-0.575891,-0.524091],[0.339285,-0.403614,0.849695]]],"btipPosition":[30.88,398.608,-62.718],"carpPosition":[87.229,331.245,55.8011],"dipPosition":[36.3026,392.158,-49.1378],"direction":[-0.339285,0.403614,-0.849695],"extended":true,"handId":219,"id":2191,"length":55.0105,"mcpPosition":[53.8882,370.264,6.86768],"pipPosition":[43.9738,383.032,-29.9264],"stabilizedTipPosition":[36.8106,395.139,-59.4654],"timeVisible":0.086647,"tipPosition":[26.6348,392.629,-58.3016],"tipVelocity":[-735.895,216.418,192.01],"tool":false,"touchDistance":0.334859,"touchZone":"hovering","type":1,"width":18.6532},{"bases":[[[-0.719785,-0.678916,0.144855],[0.404974,-0.580137,-0.706708],[0.563831,-0.450015,0.692518]],[[-0.78734,-0.614233,0.053045],[0.497209,-0.683489,-0.534439],[0.364526,-0.394411,0.843541]],[[-0.78734,-0.614233,0.053045],[0.473745,-0.657824,-0.58552],[0.39454,-0.435873,0.808921]],[[-0.78734,-0.614233,0.053045],[0.473745,-0.657824,-0.58552],[0.39454,-0.435873,0.808921]]],"btipPosition":[7.68591,389.902,-66.9694],"carpPosition":[79.4687,322.6,53.3721],"dipPosition":[14.6214,382.24,-52.7497],"direction":[-0.39454,0.435873,-0.808921],"extended":true,"handId":219,"id":2192,"length":62.68,"mcpPosition":[41.5521,352.863,6.80167],"pipPosition":[25.1163,370.646,-31.2321],"stabilizedTipPosition":[21.457,394.122,-57.1402],"timeVisible":0.086647,"tipPosition":[5.2384,389.096,-60.2612],"tipVelocity":[-888.909,-315.618,74.3025],"tool":false,"touchDistance":0.333791,"touchZone":"hovering","type":2,"width":18.32},{"bases":[[[-0.657434,-0.692062,0.298045],[0.370281,-0.64121,-0.672117],[0.656256,-0.331512,0.677811]],[[-0.710191,-0.661798,0.240109],[0.525287,-0.725202,-0.445146],[0.468725,-0.190012,0.862666]],[[-0.710191,-0.661798,0.240109],[0.512547,-0.719854,-0.468088],[0.482623,-0.209365,0.850436]],[[-0.710191,-0.661798,0.240109],[0.462451,-0.695697,-0.549678],[0.530819,-0.279337,0.800126]]],"btipPosition":[-10.1043,352.717,-59.0834],"carpPosition":[70.8929,314.453,53.9181],"dipPosition":[-0.826866,347.835,-45.099],"direction":[-0.482623,0.209365,-0.850436],"extended":true,"handId":219,"id":2193,"length":60.2685,"mcpPosition":[31.2698,334.468,12.9935],"pipPosition":[11.6795,342.41,-23.0614],"stabilizedTipPosition":[-6.08749,352.404,-56.1221],"timeVisible":0.086647,"tipPosition":[-6.12141,357.108,-55.0628],"tipVelocity":[-746.989,-321.206,107.316],"tool":false,"touchDistance":0.605134,"touchZone":"hovering","type":3,"width":17.4326},{"bases":[[[-0.629144,-0.610256,0.48142],[0.320033,-0.767798,-0.555037],[0.708347,-0.195128,0.678358]],[[-0.698291,-0.587099,0.409518],[0.51779,-0.809306,-0.277338],[0.49425,0.0183818,0.869125]],[[-0.698291,-0.587099,0.409518],[0.51779,-0.809306,-0.277338],[0.49425,0.0183818,0.869125]],[[-0.698291,-0.587099,0.409518],[0.456131,-0.80586,-0.377537],[0.551665,-0.0768366,0.830519]]],"btipPosition":[-13.3639,319.888,-35.166],"carpPosition":[60.5119,308.688,60.7879],"dipPosition":[-4.46891,318.65,-21.7749],"direction":[-0.49425,-0.0183818,-0.869125],"extended":true,"handId":219,"id":2194,"length":47.2494,"mcpPosition":[20.9218,319.594,22.8739],"pipPosition":[4.57386,318.986,-5.8734],"stabilizedTipPosition":[-9.92831,321.075,-32.1548],"timeVisible":0.086647,"tipPosition":[-9.44513,327.657,-31.6477],"tipVelocity":[-564.326,-614.86,27.4133],"tool":false,"touchDistance":0.854296,"touchZone":"hovering","type":4,"width":15.485}],"r":[[0.972782,0.209188,0.0996724],[-0.217379,0.972814,0.0798735],[-0.0802541,-0.0993662,0.991809]],"s":1.29786,"t":[-34.1284,8.53822,11.2155],"timestamp":258977131048},{"currentFrameRate":31.4267,"devices":[],"gestures":[],"hands":[{"armBasis":[[-0.394737,-0.899415,0.187709],[0.435132,-0.362936,-0.823977],[0.809224,-0.243576,0.534629]],"armWidth":61.4393,"confidence":0.477742,"direction":[-0.512254,0.33836,-0.789372],"elbow":[290.794,246.786,220.958],"grabAngle":0,"grabStrength":0,"id":219,"palmNormal":[-0.62075,0.489314,0.61257],"palmPosition":[41.2647,341.915,28.9168],"palmVelocity":[-673.827,-199.409,22.4777],"palmWidth":87.7035,"pinchDistance":67.6304,"pinchStrength":0,"r":[[0.955475,0.265599,0.128545],[-0.278404,0.955804,0.0945003],[-0.0977648,-0.12608,0.987191]],"s":1.36779,"sphereCenter":[108.264,307.891,-88.0047],"sphereRadius":135.826,"stabilizedPalmPosition":[43.5814,342.55,28.8168],"t":[-43.3412,7.71649,12.4312],"timeVisible":0.098719,"type":"right","wrist":[80.1951,310.176,81.8217]}],"id":139647,"interactionBox":{"center":[0,200,0],"size":[235.247,235.247,147.751]},"pointables":[{"bases":[[[0.216427,-0.695075,-0.685587],[0.955184,0.296011,0.00142714],[0.201949,-0.655171,0.727989]],[[0.175824,-0.563466,-0.807212],[0.9814,0.164528,0.0989172],[0.0770729,-0.80959,0.581914]],[[0.175824,-0.563466,-0.807212],[0.918716,0.388473,-0.0710588],[0.35362,-0.729105,0.585968]],[[0.175824,-0.563466,-0.807212],[0.769452,0.590124,-0.244331],[0.614028,-0.578152,0.537318]]],"btipPosition":[49.2585,417.29,17.1646],"carpPosition":[77.6878,342.425,75.6154],"dipPosition":[62.7011,404.632,28.9279],"direction":[-0.35362,0.729105,-0.585968],"extended":true,"handId":219,"id":2190,"length":48.7514,"mcpPosition":[77.6878,342.425,75.6154],"pipPosition":[73.9795,381.378,47.6168],"stabilizedTipPosition":[59.7129,414.95,18.6894],"timeVisible":0.098719,"tipPosition":[48.984,411.659,18.2412],"tipVelocity":[-1002.58,-134.357,186.816],"tool":false,"touchDistance":0.335066,"touchZone":"hovering","type":0,"width":19.5281},{"bases":[[[-0.671102,-0.735572,-0.0924981],[0.553756,-0.4144,-0.722238],[0.492926,-0.535917,0.685432]],[[-0.687328,-0.717099,-0.115538],[0.69679,-0.60605,-0.383649],[0.205093,-0.344198,0.916223]],[[-0.687328,-0.717099,-0.115538],[0.673436,-0.569548,-0.471274],[0.272146,-0.401727,0.874387]],[[-0.687328,-0.717099,-0.115538],[0.673436,-0.569548,-0.471274],[0.272146,-0.401727,0.874387]]],"btipPosition":[25.7902,397.784,-62.9273],"carpPosition":[79.4898,330.444,56.2444],"dipPosition":[30.1397,391.363,-48.9525],"direction":[-0.272146,0.401727,-0.874387],"extended":true,"handId":219,"id":2191,"length":55.0105,"mcpPosition":[44.5352,368.447,7.6388],"pipPosition":[36.2929,382.28,-29.1828],"stabilizedTipPosition":[31.7586,395.728,-59.5903],"timeVisible":0.098719,"tipPosition":[19.3157,391.952,-58.0107],"tipVelocity":[-442.071,-67.7467,-9.822],"tool":false,"touchDistance":0.333319,"touchZone":"hovering","type":1,"width":18.6532},{"bases":[[[-0.682839,-0.719718,0.125445],[0.443013,-0.544457,-0.712254],[0.580922,-0.430781,0.690621]],[[-0.753365,-0.656752,0.0334466],[0.541893,-0.648815,-0.53422],[0.372551,-0.384338,0.844684]],[[-0.753365,-0.656752,0.0334466],[0.50492,-0.610284,-0.610417],[0.421305,-0.442979,0.791373]],[[-0.753365,-0.656752,0.0334466],[0.50492,-0.610284,-0.610417],[0.421305,-0.442979,0.791373]]],"btipPosition":[-2.23717,387.301,-65.9062],"carpPosition":[72.2391,321.432,53.5841],"dipPosition":[5.1688,379.514,-51.9949],"direction":[-0.421305,0.442979,-0.791373],"extended":true,"handId":219,"id":2192,"length":62.68,"mcpPosition":[33.1733,350.401,7.1412],"pipPosition":[16.3757,367.73,-30.9441],"stabilizedTipPosition":[15.7662,391.894,-58.5807],"timeVisible":0.098719,"tipPosition":[-4.27235,385.773,-59.786],"tipVelocity":[-813.027,-217.89,82.1953],"tool":false,"touchDistance":0.334098,"touchZone":"hovering","type":2,"width":18.32},{"bases":[[[-0.62135,-0.732162,0.279042],[0.411388,-0.607941,-0.679093],[0.666847,-0.30716,0.678947]],[[-0.664002,-0.710295,0.233628],[0.581726,-0.687028,-0.435416],[0.469783,-0.15321,0.869385]],[[-0.664002,-0.710295,0.233628],[0.556062,-0.677962,-0.480794],[0.499896,-0.189337,0.845136]],[[-0.664002,-0.710295,0.233628],[0.455928,-0.63225,-0.626411],[0.592647,-0.309421,0.743658]]],"btipPosition":[-19.0909,348.083,-58.3285],"carpPosition":[64.1182,312.82,53.8981],"dipPosition":[-8.73282,342.675,-45.3311],"direction":[-0.499896,0.189337,-0.845136],"extended":true,"handId":219,"id":2193,"length":60.2685,"mcpPosition":[23.8556,331.365,12.9049],"pipPosition":[4.22117,337.769,-23.4308],"stabilizedTipPosition":[-14.9412,347.765