{"frames":323,"data":[{"currentFrameRate":21.6238,"devices":[],"gestures":[],"hands":[],"id":141325,"interactionBox":{"center":[0,200,0],"size":[235.247,235.247,147.751]},"pointables":[],"r":[[-0.962136,-0.269906,0.0380192],[0.215739,-0.839331,-0.498979],[0.166588,-0.471883,0.86578]],"s":0.686793,"t":[505.899,-233.461,348.339],"timestamp":259025281196},{"currentFrameRate":21.9933,"devices":[],"gestures":[],"hands":[],"id":141326,"interactionBox":{"center":[0,200,0],"size":[235.247,235.247,147.751]},"pointables":[],"r":[[-0.962136,-0.269906,0.0380192],[0.215739,-0.839331,-0.498979],[0.166588,-0.471883,0.86578]],"s":0.686793,"t":[505.899,-233.461,348.339],"timestamp":259025323650},{"currentFrameRate":22.3643,"devices":[],"gestures":[],"hands":[{"armBasis":[[0.999093,-0.0369341,-0.0211964],[-0.0423085,-0.917465,-0.395561],[0.00483725,-0.396099,0.918195]],"armWidth":62.1558,"confidence":0,"direction":[-0.0706347,0.486518,-0.870811],"elbow":[121.716,96.0792,288.453],"grabAngle":0,"grabStrength":0,"id":223,"palmNormal":[0.0495384,0.873625,0.484072],"palmPosition":[108.726,239.091,-15.4471],"palmVelocity":[1.19209e-7,1.19209e-7,1.19209e-7],"palmWidth":88.7564,"pinchDistance":52.6875,"pinchStrength":0,"r":[[1,0,1.38778e-18],[0,1,0],[-1.38778e-18,0,1]],"s":1,"sphereCenter":[136.75,188.136,-97.0525],"sphereRadius":97.7752,"stabilizedPalmPosition":[108.726,239.091,-15.4471],"t":[0,0,0],"timeVisible":0,"type":"left","wrist":[120.442,200.401,46.6263]}],"id":141327,"interactionBox":{"center":[0,200,0],"size":[235.247,235.247,147.751]},"pointables":[{"bases":[[[0.342805,-0.690058,-0.63742],[-0.796381,-0.573368,0.192422],[0.498258,-0.441666,0.746103]],[[0.441783,-0.768789,-0.462376],[-0.675103,-0.624319,0.393015],[0.590816,-0.138525,0.794825]],[[0.441783,-0.768789,-0.462376],[-0.832333,-0.543553,0.108498],[0.334738,-0.336919,0.880021]],[[0.441783,-0.768789,-0.462376],[-0.880172,-0.471147,-0.0575993],[0.173565,-0.432417,0.884811]]],"btipPosition":[48.8353,245.367,-50.0325],"carpPosition":[92.6987,217.544,38.1371],"dipPosition":[52.7976,235.495,-29.833],"direction":[-0.334738,0.336919,-0.880021],"extended":true,"handId":223,"id":2230,"length":50.837,"mcpPosition":[92.6987,217.544,38.1371],"pipPosition":[63.9306,224.289,-0.564764],"stabilizedTipPosition":[49.7466,243.096,-45.3866],"timeVisible":0,"tipPosition":[49.7466,243.096,-45.3866],"tipVelocity":[1.19209e-7,1.19209e-7,1.19209e-7],"tool":false,"touchDistance":0.852534,"touchZone":"hovering","type":0,"width":19.7529},{"bases":[[[0.970268,0.072868,-0.230802],[-0.0841333,-0.792591,-0.603922],[0.226938,-0.605384,0.762895]],[[0.958272,0.101808,-0.267112],[0.064146,-0.987183,-0.146134],[0.278566,-0.122902,0.952521]],[[0.958272,0.101808,-0.267112],[0.064146,-0.987183,-0.146134],[0.278566,-0.122902,0.952521]],[[0.958272,0.101808,-0.267112],[0.064146,-0.987183,-0.146134],[0.278566,-0.122902,0.952521]]],"btipPosition":[59.6842,259.43,-113.859],"carpPosition":[98.8546,205.889,19.1397],"dipPosition":[64.3268,257.382,-97.984],"direction":[-0.278566,0.122902,-0.952521],"extended":true,"handId":223,"id":2231,"length":57.3639,"mcpPosition":[82.5687,249.334,-35.6084],"pipPosition":[70.8946,254.484,-75.5264],"stabilizedTipPosition":[60.752,258.959,-110.208],"timeVisible":0,"tipPosition":[60.752,258.959,-110.208],"tipVelocity":[1.19209e-7,1.19209e-7,1.19209e-7],"tool":false,"touchDistance":-0.170128,"touchZone":"touching","type":1,"width":18.868},{"bases":[[[0.992039,0.124451,-0.0192519],[0.0861161,-0.78196,-0.617351],[0.0918842,-0.610779,0.786452]],[[0.986071,0.155401,-0.0592861],[0.103502,-0.852337,-0.51265],[0.130198,-0.499373,0.856549]],[[0.986071,0.155401,-0.0592861],[0.103502,-0.852337,-0.51265],[0.130198,-0.499373,0.856549]],[[0.986071,0.155401,-0.0592861],[0.103502,-0.852337,-0.51265],[0.130198,-0.499373,0.856549]]],"btipPosition":[91.7402,293.838,-118.299],"carpPosition":[110.113,205.787,14.9562],"dipPosition":[94.1268,284.684,-102.598],"direction":[-0.130198,0.499373,-0.856549],"extended":true,"handId":223,"id":2232,"length":65.3616,"mcpPosition":[103.86,247.354,-38.566],"pipPosition":[97.7383,270.833,-78.8385],"stabilizedTipPosition":[92.2891,291.733,-114.688],"timeVisible":0,"tipPosition":[92.2891,291.733,-114.688],"tipVelocity":[1.19209e-7,1.19209e-7,1.19209e-7],"tool":false,"touchDistance":-0.244794,"touchZone":"touching","type":2,"width":18.5309},{"bases":[[[0.985414,0.0918045,0.143285],[0.159658,-0.790142,-0.591764],[-0.0588885,-0.60601,0.793275]],[[0.987164,0.125277,0.0990628],[0.15811,-0.854183,-0.495352],[-0.0225616,-0.504656,0.863026]],[[0.987164,0.125277,0.0990628],[0.15811,-0.854183,-0.495352],[-0.0225616,-0.504656,0.863026]],[[0.987164,0.125277,0.0990628],[0.15811,-0.854183,-0.495352],[-0.0225616,-0.504656,0.863026]]],"btipPosition":[127.547,288.93,-111.579],"carpPosition":[121.945,207.073,13.5551],"dipPosition":[127.136,279.733,-95.8496],"direction":[0.0225616,0.504656,-0.863026],"extended":true,"handId":223,"id":2233,"length":62.8469,"mcpPosition":[125.543,244.101,-34.9158],"pipPosition":[126.526,266.096,-72.5289],"stabilizedTipPosition":[127.453,286.815,-107.961],"timeVisible":0,"tipPosition":[127.453,286.815,-107.961],"tipVelocity":[1.19209e-7,1.19209e-7,1.19209e-7],"tool":false,"touchDistance":-0.132681,"touchZone":"touching","type":3,"width":17.6333},{"bases":[[[0.931959,0.150332,0.329928],[0.305148,-0.816659,-0.48985],[-0.195798,-0.557197,0.806966]],[[0.94733,0.207806,0.243685],[0.246471,-0.958923,-0.140424],[-0.204494,-0.193089,0.959635]],[[0.94733,0.207806,0.243685],[0.277698,-0.912028,-0.301808],[-0.15953,-0.353583,0.921699]],[[0.94733,0.207806,0.243685],[0.277698,-0.912028,-0.301808],[-0.15953,-0.353583,0.921699]]],"btipPosition":[157.87,263.095,-93.7474],"carpPosition":[134.016,212.228,18.0769],"dipPosition":[155.188,257.15,-78.2503],"direction":[0.15953,0.353583,-0.921699],"extended":true,"handId":223,"id":2234,"length":49.2708,"mcpPosition":[145.091,243.744,-27.5666],"pipPosition":[152.144,250.404,-60.6655],"stabilizedTipPosition":[157.253,261.728,-90.1831],"timeVisible":0,"tipPosition":[157.253,261.728,-90.1831],"tipVelocity":[1.19209e-7,1.19209e-7,1.19209e-7],"tool":false,"touchDistance":0.163615,"touchZone":"hovering","type":4,"width":15.6633}],"r":[[1,0,1.38778e-18],[0,1,0],[-1.38778e-18,0,1]],"s":1,"t":[0,0,0],"timestamp":259025365381},{"currentFrameRate":22.6308,"devices":[],"gestures":[],"hands":[{"armBasis":[[-0.958694,-0.260154,0.115003],[-0.178052,0.864182,0.470623],[0.221818,-0.430707,0.874807]],"armWidth":65.0884,"confidence":0.218077,"direction":[0.0286458,0.599446,-0.799902],"elbow":[148.486,103.947,257.794],"grabAngle":0.56616,"grabStrength":0,"id":223,"palmNormal":[0.18368,-0.789761,-0.585268],"palmPosition":[97.5937,257.585,-34.0796],"palmVelocity":[-264.598,439.576,-442.874],"palmWidth":88.7564,"pinchDistance":50.8584,"pinchStrength":0.0425421,"r":[[0.996985,-0.0695152,-0.03448],[0.0591456,0.968414,-0.242233],[0.0502298,0.239463,0.969605]],"s":0.941684,"sphereCenter":[133.3,136.543,-127.918],"sphereRadius":158.345,"stabilizedPalmPosition":[100.399,252.925,-29.3848],"t":[-5.56608,9.24692,-9.31629],"timeVisible":0.042072,"type":"left","wrist":[90.0649,217.383,27.3944]}],"id":141328,"interactionBox":{"center":[0,200,0],"size":[235.247,235.247,147.751]},"pointables":[{"bases":[[[-0.554082,0.770979,0.313983],[0.697442,0.224002,0.680734],[-0.454498,-0.596167,0.661828]],[[-0.530347,0.800188,0.280054],[0.680434,0.204715,0.703634],[-0.505708,-0.563729,0.653046]],[[-0.530347,0.800188,0.280054],[0.793572,0.35234,0.496085],[-0.298287,-0.485341,0.821869]],[[-0.530347,0.800188,0.280054],[0.834226,0.433737,0.340499],[-0.150994,-0.414211,0.897569]]],"btipPosition":[154.096,272.68,-66.0905],"carpPosition":[117.168,221.668,9.72939],"dipPosition":[150.923,263.975,-47.2294],"direction":[0.298287,0.485341,-0.821869],"extended":true,"handId":223,"id":2230,"length":46.7942,"mcpPosition":[117.168,221.668,9.72939],"pipPosition":[141.792,249.117,-22.0688],"stabilizedTipPosition":[150.3,269.861,-61.2681],"timeVisible":0.042072,"tipPosition":[152.95,275.404,-58.371],"tipVelocity":[2462.92,655.578,-388.997],"tool":false,"touchDistance":0.555126,"touchZone":"hovering","type":0,"width":21.094},{"bases":[[[-0.96381,-0.0276646,-0.265151],[-0.152986,0.871925,0.465126],[-0.218324,-0.488857,0.844602]],[[-0.977982,-0.0659821,-0.197982],[-0.124602,0.945659,0.30034],[-0.167406,-0.318396,0.933059]],[[-0.977982,-0.0659821,-0.197982],[-0.0731226,0.996902,0.0289669],[-0.195457,-0.0428061,0.979778]],[[-0.977982,-0.0659821,-0.197982],[-0.0307258,0.983888,-0.176126],[-0.206413,0.166165,0.964253]]],"btipPosition":[135.767,287.709,-121.161],"carpPosition":[106.233,241.964,11.499],"dipPosition":[132.6,290.258,-106.369],"direction":[0.195457,0.0428061,-0.979778],"extended":true,"handId":223,"id":2231,"length":52.8021,"mcpPosition":[121.901,277.047,-49.1127],"pipPosition":[128.358,289.329,-85.1056],"stabilizedTipPosition":[133.074,287.519,-117.559],"timeVisible":0.042072,"tipPosition":[134.974,291.25,-116.149],"tipVelocity":[1765.7,697.275,-179.485],"tool":false,"touchDistance":-0.294718,"touchZone":"touching","type":1,"width":20.149},{"bases":[[[-0.944148,-0.241691,-0.223985],[-0.318484,0.843751,0.432033],[-0.0845696,-0.479239,0.873601]],[[-0.944482,-0.243622,-0.220459],[-0.299905,0.913294,0.27559],[-0.134204,-0.326407,0.935654]],[[-0.944482,-0.243622,-0.220459],[-0.26423,0.961993,0.0689374],[-0.195285,-0.123362,0.972957]],[[-0.944482,-0.243622,-0.220459],[-0.232763,0.969685,-0.0743727],[-0.231895,0.0189289,0.972557]]],"btipPosition":[115.115,292.936,-132.563],"carpPosition":[94.6527,243.364,8.63553],"dipPosition":[111.202,293.255,-116.153],"direction":[0.195285,0.123362,-0.972957],"extended":true,"handId":223,"id":2232,"length":60.1637,"mcpPosition":[100.408,275.979,-50.8177],"pipPosition":[106.216,290.105,-91.311],"stabilizedTipPosition":[111.079,292.827,-126.772],"timeVisible":0.042072,"tipPosition":[113.39,298.168,-127.787],"tipVelocity":[521.154,30.3396,-335.164],"tool":false,"touchDistance":-0.460163,"touchZone":"touching","type":2,"width":19.789},{"bases":[[[-0.91959,-0.372493,-0.124914],[-0.387658,0.80862,0.442555],[0.0638411,-0.455392,0.887999]],[[-0.921618,-0.349601,-0.168519],[-0.385994,0.870851,0.304349],[-0.0403546,-0.345541,0.937536]],[[-0.921618,-0.349601,-0.168519],[-0.371794,0.919857,0.12503],[-0.111303,-0.177884,0.977737]],[[-0.921618,-0.349601,-0.168519],[-0.35249,0.935719,-0.01345],[-0.162389,-0.0470056,0.985607]]],"btipPosition":[86.3927,288.508,-127.079],"carpPosition":[83.182,241.607,5.6449],"dipPosition":[83.6685,287.719,-110.544],"direction":[0.111303,0.177884,-0.977737],"extended":true,"handId":223,"id":2233,"length":57.849,"mcpPosition":[79.2811,269.432,-48.6139],"pipPosition":[80.9,283.294,-86.2249],"stabilizedTipPosition":[88.1923,288.238,-122.384],"timeVisible":0.042072,"tipPosition":[83.7027,293.596,-122.361],"tipVelocity":[-990.839,35.9271,-364.018],"tool":false,"touchDistance":-0.377471,"touchZone":"touching","type":3,"width":18.8305},{"bases":[[[-0.829242,-0.551149,-0.092692],[-0.518796,0.697409,0.494441],[0.207867,-0.458099,0.864255]],[[-0.829464,-0.550659,-0.0936167],[-0.546241,0.764688,0.341867],[0.116664,-0.334703,0.935074]],[[-0.829464,-0.550659,-0.0936167],[-0.5582,0.823219,0.103555],[-0.0200435,-0.138152,0.990208]],[[-0.829464,-0.550659,-0.0936167],[-0.54792,0.834712,-0.0551348],[-0.108503,-0.00556209,0.994081]]],"btipPosition":[59.636,272.022,-109.681],"carpPosition":[73.0659,232.972,1.66468],"dipPosition":[57.9567,271.935,-94.2956],"direction":[0.0200435,0.138152,-0.990208],"extended":true,"handId":223,"id":2234,"length":45.3526,"mcpPosition":[61.3086,258.883,-47.2191],"pipPosition":[57.6047,269.509,-76.9061],"stabilizedTipPosition":[157.253,261.728,-90.1831],"timeVisible":0.042072,"tipPosition":[57.2169,276.273,-104.221],"tipVelocity":[-2329.42,244.201,-379.325],"tool":false,"touchDistance":-0.152367,"touchZone":"hovering","type":4,"width":16.7267}],"r":[[0.996985,-0.0695152,-0.03448],[0.0591456,0.968414,-0.242233],[0.0502298,0.239463,0.969605]],"s":0.941684,"t":[-5.56608,9.24692,-9.31629],"timestamp":259025407453},{"currentFrameRate":23.8046,"devices":[],"gestures":[],"hands":[{"armBasis":[[-0.921365,-0.377799,0.0914003],[-0.258625,0.771394,0.581433],[0.29017,-0.512074,0.808444]],"armWidth":65.0884,"confidence":0.375832,"direction":[-0.11945,0.56058,-0.81944],"elbow":[164.176,93.5099,240.777],"grabAngle":0.560711,"grabStrength":0,"id":223,"palmNormal":[0.260216,-0.778821,-0.570724],"palmPosition":[85.3494,268.06,-34.5381],"palmVelocity":[-371.646,317.94,-13.9153],"palmWidth":88.7564,"pinchDistance":53.4211,"pinchStrength":0.0956083,"r":[[0.992941,-0.100739,-0.0626031],[0.0636865,0.898123,-0.435108],[0.100058,0.42805,0.898199]],"s":0.935865,"sphereCenter":[140.964,156.495,-127.178],"sphereRadius":157.555,"stabilizedPalmPosition":[86.9859,266.414,-33.9777],"t":[-14.4712,19.1078,-14.2037],"timeVisible":0.075018,"type":"left","wrist":[87.753,228.376,27.8553]}],"id":141329,"interactionBox":{"center":[0,200,0],"size":[235.247,235.247,147.751]},"pointables":[{"bases":[[[-0.641603,0.692749,0.329309],[0.701345,0.355998,0.617561],[-0.310581,-0.627188,0.714265]],[[-0.598714,0.764377,0.23931],[0.66456,0.307283,0.681129],[-0.447104,-0.566837,0.691949]],[[-0.598714,0.764377,0.23931],[0.763243,0.45385,0.459869],[-0.242903,-0.457981,0.855132]],[[-0.598714,0.764377,0.23931],[0.796331,0.535976,0.280333],[-0.0860161,-0.358409,0.929594]]],"btipPosition":[144.219,286.623,-70.5758],"carpPosition":[113.205,237.47,8.82968],"dipPosition":[142.411,279.091,-51.0417],"direction":[0.242903,0.457981,-0.855132],"extended":true,"handId":223,"id":2230,"length":46.7942,"mcpPosition":[113.205,237.47,8.82968],"pipPosition":[134.975,265.071,-24.8629],"stabilizedTipPosition":[143.974,284.496,-65.9565],"timeVisible":0.075018,"tipPosition":[138.766,289.715,-64.5609],"tipVelocity":[-290.279,431.405,-131.443],"tool":false,"touchDistance":0.467989,"touchZone":"hovering","type":0,"width":21.094},{"bases":[[[-0.964587,-0.183287,-0.189677],[-0.250941,0.859189,0.445896],[-0.0812413,-0.477703,0.874757]],[[-0.947212,-0.122995,-0.296076],[-0.242173,0.879654,0.409342],[-0.210097,-0.459436,0.863005]],[[-0.947212,-0.122995,-0.296076],[-0.15577,0.983713,0.0896938],[-0.280222,-0.131079,0.950944]],[[-0.947212,-0.122995,-0.296076],[-0.0411949,0.962522,-0.268055],[-0.317949,0.241708,0.91678]]],"btipPosition":[124.35,307.104,-120.021],"carpPosition":[99.4566,255.962,10.7464],"dipPosition":[119.473,310.812,-105.957],"direction":[0.280222,0.131079,-0.950944],"extended":true,"handId":223,"id":2231,"length":52.8021,"mcpPosition":[105.287,290.244,-52.0293],"pipPosition":[113.391,307.967,-85.3198],"stabilizedTipPosition":[123.377,307.648,-116.798],"timeVisible":0.075018,"tipPosition":[118.181,305.957,-118.275],"tipVelocity":[-358.468,596.779,29.5124],"tool":false,"touchDistance":-0.281384,"touchZone":"touching","type":1,"width":20.149},{"bases":[[[-0.909688,-0.389909,-0.142967],[-0.412126,0.805136,0.426506],[0.0511908,-0.446908,0.893114]],[[-0.904805,-0.306609,-0.295498],[-0.399582,0.851188,0.340314],[-0.147181,-0.425993,0.892674]],[[-0.904805,-0.306609,-0.295498],[-0.366497,0.914045,0.173786],[-0.216814,-0.265542,0.939404]],[[-0.904805,-0.306609,-0.295498],[-0.337539,0.939477,0.058732],[-0.259606,-0.152883,0.953536]]],"btipPosition":[100.428,313.696,-130.758],"carpPosition":[87.6256,255.486,8.7305],"dipPosition":[96.0473,311.116,-114.669],"direction":[0.216814,0.265542,-0.939404],"extended":true,"handId":223,"id":2232,"length":60.1637,"mcpPosition":[84.1418,285.9,-52.0507],"pipPosition":[90.5115,304.336,-90.684],"stabilizedTipPosition":[100.216,311.718,-127.038],"timeVisible":0.075018,"tipPosition":[94.9221,310.396,-128.425],"tipVelocity":[-449.068,609.888,52.5357],"tool":false,"touchDistance":-0.416518,"touchZone":"touching","type":2,"width":19.789},{"bases":[[[-0.858566,-0.511003,-0.0417216],[-0.474224,0.760565,0.443455],[0.194875,-0.400521,0.895325]],[[-0.877173,-0.451285,-0.16404],[-0.479952,0.813616,0.328137],[0.0146176,-0.366565,0.930278]],[[-0.877173,-0.451285,-0.16404],[-0.475705,0.863229,0.168937],[-0.0653655,-0.226222,0.97188]],[[-0.877173,-0.451285,-0.16404],[-0.470707,0.875648,0.108049],[-0.0948806,-0.171993,0.980518]]],"btipPosition":[67.0988,299.591,-125.964],"carpPosition":[76.3749,251.901,6.68553],"dipPosition":[65.5071,296.706,-109.514],"direction":[0.0653656,0.226222,-0.97188],"extended":true,"handId":223,"id":2233,"length":57.849,"mcpPosition":[64.4676,276.374,-48.0209],"pipPosition":[63.8812,291.079,-85.3408],"stabilizedTipPosition":[67.3777,298.607,-122.186],"timeVisible":0.075018,"tipPosition":[62.4901,298.098,-122.48],"tipVelocity":[-577.717,321.787,33.2529],"tool":false,"touchDistance":-0.351624,"touchZone":"touching","type":3,"width":18.8305},{"bases":[[[-0.740004,-0.67252,-0.0105113],[-0.582897,0.633434,0.508913],[0.335596,-0.382725,0.860754]],[[-0.709452,-0.702084,0.0612799],[-0.622876,0.665332,0.411532],[0.329702,-0.253792,0.909333]],[[-0.709452,-0.702084,0.0612799],[-0.701948,0.711703,0.0273638],[0.0628247,0.023602,0.997745]],[[-0.709452,-0.702084,0.0612799],[-0.69985,0.691607,-0.178577],[-0.0829942,0.169578,0.982016]]],"btipPosition":[38.1699,268.348,-106.494],"carpPosition":[67.4381,241.682,3.78199],"dipPosition":[36.8854,270.972,-91.2954],"direction":[-0.0628247,-0.023602,-0.997745],"extended":true,"handId":223,"id":2234,"length":45.3526,"mcpPosition":[48.4562,263.329,-44.9038],"pipPosition":[37.9887,271.387,-73.7736],"stabilizedTipPosition":[40.2396,268.808,-102.744],"timeVisible":0.075018,"tipPosition":[37.7901,275.028,-102.26],"tipVelocity":[-648.797,-92.5908,95.4285],"tool":false,"touchDistance":-0.200523,"touchZone":"touching","type":4,"width":16.7267}],"r":[[0.992941,-0.100739,-0.0626031],[0.0636865,0.898123,-0.435108],[0.100058,0.42805,0.898199]],"s":0.935865,"t":[-14.4712,19.1078,-14.2037],"timestamp":259025440399},{"currentFrameRate":27.4423,"devices":[],"gestures":[],"hands":[{"armBasis":[[-0.905455,-0.406205,0.123077],[-0.262801,0.764246,0.588951],[0.333296,-0.500924,0.798742]],"armWidth":65.0884,"confidence":0.42315,"direction":[-0.166605,0.548711,-0.819243],"elbow":[174.385,98.4114,239.437],"grabAngle":0.586066,"grabStrength":0,"id":223,"palmNormal":[0.266076,-0.775014,-0.573198],"palmPosition":[80.7222,269.409,-33.483],"palmVelocity":[-432.778,126.198,98.6761],"palmWidth":88.7564,"pinchDistance":53.4119,"pinchStrength":0.068946,"r":[[0.988574,-0.123527,-0.0863825],[0.0511673,0.814055,-0.57853],[0.141784,0.5675,0.811074]],"s":0.921182,"sphereCenter":[140.154,164.224,-125.458],"sphereRadius":154.242,"stabilizedPalmPosition":[83.4685,268.096,-33.6999],"t":[-21.2375,24.7129,-16.1198],"timeVisible":0.08571,"type":"left","wrist":[86.6036,230.341,29.0706]}],"id":141330,"interactionBox":{"center":[0,200,0],"size":[235.247,235.247,147.751]},"pointables":[{"bases":[[[-0.65255,0.674122,0.346032],[0.710135,0.38474,0.589647],[-0.264361,-0.630503,0.72978]],[[-0.631962,0.717508,0.292927],[0.672104,0.319206,0.66812],[-0.385877,-0.619104,0.683966]],[[-0.631962,0.717508,0.292927],[0.763893,0.512936,0.391617],[-0.130735,-0.471252,0.872256]],[[-0.631962,0.717508,0.292927],[0.774901,0.578975,0.253606],[-0.0123666,-0.387259,0.921888]]],"btipPosition":[134.13,292.872,-70.2537],"carpPosition":[111.079,240.162,9.12537],"dipPosition":[133.87,284.734,-50.8815],"direction":[0.130735,0.471252,-0.872256],"extended":true,"handId":223,"id":2230,"length":46.7942,"mcpPosition":[111.079,240.162,9.12537],"pipPosition":[129.868,270.308,-24.1785],"stabilizedTipPosition":[136.696,289.276,-65.8401],"timeVisible":0.08571,"tipPosition":[132.738,292.166,-65.6013],"tipVelocity":[-910.288,571.422,26.6445],"tool":false,"touchDistance":0.458797,"touchZone":"hovering","type":0,"width":21.094},{"bases":[[[-0.96394,-0.216899,-0.15419],[-0.263848,0.854488,0.447476],[-0.034697,-0.472022,0.880903]],[[-0.95999,-0.187501,-0.207998],[-0.259281,0.875751,0.407227],[-0.105799,-0.444864,0.889327]],[[-0.95999,-0.187501,-0.207998],[-0.205142,0.976466,0.0665698],[-0.190621,-0.106576,0.975861]],[[-0.95999,-0.187501,-0.207998],[-0.130572,0.956779,-0.259854],[-0.247731,0.222298,0.942981]]],"btipPosition":[111.304,308.143,-121.793],"carpPosition":[96.7951,258.205,11.3743],"dipPosition":[107.503,311.553,-107.327],"direction":[0.190621,0.106576,-0.975861],"extended":true,"handId":223,"id":2231,"length":52.8021,"mcpPosition":[99.285,292.079,-51.8425],"pipPosition":[103.366,309.24,-86.1484],"stabilizedTipPosition":[113.345,308.639,-118.09],"timeVisible":0.08571,"tipPosition":[109.572,307.889,-118.59],"tipVelocity":[-1197.07,90.7695,-157.019],"tool":false,"touchDistance":-0.306761,"touchZone":"touching","type":1,"width":20.149},{"bases":[[[-0.900567,-0.421147,-0.107769],[-0.423713,0.794947,0.434197],[0.0971902,-0.436687,0.894348]],[[-0.905268,-0.355277,-0.232953],[-0.419889,0.83169,0.363299],[-0.0646731,-0.426697,0.902079]],[[-0.905268,-0.355277,-0.232953],[-0.398914,0.89946,0.178436],[-0.146138,-0.254461,0.955978]],[[-0.905268,-0.355277,-0.232953],[-0.367516,0.929964,0.00989757],[-0.213122,-0.094574,0.972438]]],"btipPosition":[88.4354,313.596,-130.943],"carpPosition":[84.9235,257.318,9.77911],"dipPosition":[84.8394,312.001,-114.535],"direction":[0.146138,0.254461,-0.955978],"extended":true,"handId":223,"id":2232,"length":60.1637,"mcpPosition":[78.3092,287.037,-51.0861],"pipPosition":[81.1081,305.504,-90.1264],"stabilizedTipPosition":[92.2094,312.678,-127.121],"timeVisible":0.08571,"tipPosition":[85.8951,311.474,-127.867],"tipVelocity":[-1104.73,11.8548,-10.3932],"tool":false,"touchDistance":-0.404866,"touchZone":"touching","type":2,"width":19.789},{"bases":[[[-0.841928,-0.539538,-0.00740647],[-0.483657,0.7485,0.453677],[0.239232,-0.385546,0.891136]],[[-0.866942,-0.480962,-0.130717],[-0.494808,0.799086,0.341507],[0.0597978,-0.360746,0.930745]],[[-0.866942,-0.480962,-0.130717],[-0.497018,0.853839,0.154699],[-0.0372069,-0.199083,0.979276]],[[-0.866942,-0.480962,-0.130717],[-0.488213,0.872258,0.0285369],[-0.100293,-0.0885575,0.991009]]],"btipPosition":[59.326,297.811,-124.612],"carpPosition":[73.7346,253.344,8.15963],"dipPosition":[57.6435,296.325,-107.987],"direction":[0.0372069,0.199083,-0.979276],"extended":true,"handId":223,"id":2233,"length":57.849,"mcpPosition":[59.117,276.901,-46.2908],"pipPosition":[56.7181,291.373,-83.6294],"stabilizedTipPosition":[61.3459,297.794,-121.187],"timeVisible":0.08571,"tipPosition":[54.3261,297.82,-120.806],"tipVelocity":[-728.919,-136.415,130.178],"tool":false,"touchDistance":-0.323917,"touchZone":"touching","type":3,"width":18.8305},{"bases":[[[-0.717016,-0.696743,0.0209245],[-0.585672,0.618448,0.523937],[0.37799,-0.363417,0.8515]],[[-0.690009,-0.719578,0.0780688],[-0.634393,0.653176,0.41341],[0.348473,-0.23573,0.907192]],[[-0.690009,-0.719578,0.0780688],[-0.717321,0.694243,0.0589716],[0.0966334,0.0153095,0.995202]],[[-0.690009,-0.719578,0.0780688],[-0.721874,0.676293,-0.146714],[-0.0527748,0.15759,0.986093]]],"btipPosition":[31.7254,268.139,-104.048],"carpPosition":[65.0489,242.807,5.65449],"dipPosition":[30.9086,270.578,-88.7869],"direction":[-0.0966334,-0.0153095,-0.995202],"extended":true,"handId":223,"id":2234,"length":45.3526,"mcpPosition":[43.6691,263.363,-42.5078],"pipPosition":[32.6056,270.847,-71.3097],"stabilizedTipPosition":[33.9459,268.73,-101.149],"timeVisible":0.08571,"tipPosition":[30.6798,273.848,-99.6048],"tipVelocity":[-592.681,-23.5061,230.074],"tool":false,"touchDistance":-0.214831,"touchZone":"touching","type":4,"width":16.7267}],"r":[[0.988574,-0.123527,-0.0863825],[0.0511673,0.814055,-0.57853],[0.141784,0.5675,0.811074]],"s":0.921182,"t":[-21.2375,24.7129,-16.1198],"timestamp":259025451091},{"currentFrameRate":30.8623,"devices":[],"gestures":[],"hands":[{"armBasis":[[-0.871859,-0.463731,0.157528],[-0.292564,0.751092,0.591834],[0.39277,-0.469909,0.790517]],"armWidth":65.0884,"confidence":0.469011,"direction":[-0.189779,0.544772,-0.816828],"elbow":[188.156,108.408,237.832],"grabAngle":0.598884,"grabStrength":0,"id":223,"palmNormal":[0.29617,-0.761429,-0.576636],"palmPosition":[76.7498,271.022,-32.7338],"palmVelocity":[-365.345,148.343,68.9088],"palmWidth":88.7564,"pinchDistance":54.3219,"pinchStrength":0.0281298,"r":[[0.985266,-0.136883,-0.102541],[0.0307198,0.731431,-0.681223],[0.16825,0.668036,0.724859]],"s":0.904854,"sphereCenter":[141.459,171.304,-123.991],"sphereRadius":152.198,"stabilizedPalmPosition":[79.3272,269.899,-33.1044],"t":[-26.6068,28.3219,-16.7033],"timeVisible":0.096583,"type":"left","wrist":[84.7116,232.169,29.6314]}],"id":141331,"interactionBox":{"center":[0,200,0],"size":[235.247,235.247,147.751]},"pointables":[{"bases":[[[-0.678615,0.645962,0.349592],[0.694973,0.410683,0.590213],[-0.237683,-0.643484,0.727622]],[[-0.667745,0.673086,0.317919],[0.65927,0.336422,0.672446],[-0.345659,-0.658617,0.668389]],[[-0.667745,0.673086,0.317919],[0.737663,0.541037,0.403896],[-0.0998512,-0.504217,0.857785]],[[-0.667745,0.673086,0.317919],[0.744388,0.602712,0.287446],[-0.00186219,-0.428595,0.903495]]],"btipPosition":[128.249,299.365,-68.0742],"carpPosition":[108.322,242.853,9.7169],"dipPosition":[128.21,290.359,-49.0885],"direction":[0.0998512,0.504217,-0.857785],"extended":true,"handId":223,"id":2230,"length":46.7942,"mcpPosition":[108.322,242.853,9.7169],"pipPosition":[125.153,274.923,-22.8285],"stabilizedTipPosition":[130.247,295.391,-64.2135],"timeVisible":0.096583,"tipPosition":[127.838,296.194,-64.6479],"tipVelocity":[-536.187,578.778,192.276],"tool":false,"touchDistance":0.47761,"touchZone":"hovering","type":0,"width":21.094},{"bases":[[[-0.954667,-0.254897,-0.15375],[-0.297331,0.841421,0.451227],[-0.0143519,-0.476486,0.879065]],[[-0.954103,-0.244118,-0.173478],[-0.294137,0.872787,0.389522],[-0.0563198,-0.42267,0.904532]],[[-0.954103,-0.244118,-0.173478],[-0.25787,0.964228,0.0613842],[-0.152287,-0.103302,0.982923]],[[-0.954103,-0.244118,-0.173478],[-0.20053,0.950996,-0.235358],[-0.222432,0.189768,0.956301]]],"btipPosition":[103.248,310.128,-121.922],"carpPosition":[93.328,260.298,12.0569],"dipPosition":[99.8355,313.039,-107.252],"direction":[0.152287,0.103302,-0.982923],"extended":true,"handId":223,"id":2231,"length":52.8021,"mcpPosition":[94.358,294.492,-51.028],"pipPosition":[96.5305,310.797,-85.9204],"stabilizedTipPosition":[104.501,310.393,-118.462],"timeVisible":0.096583,"tipPosition":[103.677,310.939,-117.854],"tipVelocity":[-732.69,172.01,-7.59788],"tool":false,"touchDistance":-0.305658,"touchZone":"touching","type":1,"width":20.149},{"bases":[[[-0.883059,-0.45661,-0.108227],[-0.454691,0.775548,0.437928],[0.116027,-0.435926,0.892472]],[[-0.890629,-0.399268,-0.217636],[-0.45372,0.812168,0.366772],[-0.0303162,-0.425403,0.904496]],[[-0.890629,-0.399268,-0.217636],[-0.435747,0.886198,0.157411],[-0.130019,-0.235029,0.963253]],[[-0.890629,-0.399268,-0.217636],[-0.404852,0.914157,-0.020314],[-0.207064,-0.070018,0.975819]]],"btipPosition":[81.7286,314.2,-130.467],"carpPosition":[81.4994,258.94,10.4742],"dipPosition":[78.2348,313.019,-114.002],"direction":[0.130019,0.235029,-0.963253],"extended":true,"handId":223,"id":2232,"length":60.1637,"mcpPosition":[73.6031,288.607,-50.2633],"pipPosition":[74.9151,307.018,-89.4082],"stabilizedTipPosition":[84.4364,313.539,-126.818],"timeVisible":0.096583,"tipPosition":[80.1732,313.663,-126.927],"tipVelocity":[-614.666,64.3133,44.9283],"tool":false,"touchDistance":-0.385385,"touchZone":"touching","type":2,"width":19.789},{"bases":[[[-0.819554,-0.57294,-0.00841556],[-0.512689,0.726652,0.457303],[0.255892,-0.379099,0.889271]],[[-0.848155,-0.511375,-0.138307],[-0.525837,0.781027,0.336886],[0.0642538,-0.358458,0.931332]],[[-0.848155,-0.511375,-0.138307],[-0.527941,0.837493,0.14101],[-0.043722,-0.192616,0.9803]],[[-0.848155,-0.511375,-0.138307],[-0.515498,0.856863,-0.00691591],[-0.122047,-0.065431,0.990365]]],"btipPosition":[55.3987,297.958,-123.842],"carpPosition":[70.477,254.525,8.85404],"dipPosition":[53.3512,296.86,-107.228],"direction":[0.043722,0.192616,-0.9803],"extended":true,"handId":223,"id":2233,"length":57.849,"mcpPosition":[54.8414,277.689,-45.4825],"pipPosition":[52.2637,292.07,-82.8446],"stabilizedTipPosition":[56.5263,297.728,-120.311],"timeVisible":0.096583,"tipPosition":[49.6196,298.603,-119.917],"tipVelocity":[-368.925,21.7463,70.602],"tool":false,"touchDistance":-0.308343,"touchZone":"touching","type":3,"width":18.8305},{"bases":[[[-0.688377,-0.725101,0.0191211],[-0.609283,0.592327,0.527184],[0.393588,-0.351251,0.849536]],[[-0.665325,-0.743583,0.0665283],[-0.662663,0.629255,0.406098],[0.343831,-0.226101,0.911405]],[[-0.665325,-0.743583,0.0665283],[-0.741289,0.668569,0.0592024],[0.0885007,0.00992784,0.996027]],[[-0.665325,-0.743583,0.0665283],[-0.743591,0.652117,-0.1477],[-0.066443,0.147738,0.986792]]],"btipPosition":[28.5143,268.243,-103.432],"carpPosition":[62.2183,243.658,6.31874],"dipPosition":[27.486,270.529,-88.1598],"direction":[-0.0885007,-0.00992784,-0.996027],"extended":true,"handId":223,"id":2234,"length":45.3526,"mcpPosition":[39.9563,263.525,-41.7325],"pipPosition":[29.0402,270.704,-70.6681],"stabilizedTipPosition":[29.647,268.759,-100.216],"timeVisible":0.096583,"tipPosition":[26.5602,273.456,-98.8273],"tipVelocity":[-299.796,6.32675,56.9094],"tool":false,"touchDistance":-0.21984,"touchZone":"touching","type":4,"width":16.7267}],"r":[[0.985266,-0.136883,-0.102541],[0.0307198,0.731431,-0.681223],[0.16825,0.668036,0.724859]],"s":0.904854,"t":[-26.6068,28.3219,-16.7033],"timestamp":259025461964},{"currentFrameRate":34.0876,"devices":[],"gestures":[],"hands":[{"armBasis":[[-0.840774,-0.506665,0.190761],[-0.31383,0.743237,0.590855],[0.441146,-0.436908,0.783901]],"armWidth":65.0884,"confidence":0.512774,"direction":[-0.197353,0.532472,-0.823119],"elbow":[198.216,119.941,237.203],"grabAngle":0.607837,"grabStrength":0,"id":223,"palmNormal":[0.319617,-0.758807,-0.567501],"palmPosition":[73.0865,272.953,-31.9319],"palmVelocity":[-334.547,176.308,73.2286],"palmWidth":88.7564,"pinchDistance":52.6465,"pinchStrength":0.0572293,"r":[[0.983106,-0.144539,-0.112304],[0.00993938,0.654798,-0.755739],[0.18277,0.741855,0.645172]],"s":0.880102,"sphereCenter":[138.822,173.027,-121.061],"sphereRadius":151.189,"stabilizedPalmPosition":[75.2005,271.918,-32.3291],"t":[-31.1231,31.0917,-16.5941],"timeVisible":0.107533,"type":"left","wrist":[82.0303,235.011,30.745]}],"id":141332,"interactionBox":{"center":[0,200,0],"size":[235.247,235.247,147.751]},"pointables":[{"bases":[[[-0.697312,0.631669,0.338748],[0.679939,0.433407,0.591473],[-0.226799,-0.64277,0.731716]],[[-0.690462,0.649992,0.317446],[0.651775,0.368665,0.662779],[-0.31377,-0.664527,0.678197]],[[-0.690462,0.649992,0.317446],[0.722358,0.596373,0.350053],[-0.0382152,-0.471008,0.881301]],[[-0.690462,0.649992,0.317446],[0.71555,0.678067,0.167971],[0.10607,-0.343126,0.933281]]],"btipPosition":[119.261,299.96,-68.6124],"carpPosition":[105.042,245.973,11.0021],"dipPosition":[121.49,292.749,-49.0008],"direction":[0.0382152,0.471008,-0.881301],"extended":true,"handId":223,"id":2230,"length":46.7942,"mcpPosition":[105.042,245.973,11.0021],"pipPosition":[120.32,278.33,-22.0209],"stabilizedTipPosition":[121.877,297.717,-64.1242],"timeVisible":0.107533,"tipPosition":[122.761,298.918,-63.8026],"tipVelocity":[-773.227,92.0335,-36.0061],"tool":false,"touchDistance":0.457268,"touchZone":"hovering","type":0,"width":21.094},{"bases":[[[-0.87041,-0.479774,-0.110467],[-0.4774,0.767668,0.427522],[0.120312,-0.424857,0.89723]],[[-0.877998,-0.436008,-0.197527],[-0.478548,0.808657,0.342148],[-0.0105523,-0.394931,0.91865]],[[-0.877998,-0.436008,-0.197527],[-0.463477,0.877505,0.123185],[-0.119621,-0.199705,0.972527]],[[-0.877998,-0.436008,-0.197527],[-0.43303,0.899355,-0.0603803],[-0.203973,-0.0325212,0.978436]]],"btipPosition":[76.5806,313.035,-130.741],"carpPosition":[77.8159,261.382,11.4178],"dipPosition":[73.139,312.486,-114.232],"direction":[0.119621,0.199705,-0.972527],"extended":true,"handId":223,"id":2232,"length":60.1637,"mcpPosition":[69.6281,290.295,-49.6435],"pipPosition":[70.0848,307.387,-89.401],"stabilizedTipPosition":[78.0845,313.076,-126.91],"timeVisible":0.107533,"tipPosition":[76.0863,314.542,-126.55],"tipVelocity":[-469.042,-93.1427,-24.0702],"tool":false,"touchDistance":-0.379134,"touchZone":"touching","type":2,"width":19.789},{"bases":[[[-0.804737,-0.593561,-0.00914033],[-0.534289,0.717494,0.446921],[0.258717,-0.364538,0.894527]],[[-0.834666,-0.531407,-0.144704],[-0.548027,0.775227,0.314148],[0.0547624,-0.34151,0.938281]],[[-0.834666,-0.531407,-0.144704],[-0.547453,0.829246,0.112459],[-0.0602332,-0.173084,0.983063]],[[-0.834666,-0.531407,-0.144704],[-0.530439,0.846337,-0.0484446],[-0.148212,-0.0363215,0.988288]]],"btipPosition":[52.9005,297.564,-123.572],"carpPosition":[66.921,256.675,9.75798],"dipPosition":[50.4141,296.954,-106.992],"direction":[0.0602332,0.173084,-0.983063],"extended":true,"handId":223,"id":2233,"length":57.849,"mcpPosition":[51.1128,278.949,-44.8997],"pipPosition":[48.9159,292.649,-82.5406],"stabilizedTipPosition":[53.2234,297.488,-119.876],"timeVisible":0.107533,"tipPosition":[46.4683,298.918,-119.575],"tipVelocity":[-237.364,-25.7761,23.9365],"tool":false,"touchDistance":-0.301911,"touchZone":"touching","type":3,"width":18.8305},{"bases":[[[-0.669968,-0.7421,0.020735],[-0.62798,0.581395,0.517321],[0.395959,-0.333567,0.85554]],[[-0.655487,-0.753476,0.0510977],[-0.682172,0.619768,0.387979],[0.324002,-0.219458,0.920251]],[[-0.655487,-0.753476,0.0510977],[-0.752059,0.65743,0.0468299],[0.0688784,0.00773204,0.997595]],[[-0.655487,-0.753476,0.0510977],[-0.750312,0.642056,-0.157471],[-0.0858429,0.141559,0.986201]]],"btipPosition":[26.3949,269.087,-103.128],"carpPosition":[58.9587,245.579,7.26201],"dipPosition":[25.0664,271.278,-87.8645],"direction":[-0.0688784,-0.00773204,-0.997595],"extended":true,"handId":223,"id":2234,"length":45.3526,"mcpPosition":[36.5625,264.447,-41.1289],"pipPosition":[26.276,271.414,-70.3453],"stabilizedTipPosition":[26.8309,269.418,-99.7419],"timeVisible":0.107533,"tipPosition":[23.5457,273.241,-98.4949],"tipVelocity":[-199.859,75.1118,27.6094],"tool":false,"touchDistance":-0.222458,"touchZone":"touching","type":4,"width":16.7267},{"bases":[[[-0.946746,-0.280353,-0.158347],[-0.321858,0.83762,0.441362],[-0.00889727,-0.468823,0.883247]],[[-0.946749,-0.288959,-0.142018],[-0.321112,0.879622,0.350929],[-0.0235179,-0.377846,0.92557]],[[-0.946749,-0.288959,-0.142018],[-0.297248,0.953935,0.0406438],[-0.123731,-0.080694,0.989029]],[[-0.946749,-0.288959,-0.142018],[-0.252104,0.93966,-0.231264],[-0.200274,0.183146,0.96247]]],"btipPosition":[96.8977,310.214,-122.244],"carpPosition":[89.5944,263.052,13.0739],"dipPosition":[93.8253,313.024,-107.479],"direction":[0.123731,0.080694,-0.989029],"extended":true,"handId":223,"id":2231,"length":52.8021,"mcpPosition":[90.2328,296.697,-50.3111],"pipPosition":[91.1401,311.272,-86.015],"stabilizedTipPosition":[97.5016,310.786,-118.787],"timeVisible":0.107533,"tipPosition":[99.0586,312.456,-117.487],"tipVelocity":[-572.779,5.75632,-27.4014],"tool":false,"touchDistance":-0.307926,"touchZone":"touching","type":1,"width":20.149}],"r":[[0.983106,-0.144539,-0.112304],[0.00993938,0.654798,-0.755739],[0.18277,0.741855,0.645172]],"s":0.880102,"t":[-31.1231,31.0917,-16.5941],"timestamp":259025472914},{"currentFrameRate":37.1489,"devices":[],"gestures":[],"hands":[{"armBasis":[[-0.818519,-0.537378,0.203104],[-0.328318,0.727695,0.602219],[0.471417,-0.426245,0.772063]],"armWidth":65.0884,"confidence":0.55384,"direction":[-0.205838,0.526153,-0.825102],"elbow":[203.945,124.78,234.214],"grabAngle":0.628345,"grabStrength":0,"id":223,"palmNormal":[0.33824,-0.752938,-0.564516],"palmPosition":[69.9879,274.662,-31.799],"palmVelocity":[-284.296,156.82,12.2024],"palmWidth":88.7564,"pinchDistance":50.9596,"pinchStrength":0.0910205,"r":[[0.981938,-0.14736,-0.118668],[-0.00960368,0.587577,-0.809112],[0.188957,0.795637,0.575549]],"s":0.852008,"sphereCenter":[133.54,176.408,-118.484],"sphereRadius":147.264,"stabilizedPalmPosition":[71.5187,273.856,-31.9547],"t":[-34.9305,33.3312,-16.473],"timeVisible":0.118432,"type":"left","wrist":[79.7874,237.041,30.8747]}],"id":141333,"interactionBox":{"center":[0,200,0],"size":[235.247,235.247,147.751]},"pointables":[{"bases":[[[-0.712207,0.617057,0.334666],[0.668086,0.449505,0.592964],[-0.215459,-0.645899,0.732388]],[[-0.707487,0.630591,0.319089],[0.649849,0.403005,0.644425],[-0.277774,-0.663282,0.694909]],[[-0.707487,0.630591,0.319089],[0.706722,0.632867,0.316266],[0.00250624,-0.449261,0.893397]],[[-0.707487,0.630591,0.319089],[0.689058,0.715813,0.113182],[0.157036,-0.299945,0.940942]]],"btipPosition":[112.512,300.837,-69.6426],"carpPosition":[102.363,248.484,11.3169],"dipPosition":[115.812,294.535,-49.87],"direction":[-0.00250624,0.449261,-0.893397],"extended":true,"handId":223,"id":2230,"length":46.7942,"mcpPosition":[102.363,248.484,11.3169],"pipPosition":[115.888,280.781,-22.5197],"stabilizedTipPosition":[114.805,299.09,-64.9218],"timeVisible":0.118432,"tipPosition":[118.055,301.198,-63.8463],"tipVelocity":[-596.627,99.6996,-91.1239],"tool":false,"touchDistance":0.429977,"touchZone":"hovering","type":0,"width":21.094},{"bases":[[[-0.791544,-0.611018,-0.0107207],[-0.551504,0.70667,0.44324],[0.263251,-0.356756,0.896339]],[[-0.821836,-0.551343,-0.143553],[-0.567179,0.767969,0.297543],[0.0538034,-0.325952,0.943854]],[[-0.821836,-0.551343,-0.143553],[-0.56498,0.821147,0.0807145],[-0.0733771,-0.147439,0.986346]],[[-0.821836,-0.551343,-0.143553],[-0.543597,0.834276,-0.0921232],[-0.170555,-0.00232504,0.985345]]],"btipPosition":[50.4654,296.929,-123.79],"carpPosition":[64.0227,258.348,9.9062],"dipPosition":[47.6041,296.89,-107.26],"direction":[0.0733771,0.147439,-0.986346],"extended":true,"handId":223,"id":2233,"length":57.849,"mcpPosition":[47.9375,280.147,-44.8622],"pipPosition":[45.779,293.223,-82.7267],"stabilizedTipPosition":[50.4397,297.026,-119.968],"timeVisible":0.118432,"tipPosition":[43.8386,299.533,-119.642],"tipVelocity":[-231.335,-46.1566,-21.0769],"tool":false,"touchDistance":-0.303499,"touchZone":"touching","type":3,"width":18.8305},{"bases":[[[-0.653677,-0.756509,0.0200051],[-0.642465,0.568718,0.513613],[0.39993,-0.322885,0.857789]],[[-0.646784,-0.761889,0.0345858],[-0.698707,0.610107,0.373601],[0.305743,-0.217473,0.926945]],[[-0.646784,-0.761889,0.0345858],[-0.760905,0.647706,0.0387249],[0.0519055,0.00126986,0.998651]],[[-0.646784,-0.761889,0.0345858],[-0.755027,0.633234,-0.170144],[-0.10773,0.13616,0.984812]]],"btipPosition":[24.7422,270.114,-103.319],"carpPosition":[56.314,247.076,7.40696],"dipPosition":[23.0749,272.221,-88.0778],"direction":[-0.0519055,-0.00126986,-0.998651],"extended":true,"handId":223,"id":2234,"length":45.3526,"mcpPosition":[33.6932,265.339,-41.1111],"pipPosition":[23.9864,272.243,-70.54],"stabilizedTipPosition":[24.8073,270.384,-99.8007],"timeVisible":0.118432,"tipPosition":[20.9635,273.494,-98.6359],"tipVelocity":[-158.795,92.4144,-18.0523],"tool":false,"touchDistance":-0.230508,"touchZone":"touching","type":4,"width":16.7267},{"bases":[[[-0.939797,-0.301328,-0.161193],[-0.341728,0.831394,0.438184],[-0.00197775,-0.466889,0.884314]],[[-0.938899,-0.322416,-0.120481],[-0.344151,0.884746,0.314301],[-0.00525917,-0.336561,0.941647]],[[-0.938899,-0.322416,-0.120481],[-0.325707,0.945436,0.00815368],[-0.111278,-0.0468969,0.992682]],[[-0.938899,-0.322416,-0.120481],[-0.288028,0.927624,-0.237809],[-0.188434,0.188577,0.963811]]],"btipPosition":[92.1893,309.841,-122.824],"carpPosition":[86.5388,265.227,13.2911],"dipPosition":[89.2985,312.734,-108.038],"direction":[0.111278,0.0468969,-0.992682],"extended":true,"handId":223,"id":2231,"length":52.8021,"mcpPosition":[86.6807,298.733,-50.1705],"pipPosition":[86.8836,311.716,-86.4946],"stabilizedTipPosition":[92.3547,310.545,-119.335],"timeVisible":0.118432,"tipPosition":[94.8193,313.914,-117.667],"tipVelocity":[-428.167,-32.4928,-52.7284],"tool":false,"touchDistance":-0.314087,"touchZone":"touching","type":1,"width":20.149},{"bases":[[[-0.859305,