{"frames":366,"data":[{"currentFrameRate":23.7706,"devices":[],"gestures":[],"hands":[],"id":141855,"interactionBox":{"center":[0,200,0],"size":[235.247,235.247,147.751]},"pointables":[],"r":[[-0.962136,-0.269906,0.0380192],[0.215739,-0.839331,-0.498979],[0.166588,-0.471883,0.86578]],"s":0.686793,"t":[505.899,-233.461,348.339],"timestamp":259038093505},{"currentFrameRate":23.7671,"devices":[],"gestures":[],"hands":[],"id":141856,"interactionBox":{"center":[0,200,0],"size":[235.247,235.247,147.751]},"pointables":[],"r":[[-0.962136,-0.269906,0.0380192],[0.215739,-0.839331,-0.498979],[0.166588,-0.471883,0.86578]],"s":0.686793,"t":[505.899,-233.461,348.339],"timestamp":259038135606},{"currentFrameRate":23.7776,"devices":[],"gestures":[],"hands":[],"id":141857,"interactionBox":{"center":[0,200,0],"size":[235.247,235.247,147.751]},"pointables":[],"r":[[-0.962136,-0.269906,0.0380192],[0.215739,-0.839331,-0.498979],[0.166588,-0.471883,0.86578]],"s":0.686793,"t":[505.899,-233.461,348.339],"timestamp":259038177583},{"currentFrameRate":23.7699,"devices":[],"gestures":[],"hands":[],"id":141858,"interactionBox":{"center":[0,200,0],"size":[235.247,235.247,147.751]},"pointables":[],"r":[[-0.962136,-0.269906,0.0380192],[0.215739,-0.839331,-0.498979],[0.166588,-0.471883,0.86578]],"s":0.686793,"t":[505.899,-233.461,348.339],"timestamp":259038219711},{"currentFrameRate":23.7652,"devices":[],"gestures":[],"hands":[],"id":141859,"interactionBox":{"center":[0,200,0],"size":[235.247,235.247,147.751]},"pointables":[],"r":[[-0.962136,-0.269906,0.0380192],[0.215739,-0.839331,-0.498979],[0.166588,-0.471883,0.86578]],"s":0.686793,"t":[505.899,-233.461,348.339],"timestamp":259038261825},{"currentFrameRate":23.7742,"devices":[],"gestures":[],"hands":[{"armBasis":[[0.923746,0.112937,-0.365977],[0.0357676,0.925924,0.376011],[0.381333,-0.360429,0.851279]],"armWidth":61.855,"confidence":0,"direction":[-0.167182,0.443976,-0.880304],"elbow":[226.688,54.2013,285.472],"grabAngle":0.593084,"grabStrength":0,"id":225,"palmNormal":[-0.0482892,-0.895486,-0.442462],"palmPosition":[104.699,176.444,-2.65731],"palmVelocity":[1.19209e-7,1.19209e-7,1.19209e-7],"palmWidth":88.3269,"pinchDistance":55.6651,"pinchStrength":0.09042,"r":[[1,-2.77556e-18,-5.55112e-18],[2.77556e-18,1,-3.08149e-35],[5.55112e-18,1.54074e-35,1]],"s":1,"sphereCenter":[121.771,63.5799,-70.1218],"sphereRadius":132.05,"stabilizedPalmPosition":[104.699,176.444,-2.65731],"t":[0,0,0],"timeVisible":0,"type":"right","wrist":[126.742,148.669,62.3536]}],"id":141860,"interactionBox":{"center":[0,200,0],"size":[235.247,235.247,147.751]},"pointables":[{"bases":[[[0.406826,0.900242,0.155104],[-0.705674,0.201885,0.679166],[0.5801,-0.385756,0.717409]],[[0.198302,0.976515,-0.0842314],[-0.87471,0.21509,0.434302],[0.44222,-0.0124447,0.896821]],[[0.198302,0.976515,-0.0842314],[-0.870905,0.214976,0.441939],[0.449668,-0.0142799,0.893082]],[[0.198302,0.976515,-0.0842314],[-0.915381,0.215234,0.340223],[0.350362,0.00963703,0.936565]]],"btipPosition":[49.4787,146.282,-47.1946],"carpPosition":[93.7499,145.426,47.0986],"dipPosition":[57.4384,146.501,-25.9171],"direction":[-0.449668,0.0142799,-0.893081],"extended":true,"handId":225,"id":2250,"length":50.591,"mcpPosition":[93.7499,145.426,47.0986],"pipPosition":[72.3214,146.029,3.64177],"stabilizedTipPosition":[51.3094,146.333,-42.3008],"timeVisible":0,"tipPosition":[51.3094,146.333,-42.3008],"tipVelocity":[1.19209e-7,1.19209e-7,1.19209e-7],"tool":false,"touchDistance":0.898822,"touchZone":"hovering","type":0,"width":19.6573},{"bases":[[[0.942693,0.10556,-0.316524],[-0.00121947,0.94972,0.313099],[0.33366,-0.29477,0.895423]],[[0.919971,0.123795,-0.371924],[-0.0656491,0.984079,0.165166],[0.386449,-0.127531,0.913451]],[[0.919971,0.123795,-0.371924],[-0.193394,0.968647,-0.155955],[0.340957,0.215402,0.915069]],[[0.919971,0.123795,-0.371924],[-0.279286,0.872779,-0.400321],[0.27505,0.472157,0.837506]]],"btipPosition":[48.1324,180.766,-92.3908],"carpPosition":[100.64,167.281,45.0131],"dipPosition":[52.6942,188.597,-78.5004],"direction":[-0.340957,-0.215402,-0.915069],"extended":true,"handId":225,"id":2251,"length":57.0863,"mcpPosition":[76.811,188.332,-18.9347],"pipPosition":[60.6941,193.651,-57.0301],"stabilizedTipPosition":[49.1816,182.567,-89.196],"timeVisible":0,"tipPosition":[49.1816,182.567,-89.196],"tipVelocity":[1.19209e-7,1.19209e-7,1.19209e-7],"tool":false,"touchDistance":0.180066,"touchZone":"hovering","type":1,"width":18.7767},{"bases":[[[0.965407,-0.0986958,-0.241346],[0.165497,0.947191,0.274662],[0.201493,-0.305103,0.930759]],[[0.963647,-0.0960797,-0.249307],[0.117675,0.990352,0.0731817],[0.23987,-0.0998586,0.965656]],[[0.963647,-0.0960797,-0.249307],[0.0702334,0.991381,-0.110592],[0.257784,0.0890623,0.962089]],[[0.963647,-0.0960797,-0.249307],[0.0451281,0.978229,-0.202563],[0.263341,0.183949,0.947003]]],"btipPosition":[74.8041,189.789,-110.776],"carpPosition":[111.594,170.267,41.2758],"dipPosition":[79.608,193.144,-93.5011],"direction":[-0.257784,-0.0890623,-0.962089],"extended":true,"handId":225,"id":2252,"length":65.0453,"mcpPosition":[97.9473,190.93,-21.7608],"pipPosition":[86.7239,195.603,-66.9435],"stabilizedTipPosition":[75.909,190.56,-106.803],"timeVisible":0,"tipPosition":[75.909,190.56,-106.803],"tipVelocity":[1.19209e-7,1.19209e-7,1.19209e-7],"tool":false,"touchDistance":-0.113384,"touchZone":"touching","type":2,"width":18.4412},{"bases":[[[0.969295,-0.213639,-0.12176],[0.240387,0.927511,0.286248],[0.0517801,-0.306728,0.950388]],[[0.964594,-0.195293,-0.177257],[0.218009,0.968646,0.119151],[0.148429,-0.153576,0.976925]],[[0.964594,-0.195293,-0.177257],[0.185095,0.980041,-0.0725151],[0.187881,0.0371383,0.98149]],[[0.964594,-0.195293,-0.177257],[0.156642,0.964921,-0.210693],[0.212185,0.175467,0.961347]]],"btipPosition":[104.547,191.297,-106.08],"carpPosition":[123.034,170.167,37.9105],"dipPosition":[108.396,194.48,-88.6439],"direction":[-0.187881,-0.0371383,-0.981489],"extended":true,"handId":225,"id":2253,"length":62.5427,"mcpPosition":[119.886,188.818,-19.8793],"pipPosition":[113.448,195.479,-62.2504],"stabilizedTipPosition":[105.432,192.029,-102.07],"timeVisible":0,"tipPosition":[105.432,192.029,-102.07],"tipVelocity":[1.19209e-7,1.19209e-7,1.19209e-7],"tool":false,"touchDistance":-0.0344943,"touchZone":"touching","type":3,"width":17.548},{"bases":[[[0.915641,-0.397999,-0.0565561],[0.391845,0.852224,0.346657],[-0.0897707,-0.339575,0.936285]],[[0.905947,-0.423086,0.0160766],[0.418276,0.900241,0.120878],[-0.0656148,-0.102785,0.992537]],[[0.905947,-0.423086,0.0160766],[0.423024,0.902925,-0.0760057],[0.017641,0.0756579,0.996978]],[[0.905947,-0.423086,0.0160766],[0.416184,0.882905,-0.217416],[0.0777918,0.203659,0.975947]]],"btipPosition":[140.092,180.822,-87.3035],"carpPosition":[134.423,163.024,34.7251],"dipPosition":[141.394,184.23,-70.9737],"direction":[-0.017641,-0.0756579,-0.996978],"extended":true,"handId":225,"id":2254,"length":49.0324,"mcpPosition":[139.476,182.138,-17.9766],"pipPosition":[141.729,185.666,-52.0447],"stabilizedTipPosition":[140.391,181.606,-83.5476],"timeVisible":0,"tipPosition":[140.391,181.606,-83.5476],"tipVelocity":[1.19209e-7,1.19209e-7,1.19209e-7],"tool":false,"touchDistance":0.274206,"touchZone":"hovering","type":4,"width":15.5875}],"r":[[1,-2.77556e-18,-5.55112e-18],[2.77556e-18,1,-3.08149e-35],[5.55112e-18,1.54074e-35,1]],"s":1,"t":[0,0,0],"timestamp":259038303819},{"currentFrameRate":23.7649,"devices":[],"gestures":[],"hands":[{"armBasis":[[0.942156,0.0842918,-0.324402],[0.114385,0.828894,0.547586],[0.315052,-0.553018,0.771306]],"armWidth":64.6081,"confidence":0.218469,"direction":[-0.112779,0.511718,-0.851719],"elbow":[203.081,14.7864,261.314],"grabAngle":1.28462,"grabStrength":0.271447,"id":225,"palmNormal":[-0.108333,-0.85841,-0.501393],"palmPosition":[102.319,194.451,-3.58704],"palmVelocity":[-56.4826,427.214,-22.0576],"palmWidth":88.3269,"pinchDistance":66.7581,"pinchStrength":0.0226764,"r":[[0.999869,-0.0158635,0.00333789],[0.015818,0.999787,0.0132234],[-0.00354695,-0.0131688,0.999907]],"s":0.952886,"sphereCenter":[123.188,181.519,-49.287],"sphereRadius":58.2409,"stabilizedPalmPosition":[102.58,192.473,-3.48491],"t":[-1.19037,9.00354,-0.464864],"timeVisible":0.04215,"type":"right","wrist":[120.506,159.731,59.1567]}],"id":141861,"interactionBox":{"center":[0,200,0],"size":[235.247,235.247,147.751]},"pointables":[{"bases":[[[0.472335,0.853264,0.220998],[-0.702431,0.212937,0.679153],[0.532438,-0.476024,0.699936]],[[0.292102,0.956385,0.00225547],[-0.823443,0.250298,0.509208],[0.486434,-0.150598,0.86064]],[[0.292102,0.956385,0.00225547],[-0.873092,0.265698,0.408797],[0.390368,-0.12138,0.912623]],[[0.292102,0.956385,0.00225547],[-0.914782,0.278706,0.2924],[0.279018,-0.0874739,0.956293]]],"btipPosition":[46.0516,174.248,-47.1636],"carpPosition":[87.899,161.252,43.8216],"dipPosition":[52.0671,172.362,-26.5465],"direction":[-0.390368,0.12138,-0.912623],"extended":true,"handId":225,"id":2250,"length":48.0096,"mcpPosition":[87.899,161.252,43.8216],"pipPosition":[64.3281,168.549,2.11792],"stabilizedTipPosition":[47.5294,173.146,-42.4187],"timeVisible":0.04215,"tipPosition":[47.5747,171.912,-45.1303],"tipVelocity":[-91.9162,651.988,-2.86752],"tool":false,"touchDistance":0.84046,"touchZone":"hovering","type":0,"width":20.9163},{"bases":[[[0.954739,0.0507031,-0.29309],[0.0660418,0.924634,0.375087],[0.290019,-0.377467,0.879436]],[[0.976664,0.0170914,-0.214094],[0.102126,0.839968,0.532939],[0.188941,-0.542367,0.81862]],[[0.976664,0.0170914,-0.214094],[-0.0144505,0.999799,0.0138946],[0.214288,-0.0104766,0.976714]],[[0.976664,0.0170914,-0.214094],[-0.132855,0.831308,-0.5397],[0.168754,0.555549,0.814179]]],"btipPosition":[60.8996,222.493,-86.4668],"carpPosition":[96.5168,182.581,43.2996],"dipPosition":[63.5557,231.237,-73.6523],"direction":[-0.214288,0.0104766,-0.976714],"extended":true,"handId":225,"id":2251,"length":54.1734,"mcpPosition":[75.8047,209.539,-19.5065],"pipPosition":[68.327,231.004,-51.905],"stabilizedTipPosition":[61.1668,223.335,-83.6777],"timeVisible":0.04215,"tipPosition":[57.6494,220.067,-85.7188],"tipVelocity":[292.5,994.947,134.675],"tool":false,"touchDistance":0.329126,"touchZone":"hovering","type":1,"width":19.9793},{"bases":[[[0.959803,-0.159136,-0.231201],[0.232852,0.911383,0.339354],[0.156709,-0.379549,0.911803]],[[0.970801,-0.19714,-0.13668],[0.237484,0.870265,0.431556],[0.0338706,-0.451414,0.891671]],[[0.970801,-0.19714,-0.13668],[0.0522795,0.729943,-0.681506],[0.234121,0.654461,0.718935]],[[0.970801,-0.19714,-0.13668],[-0.101485,0.178755,-0.978646],[0.217363,0.963941,0.153529]]],"btipPosition":[85.7363,196.843,-82.8847],"carpPosition":[107.749,184.925,39.9509],"dipPosition":[89.4991,213.53,-80.2269],"direction":[-0.234121,-0.654461,-0.718935],"extended":false,"handId":225,"id":2252,"length":61.7263,"mcpPosition":[97.1359,210.63,-21.8019],"pipPosition":[95.632,230.674,-61.394],"stabilizedTipPosition":[78.6312,193.137,-100.558],"timeVisible":0.04215,"tipPosition":[84.8494,203.749,-86.7918],"tipVelocity":[253.682,240.099,581.96],"tool":false,"touchDistance":0.345443,"touchZone":"hovering","type":2,"width":19.6223},{"bases":[[[0.9521,-0.281503,-0.119421],[0.305708,0.885121,0.350862],[0.00693354,-0.370564,0.928781]],[[0.95185,-0.29298,-0.0902486],[0.30395,0.863535,0.402396],[-0.0399613,-0.410451,0.911007]],[[0.95185,-0.29298,-0.0902486],[0.224331,0.8663,-0.446319],[0.208945,0.404583,0.890311]],[[0.95185,-0.29298,-0.0902486],[0.130986,0.654834,-0.744335],[0.277174,0.696674,0.66168]]],"btipPosition":[110.338,201.246,-91.3028],"carpPosition":[119.218,184.135,36.7777],"dipPosition":[115.109,213.237,-79.9142],"direction":[-0.208945,-0.404583,-0.890311],"extended":true,"handId":225,"id":2253,"length":59.3515,"mcpPosition":[118.796,206.668,-19.6984],"pipPosition":[120.441,223.561,-57.1943],"stabilizedTipPosition":[107.492,196.137,-97.4774],"timeVisible":0.04215,"tipPosition":[109.751,208.151,-93.0779],"tipVelocity":[142.425,284.087,317.585],"tool":false,"touchDistance":0.238609,"touchZone":"hovering","type":3,"width":18.6719},{"bases":[[[0.882816,-0.464852,-0.0674422],[0.449476,0.794323,0.408684],[-0.136407,-0.391107,0.910181]],[[0.878049,-0.477015,-0.0385596],[0.445497,0.785278,0.429966],[-0.17482,-0.394709,0.902022]],[[0.878049,-0.477015,-0.0385596],[0.42334,0.811767,-0.402264],[0.223187,0.336884,0.914711]],[[0.878049,-0.477015,-0.0385596],[0.319594,0.644436,-0.694666],[0.356215,0.597628,0.718298]]],"btipPosition":[133.777,195.645,-75.1823],"carpPosition":[130.082,176.333,33.3178],"dipPosition":[139.433,205.134,-63.7768],"direction":[-0.223187,-0.336884,-0.914711],"extended":true,"handId":225,"id":2254,"length":46.5304,"mcpPosition":[137.76,198.347,-17.9145],"pipPosition":[143.454,211.204,-47.2959],"stabilizedTipPosition":[136.88,192.326,-76.2858],"timeVisible":0.04215,"tipPosition":[137.396,199.757,-77.579],"tipVelocity":[-126.063,384.851,260.703],"tool":false,"touchDistance":0.444948,"touchZone":"hovering","type":4,"width":16.5858}],"r":[[0.999869,-0.0158635,0.00333789],[0.015818,0.999787,0.0132234],[-0.00354695,-0.0131688,0.999907]],"s":0.952886,"t":[-1.19037,9.00354,-0.464864],"timestamp":259038345969},{"currentFrameRate":24.8102,"devices":[],"gestures":[],"hands":[{"armBasis":[[0.923968,0.0223891,-0.381813],[0.199831,0.822933,0.531836],[0.326114,-0.567698,0.75589]],"armWidth":64.6081,"confidence":0.374406,"direction":[-0.072334,0.563022,-0.823271],"elbow":[210.599,45.8463,250.07],"grabAngle":1.0329,"grabStrength":0.16773,"id":225,"palmNormal":[-0.200641,-0.816773,-0.540949],"palmPosition":[109.049,233.617,-8.89837],"palmVelocity":[206.74,1203.14,-163.159],"palmWidth":88.3269,"pinchDistance":57.8931,"pinchStrength":0.125764,"r":[[0.99882,-0.0485292,0.00198708],[0.048435,0.99826,0.0336366],[-0.00361599,-0.0335007,0.999432]],"s":0.946777,"sphereCenter":[120.396,174.111,-71.5269],"sphereRadius":87.8737,"stabilizedPalmPosition":[108.935,232.892,-8.803],"t":[1.57944,33.0882,-3.35296],"timeVisible":0.074703,"type":"right","wrist":[125.125,194.638,51.9528]}],"id":141862,"interactionBox":{"center":[0,200,0],"size":[235.247,235.247,147.751]},"pointables":[{"bases":[[[0.558482,0.789684,0.253962],[-0.668318,0.246991,0.701674],[0.491375,-0.5616,0.6657]],[[0.365858,0.930435,0.0209499],[-0.796889,0.301559,0.523479],[0.480745,-0.208213,0.851781]],[[0.365858,0.930435,0.0209499],[-0.847619,0.32383,0.420328],[0.384304,-0.171538,0.90713]],[[0.365858,0.930435,0.0209499],[-0.865079,0.331685,0.376329],[0.343201,-0.155806,0.926249]]],"btipPosition":[49.246,218.488,-52.6585],"carpPosition":[92.011,199.651,37.0771],"dipPosition":[56.6452,215.129,-32.6892],"direction":[-0.384304,0.171538,-0.90713],"extended":true,"handId":225,"id":2250,"length":48.0096,"mcpPosition":[92.011,199.651,37.0771],"pipPosition":[68.7157,209.741,-4.1973],"stabilizedTipPosition":[50.8893,216.952,-47.969],"timeVisible":0.074703,"tipPosition":[51.6213,218.591,-50.0562],"tipVelocity":[107.904,1348.6,-173.377],"tool":false,"touchDistance":0.705088,"touchZone":"hovering","type":0,"width":20.9163},{"bases":[[[0.950976,-0.0297308,-0.307832],[0.16351,0.893209,0.418859],[0.262505,-0.448658,0.854282]],[[0.957149,-0.0407647,-0.286712],[0.144157,0.925731,0.34963],[0.251166,-0.37598,0.891939]],[[0.957149,-0.0407647,-0.286712],[0.0012646,0.990622,-0.136625],[0.289593,0.130408,0.948225]],[[0.957149,-0.0407647,-0.286712],[-0.150246,0.776475,-0.611975],[0.247572,0.628828,0.737077]]],"btipPosition":[63.685,254.137,-91.5775],"carpPosition":[102.717,220.016,37.4464],"dipPosition":[67.5816,264.034,-79.9764],"direction":[-0.289593,-0.130408,-0.948225],"extended":true,"handId":225,"id":2251,"length":54.1734,"mcpPosition":[83.97,252.057,-23.5633],"pipPosition":[74.0296,266.938,-58.8635],"stabilizedTipPosition":[64.5099,255.721,-88.7998],"timeVisible":0.074703,"tipPosition":[65.161,260.797,-88.8786],"tipVelocity":[94.3304,980.212,-165.568],"tool":false,"touchDistance":0.321176,"touchZone":"hovering","type":1,"width":19.9793},{"bases":[[[0.935797,-0.241905,-0.25645],[0.327653,0.865257,0.37944],[0.130107,-0.439105,0.888965]],[[0.942423,-0.270856,-0.196153],[0.316226,0.912597,0.259167],[0.108812,-0.306273,0.945704]],[[0.942423,-0.270856,-0.196153],[0.225189,0.947607,-0.226564],[0.247242,0.169347,0.95404]],[[0.942423,-0.270856,-0.196153],[0.138431,0.849886,-0.508459],[0.304427,0.45203,0.838447]]],"btipPosition":[88.6922,252.474,-107.693],"carpPosition":[114.082,221.397,34.0101],"dipPosition":[93.9621,260.299,-93.1789],"direction":[-0.247242,-0.169347,-0.95404],"extended":true,"handId":225,"id":2252,"length":61.7263,"mcpPosition":[105.27,251.136,-26.1959],"pipPosition":[100.439,264.735,-68.1873],"stabilizedTipPosition":[78.6312,193.137,-100.558],"timeVisible":0.074703,"tipPosition":[90.4238,252.478,-100.025],"tipVelocity":[101.451,1646.32,-678.329],"tool":false,"touchDistance":-0.0725846,"touchZone":"hovering","type":2,"width":19.6223},{"bases":[[[0.917363,-0.36842,-0.150705],[0.397655,0.831324,0.388293],[-0.01777,-0.416134,0.90913]],[[0.916594,-0.379086,-0.127082],[0.399741,0.875207,0.272433],[0.00794796,-0.30051,0.953746]],[[0.916594,-0.379086,-0.127082],[0.338064,0.90453,-0.259882],[0.213467,0.195244,0.957242]],[[0.916594,-0.379086,-0.127082],[0.247367,0.787396,-0.564638],[0.31411,0.486108,0.815496]]],"btipPosition":[115.269,243.955,-102.41],"carpPosition":[125.37,219.632,30.5905],"dipPosition":[120.676,252.322,-88.3735],"direction":[-0.213467,-0.195244,-0.957242],"extended":true,"handId":225,"id":2253,"length":59.3515,"mcpPosition":[126.45,244.936,-24.6906],"pipPosition":[126.123,257.305,-63.9456],"stabilizedTipPosition":[114.972,237.382,-98.8902],"timeVisible":0.074703,"tipPosition":[116.582,249.456,-98.1743],"tipVelocity":[155.965,1286.4,-322.485],"tool":false,"touchDistance":0.333333,"touchZone":"hovering","type":3,"width":18.6719},{"bases":[[[0.830742,-0.546367,-0.106542],[0.532355,0.723849,0.43891],[-0.162685,-0.421339,0.892192]],[[0.813134,-0.581434,-0.0273525],[0.562562,0.772939,0.29341],[-0.149457,-0.253969,0.955595]],[[0.813134,-0.581434,-0.0273525],[0.554204,0.787709,-0.269022],[0.177964,0.203592,0.962746]],[[0.813134,-0.581434,-0.0273525],[0.47389,0.688557,-0.548924],[0.337997,0.433386,0.835425]]],"btipPosition":[140.801,232.412,-85.4072],"carpPosition":[135.349,210.973,26.5506],"dipPosition":[146.168,239.294,-72.1419],"direction":[-0.177964,-0.203592,-0.962746],"extended":true,"handId":225,"id":2254,"length":46.5304,"mcpPosition":[144.506,234.69,-23.6692],"pipPosition":[149.374,242.962,-54.7956],"stabilizedTipPosition":[141.546,230.041,-81.7802],"timeVisible":0.074703,"tipPosition":[143.067,237.679,-82.9403],"tipVelocity":[213.722,1111.05,-300.963],"tool":false,"touchDistance":0.33285,"touchZone":"hovering","type":4,"width":16.5858}],"r":[[0.99882,-0.0485292,0.00198708],[0.048435,0.99826,0.0336366],[-0.00361599,-0.0335007,0.999432]],"s":0.946777,"t":[1.57944,33.0882,-3.35296],"timestamp":259038378522},{"currentFrameRate":28.275,"devices":[],"gestures":[],"hands":[{"armBasis":[[0.926921,0.0406073,-0.373052],[0.187317,0.811346,0.553742],[0.32516,-0.583154,0.744447]],"armWidth":64.6081,"confidence":0.425771,"direction":[-0.0389225,0.595751,-0.802226],"elbow":[209.441,53.4405,242.126],"grabAngle":1.13569,"grabStrength":0.0853474,"id":225,"palmNormal":[-0.188652,-0.792777,-0.579581],"palmPosition":[110.266,247.635,-12.8061],"palmVelocity":[104.858,1206.97,-336.464],"palmWidth":88.3269,"pinchDistance":55.4386,"pinchStrength":0.160001,"r":[[0.99704,-0.0765753,0.00685284],[0.0760498,0.995405,0.0581833],[-0.0112768,-0.0574899,0.998282]],"s":0.935844,"sphereCenter":[114.815,187.797,-75.5844],"sphereRadius":86.0093,"stabilizedPalmPosition":[109.976,244.415,-11.9318],"t":[3.57326,52.1394,-6.75086],"timeVisible":0.086317,"type":"right","wrist":[124.217,206.284,47.0079]}],"id":141863,"interactionBox":{"center":[0,200,0],"size":[235.247,235.247,147.751]},"pointables":[{"bases":[[[0.556002,0.77351,0.304211],[-0.690164,0.225684,0.687561],[0.46318,-0.592241,0.65933]],[[0.383281,0.919915,0.0827803],[-0.779818,0.274272,0.562724],[0.494954,-0.280235,0.82249]],[[0.383281,0.919915,0.0827803],[-0.84194,0.311123,0.44084],[0.37978,-0.238661,0.89376]],[[0.383281,0.919915,0.0827803],[-0.855705,0.319929,0.406712],[0.347656,-0.22672,0.909798]]],"btipPosition":[47.9475,238.014,-56.3722],"carpPosition":[91.355,212.051,31.1695],"dipPosition":[55.4428,233.126,-36.7576],"direction":[-0.37978,0.238661,-0.893761],"extended":true,"handId":225,"id":2250,"length":48.0096,"mcpPosition":[91.355,212.051,31.1695],"pipPosition":[67.3712,225.63,-8.68559],"stabilizedTipPosition":[49.9231,232.77,-51.0566],"timeVisible":0.086317,"tipPosition":[52.9444,235.38,-55.2144],"tipVelocity":[-109.896,1651.03,-326.784],"tool":false,"touchDistance":0.610983,"touchZone":"hovering","type":0,"width":20.9163},{"bases":[[[0.960807,-0.0269267,-0.275908],[0.156433,0.874333,0.459424],[0.228865,-0.484579,0.844277]],[[0.963349,-0.0324403,-0.266281],[0.114999,0.946759,0.300703],[0.242349,-0.320304,0.915791]],[[0.963349,-0.0324403,-0.266281],[-0.00886505,0.988268,-0.15247],[0.268103,0.149243,0.95176]],[[0.963349,-0.0324403,-0.266281],[-0.125246,0.823425,-0.553429],[0.237216,0.566496,0.789183]]],"btipPosition":[66.5749,267.323,-97.4361],"carpPosition":[102.214,232.279,32.7161],"dipPosition":[70.3085,276.239,-85.015],"direction":[-0.268103,-0.149243,-0.95176],"extended":true,"handId":225,"id":2251,"length":54.1734,"mcpPosition":[85.8695,266.886,-27.5791],"pipPosition":[76.2781,279.562,-63.8233],"stabilizedTipPosition":[66.6889,265.896,-93.1071],"timeVisible":0.086317,"tipPosition":[68.9125,276.096,-93.4773],"tipVelocity":[245.602,1115.95,-488.205],"tool":false,"touchDistance":0.326199,"touchZone":"hovering","type":1,"width":19.9793},{"bases":[[[0.942054,-0.240803,-0.233557],[0.321603,0.846343,0.424589],[0.0954274,-0.475098,0.874743]],[[0.945375,-0.261774,-0.19427],[0.300502,0.930803,0.208097],[0.126353,-0.255108,0.958621]],[[0.945375,-0.261774,-0.19427],[0.215332,0.94889,-0.23074],[0.244743,0.176303,0.953425]],[[0.945375,-0.261774,-0.19427],[0.10548,0.80953,-0.577524],[0.308449,0.525485,0.792922]]],"btipPosition":[89.8786,263.471,-110.78],"carpPosition":[113.703,233.682,29.73],"dipPosition":[95.2183,272.568,-97.0532],"direction":[-0.244743,-0.176303,-0.953425],"extended":true,"handId":225,"id":2252,"length":61.7263,"mcpPosition":[107.24,265.859,-29.5128],"pipPosition":[101.629,277.186,-72.0777],"stabilizedTipPosition":[83.3629,220.607,-103.238],"timeVisible":0.086317,"tipPosition":[93.6557,268.655,-105.037],"tipVelocity":[103.539,972.081,-281.336],"tool":false,"touchDistance":-0.257736,"touchZone":"hovering","type":2,"width":19.6223},{"bases":[[[0.918886,-0.371204,-0.133624],[0.390965,0.811399,0.434486],[-0.0528601,-0.451485,0.890711]],[[0.917219,-0.382717,-0.110623],[0.397602,0.896812,0.194013],[0.0249556,-0.221936,0.974742]],[[0.917219,-0.382717,-0.110623],[0.324603,0.878941,-0.349422],[0.230961,0.284588,0.930412]],[[0.917219,-0.382717,-0.110623],[0.221264,0.720305,-0.657422],[0.331289,0.578523,0.745358]]],"btipPosition":[115.678,251.311,-104.22],"carpPosition":[125.087,231.943,26.6329],"dipPosition":[121.38,261.268,-91.3907],"direction":[-0.230961,-0.284588,-0.930412],"extended":true,"handId":225,"id":2253,"length":59.3515,"mcpPosition":[128.301,259.396,-27.5283],"pipPosition":[127.274,268.531,-67.6475],"stabilizedTipPosition":[116.026,245.852,-100.132],"timeVisible":0.086317,"tipPosition":[119.316,261.265,-101.154],"tipVelocity":[41.0726,664.831,-179.753],"tool":false,"touchDistance":0.317376,"touchZone":"hovering","type":3,"width":18.6719},{"bases":[[[0.829278,-0.549893,-0.0995765],[0.52291,0.700689,0.485387],[-0.197139,-0.45459,0.868611]],[[0.805021,-0.593145,-0.0110079],[0.578548,0.780834,0.235756],[-0.131242,-0.196157,0.97175]],[[0.805021,-0.593145,-0.0110079],[0.557676,0.76295,-0.326964],[0.202335,0.257074,0.944973]],[[0.805021,-0.593145,-0.0110079],[0.457508,0.632532,-0.624971],[0.377661,0.498078,0.78057]]],"btipPosition":[140.856,242.789,-87.3683],"carpPosition":[135.126,223.352,22.5971],"dipPosition":[146.852,250.698,-74.974],"direction":[-0.202335,-0.257074,-0.944973],"extended":true,"handId":225,"id":2254,"length":46.5304,"mcpPosition":[146.223,248.94,-26.2953],"pipPosition":[150.498,255.33,-57.9479],"stabilizedTipPosition":[141.973,239.077,-83.4782],"timeVisible":0.086317,"tipPosition":[145.369,251.15,-85.1247],"tipVelocity":[17.2072,913.787,-186.105],"tool":false,"touchDistance":0.325842,"touchZone":"hovering","type":4,"width":16.5858}],"r":[[0.99704,-0.0765753,0.00685284],[0.0760498,0.995405,0.0581833],[-0.0112768,-0.0574899,0.998282]],"s":0.935844,"t":[3.57326,52.1394,-6.75086],"timestamp":259038390136},{"currentFrameRate":31.58,"devices":[],"gestures":[],"hands":[{"armBasis":[[0.92556,0.0462239,-0.375768],[0.187763,0.805818,0.561607],[0.32876,-0.590357,0.737154]],"armWidth":64.6081,"confidence":0.473474,"direction":[-0.018574,0.613645,-0.789363],"elbow":[210.754,62.0901,236.883],"grabAngle":1.20762,"grabStrength":0.149981,"id":225,"palmNormal":[-0.188864,-0.777439,-0.599932],"palmPosition":[111.868,259.531,-15.4589],"palmVelocity":[141.047,1047.67,-233.63],"palmWidth":88.3269,"pinchDistance":51.6089,"pinchStrength":0.244088,"r":[[0.994741,-0.101586,0.0130431],[0.100176,0.99154,0.0825391],[-0.0213175,-0.0807985,0.996502]],"s":0.918909,"sphereCenter":[115.864,203.976,-76.6689],"sphereRadius":81.0167,"stabilizedPalmPosition":[111.483,256.458,-14.7418],"t":[5.37096,67.6132,-9.77624],"timeVisible":0.097672,"type":"right","wrist":[124.586,216.821,43.6772]}],"id":141864,"interactionBox":{"center":[0,200,0],"size":[235.247,235.247,147.751]},"pointables":[{"bases":[[[0.560385,0.759599,0.330118],[-0.698458,0.21921,0.681252],[0.445113,-0.612337,0.65339]],[[0.397767,0.910262,0.114913],[-0.769486,0.262764,0.582105],[0.499673,-0.319966,0.804952]],[[0.397767,0.910262,0.114913],[-0.841376,0.31195,0.441332],[0.36588,-0.272232,0.889956]],[[0.397767,0.910262,0.114913],[-0.857955,0.324648,0.398141],[0.325106,-0.256957,0.910098]]],"btipPosition":[49.0963,252.827,-59.169],"carpPosition":[91.8097,223.232,27.4099],"dipPosition":[56.1054,247.287,-39.5479],"direction":[-0.36588,0.272232,-0.889956],"extended":true,"handId":225,"id":2250,"length":48.0096,"mcpPosition":[91.8097,223.232,27.4099],"pipPosition":[67.5973,238.736,-11.5954],"stabilizedTipPosition":[50.5594,247.987,-53.9729],"timeVisible":0.097672,"tipPosition":[54.6034,249.227,-58.5458],"tipVelocity":[91.3234,1291.29,-246.171],"tool":false,"touchDistance":0.541289,"touchZone":"hovering","type":0,"width":20.9163},{"bases":[[[0.964771,-0.0329485,-0.261021],[0.159604,0.86201,0.481109],[0.209151,-0.505819,0.836901]],[[0.970324,-0.0473088,-0.237134],[0.103885,0.967118,0.232145],[0.218354,-0.249891,0.943333]],[[0.970324,-0.0473088,-0.237134],[-0.0218592,0.959498,-0.280867],[0.240817,0.277716,0.92999]],[[0.970324,-0.0473088,-0.237134],[-0.111588,0.7824,-0.612697],[0.214519,0.620977,0.753903]]],"btipPosition":[70.5718,273.339,-100.098],"carpPosition":[102.889,243.283,29.5774],"dipPosition":[73.9481,283.113,-88.2321],"direction":[-0.240817,-0.277716,-0.92999],"extended":true,"handId":225,"id":2251,"length":54.1734,"mcpPosition":[87.9519,279.406,-30.1909],"pipPosition":[79.3101,289.296,-67.5251],"stabilizedTipPosition":[70.1493,273.093,-96.2721],"timeVisible":0.097672,"tipPosition":[71.8869,285.055,-96.5715],"tipVelocity":[344.752,547.195,-245.665],"tool":false,"touchDistance":0.306427,"touchZone":"hovering","type":1,"width":19.9793},{"bases":[[[0.942719,-0.247449,-0.22372],[0.324965,0.832715,0.448311],[0.0753608,-0.495332,0.865429]],[[0.944939,-0.266562,-0.189829],[0.299932,0.937472,0.176597],[0.130885,-0.22381,0.965804]],[[0.944939,-0.266562,-0.189829],[0.203045,0.932496,-0.298704],[0.256638,0.243713,0.935276]],[[0.944939,-0.266562,-0.189829],[0.0997631,0.787118,-0.608681],[0.311669,0.556229,0.770371]]],"btipPosition":[91.4069,272.078,-112.524],"carpPosition":[114.441,244.607,26.8075],"dipPosition":[96.8023,281.707,-99.1884],"direction":[-0.256638,-0.243713,-0.935276],"extended":true,"handId":225,"id":2252,"length":61.7263,"mcpPosition":[109.337,278.154,-31.8045],"pipPosition":[103.525,288.091,-74.6883],"stabilizedTipPosition":[87.4332,244.141,-105.964],"timeVisible":0.097672,"tipPosition":[95.7788,280.369,-108.024],"tipVelocity":[135.721,768.788,-161.573],"tool":false,"touchDistance":-0.287816,"touchZone":"hovering","type":2,"width":19.6223},{"bases":[[[0.916336,-0.379709,-0.127081],[0.393725,0.796694,0.458541],[-0.0728674,-0.470212,0.87954]],[[0.913649,-0.394047,-0.0998632],[0.405752,0.898948,0.1651],[0.0247144,-0.191364,0.981208]],[[0.913649,-0.394047,-0.0998632],[0.324404,0.854818,-0.405029],[0.244965,0.337658,0.908834]],[[0.913649,-0.394047,-0.0998632],[0.221875,0.689241,-0.689723],[0.340613,0.608008,0.717153]]],"btipPosition":[117.152,260.179,-105.548],"carpPosition":[125.852,242.793,23.8552],"dipPosition":[123.014,270.644,-93.2046],"direction":[-0.244965,-0.337658,-0.908834],"extended":true,"handId":225,"id":2253,"length":59.3515,"mcpPosition":[130.283,271.385,-29.6266],"pipPosition":[129.265,279.261,-70.012],"stabilizedTipPosition":[117.445,255.45,-101.61],"timeVisible":0.097672,"tipPosition":[121.484,271.786,-103.168],"tipVelocity":[133,791.301,-126.82],"tool":false,"touchDistance":0.321039,"touchZone":"hovering","type":3,"width":18.6719},{"bases":[[[0.824008,-0.557962,-0.0984356],[0.523461,0.683243,0.509085],[-0.216794,-0.471017,0.855069]],[[0.794002,-0.607914,-0.000541007],[0.591171,0.771925,0.23377],[-0.141694,-0.185934,0.972292]],[[0.794002,-0.607914,-0.000541007],[0.568466,0.742793,-0.353701],[0.215422,0.280532,0.935358]],[[0.794002,-0.607914,-0.000541007],[0.461493,0.603338,-0.65039],[0.395708,0.516162,0.7596]]],"btipPosition":[142.504,253.486,-88.9231],"carpPosition":[135.85,234.167,19.7915],"dipPosition":[148.787,261.682,-76.8618],"direction":[-0.215422,-0.280532,-0.935358],"extended":true,"handId":225,"id":2254,"length":46.5304,"mcpPosition":[148.053,260.68,-28.3386],"pipPosition":[152.668,266.736,-60.0089],"stabilizedTipPosition":[143.281,249.862,-85.2461],"timeVisible":0.097672,"tipPosition":[147.558,262.886,-86.9686],"tipVelocity":[150.924,947.85,-143.671],"tool":false,"touchDistance":0.328096,"touchZone":"hovering","type":4,"width":16.5858}],"r":[[0.994741,-0.101586,0.0130431],[0.100176,0.99154,0.0825391],[-0.0213175,-0.0807985,0.996502]],"s":0.918909,"t":[5.37096,67.6132,-9.77624],"timestamp":259038401491},{"currentFrameRate":34.7725,"devices":[],"gestures":[],"hands":[{"armBasis":[[0.922389,0.0406314,-0.384119],[0.196299,0.80715,0.556755],[0.332663,-0.588947,0.73653]],"armWidth":64.6081,"confidence":0.516855,"direction":[-0.00385903,0.622551,-0.78257],"elbow":[211.434,72.0863,233.392],"grabAngle":1.27604,"grabStrength":0.21503,"id":225,"palmNormal":[-0.196984,-0.767715,-0.609763],"palmPosition":[112.383,269.867,-18.4527],"palmVelocity":[47.1572,946.958,-274.276],"palmWidth":88.3269,"pinchDistance":49.0387,"pinchStrength":0.312373,"r":[[0.99201,-0.124786,0.0185447],[0.122203,0.986995,0.10444],[-0.0313362,-0.101339,0.994358]],"s":0.897402,"sphereCenter":[115.419,218.448,-77.6519],"sphereRadius":76.1436,"stabilizedPalmPosition":[112.198,267.113,-17.6904],"t":[6.52718,80.5181,-12.7858],"timeVisible":0.108587,"type":"right","wrist":[124.244,226.448,40.3495]}],"id":141865,"interactionBox":{"center":[0,200,0],"size":[235.247,235.247,147.751]},"pointables":[{"bases":[[[0.569945,0.747061,0.342144],[-0.699419,0.222542,0.679182],[0.431249,-0.626398,0.649345]],[[0.410743,0.902841,0.127155],[-0.760301,0.262194,0.594303],[0.503222,-0.340782,0.794126]],[[0.410743,0.902841,0.127155],[-0.841081,0.321367,0.435093],[0.351956,-0.285659,0.891362]],[[0.410743,0.902841,0.127155],[-0.860771,0.338005,0.380561],[0.300607,-0.265764,0.915972]]],"btipPosition":[49.5623,264.629,-62.3455],"carpPosition":[91.4821,233.414,23.8795],"dipPosition":[56.0432,258.899,-42.5977],"direction":[-0.351956,0.285659,-0.891362],"extended":true,"handId":225,"id":2250,"length":48.0096,"mcpPosition":[91.4821,233.414,23.8795],"pipPosition":[67.0977,249.927,-14.6011],"stabilizedTipPosition":[50.9588,260.391,-57.0736],"timeVisible":0.108587,"tipPosition":[55.1264,261.004,-61.8937],"tipVelocity":[31.5587,1077.27,-288.353],"tool":false,"touchDistance":0.473283,"touchZone":"hovering","type":0,"width":20.9163},{"bases":[[[0.965833,-0.0451182,-0.255207],[0.169822,0.854041,0.491706],[0.195773,-0.518245,0.832523]],[[0.973518,-0.0678986,-0.218294],[0.107475,0.978706,0.174885],[0.201771,-0.193714,0.960085]],[[0.973518,-0.0678986,-0.218294],[-0.022159,0.922353,-0.385712],[0.227534,0.380335,0.896423]],[[0.973518,-0.0678986,-0.218294],[-0.10468,0.716492,-0.689696],[0.203236,0.694283,0.690411]]],"btipPosition":[72.625,278.546,-101.938],"carpPosition":[102.857,253.264,26.3414],"dipPosition":[75.8238,289.473,-91.0711],"direction":[-0.227534,-0.380335,-0.896423],"extended":true,"handId":225,"id":2251,"length":54.1734,"mcpPosition":[88.8755,290.275,-33.1144],"pipPosition":[80.89,297.942,-71.1116],"stabilizedTipPosition":[72.5165,278.965,-98.606],"timeVisible":0.108587,"tipPosition":[73.3435,292.054,-99.5013],"tipVelocity":[184.368,501.337,-189.608],"tool":false,"touchDistance":0.296456,"touchZone":"hovering","type":1,"width":19.9793},{"bases":[[[0.940206,-0.259648,-0.220443],[0.33492,0.822533,0.45964],[0.0619775,-0.505987,0.860312]],[[0.941812,-0.277417,-0.189816],[0.306355,0.9408,0.145062],[0.138336,-0.194772,0.971044]],[[0.941812,-0.277417,-0.189816],[0.194661,0.910494,-0.36484],[0.274039,0.306661,0.911516]],[[0.941812,-0.277417,-0.189816],[0.0883416,0.74912,-0.656517],[0.324324,0.601547,0.730038]]],"btipPosition":[91.3129,278.908,-114.237],"carpPosition":[114.446,254.438,23.6602],"dipPosition":[96.9273,289.322,-101.599],"direction":[-0.274039,-0.306661,-0.911516],"extended":true,"handId":225,"id":2252,"length":61.7263,"mcpPosition":[110.248,288.707,-34.6053],"pipPosition":[104.106,297.355,-77.7217],"stabilizedTipPosition":[89.9048,261.904,-108.529],"timeVisible":0.108587,"tipPosition":[96.0624,289.288,-110.994],"tipVelocity":[-4.00145,642.284,-171.634],"tool":false,"touchDistance":-0.315468,"touchZone":"hovering","type":2,"width":19.6223},{"bases":[[[0.911138,-0.39254,-0.125457],[0.403042,0.785331,0.469906],[-0.0859318,-0.478714,0.873756]],[[0.908081,-0.407009,-0.0986548],[0.417653,0.897499,0.141637],[0.030895,-0.169822,0.98499]],[[0.908081,-0.407009,-0.0986548],[0.327441,0.836881,-0.438648],[0.261096,0.366024,0.893227]],[[0.908081,-0.407009,-0.0986548],[0.223619,0.670408,-0.707494],[0.354095,0.620401,0.699799]]],"btipPosition":[117.043,268.559,-107.749],"carpPosition":[125.847,252.479,20.7608],"dipPosition":[123.137,279.237,-95.7047],"direction":[-0.261096,-0.366024,-0.893227],"extended":true,"handId":225,"id":2253,"length":59.3515,"mcpPosition":[131.072,281.588,-32.3694],"pipPosition":[129.8,288.577,-72.9104],"stabilizedTipPosition":[118.044,264.778,-103.629],"timeVisible":0.108587,"tipPosition":[122.022,280.894,-105.789],"tipVelocity":[-5.08366,772.176,-207.984],"tool":false,"touchDistance":0.31547,"touchZone":"hovering","type":3,"width":18.6719},{"bases":[[[0.815866,-0.569635,-0.099392],[0.530665,0.669317,0.520008],[-0.22969,-0.477001,0.848359]],[[0.784215,-0.620488,-0.00163882],[0.605968,0.76529,0.217102],[-0.133455,-0.171247,0.976148]],[[0.784215,-0.620488,-0.00163882],[0.57249,0.724566,-0.383745],[0.239296,0.3,0.923438]],[[0.784215,-0.620488,-0.00163882],[0.45647,0.578703,-0.675824],[0.420289,0.529243,0.737061]]],"btipPosition":[142.027,262.362,-91.2249],"carpPosition":[135.736,243.744,16.665],"dipPosition":[148.7,270.766,-79.5214],"direction":[-0.239296,-0.3,-0.923438],"extended":true,"handId":225,"id":2254,"length":46.5304,"mcpPosition":[148.665,270.593,-31.0874],"pipPosition":[153.012,276.171,-62.8834],"stabilizedTipPosition":[143.471,259.649,-87.475],"timeVisible":0.108587,"tipPosition":[147.948,272.288,-89.5435],"tipVelocity":[-35.4742,817.615,-218.42],"tool":false,"touchDistance":0.319334,"touchZone":"hovering","type":4,"width":16.5858}],"r":[[0.99201,-0.124786,0.0185447],[0.122203,0.986995,0.10444],[-0.0313362,-0.101339,0.994358]],"s":0.897402,"t":[6.52718,80.5181,-12.7858],"timestamp":259038412406},{"currentFrameRate":37.7856,"devices":[],"gestures":[],"hands":[{"armBasis":[[0.921748,0.0404719,-0.385671],[0.195462,0.810473,0.552203],[0.334925,-0.584376,0.739141]],"armWidth":64.6081,"confidence":0.557917,"direction":[0.0029754,0.626013,-0.779807],"elbow":[212.072,80.7147,232.209],"grabAngle":1.31428,"grabStrength":0.246071,"id":225,"palmNormal":[-0.195819,-0.764348,-0.61435],"palmPosition":[112.835,277.512,-20.2455],"palmVelocity":[41.2722,697.187,-163.507],"palmWidth":88.3269,"pinchDistance":47.7767,"pinchStrength":0.346162,"r":[[0.989286,-0.144069,0.0236269],[0.140136,0.982457,0.123042],[-0.0409389,-0.118413,0.99212]],"s":0.876684,"sphereCenter":[115.347,228.46,-78.0964],"sphereRadius":73.2192,"stabilizedPalmPosition":[112.716,275.562,-19.7663],"t":[7.33156,90.7929,-15.187],"timeVisible":0.119552,"type":"right","wrist":[124.289,233.878,38.4814]}],"id":141866,"interactionBox":{"center":[0,200,0],"size":[235.247,235.247,147.751]},"pointables":[{"bases":[[[0.570331,0.743627,0.348913],[-0.702798,0.22188,0.675903],[0.425203,-0.630704,0.649165]],[[0.411003,0.902142,0.131209],[-0.754102,0.255567,0.604992],[0.512256,-0.347599,0.785346]],[[0.411003,0.902142,0.131209],[-0.844423,0.322499,0.42772],[0.34355,-0.28659,0.894338]],[[0.411003,0.902142,0.131209],[-0.866792,0.342133,0.362791],[0.282398,-0.262839,0.922587]]],"btipPosition":[49.8552,272.454,-64.239],"carpPosition":[91.5562,240.942,21.7967],"dipPosition":[55.9436,266.787,-44.3486],"direction":[-0.34355,0.28659,-0.894338],"extended":true,"handId":225,"id":2250,"length":48.0096,"mcpPosition":[91.5562,240.942,21.7967],"pipPosition":[66.7341,257.785,-16.2585],"stabilizedTipPosition":[51.2036,269.267,-59.2108],"timeVisible":0.119552,"tipPosition":[55.6385,269.115,-63.9015],"tipVelocity":[18.4835,714.926,-169.697],"tool":false,"touchDistance":0.431377,"touchZone":"hovering","type":0,"width":20.9163},{"bases":[[[0.910575,-0.395033,-0.121662],[0.402782,0.781892,0.475828],[-0.0928411,-0.48228,0.871083]],[[0.90759,-0.408495,-0.0970149],[0.418276,0.899736,0.124581],[0.0363969,-0.153648,0.987455]],[[0.90759,-0.408495,-0.0970149],[0.324151,0.8286,-0.456453],[0.266845,0.382825,0.884443]],[[0.90759,-0.408495,-0.0970149],[0.223509,0.66568,-0.711979],[0.355421,0.624502,0.695467]]],"btipPosition":[117.223,275.037,-109.179],"carpPosition":[126.002,259.905,18.9714],"dipPosition":[123.34,285.786,-97.2089],"direction":[-0.266845,-0.382825,-0.884443],"extended":true,"handId":225,"id":2253,"length":59.3515,"mcpPosition":[131.648,289.231,-33.9963],"pipPosition":[130.15,295.555,-74.6387],"stabilizedTipPosition":[118.42,272.956,-105.426],"timeVisible":0.119552,"tipPosition":[122.583,287.706,-107.363],"tipVelocity":[16.8776,592.301,-131.943],"tool":false,"touchDistance":0.311408,"touchZone":"hovering","type":3,"width":18.6719},{"bases":[[[0.814558,-0.571921,-0.0969629],[0.529711,0.66523,0.526189],[-0.236436,-0.479973,0.844822]],[[0.782934,-0.622102,-0.00168712],[0.60906,0.765962,0.205789],[-0.126729,-0.162147,0.978595]],[[0.782934,-0.622102,-0.00168712],[0.569573,0.71791,-0.40024],[0.250201,0.3124,0.916409]],[[0.782934,-0.622102,-0.00168712],[0.452862,0.571795,-0.684081],[0.426533,0.534826,0.729404]]],"btipPosition":[142.043,269.333,-92.6253],"carpPosition":[135.887,251.155,14.897],"dipPosition":[148.816,277.825,-81.0434],"direction":[-0.250201,-0.3124,-0.916409],"extended":true,"handId":225,"id":2254,"length":46.5304,"mcpPosition":[149.196,278.172,-32.6563],"pipPosition":[153.324,283.454,-64.532],"stabilizedTipPosition":[143.564,267.959,-89.2506],"timeVisible":0.119552,"tipPosition":[148.45,279.468,-91.0221],"tipVelocity":[3.56888,637.554,-130.266],"tool":false,"touchDistance":0.315342,"touchZone":"hovering","type":4,"width":16.5858},{"bases":[[[0.967214,-0.0472262,-0.249534],[0.169663,0.851285,0.496515],[0.188976,-0.522573,0