{"frames":375,"data":[{"currentFrameRate":23.7633,"devices":[],"gestures":[],"hands":[],"id":142393,"interactionBox":{"center":[0,200,0],"size":[235.247,235.247,147.751]},"pointables":[],"r":[[-0.962136,-0.269906,0.0380192],[0.215739,-0.839331,-0.498979],[0.166588,-0.471883,0.86578]],"s":0.686793,"t":[505.899,-233.461,348.339],"timestamp":259050312082},{"currentFrameRate":23.772,"devices":[],"gestures":[],"hands":[],"id":142394,"interactionBox":{"center":[0,200,0],"size":[235.247,235.247,147.751]},"pointables":[],"r":[[-0.962136,-0.269906,0.0380192],[0.215739,-0.839331,-0.498979],[0.166588,-0.471883,0.86578]],"s":0.686793,"t":[505.899,-233.461,348.339],"timestamp":259050354082},{"currentFrameRate":23.755,"devices":[],"gestures":[],"hands":[],"id":142395,"interactionBox":{"center":[0,200,0],"size":[235.247,235.247,147.751]},"pointables":[],"r":[[-0.962136,-0.269906,0.0380192],[0.215739,-0.839331,-0.498979],[0.166588,-0.471883,0.86578]],"s":0.686793,"t":[505.899,-233.461,348.339],"timestamp":259050396307},{"currentFrameRate":23.7324,"devices":[],"gestures":[],"hands":[],"id":142396,"interactionBox":{"center":[0,200,0],"size":[235.247,235.247,147.751]},"pointables":[],"r":[[-0.962136,-0.269906,0.0380192],[0.215739,-0.839331,-0.498979],[0.166588,-0.471883,0.86578]],"s":0.686793,"t":[505.899,-233.461,348.339],"timestamp":259050438615},{"currentFrameRate":23.7805,"devices":[],"gestures":[],"hands":[],"id":142397,"interactionBox":{"center":[0,200,0],"size":[235.247,235.247,147.751]},"pointables":[],"r":[[-0.962136,-0.269906,0.0380192],[0.215739,-0.839331,-0.498979],[0.166588,-0.471883,0.86578]],"s":0.686793,"t":[505.899,-233.461,348.339],"timestamp":259050480302},{"currentFrameRate":23.774,"devices":[],"gestures":[],"hands":[],"id":142398,"interactionBox":{"center":[0,200,0],"size":[235.247,235.247,147.751]},"pointables":[],"r":[[-0.962136,-0.269906,0.0380192],[0.215739,-0.839331,-0.498979],[0.166588,-0.471883,0.86578]],"s":0.686793,"t":[505.899,-233.461,348.339],"timestamp":259050522414},{"currentFrameRate":23.7762,"devices":[],"gestures":[],"hands":[{"armBasis":[[0.825088,0.542471,-0.157972],[-0.337958,0.697906,0.631436],[0.452785,-0.467602,0.759167]],"armWidth":61.248,"confidence":0,"direction":[-0.329084,0.439404,-0.835839],"elbow":[237.906,70.0686,261.327],"grabAngle":0.367694,"grabStrength":0,"id":226,"palmNormal":[0.376404,-0.750744,-0.542866],"palmPosition":[90.3945,216.941,2.66006],"palmVelocity":[1.19209e-7,1.19209e-7,1.19209e-7],"palmWidth":87.46,"pinchDistance":50.8432,"pinchStrength":0.0141958,"r":[[1,-1.66533e-17,0],[1.66533e-17,1,0],[0,0,1]],"s":1,"sphereCenter":[56.9584,231.135,-25.5318],"sphereRadius":57.1463,"stabilizedPalmPosition":[90.3945,216.941,2.66006],"t":[0,0,0],"timeVisible":0,"type":"right","wrist":[120.397,191.423,64.3036]}],"id":142399,"interactionBox":{"center":[0,200,0],"size":[235.247,235.247,147.751]},"pointables":[{"bases":[[[-0.0523893,0.955715,0.289593],[-0.736886,-0.232715,0.634699],[0.673984,-0.180146,0.716445]],[[-0.204188,0.971648,0.119196],[-0.924875,-0.231379,0.301777],[0.3208,-0.0486224,0.945898]],[[-0.204188,0.971648,0.119196],[-0.964143,-0.220692,0.147386],[0.169513,-0.0848279,0.981871]],[[-0.204188,0.971648,0.119196],[-0.976158,-0.192935,-0.0994568],[-0.0736398,-0.136662,0.987877]]],"btipPosition":[74.2256,186.297,-52.7351],"carpPosition":[93.5168,178.11,47.0517],"dipPosition":[72.569,183.223,-30.5121],"direction":[-0.169513,0.0848279,-0.981871],"extended":false,"handId":226,"id":2260,"length":50.0945,"mcpPosition":[93.5168,178.11,47.0517],"pipPosition":[78.1244,180.442,1.66655],"stabilizedTipPosition":[73.8446,185.59,-47.6238],"timeVisible":0,"tipPosition":[73.8446,185.59,-47.6238],"tipVelocity":[1.19209e-7,1.19209e-7,1.19209e-7],"tool":false,"touchDistance":0.818976,"touchZone":"hovering","type":0,"width":19.4644},{"bases":[[[0.79849,0.560036,-0.220844],[-0.441933,0.794408,0.416666],[0.408788,-0.235105,0.881826]],[[0.776129,0.571515,-0.266447],[-0.459015,0.801774,0.382706],[0.432353,-0.174726,0.884614]],[[0.776129,0.571515,-0.266447],[-0.572143,0.815895,0.0834677],[0.265096,0.0876644,0.960229]],[[0.776129,0.571515,-0.266447],[-0.629525,0.726634,-0.27514],[0.0363628,0.381279,0.923744]]],"btipPosition":[36.2535,216.106,-88.3438],"carpPosition":[89.7715,200.563,48.0248],"dipPosition":[36.8507,222.367,-73.1734],"direction":[-0.265096,-0.0876644,-0.960229],"extended":true,"handId":226,"id":2261,"length":56.5261,"mcpPosition":[60.8639,217.189,-14.334],"pipPosition":[43.0096,224.404,-50.8647],"stabilizedTipPosition":[36.3908,217.546,-84.8546],"timeVisible":0,"tipPosition":[36.3908,217.546,-84.8546],"tipVelocity":[1.19209e-7,1.19209e-7,1.19209e-7],"tool":false,"touchDistance":0.252423,"touchZone":"hovering","type":1,"width":18.5924},{"bases":[[[0.909939,0.379436,-0.16745],[-0.291495,0.872298,0.39259],[0.295029,-0.308422,0.904342]],[[0.886471,0.400552,-0.231792],[-0.245236,0.831342,0.498728],[0.392465,-0.385264,0.835191]],[[0.886471,0.400552,-0.231792],[-0.306481,0.883411,0.354477],[0.346754,-0.243194,0.90588]],[[0.886471,0.400552,-0.231792],[-0.363885,0.912755,0.185649],[0.285931,-0.0802267,0.954886]]],"btipPosition":[45.5551,255.182,-95.7282],"carpPosition":[98.1659,208.553,45.6215],"dipPosition":[50.7199,253.733,-78.4802],"direction":[-0.346754,0.243194,-0.90588],"extended":true,"handId":226,"id":2262,"length":64.4069,"mcpPosition":[78.3809,229.236,-15.0248],"pipPosition":[60.1978,247.086,-53.7196],"stabilizedTipPosition":[46.743,254.849,-91.7612],"timeVisible":0,"tipPosition":[46.743,254.849,-91.7612],"tipVelocity":[1.19209e-7,1.19209e-7,1.19209e-7],"tool":false,"touchDistance":0.137313,"touchZone":"hovering","type":2,"width":18.2602},{"bases":[[[0.962805,0.263069,-0.0616586],[-0.216185,0.886902,0.408252],[0.162083,-0.379737,0.910785]],[[0.945507,0.294447,-0.138985],[-0.193163,0.850882,0.488557],[0.262114,-0.435088,0.861391]],[[0.945507,0.294447,-0.138985],[-0.240006,0.918721,0.313607],[0.220029,-0.263161,0.939326]],[[0.945507,0.294447,-0.138985],[-0.277791,0.952157,0.127397],[0.169847,-0.0818462,0.982066]]],"btipPosition":[78.4483,264.036,-91.2],"carpPosition":[108.373,214.01,43.2805],"dipPosition":[81.4986,262.566,-73.5629],"direction":[-0.220029,0.263161,-0.939326],"extended":true,"handId":226,"id":2263,"length":61.929,"mcpPosition":[98.6142,236.874,-11.5577],"pipPosition":[87.3574,255.559,-48.5512],"stabilizedTipPosition":[79.1499,263.698,-87.1435],"timeVisible":0,"tipPosition":[79.1499,263.698,-87.1435],"tipVelocity":[1.19209e-7,1.19209e-7,1.19209e-7],"tool":false,"touchDistance":0.214275,"touchZone":"hovering","type":3,"width":17.3757},{"bases":[[[0.997489,0.0671683,-0.0224324],[-0.0486276,0.879965,0.472543],[0.0514797,-0.470265,0.881022]],[[0.998743,0.048583,0.012306],[-0.0474893,0.838931,0.542162],[0.016016,-0.542065,0.840184]],[[0.998743,0.048583,0.012306],[-0.0490161,0.895704,0.44194],[0.0104483,-0.441988,0.89696]],[[0.998743,0.048583,0.012306],[-0.0500955,0.960504,0.273721],[0.00147829,-0.273994,0.96173]]],"btipPosition":[118.075,270.745,-70.1297],"carpPosition":[121.71,213.262,40.3272],"dipPosition":[118.1,266.206,-54.1957],"direction":[-0.0104483,0.441988,-0.89696],"extended":true,"handId":226,"id":2264,"length":48.5512,"mcpPosition":[118.841,239.473,-8.77717],"pipPosition":[118.296,257.896,-37.3329],"stabilizedTipPosition":[118.081,269.701,-66.4649],"timeVisible":0,"tipPosition":[118.081,269.701,-66.4649],"tipVelocity":[1.19209e-7,1.19209e-7,1.19209e-7],"tool":false,"touchDistance":0.53636,"touchZone":"hovering","type":4,"width":15.4345}],"r":[[1,-1.66533e-17,0],[1.66533e-17,1,0],[0,0,1]],"s":1,"t":[0,0,0],"timestamp":259050564456},{"currentFrameRate":23.7774,"devices":[],"gestures":[],"hands":[{"armBasis":[[0.916302,0.243329,-0.318089],[-0.0252931,0.827831,0.560407],[0.399688,-0.505457,0.764698]],"armWidth":63.9981,"confidence":0.217957,"direction":[-0.27664,0.496904,-0.822531],"elbow":[219.196,70.0294,250.5],"grabAngle":2.37441,"grabStrength":0.534535,"id":226,"palmNormal":[0.0371124,-0.849772,-0.525843],"palmPosition":[87.1891,232.612,-7.76328],"palmVelocity":[-76.2322,372.698,-247.891],"palmWidth":87.46,"pinchDistance":39.538,"pinchStrength":0.587753,"r":[[0.997491,-0.066874,-0.0232097],[0.0665403,0.997673,-0.0148633],[0.0241496,0.0132816,0.99962]],"s":0.888763,"sphereCenter":[88.0728,231.077,-44.9793],"sphereRadius":42.7221,"stabilizedPalmPosition":[88.4559,226.418,-3.64374],"t":[-1.60271,7.8356,-5.21167],"timeVisible":0.042048,"type":"right","wrist":[115.467,201.208,52.0418]}],"id":142400,"interactionBox":{"center":[0,200,0],"size":[235.247,235.247,147.751]},"pointables":[{"bases":[[[0.299229,0.927841,0.22265],[-0.681443,0.0444659,0.730519],[0.667905,-0.370316,0.645576]],[[0.161391,0.982711,0.0907321],[-0.825887,0.0841606,0.55752],[0.540245,-0.164913,0.82519]],[[0.161391,0.982711,0.0907321],[-0.913505,0.113967,0.390539],[0.373446,-0.145914,0.916104]],[[0.161391,0.982711,0.0907321],[-0.986878,0.160234,0.0199401],[0.00505693,-0.0927596,0.995676]]],"btipPosition":[45.8517,210.744,-50.2763],"carpPosition":[83.412,196.359,38.7095],"dipPosition":[45.9589,208.778,-29.1723],"direction":[-0.373446,0.145914,-0.916104],"extended":false,"handId":226,"id":2260,"length":47.1996,"mcpPosition":[83.412,196.359,38.7095],"pipPosition":[57.4905,204.272,-0.884007],"stabilizedTipPosition":[46.5861,209.665,-45.4782],"timeVisible":0.042048,"tipPosition":[50.0842,208.717,-49.1491],"tipVelocity":[-665.151,587.47,52.3552],"tool":false,"touchDistance":0.803433,"touchZone":"hovering","type":0,"width":20.7221},{"bases":[[[0.900176,0.256928,-0.351669],[-0.101073,0.908651,0.405138],[0.423636,-0.329152,0.843915]],[[0.88304,0.26952,-0.384186],[-0.0651161,0.881088,0.468448],[0.464757,-0.388641,0.795587]],[[0.88304,0.26952,-0.384186],[-0.35563,0.918463,-0.17307],[0.306214,0.289456,0.906889]],[[0.88304,0.26952,-0.384186],[-0.306497,-0.288724,-0.907027],[-0.355386,0.918693,-0.172348]]],"btipPosition":[38.0686,236.652,-69.3654],"carpPosition":[87.3135,218.806,38.4531],"dipPosition":[32.5695,250.868,-72.0323],"direction":[-0.306214,-0.289456,-0.906889],"extended":true,"handId":226,"id":2261,"length":53.2594,"mcpPosition":[57.3559,242.082,-21.2247],"pipPosition":[39.2726,257.204,-52.1804],"stabilizedTipPosition":[36.7409,236.514,-72.2441],"timeVisible":0.042048,"tipPosition":[33.7009,242.158,-74.8761],"tipVelocity":[9.82171,532.147,353.783],"tool":false,"touchDistance":0.483652,"touchZone":"hovering","type":1,"width":19.7937},{"bases":[[[0.953087,0.0514035,-0.298298],[0.061893,0.93156,0.358282],[0.2963,-0.359936,0.884676]],[[0.968915,0.0300682,-0.245559],[0.0718567,0.91559,0.39564],[0.236728,-0.400987,0.884969]],[[0.968915,0.0300682,-0.245559],[-0.223751,0.529961,-0.817971],[0.105542,0.847489,0.520215]],[[0.968915,0.0300682,-0.245559],[-0.20079,-0.484273,-0.851565],[-0.144523,0.8744,-0.463182]]],"btipPosition":[66.9851,228.422,-68.9529],"carpPosition":[97.4477,223.487,34.5207],"dipPosition":[64.5255,243.303,-76.8358],"direction":[-0.105542,-0.847489,-0.520215],"extended":false,"handId":226,"id":2262,"length":60.6848,"mcpPosition":[77.5775,247.625,-24.8069],"pipPosition":[67.2436,265.129,-63.4384],"stabilizedTipPosition":[63.1896,235.621,-74.2122],"timeVisible":0.042048,"tipPosition":[65.1661,234.8,-72.5095],"tipVelocity":[467.95,-547.091,499.315],"tool":false,"touchDistance":0.471844,"touchZone":"hovering","type":2,"width":19.4401},{"bases":[[[0.978906,-0.0724966,-0.191014],[0.139242,0.920903,0.364073],[0.149511,-0.382991,0.911573]],[[0.979181,-0.0732027,-0.189333],[0.134847,0.931743,0.337151],[0.151729,-0.355663,0.922216]],[[0.979181,-0.0732027,-0.189333],[-0.109579,0.594521,-0.796578],[0.170874,0.800741,0.574122]],[[0.979181,-0.0732027,-0.189333],[-0.202591,-0.410941,-0.888867],[-0.0127372,0.908718,-0.417216]]],"btipPosition":[89.2538,227.167,-68.9186],"carpPosition":[108.467,225.181,30.628],"dipPosition":[89.0383,242.543,-75.9784],"direction":[-0.170874,-0.800741,-0.574122],"extended":false,"handId":226,"id":2263,"length":58.3501,"mcpPosition":[99.4649,248.241,-24.2577],"pipPosition":[93.3252,262.633,-61.5746],"stabilizedTipPosition":[88.3288,233.576,-71.9879],"timeVisible":0.042048,"tipPosition":[88.5515,233.994,-72.5307],"tipVelocity":[239.116,-784.691,394.813],"tool":false,"touchDistance":0.475198,"touchZone":"hovering","type":3,"width":18.4985},{"bases":[[[0.953078,-0.267493,-0.141738],[0.302461,0.860938,0.409027],[0.0126157,-0.432705,0.901448]],[[0.952355,-0.255318,-0.16683],[0.29724,0.899519,0.320178],[0.06832,-0.354512,0.932552]],[[0.952355,-0.255318,-0.16683],[-0.0680833,0.355228,-0.932297],[0.297295,0.899236,0.320921]],[[0.952355,-0.255318,-0.16683],[-0.2576,-0.380518,-0.888171],[0.163284,0.88883,-0.428159]]],"btipPosition":[109.618,225.635,-52.8817],"carpPosition":[120.324,219.969,26.2253],"dipPosition":[112.167,239.51,-59.5656],"direction":[-0.297295,-0.899236,-0.320921],"extended":false,"handId":226,"id":2264,"length":45.7454,"mcpPosition":[119.621,244.086,-24.0175],"pipPosition":[117.433,255.439,-53.8809],"stabilizedTipPosition":[110.554,230.642,-54.954],"timeVisible":0.042048,"tipPosition":[111.062,232.16,-56.7008],"tipVelocity":[-187.322,-972.099,286.48],"tool":false,"touchDistance":0.696745,"touchZone":"hovering","type":4,"width":16.4318}],"r":[[0.997491,-0.066874,-0.0232097],[0.0665403,0.997673,-0.0148633],[0.0241496,0.0132816,0.99962]],"s":0.888763,"t":[-1.60271,7.8356,-5.21167],"timestamp":259050606504},{"currentFrameRate":24.8117,"devices":[],"gestures":[],"hands":[{"armBasis":[[0.918716,0.174653,-0.3542],[0.048163,0.840646,0.539439],[0.391972,-0.512651,0.763903]],"armWidth":63.9981,"confidence":0.374311,"direction":[-0.253624,0.553378,-0.793377],"elbow":[216.188,82.025,247.462],"grabAngle":2.33411,"grabStrength":0.432096,"id":226,"palmNormal":[-0.0545209,-0.82707,-0.559449],"palmPosition":[87.2739,250.733,-8.74517],"palmVelocity":[2.59869,555.302,-30.0881],"palmWidth":87.46,"pinchDistance":57.6956,"pinchStrength":0.643038,"r":[[0.989294,-0.137894,-0.0477709],[0.137046,0.99035,-0.0206073],[0.0501515,0.0138398,0.998646]],"s":0.815743,"sphereCenter":[104.93,246.144,-52.8369],"sphereRadius":50.9535,"stabilizedPalmPosition":[87.359,248.983,-8.37801],"t":[-2.36166,20.8143,-8.30845],"timeVisible":0.074682,"type":"right","wrist":[114.461,215.071,49.2103]}],"id":142401,"interactionBox":{"center":[0,200,0],"size":[235.247,235.247,147.751]},"pointables":[{"bases":[[[0.387896,0.887426,0.249023],[-0.653879,0.074533,0.752919],[0.649599,-0.454885,0.60918]],[[0.263509,0.955265,0.134283],[-0.773383,0.126002,0.62129],[0.576577,-0.267568,0.771989]],[[0.263509,0.955265,0.134283],[-0.871118,0.175844,0.458511],[0.414387,-0.237798,0.878485]],[[0.263509,0.955265,0.134283],[-0.958148,0.243039,0.151275],[0.111872,-0.168525,0.979328]]],"btipPosition":[38.7133,236.812,-48.5481],"carpPosition":[81.5451,213.059,36.3768],"dipPosition":[41.0845,233.24,-27.7906],"direction":[-0.414387,0.237798,-0.878485],"extended":false,"handId":226,"id":2260,"length":47.1996,"mcpPosition":[81.5451,213.059,36.3768],"pipPosition":[53.8804,225.897,-0.663977],"stabilizedTipPosition":[39.3733,235.579,-43.8005],"timeVisible":0.074682,"tipPosition":[44.9386,233.056,-48.2104],"tipVelocity":[-202.783,787.475,50.5141],"tool":false,"touchDistance":0.781151,"touchZone":"hovering","type":0,"width":20.7221},{"bases":[[[0.909471,0.190147,-0.369739],[-0.00722486,0.896386,0.443216],[0.415705,-0.400421,0.81661]],[[0.967479,0.118338,-0.223562],[0.0619152,0.746145,0.662898],[0.245255,-0.655182,0.714553]],[[0.967479,0.118338,-0.223562],[-0.101285,0.991107,0.0863011],[0.231786,-0.060851,0.970862]],[[0.967479,0.118338,-0.223562],[-0.239506,0.71286,-0.659141],[0.081367,0.69125,0.71802]]],"btipPosition":[42.1759,279.504,-81.041],"carpPosition":[87.4482,235.059,36.8713],"dipPosition":[43.435,290.2,-69.9306],"direction":[-0.231786,0.060851,-0.970862],"extended":true,"handId":226,"id":2261,"length":53.2594,"mcpPosition":[58.0515,263.375,-20.8756],"pipPosition":[48.5088,288.868,-48.6783],"stabilizedTipPosition":[41.9641,277.983,-77.9389],"timeVisible":0.074682,"tipPosition":[39.4303,277.418,-76.9527],"tipVelocity":[173.491,1288.3,-260.674],"tool":false,"touchDistance":0.341017,"touchZone":"hovering","type":1,"width":19.7937},{"bases":[[[0.945089,-0.021316,-0.326116],[0.155764,0.906619,0.392148],[0.287304,-0.421412,0.860156]],[[0.962995,-0.0509764,-0.264656],[0.128171,0.950426,0.283308],[0.237094,-0.306745,0.921788]],[[0.962995,-0.0509764,-0.264656],[-0.236992,0.307502,-0.921563],[0.12836,0.950181,0.284042]],[[0.962995,-0.0509764,-0.264656],[-0.128549,-0.949936,-0.284776],[-0.236889,0.308259,-0.921336]]],"btipPosition":[68.9584,250.913,-56.7517],"carpPosition":[97.8494,238.979,32.8051],"dipPosition":[64.9268,256.159,-72.432],"direction":[-0.12836,-0.950181,-0.284042],"extended":false,"handId":226,"id":2262,"length":60.6848,"mcpPosition":[78.5824,267.24,-24.8781],"pipPosition":[68.2325,280.63,-65.1169],"stabilizedTipPosition":[67.1891,249.25,-62.7678],"timeVisible":0.074682,"tipPosition":[65.8605,254.869,-66.5501],"tipVelocity":[49.3883,621.287,318.925],"tool":false,"touchDistance":0.61411,"touchZone":"hovering","type":2,"width":19.4401},{"bases":[[[0.962618,-0.151382,-0.224611],[0.231968,0.888883,0.395066],[0.139847,-0.4324,0.890771]],[[0.963991,-0.155773,-0.215536],[0.207221,0.947972,0.24168],[0.166675,-0.277641,0.946116]],[[0.963991,-0.155773,-0.215536],[-0.16651,0.278395,-0.945923],[0.207354,0.94775,0.242433]],[[0.963991,-0.155773,-0.215536],[-0.260599,-0.3918,-0.882372],[0.0530029,0.906768,-0.418286]]],"btipPosition":[87.5993,237.994,-62.2874],"carpPosition":[108.863,239.846,28.6342],"dipPosition":[88.4962,253.337,-69.3653],"direction":[-0.207354,-0.94775,-0.242433],"extended":false,"handId":226,"id":2263,"length":58.3501,"mcpPosition":[100.443,265.88,-24.999],"pipPosition":[93.6984,277.115,-63.283],"stabilizedTipPosition":[87.8832,240.343,-65.1133],"timeVisible":0.074682,"tipPosition":[87.3904,247.819,-68.4624],"tipVelocity":[-42.8581,331.536,203.073],"tool":false,"touchDistance":0.560418,"touchZone":"hovering","type":3,"width":18.4985},{"bases":[[[0.920685,-0.345184,-0.182172],[0.390304,0.8128,0.432457],[-0.00120791,-0.469259,0.88306]],[[0.919762,-0.323179,-0.222697],[0.38348,0.860798,0.334618],[0.0835555,-0.393169,0.915662]],[[0.919762,-0.323179,-0.222697],[-0.0832501,0.393854,-0.915395],[0.383547,0.860485,0.335347]],[[0.919762,-0.323179,-0.222697],[-0.322775,-0.300055,-0.897654],[0.223282,0.897509,-0.380294]]],"btipPosition":[107.185,243.278,-54.8856],"carpPosition":[120.073,233.786,23.6583],"dipPosition":[110.671,257.289,-60.8223],"direction":[-0.383547,-0.860485,-0.335347],"extended":false,"handId":226,"id":2264,"length":45.7454,"mcpPosition":[120.14,259.94,-25.5596],"pipPosition":[117.465,272.531,-54.8821],"stabilizedTipPosition":[108.054,246.083,-56.2169],"timeVisible":0.074682,"tipPosition":[109.556,250.038,-58.3038],"tipVelocity":[-67.9533,541.589,-56.1394],"tool":false,"touchDistance":0.632923,"touchZone":"hovering","type":4,"width":16.4318}],"r":[[0.989294,-0.137894,-0.0477709],[0.137046,0.99035,-0.0206073],[0.0501515,0.0138398,0.998646]],"s":0.815743,"t":[-2.36166,20.8143,-8.30845],"timestamp":259050639138},{"currentFrameRate":28.2873,"devices":[],"gestures":[],"hands":[{"armBasis":[[0.916579,0.0809451,-0.391575],[0.150255,0.8378,0.524895],[0.37055,-0.539943,0.755747]],"armWidth":63.9981,"confidence":0.425318,"direction":[-0.22306,0.590407,-0.77567],"elbow":[210.844,93.0752,239.345],"grabAngle":1.89441,"grabStrength":0.0456147,"id":226,"palmNormal":[-0.162533,-0.807106,-0.567595],"palmPosition":[89.2003,272.264,-13.3337],"palmVelocity":[167.075,1867.39,-397.961],"palmWidth":87.46,"pinchDistance":58.3284,"pinchStrength":0.69092,"r":[[0.973798,-0.214671,-0.075063],[0.213367,0.97665,-0.0250732],[0.0786928,0.00840022,0.996864]],"s":0.78561,"sphereCenter":[104.267,253.686,-62.6769],"sphereRadius":55.4022,"stabilizedPalmPosition":[88.5586,264.151,-11.6067],"t":[-1.77794,38.0691,-12.1511],"timeVisible":0.086212,"type":"right","wrist":[114.677,233.204,43.2092]}],"id":142402,"interactionBox":{"center":[0,200,0],"size":[235.247,235.247,147.751]},"pointables":[{"bases":[[[0.488615,0.83732,0.245254],[-0.613796,0.130103,0.778671],[0.620089,-0.531007,0.577514]],[[0.352409,0.927757,0.122778],[-0.768999,0.212309,0.602964],[0.533337,-0.306907,0.788264]],[[0.352409,0.927757,0.122778],[-0.827984,0.24795,0.502955],[0.436178,-0.278905,0.855547]],[[0.352409,0.927757,0.122778],[-0.92771,0.329065,0.176266],[0.12313,-0.176021,0.976655]]],"btipPosition":[39.5356,261.708,-53.4568],"carpPosition":[81.2042,234.64,31.4841],"dipPosition":[42.1455,257.977,-32.7559],"direction":[-0.436178,0.278905,-0.855547],"extended":true,"handId":226,"id":2260,"length":47.1996,"mcpPosition":[81.2042,234.64,31.4841],"pipPosition":[55.6142,249.365,-6.33756],"stabilizedTipPosition":[39.9807,255.706,-47.6991],"timeVisible":0.086212,"tipPosition":[43.0917,260.012,-50.8421],"tipVelocity":[76.0786,2156.12,-426.859],"tool":false,"touchDistance":0.662544,"touchZone":"hovering","type":0,"width":20.7221},{"bases":[[[0.910062,0.0996589,-0.402312],[0.104176,0.884501,0.454759],[0.401166,-0.45577,0.794568]],[[0.966201,0.0184045,-0.257134],[0.132847,0.819259,0.557823],[0.220925,-0.573129,0.789123]],[[0.966201,0.0184045,-0.257134],[0.0293302,0.983123,0.180578],[0.256118,-0.182017,0.949354]],[[0.966201,0.0184045,-0.257134],[-0.179735,0.763129,-0.620749],[0.184802,0.645984,0.740644]]],"btipPosition":[43.9854,304.404,-87.1001],"carpPosition":[89.4161,255.886,32.0343],"dipPosition":[46.845,314.4,-75.6396],"direction":[-0.256118,0.182017,-0.949354],"extended":true,"handId":226,"id":2261,"length":53.2594,"mcpPosition":[61.0475,288.116,-24.154],"pipPosition":[52.4514,310.416,-54.8581],"stabilizedTipPosition":[43.6336,295.881,-82.0052],"timeVisible":0.086212,"tipPosition":[42.566,305.388,-80.481],"tipVelocity":[188.863,2145.63,-518.521],"tool":false,"touchDistance":0.333333,"touchZone":"hovering","type":1,"width":19.7937},{"bases":[[[0.924711,-0.115089,-0.362855],[0.265315,0.878395,0.397531],[0.272979,-0.463872,0.842796]],[[0.940398,-0.14478,-0.307719],[0.201456,0.966162,0.16108],[0.273986,-0.213471,0.937743]],[[0.940398,-0.14478,-0.307719],[-0.273825,0.21424,-0.937614],[0.201674,0.965992,0.161827]],[[0.940398,-0.14478,-0.307719],[-0.273825,0.21424,-0.937614],[0.201674,0.965992,0.161827]]],"btipPosition":[61.1219,257.866,-76.758],"carpPosition":[100.015,258.758,27.6181],"dipPosition":[64.5542,274.306,-74.0039],"direction":[-0.201674,-0.965992,-0.161827],"extended":false,"handId":226,"id":2262,"length":60.6848,"mcpPosition":[81.7084,289.866,-28.9009],"pipPosition":[69.7481,299.184,-69.8362],"stabilizedTipPosition":[65.2034,253.915,-67.7931],"timeVisible":0.086212,"tipPosition":[63.6726,269.018,-73.6957],"tipVelocity":[-530.772,826.336,-1367.42],"tool":false,"touchDistance":0.349536,"touchZone":"hovering","type":2,"width":19.4401},{"bases":[[[0.932154,-0.247985,-0.263804],[0.339271,0.852692,0.397255],[0.126431,-0.459803,0.878974]],[[0.935823,-0.263044,-0.234614],[0.283932,0.956991,0.059582],[0.208851,-0.122373,0.970261]],[[0.935823,-0.263044,-0.234614],[-0.147979,0.310914,-0.938847],[0.319903,0.913313,0.252035]],[[0.935823,-0.263044,-0.234614],[-0.320419,-0.357546,-0.877207],[0.146859,0.896085,-0.418884]]],"btipPosition":[84.3205,253.091,-68.3853],"carpPosition":[110.895,258.531,23.0338],"dipPosition":[86.8056,268.254,-75.4734],"direction":[-0.319903,-0.913313,-0.252035],"extended":false,"handId":226,"id":2263,"length":58.3501,"mcpPosition":[103.282,286.216,-29.8891],"pipPosition":[94.8315,291.168,-69.1502],"stabilizedTipPosition":[86.3146,248.857,-67.6841],"timeVisible":0.086212,"tipPosition":[86.1244,265.575,-71.9904],"tipVelocity":[-252.688,1305.81,-529.077],"tool":false,"touchDistance":0.446205,"touchZone":"hovering","type":3,"width":18.4985},{"bases":[[[0.871565,-0.436993,-0.222287],[0.489953,0.759746,0.427472],[-0.0179206,-0.481479,0.876274]],[[0.871286,-0.442761,-0.211716],[0.4819,0.853501,0.198263],[0.0929164,-0.274769,0.95701]],[[0.871286,-0.442761,-0.211716],[0.0583674,0.521811,-0.851062],[0.487293,0.729161,0.48049]],[[0.871286,-0.442761,-0.211716],[-0.232352,0.0078357,-0.9726],[0.432289,0.896605,-0.0960495]]],"btipPosition":[103.851,260.133,-68.9504],"carpPosition":[121.208,251.411,17.5478],"dipPosition":[110.599,274.13,-70.4498],"direction":[-0.487293,-0.729161,-0.480489],"extended":false,"handId":226,"id":2264,"length":45.7454,"mcpPosition":[122.207,278.247,-31.292],"pipPosition":[119.231,287.046,-61.9386],"stabilizedTipPosition":[106.297,257.534,-64.8885],"timeVisible":0.086212,"tipPosition":[107.925,267.57,-65.7992],"tipVelocity":[-224.084,1461.57,-1131.32],"tool":false,"touchDistance":0.407302,"touchZone":"hovering","type":4,"width":16.4318}],"r":[[0.973798,-0.214671,-0.075063],[0.213367,0.97665,-0.0250732],[0.0786928,0.00840022,0.996864]],"s":0.78561,"t":[-1.77794,38.0691,-12.1511],"timestamp":259050650668},{"currentFrameRate":31.5492,"devices":[],"gestures":[],"hands":[{"armBasis":[[0.909311,0.0302383,-0.415018],[0.208672,0.82975,0.51766],[0.360014,-0.557316,0.74819]],"armWidth":63.9981,"confidence":0.474234,"direction":[-0.164406,0.61201,-0.773573],"elbow":[206.342,103.981,230.974],"grabAngle":2.08585,"grabStrength":0.427348,"id":226,"palmNormal":[-0.221275,-0.787139,-0.575716],"palmPosition":[90.9409,289.88,-19.6837],"palmVelocity":[149.461,1512.55,-545.257],"palmWidth":87.46,"pinchDistance":45.9218,"pinchStrength":0.764603,"r":[[0.952139,-0.290659,-0.0945931],[0.289277,0.956827,-0.0283151],[0.0987392,-0.000403609,0.995113]],"s":0.747087,"sphereCenter":[96.4705,261.145,-69.3897],"sphereRadius":54.8308,"stabilizedPalmPosition":[90.1695,281.549,-17.0685],"t":[-0.615774,55.5041,-17.2474],"timeVisible":0.097858,"type":"right","wrist":[112.909,248.618,36.7996]}],"id":142403,"interactionBox":{"center":[0,200,0],"size":[235.247,235.247,147.751]},"pointables":[{"bases":[[[0.552639,0.79267,0.257419],[-0.610492,0.174758,0.772502],[0.567353,-0.584067,0.580496]],[[0.412199,0.902958,0.121482],[-0.75402,0.263245,0.601794],[0.511415,-0.339659,0.789358]],[[0.412199,0.902958,0.121482],[-0.815176,0.305959,0.491811],[0.406916,-0.301754,0.862186]],[[0.412199,0.902958,0.121482],[-0.87654,0.356653,0.323228],[0.248534,-0.239719,0.938491]]],"btipPosition":[36.9685,283.43,-59.6458],"carpPosition":[79.3397,252.734,24.7437],"dipPosition":[42.2364,278.349,-39.7539],"direction":[-0.406916,0.301754,-0.862186],"extended":true,"handId":226,"id":2260,"length":47.1996,"mcpPosition":[79.3397,252.734,24.7437],"pipPosition":[54.8015,269.031,-13.1305],"stabilizedTipPosition":[38.5214,277.228,-53.6734],"timeVisible":0.097858,"tipPosition":[43.2553,281.815,-57.297],"tipVelocity":[-167.934,1838.46,-547.407],"tool":false,"touchDistance":0.533996,"touchZone":"hovering","type":0,"width":20.7221},{"bases":[[[0.920003,0.0273229,-0.390958],[0.170844,0.869834,0.46282],[0.352714,-0.492588,0.795582]],[[0.941259,-0.00521773,-0.337646],[0.13181,0.926242,0.353133],[0.3109,-0.376894,0.872521]],[[0.941259,-0.00521773,-0.337646],[-0.0853166,0.963768,-0.252731],[0.326731,0.266692,0.906709]],[[0.941259,-0.00521773,-0.337646],[-0.232552,0.714981,-0.659335],[0.244851,0.699125,0.671768]]],"btipPosition":[41.2795,306.072,-94.8971],"carpPosition":[89.2596,273.229,25.5546],"dipPosition":[45.0683,316.89,-84.5024],"direction":[-0.326731,-0.266692,-0.906709],"extended":true,"handId":226,"id":2261,"length":53.2594,"mcpPosition":[64.3173,308.063,-30.7053],"pipPosition":[52.2205,322.727,-64.6544],"stabilizedTipPosition":[42.9608,301.634,-86.7706],"timeVisible":0.097858,"tipPosition":[44.4551,315.891,-90.38],"tipVelocity":[-213.995,159.409,-690.552],"tool":false,"touchDistance":0.199297,"touchZone":"hovering","type":1,"width":19.7937},{"bases":[[[0.916503,-0.188167,-0.35301],[0.331624,0.850905,0.407415],[0.223716,-0.490463,0.842257]],[[0.926306,-0.211818,-0.311594],[0.219603,0.975535,-0.0103227],[0.306157,-0.0588649,0.950159]],[[0.926306,-0.211818,-0.311594],[-0.291106,0.122675,-0.948793],[0.239196,0.969579,0.0519728]],[[0.926306,-0.211818,-0.311594],[-0.37315,-0.630164,-0.680921],[-0.0521236,0.747012,-0.662764]]],"btipPosition":[66.4707,273.028,-66.7351],"carpPosition":[100.111,275.251,21.2839],"dipPosition":[65.5836,285.742,-78.0148],"direction":[-0.239196,-0.969579,-0.0519728],"extended":false,"handId":226,"id":2262,"length":60.6848,"mcpPosition":[85.1084,308.142,-35.1989],"pipPosition":[71.7437,310.712,-76.6763],"stabilizedTipPosition":[65.6467,263.102,-68.4336],"timeVisible":0.097858,"tipPosition":[66.1228,282.355,-74.6801],"tipVelocity":[373.973,1228.32,583.473],"tool":false,"touchDistance":0.449843,"touchZone":"hovering","type":2,"width":19.4401},{"bases":[[[0.91181,-0.321898,-0.254919],[0.403219,0.819218,0.407795],[0.0775661,-0.474619,0.876767]],[[0.913795,-0.336631,-0.227285],[0.335747,0.940936,-0.043752],[0.228588,-0.0363297,0.972845]],[[0.913795,-0.336631,-0.227285],[-0.116132,0.319678,-0.940382],[0.38922,0.885712,0.253027]],[[0.913795,-0.336631,-0.227285],[-0.308465,-0.211105,-0.927515],[0.264249,0.917668,-0.296746]]],"btipPosition":[82.8348,266.461,-76.658],"carpPosition":[110.991,274.163,16.8243],"dipPosition":[87.3062,281.989,-81.6794],"direction":[-0.38922,-0.885712,-0.253027],"extended":false,"handId":226,"id":2263,"length":58.3501,"mcpPosition":[106.321,302.74,-35.9657],"pipPosition":[97.0711,304.21,-75.3313],"stabilizedTipPosition":[85.0182,260.055,-73.0406],"timeVisible":0.097858,"tipPosition":[86.8906,280.056,-78.2546],"tipVelocity":[-88.3473,1155.22,-669.535],"tool":false,"touchDistance":0.330695,"touchZone":"hovering","type":3,"width":18.4985},{"bases":[[[0.835418,-0.50557,-0.215581],[0.545388,0.714007,0.439029],[-0.0680333,-0.484348,0.872226]],[[0.832001,-0.524663,-0.180285],[0.548849,0.825807,0.129645],[0.0808608,-0.206814,0.975033]],[[0.832001,-0.524663,-0.180285],[0.173122,0.554284,-0.814124],[0.52707,0.646141,0.551996]],[[0.832001,-0.524663,-0.180285],[-0.1102,0.162197,-0.980586],[0.543719,0.835716,0.0771307]]],"btipPosition":[104.129,275.385,-79.4171],"carpPosition":[120.751,266.258,11.4027],"dipPosition":[112.617,288.431,-78.213],"direction":[-0.52707,-0.646141,-0.551996],"extended":false,"handId":226,"id":2264,"length":45.7454,"mcpPosition":[124.543,293.254,-37.2114],"pipPosition":[121.954,299.876,-68.4352],"stabilizedTipPosition":[106.16,270.761,-73.9293],"timeVisible":0.097858,"tipPosition":[109.034,282.795,-73.5251],"tipVelocity":[58.2594,1290.83,-845.347],"tool":false,"touchDistance":0.322272,"touchZone":"hovering","type":4,"width":16.4318}],"r":[[0.952139,-0.290659,-0.0945931],[0.289277,0.956827,-0.0283151],[0.0987392,-0.000403609,0.995113]],"s":0.747087,"t":[-0.615774,55.5041,-17.2474],"timestamp":259050662314},{"currentFrameRate":34.6798,"devices":[],"gestures":[],"hands":[{"armBasis":[[0.898478,-0.0111889,-0.438875],[0.257172,0.823614,0.505492],[0.355808,-0.56704,0.742877]],"armWidth":63.9981,"confidence":0.519087,"direction":[-0.101403,0.625004,-0.774007],"elbow":[203.374,114.923,224.102],"grabAngle":1.94278,"grabStrength":0.651234,"id":226,"palmNormal":[-0.268328,-0.766366,-0.583681],"palmPosition":[92.8484,304.913,-25.3782],"palmVelocity":[168.688,1329.48,-503.584],"palmWidth":87.46,"pinchDistance":40.3013,"pinchStrength":0.631113,"r":[[0.925275,-0.364098,-0.106301],[0.363012,0.931299,-0.0300823],[0.109951,-0.010754,0.993879]],"s":0.709215,"sphereCenter":[93.1643,274.724,-73.3325],"sphereRadius":52.7438,"stabilizedPalmPosition":[91.9927,297.45,-22.724],"t":[0.919072,71.7385,-22.6429],"timeVisible":0.109166,"type":"right","wrist":[111.033,262.084,31.3066]}],"id":142404,"interactionBox":{"center":[0,200,0],"size":[235.247,235.247,147.751]},"pointables":[{"bases":[[[0.6057,0.747661,0.27227],[-0.611399,0.218325,0.760608],[0.509234,-0.627166,0.589359]],[[0.436955,0.894508,0.0944775],[-0.736898,0.295762,0.60787],[0.515802,-0.335232,0.788396]],[[0.436955,0.894508,0.0944775],[-0.807228,0.343633,0.479895],[0.396804,-0.285957,0.872224]],[[0.436955,0.894508,0.0944775],[-0.857042,0.382151,0.3456],[0.273037,-0.231983,0.933614]]],"btipPosition":[34.7538,298.456,-65.9162],"carpPosition":[77.5425,268.625,18.6338],"dipPosition":[40.541,293.539,-46.1276],"direction":[-0.396805,0.285957,-0.872224],"extended":true,"handId":226,"id":2260,"length":47.1996,"mcpPosition":[77.5425,268.625,18.6338],"pipPosition":[52.7939,284.709,-19.1943],"stabilizedTipPosition":[36.5915,293.146,-59.7655],"timeVisible":0.109166,"tipPosition":[42.762,299.655,-63.2355],"tipVelocity":[-185.296,1332.2,-556.607],"tool":false,"touchDistance":0.419518,"touchZone":"hovering","type":0,"width":20.7221},{"bases":[[[0.92735,-0.0414532,-0.371891],[0.226671,0.852983,0.470149],[0.297728,-0.52029,0.80041]],[[0.937335,-0.0598975,-0.343242],[0.148328,0.959987,0.237536],[0.31528,-0.273564,0.908714]],[[0.937335,-0.0598975,-0.343242],[-0.119802,0.869647,-0.478917],[0.327185,0.490027,0.807975]],[[0.937335,-0.0598975,-0.343242],[-0.248307,0.576246,-0.778642],[0.244431,0.815078,0.525263]]],"btipPosition":[44.7038,312.403,-98.0327],"carpPosition":[88.9694,288.305,19.7404],"dipPosition":[48.4861,325.015,-89.905],"direction":[-0.327185,-0.490027,-0.807975],"extended":false,"handId":226,"id":2261,"length":53.2594,"mcpPosition":[67.9155,325.098,-36.861],"pipPosition":[55.6482,335.742,-72.2183],"stabilizedTipPosition":[44.1856,308.042,-91.1734],"timeVisible":0.109166,"tipPosition":[47.9078,325.592,-96.5533],"tipVelocity":[302.688,596.407,-323.401],"tool":false,"touchDistance":0.233,"touchZone":"hovering","type":1,"width":19.7937},{"bases":[[[0.906728,-0.256167,-0.334997],[0.386669,0.822065,0.417967],[0.16832,-0.508515,0.844441]],[[0.911621,-0.272205,-0.30798],[0.253647,0.962156,-0.0995942],[0.323435,0.0126739,0.946166]],[[0.911621,-0.272205,-0.30798],[-0.240532,0.254301,-0.936736],[0.333304,0.928028,0.166353]],[[0.911621,-0.272205,-0.30798],[-0.320552,-0.00181623,-0.947229],[0.257281,0.962238,-0.0889114]]],"btipPosition":[61.6602,282.782,-85.0011],"carpPosition":[100.029,289.51,15.7023],"dipPosition":[66.0389,299.159,-86.5143],"direction":[-0.333304,-0.928028,-0.166353],"extended":false,"handId":226,"id":2262,"length":60.6848,"mcpPosition":[88.7416,323.612,-40.9271],"pipPosition":[74.6227,323.059,-82.2301],"stabilizedTipPosition":[64.6543,270.912,-74.0678],"timeVisible":0.109166,"tipPosition":[65.8289,293.337,-83.0121],"tipVelocity":[-318.298,937.061,-1416.67],"tool":false,"touchDistance":0.333333,"touchZone":"hovering","type":2,"width":19.4401},{"bases":[[[0.889869,-0.389444,-0.237628],[0.455631,0.785033,0.419671],[0.0231077,-0.481722,0.876019]],[[0.890165,-0.400476,-0.217312],[0.385531,0.916209,-0.109212],[0.24284,0.0134363,0.969973]],[[0.890165,-0.400476,-0.217312],[-0.0513361,0.385752,-0.921173],[0.452736,0.831153,0.322824]],[[0.890165,-0.400476,-0.217312],[-0.263155,-0.0625261,-0.962725],[0.371961,0.914171,-0.161046]]],"btipPosition":[82.0156,279.752,-85.9067],"carpPosition":[110.886,287.613,11.4617],"dipPosition":[88.3097,295.221,-88.6319],"direction":[-0.452736,-0.831152,-0.322824],"extended":false,"handId":226,"id":2263,"length":58.3501,"mcpPosition":[109.495,316.617,-41.2833],"pipPosition":[99.6681,316.073,-80.5327],"stabilizedTipPosition":[84.2306,271.835,-79.8753],"timeVisible":0.109166,"tipPosition":[87.9744,292.836,-84.6189],"tipVelocity":[-35.3709,1174.17,-771.186],"tool":false,"touchDistance":0.301682,"touchZone":"hovering","type":3,"width":18.4985},{"bases":[[[0.798965,-0.566901,-0.200694],[0.588731,0.66924,0.453336],[-0.122684,-0.480355,0.868451]],[[0.791065,-0.592308,-0.152928],[0.602226,0.797945,0.0246573],[0.107423,-0.111603,0.98793]],[[0.791065,-0.592308,-0.152928],[0.217374,0.50585,-0.834784],[0.571808,0.627126,0.528913]],[[0.791065,-0.592308,-0.152928],[-0.0753339,0.153763,-0.985232],[0.607076,0.790903,0.0770159]]],"btipPosition":[103.921,285.897,-84.4061],"carpPosition":[120.129,279.005,6.20559],"dipPosition":[113.398,298.243,-83.2038],"direction":[-0.571808,-0.627126,-0.528913],"extended":false,"handId":226,"id":2264,"length":45.7454,"mcpPosition":[126.967,305.778,-42.1981],"pipPosition":[123.526,309.352,-73.8349],"stabilizedTipPosition":[106.123,282.022,-80.3192],"timeVisible":0.109166,"tipPosition":[110.243,294.833,-80.069],"tipVelocity":[1.67553,915.368,-441.228],"tool":false,"touchDistance":0.305257,"touchZone":"hovering","type":4,"width":16.4318}],"r":[[0.925275,-0.364098,-0.106301],[0.363012,0.931299,-0.0300823],[0.109951,-0.010754,0.993879]],"s":0.709215,"t":[0.919072,71.7385,-22.6429],"timestamp":259050673622},{"currentFrameRate":37.688,"devices":[],"gestures":[],"hands":[{"armBasis":[[0.898728,-0.00695116,-0.438452],[0.255918,0.820245,0.51157],[0.356082,-0.57197,0.738956]],"armWidth":63.9981,"confidence":0.560216,"direction":[-0.0636215,0.638032,-0.767377],"elbow":[202.487,121.609,220.471],"grabAngle":1.94526,"grabStrength":0.739556,"id":226,"palmNormal":[-0.264944,-0.752141,-0.603398],"palmPosition":[94.2152,313.958,-27.8718],"palmVelocity":[124.019,820.624,-226.251],"palmWidth":87.46,"pinchDistance":36.5238,"pinchStrength":0.653073,"r":[[0.898558,-0.424663,-0.110702],[0.4244,0.905069,-0.0271103],[0.111706,-0.0226218,0.993484]],"s":0.675368,"sphereCenter":[92.5124,284.02,-75.0541],"sphereRadius":51.2762,"stabilizedPalmPosition":[93.5462,308.988,-26.3221],"t":[2.3699,84.3778,-26.5873],"timeVisible":0.120187,"type":"right","wrist":[110.075,270.049,28.693]}],"id":142405,"interactionBox":{"center":[0,200,0],"size":[235.247,235.247,147.751]},"pointables":[{"bases":[[[0.61173,0.730871,0.302677],[-0.631027,0.220096,0.743884],[0.477065,-0.646053,0.595839]],[[0.419893,0.903204,0.0889547],[-0.73757,0.282484,0.613346],[0.528848,-0.32315,0.784789]],[[0.419893,0.903204,0.0889547],[-0.816742,0.33331,0.470996],[0.395756,-0.270421,0.877639]],[[0.419893,0.903204,0.0889547],[-0.862728,0.366794,0.348085],[0.281763,-0.222902,0.933233]]],"btipPosition":[33.1937,305.948,-69.4571],"carpPosition":[76.7611,277.368,15.0789],"dipPosition":[39.1659,301.223,-49.6766],"direction":[-0.395756,0.270421,-0.877639],"extended":true,"handId":226,"id":2260,"length":47.1996,"mcpPosition":[76.7611,277.368,15.0789],"pipPosition":[51.3864,292.873,-22.5761],"stabilizedTipPosition":[35.0372,302.142,-63.7139],"timeVisible":0.120187,"tipPosition":[42.5121,308.888,-66.7446],"tipVelocity":[-137.691,683.756,-321.457],"tool":false,"touchDistance":0.357758,"touchZone":"hovering","type":0,"width":20.7221},{"bases":[[[0.911644,-0.270199,-0.309672],[0.389678,0.807731,0.442403],[0.130595,-0.523987,0.841654]],[[0.913598,-0.278464,-0.296304],[0.25074,0.959475,-0.128596],[0.320106,0.0431903,0.946397]],[[0.913598,-0.278464,-0.296304],[-0.177881,0.381573,-0.907061],[0.365645,0.881397,0.299071]],[[0.913598,-0.278464,-0.296304],[-0.286111,0.077552,-0.955053],[0.288926,0.957311,-0.00882013]]],"btipPosition":[62.6867,292.082,-92.1264],"carpPosition":[99.7521,297.82,13.1812],"dipPosition":[67.6039,308.374,-92.2765],"direction":[-0.365645,-0.881397,-0.299071],"extended":false,"handId":226,"id":2262,"length":60.6848,"mcpPosition":[90.9942,332.959,-43.2613],"pipPosition":[77.0206,331.074,-84.5744],"stabilizedTipPosition":[64.3787,279.119,-80.027],"timeVisible":0.120187,"tipPosition":[67.8116,302.152,-87.6624],"tipVelocity":[104.375,842.064,-618.079],"tool":false,"touchDistance":0.333333,"touchZone":"hovering","type":2,"width":19.4401},{"bases":[[[0.888939,-0.404479,-0.214904],[0.45778,0.769248,0.445753],[-0.0149833,-0.494626,0.868977]],[[0.888416,-0.414951,-0.196296],[0.394336,0.908791,-0.136374],[0.23498,0.0437505,0.971015]],[[0.888416,-0.414951,-0.196296],[0.00831058,0.442093,-0.896931],[0.458963,0.795217,0.396211]],[[0.888416,-0.414951,-0.196296],[-0.201113,0.0325496,-0.979027],[0.412638,0.909261,-0.0545345]]],"btipPosition":[83.5954,288.431,-91.3685],"carpPosition":[110.699,295.757,9.26155],"dipPosition":[90.5778,303.817,-92.2913],"direction":[-0.458963,-0.795217,-0.396211],"extended":false,"handId":226,"id":2263,"length":58.3501,"mcpPosition":[111.601,325.538,-43.0594],"pipPosition":[102.092,323.768,-82.351],"stabilizedTi