{"frames":157,"data":[{"currentFrameRate":24.6276,"devices":[],"gestures":[],"hands":[],"id":148596,"interactionBox":{"center":[0,200,0],"size":[235.247,235.247,147.751]},"pointables":[],"r":[[-0.440326,-0.881796,0.168963],[0.606955,-0.431023,-0.667701],[0.661603,-0.191453,0.725002]],"s":-0.104574,"t":[559.648,-310.26,373.824],"timestamp":259242377666},{"currentFrameRate":24.67,"devices":[],"gestures":[],"hands":[],"id":148597,"interactionBox":{"center":[0,200,0],"size":[235.247,235.247,147.751]},"pointables":[],"r":[[-0.440326,-0.881796,0.168963],[0.606955,-0.431023,-0.667701],[0.661603,-0.191453,0.725002]],"s":-0.104574,"t":[559.648,-310.26,373.824],"timestamp":259242417891},{"currentFrameRate":24.7004,"devices":[],"gestures":[],"hands":[],"id":148598,"interactionBox":{"center":[0,200,0],"size":[235.247,235.247,147.751]},"pointables":[],"r":[[-0.440326,-0.881796,0.168963],[0.606955,-0.431023,-0.667701],[0.661603,-0.191453,0.725002]],"s":-0.104574,"t":[559.648,-310.26,373.824],"timestamp":259242458154},{"currentFrameRate":24.7406,"devices":[],"gestures":[],"hands":[],"id":148599,"interactionBox":{"center":[0,200,0],"size":[235.247,235.247,147.751]},"pointables":[],"r":[[-0.440326,-0.881796,0.168963],[0.606955,-0.431023,-0.667701],[0.661603,-0.191453,0.725002]],"s":-0.104574,"t":[559.648,-310.26,373.824],"timestamp":259242498280},{"currentFrameRate":24.7597,"devices":[],"gestures":[],"hands":[],"id":148600,"interactionBox":{"center":[0,200,0],"size":[235.247,235.247,147.751]},"pointables":[],"r":[[-0.440326,-0.881796,0.168963],[0.606955,-0.431023,-0.667701],[0.661603,-0.191453,0.725002]],"s":-0.104574,"t":[559.648,-310.26,373.824],"timestamp":259242538529},{"currentFrameRate":24.7605,"devices":[],"gestures":[],"hands":[],"id":148601,"interactionBox":{"center":[0,200,0],"size":[235.247,235.247,147.751]},"pointables":[],"r":[[-0.440326,-0.881796,0.168963],[0.606955,-0.431023,-0.667701],[0.661603,-0.191453,0.725002]],"s":-0.104574,"t":[559.648,-310.26,373.824],"timestamp":259242578910},{"currentFrameRate":24.793,"devices":[],"gestures":[],"hands":[],"id":148602,"interactionBox":{"center":[0,200,0],"size":[235.247,235.247,147.751]},"pointables":[],"r":[[-0.440326,-0.881796,0.168963],[0.606955,-0.431023,-0.667701],[0.661603,-0.191453,0.725002]],"s":-0.104574,"t":[559.648,-310.26,373.824],"timestamp":259242619007},{"currentFrameRate":20.7222,"devices":[],"gestures":[],"hands":[],"id":148603,"interactionBox":{"center":[0,200,0],"size":[235.247,235.247,147.751]},"pointables":[],"r":[[-0.440326,-0.881796,0.168963],[0.606955,-0.431023,-0.667701],[0.661603,-0.191453,0.725002]],"s":-0.104574,"t":[559.648,-310.26,373.824],"timestamp":259242699320},{"currentFrameRate":21.4559,"devices":[],"gestures":[],"hands":[],"id":148604,"interactionBox":{"center":[0,200,0],"size":[235.247,235.247,147.751]},"pointables":[],"r":[[-0.440326,-0.881796,0.168963],[0.606955,-0.431023,-0.667701],[0.661603,-0.191453,0.725002]],"s":-0.104574,"t":[559.648,-310.26,373.824],"timestamp":259242739761},{"currentFrameRate":22.0756,"devices":[],"gestures":[],"hands":[],"id":148605,"interactionBox":{"center":[0,200,0],"size":[235.247,235.247,147.751]},"pointables":[],"r":[[-0.440326,-0.881796,0.168963],[0.606955,-0.431023,-0.667701],[0.661603,-0.191453,0.725002]],"s":-0.104574,"t":[559.648,-310.26,373.824],"timestamp":259242779994},{"currentFrameRate":22.5888,"devices":[],"gestures":[],"hands":[],"id":148606,"interactionBox":{"center":[0,200,0],"size":[235.247,235.247,147.751]},"pointables":[],"r":[[-0.440326,-0.881796,0.168963],[0.606955,-0.431023,-0.667701],[0.661603,-0.191453,0.725002]],"s":-0.104574,"t":[559.648,-310.26,373.824],"timestamp":259242820163},{"currentFrameRate":23.0263,"devices":[],"gestures":[],"hands":[],"id":148607,"interactionBox":{"center":[0,200,0],"size":[235.247,235.247,147.751]},"pointables":[],"r":[[-0.440326,-0.881796,0.168963],[0.606955,-0.431023,-0.667701],[0.661603,-0.191453,0.725002]],"s":-0.104574,"t":[559.648,-310.26,373.824],"timestamp":259242860160},{"currentFrameRate":23.3577,"devices":[],"gestures":[],"hands":[{"armBasis":[[0.512496,0.720508,-0.467137],[-0.0445605,0.565593,0.82348],[0.857533,-0.401214,0.32197]],"armWidth":60.2356,"confidence":0,"direction":[-0.95979,-0.0546634,-0.275346],"elbow":[285.351,156.583,186.414],"grabAngle":0.772136,"grabStrength":0,"id":239,"palmNormal":[0.256809,-0.567095,-0.782593],"palmPosition":[-1.37178,251.598,84.7343],"palmVelocity":[1.19209e-7,1.19209e-7,1.19209e-7],"palmWidth":86.0143,"pinchDistance":57.3225,"pinchStrength":0,"r":[[1,4.16334e-18,2.22045e-17],[-4.16334e-18,1,-2.42861e-18],[-2.22045e-17,2.42861e-18,1]],"s":1,"sphereCenter":[14.5124,252.75,-17.6087],"sphereRadius":101.896,"stabilizedPalmPosition":[-1.37178,251.598,84.7343],"t":[0,0,0],"timeVisible":0,"type":"right","wrist":[66.4781,258.987,104.236]}],"id":148608,"interactionBox":{"center":[0,200,0],"size":[235.247,235.247,147.751]},"pointables":[{"bases":[[[-0.371364,0.827263,0.421573],[0.168486,-0.386463,0.906785],[0.913072,0.407777,0.00413674]],[[-0.561008,0.71881,0.410588],[-0.145066,-0.573684,0.806128],[0.815,0.392682,0.426117]],[[-0.561008,0.71881,0.410588],[-0.347685,-0.654725,0.671156],[0.751256,0.233769,0.617225]],[[-0.561008,0.71881,0.410588],[-0.567067,-0.695042,0.441985],[0.60308,0.0151263,0.797538]]],"btipPosition":[-25.9521,208.467,48.264],"carpPosition":[50.0623,234.866,105.91],"dipPosition":[-12.6097,208.802,65.9085],"direction":[-0.751256,-0.233769,-0.617225],"extended":false,"handId":239,"id":2390,"length":49.2665,"mcpPosition":[50.0623,234.866,105.91],"pipPosition":[11.6042,216.336,85.8024],"stabilizedTipPosition":[-22.8833,208.544,52.3222],"timeVisible":0,"tipPosition":[-22.8833,208.544,52.3222],"tipVelocity":[1.19209e-7,1.19209e-7,1.19209e-7],"tool":false,"touchDistance":1,"touchZone":"none","type":0,"width":19.1427},{"bases":[[[0.143307,0.72806,-0.670367],[-0.379563,0.665995,0.642171],[0.914,0.162419,0.371786]],[[0.30546,0.745403,-0.592511],[-0.469054,0.659308,0.587623],[0.828663,0.0984241,0.551027]],[[0.30546,0.745403,-0.592511],[-0.736309,0.579461,0.349392],[0.603775,0.329545,0.725849]],[[0.30546,0.745403,-0.592511],[-0.895415,0.436538,0.0875645],[0.323924,0.503795,0.800789]]],"btipPosition":[-85.2701,227.984,24.1388],"carpPosition":[34.7531,260.989,107.504],"dipPosition":[-79.5158,236.933,38.3643],"direction":[-0.603775,-0.329545,-0.725849],"extended":true,"handId":239,"id":2392,"length":63.3423,"mcpPosition":[-25.5278,250.277,82.9835],"pipPosition":[-63.2855,245.792,57.8762],"stabilizedTipPosition":[-83.9467,230.042,27.4107],"timeVisible":0,"tipPosition":[-83.9467,230.042,27.4107],"tipVelocity":[1.19209e-7,1.19209e-7,1.19209e-7],"tool":false,"touchDistance":1,"touchZone":"none","type":2,"width":17.9584},{"bases":[[[0.30445,0.691735,-0.654838],[-0.339024,0.721148,0.60416],[0.890153,0.0380698,0.454068]],[[0.370529,0.692639,-0.618837],[-0.521739,0.706425,0.478281],[0.768438,0.145654,0.623127]],[[0.370529,0.692639,-0.618837],[-0.779967,0.593802,0.197612],[0.50434,0.409452,0.760257]],[[0.370529,0.692639,-0.618837],[-0.892733,0.449489,-0.0314298],[0.256391,0.564102,0.78489]]],"btipPosition":[-67.5245,240.751,13.0371],"carpPosition":[35.3773,269.843,100.015],"dipPosition":[-62.9961,250.715,26.9],"direction":[-0.50434,-0.409452,-0.760257],"extended":true,"handId":239,"id":2393,"length":60.9053,"mcpPosition":[-17.3328,267.589,73.1276],"pipPosition":[-49.7888,261.437,46.809],"stabilizedTipPosition":[-66.483,243.043,16.2255],"timeVisible":0,"tipPosition":[-66.483,243.043,16.2255],"tipVelocity":[1.19209e-7,1.19209e-7,1.19209e-7],"tool":false,"touchDistance":1,"touchZone":"none","type":3,"width":17.0885},{"bases":[[[-0.0493921,0.800991,-0.596635],[-0.397146,0.532358,0.747576],[0.916425,0.273876,0.291816]],[[0.311439,0.84441,-0.435864],[-0.366185,0.529897,0.76493],[0.876878,-0.0786223,0.474241]],[[0.311439,0.84441,-0.435864],[-0.522933,0.535272,0.663343],[0.79344,0.0213367,0.608275]],[[0.311439,0.84441,-0.435864],[-0.725528,0.507512,0.464802],[0.613689,0.171474,0.770702]]],"btipPosition":[-90.9166,231.95,47.4321],"carpPosition":[36.4712,251.061,113.333],"dipPosition":[-81.0047,234.72,59.88],"direction":[-0.79344,-0.0213367,-0.608275],"extended":true,"handId":239,"id":2391,"length":55.5917,"mcpPosition":[-27.263,232.014,93.0386],"pipPosition":[-62.8757,235.207,73.7782],"stabilizedTipPosition":[-88.6369,232.587,50.2951],"timeVisible":0,"tipPosition":[-88.6369,232.587,50.2951],"tipVelocity":[1.19209e-7,1.19209e-7,1.19209e-7],"tool":false,"touchDistance":1,"touchZone":"none","type":1,"width":18.2851},{"bases":[[[0.457233,0.562765,-0.688647],[-0.20756,0.82047,0.53268],[0.864787,-0.100623,0.491953]],[[0.358045,0.570472,-0.739166],[-0.462253,0.796125,0.390521],[0.81125,0.201858,0.548751]],[[0.358045,0.570472,-0.739166],[-0.774008,0.624112,0.106754],[0.522222,0.533898,0.665009]],[[0.358045,0.570472,-0.739166],[-0.849948,0.526842,-0.00510166],[0.386513,0.630079,0.673504]]],"btipPosition":[-49.8848,253.82,20.2443],"carpPosition":[40.5879,275.19,88.8225],"dipPosition":[-43.5869,264.087,31.2185],"direction":[-0.522222,-0.533898,-0.665009],"extended":true,"handId":239,"id":2394,"length":47.7486,"mcpPosition":[-6.81482,280.705,61.8563],"pipPosition":[-33.9314,273.958,43.514],"stabilizedTipPosition":[-48.4363,256.181,22.7683],"timeVisible":0,"tipPosition":[-48.4363,256.181,22.7683],"tipVelocity":[1.19209e-7,1.19209e-7,1.19209e-7],"tool":false,"touchDistance":1,"touchZone":"none","type":4,"width":15.1794}],"r":[[1,4.16334e-18,2.22045e-17],[-4.16334e-18,1,-2.42861e-18],[-2.22045e-17,2.42861e-18,1]],"s":1,"t":[0,0,0],"timestamp":259242900412},{"currentFrameRate":23.6277,"devices":[],"gestures":[],"hands":[{"armBasis":[[0.484402,0.614749,-0.622445],[0.0572299,0.6877,0.723735],[0.872972,-0.386201,0.297941]],"armWidth":62.9551,"confidence":0.208967,"direction":[-0.98213,0.020178,-0.187119],"elbow":[281.482,160.21,175.534],"grabAngle":1.14287,"grabStrength":0,"id":239,"palmNormal":[0.119248,-0.702474,-0.701648],"palmPosition":[-11.3536,256.05,86.9725],"palmVelocity":[-247.934,110.581,55.5935],"palmWidth":86.0143,"pinchDistance":59.3727,"pinchStrength":0,"r":[[0.999591,-0.0238623,-0.0157331],[0.0233578,0.999231,-0.0315041],[0.0164728,0.0311237,0.99938]],"s":1.04272,"sphereCenter":[-19.4241,268.961,-2.4676],"sphereRadius":91.4942,"stabilizedPalmPosition":[-6.15334,253.731,85.8065],"t":[-4.9909,2.226,1.1191],"timeVisible":0.04026,"type":"right","wrist":[58.669,258.782,99.4887]}],"id":148609,"interactionBox":{"center":[0,200,0],"size":[235.247,235.247,147.751]},"pointables":[{"bases":[[[-0.239713,0.918524,0.314406],[0.21278,-0.266267,0.94012],[0.947239,0.292259,-0.131616]],[[-0.439025,0.83351,0.335438],[-0.0770446,-0.406891,0.910222],[0.895166,0.373766,0.242853]],[[-0.439025,0.83351,0.335438],[-0.307382,-0.49015,0.81564],[0.844259,0.254979,0.471394]],[[-0.439025,0.83351,0.335438],[-0.492279,-0.535467,0.686248],[0.75161,0.136151,0.645403]]],"btipPosition":[-47.3977,207.449,64.7132],"carpPosition":[39.8141,236.606,106.405],"dipPosition":[-30.3403,210.539,79.3602],"direction":[-0.844259,-0.254979,-0.471394],"extended":false,"handId":239,"id":2390,"length":50.5373,"mcpPosition":[39.8141,236.606,106.405],"pipPosition":[-2.42692,218.969,94.9457],"stabilizedTipPosition":[-38.5426,208.251,64.3073],"timeVisible":0.04026,"tipPosition":[-41.3762,210.416,65.0563],"tipVelocity":[-511.454,-9.54979,391.449],"tool":false,"touchDistance":1,"touchZone":"none","type":0,"width":20.3863},{"bases":[[[-0.0213644,0.704711,-0.709172],[-0.265177,0.679934,0.683646],[0.963963,0.202662,0.172347]],[[0.258007,0.733211,-0.629153],[-0.1549,0.67417,0.722151],[0.953645,-0.0888642,0.287515]],[[0.258007,0.733211,-0.629153],[-0.160858,0.674712,0.720339],[0.952658,-0.0846484,0.292023]],[[0.258007,0.733211,-0.629153],[-0.160858,0.674712,0.720339],[0.952658,-0.0846484,0.292023]]],"btipPosition":[-116.096,248.213,76.5933],"carpPosition":[28.7855,255.219,112.24],"dipPosition":[-100.313,246.811,81.4315],"direction":[-0.952658,0.0846484,-0.292024],"extended":true,"handId":239,"id":2391,"length":57.0257,"mcpPosition":[-38.2548,241.125,100.254],"pipPosition":[-77.9843,244.827,88.276],"stabilizedTipPosition":[-105.437,243.376,69.6205],"timeVisible":0.04026,"tipPosition":[-109.217,246.107,72.6062],"tipVelocity":[-591.884,380.113,680.849],"tool":false,"touchDistance":1,"touchZone":"none","type":1,"width":19.473},{"bases":[[[0.154588,0.599306,-0.785452],[-0.243743,0.79357,0.557527],[0.95744,0.105261,0.268753]],[[0.299571,0.608359,-0.734954],[-0.257198,0.793308,0.551826],[0.918753,0.0237174,0.39412]],[[0.299571,0.608359,-0.734954],[-0.592841,0.722259,0.356206],[0.747528,0.329002,0.577027]],[[0.299571,0.608359,-0.734954],[-0.879036,0.47545,0.0352545],[0.370881,0.63549,0.6772]]],"btipPosition":[-105.884,235.612,40.6804],"carpPosition":[27.5759,264.315,105.078],"dipPosition":[-99.1254,247.192,53.0208],"direction":[-0.747528,-0.329002,-0.577027],"extended":true,"handId":239,"id":2392,"length":64.9762,"mcpPosition":[-35.57,257.373,87.3534],"pipPosition":[-78.5125,256.264,68.9322],"stabilizedTipPosition":[-100.376,236.678,40.3943],"timeVisible":0.04026,"tipPosition":[-101.818,236.843,41.268],"tipVelocity":[-506.277,204.492,400.099],"tool":false,"touchDistance":1,"touchZone":"none","type":2,"width":19.1251},{"bases":[[[0.31173,0.546724,-0.777121],[-0.20143,0.83731,0.508269],[0.928574,-0.00190713,0.371142]],[[0.346724,0.546259,-0.762485],[-0.304127,0.834468,0.459533],[0.887293,0.0725613,0.455462]],[[0.346724,0.546259,-0.762485],[-0.633591,0.735814,0.239039],[0.691624,0.400223,0.601229]],[[0.346724,0.546259,-0.762485],[-0.787835,-0.271546,-0.552792],[-0.509017,0.792379,0.33621]]],"btipPosition":[-74.372,243.696,32.3152],"carpPosition":[28.4124,271.834,96.2676],"dipPosition":[-83.5944,258.052,38.4066],"direction":[-0.691624,-0.400223,-0.601229],"extended":true,"handId":239,"id":2393,"length":62.4764,"mcpPosition":[-26.5728,271.947,74.2906],"pipPosition":[-65.0155,268.803,54.5573],"stabilizedTipPosition":[-68.0164,243.649,18.9049],"timeVisible":0.04026,"tipPosition":[-80.063,246.122,29.6404],"tipVelocity":[-248.638,98.2438,434.444],"tool":false,"touchDistance":1,"touchZone":"none","type":3,"width":18.1987},{"bases":[[[0.446076,0.396915,-0.802169],[-0.0676586,0.908673,0.41199],[0.892434,-0.129505,0.432192]],[[0.353477,0.407983,-0.841786],[-0.0862214,0.910258,0.404964],[0.931461,-0.0705656,0.356933]],[[0.353477,0.407983,-0.841786],[-0.547722,0.81976,0.167312],[0.758323,0.401924,0.513228]],[[0.353477,0.407983,-0.841786],[-0.881068,-0.15713,-0.446128],[-0.314283,0.899366,0.303919]]],"btipPosition":[-56.9227,261.681,33.2579],"carpPosition":[33.0627,274.818,84.0005],"dipPosition":[-62.1758,276.714,38.3377],"direction":[-0.758323,-0.401924,-0.513228],"extended":true,"handId":239,"id":2394,"length":48.9803,"mcpPosition":[-15.8555,281.917,60.3102],"pipPosition":[-47.7933,284.337,48.0717],"stabilizedTipPosition":[-52.08,259.548,27.1499],"timeVisible":0.04026,"tipPosition":[-60.797,261.036,31.647],"tipVelocity":[-240.802,222.489,289.566],"tool":false,"touchDistance":1,"touchZone":"none","type":4,"width":16.1655}],"r":[[0.999591,-0.0238623,-0.0157331],[0.0233578,0.999231,-0.0315041],[0.0164728,0.0311237,0.99938]],"s":1.04272,"t":[-4.9909,2.226,1.1191],"timestamp":259242940672},{"currentFrameRate":24.8557,"devices":[],"gestures":[],"hands":[{"armBasis":[[0.298338,0.91813,0.260828],[-0.332055,-0.156361,0.93021],[0.894837,-0.364126,0.258222]],"armWidth":62.9551,"confidence":0.359206,"direction":[-0.980217,0.18789,-0.0622211],"elbow":[258.402,169.25,163.907],"grabAngle":0.611928,"grabStrength":0,"id":239,"palmNormal":[0.10146,0.207084,-0.973048],"palmPosition":[-40.1692,271.397,85.9467],"palmVelocity":[-926.28,493.311,-32.9742],"palmWidth":86.0143,"pinchDistance":56.6747,"pinchStrength":0.236492,"r":[[0.998361,-0.044202,-0.0363469],[0.0483889,0.991127,0.123799],[0.0305522,-0.125355,0.991641]],"s":1.02359,"sphereCenter":[-43.9403,339.08,30.7522],"sphereRadius":87.3366,"stabilizedPalmPosition":[-39.2693,270.929,85.943],"t":[-21.8942,11.0122,1.16575],"timeVisible":0.071369,"type":"right","wrist":[30.0078,262.188,98.0001]}],"id":148610,"interactionBox":{"center":[0,200,0],"size":[235.247,235.247,147.751]},"pointables":[{"bases":[[[-0.213637,0.237788,0.947532],[0.200402,-0.938629,0.280738],[0.956137,0.249863,0.152873]],[[-0.407599,0.180695,0.895104],[-0.210328,-0.972448,0.100533],[0.888608,-0.147288,0.434375]],[[-0.407599,0.180695,0.895104],[-0.285875,-0.956204,0.0628522],[0.867259,-0.230269,0.441404]],[[-0.407599,0.180695,0.895104],[-0.483825,-0.874064,-0.0438691],[0.774452,-0.450955,0.443693]]],"btipPosition":[-77.876,268.308,33.8191],"carpPosition":[10.3052,243.511,78.9797],"dipPosition":[-60.3002,258.074,43.8885],"direction":[-0.867259,0.230269,-0.441404],"extended":false,"handId":239,"id":2390,"length":50.5373,"mcpPosition":[10.3052,243.511,78.9797],"pipPosition":[-31.6264,250.461,58.4824],"stabilizedTipPosition":[-66.6339,254.182,41.8825],"timeVisible":0.071369,"tipPosition":[-71.9761,265.769,36.3472],"tipVelocity":[-975.894,1857.82,-1026.94],"tool":false,"touchDistance":1,"touchZone":"none","type":0,"width":20.3863},{"bases":[[[0.176026,0.981556,0.0745864],[-0.222515,-0.034133,0.974332],[0.958907,-0.188104,0.212403]],[[0.296774,0.949587,0.101043],[-0.250988,-0.0245265,0.967679],[0.921374,-0.312543,0.231056]],[[0.296774,0.949587,0.101043],[-0.491602,0.0612081,0.868666],[0.81869,-0.307471,0.484983]],[[0.296774,0.949587,0.101043],[-0.862463,0.221101,0.455271],[0.409979,-0.222258,0.884601]]],"btipPosition":[-137.448,299.415,47.5185],"carpPosition":[-1.09425,259.872,101.82],"dipPosition":[-129.977,295.364,63.6383],"direction":[-0.81869,0.307471,-0.484983],"extended":true,"handId":239,"id":2392,"length":64.9762,"mcpPosition":[-64.3369,272.278,87.8111],"pipPosition":[-107.402,286.886,77.0116],"stabilizedTipPosition":[-131.949,291.873,50.0676],"timeVisible":0.071369,"tipPosition":[-131.867,300.704,47.8821],"tipVelocity":[-1009.36,1935.39,247.754],"tool":false,"touchDistance":1,"touchZone":"none","type":2,"width":19.1251},{"bases":[[[0.331488,0.942938,0.0313674],[-0.178689,0.030103,0.983445],[0.926383,-0.331606,0.178471]],[[0.153421,0.988158,-0.00237122],[-0.314318,0.0510755,0.947943],[0.936838,-0.144689,0.318432]],[[0.153421,0.988158,-0.00237122],[-0.890713,0.13933,0.432687],[0.427893,-0.064271,0.901541]],[[0.153421,0.988158,-0.00237122],[-0.890713,0.13933,0.432687],[0.427893,-0.064271,0.901541]]],"btipPosition":[-114.685,300.127,38.4299],"carpPosition":[0.00691492,271.332,103.346],"dipPosition":[-106.932,298.963,54.764],"direction":[-0.427893,0.064271,-0.901541],"extended":false,"handId":239,"id":2393,"length":62.4764,"mcpPosition":[-54.8485,290.968,92.7781],"pipPosition":[-95.4378,297.236,78.9817],"stabilizedTipPosition":[-100.581,284.431,35.7963],"timeVisible":0.071369,"tipPosition":[-111.387,305.783,44.413],"tipVelocity":[-1170.35,1699.23,272.285],"tool":false,"touchDistance":1,"touchZone":"none","type":3,"width":18.1987},{"bases":[[[0.461417,0.880198,-0.111115],[-0.0424047,0.146982,0.98823],[0.88617,-0.451274,0.105145]],[[0.253893,0.958234,-0.131626],[-0.611582,0.264472,0.745669],[0.749337,-0.10882,0.653187]],[[0.253893,0.958234,-0.131626],[-0.611582,0.264472,0.745669],[0.749337,-0.10882,0.653187]],[[0.253893,0.958234,-0.131626],[-0.611582,0.264472,0.745669],[0.749337,-0.10882,0.653187]]],"btipPosition":[-96.2042,315.515,47.6372],"carpPosition":[4.80067,283.165,99.1032],"dipPosition":[-83.6794,313.696,58.5549],"direction":[-0.749337,0.10882,-0.653187],"extended":true,"handId":239,"id":2394,"length":48.9803,"mcpPosition":[-43.7742,307.901,93.3398],"pipPosition":[-69.4673,311.633,70.9434],"stabilizedTipPosition":[-86.5513,305.976,46.372],"timeVisible":0.071369,"tipPosition":[-91.8639,317.388,54.0763],"tipVelocity":[-1131.27,1605.91,505.385],"tool":false,"touchDistance":1,"touchZone":"none","type":4,"width":16.1655},{"bases":[[[0.00294824,0.978028,0.208452],[-0.247912,-0.20123,0.947653],[0.968778,-0.0544716,0.241872]],[[0.42404,0.856969,0.292906],[-0.225221,-0.213477,0.950633],[0.877192,-0.469075,0.102485]],[[0.42404,0.856969,0.292906],[-0.225221,-0.213477,0.950633],[0.877192,-0.469075,0.102485]],[[0.42404,0.856969,0.292906],[-0.225221,-0.213477,0.950633],[0.877192,-0.469075,0.102485]]],"btipPosition":[-139.202,291,72.8382],"carpPosition":[-0.189778,248.904,98.0292],"dipPosition":[-124.669,283.228,74.5362],"direction":[-0.877192,0.469075,-0.102485],"extended":true,"handId":239,"id":2391,"length":57.0257,"mcpPosition":[-67.5649,252.692,81.2078],"pipPosition":[-104.109,272.234,76.9382],"stabilizedTipPosition":[-131.105,282.049,72.6649],"timeVisible":0.071369,"tipPosition":[-136.904,285.155,72.6938],"tipVelocity":[-751.986,1328.28,-143.923],"tool":false,"touchDistance":1,"touchZone":"none","type":1,"width":19.473}],"r":[[0.998361,-0.044202,-0.0363469],[0.0483889,0.991127,0.123799],[0.0305522,-0.125355,0.991641]],"s":1.02359,"t":[-21.8942,11.0122,1.16575],"timestamp":259242971781},{"currentFrameRate":27.1364,"devices":[],"gestures":[],"hands":[{"armBasis":[[0.234184,-0.0682893,-0.969791],[0.302828,0.953026,0.00601776],[0.923825,-0.295089,0.243863]],"armWidth":62.9551,"confidence":0.451218,"direction":[-0.883002,0.465887,-0.057066],"elbow":[228.74,195.447,153.349],"grabAngle":3.14159,"grabStrength":1,"id":239,"palmNormal":[-0.465759,-0.884761,-0.016332],"palmPosition":[-73.0484,298.854,92.2216],"palmVelocity":[-1570.99,1311.93,299.815],"palmWidth":86.0143,"pinchDistance":23.3224,"pinchStrength":1,"r":[[0.98152,-0.1783,-0.0694782],[0.180344,0.983304,0.0242894],[0.0639873,-0.0363705,0.997288]],"s":0.94226,"sphereCenter":[-107.776,273.601,91.1943],"sphereRadius":36.5838,"stabilizedPalmPosition":[-71.2355,297.355,91.8846],"t":[-46.7854,29.134,4.32648],"timeVisible":0.092298,"type":"right","wrist":[-7.05289,270.764,91.106]}],"id":148611,"interactionBox":{"center":[0,200,0],"size":[235.247,235.247,147.751]},"pointables":[{"bases":[[[0.267664,0.877371,-0.398215],[0.506141,0.223643,0.83295],[0.819864,-0.424504,-0.384213]],[[0.0262443,0.961353,-0.274066],[0.241992,0.259896,0.934823],[0.969923,-0.0908554,-0.225818]],[[0.0262443,0.961353,-0.274066],[-0.0702336,0.275256,0.958802],[0.997185,-0.00591451,0.0747432]],[[0.0262443,0.961353,-0.274066],[-0.515959,0.247847,0.819975],[0.856211,0.119887,0.502523]]],"btipPosition":[-127.287,270.147,111.708],"carpPosition":[-29.1175,268.385,114.928],"dipPosition":[-107.856,272.868,123.112],"direction":[-0.997185,0.00591451,-0.0747432],"extended":false,"handId":239,"id":2390,"length":50.5373,"mcpPosition":[-29.1175,268.385,114.928],"pipPosition":[-74.8861,272.673,125.584],"stabilizedTipPosition":[-92.8744,261.931,75.7193],"timeVisible":0.092298,"tipPosition":[-123.634,274.033,112.416],"tipVelocity":[-2340.49,230.242,3736.24],"tool":false,"touchDistance":1,"touchZone":"none","type":0,"width":20.3863},{"bases":[[[-0.0909839,0.0662381,-0.993647],[0.330034,0.943404,0.032669],[0.939574,-0.324965,-0.107695]],[[-0.00881577,0.037687,-0.999251],[0.294434,0.955087,0.0334237],[0.955631,-0.293919,-0.0195162]],[[-0.00881577,0.037687,-0.999251],[-0.955396,0.294679,0.0195428],[0.295195,0.954853,0.0334082]],[[-0.00881577,0.037687,-0.999251],[-0.895984,-0.443998,-0.00884077],[-0.443998,0.895235,0.0376811]]],"btipPosition":[-133.716,286.992,113.937],"carpPosition":[-28.9972,289.359,107.041],"dipPosition":[-141.072,301.824,114.561],"direction":[-0.295195,-0.954853,-0.0334082],"extended":false,"handId":239,"id":2391,"length":57.0257,"mcpPosition":[-94.3414,311.959,114.531],"pipPosition":[-134.154,324.204,115.344],"stabilizedTipPosition":[-132.773,285.287,88.715],"timeVisible":0.092298,"tipPosition":[-138.268,295.504,111.855],"tipVelocity":[21.5709,56.9261,1951.92],"tool":false,"touchDistance":1,"touchZone":"none","type":1,"width":19.473},{"bases":[[[-0.0181282,-0.140079,-0.989974],[0.330449,0.933657,-0.138162],[0.94365,-0.32964,0.0293635]],[[-0.0391159,-0.132711,-0.990383],[-0.588167,0.804308,-0.0845473],[0.807793,0.579203,-0.109518]],[[-0.0391159,-0.132711,-0.990383],[-0.914971,-0.393609,0.0888811],[-0.401619,0.909648,-0.106031]],[[-0.0391159,-0.132711,-0.990383],[0.40089,-0.909961,0.106102],[-0.915291,-0.392884,0.0887967]]],"btipPosition":[-102.276,268.566,100.2],"carpPosition":[-30.037,291.821,95.7123],"dipPosition":[-118.955,261.406,101.818],"direction":[0.401619,-0.909648,0.106031],"extended":false,"handId":239,"id":2392,"length":64.9762,"mcpPosition":[-92.2734,313.562,93.7757],"pipPosition":[-130.03,286.49,98.8946],"stabilizedTipPosition":[-115.642,276.123,81.9445],"timeVisible":0.092298,"tipPosition":[-110.241,269.772,99.457],"tipVelocity":[1415.14,-1508.15,2357.8],"tool":false,"touchDistance":0.50954,"touchZone":"none","type":2,"width":19.1251},{"bases":[[[0.0960765,-0.257043,-0.961612],[0.358222,0.910279,-0.207531],[0.92868,-0.324532,0.179535]],[[0.0402163,-0.237121,-0.970647],[-0.545411,0.808736,-0.220165],[0.837203,0.538256,-0.096804]],[[0.0402163,-0.237121,-0.970647],[-0.921774,-0.383728,0.0555501],[-0.385637,0.892483,-0.234004]],[[0.0402163,-0.237121,-0.970647],[0.384902,-0.892789,0.234048],[-0.922081,-0.383017,0.0553637]]],"btipPosition":[-94.8957,270.114,82.9774],"carpPosition":[-30.6971,291.252,84.1315],"dipPosition":[-111.602,263.175,83.9805],"direction":[0.385637,-0.892483,0.234004],"extended":false,"handId":239,"id":2393,"length":62.4764,"mcpPosition":[-85.6885,310.469,73.5004],"pipPosition":[-121.961,287.149,77.6945],"stabilizedTipPosition":[-99.7192,276.987,57.9745],"timeVisible":0.092298,"tipPosition":[-104.03,271.185,82.5417],"tipVelocity":[676.743,-1497.52,1960.03],"tool":false,"touchDistance":0.333333,"touchZone":"none","type":3,"width":18.1987},{"bases":[[[0.142397,-0.439724,-0.886773],[0.449435,0.826946,-0.337888],[0.881891,-0.350432,0.315382]],[[-0.0257938,-0.366071,-0.930229],[-0.4429,0.838411,-0.317657],[0.8962,0.403805,-0.183759]],[[-0.0257938,-0.366071,-0.930229],[-0.974073,-0.200012,0.10572],[-0.224758,0.908838,-0.351421]],[[-0.0257938,-0.366071,-0.930229],[-0.613247,-0.729083,0.303919],[-0.78947,0.578299,-0.205686]]],"btipPosition":[-92.9931,262.294,72.0446],"carpPosition":[-31.3824,283.834,72.9284],"dipPosition":[-106.189,271.96,68.6067],"direction":[0.224758,-0.908838,0.351421],"extended":false,"handId":239,"id":2394,"length":48.9803,"mcpPosition":[-79.7227,303.043,55.6409],"pipPosition":[-110.451,289.197,61.9416],"stabilizedTipPosition":[-93.736,274.544,65.236],"timeVisible":0.092298,"tipPosition":[-101.249,268.078,69.9638],"tipVelocity":[-129.227,-2416.72,1008.44],"tool":false,"touchDistance":0.333333,"touchZone":"none","type":4,"width":16.1655}],"r":[[0.98152,-0.1783,-0.0694782],[0.180344,0.983304,0.0242894],[0.0639873,-0.0363705,0.997288]],"s":0.94226,"t":[-46.7854,29.134,4.32648],"timestamp":259242992710},{"currentFrameRate":29.1907,"devices":[],"gestures":[],"hands":[{"armBasis":[[0.109065,-0.141855,-0.983861],[0.333635,0.937574,-0.0981966],[0.936372,-0.31754,0.149584]],"armWidth":62.9551,"confidence":0.534512,"direction":[-0.927094,0.348214,-0.138723],"elbow":[205.237,226.869,142.985],"grabAngle":3.14159,"grabStrength":1,"id":239,"palmNormal":[-0.36235,-0.927293,0.0939701],"palmPosition":[-102.282,329.692,102.268],"palmVelocity":[-1397.33,1474.03,480.224],"palmWidth":86.0143,"pinchDistance":20.0531,"pinchStrength":0.690713,"r":[[0.961334,-0.264774,-0.0757153],[0.258374,0.962323,-0.0847189],[0.095294,0.0618803,0.993524]],"s":0.862279,"sphereCenter":[-129.36,295.521,98.0628],"sphereRadius":36.9439,"stabilizedPalmPosition":[-101.05,328.41,101.856],"t":[-73.8477,53.6141,10.9302],"timeVisible":0.113219,"type":"right","wrist":[-33.7579,307.916,104.806]}],"id":148612,"interactionBox":{"center":[0,200,0],"size":[235.247,235.247,147.751]},"pointables":[{"bases":[[[0.181786,0.84206,-0.507827],[0.446668,0.389369,0.80553],[0.876038,-0.373264,-0.305339]],[[-0.190236,0.92108,-0.339737],[0.354593,0.387161,0.8511],[0.915464,0.041442,-0.40026]],[[-0.190236,0.92108,-0.339737],[-0.0284531,0.340738,0.939728],[0.981326,0.188437,-0.0386132]],[[-0.190236,0.92108,-0.339737],[-0.437973,0.230087,0.869045],[0.87863,0.314119,0.359637]]],"btipPosition":[-151.655,292.508,141.841],"carpPosition":[-56.0708,307.823,129.838],"dipPosition":[-131.715,299.637,150.002],"direction":[-0.981326,-0.188437,0.0386132],"extended":false,"handId":239,"id":2390,"length":50.5373,"mcpPosition":[-56.0708,307.823,129.838],"pipPosition":[-99.2696,305.867,148.726],"stabilizedTipPosition":[-117.293,276.447,106.358],"timeVisible":0.113219,"tipPosition":[-148.402,297.247,136.198],"tipVelocity":[-1159.16,1117.29,1404.66],"tool":false,"touchDistance":1,"touchZone":"none","type":0,"width":20.3863},{"bases":[[[-0.061107,-0.0769692,-0.995159],[0.220379,0.971376,-0.088662],[0.973498,-0.22473,-0.0423955]],[[-0.0109997,-0.0884161,-0.996023],[-0.856822,0.51434,-0.0361951],[0.515494,0.853017,-0.0814145]],[[-0.0109997,-0.0884161,-0.996023],[-0.680665,-0.729025,0.0722319],[-0.732512,0.678752,-0.0521627]],[[-0.0109997,-0.0884161,-0.996023],[-0.0975279,-0.991239,0.0890685],[-0.995172,0.0981198,0.00228028]]],"btipPosition":[-113.542,289.996,126.707],"carpPosition":[-58.0196,327.438,119.182],"dipPosition":[-130.03,291.621,126.744],"direction":[0.732512,-0.678752,0.0521627],"extended":false,"handId":239,"id":2391,"length":57.0257,"mcpPosition":[-125.723,343.067,122.13],"pipPosition":[-147.199,307.53,125.522],"stabilizedTipPosition":[-126.078,287.491,105.193],"timeVisible":0.113219,"tipPosition":[-123.521,294.205,125.981],"tipVelocity":[863.901,-1.63018,603.926],"tool":false,"touchDistance":0.945255,"touchZone":"none","type":1,"width":19.473},{"bases":[[[0.03431,-0.271084,-0.961944],[0.228195,0.93921,-0.256538],[0.973011,-0.210709,0.0940844]],[[0.0133157,-0.266476,-0.963749],[-0.869746,0.472434,-0.142645],[0.49332,0.840117,-0.225476]],[[0.0133157,-0.266476,-0.963749],[-0.640097,-0.742735,0.196522],[-0.768179,0.614276,-0.180461]],[[0.0133157,-0.266476,-0.963749],[0.0374322,-0.963026,0.266794],[-0.99921,-0.0396278,-0.0028486]]],"btipPosition":[-106.751,286.653,116.965],"carpPosition":[-58.9107,328.24,107.603],"dipPosition":[-124.959,285.931,116.913],"direction":[0.768179,-0.614276,0.180461],"extended":false,"handId":239,"id":2392,"length":64.9762,"mcpPosition":[-123.084,342.137,101.398],"pipPosition":[-146.141,302.87,111.937],"stabilizedTipPosition":[-112.862,282.249,102.638],"timeVisible":0.113219,"tipPosition":[-118.96,290.045,115.567],"tipVelocity":[-230.693,935.332,782.984],"tool":false,"touchDistance":0.782554,"touchZone":"none","type":2,"width":19.1251},{"bases":[[[0.159822,-0.369162,-0.91552],[0.260964,0.910246,-0.321479],[0.952027,-0.187539,0.241816]],[[0.144249,-0.366049,-0.919348],[-0.841098,0.444079,-0.308786],[0.521294,0.817803,-0.243825]],[[0.144249,-0.366049,-0.919348],[-0.671557,-0.718572,0.180739],[-0.726777,0.591323,-0.349476]],[[0.144249,-0.366049,-0.919348],[0.121773,-0.915436,0.383599],[-0.98202,-0.167285,-0.0874757]]],"btipPosition":[-100.719,288.889,103.413],"carpPosition":[-59.0746,326.07,96.1956],"dipPosition":[-118.511,285.858,101.828],"direction":[0.726776,-0.591323,0.349476],"extended":false,"handId":239,"id":2393,"length":62.4764,"mcpPosition":[-115.448,337.175,81.8766],"pipPosition":[-138.034,301.743,92.4406],"stabilizedTipPosition":[-101.908,281.804,77.352],"timeVisible":0.113219,"tipPosition":[-113.115,291.336,100.609],"tipVelocity":[-290.273,940.403,948.36],"tool":false,"touchDistance":0.550813,"touchZone":"none","type":3,"width":18.1987},{"bases":[[[0.223604,-0.533677,-0.815592],[0.365723,0.821579,-0.437327],[0.903464,-0.200493,0.378886]],[[0.239427,-0.537114,-0.808816],[-0.762935,0.411154,-0.498881],[0.600504,0.73652,-0.311342]],[[0.239427,-0.537114,-0.808816],[-0.766466,-0.615922,0.182128],[-0.595991,0.576324,-0.559147]],[[0.239427,-0.537114,-0.808816],[-0.14524,-0.843486,0.517143],[-0.95999,-0.00634571,-0.279963]]],"btipPosition":[-101.27,292.116,91.2826],"carpPosition":[-58.507,317.205,86.0914],"dipPosition":[-117.316,292.01,86.6032],"direction":[0.595991,-0.576324,0.559147],"extended":false,"handId":239,"id":2394,"length":48.9803,"mcpPosition":[-108.03,328.195,65.323],"pipPosition":[-128.62,302.941,75.9983],"stabilizedTipPosition":[-101.977,287.428,83.5691],"timeVisible":0.113219,"tipPosition":[-113.754,292.541,87.5271],"tipVelocity":[-426.978,1318.03,905.904],"tool":false,"touchDistance":0.336772,"touchZone":"none","type":4,"width":16.1655}],"r":[[0.961334,-0.264774,-0.0757153],[0.258374,0.962323,-0.0847189],[0.095294,0.0618803,0.993524]],"s":0.862279,"t":[-73.8477,53.6141,10.9302],"timestamp":259243013631},{"currentFrameRate":31.0404,"devices":[],"gestures":[],"hands":[{"armBasis":[[0.0557934,-0.0795146,-0.995271],[0.314314,0.947541,-0.0580813],[0.947678,-0.309587,0.0778591]],"armWidth":62.9551,"confidence":0.608574,"direction":[-0.936404,0.344366,-0.0675294],"elbow":[192.513,248.743,130.683],"grabAngle":3.14159,"grabStrength":1,"id":239,"palmNormal":[-0.348154,-0.935782,0.055693],"palmPosition":[-118.147,348.741,113.284],"palmVelocity":[-758.315,910.518,526.561],"palmWidth":86.0143,"pinchDistance":23.4719,"pinchStrength":0.556372,"r":[[0.940044,-0.3299,-0.0865049],[0.3134,0.935623,-0.162448],[0.134528,0.125598,0.982918]],"s":0.812944,"sphereCenter":[-144.534,317.344,115.89],"sphereRadius":35.4714,"stabilizedPalmPosition":[-117.235,347.657,112.675],"t":[-95.3113,75.3785,19.7402],"timeVisible":0.13414,"type":"right","wrist":[-49.3681,327.761,110.811]}],"id":148613,"interactionBox":{"center":[0,200,0],"size":[235.247,235.247,147.751]},"pointables":[{"bases":[[[0.146387,0.873739,-0.463843],[0.485722,0.344993,0.803153],[0.861768,-0.34287,-0.373892]],[[-0.241079,0.936055,-0.256284],[0.448871,0.341674,0.825696],[0.860462,0.0840191,-0.502539]],[[-0.241079,0.936055,-0.256284],[-0.0033492,0.263268,0.964717],[0.9705,0.233431,-0.0603333]],[[-0.241079,0.936055,-0.256284],[-0.399798,0.144838,0.905088],[0.884332,0.320659,0.339316]]],"btipPosition":[-163.079,306.85,154.967],"carpPosition":[-70.3184,325.81,136.959],"dipPosition":[-143.009,314.128,162.667],"direction":[-0.9705,-0.233431,0.0603333],"extended":false,"handId":239,"id":2390,"length":50.5373,"mcpPosition":[-70.3184,325.81,136.959],"pipPosition":[-110.922,321.845,160.672],"stabilizedTipPosition":[-137.081,291.864,130.572],"timeVisible":0.13414,"tipPosition":[-161.417,312.766,149.217],"tipVelocity":[-544.62,687.165,622.342],"tool":false,"touchDistance":1,"touchZone":"none","type":0,"width":20.3863},{"bases":[[[-0.113835,-0.0167678,-0.993358],[0.206271,0.977671,-0.0401409],[0.971851,-0.209471,-0.107834]],[[0.081703,-0.0580887,-0.994962],[-0.921259,0.376498,-0.0976317],[0.380272,0.924595,-0.0227538]],[[0.081703,-0.0580887,-0.994962],[-0.457299,-0.889197,0.014362],[-0.885552,0.453822,-0.099214]],[[0.081703,-0.0580887,-0.994962],[0.106898,-0.992031,0.0666957],[-0.990907,-0.111808,-0.0748424]]],"btipPosition":[-119.278,313.278,139.664],"carpPosition":[-73.0196,346.014,127.651],"dipPosition":[-135.695,311.426,138.424],"direction":[0.885552,-0.453822,0.099214],"extended":false,"handId":239,"id":2391,"length":57.0257,"mcpPosition":[-140.608,360.582,135.151],"pipPosition":[-156.451,322.062,136.099],"stabilizedTipPosition":[-124.523,300.533,122.773],"timeVisible":0.13414,"tipPosition":[-131.133,312.167,137.443],"tipVelocity":[-273.381,1074.64,605.301],"tool":false,"touchDistance":1,"touchZone":"none","type":1,"width":19.473},{"bases":[[[-0.0149728,-0.211336,-0.977299],[0.205343,0.955925,-0.20986],[0.978575,-0.203824,0.0290835]],[[0.0437334,-0.223178,-0.973796],[-0.90728,0.399195,-0.132235],[0.418246,0.889289,-0.185026]],[[0.0437334,-0.223178,-0.973796],[-0.561126,-0.811945,0.160884],[-0.826575,0.539386,-0.16074]],[[0.0437334,-0.223178,-0.973796],[0.153348,-0.961678,0.227287],[-0.987204,-0.15927,-0.00783355]]],"btipPosition":[-117.846,307.417,127.513],"carpPosition":[-74.5396,347.51,116.208],"dipPosition":[-135.836,304.514,127.371],"direction":[0.826575,-0.539386,0.16074],"extended":false,"handId":239,"id":2392,"length":64.9762,"mcpPosition":[-139.079,360.953,114.29],"pipPosition":[-158.628,319.388,122.938],"stabilizedTipPosition":[-118.914,298.504,119.12],"timeVisible":0.13414,"tipPosition":[-130.82,307.803,125.596],"tipVelocity":[-527.948,968.503,503.198],"tool":false,"touchDistance":0.958011,"touchZone":"none","type":2,"width":19.1251},{"bases":[[[0.113759,-0.310483,-0.943747],[0.234839,0.931399,-0.278113],[0.965355,-0.189991,0.178869]],[[0.171441,-0.321317,-0.931323],[-0.872637,0.389253,-0.294934],[0.457288,0.863271,-0.213659]],[[0.171441,-0.321317,-0.931323],[-0.609161,-0.777528,0.15612],[-0.774294,0.540561,-0.329034]],[[0.171441,-0.321317,-0.931323],[-0.117291,-0.945253,0.304531],[-0.978188,0.0570268,-0.199743]]],"btipPosition":[-113.75,304.334,115.836],"carpPosition":[-75.2968,346.04,104.713],"dipPosition":[-131.473,305.367,112.217],"direction":[0.774294,-0.540561,0.329034],"extended":false,"handId":239,"id":2393,"length":62.4764,"mcpPosition":[-132.46,357.29,94.1216],"pipPosition":[-152.272,319.888,103.379],"stabilizedTipPosition":[-109.928,293.274,96.3208],"timeVisible":0.13414,"tipPosition":[-125.836,308.885,111.199],"tipVelocity":[-622.118,782.922,571.439],"tool":false,"touchDistance":0.750064,"touchZone":"none","type":3,"width":18.1987},{"bases":[[[0.184347,-0.479983,-0.85769],[0.334032,0.8513,-0.404612],[0.924359,-0.211907,0.317265]],[[0.310656,-0.504716,-0.805453],[-0.780768,0.347798,-0.519074],[0.54212,0.790125,-0.286021]],[[0.310656,-0.504716,-0.805453],[-0.690777,-0.701959,0.173438],[-0.652932,0.502509,-0.566714]],[[0.310656,-0.504716,-0.805453],[-0.0572136,-0.855772,0.51418],[-0.948799,-0.11365,-0.294727]]],"btipPosition":[-116.205,314.709,102.156],"carpPosition":[-75.1913,337.817,94.0654],"dipPosition":[-132.064,312.81,97.2302],"direction":[0.652932,-0.502509,0.566714],"extended":false,"handId":239,"id":2394,"length":48.9803,"mcpPosition":[-125.859,349.432,76.6748],"pipPosition":[-144.448,322.34,86.4818],"stabilizedTipPosition":[-115.984,308.463,97.2459],"timeVisible":0.13414,"tipPosition":[-128.124,312.769,97.6867],"tipVelocity":[-711.813,1060.21,517.044],"tool":false,"touchDistance":0.517057,"touchZone":"none","type":4,"width":16.1655}],"r":[[0.940044,-0.3299,-0.0865049],[0.3134,0.935623,-0.162448],[0.134528,0.125598,0.982918]],"s":0.812944,"t":[-95.3113,75.3785,19.7402],"timestamp":259243034552},{"currentFrameRate":32.6951,"devices":[],"gestures":[],"hands":[{"armBasis":[[-0.0109288,-0.0600191,-0.998137],[0.308714,0.949232,-0.0604585],[0.951092,-0.308799,0.00815476]],"armWidth":62.9551,"confidence":0.673564,"direction":[-0.959543,0.278715,-0.0399476],"elbow":[180.28,268.916,121.038],"grabAngle":3.14159,"grabStrength":1,"id":239,"palmNormal":[-0.280773,-0.957792,0.0616531],"palmPosition":[-132.264,364.555,123.864],"palmVelocity":[-672.533,753.333,503.99],"palmWidth":86.0143,"pinchDistance":25.5883,"pinchStrength":0.53456,"r":[[0.92453,-0.368729,-0.0963494],[0.340553,0.912795,-0.22545],[0.171077,0.175624,0.969479]],"s":0.783339,"sphereCenter":[-156.465,331.781,128.882],"sphereRadius":35.7096,"stabilizedPalmPosition":[-131.156,363.309,123.039],"t":[-113.102,94.1678,29.435],"timeVisible":0.155132,"type":"right","wrist":[-62.4727,347.732,118.956]}],"id":148614,"interactionBox":{"center":[0,200,0],"size":[235.247,235.247,147.751]},"pointables":[{"bases":[[[0.0723747,0.882743,-0.464249],[0.483078,0.376203,0.790637],[0.872581,-0.281491,-0.399206]],[[-0.330292,0.914575,-0.233368],[0.478324,0.375328,0.793936],[0.813703,0.150605,-0.561431]],[[-0.330292,0.914575,-0.233368],[0.00827038,0.250038,0.968201],[0.943843,0.317858,-0.0901492]],[[-0.330292,0.914575,-0.233368],[-0.349441,0.111192,0.930337],[0.876812,0.388831,0.282864]]],"btipPosition":[-171.816,318.508,169.154],"carpPosition":[-82.3146,344.948,146.1],"dipPosition":[-151.917,327.333,175.574],"direction":[-0.943843,-0.317858,0.0901492],"extended":false,"handId":239,"id":2390,"length":50.5373,"mcpPosition":[-82.3146,344.948,146.1],"pipPosition":[-120.712,337.842,172.593],"stabilizedTipPosition":[-150.573,304.693,148.494],"t