{"frames":330,"data":[{"currentFrameRate":24.8374,"devices":[],"gestures":[],"hands":[],"id":150456,"interactionBox":{"center":[0,200,0],"size":[235.247,235.247,147.751]},"pointables":[],"r":[[-0.440326,-0.881796,0.168963],[0.606955,-0.431023,-0.667701],[0.661603,-0.191453,0.725002]],"s":-0.104574,"t":[559.648,-310.26,373.824],"timestamp":259316762327},{"currentFrameRate":24.8256,"devices":[],"gestures":[],"hands":[],"id":150457,"interactionBox":{"center":[0,200,0],"size":[235.247,235.247,147.751]},"pointables":[],"r":[[-0.440326,-0.881796,0.168963],[0.606955,-0.431023,-0.667701],[0.661603,-0.191453,0.725002]],"s":-0.104574,"t":[559.648,-310.26,373.824],"timestamp":259316802694},{"currentFrameRate":24.8262,"devices":[],"gestures":[],"hands":[],"id":150458,"interactionBox":{"center":[0,200,0],"size":[235.247,235.247,147.751]},"pointables":[],"r":[[-0.440326,-0.881796,0.168963],[0.606955,-0.431023,-0.667701],[0.661603,-0.191453,0.725002]],"s":-0.104574,"t":[559.648,-310.26,373.824],"timestamp":259316842969},{"currentFrameRate":24.7989,"devices":[],"gestures":[],"hands":[],"id":150459,"interactionBox":{"center":[0,200,0],"size":[235.247,235.247,147.751]},"pointables":[],"r":[[-0.440326,-0.881796,0.168963],[0.606955,-0.431023,-0.667701],[0.661603,-0.191453,0.725002]],"s":-0.104574,"t":[559.648,-310.26,373.824],"timestamp":259316883492},{"currentFrameRate":24.833,"devices":[],"gestures":[],"hands":[],"id":150460,"interactionBox":{"center":[0,200,0],"size":[235.247,235.247,147.751]},"pointables":[],"r":[[-0.440326,-0.881796,0.168963],[0.606955,-0.431023,-0.667701],[0.661603,-0.191453,0.725002]],"s":-0.104574,"t":[559.648,-310.26,373.824],"timestamp":259316923513},{"currentFrameRate":24.8388,"devices":[],"gestures":[],"hands":[],"id":150461,"interactionBox":{"center":[0,200,0],"size":[235.247,235.247,147.751]},"pointables":[],"r":[[-0.440326,-0.881796,0.168963],[0.606955,-0.431023,-0.667701],[0.661603,-0.191453,0.725002]],"s":-0.104574,"t":[559.648,-310.26,373.824],"timestamp":259316963731},{"currentFrameRate":24.8315,"devices":[],"gestures":[],"hands":[],"id":150462,"interactionBox":{"center":[0,200,0],"size":[235.247,235.247,147.751]},"pointables":[],"r":[[-0.440326,-0.881796,0.168963],[0.606955,-0.431023,-0.667701],[0.661603,-0.191453,0.725002]],"s":-0.104574,"t":[559.648,-310.26,373.824],"timestamp":259317004055},{"currentFrameRate":24.8285,"devices":[],"gestures":[],"hands":[],"id":150463,"interactionBox":{"center":[0,200,0],"size":[235.247,235.247,147.751]},"pointables":[],"r":[[-0.440326,-0.881796,0.168963],[0.606955,-0.431023,-0.667701],[0.661603,-0.191453,0.725002]],"s":-0.104574,"t":[559.648,-310.26,373.824],"timestamp":259317044353},{"currentFrameRate":24.8112,"devices":[],"gestures":[],"hands":[],"id":150464,"interactionBox":{"center":[0,200,0],"size":[235.247,235.247,147.751]},"pointables":[],"r":[[-0.440326,-0.881796,0.168963],[0.606955,-0.431023,-0.667701],[0.661603,-0.191453,0.725002]],"s":-0.104574,"t":[559.648,-310.26,373.824],"timestamp":259317084783},{"currentFrameRate":24.8362,"devices":[],"gestures":[],"hands":[],"id":150465,"interactionBox":{"center":[0,200,0],"size":[235.247,235.247,147.751]},"pointables":[],"r":[[-0.440326,-0.881796,0.168963],[0.606955,-0.431023,-0.667701],[0.661603,-0.191453,0.725002]],"s":-0.104574,"t":[559.648,-310.26,373.824],"timestamp":259317124865},{"currentFrameRate":24.8081,"devices":[],"gestures":[],"hands":[],"id":150466,"interactionBox":{"center":[0,200,0],"size":[235.247,235.247,147.751]},"pointables":[],"r":[[-0.440326,-0.881796,0.168963],[0.606955,-0.431023,-0.667701],[0.661603,-0.191453,0.725002]],"s":-0.104574,"t":[559.648,-310.26,373.824],"timestamp":259317165379},{"currentFrameRate":24.8196,"devices":[],"gestures":[],"hands":[],"id":150467,"interactionBox":{"center":[0,200,0],"size":[235.247,235.247,147.751]},"pointables":[],"r":[[-0.440326,-0.881796,0.168963],[0.606955,-0.431023,-0.667701],[0.661603,-0.191453,0.725002]],"s":-0.104574,"t":[559.648,-310.26,373.824],"timestamp":259317205586},{"currentFrameRate":24.8155,"devices":[],"gestures":[],"hands":[{"armBasis":[[0.856805,-0.0220173,-0.515171],[0.127206,0.977235,0.169797],[0.499704,-0.211016,0.8401]],"armWidth":60.2356,"confidence":0,"direction":[-0.405642,0.369066,-0.836209],"elbow":[217.762,76.5052,233.604],"grabAngle":3.14159,"grabStrength":1,"id":240,"palmNormal":[-0.19776,-0.928625,-0.313922],"palmPosition":[52.9927,151.633,-38.7334],"palmVelocity":[1.19209e-7,1.19209e-7,1.19209e-7],"palmWidth":86.0143,"pinchDistance":26.124,"pinchStrength":0.478596,"r":[[1,1.11022e-17,4.44089e-17],[-1.11022e-17,1,-9.86076e-34],[-4.44089e-17,4.93038e-34,1]],"s":1,"sphereCenter":[45.022,120.411,-65.6855],"sphereRadius":37.4139,"stabilizedPalmPosition":[52.9927,151.633,-38.7334],"t":[0,0,0],"timeVisible":0,"type":"right","wrist":[90.22,130.364,19.1812]}],"id":150468,"interactionBox":{"center":[0,200,0],"size":[235.247,235.247,147.751]},"pointables":[{"bases":[[[0.45682,0.887301,-0.0633395],[-0.471435,0.301866,0.828629],[0.754364,-0.348674,0.556203]],[[0.121462,0.952865,-0.27802],[-0.547817,0.297925,0.781753],[0.827734,0.0573511,0.558182]],[[0.121462,0.952865,-0.27802],[-0.773967,0.266286,0.574514],[0.621467,0.145397,0.76983]],[[0.121462,0.952865,-0.27802],[-0.930452,0.20685,0.302444],[0.345697,0.221949,0.91172]]],"btipPosition":[-10.556,114.359,-57.71],"carpPosition":[56.1818,126.662,13.6127],"dipPosition":[-2.90783,119.269,-37.5393],"direction":[-0.621467,-0.145397,-0.76983],"extended":false,"handId":240,"id":2400,"length":49.2665,"mcpPosition":[56.1818,126.662,13.6127],"pipPosition":[17.1228,123.955,-12.7268],"stabilizedTipPosition":[-8.79688,115.488,-53.0707],"timeVisible":0,"tipPosition":[-8.79688,115.488,-53.0707],"tipVelocity":[1.19209e-7,1.19209e-7,1.19209e-7],"tool":false,"touchDistance":0.737273,"touchZone":"hovering","type":0,"width":19.1427},{"bases":[[[0.811605,0.0244784,-0.583693],[0.114027,0.973268,0.199366],[0.57297,-0.228363,0.787119]],[[0.834047,0.0152511,-0.551483],[-0.493759,0.466554,-0.733845],[0.246105,0.884361,0.396659]],[[0.834047,0.0152511,-0.551483],[-0.263306,-0.867417,-0.422206],[-0.484804,0.497348,-0.719451]],[[0.834047,0.0152511,-0.551483],[0.0964428,-0.988256,0.118527],[-0.543198,-0.152044,-0.825723]]],"btipPosition":[32.5452,118.327,-33.5477],"carpPosition":[62.5378,147.27,7.52824],"dipPosition":[23.7718,115.871,-46.8842],"direction":[0.484804,-0.497348,0.719451],"extended":false,"handId":240,"id":2401,"length":55.5917,"mcpPosition":[22.6897,163.152,-47.2131],"pipPosition":[12.6947,127.235,-63.3227],"stabilizedTipPosition":[30.5273,117.762,-36.6151],"timeVisible":0,"tipPosition":[30.5273,117.762,-36.6151],"tipVelocity":[1.19209e-7,1.19209e-7,1.19209e-7],"tool":false,"touchDistance":0.333333,"touchZone":"none","type":1,"width":18.2851},{"bases":[[[0.850144,-0.172879,-0.497362],[0.262148,0.958145,0.115048],[0.456655,-0.22819,0.859881]],[[0.821231,-0.158885,-0.548028],[-0.435193,0.446764,-0.781671],[0.369035,0.880431,0.297751]],[[0.821231,-0.158885,-0.548028],[-0.385423,-0.862684,-0.327453],[-0.420748,0.480137,-0.769701]],[[0.821231,-0.158885,-0.548028],[-0.024321,-0.969324,0.244581],[-0.570077,-0.187529,-0.799903]]],"btipPosition":[46.2524,114.603,-34.6884],"carpPosition":[71.7477,149.245,0.68967],"dipPosition":[36.1253,111.271,-48.8982],"direction":[0.420748,-0.480137,0.769701],"extended":false,"handId":240,"id":2402,"length":63.3423,"mcpPosition":[41.63,164.295,-56.0219],"pipPosition":[24.815,124.178,-69.5888],"stabilizedTipPosition":[43.9232,113.837,-37.9567],"timeVisible":0,"tipPosition":[43.9232,113.837,-37.9567],"tipVelocity":[1.19209e-7,1.19209e-7,1.19209e-7],"tool":false,"touchDistance":0.333333,"touchZone":"none","type":2,"width":17.9584},{"bases":[[[0.885881,-0.276309,-0.37265],[0.336641,0.935583,0.106573],[0.319198,-0.21986,0.921832]],[[0.865147,-0.262628,-0.427256],[-0.276987,0.459989,-0.843616],[0.41809,0.848196,0.325213]],[[0.865147,-0.262628,-0.427256],[-0.421711,-0.842049,-0.336323],[-0.271443,0.471147,-0.839249]],[[0.865147,-0.262628,-0.427256],[-0.154004,-0.949883,0.272037],[-0.477288,-0.169553,-0.862234]]],"btipPosition":[60.4197,116.09,-36.7421],"carpPosition":[81.4411,148.24,-5.62693],"dipPosition":[51.9897,113.096,-51.9711],"direction":[0.271443,-0.471147,0.839249],"extended":false,"handId":240,"id":2403,"length":60.9053,"mcpPosition":[62.54,161.258,-60.2129],"pipPosition":[44.8814,125.434,-73.9487],"stabilizedTipPosition":[58.4808,115.402,-40.2448],"timeVisible":0,"tipPosition":[58.4808,115.402,-40.2448],"tipVelocity":[1.19209e-7,1.19209e-7,1.19209e-7],"tool":false,"touchDistance":0.333333,"touchZone":"none","type":3,"width":17.0885},{"bases":[[[0.848989,-0.45066,-0.275906],[0.497199,0.858093,0.128335],[0.178917,-0.246135,0.952579]],[[0.830659,-0.428052,-0.356058],[-0.0921576,0.524971,-0.846116],[0.549101,0.735648,0.396624]],[[0.830659,-0.428052,-0.356058],[-0.550226,-0.728928,-0.407327],[-0.0851834,0.534262,-0.841016]],[[0.830659,-0.428052,-0.356058],[-0.370439,-0.902298,0.220531],[-0.415669,-0.0512886,-0.908069]]],"btipPosition":[71.1525,120.295,-46.1735],"carpPosition":[90.9658,140.435,-11.0472],"dipPosition":[64.3795,119.459,-60.9698],"direction":[0.0851834,-0.534262,0.841016],"extended":false,"handId":240,"id":2404,"length":47.7486,"mcpPosition":[81.1586,153.927,-63.2622],"pipPosition":[62.8045,129.337,-76.5196],"stabilizedTipPosition":[69.5947,120.103,-49.5767],"timeVisible":0,"tipPosition":[69.5947,120.103,-49.5767],"tipVelocity":[1.19209e-7,1.19209e-7,1.19209e-7],"tool":false,"touchDistance":0.333333,"touchZone":"none","type":4,"width":15.1794}],"r":[[1,1.11022e-17,4.44089e-17],[-1.11022e-17,1,-9.86076e-34],[-4.44089e-17,4.93038e-34,1]],"s":1,"t":[0,0,0],"timestamp":259317245913},{"currentFrameRate":24.8392,"devices":[],"gestures":[],"hands":[{"armBasis":[[0.796493,0.158638,-0.583466],[0.0771714,0.930406,0.358314],[0.599703,-0.330421,0.72882]],"armWidth":62.9551,"confidence":0.208095,"direction":[-0.457848,0.436893,-0.774274],"elbow":[228.705,68.3218,206.024],"grabAngle":2.87702,"grabStrength":0.658464,"id":240,"palmNormal":[-0.120613,-0.893392,-0.432786],"palmPosition":[34.5861,178.423,-33.3713],"palmVelocity":[-459.167,668.293,133.763],"palmWidth":86.0143,"pinchDistance":37.0142,"pinchStrength":0.534041,"r":[[0.999824,0.0186016,-0.00247701],[-0.0185287,0.999469,0.0267966],[0.00297415,-0.026746,0.999638]],"s":1.0909,"sphereCenter":[18.2263,145.396,-62.8878],"sphereRadius":41.0386,"stabilizedPalmPosition":[35.3039,177.378,-33.5804],"t":[-9.20331,13.3949,2.68107],"timeVisible":0.040087,"type":"right","wrist":[75.64,152.657,20.0037]}],"id":150469,"interactionBox":{"center":[0,200,0],"size":[235.247,235.247,147.751]},"pointables":[{"bases":[[[0.372975,0.926482,0.0502094],[-0.47625,0.144721,0.867319],[0.796289,-0.3474,0.495214]],[[0.0432735,0.989025,-0.141267],[-0.565557,0.140813,0.812599],[0.823573,0.0447307,0.565444]],[[0.0432735,0.989025,-0.141267],[-0.58962,0.139431,0.795554],[0.80652,0.0488676,0.589183]],[[0.0432735,0.989025,-0.141267],[-0.6641,0.134114,0.735517],[0.746391,0.0619872,0.662615]]],"btipPosition":[-41.1572,142.033,-46.0769],"carpPosition":[41.31,147.166,15.1228],"dipPosition":[-24.2183,143.44,-31.0392],"direction":[-0.80652,-0.0488676,-0.589183],"extended":true,"handId":240,"id":2400,"length":50.5373,"mcpPosition":[41.31,147.166,15.1228],"pipPosition":[2.44734,145.056,-11.5593],"stabilizedTipPosition":[-35.8108,140.988,-43.1509],"timeVisible":0.040087,"tipPosition":[-32.2232,141.043,-46.0519],"tipVelocity":[-710.065,670.258,260.744],"tool":false,"touchDistance":0.853665,"touchZone":"hovering","type":0,"width":20.3863},{"bases":[[[0.87922,-0.329425,-0.344166],[0.420541,0.876111,0.235743],[0.223868,-0.352006,0.908832]],[[0.898812,-0.366904,-0.239832],[0.27094,0.895134,-0.354015],[0.344571,0.253213,0.903966]],[[0.898812,-0.366904,-0.239832],[-0.0562759,0.446025,-0.893249],[0.434708,0.81636,0.380245]],[[0.898812,-0.366904,-0.239832],[-0.275555,-0.0474406,-0.960114],[0.340892,0.929048,-0.143742]]],"btipPosition":[36.0587,146.848,-93.5241],"carpPosition":[74.0871,167.247,-7.90283],"dipPosition":[41.7566,162.376,-95.9267],"direction":[-0.434708,-0.81636,-0.380245],"extended":false,"handId":240,"id":2404,"length":48.9803,"mcpPosition":[61.8159,186.542,-57.7199],"pipPosition":[50.0013,177.86,-88.7149],"stabilizedTipPosition":[47.4142,140.969,-80.2056],"timeVisible":0.040087,"tipPosition":[38.9013,150.406,-89.8044],"tipVelocity":[-803.888,756.274,-1110.09],"tool":false,"touchDistance":-0.395833,"touchZone":"touching","type":4,"width":16.1655},{"bases":[[[0.791433,0.176631,-0.58518],[0.0303875,0.944787,0.326272],[0.6105,-0.276005,0.742369]],[[0.768039,0.186833,-0.612544],[-0.433712,0.855497,-0.282874],[0.471179,0.482926,0.738087]],[[0.768039,0.186833,-0.612544],[-0.527568,-0.357623,-0.77057],[-0.363027,0.914986,-0.176101]],[[0.768039,0.186833,-0.612544],[-0.23423,-0.808269,-0.54022],[-0.596031,0.558386,-0.57702]]],"btipPosition":[1.91957,137.277,-56.9209],"carpPosition":[45.6237,168.898,11.77],"dipPosition":[-7.95542,146.529,-66.4809],"direction":[0.363027,-0.914986,0.176101],"extended":false,"handId":240,"id":2401,"length":57.0257,"mcpPosition":[3.16558,188.093,-39.8592],"pipPosition":[-16.4641,167.974,-70.6084],"stabilizedTipPosition":[3.9751,136.372,-55.9663],"timeVisible":0.040087,"tipPosition":[2.95788,140.085,-54.1415],"tipVelocity":[-770.299,539.9,-561.394],"tool":false,"touchDistance":0.333333,"touchZone":"none","type":1,"width":19.473},{"bases":[[[0.849783,-0.0259512,-0.526493],[0.177147,0.954758,0.238863],[0.496475,-0.296248,0.815935]],[[0.843205,-0.0220675,-0.537138],[-0.411282,0.616952,-0.670982],[0.346195,0.786691,0.511141]],[[0.843205,-0.0220675,-0.537138],[-0.35284,-0.776551,-0.521989],[-0.405596,0.629668,-0.662578]],[[0.843205,-0.0220675,-0.537138],[-0.054068,-0.997572,-0.0438929],[-0.534866,0.0660528,-0.842351]]],"btipPosition":[26.4516,136.808,-38.9402],"carpPosition":[54.4458,172.606,5.14346],"dipPosition":[16.705,138.011,-54.29],"direction":[0.405596,-0.629668,0.662578],"extended":false,"handId":240,"id":2402,"length":64.9762,"mcpPosition":[21.7019,192.144,-48.6698],"pipPosition":[5.52075,155.374,-72.5605],"stabilizedTipPosition":[24.9519,136.21,-42.3007],"timeVisible":0.040087,"tipPosition":[27.1912,139.011,-39.4002],"tipVelocity":[-491.762,579.938,-112.605],"tool":false,"touchDistance":0.333333,"touchZone":"none","type":2,"width":19.1251},{"bases":[[[0.897793,-0.141163,-0.417181],[0.253144,0.940534,0.226525],[0.360396,-0.30898,0.88014]],[[0.915847,-0.157548,-0.369328],[-0.194104,0.631476,-0.750707],[0.351494,0.759221,0.547755]],[[0.915847,-0.157548,-0.369328],[-0.353937,-0.751121,-0.557267],[-0.189614,0.64109,-0.743673]],[[0.915847,-0.157548,-0.369328],[-0.18242,-0.982661,-0.0331763],[-0.357698,0.0977572,-0.928707]]],"btipPosition":[39.0367,139.758,-40.4162],"carpPosition":[64.0319,173.348,-1.37033],"dipPosition":[32.556,141.529,-57.2424],"direction":[0.189614,-0.64109,0.743673],"extended":false,"handId":240,"id":2403,"length":62.4764,"mcpPosition":[42.6912,191.644,-53.4875],"pipPosition":[27.4624,158.751,-77.2194],"stabilizedTipPosition":[38.3001,139.273,-44.1406],"timeVisible":0.040087,"tipPosition":[41.0328,142.114,-41.5516],"tipVelocity":[-522.231,617.749,-100.816],"tool":false,"touchDistance":0.333333,"touchZone":"none","type":3,"width":18.1987}],"r":[[0.999824,0.0186016,-0.00247701],[-0.0185287,0.999469,0.0267966],[0.00297415,-0.026746,0.999638]],"s":1.0909,"t":[-9.20331,13.3949,2.68107],"timestamp":259317286000},{"currentFrameRate":24.6574,"devices":[],"gestures":[],"hands":[{"armBasis":[[0.749259,0.206708,-0.629193],[0.113217,0.896081,0.42921],[0.652529,-0.392825,0.647993]],"armWidth":62.9551,"confidence":0.406832,"direction":[-0.541561,0.373107,-0.753328],"elbow":[227.174,78.639,178.67],"grabAngle":3.02239,"grabStrength":0.522503,"id":240,"palmNormal":[-0.0860766,-0.916014,-0.391802],"palmPosition":[14.3756,200.988,-37.319],"palmVelocity":[-482.57,538.802,-94.2609],"palmWidth":86.0143,"pinchDistance":37.0337,"pinchStrength":0.399267,"r":[[0.998699,0.0474079,-0.018809],[-0.0465928,0.998046,0.0416378],[0.0207462,-0.0407073,0.998956]],"s":1.14182,"sphereCenter":[1.79295,166.211,-65.8603],"sphereRadius":40.7018,"stabilizedPalmPosition":[14.4743,200.877,-37.3014],"t":[-23.9102,31.3752,2.04774],"timeVisible":0.081968,"type":"right","wrist":[60.6254,178.902,13.2795]}],"id":150470,"interactionBox":{"center":[0,200,0],"size":[235.247,235.247,147.751]},"pointables":[{"bases":[[[0.307815,0.951403,-0.00910432],[-0.423157,0.145465,0.894303],[0.852167,-0.271428,0.447369]],[[-0.0731683,0.978318,-0.193752],[-0.463953,0.138582,0.874953],[0.882833,0.153911,0.443753]],[[-0.0731683,0.978318,-0.193752],[-0.580082,0.116284,0.806215],[0.811265,0.171382,0.558997]],[[-0.0731683,0.978318,-0.193752],[-0.731637,0.0793697,0.677058],[0.677756,0.191295,0.709967]]],"btipPosition":[-57.1278,154.945,-43.9327],"carpPosition":[26.7351,172.215,11.6013],"dipPosition":[-41.7465,159.286,-27.8204],"direction":[-0.811265,-0.171382,-0.558997],"extended":true,"handId":240,"id":2400,"length":50.5373,"mcpPosition":[26.7351,172.215,11.6013],"pipPosition":[-14.924,164.952,-9.33851],"stabilizedTipPosition":[-53.4829,155.853,-40.2445],"timeVisible":0.081968,"tipPosition":[-51.0526,157.978,-42.9677],"tipVelocity":[-389.886,324.41,57.1],"tool":false,"touchDistance":0.837503,"touchZone":"hovering","type":0,"width":20.3863},{"bases":[[[0.874247,-0.280924,-0.395947],[0.371841,0.911828,0.174082],[0.312132,-0.29942,0.901622]],[[0.901463,-0.309925,-0.302177],[0.158415,0.885888,-0.436013],[0.402826,0.345181,0.847692]],[[0.901463,-0.309925,-0.302177],[-0.14387,0.443882,-0.884461],[0.408247,0.840783,0.355554]],[[0.901463,-0.309925,-0.302177],[-0.368329,-0.182529,-0.911601],[0.227372,0.933076,-0.278697]]],"btipPosition":[13.8107,166.632,-95.008],"carpPosition":[56.2754,193.597,-14.4355],"dipPosition":[17.6112,182.228,-99.6663],"direction":[-0.408247,-0.840783,-0.355554],"extended":false,"handId":240,"id":2404,"length":48.9803,"mcpPosition":[39.1661,210.01,-63.8573],"pipPosition":[25.354,198.174,-92.9228],"stabilizedTipPosition":[16.4167,168.671,-95.2395],"timeVisible":0.081968,"tipPosition":[16.5589,171.061,-93.159],"tipVelocity":[-541.64,472.761,-47.82],"tool":false,"touchDistance":-0.414625,"touchZone":"touching","type":4,"width":16.1655},{"bases":[[[0.733443,0.207894,-0.64718],[-0.0148986,0.956771,0.29046],[0.679588,-0.203394,0.704834]],[[0.741371,0.205492,-0.63886],[-0.598238,0.633745,-0.490385],[0.304104,0.745748,0.592774]],[[0.741371,0.205492,-0.63886],[-0.321821,-0.726504,-0.607143],[-0.588897,0.655717,-0.472478]],[[0.741371,0.205492,-0.63886],[0.081934,-0.97256,-0.217746],[-0.666074,0.109087,-0.737865]]],"btipPosition":[-5.87028,159.945,-43.2192],"carpPosition":[29.2238,194.044,7.19613],"dipPosition":[-16.9057,161.753,-55.444],"direction":[0.588897,-0.655717,0.472478],"extended":false,"handId":240,"id":2401,"length":57.0257,"mcpPosition":[-18.0392,208.19,-41.8227],"pipPosition":[-30.7083,177.121,-66.518],"stabilizedTipPosition":[-7.16484,157.952,-47.0286],"timeVisible":0.081968,"tipPosition":[-11.0958,160.141,-49.074],"tipVelocity":[-192.373,500.366,312.523],"tool":false,"touchDistance":0.333333,"touchZone":"none","type":1,"width":19.473},{"bases":[[[0.810236,0.0123308,-0.585974],[0.124237,0.973446,0.192269],[0.572786,-0.228583,0.787189]],[[0.774431,0.0260153,-0.632123],[-0.543021,0.540019,-0.643046],[0.324629,0.841251,0.432334]],[[0.774431,0.0260153,-0.632123],[-0.353671,-0.810648,-0.466655],[-0.524569,0.584956,-0.61859]],[[0.774431,0.0260153,-0.632123],[0.0408377,-0.999126,0.00891182],[-0.631339,-0.032716,-0.774817]]],"btipPosition":[10.2864,158.313,-41.129],"carpPosition":[37.2668,198.091,-0.181071],"dipPosition":[-1.21826,157.717,-55.2482],"direction":[0.524569,-0.584956,0.61859],"extended":false,"handId":240,"id":2402,"length":64.9762,"mcpPosition":[-0.509994,213.167,-52.0984],"pipPosition":[-15.6832,173.847,-72.3057],"stabilizedTipPosition":[7.70703,158.091,-44.3684],"timeVisible":0.081968,"tipPosition":[9.28053,160.712,-41.6848],"tipVelocity":[-395.635,503.597,-45.505],"tool":false,"touchDistance":0.333333,"touchZone":"none","type":2,"width":19.1251},{"bases":[[[0.874008,-0.0948593,-0.476562],[0.200003,0.964057,0.174908],[0.442841,-0.248185,0.861566]],[[0.860055,-0.087224,-0.50269],[-0.367578,0.577359,-0.72907],[0.353825,0.811818,0.464499]],[[0.860055,-0.087224,-0.50269],[-0.3716,-0.782219,-0.500046],[-0.349598,0.616867,-0.705164]],[[0.860055,-0.087224,-0.50269],[-0.0770647,-0.996183,0.0410017],[-0.504348,0.00347596,-0.863494]]],"btipPosition":[23.2681,162.129,-43.9544],"carpPosition":[46.2917,199.239,-7.39961],"dipPosition":[14.1304,162.192,-59.5991],"direction":[0.349598,-0.616867,0.705164],"extended":false,"handId":240,"id":2403,"length":62.4764,"mcpPosition":[20.069,213.936,-58.4169],"pipPosition":[4.73925,178.763,-78.5417],"stabilizedTipPosition":[21.2378,162.048,-47.5385],"timeVisible":0.081968,"tipPosition":[22.6288,164.583,-45.0408],"tipVelocity":[-391.101,524.78,-77.9956],"tool":false,"touchDistance":0.333333,"touchZone":"none","type":3,"width":18.1987}],"r":[[0.998699,0.0474079,-0.018809],[-0.0465928,0.998046,0.0416378],[0.0207462,-0.0407073,0.998956]],"s":1.14182,"t":[-23.9102,31.3752,2.04774],"timestamp":259317327881},{"currentFrameRate":28.4789,"devices":[],"gestures":[],"hands":[{"armBasis":[[0.731968,0.219993,-0.644846],[0.123957,0.887646,0.443531],[0.669968,-0.404584,0.622458]],"armWidth":62.9551,"confidence":0.445333,"direction":[-0.55741,0.378551,-0.738913],"elbow":[226.828,79.8384,170.584],"grabAngle":3.00965,"grabStrength":0.627196,"id":240,"palmNormal":[-0.0902302,-0.912352,-0.399339],"palmPosition":[8.48576,205.599,-37.6747],"palmVelocity":[-659.404,516.251,-39.8218],"palmWidth":86.0143,"pinchDistance":36.7941,"pinchStrength":0.397098,"r":[[0.996822,0.0714214,-0.0352796],[-0.0693792,0.996014,0.0560676],[0.0391434,-0.0534418,0.997803]],"s":1.17692,"sphereCenter":[-4.123,171.129,-66.613],"sphereRadius":40.7343,"stabilizedPalmPosition":[10.2089,204.241,-37.5673],"t":[-34.2086,42.6709,1.55323],"timeVisible":0.0909,"type":"right","wrist":[55.8288,183.103,11.7105]}],"id":150471,"interactionBox":{"center":[0,200,0],"size":[235.247,235.247,147.751]},"pointables":[{"bases":[[[0.304042,0.952643,-0.00539188],[-0.406323,0.134795,0.903732],[0.861661,-0.272582,0.428064]],[[-0.0874036,0.97879,-0.185288],[-0.45164,0.12685,0.883137],[0.887909,0.160873,0.430974]],[[-0.0874036,0.97879,-0.185288],[-0.565903,0.104287,0.81785],[0.819826,0.176338,0.544785]],[[-0.0874036,0.97879,-0.185288],[-0.728713,0.0639984,0.681822],[0.679218,0.194615,0.707663]]],"btipPosition":[-62.5228,158.546,-43.7052],"carpPosition":[21.8959,176.384,10.7036],"dipPosition":[-47.1082,162.962,-27.6451],"direction":[-0.819826,-0.176338,-0.544785],"extended":true,"handId":240,"id":2400,"length":50.5373,"mcpPosition":[21.8959,176.384,10.7036],"pipPosition":[-20.0027,168.793,-9.63315],"stabilizedTipPosition":[-57.3119,158.437,-40.082],"timeVisible":0.0909,"tipPosition":[-56.9966,162.233,-42.3564],"tipVelocity":[-603.149,405.081,24.1264],"tool":false,"touchDistance":0.790319,"touchZone":"hovering","type":0,"width":20.3863},{"bases":[[[0.867466,-0.273499,-0.415574],[0.371745,0.911477,0.176113],[0.330619,-0.30726,0.892346]],[[0.890148,-0.296129,-0.346331],[0.145567,0.905018,-0.399691],[0.431796,0.30537,0.848706]],[[0.890148,-0.296129,-0.346331],[-0.198679,0.431769,-0.879831],[0.410078,0.851988,0.325504]],[[0.890148,-0.296129,-0.346331],[-0.396893,-0.130472,-0.908544],[0.223859,0.946195,-0.233671]]],"btipPosition":[6.40008,172.54,-95.9617],"carpPosition":[50.8474,198.142,-15.6802],"dipPosition":[10.1418,188.355,-99.8674],"direction":[-0.410078,-0.851988,-0.325504],"extended":false,"handId":240,"id":2404,"length":48.9803,"mcpPosition":[32.7248,214.985,-64.5936],"pipPosition":[17.9194,204.514,-93.6939],"stabilizedTipPosition":[11.7358,172.509,-96.068],"timeVisible":0.0909,"tipPosition":[9.55988,176.241,-94.0204],"tipVelocity":[-831.187,667.101,-87.3949],"tool":false,"touchDistance":-0.413205,"touchZone":"touching","type":4,"width":16.1655},{"bases":[[[0.720013,0.217269,-0.659072],[-0.0128367,0.953732,0.300383],[0.693842,-0.20782,0.689488]],[[0.722196,0.216613,-0.656895],[-0.620996,0.621308,-0.47785],[0.304626,0.75303,0.583222]],[[0.722196,0.216613,-0.656895],[-0.336685,-0.719508,-0.607414],[-0.604215,0.659839,-0.446695]],[[0.722196,0.216613,-0.656895],[0.0708518,-0.96787,-0.241263],[-0.68805,0.127697,-0.714339]]],"btipPosition":[-11.1663,163.766,-43.4713],"carpPosition":[24.2178,198.266,6.47287],"dipPosition":[-22.5658,165.882,-55.3064],"direction":[0.604215,-0.659839,0.446695],"extended":false,"handId":240,"id":2401,"length":57.0257,"mcpPosition":[-24.0365,212.719,-41.4787],"pipPosition":[-36.7275,181.347,-65.7761],"stabilizedTipPosition":[-10.0638,160.71,-46.6631],"timeVisible":0.0909,"tipPosition":[-16.8708,164.744,-49.1707],"tipVelocity":[-602.298,435.716,-18.1947],"tool":false,"touchDistance":0.333333,"touchZone":"none","type":1,"width":19.473},{"bases":[[[0.798702,0.0214017,-0.601346],[0.124311,0.97194,0.1997],[0.588746,-0.234255,0.773629]],[[0.761961,0.0354101,-0.646654],[-0.556578,0.546316,-0.625907],[0.331114,0.83683,0.43598]],[[0.761961,0.0354101,-0.646654],[-0.360196,-0.806646,-0.468595],[-0.538214,0.589973,-0.601878]],[[0.761961,0.0354101,-0.646654],[0.0489748,-0.998795,0.00301467],[-0.645769,-0.0339668,-0.762777]]],"btipPosition":[4.40449,163.105,-41.921],"carpPosition":[32.1015,202.418,-1.01674],"dipPosition":[-7.36311,162.486,-55.8208],"direction":[0.538214,-0.589973,0.601878],"extended":false,"handId":240,"id":2402,"length":64.9762,"mcpPosition":[-6.72798,217.868,-52.0398],"pipPosition":[-22.2043,178.754,-72.4175],"stabilizedTipPosition":[3.36328,161.613,-44.9103],"timeVisible":0.0909,"tipPosition":[3.43723,165.323,-42.3809],"tipVelocity":[-665.291,535.92,-83.0206],"tool":false,"touchDistance":0.333333,"touchZone":"none","type":2,"width":19.1251},{"bases":[[[0.864976,-0.0866343,-0.494278],[0.199762,0.963022,0.180786],[0.460338,-0.255113,0.850298]],[[0.847602,-0.077267,-0.524977],[-0.385847,0.589422,-0.709721],[0.364271,0.804122,0.469782]],[[0.847602,-0.077267,-0.524977],[-0.382082,-0.775397,-0.502766],[-0.368219,0.626729,-0.68675]],[[0.847602,-0.077267,-0.524977],[-0.0721779,-0.996935,0.0301958],[-0.525701,0.0122978,-0.85058]]],"btipPosition":[17.3556,166.883,-45.2412],"carpPosition":[40.9808,203.674,-8.39609],"dipPosition":[7.83097,167.106,-60.6519],"direction":[0.368219,-0.626729,0.68675],"extended":false,"handId":240,"id":2403,"length":62.4764,"mcpPosition":[13.722,218.781,-58.7461],"pipPosition":[-2.06036,183.941,-79.0998],"stabilizedTipPosition":[16.8998,165.538,-48.4294],"timeVisible":0.0909,"tipPosition":[16.6868,169.251,-45.9906],"tipVelocity":[-671.911,536.341,-138.035],"tool":false,"touchDistance":0.333333,"touchZone":"none","type":3,"width":18.1987}],"r":[[0.996822,0.0714214,-0.0352796],[-0.0693792,0.996014,0.0560676],[0.0391434,-0.0534418,0.997803]],"s":1.17692,"t":[-34.2086,42.6709,1.55323],"timestamp":259317336813},{"currentFrameRate":31.9093,"devices":[],"gestures":[],"hands":[{"armBasis":[[0.714835,0.252702,-0.652037],[0.121169,0.873559,0.471394],[0.688715,-0.415976,0.593831]],"armWidth":62.9551,"confidence":0.488275,"direction":[-0.574399,0.390927,-0.719195],"elbow":[226.883,81.6093,161.874],"grabAngle":3.02544,"grabStrength":0.66725,"id":240,"palmNormal":[-0.082799,-0.901834,-0.424074],"palmPosition":[2.62774,210.996,-37.6261],"palmVelocity":[-561.813,517.571,4.66047],"palmWidth":86.0143,"pinchDistance":36.471,"pinchStrength":0.354497,"r":[[0.994275,0.094022,-0.050758],[-0.090149,0.993187,0.073848],[0.0573555,-0.0688494,0.995977]],"s":1.20482,"sphereCenter":[-10.3651,177.435,-66.8189],"sphereRadius":40.6222,"stabilizedPalmPosition":[4.15789,209.633,-37.6142],"t":[-42.2868,51.0171,1.33027],"timeVisible":0.101327,"type":"right","wrist":[51.0989,187.781,10.3073]}],"id":150472,"interactionBox":{"center":[0,200,0],"size":[235.247,235.247,147.751]},"pointables":[{"bases":[[[0.289677,0.956965,0.0174934],[-0.39421,0.102634,0.913272],[0.872173,-0.27145,0.406975]],[[-0.105615,0.982101,-0.155958],[-0.429025,0.0964849,0.898125],[0.897097,0.161765,0.411156]],[[-0.105615,0.982101,-0.155958],[-0.552436,0.0724586,0.8304],[0.826837,0.173859,0.534895]],[[-0.105615,0.982101,-0.155958],[-0.718625,0.0330237,0.694613],[0.687331,0.185436,0.702275]]],"btipPosition":[-68.0465,163.028,-43.3426],"carpPosition":[17.2216,180.618,9.68176],"dipPosition":[-52.4479,167.236,-27.4048],"direction":[-0.826837,-0.173859,-0.534895],"extended":true,"handId":240,"id":2400,"length":50.5373,"mcpPosition":[17.2216,180.618,9.68176],"pipPosition":[-25.1106,172.985,-9.71982],"stabilizedTipPosition":[-62.9199,162.799,-39.7641],"timeVisible":0.101327,"tipPosition":[-62.358,166.664,-42.4456],"tipVelocity":[-525.698,425.288,32.0763],"tool":false,"touchDistance":0.749637,"touchZone":"hovering","type":0,"width":20.3863},{"bases":[[[0.864893,-0.248146,-0.43633],[0.360796,0.911667,0.196694],[0.348979,-0.327545,0.878025]],[[0.887547,-0.27084,-0.372701],[0.124295,0.919726,-0.372365],[0.443634,0.284166,0.849964]],[[0.887547,-0.27084,-0.372701],[-0.231786,0.43663,-0.869269],[0.398165,0.857904,0.324753]],[[0.887547,-0.27084,-0.372701],[-0.404948,-0.0727981,-0.911437],[0.219721,0.959868,-0.174288]]],"btipPosition":[-0.132246,179.46,-97.0154],"carpPosition":[45.4323,203.565,-16.4975],"dipPosition":[3.54029,195.504,-99.9286],"direction":[-0.398165,-0.857904,-0.324753],"extended":false,"handId":240,"id":2404,"length":48.9803,"mcpPosition":[26.3032,221.519,-64.6258],"pipPosition":[11.092,211.775,-93.7693],"stabilizedTipPosition":[4.9304,179.078,-97.0666],"timeVisible":0.101327,"tipPosition":[3.22284,183.28,-94.8521],"tipVelocity":[-628.007,668.726,-79.1616],"tool":false,"touchDistance":-0.412599,"touchZone":"touching","type":4,"width":16.1655},{"bases":[[[0.706374,0.247064,-0.663322],[-0.0223975,0.94444,0.327919],[0.707485,-0.216777,0.672661]],[[0.707224,0.246803,-0.662512],[-0.651266,0.592077,-0.474655],[0.275112,0.767159,0.579465]],[[0.707224,0.246803,-0.662512],[-0.30469,-0.739199,-0.600624],[-0.637964,0.626636,-0.447581]],[[0.707224,0.246803,-0.662512],[0.11926,-0.965307,-0.232293],[-0.696858,0.0852716,-0.712122]]],"btipPosition":[-15.0155,169.661,-42.5842],"carpPosition":[19.1509,202.645,6.04923],"dipPosition":[-26.561,171.074,-54.3825],"direction":[0.637964,-0.626637,0.447581],"extended":false,"handId":240,"id":2401,"length":57.0257,"mcpPosition":[-30.0523,217.721,-40.732],"pipPosition":[-41.5136,185.761,-64.873],"stabilizedTipPosition":[-14.2049,165.759,-45.9198],"timeVisible":0.101327,"tipPosition":[-21.6773,170.086,-49.2979],"tipVelocity":[-372.378,549.835,85.8937],"tool":false,"touchDistance":0.333333,"touchZone":"none","type":1,"width":19.473},{"bases":[[[0.788862,0.0508568,-0.612462],[0.112884,0.967624,0.225745],[0.604114,-0.247219,0.757581]],[[0.751217,0.0655895,-0.656788],[-0.579476,0.54197,-0.608667],[0.316037,0.837835,0.445145]],[[0.751217,0.0655895,-0.656788],[-0.342834,-0.811528,-0.473167],[-0.564037,0.580621,-0.587148]],[[0.751217,0.0655895,-0.656788],[0.0802795,-0.996743,-0.00771707],[-0.655155,-0.0469294,-0.754036]]],"btipPosition":[-0.268214,169.12,-42.2753],"carpPosition":[26.8546,207.131,-1.43564],"dipPosition":[-12.2068,168.264,-56.0158],"direction":[0.564037,-0.580621,0.587148],"extended":false,"handId":240,"id":2402,"length":64.9762,"mcpPosition":[-12.9885,223.435,-51.4003],"pipPosition":[-27.76,184.275,-72.2063],"stabilizedTipPosition":[-1.78006,167.508,-45.334],"timeVisible":0.101327,"tipPosition":[-1.96682,170.672,-43.55],"tipVelocity":[-451.908,571.626,-30.466],"tool":false,"touchDistance":0.333333,"touchZone":"none","type":2,"width":19.1251},{"bases":[[[0.858395,-0.0591671,-0.509566],[0.188156,0.960411,0.205445],[0.477237,-0.272231,0.835545]],[[0.842875,-0.0505293,-0.535732],[-0.405391,0.595074,-0.693934],[0.353864,0.802081,0.481089]],[[0.842875,-0.0505293,-0.535732],[-0.368355,-0.779937,-0.505977],[-0.39227,0.623815,-0.676002]],[[0.842875,-0.0505293,-0.535732],[-0.04577,-0.998706,0.0221856],[-0.536159,0.00582079,-0.844097]]],"btipPosition":[12.2591,173.24,-45.7764],"carpPosition":[35.5984,208.734,-8.90883],"dipPosition":[2.54499,173.345,-61.0697],"direction":[0.39227,-0.623815,0.676002],"extended":false,"handId":240,"id":2403,"length":62.4764,"mcpPosition":[7.33904,224.854,-58.3853],"pipPosition":[-7.99243,190.103,-79.2289],"stabilizedTipPosition":[11.4078,171.71,-49.12],"timeVisible":0.101327,"tipPosition":[11.1728,174.933,-47.2302],"tipVelocity":[-492.96,607.076,-48.7418],"tool":false,"touchDistance":0.333333,"touchZone":"none","type":3,"width":18.1987}],"r":[[0.994275,0.094022,-0.050758],[-0.090149,0.993187,0.073848],[0.0573555,-0.0688494,0.995977]],"s":1.20482,"t":[-42.2868,51.0171,1.33027],"timestamp":259317347240},{"currentFrameRate":35.1436,"devices":[],"gestures":[],"hands":[{"armBasis":[[0.698791,0.272155,-0.661531],[0.123498,0.86501,0.48632],[0.704585,-0.421533,0.57085]],"armWidth":62.9551,"confidence":0.529451,"direction":[-0.588704,0.395162,-0.705177],"elbow":[227.001,85.0553,155.654],"grabAngle":3.03675,"grabStrength":0.702206,"id":240,"palmNormal":[-0.0802549,-0.89663,-0.435447],"palmPosition":[-2.26661,216.088,-36.8703],"palmVelocity":[-463.831,482.546,71.6307],"palmWidth":86.0143,"pinchDistance":35.7237,"pinchStrength":0.316597,"r":[[0.991281,0.114369,-0.0654362],[-0.108181,0.989924,0.091359],[0.0752255,-0.0834835,0.993666]],"s":1.2256,"sphereCenter":[-15.9247,183.022,-65.7035],"sphereRadius":40.3992,"stabilizedPalmPosition":[-1.15436,214.97,-36.9991],"t":[-48.773,57.7361,1.59671],"timeVisible":0.111879,"type":"right","wrist":[47.166,192.645,9.95325]}],"id":150473,"interactionBox":{"center":[0,200,0],"size":[235.247,235.247,147.751]},"pointables":[{"bases":[[[0.280577,0.95946,0.026706],[-0.381698,0.0860055,0.920277],[0.880672,-0.268402,0.390355]],[[-0.118986,0.982805,-0.1412],[-0.408503,0.0811604,0.909142],[0.904968,0.165856,0.391822]],[[-0.118986,0.982805,-0.1412],[-0.537508,0.055811,0.84141],[0.834822,0.176012,0.521625]],[[-0.118986,0.982805,-0.1412],[-0.703103,0.0170103,0.710885],[0.701063,0.183863,0.688988]]],"btipPosition":[-72.898,167.383,-41.5834],"carpPosition":[13.3172,185.202,9.78829],"dipPosition":[-56.9877,171.556,-25.9472],"direction":[-0.834822,-0.176012,-0.521625],"extended":true,"handId":240,"id":2400,"length":50.5373,"mcpPosition":[13.3172,185.202,9.78829],"pipPosition":[-29.3864,177.375,-8.70096],"stabilizedTipPosition":[-67.9803,167.239,-38.341],"timeVisible":0.111879,"tipPosition":[-66.9875,171.056,-41.2119],"tipVelocity":[-452.969,411.945,160.141],"tool":false,"touchDistance":0.733354,"touchZone":"hovering","type":0,"width":20.3863},{"bases":[[[0.860748,-0.23345,-0.452344],[0.354765,0.912385,0.204196],[0.365042,-0.336237,0.868153]],[[0.883241,-0.255421,-0.39325],[0.100276,0.922111,-0.373705],[0.458073,0.290638,0.840059]],[[0.883241,-0.255421,-0.39325],[-0.267018,0.41543,-0.869551],[0.38547,0.873028,0.298722]],[[0.883241,-0.255421,-0.39325],[-0.415473,-0.0374399,-0.908835],[0.217413,0.966105,-0.139189]]],"btipPosition":[-5.74599,184.548,-96.205],"carpPosition":[40.9147,208.789,-16.4748],"dipPosition":[-2.11203,200.696,-98.5315],"direction":[-0.38547,-0.873028,-0.298722],"extended":false,"handId":240,"id":2404,"length":48.9803,"mcpPosition":[20.9052,227.22,-64.062],"pipPosition":[5.19886,217.254,-92.8658],"stabilizedTipPosition":[-1.62685,185.198,-96.849],"timeVisible":0.111879,"tipPosition":[-2.4071,189.121,-94.6201],"tipVelocity":[-532.848,484.448,89.5931],"tool":false,"touchDistance":-0.385491,"touchZone":"touching","type":4,"width":16.1655},{"bases":[[[0.694091,0.263268,-0.67002],[-0.0267558,0.939521,0.341445],[0.71939,-0.219067,0.659157]],[[0.695026,0.262983,-0.669162],[-0.673193,0.564866,-0.477218],[0.252487,0.782155,0.569636]],[[0.695026,0.262983,-0.669162],[-0.278349,-0.75971,-0.587676],[-0.662918,0.594711,-0.454817]],[[0.695026,0.262983,-0.669162],[0.159083,-0.963886,-0.213579],[-0.701164,0.0419905,-0.711763]]],"btipPosition":[-18.4171,175.311,-40.6833],"carpPosition":[14.9784,207.295,6.43776],"dipPosition":[-30.034,176.007,-52.4757],"direction":[0.662918,-0.594711,0.454817],"extended":false,"handId":240,"id":2401,"length":57.0257,"mcpPosition":[-35.0527,222.531,-39.4043],"pipPosition":[-45.5715,189.945,-63.1357],"stabilizedTipPosition":[-18.226,171.432,-44.4454],"timeVisible":0.111879,"tipPosition":[-25.745,175.146,-48.1504],"tipVelocity":[-323.927,519.808,180.274],"tool":false,"touchDistance":0.333333,"touchZone":"none","type":1,"width":19.473},{"bases":[[[0.779225,0.0672025,-0.623131],[0.106774,0.965466,0.237643],[0.617582,-0.251712,0.74514]],[[0.74079,0.0821752,-0.666691],[-0.596829,0.535971,-0.597101],[0.30826,0.840227,0.446087]],[[0.74079,0.0821752,-0.666691],[-0.333952,-0.816096,-0.47166],[-0.582843,0.572044,-0.577113]],[[0.74079,0.0821752,-0.666691],[0.098232,-0.995072,-0.013501],[-0.664515,-0.055489,-0.745212]]],"btipPosition":[-4.43139,174.527,-41.5956],"carpPosition":[22.527,211.961,-1.09496],"dipPosition":[-16.5406,173.515,-55.1754],"direction":[0.582843,-0.572044,0.577113],"extended":false,"handId":240,"id":2402,"length":64.9762,"mcpPosition":[-18.2043,228.562,-50.239],"pipPosition":[-32.6124,189.289,-71.0891],"stabilizedTipPosition":[-6.31513,173.169,-44.8209],"timeVisible":0.111879,"tipPosition":[-6.58285,175.744,-43.3518],"tipVelocity":[-398.257,509.013,67.9184],"tool":false,"touchDistance":0.333333,"touchZone":"none","type":2,"width":19.1251},{"bases":[[[0.851333,-0.0435449,-0.522815],[0.181806,0.959284,0.216149],[0.492116,-0.279066,0.824587]],[[0.836563,-0.0353577,-0.546728],[-0.421873,0.595113,-0.684006],[0.34955,0.802864,0.482933]],[[0.836563,-0.0353577,-0.546728],[-0.362696,-0.783673,-0.50429],[-0.410625,0.620166,-0.668417]],[[0.836563,-0.0353577,-0.546728],[-0.0301304,-0.999374,0.0185277],[-0.547041,0.000973559,-0.837105]]],"btipPosition":[7.80058,178.817,-45.3007],"carpPosition":[31.1439,213.754,-8.67166],"dipPosition":[-2.11065,178.835,-60.4673],"direction":[0.410625,-0.620166,0.668417],"extended":false,"handId":240,"id":2403,"length":62.4764,"mcpPosition":[2.0034,230.279,-57.4993],"pipPosition":[-13.1411,195.494,-78.4228],"stabilizedTipPosition":[6.5266,177.606,-48.8456],"timeVisible":0.111879,"tipPosition":[6.45632,180.203,-47.1566],"tipVelocity":[-426.822,526.622,47.8417],"tool":false,"touchDistance":0.333333,"touchZone":"none","type":3,"width":18.1987}],"r":[[0.991281,0.114369,-0.0654362],[-0.108181,0.989924,0.091359],[0.0752255,-0.0834835,0.993666]],"s":1.2256,"t":[-48.773,57.7361,1.59671],"timestamp":259317357792},{"currentFrameRate":38.2453,"devices":[],"gestures":[],"hands":[{"armBasis":[[0.684385,0.289723,-0.669088],[0.119556,0.860651,0.494961],[0.719252,-0.418737,0.554378]],"armWidth":62.9551,"confidence":0.567585,"direction":[-0.597175,0.411675,-0.688408],"elbow":[226.87,88.7589,151.131],"grabAngle":3.07103,"grabStrength":0.80726,"id":240,"palmNormal":[-0.0851685,-0.885937,-0.455919],"palmPosition":[-6.78345,220.006,-36.0448],"palmVelocity":[-436.03,378.227,79.6887],"palmWidth":86.0143,"pinchDistance":35.1069,"pinchStrength":0.283808,"r":[[0.988228,0.131209,-0.0786772],[-0.122154,0.986332,0.110575],[0.0921103,-0.0996625,0.990749]],"s":1.23499,"sphereCenter":[-21.436,187.96,-64.7396],"sphereRadius":39.9265,"stabilizedPalmPosition":[-5.88766,219.205,-36.1966],"t":[-54.2746,63.0546,2.14268],"timeVisible":0.122238,"type":"right","wrist":[43.2913,195.635,9.63395]}],"id":150474,"interactionBox":{"center":[0,200,0],"size":[235.247,235.247,147.751]},"pointables":[{"bases":[[[0.280591,0.958702,0.0464544],[-0.37074,0.0636108,0.926556],[0.885336,-0.277206,0.373278]],[[-0.123071,0.985489,-0.116901],[-0.38698,0.0608145,0.92008],[0.913838,0.158474,0.37388]],[[-0.123071,0.985489,-0.116901],[-0.523831,0.0355392,0.851081],[0.842885,0.16598,0.511855]],[[-0.123071,0.985489,-0.116901],[-0.690587,-0.000449432,0.72325],[0.712702,0.169741,0.68062]]],"btipPosition":[