{"frames":305,"data":[{"currentFrameRate":23.3279,"devices":[],"gestures":[],"hands":[],"id":151565,"interactionBox":{"center":[0,200,0],"size":[235.247,235.247,147.751]},"pointables":[],"r":[[-0.451118,-0.878766,0.155767],[0.630521,-0.437343,-0.641229],[0.631613,-0.191055,0.751374]],"s":-0.0734829,"t":[559.648,-310.26,370.787],"timestamp":259353387887},{"currentFrameRate":23.5933,"devices":[],"gestures":[],"hands":[],"id":151566,"interactionBox":{"center":[0,200,0],"size":[235.247,235.247,147.751]},"pointables":[],"r":[[-0.451118,-0.878766,0.155767],[0.630521,-0.437343,-0.641229],[0.631613,-0.191055,0.751374]],"s":-0.0734829,"t":[559.648,-310.26,370.787],"timestamp":259353428242},{"currentFrameRate":23.7892,"devices":[],"gestures":[],"hands":[],"id":151567,"interactionBox":{"center":[0,200,0],"size":[235.247,235.247,147.751]},"pointables":[],"r":[[-0.451118,-0.878766,0.155767],[0.630521,-0.437343,-0.641229],[0.631613,-0.191055,0.751374]],"s":-0.0734829,"t":[559.648,-310.26,370.787],"timestamp":259353468793},{"currentFrameRate":24.0175,"devices":[],"gestures":[],"hands":[],"id":151568,"interactionBox":{"center":[0,200,0],"size":[235.247,235.247,147.751]},"pointables":[],"r":[[-0.451118,-0.878766,0.155767],[0.630521,-0.437343,-0.641229],[0.631613,-0.191055,0.751374]],"s":-0.0734829,"t":[559.648,-310.26,370.787],"timestamp":259353508712},{"currentFrameRate":24.1653,"devices":[],"gestures":[],"hands":[],"id":151569,"interactionBox":{"center":[0,200,0],"size":[235.247,235.247,147.751]},"pointables":[],"r":[[-0.451118,-0.878766,0.155767],[0.630521,-0.437343,-0.641229],[0.631613,-0.191055,0.751374]],"s":-0.0734829,"t":[559.648,-310.26,370.787],"timestamp":259353548989},{"currentFrameRate":24.2835,"devices":[],"gestures":[],"hands":[],"id":151570,"interactionBox":{"center":[0,200,0],"size":[235.247,235.247,147.751]},"pointables":[],"r":[[-0.451118,-0.878766,0.155767],[0.630521,-0.437343,-0.641229],[0.631613,-0.191055,0.751374]],"s":-0.0734829,"t":[559.648,-310.26,370.787],"timestamp":259353589291},{"currentFrameRate":24.3359,"devices":[],"gestures":[],"hands":[],"id":151571,"interactionBox":{"center":[0,200,0],"size":[235.247,235.247,147.751]},"pointables":[],"r":[[-0.451118,-0.878766,0.155767],[0.630521,-0.437343,-0.641229],[0.631613,-0.191055,0.751374]],"s":-0.0734829,"t":[559.648,-310.26,370.787],"timestamp":259353629994},{"currentFrameRate":24.4416,"devices":[],"gestures":[],"hands":[],"id":151572,"interactionBox":{"center":[0,200,0],"size":[235.247,235.247,147.751]},"pointables":[],"r":[[-0.451118,-0.878766,0.155767],[0.630521,-0.437343,-0.641229],[0.631613,-0.191055,0.751374]],"s":-0.0734829,"t":[559.648,-310.26,370.787],"timestamp":259353670127},{"currentFrameRate":24.5369,"devices":[],"gestures":[],"hands":[],"id":151573,"interactionBox":{"center":[0,200,0],"size":[235.247,235.247,147.751]},"pointables":[],"r":[[-0.451118,-0.878766,0.155767],[0.630521,-0.437343,-0.641229],[0.631613,-0.191055,0.751374]],"s":-0.0734829,"t":[559.648,-310.26,370.787],"timestamp":259353710180},{"currentFrameRate":24.5946,"devices":[],"gestures":[],"hands":[{"armBasis":[[0.711444,0.0558166,-0.700523],[0.144627,0.963872,0.223681],[0.6877,-0.260451,0.677668]],"armWidth":60.2356,"confidence":0,"direction":[-0.618356,0.265797,-0.739586],"elbow":[250.661,113.305,162.742],"grabAngle":2.26075,"grabStrength":0.121515,"id":242,"palmNormal":[-0.14545,-0.963519,-0.224666],"palmPosition":[24.0624,194.567,-58.8073],"palmVelocity":[1.19209e-7,1.19209e-7,1.19209e-7],"palmWidth":86.0143,"pinchDistance":57.4428,"pinchStrength":0.378095,"r":[[1,-1.11022e-17,0],[1.11022e-17,1,-1.11022e-17],[1.2326e-34,1.11022e-17,1]],"s":1,"sphereCenter":[2.00929,153.582,-81.2386],"sphereRadius":49.5947,"stabilizedPalmPosition":[24.0624,194.567,-58.8073],"t":[0,0,0],"timeVisible":0,"type":"right","wrist":[75.1355,179.781,-10.2229]}],"id":151574,"interactionBox":{"center":[0,200,0],"size":[235.247,235.247,147.751]},"pointables":[{"bases":[[[0.320213,0.926279,-0.198674],[-0.315189,0.301937,0.899716],[0.893375,-0.225481,0.388637]],[[0.0209762,0.950024,-0.311472],[-0.453323,0.286712,0.843975],[0.891099,0.123494,0.436682]],[[0.0209762,0.950024,-0.311472],[-0.54533,0.271987,0.792867],[0.837959,0.153223,0.523782]],[[0.0209762,0.950024,-0.311472],[-0.694731,0.237886,0.678793],[0.718964,0.20215,0.665001]]],"btipPosition":[-43.4748,158.379,-59.7116],"carpPosition":[41.4889,173.618,-7.51107],"dipPosition":[-27.5686,162.852,-44.9993],"direction":[-0.837959,-0.153223,-0.523782],"extended":true,"handId":242,"id":2420,"length":49.2665,"mcpPosition":[41.4889,173.618,-7.51107],"pipPosition":[-0.560216,167.79,-28.1172],"stabilizedTipPosition":[-39.8164,159.408,-56.3278],"timeVisible":0,"tipPosition":[-39.8164,159.408,-56.3278],"tipVelocity":[1.19209e-7,1.19209e-7,1.19209e-7],"tool":false,"touchDistance":0.688417,"touchZone":"hovering","type":0,"width":19.1427},{"bases":[[[0.657534,0.0755336,-0.749629],[0.0341802,0.990947,0.12983],[0.752649,-0.11099,0.648999]],[[0.602806,0.0831744,-0.793541],[-0.0138802,0.995494,0.093798],[0.797767,-0.0455275,0.601245]],[[0.602806,0.0831744,-0.793541],[-0.375722,0.906973,-0.19035],[0.703888,0.412895,0.577979]],[[0.602806,0.0831744,-0.793541],[-0.601065,0.701408,-0.383076],[0.524734,0.70789,0.472806]]],"btipPosition":[-65.491,183.056,-106.073],"carpPosition":[43.811,194.355,-15.6768],"dipPosition":[-57.0159,194.489,-98.4369],"direction":[-0.703888,-0.412895,-0.577979],"extended":true,"handId":242,"id":2421,"length":55.5917,"mcpPosition":[-8.5332,202.074,-60.8124],"pipPosition":[-40.933,203.923,-85.2308],"stabilizedTipPosition":[-63.5417,185.685,-104.317],"timeVisible":0,"tipPosition":[-63.5417,185.685,-104.317],"tipVelocity":[1.19209e-7,1.19209e-7,1.19209e-7],"tool":false,"touchDistance":-0.0719488,"touchZone":"touching","type":1,"width":18.2851},{"bases":[[[0.818273,-0.371152,-0.438949],[0.404205,0.914456,-0.0197097],[0.408715,-0.161298,0.898296]],[[0.843793,-0.381115,-0.377843],[0.247595,0.901098,-0.355976],[0.476141,0.206817,0.854702]],[[0.843793,-0.381115,-0.377843],[-0.168295,0.480629,-0.860624],[0.509599,0.789777,0.341411]],[[0.843793,-0.381115,-0.377843],[-0.494987,-0.280634,-0.822333],[0.207368,0.880906,-0.425444]]],"btipPosition":[17.0677,162.469,-116.992],"carpPosition":[68.1875,189.497,-39.8033],"dipPosition":[20.4466,176.823,-123.924],"direction":[-0.509599,-0.789777,-0.341411],"extended":false,"handId":242,"id":2424,"length":47.7486,"mcpPosition":[45.784,198.338,-89.0428],"pipPosition":[29.8687,191.425,-117.612],"stabilizedTipPosition":[17.8449,165.77,-118.586],"timeVisible":0,"tipPosition":[17.8449,165.77,-118.586],"tipVelocity":[1.19209e-7,1.19209e-7,1.19209e-7],"tool":false,"touchDistance":-0.307129,"touchZone":"touching","type":4,"width":15.1794},{"bases":[[[0.737648,-0.110202,-0.666131],[0.161368,0.986773,0.0154443],[0.655618,-0.118885,0.745675]],[[0.704794,-0.104273,-0.701707],[-0.453297,0.694677,-0.55852],[0.545698,0.711723,0.442338]],[[0.704794,-0.104273,-0.701707],[-0.556244,-0.695132,-0.455395],[-0.440293,0.71128,-0.547926]],[[0.704794,-0.104273,-0.701707],[-0.216389,-0.973599,-0.0726653],[-0.675604,0.203056,-0.708751]]],"btipPosition":[6.75115,149.565,-66.4759],"carpPosition":[51.0182,196.881,-24.461],"dipPosition":[-5.25054,153.173,-79.0664],"direction":[0.440293,-0.71128,0.547926],"extended":false,"handId":242,"id":2422,"length":63.3423,"mcpPosition":[7.77831,204.722,-73.6404],"pipPosition":[-17.0862,172.293,-93.7954],"stabilizedTipPosition":[3.99076,150.395,-69.3717],"timeVisible":0,"tipPosition":[3.99076,150.395,-69.3717],"tipVelocity":[1.19209e-7,1.19209e-7,1.19209e-7],"tool":false,"touchDistance":0.333333,"touchZone":"none","type":2,"width":17.9584},{"bases":[[[0.811811,-0.200568,-0.548394],[0.234475,0.972086,-0.00842458],[0.534776,-0.121745,0.836177]],[[0.804429,-0.198886,-0.559766],[-0.276544,0.708584,-0.649178],[0.525754,0.677018,0.515005]],[[0.804429,-0.198886,-0.559766],[-0.531548,-0.661707,-0.528773],[-0.265236,0.722903,-0.638014]],[[0.804429,-0.198886,-0.559766],[-0.278711,-0.958501,-0.0599734],[-0.524608,0.204257,-0.826478]]],"btipPosition":[21.5106,152.616,-72.6848],"carpPosition":[59.1716,196.54,-32.7242],"dipPosition":[12.2449,156.224,-87.2823],"direction":[0.265236,-0.722903,0.638014],"extended":false,"handId":242,"id":2423,"length":60.9053,"mcpPosition":[27.505,203.749,-82.2381],"pipPosition":[5.2991,175.154,-103.99],"stabilizedTipPosition":[19.3795,153.446,-76.0422],"timeVisible":0,"tipPosition":[19.3795,153.446,-76.0422],"tipVelocity":[1.19209e-7,1.19209e-7,1.19209e-7],"tool":false,"touchDistance":0.333333,"touchZone":"none","type":3,"width":17.0885}],"r":[[1,-1.11022e-17,0],[1.11022e-17,1,-1.11022e-17],[1.2326e-34,1.11022e-17,1]],"s":1,"t":[0,0,0],"timestamp":259353750416},{"currentFrameRate":24.6412,"devices":[],"gestures":[],"hands":[{"armBasis":[[0.617808,0.159465,-0.76999],[0.127678,0.945883,0.298336],[0.775894,-0.282625,0.564014]],"armWidth":62.9551,"confidence":0.208871,"direction":[-0.612571,0.347592,-0.709885],"elbow":[253.498,126.72,131.091],"grabAngle":3.08222,"grabStrength":1,"id":242,"palmNormal":[-0.151551,-0.933104,-0.326114],"palmPosition":[3.71435,218.601,-59.0278],"palmVelocity":[-505.656,597.246,-5.48024],"palmWidth":86.0143,"pinchDistance":38.7322,"pinchStrength":0.493823,"r":[[0.999998,-0.00160389,0.000851815],[0.00158546,0.999774,0.0212113],[-0.000885642,-0.0212099,0.999775]],"s":0.883282,"sphereCenter":[-13.7882,182.009,-84.7702],"sphereRadius":40.377,"stabilizedPalmPosition":[4.35625,217.843,-59.0208],"t":[-10.174,12.0169,-0.110265],"timeVisible":0.040241,"type":"right","wrist":[55.462,198.855,-12.8654]}],"id":151575,"interactionBox":{"center":[0,200,0],"size":[235.247,235.247,147.751]},"pointables":[{"bases":[[[0.328179,0.939514,-0.098041],[-0.31748,0.207455,0.925294],[0.889666,-0.272536,0.366359]],[[-0.0752123,0.967193,-0.242655],[-0.330047,0.205483,0.921328],[0.940963,0.149383,0.303764]],[[-0.0752123,0.967193,-0.242655],[-0.482422,0.177677,0.857729],[0.872704,0.181574,0.453232]],[[-0.0752123,0.967193,-0.242655],[-0.670817,0.130973,0.729966],[0.737799,0.21768,0.638959]]],"btipPosition":[-69.2782,174.204,-53.9862],"carpPosition":[20.7217,192.197,-10.1664],"dipPosition":[-52.5342,179.145,-39.4854],"direction":[-0.872704,-0.181574,-0.453232],"extended":true,"handId":242,"id":2420,"length":50.5373,"mcpPosition":[20.7217,192.197,-10.1664],"pipPosition":[-23.6804,185.148,-24.5004],"stabilizedTipPosition":[-64.3925,174.697,-50.8803],"timeVisible":0.040241,"tipPosition":[-63.273,179.033,-54.9301],"tipVelocity":[-636.434,395.927,141.069],"tool":false,"touchDistance":0.73806,"touchZone":"hovering","type":0,"width":20.3863},{"bases":[[[0.661886,0.149237,-0.734598],[0.0409735,0.971314,0.234244],[0.748483,-0.185142,0.636785]],[[0.667821,0.147759,-0.729509],[-0.555691,0.751037,-0.356582],[0.4952,0.643514,0.583667]],[[0.667821,0.147759,-0.729509],[-0.525631,-0.600313,-0.602774],[-0.526999,0.785997,-0.323235]],[[0.667821,0.147759,-0.729509],[-0.157416,-0.929891,-0.33245],[-0.727486,0.336853,-0.597741]]],"btipPosition":[-25.0389,175.727,-67.2016],"carpPosition":[23.2412,213.663,-16.0788],"dipPosition":[-37.0918,181.308,-77.105],"direction":[0.526999,-0.785997,0.323235],"extended":false,"handId":242,"id":2421,"length":57.0257,"mcpPosition":[-28.8133,226.539,-60.365],"pipPosition":[-49.4436,199.73,-84.681],"stabilizedTipPosition":[-38.0495,179.496,-79.4619],"timeVisible":0.040241,"tipPosition":[-29.868,178.419,-70.8081],"tipVelocity":[887.917,-215.575,865.722],"tool":false,"touchDistance":0.333333,"touchZone":"none","type":1,"width":19.473},{"bases":[[[0.740176,-0.0449353,-0.67091],[0.168706,0.97826,0.120603],[0.650905,-0.202454,0.731666]],[[0.716822,-0.0377859,-0.696232],[-0.52807,0.622624,-0.577478],[0.455312,0.781608,0.426357]],[[0.716822,-0.0377859,-0.696232],[-0.477791,-0.753863,-0.451007],[-0.507822,0.655945,-0.558439]],[[0.716822,-0.0377859,-0.696232],[-0.085965,-0.995702,-0.0344685],[-0.691937,0.0845593,-0.716989]]],"btipPosition":[-7.08656,174.24,-64.2343],"carpPosition":[30.5117,217.048,-24.5152],"dipPosition":[-19.6955,175.78,-77.2997],"direction":[0.507822,-0.655945,0.558439],"extended":false,"handId":242,"id":2422,"length":64.9762,"mcpPosition":[-12.4173,230.4,-72.7706],"pipPosition":[-33.6985,193.868,-92.6985],"stabilizedTipPosition":[-9.52628,173.797,-67.3095],"timeVisible":0.040241,"tipPosition":[-13.6172,175.339,-71.0942],"tipVelocity":[-347.341,601.348,52.9896],"tool":false,"touchDistance":0.333333,"touchZone":"none","type":2,"width":19.1251},{"bases":[[[0.813057,-0.147855,-0.563097],[0.241821,0.965598,0.095624],[0.529586,-0.213916,0.82084]],[[0.819666,-0.150539,-0.552708],[-0.34612,0.638665,-0.687247],[0.456453,0.754616,0.471388]],[[0.819666,-0.150539,-0.552708],[-0.472048,-0.724113,-0.502823],[-0.324528,0.673051,-0.664593]],[[0.819666,-0.150539,-0.552708],[-0.184839,-0.982748,-0.00644912],[-0.542201,0.107448,-0.83335]]],"btipPosition":[6.11003,177.464,-68.8109],"carpPosition":[38.7042,217.518,-32.7332],"dipPosition":[-3.71352,179.411,-83.9095],"direction":[0.324528,-0.673051,0.664593],"extended":false,"handId":242,"id":2423,"length":62.4764,"mcpPosition":[7.34499,230.185,-81.3389],"pipPosition":[-12.4312,197.491,-101.762],"stabilizedTipPosition":[4.40408,177.04,-72.4176],"timeVisible":0.040241,"tipPosition":[1.10196,178.819,-76.7872],"tipVelocity":[-385.897,607.993,93.4033],"tool":false,"touchDistance":0.333333,"touchZone":"none","type":3,"width":18.1987},{"bases":[[[0.817679,-0.329118,-0.472316],[0.411168,0.908128,0.079019],[0.402917,-0.258814,0.87788]],[[0.847156,-0.348675,-0.40094],[0.0643572,0.816354,-0.573956],[0.527433,0.460426,0.714018]],[[0.847156,-0.348675,-0.40094],[-0.507813,-0.309221,-0.804058],[0.156376,0.884764,-0.43902]],[[0.847156,-0.348675,-0.40094],[-0.493753,-0.795361,-0.35158],[-0.196305,0.495808,-0.845954]]],"btipPosition":[7.84791,184.524,-90.6166],"carpPosition":[47.7028,211.192,-40.4803],"dipPosition":[4.56676,192.811,-104.756],"direction":[-0.156376,-0.884764,0.43902],"extended":false,"handId":242,"id":2424,"length":48.9803,"mcpPosition":[25.6172,225.379,-88.6008],"pipPosition":[7.53262,209.592,-113.083],"stabilizedTipPosition":[10.6731,179.551,-102.099],"timeVisible":0.040241,"tipPosition":[5.29164,188.309,-99.113],"tipVelocity":[-267.181,513.404,614.239],"tool":false,"touchDistance":0.333333,"touchZone":"none","type":4,"width":16.1655}],"r":[[0.999998,-0.00160389,0.000851815],[0.00158546,0.999774,0.0212113],[-0.000885642,-0.0212099,0.999775]],"s":0.883282,"t":[-10.174,12.0169,-0.110265],"timestamp":259353790657},{"currentFrameRate":25.7094,"devices":[],"gestures":[],"hands":[{"armBasis":[[0.599763,0.147596,-0.786447],[0.148724,0.945154,0.290802],[0.786235,-0.291376,0.544917]],"armWidth":62.9551,"confidence":0.359646,"direction":[-0.627442,0.416023,-0.65821],"elbow":[240.175,134.731,125.717],"grabAngle":3.14159,"grabStrength":1,"id":242,"palmNormal":[-0.218077,-0.905366,-0.364356],"palmPosition":[-13.3368,233.297,-56.0719],"palmVelocity":[-546.093,470.688,94.6685],"palmWidth":86.0143,"pinchDistance":39.3981,"pinchStrength":0.396322,"r":[[0.999871,-0.0132425,-0.00904233],[0.0136639,0.998742,0.0482529],[0.00839196,-0.0483703,0.998794]],"s":0.782868,"sphereCenter":[-34.729,200.285,-80.4265],"sphereRadius":38.9399,"stabilizedPalmPosition":[-12.9306,232.943,-56.1396],"t":[-23.7867,25.3737,1.31257],"timeVisible":0.071465,"type":"right","wrist":[39.4997,209.1,-13.365]}],"id":151576,"interactionBox":{"center":[0,200,0],"size":[235.247,235.247,147.751]},"pointables":[{"bases":[[[0.373412,0.925196,-0.0676436],[-0.25919,0.174068,0.950011],[0.890721,-0.337213,0.3048]],[[-0.0864752,0.975492,-0.202329],[-0.252353,0.175019,0.951675],[0.963763,0.133355,0.231034]],[[-0.0864752,0.975492,-0.202329],[-0.447609,0.143395,0.882657],[0.890038,0.166892,0.424239]],[[-0.0864752,0.975492,-0.202329],[-0.670709,0.0931669,0.735846],[0.736662,0.199337,0.646215]]],"btipPosition":[-86.9951,187.155,-49.1622],"carpPosition":[4.62795,203.489,-9.56821],"dipPosition":[-70.277,191.679,-34.4966],"direction":[-0.890038,-0.166892,-0.424239],"extended":true,"handId":242,"id":2420,"length":50.5373,"mcpPosition":[4.62795,203.489,-9.56821],"pipPosition":[-40.85,197.197,-20.4702],"stabilizedTipPosition":[-82.5075,187.733,-45.9635],"timeVisible":0.071465,"tipPosition":[-82.385,194.583,-49.1444],"tipVelocity":[-567.604,411.695,155.711],"tool":false,"touchDistance":0.770516,"touchZone":"hovering","type":0,"width":20.3863},{"bases":[[[0.631541,0.153715,-0.759952],[0.105292,0.954067,0.28048],[0.76816,-0.257152,0.586348]],[[0.643146,0.149788,-0.75095],[-0.628065,0.664208,-0.405416],[0.43806,0.732388,0.521259]],[[0.643146,0.149788,-0.75095],[-0.482067,-0.682756,-0.549049],[-0.594957,0.715127,-0.366904]],[[0.643146,0.149788,-0.75095],[-0.0740557,-0.963918,-0.255692],[-0.762154,0.22006,-0.608847]]],"btipPosition":[-37.0895,192.046,-58.3219],"carpPosition":[8.0113,225.081,-14.5142],"dipPosition":[-49.7168,195.692,-68.4092],"direction":[0.594957,-0.715127,0.366904],"extended":false,"handId":242,"id":2421,"length":57.0257,"mcpPosition":[-45.4115,242.965,-55.2927],"pipPosition":[-63.6614,212.453,-77.0087],"stabilizedTipPosition":[-39.5376,189.744,-65.0573],"timeVisible":0.071465,"tipPosition":[-45.2704,194.369,-64.7292],"tipVelocity":[-390.171,508.399,283.033],"tool":false,"touchDistance":0.333333,"touchZone":"none","type":1,"width":19.473},{"bases":[[[0.702251,-0.0473526,-0.710353],[0.227385,0.960442,0.160768],[0.67464,-0.274423,0.685239]],[[0.668099,-0.0337512,-0.743306],[-0.546469,0.655729,-0.520952],[0.50499,0.754242,0.419648]],[[0.668099,-0.0337512,-0.743306],[-0.539874,-0.709431,-0.453037],[-0.512034,0.703966,-0.492192]],[[0.668099,-0.0337512,-0.743306],[-0.111347,-0.992257,-0.0550256],[-0.735694,0.119527,-0.666684]]],"btipPosition":[-25.5471,189.786,-62.227],"carpPosition":[15.025,228.53,-23.1401],"dipPosition":[-38.9534,191.964,-74.3758],"direction":[0.512034,-0.703966,0.492192],"extended":false,"handId":242,"id":2422,"length":64.9762,"mcpPosition":[-29.4694,246.629,-68.3335],"pipPosition":[-53.0726,211.375,-87.9479],"stabilizedTipPosition":[-28.2048,189.919,-65.0722],"timeVisible":0.071465,"tipPosition":[-33.1353,191.568,-68.9918],"tipVelocity":[-597.104,502.579,71.0378],"tool":false,"touchDistance":0.333333,"touchZone":"none","type":2,"width":19.1251},{"bases":[[[0.774723,-0.159487,-0.611857],[0.298367,0.945367,0.131368],[0.557478,-0.284332,0.779983]],[[0.76789,-0.156019,-0.621291],[-0.370348,0.683236,-0.62931],[0.522673,0.713335,0.466869]],[[0.76789,-0.156019,-0.621291],[-0.543476,-0.672073,-0.502942],[-0.339085,0.723862,-0.600871]],[[0.76789,-0.156019,-0.621291],[-0.219285,-0.975312,-0.0261054],[-0.60188,0.156286,-0.783145]]],"btipPosition":[-12.8318,192.667,-67.8277],"carpPosition":[22.8108,229.013,-31.7437],"dipPosition":[-23.7366,195.499,-82.0166],"direction":[0.339085,-0.723862,0.600871],"extended":false,"handId":242,"id":2423,"length":62.4764,"mcpPosition":[-10.2001,245.849,-77.9301],"pipPosition":[-32.8453,214.943,-98.1576],"stabilizedTipPosition":[-14.89,192.947,-71.1214],"timeVisible":0.071465,"tipPosition":[-18.8041,194.635,-75.4236],"tipVelocity":[-614.609,493.413,38.1902],"tool":false,"touchDistance":0.333333,"touchZone":"none","type":3,"width":18.1987},{"bases":[[[0.774018,-0.345318,-0.530708],[0.463305,0.880194,0.102993],[0.431561,-0.325598,0.841274]],[[0.788834,-0.356646,-0.500545],[-0.0701925,0.756808,-0.649857],[0.610586,0.547764,0.571962]],[[0.788834,-0.356646,-0.500545],[-0.614604,-0.460031,-0.640806],[-0.00172554,0.813127,-0.582084]],[[0.788834,-0.356646,-0.500545],[-0.473931,-0.871511,-0.125926],[-0.39132,0.336558,-0.856503]]],"btipPosition":[-6.96312,200.67,-80.6323],"carpPosition":[31.0548,222.651,-40.2631],"dipPosition":[-13.5038,206.295,-94.9484],"direction":[0.00172554,-0.813127,0.582084],"extended":false,"handId":242,"id":2424,"length":48.9803,"mcpPosition":[7.39909,240.499,-86.377],"pipPosition":[-13.5366,221.717,-105.988],"stabilizedTipPosition":[-3.35796,195.981,-88.7764],"timeVisible":0.071465,"tipPosition":[-12.2468,203.693,-91.4046],"tipVelocity":[-498.358,497.487,318.465],"tool":false,"touchDistance":0.333333,"touchZone":"none","type":4,"width":16.1655}],"r":[[0.999871,-0.0132425,-0.00904233],[0.0136639,0.998742,0.0482529],[0.00839196,-0.0483703,0.998794]],"s":0.782868,"t":[-23.7867,25.3737,1.31257],"timestamp":259353821881},{"currentFrameRate":29.2791,"devices":[],"gestures":[],"hands":[{"armBasis":[[0.590441,0.170222,-0.788926],[0.125297,0.94632,0.297957],[0.797295,-0.274776,0.537418]],"armWidth":62.9551,"confidence":0.406599,"direction":[-0.636487,0.443969,-0.630695],"elbow":[238.326,142.361,124.64],"grabAngle":3.14159,"grabStrength":1,"id":242,"palmNormal":[-0.22497,-0.889024,-0.398779],"palmPosition":[-18.6526,238.116,-53.5759],"palmVelocity":[-508.684,461.104,238.844],"palmWidth":86.0143,"pinchDistance":38.961,"pinchStrength":0.418119,"r":[[0.999542,-0.0224592,-0.0203041],[0.023981,0.996657,0.0781049],[0.0184821,-0.078556,0.996738]],"s":0.709904,"sphereCenter":[-40.3312,206.027,-79.3114],"sphereRadius":39.0079,"stabilizedPalmPosition":[-17.0842,236.698,-54.2786],"t":[-33.2509,34.4614,3.27194],"timeVisible":0.081915,"type":"right","wrist":[34.8282,212.493,-12.5284]}],"id":151577,"interactionBox":{"center":[0,200,0],"size":[235.247,235.247,147.751]},"pointables":[{"bases":[[[0.373889,0.92684,-0.0342791],[-0.244728,0.134238,0.960254],[0.894604,-0.350639,0.277014]],[[-0.0798489,0.984215,-0.157938],[-0.225632,0.136486,0.964605],[0.970935,0.112659,0.211172]],[[-0.0798489,0.984215,-0.157938],[-0.449049,0.105939,0.887204],[0.889932,0.141764,0.433502]],[[-0.0798489,0.984215,-0.157938],[-0.688305,0.0601661,0.722922],[0.721013,0.166434,0.672637]]],"btipPosition":[-91.6493,192.581,-48.2023],"carpPosition":[-0.0465063,206.361,-8.63966],"dipPosition":[-75.2863,196.358,-32.9371],"direction":[-0.889932,-0.141764,-0.433502],"extended":true,"handId":242,"id":2420,"length":50.5373,"mcpPosition":[-0.0465063,206.361,-8.63966],"pipPosition":[-45.8629,201.045,-18.6044],"stabilizedTipPosition":[-86.3401,191.806,-45.0569],"timeVisible":0.081915,"tipPosition":[-87.6689,198.838,-47.0826],"tipVelocity":[-453.194,502.76,105.055],"tool":false,"touchDistance":0.743265,"touchZone":"hovering","type":0,"width":20.3863},{"bases":[[[0.620408,0.184884,-0.762176],[0.11103,0.941324,0.318719],[0.77638,-0.28236,0.563477]],[[0.64656,0.175133,-0.742488],[-0.619771,0.688079,-0.377399],[0.444795,0.704184,0.553427]],[[0.64656,0.175133,-0.742488],[-0.474795,-0.669423,-0.571352],[-0.597101,0.721942,-0.34967]],[[0.64656,0.175133,-0.742488],[-0.0396534,-0.96426,-0.261974],[-0.761832,0.198824,-0.616508]]],"btipPosition":[-42.6098,198.223,-56.5582],"carpPosition":[3.29842,228.138,-12.724],"dipPosition":[-55.2317,201.517,-66.7725],"direction":[0.597101,-0.721942,0.34967],"extended":false,"handId":242,"id":2421,"length":57.0257,"mcpPosition":[-50.6961,247.775,-51.9119],"pipPosition":[-69.2266,218.438,-74.9681],"stabilizedTipPosition":[-42.1701,193.813,-62.3479],"timeVisible":0.081915,"tipPosition":[-50.3986,199.573,-63.0625],"tipVelocity":[-528.139,583.365,165.977],"tool":false,"touchDistance":0.333333,"touchZone":"none","type":1,"width":19.473},{"bases":[[[0.691517,-0.0181637,-0.722132],[0.231337,0.952601,0.197569],[0.684315,-0.303678,0.662942]],[[0.664304,-0.00630719,-0.747436],[-0.53391,0.695813,-0.480399],[0.523106,0.718195,0.458864]],[[0.664304,-0.00630719,-0.747436],[-0.559268,-0.667619,-0.491431],[-0.495903,0.744476,-0.447029]],[[0.664304,-0.00630719,-0.747436],[-0.135044,-0.984521,-0.111717],[-0.735162,0.175151,-0.654873]]],"btipPosition":[-32.3229,194.678,-62.2111],"carpPosition":[10.1886,231.939,-21.3012],"dipPosition":[-45.7195,197.87,-74.1446],"direction":[0.495903,-0.744476,0.447029],"extended":false,"handId":242,"id":2422,"length":64.9762,"mcpPosition":[-34.944,251.967,-65.0241],"pipPosition":[-59.3939,218.399,-86.4714],"stabilizedTipPosition":[-33.6571,194.079,-64.9841],"timeVisible":0.081915,"tipPosition":[-38.404,196.841,-67.6643],"tipVelocity":[-648.185,490.526,6.25965],"tool":false,"touchDistance":0.333333,"touchZone":"none","type":2,"width":19.1251},{"bases":[[[0.765262,-0.134414,-0.629529],[0.301849,0.938703,0.166504],[0.568561,-0.317441,0.758927]],[[0.759442,-0.131179,-0.637213],[-0.363778,0.726403,-0.583098],[0.539364,0.674633,0.503941]],[[0.759442,-0.131179,-0.637213],[-0.562313,-0.624947,-0.541521],[-0.327188,0.769567,-0.548375]],[[0.759442,-0.131179,-0.637213],[-0.240768,-0.966588,-0.087966],[-0.604383,0.220225,-0.765651]]],"btipPosition":[-19.4501,197.681,-68.1628],"carpPosition":[17.8462,232.775,-29.9923],"dipPosition":[-30.4002,201.671,-82.0348],"direction":[0.327188,-0.769567,0.548375],"extended":false,"handId":242,"id":2423,"length":62.4764,"mcpPosition":[-15.8209,251.572,-74.9319],"pipPosition":[-39.1893,222.343,-96.7656],"stabilizedTipPosition":[-20.236,197.215,-71.2966],"timeVisible":0.081915,"tipPosition":[-24.2386,200.148,-74.1635],"tipVelocity":[-634.322,505.28,-25.0899],"tool":false,"touchDistance":0.333333,"touchZone":"none","type":3,"width":18.1987},{"bases":[[[0.765459,-0.323492,-0.55626],[0.466237,0.874612,0.132953],[0.443502,-0.361119,0.820304]],[[0.779471,-0.335059,-0.529302],[-0.0808022,0.784105,-0.615346],[0.621205,0.522413,0.584113]],[[0.779471,-0.335059,-0.529302],[-0.626007,-0.447989,-0.638296],[-0.0232547,0.82888,-0.558943]],[[0.779471,-0.335059,-0.529302],[-0.483512,-0.859012,-0.168268],[-0.398297,0.387084,-0.83158]]],"btipPosition":[-12.5597,206.461,-79.3857],"carpPosition":[25.9519,226.769,-38.8938],"dipPosition":[-19.2171,212.931,-93.2852],"direction":[0.0232547,-0.82888,0.558943],"extended":false,"handId":242,"id":2424,"length":48.9803,"mcpPosition":[1.64164,246.564,-83.8582],"pipPosition":[-19.6582,228.651,-103.886],"stabilizedTipPosition":[-7.84605,200.985,-86.1864],"timeVisible":0.081915,"tipPosition":[-18.0677,209.986,-90.0034],"tipVelocity":[-538.129,572.748,128.464],"tool":false,"touchDistance":0.333333,"touchZone":"none","type":4,"width":16.1655}],"r":[[0.999542,-0.0224592,-0.0203041],[0.023981,0.996657,0.0781049],[0.0184821,-0.078556,0.996738]],"s":0.709904,"t":[-33.2509,34.4614,3.27194],"timestamp":259353832331},{"currentFrameRate":32.663,"devices":[],"gestures":[],"hands":[{"armBasis":[[0.583448,0.188291,-0.790022],[0.109046,0.945783,0.305947],[0.804797,-0.264653,0.531282]],"armWidth":62.9551,"confidence":0.451553,"direction":[-0.641991,0.468119,-0.607217],"elbow":[235.508,149.392,123.956],"grabAngle":3.14159,"grabStrength":1,"id":242,"palmNormal":[-0.233182,-0.87367,-0.426998],"palmPosition":[-23.8007,243.865,-51.2904],"palmVelocity":[-492.035,549.493,218.44],"palmWidth":86.0143,"pinchDistance":39.4335,"pinchStrength":0.407315,"r":[[0.999032,-0.0301337,-0.0320368],[0.0334543,0.993506,0.10875],[0.0285517,-0.109716,0.993553]],"s":0.658964,"sphereCenter":[-46.3577,212.769,-77.4896],"sphereRadius":39.0282,"stabilizedPalmPosition":[-22.0634,242.011,-52.0634],"t":[-40.557,41.8799,5.3944],"timeVisible":0.092378,"type":"right","wrist":[30.0952,216.941,-11.6463]}],"id":151578,"interactionBox":{"center":[0,200,0],"size":[235.247,235.247,147.751]},"pointables":[{"bases":[[[0.377199,0.926112,-0.0061932],[-0.232987,0.101362,0.967183],[0.896347,-0.363377,0.254006]],[[-0.0755869,0.989657,-0.121926],[-0.197456,0.104998,0.974673],[0.977393,0.0977474,0.187477]],[[-0.0755869,0.989657,-0.121926],[-0.440065,0.076615,0.894691],[0.894779,0.121282,0.429722]],[[-0.0755869,0.989657,-0.121926],[-0.686395,0.0370534,0.726284],[0.72329,0.138587,0.676495]]],"btipPosition":[-96.9205,198.719,-46.1234],"carpPosition":[-4.80094,210.486,-7.71629],"dipPosition":[-80.5058,201.864,-30.7707],"direction":[-0.894779,-0.121282,-0.429722],"extended":true,"handId":242,"id":2420,"length":50.5373,"mcpPosition":[-4.80094,210.486,-7.71629],"pipPosition":[-50.9221,205.874,-16.5629],"stabilizedTipPosition":[-91.3339,197.41,-43.2482],"timeVisible":0.092378,"tipPosition":[-92.9048,204.423,-45.252],"tipVelocity":[-502.652,572.786,200.615],"tool":false,"touchDistance":0.733757,"touchZone":"hovering","type":0,"width":20.3863},{"bases":[[[0.612232,0.209254,-0.762486],[0.118529,0.929158,0.350167],[0.781743,-0.30476,0.544058]],[[0.647157,0.195175,-0.73695],[-0.621541,0.694835,-0.361789],[0.441446,0.692179,0.570976]],[[0.647157,0.195175,-0.73695],[-0.471857,-0.65671,-0.588288],[-0.598781,0.728449,-0.3329]],[[0.647157,0.195175,-0.73695],[-0.028209,-0.95988,-0.278988],[-0.761835,0.201338,-0.615687]]],"btipPosition":[-47.5182,204.33,-54.6959],"carpPosition":[-1.416,232.381,-11.0744],"dipPosition":[-60.1402,207.666,-64.8965],"direction":[0.598781,-0.728449,0.3329],"extended":false,"handId":242,"id":2421,"length":57.0257,"mcpPosition":[-55.7835,253.576,-48.9118],"pipPosition":[-74.1745,224.74,-72.699],"stabilizedTipPosition":[-46.2234,199.357,-59.7414],"timeVisible":0.092378,"tipPosition":[-55.5431,205.76,-61.5135],"tipVelocity":[-469.124,584.596,178.295],"tool":false,"touchDistance":0.333333,"touchZone":"none","type":1,"width":19.473},{"bases":[[[0.682983,0.00467034,-0.730419],[0.237462,0.944242,0.228078],[0.690757,-0.32922,0.643792]],[[0.660471,0.0152299,-0.750697],[-0.526455,0.722267,-0.448527],[0.535372,0.691447,0.485054]],[[0.660471,0.0152299,-0.750697],[-0.574525,-0.633452,-0.518324],[-0.483425,0.773632,-0.409627]],[[0.660471,0.0152299,-0.750697],[-0.154756,-0.975567,-0.155947],[-0.734731,0.219173,-0.641977]]],"btipPosition":[-38.4725,200.524,-61.7312],"carpPosition":[5.38911,236.456,-19.5937],"dipPosition":[-51.8613,204.518,-73.4297],"direction":[0.483425,-0.773632,0.409627],"extended":false,"handId":242,"id":2422,"length":64.9762,"mcpPosition":[-40.1683,258.169,-62.0536],"pipPosition":[-65.1916,225.85,-84.7251],"stabilizedTipPosition":[-39.8918,199.894,-64.5401],"timeVisible":0.092378,"tipPosition":[-43.7547,203.087,-66.4651],"tipVelocity":[-587.578,576.299,51.0365],"tool":false,"touchDistance":0.333333,"touchZone":"none","type":2,"width":19.1251},{"bases":[[[0.757332,-0.115022,-0.64282],[0.30755,0.931186,0.195716],[0.576074,-0.345922,0.740593]],[[0.753146,-0.112517,-0.64816],[-0.358441,0.755981,-0.547735],[0.551626,0.644851,0.529033]],[[0.753146,-0.112517,-0.64816],[-0.576964,-0.586314,-0.568637],[-0.316044,0.802231,-0.506499]],[[0.753146,-0.112517,-0.64816],[-0.258042,-0.956833,-0.133737],[-0.605132,0.267976,-0.749669]]],"btipPosition":[-25.6099,203.708,-67.9262],"carpPosition":[12.9483,237.569,-28.3398],"dipPosition":[-36.5736,208.563,-81.5087],"direction":[0.316044,-0.802231,0.506499],"extended":false,"handId":242,"id":2423,"length":62.4764,"mcpPosition":[-21.1637,258.052,-72.1938],"pipPosition":[-45.0634,230.113,-95.1146],"stabilizedTipPosition":[-26.4623,203.216,-71.1023],"timeVisible":0.092378,"tipPosition":[-29.6823,206.555,-73.0059],"tipVelocity":[-589.021,595.093,28.9737],"tool":false,"touchDistance":0.333333,"touchZone":"none","type":3,"width":18.1987},{"bases":[[[0.75762,-0.306553,-0.576227],[0.471277,0.867716,0.158007],[0.451563,-0.391272,0.801871]],[[0.769757,-0.317202,-0.553946],[-0.0922621,0.803398,-0.58825],[0.631634,0.503918,0.589156]],[[0.769757,-0.317202,-0.553946],[-0.637193,-0.433741,-0.637066],[-0.0381904,0.843357,-0.535994]],[[0.769757,-0.317202,-0.553946],[-0.49052,-0.84926,-0.195315],[-0.40849,0.422066,-0.809318]]],"btipPosition":[-17.9319,212.968,-78.0028],"carpPosition":[20.9256,231.849,-37.541],"dipPosition":[-24.7596,220.023,-91.5302],"direction":[0.0381904,-0.843357,0.535994],"extended":false,"handId":242,"id":2424,"length":48.9803,"mcpPosition":[-3.82657,253.297,-81.4951],"pipPosition":[-25.4839,236.018,-101.696],"stabilizedTipPosition":[-13.3935,207.461,-83.7724],"timeVisible":0.092378,"tipPosition":[-23.6538,216.972,-88.5077],"tipVelocity":[-517.188,634.81,140.348],"tool":false,"touchDistance":0.333333,"touchZone":"none","type":4,"width":16.1655}],"r":[[0.999032,-0.0301337,-0.0320368],[0.0334543,0.993506,0.10875],[0.0285517,-0.109716,0.993553]],"s":0.658964,"t":[-40.557,41.8799,5.3944],"timestamp":259353842794},{"currentFrameRate":35.8555,"devices":[],"gestures":[],"hands":[{"armBasis":[[0.578356,0.198104,-0.791365],[0.101685,0.944995,0.310877],[0.809422,-0.260268,0.5264]],"armWidth":62.9551,"confidence":0.494748,"direction":[-0.651198,0.484816,-0.583862],"elbow":[231.967,154.889,123.512],"grabAngle":3.14159,"grabStrength":1,"id":242,"palmNormal":[-0.244179,-0.862285,-0.443668],"palmPosition":[-29.1035,249.174,-49.0095],"palmVelocity":[-501.73,502.288,215.81],"palmWidth":86.0143,"pinchDistance":39.5693,"pinchStrength":0.406114,"r":[[0.998303,-0.0364737,-0.0454046],[0.0424199,0.989556,0.137766],[0.0399056,-0.139458,0.989424]],"s":0.622867,"sphereCenter":[-52.5105,218.832,-75.2472],"sphereRadius":39.0039,"stabilizedPalmPosition":[-27.3929,247.434,-49.7515],"t":[-46.8615,48.2435,7.59608],"timeVisible":0.102947,"type":"right","wrist":[25.3743,221.319,-10.8441]}],"id":151579,"interactionBox":{"center":[0,200,0],"size":[235.247,235.247,147.751]},"pointables":[{"bases":[[[0.380474,0.924745,0.00930838],[-0.214947,0.0786386,0.973454],[0.899465,-0.372375,0.228691]],[[-0.0739162,0.992584,-0.0965052],[-0.167426,0.0830453,0.982381],[0.98311,0.0887713,0.160046]],[[-0.0739162,0.992584,-0.0965052],[-0.429109,0.0556976,0.901534],[0.900223,0.108049,0.42181]],[[-0.0739162,0.992584,-0.0965052],[-0.684168,0.0199341,0.729052],[0.725569,0.119915,0.677621]]],"btipPosition":[-102.059,204.203,-43.4873],"carpPosition":[-9.43758,214.686,-6.61069],"dipPosition":[-85.5921,206.925,-28.109],"direction":[-0.900223,-0.108049,-0.42181],"extended":true,"handId":242,"id":2420,"length":50.5373,"mcpPosition":[-9.43758,214.686,-6.61069],"pipPosition":[-55.8285,210.497,-14.1629],"stabilizedTipPosition":[-96.4888,202.923,-40.7977],"timeVisible":0.102947,"tipPosition":[-98.2333,209.743,-42.6192],"tipVelocity":[-485.022,509.673,249.97],"tool":false,"touchDistance":0.733344,"touchZone":"hovering","type":0,"width":20.3863},{"bases":[[[0.599015,0.225673,-0.768279],[0.128353,0.919997,0.370313],[0.790384,-0.320434,0.522126]],[[0.638373,0.209112,-0.740778],[-0.626516,0.700253,-0.342234],[0.447167,0.682582,0.578034]],[[0.638373,0.209112,-0.740778],[-0.478149,-0.646453,-0.594535],[-0.603203,0.733737,-0.312691]],[[0.638373,0.209112,-0.740778],[-0.0240125,-0.956512,-0.290704],[-0.769353,0.203365,-0.60559]]],"btipPosition":[-52.746,209.926,-52.5307],"carpPosition":[-6.03276,236.644,-9.4996],"dipPosition":[-65.4926,213.295,-62.5641],"direction":[0.603203,-0.733737,0.312691],"extended":false,"handId":242,"id":2421,"length":57.0257,"mcpPosition":[-61.0012,258.929,-45.8116],"pipPosition":[-79.6305,230.493,-69.893],"stabilizedTipPosition":[-51.2937,205.44,-57.112],"timeVisible":0.102947,"tipPosition":[-61.0002,211.41,-59.4235],"tipVelocity":[-497.35,530.152,208.499],"tool":false,"touchDistance":0.333333,"touchZone":"none","type":1,"width":19.473},{"bases":[[[0.669574,0.0201405,-0.742472],[0.245097,0.937646,0.246468],[0.70114,-0.347007,0.622888]],[[0.648964,0.0301933,-0.76022],[-0.527945,0.73736,-0.421396],[0.547832,0.674825,0.49446]],[[0.648964,0.0301933,-0.76022],[-0.588256,-0.613764,-0.526543],[-0.482494,0.788912,-0.380549]],[[0.648964,0.0301933,-0.76022],[-0.163046,-0.970479,-0.177729],[-0.743143,0.23929,-0.624883]]],"btipPosition":[-44.37,206.132,-60.3527],"carpPosition":[0.631148,240.902,-18.041],"dipPosition":[-57.912,210.492,-71.7397],"direction":[0.482494,-0.788912,0.380549],"extended":false,"handId":242,"id":2422,"length":64.9762,"mcpPosition":[-45.611,263.788,-59.1222],"pipPosition":[-71.2167,232.247,-82.2333],"stabilizedTipPosition":[-46.0723,205.788,-63.2634],"timeVisible":0.102947,"tipPosition":[-49.447,208.811,-64.7659],"tipVelocity":[-561.333,538.609,137.206],"tool":false,"touchDistance":0.333333,"touchZone":"none","type":2,"width":19.1251},{"bases":[[[0.745061,-0.101885,-0.659169],[0.314535,0.92515,0.212523],[0.588177,-0.365674,0.721339]],[[0.742119,-0.100061,-0.662758],[-0.361124,0.77332,-0.521119],[0.564668,0.62607,0.537761]],[[0.742119,-0.100061,-0.662758],[-0.591185,-0.563662,-0.576876],[-0.315849,0.819922,-0.477459]],[[0.742119,-0.100061,-0.662758],[-0.266263,-0.951437,-0.154502],[-0.615113,0.291126,-0.732722]]],"btipPosition":[-31.6305,209.43,-66.8061],"carpPosition":[8.0338,242.202,-26.8945],"dipPosition":[-42.7751,214.705,-80.0815],"direction":[0.315849,-0.819922,0.477459],"extended":false,"handId":242,"id":2423,"length":62.4764,"mcpPosition":[-26.7949,263.855,-69.6083],"pipPosition":[-51.2596,236.73,-92.9073],"stabilizedTipPosition":[-32.77,209.275,-70.0883],"timeVisible":0.102947,"tipPosition":[-35.4889,212.381,-71.4727],"tipVelocity":[-573.586,550.505,112.665],"tool":false,"touchDistance":0.333333,"touchZone":"none","type":3,"width":18.1987},{"bases":[[[0.745847,-0.294975,-0.597245],[0.47731,0.862075,0.170299],[0.464636,-0.412088,0.783771]],[[0.757856,-0.305753,-0.576342],[-0.106451,0.8136,-0.571597],[0.643679,0.49454,0.584044]],[[0.757856,-0.305753,-0.576342],[-0.650264,-0.425784,-0.629178],[-0.053024,0.8516,-0.521503]],[[0.757856,-0.305753,-0.576342],[-0.495291,-0.844628,-0.203198],[-0.424666,0.439452,-0.791543]]],"btipPosition":[-23.6146,218.816,-76.2421],"carpPosition":[15.8208,236.681,-36.3759],"dipPosition":[-30.7127,226.161,-89.4724],"direction":[0.053024,-0.8516,0.521503],"extended":false,"handId":242,"id":2424,"length":48.9803,"mcpPosition":[-9.64796,259.269,-79.3378],"pipPosition":[-31.7183,242.313,-99.3634],"stabilizedTipPosition":[-19.6659,214.363,-81.3979],"timeVisible":0.102947,"tipPosition":[-29.6182,223.121,-86.6657],"tipVelocity":[-543.558,559.587,173.053],"tool":false,"touchDistance":0.333333,"touchZone":"none","type":4,"width":16.1655}],"r":[[0.998303,-0.0364737,-0.0454046],[0.0424199,0.989556,0.137766],[0.0399056,-0.139458,0.989424]],"s":0.622867,"t":[-46.8615,48.2435,7.59608],"timestamp":259353853363},{"currentFrameRate":38.9044,"devices":[],"gestures":[],"hands":[{"armBasis":[[0.575192,0.182054,-0.797503],[0.114356,0.947451,0.298763],[0.809986,-0.263045,0.524147]],"armWidth":62.9551,"confidence":0.535181,"direction":[-0.670855,0.476261,-0.568445],"elbow":[228.081,159.25,124.262],"grabAngle":3.14159,"grabStrength":1,"id":242,"palmNormal":[-0.257115,-0.868352,-0.424095],"palmPosition":[-34.2102,253.769,-46.4374],"palmVelocity":[-488.673,439.718,246.138],"palmWidth":86.0143,"pinchDistance":38.9485,"pinchStrength":0.436852,"r":[[0.997186,-0.0410828,-0.0627028],[0.0505587,0.986156,0.157925],[0.0553467,-0.160651,0.985458]],"s":0.594944,"sphereCenter":[-58.1986,222.881,-72.0137],"sphereRadius":39.1074,"stabilizedPalmPosition":[-32.529,252.207,-47.2546],"t":[-52.5671,53.7229,9.98299],"timeVisible":0.113397,"type":"right","wrist":[21.3437,226.389,-9.51907]}],"id":151580,"interactionBox":{"center":[0,200,0],"size":[235.247,235.247,147.751]},"pointables":[{"bases":[[[0.378969,0.925283,-0.0152864],[-0.183011,0.0911276,0.978878],[0.907133,-0.368167,0.203871]],[[-0.0779931,0.991211,-0.106857],[-0.135336,0.095665,0.986171],[0.987725,0.0913761,0.126685]],[[-0.0779931,0.991211,-0.106857],[-0.408853,0.065955,0.910214],[0.909262,0.114679,0.400115]],[[-0.0779931,0.991211,-0.106857],[-0.680186,0.0254573,0.732598],[0.728879,0.12982,0.672222]]],"btipPosition":[-106.316,208.816,-38.7227],"carpPosition":[-13.1031,219.866,-4.26012],"dipPosition":[-89.7743,211.763,-23.4669],"direction":[-0.909262,-0.114679,-0.400115],"extended":true,"handId":242,"id":2420,"length":50.5373,"mcpPosition":[-13.1031,219.866,-4.26012],"pipPosition":[-59.7118,215.554,-10.2381],"stabilizedTipPosition":[-100.572,207.378,-37.0119],"timeVisible":0.113397,"tipPosition":[-102.998,214.084,-37.1582],"tipVelocity":[-405.74,446.41,453.25],"tool":false,"touchDistance":0.76439,"touchZone":"hovering","type":0,"width":20.3863},{"bases":[[[0.573078,0.216352,-0.790426],[0.138843,0.924945,0.353836],[0.807654,-0.312521,0.500026]],[[0.617515,0.198466,-0.761109],[-0.628638,0.706113,-0.325912],[0.472746,0.679718,0.560798]],[[0.617515,0.198466,-0.761109],[-0.511062,-0.634319,-0.580047],[-0.597905,0.747162,-0.290273]],[[0.617515,0.198466,-0.761109],[-0.0351566,-0.959712,