{"frames":212,"data":[{"currentFrameRate":24.7077,"devices":[],"gestures":[],"hands":[],"id":152183,"interactionBox":{"center":[0,200,0],"size":[235.247,235.247,147.751]},"pointables":[],"r":[[-0.451118,-0.878766,0.155767],[0.630521,-0.437343,-0.641229],[0.631613,-0.191055,0.751374]],"s":-0.0734829,"t":[559.648,-310.26,370.787],"timestamp":259371119403},{"currentFrameRate":24.7556,"devices":[],"gestures":[],"hands":[],"id":152184,"interactionBox":{"center":[0,200,0],"size":[235.247,235.247,147.751]},"pointables":[],"r":[[-0.451118,-0.878766,0.155767],[0.630521,-0.437343,-0.641229],[0.631613,-0.191055,0.751374]],"s":-0.0734829,"t":[559.648,-310.26,370.787],"timestamp":259371159448},{"currentFrameRate":24.7753,"devices":[],"gestures":[],"hands":[],"id":152185,"interactionBox":{"center":[0,200,0],"size":[235.247,235.247,147.751]},"pointables":[],"r":[[-0.451118,-0.878766,0.155767],[0.630521,-0.437343,-0.641229],[0.631613,-0.191055,0.751374]],"s":-0.0734829,"t":[559.648,-310.26,370.787],"timestamp":259371199667},{"currentFrameRate":24.7695,"devices":[],"gestures":[],"hands":[],"id":152186,"interactionBox":{"center":[0,200,0],"size":[235.247,235.247,147.751]},"pointables":[],"r":[[-0.451118,-0.878766,0.155767],[0.630521,-0.437343,-0.641229],[0.631613,-0.191055,0.751374]],"s":-0.0734829,"t":[559.648,-310.26,370.787],"timestamp":259371240082},{"currentFrameRate":24.8148,"devices":[],"gestures":[],"hands":[],"id":152187,"interactionBox":{"center":[0,200,0],"size":[235.247,235.247,147.751]},"pointables":[],"r":[[-0.451118,-0.878766,0.155767],[0.630521,-0.437343,-0.641229],[0.631613,-0.191055,0.751374]],"s":-0.0734829,"t":[559.648,-310.26,370.787],"timestamp":259371280051},{"currentFrameRate":24.7809,"devices":[],"gestures":[],"hands":[],"id":152188,"interactionBox":{"center":[0,200,0],"size":[235.247,235.247,147.751]},"pointables":[],"r":[[-0.451118,-0.878766,0.155767],[0.630521,-0.437343,-0.641229],[0.631613,-0.191055,0.751374]],"s":-0.0734829,"t":[559.648,-310.26,370.787],"timestamp":259371320651},{"currentFrameRate":24.8327,"devices":[],"gestures":[],"hands":[],"id":152189,"interactionBox":{"center":[0,200,0],"size":[235.247,235.247,147.751]},"pointables":[],"r":[[-0.451118,-0.878766,0.155767],[0.630521,-0.437343,-0.641229],[0.631613,-0.191055,0.751374]],"s":-0.0734829,"t":[559.648,-310.26,370.787],"timestamp":259371360544},{"currentFrameRate":24.844,"devices":[],"gestures":[],"hands":[],"id":152190,"interactionBox":{"center":[0,200,0],"size":[235.247,235.247,147.751]},"pointables":[],"r":[[-0.451118,-0.878766,0.155767],[0.630521,-0.437343,-0.641229],[0.631613,-0.191055,0.751374]],"s":-0.0734829,"t":[559.648,-310.26,370.787],"timestamp":259371400713},{"currentFrameRate":24.8576,"devices":[],"gestures":[],"hands":[],"id":152191,"interactionBox":{"center":[0,200,0],"size":[235.247,235.247,147.751]},"pointables":[],"r":[[-0.451118,-0.878766,0.155767],[0.630521,-0.437343,-0.641229],[0.631613,-0.191055,0.751374]],"s":-0.0734829,"t":[559.648,-310.26,370.787],"timestamp":259371440843},{"currentFrameRate":24.8249,"devices":[],"gestures":[],"hands":[],"id":152192,"interactionBox":{"center":[0,200,0],"size":[235.247,235.247,147.751]},"pointables":[],"r":[[-0.451118,-0.878766,0.155767],[0.630521,-0.437343,-0.641229],[0.631613,-0.191055,0.751374]],"s":-0.0734829,"t":[559.648,-310.26,370.787],"timestamp":259371481363},{"currentFrameRate":24.853,"devices":[],"gestures":[],"hands":[],"id":152193,"interactionBox":{"center":[0,200,0],"size":[235.247,235.247,147.751]},"pointables":[],"r":[[-0.451118,-0.878766,0.155767],[0.630521,-0.437343,-0.641229],[0.631613,-0.191055,0.751374]],"s":-0.0734829,"t":[559.648,-310.26,370.787],"timestamp":259371521395},{"currentFrameRate":24.8576,"devices":[],"gestures":[],"hands":[],"id":152194,"interactionBox":{"center":[0,200,0],"size":[235.247,235.247,147.751]},"pointables":[],"r":[[-0.451118,-0.878766,0.155767],[0.630521,-0.437343,-0.641229],[0.631613,-0.191055,0.751374]],"s":-0.0734829,"t":[559.648,-310.26,370.787],"timestamp":259371561591},{"currentFrameRate":24.8688,"devices":[],"gestures":[],"hands":[],"id":152195,"interactionBox":{"center":[0,200,0],"size":[235.247,235.247,147.751]},"pointables":[],"r":[[-0.451118,-0.878766,0.155767],[0.630521,-0.437343,-0.641229],[0.631613,-0.191055,0.751374]],"s":-0.0734829,"t":[559.648,-310.26,370.787],"timestamp":259371601721},{"currentFrameRate":24.8617,"devices":[],"gestures":[],"hands":[],"id":152196,"interactionBox":{"center":[0,200,0],"size":[235.247,235.247,147.751]},"pointables":[],"r":[[-0.451118,-0.878766,0.155767],[0.630521,-0.437343,-0.641229],[0.631613,-0.191055,0.751374]],"s":-0.0734829,"t":[559.648,-310.26,370.787],"timestamp":259371641995},{"currentFrameRate":24.8674,"devices":[],"gestures":[],"hands":[{"armBasis":[[0.746987,-0.134574,-0.651077],[0.282316,0.950828,0.127372],[0.601921,-0.278955,0.748248]],"armWidth":60.2356,"confidence":0,"direction":[-0.340991,0.384919,-0.85765],"elbow":[265.363,127.229,165.304],"grabAngle":3.00284,"grabStrength":1,"id":243,"palmNormal":[-0.341465,-0.90073,-0.268491],"palmPosition":[76.8811,222.706,-83.9781],"palmVelocity":[1.19209e-7,1.19209e-7,1.19209e-7],"palmWidth":86.0143,"pinchDistance":30.6699,"pinchStrength":0.796022,"r":[[1,3.33067e-17,3.33067e-17],[-3.33067e-17,1,-1.11022e-17],[-3.33067e-17,1.11022e-17,1]],"s":1,"sphereCenter":[57.928,188.885,-110.613],"sphereRadius":40.153,"stabilizedPalmPosition":[76.8811,222.706,-83.9781],"t":[0,0,0],"timeVisible":0,"type":"right","wrist":[111.732,198.429,-25.6759]}],"id":152197,"interactionBox":{"center":[0,200,0],"size":[235.247,235.247,147.751]},"pointables":[{"bases":[[[0.59132,0.799743,-0.103692],[-0.4191,0.414607,0.807747],[0.688981,-0.43418,0.580338]],[[0.274016,0.905924,-0.322827],[-0.519499,0.421916,0.743039],[0.809343,-0.0358964,0.586239]],[[0.274016,0.905924,-0.322827],[-0.627009,0.422808,0.654288],[0.729229,0.02313,0.683879]],[[0.274016,0.905924,-0.322827],[-0.776159,0.406524,0.481992],[0.567884,0.118491,0.814535]]],"btipPosition":[1.74798,198.596,-98.1352],"carpPosition":[76.0068,200.269,-30.409],"dipPosition":[14.3117,201.217,-80.1146],"direction":[-0.729229,-0.02313,-0.683879],"extended":true,"handId":243,"id":2430,"length":49.2665,"mcpPosition":[76.0068,200.269,-30.409],"pipPosition":[37.8156,201.963,-58.0724],"stabilizedTipPosition":[4.63765,199.199,-93.9905],"timeVisible":0,"tipPosition":[4.63765,199.199,-93.9905],"tipVelocity":[1.19209e-7,1.19209e-7,1.19209e-7],"tool":false,"touchDistance":0.100159,"touchZone":"hovering","type":0,"width":19.1427},{"bases":[[[0.806171,-0.133818,-0.576352],[0.266008,0.952067,0.151026],[0.528515,-0.275067,0.803125]],[[0.789806,-0.125432,-0.600394],[-0.0959161,0.941566,-0.322884],[0.60581,0.312603,0.731623]],[[0.789806,-0.125432,-0.600394],[-0.593187,0.0927562,-0.799703],[0.155999,0.987757,-0.00114517]],[[0.789806,-0.125432,-0.600394],[-0.558504,-0.551691,-0.619443],[-0.253534,0.824563,-0.505783]]],"btipPosition":[24.7174,189.824,-114.838],"carpPosition":[85.5471,219.277,-37.4654],"dipPosition":[20.6225,203.142,-123.007],"direction":[-0.155999,-0.987757,0.00114517],"extended":false,"handId":243,"id":2431,"length":55.5917,"mcpPosition":[48.7907,238.407,-93.32],"pipPosition":[24.1868,225.711,-123.033],"stabilizedTipPosition":[23.7756,192.887,-116.717],"timeVisible":0,"tipPosition":[23.7756,192.887,-116.717],"tipVelocity":[1.19209e-7,1.19209e-7,1.19209e-7],"tool":false,"touchDistance":0.333333,"touchZone":"none","type":1,"width":18.2851},{"bases":[[[0.812924,-0.330081,-0.479793],[0.41001,0.909467,0.0690086],[0.413577,-0.252819,0.874664]],[[0.815074,-0.331397,-0.475217],[-0.175413,0.640587,-0.747582],[0.552164,0.692694,0.463994]],[[0.815074,-0.331397,-0.475217],[-0.562205,-0.650538,-0.510613],[-0.139931,0.683356,-0.71655]],[[0.815074,-0.331397,-0.475217],[-0.344295,-0.936763,0.062739],[-0.465957,0.112478,-0.877629]]],"btipPosition":[54.5669,184.165,-88.2821],"carpPosition":[94.9637,219.421,-44.3062],"dipPosition":[46.2895,186.163,-103.873],"direction":[0.139931,-0.683356,0.71655],"extended":false,"handId":243,"id":2432,"length":63.3423,"mcpPosition":[67.6871,236.095,-101.993],"pipPosition":[42.5279,204.533,-123.134],"stabilizedTipPosition":[52.6631,184.625,-91.8679],"timeVisible":0,"tipPosition":[52.6631,184.625,-91.8679],"tipVelocity":[1.19209e-7,1.19209e-7,1.19209e-7],"tool":false,"touchDistance":0.333333,"touchZone":"none","type":2,"width":17.9584},{"bases":[[[0.831688,-0.431301,-0.349677],[0.480017,0.875037,0.0624004],[0.279067,-0.219749,0.93479]],[[0.832551,-0.431982,-0.346773],[-0.0164931,0.606394,-0.794993],[0.553703,0.667592,0.497729]],[[0.832551,-0.431982,-0.346773],[-0.55341,-0.621007,-0.555056],[0.0244252,0.65402,-0.756083]],[[0.832551,-0.431982,-0.346773],[-0.444474,-0.894546,0.047237],[-0.33061,0.114804,-0.936759]]],"btipPosition":[69.6747,182.238,-90.5009],"carpPosition":[104.386,216.577,-50.4704],"dipPosition":[63.8354,184.266,-107.046],"direction":[-0.0244252,-0.65402,0.756083],"extended":false,"handId":243,"id":2433,"length":60.9053,"mcpPosition":[87.8614,229.589,-105.824],"pipPosition":[64.475,201.393,-126.846],"stabilizedTipPosition":[68.3317,182.704,-94.3063],"timeVisible":0,"tipPosition":[68.3317,182.704,-94.3063],"tipVelocity":[1.19209e-7,1.19209e-7,1.19209e-7],"tool":false,"touchDistance":0.333333,"touchZone":"none","type":3,"width":17.0885},{"bases":[[[0.767575,-0.592449,-0.244606],[0.626288,0.774427,0.089593],[0.13635,-0.221963,0.965474]],[[0.774212,-0.604367,-0.187981],[0.295049,0.607383,-0.737585],[0.559948,0.515584,0.648561]],[[0.774212,-0.604367,-0.187981],[-0.488521,-0.38177,-0.784601],[0.402422,0.69928,-0.590817]],[[0.774212,-0.604367,-0.187981],[-0.63281,-0.744839,-0.211581],[-0.0121427,0.282765,-0.959112]]],"btipPosition":[79.1338,184.496,-103.446],"carpPosition":[112.567,207.1,-55.3976],"dipPosition":[78.9359,189.104,-119.074],"direction":[-0.402422,-0.69928,0.590817],"extended":false,"handId":243,"id":2434,"length":47.7486,"mcpPosition":[105.093,219.267,-108.319],"pipPosition":[86.3764,202.033,-129.998],"stabilizedTipPosition":[79.0882,185.556,-107.041],"timeVisible":0,"tipPosition":[79.0882,185.556,-107.041],"tipVelocity":[1.19209e-7,1.19209e-7,1.19209e-7],"tool":false,"touchDistance":0.333333,"touchZone":"none","type":4,"width":15.1794}],"r":[[1,3.33067e-17,3.33067e-17],[-3.33067e-17,1,-1.11022e-17],[-3.33067e-17,1.11022e-17,1]],"s":1,"t":[0,0,0],"timestamp":259371682167},{"currentFrameRate":24.8609,"devices":[],"gestures":[],"hands":[{"armBasis":[[0.723563,-0.0465003,-0.688691],[0.280706,0.931323,0.232037],[0.630604,-0.361213,0.686924]],"armWidth":62.9551,"confidence":0.209022,"direction":[-0.431675,0.400571,-0.808208],"elbow":[259.414,125.345,149.664],"grabAngle":3.01422,"grabStrength":1,"id":243,"palmNormal":[-0.309126,-0.907426,-0.284638],"palmPosition":[58.1358,243.028,-79.7392],"palmVelocity":[-465.481,504.633,105.261],"palmWidth":86.0143,"pinchDistance":35.418,"pinchStrength":0.626713,"r":[[0.999799,0.0124217,-0.0157637],[-0.0122677,0.999876,0.00982759],[0.0158838,-0.00963222,0.999827]],"s":0.965867,"sphereCenter":[38.1385,207.697,-106.829],"sphereRadius":40.7245,"stabilizedPalmPosition":[58.8329,242.273,-79.8968],"t":[-9.37268,10.161,2.11948],"timeVisible":0.040271,"type":"right","wrist":[98.462,217.539,-25.663]}],"id":152198,"interactionBox":{"center":[0,200,0],"size":[235.247,235.247,147.751]},"pointables":[{"bases":[[[0.533251,0.8387,-0.110572],[-0.375274,0.351668,0.857612],[0.758164,-0.415828,0.50227]],[[0.121883,0.935922,-0.330445],[-0.412717,0.35057,0.840693],[0.902668,0.0339147,0.429]],[[0.121883,0.935922,-0.330445],[-0.584617,0.336742,0.738124],[0.802102,0.10322,0.588199]],[[0.121883,0.935922,-0.330445],[-0.78931,0.293249,0.53944],[0.601777,0.195075,0.774474]]],"btipPosition":[-19.8278,208.792,-84.7005],"carpPosition":[62.9438,218.233,-27.4332],"dipPosition":[-6.17075,213.22,-67.1242],"direction":[-0.802102,-0.10322,-0.588199],"extended":true,"handId":243,"id":2430,"length":50.5373,"mcpPosition":[62.9438,218.233,-27.4332],"pipPosition":[20.3488,216.632,-47.6768],"stabilizedTipPosition":[-14.0199,208.484,-82.3253],"timeVisible":0.040271,"tipPosition":[-14.5793,213.269,-83.3784],"tipVelocity":[-529.52,263.514,331.07],"tool":false,"touchDistance":0.326646,"touchZone":"hovering","type":0,"width":20.3863},{"bases":[[[0.762897,-0.0579083,-0.643921],[0.221474,0.959126,0.176141],[0.607402,-0.27699,0.74454]],[[0.749674,-0.0519454,-0.659765],[-0.315364,0.848412,-0.425138],[0.581837,0.526781,0.619651]],[[0.749674,-0.0519454,-0.659765],[-0.608039,-0.447668,-0.655653],[-0.261298,0.89269,-0.36719]],[[0.749674,-0.0519454,-0.659765],[-0.370301,-0.859177,-0.353117],[-0.548512,0.509034,-0.663339]]],"btipPosition":[19.4817,206.051,-92.2768],"carpPosition":[70.7521,238.089,-34.2779],"dipPosition":[10.394,214.484,-103.267],"direction":[0.261298,-0.89269,0.36719],"extended":false,"handId":243,"id":2431,"length":57.0257,"mcpPosition":[28.5094,257.353,-86.0581],"pipPosition":[4.26965,235.407,-111.873],"stabilizedTipPosition":[21.3479,198.631,-108.384],"timeVisible":0.040271,"tipPosition":[13.2797,209.082,-99.4806],"tipVelocity":[-158.527,375.03,544.129],"tool":false,"touchDistance":0.333333,"touchZone":"none","type":1,"width":19.473},{"bases":[[[0.788936,-0.257452,-0.557941],[0.360545,0.929214,0.081046],[0.497581,-0.265103,0.825914]],[[0.75768,-0.241092,-0.606462],[-0.297673,0.699304,-0.649896],[0.580786,0.67294,0.458082]],[[0.75768,-0.241092,-0.606462],[-0.594542,-0.638226,-0.489068],[-0.269149,0.731124,-0.62691]],[[0.75768,-0.241092,-0.606462],[-0.313532,-0.94947,-0.0142592],[-0.57238,0.200949,-0.794985]]],"btipPosition":[37.444,201.329,-85.9321],"carpPosition":[79.5548,239.12,-41.8237],"dipPosition":[27.0137,204.991,-100.419],"direction":[0.269149,-0.731124,0.62691],"extended":false,"handId":243,"id":2432,"length":64.9762,"mcpPosition":[46.7379,256.605,-96.295],"pipPosition":[19.592,225.151,-117.706],"stabilizedTipPosition":[35.6451,201.574,-89.3527],"timeVisible":0.040271,"tipPosition":[35.5305,203.643,-87.8134],"tipVelocity":[-437.488,435.707,64.6573],"tool":false,"touchDistance":0.333333,"touchZone":"none","type":2,"width":19.1251},{"bases":[[[0.824121,-0.362968,-0.434831],[0.431667,0.899522,0.0672636],[0.366725,-0.243136,0.897996]],[[0.814535,-0.356672,-0.457513],[-0.113555,0.675373,-0.728681],[0.568892,0.645489,0.509613]],[[0.814535,-0.356672,-0.457513],[-0.572854,-0.618921,-0.537378],[-0.0914967,0.699801,-0.708454]],[[0.814535,-0.356672,-0.457513],[-0.40502,-0.91427,-0.00832459],[-0.415321,0.192083,-0.889164]]],"btipPosition":[52.2123,201.294,-88.9561],"carpPosition":[88.5929,237.142,-48.8429],"dipPosition":[44.6876,204.774,-105.066],"direction":[0.0914967,-0.699801,0.708454],"extended":false,"handId":243,"id":2433,"length":62.4764,"mcpPosition":[66.8775,251.539,-102.017],"pipPosition":[42.2297,223.572,-124.097],"stabilizedTipPosition":[51.0589,201.467,-92.7146],"timeVisible":0.040271,"tipPosition":[51.0488,202.961,-91.4614],"tipVelocity":[-443.249,481.486,40.8472],"tool":false,"touchDistance":0.333333,"touchZone":"none","type":3,"width":18.1987},{"bases":[[[0.778298,-0.532273,-0.333072],[0.585285,0.807078,0.0778825],[0.22736,-0.255558,0.93968]],[[0.782251,-0.536771,-0.316167],[0.285557,0.76002,-0.583804],[0.553662,0.366398,0.747804]],[[0.782251,-0.536771,-0.316167],[-0.464374,-0.164124,-0.870299],[0.41526,0.827611,-0.377648]],[[0.782251,-0.536771,-0.316167],[-0.621921,-0.643534,-0.446181],[0.0360329,0.545656,-0.837234]]],"btipPosition":[56.9584,205.046,-110.85],"carpPosition":[96.883,228.418,-54.8581],"dipPosition":[57.5607,214.167,-124.844],"direction":[-0.41526,-0.827611,0.377648],"extended":false,"handId":243,"id":2434,"length":48.9803,"mcpPosition":[84.4205,242.426,-106.366],"pipPosition":[65.4366,229.863,-132.007],"stabilizedTipPosition":[58.079,206.18,-113.755],"timeVisible":0.040271,"tipPosition":[58.9952,207.144,-109.015],"tipVelocity":[-546.083,536.06,-174.519],"tool":false,"touchDistance":0.333333,"touchZone":"none","type":4,"width":16.1655}],"r":[[0.999799,0.0124217,-0.0157637],[-0.0122677,0.999876,0.00982759],[0.0158838,-0.00963222,0.999827]],"s":0.965867,"t":[-9.37268,10.161,2.11948],"timestamp":259371722438},{"currentFrameRate":24.8267,"devices":[],"gestures":[],"hands":[{"armBasis":[[0.676215,-0.0234791,-0.73633],[0.287412,0.928699,0.234334],[0.678327,-0.370091,0.634748]],"armWidth":62.9551,"confidence":0.401681,"direction":[-0.505616,0.428303,-0.748938],"elbow":[254.117,142.743,135.642],"grabAngle":3.11084,"grabStrength":1,"id":243,"palmNormal":[-0.327286,-0.898408,-0.292827],"palmPosition":[35.9272,264.296,-75.7213],"palmVelocity":[-547.982,524.768,99.1371],"palmWidth":86.0143,"pinchDistance":38.1198,"pinchStrength":0.507567,"r":[[0.998628,0.0247249,-0.0461529],[-0.0235276,0.999377,0.0263079],[0.0467746,-0.0251859,0.998588]],"s":0.927881,"sphereCenter":[12.3004,230.551,-100.778],"sphereRadius":40.1778,"stabilizedPalmPosition":[36.0595,264.169,-75.7455],"t":[-25.1633,25.8754,5.18814],"timeVisible":0.080799,"type":"right","wrist":[80.9841,237.203,-26.3687]}],"id":152199,"interactionBox":{"center":[0,200,0],"size":[235.247,235.247,147.751]},"pointables":[{"bases":[[[0.515293,0.84808,-0.123425],[-0.298753,0.312741,0.901632],[0.803256,-0.427731,0.414519]],[[0.0557414,0.948885,-0.310662],[-0.284752,0.313331,0.905947],[0.956979,0.0379628,0.287663]],[[0.0557414,0.948885,-0.310662],[-0.522987,0.292794,0.800472],[0.850516,0.117852,0.512575]],[[0.0557414,0.948885,-0.310662],[-0.768681,0.239354,0.59316],[0.637199,0.205736,0.742732]]],"btipPosition":[-42.1313,227.103,-72.5025],"carpPosition":[45.6077,237.46,-25.1254],"dipPosition":[-27.6704,231.772,-55.6466],"direction":[-0.850516,-0.117852,-0.512575],"extended":true,"handId":243,"id":2430,"length":50.5373,"mcpPosition":[45.6077,237.46,-25.1254],"pipPosition":[0.449839,235.668,-38.6996],"stabilizedTipPosition":[-37.3852,227.048,-69.4106],"timeVisible":0.080799,"tipPosition":[-37.0519,232.785,-72.9479],"tipVelocity":[-545.761,453.17,296.888],"tool":false,"touchDistance":0.507799,"touchZone":"hovering","type":0,"width":20.3863},{"bases":[[[0.702044,-0.0237677,-0.711736],[0.229844,0.953518,0.194872],[0.674022,-0.300397,0.674875]],[[0.695004,-0.0206457,-0.718709],[-0.434182,0.784707,-0.442403],[0.57311,0.619523,0.536411]],[[0.695004,-0.0206457,-0.718709],[-0.586444,-0.594609,-0.550021],[-0.415995,0.80375,-0.425363]],[[0.695004,-0.0206457,-0.718709],[-0.237694,-0.949984,-0.202565],[-0.67858,0.311617,-0.66515]]],"btipPosition":[2.8698,228.739,-80.1132],"carpPosition":[52.6291,257.659,-31.8206],"dipPosition":[-8.37286,233.902,-91.1333],"direction":[0.415995,-0.80375,0.425363],"extended":false,"handId":243,"id":2431,"length":57.0257,"mcpPosition":[5.75316,278.55,-78.7558],"pipPosition":[-18.123,252.74,-101.103],"stabilizedTipPosition":[4.24639,224.039,-87.4892],"timeVisible":0.080799,"tipPosition":[-5.96567,230.385,-88.6064],"tipVelocity":[-422.116,541.264,299.959],"tool":false,"touchDistance":0.333333,"touchZone":"none","type":1,"width":19.473},{"bases":[[[0.737115,-0.226335,-0.636737],[0.359966,0.928946,0.0865085],[0.571915,-0.29297,0.766213]],[[0.701494,-0.20836,-0.681537],[-0.354184,0.727922,-0.587097],[0.618433,0.653234,0.436835]],[[0.701494,-0.20836,-0.681537],[-0.635076,-0.616711,-0.465131],[-0.323397,0.759114,-0.564943]],[[0.701494,-0.20836,-0.681537],[-0.307063,-0.951355,-0.0252052],[-0.643132,0.226956,-0.73135]]],"btipPosition":[14.7196,222.808,-82.1245],"carpPosition":[60.7074,259.087,-40.0782],"dipPosition":[3.00008,226.944,-95.4516],"direction":[0.323397,-0.759114,0.564943],"extended":false,"handId":243,"id":2432,"length":64.9762,"mcpPosition":[22.988,278.409,-90.6121],"pipPosition":[-5.91752,247.877,-111.03],"stabilizedTipPosition":[12.1478,223.643,-85.2115],"timeVisible":0.080799,"tipPosition":[12.9258,224.988,-83.4092],"tipVelocity":[-568.024,532.68,100.531],"tool":false,"touchDistance":0.333333,"touchZone":"none","type":2,"width":19.1251},{"bases":[[[0.783995,-0.336361,-0.52174],[0.429758,0.900589,0.0651765],[0.447951,-0.27532,0.850611]],[[0.765958,-0.325385,-0.554467],[-0.180097,0.719325,-0.670922],[0.61715,0.613756,0.492371]],[[0.765958,-0.325385,-0.554467],[-0.624302,-0.582362,-0.520675],[-0.153481,0.74497,-0.649202]],[[0.765958,-0.325385,-0.554467],[-0.407411,-0.912842,-0.0271157],[-0.497318,0.246666,-0.831764]]],"btipPosition":[28.9581,222.719,-87.1491],"carpPosition":[69.0886,257.489,-47.9572],"dipPosition":[19.9477,227.188,-102.219],"direction":[0.153481,-0.74497,0.649202],"extended":false,"handId":243,"id":2433,"length":62.4764,"mcpPosition":[42.5634,273.792,-98.3258],"pipPosition":[15.8248,247.2,-119.658],"stabilizedTipPosition":[26.9871,223.654,-90.6239],"timeVisible":0.080799,"tipPosition":[27.9984,224.594,-88.5641],"tipVelocity":[-582.213,534.272,50.4898],"tool":false,"touchDistance":0.333333,"touchZone":"none","type":3,"width":18.1987},{"bases":[[[0.748714,-0.510114,-0.423334],[0.584342,0.809424,0.0581251],[0.313006,-0.290891,0.904107]],[[0.748169,-0.509608,-0.424902],[0.180757,0.772711,-0.608477],[0.638412,0.37844,0.670234]],[[0.748169,-0.509608,-0.424902],[-0.604037,-0.258139,-0.753992],[0.274557,0.82077,-0.500954]],[[0.748169,-0.509608,-0.424902],[-0.642526,-0.716232,-0.272347],[-0.165538,0.476772,-0.863299]]],"btipPosition":[35.3746,228.537,-103.656],"carpPosition":[76.8619,249.104,-55.0475],"dipPosition":[32.6077,236.506,-118.085],"direction":[-0.274557,-0.82077,0.500954],"extended":false,"handId":243,"id":2434,"length":48.9803,"mcpPosition":[59.7047,265.048,-104.606],"pipPosition":[37.815,252.073,-127.586],"stabilizedTipPosition":[34.9678,230.132,-107.041],"timeVisible":0.080799,"tipPosition":[34.4857,229.839,-106.567],"tipVelocity":[-551.686,573.077,175.047],"tool":false,"touchDistance":0.333333,"touchZone":"none","type":4,"width":16.1655}],"r":[[0.998628,0.0247249,-0.0461529],[-0.0235276,0.999377,0.0263079],[0.0467746,-0.0251859,0.998588]],"s":0.927881,"t":[-25.1633,25.8754,5.18814],"timestamp":259371762966},{"currentFrameRate":27.1518,"devices":[],"gestures":[],"hands":[{"armBasis":[[0.634144,0.0185962,-0.772991],[0.269379,0.931766,0.243408],[0.724773,-0.362583,0.585865]],"armWidth":62.9551,"confidence":0.48854,"direction":[-0.586498,0.406146,-0.700761],"elbow":[253.612,159.207,124.644],"grabAngle":3.14007,"grabStrength":1,"id":243,"palmNormal":[-0.299001,-0.912646,-0.278703],"palmPosition":[18.5952,276.971,-70.2593],"palmVelocity":[-841.604,615.456,265.224],"palmWidth":86.0143,"pinchDistance":38.162,"pinchStrength":0.523222,"r":[[0.995225,0.046342,-0.0859037],[-0.042775,0.998163,0.0429094],[0.0877343,-0.03903,0.995379]],"s":0.899058,"sphereCenter":[-5.48716,242.199,-93.5997],"sphereRadius":40.1728,"stabilizedPalmPosition":[19.5527,276.269,-70.5601],"t":[-41.7247,40.07,9.45348],"timeVisible":0.101393,"type":"right","wrist":[68.6244,251.751,-24.8893]}],"id":152200,"interactionBox":{"center":[0,200,0],"size":[235.247,235.247,147.751]},"pointables":[{"bases":[[[0.45589,0.87701,-0.151717],[-0.243194,0.28672,0.926633],[0.856166,-0.385546,0.343997]],[[-0.0309474,0.952534,-0.302856],[-0.218001,0.289274,0.932092],[0.975458,0.0948687,0.198701]],[[-0.0309474,0.952534,-0.302856],[-0.483646,0.250896,0.838533],[0.874716,0.172426,0.452925]],[[-0.0309474,0.952534,-0.302856],[-0.75403,0.176649,0.632641],[0.656111,0.247941,0.712772]]],"btipPosition":[-56.102,234.439,-61.4896],"carpPosition":[33.7383,250.243,-20.9625],"dipPosition":[-41.2119,240.066,-45.3136],"direction":[-0.874716,-0.172426,-0.452925],"extended":true,"handId":243,"id":2430,"length":50.5373,"mcpPosition":[33.7383,250.243,-20.9625],"pipPosition":[-12.2915,245.767,-30.3387],"stabilizedTipPosition":[-48.5562,233.393,-60.9063],"timeVisible":0.101393,"tipPosition":[-52.1071,240.988,-61.9027],"tipVelocity":[-673.593,366.922,527.172],"tool":false,"touchDistance":0.653201,"touchZone":"hovering","type":0,"width":20.3863},{"bases":[[[0.64358,0.0227778,-0.76504],[0.191178,0.963089,0.189501],[0.741118,-0.268217,0.615471]],[[0.641202,0.0236371,-0.767008],[-0.49299,0.778662,-0.388133],[0.588065,0.626999,0.510933]],[[0.641202,0.0236371,-0.767008],[-0.594073,-0.617393,-0.515659],[-0.485734,0.7863,-0.381831]],[[0.641202,0.0236371,-0.767008],[-0.186961,-0.964594,-0.186022],[-0.744248,0.262679,-0.614081]]],"btipPosition":[-13.2545,240.621,-72.8724],"carpPosition":[39.0716,270.87,-27.9062],"dipPosition":[-25.5852,244.973,-83.0465],"direction":[0.485734,-0.7863,0.381831],"extended":false,"handId":243,"id":2431,"length":57.0257,"mcpPosition":[-12.4706,289.523,-70.7101],"pipPosition":[-36.9698,263.402,-91.9959],"stabilizedTipPosition":[-9.37729,235.818,-79.265],"timeVisible":0.101393,"tipPosition":[-21.7939,240.923,-79.9159],"tipVelocity":[-795.113,567.895,361.044],"tool":false,"touchDistance":0.333333,"touchZone":"none","type":1,"width":19.473},{"bases":[[[0.695707,-0.178188,-0.695874],[0.313455,0.946953,0.0708999],[0.646326,-0.267451,0.714655]],[[0.655699,-0.16183,-0.737476],[-0.425195,0.728,-0.537797],[0.623914,0.666204,0.408539]],[[0.655699,-0.16183,-0.737476],[-0.641412,-0.634679,-0.431014],[-0.398309,0.755641,-0.519958]],[[0.655699,-0.16183,-0.737476],[-0.255871,-0.966588,-0.0153919],[-0.710345,0.198791,-0.675198]]],"btipPosition":[-1.48396,234.873,-76.3403],"carpPosition":[46.3772,272.831,-36.7532],"dipPosition":[-14.4283,238.495,-88.6441],"direction":[0.398309,-0.755641,0.519958],"extended":false,"handId":243,"id":2432,"length":64.9762,"mcpPosition":[3.75011,290.47,-83.8868],"pipPosition":[-25.4116,259.332,-102.982],"stabilizedTipPosition":[-3.51356,235.018,-79.5148],"timeVisible":0.101393,"tipPosition":[-2.85204,236.44,-76.851],"tipVelocity":[-800.49,580.094,292.297],"tool":false,"touchDistance":0.333333,"touchZone":"none","type":2,"width":19.1251},{"bases":[[[0.757614,-0.286478,-0.586474],[0.382803,0.922794,0.0437471],[0.528662,-0.257647,0.808786]],[[0.734059,-0.275076,-0.620879],[-0.262062,0.728719,-0.632687],[0.626483,0.627138,0.462836]],[[0.734059,-0.275076,-0.620879],[-0.636351,-0.597848,-0.487479],[-0.237097,0.752935,-0.6139]],[[0.734059,-0.275076,-0.620879],[-0.352516,-0.935803,-0.0021748],[-0.580422,0.220466,-0.783904]]],"btipPosition":[12.6202,235.65,-82.5399],"carpPosition":[54.1825,271.785,-45.2889],"dipPosition":[2.10416,239.645,-96.7426],"direction":[0.237097,-0.752935,0.6139],"extended":false,"handId":243,"id":2433,"length":62.4764,"mcpPosition":[22.878,287.042,-93.1808],"pipPosition":[-4.2649,259.871,-113.234],"stabilizedTipPosition":[10.9569,235.988,-86.0233],"timeVisible":0.101393,"tipPosition":[11.7792,236.979,-83.1824],"tipVelocity":[-810.148,622.607,233.496],"tool":false,"touchDistance":0.333333,"touchZone":"none","type":3,"width":18.1987},{"bases":[[[0.739974,-0.462881,-0.488036],[0.541172,0.84059,0.0232779],[0.399463,-0.281336,0.872513]],[[0.734377,-0.458944,-0.50006],[0.0617566,0.778871,-0.624136],[0.675926,0.427469,0.600328]],[[0.734377,-0.458944,-0.50006],[-0.664762,-0.337578,-0.666433],[0.137046,0.821834,-0.552998]],[[0.734377,-0.458944,-0.50006],[-0.595408,-0.789296,-0.150004],[-0.325852,0.407899,-0.8529]]],"btipPosition":[19.5979,242.281,-96.7516],"carpPosition":[61.8231,263.921,-53.0855],"dipPosition":[14.1515,249.099,-111.007],"direction":[-0.137046,-0.821834,0.552998],"extended":false,"handId":243,"id":2434,"length":48.9803,"mcpPosition":[39.9268,279.343,-100.912],"pipPosition":[16.7507,264.686,-121.496],"stabilizedTipPosition":[19.6727,242.753,-100.59],"timeVisible":0.101393,"tipPosition":[16.8736,242.935,-101.183],"tipVelocity":[-796.005,654.527,337.183],"tool":false,"touchDistance":0.333333,"touchZone":"none","type":4,"width":16.1655}],"r":[[0.995225,0.046342,-0.0859037],[-0.042775,0.998163,0.0429094],[0.0877343,-0.03903,0.995379]],"s":0.899058,"t":[-41.7247,40.07,9.45348],"timestamp":259371783560},{"currentFrameRate":29.2062,"devices":[],"gestures":[],"hands":[{"armBasis":[[0.611147,0.069603,-0.788451],[0.246902,0.929659,0.273448],[0.752023,-0.361787,0.550973]],"armWidth":62.9551,"confidence":0.567814,"direction":[-0.638972,0.401814,-0.655943],"elbow":[250.556,169.564,115.938],"grabAngle":3.14159,"grabStrength":1,"id":243,"palmNormal":[-0.270353,-0.915632,-0.297535],"palmPosition":[5.4553,286.406,-66.7515],"palmVelocity":[-628.431,451.234,167.767],"palmWidth":86.0143,"pinchDistance":38.141,"pinchStrength":0.502005,"r":[[0.989182,0.0741365,-0.126578],[-0.06636,0.995703,0.0645914],[0.130822,-0.055493,0.989852]],"s":0.877746,"sphereCenter":[-18.6222,251.984,-88.9926],"sphereRadius":39.633,"stabilizedPalmPosition":[5.98041,286.028,-66.8933],"t":[-56.5753,51.8847,13.3401],"timeVisible":0.122302,"type":"right","wrist":[58.6129,261.905,-24.6899]}],"id":152201,"interactionBox":{"center":[0,200,0],"size":[235.247,235.247,147.751]},"pointables":[{"bases":[[[0.406916,0.902516,-0.141013],[-0.209303,0.242384,0.947334],[0.889163,-0.355971,0.28753]],[[-0.0803705,0.96125,-0.263702],[-0.15903,0.248803,0.955409],[0.983997,0.118723,0.132872]],[[-0.0803705,0.96125,-0.263702],[-0.461324,0.198646,0.864708],[0.883584,0.191149,0.427482]],[[-0.0803705,0.96125,-0.263702],[-0.748072,0.116669,0.653281],[0.658733,0.249772,0.709708]]],"btipPosition":[-66.3303,241.143,-55.7825],"carpPosition":[24.2656,258.733,-19.2724],"dipPosition":[-51.3807,246.811,-39.676],"direction":[-0.883584,-0.191149,-0.427482],"extended":true,"handId":243,"id":2430,"length":50.5373,"mcpPosition":[24.2656,258.733,-19.2724],"pipPosition":[-22.1672,253.131,-25.5424],"stabilizedTipPosition":[-59.583,240.357,-54.1157],"timeVisible":0.122302,"tipPosition":[-63.0019,246.515,-56.02],"tipVelocity":[-488.528,321.064,272.183],"tool":false,"touchDistance":0.70658,"touchZone":"hovering","type":0,"width":20.3863},{"bases":[[[0.602648,0.0800643,-0.793981],[0.155986,0.963943,0.215599],[0.782614,-0.25378,0.568429]],[[0.612895,0.0767176,-0.786431],[-0.569046,0.733383,-0.371936],[0.548221,0.675473,0.493143]],[[0.612895,0.0767176,-0.786431],[-0.548674,-0.674889,-0.493439],[-0.568609,0.733921,-0.371543]],[[0.612895,0.0767176,-0.786431],[-0.0940489,-0.981118,-0.169005],[-0.784547,0.177546,-0.594107]]],"btipPosition":[-22.6518,249.185,-67.2224],"carpPosition":[28.2901,279.82,-25.6968],"dipPosition":[-35.6501,252.127,-77.0655],"direction":[0.568609,-0.733921,0.371543],"extended":false,"handId":243,"id":2431,"length":57.0257,"mcpPosition":[-26.138,297.469,-65.2291],"pipPosition":[-48.9772,269.329,-85.7737],"stabilizedTipPosition":[-21.2081,246.034,-72.1518],"timeVisible":0.122302,"tipPosition":[-32.3439,248.999,-74.7319],"tipVelocity":[-456.782,394.091,273.863],"tool":false,"touchDistance":0.333333,"touchZone":"none","type":1,"width":19.473},{"bases":[[[0.66736,-0.120468,-0.734927],[0.272769,0.957796,0.090691],[0.692985,-0.260989,0.672054]],[[0.624605,-0.104601,-0.773904],[-0.495709,0.712643,-0.4964],[0.603441,0.693684,0.393269]],[[0.624605,-0.104601,-0.773904],[-0.621786,-0.666191,-0.41179],[-0.472494,0.738409,-0.481146]],[[0.624605,-0.104601,-0.773904],[-0.194322,-0.980637,-0.0242906],[-0.756378,0.165559,-0.632837]]],"btipPosition":[-12.0524,243.846,-72.7147],"carpPosition":[35.0447,282.434,-34.8089],"dipPosition":[-25.8355,246.863,-84.2466],"direction":[0.472494,-0.738409,0.481146],"extended":false,"handId":243,"id":2432,"length":64.9762,"mcpPosition":[-10.6596,299.647,-79.1328],"pipPosition":[-38.8645,267.224,-97.5141],"stabilizedTipPosition":[-14.7108,244.124,-75.5483],"timeVisible":0.122302,"tipPosition":[-14.4679,245.108,-73.9055],"tipVelocity":[-514.674,422.482,181.89],"tool":false,"touchDistance":0.333333,"touchZone":"none","type":2,"width":19.1251},{"bases":[[[0.739591,-0.229419,-0.63275],[0.341704,0.937933,0.0593295],[0.579866,-0.260092,0.77208]],[[0.709791,-0.21618,-0.67042],[-0.345076,0.723012,-0.598479],[0.614101,0.65614,0.438589]],[[0.709791,-0.21618,-0.67042],[-0.62618,-0.629561,-0.459947],[-0.322639,0.74627,-0.582224]],[[0.709791,-0.21618,-0.67042],[-0.285896,-0.95824,0.00630309],[-0.643786,0.187197,-0.741955]]],"btipPosition":[1.83962,245.595,-79.3838],"carpPosition":[42.4516,282.06,-43.7459],"dipPosition":[-9.82443,248.986,-92.8265],"direction":[0.322639,-0.74627,0.582224],"extended":false,"handId":243,"id":2433,"length":62.4764,"mcpPosition":[8.11507,297.461,-89.4643],"pipPosition":[-18.4914,269.033,-108.467],"stabilizedTipPosition":[-0.469285,246.046,-82.588],"timeVisible":0.122302,"tipPosition":[-0.213374,246.588,-80.9438],"tipVelocity":[-528.223,468.961,159.304],"tool":false,"touchDistance":0.333333,"touchZone":"none","type":3,"width":18.1987},{"bases":[[[0.735039,-0.409779,-0.540184],[0.502456,0.864144,0.0281683],[0.455254,-0.292123,0.841075]],[[0.721479,-0.401104,-0.564433],[-0.058458,0.776946,-0.626847],[0.689965,0.485252,0.537102]],[[0.721479,-0.401104,-0.564433],[-0.692403,-0.425964,-0.582351],[-0.0068442,0.810969,-0.585049]],[[0.721479,-0.401104,-0.564433],[-0.5211,-0.851304,-0.0611248],[-0.455986,0.338226,-0.823213]]],"btipPosition":[9.18415,253.185,-91.8536],"carpPosition":[50.0446,274.845,-52.1903],"dipPosition":[1.56254,258.838,-105.613],"direction":[0.0068442,-0.810969,0.585049],"extended":false,"handId":243,"id":2434,"length":48.9803,"mcpPosition":[25.0901,290.858,-98.2933],"pipPosition":[1.43274,274.219,-116.709],"stabilizedTipPosition":[8.23889,253.711,-95.386],"timeVisible":0.122302,"tipPosition":[4.47273,253.631,-98.055],"tipVelocity":[-521.979,508.704,239.712],"tool":false,"touchDistance":0.333333,"touchZone":"none","type":4,"width":16.1655}],"r":[[0.989182,0.0741365,-0.126578],[-0.06636,0.995703,0.0645914],[0.130822,-0.055493,0.989852]],"s":0.877746,"t":[-56.5753,51.8847,13.3401],"timestamp":259371804469},{"currentFrameRate":31.0435,"devices":[],"gestures":[],"hands":[{"armBasis":[[0.582166,0.0695979,-0.810085],[0.255329,0.930279,0.263416],[0.771939,-0.36019,0.523807]],"armWidth":62.9551,"confidence":0.638062,"direction":[-0.677519,0.41157,-0.609572],"elbow":[246.08,177.505,110.269],"grabAngle":3.14159,"grabStrength":1,"id":243,"palmNormal":[-0.289091,-0.911092,-0.293834],"palmPosition":[-6.4188,294.461,-62.0351],"palmVelocity":[-565.541,383.647,224.632],"palmWidth":86.0143,"pinchDistance":37.1712,"pinchStrength":0.517267,"r":[[0.980589,0.0971745,-0.170299],[-0.0833783,0.992766,0.0863873],[0.177462,-0.0705112,0.981598]],"s":0.860205,"sphereCenter":[-31.836,260.749,-82.7854],"sphereRadius":39.2631,"stabilizedPalmPosition":[-5.96771,294.154,-62.2118],"t":[-69.9376,61.8196,17.6416],"timeVisible":0.143298,"type":"right","wrist":[49.0538,269.439,-23.4251]}],"id":152202,"interactionBox":{"center":[0,200,0],"size":[235.247,235.247,147.751]},"pointables":[{"bases":[[[0.39851,0.904413,-0.152405],[-0.150592,0.228438,0.961841],[0.904716,-0.360353,0.227232]],[[-0.0847419,0.966373,-0.242782],[-0.0858952,0.235666,0.968031],[0.992694,0.102887,0.063036]],[[-0.0847419,0.966373,-0.242782],[-0.426229,0.185082,0.885479],[0.900637,0.178518,0.396212]],[[-0.0847419,0.966373,-0.242782],[-0.737653,0.102956,0.667284],[0.669841,0.235635,0.704123]]],"btipPosition":[-76.5874,249.983,-48.2641],"carpPosition":[15.2348,266.088,-16.21],"dipPosition":[-61.3857,255.33,-32.2844],"direction":[-0.900637,-0.178518,-0.396212],"extended":true,"handId":243,"id":2430,"length":50.5373,"mcpPosition":[15.2348,266.088,-16.21],"pipPosition":[-31.6083,261.233,-19.1846],"stabilizedTipPosition":[-69.9992,248.728,-46.7693],"timeVisible":0.143298,"tipPosition":[-74.0451,254.156,-47.4496],"tipVelocity":[-485.764,417.524,356.7],"tool":false,"touchDistance":0.781595,"touchZone":"hovering","type":0,"width":20.3863},{"bases":[[[0.552951,0.0916346,-0.828159],[0.169972,0.960628,0.21978],[0.815693,-0.262291,0.515605]],[[0.583083,0.0817567,-0.808288],[-0.597098,0.717785,-0.358133],[0.550897,0.691449,0.467345]],[[0.583083,0.0817567,-0.808288],[-0.551372,-0.690877,-0.46763],[-0.596659,0.718335,-0.35776]],[[0.583083,0.0817567,-0.808288],[-0.07586,-0.985097,-0.154365],[-0.808863,0.151324,-0.568192]]],"btipPosition":[-33.4121,257.357,-60.0878],"carpPosition":[18.8815,287.266,-22.5583],"dipPosition":[-46.8133,259.865,-69.5016],"direction":[0.596659,-0.718335,0.35776],"extended":false,"handId":243,"id":2431,"length":57.0257,"mcpPosition":[-37.8471,305.507,-58.4169],"pipPosition":[-60.7979,276.701,-77.8868],"stabilizedTipPosition":[-32.6042,254.906,-64.7721],"timeVisible":0.143298,"tipPosition":[-43.8518,257.259,-67.6296],"tipVelocity":[-516.907,384.462,344.508],"tool":false,"touchDistance":0.333333,"touchZone":"none","type":1,"width":19.473},{"bases":[[[0.620938,-0.10976,-0.776137],[0.278875,0.956299,0.0878724],[0.732574,-0.271008,0.624412]],[[0.578433,-0.0942281,-0.810269],[-0.529483,0.712248,-0.460815],[0.620534,0.695575,0.362096]],[[0.578433,-0.0942281,-0.810269],[-0.638577,-0.670377,-0.377906],[-0.507577,0.736013,-0.44794]],[[0.578433,-0.0942281,-0.810269],[-0.186697,-0.982233,-0.0190525],[-0.794078,0.162295,-0.585748]]],"btipPosition":[-23.7847,252.123,-67.1081],"carpPosition":[25.0679,290.013,-32.0278],"dipPosition":[-38.2549,255.08,-77.782],"direction":[0.507577,-0.736013,0.44794],"extended":false,"handId":243,"id":2432,"length":64.9762,"mcpPosition":[-23.2474,307.887,-73.2095],"pipPosition":[-52.2512,275.375,-90.1339],"stabilizedTipPosition":[-26.4916,252.368,-69.8629],"timeVisible":0.143298,"tipPosition":[-26.8027,253.257,-68.6043],"tipVelocity":[-566.315,393.547,276.429],"tool":false,"touchDistance":0.333333,"touchZone":"none","type":2,"width":19.1251},{"bases":[[[0.699173,-0.22022,-0.680191],[0.345736,0.936887,0.0520565],[0.625798,-0.271563,0.731184]],[[0.668211,-0.20688,-0.714629],[-0.384369,0.726432,-0.5697],[0.636989,0.655361,0.405891]],[[0.668211,-0.20688,-0.714629],[-0.650891,-0.62779,-0.426872],[-0.360326,0.750386,-0.554153]],[[0.668211,-0.20688,-0.714629],[-0.280686,-0.959677,0.0153663],[-0.688992,0.190318,-0.699335]]],"btipPosition":[-10.5792,253.849,-74.7324],"carpPosition":[31.9128,289.768,-41.4065],"dipPosition":[-23.0623,257.297,-87.4029],"direction":[0.360326,-0.750386,0.554153],"extended":false,"handId":243,"id":2433,"length":62.4764,"mcpPosition":[-5.14355,305.849,-84.7033],"pipPosition":[-32.7416,277.455,-102.289],"stabilizedTipPosition":[-13.0437,254.373,-77.8014],"timeVisible":0.143298,"tipPosition":[-13.0023,254.852,-76.4678],"tipVelocity":[-600.459,393.777,229.997],"tool":false,"touchDistance":0.333333,"touchZone":"none","type":3,"width":18.1987},{"bases":[[[0.700102,-0.401924,-0.590181],[0.504195,0.863532,0.0100208],[0.505613,-0.304582,0.807208]],[[0.680288,-0.390002,-0.620569],[-0.122474,0.774289,-0.620868],[0.722639,0.498373,0.478975]],[[0.680288,-0.390002,-0.620569],[-0.728341,-0.454457,-0.512824],[-0.0820198,0.800854,-0.593217]],[[0.680288,-0.390002,-0.620569],[-0.500027,-0.866001,-0.00389977],[-0.535893,0.312954,-0.784142]]],"btipPosition":[-3.01366,261.865,-86.7175],"carpPosition":[38.9661,282.678,-50.4055],"dipPosition":[-11.9709,267.096,-99.8241],"direction":[0.0820198,-0.800854,0.593217],"extended":false,"handId":243,"id":2434,"length":48.9803,"mcpPosition":[11.2513,299.373,-94.6521],"pipPosition":[-13.5265,282.285,-111.075],"stabilizedTipPosition":[-4.2738,262.506,-90.0718],"timeVisible":0.143298,"tipPosition":[-8.9333,262.242,-93.3081],"tipVelocity":[-595.589,408.776,251.777],"tool":false,"touchDistance":0.333333,"touchZone":"none","type":4,"width":16.1655}],"r":[[0.980589,0.0971745,-0.170299],[-0.0833783,0.992766,0.0863873],[0.177462,-0.0705112,0.981598]],"s":0.860205,"t":[-69.9376,61.8196,17.6416],"timestamp":259371825465},{"currentFrameRate":32.7068,"devices":[],"gestures":[],"hands":[{"armBasis":[[0.5551,0.0684184,-0.828965],[0.266191,0.929586,0.254973],[0.788039,-0.362199,0.497801]],"armWidth":62.9551,"confidence":0.698916,"direction":[-0.706562,0.420465,-0.569191],"elbow":[240.786,184.562,105.959],"grabAngle":3.14159,"grabStrength":1,"id":243,"palmNormal":[-0.307436,-0.906855,-0.288266],"palmPosition":[-17.5536,302.567,-56.6952],"palmVelocity":[-531.898,387.255,255.083],"palmWidth":86.0143,"pinchDistance":35.8368,"pinchStrength":0.553983,"r":[[0.96984,0.115808,-0.214475],[-0.0944395,0.989725,0.107362],[0.224704,-0.0838689,0.970811]],"s":0.844441,"sphereCenter":[-44.3421,269.389,-75.9945],"sphere