{"frames":203,"data":[{"currentFrameRate":25.4035,"devices":[],"gestures":[],"hands":[],"id":152702,"interactionBox":{"center":[0,200,0],"size":[235.247,235.247,147.751]},"pointables":[],"r":[[-0.451118,-0.878766,0.155767],[0.630521,-0.437343,-0.641229],[0.631613,-0.191055,0.751374]],"s":-0.0734829,"t":[559.648,-310.26,370.787],"timestamp":259388903126},{"currentFrameRate":25.403,"devices":[],"gestures":[],"hands":[],"id":152703,"interactionBox":{"center":[0,200,0],"size":[235.247,235.247,147.751]},"pointables":[],"r":[[-0.451118,-0.878766,0.155767],[0.630521,-0.437343,-0.641229],[0.631613,-0.191055,0.751374]],"s":-0.0734829,"t":[559.648,-310.26,370.787],"timestamp":259388942495},{"currentFrameRate":25.3897,"devices":[],"gestures":[],"hands":[],"id":152704,"interactionBox":{"center":[0,200,0],"size":[235.247,235.247,147.751]},"pointables":[],"r":[[-0.451118,-0.878766,0.155767],[0.630521,-0.437343,-0.641229],[0.631613,-0.191055,0.751374]],"s":-0.0734829,"t":[559.648,-310.26,370.787],"timestamp":259388981976},{"currentFrameRate":17.8886,"devices":[],"gestures":[],"hands":[],"id":152705,"interactionBox":{"center":[0,200,0],"size":[235.247,235.247,147.751]},"pointables":[],"r":[[-0.451118,-0.878766,0.155767],[0.630521,-0.437343,-0.641229],[0.631613,-0.191055,0.751374]],"s":-0.0734829,"t":[559.648,-310.26,370.787],"timestamp":259389099983},{"currentFrameRate":19.2338,"devices":[],"gestures":[],"hands":[],"id":152706,"interactionBox":{"center":[0,200,0],"size":[235.247,235.247,147.751]},"pointables":[],"r":[[-0.451118,-0.878766,0.155767],[0.630521,-0.437343,-0.641229],[0.631613,-0.191055,0.751374]],"s":-0.0734829,"t":[559.648,-310.26,370.787],"timestamp":259389139341},{"currentFrameRate":20.3304,"devices":[],"gestures":[],"hands":[],"id":152707,"interactionBox":{"center":[0,200,0],"size":[235.247,235.247,147.751]},"pointables":[],"r":[[-0.451118,-0.878766,0.155767],[0.630521,-0.437343,-0.641229],[0.631613,-0.191055,0.751374]],"s":-0.0734829,"t":[559.648,-310.26,370.787],"timestamp":259389178782},{"currentFrameRate":21.2453,"devices":[],"gestures":[],"hands":[],"id":152708,"interactionBox":{"center":[0,200,0],"size":[235.247,235.247,147.751]},"pointables":[],"r":[[-0.451118,-0.878766,0.155767],[0.630521,-0.437343,-0.641229],[0.631613,-0.191055,0.751374]],"s":-0.0734829,"t":[559.648,-310.26,370.787],"timestamp":259389218064},{"currentFrameRate":18.475,"devices":[],"gestures":[],"hands":[],"id":152709,"interactionBox":{"center":[0,200,0],"size":[235.247,235.247,147.751]},"pointables":[],"r":[[-0.451118,-0.878766,0.155767],[0.630521,-0.437343,-0.641229],[0.631613,-0.191055,0.751374]],"s":-0.0734829,"t":[559.648,-310.26,370.787],"timestamp":259389296754},{"currentFrameRate":19.7067,"devices":[],"gestures":[],"hands":[],"id":152710,"interactionBox":{"center":[0,200,0],"size":[235.247,235.247,147.751]},"pointables":[],"r":[[-0.451118,-0.878766,0.155767],[0.630521,-0.437343,-0.641229],[0.631613,-0.191055,0.751374]],"s":-0.0734829,"t":[559.648,-310.26,370.787],"timestamp":259389336208},{"currentFrameRate":20.7244,"devices":[],"gestures":[],"hands":[{"armBasis":[[0.646104,-0.0379225,-0.762306],[0.249751,0.954285,0.164207],[0.721231,-0.296482,0.626039]],"armWidth":60.2356,"confidence":0,"direction":[-0.604172,0.311825,-0.733309],"elbow":[267.426,117.928,144.898],"grabAngle":2.9518,"grabStrength":0.728012,"id":245,"palmNormal":[-0.26571,-0.946422,-0.18353],"palmPosition":[32.4282,212.489,-62.2769],"palmVelocity":[1.19209e-7,1.19209e-7,1.19209e-7],"palmWidth":86.0143,"pinchDistance":33.3728,"pinchStrength":0.539526,"r":[[1,0,4.44089e-17],[2.46519e-34,1,-5.55112e-18],[-4.44089e-17,5.55112e-18,1]],"s":1,"sphereCenter":[11.5856,175.849,-82.277],"sphereRadius":40.6812,"stabilizedPalmPosition":[32.4282,212.489,-62.2769],"t":[0,0,0],"timeVisible":0,"type":"right","wrist":[83.3428,193.601,-14.889]}],"id":152711,"interactionBox":{"center":[0,200,0],"size":[235.247,235.247,147.751]},"pointables":[{"bases":[[[0.422065,0.873566,-0.242371],[-0.249985,0.369133,0.895125],[0.871418,-0.317212,0.374176]],[[0.119114,0.929179,-0.349911],[-0.249671,0.369126,0.895215],[0.960977,-0.0192704,0.275957]],[[0.119114,0.929179,-0.349911],[-0.471288,0.3631,0.80377],[0.873899,0.0691684,0.481162]],[[0.119114,0.929179,-0.349911],[-0.653823,0.338626,0.676644],[0.747213,0.148182,0.647854]]],"btipPosition":[-41.2804,186.824,-53.5339],"carpPosition":[48.7641,191.423,-10.6707],"dipPosition":[-24.7492,190.103,-39.2009],"direction":[-0.873899,-0.0691684,-0.481162],"extended":true,"handId":245,"id":2450,"length":49.2665,"mcpPosition":[48.7641,191.423,-10.6707],"pipPosition":[3.41757,192.332,-23.6925],"stabilizedTipPosition":[-37.4782,187.578,-50.2373],"timeVisible":0,"tipPosition":[-37.4782,187.578,-50.2373],"tipVelocity":[1.19209e-7,1.19209e-7,1.19209e-7],"tool":false,"touchDistance":0.779773,"touchZone":"hovering","type":0,"width":19.1427},{"bases":[[[0.754808,-0.481922,-0.44499],[0.509367,0.85807,-0.0652804],[0.413292,-0.177389,0.893153]],[[0.787007,-0.495178,-0.367992],[0.207228,0.773996,-0.59832],[0.581099,0.394624,0.711755]],[[0.787007,-0.495178,-0.367992],[-0.292662,0.22544,-0.929261],[0.54311,0.839032,0.0325027]],[[0.787007,-0.495178,-0.367992],[-0.487818,-0.134303,-0.862552],[0.377695,0.858348,-0.347254]]],"btipPosition":[17.9109,169.867,-111.912],"carpPosition":[76.1848,202.833,-44.2212],"dipPosition":[24.0651,183.853,-117.571],"direction":[-0.54311,-0.839032,-0.0325027],"extended":false,"handId":245,"id":2454,"length":47.7486,"mcpPosition":[53.5304,212.557,-93.1788],"pipPosition":[34.1068,199.366,-116.97],"stabilizedTipPosition":[19.3264,173.084,-113.214],"timeVisible":0,"tipPosition":[19.3264,173.084,-113.214],"tipVelocity":[1.19209e-7,1.19209e-7,1.19209e-7],"tool":false,"touchDistance":-0.22023,"touchZone":"touching","type":4,"width":15.1794},{"bases":[[[0.639142,-0.0304161,-0.768487],[0.155708,0.983642,0.0905692],[0.753161,-0.177546,0.633423]],[[0.614628,-0.0246992,-0.78843],[-0.534339,0.722224,-0.439174],[0.580271,0.691218,0.430701]],[[0.614628,-0.0246992,-0.78843],[-0.580696,-0.690643,-0.431051],[-0.533877,0.722774,-0.438831]],[[0.614628,-0.0246992,-0.78843],[-0.113442,-0.991887,-0.0573618],[-0.780617,0.124697,-0.612444]]],"btipPosition":[2.15186,177.177,-61.3133],"carpPosition":[53.2918,211.43,-19.6873],"dipPosition":[-10.4561,179.191,-71.2051],"direction":[0.533877,-0.722774,0.438831],"extended":false,"handId":245,"id":2451,"length":55.5917,"mcpPosition":[0.912059,223.778,-63.7397],"pipPosition":[-22.6545,195.706,-81.2318],"stabilizedTipPosition":[-0.747977,177.64,-63.5884],"timeVisible":0,"tipPosition":[-0.747977,177.64,-63.5884],"tipVelocity":[1.19209e-7,1.19209e-7,1.19209e-7],"tool":false,"touchDistance":0.333333,"touchZone":"none","type":1,"width":18.2851},{"bases":[[[0.699049,-0.221362,-0.679948],[0.278019,0.960202,-0.0267718],[0.658814,-0.170324,0.732771]],[[0.662109,-0.211752,-0.718869],[-0.534672,0.538666,-0.651126],[0.525107,0.815475,0.243438]],[[0.662109,-0.211752,-0.718869],[-0.543294,-0.796348,-0.265823],[-0.516181,0.566561,-0.642312]],[[0.662109,-0.211752,-0.718869],[-0.133837,-0.97724,0.164588],[-0.73736,-0.0127642,-0.67538]]],"btipPosition":[20.08,171.835,-58.8997],"carpPosition":[60.4825,212.762,-28.7432],"dipPosition":[6.98125,171.608,-70.8974],"direction":[0.516181,-0.566561,0.642312],"extended":false,"handId":245,"id":2452,"length":63.3423,"mcpPosition":[17.0319,223.995,-77.0715],"pipPosition":[-6.89443,186.838,-88.1637],"stabilizedTipPosition":[17.0673,171.783,-61.6592],"timeVisible":0,"tipPosition":[17.0673,171.783,-61.6592],"tipVelocity":[1.19209e-7,1.19209e-7,1.19209e-7],"tool":false,"touchDistance":0.333333,"touchZone":"none","type":2,"width":17.9584},{"bases":[[[0.765419,-0.315764,-0.560738],[0.348112,0.936015,-0.0519098],[0.54125,-0.155467,0.826365]],[[0.751969,-0.311872,-0.580757],[-0.386021,0.505817,-0.771451],[0.534351,0.804291,0.25997]],[[0.751969,-0.311872,-0.580757],[-0.543794,-0.791452,-0.279092],[-0.3726,0.525681,-0.764741]],[[0.751969,-0.311872,-0.580757],[-0.202418,-0.947684,0.246822],[-0.627352,-0.0680466,-0.775757]]],"btipPosition":[34.5055,173.824,-63.3769],"carpPosition":[68.2867,211.153,-37.1919],"dipPosition":[23.4251,172.623,-77.0786],"direction":[0.3726,-0.525681,0.764741],"extended":false,"handId":245,"id":2453,"length":60.9053,"mcpPosition":[36.2368,220.359,-86.1248],"pipPosition":[13.6677,186.389,-97.105],"stabilizedTipPosition":[31.957,173.548,-66.5283],"timeVisible":0,"tipPosition":[31.957,173.548,-66.5283],"tipVelocity":[1.19209e-7,1.19209e-7,1.19209e-7],"tool":false,"touchDistance":0.333333,"touchZone":"none","type":3,"width":17.0885}],"r":[[1,0,4.44089e-17],[2.46519e-34,1,-5.55112e-18],[-4.44089e-17,5.55112e-18,1]],"s":1,"t":[0,0,0],"timestamp":259389375584},{"currentFrameRate":21.5655,"devices":[],"gestures":[],"hands":[{"armBasis":[[0.626862,0.111667,-0.771086],[0.206508,0.930467,0.302631],[0.751264,-0.348944,0.560215]],"armWidth":62.9551,"confidence":0.204216,"direction":[-0.64885,0.335912,-0.682757],"elbow":[252.548,126.351,131.658],"grabAngle":3.14159,"grabStrength":1,"id":245,"palmNormal":[-0.188375,-0.940263,-0.283584],"palmPosition":[7.25495,235.337,-55.2177],"palmVelocity":[-640.247,581.102,179.54],"palmWidth":86.0143,"pinchDistance":38.7723,"pinchStrength":0.308564,"r":[[0.999837,0.0177116,-0.00360501],[-0.0176263,0.999593,0.0224431],[0.00400105,-0.0223759,0.999742]],"s":0.973712,"sphereCenter":[-12.8003,200.509,-76.2253],"sphereRadius":39.6206,"stabilizedPalmPosition":[8.44315,234.258,-55.5509],"t":[-12.5866,11.4239,3.52959],"timeVisible":0.039318,"type":"right","wrist":[60.799,215.414,-11.3282]}],"id":152712,"interactionBox":{"center":[0,200,0],"size":[235.247,235.247,147.751]},"pointables":[{"bases":[[[0.338535,0.928833,-0.150544],[-0.255851,0.244827,0.9352],[0.905502,-0.278081,0.320526]],[[-0.0270445,0.965208,-0.260082],[-0.178778,0.251312,0.951252],[0.983518,0.0722231,0.165762]],[[-0.0270445,0.965208,-0.260082],[-0.454991,0.219779,0.862949],[0.890086,0.141673,0.433217]],[[-0.0270445,0.965208,-0.260082],[-0.703784,0.166382,0.690655],[0.709899,0.20172,0.674798]]],"btipPosition":[-65.1829,197.579,-44.0585],"carpPosition":[26.7666,210.249,-6.59907],"dipPosition":[-49.0721,202.157,-28.7443],"direction":[-0.890086,-0.141673,-0.433217],"extended":true,"handId":245,"id":2450,"length":50.5373,"mcpPosition":[26.7666,210.249,-6.59907],"pipPosition":[-19.6436,206.841,-14.421],"stabilizedTipPosition":[-59.6862,197.807,-41.2602],"timeVisible":0.039318,"tipPosition":[-60.42,201.652,-43.3692],"tipVelocity":[-610.387,281.143,246.735],"tool":false,"touchDistance":0.880646,"touchZone":"hovering","type":0,"width":20.3863},{"bases":[[[0.617821,0.111003,-0.778444],[0.0730444,0.977603,0.197375],[0.782919,-0.178804,0.595876]],[[0.617524,0.111071,-0.77867],[-0.699691,0.529798,-0.479319],[0.3593,0.840819,0.404879]],[[0.617524,0.111071,-0.77867],[-0.359857,-0.840397,-0.40526],[-0.699405,0.530468,-0.478996]],[[0.617524,0.111071,-0.77867],[0.0719653,-0.993805,-0.0846863],[-0.783253,-0.00374134,-0.621692]]],"btipPosition":[-10.7424,196.484,-50.1793],"carpPosition":[29.306,231.449,-13.3975],"dipPosition":[-23.7192,196.422,-60.4794],"direction":[0.699405,-0.530468,0.478996],"extended":false,"handId":245,"id":2451,"length":57.0257,"mcpPosition":[-25.1433,243.885,-54.8386],"pipPosition":[-40.1119,208.855,-71.7062],"stabilizedTipPosition":[-12.3483,194.47,-53.7211],"timeVisible":0.039318,"tipPosition":[-18.1794,197.241,-56.1097],"tipVelocity":[-330.105,478.906,280.79],"tool":false,"touchDistance":0.333333,"touchZone":"none","type":1,"width":19.473},{"bases":[[[0.696351,-0.082469,-0.712948],[0.193614,0.978133,0.0759629],[0.691093,-0.190933,0.69709]],[[0.653657,-0.0708715,-0.753465],[-0.6339,0.492586,-0.596263],[0.413404,0.867373,0.277057]],[[0.653657,-0.0708715,-0.753465],[-0.419258,-0.862773,-0.282568],[-0.630044,0.500599,-0.593671]],[[0.653657,-0.0708715,-0.753465],[0.0112866,-0.994582,0.103343],[-0.756707,-0.0760547,-0.649315]]],"btipPosition":[2.36212,194.034,-53.0975],"carpPosition":[36.1017,234.4,-22.3753],"dipPosition":[-11.4271,192.648,-64.9297],"direction":[0.630044,-0.500599,0.593671],"extended":false,"handId":245,"id":2452,"length":64.9762,"mcpPosition":[-9.47788,246.993,-68.3504],"pipPosition":[-28.8004,206.452,-81.3001],"stabilizedTipPosition":[0.0318296,192.683,-56.0937],"timeVisible":0.039318,"tipPosition":[-3.53917,193.639,-58.0718],"tipVelocity":[-454.669,557.813,148.541],"tool":false,"touchDistance":0.333333,"touchZone":"none","type":2,"width":19.1251},{"bases":[[[0.773871,-0.183167,-0.606279],[0.264802,0.963156,0.0470149],[0.575329,-0.196927,0.793861]],[[0.752633,-0.175951,-0.634496],[-0.479459,0.514017,-0.711271],[0.45129,0.83954,0.302505]],[[0.752633,-0.175951,-0.634496],[-0.46283,-0.826777,-0.319732],[-0.468329,0.534305,-0.703695]],[[0.752633,-0.175951,-0.634496],[-0.101098,-0.983088,0.152697],[-0.650633,-0.0507786,-0.757693]]],"btipPosition":[14.5259,196.282,-58.5739],"carpPosition":[43.7777,234.428,-31.0903],"dipPosition":[2.73785,195.362,-72.3017],"direction":[0.468329,-0.534305,0.703695],"extended":false,"handId":245,"id":2453,"length":62.4764,"mcpPosition":[9.70981,246.089,-78.0985],"pipPosition":[-9.84272,209.715,-91.2048],"stabilizedTipPosition":[12.666,195.119,-61.934],"timeVisible":0.039318,"tipPosition":[10.3305,197.012,-63.4333],"tipVelocity":[-512.293,572.83,122.006],"tool":false,"touchDistance":0.333333,"touchZone":"none","type":3,"width":18.1987},{"bases":[[[0.780796,-0.361335,-0.509701],[0.431725,0.901734,0.0220939],[0.451632,-0.237302,0.860068]],[[0.813193,-0.378502,-0.442101],[0.0579322,0.808502,-0.585634],[0.579104,0.450622,0.679396]],[[0.813193,-0.378502,-0.442101],[-0.55966,-0.300151,-0.772457],[0.159679,0.875583,-0.455913]],[[0.813193,-0.378502,-0.442101],[-0.551873,-0.742704,-0.379245],[-0.184806,0.552383,-0.812847]]],"btipPosition":[7.61188,199.381,-87.3543],"carpPosition":[52.1636,227.664,-39.1485],"dipPosition":[4.52294,208.614,-100.941],"direction":[-0.159679,-0.875583,0.455913],"extended":false,"handId":245,"id":2454,"length":48.9803,"mcpPosition":[27.4077,240.671,-86.2926],"pipPosition":[7.55146,225.22,-109.588],"stabilizedTipPosition":[9.4042,195.78,-95.0586],"timeVisible":0.039318,"tipPosition":[3.86136,201.297,-96.0155],"tipVelocity":[-316.011,722.846,578.224],"tool":false,"touchDistance":0.333333,"touchZone":"none","type":4,"width":16.1655}],"r":[[0.999837,0.0177116,-0.00360501],[-0.0176263,0.999593,0.0224431],[0.00400105,-0.0223759,0.999742]],"s":0.973712,"t":[-12.5866,11.4239,3.52959],"timestamp":259389414902},{"currentFrameRate":22.676,"devices":[],"gestures":[],"hands":[{"armBasis":[[0.565952,0.10715,-0.817446],[0.248415,0.923274,0.29301],[0.786123,-0.368895,0.495911]],"armWidth":62.9551,"confidence":0.373341,"direction":[-0.714931,0.357757,-0.600736],"elbow":[240.267,133.989,119.765],"grabAngle":3.14159,"grabStrength":1,"id":245,"palmNormal":[-0.23181,-0.931868,-0.279081],"palmPosition":[-17.9306,249.601,-44.4354],"palmVelocity":[-716.517,405.811,306.752],"palmWidth":86.0143,"pinchDistance":34.3117,"pinchStrength":0.49739,"r":[[0.999169,0.0295306,-0.0281094],[-0.0282581,0.998603,0.0446404],[0.0293884,-0.043809,0.998608]],"s":0.923403,"sphereCenter":[-39.7143,215.465,-64.2311],"sphereRadius":38.2184,"stabilizedPalmPosition":[-16.9617,249.037,-44.8437],"t":[-31.4727,24.268,10.6855],"timeVisible":0.074468,"type":"right","wrist":[39.6205,228.144,-6.80935]}],"id":152713,"interactionBox":{"center":[0,200,0],"size":[235.247,235.247,147.751]},"pointables":[{"bases":[[[0.333272,0.927549,-0.169063],[-0.148201,0.228622,0.962169],[0.93111,-0.295609,0.213657]],[[-0.0997522,0.964495,-0.24454],[-0.105331,0.234149,0.966478],[0.989421,0.122166,0.0782342]],[[-0.0997522,0.964495,-0.24454],[-0.434712,0.178825,0.882636],[0.895028,0.194349,0.40144]],[[-0.0997522,0.964495,-0.24454],[-0.760201,0.0846942,0.644144],[0.641985,0.250154,0.724761]]],"btipPosition":[-84.4165,205.415,-32.1575],"carpPosition":[6.43361,223.283,1.25488],"dipPosition":[-69.847,211.092,-15.7094],"direction":[-0.895028,-0.194349,-0.40144],"extended":true,"handId":245,"id":2450,"length":50.5373,"mcpPosition":[6.43361,223.283,1.25488],"pipPosition":[-40.2551,217.518,-2.43684],"stabilizedTipPosition":[-78.9791,205.851,-29.632],"timeVisible":0.074468,"tipPosition":[-82.9103,212.176,-26.9752],"tipVelocity":[-557.273,230.126,345.995],"tool":false,"touchDistance":1,"touchZone":"none","type":0,"width":20.3863},{"bases":[[[0.530247,0.119479,-0.839383],[0.108268,0.972374,0.206804],[0.840902,-0.200535,0.502662]],[[0.584908,0.105901,-0.804157],[-0.692342,0.581683,-0.426975],[0.422547,0.806492,0.413551]],[[0.584908,0.105901,-0.804157],[-0.423098,-0.806029,-0.413891],[-0.692005,0.582325,-0.426646]],[[0.584908,0.105901,-0.804157],[0.0891355,-0.993827,-0.0660461],[-0.806187,-0.033048,-0.590737]]],"btipPosition":[-37.9933,211.832,-37.7752],"carpPosition":[8.51602,244.586,-5.37498],"dipPosition":[-51.3502,211.285,-47.5625],"direction":[0.692005,-0.582325,0.426646],"extended":false,"handId":245,"id":2451,"length":57.0257,"mcpPosition":[-49.9658,258.533,-40.3334],"pipPosition":[-67.5694,224.933,-57.5622],"stabilizedTipPosition":[-38.9621,210.444,-41.0293],"timeVisible":0.074468,"tipPosition":[-43.4857,211.826,-42.8284],"tipVelocity":[-777.763,433.471,356.246],"tool":false,"touchDistance":0.333333,"touchZone":"none","type":1,"width":19.473},{"bases":[[[0.612702,-0.0762407,-0.786628],[0.21479,0.973936,0.0729043],[0.760566,-0.213628,0.613108]],[[0.577614,-0.0664835,-0.813598],[-0.651477,0.563012,-0.508523],[0.491874,0.823771,0.281891]],[[0.577614,-0.0664835,-0.813598],[-0.500526,-0.816181,-0.288654],[-0.644853,0.573958,-0.504715]],[[0.577614,-0.0664835,-0.813598],[0.000371565,-0.996656,0.081706],[-0.81631,-0.0474969,-0.575658]]],"btipPosition":[-26.167,208.263,-44.1918],"carpPosition":[14.3276,247.638,-14.9874],"dipPosition":[-41.0423,207.398,-54.6818],"direction":[0.644853,-0.573958,0.504715],"extended":false,"handId":245,"id":2452,"length":64.9762,"mcpPosition":[-35.8339,261.728,-55.4236],"pipPosition":[-58.824,223.225,-68.5992],"stabilizedTipPosition":[-28.802,207.656,-46.8564],"timeVisible":0.074468,"tipPosition":[-29.5734,208.097,-46.8273],"tipVelocity":[-818.747,408.224,262.145],"tool":false,"touchDistance":0.333333,"touchZone":"none","type":2,"width":19.1251},{"bases":[[[0.700001,-0.180048,-0.691073],[0.282151,0.958693,0.0360244],[0.656041,-0.220204,0.721887]],[[0.675452,-0.171845,-0.717102],[-0.509,0.594989,-0.622019],[0.533558,0.785148,0.314417]],[[0.675452,-0.171845,-0.717102],[-0.542762,-0.774154,-0.325721],[-0.499174,0.609225,-0.616174]],[[0.675452,-0.171845,-0.717102],[-0.115179,-0.985118,0.127582],[-0.728354,-0.0035803,-0.685192]]],"btipPosition":[-14.3575,210.473,-51.8937],"carpPosition":[21.0012,247.752,-24.4913],"dipPosition":[-27.5537,210.408,-64.3079],"direction":[0.499174,-0.609225,0.616175],"extended":false,"handId":245,"id":2453,"length":62.4764,"mcpPosition":[-17.846,260.791,-67.2376],"pipPosition":[-40.9629,226.774,-80.86],"stabilizedTipPosition":[-16.8256,210.169,-54.8845],"timeVisible":0.074468,"tipPosition":[-16.554,211.212,-53.9021],"tipVelocity":[-830.934,409.326,198.644],"tool":false,"touchDistance":0.333333,"touchZone":"none","type":3,"width":18.1987},{"bases":[[[0.714919,-0.360236,-0.599266],[0.444436,0.895772,-0.00826655],[0.539784,-0.260426,0.800507]],[[0.716404,-0.360953,-0.597058],[-0.180506,0.730741,-0.658358],[0.673931,0.579423,0.458352]],[[0.716404,-0.360953,-0.597058],[-0.68031,-0.551205,-0.483065],[-0.154737,0.752254,-0.640445]],[[0.716404,-0.360953,-0.597058],[-0.420653,-0.906197,0.0431058],[-0.556611,0.220273,-0.801039]]],"btipPosition":[-12.1025,217.512,-67.6098],"carpPosition":[28.3548,241.053,-33.5504],"dipPosition":[-21.406,221.194,-80.9988],"direction":[0.154737,-0.752254,0.640445],"extended":false,"handId":245,"id":2454,"length":48.9803,"mcpPosition":[-1.23314,255.328,-77.4297],"pipPosition":[-24.3408,235.461,-93.1456],"stabilizedTipPosition":[-8.45284,212.831,-76.6557],"timeVisible":0.074468,"tipPosition":[-19.8635,217.467,-77.4993],"tipVelocity":[-601.529,479.496,563.012],"tool":false,"touchDistance":0.333333,"touchZone":"none","type":4,"width":16.1655}],"r":[[0.999169,0.0295306,-0.0281094],[-0.0282581,0.998603,0.0446404],[0.0293884,-0.043809,0.998608]],"s":0.923403,"t":[-31.4727,24.268,10.6855],"timestamp":259389450052},{"currentFrameRate":24.6864,"devices":[],"gestures":[],"hands":[{"armBasis":[[0.527768,0.131776,-0.839104],[0.264017,0.913506,0.309518],[0.807314,-0.384892,0.447328]],"armWidth":62.9551,"confidence":0.481797,"direction":[-0.773554,0.376919,-0.509457],"elbow":[230.55,144.13,112.677],"grabAngle":3.14159,"grabStrength":1,"id":245,"palmNormal":[-0.250441,-0.920283,-0.300598],"palmPosition":[-36.3606,264.877,-32.6951],"palmVelocity":[-729.871,604.969,464.943],"palmWidth":86.0143,"pinchDistance":33.7869,"pinchStrength":0.519975,"r":[[0.996873,0.0422832,-0.0667633],[-0.0373868,0.996634,0.0729587],[0.0696234,-0.0702344,0.995098]],"s":0.88096,"sphereCenter":[-59.3336,231.233,-52.6141],"sphereRadius":38.1751,"stabilizedPalmPosition":[-34.489,263.349,-33.8672],"t":[-50.1307,38.328,20.1337],"timeVisible":0.099719,"type":"right","wrist":[24.4947,242.368,-1.49682]}],"id":152714,"interactionBox":{"center":[0,200,0],"size":[235.247,235.247,147.751]},"pointables":[{"bases":[[[0.30731,0.938902,-0.154995],[-0.0546162,0.18001,0.982147],[0.950041,-0.293358,0.106598]],[[-0.144882,0.971777,-0.186166],[-0.0261781,0.184321,0.982517],[0.989103,0.147222,-0.00126534]],[[-0.144882,0.971777,-0.186166],[-0.36318,0.122789,0.923593],[0.920386,0.201423,0.33514]],[[-0.144882,0.971777,-0.186166],[-0.687765,0.0363563,0.725023],[0.711329,0.233081,0.663087]]],"btipPosition":[-100.645,217.811,-17.0328],"carpPosition":[-7.39815,236.708,9.03651],"dipPosition":[-84.5021,223.101,-1.98437],"direction":[-0.920386,-0.201423,-0.33514],"extended":true,"handId":245,"id":2450,"length":50.5373,"mcpPosition":[-7.39815,236.708,9.03651],"pipPosition":[-54.0718,229.761,9.09622],"stabilizedTipPosition":[-92.6726,215.902,-17.3824],"timeVisible":0.099719,"tipPosition":[-98.7742,225.088,-11.1106],"tipVelocity":[-628.366,487.387,586.227],"tool":false,"touchDistance":1,"touchZone":"none","type":0,"width":20.3863},{"bases":[[[0.444,0.166736,-0.880377],[0.120051,0.962606,0.242854],[0.887948,-0.213517,0.407381]],[[0.491134,0.155006,-0.857182],[-0.731607,0.60751,-0.309327],[0.472799,0.779041,0.411772]],[[0.491134,0.155006,-0.857182],[-0.473382,-0.778557,-0.412018],[-0.73123,0.60813,-0.308999]],[[0.491134,0.155006,-0.857182],[0.0451421,-0.987247,-0.152661],[-0.869914,0.0362819,-0.491868]]],"btipPosition":[-56.0548,225.871,-26.8029],"carpPosition":[-6.15526,258.331,3.29212],"dipPosition":[-70.4675,226.472,-34.9522],"direction":[0.73123,-0.60813,0.308999],"extended":false,"handId":245,"id":2451,"length":57.0257,"mcpPosition":[-67.909,273.181,-25.0398],"pipPosition":[-87.6061,240.725,-42.1945],"stabilizedTipPosition":[-56.5383,223.849,-30.391],"timeVisible":0.099719,"tipPosition":[-61.1747,226.683,-30.3234],"tipVelocity":[-724.896,566.408,449.447],"tool":false,"touchDistance":0.333333,"touchZone":"none","type":1,"width":19.473},{"bases":[[[0.532869,-0.0302044,-0.845659],[0.212851,0.972015,0.0994049],[0.81899,-0.232969,0.524385]],[[0.50387,-0.0220298,-0.863499],[-0.685109,0.598633,-0.415048],[0.526062,0.80072,0.28654]],[[0.50387,-0.0220298,-0.863499],[-0.548593,-0.780334,-0.300208],[-0.667204,0.624975,-0.405272]],[[0.50387,-0.0220298,-0.863499],[-0.0445581,-0.999007,-0.000513614],[-0.86263,0.0387346,-0.504351]]],"btipPosition":[-45.8295,221.919,-34.2929],"carpPosition":[-1.34399,261.919,-6.68125],"dipPosition":[-61.5489,222.625,-43.4835],"direction":[0.667204,-0.624975,0.405272],"extended":false,"handId":245,"id":2452,"length":64.9762,"mcpPosition":[-55.3587,277.284,-41.2659],"pipPosition":[-79.9469,239.858,-54.6588],"stabilizedTipPosition":[-48.0306,221.093,-37.1227],"timeVisible":0.099719,"tipPosition":[-48.0473,223.218,-36.0327],"tipVelocity":[-786.369,555.11,403.853],"tool":false,"touchDistance":0.333333,"touchZone":"none","type":2,"width":19.1251},{"bases":[[[0.63001,-0.137347,-0.764345],[0.276378,0.959451,0.055398],[0.725743,-0.246149,0.642423]],[[0.614486,-0.132099,-0.77779],[-0.542505,0.645041,-0.538154],[0.572796,0.752643,0.324705]],[[0.614486,-0.132099,-0.77779],[-0.596672,-0.722797,-0.348636],[-0.51613,0.678317,-0.522968]],[[0.614486,-0.132099,-0.77779],[-0.147631,-0.987721,0.0511188],[-0.774992,0.0834138,-0.626442]]],"btipPosition":[-35.5256,224.812,-43.4868],"carpPosition":[4.36,262.578,-16.776],"dipPosition":[-49.5668,226.323,-54.8366],"direction":[0.51613,-0.678317,0.522968],"extended":false,"handId":245,"id":2453,"length":62.4764,"mcpPosition":[-38.6146,277.154,-54.8168],"pipPosition":[-63.4315,244.545,-68.8849],"stabilizedTipPosition":[-37.7708,224.487,-46.4917],"timeVisible":0.099719,"tipPosition":[-36.1186,226.709,-44.4514],"tipVelocity":[-846.005,582.202,342.627],"tool":false,"touchDistance":0.333333,"touchZone":"none","type":3,"width":18.1987},{"bases":[[[0.655388,-0.321541,-0.683431],[0.434027,0.900867,-0.0076225],[0.618131,-0.291632,0.729976]],[[0.64034,-0.314438,-0.700781],[-0.319789,0.720391,-0.615444],[0.698355,0.618196,0.360741]],[[0.64034,-0.314438,-0.700781],[-0.701894,-0.610085,-0.367614],[-0.311945,0.727272,-0.611364]],[[0.64034,-0.314438,-0.700781],[-0.361528,-0.928367,0.0862081],[-0.677689,0.198149,-0.708148]]],"btipPosition":[-29.7429,234.104,-55.7814],"carpPosition":[10.841,256.421,-26.8308],"dipPosition":[-41.0702,237.416,-67.6178],"direction":[0.311945,-0.727272,0.611364],"extended":false,"handId":245,"id":2454,"length":48.9803,"mcpPosition":[-23.0415,272.407,-66.844],"pipPosition":[-46.9866,251.21,-79.213],"stabilizedTipPosition":[-25.5017,228.553,-63.7047],"timeVisible":0.099719,"tipPosition":[-39.5092,234.454,-65.2827],"tipVelocity":[-717.038,653.725,482.576],"tool":false,"touchDistance":0.333333,"touchZone":"none","type":4,"width":16.1655}],"r":[[0.996873,0.0422832,-0.0667633],[-0.0373868,0.996634,0.0729587],[0.0696234,-0.0702344,0.995098]],"s":0.88096,"t":[-50.1307,38.328,20.1337],"timestamp":259389475303},{"currentFrameRate":27.033,"devices":[],"gestures":[],"hands":[{"armBasis":[[0.477158,0.107707,-0.872192],[0.286115,0.919351,0.270059],[0.830938,-0.378408,0.407859]],"armWidth":62.9551,"confidence":0.560448,"direction":[-0.804161,0.380061,-0.457033],"elbow":[224.371,152.454,106.11],"grabAngle":3.14159,"grabStrength":1,"id":245,"palmNormal":[-0.282821,-0.920917,-0.268188],"palmPosition":[-50.3861,271.801,-25.1377],"palmVelocity":[-683.104,337.245,368.08],"palmWidth":86.0143,"pinchDistance":31.2608,"pinchStrength":0.57426,"r":[[0.992429,0.0505024,-0.111959],[-0.0400795,0.994815,0.0934681],[0.116098,-0.0882732,0.989307]],"s":0.845392,"sphereCenter":[-75.0024,238.692,-42.3241],"sphereRadius":37.6245,"stabilizedPalmPosition":[-47.9975,270.531,-26.4493],"t":[-66.4725,48.8202,28.6364],"timeVisible":0.120251,"type":"right","wrist":[12.2863,249.037,2.01023]}],"id":152715,"interactionBox":{"center":[0,200,0],"size":[235.247,235.247,147.751]},"pointables":[{"bases":[[[0.306425,0.932625,-0.190562],[0.0195571,0.193982,0.98081],[0.951694,-0.304272,0.0412016]],[[-0.144299,0.971274,-0.189219],[0.0609533,0.199582,0.977984],[0.987655,0.129588,-0.0880019]],[[-0.144299,0.971274,-0.189219],[-0.347155,0.129377,0.928841],[0.92664,0.199719,0.318514]],[[-0.144299,0.971274,-0.189219],[-0.702186,0.0342254,0.71117],[0.697218,0.235488,0.677077]]],"btipPosition":[-111.855,225.761,-6.97272],"carpPosition":[-18.7892,243.824,14.7714],"dipPosition":[-96.0317,231.105,8.39319],"direction":[-0.92664,-0.199719,-0.318514],"extended":true,"handId":245,"id":2450,"length":50.5373,"mcpPosition":[-18.7892,243.824,14.7714],"pipPosition":[-65.3946,237.709,18.9241],"stabilizedTipPosition":[-102.886,223.188,-8.21937],"timeVisible":0.120251,"tipPosition":[-110.952,232.06,0.655661],"tipVelocity":[-549.531,387.791,493.527],"tool":false,"touchDistance":1,"touchZone":"none","type":0,"width":20.3863},{"bases":[[[0.380375,0.148994,-0.912752],[0.149075,0.964154,0.219509],[0.912739,-0.219564,0.344529]],[[0.4554,0.130103,-0.880729],[-0.746254,0.595265,-0.297933],[0.485506,0.792926,0.368174]],[[0.4554,0.130103,-0.880729],[-0.4861,-0.792452,-0.368411],[-0.745867,0.595897,-0.29764]],[[0.4554,0.130103,-0.880729],[0.0592139,-0.9915,-0.115848],[-0.888315,0.000605939,-0.459233]]],"btipPosition":[-69.2149,233.608,-16.0747],"carpPosition":[-17.7098,265.349,8.63979],"dipPosition":[-83.9324,233.618,-23.6833],"direction":[0.745867,-0.595897,0.29764],"extended":false,"handId":245,"id":2451,"length":57.0257,"mcpPosition":[-81.1876,280.619,-15.321],"pipPosition":[-101.414,247.585,-30.6594],"stabilizedTipPosition":[-68.5954,231.177,-20.9577],"timeVisible":0.120251,"tipPosition":[-75.1667,233.938,-20.179],"tipVelocity":[-644.368,370.245,528.57],"tool":false,"touchDistance":0.333333,"touchZone":"none","type":1,"width":19.473},{"bases":[[[0.469168,-0.0486025,-0.881771],[0.231238,0.970408,0.0695479],[0.852297,-0.236529,0.466523]],[[0.448324,-0.0428419,-0.892844],[-0.705856,0.59587,-0.383023],[0.548428,0.801937,0.236902]],[[0.448324,-0.0428419,-0.892844],[-0.570769,-0.782428,-0.249056],[-0.687916,0.621266,-0.375234]],[[0.448324,-0.0428419,-0.892844],[-0.0355403,-0.998915,0.0300857],[-0.893165,0.0182438,-0.44936]]],"btipPosition":[-60.1982,229.392,-25.0147],"carpPosition":[-13.5982,268.738,-1.70893],"dipPosition":[-76.474,229.724,-33.2033],"direction":[0.687916,-0.621266,0.375234],"extended":false,"handId":245,"id":2452,"length":64.9762,"mcpPosition":[-69.8097,284.338,-32.4774],"pipPosition":[-95.4432,246.856,-43.5503],"stabilizedTipPosition":[-61.6435,228.259,-28.3749],"timeVisible":0.120251,"tipPosition":[-62.829,230.228,-27.0069],"tipVelocity":[-706.054,359.789,463.115],"tool":false,"touchDistance":0.333333,"touchZone":"none","type":2,"width":19.1251},{"bases":[[[0.570701,-0.155894,-0.806224],[0.291219,0.956421,0.0212079],[0.767784,-0.246891,0.59123]],[[0.556945,-0.151475,-0.816619],[-0.572966,0.641724,-0.509804],[0.601267,0.751828,0.270615]],[[0.556945,-0.151475,-0.816619],[-0.627408,-0.72099,-0.294164],[-0.544215,0.676187,-0.496589]],[[0.556945,-0.151475,-0.816619],[-0.152089,-0.985203,0.0790191],[-0.816505,0.0801896,-0.571742]]],"btipPosition":[-50.7426,231.615,-35.2372],"carpPosition":[-8.64056,269.186,-12.2015],"dipPosition":[-65.5359,233.068,-45.5959],"direction":[0.544216,-0.676187,0.496589],"extended":false,"handId":245,"id":2453,"length":62.4764,"mcpPosition":[-54.1046,283.806,-47.211],"pipPosition":[-80.155,251.232,-58.9356],"stabilizedTipPosition":[-52.5204,231.209,-38.4999],"timeVisible":0.120251,"tipPosition":[-51.4928,233.462,-36.3412],"tipVelocity":[-749.557,330.69,412.896],"tool":false,"touchDistance":0.333333,"touchZone":"none","type":3,"width":18.1987},{"bases":[[[0.599713,-0.339292,-0.724724],[0.443119,0.894936,-0.0522976],[0.666326,-0.289775,0.687051]],[[0.568407,-0.325595,-0.75558],[-0.394154,0.698354,-0.597449],[0.722188,0.637409,0.268615]],[[0.568407,-0.325595,-0.75558],[-0.727082,-0.628587,-0.276097],[-0.385052,0.706304,-0.594028]],[[0.568407,-0.325595,-0.75558],[-0.305315,-0.936262,0.173772],[-0.764,0.131917,-0.631587]]],"btipPosition":[-44.2009,241.237,-47.6599],"carpPosition":[-2.98719,262.81,-22.6125],"dipPosition":[-56.9708,243.442,-58.2166],"direction":[0.385052,-0.706304,0.594028],"extended":false,"handId":245,"id":2454,"length":48.9803,"mcpPosition":[-39.5114,278.693,-60.2728],"pipPosition":[-64.2737,256.838,-69.483],"stabilizedTipPosition":[-40.2064,237.518,-54.4503],"timeVisible":0.120251,"tipPosition":[-55.339,241.062,-56.26],"tipVelocity":[-720.325,335.001,409.888],"tool":false,"touchDistance":0.333333,"touchZone":"none","type":4,"width":16.1655}],"r":[[0.992429,0.0505024,-0.111959],[-0.0400795,0.994815,0.0934681],[0.116098,-0.0882732,0.989307]],"s":0.845392,"t":[-66.4725,48.8202,28.6364],"timestamp":259389495835},{"currentFrameRate":29.1528,"devices":[],"gestures":[],"hands":[{"armBasis":[[0.429758,0.0704455,-0.900192],[0.317312,0.921582,0.223607],[0.845353,-0.381739,0.373704]],"armWidth":62.9551,"confidence":0.630067,"direction":[-0.845868,0.372414,-0.381857],"elbow":[216.843,160.031,100.807],"grabAngle":3.14159,"grabStrength":1,"id":245,"palmNormal":[-0.30838,-0.925574,-0.219579],"palmPosition":[-63.7622,279.904,-16.21],"palmVelocity":[-652.209,395.107,435.305],"palmWidth":86.0143,"pinchDistance":28.3538,"pinchStrength":0.623169,"r":[[0.984179,0.0568358,-0.167811],[-0.0392044,0.993532,0.106572],[0.172782,-0.0983074,0.980042]],"s":0.814219,"sphereCenter":[-89.0733,246.94,-30.9821],"sphereRadius":37.1045,"stabilizedPalmPosition":[-61.047,278.29,-17.9736],"t":[-81.3315,58.1179,37.3516],"timeVisible":0.14076,"type":"right","wrist":[1.07902,257.464,5.4242]}],"id":152716,"interactionBox":{"center":[0,200,0],"size":[235.247,235.247,147.751]},"pointables":[{"bases":[[[0.285895,0.927882,-0.239371],[0.117769,0.213882,0.969735],[0.950997,-0.305433,-0.048128]],[[-0.160905,0.967736,-0.1939],[0.13542,0.216249,0.966901],[0.977635,0.129321,-0.165847]],[[-0.160905,0.967736,-0.1939],[-0.298412,0.139563,0.944178],[0.940776,0.209785,0.266328]],[[-0.160905,0.967736,-0.1939],[-0.676284,0.0349845,0.73581],[0.718853,0.249527,0.648835]]],"btipPosition":[-121.879,233.976,5.19299],"carpPosition":[-28.3284,252.677,20.8975],"dipPosition":[-105.565,239.639,19.918],"direction":[-0.940776,-0.209785,-0.266328],"extended":false,"handId":245,"id":2450,"length":50.5373,"mcpPosition":[-28.3284,252.677,20.8975],"pipPosition":[-74.461,246.575,28.7235],"stabilizedTipPosition":[-111.732,230.206,1.53101],"timeVisible":0.14076,"tipPosition":[-120.759,239.683,14.731],"tipVelocity":[-483.29,404.123,586.001],"tool":false,"touchDistance":1,"touchZone":"none","type":0,"width":20.3863},{"bases":[[[0.28701,0.129542,-0.949128],[0.170434,0.9681,0.183669],[0.942644,-0.214478,0.255776]],[[0.394848,0.103679,-0.912878],[-0.775567,0.570285,-0.270687],[0.492536,0.814878,0.305586]],[[0.394848,0.103679,-0.912878],[-0.501632,-0.808108,-0.308752],[-0.769714,0.579839,-0.267071]],[[0.394848,0.103679,-0.912878],[0.0679732,-0.994186,-0.0835131],[-0.916228,-0.0290763,-0.3996]]],"btipPosition":[-80.7227,241.93,-3.39028],"carpPosition":[-27.8663,274.071,14.2488],"dipPosition":[-95.9027,241.449,-10.0108],"direction":[0.769714,-0.579839,0.267071],"extended":false,"handId":245,"id":2451,"length":57.0257,"mcpPosition":[-93.4239,288.987,-3.53952],"pipPosition":[-113.943,255.039,-16.2704],"stabilizedTipPosition":[-78.9042,238.201,-10.3677],"timeVisible":0.14076,"tipPosition":[-87.6075,242.171,-7.75265],"tipVelocity":[-566.297,400.25,629.561],"tool":false,"touchDistance":0.333333,"touchZone":"none","type":1,"width":19.473},{"bases":[[[0.378438,-0.0675746,-0.923157],[0.237157,0.97112,0.0261343],[0.89473,-0.228823,0.383534]],[[0.378446,-0.0675766,-0.923153],[-0.742012,0.57407,-0.34621],[0.553351,0.816013,0.167112]],[[0.378446,-0.0675766,-0.923153],[-0.586661,-0.788943,-0.182749],[-0.715966,0.610739,-0.338217]],[[0.378446,-0.0675766,-0.923153],[-0.0114917,-0.997598,0.068315],[-0.925552,-0.0152449,-0.378313]]],"btipPosition":[-73.0771,237.628,-13.4129],"carpPosition":[-24.8121,277.24,3.47299],"dipPosition":[-89.9431,237.35,-20.3067],"direction":[0.715966,-0.610739,0.338217],"extended":false,"handId":245,"id":2452,"length":64.9762,"mcpPosition":[-83.8221,292.331,-21.8222],"pipPosition":[-109.686,254.191,-29.633],"stabilizedTipPosition":[-73.6077,235.529,-17.9236],"timeVisible":0.14076,"tipPosition":[-76.3695,238.286,-15.9166],"tipVelocity":[-634.58,394.73,580.217],"tool":false,"touchDistance":0.333333,"touchZone":"none","type":2,"width":19.1251},{"bases":[[[0.487018,-0.173525,-0.855981],[0.29199,0.956021,-0.027675],[0.823138,-0.236459,0.516267]],[[0.47482,-0.170017,-0.863505],[-0.631198,0.617951,-0.468749],[0.613299,0.767614,0.186101]],[[0.47482,-0.170017,-0.863505],[-0.649087,-0.730246,-0.213137],[-0.594334,0.661692,-0.457091]],[[0.47482,-0.170017,-0.863505],[-0.136748,-0.983499,0.118449],[-0.869394,0.0618403,-0.490234]]],"btipPosition":[-64.5274,239.312,-24.9433],"carpPosition":[-20.9308,277.463,-7.47048],"dipPosition":[-80.2789,240.433,-33.8253],"direction":[0.594334,-0.661692,0.457091],"extended":false,"handId":245,"id":2453,"length":62.4764,"mcpPosition":[-69.6726,291.465,-38.041],"pipPosition":[-96.2443,258.207,-46.104],"stabilizedTipPosition":[-65.7792,238.301,-28.7328],"timeVisible":0.14076,"tipPosition":[-66.1004,241.257,-26.4852],"tipVelocity":[-682.88,371.571,518.479],"tool":false,"touchDistance":0.333333,"touchZone":"none","type":3,"width":18.1987},{"bases":[[[0.524029,-0.355287,-0.774057],[0.435752,0.892722,-0.114754],[0.731788,-0.277162,0.622629]],[[0.477051,-0.337185,-0.811621],[-0.493975,0.66094,-0.564931],[0.726919,0.670421,0.148741]],[[0.477051,-0.337185,-0.811621],[-0.749057,-0.639032,-0.174794],[-0.459714,0.691336,-0.557421]],[[0.477051,-0.337185,-0.811621],[-0.258248,-0.936489,0.237269],[-0.840078,0.0964098,-0.53383]]],"btipPosition":[-58.6264,248.345,-37.9968],"carpPosition":[-16.35,270.863,-18.2626],"dipPosition":[-72.6679,249.957,-46.9195],"direction":[0.459714,-0.691336,0.557421],"extended":false,"handId":245,"id":2454,"length":48.9803,"mcpPosition":[-56.4625,286.056,-52.3917],"pipPosition":[-81.3869,263.069,-57.4917],"stabilizedTipPosition":[-54.976,245.157,-44.6256],"timeVisible":0.14076,"tipPosition":[-70.8859,248.564,-45.4853],"tipVelocity":[-717.638,339.916,489.488],"tool":false,"touchDistance":0.333333,"touchZone":"none","type":4,"width":16.1655}],"r":[[0.984179,0.0568358,-0.167811],[-0.0392044,0.993532,0.106572],[0.172782,-0.0983074,0.980042]],"s":0.814219,"t":[-81.3315,58.1179,37.3516],"timestamp":259389516344},{"currentFrameRate":31.0526,"devices":[],"gestures":[],"hands":[{"armBasis":[[0.378812,0.0420616,-0.924517],[0.342096,0.921849,0.18211],[0.859926,-0.385259,0.334818]],"armWidth":62.9551,"confidence":0.691087,"direction":[-0.861149,0.387188,-0.329406],"elbow":[207.864,166.527,96.5837],"grabAngle":3.14159,"grabStrength":1,"id":245,"palmNormal":[-0.344116,-0.920944,-0.182884],"palmPosition":[-77.2518,288.431,-6.54237],"palmVelocity":[-654.931,413.949,469.372],"palmWidth":86.0143,"pinchDistance":26.3272,"pinchStrength":0.645533,"r":[[0.972568,0.057064,-0.225511],[-0.0317751,0.992947,0.114221],[0.230438,-0.103922,0.967522]],"s":0.791074,"sphereCenter":[-103.895,256.445,-18.6504],"sphereRadius":36.6164,"stabilizedPalmPosition":[-74.0551,286.43,-8.79742],"t":[-95.5058,67.0298,46.5431],"timeVisible":0.161357,"type":"right","wrist":[-11.6199,264.858,11.1262]}],"id":152717,"interactionBox":{"center":[0,200,0],"size":[235.247,235.247,147.751]},"pointables":[{"bases":[[[0.290316,0.91703,-0.273445],[0.188836,0.225233,0.95583],[0.938114,-0.329129,-0.10778]],[[-0.14619,0.968944,-0.199441],[0.205154,0.226919,0.952061],[0.96775,0.0982659,-0.231956]],[[-0.14619,0.968944,-0.199441],[-0.269417,0.15499,0.95047],[0.951863,0.192682,0.238392]],[[-0.14619,0.968944,-0.199441],[-0.666379,0.0525499,0.743759],[0.731141,0.241634,0.638002]]],"btipPosition":[-133.732,244.409,17.091],"carpPosition":[-40.0024,260.9,28.5064],"dipPosition":[-117.139,249.893,31.5701],"direction":[-0.951863,-0.192682,-0.238392],"extended":false,"handId":245,"id":2450,"length":50.5373,"mcpPosition":[-40.0024,260.9,28.5064],"pipPosition":[-85.6685,256.263,39.452],"stabilizedTipPosition":[-122.072,239,12.2728],"timeVisible":0.161357,"tipPosition":[-132.49,249.444,27.6663],"tipVelocity":[-572.355,504.542,574.911],"tool":false,"touchDistance":1,"touchZone":"none","type":0,"width":20.3863},{"bases":[[[0.224274,0.108519,-0.968465],[0.20506,0.966276,0.155761],[0.952708,-0.233526,0.194458]],[[0.357599,0.0741739,-0.930925],[-0.790124,0.555418,-0.259258],[0.497822,0.828257,0.257223]],[[0.357599,0.0741739,-0.930925],[-0.518071,-0.813629,-0.263836],[-0.776997,0.576633,-0.252525]],[[0.357599,0.0741739,-0.930925],[0.0756722,-0.995864,-0.05028],[-0.930804,-0.0524651,-0.361733]]],"btipPosition":[-92.864,251.266,9.16428],"carpPosition":[-39.4997,282.176,21.49