{"frames":319,"data":[{"currentFrameRate":25.0171,"devices":[],"gestures":[],"hands":[],"id":157030,"interactionBox":{"center":[0,200,0],"size":[235.247,235.247,147.751]},"pointables":[],"r":[[-0.451118,-0.878766,0.155767],[0.630521,-0.437343,-0.641229],[0.631613,-0.191055,0.751374]],"s":-0.0734829,"t":[559.648,-310.26,370.787],"timestamp":259530690760},{"currentFrameRate":25.0776,"devices":[],"gestures":[],"hands":[],"id":157031,"interactionBox":{"center":[0,200,0],"size":[235.247,235.247,147.751]},"pointables":[],"r":[[-0.451118,-0.878766,0.155767],[0.630521,-0.437343,-0.641229],[0.631613,-0.191055,0.751374]],"s":-0.0734829,"t":[559.648,-310.26,370.787],"timestamp":259530730200},{"currentFrameRate":25.1264,"devices":[],"gestures":[],"hands":[],"id":157032,"interactionBox":{"center":[0,200,0],"size":[235.247,235.247,147.751]},"pointables":[],"r":[[-0.451118,-0.878766,0.155767],[0.630521,-0.437343,-0.641229],[0.631613,-0.191055,0.751374]],"s":-0.0734829,"t":[559.648,-310.26,370.787],"timestamp":259530769647},{"currentFrameRate":25.1851,"devices":[],"gestures":[],"hands":[],"id":157033,"interactionBox":{"center":[0,200,0],"size":[235.247,235.247,147.751]},"pointables":[],"r":[[-0.451118,-0.878766,0.155767],[0.630521,-0.437343,-0.641229],[0.631613,-0.191055,0.751374]],"s":-0.0734829,"t":[559.648,-310.26,370.787],"timestamp":259530808931},{"currentFrameRate":25.192,"devices":[],"gestures":[],"hands":[],"id":157034,"interactionBox":{"center":[0,200,0],"size":[235.247,235.247,147.751]},"pointables":[],"r":[[-0.451118,-0.878766,0.155767],[0.630521,-0.437343,-0.641229],[0.631613,-0.191055,0.751374]],"s":-0.0734829,"t":[559.648,-310.26,370.787],"timestamp":259530848577},{"currentFrameRate":21.1647,"devices":[],"gestures":[],"hands":[],"id":157035,"interactionBox":{"center":[0,200,0],"size":[235.247,235.247,147.751]},"pointables":[],"r":[[-0.451118,-0.878766,0.155767],[0.630521,-0.437343,-0.641229],[0.631613,-0.191055,0.751374]],"s":-0.0734829,"t":[559.648,-310.26,370.787],"timestamp":259530927024},{"currentFrameRate":21.9212,"devices":[],"gestures":[],"hands":[],"id":157036,"interactionBox":{"center":[0,200,0],"size":[235.247,235.247,147.751]},"pointables":[],"r":[[-0.451118,-0.878766,0.155767],[0.630521,-0.437343,-0.641229],[0.631613,-0.191055,0.751374]],"s":-0.0734829,"t":[559.648,-310.26,370.787],"timestamp":259530966402},{"currentFrameRate":22.5413,"devices":[],"gestures":[],"hands":[],"id":157037,"interactionBox":{"center":[0,200,0],"size":[235.247,235.247,147.751]},"pointables":[],"r":[[-0.451118,-0.878766,0.155767],[0.630521,-0.437343,-0.641229],[0.631613,-0.191055,0.751374]],"s":-0.0734829,"t":[559.648,-310.26,370.787],"timestamp":259531005790},{"currentFrameRate":23.041,"devices":[],"gestures":[],"hands":[],"id":157038,"interactionBox":{"center":[0,200,0],"size":[235.247,235.247,147.751]},"pointables":[],"r":[[-0.451118,-0.878766,0.155767],[0.630521,-0.437343,-0.641229],[0.631613,-0.191055,0.751374]],"s":-0.0734829,"t":[559.648,-310.26,370.787],"timestamp":259531045269},{"currentFrameRate":23.4825,"devices":[],"gestures":[],"hands":[],"id":157039,"interactionBox":{"center":[0,200,0],"size":[235.247,235.247,147.751]},"pointables":[],"r":[[-0.451118,-0.878766,0.155767],[0.630521,-0.437343,-0.641229],[0.631613,-0.191055,0.751374]],"s":-0.0734829,"t":[559.648,-310.26,370.787],"timestamp":259531084451},{"currentFrameRate":23.7932,"devices":[],"gestures":[],"hands":[],"id":157040,"interactionBox":{"center":[0,200,0],"size":[235.247,235.247,147.751]},"pointables":[],"r":[[-0.451118,-0.878766,0.155767],[0.630521,-0.437343,-0.641229],[0.631613,-0.191055,0.751374]],"s":-0.0734829,"t":[559.648,-310.26,370.787],"timestamp":259531124119},{"currentFrameRate":24.0993,"devices":[],"gestures":[],"hands":[],"id":157041,"interactionBox":{"center":[0,200,0],"size":[235.247,235.247,147.751]},"pointables":[],"r":[[-0.451118,-0.878766,0.155767],[0.630521,-0.437343,-0.641229],[0.631613,-0.191055,0.751374]],"s":-0.0734829,"t":[559.648,-310.26,370.787],"timestamp":259531163315},{"currentFrameRate":24.3467,"devices":[],"gestures":[],"hands":[],"id":157042,"interactionBox":{"center":[0,200,0],"size":[235.247,235.247,147.751]},"pointables":[],"r":[[-0.451118,-0.878766,0.155767],[0.630521,-0.437343,-0.641229],[0.631613,-0.191055,0.751374]],"s":-0.0734829,"t":[559.648,-310.26,370.787],"timestamp":259531202549},{"currentFrameRate":24.5278,"devices":[],"gestures":[],"hands":[],"id":157043,"interactionBox":{"center":[0,200,0],"size":[235.247,235.247,147.751]},"pointables":[],"r":[[-0.451118,-0.878766,0.155767],[0.630521,-0.437343,-0.641229],[0.631613,-0.191055,0.751374]],"s":-0.0734829,"t":[559.648,-310.26,370.787],"timestamp":259531241984},{"currentFrameRate":24.6895,"devices":[],"gestures":[],"hands":[],"id":157044,"interactionBox":{"center":[0,200,0],"size":[235.247,235.247,147.751]},"pointables":[],"r":[[-0.451118,-0.878766,0.155767],[0.630521,-0.437343,-0.641229],[0.631613,-0.191055,0.751374]],"s":-0.0734829,"t":[559.648,-310.26,370.787],"timestamp":259531281302},{"currentFrameRate":24.8171,"devices":[],"gestures":[],"hands":[],"id":157045,"interactionBox":{"center":[0,200,0],"size":[235.247,235.247,147.751]},"pointables":[],"r":[[-0.451118,-0.878766,0.155767],[0.630521,-0.437343,-0.641229],[0.631613,-0.191055,0.751374]],"s":-0.0734829,"t":[559.648,-310.26,370.787],"timestamp":259531320666},{"currentFrameRate":24.9174,"devices":[],"gestures":[],"hands":[{"armBasis":[[0.931751,0.0137813,-0.362835],[0.0722131,0.972284,0.222371],[0.355843,-0.233396,0.904932]],"armWidth":60.2356,"confidence":0,"direction":[-0.109867,0.488134,-0.865826],"elbow":[177.74,83.7343,246.074],"grabAngle":2.28617,"grabStrength":0,"id":253,"palmNormal":[-0.106408,-0.87187,-0.478039],"palmPosition":[68.9204,172.434,-48.3544],"palmVelocity":[1.19209e-7,1.19209e-7,1.19209e-7],"palmWidth":86.0143,"pinchDistance":38.6678,"pinchStrength":0.582245,"r":[[1,-4.16334e-18,5.55112e-18],[4.16334e-18,1,-2.22045e-17],[-5.55112e-18,2.22045e-17,1]],"s":1,"sphereCenter":[78.3226,135.42,-88.4005],"sphereRadius":52.1978,"stabilizedPalmPosition":[68.9204,172.434,-48.3544],"t":[0,0,0],"timeVisible":0,"type":"right","wrist":[86.9164,143.305,15.1034]}],"id":157046,"interactionBox":{"center":[0,200,0],"size":[235.247,235.247,147.751]},"pointables":[{"bases":[[[0.471398,0.859135,0.199173],[-0.70486,0.231289,0.67058],[0.530052,-0.4565,0.7146]],[[0.205173,0.971417,-0.119388],[-0.835636,0.237373,0.495345],[0.509526,-0.00186617,0.860453]],[[0.205173,0.971417,-0.119388],[-0.935925,0.230414,0.26637],[0.286265,0.0570866,0.956448]],[[0.205173,0.971417,-0.119388],[-0.978167,0.207644,0.00850422],[0.0330515,0.115037,0.992811]]],"btipPosition":[20.7201,137.082,-94.7625],"carpPosition":[54.7215,141.379,-1.36732],"dipPosition":[21.4513,139.627,-72.7977],"direction":[-0.286265,-0.0570866,-0.956448],"extended":false,"handId":253,"id":2530,"length":49.2665,"mcpPosition":[54.7215,141.379,-1.36732],"pipPosition":[30.678,141.467,-41.9703],"stabilizedTipPosition":[20.8883,137.667,-89.7106],"timeVisible":0,"tipPosition":[20.8883,137.667,-89.7106],"tipVelocity":[1.19209e-7,1.19209e-7,1.19209e-7],"tool":false,"touchDistance":0.17149,"touchZone":"hovering","type":0,"width":19.1427},{"bases":[[[0.955758,0.0429107,-0.291008],[0.0645508,0.934592,0.349815],[0.286984,-0.353124,0.890474]],[[0.96219,0.0346644,-0.270163],[-0.0434085,0.998707,-0.0264569],[0.268897,0.037184,0.962451]],[[0.96219,0.0346644,-0.270163],[-0.215521,0.703405,-0.677328],[0.166555,0.709944,0.68428]],[[0.96219,0.0346644,-0.270163],[-0.26915,0.273248,-0.923522],[0.0418083,0.961319,0.272247]]],"btipPosition":[27.7513,153.43,-123.465],"carpPosition":[63.1116,162.13,-2.41566],"dipPosition":[28.4265,168.957,-119.068],"direction":[-0.166555,-0.709944,-0.68428],"extended":false,"handId":253,"id":2531,"length":55.5917,"mcpPosition":[43.1528,186.688,-64.345],"pipPosition":[32.2321,185.178,-103.433],"stabilizedTipPosition":[27.9066,157.002,-122.454],"timeVisible":0,"tipPosition":[27.9066,157.002,-122.454],"tipVelocity":[1.19209e-7,1.19209e-7,1.19209e-7],"tool":false,"touchDistance":-0.365141,"touchZone":"touching","type":1,"width":18.2851},{"bases":[[[0.883133,-0.466281,-0.0515582],[0.447888,0.805358,0.388324],[-0.139545,-0.366034,0.92008]],[[0.866536,-0.497999,0.0333653],[0.49535,0.866271,0.0648298],[-0.0611886,-0.0396498,0.997338]],[[0.866536,-0.497999,0.0333653],[0.490838,0.838134,-0.23793],[0.0905243,0.222552,0.970709]],[[0.866536,-0.497999,0.0333653],[0.490838,0.838134,-0.23793],[0.0905243,0.222552,0.970709]]],"btipPosition":[102.379,169.438,-129.385],"carpPosition":[95.8331,155.79,-11.8504],"dipPosition":[103.854,173.064,-113.568],"direction":[-0.0905243,-0.222552,-0.970709],"extended":true,"handId":253,"id":2534,"length":47.7486,"mcpPosition":[103.482,175.853,-62.2839],"pipPosition":[105.527,177.179,-95.6206],"stabilizedTipPosition":[102.718,170.272,-125.747],"timeVisible":0,"tipPosition":[102.718,170.272,-125.747],"tipVelocity":[1.19209e-7,1.19209e-7,1.19209e-7],"tool":false,"touchDistance":-0.414544,"touchZone":"touching","type":4,"width":15.1794},{"bases":[[[0.960641,-0.16515,-0.223368],[0.231489,0.920412,0.315046],[0.153561,-0.354354,0.922417]],[[0.963568,-0.172329,-0.204547],[-0.0238516,0.706356,-0.707455],[0.266398,0.686559,0.676512]],[[0.963568,-0.172329,-0.204547],[-0.266417,-0.685997,-0.677075],[-0.0236395,0.706903,-0.706916]],[[0.963568,-0.172329,-0.204547],[-0.187276,-0.980711,-0.0559724],[-0.190956,0.0922401,-0.977255]]],"btipPosition":[55.8225,135.771,-60.9973],"carpPosition":[74.061,164.325,-5.69949],"dipPosition":[52.4303,137.41,-78.3576],"direction":[0.0236395,-0.706903,0.706916],"extended":false,"handId":253,"id":2532,"length":63.3423,"mcpPosition":[63.9332,187.695,-66.5355],"pipPosition":[51.7948,156.412,-97.3605],"stabilizedTipPosition":[55.0423,136.148,-64.9902],"timeVisible":0,"tipPosition":[55.0423,136.148,-64.9902],"tipVelocity":[1.19209e-7,1.19209e-7,1.19209e-7],"tool":false,"touchDistance":0.333333,"touchZone":"none","type":2,"width":17.9584},{"bases":[[[0.952566,-0.284408,-0.108302],[0.304308,0.894496,0.327527],[0.00372481,-0.344948,0.938614]],[[0.952083,-0.274567,-0.134728],[0.0844504,0.659402,-0.747032],[0.293951,0.699858,0.650993]],[[0.952083,-0.274567,-0.134728],[-0.293221,-0.694222,-0.657326],[0.0869486,0.665334,-0.741466]],[[0.952083,-0.274567,-0.134728],[-0.282193,-0.958488,-0.0408365],[-0.117923,0.0768992,-0.990041]]],"btipPosition":[72.4102,135.559,-54.9],"carpPosition":[85.2403,163.474,-8.72802],"dipPosition":[70.3274,136.918,-72.3864],"direction":[-0.0869486,-0.665334,0.741466],"extended":false,"handId":253,"id":2533,"length":60.9053,"mcpPosition":[85.0198,183.9,-64.3077],"pipPosition":[72.6044,154.341,-91.8033],"stabilizedTipPosition":[71.9312,135.872,-58.9219],"timeVisible":0,"tipPosition":[71.9312,135.872,-58.9219],"tipVelocity":[1.19209e-7,1.19209e-7,1.19209e-7],"tool":false,"touchDistance":0.333333,"touchZone":"none","type":3,"width":17.0885}],"r":[[1,-4.16334e-18,5.55112e-18],[4.16334e-18,1,-2.22045e-17],[-5.55112e-18,2.22045e-17,1]],"s":1,"t":[0,0,0],"timestamp":259531360070},{"currentFrameRate":25.0118,"devices":[],"gestures":[],"hands":[{"armBasis":[[0.950606,0.0628396,-0.303974],[0.0548312,0.929898,0.363707],[0.30552,-0.362409,0.880521]],"armWidth":62.9551,"confidence":0.204115,"direction":[-0.135742,0.568262,-0.811574],"elbow":[162.341,55.9807,240.237],"grabAngle":2.53288,"grabStrength":0.406916,"id":253,"palmNormal":[-0.0877491,-0.822832,-0.561468],"palmPosition":[65.4146,183.685,-44.5021],"palmVelocity":[-89.2128,286.306,98.0285],"palmWidth":86.0143,"pinchDistance":19.0885,"pinchStrength":1,"r":[[0.99998,0.00601323,-0.00214945],[-0.00596912,0.999783,0.0199717],[0.00226908,-0.0199584,0.999798]],"s":0.933122,"sphereCenter":[67.1758,152.538,-85.1843],"sphereRadius":44.6078,"stabilizedPalmPosition":[67.165,178.068,-46.4255],"t":[-1.75294,5.62563,1.92616],"timeVisible":0.039298,"type":"right","wrist":[84.3617,148.48,15.4968]}],"id":157047,"interactionBox":{"center":[0,200,0],"size":[235.247,235.247,147.751]},"pointables":[{"bases":[[[0.895426,-0.432084,-0.107309],[0.429745,0.775865,0.461901],[-0.116323,-0.459714,0.880416]],[[0.890674,-0.448308,-0.0756363],[0.449675,0.893191,0.00118038],[0.0670285,-0.0350631,0.997135]],[[0.890674,-0.448308,-0.0756363],[0.319313,0.735261,-0.597854],[0.323635,0.508341,0.798028]],[[0.890674,-0.448308,-0.0756363],[0.176682,0.494594,-0.850976],[0.418908,0.744578,0.51973]]],"btipPosition":[84.2311,168.626,-116.404],"carpPosition":[93.2932,164.311,-10.1321],"dipPosition":[91.233,181.071,-107.717],"direction":[-0.323635,-0.508341,-0.798028],"extended":false,"handId":253,"id":2534,"length":48.9803,"mcpPosition":[99.6694,189.51,-58.3916],"pipPosition":[97.3711,190.712,-92.5812],"stabilizedTipPosition":[88.8021,171.275,-116.395],"timeVisible":0.039298,"tipPosition":[89.1103,176.45,-116.437],"tipVelocity":[-429.446,30.9525,288.605],"tool":false,"touchDistance":-0.238209,"touchZone":"touching","type":4,"width":16.1655},{"bases":[[[0.449104,0.848862,0.278818],[-0.701994,0.142186,0.697845],[0.55273,-0.509133,0.659752]],[[0.198273,0.980147,-0.0002534],[-0.862335,0.174563,0.475296],[0.465905,-0.0940198,0.879826]],[[0.198273,0.980147,-0.0002534],[-0.92112,0.186421,0.341737],[0.335,-0.0675238,0.939795]],[[0.198273,0.980147,-0.0002534],[-0.975531,0.197364,0.0968858],[0.0950123,-0.0189626,0.995295]]],"btipPosition":[17.5444,154.799,-95.8749],"carpPosition":[52.7617,147.7,-0.697983],"dipPosition":[19.7007,154.369,-73.2872],"direction":[-0.335,0.0675238,-0.939795],"extended":false,"handId":253,"id":2530,"length":50.5373,"mcpPosition":[52.7617,147.7,-0.697983],"pipPosition":[30.7766,152.137,-42.2151],"stabilizedTipPosition":[18.4516,152.241,-90.5398],"timeVisible":0.039298,"tipPosition":[17.8845,152.381,-89.0333],"tipVelocity":[-72.4697,433.443,-24.6604],"tool":false,"touchDistance":0.215637,"touchZone":"hovering","type":0,"width":20.3863},{"bases":[[[0.95005,0.100341,-0.295528],[0.042349,0.896704,0.4406],[0.309212,-0.431107,0.847664]],[[0.93264,0.122676,-0.339312],[-0.154548,0.985611,-0.0684503],[0.326032,0.116279,0.93818]],[[0.93264,0.122676,-0.339312],[-0.358997,0.409606,-0.838656],[0.0361009,0.903976,0.426056]],[[0.93264,0.122676,-0.339312],[-0.325654,-0.118688,-0.93801],[-0.155344,0.985324,-0.0707435]]],"btipPosition":[27.1749,156.321,-106.612],"carpPosition":[60.5347,168.696,0.239158],"dipPosition":[24.6012,172.646,-107.784],"direction":[-0.0361009,-0.903976,-0.426056],"extended":false,"handId":253,"id":2531,"length":57.0257,"mcpPosition":[39.03,198.678,-58.713],"pipPosition":[25.4473,193.833,-97.7982],"stabilizedTipPosition":[27.8585,157.113,-121.888],"timeVisible":0.039298,"tipPosition":[25.6823,164.823,-110.986],"tipVelocity":[-33.6819,78.2275,396.26],"tool":false,"touchDistance":-0.105604,"touchZone":"touching","type":1,"width":19.473},{"bases":[[[0.961858,-0.113172,-0.249041],[0.209135,0.891076,0.402798],[0.176329,-0.439518,0.880757]],[[0.949554,-0.086613,-0.301407],[-0.122975,0.781289,-0.611935],[0.288488,0.61813,0.731225]],[[0.949554,-0.086613,-0.301407],[-0.297498,-0.55284,-0.778372],[-0.0992127,0.828774,-0.550719]],[[0.949554,-0.086613,-0.301407],[-0.18749,-0.927215,-0.324222],[-0.251387,0.364377,-0.896679]]],"btipPosition":[53.5736,142.137,-63.6668],"carpPosition":[71.3702,171.534,-2.9268],"dipPosition":[48.9926,148.777,-80.0067],"direction":[0.0992127,-0.828774,0.550719],"extended":false,"handId":253,"id":2532,"length":64.9762,"mcpPosition":[59.7408,200.521,-61.0152],"pipPosition":[46.2569,171.63,-95.1926],"stabilizedTipPosition":[54.3678,138.158,-65.6412],"timeVisible":0.039298,"tipPosition":[52.4119,147.21,-65.435],"tipVelocity":[-64.1851,191.252,-61.9581],"tool":false,"touchDistance":0.333333,"touchZone":"none","type":2,"width":19.1251},{"bases":[[[0.958802,-0.243466,-0.146368],[0.282835,0.866248,0.411847],[0.02652,-0.436278,0.899421]],[[0.958139,-0.235277,-0.163138],[0.101075,0.811092,-0.57612],[0.267867,0.535514,0.800919]],[[0.958139,-0.235277,-0.163138],[-0.263586,-0.502463,-0.82344],[0.111765,0.831971,-0.543445]],[[0.958139,-0.235277,-0.163138],[-0.275369,-0.913273,-0.300174],[-0.0783654,0.332531,-0.939831]]],"btipPosition":[67.7685,145.584,-62.4783],"carpPosition":[82.527,171.325,-6.14502],"dipPosition":[66.3487,151.609,-79.506],"direction":[-0.111765,-0.831971,0.543445],"extended":false,"handId":253,"id":2533,"length":62.4764,"mcpPosition":[80.9566,197.159,-59.4039],"pipPosition":[69.351,173.958,-94.1044],"stabilizedTipPosition":[70.1055,140.385,-61.9609],"timeVisible":0.039298,"tipPosition":[68.5848,147.871,-61.7441],"tipVelocity":[-114.235,282.407,-190.157],"tool":false,"touchDistance":0.333333,"touchZone":"none","type":3,"width":18.1987}],"r":[[0.99998,0.00601323,-0.00214945],[-0.00596912,0.999783,0.0199717],[0.00226908,-0.0199584,0.999798]],"s":0.933122,"t":[-1.75294,5.62563,1.92616],"timestamp":259531399368},{"currentFrameRate":25.0367,"devices":[],"gestures":[],"hands":[{"armBasis":[[0.948748,0.106076,-0.297699],[0.0428128,0.890164,0.453625],[0.313119,-0.443121,0.84]],"armWidth":62.9551,"confidence":0.393969,"direction":[-0.188686,0.608959,-0.770432],"elbow":[165.594,47.2237,227.657],"grabAngle":2.51595,"grabStrength":0.84962,"id":253,"palmNormal":[-0.078983,-0.791393,-0.606183],"palmPosition":[63.5132,198.598,-43.6626],"palmVelocity":[-47.8192,375.043,21.1135],"palmWidth":86.0143,"pinchDistance":22.5521,"pinchStrength":0.997644,"r":[[0.999761,0.0188043,-0.0111123],[-0.0182505,0.998681,0.0479953],[0.0120001,-0.047781,0.998786]],"s":0.829638,"sphereCenter":[67.8461,169.584,-87.6196],"sphereRadius":44.8002,"stabilizedPalmPosition":[63.7045,197.522,-43.8074],"t":[-3.58011,15.8947,3.309],"timeVisible":0.07906,"type":"right","wrist":[85.6752,160.324,13.2594]}],"id":157048,"interactionBox":{"center":[0,200,0],"size":[235.247,235.247,147.751]},"pointables":[{"bases":[[[0.427715,0.848211,0.312408],[-0.678818,0.0731883,0.73065],[0.596881,-0.524578,0.607084]],[[0.171075,0.983403,0.0604326],[-0.838224,0.113035,0.533483],[0.517798,-0.141922,0.843649]],[[0.171075,0.983403,0.0604326],[-0.91986,0.137445,0.367378],[0.352975,-0.118439,0.928106]],[[0.171075,0.983403,0.0604326],[-0.983435,0.166707,0.0711656],[0.0599099,-0.0716061,0.995632]]],"btipPosition":[16.4821,171.876,-94.7485],"carpPosition":[53.9458,159.638,-1.65753],"dipPosition":[17.8418,170.251,-72.1531],"direction":[-0.352975,0.118439,-0.928106],"extended":false,"handId":253,"id":2530,"length":50.5373,"mcpPosition":[53.9458,159.638,-1.65753],"pipPosition":[29.512,166.335,-41.4676],"stabilizedTipPosition":[16.8033,171.404,-89.5566],"timeVisible":0.07906,"tipPosition":[15.607,168.447,-88.3394],"tipVelocity":[-31.325,422.553,28.3724],"tool":false,"touchDistance":0.266359,"touchZone":"hovering","type":0,"width":20.3863},{"bases":[[[0.933279,0.155013,-0.323977],[0.0261367,0.870355,0.49173],[0.358199,-0.467389,0.808233]],[[0.919354,0.172239,-0.353727],[-0.178985,0.983755,0.0138259],[0.350362,0.0506008,0.935247]],[[0.919354,0.172239,-0.353727],[-0.386446,0.56401,-0.729762],[0.0738118,0.807606,0.585086]],[[0.919354,0.172239,-0.353727],[-0.366374,0.0471324,-0.929273],[-0.143385,0.983927,0.106435]]],"btipPosition":[22.0979,176.001,-110.401],"carpPosition":[60.9602,180.834,0.24884],"dipPosition":[19.7224,192.302,-108.637],"direction":[-0.0738118,-0.807606,-0.585086],"extended":false,"handId":253,"id":2531,"length":57.0257,"mcpPosition":[36.0487,213.339,-55.961],"pipPosition":[21.4524,211.231,-94.924],"stabilizedTipPosition":[23.0084,174.521,-112.742],"timeVisible":0.07906,"tipPosition":[21.8229,181.442,-109.74],"tipVelocity":[-126.538,494.805,-78.3028],"tool":false,"touchDistance":-0.208421,"touchZone":"touching","type":1,"width":19.473},{"bases":[[[0.954871,-0.0602191,-0.290852],[0.1914,0.873559,0.447504],[0.227128,-0.482978,0.845662]],[[0.942015,-0.0354572,-0.333691],[-0.13074,0.877046,-0.462274],[0.309053,0.479096,0.821555]],[[0.942015,-0.0354572,-0.333691],[-0.328372,-0.302247,-0.894885],[-0.0691271,0.95257,-0.296365]],[[0.942015,-0.0354572,-0.333691],[-0.238195,-0.77109,-0.590494],[-0.236368,0.635738,-0.734825]]],"btipPosition":[48.3378,155.889,-75.7511],"carpPosition":[71.5493,184.28,-3.14045],"dipPosition":[44.0305,167.474,-89.1416],"direction":[0.0691271,-0.95257,0.296365],"extended":false,"handId":253,"id":2532,"length":64.9762,"mcpPosition":[56.5695,216.133,-58.9143],"pipPosition":[42.1244,193.74,-97.3138],"stabilizedTipPosition":[49.1594,153.289,-75.4262],"timeVisible":0.07906,"tipPosition":[49.2324,160.768,-72.4567],"tipVelocity":[-130.095,374.459,-286.855],"tool":false,"touchDistance":0.333333,"touchZone":"none","type":2,"width":19.1251},{"bases":[[[0.960724,-0.196317,-0.196138],[0.266275,0.851183,0.45231],[0.0781528,-0.486772,0.870026]],[[0.959175,-0.187595,-0.211639],[0.0830393,0.902163,-0.423327],[0.270347,0.388471,0.88091]],[[0.959175,-0.187595,-0.211639],[-0.252253,-0.229133,-0.940142],[0.127873,0.955147,-0.2671]],[[0.959175,-0.187595,-0.211639],[-0.279993,-0.7353,-0.617201],[-0.0398339,0.651262,-0.757807]]],"btipPosition":[63.5167,159.238,-75.5562],"carpPosition":[82.5708,184.702,-6.77659],"dipPosition":[62.795,171.037,-89.286],"direction":[-0.127873,-0.955147,0.2671],"extended":false,"handId":253,"id":2533,"length":62.4764,"mcpPosition":[77.943,213.526,-58.2949],"pipPosition":[66.23,196.695,-96.461],"stabilizedTipPosition":[65.3715,155.5,-73.7021],"timeVisible":0.07906,"tipPosition":[65.3454,162.98,-70.9163],"tipVelocity":[-102.894,376.788,-309.828],"tool":false,"touchDistance":0.333333,"touchZone":"none","type":3,"width":18.1987},{"bases":[[[0.906021,-0.38926,-0.166144],[0.418313,0.763915,0.491373],[-0.064352,-0.514695,0.854955]],[[0.904104,-0.402145,-0.14448],[0.385179,0.913362,-0.131936],[0.18502,0.0636334,0.980672]],[[0.904104,-0.402145,-0.14448],[0.00852481,0.35502,-0.93482],[0.427227,0.843943,0.324403]],[[0.904104,-0.402145,-0.14448],[-0.157924,-0.000282327,-0.987451],[0.397058,0.915576,-0.0637638]]],"btipPosition":[75.8703,173.086,-97.1494],"carpPosition":[93.4263,178.365,-11.5735],"dipPosition":[82.5069,188.389,-98.2152],"direction":[-0.427227,-0.843943,-0.324403],"extended":false,"handId":253,"id":2534,"length":48.9803,"mcpPosition":[96.9537,206.577,-58.4374],"pipPosition":[90.6098,204.396,-92.0625],"stabilizedTipPosition":[83.2211,173.883,-107.098],"timeVisible":0.07906,"tipPosition":[79.3467,181.988,-102.619],"tipVelocity":[-212.385,128.703,427.826],"tool":false,"touchDistance":0.0953116,"touchZone":"hovering","type":4,"width":16.1655}],"r":[[0.999761,0.0188043,-0.0111123],[-0.0182505,0.998681,0.0479953],[0.0120001,-0.047781,0.998786]],"s":0.829638,"t":[-3.58011,15.8947,3.309],"timestamp":259531439130},{"currentFrameRate":28.1263,"devices":[],"gestures":[],"hands":[{"armBasis":[[0.94674,0.12849,-0.295253],[0.0263441,0.882953,0.468722],[0.320921,-0.451536,0.832541]],"armWidth":62.9551,"confidence":0.456104,"direction":[-0.186973,0.653972,-0.733049],"elbow":[166.864,47.0562,223.195],"grabAngle":2.58835,"grabStrength":0.876407,"id":253,"palmNormal":[-0.071029,-0.753255,-0.653881],"palmPosition":[62.8279,203.491,-44.1632],"palmVelocity":[-47.5649,339.635,-34.75],"palmWidth":86.0143,"pinchDistance":22.4265,"pinchStrength":1,"r":[[0.999405,0.0303218,-0.0164328],[-0.0288648,0.996162,0.0826299],[0.0188752,-0.0821064,0.996445]],"s":0.754196,"sphereCenter":[68.7634,177.286,-90.1441],"sphereRadius":45.1949,"stabilizedPalmPosition":[63.0366,202.07,-44.0785],"t":[-4.8363,23.4756,3.75012],"timeVisible":0.093466,"type":"right","wrist":[84.9533,162.304,10.7006]}],"id":157049,"interactionBox":{"center":[0,200,0],"size":[235.247,235.247,147.751]},"pointables":[{"bases":[[[0.421312,0.829588,0.366443],[-0.683798,0.0251552,0.729238],[0.595749,-0.557809,0.577868]],[[0.16483,0.978898,0.120792],[-0.832975,0.0725724,0.548531],[0.52819,-0.19103,0.827359]],[[0.16483,0.978898,0.120792],[-0.924993,0.110906,0.363439],[0.342373,-0.171637,0.923754]],[[0.16483,0.978898,0.120792],[-0.985771,0.159403,0.0533538],[0.0329733,-0.127867,0.991243]]],"btipPosition":[16.2056,179.583,-96.7584],"carpPosition":[53.1978,161.992,-4.67959],"dipPosition":[16.9539,176.681,-74.2626],"direction":[-0.342373,0.171637,-0.923754],"extended":false,"handId":253,"id":2530,"length":50.5373,"mcpPosition":[53.1978,161.992,-4.67959],"pipPosition":[28.2736,171.006,-43.7209],"stabilizedTipPosition":[16.4336,177.929,-91.318],"timeVisible":0.093466,"tipPosition":[15.3892,175.974,-90.9316],"tipVelocity":[-28.9534,514.604,-141.106],"tool":false,"touchDistance":0.27239,"touchZone":"hovering","type":0,"width":20.3863},{"bases":[[[0.934491,0.178997,-0.307711],[0.0184978,0.838807,0.544115],[0.355506,-0.514162,0.780546]],[[0.924807,0.192473,-0.328155],[-0.180684,0.9813,0.0663572],[0.334791,-0.00207519,0.94229]],[[0.924807,0.192473,-0.328155],[-0.376161,0.591577,-0.71312],[0.0568731,0.782938,0.619495]],[[0.924807,0.192473,-0.328155],[-0.34748,0.0761796,-0.934588],[-0.154884,0.978341,0.137332]]],"btipPosition":[22.651,184.35,-111.772],"carpPosition":[60.0897,183.065,-1.43617],"dipPosition":[20.0849,200.559,-109.497],"direction":[-0.0568731,-0.782938,-0.619495],"extended":false,"handId":253,"id":2531,"length":57.0257,"mcpPosition":[35.3655,218.824,-55.7205],"pipPosition":[21.4179,218.91,-94.9769],"stabilizedTipPosition":[22.5231,181.465,-111.977],"timeVisible":0.093466,"tipPosition":[21.672,190.072,-111.428],"tipVelocity":[35.3477,578.115,-87.0192],"tool":false,"touchDistance":-0.254845,"touchZone":"touching","type":1,"width":19.473},{"bases":[[[0.956992,-0.0377499,-0.287647],[0.184019,0.845501,0.501264],[0.224283,-0.532638,0.816084]],[[0.949476,-0.0210031,-0.313135],[-0.117822,0.900922,-0.417682],[0.290883,0.433473,0.852929]],[[0.949476,-0.0210031,-0.313135],[-0.308013,-0.253718,-0.916927],[-0.0601899,0.96705,-0.247369]],[[0.949476,-0.0210031,-0.313135],[-0.223918,-0.744441,-0.629021],[-0.2199,0.667357,-0.711532]]],"btipPosition":[47.9608,162.804,-78.4403],"carpPosition":[70.6819,186.763,-4.53845],"dipPosition":[43.9536,174.965,-91.4063],"direction":[0.0601899,-0.96705,0.247369],"extended":false,"handId":253,"id":2532,"length":64.9762,"mcpPosition":[55.8898,221.892,-58.3615],"pipPosition":[42.2939,201.631,-98.2274],"stabilizedTipPosition":[47.9455,160.338,-78.8593],"timeVisible":0.093466,"tipPosition":[48.8775,167.375,-75.4663],"tipVelocity":[-21.3777,489.215,-179.893],"tool":false,"touchDistance":0.333333,"touchZone":"none","type":2,"width":19.1251},{"bases":[[[0.962953,-0.17935,-0.201382],[0.258977,0.823233,0.505191],[0.0751782,-0.538629,0.839182]],[[0.962546,-0.176522,-0.20578],[0.0930956,0.928048,-0.360639],[0.254635,0.327975,0.909722]],[[0.962546,-0.176522,-0.20578],[-0.232694,-0.148366,-0.961166],[0.139137,0.973051,-0.183885]],[[0.962546,-0.176522,-0.20578],[-0.269957,-0.694228,-0.667211],[-0.0250809,0.697773,-0.71588]]],"btipPosition":[62.9568,166.363,-79.2653],"carpPosition":[81.7239,187.459,-8.06885],"dipPosition":[62.5024,179.005,-92.2356],"direction":[-0.139137,-0.973051,0.183885],"extended":false,"handId":253,"id":2533,"length":62.4764,"mcpPosition":[77.2722,219.354,-57.7607],"pipPosition":[66.24,205.144,-97.1752],"stabilizedTipPosition":[64.1463,162.197,-77.8584],"timeVisible":0.093466,"tipPosition":[64.892,169.594,-74.0345],"tipVelocity":[-34.5988,508.063,-245.345],"tool":false,"touchDistance":0.333333,"touchZone":"none","type":3,"width":18.1987},{"bases":[[[0.909066,-0.374025,-0.183588],[0.411217,0.734473,0.539861],[-0.0670813,-0.566264,0.82149]],[[0.906945,-0.389044,-0.161539],[0.382768,0.921218,-0.0696114],[0.175895,0.0013018,0.984408]],[[0.906945,-0.389044,-0.161539],[-0.0238984,0.33534,-0.941794],[0.42057,0.858016,0.294837]],[[0.906945,-0.389044,-0.161539],[-0.243966,-0.172483,-0.954322],[0.34341,0.904928,-0.251347]]],"btipPosition":[76.5717,181.075,-93.3451],"carpPosition":[92.6423,181.479,-13.1717],"dipPosition":[82.3117,196.201,-97.5463],"direction":[-0.42057,-0.858016,-0.294837],"extended":false,"handId":253,"id":2534,"length":48.9803,"mcpPosition":[96.3193,212.518,-58.2011],"pipPosition":[90.2883,212.474,-91.9543],"stabilizedTipPosition":[81.6436,177.042,-103.313],"timeVisible":0.093466,"tipPosition":[78.812,189.075,-101.506],"tipVelocity":[34.3754,551.741,214.019],"tool":false,"touchDistance":0.223162,"touchZone":"hovering","type":4,"width":16.1655}],"r":[[0.999405,0.0303218,-0.0164328],[-0.0288648,0.996162,0.0826299],[0.0188752,-0.0821064,0.996445]],"s":0.754196,"t":[-4.8363,23.4756,3.75012],"timestamp":259531453536},{"currentFrameRate":30.9304,"devices":[],"gestures":[],"hands":[{"armBasis":[[0.944405,0.130816,-0.301639],[0.0298184,0.879578,0.474819],[0.327429,-0.457416,0.826777]],"armWidth":62.9551,"confidence":0.515963,"direction":[-0.184508,0.682785,-0.706938],"elbow":[168.114,49.2984,219.83],"grabAngle":2.67572,"grabStrength":0.919753,"id":253,"palmNormal":[-0.0804316,-0.727365,-0.681521],"palmPosition":[62.454,209.202,-44.5292],"palmVelocity":[-25.1133,383.567,-24.5823],"palmWidth":86.0143,"pinchDistance":20.8485,"pinchStrength":1,"r":[[0.999052,0.0380946,-0.0210772],[-0.035355,0.992403,0.117842],[0.0254063,-0.116985,0.992809]],"s":0.697573,"sphereCenter":[68.0727,184.906,-91.1957],"sphereRadius":44.6857,"stabilizedPalmPosition":[62.5213,208.378,-44.4772],"t":[-5.65136,30.1217,3.78766],"timeVisible":0.108356,"type":"right","wrist":[84.5429,166.047,8.80688]}],"id":157050,"interactionBox":{"center":[0,200,0],"size":[235.247,235.247,147.751]},"pointables":[{"bases":[[[0.430099,0.811528,0.395522],[-0.680346,0.00338172,0.732883],[0.593418,-0.584304,0.553574]],[[0.173386,0.972345,0.15647],[-0.824919,0.0565942,0.56241],[0.538001,-0.226589,0.811919]],[[0.173386,0.972345,0.15647],[-0.927115,0.107548,0.359015],[0.332258,-0.207313,0.920123]],[[0.173386,0.972345,0.15647],[-0.98483,0.170065,0.0344678],[0.00690447,-0.160072,0.987081]]],"btipPosition":[16.1084,187.503,-97.7318],"carpPosition":[52.6376,166.323,-6.59612],"dipPosition":[16.2651,183.87,-75.3305],"direction":[-0.332258,0.207313,-0.920123],"extended":false,"handId":253,"id":2530,"length":50.5373,"mcpPosition":[52.6376,166.323,-6.59612],"pipPosition":[27.2504,177.016,-44.9089],"stabilizedTipPosition":[16.172,185.835,-92.4594],"timeVisible":0.108356,"tipPosition":[14.6328,183.983,-92.0983],"tipVelocity":[-15.6648,520.612,-66.8329],"tool":false,"touchDistance":0.288098,"touchZone":"hovering","type":0,"width":20.3863},{"bases":[[[0.934649,0.182549,-0.305134],[0.0281633,0.817449,0.575313],[0.354454,-0.546309,0.758886]],[[0.927106,0.193826,-0.320788],[-0.17613,0.980811,0.0835924],[0.330835,-0.0209984,0.943455]],[[0.927106,0.193826,-0.320788],[-0.371649,0.586146,-0.719938],[0.0484857,0.786679,0.615455]],[[0.927106,0.193826,-0.320788],[-0.337372,0.0587532,-0.939536],[-0.16326,0.979275,0.119862]]],"btipPosition":[22.8608,191.406,-111.085],"carpPosition":[59.7262,187.2,-2.59165],"dipPosition":[20.1559,207.63,-109.1],"direction":[-0.0484857,-0.786679,-0.615455],"extended":false,"handId":253,"id":2531,"length":57.0257,"mcpPosition":[35.0752,225.194,-55.3696],"pipPosition":[21.2923,226.069,-94.6746],"stabilizedTipPosition":[22.3464,189.958,-111.14],"timeVisible":0.108356,"tipPosition":[21.0689,198.212,-111.867],"tipVelocity":[11.9477,474.079,41.6342],"tool":false,"touchDistance":-0.258969,"touchZone":"touching","type":1,"width":19.473},{"bases":[[[0.955357,-0.0349852,-0.293376],[0.193547,0.82435,0.531965],[0.223234,-0.564999,0.794319]],[[0.949145,-0.0200912,-0.314196],[-0.112197,0.910858,-0.397178],[0.294168,0.412231,0.862282]],[[0.949145,-0.0200912,-0.314196],[-0.309792,-0.237556,-0.92065],[-0.0561423,0.971166,-0.231699]],[[0.949145,-0.0200912,-0.314196],[-0.227328,-0.734167,-0.639782],[-0.217819,0.678672,-0.701398]]],"btipPosition":[47.3814,169.77,-79.1223],"carpPosition":[70.3364,190.922,-5.60199],"dipPosition":[43.4122,182.137,-91.9036],"direction":[0.0561423,-0.971166,0.231699],"extended":false,"handId":253,"id":2532,"length":64.9762,"mcpPosition":[55.6135,228.185,-57.9896],"pipPosition":[41.8641,208.917,-98.2926],"stabilizedTipPosition":[46.9083,168.959,-81.1083],"timeVisible":0.108356,"tipPosition":[47.9413,174.288,-77.4586],"tipVelocity":[-38.3231,471.045,-42.9489],"tool":false,"touchDistance":0.333333,"touchZone":"none","type":2,"width":19.1251},{"bases":[[[0.960468,-0.179791,-0.212549],[0.268325,0.801313,0.534696],[0.0741851,-0.57059,0.817877]],[[0.96053,-0.18027,-0.211862],[0.100148,0.934633,-0.34122],[0.259525,0.306534,0.915797]],[[0.96053,-0.18027,-0.211862],[-0.237834,-0.137156,-0.961573],[0.144285,0.974008,-0.174617]],[[0.96053,-0.18027,-0.211862],[-0.276845,-0.693957,-0.664666],[-0.0272039,0.697084,-0.716473]]],"btipPosition":[62.3484,173.369,-79.5919],"carpPosition":[81.3684,191.657,-9.15559],"dipPosition":[61.8555,185.999,-92.5729],"direction":[-0.144285,-0.974008,0.174617],"extended":false,"handId":253,"id":2533,"length":62.4764,"mcpPosition":[76.9755,225.444,-57.5859],"pipPosition":[65.7314,212.164,-97.2635],"stabilizedTipPosition":[62.9989,170.648,-80.6915],"timeVisible":0.108356,"tipPosition":[63.9392,176.428,-76.2396],"tipVelocity":[-41.4526,470.346,-22.0991],"tool":false,"touchDistance":0.333333,"touchZone":"none","type":3,"width":18.1987},{"bases":[[[0.904972,-0.374534,-0.201866],[0.41994,0.710014,0.56527],[-0.0683851,-0.596325,0.799825]],[[0.903034,-0.388969,-0.182296],[0.383218,0.921206,-0.0672612],[0.194094,-0.00911975,0.980941]],[[0.903034,-0.388969,-0.182296],[-0.0834675,0.2574,-0.962693],[0.421381,0.884561,0.199975]],[[0.903034,-0.388969,-0.182296],[-0.323789,-0.337459,-0.883902],[0.282293,0.857219,-0.430681]]],"btipPosition":[76.595,187.677,-88.6024],"carpPosition":[92.212,185.782,-14.532],"dipPosition":[81.3134,202.005,-95.801],"direction":[-0.421381,-0.884561,-0.199975],"extended":false,"handId":253,"id":2534,"length":48.9803,"mcpPosition":[95.9605,218.469,-58.3739],"pipPosition":[89.3054,218.782,-92.0082],"stabilizedTipPosition":[80.2858,181.814,-98.8402],"timeVisible":0.108356,"tipPosition":[77.9571,195.236,-99.1338],"tipVelocity":[-14.2135,431.05,272.22],"tool":false,"touchDistance":0.300712,"touchZone":"hovering","type":4,"width":16.1655}],"r":[[0.999052,0.0380946,-0.0210772],[-0.035355,0.992403,0.117842],[0.0254063,-0.116985,0.992809]],"s":0.697573,"t":[-5.65136,30.1217,3.78766],"timestamp":259531468426},{"currentFrameRate":33.871,"devices":[],"gestures":[],"hands":[{"armBasis":[[0.94173,0.130691,-0.309943],[0.0348009,0.878634,0.476225],[0.334565,-0.459262,0.822888]],"armWidth":62.9551,"confidence":0.563446,"direction":[-0.17854,0.709291,-0.681931],"elbow":[169.096,51.8428,216.8],"grabAngle":2.74597,"grabStrength":0.994363,"id":253,"palmNormal":[-0.0909481,-0.701996,-0.70635],"palmPosition":[61.8485,214.034,-45.1298],"palmVelocity":[-47.5758,379.675,-47.1888],"palmWidth":86.0143,"pinchDistance":18.3361,"pinchStrength":1,"r":[[0.998795,0.0422585,-0.0249638],[-0.0379598,0.987514,0.152892],[0.031113,-0.15176,0.987928]],"s":0.651664,"sphereCenter":[66.8092,191.622,-92.1047],"sphereRadius":43.8723,"stabilizedPalmPosition":[61.9281,213.365,-45.0526],"t":[-6.36165,35.8608,3.50614],"timeVisible":0.121083,"type":"right","wrist":[83.7034,169.063,6.76984]}],"id":157051,"interactionBox":{"center":[0,200,0],"size":[235.247,235.247,147.751]},"pointables":[{"bases":[[[0.440744,0.79208,0.42232],[-0.678122,-0.0144493,0.734807],[0.588128,-0.610246,0.530758]],[[0.185322,0.964138,0.189985],[-0.820057,0.0452112,0.570493],[0.541444,-0.261523,0.799027]],[[0.185322,0.964138,0.189985],[-0.928914,0.108805,0.35395],[0.320585,-0.242074,0.915765]],[[0.185322,0.964138,0.189985],[-0.982554,0.184875,0.0202316],[-0.0156174,-0.19042,0.981579]]],"btipPosition":[15.8455,194.633,-98.9504],"carpPosition":[51.64,169.967,-8.69202],"dipPosition":[15.491,190.311,-76.6739],"direction":[-0.320585,0.242074,-0.915765],"extended":false,"handId":253,"id":2530,"length":50.5373,"mcpPosition":[51.64,169.967,-8.69202],"pipPosition":[26.0904,182.308,-46.3964],"stabilizedTipPosition":[15.8111,192.738,-93.6689],"timeVisible":0.121083,"tipPosition":[13.6848,191.164,-93.4128],"tipVelocity":[-29.9,547.769,-98.0052],"tool":false,"touchDistance":0.296344,"touchZone":"hovering","type":0,"width":20.3863},{"bases":[[[0.935835,0.182273,-0.301645],[0.0394316,0.796356,0.603542],[0.350226,-0.57671,0.73807]],[[0.930562,0.190768,-0.312509],[-0.170729,0.981149,0.0905482],[0.323892,-0.0309062,0.945589]],[[0.930562,0.190768,-0.312509],[-0.364683,0.558856,-0.744773],[0.0325693,0.807024,0.58962]],[[0.930562,0.190768,-0.312509],[-0.318949,0.00322774,-0.947766],[-0.179794,0.98163,0.0638487]]],"btipPosition":[23.3497,196.823,-109.583],"carpPosition":[58.9848,190.606,-3.98114],"dipPosition":[20.3709,213.087,-108.525],"direction":[-0.0325693,-0.807024,-0.58962],"extended":false,"handId":253,"id":2531,"length":57.0257,"mcpPosition":[34.6278,230.714,-55.3114],"pipPosition":[21.1342,232.002,-94.7053],"stabilizedTipPosition":[22.5441,196.549,-110.021],"timeVisible":0.121083,"tipPosition":[20.6181,204.89,-112.044],"tipVelocity":[33.4631,426.35,101.312],"tool":false,"touchDistance":-0.251946,"touchZone":"touching","type":1,"width":19.473},{"bases":[[[0.954022,-0.0357664,-0.297596],[0.204758,0.802852,0.559914],[0.218899,-0.595105,0.773261]],[[0.949288,-0.0234457,-0.313531],[-0.102158,0.920106,-0.378111],[0.297347,0.390966,0.871051]],[[0.949288,-0.0234457,-0.313531],[-0.310778,-0.221044,-0.924422],[-0.0476305,0.974982,-0.217121]],[[0.949288,-0.0234457,-0.313531],[-0.230673,-0.729544,-0.64386],[-0.213639,0.683532,-0.697956]]],"btipPosition":[46.5006,175.942,-79.9003],"carpPosition":[69.6291,194.307,-6.8943],"dipPosition":[42.6075,188.398,-92.6189],"direction":[0.0476305,-0.974982,0.217121],"extended":false,"handId":253,"id":2532,"length":64.9762,"mcpPosition":[55.1921,233.556,-57.8931],"pipPosition":[41.2941,215.283,-98.606],"stabilizedTipPosition":[45.9917,175.886,-82.3163],"timeVisible":0.121083,"tipPosition":[46.7472,180.355,-79.4626],"tipVelocity":[-67.8356,486.521,-60.0016],"tool":false,"touchDistance":0.333333,"touchZone":"none","type":2,"width":19.1251},{"bases":[[[0.957668,-0.183371,-0.221917],[0.279269,0.778865,0.561586],[0.0698645,-0.599787,0.797104]],[[0.958149,-0.187711,-0.216136],[0.109272,0.937659,-0.329934],[0.264594,0.292508,0.918928]],[[0.958149,-0.187711,-0.216136],[-0.242549,-0.131288,-0.961215],[0.152055,0.97341,-0.171323]],[[0.958149,-0.187711,-0.216136],[-0.285163,-0.692173,-0.663007],[-0.02515,0.696893,-0.716734]]],"btipPosition":[61.4289,179.107,-79.8822],"carpPosition":[80.6586,195.039,-10.4565],"dipPosition":[60.9732,191.734,-92.8679],"direction":[-0.152055,-0.97341,0.171323],"extended":false,"handId":253,"id":2533,"length":62.4764,"mcpPosition":[76.5216,230.555,-57.6567],"pipPosition":[65.0578,217.882,-97.4701],"stabilizedTipPosition":[61.9631,177.676,-82.0381],"timeVisible":0.121083,"tipPosition":[62.714,182.345,-78.4307],"tipVelocity":[-71.5757,450.784,-22.8945],"tool":false,"touchDistance":0.333333,"touchZone":"none","type":3,"width":18.1987},{"bases":[[[0.899922,-0.377711,-0.217888],[0.429889,0.684792,0.588434],[-0.0730499,-0.623213,0.778633]],[[0.898206,-0.390603,-0.201632],[0.385974,0.920324,-0.0634678],[0.210357,-0.0208174,0.977403]],[[0.898206,-0.390603,-0.201632],[-0.121766,0.219656,-0.967948],[0.422373,0.893969,0.149734]],[[0.898206,-0.390603,-0.201632],[-0.364013,-0.403805,-0.839307],[0.246416,0.827267,-0.504884]]],"btipPosition":[76.0788,193.323,-86.6661],"carpPosition":[91.4168,189.23,-16.0718],"dipPosition":[80.1975,207.15,-95.105],"direction":[-0.422373,-0.893969,-0.149734],"extended":false,"handId":253,"id":2534,"length":48.9803,"mcpPosition":[95.421,223.391,-58.7521],"pipPosition":[88.2083,224.105,-92.2651],"stabilizedTipPosition":[79.0643,187.318,-95.0057],"timeVisible":0.121083,"tipPosition":[77.0272,200.909,-98.2576],"tipVelocity":[-51.4022,434.553,129.724],"tool":false,"touchDistance":0.329852,"touchZone":"hovering","type":4,"width":16.1655}],"r":[[0.998795,0.0422585,-0.0249638],[-0.0379598,0.987514,0.152892],[0.031113,-0.15176,0.987928]],"s":0.651664,"t":[-6.36165,35.8608,3.50614],"timestamp":259531481153},{"currentFrameRate":36.595