{"frames":309,"data":[{"currentFrameRate":24.8151,"devices":[],"gestures":[],"hands":[],"id":159232,"interactionBox":{"center":[0,200,0],"size":[235.247,235.247,147.751]},"pointables":[],"r":[[-0.451118,-0.878766,0.155767],[0.630521,-0.437343,-0.641229],[0.631613,-0.191055,0.751374]],"s":-0.0734829,"t":[559.648,-310.26,370.787],"timestamp":259602479287},{"currentFrameRate":25.0011,"devices":[],"gestures":[],"hands":[],"id":159233,"interactionBox":{"center":[0,200,0],"size":[235.247,235.247,147.751]},"pointables":[],"r":[[-0.451118,-0.878766,0.155767],[0.630521,-0.437343,-0.641229],[0.631613,-0.191055,0.751374]],"s":-0.0734829,"t":[559.648,-310.26,370.787],"timestamp":259602517937},{"currentFrameRate":25.1617,"devices":[],"gestures":[],"hands":[],"id":159234,"interactionBox":{"center":[0,200,0],"size":[235.247,235.247,147.751]},"pointables":[],"r":[[-0.451118,-0.878766,0.155767],[0.630521,-0.437343,-0.641229],[0.631613,-0.191055,0.751374]],"s":-0.0734829,"t":[559.648,-310.26,370.787],"timestamp":259602556523},{"currentFrameRate":25.2663,"devices":[],"gestures":[],"hands":[],"id":159235,"interactionBox":{"center":[0,200,0],"size":[235.247,235.247,147.751]},"pointables":[],"r":[[-0.451118,-0.878766,0.155767],[0.630521,-0.437343,-0.641229],[0.631613,-0.191055,0.751374]],"s":-0.0734829,"t":[559.648,-310.26,370.787],"timestamp":259602595351},{"currentFrameRate":25.3836,"devices":[],"gestures":[],"hands":[],"id":159236,"interactionBox":{"center":[0,200,0],"size":[235.247,235.247,147.751]},"pointables":[],"r":[[-0.451118,-0.878766,0.155767],[0.630521,-0.437343,-0.641229],[0.631613,-0.191055,0.751374]],"s":-0.0734829,"t":[559.648,-310.26,370.787],"timestamp":259602633909},{"currentFrameRate":25.4935,"devices":[],"gestures":[],"hands":[],"id":159237,"interactionBox":{"center":[0,200,0],"size":[235.247,235.247,147.751]},"pointables":[],"r":[[-0.451118,-0.878766,0.155767],[0.630521,-0.437343,-0.641229],[0.631613,-0.191055,0.751374]],"s":-0.0734829,"t":[559.648,-310.26,370.787],"timestamp":259602672352},{"currentFrameRate":25.5728,"devices":[],"gestures":[],"hands":[],"id":159238,"interactionBox":{"center":[0,200,0],"size":[235.247,235.247,147.751]},"pointables":[],"r":[[-0.451118,-0.878766,0.155767],[0.630521,-0.437343,-0.641229],[0.631613,-0.191055,0.751374]],"s":-0.0734829,"t":[559.648,-310.26,370.787],"timestamp":259602710894},{"currentFrameRate":25.6163,"devices":[],"gestures":[],"hands":[],"id":159239,"interactionBox":{"center":[0,200,0],"size":[235.247,235.247,147.751]},"pointables":[],"r":[[-0.451118,-0.878766,0.155767],[0.630521,-0.437343,-0.641229],[0.631613,-0.191055,0.751374]],"s":-0.0734829,"t":[559.648,-310.26,370.787],"timestamp":259602749624},{"currentFrameRate":25.6745,"devices":[],"gestures":[],"hands":[],"id":159240,"interactionBox":{"center":[0,200,0],"size":[235.247,235.247,147.751]},"pointables":[],"r":[[-0.451118,-0.878766,0.155767],[0.630521,-0.437343,-0.641229],[0.631613,-0.191055,0.751374]],"s":-0.0734829,"t":[559.648,-310.26,370.787],"timestamp":259602788162},{"currentFrameRate":25.683,"devices":[],"gestures":[],"hands":[],"id":159241,"interactionBox":{"center":[0,200,0],"size":[235.247,235.247,147.751]},"pointables":[],"r":[[-0.451118,-0.878766,0.155767],[0.630521,-0.437343,-0.641229],[0.631613,-0.191055,0.751374]],"s":-0.0734829,"t":[559.648,-310.26,370.787],"timestamp":259602827038},{"currentFrameRate":25.757,"devices":[],"gestures":[],"hands":[],"id":159242,"interactionBox":{"center":[0,200,0],"size":[235.247,235.247,147.751]},"pointables":[],"r":[[-0.451118,-0.878766,0.155767],[0.630521,-0.437343,-0.641229],[0.631613,-0.191055,0.751374]],"s":-0.0734829,"t":[559.648,-310.26,370.787],"timestamp":259602865341},{"currentFrameRate":25.7878,"devices":[],"gestures":[],"hands":[],"id":159243,"interactionBox":{"center":[0,200,0],"size":[235.247,235.247,147.751]},"pointables":[],"r":[[-0.451118,-0.878766,0.155767],[0.630521,-0.437343,-0.641229],[0.631613,-0.191055,0.751374]],"s":-0.0734829,"t":[559.648,-310.26,370.787],"timestamp":259602903903},{"currentFrameRate":25.801,"devices":[],"gestures":[],"hands":[{"armBasis":[[0.544474,0.789652,0.28284],[0.599816,-0.130842,-0.789368],[0.586319,-0.599442,0.544885]],"armWidth":60.2356,"confidence":0,"direction":[-0.468392,0.0581838,-0.881603],"elbow":[244.975,-33.2734,210.998],"grabAngle":0,"grabStrength":0,"id":255,"palmNormal":[-0.865692,0.169218,0.471107],"palmPosition":[55.2251,123.394,13.6582],"palmVelocity":[1.19209e-7,1.19209e-7,1.19209e-7],"palmWidth":86.0143,"pinchDistance":58.5281,"pinchStrength":0,"r":[[1,-3.46945e-18,1.11022e-17],[3.46945e-18,1,-4.16334e-18],[-1.11022e-17,4.16334e-18,1]],"s":1,"sphereCenter":[107.129,100.448,-57.9896],"sphereRadius":86.4409,"stabilizedPalmPosition":[55.2251,123.394,13.6582],"t":[0,0,0],"timeVisible":0,"type":"left","wrist":[95.3254,119.725,71.9242]}],"id":159244,"interactionBox":{"center":[0,200,0],"size":[235.247,235.247,147.751]},"pointables":[{"bases":[[[0.753961,0.255903,-0.605026],[0.427825,-0.890188,0.156624],[0.498506,0.376934,0.780649]],[[0.67217,0.197496,-0.71357],[0.3543,-0.932057,0.0757771],[0.650122,0.303753,0.696473]],[[0.67217,0.197496,-0.71357],[0.197166,-0.976713,-0.0846002],[0.713662,0.0838258,0.695457]],[[0.67217,0.197496,-0.71357],[-0.00678728,-0.962083,-0.272671],[0.740366,-0.188124,0.645343]]],"btipPosition":[1.80109,88.9744,-4.58836],"carpPosition":[71.8608,101.848,64.9696],"dipPosition":[18.1808,84.8124,9.68909],"direction":[-0.713662,-0.0838258,-0.695457],"extended":true,"handId":255,"id":2550,"length":49.2665,"mcpPosition":[71.8608,101.848,64.9696],"pipPosition":[41.1829,87.5142,32.1045],"stabilizedTipPosition":[5.56842,88.0171,-1.30455],"timeVisible":0,"tipPosition":[5.56842,88.0171,-1.30455],"tipVelocity":[1.19209e-7,1.19209e-7,1.19209e-7],"tool":false,"touchDistance":1,"touchZone":"none","type":0,"width":19.1427},{"bases":[[[0.0954432,0.979662,-0.176504],[0.783221,-0.183342,-0.594096],[0.614374,0.0815391,0.784791]],[[0.207676,0.977798,-0.0279677],[0.906968,-0.203185,-0.368951],[0.366442,-0.0512565,0.929028]],[[0.207676,0.977798,-0.0279677],[0.906968,-0.203185,-0.368951],[0.366442,-0.0512565,0.929028]],[[0.207676,0.977798,-0.0279677],[0.906968,-0.203185,-0.368951],[0.366442,-0.0512565,0.929028]]],"btipPosition":[12.5697,105.22,-81.4186],"carpPosition":[84.4708,106.81,47.1236],"dipPosition":[18.4882,104.392,-66.4136],"direction":[-0.366442,0.0512565,-0.929028],"extended":true,"handId":255,"id":2551,"length":55.5917,"mcpPosition":[41.7433,101.139,-7.45585],"pipPosition":[26.8609,103.221,-45.1865],"stabilizedTipPosition":[13.931,105.029,-77.9674],"timeVisible":0,"tipPosition":[13.931,105.029,-77.9674],"tipVelocity":[1.19209e-7,1.19209e-7,1.19209e-7],"tool":false,"touchDistance":0.363822,"touchZone":"hovering","type":1,"width":18.2851},{"bases":[[[0.0426419,0.998476,0.0350293],[0.80138,-0.0132447,-0.598009],[0.596634,-0.0535721,0.800723]],[[-0.0785461,0.988768,-0.127157],[0.996227,0.0731284,-0.0467352],[0.0369115,0.130348,0.990781]],[[-0.0785461,0.988768,-0.127157],[0.996227,0.0731284,-0.0467352],[0.0369115,0.130348,0.990781]],[[-0.0785461,0.988768,-0.127157],[0.996227,0.0731284,-0.0467352],[0.0369115,0.130348,0.990781]]],"btipPosition":[43.8086,109.524,-98.4905],"carpPosition":[86.4881,117.75,43.6982],"dipPosition":[44.4643,111.84,-80.8899],"direction":[-0.0369115,-0.130348,-0.990781],"extended":true,"handId":255,"id":2552,"length":63.3423,"mcpPosition":[47.1384,121.283,-9.11179],"pipPosition":[45.4565,115.344,-54.2564],"stabilizedTipPosition":[43.9594,110.057,-94.4424],"timeVisible":0,"tipPosition":[43.9594,110.057,-94.4424],"tipVelocity":[1.19209e-7,1.19209e-7,1.19209e-7],"tool":false,"touchDistance":0.0926266,"touchZone":"hovering","type":2,"width":17.9584},{"bases":[[[0.0694432,0.977848,0.197461],[0.820989,0.0564248,-0.568148],[0.566704,-0.201567,0.798885]],[[-0.101131,0.993741,-0.0474451],[0.994873,0.101006,-0.00502688],[0.000203165,0.0477102,0.998861]],[[-0.101131,0.993741,-0.0474451],[0.994873,0.101006,-0.00502688],[0.000203165,0.0477102,0.998861]],[[-0.101131,0.993741,-0.0474451],[0.994873,0.101006,-0.00502688],[0.000203165,0.0477102,0.998861]]],"btipPosition":[53.6256,137.147,-90.3204],"carpPosition":[87.2002,129.319,42.973],"dipPosition":[53.6291,137.99,-72.6782],"direction":[-0.000203165,-0.0477102,-0.998861],"extended":true,"handId":255,"id":2553,"length":60.9053,"mcpPosition":[53.643,141.254,-4.33262],"pipPosition":[53.6345,139.239,-46.5209],"stabilizedTipPosition":[53.6264,137.341,-86.2627],"timeVisible":0,"tipPosition":[53.6264,137.341,-86.2627],"tipVelocity":[1.19209e-7,1.19209e-7,1.19209e-7],"tool":false,"touchDistance":0.228955,"touchZone":"hovering","type":3,"width":17.0885},{"bases":[[[-0.00204588,0.925092,0.379738],[0.868616,0.189798,-0.457693],[0.495481,-0.32891,0.803938]],[[-0.148379,0.980974,0.125197],[0.987684,0.140645,0.0685528],[-0.04964,-0.133827,0.989761]],[[-0.148379,0.980974,0.125197],[0.987684,0.140645,0.0685528],[-0.04964,-0.133827,0.989761]],[[-0.148379,0.980974,0.125197],[0.987684,0.140645,0.0685528],[-0.04964,-0.133827,0.989761]]],"btipPosition":[60.3298,168.595,-63.6512],"carpPosition":[84.1034,141.438,47.9268],"dipPosition":[59.5209,166.415,-47.5239],"direction":[0.04964,0.133827,-0.989761],"extended":true,"handId":255,"id":2554,"length":47.7486,"mcpPosition":[56.9439,159.467,3.85945],"pipPosition":[58.6031,163.94,-29.2239],"stabilizedTipPosition":[60.1437,168.094,-59.9419],"timeVisible":0,"tipPosition":[60.1437,168.094,-59.9419],"tipVelocity":[1.19209e-7,1.19209e-7,1.19209e-7],"tool":false,"touchDistance":0.634204,"touchZone":"hovering","type":4,"width":15.1794}],"r":[[1,-3.46945e-18,1.11022e-17],[3.46945e-18,1,-4.16334e-18],[-1.11022e-17,4.16334e-18,1]],"s":1,"t":[0,0,0],"timestamp":259602942568},{"currentFrameRate":25.7422,"devices":[],"gestures":[],"hands":[{"armBasis":[[-0.842417,-0.494421,0.214202],[-0.253917,0.714891,0.651503],[0.475248,-0.494448,0.727778]],"armWidth":62.9551,"confidence":0.203923,"direction":[-0.395389,0.190484,-0.898545],"elbow":[203.651,-13.7061,249.243],"grabAngle":1.38707,"grabStrength":0,"id":255,"palmNormal":[0.418105,-0.833708,-0.360719],"palmPosition":[60.734,129.656,-2.53044],"palmVelocity":[140.319,159.496,-412.346],"palmWidth":86.0143,"pinchDistance":38.9868,"pinchStrength":0.574024,"r":[[0.968427,0.14241,0.204617],[-0.156056,0.986374,0.0520917],[-0.194411,-0.0823787,0.977455]],"s":0.880943,"sphereCenter":[52.3858,56.5585,-34.1163],"sphereRadius":76.7084,"stabilizedPalmPosition":[55.6871,123.919,12.3007],"t":[2.75446,3.1309,-8.09435],"timeVisible":0.03926,"type":"left","wrist":[82.3511,112.495,63.4881]}],"id":159245,"interactionBox":{"center":[0,200,0],"size":[235.247,235.247,147.751]},"pointables":[{"bases":[[[-0.780213,0.574294,0.2479],[0.625513,0.71564,0.310793],[-0.00107967,-0.39755,0.91758]],[[-0.76414,0.642365,0.0588092],[0.643522,0.752881,0.138016],[-0.0443804,-0.143309,0.988682]],[[-0.76414,0.642365,0.0588092],[0.624959,0.759832,-0.179114],[0.159742,0.100115,0.982069]],[[-0.76414,0.642365,0.0588092],[0.566465,0.711861,-0.415176],[0.308558,0.283939,0.907838]]],"btipPosition":[90.7145,121.451,-60.6276],"carpPosition":[100.904,124.442,39.0989],"dipPosition":[97.7171,127.894,-40.0246],"direction":[-0.159742,-0.100115,-0.982069],"extended":false,"handId":255,"id":2550,"length":50.5373,"mcpPosition":[100.904,124.442,39.0989],"pipPosition":[102.999,131.204,-7.55494],"stabilizedTipPosition":[80.0383,117.988,-48.1585],"timeVisible":0.03926,"tipPosition":[93.6602,128.372,-55.447],"tipVelocity":[2209.8,889.341,-1390.33],"tool":false,"touchDistance":0.576957,"touchZone":"hovering","type":0,"width":20.3863},{"bases":[[[-0.749494,-0.635013,0.187127],[-0.587734,0.768356,0.253373],[0.304675,-0.0799213,0.949097]],[[-0.715145,-0.639828,0.281404],[-0.665261,0.74658,0.00683907],[0.214466,0.182316,0.959565]],[[-0.715145,-0.639828,0.281404],[-0.322911,-0.054635,-0.944851],[-0.619916,0.766574,0.167535]],[[-0.715145,-0.639828,0.281404],[-0.322911,-0.054635,-0.944851],[-0.619916,0.766574,0.167535]]],"btipPosition":[70.3354,95.4295,-75.6225],"carpPosition":[72.0631,133.787,39.4959],"dipPosition":[59.0388,109.399,-72.5695],"direction":[0.619916,-0.766574,-0.167535],"extended":false,"handId":255,"id":2552,"length":64.9762,"mcpPosition":[51.9689,139.058,-23.0997],"pipPosition":[41.9448,130.537,-67.9498],"stabilizedTipPosition":[62.8637,100.982,-78.9215],"timeVisible":0.03926,"tipPosition":[66.8099,100.206,-74.9984],"tipVelocity":[605.648,-290.737,497.252],"tool":false,"touchDistance":0.409529,"touchZone":"hovering","type":2,"width":19.1251},{"bases":[[[-0.650037,-0.695956,0.305118],[-0.629768,0.718084,0.296221],[0.425257,-0.000401134,0.905072]],[[-0.646345,-0.695934,0.312913],[-0.725967,0.687131,0.0286731],[0.234967,0.208632,0.949349]],[[-0.646345,-0.695934,0.312913],[-0.756605,0.63769,-0.144571],[0.0989297,0.330194,0.938714]],[[-0.646345,-0.695934,0.312913],[-0.762852,0.598569,-0.244482],[0.0171564,0.396726,0.917777]]],"btipPosition":[24.3353,102.091,-95.4314],"carpPosition":[62.6652,127.165,41.138],"dipPosition":[24.6461,109.279,-78.8032],"direction":[-0.0989297,-0.330194,-0.938715],"extended":true,"handId":255,"id":2553,"length":62.4764,"mcpPosition":[37.4838,127.188,-12.4555],"pipPosition":[27.3036,118.149,-53.5869],"stabilizedTipPosition":[25.5659,105.077,-91.3949],"timeVisible":0.03926,"tipPosition":[23.4108,106.045,-90.6877],"tipVelocity":[-744.259,-855.74,-136.124],"tool":false,"touchDistance":0.333333,"touchZone":"hovering","type":3,"width":18.1987},{"bases":[[[-0.483398,-0.800342,0.354653],[-0.683145,0.598221,0.418862],[0.547393,0.0398026,0.835928]],[[-0.579562,-0.793079,0.187439],[-0.811405,0.582949,-0.0423369],[0.075691,0.176626,0.981363]],[[-0.579562,-0.793079,0.187439],[-0.786633,0.484356,-0.382894],[-0.212878,0.369357,0.904576]],[[-0.579562,-0.793079,0.187439],[-0.699104,0.365668,-0.614444],[-0.418762,0.487148,0.766372]]],"btipPosition":[35.743,91.6445,-66.0507],"carpPosition":[57.3064,115.03,43.3849],"dipPosition":[28.7436,99.787,-53.2412],"direction":[0.212878,-0.369357,-0.904576],"extended":true,"handId":255,"id":2554,"length":48.9803,"mcpPosition":[27.3014,112.848,-2.43595],"pipPosition":[24.7061,106.792,-36.0848],"stabilizedTipPosition":[35.078,96.2265,-62.9896],"timeVisible":0.03926,"tipPosition":[32.1592,95.4779,-62.1288],"tipVelocity":[-662.522,-1899.55,-80.5545],"tool":false,"touchDistance":0.556679,"touchZone":"hovering","type":4,"width":16.1655},{"bases":[[[-0.872612,-0.47897,0.0955801],[-0.450929,0.865249,0.219104],[0.187645,-0.148093,0.971009]],[[-0.804875,-0.500293,0.319191],[-0.532343,0.846382,-0.0157618],[0.262272,0.182605,0.947559]],[[-0.804875,-0.500293,0.319191],[-0.592424,0.708889,-0.382766],[0.034776,0.497175,0.866953]],[[-0.804875,-0.500293,0.319191],[-0.0513336,-0.477152,-0.87732],[-0.59122,0.722519,-0.358366]]],"btipPosition":[67.9449,116.896,-82.8051],"carpPosition":[82.9411,137.827,38.5835],"dipPosition":[58.1496,128.866,-88.7425],"direction":[-0.034776,-0.497175,-0.866953],"extended":true,"handId":255,"id":2551,"length":57.0257,"mcpPosition":[69.8911,148.127,-28.9468],"pipPosition":[58.9647,140.519,-68.4228],"stabilizedTipPosition":[63.6538,119.073,-83.9265],"timeVisible":0.03926,"tipPosition":[63.6974,122.941,-84.7863],"tipVelocity":[1318.42,372.389,-158.005],"tool":false,"touchDistance":0.333333,"touchZone":"hovering","type":1,"width":19.473}],"r":[[0.968427,0.14241,0.204617],[-0.156056,0.986374,0.0520917],[-0.194411,-0.0823787,0.977455]],"s":0.880943,"t":[2.75446,3.1309,-8.09435],"timestamp":259602981828},{"currentFrameRate":26.8982,"devices":[],"gestures":[],"hands":[{"armBasis":[[-0.700941,-0.673892,-0.233562],[-0.640715,0.451103,0.621281],[0.313316,-0.585128,0.747969]],"armWidth":62.9551,"confidence":0.345786,"direction":[-0.443069,0.103301,-0.890516],"elbow":[166.977,-23.8883,258.747],"grabAngle":0.997702,"grabStrength":0,"id":255,"palmNormal":[0.758484,-0.486339,-0.433793],"palmPosition":[62.935,142.274,2.3],"palmVelocity":[75.3757,432.139,165.426],"palmWidth":86.0143,"pinchDistance":31.2453,"pinchStrength":0.773568,"r":[[0.866972,0.320034,0.382018],[-0.379027,0.921144,0.0885016],[-0.32357,-0.221524,0.919908]],"s":0.87285,"sphereCenter":[80.9925,57.2745,-40.108],"sphereRadius":96.768,"stabilizedPalmPosition":[58.7217,131.604,8.11348],"t":[5.23218,11.0056,-9.7263],"timeVisible":0.06846,"type":"left","wrist":[87.0073,125.457,67.8391]}],"id":159246,"interactionBox":{"center":[0,200,0],"size":[235.247,235.247,147.751]},"pointables":[{"bases":[[[-0.957173,0.106015,0.269409],[0.218324,0.875456,0.431174],[0.190144,-0.471526,0.861109]],[[-0.975851,0.192677,0.102909],[0.212527,0.94633,0.2435],[0.0504691,-0.259491,0.964426]],[[-0.975851,0.192677,0.102909],[0.183025,0.978383,-0.0962689],[0.119233,0.0751092,0.990021]],[[-0.975851,0.192677,0.102909],[0.134799,0.901899,-0.410376],[0.171883,0.386594,0.906091]]],"btipPosition":[90.8427,151.806,-53.5309],"carpPosition":[101.067,150.818,45.2743],"dipPosition":[94.7435,160.579,-32.9676],"direction":[-0.119233,-0.0751092,-0.990021],"extended":false,"handId":255,"id":2550,"length":50.5373,"mcpPosition":[101.067,150.818,45.2743],"pipPosition":[98.6857,163.063,-0.234988],"stabilizedTipPosition":[90.4453,149.859,-48.7302],"timeVisible":0.06846,"tipPosition":[92.1865,160.977,-48.48],"tipVelocity":[-20.0429,1057.91,242.725],"tool":false,"touchDistance":0.658908,"touchZone":"hovering","type":0,"width":20.3863},{"bases":[[[-0.545512,-0.83798,-0.0143363],[-0.802981,0.517675,0.295354],[0.24008,-0.172631,0.95528]],[[-0.451186,-0.851776,0.266288],[-0.834839,0.508296,0.211374],[0.315396,0.126939,0.940432]],[[-0.451186,-0.851776,0.266288],[-0.761092,0.211444,-0.613213],[-0.466015,0.479342,0.743681]],[[-0.451186,-0.851776,0.266288],[0.465409,-0.479174,-0.744169],[-0.761463,0.211826,-0.61262]]],"btipPosition":[72.6239,146.21,-67.5658],"carpPosition":[78.9218,154.237,45.3302],"dipPosition":[60.008,149.72,-77.7157],"direction":[0.466015,-0.479342,-0.743681],"extended":false,"handId":255,"id":2551,"length":57.0257,"mcpPosition":[62.2251,166.243,-21.1062],"pipPosition":[49.0855,160.955,-60.2853],"stabilizedTipPosition":[69.1701,144.475,-71.1763],"timeVisible":0.06846,"tipPosition":[68.9264,148.02,-75.4162],"tipVelocity":[138.022,937.272,488.712],"tool":false,"touchDistance":0.547389,"touchZone":"hovering","type":1,"width":19.473},{"bases":[[[-0.363126,-0.92949,0.0647181],[-0.87818,0.364636,0.30958],[0.31135,-0.0555823,0.948668]],[[-0.291053,-0.920951,0.259108],[-0.906907,0.351833,0.231805],[0.304644,0.167519,0.937619]],[[-0.291053,-0.920951,0.259108],[-0.906907,0.351833,0.231805],[0.304644,0.167519,0.937619]],[[-0.291053,-0.920951,0.259108],[-0.935713,0.330453,0.123458],[0.199322,0.206518,0.957925]]],"btipPosition":[24.4084,132.97,-104.594],"carpPosition":[71.2146,145.517,45.1085],"dipPosition":[28.0406,136.734,-87.1379],"direction":[-0.304644,-0.167519,-0.937619],"extended":true,"handId":255,"id":2552,"length":64.9762,"mcpPosition":[50.6801,149.183,-17.4589],"pipPosition":[36.4411,141.353,-61.2832],"stabilizedTipPosition":[62.8637,100.982,-78.9215],"timeVisible":0.06846,"tipPosition":[29.2489,133.498,-98.604],"tipVelocity":[-1455.25,1205.26,-878.72],"tool":false,"touchDistance":-0.0681148,"touchZone":"hovering","type":2,"width":19.1251},{"bases":[[[-0.246109,-0.952364,0.180094],[-0.891507,0.295339,0.343496],[0.380322,0.0760178,0.921725]],[[-0.224986,-0.946795,0.23013],[-0.901951,0.291722,0.318406],[0.368599,0.135929,0.919597]],[[-0.224986,-0.946795,0.23013],[-0.968067,0.244013,0.0574862],[0.110582,0.209848,0.97146]],[[-0.224986,-0.946795,0.23013],[-0.968235,0.1908,-0.161605],[-0.109098,0.259179,0.959648]]],"btipPosition":[26.5449,114.406,-92.5206],"carpPosition":[66.0293,135.129,45.3841],"dipPosition":[24.5682,119.101,-75.1338],"direction":[-0.110582,-0.209848,-0.971461],"extended":true,"handId":255,"id":2553,"length":62.4764,"mcpPosition":[43.5086,130.628,-9.19544],"pipPosition":[27.5388,124.738,-49.0378],"stabilizedTipPosition":[26.0662,115.008,-88.6535],"timeVisible":0.06846,"tipPosition":[31.739,115.72,-89.1358],"tipVelocity":[57.6528,402.09,105.662],"tool":false,"touchDistance":0.379613,"touchZone":"hovering","type":3,"width":18.1987},{"bases":[[[-0.0497281,-0.972784,0.226316],[-0.881807,0.149164,0.4474],[0.468981,0.177318,0.865225]],[[-0.167387,-0.985891,-0.00121465],[-0.905373,0.153228,0.396007],[0.390234,-0.067386,0.918247]],[[-0.167387,-0.985891,-0.00121465],[-0.985711,0.167379,-0.0189239],[-0.0188602,0.00197031,0.99982]],[[-0.167387,-0.985891,-0.00121465],[-0.959817,0.163241,-0.228262],[-0.22524,0.0370422,0.973599]]],"btipPosition":[32.0349,113.652,-68.3184],"carpPosition":[66.9995,121.718,45.8291],"dipPosition":[28.2701,114.271,-52.0452],"direction":[0.0188602,-0.00197031,-0.99982],"extended":true,"handId":255,"id":2554,"length":48.9803,"mcpPosition":[41.2926,111.998,-1.5977],"pipPosition":[27.9124,114.308,-33.0824],"stabilizedTipPosition":[31.2878,113.26,-64.5274],"timeVisible":0.06846,"tipPosition":[36.877,112.072,-64.0602],"tipVelocity":[-101.512,694.42,-50.3794],"tool":false,"touchDistance":0.512278,"touchZone":"hovering","type":4,"width":16.1655}],"r":[[0.866972,0.320034,0.382018],[-0.379027,0.921144,0.0885016],[-0.32357,-0.221524,0.919908]],"s":0.87285,"t":[5.23218,11.0056,-9.7263],"timestamp":259603011028},{"currentFrameRate":30.4677,"devices":[],"gestures":[],"hands":[{"armBasis":[[-0.663148,-0.701184,-0.26187],[-0.680691,0.419467,0.600589],[0.311278,-0.576532,0.755458]],"armWidth":62.9551,"confidence":0.391363,"direction":[-0.41249,0.0646378,-0.908666],"elbow":[164.616,-16.9845,263.777],"grabAngle":0.338327,"grabStrength":0,"id":255,"palmNormal":[0.801808,-0.447687,-0.395827],"palmPosition":[62.8226,144.867,4.34388],"palmVelocity":[-11.2218,258.894,204.082],"palmWidth":86.0143,"pinchDistance":53.7564,"pinchStrength":0,"r":[[0.729595,0.440236,0.523338],[-0.554738,0.828508,0.0764226],[-0.399946,-0.346073,0.848691]],"s":0.865144,"sphereCenter":[102.236,75.333,-42.1841],"sphereRadius":95.3094,"stabilizedPalmPosition":[59.45,133.96,7.44399],"t":[6.41484,16.2393,-9.52033],"timeVisible":0.078475,"type":"left","wrist":[85.1674,130.167,70.9573]}],"id":159247,"interactionBox":{"center":[0,200,0],"size":[235.247,235.247,147.751]},"pointables":[{"bases":[[[-0.971639,0.0541582,0.230183],[0.15038,0.892742,0.424732],[0.182491,-0.447301,0.875568]],[[-0.988131,0.149346,0.0359469],[0.152659,0.980757,0.121698],[0.0170801,-0.125741,0.991916]],[[-0.988131,0.149346,0.0359469],[0.136592,0.961318,-0.239186],[0.0702779,0.231437,0.970308]],[[-0.988131,0.149346,0.0359469],[0.0917093,0.761286,-0.641897],[0.123231,0.630982,0.765947]]],"btipPosition":[92.7354,140.186,-47.6494],"carpPosition":[98.6616,156.224,48.6207],"dipPosition":[95.532,154.506,-30.2667],"direction":[-0.0702779,-0.231437,-0.970308],"extended":false,"handId":255,"id":2550,"length":50.5373,"mcpPosition":[98.6616,156.224,48.6207],"pipPosition":[97.8556,162.158,1.81419],"stabilizedTipPosition":[92.0199,146.434,-46.0039],"timeVisible":0.078475,"tipPosition":[93.1567,154.343,-44.6395],"tipVelocity":[163.626,-1032.89,514.221],"tool":false,"touchDistance":0.703599,"touchZone":"hovering","type":0,"width":20.3863},{"bases":[[[-0.495503,-0.868337,-0.0216133],[-0.842488,0.4744,0.255261],[0.211399,-0.144692,0.966631]],[[-0.444008,-0.879812,0.169672],[-0.865694,0.470068,0.172076],[0.231152,0.0704807,0.970361]],[[-0.444008,-0.879812,0.169672],[-0.865694,0.470068,0.172076],[0.231152,0.0704807,0.970361]],[[-0.444008,-0.879812,0.169672],[-0.886701,0.404195,-0.224473],[-0.128914,0.250116,0.959595]]],"btipPosition":[48.7578,159.684,-98.5351],"carpPosition":[76.3718,158.353,47.7585],"dipPosition":[46.622,163.828,-82.6366],"direction":[-0.231152,-0.0704807,-0.970361],"extended":true,"handId":255,"id":2551,"length":57.0257,"mcpPosition":[61.6697,168.416,-19.4673],"pipPosition":[52.0397,165.48,-59.8932],"stabilizedTipPosition":[58.7926,152.499,-82.9432],"timeVisible":0.078475,"tipPosition":[54.84,157.589,-88.7513],"tipVelocity":[-2142.35,1359.92,-2494.07],"tool":false,"touchDistance":0.205432,"touchZone":"hovering","type":1,"width":19.473},{"bases":[[[-0.311454,-0.947967,0.0659837],[-0.909285,0.317475,0.269093],[0.276039,-0.0238121,0.960851]],[[-0.271441,-0.942538,0.194785],[-0.926289,0.310793,0.213062],[0.261357,0.122593,0.957425]],[[-0.271441,-0.942538,0.194785],[-0.926289,0.310793,0.213062],[0.261357,0.122593,0.957425]],[[-0.271441,-0.942538,0.194785],[-0.95454,0.28954,0.070853],[0.12318,0.166698,0.978284]]],"btipPosition":[29.3198,138.621,-104.966],"carpPosition":[69.1927,149.199,47.3821],"dipPosition":[31.5644,141.659,-87.1396],"direction":[-0.261357,-0.122593,-0.957425],"extended":true,"handId":255,"id":2552,"length":64.9762,"mcpPosition":[50.9872,150.769,-15.9887],"pipPosition":[38.7713,145.039,-60.7388],"stabilizedTipPosition":[47.3179,119.027,-89.2507],"timeVisible":0.078475,"tipPosition":[32.541,134.733,-98.625],"tipVelocity":[458.535,547.526,-28.6947],"tool":false,"touchDistance":-0.202022,"touchZone":"hovering","type":2,"width":19.1251},{"bases":[[[-0.198,-0.962357,0.186187],[-0.91995,0.248015,0.303612],[0.33836,0.111168,0.934427]],[[-0.20157,-0.963479,0.176289],[-0.930858,0.244436,0.271577],[0.30475,0.109358,0.946133]],[[-0.20157,-0.963479,0.176289],[-0.979306,0.201579,-0.0180454],[0.0181498,0.176278,0.984173]],[[-0.20157,-0.963479,0.176289],[-0.974496,0.179147,-0.135144],[-0.0986266,0.199034,0.975017]]],"btipPosition":[32.6654,118.87,-92.798],"carpPosition":[64.6055,138.532,47.6285],"dipPosition":[30.8785,122.476,-75.1328],"direction":[-0.0181498,-0.176278,-0.984173],"extended":true,"handId":255,"id":2553,"length":62.4764,"mcpPosition":[44.5696,131.949,-7.70323],"pipPosition":[31.366,127.211,-48.6953],"stabilizedTipPosition":[30.36,118.263,-88.71],"timeVisible":0.078475,"tipPosition":[35.6618,116.403,-88.0307],"tipVelocity":[615.495,420.745,-21.3092],"tool":false,"touchDistance":0.371784,"touchZone":"hovering","type":3,"width":18.1987},{"bases":[[[-0.0027657,-0.970684,0.240344],[-0.906016,0.104155,0.410228],[0.423235,0.216621,0.879743]],[[-0.123222,-0.992173,-0.0202362],[-0.939594,0.110082,0.324107],[0.319343,-0.058951,0.945804]],[[-0.123222,-0.992173,-0.0202362],[-0.939594,0.110082,0.324107],[0.319343,-0.058951,0.945804]],[[-0.123222,-0.992173,-0.0202362],[-0.969389,0.115979,0.216411],[0.21237,-0.0462834,0.976093]]],"btipPosition":[22.5703,117.246,-66.5717],"carpPosition":[66.3256,125.207,48.3336],"dipPosition":[26.12,116.473,-50.2568],"direction":[-0.319343,0.058951,-0.945804],"extended":true,"handId":255,"id":2554,"length":48.9803,"mcpPosition":[43.1262,113.333,0.111106],"pipPosition":[32.1767,115.355,-32.3185],"stabilizedTipPosition":[25.5641,116.019,-63.29],"timeVisible":0.078475,"tipPosition":[33.0916,114.447,-62.6281],"tipVelocity":[-777.06,326.916,175.369],"tool":false,"touchDistance":0.520728,"touchZone":"hovering","type":4,"width":16.1655}],"r":[[0.729595,0.440236,0.523338],[-0.554738,0.828508,0.0764226],[-0.399946,-0.346073,0.848691]],"s":0.865144,"t":[6.41484,16.2393,-9.52033],"timestamp":259603021043},{"currentFrameRate":33.8578,"devices":[],"gestures":[],"hands":[{"armBasis":[[-0.553443,-0.767182,-0.324241],[-0.767719,0.318938,0.555775],[0.322968,-0.556516,0.765494]],"armWidth":62.9551,"confidence":0.435183,"direction":[-0.443168,-0.00653424,-0.896415],"elbow":[167.74,-7.32172,268.589],"grabAngle":0.269667,"grabStrength":0,"id":255,"palmNormal":[0.849606,-0.322044,-0.41768],"palmPosition":[60.028,145.771,6.91575],"palmVelocity":[-278.483,90.0792,256.29],"palmWidth":86.0143,"pinchDistance":57.1266,"pinchStrength":0,"r":[[0.578722,0.529276,0.620442],[-0.700036,0.712688,0.0449955],[-0.418367,-0.460372,0.782961]],"s":0.856627,"sphereCenter":[57.0167,83.4244,-25.1472],"sphereRadius":72.9812,"stabilizedPalmPosition":[59.5566,136.138,7.34656],"t":[5.60888,19.3082,-8.13142],"timeVisible":0.08851,"type":"left","wrist":[85.307,134.721,73.2079]}],"id":159248,"interactionBox":{"center":[0,200,0],"size":[235.247,235.247,147.751]},"pointables":[{"bases":[[[-0.961455,-0.0941805,0.258329],[0.0231326,0.908473,0.417303],[0.273986,-0.407194,0.871277]],[[-0.998045,-0.00325971,0.0624215],[0.00192249,0.996566,0.08278],[0.0624769,-0.0827381,0.994611]],[[-0.998045,-0.00325971,0.0624215],[-0.0205772,0.960109,-0.278867],[0.0590224,0.279607,0.958299]],[[-0.998045,-0.00325971,0.0624215],[-0.0430482,0.759906,-0.648606],[0.0453202,0.650024,0.758561]]],"btipPosition":[89.006,142.752,-45.7436],"carpPosition":[94.9341,162.844,50.0889],"dipPosition":[90.0345,157.504,-28.5285],"direction":[-0.0590224,-0.279607,-0.958299],"extended":false,"handId":255,"id":2550,"length":50.5373,"mcpPosition":[94.9341,162.844,50.0889],"pipPosition":[91.986,166.748,3.15531],"stabilizedTipPosition":[90.4659,146.272,-43.6428],"timeVisible":0.08851,"tipPosition":[87.4485,157.462,-42.7895],"tipVelocity":[-412.159,265.601,186.075],"tool":false,"touchDistance":0.333333,"touchZone":"hovering","type":0,"width":20.3863},{"bases":[[[-0.356305,-0.93436,-0.00434336],[-0.897891,0.341105,0.278279],[0.258531,-0.103052,0.96049]],[[-0.265975,-0.92407,0.274503],[-0.892256,0.343778,0.292738],[0.364879,0.167066,0.915943]],[[-0.265975,-0.92407,0.274503],[-0.947594,0.198349,-0.250445],[-0.176982,0.32673,0.928399]],[[-0.265975,-0.92407,0.274503],[-0.896768,0.132719,-0.42213],[-0.353646,0.358441,0.863976]]],"btipPosition":[49.3931,148.123,-91.1595],"carpPosition":[72.5669,161.513,49.8723],"dipPosition":[43.534,154.062,-76.8452],"direction":[0.176982,-0.32673,-0.928399],"extended":true,"handId":255,"id":2551,"length":57.0257,"mcpPosition":[54.587,168.68,-16.9265],"pipPosition":[39.3859,161.719,-55.0853],"stabilizedTipPosition":[53.5463,151.029,-85.3469],"timeVisible":0.08851,"tipPosition":[47.7689,153.274,-86.8152],"tipVelocity":[-22.0261,-1110.94,698.682],"tool":false,"touchDistance":0.330727,"touchZone":"hovering","type":1,"width":19.473},{"bases":[[[-0.159777,-0.98406,0.0780866],[-0.939308,0.175884,0.294558],[0.303597,0.0262838,0.952438]],[[-0.101785,-0.962798,0.250319],[-0.947714,0.170349,0.269851],[0.302454,0.209764,0.929796]],[[-0.101785,-0.962798,0.250319],[-0.947714,0.170349,0.269851],[0.302454,0.209764,0.929796]],[[-0.101785,-0.962798,0.250319],[-0.947714,0.170349,0.269851],[0.302454,0.209764,0.929796]]],"btipPosition":[18.8639,130.215,-99.1216],"carpPosition":[66.8753,151.36,49.7353],"dipPosition":[24.3754,134.038,-82.1783],"direction":[-0.302454,-0.209764,-0.929796],"extended":true,"handId":255,"id":2552,"length":64.9762,"mcpPosition":[46.8522,149.626,-13.0807],"pipPosition":[32.7155,139.822,-56.5394],"stabilizedTipPosition":[33.9621,124.955,-92.1855],"timeVisible":0.08851,"tipPosition":[26.1518,130.548,-95.131],"tipVelocity":[-967.069,-819.617,562.195],"tool":false,"touchDistance":-0.283333,"touchZone":"touching","type":2,"width":19.1251},{"bases":[[[-0.0420916,-0.979906,0.194966],[-0.938167,0.105876,0.329596],[0.343616,0.169037,0.923772]],[[-0.0511288,-0.984019,0.170563],[-0.953692,0.0987963,0.284096],[0.296407,0.148139,0.943503]],[[-0.0511288,-0.984019,0.170563],[-0.953692,0.0987963,0.284096],[0.296407,0.148139,0.943503]],[[-0.0511288,-0.984019,0.170563],[-0.980366,0.0820211,0.17932],[0.190444,0.158046,0.968892]]],"btipPosition":[19.3921,116.847,-88.3285],"carpPosition":[63.994,140.117,50.1497],"dipPosition":[22.8425,119.71,-70.7742],"direction":[-0.296407,-0.148139,-0.943503],"extended":true,"handId":255,"id":2553,"length":62.4764,"mcpPosition":[43.6469,130.108,-4.5511],"pipPosition":[30.8048,123.689,-45.4292],"stabilizedTipPosition":[23.2187,117.731,-85.6083],"timeVisible":0.08851,"tipPosition":[28.6732,114.78,-84.4304],"tipVelocity":[-1202.66,-218.662,442.854],"tool":false,"touchDistance":0.4346,"touchZone":"hovering","type":3,"width":18.1987},{"bases":[[[0.153556,-0.95769,0.243415],[-0.899224,-0.0333085,0.436218],[0.409653,0.285869,0.866293]],[[0.0289387,-0.999442,-0.0166603],[-0.924932,-0.0330939,0.37869],[0.379031,-0.00445082,0.925373]],[[0.0289387,-0.999442,-0.0166603],[-0.924932,-0.0330939,0.37869],[0.379031,-0.00445082,0.925373]],[[0.0289387,-0.999442,-0.0166603],[-0.953119,-0.0326122,0.300832],[0.301208,-0.00717355,0.953531]]],"btipPosition":[20.0902,111.908,-61.8563],"carpPosition":[67.7646,127.221,50.8467],"dipPosition":[25.1248,111.789,-45.9185],"direction":[-0.379031,0.00445082,-0.925373],"extended":true,"handId":255,"id":2554,"length":48.9803,"mcpPosition":[45.3097,111.551,3.36141],"pipPosition":[32.3136,111.704,-28.3677],"stabilizedTipPosition":[22.7391,113.31,-59.9522],"timeVisible":0.08851,"tipPosition":[31.7965,110.797,-58.9431],"tipVelocity":[-213.106,-516.948,461.253],"tool":false,"touchDistance":0.571419,"touchZone":"hovering","type":4,"width":16.1655}],"r":[[0.578722,0.529276,0.620442],[-0.700036,0.712688,0.0449955],[-0.418367,-0.460372,0.782961]],"s":0.856627,"t":[5.60888,19.3082,-8.13142],"timestamp":259603031078},{"currentFrameRate":37.0707,"devices":[],"gestures":[],"hands":[{"armBasis":[[-0.463971,-0.806957,-0.365447],[-0.822372,0.239013,0.51631],[0.329293,-0.540086,0.774514]],"armWidth":62.9551,"confidence":0.477274,"direction":[-0.469112,-0.0464552,-0.881916],"elbow":[171.204,1.61328,270.826],"grabAngle":0.371632,"grabStrength":0,"id":255,"palmNormal":[0.863023,-0.236035,-0.44663],"palmPosition":[59.5221,148.415,7.44798],"palmVelocity":[-50.1193,261.981,52.7275],"palmWidth":86.0143,"pinchDistance":58.8102,"pinchStrength":0.0600039,"r":[[0.433775,0.585583,0.684786],[-0.808246,0.588784,0.008492],[-0.398218,-0.557159,0.728695]],"s":0.829546,"sphereCenter":[58.8583,83.2091,-22.017],"sphereRadius":73.1214,"stabilizedPalmPosition":[59.5485,139.025,7.37041],"t":[4.95296,22.1648,-7.17084],"timeVisible":0.098604,"type":"left","wrist":[87.1567,139.462,73.1426]}],"id":159249,"interactionBox":{"center":[0,200,0],"size":[235.247,235.247,147.751]},"pointables":[{"bases":[[[-0.938866,-0.188529,0.288077],[-0.0520475,0.904848,0.422541],[0.340327,-0.381716,0.859343]],[[-0.990441,-0.100893,0.094057],[-0.0950415,0.993365,0.0647553],[0.0999663,-0.055197,0.993459]],[[-0.990441,-0.100893,0.094057],[-0.12636,0.937102,-0.325382],[0.0553122,0.334157,0.940893]],[[-0.990441,-0.100893,0.094057],[-0.137151,0.792969,-0.593625],[0.0146916,0.600851,0.799226]]],"btipPosition":[87.0938,146.575,-46.5191],"carpPosition":[93.9732,168.655,49.6065],"dipPosition":[87.4272,160.211,-28.381],"direction":[-0.0553122,-0.334157,-0.940893],"extended":false,"handId":255,"id":2550,"length":50.5373,"mcpPosition":[93.9732,168.655,49.6065],"pipPosition":[89.256,171.259,2.72726],"stabilizedTipPosition":[88.4637,148.362,-42.8557],"timeVisible":0.098604,"tipPosition":[84.4418,161.272,-42.9382],"tipVelocity":[-205.279,353.366,-55.795],"tool":false,"touchDistance":0.333333,"touchZone":"hovering","type":0,"width":20.3863},{"bases":[[[-0.263519,-0.964654,0.000602618],[-0.917408,0.250806,0.308965],[0.298196,-0.0808655,0.951073]],[[-0.110009,-0.905976,0.408785],[-0.920216,0.248273,0.302595],[0.375634,0.342882,0.861006]],[[-0.110009,-0.905976,0.408785],[-0.991266,0.0699082,-0.111828],[-0.0727357,0.417517,0.905753]],[[-0.110009,-0.905976,0.408785],[-0.807161,-0.158564,-0.568637],[-0.57999,0.392511,0.713825]]],"btipPosition":[46.7732,140.198,-84.9785],"carpPosition":[71.8468,165.147,50.0911],"dipPosition":[37.1639,146.701,-73.1519],"direction":[0.0727357,-0.417517,-0.905753],"extended":true,"handId":255,"id":2551,"length":57.0257,"mcpPosition":[51.1083,170.771,-16.0528],"pipPosition":[35.4592,156.486,-51.9228],"stabilizedTipPosition":[49.2492,146.563,-83.8695],"timeVisible":0.098604,"tipPosition":[43.9847,149.481,-84.3221],"tipVelocity":[-345.005,-772.286,555.653],"tool":false,"touchDistance":0.415119,"touchZone":"hovering","type":1,"width":19.473},{"bases":[[[-0.0605266,-0.995238,0.0764106],[-0.941982,0.0822727,0.325425],[0.330162,0.0522805,0.942475]],[[0.0169128,-0.956632,0.290808],[-0.944606,0.0800584,0.318294],[0.327772,0.280082,0.902286]],[[0.0169128,-0.956632,0.290808],[-0.966196,0.0591963,0.250922],[0.257255,0.285221,0.923292]],[[0.0169128,-0.956632,0.290808],[-0.966196,0.0591963,0.250922],[0.257255,0.285221,0.923292]]],"btipPosition":[18.2934,124.887,-96.5506],"carpPosition":[67.1701,154.488,50.0656],"dipPosition":[22.9813,130.084,-79.7258],"direction":[-0.257255,-0.285221,-0.923292],"extended":true,"handId":255,"id":2552,"length":64.9762,"mcpPosition":[45.395,151.04,-12.0933],"pipPosition":[30.075,137.949,-54.2662],"stabilizedTipPosition":[26.6215,125.522,-92.4347],"timeVisible":0.098604,"tipPosition":[22.9418,129.352,-93.3668],"tipVelocity":[-75.2831,-496.586,252.012],"tool":false,"touchDistance":-0.255117,"touchZone":"touching","type":2,"width":19.1251},{"bases":[[[0.0599031,-0.980048,0.18952],[-0.932894,0.0125819,0.359931],[0.355134,0.198363,0.913527]],[[0.0451565,-0.987417,0.151556],[-0.952653,0.00310028,0.304044],[0.300688,0.15811,0.940525]],[[0.0451565,-0.987417,0.151556],[-0.952653,0.00310028,0.304044],[0.300688,0.15811,0.940525]],[[0.0451565,-0.987417,0.151556],[-0.98864,-0.0224009,0.148622],[0.143356,0.156546,0.977211]]],"btipPosition":[20.6816,117.337,-87.3186],"carpPosition":[65.4129,143.016,50.4947],"dipPosition":[23.2789,120.173,-69.6136],"direction":[-0.300688,-0.15811,-0.940525],"extended":true,"handId":255,"id":2553,"length":62.4764,"mcpPosition":[44.3838,131.27,-3.59949],"pipPosition":[31.3562,124.42,-44.3486],"stabilizedTipPosition":[21.9973,117.893,-84.121],"timeVisible":0.098604,"tipPosition":[27.5275,115.236,-83.088],"tipVelocity":[108.315,47.9261,103.481],"tool":false,"touchDistance":0.440141,"touchZone":"hovering","type":3,"width":18.1987},{"bases":[[[0.253916,-0.939019,0.231883],[-0.877156,-0.122529,0.464311],[0.407584,0.321294,0.854778]],[[0.124803,-0.991842,-0.0259695],[-0.898431,-0.124078,0.42122],[0.421006,0.0292378,0.906587]],[[0.124803,-0.991842,-0.0259695],[-0.898431,-0.124078,0.42122],[0.421006,0.0292378,0.906587]],[[0.124803,-0.991842,-0.0259695],[-0.941416,-0.126642,0.312568],[0.313306,0.0145613,0.94954]]],"btipPosition":[20.4442,111.136,-60.021],"carpPosition":[70.4427,130.548,50.9837],"dipPosition":[25.6809,111.379,-44.1498],"direction":[-0.421006,-0.0292378,-0.906587],"extended":true,"handId":255,"id":2554,"length":48.9803,"mcpPosition":[48.1012,112.936,4.12957],"pipPosition":[33.6658,111.934,-26.9553],"stabilizedTipPosition":[22.1982,112.259,-58.1756],"timeVisible":0.098604,"tipPosition":[32.3222,111.1,-57.6695],"tipVelocity":[39.671,-68.2826,180.305],"tool":false,"touchDistance":0.57491,"touchZone":"hovering","type":4,"width":16.1655}],"r":[[0.433775,0.585583,0.684786],[-0.808246,0.588784,0.008492],[-0.398218,-0.557159,0.728695]],"s":0.829546,"t":[4.95296,22.1648,-7.17084],"timestamp":259603041172},{"currentFrameRate":40.1325,"devices":[],"gestures":[],"hands":[{"armBasis":[[-0.237336,-0.84752,-0.474743],[-0.913916,0.0291462,0.404856],[0.329287,-0.529962,0.781479]],"armWidth":62.9551,"confidence":0.517122,"direction":[-0.478604,-0.0864547,-0.873764],"elbow":[172.694,8.85695,272.493],"grabAngle":0.359217,"grabStrength":0,"id":255,"palmNormal":[0.877979,-0.0362803,-0.477323],"palmPosition":[59.0264,151.515,7.96761],"palmVelocity":[-49.3103,308.343,51.6944],"palmWidth":86.0143,"pinchDistance":57.5653,"pinchStrength":0,"r":[[0.288196,0.6154,0.733639],[-0.895674,0.444226,-0.020783],[-0.338691,-0.651112,0.679221]],"s":0.796174,"sphereCenter":[71.1012,90.4329,-25.5423],"sphereRadius":72.1683,"stabilizedPalmPosition":[59.3938,142.725,7.54733],"t":[4.37716,25.1429,-6.43074],"timeVisible":0.108656,"type":"left","wrist":[88.6486,144.122,73.032]}],"id":159250,"interactionBox":{"center":[0,200,0],"size":[235.247,235.247,147.751]},"pointables":[{"bases":[[[-0.87483,-0.385045,0.293962],[-0.213561,0.851214,0.479402],[0.434816,-0.356616,0.826898]],[[-0.947232,-0.300498,0.11159],[-0.293637,0.953054,0.0739266],[0.128566,-0.0372587,0.991001]],[[-0.947232,-0.300498,0.11159],[-0.320281,0.901471,-0.291154],[0.0131041,0.31153,0.950146]],[[-0.947232,-0.300498,0.11159],[-0.309007,0.763431,-0.567175],[-0.0852438,0.571729,0.816002]]],"btipPosition":[85.6298,154.125,-46.0644],"carpPosition":[90.1953,175.642