{"frames":380,"data":[{"currentFrameRate":23.031,"devices":[],"gestures":[],"hands":[],"id":160578,"interactionBox":{"center":[0,200,0],"size":[235.247,235.247,147.751]},"pointables":[],"r":[[-0.451118,-0.878766,0.155767],[0.630521,-0.437343,-0.641229],[0.631613,-0.191055,0.751374]],"s":-0.0734829,"t":[559.648,-310.26,370.787],"timestamp":259639075572},{"currentFrameRate":23.5408,"devices":[],"gestures":[],"hands":[],"id":160579,"interactionBox":{"center":[0,200,0],"size":[235.247,235.247,147.751]},"pointables":[],"r":[[-0.451118,-0.878766,0.155767],[0.630521,-0.437343,-0.641229],[0.631613,-0.191055,0.751374]],"s":-0.0734829,"t":[559.648,-310.26,370.787],"timestamp":259639114126},{"currentFrameRate":23.9288,"devices":[],"gestures":[],"hands":[],"id":160580,"interactionBox":{"center":[0,200,0],"size":[235.247,235.247,147.751]},"pointables":[],"r":[[-0.451118,-0.878766,0.155767],[0.630521,-0.437343,-0.641229],[0.631613,-0.191055,0.751374]],"s":-0.0734829,"t":[559.648,-310.26,370.787],"timestamp":259639152980},{"currentFrameRate":24.2921,"devices":[],"gestures":[],"hands":[],"id":160581,"interactionBox":{"center":[0,200,0],"size":[235.247,235.247,147.751]},"pointables":[],"r":[[-0.451118,-0.878766,0.155767],[0.630521,-0.437343,-0.641229],[0.631613,-0.191055,0.751374]],"s":-0.0734829,"t":[559.648,-310.26,370.787],"timestamp":259639191433},{"currentFrameRate":24.5822,"devices":[],"gestures":[],"hands":[],"id":160582,"interactionBox":{"center":[0,200,0],"size":[235.247,235.247,147.751]},"pointables":[],"r":[[-0.451118,-0.878766,0.155767],[0.630521,-0.437343,-0.641229],[0.631613,-0.191055,0.751374]],"s":-0.0734829,"t":[559.648,-310.26,370.787],"timestamp":259639229973},{"currentFrameRate":24.8113,"devices":[],"gestures":[],"hands":[],"id":160583,"interactionBox":{"center":[0,200,0],"size":[235.247,235.247,147.751]},"pointables":[],"r":[[-0.451118,-0.878766,0.155767],[0.630521,-0.437343,-0.641229],[0.631613,-0.191055,0.751374]],"s":-0.0734829,"t":[559.648,-310.26,370.787],"timestamp":259639268604},{"currentFrameRate":24.9993,"devices":[],"gestures":[],"hands":[],"id":160584,"interactionBox":{"center":[0,200,0],"size":[235.247,235.247,147.751]},"pointables":[],"r":[[-0.451118,-0.878766,0.155767],[0.630521,-0.437343,-0.641229],[0.631613,-0.191055,0.751374]],"s":-0.0734829,"t":[559.648,-310.26,370.787],"timestamp":259639307242},{"currentFrameRate":25.1676,"devices":[],"gestures":[],"hands":[],"id":160585,"interactionBox":{"center":[0,200,0],"size":[235.247,235.247,147.751]},"pointables":[],"r":[[-0.451118,-0.878766,0.155767],[0.630521,-0.437343,-0.641229],[0.631613,-0.191055,0.751374]],"s":-0.0734829,"t":[559.648,-310.26,370.787],"timestamp":259639345763},{"currentFrameRate":25.298,"devices":[],"gestures":[],"hands":[],"id":160586,"interactionBox":{"center":[0,200,0],"size":[235.247,235.247,147.751]},"pointables":[],"r":[[-0.451118,-0.878766,0.155767],[0.630521,-0.437343,-0.641229],[0.631613,-0.191055,0.751374]],"s":-0.0734829,"t":[559.648,-310.26,370.787],"timestamp":259639384357},{"currentFrameRate":25.4034,"devices":[],"gestures":[],"hands":[],"id":160587,"interactionBox":{"center":[0,200,0],"size":[235.247,235.247,147.751]},"pointables":[],"r":[[-0.451118,-0.878766,0.155767],[0.630521,-0.437343,-0.641229],[0.631613,-0.191055,0.751374]],"s":-0.0734829,"t":[559.648,-310.26,370.787],"timestamp":259639422970},{"currentFrameRate":25.4807,"devices":[],"gestures":[],"hands":[],"id":160588,"interactionBox":{"center":[0,200,0],"size":[235.247,235.247,147.751]},"pointables":[],"r":[[-0.451118,-0.878766,0.155767],[0.630521,-0.437343,-0.641229],[0.631613,-0.191055,0.751374]],"s":-0.0734829,"t":[559.648,-310.26,370.787],"timestamp":259639461665},{"currentFrameRate":25.5655,"devices":[],"gestures":[],"hands":[],"id":160589,"interactionBox":{"center":[0,200,0],"size":[235.247,235.247,147.751]},"pointables":[],"r":[[-0.451118,-0.878766,0.155767],[0.630521,-0.437343,-0.641229],[0.631613,-0.191055,0.751374]],"s":-0.0734829,"t":[559.648,-310.26,370.787],"timestamp":259639500179},{"currentFrameRate":25.626,"devices":[],"gestures":[],"hands":[],"id":160590,"interactionBox":{"center":[0,200,0],"size":[235.247,235.247,147.751]},"pointables":[],"r":[[-0.451118,-0.878766,0.155767],[0.630521,-0.437343,-0.641229],[0.631613,-0.191055,0.751374]],"s":-0.0734829,"t":[559.648,-310.26,370.787],"timestamp":259639538774},{"currentFrameRate":25.6709,"devices":[],"gestures":[],"hands":[],"id":160591,"interactionBox":{"center":[0,200,0],"size":[235.247,235.247,147.751]},"pointables":[],"r":[[-0.451118,-0.878766,0.155767],[0.630521,-0.437343,-0.641229],[0.631613,-0.191055,0.751374]],"s":-0.0734829,"t":[559.648,-310.26,370.787],"timestamp":259639577411},{"currentFrameRate":25.7147,"devices":[],"gestures":[],"hands":[],"id":160592,"interactionBox":{"center":[0,200,0],"size":[235.247,235.247,147.751]},"pointables":[],"r":[[-0.451118,-0.878766,0.155767],[0.630521,-0.437343,-0.641229],[0.631613,-0.191055,0.751374]],"s":-0.0734829,"t":[559.648,-310.26,370.787],"timestamp":259639615991},{"currentFrameRate":25.7542,"devices":[],"gestures":[],"hands":[],"id":160593,"interactionBox":{"center":[0,200,0],"size":[235.247,235.247,147.751]},"pointables":[],"r":[[-0.451118,-0.878766,0.155767],[0.630521,-0.437343,-0.641229],[0.631613,-0.191055,0.751374]],"s":-0.0734829,"t":[559.648,-310.26,370.787],"timestamp":259639654541},{"currentFrameRate":25.7688,"devices":[],"gestures":[],"hands":[],"id":160594,"interactionBox":{"center":[0,200,0],"size":[235.247,235.247,147.751]},"pointables":[],"r":[[-0.451118,-0.878766,0.155767],[0.630521,-0.437343,-0.641229],[0.631613,-0.191055,0.751374]],"s":-0.0734829,"t":[559.648,-310.26,370.787],"timestamp":259639693245},{"currentFrameRate":25.7995,"devices":[],"gestures":[],"hands":[{"armBasis":[[0.974748,-0.0000651071,-0.223308],[0.0368944,0.986304,0.160758],[0.22024,-0.164937,0.9614]],"armWidth":60.2356,"confidence":0,"direction":[-0.221612,0.248031,-0.943063],"elbow":[141.565,116.76,283.66],"grabAngle":1.27063,"grabStrength":0,"id":258,"palmNormal":[-0.0559005,-0.968752,-0.241651],"palmPosition":[62.2813,171.777,-28.6646],"palmVelocity":[1.19209e-7,1.19209e-7,1.19209e-7],"palmWidth":86.0143,"pinchDistance":64.3616,"pinchStrength":1,"r":[[1,-4.16334e-18,5.55112e-18],[4.16334e-18,1,-1.11022e-17],[-5.55112e-18,1.11022e-17,1]],"s":1,"sphereCenter":[45.1493,123.643,-59.1848],"sphereRadius":59.0386,"stabilizedPalmPosition":[62.2813,171.777,-28.6646],"t":[0,0,0],"timeVisible":0,"type":"right","wrist":[85.3525,158.858,38.2771]}],"id":160595,"interactionBox":{"center":[0,200,0],"size":[235.247,235.247,147.751]},"pointables":[{"bases":[[[0.922502,0.0424681,-0.38365],[-0.00137272,0.994284,0.106761],[0.385991,-0.097961,0.917287]],[[0.969591,0.027451,-0.243188],[-0.0235285,0.999542,0.0190203],[0.243599,-0.01272,0.969793]],[[0.969591,0.027451,-0.243188],[-0.0746056,0.979546,-0.186881],[0.233084,0.199341,0.951806]],[[0.969591,0.027451,-0.243188],[-0.119275,0.920691,-0.37162],[0.2137,0.389325,0.895968]]],"btipPosition":[15.447,169.271,-120.655],"carpPosition":[60.9618,172.784,18.7436],"dipPosition":[18.8985,175.559,-106.184],"direction":[-0.233084,-0.199341,-0.951806],"extended":true,"handId":258,"id":2581,"length":55.5917,"mcpPosition":[34.1175,179.597,-45.0506],"pipPosition":[24.2242,180.114,-84.4368],"stabilizedTipPosition":[16.2408,170.717,-117.327],"timeVisible":0,"tipPosition":[16.2408,170.717,-117.327],"tipVelocity":[1.19209e-7,1.19209e-7,1.19209e-7],"tool":false,"touchDistance":-0.288239,"touchZone":"touching","type":1,"width":18.2851},{"bases":[[[0.952796,-0.141285,-0.268735],[0.163082,0.984757,0.0604768],[0.256094,-0.101448,0.961314]],[[0.964861,-0.146386,-0.218205],[0.134782,0.988592,-0.067233],[0.225558,0.0354605,0.973584]],[[0.964861,-0.146386,-0.218205],[0.0724441,0.946453,-0.314608],[0.252575,0.287746,0.923801]],[[0.964861,-0.146386,-0.218205],[0.0299839,0.886352,-0.462039],[0.261043,0.439261,0.859596]]],"btipPosition":[32.7726,164.465,-133.879],"carpPosition":[71.367,174.928,13.9869],"dipPosition":[37.4098,172.268,-118.609],"direction":[-0.252575,-0.287746,-0.923801],"extended":true,"handId":258,"id":2582,"length":63.3423,"mcpPosition":[54.4769,181.619,-49.4144],"pipPosition":[44.1994,180.003,-93.7754],"stabilizedTipPosition":[33.8391,166.259,-130.367],"timeVisible":0,"tipPosition":[33.8391,166.259,-130.367],"tipVelocity":[1.19209e-7,1.19209e-7,1.19209e-7],"tool":false,"touchDistance":-0.483832,"touchZone":"touching","type":2,"width":17.9584},{"bases":[[[0.965074,-0.228504,-0.12813],[0.238818,0.968411,0.0717362],[0.10769,-0.0998305,0.98916]],[[0.962959,-0.226653,-0.146075],[0.157782,0.912929,-0.376385],[0.218665,0.339395,0.914875]],[[0.962959,-0.226653,-0.146075],[0.0124946,0.578649,-0.815481],[0.269357,0.78345,0.560048]],[[0.962959,-0.226653,-0.146075],[-0.100773,0.199975,-0.974605],[0.250109,0.953225,0.169728]]],"btipPosition":[55.2343,128.436,-104.69],"carpPosition":[82.318,174.212,10.1873],"dipPosition":[59.6518,145.272,-101.692],"direction":[-0.269357,-0.78345,-0.560048],"extended":false,"handId":258,"id":2583,"length":60.9053,"mcpPosition":[75.9411,180.123,-48.3854],"pipPosition":[66.7055,165.789,-87.0264],"stabilizedTipPosition":[56.2504,132.308,-104.001],"timeVisible":0,"tipPosition":[56.2504,132.308,-104.001],"tipVelocity":[1.19209e-7,1.19209e-7,1.19209e-7],"tool":false,"touchDistance":-0.0666794,"touchZone":"touching","type":3,"width":17.0885},{"bases":[[[0.398502,0.915213,-0.0598519],[-0.672005,0.33577,0.660051],[0.624184,-0.222811,0.748832]],[[0.277037,0.94057,-0.196416],[-0.930123,0.313801,0.190788],[0.241085,0.129836,0.96178]],[[0.277037,0.94057,-0.196416],[-0.887928,0.172484,-0.42642],[-0.367199,0.292537,0.882942]],[[0.277037,0.94057,-0.196416],[-0.573063,-0.00234406,-0.819508],[-0.771265,0.339592,0.538356]]],"btipPosition":[72.27,129.294,-60.1943],"carpPosition":[54.7477,152.363,25.5588],"dipPosition":[55.2066,136.807,-48.2838],"direction":[0.367199,-0.292537,-0.882942],"extended":false,"handId":258,"id":2580,"length":49.2665,"mcpPosition":[54.7477,152.363,25.5588],"pipPosition":[43.3714,146.236,-19.8256],"stabilizedTipPosition":[68.3454,131.022,-57.4549],"timeVisible":0,"tipPosition":[68.3454,131.022,-57.4549],"tipVelocity":[1.19209e-7,1.19209e-7,1.19209e-7],"tool":false,"touchDistance":0.67151,"touchZone":"hovering","type":0,"width":19.1427},{"bases":[[[0.918237,-0.39537,-0.022864],[0.394585,0.908431,0.13804],[-0.0338066,-0.135776,0.990163]],[[0.918826,-0.391378,-0.0508186],[0.277629,0.732492,-0.621593],[0.280502,0.557027,0.78169]],[[0.918826,-0.391378,-0.0508186],[-0.159224,-0.249788,-0.95512],[0.361119,0.88568,-0.291829]],[[0.918826,-0.391378,-0.0508186],[-0.323797,-0.673944,-0.664044],[0.225643,0.626596,-0.745964]]],"btipPosition":[75.4732,129.066,-54.855],"carpPosition":[93.3496,166.828,7.99803],"dipPosition":[79.1499,139.276,-67.0099],"direction":[-0.361119,-0.88568,0.291829],"extended":false,"handId":258,"id":2584,"length":47.7486,"mcpPosition":[95.2026,174.271,-46.2771],"pipPosition":[85.8267,155.652,-72.4056],"stabilizedTipPosition":[76.3188,131.414,-57.6506],"timeVisible":0,"tipPosition":[76.3188,131.414,-57.6506],"tipVelocity":[1.19209e-7,1.19209e-7,1.19209e-7],"tool":false,"touchDistance":0.333333,"touchZone":"none","type":4,"width":15.1794}],"r":[[1,-4.16334e-18,5.55112e-18],[4.16334e-18,1,-1.11022e-17],[-5.55112e-18,1.11022e-17,1]],"s":1,"t":[0,0,0],"timestamp":259639731790},{"currentFrameRate":25.8204,"devices":[],"gestures":[],"hands":[{"armBasis":[[0.91992,-0.0215998,-0.39151],[0.123474,0.963641,0.236958],[0.372157,-0.266324,0.88914]],"armWidth":62.9551,"confidence":0.200498,"direction":[-0.130645,0.369911,-0.919836],"elbow":[178.715,92.8498,267.477],"grabAngle":1.75261,"grabStrength":0,"id":258,"palmNormal":[-0.140517,-0.92533,-0.352163],"palmPosition":[64.2335,183.082,-25.2428],"palmVelocity":[50.6001,293.025,88.6893],"palmWidth":86.0143,"pinchDistance":62.1402,"pinchStrength":1,"r":[[0.99969,-0.0222858,0.0110617],[0.0220312,0.999501,0.0226284],[-0.0115604,-0.0223777,0.999683]],"s":1.02558,"sphereCenter":[42.7025,147.299,-58.6969],"sphereRadius":51.1295,"stabilizedPalmPosition":[63.2353,177.302,-26.9924],"t":[0.976126,5.65274,1.7109],"timeVisible":0.038582,"type":"right","wrist":[83.7273,160.825,40.537]}],"id":160596,"interactionBox":{"center":[0,200,0],"size":[235.247,235.247,147.751]},"pointables":[{"bases":[[[0.945553,-0.0199533,-0.324857],[0.0954133,0.97126,0.218061],[0.311169,-0.237184,0.920281]],[[0.957464,-0.0296162,-0.287029],[0.0161372,0.998658,-0.0492134],[0.288102,0.0424882,0.956657]],[[0.957464,-0.0296162,-0.287029],[-0.0759872,0.93373,-0.34982],[0.278368,0.35675,0.891762]],[[0.957464,-0.0296162,-0.287029],[-0.125741,0.852485,-0.507404],[0.259715,0.521912,0.8125]]],"btipPosition":[15.3758,176.906,-116.39],"carpPosition":[59.8465,179.189,21.8304],"dipPosition":[19.6788,185.553,-102.928],"direction":[-0.278368,-0.35675,-0.891762],"extended":true,"handId":258,"id":2581,"length":57.0257,"mcpPosition":[38.2057,195.684,-42.172],"pipPosition":[26.2032,193.914,-82.027],"stabilizedTipPosition":[16.3279,176.428,-114.51],"timeVisible":0.038582,"tipPosition":[18.972,184.636,-114.129],"tipVelocity":[3.23218,211.947,104.546],"tool":false,"touchDistance":-0.226272,"touchZone":"touching","type":1,"width":19.473},{"bases":[[[0.948687,-0.217096,-0.229919],[0.260705,0.948461,0.180152],[0.178959,-0.230849,0.95639]],[[0.951666,-0.221092,-0.213192],[0.228324,0.973538,0.00959793],[0.205428,-0.0578108,0.976963]],[[0.951666,-0.221092,-0.213192],[0.154356,0.944388,-0.290355],[0.265531,0.243414,0.932868]],[[0.951666,-0.221092,-0.213192],[0.0727126,0.836579,-0.542999],[0.298405,0.501252,0.81222]]],"btipPosition":[36.5503,182.735,-131.336],"carpPosition":[70.7145,180.654,17.9282],"dipPosition":[41.988,191.869,-116.535],"direction":[-0.265531,-0.243414,-0.932868],"extended":true,"handId":258,"id":2582,"length":64.9762,"mcpPosition":[58.9117,195.88,-45.1485],"pipPosition":[49.3099,198.582,-90.8117],"stabilizedTipPosition":[37.6277,184.024,-128.038],"timeVisible":0.038582,"tipPosition":[40.4912,188.913,-128.173],"tipVelocity":[102.685,481.489,63.1023],"tool":false,"touchDistance":-0.427263,"touchZone":"touching","type":2,"width":19.1251},{"bases":[[[0.49511,0.866325,0.0659326],[-0.676014,0.336452,0.655595],[0.545775,-0.369163,0.752229]],[[0.292358,0.939121,-0.180493],[-0.91734,0.328734,0.224546],[0.27021,0.0999259,0.957602]],[[0.292358,0.939121,-0.180493],[-0.912324,0.217317,-0.347042],[-0.28669,0.266129,0.920317]],[[0.292358,0.939121,-0.180493],[-0.629738,0.04702,-0.775384],[-0.719693,0.340353,0.605147]]],"btipPosition":[64.1491,137.74,-63.4054],"carpPosition":[51.088,158.978,25.9434],"dipPosition":[47.8161,145.464,-49.6719],"direction":[0.28669,-0.266129,-0.920317],"extended":false,"handId":258,"id":2580,"length":50.5373,"mcpPosition":[51.088,158.978,25.9434],"pipPosition":[38.3374,154.263,-19.2438],"stabilizedTipPosition":[64.2535,135.392,-58.8913],"timeVisible":0.038582,"tipPosition":[64.539,142.643,-59.048],"tipVelocity":[-206.129,220.162,-72.3584],"tool":false,"touchDistance":0.595816,"touchZone":"hovering","type":0,"width":20.3863},{"bases":[[[0.942311,-0.319578,-0.0995943],[0.33339,0.922684,0.193661],[0.0300042,-0.215693,0.976]],[[0.941895,-0.317027,-0.111033],[0.142533,0.676514,-0.722505],[0.304169,0.664698,0.682391]],[[0.941895,-0.317027,-0.111033],[-0.254403,-0.457409,-0.852089],[0.219348,0.830825,-0.511484]],[[0.941895,-0.317027,-0.111033],[-0.32555,-0.780084,-0.534309],[0.0827754,0.53941,-0.837965]]],"btipPosition":[59.4139,131.014,-43.7539],"carpPosition":[81.7609,179.132,14.6828],"dipPosition":[60.9136,140.787,-58.936],"direction":[-0.219348,-0.830825,0.511484],"extended":false,"handId":258,"id":2583,"length":62.4764,"mcpPosition":[79.9842,191.904,-43.1107],"pipPosition":[66.8059,163.105,-72.6759],"stabilizedTipPosition":[56.2881,132.319,-103.39],"timeVisible":0.038582,"tipPosition":[59.7226,134.485,-50.855],"tipVelocity":[90.9347,24.7159,1471.02],"tool":false,"touchDistance":0.333333,"touchZone":"none","type":3,"width":18.1987},{"bases":[[[0.871325,-0.490426,-0.0165837],[0.477228,0.839041,0.261274],[-0.114221,-0.235569,0.965122]],[[0.869741,-0.493493,-0.00384204],[0.381618,0.677466,-0.628814],[0.312918,0.545439,0.777546]],[[0.869741,-0.493493,-0.00384204],[-0.189098,-0.326059,-0.926244],[0.455842,0.806319,-0.376906]],[[0.869741,-0.493493,-0.00384204],[-0.370543,-0.647871,-0.665553],[0.325957,0.580283,-0.746341]]],"btipPosition":[73.52,140.059,-47.6528],"carpPosition":[92.0821,170.841,12.2869],"dipPosition":[78.9682,149.758,-60.1276],"direction":[-0.455842,-0.806319,0.376906],"extended":false,"handId":258,"id":2584,"length":48.9803,"mcpPosition":[98.3431,183.753,-40.6157],"pipPosition":[87.6138,165.051,-67.276],"stabilizedTipPosition":[75.7836,135.18,-55.1824],"timeVisible":0.038582,"tipPosition":[75.4609,143.786,-54.9952],"tipVelocity":[-40.0647,281.887,184.764],"tool":false,"touchDistance":0.333333,"touchZone":"none","type":4,"width":16.1655}],"r":[[0.99969,-0.0222858,0.0110617],[0.0220312,0.999501,0.0226284],[-0.0115604,-0.0223777,0.999683]],"s":1.02558,"t":[0.976126,5.65274,1.7109],"timestamp":259639770372},{"currentFrameRate":25.8279,"devices":[],"gestures":[],"hands":[{"armBasis":[[0.897674,-0.00986068,-0.44055],[0.121237,0.966694,0.225398],[0.423655,-0.255745,0.868971]],"armWidth":62.9551,"confidence":0.385871,"direction":[-0.163213,0.385803,-0.908029],"elbow":[191.363,103.933,260.45],"grabAngle":1.81124,"grabStrength":0,"id":258,"palmNormal":[-0.147105,-0.919599,-0.364278],"palmPosition":[61.2118,192.303,-26.0324],"palmVelocity":[-78.1512,238.48,-20.422],"palmWidth":86.0143,"pinchDistance":64.5192,"pinchStrength":0.898902,"r":[[0.999152,-0.0391308,0.0127857],[0.0385274,0.998269,0.0444461],[-0.0145028,-0.0439159,0.99893]],"s":1.07868,"sphereCenter":[37.8353,164.155,-59.0983],"sphereRadius":50.4578,"stabilizedPalmPosition":[61.6508,189.048,-26.2407],"t":[-0.0466681,13.0895,2.17155],"timeVisible":0.077247,"type":"right","wrist":[83.2312,169.209,38.658]}],"id":160597,"interactionBox":{"center":[0,200,0],"size":[235.247,235.247,147.751]},"pointables":[{"bases":[[[0.49229,0.867971,0.0654001],[-0.655643,0.320344,0.683749],[0.572523,-0.379482,0.726781]],[[0.257517,0.946117,-0.196335],[-0.914868,0.304121,0.265568],[0.310968,0.111233,0.943889]],[[0.257517,0.946117,-0.196335],[-0.937383,0.195292,-0.288399],[-0.234517,0.258309,0.937165]],[[0.257517,0.946117,-0.196335],[-0.686167,0.0359907,-0.726553],[-0.680338,0.321818,0.658463]]],"btipPosition":[58.4292,146.099,-65.3592],"carpPosition":[49.9095,167.191,25.1095],"dipPosition":[42.9892,153.402,-50.4157],"direction":[0.234517,-0.258309,-0.937165],"extended":false,"handId":258,"id":2580,"length":50.5373,"mcpPosition":[49.9095,167.191,25.1095],"pipPosition":[35.2355,161.942,-19.4306],"stabilizedTipPosition":[56.7992,145.24,-61.3011],"timeVisible":0.077247,"tipPosition":[59.8313,151.848,-60.7523],"tipVelocity":[-142.624,213.683,-43.3342],"tool":false,"touchDistance":0.544435,"touchZone":"hovering","type":0,"width":20.3863},{"bases":[[[0.934309,-0.00829147,-0.356368],[0.0973122,0.967689,0.232614],[0.342924,-0.252012,0.904927]],[[0.971619,-0.0417371,-0.23284],[0.048484,0.998552,0.0233265],[0.23153,-0.0339535,0.972235]],[[0.971619,-0.0417371,-0.23284],[0.000294658,0.984524,-0.175248],[0.236551,0.170206,0.956595]],[[0.971619,-0.0417371,-0.23284],[-0.0212029,0.964983,-0.261453],[0.235599,0.258969,0.936711]]],"btipPosition":[15.473,198.188,-120.298],"carpPosition":[58.4156,187.527,21.0808],"dipPosition":[19.3764,202.478,-104.778],"direction":[-0.236551,-0.170206,-0.956595],"extended":true,"handId":258,"id":2581,"length":57.0257,"mcpPosition":[34.5664,205.053,-41.8537],"pipPosition":[24.9207,206.468,-82.3577],"stabilizedTipPosition":[16.3697,198.592,-116.672],"timeVisible":0.077247,"tipPosition":[14.7594,197.27,-115.097],"tipVelocity":[0.136033,524.508,-88.8375],"tool":false,"touchDistance":-0.283502,"touchZone":"touching","type":1,"width":19.473},{"bases":[[[0.941679,-0.207108,-0.265231],[0.261373,0.946588,0.188828],[0.211957,-0.247139,0.945514]],[[0.938259,-0.203229,-0.279945],[0.234782,0.968425,0.0838541],[0.254064,-0.144403,0.956347]],[[0.938259,-0.203229,-0.279945],[0.161934,0.973127,-0.163713],[0.305693,0.108273,0.945954]],[[0.938259,-0.203229,-0.279945],[0.0923608,0.927031,-0.363432],[0.333377,0.315137,0.888565]]],"btipPosition":[28.781,203.449,-132.488],"carpPosition":[69.1395,189.129,16.8477],"dipPosition":[34.856,209.192,-116.296],"direction":[-0.305693,-0.108273,-0.945954],"extended":true,"handId":258,"id":2582,"length":64.9762,"mcpPosition":[55.1604,205.428,-45.5116],"pipPosition":[43.2855,212.178,-90.2112],"stabilizedTipPosition":[30.2291,204.629,-128.759],"timeVisible":0.077247,"tipPosition":[32.3626,201.983,-128.326],"tipVelocity":[-197.146,515.555,-21.508],"tool":false,"touchDistance":-0.425344,"touchZone":"touching","type":2,"width":19.1251},{"bases":[[[0.940205,-0.311984,-0.136675],[0.334607,0.921011,0.19944],[0.0636569,-0.233247,0.970332]],[[0.940183,-0.311903,-0.137012],[0.0686692,0.567441,-0.820546],[0.333677,0.762055,0.554916]],[[0.940183,-0.311903,-0.137012],[-0.31483,-0.641855,-0.699217],[0.130146,0.700528,-0.701657]],[[0.940183,-0.311903,-0.137012],[-0.33529,-0.918389,-0.2101],[-0.0602994,0.243472,-0.968032]]],"btipPosition":[59.4501,145.298,-31.9029],"carpPosition":[80.0799,187.733,13.2101],"dipPosition":[58.3576,149.71,-49.4416],"direction":[-0.130146,-0.700528,0.701657],"extended":false,"handId":258,"id":2583,"length":62.4764,"mcpPosition":[76.3105,201.544,-44.2477],"pipPosition":[61.8537,168.528,-68.29],"stabilizedTipPosition":[56.8346,134.946,-90.7266],"timeVisible":0.077247,"tipPosition":[57.8354,145.358,-43.206],"tipVelocity":[-14.4823,337.538,292.487],"tool":false,"touchDistance":0.333333,"touchZone":"none","type":3,"width":18.1987},{"bases":[[[0.872956,-0.484743,-0.054513],[0.48107,0.837025,0.260692],[-0.0807401,-0.253798,0.963882]],[[0.872509,-0.486102,-0.0493251],[0.298904,0.610896,-0.733118],[0.386503,0.624908,0.678311]],[[0.872509,-0.486102,-0.0493251],[-0.33899,-0.529554,-0.777598],[0.351871,0.695182,-0.626824]],[[0.872509,-0.486102,-0.0493251],[-0.466349,-0.798407,-0.380873],[0.145761,0.355318,-0.923311]]],"btipPosition":[72.4242,152.91,-38.4504],"carpPosition":[90.3608,179.549,10.3208],"dipPosition":[74.8605,158.849,-53.8831],"direction":[-0.351871,-0.695182,0.626824],"extended":false,"handId":258,"id":2584,"length":48.9803,"mcpPosition":[94.7865,193.461,-42.5138],"pipPosition":[81.5341,172.034,-65.7716],"stabilizedTipPosition":[74.1571,146.277,-47.5222],"timeVisible":0.077247,"tipPosition":[72.2983,153.939,-49.6812],"tipVelocity":[-46.2571,310.001,220.409],"tool":false,"touchDistance":0.333333,"touchZone":"none","type":4,"width":16.1655}],"r":[[0.999152,-0.0391308,0.0127857],[0.0385274,0.998269,0.0444461],[-0.0145028,-0.0439159,0.99893]],"s":1.07868,"t":[-0.0466681,13.0895,2.17155],"timestamp":259639809037},{"currentFrameRate":29.4462,"devices":[],"gestures":[],"hands":[{"armBasis":[[0.89321,-0.0231585,-0.449043],[0.133809,0.967116,0.216289],[0.429268,-0.253278,0.866937]],"armWidth":62.9551,"confidence":0.429967,"direction":[-0.146416,0.422935,-0.894253],"elbow":[191.256,104.446,258.549],"grabAngle":1.7829,"grabStrength":0,"id":258,"palmNormal":[-0.165725,-0.901706,-0.399326],"palmPosition":[60.5533,194.646,-26.7794],"palmVelocity":[-65.5547,233.189,-74.3614],"palmWidth":86.0143,"pinchDistance":64.6092,"pinchStrength":0.933304,"r":[[0.998232,-0.0574931,0.0150803],[0.0563163,0.995999,0.0693831],[-0.019009,-0.0684111,0.997476]],"s":1.11528,"sphereCenter":[39.5265,168.514,-61.8288],"sphereRadius":49.9975,"stabilizedPalmPosition":[61.2593,191.045,-26.4329],"t":[-0.887314,17.9791,2.02839],"timeVisible":0.087292,"type":"right","wrist":[81.6913,169.091,37.2761]}],"id":160598,"interactionBox":{"center":[0,200,0],"size":[235.247,235.247,147.751]},"pointables":[{"bases":[[[0.512093,0.852931,0.10134],[-0.653614,0.310415,0.69024],[0.55727,-0.419704,0.716448]],[[0.296255,0.944179,-0.144081],[-0.904307,0.325831,0.275796],[0.307347,0.0485876,0.950356]],[[0.296255,0.944179,-0.144081],[-0.922942,0.244181,-0.29758],[-0.245787,0.221138,0.943762]],[[0.296255,0.944179,-0.144081],[-0.659684,0.093189,-0.745743],[-0.690688,0.315978,0.650467]]],"btipPosition":[57.5295,151.161,-67.5038],"carpPosition":[48.2314,167.936,23.3067],"dipPosition":[41.8547,158.332,-52.7418],"direction":[0.245787,-0.221138,-0.943762],"extended":false,"handId":258,"id":2580,"length":50.5373,"mcpPosition":[48.2314,167.936,23.3067],"pipPosition":[33.7284,165.643,-21.5387],"stabilizedTipPosition":[55.4001,148.924,-62.6674],"timeVisible":0.087292,"tipPosition":[58.1502,155.333,-63.077],"tipVelocity":[-94.9401,500.918,-217.662],"tool":false,"touchDistance":0.490529,"touchZone":"hovering","type":0,"width":20.3863},{"bases":[[[0.936814,-0.0174466,-0.349393],[0.11819,0.955813,0.269171],[0.329258,-0.293458,0.897481]],[[0.974179,-0.0590963,-0.217904],[0.0812529,0.992236,0.0941584],[0.210647,-0.109433,0.971418]],[[0.974179,-0.0590963,-0.217904],[0.0351885,0.993084,-0.112011],[0.223016,0.101451,0.969521]],[[0.974179,-0.0590963,-0.217904],[0.0175961,0.982073,-0.187675],[0.225088,0.178995,0.957756]]],"btipPosition":[16.6184,207.822,-121.377],"carpPosition":[57.2492,188.197,20.1012],"dipPosition":[20.3477,210.787,-105.509],"direction":[-0.223016,-0.101451,-0.969521],"extended":true,"handId":258,"id":2581,"length":57.0257,"mcpPosition":[34.3505,208.606,-42.3155],"pipPosition":[25.5747,213.165,-82.7854],"stabilizedTipPosition":[17.0963,205.101,-117.365],"timeVisible":0.087292,"tipPosition":[15.3626,204.701,-116.217],"tipVelocity":[110.043,928.732,-99.4637],"tool":false,"touchDistance":-0.298472,"touchZone":"touching","type":1,"width":19.473},{"bases":[[[0.938718,-0.219619,-0.265661],[0.282068,0.932428,0.225866],[0.198105,-0.286959,0.937235]],[[0.938684,-0.21957,-0.26582],[0.265238,0.952462,0.149885],[0.220273,-0.2112,0.952299]],[[0.938684,-0.21957,-0.26582],[0.196525,0.974226,-0.110736],[0.283283,0.0517061,0.957641]],[[0.938684,-0.21957,-0.26582],[0.131475,0.940693,-0.312748],[0.318725,0.258623,0.911882]]],"btipPosition":[31.0625,212.356,-133.336],"carpPosition":[68.0432,189.698,16.0114],"dipPosition":[36.8706,217.069,-116.719],"direction":[-0.283283,-0.0517061,-0.957641],"extended":true,"handId":258,"id":2582,"length":64.9762,"mcpPosition":[54.9776,208.623,-45.8019],"pipPosition":[44.682,218.495,-90.3123],"stabilizedTipPosition":[31.8749,211.314,-129.332],"timeVisible":0.087292,"tipPosition":[32.7439,209.456,-128.95],"tipVelocity":[221.014,863.127,-74.7157],"tool":false,"touchDistance":-0.422401,"touchZone":"touching","type":2,"width":19.1251},{"bases":[[[0.933687,-0.329115,-0.141109],[0.354586,0.904732,0.23607],[0.0499719,-0.270451,0.961436]],[[0.932263,-0.322702,-0.16355],[0.0795504,0.623854,-0.777481],[0.352926,0.711807,0.607268]],[[0.932263,-0.322702,-0.16355],[-0.334684,-0.597624,-0.728582],[0.137373,0.733968,-0.665146]],[[0.932263,-0.322702,-0.16355],[-0.354189,-0.906234,-0.230845],[-0.0737204,0.273136,-0.959147]]],"btipPosition":[58.3733,148.686,-35.5894],"carpPosition":[78.9778,188.176,12.4068],"dipPosition":[57.0377,153.635,-52.9671],"direction":[-0.137373,-0.733968,0.665146],"extended":false,"handId":258,"id":2583,"length":62.4764,"mcpPosition":[76.0187,204.191,-44.5243],"pipPosition":[60.7279,173.351,-70.8347],"stabilizedTipPosition":[56.9176,135.949,-87.2779],"timeVisible":0.087292,"tipPosition":[56.3793,148.584,-45.1626],"tipVelocity":[-112.765,349.545,-363.312],"tool":false,"touchDistance":0.333333,"touchZone":"none","type":3,"width":18.1987},{"bases":[[[0.861687,-0.503138,-0.0659382],[0.498504,0.815057,0.295256],[-0.0948111,-0.287289,0.95314]],[[0.862313,-0.501169,-0.0724302],[0.331034,0.666164,-0.668313],[0.383188,0.552318,0.740346]],[[0.862313,-0.501169,-0.0724302],[-0.328849,-0.445473,-0.832714],[0.385065,0.741878,-0.548946]],[[0.862313,-0.501169,-0.0724302],[-0.471485,-0.742466,-0.475864],[0.184711,0.444493,-0.876532]]],"btipPosition":[70.754,155.171,-43.2759],"carpPosition":[89.0863,179.861,9.29249],"dipPosition":[73.8414,162.601,-57.9267],"direction":[-0.385065,-0.741878,0.548946],"extended":false,"handId":258,"id":2584,"length":48.9803,"mcpPosition":[94.2833,195.609,-42.9533],"pipPosition":[81.1446,176.671,-68.3382],"stabilizedTipPosition":[73.6707,148.192,-47.3639],"timeVisible":0.087292,"tipPosition":[71.0074,156.922,-51.0028],"tipVelocity":[-151.358,259.193,-462.486],"tool":false,"touchDistance":0.333333,"touchZone":"none","type":4,"width":16.1655}],"r":[[0.998232,-0.0574931,0.0150803],[0.0563163,0.995999,0.0693831],[-0.019009,-0.0684111,0.997476]],"s":1.11528,"t":[-0.887314,17.9791,2.02839],"timestamp":259639819082},{"currentFrameRate":31.3993,"devices":[],"gestures":[],"hands":[{"armBasis":[[0.888498,-0.0459726,-0.456573],[0.161651,0.962546,0.217657],[0.429466,-0.267193,0.862651]],"armWidth":62.9551,"confidence":0.511958,"direction":[-0.13768,0.448637,-0.883045],"elbow":[189.349,103.521,255.273],"grabAngle":1.78648,"grabStrength":0,"id":258,"palmNormal":[-0.196273,-0.886214,-0.419645],"palmPosition":[59.0305,199.253,-28.275],"palmVelocity":[-76.0201,229.995,-74.6681],"palmWidth":86.0143,"pinchDistance":66.8518,"pinchStrength":0.942239,"r":[[0.996795,-0.0785616,0.0150695],[0.0768104,0.992605,0.0939927],[-0.0223422,-0.092534,0.995459]],"s":1.14667,"sphereCenter":[36.5455,176.807,-63.5828],"sphereRadius":49.9401,"stabilizedPalmPosition":[59.8077,196.391,-27.6327],"t":[-2.06902,22.7274,1.20897],"timeVisible":0.107323,"type":"right","wrist":[79.7339,171.719,35.0943]}],"id":160599,"interactionBox":{"center":[0,200,0],"size":[235.247,235.247,147.751]},"pointables":[{"bases":[[[0.539348,0.833704,0.1185],[-0.639814,0.314227,0.701355],[0.547487,-0.454092,0.702893]],[[0.318017,0.939046,-0.130607],[-0.899102,0.342418,0.2727],[0.3008,0.0307056,0.953193]],[[0.318017,0.939046,-0.130607],[-0.914432,0.267426,-0.303805],[-0.250359,0.216046,0.943739]],[[0.318017,0.939046,-0.130607],[-0.657672,0.119275,-0.743802],[-0.682886,0.322438,0.655515]]],"btipPosition":[55.7155,155.843,-69.823],"carpPosition":[46.1343,171.752,21.2352],"dipPosition":[40.2177,163.16,-54.9464],"direction":[0.250359,-0.216046,-0.943739],"extended":false,"handId":258,"id":2580,"length":50.5373,"mcpPosition":[46.1343,171.752,21.2352],"pipPosition":[31.9402,170.303,-23.744],"stabilizedTipPosition":[52.9561,155.394,-65.4762],"timeVisible":0.107323,"tipPosition":[54.8867,160.574,-65.5746],"tipVelocity":[-88.5282,235.416,-114.462],"tool":false,"touchDistance":0.440417,"touchZone":"hovering","type":0,"width":20.3863},{"bases":[[[0.933936,-0.038574,-0.355352],[0.149788,0.944893,0.291103],[0.324541,-0.325099,0.888248]],[[0.970309,-0.0839323,-0.226839],[0.119746,0.981555,0.149033],[0.210146,-0.171771,0.962462]],[[0.970309,-0.0839323,-0.226839],[0.0726669,0.995693,-0.0575801],[0.230695,0.0393868,0.972229]],[[0.970309,-0.0839323,-0.226839],[0.0463435,0.984999,-0.166222],[0.237388,0.150775,0.959643]]],"btipPosition":[15.1059,218.135,-122.1],"carpPosition":[55.7715,191.79,18.4581],"dipPosition":[19.039,220.633,-106.2],"direction":[-0.230695,-0.0393868,-0.972229],"extended":true,"handId":258,"id":2581,"length":57.0257,"mcpPosition":[33.2008,214.4,-43.3165],"pipPosition":[24.446,221.556,-83.4133],"stabilizedTipPosition":[16.0887,217.73,-118.365],"timeVisible":0.107323,"tipPosition":[13.9981,213.6,-117.333],"tipVelocity":[-73.1674,509.483,-35.7188],"tool":false,"touchDistance":-0.30769,"touchZone":"touching","type":1,"width":19.473},{"bases":[[[0.929885,-0.242654,-0.276464],[0.312613,0.917402,0.246266],[0.193871,-0.315425,0.928935]],[[0.931436,-0.245218,-0.268879],[0.300697,0.934777,0.18914],[0.204961,-0.257023,0.944421]],[[0.931436,-0.245218,-0.268879],[0.237883,0.969435,-0.0600653],[0.27539,-0.00801476,0.961299]],[[0.931436,-0.245218,-0.268879],[0.177367,0.951079,-0.25296],[0.317756,0.187926,0.929363]]],"btipPosition":[30.8355,222.661,-134.511],"carpPosition":[66.5859,193.048,14.3401],"dipPosition":[36.6258,226.085,-117.576],"direction":[-0.27539,0.00801476,-0.961299],"extended":true,"handId":258,"id":2582,"length":64.9762,"mcpPosition":[53.7995,213.851,-46.9258],"pipPosition":[44.2196,225.864,-91.068],"stabilizedTipPosition":[32.1566,223.007,-130.569],"timeVisible":0.107323,"tipPosition":[31.3087,218.247,-129.999],"tipVelocity":[-11.5381,499.622,-55.0087],"tool":false,"touchDistance":-0.425022,"touchZone":"touching","type":2,"width":19.1251},{"bases":[[[0.92205,-0.354889,-0.154523],[0.384271,0.887198,0.255371],[0.0464641,-0.294844,0.954415]],[[0.920877,-0.348647,-0.174442],[0.0975488,0.63929,-0.762754],[0.377451,0.685386,0.622717]],[[0.920877,-0.348647,-0.174442],[-0.357475,-0.576614,-0.734661],[0.155552,0.738892,-0.655624]],[[0.920877,-0.348647,-0.174442],[-0.384833,-0.884513,-0.263704],[-0.0623564,0.30997,-0.948699]]],"btipPosition":[55.2941,153.568,-38.0605],"carpPosition":[77.4476,191.269,10.6344],"dipPosition":[54.1644,159.184,-55.2489],"direction":[-0.155552,-0.738892,0.655624],"extended":false,"handId":258,"id":2583,"length":62.4764,"mcpPosition":[74.6963,208.728,-45.881],"pipPosition":[58.3429,179.033,-72.8607],"stabilizedTipPosition":[56.4596,140.549,-76.2687],"timeVisible":0.107323,"tipPosition":[53.318,153.808,-47.6781],"tipVelocity":[-151.357,251.412,-121.191],"tool":false,"touchDistance":0.333333,"touchZone":"none","type":3,"width":18.1987},{"bases":[[[0.844978,-0.528308,-0.0830777],[0.525591,0.791642,0.311539],[-0.0988209,-0.306909,0.946595]],[[0.845366,-0.527078,-0.0868602],[0.342773,0.659942,-0.668568],[0.40971,0.535412,0.738561]],[[0.845366,-0.527078,-0.0868602],[-0.36275,-0.44706,-0.817649],[0.392133,0.722722,-0.569127]],[[0.845366,-0.527078,-0.0868602],[-0.509137,-0.745792,-0.42962],[0.161663,0.40741,-0.898823]]],"btipPosition":[68.5008,160.665,-44.1307],"carpPosition":[87.2715,182.717,7.26237],"dipPosition":[71.203,167.475,-59.1541],"direction":[-0.392133,-0.722722,0.569127],"extended":false,"handId":258,"id":2584,"length":48.9803,"mcpPosition":[92.6883,199.54,-44.6246],"pipPosition":[78.6402,181.182,-69.9483],"stabilizedTipPosition":[71.4276,155.115,-47.4735],"timeVisible":0.107323,"tipPosition":[68.2583,161.853,-52.8414],"tipVelocity":[-116.908,267.159,-46.9521],"tool":false,"touchDistance":0.333333,"touchZone":"none","type":4,"width":16.1655}],"r":[[0.996795,-0.0785616,0.0150695],[0.0768104,0.992605,0.0939927],[-0.0223422,-0.092534,0.995459]],"s":1.14667,"t":[-2.06902,22.7274,1.20897],"timestamp":259639839113},{"currentFrameRate":34.8005,"devices":[],"gestures":[],"hands":[{"armBasis":[[0.886202,-0.0561312,-0.459885],[0.176472,0.9587,0.223049],[0.428372,-0.278824,0.859508]],"armWidth":62.9551,"confidence":0.54861,"direction":[-0.134224,0.461586,-0.876882],"elbow":[188.354,102.296,253.067],"grabAngle":1.77518,"grabStrength":0,"id":258,"palmNormal":[-0.211783,-0.877807,-0.429655],"palmPosition":[58.4934,202.038,-29.2732],"palmVelocity":[-55.4762,287.649,-103.089],"palmWidth":86.0143,"pinchDistance":68.1132,"pinchStrength":0.978899,"r":[[0.995042,-0.0985219,0.013607],[0.0962948,0.98857,0.116002],[-0.0248802,-0.114117,0.993156]],"s":1.17054,"sphereCenter":[35.4503,181.463,-64.7485],"sphereRadius":49.9358,"stabilizedPalmPosition":[59.2336,198.857,-28.3493],"t":[-2.92846,26.4942,0.300159],"timeVisible":0.117006,"type":"right","wrist":[79.0178,173.462,33.6903]}],"id":160600,"interactionBox":{"center":[0,200,0],"size":[235.247,235.247,147.751]},"pointables":[{"bases":[[[0.924858,-0.253669,-0.283355],[0.327894,0.909317,0.256181],[0.192674,-0.329842,0.924165]],[[0.92804,-0.259314,-0.267391],[0.319291,0.923511,0.212557],[0.19182,-0.282637,0.939852]],[[0.92804,-0.259314,-0.267391],[0.258017,0.965286,-0.0406195],[0.268642,-0.031295,0.962732]],[[0.92804,-0.259314,-0.267391],[0.202277,0.953649,-0.222793],[0.312771,0.152674,0.937478]]],"btipPosition":[31.3427,228.236,-135.28],"carpPosition":[66.123,195.191,13.2301],"dipPosition":[37.0422,231.018,-118.197],"direction":[-0.268642,0.031295,-0.962731],"extended":true,"handId":258,"id":2582,"length":64.9762,"mcpPosition":[53.4156,216.945,-47.7212],"pipPosition":[44.45,230.155,-91.6498],"stabilizedTipPosition":[32.5633,227.81,-131.209],"timeVisible":0.117006,"tipPosition":[30.835,223.254,-130.701],"tipVelocity":[50.2267,560.545,-75.9225],"tool":false,"touchDistance":-0.421881,"touchZone":"touching","type":2,"width":19.1251},{"bases":[[[0.552776,0.823682,0.126439],[-0.63199,0.315471,0.70786],[0.543164,-0.471196,0.694944]],[[0.335165,0.934819,-0.117378],[-0.894602,0.354849,0.271604],[0.295552,0.0139742,0.955225]],[[0.335165,0.934819,-0.117378],[-0.905187,0.284946,-0.315345],[-0.261345,0.211941,0.94169]],[[0.335165,0.934819,-0.117378],[-0.648301,0.138431,-0.748694],[-0.683645,0.327032,0.652441]]],"btipPosition":[55.5787,159.044,-71.0666],"carpPosition":[45.3695,174.133,19.9499],"dipPosition":[40.0637,166.466,-56.2598],"direction":[0.261345,-0.211941,-0.94169],"extended":false,"handId":258,"id":2580,"length":50.5373,"mcpPosition":[45.3695,174.133,19.9499],"pipPosition":[31.423,173.473,-25.1252],"stabilizedTipPosition":[52.4511,158.254,-66.6427],"timeVisible":0.117006,"tipPosition":[53.4754,163.654,-67.0749],"tipVelocity":[-14.5382,333.118,-130.095],"tool":false,"touchDistance":0.410813,"touchZone":"hovering","type":0,"width":20.3863},{"bases":[[[0.931776,-0.0487192,-0.359749],[0.1657,0.938784,0.302041],[0.323011,-0.341045,0.882809]],[[0.966951,-0.0944811,-0.236811],[0.140734,0.972278,0.186736],[0.212603,-0.213892,0.953441]],[[0.966951,-0.0944811,-0.236811],[0.0929396,0.995515,-0.0176904],[0.237421,-0.00490344,0.971395]],[[0.966951,-0.0944811,-0.236811],[0.0604688,0.987287,-0.146993],[0.247689,0.127815,0.960372]]],"btipPosition":[14.3172,224.678,-122.418],"carpPosition":[55.3071,194.051,17.3781],"dipPosition":[18.4209,226.795,-106.507],"direction":[-0.237421,0.00490344,-0.971395],"extended":true,"handId":258,"id":2581,"length":57.0257,"mcpPosition":[32.8428,217.77,-44.0182],"pipPosition":[23.9856,226.681,-83.7392],"stabilizedTipPosition":[15.4663,223.321,-118.661],"timeVisible":0.117006,"tipPosition":[13.5492,218.971,-118.048],"tipVelocity":[-77.4006,666.703,-32.5988],"tool":false,"touchDistance":-0.309989,"touchZone":"touching","type":1,"width":19.473},{"bases":[[[0.915764,-0.367264,-0.162768],[0.399108,0.877891,0.264612],[0.0457101,-0.307284,0.950519]],[[0.914801,-0.361715,-0.179728],[0.115172,0.660106,-0.742291],[0.387137,0.658349,0.645525]],[[0.914801,-0.361715,-0.179728],[-0.365474,-0.551853,-0.749592],[0.171955,0.751413,-0.637032]],[[0.914801,-0.361715,-0.179728],[-0.400945,-0.867017,-0.295846],[-0.0488152,0.342701,-0.938175]]],"btipPosition":[53.7261,156.567,-40.6855],"carpPosition":[76.9406,193.289,9.45692],"dipPosition":[52.8417,162.776,-57.6832],"direction":[-0.171955,-0.751413,0.637032],"extended":false,"handId":258,"id":2583,"length":62.4764,"mcpPosition":[74.2339,211.485,-46.8277],"pipPosition":[57.4609,182.961,-74.7956],"stabilizedTipPosition":[56.0179,143.172,-71.5056],"timeVisible":0.117006,"tipPosition":[52.0966,157.002,-48.8972],"tipVelocity":[-156.106,323.789,-266.562],"tool":false,"touchDistance":0.333333,"touchZone":"none","type":3,"width":18.1987},{"bases":[[[0.836283,-0.540332,-0.093131],[0.539144,0.779461,0.319004],[-0.0997759,-0.316989,0.943166]],[[0.836404,-0.539942,-0.0942874],[0.353306,0.662614,-0.660392],[0.41905,0.519043,0.744978]],[[0.836404,-0.539942,-0.0942874],[-0.371835,-0.432566,-0.821356],[0.402699,0.722045,-0.56257]],[[0.836404,-0.539942,-0.0942874],[-0.523486,-0.735932,-0.429379],[0.162451,0.408493,-0.898189]]],"btipPosition":[67.3639,163.684,-45.6214],"carpPosition":[86.616,184.628,5.93869],"dipPosition":[70.0792,170.512,-60.6343],"direction":[-0.402699,-0.722045,0.56257],"extended":false,"handId":258,"id":2584,"length":48.9803,"mcpPosition":[92.0852,202.003,-45.7604],"pipPosition":[77.7169,184.206,-71.3041],"stabilizedTipPosition":[70.3203,158.38,-47.9889],"timeVisible":0.117006,"tipPosition":[67.0467,164.81,-54.2796],"tipVelocity":[-117.104,312.22,-153.702],"