{"frames":355,"data":[{"currentFrameRate":25.9079,"devices":[],"gestures":[],"hands":[],"id":161265,"interactionBox":{"center":[0,200,0],"size":[235.247,235.247,147.751]},"pointables":[],"r":[[-0.451118,-0.878766,0.155767],[0.630521,-0.437343,-0.641229],[0.631613,-0.191055,0.751374]],"s":-0.0734829,"t":[559.648,-310.26,370.787],"timestamp":259656973751},{"currentFrameRate":25.9074,"devices":[],"gestures":[],"hands":[],"id":161266,"interactionBox":{"center":[0,200,0],"size":[235.247,235.247,147.751]},"pointables":[],"r":[[-0.451118,-0.878766,0.155767],[0.630521,-0.437343,-0.641229],[0.631613,-0.191055,0.751374]],"s":-0.0734829,"t":[559.648,-310.26,370.787],"timestamp":259657012353},{"currentFrameRate":25.8878,"devices":[],"gestures":[],"hands":[],"id":161267,"interactionBox":{"center":[0,200,0],"size":[235.247,235.247,147.751]},"pointables":[],"r":[[-0.451118,-0.878766,0.155767],[0.630521,-0.437343,-0.641229],[0.631613,-0.191055,0.751374]],"s":-0.0734829,"t":[559.648,-310.26,370.787],"timestamp":259657051119},{"currentFrameRate":25.8697,"devices":[],"gestures":[],"hands":[],"id":161268,"interactionBox":{"center":[0,200,0],"size":[235.247,235.247,147.751]},"pointables":[],"r":[[-0.451118,-0.878766,0.155767],[0.630521,-0.437343,-0.641229],[0.631613,-0.191055,0.751374]],"s":-0.0734829,"t":[559.648,-310.26,370.787],"timestamp":259657089901},{"currentFrameRate":25.9087,"devices":[],"gestures":[],"hands":[],"id":161269,"interactionBox":{"center":[0,200,0],"size":[235.247,235.247,147.751]},"pointables":[],"r":[[-0.451118,-0.878766,0.155767],[0.630521,-0.437343,-0.641229],[0.631613,-0.191055,0.751374]],"s":-0.0734829,"t":[559.648,-310.26,370.787],"timestamp":259657128225},{"currentFrameRate":25.9169,"devices":[],"gestures":[],"hands":[],"id":161270,"interactionBox":{"center":[0,200,0],"size":[235.247,235.247,147.751]},"pointables":[],"r":[[-0.451118,-0.878766,0.155767],[0.630521,-0.437343,-0.641229],[0.631613,-0.191055,0.751374]],"s":-0.0734829,"t":[559.648,-310.26,370.787],"timestamp":259657166752},{"currentFrameRate":25.867,"devices":[],"gestures":[],"hands":[],"id":161271,"interactionBox":{"center":[0,200,0],"size":[235.247,235.247,147.751]},"pointables":[],"r":[[-0.451118,-0.878766,0.155767],[0.630521,-0.437343,-0.641229],[0.631613,-0.191055,0.751374]],"s":-0.0734829,"t":[559.648,-310.26,370.787],"timestamp":259657205761},{"currentFrameRate":25.8928,"devices":[],"gestures":[],"hands":[],"id":161272,"interactionBox":{"center":[0,200,0],"size":[235.247,235.247,147.751]},"pointables":[],"r":[[-0.451118,-0.878766,0.155767],[0.630521,-0.437343,-0.641229],[0.631613,-0.191055,0.751374]],"s":-0.0734829,"t":[559.648,-310.26,370.787],"timestamp":259657244201},{"currentFrameRate":25.919,"devices":[],"gestures":[],"hands":[],"id":161273,"interactionBox":{"center":[0,200,0],"size":[235.247,235.247,147.751]},"pointables":[],"r":[[-0.451118,-0.878766,0.155767],[0.630521,-0.437343,-0.641229],[0.631613,-0.191055,0.751374]],"s":-0.0734829,"t":[559.648,-310.26,370.787],"timestamp":259657282599},{"currentFrameRate":25.9137,"devices":[],"gestures":[],"hands":[],"id":161274,"interactionBox":{"center":[0,200,0],"size":[235.247,235.247,147.751]},"pointables":[],"r":[[-0.451118,-0.878766,0.155767],[0.630521,-0.437343,-0.641229],[0.631613,-0.191055,0.751374]],"s":-0.0734829,"t":[559.648,-310.26,370.787],"timestamp":259657321226},{"currentFrameRate":25.9007,"devices":[],"gestures":[],"hands":[],"id":161275,"interactionBox":{"center":[0,200,0],"size":[235.247,235.247,147.751]},"pointables":[],"r":[[-0.451118,-0.878766,0.155767],[0.630521,-0.437343,-0.641229],[0.631613,-0.191055,0.751374]],"s":-0.0734829,"t":[559.648,-310.26,370.787],"timestamp":259657359926},{"currentFrameRate":25.9015,"devices":[],"gestures":[],"hands":[],"id":161276,"interactionBox":{"center":[0,200,0],"size":[235.247,235.247,147.751]},"pointables":[],"r":[[-0.451118,-0.878766,0.155767],[0.630521,-0.437343,-0.641229],[0.631613,-0.191055,0.751374]],"s":-0.0734829,"t":[559.648,-310.26,370.787],"timestamp":259657398528},{"currentFrameRate":25.8871,"devices":[],"gestures":[],"hands":[],"id":161277,"interactionBox":{"center":[0,200,0],"size":[235.247,235.247,147.751]},"pointables":[],"r":[[-0.451118,-0.878766,0.155767],[0.630521,-0.437343,-0.641229],[0.631613,-0.191055,0.751374]],"s":-0.0734829,"t":[559.648,-310.26,370.787],"timestamp":259657437258},{"currentFrameRate":25.9165,"devices":[],"gestures":[],"hands":[],"id":161278,"interactionBox":{"center":[0,200,0],"size":[235.247,235.247,147.751]},"pointables":[],"r":[[-0.451118,-0.878766,0.155767],[0.630521,-0.437343,-0.641229],[0.631613,-0.191055,0.751374]],"s":-0.0734829,"t":[559.648,-310.26,370.787],"timestamp":259657475638},{"currentFrameRate":25.9205,"devices":[],"gestures":[],"hands":[],"id":161279,"interactionBox":{"center":[0,200,0],"size":[235.247,235.247,147.751]},"pointables":[],"r":[[-0.451118,-0.878766,0.155767],[0.630521,-0.437343,-0.641229],[0.631613,-0.191055,0.751374]],"s":-0.0734829,"t":[559.648,-310.26,370.787],"timestamp":259657514189},{"currentFrameRate":25.9111,"devices":[],"gestures":[],"hands":[],"id":161280,"interactionBox":{"center":[0,200,0],"size":[235.247,235.247,147.751]},"pointables":[],"r":[[-0.451118,-0.878766,0.155767],[0.630521,-0.437343,-0.641229],[0.631613,-0.191055,0.751374]],"s":-0.0734829,"t":[559.648,-310.26,370.787],"timestamp":259657552849},{"currentFrameRate":25.8723,"devices":[],"gestures":[],"hands":[{"armBasis":[[0.958908,0.2632,-0.105926],[-0.19745,0.887194,0.417014],[0.203735,-0.378963,0.902707]],"armWidth":60.2356,"confidence":0,"direction":[-0.277091,0.142184,-0.950265],"elbow":[144.399,40.1431,268.09],"grabAngle":1.7021,"grabStrength":0,"id":259,"palmNormal":[0.263323,-0.939889,-0.217415],"palmPosition":[67.722,143.414,-29.1725],"palmVelocity":[1.19209e-7,1.19209e-7,1.19209e-7],"palmWidth":86.0143,"pinchDistance":56.8064,"pinchStrength":1,"r":[[1,9.71445e-18,0],[-9.71445e-18,1,-1.11022e-17],[-1.07852e-34,1.11022e-17,1]],"s":1,"sphereCenter":[102.098,112.335,-64.4129],"sphereRadius":56.3135,"stabilizedPalmPosition":[67.722,143.414,-29.1725],"t":[0,0,0],"timeVisible":0,"type":"right","wrist":[92.3986,136.868,37.687]}],"id":161281,"interactionBox":{"center":[0,200,0],"size":[235.247,235.247,147.751]},"pointables":[{"bases":[[[0.0822455,0.99334,-0.0806982],[-0.753298,0.114977,0.647551],[0.652516,0.00753166,0.757737]],[[-0.0337887,0.976534,-0.212697],[-0.985395,0.00298795,0.170256],[0.166896,0.215344,0.962171]],[[-0.0337887,0.976534,-0.212697],[-0.951607,-0.0964785,-0.291781],[-0.305454,0.192545,0.932536]],[[-0.0337887,0.976534,-0.212697],[-0.744729,-0.166528,-0.646256],[-0.666511,0.136566,0.73288]]],"btipPosition":[82.8476,104.42,-66.1931],"carpPosition":[66.1322,123.809,25.4806],"dipPosition":[68.1019,107.441,-49.979],"direction":[0.305454,-0.192545,-0.932536],"extended":false,"handId":259,"id":2590,"length":49.2665,"mcpPosition":[66.1322,123.809,25.4806],"pipPosition":[58.2567,113.647,-19.9223],"stabilizedTipPosition":[79.4561,105.115,-62.4638],"timeVisible":0,"tipPosition":[79.4561,105.115,-62.4638],"tipVelocity":[1.19209e-7,1.19209e-7,1.19209e-7],"tool":false,"touchDistance":0.596376,"touchZone":"hovering","type":0,"width":19.1427},{"bases":[[[0.864415,0.329936,-0.37938],[-0.323945,0.94255,0.081602],[0.384508,0.0523604,0.921635]],[[0.945991,0.321551,0.0413075],[-0.321048,0.946883,-0.0184617],[-0.0450498,0.00420293,0.998976]],[[0.945991,0.321551,0.0413075],[-0.306868,0.929232,-0.205813],[-0.104564,0.182022,0.977719]],[[0.945991,0.321551,0.0413075],[-0.29254,0.901581,-0.318704],[-0.139722,0.289407,0.946954]]],"btipPosition":[45.2416,132.342,-124.115],"carpPosition":[65.5074,144.987,18.1869],"dipPosition":[42.9849,137.016,-108.821],"direction":[0.104564,-0.182022,-0.977719],"extended":true,"handId":259,"id":2591,"length":55.5917,"mcpPosition":[38.7661,141.346,-45.9097],"pipPosition":[40.5957,141.175,-86.4812],"stabilizedTipPosition":[44.7225,133.417,-120.598],"timeVisible":0,"tipPosition":[44.7225,133.417,-120.598],"tipVelocity":[1.19209e-7,1.19209e-7,1.19209e-7],"tool":false,"touchDistance":-0.337297,"touchZone":"touching","type":1,"width":18.2851},{"bases":[[[0.95089,0.168428,-0.259691],[-0.164621,0.985681,0.036503],[0.262121,0.00804038,0.965002]],[[0.983563,0.166826,-0.0690813],[-0.169316,0.985046,-0.0318726],[0.0627311,0.0430452,0.997102]],[[0.983563,0.166826,-0.0690813],[-0.176332,0.969777,-0.168641],[0.0388598,0.17805,0.983254]],[[0.983563,0.166826,-0.0690813],[-0.17772,0.96205,-0.207066],[0.0319157,0.215939,0.975885]]],"btipPosition":[52.968,139.16,-139.408],"carpPosition":[74.7255,150.274,13.4365],"dipPosition":[53.5349,142.996,-122.072],"direction":[-0.0388598,-0.17805,-0.983254],"extended":true,"handId":259,"id":2592,"length":63.3423,"mcpPosition":[57.4378,149.744,-50.2081],"pipPosition":[54.5795,147.782,-95.6407],"stabilizedTipPosition":[53.0984,140.042,-135.421],"timeVisible":0,"tipPosition":[53.0984,140.042,-135.421],"tipVelocity":[1.19209e-7,1.19209e-7,1.19209e-7],"tool":false,"touchDistance":-0.559643,"touchZone":"touching","type":2,"width":17.9584},{"bases":[[[0.988785,0.0929882,-0.116861],[-0.0878241,0.99495,0.0485995],[0.12079,-0.0377913,0.991958]],[[0.979763,0.095087,-0.176132],[-0.194822,0.654904,-0.730168],[0.0459202,0.749706,0.660176]],[[0.979763,0.095087,-0.176132],[-0.0460753,-0.749185,-0.660757],[-0.194785,0.6555,-0.729642]],[[0.979763,0.095087,-0.176132],[0.0984714,-0.995084,0.0105554],[-0.174263,-0.0276858,-0.98431]]],"btipPosition":[84.4576,106.949,-40.4113],"carpPosition":[85.3708,153.053,9.71808],"dipPosition":[81.3797,106.46,-57.7965],"direction":[0.194785,-0.6555,0.729642],"extended":false,"handId":259,"id":2593,"length":60.9053,"mcpPosition":[78.2183,155.291,-49.0204],"pipPosition":[76.2788,123.626,-76.9038],"stabilizedTipPosition":[83.7496,106.837,-44.4099],"timeVisible":0,"tipPosition":[83.7496,106.837,-44.4099],"tipVelocity":[1.19209e-7,1.19209e-7,1.19209e-7],"tool":false,"touchDistance":0.333333,"touchZone":"none","type":3,"width":17.0885},{"bases":[[[0.996948,-0.077692,-0.00767982],[0.0780561,0.990027,0.117277],[-0.00150824,-0.117518,0.99307]],[[0.97672,-0.052364,-0.208031],[-0.0900837,0.779984,-0.619282],[0.194689,0.623605,0.757109]],[[0.97672,-0.052364,-0.208031],[-0.20154,-0.556198,-0.806241],[-0.0734883,0.829398,-0.553803]],[[0.97672,-0.052364,-0.208031],[-0.113844,-0.948452,-0.295768],[-0.181819,0.312565,-0.932333]]],"btipPosition":[96.1212,114.755,-46.5318],"carpPosition":[98.2248,149.586,7.77842],"dipPosition":[93.1586,119.848,-61.7235],"direction":[0.0734883,-0.829398,0.553803],"extended":false,"handId":259,"id":2594,"length":47.7486,"mcpPosition":[98.3075,156.027,-46.6561],"pipPosition":[91.7999,135.183,-71.9629],"stabilizedTipPosition":[95.4398,115.926,-50.0259],"timeVisible":0,"tipPosition":[95.4398,115.926,-50.0259],"tipVelocity":[1.19209e-7,1.19209e-7,1.19209e-7],"tool":false,"touchDistance":0.333333,"touchZone":"none","type":4,"width":15.1794}],"r":[[1,9.71445e-18,0],[-9.71445e-18,1,-1.11022e-17],[-1.07852e-34,1.11022e-17,1]],"s":1,"t":[0,0,0],"timestamp":259657591772},{"currentFrameRate":25.8864,"devices":[],"gestures":[],"hands":[{"armBasis":[[0.920699,0.117173,-0.372269],[0.0501301,0.910458,0.410553],[0.387041,-0.396657,0.832384]],"armWidth":62.9551,"confidence":0.20024,"direction":[-0.15927,0.26386,-0.951321],"elbow":[187.169,45.8538,245.727],"grabAngle":1.75657,"grabStrength":0,"id":259,"palmNormal":[-0.025233,-0.964394,-0.263262],"palmPosition":[67.4003,163.312,-33.6136],"palmVelocity":[-8.34925,516.408,-115.261],"palmWidth":86.0143,"pinchDistance":59.4745,"pinchStrength":1,"r":[[0.997995,-0.0626078,0.00931422],[0.0624885,0.997966,0.0125905],[-0.0100835,-0.0119832,0.999877]],"s":0.994719,"sphereCenter":[56.8726,120.928,-64.874],"sphereRadius":51.0836,"stabilizedPalmPosition":[67.4254,161.762,-33.2678],"t":[-0.160853,9.94886,-2.22056],"timeVisible":0.038531,"type":"right","wrist":[88.382,147.095,33.2729]}],"id":161282,"interactionBox":{"center":[0,200,0],"size":[235.247,235.247,147.751]},"pointables":[{"bases":[[[0.388621,0.921281,-0.014652],[-0.720819,0.313889,0.617975],[0.573928,-0.229597,0.786061]],[[0.175244,0.945146,-0.275662],[-0.923927,0.254594,0.285554],[0.340072,0.20465,0.917861]],[[0.175244,0.945146,-0.275662],[-0.96162,0.104276,-0.253797],[-0.21113,0.309558,0.927145]],[[0.175244,0.945146,-0.275662],[-0.718607,-0.0685963,-0.692025],[-0.672974,0.319365,0.667167]]],"btipPosition":[62.6124,115.588,-69.5295],"carpPosition":[56.4064,142.727,19.5772],"dipPosition":[47.3396,122.836,-54.3885],"direction":[0.21113,-0.309558,-0.927145],"extended":false,"handId":259,"id":2590,"length":50.5373,"mcpPosition":[56.4064,142.727,19.5772],"pipPosition":[40.3591,133.07,-23.7348],"stabilizedTipPosition":[60.032,116.699,-65.883],"timeVisible":0.038531,"tipPosition":[63.6649,120.782,-67.2647],"tipVelocity":[-528.313,315.071,-92.9968],"tool":false,"touchDistance":0.516322,"touchZone":"hovering","type":0,"width":20.3863},{"bases":[[[0.94616,0.0619732,-0.317711],[-0.0229176,0.991864,0.125225],[0.322886,-0.111202,0.939882]],[[0.973485,0.0506562,-0.223072],[-0.0766638,0.991024,-0.109514],[0.215522,0.123712,0.968631]],[[0.973485,0.0506562,-0.223072],[-0.135714,0.912904,-0.384951],[0.184143,0.405018,0.895573]],[[0.973485,0.0506562,-0.223072],[-0.167854,0.820702,-0.546145],[0.15541,0.569107,0.807444]]],"btipPosition":[24.4611,147.017,-126.489],"carpPosition":[62.7863,163.359,13.5986],"dipPosition":[27.0359,156.446,-113.111],"direction":[-0.184143,-0.405018,-0.895573],"extended":true,"handId":259,"id":2591,"length":57.0257,"mcpPosition":[40.3306,171.093,-51.767],"pipPosition":[31.3518,165.939,-92.1208],"stabilizedTipPosition":[25.8971,148.509,-123.291],"timeVisible":0.038531,"tipPosition":[30.0525,152.608,-124.066],"tipVelocity":[-510.479,409.252,-73.0457],"tool":false,"touchDistance":-0.374118,"touchZone":"touching","type":1,"width":19.473},{"bases":[[[0.971035,-0.123623,-0.20447],[0.144466,0.98538,0.0903138],[0.190315,-0.117237,0.974698]],[[0.969288,-0.122566,-0.213209],[0.106101,0.990536,-0.0870664],[0.221862,0.0617707,0.973119]],[[0.969288,-0.122566,-0.213209],[0.0290486,0.917949,-0.395634],[0.244206,0.37729,0.893317]],[[0.969288,-0.122566,-0.213209],[-0.0403431,0.775967,-0.629482],[0.242596,0.618751,0.747191]]],"btipPosition":[39.388,148.897,-138.398],"carpPosition":[73.4644,165.731,9.61838],"dipPosition":[43.8088,160.172,-124.782],"direction":[-0.244206,-0.37729,-0.893317],"extended":true,"handId":259,"id":2592,"length":64.9762,"mcpPosition":[60.9125,173.463,-54.6657],"pipPosition":[50.5427,170.576,-100.149],"stabilizedTipPosition":[40.9065,151.038,-135.273],"timeVisible":0.038531,"tipPosition":[44.7957,155.684,-136.472],"tipVelocity":[-329.438,297.103,4.00134],"tool":false,"touchDistance":-0.529699,"touchZone":"touching","type":2,"width":19.1251},{"bases":[[[0.974786,-0.213456,-0.0650288],[0.219467,0.96979,0.1065],[0.0403313,-0.118086,0.992184]],[[0.973094,-0.209741,-0.0953752],[0.0696281,0.662276,-0.746017],[0.219635,0.719304,0.659061]],[[0.973094,-0.209741,-0.0953752],[-0.193469,-0.518997,-0.832594],[0.125129,0.828644,-0.545611]],[[0.973094,-0.209741,-0.0953752],[-0.230253,-0.87006,-0.435866],[0.00843673,0.446099,-0.894944]]],"btipPosition":[69.2431,110.718,-49.8587],"carpPosition":[84.6613,165.232,6.57643],"dipPosition":[69.3959,118.8,-66.0732],"direction":[-0.125129,-0.828644,0.545611],"extended":false,"handId":259,"id":2593,"length":62.4764,"mcpPosition":[82.2731,172.224,-52.1754],"pipPosition":[72.7572,141.06,-80.7298],"stabilizedTipPosition":[74.8362,110.372,-50.063],"timeVisible":0.038531,"tipPosition":[70.7131,118.076,-52.067],"tipVelocity":[-375.578,148.967,-238.2],"tool":false,"touchDistance":0.333333,"touchZone":"none","type":3,"width":18.1987},{"bases":[[[0.923151,-0.382972,0.0335458],[0.371105,0.910516,0.182325],[-0.100369,-0.155864,0.982666]],[[0.92343,-0.382531,0.0307773],[0.311547,0.700407,-0.64216],[0.22409,0.602578,0.765953]],[[0.92343,-0.382531,0.0307773],[-0.128979,-0.384885,-0.913908],[0.361444,0.83996,-0.404753]],[[0.92343,-0.382531,0.0307773],[-0.297274,-0.763721,-0.573025],[0.242705,0.519999,-0.81896]]],"btipPosition":[82.8282,121.296,-53.742],"carpPosition":[95.922,158.036,5.01995],"dipPosition":[86.8849,129.987,-67.4305],"direction":[-0.361444,-0.83996,0.404753],"extended":false,"handId":259,"id":2594,"length":48.9803,"mcpPosition":[101.424,166.579,-48.8442],"pipPosition":[93.7401,145.918,-75.1071],"stabilizedTipPosition":[88.9058,120.049,-53.8665],"timeVisible":0.038531,"tipPosition":[85.5612,127.281,-55.5825],"tipVelocity":[-303.096,191.235,-178.153],"tool":false,"touchDistance":0.333333,"touchZone":"none","type":4,"width":16.1655}],"r":[[0.997995,-0.0626078,0.00931422],[0.0624885,0.997966,0.0125905],[-0.0100835,-0.0119832,0.999877]],"s":0.994719,"t":[-0.160853,9.94886,-2.22056],"timestamp":259657630303},{"currentFrameRate":26.9466,"devices":[],"gestures":[],"hands":[{"armBasis":[[0.910648,0.128826,-0.392587],[0.058794,0.900081,0.431738],[0.408979,-0.416243,0.812082]],"armWidth":62.9551,"confidence":0.345275,"direction":[-0.164346,0.276351,-0.9469],"elbow":[190.082,50.7444,235.52],"grabAngle":1.86251,"grabStrength":0.0165908,"id":259,"palmNormal":[-0.0313532,-0.960932,-0.275004],"palmPosition":[64.1486,174.214,-38.1928],"palmVelocity":[-109.049,365.62,-153.565],"palmWidth":86.0143,"pinchDistance":65.0283,"pinchStrength":1,"r":[[0.993427,-0.113527,0.0146368],[0.113131,0.993253,0.0254974],[-0.0174327,-0.0236739,0.999568]],"s":0.998209,"sphereCenter":[41.3541,136.736,-67.4435],"sphereRadius":50.948,"stabilizedPalmPosition":[64.3889,173.301,-37.8316],"t":[-1.86715,20.3745,-5.62043],"timeVisible":0.06835,"type":"right","wrist":[85.6964,156.984,28.2477]}],"id":161283,"interactionBox":{"center":[0,200,0],"size":[235.247,235.247,147.751]},"pointables":[{"bases":[[[0.392699,0.919649,-0.00583543],[-0.71529,0.309412,0.626598],[0.578056,-0.24189,0.779321]],[[0.134994,0.94093,-0.310526],[-0.941858,0.219178,0.254684],[0.307701,0.258091,0.915811]],[[0.134994,0.94093,-0.310526],[-0.963049,0.0508852,-0.264474],[-0.23305,0.334755,0.913032]],[[0.134994,0.94093,-0.310526],[-0.71954,-0.122366,-0.683586],[-0.681204,0.315716,0.660518]]],"btipPosition":[62.0577,122.609,-73.5812],"carpPosition":[53.4126,153.021,14.8112],"dipPosition":[46.5981,129.774,-58.5911],"direction":[0.23305,-0.334755,-0.913032],"extended":false,"handId":259,"id":2590,"length":50.5373,"mcpPosition":[53.4126,153.021,14.8112],"pipPosition":[38.8929,140.842,-28.404],"stabilizedTipPosition":[58.6661,123.446,-69.6776],"timeVisible":0.06835,"tipPosition":[59.5658,129.85,-71.7041],"tipVelocity":[-20.0438,234.827,-137.04],"tool":false,"touchDistance":0.436727,"touchZone":"hovering","type":0,"width":20.3863},{"bases":[[[0.944314,0.0616872,-0.323212],[-0.0175824,0.990326,0.137641],[0.328576,-0.124294,0.936263]],[[0.961142,0.0546719,-0.270586],[-0.0759255,0.994744,-0.0687053],[0.265408,0.08658,0.960241]],[[0.961142,0.0546719,-0.270586],[-0.182046,0.862381,-0.472397],[0.207522,0.503299,0.838823]],[[0.961142,0.0546719,-0.270586],[-0.219657,0.745155,-0.629678],[0.167203,0.664646,0.728209]]],"btipPosition":[18.3041,155.925,-127.797],"carpPosition":[59.8466,173.696,9.04609],"dipPosition":[21.0743,166.937,-115.732],"direction":[-0.207522,-0.503299,-0.838823],"extended":true,"handId":259,"id":2591,"length":57.0257,"mcpPosition":[36.9953,182.341,-56.0678],"pipPosition":[25.9382,178.734,-96.0721],"stabilizedTipPosition":[19.1726,158.127,-124.965],"timeVisible":0.06835,"tipPosition":[24.3138,163.181,-127.627],"tipVelocity":[-204.971,310.955,-54.0052],"tool":false,"touchDistance":-0.389195,"touchZone":"touching","type":1,"width":19.473},{"bases":[[[0.969092,-0.125409,-0.212444],[0.149536,0.983529,0.101539],[0.196211,-0.130169,0.971883]],[[0.955881,-0.117539,-0.269215],[0.0996952,0.991871,-0.0790704],[0.276321,0.0487424,0.959829]],[[0.955881,-0.117539,-0.269215],[-0.0186982,0.890257,-0.455075],[0.29316,0.440031,0.848781]],[[0.955881,-0.117539,-0.269215],[-0.0897143,0.755866,-0.648551],[0.279721,0.64409,0.711972]]],"btipPosition":[31.4718,158.506,-140.315],"carpPosition":[70.5088,176.07,5.02451],"dipPosition":[36.5691,170.243,-127.341],"direction":[-0.29316,-0.440031,-0.848781],"extended":true,"handId":259,"id":2592,"length":64.9762,"mcpPosition":[57.5681,184.655,-59.0739],"pipPosition":[44.6529,182.376,-103.936],"stabilizedTipPosition":[32.912,160.875,-137.265],"timeVisible":0.06835,"tipPosition":[38.5421,166.074,-139.964],"tipVelocity":[-260.256,325.8,-69.2447],"tool":false,"touchDistance":-0.536035,"touchZone":"touching","type":2,"width":19.1251},{"bases":[[[0.973355,-0.216981,-0.0741542],[0.22457,0.967405,0.117031],[0.0463436,-0.130566,0.990356]],[[0.9741,-0.219609,-0.0538569],[0.0889006,0.590959,-0.801788],[0.207907,0.776234,0.595177]],[[0.9741,-0.219609,-0.0538569],[-0.172189,-0.566052,-0.806186],[0.14656,0.79458,-0.589206]],[[0.9741,-0.219609,-0.0538569],[-0.223095,-0.894613,-0.387165],[0.0368438,0.389153,-0.920436]]],"btipPosition":[65.3266,121.264,-50.024],"carpPosition":[81.6831,175.558,1.90214],"dipPosition":[65.9941,128.314,-66.7003],"direction":[-0.14656,-0.79458,0.589206],"extended":false,"handId":259,"id":2593,"length":62.4764,"mcpPosition":[78.9389,183.29,-56.7414],"pipPosition":[69.9311,149.659,-82.5279],"stabilizedTipPosition":[66.9017,120.984,-53.2827],"timeVisible":0.06835,"tipPosition":[66.6843,127.481,-56.3112],"tipVelocity":[-127.373,345.705,-9.10414],"tool":false,"touchDistance":0.333333,"touchZone":"none","type":3,"width":18.1987},{"bases":[[[0.921602,-0.387475,0.0226564],[0.376435,0.906518,0.191105],[-0.0945869,-0.167594,0.981308]],[[0.91579,-0.395296,0.0712079],[0.329465,0.637882,-0.696103],[0.229744,0.660944,0.714402]],[[0.91579,-0.395296,0.0712079],[-0.145817,-0.492388,-0.858074],[0.374255,0.775432,-0.508564]],[[0.91579,-0.395296,0.0712079],[-0.32931,-0.840442,-0.430363],[0.229967,0.370673,-0.899843]]],"btipPosition":[79.2657,133.953,-53.4173],"carpPosition":[92.9004,168.332,0.18178],"dipPosition":[83.1095,140.149,-68.4578],"direction":[-0.374255,-0.775432,0.508564],"extended":false,"handId":259,"id":2594,"length":48.9803,"mcpPosition":[98.0852,177.518,-53.608],"pipPosition":[90.2077,154.856,-78.1033],"stabilizedTipPosition":[81.2207,133.504,-56.5085],"timeVisible":0.06835,"tipPosition":[81.4762,137.528,-59.6362],"tipVelocity":[-121.113,405.237,0.459405],"tool":false,"touchDistance":0.333333,"touchZone":"none","type":4,"width":16.1655}],"r":[[0.993427,-0.113527,0.0146368],[0.113131,0.993253,0.0254974],[-0.0174327,-0.0236739,0.999568]],"s":0.998209,"t":[-1.86715,20.3745,-5.62043],"timestamp":259657660122},{"currentFrameRate":27.8811,"devices":[],"gestures":[],"hands":[{"armBasis":[[0.902755,0.0351981,-0.428712],[0.149299,0.909051,0.38902],[0.403414,-0.415196,0.815395]],"armWidth":62.9551,"confidence":0.474817,"direction":[-0.13409,0.347789,-0.927935],"elbow":[183.866,57.09,231.485],"grabAngle":1.85032,"grabStrength":0,"id":259,"palmNormal":[-0.140901,-0.933569,-0.32954],"palmPosition":[60.8616,185.506,-42.093],"palmVelocity":[-110.857,380.83,-131.537],"palmWidth":86.0143,"pinchDistance":65.6276,"pinchStrength":1,"r":[[0.984159,-0.176628,0.0152848],[0.17574,0.983302,0.0472554],[-0.0233762,-0.0438207,0.998766]],"s":1.00579,"sphereCenter":[38.1776,152.9,-74.4482],"sphereRadius":50.1406,"stabilizedPalmPosition":[61.0232,184.947,-41.8977],"t":[-4.3638,31.2333,-9.27046],"timeVisible":0.098001,"type":"right","wrist":[80.9004,163.063,23.3674]}],"id":161284,"interactionBox":{"center":[0,200,0],"size":[235.247,235.247,147.751]},"pointables":[{"bases":[[[0.494572,0.868043,0.0435872],[-0.67408,0.351437,0.649698],[0.548648,-0.350704,0.758942]],[[0.249911,0.936202,-0.247124],[-0.924695,0.306463,0.225875],[0.287199,0.172066,0.94229]],[[0.249911,0.936202,-0.247124],[-0.935615,0.167764,-0.310611],[-0.249336,0.308838,0.917851]],[[0.249911,0.936202,-0.247124],[-0.683884,-0.0100111,-0.729522],[-0.685454,0.35132,0.637751]]],"btipPosition":[58.1583,136.314,-79.5872],"carpPosition":[47.9109,162.618,9.69744],"dipPosition":[42.6023,144.287,-65.1137],"direction":[0.249336,-0.308838,-0.917851],"extended":false,"handId":259,"id":2590,"length":50.5373,"mcpPosition":[47.9109,162.618,9.69744],"pipPosition":[34.3586,154.498,-34.7673],"stabilizedTipPosition":[54.9115,136.957,-75.7251],"timeVisible":0.098001,"tipPosition":[52.1276,142.365,-77.5623],"tipVelocity":[-132.257,468.483,-206.563],"tool":false,"touchDistance":0.334516,"touchZone":"hovering","type":0,"width":20.3863},{"bases":[[[0.944462,-0.0269355,-0.327515],[0.0953022,0.976255,0.194536],[0.314498,-0.214945,0.924602]],[[0.972473,-0.0495626,-0.227685],[0.0458259,0.998714,-0.0216722],[0.228467,0.0106417,0.973494]],[[0.972473,-0.0495626,-0.227685],[-0.0440231,0.920443,-0.38839],[0.228821,0.387722,0.892923]],[[0.972473,-0.0495626,-0.227685],[-0.0791203,0.848833,-0.522707],[0.219174,0.526332,0.821546]]],"btipPosition":[16.253,179.43,-134.325],"carpPosition":[56.6377,182.732,5.07427],"dipPosition":[19.8842,188.15,-120.713],"direction":[-0.228821,-0.387722,-0.892923],"extended":true,"handId":259,"id":2591,"length":57.0257,"mcpPosition":[34.7654,197.681,-59.2286],"pipPosition":[25.2474,197.237,-99.785],"stabilizedTipPosition":[17.1277,180.993,-131.076],"timeVisible":0.098001,"tipPosition":[19.2183,183.645,-131.553],"tipVelocity":[-62.4955,774.918,-208.144],"tool":false,"touchDistance":-0.471184,"touchZone":"touching","type":1,"width":19.473},{"bases":[[[0.948091,-0.221758,-0.227919],[0.260484,0.95269,0.156617],[0.182405,-0.207857,0.961001]],[[0.945172,-0.218534,-0.242677],[0.232714,0.97205,0.0310255],[0.229114,-0.0857988,0.969611]],[[0.945172,-0.218534,-0.242677],[0.129995,0.933461,-0.334293],[0.299584,0.284418,0.91069]],[[0.945172,-0.218534,-0.242677],[0.0203839,0.781134,-0.624031],[0.325935,0.58487,0.742761]]],"btipPosition":[30.5519,183.331,-146.246],"carpPosition":[67.4912,184.112,1.1012],"dipPosition":[36.4913,193.989,-132.711],"direction":[-0.299584,-0.284418,-0.91069],"extended":true,"handId":259,"id":2592,"length":64.9762,"mcpPosition":[55.461,197.821,-62.2796],"pipPosition":[44.7522,201.831,-107.599],"stabilizedTipPosition":[31.9344,185.37,-143.036],"timeVisible":0.098001,"tipPosition":[33.5454,186.108,-143.688],"tipVelocity":[-24.4944,828.879,-195.675],"tool":false,"touchDistance":-0.597794,"touchZone":"touching","type":2,"width":19.1251},{"bases":[[[0.942247,-0.321111,-0.0951694],[0.333237,0.927301,0.170488],[0.0335049,-0.192356,0.980753]],[[0.942842,-0.327442,-0.0618989],[0.164528,0.61893,-0.76802],[0.289793,0.713938,0.637427]],[[0.942842,-0.327442,-0.0618989],[-0.239858,-0.537872,-0.808184],[0.23134,0.776837,-0.585668]],[[0.942842,-0.327442,-0.0618989],[-0.327532,-0.876325,-0.353239],[0.0614218,0.353322,-0.933483]]],"btipPosition":[56.6611,135.711,-55.1913],"carpPosition":[78.5278,182.522,-2.14469],"dipPosition":[57.7739,142.112,-72.1041],"direction":[-0.23134,-0.776837,0.585668],"extended":false,"handId":259,"id":2593,"length":62.4764,"mcpPosition":[76.5438,193.912,-60.2196],"pipPosition":[63.9883,162.98,-87.8367],"stabilizedTipPosition":[57.4183,136.37,-58.7902],"timeVisible":0.098001,"tipPosition":[57.8648,139.509,-62.3188],"tipVelocity":[-288.796,482.208,-176.107],"tool":false,"touchDistance":0.333333,"touchZone":"none","type":3,"width":18.1987},{"bases":[[[0.871693,-0.48999,-0.00787083],[0.477377,0.845406,0.239583],[-0.110739,-0.2126,0.970844]],[[0.865115,-0.499946,0.0403679],[0.402526,0.644009,-0.650558],[0.299247,0.579057,0.758383]],[[0.865115,-0.499946,0.0403679],[-0.183052,-0.389636,-0.902594],[0.466977,0.773458,-0.428596]],[[0.865115,-0.499946,0.0403679],[-0.404589,-0.743142,-0.532961],[0.296451,0.44474,-0.845177]]],"btipPosition":[70.8458,143.88,-61.3416],"carpPosition":[88.8481,174.184,-4.37764],"dipPosition":[75.8009,151.314,-75.4683],"direction":[-0.466977,-0.773458,0.428596],"extended":false,"handId":259,"id":2594,"length":48.9803,"mcpPosition":[94.9182,185.838,-57.5938],"pipPosition":[84.6576,165.983,-83.5972],"stabilizedTipPosition":[72.8454,144.464,-63.8382],"timeVisible":0.098001,"tipPosition":[73.67,148.117,-65.6447],"tipVelocity":[-275.347,344.378,-260.163],"tool":false,"touchDistance":0.333333,"touchZone":"none","type":4,"width":16.1655}],"r":[[0.984159,-0.176628,0.0152848],[0.17574,0.983302,0.0472554],[-0.0233762,-0.0438207,0.998766]],"s":1.00579,"t":[-4.3638,31.2333,-9.27046],"timestamp":259657689773},{"currentFrameRate":31.0746,"devices":[],"gestures":[],"hands":[{"armBasis":[[0.902628,0.0172714,-0.430074],[0.157283,0.916859,0.366923],[0.400654,-0.398839,0.824866]],"armWidth":62.9551,"confidence":0.523377,"direction":[-0.13523,0.366787,-0.920424],"elbow":[182.168,64.5309,231.619],"grabAngle":1.85207,"grabStrength":0,"id":259,"palmNormal":[-0.154253,-0.925424,-0.346117],"palmPosition":[59.7937,189.855,-44.0061],"palmVelocity":[-86.9393,354.075,-155.75],"palmWidth":86.0143,"pinchDistance":67.2991,"pinchStrength":1,"r":[[0.973336,-0.229025,0.0128349],[0.227661,0.971355,0.0681176],[-0.0280679,-0.0633793,0.997595]],"s":1.01961,"sphereCenter":[38.6136,160.012,-77.437],"sphereRadius":49.6364,"stabilizedPalmPosition":[60.1322,188.504,-43.4256],"t":[-6.14607,38.8373,-12.052],"timeVisible":0.110284,"type":"right","wrist":[79.9064,166.329,21.0835]}],"id":161285,"interactionBox":{"center":[0,200,0],"size":[235.247,235.247,147.751]},"pointables":[{"bases":[[[0.50542,0.860999,0.0568465],[-0.665919,0.347313,0.660247],[0.548728,-0.371557,0.748894]],[[0.266404,0.937376,-0.2244],[-0.920752,0.316344,0.228345],[0.285033,0.145784,0.947366]],[[0.266404,0.937376,-0.2244],[-0.926289,0.184615,-0.328492],[-0.266493,0.29537,0.917463]],[[0.266404,0.937376,-0.2244],[-0.657071,0.0062873,-0.753802],[-0.705185,0.348263,0.617598]]],"btipPosition":[58.2306,141.607,-81.6301],"carpPosition":[46.866,166.156,7.42392],"dipPosition":[42.2268,149.511,-67.614],"direction":[0.266493,-0.29537,-0.917463],"extended":false,"handId":259,"id":2590,"length":50.5373,"mcpPosition":[46.866,166.156,7.42392],"pipPosition":[33.4159,159.276,-37.2803],"stabilizedTipPosition":[54.6711,141.255,-77.5068],"timeVisible":0.110284,"tipPosition":[50.8103,147.03,-80.0151],"tipVelocity":[-2.49898,429.59,-174.881],"tool":false,"touchDistance":0.308837,"touchZone":"hovering","type":0,"width":20.3863},{"bases":[[[0.942133,-0.0322375,-0.333685],[0.108394,0.971193,0.212216],[0.317231,-0.236105,0.918487]],[[0.974166,-0.0612278,-0.217374],[0.0722452,0.996455,0.0430966],[0.213964,-0.0576875,0.975137]],[[0.974166,-0.0612278,-0.217374],[-0.0149125,0.943004,-0.332448],[0.225339,0.327101,0.917729]],[[0.974166,-0.0612278,-0.217374],[-0.0527549,0.874215,-0.482664],[0.219584,0.481662,0.848401]]],"btipPosition":[15.9157,189.423,-136.943],"carpPosition":[55.8115,186.246,3.12567],"dipPosition":[19.5538,197.403,-122.887],"direction":[-0.225339,-0.327101,-0.917729],"extended":true,"handId":259,"id":2591,"length":57.0257,"mcpPosition":[33.7492,202.666,-60.752],"pipPosition":[24.8353,205.069,-101.377],"stabilizedTipPosition":[16.8184,189.456,-133.248],"timeVisible":0.110284,"tipPosition":[17.4405,190.395,-133.326],"tipVelocity":[-27.3301,799.701,-204.818],"tool":false,"touchDistance":-0.490136,"touchZone":"touching","type":1,"width":19.473},{"bases":[[[0.943955,-0.228929,-0.237781],[0.273051,0.946341,0.172861],[0.185449,-0.228099,0.955813]],[[0.944395,-0.229473,-0.2355],[0.256817,0.962025,0.092477],[0.205336,-0.147815,0.967465]],[[0.944395,-0.229473,-0.2355],[0.166211,0.951128,-0.26025],[0.283711,0.206636,0.936381]],[[0.944395,-0.229473,-0.2355],[0.0463577,0.801979,-0.595551],[0.325528,0.551518,0.768023]]],"btipPosition":[31.0741,193.773,-148.96],"carpPosition":[66.6577,187.569,-0.886596],"dipPosition":[37.0061,203.824,-134.965],"direction":[-0.283711,-0.206636,-0.936381],"extended":true,"handId":259,"id":2592,"length":64.9762,"mcpPosition":[54.4268,202.613,-63.9252],"pipPosition":[44.8294,209.521,-109.144],"stabilizedTipPosition":[32.3547,194.304,-145.292],"timeVisible":0.110284,"tipPosition":[32.02,193.481,-145.482],"tipVelocity":[42.3798,838.788,-212.343],"tool":false,"touchDistance":-0.605471,"touchZone":"touching","type":2,"width":19.1251},{"bases":[[[0.937669,-0.330684,-0.106884],[0.345567,0.919814,0.185812],[0.0368681,-0.211166,0.976755]],[[0.937932,-0.332346,-0.0991452],[0.144447,0.634234,-0.759528],[0.315307,0.698064,0.642874]],[[0.937932,-0.332346,-0.0991452],[-0.279649,-0.555635,-0.782986],[0.205134,0.762113,-0.614088]],[[0.937932,-0.332346,-0.0991452],[-0.345998,-0.877007,-0.333382],[0.0238471,0.346994,-0.937564]]],"btipPosition":[55.8683,141.406,-56.4371],"carpPosition":[77.6549,185.906,-4.22861],"dipPosition":[56.3004,147.693,-73.4238],"direction":[-0.205133,-0.762113,0.614088],"extended":false,"handId":259,"id":2593,"length":62.4764,"mcpPosition":[75.4718,198.41,-62.0668],"pipPosition":[61.8108,168.165,-89.9198],"stabilizedTipPosition":[56.3344,141.214,-59.9513],"timeVisible":0.110284,"tipPosition":[56.098,144.118,-64.5175],"tipVelocity":[-77.2887,461.538,-102.809],"tool":false,"touchDistance":0.333333,"touchZone":"none","type":3,"width":18.1987},{"bases":[[[0.865561,-0.500305,-0.022339],[0.489093,0.834889,0.252485],[-0.107669,-0.229467,0.967343]],[[0.862656,-0.50579,0.00142382],[0.386093,0.656682,-0.647843],[0.326737,0.559415,0.761773]],[[0.862656,-0.50579,0.00142382],[-0.228969,-0.393028,-0.890563],[0.450997,0.767923,-0.454858]],[[0.862656,-0.50579,0.00142382],[-0.430255,-0.735301,-0.523654],[0.265906,0.45112,-0.85193]]],"btipPosition":[69.5594,148.779,-62.9573],"carpPosition":[87.8589,177.487,-6.67997],"dipPosition":[74.0039,156.319,-77.1969],"direction":[-0.450997,-0.767923,0.454858],"extended":false,"handId":259,"id":2594,"length":48.9803,"mcpPosition":[93.7607,190.065,-59.7043],"pipPosition":[82.5576,170.884,-85.8238],"stabilizedTipPosition":[71.3499,148.46,-65.4199],"timeVisible":0.110284,"tipPosition":[71.903,152.601,-68.1808],"tipVelocity":[-114.288,400.828,-133.653],"tool":false,"touchDistance":0.333333,"touchZone":"none","type":4,"width":16.1655}],"r":[[0.973336,-0.229025,0.0128349],[0.227661,0.971355,0.0681176],[-0.0280679,-0.0633793,0.997595]],"s":1.01961,"t":[-6.14607,38.8373,-12.052],"timestamp":259657702056},{"currentFrameRate":34.0867,"devices":[],"gestures":[],"hands":[{"armBasis":[[0.903129,0.00177793,-0.429366],[0.159018,0.927499,0.338319],[0.398838,-0.373822,0.837368]],"armWidth":62.9551,"confidence":0.568531,"direction":[-0.13736,0.391663,-0.909798],"elbow":[180.648,73.7895,233.163],"grabAngle":1.8408,"grabStrength":0,"id":259,"palmNormal":[-0.163729,-0.914847,-0.369117],"palmPosition":[58.605,194.056,-45.1499],"palmVelocity":[-97.2803,343.785,-93.6078],"palmWidth":86.0143,"pinchDistance":68.8306,"pinchStrength":1,"r":[[0.962259,-0.272028,0.00766785],[0.270286,0.958617,0.0894333],[-0.0316789,-0.0839855,0.995963]],"s":1.03918,"sphereCenter":[38.4164,167.372,-79.6238],"sphereRadius":49.3435,"stabilizedPalmPosition":[58.9836,192.68,-44.7224],"t":[-7.63153,44.7396,-14.0147],"timeVisible":0.122503,"type":"right","wrist":[78.8505,169.202,19.4372]}],"id":161286,"interactionBox":{"center":[0,200,0],"size":[235.247,235.247,147.751]},"pointables":[{"bases":[[[0.51274,0.855151,0.0762462],[-0.659371,0.335358,0.672878],[0.549843,-0.395286,0.735814]],[[0.27574,0.940506,-0.198536],[-0.918021,0.318898,0.235673],[0.284965,0.117276,0.951337]],[[0.27574,0.940506,-0.198536],[-0.919583,0.197965,-0.339377],[-0.279883,0.276151,0.91946]],[[0.27574,0.940506,-0.198536],[-0.633627,0.0225264,-0.773311],[-0.722831,0.339031,0.602141]]],"btipPosition":[57.9822,146.773,-83.2349],"carpPosition":[45.7712,169.132,5.7217],"dipPosition":[41.5779,154.467,-69.5696],"direction":[0.279883,-0.276151,-0.91946],"extended":false,"handId":259,"id":2590,"length":50.5373,"mcpPosition":[45.7712,169.132,5.7217],"pipPosition":[32.3243,163.598,-39.1699],"stabilizedTipPosition":[54.3521,146.288,-79.2922],"timeVisible":0.122503,"tipPosition":[49.5566,151.905,-82.006],"tipVelocity":[-27.8691,418.868,-137.939],"tool":false,"touchDistance":0.296337,"touchZone":"hovering","type":0,"width":20.3863},{"bases":[[[0.939964,-0.0311023,-0.339853],[0.117499,0.964448,0.236716],[0.320408,-0.262438,0.910201]],[[0.974946,-0.0666935,-0.212208],[0.0911679,0.989993,0.107713],[0.202901,-0.124361,0.97127]],[[0.974946,-0.0666935,-0.212208],[0.0133177,0.969784,-0.243601],[0.222043,0.234672,0.946375]],[[0.974946,-0.0666935,-0.212208],[-0.0270858,0.911302,-0.410846],[0.220787,0.406301,0.886664]]],"btipPosition":[15.2578,200.455,-138.742],"carpPosition":[54.8563,189.254,1.89458],"dipPosition":[18.9158,207.187,-124.052],"direction":[-0.222043,-0.234672,-0.946375],"extended":true,"handId":259,"id":2591,"length":57.0257,"mcpPosition":[32.573,207.506,-61.4067],"pipPosition":[24.12,212.687,-101.871],"stabilizedTipPosition":[16.2079,200.106,-135.043],"timeVisible":0.122503,"tipPosition":[15.8343,198.292,-134.437],"tipVelocity":[-53.4705,879.408,-135.3],"tool":false,"touchDistance":-0.494254,"touchZone":"touching","type":1,"width":19.473},{"bases":[[[0.940715,-0.230229,-0.249098],[0.281726,0.939309,0.195778],[0.188906,-0.254349,0.948484]],[[0.943299,-0.233812,-0.235625],[0.272788,0.95048,0.148913],[0.18914,-0.204745,0.960367]],[[0.943299,-0.233812,-0.235625],[0.194479,0.964524,-0.178525],[0.269008,0.122579,0.955306]],[[0.943299,-0.233812,-0.235625],[0.0809238,0.850397,-0.519882],[0.32193,0.471336,0.821099]]],"btipPosition":[31.1068,204.97,-150.892],"carpPosition":[65.6904,190.594,-2.14467],"dipPosition":[36.9732,213.559,-135.93],"direction":[-0.269008,-0.122579,-0.955306],"extended":true,"handId":259,"id":2592,"length":64.9762,"mcpPosition":[53.2315,207.369,-64.6998],"pipPosition":[44.3911,216.939,-109.587],"stabilizedTipPosition":[32.4415,205.129,-147.141],"timeVisible":0.122503,"tipPosition":[30.7843,201.987,-146.587],"tipVelocity":[1.44327,888.834,-139.906],"tool":false,"touchDistance":-0.5989,"touchZone":"touching","type":2,"width":19.1251},{"bases":[[[0.934329,-0.335299,-0.120851],[0.354094,0.911873,0.207617],[0.040587,-0.236775,0.970716]],[[0.934163,-0.334373,-0.124635],[0.132775,0.649884,-0.748346],[0.331225,0.682529,0.651493]],[[0.934163,-0.334373,-0.124635],[-0.304534,-0.564955,-0.766867],[0.186006,0.754335,-0.629588]],[[0.934163,-0.334373,-0.124635],[-0.356832,-0.878368,-0.318026],[-0.00313644,0.341562,-0.939854]]],"btipPosition":[54.9611,146.928,-57.3588],"carpPosition":[76.6548,188.931,-5.59227],"dipPosition":[54.9043,153.116,-74.387],"direction":[-0.186006,-0.754335,0.629588],"extended":false,"handId":259,"id":2593,"length":62.4764,"mcpPosition":[74.2515,202.951,-63.0729],"pipPosition":[59.9009,173.38,-91.2994],"stabilizedTipPosition":[55.2499,146.797,-60.9869],"timeVisible":0.122503,"tipPosition":[54.4774,148.841,-66.2344],"tipVelocity":[-83.4496,450.053,-76.2098],"tool":false,"touchDistance":0.333333,"touchZone":"none","type":3,"width":18.1987},{"bases":[[[0.86131,-0.506477,-0.0403207],[0.497291,0.824096,0.271232],[-0.104145,-0.253666,0.961669]],[[0.859738,-0.510042,-0.026605],[0.3749,0.6656,-0.645311],[0.346844,0.544824,0.763457]],[[0.859738,-0.510042,-0.026605],[-0.265331,-0.401523,-0.876572],[0.436406,0.760681,-0.480535]],[[0.859738,-0.510042,-0.026605],[-0.452941,-0.737345,-0.501164],[0.235998,0.44292,-0.864943]]],"btipPosition":[68.3705,153.89,-63.6398],"carpPosition":[86.776,180.497,-8.32026],"dipPosition":[72.3151,161.293,-78.0969],"direction":[-0.436406,-0.760681,0.480535],"extended":false,"handId":259,"id":2594,"length":48.9803,"mcpPosition":[92.4846,194.401,-61.0335],"pipPosition":[80.5921,175.72,-87.2108],"stabilizedTipPosition":[69.8783,153.526,-66.5172],"timeVisible":0.122503,"tipPosition":[70.1797,157.179,-70.0295],"tipVelocity":[-106.71,415.717,-59.9508],"tool":false,"touchDistance":0.333333,"touchZone":"none","type":4,"width":16.1655}],"r":[[0.962259,-0.272028,0.00766785],[0.270286,0.958617,0.0894333],[-0.0316789,-0.0839855,0.995963]],"s":1.03918,"t":[-7.63153,44.7396,-14.0147],"timestamp":259657714275},{"currentFrameRate":36.9196,"devices":[],"gestures":[],"hands":[{"armBasis":[[0.901412,-0.0161009,-0.432662],[0.169264,0