{"frames":377,"data":[{"currentFrameRate":25.8818,"devices":[],"gestures":[],"hands":[],"id":161887,"interactionBox":{"center":[0,200,0],"size":[235.247,235.247,147.751]},"pointables":[],"r":[[-0.451118,-0.878766,0.155767],[0.630521,-0.437343,-0.641229],[0.631613,-0.191055,0.751374]],"s":-0.0734829,"t":[559.648,-310.26,370.787],"timestamp":259672456838},{"currentFrameRate":25.8772,"devices":[],"gestures":[],"hands":[],"id":161888,"interactionBox":{"center":[0,200,0],"size":[235.247,235.247,147.751]},"pointables":[],"r":[[-0.451118,-0.878766,0.155767],[0.630521,-0.437343,-0.641229],[0.631613,-0.191055,0.751374]],"s":-0.0734829,"t":[559.648,-310.26,370.787],"timestamp":259672495515},{"currentFrameRate":25.8879,"devices":[],"gestures":[],"hands":[],"id":161889,"interactionBox":{"center":[0,200,0],"size":[235.247,235.247,147.751]},"pointables":[],"r":[[-0.451118,-0.878766,0.155767],[0.630521,-0.437343,-0.641229],[0.631613,-0.191055,0.751374]],"s":-0.0734829,"t":[559.648,-310.26,370.787],"timestamp":259672534068},{"currentFrameRate":25.8931,"devices":[],"gestures":[],"hands":[],"id":161890,"interactionBox":{"center":[0,200,0],"size":[235.247,235.247,147.751]},"pointables":[],"r":[[-0.451118,-0.878766,0.155767],[0.630521,-0.437343,-0.641229],[0.631613,-0.191055,0.751374]],"s":-0.0734829,"t":[559.648,-310.26,370.787],"timestamp":259672572652},{"currentFrameRate":25.8764,"devices":[],"gestures":[],"hands":[],"id":161891,"interactionBox":{"center":[0,200,0],"size":[235.247,235.247,147.751]},"pointables":[],"r":[[-0.451118,-0.878766,0.155767],[0.630521,-0.437343,-0.641229],[0.631613,-0.191055,0.751374]],"s":-0.0734829,"t":[559.648,-310.26,370.787],"timestamp":259672611414},{"currentFrameRate":25.892,"devices":[],"gestures":[],"hands":[],"id":161892,"interactionBox":{"center":[0,200,0],"size":[235.247,235.247,147.751]},"pointables":[],"r":[[-0.451118,-0.878766,0.155767],[0.630521,-0.437343,-0.641229],[0.631613,-0.191055,0.751374]],"s":-0.0734829,"t":[559.648,-310.26,370.787],"timestamp":259672649927},{"currentFrameRate":25.8963,"devices":[],"gestures":[],"hands":[],"id":161893,"interactionBox":{"center":[0,200,0],"size":[235.247,235.247,147.751]},"pointables":[],"r":[[-0.451118,-0.878766,0.155767],[0.630521,-0.437343,-0.641229],[0.631613,-0.191055,0.751374]],"s":-0.0734829,"t":[559.648,-310.26,370.787],"timestamp":259672688512},{"currentFrameRate":25.8778,"devices":[],"gestures":[],"hands":[],"id":161894,"interactionBox":{"center":[0,200,0],"size":[235.247,235.247,147.751]},"pointables":[],"r":[[-0.451118,-0.878766,0.155767],[0.630521,-0.437343,-0.641229],[0.631613,-0.191055,0.751374]],"s":-0.0734829,"t":[559.648,-310.26,370.787],"timestamp":259672727285},{"currentFrameRate":25.8883,"devices":[],"gestures":[],"hands":[],"id":161895,"interactionBox":{"center":[0,200,0],"size":[235.247,235.247,147.751]},"pointables":[],"r":[[-0.451118,-0.878766,0.155767],[0.630521,-0.437343,-0.641229],[0.631613,-0.191055,0.751374]],"s":-0.0734829,"t":[559.648,-310.26,370.787],"timestamp":259672765839},{"currentFrameRate":25.9075,"devices":[],"gestures":[],"hands":[],"id":161896,"interactionBox":{"center":[0,200,0],"size":[235.247,235.247,147.751]},"pointables":[],"r":[[-0.451118,-0.878766,0.155767],[0.630521,-0.437343,-0.641229],[0.631613,-0.191055,0.751374]],"s":-0.0734829,"t":[559.648,-310.26,370.787],"timestamp":259672804303},{"currentFrameRate":25.8777,"devices":[],"gestures":[],"hands":[],"id":161897,"interactionBox":{"center":[0,200,0],"size":[235.247,235.247,147.751]},"pointables":[],"r":[[-0.451118,-0.878766,0.155767],[0.630521,-0.437343,-0.641229],[0.631613,-0.191055,0.751374]],"s":-0.0734829,"t":[559.648,-310.26,370.787],"timestamp":259672843155},{"currentFrameRate":25.9052,"devices":[],"gestures":[],"hands":[],"id":161898,"interactionBox":{"center":[0,200,0],"size":[235.247,235.247,147.751]},"pointables":[],"r":[[-0.451118,-0.878766,0.155767],[0.630521,-0.437343,-0.641229],[0.631613,-0.191055,0.751374]],"s":-0.0734829,"t":[559.648,-310.26,370.787],"timestamp":259672881565},{"currentFrameRate":25.8847,"devices":[],"gestures":[],"hands":[],"id":161899,"interactionBox":{"center":[0,200,0],"size":[235.247,235.247,147.751]},"pointables":[],"r":[[-0.451118,-0.878766,0.155767],[0.630521,-0.437343,-0.641229],[0.631613,-0.191055,0.751374]],"s":-0.0734829,"t":[559.648,-310.26,370.787],"timestamp":259672920341},{"currentFrameRate":25.7874,"devices":[],"gestures":[],"hands":[],"id":161900,"interactionBox":{"center":[0,200,0],"size":[235.247,235.247,147.751]},"pointables":[],"r":[[-0.451118,-0.878766,0.155767],[0.630521,-0.437343,-0.641229],[0.631613,-0.191055,0.751374]],"s":-0.0734829,"t":[559.648,-310.26,370.787],"timestamp":259672959803},{"currentFrameRate":25.9217,"devices":[],"gestures":[],"hands":[],"id":161901,"interactionBox":{"center":[0,200,0],"size":[235.247,235.247,147.751]},"pointables":[],"r":[[-0.451118,-0.878766,0.155767],[0.630521,-0.437343,-0.641229],[0.631613,-0.191055,0.751374]],"s":-0.0734829,"t":[559.648,-310.26,370.787],"timestamp":259672997439},{"currentFrameRate":25.9279,"devices":[],"gestures":[],"hands":[{"armBasis":[[0.157817,0.972056,0.173782],[0.952072,-0.103088,-0.287977],[0.262015,-0.210901,0.941737]],"armWidth":60.2356,"confidence":0,"direction":[-0.338441,-0.0394393,-0.940161],"elbow":[159.683,119.083,288.211],"grabAngle":0,"grabStrength":0,"id":260,"palmNormal":[-0.937081,0.105076,0.332925],"palmPosition":[64.9033,165.933,-17.6439],"palmVelocity":[1.19209e-7,1.19209e-7,1.19209e-7],"palmWidth":86.0143,"pinchDistance":60.4445,"pinchStrength":0,"r":[[1,-4.85723e-18,-1.11022e-17],[4.85723e-18,1,1.38778e-18],[1.11022e-17,-1.38778e-18,1]],"s":1,"sphereCenter":[130.226,156.305,-77.9698],"sphereRadius":82.3521,"stabilizedPalmPosition":[64.9033,165.933,-17.6439],"t":[0,0,0],"timeVisible":0,"type":"left","wrist":[92.8073,172.912,47.8462]}],"id":161902,"interactionBox":{"center":[0,200,0],"size":[235.247,235.247,147.751]},"pointables":[{"bases":[[[0.806578,0.298176,-0.510415],[0.48222,-0.831309,0.276386],[0.3419,0.469059,0.814302]],[[0.793006,0.280139,-0.540985],[0.49221,-0.817885,0.297983],[0.358986,0.50258,0.786474]],[[0.793006,0.280139,-0.540985],[0.382924,-0.919863,0.0849761],[0.473827,0.274542,0.836729]],[[0.793006,0.280139,-0.540985],[0.248659,-0.959504,-0.132364],[0.556157,0.0295556,0.830551]]],"btipPosition":[31.3271,115.881,-45.5948],"carpPosition":[75.8432,149.099,36.861],"dipPosition":[43.6314,116.535,-27.2198],"direction":[-0.473827,-0.274542,-0.836729],"extended":true,"handId":260,"id":2600,"length":49.2665,"mcpPosition":[75.8432,149.099,36.861],"pipPosition":[58.9033,125.384,-0.251101],"stabilizedTipPosition":[34.1571,116.031,-41.3685],"timeVisible":0,"tipPosition":[34.1571,116.031,-41.3685],"tipVelocity":[1.19209e-7,1.19209e-7,1.19209e-7],"tool":false,"touchDistance":0.912805,"touchZone":"hovering","type":0,"width":19.1427},{"bases":[[[-0.0522566,0.989253,0.136555],[0.885973,0.109021,-0.450741],[0.460784,-0.0974302,0.882148]],[[-0.186094,0.973862,-0.130236],[0.971063,0.202493,0.126625],[-0.149688,0.102903,0.983364]],[[-0.186094,0.973862,-0.130236],[0.971063,0.202493,0.126625],[-0.149688,0.102903,0.983364]],[[-0.186094,0.973862,-0.130236],[0.971063,0.202493,0.126625],[-0.149688,0.102903,0.983364]]],"btipPosition":[77.1715,173.65,-121.534],"carpPosition":[91.5706,176.739,15.3555],"dipPosition":[74.5276,175.467,-104.166],"direction":[0.149688,-0.102903,-0.983364],"extended":true,"handId":260,"id":2603,"length":60.9053,"mcpPosition":[64.2855,182.508,-36.8806],"pipPosition":[70.6077,178.162,-78.4143],"stabilizedTipPosition":[76.5634,174.068,-117.54],"timeVisible":0,"tipPosition":[76.5634,174.068,-117.54],"tipVelocity":[1.19209e-7,1.19209e-7,1.19209e-7],"tool":false,"touchDistance":-0.291426,"touchZone":"touching","type":3,"width":17.0885},{"bases":[[[-0.14424,0.939625,0.310322],[0.904265,0.25252,-0.344296],[0.401871,-0.230952,0.886093]],[[-0.256559,0.965909,0.0346039],[0.939032,0.240621,0.245601],[-0.228902,-0.0955054,0.968753]],[[-0.256559,0.965909,0.0346039],[0.939032,0.240621,0.245601],[-0.228902,-0.0955054,0.968753]],[[-0.256559,0.965909,0.0346039],[0.939032,0.240621,0.245601],[-0.228902,-0.0955054,0.968753]]],"btipPosition":[80.2453,207.905,-95.6761],"carpPosition":[86.6604,188.732,18.9723],"dipPosition":[76.5155,206.349,-79.891],"direction":[0.228902,0.0955054,-0.968753],"extended":true,"handId":260,"id":2604,"length":47.7486,"mcpPosition":[64.6321,201.391,-29.5983],"pipPosition":[72.2833,204.583,-61.9795],"stabilizedTipPosition":[79.3875,207.548,-92.0455],"timeVisible":0,"tipPosition":[79.3875,207.548,-92.0455],"tipVelocity":[1.19209e-7,1.19209e-7,1.19209e-7],"tool":false,"touchDistance":0.132574,"touchZone":"hovering","type":4,"width":15.1794},{"bases":[[[0.0276174,0.972953,-0.229345],[0.875088,-0.134431,-0.464919],[0.483176,0.187857,0.855132]],[[0.167531,0.985398,0.0304077],[0.978613,-0.169954,0.115899],[-0.119374,-0.0103407,0.992795]],[[0.167531,0.985398,0.0304077],[0.978613,-0.169954,0.115899],[-0.119374,-0.0103407,0.992795]],[[0.167531,0.985398,0.0304077],[0.978613,-0.169954,0.115899],[-0.119374,-0.0103407,0.992795]]],"btipPosition":[66.2945,142.093,-117.867],"carpPosition":[90.3939,154.334,20.6442],"dipPosition":[64.3664,141.926,-101.832],"direction":[0.119374,0.0103407,-0.992795],"extended":true,"handId":260,"id":2601,"length":55.5917,"mcpPosition":[56.7907,141.269,-38.8273],"pipPosition":[61.6389,141.689,-79.1477],"stabilizedTipPosition":[65.851,142.054,-114.179],"timeVisible":0,"tipPosition":[65.851,142.054,-114.179],"tipVelocity":[1.19209e-7,1.19209e-7,1.19209e-7],"tool":false,"touchDistance":-0.236311,"touchZone":"touching","type":1,"width":18.2851},{"bases":[[[-0.0569463,0.997954,-0.0290649],[0.877554,0.0361511,-0.478112],[0.476083,0.0527327,0.877818]],[[-0.110989,0.985387,-0.129208],[0.993707,0.108056,-0.0295152],[0.0151223,0.13167,0.991178]],[[-0.110989,0.985387,-0.129208],[0.993707,0.108056,-0.0295152],[0.0151223,0.13167,0.991178]],[[-0.110989,0.985387,-0.129208],[0.993707,0.108056,-0.0295152],[0.0151223,0.13167,0.991178]]],"btipPosition":[59.0878,149.861,-130.53],"carpPosition":[91.851,165.217,16.779],"dipPosition":[59.3564,152.2,-112.922],"direction":[-0.0151223,-0.131671,-0.991178],"extended":true,"handId":260,"id":2602,"length":63.3423,"mcpPosition":[60.452,161.739,-41.1155],"pipPosition":[59.7629,155.739,-86.2782],"stabilizedTipPosition":[59.1496,150.399,-126.48],"timeVisible":0,"tipPosition":[59.1496,150.399,-126.48],"tipVelocity":[1.19209e-7,1.19209e-7,1.19209e-7],"tool":false,"touchDistance":-0.425538,"touchZone":"touching","type":2,"width":17.9584}],"r":[[1,-4.85723e-18,-1.11022e-17],[4.85723e-18,1,1.38778e-18],[1.11022e-17,-1.38778e-18,1]],"s":1,"t":[0,0,0],"timestamp":259673035964},{"currentFrameRate":25.9264,"devices":[],"gestures":[],"hands":[{"armBasis":[[-0.849302,-0.433069,0.301889],[-0.396451,0.900841,0.176953],[0.348587,-0.0306024,0.936777]],"armWidth":62.9551,"confidence":0.200493,"direction":[-0.231793,0.331876,-0.914401],"elbow":[172.696,153.753,268.826],"grabAngle":2.2993,"grabStrength":0.987711,"id":260,"palmNormal":[0.352735,-0.847351,-0.396956],"palmPosition":[73.86,181.783,-38.2953],"palmVelocity":[232.154,410.804,-535.274],"palmWidth":86.0143,"pinchDistance":12.3534,"pinchStrength":1,"r":[[0.968474,0.170515,0.181609],[-0.179053,0.983333,0.0315776],[-0.173197,-0.0630997,0.982864]],"s":0.863912,"sphereCenter":[81.5464,146.638,-73.2339],"sphereRadius":43.223,"stabilizedPalmPosition":[69.5514,174.158,-28.3608],"t":[4.47836,7.92461,-10.3257],"timeVisible":0.038581,"type":"left","wrist":[83.724,161.564,29.7274]}],"id":161903,"interactionBox":{"center":[0,200,0],"size":[235.247,235.247,147.751]},"pointables":[{"bases":[[[-0.773437,-0.619329,0.135007],[-0.566111,0.770721,0.292416],[0.285154,-0.149736,0.946713]],[[-0.812118,-0.582287,-0.0375094],[-0.42776,0.637854,-0.64044],[-0.396845,0.504068,0.767091]],[[-0.812118,-0.582287,-0.0375094],[-0.42776,0.637854,-0.64044],[-0.396845,0.504068,0.767091]],[[-0.812118,-0.582287,-0.0375094],[-0.23173,0.380856,-0.895126],[-0.535506,0.718256,0.444233]]],"btipPosition":[89.7386,135.32,-113.281],"carpPosition":[69.0677,174.847,4.66745],"dipPosition":[80.0364,148.334,-105.233],"direction":[0.396845,-0.504068,-0.767091],"extended":true,"handId":260,"id":2603,"length":62.4764,"mcpPosition":[52.1824,183.713,-51.3918],"pipPosition":[69.376,161.874,-84.6267],"stabilizedTipPosition":[86.997,139.98,-111.715],"timeVisible":0.038581,"tipPosition":[86.6962,139.61,-111.309],"tipVelocity":[283.655,-926.743,158.351],"tool":false,"touchDistance":-0.269851,"touchZone":"touching","type":3,"width":18.1987},{"bases":[[[-0.725523,0.655838,0.208547],[0.662306,0.583058,0.470526],[-0.186994,-0.4795,0.857388]],[[-0.636698,0.769023,-0.056737],[0.744183,0.632071,0.216052],[-0.202011,-0.0953369,0.974732]],[[-0.636698,0.769023,-0.056737],[0.756404,0.608556,-0.239818],[0.149898,0.195608,0.969159]],[[-0.636698,0.769023,-0.056737],[0.708569,0.554442,-0.436491],[0.304214,0.318115,0.897918]]],"btipPosition":[104.174,157.574,-91.0742],"carpPosition":[106.501,166.762,7.34203],"dipPosition":[111.078,164.793,-70.6964],"direction":[-0.149898,-0.195608,-0.969159],"extended":false,"handId":260,"id":2600,"length":50.5373,"mcpPosition":[106.501,166.762,7.34203],"pipPosition":[116.034,171.26,-38.6536],"stabilizedTipPosition":[96.4137,153.594,-80.51],"timeVisible":0.038581,"tipPosition":[107.061,164.001,-85.6841],"tipVelocity":[1855.96,1119.8,-1166.86],"tool":false,"touchDistance":0.333333,"touchZone":"hovering","type":0,"width":20.3863},{"bases":[[[-0.932608,-0.352946,-0.0753104],[-0.360149,0.896833,0.256871],[0.0231206,-0.266683,0.963507]],[[-0.928617,-0.370979,-0.00675335],[-0.369366,0.926001,-0.078038],[-0.035204,0.0699729,0.996928]],[[-0.928617,-0.370979,-0.00675335],[0.0116926,-0.0110665,-0.99987],[-0.370856,0.928575,-0.0146142]],[[-0.928617,-0.370979,-0.00675335],[0.167654,-0.403288,-0.899584],[-0.331003,0.836501,-0.436697]]],"btipPosition":[104.76,162.629,-94.9287],"carpPosition":[90.7248,182.621,6.03489],"dipPosition":[99.2757,176.488,-102.164],"direction":[0.370856,-0.928575,0.0146142],"extended":false,"handId":260,"id":2601,"length":57.0257,"mcpPosition":[89.1169,201.167,-60.9737],"pipPosition":[90.5835,198.252,-102.506],"stabilizedTipPosition":[100.241,163.761,-98.1146],"timeVisible":0.038581,"tipPosition":[102.418,167.681,-96.8719],"tipVelocity":[975.8,615.914,455.818],"tool":false,"touchDistance":0.333333,"touchZone":"none","type":1,"width":19.473},{"bases":[[[-0.845757,-0.533413,0.0128759],[-0.512038,0.81818,0.261532],[0.150039,-0.2146,0.965109]],[[-0.835238,-0.545321,0.0707245],[-0.512488,0.725342,-0.459603],[-0.199332,0.420124,0.885304]],[[-0.835238,-0.545321,0.0707245],[0.0956074,-0.270671,-0.957912],[-0.541513,0.793323,-0.278212]],[[-0.835238,-0.545321,0.0707245],[0.370918,-0.653667,-0.659651],[-0.405952,0.524733,-0.748237]]],"btipPosition":[101.145,143.227,-78.6797],"carpPosition":[79.3937,180.148,5.04453],"dipPosition":[93.747,152.789,-92.3146],"direction":[0.541513,-0.793323,0.278212],"extended":false,"handId":260,"id":2602,"length":64.9762,"mcpPosition":[69.4981,194.302,-58.6071],"pipPosition":[78.8149,174.665,-99.9862],"stabilizedTipPosition":[85.0311,147.205,-97.7911],"timeVisible":0.038581,"tipPosition":[98.766,146.704,-82.3184],"tipVelocity":[1044.39,-128.875,1157.68],"tool":false,"touchDistance":0.333333,"touchZone":"none","type":2,"width":19.1251},{"bases":[[[-0.630994,-0.751271,0.193488],[-0.652086,0.648733,0.392338],[0.420274,-0.121393,0.89924]],[[-0.723304,-0.687413,-0.0655263],[-0.677369,0.68788,0.260752],[0.13417,-0.232988,0.96318]],[[-0.723304,-0.687413,-0.0655263],[-0.249156,0.348305,-0.903662],[-0.644012,0.637296,0.423204]],[[-0.723304,-0.687413,-0.0655263],[0.548218,-0.513949,-0.659782],[-0.419866,0.513146,-0.748595]]],"btipPosition":[53.4833,157.447,-73.0545],"carpPosition":[61.8885,163.469,4.77635],"dipPosition":[46.4655,166.024,-85.5669],"direction":[0.644012,-0.637296,-0.423204],"extended":false,"handId":260,"id":2604,"length":48.9803,"mcpPosition":[38.8514,170.123,-44.5149],"pipPosition":[34.251,178.112,-77.5403],"stabilizedTipPosition":[53.6241,162.489,-76.9599],"timeVisible":0.038581,"tipPosition":[49.6855,161.79,-76.0705],"tipVelocity":[-713.259,-1247.44,417.647],"tool":false,"touchDistance":0.394349,"touchZone":"hovering","type":4,"width":16.1655}],"r":[[0.968474,0.170515,0.181609],[-0.179053,0.983333,0.0315776],[-0.173197,-0.0630997,0.982864]],"s":0.863912,"t":[4.47836,7.92461,-10.3257],"timestamp":259673074545},{"currentFrameRate":25.9172,"devices":[],"gestures":[],"hands":[{"armBasis":[[-0.831312,-0.454851,0.319421],[-0.36542,0.880311,0.302523],[0.418793,-0.134768,0.898026]],"armWidth":62.9551,"confidence":0.385794,"direction":[-0.137593,0.353374,-0.925308],"elbow":[186.232,138.505,252.059],"grabAngle":1.77877,"grabStrength":0,"id":260,"palmNormal":[0.355396,-0.854373,-0.379131],"palmPosition":[74.6573,195.263,-44.7933],"palmVelocity":[20.6274,348.791,-168.129],"palmWidth":86.0143,"pinchDistance":36.96,"pinchStrength":0.857342,"r":[[0.895269,0.284989,0.342455],[-0.313709,0.949035,0.0303364],[-0.316356,-0.13459,0.939044]],"s":0.923238,"sphereCenter":[94.2959,158.676,-88.155],"sphereRadius":60.1825,"stabilizedPalmPosition":[73.6729,191.194,-41.6252],"t":[7.11616,18.6271,-18.7376],"timeVisible":0.07723,"type":"left","wrist":[79.3408,172.903,22.8508]}],"id":161904,"interactionBox":{"center":[0,200,0],"size":[235.247,235.247,147.751]},"pointables":[{"bases":[[[-0.716755,0.679809,0.155315],[0.638818,0.550818,0.537132],[-0.279596,-0.48421,0.829076]],[[-0.63767,0.769689,-0.0309126],[0.640719,0.552243,0.533391],[-0.427617,-0.320321,0.845304]],[[-0.63767,0.769689,-0.0309126],[0.75623,0.617872,-0.21529],[0.146606,0.160661,0.976061]],[[-0.63767,0.769689,-0.0309126],[0.731391,0.59237,-0.337885],[0.241755,0.238068,0.94068]]],"btipPosition":[112.401,182.771,-90.2371],"carpPosition":[102.556,178.37,3.27034],"dipPosition":[117.888,188.174,-68.8888],"direction":[-0.146606,-0.160661,-0.976061],"extended":false,"handId":260,"id":2600,"length":50.5373,"mcpPosition":[102.556,178.37,3.27034],"pipPosition":[122.735,193.485,-36.6178],"stabilizedTipPosition":[113.249,183.284,-85.2114],"timeVisible":0.07723,"tipPosition":[112.583,180.827,-87.1455],"tipVelocity":[204.435,641.133,27.4346],"tool":false,"touchDistance":0.349238,"touchZone":"hovering","type":0,"width":20.3863},{"bases":[[[-0.93451,-0.316276,-0.163279],[-0.348558,0.906086,0.239824],[-0.0720942,-0.281031,0.956987]],[[-0.935591,-0.351731,-0.0308967],[-0.344169,0.888928,0.302248],[0.0788448,-0.293414,0.952729]],[[-0.935591,-0.351731,-0.0308967],[-0.0791188,0.294122,-0.952488],[-0.344107,0.888695,0.303006]],[[-0.935591,-0.351731,-0.0308967],[0.344043,-0.88846,-0.303765],[-0.0793928,0.294829,-0.952246]]],"btipPosition":[98.6562,200.886,-96.7144],"carpPosition":[87.5465,194.832,0.857205],"dipPosition":[97.3409,205.771,-112.491],"direction":[0.344107,-0.888695,-0.303006],"extended":false,"handId":260,"id":2601,"length":57.0257,"mcpPosition":[92.5604,214.377,-65.6979],"pipPosition":[89.2757,226.6,-105.389],"stabilizedTipPosition":[98.3841,201.394,-100.307],"timeVisible":0.07723,"tipPosition":[100.682,196.792,-100.473],"tipVelocity":[-133.112,936.456,-97.0344],"tool":false,"touchDistance":0.323388,"touchZone":"hovering","type":1,"width":19.473},{"bases":[[[-0.862454,-0.501137,-0.0709612],[-0.503029,0.833181,0.22972],[0.0559974,-0.233818,0.970666]],[[-0.864067,-0.490581,-0.112779],[-0.49096,0.870785,-0.0263157],[-0.111116,-0.0326312,0.993272]],[[-0.864067,-0.490581,-0.112779],[-0.43591,0.841278,-0.319741],[-0.251737,0.227116,0.940769]],[[-0.864067,-0.490581,-0.112779],[-0.318583,0.706422,-0.632039],[-0.389735,0.510194,0.766687]]],"btipPosition":[91.8091,194.191,-151.526],"carpPosition":[76.2651,192.805,-1.1699],"dipPosition":[84.7071,203.488,-137.555],"direction":[0.251737,-0.227116,-0.940769],"extended":true,"handId":260,"id":2602,"length":64.9762,"mcpPosition":[72.5719,208.226,-65.1881],"pipPosition":[77.7655,209.751,-111.614],"stabilizedTipPosition":[87.4504,170.306,-121.55],"timeVisible":0.07723,"tipPosition":[90.6783,194.79,-145.724],"tipVelocity":[-239.787,1317.05,-1720.54],"tool":false,"touchDistance":-0.725789,"touchZone":"touching","type":2,"width":19.1251},{"bases":[[[-0.804422,-0.591456,0.0555398],[-0.56132,0.78737,0.254888],[0.194486,-0.173862,0.965374]],[[-0.818045,-0.574533,-0.0267381],[-0.575105,0.817698,0.0249749],[-0.00751481,-0.0358078,0.99933]],[[-0.818045,-0.574533,-0.0267381],[-0.574488,0.818451,-0.0100871],[-0.0276792,-0.00710902,0.999592]],[[-0.818045,-0.574533,-0.0267381],[-0.535485,0.777765,-0.329145],[-0.209901,0.254938,0.943901]]],"btipPosition":[59.1824,195.322,-146.961],"carpPosition":[65.8268,187.904,-2.54721],"dipPosition":[55.3795,199.941,-129.86],"direction":[0.0276792,0.00710902,-0.999592],"extended":true,"handId":260,"id":2603,"length":62.4764,"mcpPosition":[54.3104,198.199,-59.7115],"pipPosition":[54.6359,199.75,-103.008],"stabilizedTipPosition":[59.4459,194.147,-141.786],"timeVisible":0.07723,"tipPosition":[60.3696,193.799,-141.46],"tipVelocity":[-755.5,1502.54,-817.562],"tool":false,"touchDistance":-0.745168,"touchZone":"touching","type":3,"width":18.1987},{"bases":[[[-0.672628,-0.729515,0.124015],[-0.660201,0.667318,0.344705],[0.334224,-0.149983,0.930483]],[[-0.713428,-0.700657,-0.00999532],[-0.696524,0.707515,0.119485],[0.076646,-0.0922057,0.992786]],[[-0.713428,-0.700657,-0.00999532],[-0.436992,0.456017,-0.775298],[-0.547776,0.548751,0.631517]],[[-0.713428,-0.700657,-0.00999532],[0.402199,-0.397766,-0.824632],[-0.573809,0.592336,-0.565581]]],"btipPosition":[57.288,167.88,-90.8382],"carpPosition":[58.2561,176.806,-3.26983],"dipPosition":[47.697,177.781,-100.292],"direction":[0.547776,-0.548751,-0.631517],"extended":false,"handId":260,"id":2604,"length":48.9803,"mcpPosition":[39.9358,185.027,-54.2737],"pipPosition":[37.3078,188.188,-88.3142],"stabilizedTipPosition":[54.5672,167.449,-87.3433],"timeVisible":0.07723,"tipPosition":[54.0343,173.846,-88.4622],"tipVelocity":[83.1283,277.806,-441.931],"tool":false,"touchDistance":0.109679,"touchZone":"hovering","type":4,"width":16.1655}],"r":[[0.895269,0.284989,0.342455],[-0.313709,0.949035,0.0303364],[-0.316356,-0.13459,0.939044]],"s":0.923238,"t":[7.11616,18.6271,-18.7376],"timestamp":259673113194},{"currentFrameRate":29.5167,"devices":[],"gestures":[],"hands":[{"armBasis":[[-0.79968,-0.516803,0.305658],[-0.394683,0.83608,0.381045],[0.45248,-0.184076,0.87257]],"armWidth":62.9551,"confidence":0.430349,"direction":[-0.146369,0.346299,-0.926635],"elbow":[194.761,128.633,244.948],"grabAngle":1.04364,"grabStrength":0,"id":260,"palmNormal":[0.395536,-0.838098,-0.375689],"palmPosition":[73.7387,198.408,-45.1535],"palmVelocity":[-90.4867,309.797,-35.4814],"palmWidth":86.0143,"pinchDistance":35.4078,"pinchStrength":0.666275,"r":[[0.804141,0.370712,0.464682],[-0.423578,0.9058,0.0103832],[-0.41706,-0.205179,0.885417]],"s":0.967831,"sphereCenter":[100.547,167.54,-87.3843],"sphereRadius":59.4664,"stabilizedPalmPosition":[73.7,194.167,-43.0791],"t":[7.97579,25.5508,-23.1236],"timeVisible":0.087381,"type":"left","wrist":[79.2716,175.615,22.2375]}],"id":161905,"interactionBox":{"center":[0,200,0],"size":[235.247,235.247,147.751]},"pointables":[{"bases":[[[-0.747198,0.647579,0.149455],[0.60995,0.578888,0.541156],[-0.263924,-0.495511,0.827534]],[[-0.676215,0.736265,-0.0254224],[0.677462,0.635025,0.3712],[-0.289446,-0.233789,0.928205]],[[-0.676215,0.736265,-0.0254224],[0.685178,0.615866,-0.388896],[0.270674,0.280396,0.920931]],[[-0.676215,0.736265,-0.0254224],[0.547223,0.478889,-0.686449],[0.493234,0.478099,0.726733]]],"btipPosition":[95.5238,173.709,-87.6141],"carpPosition":[102.008,182.798,3.12709],"dipPosition":[106.717,184.559,-71.1213],"direction":[-0.270674,-0.280396,-0.920931],"extended":false,"handId":260,"id":2600,"length":50.5373,"mcpPosition":[102.008,182.798,3.12709],"pipPosition":[115.667,193.83,-40.673],"stabilizedTipPosition":[103.129,178.555,-84.2825],"timeVisible":0.087381,"tipPosition":[104.276,180.229,-85.2703],"tipVelocity":[-1533.31,-769.249,148.381],"tool":false,"touchDistance":0.370241,"touchZone":"hovering","type":0,"width":20.3863},{"bases":[[[-0.918416,-0.357379,-0.169683],[-0.389981,0.889965,0.236383],[-0.0665335,-0.283271,0.956729]],[[-0.920601,-0.371186,-0.121304],[-0.381661,0.920977,0.0783405],[-0.0826392,-0.118417,0.989519]],[[-0.920601,-0.371186,-0.121304],[0.0345735,0.23194,-0.972115],[-0.388971,0.899124,0.200691]],[[-0.920601,-0.371186,-0.121304],[0.0345735,0.23194,-0.972115],[-0.388971,0.899124,0.200691]]],"btipPosition":[109.935,187.242,-115.201],"carpPosition":[86.3036,198.579,0.589099],"dipPosition":[103.49,202.139,-111.876],"direction":[0.388971,-0.899124,-0.200691],"extended":false,"handId":260,"id":2601,"length":57.0257,"mcpPosition":[90.9307,218.279,-65.9481],"pipPosition":[94.3735,223.213,-107.172],"stabilizedTipPosition":[104.295,195.097,-108.602],"timeVisible":0.087381,"tipPosition":[105.205,194.691,-109.091],"tipVelocity":[994.856,-1117.28,-1388.36],"tool":false,"touchDistance":0.20045,"touchZone":"hovering","type":1,"width":19.473},{"bases":[[[-0.838932,-0.53881,-0.0766596],[-0.541002,0.810298,0.22524],[0.0592445,-0.230434,0.971283]],[[-0.840602,-0.529439,-0.114384],[-0.537689,0.841134,0.0581671],[-0.0654163,-0.110398,0.991732]],[[-0.840602,-0.529439,-0.114384],[-0.537689,0.841134,0.0581671],[-0.0654163,-0.110398,0.991732]],[[-0.840602,-0.529439,-0.114384],[-0.512966,0.845941,-0.145773],[-0.17394,0.063862,0.982683]]],"btipPosition":[79.2614,218.292,-157.183],"carpPosition":[75.1377,196.053,-1.51713],"dipPosition":[76.0918,219.455,-139.276],"direction":[0.0654163,0.110398,-0.991732],"extended":true,"handId":260,"id":2602,"length":64.9762,"mcpPosition":[71.2304,211.251,-65.576],"pipPosition":[74.2879,216.411,-111.93],"stabilizedTipPosition":[85.5852,180.399,-128.141],"timeVisible":0.087381,"tipPosition":[83.3369,210.532,-150.214],"tipVelocity":[-1147,2189.93,-468.128],"tool":false,"touchDistance":-0.752823,"touchZone":"touching","type":2,"width":19.1251},{"bases":[[[-0.777884,-0.626388,0.0503482],[-0.597393,0.761974,0.250035],[0.194983,-0.16442,0.966927]],[[-0.788782,-0.614561,-0.011736],[-0.612855,0.784839,0.0918517],[0.0472376,-0.0796434,0.995704]],[[-0.788782,-0.614561,-0.011736],[-0.614672,0.78865,0.0144373],[-0.000382983,-0.0186016,0.999827]],[[-0.788782,-0.614561,-0.011736],[-0.59073,0.763196,-0.261859],[-0.169885,0.199617,0.965035]]],"btipPosition":[54.4322,200.765,-147.703],"carpPosition":[64.9364,190.695,-2.96459],"dipPosition":[51.3542,204.382,-130.219],"direction":[0.000382983,0.0186016,-0.999827],"extended":true,"handId":260,"id":2603,"length":62.4764,"mcpPosition":[53.3905,200.431,-60.2208],"pipPosition":[51.3439,203.882,-103.36],"stabilizedTipPosition":[55.9017,198.762,-142.96],"timeVisible":0.087381,"tipPosition":[58.5516,197.627,-142.374],"tipVelocity":[-451.535,513.441,-64.3624],"tool":false,"touchDistance":-0.708785,"touchZone":"touching","type":3,"width":18.1987},{"bases":[[[-0.640617,-0.75844,0.119911],[-0.691521,0.637732,0.339259],[0.333779,-0.134414,0.933019]],[[-0.700595,-0.706527,-0.0999287],[-0.70488,0.707029,-0.057042],[-0.110954,-0.0304744,0.993358]],[[-0.700595,-0.706527,-0.0999287],[-0.456233,0.551208,-0.698585],[-0.548651,0.443835,0.708514]],[[-0.700595,-0.706527,-0.0999287],[-0.104333,0.239966,-0.965159],[-0.70589,0.66576,0.241833]]],"btipPosition":[65.5819,168.14,-106.413],"carpPosition":[57.8689,179.273,-3.73039],"dipPosition":[53.7833,179.267,-102.371],"direction":[0.548651,-0.443835,-0.708514],"extended":false,"handId":260,"id":2604,"length":48.9803,"mcpPosition":[39.5731,186.64,-54.8732],"pipPosition":[43.3774,187.685,-88.9333],"stabilizedTipPosition":[54.5672,167.449,-87.3433],"timeVisible":0.087381,"tipPosition":[58.516,173.459,-96.9861],"tipVelocity":[767.033,53.3879,-1228.56],"tool":false,"touchDistance":-0.148173,"touchZone":"hovering","type":4,"width":16.1655}],"r":[[0.804141,0.370712,0.464682],[-0.423578,0.9058,0.0103832],[-0.41706,-0.205179,0.885417]],"s":0.967831,"t":[7.97579,25.5508,-23.1236],"timestamp":259673123345},{"currentFrameRate":32.9599,"devices":[],"gestures":[],"hands":[{"armBasis":[[-0.787452,-0.536103,0.30416],[-0.386364,0.813802,0.434108],[0.480252,-0.224323,0.84796]],"armWidth":62.9551,"confidence":0.472263,"direction":[-0.166982,0.324384,-0.93107],"elbow":[202.138,121.287,239.182],"grabAngle":0.798922,"grabStrength":0,"id":260,"palmNormal":[0.40015,-0.840764,-0.364686],"palmPosition":[72.4594,200.475,-44.7715],"palmVelocity":[-127.998,206.848,38.22],"palmWidth":86.0143,"pinchDistance":52.7171,"pinchStrength":0.712738,"r":[[0.714223,0.432592,0.550227],[-0.506515,0.861994,-0.0202229],[-0.483041,-0.264255,0.83477]],"s":1.01908,"sphereCenter":[98.2015,166.636,-87.2545],"sphereRadius":61.6303,"stabilizedPalmPosition":[73.127,197.08,-43.8607],"t":[7.76593,30.0463,-25.1256],"timeVisible":0.097376,"type":"left","wrist":[79.5609,178.542,22.7524]}],"id":161906,"interactionBox":{"center":[0,200,0],"size":[235.247,235.247,147.751]},"pointables":[{"bases":[[[-0.753092,0.640876,0.148764],[0.611422,0.598255,0.517934],[-0.242932,-0.481009,0.842386]],[[-0.687157,0.725993,-0.02739],[0.691192,0.664899,0.283131],[-0.223763,-0.175624,0.95869]],[[-0.687157,0.725993,-0.02739],[0.674779,0.623802,-0.394391],[0.269239,0.289491,0.918534]],[[-0.687157,0.725993,-0.02739],[0.474297,0.419729,-0.773867],[0.550325,0.544759,0.632756]]],"btipPosition":[90.9333,172.628,-86.642],"carpPosition":[101.765,186.275,3.32578],"dipPosition":[103.423,184.991,-72.2819],"direction":[-0.269239,-0.289491,-0.918534],"extended":false,"handId":260,"id":2600,"length":50.5373,"mcpPosition":[101.765,186.275,3.32578],"pipPosition":[112.324,194.562,-41.9128],"stabilizedTipPosition":[96.6055,176.397,-83.6224],"timeVisible":0.097376,"tipPosition":[100.889,180.634,-84.7051],"tipVelocity":[-429.464,-73.3856,48.1862],"tool":false,"touchDistance":0.373774,"touchZone":"hovering","type":0,"width":20.3863},{"bases":[[[-0.916353,-0.372845,-0.145889],[-0.397697,0.889695,0.224233],[-0.0461923,-0.263496,0.963554]],[[-0.917257,-0.37972,-0.120214],[-0.388953,0.918956,0.0650792],[-0.0857594,-0.106452,0.990613]],[[-0.917257,-0.37972,-0.120214],[-0.187826,0.678538,-0.710146],[-0.351227,0.628807,0.693716]],[[-0.917257,-0.37972,-0.120214],[-0.187826,0.678538,-0.710146],[-0.351227,0.628807,0.693716]]],"btipPosition":[106.646,199.396,-135.305],"carpPosition":[85.8097,201.792,0.729338],"dipPosition":[100.827,209.814,-123.811],"direction":[0.351227,-0.628807,-0.693716],"extended":false,"handId":260,"id":2601,"length":57.0257,"mcpPosition":[89.0222,220.117,-66.2825],"pipPosition":[92.595,224.552,-107.552],"stabilizedTipPosition":[104.295,195.097,-108.602],"timeVisible":0.097376,"tipPosition":[104.283,199.28,-122.816],"tipVelocity":[-314.63,1112.92,-1823.43],"tool":false,"touchDistance":-0.153302,"touchZone":"hovering","type":1,"width":19.473},{"bases":[[[-0.832855,-0.551188,-0.0504421],[-0.54781,0.807851,0.217441],[0.079101,-0.208729,0.974769]],[[-0.835293,-0.542691,-0.0881548],[-0.549409,0.829976,0.0963833],[-0.02086,-0.128941,0.991433]],[[-0.835293,-0.542691,-0.0881548],[-0.549409,0.829976,0.0963833],[-0.02086,-0.128941,0.991433]],[[-0.835293,-0.542691,-0.0881548],[-0.549409,0.829976,0.0963833],[-0.02086,-0.128941,0.991433]]],"btipPosition":[71.3572,224.775,-157.16],"carpPosition":[74.6439,199.077,-1.12627],"dipPosition":[70.9771,222.426,-139.093],"direction":[0.02086,0.128941,-0.991433],"extended":true,"handId":260,"id":2602,"length":64.9762,"mcpPosition":[69.4269,212.843,-65.4151],"pipPosition":[70.4019,218.87,-111.755],"stabilizedTipPosition":[81.7483,192.148,-134.805],"timeVisible":0.097376,"tipPosition":[77.2695,214.854,-151.106],"tipVelocity":[-726.622,567.831,6.0441],"tool":false,"touchDistance":-0.704968,"touchZone":"touching","type":2,"width":19.1251},{"bases":[[[-0.768455,-0.635217,0.0773059],[-0.603113,0.759341,0.244244],[0.213849,-0.141066,0.966628]],[[-0.78068,-0.62476,0.0146071],[-0.618434,0.775714,0.125726],[0.0898794,-0.0891181,0.991957]],[[-0.78068,-0.62476,0.0146071],[-0.624328,0.78074,0.0256723],[0.0274434,-0.0109222,0.999564]],[[-0.78068,-0.62476,0.0146071],[-0.609826,0.756494,-0.236282],[-0.136569,0.193369,0.971575]]],"btipPosition":[49.6716,202.561,-146.95],"carpPosition":[64.4915,193.557,-2.28008],"dipPosition":[47.1972,206.065,-129.347],"direction":[-0.0274434,0.0109222,-0.999564],"extended":true,"handId":260,"id":2603,"length":62.4764,"mcpPosition":[51.8285,201.91,-59.5186],"pipPosition":[47.9344,205.771,-102.496],"stabilizedTipPosition":[51.4634,201.768,-142.922],"timeVisible":0.097376,"tipPosition":[54.6368,198.297,-141.854],"tipVelocity":[-462.408,177.104,78.0752],"tool":false,"touchDistance":-0.654534,"touchZone":"touching","type":3,"width":18.1987},{"bases":[[[-0.628253,-0.76395,0.147237],[-0.694016,0.635832,0.337728],[0.351625,-0.109994,0.929657]],[[-0.688821,-0.722876,-0.0545539],[-0.688793,0.67609,-0.26166],[-0.226031,0.142661,0.963617]],[[-0.688821,-0.722876,-0.0545539],[-0.323421,0.373789,-0.869299],[-0.648787,0.581147,0.491267]],[[-0.688821,-0.722876,-0.0545539],[-0.215358,0.275906,-0.936748],[-0.692205,0.633503,0.345727]]],"btipPosition":[69.9162,161.556,-101.774],"carpPosition":[57.5652,182.03,-2.6787],"dipPosition":[58.3463,172.145,-95.995],"direction":[0.648787,-0.581147,-0.491267],"extended":false,"handId":260,"id":2604,"length":48.9803,"mcpPosition":[38.2911,188.059,-53.6372],"pipPosition":[46.0413,183.167,-86.6776],"stabilizedTipPosition":[57.3167,166.7,-90.1824],"timeVisible":0.097376,"tipPosition":[61.0178,170.025,-97.698],"tipVelocity":[438.908,-671.049,504.15],"tool":false,"touchDistance":-0.178916,"touchZone":"hovering","type":4,"width":16.1655}],"r":[[0.714223,0.432592,0.550227],[-0.506515,0.861994,-0.0202229],[-0.483041,-0.264255,0.83477]],"s":1.01908,"t":[7.76593,30.0463,-25.1256],"timestamp":259673133340},{"currentFrameRate":36.2299,"devices":[],"gestures":[],"hands":[{"armBasis":[[-0.773939,-0.56536,0.285284],[-0.400298,0.785845,0.47139],[0.490694,-0.250629,0.834509]],"armWidth":62.9551,"confidence":0.512238,"direction":[-0.199563,0.323222,-0.925042],"elbow":[205.496,116.675,235.975],"grabAngle":0.823242,"grabStrength":0,"id":260,"palmNormal":[0.4229,-0.823176,-0.378863],"palmPosition":[71.0273,203.078,-44.1765],"palmVelocity":[-142.943,259.788,59.3861],"palmWidth":86.0143,"pinchDistance":54.2667,"pinchStrength":0.82595,"r":[[0.631452,0.478999,0.609777],[-0.573417,0.817819,-0.0486221],[-0.521977,-0.318954,0.79108]],"s":1.0885,"sphereCenter":[96.5729,177.561,-87.4881],"sphereRadius":59.4046,"stabilizedPalmPosition":[72.0542,200.145,-44.0221],"t":[6.94493,33.5955,-25.8291],"timeVisible":0.107395,"type":"left","wrist":[80.2531,180.644,22.9788]}],"id":161907,"interactionBox":{"center":[0,200,0],"size":[235.247,235.247,147.751]},"pointables":[{"bases":[[[-0.772885,0.6115,0.169459],[0.600136,0.617677,0.508244],[-0.20612,-0.494513,0.844377]],[[-0.711028,0.703008,-0.0147924],[0.68163,0.694267,0.231027],[-0.172684,-0.154184,0.972835]],[[-0.711028,0.703008,-0.0147924],[0.664793,0.665225,-0.339891],[0.229106,0.251506,0.940349]],[[-0.711028,0.703008,-0.0147924],[0.46967,0.459161,-0.754043],[0.523307,0.543093,0.656658]]],"btipPosition":[90.5997,176.342,-88.7277],"carpPosition":[101.902,189.707,3.17116],"dipPosition":[102.476,188.667,-73.8252],"direction":[-0.229106,-0.251506,-0.940349],"extended":false,"handId":260,"id":2600,"length":50.5373,"mcpPosition":[101.902,189.707,3.17116],"pipPosition":[110.051,196.982,-42.7349],"stabilizedTipPosition":[94.3745,178.291,-84.7656],"timeVisible":0.107395,"tipPosition":[98.538,183.87,-84.9096],"tipVelocity":[-47.3768,369.817,-195.729],"tool":false,"touchDistance":0.340315,"touchZone":"hovering","type":0,"width":20.3863},{"bases":[[[-0.904887,-0.40591,-0.128123],[-0.425388,0.872962,0.238711],[-0.0149515,-0.270509,0.962601]],[[-0.904872,-0.414886,-0.0952702],[-0.423515,0.89999,0.103215],[-0.0429199,-0.133745,0.990086]],[[-0.904872,-0.414886,-0.0952702],[-0.390175,0.897839,-0.204079],[-0.170207,0.147493,0.974308]],[[-0.904872,-0.414886,-0.0952702],[-0.390175,0.897839,-0.204079],[-0.170207,0.147493,0.974308]]],"btipPosition":[94.9643,223.117,-146.144],"carpPosition":[85.3271,204.633,1.02731],"dipPosition":[92.1444,225.561,-130.002],"direction":[0.170207,-0.147493,-0.974308],"extended":true,"handId":260,"id":2601,"length":57.0257,"mcpPosition":[86.367,223.446,-65.9183],"pipPosition":[88.155,229.018,-107.166],"stabilizedTipPosition":[99.3795,209.176,-125.265],"timeVisible":0.107395,"tipPosition":[97.1216,215.377,-134.394],"tipVelocity":[-1097.12,2184.54,-975.145],"tool":false,"touchDistance":-0.312855,"touchZone":"hovering","type":1,"width":19.473},{"bases":[[[-0.812722,-0.581556,-0.0356989],[-0.572471,0.785619,0.234689],[0.108439,-0.211174,0.971415]],[[-0.816078,-0.573639,-0.0703888],[-0.577313,0.803448,0.145535],[0.0269306,-0.159404,0.986846]],[[-0.816078,-0.573639,-0.0703888],[-0.577313,0.803448,0.145535],[0.0269306,-0.159404,0.986846]],[[-0.816078,-0.573639,-0.0703888],[-0.577313,0.803448,0.145535],[0.0269306,-0.159404,0.986846]]],"btipPosition":[64.5874,230.193,-155.988],"carpPosition":[74.2314,201.514,-0.599901],"dipPosition":[65.0782,227.288,-138.005],"direction":[-0.0269306,0.159404,-0.986846],"extended":true,"handId":260,"id":2602,"length":64.9762,"mcpPosition":[67.0795,215.442,-64.6674],"pipPosition":[65.8208,222.892,-110.793],"stabilizedTipPosition":[76.1452,204.432,-140.408],"timeVisible":0.107395,"tipPosition":[71.6226,220.031,-150.712],"tipVelocity":[-655.707,527.959,115.065],"tool":false,"touchDistance":-0.645512,"touchZone":"touching","type":2,"width":19.1251},{"bases":[[[-0.742423,-0.663851,0.0900522],[-0.625325,0.73493,0.262386],[0.240367,-0.13849,0.960752]],[[-0.760322,-0.649506,0.00721424],[-0.64027,0.751288,0.160065],[0.109383,-0.117082,0.98708]],[[-0.760322,-0.649506,0.00721424],[-0.648494,0.759676,0.0484539],[0.0369516,-0.0321622,0.998799]],[[-0.760322,-0.649506,0.00721424],[-0.63683,0.743205,-0.205169],[-0.127897,0.160589,0.9787]]],"btipPosition":[46.6202,206.854,-145.785],"carpPosition":[64.268,195.626,-1.56606],"dipPosition":[44.303,209.763,-128.053],"direction":[-0.0369516,0.0321622,-0.998799],"extended":true,"handId":260,"id":2603,"length":62.4764,"mcpPosition":[50.0347,203.827,-58.4566],"pipPosition":[45.2956,208.899,-101.223],"stabilizedTipPosition":[47.7968,205.693,-142.093],"timeVisible":0.107395,"tipPosition":[50.5527,201.577,-140.956],"tipVelocity":[-300.95,414.81,119.213],"tool":false,"touchDistance":-0.599498,"touchZone":"touching","type":3,"width":18.1987},{"bases":[[[-0.596018,-0.787663,0.156044],[-0.709477,0.607588,0.357041],[0.376038,-0.102093,0.920963]],[[-0.649376,-0.760458,0.0037189],[-0.690888,0.58791,-0.420756],[-0.317781,0.275798,0.907166]],[[-0.649376,-0.760458,0.0037189],[-0.141533,0.116052,-0.983107],[-0.747181,0.638933,0.182991]],[[-0.649376,-0.760458,0.0037189],[0.255065,-0.222409,-0.940998],[-0.716416,0.610113,-0.338393]]],"btipPosition":[74.1969,157.675,-81.2886],"carpPosition":[57.7675,183.851,-1.88726],"dipPosition":[62.2224,167.873,-86.9447],"direction":[0.747181,-0.638933,-0.182991],"extended":false,"handId":260,"id":2604,"length":48.9803,"mcpPosition":[37.1552,189.447,-52.3692],"pipPosition":[48.0512,179.991,-83.474],"stabilizedTipPosition":[59.5716,165.634,-88.9704],"timeVisible":0.107395,"tipPosition":[66.263,165.467,-88.8821],"tipVelocity":[417.975,-396.407,1782.13],"tool":false,"touchDistance":0.168669,"touchZone":"touching","type":4,"width":16.1655}],"r":[[0.631452,0.478999,0.609777],[-0.573417,0.817819,-0.0486221],[-0.521977,-0.318954,0.79108]],"s":1.0885,"t":[6.94493,33.5955,-25.8291],"timestamp":259673143359},{"currentFrameRate":39.3387,"devices":[],"gestures":[],"hands":[{"armBasis":[[-0.786052,-0.545459,0.290856],[-0.365757,0.789712,0.49252],[0.498342,-0.280764,0.82026]],"armWidth":62.9551,"confidence":0.550122,"direction":[-0.203296,0.317399,-0.926244],"elbow":[206.895,112.188,231.962]