{"frames":334,"data":[{"currentFrameRate":22.4276,"devices":[],"gestures":[],"hands":[],"id":163572,"interactionBox":{"center":[0,200,0],"size":[235.247,235.247,147.751]},"pointables":[],"r":[[-0.451118,-0.878766,0.155767],[0.630521,-0.437343,-0.641229],[0.631613,-0.191055,0.751374]],"s":-0.0734829,"t":[559.648,-310.26,370.787],"timestamp":259729383089},{"currentFrameRate":23.1485,"devices":[],"gestures":[],"hands":[],"id":163573,"interactionBox":{"center":[0,200,0],"size":[235.247,235.247,147.751]},"pointables":[],"r":[[-0.451118,-0.878766,0.155767],[0.630521,-0.437343,-0.641229],[0.631613,-0.191055,0.751374]],"s":-0.0734829,"t":[559.648,-310.26,370.787],"timestamp":259729420630},{"currentFrameRate":23.6289,"devices":[],"gestures":[],"hands":[],"id":163574,"interactionBox":{"center":[0,200,0],"size":[235.247,235.247,147.751]},"pointables":[],"r":[[-0.451118,-0.878766,0.155767],[0.630521,-0.437343,-0.641229],[0.631613,-0.191055,0.751374]],"s":-0.0734829,"t":[559.648,-310.26,370.787],"timestamp":259729459266},{"currentFrameRate":24.0312,"devices":[],"gestures":[],"hands":[],"id":163575,"interactionBox":{"center":[0,200,0],"size":[235.247,235.247,147.751]},"pointables":[],"r":[[-0.451118,-0.878766,0.155767],[0.630521,-0.437343,-0.641229],[0.631613,-0.191055,0.751374]],"s":-0.0734829,"t":[559.648,-310.26,370.787],"timestamp":259729497844},{"currentFrameRate":24.3575,"devices":[],"gestures":[],"hands":[],"id":163576,"interactionBox":{"center":[0,200,0],"size":[235.247,235.247,147.751]},"pointables":[],"r":[[-0.451118,-0.878766,0.155767],[0.630521,-0.437343,-0.641229],[0.631613,-0.191055,0.751374]],"s":-0.0734829,"t":[559.648,-310.26,370.787],"timestamp":259729536471},{"currentFrameRate":24.6306,"devices":[],"gestures":[],"hands":[],"id":163577,"interactionBox":{"center":[0,200,0],"size":[235.247,235.247,147.751]},"pointables":[],"r":[[-0.451118,-0.878766,0.155767],[0.630521,-0.437343,-0.641229],[0.631613,-0.191055,0.751374]],"s":-0.0734829,"t":[559.648,-310.26,370.787],"timestamp":259729575061},{"currentFrameRate":24.8009,"devices":[],"gestures":[],"hands":[],"id":163578,"interactionBox":{"center":[0,200,0],"size":[235.247,235.247,147.751]},"pointables":[],"r":[[-0.451118,-0.878766,0.155767],[0.630521,-0.437343,-0.641229],[0.631613,-0.191055,0.751374]],"s":-0.0734829,"t":[559.648,-310.26,370.787],"timestamp":259729614139},{"currentFrameRate":24.9943,"devices":[],"gestures":[],"hands":[],"id":163579,"interactionBox":{"center":[0,200,0],"size":[235.247,235.247,147.751]},"pointables":[],"r":[[-0.451118,-0.878766,0.155767],[0.630521,-0.437343,-0.641229],[0.631613,-0.191055,0.751374]],"s":-0.0734829,"t":[559.648,-310.26,370.787],"timestamp":259729652745},{"currentFrameRate":25.1546,"devices":[],"gestures":[],"hands":[],"id":163580,"interactionBox":{"center":[0,200,0],"size":[235.247,235.247,147.751]},"pointables":[],"r":[[-0.451118,-0.878766,0.155767],[0.630521,-0.437343,-0.641229],[0.631613,-0.191055,0.751374]],"s":-0.0734829,"t":[559.648,-310.26,370.787],"timestamp":259729691344},{"currentFrameRate":25.2852,"devices":[],"gestures":[],"hands":[],"id":163581,"interactionBox":{"center":[0,200,0],"size":[235.247,235.247,147.751]},"pointables":[],"r":[[-0.451118,-0.878766,0.155767],[0.630521,-0.437343,-0.641229],[0.631613,-0.191055,0.751374]],"s":-0.0734829,"t":[559.648,-310.26,370.787],"timestamp":259729729956},{"currentFrameRate":25.3784,"devices":[],"gestures":[],"hands":[],"id":163582,"interactionBox":{"center":[0,200,0],"size":[235.247,235.247,147.751]},"pointables":[],"r":[[-0.451118,-0.878766,0.155767],[0.630521,-0.437343,-0.641229],[0.631613,-0.191055,0.751374]],"s":-0.0734829,"t":[559.648,-310.26,370.787],"timestamp":259729768694},{"currentFrameRate":25.4455,"devices":[],"gestures":[],"hands":[],"id":163583,"interactionBox":{"center":[0,200,0],"size":[235.247,235.247,147.751]},"pointables":[],"r":[[-0.451118,-0.878766,0.155767],[0.630521,-0.437343,-0.641229],[0.631613,-0.191055,0.751374]],"s":-0.0734829,"t":[559.648,-310.26,370.787],"timestamp":259729807516},{"currentFrameRate":25.5656,"devices":[],"gestures":[],"hands":[],"id":163584,"interactionBox":{"center":[0,200,0],"size":[235.247,235.247,147.751]},"pointables":[],"r":[[-0.451118,-0.878766,0.155767],[0.630521,-0.437343,-0.641229],[0.631613,-0.191055,0.751374]],"s":-0.0734829,"t":[559.648,-310.26,370.787],"timestamp":259729845779},{"currentFrameRate":25.6343,"devices":[],"gestures":[],"hands":[{"armBasis":[[-0.489944,-0.690091,0.532662],[0.326445,-0.711801,-0.621911],[0.808325,-0.130817,0.574019]],"armWidth":60.2356,"confidence":0,"direction":[-0.193399,0.15331,-0.969068],"elbow":[250.177,79.3309,236.213],"grabAngle":0.360086,"grabStrength":0,"id":262,"palmNormal":[-0.45388,0.861689,0.226904],"palmPosition":[27.4179,130.667,23.5363],"palmVelocity":[1.19209e-7,1.19209e-7,1.19209e-7],"palmWidth":86.0143,"pinchDistance":64.5265,"pinchStrength":0,"r":[[1,1.249e-17,0],[-1.249e-17,1,-5.55112e-18],[-6.93335e-35,5.55112e-18,1]],"s":1,"sphereCenter":[35.1238,127.824,-18.8482],"sphereRadius":51.4587,"stabilizedPalmPosition":[27.4179,130.667,23.5363],"t":[0,0,0],"timeVisible":0,"type":"right","wrist":[43.8638,112.72,89.7031]}],"id":163585,"interactionBox":{"center":[0,200,0],"size":[235.247,235.247,147.751]},"pointables":[{"bases":[[[0.0182098,-0.935451,-0.352987],[0.978485,-0.0558931,0.1986],[-0.20551,-0.349009,0.914308]],[[0.0574577,-0.850698,-0.522505],[0.951595,0.204954,-0.229045],[0.301938,-0.484053,0.821296]],[[0.0574577,-0.850698,-0.522505],[0.772806,0.369235,-0.516175],[0.632036,-0.374137,0.67864]],[[0.0574577,-0.850698,-0.522505],[0.373436,0.50369,-0.779],[0.925875,-0.150362,0.346622]]],"btipPosition":[-2.79415,175.401,7.31549],"carpPosition":[52.3088,137.174,75.6127],"dipPosition":[17.6897,172.074,14.9841],"direction":[-0.632036,0.374137,-0.67864],"extended":false,"handId":262,"id":2620,"length":49.2665,"mcpPosition":[52.3088,137.174,75.6127],"pipPosition":[38.061,160.015,36.8574],"stabilizedTipPosition":[1.91714,174.636,9.07926],"timeVisible":0,"tipPosition":[1.91714,174.636,9.07926],"tipVelocity":[1.19209e-7,1.19209e-7,1.19209e-7],"tool":false,"touchDistance":1,"touchZone":"none","type":0,"width":19.1427},{"bases":[[[-0.880723,-0.187139,0.435093],[0.115746,-0.975819,-0.185417],[0.459271,-0.11294,0.881087]],[[-0.972978,-0.148935,0.176442],[0.0776584,-0.930723,-0.357385],[0.217446,-0.334025,0.917139]],[[-0.972978,-0.148935,0.176442],[0.0776584,-0.930723,-0.357385],[0.217446,-0.334025,0.917139]],[[-0.972978,-0.148935,0.176442],[0.0776584,-0.930723,-0.357385],[0.217446,-0.334025,0.917139]]],"btipPosition":[-20.7158,137.522,-45.1443],"carpPosition":[19.2907,108.548,65.7091],"dipPosition":[-17.1727,132.079,-30.2003],"direction":[-0.217446,0.334025,-0.917139],"extended":true,"handId":262,"id":2624,"length":47.7486,"mcpPosition":[-5.88401,114.738,17.4129],"pipPosition":[-13.1523,125.903,-13.243],"stabilizedTipPosition":[-19.9009,136.27,-41.7072],"timeVisible":0,"tipPosition":[-19.9009,136.27,-41.7072],"tipVelocity":[1.19209e-7,1.19209e-7,1.19209e-7],"tool":false,"touchDistance":0.907725,"touchZone":"hovering","type":4,"width":15.1794},{"bases":[[[-0.889946,-0.451115,-0.0670206],[0.442241,-0.817688,-0.368522],[0.111444,-0.357604,0.9272]],[[-0.764152,-0.558631,0.322496],[0.546165,-0.826352,-0.137283],[0.343186,0.0712308,0.936563]],[[-0.764152,-0.558631,0.322496],[0.195834,-0.677287,-0.709177],[0.61459,-0.478763,0.626948]],[[-0.764152,-0.558631,0.322496],[0.195834,-0.677287,-0.709177],[0.61459,-0.478763,0.626948]]],"btipPosition":[6.45285,159.758,-64.615],"carpPosition":[52.1102,119.109,62.3562],"dipPosition":[16.3793,152.025,-54.489],"direction":[-0.61459,0.478763,-0.626948],"extended":true,"handId":262,"id":2621,"length":55.5917,"mcpPosition":[44.3597,143.979,-2.12737],"pipPosition":[30.4219,141.086,-40.1641],"stabilizedTipPosition":[8.73593,157.98,-62.286],"timeVisible":0,"tipPosition":[8.73593,157.98,-62.286],"tipVelocity":[1.19209e-7,1.19209e-7,1.19209e-7],"tool":false,"touchDistance":0.599043,"touchZone":"hovering","type":1,"width":18.2851},{"bases":[[[-0.928971,-0.349231,0.122676],[0.287758,-0.889836,-0.354102],[0.232825,-0.293649,0.927126]],[[-0.930978,-0.346642,0.114539],[0.321229,-0.926882,-0.194168],[0.173471,-0.143973,0.974258]],[[-0.930978,-0.346642,0.114539],[0.271305,-0.866855,-0.418278],[0.244282,-0.358333,0.901068]],[[-0.930978,-0.346642,0.114539],[0.234791,-0.808758,-0.539243],[0.279559,-0.475131,0.834325]]],"btipPosition":[7.71986,156.798,-84.1064],"carpPosition":[42.5123,112.798,60.4751],"dipPosition":[12.6861,148.357,-69.2852],"direction":[-0.244282,0.358333,-0.901068],"extended":true,"handId":262,"id":2622,"length":63.3423,"mcpPosition":[27.1569,132.165,-0.671484],"pipPosition":[19.2527,138.725,-45.0632],"stabilizedTipPosition":[8.86208,154.857,-80.6976],"timeVisible":0,"tipPosition":[8.86208,154.857,-80.6976],"tipVelocity":[1.19209e-7,1.19209e-7,1.19209e-7],"tool":false,"touchDistance":0.321707,"touchZone":"hovering","type":2,"width":17.9584},{"bases":[[[-0.903615,-0.320558,0.284116],[0.227927,-0.92142,-0.314697],[0.362669,-0.219607,0.905673]],[[-0.968997,-0.246311,0.0193695],[0.218786,-0.891846,-0.395909],[0.114791,-0.379397,0.918085]],[[-0.968997,-0.246311,0.0193695],[0.212784,-0.8718,-0.441234],[0.125567,-0.423433,0.897183]],[[-0.968997,-0.246311,0.0193695],[0.133859,-0.589263,-0.796775],[0.207668,-0.76948,0.603966]]],"btipPosition":[-1.43858,161.94,-65.6954],"carpPosition":[31.8412,108.232,60.8724],"dipPosition":[2.22931,148.349,-55.028],"direction":[-0.125567,0.423433,-0.897183],"extended":true,"handId":262,"id":2623,"length":60.9053,"mcpPosition":[10.3659,121.236,7.24329],"pipPosition":[5.51756,137.261,-31.5333],"stabilizedTipPosition":[-0.594967,158.814,-63.2419],"timeVisible":0,"tipPosition":[-0.594967,158.814,-63.2419],"tipVelocity":[1.19209e-7,1.19209e-7,1.19209e-7],"tool":false,"touchDistance":0.584705,"touchZone":"hovering","type":3,"width":17.0885}],"r":[[1,1.249e-17,0],[-1.249e-17,1,-5.55112e-18],[-6.93335e-35,5.55112e-18,1]],"s":1,"t":[0,0,0],"timestamp":259729884303},{"currentFrameRate":25.6748,"devices":[],"gestures":[],"hands":[{"armBasis":[[0.805776,0.108779,-0.582144],[0.143394,0.9179,0.369996],[0.574598,-0.38161,0.724024]],"armWidth":62.9551,"confidence":0.200907,"direction":[-0.160798,0.365688,-0.916742],"elbow":[222.92,34.8326,265.607],"grabAngle":1.48156,"grabStrength":0,"id":262,"palmNormal":[-0.139168,-0.927949,-0.345749],"palmPosition":[52.7332,155.466,16.8371],"palmVelocity":[654.768,641.409,-173.271],"palmWidth":86.0143,"pinchDistance":62.4648,"pinchStrength":0.678398,"r":[[0.980225,0.124802,0.153569],[-0.111818,0.9896,-0.0904939],[-0.163266,0.0715326,0.983985]],"s":1.06542,"sphereCenter":[47.4894,114.234,-21.4793],"sphereRadius":54.7947,"stabilizedPalmPosition":[51.4995,154.258,17.1635],"t":[12.6576,12.3994,-3.34959],"timeVisible":0.038663,"type":"right","wrist":[76.2626,132.233,80.8101]}],"id":163586,"interactionBox":{"center":[0,200,0],"size":[235.247,235.247,147.751]},"pointables":[{"bases":[[[0.486292,0.872374,0.0498393],[-0.661394,0.33021,0.673439],[0.571033,-0.360451,0.737561]],[[0.251575,0.943526,-0.215568],[-0.866503,0.318796,0.384111],[0.43114,0.0901577,0.897769]],[[0.251575,0.943526,-0.215568],[-0.967836,0.245668,-0.0542268],[0.00179374,0.222276,0.974982]],[[0.251575,0.943526,-0.215568],[-0.887538,0.136078,-0.440181],[-0.385988,0.302063,0.871648]]],"btipPosition":[29.6734,112.894,-25.9485],"carpPosition":[41.3175,131.353,68.4324],"dipPosition":[20.9135,119.749,-6.16688],"direction":[-0.00179374,-0.222276,-0.974982],"extended":false,"handId":262,"id":2620,"length":50.5373,"mcpPosition":[41.3175,131.353,68.4324],"pipPosition":[20.9729,127.098,26.0685],"stabilizedTipPosition":[24.9327,120.842,-18.1713],"timeVisible":0.038663,"tipPosition":[33.1337,117.423,-21.8579],"tipVelocity":[665.79,-1556.14,-788.299],"tool":false,"touchDistance":1,"touchZone":"none","type":0,"width":20.3863},{"bases":[[[0.942934,-0.308561,-0.125166],[0.327546,0.927159,0.181909],[0.0599193,-0.212526,0.975317]],[[0.938314,-0.296616,-0.177726],[0.137187,0.791127,-0.596068],[0.317407,0.534917,0.783017]],[[0.938314,-0.296616,-0.177726],[0.137187,0.791127,-0.596068],[0.317407,0.534917,0.783017]],[[0.938314,-0.296616,-0.177726],[-0.220901,-0.118771,-0.968037],[0.266027,0.947582,-0.176967]]],"btipPosition":[40.7718,109.711,-53.2401],"carpPosition":[71.4181,151.84,56.2654],"dipPosition":[45.5916,126.879,-56.4464],"direction":[-0.317407,-0.534917,-0.783017],"extended":true,"handId":262,"id":2623,"length":62.4764,"mcpPosition":[67.87,164.424,-1.48759],"pipPosition":[54.118,141.249,-35.4125],"stabilizedTipPosition":[39.9718,115.689,-54.3939],"timeVisible":0.038663,"tipPosition":[41.633,117.055,-55.204],"tipVelocity":[1098.6,-1167.9,239.616],"tool":false,"touchDistance":0.698532,"touchZone":"hovering","type":3,"width":18.1987},{"bases":[[[0.876362,-0.480008,-0.0397674],[0.474217,0.845436,0.245674],[-0.0843046,-0.234158,0.968536]],[[0.880402,-0.454344,-0.135884],[0.29873,0.753875,-0.585177],[0.368311,0.474599,0.799439]],[[0.880402,-0.454344,-0.135884],[-0.227303,-0.152815,-0.961759],[0.416204,0.877622,-0.237812]],[[0.880402,-0.454344,-0.135884],[-0.366116,-0.469073,-0.803697],[0.301415,0.757326,-0.579315]]],"btipPosition":[60.8279,110.925,-12.7054],"carpPosition":[81.7672,143.666,53.602],"dipPosition":[65.8659,123.583,-22.3884],"direction":[-0.416204,-0.877622,0.237812],"extended":false,"handId":262,"id":2624,"length":48.9803,"mcpPosition":[86.3883,156.501,0.512304],"pipPosition":[73.7597,140.228,-26.8988],"stabilizedTipPosition":[56.4276,115.359,-16.7501],"timeVisible":0.038663,"tipPosition":[62.3681,116.252,-16.9276],"tipVelocity":[2117.98,-580.247,692.516],"tool":false,"touchDistance":0.333333,"touchZone":"none","type":4,"width":16.1655},{"bases":[[[0.936257,-0.00956395,-0.351187],[0.0897774,0.972952,0.212848],[0.339652,-0.230809,0.911791]],[[0.978904,-0.0468179,-0.198883],[0.0669518,0.993152,0.0957451],[0.193038,-0.107041,0.975335]],[[0.978904,-0.0468179,-0.198883],[0.00881354,0.982163,-0.187825],[0.204129,0.18211,0.961856]],[[0.978904,-0.0468179,-0.198883],[-0.0301594,0.929621,-0.367282],[0.202081,0.365532,0.908598]]],"btipPosition":[9.91706,161.842,-77.6183],"carpPosition":[49.7133,151.655,64.0244],"dipPosition":[13.2651,167.898,-62.5647],"direction":[-0.204129,-0.18211,-0.961856],"extended":true,"handId":262,"id":2621,"length":57.0257,"mcpPosition":[26.0916,167.707,0.612469],"pipPosition":[18.0495,172.167,-40.0207],"stabilizedTipPosition":[8.80947,158.178,-62.7334],"timeVisible":0.038663,"tipPosition":[15.7363,166.742,-73.0916],"tipVelocity":[50.4665,135.93,-307.01],"tool":false,"touchDistance":0.394423,"touchZone":"hovering","type":1,"width":19.473},{"bases":[[[0.944422,-0.206383,-0.255877],[0.254205,0.952025,0.170378],[0.208438,-0.225954,0.951577]],[[0.943222,-0.205095,-0.261284],[0.220791,0.9748,0.0318772],[0.248162,-0.0877564,0.964736]],[[0.943222,-0.205095,-0.261284],[0.114631,0.939271,-0.323466],[0.311757,0.275149,0.909451]],[[0.943222,-0.205095,-0.261284],[-0.0226314,0.745102,-0.666566],[0.331392,0.634633,0.698155]]],"btipPosition":[20.4677,153.091,-85.8357],"carpPosition":[60.4493,153.239,59.8154],"dipPosition":[26.5066,164.656,-73.1135],"direction":[-0.311757,-0.275149,-0.909451],"extended":true,"handId":262,"id":2622,"length":64.9762,"mcpPosition":[46.7023,168.142,-2.94382],"pipPosition":[35.1032,172.243,-48.0355],"stabilizedTipPosition":[16.8999,155.41,-82.0658],"timeVisible":0.038663,"tipPosition":[22.9937,161.255,-82.965],"tipVelocity":[336.098,23.1423,-57.2126],"tool":false,"touchDistance":0.296091,"touchZone":"hovering","type":2,"width":19.1251}],"r":[[0.980225,0.124802,0.153569],[-0.111818,0.9896,-0.0904939],[-0.163266,0.0715326,0.983985]],"s":1.06542,"t":[12.6576,12.3994,-3.34959],"timestamp":259729922966},{"currentFrameRate":26.7585,"devices":[],"gestures":[],"hands":[{"armBasis":[[0.815825,-0.104287,-0.568818],[0.276033,0.934548,0.224558],[0.508169,-0.340213,0.791214]],"armWidth":62.9551,"confidence":0.346106,"direction":[-0.113406,0.519986,-0.846613],"elbow":[201.929,45.996,278.201],"grabAngle":2.0057,"grabStrength":0,"id":262,"palmNormal":[-0.317337,-0.826434,-0.465085],"palmPosition":[51.8534,166.555,15.8676],"palmVelocity":[-29.4567,371.287,-32.4606],"palmWidth":86.0143,"pinchDistance":62.5518,"pinchStrength":0.767776,"r":[[0.946483,0.193691,0.258176],[-0.159487,0.976101,-0.147614],[-0.280597,0.0985387,0.954754]],"s":1.16182,"sphereCenter":[26.7761,140.672,-20.3255],"sphereRadius":49.3415,"stabilizedPalmPosition":[51.8414,166.136,15.9117],"t":[18.5466,24.1435,-5.50912],"timeVisible":0.068529,"type":"right","wrist":[72.2261,132.83,76.2555]}],"id":163587,"interactionBox":{"center":[0,200,0],"size":[235.247,235.247,147.751]},"pointables":[{"bases":[[[0.9091,-0.125546,-0.397208],[0.273792,0.898709,0.342579],[0.313965,-0.420192,0.85139]],[[0.939442,-0.173556,-0.295511],[0.232459,0.9563,0.177353],[0.251817,-0.235307,0.938733]],[[0.939442,-0.173556,-0.295511],[0.120098,0.974326,-0.190433],[0.320975,0.143411,0.936167]],[[0.939442,-0.173556,-0.295511],[0.0517296,0.924217,-0.378348],[0.338781,0.34015,0.877226]]],"btipPosition":[3.91194,186.448,-72.6523],"carpPosition":[49.3739,156.419,62.1429],"dipPosition":[9.52484,192.084,-58.1185],"direction":[-0.320975,-0.143411,-0.936167],"extended":true,"handId":262,"id":2621,"length":57.0257,"mcpPosition":[27.5387,185.642,2.93167],"pipPosition":[17.0479,195.445,-36.1766],"stabilizedTipPosition":[6.47536,177.313,-66.9894],"timeVisible":0.068529,"tipPosition":[11.1428,193.442,-69.4432],"tipVelocity":[-183.627,820.639,162.272],"tool":false,"touchDistance":0.46101,"touchZone":"hovering","type":1,"width":19.473},{"bases":[[[0.883076,-0.332518,-0.331073],[0.430372,0.855102,0.289103],[0.186969,-0.397785,0.898226]],[[0.892382,-0.354885,-0.278769],[0.353998,0.933608,-0.0553216],[0.279894,-0.0493157,0.958764]],[[0.892382,-0.354885,-0.278769],[0.353998,0.933608,-0.0553216],[0.279894,-0.0493157,0.958764]],[[0.892382,-0.354885,-0.278769],[0.151411,0.817371,-0.55586],[0.425123,0.45383,0.78314]]],"btipPosition":[19.2295,178.283,-87.1154],"carpPosition":[60.1077,156.654,57.6463],"dipPosition":[26.9763,186.553,-72.8445],"direction":[-0.279894,0.0493157,-0.958764],"extended":true,"handId":262,"id":2622,"length":64.9762,"mcpPosition":[47.7766,182.889,-1.59422],"pipPosition":[34.6944,185.194,-46.4068],"stabilizedTipPosition":[20.8811,179.401,-83.7771],"timeVisible":0.068529,"tipPosition":[21.1209,187.712,-81.7249],"tipVelocity":[-28.3064,818.129,-30.9221],"tool":false,"touchDistance":0.318492,"touchZone":"hovering","type":2,"width":19.1251},{"bases":[[[0.640566,0.753766,0.146669],[-0.571544,0.34043,0.746622],[0.512848,-0.562088,0.648878]],[[0.440045,0.895141,-0.0712926],[-0.841693,0.438827,0.314616],[0.312911,-0.0784387,0.946538]],[[0.440045,0.895141,-0.0712926],[-0.896128,0.432661,-0.0987883],[-0.0575839,0.107359,0.992551]],[[0.440045,0.895141,-0.0712926],[-0.819519,0.367875,-0.439383],[-0.367083,0.251774,0.895466]]],"btipPosition":[32.946,131.967,-33.7209],"carpPosition":[37.477,137.529,64.0827],"dipPosition":[24.6153,137.681,-13.3988],"direction":[0.0575839,-0.107359,-0.992551],"extended":false,"handId":262,"id":2620,"length":50.5373,"mcpPosition":[37.477,137.529,64.0827],"pipPosition":[22.7114,141.231,19.4175],"stabilizedTipPosition":[30.3379,131.87,-27.8124],"timeVisible":0.068529,"tipPosition":[28.0355,135.837,-27.9679],"tipVelocity":[112.883,629.84,-256.08],"tool":false,"touchDistance":0.889472,"touchZone":"hovering","type":0,"width":20.3863},{"bases":[[[0.865992,-0.450939,-0.216129],[0.498105,0.816044,0.293197],[0.0441563,-0.361561,0.931302]],[[0.867081,-0.471809,-0.159895],[0.196625,0.619036,-0.76035],[0.457721,0.627846,0.629524]],[[0.867081,-0.471809,-0.159895],[-0.391115,-0.445942,-0.805087],[0.308543,0.760613,-0.571199]],[[0.867081,-0.471809,-0.159895],[-0.497814,-0.808557,-0.313714],[0.0187285,0.351614,-0.935958]]],"btipPosition":[39.4607,121.252,3.24994],"carpPosition":[70.5341,153.847,53.3698],"dipPosition":[39.8,127.623,-13.7076],"direction":[-0.308543,-0.760613,0.571199],"extended":false,"handId":262,"id":2623,"length":62.4764,"mcpPosition":[67.9194,175.257,-1.7769],"pipPosition":[48.0883,148.055,-29.0516],"stabilizedTipPosition":[39.7652,119.041,-28.7604],"timeVisible":0.068529,"tipPosition":[38.9664,124.171,-5.17755],"tipVelocity":[-78.4052,303.276,1785.55],"tool":false,"touchDistance":0.333333,"touchZone":"none","type":3,"width":18.1987},{"bases":[[[0.770997,-0.618349,-0.152342],[0.628665,0.700802,0.337131],[-0.101703,-0.355699,0.92905]],[[0.758799,-0.647706,-0.06857],[0.379729,0.525463,-0.761377],[0.52918,0.551694,0.644673]],[[0.758799,-0.647706,-0.06857],[-0.422454,-0.409298,-0.808707],[0.495739,0.642614,-0.584201]],[[0.758799,-0.647706,-0.06857],[-0.638328,-0.718597,-0.275962],[0.129468,0.253169,-0.95872]]],"btipPosition":[54.9835,128.594,3.12439],"carpPosition":[79.1194,144.432,49.0495],"dipPosition":[57.1475,132.825,-12.9002],"direction":[-0.495739,-0.642614,0.584201],"extended":false,"handId":262,"id":2624,"length":48.9803,"mcpPosition":[84.6942,163.93,-1.87579],"pipPosition":[66.5498,145.013,-23.9802],"stabilizedTipPosition":[55.6829,126.54,-4.01055],"timeVisible":0.068529,"tipPosition":[54.7754,130.22,-7.67258],"tipVelocity":[-217.82,526.721,481.189],"tool":false,"touchDistance":0.333333,"touchZone":"none","type":4,"width":16.1655}],"r":[[0.946483,0.193691,0.258176],[-0.159487,0.976101,-0.147614],[-0.280597,0.0985387,0.954754]],"s":1.16182,"t":[18.5466,24.1435,-5.50912],"timestamp":259729952832},{"currentFrameRate":30.3144,"devices":[],"gestures":[],"hands":[{"armBasis":[[0.83437,-0.0971248,-0.542581],[0.252065,0.942631,0.218884],[0.490195,-0.319396,0.810984]],"armWidth":62.9551,"confidence":0.392322,"direction":[-0.146164,0.521564,-0.840599],"elbow":[195.919,51.9436,282.035],"grabAngle":1.67772,"grabStrength":0,"id":262,"palmNormal":[-0.302968,-0.832495,-0.463856],"palmPosition":[48.6891,166.799,15.045],"palmVelocity":[-311.421,24.0181,-80.9557],"palmWidth":86.0143,"pinchDistance":61.9315,"pinchStrength":1,"r":[[0.907802,0.255624,0.332493],[-0.198928,0.960374,-0.195214],[-0.369219,0.111074,0.922681]],"s":1.20916,"sphereCenter":[19.238,138.108,-20.6988],"sphereRadius":51.2347,"stabilizedPalmPosition":[49.6149,166.604,15.2996],"t":[19.9089,30.1376,-7.00018],"timeVisible":0.07869,"type":"right","wrist":[70.8045,133.465,75.0436]}],"id":163588,"interactionBox":{"center":[0,200,0],"size":[235.247,235.247,147.751]},"pointables":[{"bases":[[[0.885189,-0.304687,-0.351578],[0.411405,0.8655,0.285755],[0.217225,-0.397588,0.89148]],[[0.89292,-0.319819,-0.316875],[0.333387,0.942713,-0.0120237],[0.302568,-0.0949058,0.948391]],[[0.89292,-0.319819,-0.316875],[0.25816,0.940341,-0.221612],[0.368846,0.116077,0.922214]],[[0.89292,-0.319819,-0.316875],[0.161427,0.884463,-0.437798],[0.42028,0.339767,0.841382]]],"btipPosition":[11.8038,178.156,-87.3092],"carpPosition":[58.1019,156.89,56.5763],"dipPosition":[19.4624,184.347,-71.977],"direction":[-0.368846,-0.116077,-0.922214],"extended":true,"handId":262,"id":2622,"length":64.9762,"mcpPosition":[43.7753,183.112,-2.21938],"pipPosition":[29.6333,187.548,-46.5472],"stabilizedTipPosition":[15.5421,179.532,-83.7813],"timeVisible":0.07869,"tipPosition":[15.118,186.735,-81.9734],"tipVelocity":[-732.799,-59.6149,4.94848],"tool":false,"touchDistance":0.328225,"touchZone":"hovering","type":2,"width":19.1251},{"bases":[[[0.78521,-0.59473,-0.172455],[0.615048,0.716746,0.32862],[-0.0718338,-0.364104,0.928584]],[[0.76955,-0.636455,-0.0521395],[0.384801,0.527328,-0.757531],[0.509629,0.562895,0.650713]],[[0.76955,-0.636455,-0.0521395],[-0.3304,-0.326959,-0.8854],[0.54647,0.698586,-0.461896]],[[0.76955,-0.636455,-0.0521395],[-0.578459,-0.660176,-0.479117],[0.270515,0.398865,-0.876201]]],"btipPosition":[48.8523,126.021,-2.30086],"carpPosition":[77.2748,145.279,47.5047],"dipPosition":[53.3738,132.687,-16.9462],"direction":[-0.54647,-0.698586,0.461896],"extended":false,"handId":262,"id":2624,"length":48.9803,"mcpPosition":[81.2124,165.237,-3.395],"pipPosition":[63.7383,145.937,-25.7066],"stabilizedTipPosition":[53.4617,126.929,-4.64682],"timeVisible":0.07869,"tipPosition":[51.5443,129.844,-7.9368],"tipVelocity":[-550.044,-198.136,-502.708],"tool":false,"touchDistance":0.333333,"touchZone":"none","type":4,"width":16.1655},{"bases":[[[0.621409,0.771182,0.138307],[-0.565361,0.319151,0.760598],[0.542419,-0.550836,0.63432]],[[0.43334,0.89953,-0.0553415],[-0.849334,0.428153,0.308735],[0.301411,-0.0867838,0.949537]],[[0.43334,0.89953,-0.0553415],[-0.894488,0.421789,-0.148276],[-0.110036,0.113756,0.987396]],[[0.43334,0.89953,-0.0553415],[-0.790432,0.349849,-0.502815],[-0.432936,0.261634,0.862621]]],"btipPosition":[35.415,131.474,-33.6742],"carpPosition":[36.1746,137.077,63.3551],"dipPosition":[25.5897,137.411,-14.0974],"direction":[0.110036,-0.113756,-0.987396],"extended":false,"handId":262,"id":2620,"length":50.5373,"mcpPosition":[36.1746,137.077,63.3551],"pipPosition":[21.9516,141.173,18.5484],"stabilizedTipPosition":[31.9615,132.429,-28.5957],"timeVisible":0.07869,"tipPosition":[27.0234,134.928,-28.6667],"tipVelocity":[209.153,-43.5168,-12.2725],"tool":false,"touchDistance":0.831988,"touchZone":"hovering","type":0,"width":20.3863},{"bases":[[[0.903815,-0.0966507,-0.416866],[0.254786,0.90421,0.342766],[0.343805,-0.416008,0.841864]],[[0.933659,-0.137757,-0.330611],[0.193428,0.970823,0.141731],[0.30144,-0.196278,0.933064]],[[0.933659,-0.137757,-0.330611],[0.0850035,0.981928,-0.169092],[0.347929,0.129771,0.928496]],[[0.933659,-0.137757,-0.330611],[-0.00898643,0.913773,-0.406125],[0.35805,0.382154,0.851915]]],"btipPosition":[-3.07946,184.052,-72.0038],"carpPosition":[47.4762,156.316,61.2936],"dipPosition":[2.85269,190.384,-57.8894],"direction":[-0.347929,-0.129771,-0.928496],"extended":true,"handId":262,"id":2621,"length":57.0257,"mcpPosition":[23.5657,185.248,2.74486],"pipPosition":[11.0075,193.425,-36.1272],"stabilizedTipPosition":[3.51042,180.28,-67.6294],"timeVisible":0.07869,"tipPosition":[4.5383,192.065,-69.1618],"tipVelocity":[-680.835,-220.036,54.3288],"tool":false,"touchDistance":0.456523,"touchZone":"hovering","type":1,"width":19.473},{"bases":[[[0.873958,-0.424246,-0.237092],[0.480312,0.828404,0.288179],[0.0741494,-0.365734,0.927761]],[[0.877095,-0.452864,-0.160058],[0.271319,0.742108,-0.612913],[0.396346,0.494156,0.77377]],[[0.877095,-0.452864,-0.160058],[-0.117918,0.120014,-0.985744],[0.465617,0.883465,0.051863]],[[0.877095,-0.452864,-0.160058],[-0.2574,-0.161824,-0.952659],[0.405523,0.876771,-0.258502]]],"btipPosition":[27.0954,115.044,-33.1058],"carpPosition":[68.5131,154.414,52.0652],"dipPosition":[34.4426,130.929,-37.7893],"direction":[-0.465617,-0.883465,-0.051863],"extended":false,"handId":262,"id":2623,"length":62.4764,"mcpPosition":[64.1224,176.071,-2.87185],"pipPosition":[46.9503,154.661,-36.3961],"stabilizedTipPosition":[38.1597,118.991,-29.5533],"timeVisible":0.07869,"tipPosition":[31.1571,120.364,-25.6272],"tipVelocity":[-1058.3,-395.659,-3300.13],"tool":false,"touchDistance":-0.275544,"touchZone":"touching","type":3,"width":18.1987}],"r":[[0.907802,0.255624,0.332493],[-0.198928,0.960374,-0.195214],[-0.369219,0.111074,0.922681]],"s":1.20916,"t":[19.9089,30.1376,-7.00018],"timestamp":259729962993},{"currentFrameRate":33.6982,"devices":[],"gestures":[],"hands":[{"armBasis":[[0.838373,-0.0986861,-0.53609],[0.250798,0.943031,0.218617],[0.483974,-0.317733,0.815362]],"armWidth":62.9551,"confidence":0.43648,"direction":[-0.163841,0.516152,-0.84068],"elbow":[193.65,54.6066,283.354],"grabAngle":1.63665,"grabStrength":0,"id":262,"palmNormal":[-0.304323,-0.837077,-0.45463],"palmPosition":[47.0197,168.609,15.3775],"palmVelocity":[-164.891,178.798,32.8455],"palmWidth":86.0143,"pinchDistance":62.1118,"pinchStrength":1,"r":[[0.870593,0.307146,0.384356],[-0.229009,0.944393,-0.235959],[-0.435457,0.117404,0.892521]],"s":1.23097,"sphereCenter":[18.57,137.485,-20.795],"sphereRadius":51.8234,"stabilizedPalmPosition":[47.7015,168.082,15.3571],"t":[19.7554,34.0397,-7.57945],"timeVisible":0.088814,"type":"right","wrist":[70.1228,135.703,75.2449]}],"id":163589,"interactionBox":{"center":[0,200,0],"size":[235.247,235.247,147.751]},"pointables":[{"bases":[[[0.881544,-0.299944,-0.364573],[0.409571,0.869968,0.274605],[0.234801,-0.391395,0.889763]],[[0.891571,-0.31794,-0.322514],[0.329106,0.944062,-0.0208796],[0.311112,-0.0875257,0.946334]],[[0.891571,-0.31794,-0.322514],[0.227339,0.930113,-0.288456],[0.391686,0.183858,0.901542]],[[0.891571,-0.31794,-0.322514],[0.142391,0.87282,-0.466809],[0.429914,0.37027,0.823452]]],"btipPosition":[8.52514,177.071,-85.982],"carpPosition":[57.1871,158.983,56.7973],"dipPosition":[16.3593,183.818,-70.9766],"direction":[-0.391686,-0.183858,-0.901542],"extended":true,"handId":262,"id":2622,"length":64.9762,"mcpPosition":[41.7014,184.797,-1.88509],"pipPosition":[27.16,188.888,-46.1167],"stabilizedTipPosition":[11.7301,178.867,-82.8672],"timeVisible":0.088814,"tipPosition":[11.5456,186.698,-81.3365],"tipVelocity":[-319.862,-94.5634,123.669],"tool":false,"touchDistance":0.347516,"touchZone":"hovering","type":2,"width":19.1251},{"bases":[[[0.78669,-0.589795,-0.182378],[0.614996,0.722943,0.314856],[-0.0538517,-0.359856,0.931453]],[[0.774241,-0.629295,-0.0673658],[0.37547,0.542404,-0.751545],[0.509483,0.556583,0.656233]],[[0.774241,-0.629295,-0.0673658],[-0.314074,-0.289627,-0.904143],[0.549462,0.721182,-0.421886]],[[0.774241,-0.629295,-0.0673658],[-0.55992,-0.631464,-0.536416],[0.295025,0.453035,-0.841261]]],"btipPosition":[46.425,126.859,-4.02531],"carpPosition":[76.2946,147.468,47.4696],"dipPosition":[51.3562,134.431,-18.0866],"direction":[-0.549462,-0.721182,0.421886],"extended":false,"handId":262,"id":2624,"length":48.9803,"mcpPosition":[79.2465,167.193,-3.58735],"pipPosition":[61.7774,148.109,-26.0882],"stabilizedTipPosition":[51.1679,127.578,-5.6621],"timeVisible":0.088814,"tipPosition":[49.4794,131.166,-7.43584],"tipVelocity":[-230.45,103.354,-157.066],"tool":false,"touchDistance":0.333333,"touchZone":"none","type":4,"width":16.1655},{"bases":[[[0.617823,0.776448,0.124195],[-0.555158,0.318867,0.768195],[0.556861,-0.543556,0.628055]],[[0.433765,0.899046,-0.0597091],[-0.847976,0.429731,0.310271],[0.304607,-0.0839528,0.948771]],[[0.433765,0.899046,-0.0597091],[-0.891661,0.418782,-0.171938],[-0.129575,0.127821,0.983297]],[[0.433765,0.899046,-0.0597091],[-0.772375,0.336888,-0.538465],[-0.463989,0.279685,0.84053]]],"btipPosition":[35.9629,132.432,-32.3209],"carpPosition":[35.5226,139.044,64.0353],"dipPosition":[25.4329,138.78,-13.2455],"direction":[0.129575,-0.127821,-0.983297],"extended":false,"handId":262,"id":2620,"length":50.5373,"mcpPosition":[35.5226,139.044,64.0353],"pipPosition":[21.1489,143.006,19.2648],"stabilizedTipPosition":[32.7439,133.154,-28.2677],"timeVisible":0.088814,"tipPosition":[26.1597,135.991,-27.8295],"tipVelocity":[38.1166,103.987,122.28],"tool":false,"touchDistance":0.800692,"touchZone":"hovering","type":0,"width":20.3863},{"bases":[[[0.897542,-0.0921137,-0.431199],[0.253625,0.907813,0.333992],[0.360683,-0.409135,0.838162]],[[0.929839,-0.133646,-0.342837],[0.185503,0.974905,0.123077],[0.317785,-0.178039,0.931297]],[[0.929839,-0.133646,-0.342837],[0.0819837,0.983535,-0.16105],[0.358716,0.121644,0.925487]],[[0.929839,-0.133646,-0.342837],[-0.0179332,0.914144,-0.404994],[0.367528,0.382727,0.84761]]],"btipPosition":[-6.17528,185.034,-71.1328],"carpPosition":[46.6449,158.355,61.6917],"dipPosition":[-0.086103,191.375,-57.0897],"direction":[-0.358716,-0.121644,-0.925487],"extended":true,"handId":262,"id":2621,"length":57.0257,"mcpPosition":[21.5606,186.809,3.40043],"pipPosition":[8.32151,194.226,-35.3981],"stabilizedTipPosition":[0.109011,182.83,-67.7417],"timeVisible":0.088814,"tipPosition":[1.20229,193.005,-68.2112],"tipVelocity":[-302.223,97.2127,84.4153],"tool":false,"touchDistance":0.457023,"touchZone":"hovering","type":1,"width":19.473},{"bases":[[[0.873088,-0.418994,-0.24932],[0.478783,0.833395,0.27608],[0.0921064,-0.360413,0.928234]],[[0.876651,-0.436838,-0.201633],[0.311938,0.835121,-0.453065],[0.366304,0.334283,0.868376]],[[0.876651,-0.436838,-0.201633],[-0.159624,0.131274,-0.978411],[0.453876,0.88991,0.0453519]],[[0.876651,-0.436838,-0.201633],[-0.255664,-0.0679384,-0.964376],[0.407578,0.896971,-0.171242]]],"btipPosition":[26.6398,123.263,-38.576],"carpPosition":[67.541,156.561,52.1279],"dipPosition":[34.0242,139.514,-41.6786],"direction":[-0.453876,-0.88991,-0.0453519],"extended":false,"handId":262,"id":2623,"length":62.4764,"mcpPosition":[62.087,177.903,-2.83718],"pipPosition":[46.2166,163.42,-40.4603],"stabilizedTipPosition":[36.4787,120.362,-31.2197],"timeVisible":0.088814,"tipPosition":[28.8506,123.817,-30.3355],"tipVelocity":[-44.1592,820.183,-504.411],"tool":false,"touchDistance":-0.352923,"touchZone":"touching","type":3,"width":18.1987}],"r":[[0.870593,0.307146,0.384356],[-0.229009,0.944393,-0.235959],[-0.435457,0.117404,0.892521]],"s":1.23097,"t":[19.7554,34.0397,-7.57945],"timestamp":259729973117},{"currentFrameRate":36.9679,"devices":[],"gestures":[],"hands":[{"armBasis":[[0.842855,-0.0813064,-0.531964],[0.241048,0.940848,0.23812],[0.481136,-0.328929,0.812597]],"armWidth":62.9551,"confidence":0.47736,"direction":[-0.174641,0.524591,-0.833249],"elbow":[192.501,54.3875,282.963],"grabAngle":1.59245,"grabStrength":0,"id":262,"palmNormal":[-0.294837,-0.835286,-0.464078],"palmPosition":[46.0004,171.758,16.2065],"palmVelocity":[-103.897,320.97,84.4886],"palmWidth":86.0143,"pinchDistance":62.2547,"pinchStrength":1,"r":[[0.836064,0.349601,0.422821],[-0.253601,0.929667,-0.267218],[-0.486502,0.116184,0.86592]],"s":1.23348,"sphereCenter":[19.0562,139.312,-21.2521],"sphereRadius":52.3916,"stabilizedPalmPosition":[46.4365,170.816,15.9887],"t":[19.1689,37.5653,-7.45462],"timeVisible":0.098625,"type":"right","wrist":[69.6979,138.342,75.5598]}],"id":163590,"interactionBox":{"center":[0,200,0],"size":[235.247,235.247,147.751]},"pointables":[{"bases":[[[0.883943,-0.283077,-0.372173],[0.398822,0.871929,0.284044],[0.244102,-0.399509,0.883633]],[[0.895875,-0.304316,-0.323727],[0.316911,0.948345,-0.0144688],[0.311408,-0.0896304,0.94604]],[[0.895875,-0.304316,-0.323727],[0.200863,0.927307,-0.315842],[0.39631,0.217931,0.891877]],[[0.895875,-0.304316,-0.323727],[0.108879,0.856764,-0.504084],[0.430759,0.416349,0.800687]]],"btipPosition":[7.05092,178.684,-84.225],"carpPosition":[56.483,161.742,57.4549],"dipPosition":[14.9005,186.271,-69.6344],"direction":[-0.39631,-0.217931,-0.891877],"extended":true,"handId":262,"id":2622,"length":64.9762,"mcpPosition":[40.3838,188.091,-0.823195],"pipPosition":[25.8286,192.281,-45.0411],"stabilizedTipPosition":[9.81362,179.909,-81.5348],"timeVisible":0.098625,"tipPosition":[9.72636,189.316,-80.209],"tipVelocity":[-149.902,184.153,169.359],"tool":false,"touchDistance":0.371022,"touchZone":"hovering","type":2,"width":19.1251},{"bases":[[[0.793883,-0.57652,-0.193325],[0.60642,0.727242,0.321519],[-0.0447679,-0.372484,0.926958]],[[0.784432,-0.613312,-0.0922794],[0.378348,0.591094,-0.712363],[0.491446,0.523887,0.695718]],[[0.784432,-0.613312,-0.0922794],[-0.281053,-0.218879,-0.934399],[0.55288,0.758908,-0.344068]],[[0.784432,-0.613312,-0.0922794],[-0.52446,-0.576518,-0.626553],[0.331072,0.539885,-0.773896]]],"btipPosition":[45.2885,129.649,-7.30631],"carpPosition":[75.7049,150.612,47.898],"dipPosition":[50.8222,138.673,-20.2416],"direction":[-0.55288,-0.758908,0.344068],"extended":false,"handId":262,"id":2624,"length":48.9803,"mcpPosition":[78.1589,171.029,-2.91262],"pipPosition":[61.3082,153.066,-26.7673],"stabilizedTipPosition":[49.5473,129.037,-7.28715],"timeVisible":0.098625,"tipPosition":[48.4477,134.112,-7.6822],"tipVelocity":[-101.718,318.428,-308.024],"tool":false,"touchDistance":0.333333,"touchZone":"none","type":4,"width":16.1655},{"bases":[[[0.607665,0.783222,0.131552],[-0.556055,0.301312,0.774606],[0.567051,-0.543851,0.618611]],[[0.429247,0.902173,-0.042796],[-0.852375,0.420312,0.311117],[0.298669,-0.0970678,0.949408]],[[0.429247,0.902173,-0.042796],[-0.889735,0.414231,-0.191794],[-0.155304,0.120404,0.980502]],[[0.429247,0.902173,-0.042796],[-0.754246,0.331993,-0.566474],[-0.496849,0.275436,0.822968]]],"btipPosition":[37.4433,135.765,-31.3675],"carpPosition":[35.1263,141.416,64.5278],"dipPosition":[26.1675,142.015,-12.6907],"direction":[0.155304,-0.120404,-0.980502],"extended":false,"handId":262,"id":2620,"length":50.5373,"mcpPosition":[35.1263,141.416,64.5278],"pipPosition":[21.0328,145.996,19.7272],"stabilizedTipPosition":[33.8512,135.282,-27.6389],"timeVisible":0.098625,"tipPosition":[26.5556,139.142,-27.2966],"tipVelocity":[133.401,337.379,87.8317],"tool":false,"touchDistance":0.766882,"touchZone":"hovering","type":0,"width":20.3863},{"bases":[[[0.896794,-0.0742083,-0.436182],[0.242638,0.906858,0.34458],[0.369984,-0.414851,0.83127]],[[0.930591,-0.117219,-0.346785],[0.170338,0.977195,0.126789],[0.324014,-0.17706,0.929336]],[[0.930591,-0.117219,-0.346785],[0.0692959,0.986625,-0.147542],[0.359442,0.113271,0.926268]],[[0.930591,-0.117219,-0.346785],[-0.0283186,0.921452,-0.387459],[0.364963,0.370386,0.854175]]],"btipPosition":[-7.72883,188.343,-70.0048],"carpPosition":[45.9723,160.907,62.3858],"dipPosition":[-1.68214,194.48,-55.8528],"direction":[-0.359442,-0.113271,-0.926268],"extended":true,"handId":262,"id":2621,"length":57.0257,"mcpPosition":[20.2411,189.758,4.57383],"pipPosition":[6.74247,197.134,-34.1429],"stabilizedTipPosition":[-2.72917,185.879,-67.305],"timeVisible":0.098625,"tipPosition":[-0.626396,196.464,-66.8623],"tipVelocity":[-159.344,332.471,117.528],"tool":false,"touchDistance":0.461951,"touchZone":"hovering","type":1,"width":19.473},{"bases":[[[0.877633,-0.403701,-0.258429],[0.468535,0.836296,0.284752],[0.101168,-0.37099,0.923109]],[[0.880733,-0.416931,-0.224672],[0.34842,0.8917,-0.288921],[0.3208,0.176181,0.930617]],[[0.880733,-0.416931,-0.224672],[-0.167062,0.170399,-0.97111],[0.44317,0.892823,0.0804224]],[[0.880733,-0.416931,-0.224672],[-0.221615,0.0564482,-0.973499],[0.418565,0.907183,-0.0426824]]],"btipPosition":[27.4704,133.438,-43.658],"carpPosition":[66.8483,159.523,52.7104],"dipPosition":[35.054,149.874,-44.4313],"direction":[-0.44317,-0.892823,-0.0804224],"extended":false,"handId":262,"id":2623,"length":62.4764,"mcpPosition":[60.8576,181.491,-1.95116],"pipPosition":[46.9587,173.858,-42.2709],"stabilizedTipPosition":[35.0045,123.783,-33.7802],"timeVisible":0.098625,"tipPosition":[28.5912,130.856,-34.9517],"tipVelocity":[89.3319,1041.45,-463.378],"tool":false,"touchDistance":-0.414157,"touchZone":"touching","type":3,"width":18.1987}],"r":[[0.836064,0.349601,0.422821],[-0.253601,0.929667,-0.267218],[-0.486502,0.116184,0.86592]],"s":1.23348,"t":[19.1689,37.5653,-7.45462],"timestamp":259729982928},{"currentFrameRate":40.0265,"devices":[],"gestures":[],"hands":[{"armBasis":[[0.848371,-0.0595659,-0.52604],[0.227499,0.938244,0.260657],[0.478027,-0.340807,0.809531]],"armWidth":62.9551,"confidence":0.517372,"direction":[-0.17615,0.542844,-0.821153],"elbow":[190.97,53.7372,281.778],"grabAngle":1.53231,"grabStrength":0,"id":262,"palmNormal":[-0.281784,-0.827095,-0.486325],"palmPosition":[45.2297,175.281,16.4751],"palmVelocity":[-76.3332,348.899,26.6072],"palmWidth":86.0143,"pinchDistance":62.3289,"pinchStrength":1,"r":[[0.804297,0.383071,0.454271],[-0.273824,0.917397,-0.288796],[-0.527377,0.107888,0.842754]],"s":1.22552,"sphereCenter":[19.7366,142.586,-22.6517],"sphereRadius":52.9366,"stabilizedPalmPosition":[45.4908,174.315,16.3698],"t":[18.4904,41.0894,-7.2579],"timeVisible":0.108721,"type":"right","wrist":[68.9606,140.723,75.1567]}],"id":163591,"interactionBox":{"center":[0,200,0],"size":[235.247,235.247,147.751]},"pointables":[{"bases":[[[0.889546,-0.263034,-0.373524],[0.386374,0.869433,0.307897],[0.243766,-0.418209,0.875031]],[[0.902432,-0.287362,-0.320998],[0.305823,0.952059,0.00747432],[0.303461,-0.104914,0.94705]],[[0.902432,-0.287362,-0.320998],[0.185008,0.931346,-0.313635],[0.389087,0.223647,0.8936