{"frames":308,"data":[{"currentFrameRate":23.8008,"devices":[],"gestures":[],"hands":[],"id":164353,"interactionBox":{"center":[0,200,0],"size":[235.247,235.247,147.751]},"pointables":[],"r":[[-0.451118,-0.878766,0.155767],[0.630521,-0.437343,-0.641229],[0.631613,-0.191055,0.751374]],"s":-0.0734829,"t":[559.648,-310.26,370.787],"timestamp":259752812768},{"currentFrameRate":19.7238,"devices":[],"gestures":[],"hands":[],"id":164354,"interactionBox":{"center":[0,200,0],"size":[235.247,235.247,147.751]},"pointables":[],"r":[[-0.451118,-0.878766,0.155767],[0.630521,-0.437343,-0.641229],[0.631613,-0.191055,0.751374]],"s":-0.0734829,"t":[559.648,-310.26,370.787],"timestamp":259752896872},{"currentFrameRate":20.4895,"devices":[],"gestures":[],"hands":[],"id":164355,"interactionBox":{"center":[0,200,0],"size":[235.247,235.247,147.751]},"pointables":[],"r":[[-0.451118,-0.878766,0.155767],[0.630521,-0.437343,-0.641229],[0.631613,-0.191055,0.751374]],"s":-0.0734829,"t":[559.648,-310.26,370.787],"timestamp":259752938968},{"currentFrameRate":21.0988,"devices":[],"gestures":[],"hands":[],"id":164356,"interactionBox":{"center":[0,200,0],"size":[235.247,235.247,147.751]},"pointables":[],"r":[[-0.451118,-0.878766,0.155767],[0.630521,-0.437343,-0.641229],[0.631613,-0.191055,0.751374]],"s":-0.0734829,"t":[559.648,-310.26,370.787],"timestamp":259752981180},{"currentFrameRate":21.6031,"devices":[],"gestures":[],"hands":[],"id":164357,"interactionBox":{"center":[0,200,0],"size":[235.247,235.247,147.751]},"pointables":[],"r":[[-0.451118,-0.878766,0.155767],[0.630521,-0.437343,-0.641229],[0.631613,-0.191055,0.751374]],"s":-0.0734829,"t":[559.648,-310.26,370.787],"timestamp":259753023277},{"currentFrameRate":22.0172,"devices":[],"gestures":[],"hands":[],"id":164358,"interactionBox":{"center":[0,200,0],"size":[235.247,235.247,147.751]},"pointables":[],"r":[[-0.451118,-0.878766,0.155767],[0.630521,-0.437343,-0.641229],[0.631613,-0.191055,0.751374]],"s":-0.0734829,"t":[559.648,-310.26,370.787],"timestamp":259753065318},{"currentFrameRate":22.3504,"devices":[],"gestures":[],"hands":[],"id":164359,"interactionBox":{"center":[0,200,0],"size":[235.247,235.247,147.751]},"pointables":[],"r":[[-0.451118,-0.878766,0.155767],[0.630521,-0.437343,-0.641229],[0.631613,-0.191055,0.751374]],"s":-0.0734829,"t":[559.648,-310.26,370.787],"timestamp":259753107381},{"currentFrameRate":22.6318,"devices":[],"gestures":[],"hands":[],"id":164360,"interactionBox":{"center":[0,200,0],"size":[235.247,235.247,147.751]},"pointables":[],"r":[[-0.451118,-0.878766,0.155767],[0.630521,-0.437343,-0.641229],[0.631613,-0.191055,0.751374]],"s":-0.0734829,"t":[559.648,-310.26,370.787],"timestamp":259753149332},{"currentFrameRate":22.7487,"devices":[],"gestures":[],"hands":[],"id":164361,"interactionBox":{"center":[0,200,0],"size":[235.247,235.247,147.751]},"pointables":[],"r":[[-0.451118,-0.878766,0.155767],[0.630521,-0.437343,-0.641229],[0.631613,-0.191055,0.751374]],"s":-0.0734829,"t":[559.648,-310.26,370.787],"timestamp":259753192370},{"currentFrameRate":23.0488,"devices":[],"gestures":[],"hands":[],"id":164362,"interactionBox":{"center":[0,200,0],"size":[235.247,235.247,147.751]},"pointables":[],"r":[[-0.451118,-0.878766,0.155767],[0.630521,-0.437343,-0.641229],[0.631613,-0.191055,0.751374]],"s":-0.0734829,"t":[559.648,-310.26,370.787],"timestamp":259753233411},{"currentFrameRate":23.0685,"devices":[],"gestures":[],"hands":[],"id":164363,"interactionBox":{"center":[0,200,0],"size":[235.247,235.247,147.751]},"pointables":[],"r":[[-0.451118,-0.878766,0.155767],[0.630521,-0.437343,-0.641229],[0.631613,-0.191055,0.751374]],"s":-0.0734829,"t":[559.648,-310.26,370.787],"timestamp":259753276607},{"currentFrameRate":23.3201,"devices":[],"gestures":[],"hands":[],"id":164364,"interactionBox":{"center":[0,200,0],"size":[235.247,235.247,147.751]},"pointables":[],"r":[[-0.451118,-0.878766,0.155767],[0.630521,-0.437343,-0.641229],[0.631613,-0.191055,0.751374]],"s":-0.0734829,"t":[559.648,-310.26,370.787],"timestamp":259753317544},{"currentFrameRate":23.4038,"devices":[],"gestures":[],"hands":[],"id":164365,"interactionBox":{"center":[0,200,0],"size":[235.247,235.247,147.751]},"pointables":[],"r":[[-0.451118,-0.878766,0.155767],[0.630521,-0.437343,-0.641229],[0.631613,-0.191055,0.751374]],"s":-0.0734829,"t":[559.648,-310.26,370.787],"timestamp":259753359630},{"currentFrameRate":23.449,"devices":[],"gestures":[],"hands":[],"id":164366,"interactionBox":{"center":[0,200,0],"size":[235.247,235.247,147.751]},"pointables":[],"r":[[-0.451118,-0.878766,0.155767],[0.630521,-0.437343,-0.641229],[0.631613,-0.191055,0.751374]],"s":-0.0734829,"t":[559.648,-310.26,370.787],"timestamp":259753401929},{"currentFrameRate":23.5308,"devices":[],"gestures":[],"hands":[],"id":164367,"interactionBox":{"center":[0,200,0],"size":[235.247,235.247,147.751]},"pointables":[],"r":[[-0.451118,-0.878766,0.155767],[0.630521,-0.437343,-0.641229],[0.631613,-0.191055,0.751374]],"s":-0.0734829,"t":[559.648,-310.26,370.787],"timestamp":259753443802},{"currentFrameRate":23.5778,"devices":[],"gestures":[],"hands":[],"id":164368,"interactionBox":{"center":[0,200,0],"size":[235.247,235.247,147.751]},"pointables":[],"r":[[-0.451118,-0.878766,0.155767],[0.630521,-0.437343,-0.641229],[0.631613,-0.191055,0.751374]],"s":-0.0734829,"t":[559.648,-310.26,370.787],"timestamp":259753485856},{"currentFrameRate":23.5977,"devices":[],"gestures":[],"hands":[],"id":164369,"interactionBox":{"center":[0,200,0],"size":[235.247,235.247,147.751]},"pointables":[],"r":[[-0.451118,-0.878766,0.155767],[0.630521,-0.437343,-0.641229],[0.631613,-0.191055,0.751374]],"s":-0.0734829,"t":[559.648,-310.26,370.787],"timestamp":259753528082},{"currentFrameRate":23.6199,"devices":[],"gestures":[],"hands":[{"armBasis":[[0.941754,0.0125485,-0.336068],[0.101796,0.941788,0.320425],[0.320526,-0.335972,0.885656]],"armWidth":60.2356,"confidence":0,"direction":[-0.201638,0.432948,-0.878577],"elbow":[169.16,66.6468,283.154],"grabAngle":0.80646,"grabStrength":0,"id":263,"palmNormal":[-0.123803,-0.901073,-0.415621],"palmPosition":[64.2033,178.873,-5.81298],"palmVelocity":[1.19209e-7,1.19209e-7,1.19209e-7],"palmWidth":86.0143,"pinchDistance":61.1059,"pinchStrength":0.771473,"r":[[1,-2.77556e-18,0],[2.77556e-18,1,-1.11022e-17],[3.08149e-35,1.11022e-17,1]],"s":1,"sphereCenter":[46.6956,124.818,-49.7267],"sphereRadius":72.2732,"stabilizedPalmPosition":[64.2033,178.873,-5.81298],"t":[0,0,0],"timeVisible":0,"type":"right","wrist":[87.35,152.399,57.1028]}],"id":164370,"interactionBox":{"center":[0,200,0],"size":[235.247,235.247,147.751]},"pointables":[{"bases":[[[0.462358,0.88038,0.105623],[-0.647883,0.2541,0.718109],[0.60537,-0.400455,0.687868]],[[0.323096,0.945388,-0.043022],[-0.890168,0.319028,0.325303],[0.321262,-0.0668072,0.944631]],[[0.323096,0.945388,-0.043022],[-0.913288,0.299566,-0.275981],[-0.248022,0.12846,0.9602]],[[0.323096,0.945388,-0.043022],[-0.679148,0.199967,-0.706237],[-0.659065,0.257401,0.706667]]],"btipPosition":[62.6229,143.662,-47.1803],"carpPosition":[55.2076,150.345,43.9773],"dipPosition":[48.0419,149.357,-31.5462],"direction":[0.248022,-0.12846,-0.9602],"extended":false,"handId":263,"id":2630,"length":49.2665,"mcpPosition":[55.2076,150.345,43.9773],"pipPosition":[40.0479,153.498,-0.59784],"stabilizedTipPosition":[59.2693,144.972,-43.5845],"timeVisible":0,"tipPosition":[59.2693,144.972,-43.5845],"tipVelocity":[1.19209e-7,1.19209e-7,1.19209e-7],"tool":false,"touchDistance":0.879566,"touchZone":"hovering","type":0,"width":19.1427},{"bases":[[[0.946747,-0.267754,-0.178823],[0.306576,0.919364,0.246536],[0.0983925,-0.28823,0.952493]],[[0.935753,-0.243681,-0.254923],[0.263281,0.963656,0.0452723],[0.234626,-0.10948,0.965901]],[[0.935753,-0.243681,-0.254923],[0.172677,0.946885,-0.271278],[0.307488,0.20983,0.928129]],[[0.935753,-0.243681,-0.254923],[0.121229,0.901086,-0.416349],[0.331164,0.358696,0.872736]]],"btipPosition":[54.6474,182.54,-104.321],"carpPosition":[84.2848,172.678,32.5957],"dipPosition":[60.4966,188.875,-88.907],"direction":[-0.307488,-0.20983,-0.928128],"extended":true,"handId":263,"id":2633,"length":60.9053,"mcpPosition":[78.4585,189.746,-23.8058],"pipPosition":[68.5488,194.37,-64.6019],"stabilizedTipPosition":[55.9927,183.997,-100.776],"timeVisible":0,"tipPosition":[55.9927,183.997,-100.776],"tipVelocity":[1.19209e-7,1.19209e-7,1.19209e-7],"tool":false,"touchDistance":-0.0129358,"touchZone":"touching","type":3,"width":17.0885},{"bases":[[[0.888015,-0.447514,-0.105641],[0.457578,0.837426,0.298897],[-0.0452943,-0.313764,0.94842]],[[0.880245,-0.379118,-0.285373],[0.349873,0.924806,-0.149408],[0.320557,0.0316711,0.946699]],[[0.880245,-0.379118,-0.285373],[0.0505843,0.672937,-0.737969],[0.471815,0.635158,0.611527]],[[0.880245,-0.379118,-0.285373],[-0.167441,0.314548,-0.934357],[0.443995,0.870246,0.2134]]],"btipPosition":[70.5807,155.29,-69.456],"carpPosition":[94.7708,165.074,28.959],"dipPosition":[77.8152,169.47,-65.9788],"direction":[-0.471815,-0.635158,-0.611527],"extended":false,"handId":263,"id":2634,"length":47.7486,"mcpPosition":[97.2536,182.273,-23.0281],"pipPosition":[86.5387,181.214,-54.6721],"stabilizedTipPosition":[72.2446,158.552,-68.6562],"timeVisible":0,"tipPosition":[72.2446,158.552,-68.6562],"tipVelocity":[1.19209e-7,1.19209e-7,1.19209e-7],"tool":false,"touchDistance":0.50349,"touchZone":"hovering","type":4,"width":15.1794},{"bases":[[[0.923956,0.0480817,-0.379465],[0.0687473,0.955038,0.288404],[0.37627,-0.29256,0.879107]],[[0.984516,-0.0182206,-0.174344],[0.0572595,0.973453,0.221608],[0.165678,-0.228159,0.959424]],[[0.984516,-0.0182206,-0.174344],[0.0306761,0.997144,0.0690164],[0.172588,-0.0732959,0.982263]],[[0.984516,-0.0182206,-0.174344],[0.0119974,0.999255,-0.0366826],[0.174882,0.034023,0.984001]]],"btipPosition":[23.1992,201.928,-97.4616],"carpPosition":[62.8641,171.19,40.9787],"dipPosition":[26.0238,202.477,-81.5687],"direction":[-0.172588,0.0732959,-0.982263],"extended":true,"handId":263,"id":2631,"length":55.5917,"mcpPosition":[36.6959,191.536,-20.1602],"pipPosition":[29.9672,200.802,-59.1253],"stabilizedTipPosition":[23.8488,202.054,-93.8063],"timeVisible":0,"tipPosition":[23.8488,202.054,-93.8063],"tipVelocity":[1.19209e-7,1.19209e-7,1.19209e-7],"tool":false,"touchDistance":0.103229,"touchZone":"hovering","type":1,"width":18.2851},{"bases":[[[0.940948,-0.155406,-0.300774],[0.232208,0.942762,0.23933],[0.246365,-0.295039,0.923177]],[[0.948358,-0.164779,-0.271044],[0.198111,0.975022,0.100418],[0.247727,-0.148929,0.957315]],[[0.948358,-0.164779,-0.271044],[0.133441,0.982445,-0.130369],[0.287768,0.0874679,0.953698]],[[0.948358,-0.164779,-0.271044],[0.0926311,0.961105,-0.260187],[0.303375,0.221643,0.926735]]],"btipPosition":[32.7434,193.399,-110.022],"carpPosition":[73.4044,173.443,36.5838],"dipPosition":[38.1327,197.336,-93.5588],"direction":[-0.287768,-0.0874679,-0.953698],"extended":true,"handId":263,"id":2632,"length":63.3423,"mcpPosition":[57.1559,192.902,-24.3024],"pipPosition":[45.8683,199.688,-67.922],"stabilizedTipPosition":[33.9829,194.305,-106.235],"timeVisible":0,"tipPosition":[33.9829,194.305,-106.235],"tipVelocity":[1.19209e-7,1.19209e-7,1.19209e-7],"tool":false,"touchDistance":-0.10392,"touchZone":"touching","type":2,"width":17.9584}],"r":[[1,-2.77556e-18,0],[2.77556e-18,1,-1.11022e-17],[3.08149e-35,1.11022e-17,1]],"s":1,"t":[0,0,0],"timestamp":259753570250},{"currentFrameRate":23.6581,"devices":[],"gestures":[],"hands":[{"armBasis":[[0.933256,0.0311373,-0.35786],[0.158224,0.858752,0.48735],[0.322488,-0.511445,0.796509]],"armWidth":62.9551,"confidence":0.21761,"direction":[-0.186803,0.547066,-0.81598],"elbow":[167.756,23.0481,259.913],"grabAngle":0.798684,"grabStrength":0,"id":263,"palmNormal":[-0.166327,-0.836222,-0.52256],"palmPosition":[63.0409,189.207,-1.89474],"palmVelocity":[-27.6896,246.162,93.338],"palmWidth":86.0143,"pinchDistance":66.9112,"pinchStrength":0.722026,"r":[[0.999959,-0.00876233,-0.00219135],[0.00881397,0.999654,0.0247866],[0.0019734,-0.0248049,0.99969]],"s":1.02128,"sphereCenter":[39.4972,156.182,-48.3367],"sphereRadius":64.4138,"stabilizedPalmPosition":[63.7366,183.022,-4.23972],"t":[-0.58119,5.16681,1.95912],"timeVisible":0.041979,"type":"right","wrist":[85.4454,153.587,56.6154]}],"id":164371,"interactionBox":{"center":[0,200,0],"size":[235.247,235.247,147.751]},"pointables":[{"bases":[[[0.501923,0.839357,0.208694],[-0.631927,0.191135,0.75109],[0.590543,-0.508869,0.626347]],[[0.355313,0.932716,0.0615864],[-0.90027,0.323735,0.291049],[0.251529,-0.158858,0.954724]],[[0.355313,0.932716,0.0615864],[-0.906388,0.35989,-0.221223],[-0.228503,0.0227822,0.973277]],[[0.355313,0.932716,0.0615864],[-0.688804,0.305797,-0.657295],[-0.631903,0.191125,0.751113]]],"btipPosition":[63.0729,157.546,-50.1988],"carpPosition":[53.0464,155.141,44.0777],"dipPosition":[48.7321,161.884,-33.1527],"direction":[0.228503,-0.0227822,-0.973277],"extended":false,"handId":263,"id":2630,"length":50.5373,"mcpPosition":[53.0464,155.141,44.0777],"pipPosition":[41.1773,162.637,-0.973695],"stabilizedTipPosition":[59.5982,153.808,-45.3382],"timeVisible":0.041979,"tipPosition":[57.2846,159.986,-44.2472],"tipVelocity":[12.0348,323.296,-64.1688],"tool":false,"touchDistance":0.784537,"touchZone":"hovering","type":0,"width":20.3863},{"bases":[[[0.923105,0.0542905,-0.380696],[0.113055,0.907919,0.403611],[0.367553,-0.415615,0.831967]],[[0.968853,-0.0106598,-0.247406],[0.115625,0.902954,0.413889],[0.218984,-0.429604,0.876063]],[[0.968853,-0.0106598,-0.247406],[0.0667689,0.973317,0.219534],[0.238464,-0.229215,0.943714]],[[0.968853,-0.0106598,-0.247406],[0.0345103,0.995136,0.0922673],[0.245219,-0.0979315,0.964509]]],"btipPosition":[17.2762,229.638,-88.8584],"carpPosition":[61.6132,175.841,43.5981],"dipPosition":[21.339,228.015,-72.8785],"direction":[-0.238464,0.229215,-0.943714],"extended":true,"handId":263,"id":2631,"length":57.0257,"mcpPosition":[36.0511,204.745,-14.2623],"pipPosition":[26.9281,222.643,-50.7597],"stabilizedTipPosition":[18.4816,227.957,-85.5975],"timeVisible":0.041979,"tipPosition":[21.5221,226.402,-85.6476],"tipVelocity":[-134.31,648.197,205.419],"tool":false,"touchDistance":0.292672,"touchZone":"hovering","type":1,"width":19.473},{"bases":[[[0.931387,-0.157939,-0.327985],[0.275532,0.894682,0.351607],[0.23791,-0.417852,0.876812]],[[0.945391,-0.185945,-0.267696],[0.270161,0.906511,0.324423],[0.182345,-0.379028,0.907242]],[[0.945391,-0.185945,-0.267696],[0.206146,0.977284,0.0491899],[0.252468,-0.101688,0.962247]],[[0.945391,-0.185945,-0.267696],[0.13366,0.970241,-0.20191],[0.297274,0.155103,0.94211]]],"btipPosition":[35.6273,223.41,-104.533],"carpPosition":[72.2198,178.158,39.4007],"dipPosition":[41.0444,226.237,-87.3657],"direction":[-0.252468,0.101688,-0.962247],"extended":true,"handId":263,"id":2632,"length":64.9762,"mcpPosition":[56.5289,205.717,-18.4275],"pipPosition":[48.0062,223.433,-60.832],"stabilizedTipPosition":[36.7784,223.084,-100.77],"timeVisible":0.041979,"tipPosition":[34.3931,220.37,-99.7615],"tipVelocity":[68.8507,708.826,134.598],"tool":false,"touchDistance":-0.173715,"touchZone":"touching","type":2,"width":19.1251},{"bases":[[[0.932807,-0.2847,-0.220946],[0.348814,0.867335,0.355047],[0.0905523,-0.408259,0.908364]],[[0.933772,-0.289301,-0.210653],[0.33033,0.923212,0.19637],[0.137668,-0.25295,0.957635]],[[0.933772,-0.289301,-0.210653],[0.250491,0.948762,-0.192624],[0.255586,0.1271,0.958395]],[[0.933772,-0.289301,-0.210653],[0.165406,0.870881,-0.462826],[0.31735,0.397331,0.861056]]],"btipPosition":[59.0911,201.94,-101.395],"carpPosition":[83.0331,177.419,35.2297],"dipPosition":[64.8408,209.139,-85.7941],"direction":[-0.255586,-0.1271,-0.958395],"extended":true,"handId":263,"id":2633,"length":62.4764,"mcpPosition":[77.6711,201.594,-18.5587],"pipPosition":[71.7066,212.553,-60.049],"stabilizedTipPosition":[60.1326,202.35,-97.9952],"timeVisible":0.041979,"tipPosition":[56.635,205.424,-96.254],"tipVelocity":[105.31,466.875,70.7417],"tool":false,"touchDistance":0.0865587,"touchZone":"hovering","type":3,"width":18.1987},{"bases":[[[0.866475,-0.469407,-0.169934],[0.496274,0.772996,0.395207],[-0.0541546,-0.426771,0.902737]],[[0.868163,-0.440729,-0.228146],[0.415587,0.8969,-0.151189],[0.271257,0.0364421,0.961817]],[[0.868163,-0.440729,-0.228146],[0.221888,0.755916,-0.61592],[0.443913,0.484096,0.75405]],[[0.868163,-0.440729,-0.228146],[0.0768791,0.573597,-0.815522],[0.490288,0.690466,0.531859]]],"btipPosition":[70.2011,171.294,-75.0877],"carpPosition":[93.1478,169.873,30.5651],"dipPosition":[78.3961,182.835,-66.1979],"direction":[-0.443913,-0.484096,-0.75405],"extended":false,"handId":263,"id":2634,"length":48.9803,"mcpPosition":[96.1162,193.266,-18.9178],"pipPosition":[86.8154,192.016,-51.8964],"stabilizedTipPosition":[72.129,169.769,-71.8523],"timeVisible":0.041979,"tipPosition":[70.6373,175.587,-69.0839],"tipVelocity":[-3.77884,366.767,-104.5],"tool":false,"touchDistance":0.420672,"touchZone":"hovering","type":4,"width":16.1655}],"r":[[0.999959,-0.00876233,-0.00219135],[0.00881397,0.999654,0.0247866],[0.0019734,-0.0248049,0.99969]],"s":1.02128,"t":[-0.58119,5.16681,1.95912],"timestamp":259753612229},{"currentFrameRate":24.7035,"devices":[],"gestures":[],"hands":[{"armBasis":[[0.916334,0.0689866,-0.394427],[0.172388,0.821114,0.544108],[0.361406,-0.566579,0.740523]],"armWidth":62.9551,"confidence":0.374279,"direction":[-0.165056,0.584692,-0.794287],"elbow":[175.907,14.2689,245.34],"grabAngle":0.982914,"grabStrength":0,"id":263,"palmNormal":[-0.175635,-0.809885,-0.559677],"palmPosition":[62.1237,197.575,-0.54789],"palmVelocity":[-28.0524,255.935,41.1932],"palmWidth":86.0143,"pinchDistance":70.431,"pinchStrength":1,"r":[[0.999804,-0.0197349,-0.00166989],[0.0197957,0.998393,0.0531025],[0.000619233,-0.0531251,0.998588]],"s":1.08921,"sphereCenter":[45.5941,182.697,-44.4911],"sphereRadius":54.2462,"stabilizedPalmPosition":[62.7458,191.962,-1.97185],"t":[-1.33039,11.9342,3.6121],"timeVisible":0.074675,"type":"right","wrist":[83.6632,158.88,56.3325]}],"id":164372,"interactionBox":{"center":[0,200,0],"size":[235.247,235.247,147.751]},"pointables":[{"bases":[[[0.929029,0.0517136,-0.366375],[0.125382,0.887601,0.44322],[0.348115,-0.457701,0.818123]],[[0.960013,0.00416787,-0.279924],[0.144229,0.849621,0.507289],[0.239944,-0.527377,0.815046]],[[0.960013,0.00416787,-0.279924],[0.0898584,0.942395,0.322205],[0.265142,-0.334475,0.904337]],[[0.960013,0.00416787,-0.279924],[0.036468,0.989508,0.139802],[0.27757,-0.14442,0.949788]]],"btipPosition":[14.803,246.366,-83.4706],"carpPosition":[59.8226,182.331,44.3143],"dipPosition":[19.4017,243.973,-67.7346],"direction":[-0.265142,0.334475,-0.904337],"extended":true,"handId":263,"id":2631,"length":57.0257,"mcpPosition":[35.6123,214.162,-12.5833],"pipPosition":[25.6161,236.133,-46.5387],"stabilizedTipPosition":[15.9835,244.978,-80.1206],"timeVisible":0.074675,"tipPosition":[20.4547,241.151,-82.1514],"tipVelocity":[-71.8732,506.194,163.068],"tool":false,"touchDistance":0.376713,"touchZone":"hovering","type":1,"width":19.473},{"bases":[[[0.932441,-0.162676,-0.322629],[0.288253,0.873301,0.392753],[0.217861,-0.459218,0.861194]],[[0.948511,-0.20417,-0.24216],[0.292842,0.856619,0.424792],[0.120709,-0.473834,0.872302]],[[0.948511,-0.20417,-0.24216],[0.25599,0.944374,0.206462],[0.186536,-0.257822,0.948015]],[[0.948511,-0.20417,-0.24216],[0.196118,0.978912,-0.0571702],[0.248726,0.00673463,0.968551]]],"btipPosition":[40.8414,244.03,-101.007],"carpPosition":[70.528,184.61,40.3533],"dipPosition":[45.3738,244.153,-83.3576],"direction":[-0.186536,0.257822,-0.948015],"extended":true,"handId":263,"id":2632,"length":64.9762,"mcpPosition":[56.1595,214.896,-16.4449],"pipPosition":[50.5175,237.043,-57.2163],"stabilizedTipPosition":[41.764,243.566,-97.0375],"timeVisible":0.074675,"tipPosition":[37.9484,237.587,-97.1957],"tipVelocity":[153.249,611.63,111.241],"tool":false,"touchDistance":-0.201729,"touchZone":"touching","type":2,"width":19.1251},{"bases":[[[0.929938,-0.293848,-0.221064],[0.360933,0.844363,0.395952],[0.070309,-0.448,0.891265]],[[0.932591,-0.327143,-0.152481],[0.354899,0.908081,0.222342],[0.0657272,-0.26147,0.962971]],[[0.932591,-0.327143,-0.152481],[0.307921,0.941533,-0.136749],[0.188302,0.080579,0.9788]],[[0.932591,-0.327143,-0.152481],[0.242659,0.881027,-0.406088],[0.267189,0.341713,0.901023]]],"btipPosition":[64.4698,213.33,-100.824],"carpPosition":[81.38,183.829,36.2913],"dipPosition":[69.3107,219.521,-84.4994],"direction":[-0.188302,-0.080579,-0.9788],"extended":true,"handId":263,"id":2633,"length":62.4764,"mcpPosition":[77.2166,210.357,-16.4846],"pipPosition":[74.369,221.686,-58.2062],"stabilizedTipPosition":[65.4878,214.537,-97.0855],"timeVisible":0.074675,"tipPosition":[59.5095,217.054,-94.9681],"tipVelocity":[158.111,341.273,22.5458],"tool":false,"touchDistance":0.163433,"touchZone":"hovering","type":3,"width":18.1987},{"bases":[[[0.515419,0.819512,0.250485],[-0.638107,0.171934,0.750505],[0.571981,-0.546661,0.611555]],[[0.379248,0.918488,0.112032],[-0.901028,0.339037,0.270561],[0.210524,-0.203554,0.956162]],[[0.379248,0.918488,0.112032],[-0.882481,0.395442,-0.254661],[-0.278206,-0.00228664,0.960519]],[[0.379248,0.918488,0.112032],[-0.645791,0.349452,-0.67885],[-0.662665,0.185103,0.72568]]],"btipPosition":[65.149,167.286,-49.5396],"carpPosition":[50.8462,161.806,43.8058],"dipPosition":[50.1102,171.487,-33.0707],"direction":[0.278206,0.00228664,-0.960519],"extended":false,"handId":263,"id":2630,"length":50.5373,"mcpPosition":[50.8462,161.806,43.8058],"pipPosition":[40.912,171.411,-1.31347],"stabilizedTipPosition":[61.3473,165.885,-45.684],"timeVisible":0.074675,"tipPosition":[57.2904,169.936,-44.4471],"tipVelocity":[58.5888,296.925,16.1017],"tool":false,"touchDistance":0.747313,"touchZone":"hovering","type":0,"width":20.3863},{"bases":[[[0.85932,-0.479171,-0.178788],[0.505963,0.745461,0.433923],[-0.074644,-0.463339,0.883032]],[[0.862184,-0.451847,-0.229069],[0.380508,0.876124,-0.296006],[0.334443,0.168049,0.927312]],[[0.862184,-0.451847,-0.229069],[-0.0821991,0.321404,-0.943368],[0.499882,0.832186,0.239968]],[[0.862184,-0.451847,-0.229069],[-0.312911,-0.119391,-0.942249],[0.398403,0.88407,-0.244325]]],"btipPosition":[67.8909,165.36,-49.2277],"carpPosition":[91.4066,176.284,31.4382],"dipPosition":[74.55,180.137,-53.3115],"direction":[-0.499882,-0.832186,-0.239968],"extended":false,"handId":263,"id":2634,"length":48.9803,"mcpPosition":[95.4982,201.682,-16.9647],"pipPosition":[84.0309,195.92,-48.7602],"stabilizedTipPosition":[71.4171,169.503,-66.1478],"timeVisible":0.074675,"tipPosition":[69.6397,172.927,-54.3564],"tipVelocity":[-81.4616,-158.733,699.659],"tool":false,"touchDistance":0.755079,"touchZone":"hovering","type":4,"width":16.1655}],"r":[[0.999804,-0.0197349,-0.00166989],[0.0197957,0.998393,0.0531025],[0.000619233,-0.0531251,0.998588]],"s":1.08921,"t":[-1.33039,11.9342,3.6121],"timestamp":259753644925},{"currentFrameRate":27.9535,"devices":[],"gestures":[],"hands":[{"armBasis":[[0.901354,0.0892631,-0.423785],[0.177741,0.816078,0.549932],[0.39493,-0.571007,0.719709]],"armWidth":62.9551,"confidence":0.433033,"direction":[-0.154576,0.610268,-0.776968],"elbow":[184.107,15.4282,239.174],"grabAngle":0.980916,"grabStrength":0,"id":263,"palmNormal":[-0.184603,-0.790411,-0.5841],"palmPosition":[62.0134,201.633,-0.276961],"palmVelocity":[-8.27725,304.367,20.3217],"palmWidth":86.0143,"pinchDistance":71.401,"pinchStrength":1,"r":[[0.999513,-0.0312029,-0.00103567],[0.0311831,0.99617,0.0816883],[-0.0015172,-0.0816808,0.996657]],"s":1.14823,"sphereCenter":[47.2835,192.488,-43.4471],"sphereRadius":52.5965,"stabilizedPalmPosition":[62.436,196.052,-1.25497],"t":[-1.76016,17.3469,4.57406],"timeVisible":0.088007,"type":"right","wrist":[83.3064,161.169,55.4793]}],"id":164373,"interactionBox":{"center":[0,200,0],"size":[235.247,235.247,147.751]},"pointables":[{"bases":[[[0.930849,0.050077,-0.361956],[0.135782,0.872232,0.469867],[0.339239,-0.486522,0.805117]],[[0.958146,0.00503718,-0.286235],[0.159671,0.820482,0.548922],[0.237616,-0.571651,0.785337]],[[0.958146,0.00503718,-0.286235],[0.107856,0.91982,0.377224],[0.265185,-0.392308,0.880779]],[[0.958146,0.00503718,-0.286235],[0.0553846,0.977694,0.2026],[0.280871,-0.209974,0.936495]]],"btipPosition":[14.9984,255.416,-80.7667],"carpPosition":[59.3595,185.091,44.1036],"dipPosition":[19.6519,251.938,-65.2509],"direction":[-0.265185,0.392308,-0.880779],"extended":true,"handId":263,"id":2631,"length":57.0257,"mcpPosition":[35.7665,218.927,-11.8895],"pipPosition":[25.8673,242.743,-44.6071],"stabilizedTipPosition":[16.0469,252.152,-77.9453],"timeVisible":0.088007,"tipPosition":[20.5493,248.998,-80.2242],"tipVelocity":[15.6037,660.151,199.018],"tool":false,"touchDistance":0.412174,"touchZone":"hovering","type":1,"width":19.473},{"bases":[[[0.931246,-0.165547,-0.324616],[0.298613,0.857248,0.419472],[0.208834,-0.487566,0.847743]],[[0.946953,-0.211433,-0.242024],[0.304582,0.830695,0.466021],[0.102516,-0.515017,0.851028]],[[0.946953,-0.211433,-0.242024],[0.274901,0.923002,0.269251],[0.166461,-0.321501,0.932163]],[[0.946953,-0.211433,-0.242024],[0.231484,0.971149,0.0573151],[0.222923,-0.1103,0.968576]]],"btipPosition":[42.8904,254.446,-98.7987],"carpPosition":[70.1075,187.343,40.2435],"dipPosition":[46.9526,252.436,-81.1487],"direction":[-0.166461,0.321501,-0.932163],"extended":true,"handId":263,"id":2632,"length":64.9762,"mcpPosition":[56.3343,219.499,-15.6675],"pipPosition":[51.5427,243.571,-55.4445],"stabilizedTipPosition":[43.4427,252.053,-95.1652],"timeVisible":0.088007,"tipPosition":[39.5726,246.392,-95.5841],"tipVelocity":[145.576,744.486,165.656],"tool":false,"touchDistance":-0.240738,"touchZone":"touching","type":2,"width":19.1251},{"bases":[[[0.926649,-0.299641,-0.227018],[0.370889,0.82725,0.422018],[0.0613464,-0.475261,0.877704]],[[0.928379,-0.341792,-0.145913],[0.369514,0.890842,0.264309],[0.0396472,-0.299296,0.953336]],[[0.928379,-0.341792,-0.145913],[0.332275,0.939252,-0.0860214],[0.166451,0.0313772,0.98555]],[[0.928379,-0.341792,-0.145913],[0.270505,0.89071,-0.365326],[0.254832,0.299691,0.919373]]],"btipPosition":[66.5228,221.374,-100.217],"carpPosition":[80.9615,186.537,36.1917],"dipPosition":[71.1398,226.804,-83.5598],"direction":[-0.166451,-0.0313772,-0.98555],"extended":true,"handId":263,"id":2633,"length":62.4764,"mcpPosition":[77.3289,214.68,-15.7811],"pipPosition":[75.6111,227.647,-57.0853],"stabilizedTipPosition":[67.2618,221.378,-96.4935],"timeVisible":0.088007,"tipPosition":[60.8231,223.802,-94.3384],"tipVelocity":[150.131,590.241,51.2756],"tool":false,"touchDistance":0.255169,"touchZone":"hovering","type":3,"width":18.1987},{"bases":[[[0.52551,0.804663,0.276326],[-0.638235,0.158086,0.753435],[0.562578,-0.572299,0.59664]],[[0.390973,0.909641,0.140333],[-0.897729,0.34325,0.276156],[0.203033,-0.23395,0.950813]],[[0.390973,0.909641,0.140333],[-0.87343,0.414768,-0.255123],[-0.290276,-0.0228247,0.956671]],[[0.390973,0.909641,0.140333],[-0.631672,0.376081,-0.677904],[-0.669426,0.176398,0.721632]]],"btipPosition":[65.3197,172.504,-49.9171],"carpPosition":[50.1108,164.713,42.9568],"dipPosition":[50.1274,176.508,-33.5401],"direction":[0.290276,0.0228247,-0.956671],"extended":false,"handId":263,"id":2630,"length":50.5373,"mcpPosition":[50.1108,164.713,42.9568],"pipPosition":[40.5301,175.753,-1.91009],"stabilizedTipPosition":[61.6653,170.901,-45.9942],"timeVisible":0.088007,"tipPosition":[57.1384,175.309,-45.0383],"tipVelocity":[10.1496,388.021,-29.902],"tool":false,"touchDistance":0.699936,"touchZone":"hovering","type":0,"width":20.3863},{"bases":[[[0.853416,-0.485172,-0.190495],[0.514454,0.725314,0.457445],[-0.0837708,-0.488392,0.868594]],[[0.85693,-0.454593,-0.242933],[0.375508,0.873468,-0.309915],[0.35308,0.174352,0.919204]],[[0.85693,-0.454593,-0.242933],[-0.13799,0.251779,-0.957897],[0.496618,0.854373,0.153027]],[[0.85693,-0.454593,-0.242933],[-0.364266,-0.200669,-0.909419],[0.364666,0.8678,-0.337552]]],"btipPosition":[67.8736,169.09,-45.2443],"carpPosition":[90.9023,179.006,31.145],"dipPosition":[73.9689,183.594,-50.8863],"direction":[-0.496618,-0.854373,-0.153027],"extended":false,"handId":263,"id":2634,"length":48.9803,"mcpPosition":[95.4942,205.777,-16.4664],"pipPosition":[83.3878,199.799,-47.984],"stabilizedTipPosition":[71.1447,169.875,-63.6543],"timeVisible":0.088007,"tipPosition":[69.353,177.049,-52.8092],"tipVelocity":[-11.024,275.073,271.905],"tool":false,"touchDistance":0.76728,"touchZone":"hovering","type":4,"width":16.1655}],"r":[[0.999513,-0.0312029,-0.00103567],[0.0311831,0.99617,0.0816883],[-0.0015172,-0.0816808,0.996657]],"s":1.14823,"t":[-1.76016,17.3469,4.57406],"timestamp":259753658257},{"currentFrameRate":30.9867,"devices":[],"gestures":[],"hands":[{"armBasis":[[0.883619,0.0907982,-0.459317],[0.193886,0.821989,0.535483],[0.426175,-0.562219,0.708721]],"armWidth":62.9551,"confidence":0.488476,"direction":[-0.148935,0.627961,-0.763861],"elbow":[191.519,20.0305,235.786],"grabAngle":0.979164,"grabStrength":0,"id":263,"palmNormal":[-0.206175,-0.775219,-0.597099],"palmPosition":[61.396,205.194,0.0335145],"palmVelocity":[-46.1747,266.339,23.2218],"palmWidth":86.0143,"pinchDistance":71.9065,"pinchStrength":1,"r":[[0.999006,-0.0444777,-0.00279212],[0.0445185,0.993132,0.108194],[-0.0020393,-0.108211,0.994126]],"s":1.1956,"sphereCenter":[46.77,200.003,-42.1169],"sphereRadius":51.7715,"stabilizedPalmPosition":[61.9159,200.624,-0.610626],"t":[-2.28372,21.8336,5.21028],"timeVisible":0.101377,"type":"right","wrist":[82.744,163.529,54.8949]}],"id":164374,"interactionBox":{"center":[0,200,0],"size":[235.247,235.247,147.751]},"pointables":[{"bases":[[[0.928378,0.0378491,-0.369704],[0.158027,0.860179,0.48489],[0.336364,-0.508585,0.792591]],[[0.953937,-0.0061699,-0.299945],[0.185438,0.798052,0.573346],[0.235834,-0.602556,0.762435]],[[0.953937,-0.0061699,-0.299945],[0.134977,0.901712,0.410728],[0.26793,-0.432294,0.861009]],[[0.953937,-0.0061699,-0.299945],[0.0795244,0.969225,0.23298],[0.289277,-0.246101,0.925069]]],"btipPosition":[14.5111,262.553,-78.2743],"carpPosition":[58.8016,187.87,44.1181],"dipPosition":[19.3038,258.475,-62.9478],"direction":[-0.26793,0.432294,-0.861009],"extended":true,"handId":263,"id":2631,"length":57.0257,"mcpPosition":[35.4086,223.24,-11.0038],"pipPosition":[25.5836,248.343,-42.7674],"stabilizedTipPosition":[15.7158,259.381,-75.5037],"timeVisible":0.101377,"tipPosition":[19.8341,255.444,-78.3062],"tipVelocity":[-34.0518,523.456,183.161],"tool":false,"touchDistance":0.441023,"touchZone":"hovering","type":1,"width":19.473},{"bases":[[[0.924654,-0.178409,-0.336432],[0.320052,0.84282,0.43269],[0.206356,-0.507764,0.836417]],[[0.940282,-0.226705,-0.253917],[0.327127,0.808057,0.48993],[0.0941098,-0.543735,0.833964]],[[0.940282,-0.226705,-0.253917],[0.301288,0.901433,0.310875],[0.158412,-0.368813,0.915905]],[[0.940282,-0.226705,-0.253917],[0.263028,0.957393,0.119229],[0.216068,-0.178896,0.959849]]],"btipPosition":[43.2446,262.306,-96.6904],"carpPosition":[69.5586,189.973,40.2],"dipPosition":[47.182,259.046,-79.1994],"direction":[-0.158412,0.368813,-0.915905],"extended":true,"handId":263,"id":2632,"length":64.9762,"mcpPosition":[55.9489,223.462,-14.964],"pipPosition":[51.5502,248.876,-53.9435],"stabilizedTipPosition":[44.033,259.981,-93.0813],"timeVisible":0.101377,"tipPosition":[39.6586,253.361,-94.01],"tipVelocity":[24.3503,566.361,154.957],"tool":false,"touchDistance":-0.240552,"touchZone":"touching","type":2,"width":19.1251},{"bases":[[[0.918167,-0.31421,-0.241334],[0.391711,0.811304,0.433991],[0.0594306,-0.493009,0.867992]],[[0.919663,-0.359571,-0.157886],[0.391185,0.874169,0.287754],[0.0345513,-0.3264,0.9446]],[[0.919663,-0.359571,-0.157886],[0.355701,0.933089,-0.0531163],[0.166421,-0.00731126,0.986028]],[[0.919663,-0.359571,-0.157886],[0.296861,0.899741,-0.319907],[0.257086,0.247336,0.934201]]],"btipPosition":[66.2121,228.073,-99.7048],"carpPosition":[80.3565,189.023,36.0317],"dipPosition":[70.8699,232.554,-82.779],"direction":[-0.166421,0.00731126,-0.986028],"extended":true,"handId":263,"id":2633,"length":62.4764,"mcpPosition":[76.8374,218.216,-15.3661],"pipPosition":[75.3404,232.357,-56.2917],"stabilizedTipPosition":[67.2807,228.157,-95.8954],"timeVisible":0.101377,"tipPosition":[60.4731,229.16,-93.7757],"tipVelocity":[-22.5398,484.694,42.9199],"tool":false,"touchDistance":0.291029,"touchZone":"hovering","type":3,"width":18.1987},{"bases":[[[0.544511,0.788324,0.286449],[-0.627999,0.156795,0.762255],[0.55599,-0.594946,0.580443]],[[0.415362,0.895842,0.157931],[-0.88712,0.360513,0.28818],[0.201228,-0.259803,0.944463]],[[0.415362,0.895842,0.157931],[-0.861792,0.443106,-0.246926],[-0.291186,-0.0335403,0.956078]],[[0.415362,0.895842,0.157931],[-0.620328,0.405934,-0.671126],[-0.665333,0.180791,0.724325]]],"btipPosition":[64.3548,176.977,-49.9404],"carpPosition":[49.1236,167.711,42.6754],"dipPosition":[49.2554,181.08,-33.5022],"direction":[0.291186,0.0335403,-0.956078],"extended":false,"handId":263,"id":2630,"length":50.5373,"mcpPosition":[49.1236,167.711,42.6754],"pipPosition":[39.628,179.971,-1.89185],"stabilizedTipPosition":[61.0661,176.27,-46.1207],"timeVisible":0.101377,"tipPosition":[55.8123,179.745,-45.2118],"tipVelocity":[-70.5681,336.232,-0.690569],"tool":false,"touchDistance":0.663137,"touchZone":"hovering","type":0,"width":20.3863},{"bases":[[[0.841446,-0.498861,-0.207619],[0.533453,0.705791,0.46614],[-0.0860035,-0.502987,0.860004]],[[0.845042,-0.468496,-0.257711],[0.387175,0.868548,-0.309386],[0.36878,0.161665,0.91535]],[[0.845042,-0.468496,-0.257711],[-0.169205,0.222901,-0.960044],[0.507221,0.854884,0.109089]],[[0.845042,-0.468496,-0.257711],[-0.407263,-0.251645,-0.877959],[0.346469,0.846868,-0.403452]]],"btipPosition":[66.7519,173.045,-43.1007],"carpPosition":[90.0935,181.386,30.7507],"dipPosition":[72.543,187.2,-49.8442],"direction":[-0.507221,-0.854884,-0.109089],"extended":false,"handId":263,"id":2634,"length":48.9803,"mcpPosition":[94.8078,208.957,-16.3898],"pipPosition":[82.1631,203.414,-47.7752],"stabilizedTipPosition":[70.585,171.05,-60.1796],"timeVisible":0.101377,"tipPosition":[67.7955,180.777,-51.8997],"tipVelocity":[-89.1282,289.842,141.378],"tool":false,"touchDistance":0.752239,"touchZone":"hovering","type":4,"width":16.1655}],"r":[[0.999006,-0.0444777,-0.00279212],[0.0445185,0.993132,0.108194],[-0.0020393,-0.108211,0.994126]],"s":1.1956,"t":[-2.28372,21.8336,5.21028],"timestamp":259753671627},{"currentFrameRate":33.8165,"devices":[],"gestures":[],"hands":[{"armBasis":[[0.877496,0.0940359,-0.470275],[0.202018,0.816869,0.54029],[0.43496,-0.569107,0.697802]],"armWidth":62.9551,"confidence":0.540382,"direction":[-0.146432,0.650262,-0.745464],"elbow":[193.456,19.7814,232.389],"grabAngle":0.973775,"grabStrength":0,"id":263,"palmNormal":[-0.217555,-0.756306,-0.616985],"palmPosition":[61.1161,208.256,0.62224],"palmVelocity":[-20.8736,228.354,43.9053],"palmWidth":86.0143,"pinchDistance":72.5047,"pinchStrength":1,"r":[[0.998351,-0.057106,-0.00586033],[0.0573746,0.989222,0.134714],[-0.00189581,-0.134828,0.990867]],"s":1.23344,"sphereCenter":[47.8316,206.852,-40.7298],"sphereRadius":50.9929,"stabilizedPalmPosition":[61.4812,204.772,0.0595193],"t":[-2.68545,25.608,5.82275],"timeVisible":0.114786,"type":"right","wrist":[82.4384,165.038,54.2857]}],"id":164375,"interactionBox":{"center":[0,200,0],"size":[235.247,235.247,147.751]},"pointables":[{"bases":[[[0.926715,0.038367,-0.3738],[0.1697,0.844819,0.507428],[0.335262,-0.533676,0.776396]],[[0.951312,-0.0059925,-0.308172],[0.200265,0.772041,0.603197],[0.234306,-0.635545,0.735652]],[[0.951312,-0.0059925,-0.308172],[0.150563,0.881446,0.447642],[0.268954,-0.472246,0.839433]],[[0.951312,-0.0059925,-0.308172],[0.0920654,0.959694,0.26554],[0.294159,-0.280983,0.91352]]],"btipPosition":[14.3224,269.069,-75.2248],"carpPosition":[58.5774,189.753,44.2284],"dipPosition":[19.196,264.414,-60.0896],"direction":[-0.268954,0.472246,-0.839433],"extended":true,"handId":263,"id":2631,"length":57.0257,"mcpPosition":[35.2611,226.868,-9.76722],"pipPosition":[25.4997,253.345,-40.415],"stabilizedTipPosition":[15.5092,265.915,-72.6527],"timeVisible":0.114786,"tipPosition":[19.3978,261.509,-75.7975],"tipVelocity":[-12.6878,476.072,224.139],"tool":false,"touchDistance":0.475336,"touchZone":"hovering","type":1,"width":19.473},{"bases":[[[0.920891,-0.178674,-0.34646],[0.331249,0.827221,0.45385],[0.205507,-0.532711,0.820966]],[[0.936787,-0.23087,-0.262925],[0.339289,0.783021,0.521308],[0.0855217,-0.577562,0.811855]],[[0.936787,-0.23087,-0.262925],[0.315854,0.881285,0.351529],[0.150555,-0.412354,0.898497]],[[0.936787,-0.23087,-0.262925],[0.281464,0.943615,0.174267],[0.207867,-0.237255,0.948947]]],"btipPosition":[43.8442,269.674,-93.8509],"carpPosition":[69.3347,191.851,40.3084],"dipPosition":[47.6321,265.351,-76.5586],"direction":[-0.150555,0.412354,-0.898497],"extended":true,"handId":263,"id":2632,"length":64.9762,"mcpPosition":[55.7809,226.985,-13.8366],"pipPosition":[51.7836,253.98,-51.7827],"stabilizedTipPosition":[44.6011,267.223,-90.4111],"timeVisible":0.114786,"tipPosition":[39.9108,260.158,-91.7322],"tipVelocity":[42.1477,531.289,208.35],"tool":false,"touchDistance":-0.228882,"touchZone":"touching","type":2,"width":19.1251},{"bases":[[[0.913488,-0.316967,-0.255093],[0.402578,0.794938,0.453877],[0.0589187,-0.517306,0.85377]],[[0.914646,-0.369248,-0.164554],[0.403657,0.856332,0.322112],[0.021974,-0.361042,0.932291]],[[0.914646,-0.369248,-0.164554],[0.372866,0.927837,-0.00948518],[0.156182,-0.0526812,0.986322]],[[0.914646,-0.369248,-0.164554],[0.316342,0.907196,-0.277349],[0.251693,0.201621,0.946573]]],"btipPosition":[66.9028,234.941,-98.5389],"carpPosition":[80.0993,190.904,36.0542],"dipPosition":[71.463,238.593,-81.389],"direction":[-0.156182,0.0526812,-0.986322],"extended":true,"handId":263,"id":2633,"length":62.4764,"mcpPosition":[76.6105,221.536,-14.5015],"pipPosition":[75.6584,237.178,-54.8937],"stabilizedTipPosition":[67.8822,234.992,-94.729],"timeVisible":0.114786,"tipPosition":[60.7229,234.899,-92.6927],"tipVelocity":[49.8387,497.974,90.7948],"tool":false,"touchDistance":0.319953,"touchZone":"hovering","type":3,"width":18.1987},{"bases":[[[0.554328,0.774442,0.304893],[-0.622186,0.142267,0.769834],[0.552816,-0.616441,0.56071]],[[0.427805,0.885328,0.182145],[-0.88181,0.364552,0.299187],[0.198477,-0.288611,0.936649]],[[0.427805,0.885328,0.182145],[-0.854307,0.461865,-0.238412],[-0.295199,-0.0536137,0.95393]],[[0.427805,0.885328,0.182145],[-0.610562,0.431643,-0.664002],[-0.666481,0.172853,0.725207]]],"btipPosition":[64.1996,181.212,-49.9085],"carpPosition":[48.6798,169.743,42.2876],"dipPosition":[49.0741,185.135,-33.4503],"direction":[0.295199,0.0536137,-0.95393],"extended":false,"handId":263,"id":2630,"length":50.5373,"mcpPosition":[48.6798,169.743,42.2876],"pipPosition":[39.3141,183.362,-1.91093],"stabilizedTipPosition":[60.7783,181.141,-46.1227],"timeVisible":0.114786,"tipPosition":[55.2747,184.032,-45.3105],"tipVelocity":[-12.0213,312.753,2.72446],"tool":false,"touchDistance":0.630705,"touchZone":"hovering","type":0,"width":20.3863},{"bases":[[[0.835008,-0.50167,-0.226027],[0.543371,0.687114,0.482309],[-0.0866535,-0.525549,0.846339]],[[0.838303,-0.474684,-0.268185],[0.395278,0.867952,-0.300689],[0.375504,0.146061,0.915239]],[[0.838303,-0.474684,-0.268185],[-0.18198,0.220069,-0.95836],[0.513937,0.8522,0.0981017]],[[0.838303,-0.474684,-0.268185],[-0.424089,-0.258602,-0.867913],[0.342631,0.841309,-0.418095]]],"btipPosition":[66.1269,176.889,-42.1353],"carpPosition":[89.7266,183.315,30.5102],"dipPosition":[71.8538,190.952,-49.1236],"direction":[-0.513937,-0.8522,-0.0981017],"extended":false,"handId":263,"id":2634,"length":48.9803,"mcpPosition":[94.4765,212.123,-15.8813],"pipPosition":[81.6013,207.115,-47.2629],"stabilizedTipPosition":[69.7604,173.432,-55.8642],"timeVisible":0.114786,"tipPosition":[67.0128,184.825,-51.3702],"tipVelocity":[-47.7125,285.099,67.8016],"tool":false,"touchDistance":0.723985,"touchZone":"hovering","type":4,"width":16.1655}],"r":[[0.998351,-0.057106,-0.00586033],[0.0573746,0.989222,0.1