{"frames":261,"data":[{"currentFrameRate":23.6989,"devices":[],"gestures":[],"hands":[],"id":164973,"interactionBox":{"center":[0,200,0],"size":[235.247,235.247,147.751]},"pointables":[],"r":[[-0.451118,-0.878766,0.155767],[0.630521,-0.437343,-0.641229],[0.631613,-0.191055,0.751374]],"s":-0.0734829,"t":[559.648,-310.26,370.787],"timestamp":259771628220},{"currentFrameRate":23.7052,"devices":[],"gestures":[],"hands":[],"id":164974,"interactionBox":{"center":[0,200,0],"size":[235.247,235.247,147.751]},"pointables":[],"r":[[-0.451118,-0.878766,0.155767],[0.630521,-0.437343,-0.641229],[0.631613,-0.191055,0.751374]],"s":-0.0734829,"t":[559.648,-310.26,370.787],"timestamp":259771670357},{"currentFrameRate":23.7191,"devices":[],"gestures":[],"hands":[],"id":164975,"interactionBox":{"center":[0,200,0],"size":[235.247,235.247,147.751]},"pointables":[],"r":[[-0.451118,-0.878766,0.155767],[0.630521,-0.437343,-0.641229],[0.631613,-0.191055,0.751374]],"s":-0.0734829,"t":[559.648,-310.26,370.787],"timestamp":259771712412},{"currentFrameRate":23.74,"devices":[],"gestures":[],"hands":[],"id":164976,"interactionBox":{"center":[0,200,0],"size":[235.247,235.247,147.751]},"pointables":[],"r":[[-0.451118,-0.878766,0.155767],[0.630521,-0.437343,-0.641229],[0.631613,-0.191055,0.751374]],"s":-0.0734829,"t":[559.648,-310.26,370.787],"timestamp":259771754377},{"currentFrameRate":23.748,"devices":[],"gestures":[],"hands":[],"id":164977,"interactionBox":{"center":[0,200,0],"size":[235.247,235.247,147.751]},"pointables":[],"r":[[-0.451118,-0.878766,0.155767],[0.630521,-0.437343,-0.641229],[0.631613,-0.191055,0.751374]],"s":-0.0734829,"t":[559.648,-310.26,370.787],"timestamp":259771796425},{"currentFrameRate":23.7431,"devices":[],"gestures":[],"hands":[],"id":164978,"interactionBox":{"center":[0,200,0],"size":[235.247,235.247,147.751]},"pointables":[],"r":[[-0.451118,-0.878766,0.155767],[0.630521,-0.437343,-0.641229],[0.631613,-0.191055,0.751374]],"s":-0.0734829,"t":[559.648,-310.26,370.787],"timestamp":259771838580},{"currentFrameRate":23.7477,"devices":[],"gestures":[],"hands":[],"id":164979,"interactionBox":{"center":[0,200,0],"size":[235.247,235.247,147.751]},"pointables":[],"r":[[-0.451118,-0.878766,0.155767],[0.630521,-0.437343,-0.641229],[0.631613,-0.191055,0.751374]],"s":-0.0734829,"t":[559.648,-310.26,370.787],"timestamp":259771880654},{"currentFrameRate":23.7417,"devices":[],"gestures":[],"hands":[],"id":164980,"interactionBox":{"center":[0,200,0],"size":[235.247,235.247,147.751]},"pointables":[],"r":[[-0.451118,-0.878766,0.155767],[0.630521,-0.437343,-0.641229],[0.631613,-0.191055,0.751374]],"s":-0.0734829,"t":[559.648,-310.26,370.787],"timestamp":259771922820},{"currentFrameRate":23.7674,"devices":[],"gestures":[],"hands":[],"id":164981,"interactionBox":{"center":[0,200,0],"size":[235.247,235.247,147.751]},"pointables":[],"r":[[-0.451118,-0.878766,0.155767],[0.630521,-0.437343,-0.641229],[0.631613,-0.191055,0.751374]],"s":-0.0734829,"t":[559.648,-310.26,370.787],"timestamp":259771964700},{"currentFrameRate":23.7621,"devices":[],"gestures":[],"hands":[],"id":164982,"interactionBox":{"center":[0,200,0],"size":[235.247,235.247,147.751]},"pointables":[],"r":[[-0.451118,-0.878766,0.155767],[0.630521,-0.437343,-0.641229],[0.631613,-0.191055,0.751374]],"s":-0.0734829,"t":[559.648,-310.26,370.787],"timestamp":259772006824},{"currentFrameRate":23.7639,"devices":[],"gestures":[],"hands":[],"id":164983,"interactionBox":{"center":[0,200,0],"size":[235.247,235.247,147.751]},"pointables":[],"r":[[-0.451118,-0.878766,0.155767],[0.630521,-0.437343,-0.641229],[0.631613,-0.191055,0.751374]],"s":-0.0734829,"t":[559.648,-310.26,370.787],"timestamp":259772048891},{"currentFrameRate":23.7622,"devices":[],"gestures":[],"hands":[],"id":164984,"interactionBox":{"center":[0,200,0],"size":[235.247,235.247,147.751]},"pointables":[],"r":[[-0.451118,-0.878766,0.155767],[0.630521,-0.437343,-0.641229],[0.631613,-0.191055,0.751374]],"s":-0.0734829,"t":[559.648,-310.26,370.787],"timestamp":259772090987},{"currentFrameRate":23.7402,"devices":[],"gestures":[],"hands":[],"id":164985,"interactionBox":{"center":[0,200,0],"size":[235.247,235.247,147.751]},"pointables":[],"r":[[-0.451118,-0.878766,0.155767],[0.630521,-0.437343,-0.641229],[0.631613,-0.191055,0.751374]],"s":-0.0734829,"t":[559.648,-310.26,370.787],"timestamp":259772133276},{"currentFrameRate":23.7582,"devices":[],"gestures":[],"hands":[],"id":164986,"interactionBox":{"center":[0,200,0],"size":[235.247,235.247,147.751]},"pointables":[],"r":[[-0.451118,-0.878766,0.155767],[0.630521,-0.437343,-0.641229],[0.631613,-0.191055,0.751374]],"s":-0.0734829,"t":[559.648,-310.26,370.787],"timestamp":259772175231},{"currentFrameRate":23.7442,"devices":[],"gestures":[],"hands":[],"id":164987,"interactionBox":{"center":[0,200,0],"size":[235.247,235.247,147.751]},"pointables":[],"r":[[-0.451118,-0.878766,0.155767],[0.630521,-0.437343,-0.641229],[0.631613,-0.191055,0.751374]],"s":-0.0734829,"t":[559.648,-310.26,370.787],"timestamp":259772217452},{"currentFrameRate":23.7795,"devices":[],"gestures":[],"hands":[{"armBasis":[[0.902486,0.00938434,-0.430617],[0.0932229,0.971809,0.216555],[0.420509,-0.235581,0.87617]],"armWidth":60.2356,"confidence":0,"direction":[-0.20414,0.500063,-0.841584],"elbow":[212.782,90.673,276.06],"grabAngle":0.916704,"grabStrength":0,"id":264,"palmNormal":[-0.157872,-0.865252,-0.475832],"palmPosition":[80.9525,180.676,-8.43333],"palmVelocity":[1.19209e-7,1.19209e-7,1.19209e-7],"palmWidth":86.0143,"pinchDistance":65.702,"pinchStrength":0.511727,"r":[[1,5.55112e-18,1.11022e-17],[-5.55112e-18,1,-1.2326e-34],[-1.11022e-17,6.16298e-35,1]],"s":1,"sphereCenter":[57.0323,150.546,-48.8423],"sphereRadius":58.5734,"stabilizedPalmPosition":[80.9525,180.676,-8.43333],"t":[0,0,0],"timeVisible":0,"type":"right","wrist":[105.453,150.802,52.4303]}],"id":164988,"interactionBox":{"center":[0,200,0],"size":[235.247,235.247,147.751]},"pointables":[{"bases":[[[0.490137,0.857107,0.158533],[-0.627263,0.220547,0.746927],[0.605233,-0.465539,0.64573]],[[0.267721,0.96168,-0.0591284],[-0.905098,0.272061,0.326773],[0.330338,-0.0339671,0.943251]],[[0.267721,0.96168,-0.0591284],[-0.955877,0.257401,-0.141578],[-0.120933,0.0944229,0.98816]],[[0.267721,0.96168,-0.0591284],[-0.795695,0.186072,-0.576408],[-0.543318,0.201365,0.81502]]],"btipPosition":[72.3222,143.041,-55.0103],"carpPosition":[71.9921,148.937,39.3806],"dipPosition":[60.3019,147.496,-36.9789],"direction":[0.120933,-0.0944229,-0.98816],"extended":false,"handId":264,"id":2640,"length":49.2665,"mcpPosition":[71.9921,148.937,39.3806],"pipPosition":[56.4041,150.54,-5.12945],"stabilizedTipPosition":[69.5575,144.066,-50.8631],"timeVisible":0,"tipPosition":[69.5575,144.066,-50.8631],"tipVelocity":[1.19209e-7,1.19209e-7,1.19209e-7],"tool":false,"touchDistance":0.770387,"touchZone":"hovering","type":0,"width":19.1427},{"bases":[[[0.918137,0.0487432,-0.393254],[0.10221,0.929695,0.353865],[0.382855,-0.365091,0.848605]],[[0.967256,-0.00980825,-0.253611],[0.0848408,0.954265,0.286671],[0.239201,-0.298801,0.923851]],[[0.967256,-0.00980825,-0.253611],[0.0197011,0.99914,0.0364977],[0.253035,-0.0402991,0.966617]],[[0.967256,-0.00980825,-0.253611],[-0.0334927,0.985581,-0.165856],[0.251581,0.168919,0.952981]]],"btipPosition":[34.0255,205.435,-96.3014],"carpPosition":[80.2113,169.716,37.7145],"dipPosition":[38.0889,208.163,-80.9095],"direction":[-0.253035,0.0402991,-0.966617],"extended":true,"handId":264,"id":2641,"length":55.5917,"mcpPosition":[53.5851,195.107,-21.3031],"pipPosition":[43.8704,207.242,-58.8235],"stabilizedTipPosition":[34.9601,206.062,-92.7612],"timeVisible":0,"tipPosition":[34.9601,206.062,-92.7612],"tipVelocity":[1.19209e-7,1.19209e-7,1.19209e-7],"tool":false,"touchDistance":0.120646,"touchZone":"hovering","type":1,"width":18.2851},{"bases":[[[0.930454,-0.160239,-0.329513],[0.264341,0.91631,0.300831],[0.253731,-0.367013,0.894942]],[[0.935606,-0.167956,-0.310537],[0.262698,0.918829,0.294521],[0.235864,-0.357133,0.903783]],[[0.935606,-0.167956,-0.310537],[0.201884,0.976111,0.0803145],[0.289629,-0.137835,0.947162]],[[0.935606,-0.167956,-0.310537],[0.141914,0.984315,-0.104804],[0.323269,0.0539856,0.944766]]],"btipPosition":[49.725,215.201,-109.166],"carpPosition":[90.7347,171.977,33.2831],"dipPosition":[55.4677,216.16,-92.3825],"direction":[-0.289629,0.137835,-0.947162],"extended":true,"handId":264,"id":2642,"length":63.3423,"mcpPosition":[74.0004,196.182,-25.7409],"pipPosition":[63.2533,212.455,-66.9214],"stabilizedTipPosition":[51.0458,215.422,-105.306],"timeVisible":0,"tipPosition":[51.0458,215.422,-105.306],"tipVelocity":[1.19209e-7,1.19209e-7,1.19209e-7],"tool":false,"touchDistance":-0.0884252,"touchZone":"touching","type":2,"width":17.9584},{"bases":[[[0.935059,-0.281118,-0.215958],[0.338096,0.890354,0.304896],[0.106567,-0.35811,0.927578]],[[0.935139,-0.281387,-0.215261],[0.262903,0.958443,-0.110763],[0.237483,0.046986,0.970255]],[[0.935139,-0.281387,-0.215261],[0.0826503,0.764102,-0.639778],[0.344507,0.58049,0.737798]],[[0.935139,-0.281387,-0.215261],[0.0577961,0.720623,-0.690914],[0.349536,0.633659,0.690145]]],"btipPosition":[69.9795,164.017,-98.3794],"carpPosition":[101.515,171.19,29.0372],"dipPosition":[76.1531,175.209,-86.1899],"direction":[-0.344507,-0.58049,-0.737798],"extended":false,"handId":264,"id":2643,"length":60.9053,"mcpPosition":[95.2052,192.395,-25.889],"pipPosition":[85.1748,190.41,-66.8691],"stabilizedTipPosition":[71.3994,166.591,-95.5758],"timeVisible":0,"tipPosition":[71.3994,166.591,-95.5758],"tipVelocity":[1.19209e-7,1.19209e-7,1.19209e-7],"tool":false,"touchDistance":0.0737359,"touchZone":"hovering","type":3,"width":17.0885},{"bases":[[[0.872305,-0.463898,-0.154538],[0.487493,0.800631,0.348338],[-0.0378653,-0.379194,0.924542]],[[0.871091,-0.473205,-0.131447],[0.467506,0.880949,-0.0732581],[0.150464,0.00236205,0.988613]],[[0.871091,-0.473205,-0.131447],[0.271307,0.686755,-0.674359],[0.409382,0.551766,0.726609]],[[0.871091,-0.473205,-0.131447],[0.0531466,0.3569,-0.932629],[0.488238,0.805419,0.336042]]],"btipPosition":[93.2263,160.95,-77.9679],"carpPosition":[111.705,163.569,24.6653],"dipPosition":[101.182,174.073,-72.4924],"direction":[-0.409382,-0.551766,-0.726609],"extended":false,"handId":264,"id":2644,"length":47.7486,"mcpPosition":[113.78,184.354,-26.0129],"pipPosition":[108.751,184.275,-59.0579],"stabilizedTipPosition":[95.0561,163.968,-76.7086],"timeVisible":0,"tipPosition":[95.0561,163.968,-76.7086],"tipVelocity":[1.19209e-7,1.19209e-7,1.19209e-7],"tool":false,"touchDistance":0.382705,"touchZone":"hovering","type":4,"width":15.1794}],"r":[[1,5.55112e-18,1.11022e-17],[-5.55112e-18,1,-1.2326e-34],[-1.11022e-17,6.16298e-35,1]],"s":1,"t":[0,0,0],"timestamp":259772259238},{"currentFrameRate":23.7752,"devices":[],"gestures":[],"hands":[{"armBasis":[[0.878004,-0.0176048,-0.47833],[0.200797,0.920686,0.33469],[0.4345,-0.389906,0.811901]],"armWidth":62.9551,"confidence":0.218183,"direction":[-0.18759,0.559889,-0.807053],"elbow":[214.328,57.2406,255.152],"grabAngle":0.884039,"grabStrength":0,"id":264,"palmNormal":[-0.245105,-0.822329,-0.513515],"palmPosition":[79.5737,192.52,-9.98516],"palmVelocity":[-32.7554,281.373,-36.8667],"palmWidth":86.0143,"pinchDistance":63.6845,"pinchStrength":0.890971,"r":[[0.999838,-0.0165144,-0.00716419],[0.0165874,0.99981,0.0102412],[0.0069937,-0.0103584,0.999922]],"s":1.0087,"sphereCenter":[51.3932,152.576,-57.1983],"sphereRadius":68.5582,"stabilizedPalmPosition":[80.179,187.32,-9.30385],"t":[-0.689387,5.92191,-0.775914],"timeVisible":0.042093,"type":"right","wrist":[103.428,156.759,47.9266]}],"id":164989,"interactionBox":{"center":[0,200,0],"size":[235.247,235.247,147.751]},"pointables":[{"bases":[[[0.565374,0.80393,0.184524],[-0.582675,0.230925,0.779207],[0.583816,-0.548061,0.598989]],[[0.396332,0.917784,0.0243756],[-0.864373,0.364054,0.346878],[0.309485,-0.158548,0.937594]],[[0.396332,0.917784,0.0243756],[-0.90185,0.394151,-0.176951],[-0.17201,0.0481482,0.983918]],[[0.396332,0.917784,0.0243756],[-0.704375,0.320989,-0.633105],[-0.588878,0.23375,0.773682]]],"btipPosition":[73.9232,159.679,-57.8996],"carpPosition":[69.4758,159.094,36.4326],"dipPosition":[60.5589,164.984,-40.3413],"direction":[0.17201,-0.0481482,-0.983918],"extended":false,"handId":264,"id":2640,"length":50.5373,"mcpPosition":[69.4758,159.094,36.4326],"pipPosition":[54.8718,166.576,-7.81048],"stabilizedTipPosition":[70.6256,157.983,-53.3417],"timeVisible":0.042093,"tipPosition":[66.3841,159.897,-53.8205],"tipVelocity":[30.6918,399.908,-71.2263],"tool":false,"touchDistance":0.68171,"touchZone":"hovering","type":0,"width":20.3863},{"bases":[[[0.906175,-0.00603539,-0.42286],[0.191271,0.897634,0.397075],[0.377177,-0.4407,0.814568]],[[0.950218,-0.0679623,-0.304083],[0.157551,0.946769,0.280723],[0.268818,-0.314657,0.910345]],[[0.950218,-0.0679623,-0.304083],[0.0841556,0.995631,0.0404522],[0.300005,-0.0640287,0.951786]],[[0.950218,-0.0679623,-0.304083],[0.0339019,0.992679,-0.115924],[0.309735,0.0998443,0.945566]]],"btipPosition":[29.7671,222.789,-97.0116],"carpPosition":[79.3608,179.184,35.5385],"dipPosition":[34.8988,224.443,-81.3456],"direction":[-0.300005,0.0640287,-0.951786],"extended":true,"handId":264,"id":2641,"length":57.0257,"mcpPosition":[53.1295,209.833,-21.1119],"pipPosition":[41.9303,222.942,-59.0375],"stabilizedTipPosition":[31.4695,220.943,-93.3242],"timeVisible":0.042093,"tipPosition":[32.6935,225.404,-91.7432],"tipVelocity":[-95.3287,406.407,-15.3755],"tool":false,"touchDistance":0.180735,"touchZone":"hovering","type":1,"width":19.473},{"bases":[[[0.902828,-0.218456,-0.370376],[0.349951,0.873798,0.337656],[0.24987,-0.434459,0.865338]],[[0.914691,-0.240942,-0.324481],[0.331482,0.906566,0.261262],[0.231214,-0.346533,0.909095]],[[0.914691,-0.240942,-0.324481],[0.260215,0.965407,0.0166722],[0.309239,-0.0996847,0.945745]],[[0.914691,-0.240942,-0.324481],[0.202503,0.968038,-0.14797],[0.349762,0.0696385,0.934247]]],"btipPosition":[47.7056,227.135,-111.811],"carpPosition":[89.893,180.805,30.8547],"dipPosition":[54.0792,228.404,-94.7867],"direction":[-0.309239,0.0996847,-0.945745],"extended":true,"handId":264,"id":2642,"length":64.9762,"mcpPosition":[73.4133,209.458,-26.2168],"pipPosition":[62.6064,225.655,-68.7079],"stabilizedTipPosition":[49.2364,227.011,-107.806],"timeVisible":0.042093,"tipPosition":[49.4686,231.772,-105.491],"tipVelocity":[-44.5278,285.207,-61.5293],"tool":false,"touchDistance":-0.159212,"touchZone":"touching","type":2,"width":19.1251},{"bases":[[[0.900792,-0.345254,-0.26339],[0.421347,0.841662,0.337745],[0.105078,-0.415216,0.903634]],[[0.900988,-0.346037,-0.261683],[0.395456,0.903113,0.16734],[0.178423,-0.254255,0.950536]],[[0.900988,-0.346037,-0.261683],[0.315194,0.936572,-0.15325],[0.298115,0.0555957,0.952909]],[[0.900988,-0.346037,-0.261683],[0.253215,0.909215,-0.330471],[0.352281,0.231489,0.906814]]],"btipPosition":[72.0871,209.276,-110.528],"carpPosition":[100.43,179.361,26.1908],"dipPosition":[78.4697,213.47,-94.098],"direction":[-0.298115,-0.0555957,-0.952909],"extended":true,"handId":264,"id":2643,"length":62.4764,"mcpPosition":[94.2082,203.948,-27.3175],"pipPosition":[86.4779,214.963,-68.5003],"stabilizedTipPosition":[71.3994,166.591,-95.5758],"timeVisible":0.042093,"tipPosition":[72.0333,204.857,-104.818],"tipVelocity":[51.2129,1036.97,-265.434],"tool":false,"touchDistance":-0.162479,"touchZone":"hovering","type":3,"width":18.1987},{"bases":[[[0.824815,-0.525279,-0.209194],[0.563941,0.737704,0.371165],[-0.0406414,-0.424115,0.904696]],[[0.825544,-0.515127,-0.230481],[0.489248,0.856844,-0.162648],[0.281271,0.0215107,0.959387]],[[0.825544,-0.515127,-0.230481],[0.129221,0.570106,-0.811345],[0.549344,0.640018,0.537213]],[[0.825544,-0.515127,-0.230481],[-0.0825653,0.293766,-0.952305],[0.558265,0.805199,0.199985]]],"btipPosition":[82.6322,168.085,-74.9444],"carpPosition":[109.799,171.172,21.0728],"dipPosition":[91.9633,181.544,-71.6017],"direction":[-0.549344,-0.640018,-0.537213],"extended":false,"handId":264,"id":2644,"length":48.9803,"mcpPosition":[112.026,194.42,-28.5175],"pipPosition":[102.382,193.682,-61.4128],"stabilizedTipPosition":[89.0178,168.205,-75.2204],"timeVisible":0.042093,"tipPosition":[87.5597,174.984,-76.9683],"tipVelocity":[-244.167,171.341,60.177],"tool":false,"touchDistance":0.415763,"touchZone":"hovering","type":4,"width":16.1655}],"r":[[0.999838,-0.0165144,-0.00716419],[0.0165874,0.99981,0.0102412],[0.0069937,-0.0103584,0.999922]],"s":1.0087,"t":[-0.689387,5.92191,-0.775914],"timestamp":259772301331},{"currentFrameRate":23.7785,"devices":[],"gestures":[],"hands":[{"armBasis":[[0.876185,0.0328906,-0.480851],[0.204958,0.877541,0.43349],[0.436224,-0.478371,0.762148]],"armWidth":62.9551,"confidence":0.416262,"direction":[-0.190026,0.587085,-0.786906],"elbow":[212.827,42.8484,239.35],"grabAngle":1.00999,"grabStrength":0,"id":264,"palmNormal":[-0.232771,-0.805599,-0.54482],"palmPosition":[77.5106,203.177,-11.4451],"palmVelocity":[-49.086,253.56,-34.7369],"palmWidth":86.0143,"pinchDistance":64.3892,"pinchStrength":1,"r":[[0.999555,-0.0272952,-0.0120393],[0.0275977,0.999288,0.0257239],[0.0113286,-0.0260447,0.999597]],"s":1.02999,"sphereCenter":[53.7676,167.654,-59.6938],"sphereRadius":64.6074,"stabilizedPalmPosition":[77.9053,200.832,-11.1284],"t":[-2.06562,14.2114,-1.89387],"timeVisible":0.084123,"type":"right","wrist":[101.487,164.946,44.8225]}],"id":164990,"interactionBox":{"center":[0,200,0],"size":[235.247,235.247,147.751]},"pointables":[{"bases":[[[0.90834,0.0200649,-0.417751],[0.178651,0.884521,0.430936],[0.378156,-0.466068,0.799862]],[[0.95157,-0.0439513,-0.304275],[0.147618,0.93349,0.32681],[0.269674,-0.355899,0.894769]],[[0.95157,-0.0439513,-0.304275],[0.0862532,0.988144,0.127009],[0.295086,-0.147103,0.944079]],[[0.95157,-0.0439513,-0.304275],[0.0348846,0.998772,-0.0351726],[0.305448,0.0228547,0.951935]]],"btipPosition":[27.7101,238.478,-97.249],"carpPosition":[77.2213,188.169,33.5543],"dipPosition":[32.7707,238.857,-81.4774],"direction":[-0.295086,0.147103,-0.944079],"extended":true,"handId":264,"id":2641,"length":57.0257,"mcpPosition":[50.9218,220.582,-22.0733],"pipPosition":[39.687,235.409,-59.35],"stabilizedTipPosition":[28.8814,238.515,-93.6207],"timeVisible":0.084123,"tipPosition":[30.4187,238.519,-92.3926],"tipVelocity":[-49.3302,366.315,-5.06943],"tool":false,"touchDistance":0.21928,"touchZone":"hovering","type":1,"width":19.473},{"bases":[[[0.907225,-0.194172,-0.373148],[0.337904,0.864733,0.371562],[0.250526,-0.463179,0.850119]],[[0.922522,-0.226083,-0.312794],[0.31709,0.906016,0.280336],[0.220017,-0.3578,0.907508]],[[0.922522,-0.226083,-0.312794],[0.251447,0.966928,0.0427095],[0.292794,-0.118051,0.94886]],[[0.922522,-0.226083,-0.312794],[0.193027,0.972094,-0.133321],[0.334207,0.0626134,0.940418]]],"btipPosition":[46.7871,239.468,-112.794],"carpPosition":[87.7575,190.083,28.9921],"dipPosition":[52.8772,240.609,-95.6572],"direction":[-0.292794,0.118051,-0.94886],"extended":true,"handId":264,"id":2642,"length":64.9762,"mcpPosition":[71.2346,220.631,-27.0757],"pipPosition":[60.951,237.354,-69.4926],"stabilizedTipPosition":[48.1922,239.678,-108.848],"timeVisible":0.084123,"tipPosition":[47.5278,244.861,-106.004],"tipVelocity":[-23.4041,292.74,-22.7735],"tool":false,"touchDistance":-0.196019,"touchZone":"touching","type":2,"width":19.1251},{"bases":[[[0.906133,-0.324848,-0.27092],[0.409672,0.833444,0.370864],[0.105323,-0.44704,0.888292]],[[0.907069,-0.328975,-0.26268],[0.382596,0.904509,0.188369],[0.175628,-0.271364,0.946317]],[[0.907069,-0.328975,-0.26268],[0.284991,0.939104,-0.192002],[0.309847,0.0992982,0.945587]],[[0.907069,-0.328975,-0.26268],[0.20767,0.892431,-0.400549],[0.366194,0.308775,0.877815]]],"btipPosition":[69.5311,218.9,-110.568],"carpPosition":[98.3349,188.934,24.3368],"dipPosition":[76.1658,224.495,-94.664],"direction":[-0.309847,-0.0992982,-0.945587],"extended":true,"handId":264,"id":2643,"length":62.4764,"mcpPosition":[92.0983,215.405,-28.2631],"pipPosition":[84.4891,227.162,-69.2631],"stabilizedTipPosition":[71.0586,219.949,-106.86],"timeVisible":0.084123,"tipPosition":[70.4926,219.226,-106.069],"tipVelocity":[-59.4351,236.658,-3.84253],"tool":false,"touchDistance":-0.182184,"touchZone":"touching","type":3,"width":18.1987},{"bases":[[[0.554917,0.803062,0.21716],[-0.589342,0.195249,0.783934],[0.587148,-0.563,0.581626]],[[0.393466,0.916862,0.0674418],[-0.870413,0.34791,0.348338],[0.295915,-0.195762,0.93494]],[[0.393466,0.916862,0.0674418],[-0.896707,0.398923,-0.191771],[-0.202732,0.0149799,0.97912]],[[0.393466,0.916862,0.0674418],[-0.680064,0.339638,-0.649737],[-0.618625,0.209785,0.757161]]],"btipPosition":[74.3476,171.928,-60.0207],"carpPosition":[67.5689,167.947,33.6527],"dipPosition":[60.3082,176.689,-42.8374],"direction":[0.202732,-0.0149799,-0.97912],"extended":false,"handId":264,"id":2640,"length":50.5373,"mcpPosition":[67.5689,167.947,33.6527],"pipPosition":[53.6053,177.184,-10.4652],"stabilizedTipPosition":[71.1022,172.525,-55.9783],"timeVisible":0.084123,"tipPosition":[65.6177,172.152,-56.4747],"tipVelocity":[6.40161,288.45,-52.5186],"tool":false,"touchDistance":0.613762,"touchZone":"hovering","type":0,"width":20.3863},{"bases":[[[0.832003,-0.507618,-0.223817],[0.553306,0.729981,0.401223],[-0.0402855,-0.457658,0.888215]],[[0.832931,-0.489968,-0.257209],[0.431908,0.866183,-0.251361],[0.345949,0.0982759,0.933092]],[[0.832931,-0.489968,-0.257209],[-0.0790387,0.354697,-0.931634],[0.547703,0.796317,0.256712]],[[0.832931,-0.489968,-0.257209],[-0.303947,-0.0166635,-0.952543],[0.46243,0.871581,-0.162804]]],"btipPosition":[80.0544,173.094,-63.8556],"carpPosition":[107.825,181.049,18.9728],"dipPosition":[87.7837,187.662,-66.5768],"direction":[-0.547703,-0.796317,-0.256712],"extended":false,"handId":264,"id":2644,"length":48.9803,"mcpPosition":[110.033,206.135,-29.7142],"pipPosition":[98.1716,202.765,-61.7079],"stabilizedTipPosition":[86.9866,170.535,-72.1848],"timeVisible":0.084123,"tipPosition":[83.617,181.432,-70.6241],"tipVelocity":[-70.0973,125.256,230.647],"tool":false,"touchDistance":0.552932,"touchZone":"hovering","type":4,"width":16.1655}],"r":[[0.999555,-0.0272952,-0.0120393],[0.0275977,0.999288,0.0257239],[0.0113286,-0.0260447,0.999597]],"s":1.02999,"t":[-2.06562,14.2114,-1.89387],"timestamp":259772343361},{"currentFrameRate":27.3415,"devices":[],"gestures":[],"hands":[{"armBasis":[[0.881747,0.0584364,-0.468089],[0.19066,0.863487,0.466947],[0.431476,-0.500975,0.750235]],"armWidth":62.9551,"confidence":0.464231,"direction":[-0.185983,0.59868,-0.779098],"elbow":[210.563,39.0523,234.943],"grabAngle":0.957541,"grabStrength":0,"id":264,"palmNormal":[-0.214037,-0.798575,-0.562553],"palmPosition":[76.7964,205.993,-12.3716],"palmVelocity":[-63.2042,249.233,-81.9871],"palmWidth":86.0143,"pinchDistance":64.7119,"pinchStrength":1,"r":[[0.999361,-0.0332417,-0.0131466],[0.0337637,0.998559,0.0417079],[0.0117412,-0.0421252,0.999043]],"s":1.04929,"sphereCenter":[54.5233,171.65,-62.0216],"sphereRadius":64.9941,"stabilizedPalmPosition":[77.4185,203.098,-11.6742],"t":[-3.11085,19.7644,-2.91607],"timeVisible":0.095423,"type":"right","wrist":[100.435,166.919,43.4561]}],"id":164991,"interactionBox":{"center":[0,200,0],"size":[235.247,235.247,147.751]},"pointables":[{"bases":[[[0.914117,0.0392711,-0.403545],[0.160587,0.878835,0.449289],[0.372294,-0.475506,0.797051]],[[0.957025,-0.0272724,-0.288719],[0.136296,0.921063,0.364783],[0.25598,-0.388458,0.885198]],[[0.957025,-0.0272724,-0.288719],[0.0853897,0.977934,0.190668],[0.277148,-0.207128,0.938236]],[[0.957025,-0.0272724,-0.288719],[0.0392808,0.998584,0.0358791],[0.287331,-0.0456783,0.956741]]],"btipPosition":[28.2219,245.039,-97.8082],"carpPosition":[76.0343,190.174,32.3436],"dipPosition":[32.9824,244.282,-81.957],"direction":[-0.277148,0.207128,-0.938236],"extended":true,"handId":264,"id":2641,"length":57.0257,"mcpPosition":[50.1425,223.244,-23.0886],"pipPosition":[39.4782,239.427,-59.9665],"stabilizedTipPosition":[29.2418,243.769,-94.0689],"timeVisible":0.095423,"tipPosition":[30.2795,242.593,-93.4996],"tipVelocity":[39.1856,557.455,-47.867],"tool":false,"touchDistance":0.26648,"touchZone":"hovering","type":1,"width":19.473},{"bases":[[[0.915151,-0.175732,-0.362791],[0.320952,0.86217,0.391986],[0.243903,-0.475165,0.845417]],[[0.930077,-0.208815,-0.302247],[0.302647,0.901892,0.308215],[0.208234,-0.378138,0.902026]],[[0.930077,-0.208815,-0.302247],[0.249202,0.963123,0.10145],[0.269916,-0.169677,0.947816]],[[0.930077,-0.208815,-0.302247],[0.198096,0.977954,-0.0660617],[0.309378,0.00156871,0.950938]]],"btipPosition":[47.7117,245.968,-113.407],"carpPosition":[86.6112,192.305,27.976],"dipPosition":[53.3494,245.997,-96.0781],"direction":[-0.269916,0.169677,-0.947816],"extended":true,"handId":264,"id":2642,"length":64.9762,"mcpPosition":[70.5251,223.644,-27.7816],"pipPosition":[60.7923,241.318,-69.9423],"stabilizedTipPosition":[48.8489,244.744,-109.309],"timeVisible":0.095423,"tipPosition":[47.8466,248.607,-106.967],"tipVelocity":[72.6131,552.543,-50.307],"tool":false,"touchDistance":-0.240912,"touchZone":"touching","type":2,"width":19.1251},{"bases":[[[0.914252,-0.308232,-0.262937],[0.393127,0.831825,0.391815],[0.0979476,-0.461586,0.881672]],[[0.915448,-0.314206,-0.251454],[0.369111,0.904519,0.213547],[0.160347,-0.288306,0.944017]],[[0.915448,-0.314206,-0.251454],[0.294146,0.948846,-0.114762],[0.27465,0.0310947,0.961041]],[[0.915448,-0.314206,-0.251454],[0.237214,0.926047,-0.293542],[0.325091,0.209074,0.922282]]],"btipPosition":[71.2561,226.577,-112.173],"carpPosition":[97.271,191.377,23.4615],"dipPosition":[77.146,230.365,-95.4628],"direction":[-0.27465,-0.0310947,-0.961041],"extended":true,"handId":264,"id":2643,"length":62.4764,"mcpPosition":[91.471,218.709,-28.7464],"pipPosition":[84.5239,231.2,-69.6467],"stabilizedTipPosition":[72.2901,225.899,-108.026],"timeVisible":0.095423,"tipPosition":[71.2595,224.308,-107.055],"tipVelocity":[137.495,642.577,-125.587],"tool":false,"touchDistance":-0.248073,"touchZone":"touching","type":3,"width":18.1987},{"bases":[[[0.541031,0.806088,0.239808],[-0.60346,0.173493,0.778291],[0.585766,-0.565793,0.580307]],[[0.387918,0.916634,0.0964471],[-0.876163,0.334249,0.347298],[0.286108,-0.219227,0.932782]],[[0.387918,0.916634,0.0964471],[-0.892738,0.399692,-0.208004],[-0.229213,-0.00541333,0.973361]],[[0.387918,0.916634,0.0964471],[-0.662891,0.350167,-0.661785],[-0.640387,0.192784,0.743464]]],"btipPosition":[75.2587,175.98,-61.1349],"carpPosition":[66.6479,169.831,31.9355],"dipPosition":[60.7254,180.355,-44.2623],"direction":[0.229213,0.00541333,-0.973361],"extended":false,"handId":264,"id":2640,"length":50.5373,"mcpPosition":[66.6479,169.831,31.9355],"pipPosition":[53.1471,180.176,-12.0806],"stabilizedTipPosition":[71.65,175.527,-56.8371],"timeVisible":0.095423,"tipPosition":[66.2534,175.696,-58.0823],"tipVelocity":[70.5793,350.699,-104.924],"tool":false,"touchDistance":0.567934,"touchZone":"hovering","type":0,"width":20.3863},{"bases":[[[0.841836,-0.49276,-0.220226],[0.53764,0.729687,0.422493],[-0.0474911,-0.474073,0.879204]],[[0.843047,-0.473932,-0.254284],[0.433503,0.878606,-0.200315],[0.318351,0.058642,0.946157]],[[0.843047,-0.473932,-0.254284],[-0.050209,0.401372,-0.914538],[0.535491,0.783766,0.31458]],[[0.843047,-0.473932,-0.254284],[-0.28706,0.00332365,-0.957907],[0.454828,0.880555,-0.133245]]],"btipPosition":[80.8719,178.104,-66.2721],"carpPosition":[106.943,183.712,18.1018],"dipPosition":[88.4741,192.823,-68.4993],"direction":[-0.535491,-0.783765,-0.31458],"extended":false,"handId":264,"id":2644,"length":48.9803,"mcpPosition":[109.546,209.698,-30.0912],"pipPosition":[98.6303,207.688,-62.5329],"stabilizedTipPosition":[86.2872,172.289,-71.3197],"timeVisible":0.095423,"tipPosition":[83.9279,185.02,-71.3411],"tipVelocity":[69.7545,446.429,-203.799],"tool":false,"touchDistance":0.496428,"touchZone":"hovering","type":4,"width":16.1655}],"r":[[0.999361,-0.0332417,-0.0131466],[0.0337637,0.998559,0.0417079],[0.0117412,-0.0421252,0.999043]],"s":1.04929,"t":[-3.11085,19.7644,-2.91607],"timestamp":259772354661},{"currentFrameRate":30.7085,"devices":[],"gestures":[],"hands":[{"armBasis":[[0.882913,0.0525421,-0.466587],[0.205155,0.850677,0.484005],[0.422346,-0.523057,0.740295]],"armWidth":62.9551,"confidence":0.509564,"direction":[-0.191151,0.598677,-0.777848],"elbow":[207.449,35.9312,231.158],"grabAngle":0.903952,"grabStrength":0,"id":264,"palmNormal":[-0.224027,-0.798153,-0.559252],"palmPosition":[75.7809,208.76,-13.3346],"palmVelocity":[-89.9849,245.187,-85.3378],"palmWidth":86.0143,"pinchDistance":64.6799,"pinchStrength":1,"r":[[0.999107,-0.0390067,-0.0162098],[0.0398319,0.997738,0.0541581],[0.0140606,-0.0547555,0.998401]],"s":1.06081,"sphereCenter":[52.3466,174.095,-63.1141],"sphereRadius":65.985,"stabilizedPalmPosition":[76.642,205.783,-12.4615],"t":[-4.1412,23.9243,-3.90869],"timeVisible":0.106708,"type":"right","wrist":[99.6513,169.434,42.2083]}],"id":164992,"interactionBox":{"center":[0,200,0],"size":[235.247,235.247,147.751]},"pointables":[{"bases":[[[0.909992,0.0341185,-0.41322],[0.169793,0.878548,0.446457],[0.378266,-0.476434,0.793678]],[[0.9551,-0.0350836,-0.294198],[0.147757,0.917076,0.370324],[0.256809,-0.397167,0.881083]],[[0.9551,-0.0350836,-0.294198],[0.101507,0.971618,0.21367],[0.278352,-0.23394,0.931554]],[[0.9551,-0.0350836,-0.294198],[0.0563388,0.996353,0.0640845],[0.290877,-0.0777819,0.953594]]],"btipPosition":[27.0614,249.451,-98.1309],"carpPosition":[75.4106,192.999,31.4061],"dipPosition":[31.8806,248.163,-82.3318],"direction":[-0.278352,0.23394,-0.931554],"extended":true,"handId":264,"id":2641,"length":57.0257,"mcpPosition":[49.1035,226.133,-23.7915],"pipPosition":[38.4046,242.68,-60.498],"stabilizedTipPosition":[28.3271,248.365,-94.4343],"timeVisible":0.106708,"tipPosition":[28.5579,245.831,-94.0573],"tipVelocity":[-101.643,380.195,-29.6621],"tool":false,"touchDistance":0.282082,"touchZone":"hovering","type":1,"width":19.473},{"bases":[[[0.910362,-0.180837,-0.372207],[0.329457,0.860995,0.387487],[0.250396,-0.47538,0.843396]],[[0.925752,-0.213905,-0.311815],[0.310652,0.900384,0.304636],[0.21559,-0.378883,0.899983]],[[0.925752,-0.213905,-0.311815],[0.26262,0.957003,0.123191],[0.272056,-0.195933,0.942123]],[[0.925752,-0.213905,-0.311815],[0.215517,0.976048,-0.02972],[0.310703,-0.0396879,0.949678]]],"btipPosition":[46.1968,250.259,-114.05],"carpPosition":[85.9515,195.071,26.9244],"dipPosition":[51.8586,249.535,-96.7439],"direction":[-0.272056,0.195933,-0.942123],"extended":true,"handId":264,"id":2642,"length":64.9762,"mcpPosition":[69.4371,226.424,-28.6999],"pipPosition":[59.3605,244.133,-70.7651],"stabilizedTipPosition":[47.7295,249.179,-109.939],"timeVisible":0.106708,"tipPosition":[46.1726,251.297,-107.874],"tipVelocity":[-133.75,364.889,-57.4337],"tool":false,"touchDistance":-0.260706,"touchZone":"touching","type":2,"width":19.1251},{"bases":[[[0.909844,-0.31321,-0.272182],[0.401471,0.830282,0.386592],[0.104903,-0.461012,0.881172]],[[0.910602,-0.316643,-0.265595],[0.37647,0.900664,0.216967],[0.170511,-0.297559,0.939353]],[[0.910602,-0.316643,-0.265595],[0.305034,0.948538,-0.085031],[0.278852,-0.00358602,0.960328]],[[0.910602,-0.316643,-0.265595],[0.250127,0.933827,-0.255741],[0.328998,0.166445,0.929546]]],"btipPosition":[69.5073,231.354,-113.216],"carpPosition":[96.5581,194.083,22.2988],"dipPosition":[75.4681,234.37,-96.3747],"direction":[-0.278852,0.00358602,-0.960328],"extended":true,"handId":264,"id":2643,"length":62.4764,"mcpPosition":[90.3463,221.381,-29.8794],"pipPosition":[82.9588,234.273,-70.5777],"stabilizedTipPosition":[71.1405,230.906,-109.098],"timeVisible":0.106708,"tipPosition":[69.5151,227.571,-108.135],"tipVelocity":[-153.518,407.558,-89.7797],"tool":false,"touchDistance":-0.270952,"touchZone":"touching","type":3,"width":18.1987},{"bases":[[[0.547628,0.803607,0.233065],[-0.594317,0.177511,0.784396],[0.588975,-0.568072,0.574807]],[[0.402299,0.910157,0.0988404],[-0.867312,0.344325,0.359458],[0.29313,-0.230335,0.927912]],[[0.402299,0.910157,0.0988404],[-0.885597,0.414252,-0.210033],[-0.232108,-0.00303674,0.972685]],[[0.402299,0.910157,0.0988404],[-0.652197,0.360685,-0.666742],[-0.642491,0.203767,0.738705]]],"btipPosition":[74.3399,179.049,-61.5874],"carpPosition":[65.917,172.704,31.1228],"dipPosition":[59.7589,183.673,-44.8229],"direction":[0.232108,0.00303674,-0.972685],"extended":false,"handId":264,"id":2640,"length":50.5373,"mcpPosition":[65.917,172.704,31.1228],"pipPosition":[52.0848,183.573,-12.6635],"stabilizedTipPosition":[71.17,178.843,-57.4839],"timeVisible":0.106708,"tipPosition":[64.9636,178.556,-58.8273],"tipVelocity":[-82.392,277.054,-42.3029],"tool":false,"touchDistance":0.537313,"touchZone":"hovering","type":0,"width":20.3863},{"bases":[[[0.836945,-0.497314,-0.228476],[0.545777,0.727446,0.415872],[-0.0406153,-0.472759,0.880255]],[[0.837924,-0.475685,-0.267594],[0.448273,0.879506,-0.159754],[0.311343,0.0139067,0.950196]],[[0.837924,-0.475685,-0.267594],[-0.00632977,0.481788,-0.876265],[0.54575,0.735937,0.400691]],[[0.837924,-0.475685,-0.267594],[-0.255821,0.0907906,-0.962451],[0.482119,0.874917,-0.0456146]]],"btipPosition":[79.2754,183.218,-70.8209],"carpPosition":[106.134,186.363,16.8471],"dipPosition":[87.3338,197.842,-71.5833],"direction":[-0.54575,-0.735937,-0.400691],"extended":false,"handId":264,"id":2644,"length":48.9803,"mcpPosition":[108.36,212.277,-31.4035],"pipPosition":[97.6846,211.8,-63.9837],"stabilizedTipPosition":[85.1544,175.428,-71.2486],"timeVisible":0.106708,"tipPosition":[81.9566,187.444,-72.0594],"tipVelocity":[-132.17,451.21,-373.225],"tool":false,"touchDistance":0.416941,"touchZone":"hovering","type":4,"width":16.1655}],"r":[[0.999107,-0.0390067,-0.0162098],[0.0398319,0.997738,0.0541581],[0.0140606,-0.0547555,0.998401]],"s":1.06081,"t":[-4.1412,23.9243,-3.90869],"timestamp":259772365946},{"currentFrameRate":33.9323,"devices":[],"gestures":[],"hands":[{"armBasis":[[0.885278,0.0522578,-0.462116],[0.209946,0.841745,0.497382],[0.414976,-0.537341,0.734207]],"armWidth":62.9551,"confidence":0.551234,"direction":[-0.194806,0.606227,-0.771064],"elbow":[204.898,33.9364,228.521],"grabAngle":0.860176,"grabStrength":0,"id":264,"palmNormal":[-0.227515,-0.792612,-0.565688],"palmPosition":[74.964,211.02,-13.9128],"palmVelocity":[-74.183,205.17,-52.5018],"palmWidth":86.0143,"pinchDistance":65.1316,"pinchStrength":1,"r":[[0.998848,-0.0436851,-0.0198409],[0.0449063,0.996811,0.0659653],[0.0168959,-0.0667803,0.997625]],"s":1.06871,"sphereCenter":[50.8485,177.251,-63.9822],"sphereRadius":66.3667,"stabilizedPalmPosition":[75.8212,208.345,-13.1715],"t":[-5.06482,27.1339,-4.69408],"timeVisible":0.11772,"type":"right","wrist":[98.981,171.085,41.1253]}],"id":164993,"interactionBox":{"center":[0,200,0],"size":[235.247,235.247,147.751]},"pointables":[{"bases":[[[0.549406,0.80098,0.237873],[-0.590072,0.170374,0.789169],[0.591581,-0.573937,0.56624]],[[0.410085,0.905244,0.111191],[-0.864387,0.346861,0.364036],[0.290974,-0.245398,0.924724]],[[0.410085,0.905244,0.111191],[-0.879214,0.42479,-0.215722],[-0.242514,-0.00929679,0.970103]],[[0.410085,0.905244,0.111191],[-0.637919,0.37182,-0.674396],[-0.651836,0.205628,0.72995]]],"btipPosition":[74.3888,181.766,-62.0273],"carpPosition":[65.308,174.545,30.2484],"dipPosition":[59.5957,186.432,-45.4615],"direction":[0.242514,0.0092968,-0.970103],"extended":false,"handId":264,"id":2640,"length":50.5373,"mcpPosition":[65.308,174.545,30.2484],"pipPosition":[51.5776,186.125,-13.3874],"stabilizedTipPosition":[71.0339,181.804,-58.0272],"timeVisible":0.11772,"tipPosition":[64.3832,181.37,-59.5362],"tipVelocity":[0.0105382,247.609,-44.0952],"tool":false,"touchDistance":0.509632,"touchZone":"hovering","type":0,"width":20.3863},{"bases":[[[0.907837,0.0374833,-0.417645],[0.172748,0.874119,0.453954],[0.382087,-0.484263,0.787082]],[[0.95398,-0.0337912,-0.29796],[0.153562,0.908509,0.388627],[0.257567,-0.416498,0.871888]],[[0.95398,-0.0337912,-0.29796],[0.109637,0.964141,0.241685],[0.279109,-0.26323,0.923476]],[[0.95398,-0.0337912,-0.29796],[0.0639743,0.993689,0.0921339],[0.292967,-0.106956,0.950122]]],"btipPosition":[26.1183,253.803,-97.7721],"carpPosition":[74.8172,194.831,30.6762],"dipPosition":[30.9721,252.031,-82.0305],"direction":[-0.279109,0.26323,-0.923476],"extended":true,"handId":264,"id":2641,"length":57.0257,"mcpPosition":[48.2443,228.51,-24.0626],"pipPosition":[37.5139,245.861,-60.3861],"stabilizedTipPosition":[27.3784,252.733,-94.1887],"timeVisible":0.11772,"tipPosition":[27.3361,249.237,-94.0371],"tipVelocity":[-84.9208,385.046,31.3834],"tool":false,"touchDistance":0.301173,"touchZone":"hovering","type":1,"width":19.473},{"bases":[[[0.908272,-0.177856,-0.378695],[0.332088,0.857028,0.393981],[0.25448,-0.483602,0.837478]],[[0.924244,-0.212232,-0.31738],[0.3142,0.895062,0.316454],[0.216913,-0.392202,0.893939]],[[0.924244,-0.212232,-0.31738],[0.268884,0.951976,0.146432],[0.271061,-0.220677,0.936925]],[[0.924244,-0.212232,-0.31738],[0.224026,0.974583,0.000682906],[0.309168,-0.0717325,0.948298]]],"btipPosition":[45.3054,254.557,-113.973],"carpPosition":[85.3359,196.939,26.1594],"dipPosition":[50.9392,253.25,-96.6928],"direction":[-0.271061,0.220677,-0.936925],"extended":true,"handId":264,"id":2642,"length":64.9762,"mcpPosition":[68.5522,228.834,-29.0746],"pipPosition":[58.4137,247.165,-70.8573],"stabilizedTipPosition":[46.7715,253.49,-109.99],"timeVisible":0.11772,"tipPosition":[45.0021,254.465,-108.022],"tipVelocity":[-81.5302,378.161,6.39539],"tool":false,"touchDistance":-0.266358,"touchZone":"touching","type":2,"width":19.1251},{"bases":[[[0.908185,-0.31118,-0.279941],[0.404074,0.826278,0.392414],[0.109197,-0.469502,0.876153]],[[0.908962,-0.314617,-0.273505],[0.380318,0.894508,0.234975],[0.170725,-0.317602,0.932728]],[[0.908962,-0.314617,-0.273505],[0.314639,0.948144,-0.0449973],[0.273479,-0.0451546,0.960818]],[[0.908962,-0.314617,-0.273505],[0.262422,0.9416,-0.211009],[0.323919,0.120025,0.93844]]],"btipPosition":[68.8394,236.588,-113.636],"carpPosition":[95.9174,195.988,21.4689],"dipPosition":[74.7082,238.762,-96.6335],"direction":[-0.273479,0.0451546,-0.960818],"extended":true,"handId":264,"id":2643,"length":62.4764,"mcpPosition":[89.4513,223.789,-30.4122],"pipPosition":[82.0545,237.549,-70.8234],"stabilizedTipPosition":[70.3467,236.065,-109.622],"timeVisible":0.11772,"tipPosition":[68.4438,231.479,-108.637],"tipVelocity":[-62.5764,457.718,-34.7745],"tool":false,"touchDistance":-0.279498,"touchZone":"touching","type":3,"width":18.1987},{"bases":[[[0.835387,-0.495647,-0.237619],[0.548461,0.723072,0.41995],[-0.036332,-0.481145,0.875888]],[[0.836176,-0.474338,-0.275341],[0.457086,0.880144,-0.128135],[0.303119,-0.0187109,0.952769]],[[0.836176,-0.474338,-0.275341],[0.0326169,0.544143,-0.838358],[0.54749,0.692034,0.470471]],[[0.836176,-0.474338,-0.275341],[-0.214417,0.179353,-0.960134],[0.504811,0.861879,0.0482647]]],"btipPosition":[78.2355,187.798,-74.5161],"carpPosition":[105.459,188.314,15.8933],"dipPosition":[86.6732,202.204,-73.7094],"direction":[-0.54749,-0.692034,-0.470471],"extended":false,"handId":264,"id":2644,"length":48.9803,"mcpPosition":[107.45,214.688,-32.1179],"pipPosition":[97.057,215.329,-64.7863],"stabilizedTipPosition":[83.8537,179.526,-72.0539],"timeVisible":0.11772,"tipPosition":[80.7075,190.408,-73.1196],"tipVelocity":[-86.5128,411.363,-302.791],"tool":false,"touchDistance":0.358565,"touchZone":"hovering","type":4,"width":16.1655}],"r":[[0.998848,-0.0436851,-0.0198409],[0.0449063,0.996811,0.0659653],[0.0168959,-0.0667803,0.997625]],"s":1.06871,"t":[-5.06482,27.1339,-4.69408],"timestamp":259772376958},{"currentFrameRate":36.9865,"devices":[],"gestures":[],"hands":[{"armBasis":[[0.888162,0.0607482,-0.455498],[0.205441,0.834159,0.511832],[0.41105,-0.548168,0.728388]],"armWidth":62.9551,"confidence":0.590242,"direction":[-0.193536,0.614974,-0.764428],"elbow":[202.707,33.2121,225.738],"grabAngle":0.857716,"grabStrength":0,"id":264,"palmNormal":[-0.222052,-0.786398,-0.57643],"palmPosition":[73.9063,213.679,-14.8103],"palmVelocity":[-96.2619,242.0