{"frames":379,"data":[{"currentFrameRate":23.762,"devices":[],"gestures":[],"hands":[],"id":165526,"interactionBox":{"center":[0,200,0],"size":[235.247,235.247,147.751]},"pointables":[],"r":[[-0.451118,-0.878766,0.155767],[0.630521,-0.437343,-0.641229],[0.631613,-0.191055,0.751374]],"s":-0.0734829,"t":[559.648,-310.26,370.787],"timestamp":259787923925},{"currentFrameRate":23.7624,"devices":[],"gestures":[],"hands":[],"id":165527,"interactionBox":{"center":[0,200,0],"size":[235.247,235.247,147.751]},"pointables":[],"r":[[-0.451118,-0.878766,0.155767],[0.630521,-0.437343,-0.641229],[0.631613,-0.191055,0.751374]],"s":-0.0734829,"t":[559.648,-310.26,370.787],"timestamp":259787966006},{"currentFrameRate":23.7605,"devices":[],"gestures":[],"hands":[],"id":165528,"interactionBox":{"center":[0,200,0],"size":[235.247,235.247,147.751]},"pointables":[],"r":[[-0.451118,-0.878766,0.155767],[0.630521,-0.437343,-0.641229],[0.631613,-0.191055,0.751374]],"s":-0.0734829,"t":[559.648,-310.26,370.787],"timestamp":259788008107},{"currentFrameRate":23.7366,"devices":[],"gestures":[],"hands":[],"id":165529,"interactionBox":{"center":[0,200,0],"size":[235.247,235.247,147.751]},"pointables":[],"r":[[-0.451118,-0.878766,0.155767],[0.630521,-0.437343,-0.641229],[0.631613,-0.191055,0.751374]],"s":-0.0734829,"t":[559.648,-310.26,370.787],"timestamp":259788050417},{"currentFrameRate":23.7717,"devices":[],"gestures":[],"hands":[],"id":165530,"interactionBox":{"center":[0,200,0],"size":[235.247,235.247,147.751]},"pointables":[],"r":[[-0.451118,-0.878766,0.155767],[0.630521,-0.437343,-0.641229],[0.631613,-0.191055,0.751374]],"s":-0.0734829,"t":[559.648,-310.26,370.787],"timestamp":259788092218},{"currentFrameRate":23.7531,"devices":[],"gestures":[],"hands":[],"id":165531,"interactionBox":{"center":[0,200,0],"size":[235.247,235.247,147.751]},"pointables":[],"r":[[-0.451118,-0.878766,0.155767],[0.630521,-0.437343,-0.641229],[0.631613,-0.191055,0.751374]],"s":-0.0734829,"t":[559.648,-310.26,370.787],"timestamp":259788134458},{"currentFrameRate":16.4057,"devices":[],"gestures":[],"hands":[],"id":165532,"interactionBox":{"center":[0,200,0],"size":[235.247,235.247,147.751]},"pointables":[],"r":[[-0.451118,-0.878766,0.155767],[0.630521,-0.437343,-0.641229],[0.631613,-0.191055,0.751374]],"s":-0.0734829,"t":[559.648,-310.26,370.787],"timestamp":259788260407},{"currentFrameRate":17.7938,"devices":[],"gestures":[],"hands":[],"id":165533,"interactionBox":{"center":[0,200,0],"size":[235.247,235.247,147.751]},"pointables":[],"r":[[-0.451118,-0.878766,0.155767],[0.630521,-0.437343,-0.641229],[0.631613,-0.191055,0.751374]],"s":-0.0734829,"t":[559.648,-310.26,370.787],"timestamp":259788302624},{"currentFrameRate":18.9398,"devices":[],"gestures":[],"hands":[],"id":165534,"interactionBox":{"center":[0,200,0],"size":[235.247,235.247,147.751]},"pointables":[],"r":[[-0.451118,-0.878766,0.155767],[0.630521,-0.437343,-0.641229],[0.631613,-0.191055,0.751374]],"s":-0.0734829,"t":[559.648,-310.26,370.787],"timestamp":259788344563},{"currentFrameRate":19.857,"devices":[],"gestures":[],"hands":[],"id":165535,"interactionBox":{"center":[0,200,0],"size":[235.247,235.247,147.751]},"pointables":[],"r":[[-0.451118,-0.878766,0.155767],[0.630521,-0.437343,-0.641229],[0.631613,-0.191055,0.751374]],"s":-0.0734829,"t":[559.648,-310.26,370.787],"timestamp":259788386632},{"currentFrameRate":20.5976,"devices":[],"gestures":[],"hands":[],"id":165536,"interactionBox":{"center":[0,200,0],"size":[235.247,235.247,147.751]},"pointables":[],"r":[[-0.451118,-0.878766,0.155767],[0.630521,-0.437343,-0.641229],[0.631613,-0.191055,0.751374]],"s":-0.0734829,"t":[559.648,-310.26,370.787],"timestamp":259788428726},{"currentFrameRate":21.2044,"devices":[],"gestures":[],"hands":[],"id":165537,"interactionBox":{"center":[0,200,0],"size":[235.247,235.247,147.751]},"pointables":[],"r":[[-0.451118,-0.878766,0.155767],[0.630521,-0.437343,-0.641229],[0.631613,-0.191055,0.751374]],"s":-0.0734829,"t":[559.648,-310.26,370.787],"timestamp":259788470746},{"currentFrameRate":21.6732,"devices":[],"gestures":[],"hands":[],"id":165538,"interactionBox":{"center":[0,200,0],"size":[235.247,235.247,147.751]},"pointables":[],"r":[[-0.451118,-0.878766,0.155767],[0.630521,-0.437343,-0.641229],[0.631613,-0.191055,0.751374]],"s":-0.0734829,"t":[559.648,-310.26,370.787],"timestamp":259788513002},{"currentFrameRate":22.0486,"devices":[],"gestures":[],"hands":[],"id":165539,"interactionBox":{"center":[0,200,0],"size":[235.247,235.247,147.751]},"pointables":[],"r":[[-0.451118,-0.878766,0.155767],[0.630521,-0.437343,-0.641229],[0.631613,-0.191055,0.751374]],"s":-0.0734829,"t":[559.648,-310.26,370.787],"timestamp":259788555300},{"currentFrameRate":22.4091,"devices":[],"gestures":[],"hands":[],"id":165540,"interactionBox":{"center":[0,200,0],"size":[235.247,235.247,147.751]},"pointables":[],"r":[[-0.451118,-0.878766,0.155767],[0.630521,-0.437343,-0.641229],[0.631613,-0.191055,0.751374]],"s":-0.0734829,"t":[559.648,-310.26,370.787],"timestamp":259788597032},{"currentFrameRate":22.6263,"devices":[],"gestures":[],"hands":[],"id":165541,"interactionBox":{"center":[0,200,0],"size":[235.247,235.247,147.751]},"pointables":[],"r":[[-0.451118,-0.878766,0.155767],[0.630521,-0.437343,-0.641229],[0.631613,-0.191055,0.751374]],"s":-0.0734829,"t":[559.648,-310.26,370.787],"timestamp":259788639506},{"currentFrameRate":22.8901,"devices":[],"gestures":[],"hands":[{"armBasis":[[0.843819,0.149687,-0.515328],[-0.0470306,0.977242,0.20685],[0.534563,-0.150308,0.831655]],"armWidth":60.2356,"confidence":0,"direction":[-0.283031,0.445705,-0.849259],"elbow":[237.938,136.786,253.693],"grabAngle":1.51607,"grabStrength":0,"id":265,"palmNormal":[-0.0314927,-0.889306,-0.456227],"palmPosition":[71.5059,199.735,-19.3696],"palmVelocity":[1.19209e-7,1.19209e-7,1.19209e-7],"palmWidth":86.0143,"pinchDistance":63.9688,"pinchStrength":1,"r":[[1,0,-1.11022e-17],[-2.46519e-34,1,-2.22045e-17],[1.11022e-17,2.22045e-17,1]],"s":1,"sphereCenter":[65.9836,169.571,-59.4875],"sphereRadius":50.4312,"stabilizedPalmPosition":[71.5059,199.735,-19.3696],"t":[0,0,0],"timeVisible":0,"type":"right","wrist":[101.499,175.15,41.425]}],"id":165542,"interactionBox":{"center":[0,200,0],"size":[235.247,235.247,147.751]},"pointables":[{"bases":[[[0.358675,0.923589,0.135412],[-0.646929,0.141371,0.749331],[0.67293,-0.356368,0.648203]],[[0.100474,0.9899,-0.100014],[-0.914584,0.131469,0.38243],[0.391716,0.0530469,0.918556]],[[0.100474,0.9899,-0.100014],[-0.994692,0.102182,0.0120844],[0.022182,0.0982692,0.994913]],[[0.100474,0.9899,-0.100014],[-0.922888,0.055169,-0.381096],[-0.371729,0.130592,0.91911]]],"btipPosition":[56.7755,159.513,-66.5645],"carpPosition":[67.7507,168.072,29.1816],"dipPosition":[48.5515,162.402,-46.2303],"direction":[-0.022182,-0.0982691,-0.994913],"extended":false,"handId":265,"id":2650,"length":49.2665,"mcpPosition":[67.7507,168.072,29.1816],"pipPosition":[49.2664,165.569,-14.1632],"stabilizedTipPosition":[54.884,160.177,-61.8877],"timeVisible":0,"tipPosition":[54.884,160.177,-61.8877],"tipVelocity":[1.19209e-7,1.19209e-7,1.19209e-7],"tool":false,"touchDistance":0.605018,"touchZone":"hovering","type":0,"width":19.1427},{"bases":[[[0.897464,0.175762,-0.404557],[-0.03412,0.942094,0.333607],[0.439767,-0.285597,0.851493]],[[0.968534,0.11351,-0.221489],[-0.0538196,0.964404,0.258898],[0.242993,-0.238831,0.940167]],[[0.968534,0.11351,-0.221489],[-0.134128,0.987702,-0.080339],[0.209646,0.107519,0.971848]],[[0.968534,0.11351,-0.221489],[-0.185799,0.921882,-0.340018],[0.165592,0.370472,0.913964]]],"btipPosition":[24.8609,210.921,-107.371],"carpPosition":[72.7785,189.8,26.9979],"dipPosition":[27.5354,216.905,-92.6089],"direction":[-0.209646,-0.107519,-0.971848],"extended":true,"handId":265,"id":2651,"length":55.5917,"mcpPosition":[42.1942,209.662,-32.2204],"pipPosition":[32.3255,219.361,-70.4035],"stabilizedTipPosition":[25.476,212.297,-103.975],"timeVisible":0,"tipPosition":[25.476,212.297,-103.975],"tipVelocity":[1.19209e-7,1.19209e-7,1.19209e-7],"tool":false,"touchDistance":-0.0662575,"touchZone":"touching","type":1,"width":18.2851},{"bases":[[[0.941205,-0.0276355,-0.336702],[0.127761,0.951748,0.279023],[0.312745,-0.305635,0.899321]],[[0.947106,-0.03357,-0.319162],[0.101625,0.974706,0.19905],[0.304407,-0.220956,0.926561]],[[0.947106,-0.03357,-0.319162],[-0.0201959,0.986308,-0.163673],[0.320286,0.161461,0.93346]],[[0.947106,-0.03357,-0.319162],[-0.101257,0.912455,-0.396451],[0.304529,0.407798,0.860792]]],"btipPosition":[34.2966,212.139,-119.513],"carpPosition":[82.8127,193.498,22.4022],"dipPosition":[39.7064,219.383,-104.222],"direction":[-0.320286,-0.161461,-0.93346],"extended":true,"handId":265,"id":2652,"length":63.3423,"mcpPosition":[62.1863,213.656,-36.9105],"pipPosition":[48.3161,223.724,-79.1289],"stabilizedTipPosition":[35.5409,213.805,-115.996],"timeVisible":0,"tipPosition":[35.5409,213.805,-115.996],"tipVelocity":[1.19209e-7,1.19209e-7,1.19209e-7],"tool":false,"touchDistance":-0.2666,"touchZone":"touching","type":2,"width":17.9584},{"bases":[[[0.964643,-0.143979,-0.22076],[0.204584,0.937113,0.28278],[0.166162,-0.317946,0.933435]],[[0.958315,-0.13289,-0.25293],[0.00636391,0.89496,-0.4461],[0.285644,0.425895,0.858499]],[[0.958315,-0.13289,-0.25293],[-0.267052,-0.101906,-0.958279],[0.10157,0.985878,-0.133147]],[[0.958315,-0.13289,-0.25293],[-0.27674,-0.651863,-0.706038],[-0.0710508,0.746602,-0.661466]]],"btipPosition":[70.247,156.061,-58.3119],"carpPosition":[93.5558,194.226,18.0512],"dipPosition":[68.9921,169.248,-69.9949],"direction":[-0.10157,-0.985878,0.133147],"extended":false,"handId":265,"id":2653,"length":60.9053,"mcpPosition":[83.7165,213.053,-37.2217],"pipPosition":[71.652,195.065,-73.4816],"stabilizedTipPosition":[69.9584,159.094,-60.999],"timeVisible":0,"tipPosition":[69.9584,159.094,-60.999],"tipVelocity":[1.19209e-7,1.19209e-7,1.19209e-7],"tool":false,"touchDistance":0.333333,"touchZone":"none","type":3,"width":17.0885},{"bases":[[[0.930238,-0.332656,-0.154909],[0.366002,0.871515,0.32635],[0.0264438,-0.36028,0.932469]],[[0.927445,-0.312674,-0.205138],[0.267693,0.938133,-0.219653],[0.261126,0.148802,0.953767]],[[0.927445,-0.312674,-0.205138],[-0.0267831,0.491608,-0.870404],[0.373,0.812746,0.447565]],[[0.927445,-0.312674,-0.205138],[-0.224571,-0.0270432,-0.974082],[0.299022,0.949476,-0.0952984]]],"btipPosition":[82.7812,172.384,-75.9946],"carpPosition":[104.728,188.107,13.7207],"dipPosition":[87.6535,187.855,-77.5474],"direction":[-0.373,-0.812746,-0.447565],"extended":false,"handId":265,"id":2654,"length":47.7486,"mcpPosition":[103.278,207.856,-37.392],"pipPosition":[94.55,202.882,-69.2723],"stabilizedTipPosition":[83.9018,175.942,-76.3517],"timeVisible":0,"tipPosition":[83.9018,175.942,-76.3517],"tipVelocity":[1.19209e-7,1.19209e-7,1.19209e-7],"tool":false,"touchDistance":0.388057,"touchZone":"hovering","type":4,"width":15.1794}],"r":[[1,0,-1.11022e-17],[-2.46519e-34,1,-2.22045e-17],[1.11022e-17,2.22045e-17,1]],"s":1,"t":[0,0,0],"timestamp":259788681120},{"currentFrameRate":23.0516,"devices":[],"gestures":[],"hands":[{"armBasis":[[0.847518,0.0334495,-0.529712],[0.103749,0.96832,0.227141],[0.520528,-0.247463,0.817198]],"armWidth":62.9551,"confidence":0.218328,"direction":[-0.246447,0.456459,-0.854932],"elbow":[229.168,122.219,242.981],"grabAngle":0.877982,"grabStrength":0,"id":265,"palmNormal":[-0.162586,-0.889111,-0.42784],"palmPosition":[68.2305,212.589,-26.2061],"palmVelocity":[-77.7604,305.169,-162.3],"palmWidth":86.0143,"pinchDistance":63.2865,"pinchStrength":0.6473,"r":[[0.99963,-0.026712,-0.00515575],[0.0266802,0.999625,-0.00612949],[0.00531755,0.00598966,0.999968]],"s":0.982547,"sphereCenter":[46.3506,174.737,-67.8279],"sphereRadius":62.3249,"stabilizedPalmPosition":[69.8016,206.424,-22.9268],"t":[-1.63771,6.42717,-3.41821],"timeVisible":0.042122,"type":"right","wrist":[96.3103,185.38,34.4032]}],"id":165543,"interactionBox":{"center":[0,200,0],"size":[235.247,235.247,147.751]},"pointables":[{"bases":[[[0.48179,0.870811,0.0978108],[-0.600027,0.246492,0.761058],[0.638628,-0.425359,0.641267]],[[0.2732,0.957289,-0.0946531],[-0.895676,0.289033,0.33797],[0.350893,-0.00755465,0.936385]],[[0.2732,0.957289,-0.0946531],[-0.954915,0.257999,-0.146881],[-0.116187,0.130514,0.984615]],[[0.2732,0.957289,-0.0946531],[-0.797016,0.170162,-0.579491],[-0.538634,0.233757,0.809463]]],"btipPosition":[61.2566,173.765,-71.7385],"carpPosition":[61.749,183.028,23.3718],"dipPosition":[49.0326,179.07,-53.3681],"direction":[0.116187,-0.130514,-0.984615],"extended":false,"handId":265,"id":2650,"length":50.5373,"mcpPosition":[61.749,183.028,23.3718],"pipPosition":[45.1911,183.385,-20.8143],"stabilizedTipPosition":[57.3418,170.397,-65.7703],"timeVisible":0.042122,"tipPosition":[52.5168,174.754,-67.3058],"tipVelocity":[84.542,351.536,-133.556],"tool":false,"touchDistance":0.493465,"touchZone":"hovering","type":0,"width":20.3863},{"bases":[[[0.900479,0.0435571,-0.432713],[0.100951,0.94686,0.305392],[0.423021,-0.318682,0.848231]],[[0.960029,-0.0121634,-0.279638],[0.0637146,0.982324,0.176011],[0.272554,-0.186793,0.943834]],[[0.960029,-0.0121634,-0.279638],[-0.026918,0.990413,-0.135493],[0.278605,0.137604,0.950497]],[[0.960029,-0.0121634,-0.279638],[-0.026918,0.990413,-0.135493],[0.278605,0.137604,0.950497]]],"btipPosition":[17.6255,228.264,-115.942],"carpPosition":[69.5458,203.824,20.3957],"dipPosition":[22.2414,230.544,-100.194],"direction":[-0.278605,-0.137604,-0.950497],"extended":true,"handId":265,"id":2651,"length":57.0257,"mcpPosition":[40.1262,225.987,-38.5958],"pipPosition":[28.7714,233.769,-77.9166],"stabilizedTipPosition":[19.2489,227.424,-111.63],"timeVisible":0.042122,"tipPosition":[21.0964,228.873,-110.475],"tipVelocity":[-161.171,391.507,-198.108],"tool":false,"touchDistance":-0.226721,"touchZone":"touching","type":1,"width":19.473},{"bases":[[[0.91886,-0.161958,-0.359815],[0.260998,0.933366,0.246389],[0.295934,-0.320308,0.899903]],[[0.927244,-0.1714,-0.332928],[0.260851,0.933538,0.245893],[0.268655,-0.314847,0.910327]],[[0.927244,-0.1714,-0.332928],[0.182823,0.983141,0.00303731],[0.326794,-0.0636831,0.942947]],[[0.927244,-0.1714,-0.332928],[0.127845,0.980574,-0.14876],[0.351958,0.0953732,0.931144]]],"btipPosition":[32.342,241.886,-129.437],"carpPosition":[79.8415,206.027,15.4322],"dipPosition":[38.7556,243.624,-112.469],"direction":[-0.326794,0.0636831,-0.942947],"extended":true,"handId":265,"id":2652,"length":64.9762,"mcpPosition":[60.3238,227.152,-43.919],"pipPosition":[47.7668,241.868,-86.4676],"stabilizedTipPosition":[33.9059,240.818,-125.043],"timeVisible":0.042122,"tipPosition":[32.8717,236.489,-124.135],"tipVelocity":[-40.9239,676.138,-226.449],"tool":false,"touchDistance":-0.411351,"touchZone":"touching","type":2,"width":19.1251},{"bases":[[[0.930087,-0.277225,-0.241008],[0.33528,0.908724,0.248614],[0.150088,-0.312037,0.93814]],[[0.929747,-0.276523,-0.243118],[0.302661,0.949988,0.0769396],[0.209684,-0.145117,0.96694]],[[0.929747,-0.276523,-0.243118],[0.146856,0.883992,-0.443838],[0.337646,0.376954,0.862497]],[[0.929747,-0.276523,-0.243118],[0.0631723,0.770297,-0.634548],[0.36274,0.574611,0.73365]]],"btipPosition":[56.8385,209.426,-123.12],"carpPosition":[90.4527,205.198,10.7859],"dipPosition":[63.4105,219.836,-109.828],"direction":[-0.337646,-0.376954,-0.862497],"extended":true,"handId":265,"id":2653,"length":62.4764,"mcpPosition":[81.5653,223.675,-44.7657],"pipPosition":[72.4806,229.962,-86.6592],"stabilizedTipPosition":[62.2412,194.146,-100.265],"timeVisible":0.042122,"tipPosition":[58.432,209.903,-117.523],"tipVelocity":[-275.589,1251.75,-1402.22],"tool":false,"touchDistance":-0.614296,"touchZone":"touching","type":3,"width":18.1987},{"bases":[[[0.872938,-0.457788,-0.168552],[0.487794,0.823381,0.290001],[0.00602326,-0.335371,0.942067]],[[0.87159,-0.440778,-0.214582],[0.423453,0.897459,-0.12351],[0.247019,0.0167848,0.968865]],[[0.87159,-0.440778,-0.214582],[0.145264,0.650265,-0.74569],[0.468219,0.618765,0.630794]],[[0.87159,-0.440778,-0.214582],[-0.0880469,0.289848,-0.953014],[0.482264,0.849531,0.213819]]],"btipPosition":[74.8409,189.402,-94.0383],"carpPosition":[100.582,197.529,6.35848],"dipPosition":[82.9018,203.601,-90.4644],"direction":[-0.468219,-0.618765,-0.630794],"extended":false,"handId":265,"id":2654,"length":48.9803,"mcpPosition":[100.252,215.912,-45.2803],"pipPosition":[91.7821,215.337,-78.5006],"stabilizedTipPosition":[79.7035,185.686,-86.176],"timeVisible":0.042122,"tipPosition":[76.2181,189.482,-88.3311],"tipVelocity":[-171.096,397.073,-400.374],"tool":false,"touchDistance":0.121292,"touchZone":"hovering","type":4,"width":16.1655}],"r":[[0.99963,-0.026712,-0.00515575],[0.0266802,0.999625,-0.00612949],[0.00531755,0.00598966,0.999968]],"s":0.982547,"t":[-1.63771,6.42717,-3.41821],"timestamp":259788723242},{"currentFrameRate":23.1867,"devices":[],"gestures":[],"hands":[{"armBasis":[[0.844974,0.016833,-0.534543],[0.14167,0.956753,0.254073],[0.515703,-0.290413,0.806046]],"armWidth":62.9551,"confidence":0.41661,"direction":[-0.248912,0.485742,-0.837913],"elbow":[223.841,120.595,230.918],"grabAngle":0.949073,"grabStrength":0,"id":265,"palmNormal":[-0.200335,-0.872254,-0.446138],"palmPosition":[63.9469,224.397,-34.1626],"palmVelocity":[-101.794,280.594,-189.078],"palmWidth":86.0143,"pinchDistance":64.7768,"pinchStrength":1,"r":[[0.998422,-0.0544952,-0.0135529],[0.0544138,0.998499,-0.00630727],[0.0138763,0.00555985,0.999888]],"s":1.00323,"sphereCenter":[39.9278,183.119,-77.4902],"sphereRadius":65.2148,"stabilizedPalmPosition":[65.5802,219.383,-31.0281],"t":[-4.59836,15.5446,-9.1056],"timeVisible":0.084203,"type":"right","wrist":[92.2156,194.718,25.1868]}],"id":165544,"interactionBox":{"center":[0,200,0],"size":[235.247,235.247,147.751]},"pointables":[{"bases":[[[0.892336,0.0255493,-0.450649],[0.138118,0.935051,0.326501],[0.429721,-0.353592,0.83085]],[[0.945238,-0.0260195,-0.325342],[0.0896755,0.979158,0.182231],[0.31382,-0.201427,0.927871]],[[0.945238,-0.0260195,-0.325342],[0.0246666,0.999661,-0.00828329],[0.325448,-0.000195405,0.94556]],[[0.945238,-0.0260195,-0.325342],[-0.0264053,0.987453,-0.155689],[0.325311,0.155754,0.932691]]],"btipPosition":[9.95544,244.818,-121.884],"carpPosition":[65.9326,214.412,12.1692],"dipPosition":[15.3452,247.399,-106.431],"direction":[-0.325448,0.000195405,-0.94556],"extended":true,"handId":265,"id":2651,"length":57.0257,"mcpPosition":[36.047,239.003,-45.6136],"pipPosition":[22.973,247.394,-84.2693],"stabilizedTipPosition":[11.4057,244.942,-118.155],"timeVisible":0.084203,"tipPosition":[15.0246,244.478,-117.166],"tipVelocity":[-178.04,395.036,-142.817],"tool":false,"touchDistance":-0.32253,"touchZone":"touching","type":1,"width":19.473},{"bases":[[[0.905481,-0.182237,-0.383268],[0.29639,0.917919,0.263775],[0.303739,-0.35244,0.885171]],[[0.924281,-0.206121,-0.321278],[0.27906,0.939152,0.200295],[0.260443,-0.274785,0.925561]],[[0.924281,-0.206121,-0.321278],[0.21102,0.977279,-0.0199102],[0.318082,-0.0493933,0.946776]],[[0.924281,-0.206121,-0.321278],[0.149878,0.970047,-0.191169],[0.351058,0.128542,0.927489]]],"btipPosition":[28.8168,251.515,-137.606],"carpPosition":[76.1906,216.408,7.04281],"dipPosition":[35.214,253.857,-120.705],"direction":[-0.318082,0.0493933,-0.946776],"extended":true,"handId":265,"id":2652,"length":64.9762,"mcpPosition":[56.1581,239.652,-51.3367],"pipPosition":[43.985,252.495,-94.5974],"stabilizedTipPosition":[30.7091,250.746,-132.709],"timeVisible":0.084203,"tipPosition":[28.3271,251.953,-131.676],"tipVelocity":[-83.861,232.129,-194.483],"tool":false,"touchDistance":-0.52131,"touchZone":"touching","type":2,"width":19.1251},{"bases":[[[0.915372,-0.30079,-0.267617],[0.369857,0.89085,0.263802],[0.159058,-0.340457,0.926709]],[[0.917955,-0.306561,-0.251751],[0.342101,0.933061,0.111197],[0.200811,-0.188198,0.961383]],[[0.917955,-0.306561,-0.251751],[0.251157,0.940386,-0.229334],[0.307048,0.147289,0.940227]],[[0.917955,-0.306561,-0.251751],[0.165689,0.872935,-0.458837],[0.360424,0.379479,0.852109]]],"btipPosition":[53.7742,232.838,-135.071],"carpPosition":[86.6713,215.356,2.15168],"dipPosition":[60.3043,239.713,-119.633],"direction":[-0.307048,-0.147289,-0.940227],"extended":true,"handId":265,"id":2653,"length":62.4764,"mcpPosition":[77.2528,235.516,-52.723],"pipPosition":[68.5525,243.67,-94.3758],"stabilizedTipPosition":[56.4224,227.791,-126.376],"timeVisible":0.084203,"tipPosition":[53.5611,228.823,-128.056],"tipVelocity":[-73.0471,537.044,-272.265],"tool":false,"touchDistance":-0.753058,"touchZone":"touching","type":3,"width":18.1987},{"bases":[[[0.511918,0.85209,0.10901],[-0.575873,0.24624,0.779574],[0.637424,-0.461854,0.61675]],[[0.346295,0.937262,-0.040239],[-0.887273,0.341153,0.310422],[0.304675,-0.0717948,0.949747]],[[0.346295,0.937262,-0.040239],[-0.911724,0.326135,-0.249791],[-0.220996,0.123188,0.967463]],[[0.346295,0.937262,-0.040239],[-0.688357,0.224721,-0.689684],[-0.637372,0.266533,0.722991]]],"btipPosition":[64.9174,187.075,-78.4155],"carpPosition":[57.5228,193.809,14.7958],"dipPosition":[50.4525,193.124,-62.0076],"direction":[0.220996,-0.123188,-0.967463],"extended":false,"handId":265,"id":2650,"length":50.5373,"mcpPosition":[57.5228,193.809,14.7958],"pipPosition":[43.1458,197.197,-30.0208],"stabilizedTipPosition":[61.1064,186.407,-73.631],"timeVisible":0.084203,"tipPosition":[53.1007,188.289,-75.3016],"tipVelocity":[74.7457,320.366,-169.397],"tool":false,"touchDistance":0.370526,"touchZone":"hovering","type":0,"width":20.3863},{"bases":[[[0.853851,-0.481205,-0.198446],[0.520318,0.79962,0.299795],[0.0144185,-0.359235,0.933136]],[[0.853572,-0.476225,-0.211244],[0.399177,0.858396,-0.322201],[0.334772,0.190698,0.922801]],[[0.853572,-0.476225,-0.211244],[-0.0382817,0.347049,-0.937065],[0.519566,0.80794,0.278001]],[[0.853572,-0.476225,-0.211244],[-0.25077,-0.0201584,-0.967837],[0.45665,0.879092,-0.136629]]],"btipPosition":[66.6954,190.616,-88.4586],"carpPosition":[96.4512,207.481,-2.6796],"dipPosition":[74.3281,205.31,-90.7423],"direction":[-0.519566,-0.80794,-0.278001],"extended":false,"handId":265,"id":2654,"length":48.9803,"mcpPosition":[95.6609,227.172,-53.8288],"pipPosition":[84.1823,220.633,-85.4697],"stabilizedTipPosition":[71.6514,191.632,-88.1853],"timeVisible":0.084203,"tipPosition":[68.9636,197.06,-91.8273],"tipVelocity":[-195.908,31.5592,100.577],"tool":false,"touchDistance":0.201887,"touchZone":"hovering","type":4,"width":16.1655}],"r":[[0.998422,-0.0544952,-0.0135529],[0.0544138,0.998499,-0.00630727],[0.0138763,0.00555985,0.999888]],"s":1.00323,"t":[-4.59836,15.5446,-9.1056],"timestamp":259788765323},{"currentFrameRate":26.8274,"devices":[],"gestures":[],"hands":[{"armBasis":[[0.849738,0.0229756,-0.526704],[0.140163,0.95325,0.267709],[0.508232,-0.301307,0.806793]],"armWidth":62.9551,"confidence":0.463052,"direction":[-0.242524,0.491616,-0.836359],"elbow":[220.452,120.03,229.217],"grabAngle":0.982976,"grabStrength":0,"id":265,"palmNormal":[-0.195667,-0.869167,-0.454162],"palmPosition":[62.9371,227.073,-36.0475],"palmVelocity":[-92.3429,244.667,-172.368],"palmWidth":86.0143,"pinchDistance":63.455,"pinchStrength":1,"r":[[0.996897,-0.0764599,-0.0186926],[0.0763775,0.997066,-0.00508189],[0.0190263,0.00363843,0.999812]],"s":1.01596,"sphereCenter":[39.0856,180.795,-80.3396],"sphereRadius":67.8542,"stabilizedPalmPosition":[64.8042,221.64,-32.5017],"t":[-6.58357,21.441,-12.8917],"timeVisible":0.095138,"type":"right","wrist":[90.7335,196.934,23.2949]}],"id":165545,"interactionBox":{"center":[0,200,0],"size":[235.247,235.247,147.751]},"pointables":[{"bases":[[[0.895999,0.0298003,-0.443055],[0.13437,0.932775,0.334479],[0.423238,-0.359226,0.831761]],[[0.948999,-0.0239802,-0.314366],[0.076589,0.98477,0.156085],[0.305836,-0.172201,0.936382]],[[0.948999,-0.0239802,-0.314366],[0.0100389,0.998896,-0.0458918],[0.31512,0.0403954,0.948192]],[[0.948999,-0.0239802,-0.314366],[-0.042856,0.978037,-0.203978],[0.312353,0.207048,0.927128]]],"btipPosition":[9.81429,244.529,-124.216],"carpPosition":[64.5512,216.749,10.2247],"dipPosition":[14.9893,247.96,-108.855],"direction":[-0.31512,-0.0403954,-0.948192],"extended":true,"handId":265,"id":2651,"length":57.0257,"mcpPosition":[35.1165,241.732,-47.6214],"pipPosition":[22.3751,248.906,-86.6317],"stabilizedTipPosition":[11.2366,245.1,-119.22],"timeVisible":0.095138,"tipPosition":[14.0057,247.272,-119.556],"tipVelocity":[-17.4229,-8.57014,-215.188],"tool":false,"touchDistance":-0.353907,"touchZone":"touching","type":1,"width":19.473},{"bases":[[[0.908819,-0.178461,-0.377093],[0.293174,0.916271,0.27294],[0.29681,-0.358607,0.885045]],[[0.92911,-0.20575,-0.30728],[0.265754,0.949305,0.167911],[0.257154,-0.237669,0.936688]],[[0.92911,-0.20575,-0.30728],[0.198348,0.97856,-0.0554901],[0.312109,-0.00939191,0.95]],[[0.92911,-0.20575,-0.30728],[0.137291,0.963459,-0.229997],[0.343373,0.171506,0.923407]]],"btipPosition":[28.3906,250.687,-139.977],"carpPosition":[74.8489,218.794,5.19813],"dipPosition":[34.6477,253.812,-123.15],"direction":[-0.312109,0.00939191,-0.95],"extended":true,"handId":265,"id":2652,"length":64.9762,"mcpPosition":[55.2735,242.445,-53.1731],"pipPosition":[43.2541,253.553,-96.9539],"stabilizedTipPosition":[30.4392,250.949,-133.752],"timeVisible":0.095138,"tipPosition":[28.4655,254.47,-134.174],"tipVelocity":[-41.92,-59.2432,-218.391],"tool":false,"touchDistance":-0.533334,"touchZone":"touching","type":2,"width":19.1251},{"bases":[[[0.917888,-0.297849,-0.262236],[0.366669,0.889281,0.273375],[0.151777,-0.347081,0.925472]],[[0.920366,-0.303785,-0.246253],[0.335639,0.936797,0.0987844],[0.20068,-0.17357,0.964158]],[[0.920366,-0.303785,-0.246253],[0.246486,0.939523,-0.237783],[0.303596,0.158149,0.939584]],[[0.920366,-0.303785,-0.246253],[0.176277,0.884392,-0.432177],[0.349073,0.354352,0.867515]]],"btipPosition":[53.2089,235.193,-137.145],"carpPosition":[85.3708,217.789,0.386258],"dipPosition":[59.5334,241.613,-121.428],"direction":[-0.303596,-0.158149,-0.939584],"extended":true,"handId":265,"id":2653,"length":62.4764,"mcpPosition":[76.3834,238.342,-54.4152],"pipPosition":[67.6888,245.862,-96.1882],"stabilizedTipPosition":[55.798,230.943,-128.916],"timeVisible":0.095138,"tipPosition":[53.4225,232.511,-130.253],"tipVelocity":[-56.0193,205.804,-183.819],"tool":false,"touchDistance":-0.736236,"touchZone":"touching","type":3,"width":18.1987},{"bases":[[[0.510047,0.851807,0.119484],[-0.582569,0.239902,0.77657],[0.632824,-0.465694,0.618598]],[[0.362933,0.931686,-0.0155552],[-0.887656,0.350763,0.298384],[0.283456,-0.0944856,0.954319]],[[0.362933,0.931686,-0.0155552],[-0.898443,0.345458,-0.271032],[-0.247142,0.112342,0.962445]],[[0.362933,0.931686,-0.0155552],[-0.663933,0.246846,-0.705875],[-0.653814,0.266513,0.708166]]],"btipPosition":[65.7764,190.815,-80.2941],"carpPosition":[56.143,196.119,12.6305],"dipPosition":[50.9384,196.863,-64.2227],"direction":[0.247142,-0.112342,-0.962445],"extended":false,"handId":265,"id":2650,"length":50.5373,"mcpPosition":[56.143,196.119,12.6305],"pipPosition":[42.7673,200.577,-32.4018],"stabilizedTipPosition":[61.7053,189.17,-75.0443],"timeVisible":0.095138,"tipPosition":[53.4386,191.349,-77.4464],"tipVelocity":[70.7103,342.004,-178.873],"tool":false,"touchDistance":0.337467,"touchZone":"hovering","type":0,"width":20.3863},{"bases":[[[0.855999,-0.478832,-0.194901],[0.516929,0.797948,0.309942],[0.00711068,-0.36606,0.930564]],[[0.855879,-0.475016,-0.204525],[0.382043,0.84726,-0.369045],[0.348588,0.237721,0.906628]],[[0.855879,-0.475016,-0.204525],[-0.0671238,0.290092,-0.954642],[0.512801,0.830787,0.216399]],[[0.855879,-0.475016,-0.204525],[-0.262442,-0.0581477,-0.963194],[0.44564,0.878054,-0.174432]]],"btipPosition":[65.6825,191.441,-87.7049],"carpPosition":[95.1992,209.96,-4.4216],"dipPosition":[73.1311,206.117,-90.6205],"direction":[-0.512801,-0.830787,-0.216399],"extended":false,"handId":265,"id":2654,"length":48.9803,"mcpPosition":[94.8094,230.025,-55.4299],"pipPosition":[82.857,221.874,-86.5162],"stabilizedTipPosition":[70.4248,192.55,-88.2401],"timeVisible":0.095138,"tipPosition":[68.2556,199.135,-92.8099],"tipVelocity":[-96.5018,75.0802,55.6347],"tool":false,"touchDistance":0.213103,"touchZone":"hovering","type":4,"width":16.1655}],"r":[[0.996897,-0.0764599,-0.0186926],[0.0763775,0.997066,-0.00508189],[0.0190263,0.00363843,0.999812]],"s":1.01596,"t":[-6.58357,21.441,-12.8917],"timestamp":259788776258},{"currentFrameRate":30.2787,"devices":[],"gestures":[],"hands":[{"armBasis":[[0.858328,0.0226684,-0.512601],[0.144896,0.947654,0.28453],[0.492218,-0.318494,0.810113]],"armWidth":62.9551,"confidence":0.506887,"direction":[-0.245287,0.489213,-0.836961],"elbow":[215.194,118.256,228.38],"grabAngle":0.996326,"grabStrength":0,"id":265,"palmNormal":[-0.195032,-0.870586,-0.45171],"palmPosition":[61.786,229.684,-37.7422],"palmVelocity":[-105.755,239.923,-155.692],"palmWidth":86.0143,"pinchDistance":62.7279,"pinchStrength":1,"r":[[0.995336,-0.0936333,-0.0232288],[0.0935491,0.995604,-0.0046891],[0.0235657,0.0024942,0.999719]],"s":1.02353,"sphereCenter":[37.0255,179.868,-82.2401],"sphereRadius":70.2472,"stabilizedPalmPosition":[63.8696,224.131,-34.1244],"t":[-8.15174,25.695,-15.6321],"timeVisible":0.106023,"type":"right","wrist":[89.5631,199.547,21.6105]}],"id":165546,"interactionBox":{"center":[0,200,0],"size":[235.247,235.247,147.751]},"pointables":[{"bases":[[[0.894964,0.030449,-0.445097],[0.133352,0.9338,0.332015],[0.425742,-0.356496,0.831658]],[[0.949885,-0.0248556,-0.31161],[0.070395,0.988238,0.135759],[0.304571,-0.150891,0.940462]],[[0.949885,-0.0248556,-0.31161],[0.00363404,0.997645,-0.0684996],[0.312579,0.0639343,0.947738]],[[0.949885,-0.0248556,-0.31161],[-0.0446488,0.975826,-0.21394],[0.309395,0.217132,0.925812]]],"btipPosition":[8.77152,245.455,-126.021],"carpPosition":[63.5213,219.472,8.55019],"dipPosition":[13.8975,249.053,-110.682],"direction":[-0.312579,-0.0639343,-0.947738],"extended":true,"handId":265,"id":2651,"length":57.0257,"mcpPosition":[33.9124,244.265,-49.2887],"pipPosition":[21.2238,250.551,-88.469],"stabilizedTipPosition":[10.7801,245.52,-120.382],"timeVisible":0.106023,"tipPosition":[12.4029,249.313,-121.301],"tipVelocity":[-96.8349,88.5874,-166.274],"tool":false,"touchDistance":-0.373998,"touchZone":"touching","type":1,"width":19.473},{"bases":[[[0.908321,-0.177634,-0.37868],[0.292052,0.917451,0.270164],[0.29943,-0.35599,0.885219]],[[0.929224,-0.205332,-0.307216],[0.258102,0.955631,0.141961],[0.264436,-0.211207,0.940992]],[[0.929224,-0.205332,-0.307216],[0.191808,0.978643,-0.0739376],[0.315837,0.00977812,0.948763]],[[0.929224,-0.205332,-0.307216],[0.130931,0.960415,-0.245886],[0.345543,0.188259,0.919325]]],"btipPosition":[26.6902,251.174,-141.783],"carpPosition":[73.8041,221.524,3.49617],"dipPosition":[32.9869,254.604,-125.03],"direction":[-0.315837,-0.00977812,-0.948763],"extended":true,"handId":265,"id":2652,"length":64.9762,"mcpPosition":[54.0558,245.002,-54.8865],"pipPosition":[41.6961,254.874,-98.8685],"stabilizedTipPosition":[29.7908,251.235,-134.929],"timeVisible":0.106023,"tipPosition":[27.1637,256.272,-136.078],"tipVelocity":[-155.377,51.1485,-167.495],"tool":false,"touchDistance":-0.535682,"touchZone":"touching","type":2,"width":19.1251},{"bases":[[[0.917867,-0.296738,-0.263567],[0.365597,0.8906,0.2705],[0.154465,-0.344642,0.925938]],[[0.91907,-0.299479,-0.256168],[0.332237,0.938408,0.0949201],[0.211963,-0.172346,0.961961]],[[0.91907,-0.299479,-0.256168],[0.243911,0.942824,-0.227134],[0.309543,0.14627,0.939568]],[[0.91907,-0.299479,-0.256168],[0.176638,0.894109,-0.411544],[0.35229,0.332989,0.874648]]],"btipPosition":[51.2893,238.44,-138.929],"carpPosition":[84.3172,220.528,-1.33655],"dipPosition":[57.672,244.473,-123.083],"direction":[-0.309543,-0.14627,-0.939568],"extended":true,"handId":265,"id":2653,"length":62.4764,"mcpPosition":[75.1706,240.936,-56.1656],"pipPosition":[65.9872,248.403,-97.8434],"stabilizedTipPosition":[54.6255,234.369,-131.372],"timeVisible":0.106023,"tipPosition":[52.0958,235.18,-132.138],"tipVelocity":[-175.128,290.134,-161.168],"tool":false,"touchDistance":-0.717261,"touchZone":"touching","type":3,"width":18.1987},{"bases":[[[0.508707,0.853038,0.11638],[-0.581308,0.240615,0.777293],[0.635058,-0.463067,0.618281]],[[0.37427,0.927292,-0.00714606],[-0.884757,0.359388,0.296725],[0.277719,-0.104733,0.954936]],[[0.37427,0.927292,-0.00714606],[-0.889869,0.356976,-0.28408],[-0.260874,0.112681,0.958774]],[[0.37427,0.927292,-0.00714606],[-0.64725,0.255706,-0.71811],[-0.664071,0.273392,0.695893]]],"btipPosition":[65.7481,193.843,-81.5314],"carpPosition":[55.1572,198.831,11.0225],"dipPosition":[50.6773,200.048,-65.7385],"direction":[0.260874,-0.112681,-0.958774],"extended":false,"handId":265,"id":2650,"length":50.5373,"mcpPosition":[55.1572,198.831,11.0225],"pipPosition":[42.0522,203.773,-34.039],"stabilizedTipPosition":[61.9971,192.257,-76.4889],"timeVisible":0.106023,"tipPosition":[53.0431,193.957,-78.9484],"tipVelocity":[-7.51838,281.515,-119.557],"tool":false,"touchDistance":0.318498,"touchZone":"hovering","type":0,"width":20.3863},{"bases":[[[0.856466,-0.477678,-0.195675],[0.516109,0.799634,0.306947],[0.0098466,-0.36388,0.931394]],[[0.856099,-0.470322,-0.214222],[0.379398,0.853402,-0.357439],[0.350929,0.224728,0.909036]],[[0.856099,-0.470322,-0.214222],[-0.0858421,0.279344,-0.956346],[0.509632,0.837117,0.198773]],[[0.856099,-0.470322,-0.214222],[-0.296062,-0.106559,-0.949206],[0.423605,0.876038,-0.23047]]],"btipPosition":[64.8311,194.427,-88.2883],"carpPosition":[94.1496,212.706,-6.14787],"dipPosition":[71.9115,209.069,-92.1405],"direction":[-0.509632,-0.837117,-0.198773],"extended":false,"handId":265,"id":2654,"length":48.9803,"mcpPosition":[93.6099,232.651,-57.2016],"pipPosition":[81.5773,224.946,-88.3705],"stabilizedTipPosition":[69.0611,194.354,-88.5614],"timeVisible":0.106023,"tipPosition":[66.9963,201.385,-94.1217],"tipVelocity":[-85.9943,273.55,-73.3818],"tool":false,"touchDistance":0.223454,"touchZone":"hovering","type":4,"width":16.1655}],"r":[[0.995336,-0.0936333,-0.0232288],[0.0935491,0.995604,-0.0046891],[0.0235657,0.0024942,0.999719]],"s":1.02353,"t":[-8.15174,25.695,-15.6321],"timestamp":259788787143},{"currentFrameRate":33.5276,"devices":[],"gestures":[],"hands":[{"armBasis":[[0.867879,0.0250526,-0.496143],[0.148154,0.940226,0.306635],[0.474169,-0.339628,0.812291]],"armWidth":62.9551,"confidence":0.548669,"direction":[-0.250086,0.488505,-0.835954],"elbow":[210.218,115.085,228.223],"grabAngle":0.960734,"grabStrength":0,"id":265,"palmNormal":[-0.192314,-0.871249,-0.451597],"palmPosition":[61.3412,232.027,-38.3554],"palmVelocity":[-40.4334,212.968,-55.7506],"palmWidth":86.0143,"pinchDistance":62.512,"pinchStrength":1,"r":[[0.993942,-0.106416,-0.0274702],[0.106335,0.994321,-0.00438501],[0.0277808,0.0014374,0.999613]],"s":1.02284,"sphereCenter":[35.5572,179.465,-82.9724],"sphereRadius":72.466,"stabilizedPalmPosition":[62.9796,226.911,-35.6138],"t":[-9.15819,28.9932,-17.3089],"timeVisible":0.117022,"type":"right","wrist":[89.1933,201.77,20.898]}],"id":165547,"interactionBox":{"center":[0,200,0],"size":[235.247,235.247,147.751]},"pointables":[{"bases":[[[0.893471,0.0348721,-0.447765],[0.129981,0.934238,0.332122],[0.429901,-0.354942,0.830181]],[[0.950288,-0.0217924,-0.310608],[0.0646882,0.9896,0.128479],[0.304578,-0.142185,0.941815]],[[0.950288,-0.0217924,-0.310608],[-0.00102553,0.997323,-0.0731101],[0.31137,0.0697942,0.947722]],[[0.950288,-0.0217924,-0.310608],[-0.0471256,0.97599,-0.212654],[0.307785,0.21672,0.926445]]],"btipPosition":[8.27906,247.18,-126.609],"carpPosition":[63.2633,221.798,7.926],"dipPosition":[13.3784,250.771,-111.26],"direction":[-0.31137,-0.0697942,-0.947722],"extended":true,"handId":265,"id":2651,"length":57.0257,"mcpPosition":[33.3652,246.483,-49.8103],"pipPosition":[20.6763,252.406,-89.0469],"stabilizedTipPosition":[10.237,246.536,-121.485],"timeVisible":0.117022,"tipPosition":[11.543,251.352,-121.8],"tipVelocity":[-45.3308,156.67,-53.2429],"tool":false,"touchDistance":-0.373716,"touchZone":"touching","type":1,"width":19.473},{"bases":[[[0.908,-0.173182,-0.381502],[0.288568,0.918664,0.269787],[0.30375,-0.355056,0.884122]],[[0.929835,-0.201691,-0.307778],[0.25058,0.959568,0.128216],[0.269474,-0.196343,0.94278]],[[0.929835,-0.201691,-0.307778],[0.184713,0.979225,-0.0836575],[0.318257,0.020937,0.947773]],[[0.929835,-0.201691,-0.307778],[0.124327,0.959415,-0.253111],[0.346337,0.197087,0.917174]]],"btipPosition":[25.8058,252.326,-142.382],"carpPosition":[73.5212,223.9,2.84225],"dipPosition":[32.117,255.917,-125.668],"direction":[-0.318257,-0.020937,-0.947773],"extended":true,"handId":265,"id":2652,"length":64.9762,"mcpPosition":[53.488,247.317,-55.4681],"pipPosition":[40.8928,256.494,-99.5336],"stabilizedTipPosition":[28.9556,251.867,-136.119],"timeVisible":0.117022,"tipPosition":[26.3629,258.152,-136.702],"tipVelocity":[-80.1076,108.093,-55.2452],"tool":false,"touchDistance":-0.519561,"touchZone":"touching","type":2,"width":19.1251},{"bases":[[[0.918448,-0.2923,-0.266483],[0.362239,0.892157,0.269887],[0.158856,-0.344408,0.925283]],[[0.918877,-0.293236,-0.263966],[0.326826,0.940508,0.0929002],[0.22102,-0.171635,0.960048]],[[0.918877,-0.293236,-0.263966],[0.237938,0.945542,-0.222116],[0.314723,0.14129,0.938609]],[[0.918877,-0.293236,-0.263966],[0.173239,0.900963,-0.397812],[0.354476,0.319811,0.878674]]],"btipPosition":[50.1652,241.197,-139.541],"carpPosition":[84.0244,222.956,-2.02254],"dipPosition":[56.5876,246.991,-123.621],"direction":[-0.314723,-0.14129,-0.938609],"extended":true,"handId":265,"id":2653,"length":62.4764,"mcpPosition":[74.6177,243.35,-56.8128],"pipPosition":[65.0419,250.787,-98.4077],"stabilizedTipPosition":[53.2819,238.045,-133.402],"timeVisible":0.117022,"tipPosition":[51.3512,237.683,-132.817],"tipVelocity":[-101.369,245.614,-54.0654],"tool":false,"touchDistance":-0.682788,"touchZone":"touching","type":3,"width":18.1987},{"bases":[[[0.505059,0.855346,0.115318],[-0.58009,0.23748,0.779166],[0.639071,-0.460419,0.616119]],[[0.37795,0.925826,-0.000796134],[-0.883751,0.36103,0.297729],[0.275932,-0.111823,0.95465]],[[0.37795,0.925826,-0.000796134],[-0.885116,0.361078,-0.293585],[-0.271521,0.111665,0.955933]],[[0.37795,0.925826,-0.000796134],[-0.635252,0.258703,-0.727686],[-0.673505,0.275535,0.68591]]],"btipPosition":[66.2447,196.448,-81.8078],"carpPosition":[55.0033,201.117,10.4121],"dipPosition":[50.9599,202.702,-66.2414],"direction":[0.271521,-0.111665,-0.955932],"extended":false,"handId":265,"id":2650,"length":50.5373,"mcpPosition":[55.0033,201.117,10.4121],"pipPosition":[41.9827,206.394,-34.6359],"stabilizedTipPosition":[62.407,195.409,-77.4623],"timeVisible":0.117022,"tipPosition":[53.2375,196.376,-79.4763],"tipVelocity":[40.6734,237.893,-29.8634],"tool":false,"touchDistance":0.315857,"touchZone":"hovering","type":0,"width":20.3863},{"bases":[[[0.858099,-0.473562,-0.198506],[0.513284,0.801877,0.305833],[0.0143462,-0.364325,0.931161]],[[0.857502,-0.46462,-0.220949],[0.380958,0.862054,-0.334265],[0.345776,0.202461,0.916214]],[[0.857502,-0.46462,-0.220949],[-0.0368366,0.372911,-0.927136],[0.51316,0.80316,0.302657]],[[0.857502,-0.46462,-0.220949],[-0.24318,0.0124209,-0.969902],[0.45338,0.885423,-0.102336]]],"btipPosition":[63.9257,198.179,-93.3534],"carpPosition":[93.8787,215.183,-6.86762],"dipPosition":[71.5037,212.978,-95.0639],"direction":[-0.51316,-0.80316,-0.302657],"extended":false,"handId":265,"id":2654,"length":48.9803,"mcpPosition":[93.0923,235.153,-57.9086],"pipPosition":[81.2364,228.211,-89.3236],"stabilizedTipPosition":[67.9475,196.727,-90.2636],"timeVisible":0.117022,"tipPosition":[66.3283,203.298,-94.5415],"tipVelocity":[-71.9154,344.427,-415.724],"tool":false,"touchDistance":0.147245,"touchZone":"hovering","type":4,"width":16.1655}],"r":[[0.993942,-0.106416,-0.0274702],[0.106335,0.994321,-0.00438501],[0.0277808,0.0014374,0.999613]],"s":1.02284,"t":[-9.15819,28.9932,-17.3089],"timestamp":259788798142},{"currentFrameRate":36.5986,"devices":[],"gestures":[],"hands":[{"armBasis":[[0.874586,0.0251955,-0.484215],[0.153611,0.93281,0.325988],[0.459894,-0.359486,0.811953]