{"frames":245,"data":[{"currentFrameRate":23.7869,"devices":[],"gestures":[],"hands":[],"id":168427,"interactionBox":{"center":[0,200,0],"size":[235.247,235.247,147.751]},"pointables":[],"r":[[-0.451118,-0.878766,0.155767],[0.630521,-0.437343,-0.641229],[0.631613,-0.191055,0.751374]],"s":-0.0734829,"t":[559.648,-310.26,370.787],"timestamp":259896328041},{"currentFrameRate":23.7902,"devices":[],"gestures":[],"hands":[],"id":168428,"interactionBox":{"center":[0,200,0],"size":[235.247,235.247,147.751]},"pointables":[],"r":[[-0.451118,-0.878766,0.155767],[0.630521,-0.437343,-0.641229],[0.631613,-0.191055,0.751374]],"s":-0.0734829,"t":[559.648,-310.26,370.787],"timestamp":259896370050},{"currentFrameRate":23.7892,"devices":[],"gestures":[],"hands":[],"id":168429,"interactionBox":{"center":[0,200,0],"size":[235.247,235.247,147.751]},"pointables":[],"r":[[-0.451118,-0.878766,0.155767],[0.630521,-0.437343,-0.641229],[0.631613,-0.191055,0.751374]],"s":-0.0734829,"t":[559.648,-310.26,370.787],"timestamp":259896412093},{"currentFrameRate":23.7874,"devices":[],"gestures":[],"hands":[],"id":168430,"interactionBox":{"center":[0,200,0],"size":[235.247,235.247,147.751]},"pointables":[],"r":[[-0.451118,-0.878766,0.155767],[0.630521,-0.437343,-0.641229],[0.631613,-0.191055,0.751374]],"s":-0.0734829,"t":[559.648,-310.26,370.787],"timestamp":259896454146},{"currentFrameRate":23.7854,"devices":[],"gestures":[],"hands":[],"id":168431,"interactionBox":{"center":[0,200,0],"size":[235.247,235.247,147.751]},"pointables":[],"r":[[-0.451118,-0.878766,0.155767],[0.630521,-0.437343,-0.641229],[0.631613,-0.191055,0.751374]],"s":-0.0734829,"t":[559.648,-310.26,370.787],"timestamp":259896496204},{"currentFrameRate":23.7896,"devices":[],"gestures":[],"hands":[{"armBasis":[[0.318359,0.916572,0.241957],[-0.879007,0.189851,0.437381],[0.354956,-0.351926,0.866114]],"armWidth":60.2356,"confidence":0,"direction":[-0.391512,0.242371,-0.887679],"elbow":[214.535,20.7184,306.365],"grabAngle":0.789226,"grabStrength":0,"id":267,"palmNormal":[0.878264,-0.18939,-0.439071],"palmPosition":[97.9267,121.363,19.2596],"palmVelocity":[1.19209e-7,1.19209e-7,1.19209e-7],"palmWidth":86.0143,"pinchDistance":32.3693,"pinchStrength":0.57016,"r":[[1,-1.11022e-17,1.11022e-17],[1.11022e-17,1,-5.55112e-18],[-1.11022e-17,5.55112e-18,1]],"s":1,"sphereCenter":[159.987,49.7644,-39.4318],"sphereRadius":111.324,"stabilizedPalmPosition":[97.9267,121.363,19.2596],"t":[0,0,0],"timeVisible":0,"type":"right","wrist":[123.938,110.542,85.3019]}],"id":168432,"interactionBox":{"center":[0,200,0],"size":[235.247,235.247,147.751]},"pointables":[{"bases":[[[-0.751468,0.599579,0.275321],[-0.460924,-0.775667,0.431149],[0.472066,0.197093,0.859249]],[[-0.787123,0.581712,0.20506],[-0.616575,-0.751,-0.236293],[0.0165451,-0.312426,0.949798]],[[-0.787123,0.581712,0.20506],[-0.584167,-0.809778,0.0548445],[0.197957,-0.0766198,0.977212]],[[-0.787123,0.581712,0.20506],[-0.598705,-0.800505,-0.0272667],[0.14829,-0.144233,0.97837]]],"btipPosition":[108.697,108.663,-35.9447],"carpPosition":[119.138,88.2602,62.0162],"dipPosition":[111.977,105.472,-14.2994],"direction":[-0.197957,0.0766198,-0.977212],"extended":true,"handId":267,"id":2670,"length":49.2665,"mcpPosition":[119.138,88.2602,62.0162],"pipPosition":[118.358,103.003,17.1972],"stabilizedTipPosition":[109.451,107.93,-30.9663],"timeVisible":0,"tipPosition":[109.451,107.93,-30.9663],"tipVelocity":[1.19209e-7,1.19209e-7,1.19209e-7],"tool":false,"touchDistance":1,"touchZone":"none","type":0,"width":19.1427},{"bases":[[[0.204903,0.978705,-0.012295],[-0.932638,0.199039,0.300948],[0.296987,-0.0501984,0.953561]],[[0.298407,0.89437,0.333251],[-0.929093,0.352132,-0.113093],[-0.218495,-0.275873,0.936031]],[[0.298407,0.89437,0.333251],[-0.762607,0.43338,-0.480221],[-0.57392,-0.110838,0.811376]],[[0.298407,0.89437,0.333251],[-0.562899,0.446886,-0.695297],[-0.770778,0.019895,0.636793]]],"btipPosition":[114.819,118.374,-70.9454],"carpPosition":[101.037,101.467,62.2105],"dipPosition":[102.37,118.695,-60.6603],"direction":[0.57392,0.110838,-0.811376],"extended":true,"handId":267,"id":2671,"length":55.5917,"mcpPosition":[80.383,104.958,-4.1064],"pipPosition":[89.2568,116.162,-42.1215],"stabilizedTipPosition":[111.956,118.447,-68.5798],"timeVisible":0,"tipPosition":[111.956,118.447,-68.5798],"tipVelocity":[1.19209e-7,1.19209e-7,1.19209e-7],"tool":false,"touchDistance":0.504636,"touchZone":"hovering","type":1,"width":18.2851},{"bases":[[[0.652542,0.723525,0.225169],[-0.727585,0.515251,0.452919],[0.21168,-0.459378,0.862649]],[[0.57368,0.819017,-0.0101517],[-0.802792,0.564688,0.191448],[0.162532,-0.10168,0.98145]],[[0.57368,0.819017,-0.0101517],[-0.802792,0.564688,0.191448],[0.162532,-0.10168,0.98145]],[[0.57368,0.819017,-0.0101517],[-0.812875,0.567768,-0.129895],[-0.100622,0.0827702,0.991476]]],"btipPosition":[97.1444,162.029,-51.6599],"carpPosition":[115.546,132.918,62.7329],"dipPosition":[95.5048,163.377,-35.5045],"direction":[-0.162532,0.10168,-0.98145],"extended":true,"handId":267,"id":2674,"length":47.7486,"mcpPosition":[103.943,158.098,15.4473],"pipPosition":[98.5099,161.497,-17.3583],"stabilizedTipPosition":[96.7673,162.339,-47.9442],"timeVisible":0,"tipPosition":[96.7673,162.339,-47.9442],"tipVelocity":[1.19209e-7,1.19209e-7,1.19209e-7],"tool":false,"touchDistance":0.814171,"touchZone":"hovering","type":4,"width":15.1794},{"bases":[[[0.399113,0.914558,0.0655246],[-0.877823,0.360485,0.315399],[0.26483,-0.183399,0.946694]],[[0.407048,0.908502,0.0945324],[-0.910904,0.396098,0.115584],[0.067564,-0.133158,0.988789]],[[0.407048,0.908502,0.0945324],[-0.887844,0.417845,-0.192712],[-0.214579,-0.00548712,0.976691]],[[0.407048,0.908502,0.0945324],[-0.780358,0.399677,-0.480937],[-0.474714,0.121995,0.871644]]],"btipPosition":[95.387,129.228,-87.2078],"carpPosition":[101.731,113.085,62.0222],"dipPosition":[86.954,131.395,-71.7236],"direction":[0.214579,0.00548712,-0.976691],"extended":true,"handId":267,"id":2672,"length":63.3423,"mcpPosition":[84.2643,125.181,-0.414963],"pipPosition":[81.1858,131.248,-45.4688],"stabilizedTipPosition":[93.4474,129.727,-83.6465],"timeVisible":0,"tipPosition":[93.4474,129.727,-83.6465],"tipVelocity":[1.19209e-7,1.19209e-7,1.19209e-7],"tool":false,"touchDistance":0.272559,"touchZone":"hovering","type":2,"width":17.9584},{"bases":[[[0.498766,0.847806,0.18016],[-0.838176,0.418875,0.349293],[0.220668,-0.325221,0.919531]],[[0.426548,0.902552,-0.0587873],[-0.891044,0.430486,0.143957],[0.155236,-0.00902256,0.987836]],[[0.426548,0.902552,-0.0587873],[-0.904271,0.426901,-0.00706035],[0.018724,0.0561712,0.998246]],[[0.426548,0.902552,-0.0587873],[-0.888086,0.405625,-0.21627],[-0.171349,0.144458,0.974562]]],"btipPosition":[88.3031,139.719,-77.2128],"carpPosition":[105.39,124.103,62.3137],"dipPosition":[85.2767,142.271,-59.9998],"direction":[-0.018724,-0.0561712,-0.998246],"extended":true,"handId":267,"id":2673,"length":60.9053,"mcpPosition":[92.3236,143.361,7.86401],"pipPosition":[85.767,143.742,-33.8586],"stabilizedTipPosition":[87.6071,140.306,-73.2538],"timeVisible":0,"tipPosition":[87.6071,140.306,-73.2538],"tipVelocity":[1.19209e-7,1.19209e-7,1.19209e-7],"tool":false,"touchDistance":0.434526,"touchZone":"hovering","type":3,"width":17.0885}],"r":[[1,-1.11022e-17,1.11022e-17],[1.11022e-17,1,-5.55112e-18],[-1.11022e-17,5.55112e-18,1]],"s":1,"t":[0,0,0],"timestamp":259896538207},{"currentFrameRate":23.787,"devices":[],"gestures":[],"hands":[{"armBasis":[[0.915474,0.27736,-0.291509],[-0.103698,0.862627,0.495098],[0.388784,-0.423021,0.818474]],"armWidth":62.9551,"confidence":0.218017,"direction":[-0.202877,0.574907,-0.792668],"elbow":[222.332,12.0213,284.326],"grabAngle":1.61259,"grabStrength":0,"id":267,"palmNormal":[0.0790508,-0.797244,-0.598459],"palmPosition":[99.949,155.02,16.7833],"palmVelocity":[48.0795,800.211,-58.8741],"palmWidth":86.0143,"pinchDistance":60.0463,"pinchStrength":1,"r":[[0.979472,-0.193982,-0.0548176],[0.191858,0.980535,-0.0417215],[0.0618439,0.0303479,0.997624]],"s":1.1334,"sphereCenter":[102.287,125.372,-28.8467],"sphereRadius":50.6078,"stabilizedPalmPosition":[99.8969,154.153,16.8471],"t":[1.01111,16.8284,-1.23812],"timeVisible":0.04206,"type":"right","wrist":[123.1,119.991,75.4227]}],"id":168433,"interactionBox":{"center":[0,200,0],"size":[235.247,235.247,147.751]},"pointables":[{"bases":[[[0.960725,-0.264359,-0.0843938],[0.269363,0.815255,0.512642],[-0.0667189,-0.515241,0.854445]],[[0.949009,-0.315237,0.00267403],[0.28605,0.857514,-0.427605],[0.132504,0.406566,0.903962]],[[0.949009,-0.315237,0.00267403],[-0.0247232,-0.082879,-0.996253],[0.314278,0.945387,-0.0864466]],[[0.949009,-0.315237,0.00267403],[-0.150925,-0.461767,-0.874067],[0.276773,0.829094,-0.485798]]],"btipPosition":[118.016,121.642,-16.5209],"carpPosition":[129.489,139.128,51.5504],"dipPosition":[122.642,135.5,-24.6408],"direction":[-0.314278,-0.945387,0.0864466],"extended":false,"handId":267,"id":2674,"length":48.9803,"mcpPosition":[133.146,167.371,4.71456],"pipPosition":[128.603,153.431,-26.2804],"stabilizedTipPosition":[115.57,130.729,-23.0373],"timeVisible":0.04206,"tipPosition":[118.946,127.435,-19.9767],"tipVelocity":[530.492,-891.802,702.703],"tool":false,"touchDistance":0.333333,"touchZone":"none","type":4,"width":16.1655},{"bases":[[[0.28245,0.899331,0.333805],[-0.741662,-0.0159693,0.670583],[0.608407,-0.436977,0.662489]],[[0.0615544,0.993878,0.0917471],[-0.963196,0.0350525,0.266505],[0.261657,-0.104775,0.959457]],[[0.0615544,0.993878,0.0917471],[-0.95625,0.0850631,-0.279911],[-0.286001,-0.0705035,0.955632]],[[0.0615544,0.993878,0.0917471],[-0.747762,0.106806,-0.65532],[-0.661108,-0.0282672,0.749758]]],"btipPosition":[104.289,123.211,-35.4448],"carpPosition":[92.1762,115.295,58.441],"dipPosition":[89.2851,122.57,-18.4294],"direction":[0.286001,0.0705035,-0.955632],"extended":false,"handId":267,"id":2670,"length":50.5373,"mcpPosition":[92.1762,115.295,58.441],"pipPosition":[79.8291,120.239,13.1662],"stabilizedTipPosition":[102.008,121.007,-31.4545],"timeVisible":0.04206,"tipPosition":[96.8244,127.186,-31.4793],"tipVelocity":[-204.79,359.825,-13.433],"tool":false,"touchDistance":0.986814,"touchZone":"hovering","type":0,"width":20.3863},{"bases":[[[0.928089,0.277989,-0.247735],[-0.132153,0.86791,0.478819],[0.348118,-0.411647,0.842235]],[[0.983506,0.174994,-0.0457501],[-0.159721,0.958938,0.234364],[0.0848838,-0.223191,0.971072]],[[0.983506,0.174994,-0.0457501],[-0.178106,0.98105,-0.076288],[0.0315332,0.0831781,0.996036]],[[0.983506,0.174994,-0.0457501],[-0.180718,0.961264,-0.208117],[0.00755874,0.212952,0.977033]]],"btipPosition":[67.4932,169.699,-77.9644],"carpPosition":[96.1042,137.25,60.5982],"dipPosition":[67.6184,173.227,-61.777],"direction":[-0.0315332,-0.0831781,-0.996036],"extended":true,"handId":267,"id":2671,"length":57.0257,"mcpPosition":[71.8938,165.878,2.02364],"pipPosition":[68.3575,175.177,-38.4319],"stabilizedTipPosition":[68.6793,169.154,-74.0939],"timeVisible":0.04206,"tipPosition":[70.8256,165.363,-72.8599],"tipVelocity":[-1056.44,1237.83,-134.605],"tool":false,"touchDistance":0.402583,"touchZone":"hovering","type":1,"width":19.473},{"bases":[[[0.975428,0.0677605,-0.209641],[0.034329,0.893165,0.448418],[0.217629,-0.444596,0.868891]],[[0.981881,0.0535258,-0.181782],[-0.0110768,0.97385,0.22692],[0.189175,-0.220795,0.956798]],[[0.981881,0.0535258,-0.181782],[-0.0692066,0.994305,-0.0810401],[0.176409,0.0921523,0.979994]],[[0.981881,0.0535258,-0.181782],[-0.11286,0.935769,-0.334064],[0.152225,0.348527,0.924855]]],"btipPosition":[75.5507,172.827,-87.8559],"carpPosition":[106.384,142.077,58.0471],"dipPosition":[78.3247,179.178,-71.0026],"direction":[-0.176409,-0.0921523,-0.979994],"extended":true,"handId":267,"id":2672,"length":64.9762,"mcpPosition":[92.0312,171.399,0.741241],"pipPosition":[83.1891,181.719,-43.9795],"stabilizedTipPosition":[76.6137,173.19,-83.9714],"timeVisible":0.04206,"tipPosition":[76.3734,176.211,-81.9869],"tipVelocity":[-410.334,1059.46,-7.92163],"tool":false,"touchDistance":0.333333,"touchZone":"hovering","type":2,"width":19.1251},{"bases":[[[0.99144,-0.0659286,-0.112695],[0.110851,0.881096,0.459764],[0.0689832,-0.46832,0.880862]],[[0.993833,-0.0969068,-0.0539047],[0.053348,0.843987,-0.533703],[0.0972144,0.527536,0.843952]],[[0.993833,-0.0969068,-0.0539047],[-0.0174648,0.343255,-0.93908],[0.109506,0.93423,0.339446]],[[0.993833,-0.0969068,-0.0539047],[-0.0763846,-0.245864,-0.96629],[0.0803868,0.964448,-0.25175]]],"btipPosition":[104.822,106.271,-37.9498],"carpPosition":[117.517,143.965,55.3322],"dipPosition":[106.279,123.744,-42.511],"direction":[-0.109506,-0.93423,-0.339446],"extended":false,"handId":267,"id":2673,"length":62.4764,"mcpPosition":[113.432,171.696,3.17233],"pipPosition":[109.22,148.84,-33.3926],"stabilizedTipPosition":[100.054,119.017,-48.9589],"timeVisible":0.04206,"tipPosition":[104.618,112.408,-39.9354],"tipVelocity":[417.269,-713.666,814.43],"tool":false,"touchDistance":0.93823,"touchZone":"hovering","type":3,"width":18.1987}],"r":[[0.979472,-0.193982,-0.0548176],[0.191858,0.980535,-0.0417215],[0.0618439,0.0303479,0.997624]],"s":1.1334,"t":[1.01111,16.8284,-1.23812],"timestamp":259896580267},{"currentFrameRate":24.8251,"devices":[],"gestures":[],"hands":[{"armBasis":[[0.896147,0.108501,-0.430288],[0.116259,0.878375,0.463618],[0.428257,-0.465495,0.774539]],"armWidth":62.9551,"confidence":0.374152,"direction":[-0.135932,0.69933,-0.701755],"elbow":[229.634,11.5471,271.595],"grabAngle":1.72235,"grabStrength":0.210432,"id":267,"palmNormal":[-0.159447,-0.714538,-0.681184],"palmPosition":[99.8238,175.392,21.4509],"palmVelocity":[-3.83967,625.174,143.235],"palmWidth":86.0143,"pinchDistance":57.7067,"pinchStrength":1,"r":[[0.915508,-0.384703,-0.117681],[0.379156,0.922885,-0.0672679],[0.134484,0.0169648,0.99077]],"s":1.16632,"sphereCenter":[82.9032,148.201,-25],"sphereRadius":50.386,"stabilizedPalmPosition":[99.8255,174.901,21.3445],"t":[1.45411,35.4289,0.476618],"timeVisible":0.074647,"type":"right","wrist":[120.328,130.358,73.9057]}],"id":168434,"interactionBox":{"center":[0,200,0],"size":[235.247,235.247,147.751]},"pointables":[{"bases":[[[0.509554,0.767799,0.38838],[-0.662574,0.0621591,0.746413],[0.548954,-0.637669,0.540397]],[[0.289417,0.940394,0.178596],[-0.898021,0.202166,0.390752],[0.331355,-0.273473,0.903004]],[[0.289417,0.940394,0.178596],[-0.927888,0.321449,-0.188929],[-0.235077,-0.111038,0.965613]],[[0.289417,0.940394,0.178596],[-0.700935,0.335275,-0.629508],[-0.651865,0.0570063,0.75619]]],"btipPosition":[93.8508,148.717,-32.2079],"carpPosition":[86.9208,133.435,59.49],"dipPosition":[79.057,150.011,-15.0465],"direction":[0.235077,0.111038,-0.965613],"extended":false,"handId":267,"id":2670,"length":50.5373,"mcpPosition":[86.9208,133.435,59.49],"pipPosition":[71.2848,146.34,16.8791],"stabilizedTipPosition":[90.6427,148.544,-28.3145],"timeVisible":0.074647,"tipPosition":[86.7162,154.27,-28.6374],"tipVelocity":[-318.824,796.363,100.362],"tool":false,"touchDistance":0.970523,"touchZone":"hovering","type":0,"width":20.3863},{"bases":[[[0.941099,0.0983944,-0.323499],[0.113451,0.80938,0.576223],[0.31853,-0.578984,0.750544]],[[0.958253,0.0640617,-0.278651],[0.00634321,0.969574,0.244718],[0.28585,-0.236269,0.928691]],[[0.958253,0.0640617,-0.278651],[-0.138098,0.957061,-0.254878],[0.250359,0.282719,0.925954]],[[0.958253,0.0640617,-0.278651],[-0.212942,0.810268,-0.546006],[0.190804,0.582548,0.790083]]],"btipPosition":[52.8575,187.401,-62.2883],"carpPosition":[95.9481,153.57,63.3919],"dipPosition":[56.0187,197.053,-49.1983],"direction":[-0.250359,-0.282719,-0.925954],"extended":true,"handId":267,"id":2671,"length":57.0257,"mcpPosition":[73.7954,193.836,11.1942],"pipPosition":[61.8867,203.679,-27.4957],"stabilizedTipPosition":[54.9416,187.781,-60.6096],"timeVisible":0.074647,"tipPosition":[57.2584,193.565,-60.305],"tipVelocity":[-427.697,586.443,459.193],"tool":false,"touchDistance":0.620114,"touchZone":"hovering","type":1,"width":19.473},{"bases":[[[0.942259,-0.120164,-0.312583],[0.277888,0.801455,0.529574],[0.186886,-0.585859,0.78857]],[[0.942618,-0.121294,-0.311062],[0.185316,0.965058,0.185258],[0.277722,-0.232272,0.932159]],[[0.942618,-0.121294,-0.311062],[0.0181523,0.948916,-0.315007],[0.33338,0.291285,0.896667]],[[0.942618,-0.121294,-0.311062],[-0.0969748,0.792046,-0.60271],[0.31948,0.59829,0.734834]]],"btipPosition":[66.4687,186.888,-73.5173],"carpPosition":[106.79,156.327,60.1762],"dipPosition":[72.2905,197.791,-60.1267],"direction":[-0.33338,-0.291285,-0.896667],"extended":true,"handId":267,"id":2672,"length":64.9762,"mcpPosition":[94.4641,194.967,8.16777],"pipPosition":[81.4834,205.823,-35.4013],"stabilizedTipPosition":[68.9404,187.312,-72.1783],"timeVisible":0.074647,"tipPosition":[69.2837,196.213,-70.6813],"tipVelocity":[-257.189,463.633,415.569],"tool":false,"touchDistance":0.536466,"touchZone":"hovering","type":2,"width":19.1251},{"bases":[[[0.935843,-0.265141,-0.232158],[0.350314,0.771737,0.530756],[0.0384397,-0.578033,0.815108]],[[0.935452,-0.316716,-0.156909],[0.282599,0.936822,-0.206159],[0.212289,0.148509,0.965856]],[[0.935452,-0.316716,-0.156909],[0.0402584,0.536515,-0.84293],[0.351153,0.782203,0.514635]],[[0.935452,-0.316716,-0.156909],[-0.14108,0.0724608,-0.987343],[0.324077,0.945749,0.0231014]]],"btipPosition":[90.9921,145.722,-47.9528],"carpPosition":[117.77,156.075,56.4031],"dipPosition":[96.8637,162.857,-47.5342],"direction":[-0.351153,-0.782203,-0.514635],"extended":false,"handId":267,"id":2673,"length":62.4764,"mcpPosition":[115.494,190.303,8.13677],"pipPosition":[106.297,183.869,-33.7098],"stabilizedTipPosition":[93.5718,144.778,-48.0322],"timeVisible":0.074647,"tipPosition":[91.1678,145.718,-44.3576],"tipVelocity":[-393.251,1208.26,-271.814],"tool":false,"touchDistance":0.744877,"touchZone":"hovering","type":3,"width":18.1987},{"bases":[[[0.86317,-0.454104,-0.220742],[0.493617,0.666983,0.5581],[-0.106205,-0.590697,0.799874]],[[0.81069,-0.58521,-0.017641],[0.562283,0.786619,-0.255084],[0.163154,0.196875,0.966758]],[[0.81069,-0.58521,-0.017641],[0.193965,0.296884,-0.935007],[0.552413,0.754579,0.354191]],[[0.81069,-0.58521,-0.017641],[-0.0642068,-0.0589154,-0.996196],[0.581945,0.808739,-0.0853366]]],"btipPosition":[107.952,147.062,-31.4855],"carpPosition":[127.929,149.263,50.7984],"dipPosition":[117.679,160.58,-32.9119],"direction":[-0.552413,-0.754579,-0.354191],"extended":false,"handId":267,"id":2674,"length":48.9803,"mcpPosition":[133.75,181.642,6.9538],"pipPosition":[128.156,174.892,-26.1943],"stabilizedTipPosition":[111.081,146.948,-30.3585],"timeVisible":0.074647,"tipPosition":[109.501,149.713,-26.5247],"tipVelocity":[-272.824,777.67,-411.978],"tool":false,"touchDistance":0.246915,"touchZone":"hovering","type":4,"width":16.1655}],"r":[[0.915508,-0.384703,-0.117681],[0.379156,0.922885,-0.0672679],[0.134484,0.0169648,0.99077]],"s":1.16632,"t":[1.45411,35.4289,0.476618],"timestamp":259896612854},{"currentFrameRate":26.9967,"devices":[],"gestures":[],"hands":[{"armBasis":[[0.887689,0.0570334,-0.456897],[0.189569,0.859028,0.475537],[0.419609,-0.508742,0.751738]],"armWidth":62.9551,"confidence":0.468608,"direction":[-0.137898,0.714818,-0.68558],"elbow":[225.624,8.51567,266.944],"grabAngle":1.44734,"grabStrength":0.0157891,"id":267,"palmNormal":[-0.233844,-0.696121,-0.678773],"palmPosition":[97.8115,185.186,24.2898],"palmVelocity":[-92.1486,448.466,129.994],"palmWidth":86.0143,"pinchDistance":60.5594,"pinchStrength":1,"r":[[0.827467,-0.534019,-0.173557],[0.524762,0.845427,-0.0993933],[0.199808,-0.00883161,0.979795]],"s":1.21427,"sphereCenter":[74.0153,158.117,-23.06],"sphereRadius":54.7254,"stabilizedPalmPosition":[97.9327,184.567,24.1125],"t":[0.669432,49.626,2.75339],"timeVisible":0.096485,"type":"right","wrist":[118.525,138.365,75.0736]}],"id":168435,"interactionBox":{"center":[0,200,0],"size":[235.247,235.247,147.751]},"pointables":[{"bases":[[[0.906503,-0.309738,-0.286906],[0.418826,0.74546,0.51853],[0.0532688,-0.590213,0.805488]],[[0.907825,-0.356897,-0.220176],[0.341294,0.933893,-0.10659],[0.243663,0.0216203,0.969619]],[[0.907825,-0.356897,-0.220176],[0.110619,0.710256,-0.695197],[0.404495,0.606762,0.684268]],[[0.907825,-0.356897,-0.220176],[0.110619,0.710256,-0.695197],[0.404495,0.606762,0.684268]]],"btipPosition":[84.7261,171.221,-62.5083],"carpPosition":[116.632,164.501,57.9767],"dipPosition":[92.0547,182.214,-50.1108],"direction":[-0.404495,-0.606762,-0.684268],"extended":false,"handId":267,"id":2673,"length":62.4764,"mcpPosition":[113.477,199.45,10.28],"pipPosition":[102.921,198.514,-31.7296],"stabilizedTipPosition":[88.1967,166.527,-56.7588],"timeVisible":0.096485,"tipPosition":[85.551,167.736,-53.0904],"tipVelocity":[-271.584,1102.96,-540.36],"tool":false,"touchDistance":0.526717,"touchZone":"hovering","type":3,"width":18.1987},{"bases":[[[0.569534,0.735267,0.367443],[-0.616175,0.0860411,0.782895],[0.544022,-0.672295,0.502056]],[[0.345332,0.922888,0.170366],[-0.86468,0.242325,0.440008],[0.364794,-0.299261,0.881685]],[[0.345332,0.922888,0.170366],[-0.917453,0.370198,-0.145717],[-0.197549,-0.105982,0.974547]],[[0.345332,0.922888,0.170366],[-0.701605,0.374445,-0.606252],[-0.623295,0.0898285,0.77681]]],"btipPosition":[88.3256,159.024,-28.9133],"carpPosition":[84.8626,143.437,62.5419],"dipPosition":[74.1802,161.063,-11.284],"direction":[0.197549,0.105982,-0.974547],"extended":false,"handId":267,"id":2670,"length":50.5373,"mcpPosition":[84.8626,143.437,62.5419],"pipPosition":[67.6487,157.559,20.937],"stabilizedTipPosition":[85.3537,158.94,-25.0333],"timeVisible":0.096485,"tipPosition":[81.1202,165.095,-25.189],"tipVelocity":[-246.181,479.81,155.791],"tool":false,"touchDistance":0.957837,"touchZone":"hovering","type":0,"width":20.3863},{"bases":[[[0.925629,0.0542486,-0.374524],[0.18712,0.794612,0.577562],[0.328933,-0.604689,0.725365]],[[0.937604,0.0309335,-0.346327],[0.0854606,0.944979,0.31577],[0.337039,-0.325665,0.883372]],[[0.937604,0.0309335,-0.346327],[-0.0557886,0.996514,-0.062028],[0.343201,0.0774787,0.936061]],[[0.937604,0.0309335,-0.346327],[-0.153355,0.930714,-0.332044],[0.31206,0.364437,0.877385]]],"btipPosition":[44.9965,210.794,-57.5773],"carpPosition":[95.1281,163.026,66.1472],"dipPosition":[50.1667,216.832,-43.0408],"direction":[-0.343201,-0.0774787,-0.936061],"extended":true,"handId":267,"id":2671,"length":57.0257,"mcpPosition":[72.2519,205.08,15.7005],"pipPosition":[58.2107,218.648,-21.1014],"stabilizedTipPosition":[47.3016,209.072,-55.0465],"timeVisible":0.096485,"tipPosition":[49.4012,208.999,-54.5362],"tipVelocity":[-338.811,1033.13,230.961],"tool":false,"touchDistance":0.667092,"touchZone":"hovering","type":1,"width":19.473},{"bases":[[[0.916006,-0.164208,-0.366017],[0.348091,0.778875,0.521714],[0.199412,-0.605301,0.770614]],[[0.918362,-0.171551,-0.356626],[0.270192,0.930238,0.248301],[0.289151,-0.324388,0.900646]],[[0.918362,-0.171551,-0.356626],[0.101806,0.973242,-0.206001],[0.382423,0.152877,0.911253]],[[0.918362,-0.171551,-0.356626],[-0.0423212,0.853416,-0.519509],[0.393473,0.49219,0.776485]]],"btipPosition":[61.5224,207.165,-69.8375],"carpPosition":[105.904,165.266,62.3601],"dipPosition":[68.6925,216.134,-55.6879],"direction":[-0.382423,-0.152877,-0.911253],"extended":true,"handId":267,"id":2672,"length":64.9762,"mcpPosition":[92.7526,205.188,11.5359],"pipPosition":[79.2377,220.35,-30.5603],"stabilizedTipPosition":[64.0908,205.735,-67.4747],"timeVisible":0.096485,"tipPosition":[63.2873,208.95,-66.0595],"tipVelocity":[-212.3,908.137,176.5],"tool":false,"touchDistance":0.573969,"touchZone":"hovering","type":2,"width":19.1251},{"bases":[[[0.824829,-0.494852,-0.273457],[0.557771,0.633118,0.536706],[-0.0924593,-0.595217,0.798228]],[[0.784234,-0.613755,-0.091006],[0.573361,0.772916,-0.271768],[0.237139,0.160951,0.95805]],[[0.784234,-0.613755,-0.091006],[0.0981522,0.267544,-0.958533],[0.612653,0.742782,0.270058]],[[0.784234,-0.613755,-0.091006],[-0.125814,-0.0136747,-0.99196],[0.607576,0.789378,-0.0879429]]],"btipPosition":[101.258,157.078,-28.515],"carpPosition":[126.096,157.252,51.7409],"dipPosition":[111.414,170.272,-29.985],"direction":[-0.612653,-0.742782,-0.270058],"extended":false,"handId":267,"id":2674,"length":48.9803,"mcpPosition":[131.164,189.879,7.98649],"pipPosition":[123.033,184.36,-24.863],"stabilizedTipPosition":[105.093,157.477,-29.1546],"timeVisible":0.096485,"tipPosition":[103.48,159.719,-24.6862],"tipVelocity":[-302.003,455.232,135.566],"tool":false,"touchDistance":0.31217,"touchZone":"hovering","type":4,"width":16.1655}],"r":[[0.827467,-0.534019,-0.173557],[0.524762,0.845427,-0.0993933],[0.199808,-0.00883161,0.979795]],"s":1.21427,"t":[0.669432,49.626,2.75339],"timestamp":259896634692},{"currentFrameRate":28.9459,"devices":[],"gestures":[],"hands":[{"armBasis":[[0.893882,0.0645555,-0.44363],[0.196609,0.832882,0.517351],[0.40289,-0.549672,0.731806]],"armWidth":62.9551,"confidence":0.553354,"direction":[-0.144363,0.744034,-0.65236],"elbow":[219.423,2.91967,260.259],"grabAngle":1.3636,"grabStrength":0,"id":267,"palmNormal":[-0.241147,-0.665842,-0.706047],"palmPosition":[95.6556,192.271,24.946],"palmVelocity":[-98.8297,324.816,30.0855],"palmWidth":86.0143,"pinchDistance":61.6515,"pinchStrength":1,"r":[[0.736518,-0.639957,-0.21908],[0.629074,0.767085,-0.12588],[0.248611,-0.0451053,0.967553]],"s":1.26302,"sphereCenter":[70.949,164.634,-26.0612],"sphereRadius":58.8402,"stabilizedPalmPosition":[95.7317,192.014,24.9182],"t":[-0.80084,60.2673,4.21992],"timeVisible":0.118299,"type":"right","wrist":[116.591,143.216,73.4765]}],"id":168436,"interactionBox":{"center":[0,200,0],"size":[235.247,235.247,147.751]},"pointables":[{"bases":[[[0.921829,0.0703235,-0.381165],[0.193465,0.768659,0.609701],[0.335862,-0.635782,0.694966]],[[0.934721,0.0444177,-0.352596],[0.101172,0.917846,0.383827],[0.340677,-0.394444,0.853436]],[[0.934721,0.0444177,-0.352596],[-0.033286,0.998739,0.0375746],[0.35382,-0.0233852,0.935021]],[[0.934721,0.0444177,-0.352596],[-0.11954,0.973643,-0.194243],[0.334675,0.223713,0.915394]]],"btipPosition":[41.9928,225.801,-55.145],"carpPosition":[93.3814,168.31,65.8235],"dipPosition":[47.5377,229.507,-39.9788],"direction":[-0.35382,0.0233852,-0.935021],"extended":true,"handId":267,"id":2671,"length":57.0257,"mcpPosition":[70.0234,212.526,17.491],"pipPosition":[55.8305,228.959,-18.0637],"stabilizedTipPosition":[43.5841,225.276,-51.9223],"timeVisible":0.118299,"tipPosition":[45.7573,221.09,-52.1366],"tipVelocity":[-133.747,663.371,118.141],"tool":false,"touchDistance":0.672373,"touchZone":"hovering","type":1,"width":19.473},{"bases":[[[0.912151,-0.148294,-0.382085],[0.353853,0.755337,0.551593],[0.206804,-0.638338,0.741456]],[[0.917712,-0.166558,-0.360642],[0.286664,0.906159,0.310965],[0.275006,-0.388759,0.87934]],[[0.917712,-0.166558,-0.360642],[0.140123,0.985228,-0.0984496],[0.371712,0.0398142,0.927494]],[[0.917712,-0.166558,-0.360642],[-0.0024518,0.905464,-0.424416],[0.397239,0.390376,0.830547]]],"btipPosition":[60.1386,222.77,-68.683],"carpPosition":[104.12,170.711,62.0286],"dipPosition":[67.3773,229.884,-53.5483],"direction":[-0.371712,-0.0398142,-0.927494],"extended":true,"handId":267,"id":2672,"length":64.9762,"mcpPosition":[90.481,212.811,13.1275],"pipPosition":[77.6272,230.981,-27.9728],"stabilizedTipPosition":[62.0126,222.699,-65.4098],"timeVisible":0.118299,"tipPosition":[60.6223,221.055,-64.2426],"tipVelocity":[-62.7131,695.799,63.3099],"tool":false,"touchDistance":0.570621,"touchZone":"hovering","type":2,"width":19.1251},{"bases":[[[0.903355,-0.29713,-0.309296],[0.42453,0.722078,0.54624],[0.0610311,-0.624754,0.778433]],[[0.905403,-0.341586,-0.252121],[0.367603,0.927845,0.0630257],[0.212401,-0.149744,0.965641]],[[0.905403,-0.341586,-0.252121],[0.182645,0.849476,-0.495007],[0.383258,0.402132,0.831506]],[[0.905403,-0.341586,-0.252121],[0.182645,0.849476,-0.495007],[0.383258,0.402132,0.831506]]],"btipPosition":[84.7467,195.529,-67.8259],"carpPosition":[114.802,170.135,57.5076],"dipPosition":[91.6905,202.815,-52.7607],"direction":[-0.383258,-0.402132,-0.831506],"extended":false,"handId":267,"id":2673,"length":62.4764,"mcpPosition":[111.188,207.129,11.413],"pipPosition":[101.986,213.617,-30.4243],"stabilizedTipPosition":[86.6382,192.33,-63.1529],"timeVisible":0.118299,"tipPosition":[84.622,188.466,-59.1299],"tipVelocity":[-3.11485,1075.24,-215.642],"tool":false,"touchDistance":0.436818,"touchZone":"hovering","type":3,"width":18.1987},{"bases":[[[0.573696,0.718445,0.393333],[-0.60817,0.0519794,0.792103],[0.548637,-0.693639,0.466757]],[[0.359232,0.907851,0.21624],[-0.861523,0.233517,0.45083],[0.35879,-0.348248,0.866021]],[[0.359232,0.907851,0.21624],[-0.908896,0.392923,-0.13971],[-0.211801,-0.146352,0.966293]],[[0.359232,0.907851,0.21624],[-0.669985,0.412177,-0.617438],[-0.649671,0.0769257,0.756314]]],"btipPosition":[87.8834,168.425,-28.5055],"carpPosition":[83.0673,148.899,61.4725],"dipPosition":[73.1394,170.17,-11.3413],"direction":[0.211801,0.146352,-0.966293],"extended":false,"handId":267,"id":2670,"length":50.5373,"mcpPosition":[83.0673,148.899,61.4725],"pipPosition":[66.1367,165.332,20.6068],"stabilizedTipPosition":[84.5154,168.561,-24.5705],"timeVisible":0.118299,"tipPosition":[79.2416,173.635,-25.1067],"tipVelocity":[-26.5821,427.854,13.7928],"tool":false,"touchDistance":0.899899,"touchZone":"hovering","type":0,"width":20.3863},{"bases":[[[0.821701,-0.482638,-0.303096],[0.563579,0.609021,0.558096],[-0.0847662,-0.629407,0.772439]],[[0.792385,-0.589505,-0.156875],[0.561282,0.80528,-0.191013],[0.238931,0.0633046,0.968971]],[[0.792385,-0.589505,-0.156875],[0.0446301,0.312496,-0.94887],[0.608386,0.744869,0.273927]],[[0.792385,-0.589505,-0.156875],[-0.197782,-0.00499683,-0.980233],[0.577068,0.807749,-0.120553]]],"btipPosition":[99.4684,167.864,-27.8787],"carpPosition":[124.199,163.163,50.8663],"dipPosition":[109.114,181.365,-29.8937],"direction":[-0.608386,-0.744869,-0.273927],"extended":false,"handId":267,"id":2674,"length":48.9803,"mcpPosition":[128.845,197.663,8.52558],"pipPosition":[120.653,195.493,-24.6984],"stabilizedTipPosition":[102.076,169.426,-28.4351],"timeVisible":0.118299,"tipPosition":[100.913,169.194,-25.5175],"tipVelocity":[-87.4344,497.685,23.4233],"tool":false,"touchDistance":0.325805,"touchZone":"hovering","type":4,"width":16.1655}],"r":[[0.736518,-0.639957,-0.21908],[0.629074,0.767085,-0.12588],[0.248611,-0.0451053,0.967553]],"s":1.26302,"t":[-0.80084,60.2673,4.21992],"timestamp":259896656506},{"currentFrameRate":30.6571,"devices":[],"gestures":[],"hands":[{"armBasis":[[0.890513,0.0431041,-0.452911],[0.236744,0.8062,0.542212],[0.388508,-0.590071,0.707727]],"armWidth":62.9551,"confidence":0.62882,"direction":[-0.159296,0.740676,-0.652705],"elbow":[214.747,-1.30967,252.884],"grabAngle":1.19866,"grabStrength":0,"id":267,"palmNormal":[-0.27536,-0.668244,-0.691106],"palmPosition":[93.8495,198.601,24.3153],"palmVelocity":[-81.8388,286.794,-28.5805],"palmWidth":86.0143,"pinchDistance":62.4474,"pinchStrength":0.983959,"r":[[0.64851,-0.716831,-0.256102],[0.703621,0.692873,-0.157621],[0.290433,-0.07798,0.953712]],"s":1.30936,"sphereCenter":[62.6058,165.42,-30.1273],"sphereRadius":68.1627,"stabilizedPalmPosition":[93.8826,198.485,24.3259],"t":[-2.43903,68.7525,4.63781],"timeVisible":0.140368,"type":"right","wrist":[115.586,149.297,72.2467]}],"id":168437,"interactionBox":{"center":[0,200,0],"size":[235.247,235.247,147.751]},"pointables":[{"bases":[[[0.596699,0.714203,0.365875],[-0.577674,0.0658324,0.813609],[0.556995,-0.696836,0.451858]],[[0.39974,0.891857,0.211657],[-0.84318,0.267205,0.466528],[0.359521,-0.364955,0.858809]],[[0.39974,0.891857,0.211657],[-0.898055,0.427305,-0.104444],[-0.183591,-0.14833,0.971747]],[[0.39974,0.891857,0.211657],[-0.67621,0.442814,-0.588775],[-0.618828,0.092232,0.780093]]],"btipPosition":[85.241,175.709,-28.7174],"carpPosition":[82.0921,155.677,61.6402],"dipPosition":[71.197,177.802,-11.0136],"direction":[0.183591,0.14833,-0.971747],"extended":false,"handId":267,"id":2670,"length":50.5373,"mcpPosition":[82.0921,155.677,61.6402],"pipPosition":[65.1271,172.898,21.1148],"stabilizedTipPosition":[82.0436,176.091,-24.6446],"timeVisible":0.140368,"tipPosition":[76.1429,179.36,-24.9052],"tipVelocity":[-112.437,333.702,-3.98021],"tool":false,"touchDistance":0.841925,"touchZone":"hovering","type":0,"width":20.3863},{"bases":[[[0.907847,0.0557117,-0.415585],[0.225406,0.770897,0.595743],[0.353563,-0.634518,0.687299]],[[0.921165,0.0304821,-0.387977],[0.144379,0.899017,0.413428],[0.3614,-0.436851,0.823742]],[[0.921165,0.0304821,-0.387977],[0.00892877,0.99501,0.0993742],[0.38907,-0.0950042,0.916296]],[[0.921165,0.0304821,-0.387977],[-0.082591,0.989531,-0.11835],[0.380308,0.141063,0.914039]]],"btipPosition":[37.7335,237.208,-53.2911],"carpPosition":[92.7988,174.99,65.4458],"dipPosition":[44.0345,239.545,-38.1474],"direction":[-0.38907,0.0950042,-0.916296],"extended":true,"handId":267,"id":2671,"length":57.0257,"mcpPosition":[68.2097,219.118,17.6465],"pipPosition":[53.1535,237.318,-16.6711],"stabilizedTipPosition":[39.3815,237.182,-49.9035],"timeVisible":0.140368,"tipPosition":[40.8928,230.09,-50.771],"tipVelocity":[-185.117,502.595,83.7713],"tool":false,"touchDistance":0.6662,"touchZone":"hovering","type":1,"width":19.473},{"bases":[[[0.89545,-0.162767,-0.414337],[0.383351,0.7551,0.531852],[0.226298,-0.635083,0.738552]],[[0.901566,-0.180893,-0.39301],[0.32047,0.889487,0.325749],[0.290652,-0.419632,0.859901]],[[0.901566,-0.180893,-0.39301],[0.182074,0.982675,-0.0346227],[0.392465,-0.0403426,0.918882]],[[0.901566,-0.180893,-0.39301],[0.0671586,0.955899,-0.285915],[0.427398,0.231377,0.873954]]],"btipPosition":[56.2977,235.62,-68.9287],"carpPosition":[103.418,177.225,61.2364],"dipPosition":[64.086,239.837,-53.003],"direction":[-0.392465,0.0403426,-0.918882],"extended":true,"handId":267,"id":2672,"length":64.9762,"mcpPosition":[88.4932,219.111,12.5268],"pipPosition":[74.9082,238.724,-27.665],"stabilizedTipPosition":[58.2742,235.935,-65.2726],"timeVisible":0.140368,"tipPosition":[56.5854,230.125,-64.2309],"tipVelocity":[-168.311,552.096,-2.88921],"tool":false,"touchDistance":0.545936,"touchZone":"hovering","type":2,"width":19.1251},{"bases":[[[0.887529,-0.310907,-0.340044],[0.453365,0.720912,0.524162],[0.0821754,-0.619373,0.780784]],[[0.889668,-0.33016,-0.315414],[0.408988,0.883349,0.228959],[0.203028,-0.332699,0.920919]],[[0.889668,-0.33016,-0.315414],[0.293612,0.94268,-0.158579],[0.349691,0.0484733,0.93561]],[[0.889668,-0.33016,-0.315414],[0.253991,0.931876,-0.259027],[0.379447,0.150336,0.912918]]],"btipPosition":[83.9863,223.544,-71.4785],"carpPosition":[113.917,176.479,56.3281],"dipPosition":[90.8611,226.268,-54.9384],"direction":[-0.349691,-0.0484733,-0.93561],"extended":true,"handId":267,"id":2673,"length":62.4764,"mcpPosition":[109.051,213.155,10.0942],"pipPosition":[100.255,227.57,-29.8054],"stabilizedTipPosition":[85.6638,221.309,-67.2679],"timeVisible":0.140368,"tipPosition":[83.6371,214.406,-64.9259],"tipVelocity":[-35.1711,1221.88,-150.137],"tool":false,"touchDistance":0.376769,"touchZone":"hovering","type":3,"width":18.1987},{"bases":[[[0.803883,-0.495316,-0.329292],[0.591356,0.606207,0.5318],[-0.0637902,-0.622234,0.780228]],[[0.792843,-0.557523,-0.246105],[0.569258,0.821697,-0.0275611],[0.217589,-0.118245,0.968851]],[[0.792843,-0.557523,-0.246105],[0.117518,0.536118,-0.835923],[0.597988,0.633834,0.490576]],[[0.792843,-0.557523,-0.246105],[-0.211002,0.127726,-0.969105],[0.571733,0.820277,-0.0163717]]],"btipPosition":[98.1122,181.767,-35.6167],"carpPosition":[122.974,169.338,49.4016],"dipPosition":[107.668,195.478,-35.8903],"direction":[-0.597988,-0.633834,-0.490576],"extended":false,"handId":267,"id":2674,"length":48.9803,"mcpPosition":[126.471,203.445,6.63385],"pipPosition":[119.01,207.499,-26.586],"stabilizedTipPosition":[100.532,182.974,-34.7695],"timeVisible":0.140368,"tipPosition":[98.5111,179.65,-30.5648],"tipVelocity":[-62.3827,632.174,-332.479],"tool":false,"touchDistance":0.260802,"touchZone":"hovering","type":4,"width":16.1655}],"r":[[0.64851,-0.716831,-0.256102],[0.703621,0.692873,-0.157621],[0.290433,-0.07798,0.953712]],"s":1.30936,"t":[-2.43903,68.7525,4.63781],"timestamp":259896678575},{"currentFrameRate":32.22,"devices":[],"gestures":[],"hands":[{"armBasis":[[0.898733,0.0604325,-0.434312],[0.225735,0.78537,0.576401],[0.375929,-0.61607,0.692196]],"armWidth":62.9551,"confidence":0.693482,"direction":[-0.174217,0.751238,-0.636624],"elbow":[210.726,-2.43833,247.73],"grabAngle":1.08102,"grabStrength":0,"id":267,"palmNormal":[-0.262206,-0.658561,-0.705369],"palmPosition":[92.3114,204.85,24.2517],"palmVelocity":[-70.3557,285.854,-2.9104],"palmWidth":86.0143,"pinchDistance":62.6482,"pinchStrength":0.797881,"r":[[0.574004,-0.767554,-0.285274],[0.753452,0.631501,-0.183076],[0.320672,-0.109854,0.940798]],"s":1.33795,"sphereCenter":[55.9386,169.591,-32.4033],"sphereRadius":74.3327,"stabilizedPalmPosition":[92.326,204.791,24.2524],"t":[-4.02718,76.1199,4.81494],"timeVisible":0.16223,"type":"right","wrist":[114.776,154.805,71.0568]}],"id":168438,"interactionBox":{"center":[0,200,0],"size":[235.247,235.247,147.751]},"pointables":[{"bases":[[[0.582466,0.717904,0.381244],[-0.578622,0.0367784,0.814766],[0.570903,-0.69517,0.436817]],[[0.406196,0.87927,0.248777],[-0.850508,0.264238,0.454769],[0.334128,-0.396312,0.855158]],[[0.406196,0.87927,0.248777],[-0.894031,0.438707,-0.0908057],[-0.188983,-0.18553,0.964295]],[[0.406196,0.87927,0.248777],[-0.680255,0.472743,-0.560149],[-0.61013,0.058298,0.790154]]],"btipPosition":[85.7507,184.419,-29.5251],"carpPosition":[81.4227,160.907,60.6422],"dipPosition":[71.9041,185.742,-11.593],"direction":[0.188983,0.18553,-0.964295],"extended":false,"handId":267,"id":2670,"length":50.5373,"mcpPosition":[81.4227,160.907,60.6422],"pipPosition":[65.6558,179.608,20.2891],"stabilizedTipPosition":[82.562,184.658,-25.395],"timeVisible":0.16223,"tipPosition":[75.9883,186.111,-25.3775],"tipVelocity":[25.39,390.29,-34.5417],"tool":false,"touchDistance":0.779739,"touchZone":"hovering","type":0,"width":20.3863},{"bases":[[[0.90643,0.0827203,-0.414177],[0.210188,0.762228,0.612233],[0.366341,-0.642001,0.67352]],[[0.922777,0.0521929,-0.381783],[0.139408,0.878451,0.457045],[0.359232,-0.474974,0.803338]],[[0.922777,0.0521929,-0.381783],[0.0213779,0.982324,0.185963],[0.38474,-0.179764,0.905351]],[[0.922777,0.0521929,-0.381783],[-0.0694281,0.99709,-0.0314986],[0.379028,0.0555726,0.923715]]],"btipPosition":[36.0028,248.072,-51.9682],"carpPosition":[91.7437,180.343,64.8641],"dipPosition":[42.2825,248.993,-36.6642],"direction":[-0.38474,0.179764,-0.905351],"extended":true,"handId":267,"id":2671,"length":57.0257,"mcpPosition":[66.2659,224.992,18.0231],"pipPosition":[51.3001,244.779,-15.4445],"stabilizedTipPosition":[37.4992,247.985,-48.4874],"timeVisible":0.16223,"tipPosition":[38.4396,239.363,-49.7769],"tipVelocity":[-79.3893,482.06,62.1958],"tool":false,"touchDistance":0.653309,"touchZone":"hovering","type":1,"width":19.473},{"bases":[[[0.898388,-0.135938,-0.417636],[0.368397,0.75096,0.548036],[0.239128,-0.646204,0.724733]],[[0.904297,-0.15268,-0.398667],[0.313012,0.872155,0.375992],[0.290293,-0.464796,0.836477]],[[0.904297,-0.15268,-0.398667],[0.184727,0.981849,0.042993],[0.384867,-0.112523,0.916087]],[[0.904297,-0.15268,-0.398667],[0.0874146,0.980295,-0.177146],[0.417858,0.125343,0.899824]]],"btipPosition":[54.7486,248.042,-67.8481],"carpPosition":[102.315,182.879,60.7051],"dipPosition":[62.3631,250.326,-51.451],"direction":[-0.384867,0.112523,-0.916087],"extended":true,"handId":267,"id":2672,"length":64.9762,"mcpPosition":[86.544,225.498,12.9069],"pipPosition":[72.9757,247.223,-26.1901],"stabilizedTipPosition":[56.5479,248.226,-64.1091],"timeVisible":0.16223,"tipPosition":[54.924,240.281,-63.7189],"tipVelocity":[-72.6862,547.834,54.3866],"tool":false,"touchDistance":0.54251,"touchZone":"hovering","type":2,"width":19.1251},{"bases":[[[0.893441,-0.285772,-0.34655],[0.439076,0.718346,0.539621],[0.0947344,-0.634281,0.767276]],[[0.894555,-0.293677,-0.336934],[0.401252,0.859754,0.315943],[0.196895,-0.417824,0.886936]],[[0.894555,-0.293677