{"frames":189,"data":[{"currentFrameRate":23.304,"devices":[],"gestures":[],"hands":[],"id":169770,"interactionBox":{"center":[0,200,0],"size":[235.247,235.247,147.751]},"pointables":[],"r":[[-0.451118,-0.878766,0.155767],[0.630521,-0.437343,-0.641229],[0.631613,-0.191055,0.751374]],"s":-0.0734829,"t":[559.648,-310.26,370.787],"timestamp":259942807038},{"currentFrameRate":23.4037,"devices":[],"gestures":[],"hands":[],"id":169771,"interactionBox":{"center":[0,200,0],"size":[235.247,235.247,147.751]},"pointables":[],"r":[[-0.451118,-0.878766,0.155767],[0.630521,-0.437343,-0.641229],[0.631613,-0.191055,0.751374]],"s":-0.0734829,"t":[559.648,-310.26,370.787],"timestamp":259942849001},{"currentFrameRate":23.478,"devices":[],"gestures":[],"hands":[],"id":169772,"interactionBox":{"center":[0,200,0],"size":[235.247,235.247,147.751]},"pointables":[],"r":[[-0.451118,-0.878766,0.155767],[0.630521,-0.437343,-0.641229],[0.631613,-0.191055,0.751374]],"s":-0.0734829,"t":[559.648,-310.26,370.787],"timestamp":259942891025},{"currentFrameRate":23.518,"devices":[],"gestures":[],"hands":[],"id":169773,"interactionBox":{"center":[0,200,0],"size":[235.247,235.247,147.751]},"pointables":[],"r":[[-0.451118,-0.878766,0.155767],[0.630521,-0.437343,-0.641229],[0.631613,-0.191055,0.751374]],"s":-0.0734829,"t":[559.648,-310.26,370.787],"timestamp":259942933240},{"currentFrameRate":23.586,"devices":[],"gestures":[],"hands":[],"id":169774,"interactionBox":{"center":[0,200,0],"size":[235.247,235.247,147.751]},"pointables":[],"r":[[-0.451118,-0.878766,0.155767],[0.630521,-0.437343,-0.641229],[0.631613,-0.191055,0.751374]],"s":-0.0734829,"t":[559.648,-310.26,370.787],"timestamp":259942975120},{"currentFrameRate":23.6234,"devices":[],"gestures":[],"hands":[],"id":169775,"interactionBox":{"center":[0,200,0],"size":[235.247,235.247,147.751]},"pointables":[],"r":[[-0.451118,-0.878766,0.155767],[0.630521,-0.437343,-0.641229],[0.631613,-0.191055,0.751374]],"s":-0.0734829,"t":[559.648,-310.26,370.787],"timestamp":259943017166},{"currentFrameRate":23.6433,"devices":[],"gestures":[],"hands":[],"id":169776,"interactionBox":{"center":[0,200,0],"size":[235.247,235.247,147.751]},"pointables":[],"r":[[-0.451118,-0.878766,0.155767],[0.630521,-0.437343,-0.641229],[0.631613,-0.191055,0.751374]],"s":-0.0734829,"t":[559.648,-310.26,370.787],"timestamp":259943059310},{"currentFrameRate":23.6492,"devices":[],"gestures":[],"hands":[],"id":169777,"interactionBox":{"center":[0,200,0],"size":[235.247,235.247,147.751]},"pointables":[],"r":[[-0.451118,-0.878766,0.155767],[0.630521,-0.437343,-0.641229],[0.631613,-0.191055,0.751374]],"s":-0.0734829,"t":[559.648,-310.26,370.787],"timestamp":259943101550},{"currentFrameRate":23.7106,"devices":[],"gestures":[],"hands":[],"id":169778,"interactionBox":{"center":[0,200,0],"size":[235.247,235.247,147.751]},"pointables":[],"r":[[-0.451118,-0.878766,0.155767],[0.630521,-0.437343,-0.641229],[0.631613,-0.191055,0.751374]],"s":-0.0734829,"t":[559.648,-310.26,370.787],"timestamp":259943143260},{"currentFrameRate":23.715,"devices":[],"gestures":[],"hands":[],"id":169779,"interactionBox":{"center":[0,200,0],"size":[235.247,235.247,147.751]},"pointables":[],"r":[[-0.451118,-0.878766,0.155767],[0.630521,-0.437343,-0.641229],[0.631613,-0.191055,0.751374]],"s":-0.0734829,"t":[559.648,-310.26,370.787],"timestamp":259943185394},{"currentFrameRate":23.7301,"devices":[],"gestures":[],"hands":[],"id":169780,"interactionBox":{"center":[0,200,0],"size":[235.247,235.247,147.751]},"pointables":[],"r":[[-0.451118,-0.878766,0.155767],[0.630521,-0.437343,-0.641229],[0.631613,-0.191055,0.751374]],"s":-0.0734829,"t":[559.648,-310.26,370.787],"timestamp":259943227420},{"currentFrameRate":23.7275,"devices":[],"gestures":[],"hands":[],"id":169781,"interactionBox":{"center":[0,200,0],"size":[235.247,235.247,147.751]},"pointables":[],"r":[[-0.451118,-0.878766,0.155767],[0.630521,-0.437343,-0.641229],[0.631613,-0.191055,0.751374]],"s":-0.0734829,"t":[559.648,-310.26,370.787],"timestamp":259943269585},{"currentFrameRate":23.7613,"devices":[],"gestures":[],"hands":[{"armBasis":[[0.612568,0.709188,0.349016],[0.685201,-0.256333,-0.681757],[0.39403,-0.656769,0.642958]],"armWidth":60.2356,"confidence":0,"direction":[-0.328442,0.482615,-0.811917],"elbow":[208.882,-46.2567,225.312],"grabAngle":0,"grabStrength":0,"id":271,"palmNormal":[-0.768746,0.362847,0.52666],"palmPosition":[77.0173,153.473,5.1241],"palmVelocity":[1.19209e-7,1.19209e-7,1.19209e-7],"palmWidth":86.0143,"pinchDistance":65.8805,"pinchStrength":0,"r":[[1,-1.11022e-17,1.11022e-17],[1.11022e-17,1,-3.33067e-17],[-1.11022e-17,3.33067e-17,1]],"s":1,"sphereCenter":[135.944,146.395,-75.2048],"sphereRadius":96.6097,"stabilizedPalmPosition":[77.0173,153.473,5.1241],"t":[0,0,0],"timeVisible":0,"type":"left","wrist":[108.312,121.374,61.2062]}],"id":169782,"interactionBox":{"center":[0,200,0],"size":[235.247,235.247,147.751]},"pointables":[{"bases":[[[0.844324,0.0903986,-0.528153],[0.030322,-0.992148,-0.121342],[0.534975,-0.0864374,0.840435]],[[0.709385,0.106885,-0.696669],[-0.188014,-0.923922,-0.333196],[0.679282,-0.367347,0.635321]],[[0.709385,0.106885,-0.696669],[-0.400133,-0.752637,-0.522907],[0.58023,-0.649703,0.491141]],[[0.709385,0.106885,-0.696669],[-0.575895,-0.481957,-0.66035],[0.406346,-0.869651,0.280339]]],"btipPosition":[19.5568,171.276,-4.56106],"carpPosition":[79.302,113.761,47.4506],"dipPosition":[28.5467,152.036,1.6411],"direction":[-0.58023,0.649703,-0.491141],"extended":false,"handId":271,"id":2710,"length":49.2665,"mcpPosition":[79.302,113.761,47.4506],"pipPosition":[47.2482,131.095,17.4711],"stabilizedTipPosition":[21.6245,166.85,-3.13456],"timeVisible":0,"tipPosition":[21.6245,166.85,-3.13456],"tipVelocity":[1.19209e-7,1.19209e-7,1.19209e-7],"tool":false,"touchDistance":1,"touchZone":"none","type":0,"width":19.1427},{"bases":[[[0.325987,0.703714,0.631283],[0.910514,-0.0540479,-0.40993],[0.254354,-0.708424,0.658361]],[[0.236261,0.881638,0.408529],[0.969006,-0.244997,-0.0316744],[-0.072163,-0.403351,0.912196]],[[0.236261,0.881638,0.408529],[0.969006,-0.244997,-0.0316744],[-0.072163,-0.403351,0.912196]],[[0.236261,0.881638,0.408529],[0.969006,-0.244997,-0.0316744],[-0.072163,-0.403351,0.912196]]],"btipPosition":[98.4756,214.538,-56.0747],"carpPosition":[107.496,148.194,42.2329],"dipPosition":[97.2998,207.965,-41.2112],"direction":[0.072163,0.403351,-0.912196],"extended":true,"handId":271,"id":2714,"length":47.7486,"mcpPosition":[93.5535,187.025,6.14532],"pipPosition":[95.9656,200.508,-24.3454],"stabilizedTipPosition":[98.2052,213.026,-52.6561],"timeVisible":0,"tipPosition":[98.2052,213.026,-52.6561],"tipVelocity":[1.19209e-7,1.19209e-7,1.19209e-7],"tool":false,"touchDistance":0.743491,"touchZone":"hovering","type":4,"width":15.1794},{"bases":[[[0.485839,0.866851,0.111937],[0.698543,-0.308112,-0.645836],[0.525355,-0.391965,0.755226]],[[0.665984,0.610062,0.42929],[0.745689,-0.560149,-0.360806],[-0.0203525,-0.560408,0.827967]],[[0.665984,0.610062,0.42929],[0.745689,-0.560149,-0.360806],[-0.0203525,-0.560408,0.827967]],[[0.665984,0.610062,0.42929],[0.745689,-0.560149,-0.360806],[-0.0203525,-0.560408,0.827967]]],"btipPosition":[59.4571,189.889,-87.0173],"carpPosition":[94.3734,118.013,31.423],"dipPosition":[59.1284,180.837,-73.6445],"direction":[0.0203525,0.560408,-0.827967],"extended":true,"handId":271,"id":2711,"length":55.5917,"mcpPosition":[57.8368,145.273,-21.1003],"pipPosition":[58.6633,168.033,-54.7266],"stabilizedTipPosition":[59.3815,187.807,-83.9415],"timeVisible":0,"tipPosition":[59.3815,187.807,-83.9415],"tipVelocity":[1.19209e-7,1.19209e-7,1.19209e-7],"tool":false,"touchDistance":0.267641,"touchZone":"hovering","type":1,"width":18.2851},{"bases":[[[0.426099,0.845665,0.32139],[0.781988,-0.165655,-0.600876],[0.4549,-0.507356,0.731885]],[[0.473831,0.784313,0.400422],[0.864774,-0.328559,-0.379757],[0.166286,-0.526215,0.833934]],[[0.473831,0.784313,0.400422],[0.864774,-0.328559,-0.379757],[0.166286,-0.526215,0.833934]],[[0.473831,0.784313,0.400422],[0.864774,-0.328559,-0.379757],[0.166286,-0.526215,0.833934]]],"btipPosition":[55.7966,208.649,-92.2474],"carpPosition":[100.799,127.717,31.2521],"dipPosition":[58.7505,199.301,-77.433],"direction":[-0.166286,0.526215,-0.833934],"extended":true,"handId":271,"id":2712,"length":63.3423,"mcpPosition":[70.7973,161.179,-17.0178],"pipPosition":[63.2205,185.155,-55.0157],"stabilizedTipPosition":[56.476,206.499,-88.8401],"timeVisible":0,"tipPosition":[56.476,206.499,-88.8401],"tipVelocity":[1.19209e-7,1.19209e-7,1.19209e-7],"tool":false,"touchDistance":0.185999,"touchZone":"hovering","type":2,"width":17.9584},{"bases":[[[0.428227,0.771851,0.469966],[0.824536,-0.120902,-0.552742],[0.369815,-0.624202,0.688192]],[[0.343869,0.882867,0.319844],[0.922072,-0.253054,-0.292825],[0.177588,-0.395613,0.901084]],[[0.343869,0.882867,0.319844],[0.922072,-0.253054,-0.292825],[0.177588,-0.395613,0.901084]],[[0.343869,0.882867,0.319844],[0.922072,-0.253054,-0.292825],[0.177588,-0.395613,0.901084]]],"btipPosition":[68.8499,208.761,-84.4344],"carpPosition":[106.036,137.742,33.8872],"dipPosition":[71.9865,201.773,-68.5192],"direction":[-0.177588,0.395613,-0.901084],"extended":true,"handId":271,"id":2713,"length":60.9053,"mcpPosition":[84.1377,174.704,-6.86387],"pipPosition":[76.637,191.414,-44.9224],"stabilizedTipPosition":[69.5713,207.154,-80.7739],"timeVisible":0,"tipPosition":[69.5713,207.154,-80.7739],"tipVelocity":[1.19209e-7,1.19209e-7,1.19209e-7],"tool":false,"touchDistance":0.320434,"touchZone":"hovering","type":3,"width":17.0885}],"r":[[1,-1.11022e-17,1.11022e-17],[1.11022e-17,1,-3.33067e-17],[-1.11022e-17,3.33067e-17,1]],"s":1,"t":[0,0,0],"timestamp":259943311414},{"currentFrameRate":23.7697,"devices":[],"gestures":[],"hands":[{"armBasis":[[-0.826668,-0.559386,0.0608876],[-0.413627,0.677468,0.608235],[0.381487,-0.477623,0.791419]],"armWidth":62.9551,"confidence":0.217751,"direction":[-0.17431,0.842537,-0.509654],"elbow":[183.114,-5.27966,238.872],"grabAngle":1.51153,"grabStrength":0,"id":271,"palmNormal":[0.377109,-0.420998,-0.824954],"palmPosition":[79.077,174.268,-4.47935],"palmVelocity":[49.0321,495.029,-228.615],"palmWidth":86.0143,"pinchDistance":48.4309,"pinchStrength":0.80007,"r":[[0.978943,-0.041177,0.199936],[0.0694935,0.988166,-0.136746],[-0.19194,0.14776,0.97022]],"s":0.983967,"sphereCenter":[79.4355,154.784,-68.1613],"sphereRadius":61.8802,"stabilizedPalmPosition":[78.8519,171.996,-3.43016],"t":[1.02985,10.3973,-4.80172],"timeVisible":0.042007,"type":"left","wrist":[85.7451,116.627,36.874]}],"id":169783,"interactionBox":{"center":[0,200,0],"size":[235.247,235.247,147.751]},"pointables":[{"bases":[[[-0.737338,0.405756,0.540088],[0.631434,0.129869,0.764477],[-0.240051,-0.904708,0.351965]],[[-0.669731,0.588242,0.453246],[0.716675,0.352118,0.601988],[-0.194519,-0.728,0.657403]],[[-0.669731,0.588242,0.453246],[0.71333,0.679284,0.172435],[0.206449,-0.438799,0.874548]],[[-0.669731,0.588242,0.453246],[0.570172,0.798373,-0.19366],[0.475778,-0.128728,0.870094]]],"btipPosition":[100.363,184.37,-56.7262],"carpPosition":[108.808,132.588,22.9564],"dipPosition":[111.161,181.449,-36.9799],"direction":[-0.206449,0.438799,-0.874548],"extended":false,"handId":271,"id":2710,"length":50.5373,"mcpPosition":[108.808,132.588,22.9564],"pipPosition":[117.987,166.941,-8.06509],"stabilizedTipPosition":[92.7696,181.608,-46.0989],"timeVisible":0.042007,"tipPosition":[106.681,187.152,-51.34],"tipVelocity":[1933.54,401.07,-1167.66],"tool":false,"touchDistance":0.635267,"touchZone":"hovering","type":0,"width":20.3863},{"bases":[[[-0.780171,-0.535107,-0.324028],[-0.583513,0.435781,0.685279],[0.225492,-0.723709,0.652225]],[[-0.803719,-0.430831,-0.41039],[-0.412337,0.90054,-0.137862],[-0.428968,-0.0584167,0.901429]],[[-0.803719,-0.430831,-0.41039],[-0.239262,0.865513,-0.440046],[-0.544784,0.255482,0.798711]],[[-0.803719,-0.430831,-0.41039],[0.209916,0.440064,-0.873086],[-0.556751,0.787863,0.263249]]],"btipPosition":[101.566,166.259,-79.7338],"carpPosition":[71.6117,142.011,24.1677],"dipPosition":[91.4791,180.534,-74.9643],"direction":[0.544784,-0.255482,-0.798711],"extended":false,"handId":271,"id":2713,"length":62.4764,"mcpPosition":[58.2593,184.865,-14.4536],"pipPosition":[76.8447,187.396,-53.5088],"stabilizedTipPosition":[98.4981,170.49,-78.6907],"timeVisible":0.042007,"tipPosition":[98.4662,170.706,-78.1648],"tipVelocity":[706.426,-895.365,50.8756],"tool":false,"touchDistance":0.353781,"touchZone":"hovering","type":3,"width":18.1987},{"bases":[[[-0.641619,-0.679871,-0.355107],[-0.675525,0.281586,0.681451],[0.363305,-0.677115,0.63994]],[[-0.695236,-0.551077,-0.461477],[-0.555511,0.819371,-0.141557],[-0.456129,-0.15794,0.875786]],[[-0.695236,-0.551077,-0.461477],[-0.223997,0.776164,-0.589403],[-0.682988,0.306405,0.663057]],[[-0.695236,-0.551077,-0.461477],[0.432655,0.191846,-0.880911],[-0.573982,0.812102,-0.105048]]],"btipPosition":[82.7161,156.545,-59.2054],"carpPosition":[64.4433,133.399,16.7212],"dipPosition":[73.1223,170.119,-60.9612],"direction":[0.682988,-0.306405,-0.663057],"extended":false,"handId":271,"id":2714,"length":48.9803,"mcpPosition":[44.5289,170.515,-18.3568],"pipPosition":[60.1686,175.93,-48.3856],"stabilizedTipPosition":[81.0061,161.164,-59.4141],"timeVisible":0.042007,"tipPosition":[79.2691,160.999,-59.0233],"tipVelocity":[-421.255,-1270.24,-165.523],"tool":false,"touchDistance":0.598179,"touchZone":"hovering","type":4,"width":16.1655},{"bases":[[[-0.925972,-0.189759,-0.326447],[-0.375771,0.547917,0.747384],[-0.037043,-0.814726,0.578662]],[[-0.917445,-0.333722,-0.216619],[-0.397644,0.751086,0.527019],[0.0131777,-0.569648,0.821783]],[[-0.917445,-0.333722,-0.216619],[-0.393196,0.843653,0.365577],[-0.0607506,-0.420571,0.905224]],[[-0.917445,-0.333722,-0.216619],[-0.386736,0.875878,0.288571],[-0.0934296,-0.348523,0.932632]]],"btipPosition":[98.1378,242.356,-79.9618],"carpPosition":[93.1388,146.331,31.1867],"dipPosition":[96.5899,236.581,-64.51],"direction":[0.0607506,0.420571,-0.905224],"extended":true,"handId":271,"id":2711,"length":57.0257,"mcpPosition":[95.715,202.992,-9.05728],"pipPosition":[95.166,226.724,-43.2933],"stabilizedTipPosition":[96.7219,239.559,-76.6158],"timeVisible":0.042007,"tipPosition":[95.5867,242.352,-74.0263],"tipVelocity":[914.14,1266.95,179.343],"tool":false,"touchDistance":0.387215,"touchZone":"hovering","type":1,"width":19.473},{"bases":[[[-0.844745,-0.388695,-0.367862],[-0.52763,0.489928,0.693958],[0.0895117,-0.780312,0.618951]],[[-0.837156,-0.438512,-0.326921],[-0.546963,0.669689,0.502343],[0.00134744,-0.599353,0.800484]],[[-0.837156,-0.438512,-0.326921],[-0.510047,0.841727,0.177051],[-0.19754,-0.314964,0.928319]],[[-0.837156,-0.438512,-0.326921],[-0.476299,0.8783,0.0415735],[-0.268905,-0.190516,0.944137]]],"btipPosition":[86.2731,237.115,-92.7309],"carpPosition":[81.8924,145.481,28.3082],"dipPosition":[81.373,233.644,-75.5262],"direction":[0.19754,0.314964,-0.928319],"extended":true,"handId":271,"id":2712,"length":64.9762,"mcpPosition":[75.9888,196.945,-12.5134],"pipPosition":[75.9258,224.959,-49.928],"stabilizedTipPosition":[84.4352,235.578,-88.7755],"timeVisible":0.042007,"tipPosition":[83.1427,238.103,-86.6658],"tipVelocity":[682.508,709.836,1.57717],"tool":false,"touchDistance":0.316477,"touchZone":"hovering","type":2,"width":19.1251}],"r":[[0.978943,-0.041177,0.199936],[0.0694935,0.988166,-0.136746],[-0.19194,0.14776,0.97022]],"s":0.983967,"t":[1.02985,10.3973,-4.80172],"timestamp":259943353421},{"currentFrameRate":23.745,"devices":[],"gestures":[],"hands":[{"armBasis":[[-0.79499,-0.597947,-0.102224],[-0.519561,0.584176,0.623534],[0.313124,-0.548815,0.775084]],"armWidth":62.9551,"confidence":0.417067,"direction":[-0.298242,0.822677,-0.483998],"elbow":[166.423,-8.41471,231.086],"grabAngle":1.94576,"grabStrength":0,"id":271,"palmNormal":[0.445571,-0.328436,-0.832824],"palmPosition":[72.8099,189.951,-6.03475],"palmVelocity":[-148.154,370.751,-36.77],"palmWidth":86.0143,"pinchDistance":53.7865,"pinchStrength":0.829386,"r":[[0.932388,-0.0216768,0.360808],[0.109903,0.967942,-0.225854],[-0.344345,0.250238,0.90488]],"s":1.01641,"sphereCenter":[103.227,198.551,-48.9971],"sphereRadius":50.072,"stabilizedPalmPosition":[72.8738,189.761,-6.00722],"t":[-1.58877,23.4376,-7.98029],"timeVisible":0.084308,"type":"left","wrist":[86.5024,131.662,33.2569]}],"id":169784,"interactionBox":{"center":[0,200,0],"size":[235.247,235.247,147.751]},"pointables":[{"bases":[[[-0.796394,0.267566,0.54237],[0.596461,0.199275,0.777512],[-0.0999548,-0.942708,0.318294]],[[-0.742607,0.5046,0.440356],[0.663272,0.463043,0.58793],[-0.0927654,-0.728677,0.678546]],[[-0.742607,0.5046,0.440356],[0.608873,0.782526,0.130101],[0.278942,-0.364735,0.888347]],[[-0.742607,0.5046,0.440356],[0.317269,0.844111,-0.432223],[0.589809,0.181261,0.786937]]],"btipPosition":[90.1633,194.774,-58.8101],"carpPosition":[108.394,152.444,20.4392],"dipPosition":[103.549,198.888,-40.951],"direction":[-0.278942,0.364735,-0.888347],"extended":false,"handId":271,"id":2710,"length":50.5373,"mcpPosition":[108.394,152.444,20.4392],"pipPosition":[112.771,186.829,-11.58],"stabilizedTipPosition":[93.2323,195.432,-54.5263],"timeVisible":0.084308,"tipPosition":[96.2039,202.947,-53.2037],"tipVelocity":[-227.059,284.211,-59.5256],"tool":false,"touchDistance":0.567304,"touchZone":"hovering","type":0,"width":20.3863},{"bases":[[[-0.8822,-0.319322,-0.346059],[-0.463231,0.456664,0.759523],[0.0844996,-0.830356,0.550789]],[[-0.884543,-0.291208,-0.364391],[-0.462163,0.652893,0.600114],[-0.06315,-0.699235,0.712098]],[[-0.884543,-0.291208,-0.364391],[-0.411638,0.854756,0.316143],[-0.219402,-0.429639,0.875941]],[[-0.884543,-0.291208,-0.364391],[-0.222236,0.949923,-0.219675],[-0.410115,0.113332,0.904965]]],"btipPosition":[99.3966,258.37,-74.6062],"carpPosition":[90.7053,163.299,28.8894],"dipPosition":[92.6019,260.248,-59.6129],"direction":[0.219402,0.429639,-0.875941],"extended":true,"handId":271,"id":2711,"length":57.0257,"mcpPosition":[84.8287,221.047,-9.41602],"pipPosition":[87.4595,250.178,-39.0825],"stabilizedTipPosition":[97.8247,258.644,-71.2027],"timeVisible":0.084308,"tipPosition":[90.9971,260.033,-71.8491],"tipVelocity":[1.23148,420.188,124.113],"tool":false,"touchDistance":0.460579,"touchZone":"hovering","type":1,"width":19.473},{"bases":[[[-0.770691,-0.50171,-0.392839],[-0.603741,0.377764,0.701991],[0.203796,-0.778191,0.594042]],[[-0.790714,-0.395715,-0.467099],[-0.607995,0.596744,0.523678],[-0.0715108,-0.698073,0.712446]],[[-0.790714,-0.395715,-0.467099],[-0.483365,0.871784,0.079695],[-0.375673,-0.288795,0.880606]],[[-0.790714,-0.395715,-0.467099],[-0.483365,0.871784,0.079695],[-0.375673,-0.288795,0.880606]]],"btipPosition":[86.8609,257.997,-86.9878],"carpPosition":[79.7545,160.819,25.8202],"dipPosition":[80.0151,252.734,-70.9408],"direction":[0.375673,0.288795,-0.880606],"extended":true,"handId":271,"id":2712,"length":64.9762,"mcpPosition":[66.3136,212.143,-13.3586],"pipPosition":[69.656,244.771,-46.6583],"stabilizedTipPosition":[85.2809,256.651,-83.3319],"timeVisible":0.084308,"tipPosition":[78.5445,256.669,-84.3307],"tipVelocity":[3.31625,483.909,129.473],"tool":false,"touchDistance":0.400315,"touchZone":"hovering","type":2,"width":19.1251},{"bases":[[[-0.68458,-0.637799,-0.352933],[-0.650456,0.315954,0.69071],[0.329024,-0.702414,0.631156]],[[-0.703078,-0.594532,-0.390145],[-0.527117,0.803981,-0.275252],[-0.477315,-0.0121282,0.878649]],[[-0.703078,-0.594532,-0.390145],[0.243865,0.313788,-0.917642],[-0.66799,0.740317,0.0756314]],[[-0.703078,-0.594532,-0.390145],[0.537622,-0.0853002,-0.83886],[-0.46545,0.799535,-0.379606]]],"btipPosition":[97.7503,163.692,-49.1787],"carpPosition":[70.1763,155.946,21.4172],"dipPosition":[89.3173,178.178,-56.0564],"direction":[0.66799,-0.740317,-0.0756314],"extended":false,"handId":271,"id":2713,"length":62.4764,"mcpPosition":[50.6933,197.539,-15.9565],"pipPosition":[71.3733,198.065,-54.0247],"stabilizedTipPosition":[97.2934,168.936,-66.1705],"timeVisible":0.084308,"tipPosition":[95.4503,170.477,-54.7332],"tipVelocity":[-81.2149,-59.5328,658.998],"tool":false,"touchDistance":0.76988,"touchZone":"hovering","type":3,"width":18.1987},{"bases":[[[-0.524951,-0.758188,-0.386753],[-0.717374,0.1496,0.680437],[0.458041,-0.634642,0.622437]],[[-0.586259,-0.65729,-0.473572],[-0.567628,0.75036,-0.338761],[-0.578014,-0.070211,0.813001]],[[-0.586259,-0.65729,-0.473572],[0.191553,0.455522,-0.869372],[-0.787152,0.600391,0.141148]],[[-0.586259,-0.65729,-0.473572],[0.617164,0.0163172,-0.786666],[-0.524795,0.753461,-0.39609]]],"btipPosition":[82.9142,159.807,-44.4654],"carpPosition":[64.5015,146.593,13.5858],"dipPosition":[74.1424,172.401,-51.0858],"direction":[0.787152,-0.600391,-0.141148],"extended":false,"handId":271,"id":2714,"length":48.9803,"mcpPosition":[39.3943,181.381,-20.5327],"pipPosition":[59.2132,183.788,-48.4088],"stabilizedTipPosition":[80.9553,161.879,-53.1813],"timeVisible":0.084308,"tipPosition":[79.3822,167.275,-50.2487],"tipVelocity":[9.15123,71.8,322.006],"tool":false,"touchDistance":0.776012,"touchZone":"hovering","type":4,"width":16.1655}],"r":[[0.932388,-0.0216768,0.360808],[0.109903,0.967942,-0.225854],[-0.344345,0.250238,0.90488]],"s":1.01641,"t":[-1.58877,23.4376,-7.98029],"timestamp":259943395722},{"currentFrameRate":25.4185,"devices":[],"gestures":[],"hands":[{"armBasis":[[-0.721186,-0.667456,-0.185456],[-0.606617,0.479193,0.634342],[0.334526,-0.56998,0.750477]],"armWidth":62.9551,"confidence":0.52751,"direction":[-0.331142,0.826281,-0.455637],"elbow":[169.172,-6.36254,223.126],"grabAngle":2.01692,"grabStrength":0,"id":271,"palmNormal":[0.530444,-0.236342,-0.814108],"palmPosition":[67.7451,198.55,-4.96704],"palmVelocity":[-187.17,317.762,39.4573],"palmWidth":86.0143,"pinchDistance":57.3106,"pinchStrength":0.600582,"r":[[0.869147,0.0173344,0.494251],[0.13827,0.951014,-0.276503],[-0.474832,0.308662,0.824174]],"s":1.07522,"sphereCenter":[90.9887,205.208,-50.8913],"sphereRadius":50.3313,"stabilizedPalmPosition":[67.8618,198.35,-4.99072],"t":[-5.43048,34.257,-9.03572],"timeVisible":0.111368,"type":"left","wrist":[83.789,139.116,31.5778]}],"id":169785,"interactionBox":{"center":[0,200,0],"size":[235.247,235.247,147.751]},"pointables":[{"bases":[[[-0.824889,-0.365283,-0.431424],[-0.553564,0.367292,0.747438],[0.114568,-0.855374,0.505183]],[[-0.821638,-0.387359,-0.418168],[-0.568838,0.604237,0.557962],[-0.0365414,-0.696312,0.716808]],[[-0.821638,-0.387359,-0.418168],[-0.54718,0.741536,0.388224],[-0.159705,-0.547793,0.821229]],[[-0.821638,-0.387359,-0.418168],[-0.516213,0.816776,0.257682],[-0.241735,-0.427586,0.871054]]],"btipPosition":[86.575,279.593,-69.0948],"carpPosition":[85.2722,171.173,29.5812],"dipPosition":[82.57,272.509,-54.6632],"direction":[0.159705,0.547793,-0.821229],"extended":true,"handId":271,"id":2711,"length":57.0257,"mcpPosition":[77.3045,230.661,-5.55251],"pipPosition":[78.8268,259.67,-35.4152],"stabilizedTipPosition":[85.9703,277.462,-65.9166],"timeVisible":0.111368,"tipPosition":[85.0133,275.512,-65.2225],"tipVelocity":[-450.111,708.126,198.9],"tool":false,"touchDistance":0.528588,"touchZone":"hovering","type":1,"width":19.473},{"bases":[[[-0.69529,-0.534715,-0.480262],[-0.682402,0.281381,0.67465],[0.225609,-0.796809,0.560532]],[[-0.697362,-0.527265,-0.485466],[-0.716182,0.486438,0.500461],[0.0277268,-0.696684,0.716842]],[[-0.697362,-0.527265,-0.485466],[-0.651786,0.748265,0.123587],[-0.298094,-0.402605,0.865476]],[[-0.697362,-0.527265,-0.485466],[-0.63494,0.768694,0.0771993],[-0.33247,-0.362078,0.870841]]],"btipPosition":[72.9221,270.848,-84.6732],"carpPosition":[74.8193,168.034,25.5349],"dipPosition":[66.8636,264.25,-68.8042],"direction":[0.298094,0.402605,-0.865476],"extended":true,"handId":271,"id":2712,"length":64.9762,"mcpPosition":[59.9397,220.586,-11.4337],"pipPosition":[58.6438,253.149,-44.9389],"stabilizedTipPosition":[71.7599,269.118,-81.0622],"timeVisible":0.111368,"tipPosition":[72.5997,269.997,-79.5886],"tipVelocity":[-508.414,463.57,84.0215],"tool":false,"touchDistance":0.427721,"touchZone":"hovering","type":2,"width":19.1251},{"bases":[[[-0.853078,0.166889,0.494374],[0.520046,0.194699,0.831652],[-0.0425396,-0.966561,0.252884]],[[-0.790011,0.479792,0.381683],[0.599889,0.476424,0.64277],[-0.126553,-0.736763,0.664202]],[[-0.790011,0.479792,0.381683],[0.558453,0.820058,0.125043],[0.253007,-0.311937,0.915796]],[[-0.790011,0.479792,0.381683],[0.372108,0.87001,-0.323448],[0.487256,0.113501,0.865852]]],"btipPosition":[90.9251,204.848,-59.3838],"carpPosition":[104.376,162.344,21.8871],"dipPosition":[101.983,207.424,-39.7338],"direction":[-0.253007,0.311937,-0.915796],"extended":false,"handId":271,"id":2710,"length":50.5373,"mcpPosition":[104.376,162.344,21.8871],"pipPosition":[110.348,197.11,-9.45523],"stabilizedTipPosition":[93.4606,205.11,-54.8532],"timeVisible":0.111368,"tipPosition":[93.34,213.223,-50.9538],"tipVelocity":[8.3693,359.197,-5.97857],"tool":false,"touchDistance":0.54148,"touchZone":"hovering","type":0,"width":20.3863},{"bases":[[[-0.601077,-0.665824,-0.442023],[-0.722794,0.216915,0.656138],[0.340991,-0.713881,0.611636]],[[-0.620443,-0.621819,-0.477904],[-0.481032,0.783022,-0.394316],[-0.619402,0.0147641,0.784935]],[[-0.620443,-0.621819,-0.477904],[0.517527,0.133228,-0.845232],[-0.589251,0.771746,-0.239148]],[[-0.620443,-0.621819,-0.477904],[0.765957,-0.34961,-0.539521],[-0.168404,0.700795,-0.6932]]],"btipPosition":[91.553,170.916,-31.1179],"carpPosition":[66.0285,162.712,20.1244],"dipPosition":[88.5018,183.613,-43.6772],"direction":[0.589251,-0.771746,0.239148],"extended":false,"handId":271,"id":2713,"length":62.4764,"mcpPosition":[45.8368,204.984,-16.0934],"pipPosition":[72.673,204.344,-50.1014],"stabilizedTipPosition":[96.0537,169.879,-59.9808],"timeVisible":0.111368,"tipPosition":[92.5969,177.817,-41.2508],"tipVelocity":[-183.278,251.766,619.142],"tool":false,"touchDistance":0.333333,"touchZone":"none","type":3,"width":18.1987},{"bases":[[[-0.429827,-0.7706,-0.470558],[-0.7745,0.0467864,0.630841],[0.464111,-0.6356,0.61694]],[[-0.486862,-0.680803,-0.547241],[-0.525175,0.728773,-0.439409],[-0.697966,-0.0734657,0.712353]],[[-0.486862,-0.680803,-0.547241],[0.467224,0.326369,-0.821697],[-0.738016,0.655737,-0.159191]],[[-0.486862,-0.680803,-0.547241],[0.820496,-0.141571,-0.553844],[-0.299585,0.718655,-0.627522]]],"btipPosition":[79.2388,166.381,-33.3988],"carpPosition":[61.7423,153.471,11.3354],"dipPosition":[74.2314,178.393,-43.8875],"direction":[0.738016,-0.655737,0.159191],"extended":false,"handId":271,"id":2714,"length":48.9803,"mcpPosition":[36.3023,188.311,-22.4817],"pipPosition":[60.2341,190.83,-46.9068],"stabilizedTipPosition":[80.237,163.699,-48.8307],"timeVisible":0.111368,"tipPosition":[78.7332,174.316,-42.8547],"tipVelocity":[-103.826,237.993,376.086],"tool":false,"touchDistance":0.333333,"touchZone":"none","type":4,"width":16.1655}],"r":[[0.869147,0.0173344,0.494251],[0.13827,0.951014,-0.276503],[-0.474832,0.308662,0.824174]],"s":1.07522,"t":[-5.43048,34.257,-9.03572],"timestamp":259943422782},{"currentFrameRate":27.5032,"devices":[],"gestures":[],"hands":[{"armBasis":[[-0.712996,-0.676767,-0.183364],[-0.601662,0.456232,0.655634],[0.360055,-0.577787,0.732477]],"armWidth":62.9551,"confidence":0.606133,"direction":[-0.316041,0.846563,-0.42831],"elbow":[174.031,-4.30593,216.986],"grabAngle":1.97998,"grabStrength":0,"id":271,"palmNormal":[0.53202,-0.215653,-0.818809],"palmPosition":[66.7812,203.861,-4.52701],"palmVelocity":[-43.7383,241.011,19.9667],"palmWidth":86.0143,"pinchDistance":56.144,"pinchStrength":0.54949,"r":[[0.804139,0.0496218,0.592367],[0.167809,0.937029,-0.306295],[-0.570264,0.345708,0.745174]],"s":1.12371,"sphereCenter":[84.802,207.065,-54.8637],"sphereRadius":52.1737,"stabilizedPalmPosition":[66.808,203.724,-4.53852],"t":[-7.83329,42.3224,-9.34342],"timeVisible":0.133406,"type":"left","wrist":[82.132,143.166,30.0323]}],"id":169786,"interactionBox":{"center":[0,200,0],"size":[235.247,235.247,147.751]},"pointables":[{"bases":[[[-0.827452,-0.337599,-0.448721],[-0.552785,0.349185,0.756636],[0.0987528,-0.874126,0.475553]],[[-0.816595,-0.408001,-0.408299],[-0.577178,0.584714,0.570065],[-0.00615162,-0.701174,0.712964]],[[-0.816595,-0.408001,-0.408299],[-0.569614,0.683999,0.455725],[-0.0933399,-0.604716,0.790953]],[[-0.816595,-0.408001,-0.408299],[-0.563265,0.717817,0.409233],[-0.126117,-0.564158,0.815978]]],"btipPosition":[81.3501,288.558,-65.6916],"carpPosition":[83.6846,175.034,29.1415],"dipPosition":[79.2606,279.211,-52.1726],"direction":[0.0933399,0.604716,-0.790953],"extended":true,"handId":271,"id":2711,"length":57.0257,"mcpPosition":[76.8167,235.827,-3.93162],"pipPosition":[77.0729,265.038,-33.6342],"stabilizedTipPosition":[81.1015,286.002,-62.7339],"timeVisible":0.133406,"tipPosition":[84.205,283.712,-62.1312],"tipVelocity":[-217.093,383.185,144.899],"tool":false,"touchDistance":0.556961,"touchZone":"hovering","type":1,"width":19.473},{"bases":[[[-0.700061,-0.50714,-0.502716],[-0.682415,0.267807,0.680139],[0.210295,-0.8192,0.533561]],[[-0.69152,-0.538052,-0.481975],[-0.722011,0.494172,0.484246],[0.0223705,-0.682857,0.730209]],[[-0.69152,-0.538052,-0.481975],[-0.70504,0.647957,0.288219],[-0.157223,-0.539121,0.827423]],[[-0.69152,-0.538052,-0.481975],[-0.677208,0.715079,0.173356],[-0.251376,-0.446276,0.858864]]],"btipPosition":[67.2131,281.139,-82.8593],"carpPosition":[73.2121,172.195,24.9273],"dipPosition":[62.6324,273.007,-67.2086],"direction":[0.157223,0.539121,-0.827424],"extended":true,"handId":271,"id":2712,"length":64.9762,"mcpPosition":[59.3426,226.224,-10.2626],"pipPosition":[58.297,258.141,-44.3925],"stabilizedTipPosition":[66.2817,279.047,-79.299],"timeVisible":0.133406,"tipPosition":[70.8987,278.269,-77.4385],"tipVelocity":[-243.631,450.94,80.0295],"tool":false,"touchDistance":0.444737,"touchZone":"hovering","type":2,"width":19.1251},{"bases":[[[-0.853622,0.162253,0.494978],[0.51761,0.15771,0.840956],[-0.0583843,-0.974064,0.218608]],[[-0.791557,0.461409,0.400674],[0.596087,0.438569,0.672561],[-0.134602,-0.771206,0.622192]],[[-0.791557,0.461409,0.400674],[0.558226,0.812733,0.166882],[0.24864,-0.355763,0.900895]],[[-0.791557,0.461409,0.400674],[0.397665,0.886772,-0.235579],[0.464005,0.0271404,0.885417]]],"btipPosition":[90.3051,213.733,-57.9866],"carpPosition":[102.705,166.195,21.2533],"dipPosition":[100.835,214.349,-37.8925],"direction":[-0.24864,0.355763,-0.900895],"extended":false,"handId":271,"id":2710,"length":50.5373,"mcpPosition":[102.705,166.195,21.2533],"pipPosition":[109.056,202.587,-8.10667],"stabilizedTipPosition":[92.7553,213.538,-53.4222],"timeVisible":0.133406,"tipPosition":[92.8615,219.071,-50.2311],"tipVelocity":[-33.639,382.719,68.0347],"tool":false,"touchDistance":0.543155,"touchZone":"hovering","type":0,"width":20.3863},{"bases":[[[-0.608035,-0.640901,-0.468551],[-0.723636,0.204639,0.659146],[0.326564,-0.739844,0.588206]],[[-0.626523,-0.595383,-0.502979],[-0.463296,0.803441,-0.373951],[-0.626758,0.00126072,0.779213]],[[-0.626523,-0.595383,-0.502979],[0.545316,0.126224,-0.828673],[-0.556866,0.793465,-0.24559]],[[-0.626523,-0.595383,-0.502979],[0.771918,-0.384783,-0.506048],[-0.107754,0.705309,-0.700663]]],"btipPosition":[89.1068,176.86,-30.0159],"carpPosition":[64.3781,167.198,19.2829],"dipPosition":[87.1545,189.638,-42.7104],"direction":[0.556866,-0.793465,0.24559],"extended":false,"handId":271,"id":2713,"length":62.4764,"mcpPosition":[45.0408,211.008,-15.5476],"pipPosition":[72.1956,210.953,-49.3076],"stabilizedTipPosition":[93.3754,173.472,-50.187],"timeVisible":0.133406,"tipPosition":[91.2492,183.595,-40.4864],"tipVelocity":[-99.5304,270.536,48.5938],"tool":false,"touchDistance":0.333333,"touchZone":"none","type":3,"width":18.1987},{"bases":[[[-0.438172,-0.747165,-0.499749],[-0.777686,0.0362912,0.627605],[0.450788,-0.663647,0.596961]],[[-0.494051,-0.65262,-0.574457],[-0.520636,0.751236,-0.405688],[-0.696313,-0.0986526,0.710926]],[[-0.494051,-0.65262,-0.574457],[0.497996,0.329187,-0.802269],[-0.71268,0.682439,-0.162367]],[[-0.494051,-0.65262,-0.574457],[0.837834,-0.180858,-0.515097],[-0.232267,0.735784,-0.63614]]],"btipPosition":[76.576,172.854,-33.2351],"carpPosition":[60.0115,158.335,10.1509],"dipPosition":[72.6937,185.152,-43.8679],"direction":[0.71268,-0.682439,0.162367],"extended":false,"handId":271,"id":2714,"length":48.9803,"mcpPosition":[35.3018,194.713,-22.5712],"pipPosition":[59.1769,198.095,-46.9473],"stabilizedTipPosition":[78.2837,168.839,-43.1905],"timeVisible":0.133406,"tipPosition":[77.4786,180.36,-42.5263],"tipVelocity":[-109.088,296.674,5.925],"tool":false,"touchDistance":0.333333,"touchZone":"none","type":4,"width":16.1655}],"r":[[0.804139,0.0496218,0.592367],[0.167809,0.937029,-0.306295],[-0.570264,0.345708,0.745174]],"s":1.12371,"t":[-7.83329,42.3224,-9.34342],"timestamp":259943444820},{"currentFrameRate":29.3959,"devices":[],"gestures":[],"hands":[{"armBasis":[[-0.681528,-0.704189,-0.19909],[-0.624192,0.417387,0.660434],[0.381973,-0.574375,0.72401]],"armWidth":62.9551,"confidence":0.673904,"direction":[-0.306466,0.869098,-0.388261],"elbow":[178.137,-1.24505,214.119],"grabAngle":2.005,"grabStrength":0,"id":271,"palmNormal":[0.55828,-0.166257,-0.812823],"palmPosition":[65.6192,207.529,-2.34288],"palmVelocity":[-53.1916,167.914,99.9879],"palmWidth":86.0143,"pinchDistance":55.4622,"pinchStrength":0.468146,"r":[[0.739667,0.0726158,0.669044],[0.193853,0.929033,-0.31515],[-0.644449,0.362802,0.673098]],"s":1.16016,"sphereCenter":[82.3653,211.117,-54.0673],"sphereRadius":53.1526,"stabilizedPalmPosition":[65.6871,207.312,-2.46816],"t":[-9.61565,48.1891,-8.4052],"timeVisible":0.15525,"type":"left","wrist":[80.6442,145.356,29.3257]}],"id":169787,"interactionBox":{"center":[0,200,0],"size":[235.247,235.247,147.751]},"pointables":[{"bases":[[[-0.681688,-0.479085,-0.552973],[-0.70452,0.225946,0.672755],[0.197365,-0.84819,0.491549]],[[-0.672145,-0.516663,-0.530359],[-0.739652,0.501154,0.449177],[-0.0337187,-0.694193,0.718999]],[[-0.672145,-0.516663,-0.530359],[-0.72472,0.605798,0.328313],[-0.151663,-0.605036,0.78162]],[[-0.672145,-0.516663,-0.530359],[-0.700044,0.67675,0.22792],[-0.241163,-0.52447,0.816561]]],"btipPosition":[68.412,288.853,-77.0429],"carpPosition":[71.276,174.225,25.415],"dipPosition":[64.0174,279.296,-62.1631],"direction":[0.151663,0.605036,-0.78162],"extended":true,"handId":271,"id":2712,"length":64.9762,"mcpPosition":[58.2593,230.166,-7.00406],"pipPosition":[59.8353,262.612,-40.61],"stabilizedTipPosition":[67.3059,286.008,-74.104],"timeVisible":0.15525,"tipPosition":[71.33,286.102,-70.8873],"tipVelocity":[56.8431,338.152,258.153],"tool":false,"touchDistance":0.518184,"touchZone":"hovering","type":2,"width":19.1251},{"bases":[[[-0.86938,0.130833,0.476509],[0.490408,0.110096,0.864511],[-0.0606446,-0.985272,0.159877]],[[-0.805847,0.434996,0.401733],[0.573539,0.40478,0.712184],[-0.147183,-0.804321,0.575678]],[[-0.805847,0.434996,0.401733],[0.557833,0.785252,0.268703],[0.198577,-0.440633,0.875448]],[[-0.805847,0.434996,0.401733],[0.390436,0.90043,-0.191798],[0.445163,-0.00229109,0.895446]]],"btipPosition":[91.1732,221.107,-54.1042],"carpPosition":[100.896,168.532,22.3271],"dipPosition":[101.276,221.055,-33.7825],"direction":[-0.198577,0.440633,-0.875448],"extended":false,"handId":271,"id":2710,"length":50.5373,"mcpPosition":[100.896,168.532,22.3271],"pipPosition":[107.841,206.486,-4.83799],"stabilizedTipPosition":[93.4468,220.584,-49.6998],"timeVisible":0.15525,"tipPosition":[93.0654,225.204,-46.4207],"tipVelocity":[35.2395,330.515,180.129],"tool":false,"touchDistance":0.581194,"touchZone":"hovering","type":0,"width":20.3863},{"bases":[[[-0.811486,-0.313324,-0.493273],[-0.577717,0.303113,0.757869],[0.0879413,-0.899973,0.426985]],[[-0.79538,-0.417611,-0.439286],[-0.606102,0.543963,0.580297],[0.00338295,-0.727809,0.685772]],[[-0.79538,-0.417611,-0.439286],[-0.601118,0.636343,0.483451],[-0.0776424,-0.64859,0.757168]],[[-0.79538,-0.417611,-0.439286],[-0.596726,0.666578,0.446756],[-0.106249,-0.617474,0.779382]]],"btipPosition":[78.9219,295.187,-58.8112],"carpPosition":[81.5987,176.844,30.1131],"dipPosition":[77.1616,284.957,-45.8984],"direction":[0.0776424,0.64859,-0.757168],"extended":true,"handId":271,"id":2711,"length":57.0257,"mcpPosition":[75.4827,239.434,0.417847],"pipPosition":[75.3418,269.755,-28.1519],"stabilizedTipPosition":[78.9415,291.712,-56.9734],"timeVisible":0.15525,"tipPosition":[83.4921,290.996,-54.8435],"tipVelocity":[-107.698,294.17,308.599],"tool":false,"touchDistance":0.635714,"touchZone":"hovering","type":1,"width":19.473},{"bases":[[[-0.590151,-0.614342,-0.523742],[-0.744773,0.163986,0.646855],[0.311504,-0.771811,0.554322]],[[-0.607768,-0.566955,-0.556039],[-0.43056,0.823611,-0.369165],[-0.66726,-0.0150416,0.744673]],[[-0.607768,-0.566955,-0.556039],[0.614827,0.107211,-0.781341],[-0.502599,0.816742,-0.28342]],[[-0.607768,-0.566955,-0.556039],[0.793886,-0.416982,-0.442574],[-0.0190615,0.710414,-0.703526]]],"btipPosition":[86.9561,181.082,-25.5117],"carpPosition":[62.6455,169.539,19.2161],"dipPosition":[86.6107,193.953,-38.2581],"direction":[0.502599,-0.816742,0.28342],"extended":false,"handId":271,"id":2713,"length":62.4764,"mcpPosition":[44.2,215.242,-13.6079],"pipPosition":[73.1096,215.893,-45.8715],"stabilizedTipPosition":[91.1103,177.156,-42.6084],"timeVisible":0.15525,"tipPosition":[90.3995,188.362,-36.5744],"tipVelocity":[-81.5378,194.277,205.655],"tool":false,"touchDistance":0.333333,"touchZone":"none","type":3,"width":18.1987},{"bases":[[[-0.418907,-0.718135,-0.555697],[-0.79703,-0.00239902,0.603934],[0.43504,-0.695899,0.571371]],[[-0.473681,-0.617869,-0.627585],[-0.523089,0.770671,-0.36393],[-0.708523,-0.155896,0.688253]],[[-0.473681,-0.617869,-0.627585],[0.565747,0.332646,-0.754504],[-0.674949,0.712449,-0.19199]],[[-0.473681,-0.617869,-0.627585],[0.869319,-0.213853,-0.445592],[-0.141107,0.75664,-0.638423]]],"btipPosition":[74.2139,178.54,-31.1523],"carpPosition":[58.6069,161.209,9.45347],"dipPosition":[71.8554,191.187,-41.8232],"direction":[0.674949,-0.712449,0.19199],"extended":false,"handId":271,"id":2714,"length":48.9803,"mcpPosition":[34.7605,199.354,-21.8658],"pipPosition":[59.0542,204.7,-45.4646],"stabilizedTipPosition":[75.6301,176.094,-37.6765],"timeVisible":0.15525,"tipPosition":[77.0665,185.639,-40.2339],"tipVelocity":[-92.0878,264,94.9465],"tool":false,"touchDistance":0.333333,"touchZone":"none","type":4,"width":16.1655}],"r":[[0.739667,0.0726158,0.669044],[0.193853,0.929033,-0.31515],[-0.644449,0.362802,0.673098]],"s":1.16016,"t":[-9.61565,48.1891,-8.4052],"timestamp":259943466664},{"currentFrameRate":31.0993,"devices":[],"gestures":[],"hands":[{"armBasis":[[-0.687724,-0.704493,-0.175288],[-0.607184,0.425821,0.670823],[0.397949,-0.567773,0.720604]],"armWidth":62.9551,"confidence":0.73184,"direction":[-0.29851,0.889683,-0.345481],"elbow":[180.801,3.73879,212.398],"grabAngle":2.03117,"grabStrength":0,"id":271,"palmNormal":[0.539057,-0.141551,-0.83029],"palmPosition":[64.5211,211.997,-0.648086],"palmVelocity":[-50.3841,204.985,77.7606],"palmWidth":86.0143,"pinchDistance":54.4279,"pinchStrength":0.350531,"r":[[0.685821,0.0846318,0.722833],[0.21631,0.924625,-0.313493],[-0.694881,0.371356,0.61582]],"s":1.18105,"sphereCenter":[78.5747,214.533,-55.1339],"sphereRadius":54.3217,"stabilizedPalmPosition":[64.5859,211.737,-0.749126],"t":[-11.0559,53.3563,-7.08869],"timeVisible":0.177045,"type":"left","wrist":[79.2302,148.655,28.4744]}],"id":169788,"interactionBox":{"center":[0,200,0],"size":[235.247,235.247,147.751]},"pointables":[{"bases":[[[-0.857323,0.125539,0.499237],[0.509278,0.0654396,0.858111],[-0.0750565,-0.989928,0.120037]],[[-0.789173,0.433242,0.435325],[0.593551,0.355874,0.721839],[-0.15781,-0.828043,0.537997]],[[-0.789173,0.433242,0.435325],[0.597775,0.704513,0.382527],[0.140965,-0.562106,0.814963]],[[-0.789173,0.433242,0.435325],[0.428514,0.896179,-0.115064],[0.439979,-0.0957375,0.89289]]],"btipPosition":[92.3775,231.237,-50.9418],"carpPosition":[99.5766,171.406,21.6536],"dipPosition":[102.363,229.064,-30.6781],"direction":[-0.140965,0.5621