{"frames":281,"data":[{"currentFrameRate":24.1808,"devices":[],"gestures":[],"hands":[],"id":170226,"interactionBox":{"center":[0,200,0],"size":[235.247,235.247,147.751]},"pointables":[],"r":[[-0.451118,-0.878766,0.155767],[0.630521,-0.437343,-0.641229],[0.631613,-0.191055,0.751374]],"s":-0.0734829,"t":[559.648,-310.26,370.787],"timestamp":259959195877},{"currentFrameRate":24.1655,"devices":[],"gestures":[],"hands":[],"id":170227,"interactionBox":{"center":[0,200,0],"size":[235.247,235.247,147.751]},"pointables":[],"r":[[-0.451118,-0.878766,0.155767],[0.630521,-0.437343,-0.641229],[0.631613,-0.191055,0.751374]],"s":-0.0734829,"t":[559.648,-310.26,370.787],"timestamp":259959237372},{"currentFrameRate":24.2181,"devices":[],"gestures":[],"hands":[],"id":170228,"interactionBox":{"center":[0,200,0],"size":[235.247,235.247,147.751]},"pointables":[],"r":[[-0.451118,-0.878766,0.155767],[0.630521,-0.437343,-0.641229],[0.631613,-0.191055,0.751374]],"s":-0.0734829,"t":[559.648,-310.26,370.787],"timestamp":259959278272},{"currentFrameRate":24.1975,"devices":[],"gestures":[],"hands":[],"id":170229,"interactionBox":{"center":[0,200,0],"size":[235.247,235.247,147.751]},"pointables":[],"r":[[-0.451118,-0.878766,0.155767],[0.630521,-0.437343,-0.641229],[0.631613,-0.191055,0.751374]],"s":-0.0734829,"t":[559.648,-310.26,370.787],"timestamp":259959319752},{"currentFrameRate":24.2479,"devices":[],"gestures":[],"hands":[],"id":170230,"interactionBox":{"center":[0,200,0],"size":[235.247,235.247,147.751]},"pointables":[],"r":[[-0.451118,-0.878766,0.155767],[0.630521,-0.437343,-0.641229],[0.631613,-0.191055,0.751374]],"s":-0.0734829,"t":[559.648,-310.26,370.787],"timestamp":259959360618},{"currentFrameRate":24.2586,"devices":[],"gestures":[],"hands":[],"id":170231,"interactionBox":{"center":[0,200,0],"size":[235.247,235.247,147.751]},"pointables":[],"r":[[-0.451118,-0.878766,0.155767],[0.630521,-0.437343,-0.641229],[0.631613,-0.191055,0.751374]],"s":-0.0734829,"t":[559.648,-310.26,370.787],"timestamp":259959401761},{"currentFrameRate":24.2639,"devices":[],"gestures":[],"hands":[],"id":170232,"interactionBox":{"center":[0,200,0],"size":[235.247,235.247,147.751]},"pointables":[],"r":[[-0.451118,-0.878766,0.155767],[0.630521,-0.437343,-0.641229],[0.631613,-0.191055,0.751374]],"s":-0.0734829,"t":[559.648,-310.26,370.787],"timestamp":259959442935},{"currentFrameRate":24.2549,"devices":[],"gestures":[],"hands":[],"id":170233,"interactionBox":{"center":[0,200,0],"size":[235.247,235.247,147.751]},"pointables":[],"r":[[-0.451118,-0.878766,0.155767],[0.630521,-0.437343,-0.641229],[0.631613,-0.191055,0.751374]],"s":-0.0734829,"t":[559.648,-310.26,370.787],"timestamp":259959484231},{"currentFrameRate":24.2526,"devices":[],"gestures":[],"hands":[],"id":170234,"interactionBox":{"center":[0,200,0],"size":[235.247,235.247,147.751]},"pointables":[],"r":[[-0.451118,-0.878766,0.155767],[0.630521,-0.437343,-0.641229],[0.631613,-0.191055,0.751374]],"s":-0.0734829,"t":[559.648,-310.26,370.787],"timestamp":259959525481},{"currentFrameRate":24.1284,"devices":[],"gestures":[],"hands":[],"id":170235,"interactionBox":{"center":[0,200,0],"size":[235.247,235.247,147.751]},"pointables":[],"r":[[-0.451118,-0.878766,0.155767],[0.630521,-0.437343,-0.641229],[0.631613,-0.191055,0.751374]],"s":-0.0734829,"t":[559.648,-310.26,370.787],"timestamp":259959567850},{"currentFrameRate":24.311,"devices":[],"gestures":[],"hands":[{"armBasis":[[0.940575,-0.107223,-0.322214],[0.170202,0.969911,0.174082],[0.293853,-0.218579,0.930523]],"armWidth":60.2356,"confidence":0,"direction":[-0.178009,0.570545,-0.801743],"elbow":[182.239,49.619,284.047],"grabAngle":1.22147,"grabStrength":0.041269,"id":273,"palmNormal":[-0.258215,-0.813287,-0.52143],"palmPosition":[85.3412,140.25,-12.4421],"palmVelocity":[1.19209e-7,1.19209e-7,1.19209e-7],"palmWidth":86.0143,"pinchDistance":47.0072,"pinchStrength":0.39246,"r":[[1,1.11022e-17,1.11022e-17],[-1.11022e-17,1,-2.46519e-34],[-1.11022e-17,1.2326e-34,1]],"s":1,"sphereCenter":[52.6526,94.4063,-52.2442],"sphereRadius":64.6472,"stabilizedPalmPosition":[85.3412,140.25,-12.4421],"t":[0,0,0],"timeVisible":0,"type":"right","wrist":[107.238,105.408,46.5449]}],"id":170236,"interactionBox":{"center":[0,200,0],"size":[235.247,235.247,147.751]},"pointables":[{"bases":[[[0.578314,0.792803,0.192396],[-0.579241,0.23296,0.781159],[0.574485,-0.563199,0.593948]],[[0.38648,0.922225,0.0115519],[-0.875598,0.362947,0.318743],[0.28976,-0.133303,0.947771]],[[0.38648,0.922225,0.0115519],[-0.916351,0.385378,-0.10856],[-0.104569,0.0313707,0.994023]],[[0.38648,0.922225,0.0115519],[-0.790146,0.337538,-0.511603],[-0.475712,0.188597,0.859144]]],"btipPosition":[74.8968,107.66,-62.1185],"carpPosition":[74.675,106.553,33.6508],"dipPosition":[64.3723,111.832,-43.111],"direction":[0.104569,-0.0313707,-0.994023],"extended":false,"handId":273,"id":2730,"length":49.2665,"mcpPosition":[74.675,106.553,33.6508],"pipPosition":[61.0019,112.843,-11.0725],"stabilizedTipPosition":[72.4762,108.619,-57.7468],"timeVisible":0,"tipPosition":[72.4762,108.619,-57.7468],"tipVelocity":[1.19209e-7,1.19209e-7,1.19209e-7],"tool":false,"touchDistance":0.667132,"touchZone":"hovering","type":0,"width":19.1427},{"bases":[[[0.906178,-0.0167859,-0.422563],[0.205677,0.890567,0.405693],[0.369511,-0.454542,0.810465]],[[0.950832,-0.0837677,-0.298164],[0.0369654,0.986541,-0.159283],[0.307494,0.140429,0.941131]],[[0.950832,-0.0837677,-0.298164],[-0.13063,0.764428,-0.631336],[0.280811,0.639244,0.7159]],[[0.950832,-0.0837677,-0.298164],[-0.219123,0.498403,-0.838797],[0.21887,0.862889,0.455542]]],"btipPosition":[36.7493,123.852,-85.3501],"carpPosition":[84.8869,126.486,32.9521],"dipPosition":[40.2843,137.789,-77.9925],"direction":[-0.280811,-0.639244,-0.7159],"extended":false,"handId":273,"id":2731,"length":55.5917,"mcpPosition":[59.1887,158.098,-23.413],"pipPosition":[46.7005,152.395,-61.6352],"stabilizedTipPosition":[37.5623,127.058,-83.6579],"timeVisible":0,"tipPosition":[37.5623,127.058,-83.6579],"tipVelocity":[1.19209e-7,1.19209e-7,1.19209e-7],"tool":false,"touchDistance":0.272369,"touchZone":"hovering","type":1,"width":18.2851},{"bases":[[[0.89934,-0.229614,-0.372109],[0.363979,0.864713,0.346109],[0.242296,-0.446709,0.861245]],[[0.913596,-0.259129,-0.313361],[0.256928,0.965184,-0.0490769],[0.315168,-0.0356749,0.948365]],[[0.913596,-0.259129,-0.313361],[0.116791,0.905392,-0.408198],[0.389491,0.33633,0.857426]],[[0.913596,-0.259129,-0.313361],[0.0101676,0.784958,-0.619465],[0.406497,0.562755,0.719769]]],"btipPosition":[47.4147,140.029,-107.561],"carpPosition":[95.4465,127.979,28.2879],"dipPosition":[54.6359,150.026,-94.7744],"direction":[-0.389491,-0.33633,-0.857426],"extended":true,"handId":273,"id":2732,"length":63.3423,"mcpPosition":[79.4664,157.441,-28.5137],"pipPosition":[65.1059,159.067,-71.7256],"stabilizedTipPosition":[49.0756,142.328,-104.62],"timeVisible":0,"tipPosition":[49.0756,142.328,-104.62],"tipVelocity":[1.19209e-7,1.19209e-7,1.19209e-7],"tool":false,"touchDistance":-0.0769965,"touchZone":"touching","type":2,"width":17.9584},{"bases":[[[0.895179,-0.357376,-0.266339],[0.434841,0.831417,0.345917],[0.0978165,-0.425473,0.899669]],[[0.900328,-0.393728,-0.185441],[0.3738,0.917801,-0.133849],[0.222898,0.0511897,0.973497]],[[0.900328,-0.393728,-0.185441],[0.264448,0.833331,-0.485413],[0.345655,0.387991,0.854392]],[[0.900328,-0.393728,-0.185441],[0.17885,0.723172,-0.667109],[0.396765,0.567451,0.72151]]],"btipPosition":[74.6954,129.257,-105.894],"carpPosition":[105.961,126.408,23.6144],"dipPosition":[81.7032,139.28,-93.1503],"direction":[-0.345655,-0.387991,-0.854392],"extended":true,"handId":273,"id":2733,"length":60.9053,"mcpPosition":[100.169,151.602,-29.6592],"pipPosition":[90.7549,149.44,-70.7762],"stabilizedTipPosition":[76.3072,131.563,-102.963],"timeVisible":0,"tipPosition":[76.3072,131.563,-102.963],"tipVelocity":[1.19209e-7,1.19209e-7,1.19209e-7],"tool":false,"touchDistance":-0.0493798,"touchZone":"touching","type":3,"width":17.0885},{"bases":[[[0.816248,-0.536647,-0.213892],[0.575702,0.724833,0.378396],[-0.0480291,-0.432003,0.900592]],[[0.794032,-0.606044,-0.047159],[0.598171,0.792807,-0.11683],[0.108192,0.0645576,0.992032]],[[0.794032,-0.606044,-0.047159],[0.49945,0.694657,-0.517689],[0.346502,0.387508,0.854268]],[[0.794032,-0.606044,-0.047159],[0.397917,0.576857,-0.713371],[0.459538,0.547674,0.699198]]],"btipPosition":[100.32,123.551,-91.2904],"carpPosition":[115.198,118.117,18.422],"dipPosition":[107.807,132.475,-79.8975],"direction":[-0.346502,-0.387508,-0.854268],"extended":true,"handId":273,"id":2734,"length":47.7486,"mcpPosition":[117.83,141.797,-30.9434],"pipPosition":[114.214,139.639,-64.1027],"stabilizedTipPosition":[102.042,125.603,-88.67],"timeVisible":0,"tipPosition":[102.042,125.603,-88.67],"tipVelocity":[1.19209e-7,1.19209e-7,1.19209e-7],"tool":false,"touchDistance":0.188833,"touchZone":"hovering","type":4,"width":15.1794}],"r":[[1,1.11022e-17,1.11022e-17],[-1.11022e-17,1,-2.46519e-34],[-1.11022e-17,1.2326e-34,1]],"s":1,"t":[0,0,0],"timestamp":259959607626},{"currentFrameRate":24.295,"devices":[],"gestures":[],"hands":[{"armBasis":[[0.915574,-0.127505,-0.381401],[0.281834,0.879976,0.382376],[0.286869,-0.457585,0.841619]],"armWidth":62.9551,"confidence":0.214095,"direction":[-0.145537,0.581623,-0.800333],"elbow":[176.814,-0.963229,259.079],"grabAngle":0.807638,"grabStrength":0,"id":273,"palmNormal":[-0.310052,-0.795009,-0.521372],"palmPosition":[83.6946,154.173,-13.4244],"palmVelocity":[-39.89,337.275,-23.7971],"palmWidth":86.0143,"pinchDistance":58.6236,"pinchStrength":0.265371,"r":[[0.999923,-0.0123689,-0.000801749],[0.0123691,0.999923,0.000241614],[0.000798699,-0.000251512,1]],"s":1.05176,"sphereCenter":[29.8155,88.2947,-64.6541],"sphereRadius":98.3604,"stabilizedPalmPosition":[84.1941,149.95,-13.1265],"t":[-0.823309,6.96118,-0.49116],"timeVisible":0.041279,"type":"right","wrist":[103.595,115.829,44.2678]}],"id":170237,"interactionBox":{"center":[0,200,0],"size":[235.247,235.247,147.751]},"pointables":[{"bases":[[[0.626978,0.755251,0.191034],[-0.560658,0.267191,0.783755],[0.540889,-0.598502,0.59096]],[[0.515823,0.853123,0.0781548],[-0.815393,0.460923,0.350261],[0.262793,-0.2444,0.933386]],[[0.515823,0.853123,0.0781548],[-0.843482,0.52171,-0.127894],[-0.149883,0.0000485333,0.988704]],[[0.515823,0.853123,0.0781548],[-0.708084,0.475917,-0.521651],[-0.482228,0.213739,0.849572]]],"btipPosition":[74.6451,127.813,-63.344],"carpPosition":[71.1463,121.132,32.6702],"dipPosition":[63.7012,132.663,-44.0634],"direction":[0.149883,-0.0000485333,-0.988704],"extended":false,"handId":273,"id":2730,"length":50.5373,"mcpPosition":[71.1463,121.132,32.6702],"pipPosition":[58.7457,132.665,-11.3744],"stabilizedTipPosition":[72.1463,127.862,-58.8484],"timeVisible":0.041279,"tipPosition":[69.8636,125.297,-58.7805],"tipVelocity":[-8.43452,491.995,-28.1666],"tool":false,"touchDistance":0.616311,"touchZone":"hovering","type":0,"width":20.3863},{"bases":[[[0.901741,-0.0721647,-0.426211],[0.261939,0.875557,0.405941],[0.343877,-0.477695,0.808428]],[[0.928541,-0.113989,-0.353295],[0.204015,0.951781,0.22911],[0.310144,-0.284815,0.907023]],[[0.928541,-0.113989,-0.353295],[0.0988706,0.993253,-0.0606131],[0.357821,0.0213512,0.933546]],[[0.928541,-0.113989,-0.353295],[0.0601463,0.985311,-0.159827],[0.366324,0.127157,0.921758]]],"btipPosition":[31.2762,182.878,-99.2081],"carpPosition":[82.5683,140.397,31.9546],"dipPosition":[37.3454,184.984,-83.9365],"direction":[-0.357821,-0.0213512,-0.933546],"extended":true,"handId":273,"id":2731,"length":57.0257,"mcpPosition":[58.6528,173.619,-24.2688],"pipPosition":[45.732,185.485,-62.056],"stabilizedTipPosition":[32.8585,181.216,-95.2368],"timeVisible":0.041279,"tipPosition":[32.9478,178.525,-94.3131],"tipVelocity":[-118.468,1364,-291.621],"tool":false,"touchDistance":0.333333,"touchZone":"hovering","type":1,"width":19.473},{"bases":[[[0.881954,-0.284236,-0.375987],[0.418104,0.840052,0.345691],[0.217591,-0.462086,0.859727]],[[0.889291,-0.30087,-0.34444],[0.369432,0.916539,0.153216],[0.269595,-0.263501,0.926221]],[[0.889291,-0.30087,-0.34444],[0.241851,0.948589,-0.204173],[0.388162,0.0982658,0.916337]],[[0.889291,-0.30087,-0.34444],[0.173793,0.918955,-0.354003],[0.423034,0.254951,0.869507]]],"btipPosition":[47.8178,176.678,-113.856],"carpPosition":[93.1817,141.241,27.2499],"dipPosition":[55.5266,181.323,-98.0109],"direction":[-0.388162,-0.0982658,-0.916337],"extended":true,"handId":273,"id":2732,"length":64.9762,"mcpPosition":[78.8309,171.717,-29.4515],"pipPosition":[66.2301,184.033,-72.7431],"stabilizedTipPosition":[49.5737,176.573,-110.026],"timeVisible":0.041279,"tipPosition":[48.8526,171.676,-108.701],"tipVelocity":[12.482,858.022,-135.457],"tool":false,"touchDistance":-0.254748,"touchZone":"touching","type":2,"width":19.1251},{"bases":[[[0.870317,-0.41165,-0.270356],[0.48677,0.802439,0.345175],[0.0748526,-0.432013,0.898756]],[[0.871636,-0.420178,-0.252391],[0.457525,0.882191,0.111405],[0.175847,-0.21258,0.961191]],[[0.871636,-0.420178,-0.252391],[0.360075,0.89827,-0.251906],[0.332561,0.12869,0.93426]],[[0.871636,-0.420178,-0.252391],[0.28971,0.856989,-0.426189],[0.395372,0.298361,0.868713]]],"btipPosition":[75.413,164.959,-113.167],"carpPosition":[103.561,139.03,22.5324],"dipPosition":[82.5763,170.365,-97.4282],"direction":[-0.332561,-0.12869,-0.93426],"extended":true,"handId":273,"id":2733,"length":62.4764,"mcpPosition":[99.1285,164.611,-30.6871],"pipPosition":[91.5098,173.822,-72.3315],"stabilizedTipPosition":[77.0336,164.961,-109.312],"timeVisible":0.041279,"tipPosition":[76.0817,160.221,-107.865],"tipVelocity":[18.2512,839.156,-159.516],"tool":false,"touchDistance":-0.249059,"touchZone":"touching","type":3,"width":18.1987},{"bases":[[[0.780659,-0.585774,-0.217809],[0.620899,0.687303,0.376961],[-0.071113,-0.429515,0.900255]],[[0.770452,-0.623724,-0.131805],[0.635911,0.766508,0.0899008],[0.0449568,-0.153081,0.987191]],[[0.770452,-0.623724,-0.131805],[0.551801,0.756012,-0.352082],[0.319248,0.198532,0.926642]],[[0.770452,-0.623724,-0.131805],[0.445645,0.674793,-0.588265],[0.455856,0.394491,0.797855]]],"btipPosition":[100.929,148.624,-96.8132],"carpPosition":[112.246,130.191,17.293],"dipPosition":[108.548,155.218,-83.4774],"direction":[-0.319248,-0.198532,-0.926642],"extended":true,"handId":273,"id":2734,"length":48.9803,"mcpPosition":[116.144,153.735,-32.0539],"pipPosition":[114.603,158.984,-65.9026],"stabilizedTipPosition":[102.657,149.222,-93.5558],"timeVisible":0.041279,"tipPosition":[101.049,144.809,-91.8883],"tipVelocity":[15.485,594.44,-122.967],"tool":false,"touchDistance":0.214611,"touchZone":"hovering","type":4,"width":16.1655}],"r":[[0.999923,-0.0123689,-0.000801749],[0.0123691,0.999923,0.000241614],[0.000798699,-0.000251512,1]],"s":1.05176,"t":[-0.823309,6.96118,-0.49116],"timestamp":259959648905},{"currentFrameRate":22.5126,"devices":[],"gestures":[],"hands":[{"armBasis":[[0.90032,-0.026658,-0.434411],[0.260554,0.832512,0.488912],[0.348619,-0.553365,0.756473]],"armWidth":62.9551,"confidence":0.480372,"direction":[-0.212693,0.54694,-0.809703],"elbow":[192.296,-4.60972,234.768],"grabAngle":0.641579,"grabStrength":0,"id":273,"palmNormal":[-0.261416,-0.830308,-0.492189],"palmPosition":[78.8606,173.192,-15.3837],"palmVelocity":[-83.2195,327.421,-33.7301],"palmWidth":86.0143,"pinchDistance":64.8192,"pinchStrength":0,"r":[[0.99995,-0.00679887,-0.00734961],[0.0067654,0.999967,-0.00456954],[0.00738044,0.00451958,0.999963]],"s":1.11841,"sphereCenter":[34.4496,124.744,-63.8379],"sphereRadius":85.6587,"stabilizedPalmPosition":[78.8678,173.16,-15.3807],"t":[-3.65199,19.9514,-1.7164],"timeVisible":0.099367,"type":"right","wrist":[103.316,136.629,41.689]}],"id":170238,"interactionBox":{"center":[0,200,0],"size":[235.247,235.247,147.751]},"pointables":[{"bases":[[[0.571171,0.806326,0.15363],[-0.557799,0.243974,0.793308],[0.602183,-0.538809,0.589118]],[[0.446453,0.893957,0.0389866],[-0.830016,0.397456,0.391283],[0.334295,-0.207049,0.919444]],[[0.446453,0.893957,0.0389866],[-0.886873,0.447864,-0.113467],[-0.118895,0.0160816,0.992777]],[[0.446453,0.893957,0.0389866],[-0.729348,0.388795,-0.56293],[-0.518393,0.222887,0.825585]]],"btipPosition":[70.1373,144.709,-63.0836],"carpPosition":[70.2163,140.529,31.863],"dipPosition":[58.3726,149.768,-44.3473],"direction":[0.118895,-0.0160816,-0.992777],"extended":false,"handId":273,"id":2730,"length":50.5373,"mcpPosition":[70.2163,140.529,31.863],"pipPosition":[54.4417,150.299,-11.5236],"stabilizedTipPosition":[67.4318,145.871,-58.7742],"timeVisible":0.099367,"tipPosition":[66.1788,142.424,-59.519],"tipVelocity":[-80.8526,291.702,2.32833],"tool":false,"touchDistance":0.590042,"touchZone":"hovering","type":0,"width":20.3863},{"bases":[[[0.892423,-0.013633,-0.450993],[0.203971,0.903768,0.376297],[0.402463,-0.427806,0.809324]],[[0.9164,-0.0410451,-0.398153],[0.213936,0.890948,0.400554],[0.338293,-0.452247,0.825246]],[[0.9164,-0.0410451,-0.398153],[0.0990364,0.98705,0.126191],[0.387818,-0.155073,0.908598]],[[0.9164,-0.0410451,-0.398153],[0.0190472,0.998073,-0.0590506],[0.39981,0.0465303,0.915416]]],"btipPosition":[22.2781,212.05,-96.7946],"carpPosition":[80.0752,160.593,30.3337],"dipPosition":[28.9021,212.821,-81.628],"direction":[-0.387818,0.155073,-0.908598],"extended":true,"handId":273,"id":2731,"length":57.0257,"mcpPosition":[52.0853,190.346,-25.952],"pipPosition":[37.9918,209.187,-60.3323],"stabilizedTipPosition":[23.8031,212.223,-93.3066],"timeVisible":0.099367,"tipPosition":[23.9247,204.599,-94.0349],"tipVelocity":[-152.708,496.927,41.134],"tool":false,"touchDistance":0.369174,"touchZone":"hovering","type":1,"width":19.473},{"bases":[[[0.890657,-0.225175,-0.395001],[0.360696,0.87884,0.312311],[0.276819,-0.420637,0.863965]],[[0.89623,-0.233888,-0.37692],[0.355559,0.886832,0.295138],[0.265236,-0.398528,0.877966]],[[0.89623,-0.233888,-0.37692],[0.236256,0.970839,-0.0406648],[0.37544,-0.0526048,0.925353]],[[0.89623,-0.233888,-0.37692],[0.15064,0.959681,-0.237318],[0.417229,0.155912,0.895328]]],"btipPosition":[41.8456,207.108,-114.553],"carpPosition":[90.4553,162.129,25.2955],"dipPosition":[49.4486,209.949,-98.238],"direction":[-0.37544,0.0526048,-0.925353],"extended":true,"handId":273,"id":2732,"length":64.9762,"mcpPosition":[72.1984,189.871,-31.6854],"pipPosition":[59.8013,208.498,-72.7216],"stabilizedTipPosition":[43.5949,207.758,-110.801],"timeVisible":0.099367,"tipPosition":[42.3375,199.66,-110.504],"tipVelocity":[-103.232,516.72,-10.1459],"tool":false,"touchDistance":-0.272579,"touchZone":"touching","type":2,"width":19.1251},{"bases":[[[0.891944,-0.350227,-0.285968],[0.432048,0.84665,0.310674],[0.133309,-0.400656,0.906479]],[[0.891203,-0.348037,-0.290907],[0.424651,0.865602,0.265339],[0.159462,-0.360005,0.919222]],[[0.891203,-0.348037,-0.290907],[0.335214,0.937387,-0.0945387],[0.305595,-0.0132626,0.952069]],[[0.891203,-0.348037,-0.290907],[0.25344,0.913936,-0.316999],[0.376197,0.208783,0.90271]]],"btipPosition":[71.0127,196.497,-115.107],"carpPosition":[100.84,160.601,20.3266],"dipPosition":[77.8286,200.279,-98.7514],"direction":[-0.305595,0.0132626,-0.952069],"extended":true,"handId":273,"id":2733,"length":62.4764,"mcpPosition":[92.9465,184.326,-33.3502],"pipPosition":[86.0377,199.923,-73.1763],"stabilizedTipPosition":[72.581,197.362,-111.345],"timeVisible":0.099367,"tipPosition":[70.9055,189.279,-110.71],"tipVelocity":[-77.1281,536.507,-30.9442],"tool":false,"touchDistance":-0.280921,"touchZone":"touching","type":3,"width":18.1987},{"bases":[[[0.817648,-0.529289,-0.226506],[0.575587,0.743125,0.34127],[-0.012308,-0.409413,0.912266]],[[0.816121,-0.548287,-0.182562],[0.57763,0.783312,0.229708],[0.0170575,-0.292923,0.955984]],[[0.816121,-0.548287,-0.182562],[0.522851,0.835135,-0.170812],[0.246118,0.04395,0.968243]],[[0.816121,-0.548287,-0.182562],[0.434981,0.790829,-0.43056],[0.380446,0.271978,0.883906]]],"btipPosition":[99.1032,179.429,-100.872],"carpPosition":[110.04,152.323,15.0496],"dipPosition":[105.462,183.975,-86.0982],"direction":[-0.246118,-0.04395,-0.968243],"extended":true,"handId":273,"id":2734,"length":48.9803,"mcpPosition":[110.715,174.765,-34.9557],"pipPosition":[110.13,184.808,-67.7343],"stabilizedTipPosition":[100.566,180.468,-97.4734],"timeVisible":0.099367,"tipPosition":[97.945,172.704,-95.9547],"tipVelocity":[-36.4149,522.198,-64.1828],"tool":false,"touchDistance":0.228347,"touchZone":"hovering","type":4,"width":16.1655}],"r":[[0.99995,-0.00679887,-0.00734961],[0.0067654,0.999967,-0.00456954],[0.00738044,0.00451958,0.999963]],"s":1.11841,"t":[-3.65199,19.9514,-1.7164],"timestamp":259959706993},{"currentFrameRate":25.0069,"devices":[],"gestures":[],"hands":[{"armBasis":[[0.868917,-0.0701311,-0.489965],[0.334754,0.812437,0.477374],[0.364587,-0.578816,0.729417]],"armWidth":62.9551,"confidence":0.561267,"direction":[-0.214487,0.562271,-0.798653],"elbow":[194.665,-0.702361,224.85],"grabAngle":0.4712,"grabStrength":0,"id":273,"palmNormal":[-0.335562,-0.810332,-0.480375],"palmPosition":[76.7483,185.304,-17.0961],"palmVelocity":[-100.054,573.73,-81.113],"palmWidth":86.0143,"pinchDistance":68.6933,"pinchStrength":0,"r":[[0.99965,-0.0149829,-0.0217826],[0.0148054,0.999856,-0.00828639],[0.0219036,0.00796099,0.999728]],"s":1.18544,"sphereCenter":[50.4878,177.881,-56.725],"sphereRadius":57.4793,"stabilizedPalmPosition":[76.7972,185.024,-17.0565],"t":[-6.12245,32.5025,-3.1852],"timeVisible":0.120478,"type":"right","wrist":[101.61,147.032,38.6773]}],"id":170239,"interactionBox":{"center":[0,200,0],"size":[235.247,235.247,147.751]},"pointables":[{"bases":[[[0.627391,0.76812,0.127956],[-0.504443,0.275719,0.81824],[0.593226,-0.577903,0.560456]],[[0.509011,0.860429,0.0238691],[-0.789641,0.455738,0.410816],[0.3426,-0.227958,0.911406]],[[0.509011,0.860429,0.0238691],[-0.850549,0.507037,-0.13957],[-0.132193,0.050741,0.989924]],[[0.509011,0.860429,0.0238691],[-0.656581,0.406051,-0.635629],[-0.556606,0.30787,0.771626]]],"btipPosition":[69.0615,155.168,-62.7782],"carpPosition":[68.2256,153.076,30.4703],"dipPosition":[56.4296,162.155,-45.2665],"direction":[0.132193,-0.050741,-0.989924],"extended":false,"handId":273,"id":2730,"length":50.5373,"mcpPosition":[68.2256,153.076,30.4703],"pipPosition":[52.059,163.833,-12.5371],"stabilizedTipPosition":[66.1789,156.581,-58.7509],"timeVisible":0.120478,"tipPosition":[61.7791,155.892,-60.1185],"tipVelocity":[-60.4064,516.436,1.12469],"tool":false,"touchDistance":0.564728,"touchZone":"hovering","type":0,"width":20.3863},{"bases":[[[0.868241,-0.0682149,-0.491432],[0.277638,0.887699,0.367298],[0.411188,-0.455343,0.789675]],[[0.895095,-0.10018,-0.434476],[0.313827,0.833743,0.454296],[0.31673,-0.542989,0.777718]],[[0.895095,-0.10018,-0.434476],[0.213127,0.952035,0.219561],[0.39164,-0.289126,0.873512]],[[0.895095,-0.10018,-0.434476],[0.127625,0.991227,0.0343758],[0.42722,-0.0862197,0.900027]]],"btipPosition":[21.2028,234.978,-94.1972],"carpPosition":[79.2521,172.484,28.5073],"dipPosition":[28.2809,233.549,-79.2856],"direction":[-0.39164,0.289126,-0.873512],"extended":true,"handId":273,"id":2731,"length":57.0257,"mcpPosition":[50.6554,204.152,-26.4119],"pipPosition":[37.4602,226.773,-58.8122],"stabilizedTipPosition":[22.855,234.09,-90.8309],"timeVisible":0.120478,"tipPosition":[21.2278,225.369,-92.3008],"tipVelocity":[-45.987,1062.08,120.256],"tool":false,"touchDistance":0.403671,"touchZone":"hovering","type":1,"width":19.473},{"bases":[[[0.855674,-0.279431,-0.435592],[0.429387,0.853174,0.296176],[0.288875,-0.440468,0.850023]],[[0.862079,-0.289467,-0.415968],[0.44574,0.82364,0.350619],[0.241115,-0.487674,0.839069]],[[0.862079,-0.289467,-0.415968],[0.358933,0.92821,0.0979463],[0.357753,-0.233742,0.904089]],[[0.862079,-0.289467,-0.415968],[0.26536,0.957133,-0.116107],[0.431745,-0.0102879,0.901937]]],"btipPosition":[41.4131,231.857,-113.645],"carpPosition":[89.4675,173.381,22.9999],"dipPosition":[49.2807,231.67,-97.2097],"direction":[-0.357753,0.233742,-0.904089],"extended":true,"handId":273,"id":2732,"length":64.9762,"mcpPosition":[70.4153,202.431,-33.0616],"pipPosition":[59.1456,225.225,-72.2797],"stabilizedTipPosition":[43.2301,231.335,-109.884],"timeVisible":0.120478,"tipPosition":[40.1407,222.148,-110.173],"tipVelocity":[-17.6022,1139.36,44.3132],"tool":false,"touchDistance":-0.283333,"touchZone":"touching","type":2,"width":19.1251},{"bases":[[[0.854038,-0.404719,-0.326836],[0.498414,0.816554,0.291244],[0.149007,-0.411633,0.899086]],[[0.853429,-0.403054,-0.330463],[0.504253,0.798899,0.327856],[0.131863,-0.446439,0.885045]],[[0.853429,-0.403054,-0.330463],[0.448019,0.891283,0.0699545],[0.266341,-0.207755,0.941223]],[[0.853429,-0.403054,-0.330463],[0.37423,0.915167,-0.149738],[0.362782,0.00412126,0.931865]]],"btipPosition":[71.2334,220.442,-116.193],"carpPosition":[99.4973,171.219,17.5589],"dipPosition":[77.8062,220.517,-99.3092],"direction":[-0.266341,0.207755,-0.941223],"extended":true,"handId":273,"id":2733,"length":62.4764,"mcpPosition":[90.6739,195.594,-35.6801],"pipPosition":[84.9608,214.936,-74.0255],"stabilizedTipPosition":[72.7416,219.96,-112.289],"timeVisible":0.120478,"tipPosition":[68.9639,210.966,-112.12],"tipVelocity":[7.804,1093.87,-45.6884],"tool":false,"touchDistance":-0.29563,"touchZone":"touching","type":3,"width":18.1987},{"bases":[[[0.771373,-0.578959,-0.264179],[0.636374,0.704069,0.315144],[0.00354471,-0.41121,0.911534]],[[0.771121,-0.591256,-0.236197],[0.636689,0.716264,0.285646],[0.000289982,-0.370651,0.928772]],[[0.771121,-0.591256,-0.236197],[0.603588,0.796925,-0.0243328],[0.202618,-0.123802,0.9714]],[[0.771121,-0.591256,-0.236197],[0.546527,0.804999,-0.230833],[0.32662,0.0489123,0.943889]]],"btipPosition":[98.3988,199.177,-104.152],"carpPosition":[107.905,162.397,11.859],"dipPosition":[103.858,199.994,-88.3755],"direction":[-0.202618,0.123802,-0.9714],"extended":true,"handId":273,"id":2734,"length":48.9803,"mcpPosition":[107.711,184.937,-38.1061],"pipPosition":[107.701,197.646,-69.9517],"stabilizedTipPosition":[99.6811,198.812,-100.434],"timeVisible":0.120478,"tipPosition":[95.1989,190.296,-99.311],"tipVelocity":[-43.1694,894.804,-144.441],"tool":false,"touchDistance":0.299698,"touchZone":"hovering","type":4,"width":16.1655}],"r":[[0.99965,-0.0149829,-0.0217826],[0.0148054,0.999856,-0.00828639],[0.0219036,0.00796099,0.999728]],"s":1.18544,"t":[-6.12245,32.5025,-3.1852],"timestamp":259959728104},{"currentFrameRate":27.2081,"devices":[],"gestures":[],"hands":[{"armBasis":[[0.876048,-0.061832,-0.478243],[0.335045,0.791319,0.511428],[0.346821,-0.608268,0.71395]],"armWidth":62.9551,"confidence":0.633754,"direction":[-0.24964,0.565487,-0.786069],"elbow":[190.558,1.61667,218.517],"grabAngle":0.381038,"grabStrength":0,"id":273,"palmNormal":[-0.325752,-0.813501,-0.481769],"palmPosition":[75.2906,195.399,-18.3575],"palmVelocity":[-67.9716,470.706,-58.8144],"palmWidth":86.0143,"pinchDistance":70.1658,"pinchStrength":0,"r":[[0.999135,-0.0160931,-0.038334],[0.0157603,0.999836,-0.00896635],[0.0384719,0.00835444,0.999225]],"s":1.24111,"sphereCenter":[72.5119,225.439,-47.8466],"sphereRadius":51.9499,"stabilizedPalmPosition":[75.3102,195.264,-18.3406],"t":[-8.08657,43.8257,-4.5503],"timeVisible":0.141925,"type":"right","wrist":[102.037,156.868,36.2916]}],"id":170240,"interactionBox":{"center":[0,200,0],"size":[235.247,235.247,147.751]},"pointables":[{"bases":[[[0.609595,0.783319,0.121674],[-0.490787,0.252406,0.833918],[0.622513,-0.568069,0.538308]],[[0.486296,0.873522,0.0218069],[-0.791031,0.429497,0.435664],[0.371196,-0.229112,0.899845]],[[0.486296,0.873522,0.0218069],[-0.86435,0.48455,-0.134576],[-0.128121,0.046595,0.990663]],[[0.486296,0.873522,0.0218069],[-0.663488,0.385379,-0.641301],[-0.568594,0.297394,0.76698]]],"btipPosition":[68.4662,164.923,-63.6148],"carpPosition":[68.8422,162.401,29.0071],"dipPosition":[55.5622,171.672,-46.2086],"direction":[0.128121,-0.046595,-0.990663],"extended":false,"handId":273,"id":2730,"length":50.5373,"mcpPosition":[68.8422,162.401,29.0071],"pipPosition":[51.3262,173.213,-13.4548],"stabilizedTipPosition":[65.5047,166.382,-59.6033],"timeVisible":0.141925,"tipPosition":[60.485,166.125,-61.2065],"tipVelocity":[-30.6768,452.278,-40.1413],"tool":false,"touchDistance":0.528674,"touchZone":"hovering","type":0,"width":20.3863},{"bases":[[[0.857041,-0.0389206,-0.513776],[0.26293,0.890577,0.371134],[0.443112,-0.453164,0.773495]],[[0.88725,-0.0720734,-0.455623],[0.315416,0.815523,0.485216],[0.3366,-0.574219,0.746306]],[[0.88725,-0.0720734,-0.455623],[0.213354,0.939839,0.266801],[0.408983,-0.333928,0.849249]],[[0.88725,-0.0720734,-0.455623],[0.115119,0.991062,0.0674033],[0.446693,-0.112255,0.887617]]],"btipPosition":[17.4644,247.248,-92.4883],"carpPosition":[79.2908,182.123,27.008],"dipPosition":[24.8651,245.388,-77.7823],"direction":[-0.408983,0.333928,-0.849249],"extended":true,"handId":273,"id":2731,"length":57.0257,"mcpPosition":[48.4739,213.639,-26.7859],"pipPosition":[34.4509,237.561,-57.8776],"stabilizedTipPosition":[19.2191,246.639,-89.1305],"timeVisible":0.141925,"tipPosition":[17.2379,236.913,-91.2078],"tipVelocity":[-170.849,567.476,77.4768],"tool":false,"touchDistance":0.421562,"touchZone":"hovering","type":1,"width":19.473},{"bases":[[[0.851563,-0.251035,-0.460241],[0.413702,0.861011,0.295823],[0.322011,-0.442315,0.837058]],[[0.858983,-0.261487,-0.440197],[0.444826,0.80686,0.388724],[0.253531,-0.529719,0.809395]],[[0.858983,-0.261487,-0.440197],[0.369157,0.912048,0.178581],[0.354784,-0.3159,0.879963]],[[0.858983,-0.261487,-0.440197],[0.280146,0.959672,-0.0233996],[0.428563,-0.10322,0.897597]]],"btipPosition":[38.6556,247.883,-112.4],"carpPosition":[89.3358,183.36,21.2585],"dipPosition":[46.4652,246.002,-96.0438],"direction":[-0.354784,0.3159,-0.879963],"extended":true,"handId":273,"id":2732,"length":64.9762,"mcpPosition":[68.0983,212.532,-33.9479],"pipPosition":[56.2483,237.291,-71.779],"stabilizedTipPosition":[40.4806,247.284,-108.651],"timeVisible":0.141925,"tipPosition":[36.9137,236.927,-109.606],"tipVelocity":[-129.195,729.056,57.2016],"tool":false,"touchDistance":-0.275936,"touchZone":"touching","type":2,"width":19.1251},{"bases":[[[0.856042,-0.377576,-0.353027],[0.483539,0.826336,0.288718],[0.182706,-0.417857,0.889952]],[[0.854337,-0.373742,-0.361144],[0.499152,0.783611,0.369866],[0.144761,-0.496256,0.856022]],[[0.854337,-0.373742,-0.361144],[0.450885,0.878597,0.157385],[0.258478,-0.297294,0.919133]],[[0.854337,-0.373742,-0.361144],[0.385632,0.921714,-0.0416009],[0.348419,-0.103727,0.931582]]],"btipPosition":[68.9323,237.644,-115.812],"carpPosition":[99.2791,181.535,15.5424],"dipPosition":[75.2449,235.765,-98.934],"direction":[-0.258478,0.297294,-0.919133],"extended":true,"handId":273,"id":2733,"length":62.4764,"mcpPosition":[88.4602,206.278,-37.1558],"pipPosition":[82.1883,227.779,-74.2437],"stabilizedTipPosition":[70.4094,237.028,-111.934],"timeVisible":0.141925,"tipPosition":[66.3122,226.791,-112.547],"tipVelocity":[-110.083,781.119,17.6785],"tool":false,"touchDistance":-0.288713,"touchZone":"touching","type":3,"width":18.1987},{"bases":[[[0.779694,-0.554711,-0.290471],[0.625028,0.717365,0.307778],[0.0376461,-0.421525,0.906035]],[[0.780151,-0.560654,-0.277545],[0.625565,0.703254,0.337792],[0.00580038,-0.437151,0.899369]],[[0.780151,-0.560654,-0.277545],[0.597954,0.798693,0.0673896],[0.183891,-0.218533,0.958346]],[[0.780151,-0.560654,-0.277545],[0.55165,0.825765,-0.117453],[0.295037,-0.0614772,0.953506]]],"btipPosition":[97.0921,216.278,-105.089],"carpPosition":[107.774,173.011,9.52614],"dipPosition":[102.024,215.251,-89.1512],"direction":[-0.183891,0.218533,-0.958346],"extended":true,"handId":273,"id":2734,"length":48.9803,"mcpPosition":[105.71,196.117,-40.1376],"pipPosition":[105.511,211.106,-70.975],"stabilizedTipPosition":[98.248,215.785,-101.408],"timeVisible":0.141925,"tipPosition":[93.4819,206.007,-101.082],"tipVelocity":[-66.5863,777.593,-41.9394],"tool":false,"touchDistance":0.317739,"touchZone":"hovering","type":4,"width":16.1655}],"r":[[0.999135,-0.0160931,-0.038334],[0.0157603,0.999836,-0.00896635],[0.0384719,0.00835444,0.999225]],"s":1.24111,"t":[-8.08657,43.8257,-4.5503],"timestamp":259959749551},{"currentFrameRate":26.4407,"devices":[],"gestures":[],"hands":[{"armBasis":[[0.883698,-0.0443959,-0.465948],[0.326812,0.771171,0.546341],[0.33507,-0.635078,0.695991]],"armWidth":62.9551,"confidence":0.750599,"direction":[-0.233931,0.60801,-0.758683],"elbow":[184.47,3.8404,212.733],"grabAngle":0.29746,"grabStrength":0,"id":273,"palmNormal":[-0.321728,-0.784782,-0.529725],"palmPosition":[73.2617,207.348,-17.9471],"palmVelocity":[-47.1531,277.708,9.53836],"palmWidth":86.0143,"pinchDistance":71.2363,"pinchStrength":0,"r":[[0.998666,-0.0177195,-0.0485088],[0.017799,0.999841,0.00120584],[0.0484797,-0.00206764,0.998822]],"s":1.2893,"sphereCenter":[93.0239,275.436,-31.1654],"sphereRadius":76.5691,"stabilizedPalmPosition":[73.2618,207.348,-17.9471],"t":[-10.083,55.4616,-5.02765],"timeVisible":0.184951,"type":"right","wrist":[98.9484,165.935,35.0913]}],"id":170241,"interactionBox":{"center":[0,200,0],"size":[235.247,235.247,147.751]},"pointables":[{"bases":[[[0.611306,0.772216,0.173168],[-0.503205,0.210393,0.838164],[0.610811,-0.599514,0.517198]],[[0.488831,0.869121,0.0753142],[-0.794908,0.408192,0.448888],[0.359395,-0.279298,0.890409]],[[0.488831,0.869121,0.0753142],[-0.856789,0.494551,-0.146053],[-0.164185,0.0068669,0.986406]],[[0.488831,0.869121,0.0753142],[-0.639412,0.415682,-0.646808],[-0.593462,0.268023,0.758925]]],"btipPosition":[67.8127,178.779,-64.3757],"carpPosition":[65.8752,171.909,27.4774],"dipPosition":[54.3444,184.862,-47.1523],"direction":[0.164185,-0.0068669,-0.986406],"extended":false,"handId":273,"id":2730,"length":50.5373,"mcpPosition":[65.8752,171.909,27.4774],"pipPosition":[48.9161,185.089,-14.5392],"stabilizedTipPosition":[64.715,180.178,-60.4143],"timeVisible":0.184951,"tipPosition":[59.381,180.466,-62.3981],"tipVelocity":[-18.2042,318.477,-18.6606],"tool":false,"touchDistance":0.497097,"touchZone":"hovering","type":0,"width":20.3863},{"bases":[[[0.865177,-0.0163781,-0.5012],[0.261108,0.868004,0.422363],[0.428126,-0.496286,0.755254]],[[0.892242,-0.0500284,-0.448777],[0.318465,0.774301,0.546844],[0.320131,-0.630837,0.706797]],[[0.892242,-0.0500284,-0.448777],[0.213186,0.92278,0.32098],[0.398064,-0.382065,0.834009]],[[0.892242,-0.0500284,-0.448777],[0.119423,0.984601,0.127672],[0.435479,-0.167508,0.884477]]],"btipPosition":[16.7945,264.175,-89.469],"carpPosition":[76.4509,191.649,26.7034],"dipPosition":[24.0095,261.4,-74.8151],"direction":[-0.398064,0.382065,-0.834009],"extended":true,"handId":273,"id":2731,"length":57.0257,"mcpPosition":[46.6762,226.164,-25.8219],"pipPosition":[33.3393,252.445,-55.2675],"stabilizedTipPosition":[18.454,263.536,-86.0988],"timeVisible":0.184951,"tipPosition":[16.7344,253.689,-89.1945],"tipVelocity":[-16.5625,388.535,69.8952],"tool":false,"touchDistance":0.457849,"touchZone":"hovering","type":1,"width":19.473},{"bases":[[[0.85779,-0.23101,-0.459164],[0.412954,0.841633,0.348028],[0.30605,-0.488148,0.81734]],[[0.859473,-0.233713,-0.454625],[0.461959,0.735893,0.495031],[0.21886,-0.635484,0.740446]],[[0.859473,-0.233713,-0.454625],[0.400075,0.86114,0.313652],[0.318191,-0.45146,0.83363]],[[0.859473,-0.233713,-0.454625],[0.332306,0.931249,0.149494],[0.38843,-0.279561,0.878048]]],"btipPosition":[40.3283,272.574,-106.311],"carpPosition":[86.5949,193.134,21.1913],"dipPosition":[47.4065,267.48,-90.3102],"direction":[-0.318191,0.45146,-0.833629],"extended":true,"handId":273,"id":2732,"length":64.9762,"mcpPosition":[66.4101,225.328,-32.7146],"pipPosition":[56.1806,255.031,-67.323],"stabilizedTipPosition":[41.9561,271.4,-102.631],"timeVisible":0.184951,"tipPosition":[38.7078,260.802,-105.554],"tipVelocity":[34.966,556.691,139.635],"tool":false,"touchDistance":-0.223119,"touchZone":"touching","type":2,"width":19.1251},{"bases":[[[0.859891,-0.363111,-0.358802],[0.482729,0.806988,0.340211],[0.166014,-0.465748,0.869205]],[[0.859076,-0.360849,-0.363011],[0.503231,0.725035,0.470194],[0.0935267,-0.586611,0.80445]],[[0.859076,-0.360849,-0.363011],[0.476431,0.822965,0.309423],[0.187091,-0.438768,0.878908]],[[0.859076,-0.360849,-0.363011],[0.4212,0.901349,0.100802],[0.290825,-0.239497,0.926316]]],"btipPosition":[72.4444,260.679,-111.168],"carpPosition":[96.6219,191.559,15.5474],"dipPosition":[77.7136,256.34,-94.3856],"direction":[-0.187091,0.438768,-0.878908],"extended":true,"handId":273,"id":2733,"length":62.4764,"mcpPosition":[86.7915,219.138,-35.9223],"pipPosition":[82.7393,244.554,-70.7757],"stabilizedTipPosition":[73.6562,259.68,-107.309],"timeVisible":0.184951,"tipPosition":[68.6945,249.387,-109.346],"tipVelocity":[76.0509,522.22,107.421],"tool":false,"touchDistance":-0.241537,"touchZone":"touching","type":3,"width":18.1987},{"bases":[[[0.781665,-0.542889,-0.307037],[0.623355,0.696347,0.355709],[0.0206935,-0.469438,0.882723]],[[0.781046,-0.532749,-0.3258],[0.624285,0.65328,0.428362],[-0.0153706,-0.537962,0.842829]],[[0.781046,-0.532749,-0.3258],[0.61439,0.748944,0.248211],[0.111772,-0.394033,0.912275]],[[0.781046,-0.532749,-0.3258],[0.574536,0.817471,0.0406142],[0.244695,-0.218906,0.944566]]],"btipPosition":[98.3557,238.629,-101.152],"carpPosition":[105.173,183.32,9.22266],"dipPosition":[102.446,234.97,-85.3644],"direction":[-0.111772,0.394033,-0.912275],"extended":true,"handId":273,"id":2734,"length":48.9803,"mcpPosition":[104.039,209.051,-39.1632],"pipPosition":[104.566,227.497,-68.062],"stabilizedTipPosition":[99.2963,237.786,-97.5214],"timeVisible":0.184951,"tipPosition":[94.9256,227.23,-98.989],"tipVelocity":[24.8705,505.415,90.6865],"tool":false,"touchDistance":0.377827,"touchZone":"hovering","type":4,"width":16.1655}],"r":[[0.998666,-0.0177195,-0.0485088],[0.017799,0.999841,0.00120584],[0.0484797,-0.00206764,0.998822]],"s":1.2893,"t":[-10.083,55.4616,-5.02765],"timestamp":259959792577},{"currentFrameRate":28.5316,"devices":[],"gestures":[],"hands":[{"armBasis":[[0.882588,-0.0460688,-0.467885],[0.33118,0.76729,0.549168],[0.333704,-0.639643,0.692458]],"armWidth":62.9551,"confidence":0.795361,"direction":[-0.272235,0.613096,-0.74162],"elbow":[183.357,10.6235,211.14],"grabAngle":0.213207,"grabStrength":0,"id":273,"palmNormal":[-0.323945,-0.784136,-0.52933],"palmPosition":[70.2434,215.471,-17.303],"palmVelocity":[-142.568,383.7,30.4233],"palmWidth":86.0143,"pinchDistance":72.6314,"pinchStrength":0,"r":[[0.997871,-0.0146776,-0.0635522],[0.0154709,0.999808,0.0120075],[0.0633638,-0.0129651,0.997906]],"s":1.32718,"sphereCenter":[106.939,307.261,-21.2619],"sphereRadius":100.412,"stabilizedPalmPosition":[70.2501,215.453,-17.3044],"t":[-12.5904,65.3412,-4.94428],"timeVisible":0.206122,"type":"right","wrist":[98.1838,173.883,34.4006]}],"id":170242,"interactionBox":{"center":[0,200,0],"size":[235.247,235.247,147.751]},"pointables":[{"bases":[[[0.60122,0.7823,0.162913],[-0.478076,0.188782,0.857791],[0.640295,-0.593606,0.487499]],[[0.47378,0.877787,0.0708716],[-0.787257,0.386099,0.480785],[0.394663,-0.283581,0.87397]],[[0.47378,0.877787,0.0708716],[-0.868195,0.479052,-0.129408],[-0.147543,-0.000219621,0.989056]],[[0.47378,0.877787,0.0708716],[-0.645006,0.400676,-0.650712],[-0.599583,0.262582,0.75601]]],"btipPosition":[65.01,186.716,-63.2519],"carpPosition":[65.1479,179.286,27.8469],"dipPosition":[51.4027,192.675,-46.0946],"direction":[0.147543,0.000219621,-0.989056],"extended":false,"handId":273,"id":2730,"length":50.5373,"mcpPosition":[65.1479,179.286,27.8469],"pipPosition":[46.5246,192.668,-13.394],"stabilizedTipPosition":[61.8864,188.069,-59.3081],"timeVisible":0.206122,"tipPosition":[55.9321,188.833,-61.4274],"tipVelocity":[-133.896,373.542,52.3617],"tool":false,"touchDistance":0.497349,"touchZone":"hovering","type":0,"width":20.3863},{"bases":[[[0.84749,0.00816245,-0.530749],[0.257984,0.867511,0.425286],[0.463902,-0.497351,0.733101]],[[0.886487,-0.0375153,-0.46123],[0.334034,0.741659,0.58169],[0.320253,-0.669727,0.670003]],[[0.886487,-0.0375153,-0.46123],[0.24638,0.881956,0.401808],[0.391711,-0.469836,0.791086]],[[0.886487,-0.0375153,-0.46123],[0