{"frames":322,"data":[{"currentFrameRate":20.2361,"devices":[],"gestures":[],"hands":[],"id":170749,"interactionBox":{"center":[0,200,0],"size":[235.247,235.247,147.751]},"pointables":[],"r":[[-0.451118,-0.878766,0.155767],[0.630521,-0.437343,-0.641229],[0.631613,-0.191055,0.751374]],"s":-0.0734829,"t":[559.648,-310.26,370.787],"timestamp":259974987400},{"currentFrameRate":20.978,"devices":[],"gestures":[],"hands":[],"id":170750,"interactionBox":{"center":[0,200,0],"size":[235.247,235.247,147.751]},"pointables":[],"r":[[-0.451118,-0.878766,0.155767],[0.630521,-0.437343,-0.641229],[0.631613,-0.191055,0.751374]],"s":-0.0734829,"t":[559.648,-310.26,370.787],"timestamp":259975028706},{"currentFrameRate":21.5768,"devices":[],"gestures":[],"hands":[],"id":170751,"interactionBox":{"center":[0,200,0],"size":[235.247,235.247,147.751]},"pointables":[],"r":[[-0.451118,-0.878766,0.155767],[0.630521,-0.437343,-0.641229],[0.631613,-0.191055,0.751374]],"s":-0.0734829,"t":[559.648,-310.26,370.787],"timestamp":259975070059},{"currentFrameRate":22.0728,"devices":[],"gestures":[],"hands":[],"id":170752,"interactionBox":{"center":[0,200,0],"size":[235.247,235.247,147.751]},"pointables":[],"r":[[-0.451118,-0.878766,0.155767],[0.630521,-0.437343,-0.641229],[0.631613,-0.191055,0.751374]],"s":-0.0734829,"t":[559.648,-310.26,370.787],"timestamp":259975111319},{"currentFrameRate":22.4837,"devices":[],"gestures":[],"hands":[],"id":170753,"interactionBox":{"center":[0,200,0],"size":[235.247,235.247,147.751]},"pointables":[],"r":[[-0.451118,-0.878766,0.155767],[0.630521,-0.437343,-0.641229],[0.631613,-0.191055,0.751374]],"s":-0.0734829,"t":[559.648,-310.26,370.787],"timestamp":259975152505},{"currentFrameRate":22.802,"devices":[],"gestures":[],"hands":[],"id":170754,"interactionBox":{"center":[0,200,0],"size":[235.247,235.247,147.751]},"pointables":[],"r":[[-0.451118,-0.878766,0.155767],[0.630521,-0.437343,-0.641229],[0.631613,-0.191055,0.751374]],"s":-0.0734829,"t":[559.648,-310.26,370.787],"timestamp":259975193848},{"currentFrameRate":23.058,"devices":[],"gestures":[],"hands":[],"id":170755,"interactionBox":{"center":[0,200,0],"size":[235.247,235.247,147.751]},"pointables":[],"r":[[-0.451118,-0.878766,0.155767],[0.630521,-0.437343,-0.641229],[0.631613,-0.191055,0.751374]],"s":-0.0734829,"t":[559.648,-310.26,370.787],"timestamp":259975235219},{"currentFrameRate":23.294,"devices":[],"gestures":[],"hands":[],"id":170756,"interactionBox":{"center":[0,200,0],"size":[235.247,235.247,147.751]},"pointables":[],"r":[[-0.451118,-0.878766,0.155767],[0.630521,-0.437343,-0.641229],[0.631613,-0.191055,0.751374]],"s":-0.0734829,"t":[559.648,-310.26,370.787],"timestamp":259975276324},{"currentFrameRate":23.4668,"devices":[],"gestures":[],"hands":[],"id":170757,"interactionBox":{"center":[0,200,0],"size":[235.247,235.247,147.751]},"pointables":[],"r":[[-0.451118,-0.878766,0.155767],[0.630521,-0.437343,-0.641229],[0.631613,-0.191055,0.751374]],"s":-0.0734829,"t":[559.648,-310.26,370.787],"timestamp":259975317611},{"currentFrameRate":23.6107,"devices":[],"gestures":[],"hands":[],"id":170758,"interactionBox":{"center":[0,200,0],"size":[235.247,235.247,147.751]},"pointables":[],"r":[[-0.451118,-0.878766,0.155767],[0.630521,-0.437343,-0.641229],[0.631613,-0.191055,0.751374]],"s":-0.0734829,"t":[559.648,-310.26,370.787],"timestamp":259975358868},{"currentFrameRate":23.713,"devices":[],"gestures":[],"hands":[],"id":170759,"interactionBox":{"center":[0,200,0],"size":[235.247,235.247,147.751]},"pointables":[],"r":[[-0.451118,-0.878766,0.155767],[0.630521,-0.437343,-0.641229],[0.631613,-0.191055,0.751374]],"s":-0.0734829,"t":[559.648,-310.26,370.787],"timestamp":259975400262},{"currentFrameRate":23.7979,"devices":[],"gestures":[],"hands":[],"id":170760,"interactionBox":{"center":[0,200,0],"size":[235.247,235.247,147.751]},"pointables":[],"r":[[-0.451118,-0.878766,0.155767],[0.630521,-0.437343,-0.641229],[0.631613,-0.191055,0.751374]],"s":-0.0734829,"t":[559.648,-310.26,370.787],"timestamp":259975441640},{"currentFrameRate":23.8893,"devices":[],"gestures":[],"hands":[],"id":170761,"interactionBox":{"center":[0,200,0],"size":[235.247,235.247,147.751]},"pointables":[],"r":[[-0.451118,-0.878766,0.155767],[0.630521,-0.437343,-0.641229],[0.631613,-0.191055,0.751374]],"s":-0.0734829,"t":[559.648,-310.26,370.787],"timestamp":259975482811},{"currentFrameRate":23.9407,"devices":[],"gestures":[],"hands":[{"armBasis":[[0.964157,0.210869,-0.161043],[-0.116528,0.881806,0.456989],[0.238374,-0.421843,0.874772]],"armWidth":60.2356,"confidence":0,"direction":[-0.288185,0.607871,-0.739893],"elbow":[164.538,24.0189,276.844],"grabAngle":0.512484,"grabStrength":0,"id":274,"palmNormal":[0.0512089,-0.761785,-0.645802],"palmPosition":[76.8911,168.579,-2.07793],"palmVelocity":[1.19209e-7,1.19209e-7,1.19209e-7],"palmWidth":86.0143,"pinchDistance":54.6621,"pinchStrength":0,"r":[[1,-1.11022e-17,5.55112e-18],[1.11022e-17,1,-2.22045e-17],[-5.55112e-18,2.22045e-17,1]],"s":1,"sphereCenter":[103.188,118.123,-73.0691],"sphereRadius":90.7394,"stabilizedPalmPosition":[76.8911,168.579,-2.07793],"t":[0,0,0],"timeVisible":0,"type":"right","wrist":[103.697,131.688,53.571]}],"id":170762,"interactionBox":{"center":[0,200,0],"size":[235.247,235.247,147.751]},"pointables":[{"bases":[[[0.282737,0.890114,0.357432],[-0.679981,-0.0768229,0.729194],[0.676525,-0.449217,0.583539]],[[0.141874,0.961917,0.233639],[-0.936839,0.0542494,0.345529],[0.319696,-0.267904,0.908858]],[[0.141874,0.961917,0.233639],[-0.983357,0.164017,-0.0781475],[-0.113492,-0.218664,0.969178]],[[0.141874,0.961917,0.233639],[-0.845475,0.240507,-0.47679],[-0.514824,-0.129892,0.847398]]],"btipPosition":[73.9315,149.057,-55.0238],"carpPosition":[73.9695,126.494,37.8487],"dipPosition":[62.5417,146.184,-36.2761],"direction":[0.113492,0.218664,-0.969178],"extended":false,"handId":274,"id":2740,"length":49.2665,"mcpPosition":[73.9695,126.494,37.8487],"pipPosition":[58.8837,139.136,-5.0384],"stabilizedTipPosition":[71.3119,148.396,-50.7118],"timeVisible":0,"tipPosition":[71.3119,148.396,-50.7118],"tipVelocity":[1.19209e-7,1.19209e-7,1.19209e-7],"tool":false,"touchDistance":0.772656,"touchZone":"hovering","type":0,"width":19.1427},{"bases":[[[0.951091,0.112747,-0.287601],[0.0457759,0.869296,0.492168],[0.305501,-0.481262,0.821618]],[[0.989881,0.0267723,-0.139354],[0.0427898,0.880014,0.473016],[0.135298,-0.474192,0.869963]],[[0.989881,0.0267723,-0.139354],[0.015258,0.956267,0.292098],[0.14108,-0.291268,0.946181]],[[0.989881,0.0267723,-0.139354],[-0.00998055,0.992745,0.119828],[0.141551,-0.117224,0.982966]]],"btipPosition":[54.6465,217.001,-99.0046],"carpPosition":[87.2669,153.742,37.7195],"dipPosition":[57.1611,214.919,-81.5428],"direction":[-0.14108,0.291268,-0.946181],"extended":true,"handId":274,"id":2742,"length":63.3423,"mcpPosition":[67.1183,185.483,-16.4686],"pipPosition":[60.9535,207.089,-56.1081],"stabilizedTipPosition":[55.2249,216.522,-94.9884],"timeVisible":0,"tipPosition":[55.2249,216.522,-94.9884],"tipVelocity":[1.19209e-7,1.19209e-7,1.19209e-7],"tool":false,"touchDistance":0.0835272,"touchZone":"hovering","type":2,"width":17.9584},{"bases":[[[0.979506,-0.0251573,-0.199836],[0.123325,0.859345,0.496303],[0.159242,-0.510777,0.844837]],[[0.987468,-0.0566397,-0.147303],[0.104236,0.934889,0.33929],[0.118495,-0.350392,0.929077]],[[0.987468,-0.0566397,-0.147303],[0.0905574,0.967782,0.234942],[0.12925,-0.245337,0.960783]],[[0.987468,-0.0566397,-0.147303],[0.0619212,0.997583,0.0315161],[0.145162,-0.0402423,0.988589]]],"btipPosition":[77.6772,208.339,-97.7108],"carpPosition":[98.0601,156.158,34.1776],"dipPosition":[80.2411,207.628,-80.2501],"direction":[-0.12925,0.245337,-0.960783],"extended":true,"handId":274,"id":2743,"length":60.9053,"mcpPosition":[88.6306,186.404,-15.8491],"pipPosition":[83.6258,201.203,-55.0899],"stabilizedTipPosition":[78.2669,208.175,-93.6949],"timeVisible":0,"tipPosition":[78.2669,208.175,-93.6949],"tipVelocity":[1.19209e-7,1.19209e-7,1.19209e-7],"tool":false,"touchDistance":0.105086,"touchZone":"hovering","type":3,"width":17.0885},{"bases":[[[0.957422,-0.225746,-0.179951],[0.287754,0.796446,0.531856],[0.0232567,-0.560992,0.827494]],[[0.957704,-0.239145,-0.160038],[0.274698,0.925437,0.260974],[0.0856947,-0.293899,0.951987]],[[0.957704,-0.239145,-0.160038],[0.26332,0.952615,0.152272],[0.11604,-0.187973,0.975295]],[[0.957704,-0.239145,-0.160038],[0.234131,0.97093,-0.0497689],[0.167288,0.010194,0.985855]]],"btipPosition":[100.79,195.831,-82.1411],"carpPosition":[109.801,151.948,29.1345],"dipPosition":[103.516,195.998,-66.0774],"direction":[-0.11604,0.187973,-0.975295],"extended":true,"handId":274,"id":2744,"length":47.7486,"mcpPosition":[108.526,182.698,-16.2241],"pipPosition":[105.662,192.522,-48.0449],"stabilizedTipPosition":[101.417,195.87,-78.4465],"timeVisible":0,"tipPosition":[101.417,195.87,-78.4465],"tipVelocity":[1.19209e-7,1.19209e-7,1.19209e-7],"tool":false,"touchDistance":0.356636,"touchZone":"hovering","type":4,"width":15.1794},{"bases":[[[0.894243,0.322882,-0.309961],[-0.116601,0.83667,0.535152],[0.432126,-0.442414,0.785835]],[[0.991513,0.129255,0.0139532],[-0.123168,0.899584,0.419021],[0.0416085,-0.417183,0.907869]],[[0.991513,0.129255,0.0139532],[-0.12934,0.969885,0.206383],[0.013143,-0.206436,0.978372]],[[0.991513,0.129255,0.0139532],[-0.129593,0.991202,0.0268956],[-0.0103541,-0.0284756,0.999541]]],"btipPosition":[45.5224,201.32,-89.1568],"carpPosition":[77.3982,148.432,40.8651],"dipPosition":[45.3552,200.86,-73.0129],"direction":[-0.013143,0.206436,-0.978372],"extended":true,"handId":274,"id":2741,"length":55.5917,"mcpPosition":[47.3453,179.2,-13.787],"pipPosition":[45.6555,196.143,-50.6584],"stabilizedTipPosition":[45.484,201.214,-85.4437],"timeVisible":0,"tipPosition":[45.484,201.214,-85.4437],"tipVelocity":[1.19209e-7,1.19209e-7,1.19209e-7],"tool":false,"touchDistance":0.242605,"touchZone":"hovering","type":1,"width":18.2851}],"r":[[1,-1.11022e-17,5.55112e-18],[1.11022e-17,1,-2.22045e-17],[-5.55112e-18,2.22045e-17,1]],"s":1,"t":[0,0,0],"timestamp":259975524194},{"currentFrameRate":23.9985,"devices":[],"gestures":[],"hands":[{"armBasis":[[0.908578,-0.0405459,-0.415743],[0.245485,0.857098,0.452902],[0.337969,-0.513555,0.788694]],"armWidth":62.9551,"confidence":0.213879,"direction":[-0.227532,0.597898,-0.768601],"elbow":[185.794,14.5628,247.214],"grabAngle":0.447183,"grabStrength":0,"id":274,"palmNormal":[-0.271777,-0.79693,-0.539481],"palmPosition":[74.2815,184.903,-8.98749],"palmVelocity":[-63.2849,395.855,-167.562],"palmWidth":86.0143,"pinchDistance":64.5486,"pinchStrength":0,"r":[[0.99785,-0.0596158,-0.0272155],[0.0588841,0.997901,-0.0269386],[0.0287643,0.0252781,0.999267]],"s":1.05647,"sphereCenter":[32.7515,131.355,-65.1142],"sphereRadius":91.5984,"stabilizedPalmPosition":[74.9675,180.612,-7.17112],"t":[-1.30481,8.16174,-3.45478],"timeVisible":0.041236,"type":"right","wrist":[99.532,145.64,45.9113]}],"id":170763,"interactionBox":{"center":[0,200,0],"size":[235.247,235.247,147.751]},"pointables":[{"bases":[[[0.574958,0.794803,0.194194],[-0.542203,0.192384,0.817927],[0.612731,-0.575566,0.541557]],[[0.41843,0.905971,0.0642843],[-0.834032,0.355252,0.422122],[0.359593,-0.230244,0.904257]],[[0.41843,0.905971,0.0642843],[-0.899904,0.423119,-0.105563],[-0.122836,-0.0136791,0.992333]],[[0.41843,0.905971,0.0642843],[-0.716318,0.372695,-0.589904],[-0.558394,0.200786,0.804911]]],"btipPosition":[66.2714,156.027,-57.529],"carpPosition":[66.5061,149.267,36.2171],"dipPosition":[53.599,160.584,-39.2619],"direction":[0.122836,0.0136791,-0.992333],"extended":false,"handId":274,"id":2740,"length":50.5373,"mcpPosition":[66.5061,149.267,36.2171],"pipPosition":[49.5377,160.131,-6.45288],"stabilizedTipPosition":[67.0838,153.009,-52.102],"timeVisible":0.041236,"tipPosition":[58.9992,160.28,-53.3111],"tipVelocity":[-192.916,210.462,-63.4331],"tool":false,"touchDistance":0.689488,"touchZone":"hovering","type":0,"width":20.3863},{"bases":[[[0.883598,0.0154718,-0.467991],[0.212208,0.877692,0.42968],[0.4174,-0.478975,0.772244]],[[0.92957,-0.0456691,-0.365805],[0.195722,0.902032,0.384748],[0.312396,-0.429247,0.847441]],[[0.92957,-0.0456691,-0.365805],[0.122001,0.974492,0.188363],[0.347871,-0.219725,0.911431]],[[0.92957,-0.0456691,-0.365805],[0.0526612,0.99857,0.0091537],[0.364864,-0.0277727,0.930647]]],"btipPosition":[20.1156,226.192,-90],"carpPosition":[76.3575,169.388,35.7929],"dipPosition":[26.1607,225.732,-74.5811],"direction":[-0.347871,0.219725,-0.911431],"extended":true,"handId":274,"id":2741,"length":57.0257,"mcpPosition":[47.3287,202.7,-17.914],"pipPosition":[34.3141,220.582,-53.219],"stabilizedTipPosition":[22.1715,225.396,-86.4256],"timeVisible":0.041236,"tipPosition":[27.1007,223.55,-87.8391],"tipVelocity":[-581.481,603.173,-24.4924],"tool":false,"touchDistance":0.305094,"touchZone":"hovering","type":1,"width":19.473},{"bases":[[[0.882657,-0.199235,-0.425702],[0.367648,0.856943,0.361225],[0.292834,-0.475346,0.829635]],[[0.892776,-0.216486,-0.395075],[0.354666,0.8785,0.320077],[0.277781,-0.425877,0.861085]],[[0.892776,-0.216486,-0.395075],[0.289273,0.947772,0.134346],[0.345357,-0.234225,0.908772]],[[0.892776,-0.216486,-0.395075],[0.240553,0.970565,0.0117592],[0.3809,-0.105535,0.918574]]],"btipPosition":[37.88,230.883,-106.096],"carpPosition":[86.6409,171.246,30.6655],"dipPosition":[44.821,228.96,-89.3576],"direction":[-0.345357,0.234225,-0.908772],"extended":true,"handId":274,"id":2742,"length":64.9762,"mcpPosition":[67.3277,202.596,-24.0513],"pipPosition":[54.3442,222.502,-64.2984],"stabilizedTipPosition":[55.2249,216.522,-94.9884],"timeVisible":0.041236,"tipPosition":[45.1962,229.61,-102.925],"tipVelocity":[-381.909,337.538,-176.014],"tool":false,"touchDistance":-0.0874413,"touchZone":"hovering","type":2,"width":19.1251},{"bases":[[[0.885886,-0.331044,-0.324986],[0.438918,0.824929,0.35615],[0.150189,-0.45815,0.876095]],[[0.884257,-0.326205,-0.334185],[0.425975,0.856693,0.290898],[0.191402,-0.399583,0.896493]],[[0.884257,-0.326205,-0.334185],[0.371921,0.924679,0.0815068],[0.282426,-0.196363,0.938977]],[[0.884257,-0.326205,-0.334185],[0.335811,0.941439,-0.0304013],[0.324532,-0.0853402,0.942017]]],"btipPosition":[66.2744,221.304,-107.6],"carpPosition":[96.927,170.041,25.41],"dipPosition":[72.1542,219.758,-90.5323],"direction":[-0.282426,0.196363,-0.938977],"extended":true,"handId":274,"id":2743,"length":62.4764,"mcpPosition":[88.0336,197.17,-26.4676],"pipPosition":[79.7409,214.483,-65.3089],"stabilizedTipPosition":[78.2669,208.175,-93.6949],"timeVisible":0.041236,"tipPosition":[69.8353,216.727,-104.121],"tipVelocity":[-258.03,309.756,-242.005],"tool":false,"touchDistance":-0.111236,"touchZone":"hovering","type":3,"width":18.1987},{"bases":[[[0.812534,-0.513566,-0.275752],[0.582895,0.719658,0.377259],[0.00469966,-0.467271,0.884102]],[[0.812498,-0.511123,-0.280356],[0.57956,0.760108,0.293848],[0.0629086,-0.401234,0.913813]],[[0.812498,-0.511123,-0.280356],[0.540644,0.840547,0.0344164],[0.218062,-0.179536,0.959279]],[[0.812498,-0.511123,-0.280356],[0.505057,0.857349,-0.0993487],[0.291143,-0.0608753,0.954741]]],"btipPosition":[94.5976,205.914,-94.5104],"carpPosition":[106.014,162.121,19.4357],"dipPosition":[99.4639,204.896,-78.5524],"direction":[-0.218062,0.179536,-0.959279],"extended":true,"handId":274,"id":2744,"length":48.9803,"mcpPosition":[105.757,187.734,-29.0258],"pipPosition":[103.6,201.491,-60.3585],"stabilizedTipPosition":[100.049,198.225,-81.4223],"timeVisible":0.041236,"tipPosition":[93.7982,200.778,-90.882],"tipVelocity":[-138.242,237.902,-300.553],"tool":false,"touchDistance":0.150076,"touchZone":"hovering","type":4,"width":16.1655}],"r":[[0.99785,-0.0596158,-0.0272155],[0.0588841,0.997901,-0.0269386],[0.0287643,0.0252781,0.999267]],"s":1.05647,"t":[-1.30481,8.16174,-3.45478],"timestamp":259975565430},{"currentFrameRate":25.0646,"devices":[],"gestures":[],"hands":[{"armBasis":[[0.909461,-0.0199199,-0.415312],[0.246406,0.830377,0.499758],[0.334911,-0.556845,0.760104]],"armWidth":62.9551,"confidence":0.368015,"direction":[-0.262033,0.58974,-0.763901],"elbow":[184.991,18.7034,236.152],"grabAngle":0.411791,"grabStrength":0,"id":274,"palmNormal":[-0.258014,-0.805556,-0.533394],"palmPosition":[72.2802,199.773,-11.9807],"palmVelocity":[-62.4256,463.835,-93.3619],"palmWidth":86.0143,"pinchDistance":60.9957,"pinchStrength":0,"r":[[0.993484,-0.101514,-0.0518205],[0.0989397,0.993834,-0.0500474],[0.0565815,0.0445941,0.997402]],"s":1.08486,"sphereCenter":[22.2741,126.25,-71.9469],"sphereRadius":109.671,"stabilizedPalmPosition":[72.4141,198.818,-11.7409],"t":[-2.9579,19.6779,-6.67877],"timeVisible":0.073296,"type":"right","wrist":[99.5102,160.83,42.1467]}],"id":170764,"interactionBox":{"center":[0,200,0],"size":[235.247,235.247,147.751]},"pointables":[{"bases":[[[0.553845,0.812519,0.181851],[-0.530751,0.17624,0.829001],[0.641529,-0.555655,0.528855]],[[0.410585,0.909163,0.0695864],[-0.807079,0.326847,0.491726],[0.424315,-0.258057,0.867965]],[[0.410585,0.909163,0.0695864],[-0.903186,0.415989,-0.10587],[-0.1252,-0.0193809,0.991942]],[[0.410585,0.909163,0.0695864],[-0.694067,0.361114,-0.62279],[-0.591347,0.207411,0.779288]]],"btipPosition":[64.1007,172.069,-58.0496],"carpPosition":[66.5635,163.959,33.3896],"dipPosition":[50.6804,176.776,-40.364],"direction":[0.1252,0.0193809,-0.991942],"extended":false,"handId":274,"id":2740,"length":50.5373,"mcpPosition":[66.5635,163.959,33.3896],"pipPosition":[46.541,176.136,-7.56789],"stabilizedTipPosition":[61.1735,172.623,-53.9325],"timeVisible":0.073296,"tipPosition":[57.5056,174.407,-55.6544],"tipVelocity":[-73.0728,501.466,-20.4101],"tool":false,"touchDistance":0.644057,"touchZone":"hovering","type":0,"width":20.3863},{"bases":[[[0.879362,-0.172087,-0.443969],[0.348229,0.868343,0.353152],[0.324745,-0.465151,0.823514]],[[0.888155,-0.185113,-0.420611],[0.32229,0.903359,0.282969],[0.327581,-0.386879,0.861983]],[[0.888155,-0.185113,-0.420611],[0.248075,0.963592,0.0997478],[0.386832,-0.192934,0.901741]],[[0.888155,-0.185113,-0.420611],[0.205495,0.978653,0.00320893],[0.411038,-0.0892834,0.907236]]],"btipPosition":[30.9976,242.256,-108.589],"carpPosition":[85.8836,186.548,27.4106],"dipPosition":[38.4878,240.629,-92.0569],"direction":[-0.386832,0.192934,-0.901741],"extended":true,"handId":274,"id":2742,"length":64.9762,"mcpPosition":[64.4657,217.226,-26.9025],"pipPosition":[49.1546,235.309,-67.1916],"stabilizedTipPosition":[33.6234,240.864,-104.394],"timeVisible":0.073296,"tipPosition":[38.7325,243.208,-105.225],"tipVelocity":[-210.734,356.853,-79.2337],"tool":false,"touchDistance":-0.176887,"touchZone":"touching","type":2,"width":19.1251},{"bases":[[[0.888796,-0.303629,-0.343294],[0.42034,0.838559,0.346602],[0.182634,-0.452359,0.872936]],[[0.875481,-0.27444,-0.397764],[0.401839,0.87064,0.283746],[0.268438,-0.408251,0.872509]],[[0.875481,-0.27444,-0.397764],[0.331644,0.93988,0.0814736],[0.351491,-0.203245,0.913863]],[[0.875481,-0.27444,-0.397764],[0.288981,0.957027,-0.024258],[0.387329,-0.093709,0.917167]]],"btipPosition":[57.1858,237.291,-108.717],"carpPosition":[96.0903,185.659,21.9418],"dipPosition":[64.2034,235.593,-92.0997],"direction":[-0.351491,0.203245,-0.913863],"extended":true,"handId":274,"id":2743,"length":62.4764,"mcpPosition":[85.2757,212.445,-29.7487],"pipPosition":[73.6454,230.133,-67.5509],"stabilizedTipPosition":[60.1309,234.936,-104.129],"timeVisible":0.073296,"tipPosition":[63.404,232.681,-106.504],"tipVelocity":[-275.325,497.573,-38.0749],"tool":false,"touchDistance":-0.202509,"touchZone":"touching","type":3,"width":18.1987},{"bases":[[[0.822209,-0.488296,-0.292472],[0.567936,0.737844,0.364739],[0.0376981,-0.465997,0.883983]],[[0.814902,-0.441788,-0.375177],[0.553571,0.785051,0.277948],[0.171739,-0.434188,0.8843]],[[0.814902,-0.441788,-0.375177],[0.490454,0.87054,0.0401879],[0.308852,-0.216756,0.926081]],[[0.814902,-0.441788,-0.375177],[0.455339,0.888478,-0.0572062],[0.35861,-0.124216,0.925186]]],"btipPosition":[85.4867,224.637,-96.0221],"carpPosition":[105.293,178.019,15.782],"dipPosition":[91.4807,222.561,-80.558],"direction":[-0.308852,0.216756,-0.926081],"extended":true,"handId":274,"id":2744,"length":48.9803,"mcpPosition":[103.227,203.563,-32.673],"pipPosition":[97.3384,218.45,-62.9938],"stabilizedTipPosition":[89.0796,219.804,-90.6105],"timeVisible":0.073296,"tipPosition":[88.7604,218.579,-93.7257],"tipVelocity":[-276.094,576.416,-50.6945],"tool":false,"touchDistance":0.235968,"touchZone":"hovering","type":4,"width":16.1655},{"bases":[[[0.872731,0.0425018,-0.486348],[0.19368,0.884312,0.424831],[0.448139,-0.464959,0.763534]],[[0.927211,-0.0234989,-0.373801],[0.15785,0.929581,0.333109],[0.33965,-0.367867,0.865628]],[[0.927211,-0.0234989,-0.373801],[0.0935026,0.980952,0.170266],[0.362679,-0.192824,0.911747]],[[0.927211,-0.0234989,-0.373801],[0.0643263,0.993191,0.0971247],[0.368973,-0.1141,0.92241]]],"btipPosition":[15.842,238.448,-93.0635],"carpPosition":[75.7722,184.377,32.7523],"dipPosition":[21.9551,236.558,-77.7811],"direction":[-0.362679,0.192824,-0.911747],"extended":true,"handId":274,"id":2741,"length":57.0257,"mcpPosition":[44.6057,216.713,-20.3489],"pipPosition":[30.4556,232.039,-56.4115],"stabilizedTipPosition":[17.3769,237.683,-89.4668],"timeVisible":0.073296,"tipPosition":[21.722,236.982,-89.811],"tipVelocity":[-132.813,372.028,-96.5352],"tool":false,"touchDistance":0.276105,"touchZone":"hovering","type":1,"width":19.473}],"r":[[0.993484,-0.101514,-0.0518205],[0.0989397,0.993834,-0.0500474],[0.0565815,0.0445941,0.997402]],"s":1.08486,"t":[-2.9579,19.6779,-6.67877],"timestamp":259975597490},{"currentFrameRate":28.4137,"devices":[],"gestures":[],"hands":[{"armBasis":[[0.898969,-0.0397507,-0.436204],[0.281652,0.815146,0.506172],[0.335449,-0.577891,0.743987]],"armWidth":62.9551,"confidence":0.423042,"direction":[-0.256433,0.602485,-0.755814],"elbow":[184.486,17.2818,231.829],"grabAngle":0.413772,"grabStrength":0,"id":274,"palmNormal":[-0.291157,-0.793789,-0.533973],"palmPosition":[71.8993,204.954,-11.4203],"palmVelocity":[-30.7414,418.154,45.2351],"palmWidth":86.0143,"pinchDistance":60.823,"pinchStrength":0,"r":[[0.987201,-0.141221,-0.0741012],[0.136246,0.988311,-0.068398],[0.0828943,0.0574265,0.994902]],"s":1.09832,"sphereCenter":[20.8362,136.649,-70.3871],"sphereRadius":106.28,"stabilizedPalmPosition":[72.0346,203.342,-11.5045],"t":[-3.97487,28.0262,-8.01055],"timeVisible":0.085685,"type":"right","wrist":[98.868,164.78,41.9371]}],"id":170765,"interactionBox":{"center":[0,200,0],"size":[235.247,235.247,147.751]},"pointables":[{"bases":[[[0.581257,0.794098,0.177619],[-0.511466,0.18677,0.838761],[0.632885,-0.578381,0.514715]],[[0.439014,0.895887,0.0682149],[-0.788214,0.347582,0.507844],[0.431261,-0.276718,0.858744]],[[0.439014,0.895887,0.0682149],[-0.892852,0.443489,-0.0783122],[-0.100411,-0.0265257,0.994592]],[[0.439014,0.895887,0.0682149],[-0.71435,0.394086,-0.578274],[-0.544951,0.205141,0.812986]]],"btipPosition":[61.1757,178.308,-58.0384],"carpPosition":[65.8387,169.029,33.8179],"dipPosition":[48.8083,182.963,-39.5881],"direction":[0.100411,0.0265257,-0.994592],"extended":false,"handId":274,"id":2740,"length":50.5373,"mcpPosition":[65.8387,169.029,33.8179],"pipPosition":[45.4884,182.086,-6.70439],"stabilizedTipPosition":[58.8742,178.088,-53.8212],"timeVisible":0.085685,"tipPosition":[55.8121,180.279,-54.9225],"tipVelocity":[-216.554,502.597,15.095],"tool":false,"touchDistance":0.61579,"touchZone":"hovering","type":0,"width":20.3863},{"bases":[[[0.866309,-0.195762,-0.459549],[0.380275,0.855003,0.352647],[0.323881,-0.480257,0.815141]],[[0.877932,-0.213775,-0.42841],[0.356832,0.88874,0.28777],[0.319227,-0.405513,0.856536]],[[0.877932,-0.213775,-0.42841],[0.288316,0.950411,0.11659],[0.382241,-0.225876,0.896031]],[[0.877932,-0.213775,-0.42841],[0.241238,0.970413,0.0101312],[0.413569,-0.112243,0.903528]]],"btipPosition":[31.3795,249.962,-107.31],"carpPosition":[85.7376,191.06,27.6579],"dipPosition":[38.9158,247.917,-90.8453],"direction":[-0.382241,0.225876,-0.896031],"extended":true,"handId":274,"id":2742,"length":64.9762,"mcpPosition":[64.3767,222.735,-26.1029],"pipPosition":[49.456,241.688,-66.1374],"stabilizedTipPosition":[33.2383,247.372,-103.737],"timeVisible":0.085685,"tipPosition":[37.7907,249.967,-103.804],"tipVelocity":[31.683,614.25,101.999],"tool":false,"touchDistance":-0.220415,"touchZone":"touching","type":2,"width":19.1251},{"bases":[[[0.873381,-0.328195,-0.359853],[0.451328,0.823087,0.344719],[0.183056,-0.463483,0.866992]],[[0.858875,-0.295845,-0.418103],[0.432445,0.856283,0.282438],[0.274456,-0.423385,0.863376]],[[0.858875,-0.295845,-0.418103],[0.365939,0.925593,0.0967783],[0.358362,-0.236121,0.90323]],[[0.858875,-0.295845,-0.418103],[0.317756,0.948001,-0.0180559],[0.401703,-0.117347,0.90822]]],"btipPosition":[56.1862,244.156,-107.448],"carpPosition":[95.8214,189.898,22.0152],"dipPosition":[63.4642,242.03,-90.993],"direction":[-0.358362,0.236121,-0.90323],"extended":true,"handId":274,"id":2743,"length":62.4764,"mcpPosition":[84.9818,217.343,-29.3234],"pipPosition":[73.0908,235.687,-66.7299],"stabilizedTipPosition":[58.5499,241.015,-103.805],"timeVisible":0.085685,"tipPosition":[62.2921,238.945,-105.501],"tipVelocity":[-75.8486,546.153,99.3978],"tool":false,"touchDistance":-0.226818,"touchZone":"touching","type":3,"width":18.1987},{"bases":[[[0.802039,-0.511088,-0.309068],[0.596064,0.717818,0.359785],[0.0379723,-0.472786,0.880359]],[[0.790263,-0.445166,-0.421084],[0.57829,0.769064,0.272252],[0.202643,-0.45866,0.865198]],[[0.790263,-0.445166,-0.421084],[0.505805,0.861803,0.0381745],[0.345897,-0.243154,0.906218]],[[0.790263,-0.445166,-0.421084],[0.455969,0.886281,-0.0812327],[0.40936,-0.127806,0.903377]]],"btipPosition":[82.2529,230.413,-94.5525],"carpPosition":[104.685,182.023,15.6567],"dipPosition":[89.0952,228.277,-79.4529],"direction":[-0.345897,0.243154,-0.906218],"extended":true,"handId":274,"id":2744,"length":48.9803,"mcpPosition":[102.604,207.939,-32.5997],"pipPosition":[95.6555,223.665,-62.2654],"stabilizedTipPosition":[86.1211,225.502,-90.8747],"timeVisible":0.085685,"tipPosition":[87.0908,224.622,-93.0084],"tipVelocity":[-245.273,465.107,111.854],"tool":false,"touchDistance":0.289795,"touchZone":"hovering","type":4,"width":16.1655},{"bases":[[[0.865527,0.019206,-0.500494],[0.227481,0.875181,0.426978],[0.446223,-0.483414,0.753124]],[[0.925937,-0.0586501,-0.373096],[0.196346,0.918631,0.342878],[0.322627,-0.390739,0.86211]],[[0.925937,-0.0586501,-0.373096],[0.139814,0.970915,0.194359],[0.350845,-0.232129,0.907207]],[[0.925937,-0.0586501,-0.373096],[0.107166,0.988066,0.110638],[0.362154,-0.142427,0.921173]]],"btipPosition":[16.9562,246.86,-91.6651],"carpPosition":[75.6537,189.162,33.1533],"dipPosition":[22.9564,244.501,-76.4032],"direction":[-0.350845,0.232129,-0.907207],"extended":true,"handId":274,"id":2741,"length":57.0257,"mcpPosition":[44.6204,222.781,-19.2239],"pipPosition":[31.1795,239.06,-55.14],"stabilizedTipPosition":[18.1363,244.518,-88.4283],"timeVisible":0.085685,"tipPosition":[20.909,244.431,-88.1693],"tipVelocity":[87.8412,670.258,112.495],"tool":false,"touchDistance":0.318597,"touchZone":"hovering","type":1,"width":19.473}],"r":[[0.987201,-0.141221,-0.0741012],[0.136246,0.988311,-0.068398],[0.0828943,0.0574265,0.994902]],"s":1.09832,"t":[-3.97487,28.0262,-8.01055],"timestamp":259975609879},{"currentFrameRate":31.5154,"devices":[],"gestures":[],"hands":[{"armBasis":[[0.894811,-0.0523148,-0.443369],[0.302812,0.800867,0.51664],[0.328052,-0.596553,0.732466]],"armWidth":62.9551,"confidence":0.476354,"direction":[-0.26345,0.61242,-0.745343],"elbow":[182.105,16.1579,228.454],"grabAngle":0.403743,"grabStrength":0,"id":274,"palmNormal":[-0.309663,-0.785436,-0.53591],"palmPosition":[71.0357,209.47,-10.9722],"palmVelocity":[-68.039,355.787,35.3025],"palmWidth":86.0143,"pinchDistance":62.2699,"pinchStrength":0,"r":[[0.979945,-0.175071,-0.095172],[0.167513,0.982422,-0.0823826],[0.107922,0.0647879,0.992046]],"s":1.11089,"sphereCenter":[21.7475,151.914,-66.9828],"sphereRadius":97.6361,"stabilizedPalmPosition":[71.245,208.186,-11.0837],"t":[-4.91516,34.4584,-8.45239],"timeVisible":0.098378,"type":"right","wrist":[98.3744,168.419,41.5025]}],"id":170766,"interactionBox":{"center":[0,200,0],"size":[235.247,235.247,147.751]},"pointables":[{"bases":[[[0.593202,0.785956,0.174314],[-0.493976,0.184377,0.849702],[0.635688,-0.590152,0.497616]],[[0.451284,0.889685,0.069302],[-0.777248,0.353718,0.520355],[0.438438,-0.288693,0.851133]],[[0.451284,0.889685,0.069302],[-0.887192,0.455667,-0.072504],[-0.0960844,-0.0287643,0.994957]],[[0.451284,0.889685,0.069302],[-0.710663,0.405272,-0.575076],[-0.539723,0.210273,0.815159]]],"btipPosition":[60.138,182.986,-57.5255],"carpPosition":[65.4015,173.185,34.0332],"dipPosition":[47.8893,187.758,-39.0259],"direction":[0.0960844,0.0287643,-0.994958],"extended":false,"handId":274,"id":2740,"length":50.5373,"mcpPosition":[65.4015,173.185,34.0332],"pipPosition":[44.7125,186.807,-6.13005],"stabilizedTipPosition":[57.5557,183.177,-53.3538],"timeVisible":0.098378,"tipPosition":[54.0964,185.307,-54.3302],"tipVelocity":[-79.5974,370.701,41.3058],"tool":false,"touchDistance":0.595409,"touchZone":"hovering","type":0,"width":20.3863},{"bases":[[[0.855553,-0.200864,-0.477161],[0.396135,0.847392,0.353559],[0.333325,-0.491509,0.804558]],[[0.867856,-0.219806,-0.445547],[0.378184,0.873857,0.305535],[0.322186,-0.433659,0.841508]],[[0.867856,-0.219806,-0.445547],[0.307761,0.941865,0.134811],[0.390012,-0.254118,0.88505]],[[0.867856,-0.219806,-0.445547],[0.252065,0.967614,0.0136218],[0.428123,-0.124129,0.895155]]],"btipPosition":[29.83,257.009,-105.397],"carpPosition":[85.4287,195.055,27.7146],"dipPosition":[37.6315,254.747,-89.0854],"direction":[-0.390012,0.254118,-0.88505],"extended":true,"handId":274,"id":2742,"length":64.9762,"mcpPosition":[63.445,227.471,-25.3483],"pipPosition":[48.386,247.74,-64.6803],"stabilizedTipPosition":[31.9658,254.56,-102.088],"timeVisible":0.098378,"tipPosition":[35.4107,255.794,-102.238],"tipVelocity":[-117.269,551.275,147.902],"tool":false,"touchDistance":-0.230941,"touchZone":"touching","type":2,"width":19.1251},{"bases":[[[0.862967,-0.334309,-0.378849],[0.466672,0.814776,0.344032],[0.193664,-0.473686,0.859137]],[[0.848147,-0.302009,-0.435244],[0.450982,0.842692,0.294085],[0.27796,-0.445714,0.850927]],[[0.848147,-0.302009,-0.435244],[0.384415,0.916171,0.113383],[0.364515,-0.263479,0.893145]],[[0.848147,-0.302009,-0.435244],[0.330811,0.943643,-0.0101359],[0.413776,-0.135387,0.900256]]],"btipPosition":[54.5952,250.726,-106.166],"carpPosition":[95.3944,193.836,21.8774],"dipPosition":[62.0919,248.274,-89.8554],"direction":[-0.364515,0.263479,-0.893144],"extended":true,"handId":274,"id":2743,"length":62.4764,"mcpPosition":[83.9267,221.885,-28.9961],"pipPosition":[71.8838,241.196,-65.8632],"stabilizedTipPosition":[56.8798,247.864,-102.764],"timeVisible":0.098378,"tipPosition":[59.8289,244.857,-104.391],"tipVelocity":[-121.382,511.751,98.3784],"tool":false,"touchDistance":-0.238225,"touchZone":"touching","type":3,"width":18.1987},{"bases":[[[0.790531,-0.516884,-0.328468],[0.610478,0.707788,0.355461],[0.0487538,-0.481525,0.875075]],[[0.777343,-0.44939,-0.440212],[0.593736,0.755354,0.27734],[0.207882,-0.476958,0.853988]],[[0.777343,-0.44939,-0.440212],[0.521508,0.851694,0.0514469],[0.351806,-0.269566,0.896419]],[[0.777343,-0.44939,-0.440212],[0.467068,0.881063,-0.0746656],[0.421409,-0.147568,0.894784]]],"btipPosition":[80.5362,236.253,-93.9213],"carpPosition":[104.053,185.925,15.2843],"dipPosition":[87.5798,233.786,-78.9654],"direction":[-0.351806,0.269566,-0.896419],"extended":true,"handId":274,"id":2744,"length":48.9803,"mcpPosition":[101.38,212.32,-32.6824],"pipPosition":[94.2523,228.673,-61.9638],"stabilizedTipPosition":[83.5788,232.032,-90.6226],"timeVisible":0.098378,"tipPosition":[84.8236,230.025,-92.5373],"tipVelocity":[-131.598,454.057,47.1203],"tool":false,"touchDistance":0.312197,"touchZone":"hovering","type":4,"width":16.1655},{"bases":[[[0.856417,0.0144794,-0.516081],[0.244956,0.868535,0.430863],[0.454473,-0.495416,0.740282]],[[0.918101,-0.0649759,-0.390984],[0.224619,0.898059,0.378202],[0.326552,-0.43505,0.839104]],[[0.918101,-0.0649759,-0.390984],[0.170466,0.955304,0.241528],[0.357815,-0.288397,0.888142]],[[0.918101,-0.0649759,-0.390984],[0.130559,0.980994,0.143548],[0.374225,-0.182838,0.909134]]],"btipPosition":[15.6281,255.582,-88.9444],"carpPosition":[75.4262,193.214,33.3761],"dipPosition":[21.8283,252.553,-73.8819],"direction":[-0.357815,0.288397,-0.888142],"extended":true,"handId":274,"id":2741,"length":57.0257,"mcpPosition":[43.8191,227.669,-18.108],"pipPosition":[30.2147,245.793,-53.0656],"stabilizedTipPosition":[17.2567,252.945,-86.0317],"timeVisible":0.098378,"tipPosition":[18.7595,251,-86.25],"tipVelocity":[-101.01,674.992,210.734],"tool":false,"touchDistance":0.360193,"touchZone":"hovering","type":1,"width":19.473}],"r":[[0.979945,-0.175071,-0.095172],[0.167513,0.982422,-0.0823826],[0.107922,0.0647879,0.992046]],"s":1.11089,"t":[-4.91516,34.4584,-8.45239],"timestamp":259975622572},{"currentFrameRate":34.6071,"devices":[],"gestures":[],"hands":[{"armBasis":[[0.892537,-0.0599096,-0.446977],[0.314523,0.792995,0.521761],[0.323192,-0.606275,0.726621]],"armWidth":62.9551,"confidence":0.522056,"direction":[-0.27042,0.622202,-0.734669],"elbow":[180.263,16.5427,226.26],"grabAngle":0.369074,"grabStrength":0,"id":274,"palmNormal":[-0.321391,-0.777666,-0.540318],"palmPosition":[70.0537,213.067,-10.8772],"palmVelocity":[-84.9407,311.122,8.21281],"palmWidth":86.0143,"pinchDistance":63.7314,"pinchStrength":0,"r":[[0.972442,-0.202963,-0.114724],[0.192986,0.976845,-0.0923534],[0.130812,0.0676682,0.989095]],"s":1.1246,"sphereCenter":[27.2981,172.275,-62.3577],"sphereRadius":83.1855,"stabilizedPalmPosition":[70.2947,212.079,-10.919],"t":[-5.87631,39.4729,-8.62584],"timeVisible":0.109939,"type":"right","wrist":[97.7726,171.286,40.8004]}],"id":170767,"interactionBox":{"center":[0,200,0],"size":[235.247,235.247,147.751]},"pointables":[{"bases":[[[0.599874,0.78076,0.174827],[-0.481095,0.177394,0.858533],[0.639295,-0.59912,0.482034]],[[0.458899,0.885384,0.0742102],[-0.771395,0.355584,0.52774],[0.440865,-0.299425,0.846158]],[[0.458899,0.885384,0.0742102],[-0.883078,0.463714,-0.0717113],[-0.0979044,-0.0326252,0.994661]],[[0.458899,0.885384,0.0742102],[-0.70357,0.413126,-0.578201],[-0.542588,0.213123,0.812513]]],"btipPosition":[59.5938,186.677,-57.4618],"carpPosition":[64.8466,176.306,33.7922],"dipPosition":[47.2801,191.514,-39.0222],"direction":[0.0979044,0.0326252,-0.994661],"extended":false,"handId":274,"id":2740,"length":50.5373,"mcpPosition":[64.8466,176.306,33.7922],"pipPosition":[44.0431,190.435,-6.13623],"stabilizedTipPosition":[56.8802,187.101,-53.2406],"timeVisible":0.109939,"tipPosition":[52.7151,189.356,-54.1835],"tipVelocity":[-48.3651,320.505,4.31411],"tool":false,"touchDistance":0.569949,"touchZone":"hovering","type":0,"width":20.3863},{"bases":[[[0.847721,-0.200019,-0.491286],[0.40566,0.841217,0.357484],[0.341775,-0.502341,0.794256]],[[0.860978,-0.220379,-0.458421],[0.394727,0.857902,0.328929],[0.320791,-0.464152,0.825625]],[[0.860978,-0.220379,-0.458421],[0.329532,0.928219,0.172681],[0.387459,-0.299739,0.871798]],[[0.860978,-0.220379,-0.458421],[0.271401,0.961288,0.0476053],[0.430183,-0.165403,0.88746]]],"btipPosition":[28.8459,264.243,-103.744],"carpPosition":[84.9038,198.139,27.4405],"dipPosition":[36.6849,261.229,-87.5723],"direction":[-0.387459,0.299739,-0.871798],"extended":true,"handId":274,"id":2742,"length":64.9762,"mcpPosition":[62.3628,231.269,-24.9429],"pipPosition":[47.369,252.964,-63.5326],"stabilizedTipPosition":[30.9356,261.593,-100.474],"timeVisible":0.109939,"tipPosition":[33.0208,261.03,-100.955],"tipVelocity":[-84.378,610.743,140.226],"tool":false,"touchDistance":-0.243658,"touchZone":"touching","type":2,"width":19.1251},{"bases":[[[0.855767,-0.334604,-0.394591],[0.475877,0.808335,0.346607],[0.202986,-0.484392,0.850977]],[[0.841178,-0.303222,-0.447746],[0.465338,0.827675,0.31371],[0.275464,-0.472239,0.837323]],[[0.841178,-0.303222,-0.447746],[0.403055,0.903567,0.145303],[0.360509,-0.302692,0.882276]],[[0.841178,-0.303222,-0.447746],[0.347836,0.93737,0.0186714],[0.414042,-0.171448,0.893966]]],"btipPosition":[53.6403,257.313,-105.114],"carpPosition":[94.7805,196.933,21.4514],"dipPosition":[61.1418,254.207,-88.9169],"direction":[-0.360509,0.302692,-0.882276],"extended":true,"handId":274,"id":2743,"length":62.4764,"mcpPosition":[82.7608,225.616,-28.9389],"pipPosition":[70.8261,246.076,-65.2166],"stabilizedTipPosition":[55.7385,254.448,-101.727],"timeVisible":0.109939,"tipPosition":[57.4551,250.42,-103.444],"tipVelocity":[-82.5029,556.743,88.7758],"tool":false,"touchDistance":-0.249475,"touchZone":"touching","type":3,"width":18.1987},{"bases":[[[0.783038,-0.517348,-0.345257],[0.619238,0.700459,0.354825],[0.0582704,-0.491638,0.868848]],[[0.768746,-0.448793,-0.455647],[0.605435,0.740265,0.292329],[0.206105,-0.500591,0.840791]],[[0.768746,-0.448793,-0.455647],[0.537982,0.839032,0.0812447],[0.345841,-0.307586,0.886445]],[[0.768746,-0.448793,-0.455647],[0.485314,0.873358,-0.041423],[0.416534,-0.189288,0.889196]]],"btipPosition":[79.5202,242.161,-93.4796],"carpPosition":[103.303,189.051,14.6497],"dipPosition":[86.4824,238.998,-78.617],"direction":[-0.345841,0.307586,-0.886445],"extended":true,"handId":274,"id":2744,"length":48.9803,"mcpPosition":[100.109,216,-32.9757],"pipPosition":[93.0416,233.164,-61.8046],"stabilizedTipPosition":[81.9481,238.271,-90.25],"timeVisible":0.109939,"tipPosition":[82.6535,235.147,-92.164],"tipVelocity":[-89.5021,497.237,36.3546],"tool":false,"touchDistance":0.32491,"touchZone":"hovering","type":4,"width":16.1655},{"bases":[[[0.849226,0.0157429,-0.527795],[0.255688,0.862291,0.437124],[0.461994,-0.506168,0.728255]],[[0.912728,-0.0662689,-0.403158],[0.24651,0.876238,0.414052],[0.325824,-0.4773,0.816103]],[[0.912728,-0.0662689,-0.403158],[0.198743,0.934159,0.296391],[0.356973,-0.35065,0.865803]],[[0.912728,-0.0662689,-0.403158],[0.156835,0.967991,0.195952],[0.377268,-0.24208,0.893905]]],"btipPosition":[14.6496,263.604,-86.5298],"carpPosition":[74.971,196.288,33.2201],"dipPosition":[20.9001,259.593,-71.7197],"direction":[-0.356973,0.35065,-0.865803],"extended":true,"handId":274,"id":2741,"length":57.0257,"mcpPosition":[42.8409,231.49,-17.4275],"pipPosition":[29.2668,251.375,-51.4269],"stabilizedTipPosition":[16.3269,260.685,-83.7197],"timeVisible":0.109939,"tipPosition":[16.8037,257,-84.6122],"tipVelocity":[-83.6405,674.36,203.835],"tool":false,"touchDistance":0.392855,"touchZone":"hovering","type":1,"width":19.473}],"r":[[0.972442,-0.202963,-0.114724],[0.192986,0.976845,-0.0923534],[0.130812,0.0676682,0.989095]],"s":1.1246,"t":[-5.87631,39.4729,-8.62584],"timestamp":259975634133},{"currentFrameRate":37.5205,"devices":[],"gestures":[],"hands":[{"armBasis":[[0.890981,-0.0668814,-0.449087],[0.322878,0.788729,0.523122],[0.319221,-0.611092,0.724338]],"armWidth":62.9551,"confidence":0.565019,"direction":[-0.279695,0.627233,-0.726876],"elbow":[178.836,18.4067,225.023],"grabAngle":0.316644,"grabStrength":0,"id":274,"palmNormal":[-0.329733,-0.773798,-0.540845],"palmPosition":[69.1222,216.52,-10.9366],"palmVelocity":[-80.4228,298.146,-5.13114],"palmWidth":86.0143,"pinchDistance":64.8719,"pinchStrength":0,"r":[[0.965169,-0.225288,-0.133018],[0.213077,0.971904,-0.100004],[0.151811,0.0681777,0.986055]],"s":1.13951,"sphereCenter":[40.6349,203.238,-53.8115],"sphereRadius":60.7633,"stabilizedPalmPosition":[69.3198,215.772,-10.9337],"t":[-6.82261,43.7067,-8.74228],"timeVisible":0.121521,"type":"right","wrist":[97.3599,174.379,40.1465]}],"id":170768,"interactionBox":{"center":[0,200,0],"size":[235.247,235.247,147.751]},"pointables":[{"bases":[[[0.603183,0.778926,0.171595],[-0.469059,0.172413,0.866174],[0.6451,-0.60295,0.469359]],[[0.461272,0.884185,0.0737945],[-0.764187,0.353652,0.539396],[0.450828,-0.305201,0.838812]],[[0.461272,0.884185,0.0737945],[-0.882604,0.46577,-0.0637781],[-0.0907629,-0.0357123,0.99