{"frames":288,"data":[{"currentFrameRate":24.8304,"devices":[],"gestures":[],"hands":[],"id":88171,"interactionBox":{"center":[0,200,0],"size":[235.247,235.247,147.751]},"pointables":[],"r":[[-0.962136,-0.269906,0.0380192],[0.215739,-0.839331,-0.498979],[0.166588,-0.471883,0.86578]],"s":0.686793,"t":[505.899,-233.461,348.339],"timestamp":257509481802},{"currentFrameRate":24.8046,"devices":[],"gestures":[],"hands":[],"id":88172,"interactionBox":{"center":[0,200,0],"size":[235.247,235.247,147.751]},"pointables":[],"r":[[-0.962136,-0.269906,0.0380192],[0.215739,-0.839331,-0.498979],[0.166588,-0.471883,0.86578]],"s":0.686793,"t":[505.899,-233.461,348.339],"timestamp":257509522305},{"currentFrameRate":24.8351,"devices":[],"gestures":[],"hands":[],"id":88173,"interactionBox":{"center":[0,200,0],"size":[235.247,235.247,147.751]},"pointables":[],"r":[[-0.962136,-0.269906,0.0380192],[0.215739,-0.839331,-0.498979],[0.166588,-0.471883,0.86578]],"s":0.686793,"t":[505.899,-233.461,348.339],"timestamp":257509562348},{"currentFrameRate":24.84,"devices":[],"gestures":[],"hands":[],"id":88174,"interactionBox":{"center":[0,200,0],"size":[235.247,235.247,147.751]},"pointables":[],"r":[[-0.962136,-0.269906,0.0380192],[0.215739,-0.839331,-0.498979],[0.166588,-0.471883,0.86578]],"s":0.686793,"t":[505.899,-233.461,348.339],"timestamp":257509602570},{"currentFrameRate":24.8216,"devices":[],"gestures":[],"hands":[],"id":88175,"interactionBox":{"center":[0,200,0],"size":[235.247,235.247,147.751]},"pointables":[],"r":[[-0.962136,-0.269906,0.0380192],[0.215739,-0.839331,-0.498979],[0.166588,-0.471883,0.86578]],"s":0.686793,"t":[505.899,-233.461,348.339],"timestamp":257509642992},{"currentFrameRate":24.8238,"devices":[],"gestures":[],"hands":[],"id":88176,"interactionBox":{"center":[0,200,0],"size":[235.247,235.247,147.751]},"pointables":[],"r":[[-0.962136,-0.269906,0.0380192],[0.215739,-0.839331,-0.498979],[0.166588,-0.471883,0.86578]],"s":0.686793,"t":[505.899,-233.461,348.339],"timestamp":257509683260},{"currentFrameRate":24.8369,"devices":[],"gestures":[],"hands":[],"id":88177,"interactionBox":{"center":[0,200,0],"size":[235.247,235.247,147.751]},"pointables":[],"r":[[-0.962136,-0.269906,0.0380192],[0.215739,-0.839331,-0.498979],[0.166588,-0.471883,0.86578]],"s":0.686793,"t":[505.899,-233.461,348.339],"timestamp":257509723427},{"currentFrameRate":24.8541,"devices":[],"gestures":[],"hands":[],"id":88178,"interactionBox":{"center":[0,200,0],"size":[235.247,235.247,147.751]},"pointables":[],"r":[[-0.962136,-0.269906,0.0380192],[0.215739,-0.839331,-0.498979],[0.166588,-0.471883,0.86578]],"s":0.686793,"t":[505.899,-233.461,348.339],"timestamp":257509763537},{"currentFrameRate":24.8026,"devices":[],"gestures":[],"hands":[],"id":88179,"interactionBox":{"center":[0,200,0],"size":[235.247,235.247,147.751]},"pointables":[],"r":[[-0.962136,-0.269906,0.0380192],[0.215739,-0.839331,-0.498979],[0.166588,-0.471883,0.86578]],"s":0.686793,"t":[505.899,-233.461,348.339],"timestamp":257509804230},{"currentFrameRate":24.8235,"devices":[],"gestures":[],"hands":[],"id":88180,"interactionBox":{"center":[0,200,0],"size":[235.247,235.247,147.751]},"pointables":[],"r":[[-0.962136,-0.269906,0.0380192],[0.215739,-0.839331,-0.498979],[0.166588,-0.471883,0.86578]],"s":0.686793,"t":[505.899,-233.461,348.339],"timestamp":257509844362},{"currentFrameRate":24.8266,"devices":[],"gestures":[],"hands":[],"id":88181,"interactionBox":{"center":[0,200,0],"size":[235.247,235.247,147.751]},"pointables":[],"r":[[-0.962136,-0.269906,0.0380192],[0.215739,-0.839331,-0.498979],[0.166588,-0.471883,0.86578]],"s":0.686793,"t":[505.899,-233.461,348.339],"timestamp":257509884619},{"currentFrameRate":24.7916,"devices":[],"gestures":[],"hands":[],"id":88182,"interactionBox":{"center":[0,200,0],"size":[235.247,235.247,147.751]},"pointables":[],"r":[[-0.962136,-0.269906,0.0380192],[0.215739,-0.839331,-0.498979],[0.166588,-0.471883,0.86578]],"s":0.686793,"t":[505.899,-233.461,348.339],"timestamp":257509925210},{"currentFrameRate":24.8385,"devices":[],"gestures":[],"hands":[],"id":88183,"interactionBox":{"center":[0,200,0],"size":[235.247,235.247,147.751]},"pointables":[],"r":[[-0.962136,-0.269906,0.0380192],[0.215739,-0.839331,-0.498979],[0.166588,-0.471883,0.86578]],"s":0.686793,"t":[505.899,-233.461,348.339],"timestamp":257509965129},{"currentFrameRate":24.8377,"devices":[],"gestures":[],"hands":[],"id":88184,"interactionBox":{"center":[0,200,0],"size":[235.247,235.247,147.751]},"pointables":[],"r":[[-0.962136,-0.269906,0.0380192],[0.215739,-0.839331,-0.498979],[0.166588,-0.471883,0.86578]],"s":0.686793,"t":[505.899,-233.461,348.339],"timestamp":257510005396},{"currentFrameRate":24.8287,"devices":[],"gestures":[],"hands":[],"id":88185,"interactionBox":{"center":[0,200,0],"size":[235.247,235.247,147.751]},"pointables":[],"r":[[-0.962136,-0.269906,0.0380192],[0.215739,-0.839331,-0.498979],[0.166588,-0.471883,0.86578]],"s":0.686793,"t":[505.899,-233.461,348.339],"timestamp":257510045737},{"currentFrameRate":24.8327,"devices":[],"gestures":[],"hands":[],"id":88186,"interactionBox":{"center":[0,200,0],"size":[235.247,235.247,147.751]},"pointables":[],"r":[[-0.962136,-0.269906,0.0380192],[0.215739,-0.839331,-0.498979],[0.166588,-0.471883,0.86578]],"s":0.686793,"t":[505.899,-233.461,348.339],"timestamp":257510085978},{"currentFrameRate":24.8315,"devices":[],"gestures":[],"hands":[],"id":88187,"interactionBox":{"center":[0,200,0],"size":[235.247,235.247,147.751]},"pointables":[],"r":[[-0.962136,-0.269906,0.0380192],[0.215739,-0.839331,-0.498979],[0.166588,-0.471883,0.86578]],"s":0.686793,"t":[505.899,-233.461,348.339],"timestamp":257510126258},{"currentFrameRate":24.8274,"devices":[],"gestures":[],"hands":[{"armBasis":[[0.938481,-0.0835753,-0.335066],[0.178286,0.948223,0.262845],[0.29575,-0.306412,0.904789]],"armWidth":64.5234,"confidence":0,"direction":[-0.176228,0.555932,-0.812332],"elbow":[196.086,77.4214,315.244],"grabAngle":3.14159,"grabStrength":1,"id":120,"palmNormal":[-0.237681,-0.824862,-0.512944],"palmPosition":[91.96,198.312,4.36802],"palmVelocity":[1.19209e-7,1.19209e-7,1.19209e-7],"palmWidth":92.1373,"pinchDistance":23.5688,"pinchStrength":0.658759,"r":[[1,2.77556e-18,1.11022e-17],[-2.77556e-18,1,-2.22045e-17],[-1.11022e-17,2.22045e-17,1]],"s":1,"sphereCenter":[87.7159,170.332,-32.4673],"sphereRadius":40.6109,"stabilizedPalmPosition":[91.96,198.312,4.36802],"t":[0,0,0],"timeVisible":0,"type":"right","wrist":[115.227,161.196,67.8707]}],"id":88188,"interactionBox":{"center":[0,200,0],"size":[235.247,235.247,147.751]},"pointables":[{"bases":[[[0.56258,0.80494,0.188614],[-0.593688,0.234566,0.769749],[0.575359,-0.545023,0.609846]],[[0.311524,0.948979,-0.0489123],[-0.665907,0.25474,0.701195],[0.677879,-0.185868,0.71129]],[[0.311524,0.948979,-0.0489123],[-0.854014,0.302177,0.423497],[0.41667,-0.0901577,0.904576]],[[0.311524,0.948979,-0.0489123],[-0.946251,0.314516,0.0754249],[0.0869603,0.0227866,0.995951]]],"btipPosition":[29.7344,174.713,-36.6824],"carpPosition":[80.4457,162.745,54.1048],"dipPosition":[31.7952,175.253,-13.0797],"direction":[-0.41667,0.0901577,-0.904576],"extended":false,"handId":120,"id":1200,"length":52.7735,"mcpPosition":[80.4457,162.745,54.1048],"pipPosition":[46.1809,172.141,18.1512],"stabilizedTipPosition":[30.2084,174.837,-31.2538],"timeVisible":0,"tipPosition":[30.2084,174.837,-31.2538],"tipVelocity":[1.19209e-7,1.19209e-7,1.19209e-7],"tool":false,"touchDistance":1,"touchZone":"none","type":0,"width":20.5053},{"bases":[[[0.912074,-0.00788123,-0.409951],[0.185489,0.899589,0.395389],[0.365671,-0.436665,0.821954]],[[0.93491,-0.0376739,-0.352879],[-0.217781,0.724198,-0.654301],[0.280205,0.688563,0.668855]],[[0.93491,-0.0376739,-0.352879],[-0.299981,-0.615182,-0.729084],[-0.189618,0.787484,-0.586441]],[[0.93491,-0.0376739,-0.352879],[-0.10772,-0.977561,-0.181026],[-0.338141,0.207255,-0.91799]]],"btipPosition":[62.1032,163.978,-6.90303],"carpPosition":[91.0436,184.263,53.1927],"dipPosition":[56.253,167.564,-22.7852],"direction":[0.189618,-0.787484,0.586441],"extended":false,"handId":120,"id":1201,"length":59.549,"mcpPosition":[63.8021,216.793,-8.04051],"pipPosition":[51.6121,186.838,-37.1384],"stabilizedTipPosition":[60.7576,164.803,-10.5559],"timeVisible":0,"tipPosition":[60.7576,164.803,-10.5559],"tipVelocity":[1.19209e-7,1.19209e-7,1.19209e-7],"tool":false,"touchDistance":0.333333,"touchZone":"none","type":1,"width":19.5867},{"bases":[[[0.908017,-0.220046,-0.35649],[0.344999,0.875501,0.33834],[0.237657,-0.430207,0.870885]],[[0.894103,-0.196871,-0.402269],[-0.180512,0.6636,-0.725982],[0.409871,0.721718,0.55779]],[[0.894103,-0.196871,-0.402269],[-0.421984,-0.671209,-0.609432],[-0.150027,0.714646,-0.683207]],[[0.894103,-0.196871,-0.402269],[-0.233813,-0.97127,-0.0443437],[-0.381982,0.133704,-0.914447]]],"btipPosition":[77.1889,158.022,-3.34932],"carpPosition":[102.395,185.977,48.3275],"dipPosition":[69.9202,160.566,-20.7503],"direction":[0.150027,-0.714647,0.683207],"extended":false,"handId":120,"id":1202,"length":67.8513,"mcpPosition":[85.6052,216.37,-13.1985],"pipPosition":[65.6001,181.144,-40.4232],"stabilizedTipPosition":[75.5171,158.607,-7.35154],"timeVisible":0,"tipPosition":[75.5171,158.607,-7.35154],"tipVelocity":[1.19209e-7,1.19209e-7,1.19209e-7],"tool":false,"touchDistance":0.333333,"touchZone":"none","type":2,"width":19.2367},{"bases":[[[0.904485,-0.346325,-0.248931],[0.416391,0.843382,0.339595],[0.0923337,-0.410811,0.907033]],[[0.897321,-0.321067,-0.302872],[-0.0271826,0.644693,-0.763958],[0.440542,0.693748,0.569769]],[[0.897321,-0.321067,-0.302872],[-0.441255,-0.668868,-0.598256],[-0.0105008,0.670471,-0.741861]],[[0.897321,-0.321067,-0.302872],[-0.341291,-0.93984,-0.0148425],[-0.279886,0.116686,-0.952916]]],"btipPosition":[93.5543,158.064,-0.972509],"carpPosition":[113.752,184.408,43.4995],"dipPosition":[88.2589,160.271,-19.0013],"direction":[0.0105008,-0.670471,0.741861],"extended":false,"handId":120,"id":1203,"length":65.2408,"mcpPosition":[107.896,210.466,-14.0334],"pipPosition":[87.9644,179.079,-39.8114],"stabilizedTipPosition":[92.3363,158.571,-5.11912],"timeVisible":0,"tipPosition":[92.3363,158.571,-5.11912],"tipVelocity":[1.19209e-7,1.19209e-7,1.19209e-7],"tool":false,"touchDistance":0.333333,"touchZone":"none","type":3,"width":18.305},{"bases":[[[0.827776,-0.526102,-0.194945],[0.558513,0.739619,0.375534],[-0.0533847,-0.419737,0.906074]],[[0.82686,-0.460359,-0.323065],[0.0863524,0.671542,-0.735917],[0.555738,0.580604,0.595025]],[[0.82686,-0.460359,-0.323065],[-0.549674,-0.539961,-0.637418],[0.118999,0.704636,-0.69952]],[[0.82686,-0.460359,-0.323065],[-0.497231,-0.86681,-0.0374422],[-0.262799,0.191597,-0.945636]]],"btipPosition":[109.332,162.17,-5.94422],"carpPosition":[123.866,175.613,38.2025],"dipPosition":[104.745,165.514,-22.4495],"direction":[-0.118999,-0.704636,0.69952],"extended":false,"handId":120,"id":1204,"length":51.1476,"mcpPosition":[127,200.258,-14.9989],"pipPosition":[107.102,179.47,-36.3037],"stabilizedTipPosition":[108.277,162.939,-9.74043],"timeVisible":0,"tipPosition":[108.277,162.939,-9.74043],"tipVelocity":[1.19209e-7,1.19209e-7,1.19209e-7],"tool":false,"touchDistance":0.333333,"touchZone":"none","type":4,"width":16.2599}],"r":[[1,2.77556e-18,1.11022e-17],[-2.77556e-18,1,-2.22045e-17],[-1.11022e-17,2.22045e-17,1]],"s":1,"t":[0,0,0],"timestamp":257510166566},{"currentFrameRate":24.8298,"devices":[],"gestures":[],"hands":[{"armBasis":[[0.984775,-0.019999,-0.172682],[0.108831,0.845529,0.522721],[0.135554,-0.533556,0.834831]],"armWidth":65.2495,"confidence":0.208952,"direction":[-0.157232,0.556855,-0.815593],"elbow":[152.572,19.745,303.464],"grabAngle":2.83719,"grabStrength":1,"id":120,"palmNormal":[-0.113182,-0.830584,-0.545271],"palmPosition":[95.6432,204.415,11.6767],"palmVelocity":[91.4902,151.612,181.55],"palmWidth":92.1373,"pinchDistance":36.4691,"pinchStrength":0.595438,"r":[[0.99967,0.0186244,0.0176995],[-0.0186849,0.99982,0.00325551],[-0.0176357,-0.00358515,0.999838]],"s":0.992736,"sphereCenter":[89.4208,173.784,-29.119],"sphereRadius":42.7752,"stabilizedPalmPosition":[92.3675,198.987,5.17661],"t":[1.84156,3.05172,3.65432],"timeVisible":0.040257,"type":"right","wrist":[115.511,165.621,75.2171]}],"id":88189,"interactionBox":{"center":[0,200,0],"size":[235.247,235.247,147.751]},"pointables":[{"bases":[[[0.465325,0.848911,0.250644],[-0.677568,0.159421,0.717974],[0.569538,-0.50392,0.649378]],[[0.206619,0.97817,-0.0222042],[-0.669422,0.15788,0.725912],[0.71357,-0.135123,0.687429]],[[0.206619,0.97817,-0.0222042],[-0.84206,0.189333,0.505063],[0.498241,-0.0856584,0.862797]],[[0.206619,0.97817,-0.0222042],[-0.948293,0.205793,0.241641],[0.240935,-0.0288716,0.970112]]],"btipPosition":[24.1589,177.222,-28.2671],"carpPosition":[83.2949,166.725,59.617],"dipPosition":[29.9075,176.533,-5.12089],"direction":[-0.498241,0.0856583,-0.862797],"extended":true,"handId":120,"id":1200,"length":53.1312,"mcpPosition":[83.2949,166.725,59.617],"pipPosition":[47.2261,173.555,24.8695],"stabilizedTipPosition":[30.0172,174.927,-30.9177],"timeVisible":0.040257,"tipPosition":[31.0776,176.715,-25.5779],"tipVelocity":[-117.428,55.2868,206.432],"tool":false,"touchDistance":1,"touchZone":"none","type":0,"width":20.8374},{"bases":[[[0.940728,0.087014,-0.327811],[0.064502,0.90299,0.424793],[0.332973,-0.420759,0.843855]],[[0.944625,0.0819991,-0.317742],[-0.233213,0.848945,-0.47424],[0.230859,0.52208,0.821058]],[[0.944625,0.0819991,-0.317742],[-0.293932,-0.219087,-0.930379],[-0.145904,0.972254,-0.182853]],[[0.944625,0.0819991,-0.317742],[-0.153511,-0.745373,-0.648733],[-0.290032,0.661586,-0.69151]]],"btipPosition":[65.5747,162.148,-22.281],"carpPosition":[91.8445,189.151,59.9947],"dipPosition":[60.5228,173.672,-34.3259],"direction":[0.145904,-0.972254,0.182853],"extended":false,"handId":120,"id":1201,"length":59.9526,"mcpPosition":[67.039,220.496,-2.87013],"pipPosition":[56.9276,197.629,-38.8316],"stabilizedTipPosition":[60.8014,164.803,-10.7296],"timeVisible":0.040257,"tipPosition":[65.9516,166.006,-19.0406],"tipVelocity":[90.7948,-0.101829,-360.072],"tool":false,"touchDistance":0.333333,"touchZone":"none","type":1,"width":19.9039},{"bases":[[[0.952193,-0.125853,-0.27837],[0.229909,0.895244,0.38168],[0.201174,-0.427433,0.88138]],[[0.938416,-0.0999962,-0.330721],[-0.0866489,0.8585,-0.50544],[0.334466,0.50297,0.796966]],[[0.938416,-0.0999962,-0.330721],[-0.344487,-0.197294,-0.917826],[0.0265299,0.975231,-0.219591]],[[0.938416,-0.0999962,-0.330721],[-0.296089,-0.726062,-0.620617],[-0.178064,0.68032,-0.710956]]],"btipPosition":[75.3549,156.208,-25.2628],"carpPosition":[103.36,192.031,56.1802],"dipPosition":[71.9436,169.241,-38.8833],"direction":[-0.0265299,-0.975231,0.219591],"extended":false,"handId":120,"id":1202,"length":68.3112,"mcpPosition":[89.148,222.229,-6.08718],"pipPosition":[72.7127,197.513,-45.2492],"stabilizedTipPosition":[75.5152,158.608,-7.3932],"timeVisible":0.040257,"tipPosition":[76.5984,160.15,-22.8055],"tipVelocity":[-23.5185,14.8686,-522.741],"tool":false,"touchDistance":0.333333,"touchZone":"none","type":2,"width":19.5482},{"bases":[[[0.95136,-0.254509,-0.173609],[0.303647,0.869883,0.388719],[0.0520876,-0.422527,0.904852]],[[0.946524,-0.228714,-0.227556],[0.0837708,0.855341,-0.511248],[0.311567,0.464847,0.82876]],[[0.946524,-0.228714,-0.227556],[-0.266574,-0.157096,-0.950926],[0.181742,0.960734,-0.209664]],[[0.946524,-0.228714,-0.227556],[-0.322293,-0.702644,-0.634365],[-0.0148022,0.673781,-0.738782]]],"btipPosition":[92.8437,157.306,-22.8008],"carpPosition":[115.19,191.645,52.3501],"dipPosition":[92.5617,170.14,-36.873],"direction":[-0.181742,-0.960734,0.209664],"extended":false,"handId":120,"id":1203,"length":65.683,"mcpPosition":[111.886,218.446,-5.04451],"pipPosition":[97.6944,197.272,-42.7942],"stabilizedTipPosition":[92.3378,158.577,-5.18664],"timeVisible":0.040257,"tipPosition":[94.3815,161.255,-20.3733],"tipVelocity":[10.9912,41.8818,-519.618],"tool":false,"touchDistance":0.333333,"touchZone":"none","type":3,"width":18.6014},{"bases":[[[0.887657,-0.441909,-0.129541],[0.451323,0.778938,0.435388],[-0.0914975,-0.44494,0.890874]],[[0.89222,-0.402564,-0.20466],[0.271291,0.840086,-0.469742],[0.361033,0.36359,0.858753]],[[0.89222,-0.402564,-0.20466],[-0.237746,-0.033404,-0.970753],[0.383954,0.914782,-0.125512]],[[0.89222,-0.402564,-0.20466],[-0.422077,-0.582169,-0.694932],[0.160608,0.706414,-0.689336]]],"btipPosition":[108.391,166.325,-20.8235],"carpPosition":[126.511,183.96,47.8254],"dipPosition":[111.213,178.739,-32.9368],"direction":[-0.383954,-0.914782,0.125512],"extended":false,"handId":120,"id":1204,"length":51.4943,"mcpPosition":[131.884,210.086,-4.48339],"pipPosition":[118.869,196.979,-35.4395],"stabilizedTipPosition":[108.31,163.211,-10.3456],"timeVisible":0.040257,"tipPosition":[111.012,169.686,-17.688],"tipVelocity":[18.9563,155.031,-344.515],"tool":false,"touchDistance":0.333333,"touchZone":"none","type":4,"width":16.5232}],"r":[[0.99967,0.0186244,0.0176995],[-0.0186849,0.99982,0.00325551],[-0.0176357,-0.00358515,0.999838]],"s":0.992736,"t":[1.84156,3.05172,3.65432],"timestamp":257510206823},{"currentFrameRate":24.8302,"devices":[],"gestures":[],"hands":[{"armBasis":[[0.963828,0.0419063,-0.26321],[0.101895,0.854605,0.509184],[0.246279,-0.517585,0.819422]],"armWidth":65.2495,"confidence":0.400478,"direction":[-0.138012,0.597116,-0.790193],"elbow":[183.827,30.0696,300.844],"grabAngle":2.41189,"grabStrength":1,"id":120,"palmNormal":[-0.115361,-0.802089,-0.585957],"palmPosition":[96.6365,213.021,14.7801],"palmVelocity":[24.6672,213.698,77.066],"palmWidth":92.1373,"pinchDistance":44.8007,"pinchStrength":0.465873,"r":[[0.998919,0.0306594,0.0349544],[-0.0312029,0.999399,0.0151103],[-0.0344701,-0.0161846,0.999275]],"s":1.02475,"sphereCenter":[87.5534,182.458,-30.3741],"sphereRadius":47.4747,"stabilizedPalmPosition":[93.9406,204.158,8.71544],"t":[3.25902,8.88039,7.0332],"timeVisible":0.080527,"type":"right","wrist":[116.493,171.58,76.8104]}],"id":88190,"interactionBox":{"center":[0,200,0],"size":[235.247,235.247,147.751]},"pointables":[{"bases":[[[0.472085,0.829786,0.29764],[-0.686215,0.133952,0.714959],[0.553394,-0.541767,0.632649]],[[0.238018,0.970138,0.0466875],[-0.665542,0.1279,0.73532],[0.70739,-0.206092,0.67611]],[[0.238018,0.970138,0.0466875],[-0.79597,0.16729,0.581762],[0.556579,-0.175632,0.812018]],[[0.238018,0.970138,0.0466875],[-0.876843,0.193958,0.439917],[0.417725,-0.145646,0.896824]]],"btipPosition":[18.0312,193.252,-23.1186],"carpPosition":[83.1007,173.255,60.6797],"dipPosition":[27.9978,189.777,-1.72102],"direction":[-0.556579,0.175632,-0.812018],"extended":true,"handId":120,"id":1200,"length":53.1312,"mcpPosition":[83.1007,173.255,60.6797],"pipPosition":[47.3442,183.673,26.5043],"stabilizedTipPosition":[23.7847,186.196,-22.7391],"timeVisible":0.080527,"tipPosition":[27.3512,189.829,-22.0037],"tipVelocity":[-128.074,382.171,117.861],"tool":false,"touchDistance":1,"touchZone":"none","type":0,"width":20.8374},{"bases":[[[0.950602,-0.258479,-0.171886],[0.308629,0.846286,0.43422],[0.0332277,-0.46582,0.884256]],[[0.947585,-0.233889,-0.217667],[0.178375,0.952475,-0.246928],[0.265076,0.195159,0.944271]],[[0.947585,-0.233889,-0.217667],[-0.148566,0.280587,-0.948261],[0.282862,0.930896,0.231132]],[[0.947585,-0.233889,-0.217667],[-0.281225,-0.287216,-0.915653],[0.151644,0.928872,-0.337937]]],"btipPosition":[90.3515,174.744,-44.1169],"carpPosition":[115.41,198.07,55.0729],"dipPosition":[93.2399,192.437,-50.5539],"direction":[-0.282862,-0.930896,-0.231132],"extended":false,"handId":120,"id":1203,"length":65.683,"mcpPosition":[113.302,227.617,-1.01525],"pipPosition":[101.228,218.727,-44.0264],"stabilizedTipPosition":[91.9883,163.926,-15.8682],"timeVisible":0.080527,"tipPosition":[92.2319,176.733,-38.1647],"tipVelocity":[-43.7797,460.801,-485.722],"tool":false,"touchDistance":0.00733278,"touchZone":"hovering","type":3,"width":18.6014},{"bases":[[[0.883909,-0.44691,-0.137755],[0.454441,0.75128,0.478604],[-0.110401,-0.485644,0.867157]],[[0.887694,-0.426614,-0.173207],[0.386093,0.894648,-0.224804],[0.250863,0.132683,0.958886]],[[0.887694,-0.426614,-0.173207],[-0.0211166,0.338064,-0.940886],[0.45995,0.838876,0.291088]],[[0.887694,-0.426614,-0.173207],[-0.269836,-0.177206,-0.94646],[0.37308,0.886904,-0.27242]]],"btipPosition":[108.413,181.881,-36.1499],"carpPosition":[126.701,190.461,50.3491],"dipPosition":[114.969,197.466,-40.937],"direction":[-0.45995,-0.838876,-0.291088],"extended":false,"handId":120,"id":1204,"length":51.4943,"mcpPosition":[133.183,218.976,-0.567194],"pipPosition":[124.14,214.193,-35.1328],"stabilizedTipPosition":[108.895,171.288,-20.1105],"timeVisible":0.080527,"tipPosition":[110.711,183.219,-29.2027],"tipVelocity":[21.8718,404.409,-338.749],"tool":false,"touchDistance":0.133709,"touchZone":"hovering","type":4,"width":16.5232},{"bases":[[[0.946552,0.0901147,-0.309707],[0.0694022,0.88079,0.468394],[0.314996,-0.464853,0.827459]],[[0.948415,0.0873395,-0.304765],[-0.166438,0.955344,-0.244165],[0.26983,0.282294,0.920599]],[[0.948415,0.0873395,-0.304765],[-0.313521,0.115698,-0.942507],[-0.0470575,0.989437,0.137112]],[[0.948415,0.0873395,-0.304765],[-0.245047,-0.407975,-0.879493],[-0.201151,0.908806,-0.365527]]],"btipPosition":[61.3019,177.578,-36.7235],"carpPosition":[91.9232,195.522,62.2529],"dipPosition":[57.7982,193.408,-43.0904],"direction":[0.0470575,-0.989437,-0.137112],"extended":false,"handId":120,"id":1201,"length":59.9526,"mcpPosition":[68.4569,230.153,0.609457],"pipPosition":[56.6386,217.789,-39.7118],"stabilizedTipPosition":[60.6978,170.374,-20.0485],"timeVisible":0.080527,"tipPosition":[63.0172,179.376,-30.343],"tipVelocity":[-97.2622,407.746,-326.212],"tool":false,"touchDistance":0.150134,"touchZone":"hovering","type":1,"width":19.9039},{"bases":[[[0.954613,-0.125,-0.270349],[0.235328,0.872925,0.427344],[0.182576,-0.471569,0.862722]],[[0.944218,-0.101114,-0.313415],[0.0168121,0.965257,-0.260762],[0.328892,0.240947,0.913113]],[[0.944218,-0.101114,-0.313415],[-0.286564,0.216693,-0.933234],[0.162278,0.970989,0.17563]],[[0.944218,-0.101114,-0.313415],[-0.328768,-0.344608,-0.879294],[-0.0190964,0.933285,-0.358628]]],"btipPosition":[70.1315,173.876,-45.293],"carpPosition":[103.53,198.43,58.7466],"dipPosition":[69.7657,191.756,-52.1636],"direction":[-0.162278,-0.970989,-0.17563],"extended":false,"handId":120,"id":1202,"length":68.3112,"mcpPosition":[90.6315,231.745,-2.20268],"pipPosition":[74.4701,219.905,-47.0721],"stabilizedTipPosition":[73.8155,164.632,-19.6655],"timeVisible":0.080527,"tipPosition":[72.2543,175.849,-39.5806],"tipVelocity":[-112.315,466.426,-458.846],"tool":false,"touchDistance":0.0377206,"touchZone":"hovering","type":2,"width":19.5482}],"r":[[0.998919,0.0306594,0.0349544],[-0.0312029,0.999399,0.0151103],[-0.0344701,-0.0161846,0.999275]],"s":1.02475,"t":[3.25902,8.88039,7.0332],"timestamp":257510247093},{"currentFrameRate":27.8604,"devices":[],"gestures":[],"hands":[{"armBasis":[[0.957461,0.0900297,-0.274157],[0.0678717,0.853167,0.517203],[0.280466,-0.513809,0.810764]],"armWidth":65.2495,"confidence":0.464598,"direction":[-0.140828,0.614303,-0.776402],"elbow":[192.894,32.3941,298.632],"grabAngle":2.11027,"grabStrength":0.841782,"id":120,"palmNormal":[-0.0843236,-0.78881,-0.608826],"palmPosition":[95.9047,215.24,15.6802],"palmVelocity":[-48.8365,148.12,60.067],"palmWidth":92.1373,"pinchDistance":50.4689,"pinchStrength":0.357022,"r":[[0.997603,0.0451425,0.0524493],[-0.0467372,0.998469,0.0295874],[-0.0510334,-0.0319678,0.998185]],"s":1.07942,"sphereCenter":[88.3116,182.94,-33.2225],"sphereRadius":52.8503,"stabilizedPalmPosition":[94.3012,206.193,9.99422],"t":[3.60184,12.9045,9.1727],"timeVisible":0.095512,"type":"right","wrist":[116.214,172.872,76.9652]}],"id":88191,"interactionBox":{"center":[0,200,0],"size":[235.247,235.247,147.751]},"pointables":[{"bases":[[[0.444881,0.83356,0.327504],[-0.701207,0.0967122,0.706368],[0.557126,-0.543897,0.627524]],[[0.207044,0.975683,0.0719458],[-0.68947,0.0933435,0.718275],[0.694092,-0.198319,0.69203]],[[0.207044,0.975683,0.0719458],[-0.786747,0.122337,0.605031],[0.581517,-0.181871,0.792945]],[[0.207044,0.975683,0.0719458],[-0.838412,0.139054,0.527],[0.50418,-0.169432,0.846815]]],"btipPosition":[15.3513,194.305,-22.472],"carpPosition":[82.6782,173.916,60.2747],"dipPosition":[27.3807,190.263,-2.26764],"direction":[-0.581517,0.181871,-0.792945],"extended":true,"handId":120,"id":1200,"length":53.1312,"mcpPosition":[82.6782,173.916,60.2747],"pipPosition":[47.5939,183.941,25.2947],"stabilizedTipPosition":[21.6403,188.912,-20.8795],"timeVisible":0.095512,"tipPosition":[26.2445,191.597,-22.0404],"tipVelocity":[-147.18,61.534,24.8338],"tool":false,"touchDistance":1,"touchZone":"none","type":0,"width":20.8374},{"bases":[[[0.959842,-0.228818,-0.162316],[0.278818,0.842106,0.461647],[0.0310545,-0.488365,0.872087]],[[0.958103,-0.211099,-0.193586],[0.20106,0.97705,-0.0703479],[0.203994,0.0284781,0.978558]],[[0.958103,-0.211099,-0.193586],[-0.0475577,0.549245,-0.834307],[0.282448,0.808559,0.516193]],[[0.958103,-0.211099,-0.193586],[-0.189384,0.0401458,-0.981082],[0.214878,0.97664,-0.001515]]],"btipPosition":[91.0726,187.951,-58.558],"carpPosition":[114.404,199.709,55.8803],"dipPosition":[95.1655,206.554,-58.5869],"direction":[-0.282448,-0.808559,-0.516193],"extended":false,"handId":120,"id":1203,"length":65.683,"mcpPosition":[112.434,230.686,0.564046],"pipPosition":[103.142,229.389,-44.0089],"stabilizedTipPosition":[91.9883,163.926,-15.8682],"timeVisible":0.095512,"tipPosition":[92.6028,186.921,-49.5454],"tipVelocity":[66.6102,895.292,-865.348],"tool":false,"touchDistance":-0.258788,"touchZone":"hovering","type":3,"width":18.6014},{"bases":[[[0.897633,-0.419776,-0.134322],[0.426355,0.749789,0.506002],[-0.111695,-0.511473,0.852009]],[[0.898371,-0.416292,-0.140106],[0.413617,0.909126,-0.0491107],[0.147819,-0.0138307,0.988918]],[[0.898371,-0.416292,-0.140106],[0.139208,0.572382,-0.808084],[0.416594,0.706456,0.572163]],[[0.898371,-0.416292,-0.140106],[-0.0972736,0.122495,-0.987691],[0.42833,0.900941,0.0695519]]],"btipPosition":[111.366,193.14,-47.1543],"carpPosition":[125.97,192.528,51.1516],"dipPosition":[118.893,208.972,-45.9321],"direction":[-0.416594,-0.706456,-0.572163],"extended":false,"handId":120,"id":1204,"length":51.4943,"mcpPosition":[132.528,222.559,1.12482],"pipPosition":[127.199,223.058,-34.5234],"stabilizedTipPosition":[108.895,171.288,-20.1105],"timeVisible":0.095512,"tipPosition":[112.274,191.777,-37.6312],"tipVelocity":[211.935,755.114,-642.124],"tool":false,"touchDistance":-0.0766611,"touchZone":"hovering","type":4,"width":16.5232},{"bases":[[[0.948787,0.123126,-0.290934],[0.0382278,0.86941,0.49261],[0.313594,-0.478504,0.820179]],[[0.955661,0.112233,-0.272243],[-0.144798,0.98413,-0.102577],[0.25641,0.137449,0.956745]],[[0.955661,0.112233,-0.272243],[-0.294433,0.37871,-0.877433],[0.00462408,0.918685,0.394963]],[[0.955661,0.112233,-0.272243],[-0.259238,-0.117855,-0.958596],[-0.139671,0.986668,-0.0835344]]],"btipPosition":[58.6047,186.16,-48.6962],"carpPosition":[90.8781,196.356,62.5865],"dipPosition":[56.1718,203.346,-50.1513],"direction":[-0.00462408,-0.918685,-0.394963],"extended":false,"handId":120,"id":1201,"length":59.9526,"mcpPosition":[67.5162,232.004,1.48549],"pipPosition":[56.2858,225.984,-40.4189],"stabilizedTipPosition":[60.6978,170.374,-20.0485],"timeVisible":0.095512,"tipPosition":[61.0831,185.906,-39.6788],"tipVelocity":[-163.557,593.531,-723.589],"tool":false,"touchDistance":-0.0805826,"touchZone":"hovering","type":1,"width":19.9039},{"bases":[[[0.96192,-0.0926832,-0.257137],[0.204957,0.866993,0.45422],[0.180837,-0.489625,0.852974]],[[0.955405,-0.0764212,-0.285237],[0.0496709,0.993759,-0.0998764],[0.29109,0.0812545,0.953239]],[[0.955405,-0.0764212,-0.285237],[-0.216675,0.474848,-0.852978],[0.20063,0.876744,0.437113]],[[0.955405,-0.0764212,-0.285237],[-0.289918,-0.0592174,-0.955218],[0.0561079,0.995316,-0.0787325]]],"btipPosition":[68.4889,185.772,-58.9075],"carpPosition":[102.46,199.659,59.3579],"dipPosition":[69.5639,204.84,-60.4159],"direction":[-0.20063,-0.876744,-0.437113],"extended":false,"handId":120,"id":1202,"length":68.3112,"mcpPosition":[89.684,234.25,-0.902761],"pipPosition":[75.3801,230.257,-47.7439],"stabilizedTipPosition":[73.8155,164.632,-19.6655],"timeVisible":0.095512,"tipPosition":[70.9004,184.961,-50.3782],"tipVelocity":[-87.5015,812.116,-826.238],"tool":false,"touchDistance":-0.218632,"touchZone":"hovering","type":2,"width":19.5482}],"r":[[0.997603,0.0451425,0.0524493],[-0.0467372,0.998469,0.0295874],[-0.0510334,-0.0319678,0.998185]],"s":1.07942,"t":[3.60184,12.9045,9.1727],"timestamp":257510262078},{"currentFrameRate":30.6579,"devices":[],"gestures":[],"hands":[{"armBasis":[[0.95461,0.104532,-0.278912],[0.0648936,0.840912,0.537266],[0.290702,-0.53098,0.79596]],"armWidth":65.2495,"confidence":0.524523,"direction":[-0.146655,0.609418,-0.779168],"elbow":[195.085,30.9586,294.273],"grabAngle":1.82337,"grabStrength":0.638629,"id":120,"palmNormal":[-0.0775371,-0.792343,-0.605129],"palmPosition":[94.8363,218.284,15.3786],"palmVelocity":[-70.8875,201.926,-20.0089],"palmWidth":92.1373,"pinchDistance":56.1749,"pinchStrength":0.226896,"r":[[0.996082,0.0583306,0.0664632],[-0.0610744,0.99733,0.0400261],[-0.063951,-0.0439285,0.996986]],"s":1.15087,"sphereCenter":[89.0571,180.817,-37.5397],"sphereRadius":60.6405,"stabilizedPalmPosition":[94.4348,209.212,11.3386],"t":[3.23904,16.4383,10.0917],"timeVisible":0.110584,"type":"right","wrist":[115.606,176.131,76.6543]}],"id":88192,"interactionBox":{"center":[0,200,0],"size":[235.247,235.247,147.751]},"pointables":[{"bases":[[[0.437556,0.83901,0.323429],[-0.701733,0.0937121,0.70625],[0.562242,-0.535985,0.629765]],[[0.204366,0.976128,0.0735371],[-0.693926,0.0914778,0.714212],[0.690436,-0.19699,0.696056]],[[0.204366,0.976128,0.0735371],[-0.77951,0.11684,0.615396],[0.592114,-0.183089,0.78478]],[[0.204366,0.976128,0.0735371],[-0.811818,0.12703,0.569926],[0.546979,-0.176172,0.818399]]],"btipPosition":[13.4677,197.575,-21.8183],"carpPosition":[81.9993,177.05,60.1702],"dipPosition":[26.5183,193.372,-2.29182],"direction":[-0.592114,0.183089,-0.78478],"extended":true,"handId":120,"id":1200,"length":53.1312,"mcpPosition":[81.9993,177.05,60.1702],"pipPosition":[47.0998,187.007,24.9867],"stabilizedTipPosition":[19.2493,192.471,-19.2369],"timeVisible":0.110584,"tipPosition":[24.5779,194.091,-21.7633],"tipVelocity":[-109.388,214.494,33.0321],"tool":false,"touchDistance":0.974102,"touchZone":"hovering","type":0,"width":20.8374},{"bases":[[[0.961777,-0.22098,-0.161718],[0.271483,0.846693,0.457612],[0.0358022,-0.484024,0.874322]],[[0.960805,-0.210698,-0.180165],[0.220235,0.974838,0.0344494],[0.168373,-0.0727779,0.983033]],[[0.960805,-0.210698,-0.180165],[0.0303363,0.725895,-0.687136],[0.275559,0.654738,0.703836]],[[0.960805,-0.210698,-0.180165],[-0.108179,0.31341,-0.943436],[0.255246,0.925949,0.278332]]],"btipPosition":[90.9069,200.993,-69.7725],"carpPosition":[113.491,203.105,55.6413],"dipPosition":[95.7688,218.631,-64.4708],"direction":[-0.275559,-0.654738,-0.703836],"extended":false,"handId":120,"id":1203,"length":65.683,"mcpPosition":[111.22,233.806,0.183216],"pipPosition":[103.551,237.121,-44.5935],"stabilizedTipPosition":[91.9953,171.669,-25.7886],"timeVisible":0.110584,"tipPosition":[91.8972,197.636,-59.4932],"tipVelocity":[0.742757,850.591,-662.714],"tool":false,"touchDistance":-0.411069,"touchZone":"hovering","type":3,"width":18.6014},{"bases":[[[0.90129,-0.412355,-0.13281],[0.419859,0.755904,0.502322],[-0.106744,-0.5085,0.85442]],[[0.899199,-0.421539,-0.117242],[0.429531,0.901493,0.0530489],[0.0833308,-0.0980607,0.991685]],[[0.899199,-0.421539,-0.117242],[0.245605,0.708051,-0.662074],[0.362104,0.566541,0.740211]],[[0.899199,-0.421539,-0.117242],[0.0406718,0.347327,-0.936862],[0.435645,0.837657,0.329461]]],"btipPosition":[113.507,203.381,-55.525],"carpPosition":[125.119,196.005,50.9403],"dipPosition":[121.162,218.101,-49.7356],"direction":[-0.362104,-0.566541,-0.740211],"extended":false,"handId":120,"id":1204,"length":51.4943,"mcpPosition":[131.386,225.862,0.771915],"pipPosition":[128.382,229.397,-34.9761],"stabilizedTipPosition":[110.712,181.402,-29.8267],"timeVisible":0.110584,"tipPosition":[113.085,199.985,-44.9825],"tipVelocity":[144.006,662.511,-485.686],"tool":false,"touchDistance":-0.23025,"touchZone":"hovering","type":4,"width":16.5232},{"bases":[[[0.947521,0.130251,-0.291957],[0.0306717,0.871989,0.488564],[0.318219,-0.471879,0.822233]],[[0.964104,0.10317,-0.244663],[-0.0972586,0.994602,0.0361539],[0.247073,-0.0110605,0.968934]],[[0.964104,0.10317,-0.244663],[-0.255817,0.607797,-0.751758],[0.0711469,0.787362,0.612372]],[[0.964104,0.10317,-0.244663],[-0.254795,0.100156,-0.961794],[-0.0747235,0.989608,0.122848]]],"btipPosition":[55.0198,198.573,-58.5474],"carpPosition":[89.9993,199.573,62.3742],"dipPosition":[53.7182,215.81,-56.4076],"direction":[-0.0711469,-0.787362,-0.612372],"extended":false,"handId":120,"id":1201,"length":59.9526,"mcpPosition":[66.2929,234.727,1.12017],"pipPosition":[55.4714,235.211,-41.3181],"stabilizedTipPosition":[59.2602,178.11,-29.1892],"timeVisible":0.110584,"tipPosition":[57.4418,195.576,-49.0906],"tipVelocity":[-220.587,824.324,-598.749],"tool":false,"touchDistance":-0.25758,"touchZone":"hovering","type":1,"width":19.9039},{"bases":[[[0.962597,-0.0852731,-0.257168],[0.197399,0.870884,0.450105],[0.185582,-0.484034,0.855144]],[[0.960123,-0.0790229,-0.268176],[0.0935485,0.994737,0.0418049],[0.263461,-0.0652253,0.962462]],[[0.960123,-0.0790229,-0.268176],[-0.129663,0.72396,-0.677546],[0.247691,0.6853,0.684845]],[[0.960123,-0.0790229,-0.268176],[-0.2363,0.283275,-0.929472],[0.149417,0.955778,0.253305]]],"btipPosition":[65.4493,202.188,-73.29],"carpPosition":[101.549,202.964,59.1248],"dipPosition":[68.3118,220.498,-68.4372],"direction":[-0.247691,-0.6853,-0.684845],"extended":false,"handId":120,"id":1202,"length":68.3112,"mcpPosition":[88.4386,237.16,-1.28912],"pipPosition":[75.4924,240.365,-48.5835],"stabilizedTipPosition":[72.2946,172.874,-30.0267],"timeVisible":0.110584,"tipPosition":[67.6977,198.815,-63.4973],"tipVelocity":[-174.397,1077.57,-857.182],"tool":false,"touchDistance":-0.418894,"touchZone":"hovering","type":2,"width":19.5482}],"r":[[0.996082,0.0583306,0.0664632],[-0.0610744,0.99733,0.0400261],[-0.063951,-0.0439285,0.996986]],"s":1.15087,"t":[3.23904,16.4383,10.0917],"timestamp":257510277150},{"currentFrameRate":33.2747,"devices":[],"gestures":[],"hands":[{"armBasis":[[0.954921,0.112917,-0.274548],[0.0619118,0.828747,0.556188],[0.290334,-0.548113,0.784397]],"armWidth":65.2495,"confidence":0.579137,"direction":[-0.165125,0.601177,-0.781869],"elbow":[195.126,29.3395,290.283],"grabAngle":1.49383,"grabStrength":0.428646,"id":120,"palmNormal":[-0.0707857,-0.797931,-0.598578],"palmPosition":[93.8233,220.841,14.6309],"palmVelocity":[-67.8893,171.366,-50.1097],"palmWidth":92.1373,"pinchDistance":65.916,"pinchStrength":0,"r":[[0.99453,0.0721393,0.0755384],[-0.075811,0.996018,0.0469205],[-0.0718528,-0.0523904,0.996038]],"s":1.23469,"sphereCenter":[91.8886,174.124,-44.8419],"sphereRadius":73.2025,"stabilizedPalmPosition":[94.2587,212.562,12.287],"t":[2.55115,19.4837,10.1773],"timeVisible":0.125505,"type":"right","wrist":[115.748,179.196,75.8259]}],"id":88193,"interactionBox":{"center":[0,200,0],"size":[235.247,235.247,147.751]},"pointables":[{"bases":[[[0.426941,0.848503,0.312673],[-0.695601,0.0872232,0.713114],[0.577807,-0.521954,0.627458]],[[0.194472,0.978406,0.0700238],[-0.691627,0.0861482,0.717099],[0.695581,-0.187886,0.693445]],[[0.194472,0.978406,0.0700238],[-0.773599,0.109089,0.624215],[0.603096,-0.175562,0.778108]],[[0.194472,0.978406,0.0700238],[-0.796109,0.115726,0.593985],[0.573055,-0.17126,0.801423]]],"btipPosition":[12.3601,199.415,-21.3673],"carpPosition":[82.1556,179.729,59.8523],"dipPosition":[26.0328,195.328,-2.24593],"direction":[-0.603096,0.175562,-0.778108],"extended":true,"handId":120,"id":1200,"length":53.1312,"mcpPosition":[82.1556,179.729,59.8523],"pipPosition":[46.9961,189.226,24.8007],"stabilizedTipPosition":[17.3983,195.439,-18.116],"timeVisible":0.125505,"tipPosition":[23.1464,195.391,-21.325],"tipVelocity":[-64.6433,125.102,23.9782],"tool":false,"touchDistance":0.915392,"touchZone":"hovering","type":0,"width":20.8374},{"bases":[[[0.963542,-0.206167,-0.170532],[0.262209,0.85441,0.448586],[0.053221,-0.476947,0.877319]],[[0.963033,-0.201934,-0.178296],[0.225794,0.966065,0.125439],[0.146915,-0.16106,0.975949]],[[0.963033,-0.201934,-0.178296],[0.080375,0.847115,-0.525296],[0.257112,0.491547,0.832031]],[[0.963033,-0.201934,-0.178296],[-0.0477172,0.523526,-0.850672],[0.265122,0.827734,0.494537]]],"btipPosition":[90.7796,214.209,-78.223],"carpPosition":[113.158,206.269,54.7968],"dipPosition":[95.8296,229.976,-68.8031],"direction":[-0.257112,-0.491547,-0.832031],"extended":false,"handId":120,"id":1203,"length":65.683,"mcpPosition":[109.783,236.521,-0.851379],"pipPosition":[103.091,243.858,-45.3054],"stabilizedTipPosition":[91.9822,182.841,-37.9532],"timeVisible":0.125505,"tipPosition":[91.1765,208.621,-67.971],"tipVelocity":[-5.63466,856.879,-502.871],"tool":false,"touchDistance":-0.510845,"touchZone":"hovering","type":3,"width":18.6014},{"bases":[[[0.906568,-0.398303,-0.139605],[0.412548,0.766426,0.492336],[-0.0891016,-0.50393,0.859136]],[[0.903126,-0.414747,-0.111122],[0.427212,0.893908,0.135712],[0.0430467,-0.170038,0.984497]],[[0.903126,-0.414747,-0.111122],[0.302392,0.798098,-0.521151],[0.304832,0.437063,0.8462]],[[0.903126,-0.414747,-0.111122],[0.126289,0.503933,-0.854461],[0.410383,0.757652,0.507493]]],"btipPosition":[115.242,213.019,-61.7038],"carpPosition":[124.852,199.329,50.0211],"dipPosition":[122.453,226.332,-52.7859],"direction":[-0.304832,-0.437063,-0.8462],"extended":false,"handId":120,"id":1204,"length":51.4943,"mcpPosition":[130.083,228.918,-0.424179],"pipPosition":[128.532,235.047,-35.913],"stabilizedTipPosition":[112.772,192.947,-39.7556],"timeVisible":0.125505,"tipPosition":[113.761,207.782,-51.2413],"tipVelocity":[109.452,624.233,-365.877],"tool":false,"touchDistance":-0.317447,"touchZone":"hovering","type":4,"width":16.5232},{"bases":[[[0.942039,0.143816,-0.303116],[0.0213542,0.875933,0.481961],[0.334823,-0.460499,0.822092]],[[0.96676,0.104764,-0.233236],[-0.0559014,0.976739,0.207017],[0.249499,-0.187098,0.950129]],[[0.96676,0.104764,-0.233236],[-0.20541,0.861427,-0.464489],[0.152254,0.496958,0.854313]],[[0.96676,0.104764,-0.233236],[-0.251601,0.552172,-0.79486],[0.0455137,0.827122,0.560177]]],"btipPosition":[49.3865,218.245,-71.8581],"carpPosition":[89.8021,202.397,61.8086],"dipPosition":[50.1793,232.652,-62.1007],"direction":[-0.152254,-0.496958,-0.854313],"extended":false,"handId":120,"id":1201,"length":59.9526,"mcpPosition":[64.8588,236.703,0.565054],"pipPosition":[53.931,244.898,-41.0496],"stabilizedTipPosition":[56.4408,190.75,-40.9494],"timeVisible":0.125505,"tipPosition":[51.9849,212.525,-62.1153],"tipVelocity":[-345.256,1274.81,-774.657],"tool":false,"touchDistance":-0.433535,"touchZone":"hovering","type":1,"width":19.9039},{"bases":[[[0.961078,-0.0711674,-0.266953],[0.187655,0.877313,0.441709],[0.202766,-0.474612,0.856522]],[[0.961115,-0.0712529,-0.266799],[0.119207,0.978536,0.168098],[0.249095,-0.193366,0.948979]],[[0.961115,-0.0712529,-0.266799],[-0.057792,0.892846,-0.446639],[0.270034,0.44469,0.85401]],[[0.961115,-0.0712529,-0.266799],[-0.174071,0.593702,-0.785631],[0.214378,0.801524,0.558213]]],"btipPosition":[62.7582,220.74,-84.1849],"carpPosition":[101.259,205.956,58.4102],"dipPosition":[66.8652,236.096,-73.4907],"direction":[-0.270034,-0.44469,-0.85401],"extended":true,"handId":120,"id":1202,"length":68.3112,"mcpPosition":[86.9338,239.486,-2.10104],"pipPosition":[74.6935,248.988,-48.7329],"stabilizedTipPosition":[70.0681,186.194,-43.4241],"timeVisible":0.125505,"tipPosition":[64.6947,214.656,-74.5231],"tipVelocity":[-161.173,1197.85,-640.127],"tool":false,"touchDistance":-0.548608,"touchZone":"hovering","type":2,"width":19.5482}],"r":[[0.99453,