{"frames":294,"data":[{"currentFrameRate":24.8266,"devices":[],"gestures":[],"hands":[],"id":88864,"interactionBox":{"center":[0,200,0],"size":[235.247,235.247,147.751]},"pointables":[],"r":[[-0.962136,-0.269906,0.0380192],[0.215739,-0.839331,-0.498979],[0.166588,-0.471883,0.86578]],"s":0.686793,"t":[505.899,-233.461,348.339],"timestamp":257528151861},{"currentFrameRate":24.8313,"devices":[],"gestures":[],"hands":[],"id":88865,"interactionBox":{"center":[0,200,0],"size":[235.247,235.247,147.751]},"pointables":[],"r":[[-0.962136,-0.269906,0.0380192],[0.215739,-0.839331,-0.498979],[0.166588,-0.471883,0.86578]],"s":0.686793,"t":[505.899,-233.461,348.339],"timestamp":257528192099},{"currentFrameRate":24.8164,"devices":[],"gestures":[],"hands":[],"id":88866,"interactionBox":{"center":[0,200,0],"size":[235.247,235.247,147.751]},"pointables":[],"r":[[-0.962136,-0.269906,0.0380192],[0.215739,-0.839331,-0.498979],[0.166588,-0.471883,0.86578]],"s":0.686793,"t":[505.899,-233.461,348.339],"timestamp":257528232503},{"currentFrameRate":24.8315,"devices":[],"gestures":[],"hands":[],"id":88867,"interactionBox":{"center":[0,200,0],"size":[235.247,235.247,147.751]},"pointables":[],"r":[[-0.962136,-0.269906,0.0380192],[0.215739,-0.839331,-0.498979],[0.166588,-0.471883,0.86578]],"s":0.686793,"t":[505.899,-233.461,348.339],"timestamp":257528272665},{"currentFrameRate":24.823,"devices":[],"gestures":[],"hands":[],"id":88868,"interactionBox":{"center":[0,200,0],"size":[235.247,235.247,147.751]},"pointables":[],"r":[[-0.962136,-0.269906,0.0380192],[0.215739,-0.839331,-0.498979],[0.166588,-0.471883,0.86578]],"s":0.686793,"t":[505.899,-233.461,348.339],"timestamp":257528313012},{"currentFrameRate":24.8131,"devices":[],"gestures":[],"hands":[],"id":88869,"interactionBox":{"center":[0,200,0],"size":[235.247,235.247,147.751]},"pointables":[],"r":[[-0.962136,-0.269906,0.0380192],[0.215739,-0.839331,-0.498979],[0.166588,-0.471883,0.86578]],"s":0.686793,"t":[505.899,-233.461,348.339],"timestamp":257528353385},{"currentFrameRate":24.8312,"devices":[],"gestures":[],"hands":[],"id":88870,"interactionBox":{"center":[0,200,0],"size":[235.247,235.247,147.751]},"pointables":[],"r":[[-0.962136,-0.269906,0.0380192],[0.215739,-0.839331,-0.498979],[0.166588,-0.471883,0.86578]],"s":0.686793,"t":[505.899,-233.461,348.339],"timestamp":257528393525},{"currentFrameRate":24.814,"devices":[],"gestures":[],"hands":[],"id":88871,"interactionBox":{"center":[0,200,0],"size":[235.247,235.247,147.751]},"pointables":[],"r":[[-0.962136,-0.269906,0.0380192],[0.215739,-0.839331,-0.498979],[0.166588,-0.471883,0.86578]],"s":0.686793,"t":[505.899,-233.461,348.339],"timestamp":257528433950},{"currentFrameRate":24.8203,"devices":[],"gestures":[],"hands":[],"id":88872,"interactionBox":{"center":[0,200,0],"size":[235.247,235.247,147.751]},"pointables":[],"r":[[-0.962136,-0.269906,0.0380192],[0.215739,-0.839331,-0.498979],[0.166588,-0.471883,0.86578]],"s":0.686793,"t":[505.899,-233.461,348.339],"timestamp":257528474194},{"currentFrameRate":24.8299,"devices":[],"gestures":[],"hands":[],"id":88873,"interactionBox":{"center":[0,200,0],"size":[235.247,235.247,147.751]},"pointables":[],"r":[[-0.962136,-0.269906,0.0380192],[0.215739,-0.839331,-0.498979],[0.166588,-0.471883,0.86578]],"s":0.686793,"t":[505.899,-233.461,348.339],"timestamp":257528514398},{"currentFrameRate":24.7935,"devices":[],"gestures":[],"hands":[{"armBasis":[[0.964758,-0.24009,-0.1077],[0.262192,0.911781,0.316088],[0.0223088,-0.333186,0.942597]],"armWidth":64.5234,"confidence":0,"direction":[-0.169522,0.354144,-0.919698],"elbow":[126.688,36.3201,340.889],"grabAngle":3.14159,"grabStrength":1,"id":121,"palmNormal":[-0.260135,-0.916188,-0.304843],"palmPosition":[100.74,151.758,13.041],"palmVelocity":[1.19209e-7,1.19209e-7,1.19209e-7],"palmWidth":92.1373,"pinchDistance":11.5675,"pinchStrength":0.54363,"r":[[1,-1.94289e-17,-1.11022e-17],[1.94289e-17,1,-3.33067e-17],[1.11022e-17,3.33067e-17,1]],"s":1,"sphereCenter":[96.1007,119.237,-13.2234],"sphereRadius":38.3857,"stabilizedPalmPosition":[100.74,151.758,13.041],"t":[0,0,0],"timeVisible":0,"type":"right","wrist":[120.589,127.415,83.1787]}],"id":88874,"interactionBox":{"center":[0,200,0],"size":[235.247,235.247,147.751]},"pointables":[{"bases":[[[0.582101,0.813091,-0.00637175],[-0.582522,0.422476,0.694393],[0.567297,-0.400495,0.719568]],[[0.368921,0.898665,-0.237272],[-0.685403,0.43546,0.583607],[0.62779,-0.0526787,0.776598]],[[0.368921,0.898665,-0.237272],[-0.907657,0.403299,0.116226],[0.20014,0.172483,0.964466]],[[0.368921,0.898665,-0.237272],[-0.907099,0.292457,-0.302723],[-0.202655,0.32691,0.923072]]],"btipPosition":[54.9465,118.081,-24.6785],"carpPosition":[88.7866,129.121,69.7504],"dipPosition":[50.1438,125.828,-2.80291],"direction":[-0.20014,-0.172483,-0.964465],"extended":false,"handId":121,"id":1210,"length":52.7735,"mcpPosition":[88.7866,129.121,69.7504],"pipPosition":[57.0537,131.783,30.4957],"stabilizedTipPosition":[53.8418,119.863,-19.6471],"timeVisible":0,"tipPosition":[53.8418,119.863,-19.6471],"tipVelocity":[1.19209e-7,1.19209e-7,1.19209e-7],"tool":false,"touchDistance":1,"touchZone":"none","type":0,"width":20.5053},{"bases":[[[0.908617,-0.125444,-0.398345],[0.208792,0.962511,0.173142],[0.361692,-0.240491,0.900746]],[[0.958691,-0.166472,-0.230649],[-0.177926,0.281696,-0.942863],[0.221934,0.944952,0.240439]],[[0.958691,-0.166472,-0.230649],[-0.252161,-0.872609,-0.418291],[-0.131633,0.459173,-0.87854]],[[0.958691,-0.166472,-0.230649],[-0.100805,-0.957067,0.271774],[-0.26599,-0.237297,-0.934312]]],"btipPosition":[71.0874,119.24,23.904],"carpPosition":[99.8638,149.566,63.8002],"dipPosition":[66.4855,115.135,7.73943],"direction":[0.131633,-0.459173,0.87854],"extended":false,"handId":121,"id":1211,"length":59.549,"mcpPosition":[72.9188,167.482,-3.30288],"pipPosition":[63.2638,126.373,-13.763],"stabilizedTipPosition":[70.0289,118.296,20.1861],"timeVisible":0,"tipPosition":[70.0289,118.296,20.1861],"tipVelocity":[1.19209e-7,1.19209e-7,1.19209e-7],"tool":false,"touchDistance":0.333333,"touchZone":"none","type":1,"width":19.5867},{"bases":[[[0.900133,-0.319016,-0.29663],[0.367288,0.921933,0.123038],[0.234222,-0.219699,0.947034]],[[0.884468,-0.305268,-0.352884],[-0.261074,0.303051,-0.916516],[0.386725,0.902758,0.188341]],[[0.884468,-0.305268,-0.352884],[-0.417905,-0.854648,-0.308111],[-0.207535,0.419986,-0.883482]],[[0.884468,-0.305268,-0.352884],[-0.164644,-0.911824,0.376125],[-0.436587,-0.27457,-0.85674]]],"btipPosition":[90.0764,114.412,24.2923],"carpPosition":[111.215,149.822,58.648],"dipPosition":[81.7687,109.188,7.98948],"direction":[0.207535,-0.419986,0.883482],"extended":false,"handId":121,"id":1212,"length":67.8513,"mcpPosition":[94.668,165.343,-8.25775],"pipPosition":[75.7927,121.281,-17.4503],"stabilizedTipPosition":[88.1656,113.211,20.5427],"timeVisible":0,"tipPosition":[88.1656,113.211,20.5427],"tipVelocity":[1.19209e-7,1.19209e-7,1.19209e-7],"tool":false,"touchDistance":0.333333,"touchZone":"none","type":2,"width":19.2367},{"bases":[[[0.894524,-0.416455,-0.162458],[0.43794,0.889312,0.131657],[0.0896466,-0.188917,0.977893]],[[0.887538,-0.404378,-0.220804],[-0.106195,0.286793,-0.952088],[0.448328,0.868463,0.211597]],[[0.887538,-0.404378,-0.220804],[-0.456794,-0.834856,-0.307172],[-0.0601262,0.373489,-0.925684]],[[0.887538,-0.404378,-0.220804],[-0.30933,-0.878165,0.364884],[-0.341454,-0.255547,-0.904492]]],"btipPosition":[104.675,113.945,25.7799],"carpPosition":[122.498,146.896,54.3015],"dipPosition":[98.2149,109.11,8.66727],"direction":[0.0601262,-0.373489,0.925684],"extended":false,"handId":121,"id":1213,"length":65.2408,"mcpPosition":[116.812,158.879,-7.72607],"pipPosition":[96.5282,119.587,-17.2994],"stabilizedTipPosition":[103.189,112.833,21.844],"timeVisible":0,"tipPosition":[103.189,112.833,21.844],"tipVelocity":[1.19209e-7,1.19209e-7,1.19209e-7],"tool":false,"touchDistance":0.333333,"touchZone":"none","type":3,"width":18.305},{"bases":[[[0.814148,-0.576698,-0.0676912],[0.577927,0.793504,0.19066],[-0.0562401,-0.194346,0.979319]],[[0.814693,-0.547319,-0.191619],[0.0292901,0.368855,-0.929026],[0.579152,0.751258,0.316534]],[[0.814693,-0.547319,-0.191619],[-0.576693,-0.730022,-0.366734],[0.0608346,0.409281,-0.910378]],[[0.814693,-0.547319,-0.191619],[-0.482175,-0.822929,0.300491],[-0.322153,-0.152414,-0.934338]]],"btipPosition":[119.353,115.932,16.6984],"carpPosition":[132.37,136.865,51.1955],"dipPosition":[113.73,113.272,0.390331],"direction":[-0.0608346,-0.409281,0.910378],"extended":false,"handId":121,"id":1214,"length":51.1476,"mcpPosition":[135.672,148.277,-6.30656],"pipPosition":[114.935,121.378,-17.6401],"stabilizedTipPosition":[118.06,115.32,12.9475],"timeVisible":0,"tipPosition":[118.06,115.32,12.9475],"tipVelocity":[1.19209e-7,1.19209e-7,1.19209e-7],"tool":false,"touchDistance":0.333333,"touchZone":"none","type":4,"width":16.2599}],"r":[[1,-1.94289e-17,-1.11022e-17],[1.94289e-17,1,-3.33067e-17],[1.11022e-17,3.33067e-17,1]],"s":1,"t":[0,0,0],"timestamp":257528554996},{"currentFrameRate":24.8446,"devices":[],"gestures":[],"hands":[{"armBasis":[[0.983186,-0.0576431,-0.173269],[0.128405,0.892899,0.43156],[0.129835,-0.446553,0.885287]],"armWidth":65.2495,"confidence":0.207047,"direction":[-0.132925,0.484966,-0.864372],"elbow":[158.963,12.1521,324.6],"grabAngle":3.14159,"grabStrength":1,"id":121,"palmNormal":[-0.134235,-0.872885,-0.469099],"palmPosition":[105.156,167.545,15.5012],"palmVelocity":[110.73,395.895,61.6932],"palmWidth":92.1373,"pinchDistance":22.0327,"pinchStrength":0.561443,"r":[[0.999637,0.0187944,0.0193049],[-0.0193998,0.99931,0.0316673],[-0.0186964,-0.0320303,0.999312]],"s":0.996648,"sphereCenter":[102.441,138.769,-17.4108],"sphereRadius":38.9797,"stabilizedPalmPosition":[104.309,164.519,15.0296],"t":[2.20789,7.89395,1.23013],"timeVisible":0.039879,"type":"right","wrist":[123.466,134.242,82.559]}],"id":88875,"interactionBox":{"center":[0,200,0],"size":[235.247,235.247,147.751]},"pointables":[{"bases":[[[0.489277,0.853766,0.178022],[-0.678395,0.244298,0.692891],[0.548077,-0.459785,0.69872]],[[0.25508,0.96275,-0.0896998],[-0.705184,0.248701,0.663976],[0.661551,-0.106112,0.742354]],[[0.25508,0.96275,-0.0896998],[-0.929087,0.269739,0.253059],[0.267828,0.0187885,0.963283]],[[0.25508,0.96275,-0.0896998],[-0.954917,0.236256,-0.179768],[-0.151879,0.131511,0.979611]]],"btipPosition":[52.1108,136.327,-27.8663],"carpPosition":[91.2361,134.754,66.5135],"dipPosition":[48.4871,139.465,-4.49349],"direction":[-0.267828,-0.0187885,-0.963283],"extended":false,"handId":121,"id":1210,"length":53.1312,"mcpPosition":[91.2361,134.754,66.5135],"pipPosition":[57.7967,140.118,28.9897],"stabilizedTipPosition":[51.6664,134.442,-22.0592],"timeVisible":0.039879,"tipPosition":[57.111,137.152,-24.0852],"tipVelocity":[-64.3062,430.95,-71.3024],"tool":false,"touchDistance":1,"touchZone":"none","type":0,"width":20.8374},{"bases":[[[0.945735,0.0285149,-0.323686],[0.088853,0.935483,0.342019],[0.312555,-0.35222,0.882185]],[[0.971068,-0.00494345,-0.238752],[-0.200037,0.529232,-0.82456],[0.130432,0.848463,0.512931]],[[0.971068,-0.00494345,-0.238752],[-0.146016,-0.803407,-0.577249],[-0.188962,0.59541,-0.780885]],[[0.971068,-0.00494345,-0.238752],[0.0276627,-0.990727,0.133025],[-0.237196,-0.135781,-0.961926]]],"btipPosition":[80.2642,133.625,12.7673],"carpPosition":[100.474,156.854,64.9565],"dipPosition":[76.1326,131.26,-3.98783],"direction":[0.188962,-0.59541,0.780885],"extended":false,"handId":121,"id":1211,"length":59.9526,"mcpPosition":[77.1892,183.093,-0.763782],"pipPosition":[71.4764,145.931,-23.2296],"stabilizedTipPosition":[76.3631,128.382,12.496],"timeVisible":0.039879,"tipPosition":[78.2706,131.417,12.5617],"tipVelocity":[232.828,370.745,-282.669],"tool":false,"touchDistance":0.333333,"touchZone":"none","type":1,"width":19.9039},{"bases":[[[0.95017,-0.179231,-0.255055],[0.254302,0.918876,0.301657],[0.180297,-0.351487,0.918667]],[[0.937649,-0.157832,-0.309683],[-0.180428,0.540505,-0.821767],[0.297086,0.826404,0.478326]],[[0.937649,-0.157832,-0.309683],[-0.306115,-0.797008,-0.520645],[-0.164645,0.582981,-0.795629]],[[0.937649,-0.157832,-0.309683],[-0.108901,-0.979498,0.16948],[-0.330083,-0.125188,-0.935614]]],"btipPosition":[95.8661,128.749,13.611],"carpPosition":[112.105,159.028,61.0274],"dipPosition":[89.5424,126.35,-4.31341],"direction":[0.164645,-0.582981,0.795629],"extended":false,"handId":121,"id":1212,"length":68.3112,"mcpPosition":[99.3679,183.86,-3.87432],"pipPosition":[84.7694,143.251,-27.3788],"stabilizedTipPosition":[91.9562,122.306,13.8341],"timeVisible":0.039879,"tipPosition":[95.6484,127.587,13.5437],"tipVelocity":[156.625,375.8,-277.196],"tool":false,"touchDistance":0.333333,"touchZone":"none","type":2,"width":19.5482},{"bases":[[[0.944454,-0.297757,-0.139095],[0.327156,0.89205,0.311795],[0.0312403,-0.339982,0.939913]],[[0.940881,-0.276835,-0.195206],[-0.0109763,0.551056,-0.834396],[0.338559,0.78721,0.51544]],[[0.940881,-0.276835,-0.195206],[-0.33872,-0.763215,-0.550247],[0.00334364,0.583837,-0.811864]],[[0.940881,-0.276835,-0.195206],[-0.25209,-0.957173,0.142374],[-0.22626,-0.0847477,-0.970373]]],"btipPosition":[110.762,128.773,15.6971],"carpPosition":[123.95,157.939,57.3819],"dipPosition":[106.452,127.159,-2.78642],"direction":[-0.00334364,-0.583837,0.811864],"extended":false,"handId":121,"id":1213,"length":65.683,"mcpPosition":[121.968,179.504,-2.23654],"pipPosition":[106.547,143.647,-25.7146],"stabilizedTipPosition":[107.597,123.26,14.8799],"timeVisible":0.039879,"tipPosition":[110.626,128.208,15.8393],"tipVelocity":[165.042,390.399,-260.742],"tool":false,"touchDistance":0.333333,"touchZone":"none","type":3,"width":18.6014},{"bases":[[[0.874597,-0.478377,-0.0789682],[0.471536,0.801314,0.368171],[-0.112847,-0.359238,0.926398]],[[0.881761,-0.42262,-0.209497],[0.10758,0.612612,-0.783029],[0.459264,0.667907,0.585643]],[[0.881761,-0.42262,-0.209497],[-0.452971,-0.634767,-0.626009],[0.131582,0.646887,-0.751148]],[[0.881761,-0.42262,-0.209497],[-0.422728,-0.90506,0.0465497],[-0.20928,0.0475145,-0.976701]]],"btipPosition":[126.19,132.821,10.3346],"carpPosition":[135.065,149.538,53.6997],"dipPosition":[122.512,133.656,-6.82845],"direction":[-0.131582,-0.646887,0.751148],"extended":false,"handId":121,"id":1214,"length":51.4943,"mcpPosition":[141.691,170.631,-0.695005],"pipPosition":[125.136,146.555,-21.8061],"stabilizedTipPosition":[124.412,130.75,7.22612],"timeVisible":0.039879,"tipPosition":[126.015,133.309,9.96818],"tipVelocity":[182.647,443.655,-164.51],"tool":false,"touchDistance":0.333333,"touchZone":"none","type":4,"width":16.5232}],"r":[[0.999637,0.0187944,0.0193049],[-0.0193998,0.99931,0.0316673],[-0.0186964,-0.0320303,0.999312]],"s":0.996648,"t":[2.20789,7.89395,1.23013],"timestamp":257528594875},{"currentFrameRate":25.8756,"devices":[],"gestures":[],"hands":[{"armBasis":[[0.95646,-0.00018287,-0.291863],[0.156117,0.845238,0.511078],[0.2466,-0.53439,0.808465]],"armWidth":65.2495,"confidence":0.358288,"direction":[-0.103959,0.51276,-0.852215],"elbow":[192.177,-6.98873,302.416],"grabAngle":3.14159,"grabStrength":1,"id":121,"palmNormal":[-0.154233,-0.854803,-0.495503],"palmPosition":[106.968,175.516,15.6941],"palmVelocity":[57.9104,254.735,6.16235],"palmWidth":92.1373,"pinchDistance":23.0163,"pinchStrength":0.595158,"r":[[0.998906,0.0268368,0.0382897],[-0.0291889,0.997633,0.0622557],[-0.0365283,-0.0633053,0.997325]],"s":0.983722,"sphereCenter":[103.873,146.27,-19.6256],"sphereRadius":39.4502,"stabilizedPalmPosition":[106.646,174.186,15.6137],"t":[4.21785,15.8263,1.94161],"timeVisible":0.071169,"type":"right","wrist":[124.756,139.116,81.3784]}],"id":88876,"interactionBox":{"center":[0,200,0],"size":[235.247,235.247,147.751]},"pointables":[{"bases":[[[0.51304,0.832453,0.209315],[-0.681204,0.246493,0.689349],[0.522256,-0.49625,0.693531]],[[0.299495,0.953044,-0.0448272],[-0.700865,0.25164,0.667432],[0.647372,-0.168474,0.743321]],[[0.299495,0.953044,-0.0448272],[-0.908306,0.299186,0.292348],[0.292033,-0.04684,0.955261]],[[0.299495,0.953044,-0.0448272],[-0.94949,0.293107,-0.112053],[-0.0936526,0.0761223,0.992691]]],"btipPosition":[50.5817,150.11,-28.9144],"carpPosition":[91.2209,141.783,65.5474],"dipPosition":[48.3472,151.927,-5.22954],"direction":[-0.292033,0.04684,-0.955261],"extended":false,"handId":121,"id":1210,"length":53.1312,"mcpPosition":[91.2209,141.783,65.5474],"pipPosition":[58.4982,150.298,27.9748],"stabilizedTipPosition":[50.1073,150.131,-23.4321],"timeVisible":0.071169,"tipPosition":[56.7507,148.381,-25.0125],"tipVelocity":[-38.6569,430.79,-31.2029],"tool":false,"touchDistance":1,"touchZone":"none","type":0,"width":20.8374},{"bases":[[[0.951147,0.00730082,-0.308653],[0.112852,0.92232,0.369581],[0.287375,-0.386358,0.876438]],[[0.949891,0.00897741,-0.312453],[-0.242807,0.650706,-0.719463],[0.196856,0.759277,0.620279]],[[0.949891,0.00897741,-0.312453],[-0.209069,-0.724848,-0.656419],[-0.232374,0.68885,-0.68665]],[[0.949891,0.00897741,-0.312453],[0.0152914,-0.999725,0.0177634],[-0.312208,-0.0216512,-0.949767]]],"btipPosition":[82.3061,142.541,5.75597],"carpPosition":[101.173,163.611,64.7526],"dipPosition":[76.868,142.164,-10.7873],"direction":[0.232374,-0.68885,0.68665],"extended":false,"handId":121,"id":1211,"length":59.9526,"mcpPosition":[79.7641,192.393,-0.539516],"pipPosition":[71.142,159.138,-27.7071],"stabilizedTipPosition":[79.4423,137.617,5.57603],"timeVisible":0.071169,"tipPosition":[79.6407,141.006,8.43754],"tipVelocity":[55.6547,299.566,-222.518],"tool":false,"touchDistance":0.333333,"touchZone":"none","type":1,"width":19.9039},{"bases":[[[0.947959,-0.202305,-0.245857],[0.278312,0.90157,0.331231],[0.154647,-0.382419,0.910956]],[[0.93698,-0.17901,-0.300039],[-0.117531,0.647226,-0.753183],[0.329021,0.740982,0.585399]],[[0.93698,-0.17901,-0.300039],[-0.333756,-0.712559,-0.617144],[-0.103321,0.678391,-0.727399]],[[0.93698,-0.17901,-0.300039],[-0.173915,-0.983785,0.0438342],[-0.303021,0.0111097,-0.952919]]],"btipPosition":[94.635,136.248,7.28043],"carpPosition":[112.928,165.521,61.0599],"dipPosition":[88.8298,136.46,-10.9755],"direction":[0.103321,-0.678391,0.727399],"extended":false,"handId":121,"id":1212,"length":68.3112,"mcpPosition":[102.002,192.538,-3.29703],"pipPosition":[85.8345,156.127,-32.0629],"stabilizedTipPosition":[92.6885,129.93,7.97424],"timeVisible":0.071169,"tipPosition":[95.3611,136.054,9.663],"tipVelocity":[-35.5343,258.85,-204.756],"tool":false,"touchDistance":0.333333,"touchZone":"none","type":2,"width":19.5482},{"bases":[[[0.936689,-0.323761,-0.133388],[0.350116,0.872162,0.34169],[0.00571002,-0.366759,0.930299]],[[0.934661,-0.301186,-0.188932],[0.0546458,0.646776,-0.76072],[0.351315,0.700691,0.620975]],[[0.934661,-0.301186,-0.188932],[-0.34848,-0.670683,-0.654787],[0.0704989,0.677843,-0.731819]],[[0.934661,-0.301186,-0.188932],[-0.301371,-0.953082,0.0284529],[-0.188638,0.0303449,-0.981578]]],"btipPosition":[110.025,135.783,9.63234],"carpPosition":[124.788,164.156,57.5616],"dipPosition":[106.432,136.361,-9.06456],"direction":[-0.0704989,-0.677843,0.731819],"extended":false,"handId":121,"id":1213,"length":65.683,"mcpPosition":[124.426,187.42,-1.44701],"pipPosition":[108.423,155.504,-29.7322],"stabilizedTipPosition":[108.498,130.376,9.51105],"timeVisible":0.071169,"tipPosition":[110.613,135.997,12.1981],"tipVelocity":[-18.2782,240.137,-195.392],"tool":false,"touchDistance":0.333333,"touchZone":"none","type":3,"width":18.6014},{"bases":[[[0.860243,-0.50366,-0.0794309],[0.490663,0.775336,0.397622],[-0.138681,-0.381025,0.914105]],[[0.870634,-0.454734,-0.187655],[0.208476,0.686582,-0.696522],[0.445573,0.567293,0.692563]],[[0.870634,-0.454734,-0.187655],[-0.428331,-0.513145,-0.743784],[0.24193,0.727942,-0.641538]],[[0.870634,-0.454734,-0.187655],[-0.476249,-0.874695,-0.0899774],[-0.123225,0.167708,-0.978105]]],"btipPosition":[125.112,139.971,5.15088],"carpPosition":[135.69,155.51,53.8093],"dipPosition":[122.947,142.918,-12.0368],"direction":[-0.24193,-0.727942,0.641538],"extended":false,"handId":121,"id":1214,"length":51.4943,"mcpPosition":[143.833,177.883,0.136464],"pipPosition":[127.771,157.433,-24.8288],"stabilizedTipPosition":[124.569,138.439,2.54333],"timeVisible":0.071169,"tipPosition":[126.227,140.758,7.26169],"tipVelocity":[-23.312,244.044,-165.847],"tool":false,"touchDistance":0.333333,"touchZone":"none","type":4,"width":16.5232}],"r":[[0.998906,0.0268368,0.0382897],[-0.0291889,0.997633,0.0622557],[-0.0365283,-0.0633053,0.997325]],"s":0.983722,"t":[4.21785,15.8263,1.94161],"timestamp":257528626165},{"currentFrameRate":28.8222,"devices":[],"gestures":[],"hands":[{"armBasis":[[0.951213,0.0489008,-0.304635],[0.127737,0.836349,0.533108],[0.28085,-0.546013,0.789299]],"armWidth":65.2495,"confidence":0.42531,"direction":[-0.125394,0.53964,-0.832505],"elbow":[201.702,-7.13135,294.945],"grabAngle":3.14159,"grabStrength":1,"id":121,"palmNormal":[-0.126675,-0.840969,-0.526047],"palmPosition":[105.454,180.197,14.8711],"palmVelocity":[-100.671,311.187,-54.7181],"palmWidth":92.1373,"pinchDistance":22.9199,"pinchStrength":0.617409,"r":[[0.997802,0.0394537,0.0532318],[-0.0443342,0.994598,0.0938575],[-0.0492412,-0.0960112,0.994162]],"s":0.975017,"sphereCenter":[102.936,152.173,-21.492],"sphereRadius":39.4076,"stabilizedPalmPosition":[105.767,178.615,15.0665],"t":[4.46573,22.1327,1.88584],"timeVisible":0.08621,"type":"right","wrist":[124.917,142.151,79.1471]}],"id":88877,"interactionBox":{"center":[0,200,0],"size":[235.247,235.247,147.751]},"pointables":[{"bases":[[[0.484787,0.841594,0.23812],[-0.686319,0.197276,0.700035],[0.54217,-0.502794,0.673239]],[[0.268416,0.963267,-0.00829962],[-0.704173,0.202084,0.680663],[0.657338,-0.176857,0.73255]],[[0.268416,0.963267,-0.00829962],[-0.916212,0.257946,0.306627],[0.297505,-0.0746995,0.951793]],[[0.268416,0.963267,-0.00829962],[-0.957998,0.266025,-0.107104],[-0.100962,0.0366994,0.994213]]],"btipPosition":[49.9448,154.796,-30.3313],"carpPosition":[91.1035,144.136,63.502],"dipPosition":[47.5359,155.672,-6.61005],"direction":[-0.297505,0.0746995,-0.951793],"extended":false,"handId":121,"id":1210,"length":53.1312,"mcpPosition":[91.1035,144.136,63.502],"pipPosition":[57.877,153.075,26.4738],"stabilizedTipPosition":[49.4995,154.259,-24.6564],"timeVisible":0.08621,"tipPosition":[55.8785,152.886,-26.6073],"tipVelocity":[-45.0134,297.162,-93.643],"tool":false,"touchDistance":0.924436,"touchZone":"hovering","type":0,"width":20.8374},{"bases":[[[0.948964,0.0516726,-0.311123],[0.0824289,0.911562,0.402815],[0.304422,-0.407902,0.86078]],[[0.950907,0.0490413,-0.305566],[-0.255378,0.682056,-0.685261],[0.174807,0.729654,0.661096]],[[0.950907,0.0490413,-0.305566],[-0.187066,-0.695487,-0.693761],[-0.24654,0.716863,-0.652169]],[[0.950907,0.0490413,-0.305566],[0.0366873,-0.998265,-0.0460456],[-0.307294,0.0325747,-0.951057]]],"btipPosition":[81.3818,146.509,3.03249],"carpPosition":[100.289,166.312,63.4776],"dipPosition":[76.0292,147.077,-13.5333],"direction":[0.24654,-0.716863,0.652169],"extended":false,"handId":121,"id":1211,"length":59.9526,"mcpPosition":[77.6106,196.699,-0.648129],"pipPosition":[69.9542,164.741,-29.6034],"stabilizedTipPosition":[79.7478,141.508,2.83604],"timeVisible":0.08621,"tipPosition":[79.3576,145.139,6.01085],"tipVelocity":[-60.1449,278.284,-181.414],"tool":false,"touchDistance":0.333333,"touchZone":"none","type":1,"width":19.9039},{"bases":[[[0.953318,-0.160073,-0.256049],[0.248339,0.897998,0.363217],[0.17179,-0.409848,0.895831]],[[0.941302,-0.135209,-0.309306],[-0.140563,0.676069,-0.723306],[0.306909,0.724326,0.61738]],[[0.941302,-0.135209,-0.309306],[-0.311121,-0.703013,-0.639513],[-0.130978,0.698206,-0.703813]],[[0.941302,-0.135209,-0.309306],[-0.141414,-0.989948,0.00238121],[-0.306518,0.0414986,-0.95096]]],"btipPosition":[94.4062,141.09,4.81726],"carpPosition":[111.955,168.764,59.821],"dipPosition":[88.5339,141.885,-13.4011],"direction":[0.130978,-0.698206,0.703813],"extended":false,"handId":121,"id":1212,"length":68.3112,"mcpPosition":[99.818,197.718,-3.46736],"pipPosition":[84.7368,162.126,-33.8047],"stabilizedTipPosition":[92.8334,134.408,5.07397],"timeVisible":0.08621,"tipPosition":[95.1452,140.618,7.27279],"tipVelocity":[-16.2411,330.827,-163.19],"tool":false,"touchDistance":0.333333,"touchZone":"none","type":2,"width":19.5482},{"bases":[[[0.946756,-0.285877,-0.148076],[0.321165,0.870744,0.372367],[0.0224854,-0.400098,0.916196]],[[0.943704,-0.261371,-0.202749],[0.0305331,0.679134,-0.733379],[0.329378,0.685903,0.648882]],[[0.943704,-0.261371,-0.202749],[-0.328385,-0.666471,-0.669313],[0.039813,0.698213,-0.714782]],[[0.943704,-0.261371,-0.202749],[-0.266833,-0.963743,0.000409468],[-0.195505,0.0537137,-0.979231]]],"btipPosition":[110.01,141.335,7.40651],"carpPosition":[123.839,167.941,56.2383],"dipPosition":[106.286,142.358,-11.2457],"direction":[-0.039813,-0.698213,0.714782],"extended":false,"handId":121,"id":1213,"length":65.683,"mcpPosition":[122.413,193.319,-1.87583],"pipPosition":[107.41,162.077,-31.4321],"stabilizedTipPosition":[108.79,135.361,6.66365],"timeVisible":0.08621,"tipPosition":[110.41,141.001,9.69918],"tipVelocity":[-3.04521,375.974,-147.301],"tool":false,"touchDistance":0.333333,"touchZone":"none","type":3,"width":18.6014},{"bases":[[[0.876828,-0.470179,-0.100518],[0.465227,0.776888,0.424274],[-0.121393,-0.418779,0.899938]],[[0.88485,-0.421462,-0.19852],[0.190875,0.716687,-0.670766],[0.424979,0.555635,0.714607]],[[0.88485,-0.421462,-0.19852],[-0.411401,-0.506939,-0.75747],[0.218607,0.751919,-0.621955]],[[0.88485,-0.421462,-0.19852],[-0.447248,-0.887778,-0.108718],[-0.130421,0.184987,-0.974048]]],"btipPosition":[124.76,146.139,3.05463],"carpPosition":[135.018,159.823,52.1376],"dipPosition":[122.468,149.39,-14.0618],"direction":[-0.218607,-0.751919,0.621955],"extended":false,"handId":121,"id":1214,"length":51.4943,"mcpPosition":[142.146,184.412,-0.703412],"pipPosition":[126.827,164.383,-26.4633],"stabilizedTipPosition":[124.349,143.954,0.306889],"timeVisible":0.08621,"tipPosition":[125.829,146.472,4.96312],"tipVelocity":[-25.3952,414.698,-138.279],"tool":false,"touchDistance":0.333333,"touchZone":"none","type":4,"width":16.5232}],"r":[[0.997802,0.0394537,0.0532318],[-0.0443342,0.994598,0.0938575],[-0.0492412,-0.0960112,0.994162]],"s":0.975017,"t":[4.46573,22.1327,1.88584],"timestamp":257528641206},{"currentFrameRate":31.5529,"devices":[],"gestures":[],"hands":[{"armBasis":[[0.943323,0.0476196,-0.328441],[0.137676,0.844328,0.517838],[0.301971,-0.533707,0.789918]],"armWidth":65.2495,"confidence":0.488002,"direction":[-0.134672,0.550346,-0.824004],"elbow":[208.13,0.734012,294.432],"grabAngle":3.14159,"grabStrength":1,"id":121,"palmNormal":[-0.140319,-0.833791,-0.53395],"palmPosition":[105.228,185.334,14.8196],"palmVelocity":[-14.9821,341.397,-3.42169],"palmWidth":92.1373,"pinchDistance":23.4718,"pinchStrength":0.636957,"r":[[0.996903,0.047745,0.0624919],[-0.0550747,0.991077,0.121379],[-0.056139,-0.124444,0.990637]],"s":0.966838,"sphereCenter":[102.233,157.215,-22.4129],"sphereRadius":39.7227,"stabilizedPalmPosition":[105.317,184.23,14.8601],"t":[4.47694,27.8548,1.83221],"timeVisible":0.101259,"type":"right","wrist":[125.57,146.652,78.4652]}],"id":88878,"interactionBox":{"center":[0,200,0],"size":[235.247,235.247,147.751]},"pointables":[{"bases":[[[0.49394,0.835565,0.24053],[-0.674116,0.193284,0.712888],[0.549173,-0.514269,0.658739]],[[0.271992,0.962292,-0.00370619],[-0.697295,0.199742,0.688392],[0.663175,-0.184653,0.72533]],[[0.271992,0.962292,-0.00370619],[-0.905895,0.257346,0.336345],[0.324616,-0.0881256,0.941732]],[[0.271992,0.962292,-0.00370619],[-0.96086,0.271372,-0.0557145],[-0.0526079,0.018715,0.99844]]],"btipPosition":[47.8434,160.738,-29.983],"carpPosition":[91.3931,148.787,63.2364],"dipPosition":[46.5882,161.184,-6.16096],"direction":[-0.324616,0.0881256,-0.941732],"extended":false,"handId":121,"id":1210,"length":53.1312,"mcpPosition":[91.3931,148.787,63.2364],"pipPosition":[57.8717,158.121,26.5732],"stabilizedTipPosition":[47.7751,160.095,-24.5212],"timeVisible":0.101259,"tipPosition":[54.4397,158.95,-26.1121],"tipVelocity":[-122.006,388.245,24.682],"tool":false,"touchDistance":0.870898,"touchZone":"hovering","type":0,"width":20.8374},{"bases":[[[0.944368,0.0493093,-0.325173],[0.0946419,0.906135,0.412265],[0.31498,-0.420105,0.851058]],[[0.943452,0.0505254,-0.327636],[-0.261467,0.720987,-0.641727],[0.203798,0.691104,0.693427]],[[0.943452,0.0505254,-0.327636],[-0.216144,-0.655608,-0.723505],[-0.251356,0.753409,-0.607614]],[[0.943452,0.0505254,-0.327636],[0.0136516,-0.9934,-0.113884],[-0.331228,0.102971,-0.937915]]],"btipPosition":[80.2952,151.571,0.868658],"carpPosition":[100.723,170.903,63.3324],"dipPosition":[74.5258,153.365,-15.4682],"direction":[0.251356,-0.753409,0.607614],"extended":false,"handId":121,"id":1211,"length":59.9526,"mcpPosition":[77.2582,202.199,-0.0690751],"pipPosition":[68.3321,171.93,-30.4405],"stabilizedTipPosition":[79.3262,147.173,-0.260087],"timeVisible":0.101259,"tipPosition":[78.7933,150.734,4.83255],"tipVelocity":[-78.5745,355.093,-140.287],"tool":false,"touchDistance":0.333333,"touchZone":"none","type":1,"width":19.9039},{"bases":[[[0.948177,-0.163103,-0.272688],[0.259828,0.891983,0.36994],[0.182894,-0.42162,0.888136]],[[0.935503,-0.137527,-0.325453],[-0.13754,0.706722,-0.693994],[0.325448,0.693996,0.642225]],[[0.935503,-0.137527,-0.325453],[-0.330475,-0.66643,-0.668324],[-0.124979,0.732773,-0.668897]],[[0.935503,-0.137527,-0.325453],[-0.162823,-0.985301,-0.0516692],[-0.313563,0.101328,-0.944145]]],"btipPosition":[93.0639,145.823,2.70077],"carpPosition":[112.347,173.323,59.5245],"dipPosition":[87.0567,147.764,-15.3871],"direction":[0.124979,-0.732773,0.668897],"extended":false,"handId":121,"id":1212,"length":68.3112,"mcpPosition":[99.4257,203.11,-3.22022],"pipPosition":[83.4336,169.008,-34.7785],"stabilizedTipPosition":[92.2654,140.261,1.85012],"timeVisible":0.101259,"tipPosition":[94.2104,145.957,5.93969],"tipVelocity":[-91.2528,332.056,-138.645],"tool":false,"touchDistance":0.333333,"touchZone":"none","type":2,"width":19.5482},{"bases":[[[0.942453,-0.290144,-0.166125],[0.332605,0.864156,0.377636],[0.0339893,-0.411158,0.91093]],[[0.938719,-0.264968,-0.220449],[0.0334263,0.706539,-0.706884],[0.343058,0.656197,0.672099]],[[0.938719,-0.264968,-0.220449],[-0.341625,-0.630226,-0.697214],[0.0458061,0.729799,-0.682125]],[[0.938719,-0.264968,-0.220449],[-0.281944,-0.958184,-0.0488937],[-0.198276,0.108052,-0.974172]]],"btipPosition":[108.87,145.989,5.1745],"carpPosition":[124.169,172.468,55.7484],"dipPosition":[105.093,148.047,-13.3813],"direction":[-0.0458061,-0.729799,0.682125],"extended":false,"handId":121,"id":1213,"length":65.683,"mcpPosition":[122.013,198.547,-2.03169],"pipPosition":[106.387,168.658,-32.6455],"stabilizedTipPosition":[108.373,141.234,3.61802],"timeVisible":0.101259,"tipPosition":[109.649,146.204,8.23322],"tipVelocity":[-76.525,325.082,-146.844],"tool":false,"touchDistance":0.333333,"touchZone":"none","type":3,"width":18.6014},{"bases":[[[0.872055,-0.47455,-0.119676],[0.47683,0.768765,0.426185],[-0.110243,-0.428722,0.896685]],[[0.878408,-0.434483,-0.199058],[0.213304,0.729157,-0.650255],[0.427669,0.528729,0.733174]],[[0.878408,-0.434483,-0.199058],[-0.408492,-0.466395,-0.784608],[0.24806,0.77052,-0.587168]],[[0.878408,-0.434483,-0.199058],[-0.46632,-0.870394,-0.157984],[-0.104617,0.231599,-0.96717]]],"btipPosition":[123.179,151.007,1.00295],"carpPosition":[135.23,164.327,51.3788],"dipPosition":[121.34,155.077,-15.9926],"direction":[-0.24806,-0.77052,0.587168],"extended":false,"handId":121,"id":1214,"length":51.4943,"mcpPosition":[141.703,189.5,-1.27123],"pipPosition":[126.286,170.441,-27.7005],"stabilizedTipPosition":[123.25,149.467,-1.9103],"timeVisible":0.101259,"tipPosition":[124.995,151.632,3.53507],"tipVelocity":[-98.124,336.021,-134.485],"tool":false,"touchDistance":0.333333,"touchZone":"none","type":4,"width":16.5232}],"r":[[0.996903,0.047745,0.0624919],[-0.0550747,0.991077,0.121379],[-0.056139,-0.124444,0.990637]],"s":0.966838,"t":[4.47694,27.8548,1.83221],"timestamp":257528656255},{"currentFrameRate":34.0868,"devices":[],"gestures":[],"hands":[{"armBasis":[[0.935517,0.0594965,-0.348234],[0.14175,0.839674,0.524265],[0.323595,-0.539821,0.777096]],"armWidth":65.2495,"confidence":0.545986,"direction":[-0.138808,0.56834,-0.811],"elbow":[213.719,2.51364,289.808],"grabAngle":3.14159,"grabStrength":1,"id":121,"palmNormal":[-0.146319,-0.82171,-0.550802],"palmPosition":[104.376,190.086,14.6663],"palmVelocity":[-56.6488,316.005,-10.1901],"palmWidth":92.1373,"pinchDistance":23.87,"pinchStrength":0.657126,"r":[[0.996196,0.053364,0.0688961],[-0.0630799,0.987036,0.14758],[-0.0601275,-0.151365,0.986648]],"s":0.959017,"sphereCenter":[101.256,162.29,-23.6887],"sphereRadius":40.0108,"stabilizedPalmPosition":[104.469,189.507,14.6855],"t":[4.05666,33.0915,1.72878],"timeVisible":0.116295,"type":"right","wrist":[125.247,150.103,77.3463]}],"id":88879,"interactionBox":{"center":[0,200,0],"size":[235.247,235.247,147.751]},"pointables":[{"bases":[[[0.497914,0.828877,0.255039],[-0.668648,0.179647,0.721552],[0.552261,-0.529802,0.643675]],[[0.270063,0.962785,0.0105548],[-0.698042,0.188228,0.690874],[0.663176,-0.193947,0.722898]],[[0.270063,0.962785,0.0105548],[-0.900022,0.248532,0.35804],[0.342092,-0.106193,0.933647]],[[0.270063,0.962785,0.0105548],[-0.962603,0.270224,-0.0193739],[-0.021505,-0.00492793,0.999757]]],"btipPosition":[45.8739,166.152,-30.4674],"carpPosition":[90.7733,152.54,62.3795],"dipPosition":[45.3608,166.035,-6.61395],"direction":[-0.342092,0.106193,-0.933647],"extended":false,"handId":121,"id":1210,"length":53.1312,"mcpPosition":[90.7733,152.54,62.3795],"pipPosition":[57.2517,162.343,25.8391],"stabilizedTipPosition":[45.9283,165.61,-24.9419],"timeVisible":0.116295,"tipPosition":[52.8526,164.795,-26.3945],"tipVelocity":[-119.633,351.472,-31.7356],"tool":false,"touchDistance":0.809983,"touchZone":"hovering","type":0,"width":20.8374},{"bases":[[[0.94224,0.0538158,-0.330588],[0.100007,0.896781,0.431024],[0.319661,-0.439189,0.839601]],[[0.937439,0.0602658,-0.342894],[-0.26611,0.759095,-0.594104],[0.224485,0.648184,0.727643]],[[0.937439,0.0602658,-0.342894],[-0.237502,-0.609444,-0.75642],[-0.254561,0.790536,-0.557003]],[[0.937439,0.0602658,-0.342894],[-0.00448238,-0.982733,-0.184976],[-0.348121,0.174941,-0.920982]]],"btipPosition":[78.8558,156.425,-1.76376],"carpPosition":[100.166,174.623,62.8871],"dipPosition":[72.7922,159.472,-17.8057],"direction":[0.254561,-0.790536,0.557003],"extended":false,"handId":121,"id":1211,"length":59.9526,"mcpPosition":[76.3517,207.342,0.339171],"pipPosition":[66.5195,178.952,-31.5308],"stabilizedTipPosition":[78.2286,153.031,-3.31651],"timeVisible":0.116295,"tipPosition":[77.7402,155.936,3.00716],"tipVelocity":[-100.229,341.988,-170.562],"tool":false,"touchDistance":0.333333,"touchZone":"none","type":1,"width":19.9039},{"bases":[[[0.945817,-0.159688,-0.282718],[0.264858,0.883109,0.387258],[0.187831,-0.441155,0.877554]],[[0.932852,-0.132947,-0.334831],[-0.131335,0.739955,-0.65971],[0.335467,0.659387,0.672808]],[[0.932852,-0.132947,-0.334831],[-0.340704,-0.627618,-0.700012],[-0.117081,0.767086,-0.63077]],[[0.932852,-0.132947,-0.334831],[-0.180077,-0.977053,-0.113755],[-0.312025,0.166412,-0.935386]]],"btipPosition":[91.3869,150.434,0.199531],"carpPosition":[111.769,177.095,59.0516],"dipPosition":[85.4092,153.622,-17.7205],"direction":[0.117081,-0.767086,0.63077],"extended":false,"handId":121,"id":1212,"length":68.3112,"mcpPosition":[98.4995,208.261,-2.94554],"pipPosition":[82.015,175.86,-36.0066],"stabilizedTipPosition":[90.9814,146.475,-1.43885],"timeVisible":0.116295,"tipPosition":[92.8601,150.962,4.09424],"tipVelocity":[-111.084,325.714,-163.783],"tool":false,"touchDistance":0.333333,"touchZone":"none","type":2,"width":19.5482},{"bases":[[[0.940474,-0.288982,-0.178881],[0.337608,0.85493,0.393846],[0.039116,-0.430794,0.901602]],[[0.936436,-0.26263,-0.232623],[0.0397201,0.738147,-0.67347],[0.348583,0.621422,0.701659]],[[0.936436,-0.26263,-0.232623],[-0.346678,-0.590869,-0.728483],[0.0538721,0.762823,-0.64436]],[[0.936436,-0.26263,-0.232623],[-0.29244,-0.950612,-0.103996],[-0.193822,0.165414,-0.966991]]],"btipPosition":[107.374,150.615,2.64389],"carpPosition":[123.563,176.29,55.1759],"dipPosition":[103.683,153.766,-15.7752],"direction":[-0.0538721,-0.762823,0.64436],"extended":false,"handId":121,"id":1213,"length":65.683,"mcpPosition":[121.082,203.615,-2.01252],"pipPosition":[105.204,175.309,-33.9728],"stabilizedTipPosition":[107.271,147.26,0.511353],"timeVisible":0.116295,"tipPosition":[108.44,151.118,6.36564],"tipVelocity":[-98.1823,324.384,-166.211],"tool":false,"touchDistance":0.333333,"touchZone":"none","type":3,"width":18.6014},{"bases":[[[0.869883,-0.47416,-0.135927],[0.481897,0.758135,0.439326],[-0.10526,-0.447665,0.887984]],[[0.87498,-0.44311,-0.195101],[0.244881,0.752654,-0.611184],[0.417665,0.486997,0.767066]],[[0.87498,-0.44311,-0.195101],[-0.392665,-0.41372,-0.821371],[0.283241,0.795292,-0.53599]],[[0.87498,-0.44311,-0.195101],[-0.479274,-0.849817,-0.219335],[-0.0686104,0.28542,-0.955944]]],"btipPosition":[121.253,156.073,-1.74922],"carpPosition":[134.57,168.216,50.5552],"dipPosition":[120.047,161.089,-18.5475],"direction":[-0.283241,-0.795292,0.53599],"extended":false,"handId":121,"id":1214,"length":51.4943,"mcpPosition":[140.751,194.502,-1.58395],"pipPosition":[125.695,176.946,-29.2349],"stabilizedTipPosition":[121.66,154.893,-4.49907],"timeVisible":0.116295,"tipPosition":[123.633,156.655,1.6039],"tipVelocity":[-118.386,351.377,-180.021],"tool":false,"touchDistance":0.333333,"touchZone":"none","type":4,"width":16.5232}],"r":[[0.996196,0.053364,0.0688961],[-0.0630799,0.987036,0.14758],[-0.0601275,-0.151365,0.986648]],"s":0.959017,"t":[4.05666,33.0915,1.72878],"timestamp":257528671291},{"currentFrameRate":36.7756,"devices":[],"gestures":[],"hands":[{"armBasis":[[0.933559,0.0672063,-0.352068],[0.142053,0.83245,0.535581],[0.329073,-0.550009,0.767594]],"armWidth":65.2495,"confidence":0.592438,"direction":[-0.138652,0.587659,-0.79714],"elbow":[215.027,2.60556,287],"grabAngle":3.14159,"grabStrength":1,"id":121,"palmNormal":[-0.148089,-0.808168,-0.57003],"palmPosition":[104.129,194.382,15.3962],"palmVelocity":[-18.9102,329.102,55.9102],"palmWidth":92.1373,"pinchDistance":24.4561,"pinchStrength":0.677663,"r":[[0.995608,0.0570814,0.074199],[-0.0692291,0.982467,0.173108],[-0.0630168,-0.177485,0.982104]],"s":0.951821,"sphereCenter":[100.939,166.988,-24.1991],"sphereRadius":40.3546,"stabilizedPalmPosition":[104.159,193.964,15.3352],"t":[3.72309,37.8579,2.042],"timeVisible":0.129349,"type":"right","wrist":[125.057,152.98,77.1367]}],"id":88880,"interactionBox":{"center":[0,200,0],"size":[235.247,235.247,147.751]},"pointables":[{"bases":[[[0.49943,0.82182,0.274193],[-0.667721,0.163478,0.72624],[0.552014,-0.54579,0.630392]],[[0.266598,0.963394,0.0282538],[-0.700952,0.173686,0.691736],[0.661507,-0.20422,0.721597]],[[0.266598,0.963394,0.0282538],[-0.89576,0.236849,0.376187],[0.355724,-0.125599,0.926113]],[[0.266598,0.963394,0.0282538],[-0.963804,0.266395,0.0107925],[0.00287075,-0.0301083,0.999543]]],"btipPosition":[44.6405,171.141,-30.2976],"carpPosition":[90.5109,155.734,62.2166],"dipPosition":[44.709,170.423,-6.44918],"direction":[-0.355724,0.125599,-0.926113],"extended":false,"handId":121,"id":1210,"length":53.1312,"mcpPosition":[90.5109,155.734,62.2166],"pipPosition":[57.0737,166.057,25.742],"stabilizedTipPosition":[44.7753,170.473,-24.8246],"timeVisible":0.129349,"tipPosition":[52.0717,170.201,-26.1247],"tipVelocity":[-84.2403,371.571,12.9235],"tool":false,"touchDistance":0.764849,"touchZone":"hovering","type":0,"width":20.8374},{"bases":[[[0.942025,0.0602109,-0.330096],[0.101786,0.886134,0.452112],[0.319731,-0.459501,0.828632]],[[0.934173,0.0710978,-0.349666],[-0.264618,0.79543,-0.545223],[0.239371,0.60186,0.761883]],[[0.934173,0.0710978,-0.349666],[-0.254424,-0.554354,-0.79244],[-0.250179,0.829239,-0.499773]],[[0.934173,0.0710978,-0.349666],[-0.0248013,-0.96464,-0.2624],[-0.355958,0.253799,-0.899377]]],"btipP