{"frames":199,"data":[{"currentFrameRate":24.2031,"devices":[],"gestures":[],"hands":[],"id":81064,"interactionBox":{"center":[0,200,0],"size":[235.247,235.247,147.751]},"pointables":[],"r":[[-0.962136,-0.269906,0.0380192],[0.215739,-0.839331,-0.498979],[0.166588,-0.471883,0.86578]],"s":0.686793,"t":[505.899,-233.461,348.339],"timestamp":257316950037},{"currentFrameRate":24.2283,"devices":[],"gestures":[],"hands":[],"id":81065,"interactionBox":{"center":[0,200,0],"size":[235.247,235.247,147.751]},"pointables":[],"r":[[-0.962136,-0.269906,0.0380192],[0.215739,-0.839331,-0.498979],[0.166588,-0.471883,0.86578]],"s":0.686793,"t":[505.899,-233.461,348.339],"timestamp":257316991124},{"currentFrameRate":24.2072,"devices":[],"gestures":[],"hands":[],"id":81066,"interactionBox":{"center":[0,200,0],"size":[235.247,235.247,147.751]},"pointables":[],"r":[[-0.962136,-0.269906,0.0380192],[0.215739,-0.839331,-0.498979],[0.166588,-0.471883,0.86578]],"s":0.686793,"t":[505.899,-233.461,348.339],"timestamp":257317032591},{"currentFrameRate":24.2249,"devices":[],"gestures":[],"hands":[],"id":81067,"interactionBox":{"center":[0,200,0],"size":[235.247,235.247,147.751]},"pointables":[],"r":[[-0.962136,-0.269906,0.0380192],[0.215739,-0.839331,-0.498979],[0.166588,-0.471883,0.86578]],"s":0.686793,"t":[505.899,-233.461,348.339],"timestamp":257317073739},{"currentFrameRate":24.2225,"devices":[],"gestures":[],"hands":[],"id":81068,"interactionBox":{"center":[0,200,0],"size":[235.247,235.247,147.751]},"pointables":[],"r":[[-0.962136,-0.269906,0.0380192],[0.215739,-0.839331,-0.498979],[0.166588,-0.471883,0.86578]],"s":0.686793,"t":[505.899,-233.461,348.339],"timestamp":257317115041},{"currentFrameRate":24.2121,"devices":[],"gestures":[],"hands":[],"id":81069,"interactionBox":{"center":[0,200,0],"size":[235.247,235.247,147.751]},"pointables":[],"r":[[-0.962136,-0.269906,0.0380192],[0.215739,-0.839331,-0.498979],[0.166588,-0.471883,0.86578]],"s":0.686793,"t":[505.899,-233.461,348.339],"timestamp":257317156420},{"currentFrameRate":24.2339,"devices":[],"gestures":[],"hands":[],"id":81070,"interactionBox":{"center":[0,200,0],"size":[235.247,235.247,147.751]},"pointables":[],"r":[[-0.962136,-0.269906,0.0380192],[0.215739,-0.839331,-0.498979],[0.166588,-0.471883,0.86578]],"s":0.686793,"t":[505.899,-233.461,348.339],"timestamp":257317197522},{"currentFrameRate":24.2377,"devices":[],"gestures":[],"hands":[],"id":81071,"interactionBox":{"center":[0,200,0],"size":[235.247,235.247,147.751]},"pointables":[],"r":[[-0.962136,-0.269906,0.0380192],[0.215739,-0.839331,-0.498979],[0.166588,-0.471883,0.86578]],"s":0.686793,"t":[505.899,-233.461,348.339],"timestamp":257317238752},{"currentFrameRate":24.228,"devices":[],"gestures":[],"hands":[],"id":81072,"interactionBox":{"center":[0,200,0],"size":[235.247,235.247,147.751]},"pointables":[],"r":[[-0.962136,-0.269906,0.0380192],[0.215739,-0.839331,-0.498979],[0.166588,-0.471883,0.86578]],"s":0.686793,"t":[505.899,-233.461,348.339],"timestamp":257317280099},{"currentFrameRate":24.2289,"devices":[],"gestures":[],"hands":[],"id":81073,"interactionBox":{"center":[0,200,0],"size":[235.247,235.247,147.751]},"pointables":[],"r":[[-0.962136,-0.269906,0.0380192],[0.215739,-0.839331,-0.498979],[0.166588,-0.471883,0.86578]],"s":0.686793,"t":[505.899,-233.461,348.339],"timestamp":257317321365},{"currentFrameRate":16.8155,"devices":[],"gestures":[],"hands":[{"armBasis":[[0.821235,-0.0710614,-0.566149],[0.221118,0.954317,0.200963],[0.526004,-0.290223,0.799431]],"armWidth":62.1011,"confidence":0,"direction":[-0.0349216,0.942435,-0.332561],"elbow":[277.591,69.0929,365.98],"grabAngle":0.188053,"grabStrength":0,"id":111,"palmNormal":[-0.44204,-0.31301,-0.84061],"palmPosition":[122.131,209.318,124.252],"palmVelocity":[1.19209e-7,1.19209e-7,1.19209e-7],"palmWidth":88.6782,"pinchDistance":68.5533,"pinchStrength":0,"r":[[1,-2.77556e-18,-1.17961e-17],[2.77556e-18,1,-1.11022e-17],[1.17961e-17,1.11022e-17,1]],"s":1,"sphereCenter":[129.334,230.92,75.8681],"sphereRadius":62.7404,"stabilizedPalmPosition":[122.131,209.318,124.252],"t":[0,0,0],"timeVisible":0,"type":"right","wrist":[139.178,145.462,155.618]}],"id":81074,"interactionBox":{"center":[0,200,0],"size":[235.247,235.247,147.751]},"pointables":[{"bases":[[[0.749233,0.416522,0.514937],[-0.510034,-0.133133,0.849789],[0.422511,-0.899325,0.112693]],[[0.631578,0.612722,0.475059],[-0.433904,-0.228451,0.871515],[0.642524,-0.756559,0.121578]],[[0.631578,0.612722,0.475059],[-0.703095,0.194405,0.684006],[0.326751,-0.766015,0.553584]],[[0.631578,0.612722,0.475059],[-0.775014,0.481931,0.408775],[0.0215195,-0.62635,0.779245]]],"btipPosition":[60.4422,233.541,104.173],"carpPosition":[103.049,156.995,146.257],"dipPosition":[60.933,219.255,121.947],"direction":[-0.326751,0.766015,-0.553584],"extended":true,"handId":111,"id":1110,"length":50.7922,"mcpPosition":[103.049,156.995,146.257],"pipPosition":[71.7908,193.801,140.342],"stabilizedTipPosition":[60.5551,230.256,108.261],"timeVisible":0,"tipPosition":[60.5551,230.256,108.261],"tipVelocity":[1.19209e-7,1.19209e-7,1.19209e-7],"tool":false,"touchDistance":1,"touchZone":"none","type":0,"width":19.7355},{"bases":[[[0.78573,-0.317148,-0.53108],[0.618506,0.390468,0.681898],[-0.00889242,-0.864264,0.502961]],[[0.7851,-0.27099,-0.55694],[0.619355,0.337537,0.708849],[-0.00410326,-0.901462,0.43284]],[[0.7851,-0.27099,-0.55694],[0.614547,0.452813,0.645982],[0.0771348,-0.849426,0.522039]],[[0.7851,-0.27099,-0.55694],[0.601365,0.548747,0.58072],[0.14825,-0.790848,0.593786]]],"btipPosition":[135.213,302.203,70.1375],"carpPosition":[139.274,172.854,144.597],"dipPosition":[137.913,287.803,80.95],"direction":[-0.0771348,0.849426,-0.522039],"extended":true,"handId":111,"id":1113,"length":62.7915,"mcpPosition":[139.817,225.616,113.892],"pipPosition":[139.995,264.87,95.0441],"stabilizedTipPosition":[135.834,298.891,72.6244],"timeVisible":0,"tipPosition":[135.834,298.891,72.6244],"tipVelocity":[1.19209e-7,1.19209e-7,1.19209e-7],"tool":false,"touchDistance":1,"touchZone":"none","type":3,"width":17.6178},{"bases":[[[0.666351,-0.475173,-0.574619],[0.729955,0.258487,0.632733],[-0.152126,-0.841068,0.519098]],[[0.682234,-0.331761,-0.65153],[0.728455,0.232229,0.644533],[-0.0625268,-0.914333,0.400108]],[[0.682234,-0.331761,-0.65153],[0.73007,0.357165,0.582607],[0.0394173,-0.873137,0.485879]],[[0.682234,-0.331761,-0.65153],[0.720476,0.45666,0.521897],[0.124383,-0.825467,0.550575]]],"btipPosition":[154.425,276.612,72.6462],"carpPosition":[146.514,167.063,134.28],"dipPosition":[156.515,262.745,81.8953],"direction":[-0.0394173,0.873137,-0.485879],"extended":true,"handId":111,"id":1114,"length":49.2274,"mcpPosition":[155.111,214.593,104.945],"pipPosition":[157.266,246.102,91.157],"stabilizedTipPosition":[154.906,273.423,74.7735],"timeVisible":0,"tipPosition":[154.906,273.423,74.7735],"tipVelocity":[1.19209e-7,1.19209e-7,1.19209e-7],"tool":false,"touchDistance":1,"touchZone":"none","type":4,"width":15.6495},{"bases":[[[0.877728,0.0422571,-0.477293],[0.409718,0.450293,0.793326],[0.248445,-0.89188,0.377922]],[[0.912149,-0.212491,-0.350474],[0.408815,0.410704,0.81498],[-0.0292345,-0.886662,0.461493]],[[0.912149,-0.212491,-0.350474],[0.409728,0.494379,0.766624],[0.0103667,-0.842874,0.538011]],[[0.912149,-0.212491,-0.350474],[0.405378,0.593831,0.695006],[0.06044,-0.776024,0.627801]]],"btipPosition":[100.314,305.714,85.8995],"carpPosition":[118.154,171.863,155.447],"dipPosition":[101.32,292.792,96.3534],"direction":[-0.0103667,0.842874,-0.538011],"extended":true,"handId":111,"id":1111,"length":57.3134,"mcpPosition":[100.34,235.811,128.35],"pipPosition":[101.565,272.937,109.027],"stabilizedTipPosition":[100.545,302.742,88.3039],"timeVisible":0,"tipPosition":[100.545,302.742,88.3039],"tipVelocity":[1.19209e-7,1.19209e-7,1.19209e-7],"tool":false,"touchDistance":1,"touchZone":"none","type":1,"width":18.8514},{"bases":[[[0.82043,-0.156015,-0.550049],[0.557565,0.431265,0.709318],[0.126552,-0.888634,0.440811]],[[0.828684,-0.238691,-0.50627],[0.559542,0.375852,0.73868],[0.0139663,-0.895412,0.44502]],[[0.828684,-0.238691,-0.50627],[0.55382,0.480614,0.679921],[0.0810295,-0.843823,0.530469]],[[0.828684,-0.238691,-0.50627],[0.542455,0.565392,0.621349],[0.137931,-0.789531,0.598011]]],"btipPosition":[115.078,313.955,74.3483],"carpPosition":[129.111,173.624,150.88],"dipPosition":[117.604,299.495,85.3006],"direction":[-0.0810295,0.843823,-0.530469],"extended":true,"handId":111,"id":1112,"length":65.304,"mcpPosition":[120.506,234.047,120.907],"pipPosition":[119.85,276.11,100.002],"stabilizedTipPosition":[115.659,310.629,76.8673],"timeVisible":0,"tipPosition":[115.659,310.629,76.8673],"tipVelocity":[1.19209e-7,1.19209e-7,1.19209e-7],"tool":false,"touchDistance":1,"touchZone":"none","type":2,"width":18.5145}],"r":[[1,-2.77556e-18,-1.17961e-17],[2.77556e-18,1,-1.11022e-17],[1.17961e-17,1.11022e-17,1]],"s":1,"t":[0,0,0],"timestamp":257317445166},{"currentFrameRate":18.1998,"devices":[],"gestures":[],"hands":[{"armBasis":[[0.830952,-0.00659207,-0.556305],[0.243409,0.903455,0.352874],[0.50027,-0.428631,0.752333]],"armWidth":65.5845,"confidence":0.21409,"direction":[-0.0437169,0.958638,-0.281251],"elbow":[272.752,44.0906,352.354],"grabAngle":0.277065,"grabStrength":0,"id":111,"palmNormal":[-0.422513,-0.272845,-0.864314],"palmPosition":[123.991,222.889,127.044],"palmVelocity":[45.0624,328.76,67.6386],"palmWidth":88.6782,"pinchDistance":67.0657,"pinchStrength":0,"r":[[0.999989,0.00289763,0.00363021],[-0.00293708,0.999936,0.0109101],[-0.00359836,-0.0109207,0.999934]],"s":1.01235,"sphereCenter":[140.14,262.303,117.81],"sphereRadius":54.1453,"stabilizedPalmPosition":[123.35,218.217,126.083],"t":[0.930042,6.78528,1.39599],"timeVisible":0.041278,"type":"right","wrist":[141.111,156.881,154.385]}],"id":81075,"interactionBox":{"center":[0,200,0],"size":[235.247,235.247,147.751]},"pointables":[{"bases":[[[0.733668,0.398489,0.550399],[-0.522566,-0.186876,0.831866],[0.434345,-0.897933,0.0711319]],[[0.616347,0.591346,0.520025],[-0.495515,-0.222004,0.83975],[0.612031,-0.775257,0.156189]],[[0.616347,0.591346,0.520025],[-0.708103,0.127263,0.694546],[0.344537,-0.796313,0.497172]],[[0.616347,0.591346,0.520025],[-0.784569,0.404454,0.469967],[0.0675871,-0.697658,0.713236]]],"btipPosition":[63.481,246.306,107.708],"carpPosition":[105.342,169.167,145.813],"dipPosition":[64.9153,231.502,122.844],"direction":[-0.344537,0.796313,-0.497172],"extended":true,"handId":111,"id":1110,"length":47.2559,"mcpPosition":[105.342,169.167,145.813],"pipPosition":[75.5669,206.883,138.214],"stabilizedTipPosition":[62.5479,237.996,110.053],"timeVisible":0.041278,"tipPosition":[62.534,243.685,111.113],"tipVelocity":[78.8755,306.356,70.9397],"tool":false,"touchDistance":1,"touchZone":"none","type":0,"width":21.3285},{"bases":[[[0.88511,0.0810607,-0.458268],[0.388898,0.412031,0.824008],[0.255616,-0.907557,0.333169]],[[0.913844,-0.0591101,-0.40174],[0.399974,0.301742,0.865432],[0.070066,-0.951555,0.299388]],[[0.913844,-0.0591101,-0.40174],[0.341917,0.645704,0.682758],[0.219047,-0.761296,0.610284]],[[0.913844,-0.0591101,-0.40174],[0.318468,0.718131,0.618761],[0.251927,-0.693393,0.675085]]],"btipPosition":[90.2928,313.294,96.688],"carpPosition":[120.054,183.727,156.073],"dipPosition":[94.1957,302.552,107.147],"direction":[-0.219047,0.761296,-0.610284],"extended":true,"handId":111,"id":1111,"length":53.323,"mcpPosition":[101.726,248.799,132.185],"pipPosition":[98.9964,285.867,120.522],"stabilizedTipPosition":[97.3792,305.477,91.9557],"timeVisible":0.041278,"tipPosition":[95.9405,314.019,97.6158],"tipVelocity":[-226.632,195.798,261.388],"tool":false,"touchDistance":1,"touchZone":"none","type":1,"width":20.373},{"bases":[[[0.832154,-0.113736,-0.542756],[0.538455,0.399779,0.741784],[0.132615,-0.909528,0.393919]],[[0.837451,-0.156203,-0.523714],[0.546512,0.240386,0.802209],[0.000586268,-0.958027,0.286678]],[[0.837451,-0.156203,-0.523714],[0.529504,0.469125,0.706787],[0.135285,-0.869208,0.475579]],[[0.837451,-0.156203,-0.523714],[0.506797,0.5806,0.637229],[0.204531,-0.799065,0.565387]]],"btipPosition":[115.043,325.636,90.598],"carpPosition":[131.06,185.894,151.808],"dipPosition":[118.528,312.02,100.232],"direction":[-0.135285,0.869208,-0.475579],"extended":true,"handId":111,"id":1112,"length":60.7573,"mcpPosition":[122.042,247.737,125.024],"pipPosition":[122.017,289.608,112.494],"stabilizedTipPosition":[115.699,313.175,80.2854],"timeVisible":0.041278,"tipPosition":[116.386,324.847,88.361],"tipVelocity":[4.49871,287.68,386.32],"tool":false,"touchDistance":1,"touchZone":"none","type":2,"width":20.009},{"bases":[[[0.799624,-0.276152,-0.533236],[0.600486,0.361434,0.71329],[-0.00424687,-0.890565,0.454836]],[[0.798903,-0.232993,-0.554498],[0.597402,0.200478,0.776479],[-0.0697493,-0.95159,0.299353]],[[0.798903,-0.232993,-0.554498],[0.597444,0.41377,0.686917],[0.0693877,-0.880062,0.469762]],[[0.798903,-0.232993,-0.554498],[0.57658,0.559095,0.595792],[0.171202,-0.795692,0.581002]]],"btipPosition":[139.782,314.122,84.1404],"carpPosition":[141.34,185.617,145.678],"dipPosition":[142.682,300.642,93.9834],"direction":[-0.0693877,0.880062,-0.469762],"extended":true,"handId":111,"id":1113,"length":58.4197,"mcpPosition":[141.6,239.984,117.911],"pipPosition":[144.425,278.536,105.783],"stabilizedTipPosition":[137.269,302.662,76.908],"timeVisible":0.041278,"tipPosition":[138.471,313.654,82.8916],"tipVelocity":[111.8,293.865,333.831],"tool":false,"touchDistance":1,"touchZone":"none","type":3,"width":19.0398},{"bases":[[[0.683475,-0.433267,-0.587487],[0.714796,0.233973,0.659032],[-0.14808,-0.870366,0.469612]],[[0.694406,-0.349123,-0.629216],[0.695022,0.098901,0.712154],[-0.186399,-0.931843,0.311326]],[[0.694406,-0.349123,-0.629216],[0.71942,0.318196,0.617403],[-0.0153356,-0.881399,0.472123]],[[0.694406,-0.349123,-0.629216],[0.70896,0.481631,0.515177],[0.12319,-0.803831,0.581962]]],"btipPosition":[161.538,287.762,81.205],"carpPosition":[148.847,180.505,135.194],"dipPosition":[163.464,275.199,90.3007],"direction":[0.0153356,0.881399,-0.472123],"extended":true,"handId":111,"id":1114,"length":45.8,"mcpPosition":[157.216,229.691,108.655],"pipPosition":[163.192,259.567,98.6736],"stabilizedTipPosition":[158.314,278.939,78.8798],"timeVisible":0.041278,"tipPosition":[158.665,288.094,82.332],"tipVelocity":[171.411,277.376,206.491],"tool":false,"touchDistance":1,"touchZone":"none","type":4,"width":16.9127}],"r":[[0.999989,0.00289763,0.00363021],[-0.00293708,0.999936,0.0109101],[-0.00359836,-0.0109207,0.999934]],"s":1.01235,"t":[0.930042,6.78528,1.39599],"timestamp":257317486444},{"currentFrameRate":20.1441,"devices":[],"gestures":[],"hands":[{"armBasis":[[0.807477,-0.00528397,-0.589875],[0.293981,0.870541,0.394631],[0.511425,-0.492067,0.704496]],"armWidth":65.5845,"confidence":0.367382,"direction":[-0.0197649,0.972074,-0.23384],"elbow":[275.21,43.6049,336.642],"grabAngle":0.345564,"grabStrength":0,"id":111,"palmNormal":[-0.465333,-0.215953,-0.858388],"palmPosition":[124.91,240.97,127.869],"palmVelocity":[28.8468,567.169,25.8877],"palmWidth":88.6782,"pinchDistance":68.6611,"pinchStrength":0,"r":[[0.999997,-0.00173242,-0.00150772],[0.00177551,0.999576,0.0290649],[0.00145673,-0.0290675,0.999576]],"s":1.04872,"sphereCenter":[139.769,289.136,142.723],"sphereRadius":61.9172,"stabilizedPalmPosition":[124.875,240.451,127.829],"t":[1.85487,19.2183,2.50663],"timeVisible":0.073157,"type":"right","wrist":[140.633,173.088,151.261]}],"id":81076,"interactionBox":{"center":[0,200,0],"size":[235.247,235.247,147.751]},"pointables":[{"bases":[[[0.768437,0.345879,0.538398],[-0.496358,-0.20887,0.842616],[0.403898,-0.914736,0.0111758]],[[0.59152,0.629054,0.504377],[-0.523873,-0.175674,0.833484],[0.612912,-0.757252,0.225629]],[[0.59152,0.629054,0.504377],[-0.705957,0.101857,0.700892],[0.389524,-0.77066,0.504335]],[[0.59152,0.629054,0.504377],[-0.797272,0.363032,0.48225],[0.120256,-0.687386,0.716267]]],"btipPosition":[60.6534,262.327,103.06],"carpPosition":[105.066,187.075,144.829],"dipPosition":[63.2053,247.74,118.26],"direction":[-0.389524,0.77066,-0.504335],"extended":false,"handId":111,"id":1110,"length":47.2559,"mcpPosition":[105.066,187.075,144.829],"pipPosition":[75.2478,223.915,133.852],"stabilizedTipPosition":[61.2914,258.154,106.693],"timeVisible":0.073157,"tipPosition":[62.5178,261.93,111.21],"tipVelocity":[-80.6361,504.128,-145.327],"tool":false,"touchDistance":1,"touchZone":"none","type":0,"width":21.3285},{"bases":[[[0.869034,0.0726695,-0.489386],[0.435254,0.358003,0.826068],[0.235232,-0.930888,0.279487]],[[0.882089,0.0140759,-0.470872],[0.456688,0.21965,0.862085],[0.115562,-0.975477,0.187323]],[[0.882089,0.0140759,-0.470872],[0.367171,0.605678,0.705932],[0.295133,-0.795585,0.529094]],[[0.882089,0.0140759,-0.470872],[0.255283,0.82578,0.502909],[0.395915,-0.563817,0.724819]]],"btipPosition":[86.7131,331.522,104.998],"carpPosition":[120.683,200.606,155.159],"dipPosition":[92.8467,322.788,116.227],"direction":[-0.295133,0.795585,-0.529094],"extended":true,"handId":111,"id":1111,"length":53.323,"mcpPosition":[103.817,267.351,135.12],"pipPosition":[99.3149,305.351,127.822],"stabilizedTipPosition":[90.0618,324.48,104.309],"timeVisible":0.073157,"tipPosition":[95.3164,332.679,105.174],"tipVelocity":[-96.1973,586.266,266.222],"tool":false,"touchDistance":1,"touchZone":"none","type":1,"width":20.373},{"bases":[[[0.805806,-0.115868,-0.580733],[0.580967,0.34461,0.737375],[0.114689,-0.931568,0.345004]],[[0.808019,-0.135229,-0.573428],[0.588296,0.132581,0.797703],[-0.0318469,-0.981904,0.186683]],[[0.808019,-0.135229,-0.573428],[0.578951,0.362635,0.730282],[0.109189,-0.922068,0.371306]],[[0.808019,-0.135229,-0.573428],[0.532258,0.584857,0.612081],[0.252602,-0.799784,0.544552]]],"btipPosition":[118.061,346.256,100.089],"carpPosition":[131.587,202.597,150.559],"dipPosition":[122.365,332.628,109.368],"direction":[-0.109189,0.922068,-0.371306],"extended":true,"handId":111,"id":1112,"length":60.7573,"mcpPosition":[123.788,265.939,127.101],"pipPosition":[125.18,308.853,118.942],"stabilizedTipPosition":[117.983,333.581,95.234],"timeVisible":0.073157,"tipPosition":[119.421,344.521,95.9833],"tipVelocity":[100.555,646.75,295.157],"tool":false,"touchDistance":1,"touchZone":"none","type":2,"width":20.009},{"bases":[[[0.767797,-0.277339,-0.577556],[0.640414,0.305579,0.704622],[-0.0189299,-0.910881,0.412234]],[[0.767995,-0.245995,-0.591329],[0.624845,0.0851785,0.776089],[-0.140545,-0.965521,0.219125]],[[0.767995,-0.245995,-0.591329],[0.640455,0.293473,0.709712],[-0.00104649,-0.923775,0.382934]],[[0.767995,-0.245995,-0.591329],[0.620344,0.51528,0.59132],[0.159238,-0.820959,0.548334]]],"btipPosition":[145.783,334.1,91.0597],"carpPosition":[141.605,202.264,144.012],"dipPosition":[148.481,320.191,100.349],"direction":[0.00104649,0.923775,-0.382934],"extended":true,"handId":111,"id":1113,"length":58.4197,"mcpPosition":[142.761,257.872,118.845],"pipPosition":[148.455,296.987,109.968],"stabilizedTipPosition":[144.441,324.832,89.6961],"timeVisible":0.073157,"tipPosition":[142.244,332.667,88.8385],"tipVelocity":[186.786,623.585,213.056],"tool":false,"touchDistance":1,"touchZone":"none","type":3,"width":19.0398},{"bases":[[[0.644006,-0.427552,-0.634394],[0.747833,0.17704,0.639846],[-0.161254,-0.886485,0.433752]],[[0.646067,-0.415878,-0.640034],[0.698143,-0.0169787,0.715757],[-0.308534,-0.909262,0.279373]],[[0.646067,-0.415878,-0.640034],[0.750355,0.192386,0.63242],[-0.139876,-0.888838,0.43635]],[[0.646067,-0.415878,-0.640034],[0.761943,0.401021,0.508552],[0.0451713,-0.816228,0.575961]]],"btipPosition":[169.289,305.18,82.794],"carpPosition":[148.509,197.41,133.004],"dipPosition":[169.995,292.423,91.7959],"direction":[0.139876,0.888838,-0.43635],"extended":true,"handId":111,"id":1114,"length":45.8,"mcpPosition":[157.622,247.508,108.492],"pipPosition":[167.514,276.66,99.5344],"stabilizedTipPosition":[168.597,300.458,84.4053],"timeVisible":0.073157,"tipPosition":[163.178,305.481,84.8939],"tipVelocity":[234.324,544.991,49.1679],"tool":false,"touchDistance":0.434287,"touchZone":"hovering","type":4,"width":16.9127}],"r":[[0.999997,-0.00173242,-0.00150772],[0.00177551,0.999576,0.0290649],[0.00145673,-0.0290675,0.999576]],"s":1.04872,"t":[1.85487,19.2183,2.50663],"timestamp":257317518323},{"currentFrameRate":23.5225,"devices":[],"gestures":[],"hands":[{"armBasis":[[0.806058,0.0166797,-0.591601],[0.310045,0.839559,0.446108],[0.504125,-0.543013,0.671562]],"armWidth":65.5845,"confidence":0.433379,"direction":[-0.0151611,0.975072,-0.221371],"elbow":[273.257,37.6444,326.456],"grabAngle":0.383088,"grabStrength":0,"id":111,"palmNormal":[-0.459103,-0.203467,-0.864769],"palmPosition":[125.318,249.054,127.561],"palmVelocity":[27.3122,541.462,-20.6263],"palmWidth":88.6782,"pinchDistance":71.0137,"pinchStrength":0,"r":[[0.999974,-0.0059425,-0.00410686],[0.00612577,0.998915,0.0461552],[0.00382813,-0.0461791,0.998926]],"s":1.08259,"sphereCenter":[137.437,299.374,150.145],"sphereRadius":65.4333,"stabilizedPalmPosition":[125.262,247.958,127.596],"t":[2.52118,29.4771,2.90796],"timeVisible":0.088088,"type":"right","wrist":[140.601,180.533,149.741]}],"id":81077,"interactionBox":{"center":[0,200,0],"size":[235.247,235.247,147.751]},"pointables":[{"bases":[[[0.765107,0.336634,0.548898],[-0.503627,-0.218302,0.835885],[0.401213,-0.915981,0.00251395]],[[0.565598,0.648054,0.510024],[-0.535995,-0.181139,0.82456],[0.626745,-0.739739,0.244902]],[[0.565598,0.648054,0.510024],[-0.723168,0.0924854,0.684452],[0.396392,-0.755958,0.520962]],[[0.565598,0.648054,0.510024],[-0.820475,0.37981,0.427277],[0.0831864,-0.660129,0.746532]]],"btipPosition":[60.6763,268.37,99.8011],"carpPosition":[105.187,195.003,143.663],"dipPosition":[62.4416,254.362,115.643],"direction":[-0.396392,0.755958,-0.520962],"extended":false,"handId":111,"id":1110,"length":47.2559,"mcpPosition":[105.187,195.003,143.663],"pipPosition":[74.6964,230.991,131.749],"stabilizedTipPosition":[61.1303,263.544,104.19],"timeVisible":0.088088,"tipPosition":[62.7169,269.371,109.252],"tipVelocity":[-10.582,413.64,-208.399],"tool":false,"touchDistance":1,"touchZone":"none","type":0,"width":21.3285},{"bases":[[[0.873098,0.0764521,-0.481513],[0.429683,0.34601,0.834056],[0.230374,-0.935111,0.26925]],[[0.880896,0.0424051,-0.471406],[0.455633,0.193676,0.868843],[0.128143,-0.980149,0.151287]],[[0.880896,0.0424051,-0.471406],[0.370241,0.558739,0.742114],[0.294862,-0.828259,0.476491]],[[0.880896,0.0424051,-0.471406],[0.23216,0.829224,0.508419],[0.41246,-0.557306,0.720615]]],"btipPosition":[86.398,340.37,107.486],"carpPosition":[120.76,208.353,154.291],"dipPosition":[92.7879,331.736,118.65],"direction":[-0.294862,0.828259,-0.476491],"extended":true,"handId":111,"id":1111,"length":53.323,"mcpPosition":[104.242,275.401,134.986],"pipPosition":[99.2502,313.583,129.093],"stabilizedTipPosition":[88.7541,332.767,107.732],"timeVisible":0.088088,"tipPosition":[95.0624,340.77,106.386],"tipVelocity":[-17.1549,594.104,165.632],"tool":false,"touchDistance":1,"touchZone":"none","type":1,"width":20.373},{"bases":[[[0.810066,-0.110702,-0.575793],[0.576058,0.33334,0.746352],[0.109312,-0.936285,0.333798]],[[0.81147,-0.123348,-0.571228],[0.582231,0.086616,0.808397],[-0.0502365,-0.988576,0.142103]],[[0.81147,-0.123348,-0.571228],[0.575279,0.340574,0.743683],[0.102814,-0.932092,0.347325]],[[0.81147,-0.123348,-0.571228],[0.515061,0.612761,0.599363],[0.276096,-0.780583,0.560769]]],"btipPosition":[119.113,354.575,102.386],"carpPosition":[131.705,210.372,149.804],"dipPosition":[123.817,341.274,111.941],"direction":[-0.102814,0.932092,-0.347325],"extended":true,"handId":111,"id":1112,"length":60.7573,"mcpPosition":[124.273,274.035,127.108],"pipPosition":[126.468,317.241,120.897],"stabilizedTipPosition":[119.099,342.63,99.9517],"timeVisible":0.088088,"tipPosition":[120.359,352.894,97.6404],"tipVelocity":[76.6404,562.168,158.114],"tool":false,"touchDistance":1,"touchZone":"none","type":2,"width":20.009},{"bases":[[[0.771577,-0.272089,-0.57501],[0.635653,0.294562,0.713567],[-0.0247775,-0.916079,0.400231]],[[0.771973,-0.24453,-0.586739],[0.612402,0.0387295,0.789597],[-0.170356,-0.968868,0.179649]],[[0.771973,-0.24453,-0.586739],[0.635422,0.271853,0.722728],[-0.0172221,-0.930753,0.365243]],[[0.771973,-0.24453,-0.586739],[0.610721,0.541312,0.577928],[0.176288,-0.804479,0.567218]]],"btipPosition":[147.635,342.279,92.8368],"carpPosition":[141.775,210.094,143.332],"dipPosition":[150.622,328.65,102.446],"direction":[0.0172221,0.930753,-0.365243],"extended":true,"handId":111,"id":1113,"length":58.4197,"mcpPosition":[143.287,266.019,118.899],"pipPosition":[150.189,305.271,111.621],"stabilizedTipPosition":[146.769,333.416,92.9054],"timeVisible":0.088088,"tipPosition":[143.632,341.032,90.2788],"tipVelocity":[128.472,552.106,123.95],"tool":false,"touchDistance":1,"touchZone":"none","type":3,"width":19.0398},{"bases":[[[0.647818,-0.421191,-0.634768],[0.74322,0.166558,0.647983],[-0.167199,-0.891547,0.420937]],[[0.646103,-0.430141,-0.6305],[0.675846,-0.0614281,0.734479],[-0.35466,-0.900669,0.25102]],[[0.646103,-0.430141,-0.6305],[0.743611,0.168563,0.647015],[-0.172029,-0.886885,0.428767]],[[0.646103,-0.430141,-0.6305],[0.761341,0.421606,0.492552],[0.0539556,-0.798265,0.599885]]],"btipPosition":[171.78,312.828,83.5014],"carpPosition":[148.753,205.363,132.317],"dipPosition":[172.623,300.352,92.8772],"direction":[0.172029,0.886885,-0.428767],"extended":true,"handId":111,"id":1114,"length":45.8,"mcpPosition":[158.201,255.747,108.529],"pipPosition":[169.572,284.623,100.481],"stabilizedTipPosition":[171.188,307.747,85.3663],"timeVisible":0.088088,"tipPosition":[164.96,313.565,85.722],"tipVelocity":[168.944,516.554,53.1361],"tool":false,"touchDistance":0.338471,"touchZone":"hovering","type":4,"width":16.9127}],"r":[[0.999974,-0.0059425,-0.00410686],[0.00612577,0.998915,0.0461552],[0.00382813,-0.0461791,0.998926]],"s":1.08259,"t":[2.52118,29.4771,2.90796],"timestamp":257317533254},{"currentFrameRate":26.6429,"devices":[],"gestures":[],"hands":[{"armBasis":[[0.803327,0.03487,-0.594517],[0.329486,0.805559,0.492458],[0.49609,-0.591489,0.635638]],"armWidth":65.5845,"confidence":0.495416,"direction":[-0.0193975,0.974474,-0.223663],"elbow":[271.547,32.3878,315.982],"grabAngle":0.364827,"grabStrength":0,"id":111,"palmNormal":[-0.460441,-0.207277,-0.863151],"palmPosition":[125.617,256.817,126.949],"palmVelocity":[19.8731,516.558,-40.7767],"palmWidth":88.6782,"pinchDistance":72.3715,"pinchStrength":0,"r":[[0.999941,-0.00851977,-0.0067314],[0.00890431,0.998199,0.0593287],[0.00621381,-0.0593851,0.998216]],"s":1.1119,"sphereCenter":[135.835,310.1,157.784],"sphereRadius":70.4941,"stabilizedPalmPosition":[125.583,255.98,127.01],"t":[3.00365,38.4877,2.80225],"timeVisible":0.103115,"type":"right","wrist":[141.006,188.032,148.721]}],"id":81078,"interactionBox":{"center":[0,200,0],"size":[235.247,235.247,147.751]},"pointables":[{"bases":[[[0.765165,0.340843,0.546213],[-0.500751,-0.218199,0.837638],[0.404686,-0.914448,0.00371891]],[[0.549697,0.667359,0.502459],[-0.538823,-0.176382,0.823747],[0.63836,-0.723548,0.262631]],[[0.549697,0.667359,0.502459],[-0.727461,0.0867399,0.680645],[0.410651,-0.739668,0.533158]],[[0.549697,0.667359,0.502459],[-0.831261,0.377447,0.408091],[0.0826914,-0.642002,0.762231]]],"btipPosition":[60.224,274.42,97.7941],"carpPosition":[105.73,202.728,143.229],"dipPosition":[61.9788,260.796,113.969],"direction":[-0.410651,0.739668,-0.533158],"extended":false,"handId":111,"id":1110,"length":47.2559,"mcpPosition":[105.73,202.728,143.229],"pipPosition":[74.6744,237.929,130.452],"stabilizedTipPosition":[60.7278,269.743,102.048],"timeVisible":0.103115,"tipPosition":[62.616,276.169,107.856],"tipVelocity":[-30.262,408.453,-128.46],"tool":false,"touchDistance":1,"touchZone":"none","type":0,"width":21.3285},{"bases":[[[0.871623,0.0785998,-0.483835],[0.430406,0.349634,0.83217],[0.234573,-0.933584,0.270919]],[[0.876803,0.0570362,-0.477455],[0.45934,0.194301,0.866749],[0.142206,-0.979282,0.144165]],[[0.876803,0.0570362,-0.477455],[0.381076,0.523136,0.762306],[0.293253,-0.850339,0.436952]],[[0.876803,0.0570362,-0.477455],[0.24054,0.807748,0.538223],[0.416361,-0.586762,0.694517]]],"btipPosition":[86.0422,348.976,108.41],"carpPosition":[121.278,216.163,153.787],"dipPosition":[92.4925,339.886,119.17],"direction":[-0.293253,0.850339,-0.436952],"extended":true,"handId":111,"id":1111,"length":53.323,"mcpPosition":[104.459,283.101,134.362],"pipPosition":[98.9195,321.25,128.746],"stabilizedTipPosition":[87.9127,342.438,109.892],"timeVisible":0.103115,"tipPosition":[94.1364,348.202,106.212],"tipVelocity":[-22.755,565.758,55.3176],"tool":false,"touchDistance":1,"touchZone":"none","type":1,"width":20.373},{"bases":[[[0.80907,-0.109017,-0.577512],[0.576614,0.337307,0.744138],[0.113675,-0.935061,0.335765]],[[0.809718,-0.114458,-0.575548],[0.584645,0.0730019,0.807998],[-0.0504656,-0.990742,0.126028]],[[0.809718,-0.114458,-0.575548],[0.577715,0.327579,0.747621],[0.102966,-0.937865,0.331371]],[[0.809718,-0.114458,-0.575548],[0.51368,0.612428,0.600886],[0.283706,-0.782197,0.554689]]],"btipPosition":[119.192,362.603,102.934],"carpPosition":[132.205,218.212,149.268],"dipPosition":[124.026,349.275,112.385],"direction":[-0.102966,0.937865,-0.331371],"extended":true,"handId":111,"id":1112,"length":60.7573,"mcpPosition":[124.476,281.792,126.438],"pipPosition":[126.681,325.092,120.93],"stabilizedTipPosition":[119.833,352.927,103.092],"timeVisible":0.103115,"tipPosition":[120.201,360.474,97.5269],"tipVelocity":[7.25964,533.821,34.8581],"tool":false,"touchDistance":1,"touchZone":"none","type":2,"width":20.009},{"bases":[[[0.771195,-0.270546,-0.576249],[0.636274,0.298676,0.7113],[-0.0203271,-0.915203,0.402479]],[[0.771447,-0.24042,-0.589124],[0.610921,0.0210171,0.791412],[-0.17789,-0.970441,0.163091]],[[0.771447,-0.24042,-0.589124],[0.635811,0.255209,0.728432],[-0.0247798,-0.936518,0.349742]],[[0.771447,-0.24042,-0.589124],[0.611388,0.536579,0.581625],[0.176277,-0.808876,0.560932]]],"btipPosition":[148.343,350.371,93.3061],"carpPosition":[142.259,217.957,142.772],"dipPosition":[151.33,336.668,102.809],"direction":[0.0247798,0.936518,-0.349742],"extended":true,"handId":111,"id":1113,"length":58.4197,"mcpPosition":[143.5,273.829,118.201],"pipPosition":[150.707,313.144,111.594],"stabilizedTipPosition":[148.33,342.946,94.691],"timeVisible":0.103115,"tipPosition":[144.032,348.622,89.9967],"tipVelocity":[47.127,537.384,29.5989],"tool":false,"touchDistance":1,"touchZone":"none","type":3,"width":19.0398},{"bases":[[[0.647856,-0.420258,-0.635347],[0.744165,0.170923,0.645758],[-0.16279,-0.891161,0.423476]],[[0.644938,-0.435636,-0.627914],[0.66823,-0.0772382,0.739934],[-0.370841,-0.896803,0.241291]],[[0.644938,-0.435636,-0.627914],[0.739997,0.150694,0.655511],[-0.190941,-0.887419,0.419558]],[[0.644938,-0.435636,-0.627914],[0.763117,0.411512,0.498307],[0.0413138,-0.800549,0.597841]]],"btipPosition":[173.058,320.59,83.2993],"carpPosition":[149.228,213.226,131.751],"dipPosition":[173.704,308.078,92.6431],"direction":[0.190941,0.887419,-0.419558],"extended":true,"handId":111,"id":1114,"length":45.8,"mcpPosition":[158.428,263.588,107.82],"pipPosition":[170.317,292.34,100.084],"stabilizedTipPosition":[172.856,315.981,85.4341],"timeVisible":0.103115,"tipPosition":[165.646,321.053,84.9102],"tipVelocity":[82.0351,516.006,-13.939],"tool":false,"touchDistance":0.333407,"touchZone":"hovering","type":4,"width":16.9127}],"r":[[0.999941,-0.00851977,-0.0067314],[0.00890431,0.998199,0.0593287],[0.00621381,-0.0593851,0.998216]],"s":1.1119,"t":[3.00365,38.4877,2.80225],"timestamp":257317548281},{"currentFrameRate":30.0276,"devices":[],"gestures":[],"hands":[{"armBasis":[[0.807153,0.0391977,-0.58904],[0.35025,0.771408,0.531276],[0.475215,-0.635132,0.608915]],"armWidth":65.5845,"confidence":0.539509,"direction":[-0.0225064,0.974767,-0.222085],"elbow":[265.907,26.0988,307.928],"grabAngle":0.312084,"grabStrength":0,"id":111,"palmNormal":[-0.467244,-0.206644,-0.85964],"palmPosition":[125.564,262.322,126.498],"palmVelocity":[-4.62117,481.414,-39.4305],"palmWidth":88.6782,"pinchDistance":73.463,"pinchStrength":0,"r":[[0.999892,-0.0102882,-0.0105028],[0.011,0.997477,0.070128],[0.00975484,-0.070236,0.997483]],"s":1.13649,"sphereCenter":[134.828,319.357,168.68],"sphereRadius":78.3115,"stabilizedPalmPosition":[125.567,261.431,126.57],"t":[3.21846,45.7459,2.52391],"timeVisible":0.114552,"type":"right","wrist":[140.858,193.227,147.698]}],"id":81079,"interactionBox":{"center":[0,200,0],"size":[235.247,235.247,147.751]},"pointables":[{"bases":[[[0.76918,0.341066,0.540404],[-0.493569,-0.220062,0.841405],[0.405897,-0.913918,-0.000927729]],[[0.542001,0.678783,0.495468],[-0.538623,-0.171973,0.82481],[0.645074,-0.713918,0.272398]],[[0.542001,0.678783,0.495468],[-0.725226,0.0799138,0.683857],[0.424596,-0.729978,0.535585]],[[0.542001,0.678783,0.495468],[-0.834707,0.366452,0.411068],[0.0974611,-0.63637,0.765202]]],"btipPosition":[59.305,278.989,96.8144],"carpPosition":[105.882,208.185,142.863],"dipPosition":[61.3732,265.484,113.053],"direction":[-0.424596,0.729978,-0.535585],"extended":false,"handId":111,"id":1110,"length":47.2559,"mcpPosition":[105.882,208.185,142.863],"pipPosition":[74.4999,242.917,129.611],"stabilizedTipPosition":[60.0263,274.29,100.938],"timeVisible":0.114552,"tipPosition":[62.1474,281.099,107.28],"tipVelocity":[-74.05,401.886,-84.3936],"tool":false,"touchDistance":1,"touchZone":"none","type":0,"width":21.3285},{"bases":[[[0.867516,0.080443,-0.490862],[0.43677,0.349005,0.829112],[0.23801,-0.933662,0.267632]],[[0.871825,0.0629243,-0.485758],[0.46743,0.189509,0.863479],[0.146389,-0.979861,0.135806]],[[0.871825,0.0629243,-0.485758],[0.406979,0.458783,0.789865],[0.272559,-0.886318,0.374369]],[[0.871825,0.0629243,-0.485758],[0.282482,0.745589,0.603573],[0.400155,-0.663429,0.632249]]],"btipPosition":[86.5582,356.442,110.832],"carpPosition":[121.499,221.625,153.312],"dipPosition":[92.7575,346.164,120.627],"direction":[-0.272559,0.886318,-0.374369],"extended":true,"handId":111,"id":1111,"length":53.323,"mcpPosition":[104.434,288.569,134.122],"pipPosition":[98.731,326.74,128.832],"stabilizedTipPosition":[87.957,349.67,111.876],"timeVisible":0.114552,"tipPosition":[92.8453,353.758,107.285],"tipVelocity":[40.0739,628.92,192.406],"tool":false,"touchDistance":1,"touchZone":"none","type":1,"width":20.373},{"bases":[[[0.804441,-0.107121,-0.584294],[0.582265,0.336997,0.739865],[0.11765,-0.935392,0.333467]],[[0.804308,-0.106068,-0.584669],[0.592117,0.0605052,0.803577],[-0.0498584,-0.992516,0.11147]],[[0.804308,-0.106068,-0.584669],[0.586134,0.303316,0.751297],[0.0976509,-0.946968,0.30613]],[[0.804308,-0.106068,-0.584669],[0.526456,0.583488,0.618373],[0.275558,-0.805165,0.525144]]],"btipPosition":[119.352,368.812,104.319],"carpPosition":[132.386,223.695,148.706],"dipPosition":[124.047,355.092,113.267],"direction":[-0.0976509,0.946968,-0.30613],"extended":true,"handId":111,"id":1112,"length":60.7573,"mcpPosition":[124.386,287.297,126.032],"pipPosition":[126.565,330.675,121.16],"stabilizedTipPosition":[120.172,360.14,104.953],"timeVisible":0.114552,"tipPosition":[119.839,365.977,98.2089],"tipVelocity":[11.1741,534.994,110.983],"tool":false,"touchDistance":1,"touchZone":"none","type":2,"width":20.009},{"bases":[[[0.766788,-0.268702,-0.582954],[0.641705,0.298493,0.706482],[-0.0158254,-0.915807,0.401308]],[[0.766822,-0.232763,-0.598168],[0.616107,0.00559334,0.787642],[-0.179989,-0.972517,0.147696]],[[0.766822,-0.232763,-0.598168],[0.641,0.229486,0.732431],[-0.0332122,-0.94507,0.325176]],[[0.766822,-0.232763,-0.598168],[0.620913,0.50514,0.599416],[0.162636,-0.831056,0.531878]]],"btipPosition":[148.724,356.588,94.4661],"carpPosition":[142.387,223.462,142.128],"dipPosition":[151.479,342.509,103.477],"direction":[0.0332122,0.94507,-0.325176],"extended":true,"handId":111,"id":1113,"length":58.4197,"mcpPosition":[143.353,279.371,117.628],"pipPosition":[150.645,318.77,111.645],"stabilizedTipPosition":[148.989,349.62,95.8764],"timeVisible":0.114552,"tipPosition":[144.186,354.112,90.2911],"tipVelocity":[28.6118,536.005,91.5337],"tool":false,"touchDistance":1,"touchZone":"none","type":3,"width":19.0398},{"bases":[[[0.643164,-0.418491,-0.641253],[0.749221,0.170976,0.639872],[-0.158142,-0.891982,0.423508]],[[0.640523,-0.432858,-0.634322],[0.670023,-0.0886019,0.737034],[-0.375233,-0.897097,0.233273]],[[0.640523,-0.432858,-0.634322],[0.740384,0.128799,0.65973],[-0.203869,-0.892213,0.40298]],[[0.640523,-0.432858,-0.634322],[0.767696,0.381703,0.514729],[0.0193183,-0.816662,0.576793]]],"btipPosition":[173.552,326.513,83.4694],"carpPosition":[149.271,218.756,131.043],"dipPosition":[173.854,313.75,92.4843],"direction":[0.203869,0.892213,-0.40298],"extended":true,"handId":111,"id":1114,"length":45.8,"mcpPosition":[158.208,269.164,107.11],"pipPosition":[170.238,297.926,99.631],"stabilizedTipPosition":[173.451,321.886,85.5186],"timeVisible":0.114552,"tipPosition":[165.816,326.432,84.3269],"tipVelocity":[36.2723,512.81,8.258],"tool":false,"touchDistance":0.333407,"touchZone":"hovering","type":4,"width":16.9127}],"r":[[0.999892,-0.0102882,-0.0105028],[0.011,0.997477,0.070128],[0.00975484,-0.070236,0.997483]],"s":1.13649,"t":[3.21846,45.7459,2.52391],"timestamp":257317559718},{"currentFrameRate":33.3068,"devices":[],"gestures":[],"hands":[{"armBasis":[[0.816727,0.0399003,-0.575643],[0.366707,0.73435,0.571188],[0.445514,-0.677597,0.585132]],"armWidth":65.5845,"confidence":0.57892,"direction":[-0.0294761,0.975827,-0.216546],"elbow":[257.676,19.3255,300.153],"grabAngle":0.289567,"grabStrength":0,"id":111,"palmNormal":[-0.472092,-0.204546,-0.857491],"palmPosition":[125.091,267.034,125.75],"palmVelocity":[-43.4517,432.618,-68.6397],"palmWidth":88.6782,"pinchDistance":74.2304,"pinchStrength":0,"r":[[0.999833,-0.0105395,-0.0149393],[0.0116999,0.996739,0.0798386],[0.0140491,-0.0800001,0.996696]],"s":1.15744,"sphereCenter":[132.911,325.635,174.14],"sphereRadius":82.5689,"stabilizedPalmPosition":[125.156,266.264,125.863],"t":[3.08925,51.7309,2.01096],"timeVisible":0.125443,"type":"right","wrist":[140.443,197.628,146.182]}],"id":81080,"interactionBox":{"center":[0,200,0],"size":[235.247,235.247,147.751]},"pointables":[{"bases":[[[0.771035,0.342401,0.536905],[-0.48644,-0.227423,0.843597],[0.410953,-0.911614,-0.00879312]],[[0.532764,0.688051,0.492695],[-0.537708,-0.174343,0.824909],[0.653477,-0.704408,0.277087]],[[0.532764,0.688051,0.492695],[-0.724862,0.0705624,0.685271],[0.436736,-0.722223,0.536335]],[[0.532764,0.688051,0.492695],[-0.83985,0.358337,0.407732],[0.10399,-0.631015,0.768769]]],"btipPosition":[58.3252,282.686,95.5778],"carpPosition":[105.825,212.698,141.953],"dipPosition":[60.532,269.296,111.892],"direction":[-0.436736,0.722223,-0.536335],"extended":false,"handId":111,"id":1110,"length":47.2559,"mcpPosition":[105.825,212.698,141.953],"pipPosition":[74.034,246.967,128.473],"stabilizedTipPosition":[59.1456,278.213,99.7515],"timeVisible":0.125443,"tipPosition":[61.2323,285.091,106.467],"tipVelocity":[-87.0359,341.906,-111.942],"tool":false,"touchDistance":1,"touchZone":"none","type":0,"width":21.3285},{"bases":[[[0.8636,0.0879816,-0.496442],[0.440614,0.3469,0.827961],[0.245061,-0.933766,0.260817]],[[0.866348,0.0772867,-0.493424],[0.473709,0.185861,0.860846],[0.15824,-0.979532,0.124409]],[[0.866348,0.0772867,-0.493424],[0.417059,0.43159,0.79987],[0.274776,-0.898753,0.341674]],[[0.866348,0.0772867,-0.493424],[0.274876,0.75108,0.600268],[0.416994,-0.655672,0.629453]]],"btipPosition":[85.2222,361.133,111.58],"carpPosition":[121.44,226.168,152.367],"dipPosition":[91.6824,350.975,121.332],"direction":[-0.274776,0.898753,-0.341674],"extended":true,"handId":111,"id":1111,"length":53.323,"mcpPosition":[103.869,293.119,133.667],"pipPosition":[97.7044,331.278,128.82],"stabilizedTipPosition":[87.1446,355.607,113.143],"timeVisible":0.125443,"tipPosition":[91.4885,358.409,107.586],"tipVelocity":[-117.162,433.207,67.7533],"tool":false,"touchDistance":1,"touchZone":"none","type":1,"width":20.373},{"bases":[[[0.800916,-0.0994183,-0.590465],[0.58