{"frames":216,"data":[{"currentFrameRate":24.81,"devices":[],"gestures":[],"hands":[],"id":81793,"interactionBox":{"center":[0,200,0],"size":[235.247,235.247,147.751]},"pointables":[],"r":[[-0.962136,-0.269906,0.0380192],[0.215739,-0.839331,-0.498979],[0.166588,-0.471883,0.86578]],"s":0.686793,"t":[505.899,-233.461,348.339],"timestamp":257338448546},{"currentFrameRate":24.8382,"devices":[],"gestures":[],"hands":[],"id":81794,"interactionBox":{"center":[0,200,0],"size":[235.247,235.247,147.751]},"pointables":[],"r":[[-0.962136,-0.269906,0.0380192],[0.215739,-0.839331,-0.498979],[0.166588,-0.471883,0.86578]],"s":0.686793,"t":[505.899,-233.461,348.339],"timestamp":257338488602},{"currentFrameRate":24.8045,"devices":[],"gestures":[],"hands":[],"id":81795,"interactionBox":{"center":[0,200,0],"size":[235.247,235.247,147.751]},"pointables":[],"r":[[-0.962136,-0.269906,0.0380192],[0.215739,-0.839331,-0.498979],[0.166588,-0.471883,0.86578]],"s":0.686793,"t":[505.899,-233.461,348.339],"timestamp":257338529162},{"currentFrameRate":24.84,"devices":[],"gestures":[],"hands":[],"id":81796,"interactionBox":{"center":[0,200,0],"size":[235.247,235.247,147.751]},"pointables":[],"r":[[-0.962136,-0.269906,0.0380192],[0.215739,-0.839331,-0.498979],[0.166588,-0.471883,0.86578]],"s":0.686793,"t":[505.899,-233.461,348.339],"timestamp":257338569162},{"currentFrameRate":24.8421,"devices":[],"gestures":[],"hands":[],"id":81797,"interactionBox":{"center":[0,200,0],"size":[235.247,235.247,147.751]},"pointables":[],"r":[[-0.962136,-0.269906,0.0380192],[0.215739,-0.839331,-0.498979],[0.166588,-0.471883,0.86578]],"s":0.686793,"t":[505.899,-233.461,348.339],"timestamp":257338609401},{"currentFrameRate":24.7987,"devices":[],"gestures":[],"hands":[],"id":81798,"interactionBox":{"center":[0,200,0],"size":[235.247,235.247,147.751]},"pointables":[],"r":[[-0.962136,-0.269906,0.0380192],[0.215739,-0.839331,-0.498979],[0.166588,-0.471883,0.86578]],"s":0.686793,"t":[505.899,-233.461,348.339],"timestamp":257338650041},{"currentFrameRate":24.8392,"devices":[],"gestures":[],"hands":[],"id":81799,"interactionBox":{"center":[0,200,0],"size":[235.247,235.247,147.751]},"pointables":[],"r":[[-0.962136,-0.269906,0.0380192],[0.215739,-0.839331,-0.498979],[0.166588,-0.471883,0.86578]],"s":0.686793,"t":[505.899,-233.461,348.339],"timestamp":257338690005},{"currentFrameRate":24.8437,"devices":[],"gestures":[],"hands":[],"id":81800,"interactionBox":{"center":[0,200,0],"size":[235.247,235.247,147.751]},"pointables":[],"r":[[-0.962136,-0.269906,0.0380192],[0.215739,-0.839331,-0.498979],[0.166588,-0.471883,0.86578]],"s":0.686793,"t":[505.899,-233.461,348.339],"timestamp":257338730224},{"currentFrameRate":24.8337,"devices":[],"gestures":[],"hands":[],"id":81801,"interactionBox":{"center":[0,200,0],"size":[235.247,235.247,147.751]},"pointables":[],"r":[[-0.962136,-0.269906,0.0380192],[0.215739,-0.839331,-0.498979],[0.166588,-0.471883,0.86578]],"s":0.686793,"t":[505.899,-233.461,348.339],"timestamp":257338770565},{"currentFrameRate":24.8307,"devices":[],"gestures":[],"hands":[],"id":81802,"interactionBox":{"center":[0,200,0],"size":[235.247,235.247,147.751]},"pointables":[],"r":[[-0.962136,-0.269906,0.0380192],[0.215739,-0.839331,-0.498979],[0.166588,-0.471883,0.86578]],"s":0.686793,"t":[505.899,-233.461,348.339],"timestamp":257338810859},{"currentFrameRate":24.8309,"devices":[],"gestures":[],"hands":[],"id":81803,"interactionBox":{"center":[0,200,0],"size":[235.247,235.247,147.751]},"pointables":[],"r":[[-0.962136,-0.269906,0.0380192],[0.215739,-0.839331,-0.498979],[0.166588,-0.471883,0.86578]],"s":0.686793,"t":[505.899,-233.461,348.339],"timestamp":257338851130},{"currentFrameRate":24.8108,"devices":[],"gestures":[],"hands":[],"id":81804,"interactionBox":{"center":[0,200,0],"size":[235.247,235.247,147.751]},"pointables":[],"r":[[-0.962136,-0.269906,0.0380192],[0.215739,-0.839331,-0.498979],[0.166588,-0.471883,0.86578]],"s":0.686793,"t":[505.899,-233.461,348.339],"timestamp":257338891581},{"currentFrameRate":24.8412,"devices":[],"gestures":[],"hands":[{"armBasis":[[0.866004,-0.160316,-0.473641],[0.213639,0.975032,0.0605919],[0.452101,-0.153661,0.878631]],"armWidth":62.1011,"confidence":0,"direction":[0.0508843,0.96316,-0.26407],"elbow":[251.036,72.6038,386.346],"grabAngle":0.927306,"grabStrength":0.0614791,"id":112,"palmNormal":[-0.464889,-0.211176,-0.859815],"palmPosition":[121.098,178.346,126.27],"palmVelocity":[1.19209e-7,1.19209e-7,1.19209e-7],"palmWidth":88.6782,"pinchDistance":68.5643,"pinchStrength":0,"r":[[1,-5.55112e-18,-2.77556e-18],[5.55112e-18,1,-1.11022e-17],[2.77556e-18,1.11022e-17,1]],"s":1,"sphereCenter":[101.131,172.241,30.5691],"sphereRadius":99.3637,"stabilizedPalmPosition":[121.098,178.346,126.27],"t":[0,0,0],"timeVisible":0,"type":"right","wrist":[132.07,113.038,155.143]}],"id":81805,"interactionBox":{"center":[0,200,0],"size":[235.247,235.247,147.751]},"pointables":[{"bases":[[[0.78142,0.30982,0.541659],[-0.523315,-0.147437,0.839288],[0.339889,-0.939294,0.0469236]],[[0.611571,0.62088,0.490397],[-0.508684,-0.166173,0.844764],[0.605988,-0.766091,0.214205]],[[0.611571,0.62088,0.490397],[-0.704528,0.145308,0.694641],[0.36003,-0.770321,0.526293]],[[0.611571,0.62088,0.490397],[-0.788692,0.4292,0.440173],[0.0628157,-0.655969,0.752169]]],"btipPosition":[54.4451,204.33,99.4482],"carpPosition":[97.3223,126.501,144.514],"dipPosition":[55.8779,189.368,116.604],"direction":[-0.36003,0.770321,-0.526293],"extended":true,"handId":112,"id":1120,"length":50.7922,"mcpPosition":[97.3223,126.501,144.514],"pipPosition":[67.8414,163.77,134.093],"stabilizedTipPosition":[54.7747,200.888,103.394],"timeVisible":0,"tipPosition":[54.7747,200.888,103.394],"tipVelocity":[1.19209e-7,1.19209e-7,1.19209e-7],"tool":false,"touchDistance":1,"touchZone":"none","type":0,"width":19.7355},{"bases":[[[0.879901,-0.00243426,-0.475151],[0.445172,0.353834,0.822571],[0.166122,-0.935305,0.312423]],[[0.893872,-0.121176,-0.431635],[0.438624,0.435544,0.786073],[0.0927434,-0.891974,0.442471]],[[0.893872,-0.121176,-0.431635],[0.358184,0.772048,0.52502],[0.269624,-0.623906,0.733515]],[[0.893872,-0.121176,-0.431635],[0.234528,0.946923,0.219848],[0.382085,-0.297747,0.874847]]],"btipPosition":[85.1521,263.325,81.9359],"carpPosition":[113.66,139.26,154.71],"dipPosition":[91.5144,258.367,96.5034],"direction":[-0.269624,0.623906,-0.733515],"extended":true,"handId":112,"id":1121,"length":57.3134,"mcpPosition":[101.749,206.322,132.309],"pipPosition":[97.8658,243.67,113.782],"stabilizedTipPosition":[86.6155,262.184,85.2864],"timeVisible":0,"tipPosition":[86.6155,262.184,85.2864],"tipVelocity":[1.19209e-7,1.19209e-7,1.19209e-7],"tool":false,"touchDistance":1,"touchZone":"none","type":1,"width":18.8514},{"bases":[[[0.805385,-0.189059,-0.561793],[0.59106,0.327708,0.737059],[0.0447566,-0.925669,0.375677]],[[0.806442,-0.220466,-0.548677],[0.588903,0.383148,0.711612],[0.0533385,-0.896991,0.438819]],[[0.806442,-0.220466,-0.548677],[0.507349,0.734586,0.450533],[0.303724,-0.641699,0.704254]],[[0.806442,-0.220466,-0.548677],[0.358913,0.91992,0.157892],[0.469929,-0.324258,0.820989]]],"btipPosition":[102.176,269.156,69.5426],"carpPosition":[124.749,140.356,150.254],"dipPosition":[110.783,263.218,84.5786],"direction":[-0.303724,0.641699,-0.704254],"extended":true,"handId":112,"id":1122,"length":65.304,"mcpPosition":[121.706,203.297,124.71],"pipPosition":[119.2,245.434,104.096],"stabilizedTipPosition":[104.156,267.79,73.0009],"timeVisible":0,"tipPosition":[104.156,267.79,73.0009],"tipVelocity":[1.19209e-7,1.19209e-7,1.19209e-7],"tool":false,"touchDistance":1,"touchZone":"none","type":2,"width":18.5145},{"bases":[[[0.756329,-0.347381,-0.554339],[0.648216,0.283688,0.706638],[-0.0882129,-0.893783,0.43974]],[[0.757416,-0.335688,-0.560031],[0.652361,0.353181,0.670589],[-0.0273162,-0.873257,0.486494]],[[0.757416,-0.335688,-0.560031],[0.596941,0.703524,0.385637],[0.264542,-0.626393,0.733246]],[[0.757416,-0.335688,-0.560031],[0.453429,0.887584,0.0812163],[0.469811,-0.315449,0.824481]]],"btipPosition":[125.705,254.376,61.0684],"carpPosition":[134.827,139.131,143.908],"dipPosition":[134.26,248.632,76.0816],"direction":[-0.264542,0.626393,-0.733246],"extended":true,"handId":112,"id":1123,"length":62.7915,"mcpPosition":[140.213,193.695,117.062],"pipPosition":[141.402,231.72,95.8779],"stabilizedTipPosition":[127.673,253.055,64.5215],"timeVisible":0,"tipPosition":[127.673,253.055,64.5215],"tipVelocity":[1.19209e-7,1.19209e-7,1.19209e-7],"tool":false,"touchDistance":1,"touchZone":"none","type":3,"width":17.6178},{"bases":[[[0.623466,-0.490558,-0.608804],[0.747605,0.146119,0.647871],[-0.22886,-0.85907,0.457844]],[[0.62154,-0.49769,-0.604973],[0.768187,0.235845,0.595202],[-0.153546,-0.834675,0.528906]],[[0.62154,-0.49769,-0.604973],[0.750674,0.599203,0.278288],[0.224001,-0.627105,0.746031]],[[0.62154,-0.49769,-0.604973],[0.603438,0.796624,-0.0353925],[0.499551,-0.343066,0.795459]]],"btipPosition":[147.125,228.496,61.5013],"carpPosition":[141.562,133.468,133.185],"dipPosition":[155.517,222.733,74.8641],"direction":[-0.224001,0.627105,-0.746031],"extended":true,"handId":112,"id":1124,"length":49.2274,"mcpPosition":[154.495,182.016,107.311],"pipPosition":[159.787,210.779,89.0848],"stabilizedTipPosition":[149.055,227.171,64.5747],"timeVisible":0,"tipPosition":[149.055,227.171,64.5747],"tipVelocity":[1.19209e-7,1.19209e-7,1.19209e-7],"tool":false,"touchDistance":1,"touchZone":"none","type":4,"width":15.6495}],"r":[[1,-5.55112e-18,-2.77556e-18],[5.55112e-18,1,-1.11022e-17],[2.77556e-18,1.11022e-17,1]],"s":1,"t":[0,0,0],"timestamp":257338931616},{"currentFrameRate":24.8267,"devices":[],"gestures":[],"hands":[{"armBasis":[[0.872725,-0.0757174,-0.482305],[0.238708,0.92794,0.286261],[0.425876,-0.364957,0.827911]],"armWidth":65.5845,"confidence":0.209596,"direction":[0.00728175,0.971852,-0.23548],"elbow":[244.863,29.8524,369.525],"grabAngle":0.651672,"grabStrength":0,"id":112,"palmNormal":[-0.4241,-0.210258,-0.880869],"palmPosition":[119.657,192.939,125.889],"palmVelocity":[-35.6638,361.35,-9.43659],"palmWidth":88.6782,"pinchDistance":69.1171,"pinchStrength":0,"r":[[0.999919,0.0106546,0.00691527],[-0.0106928,0.999928,0.00552055],[-0.00685595,-0.00559405,0.999961]],"s":1.01586,"sphereCenter":[112.112,202.161,52.1339],"sphereRadius":81.2491,"stabilizedPalmPosition":[120.04,189.062,125.99],"t":[-0.72014,7.29657,-0.190548],"timeVisible":0.040385,"type":"right","wrist":[132.798,125.887,151.668]}],"id":81806,"interactionBox":{"center":[0,200,0],"size":[235.247,235.247,147.751]},"pointables":[{"bases":[[[0.745153,0.334932,0.576686],[-0.541988,-0.199714,0.81631],[0.388581,-0.920834,0.0327116]],[[0.578706,0.615655,0.534854],[-0.518811,-0.228093,0.823899],[0.629234,-0.754283,0.187409]],[[0.578706,0.615655,0.534854],[-0.718535,0.0746934,0.691469],[0.385756,-0.784468,0.485595]],[[0.578706,0.615655,0.534854],[-0.812304,0.376806,0.445174],[0.0725373,-0.692089,0.718158]]],"btipPosition":[54.0615,215.022,102.493],"carpPosition":[98.1385,139.387,141.863],"dipPosition":[55.6008,200.335,117.733],"direction":[-0.385756,0.784468,-0.485595],"extended":true,"handId":112,"id":1120,"length":47.2559,"mcpPosition":[98.1385,139.387,141.863],"pipPosition":[67.5267,176.083,132.745],"stabilizedTipPosition":[54.6095,205.835,104.592],"timeVisible":0.040385,"tipPosition":[53.3849,212.327,102.621],"tipVelocity":[-8.89324,266.32,64.4744],"tool":false,"touchDistance":1,"touchZone":"none","type":0,"width":21.3285},{"bases":[[[0.893953,0.0584031,-0.44434],[0.397918,0.352697,0.846916],[0.20618,-0.933913,0.292055]],[[0.912582,-0.0574763,-0.404835],[0.402029,0.306789,0.862701],[0.0746138,-0.950041,0.303077]],[[0.912582,-0.0574763,-0.404835],[0.305689,0.753457,0.582114],[0.271568,-0.65498,0.705161]],[[0.912582,-0.0574763,-0.404835],[0.202008,0.924183,0.324158],[0.35551,-0.3776,0.855003]]],"btipPosition":[84.2655,276.869,91.5182],"carpPosition":[113.415,152.694,152.965],"dipPosition":[89.7731,271.02,104.764],"direction":[-0.271568,0.65498,-0.705161],"extended":true,"handId":112,"id":1121,"length":53.323,"mcpPosition":[98.6315,219.656,132.025],"pipPosition":[95.7248,256.665,120.218],"stabilizedTipPosition":[86.1234,268.244,89.5014],"timeVisible":0.040385,"tipPosition":[83.5659,275.788,89.7621],"tipVelocity":[-26.8233,330.31,229.746],"tool":false,"touchDistance":1,"touchZone":"none","type":1,"width":20.373},{"bases":[[[0.832568,-0.129297,-0.538621],[0.547753,0.336903,0.765809],[0.0824469,-0.932619,0.351318]],[[0.835278,-0.168007,-0.52353],[0.549822,0.251021,0.796671],[-0.00242942,-0.95329,0.302046]],[[0.835278,-0.168007,-0.52353],[0.513013,0.580698,0.632146],[0.197808,-0.796595,0.571234]],[[0.835278,-0.168007,-0.52353],[0.438074,0.778763,0.449021],[0.332267,-0.604402,0.724083]]],"btipPosition":[108.307,290.424,84.7721],"carpPosition":[124.569,154.508,148.928],"dipPosition":[113.969,280.125,97.1101],"direction":[-0.197808,0.796595,-0.571234],"extended":true,"handId":112,"id":1122,"length":60.7573,"mcpPosition":[118.963,217.922,125.04],"pipPosition":[119.069,259.586,111.839],"stabilizedTipPosition":[108.546,284.104,84.7616],"timeVisible":0.040385,"tipPosition":[105.985,286.171,82.8542],"tipVelocity":[135.04,501.794,361.743],"tool":false,"touchDistance":1,"touchZone":"none","type":2,"width":20.009},{"bases":[[[0.791949,-0.290157,-0.537238],[0.608185,0.296903,0.736179],[-0.0540994,-0.909757,0.411602]],[[0.792909,-0.271034,-0.545744],[0.604251,0.234229,0.761589],[-0.078587,-0.933637,0.349495]],[[0.792909,-0.271034,-0.545744],[0.592712,0.550864,0.587573],[0.141378,-0.78936,0.59743]],[[0.792909,-0.271034,-0.545744],[0.526751,0.755115,0.390301],[0.306314,-0.596944,0.741504]]],"btipPosition":[132.649,277.313,76.0464],"carpPosition":[134.903,154.009,142.902],"dipPosition":[137.838,267.2,88.6086],"direction":[-0.141378,0.78936,-0.59743],"extended":true,"handId":112,"id":1123,"length":58.4197,"mcpPosition":[138.206,209.548,117.774],"pipPosition":[141.389,247.372,103.615],"stabilizedTipPosition":[132.906,271.659,76.7488],"timeVisible":0.040385,"tipPosition":[130.222,272.991,74.2582],"tipVelocity":[152.775,543.082,356.922],"tool":false,"touchDistance":1,"touchZone":"none","type":3,"width":19.0398},{"bases":[[[0.668916,-0.438543,-0.600193],[0.716774,0.16661,0.677109],[-0.196943,-0.883132,0.425784]],[[0.67386,-0.415185,-0.611174],[0.709274,0.131771,0.692507],[-0.206984,-0.900143,0.383275]],[[0.67386,-0.415185,-0.611174],[0.735147,0.459566,0.498355],[0.0739654,-0.785124,0.614906]],[[0.67386,-0.415185,-0.611174],[0.683537,0.664361,0.302328],[0.280518,-0.621487,0.731481]]],"btipPosition":[154.355,251.435,73.5784],"carpPosition":[142.285,149.031,132.266],"dipPosition":[158.739,241.722,85.0109],"direction":[-0.0739654,0.785124,-0.614906],"extended":true,"handId":112,"id":1124,"length":45.8,"mcpPosition":[153.415,198.938,108.204],"pipPosition":[160.051,227.798,95.9161],"stabilizedTipPosition":[154.692,246.857,74.9701],"timeVisible":0.040385,"tipPosition":[151.625,247.324,71.9242],"tipVelocity":[156.209,545.517,288.056],"tool":false,"touchDistance":1,"touchZone":"none","type":4,"width":16.9127}],"r":[[0.999919,0.0106546,0.00691527],[-0.0106928,0.999928,0.00552055],[-0.00685595,-0.00559405,0.999961]],"s":1.01586,"t":[-0.72014,7.29657,-0.190548],"timestamp":257338972001},{"currentFrameRate":24.8311,"devices":[],"gestures":[],"hands":[{"armBasis":[[0.862433,-0.0325833,-0.505122],[0.287306,0.853104,0.435509],[0.416732,-0.520722,0.745106]],"armWidth":65.5845,"confidence":0.400912,"direction":[-0.0374972,0.967054,-0.251795],"elbow":[244.517,10.9319,346.694],"grabAngle":0.567613,"grabStrength":0,"id":112,"palmNormal":[-0.442092,-0.242027,-0.8637],"palmPosition":[119.191,215.368,125.624],"palmVelocity":[-11.593,557.362,-6.60075],"palmWidth":88.6782,"pinchDistance":67.7043,"pinchStrength":0,"r":[[0.999621,0.0268125,0.00627518],[-0.0268538,0.999618,0.00660282],[-0.00609574,-0.00676883,0.999959]],"s":1.06117,"sphereCenter":[130.728,256.788,121.264],"sphereRadius":55.2708,"stabilizedPalmPosition":[119.194,215.261,125.625],"t":[-1.31346,22.159,-0.41863],"timeVisible":0.080625,"type":"right","wrist":[134.859,147.955,150.626]}],"id":81807,"interactionBox":{"center":[0,200,0],"size":[235.247,235.247,147.751]},"pointables":[{"bases":[[[0.748725,0.373417,0.547696],[-0.508901,-0.205647,0.8359],[0.424771,-0.904582,0.03606]],[[0.531096,0.6892,0.49289],[-0.530631,-0.182978,0.827617],[0.660582,-0.701087,0.268531]],[[0.531096,0.6892,0.49289],[-0.710134,0.0447223,0.702645],[0.462219,-0.72319,0.513176]],[[0.531096,0.6892,0.49289],[-0.818064,0.26556,0.510147],[0.220701,-0.674153,0.704847]]],"btipPosition":[49.1455,232.098,99.2604],"carpPosition":[100.256,161.327,143.147],"dipPosition":[53.8289,217.792,114.218],"direction":[-0.462219,0.72319,-0.513176],"extended":true,"handId":112,"id":1120,"length":47.2559,"mcpPosition":[100.256,161.327,143.147],"pipPosition":[68.1188,195.434,130.083],"stabilizedTipPosition":[50.3222,228.286,102.744],"timeVisible":0.080625,"tipPosition":[51.1319,230.86,103.66],"tipVelocity":[-104.196,426.538,-81.94],"tool":false,"touchDistance":1,"touchZone":"none","type":0,"width":21.3285},{"bases":[[[0.877167,0.0845605,-0.472681],[0.409396,0.382731,0.828198],[0.250943,-0.919982,0.301101]],[[0.898389,-0.0108809,-0.439065],[0.428494,0.2411,0.870784],[0.0963835,-0.970439,0.221264]],[[0.898389,-0.0108809,-0.439065],[0.289851,0.765766,0.574098],[0.329974,-0.643027,0.69111]],[[0.898389,-0.0108809,-0.439065],[-0.158582,0.924216,-0.347385],[0.409571,0.381715,0.82858]]],"btipPosition":[80.0095,287.35,95.3569],"carpPosition":[115.334,175.403,153.548],"dipPosition":[86.3546,293.263,108.193],"direction":[-0.329974,0.643027,-0.69111],"extended":true,"handId":112,"id":1121,"length":53.323,"mcpPosition":[97.3411,241.366,131.959],"pipPosition":[93.5864,279.17,123.34],"stabilizedTipPosition":[82.1254,285.823,97.067],"timeVisible":0.080625,"tipPosition":[79.9222,293.069,92.9781],"tipVelocity":[-100.978,327.676,93.0569],"tool":false,"touchDistance":1,"touchZone":"none","type":1,"width":20.373},{"bases":[[[0.820276,-0.107003,-0.56187],[0.557208,0.371227,0.742772],[0.129102,-0.922356,0.364131]],[[0.824753,-0.143522,-0.546978],[0.565083,0.172309,0.80684],[-0.0215502,-0.974531,0.223214]],[[0.824753,-0.143522,-0.546978],[0.556983,0.373351,0.741875],[0.0977393,-0.916521,0.387862]],[[0.824753,-0.143522,-0.546978],[0.515304,0.589119,0.622415],[0.232905,-0.795198,0.559835]]],"btipPosition":[111.957,320.06,95.0834],"carpPosition":[126.282,177.57,149.138],"dipPosition":[115.925,306.51,104.623],"direction":[-0.0977393,0.916521,-0.387862],"extended":true,"handId":112,"id":1122,"length":60.7573,"mcpPosition":[117.504,240.286,124.379],"pipPosition":[118.446,282.878,114.623],"stabilizedTipPosition":[112.61,314.975,96.527],"timeVisible":0.080625,"tipPosition":[108.117,313.172,91.1482],"tipVelocity":[81.0252,717.896,240.247],"tool":false,"touchDistance":1,"touchZone":"none","type":2,"width":20.009},{"bases":[[[0.785979,-0.269248,-0.556545],[0.618221,0.333041,0.71196],[-0.00634108,-0.903653,0.428218]],[[0.78597,-0.253374,-0.563962],[0.605883,0.134012,0.784185],[-0.123115,-0.958041,0.258845]],[[0.78597,-0.253374,-0.563962],[0.618265,0.321392,0.717255],[-0.000481015,-0.912419,0.409257]],[[0.78597,-0.253374,-0.563962],[0.603362,0.513408,0.610218],[0.134929,-0.819887,0.556399]]],"btipPosition":[139.542,308.147,86.47],"carpPosition":[136.441,177.359,142.805],"dipPosition":[141.828,294.257,95.8962],"direction":[0.000481015,0.912419,-0.409257],"extended":true,"handId":112,"id":1123,"length":58.4197,"mcpPosition":[136.828,232.525,116.663],"pipPosition":[141.816,271.338,106.176],"stabilizedTipPosition":[139.717,303.324,88.0566],"timeVisible":0.080625,"tipPosition":[134.856,301.432,82.9786],"tipVelocity":[154.7,744.657,241.109],"tool":false,"touchDistance":1,"touchZone":"none","type":3,"width":19.0398},{"bases":[[[0.666938,-0.423328,-0.613178],[0.729938,0.205956,0.651746],[-0.149615,-0.882256,0.446363]],[[0.666782,-0.424245,-0.612713],[0.690207,0.0414341,0.722425],[-0.281098,-0.904599,0.320445]],[[0.666782,-0.424245,-0.612713],[0.734265,0.233321,0.637508],[-0.127501,-0.874973,0.467083]],[[0.666782,-0.424245,-0.612713],[0.744754,0.40939,0.527011],[0.0272565,-0.807722,0.588932]]],"btipPosition":[162.988,279.479,79.0437],"carpPosition":[143.685,172.477,132.031],"dipPosition":[163.414,266.855,88.2483],"direction":[0.127501,0.874973,-0.467083],"extended":true,"handId":112,"id":1124,"length":45.8,"mcpPosition":[152.14,222.335,106.806],"pipPosition":[161.153,251.337,96.5319],"stabilizedTipPosition":[162.906,275.939,81.0281],"timeVisible":0.080625,"tipPosition":[156.535,273.816,76.4205],"tipVelocity":[191.907,680.268,123.084],"tool":false,"touchDistance":1,"touchZone":"none","type":4,"width":16.9127}],"r":[[0.999621,0.0268125,0.00627518],[-0.0268538,0.999618,0.00660282],[-0.00609574,-0.00676883,0.999959]],"s":1.06117,"t":[-1.31346,22.159,-0.41863],"timestamp":257339012241},{"currentFrameRate":25.8765,"devices":[],"gestures":[],"hands":[{"armBasis":[[0.868399,0.0156371,-0.49562],[0.279909,0.809575,0.515983],[0.40931,-0.586808,0.698657]],"armWidth":65.5845,"confidence":0.529185,"direction":[-0.0521219,0.968913,-0.241849],"elbow":[243.311,9.16806,332.608],"grabAngle":0.507567,"grabStrength":0,"id":112,"palmNormal":[-0.410293,-0.241571,-0.879376],"palmPosition":[119.191,231.414,124.824],"palmVelocity":[0.0142041,514.555,-25.6366],"palmWidth":88.6782,"pinchDistance":71.9013,"pinchStrength":0,"r":[[0.99895,0.04424,0.0118922],[-0.0443549,0.99897,0.00957817],[-0.0114562,-0.0100956,0.999883]],"s":1.10005,"sphereCenter":[128.959,286.52,157.388],"sphereRadius":72.31,"stabilizedPalmPosition":[119.191,231.351,124.827],"t":[-1.6099,37.6131,-0.932396],"timeVisible":0.111809,"type":"right","wrist":[135.605,163.581,148.764]}],"id":81808,"interactionBox":{"center":[0,200,0],"size":[235.247,235.247,147.751]},"pointables":[{"bases":[[[0.723175,0.383648,0.57431],[-0.528905,-0.227127,0.817724],[0.44416,-0.895113,0.0386607]],[[0.496187,0.698932,0.515066],[-0.557093,-0.198715,0.806325],[0.665917,-0.687028,0.29077]],[[0.496187,0.698932,0.515066],[-0.726732,0.00975915,0.686852],[0.475036,-0.715122,0.512778]],[[0.496187,0.698932,0.515066],[-0.837285,0.228273,0.496835],[0.229677,-0.67778,0.698471]]],"btipPosition":[49.0283,246.667,96.3322],"carpPosition":[100.985,176.751,141.153],"dipPosition":[53.9023,232.283,111.154],"direction":[-0.475036,0.715122,-0.512778],"extended":true,"handId":112,"id":1120,"length":47.2559,"mcpPosition":[100.985,176.751,141.153],"pipPosition":[68.5883,210.175,127.007],"stabilizedTipPosition":[50.1512,243.192,99.7744],"timeVisible":0.111809,"tipPosition":[51.4331,245.538,100.939],"tipVelocity":[-2.35269,466.611,-94.9001],"tool":false,"touchDistance":1,"touchZone":"none","type":0,"width":21.3285},{"bases":[[[0.888786,0.110046,-0.444914],[0.375455,0.381917,0.844496],[0.262854,-0.917622,0.298125]],[[0.907825,0.0320803,-0.418119],[0.402749,0.211052,0.890646],[0.116817,-0.976948,0.178678]],[[0.907825,0.0320803,-0.418119],[0.322203,0.584802,0.744441],[0.268399,-0.810542,0.520561]],[[0.907825,0.0320803,-0.418119],[-0.193084,0.917068,-0.348863],[0.372252,0.397439,0.838732]]],"btipPosition":[80.3699,306.498,99.4264],"carpPosition":[115.417,191.04,152.165],"dipPosition":[86.1369,312.655,112.42],"direction":[-0.268399,0.810542,-0.520561],"extended":true,"handId":112,"id":1121,"length":53.323,"mcpPosition":[96.5699,256.834,130.789],"pipPosition":[92.0192,294.891,123.829],"stabilizedTipPosition":[81.7131,307.049,102.206],"timeVisible":0.111809,"tipPosition":[79.9943,308.368,95.3884],"tipVelocity":[7.29442,615.842,131.658],"tool":false,"touchDistance":1,"touchZone":"none","type":1,"width":20.373},{"bases":[[[0.839012,-0.0816702,-0.537949],[0.52599,0.374784,0.76346],[0.139263,-0.923508,0.357406]],[[0.842962,-0.110554,-0.526492],[0.537525,0.133121,0.832674],[-0.0219683,-0.984915,0.171641]],[[0.842962,-0.110554,-0.526492],[0.532802,0.306933,0.788615],[0.0744134,-0.945288,0.317637]],[[0.842962,-0.110554,-0.526492],[0.498945,0.52662,0.688277],[0.201169,-0.842881,0.499081]]],"btipPosition":[112.584,338.082,99.6156],"carpPosition":[126.44,193.507,148.113],"dipPosition":[116.012,323.72,108.12],"direction":[-0.0744134,0.945288,-0.317637],"extended":true,"handId":112,"id":1122,"length":60.7573,"mcpPosition":[116.97,256.301,123.811],"pipPosition":[117.931,299.347,116.31],"stabilizedTipPosition":[113.335,333.816,101.326],"timeVisible":0.111809,"tipPosition":[108.625,330.788,93.9024],"tipVelocity":[16.1244,571.95,137.702],"tool":false,"touchDistance":1,"touchZone":"none","type":2,"width":20.009},{"bases":[[[0.808306,-0.244701,-0.535503],[0.588761,0.338361,0.734079],[0.0015635,-0.908644,0.417569]],[[0.80792,-0.218233,-0.547393],[0.57456,0.0853154,0.814004],[-0.130941,-0.97216,0.194316]],[[0.80792,-0.218233,-0.547393],[0.588398,0.2476,0.769729],[-0.0324458,-0.943964,0.328449]],[[0.80792,-0.218233,-0.547393],[0.580573,0.453968,0.675906],[0.100994,-0.86388,0.49347]]],"btipPosition":[141.099,326.803,92.1137],"carpPosition":[136.786,193.601,142.088],"dipPosition":[142.81,312.168,100.474],"direction":[0.0324458,0.943964,-0.328449],"extended":true,"handId":112,"id":1123,"length":58.4197,"mcpPosition":[136.691,249.072,116.596],"pipPosition":[141.995,288.457,108.724],"stabilizedTipPosition":[141.408,322.478,93.7513],"timeVisible":0.111809,"tipPosition":[136.255,319.784,86.628],"tipVelocity":[45.7107,592.772,173.118],"tool":false,"touchDistance":1,"touchZone":"none","type":3,"width":19.0398},{"bases":[[[0.694588,-0.400742,-0.597455],[0.705124,0.214567,0.675841],[-0.142644,-0.890711,0.431609]],[[0.695637,-0.394061,-0.60067],[0.652395,-0.00355306,0.757871],[-0.300781,-0.919077,0.254612]],[[0.695637,-0.394061,-0.60067],[0.69468,0.155931,0.702214],[-0.183052,-0.90576,0.382218]],[[0.695637,-0.394061,-0.60067],[0.717443,0.338074,0.609083],[-0.0369447,-0.854647,0.517893]]],"btipPosition":[165.989,298.237,84.0568],"carpPosition":[144.461,189.013,131.484],"dipPosition":[165.412,284.88,92.1511],"direction":[0.183052,0.90576,-0.382218],"extended":true,"handId":112,"id":1124,"length":45.8,"mcpPosition":[152.522,239.349,107.093],"pipPosition":[162.165,268.816,98.9296],"stabilizedTipPosition":[165.786,294.709,85.8024],"timeVisible":0.111809,"tipPosition":[159.003,292.274,79.6105],"tipVelocity":[88.8476,596.128,152.569],"tool":false,"touchDistance":0.426358,"touchZone":"hovering","type":4,"width":16.9127}],"r":[[0.99895,0.04424,0.0118922],[-0.0443549,0.99897,0.00957817],[-0.0114562,-0.0100956,0.999883]],"s":1.10005,"t":[-1.6099,37.6131,-0.932396],"timestamp":257339043425},{"currentFrameRate":29.3079,"devices":[],"gestures":[],"hands":[{"armBasis":[[0.869749,0.0253529,-0.492843],[0.298956,0.767504,0.567066],[0.392636,-0.640543,0.659956]],"armWidth":65.5845,"confidence":0.571078,"direction":[-0.0557242,0.968134,-0.244153],"elbow":[239.263,0.435296,321.91],"grabAngle":0.508706,"grabStrength":0,"id":112,"palmNormal":[-0.410082,-0.245148,-0.878485],"palmPosition":[119.552,237.119,124.729],"palmVelocity":[31.6224,500.08,-8.30045],"palmWidth":88.6782,"pinchDistance":74.1987,"pinchStrength":0,"r":[[0.998133,0.0588687,0.0162568],[-0.0590578,0.998189,0.0114026],[-0.0155561,-0.0123414,0.999803]],"s":1.13135,"sphereCenter":[126.634,294.794,164.521],"sphereRadius":77.3059,"stabilizedPalmPosition":[119.513,236.49,124.74],"t":[-1.57771,48.1931,-1.23663],"timeVisible":0.123219,"type":"right","wrist":[135.944,168.988,148.249]}],"id":81809,"interactionBox":{"center":[0,200,0],"size":[235.247,235.247,147.751]},"pointables":[{"bases":[[[0.722235,0.387591,0.572844],[-0.527499,-0.227014,0.818663],[0.44735,-0.893442,0.0404965]],[[0.482429,0.713151,0.508604],[-0.557637,-0.197731,0.806191],[0.675502,-0.672546,0.302288]],[[0.482429,0.713151,0.508604],[-0.72605,0.000743035,0.687642],[0.490014,-0.70101,0.518141]],[[0.482429,0.713151,0.508604],[-0.842289,0.218304,0.492841],[0.240439,-0.666153,0.705996]]],"btipPosition":[48.4367,250.961,95.4974],"carpPosition":[101.551,182.433,141.204],"dipPosition":[53.539,236.824,110.479],"direction":[-0.490014,0.70101,-0.518141],"extended":true,"handId":112,"id":1120,"length":47.2559,"mcpPosition":[101.551,182.433,141.204],"pipPosition":[68.6882,215.152,126.498],"stabilizedTipPosition":[49.7022,246.941,99.0845],"timeVisible":0.123219,"tipPosition":[51.5301,250.646,100.682],"tipVelocity":[-47.2481,381.319,-69.9474],"tool":false,"touchDistance":1,"touchZone":"none","type":0,"width":21.3285},{"bases":[[[0.888065,0.112108,-0.445838],[0.374722,0.385285,0.84329],[0.266315,-0.915962,0.300149]],[[0.905145,0.0449053,-0.422724],[0.404976,0.211264,0.889585],[0.129254,-0.976397,0.173039]],[[0.905145,0.0449053,-0.422724],[0.340215,0.519707,0.783683],[0.254884,-0.853164,0.455132]],[[0.905145,0.0449053,-0.422724],[-0.209007,0.912924,-0.350551],[0.370173,0.405652,0.835714]]],"btipPosition":[80.4893,312.924,100.987],"carpPosition":[115.94,196.799,152.171],"dipPosition":[86.2241,319.208,113.934],"direction":[-0.254884,0.853164,-0.455132],"extended":true,"handId":112,"id":1121,"length":53.323,"mcpPosition":[96.8454,262.474,130.65],"pipPosition":[91.8102,300.51,123.909],"stabilizedTipPosition":[81.7822,312.361,103.482],"timeVisible":0.123219,"tipPosition":[80.2715,313.924,96.1971],"tipVelocity":[9.8155,565.72,135.863],"tool":false,"touchDistance":1,"touchZone":"none","type":1,"width":20.373},{"bases":[[[0.8389,-0.0800078,-0.538373],[0.525221,0.378488,0.762161],[0.142789,-0.922142,0.359536]],[[0.84227,-0.10351,-0.529024],[0.538657,0.123883,0.833368],[-0.0207249,-0.986883,0.1601]],[[0.84227,-0.10351,-0.529024],[0.53345,0.30121,0.790382],[0.0775349,-0.947923,0.308918]],[[0.84227,-0.10351,-0.529024],[0.497941,0.525315,0.689999],[0.206482,-0.844589,0.493999]]],"btipPosition":[112.631,343.961,100.278],"carpPosition":[126.952,199.295,148.105],"dipPosition":[116.149,329.57,108.696],"direction":[-0.0775348,0.947923,-0.308918],"extended":true,"handId":112,"id":1122,"length":60.7573,"mcpPosition":[117.243,261.996,123.658],"pipPosition":[118.148,305.128,116.661],"stabilizedTipPosition":[113.41,338.707,101.962],"timeVisible":0.123219,"tipPosition":[108.92,336.653,94.1257],"tipVelocity":[5.92258,514.616,56.3232],"tool":false,"touchDistance":1,"touchZone":"none","type":2,"width":20.009},{"bases":[[[0.808773,-0.243139,-0.535509],[0.588099,0.342216,0.732822],[0.0050819,-0.907619,0.419765]],[[0.808224,-0.214807,-0.548299],[0.57302,0.0722767,0.816348],[-0.135728,-0.973978,0.181504]],[[0.808224,-0.214807,-0.548299],[0.587973,0.242856,0.771562],[-0.0325793,-0.94598,0.322583]],[[0.808224,-0.214807,-0.548299],[0.578717,0.461931,0.672091],[0.108907,-0.86051,0.497656]]],"btipPosition":[141.455,332.618,92.5587],"carpPosition":[137.293,199.411,142.072],"dipPosition":[143.3,318.04,100.99],"direction":[0.0325793,0.94598,-0.322583],"extended":true,"handId":112,"id":1123,"length":58.4197,"mcpPosition":[136.983,254.82,116.446],"pipPosition":[142.482,294.278,109.093],"stabilizedTipPosition":[141.747,327.36,94.2883],"timeVisible":0.123219,"tipPosition":[136.589,325.671,86.7656],"tipVelocity":[33.8553,510.78,40.4365],"tool":false,"touchDistance":1,"touchZone":"none","type":3,"width":19.0398},{"bases":[[[0.695562,-0.399732,-0.596999],[0.704857,0.218694,0.674796],[-0.139178,-0.890162,0.433868]],[[0.695592,-0.399543,-0.597091],[0.645028,-0.0186712,0.763931],[-0.316371,-0.916524,0.244729]],[[0.695592,-0.399543,-0.597091],[0.691181,0.145411,0.707902],[-0.196014,-0.905108,0.377303]],[[0.695592,-0.399543,-0.597091],[0.717404,0.341723,0.607089],[-0.0385183,-0.850642,0.524333]]],"btipPosition":[167.063,303.862,84.2216],"carpPosition":[144.976,194.825,131.473],"dipPosition":[166.461,290.567,92.4165],"direction":[0.196014,0.905108,-0.377303],"extended":true,"handId":112,"id":1124,"length":45.8,"mcpPosition":[152.841,245.13,106.954],"pipPosition":[162.985,274.515,99.1079],"stabilizedTipPosition":[166.68,299.494,86.0411],"timeVisible":0.123219,"tipPosition":[159.641,298.199,79.7954],"tipVelocity":[93.6169,494.22,16.4723],"tool":false,"touchDistance":0.33766,"touchZone":"hovering","type":4,"width":16.9127}],"r":[[0.998133,0.0588687,0.0162568],[-0.0590578,0.998189,0.0114026],[-0.0155561,-0.0123414,0.999803]],"s":1.13135,"t":[-1.57771,48.1931,-1.23663],"timestamp":257339054835},{"currentFrameRate":32.5758,"devices":[],"gestures":[],"hands":[{"armBasis":[[0.871246,0.0301588,-0.489919],[0.325782,0.711043,0.623124],[0.367146,-0.702501,0.609668]],"armWidth":65.5845,"confidence":0.609565,"direction":[-0.0600999,0.967296,-0.246427],"elbow":[232.574,-10.687,307.691],"grabAngle":0.477687,"grabStrength":0,"id":112,"palmNormal":[-0.416041,-0.248682,-0.874681],"palmPosition":[119.635,242.665,124.348],"palmVelocity":[7.36173,494.297,-34.0327],"palmWidth":88.6782,"pinchDistance":76.1663,"pinchStrength":0,"r":[[0.997304,0.0710834,0.0182317],[-0.0713143,0.997378,0.0123425],[-0.0173066,-0.0136094,0.999758]],"s":1.15693,"sphereCenter":[124.721,302.099,169.067],"sphereRadius":80.9915,"stabilizedPalmPosition":[119.623,242.073,124.385],"t":[-1.52032,56.2562,-1.57968],"timeVisible":0.134439,"type":"right","wrist":[135.964,174.169,147.263]}],"id":81810,"interactionBox":{"center":[0,200,0],"size":[235.247,235.247,147.751]},"pointables":[{"bases":[[[0.725509,0.391077,0.566299],[-0.520721,-0.226083,0.823247],[0.449984,-0.892158,0.0396168]],[[0.475146,0.724402,0.499478],[-0.557923,-0.190917,0.807634],[0.68041,-0.662414,0.313447]],[[0.475146,0.724402,0.499478],[-0.721373,-0.00434415,0.692533],[0.503842,-0.689364,0.5205]],[[0.475146,0.724402,0.499478],[-0.840991,0.206924,0.499917],[0.258787,-0.65759,0.707534]]],"btipPosition":[47.7317,255.472,94.7549],"carpPosition":[101.902,187.979,141.11],"dipPosition":[53.2234,241.517,109.769],"direction":[-0.503842,0.689364,-0.5205],"extended":true,"handId":112,"id":1120,"length":47.2559,"mcpPosition":[101.902,187.979,141.11],"pipPosition":[68.8001,220.205,125.861],"stabilizedTipPosition":[49.1039,251.442,98.3433],"timeVisible":0.134439,"tipPosition":[51.2162,255.668,100.582],"tipVelocity":[-54.8476,405.796,-65.5055],"tool":false,"touchDistance":1,"touchZone":"none","type":0,"width":21.3285},{"bases":[[[0.884385,0.113164,-0.452831],[0.380051,0.388627,0.839363],[0.270969,-0.914419,0.300688]],[[0.899741,0.0551519,-0.432924],[0.412969,0.213227,0.885433],[0.141144,-0.975445,0.169073]],[[0.899741,0.0551519,-0.432924],[0.354859,0.484995,0.799284],[0.254048,-0.872776,0.416799]],[[0.899741,0.0551519,-0.432924],[-0.195801,0.937556,-0.287492],[0.390035,0.343435,0.854356]]],"btipPosition":[79.7981,319.784,101.411],"carpPosition":[116.335,202.413,151.928],"dipPosition":[85.8406,325.104,114.647],"direction":[-0.254048,0.872776,-0.416799],"extended":true,"handId":112,"id":1121,"length":53.323,"mcpPosition":[96.9068,267.977,130.368],"pipPosition":[91.4084,305.976,123.782],"stabilizedTipPosition":[81.3304,318.935,104.222],"timeVisible":0.134439,"tipPosition":[80.0549,319.447,96.6914],"tipVelocity":[-55.2951,591.65,43.7245],"tool":false,"touchDistance":1,"touchZone":"none","type":1,"width":20.373},{"bases":[[[0.835029,-0.0793382,-0.544456],[0.529952,0.381994,0.757121],[0.14791,-0.920753,0.361022]],[[0.83774,-0.0971767,-0.537353],[0.545787,0.117381,0.829661],[-0.0175486,-0.988321,0.151373]],[[0.83774,-0.0971767,-0.537353],[0.540402,0.288931,0.790243],[0.0784649,-0.952405,0.294564]],[[0.83774,-0.0971767,-0.537353],[0.5054,0.510622,0.695583],[0.20679,-0.854296,0.476882]]],"btipPosition":[112.472,349.842,100.887],"carpPosition":[127.309,204.926,147.772],"dipPosition":[115.996,335.285,109.013],"direction":[-0.0784649,0.952405,-0.294564],"extended":true,"handId":112,"id":1122,"length":60.7573,"mcpPosition":[117.252,267.533,123.224],"pipPosition":[118.019,310.728,116.608],"stabilizedTipPosition":[113.314,344.551,102.558],"timeVisible":0.134439,"tipPosition":[108.877,342.423,94.2542],"tipVelocity":[-14.0355,520.728,48.3302],"tool":false,"touchDistance":1,"touchZone":"none","type":2,"width":20.009},{"bases":[[[0.805352,-0.242539,-0.540909],[0.592702,0.345803,0.72741],[0.0106231,-0.906419,0.422247]],[[0.804502,-0.211026,-0.555198],[0.578,0.0629915,0.813602],[-0.136719,-0.975449,0.17265]],[[0.804502,-0.211026,-0.555198],[0.592955,0.231276,0.771308],[-0.0343624,-0.949726,0.311191]],[[0.804502,-0.211026,-0.555198],[0.583796,0.453054,0.67374],[0.109358,-0.866147,0.487679]]],"btipPosition":[141.505,338.435,92.8103],"carpPosition":[137.605,205.052,141.661],"dipPosition":[143.358,323.761,101.072],"direction":[0.0343624,0.949726,-0.311191],"extended":true,"handId":112,"id":1123,"length":58.4197,"mcpPosition":[136.956,260.388,115.883],"pipPosition":[142.495,299.906,108.889],"stabilizedTipPosition":[141.886,333.18,94.6074],"timeVisible":0.134439,"tipPosition":[136.564,331.431,86.6282],"tipVelocity":[4.65963,516.498,18.9512],"tool":false,"touchDistance":1,"touchZone":"none","type":3,"width":19.0398},{"bases":[[[0.692092,-0.399597,-0.601107],[0.709342,0.222422,0.668851],[-0.133571,-0.889298,0.437388]],[[0.691573,-0.403018,-0.599419],[0.645818,-0.0266534,0.763026],[-0.32349,-0.914804,0.241844]],[[0.691573,-0.403018,-0.599419],[0.692157,0.132504,0.70948],[-0.206508,-0.905549,0.370588]],[[0.691573,-0.403018,-0.599419],[0.72072,0.330052,0.609613],[-0.0478461,-0.853605,0.518718]]],"btipPosition":[167.55,309.443,83.8664],"carpPosition":[145.22,200.457,131.017],"dipPosition":[166.802,296.102,91.9735],"direction":[0.206508,0.905549,-0.370588],"extended":true,"handId":112,"id":1124,"length":45.8,"mcpPosition":[152.768,250.713,106.3],"pipPosition":[163.14,280.043,98.5458],"stabilizedTipPosition":[167.247,305.084,85.7892],"timeVisible":0.134439,"tipPosition":[159.731,303.887,79.3641],"tipVelocity":[40.3996,496.515,-33.4589],"tool":false,"touchDistance":0.333275,"touchZone":"hovering","type":4,"width":16.9127}],"r":[[0.997304,0.0710834,0.0182317],[-0.0713143,0.997378,0.0123425],[-0.0173066,-0.0136094,0.999758]],"s":1.15693,"t":[-1.52032,56.2562,-1.57968],"timestamp":257339066055},{"currentFrameRate":35.6224,"devices":[],"gestures":[],"hands":[{"armBasis":[[0.871459,0.0257115,-0.489795],[0.351982,0.662668,0.661044],[0.341568,-0.748472,0.568438]],"armWidth":65.5845,"confidence":0.646151,"direction":[-0.0637838,0.967258,-0.24565],"elbow":[225.875,-17.71,295.647],"grabAngle":0.447204,"grabStrength":0,"id":112,"palmNormal":[-0.428218,-0.248866,-0.868732],"palmPosition":[119.744,248.07,123.852],"palmVelocity":[9.53463,471.071,-43.1712],"palmWidth":88.6782,"pinchDistance":77.0388,"pinchStrength":0,"r":[[0.996577,0.080894,0.0170197],[-0.0811235,0.996616,0.0132564],[-0.0158897,-0.0145918,0.999767]],"s":1.17934,"sphereCenter":[122.337,308.271,171.753],"sphereRadius":83.2303,"stabilizedPalmPosition":[119.735,247.605,123.894],"t":[-1.43693,62.9897,-1.99883],"timeVisible":0.145911,"type":"right","wrist":[135.995,179.243,146.068]}],"id":81811,"interactionBox":{"center":[0,200,0],"size":[235.247,235.247,147.751]},"pointables":[{"bases":[[[0.733293,0.391304,0.556024],[-0.509061,-0.226127,0.830496],[0.450708,-0.892047,0.0333803]],[[0.470228,0.735098,0.488383],[-0.55552,-0.183463,0.811011],[0.685773,-0.652666,0.322092]],[[0.470228,0.735098,0.488383],[-0.713218,-0.00941644,0.700879],[0.519813,-0.677896,0.519857]],[[0.470228,0.735098,0.488383],[-0.839143,0.201001,0.505408],[0.273359,-0.64748,0.711368]]],"btipPosition":[47.0273,259.83,94.03],"carpPosition":[102.261,193.381,140.867],"dipPosition":[52.8282,246.09,109.126],"direction":[-0.519813,0.677896,-0.519857],"extended":true,"handId":112,"id":1120,"length":47.2559,"mcpPosition":[102.261,193.381,140.867],"pipPosition":[68.8986,225.132,125.198],"stabilizedTipPosition":[48.4578,255.991,97.6112],"timeVisible":0.145911,"tipPosition":[50.7407,260.629,100.705],"tipVelocity":[-55.2039,384.199,-61.5604],"tool":false,"touchDistance":1,"touchZone":"none","type":0,"width":21.3285},{"bases":[[[0.877915,0.11333,-0.465211],[0.391702,0.388799,0.83391],[0.275381,-0.914326,0.296941]],[[0.889666,0.0711006,-0.451041],[0.428477,0.211378,0.87848],[0.157801,-0.974815,0.157591]],[[0.889666,0.0711006,-0.451041],[0.368874,0.470282,0.801727],[0