{"frames":304,"data":[{"currentFrameRate":23.7702,"devices":[],"gestures":[],"hands":[],"id":169205,"interactionBox":{"center":[0,200,0],"size":[235.247,235.247,147.751]},"pointables":[],"r":[[-0.451118,-0.878766,0.155767],[0.630521,-0.437343,-0.641229],[0.631613,-0.191055,0.751374]],"s":-0.0734829,"t":[559.648,-310.26,370.787],"timestamp":259925702092},{"currentFrameRate":23.7698,"devices":[],"gestures":[],"hands":[],"id":169206,"interactionBox":{"center":[0,200,0],"size":[235.247,235.247,147.751]},"pointables":[],"r":[[-0.451118,-0.878766,0.155767],[0.630521,-0.437343,-0.641229],[0.631613,-0.191055,0.751374]],"s":-0.0734829,"t":[559.648,-310.26,370.787],"timestamp":259925744165},{"currentFrameRate":23.7332,"devices":[],"gestures":[],"hands":[],"id":169207,"interactionBox":{"center":[0,200,0],"size":[235.247,235.247,147.751]},"pointables":[],"r":[[-0.451118,-0.878766,0.155767],[0.630521,-0.437343,-0.641229],[0.631613,-0.191055,0.751374]],"s":-0.0734829,"t":[559.648,-310.26,370.787],"timestamp":259925786577},{"currentFrameRate":23.7729,"devices":[],"gestures":[],"hands":[],"id":169208,"interactionBox":{"center":[0,200,0],"size":[235.247,235.247,147.751]},"pointables":[],"r":[[-0.451118,-0.878766,0.155767],[0.630521,-0.437343,-0.641229],[0.631613,-0.191055,0.751374]],"s":-0.0734829,"t":[559.648,-310.26,370.787],"timestamp":259925828341},{"currentFrameRate":23.7794,"devices":[],"gestures":[],"hands":[],"id":169209,"interactionBox":{"center":[0,200,0],"size":[235.247,235.247,147.751]},"pointables":[],"r":[[-0.451118,-0.878766,0.155767],[0.630521,-0.437343,-0.641229],[0.631613,-0.191055,0.751374]],"s":-0.0734829,"t":[559.648,-310.26,370.787],"timestamp":259925870345},{"currentFrameRate":23.7744,"devices":[],"gestures":[],"hands":[],"id":169210,"interactionBox":{"center":[0,200,0],"size":[235.247,235.247,147.751]},"pointables":[],"r":[[-0.451118,-0.878766,0.155767],[0.630521,-0.437343,-0.641229],[0.631613,-0.191055,0.751374]],"s":-0.0734829,"t":[559.648,-310.26,370.787],"timestamp":259925912445},{"currentFrameRate":23.7726,"devices":[],"gestures":[],"hands":[],"id":169211,"interactionBox":{"center":[0,200,0],"size":[235.247,235.247,147.751]},"pointables":[],"r":[[-0.451118,-0.878766,0.155767],[0.630521,-0.437343,-0.641229],[0.631613,-0.191055,0.751374]],"s":-0.0734829,"t":[559.648,-310.26,370.787],"timestamp":259925954524},{"currentFrameRate":23.7753,"devices":[],"gestures":[],"hands":[],"id":169212,"interactionBox":{"center":[0,200,0],"size":[235.247,235.247,147.751]},"pointables":[],"r":[[-0.451118,-0.878766,0.155767],[0.630521,-0.437343,-0.641229],[0.631613,-0.191055,0.751374]],"s":-0.0734829,"t":[559.648,-310.26,370.787],"timestamp":259925996564},{"currentFrameRate":23.7442,"devices":[],"gestures":[],"hands":[],"id":169213,"interactionBox":{"center":[0,200,0],"size":[235.247,235.247,147.751]},"pointables":[],"r":[[-0.451118,-0.878766,0.155767],[0.630521,-0.437343,-0.641229],[0.631613,-0.191055,0.751374]],"s":-0.0734829,"t":[559.648,-310.26,370.787],"timestamp":259926038915},{"currentFrameRate":23.7664,"devices":[],"gestures":[],"hands":[{"armBasis":[[0.821638,-0.165834,-0.545353],[0.282902,0.949231,0.137577],[0.494851,-0.26732,0.826839]],"armWidth":60.2356,"confidence":0,"direction":[-0.268081,0.248989,-0.930665],"elbow":[235.061,67.9377,278],"grabAngle":2.13165,"grabStrength":0.694153,"id":270,"palmNormal":[-0.29176,-0.941643,-0.167883],"palmPosition":[79.4147,151.977,3.02569],"palmVelocity":[1.19209e-7,1.19209e-7,1.19209e-7],"palmWidth":86.0143,"pinchDistance":40.2844,"pinchStrength":0.904948,"r":[[1,0,2.77556e-17],[3.08149e-34,1,-1.11022e-17],[-2.77556e-17,1.11022e-17,1]],"s":1,"sphereCenter":[68.6449,107.56,-25.2475],"sphereRadius":48.0515,"stabilizedPalmPosition":[79.4147,151.977,3.02569],"t":[0,0,0],"timeVisible":0,"type":"right","wrist":[108.758,136.167,66.9615]}],"id":169214,"interactionBox":{"center":[0,200,0],"size":[235.247,235.247,147.751]},"pointables":[{"bases":[[[0.57811,0.799664,-0.162255],[-0.503824,0.50625,0.699909],[0.641833,-0.322876,0.695558]],[[0.360054,0.859595,-0.362571],[-0.598833,0.510952,0.616707],[0.715374,-0.00492822,0.698724]],[[0.360054,0.859595,-0.362571],[-0.894692,0.428279,0.126898],[0.264363,0.278699,0.923276]],[[0.360054,0.859595,-0.362571],[-0.900383,0.218417,-0.376303],[-0.244277,0.461942,0.852607]]],"btipPosition":[37.1787,118.196,-22.6588],"carpPosition":[74.0521,137.166,58.9337],"dipPosition":[31.7743,128.415,-3.79584],"direction":[-0.264363,-0.278699,-0.923276],"extended":false,"handId":270,"id":2700,"length":49.2665,"mcpPosition":[74.0521,137.166,58.9337],"pipPosition":[40.295,137.398,25.9624],"stabilizedTipPosition":[35.9357,120.546,-18.3203],"timeVisible":0,"tipPosition":[35.9357,120.546,-18.3203],"tipVelocity":[1.19209e-7,1.19209e-7,1.19209e-7],"tool":false,"touchDistance":1,"touchZone":"none","type":0,"width":19.1427},{"bases":[[[0.862663,-0.362082,-0.353143],[0.378593,0.925256,-0.0238444],[0.335381,-0.113128,0.935266]],[[0.864327,-0.362643,-0.348466],[0.146556,0.844414,-0.515254],[0.481103,0.394278,0.782998]],[[0.864327,-0.362643,-0.348466],[-0.374882,-0.00267308,-0.927068],[0.335263,0.931924,-0.138259]],[[0.864327,-0.362643,-0.348466],[-0.494168,-0.483608,-0.722441],[0.093467,0.796626,-0.597202]]],"btipPosition":[39.034,105.21,-38.8077],"carpPosition":[93.7474,154.917,44.2272],"dipPosition":[40.6944,119.362,-49.4166],"direction":[-0.335263,-0.931924,0.138259],"extended":false,"handId":270,"id":2702,"length":63.3423,"mcpPosition":[71.628,162.378,-17.4562],"pipPosition":[49.7068,144.413,-53.1332],"stabilizedTipPosition":[39.4159,108.465,-41.2478],"timeVisible":0,"tipPosition":[39.4159,108.465,-41.2478],"tipVelocity":[1.19209e-7,1.19209e-7,1.19209e-7],"tool":false,"touchDistance":0.333333,"touchZone":"none","type":2,"width":17.9584},{"bases":[[[0.871603,-0.443496,-0.208853],[0.449757,0.892945,-0.0191876],[0.195004,-0.0772091,0.977759]],[[0.867763,-0.441958,-0.22729],[0.276411,0.809283,-0.518322],[0.413019,0.386955,0.824428]],[[0.867763,-0.441958,-0.22729],[-0.254727,-0.00283113,-0.967009],[0.426734,0.897031,-0.115035]],[[0.867763,-0.441958,-0.22729],[-0.451435,-0.509717,-0.73239],[0.207832,0.738147,-0.641829]]],"btipPosition":[59.9415,103.308,-38.9693],"carpPosition":[103.779,151.608,39.4005],"dipPosition":[63.6123,116.346,-50.3055],"direction":[-0.426734,-0.897031,0.115035],"extended":false,"handId":270,"id":2703,"length":60.9053,"mcpPosition":[92.2316,156.18,-18.4971],"pipPosition":[74.7872,139.836,-53.3179],"stabilizedTipPosition":[60.7858,106.307,-41.5766],"timeVisible":0,"tipPosition":[60.7858,106.307,-41.5766],"tipVelocity":[1.19209e-7,1.19209e-7,1.19209e-7],"tool":false,"touchDistance":0.333333,"touchZone":"none","type":3,"width":17.0885},{"bases":[[[0.80194,-0.590854,-0.0882235],[0.595298,0.802742,0.0350204],[0.0501288,-0.0806035,0.995485]],[[0.798005,-0.58557,-0.142464],[0.468059,0.751125,-0.465544],[0.379617,0.304825,0.873483]],[[0.798005,-0.58557,-0.142464],[-0.115089,0.0839682,-0.9898],[0.591559,0.806261,-0.000385378]],[[0.798005,-0.58557,-0.142464],[-0.430944,-0.389215,-0.814125],[0.421278,0.711069,-0.562943]]],"btipPosition":[79.3859,109.595,-37.9631],"carpPosition":[112.624,141.86,36.6207],"dipPosition":[86.2503,121.182,-47.1358],"direction":[-0.591559,-0.806261,0.000385378],"extended":false,"handId":270,"id":2704,"length":47.7486,"mcpPosition":[109.877,146.278,-17.9462],"pipPosition":[97.1878,136.089,-47.1429],"stabilizedTipPosition":[80.9647,112.26,-40.0728],"timeVisible":0,"tipPosition":[80.9647,112.26,-40.0728],"tipVelocity":[1.19209e-7,1.19209e-7,1.19209e-7],"tool":false,"touchDistance":0.333333,"touchZone":"none","type":4,"width":15.1794},{"bases":[[[0.860109,-0.181503,-0.476727],[0.226461,0.973278,0.0380273],[0.457085,-0.140668,0.878229]],[[0.912216,-0.198245,-0.358553],[0.130225,0.970054,-0.20503],[0.388462,0.140339,0.910715]],[[0.912216,-0.198245,-0.358553],[-0.193915,0.562004,-0.804083],[0.360913,0.803026,0.474226]],[[0.912216,-0.198245,-0.358553],[-0.385172,-0.116649,-0.915443],[0.139657,0.973187,-0.182767]]],"btipPosition":[25.6662,125.38,-55.8038],"carpPosition":[83.7336,155.363,50.1444],"dipPosition":[27.9218,141.098,-58.7557],"direction":[-0.360913,-0.803026,-0.474226],"extended":false,"handId":270,"id":2701,"length":55.5917,"mcpPosition":[51.9448,165.146,-10.9334],"pipPosition":[36.1682,159.446,-47.9203],"stabilizedTipPosition":[26.185,128.995,-56.4828],"timeVisible":0,"tipPosition":[26.185,128.995,-56.4828],"tipVelocity":[1.19209e-7,1.19209e-7,1.19209e-7],"tool":false,"touchDistance":0.686092,"touchZone":"hovering","type":1,"width":18.2851}],"r":[[1,0,2.77556e-17],[3.08149e-34,1,-1.11022e-17],[-2.77556e-17,1.11022e-17,1]],"s":1,"t":[0,0,0],"timestamp":259926080823},{"currentFrameRate":23.7828,"devices":[],"gestures":[],"hands":[{"armBasis":[[0.800982,-0.142661,-0.581442],[0.326994,0.917783,0.225275],[0.5015,-0.37057,0.781777]],"armWidth":62.9551,"confidence":0.217329,"direction":[-0.277334,0.301888,-0.912112],"elbow":[231.052,51.3276,264.587],"grabAngle":1.86973,"grabStrength":0.581626,"id":270,"palmNormal":[-0.321757,-0.923716,-0.207896],"palmPosition":[73.0333,166.176,2.73488],"palmVelocity":[-152.216,338.683,-6.93673],"palmWidth":86.0143,"pinchDistance":53.0117,"pinchStrength":0.840553,"r":[[0.999977,-0.00559009,-0.00384438],[0.00562731,0.999937,0.00974156],[0.00378968,-0.00976297,0.999945]],"s":1.00855,"sphereCenter":[56.2719,124.086,-26.4874],"sphereRadius":48.9224,"stabilizedPalmPosition":[74.4145,163.103,2.79782],"t":[-3.19068,7.09931,-0.145404],"timeVisible":0.041923,"type":"right","wrist":[103.052,145.91,65.0499]}],"id":169215,"interactionBox":{"center":[0,200,0],"size":[235.247,235.247,147.751]},"pointables":[{"bases":[[[0.597959,0.790211,-0.134207],[-0.476448,0.48507,0.733283],[0.644548,-0.374531,0.666546]],[[0.366114,0.867741,-0.336134],[-0.691044,0.495437,0.526308],[0.623232,0.0395948,0.781034]],[[0.366114,0.867741,-0.336134],[-0.917114,0.397663,0.0276678],[0.157676,0.298144,0.941408]],[[0.366114,0.867741,-0.336134],[-0.878329,0.202906,-0.432858],[-0.307405,0.453712,0.836449]]],"btipPosition":[40.5973,126.764,-29.0154],"carpPosition":[68.2431,148.786,57.9481],"dipPosition":[33.6209,137.06,-10.0326],"direction":[-0.157676,-0.298144,-0.941408],"extended":false,"handId":270,"id":2700,"length":50.5373,"mcpPosition":[68.2431,148.786,57.9481],"pipPosition":[38.8341,146.918,21.0928],"stabilizedTipPosition":[36.6657,122.597,-19.8317],"timeVisible":0.041923,"tipPosition":[34.475,132.479,-22.3811],"tipVelocity":[72.9219,204.798,-150.968],"tool":false,"touchDistance":1,"touchZone":"none","type":0,"width":20.3863},{"bases":[[[0.845422,-0.36823,-0.38687],[0.404649,0.914365,0.0139647],[0.348598,-0.168353,0.922029]],[[0.841553,-0.366364,-0.396946],[0.22239,0.904666,-0.363486],[0.492272,0.217616,0.8428]],[[0.841553,-0.366364,-0.396946],[-0.319992,0.253917,-0.91276],[0.435194,0.895156,0.0964515]],[[0.841553,-0.366364,-0.396946],[-0.50294,-0.263323,-0.823233],[0.197078,0.892434,-0.405859]]],"btipPosition":[26.5857,126.668,-51.7191],"carpPosition":[88.1772,166.683,43.7476],"dipPosition":[30.177,142.931,-59.1149],"direction":[-0.435194,-0.895156,-0.0964515],"extended":false,"handId":270,"id":2702,"length":64.9762,"mcpPosition":[65.1861,177.786,-17.0629],"pipPosition":[42.1774,167.615,-56.4553],"stabilizedTipPosition":[28.4856,128.446,-52.3312],"timeVisible":0.041923,"tipPosition":[29.1419,128.305,-48.3307],"tipVelocity":[-286.34,523.429,-290.351],"tool":false,"touchDistance":0.215913,"touchZone":"hovering","type":2,"width":19.1251},{"bases":[[[0.854581,-0.456865,-0.246914],[0.474923,0.879888,0.015674],[0.210095,-0.13066,0.968911]],[[0.848991,-0.453412,-0.271352],[0.302057,0.837788,-0.454833],[0.433563,0.304186,0.84823]],[[0.848991,-0.453412,-0.271352],[-0.218607,0.166136,-0.961566],[0.481067,0.87568,0.0419289]],[[0.848991,-0.453412,-0.271352],[-0.430337,-0.295289,-0.853003],[0.306635,0.840965,-0.445817]]],"btipPosition":[48.3177,119.134,-48.5994],"carpPosition":[98.0212,163.336,38.5736],"dipPosition":[53.8732,134.371,-56.6767],"direction":[-0.481067,-0.87568,-0.0419289],"extended":false,"handId":270,"id":2703,"length":62.4764,"mcpPosition":[85.5805,171.073,-18.8001],"pipPosition":[66.796,157.894,-55.5504],"stabilizedTipPosition":[51.1618,120.353,-49.2141],"timeVisible":0.041923,"tipPosition":[51.2999,123.052,-46.1845],"tipVelocity":[-266.926,389.565,-211.831],"tool":false,"touchDistance":0.232992,"touchZone":"hovering","type":3,"width":18.1987},{"bases":[[[0.782856,-0.607977,-0.132286],[0.618743,0.783094,0.0626182],[0.065522,-0.130872,0.989232]],[[0.779657,-0.602332,-0.171264],[0.490559,0.75747,-0.430803],[0.389214,0.251864,0.886046]],[[0.779657,-0.602332,-0.171264],[-0.0207838,0.248453,-0.968421],[0.625862,0.758595,0.18119]],[[0.779657,-0.602332,-0.171264],[-0.314707,-0.140438,-0.938742],[0.541383,0.785794,-0.299052]]],"btipPosition":[68.6749,124.509,-47.8898],"carpPosition":[106.531,153.493,35.1528],"dipPosition":[77.7239,137.643,-52.8883],"direction":[-0.625862,-0.758595,-0.18119],"extended":false,"handId":270,"id":2704,"length":48.9803,"mcpPosition":[102.939,160.666,-19.0713],"pipPosition":[89.5941,152.031,-49.4519],"stabilizedTipPosition":[72.8936,124.333,-47.1621],"timeVisible":0.041923,"tipPosition":[71.9758,128.213,-44.7197],"tipVelocity":[-243.505,364.225,-213.885],"tool":false,"touchDistance":0.226088,"touchZone":"hovering","type":4,"width":16.1655},{"bases":[[[0.845878,-0.181786,-0.501442],[0.255094,0.963516,0.0810138],[0.468421,-0.196443,0.86139]],[[0.898789,-0.205393,-0.387289],[0.189147,0.978679,-0.0800715],[0.395478,-0.0012871,0.918475]],[[0.898789,-0.205393,-0.387289],[-0.130748,0.717648,-0.684022],[0.41843,0.665429,0.618159]],[[0.898789,-0.205393,-0.387289],[-0.315186,0.311266,-0.896533],[0.304691,0.927862,0.215025]]],"btipPosition":[14.3792,149.862,-66.3511],"carpPosition":[78.2875,167.116,49.8708],"dipPosition":[19.4273,165.235,-62.7886],"direction":[-0.41843,-0.665429,-0.618159],"extended":true,"handId":270,"id":2701,"length":57.0257,"mcpPosition":[45.7104,180.778,-10.0358],"pipPosition":[29.2345,180.831,-48.3001],"stabilizedTipPosition":[16.1107,152.09,-65.0468],"timeVisible":0.041923,"tipPosition":[16.8644,150.435,-61.0265],"tipVelocity":[-253.91,582.097,-215.847],"tool":false,"touchDistance":0.515082,"touchZone":"hovering","type":1,"width":19.473}],"r":[[0.999977,-0.00559009,-0.00384438],[0.00562731,0.999937,0.00974156],[0.00378968,-0.00976297,0.999945]],"s":1.00855,"t":[-3.19068,7.09931,-0.145404],"timestamp":259926122746},{"currentFrameRate":23.7651,"devices":[],"gestures":[],"hands":[{"armBasis":[[0.80594,-0.102135,-0.58312],[0.316074,0.9071,0.27797],[0.500558,-0.408336,0.76335]],"armWidth":62.9551,"confidence":0.416319,"direction":[-0.319158,0.328302,-0.88902],"elbow":[226.811,54.8491,255.758],"grabAngle":1.52098,"grabStrength":0.285635,"id":270,"palmNormal":[-0.300432,-0.924745,-0.23364],"palmPosition":[66.6281,181.014,0.43865],"palmVelocity":[-151.736,351.499,-54.3963],"palmWidth":86.0143,"pinchDistance":62.0429,"pinchStrength":0.649141,"r":[[0.999896,-0.00355931,-0.0139593],[0.00391503,0.999666,0.0255384],[0.0138638,-0.0255904,0.999576]],"s":1.05,"sphereCenter":[45.949,136.091,-28.3753],"sphereRadius":53.2114,"stabilizedPalmPosition":[66.6824,180.889,0.455122],"t":[-7.98864,18.0679,-1.36622],"timeVisible":0.084136,"type":"right","wrist":[99.0509,159.071,60.9243]}],"id":169216,"interactionBox":{"center":[0,200,0],"size":[235.247,235.247,147.751]},"pointables":[{"bases":[[[0.56812,0.813709,-0.122956],[-0.464452,0.440375,0.768345],[0.679356,-0.379405,0.628114]],[[0.313938,0.893129,-0.322124],[-0.771221,0.437768,0.462144],[0.55377,0.103344,0.826232]],[[0.313938,0.893129,-0.322124],[-0.948977,0.305805,-0.0769787],[0.0297552,0.329855,0.943563]],[[0.313938,0.893129,-0.322124],[-0.841732,0.104856,-0.529615],[-0.439238,0.437408,0.784693]]],"btipPosition":[47.2199,135.62,-32.9535],"carpPosition":[64.3666,161.329,55.0395],"dipPosition":[37.2516,145.547,-15.1452],"direction":[-0.0297552,-0.329855,-0.943563],"extended":false,"handId":270,"id":2700,"length":50.5373,"mcpPosition":[64.3666,161.329,55.0395],"pipPosition":[38.2354,156.452,16.0513],"stabilizedTipPosition":[41.401,131.37,-25.0052],"timeVisible":0.084136,"tipPosition":[37.6251,141.93,-27.0198],"tipVelocity":[140.582,207.783,-99.6912],"tool":false,"touchDistance":0.934176,"touchZone":"hovering","type":0,"width":20.3863},{"bases":[[[0.841885,-0.325373,-0.430536],[0.376537,0.925673,0.0367253],[0.386586,-0.193031,0.901826]],[[0.85198,-0.330448,-0.406121],[0.241301,0.9362,-0.255546],[0.464655,0.119723,0.877361]],[[0.85198,-0.330448,-0.406121],[-0.227422,0.465109,-0.855543],[0.471603,0.821266,0.321112]],[[0.85198,-0.330448,-0.406121],[-0.385669,0.128514,-0.913643],[0.354104,0.935034,-0.0179517]]],"btipPosition":[16.5444,147.851,-68.1259],"carpPosition":[83.2158,180.401,40.8874],"dipPosition":[22.9971,164.89,-68.453],"direction":[-0.471603,-0.821266,-0.321112],"extended":false,"handId":270,"id":2702,"length":64.9762,"mcpPosition":[57.7194,193.132,-18.5906],"pipPosition":[36.0014,187.536,-59.5984],"stabilizedTipPosition":[28.4856,128.446,-52.3312],"timeVisible":0.084136,"tipPosition":[19.7764,148.351,-60.6514],"tipVelocity":[-222.283,506.031,-350.152],"tool":false,"touchDistance":-0.080436,"touchZone":"hovering","type":2,"width":19.1251},{"bases":[[[0.858802,-0.419082,-0.294668],[0.447855,0.893436,0.0346011],[0.248766,-0.161684,0.954973]],[[0.861474,-0.420827,-0.284196],[0.279331,0.860092,-0.426868],[0.424072,0.288351,0.858497]],[[0.861474,-0.420827,-0.284196],[-0.109419,0.392678,-0.913144],[0.495873,0.817746,0.292235]],[[0.861474,-0.420827,-0.284196],[-0.309262,0.00909974,-0.950933],[0.402765,0.907095,-0.122307]]],"btipPosition":[39.244,136.258,-64.1339],"carpPosition":[92.9656,177.578,35.2439],"dipPosition":[46.5413,152.692,-66.3498],"direction":[-0.495873,-0.817746,-0.292235],"extended":false,"handId":270,"id":2703,"length":62.4764,"mcpPosition":[78.235,187.152,-21.3045],"pipPosition":[59.8617,174.659,-58.4996],"stabilizedTipPosition":[51.1618,120.353,-49.2141],"timeVisible":0.084136,"tipPosition":[42.7121,139.598,-56.9846],"tipVelocity":[-205.46,412.172,-336.066],"tool":false,"touchDistance":-0.0534467,"touchZone":"hovering","type":3,"width":18.1987},{"bases":[[[0.795939,-0.576801,-0.183799],[0.596185,0.799559,0.0725811],[0.105093,-0.167348,0.980281]],[[0.797752,-0.579807,-0.165577],[0.481124,0.777582,-0.404828],[0.363472,0.243289,0.899277]],[[0.797752,-0.579807,-0.165577],[0.114106,0.414794,-0.902732],[0.592091,0.701263,0.397062]],[[0.797752,-0.579807,-0.165577],[-0.143133,0.0846613,-0.986076],[0.585752,0.810343,-0.0154506]]],"btipPosition":[62.4023,142.142,-60.7046],"carpPosition":[101.646,168.156,31.1357],"dipPosition":[72.1929,155.687,-60.9628],"direction":[-0.592091,-0.701263,-0.397062],"extended":false,"handId":270,"id":2704,"length":48.9803,"mcpPosition":[95.8852,177.329,-22.5978],"pipPosition":[83.4226,168.987,-53.4321],"stabilizedTipPosition":[65.4053,143.35,-59.5239],"timeVisible":0.084136,"tipPosition":[64.8813,145.057,-53.3642],"tipVelocity":[-144.555,419.959,-277.746],"tool":false,"touchDistance":0.105308,"touchZone":"hovering","type":4,"width":16.1655},{"bases":[[[0.832474,-0.134667,-0.53745],[0.22805,0.967318,0.110857],[0.504956,-0.214851,0.835977]],[[0.91144,-0.172045,-0.373735],[0.159185,0.985089,-0.0652674],[0.379391,-0.00000556997,0.925236]],[[0.91144,-0.172045,-0.373735],[-0.0712738,0.828615,-0.555263],[0.405213,0.532726,0.742971]],[[0.91144,-0.172045,-0.373735],[-0.186646,0.636627,-0.748244],[0.366662,0.751736,0.548135]]],"btipPosition":[7.04841,170.277,-75.8174],"carpPosition":[73.5443,180.275,47.3631],"dipPosition":[13.1232,182.731,-66.736],"direction":[-0.405213,-0.532726,-0.742971],"extended":true,"handId":270,"id":2701,"length":57.0257,"mcpPosition":[38.4263,195.217,-10.7762],"pipPosition":[22.6206,195.218,-49.3222],"stabilizedTipPosition":[8.62781,172.641,-73.5223],"timeVisible":0.084136,"tipPosition":[8.60078,168.963,-66.8335],"tipVelocity":[-168.068,467.705,-194.181],"tool":false,"touchDistance":0.373952,"touchZone":"hovering","type":1,"width":19.473}],"r":[[0.999896,-0.00355931,-0.0139593],[0.00391503,0.999666,0.0255384],[0.0138638,-0.0255904,0.999576]],"s":1.05,"t":[-7.98864,18.0679,-1.36622],"timestamp":259926164959},{"currentFrameRate":27.0298,"devices":[],"gestures":[],"hands":[{"armBasis":[[0.817219,-0.100099,-0.567568],[0.324484,0.893797,0.309577],[0.476302,-0.437158,0.762908]],"armWidth":62.9551,"confidence":0.474181,"direction":[-0.315561,0.369445,-0.874032],"elbow":[218.868,50.7478,254.093],"grabAngle":1.45749,"grabStrength":0.076285,"id":270,"palmNormal":[-0.311273,-0.910429,-0.272448],"palmPosition":[65.332,187.088,-0.26099],"palmVelocity":[-94.544,443.066,-51.0351],"palmWidth":86.0143,"pinchDistance":56.8783,"pinchStrength":0.600882,"r":[[0.999745,-0.00401733,-0.022209],[0.00505065,0.998898,0.0466685],[0.0219971,-0.0467688,0.998664]],"s":1.07199,"sphereCenter":[41.9083,137.759,-29.1858],"sphereRadius":56.5925,"stabilizedPalmPosition":[65.503,186.303,-0.170312],"t":[-11.0357,26.5891,-2.32645],"timeVisible":0.097845,"type":"right","wrist":[97.299,162.326,59.3718]}],"id":169217,"interactionBox":{"center":[0,200,0],"size":[235.247,235.247,147.751]},"pointables":[{"bases":[[[0.577543,0.811521,-0.0887495],[-0.459058,0.412738,0.78671],[0.675062,-0.413618,0.61091]],[[0.33831,0.900024,-0.274778],[-0.779596,0.431595,0.453823],[0.527044,0.0606829,0.847668]],[[0.33831,0.900024,-0.274778],[-0.94103,0.324504,-0.0957069],[0.00302813,0.290953,0.956733]],[[0.33831,0.900024,-0.274778],[-0.828134,0.14607,-0.541164],[-0.446924,0.410634,0.794757]]],"btipPosition":[48.0291,143.328,-36.2115],"carpPosition":[62.8567,165.13,53.4568],"dipPosition":[37.8864,152.647,-18.1749],"direction":[-0.00302813,-0.290953,-0.956733],"extended":false,"handId":270,"id":2700,"length":50.5373,"mcpPosition":[62.8567,165.13,53.4568],"pipPosition":[37.9865,162.267,13.4571],"stabilizedTipPosition":[43.4767,138.185,-28.4159],"timeVisible":0.097845,"tipPosition":[37.3837,148.917,-29.7526],"tipVelocity":[56.1044,552.082,-233.826],"tool":false,"touchDistance":0.826009,"touchZone":"hovering","type":0,"width":20.3863},{"bases":[[[0.853767,-0.416171,-0.312865],[0.458264,0.885884,0.0721441],[0.247138,-0.204969,0.947054]],[[0.857294,-0.419127,-0.298965],[0.289001,0.872368,-0.394274],[0.426058,0.251607,0.869004]],[[0.857294,-0.419127,-0.298965],[-0.0652389,0.487585,-0.870634],[0.510677,0.765894,0.39066]],[[0.857294,-0.419127,-0.298965],[-0.24636,0.175924,-0.953078],[0.452056,0.890721,0.0475621]]],"btipPosition":[36.6357,146.395,-70.7393],"carpPosition":[91.6376,181.871,34.3464],"dipPosition":[44.826,162.533,-69.8776],"direction":[-0.510677,-0.765894,-0.39066],"extended":false,"handId":270,"id":2703,"length":62.4764,"mcpPosition":[77.0035,194.008,-21.7331],"pipPosition":[58.5441,183.107,-59.3834],"stabilizedTipPosition":[44.6322,135.72,-60.2292],"timeVisible":0.097845,"tipPosition":[40.431,148.769,-61.6381],"tipVelocity":[-175.281,734.495,-430.195],"tool":false,"touchDistance":-0.220246,"touchZone":"hovering","type":3,"width":18.1987},{"bases":[[[0.789099,-0.577711,-0.208742],[0.605498,0.788757,0.105989],[0.103416,-0.210028,0.972211]],[[0.791068,-0.581928,-0.188603],[0.483154,0.783463,-0.39083],[0.375199,0.218048,0.900933]],[[0.791068,-0.581928,-0.188603],[0.152077,0.485714,-0.860787],[0.592524,0.652259,0.47273]],[[0.791068,-0.581928,-0.188603],[-0.0757959,0.212695,-0.974175],[0.607015,0.784933,0.124148]]],"btipPosition":[60.2888,151.076,-65.3881],"carpPosition":[100.206,172.531,29.8351],"dipPosition":[70.4348,164.196,-63.313],"direction":[-0.592524,-0.652259,-0.47273],"extended":false,"handId":270,"id":2704,"length":48.9803,"mcpPosition":[94.5375,184.043,-23.456],"pipPosition":[81.6727,176.567,-54.3471],"stabilizedTipPosition":[63.812,149.501,-62.608],"timeVisible":0.097845,"tipPosition":[63.0867,153.546,-56.6657],"tipVelocity":[-148.204,644.588,-302.489],"tool":false,"touchDistance":0.181252,"touchZone":"hovering","type":4,"width":16.1655},{"bases":[[[0.83069,-0.121417,-0.543335],[0.239357,0.959017,0.15164],[0.502656,-0.256017,0.825707]],[[0.912137,-0.168581,-0.373614],[0.112009,0.979329,-0.168433],[0.394285,0.111786,0.912164]],[[0.912137,-0.168581,-0.373614],[-0.0689343,0.83543,-0.545256],[0.404048,0.523103,0.750406]],[[0.912137,-0.168581,-0.373614],[-0.195536,0.622136,-0.758098],[0.360239,0.764544,0.534509]]],"btipPosition":[5.43002,172.498,-75.2858],"carpPosition":[72.2527,184.277,46.5844],"dipPosition":[11.3984,185.165,-66.4301],"direction":[-0.404048,-0.523103,-0.750406],"extended":true,"handId":270,"id":2701,"length":57.0257,"mcpPosition":[37.2947,202.082,-10.8407],"pipPosition":[20.8685,197.425,-48.8421],"stabilizedTipPosition":[7.249,174.734,-73.3158],"timeVisible":0.097845,"tipPosition":[7.02559,177.454,-69.8267],"tipVelocity":[-119.838,165.566,34.9906],"tool":false,"touchDistance":0.377086,"touchZone":"hovering","type":1,"width":19.473},{"bases":[[[0.837906,-0.316587,-0.44462],[0.387327,0.91883,0.0756907],[0.384567,-0.235635,0.892516]],[[0.854783,-0.327138,-0.402899],[0.223588,0.932706,-0.282962],[0.468354,0.151788,0.870405]],[[0.854783,-0.327138,-0.402899],[-0.154211,0.581156,-0.799047],[0.495546,0.745143,0.446314]],[[0.854783,-0.327138,-0.402899],[-0.341346,0.230394,-0.911264],[0.390935,0.91646,0.0852691]]],"btipPosition":[13.8805,155.764,-73.2952],"carpPosition":[81.9231,184.565,40.1123],"dipPosition":[21.0044,172.464,-71.7414],"direction":[-0.495546,-0.745143,-0.446314],"extended":false,"handId":270,"id":2702,"length":64.9762,"mcpPosition":[56.5598,200.106,-18.7517],"pipPosition":[34.669,193.011,-59.4344],"stabilizedTipPosition":[21.4034,145.464,-63.5862],"timeVisible":0.097845,"tipPosition":[17.5886,157.984,-64.6355],"tipVelocity":[-183.052,571.512,-345.519],"tool":false,"touchDistance":-0.207805,"touchZone":"hovering","type":2,"width":19.1251}],"r":[[0.999745,-0.00401733,-0.022209],[0.00505065,0.998898,0.0466685],[0.0219971,-0.0467688,0.998664]],"s":1.07199,"t":[-11.0357,26.5891,-2.32645],"timestamp":259926178668},{"currentFrameRate":30.067,"devices":[],"gestures":[],"hands":[{"armBasis":[[0.830384,-0.091309,-0.549659],[0.323122,0.88258,0.341534],[0.453933,-0.461211,0.762384]],"armWidth":62.9551,"confidence":0.528468,"direction":[-0.312531,0.404632,-0.859417],"elbow":[211.734,46.8369,252.76],"grabAngle":1.37912,"grabStrength":0.0288825,"id":270,"palmNormal":[-0.311655,-0.898335,-0.309621],"palmPosition":[64.3243,191.65,-0.656045],"palmVelocity":[-73.1512,331.203,-28.6791],"palmWidth":86.0143,"pinchDistance":56.3635,"pinchStrength":0.582901,"r":[[0.999591,-0.00434714,-0.0282709],[0.00636145,0.997416,0.0715553],[0.0278868,-0.0717059,0.997036]],"s":1.09363,"sphereCenter":[36.8507,141.398,-29.8716],"sphereRadius":59.1544,"stabilizedPalmPosition":[64.4406,191.123,-0.608141],"t":[-13.063,33.1309,-3.00409],"timeVisible":0.11162,"type":"right","wrist":[95.8742,164.554,58.1728]}],"id":169218,"interactionBox":{"center":[0,200,0],"size":[235.247,235.247,147.751]},"pointables":[{"bases":[[[0.57885,0.813612,-0.0544875],[-0.460817,0.381515,0.801308],[0.672741,-0.438728,0.595766]],[[0.342728,0.909345,-0.235857],[-0.799741,0.414147,0.434622],[0.492901,0.0396672,0.869181]],[[0.342728,0.909345,-0.235857],[-0.93914,0.325355,-0.110279],[-0.0235442,0.259298,0.96551]],[[0.342728,0.909345,-0.235857],[-0.819442,0.166601,-0.548415],[-0.459405,0.381228,0.802254]]],"btipPosition":[49.6093,148.464,-39.0129],"carpPosition":[61.6639,167.56,52.1309],"dipPosition":[39.1833,157.115,-20.8061],"direction":[0.0235442,-0.259298,-0.96551],"extended":false,"handId":270,"id":2700,"length":50.5373,"mcpPosition":[61.6639,167.56,52.1309],"pipPosition":[38.4049,165.689,11.1161],"stabilizedTipPosition":[45.5655,145.047,-32.0007],"timeVisible":0.11162,"tipPosition":[38.1098,154.06,-32.22],"tipVelocity":[109.984,361.678,-200.526],"tool":false,"touchDistance":0.735308,"touchZone":"hovering","type":0,"width":20.3863},{"bases":[[[0.854136,-0.404497,-0.326853],[0.459197,0.881632,0.108916],[0.244108,-0.243119,0.938778]],[[0.858489,-0.408908,-0.3095],[0.297663,0.888761,-0.348568],[0.417604,0.207116,0.884709]],[[0.858489,-0.408908,-0.3095],[-0.0141914,0.584338,-0.811386],[0.512635,0.700959,0.495845]],[[0.858489,-0.408908,-0.3095],[-0.177294,0.329649,-0.927307],[0.48121,0.850956,0.210503]]],"btipPosition":[35.4851,156.189,-77.2642],"carpPosition":[90.5221,185.013,33.7895],"dipPosition":[44.2036,171.606,-73.4503],"direction":[-0.512635,-0.700959,-0.495845],"extended":false,"handId":270,"id":2703,"length":62.4764,"mcpPosition":[76.0674,199.409,-21.7999],"pipPosition":[57.9743,190.436,-60.1306],"stabilizedTipPosition":[40.8814,148.332,-68.7151],"timeVisible":0.11162,"tipPosition":[39.0615,156.782,-66.6401],"tipVelocity":[-74.7091,698.933,-424.387],"tool":false,"touchDistance":-0.314244,"touchZone":"hovering","type":3,"width":18.1987},{"bases":[[[0.788956,-0.569991,-0.229476],[0.606207,0.783019,0.139261],[0.100307,-0.24898,0.9633]],[[0.791867,-0.577992,-0.197157],[0.486954,0.792436,-0.367316],[0.36854,0.194859,0.90896]],[[0.791867,-0.577992,-0.197157],[0.198308,0.548717,-0.812148],[0.577599,0.604016,0.549131]],[[0.791867,-0.577992,-0.197157],[-0.00455724,0.317239,-0.948335],[0.610676,0.751854,0.248577]]],"btipPosition":[59.7949,158.793,-69.6068],"carpPosition":[99.0917,175.849,28.9319],"dipPosition":[70.0021,171.36,-65.452],"direction":[-0.577599,-0.604016,-0.549131],"extended":false,"handId":270,"id":2704,"length":48.9803,"mcpPosition":[93.5934,189.497,-23.8708],"pipPosition":[80.9569,182.816,-55.037],"stabilizedTipPosition":[62.819,156.747,-66.2027],"timeVisible":0.11162,"tipPosition":[62.1929,160.562,-59.6723],"tipVelocity":[-34.8323,550.947,-271.537],"tool":false,"touchDistance":0.200531,"touchZone":"hovering","type":4,"width":16.1655},{"bases":[[[0.832113,-0.100708,-0.545385],[0.240155,0.951828,0.190653],[0.499913,-0.289622,0.816215]],[[0.910009,-0.152373,-0.385573],[0.0918904,0.98101,-0.170806],[0.404278,0.120004,0.90673]],[[0.910009,-0.152373,-0.385573],[-0.0798582,0.848175,-0.523663],[0.406825,0.507329,0.759678]],[[0.910009,-0.152373,-0.385573],[-0.19952,0.65428,-0.729458],[0.363422,0.740743,0.564999]]],"btipPosition":[3.93866,177.933,-75.6475],"carpPosition":[71.1047,186.954,46.0587],"dipPosition":[9.95981,190.206,-66.2866],"direction":[-0.406825,-0.507329,-0.759678],"extended":true,"handId":270,"id":2701,"length":57.0257,"mcpPosition":[36.3375,207.096,-10.7063],"pipPosition":[19.495,202.097,-48.4812],"stabilizedTipPosition":[5.69209,179.603,-73.4603],"timeVisible":0.11162,"tipPosition":[6.08237,184.304,-71.1149],"tipVelocity":[-107.386,388.013,-17.8214],"tool":false,"touchDistance":0.369028,"touchZone":"hovering","type":1,"width":19.473},{"bases":[[[0.838789,-0.29969,-0.454554],[0.388294,0.91451,0.113578],[0.381657,-0.271768,0.883448]],[[0.858028,-0.313817,-0.406579],[0.219497,0.939742,-0.262119],[0.464337,0.135663,0.875207]],[[0.858028,-0.313817,-0.406579],[-0.109492,0.661659,-0.741767],[0.501796,0.680975,0.533361]],[[0.858028,-0.313817,-0.406579],[-0.29844,0.339629,-0.891956],[0.417997,0.886663,0.197756]]],"btipPosition":[12.466,164.135,-77.8531],"carpPosition":[80.7943,187.487,39.631],"dipPosition":[20.083,180.293,-74.2494],"direction":[-0.501796,-0.680975,-0.533361],"extended":false,"handId":270,"id":2702,"length":64.9762,"mcpPosition":[55.623,205.411,-18.6349],"pipPosition":[33.9199,199.07,-59.5421],"stabilizedTipPosition":[17.2867,158.29,-71.2851],"timeVisible":0.11162,"tipPosition":[16.3479,165.62,-67.9207],"tipVelocity":[-94.4551,598.673,-296.653],"tool":false,"touchDistance":-0.279092,"touchZone":"hovering","type":2,"width":19.1251}],"r":[[0.999591,-0.00434714,-0.0282709],[0.00636145,0.997416,0.0715553],[0.0278868,-0.0717059,0.997036]],"s":1.09363,"t":[-13.063,33.1309,-3.00409],"timestamp":259926192443},{"currentFrameRate":32.901,"devices":[],"gestures":[],"hands":[{"armBasis":[[0.840095,-0.0806612,-0.536409],[0.318868,0.873418,0.368055],[0.438822,-0.480245,0.759474]],"armWidth":62.9551,"confidence":0.578748,"direction":[-0.307531,0.431677,-0.847986],"elbow":[206.254,44.7576,250.555],"grabAngle":1.3235,"grabStrength":0.0509646,"id":270,"palmNormal":[-0.308848,-0.888208,-0.340146],"palmPosition":[63.1594,196.217,-1.5047],"palmVelocity":[-84.5738,331.61,-61.6131],"palmWidth":86.0143,"pinchDistance":56.0795,"pinchStrength":0.580565,"r":[[0.999483,-0.0041569,-0.0318924],[0.00725981,0.995179,0.0978035],[0.0313321,-0.0979844,0.994695]],"s":1.11414,"sphereCenter":[32.1283,145.469,-30.8678],"sphereRadius":61.2731,"stabilizedPalmPosition":[63.2665,195.792,-1.42977],"t":[-14.6592,38.6856,-3.76724],"timeVisible":0.125394,"type":"right","wrist":[94.2508,167.333,56.7103]}],"id":169219,"interactionBox":{"center":[0,200,0],"size":[235.247,235.247,147.751]},"pointables":[{"bases":[[[0.578399,0.815377,-0.0247976],[-0.466192,0.355339,0.810184],[0.669417,-0.457049,0.58565]],[[0.3466,0.915942,-0.202285],[-0.820141,0.400575,0.408545],[0.455233,0.0243007,0.89004]],[[0.3466,0.915942,-0.202285],[-0.937062,0.328394,-0.118624],[-0.0422239,0.230669,0.972116]],[[0.3466,0.915942,-0.202285],[-0.817149,0.188946,-0.54458],[-0.460582,0.354048,0.813949]]],"btipPosition":[50.5587,153.642,-42.1449],"carpPosition":[60.1915,170.45,50.4671],"dipPosition":[40.106,161.677,-23.6727],"direction":[0.0422239,-0.230669,-0.972116],"extended":false,"handId":270,"id":2700,"length":50.5373,"mcpPosition":[60.1915,170.45,50.4671],"pipPosition":[38.71,169.303,8.46792],"stabilizedTipPosition":[47.1379,151.389,-35.5811],"timeVisible":0.125394,"tipPosition":[38.562,159.114,-34.8571],"tipVelocity":[68.4817,365.624,-222.95],"tool":false,"touchDistance":0.649046,"touchZone":"hovering","type":0,"width":20.3863},{"bases":[[[0.856554,-0.393187,-0.334243],[0.45766,0.878045,0.139942],[0.238457,-0.272837,0.93204]],[[0.862286,-0.399931,-0.310673],[0.300781,0.897991,-0.321159],[0.407423,0.183486,0.894617]],[[0.862286,-0.399931,-0.310673],[0.0297968,0.652471,-0.757227],[0.505544,0.643689,0.574533]],[[0.862286,-0.399931,-0.310673],[-0.121899,0.431517,-0.893831],[0.491532,0.808609,0.32334]]],"btipPosition":[34.8894,164.767,-82.367],"carpPosition":[89.1473,188.502,32.8751],"dipPosition":[43.795,179.417,-76.5088],"direction":[-0.505544,-0.64369,-0.574533],"extended":false,"handId":270,"id":2703,"length":62.4764,"mcpPosition":[75.0272,204.658,-22.3153],"pipPosition":[57.3752,196.708,-61.0753],"stabilizedTipPosition":[38.7455,159.058,-75.3793],"timeVisible":0.125394,"tipPosition":[38.1047,164.254,-70.8175],"tipVelocity":[-40.1208,609.975,-336.33],"tool":false,"touchDistance":-0.380642,"touchZone":"hovering","type":3,"width":18.1987},{"bases":[[[0.790924,-0.56176,-0.24262],[0.604571,0.778624,0.168041],[0.0945108,-0.279589,0.955457]],[[0.794525,-0.574427,-0.196882],[0.489541,0.797767,-0.352019],[0.359276,0.183306,0.915052]],[[0.794525,-0.574427,-0.196882],[0.234642,0.589475,-0.772957],[0.560065,0.567937,0.603138]],[[0.794525,-0.574427,-0.196882],[0.0503667,0.385454,-0.921352],[0.605139,0.722121,0.335185]]],"btipPosition":[59.5197,165.704,-73.0087],"carpPosition":[97.7559,179.505,27.7809],"dipPosition":[69.6343,177.774,-67.4062],"direction":[-0.560065,-0.567937,-0.603138],"extended":false,"handId":270,"id":2704,"length":48.9803,"mcpPosition":[92.5753,194.83,-24.5918],"pipPosition":[80.2566,188.545,-55.967],"stabilizedTipPosition":[62.2155,164.025,-69.625],"timeVisible":0.125394,"tipPosition":[61.4624,167.153,-62.3506],"tipVelocity":[-21.5306,493.431,-222.804],"tool":false,"touchDistance":0.212072,"touchZone":"hovering","type":4,"width":16.1655},{"bases":[[[0.835609,-0.082581,-0.543082],[0.238043,0.945425,0.222502],[0.495069,-0.315201,0.809664]],[[0.909493,-0.13659,-0.39264],[0.0740582,0.982609,-0.17028],[0.40907,0.12579,0.903791]],[[0.909493,-0.13659,-0.39264],[-0.0892437,0.858313,-0.505306],[0.406028,0.494612,0.76844]],[[0.909493,-0.13659,-0.39264],[-0.201389,0.681499,-0.703564],[0.363683,0.718959,0.592311]]],"btipPosition":[2.63714,183.211,-76.7083],"carpPosition":[69.6516,190.035,45.0776],"dipPosition":[8.66261,195.123,-66.895],"direction":[-0.406028,-0.494612,-0.76844],"extended":true,"handId":270,"id":2701,"length":57.0257,"mcpPosition":[35.2213,211.956,-11.2317],"pipPosition":[18.1791,206.716,-48.8842],"stabilizedTipPosition":[4.28722,184.946,-74.2944],"timeVisible":0.125394,"tipPosition":[5.2165,190.51,-72.7428],"tipVelocity":[-94.4189,377.148,-69.4613],"tool":false,"touchDistance":0.351107,"touchZone":"hovering","type":1,"width":19.473},{"bases":[[[0.841906,-0.28436,-0.458621],[0.386697,0.910703,0.145206],[0.376377,-0.299597,0.876688]],[[0.86302,-0.301866,-0.40506],[0.212616,0.944401,-0.250803],[0.458248,0.130326,0.879218]],[[0.86302,-0.301866,-0.40506],[-0.0798414,0.710246,-0.699411],[0.49882,0.635946,0.588855]],[[0.86302,-0.301866,-0.40506],[-0.260263,0.421537,-0.86866],[0.432966,0.855093,0.28523]]],"btipPosition":[11.4945,171.331,-81.6185],"carpPosition":[79.3808,190.781,38.7314],"dipPosition":[19.3843,186.913,-76.4209],"direction":[-0.49882,-0.635946,-0.588855],"extended":false,"handId":270,"id":2702,"length":64.9762,"mcpPosition":[54.5577,210.54,-19.0887],"pipPosition":[33.1392,204.449,-60.1833],"stabilizedTipPosition":[14.9139,168.207,-76.7363],"timeVisible":0.125394,"tipPosition":[15.4119,172.56,-70.8608],"tipVelocity":[-65.9748,512.784,-246.758],"tool":false,"touchDistance":-0.330499,"touchZone":"hovering","type":2,"width":19.1251}],"r":[[0.999483,-0.0041569,-0.0318924],[0.00725981,0.995179,0.0978035],[0.0313321,-0.0979844,0.994695]],"s":1.11414,"t":[-14.6592,38.6856,-3.76724],"timestamp":259926206217},{"currentFrameRate":36.0096,"devices":[],"gestures":[],"hands":[{"armBasis":[[0.845628,-0.0745076,-0.528547],[0.317995,0.865628,0.38674],[0.42871,-0.495113,0.755692]],"armWidth":62.9551,"confidence":0.615977,"direction":[-0.303665,0.44904,-0.840328],"elbow":[202.506,43.2646,248.677],"grabAngle":1.29028,"grabStrength":0.0971932,"id":270,"palmNormal":[-0.308186,-0.880854,-0.359328],"palmPosition":[62.3272,199.709,-1.98718],"palmVelocity":[-75.693,317.616,-43.8851],"palmWidth":86.0143,"pinchDistance":55.8099,"pinchStrength":0.58304,"r":[[0.999415,-0.00398337,-0.0339782],[0.00812963,0.992401,0.122778],[0.0332309,-0.122982,0.991852]],"s":1.13167,"sphereCenter":[28.8201,148.786,-31.3063],"sphereRadius":62.5806,"stabilizedPalmPosition":[62.441,199.235,-1.91965],"t":[-15.8733,43.2089,-4.39006],"timeVisible":0.136388,"type":"right","wrist":[93.0841,169.635,55.7973]}],"id":169220,"interactionBox":{"center":[0,200,0],"size":[235.247,235.247,147.751]},"pointables":[{"bases":[[[0.57918,0.815178,-0.00590412],[-0.469235,0.339294,0.81529],[0.66661,-0.46943,0.579022]],[[0.348959,0.919343,-0.181756],[-0.832616,0.393162,0.390096],[0.430091,0.0152051,0.902657]],[[0.348959,0.919343,-0.181756],[-0.93588,0.33183,-0.118393],[-0.0485318,0.211416,0.976191]],[[0.348959,0.919343,-0.181756],[-0.819774,0.205483,-0.534554],[-0.454091,0.335536,0.825359]]],"btipPosition":[50.738,157.575,-44.1614],"carpPosition":[59.1232,172.898,49.4395],"dipPosition":[40.4327,165.19,-25.4303],"direction":[0.0485318,-0.211416,-0.976191],"extended":false,"handId":270,"id":2700,"length":50.5373,"mcpPosition":[59.1232,172.898,49.4395],"pipPosition":[38.8281,172.18,6.84502],"stabilizedTipPosition":[47.8105,155.73,-37.9176],"timeVisible":0.136388,"tipPosition":[38.6064,163.02,-36.453],"tipVelocity":[19.3914,349.005,-178.006],"tool":false,"touchDistance":0.58812,"touchZone":"hovering","type":0,"width":20.3863},{"bases":[[[0.857597,-0.38713,-0.338612],[0.457815,0.87461,0.159573],[0.234378,-0.291871,0.927296]],[[0.865133,-0.396915,-0.3066],[0.301152,0.899947,-0.315284],[0.401064,0.180429,0.898105]],[[0.865133,-0.396915,-0.3066],[0.0611893,0.690276,-0.720954],[0.497796,0.60496,0.621468]],[[0.865133,-0.396915,-0.3066],[-0.0877537,0.482091,-0.871716],[0.493806,0.781055,0.382242]]],"btipPosition":[34.5926,170.339,-85.1045],"carpPosition":[88.1665,191.276,32.3359],"dipPosition":[43.5393,184.491,-78.179],"direction":[-0.497796,-0.60496,-0.62146