{"frames":349,"data":[{"currentFrameRate":23.7797,"devices":[],"gestures":[],"hands":[],"id":140428,"interactionBox":{"center":[0,200,0],"size":[235.247,235.247,147.751]},"pointables":[],"r":[[-0.962136,-0.269906,0.0380192],[0.215739,-0.839331,-0.498979],[0.166588,-0.471883,0.86578]],"s":0.686793,"t":[505.899,-233.461,348.339],"timestamp":258998015518},{"currentFrameRate":23.7556,"devices":[],"gestures":[],"hands":[],"id":140429,"interactionBox":{"center":[0,200,0],"size":[235.247,235.247,147.751]},"pointables":[],"r":[[-0.962136,-0.269906,0.0380192],[0.215739,-0.839331,-0.498979],[0.166588,-0.471883,0.86578]],"s":0.686793,"t":[505.899,-233.461,348.339],"timestamp":258998057796},{"currentFrameRate":23.7551,"devices":[],"gestures":[],"hands":[],"id":140430,"interactionBox":{"center":[0,200,0],"size":[235.247,235.247,147.751]},"pointables":[],"r":[[-0.962136,-0.269906,0.0380192],[0.215739,-0.839331,-0.498979],[0.166588,-0.471883,0.86578]],"s":0.686793,"t":[505.899,-233.461,348.339],"timestamp":258998099896},{"currentFrameRate":23.764,"devices":[],"gestures":[],"hands":[],"id":140431,"interactionBox":{"center":[0,200,0],"size":[235.247,235.247,147.751]},"pointables":[],"r":[[-0.962136,-0.269906,0.0380192],[0.215739,-0.839331,-0.498979],[0.166588,-0.471883,0.86578]],"s":0.686793,"t":[505.899,-233.461,348.339],"timestamp":258998141909},{"currentFrameRate":23.7704,"devices":[],"gestures":[],"hands":[],"id":140432,"interactionBox":{"center":[0,200,0],"size":[235.247,235.247,147.751]},"pointables":[],"r":[[-0.962136,-0.269906,0.0380192],[0.215739,-0.839331,-0.498979],[0.166588,-0.471883,0.86578]],"s":0.686793,"t":[505.899,-233.461,348.339],"timestamp":258998183930},{"currentFrameRate":23.7491,"devices":[],"gestures":[],"hands":[],"id":140433,"interactionBox":{"center":[0,200,0],"size":[235.247,235.247,147.751]},"pointables":[],"r":[[-0.962136,-0.269906,0.0380192],[0.215739,-0.839331,-0.498979],[0.166588,-0.471883,0.86578]],"s":0.686793,"t":[505.899,-233.461,348.339],"timestamp":258998226198},{"currentFrameRate":23.7764,"devices":[],"gestures":[],"hands":[],"id":140434,"interactionBox":{"center":[0,200,0],"size":[235.247,235.247,147.751]},"pointables":[],"r":[[-0.962136,-0.269906,0.0380192],[0.215739,-0.839331,-0.498979],[0.166588,-0.471883,0.86578]],"s":0.686793,"t":[505.899,-233.461,348.339],"timestamp":258998268050},{"currentFrameRate":23.7514,"devices":[],"gestures":[],"hands":[],"id":140435,"interactionBox":{"center":[0,200,0],"size":[235.247,235.247,147.751]},"pointables":[],"r":[[-0.962136,-0.269906,0.0380192],[0.215739,-0.839331,-0.498979],[0.166588,-0.471883,0.86578]],"s":0.686793,"t":[505.899,-233.461,348.339],"timestamp":258998310342},{"currentFrameRate":23.7744,"devices":[],"gestures":[],"hands":[],"id":140436,"interactionBox":{"center":[0,200,0],"size":[235.247,235.247,147.751]},"pointables":[],"r":[[-0.962136,-0.269906,0.0380192],[0.215739,-0.839331,-0.498979],[0.166588,-0.471883,0.86578]],"s":0.686793,"t":[505.899,-233.461,348.339],"timestamp":258998352230},{"currentFrameRate":23.7876,"devices":[],"gestures":[],"hands":[],"id":140437,"interactionBox":{"center":[0,200,0],"size":[235.247,235.247,147.751]},"pointables":[],"r":[[-0.962136,-0.269906,0.0380192],[0.215739,-0.839331,-0.498979],[0.166588,-0.471883,0.86578]],"s":0.686793,"t":[505.899,-233.461,348.339],"timestamp":258998394169},{"currentFrameRate":23.7686,"devices":[],"gestures":[],"hands":[],"id":140438,"interactionBox":{"center":[0,200,0],"size":[235.247,235.247,147.751]},"pointables":[],"r":[[-0.962136,-0.269906,0.0380192],[0.215739,-0.839331,-0.498979],[0.166588,-0.471883,0.86578]],"s":0.686793,"t":[505.899,-233.461,348.339],"timestamp":258998436385},{"currentFrameRate":23.7703,"devices":[],"gestures":[],"hands":[],"id":140439,"interactionBox":{"center":[0,200,0],"size":[235.247,235.247,147.751]},"pointables":[],"r":[[-0.962136,-0.269906,0.0380192],[0.215739,-0.839331,-0.498979],[0.166588,-0.471883,0.86578]],"s":0.686793,"t":[505.899,-233.461,348.339],"timestamp":258998478441},{"currentFrameRate":23.7781,"devices":[],"gestures":[],"hands":[],"id":140440,"interactionBox":{"center":[0,200,0],"size":[235.247,235.247,147.751]},"pointables":[],"r":[[-0.962136,-0.269906,0.0380192],[0.215739,-0.839331,-0.498979],[0.166588,-0.471883,0.86578]],"s":0.686793,"t":[505.899,-233.461,348.339],"timestamp":258998520438},{"currentFrameRate":23.7815,"devices":[],"gestures":[],"hands":[{"armBasis":[[0.930698,0.357136,0.0790902],[0.365692,-0.913401,-0.178796],[-0.00838681,-0.195327,0.980702]],"armWidth":61.9983,"confidence":0,"direction":[-0.18523,0.642278,-0.743753],"elbow":[126.128,160.307,322.567],"grabAngle":0,"grabStrength":0,"id":221,"palmNormal":[-0.315375,0.677962,0.664007],"palmPosition":[108.44,254.708,9.24977],"palmVelocity":[1.19209e-7,1.19209e-7,1.19209e-7],"palmWidth":88.5315,"pinchDistance":63.6433,"pinchStrength":0,"r":[[1,2.77556e-18,1.11022e-17],[-2.77556e-18,1,-4.44089e-17],[-1.11022e-17,4.44089e-17,1]],"s":1,"sphereCenter":[141.967,215.908,-93.6762],"sphereRadius":111.874,"stabilizedPalmPosition":[108.44,254.708,9.24977],"t":[0,0,0],"timeVisible":0,"type":"left","wrist":[128.331,211.621,64.9316]}],"id":140441,"interactionBox":{"center":[0,200,0],"size":[235.247,235.247,147.751]},"pointables":[{"bases":[[[0.620452,-0.337179,-0.70806],[-0.535704,-0.841611,-0.0686452],[0.572765,-0.421902,0.702808]],[[0.483793,-0.239281,-0.841837],[-0.716385,-0.660814,-0.223869],[0.50273,-0.711385,0.491114]],[[0.483793,-0.239281,-0.841837],[-0.773136,-0.567615,-0.282974],[0.410129,-0.787755,0.459605]],[[0.483793,-0.239281,-0.841837],[-0.854164,-0.338641,-0.394622],[0.190655,-0.909982,0.368217]]],"btipPosition":[55.5231,297.238,5.9411],"carpPosition":[97.8874,215.832,53.4258],"dipPosition":[59.8646,276.516,14.3259],"direction":[-0.410129,0.787755,-0.459605],"extended":false,"handId":221,"id":2210,"length":50.7082,"mcpPosition":[97.8874,215.832,53.4258],"pipPosition":[73.4703,250.383,29.5729],"stabilizedTipPosition":[56.5217,292.472,7.86959],"timeVisible":0,"tipPosition":[56.5217,292.472,7.86959],"tipVelocity":[1.19209e-7,1.19209e-7,1.19209e-7],"tool":false,"touchDistance":1,"touchZone":"none","type":0,"width":19.7029},{"bases":[[[0.782067,0.370163,0.501348],[0.622463,-0.502923,-0.599673],[-0.0301627,-0.781056,0.623732]],[[0.756051,0.584448,0.294631],[0.654071,-0.658139,-0.372886],[0.0240246,-0.47463,0.879857]],[[0.756051,0.584448,0.294631],[0.654071,-0.658139,-0.372886],[0.0240246,-0.47463,0.879857]],[[0.756051,0.584448,0.294631],[0.654071,-0.658139,-0.372886],[0.0240246,-0.47463,0.879857]]],"btipPosition":[139.42,307.872,-57.2658],"carpPosition":[139.405,230.485,39.6948],"dipPosition":[139.823,299.912,-42.5096],"direction":[-0.0240246,0.47463,-0.879857],"extended":true,"handId":221,"id":2214,"length":49.146,"mcpPosition":[141.107,274.551,4.50478],"pipPosition":[140.28,290.88,-25.7657],"stabilizedTipPosition":[139.513,306.042,-53.8719],"timeVisible":0,"tipPosition":[139.513,306.042,-53.8719],"tipVelocity":[1.19209e-7,1.19209e-7,1.19209e-7],"tool":false,"touchDistance":0.725255,"touchZone":"hovering","type":4,"width":15.6236},{"bases":[[[0.886401,0.460319,-0.0489911],[0.261618,-0.585444,-0.767341],[0.381903,-0.667354,0.639366]],[[0.964272,0.124217,0.233988],[0.24933,-0.724025,-0.643135],[-0.0895251,-0.678497,0.729128]],[[0.964272,0.124217,0.233988],[0.24933,-0.724025,-0.643135],[-0.0895251,-0.678497,0.729128]],[[0.964272,0.124217,0.233988],[0.24933,-0.724025,-0.643135],[-0.0895251,-0.678497,0.729128]]],"btipPosition":[89.2613,315.795,-71.8601],"carpPosition":[109.263,212.427,33.6537],"dipPosition":[87.773,304.516,-59.7391],"direction":[0.0895251,0.678497,-0.729128],"extended":true,"handId":221,"id":2211,"length":57.2186,"mcpPosition":[81.9253,260.197,-12.1133],"pipPosition":[85.6676,288.559,-42.592],"stabilizedTipPosition":[88.919,313.201,-69.0723],"timeVisible":0,"tipPosition":[88.919,313.201,-69.0723],"tipVelocity":[1.19209e-7,1.19209e-7,1.19209e-7],"tool":false,"touchDistance":0.497249,"touchZone":"hovering","type":1,"width":18.8202},{"bases":[[[0.872174,0.458939,0.169375],[0.416029,-0.513703,-0.750353],[0.257357,-0.724903,0.63897]],[[0.904901,0.315403,0.285788],[0.423282,-0.737183,-0.526681],[-0.0445615,-0.597563,0.800583]],[[0.904901,0.315403,0.285788],[0.423282,-0.737183,-0.526681],[-0.0445615,-0.597563,0.800583]],[[0.904901,0.315403,0.285788],[0.423282,-0.737183,-0.526681],[-0.0445615,-0.597563,0.800583]]],"btipPosition":[106.65,321.987,-86.2739],"carpPosition":[119.982,217.295,31.4356],"dipPosition":[105.835,311.061,-71.6358],"direction":[0.0445615,0.597563,-0.800583],"extended":true,"handId":221,"id":2212,"length":65.196,"mcpPosition":[102.512,266.503,-11.9395],"pipPosition":[104.602,294.528,-49.4853],"stabilizedTipPosition":[106.462,319.474,-82.9072],"timeVisible":0,"tipPosition":[106.462,319.474,-82.9072],"tipVelocity":[1.19209e-7,1.19209e-7,1.19209e-7],"tool":false,"touchDistance":0.284881,"touchZone":"hovering","type":2,"width":18.4839},{"bases":[[[0.866679,0.384672,0.317639],[0.485271,-0.502448,-0.715583],[0.115668,-0.774322,0.622131]],[[0.793788,0.596319,0.1196],[0.582043,-0.687781,-0.4338],[0.176425,-0.413958,0.893036]],[[0.793788,0.596319,0.1196],[0.582043,-0.687781,-0.4338],[0.176425,-0.413958,0.893036]],[[0.793788,0.596319,0.1196],[0.582043,-0.687781,-0.4338],[0.176425,-0.413958,0.893036]]],"btipPosition":[107.834,306.754,-84.7619],"carpPosition":[130.515,222.882,32.2829],"dipPosition":[111.041,299.229,-68.5273],"direction":[-0.176425,0.413958,-0.893036],"extended":true,"handId":221,"id":2213,"length":62.6877,"mcpPosition":[123.466,270.075,-5.63443],"pipPosition":[115.796,288.071,-44.4568],"stabilizedTipPosition":[108.571,305.023,-81.028],"timeVisible":0,"tipPosition":[108.571,305.023,-81.028],"tipVelocity":[1.19209e-7,1.19209e-7,1.19209e-7],"tool":false,"touchDistance":0.3162,"touchZone":"hovering","type":3,"width":17.5886}],"r":[[1,2.77556e-18,1.11022e-17],[-2.77556e-18,1,-4.44089e-17],[-1.11022e-17,4.44089e-17,1]],"s":1,"t":[0,0,0],"timestamp":258998562462},{"currentFrameRate":23.7804,"devices":[],"gestures":[],"hands":[{"armBasis":[[-0.960877,0.200046,0.191564],[0.245951,0.934315,0.257998],[0.12737,-0.29502,0.946964]],"armWidth":64.834,"confidence":0.218012,"direction":[0.0940402,0.826458,-0.555089],"elbow":[139.828,161.831,288.956],"grabAngle":1.53691,"grabStrength":0,"id":221,"palmNormal":[-0.243528,-0.521526,-0.817744],"palmPosition":[117.07,291.563,-10.3844],"palmVelocity":[205.2,876.287,-466.824],"palmWidth":88.5315,"pinchDistance":6.7846,"pinchStrength":1,"r":[[0.98551,0.065092,0.156633],[-0.0352904,0.981914,-0.186012],[-0.165908,0.177789,0.969982]],"s":0.944629,"sphereCenter":[102.874,275.142,-65.8425],"sphereRadius":54.8261,"stabilizedPalmPosition":[116.22,287.931,-8.4493],"t":[4.31526,18.4279,-9.81708],"timeVisible":0.042059,"type":"left","wrist":[106.367,239.334,40.1843]}],"id":140442,"interactionBox":{"center":[0,200,0],"size":[235.247,235.247,147.751]},"pointables":[{"bases":[[[-0.990083,0.138234,0.0250347],[0.111597,0.665676,0.737849],[-0.0853305,-0.733326,0.674501]],[[-0.98256,0.185041,-0.0183322],[0.171099,0.938301,0.300526],[-0.0728108,-0.292148,0.953597]],[[-0.98256,0.185041,-0.0183322],[0.183246,0.94683,-0.264449],[0.0315765,0.263197,0.964225]],[[-0.98256,0.185041,-0.0183322],[0.183246,0.94683,-0.264449],[0.0315765,0.263197,0.964225]]],"btipPosition":[125.196,314.944,-110.534],"carpPosition":[117.428,263.547,24.8309],"dipPosition":[125.777,319.786,-92.7951],"direction":[-0.0315765,-0.263197,-0.964225],"extended":false,"handId":221,"id":2212,"length":65.5966,"mcpPosition":[123.221,313.328,-20.9562],"pipPosition":[126.656,327.113,-65.9529],"stabilizedTipPosition":[106.462,319.474,-82.9072],"timeVisible":0.042059,"tipPosition":[125.166,317.765,-105.355],"tipVelocity":[448.6,-81.2369,-559.846],"tool":false,"touchDistance":-0.157562,"touchZone":"hovering","type":2,"width":19.7005},{"bases":[[[-0.997426,-0.0217655,0.0683264],[0.0377981,0.650135,0.758878],[0.0609387,-0.759507,0.647639]],[[-0.998468,0.0552795,0.00237336],[0.0496819,0.876832,0.478223],[-0.0243549,-0.477608,0.878235]],[[-0.998468,0.0552795,0.00237336],[0.0521317,0.954253,-0.29442],[0.0185402,0.293845,0.955673]],[[-0.998468,0.0552795,0.00237336],[0.036683,0.693468,-0.719553],[0.0414224,0.718363,0.694434]]],"btipPosition":[101.908,312.432,-91.2678],"carpPosition":[105.818,266.36,25.2367],"dipPosition":[102.666,325.572,-78.566],"direction":[-0.0185402,-0.293845,-0.955673],"extended":false,"handId":221,"id":2213,"length":63.0729,"mcpPosition":[102.104,312.65,-14.2353],"pipPosition":[103.169,333.54,-52.6489],"stabilizedTipPosition":[105.764,309.536,-84.1944],"timeVisible":0.042059,"tipPosition":[102.569,317.271,-87.2287],"tipVelocity":[-154.277,248.005,-174.003],"tool":false,"touchDistance":0.212949,"touchZone":"hovering","type":3,"width":18.7462},{"bases":[[[-0.976111,-0.216644,0.0164901],[-0.112564,0.569163,0.814483],[0.185838,-0.79317,0.579953]],[[-0.98846,-0.147766,-0.0333485],[-0.135285,0.762063,0.633212],[0.0681536,-0.630416,0.77326]],[[-0.98846,-0.147766,-0.0333485],[-0.150442,0.931838,0.330219],[0.0177198,-0.331426,0.943315]],[[-0.98846,-0.147766,-0.0333485],[-0.145028,0.986703,-0.0733746],[-0.0437473,0.0676914,0.996747]]],"btipPosition":[80.226,334.913,-72.0544],"carpPosition":[92.6709,263.138,22.3134],"dipPosition":[79.4878,336.056,-55.2352],"direction":[-0.0177198,0.331426,-0.943315],"extended":true,"handId":221,"id":2214,"length":49.448,"mcpPosition":[82.1862,307.888,-10.4067],"pipPosition":[79.8271,329.71,-37.1733],"stabilizedTipPosition":[82.1422,334.154,-67.6838],"timeVisible":0.042059,"tipPosition":[80.6336,338.038,-65.2092],"tipVelocity":[-1413.65,692.702,-340.334],"tool":false,"touchDistance":0.471351,"touchZone":"hovering","type":4,"width":16.6519},{"bases":[[[-0.152276,0.713076,0.68435],[0.849095,-0.259985,0.459832],[-0.505815,-0.651099,0.56588]],[[0.0594302,0.911988,0.40589],[0.981132,-0.128305,0.144629],[-0.183978,-0.389636,0.902406]],[[0.0594302,0.911988,0.40589],[0.983988,0.0149235,-0.177607],[0.168032,-0.409946,0.896498]],[[0.0594302,0.911988,0.40589],[0.871356,0.15099,-0.46684],[0.487038,-0.381419,0.785693]]],"btipPosition":[122.066,279.137,-79.3739],"carpPosition":[129.897,237.791,12.3796],"dipPosition":[133.224,270.398,-61.3728],"direction":[-0.168032,0.409946,-0.896499],"extended":false,"handId":221,"id":2210,"length":51.0198,"mcpPosition":[129.897,237.791,12.3796],"pipPosition":[138.833,256.715,-31.4492],"stabilizedTipPosition":[99.2829,282.838,-44.3044],"timeVisible":0.042059,"tipPosition":[129.383,280.661,-73.6241],"tipVelocity":[1619.4,-364.835,-1975.87],"tool":false,"touchDistance":0.266323,"touchZone":"hovering","type":0,"width":20.9997},{"bases":[[[-0.935831,0.347833,0.0568594],[0.278628,0.63133,0.723732],[-0.215841,-0.693133,0.687735]],[[-0.913685,0.406415,-0.00276856],[0.404234,0.908034,-0.109854],[0.0421325,0.101492,0.993944]],[[-0.913685,0.406415,-0.00276856],[0.208745,0.463425,-0.861198],[0.348721,0.787441,0.508262]],[[-0.913685,0.406415,-0.00276856],[0.0110497,0.0180308,-0.999776],[0.406274,0.913511,0.0209652]]],"btipPosition":[126.566,269.417,-80.0576],"carpPosition":[127.934,257.982,23.3525],"dipPosition":[133.361,284.697,-79.7069],"direction":[-0.348721,-0.787441,-0.508262],"extended":false,"handId":221,"id":2211,"length":57.5702,"mcpPosition":[143.385,307.598,-25.8768],"pipPosition":[141.613,303.329,-67.6805],"stabilizedTipPosition":[126.838,274.258,-79.6179],"timeVisible":0.042059,"tipPosition":[128.177,274.603,-79.6703],"tipVelocity":[932.255,-957.446,-259.272],"tool":false,"touchDistance":0.333333,"touchZone":"hovering","type":1,"width":20.0589}],"r":[[0.98551,0.065092,0.156633],[-0.0352904,0.981914,-0.186012],[-0.165908,0.177789,0.969982]],"s":0.944629,"t":[4.31526,18.4279,-9.81708],"timestamp":258998604521},{"currentFrameRate":23.7799,"devices":[],"gestures":[],"hands":[{"armBasis":[[-0.952066,0.224557,0.207712],[0.296973,0.841315,0.451659],[0.0733279,-0.491694,0.867675]],"armWidth":64.834,"confidence":0.416227,"direction":[0.112667,0.781446,-0.613716],"elbow":[126.729,140.922,263.037],"grabAngle":2.05936,"grabStrength":0.288472,"id":221,"palmNormal":[-0.274999,-0.569,-0.774994],"palmPosition":[119.734,320.555,-17.4625],"palmVelocity":[63.3281,689.35,-168.302],"palmWidth":88.5315,"pinchDistance":5.00029,"pinchStrength":1,"r":[[0.955306,0.133665,0.263675],[-0.0353201,0.93716,-0.347109],[-0.293502,0.322282,0.899995]],"s":0.847585,"sphereCenter":[105.776,304.08,-67.7064],"sphereRadius":47.6116,"stabilizedPalmPosition":[119.658,319.851,-17.2682],"t":[7.80455,42.1375,-18.2647],"timeVisible":0.084115,"type":"left","wrist":[107.465,270.092,35.0942]}],"id":140443,"interactionBox":{"center":[0,200,0],"size":[235.247,235.247,147.751]},"pointables":[{"bases":[[[-0.996283,0.0181821,0.0841974],[0.0727949,0.700291,0.710136],[0.0460509,-0.713626,0.699011]],[[-0.997307,0.0574745,0.0455546],[0.064588,0.982567,0.17433],[0.0347409,-0.176803,0.983633]],[[-0.997307,0.0574745,0.0455546],[0.0129724,0.749609,-0.661754],[0.0721821,0.659381,0.748336]],[[-0.997307,0.0574745,0.0455546],[-0.0221871,0.355598,-0.934376],[0.0699019,0.93287,0.353365]]],"btipPosition":[100.674,314.619,-92.3651],"carpPosition":[108.237,298.337,20.0192],"dipPosition":[101.953,331.682,-85.9018],"direction":[-0.0721821,-0.659381,-0.748336],"extended":false,"handId":221,"id":2213,"length":63.0729,"mcpPosition":[105.43,341.83,-22.5838],"pipPosition":[103.91,349.564,-65.6075],"stabilizedTipPosition":[104.13,312.605,-86.4714],"timeVisible":0.084115,"tipPosition":[102.066,325.034,-92.2611],"tipVelocity":[-26.4945,73.4538,-60.2099],"tool":false,"touchDistance":0.170746,"touchZone":"hovering","type":3,"width":18.7462},{"bases":[[[-0.982498,-0.180495,0.0460342],[-0.0792691,0.628777,0.773535],[0.168564,-0.756347,0.63208]],[[-0.934012,-0.318001,0.162777],[-0.21255,0.860901,0.462247],[0.28713,-0.397146,0.871683]],[[-0.934012,-0.318001,0.162777],[-0.334281,0.9387,-0.0842528],[0.126006,0.133106,0.983059]],[[-0.934012,-0.318001,0.162777],[-0.357014,0.847135,-0.393577],[0.0127359,0.425719,0.904766]]],"btipPosition":[72.8634,342.068,-82.4009],"carpPosition":[94.9401,295.381,17.5237],"dipPosition":[73.0783,349.252,-67.1337],"direction":[-0.126006,-0.133106,-0.983059],"extended":true,"handId":221,"id":2214,"length":49.448,"mcpPosition":[85.43,338.053,-18.1373],"pipPosition":[75.4909,351.8,-48.3108],"stabilizedTipPosition":[74.3417,342.239,-77.1545],"timeVisible":0.084115,"tipPosition":[76.3183,350.057,-77.6658],"tipVelocity":[-169.854,203.162,-254.505],"tool":false,"touchDistance":0.29296,"touchZone":"hovering","type":4,"width":16.6519},{"bases":[[[-0.116266,0.764463,0.634096],[0.847447,-0.256604,0.464746],[-0.517993,-0.591397,0.618008]],[[0.123213,0.946589,0.297973],[0.929123,-0.215522,0.300466],[-0.348638,-0.239833,0.906053]],[[0.123213,0.946589,0.297973],[0.976898,-0.0628627,-0.204252],[0.174611,-0.316256,0.932466]],[[0.123213,0.946589,0.297973],[0.744,0.11059,-0.658964],[0.656721,-0.302885,0.690636]]],"btipPosition":[127.167,297.247,-82.0777],"carpPosition":[131.108,268.104,8.87565],"dipPosition":[142.213,290.308,-66.2544],"direction":[-0.174611,0.316256,-0.932466],"extended":false,"handId":221,"id":2210,"length":51.0198,"mcpPosition":[131.108,268.104,8.87565],"pipPosition":[148.041,279.752,-35.1303],"stabilizedTipPosition":[128.087,294.613,-75.6716],"timeVisible":0.084115,"tipPosition":[130.606,301.18,-79.3463],"tipVelocity":[142.548,440.463,-76.1996],"tool":false,"touchDistance":0.255859,"touchZone":"hovering","type":0,"width":20.9997},{"bases":[[[-0.922348,0.383658,0.0456042],[0.312213,0.670601,0.672917],[-0.227588,-0.634902,0.738311]],[[-0.855499,0.50646,-0.107791],[0.511489,0.858965,-0.0236262],[-0.0806227,0.0753459,0.993893]],[[-0.855499,0.50646,-0.107791],[0.203964,0.138261,-0.969166],[0.475941,0.851106,0.221582]],[[-0.855499,0.50646,-0.107791],[-0.0103654,-0.224877,-0.974332],[0.5177,0.832423,-0.197632]]],"btipPosition":[129.781,297.291,-78.175],"carpPosition":[130.02,289.074,18.4136],"dipPosition":[138.44,311.214,-81.4806],"direction":[-0.475941,-0.851106,-0.221582],"extended":false,"handId":221,"id":2211,"length":57.5702,"mcpPosition":[146.311,334.522,-34.436],"pipPosition":[149.702,331.353,-76.2376],"stabilizedTipPosition":[131.755,300.397,-78.9378],"timeVisible":0.084115,"tipPosition":[130.166,299.229,-82.861],"tipVelocity":[86.6532,655.357,24.7681],"tool":false,"touchDistance":0.348958,"touchZone":"hovering","type":1,"width":20.0589},{"bases":[[[-0.984236,0.174373,0.0295447],[0.146712,0.711707,0.686986],[-0.0987649,-0.680491,0.72607]],[[-0.967931,0.246466,-0.0486239],[0.243829,0.968295,0.054334],[-0.0604738,-0.0407356,0.997338]],[[-0.967931,0.246466,-0.0486239],[0.199085,0.634517,-0.746829],[0.153215,0.732559,0.663236]],[[-0.967931,0.246466,-0.0486239],[0.0266502,-0.0917211,-0.995428],[0.249799,0.964801,-0.0822114]]],"btipPosition":[120.434,305.07,-93.6537],"carpPosition":[119.736,295.096,19.6455],"dipPosition":[125.029,322.819,-95.1662],"direction":[-0.153215,-0.732559,-0.663236],"extended":false,"handId":221,"id":2212,"length":65.5966,"mcpPosition":[126.441,341.29,-29.6423],"pipPosition":[129.294,343.212,-76.7029],"stabilizedTipPosition":[112.062,315.628,-87.0407],"timeVisible":0.084115,"tipPosition":[122.326,313.698,-97.0025],"tipVelocity":[-91.2966,-164.205,296.084],"tool":false,"touchDistance":0.0999733,"touchZone":"touching","type":2,"width":19.7005}],"r":[[0.955306,0.133665,0.263675],[-0.0353201,0.93716,-0.347109],[-0.293502,0.322282,0.899995]],"s":0.847585,"t":[7.80455,42.1375,-18.2647],"timestamp":258998646577},{"currentFrameRate":27.369,"devices":[],"gestures":[],"hands":[{"armBasis":[[-0.94443,0.210009,0.252878],[0.312183,0.813918,0.489978],[0.102922,-0.541695,0.83425]],"armWidth":64.834,"confidence":0.463333,"direction":[0.0580819,0.797103,-0.601043],"elbow":[136.978,129.606,252.813],"grabAngle":2.13159,"grabStrength":0.479378,"id":221,"palmNormal":[-0.313073,-0.557145,-0.769139],"palmPosition":[118.226,324.055,-18.1359],"palmVelocity":[-135.928,315.627,-60.7164],"palmWidth":88.5315,"pinchDistance":1.46796,"pinchStrength":1,"r":[[0.923316,0.20381,0.325499],[-0.0313199,0.8847,-0.465107],[-0.382763,0.419246,0.823241]],"s":0.748621,"sphereCenter":[101.426,309.071,-66.4359],"sphereRadius":45.466,"stabilizedPalmPosition":[118.685,322.708,-17.8577],"t":[8.79541,55.7426,-22.8252],"timeVisible":0.095206,"type":"left","wrist":[109.94,271.912,33.6517]}],"id":140444,"interactionBox":{"center":[0,200,0],"size":[235.247,235.247,147.751]},"pointables":[{"bases":[[[-0.989011,-0.00432523,0.14778],[0.104643,0.685636,0.720384],[0.104439,-0.727931,0.677649]],[[-0.993711,0.0430654,0.103358],[0.0585376,0.986695,0.151677],[0.0954512,-0.156773,0.983011]],[[-0.993711,0.0430654,0.103358],[-0.0407668,0.720575,-0.692177],[0.104286,0.692038,0.714288]],[[-0.993711,0.0430654,0.103358],[-0.0904714,0.235072,-0.967758],[0.0659735,0.971023,0.229697]]],"btipPosition":[95.0073,315.468,-88.4031],"carpPosition":[109.583,300.774,19.4667],"dipPosition":[96.214,333.229,-84.2017],"direction":[-0.104286,-0.692038,-0.714288],"extended":false,"handId":221,"id":2213,"length":63.0729,"mcpPosition":[103.217,345.139,-21.8343],"pipPosition":[99.0422,351.996,-64.8308],"stabilizedTipPosition":[102.234,314.094,-86.6784],"timeVisible":0.095206,"tipPosition":[95.6163,327.358,-90.5463],"tipVelocity":[-512.441,91.0515,310.322],"tool":false,"touchDistance":0.261553,"touchZone":"hovering","type":3,"width":18.7462},{"bases":[[[-0.97388,-0.201773,0.104144],[-0.0416451,0.609594,0.791619],[0.223213,-0.766604,0.602074]],[[-0.951822,-0.265125,0.154089],[-0.177601,0.886247,0.427813],[0.249985,-0.379836,0.890636]],[[-0.951822,-0.265125,0.154089],[-0.295908,0.925935,-0.234697],[0.0804524,0.268986,0.959778]],[[-0.951822,-0.265125,0.154089],[-0.305679,0.780352,-0.545538],[-0.0243919,0.566357,0.823799]]],"btipPosition":[73.8373,339.291,-79.3231],"carpPosition":[96.2128,297.6,17.7527],"dipPosition":[73.4257,348.848,-65.4221],"direction":[-0.0804524,-0.268986,-0.959778],"extended":false,"handId":221,"id":2214,"length":49.448,"mcpPosition":[83.6195,340.85,-16.2154],"pipPosition":[74.9662,353.999,-47.045],"stabilizedTipPosition":[74.1394,341.986,-76.8071],"timeVisible":0.095206,"tipPosition":[71.7272,349.222,-75.2712],"tipVelocity":[74.8242,-201.127,249.174],"tool":false,"touchDistance":0.338452,"touchZone":"hovering","type":4,"width":16.6519},{"bases":[[[-0.0900987,0.747562,0.658053],[0.880249,-0.249309,0.403741],[-0.46588,-0.615627,0.635578]],[[0.112536,0.936263,0.332786],[0.957215,-0.192008,0.216502],[-0.2666,-0.294183,0.917813]],[[0.112536,0.936263,0.332786],[0.963791,-0.0213685,-0.2658],[0.241748,-0.350648,0.904767]],[[0.112536,0.936263,0.332786],[0.747321,0.140975,-0.649337],[0.654865,-0.321771,0.683824]]],"btipPosition":[122.146,304.641,-84.2621],"carpPosition":[132.271,271.276,6.18175],"dipPosition":[137.15,297.269,-68.5949],"direction":[-0.241748,0.350648,-0.904767],"extended":false,"handId":221,"id":2210,"length":51.0198,"mcpPosition":[132.271,271.276,6.18175],"pipPosition":[145.219,285.565,-38.3954],"stabilizedTipPosition":[126.754,299.073,-78.3413],"timeVisible":0.095206,"tipPosition":[125.498,305.858,-80.9775],"tipVelocity":[-453.531,657.635,-200.195],"tool":false,"touchDistance":0.29594,"touchZone":"hovering","type":0,"width":20.9997},{"bases":[[[-0.924742,0.363373,0.113192],[0.341713,0.661745,0.667327],[-0.167585,-0.655784,0.736113]],[[-0.883364,0.468526,-0.0122698],[0.467434,0.878789,-0.0961046],[0.034245,0.0906307,0.995296]],[[-0.883364,0.468526,-0.0122698],[0.107512,0.177084,-0.978306],[0.456189,0.86552,0.206802]],[[-0.883364,0.468526,-0.0122698],[-0.126584,-0.263705,-0.956262],[0.451269,0.843174,-0.292255]]],"btipPosition":[123.606,300.55,-78.2966],"carpPosition":[131.393,292.002,16.2614],"dipPosition":[131.154,314.653,-83.1849],"direction":[-0.456189,-0.86552,-0.206802],"extended":false,"handId":221,"id":2211,"length":57.5702,"mcpPosition":[143.389,338.945,-36.4309],"pipPosition":[141.948,335.133,-78.2915],"stabilizedTipPosition":[126.588,303.133,-79.327],"timeVisible":0.095206,"tipPosition":[124.93,304.321,-83.7847],"tipVelocity":[-579.834,297.575,-43.7803],"tool":false,"touchDistance":0.340112,"touchZone":"hovering","type":1,"width":20.0589},{"bases":[[[-0.983495,0.153262,0.09617],[0.176693,0.699093,0.692855],[-0.0389567,-0.698412,0.714635]],[[-0.974102,0.225104,0.021286],[0.22608,0.971144,0.0759469],[0.00357585,-0.0787924,0.996885]],[[-0.974102,0.225104,0.021286],[0.130142,0.635162,-0.761336],[0.1849,0.738848,0.648009]],[[-0.974102,0.225104,0.021286],[-0.00491769,0.0730268,-0.997318],[0.226055,0.971594,0.0700286]]],"btipPosition":[114.265,310.467,-96.5921],"carpPosition":[121.095,297.781,18.2863],"dipPosition":[118.423,328.341,-95.3038],"direction":[-0.1849,-0.738848,-0.648009],"extended":false,"handId":221,"id":2212,"length":65.5966,"mcpPosition":[123.739,345.191,-30.2252],"pipPosition":[123.571,348.909,-77.2645],"stabilizedTipPosition":[112.602,315.449,-88.6237],"timeVisible":0.095206,"tipPosition":[115.795,318.64,-97.6861],"tipVelocity":[-565.265,489.219,-206.852],"tool":false,"touchDistance":0.229687,"touchZone":"hovering","type":2,"width":19.7005}],"r":[[0.923316,0.20381,0.325499],[-0.0313199,0.8847,-0.465107],[-0.382763,0.419246,0.823241]],"s":0.748621,"t":[8.79541,55.7426,-22.8252],"timestamp":258998657668},{"currentFrameRate":30.7864,"devices":[],"gestures":[],"hands":[{"armBasis":[[-0.931518,0.182439,0.314628],[0.328514,0.793263,0.512653],[0.156054,-0.580905,0.798872]],"armWidth":64.834,"confidence":0.507286,"direction":[0.0321783,0.802417,-0.595895],"elbow":[152.248,121.704,242.872],"grabAngle":2.11885,"grabStrength":0.498824,"id":221,"palmNormal":[-0.337846,-0.552378,-0.762062],"palmPosition":[117.177,327.244,-18.2784],"palmVelocity":[-96.1345,292.023,-13.0502],"palmWidth":88.5315,"pinchDistance":2.16133,"pinchStrength":1,"r":[[0.894527,0.265605,0.359549],[-0.0253037,0.833132,-0.552496],[-0.446297,0.485124,0.75198]],"s":0.683331,"sphereCenter":[95.5575,312.923,-65.4728],"sphereRadius":45.9853,"stabilizedPalmPosition":[117.601,325.969,-18.1601],"t":[8.76599,64.1394,-25.1767],"timeVisible":0.106125,"type":"left","wrist":[111.252,274.311,33.0048]}],"id":140445,"interactionBox":{"center":[0,200,0],"size":[235.247,235.247,147.751]},"pointables":[{"bases":[[[-0.982976,-0.0109561,0.183408],[0.127129,0.680135,0.721979],[0.132652,-0.733005,0.667164]],[[-0.988631,0.0279606,0.147743],[0.0513318,0.98629,0.156833],[0.141332,-0.162634,0.976512]],[[-0.988631,0.0279606,0.147743],[-0.0765999,0.751855,-0.654864],[0.129391,0.658736,0.741165]],[[-0.988631,0.0279606,0.147743],[-0.135264,0.263777,-0.955052],[0.0656749,0.964178,0.256996]]],"btipPosition":[91.0431,319.889,-88.7634],"carpPosition":[110.02,303.601,19.4112],"dipPosition":[92.2444,337.525,-84.0627],"direction":[-0.129391,-0.658736,-0.741165],"extended":false,"handId":221,"id":2213,"length":63.0729,"mcpPosition":[101.935,348.276,-21.2508],"pipPosition":[95.7533,355.39,-63.9629],"stabilizedTipPosition":[98.1767,317.756,-87.0515],"timeVisible":0.106125,"tipPosition":[91.8935,330.47,-89.6261],"tipVelocity":[-363.172,402.287,-22.48],"tool":false,"touchDistance":0.290959,"touchZone":"hovering","type":3,"width":18.7462},{"bases":[[[-0.968419,-0.207946,0.137562],[-0.0160901,0.602702,0.797804],[0.248809,-0.770395,0.587014]],[[-0.947648,-0.263686,0.18009],[-0.159055,0.878839,0.449827],[0.276883,-0.397634,0.87477]],[[-0.947648,-0.263686,0.18009],[-0.299947,0.92852,-0.218819],[0.109517,0.261381,0.959003]],[[-0.947648,-0.263686,0.18009],[-0.319315,0.781658,-0.53577],[-0.000506498,0.565227,0.824935]]],"btipPosition":[70.9033,343.055,-77.5265],"carpPosition":[96.6135,300.369,18.1547],"dipPosition":[70.8947,352.593,-63.6064],"direction":[-0.109517,-0.261381,-0.959003],"extended":false,"handId":221,"id":2214,"length":49.448,"mcpPosition":[82.576,343.833,-14.9637],"pipPosition":[72.9917,357.598,-45.2441],"stabilizedTipPosition":[72.9128,343.222,-75.8668],"timeVisible":0.106125,"tipPosition":[68.5896,352.389,-73.505],"tipVelocity":[-260.222,344.293,164.938],"tool":false,"touchDistance":0.364954,"touchZone":"hovering","type":4,"width":16.6519},{"bases":[[[-0.0700576,0.741518,0.667265],[0.895562,-0.247881,0.369492],[-0.439387,-0.623463,0.646709]],[[0.118373,0.933245,0.339178],[0.966589,-0.186509,0.17584],[-0.227362,-0.307031,0.924142]],[[0.118373,0.933245,0.339178],[0.954848,-0.0132434,-0.296801],[0.272496,-0.358997,0.892674]],[[0.118373,0.933245,0.339178],[0.739925,0.144891,-0.656899],[0.662192,-0.328726,0.67338]]],"btipPosition":[119.139,308.767,-85.0463],"carpPosition":[132.364,274.34,5.06209],"dipPosition":[134.311,301.235,-69.6183],"direction":[-0.272496,0.358997,-0.892674],"extended":false,"handId":221,"id":2210,"length":51.0198,"mcpPosition":[132.364,274.34,5.06209],"pipPosition":[143.406,289.253,-39.8224],"stabilizedTipPosition":[124.348,303.716,-80.1822],"timeVisible":0.106125,"tipPosition":[122.274,309.529,-81.4956],"tipVelocity":[-271.847,374.518,-76.8528],"tool":false,"touchDistance":0.300263,"touchZone":"hovering","type":0,"width":20.9997},{"bases":[[[-0.921895,0.357364,0.149671],[0.362243,0.657983,0.660181],[-0.137444,-0.662835,0.736043]],[[-0.898879,0.433974,0.0606879],[0.423526,0.895949,-0.133791],[0.112435,0.0945586,0.98915]],[[-0.898879,0.433974,0.0606879],[0.0307146,0.200552,-0.979201],[0.437119,0.87832,0.193601]],[[-0.898879,0.433974,0.0606879],[-0.205254,-0.294622,-0.933311],[0.387152,0.85139,-0.353904]]],"btipPosition":[120.036,303.423,-77.6068],"carpPosition":[131.744,294.976,15.3442],"dipPosition":[126.511,317.663,-83.5262],"direction":[-0.437119,-0.87832,-0.193601],"extended":false,"handId":221,"id":2211,"length":57.5702,"mcpPosition":[141.583,342.423,-37.3431],"pipPosition":[136.854,338.446,-78.9452],"stabilizedTipPosition":[122.396,306.085,-79.0299],"timeVisible":0.106125,"tipPosition":[121.593,307.974,-83.8237],"tipVelocity":[-349.586,266.004,41.4548],"tool":false,"touchDistance":0.346224,"touchZone":"hovering","type":1,"width":20.0589},{"bases":[[[-0.980143,0.147086,0.132985],[0.198065,0.694215,0.69198],[-0.00946054,-0.704579,0.709562]],[[-0.978092,0.186135,0.0932228],[0.194228,0.977099,0.0869029],[0.0749123,-0.103106,0.991845]],[[-0.978092,0.186135,0.0932228],[0.0485909,0.639572,-0.767194],[0.202424,0.745857,0.634604]],[[-0.978092,0.186135,0.0932228],[-0.0590418,0.181389,-0.981637],[0.199626,0.965636,0.166425]]],"btipPosition":[109.297,314.847,-97.9069],"carpPosition":[121.497,300.681,17.7896],"dipPosition":[112.969,332.612,-94.8452],"direction":[-0.202424,-0.745857,-0.634604],"extended":false,"handId":221,"id":2212,"length":65.5966,"mcpPosition":[122.139,348.51,-30.3775],"pipPosition":[118.605,353.375,-77.179],"stabilizedTipPosition":[112.024,316.267,-90.6379],"timeVisible":0.106125,"tipPosition":[111.725,322.139,-97.681],"tipVelocity":[-465.194,398.889,-83.0562],"tool":false,"touchDistance":0.274801,"touchZone":"hovering","type":2,"width":19.7005}],"r":[[0.894527,0.265605,0.359549],[-0.0253037,0.833132,-0.552496],[-0.446297,0.485124,0.75198]],"s":0.683331,"t":[8.76599,64.1394,-25.1767],"timestamp":258998668587},{"currentFrameRate":34.0327,"devices":[],"gestures":[],"hands":[{"armBasis":[[-0.920821,0.136629,0.365269],[0.326293,0.782896,0.529723],[0.213593,-0.606965,0.765488]],"armWidth":64.834,"confidence":0.54847,"direction":[0.0183815,0.80724,-0.589937],"elbow":[168.064,117.009,233.305],"grabAngle":2.12539,"grabStrength":0.532202,"id":221,"palmNormal":[-0.338756,-0.550109,-0.763298],"palmPosition":[116.387,330.074,-18.4204],"palmVelocity":[-72.8473,261.024,-13.0983],"palmWidth":88.5315,"pinchDistance":2.0613,"pinchStrength":1,"r":[[0.868668,0.318409,0.379515],[-0.0188187,0.786742,-0.616994],[-0.495037,0.528821,0.68941]],"s":0.637771,"sphereCenter":[91.9931,316.038,-64.9696],"sphereRadius":46.4327,"stabilizedPalmPosition":[116.683,329.072,-18.3569],"t":[8.35634,69.753,-26.4234],"timeVisible":0.116968,"type":"left","wrist":[111.952,276.462,32.2074]}],"id":140446,"interactionBox":{"center":[0,200,0],"size":[235.247,235.247,147.751]},"pointables":[{"bases":[[[-0.964902,-0.219288,0.144489],[-0.0153605,0.596388,0.802549],[0.262161,-0.772162,0.578825]],[[-0.94385,-0.273566,0.185227],[-0.162065,0.871954,0.461986],[0.287893,-0.406027,0.867329]],[[-0.94385,-0.273566,0.185227],[-0.311599,0.923451,-0.223931],[0.109788,0.269073,0.956842]],[[-0.94385,-0.273566,0.185227],[-0.330136,0.759678,-0.560268],[-0.0125575,0.589959,0.807336]]],"btipPosition":[69.7878,345.216,-76.6394],"carpPosition":[96.4342,302.704,17.9839],"dipPosition":[69.5759,355.171,-63.0163],"direction":[-0.109788,-0.269073,-0.956842],"extended":false,"handId":221,"id":2214,"length":49.448,"mcpPosition":[81.6435,346.269,-14.6725],"pipPosition":[71.678,360.323,-44.6953],"stabilizedTipPosition":[71.5618,345.046,-74.8619],"timeVisible":0.116968,"tipPosition":[67.1707,354.771,-73.0427],"tipVelocity":[-107.191,208.161,75.5177],"tool":false,"touchDistance":0.374075,"touchZone":"hovering","type":4,"width":16.6519},{"bases":[[[-0.0719534,0.735614,0.673568],[0.901388,-0.241146,0.35965],[-0.426992,-0.633024,0.645723]],[[0.108166,0.929641,0.352231],[0.971157,-0.174545,0.162443],[-0.212494,-0.324501,0.921708]],[[0.108166,0.929641,0.352231],[0.953387,0.0033939,-0.301732],[0.281698,-0.36845,0.885941]],[[0.108166,0.929641,0.352231],[0.741488,0.160562,-0.651472],[0.66219,-0.331642,0.671951]]],"btipPosition":[118.086,312.816,-85.357],"carpPosition":[132.34,277.159,4.37562],"dipPosition":[133.258,305.218,-69.9618],"direction":[-0.281698,0.36845,-0.885941],"extended":false,"handId":221,"id":2210,"length":51.0198,"mcpPosition":[132.34,277.159,4.37562],"pipPosition":[142.66,292.919,-40.3907],"stabilizedTipPosition":[122.59,308.378,-81.2183],"timeVisible":0.116968,"tipPosition":[121.128,312.82,-81.8152],"tipVelocity":[-97.1274,372.016,-29.3542],"tool":false,"touchDistance":0.305833,"touchZone":"hovering","type":0,"width":20.9997},{"bases":[[[-0.924254,0.346376,0.160556],[0.361126,0.656743,0.662025],[-0.123866,-0.66986,0.732082]],[[-0.911163,0.399565,0.10065],[0.38372,0.911824,-0.146069],[0.150139,0.0944715,0.984141]],[[-0.911163,0.399565,0.10065],[-0.00911408,0.224665,-0.974393],[0.411946,0.888748,0.201065]],[[-0.911163,0.399565,0.10065],[-0.236719,-0.307666,-0.921578],[0.337264,0.863533,-0.374918]]],"btipPosition":[118.757,306.211,-77.4599],"carpPosition":[131.594,297.707,14.8219],"dipPosition":[124.398,320.655,-83.7309],"direction":[-0.411946,-0.888748,-0.201065],"extended":false,"handId":221,"id":2211,"length":57.5702,"mcpPosition":[140.46,345.657,-37.5818],"pipPosition":[134.146,341.684,-78.9733],"stabilizedTipPosition":[120.402,309.022,-78.9212],"timeVisible":0.116968,"tipPosition":[120.406,311.268,-83.9026],"tipVelocity":[-135.587,261.448,6.08463],"tool":false,"touchDistance":0.345924,"touchZone":"hovering","type":1,"width":20.0589},{"bases":[[[-0.980421,0.135623,0.142759],[0.196864,0.690981,0.69555],[0.00431113,-0.710036,0.704152]],[[-0.98038,0.145989,0.13245],[0.157851,0.98389,0.0839318],[0.118063,-0.103192,0.98763]],[[-0.98038,0.145989,0.13245],[-0.00535878,0.651943,-0.758249],[0.197046,0.744082,0.638369]],[[-0.98038,0.145989,0.13245],[-0.100932,0.205383,-0.973463],[0.169318,0.967732,0.186618]]],"btipPosition":[106.845,317.836,-98.2049],"carpPosition":[121.309,303.284,17.4017],"dipPosition":[109.96,335.639,-94.7717],"direction":[-0.197046,-0.744082,-0.638369],"extended":false,"handId":221,"id":2212,"length":65.5966,"mcpPosition":[121.016,351.484,-30.3982],"pipPosition":[115.445,356.353,-77.0007],"stabilizedTipPosition":[110.666,317.99,-92.7001],"timeVisible":0.116968,"tipPosition":[110.075,325.245,-97.7789],"tipVelocity":[-237.952,276.444,-19.6034],"tool":false,"touchDistance":0.28766,"touchZone":"hovering","type":2,"width":19.7005},{"bases":[[[-0.981133,-0.0228201,0.191983],[0.126351,0.675918,0.726065],[0.146333,-0.736623,0.660282]],[[-0.98658,0.00931578,0.163014],[0.0359215,0.986294,0.161037],[0.15928,-0.164732,0.973393]],[[-0.98658,0.00931578,0.163014],[-0.0958553,0.77518,-0.624426],[0.132182,0.631672,0.763884]],[[-0.98658,0.00931578,0.163014],[-0.152765,0.299829,-0.941682],[0.0576488,0.953948,0.294382]]],"btipPosition":[89.2918,323.591,-89.7717],"carpPosition":[109.816,306.07,19.147],"dipPosition":[90.3463,341.04,-84.3872],"direction":[-0.132182,-0.631672,-0.763884],"extended":false,"handId":221,"id":2213,"length":63.0729,"mcpPosition":[100.898,350.965,-21.0956],"pipPosition":[93.9309,358.17,-63.6713],"stabilizedTipPosition":[94.1935,322.295,-87.7345],"timeVisible":0.116968,"tipPosition":[90.3718,333.147,-89.4446],"tipVelocity":[-164.627,337.426,-78.4878],"tool":false,"touchDistance":0.291885,"touchZone":"hovering","type":3,"width":18.7462}],"r":[[0.868668,0.318409,0.379515],[-0.0188187,0.786742,-0.616994],[-0.495037,0.528821,0.68941]],"s":0.637771,"t":[8.35634,69.753,-26.4234],"timestamp":258998679430},{"currentFrameRate":37.0761,"devices":[],"gestures":[],"hands":[{"armBasis":[[-0.914397,0.0879449,0.395151],[0.308507,0.783399,0.539545],[0.262111,-0.615265,0.743469]],"armWidth":64.834,"confidence":0.587761,"direction":[-0.0207416,0.802866,-0.595799],"elbow":[181.724,118.211,226.048],"grabAngle":2.14393,"grabStrength":0.575079,"id":221,"palmNormal":[-0.330071,-0.568013,-0.753933],"palmPosition":[114.373,333.419,-20.071],"palmVelocity":[-182.775,303.503,-149.797],"palmWidth":88.5315,"pinchDistance":2.96047,"pinchStrength":1,"r":[[0.844844,0.3682,0.388159],[-0.0183978,0.745078,-0.666723],[-0.534696,0.556136,0.636249]],"s":0.604364,"sphereCenter":[87.4126,318.529,-65.7182],"sphereRadius":47.1586,"stabilizedPalmPosition":[114.938,332.354,-19.6512],"t":[7.14452,74.2319,-27.8721],"timeVisible":0.127987,"type":"left","wrist":[112.866,279.844,30.7352]}],"id":140447,"interactionBox":{"center":[0,200,0],"size":[235.247,235.247,147.751]},"pointables":[{"bases":[[[-0.953745,-0.253634,0.161367],[-0.0248582,0.601493,0.798491],[0.299586,-0.757546,0.579976]],[[-0.939665,-0.286665,0.186688],[-0.174403,0.870903,0.459468],[0.294301,-0.399187,0.868