{"frames":333,"data":[{"currentFrameRate":23.8702,"devices":[],"gestures":[],"hands":[],"id":156362,"interactionBox":{"center":[0,200,0],"size":[235.247,235.247,147.751]},"pointables":[],"r":[[-0.451118,-0.878766,0.155767],[0.630521,-0.437343,-0.641229],[0.631613,-0.191055,0.751374]],"s":-0.0734829,"t":[559.648,-310.26,370.787],"timestamp":259512212447},{"currentFrameRate":20.247,"devices":[],"gestures":[],"hands":[],"id":156363,"interactionBox":{"center":[0,200,0],"size":[235.247,235.247,147.751]},"pointables":[],"r":[[-0.451118,-0.878766,0.155767],[0.630521,-0.437343,-0.641229],[0.631613,-0.191055,0.751374]],"s":-0.0734829,"t":[559.648,-310.26,370.787],"timestamp":259512291156},{"currentFrameRate":21.1543,"devices":[],"gestures":[],"hands":[],"id":156364,"interactionBox":{"center":[0,200,0],"size":[235.247,235.247,147.751]},"pointables":[],"r":[[-0.451118,-0.878766,0.155767],[0.630521,-0.437343,-0.641229],[0.631613,-0.191055,0.751374]],"s":-0.0734829,"t":[559.648,-310.26,370.787],"timestamp":259512330677},{"currentFrameRate":21.9283,"devices":[],"gestures":[],"hands":[],"id":156365,"interactionBox":{"center":[0,200,0],"size":[235.247,235.247,147.751]},"pointables":[],"r":[[-0.451118,-0.878766,0.155767],[0.630521,-0.437343,-0.641229],[0.631613,-0.191055,0.751374]],"s":-0.0734829,"t":[559.648,-310.26,370.787],"timestamp":259512369895},{"currentFrameRate":22.5492,"devices":[],"gestures":[],"hands":[],"id":156366,"interactionBox":{"center":[0,200,0],"size":[235.247,235.247,147.751]},"pointables":[],"r":[[-0.451118,-0.878766,0.155767],[0.630521,-0.437343,-0.641229],[0.631613,-0.191055,0.751374]],"s":-0.0734829,"t":[559.648,-310.26,370.787],"timestamp":259512409263},{"currentFrameRate":23.0643,"devices":[],"gestures":[],"hands":[],"id":156367,"interactionBox":{"center":[0,200,0],"size":[235.247,235.247,147.751]},"pointables":[],"r":[[-0.451118,-0.878766,0.155767],[0.630521,-0.437343,-0.641229],[0.631613,-0.191055,0.751374]],"s":-0.0734829,"t":[559.648,-310.26,370.787],"timestamp":259512448580},{"currentFrameRate":23.4735,"devices":[],"gestures":[],"hands":[],"id":156368,"interactionBox":{"center":[0,200,0],"size":[235.247,235.247,147.751]},"pointables":[],"r":[[-0.451118,-0.878766,0.155767],[0.630521,-0.437343,-0.641229],[0.631613,-0.191055,0.751374]],"s":-0.0734829,"t":[559.648,-310.26,370.787],"timestamp":259512488028},{"currentFrameRate":23.7832,"devices":[],"gestures":[],"hands":[],"id":156369,"interactionBox":{"center":[0,200,0],"size":[235.247,235.247,147.751]},"pointables":[],"r":[[-0.451118,-0.878766,0.155767],[0.630521,-0.437343,-0.641229],[0.631613,-0.191055,0.751374]],"s":-0.0734829,"t":[559.648,-310.26,370.787],"timestamp":259512527721},{"currentFrameRate":24.083,"devices":[],"gestures":[],"hands":[],"id":156370,"interactionBox":{"center":[0,200,0],"size":[235.247,235.247,147.751]},"pointables":[],"r":[[-0.451118,-0.878766,0.155767],[0.630521,-0.437343,-0.641229],[0.631613,-0.191055,0.751374]],"s":-0.0734829,"t":[559.648,-310.26,370.787],"timestamp":259512566991},{"currentFrameRate":24.3468,"devices":[],"gestures":[],"hands":[],"id":156371,"interactionBox":{"center":[0,200,0],"size":[235.247,235.247,147.751]},"pointables":[],"r":[[-0.451118,-0.878766,0.155767],[0.630521,-0.437343,-0.641229],[0.631613,-0.191055,0.751374]],"s":-0.0734829,"t":[559.648,-310.26,370.787],"timestamp":259512606103},{"currentFrameRate":24.5339,"devices":[],"gestures":[],"hands":[],"id":156372,"interactionBox":{"center":[0,200,0],"size":[235.247,235.247,147.751]},"pointables":[],"r":[[-0.451118,-0.878766,0.155767],[0.630521,-0.437343,-0.641229],[0.631613,-0.191055,0.751374]],"s":-0.0734829,"t":[559.648,-310.26,370.787],"timestamp":259512645483},{"currentFrameRate":24.6831,"devices":[],"gestures":[],"hands":[],"id":156373,"interactionBox":{"center":[0,200,0],"size":[235.247,235.247,147.751]},"pointables":[],"r":[[-0.451118,-0.878766,0.155767],[0.630521,-0.437343,-0.641229],[0.631613,-0.191055,0.751374]],"s":-0.0734829,"t":[559.648,-310.26,370.787],"timestamp":259512684903},{"currentFrameRate":24.817,"devices":[],"gestures":[],"hands":[],"id":156374,"interactionBox":{"center":[0,200,0],"size":[235.247,235.247,147.751]},"pointables":[],"r":[[-0.451118,-0.878766,0.155767],[0.630521,-0.437343,-0.641229],[0.631613,-0.191055,0.751374]],"s":-0.0734829,"t":[559.648,-310.26,370.787],"timestamp":259512724221},{"currentFrameRate":24.9277,"devices":[],"gestures":[],"hands":[],"id":156375,"interactionBox":{"center":[0,200,0],"size":[235.247,235.247,147.751]},"pointables":[],"r":[[-0.451118,-0.878766,0.155767],[0.630521,-0.437343,-0.641229],[0.631613,-0.191055,0.751374]],"s":-0.0734829,"t":[559.648,-310.26,370.787],"timestamp":259512763534},{"currentFrameRate":24.9996,"devices":[],"gestures":[],"hands":[],"id":156376,"interactionBox":{"center":[0,200,0],"size":[235.247,235.247,147.751]},"pointables":[],"r":[[-0.451118,-0.878766,0.155767],[0.630521,-0.437343,-0.641229],[0.631613,-0.191055,0.751374]],"s":-0.0734829,"t":[559.648,-310.26,370.787],"timestamp":259512803014},{"currentFrameRate":25.0609,"devices":[],"gestures":[],"hands":[],"id":156377,"interactionBox":{"center":[0,200,0],"size":[235.247,235.247,147.751]},"pointables":[],"r":[[-0.451118,-0.878766,0.155767],[0.630521,-0.437343,-0.641229],[0.631613,-0.191055,0.751374]],"s":-0.0734829,"t":[559.648,-310.26,370.787],"timestamp":259512842474},{"currentFrameRate":25.14,"devices":[],"gestures":[],"hands":[{"armBasis":[[0.734316,0.674599,0.0754726],[-0.560891,0.54037,0.627218],[0.382337,-0.502908,0.775179]],"armWidth":60.2356,"confidence":0,"direction":[-0.391116,0.372232,-0.841708],"elbow":[190.47,36.4006,202.722],"grabAngle":2.70602,"grabStrength":0.105376,"id":252,"palmNormal":[0.606412,-0.583732,-0.539927],"palmPosition":[62.4885,185.137,-56.8365],"palmVelocity":[1.19209e-7,1.19209e-7,1.19209e-7],"palmWidth":86.0143,"pinchDistance":39.0202,"pinchStrength":0.633599,"r":[[1,-5.55112e-18,-2.22045e-17],[5.55112e-18,1,2.22045e-17],[2.22045e-17,-2.22045e-17,1]],"s":1,"sphereCenter":[102.167,173.671,-98.2168],"sphereRadius":51.8036,"stabilizedPalmPosition":[62.4885,185.137,-56.8365],"t":[0,0,0],"timeVisible":0,"type":"right","wrist":[92.884,164.76,4.86876]}],"id":156378,"interactionBox":{"center":[0,200,0],"size":[235.247,235.247,147.751]},"pointables":[{"bases":[[[-0.340127,0.885108,0.317643],[-0.675724,-0.464952,0.572029],[0.653996,-0.0200762,0.756232]],[[-0.453408,0.873996,0.174794],[-0.771619,-0.483061,0.41383],[0.446122,0.0527596,0.893416]],[[-0.453408,0.873996,0.174794],[-0.85116,-0.482771,0.206056],[0.264477,-0.0553503,0.962802]],[[-0.453408,0.873996,0.174794],[-0.89122,-0.441879,-0.102324],[-0.0121929,-0.202174,0.979274]]],"btipPosition":[44.459,150.877,-109.259],"carpPosition":[73.7652,147.109,-14.4034],"dipPosition":[44.1892,146.404,-87.5941],"direction":[-0.264477,0.0553503,-0.962802],"extended":false,"handId":252,"id":2520,"length":49.2665,"mcpPosition":[73.7652,147.109,-14.4034],"pipPosition":[52.7137,144.62,-56.5619],"stabilizedTipPosition":[44.397,149.848,-104.276],"timeVisible":0,"tipPosition":[44.397,149.848,-104.276],"tipVelocity":[1.19209e-7,1.19209e-7,1.19209e-7],"tool":false,"touchDistance":-0.0712718,"touchZone":"touching","type":0,"width":19.1427},{"bases":[[[0.616812,0.77385,-0.143868],[-0.674141,0.613734,0.410931],[0.406296,-0.15648,0.900243]],[[0.667132,0.744727,-0.0178222],[-0.74473,0.666186,-0.039662],[-0.0176644,0.0397325,0.999054]],[[0.667132,0.744727,-0.0178222],[-0.695652,0.614255,-0.372504],[-0.266466,0.260907,0.927859]],[[0.667132,0.744727,-0.0178222],[-0.609359,0.531794,-0.588114],[-0.428506,0.403209,0.808582]]],"btipPosition":[49.3486,163.961,-150.401],"carpPosition":[63.8784,167.166,-12.9572],"dipPosition":[42.4277,170.474,-137.341],"direction":[0.266466,-0.260907,-0.927859],"extended":true,"handId":252,"id":2521,"length":55.5917,"mcpPosition":[35.6219,178.049,-75.566],"pipPosition":[36.3393,176.435,-116.141],"stabilizedTipPosition":[47.7568,165.459,-147.397],"timeVisible":0,"tipPosition":[47.7568,165.459,-147.397],"tipVelocity":[1.19209e-7,1.19209e-7,1.19209e-7],"tool":false,"touchDistance":-0.739287,"touchZone":"touching","type":1,"width":18.2851},{"bases":[[[0.77186,0.629553,-0.0888513],[-0.551072,0.732143,0.400358],[0.317098,-0.260056,0.912041]],[[0.789486,0.612826,-0.0340018],[-0.56235,0.700039,-0.440122],[-0.245916,0.366591,0.897294]],[[0.789486,0.612826,-0.0340018],[0.245468,-0.366033,-0.897644],[-0.562546,0.700331,-0.439407]],[[0.789486,0.612826,-0.0340018],[0.57843,-0.761414,-0.29269],[-0.205258,0.211407,-0.955603]]],"btipPosition":[78.7295,155.018,-86.7029],"carpPosition":[69.6697,177.151,-14.4538],"dipPosition":[75.0833,158.773,-103.679],"direction":[0.562546,-0.700331,0.439407],"extended":false,"handId":252,"id":2522,"length":63.3423,"mcpPosition":[48.7562,194.303,-74.6055],"pipPosition":[59.9612,177.599,-115.49],"stabilizedTipPosition":[77.8909,155.882,-90.6073],"timeVisible":0,"tipPosition":[77.8909,155.882,-90.6073],"tipVelocity":[1.19209e-7,1.19209e-7,1.19209e-7],"tool":false,"touchDistance":0.333333,"touchZone":"none","type":2,"width":17.9584},{"bases":[[[0.849442,0.527427,0.0164053],[-0.484129,0.766588,0.421856],[0.209922,-0.366285,0.906514]],[[0.860501,0.504514,0.070734],[-0.436462,0.801691,-0.408402],[-0.262751,0.320558,0.910057]],[[0.860501,0.504514,0.070734],[0.26239,-0.319894,-0.910395],[-0.436679,0.801956,-0.407649]],[[0.860501,0.504514,0.070734],[0.500646,-0.811744,-0.300707],[-0.0942929,0.294172,-0.95109]]],"btipPosition":[89.6426,167.205,-80.49],"carpPosition":[77.8746,185.252,-15.8472],"dipPosition":[87.9772,172.401,-97.2884],"direction":[0.436679,-0.801956,0.407649],"extended":false,"handId":252,"id":2523,"length":60.9053,"mcpPosition":[65.4442,206.941,-69.5261],"pipPosition":[76.5418,193.402,-107.964],"stabilizedTipPosition":[89.2596,168.4,-84.3536],"timeVisible":0,"tipPosition":[89.2596,168.4,-84.3536],"tipVelocity":[1.19209e-7,1.19209e-7,1.19209e-7],"tool":false,"touchDistance":0.333333,"touchZone":"none","type":3,"width":17.0885},{"bases":[[[0.936266,0.347527,0.0512843],[-0.325655,0.803897,0.497692],[0.131734,-0.482674,0.865836]],[[0.94244,0.318231,0.102645],[-0.252717,0.878906,-0.404547],[-0.218955,0.355321,0.908738]],[[0.94244,0.318231,0.102645],[0.163165,-0.169731,-0.971889],[-0.291863,0.932695,-0.211885]],[[0.94244,0.318231,0.102645],[0.331668,-0.850687,-0.407833],[-0.0424661,0.418402,-0.907269]]],"btipPosition":[96.9875,178.928,-76.9641],"carpPosition":[90.8015,188.41,-17.8296],"dipPosition":[96.2956,185.746,-91.7474],"direction":[0.291863,-0.932695,0.211885],"extended":false,"handId":252,"id":2524,"length":47.7486,"mcpPosition":[83.5805,214.868,-65.2898],"pipPosition":[90.8992,202.991,-95.665],"stabilizedTipPosition":[96.8284,180.496,-80.3643],"timeVisible":0,"tipPosition":[96.8284,180.496,-80.3643],"tipVelocity":[1.19209e-7,1.19209e-7,1.19209e-7],"tool":false,"touchDistance":0.333333,"touchZone":"none","type":4,"width":15.1794}],"r":[[1,-5.55112e-18,-2.22045e-17],[5.55112e-18,1,2.22045e-17],[2.22045e-17,-2.22045e-17,1]],"s":1,"t":[0,0,0],"timestamp":259512881682},{"currentFrameRate":25.1819,"devices":[],"gestures":[],"hands":[{"armBasis":[[0.931628,0.125254,-0.341147],[0.0339698,0.904604,0.424897],[0.361823,-0.407435,0.838499]],"armWidth":62.9551,"confidence":0.204681,"direction":[-0.129825,0.537858,-0.832979],"elbow":[181.857,63.9606,208.059],"grabAngle":3.01125,"grabStrength":0.987212,"id":252,"palmNormal":[-0.0510356,-0.8426,-0.536116],"palmPosition":[70.4718,201.51,-66.898],"palmVelocity":[202.571,415.444,-255.304],"palmWidth":86.0143,"pinchDistance":16.6546,"pinchStrength":1,"r":[[0.988843,-0.147647,-0.0197652],[0.147252,0.988894,-0.0201452],[0.0225201,0.01701,0.999602]],"s":0.979552,"sphereCenter":[73.274,171.84,-103.543],"sphereRadius":40.0794,"stabilizedPalmPosition":[68.5504,197.569,-64.4765],"t":[3.99166,8.18633,-5.03077],"timeVisible":0.03941,"type":"right","wrist":[89.5073,167.952,-5.95552]}],"id":156379,"interactionBox":{"center":[0,200,0],"size":[235.247,235.247,147.751]},"pointables":[{"bases":[[[0.418778,0.869499,0.261911],[-0.723435,0.145114,0.674969],[0.548878,-0.472138,0.689797]],[[0.187405,0.982229,-0.0103107],[-0.875207,0.171733,0.45224],[0.445974,-0.0757282,0.891837]],[[0.187405,0.982229,-0.0103107],[-0.939474,0.182293,0.290099],[0.286824,-0.0446796,0.956941]],[[0.187405,0.982229,-0.0103107],[-0.98169,0.187647,0.032767],[0.0341194,0.0039812,0.99941]]],"btipPosition":[26.3541,171.578,-118.669],"carpPosition":[57.6561,166.618,-22.2647],"dipPosition":[27.1284,171.668,-95.9875],"direction":[-0.286824,0.0446796,-0.956941],"extended":false,"handId":252,"id":2520,"length":50.5373,"mcpPosition":[57.6561,166.618,-22.2647],"pipPosition":[36.6115,170.191,-64.3486],"stabilizedTipPosition":[27.6971,170.18,-112.854],"timeVisible":0.03941,"tipPosition":[26.6187,177.701,-111.83],"tipVelocity":[-453.305,551.912,-232.826],"tool":false,"touchDistance":-0.258213,"touchZone":"touching","type":0,"width":20.3863},{"bases":[[[0.954367,0.117012,-0.274756],[0.00682295,0.911257,0.411783],[0.298557,-0.394867,0.868875]],[[0.927953,0.147682,-0.342189],[-0.221598,0.956848,-0.187977],[0.299662,0.250262,0.920636]],[[0.927953,0.147682,-0.342189],[-0.372064,0.313605,-0.873625],[-0.0217063,0.937999,0.345958]],[[0.927953,0.147682,-0.342189],[-0.33214,-0.0888233,-0.939038],[-0.169073,0.985038,-0.0333728]]],"btipPosition":[34.8982,166.57,-128.162],"carpPosition":[64.836,187.839,-21.8242],"dipPosition":[32.097,182.89,-128.714],"direction":[0.0217063,-0.937999,-0.345958],"extended":false,"handId":252,"id":2521,"length":57.0257,"mcpPosition":[44.0724,215.301,-82.2515],"pipPosition":[31.5883,204.875,-120.606],"stabilizedTipPosition":[40.0648,168.23,-136.512],"timeVisible":0.03941,"tipPosition":[34.2496,174.333,-131.967],"tipVelocity":[-342.625,123.434,484.857],"tool":false,"touchDistance":-0.407068,"touchZone":"touching","type":1,"width":19.473},{"bases":[[[0.970689,-0.0944843,-0.220988],[0.174625,0.90903,0.37838],[0.165134,-0.405879,0.898884]],[[0.969773,-0.0922665,-0.225894],[-0.104438,0.679725,-0.725993],[0.22053,0.72764,0.649543]],[[0.969773,-0.0922665,-0.225894],[-0.226216,-0.686995,-0.690554],[-0.0914727,0.720781,-0.687101]],[[0.969773,-0.0922665,-0.225894],[-0.129223,-0.979475,-0.154695],[-0.206984,0.17921,-0.961791]]],"btipPosition":[60.7655,160.491,-77.9798],"carpPosition":[75.67,190.873,-24.8092],"dipPosition":[56.9937,163.757,-95.5061],"direction":[0.0914727,-0.720781,0.687101],"extended":false,"handId":252,"id":2522,"length":64.9762,"mcpPosition":[64.779,217.642,-84.0932],"pipPosition":[54.4714,183.632,-114.453],"stabilizedTipPosition":[63.1181,160.283,-83.5493],"timeVisible":0.03941,"tipPosition":[58.7645,164.046,-87.5816],"tipVelocity":[-456.557,136.015,218.129],"tool":false,"touchDistance":0.333333,"touchZone":"none","type":2,"width":19.1251},{"bases":[[[0.968465,-0.221439,-0.114192],[0.248705,0.886554,0.390086],[0.0148575,-0.406185,0.91367]],[[0.96719,-0.205753,-0.149029],[0.0370793,0.694643,-0.718398],[0.251334,0.689301,0.679481]],[[0.96719,-0.205753,-0.149029],[-0.248762,-0.647875,-0.719983],[0.0515863,0.733433,-0.677802]],[[0.96719,-0.205753,-0.149029],[-0.229441,-0.959298,-0.164632],[-0.10909,0.193424,-0.975032]]],"btipPosition":[75.7298,161.851,-75.4067],"carpPosition":[86.9082,190.87,-27.7381],"dipPosition":[73.7533,165.355,-93.0722],"direction":[-0.0515863,-0.733433,0.677802],"extended":false,"handId":252,"id":2523,"length":62.4764,"mcpPosition":[86.0284,214.922,-81.8407],"pipPosition":[75.1391,185.057,-111.28],"stabilizedTipPosition":[79.4761,164.382,-80.9369],"timeVisible":0.03941,"tipPosition":[74.8232,165.545,-85.0531],"tipVelocity":[-354.843,-145.733,123.924],"tool":false,"touchDistance":0.333333,"touchZone":"none","type":3,"width":18.1987},{"bases":[[[0.90918,-0.410382,-0.0705506],[0.396638,0.801928,0.446754],[-0.126763,-0.434163,0.891871]],[[0.90735,-0.416317,-0.0582719],[0.315654,0.766286,-0.559614],[0.27763,0.489373,0.826702]],[[0.90735,-0.416317,-0.0582719],[-0.224119,-0.361799,-0.904915],[0.355649,0.834135,-0.421583]],[[0.90735,-0.416317,-0.0582719],[-0.406772,-0.834534,-0.371603],[0.106075,0.360878,-0.926561]]],"btipPosition":[86.8694,169.198,-84.9714],"carpPosition":[97.9586,184.031,-31.2211],"dipPosition":[88.6424,175.229,-100.458],"direction":[-0.355649,-0.834135,0.421583],"extended":false,"handId":252,"id":2524,"length":48.9803,"mcpPosition":[104.907,207.829,-80.1084],"pipPosition":[95.3877,191.05,-108.454],"stabilizedTipPosition":[91.8937,175.376,-84.5849],"timeVisible":0.03941,"tipPosition":[87.9909,172.977,-91.6332],"tipVelocity":[-242.354,-251.499,-207.285],"tool":false,"touchDistance":0.333333,"touchZone":"none","type":4,"width":16.1655}],"r":[[0.988843,-0.147647,-0.0197652],[0.147252,0.988894,-0.0201452],[0.0225201,0.01701,0.999602]],"s":0.979552,"t":[3.99166,8.18633,-5.03077],"timestamp":259512921092},{"currentFrameRate":25.2229,"devices":[],"gestures":[],"hands":[{"armBasis":[[0.934713,0.0979184,-0.341647],[0.0538168,0.911216,0.408398],[0.351304,-0.400121,0.846456]],"armWidth":62.9551,"confidence":0.392642,"direction":[-0.145993,0.572539,-0.806774],"elbow":[179.868,76.9343,207.798],"grabAngle":3.07202,"grabStrength":1,"id":252,"palmNormal":[-0.0821409,-0.819711,-0.566856],"palmPosition":[70.1865,214.842,-67.5806],"palmVelocity":[-7.24995,338.804,-17.3464],"palmWidth":86.0143,"pinchDistance":12.8555,"pinchStrength":1,"r":[[0.962897,-0.266826,-0.0404125],[0.265679,0.963544,-0.0315951],[0.0473696,0.019686,0.998683]],"s":0.945366,"sphereCenter":[70.7225,187.6,-105.008],"sphereRadius":39.0137,"stabilizedPalmPosition":[70.1441,214.395,-67.5002],"t":[5.84484,18.9458,-7.88746],"timeVisible":0.078762,"type":"right","wrist":[90.203,179.059,-8.24782]}],"id":156380,"interactionBox":{"center":[0,200,0],"size":[235.247,235.247,147.751]},"pointables":[{"bases":[[[0.441692,0.851528,0.282504],[-0.699711,0.129875,0.702522],[0.561526,-0.507969,0.653188]],[[0.175228,0.9845,-0.00747744],[-0.857235,0.156303,0.49063],[0.484194,-0.0795622,0.871336]],[[0.175228,0.9845,-0.00747744],[-0.932569,0.16841,0.3193],[0.31561,-0.048977,0.947624]],[[0.175228,0.9845,-0.00747744],[-0.984434,0.175311,0.0125062],[0.0136232,0.00516961,0.999894]]],"btipPosition":[24.5517,183.673,-119.108],"carpPosition":[58.1439,178.417,-23.9685],"dipPosition":[24.8609,183.791,-96.4159],"direction":[-0.31561,0.048977,-0.947624],"extended":false,"handId":252,"id":2520,"length":50.5373,"mcpPosition":[58.1439,178.417,-23.9685],"pipPosition":[35.2958,182.171,-65.085],"stabilizedTipPosition":[24.6541,183.563,-113.878],"timeVisible":0.078762,"tipPosition":[24.578,191.39,-112.423],"tipVelocity":[-48.5202,307.527,-11.1007],"tool":false,"touchDistance":-0.26926,"touchZone":"touching","type":0,"width":20.3863},{"bases":[[[0.947361,0.112384,-0.299794],[0.0353282,0.893957,0.446758],[0.318211,-0.433833,0.84293]],[[0.915766,0.150039,-0.372641],[-0.220866,0.962896,-0.155081],[0.335546,0.224322,0.914925]],[[0.915766,0.150039,-0.372641],[-0.396965,0.195809,-0.896704],[-0.0615738,0.969096,0.238875]],[[0.915766,0.150039,-0.372641],[-0.307253,-0.335968,-0.890349],[-0.258782,0.929846,-0.261568]]],"btipPosition":[35.3231,182.193,-120.927],"carpPosition":[65.702,199.486,-22.9225],"dipPosition":[31.0356,197.598,-125.261],"direction":[0.0615738,-0.969096,-0.238875],"extended":false,"handId":252,"id":2521,"length":57.0257,"mcpPosition":[43.5715,229.657,-81.5453],"pipPosition":[29.5924,220.312,-119.662],"stabilizedTipPosition":[35.4215,182.421,-124.686],"timeVisible":0.078762,"tipPosition":[32.5887,188.909,-128.47],"tipVelocity":[2.10935,391.654,161.748],"tool":false,"touchDistance":-0.299218,"touchZone":"touching","type":1,"width":19.473},{"bases":[[[0.961647,-0.101317,-0.254894],[0.20196,0.890345,0.408041],[0.185602,-0.44387,0.876659]],[[0.948787,-0.0745183,-0.307003],[-0.162254,0.718878,-0.675935],[0.271067,0.691131,0.669971]],[[0.948787,-0.0745183,-0.307003],[-0.284886,-0.621827,-0.7295],[-0.136542,0.779601,-0.61121]],[[0.948787,-0.0745183,-0.307003],[-0.150532,-0.961009,-0.231953],[-0.277748,0.266288,-0.92301]]],"btipPosition":[60.406,173.081,-81.5839],"carpPosition":[76.4903,202.46,-26.125],"dipPosition":[55.3447,177.934,-98.4036],"direction":[0.136542,-0.779601,0.61121],"extended":false,"handId":252,"id":2522,"length":64.9762,"mcpPosition":[64.2493,231.734,-83.9431],"pipPosition":[51.5796,199.431,-115.258],"stabilizedTipPosition":[59.3556,173.789,-85.3966],"timeVisible":0.078762,"tipPosition":[57.4605,177.883,-88.8411],"tipVelocity":[-16.6728,329.215,-87.4571],"tool":false,"touchDistance":0.333333,"touchZone":"none","type":2,"width":19.1251},{"bases":[[[0.960499,-0.232359,-0.153138],[0.275963,0.866228,0.416525],[0.0358687,-0.442332,0.896134]],[[0.95662,-0.205417,-0.206598],[0.00578481,0.722383,-0.691469],[0.291283,0.660278,0.692234]],[[0.95662,-0.205417,-0.206598],[-0.289221,-0.584211,-0.75832],[0.0350752,0.785176,-0.618278]],[[0.95662,-0.205417,-0.206598],[-0.250219,-0.94252,-0.221466],[-0.14923,0.263554,-0.953032]]],"btipPosition":[74.6488,174.11,-78.5835],"carpPosition":[87.6313,202.391,-29.4032],"dipPosition":[71.9451,178.885,-95.8504],"direction":[-0.0350752,-0.785176,0.618278],"extended":false,"handId":252,"id":2523,"length":62.4764,"mcpPosition":[85.5073,228.584,-82.4674],"pipPosition":[72.8873,199.977,-112.459],"stabilizedTipPosition":[74.3938,174.479,-82.446],"timeVisible":0.078762,"tipPosition":[73.4129,179.165,-86.8307],"tipVelocity":[-31.7217,318.948,-78.3978],"tool":false,"touchDistance":0.333333,"touchZone":"none","type":3,"width":18.1987},{"bases":[[[0.899306,-0.421903,-0.115094],[0.424074,0.777038,0.46516],[-0.10682,-0.467129,0.877713]],[[0.902799,-0.403291,-0.149369],[0.233205,0.750895,-0.617877],[0.361345,0.522985,0.771957]],[[0.902799,-0.403291,-0.149369],[-0.310116,-0.369841,-0.875811],[0.297964,0.837003,-0.458959]],[[0.902799,-0.403291,-0.149369],[-0.428982,-0.819848,-0.379242],[0.0304849,0.406456,-0.913162]]],"btipPosition":[85.7536,180.523,-84.109],"carpPosition":[98.4488,195.519,-33.4968],"dipPosition":[86.2631,187.317,-99.3721],"direction":[-0.297964,-0.837003,0.458959],"extended":false,"handId":252,"id":2524,"length":48.9803,"mcpPosition":[104.304,221.124,-81.608],"pipPosition":[91.9144,203.192,-108.077],"stabilizedTipPosition":[86.7252,181.134,-87.189],"timeVisible":0.078762,"tipPosition":[86.3058,185.882,-92.4771],"tipVelocity":[-35.7394,292.262,23.223],"tool":false,"touchDistance":0.333333,"touchZone":"none","type":4,"width":16.1655}],"r":[[0.962897,-0.266826,-0.0404125],[0.265679,0.963544,-0.0315951],[0.0473696,0.019686,0.998683]],"s":0.945366,"t":[5.84484,18.9458,-7.88746],"timestamp":259512960444},{"currentFrameRate":28.5007,"devices":[],"gestures":[],"hands":[{"armBasis":[[0.929395,0.0409487,-0.366807],[0.115951,0.911116,0.395503],[0.3504,-0.41011,0.842039]],"armWidth":62.9551,"confidence":0.448381,"direction":[-0.130613,0.597704,-0.791006],"elbow":[178.604,77.2235,206.559],"grabAngle":3.06474,"grabStrength":1,"id":252,"palmNormal":[-0.147747,-0.800666,-0.580607],"palmPosition":[69.8703,219.837,-66.574],"palmVelocity":[-24.5868,388.339,78.2743],"palmWidth":86.0143,"pinchDistance":13.2029,"pinchStrength":1,"r":[[0.926648,-0.370793,-0.0619381],[0.368882,0.928603,-0.0402862],[0.0724537,0.0144833,0.997267]],"s":0.925907,"sphereCenter":[69.3221,193.139,-104.94],"sphereRadius":39.5241,"stabilizedPalmPosition":[69.9381,218.49,-66.8033],"t":[6.61333,26.8227,-8.81246],"timeVisible":0.091623,"type":"right","wrist":[89.17,181.898,-8.35943]}],"id":156381,"interactionBox":{"center":[0,200,0],"size":[235.247,235.247,147.751]},"pointables":[{"bases":[[[0.501158,0.816257,0.287343],[-0.671942,0.15783,0.723591],[0.545284,-0.555711,0.627575]],[[0.24563,0.96922,0.0166895],[-0.837607,0.203546,0.506935],[0.487935,-0.138498,0.861822]],[[0.24563,0.96922,0.0166895],[-0.913263,0.225608,0.339193],[0.324987,-0.0985577,0.940569]],[[0.24563,0.96922,0.0166895],[-0.968667,0.244764,0.0421384],[0.0367564,-0.026517,0.998972]]],"btipPosition":[22.0959,193.694,-117.821],"carpPosition":[56.6996,183.298,-23.385],"dipPosition":[22.9301,193.092,-95.1502],"direction":[-0.324987,0.0985577,-0.940569],"extended":false,"handId":252,"id":2520,"length":50.5373,"mcpPosition":[56.6996,183.298,-23.385],"pipPosition":[33.675,189.833,-64.0526],"stabilizedTipPosition":[22.7244,191.712,-112.842],"timeVisible":0.091623,"tipPosition":[21.7962,199.631,-110.803],"tipVelocity":[-181.562,766.254,99.6637],"tool":false,"touchDistance":-0.272034,"touchZone":"touching","type":0,"width":20.3863},{"bases":[[[0.944515,0.0599039,-0.322959],[0.102595,0.880235,0.463315],[0.312034,-0.470742,0.825249]],[[0.928464,0.0824107,-0.362165],[-0.133816,0.983812,-0.119191],[0.346479,0.159127,0.924462]],[[0.928464,0.0824107,-0.362165],[-0.370476,0.275061,-0.88718],[0.0265043,0.957888,0.285916]],[[0.928464,0.0824107,-0.362165],[-0.339108,-0.20971,-0.917075],[-0.151526,0.974285,-0.166762]]],"btipPosition":[31.3378,191.347,-121.97],"carpPosition":[65.584,203.831,-22.1249],"dipPosition":[28.8273,207.489,-124.733],"direction":[-0.0265043,-0.957888,-0.285916],"extended":false,"handId":252,"id":2521,"length":57.0257,"mcpPosition":[43.8831,236.569,-79.5182],"pipPosition":[29.4485,229.94,-118.032],"stabilizedTipPosition":[33.0575,188.831,-123.631],"timeVisible":0.091623,"tipPosition":[29.386,197.258,-126.35],"tipVelocity":[-278.095,724.94,-53.042],"tool":false,"touchDistance":-0.307863,"touchZone":"touching","type":1,"width":19.473},{"bases":[[[0.946567,-0.155188,-0.282716],[0.267625,0.867141,0.420051],[0.179968,-0.473268,0.862339]],[[0.934072,-0.12653,-0.333917],[-0.135159,0.740265,-0.658589],[0.330518,0.660302,0.674359]],[[0.934072,-0.12653,-0.333917],[-0.339226,-0.606458,-0.719121],[-0.111516,0.784984,-0.609397]],[[0.934072,-0.12653,-0.333917],[-0.210523,-0.950449,-0.228749],[-0.288427,0.283965,-0.914425]]],"btipPosition":[57.4643,179.729,-80.4837],"carpPosition":[76.4512,206.199,-25.5577],"dipPosition":[52.2084,184.904,-97.1469],"direction":[0.111516,-0.784984,0.609397],"extended":false,"handId":252,"id":2522,"length":64.9762,"mcpPosition":[64.5818,237.412,-82.4314],"pipPosition":[49.1334,206.55,-113.951],"stabilizedTipPosition":[57.063,179.062,-84.5977],"timeVisible":0.091623,"tipPosition":[54.4287,184.014,-87.9894],"tipVelocity":[-232.209,522.689,88.342],"tool":false,"touchDistance":0.333333,"touchZone":"none","type":2,"width":19.1251},{"bases":[[[0.939847,-0.288066,-0.18359],[0.34017,0.838309,0.426054],[0.0311732,-0.462877,0.885874]],[[0.936287,-0.259792,-0.23638],[0.0380426,0.744041,-0.66705],[0.34917,0.615557,0.706519]],[[0.936287,-0.259792,-0.23638],[-0.346356,-0.571096,-0.744236],[0.0583507,0.77869,-0.62469]],[[0.936287,-0.259792,-0.23638],[-0.309589,-0.928278,-0.206044],[-0.165898,0.266097,-0.949563]]],"btipPosition":[71.9424,180.511,-78.2184],"carpPosition":[87.4782,205.511,-29.1361],"dipPosition":[68.9367,185.333,-95.4225],"direction":[-0.0583507,-0.77869,0.62469],"extended":false,"handId":252,"id":2523,"length":62.4764,"mcpPosition":[85.6323,232.92,-81.5928],"pipPosition":[70.5042,206.25,-112.203],"stabilizedTipPosition":[71.9307,180.076,-82.2339],"timeVisible":0.091623,"tipPosition":[70.4383,184.216,-86.2425],"tipVelocity":[-215.831,498.583,29.5093],"tool":false,"touchDistance":0.333333,"touchZone":"none","type":3,"width":18.1987},{"bases":[[[0.867927,-0.47423,-0.147681],[0.483618,0.73909,0.468892],[-0.113213,-0.478386,0.870822]],[[0.87071,-0.460902,-0.17156],[0.27763,0.748599,-0.602097],[0.405938,0.476622,0.779773]],[[0.87071,-0.460902,-0.17156],[-0.347543,-0.329843,-0.877734],[0.347962,0.823877,-0.447381]],[[0.87071,-0.460902,-0.17156],[-0.490365,-0.78704,-0.374314],[0.0374976,0.410046,-0.911294]]],"btipPosition":[82.797,185.471,-84.4092],"carpPosition":[97.7363,198.071,-33.6559],"dipPosition":[83.4238,192.325,-99.641],"direction":[-0.347962,-0.823877,0.447381],"extended":false,"handId":252,"id":2524,"length":48.9803,"mcpPosition":[103.942,224.293,-81.3894],"pipPosition":[90.0233,207.951,-108.126],"stabilizedTipPosition":[84.2748,184.963,-87.6575],"timeVisible":0.091623,"tipPosition":[83.485,190.365,-92.3201],"tipVelocity":[-227.791,385.781,-22.7835],"tool":false,"touchDistance":0.333333,"touchZone":"none","type":4,"width":16.1655}],"r":[[0.926648,-0.370793,-0.0619381],[0.368882,0.928603,-0.0402862],[0.0724537,0.0144833,0.997267]],"s":0.925907,"t":[6.61333,26.8227,-8.81246],"timestamp":259512973305},{"currentFrameRate":31.5814,"devices":[],"gestures":[],"hands":[{"armBasis":[[0.932969,0.0540429,-0.355876],[0.107875,0.901244,0.41967],[0.343411,-0.429929,0.835003]],"armWidth":62.9551,"confidence":0.500597,"direction":[-0.132758,0.614416,-0.777732],"elbow":[176.825,76.0134,204.525],"grabAngle":3.04278,"grabStrength":1,"id":252,"palmNormal":[-0.139355,-0.788454,-0.599099],"palmPosition":[69.8452,224.871,-66.0098],"palmVelocity":[-1.96305,393.33,44.0728],"palmWidth":86.0143,"pinchDistance":14.6331,"pinchStrength":1,"r":[[0.889974,-0.449061,-0.0793086],[0.44686,0.893491,-0.0446148],[0.0908963,0.00426626,0.995851]],"s":0.912914,"sphereCenter":[70.2028,198.741,-105.336],"sphereRadius":39.9617,"stabilizedPalmPosition":[69.8643,223.559,-66.1729],"t":[6.98501,33.2785,-8.99289],"timeVisible":0.104423,"type":"right","wrist":[89.1742,185.747,-8.59768]}],"id":156382,"interactionBox":{"center":[0,200,0],"size":[235.247,235.247,147.751]},"pointables":[{"bases":[[[0.493611,0.8135,0.307515],[-0.675614,0.136038,0.724596],[0.547625,-0.56543,0.616762]],[[0.230634,0.972499,0.0324635],[-0.838773,0.181787,0.513238],[0.493222,-0.145599,0.857632]],[[0.230634,0.972499,0.0324635],[-0.914415,0.205212,0.348904],[0.332647,-0.110154,0.936596]],[[0.230634,0.972499,0.0324635],[-0.971591,0.228341,0.0622181],[0.0530942,-0.0458908,0.997534]]],"btipPosition":[21.3466,198.813,-117.78],"carpPosition":[56.8238,187.259,-23.7058],"dipPosition":[22.5515,197.772,-95.142],"direction":[-0.332647,0.110154,-0.936596],"extended":false,"handId":252,"id":2520,"length":50.5373,"mcpPosition":[56.8238,187.259,-23.7058],"pipPosition":[33.5497,194.13,-64.1757],"stabilizedTipPosition":[21.7883,197.548,-112.614],"timeVisible":0.104423,"tipPosition":[22.0484,204.774,-110.986],"tipVelocity":[-51.8792,392.085,2.6101],"tool":false,"touchDistance":-0.274981,"touchZone":"touching","type":0,"width":20.3863},{"bases":[[[0.945082,0.0747255,-0.318177],[0.0939585,0.870299,0.483479],[0.313037,-0.486823,0.815482]],[[0.931656,0.0943429,-0.350881],[-0.138626,0.984948,-0.103251],[0.335858,0.144835,0.930711]],[[0.931656,0.0943429,-0.350881],[-0.362393,0.311039,-0.878593],[0.0262485,0.945703,0.32397]],[[0.931656,0.0943429,-0.350881],[-0.334178,-0.156592,-0.929411],[-0.142628,0.983147,-0.114362]]],"btipPosition":[31.5236,197.197,-123.136],"carpPosition":[65.5385,207.828,-21.9499],"dipPosition":[29.1606,213.486,-125.031],"direction":[-0.0262485,-0.945703,-0.32397],"extended":false,"handId":252,"id":2521,"length":57.0257,"mcpPosition":[43.7679,241.685,-78.6639],"pipPosition":[29.7758,235.651,-117.438],"stabilizedTipPosition":[31.8557,195.838,-123.597],"timeVisible":0.104423,"tipPosition":[29.8124,203.2,-126.268],"tipVelocity":[17.1685,459.701,-75.502],"tool":false,"touchDistance":-0.319906,"touchZone":"touching","type":1,"width":19.473},{"bases":[[[0.948727,-0.1412,-0.282805],[0.259233,0.859503,0.440514],[0.180872,-0.49124,0.852038]],[[0.936174,-0.111489,-0.333388],[-0.137501,0.756686,-0.639156],[0.323529,0.644202,0.69306]],[[0.936174,-0.111489,-0.333388],[-0.333219,-0.583571,-0.740547],[-0.111992,0.804373,-0.583474]],[[0.936174,-0.111489,-0.333388],[-0.203729,-0.944942,-0.256083],[-0.286482,0.307659,-0.907345]]],"btipPosition":[57.6557,184.862,-81.2543],"carpPosition":[76.3978,210.36,-25.2897],"dipPosition":[52.4352,190.469,-97.7885],"direction":[0.111992,-0.804373,0.583474],"extended":false,"handId":252,"id":2522,"length":64.9762,"mcpPosition":[64.4688,242.759,-81.4841],"pipPosition":[49.347,212.649,-113.878],"stabilizedTipPosition":[56.5879,184.602,-84.9567],"timeVisible":0.104423,"tipPosition":[54.8105,189.331,-88.1964],"tipVelocity":[15.5854,408.764,-57.8826],"tool":false,"touchDistance":0.333333,"touchZone":"none","type":2,"width":19.1251},{"bases":[[[0.942744,-0.27634,-0.186736],[0.331987,0.831121,0.446119],[0.03192,-0.48257,0.875275]],[[0.939133,-0.246905,-0.238885],[0.0399051,0.769028,-0.637968],[0.341227,0.589604,0.732073]],[[0.939133,-0.246905,-0.238885],[-0.338316,-0.543706,-0.768067],[0.0597567,0.802136,-0.594144]],[[0.939133,-0.246905,-0.238885],[-0.304902,-0.919427,-0.248373],[-0.158313,0.306092,-0.938746]]],"btipPosition":[72.0309,185.778,-79.4221],"carpPosition":[87.4419,209.841,-28.8438],"dipPosition":[69.1626,191.324,-96.4303],"direction":[-0.0597567,-0.802136,0.594144],"extended":false,"handId":252,"id":2523,"length":62.4764,"mcpPosition":[85.5518,238.416,-80.6729],"pipPosition":[70.7678,212.871,-112.391],"stabilizedTipPosition":[71.4766,185.739,-83.1267],"timeVisible":0.104423,"tipPosition":[70.7998,189.561,-86.2997],"tipVelocity":[9.37958,424.479,-90.5186],"tool":false,"touchDistance":0.333333,"touchZone":"none","type":3,"width":18.1987},{"bases":[[[0.872202,-0.463836,-0.155305],[0.476083,0.732102,0.487208],[-0.112285,-0.498882,0.859365]],[[0.874055,-0.454923,-0.170509],[0.288799,0.768752,-0.570627],[0.39067,0.449517,0.803313]],[[0.874055,-0.454923,-0.170509],[-0.327913,-0.293461,-0.897972],[0.35847,0.840789,-0.405676]],[[0.874055,-0.454923,-0.170509],[-0.482344,-0.770639,-0.416484],[0.0580672,0.446274,-0.893011]]],"btipPosition":[82.7649,191.115,-85.5235],"carpPosition":[97.7746,202.588,-33.4944],"dipPosition":[83.7354,198.574,-100.45],"direction":[-0.35847,-0.840789,0.405676],"extended":false,"handId":252,"id":2524,"length":48.9803,"mcpPosition":[103.929,229.933,-80.6],"pipPosition":[90.5342,214.52,-108.144],"stabilizedTipPosition":[83.2624,191.153,-88.6796],"timeVisible":0.104423,"tipPosition":[83.7343,195.901,-92.1602],"tipVelocity":[3.66592,451.775,-81.5622],"tool":false,"touchDistance":0.333333,"touchZone":"none","type":4,"width":16.1655}],"r":[[0.889974,-0.449061,-0.0793086],[0.44686,0.893491,-0.0446148],[0.0908963,0.00426626,0.995851]],"s":0.912914,"t":[6.98501,33.2785,-8.99289],"timestamp":259512986105},{"currentFrameRate":34.6379,"devices":[],"gestures":[],"hands":[{"armBasis":[[0.93568,0.0475593,-0.34963],[0.117223,0.892698,0.435143],[0.332809,-0.448139,0.829705]],"armWidth":62.9551,"confidence":0.545557,"direction":[-0.142373,0.616031,-0.774749],"elbow":[174.123,74.8996,203.018],"grabAngle":3.01611,"grabStrength":1,"id":252,"palmNormal":[-0.148018,-0.787171,-0.598708],"palmPosition":[69.3609,228.682,-65.8016],"palmVelocity":[-41.1964,324.136,17.7144],"palmWidth":86.0143,"pinchDistance":14.5941,"pinchStrength":1,"r":[[0.855289,-0.509302,-0.0953536],[0.506862,0.86057,-0.0500947],[0.107572,-0.00548566,0.994182]],"s":0.901042,"sphereCenter":[70.0599,202.292,-105.487],"sphereRadius":40.2775,"stabilizedPalmPosition":[69.4594,227.679,-65.8743],"t":[6.9287,38.4117,-8.97899],"timeVisible":0.116179,"type":"right","wrist":[89.1782,189.281,-8.75211]}],"id":156383,"interactionBox":{"center":[0,200,0],"size":[235.247,235.247,147.751]},"pointables":[{"bases":[[[0.498429,0.81243,0.302533],[-0.665879,0.135309,0.733687],[0.555134,-0.567141,0.608422]],[[0.23144,0.972364,0.0307229],[-0.836533,0.18279,0.516527],[0.496636,-0.145246,0.85572]],[[0.23144,0.972364,0.0307229],[-0.914079,0.20654,0.348999],[0.333008,-0.108855,0.936619]],[[0.23144,0.972364,0.0307229],[-0.971162,0.229064,0.0661382],[0.0572729,-0.0451439,0.997337]]],"btipPosition":[21.115,202.479,-117.382],"carpPosition":[56.8601,191.002,-23.4013],"dipPosition":[22.4147,201.455,-94.7479],"direction":[-0.333008,0.108855,-0.936619],"extended":false,"handId":252,"id":2520,"length":50.5373,"mcpPosition":[56.8601,191.002,-23.4013],"pipPosition":[33.4248,197.856,-63.7809],"stabilizedTipPosition":[21.4693,201.549,-112.241],"timeVisible":0.116179,"tipPosition":[20.9856,208.299,-110.312],"tipVelocity":[-17.8463,312.158,33.8103],"tool":false,"touchDistance":-0.271514,"touchZone":"touching","type":0,"width":20.3863},{"bases":[[[0.940885,0.0744138,-0.330452],[0.101185,0.869281,0.483852],[0.323261,-0.488686,0.810363]],[[0.931528,0.0879793,-0.352867],[-0.131639,0.986071,-0.101658],[0.339009,0.141148,0.930135]],[[0.931528,0.0879793,-0.352867],[-0.360993,0.341205,-0.867907],[0.0440421,0.935863,0.349602]],[[0.931528,0.0879793,-0.352867],[-0.341077,-0.125309,-0.931646],[-0.126183,0.988209,-0.086721]]],"btipPosition":[30.071,201.358,-123.586],"carpPosition":[65.6177,211.559,-21.7212],"dipPosition":[27.9804,217.73,-125.023],"direction":[-0.0440421,-0.935863,-0.349602],"extended":false,"handId":252,"id":2521,"length":57.0257,"mcpPosition":[43.136,245.545,-78.0792],"pipPosition":[29.0127,239.665,-116.829],"stabilizedTipPosition":[30.4685,201.523,-123.793],"timeVisible":0.116179,"tipPosition":[28.5875,207.03,-125.459],"tipVelocity":[-118.233,355.542,-29.3191],"tool":false,"touchDistance":-0.321419,"touchZone":"touching","type":1,"width":19.473},{"bases":[[[0.94478,-0.141582,-0.295542],[0.265869,0.858407,0.438693],[0.191584,-0.493044,0.848648]],[[0.931592,-0.111763,-0.345898],[-0.140482,0.766936,-0.626158],[0.335263,0.631916,0.698771]],[[0.931592,-0.111763,-0.345898],[-0.347538,-0.552774,-0.757402],[-0.106554,0.825803,-0.553802]],[[0.931592,-0.111763,-0.345898],[-0.218585,-0.932537,-0.287395],[-0.290443,0.343343,-0.893173]]],"btipPosition":[56.3597,188.041,-82.2833],"carpPosition":[76.4346,214.087,-25.1989],"dipPosition":[51.0671,194.297,-98.5592],"direction":[0.106554,-0.825803,0.553802],"extended":false,"handId":252,"id":2522,"length":64.9762,"mcpPosition":[63.799,246.604,-81.1697],"pipPosition":[48.1289,217.069,-113.83],"stabilizedTipPosition":[55.4691,188.377,-85.7849],"timeVisible":0.116179,"tipPosition":[54.1038,192.861,-87.6893],"tipVelocity":[-111.649,283.086,-82.4758],"tool":false,"touchDistance":0.333333,"touchZone":"none","type":2,"width":19.1251},{"bases":[[[0.939927,-0.276899,-0.199659],[0.338661,0.829943,0.443286],[0.0429599,-0.484274,0.873861]],[[0.93566,-0.247362,-0.2517],[0.0360379,0.77647,-0.629123],[0.351059,0.579574,0.735426]],[[0.93566,-0.247362,-0.2517],[-0.347162,-0.517036,-0.782401],[0.0633984,0.819442,-0.569645]],[[0.93566,-0.247362,-0.2517],[-0.313915,-0.909249,-0.273356],[-0.16124,0.33478,-0.928398]]],"btipPosition":[70.8949,189.051,-80.3846],"carpPosition":[87.4304,213.564,-28.8991],"dipPosition":[67.9736,195.117,-97.2052],"direction":[-0.0633984,-0.819442,0.569645],"extended":false,"handId":252,"id":2523,"length":62.4764,"mcpPosition":[84.8866,242.24,-80.6444],"pipPosition":[69.6766,217.129,-112.507],"stabilizedTipPosition":[70.4701,189.518,-84.0313],"timeVisible":0.116179,"tipPosition":[70.0286,193.189,-86.0268],"tipVelocity":[-97.6659,288.595,-78.2003],"tool":false,"touchDistance":0.333333,"touchZone":"none","type":3,"width":18.1987},{"bases":[[[0.869618,-0.464387,-0.167658],[0.483188,0.730705,0.482286],[-0.101459,-0.500415,0.85982]],[[0.87143,-0.454547,-0.184381],[0.27499,0.763971,-0.58372],[0.40619,0.457968,0.790743]],[[0.87143,-0.454547,-0.184381],[-0.342106,-0.293817,-0.892544],[0.351529,0.840868,-0.411544]],[[0.87143,-0.454547,-0.184381],[-0.487809,-0.763597,-0.42304],[0.051499,0.458592,-0.887153]]],"btipPosition":[81.7998,194.423,-85.3088],"carpPosition":[97.6938,206.309,-33.6992],"dipPosition":[82.6606,202.088,-100.137],"direction":[-0.351529,-0.840868,0.411544],"extended":false,"handId":252,"id":2524,"length":48.9803,"mcpPosition":[103.255,233.739,-80.8297],"pipPosition":[89.3278,218.036,-107.943],"stabilizedTipPosition":[82.2546,195.164,-88.7112],"timeVisible":0.116179,"tipPosition":[82.8429,199.616,-92.0586],"tipVelocity":[-84.2365,285.424,20.1777],"tool":false,"touchDistance":0.333333,"touchZone":"none","type":4,"width":16.1655}],"r":[[0.855289,-0.509302,-0.0953536],[0.506862,0.86057,-0.0500947],[0.107572,-0.00548566,0.994182]],"s":0.901042,"t":[6.9287,38.4117,-8.97899],"timestamp":259512997861},{"currentFrameRate":37.453,"devices":[],"gestures":[],"hands":[{"armBasis":[[0.941624,0.063805,-0.330566],[0.101126,0.88293