{"frames":136,"data":[{"currentFrameRate":17.7553,"devices":[],"gestures":[],"hands":[],"id":154896,"interactionBox":{"center":[0,200,0],"size":[235.247,235.247,147.751]},"pointables":[],"r":[[-0.451118,-0.878766,0.155767],[0.630521,-0.437343,-0.641229],[0.631613,-0.191055,0.751374]],"s":-0.0734829,"t":[559.648,-310.26,370.787],"timestamp":259462928228},{"currentFrameRate":19.117,"devices":[],"gestures":[],"hands":[],"id":154897,"interactionBox":{"center":[0,200,0],"size":[235.247,235.247,147.751]},"pointables":[],"r":[[-0.451118,-0.878766,0.155767],[0.630521,-0.437343,-0.641229],[0.631613,-0.191055,0.751374]],"s":-0.0734829,"t":[559.648,-310.26,370.787],"timestamp":259462967674},{"currentFrameRate":20.2072,"devices":[],"gestures":[],"hands":[],"id":154898,"interactionBox":{"center":[0,200,0],"size":[235.247,235.247,147.751]},"pointables":[],"r":[[-0.451118,-0.878766,0.155767],[0.630521,-0.437343,-0.641229],[0.631613,-0.191055,0.751374]],"s":-0.0734829,"t":[559.648,-310.26,370.787],"timestamp":259463007420},{"currentFrameRate":21.1679,"devices":[],"gestures":[],"hands":[],"id":154899,"interactionBox":{"center":[0,200,0],"size":[235.247,235.247,147.751]},"pointables":[],"r":[[-0.451118,-0.878766,0.155767],[0.630521,-0.437343,-0.641229],[0.631613,-0.191055,0.751374]],"s":-0.0734829,"t":[559.648,-310.26,370.787],"timestamp":259463046450},{"currentFrameRate":21.932,"devices":[],"gestures":[],"hands":[],"id":154900,"interactionBox":{"center":[0,200,0],"size":[235.247,235.247,147.751]},"pointables":[],"r":[[-0.451118,-0.878766,0.155767],[0.630521,-0.437343,-0.641229],[0.631613,-0.191055,0.751374]],"s":-0.0734829,"t":[559.648,-310.26,370.787],"timestamp":259463085745},{"currentFrameRate":22.5544,"devices":[],"gestures":[],"hands":[],"id":154901,"interactionBox":{"center":[0,200,0],"size":[235.247,235.247,147.751]},"pointables":[],"r":[[-0.451118,-0.878766,0.155767],[0.630521,-0.437343,-0.641229],[0.631613,-0.191055,0.751374]],"s":-0.0734829,"t":[559.648,-310.26,370.787],"timestamp":259463125091},{"currentFrameRate":23.0608,"devices":[],"gestures":[],"hands":[],"id":154902,"interactionBox":{"center":[0,200,0],"size":[235.247,235.247,147.751]},"pointables":[],"r":[[-0.451118,-0.878766,0.155767],[0.630521,-0.437343,-0.641229],[0.631613,-0.191055,0.751374]],"s":-0.0734829,"t":[559.648,-310.26,370.787],"timestamp":259463164483},{"currentFrameRate":23.4657,"devices":[],"gestures":[],"hands":[],"id":154903,"interactionBox":{"center":[0,200,0],"size":[235.247,235.247,147.751]},"pointables":[],"r":[[-0.451118,-0.878766,0.155767],[0.630521,-0.437343,-0.641229],[0.631613,-0.191055,0.751374]],"s":-0.0734829,"t":[559.648,-310.26,370.787],"timestamp":259463203978},{"currentFrameRate":23.8257,"devices":[],"gestures":[],"hands":[],"id":154904,"interactionBox":{"center":[0,200,0],"size":[235.247,235.247,147.751]},"pointables":[],"r":[[-0.451118,-0.878766,0.155767],[0.630521,-0.437343,-0.641229],[0.631613,-0.191055,0.751374]],"s":-0.0734829,"t":[559.648,-310.26,370.787],"timestamp":259463243215},{"currentFrameRate":20.2132,"devices":[],"gestures":[],"hands":[],"id":154905,"interactionBox":{"center":[0,200,0],"size":[235.247,235.247,147.751]},"pointables":[],"r":[[-0.451118,-0.878766,0.155767],[0.630521,-0.437343,-0.641229],[0.631613,-0.191055,0.751374]],"s":-0.0734829,"t":[559.648,-310.26,370.787],"timestamp":259463321965},{"currentFrameRate":21.1415,"devices":[],"gestures":[],"hands":[{"armBasis":[[0.907783,0.134629,-0.397246],[0.0281388,0.925407,0.377928],[0.418494,-0.354254,0.836281]],"armWidth":60.2356,"confidence":0,"direction":[-0.223393,0.623961,-0.748845],"elbow":[240.819,31.5571,264.527],"grabAngle":0.843351,"grabStrength":0,"id":250,"palmNormal":[-0.0966,-0.77865,-0.619978],"palmPosition":[108.565,160.308,-4.42054],"palmVelocity":[1.19209e-7,1.19209e-7,1.19209e-7],"palmWidth":86.0143,"pinchDistance":33.7722,"pinchStrength":0.708435,"r":[[1,-5.55112e-18,-5.55112e-18],[5.55112e-18,1,-1.11022e-17],[5.55112e-18,1.11022e-17,1]],"s":1,"sphereCenter":[111.176,93.5845,-76.3964],"sphereRadius":97.0781,"stabilizedPalmPosition":[108.565,160.308,-4.42054],"t":[0,0,0],"timeVisible":0,"type":"right","wrist":[134.005,121.975,51.0782]}],"id":154906,"interactionBox":{"center":[0,200,0],"size":[235.247,235.247,147.751]},"pointables":[{"bases":[[[0.433108,0.844823,0.314152],[-0.65021,0.0514676,0.758009],[0.624215,-0.532564,0.571604]],[[0.262738,0.951378,0.160777],[-0.812648,0.128363,0.568443],[0.520166,-0.280006,0.80686]],[[0.262738,0.951378,0.160777],[-0.895149,0.178156,0.408617],[0.360106,-0.251278,0.898434]],[[0.262738,0.951378,0.160777],[-0.964526,0.263404,0.01755],[-0.0256525,-0.159684,0.986835]]],"btipPosition":[65.3651,145.207,-51.8095],"carpPosition":[100.95,120.363,37.0547],"dipPosition":[64.7976,141.675,-29.9769],"direction":[-0.360106,0.251278,-0.898434],"extended":false,"handId":250,"id":2500,"length":49.2665,"mcpPosition":[100.95,120.363,37.0547],"pipPosition":[76.4042,133.576,-1.01941],"stabilizedTipPosition":[65.2346,144.395,-46.788],"timeVisible":0,"tipPosition":[65.2346,144.395,-46.788],"tipVelocity":[1.19209e-7,1.19209e-7,1.19209e-7],"tool":false,"touchDistance":0.831513,"touchZone":"hovering","type":0,"width":19.1427},{"bases":[[[0.918652,0.169986,-0.356627],[0.0387057,0.859632,0.509446],[0.393166,-0.481807,0.783123]],[[0.910305,0.179936,-0.372784],[-0.107959,0.972613,0.205838],[0.399612,-0.14713,0.9048]],[[0.910305,0.179936,-0.372784],[-0.33236,0.854539,-0.399123],[0.246741,0.487223,0.837695]],[[0.910305,0.179936,-0.372784],[-0.413935,0.399169,-0.818121],[0.00159384,0.899048,0.437847]]],"btipPosition":[58.6344,155.402,-78.2684],"carpPosition":[107.871,141.571,39.1538],"dipPosition":[58.6601,169.922,-71.1966],"direction":[-0.246741,-0.487223,-0.837695],"extended":false,"handId":250,"id":2501,"length":55.5917,"mcpPosition":[80.5273,175.079,-15.3097],"pipPosition":[64.2979,181.055,-52.0564],"stabilizedTipPosition":[58.6403,158.741,-76.6419],"timeVisible":0,"tipPosition":[58.6403,158.741,-76.6419],"tipVelocity":[1.19209e-7,1.19209e-7,1.19209e-7],"tool":false,"touchDistance":0.383705,"touchZone":"hovering","type":1,"width":18.2851},{"bases":[[[0.943176,-0.0457248,-0.329133],[0.20208,0.865208,0.458889],[0.263786,-0.499324,0.825283]],[[0.937197,-0.0348214,-0.347058],[0.141578,0.947329,0.28727],[0.318775,-0.318364,0.892764]],[[0.937197,-0.0348214,-0.347058],[0.0637936,0.995333,0.0724036],[0.342917,-0.0899965,0.935045]],[[0.937197,-0.0348214,-0.347058],[0.0141803,0.997985,-0.0618386],[0.348512,0.0530336,0.935803]]],"btipPosition":[70.9606,194.095,-101.436],"carpPosition":[118.292,145.18,35.4311],"dipPosition":[77.1517,195.038,-84.8124],"direction":[-0.342917,0.0899965,-0.935045],"extended":true,"handId":250,"id":2502,"length":63.3423,"mcpPosition":[100.895,178.112,-18.9987],"pipPosition":[86.3698,192.618,-59.6771],"stabilizedTipPosition":[72.3845,194.312,-97.6129],"timeVisible":0,"tipPosition":[72.3845,194.312,-97.6129],"tipVelocity":[1.19209e-7,1.19209e-7,1.19209e-7],"tool":false,"touchDistance":0.0397852,"touchZone":"hovering","type":2,"width":17.9584},{"bases":[[[0.953779,-0.183798,-0.237749],[0.277255,0.843372,0.460276],[0.115913,-0.504918,0.855349]],[[0.93761,-0.132888,-0.321292],[0.214488,0.94836,0.233683],[0.273647,-0.288017,0.917695]],[[0.93761,-0.132888,-0.321292],[0.157688,0.986102,0.0523152],[0.309875,-0.0997153,0.945534]],[[0.93761,-0.132888,-0.321292],[0.0950062,0.986832,-0.130907],[0.334458,0.0922154,0.937888]]],"btipPosition":[96.7155,188.821,-99.3573],"carpPosition":[129.159,145.776,31.3781],"dipPosition":[102.623,190.45,-82.792],"direction":[-0.309875,0.0997153,-0.945534],"extended":true,"handId":250,"id":2503,"length":60.9053,"mcpPosition":[122.295,175.674,-19.2711],"pipPosition":[110.738,187.839,-58.0312],"stabilizedTipPosition":[98.0742,189.196,-95.5473],"timeVisible":0,"tipPosition":[98.0742,189.196,-95.5473],"tipVelocity":[1.19209e-7,1.19209e-7,1.19209e-7],"tool":false,"touchDistance":0.0742121,"touchZone":"hovering","type":3,"width":17.0885},{"bases":[[[0.901775,-0.377808,-0.209914],[0.431372,0.756574,0.491442],[-0.0268548,-0.533721,0.845234]],[[0.899933,-0.322482,-0.293471],[0.408473,0.85899,0.308683],[0.152544,-0.397669,0.904759]],[[0.899933,-0.322482,-0.293471],[0.382955,0.906387,0.17835],[0.208484,-0.272889,0.939184]],[[0.899933,-0.322482,-0.293471],[0.350885,0.935168,0.0483809],[0.258843,-0.146514,0.954743]]],"btipPosition":[128.167,189.618,-83.4722],"carpPosition":[139.867,139.637,26.0225],"dipPosition":[132.385,187.231,-67.9154],"direction":[-0.208484,0.272889,-0.939184],"extended":true,"handId":250,"id":2504,"length":47.7486,"mcpPosition":[141.339,168.893,-20.3085],"pipPosition":[136.24,182.185,-50.5506],"stabilizedTipPosition":[129.137,189.069,-79.8941],"timeVisible":0,"tipPosition":[129.137,189.069,-79.8941],"tipVelocity":[1.19209e-7,1.19209e-7,1.19209e-7],"tool":false,"touchDistance":0.334921,"touchZone":"hovering","type":4,"width":15.1794}],"r":[[1,-5.55112e-18,-5.55112e-18],[5.55112e-18,1,-1.11022e-17],[5.55112e-18,1.11022e-17,1]],"s":1,"t":[0,0,0],"timestamp":259463361328},{"currentFrameRate":16.1228,"devices":[],"gestures":[],"hands":[{"armBasis":[[-0.705771,-0.687092,-0.172599],[0.620336,-0.48171,-0.618983],[0.342155,-0.54393,0.766205]],"armWidth":62.9551,"confidence":0.51921,"direction":[-0.442058,0.436772,-0.783463],"elbow":[228.014,15.5989,266.239],"grabAngle":0.382494,"grabStrength":0,"id":250,"palmNormal":[-0.620481,0.481853,0.618725],"palmPosition":[112.224,194.206,17.7628],"palmVelocity":[33.5061,310.426,203.147],"palmWidth":86.0143,"pinchDistance":56.7266,"pinchStrength":0,"r":[[0.970124,-0.242067,0.016211],[0.23848,0.939206,-0.247023],[0.0445706,0.243509,0.968874]],"s":0.988261,"sphereCenter":[58.2081,240.74,44.799],"sphereRadius":80.3236,"stabilizedPalmPosition":[112.148,193.501,17.3012],"t":[1.8294,16.949,11.0916],"timeVisible":0.109198,"type":"right","wrist":[140.684,154.429,70.676]}],"id":154907,"interactionBox":{"center":[0,200,0],"size":[235.247,235.247,147.751]},"pointables":[{"bases":[[[0.20806,-0.65143,-0.729623],[0.971318,0.225403,0.0757347],[0.115123,-0.724453,0.679642]],[[0.186972,-0.527196,-0.828918],[0.941468,0.337095,-0.00203524],[0.280498,-0.78002,0.559366]],[[0.186972,-0.527196,-0.828918],[0.789313,0.58296,-0.192727],[0.584831,-0.618241,0.52512]],[[0.186972,-0.527196,-0.828918],[0.979147,0.168255,0.113847],[0.0794501,-0.832919,0.547662]]],"btipPosition":[110.832,264.598,9.03987],"carpPosition":[145.207,188.447,65.2259],"dipPosition":[112.635,245.695,21.4688],"direction":[-0.584831,0.618241,-0.52512],"extended":false,"handId":250,"id":2500,"length":50.5373,"mcpPosition":[145.207,188.447,65.2259],"pipPosition":[131.971,225.254,38.8306],"stabilizedTipPosition":[111.237,260.225,11.886],"timeVisible":0.109198,"tipPosition":[106.541,258.564,14.4114],"tipVelocity":[421.366,1060.96,537.432],"tool":false,"touchDistance":1,"touchZone":"none","type":0,"width":20.3863},{"bases":[[[-0.712783,-0.675518,-0.188723],[0.565105,-0.393731,-0.725005],[0.415447,-0.62342,0.662383]],[[-0.4615,-0.879284,0.117799],[0.562978,-0.392896,-0.727109],[0.685619,-0.269243,0.67634]],[[-0.4615,-0.879284,0.117799],[0.562978,-0.392896,-0.727109],[0.685619,-0.269243,0.67634]],[[-0.4615,-0.879284,0.117799],[0.562978,-0.392896,-0.727109],[0.685619,-0.269243,0.67634]]],"btipPosition":[62.381,243.512,-55.8788],"carpPosition":[147.266,178.167,45.4221],"dipPosition":[73.7403,239.051,-44.6732],"direction":[-0.685619,0.269243,-0.67634],"extended":true,"handId":250,"id":2501,"length":57.0257,"mcpPosition":[118.373,221.523,-0.644378],"pipPosition":[89.8099,232.74,-28.8212],"stabilizedTipPosition":[64.9937,242.485,-53.3015],"timeVisible":0.109198,"tipPosition":[65.2333,243.358,-51.6359],"tipVelocity":[58.1819,766.902,213.744],"tool":false,"touchDistance":0.728774,"touchZone":"hovering","type":1,"width":19.473},{"bases":[[[-0.735924,-0.676448,0.0288817],[0.445449,-0.515858,-0.731755],[0.509893,-0.525651,0.680956]],[[-0.833645,-0.537055,-0.128872],[0.477228,-0.582993,-0.657551],[0.278009,-0.609665,0.742307]],[[-0.833645,-0.537055,-0.128872],[0.203176,-0.0812354,-0.975767],[0.513571,-0.839627,0.176838]],[[-0.833645,-0.537055,-0.128872],[0.203176,-0.0812354,-0.975767],[0.513571,-0.839627,0.176838]]],"btipPosition":[69.5934,271.718,-45.9916],"carpPosition":[139.737,170.102,41.7135],"dipPosition":[78.952,256.418,-42.7692],"direction":[-0.513571,0.839627,-0.176838],"extended":true,"handId":250,"id":2502,"length":64.9762,"mcpPosition":[106.108,204.77,-3.1975],"pipPosition":[93.1136,233.266,-37.8929],"stabilizedTipPosition":[71.7524,267.447,-45.7839],"timeVisible":0.109198,"tipPosition":[66.7245,266.623,-43.1179],"tipVelocity":[-5.84869,676.636,479.518],"tool":false,"touchDistance":0.854576,"touchZone":"hovering","type":2,"width":19.1251},{"bases":[[[-0.68434,-0.705603,0.183855],[0.40776,-0.579363,-0.705741],[0.604492,-0.407998,0.684198]],[[-0.804471,-0.593567,0.0224726],[0.257045,-0.381985,-0.887702],[0.535495,-0.708354,0.459869]],[[-0.804471,-0.593567,0.0224726],[0.10627,-0.181047,-0.977716],[0.584408,-0.784156,0.208725]],[[-0.804471,-0.593567,0.0224726],[0.10627,-0.181047,-0.977716],[0.584408,-0.784156,0.208725]]],"btipPosition":[45.9332,252.374,-28.931],"carpPosition":[131.216,162.253,40.8963],"dipPosition":[56.5215,238.167,-25.1494],"direction":[-0.584408,0.784156,-0.208725],"extended":true,"handId":250,"id":2503,"length":62.4764,"mcpPosition":[95.421,186.413,0.381794],"pipPosition":[72.2202,217.103,-19.5424],"stabilizedTipPosition":[50.6089,246.406,-31.1031],"timeVisible":0.109198,"tipPosition":[45.6753,244.583,-29.3751],"tipVelocity":[-455.188,548.644,618.015],"tool":false,"touchDistance":1,"touchZone":"none","type":3,"width":18.1987},{"bases":[[[-0.667681,-0.64259,0.375873],[0.348149,-0.715812,-0.605315],[0.658024,-0.273298,0.701651]],[[-0.819419,-0.546019,0.1744],[0.228639,-0.590364,-0.774076],[0.52562,-0.594418,0.608597]],[[-0.819419,-0.546019,0.1744],[0.228639,-0.590364,-0.774076],[0.52562,-0.594418,0.608597]],[[-0.819419,-0.546019,0.1744],[0.149678,-0.497532,-0.854434],[0.553307,-0.674036,0.489414]]],"btipPosition":[47.2238,214.06,-32.7021],"carpPosition":[120.533,156.158,46.349],"dipPosition":[56.4721,202.794,-24.5218],"direction":[-0.52562,0.594418,-0.608597],"extended":true,"handId":250,"id":2504,"length":48.9803,"mcpPosition":[84.4635,171.139,7.8885],"pipPosition":[66.4411,191.52,-12.979],"stabilizedTipPosition":[49.5157,211.423,-30.922],"timeVisible":0.109198,"tipPosition":[45.6575,208.535,-28.1622],"tipVelocity":[-730.659,205.132,449.4],"tool":false,"touchDistance":1,"touchZone":"none","type":4,"width":16.1655}],"r":[[0.970124,-0.242067,0.016211],[0.23848,0.939206,-0.247023],[0.0445706,0.243509,0.968874]],"s":0.988261,"t":[1.8294,16.949,11.0916],"timestamp":259463470526},{"currentFrameRate":18.4876,"devices":[],"gestures":[],"hands":[{"armBasis":[[0.917073,0.0763108,-0.391349],[0.172749,0.808564,0.562479],[0.359354,-0.58344,0.728329]],"armWidth":62.9551,"confidence":0.626656,"direction":[-0.15892,0.765946,-0.622953],"elbow":[217.513,32.5011,227.775],"grabAngle":0.923277,"grabStrength":0,"id":250,"palmNormal":[-0.217561,-0.64263,-0.734639],"palmPosition":[104.504,231.95,-4.92789],"palmVelocity":[-253.156,1237.83,-744.151],"palmWidth":86.0143,"pinchDistance":18.0849,"pinchStrength":1,"r":[[0.827765,-0.448518,0.337099],[0.559175,0.708863,-0.429927],[-0.0461271,0.544376,0.837572]],"s":1.06375,"sphereCenter":[83.3412,218.339,-56.9747],"sphereRadius":61.4755,"stabilizedPalmPosition":[106.026,224.296,-0.502793],"t":[-1.11551,44.2954,5.29215],"timeVisible":0.13969,"type":"right","wrist":[125.793,181.416,41.8795]}],"id":154908,"interactionBox":{"center":[0,200,0],"size":[235.247,235.247,147.751]},"pointables":[{"bases":[[[0.918843,-0.108489,-0.379417],[0.329079,0.741288,0.584978],[0.217794,-0.662361,0.716829]],[[0.894505,-0.0461945,-0.444665],[0.28489,0.825429,0.487345],[0.344527,-0.562613,0.751511]],[[0.894505,-0.0461945,-0.444665],[0.147357,0.969527,0.19571],[0.422074,-0.240588,0.874054]],[[0.894505,-0.0461945,-0.444665],[0.0344881,0.998813,-0.0343854],[0.445726,0.0154222,0.895037]]],"btipPosition":[63.0143,285.461,-91.4883],"carpPosition":[113.242,209.126,31.326],"dipPosition":[71.1366,285.742,-75.1784],"direction":[-0.422074,0.240588,-0.874054],"extended":true,"handId":250,"id":2502,"length":64.9762,"mcpPosition":[98.8784,252.811,-15.9509],"pipPosition":[82.7752,279.107,-51.0765],"stabilizedTipPosition":[69.0371,274.592,-62.3656],"timeVisible":0.13969,"tipPosition":[63.7309,288.152,-84.5445],"tipVelocity":[-225.09,568.208,-1393.37],"tool":false,"touchDistance":0.146468,"touchZone":"hovering","type":2,"width":19.1251},{"bases":[[[0.913439,-0.260349,-0.312805],[0.40066,0.710151,0.578928],[0.0714155,-0.654144,0.752991]],[[0.897413,-0.176778,-0.404228],[0.398558,0.717768,0.57093],[0.189214,-0.673467,0.71459]],[[0.897413,-0.176778,-0.404228],[0.35262,0.838042,0.416346],[0.265159,-0.516173,0.814405]],[[0.897413,-0.176778,-0.404228],[0.289563,0.927267,0.237336],[0.332871,-0.330037,0.88333]]],"btipPosition":[98.3916,296.776,-86.5461],"carpPosition":[123.972,209.017,26.8833],"dipPosition":[104.423,290.796,-70.5421],"direction":[-0.265159,0.516173,-0.814405],"extended":true,"handId":250,"id":2503,"length":62.4764,"mcpPosition":[119.743,247.752,-17.7047],"pipPosition":[111.545,276.931,-48.665],"stabilizedTipPosition":[79.7184,275.412,-61.7472],"timeVisible":0.13969,"tipPosition":[97.2474,290.484,-84.3621],"tipVelocity":[1686.02,1518.23,-1797.32],"tool":false,"touchDistance":0.333333,"touchZone":"hovering","type":3,"width":18.1987},{"bases":[[[0.836724,-0.448044,-0.314879],[0.542581,0.600411,0.587463],[-0.0741523,-0.662392,0.745478]],[[0.839726,-0.405666,-0.360964],[0.54289,0.613251,0.573754],[-0.0113912,-0.67776,0.735195]],[[0.839726,-0.405666,-0.360964],[0.536482,0.722554,0.436007],[0.0839424,-0.559778,0.82438]],[[0.839726,-0.405666,-0.360964],[0.515867,0.803515,0.297061],[0.169532,-0.435659,0.884002]]],"btipPosition":[133.634,280.018,-76.431],"carpPosition":[133.605,202.572,20.0512],"dipPosition":[136.468,272.736,-61.6554],"direction":[-0.0839424,0.559778,-0.82438],"extended":true,"handId":250,"id":2504,"length":48.9803,"mcpPosition":[137.669,238.88,-20.8117],"pipPosition":[138.06,262.119,-46.02],"stabilizedTipPosition":[125.018,271.027,-68.4287],"timeVisible":0.13969,"tipPosition":[129.548,276.397,-73.2157],"tipVelocity":[2785.49,2193.17,-1384.36],"tool":false,"touchDistance":0.363932,"touchZone":"hovering","type":4,"width":16.1655},{"bases":[[[0.551099,0.716689,0.427371],[-0.615718,0.00358685,0.787959],[0.563189,-0.697384,0.443255]],[[0.265909,0.942275,0.203494],[-0.846038,0.126928,0.517792],[0.462074,-0.30985,0.830952]],[[0.265909,0.942275,0.203494],[-0.921478,0.18645,0.340758],[0.283146,-0.278126,0.917864]],[[0.265909,0.942275,0.203494],[-0.958037,0.28175,-0.0527539],[-0.107043,-0.180927,0.977654]]],"btipPosition":[64.0485,214.73,-62.0518],"carpPosition":[92.785,186.808,29.6934],"dipPosition":[61.6192,210.624,-39.8644],"direction":[-0.283146,0.278126,-0.917864],"extended":false,"handId":250,"id":2500,"length":50.5373,"mcpPosition":[92.785,186.808,29.6934],"pipPosition":[70.9807,201.429,-9.5175],"stabilizedTipPosition":[75.0049,224.986,-40.3479],"timeVisible":0.13969,"tipPosition":[61.286,217.331,-54.0127],"tipVelocity":[-1566.22,-1523.82,-2257.88],"tool":false,"touchDistance":0.496419,"touchZone":"hovering","type":0,"width":20.3863},{"bases":[[[0.922668,0.110089,-0.369546],[0.167928,0.747996,0.642107],[0.347108,-0.654509,0.671665]],[[0.889416,0.165943,-0.425914],[-0.0993542,0.979681,0.174222],[0.446171,-0.11264,0.887831]],[[0.889416,0.165943,-0.425914],[-0.415896,0.680392,-0.603405],[0.189658,0.713813,0.674166]],[[0.889416,0.165943,-0.425914],[-0.446486,0.115772,-0.887269],[-0.0979267,0.979316,0.177061]]],"btipPosition":[56.9906,223.546,-67.5123],"carpPosition":[102.541,206.291,34.922],"dipPosition":[55.3681,239.772,-64.5788],"direction":[-0.189658,-0.713813,-0.674166],"extended":false,"handId":250,"id":2501,"length":57.0257,"mcpPosition":[78.4011,251.809,-11.79],"pipPosition":[59.8134,256.502,-48.7776],"stabilizedTipPosition":[57.3574,228.622,-65.6417],"timeVisible":0.13969,"tipPosition":[57.8989,230.637,-67.0593],"tipVelocity":[-274.703,-498.731,-443.923],"tool":false,"touchDistance":0.486188,"touchZone":"hovering","type":1,"width":19.473}],"r":[[0.827765,-0.448518,0.337099],[0.559175,0.708863,-0.429927],[-0.0461271,0.544376,0.837572]],"s":1.06375,"t":[-1.11551,44.2954,5.29215],"timestamp":259463501018},{"currentFrameRate":21.4325,"devices":[],"gestures":[],"hands":[{"armBasis":[[0.912787,0.0178498,-0.408047],[0.230028,0.803071,0.549694],[0.337502,-0.595616,0.728927]],"armWidth":62.9551,"confidence":0.688297,"direction":[-0.0987146,0.809093,-0.579331],"elbow":[211.889,50.8977,219.517],"grabAngle":1.85662,"grabStrength":0.474805,"id":250,"palmNormal":[-0.273857,-0.581782,-0.765854],"palmPosition":[108.171,257.015,-10.7912],"palmVelocity":[177.481,1213.38,-283.843],"palmWidth":86.0143,"pinchDistance":15.6262,"pinchStrength":1,"r":[[0.624434,-0.508063,0.593257],[0.780502,0.435014,-0.448976],[-0.0299669,0.743394,0.668182]],"s":1.03115,"sphereCenter":[99.3527,237.08,-63.3799],"sphereRadius":49.4559,"stabilizedPalmPosition":[107.676,249.465,-8.41722],"t":[-0.754856,70.501,-0.539269],"timeVisible":0.160347,"type":"right","wrist":[125.747,202.92,33.4692]}],"id":154909,"interactionBox":{"center":[0,200,0],"size":[235.247,235.247,147.751]},"pointables":[{"bases":[[[0.904656,-0.162694,-0.393864],[0.392293,0.678946,0.620595],[0.166445,-0.715935,0.678036]],[[0.891074,-0.113095,-0.439541],[0.159449,0.98473,0.0698742],[0.424927,-0.132347,0.895501]],[[0.891074,-0.113095,-0.439541],[0.159449,0.98473,0.0698742],[0.424927,-0.132347,0.895501]],[[0.891074,-0.113095,-0.439541],[0.159449,0.98473,0.0698742],[0.424927,-0.132347,0.895501]]],"btipPosition":[64.9001,291.082,-103.489],"carpPosition":[115.199,231.616,24.0964],"dipPosition":[72.6434,288.67,-87.171],"direction":[-0.424927,0.132347,-0.895501],"extended":true,"handId":250,"id":2502,"length":64.9762,"mcpPosition":[104.222,278.834,-20.622],"pipPosition":[84.3607,285.02,-62.4777],"stabilizedTipPosition":[69.0371,274.592,-62.3656],"timeVisible":0.160347,"tipPosition":[67.9372,298.017,-96.5314],"tipVelocity":[87.0715,242.126,-580.874],"tool":false,"touchDistance":-0.103518,"touchZone":"hovering","type":2,"width":19.1251},{"bases":[[[0.887125,-0.316992,-0.335447],[0.46103,0.642419,0.612167],[0.0214454,-0.69772,0.716049]],[[0.884456,-0.276659,-0.375763],[0.229054,0.958994,-0.16693],[0.406537,0.0615717,0.911557]],[[0.884456,-0.276659,-0.375763],[-0.327227,0.206351,-0.92214],[0.332657,0.938552,0.0919781]],[[0.884456,-0.276659,-0.375763],[-0.465919,-0.479325,-0.743752],[0.0256529,0.832891,-0.552842]]],"btipPosition":[97.5743,229.215,-54.8019],"carpPosition":[125.859,230.869,19.5471],"dipPosition":[98.0391,244.305,-64.8182],"direction":[-0.332657,-0.938552,-0.0919781],"extended":false,"handId":250,"id":2503,"length":62.4764,"mcpPosition":[124.589,272.185,-22.8534],"pipPosition":[106.975,269.517,-62.3474],"stabilizedTipPosition":[89.9187,251.149,-59.1115],"timeVisible":0.160347,"tipPosition":[98.0901,237.369,-58.7001],"tipVelocity":[-101.541,-3036.03,1247.01],"tool":false,"touchDistance":0.719727,"touchZone":"hovering","type":3,"width":18.1987},{"bases":[[[0.610653,0.644822,0.459683],[-0.608942,0.0112612,0.793135],[0.506254,-0.76425,0.399536]],[[0.341834,0.906012,0.249584],[-0.789381,0.132713,0.599387],[0.509929,-0.401908,0.760554]],[[0.341834,0.906012,0.249584],[-0.858951,0.193475,0.4741],[0.381251,-0.376444,0.844356]],[[0.341834,0.906012,0.249584],[-0.930139,0.288277,0.227459],[0.134131,-0.309901,0.94126]]],"btipPosition":[53.2517,249.616,-63.6939],"carpPosition":[92.9633,211.172,21.4731],"dipPosition":[56.2957,242.583,-42.3324],"direction":[-0.381251,0.376444,-0.844356],"extended":false,"handId":250,"id":2500,"length":50.5373,"mcpPosition":[92.9633,211.172,21.4731],"pipPosition":[68.9009,230.137,-14.4159],"stabilizedTipPosition":[59.0863,242.386,-54.2852],"timeVisible":0.160347,"tipPosition":[58.6998,248.331,-59.4555],"tipVelocity":[-461.729,1656.23,-88.6891],"tool":false,"touchDistance":0.45263,"touchZone":"hovering","type":0,"width":20.3863},{"bases":[[[0.926535,0.0539745,-0.372316],[0.232564,0.695732,0.679611],[0.295714,-0.716271,0.632067]],[[0.902013,0.107024,-0.418232],[-0.0631295,0.991069,0.117457],[0.427068,-0.0795449,0.900714]],[[0.902013,0.107024,-0.418232],[-0.379536,0.658263,-0.650109],[0.20573,0.745141,0.634381]],[[0.902013,0.107024,-0.418232],[-0.431697,0.216469,-0.875659],[-0.0031822,0.970406,0.241459]]],"btipPosition":[61.1939,249.062,-72.7098],"carpPosition":[104.321,229.477,27.6419],"dipPosition":[61.1412,265.14,-68.7093],"direction":[-0.20573,-0.745141,-0.634381],"extended":false,"handId":250,"id":2501,"length":57.0257,"mcpPosition":[83.755,279.291,-16.3163],"pipPosition":[65.9631,282.605,-53.8406],"stabilizedTipPosition":[60.6962,249.695,-71.009],"timeVisible":0.160347,"tipPosition":[61.2401,259.393,-72.2113],"tipVelocity":[220.96,1233.57,-239.727],"tool":false,"touchDistance":0.396622,"touchZone":"hovering","type":1,"width":19.473},{"bases":[[[0.795193,-0.497375,-0.346823],[0.59347,0.521112,0.613381],[-0.124346,-0.693585,0.709561]],[[0.801223,-0.454847,-0.388788],[0.490262,0.871526,-0.00926544],[0.343053,-0.183184,0.921281]],[[0.801223,-0.454847,-0.388788],[0.0214582,0.671173,-0.74099],[0.597981,0.585356,0.547519]],[[0.801223,-0.454847,-0.388788],[0.0214582,0.671173,-0.74099],[0.597981,0.585356,0.547519]]],"btipPosition":[108.606,247.45,-77.7359],"carpPosition":[134.889,224.036,12.2829],"dipPosition":[118.601,257.234,-68.5843],"direction":[-0.597981,-0.585356,-0.547519],"extended":false,"handId":250,"id":2504,"length":48.9803,"mcpPosition":[141.705,262.055,-26.6112],"pipPosition":[129.943,268.336,-58.2],"stabilizedTipPosition":[112.828,252.606,-74.6499],"timeVisible":0.160347,"tipPosition":[113.504,255.122,-75.7545],"tipVelocity":[-1131.86,-1386.59,-125.786],"tool":false,"touchDistance":0.333333,"touchZone":"hovering","type":4,"width":16.1655}],"r":[[0.624434,-0.508063,0.593257],[0.780502,0.435014,-0.448976],[-0.0299669,0.743394,0.668182]],"s":1.03115,"t":[-0.754856,70.501,-0.539269],"timestamp":259463521675},{"currentFrameRate":24.1151,"devices":[],"gestures":[],"hands":[{"armBasis":[[0.91157,0.0012805,-0.411142],[0.24617,0.799236,0.54829],[0.329301,-0.601016,0.728245]],"armWidth":62.9551,"confidence":0.740726,"direction":[-0.0811507,0.832614,-0.547877],"elbow":[209.219,57.4322,215.181],"grabAngle":2.69112,"grabStrength":0.974078,"id":250,"palmNormal":[-0.292118,-0.545419,-0.785611],"palmPosition":[108.697,266.716,-13.0731],"palmVelocity":[25.8279,475.977,-111.953],"palmWidth":86.0143,"pinchDistance":15.0409,"pinchStrength":1,"r":[[0.424439,-0.479847,0.767853],[0.90478,0.19199,-0.380148],[0.0349925,0.856088,0.515644]],"s":0.955723,"sphereCenter":[103.537,252.095,-60.9251],"sphereRadius":41.7901,"stabilizedPalmPosition":[108.531,263.903,-12.3139],"t":[-0.311316,88.4544,-4.59589],"timeVisible":0.180729,"type":"right","wrist":[125.169,210.833,29.3071]}],"id":154910,"interactionBox":{"center":[0,200,0],"size":[235.247,235.247,147.751]},"pointables":[{"bases":[[[0.898354,-0.170214,-0.404953],[0.412253,0.645017,0.643428],[0.151681,-0.74497,0.649625]],[[0.890372,-0.135556,-0.434582],[0.0721652,0.984595,-0.159266],[0.449477,0.110444,0.886438]],[[0.890372,-0.135556,-0.434582],[-0.403643,0.206341,-0.891345],[0.2105,0.969045,0.129004]],[[0.890372,-0.135556,-0.434582],[-0.403643,0.206341,-0.891345],[0.2105,0.969045,0.129004]]],"btipPosition":[74.6015,239.441,-69.3925],"carpPosition":[115.254,239.85,20.7922],"dipPosition":[78.4374,257.1,-67.0417],"direction":[-0.2105,-0.969045,-0.129004],"extended":false,"handId":250,"id":2502,"length":64.9762,"mcpPosition":[105.25,288.983,-22.0524],"pipPosition":[84.2419,283.821,-63.4845],"stabilizedTipPosition":[70.735,266.404,-64.0739],"timeVisible":0.180729,"tipPosition":[74.9103,249.64,-71.3746],"tipVelocity":[431.885,-2307.13,1515.27],"tool":false,"touchDistance":0.403432,"touchZone":"touching","type":2,"width":19.1251},{"bases":[[[0.628901,0.61156,0.480081],[-0.604605,-0.00352534,0.796517],[0.488811,-0.79119,0.367535]],[[0.372543,0.882622,0.286689],[-0.785315,0.135235,0.604146],[0.494462,-0.450211,0.743517]],[[0.372543,0.882622,0.286689],[-0.856564,0.20817,0.47219],[0.357085,-0.421478,0.833575]],[[0.372543,0.882622,0.286689],[-0.920458,0.312091,0.235277],[0.118187,-0.351536,0.928684]]],"btipPosition":[54.6777,263.238,-66.1909],"carpPosition":[92.4987,220.081,17.5302],"dipPosition":[57.3599,255.26,-45.1149],"direction":[-0.357085,0.421478,-0.833575],"extended":false,"handId":250,"id":2500,"length":50.5373,"mcpPosition":[92.4987,220.081,17.5302],"pipPosition":[69.1661,241.325,-17.5548],"stabilizedTipPosition":[55.923,258.252,-60.1738],"timeVisible":0.180729,"tipPosition":[58.4839,261.139,-61.7072],"tipVelocity":[65.8826,657.667,-125.734],"tool":false,"touchDistance":0.40226,"touchZone":"hovering","type":0,"width":20.3863},{"bases":[[[0.92578,0.0448725,-0.375391],[0.253285,0.66354,0.703961],[0.280676,-0.746794,0.602927]],[[0.91385,0.0746182,-0.399137],[-0.00205487,0.983807,0.179217],[0.406046,-0.162957,0.899206]],[[0.91385,0.0746182,-0.399137],[-0.33936,0.680102,-0.649843],[0.222964,0.72931,0.646834]],[[0.91385,0.0746182,-0.399137],[-0.405129,0.233769,-0.883868],[0.0273531,0.969425,0.24386]]],"btipPosition":[62.2276,263.421,-74.2761],"carpPosition":[104.343,237.85,24.3177],"dipPosition":[62.6808,279.482,-70.2358],"direction":[-0.222964,-0.72931,-0.646834],"extended":false,"handId":250,"id":2501,"length":57.0257,"mcpPosition":[84.8228,289.787,-17.6137],"pipPosition":[67.9066,296.576,-55.0753],"stabilizedTipPosition":[62.2008,265.72,-73.1596],"timeVisible":0.180729,"tipPosition":[61.6234,272.028,-74.0115],"tipVelocity":[56.4244,704.294,-76.3984],"tool":false,"touchDistance":0.366936,"touchZone":"hovering","type":1,"width":19.473},{"bases":[[[0.877233,-0.326124,-0.352286],[0.480008,0.607131,0.633233],[0.00737175,-0.724593,0.689138]],[[0.875323,-0.283474,-0.39173],[0.161286,0.934901,-0.316144],[0.455847,0.213548,0.864061]],[[0.875323,-0.283474,-0.39173],[-0.421317,-0.0495798,-0.905557],[0.23728,0.957697,-0.162831]],[[0.875323,-0.283474,-0.39173],[-0.475052,-0.655264,-0.587328],[-0.0901945,0.700194,-0.708233]]],"btipPosition":[100.943,234.252,-44.8811],"carpPosition":[125.869,239.01,16.1563],"dipPosition":[99.3086,246.938,-57.7128],"direction":[-0.23728,-0.957697,0.162831],"extended":false,"handId":250,"id":2503,"length":62.4764,"mcpPosition":[125.433,281.917,-24.6507],"pipPosition":[105.683,272.665,-62.0869],"stabilizedTipPosition":[94.045,245.732,-54.7407],"timeVisible":0.180729,"tipPosition":[99.3655,242.554,-54.0312],"tipVelocity":[141.583,220.018,454.972],"tool":false,"touchDistance":0.333333,"touchZone":"none","type":3,"width":18.1987},{"bases":[[[0.78074,-0.503598,-0.369912],[0.60936,0.482599,0.62911],[-0.1383,-0.71658,0.683656]],[[0.785904,-0.472744,-0.398583],[0.407538,0.880785,-0.241104],[0.465046,0.027047,0.884873]],[[0.785904,-0.472744,-0.398583],[-0.33703,0.212939,-0.917097],[0.518426,0.855085,0.00802012]],[[0.785904,-0.472744,-0.398583],[-0.610846,-0.493444,-0.619178],[0.0960347,0.730087,-0.676573]]],"btipPosition":[114.887,242.164,-48.0704],"carpPosition":[134.69,232.233,8.58771],"dipPosition":[116.492,254.367,-59.379],"direction":[-0.518426,-0.855085,-0.00802012],"extended":false,"handId":250,"id":2504,"length":48.9803,"mcpPosition":[142.27,271.512,-28.8865],"pipPosition":[126.325,270.585,-59.2269],"stabilizedTipPosition":[114.141,248.478,-61.6849],"timeVisible":0.180729,"tipPosition":[114.893,250.037,-56.9355],"tipVelocity":[213.495,-232.042,1224.59],"tool":false,"touchDistance":0.333333,"touchZone":"none","type":4,"width":16.1655}],"r":[[0.424439,-0.479847,0.767853],[0.90478,0.19199,-0.380148],[0.0349925,0.856088,0.515644]],"s":0.955723,"t":[-0.311316,88.4544,-4.59589],"timestamp":259463542057},{"currentFrameRate":26.5219,"devices":[],"gestures":[],"hands":[{"armBasis":[[0.910743,-0.00819511,-0.412893],[0.259742,0.788657,0.557274],[0.321064,-0.614779,0.720392]],"armWidth":62.9551,"confidence":0.785688,"direction":[-0.0643793,0.861131,-0.50429],"elbow":[207.176,61.9663,209.162],"grabAngle":3.01761,"grabStrength":0.955248,"id":250,"palmNormal":[-0.30754,-0.497863,-0.810895],"palmPosition":[109.823,276.952,-14.4058],"palmVelocity":[54.9074,499.355,-65.0191],"palmWidth":86.0143,"pinchDistance":16.8742,"pinchStrength":1,"r":[[0.25223,-0.41717,0.873126],[0.960685,-0.000240373,-0.277639],[0.116033,0.908829,0.400708]],"s":0.916244,"sphereCenter":[104.633,265.799,-61.2185],"sphereRadius":40.9332,"stabilizedPalmPosition":[109.692,275.637,-14.195],"t":[0.473173,102.549,-7.29055],"timeVisible":0.201226,"type":"right","wrist":[125.229,218.88,25.2922]}],"id":154911,"interactionBox":{"center":[0,200,0],"size":[235.247,235.247,147.751]},"pointables":[{"bases":[[[0.644528,0.571936,0.507418],[-0.601373,-0.0306166,0.798381],[0.472159,-0.819726,0.324214]],[[0.389423,0.861301,0.326359],[-0.776189,0.116123,0.619714],[0.495863,-0.494647,0.713754]],[[0.389423,0.861301,0.326359],[-0.854924,0.206166,0.476026],[0.342718,-0.464387,0.816633]],[[0.389423,0.861301,0.326359],[-0.916379,0.326633,0.231432],[0.0927331,-0.389193,0.916477]]],"btipPosition":[55.8555,276.717,-67.6172],"carpPosition":[92.6899,229.189,13.8623],"dipPosition":[57.9601,267.884,-46.8182],"direction":[-0.342718,0.464387,-0.816633],"extended":false,"handId":250,"id":2500,"length":50.5373,"mcpPosition":[92.6899,229.189,13.8623],"pipPosition":[69.2912,252.531,-19.8183],"stabilizedTipPosition":[56.2974,273.023,-62.5643],"timeVisible":0.201226,"tipPosition":[59.1697,274.983,-62.9961],"tipVelocity":[50.98,648.014,-72.6936],"tool":false,"touchDistance":0.373017,"touchZone":"hovering","type":0,"width":20.3863},{"bases":[[[0.925068,0.0431615,-0.377341],[0.271078,0.620845,0.735573],[0.266019,-0.782744,0.562623]],[[0.921681,0.0529131,-0.384324],[0.0479539,0.967519,0.248209],[0.384974,-0.247199,0.889206]],[[0.921681,0.0529131,-0.384324],[-0.29126,0.748772,-0.595405],[0.256266,0.660712,0.705541]],[[0.921681,0.0529131,-0.384324],[-0.379449,0.329196,-0.864667],[0.0807657,0.942778,0.323491]]],"btipPosition":[63.078,279.948,-76.5832],"carpPosition":[104.961,246.318,21.4864],"dipPosition":[64.4161,295.568,-71.2236],"direction":[-0.256266,-0.660712,-0.705541],"extended":false,"handId":250,"id":2501,"length":57.0257,"mcpPosition":[86.4608,300.755,-17.6422],"pipPosition":[70.4225,311.054,-54.6871],"stabilizedTipPosition":[63.3284,282.678,-75.2445],"timeVisible":0.201226,"tipPosition":[62.7436,286.03,-74.835],"tipVelocity":[51.4189,801.362,-97.7546],"tool":false,"touchDistance":0.33352,"touchZone":"hovering","type":1,"width":19.473},{"bases":[[[0.892646,-0.169463,-0.417691],[0.429344,0.601868,0.673364],[0.137285,-0.780408,0.610013]],[[0.889526,-0.152836,-0.430563],[0.0484748,0.968641,-0.24369],[0.454306,0.195897,0.86904]],[[0.889526,-0.152836,-0.430563],[-0.432585,0.0215006,-0.901337],[0.147014,0.988018,-0.0469895]],[[0.889526,-0.152836,-0.430563],[-0.387368,-0.751981,-0.533358],[-0.242258,0.641222,-0.72811]]],"btipPosition":[85.9736,251.635,-48.2754],"carpPosition":[115.901,248.25,18.0117],"dipPosition":[81.559,263.32,-61.5435],"direction":[-0.147014,-0.988018,0.0469895],"extended":false,"handId":250,"id":2502,"length":64.9762,"mcpPosition":[106.847,299.72,-22.2203],"pipPosition":[85.6129,290.564,-62.8392],"stabilizedTipPosition":[74.093,263.552,-61.0645],"timeVisible":0.201226,"tipPosition":[81.8048,257.405,-58.6058],"tipVelocity":[462.238,527.851,854.991],"tool":false,"touchDistance":0.333333,"touchZone":"none","type":2,"width":19.1251},{"bases":[[[0.868196,-0.327345,-0.372935],[0.49618,0.563038,0.660903],[-0.00636689,-0.758837,0.65125]],[[0.867715,-0.29564,-0.399584],[0.139721,0.916551,-0.374716],[0.47702,0.269316,0.836613]],[[0.867715,-0.29564,-0.399584],[-0.451088,-0.130699,-0.882858],[0.208782,0.946317,-0.246769]],[[0.867715,-0.29564,-0.399584],[-0.480439,-0.704994,-0.521692],[-0.127472,0.644656,-0.753771]]],"btipPosition":[102.887,243.575,-41.2401],"carpPosition":[126.476,247.409,13.2848],"dipPosition":[100.577,255.254,-54.8968],"direction":[-0.208782,-0.946317,0.246769],"extended":false,"handId":250,"id":2503,"length":62.4764,"mcpPosition":[126.853,292.343,-25.2787],"pipPosition":[106.186,280.675,-61.5257],"stabilizedTipPosition":[98.3809,246.008,-49.3358],"timeVisible":0.201226,"tipPosition":[100.676,252.05,-52.2891],"tipVelocity":[87.2705,443.53,168.38],"tool":false,"touchDistance":0.333333,"touchZone":"none","type":3,"width":18.1987},{"bases":[[[0.767627,-0.501472,-0.399093],[0.622651,0.436002,0.649775],[-0.151839,-0.74728,0.646929]],[[0.77137,-0.481558,-0.416042],[0.362134,0.869739,-0.335281],[0.523305,0.107963,0.845279]],[[0.77137,-0.481558,-0.416042],[-0.43204,0.0837411,-0.897958],[0.467259,0.872404,-0.143457]],[[0.77137,-0.481558,-0.416042],[-0.632757,-0.510635,-0.582126],[0.0678818,0.712288,-0.698597]]],"btipPosition":[115.494,249.639,-44.7107],"carpPosition":[135.11,240.831,5.33555],"dipPosition":[116.628,261.545,-56.3874],"direction":[-0.467259,-0.872404,0.143457],"extended":false,"handId":250,"id":2504,"length":48.9803,"mcpPosition":[143.433,281.793,-30.1254],"pipPosition":[125.49,278.091,-59.1082],"stabilizedTipPosition":[115.153,250.924,-52.7222],"timeVisible":0.201226,"tipPosition":[115.568,258.837,-54.935],"tipVelocity":[24.3017,361.363,159.782],"tool":false,"touchDistance":0.333333,"touchZone":"none","type":4,"width":16.1655}],"r":[[0.25223,-0.41717,0.873126],[0.960685,-0.000240373,-0.277639],[0.116033,0.908829,0.400708]],"s":0.916244,"t":[0.473173,102.549,-7.29055],"timestamp":259463562554},{"currentFrameRate":28.6915,"devices":[],"gestures":[],"hands":[{"armBasis":[[0.911128,-0.0168468,-0.41178],[0.274133,0.77084,0.575027],[0.307729,-0.636806,0.706952]],"armWidth":62.9551,"confidence":0.823666,"direction":[-0.0584646,0.887543,-0.457001],"elbow":[204.628,62.5706,202.677],"grabAngle":3.02186,"grabStrength":0.972308,"id":250,"palmNormal":[-0.325796,-0.449683,-0.831651],"palmPosition":[111.141,285.239,-14.3858],"palmVelocity":[64.2887,404.075,0.975037],"palmWidth":86.0143,"pinchDistance":17.392,"pinchStrength":1,"r":[[0.115012,-0.349451,0.929869],[0.973944,-0.144523,-0.174776],[0.195463,0.925741,0.323723]],"s":0.906582,"sphereCenter":[104.938,276.994,-60.6045],"sphereRadius":40.7093,"stabilizedPalmPosition":[111.057,284.681,-14.3747],"t":[1.5247,113.74,-8.62789],"timeVisible":0.221736,"type":"right","wrist":[126.085,225.106,22.2379]}],"id":154912,"interactionBox":{"center":[0,200,0],"size":[235.247,235.247,147.751]},"pointables":[{"bases":[[[0.659707,0.53505,0.52774],[-0.590911,-0.0645779,0.804148],[0.464339,-0.842349,0.273565]],[[0.396114,0.845134,0.358946],[-0.765608,0.088194,0.637234],[0.506891,-0.527229,0.681976]],[[0.396114,0.845134,0.358946],[-0.849734,0.189282,0.492062],[0.347916,-0.499921,0.793116]],[[0.396114,0.845134,0.358946],[-0.913919,0.325181,0.24292],[0.0885773,-0.424271,0.901192]]],"btipPosition":[56.2563,287.323,-67.3009],"carpPosition":[93.6886,236.287,11.5547],"dipPosition":[58.2665,277.694,-46.8488],"direction":[-0.347916,0.499921,-0.793116],"extended":false,"handId":250,"id":2500,"length":50.5373,"mcpPosition":[93.6886,236.287,11.5547],"pipPosition":[69.7695,261.166,-20.6263],"stabilizedTipPosition":[56.694,284.401,-62.595],"timeVisible":0.221736,"tipPosition":[59.557,286.447,-62.3095],"tipVelocity":[18.4817,508.177,11.5341],"tool":false,"touchDistance":0.372597,"touchZone":"hovering","type":0,"width":20.3863},{"bases":[[[0.920418,0.0501767,-0.387701],[0.290139,0.576994,0.763477],[0.26201,-0.815205,0.516518]],[[0.918335,0.0565709,-0.391742],[0.0699721,0.950941,0.301355],[0.389571,-0.304156,0.869324]],[[0.918335,0.0565709,-0.391742],[-0.285491,0.780192,-0.556592],[0.274147,0.622977,0.732628]],[[0.918335,0.0565709,-0.391742],[-0.382705,0.379432,-0.842359],[0.100986,0.923489,0.370095]]],"