{"frames":280,"data":[{"currentFrameRate":25.404,"devices":[],"gestures":[],"hands":[],"id":155640,"interactionBox":{"center":[0,200,0],"size":[235.247,235.247,147.751]},"pointables":[],"r":[[-0.451118,-0.878766,0.155767],[0.630521,-0.437343,-0.641229],[0.631613,-0.191055,0.751374]],"s":-0.0734829,"t":[559.648,-310.26,370.787],"timestamp":259490407858},{"currentFrameRate":25.3976,"devices":[],"gestures":[],"hands":[],"id":155641,"interactionBox":{"center":[0,200,0],"size":[235.247,235.247,147.751]},"pointables":[],"r":[[-0.451118,-0.878766,0.155767],[0.630521,-0.437343,-0.641229],[0.631613,-0.191055,0.751374]],"s":-0.0734829,"t":[559.648,-310.26,370.787],"timestamp":259490447277},{"currentFrameRate":25.3981,"devices":[],"gestures":[],"hands":[],"id":155642,"interactionBox":{"center":[0,200,0],"size":[235.247,235.247,147.751]},"pointables":[],"r":[[-0.451118,-0.878766,0.155767],[0.630521,-0.437343,-0.641229],[0.631613,-0.191055,0.751374]],"s":-0.0734829,"t":[559.648,-310.26,370.787],"timestamp":259490486647},{"currentFrameRate":25.3617,"devices":[],"gestures":[],"hands":[],"id":155643,"interactionBox":{"center":[0,200,0],"size":[235.247,235.247,147.751]},"pointables":[],"r":[[-0.451118,-0.878766,0.155767],[0.630521,-0.437343,-0.641229],[0.631613,-0.191055,0.751374]],"s":-0.0734829,"t":[559.648,-310.26,370.787],"timestamp":259490526336},{"currentFrameRate":25.4111,"devices":[],"gestures":[],"hands":[],"id":155644,"interactionBox":{"center":[0,200,0],"size":[235.247,235.247,147.751]},"pointables":[],"r":[[-0.451118,-0.878766,0.155767],[0.630521,-0.437343,-0.641229],[0.631613,-0.191055,0.751374]],"s":-0.0734829,"t":[559.648,-310.26,370.787],"timestamp":259490565337},{"currentFrameRate":25.4124,"devices":[],"gestures":[],"hands":[],"id":155645,"interactionBox":{"center":[0,200,0],"size":[235.247,235.247,147.751]},"pointables":[],"r":[[-0.451118,-0.878766,0.155767],[0.630521,-0.437343,-0.641229],[0.631613,-0.191055,0.751374]],"s":-0.0734829,"t":[559.648,-310.26,370.787],"timestamp":259490604678},{"currentFrameRate":25.4071,"devices":[],"gestures":[],"hands":[],"id":155646,"interactionBox":{"center":[0,200,0],"size":[235.247,235.247,147.751]},"pointables":[],"r":[[-0.451118,-0.878766,0.155767],[0.630521,-0.437343,-0.641229],[0.631613,-0.191055,0.751374]],"s":-0.0734829,"t":[559.648,-310.26,370.787],"timestamp":259490644075},{"currentFrameRate":25.4055,"devices":[],"gestures":[],"hands":[],"id":155647,"interactionBox":{"center":[0,200,0],"size":[235.247,235.247,147.751]},"pointables":[],"r":[[-0.451118,-0.878766,0.155767],[0.630521,-0.437343,-0.641229],[0.631613,-0.191055,0.751374]],"s":-0.0734829,"t":[559.648,-310.26,370.787],"timestamp":259490683448},{"currentFrameRate":25.409,"devices":[],"gestures":[],"hands":[],"id":155648,"interactionBox":{"center":[0,200,0],"size":[235.247,235.247,147.751]},"pointables":[],"r":[[-0.451118,-0.878766,0.155767],[0.630521,-0.437343,-0.641229],[0.631613,-0.191055,0.751374]],"s":-0.0734829,"t":[559.648,-310.26,370.787],"timestamp":259490722779},{"currentFrameRate":25.3778,"devices":[],"gestures":[],"hands":[],"id":155649,"interactionBox":{"center":[0,200,0],"size":[235.247,235.247,147.751]},"pointables":[],"r":[[-0.451118,-0.878766,0.155767],[0.630521,-0.437343,-0.641229],[0.631613,-0.191055,0.751374]],"s":-0.0734829,"t":[559.648,-310.26,370.787],"timestamp":259490762406},{"currentFrameRate":25.4075,"devices":[],"gestures":[],"hands":[],"id":155650,"interactionBox":{"center":[0,200,0],"size":[235.247,235.247,147.751]},"pointables":[],"r":[[-0.451118,-0.878766,0.155767],[0.630521,-0.437343,-0.641229],[0.631613,-0.191055,0.751374]],"s":-0.0734829,"t":[559.648,-310.26,370.787],"timestamp":259490801553},{"currentFrameRate":25.3809,"devices":[],"gestures":[],"hands":[],"id":155651,"interactionBox":{"center":[0,200,0],"size":[235.247,235.247,147.751]},"pointables":[],"r":[[-0.451118,-0.878766,0.155767],[0.630521,-0.437343,-0.641229],[0.631613,-0.191055,0.751374]],"s":-0.0734829,"t":[559.648,-310.26,370.787],"timestamp":259490841142},{"currentFrameRate":25.407,"devices":[],"gestures":[],"hands":[],"id":155652,"interactionBox":{"center":[0,200,0],"size":[235.247,235.247,147.751]},"pointables":[],"r":[[-0.451118,-0.878766,0.155767],[0.630521,-0.437343,-0.641229],[0.631613,-0.191055,0.751374]],"s":-0.0734829,"t":[559.648,-310.26,370.787],"timestamp":259490880315},{"currentFrameRate":25.4114,"devices":[],"gestures":[],"hands":[{"armBasis":[[0.873926,-0.146804,-0.46336],[0.222772,0.968253,0.113394],[0.432003,-0.202321,0.878885]],"armWidth":60.2356,"confidence":0,"direction":[-0.0092437,0.792243,-0.610135],"elbow":[199.357,140.886,219.243],"grabAngle":1.93965,"grabStrength":0,"id":251,"palmNormal":[-0.319142,-0.580589,-0.749043],"palmPosition":[75.6046,242.961,-53.9095],"palmVelocity":[1.19209e-7,1.19209e-7,1.19209e-7],"palmWidth":86.0143,"pinchDistance":34.1963,"pinchStrength":0.733737,"r":[[1,7.80626e-18,9.02056e-18],[-7.80626e-18,1,-2.22045e-17],[-9.02056e-18,2.22045e-17,1]],"s":1,"sphereCenter":[65.3861,224.817,-107.168],"sphereRadius":52.8819,"stabilizedPalmPosition":[75.6046,242.961,-53.9095],"t":[0,0,0],"timeVisible":0,"type":"right","wrist":[89.094,192.526,-5.07915]}],"id":155653,"interactionBox":{"center":[0,200,0],"size":[235.247,235.247,147.751]},"pointables":[{"bases":[[[0.664982,0.598318,0.447006],[-0.616341,0.101599,0.780898],[0.42181,-0.794791,0.436329]],[[0.467046,0.845569,0.258613],[-0.776835,0.252674,0.576787],[0.422369,-0.470286,0.774878]],[[0.467046,0.845569,0.258613],[-0.870223,0.387691,0.303988],[0.156781,-0.367027,0.916903]],[[0.467046,0.845569,0.258613],[-0.864466,0.498136,-0.0675254],[-0.185922,-0.192024,0.963618]]],"btipPosition":[34.5708,238.378,-107.717],"carpPosition":[55.4415,200.108,-20.2808],"dipPosition":[30.4575,234.13,-86.3984],"direction":[-0.156781,0.367027,-0.916903],"extended":false,"handId":251,"id":2510,"length":49.2665,"mcpPosition":[55.4415,200.108,-20.2808],"pipPosition":[35.5108,222.3,-56.8456],"stabilizedTipPosition":[33.6248,237.401,-102.814],"timeVisible":0,"tipPosition":[33.6248,237.401,-102.814],"tipVelocity":[1.19209e-7,1.19209e-7,1.19209e-7],"tool":false,"touchDistance":-0.0468999,"touchZone":"touching","type":0,"width":19.1427},{"bases":[[[0.932657,-0.0521104,-0.356982],[0.290656,0.694696,0.657964],[0.213707,-0.717414,0.663059]],[[0.943489,-0.0936641,-0.317893],[0.186401,0.943099,0.275354],[0.274014,-0.319049,0.907262]],[[0.943489,-0.0936641,-0.317893],[-0.0381249,0.922185,-0.384865],[0.329205,0.375236,0.8665]],[[0.943489,-0.0936641,-0.317893],[-0.1625,0.70525,-0.690085],[0.28883,0.702745,0.650175]]],"btipPosition":[30.2943,260.349,-127.835],"carpPosition":[68.4723,217.422,-14.5757],"dipPosition":[34.9592,271.699,-117.334],"direction":[-0.329205,-0.375236,-0.8665],"extended":false,"handId":251,"id":2511,"length":55.5917,"mcpPosition":[53.6097,267.315,-60.6892],"pipPosition":[42.4811,280.273,-97.5359],"stabilizedTipPosition":[31.3672,262.96,-125.42],"timeVisible":0,"tipPosition":[31.3672,262.96,-125.42],"tipVelocity":[1.19209e-7,1.19209e-7,1.19209e-7],"tool":false,"touchDistance":-0.409635,"touchZone":"touching","type":1,"width":18.2851},{"bases":[[[0.889648,-0.266217,-0.37102],[0.44877,0.659966,0.602537],[0.0844547,-0.702548,0.706607]],[[0.886265,-0.242197,-0.394809],[0.411601,0.802728,0.431523],[0.212411,-0.544948,0.811119]],[[0.886265,-0.242197,-0.394809],[0.330758,0.927645,0.173416],[0.324242,-0.284279,0.902249]],[[0.886265,-0.242197,-0.394809],[0.317444,0.938332,0.136974],[0.337287,-0.246725,0.908495]]],"btipPosition":[49.6041,301.529,-141.95],"carpPosition":[79.5603,218.339,-17.9967],"dipPosition":[55.5958,297.146,-125.811],"direction":[-0.324242,0.284279,-0.902249],"extended":true,"handId":251,"id":2512,"length":63.3423,"mcpPosition":[73.9903,264.674,-64.5994],"pipPosition":[64.3119,289.505,-101.558],"stabilizedTipPosition":[50.9822,300.521,-138.238],"timeVisible":0,"tipPosition":[50.9822,300.521,-138.238],"tipVelocity":[1.19209e-7,1.19209e-7,1.19209e-7],"tool":false,"touchDistance":-0.601909,"touchZone":"touching","type":2,"width":17.9584},{"bases":[[[0.856001,-0.415689,-0.307352],[0.513648,0.616527,0.596708],[-0.0585544,-0.668653,0.741265]],[[0.858001,-0.369835,-0.35645],[0.408549,0.911979,0.0371814],[0.311324,-0.177529,0.933574]],[[0.858001,-0.369835,-0.35645],[-0.125383,0.522163,-0.843579],[0.49811,0.768484,0.401645]],[[0.858001,-0.369835,-0.35645],[-0.487864,-0.369658,-0.790785],[0.160696,0.852393,-0.497596]]],"btipPosition":[64.5936,228.282,-107.373],"carpPosition":[90.1578,216.369,-22.3195],"dipPosition":[67.4318,243.337,-116.162],"direction":[-0.49811,-0.768484,-0.401645],"extended":false,"handId":251,"id":2513,"length":60.9053,"mcpPosition":[93.6251,255.963,-66.2132],"pipPosition":[80.4759,263.461,-105.644],"stabilizedTipPosition":[65.2463,231.744,-109.395],"timeVisible":0,"tipPosition":[65.2463,231.744,-109.395],"tipVelocity":[1.19209e-7,1.19209e-7,1.19209e-7],"tool":false,"touchDistance":-0.156578,"touchZone":"touching","type":3,"width":17.0885},{"bases":[[[0.746755,-0.5864,-0.313833],[0.63333,0.482855,0.604769],[-0.203101,-0.650374,0.731959]],[[0.761027,-0.530442,-0.373456],[0.578882,0.815118,0.0218822],[0.292803,-0.23284,0.92739]],[[0.761027,-0.530442,-0.373456],[0.0360798,0.609398,-0.792043],[0.647716,0.589292,0.482907]],[[0.761027,-0.530442,-0.373456],[-0.544682,-0.209785,-0.811981],[0.352363,0.821353,-0.448574]]],"btipPosition":[82.1976,227.559,-101.903],"carpPosition":[98.5692,208.405,-29.1631],"dipPosition":[87.9391,240.942,-109.212],"direction":[-0.647716,-0.589292,-0.482907],"extended":false,"handId":251,"id":2514,"length":47.7486,"mcpPosition":[109.702,244.055,-69.285],"pipPosition":[99.9149,251.838,-100.284],"stabilizedTipPosition":[83.5181,230.637,-103.584],"timeVisible":0,"tipPosition":[83.5181,230.637,-103.584],"tipVelocity":[1.19209e-7,1.19209e-7,1.19209e-7],"tool":false,"touchDistance":-0.0597352,"touchZone":"touching","type":4,"width":15.1794}],"r":[[1,7.80626e-18,9.02056e-18],[-7.80626e-18,1,-2.22045e-17],[-9.02056e-18,2.22045e-17,1]],"s":1,"t":[0,0,0],"timestamp":259490919636},{"currentFrameRate":25.4058,"devices":[],"gestures":[],"hands":[{"armBasis":[[0.885954,-0.0555645,-0.460432],[0.160161,0.968373,0.191317],[0.435239,-0.243241,0.866834]],"armWidth":62.9551,"confidence":0.204635,"direction":[-0.0418924,0.814054,-0.579276],"elbow":[197.169,137.994,214.796],"grabAngle":2.0114,"grabStrength":0,"id":251,"palmNormal":[-0.253837,-0.569433,-0.781865],"palmPosition":[70.6864,251.777,-53.4813],"palmVelocity":[-124.823,223.736,10.8684],"palmWidth":86.0143,"pinchDistance":41.6128,"pinchStrength":0.69696,"r":[[0.999886,0.0131858,0.00729364],[-0.0132416,0.999883,0.00766516],[-0.00719172,-0.00776087,0.999944]],"s":1.03465,"sphereCenter":[67.4908,233.099,-112.225],"sphereRadius":57.6798,"stabilizedPalmPosition":[73.4288,246.861,-53.72],"t":[-2.45908,4.40771,0.214113],"timeVisible":0.039401,"type":"right","wrist":[86.0801,200.078,-6.45098]}],"id":155654,"interactionBox":{"center":[0,200,0],"size":[235.247,235.247,147.751]},"pointables":[{"bases":[[[0.607717,0.622176,0.493536],[-0.647835,0.02894,0.76123],[0.459336,-0.782342,0.420655]],[[0.431298,0.837627,0.335206],[-0.784216,0.164355,0.598325],[0.446081,-0.52093,0.727766]],[[0.431298,0.837627,0.335206],[-0.897108,0.358706,0.257929],[0.0958077,-0.41196,0.906151]],[[0.431298,0.837627,0.335206],[-0.869772,0.484758,-0.0922285],[-0.239747,-0.251775,0.93762]]],"btipPosition":[33.5505,250.273,-107.856],"carpPosition":[52.3268,206.357,-22.2758],"dipPosition":[28.1095,244.559,-86.5772],"direction":[-0.0958077,0.41196,-0.906151],"extended":false,"handId":251,"id":2510,"length":50.5373,"mcpPosition":[52.3268,206.357,-22.2758],"pipPosition":[31.2772,230.938,-56.6176],"stabilizedTipPosition":[32.3459,248.55,-102.957],"timeVisible":0.039401,"tipPosition":[31.1788,246.242,-103.814],"tipVelocity":[-33.6464,293.332,-3.75398],"tool":false,"touchDistance":-0.0950432,"touchZone":"touching","type":0,"width":20.3863},{"bases":[[[0.945587,0.0240161,-0.324482],[0.220834,0.685023,0.694245],[0.23895,-0.728126,0.642445]],[[0.965465,-0.0526482,-0.255159],[0.149477,0.91408,0.376981],[0.213388,-0.402102,0.890382]],[[0.965465,-0.0526482,-0.255159],[0.00439966,0.982524,-0.186082],[0.260497,0.178533,0.948824]],[[0.965465,-0.0526482,-0.255159],[-0.0937912,0.843471,-0.528923],[0.243066,0.534588,0.809404]]],"btipPosition":[28.322,278.594,-132.863],"carpPosition":[63.9627,224.245,-15.4406],"dipPosition":[32.3491,287.451,-119.453],"direction":[-0.260496,-0.178533,-0.948824],"extended":false,"handId":251,"id":2511,"length":57.0257,"mcpPosition":[47.3445,274.884,-60.1205],"pipPosition":[38.4546,291.636,-97.2144],"stabilizedTipPosition":[29.3574,279.721,-129.554],"timeVisible":0.039401,"tipPosition":[28.3799,275.79,-127.587],"tipVelocity":[-53.7797,448.508,-110.623],"tool":false,"touchDistance":-0.462385,"touchZone":"touching","type":1,"width":19.473},{"bases":[[[0.917582,-0.191711,-0.348267],[0.38271,0.663069,0.643329],[0.107592,-0.723593,0.68179]],[[0.916148,-0.182548,-0.356859],[0.360104,0.765863,0.53271],[0.17606,-0.616547,0.76738]],[[0.916148,-0.182548,-0.356859],[0.298138,0.905408,0.302243],[0.267929,-0.383292,0.883912]],[[0.916148,-0.182548,-0.356859],[0.245191,0.959511,0.138639],[0.317102,-0.214512,0.923813]]],"btipPosition":[46.5816,317.048,-140.459],"carpPosition":[75.0732,226.03,-18.4175],"dipPosition":[52.3601,313.139,-123.625],"direction":[-0.267929,0.383292,-0.883912],"extended":true,"handId":251,"id":2512,"length":64.9762,"mcpPosition":[67.9772,273.753,-63.3835],"pipPosition":[59.7481,302.57,-99.2508],"stabilizedTipPosition":[48.0274,315.555,-136.65],"timeVisible":0.039401,"tipPosition":[45.9864,312.586,-136.448],"tipVelocity":[-77.9548,396.636,41.9132],"tool":false,"touchDistance":-0.54528,"touchZone":"touching","type":2,"width":19.1251},{"bases":[[[0.891935,-0.34554,-0.29164],[0.450524,0.624273,0.638209],[-0.038464,-0.700632,0.712485]],[[0.892639,-0.303011,-0.333737],[0.347263,0.934303,0.0805322],[0.28741,-0.187781,0.93922]],[[0.892639,-0.303011,-0.333737],[-0.243624,0.298629,-0.92275],[0.379267,0.904989,0.192747]],[[0.892639,-0.303011,-0.333737],[-0.449707,-0.547749,-0.705503],[0.0309707,0.779843,-0.625208]]],"btipPosition":[64.9955,236.123,-99.1557],"carpPosition":[85.9193,224.94,-22.4234],"dipPosition":[65.5566,250.253,-110.483],"direction":[-0.379267,-0.904989,-0.192747],"extended":false,"handId":251,"id":2513,"length":62.4764,"mcpPosition":[88.197,266.427,-64.613],"pipPosition":[75.7447,274.563,-105.305],"stabilizedTipPosition":[65.1936,235.047,-106.09],"timeVisible":0.039401,"tipPosition":[63.8798,241.001,-106.386],"tipVelocity":[-3.09224,193.616,193.743],"tool":false,"touchDistance":-0.0293503,"touchZone":"touching","type":3,"width":18.1987},{"bases":[[[0.794706,-0.522674,-0.308632],[0.578588,0.498561,0.645502],[-0.183515,-0.691555,0.698623]],[[0.811482,-0.431495,-0.394093],[0.515503,0.846189,0.134982],[0.275233,-0.312692,0.909104]],[[0.811482,-0.431495,-0.394093],[-0.274823,0.313365,-0.908997],[0.515722,0.84594,0.135706]],[[0.811482,-0.431495,-0.394093],[-0.56368,-0.400074,-0.722638],[0.154148,0.80855,-0.567878]]],"btipPosition":[83.3384,236.902,-91.8037],"carpPosition":[95.0741,217.832,-29.2559],"dipPosition":[85.9149,250.416,-101.296],"direction":[-0.515722,-0.84594,-0.135706],"extended":false,"handId":251,"id":2514,"length":48.9803,"mcpPosition":[105.133,255.739,-67.5505],"pipPosition":[95.6962,266.461,-98.7217],"stabilizedTipPosition":[83.5944,232.37,-101.81],"timeVisible":0.039401,"tipPosition":[82.3874,241.106,-99.0249],"tipVelocity":[10.4794,237.887,243.58],"tool":false,"touchDistance":0.15022,"touchZone":"hovering","type":4,"width":16.1655}],"r":[[0.999886,0.0131858,0.00729364],[-0.0132416,0.999883,0.00766516],[-0.00719172,-0.00776087,0.999944]],"s":1.03465,"t":[-2.45908,4.40771,0.214113],"timestamp":259490959037},{"currentFrameRate":26.4571,"devices":[],"gestures":[],"hands":[{"armBasis":[[0.878457,-0.019856,-0.477408],[0.135178,0.968647,0.208448],[0.458301,-0.247648,0.853599]],"armWidth":62.9551,"confidence":0.352198,"direction":[-0.0609489,0.831937,-0.551513],"elbow":[201.798,146.319,209.459],"grabAngle":2.14731,"grabStrength":0,"id":251,"palmNormal":[-0.241925,-0.548378,-0.800471],"palmPosition":[68.0043,262.304,-53.6791],"palmVelocity":[-88.0977,345.772,-6.4981],"palmWidth":86.0143,"pinchDistance":37.2669,"pinchStrength":0.618357,"r":[[0.999517,0.0281476,0.0131978],[-0.028414,0.999387,0.0204548],[-0.012614,-0.0208199,0.999704]],"s":1.06434,"sphereCenter":[62.2567,245.685,-110.161],"sphereRadius":54.4327,"stabilizedPalmPosition":[69.1613,259.01,-53.6878],"t":[-5.02969,11.8751,0.222253],"timeVisible":0.069846,"type":"right","wrist":[84.8236,209.527,-8.41002]}],"id":155655,"interactionBox":{"center":[0,200,0],"size":[235.247,235.247,147.751]},"pointables":[{"bases":[[[0.594164,0.618764,0.513907],[-0.647367,-0.011318,0.762094],[0.477373,-0.785495,0.393843]],[[0.397167,0.848395,0.349977],[-0.787498,0.119221,0.604676],[0.47128,-0.515763,0.71546]],[[0.397167,0.848395,0.349977],[-0.90937,0.3124,0.274685],[0.123709,-0.427354,0.89558]],[[0.397167,0.848395,0.349977],[-0.891111,0.447705,-0.074037],[-0.219499,-0.282463,0.933828]]],"btipPosition":[29.3644,260.334,-108.576],"carpPosition":[50.7118,215.457,-24.0118],"dipPosition":[24.383,253.924,-87.383],"direction":[-0.123709,0.427354,-0.89558],"extended":false,"handId":251,"id":2510,"length":50.5373,"mcpPosition":[50.7118,215.457,-24.0118],"pipPosition":[28.4731,239.794,-57.7729],"stabilizedTipPosition":[28.3201,258.606,-103.683],"timeVisible":0.069846,"tipPosition":[28.5242,257.738,-104.093],"tipVelocity":[-134.026,325.22,-24.2914],"tool":false,"touchDistance":-0.151521,"touchZone":"touching","type":0,"width":20.3863},{"bases":[[[0.944398,0.0562485,-0.323957],[0.206216,0.666077,0.71681],[0.2561,-0.743759,0.617442]],[[0.957825,0.0124099,-0.287084],[0.0968114,0.926723,0.36306],[0.270553,-0.375541,0.886437]],[[0.957825,0.0124099,-0.287084],[-0.0936135,0.95804,-0.270918],[0.271676,0.286367,0.918796]],[[0.957825,0.0124099,-0.287084],[-0.174336,0.819288,-0.546236],[0.228426,0.573247,0.786898]]],"btipPosition":[22.7159,284.525,-131.026],"carpPosition":[61.9503,233.363,-16.5839],"dipPosition":[26.5004,294.022,-117.989],"direction":[-0.271676,-0.286367,-0.918796],"extended":false,"handId":251,"id":2511,"length":57.0257,"mcpPosition":[44.1394,285.089,-59.5248],"pipPosition":[32.868,300.734,-96.4544],"stabilizedTipPosition":[23.8311,286.413,-128.093],"timeVisible":0.069846,"tipPosition":[24.5773,287.46,-127.286],"tipVelocity":[-185.972,199.631,57.51],"tool":false,"touchDistance":-0.418216,"touchZone":"touching","type":1,"width":19.473},{"bases":[[[0.92123,-0.159133,-0.35498],[0.368482,0.649506,0.665104],[0.124722,-0.743518,0.656982]],[[0.918464,-0.143776,-0.368445],[0.324688,0.806039,0.494852],[0.225834,-0.574134,0.787001]],[[0.918464,-0.143776,-0.368445],[0.257832,0.924081,0.28213],[0.29991,-0.354123,0.885805]],[[0.918464,-0.143776,-0.368445],[0.147398,0.988905,-0.0184569],[0.367011,-0.0373561,0.929466]]],"btipPosition":[39.2749,321.814,-140.982],"carpPosition":[73.014,235.497,-19.5045],"dipPosition":[45.9628,321.134,-124.045],"direction":[-0.29991,0.354123,-0.885805],"extended":true,"handId":251,"id":2512,"length":64.9762,"mcpPosition":[64.7882,284.534,-62.8343],"pipPosition":[54.2328,311.369,-99.6187],"stabilizedTipPosition":[40.9995,321.5,-137.075],"timeVisible":0.069846,"tipPosition":[41.4323,323.861,-135.545],"tipVelocity":[-233.127,180.937,-16.4035],"tool":false,"touchDistance":-0.526577,"touchZone":"touching","type":2,"width":19.1251},{"bases":[[[0.899127,-0.31532,-0.303553],[0.437146,0.612444,0.658647],[-0.0217753,-0.724904,0.688506]],[[0.899083,-0.316733,-0.302209],[0.316834,0.947158,-0.0500867],[0.302104,-0.0507179,0.951925]],[[0.899083,-0.316733,-0.302209],[-0.287136,0.0944423,-0.953223],[0.330459,0.943801,-0.00603421]],[[0.899083,-0.316733,-0.302209],[-0.437553,-0.627999,-0.643556],[0.0140489,0.710843,-0.703211]]],"btipPosition":[62.9459,241.677,-92.66],"carpPosition":[83.8769,234.787,-23.5502],"dipPosition":[63.2004,254.556,-105.401],"direction":[-0.330459,-0.943801,0.00603421],"extended":false,"handId":251,"id":2513,"length":62.4764,"mcpPosition":[85.1663,277.712,-64.3198],"pipPosition":[72.0774,279.909,-105.563],"stabilizedTipPosition":[64.5531,237.854,-103.018],"timeVisible":0.069846,"tipPosition":[62.0919,249.416,-101.935],"tipVelocity":[-69.6361,172.978,202.683],"tool":false,"touchDistance":0.333333,"touchZone":"none","type":3,"width":18.1987},{"bases":[[[0.805892,-0.49393,-0.326452],[0.568019,0.489479,0.661638],[-0.167012,-0.71864,0.675029]],[[0.81397,-0.452974,-0.363686],[0.455349,0.886271,-0.0847377],[0.360708,-0.0966301,0.927659]],[[0.81397,-0.452974,-0.363686],[-0.339634,0.136823,-0.930553],[0.471277,0.880962,-0.0424755]],[[0.81397,-0.452974,-0.363686],[-0.569778,-0.500588,-0.651739],[0.113164,0.737716,-0.665559]]],"btipPosition":[79.1378,241.788,-87.5013],"carpPosition":[93.1809,228.122,-30.6227],"dipPosition":[81.0293,254.118,-98.6258],"direction":[-0.471277,-0.880962,0.0424755],"extended":false,"handId":251,"id":2514,"length":48.9803,"mcpPosition":[102.336,267.514,-67.6239],"pipPosition":[89.9676,270.827,-99.4314],"stabilizedTipPosition":[82.6148,235.355,-98.9479],"timeVisible":0.069846,"tipPosition":[79.7534,249.716,-95.5485],"tipVelocity":[-143.149,151.535,128.983],"tool":false,"touchDistance":0.333333,"touchZone":"none","type":4,"width":16.1655}],"r":[[0.999517,0.0281476,0.0131978],[-0.028414,0.999387,0.0204548],[-0.012614,-0.0208199,0.999704]],"s":1.06434,"t":[-5.02969,11.8751,0.222253],"timestamp":259490989482},{"currentFrameRate":29.3075,"devices":[],"gestures":[],"hands":[{"armBasis":[[0.873506,-0.0489441,-0.484347],[0.158865,0.969124,0.188577],[0.460162,-0.241669,0.854311]],"armWidth":62.9551,"confidence":0.421314,"direction":[-0.0607946,0.824805,-0.562139],"elbow":[201.004,152.638,208.438],"grabAngle":2.19238,"grabStrength":0,"id":251,"palmNormal":[-0.27464,-0.555266,-0.785018],"palmPosition":[66.6583,266.709,-55.2886],"palmVelocity":[-87.1724,285.29,-104.243],"palmWidth":86.0143,"pinchDistance":30.648,"pinchStrength":0.788963,"r":[[0.999266,0.0362508,0.0124161],[-0.0365839,0.998945,0.0277434],[-0.0113973,-0.0281772,0.999538]],"s":1.07357,"sphereCenter":[58.7929,251.062,-110.13],"sphereRadius":52.8412,"stabilizedPalmPosition":[67.6188,263.754,-54.6743],"t":[-6.98797,17.8112,-0.578435],"timeVisible":0.085286,"type":"right","wrist":[83.5544,214.32,-9.61218]}],"id":155656,"interactionBox":{"center":[0,200,0],"size":[235.247,235.247,147.751]},"pointables":[{"bases":[[[0.619932,0.614671,0.487713],[-0.62575,0.0122702,0.779927],[0.473414,-0.788688,0.392237]],[[0.42755,0.841689,0.32979],[-0.764943,0.142445,0.62815],[0.481729,-0.520836,0.704746]],[[0.42755,0.841689,0.32979],[-0.896218,0.346921,0.276476],[0.118296,-0.413771,0.902662]],[[0.42755,0.841689,0.32979],[-0.876518,0.475242,-0.0765652],[-0.221174,-0.256331,0.940944]]],"btipPosition":[27.7064,264.716,-108.899],"carpPosition":[49.33,220.641,-24.4446],"dipPosition":[22.687,258.899,-87.5444],"direction":[-0.118296,0.413771,-0.902662],"extended":false,"handId":251,"id":2510,"length":50.5373,"mcpPosition":[49.33,220.641,-24.4446],"pipPosition":[26.5981,245.218,-57.7001],"stabilizedTipPosition":[26.7509,262.841,-103.953],"timeVisible":0.085286,"tipPosition":[25.7568,262.253,-104.47],"tipVelocity":[-107.948,292.632,-18.5028],"tool":false,"touchDistance":-0.183136,"touchZone":"touching","type":0,"width":20.3863},{"bases":[[[0.935793,0.0333397,-0.350971],[0.23881,0.672394,0.700611],[0.259349,-0.739442,0.621259]],[[0.952081,-0.0201573,-0.30518],[0.128219,0.932213,0.338435],[0.277671,-0.361347,0.890127]],[[0.952081,-0.0201573,-0.30518],[-0.113782,0.90286,-0.414605],[0.283892,0.429462,0.857302]],[[0.952081,-0.0201573,-0.30518],[-0.227846,0.618902,-0.751696],[0.204029,0.78521,0.584652]]],"btipPosition":[21.4689,281.839,-127.675],"carpPosition":[61.1079,238.435,-17.6049],"dipPosition":[24.8493,294.849,-117.988],"direction":[-0.283892,-0.429462,-0.857302],"extended":false,"handId":251,"id":2511,"length":57.0257,"mcpPosition":[43.0711,289.86,-60.8113],"pipPosition":[31.5031,304.914,-97.8947],"stabilizedTipPosition":[22.7758,285.36,-126.331],"timeVisible":0.085286,"tipPosition":[21.8556,289.33,-127.159],"tipVelocity":[-86.7822,-121.61,167.172],"tool":false,"touchDistance":-0.366011,"touchZone":"touching","type":1,"width":19.473},{"bases":[[[0.907714,-0.181987,-0.37807],[0.399215,0.651953,0.644659],[0.129164,-0.736097,0.664438]],[[0.905592,-0.1705,-0.388372],[0.365523,0.77821,0.510668],[0.215166,-0.604416,0.767062]],[[0.905592,-0.1705,-0.388372],[0.273272,0.934815,0.226811],[0.324385,-0.31153,0.893154]],[[0.905592,-0.1705,-0.388372],[0.161945,0.98527,-0.0549285],[0.392017,-0.013152,0.919864]]],"btipPosition":[37.4592,325.94,-141.93],"carpPosition":[72.1232,240.312,-20.8648],"dipPosition":[44.6028,325.701,-125.167],"direction":[-0.324385,0.31153,-0.893154],"extended":true,"handId":251,"id":2512,"length":64.9762,"mcpPosition":[63.6045,288.86,-64.6863],"pipPosition":[53.5476,317.11,-100.539],"stabilizedTipPosition":[39.344,325.327,-137.947],"timeVisible":0.085286,"tipPosition":[38.9658,327.432,-137.365],"tipVelocity":[-110.811,273.814,-63.9901],"tool":false,"touchDistance":-0.517072,"touchZone":"touching","type":2,"width":19.1251},{"bases":[[[0.884133,-0.336952,-0.323686],[0.466961,0.613487,0.636852],[-0.0160115,-0.714211,0.699748]],[[0.884274,-0.321772,-0.338412],[0.3282,0.94377,-0.0397728],[0.332181,-0.0758968,0.940157]],[[0.884274,-0.321772,-0.338412],[-0.331919,0.0766483,-0.940189],[0.328465,0.94371,-0.0390241]],[[0.884274,-0.321772,-0.338412],[-0.466499,-0.576209,-0.67109],[0.0209422,0.751296,-0.659633]]],"btipPosition":[60.2059,245.953,-94.3694],"carpPosition":[82.8526,239.335,-25.2005],"dipPosition":[60.5853,259.565,-106.321],"direction":[-0.328465,-0.94371,0.0390241],"extended":false,"handId":251,"id":2513,"length":62.4764,"mcpPosition":[83.8008,281.627,-66.6357],"pipPosition":[69.4087,284.915,-107.369],"stabilizedTipPosition":[63.4191,240.843,-101.447],"timeVisible":0.085286,"tipPosition":[59.1972,253.055,-102.901],"tipVelocity":[-175.602,287.817,-98.9537],"tool":false,"touchDistance":0.333333,"touchZone":"none","type":3,"width":18.1987},{"bases":[[[0.786947,-0.514052,-0.341269],[0.59553,0.488085,0.638057],[-0.161426,-0.705353,0.690231]],[[0.798457,-0.447011,-0.403295],[0.476282,0.878745,-0.0310392],[0.368268,-0.167299,0.914543]],[[0.798457,-0.447011,-0.403295],[-0.367889,0.167998,-0.914568],[0.476575,0.878611,-0.0303109]],[[0.798457,-0.447011,-0.403295],[-0.592187,-0.462364,-0.65995],[0.108536,0.765768,-0.633892]]],"btipPosition":[77.1952,247.326,-90.4499],"carpPosition":[91.8268,232.389,-32.4278],"dipPosition":[79.0093,260.125,-101.045],"direction":[-0.476575,-0.878611,0.0303109],"extended":false,"handId":251,"id":2514,"length":48.9803,"mcpPosition":[100.675,271.053,-70.2623],"pipPosition":[88.0481,276.789,-101.62],"stabilizedTipPosition":[81.3734,239.056,-97.4438],"timeVisible":0.085286,"tipPosition":[77.0747,252.855,-96.6468],"tipVelocity":[-126.969,365.68,-183.09],"tool":false,"touchDistance":0.333333,"touchZone":"none","type":4,"width":16.1655}],"r":[[0.999266,0.0362508,0.0124161],[-0.0365839,0.998945,0.0277434],[-0.0113973,-0.0281772,0.999538]],"s":1.07357,"t":[-6.98797,17.8112,-0.578435],"timestamp":259491004922},{"currentFrameRate":31.9622,"devices":[],"gestures":[],"hands":[{"armBasis":[[0.872096,-0.0542566,-0.486318],[0.166192,0.967601,0.190073],[0.460249,-0.246584,0.852858]],"armWidth":62.9551,"confidence":0.485389,"direction":[-0.055937,0.841271,-0.537713],"elbow":[200.28,156.031,206.171],"grabAngle":2.24954,"grabStrength":0,"id":251,"palmNormal":[-0.28874,-0.529174,-0.797875],"palmPosition":[66.156,272.625,-55.6882],"palmVelocity":[-32.7837,386.09,-26.0799],"palmWidth":86.0143,"pinchDistance":29.1686,"pinchStrength":0.827097,"r":[[0.999138,0.040271,0.0101085],[-0.0406394,0.998398,0.0393604],[-0.00850724,-0.0397373,0.999174]],"s":1.08386,"sphereCenter":[55.584,259.137,-108.881],"sphereRadius":51.0132,"stabilizedPalmPosition":[66.4939,270.576,-55.454],"t":[-8.21828,23.7373,-1.17859],"timeVisible":0.100609,"type":"right","wrist":[82.8077,218.968,-11.5088]}],"id":155657,"interactionBox":{"center":[0,200,0],"size":[235.247,235.247,147.751]},"pointables":[{"bases":[[[0.631942,0.59295,0.499059],[-0.618241,-0.00263094,0.785985],[0.467362,-0.805235,0.364923]],[[0.430469,0.835551,0.341395],[-0.764149,0.136057,0.630528],[0.480389,-0.532299,0.697054]],[[0.430469,0.835551,0.341395],[-0.894395,0.343964,0.285912],[0.121466,-0.428419,0.895379]],[[0.430469,0.835551,0.341395],[-0.873565,0.480839,-0.0753477],[-0.227113,-0.265796,0.936895]]],"btipPosition":[27.0233,271.216,-109.766],"carpPosition":[48.5536,225.902,-26.0074],"dipPosition":[21.869,265.184,-88.5035],"direction":[-0.121466,0.428419,-0.895379],"extended":false,"handId":251,"id":2510,"length":50.5373,"mcpPosition":[48.5536,225.902,-26.0074],"pipPosition":[25.885,251.02,-58.9],"stabilizedTipPosition":[25.9181,269.214,-104.794],"timeVisible":0.100609,"tipPosition":[24.8518,270.049,-104.608],"tipVelocity":[-46.6066,421.005,-57.9736],"tool":false,"touchDistance":-0.225232,"touchZone":"touching","type":0,"width":20.3863},{"bases":[[[0.932812,0.0321928,-0.358924],[0.253561,0.649098,0.717202],[0.256065,-0.760024,0.597323]],[[0.943646,-0.00295372,-0.330945],[0.119325,0.935741,0.331889],[0.308698,-0.352676,0.88336]],[[0.943646,-0.00295372,-0.330945],[-0.142969,0.898207,-0.415674],[0.298485,0.439564,0.847166]],[[0.943646,-0.00295372,-0.330945],[-0.255976,0.627331,-0.735481],[0.209784,0.778748,0.591222]]],"btipPosition":[19.4714,287.694,-126.771],"carpPosition":[60.612,243.349,-18.7763],"dipPosition":[22.9471,300.596,-116.975],"direction":[-0.298485,-0.439564,-0.847166],"extended":false,"handId":251,"id":2511,"length":57.0257,"mcpPosition":[42.8035,296.206,-60.318],"pipPosition":[29.943,310.899,-97.1194],"stabilizedTipPosition":[20.9309,289.264,-124.995],"timeVisible":0.100609,"tipPosition":[20.8507,296.66,-126.129],"tipVelocity":[-128.932,380.491,60.6289],"tool":false,"touchDistance":-0.343808,"touchZone":"touching","type":1,"width":19.473},{"bases":[[[0.901846,-0.181915,-0.391894],[0.413174,0.628352,0.659137],[0.12634,-0.75636,0.641839]],[[0.898773,-0.164841,-0.406245],[0.370455,0.781094,0.502648],[0.234459,-0.602262,0.763092]],[[0.898773,-0.164841,-0.406245],[0.269591,0.938526,0.215616],[0.345729,-0.30331,0.887961]],[[0.898773,-0.164841,-0.406245],[0.142317,0.98614,-0.0852817],[0.414673,0.0188331,0.909776]]],"btipPosition":[35.2376,331.242,-141.15],"carpPosition":[71.6185,245.188,-22.0877],"dipPosition":[42.794,331.585,-124.571],"direction":[-0.345729,0.30331,-0.887961],"extended":true,"handId":251,"id":2512,"length":64.9762,"mcpPosition":[63.286,295.072,-64.4188],"pipPosition":[52.3274,323.221,-100.086],"stabilizedTipPosition":[37.2094,330.729,-137.397],"timeVisible":0.100609,"tipPosition":[38.148,335.063,-136.048],"tipVelocity":[-138.79,354.73,48.1546],"tool":false,"touchDistance":-0.48263,"touchZone":"touching","type":2,"width":19.1251},{"bases":[[[0.876878,-0.338084,-0.341737],[0.480368,0.589318,0.649578],[-0.0182202,-0.73376,0.679164]],[[0.876977,-0.333342,-0.346112],[0.317073,0.942631,-0.104456],[0.361076,-0.0181373,0.93236]],[[0.876977,-0.333342,-0.346112],[-0.360823,0.0188879,-0.932443],[0.31736,0.942617,-0.103713]],[[0.876977,-0.333342,-0.346112],[-0.480239,-0.582861,-0.655471],[0.0167609,0.74105,-0.67124]]],"btipPosition":[58.9004,249.694,-92.2176],"carpPosition":[82.2942,244.207,-26.5533],"dipPosition":[59.204,263.121,-104.379],"direction":[-0.31736,-0.942617,0.103713],"extended":false,"handId":251,"id":2513,"length":62.4764,"mcpPosition":[83.3731,287.656,-66.7698],"pipPosition":[67.7292,288.442,-107.165],"stabilizedTipPosition":[62.0216,244.593,-99.4267],"timeVisible":0.100609,"tipPosition":[58.2988,258.578,-101.515],"tipVelocity":[-86.3372,241.409,137.275],"tool":false,"touchDistance":0.333333,"touchZone":"none","type":3,"width":18.1987},{"bases":[[[0.77737,-0.51343,-0.363434],[0.607397,0.462402,0.645951],[-0.163598,-0.722892,0.671314]],[[0.787086,-0.460374,-0.41055],[0.44891,0.883977,-0.130627],[0.423054,-0.0814854,0.902433]],[[0.787086,-0.460374,-0.41055],[-0.422697,0.0821893,-0.902537],[0.449247,0.883912,-0.129909]],[[0.787086,-0.460374,-0.41055],[-0.613264,-0.51243,-0.601102],[0.0663535,0.724894,-0.685657]]],"btipPosition":[75.947,250.903,-87.8786],"carpPosition":[91.1147,237.365,-34.0628],"dipPosition":[77.0561,263.019,-99.3391],"direction":[-0.449247,-0.883912,0.129909],"extended":false,"handId":251,"id":2514,"length":48.9803,"mcpPosition":[100.082,276.989,-70.8605],"pipPosition":[85.5766,279.783,-101.803],"stabilizedTipPosition":[79.9554,243.069,-95.5437],"timeVisible":0.100609,"tipPosition":[76.0624,258.287,-95.7537],"tipVelocity":[-92.0412,223.169,154.82],"tool":false,"touchDistance":0.333333,"touchZone":"none","type":4,"width":16.1655}],"r":[[0.999138,0.040271,0.0101085],[-0.0406394,0.998398,0.0393604],[-0.00850724,-0.0397373,0.999174]],"s":1.08386,"t":[-8.21828,23.7373,-1.17859],"timestamp":259491020245},{"currentFrameRate":34.5769,"devices":[],"gestures":[],"hands":[{"armBasis":[[0.868888,-0.0641941,-0.490829],[0.180272,0.9645,0.192981],[0.461016,-0.256161,0.849615]],"armWidth":62.9551,"confidence":0.54102,"direction":[-0.0551642,0.848518,-0.526283],"elbow":[199.747,157.105,204.274],"grabAngle":2.28064,"grabStrength":0,"id":251,"palmNormal":[-0.309995,-0.515593,-0.798791],"palmPosition":[65.4249,276.822,-55.8858],"palmVelocity":[-50.9506,292.561,-13.7732],"palmWidth":86.0143,"pinchDistance":28.7608,"pinchStrength":0.837609,"r":[[0.999148,0.041004,0.00469983],[-0.0411913,0.997836,0.0512426],[-0.00258851,-0.0513926,0.998675]],"s":1.09309,"sphereCenter":[51.7917,264.381,-107.703],"sphereRadius":49.9819,"stabilizedPalmPosition":[65.624,275.659,-55.8054],"t":[-9.19895,28.7991,-1.57748],"timeVisible":0.114957,"type":"right","wrist":[82.0793,222.486,-12.5774]}],"id":155658,"interactionBox":{"center":[0,200,0],"size":[235.247,235.247,147.751]},"pointables":[{"bases":[[[0.648433,0.578817,0.494475],[-0.603697,-0.00473133,0.7972],[0.463772,-0.815444,0.346362]],[[0.440871,0.831175,0.338792],[-0.756326,0.140762,0.638872],[0.483326,-0.537897,0.690697]],[[0.440871,0.831175,0.338792],[-0.887864,0.348482,0.30043],[0.131647,-0.433252,0.891606]],[[0.440871,0.831175,0.338792],[-0.870194,0.488318,-0.0656298],[-0.219988,-0.265881,0.938569]]],"btipPosition":[25.6142,275.697,-109.828],"carpPosition":[47.7814,229.956,-26.4566],"dipPosition":[20.6217,269.663,-88.5279],"direction":[-0.131647,0.433252,-0.891606],"extended":false,"handId":251,"id":2510,"length":50.5373,"mcpPosition":[47.7814,229.956,-26.4566],"pipPosition":[24.9743,255.338,-59.0492],"stabilizedTipPosition":[24.5784,273.914,-104.919],"timeVisible":0.114957,"tipPosition":[23.2846,275.298,-104.118],"tipVelocity":[-95.6122,312.221,-3.74526],"tool":false,"touchDistance":-0.239085,"touchZone":"touching","type":0,"width":20.3863},{"bases":[[[0.9264,0.0250784,-0.375704],[0.274858,0.636937,0.720252],[0.257363,-0.770507,0.583166]],[[0.934338,-0.000190959,-0.356387],[0.125171,0.936468,0.327659],[0.333683,-0.350754,0.875002]],[[0.934338,-0.000190959,-0.356387],[-0.156408,0.89833,-0.410536],[0.320232,0.439321,0.839314]],[[0.934338,-0.000190959,-0.356387],[-0.273918,0.639351,-0.71847],[0.227994,0.768915,0.597318]]],"btipPosition":[17.1067,292.324,-125.816],"carpPosition":[60.1899,247.161,-19.2375],"dipPosition":[20.8841,305.063,-115.92],"direction":[-0.320232,-0.439321,-0.839314],"extended":false,"handId":251,"id":2511,"length":57.0257,"mcpPosition":[42.2912,300.747,-59.7947],"pipPosition":[28.3897,315.36,-96.2479],"stabilizedTipPosition":[18.6673,293.852,-123.881],"timeVisible":0.114957,"tipPosition":[19.057,301.779,-125.059],"tipVelocity":[-159.969,320.064,68.1501],"tool":false,"touchDistance":-0.323093,"touchZone":"touching","type":1,"width":19.473},{"bases":[[[0.892132,-0.188203,-0.410706],[0.433104,0.614937,0.658995],[0.128534,-0.765789,0.630116]],[[0.887587,-0.163723,-0.430562],[0.377229,0.794775,0.475427],[0.264361,-0.584404,0.767193]],[[0.887587,-0.163723,-0.430562],[0.273796,0.939184,0.207292],[0.370438,-0.301876,0.878434]],[[0.887587,-0.163723,-0.430562],[0.142607,0.986449,-0.0811234],[0.438009,0.0106031,0.898908]]],"btipPosition":[32.1263,334.856,-140.749],"carpPosition":[71.1561,248.904,-22.7294],"dipPosition":[40.108,335.049,-124.369],"direction":[-0.370438,0.301876,-0.878434],"extended":true,"handId":251,"id":2512,"length":64.9762,"mcpPosition":[62.679,299.41,-64.2873],"pipPosition":[50.3227,326.725,-100.146],"stabilizedTipPosition":[34.2472,334.534,-137.018],"timeVisible":0.114957,"tipPosition":[36.3174,339.734,-135.254],"tipVelocity":[-210.026,249.481,24.7405],"tool":false,"touchDistance":-0.457376,"touchZone":"touching","type":2,"width":19.1251},{"bases":[[[0.866119,-0.344661,-0.362004],[0.499612,0.575194,0.647718],[-0.0150208,-0.741863,0.670383]],[[0.865876,-0.353545,-0.353928],[0.319729,0.935235,-0.152013],[0.384749,0.0184636,0.922836]],[[0.865876,-0.353545,-0.353928],[-0.384495,-0.0177188,-0.922957],[0.320035,0.93525,-0.151278]],[[0.865876,-0.353545,-0.353928],[-0.50025,-0.607668,-0.616839],[0.00300968,0.711158,-0.703025]]],"btipPosition":[57.3032,252.968,-90.2815],"carpPosition":[81.7348,247.846,-27.4034],"dipPosition":[57.3577,265.852,-103.019],"direction":[-0.320035,-0.93525,0.151278],"extended":false,"handId":251,"id":2513,"length":62.4764,"mcpPosition":[82.6243,291.776,-67.0999],"pipPosition":[65.9547,290.976,-107.083],"stabilizedTipPosition":[60.4173,248.459,-97.3077],"timeVisible":0.114957,"tipPosition":[56.669,262.288,-100.417],"tipVelocity":[-115.313,219.449,125.706],"tool":false,"touchDistance":0.333333,"touchZone":"none","type":3,"width":18.1987},{"bases":[[[0.764023,-0.518476,-0.383994],[0.624941,0.446768,0.640194],[-0.160369,-0.729096,0.665358]],[[0.770551,-0.484631,-0.413985],[0.447841,0.873827,-0.18938],[0.453531,-0.0394727,0.890366]],[[0.770551,-0.484631,-0.413985],[-0.450967,0.0444595,-0.891432],[0.450422,0.873588,-0.184295]],[[0.770551,-0.484631,-0.413985],[-0.63585,-0.539528,-0.55191],[0.0441161,0.688507,-0.723887]]],"btipPosition":[74.2887,254.231,-86.5629],"carpPosition":[90.3289,240.989,-35.1578],"dipPosition":[75.0261,265.739,-98.6623],"direction":[-0.450422,-0.873588,0.184295],"extended":false,"handId":251,"id":2514,"length":48.9803,"mcpPosition":[99.1195,280.954,-71.6289],"pipPosition":[83.5689,282.308,-102.158],"stabilizedTipPosition":[78.1664,247.563,-93.5266],"timeVisible":0.114957,"tipPosition":[74.4185,262.077,-95.3875],"tipVelocity":[-121.536,222.215,81.4622],"tool":false,"touchDistance":0.333333,"touchZone":"none","type":4,"width":16.1655}],"r":[[0.999148,0.041004,0.00469983],[-0.0411913,0.997836,0.0512426],[-0.00258851,-0.0513926,0.998675]],"s":1.09309,"t":[-9.19895,28.7991,-1.57748],"timestamp":259491034593},{"currentFrameRate":37.235,"devices":[],"gestures":[],"hands":[{"armBasis":[[0.870085,-0.0589516,-0.489363],[0.181128,0.961599,0.206205],[0.458415,-0.268053,0.847351]],"armWidth":62.9551,"confidence":0.587837,"direction":[-0.0534887,0.857642,-0.511458],"elbow":[198.208,156.409,202.826],"grabAngle":2.282,"grabStrength":0,"id":251,"palmNormal":[-0.310907,-0.501036,-0.807651],"palmPosition":[64.677,279.905,-55.8412],"palmVelocity":[-57.3064,236.192,3.41759],"palmWidth":86.0143,"pinchDistance":30.1305,"pinchStrength":0.802304,"r":[[0.999149,0.0412402,0.000534507],[-0.0411894,0.997086,0.0642119],[0.00211516,-0.0641793,0.997936]],"s":1.10227,"sphereCenter":[49.8684,268.334,-107.365],"sphereRadius":49.7519,"stabilizedPalmPosition":[64.8521,279.12,-55.8346],"t":[-10.0633,32.8715,-1.75462],"timeVisible":0.128009,"type":"right","wrist":[81.2041,224.826,-13.4478]}],"id":155659,"interactionBox":{"center":[0,200,0],"size":[235.247,235.247,147.751]},"pointables":[{"bases":[[[0.649495,0.56889,0.5045],[-0.603779,-0.017429,0.796961],[0.462176,-0.822229