{"frames":311,"data":[{"currentFrameRate":25.8814,"devices":[],"gestures":[],"hands":[],"id":157668,"interactionBox":{"center":[0,200,0],"size":[235.247,235.247,147.751]},"pointables":[],"r":[[-0.451118,-0.878766,0.155767],[0.630521,-0.437343,-0.641229],[0.631613,-0.191055,0.751374]],"s":-0.0734829,"t":[559.648,-310.26,370.787],"timestamp":259548009601},{"currentFrameRate":25.9016,"devices":[],"gestures":[],"hands":[],"id":157669,"interactionBox":{"center":[0,200,0],"size":[235.247,235.247,147.751]},"pointables":[],"r":[[-0.451118,-0.878766,0.155767],[0.630521,-0.437343,-0.641229],[0.631613,-0.191055,0.751374]],"s":-0.0734829,"t":[559.648,-310.26,370.787],"timestamp":259548048067},{"currentFrameRate":25.8934,"devices":[],"gestures":[],"hands":[],"id":157670,"interactionBox":{"center":[0,200,0],"size":[235.247,235.247,147.751]},"pointables":[],"r":[[-0.451118,-0.878766,0.155767],[0.630521,-0.437343,-0.641229],[0.631613,-0.191055,0.751374]],"s":-0.0734829,"t":[559.648,-310.26,370.787],"timestamp":259548086744},{"currentFrameRate":25.8732,"devices":[],"gestures":[],"hands":[],"id":157671,"interactionBox":{"center":[0,200,0],"size":[235.247,235.247,147.751]},"pointables":[],"r":[[-0.451118,-0.878766,0.155767],[0.630521,-0.437343,-0.641229],[0.631613,-0.191055,0.751374]],"s":-0.0734829,"t":[559.648,-310.26,370.787],"timestamp":259548125536},{"currentFrameRate":25.8368,"devices":[],"gestures":[],"hands":[],"id":157672,"interactionBox":{"center":[0,200,0],"size":[235.247,235.247,147.751]},"pointables":[],"r":[[-0.451118,-0.878766,0.155767],[0.630521,-0.437343,-0.641229],[0.631613,-0.191055,0.751374]],"s":-0.0734829,"t":[559.648,-310.26,370.787],"timestamp":259548164496},{"currentFrameRate":25.8615,"devices":[],"gestures":[],"hands":[],"id":157673,"interactionBox":{"center":[0,200,0],"size":[235.247,235.247,147.751]},"pointables":[],"r":[[-0.451118,-0.878766,0.155767],[0.630521,-0.437343,-0.641229],[0.631613,-0.191055,0.751374]],"s":-0.0734829,"t":[559.648,-310.26,370.787],"timestamp":259548202990},{"currentFrameRate":25.8661,"devices":[],"gestures":[],"hands":[],"id":157674,"interactionBox":{"center":[0,200,0],"size":[235.247,235.247,147.751]},"pointables":[],"r":[[-0.451118,-0.878766,0.155767],[0.630521,-0.437343,-0.641229],[0.631613,-0.191055,0.751374]],"s":-0.0734829,"t":[559.648,-310.26,370.787],"timestamp":259548241618},{"currentFrameRate":25.8769,"devices":[],"gestures":[],"hands":[],"id":157675,"interactionBox":{"center":[0,200,0],"size":[235.247,235.247,147.751]},"pointables":[],"r":[[-0.451118,-0.878766,0.155767],[0.630521,-0.437343,-0.641229],[0.631613,-0.191055,0.751374]],"s":-0.0734829,"t":[559.648,-310.26,370.787],"timestamp":259548280187},{"currentFrameRate":25.8838,"devices":[],"gestures":[],"hands":[],"id":157676,"interactionBox":{"center":[0,200,0],"size":[235.247,235.247,147.751]},"pointables":[],"r":[[-0.451118,-0.878766,0.155767],[0.630521,-0.437343,-0.641229],[0.631613,-0.191055,0.751374]],"s":-0.0734829,"t":[559.648,-310.26,370.787],"timestamp":259548318773},{"currentFrameRate":25.8407,"devices":[],"gestures":[],"hands":[],"id":157677,"interactionBox":{"center":[0,200,0],"size":[235.247,235.247,147.751]},"pointables":[],"r":[[-0.451118,-0.878766,0.155767],[0.630521,-0.437343,-0.641229],[0.631613,-0.191055,0.751374]],"s":-0.0734829,"t":[559.648,-310.26,370.787],"timestamp":259548357774},{"currentFrameRate":25.8908,"devices":[],"gestures":[],"hands":[],"id":157678,"interactionBox":{"center":[0,200,0],"size":[235.247,235.247,147.751]},"pointables":[],"r":[[-0.451118,-0.878766,0.155767],[0.630521,-0.437343,-0.641229],[0.631613,-0.191055,0.751374]],"s":-0.0734829,"t":[559.648,-310.26,370.787],"timestamp":259548396046},{"currentFrameRate":25.8662,"devices":[],"gestures":[],"hands":[],"id":157679,"interactionBox":{"center":[0,200,0],"size":[235.247,235.247,147.751]},"pointables":[],"r":[[-0.451118,-0.878766,0.155767],[0.630521,-0.437343,-0.641229],[0.631613,-0.191055,0.751374]],"s":-0.0734829,"t":[559.648,-310.26,370.787],"timestamp":259548434879},{"currentFrameRate":25.9085,"devices":[],"gestures":[],"hands":[{"armBasis":[[0.860844,0.0978429,-0.499374],[0.0921896,0.935116,0.342139],[0.500449,-0.340565,0.795969]],"armWidth":60.2356,"confidence":0,"direction":[-0.156388,0.252591,-0.954851],"elbow":[222.298,26.5089,227.342],"grabAngle":2.73844,"grabStrength":0,"id":254,"palmNormal":[-0.0762039,-0.96695,-0.243311],"palmPosition":[72.3386,128.802,-42.5482],"palmVelocity":[1.19209e-7,1.19209e-7,1.19209e-7],"palmWidth":86.0143,"pinchDistance":47.2484,"pinchStrength":0.477586,"r":[[1,2.77556e-18,1.11022e-17],[-2.77556e-18,1,-1.11022e-17],[-1.11022e-17,1.11022e-17,1]],"s":1,"sphereCenter":[68.1309,90.8633,-68.161],"sphereRadius":42.3747,"stabilizedPalmPosition":[72.3386,128.802,-42.5482],"t":[0,0,0],"timeVisible":0,"type":"right","wrist":[94.5654,113.433,24.1824]}],"id":157680,"interactionBox":{"center":[0,200,0],"size":[235.247,235.247,147.751]},"pointables":[{"bases":[[[0.433904,0.900187,-0.0372945],[-0.69741,0.361793,0.618648],[0.570391,-0.242424,0.784783]],[[0.22584,0.930187,-0.289392],[-0.884671,0.320211,0.338854],[0.407864,0.17949,0.895226]],[[0.22584,0.930187,-0.289392],[-0.939635,0.286392,0.187258],[0.257065,0.229633,0.938715]],[[0.22584,0.930187,-0.289392],[-0.97127,0.237888,0.00666469],[0.0750424,0.279573,0.957187]]],"btipPosition":[31.7266,87.7969,-82.5183],"carpPosition":[60.9186,109.853,11.1581],"dipPosition":[33.3868,93.9821,-61.3416],"direction":[-0.257065,-0.229633,-0.938715],"extended":false,"handId":254,"id":2540,"length":49.2665,"mcpPosition":[60.9186,109.853,11.1581],"pipPosition":[41.6723,101.383,-31.0858],"stabilizedTipPosition":[32.1085,89.2195,-77.6476],"timeVisible":0,"tipPosition":[32.1085,89.2195,-77.6476],"tipVelocity":[1.19209e-7,1.19209e-7,1.19209e-7],"tool":false,"touchDistance":0.368619,"touchZone":"hovering","type":0,"width":19.1427},{"bases":[[[0.944514,0.00819068,-0.328369],[0.0279646,0.994054,0.105232],[0.327278,-0.108576,0.938669]],[[0.948798,0.0067409,-0.315812],[-0.0781559,0.973697,-0.214021],[0.306063,0.227746,0.924369]],[[0.948798,0.0067409,-0.315812],[-0.177355,0.838686,-0.514928],[0.261396,0.544574,0.796939]],[[0.948798,0.0067409,-0.315812],[-0.226457,0.711533,-0.665161],[0.220227,0.702621,0.676627]]],"btipPosition":[23.5326,104.527,-127.263],"carpPosition":[68.2533,130.017,4.69715],"dipPosition":[27.0895,115.876,-116.335],"direction":[-0.261396,-0.544574,-0.796939],"extended":true,"handId":254,"id":2541,"length":55.5917,"mcpPosition":[45.4922,137.568,-60.5841],"pipPosition":[33.0621,128.318,-98.1255],"stabilizedTipPosition":[24.3507,107.138,-124.749],"timeVisible":0,"tipPosition":[24.3507,107.138,-124.749],"tipVelocity":[1.19209e-7,1.19209e-7,1.19209e-7],"tool":false,"touchDistance":-0.399574,"touchZone":"touching","type":1,"width":18.2851},{"bases":[[[0.961348,-0.176137,-0.211628],[0.194422,0.978503,0.0687854],[0.194963,-0.107272,0.974927]],[[0.948478,-0.169645,-0.267599],[-0.164878,0.456951,-0.874077],[0.270562,0.873164,0.405438]],[[0.948478,-0.169645,-0.267599],[-0.285462,-0.824008,-0.48941],[-0.137478,0.540584,-0.829981]],[[0.948478,-0.169645,-0.267599],[-0.181982,-0.98306,-0.0218039],[-0.259367,0.0693787,-0.963284]]],"btipPosition":[62.1085,83.2965,-42.7869],"carpPosition":[78.9919,131.771,0.562693],"dipPosition":[57.501,84.529,-59.8991],"direction":[0.137478,-0.540584,0.829981],"extended":false,"handId":254,"id":2542,"length":63.3423,"mcpPosition":[66.1335,138.846,-63.7365],"pipPosition":[53.8054,99.0607,-82.2101],"stabilizedTipPosition":[61.0488,83.58,-46.7227],"timeVisible":0,"tipPosition":[61.0488,83.58,-46.7227],"tipVelocity":[1.19209e-7,1.19209e-7,1.19209e-7],"tool":false,"touchDistance":0.333333,"touchZone":"none","type":2,"width":17.9584},{"bases":[[[0.96215,-0.263262,-0.0704322],[0.268725,0.9595,0.0845332],[0.0453254,-0.10026,0.993928]],[[0.962715,-0.264715,-0.0557342],[0.0402782,0.343997,-0.938107],[0.267503,0.900884,0.341833]],[[0.962715,-0.264715,-0.0557342],[-0.263807,-0.873082,-0.410041],[0.0598833,0.409455,-0.910363]],[[0.962715,-0.264715,-0.0557342],[-0.244247,-0.93914,0.241578],[-0.116292,-0.218958,-0.968779]]],"btipPosition":[76.6193,91.6834,-34.9227],"carpPosition":[90.1158,130.652,-2.58049],"dipPosition":[74.5653,87.8161,-52.0335],"direction":[-0.0598833,-0.409455,0.910363],"extended":false,"handId":254,"id":2543,"length":60.9053,"mcpPosition":[87.4318,136.589,-61.4356],"pipPosition":[76.1335,98.5386,-75.8734],"stabilizedTipPosition":[76.1469,90.7939,-38.8582],"timeVisible":0,"tipPosition":[76.1469,90.7939,-38.8582],"tipVelocity":[1.19209e-7,1.19209e-7,1.19209e-7],"tool":false,"touchDistance":0.333333,"touchZone":"none","type":3,"width":17.0885},{"bases":[[[0.903213,-0.427991,0.0320849],[0.418045,0.89422,0.160026],[-0.0971807,-0.131125,0.986591]],[[0.878854,-0.442692,0.177873],[0.338924,0.316924,-0.885827],[0.335777,0.838798,0.428569]],[[0.878854,-0.442692,0.177873],[-0.309942,-0.813219,-0.492556],[0.362701,0.377754,-0.85191]],[[0.878854,-0.442692,0.177873],[-0.463443,-0.880697,0.09794],[0.113295,-0.168509,-0.979167]]],"btipPosition":[86.5369,97.7827,-40.8015],"carpPosition":[100.986,122.871,-4.10289],"dipPosition":[88.383,95.0369,-56.7563],"direction":[-0.362701,-0.377754,0.85191],"extended":false,"handId":254,"id":2544,"length":47.7486,"mcpPosition":[106.313,130.059,-58.1823],"pipPosition":[95.089,102.021,-72.5075],"stabilizedTipPosition":[86.9615,97.1511,-44.4711],"timeVisible":0,"tipPosition":[86.9615,97.1511,-44.4711],"tipVelocity":[1.19209e-7,1.19209e-7,1.19209e-7],"tool":false,"touchDistance":0.333333,"touchZone":"none","type":4,"width":15.1794}],"r":[[1,2.77556e-18,1.11022e-17],[-2.77556e-18,1,-1.11022e-17],[-1.11022e-17,1.11022e-17,1]],"s":1,"t":[0,0,0],"timestamp":259548473180},{"currentFrameRate":25.8958,"devices":[],"gestures":[],"hands":[{"armBasis":[[0.861213,0.193142,-0.470115],[0.0228791,0.909309,0.415492],[0.507729,-0.368583,0.77869]],"armWidth":62.9551,"confidence":0.201119,"direction":[-0.16497,0.251887,-0.953592],"elbow":[223.174,35.1685,216.748],"grabAngle":2.72002,"grabStrength":0.458891,"id":254,"palmNormal":[0.0054006,-0.966594,-0.256256],"palmPosition":[71.0661,144.28,-48.6412],"palmVelocity":[-32.876,399.882,-157.421],"palmWidth":86.0143,"pinchDistance":41.8547,"pinchStrength":0.428653,"r":[[0.999865,0.0162023,0.00259529],[-0.0162087,0.999866,0.0024826],[-0.00255472,-0.00252433,0.999994]],"s":0.995265,"sphereCenter":[77.9808,101.955,-77.4712],"sphereRadius":46.7721,"stabilizedPalmPosition":[71.4524,139.581,-46.7916],"t":[-0.636232,7.73872,-3.0465],"timeVisible":0.038705,"type":"right","wrist":[93.5834,129.244,17.9984]}],"id":157681,"interactionBox":{"center":[0,200,0],"size":[235.247,235.247,147.751]},"pointables":[{"bases":[[[0.359856,0.932783,-0.0204933],[-0.731788,0.295805,0.613991],[0.578783,-0.205952,0.789047]],[[0.189587,0.953694,-0.233505],[-0.855099,0.277254,0.438106],[0.482559,0.11661,0.868066]],[[0.189587,0.953694,-0.233505],[-0.917976,0.25655,0.302494],[0.348393,0.157003,0.924107]],[[0.189587,0.953694,-0.233505],[-0.967205,0.222339,0.122797],[0.169028,0.202566,0.964571]]],"btipPosition":[22.4559,108.459,-88.7327],"carpPosition":[60.5816,123.749,4.67326],"dipPosition":[26.292,113.056,-66.8423],"direction":[-0.348393,-0.157003,-0.924106],"extended":true,"handId":254,"id":2540,"length":50.5373,"mcpPosition":[60.5816,123.749,4.67326],"pipPosition":[37.8107,118.247,-36.289],"stabilizedTipPosition":[23.8649,108.297,-83.3346],"timeVisible":0.038705,"tipPosition":[28.3373,106.2,-84.1639],"tipVelocity":[-226.591,524.392,-156.318],"tool":false,"touchDistance":0.297243,"touchZone":"hovering","type":0,"width":20.3863},{"bases":[[[0.944583,0.0890436,-0.315965],[-0.0540302,0.991553,0.11791],[0.323795,-0.0943043,0.941416]],[[0.954713,0.0858968,-0.28486],[-0.13172,0.980506,-0.1458],[0.266783,0.176719,0.947416]],[[0.954713,0.0858968,-0.28486],[-0.269589,0.654806,-0.706082],[0.125878,0.7509,0.648308]],[[0.954713,0.0858968,-0.28486],[-0.290833,0.471402,-0.832584],[0.0627674,0.877725,0.475035]]],"btipPosition":[28.7094,111.58,-129.449],"carpPosition":[66.3328,144.526,-1.44137],"dipPosition":[29.7493,126.122,-121.579],"direction":[-0.125878,-0.7509,-0.648308],"extended":true,"handId":254,"id":2541,"length":57.0257,"mcpPosition":[43.814,151.084,-66.9136],"pipPosition":[32.6996,143.722,-106.384],"stabilizedTipPosition":[28.2151,113.683,-127.178],"timeVisible":0.038705,"tipPosition":[27.0466,118.113,-130.252],"tipVelocity":[118.794,201.195,-74.6533],"tool":false,"touchDistance":-0.431292,"touchZone":"touching","type":1,"width":19.473},{"bases":[[[0.974923,-0.094865,-0.201311],[0.113563,0.990021,0.0834351],[0.191387,-0.104204,0.975967]],[[0.976399,-0.0956825,-0.193621],[-0.120008,0.504999,-0.854736],[0.179562,0.8578,0.481598]],[[0.976399,-0.0956825,-0.193621],[-0.188248,-0.816482,-0.545821],[-0.105863,0.569388,-0.815224]],[[0.976399,-0.0956825,-0.193621],[-0.118284,-0.987008,-0.108734],[-0.180702,0.12907,-0.975032]]],"btipPosition":[62.139,95.9252,-52.0445],"carpPosition":[76.9422,147.199,-5.41412],"dipPosition":[58.8461,98.2772,-69.8122],"direction":[0.105863,-0.569388,0.815224],"extended":false,"handId":254,"id":2542,"length":64.9762,"mcpPosition":[64.3197,154.072,-69.7819],"pipPosition":[55.927,113.978,-92.2918],"stabilizedTipPosition":[61.1877,88.9572,-50.6487],"timeVisible":0.038705,"tipPosition":[63.0573,97.935,-54.0992],"tipVelocity":[8.59884,332.933,-243.079],"tool":false,"touchDistance":0.333333,"touchZone":"none","type":2,"width":19.1251},{"bases":[[[0.981107,-0.183526,-0.0612083],[0.188969,0.976887,0.0999083],[0.0414579,-0.109587,0.993112]],[[0.976856,-0.176624,-0.120649],[-0.015371,0.504626,-0.863201],[0.213345,0.845078,0.490232]],[[0.976856,-0.176624,-0.120649],[-0.213756,-0.82666,-0.52052],[-0.00779937,0.534263,-0.845283]],[[0.976856,-0.176624,-0.120649],[-0.157856,-0.975913,0.150582],[-0.14434,-0.128052,-0.981208]]],"btipPosition":[79.2833,104.87,-47.989],"carpPosition":[88.1569,147.026,-8.42641],"dipPosition":[76.6682,102.55,-65.7664],"direction":[0.00779937,-0.534263,0.845282],"extended":false,"handId":254,"id":2543,"length":62.4764,"mcpPosition":[85.702,153.515,-67.2332],"pipPosition":[76.4587,116.902,-88.4729],"stabilizedTipPosition":[77.1153,95.9677,-43.9087],"timeVisible":0.038705,"tipPosition":[78.1834,105.819,-47.798],"tipVelocity":[65.494,349.886,-341.547],"tool":false,"touchDistance":0.333333,"touchZone":"none","type":3,"width":18.1987},{"bases":[[[0.934512,-0.353846,0.0384843],[0.342182,0.922905,0.176516],[-0.0979768,-0.151788,0.983545]],[[0.938415,-0.345219,-0.0141901],[0.21807,0.623639,-0.75068],[0.267998,0.701355,0.660514]],[[0.938415,-0.345219,-0.0141901],[-0.242811,-0.629705,-0.737912],[0.245806,0.695913,-0.674747]],[[0.938415,-0.345219,-0.0141901],[-0.344221,-0.930579,-0.124638],[0.0298226,0.121847,-0.992101]]],"btipPosition":[90.6606,109.209,-57.0842],"carpPosition":[99.6396,140.172,-9.90412],"dipPosition":[91.1591,111.246,-73.6667],"direction":[-0.245806,-0.695913,0.674747],"extended":false,"handId":254,"id":2544,"length":48.9803,"mcpPosition":[105.01,148.492,-63.8165],"pipPosition":[95.8211,124.445,-86.4641],"stabilizedTipPosition":[88.0316,100.666,-49.0802],"timeVisible":0.038705,"tipPosition":[89.4956,111.824,-55.8036],"tipVelocity":[98.5333,323.636,-424.418],"tool":false,"touchDistance":0.333333,"touchZone":"none","type":4,"width":16.1655}],"r":[[0.999865,0.0162023,0.00259529],[-0.0162087,0.999866,0.0024826],[-0.00255472,-0.00252433,0.999994]],"s":0.995265,"t":[-0.636232,7.73872,-3.0465],"timestamp":259548511885},{"currentFrameRate":25.8999,"devices":[],"gestures":[],"hands":[{"armBasis":[[0.833168,0.166128,-0.527478],[0.0710405,0.913759,0.399997],[0.548438,-0.370737,0.749513]],"armWidth":62.9551,"confidence":0.38605,"direction":[-0.1737,0.304599,-0.936508],"elbow":[232.873,50.7662,204.444],"grabAngle":2.66402,"grabStrength":0.415326,"id":254,"palmNormal":[-0.0524854,-0.952476,-0.300058],"palmPosition":[69.1802,164.084,-52.1962],"palmVelocity":[-48.8811,513.313,-92.1404],"palmWidth":86.0143,"pinchDistance":45.5709,"pinchStrength":0.427692,"r":[[0.999826,0.0186415,-0.00036341],[-0.0186348,0.999733,0.0136316],[0.000617426,-0.0136224,0.999907]],"s":0.974216,"sphereCenter":[73.5317,122.36,-83.4965],"sphereRadius":46.6265,"stabilizedPalmPosition":[69.224,163.611,-52.0918],"t":[-1.89731,21.5104,-6.34723],"timeVisible":0.077287,"type":"right","wrist":[92.8918,145.391,13.1415]}],"id":157682,"interactionBox":{"center":[0,200,0],"size":[235.247,235.247,147.751]},"pointables":[{"bases":[[[0.408767,0.912551,0.0126288],[-0.700172,0.304698,0.645692],[0.585379,-0.27278,0.763494]],[[0.172083,0.949721,-0.261566],[-0.841884,0.279659,0.461543],[0.511487,0.140784,0.84768]],[[0.172083,0.949721,-0.261566],[-0.905945,0.256852,0.336588],[0.386848,0.179043,0.904595]],[[0.172083,0.949721,-0.261566],[-0.966966,0.213544,0.139196],[0.188054,0.228972,0.955096]]],"btipPosition":[17.678,123.898,-91.2006],"carpPosition":[58.872,141.657,0.383315],"dipPosition":[21.9458,129.094,-69.5251],"direction":[-0.386848,-0.179043,-0.904595],"extended":true,"handId":254,"id":2540,"length":50.5373,"mcpPosition":[58.872,141.657,0.383315],"pipPosition":[34.736,135.014,-39.6169],"stabilizedTipPosition":[18.7247,124.883,-86.1792],"timeVisible":0.077287,"tipPosition":[21.586,127.977,-87.4333],"tipVelocity":[-121.265,403.729,-65.2449],"tool":false,"touchDistance":0.279987,"touchZone":"hovering","type":0,"width":20.3863},{"bases":[[[0.940274,0.0540677,-0.336098],[0.00201061,0.986407,0.164307],[0.340413,-0.155169,0.927384]],[[0.945491,0.0516302,-0.321529],[-0.0962579,0.987542,-0.12448],[0.311096,0.148645,0.938682]],[[0.945491,0.0516302,-0.321529],[-0.264748,0.696784,-0.666634],[0.189617,0.715421,0.672472]],[[0.945491,0.0516302,-0.321529],[-0.313318,0.413345,-0.854972],[0.0887598,0.90911,0.406991]]],"btipPosition":[23.0329,135.135,-131.034],"carpPosition":[65.5828,162.366,-4.92677],"dipPosition":[24.5035,150.197,-124.291],"direction":[-0.189617,-0.715421,-0.672472],"extended":true,"handId":254,"id":2541,"length":57.0257,"mcpPosition":[41.9082,173.158,-69.4231],"pipPosition":[28.9478,166.965,-108.529],"stabilizedTipPosition":[23.4296,138.299,-129.455],"timeVisible":0.077287,"tipPosition":[22.1519,143.19,-133.024],"tipVelocity":[-144.56,613.617,-47.7936],"tool":false,"touchDistance":-0.444156,"touchZone":"touching","type":1,"width":19.473},{"bases":[[[0.963408,-0.136349,-0.230768],[0.168419,0.977701,0.125441],[0.208518,-0.159717,0.964889]],[[0.949171,-0.126527,-0.288211],[-0.160952,0.591786,-0.789863],[0.270498,0.796103,0.541341]],[[0.949171,-0.126527,-0.288211],[-0.288669,-0.71494,-0.636813],[-0.12548,0.687642,-0.715125]],[[0.949171,-0.126527,-0.288211],[-0.165538,-0.979454,-0.115182],[-0.267716,0.157037,-0.950614]]],"btipPosition":[58.1666,116.163,-60.9462],"carpPosition":[76.2235,164.663,-9.04888],"dipPosition":[53.2881,119.025,-78.2689],"direction":[0.12548,-0.687642,0.715125],"extended":false,"handId":254,"id":2542,"length":64.9762,"mcpPosition":[62.4711,175.196,-72.686],"pipPosition":[49.828,137.987,-97.9883],"stabilizedTipPosition":[57.4505,114.091,-63.5309],"timeVisible":0.077287,"tipPosition":[58.272,118.195,-60.6036],"tipVelocity":[-112.411,527.587,-228.068],"tool":false,"touchDistance":0.333333,"touchZone":"none","type":2,"width":19.1251},{"bases":[[[0.968137,-0.231679,-0.0950566],[0.243381,0.959872,0.139328],[0.0589628,-0.158023,0.985673]],[[0.962859,-0.221787,-0.15399],[0.00794037,0.593338,-0.804914],[0.269888,0.773796,0.573062]],[[0.962859,-0.221787,-0.15399],[-0.267383,-0.703947,-0.658001],[0.0375347,0.674736,-0.737104]],[[0.962859,-0.221787,-0.15399],[-0.236254,-0.968154,-0.0828341],[-0.130715,0.116138,-0.984594]]],"btipPosition":[73.514,119.645,-57.9126],"carpPosition":[87.3385,164.043,-12.3572],"dipPosition":[71.1457,121.75,-75.7514],"direction":[-0.0375347,-0.674736,0.737104],"extended":false,"handId":254,"id":2543,"length":62.4764,"mcpPosition":[83.8471,173.4,-70.7235],"pipPosition":[72.154,139.875,-95.5519],"stabilizedTipPosition":[73.8555,114.965,-58.1451],"timeVisible":0.077287,"tipPosition":[73.8371,123.656,-56.0712],"tipVelocity":[-148.063,409.34,-257.574],"tool":false,"touchDistance":0.333333,"touchZone":"none","type":3,"width":18.1987},{"bases":[[[0.914843,-0.403804,-0.00204228],[0.395246,0.894395,0.209378],[-0.082721,-0.192355,0.977833]],[[0.917538,-0.395235,-0.043734],[0.264623,0.688985,-0.67474],[0.296813,0.607527,0.736758]],[[0.917538,-0.395235,-0.043734],[-0.21464,-0.399677,-0.891172],[0.334743,0.827072,-0.451552]],[[0.917538,-0.395235,-0.043734],[-0.385489,-0.857098,-0.341734],[0.0975811,0.330413,-0.938779]]],"btipPosition":[84.7765,125.177,-69.05],"carpPosition":[98.3991,156.673,-14.4443],"dipPosition":[86.4075,130.7,-84.7412],"direction":[-0.334743,-0.827072,0.451552],"extended":false,"handId":254,"id":2544,"length":48.9803,"mcpPosition":[102.933,167.217,-68.0436],"pipPosition":[92.7563,146.386,-93.3055],"stabilizedTipPosition":[86.0208,118.667,-65.5432],"timeVisible":0.077287,"tipPosition":[85.4872,129.451,-65.2928],"tipVelocity":[-145.757,434.647,-304.825],"tool":false,"touchDistance":0.333333,"touchZone":"none","type":4,"width":16.1655}],"r":[[0.999826,0.0186415,-0.00036341],[-0.0186348,0.999733,0.0136316],[0.000617426,-0.0136224,0.999907]],"s":0.974216,"t":[-1.89731,21.5104,-6.34723],"timestamp":259548550467},{"currentFrameRate":29.02,"devices":[],"gestures":[],"hands":[{"armBasis":[[0.861949,0.149068,-0.484585],[0.0586303,0.920078,0.387322],[0.503594,-0.362264,0.78432]],"armWidth":62.9551,"confidence":0.445793,"direction":[-0.173909,0.341084,-0.923806],"elbow":[219.698,56.6087,211.982],"grabAngle":2.67813,"grabStrength":0.488978,"id":254,"palmNormal":[-0.0492798,-0.93994,-0.337764],"palmPosition":[67.9661,169.848,-53.1684],"palmVelocity":[-88.4778,420.027,-70.8503],"palmWidth":86.0143,"pinchDistance":41.2271,"pinchStrength":0.516277,"r":[[0.999772,0.0212365,-0.0023774],[-0.0211542,0.999311,0.0305067],[0.00302361,-0.0304494,0.999532]],"s":0.947621,"sphereCenter":[71.7951,129.495,-85.6094],"sphereRadius":45.594,"stabilizedPalmPosition":[68.2196,168.591,-52.9514],"t":[-3.1349,31.2781,-8.4837],"timeVisible":0.091009,"type":"right","wrist":[91.1629,149.071,11.7958]}],"id":157683,"interactionBox":{"center":[0,200,0],"size":[235.247,235.247,147.751]},"pointables":[{"bases":[[[0.405911,0.912582,0.0492994],[-0.701628,0.276606,0.656663],[0.585623,-0.301137,0.752571]],[[0.155752,0.958827,-0.237469],[-0.850192,0.252518,0.461962],[0.502907,0.129943,0.854517]],[[0.155752,0.958827,-0.237469],[-0.91113,0.23231,0.340403],[0.381554,0.163347,0.909799]],[[0.155752,0.958827,-0.237469],[-0.969041,0.194937,0.15152],[0.191573,0.206518,0.959505]]],"btipPosition":[16.9923,129.095,-93.7109],"carpPosition":[57.6863,145.315,-1.53227],"dipPosition":[21.34,133.782,-71.9354],"direction":[-0.381554,-0.163347,-0.909799],"extended":true,"handId":254,"id":2540,"length":50.5373,"mcpPosition":[57.6863,145.315,-1.53227],"pipPosition":[33.9551,139.183,-41.8551],"stabilizedTipPosition":[18.1554,128.995,-88.1406],"timeVisible":0.091009,"tipPosition":[20.2176,134.457,-89.7225],"tipVelocity":[-48.6322,370.247,-181.265],"tool":false,"touchDistance":0.260003,"touchZone":"hovering","type":0,"width":20.3863},{"bases":[[[0.940366,0.0702961,-0.332822],[-0.00119329,0.97909,0.203424],[0.340162,-0.190896,0.920787]],[[0.936839,0.0722439,-0.342217],[-0.127427,0.981688,-0.141599],[0.325721,0.176263,0.92889]],[[0.936839,0.0722439,-0.342217],[-0.306186,0.642345,-0.702598],[0.169063,0.763003,0.623894]],[[0.936839,0.0722439,-0.342217],[-0.34527,0.347291,-0.871882],[0.0558609,0.93497,0.3503]]],"btipPosition":[22.2218,138.799,-129.17],"carpPosition":[64.3367,166.239,-6.00806],"dipPosition":[23.1473,154.289,-123.367],"direction":[-0.169063,-0.763003,-0.623894],"extended":false,"handId":254,"id":2541,"length":57.0257,"mcpPosition":[40.6796,179.516,-70.0456],"pipPosition":[27.1098,172.172,-108.744],"stabilizedTipPosition":[22.6425,141.513,-128.174],"timeVisible":0.091009,"tipPosition":[21.4786,149.129,-132.709],"tipVelocity":[-68.2448,274.157,120.046],"tool":false,"touchDistance":-0.403364,"touchZone":"touching","type":1,"width":19.473},{"bases":[[[0.96401,-0.124089,-0.23513],[0.165272,0.97245,0.164395],[0.208253,-0.197339,0.957961]],[[0.949788,-0.112032,-0.29215],[-0.160731,0.626402,-0.762749],[0.268456,0.771408,0.576942]],[[0.949788,-0.112032,-0.29215],[-0.287104,-0.683248,-0.671375],[-0.124395,0.721541,-0.681105]],[[0.949788,-0.112032,-0.29215],[-0.163963,-0.973445,-0.159755],[-0.266494,0.199635,-0.942935]]],"btipPosition":[56.9774,122.156,-64.2082],"carpPosition":[74.9735,168.731,-10.0258],"dipPosition":[52.1212,125.794,-81.3909],"direction":[0.124395,-0.721541,0.681105],"extended":false,"handId":254,"id":2542,"length":64.9762,"mcpPosition":[61.2386,181.746,-73.206],"pipPosition":[48.691,145.69,-100.172],"stabilizedTipPosition":[56.5283,119.254,-66.2158],"timeVisible":0.091009,"tipPosition":[57.1717,124.262,-63.5316],"tipVelocity":[-86.2924,449.728,-235.373],"tool":false,"touchDistance":0.333333,"touchZone":"none","type":2,"width":19.1251},{"bases":[[[0.968929,-0.224728,-0.103315],[0.240279,0.954313,0.177629],[0.0586761,-0.196935,0.978659]],[[0.963667,-0.212515,-0.161813],[0.0100665,0.634264,-0.773051],[0.266917,0.743335,0.613358]],[[0.963667,-0.212515,-0.161813],[-0.263518,-0.657433,-0.705932],[0.04364,0.722924,-0.689548]],[[0.963667,-0.212515,-0.161813],[-0.23688,-0.959876,-0.150084],[-0.123425,0.182961,-0.975342]]],"btipPosition":[72.118,124.999,-61.677],"carpPosition":[86.093,168.277,-13.3461],"dipPosition":[69.8818,128.314,-79.3482],"direction":[-0.04364,-0.722924,0.689548],"extended":false,"handId":254,"id":2543,"length":62.4764,"mcpPosition":[82.6185,179.939,-71.297],"pipPosition":[71.0541,147.733,-97.8713],"stabilizedTipPosition":[72.8609,119.734,-61.5005],"timeVisible":0.091009,"tipPosition":[72.666,129.331,-59.1762],"tipVelocity":[-99.5156,410.411,-271.528],"tool":false,"touchDistance":0.333333,"touchZone":"none","type":3,"width":18.1987},{"bases":[[[0.916098,-0.400581,-0.0172709],[0.392291,0.886569,0.245158],[-0.0828937,-0.231364,0.969329]],[[0.918244,-0.393144,-0.0475982],[0.271362,0.712187,-0.647419],[0.288428,0.581572,0.760646]],[[0.918244,-0.393144,-0.0475982],[-0.196047,-0.346848,-0.917204],[0.344084,0.851548,-0.395566]],[[0.918244,-0.393144,-0.0475982],[-0.379509,-0.839252,-0.389395],[0.113142,0.375624,-0.91984]]],"btipPosition":[83.4153,131.343,-72.0516],"carpPosition":[97.1782,161.03,-15.7146],"dipPosition":[85.3064,137.621,-87.4264],"direction":[-0.344084,-0.851548,0.395566],"extended":false,"handId":254,"id":2544,"length":48.9803,"mcpPosition":[101.722,173.712,-68.8478],"pipPosition":[91.8324,153.772,-94.9287],"stabilizedTipPosition":[85.1449,124.365,-69.5966],"timeVisible":0.091009,"tipPosition":[84.3695,135.692,-67.9378],"tipVelocity":[-94.8422,462,-213.442],"tool":false,"touchDistance":0.333333,"touchZone":"none","type":4,"width":16.1655}],"r":[[0.999772,0.0212365,-0.0023774],[-0.0211542,0.999311,0.0305067],[0.00302361,-0.0304494,0.999532]],"s":0.947621,"t":[-3.1349,31.2781,-8.4837],"timestamp":259548564189},{"currentFrameRate":31.937,"devices":[],"gestures":[],"hands":[{"armBasis":[[0.89479,0.121986,-0.429501],[0.0571546,0.922745,0.381149],[0.442815,-0.365596,0.818691]],"armWidth":62.9551,"confidence":0.50167,"direction":[-0.176443,0.346409,-0.921341],"elbow":[202.564,61.0208,218.849],"grabAngle":2.71112,"grabStrength":0.53348,"id":254,"palmNormal":[-0.0498568,-0.93797,-0.343113],"palmPosition":[66.8596,175.426,-55.1755],"palmVelocity":[-80.8436,407.575,-146.656],"palmWidth":86.0143,"pinchDistance":41.0065,"pinchStrength":0.521964,"r":[[0.999716,0.0234108,-0.00445251],[-0.023186,0.99871,0.0451816],[0.0055045,-0.0450655,0.998969]],"s":0.929894,"sphereCenter":[68.7412,136.134,-87.3714],"sphereRadius":44.6566,"stabilizedPalmPosition":[67.1201,174.117,-54.7495],"t":[-4.30691,38.9509,-10.5555],"timeVisible":0.104695,"type":"right","wrist":[89.5418,154.334,9.88976]}],"id":157684,"interactionBox":{"center":[0,200,0],"size":[235.247,235.247,147.751]},"pointables":[{"bases":[[[0.405739,0.912418,0.0535606],[-0.699995,0.272528,0.660103],[0.587693,-0.305322,0.749263]],[[0.147567,0.959571,-0.239681],[-0.853879,0.245893,0.458723],[0.499114,0.136967,0.855643]],[[0.147567,0.959571,-0.239681],[-0.911085,0.226189,0.34462],[0.384901,0.167516,0.907629]],[[0.147567,0.959571,-0.239681],[-0.969769,0.187996,0.15558],[0.194349,0.209477,0.958305]]],"btipPosition":[16.0348,133.833,-95.7895],"carpPosition":[56.7233,150.588,-3.6567],"dipPosition":[20.4454,138.587,-74.0413],"direction":[-0.384901,-0.167516,-0.907629],"extended":true,"handId":254,"id":2540,"length":50.5373,"mcpPosition":[56.7233,150.588,-3.6567],"pipPosition":[33.1712,144.125,-44.0327],"stabilizedTipPosition":[17.2962,133.602,-90.1965],"timeVisible":0.104695,"tipPosition":[18.8972,139.884,-91.7431],"tipVelocity":[-68.9063,347.265,-152.335],"tool":false,"touchDistance":0.248988,"touchZone":"hovering","type":0,"width":20.3863},{"bases":[[[0.939467,0.0725601,-0.334869],[-0.000981205,0.977886,0.209137],[0.342639,-0.196149,0.918762]],[[0.932525,0.0764154,-0.352929],[-0.124679,0.985383,-0.11608],[0.3389,0.152251,0.928422]],[[0.932525,0.0764154,-0.352929],[-0.317215,0.640358,-0.699512],[0.172547,0.764266,0.62139]],[[0.932525,0.0764154,-0.352929],[-0.358737,0.307827,-0.881221],[0.041302,0.948369,0.314469]]],"btipPosition":[20.6786,145.214,-130.377],"carpPosition":[63.3552,171.541,-8.02771],"dipPosition":[21.3629,160.927,-125.167],"direction":[-0.172547,-0.764266,-0.62139],"extended":false,"handId":254,"id":2541,"length":57.0257,"mcpPosition":[39.5258,185.183,-71.9245],"pipPosition":[25.4071,178.84,-110.603],"stabilizedTipPosition":[21.154,147.54,-129.002],"timeVisible":0.104695,"tipPosition":[20.2084,154.795,-134.398],"tipVelocity":[-116.814,472.518,-98.1698],"tool":false,"touchDistance":-0.411514,"touchZone":"touching","type":1,"width":19.473},{"bases":[[[0.963431,-0.122383,-0.238376],[0.165384,0.971531,0.169634],[0.210829,-0.202854,0.956243]],[[0.949055,-0.109999,-0.295287],[-0.165882,0.622332,-0.764975],[0.267913,0.774986,0.57238]],[[0.949055,-0.109999,-0.295287],[-0.284876,-0.700042,-0.654818],[-0.134684,0.705578,-0.695715]],[[0.949055,-0.109999,-0.295287],[-0.154306,-0.979281,-0.131143],[-0.274743,0.170026,-0.946365]]],"btipPosition":[56.2739,128.661,-65.4493],"carpPosition":[73.9805,174.059,-12.0587],"dipPosition":[51.2674,131.759,-82.6945],"direction":[0.134684,-0.705578,0.695715],"extended":false,"handId":254,"id":2542,"length":64.9762,"mcpPosition":[60.0758,187.438,-75.1257],"pipPosition":[47.5535,151.215,-101.879],"stabilizedTipPosition":[55.6176,125.809,-68.2886],"timeVisible":0.104695,"tipPosition":[55.9788,129.855,-66.0669],"tipVelocity":[-53.9264,466.231,-91.7337],"tool":false,"touchDistance":0.333333,"touchZone":"none","type":2,"width":19.1251},{"bases":[[[0.968728,-0.223789,-0.107163],[0.24043,0.953343,0.182566],[0.0613071,-0.202622,0.977336]],[[0.963309,-0.211236,-0.165575],[0.00772179,0.638466,-0.769611],[0.268284,0.740095,0.616671]],[[0.963309,-0.211236,-0.165575],[-0.265684,-0.663035,-0.699855],[0.0380523,0.718167,-0.694829]],[[0.963309,-0.211236,-0.165575],[-0.234294,-0.962769,-0.134839],[-0.130928,0.168685,-0.976936]]],"btipPosition":[71.1875,131.214,-63.6361],"carpPosition":[85.0915,173.629,-15.4107],"dipPosition":[68.8154,134.27,-81.3361],"direction":[-0.0380523,-0.718167,0.69483],"extended":false,"handId":254,"id":2543,"length":62.4764,"mcpPosition":[81.4612,185.628,-73.2833],"pipPosition":[69.8376,153.562,-100.001],"stabilizedTipPosition":[71.7288,125.95,-64.6671],"timeVisible":0.104695,"tipPosition":[71.5211,134.828,-61.6791],"tipVelocity":[-70.2749,449.806,-143.628],"tool":false,"touchDistance":0.333333,"touchZone":"none","type":3,"width":18.1987},{"bases":[[[0.916181,-0.400159,-0.022009],[0.392642,0.885259,0.249299],[-0.0802754,-0.237045,0.968176]],[[0.918897,-0.388879,-0.0663403],[0.25878,0.721115,-0.642671],[0.29776,0.573381,0.763265]],[[0.918897,-0.388879,-0.0663403],[-0.217427,-0.358919,-0.907691],[0.329171,0.848499,-0.414362]],[[0.918897,-0.388879,-0.0663403],[-0.384936,-0.847056,-0.366497],[0.0863291,0.36231,-0.928051]]],"btipPosition":[82.6774,137.585,-73.7204],"carpPosition":[96.1728,166.4,-17.8505],"dipPosition":[84.1203,143.641,-89.2323],"direction":[-0.329171,-0.848499,0.414362],"extended":false,"handId":254,"id":2544,"length":48.9803,"mcpPosition":[100.573,179.394,-70.9205],"pipPosition":[90.3634,159.734,-97.0912],"stabilizedTipPosition":[84.1152,131.41,-73.3048],"timeVisible":0.104695,"tipPosition":[83.224,141.241,-70.5496],"tipVelocity":[-61.4493,452.371,-124.237],"tool":false,"touchDistance":0.333333,"touchZone":"none","type":4,"width":16.1655}],"r":[[0.999716,0.0234108,-0.00445251],[-0.023186,0.99871,0.0451816],[0.0055045,-0.0450655,0.998969]],"s":0.929894,"t":[-4.30691,38.9509,-10.5555],"timestamp":259548577875},{"currentFrameRate":34.969,"devices":[],"gestures":[],"hands":[{"armBasis":[[0.913638,0.108783,-0.391704],[0.0485133,0.927473,0.37073],[0.403624,-0.357716,0.842097]],"armWidth":62.9551,"confidence":0.546655,"direction":[-0.173984,0.361769,-0.915889],"elbow":[191.397,67.0891,223.703],"grabAngle":2.70471,"grabStrength":0.5419,"id":254,"palmNormal":[-0.0463496,-0.932052,-0.359348],"palmPosition":[66.2784,180.307,-56.2413],"palmVelocity":[-49.3359,414.292,-90.4659],"palmWidth":86.0143,"pinchDistance":42.3131,"pinchStrength":0.488284,"r":[[0.999657,0.0256622,-0.0052823],[-0.0252973,0.997858,0.0603292],[0.00681917,-0.0601749,0.998165]],"s":0.918565,"sphereCenter":[67.4593,141.889,-89.0557],"sphereRadius":44.4789,"stabilizedPalmPosition":[66.4583,178.984,-55.9224],"t":[-5.18352,45.2277,-12.1243],"timeVisible":0.116476,"type":"right","wrist":[88.3776,158.391,8.77034]}],"id":157685,"interactionBox":{"center":[0,200,0],"size":[235.247,235.247,147.751]},"pointables":[{"bases":[[[0.403327,0.912321,0.0706903],[-0.703013,0.259489,0.662146],[0.585747,-0.316758,0.746033]],[[0.141891,0.963516,-0.226944],[-0.856164,0.234527,0.460413],[0.49684,0.128973,0.858205]],[[0.141891,0.963516,-0.226944],[-0.911265,0.216683,0.350206],[0.386605,0.157115,0.908764]],[[0.141891,0.963516,-0.226944],[-0.969382,0.181669,0.165214],[0.200415,0.196553,0.959792]]],"btipPosition":[15.2428,138.822,-97.5186],"carpPosition":[56.0181,154.564,-5.19365],"dipPosition":[19.7911,143.283,-75.7366],"direction":[-0.386604,-0.157115,-0.908764],"extended":true,"handId":254,"id":2540,"length":50.5373,"mcpPosition":[56.0181,154.564,-5.19365],"pipPosition":[32.5733,148.478,-45.6906],"stabilizedTipPosition":[16.5514,138.22,-91.9061],"timeVisible":0.116476,"tipPosition":[18.4403,145.058,-93.5425],"tipVelocity":[-64.5344,417.812,-146.112],"tool":false,"touchDistance":0.253838,"touchZone":"hovering","type":0,"width":20.3863},{"bases":[[[0.940481,0.0805267,-0.330169],[-0.00410532,0.974143,0.225895],[0.339823,-0.211094,0.916493]],[[0.933988,0.0844443,-0.347182],[-0.118515,0.989879,-0.0780642],[0.337076,0.114057,0.934543]],[[0.933988,0.0844443,-0.347182],[-0.31226,0.665184,-0.67825],[0.173666,0.741889,0.647643]],[[0.933988,0.0844443,-0.347182],[-0.354987,0.329774,-0.874776],[0.0406218,0.940275,0.337982]]],"btipPosition":[20.1949,152.566,-132.632],"carpPosition":[62.6146,175.604,-9.18015],"dipPosition":[20.8679,168.145,-127.032],"direction":[-0.173665,-0.741889,-0.647643],"extended":false,"handId":254,"id":2541,"length":57.0257,"mcpPosition":[38.9811,190.285,-72.9191],"pipPosition":[24.9383,185.533,-111.853],"stabilizedTipPosition":[20.518,154.348,-130.854],"timeVisible":0.116476,"tipPosition":[19.9944,160.523,-135.581],"tipVelocity":[-41.2753,621.446,-183.766],"tool":false,"touchDistance":-0.43117,"touchZone":"touching","type":1,"width":19.473},{"bases":[[[0.964573,-0.115989,-0.236952],[0.162415,0.968862,0.18689],[0.207896,-0.218754,0.953376]],[[0.950371,-0.102663,-0.293694],[-0.161585,0.643813,-0.747927],[0.265868,0.758265,0.595272]],[[0.950371,-0.102663,-0.293694],[-0.28187,-0.683715,-0.673114],[-0.131699,0.722492,-0.67872]],[[0.950371,-0.102663,-0.293694],[-0.154095,-0.975393,-0.157684],[-0.270278,0.195115,-0.942804]]],"btipPosition":[55.6669,133.725,-67.9337],"carpPosition":[73.2482,178.216,-13.1288],"dipPosition":[50.7417,137.28,-85.1141],"direction":[0.131699,-0.722492,0.67872],"extended":false,"handId":254,"id":2542,"length":64.9762,"mcpPosition":[59.5368,192.644,-76.0067],"pipPosition":[47.1102,157.203,-103.83],"stabilizedTipPosition":[54.964,131.077,-70.4583],"timeVisible":0.116476,"tipPosition":[55.5082,134.89,-68.1049],"tipVelocity":[-49.9347,438.742,-209.62],"tool":false,"touchDistance":0.333333,"touchZone":"none","type":2,"width":19.1251},{"bases":[[[0.969647,-0.219621,-0.107482],[0.237459,0.950632,0.19978],[0.0582999,-0.219238,0.973928]],[[0.964406,-0.206079,-0.165689],[0.0116457,0.659091,-0.751973],[0.26417,0.723277,0.638031]],[[0.964406,-0.206079,-0.165689],[-0.261049,-0.642164,-0.720749],[0.0421318,0.738348,-0.673103]],[[0.964406,-0.206079,-0.165689],[-0.232473,-0.95937,-0.159893],[-0.126006,0.19272,-0.97313]]],"btipPosition":[70.6257,136.19,-66.049],"carpPosition":[84.3721,177.87,-16.4474],"dipPosition":[68.3427,139.682,-83.6801],"direction":[-0.0421318,-0.738348,0.673103],"extended":false,"handId":254,"id":2543,"length":62.4764,"mcpPosition":[80.9199,190.852,-74.1182],"pipPosition":[69.4745,159.516,-101.761],"stabilizedTipPosition":[70.9357,131.329,-67.3153],"timeVisible":0.116476,"tipPosition":[71.024,139.726,-63.6864],"tipVelocity":[-45.9492,430.875,-203.471],"tool":false,"touchDistance":0.333333,"touchZone":"none","type":3,"width":18.1987},{"bases":[[[0.917224,-0.397552,-0.0255599],[0.389595,0.881772,0.265885],[-0.0831649,-0.253834,0.963666]],[[0.920162,-0.384887,-0.0718659],[0.258632,0.735292,-0.626463],[0.29396,0.55786,0.776131]],[[0.920162,-0.384887,-0.0718659],[-0.212458,-0.336643,-0.917351],[0.328883,0.85938,-0.391538]],[[0.920162,-0.384887,-0.0718659],[-0.381826,-0.841459,-0.382303],[0.0866713,0.379221,-0.921238]]],"btipPosition":[82.2726,142.859,-75.5815],"carpPosition":[95.4796,170.71,-18.9709],"dipPosition":[83.7213,149.197,-90.9795],"direction":[-0.328883,-0.85938,0.391538],"extended":false,"handId":254,"id":2544,"length":48.9803,"mcpPosition":[100.038,184.624,-71.7936],"pipPosition":[89.9589,165.496,-98.4055],"stabilizedTipPosition":[83.3874,137.633,-76.1103],"timeVisible":0.116476,"tipPosition":[82.7783,146.401,-72.2365],"tipVelocity":[-34.2449,453.158,-155.75],"tool":false,"touchDistance":0.333333,"touchZone":"none","type":4,"width":16.1655}],"r":[[0.999657,0.0256622,-0.0052823],[-0.0252973,0.997858,0.0603292],[0.00681917,-0.0601749,0.998165]],"s":0.918565,"t":[-5.18352,45.2277,-12.1243],"timestamp":259548589656},{"currentFrameRate":37.8338,"devices":[],"gestures":[],"hands":[{"armBasis":[[0.923775,0.0962601,-0.370638],[0.0415446,0.936984,0.346894],[0.380674,-0.33585,0.861564]],"armWidth":62.9551,"confidence":0.588554,"direction":[-0.168449,0.373494,-0.91221],"elbow":[184.26,76.8313,227.765],"grabAngle":2.70307,"grabStrength":0.552295,"id":254,"palmNormal":[-0.0460281,-0.927405,-0.371216],"palmPosition":[65.5761,184.969,-57.1896],"palmVelocity":[-59.8213,397.122,-80.7678],"palmWidth":86.0143,"pinchDistance":43.3922,"pinchStrength":0.46047,"r":[[0.999621,0.0271282,-0.00478716],[-0.0266938,0.996833,0.074905],[0.00680403,-0.0747487,0.997179]],"s":0.912281,"sphereCenter":[66.226,147.202,-90.4485],"sphereRadius":44.3971,"stabilizedPalmPosition":[65.7435,183.833,-56.9491],"t":[-5.97301,50.6974,-13.3828],"timeVisible":0.128217,"type":"right","wrist":[87.0989,162.552,7.86365]}],"id":157686,"interactionBox":{"center":[0,200,0],"size":[235.247,235.247,147.751]},"pointables":[{"bases":[[[0.404514,0.910644,0.0842437],[-0.706104,0.252453,0.661577],[0.581193,-0.327102,0.74513]],[[0.140882,0.965695,-0.218139],[-0.857628,0.229118,0.460413],[0.494598,0.122218,0.860486]],[[0.140882,0.965695,-0.218139],[-0.911862,0.21238,0.351286],[0.385564,0.149422,0.910502]],[[0.140882,0.965695,-0.218139],[-0.969218,0.179469,0.168545],[0.2