{"frames":317,"data":[{"currentFrameRate":19.2418,"devices":[],"gestures":[],"hands":[],"id":126966,"interactionBox":{"center":[0,200,0],"size":[235.247,235.247,147.751]},"pointables":[],"r":[[-0.962136,-0.269906,0.0380192],[0.215739,-0.839331,-0.498979],[0.166588,-0.471883,0.86578]],"s":0.686793,"t":[505.899,-233.461,348.339],"timestamp":258639677814},{"currentFrameRate":20.3456,"devices":[],"gestures":[],"hands":[],"id":126967,"interactionBox":{"center":[0,200,0],"size":[235.247,235.247,147.751]},"pointables":[],"r":[[-0.962136,-0.269906,0.0380192],[0.215739,-0.839331,-0.498979],[0.166588,-0.471883,0.86578]],"s":0.686793,"t":[505.899,-233.461,348.339],"timestamp":258639717159},{"currentFrameRate":21.2446,"devices":[],"gestures":[],"hands":[],"id":126968,"interactionBox":{"center":[0,200,0],"size":[235.247,235.247,147.751]},"pointables":[],"r":[[-0.962136,-0.269906,0.0380192],[0.215739,-0.839331,-0.498979],[0.166588,-0.471883,0.86578]],"s":0.686793,"t":[505.899,-233.461,348.339],"timestamp":258639756580},{"currentFrameRate":21.9893,"devices":[],"gestures":[],"hands":[],"id":126969,"interactionBox":{"center":[0,200,0],"size":[235.247,235.247,147.751]},"pointables":[],"r":[[-0.962136,-0.269906,0.0380192],[0.215739,-0.839331,-0.498979],[0.166588,-0.471883,0.86578]],"s":0.686793,"t":[505.899,-233.461,348.339],"timestamp":258639795933},{"currentFrameRate":22.5759,"devices":[],"gestures":[],"hands":[],"id":126970,"interactionBox":{"center":[0,200,0],"size":[235.247,235.247,147.751]},"pointables":[],"r":[[-0.962136,-0.269906,0.0380192],[0.215739,-0.839331,-0.498979],[0.166588,-0.471883,0.86578]],"s":0.686793,"t":[505.899,-233.461,348.339],"timestamp":258639835531},{"currentFrameRate":23.1007,"devices":[],"gestures":[],"hands":[],"id":126971,"interactionBox":{"center":[0,200,0],"size":[235.247,235.247,147.751]},"pointables":[],"r":[[-0.962136,-0.269906,0.0380192],[0.215739,-0.839331,-0.498979],[0.166588,-0.471883,0.86578]],"s":0.686793,"t":[505.899,-233.461,348.339],"timestamp":258639874709},{"currentFrameRate":23.5157,"devices":[],"gestures":[],"hands":[],"id":126972,"interactionBox":{"center":[0,200,0],"size":[235.247,235.247,147.751]},"pointables":[],"r":[[-0.962136,-0.269906,0.0380192],[0.215739,-0.839331,-0.498979],[0.166588,-0.471883,0.86578]],"s":0.686793,"t":[505.899,-233.461,348.339],"timestamp":258639914041},{"currentFrameRate":23.8553,"devices":[],"gestures":[],"hands":[],"id":126973,"interactionBox":{"center":[0,200,0],"size":[235.247,235.247,147.751]},"pointables":[],"r":[[-0.962136,-0.269906,0.0380192],[0.215739,-0.839331,-0.498979],[0.166588,-0.471883,0.86578]],"s":0.686793,"t":[505.899,-233.461,348.339],"timestamp":258639953385},{"currentFrameRate":24.1231,"devices":[],"gestures":[],"hands":[],"id":126974,"interactionBox":{"center":[0,200,0],"size":[235.247,235.247,147.751]},"pointables":[],"r":[[-0.962136,-0.269906,0.0380192],[0.215739,-0.839331,-0.498979],[0.166588,-0.471883,0.86578]],"s":0.686793,"t":[505.899,-233.461,348.339],"timestamp":258639992831},{"currentFrameRate":24.3314,"devices":[],"gestures":[],"hands":[],"id":126975,"interactionBox":{"center":[0,200,0],"size":[235.247,235.247,147.751]},"pointables":[],"r":[[-0.962136,-0.269906,0.0380192],[0.215739,-0.839331,-0.498979],[0.166588,-0.471883,0.86578]],"s":0.686793,"t":[505.899,-233.461,348.339],"timestamp":258640032382},{"currentFrameRate":24.518,"devices":[],"gestures":[],"hands":[],"id":126976,"interactionBox":{"center":[0,200,0],"size":[235.247,235.247,147.751]},"pointables":[],"r":[[-0.962136,-0.269906,0.0380192],[0.215739,-0.839331,-0.498979],[0.166588,-0.471883,0.86578]],"s":0.686793,"t":[505.899,-233.461,348.339],"timestamp":258640071791},{"currentFrameRate":24.7124,"devices":[],"gestures":[],"hands":[],"id":126977,"interactionBox":{"center":[0,200,0],"size":[235.247,235.247,147.751]},"pointables":[],"r":[[-0.962136,-0.269906,0.0380192],[0.215739,-0.839331,-0.498979],[0.166588,-0.471883,0.86578]],"s":0.686793,"t":[505.899,-233.461,348.339],"timestamp":258640110832},{"currentFrameRate":24.8323,"devices":[],"gestures":[],"hands":[],"id":126978,"interactionBox":{"center":[0,200,0],"size":[235.247,235.247,147.751]},"pointables":[],"r":[[-0.962136,-0.269906,0.0380192],[0.215739,-0.839331,-0.498979],[0.166588,-0.471883,0.86578]],"s":0.686793,"t":[505.899,-233.461,348.339],"timestamp":258640150229},{"currentFrameRate":24.9292,"devices":[],"gestures":[],"hands":[],"id":126979,"interactionBox":{"center":[0,200,0],"size":[235.247,235.247,147.751]},"pointables":[],"r":[[-0.962136,-0.269906,0.0380192],[0.215739,-0.839331,-0.498979],[0.166588,-0.471883,0.86578]],"s":0.686793,"t":[505.899,-233.461,348.339],"timestamp":258640189639},{"currentFrameRate":25.0157,"devices":[],"gestures":[],"hands":[],"id":126980,"interactionBox":{"center":[0,200,0],"size":[235.247,235.247,147.751]},"pointables":[],"r":[[-0.962136,-0.269906,0.0380192],[0.215739,-0.839331,-0.498979],[0.166588,-0.471883,0.86578]],"s":0.686793,"t":[505.899,-233.461,348.339],"timestamp":258640228988},{"currentFrameRate":25.0489,"devices":[],"gestures":[],"hands":[],"id":126981,"interactionBox":{"center":[0,200,0],"size":[235.247,235.247,147.751]},"pointables":[],"r":[[-0.962136,-0.269906,0.0380192],[0.215739,-0.839331,-0.498979],[0.166588,-0.471883,0.86578]],"s":0.686793,"t":[505.899,-233.461,348.339],"timestamp":258640268670},{"currentFrameRate":25.1416,"devices":[],"gestures":[],"hands":[],"id":126982,"interactionBox":{"center":[0,200,0],"size":[235.247,235.247,147.751]},"pointables":[],"r":[[-0.962136,-0.269906,0.0380192],[0.215739,-0.839331,-0.498979],[0.166588,-0.471883,0.86578]],"s":0.686793,"t":[505.899,-233.461,348.339],"timestamp":258640307777},{"currentFrameRate":25.1959,"devices":[],"gestures":[],"hands":[{"armBasis":[[0.722958,0.0830866,-0.685878],[0.101712,0.969126,0.224609],[0.683364,-0.232145,0.692187]],"armWidth":64.9916,"confidence":0,"direction":[-0.033943,0.998342,0.04648],"elbow":[332.263,106.081,360.288],"grabAngle":0.381322,"grabStrength":0,"id":187,"palmNormal":[-0.600781,0.0167841,-0.799237],"palmPosition":[123.241,241.978,164.269],"palmVelocity":[1.19209e-7,1.19209e-7,1.19209e-7],"palmWidth":92.8057,"pinchDistance":62.6042,"pinchStrength":0,"r":[[1,-2.77556e-18,1.16226e-17],[2.77556e-18,1,1.38778e-18],[-1.16226e-17,-1.38778e-18,1]],"s":1,"sphereCenter":[93.7205,267.845,49.7516],"sphereRadius":124.594,"stabilizedPalmPosition":[123.241,241.978,164.269],"t":[0,0,0],"timeVisible":0,"type":"right","wrist":[144.073,170.011,169.668]}],"id":126983,"interactionBox":{"center":[0,200,0],"size":[235.247,235.247,147.751]},"pointables":[{"bases":[[[0.852123,0.20195,0.482807],[-0.360859,-0.44143,0.821536],[0.379034,-0.874274,-0.303277]],[[0.779749,0.340452,0.525437],[-0.429809,-0.319156,0.844632],[0.455253,-0.884439,-0.102532]],[[0.779749,0.340452,0.525437],[-0.545397,-0.0427753,0.837086],[0.307464,-0.939288,0.152328]],[[0.779749,0.340452,0.525437],[-0.607369,0.207622,0.766809],[0.15197,-0.917052,0.368673]]],"btipPosition":[66.7458,282.031,160.151],"carpPosition":[104.244,182.445,169.029],"dipPosition":[70.3734,260.14,168.952],"direction":[-0.307464,0.939288,-0.152328],"extended":false,"handId":187,"id":1870,"length":53.1564,"mcpPosition":[104.244,182.445,169.029],"pipPosition":[81.0658,227.475,174.249],"stabilizedTipPosition":[67.5802,276.996,162.175],"timeVisible":0,"tipPosition":[67.5802,276.996,162.175],"tipVelocity":[1.19209e-7,1.19209e-7,1.19209e-7],"tool":false,"touchDistance":1,"touchZone":"none","type":0,"width":20.6541},{"bases":[[[0.781655,0.221895,-0.582905],[0.569278,0.128023,0.812116],[0.254829,-0.96663,-0.0262503]],[[0.821761,-0.0584171,-0.56683],[0.56593,-0.032548,0.823811],[-0.0665738,-0.997762,0.00631335]],[[0.821761,-0.0584171,-0.56683],[0.566503,0.191121,0.80159],[0.0615065,-0.979827,0.190149]],[[0.821761,-0.0584171,-0.56683],[0.549321,0.345695,0.760751],[0.151509,-0.936527,0.316168]]],"btipPosition":[102.065,350.191,172.042],"carpPosition":[122.426,193.459,180.546],"dipPosition":[104.705,333.87,177.552],"direction":[-0.0615065,0.979827,-0.190149],"extended":true,"handId":187,"id":1871,"length":59.981,"mcpPosition":[103.304,265.993,182.516],"pipPosition":[106.221,309.715,182.24],"stabilizedTipPosition":[102.672,346.437,173.309],"timeVisible":0,"tipPosition":[102.672,346.437,173.309],"tipVelocity":[1.19209e-7,1.19209e-7,1.19209e-7],"tool":false,"touchDistance":1,"touchZone":"none","type":1,"width":19.7288},{"bases":[[[0.700319,0.0641619,-0.71094],[0.698687,0.14244,0.701104],[0.146251,-0.987722,0.0549246]],[[0.707933,0.00382093,-0.706269],[0.701373,0.11386,0.703642],[0.083104,-0.99349,0.0779251]],[[0.707933,0.00382093,-0.706269],[0.668237,0.320138,0.671544],[0.228669,-0.947363,0.224083]],[[0.707933,0.00382093,-0.706269],[0.632015,0.442929,0.635901],[0.315257,-0.896549,0.311149]]],"btipPosition":[105.805,360.809,154.528],"carpPosition":[132.972,197.019,174.73],"dipPosition":[111.847,343.625,160.492],"direction":[-0.228669,0.947363,-0.224083],"extended":true,"handId":187,"id":1872,"length":68.3436,"mcpPosition":[122.565,267.306,170.822],"pipPosition":[118.48,316.148,166.991],"stabilizedTipPosition":[107.195,356.857,155.899],"timeVisible":0,"tipPosition":[107.195,356.857,155.899],"tipVelocity":[1.19209e-7,1.19209e-7,1.19209e-7],"tool":false,"touchDistance":1,"touchZone":"none","type":2,"width":19.3763},{"bases":[[[0.659532,-0.0928104,-0.745924],[0.751242,0.115101,0.649913],[0.0255382,-0.989009,0.145636]],[[0.650525,0.0373598,-0.758566],[0.734226,0.22451,0.640709],[0.194242,-0.973755,0.118618]],[[0.650525,0.0373598,-0.758566],[0.655493,0.476844,0.585617],[0.383596,-0.878193,0.28571]],[[0.650525,0.0373598,-0.758566],[0.655493,0.476844,0.585617],[0.383596,-0.878193,0.28571]]],"btipPosition":[113.592,347.888,138.236],"carpPosition":[142.224,198.777,166.464],"dipPosition":[120.902,331.153,143.681],"direction":[-0.383596,0.878193,-0.28571],"extended":true,"handId":187,"id":1873,"length":65.7142,"mcpPosition":[140.592,261.964,157.159],"pipPosition":[131.74,306.34,151.753],"stabilizedTipPosition":[115.273,344.039,139.488],"timeVisible":0,"tipPosition":[115.273,344.039,139.488],"tipVelocity":[1.19209e-7,1.19209e-7,1.19209e-7],"tool":false,"touchDistance":1,"touchZone":"none","type":3,"width":18.4378},{"bases":[[[0.524802,-0.224387,-0.821117],[0.843963,0.0114329,0.536279],[-0.110946,-0.974433,0.195375]],[[0.536004,0.0204864,-0.843967],[0.831872,0.157513,0.532145],[0.143838,-0.987304,0.0673857]],[[0.536004,0.0204864,-0.843967],[0.718383,0.514027,0.468723],[0.443425,-0.857529,0.260803]],[[0.536004,0.0204864,-0.843967],[0.683748,0.575831,0.448226],[0.495165,-0.817312,0.29464]]],"btipPosition":[131.228,321.903,128.629],"carpPosition":[147.406,197.19,152.997],"dipPosition":[139.934,307.534,133.809],"direction":[-0.443425,0.857529,-0.260803],"extended":true,"handId":187,"id":1874,"length":51.5187,"mcpPosition":[153.967,254.82,141.442],"pipPosition":[148.78,290.427,139.012],"stabilizedTipPosition":[133.231,318.598,129.82],"timeVisible":0,"tipPosition":[133.231,318.598,129.82],"tipVelocity":[1.19209e-7,1.19209e-7,1.19209e-7],"tool":false,"touchDistance":1,"touchZone":"none","type":4,"width":16.3779}],"r":[[1,-2.77556e-18,1.16226e-17],[2.77556e-18,1,1.38778e-18],[-1.16226e-17,-1.38778e-18,1]],"s":1,"t":[0,0,0],"timestamp":258640347076},{"currentFrameRate":25.2357,"devices":[],"gestures":[],"hands":[{"armBasis":[[0.7358,0.0627805,-0.674283],[0.206821,0.927289,0.312027],[0.644844,-0.369045,0.669315]],"armWidth":67.2482,"confidence":0.204332,"direction":[0.0675551,0.990058,0.123376],"elbow":[316.132,85.8298,335.096],"grabAngle":0.377968,"grabStrength":0,"id":187,"palmNormal":[-0.586251,0.13945,-0.798037],"palmPosition":[125.332,261.481,150.999],"palmVelocity":[53.1429,495.742,-337.292],"palmWidth":92.8057,"pinchDistance":67.2702,"pinchStrength":0,"r":[[0.999788,-0.0205522,0.000831674],[0.0205369,0.999669,0.0154815],[-0.00114958,-0.0154611,0.99988]],"s":1.03597,"sphereCenter":[12.1553,294.994,-26.9082],"sphereRadius":216,"stabilizedPalmPosition":[124.838,256.872,154.135],"t":[1.04535,9.75148,-6.63471],"timeVisible":0.039341,"type":"right","wrist":[138.549,187.46,150.774]}],"id":126984,"interactionBox":{"center":[0,200,0],"size":[235.247,235.247,147.751]},"pointables":[{"bases":[[[0.862399,0.0758762,0.50051],[-0.413901,-0.463571,0.783446],[0.291467,-0.882805,-0.368378]],[[0.812417,0.200161,0.547644],[-0.379781,-0.531024,0.757483],[0.442431,-0.823376,-0.355396]],[[0.812417,0.200161,0.547644],[-0.535395,-0.115911,0.83661],[0.230935,-0.972882,0.0129973]],[[0.812417,0.200161,0.547644],[-0.580896,0.196685,0.789858],[0.0503855,-0.959818,0.276063]]],"btipPosition":[68.4403,303.325,162.038],"carpPosition":[100.303,204.025,151.064],"dipPosition":[69.6565,280.157,168.701],"direction":[-0.230935,0.972882,-0.0129973],"extended":true,"handId":187,"id":1870,"length":53.7508,"mcpPosition":[100.303,204.025,151.064],"pipPosition":[77.7773,245.946,169.159],"stabilizedTipPosition":[68.6755,297.177,163.516],"timeVisible":0.039341,"tipPosition":[70.8469,299.792,158.222],"tipVelocity":[28.9734,533.803,35.4645],"tool":false,"touchDistance":1,"touchZone":"none","type":0,"width":21.6861},{"bases":[[[0.655564,-0.102721,-0.74812],[0.751175,-0.0126788,0.659982],[-0.0772793,-0.994629,0.0688497]],[[0.659161,-0.0389855,-0.75099],[0.752,0.0324796,0.658362],[-0.00127466,-0.998712,0.0507264]],[[0.659161,-0.0389855,-0.75099],[0.734835,0.245554,0.632234],[0.159761,-0.968599,0.190508]],[[0.659161,-0.0389855,-0.75099],[0.708895,0.365471,0.603241],[0.250948,-0.930006,0.268541]]],"btipPosition":[135.375,371.681,132.573],"carpPosition":[139.779,216.518,149.927],"dipPosition":[140.211,353.76,137.748],"direction":[-0.159761,0.968599,-0.190508],"extended":true,"handId":187,"id":1873,"length":66.4491,"mcpPosition":[144.716,280.065,145.528],"pipPosition":[144.775,326.087,143.19],"stabilizedTipPosition":[135.55,366.52,134.016],"timeVisible":0.039341,"tipPosition":[131.601,366.307,133.989],"tipVelocity":[539.233,597.857,-145.53],"tool":false,"touchDistance":0.477194,"touchZone":"none","type":3,"width":19.359},{"bases":[[[0.509026,-0.213632,-0.833819],[0.834196,-0.116324,0.53906],[-0.212154,-0.969964,0.118999]],[[0.534182,-0.0723748,-0.842266],[0.840614,-0.0600557,0.538295],[-0.0895418,-0.995568,0.0287586]],[[0.534182,-0.0723748,-0.842266],[0.836685,0.187711,0.514513],[0.120865,-0.979554,0.160827]],[[0.534182,-0.0723748,-0.842266],[0.816186,0.303679,0.491547],[0.220203,-0.950022,0.221291]]],"btipPosition":[154.394,345.763,121.134],"carpPosition":[144.934,215.442,136.399],"dipPosition":[158.308,328.874,125.068],"direction":[-0.120865,0.979554,-0.160827],"extended":true,"handId":187,"id":1874,"length":52.0948,"mcpPosition":[157.481,272.808,129.361],"pipPosition":[160.746,309.114,128.313],"stabilizedTipPosition":[154.157,340.679,122.44],"timeVisible":0.039341,"tipPosition":[149.643,340.537,122.317],"tipVelocity":[560.824,591.77,-197.784],"tool":false,"touchDistance":1,"touchZone":"none","type":4,"width":17.1962},{"bases":[[[0.80719,0.184389,-0.560754],[0.569536,0.00641508,0.821941],[0.155154,-0.982832,-0.0998382]],[[0.821912,-0.0158917,-0.569392],[0.569609,0.0271747,0.821466],[0.00241858,-0.999504,0.0313872]],[[0.821912,-0.0158917,-0.569392],[0.559819,0.207119,0.802312],[0.105182,-0.978187,0.17913]],[[0.821912,-0.0158917,-0.569392],[0.537479,0.352639,0.766004],[0.188617,-0.935625,0.298379]]],"btipPosition":[101.678,371.11,159.852],"carpPosition":[119.373,212.201,163.474],"dipPosition":[105.002,354.622,165.109],"direction":[-0.105182,0.978187,-0.17913],"extended":true,"handId":187,"id":1871,"length":60.6518,"mcpPosition":[107.731,285.95,170.966],"pipPosition":[107.624,330.238,169.575],"stabilizedTipPosition":[102.477,364.153,162.917],"timeVisible":0.039341,"tipPosition":[107.841,366.978,163.948],"tipVelocity":[-5.83225,530.76,-311.34],"tool":false,"touchDistance":1,"touchZone":"none","type":1,"width":20.7146},{"bases":[[[0.711732,0.0460963,-0.700937],[0.70107,0.0159165,0.712915],[0.0440192,-0.99881,-0.0209885]],[[0.712983,0.0018592,-0.701179],[0.699996,0.0562426,0.711929],[0.0407598,-0.998415,0.0387986]],[[0.712983,0.0018592,-0.701179],[0.677893,0.253758,0.689977],[0.179213,-0.967266,0.179665]],[[0.712983,0.0018592,-0.701179],[0.655677,0.352608,0.66765],[0.248482,-0.935769,0.250184]]],"btipPosition":[115.067,382.307,147.441],"carpPosition":[130.298,215.093,157.994],"dipPosition":[119.883,364.17,152.29],"direction":[-0.179213,0.967266,-0.179665],"extended":true,"handId":187,"id":1872,"length":69.1079,"mcpPosition":[127.165,286.169,159.488],"pipPosition":[125.139,335.802,157.559],"stabilizedTipPosition":[115.599,376.772,149.027],"timeVisible":0.039341,"tipPosition":[119.642,377.836,150.568],"tipVelocity":[228.261,540.865,-186.655],"tool":false,"touchDistance":0.487058,"touchZone":"none","type":2,"width":20.3444}],"r":[[0.999788,-0.0205522,0.000831674],[0.0205369,0.999669,0.0154815],[-0.00114958,-0.0154611,0.99988]],"s":1.03597,"t":[1.04535,9.75148,-6.63471],"timestamp":258640386417},{"currentFrameRate":26.3078,"devices":[],"gestures":[],"hands":[{"armBasis":[[0.75485,0.0773934,-0.651316],[0.273774,0.865195,0.420101],[0.596028,-0.495426,0.631904]],"armWidth":67.2482,"confidence":0.352045,"direction":[0.0628579,0.991662,0.112494],"elbow":[301.664,62.2951,312.18],"grabAngle":0.341919,"grabStrength":0,"id":187,"palmNormal":[-0.558871,0.128361,-0.81926],"palmPosition":[125.032,273.526,138.237],"palmVelocity":[-9.82387,395.283,-418.818],"palmWidth":92.8057,"pinchDistance":51.6977,"pinchStrength":0,"r":[[0.999289,-0.0368126,0.00808778],[0.0365969,0.999008,0.0253701],[-0.00901369,-0.025056,0.999645]],"s":1.07203,"sphereCenter":[14.2555,304.845,-55.3463],"sphereRadius":227.907,"stabilizedPalmPosition":[124.956,267.008,144.46],"t":[1.41834,20.6498,-16.3332],"timeVisible":0.069813,"type":"right","wrist":[137.525,198.73,138.161]}],"id":126985,"interactionBox":{"center":[0,200,0],"size":[235.247,235.247,147.751]},"pointables":[{"bases":[[[0.844865,0.0832721,0.528459],[-0.440055,-0.453568,0.775002],[0.304228,-0.887323,-0.346559]],[[0.788921,0.216944,0.574925],[-0.39434,-0.538806,0.744435],[0.471274,-0.814017,-0.339526]],[[0.788921,0.216944,0.574925],[-0.566557,-0.105485,0.817243],[0.237942,-0.970468,0.0396918]],[[0.788921,0.216944,0.574925],[-0.612836,0.209088,0.762046],[0.0451114,-0.953529,0.297905]]],"btipPosition":[66.5927,314.639,146.912],"carpPosition":[100.043,216.053,138.212],"dipPosition":[67.6816,291.624,154.103],"direction":[-0.237942,0.970468,-0.0396918],"extended":true,"handId":187,"id":1870,"length":53.7508,"mcpPosition":[100.043,216.053,138.212],"pipPosition":[76.0488,257.497,155.498],"stabilizedTipPosition":[67.3752,305.812,152.907],"timeVisible":0.069813,"tipPosition":[70.0049,311.652,143.587],"tipVelocity":[-61.5917,372.459,-492.415],"tool":false,"touchDistance":1,"touchZone":"none","type":0,"width":21.6861},{"bases":[[[0.680646,-0.111986,-0.724003],[0.728329,-0.0032722,0.685219],[-0.0791038,-0.993704,0.0793352]],[[0.683006,-0.0769772,-0.726345],[0.729388,0.0192225,0.683831],[-0.0386772,-0.996848,0.0692753]],[[0.683006,-0.0769772,-0.726345],[0.725074,0.191463,0.661521],[0.0881461,-0.978477,0.186585]],[[0.683006,-0.0769772,-0.726345],[0.704734,0.33081,0.627626],[0.19197,-0.940552,0.280194]]],"btipPosition":[140.147,384.07,119.259],"carpPosition":[139.529,228.566,138.251],"dipPosition":[143.847,365.945,124.659],"direction":[-0.0881461,0.978477,-0.186585],"extended":true,"handId":187,"id":1873,"length":66.4491,"mcpPosition":[144.583,292.054,133.182],"pipPosition":[146.365,337.99,129.99],"stabilizedTipPosition":[139.751,376.839,123.594],"timeVisible":0.069813,"tipPosition":[134.043,378.554,120.17],"tipVelocity":[148.047,405.023,-435.209],"tool":false,"touchDistance":0.358751,"touchZone":"none","type":3,"width":19.359},{"bases":[[[0.537156,-0.224153,-0.813154],[0.815459,-0.108429,0.568568],[-0.215616,-0.968503,0.124545]],[[0.557472,-0.11716,-0.821887],[0.818831,-0.0856536,0.567608],[-0.136899,-0.989412,0.048185]],[[0.557472,-0.11716,-0.821887],[0.830121,0.0919531,0.549949],[0.011143,-0.988847,0.148518]],[[0.557472,-0.11716,-0.821887],[0.821188,0.223259,0.525172],[0.121964,-0.967693,0.220671]]],"btipPosition":[160.492,357.828,108.879],"carpPosition":[145.141,227.316,124.921],"dipPosition":[162.66,340.625,112.802],"direction":[-0.011143,0.988847,-0.148518],"extended":true,"handId":187,"id":1874,"length":52.0948,"mcpPosition":[157.893,284.596,117.556],"pipPosition":[162.885,320.678,115.798],"stabilizedTipPosition":[159.522,351.036,112.502],"timeVisible":0.069813,"tipPosition":[153.224,352.675,109.472],"tipVelocity":[186.953,393.57,-402.258],"tool":false,"touchDistance":1,"touchZone":"none","type":4,"width":17.1962},{"bases":[[[0.825684,0.177713,-0.53541],[0.541285,0.017791,0.840651],[0.15892,-0.983922,-0.0815037]],[[0.840734,-0.0272474,-0.540762],[0.541289,0.0664911,0.838203],[0.0131171,-0.997415,0.07065]],[[0.840734,-0.0272474,-0.540762],[0.534619,0.199896,0.821111],[0.0857232,-0.979438,0.182626]],[[0.840734,-0.0272474,-0.540762],[0.514558,0.351036,0.782306],[0.168511,-0.935965,0.309148]]],"btipPosition":[101.065,383.344,144.138],"carpPosition":[118.677,224.409,151.153],"dipPosition":[104.034,366.851,149.586],"direction":[-0.0857232,0.979438,-0.182626],"extended":true,"handId":187,"id":1871,"length":60.6518,"mcpPosition":[106.752,298.24,157.269],"pipPosition":[106.171,342.436,154.138],"stabilizedTipPosition":[102.054,373.082,152.754],"timeVisible":0.069813,"tipPosition":[106.812,379.187,149.009],"tipVelocity":[-22.8119,401.469,-514.237],"tool":false,"touchDistance":0.467199,"touchZone":"none","type":1,"width":20.7146},{"bases":[[[0.735109,0.0374935,-0.676912],[0.676442,0.0259733,0.736038],[0.0451783,-0.998959,-0.00626901]],[[0.736495,-0.0251166,-0.675976],[0.675827,0.0699395,0.733734],[0.0288485,-0.997235,0.0684845]],[[0.736495,-0.0251166,-0.675976],[0.658894,0.252783,0.708491],[0.153081,-0.967197,0.202723]],[[0.736495,-0.0251166,-0.675976],[0.635975,0.366167,0.679307],[0.230459,-0.93021,0.285654]]],"btipPosition":[116.174,394.295,131.569],"carpPosition":[129.78,227.239,146.01],"dipPosition":[120.641,376.266,137.106],"direction":[-0.153081,0.967197,-0.202723],"extended":true,"handId":187,"id":1872,"length":69.1079,"mcpPosition":[126.565,298.325,146.456],"pipPosition":[125.131,347.9,143.051],"stabilizedTipPosition":[116.663,385.65,138.285],"timeVisible":0.069813,"tipPosition":[119.084,389.89,135.734],"tipVelocity":[33.7068,394.23,-515.669],"tool":false,"touchDistance":0.369036,"touchZone":"none","type":2,"width":20.3444}],"r":[[0.999289,-0.0368126,0.00808778],[0.0365969,0.999008,0.0253701],[-0.00901369,-0.025056,0.999645]],"s":1.07203,"t":[1.41834,20.6498,-16.3332],"timestamp":258640416889},{"currentFrameRate":29.5953,"devices":[],"gestures":[],"hands":[{"armBasis":[[0.769601,0.087979,-0.632435],[0.301062,0.82346,0.480911],[0.563095,-0.560512,0.607249]],"armWidth":67.2482,"confidence":0.407413,"direction":[0.0548231,0.991554,0.117538],"elbow":[291.082,47.3345,297.77],"grabAngle":0.311155,"grabStrength":0,"id":187,"palmNormal":[-0.552229,0.128183,-0.823779],"palmPosition":[123.564,276.771,131.369],"palmVelocity":[-119.543,264.118,-558.971],"palmWidth":92.8057,"pinchDistance":51.8416,"pinchStrength":0,"r":[[0.998703,-0.048475,0.0155681],[0.0479182,0.998261,0.0343396],[-0.0172057,-0.0335491,0.999289]],"s":1.09995,"sphereCenter":[15.5703,308.676,-66.7672],"sphereRadius":230.709,"stabilizedPalmPosition":[124.625,269.331,141.344],"t":[0.870432,27.7215,-24.6164],"timeVisible":0.0821,"type":"right","wrist":[136.013,201.693,130.541]}],"id":126986,"interactionBox":{"center":[0,200,0],"size":[235.247,235.247,147.751]},"pointables":[{"bases":[[[0.839376,0.0867796,0.536579],[-0.443929,-0.460185,0.768867],[0.313648,-0.883572,-0.347744]],[[0.779297,0.225254,0.584771],[-0.397579,-0.543581,0.739223],[0.484383,-0.808567,-0.334055]],[[0.779297,0.225254,0.584771],[-0.576627,-0.107598,0.809891],[0.245351,-0.968341,0.0460364]],[[0.779297,0.225254,0.584771],[-0.624952,0.210613,0.751716],[0.0461668,-0.951264,0.304902]]],"btipPosition":[64.578,317.305,138.884],"carpPosition":[98.9819,219.125,130.855],"dipPosition":[65.6924,294.343,146.244],"direction":[-0.245351,0.968341,-0.0460364],"extended":true,"handId":187,"id":1870,"length":53.7508,"mcpPosition":[98.9819,219.125,130.855],"pipPosition":[74.3201,260.292,147.863],"stabilizedTipPosition":[66.6582,307.565,149.427],"timeVisible":0.0821,"tipPosition":[68.0535,314.363,136.592],"tipVelocity":[-163.495,217.924,-650.189],"tool":false,"touchDistance":1,"touchZone":"none","type":0,"width":21.6861},{"bases":[[[0.741,0.0457467,-0.669945],[0.669466,0.0273515,0.742339],[0.0522835,-0.998579,-0.0103584]],[[0.742838,-0.0213662,-0.66913],[0.668722,0.070947,0.74012],[0.0316592,-0.997251,0.0669902]],[[0.742838,-0.0213662,-0.66913],[0.654693,0.232031,0.719402],[0.139888,-0.972474,0.186349]],[[0.742838,-0.0213662,-0.66913],[0.636644,0.331681,0.696184],[0.207063,-0.94315,0.259988]]],"btipPosition":[115.156,397.919,125.879],"carpPosition":[128.566,230.484,138.976],"dipPosition":[119.169,379.639,130.918],"direction":[-0.139888,0.972474,-0.186349],"extended":true,"handId":187,"id":1872,"length":69.1079,"mcpPosition":[124.845,301.543,139.713],"pipPosition":[123.272,351.118,136.383],"stabilizedTipPosition":[116.497,387.935,135.098],"timeVisible":0.0821,"tipPosition":[116.757,393.151,129.149],"tipVelocity":[-91.3924,290.24,-472.454],"tool":false,"touchDistance":0.364198,"touchZone":"none","type":2,"width":20.3444},{"bases":[[[0.688028,-0.103894,-0.718209],[0.722022,-0.00129644,0.691869],[-0.0728121,-0.994588,0.0741217]],[[0.690123,-0.0696724,-0.720331],[0.722706,0.0144066,0.691005],[-0.0377665,-0.997466,0.060295]],[[0.690123,-0.0696724,-0.720331],[0.719568,0.17218,0.672738],[0.0771554,-0.982598,0.16896]],[[0.690123,-0.0696724,-0.720331],[0.70191,0.306806,0.6428],[0.176216,-0.949219,0.260638]]],"btipPosition":[139.169,387.788,113.949],"carpPosition":[138.376,231.915,131.313],"dipPosition":[142.564,369.497,118.972],"direction":[-0.0771554,0.982598,-0.16896],"extended":true,"handId":187,"id":1873,"length":66.4491,"mcpPosition":[143.028,295.459,126.577],"pipPosition":[144.769,341.423,123.799],"stabilizedTipPosition":[139.823,379.283,120.516],"timeVisible":0.0821,"tipPosition":[132.654,382.077,113.962],"tipVelocity":[-85.3557,299.48,-439.232],"tool":false,"touchDistance":0.354254,"touchZone":"hovering","type":3,"width":19.359},{"bases":[[[0.546156,-0.216656,-0.809181],[0.810958,-0.105304,0.575551],[-0.209907,-0.970552,0.118187]],[[0.565255,-0.113046,-0.817134],[0.812026,-0.0981762,0.575304],[-0.145259,-0.988728,0.0363013]],[[0.565255,-0.113046,-0.817134],[0.824797,0.0606166,0.56217],[-0.014019,-0.991739,0.127503]],[[0.565255,-0.113046,-0.817134],[0.81912,0.194138,0.539771],[0.0976176,-0.974439,0.202335]]],"btipPosition":[160.378,361.552,103.548],"carpPosition":[144.119,230.765,118.031],"dipPosition":[162.113,344.229,107.145],"direction":[0.014019,0.991739,-0.127503],"extended":true,"handId":187,"id":1874,"length":52.0948,"mcpPosition":[156.533,288.166,111.041],"pipPosition":[161.83,324.223,109.717],"stabilizedTipPosition":[159.986,353.451,109.498],"timeVisible":0.0821,"tipPosition":[152.438,356.385,103.343],"tipVelocity":[-17.4042,300.783,-440.017],"tool":false,"touchDistance":1,"touchZone":"none","type":4,"width":17.1962},{"bases":[[[0.829283,0.185949,-0.526984],[0.533417,0.0177426,0.845666],[0.166601,-0.982399,-0.084475]],[[0.845836,-0.01734,-0.533161],[0.532919,0.0717548,0.843119],[0.0236371,-0.997272,0.0699336]],[[0.845836,-0.01734,-0.533161],[0.525715,0.196598,0.827631],[0.0904669,-0.980331,0.175405]],[[0.845836,-0.01734,-0.533161],[0.508453,0.328534,0.795953],[0.161359,-0.944333,0.286702]]],"btipPosition":[98.7896,386.537,137.82],"carpPosition":[117.437,227.552,144.004],"dipPosition":[101.633,369.896,142.872],"direction":[-0.0904669,0.980331,-0.175405],"extended":true,"handId":187,"id":1871,"length":60.6518,"mcpPosition":[104.936,301.269,150.343],"pipPosition":[103.888,345.458,147.244],"stabilizedTipPosition":[101.444,375.333,149.534],"timeVisible":0.0821,"tipPosition":[104.424,382.258,142.398],"tipVelocity":[-187.503,257.057,-521.646],"tool":false,"touchDistance":0.374151,"touchZone":"none","type":1,"width":20.7146}],"r":[[0.998703,-0.048475,0.0155681],[0.0479182,0.998261,0.0343396],[-0.0172057,-0.0335491,0.999289]],"s":1.09995,"t":[0.870432,27.7215,-24.6164],"timestamp":258640429176},{"currentFrameRate":32.7148,"devices":[],"gestures":[],"hands":[{"armBasis":[[0.785195,0.0968066,-0.611635],[0.316177,0.786585,0.530393],[0.532448,-0.609847,0.587014]],"armWidth":67.2482,"confidence":0.459132,"direction":[0.0419967,0.991627,0.122118],"elbow":[281.097,36.1346,283.926],"grabAngle":0.286396,"grabStrength":0,"id":187,"palmNormal":[-0.545478,0.125159,-0.828727],"palmPosition":[121.652,279.298,123.698],"palmVelocity":[-158.074,208.919,-634.346],"palmWidth":92.8057,"pinchDistance":64.6944,"pinchStrength":0,"r":[[0.998182,-0.0555258,0.0234238],[0.0544969,0.99761,0.0424893],[-0.0257271,-0.0411355,0.998822]],"s":1.12474,"sphereCenter":[20.2496,311.849,-76.6935],"sphereRadius":229.943,"stabilizedPalmPosition":[124.117,271.032,138.333],"t":[-0.359315,32.5206,-32.5937],"timeVisible":0.094193,"type":"right","wrist":[134.467,204.079,122.27]}],"id":126987,"interactionBox":{"center":[0,200,0],"size":[235.247,235.247,147.751]},"pointables":[{"bases":[[[0.832921,0.094353,0.545289],[-0.446115,-0.468569,0.762512],[0.327451,-0.878374,-0.348189]],[[0.764808,0.242893,0.596717],[-0.396806,-0.552089,0.73331],[0.507557,-0.797622,-0.325861]],[[0.764808,0.242893,0.596717],[-0.583257,-0.132357,0.801432],[0.273642,-0.960981,0.040441]],[[0.764808,0.242893,0.596717],[-0.639706,0.176396,0.748105],[0.0764508,-0.95388,0.290289]]],"btipPosition":[60.4462,318.797,130.865],"carpPosition":[97.7557,221.37,122.703],"dipPosition":[62.2915,295.773,137.872],"direction":[-0.273642,0.960981,-0.040441],"extended":true,"handId":187,"id":1870,"length":53.7508,"mcpPosition":[97.7557,221.37,122.703],"pipPosition":[71.9141,261.98,139.294],"stabilizedTipPosition":[65.4283,308.827,145.825],"timeVisible":0.094193,"tipPosition":[65.1937,315.953,128.901],"tipVelocity":[-327.771,122.205,-669.839],"tool":false,"touchDistance":1,"touchZone":"none","type":0,"width":21.6861},{"bases":[[[0.747037,0.0572268,-0.662315],[0.661684,0.0320778,0.749097],[0.064114,-0.997846,-0.0139027]],[[0.749672,-0.0110729,-0.661717],[0.660739,0.0693753,0.747403],[0.0376309,-0.997529,0.059325]],[[0.749672,-0.0110729,-0.661717],[0.647559,0.21865,0.729972],[0.136602,-0.975741,0.171086]],[[0.749672,-0.0110729,-0.661717],[0.631016,0.313406,0.709645],[0.199529,-0.949555,0.241939]]],"btipPosition":[112.816,400.657,119.499],"carpPosition":[127.122,233.04,131.166],"dipPosition":[116.683,382.253,124.188],"direction":[-0.136602,0.975741,-0.171086],"extended":true,"handId":187,"id":1872,"length":69.1079,"mcpPosition":[122.56,304.047,132.155],"pipPosition":[120.689,353.637,129.206],"stabilizedTipPosition":[115.891,389.778,131.945],"timeVisible":0.094193,"tipPosition":[113.516,395.661,121.785],"tipVelocity":[-196.299,224.079,-534.182],"tool":false,"touchDistance":0.358815,"touchZone":"none","type":2,"width":20.3444},{"bases":[[[0.696309,-0.0928203,-0.711715],[0.715072,0.00425895,0.699038],[-0.0618538,-0.995674,0.0693387]],[[0.697946,-0.0605438,-0.713586],[0.715291,0.0101364,0.698753],[-0.035072,-0.998114,0.0503811]],[[0.697946,-0.0605438,-0.713586],[0.712524,0.158848,0.68343],[0.0719746,-0.985445,0.154007]],[[0.697946,-0.0605438,-0.713586],[0.696302,0.290332,0.656408],[0.167436,-0.955009,0.244793]]],"btipPosition":[137.276,390.784,107.738],"carpPosition":[136.991,234.618,123.607],"dipPosition":[140.502,372.381,112.456],"direction":[-0.0719746,0.985445,-0.154007],"extended":true,"handId":187,"id":1873,"length":66.4491,"mcpPosition":[140.942,298.232,119.177],"pipPosition":[142.559,344.226,116.856],"stabilizedTipPosition":[139.325,381.288,117.291],"timeVisible":0.094193,"tipPosition":[130.37,384.922,106.979],"tipVelocity":[-159.736,245.606,-519.399],"tool":false,"touchDistance":0.349019,"touchZone":"hovering","type":3,"width":19.359},{"bases":[[[0.556684,-0.206854,-0.804559],[0.806376,-0.0982122,0.583192],[-0.199653,-0.97343,0.112129]],[[0.573673,-0.109754,-0.811698],[0.805011,-0.107363,0.583464],[-0.151184,-0.988143,0.0267614]],[[0.573673,-0.109754,-0.811698],[0.818546,0.0409167,0.572981],[-0.0296748,-0.993116,0.113311]],[[0.573673,-0.109754,-0.811698],[0.814907,0.176435,0.552085],[0.082619,-0.978174,0.190655]]],"btipPosition":[159.329,364.621,97.0956],"carpPosition":[142.878,233.592,110.378],"dipPosition":[160.798,347.232,100.485],"direction":[0.0296748,0.993116,-0.113311],"extended":true,"handId":187,"id":1874,"length":52.0948,"mcpPosition":[154.686,291.163,103.747],"pipPosition":[160.199,327.198,102.771],"stabilizedTipPosition":[159.899,355.409,106.323],"timeVisible":0.094193,"tipPosition":[150.796,359.481,96.4369],"tipVelocity":[-91.7916,252.576,-537.504],"tool":false,"touchDistance":1,"touchZone":"none","type":4,"width":17.1962},{"bases":[[[0.83224,0.197853,-0.51791],[0.524736,0.0204437,0.851019],[0.178965,-0.980018,-0.0868068]],[[0.851183,0.0012316,-0.524867],[0.52344,0.0717392,0.849037],[0.0386992,-0.997423,0.0604185]],[[0.851183,0.0012316,-0.524867],[0.515241,0.188693,0.836015],[0.100068,-0.982035,0.159977]],[[0.851183,0.0012316,-0.524867],[0.499363,0.306037,0.810542],[0.161627,-0.952019,0.259879]]],"btipPosition":[95.4923,388.948,131.34],"carpPosition":[115.979,229.958,136.071],"dipPosition":[98.3404,372.172,135.919],"direction":[-0.100068,0.982035,-0.159977],"extended":true,"handId":187,"id":1871,"length":60.6518,"mcpPosition":[102.55,303.496,142.584],"pipPosition":[100.835,347.692,139.907],"stabilizedTipPosition":[100.455,377.155,146.334],"timeVisible":0.094193,"tipPosition":[100.877,384.539,134.816],"tipVelocity":[-272.578,196.842,-544.815],"tool":false,"touchDistance":0.368661,"touchZone":"none","type":1,"width":20.7146}],"r":[[0.998182,-0.0555258,0.0234238],[0.0544969,0.99761,0.0424893],[-0.0257271,-0.0411355,0.998822]],"s":1.12474,"t":[-0.359315,32.5206,-32.5937],"timestamp":258640441269},{"currentFrameRate":35.8436,"devices":[],"gestures":[],"hands":[{"armBasis":[[0.797887,0.0969169,-0.594966],[0.32911,0.756874,0.564649],[0.505038,-0.646335,0.572003]],"armWidth":67.2482,"confidence":0.503368,"direction":[0.0287776,0.992386,0.119756],"elbow":[271.962,27.8115,272.106],"grabAngle":0.263059,"grabStrength":0,"id":187,"palmNormal":[-0.544719,0.116023,-0.830554],"palmPosition":[119.606,281.102,116.105],"palmVelocity":[-187.158,165.052,-694.544],"palmWidth":92.8057,"pinchDistance":65.6235,"pinchStrength":0,"r":[[0.997823,-0.0586093,0.0302451],[0.0570994,0.997186,0.0485804],[-0.0330072,-0.0467476,0.998361]],"s":1.14636,"sphereCenter":[27.7372,313.648,-77.9527],"sphereRadius":220.512,"stabilizedPalmPosition":[123.602,272.183,135.792],"t":[-1.99729,35.8224,-40.379],"timeVisible":0.105126,"type":"right","wrist":[132.881,205.804,114.583]}],"id":126988,"interactionBox":{"center":[0,200,0],"size":[235.247,235.247,147.751]},"pointables":[{"bases":[[[0.830086,0.106504,0.54737],[-0.442142,-0.472444,0.762435],[0.339804,-0.874902,-0.345079]],[[0.753997,0.264617,0.60122],[-0.389777,-0.556489,0.733753],[0.528736,-0.78759,-0.31645]],[[0.753997,0.264617,0.60122],[-0.583061,-0.151934,0.798095],[0.302536,-0.95231,0.03973]],[[0.753997,0.264617,0.60122],[-0.64765,0.146602,0.747701],[0.109715,-0.953145,0.281917]]],"btipPosition":[56.2595,319.46,123.098],"carpPosition":[96.4663,222.867,115.188],"dipPosition":[58.9077,296.454,129.902],"direction":[-0.302536,0.95231,-0.03973],"extended":true,"handId":187,"id":1870,"length":53.7508,"mcpPosition":[96.4663,222.867,115.188],"pipPosition":[69.5464,262.966,131.299],"stabilizedTipPosition":[64.1165,309.645,142.582],"timeVisible":0.105126,"tipPosition":[62.1214,316.767,121.395],"tipVelocity":[-366.049,61.0458,-714.701],"tool":false,"touchDistance":0.911044,"touchZone":"none","type":0,"width":21.6861},{"bases":[[[0.748095,0.0652925,-0.660372],[0.659098,0.0425128,0.750855],[0.0770994,-0.99696,-0.0112305]],[[0.751612,-0.00288449,-0.659599],[0.658082,0.0712012,0.749572],[0.0448022,-0.997458,0.0554139]],[[0.751612,-0.00288449,-0.659599],[0.645164,0.211321,0.734239],[0.137269,-0.977412,0.160692]],[[0.751612,-0.00288449,-0.659599],[0.629475,0.301918,0.715965],[0.19708,-0.953329,0.228741]]],"btipPosition":[110.096,402.611,112.602],"carpPosition":[125.655,234.938,123.703],"dipPosition":[113.915,384.134,117.035],"direction":[-0.137269,0.977412,-0.160692],"extended":true,"handId":187,"id":1872,"length":69.1079,"mcpPosition":[120.168,305.882,124.502],"pipPosition":[117.941,355.468,121.748],"stabilizedTipPosition":[115.136,391.096,129.132],"timeVisible":0.105126,"tipPosition":[110.046,397.425,113.858],"tipVelocity":[-249.785,177.15,-636.295],"tool":false,"touchDistance":0.353018,"touchZone":"hovering","type":2,"width":20.3444},{"bases":[[[0.699458,-0.0855219,-0.709538],[0.712983,0.0152665,0.701015],[-0.04912,-0.996219,0.071654]],[[0.700717,-0.0518679,-0.711551],[0.7128,0.0086866,0.701314],[-0.0301947,-0.998616,0.0430583]],[[0.700717,-0.0518679,-0.711551],[0.709733,0.152205,0.687832],[0.072625,-0.986987,0.143465]],[[0.700717,-0.0518679,-0.711551],[0.694239,0.279399,0.663302],[0.164402,-0.958773,0.231788]]],"btipPosition":[134.81,392.966,101.041],"carpPosition":[135.523,236.626,116.168],"dipPosition":[137.978,374.49,105.507],"direction":[-0.072625,0.986987,-0.143465],"extended":true,"handId":187,"id":1873,"length":66.4491,"mcpPosition":[138.662,300.274,111.59],"pipPosition":[140.053,346.291,109.606],"stabilizedTipPosition":[138.589,382.732,114.332],"timeVisible":0.105126,"tipPosition":[127.738,386.956,99.3988],"tipVelocity":[-226.768,198.052,-617.891],"tool":false,"touchDistance":0.34339,"touchZone":"hovering","type":3,"width":19.359},{"bases":[[[0.561587,-0.201588,-0.802485],[0.805936,-0.0862952,0.58568],[-0.187316,-0.975662,0.114004]],[[0.57755,-0.102657,-0.809875],[0.801757,-0.115442,0.586394],[-0.153691,-0.987995,0.0156322]],[[0.57755,-0.102657,-0.809875],[0.815547,0.0284225,0.577993],[-0.0363161,-0.994311,0.100137]],[[0.57755,-0.102657,-0.809875],[0.812963,0.162668,0.559133],[0.0743421,-0.981326,0.177405]]],"btipPosition":[157.555,366.879,90.4719],"carpPosition":[141.461,235.643,102.958],"dipPosition":[158.876,349.434,93.6256],"direction":[0.0363161,0.994311,-0.100137],"extended":true,"handId":187,"id":1874,"length":52.0948,"mcpPosition":[152.539,293.346,96.2157],"pipPosition":[158.144,329.376,95.6456],"stabilizedTipPosition":[159.516,356.81,103.482],"timeVisible":0.105126,"tipPosition":[148.752,361.712,88.9622],"tipVelocity":[-165.39,205.359,-610.805],"tool":false,"touchDistance":1,"touchZone":"none","type":4,"width":17.1962},{"bases":[[[0.831058,0.207369,-0.516082],[0.522026,0.0293522,0.852424],[0.191914,-0.977822,-0.0838586]],[[0.852418,0.0166376,-0.522596],[0.520115,0.0753058,0.85077],[0.0535093,-0.997022,0.0555386]],[[0.852418,0.0166376,-0.522596],[0.510946,0.185643,0.839327],[0.110981,-0.982476,0.149744]],[[0.852418,0.0166376,-0.522596],[0.495465,0.293581,0.817511],[0.167026,-0.955789,0.24201]]],"btipPosition":[92.0571,390.609,124.419],"carpPosition":[114.539,231.724,128.585],"dipPosition":[95.0003,373.767,128.683],"direction":[-0.110981,0.982476,-0.149744],"extended":true,"handId":187,"id":1871,"length":60.6518,"mcpPosition":[100.138,305.097,134.877],"pipPosition":[97.7668,349.275,132.416],"stabilizedTipPosition":[99.3976,378.467,143.467],"timeVisible":0.105126,"tipPosition":[97.1545,386.131,126.812],"tipVelocity":[-312.206,150.481,-639.669],"tool":false,"touchDistance":0.362833,"touchZone":"none","type":1,"width":20.7146}],"r":[[0.997823,-0.0586093,0.0302451],[0.0570994,0.997186,0.0485804],[-0.0330072,-0.0467476,0.998361]],"s":1.14636,"t":[-1.99729,35.8224,-40.379],"timestamp":258640452202},{"currentFrameRate":38.7851,"devices":[],"gestures":[],"hands":[{"armBasis":[[0.811489,0.0982049,-0.576057],[0.330797,0.735431,0.591367],[0.48172