{"frames":326,"data":[{"currentFrameRate":23.069,"devices":[],"gestures":[],"hands":[],"id":115158,"interactionBox":{"center":[0,200,0],"size":[235.247,235.247,147.751]},"pointables":[],"r":[[-0.962136,-0.269906,0.0380192],[0.215739,-0.839331,-0.498979],[0.166588,-0.471883,0.86578]],"s":0.686793,"t":[505.899,-233.461,348.339],"timestamp":258268672244},{"currentFrameRate":23.2558,"devices":[],"gestures":[],"hands":[],"id":115159,"interactionBox":{"center":[0,200,0],"size":[235.247,235.247,147.751]},"pointables":[],"r":[[-0.962136,-0.269906,0.0380192],[0.215739,-0.839331,-0.498979],[0.166588,-0.471883,0.86578]],"s":0.686793,"t":[505.899,-233.461,348.339],"timestamp":258268713799},{"currentFrameRate":23.4699,"devices":[],"gestures":[],"hands":[],"id":115160,"interactionBox":{"center":[0,200,0],"size":[235.247,235.247,147.751]},"pointables":[],"r":[[-0.962136,-0.269906,0.0380192],[0.215739,-0.839331,-0.498979],[0.166588,-0.471883,0.86578]],"s":0.686793,"t":[505.899,-233.461,348.339],"timestamp":258268754763},{"currentFrameRate":23.569,"devices":[],"gestures":[],"hands":[],"id":115161,"interactionBox":{"center":[0,200,0],"size":[235.247,235.247,147.751]},"pointables":[],"r":[[-0.962136,-0.269906,0.0380192],[0.215739,-0.839331,-0.498979],[0.166588,-0.471883,0.86578]],"s":0.686793,"t":[505.899,-233.461,348.339],"timestamp":258268796435},{"currentFrameRate":19.7127,"devices":[],"gestures":[],"hands":[],"id":115162,"interactionBox":{"center":[0,200,0],"size":[235.247,235.247,147.751]},"pointables":[],"r":[[-0.962136,-0.269906,0.0380192],[0.215739,-0.839331,-0.498979],[0.166588,-0.471883,0.86578]],"s":0.686793,"t":[505.899,-233.461,348.339],"timestamp":258268878909},{"currentFrameRate":20.5855,"devices":[],"gestures":[],"hands":[],"id":115163,"interactionBox":{"center":[0,200,0],"size":[235.247,235.247,147.751]},"pointables":[],"r":[[-0.962136,-0.269906,0.0380192],[0.215739,-0.839331,-0.498979],[0.166588,-0.471883,0.86578]],"s":0.686793,"t":[505.899,-233.461,348.339],"timestamp":258268919853},{"currentFrameRate":21.2633,"devices":[],"gestures":[],"hands":[],"id":115164,"interactionBox":{"center":[0,200,0],"size":[235.247,235.247,147.751]},"pointables":[],"r":[[-0.962136,-0.269906,0.0380192],[0.215739,-0.839331,-0.498979],[0.166588,-0.471883,0.86578]],"s":0.686793,"t":[505.899,-233.461,348.339],"timestamp":258268961147},{"currentFrameRate":21.818,"devices":[],"gestures":[],"hands":[],"id":115165,"interactionBox":{"center":[0,200,0],"size":[235.247,235.247,147.751]},"pointables":[],"r":[[-0.962136,-0.269906,0.0380192],[0.215739,-0.839331,-0.498979],[0.166588,-0.471883,0.86578]],"s":0.686793,"t":[505.899,-233.461,348.339],"timestamp":258269002404},{"currentFrameRate":22.2613,"devices":[],"gestures":[],"hands":[],"id":115166,"interactionBox":{"center":[0,200,0],"size":[235.247,235.247,147.751]},"pointables":[],"r":[[-0.962136,-0.269906,0.0380192],[0.215739,-0.839331,-0.498979],[0.166588,-0.471883,0.86578]],"s":0.686793,"t":[505.899,-233.461,348.339],"timestamp":258269043742},{"currentFrameRate":22.6331,"devices":[],"gestures":[],"hands":[],"id":115167,"interactionBox":{"center":[0,200,0],"size":[235.247,235.247,147.751]},"pointables":[],"r":[[-0.962136,-0.269906,0.0380192],[0.215739,-0.839331,-0.498979],[0.166588,-0.471883,0.86578]],"s":0.686793,"t":[505.899,-233.461,348.339],"timestamp":258269084967},{"currentFrameRate":22.9302,"devices":[],"gestures":[],"hands":[],"id":115168,"interactionBox":{"center":[0,200,0],"size":[235.247,235.247,147.751]},"pointables":[],"r":[[-0.962136,-0.269906,0.0380192],[0.215739,-0.839331,-0.498979],[0.166588,-0.471883,0.86578]],"s":0.686793,"t":[505.899,-233.461,348.339],"timestamp":258269126245},{"currentFrameRate":23.1465,"devices":[],"gestures":[],"hands":[],"id":115169,"interactionBox":{"center":[0,200,0],"size":[235.247,235.247,147.751]},"pointables":[],"r":[[-0.962136,-0.269906,0.0380192],[0.215739,-0.839331,-0.498979],[0.166588,-0.471883,0.86578]],"s":0.686793,"t":[505.899,-233.461,348.339],"timestamp":258269167767},{"currentFrameRate":23.3707,"devices":[],"gestures":[],"hands":[],"id":115170,"interactionBox":{"center":[0,200,0],"size":[235.247,235.247,147.751]},"pointables":[],"r":[[-0.962136,-0.269906,0.0380192],[0.215739,-0.839331,-0.498979],[0.166588,-0.471883,0.86578]],"s":0.686793,"t":[505.899,-233.461,348.339],"timestamp":258269208828},{"currentFrameRate":23.524,"devices":[],"gestures":[],"hands":[],"id":115171,"interactionBox":{"center":[0,200,0],"size":[235.247,235.247,147.751]},"pointables":[],"r":[[-0.962136,-0.269906,0.0380192],[0.215739,-0.839331,-0.498979],[0.166588,-0.471883,0.86578]],"s":0.686793,"t":[505.899,-233.461,348.339],"timestamp":258269250164},{"currentFrameRate":23.6625,"devices":[],"gestures":[],"hands":[{"armBasis":[[0.816824,-0.409954,-0.405878],[0.4818,0.871737,0.0891254],[0.317282,-0.268352,0.909571]],"armWidth":58.0278,"confidence":0,"direction":[-0.229003,0.282837,-0.93143],"elbow":[188.316,168.429,244.598],"grabAngle":1.27791,"grabStrength":0,"id":167,"palmNormal":[-0.494687,-0.857902,-0.138885],"palmPosition":[85.8971,253.35,-41.1886],"palmVelocity":[1.19209e-7,1.19209e-7,1.19209e-7],"palmWidth":82.8617,"pinchDistance":56.6226,"pinchStrength":0,"r":[[1,1.11022e-17,5.55112e-18],[-1.11022e-17,1,-1.11022e-17],[-5.55112e-18,1.11022e-17,1]],"s":1,"sphereCenter":[44.1804,206.468,-67.1021],"sphereRadius":69.3132,"stabilizedPalmPosition":[85.8971,253.35,-41.1886],"t":[0,0,0],"timeVisible":0,"type":"right","wrist":[110.303,234.412,20.9526]}],"id":115172,"interactionBox":{"center":[0,200,0],"size":[235.247,235.247,147.751]},"pointables":[{"bases":[[[0.735128,0.649909,-0.192888],[-0.364102,0.61851,0.69633],[0.571854,-0.441661,0.691317]],[[0.709624,0.668459,-0.2227],[-0.237099,0.524195,0.817926],[0.663489,-0.527618,0.530473]],[[0.709624,0.668459,-0.2227],[-0.51435,0.707492,0.484664],[0.481537,-0.229383,0.845876]],[[0.709624,0.668459,-0.2227],[-0.675692,0.73522,0.0537798],[0.199683,0.112313,0.973402]]],"btipPosition":[29.6392,270.369,-58.0285],"carpPosition":[79.0078,241.656,13.0962],"dipPosition":[33.8951,272.763,-37.2825],"direction":[-0.481537,0.229383,-0.845876],"extended":true,"handId":167,"id":1670,"length":47.4607,"mcpPosition":[79.0078,241.656,13.0962],"pipPosition":[48.8467,265.641,-11.0182],"stabilizedTipPosition":[30.6181,270.92,-53.2569],"timeVisible":0,"tipPosition":[30.6181,270.92,-53.2569],"tipVelocity":[1.19209e-7,1.19209e-7,1.19209e-7],"tool":false,"touchDistance":0.734479,"touchZone":"hovering","type":0,"width":18.441},{"bases":[[[0.788005,-0.375382,-0.487991],[0.434845,0.900455,0.00951889],[0.435841,-0.219701,0.872797]],[[0.843325,-0.403503,-0.354949],[0.445256,0.894461,0.0410684],[0.300916,-0.192677,0.933983]],[[0.843325,-0.403503,-0.354949],[0.333123,0.910789,-0.243911],[0.421702,0.0874548,0.902507]],[[0.843325,-0.403503,-0.354949],[0.172765,0.828988,-0.531913],[0.508877,0.387253,0.768817]]],"btipPosition":[33.5691,270.845,-122.822],"carpPosition":[91.7426,256.538,4.02224],"dipPosition":[41.4869,276.871,-110.86],"direction":[-0.421702,-0.0874548,-0.902507],"extended":true,"handId":167,"id":1671,"length":53.5541,"mcpPosition":[62.5423,271.257,-54.453],"pipPosition":[50.7691,278.796,-90.9946],"stabilizedTipPosition":[35.3902,272.231,-120.071],"timeVisible":0,"tipPosition":[35.3902,272.231,-120.071],"tipVelocity":[1.19209e-7,1.19209e-7,1.19209e-7],"tool":false,"touchDistance":-0.329396,"touchZone":"touching","type":1,"width":17.6149},{"bases":[[[0.753891,-0.549582,-0.360012],[0.571269,0.818987,-0.0539591],[0.3245,-0.164984,0.931386]],[[0.759734,-0.552525,-0.342811],[0.469938,0.830946,-0.297803],[0.449401,0.0651506,0.890951]],[[0.759734,-0.552525,-0.342811],[0.0902755,0.611735,-0.785895],[0.643936,0.566124,0.514636]],[[0.759734,-0.552525,-0.342811],[-0.269895,0.211692,-0.939331],[0.591574,0.806165,0.0117058]]],"btipPosition":[33.7812,233.054,-113.656],"carpPosition":[100.924,253.888,-1.84436],"dipPosition":[43.905,246.85,-113.455],"direction":[-0.643936,-0.566124,-0.514636],"extended":true,"handId":167,"id":1672,"length":61.0207,"mcpPosition":[80.3067,264.37,-61.0205],"pipPosition":[60.5804,261.51,-100.128],"stabilizedTipPosition":[36.1097,236.227,-113.61],"timeVisible":0,"tipPosition":[36.1097,236.227,-113.61],"tipVelocity":[1.19209e-7,1.19209e-7,1.19209e-7],"tool":false,"touchDistance":-0.226829,"touchZone":"touching","type":2,"width":17.3002},{"bases":[[[0.748202,-0.628035,-0.213928],[0.633725,0.771952,-0.0498244],[0.196433,-0.0982925,0.975578]],[[0.740842,-0.624196,-0.248058],[0.543084,0.773974,-0.325614],[0.395237,0.106512,0.912383]],[[0.740842,-0.624196,-0.248058],[0.199776,0.557367,-0.805873],[0.641282,0.547468,0.53762]],[[0.740842,-0.624196,-0.248058],[-0.178975,0.17251,-0.968612],[0.647396,0.761984,0.016087]]],"btipPosition":[55.0626,223.061,-113.203],"carpPosition":[109.543,248.564,-6.59236],"dipPosition":[66.078,236.026,-112.93],"direction":[-0.641282,-0.547468,-0.53762],"extended":true,"handId":167,"id":1673,"length":58.673,"mcpPosition":[98.3374,254.171,-62.2435],"pipPosition":[82.2559,249.837,-99.3668],"stabilizedTipPosition":[57.5962,226.043,-113.14],"timeVisible":0,"tipPosition":[57.5962,226.043,-113.14],"tipVelocity":[1.19209e-7,1.19209e-7,1.19209e-7],"tool":false,"touchDistance":-0.219005,"touchZone":"touching","type":3,"width":16.4622},{"bases":[[[0.650845,-0.754048,-0.0883844],[0.757231,0.653136,0.00389571],[0.0547894,-0.0694629,0.996079]],[[0.644633,-0.746386,-0.165396],[0.702885,0.663735,-0.25575],[0.300668,0.04861,0.952489]],[[0.644633,-0.746386,-0.165396],[0.360583,0.487619,-0.795115],[0.674113,0.452918,0.58347]],[[0.644633,-0.746386,-0.165396],[-0.0456496,0.178381,-0.982902],[0.763128,0.641161,0.080918]]],"btipPosition":[79.1756,221.451,-104.125],"carpPosition":[115.736,237.48,-9.19357],"dipPosition":[91.1545,231.516,-102.855],"direction":[-0.674113,-0.452918,-0.58347],"extended":true,"handId":167,"id":1674,"length":45.9985,"mcpPosition":[112.843,241.148,-61.7918],"pipPosition":[103.161,239.583,-92.4624],"stabilizedTipPosition":[81.9308,223.766,-103.833],"timeVisible":0,"tipPosition":[81.9308,223.766,-103.833],"tipVelocity":[1.19209e-7,1.19209e-7,1.19209e-7],"tool":false,"touchDistance":-0.0638832,"touchZone":"touching","type":4,"width":14.623}],"r":[[1,1.11022e-17,5.55112e-18],[-1.11022e-17,1,-1.11022e-17],[-5.55112e-18,1.11022e-17,1]],"s":1,"t":[0,0,0],"timestamp":258269291371},{"currentFrameRate":23.7412,"devices":[],"gestures":[],"hands":[{"armBasis":[[0.829035,-0.31284,-0.463499],[0.411502,0.902536,0.126863],[0.378637,-0.295905,0.876969]],"armWidth":58.9532,"confidence":0.215326,"direction":[-0.198825,0.306877,-0.93075],"elbow":[201.81,177.135,238.866],"grabAngle":0.982693,"grabStrength":0.245827,"id":167,"palmNormal":[-0.4281,-0.881506,-0.199191],"palmPosition":[85.4247,269.961,-39.0473],"palmVelocity":[-11.3768,400.026,51.5687],"palmWidth":82.8617,"pinchDistance":53.0231,"pinchStrength":0,"r":[[0.999856,0.0129974,0.010928],[-0.0130834,0.999884,0.00784224],[-0.0108249,-0.00798409,0.99991]],"s":0.977738,"sphereCenter":[40.9094,216.824,-68.9689],"sphereRadius":78.5695,"stabilizedPalmPosition":[85.5084,267.019,-39.4266],"t":[-0.236206,8.30535,1.07067],"timeVisible":0.041524,"type":"right","wrist":[108.711,249.892,23.2367]}],"id":115173,"interactionBox":{"center":[0,200,0],"size":[235.247,235.247,147.751]},"pointables":[{"bases":[[[0.698856,0.703925,-0.126848],[-0.440451,0.563258,0.699101],[0.563563,-0.432701,0.703681]],[[0.729126,0.678763,-0.0875045],[-0.325409,0.456321,0.828179],[0.602067,-0.575372,0.553591]],[[0.729126,0.678763,-0.0875045],[-0.592461,0.69002,0.415767],[0.342587,-0.251304,0.905252]],[[0.729126,0.678763,-0.0875045],[-0.680615,0.732556,0.0111736],[0.0716862,0.0514099,0.996101]]],"btipPosition":[37.2582,288.254,-59.1508],"carpPosition":[76.528,255.537,14.2805],"dipPosition":[38.7528,289.326,-38.3822],"direction":[-0.342587,0.251304,-0.905252],"extended":true,"handId":167,"id":1670,"length":46.4298,"mcpPosition":[76.528,255.537,14.2805],"pipPosition":[49.159,281.692,-10.8849],"stabilizedTipPosition":[36.9939,286.97,-54.2768],"timeVisible":0.041524,"tipPosition":[33.1091,286.143,-53.8245],"tipVelocity":[168.188,423.381,-26.9023],"tool":false,"touchDistance":0.677608,"touchZone":"hovering","type":0,"width":18.8642},{"bases":[[[0.798769,-0.568406,-0.197188],[0.582201,0.812904,0.0151349],[0.151692,-0.126892,0.980249]],[[0.78454,-0.556806,-0.272881],[0.544408,0.829189,-0.126749],[0.296844,-0.0491192,0.953662]],[[0.78454,-0.556806,-0.272881],[0.295082,0.722301,-0.625466],[0.545365,0.410181,0.730978]],[[0.78454,-0.556806,-0.272881],[0.096386,0.544233,-0.833379],[0.612541,0.627517,0.480641]]],"btipPosition":[63.3868,253.873,-123.343],"carpPosition":[107.511,265.248,-3.42546],"dipPosition":[73.5828,264.318,-115.343],"direction":[-0.545365,-0.410181,-0.730978],"extended":true,"handId":167,"id":1673,"length":57.3985,"mcpPosition":[98.8578,272.486,-59.3431],"pipPosition":[87.042,274.441,-97.303],"stabilizedTipPosition":[65.3768,254.956,-121.138],"timeVisible":0.041524,"tipPosition":[64.5321,251.252,-118.216],"tipVelocity":[195.928,728.076,-201.404],"tool":false,"touchDistance":-0.350884,"touchZone":"touching","type":3,"width":16.84},{"bases":[[[0.703707,-0.705721,-0.0821812],[0.71045,0.700175,0.0708237],[0.00755944,-0.108225,0.994098]],[[0.693285,-0.679046,-0.241356],[0.68462,0.725166,-0.0736823],[0.225057,-0.114154,0.967635]],[[0.693285,-0.679046,-0.241356],[0.443992,0.666258,-0.599142],[0.56765,0.308216,0.763398]],[[0.693285,-0.679046,-0.241356],[0.231216,0.52679,-0.817944],[0.682565,0.511263,0.522222]]],"btipPosition":[86.6999,250.8,-110.413],"carpPosition":[114.561,254.711,-6.11677],"dipPosition":[97.1814,258.651,-102.394],"direction":[-0.56765,-0.308216,-0.763398],"extended":true,"handId":167,"id":1674,"length":44.9993,"mcpPosition":[114.162,260.425,-58.6104],"pipPosition":[107.073,264.021,-89.0919],"stabilizedTipPosition":[88.8793,251.676,-108.416],"timeVisible":0.041524,"tipPosition":[87.9224,247.793,-105.775],"tipVelocity":[172.909,694.528,-114.047],"tool":false,"touchDistance":-0.22805,"touchZone":"touching","type":4,"width":14.9586},{"bases":[[[0.835691,-0.30223,-0.458561],[0.372331,0.925567,0.0685173],[0.403721,-0.227996,0.886018]],[[0.893939,-0.337803,-0.294554],[0.384978,0.915257,0.118725],[0.229487,-0.21953,0.948231]],[[0.893939,-0.337803,-0.294554],[0.209247,0.895751,-0.392231],[0.396344,0.288997,0.871431]],[[0.893939,-0.337803,-0.294554],[0.0881047,0.776836,-0.623509],[0.439443,0.531428,0.724206]]],"btipPosition":[37.6334,280.954,-118.937],"carpPosition":[88.6887,271.588,6.50545],"dipPosition":[44.3223,289.043,-107.913],"direction":[-0.396344,-0.288997,-0.871431],"extended":true,"handId":167,"id":1671,"length":52.3908,"mcpPosition":[61.6404,286.863,-52.8555],"pipPosition":[52.8568,295.266,-89.1487],"stabilizedTipPosition":[38.9707,282.251,-116.596],"timeVisible":0.041524,"tipPosition":[38.3736,286.697,-118.56],"tipVelocity":[91.0711,254.866,88.3706],"tool":false,"touchDistance":-0.27059,"touchZone":"touching","type":1,"width":18.0191},{"bases":[[[0.806752,-0.483583,-0.339557],[0.517027,0.855917,0.00944141],[0.286067,-0.183177,0.940538]],[[0.815145,-0.488973,-0.310555],[0.490854,0.867753,-0.0778933],[0.307572,-0.0889427,0.947359]],[[0.815145,-0.488973,-0.310555],[0.23223,0.767018,-0.598124],[0.530667,0.415437,0.738786]],[[0.815145,-0.488973,-0.310555],[0.0542751,0.59824,-0.799477],[0.576709,0.634834,0.514191]]],"btipPosition":[43.8377,264.098,-126.713],"carpPosition":[98.3194,269.793,1.04968],"dipPosition":[53.4927,274.726,-118.105],"direction":[-0.530667,-0.415437,-0.738786],"extended":true,"handId":167,"id":1672,"length":59.6951,"mcpPosition":[80.1439,281.431,-58.7079],"pipPosition":[66.9364,285.25,-99.3885],"stabilizedTipPosition":[45.4874,264.802,-124.095],"timeVisible":0.041524,"tipPosition":[44.1876,261.704,-121.212],"tipVelocity":[239.589,730.069,-267.877],"tool":false,"touchDistance":-0.399329,"touchZone":"touching","type":2,"width":17.6972}],"r":[[0.999856,0.0129974,0.010928],[-0.0130834,0.999884,0.00784224],[-0.0108249,-0.00798409,0.99991]],"s":0.977738,"t":[-0.236206,8.30535,1.07067],"timestamp":258269332895},{"currentFrameRate":23.8625,"devices":[],"gestures":[],"hands":[{"armBasis":[[0.823292,-0.26588,-0.501496],[0.398565,0.899852,0.177236],[0.404148,-0.345795,0.846811]],"armWidth":58.9532,"confidence":0.409234,"direction":[-0.168057,0.389585,-0.905527],"elbow":[207.572,178.523,233.637],"grabAngle":0.872086,"grabStrength":0.0915914,"id":167,"palmNormal":[-0.422465,-0.858424,-0.290915],"palmPosition":[86.4189,288.933,-35.4757],"palmVelocity":[24.254,462.833,87.1317],"palmWidth":82.8617,"pinchDistance":52.8229,"pinchStrength":0,"r":[[0.999402,0.0222999,0.0264394],[-0.0231374,0.999226,0.0318064],[-0.0257096,-0.0323991,0.999144]],"s":0.959959,"sphereCenter":[38.7794,216.582,-74.0102],"sphereRadius":96.2481,"stabilizedPalmPosition":[86.4135,288.802,-35.4993],"t":[0.14279,21.944,3.39181],"timeVisible":0.082515,"type":"right","wrist":[108.199,263.547,25.4229]}],"id":115174,"interactionBox":{"center":[0,200,0],"size":[235.247,235.247,147.751]},"pointables":[{"bases":[[[0.703471,0.709553,-0.0407767],[-0.462281,0.500388,0.732057],[0.539838,-0.496131,0.680021]],[[0.680816,0.72924,-0.0685396],[-0.373245,0.425923,0.824183],[0.63022,-0.535535,0.56216]],[[0.680816,0.72924,-0.0685396],[-0.638062,0.636427,0.433402],[0.359675,-0.251334,0.898591]],[[0.680816,0.72924,-0.0685396],[-0.722363,0.68397,0.101866],[0.121164,-0.0198419,0.992434]]],"btipPosition":[33.6737,302.234,-57.5081],"carpPosition":[75.7739,269.841,16.034],"dipPosition":[36.1999,301.82,-36.8159],"direction":[-0.359675,0.251334,-0.898591],"extended":true,"handId":167,"id":1670,"length":46.4298,"mcpPosition":[75.7739,269.841,16.034],"pipPosition":[47.1251,294.186,-9.52091],"stabilizedTipPosition":[34.2659,302.077,-52.7551],"timeVisible":0.082515,"tipPosition":[34.4743,304.729,-51.3975],"tipVelocity":[-81.6579,332.71,39.6464],"tool":false,"touchDistance":0.667558,"touchZone":"hovering","type":0,"width":18.8642},{"bases":[[[0.80407,-0.551813,-0.221302],[0.58239,0.805898,0.106537],[0.119558,-0.214547,0.969369]],[[0.791877,-0.53281,-0.298401],[0.545115,0.836992,-0.0478985],[0.27528,-0.124734,0.953238]],[[0.791877,-0.53281,-0.298401],[0.362951,0.8036,-0.471693],[0.491118,0.265218,0.829736]],[[0.791877,-0.53281,-0.298401],[0.213436,0.699296,-0.682224],[0.572167,0.476548,0.667478]]],"btipPosition":[67.9066,283.693,-124.551],"carpPosition":[107.328,280.967,0.277032],"dipPosition":[77.4305,291.625,-113.44],"direction":[-0.491118,-0.265218,-0.829736],"extended":true,"handId":167,"id":1673,"length":57.3985,"mcpPosition":[100.508,293.205,-55.0199],"pipPosition":[89.551,298.17,-92.963],"stabilizedTipPosition":[70.0701,285.342,-121.99],"timeVisible":0.082515,"tipPosition":[68.5327,279.23,-117.814],"tipVelocity":[106.492,713.358,-12.0013],"tool":false,"touchDistance":-0.351508,"touchZone":"touching","type":3,"width":16.84},{"bases":[[[0.705148,-0.698457,-0.122161],[0.708622,0.688118,0.15604],[-0.0249259,-0.196597,0.980168]],[[0.700824,-0.660753,-0.268794],[0.684249,0.729199,-0.00849191],[0.201616,-0.177971,0.96316]],[[0.700824,-0.660753,-0.268794],[0.512194,0.728387,-0.455092],[0.49649,0.181265,0.848906]],[[0.700824,-0.660753,-0.268794],[0.358022,0.651732,-0.668629],[0.616981,0.372357,0.693314]]],"btipPosition":[91.2893,277.794,-110.653],"carpPosition":[114.45,270.683,-3.11626],"dipPosition":[100.764,283.512,-100.007],"direction":[-0.49649,-0.181265,-0.848906],"extended":true,"handId":167,"id":1674,"length":44.9993,"mcpPosition":[115.766,281.064,-54.8743],"pipPosition":[109.415,286.67,-85.2148],"stabilizedTipPosition":[93.4497,278.997,-108.205],"timeVisible":0.082515,"tipPosition":[91.4476,273.818,-104.512],"tipVelocity":[106.311,646.57,8.88253],"tool":false,"touchDistance":-0.256043,"touchZone":"touching","type":4,"width":14.9586},{"bases":[[[0.849801,-0.263514,-0.456506],[0.371032,0.914208,0.162969],[0.374397,-0.307869,0.874668]],[[0.901936,-0.313009,-0.297551],[0.34994,0.933452,0.0787931],[0.253087,-0.175192,0.951449]],[[0.901936,-0.313009,-0.297551],[0.203133,0.915485,-0.347309],[0.381115,0.252808,0.889292]],[[0.901936,-0.313009,-0.297551],[0.107999,0.830567,-0.546347],[0.418148,0.460635,0.782923]]],"btipPosition":[38.859,301.349,-115.961],"carpPosition":[88.2008,286.472,10.1217],"dipPosition":[45.2237,308.36,-104.044],"direction":[-0.381115,-0.252808,-0.889292],"extended":true,"handId":167,"id":1671,"length":52.3908,"mcpPosition":[63.1171,307.099,-48.4788],"pipPosition":[53.4303,313.804,-84.8952],"stabilizedTipPosition":[40.3101,302.767,-113.252],"timeVisible":0.082515,"tipPosition":[41.4439,309.6,-114.177],"tipVelocity":[28.0788,491.507,77.597],"tool":false,"touchDistance":-0.242969,"touchZone":"touching","type":1,"width":18.0191},{"bases":[[[0.816784,-0.454649,-0.355187],[0.517489,0.849516,0.102609],[0.255086,-0.267614,0.929147]],[[0.825049,-0.463557,-0.323124],[0.487546,0.873064,-0.00762926],[0.285645,-0.151243,0.946326]],[[0.825049,-0.463557,-0.323124],[0.304558,0.846476,-0.436719],[0.475961,0.261905,0.839564]],[[0.825049,-0.463557,-0.323124],[0.160583,0.740611,-0.652463],[0.541763,0.486426,0.68548]]],"btipPosition":[48.4011,293.851,-127.574],"carpPosition":[98.0017,285.132,4.84127],"dipPosition":[57.471,301.994,-116.098],"direction":[-0.475961,-0.261905,-0.839564],"extended":true,"handId":167,"id":1672,"length":59.6951,"mcpPosition":[81.7947,302.135,-54.1926],"pipPosition":[69.5288,308.629,-94.8288],"stabilizedTipPosition":[50.4484,295.484,-124.928],"timeVisible":0.082515,"tipPosition":[48.4084,289.767,-120.494],"tipVelocity":[108.042,711.899,-4.91515],"tool":false,"touchDistance":-0.390751,"touchZone":"touching","type":2,"width":17.6972}],"r":[[0.999402,0.0222999,0.0264394],[-0.0231374,0.999226,0.0318064],[-0.0257096,-0.0323991,0.999144]],"s":0.959959,"t":[0.14279,21.944,3.39181],"timestamp":258269373886},{"currentFrameRate":27.2206,"devices":[],"gestures":[],"hands":[{"armBasis":[[0.824142,-0.243347,-0.511441],[0.387101,0.901184,0.19499],[0.413453,-0.358679,0.836903]],"armWidth":58.9532,"confidence":0.464214,"direction":[-0.156553,0.438419,-0.885031],"elbow":[209.596,178.368,231.604],"grabAngle":0.873153,"grabStrength":0.019356,"id":167,"palmNormal":[-0.417966,-0.841296,-0.34282],"palmPosition":[86.7214,294.919,-33.955],"palmVelocity":[23.4457,463.923,117.845],"palmWidth":82.8617,"pinchDistance":51.9304,"pinchStrength":0,"r":[[0.998698,0.0291552,0.0418633],[-0.0317083,0.997592,0.0616762],[-0.0399643,-0.0629233,0.997218]],"s":0.948361,"sphereCenter":[41.786,218.167,-77.8216],"sphereRadius":99.6576,"stabilizedPalmPosition":[86.6667,293.832,-34.2295],"t":[0.483559,31.7566,5.31272],"timeVisible":0.095419,"type":"right","wrist":[107.936,266.56,25.8256]}],"id":115175,"interactionBox":{"center":[0,200,0],"size":[235.247,235.247,147.751]},"pointables":[{"bases":[[[0.703385,0.710772,0.00719324],[-0.47217,0.459651,0.752181],[0.531323,-0.53247,0.658917]],[[0.652177,0.756231,-0.0527316],[-0.399086,0.401649,0.824263],[0.644512,-0.51652,0.563747]],[[0.652177,0.756231,-0.0527316],[-0.660259,0.600832,0.450621],[0.372456,-0.259068,0.891157]],[[0.652177,0.756231,-0.0527316],[-0.745722,0.652505,0.134669],[0.136248,-0.0485048,0.989487]]],"btipPosition":[31.9687,305.404,-57.0344],"carpPosition":[75.4214,273.044,16.2926],"dipPosition":[34.8095,304.393,-36.4036],"direction":[-0.372456,0.259068,-0.891157],"extended":true,"handId":167,"id":1670,"length":46.4298,"mcpPosition":[75.4214,273.044,16.2926],"pipPosition":[46.1229,296.524,-9.33444],"stabilizedTipPosition":[32.8631,304.718,-52.3576],"timeVisible":0.095419,"tipPosition":[34.4126,310.029,-50.2951],"tipVelocity":[-126.522,235.064,35.6171],"tool":false,"touchDistance":0.64103,"touchZone":"hovering","type":0,"width":18.8642},{"bases":[[[0.807317,-0.538853,-0.240577],[0.58032,0.798924,0.157953],[0.107089,-0.26713,0.957692]],[[0.797706,-0.518583,-0.307792],[0.538277,0.842418,-0.0242923],[0.271887,-0.146299,0.951143]],[[0.797706,-0.518583,-0.307792],[0.372061,0.824903,-0.425564],[0.474589,0.224957,0.850975]],[[0.797706,-0.518583,-0.307792],[0.232932,0.73575,-0.635936],[0.556244,0.435595,0.707707]]],"btipPosition":[69.2672,293.274,-123.693],"carpPosition":[107.17,285.015,1.57945],"dipPosition":[78.5261,300.525,-111.913],"direction":[-0.474589,-0.224957,-0.850975],"extended":true,"handId":167,"id":1673,"length":57.3985,"mcpPosition":[101.061,300.253,-53.0514],"pipPosition":[90.2386,306.077,-90.9111],"stabilizedTipPosition":[71.183,293.395,-121.145],"timeVisible":0.095419,"tipPosition":[70.0375,290.149,-117.257],"tipVelocity":[100.715,730.379,78.4329],"tool":false,"touchDistance":-0.329509,"touchZone":"touching","type":3,"width":16.84},{"bases":[[[0.707227,-0.690697,-0.150887],[0.705989,0.678627,0.202597],[-0.0375373,-0.249806,0.967568]],[[0.706144,-0.652601,-0.274721],[0.681218,0.731979,0.012186],[0.193137,-0.19575,0.961447]],[[0.706144,-0.652601,-0.274721],[0.522548,0.742123,-0.419757],[0.477811,0.152854,0.865062]],[[0.706144,-0.652601,-0.274721],[0.375327,0.67398,-0.636302],[0.600408,0.346211,0.720866]]],"btipPosition":[92.6953,286.31,-109.799],"carpPosition":[114.343,274.932,-2.27684],"dipPosition":[101.915,291.626,-98.7295],"direction":[-0.477811,-0.152854,-0.865062],"extended":true,"handId":167,"id":1674,"length":44.9993,"mcpPosition":[116.325,288.123,-53.3695],"pipPosition":[110.241,294.29,-83.6561],"stabilizedTipPosition":[94.6177,286.295,-107.391],"timeVisible":0.095419,"tipPosition":[92.867,283.973,-103.987],"tipVelocity":[104.419,652.774,73.7309],"tool":false,"touchDistance":-0.264217,"touchZone":"touching","type":4,"width":14.9586},{"bases":[[[0.855882,-0.238142,-0.459079],[0.36816,0.903977,0.217449],[0.363213,-0.355126,0.861372]],[[0.903932,-0.293261,-0.311295],[0.328011,0.942462,0.0646115],[0.274436,-0.160513,0.948114]],[[0.903932,-0.293261,-0.311295],[0.190816,0.927963,-0.320115],[0.382748,0.229962,0.894775]],[[0.903932,-0.293261,-0.311295],[0.095652,0.848068,-0.521183],[0.416842,0.441338,0.794647]]],"btipPosition":[38.4862,308.24,-113.902],"carpPosition":[87.9111,289.974,11.4595],"dipPosition":[44.8311,314.958,-101.806],"direction":[-0.382748,-0.229962,-0.894775],"extended":true,"handId":167,"id":1671,"length":52.3908,"mcpPosition":[63.5768,313.766,-46.2503],"pipPosition":[53.0728,319.91,-82.539],"stabilizedTipPosition":[40.0225,308.304,-111.57],"timeVisible":0.095419,"tipPosition":[42.1794,317.775,-111.812],"tipVelocity":[-29.2407,528.808,162.794],"tool":false,"touchDistance":-0.238407,"touchZone":"touching","type":1,"width":18.0191},{"bases":[[[0.821698,-0.434525,-0.368782],[0.515442,0.842686,0.155564],[0.243171,-0.317913,0.916406]],[[0.830438,-0.446424,-0.333286],[0.476553,0.87909,0.00990389],[0.288567,-0.167053,0.942774]],[[0.830438,-0.446424,-0.333286],[0.314166,0.869301,-0.381596],[0.460079,0.212185,0.862151]],[[0.830438,-0.446424,-0.333286],[0.182949,0.783586,-0.593736],[0.526216,0.432086,0.732392]]],"btipPosition":[49.4746,303.687,-126.569],"carpPosition":[97.7811,288.924,6.2421],"dipPosition":[58.2842,310.921,-114.307],"direction":[-0.460079,-0.212185,-0.862151],"extended":true,"handId":167,"id":1672,"length":59.6951,"mcpPosition":[82.3311,309.123,-51.9822],"pipPosition":[69.9397,316.296,-92.4659],"stabilizedTipPosition":[51.3129,303.589,-123.959],"timeVisible":0.095419,"tipPosition":[49.9623,300.807,-119.665],"tipVelocity":[78.5524,746.05,91.9025],"tool":false,"touchDistance":-0.362221,"touchZone":"touching","type":2,"width":17.6972}],"r":[[0.998698,0.0291552,0.0418633],[-0.0317083,0.997592,0.0616762],[-0.0399643,-0.0629233,0.997218]],"s":0.948361,"t":[0.483559,31.7566,5.31272],"timestamp":258269386790},{"currentFrameRate":30.3725,"devices":[],"gestures":[],"hands":[{"armBasis":[[0.826398,-0.222393,-0.517308],[0.37848,0.899601,0.217878],[0.416916,-0.375845,0.8276]],"armWidth":58.9532,"confidence":0.515677,"direction":[-0.155843,0.46608,-0.870909],"elbow":[210.482,177.608,230.603],"grabAngle":0.840397,"grabStrength":0,"id":167,"palmNormal":[-0.411082,-0.832305,-0.37186],"palmPosition":[86.7651,300.112,-31.8194],"palmVelocity":[3.39697,403.686,166.027],"palmWidth":82.8617,"pinchDistance":51.5228,"pinchStrength":0.00846735,"r":[[0.997842,0.0352579,0.0553863],[-0.0402566,0.994955,0.0918954],[-0.0518668,-0.0939268,0.994227]],"s":0.942659,"sphereCenter":[44.177,218.041,-80.2933],"sphereRadius":104.543,"stabilizedPalmPosition":[86.747,298.952,-32.2646],"t":[0.675792,39.2592,7.34098],"timeVisible":0.108282,"type":"right","wrist":[107.97,270.021,27.1119]}],"id":115176,"interactionBox":{"center":[0,200,0],"size":[235.247,235.247,147.751]},"pointables":[{"bases":[[[0.698697,0.714639,0.0333662],[-0.478187,0.431813,0.764771],[0.532127,-0.550299,0.643438]],[[0.623818,0.779948,-0.0503287],[-0.421087,0.389646,0.819062],[0.658436,-0.489752,0.571494]],[[0.623818,0.779948,-0.0503287],[-0.679921,0.573316,0.457184],[0.385434,-0.25098,0.887947]],[[0.623818,0.779948,-0.0503287],[-0.767898,0.623625,0.146369],[0.145547,-0.0526604,0.987949]]],"btipPosition":[30.732,307.52,-55.9103],"carpPosition":[75.4057,276.535,17.6392],"dipPosition":[33.7666,306.422,-35.3116],"direction":[-0.385434,0.25098,-0.887947],"extended":true,"handId":167,"id":1670,"length":46.4298,"mcpPosition":[75.4057,276.535,17.6392],"pipPosition":[45.4743,298.798,-8.33997],"stabilizedTipPosition":[31.6853,306.813,-51.3838],"timeVisible":0.108282,"tipPosition":[33.8142,313.751,-48.5512],"tipVelocity":[-92.6772,162.925,86.811],"tool":false,"touchDistance":0.62701,"touchZone":"hovering","type":0,"width":18.8642},{"bases":[[[0.811779,-0.525538,-0.254607],[0.574453,0.797032,0.186399],[0.10497,-0.297574,0.94891]],[[0.802756,-0.504074,-0.318578],[0.532807,0.846229,0.00361542],[0.267768,-0.172643,0.94789]],[[0.802756,-0.504074,-0.318578],[0.385109,0.846144,-0.368418],[0.455273,0.173063,0.87337]],[[0.802756,-0.504074,-0.318578],[0.255815,0.773706,-0.579601],[0.538648,0.383781,0.750047]]],"btipPosition":[70.2862,302.371,-122.44],"carpPosition":[107.134,289.183,3.45932],"dipPosition":[79.2522,308.759,-109.955],"direction":[-0.455273,-0.173063,-0.87337],"extended":true,"handId":167,"id":1673,"length":57.3985,"mcpPosition":[101.146,306.158,-50.6706],"pipPosition":[90.488,313.03,-88.4008],"stabilizedTipPosition":[72.1895,302.416,-119.783],"timeVisible":0.108282,"tipPosition":[70.603,298.437,-115.65],"tipVelocity":[73.9827,691.781,110.002],"tool":false,"touchDistance":-0.303667,"touchZone":"touching","type":3,"width":16.84},{"bases":[[[0.712322,-0.680867,-0.170345],[0.700723,0.676146,0.227626],[-0.039805,-0.281507,0.958733]],[[0.712018,-0.642697,-0.28279],[0.6765,0.735786,0.0310954],[0.188088,-0.213448,0.958678]],[[0.712018,-0.642697,-0.28279],[0.536338,0.757742,-0.37171],[0.453179,0.112993,0.884229]],[[0.712018,-0.642697,-0.28279],[0.402345,0.703509,-0.585828],[0.575455,0.303341,0.759497]]],"btipPosition":[93.8321,294.24,-108.589],"carpPosition":[114.388,279.278,-0.693476],"dipPosition":[102.669,298.898,-96.9264],"direction":[-0.453179,-0.112993,-0.884229],"extended":true,"handId":167,"id":1674,"length":44.9993,"mcpPosition":[116.49,294.143,-51.3197],"pipPosition":[110.565,300.867,-81.519],"stabilizedTipPosition":[95.7097,294.191,-106.091],"timeVisible":0.108282,"tipPosition":[93.4152,291.719,-102.363],"tipVelocity":[81.5308,604.728,104.669],"tool":false,"touchDistance":-0.262604,"touchZone":"touching","type":4,"width":14.9586},{"bases":[[[0.859261,-0.217547,-0.462972],[0.361373,0.898727,0.248391],[0.362049,-0.380739,0.850858]],[[0.904975,-0.273904,-0.325571],[0.312846,0.947003,0.0728882],[0.288352,-0.167816,0.942704]],[[0.904975,-0.273904,-0.325571],[0.181285,0.940514,-0.287347],[0.38491,0.201021,0.900797]],[[0.904975,-0.273904,-0.325571],[0.0895298,0.870676,-0.483641],[0.415938,0.408534,0.812463]]],"btipPosition":[37.8917,315.078,-111.436],"carpPosition":[87.8041,293.693,13.4142],"dipPosition":[44.2228,321.297,-99.0697],"direction":[-0.38491,-0.201021,-0.900797],"extended":true,"handId":167,"id":1671,"length":52.3908,"mcpPosition":[63.5477,319.202,-43.5912],"pipPosition":[52.5111,325.625,-79.6728],"stabilizedTipPosition":[39.4873,314.812,-109.208],"timeVisible":0.108282,"tipPosition":[42.1801,324.615,-109.044],"tipVelocity":[-46.464,522.66,196.51],"tool":false,"touchDistance":-0.229928,"touchZone":"touching","type":1,"width":18.0191},{"bases":[[[0.825996,-0.416989,-0.379277],[0.5093,0.840433,0.185165],[0.241546,-0.346111,0.906566]],[[0.834356,-0.429492,-0.345524],[0.46929,0.882288,0.0365233],[0.289165,-0.192625,0.937699]],[[0.834356,-0.429492,-0.345524],[0.324267,0.889324,-0.322418],[0.445759,0.156969,0.881283]],[[0.834356,-0.429492,-0.345524],[0.200301,0.820208,-0.535853],[0.513546,0.377883,0.770373]]],"btipPosition":[50.0476,312.837,-124.881],"carpPosition":[97.7016,292.878,8.2072],"dipPosition":[58.6451,319.163,-111.984],"direction":[-0.445759,-0.156969,-0.881283],"extended":true,"handId":167,"id":1672,"length":59.6951,"mcpPosition":[82.3549,314.868,-49.392],"pipPosition":[69.9378,323.14,-89.6578],"stabilizedTipPosition":[51.9144,312.63,-122.232],"timeVisible":0.108282,"tipPosition":[50.4411,308.986,-117.779],"tipVelocity":[40.7525,695.097,142.569],"tool":false,"touchDistance":-0.326824,"touchZone":"touching","type":2,"width":17.6972}],"r":[[0.997842,0.0352579,0.0553863],[-0.0402566,0.994955,0.0918954],[-0.0518668,-0.0939268,0.994227]],"s":0.942659,"t":[0.675792,39.2592,7.34098],"timestamp":258269399653},{"currentFrameRate":33.5518,"devices":[],"gestures":[],"hands":[{"armBasis":[[0.826622,-0.216169,-0.519583],[0.37961,0.895778,0.231252],[0.415442,-0.388397,0.82253]],"armWidth":58.9532,"confidence":0.558435,"direction":[-0.159807,0.479584,-0.862821],"elbow":[210.293,177.107,229.576],"grabAngle":0.805852,"grabStrength":0,"id":167,"palmNormal":[-0.412647,-0.826479,-0.382956],"palmPosition":[86.7255,303.603,-31.0485],"palmVelocity":[-3.47422,305.917,67.5449],"palmWidth":82.8617,"pinchDistance":51.4529,"pinchStrength":0.0155201,"r":[[0.99706,0.0396652,0.0655559],[-0.0472819,0.991762,0.11905],[-0.0602937,-0.1218,0.990722]],"s":0.940479,"sphereCenter":[45.7361,216.608,-82.5869],"sphereRadius":109.022,"stabilizedPalmPosition":[86.7298,302.669,-31.2928],"t":[0.752082,44.7562,8.74055],"timeVisible":0.119695,"type":"right","wrist":[108.144,272.606,27.3317]}],"id":115177,"interactionBox":{"center":[0,200,0],"size":[235.247,235.247,147.751]},"pointables":[{"bases":[[[0.698754,0.714164,0.0413799],[-0.474801,0.419735,0.773554],[0.535076,-0.560172,0.632377]],[[0.605839,0.793422,-0.0586562],[-0.434119,0.391465,0.811354],[0.666708,-0.466086,0.581605]],[[0.605839,0.793422,-0.0586562],[-0.690269,0.560868,0.457118],[0.395585,-0.236451,0.88747]],[[0.605839,0.793422,-0.0586562],[-0.780171,0.606926,0.15157],[0.155859,-0.0460654,0.986705]]],"btipPosition":[30.0179,308.586,-55.8821],"carpPosition":[75.591,279.255,18.0866],"dipPosition":[33.2675,307.625,-35.3094],"direction":[-0.395585,0.236451,-0.88747],"extended":true,"handId":167,"id":1670,"length":46.4298,"mcpPosition":[75.591,279.255,18.0866],"pipPosition":[45.2836,300.443,-8.35222],"stabilizedTipPosition":[30.9654,308.027,-51.2012],"timeVisible":0.119695,"tipPosition":[33.2109,315.975,-47.9629],"tipVelocity":[-58.2384,96.1439,1.94714],"tool":false,"touchDistance":0.597975,"touchZone":"hovering","type":0,"width":18.8642},{"bases":[[[0.810691,-0.521346,-0.266417],[0.575188,0.794135,0.196236],[0.109264,-0.312326,0.94367]],[[0.801907,-0.500012,-0.327006],[0.532809,0.846139,0.0127936],[0.270296,-0.184491,0.944936]],[[0.801907,-0.500012,-0.327006],[0.396251,0.854748,-0.335247],[0.447136,0.13926,0.883559]],[[0.801907,-0.500012,-0.327006],[0.276212,0.795606,-0.539184],[0.529766,0.342052,0.776111]]],"btipPosition":[70.4091,308.159,-122.204],"carpPosition":[107.254,292.129,3.96362],"dipPosition":[79.2272,313.852,-109.286],"direction":[-0.447136,-0.13926,-0.883559],"extended":true,"handId":167,"id":1673,"length":57.3985,"mcpPosition":[101.021,309.946,-49.8674],"pipPosition":[90.2622,317.289,-87.48],"stabilizedTipPosition":[72.4016,308.455,-119.312],"timeVisible":0.119695,"tipPosition":[70.3407,303.658,-115.122],"tipVelocity":[7.78937,493.146,29.3783],"tool":false,"touchDistance":-0.296605,"touchZone":"touching","type":3,"width":16.84},{"bases":[[[0.711632,-0.67799,-0.184144],[0.701656,0.672645,0.235004],[-0.0354673,-0.296442,0.954392]],[[0.711213,-0.641252,-0.288049],[0.676809,0.735373,0.0340088],[0.190015,-0.219141,0.957012]],[[0.711213,-0.641252,-0.288049],[0.546461,0.762083,-0.347291],[0.442218,0.0895906,0.892422]],[[0.711213,-0.641252,-0.288049],[0.420593,0.716484,-0.556554],[0.563273,0.274677,0.779279]]],"btipPosition":[94.0227,299.069,-108.436],"carpPosition":[114.491,282.291,-0.37576],"dipPosition":[102.672,303.287,-96.4697],"direction":[-0.442218,-0.0895906,-0.892422],"extended":true,"handId":167,"id":1674,"length":44.9993,"mcpPosition":[116.364,297.945,-50.7727],"pipPosition":[110.378,304.848,-80.9196],"stabilizedTipPosition":[95.9722,299.268,-105.738],"timeVisible":0.119695,"tipPosition":[93.1894,296.477,-101.917],"tipVelocity":[12.9294,414.279,19.5189],"tool":false,"touchDistance":-0.266566,"touchZone":"touching","type":4,"width":14.9586},{"bases":[[[0.857201,-0.210133,-0.470161],[0.362377,0.89481,0.260763],[0.36591,-0.393902,0.843179]],[[0.90268,-0.267288,-0.337233],[0.309065,0.948007,0.0758995],[0.299413,-0.17274,0.938357]],[[0.90268,-0.267288,-0.337233],[0.184188,0.94827,-0.25857],[0.388901,0.171292,0.905216]],[[0.90268,-0.267288,-0.337233],[0.0967743,0.889715,-0.446142],[0.41929,0.370088,0.828994]]],"btipPosition":[37.2368,320.16,-110.442],"carpPosition":[87.9682,296.48,14.0743],"dipPosition":[43.619,325.794,-97.824],"direction":[-0.388901,-0.171292,-0.905216],"extended":true,"handId":167,"id":1671,"length":52.3908,"mcpPosition":[63.4531,322.87,-42.4166],"pipPosition":[51.9932,329.482,-78.3319],"stabilizedTipPosition":[38.8769,319.994,-107.907],"timeVisible":0.119695,"tipPosition":[41.7068,329.085,-107.677],"tipVelocity":[-56.3507,433.51,92.178],"tool":false,"touchDistance":-0.235615,"touchZone":"touching","type":1,"width":18.0191},{"bases":[[[0.824335,-0.410862,-0.389441],[0.510025,0.837538,0.195971],[0.245654,-0.360171,0.899962]],[[0.83297,-0.424084,-0.355407],[0.468649,0.882201,0.045704],[0.294159,-0.204632,0.933593]],[[0.83297,-0.424084,-0.355407],[0.335205,0.897796,-0.285658],[0.440226,0.11881,0.889992]],[[0.83297,-0.424084,-0.355407],[0.219559,0.842915,-0.491211],[0.507893,0.331131,0.795234]]],"btipPosition":[49.9477,318.865,-124.318],"carpPosition":[97.8423,295.748,8.81084],"dipPosition":[58.4506,324.408,-111.005],"direction":[-0.440226,-0.11881,-0.889992],"extended":true,"handId":167,"id":1672,"length":59.6951,"mcpPosition":[82.2346,318.631,-48.3687],"pipPosition":[69.6031,327.418,-88.4582],"stabilizedTipPosition":[51.9052,318.908,-121.416],"timeVisible":0.119695,"tipPosition":[50.1477,314.256,-117.016],"tipVelocity":[-10.6577,512.4,57.6945],"tool":false,"touchDistance":-0.312598,"touchZone":"touching","type":2,"width":17.6972}],"r":[[0.99706,0.0396652,0.0655559],[-0.0472819,0.991762,0.11905],[-0.0602937,-0.1218,0.990722]],"s":0.940479,"t":[0.752082,44.7562,8.74055],"timestamp":258269411066},{"currentFrameRate":36.5563,"devices":[],"gestures":[],"hands":[{"armBasis":[[0.826105,-0.212204,-0.522034],[0.382117,0.891819,0.24217],[0.41417,-0.399536,0.817823]],"armWidth":58.9532,"confidence":0.598368,"direction":[-0.166023,0.48769,-0.857085],"elbow":[209.781,176.705,228.531],"grabAngle":0.771472,"grabStrength":0,"id":167,"palmNormal":[-0.414946,-0.823005,-0.38792],"palmPosition":[86.1807,306.514,-30.4979],"palmVelocity":[-47.7994,255.346,48.3098],"palmWidth":82.8617,"pinchDistance":51.6613,"pinchStrength":0.013572,"r":[[0.996446,0.042937,0.0724694],[-0.0529597,0.988363,0.1426],[-0.0655033,-0.145931,0.987124]],"s":0.940985,"sphereCenter":[46.2264,214.762,-84.6423],"sphereRadius":113.615,"stabilizedPalmPosition":[86.2785,305.829,-30.6396],"t":[0.517819,48.9599,9.71566],"timeVisible":0.131093,"type":"right","wrist":[107.945,274.943,27.4441]}],"id":11