{"frames":274,"data":[{"currentFrameRate":23.7688,"devices":[],"gestures":[],"hands":[],"id":106838,"interactionBox":{"center":[0,200,0],"size":[235.247,235.247,147.751]},"pointables":[],"r":[[-0.962136,-0.269906,0.0380192],[0.215739,-0.839331,-0.498979],[0.166588,-0.471883,0.86578]],"s":0.686793,"t":[505.899,-233.461,348.339],"timestamp":258040195658},{"currentFrameRate":23.7257,"devices":[],"gestures":[],"hands":[],"id":106839,"interactionBox":{"center":[0,200,0],"size":[235.247,235.247,147.751]},"pointables":[],"r":[[-0.962136,-0.269906,0.0380192],[0.215739,-0.839331,-0.498979],[0.166588,-0.471883,0.86578]],"s":0.686793,"t":[505.899,-233.461,348.339],"timestamp":258040238132},{"currentFrameRate":23.7808,"devices":[],"gestures":[],"hands":[],"id":106840,"interactionBox":{"center":[0,200,0],"size":[235.247,235.247,147.751]},"pointables":[],"r":[[-0.962136,-0.269906,0.0380192],[0.215739,-0.839331,-0.498979],[0.166588,-0.471883,0.86578]],"s":0.686793,"t":[505.899,-233.461,348.339],"timestamp":258040279766},{"currentFrameRate":23.7782,"devices":[],"gestures":[],"hands":[],"id":106841,"interactionBox":{"center":[0,200,0],"size":[235.247,235.247,147.751]},"pointables":[],"r":[[-0.962136,-0.269906,0.0380192],[0.215739,-0.839331,-0.498979],[0.166588,-0.471883,0.86578]],"s":0.686793,"t":[505.899,-233.461,348.339],"timestamp":258040321841},{"currentFrameRate":23.777,"devices":[],"gestures":[],"hands":[],"id":106842,"interactionBox":{"center":[0,200,0],"size":[235.247,235.247,147.751]},"pointables":[],"r":[[-0.962136,-0.269906,0.0380192],[0.215739,-0.839331,-0.498979],[0.166588,-0.471883,0.86578]],"s":0.686793,"t":[505.899,-233.461,348.339],"timestamp":258040363908},{"currentFrameRate":23.7535,"devices":[],"gestures":[],"hands":[],"id":106843,"interactionBox":{"center":[0,200,0],"size":[235.247,235.247,147.751]},"pointables":[],"r":[[-0.962136,-0.269906,0.0380192],[0.215739,-0.839331,-0.498979],[0.166588,-0.471883,0.86578]],"s":0.686793,"t":[505.899,-233.461,348.339],"timestamp":258040406184},{"currentFrameRate":23.777,"devices":[],"gestures":[],"hands":[],"id":106844,"interactionBox":{"center":[0,200,0],"size":[235.247,235.247,147.751]},"pointables":[],"r":[[-0.962136,-0.269906,0.0380192],[0.215739,-0.839331,-0.498979],[0.166588,-0.471883,0.86578]],"s":0.686793,"t":[505.899,-233.461,348.339],"timestamp":258040448064},{"currentFrameRate":23.6748,"devices":[],"gestures":[],"hands":[],"id":106845,"interactionBox":{"center":[0,200,0],"size":[235.247,235.247,147.751]},"pointables":[],"r":[[-0.962136,-0.269906,0.0380192],[0.215739,-0.839331,-0.498979],[0.166588,-0.471883,0.86578]],"s":0.686793,"t":[505.899,-233.461,348.339],"timestamp":258040491077},{"currentFrameRate":23.7896,"devices":[],"gestures":[],"hands":[],"id":106846,"interactionBox":{"center":[0,200,0],"size":[235.247,235.247,147.751]},"pointables":[],"r":[[-0.962136,-0.269906,0.0380192],[0.215739,-0.839331,-0.498979],[0.166588,-0.471883,0.86578]],"s":0.686793,"t":[505.899,-233.461,348.339],"timestamp":258040532243},{"currentFrameRate":23.7656,"devices":[],"gestures":[],"hands":[],"id":106847,"interactionBox":{"center":[0,200,0],"size":[235.247,235.247,147.751]},"pointables":[],"r":[[-0.962136,-0.269906,0.0380192],[0.215739,-0.839331,-0.498979],[0.166588,-0.471883,0.86578]],"s":0.686793,"t":[505.899,-233.461,348.339],"timestamp":258040574502},{"currentFrameRate":23.786,"devices":[],"gestures":[],"hands":[{"armBasis":[[0.02412,-0.999619,0.013402],[0.830097,0.0125554,-0.557478],[0.557098,0.0245714,0.830083]],"armWidth":62.8928,"confidence":0,"direction":[-0.436513,0.0339225,-0.899058],"elbow":[224,156.412,310.488],"grabAngle":2.67335,"grabStrength":1,"id":152,"palmNormal":[-0.899665,-0.00790762,0.436509],"palmPosition":[37.8703,159.258,24.9878],"palmVelocity":[1.19209e-7,1.19209e-7,1.19209e-7],"palmWidth":89.8088,"pinchDistance":36.2889,"pinchStrength":0.686004,"r":[[1,-6.93889e-19,1.11022e-17],[6.93889e-19,1,-2.77556e-18],[-1.11022e-17,2.77556e-18,1]],"s":1,"sphereCenter":[-13.0697,157.074,30.516],"sphereRadius":43.1114,"stabilizedPalmPosition":[37.8703,159.258,24.9878],"t":[0,0,0],"timeVisible":0,"type":"right","wrist":[75.5361,149.864,89.2747]}],"id":106848,"interactionBox":{"center":[0,200,0],"size":[235.247,235.247,147.751]},"pointables":[{"bases":[[[0.716409,-0.388461,-0.579531],[0.578894,0.794603,0.182997],[0.38941,-0.466587,0.794139]],[[0.532953,-0.198864,-0.822444],[0.60825,0.765736,0.209],[0.588213,-0.611638,0.52906]],[[0.532953,-0.198864,-0.822444],[0.366878,0.930181,0.0128261],[0.762471,-0.308572,0.568701]],[[0.532953,-0.198864,-0.822444],[0.0321327,0.976045,-0.215182],[0.845535,0.0882545,0.526576]]],"btipPosition":[-17.1572,216.367,22.0666],"carpPosition":[57.0149,177.886,79.4355],"dipPosition":[2.37448,218.406,34.2304],"direction":[-0.762471,0.308572,-0.568701],"extended":true,"handId":152,"id":1520,"length":51.4398,"mcpPosition":[57.0149,177.886,79.4355],"pipPosition":[28.0339,208.021,53.3689],"stabilizedTipPosition":[-12.6649,216.836,24.8643],"timeVisible":0,"tipPosition":[-12.6649,216.836,24.8643],"tipVelocity":[1.19209e-7,1.19209e-7,1.19209e-7],"tool":false,"touchDistance":1,"touchZone":"none","type":0,"width":19.9871},{"bases":[[[-0.0808802,-0.97951,-0.184442],[0.82607,0.0376723,-0.562307],[0.557734,-0.197841,0.806097]],[[0.00589311,-0.998286,-0.0582237],[0.133624,0.0584887,-0.989305],[0.991015,-0.00195,0.13374]],[[0.00589311,-0.998286,-0.0582237],[-0.850545,0.0256152,-0.525278],[0.525869,0.0526174,-0.848936]],[[0.00589311,-0.998286,-0.0582237],[-0.994219,-0.0120913,0.106684],[-0.107206,0.0572584,-0.992587]]],"btipPosition":[-23.5544,182.669,34.0312],"carpPosition":[69.7064,170.441,61.2452],"dipPosition":[-25.3622,183.635,17.2924],"direction":[-0.525869,-0.0526174,0.848936],"extended":false,"handId":152,"id":1521,"length":58.0441,"mcpPosition":[29.2069,184.807,2.71085],"pipPosition":[-12.8168,184.89,-2.96033],"stabilizedTipPosition":[-23.9702,182.891,30.1813],"timeVisible":0,"tipPosition":[-23.9702,182.891,30.1813],"tipVelocity":[1.19209e-7,1.19209e-7,1.19209e-7],"tool":false,"touchDistance":0.333333,"touchZone":"none","type":1,"width":19.0917},{"bases":[[[-0.144416,-0.989208,0.0247406],[0.812548,-0.132821,-0.56756],[0.564721,-0.0618621,0.82296]],[[-0.124865,-0.990752,0.0530929],[0.0911556,-0.0647409,-0.99373],[0.987977,-0.119242,0.0983965]],[[-0.124865,-0.990752,0.0530929],[-0.861254,0.0816659,-0.50157],[0.492595,-0.108355,-0.863486]],[[-0.124865,-0.990752,0.0530929],[-0.977457,0.132019,0.164766],[-0.170252,-0.0313226,-0.984903]]],"btipPosition":[-26.7609,172.398,38.7658],"carpPosition":[69.7977,158.843,57.6142],"dipPosition":[-29.9187,171.817,20.4978],"direction":[-0.492595,0.108355,0.863486],"extended":false,"handId":152,"id":1522,"length":66.1366,"mcpPosition":[30.9097,163.103,0.943296],"pipPosition":[-16.0929,168.776,-3.73788],"stabilizedTipPosition":[-27.4872,172.265,34.5642],"timeVisible":0,"tipPosition":[-27.4872,172.265,34.5642],"tipVelocity":[1.19209e-7,1.19209e-7,1.19209e-7],"tool":false,"touchDistance":0.333333,"touchZone":"none","type":2,"width":18.7506},{"bases":[[[-0.120579,-0.974683,0.188291],[0.817742,-0.20506,-0.537819],[0.562814,0.0891235,0.821765]],[[-0.122614,-0.974999,0.185316],[0.0798496,-0.195812,-0.977385],[0.989237,-0.105044,0.101863]],[[-0.122614,-0.974999,0.185316],[-0.871704,0.0165371,-0.489754],[0.474445,-0.221592,-0.851938]],[[-0.122614,-0.974999,0.185316],[-0.978006,0.15045,0.144462],[-0.168732,-0.163528,-0.972002]]],"btipPosition":[-19.9627,155.036,42.6619],"carpPosition":[68.32,146.839,56.742],"dipPosition":[-23.0744,152.02,24.7368],"direction":[-0.474445,0.221592,0.851938],"extended":false,"handId":152,"id":1523,"length":63.5921,"mcpPosition":[33.523,141.329,5.93486],"pipPosition":[-10.1019,145.962,1.44277],"stabilizedTipPosition":[-20.6784,154.343,38.5391],"timeVisible":0,"tipPosition":[-20.6784,154.343,38.5391],"tipVelocity":[1.19209e-7,1.19209e-7,1.19209e-7],"tool":false,"touchDistance":0.333333,"touchZone":"none","type":3,"width":17.8424},{"bases":[[[-0.188075,-0.910447,0.368393],[0.835522,-0.345478,-0.427257],[0.516267,0.227444,0.825674]],[[-0.195821,-0.913766,0.355929],[0.172643,-0.389411,-0.90474],[0.965323,-0.115718,0.23401]],[[-0.195821,-0.913766,0.355929],[-0.812861,-0.0517836,-0.580152],[0.548554,-0.402927,-0.732624]],[[-0.195821,-0.913766,0.355929],[-0.97987,0.1967,-0.0341092],[-0.0388436,-0.355444,-0.93389]]],"btipPosition":[-10.5655,139.828,36.249],"carpPosition":[62.6006,134.981,61.6398],"dipPosition":[-11.2263,133.78,20.3607],"direction":[-0.548554,0.402927,0.732624],"extended":false,"handId":152,"id":1524,"length":49.855,"mcpPosition":[33.0534,121.963,14.3844],"pipPosition":[-0.636527,126.002,6.21744],"stabilizedTipPosition":[-10.7175,138.437,32.5947],"timeVisible":0,"tipPosition":[-10.7175,138.437,32.5947],"tipVelocity":[1.19209e-7,1.19209e-7,1.19209e-7],"tool":false,"touchDistance":0.333333,"touchZone":"none","type":4,"width":15.849}],"r":[[1,-6.93889e-19,1.11022e-17],[6.93889e-19,1,-2.77556e-18],[-1.11022e-17,2.77556e-18,1]],"s":1,"t":[0,0,0],"timestamp":258040616389},{"currentFrameRate":23.79,"devices":[],"gestures":[],"hands":[{"armBasis":[[0.0432715,-0.996851,-0.0664446],[0.769082,0.0756869,-0.634653],[0.637684,-0.0236389,0.769935]],"armWidth":66.1053,"confidence":0.217741,"direction":[-0.474119,0.0241741,-0.880129],"elbow":[245.632,152.509,298.943],"grabAngle":2.44902,"grabStrength":1,"id":152,"palmNormal":[-0.878907,-0.0723544,0.471473],"palmPosition":[34.3721,167.802,31.6025],"palmVelocity":[-83.2811,203.421,157.474],"palmWidth":89.8088,"pinchDistance":34.4033,"pinchStrength":0.744474,"r":[[0.999891,0.012449,-0.00791399],[-0.0124146,0.999913,0.00438919],[0.00796794,-0.00429047,0.999959]],"s":1.00778,"sphereCenter":[-19.3078,158.059,40.6579],"sphereRadius":46.8183,"stabilizedPalmPosition":[37.0351,161.298,26.567],"t":[-1.74911,4.27236,3.30735],"timeVisible":0.042005,"type":"right","wrist":[75.6927,158.808,93.7597]}],"id":106849,"interactionBox":{"center":[0,200,0],"size":[235.247,235.247,147.751]},"pointables":[{"bases":[[[0.714641,-0.331792,-0.615794],[0.536014,0.825372,0.177341],[0.449419,-0.456809,0.76769]],[[0.476389,-0.122299,-0.870687],[0.526877,0.832492,0.171342],[0.703885,-0.54037,0.461026]],[[0.476389,-0.122299,-0.870687],[0.280213,0.95976,0.0185054],[0.833387,-0.252794,0.491488]],[[0.476389,-0.122299,-0.870687],[-0.00191737,0.990132,-0.140126],[0.879233,0.0684237,0.471453]]],"btipPosition":[-29.7364,220.252,34.7947],"carpPosition":[54.5443,186.524,85.6458],"dipPosition":[-8.9036,221.874,45.9655],"direction":[-0.833387,0.252793,-0.491488],"extended":true,"handId":152,"id":1520,"length":52.7637,"mcpPosition":[54.5443,186.524,85.6458],"pipPosition":[19.8642,213.147,62.9312],"stabilizedTipPosition":[-16.6945,218.079,28.966],"timeVisible":0.042005,"tipPosition":[-21.3108,221.633,35.592],"tipVelocity":[-292.345,90.2119,297.576],"tool":false,"touchDistance":1,"touchZone":"none","type":0,"width":21.4563},{"bases":[[[-0.0527309,-0.983774,0.171489],[0.806143,-0.143287,-0.57411],[0.589366,0.107971,0.800618]],[[-0.0705915,-0.986597,0.147115],[0.114981,-0.154548,-0.981272],[0.990856,-0.052354,0.12435]],[[-0.0705915,-0.986597,0.147115],[-0.802274,-0.0314871,-0.596125],[0.592768,-0.160108,-0.789298]],[[-0.0705915,-0.986597,0.147115],[-0.99729,0.0667418,-0.0309482],[0.0207147,-0.148901,-0.988635]]],"btipPosition":[-31.4784,159.687,47.5607],"carpPosition":[66.7978,156.688,61.8474],"dipPosition":[-31.0866,156.871,28.8596],"direction":[-0.592768,0.160108,0.789298],"extended":false,"handId":152,"id":1523,"length":65.2287,"mcpPosition":[30.3592,150.012,12.3478],"pipPosition":[-14.4618,152.38,6.72285],"stabilizedTipPosition":[-25.7313,156.559,40.7661],"timeVisible":0.042005,"tipPosition":[-26.7441,159.012,45.5677],"tipVelocity":[-254.968,111.819,112.374],"tool":false,"touchDistance":0.333333,"touchZone":"none","type":3,"width":19.1539},{"bases":[[[-0.116632,-0.927376,0.355486],[0.837009,-0.28445,-0.467445],[0.534615,0.243026,0.809398]],[[-0.12356,-0.930452,0.344953],[0.190421,-0.363388,-0.91197],[0.973896,-0.0469965,0.222077]],[[-0.12356,-0.930452,0.344953],[-0.762647,-0.13337,-0.632916],[0.634904,-0.34128,-0.693127]],[[-0.12356,-0.930452,0.344953],[-0.986243,0.0766756,-0.146445],[0.109811,-0.358302,-0.927125]]],"btipPosition":[-17.9278,145.187,42.3368],"carpPosition":[62.022,144.403,66.7063],"dipPosition":[-16.0115,138.934,26.1576],"direction":[-0.634904,0.34128,0.693127],"extended":false,"handId":152,"id":1524,"length":51.1381,"mcpPosition":[31.4246,130.494,20.3825],"pipPosition":[-3.43926,132.176,12.4325],"stabilizedTipPosition":[-12.1703,139.577,33.8868],"timeVisible":0.042005,"tipPosition":[-13.9524,143.824,40.0678],"tipVelocity":[-161.161,126.463,143.338],"tool":false,"touchDistance":0.333333,"touchZone":"none","type":4,"width":17.014},{"bases":[[[-0.028064,-0.978872,-0.202538],[0.798548,0.099923,-0.593579],[0.601276,-0.178395,0.778873]],[[0.0147008,-0.989068,-0.146723],[0.210127,0.146518,-0.966633],[0.977563,-0.0166202,0.209984]],[[0.0147008,-0.989068,-0.146723],[-0.771212,0.0821799,-0.631252],[0.636409,0.122434,-0.761573]],[[0.0147008,-0.989068,-0.146723],[-0.996842,-0.00304427,-0.0793561],[0.0780419,0.147426,-0.985989]]],"btipPosition":[-36.1892,188.369,36.8095],"carpPosition":[66.9156,180.238,66.8088],"dipPosition":[-34.8393,190.919,19.7541],"direction":[-0.636409,-0.122434,0.761573],"extended":false,"handId":152,"id":1521,"length":59.538,"mcpPosition":[23.2542,193.192,10.2514],"pipPosition":[-19.2659,193.915,1.11791],"stabilizedTipPosition":[-31.5566,186.754,31.9048],"timeVisible":0.042005,"tipPosition":[-31.963,188.145,36.5509],"tipVelocity":[-283.503,144.361,64.4091],"tool":false,"touchDistance":0.333333,"touchZone":"none","type":1,"width":20.495},{"bases":[[[-0.0822904,-0.99657,0.00873083],[0.795315,-0.0709464,-0.602031],[0.600585,-0.0425976,0.798425]],[[-0.0907772,-0.995868,-0.00256337],[0.160108,-0.0120539,-0.987026],[0.982917,-0.0900099,0.160541]],[[-0.0907772,-0.995868,-0.00256337],[-0.770804,0.0718911,-0.633003],[0.630572,-0.0554864,-0.774145]],[[-0.0907772,-0.995868,-0.00256337],[-0.993286,0.0907266,-0.0717757],[0.0717117,-0.00396944,-0.997418]]],"btipPosition":[-41.2711,177.74,41.3716],"carpPosition":[67.5703,168.741,62.9236],"dipPosition":[-39.9068,177.664,22.3953],"direction":[-0.630572,0.0554864,0.774145],"extended":false,"handId":152,"id":1522,"length":67.8387,"mcpPosition":[26.2126,171.674,7.94225],"pipPosition":[-21.7528,176.067,0.10801],"stabilizedTipPosition":[-37.0863,176.154,36.305],"timeVisible":0.042005,"tipPosition":[-36.2926,177.151,40.3742],"tipVelocity":[-320.678,129.925,58.1574],"tool":false,"touchDistance":0.333333,"touchZone":"none","type":2,"width":20.1288}],"r":[[0.999891,0.012449,-0.00791399],[-0.0124146,0.999913,0.00438919],[0.00796794,-0.00429047,0.999959]],"s":1.00778,"t":[-1.74911,4.27236,3.30735],"timestamp":258040658394},{"currentFrameRate":24.7937,"devices":[],"gestures":[],"hands":[{"armBasis":[[0.00979275,-0.987873,-0.154953],[0.702691,0.117047,-0.701801],[0.711428,-0.102012,0.695316]],"armWidth":66.1053,"confidence":0.375271,"direction":[-0.512809,0.035424,-0.857772],"elbow":[265.201,136.765,278.713],"grabAngle":2.36351,"grabStrength":1,"id":152,"palmNormal":[-0.854959,-0.111769,0.506511],"palmPosition":[30.8786,174.312,33.8121],"palmVelocity":[-106.22,197.928,67.1822],"palmWidth":89.8088,"pinchDistance":33.2297,"pinchStrength":0.7645,"r":[[0.999338,0.0283829,-0.0227399],[-0.0280673,0.999507,0.01408],[0.0231283,-0.0134324,0.999642]],"s":1.01697,"sphereCenter":[-22.9165,161.41,45.0502],"sphereRadius":48.272,"stabilizedPalmPosition":[34.5149,166.625,29.5328],"t":[-4.3704,9.66336,6.0658],"timeVisible":0.074894,"type":"right","wrist":[75.6088,163.951,93.4146]}],"id":106850,"interactionBox":{"center":[0,200,0],"size":[235.247,235.247,147.751]},"pointables":[{"bases":[[[0.695991,-0.29274,-0.655667],[0.519763,0.835403,0.178741],[0.495421,-0.465194,0.733589]],[[0.428049,-0.0735967,-0.900754],[0.49302,0.854328,0.164486],[0.757433,-0.514498,0.401979]],[[0.428049,-0.0735967,-0.900754],[0.236853,0.970977,0.0332209],[0.872167,-0.227566,0.433058]],[[0.428049,-0.0735967,-0.900754],[-0.0448373,0.993722,-0.1025],[0.902642,0.0842624,0.422062]]],"btipPosition":[-35.9441,223.269,42.7185],"carpPosition":[52.8681,192.062,87.473],"dipPosition":[-14.5567,225.266,52.7189],"direction":[-0.872167,0.227566,-0.433058],"extended":true,"handId":152,"id":1520,"length":52.7637,"mcpPosition":[52.8681,192.062,87.473],"pipPosition":[15.5497,217.411,67.6677],"stabilizedTipPosition":[-20.1545,219.443,32.8418],"timeVisible":0.074894,"tipPosition":[-26.7951,225.958,42.2754],"tipVelocity":[-184.87,94.3571,232.74],"tool":false,"touchDistance":1,"touchZone":"none","type":0,"width":21.4563},{"bases":[[[-0.0173467,-0.989419,0.144048],[0.783876,-0.102891,-0.612333],[0.620675,0.102293,0.777366]],[[-0.0454755,-0.99304,0.108647],[0.120877,-0.11343,-0.986165],[0.991625,-0.0317134,0.125194]],[[-0.0454755,-0.99304,0.108647],[-0.783652,-0.0319877,-0.620377],[0.619534,-0.113353,-0.776742]],[[-0.0454755,-0.99304,0.108647],[-0.996571,0.0375715,-0.0737212],[0.069126,-0.111627,-0.991343]]],"btipPosition":[-37.0109,163.696,49.0974],"carpPosition":[64.9023,163.296,62.2857],"dipPosition":[-35.7033,161.585,30.3451],"direction":[-0.619534,0.113353,0.776742],"extended":false,"handId":152,"id":1523,"length":65.2287,"mcpPosition":[26.5279,156.971,14.2236],"pipPosition":[-18.3278,158.406,8.56053],"stabilizedTipPosition":[-32.041,160.382,43.0755],"timeVisible":0.074894,"tipPosition":[-31.0414,163.298,48.8674],"tipVelocity":[-161.812,126.825,46.3674],"tool":false,"touchDistance":0.333333,"touchZone":"none","type":3,"width":19.1539},{"bases":[[[-0.0746726,-0.940237,0.332233],[0.82337,-0.246085,-0.511374],[0.56257,0.235365,0.792539]],[[-0.0859458,-0.94477,0.316263],[0.192777,-0.327209,-0.925079],[0.977471,-0.0185382,0.210253]],[[-0.0859458,-0.94477,0.316263],[-0.748308,-0.14836,-0.646548],[0.65776,-0.292231,-0.694228]],[[-0.0859458,-0.94477,0.316263],[-0.986225,0.035646,-0.161525],[0.141331,-0.325789,-0.934819]]],"btipPosition":[-21.9871,149.406,44.1502],"carpPosition":[60.6933,150.741,66.9755],"dipPosition":[-19.5207,143.721,27.8368],"direction":[-0.65776,0.292231,0.694228],"extended":false,"handId":152,"id":1524,"length":51.1381,"mcpPosition":[28.496,137.27,21.6166],"pipPosition":[-6.49591,137.934,14.0899],"stabilizedTipPosition":[-15.1687,142.339,35.9976],"timeVisible":0.074894,"tipPosition":[-17.0902,148.597,43.1467],"tipVelocity":[-119.577,132.246,54.2003],"tool":false,"touchDistance":0.333333,"touchZone":"none","type":4,"width":17.014},{"bases":[[[-0.00927844,-0.973057,-0.23038],[0.768568,0.140447,-0.624161],[0.6397,-0.182854,0.746557]],[[0.0279571,-0.982047,-0.186553],[0.223916,0.188036,-0.956297],[0.974207,-0.0150369,0.225153]],[[0.0279571,-0.982047,-0.186553],[-0.755184,0.101522,-0.647604],[0.654917,0.158987,-0.738788]],[[0.0279571,-0.982047,-0.186553],[-0.992653,-0.00529677,-0.120878],[0.117719,0.188561,-0.97498]]],"btipPosition":[-42.3154,193.467,38.8803],"carpPosition":[64.5727,186.687,67.9408],"dipPosition":[-40.2792,196.728,22.0153],"direction":[-0.654917,-0.158987,0.738788],"extended":false,"handId":152,"id":1521,"length":59.538,"mcpPosition":[18.1212,199.965,13.7299],"pipPosition":[-24.2529,200.619,3.93668],"stabilizedTipPosition":[-39.0324,192.176,34.1544],"timeVisible":0.074894,"tipPosition":[-37.2108,192.946,40.4665],"tipVelocity":[-181.47,159.981,64.2939],"tool":false,"touchDistance":0.333333,"touchZone":"none","type":1,"width":20.495},{"bases":[[[-0.0536526,-0.998405,-0.0175968],[0.769793,-0.0301301,-0.637582],[0.636035,-0.0477539,0.770182]],[[-0.0714335,-0.996677,-0.0391465],[0.178637,0.0258287,-0.983576],[0.981318,-0.0772533,0.176199]],[[-0.0714335,-0.996677,-0.0391465],[-0.746645,0.0794543,-0.66046],[0.661376,-0.0179505,-0.74984]],[[-0.0714335,-0.996677,-0.0391465],[-0.988621,0.075956,-0.129841],[0.132383,0.0294261,-0.990762]]],"btipPosition":[-47.865,182.346,42.4907],"carpPosition":[65.3806,175.331,63.6883],"dipPosition":[-45.3464,182.906,23.6411],"direction":[-0.661376,0.0179505,0.74984],"extended":false,"handId":152,"id":1522,"length":67.8387,"mcpPosition":[21.5818,178.619,10.6518],"pipPosition":[-26.3056,182.389,2.0535],"stabilizedTipPosition":[-45.2174,181.193,37.7801],"timeVisible":0.074894,"tipPosition":[-41.824,181.654,43.6332],"tipVelocity":[-192.419,144.496,34.913],"tool":false,"touchDistance":0.333333,"touchZone":"none","type":2,"width":20.1288}],"r":[[0.999338,0.0283829,-0.0227399],[-0.0280673,0.999507,0.01408],[0.0231283,-0.0134324,0.999642]],"s":1.01697,"t":[-4.3704,9.66336,6.0658],"timestamp":258040691283},{"currentFrameRate":27.6689,"devices":[],"gestures":[],"hands":[{"armBasis":[[-0.010624,-0.985424,-0.169784],[0.684416,0.116623,-0.719704],[0.729014,-0.123849,0.673201]],"armWidth":66.1053,"confidence":0.446266,"direction":[-0.527069,-0.0273218,-0.849383],"elbow":[269.169,138.599,272.582],"grabAngle":2.34003,"grabStrength":1,"id":152,"palmNormal":[-0.840943,-0.12734,0.525927],"palmPosition":[28.7399,178.106,34.055],"palmVelocity":[-131.797,233.815,14.9707],"palmWidth":89.8088,"pinchDistance":31.429,"pinchStrength":0.803283,"r":[[0.99801,0.0501383,-0.0382284],[-0.0496697,0.99868,0.0131107],[0.0388353,-0.0111858,0.999183]],"s":1.02069,"sphereCenter":[-24.3656,162.25,46.9694],"sphereRadius":48.7741,"stabilizedPalmPosition":[32.5673,170.497,31.0579],"t":[-6.75038,14.2559,7.56649],"timeVisible":0.091121,"type":"right","wrist":[74.8907,171.604,93.1777]}],"id":106851,"interactionBox":{"center":[0,200,0],"size":[235.247,235.247,147.751]},"pointables":[{"bases":[[[0.69862,-0.290405,-0.653908],[0.483166,0.86555,0.131807],[0.527713,-0.408029,0.745004]],[[0.412048,-0.0919692,-0.906509],[0.440574,0.890968,0.109868],[0.797566,-0.444655,0.407641]],[[0.412048,-0.0919692,-0.906509],[0.175637,0.984251,-0.0200219],[0.894074,-0.150966,0.421712]],[[0.412048,-0.0919692,-0.906509],[-0.124095,0.979958,-0.155828],[0.902672,0.176702,0.392377]]],"btipPosition":[-40.8386,222.211,42.5303],"carpPosition":[50.7079,199.279,86.4688],"dipPosition":[-19.4504,226.398,51.8274],"direction":[-0.894074,0.150966,-0.421712],"extended":true,"handId":152,"id":1520,"length":52.7637,"mcpPosition":[50.7079,199.279,86.4688],"pipPosition":[11.4122,221.187,66.3845],"stabilizedTipPosition":[-23.8625,220.321,35.6235],"timeVisible":0.091121,"tipPosition":[-31.7402,226.862,41.6363],"tipVelocity":[-301.614,-34.168,-21.5659],"tool":false,"touchDistance":1,"touchZone":"none","type":0,"width":21.4563},{"bases":[[[0.0307695,-0.981545,0.188741],[0.778265,-0.0949599,-0.620714],[0.627181,0.16599,0.760981]],[[0.00349432,-0.987829,0.155504],[0.12905,-0.153759,-0.979645],[0.991632,0.023491,0.126942]],[[0.00349432,-0.987829,0.155504],[-0.774401,-0.10106,-0.624572],[0.632686,-0.11824,-0.765329]],[[0.00349432,-0.987829,0.155504],[-0.996027,-0.0172753,-0.0873586],[0.0889818,-0.154581,-0.983965]]],"btipPosition":[-39.3873,164.884,49.6816],"carpPosition":[63.6729,169.969,62.3956],"dipPosition":[-37.7041,161.96,31.0689],"direction":[-0.632686,0.11824,0.765329],"extended":false,"handId":152,"id":1523,"length":65.2287,"mcpPosition":[24.8963,159.706,15.3466],"pipPosition":[-19.9597,158.643,9.60442],"stabilizedTipPosition":[-34.6401,161.812,43.9439],"timeVisible":0.091121,"tipPosition":[-33.0168,164.904,50.1541],"tipVelocity":[-141.121,61.6543,37.9809],"tool":false,"touchDistance":0.333333,"touchZone":"none","type":3,"width":19.1539},{"bases":[[[-0.0258657,-0.926463,0.375496],[0.825909,-0.23143,-0.514115],[0.56321,0.296827,0.77116]],[[-0.0386573,-0.932969,0.357875],[0.212934,-0.357608,-0.909272],[0.976302,0.0410538,0.212485]],[[-0.0386573,-0.932969,0.357875],[-0.73993,-0.213972,-0.637746],[0.671572,-0.289456,-0.68206]],[[-0.0386573,-0.932969,0.357875],[-0.985654,-0.0232822,-0.167165],[0.164292,-0.359203,-0.918684]]],"btipPosition":[-23.2259,151.005,45.5149],"carpPosition":[60.1233,157.463,67.719],"dipPosition":[-20.3588,144.737,29.483],"direction":[-0.671572,0.289456,0.68206],"extended":false,"handId":152,"id":1524,"length":51.1381,"mcpPosition":[27.8895,140.475,23.5837],"pipPosition":[-7.06054,139.005,15.977],"stabilizedTipPosition":[-16.3549,143.498,36.9324],"timeVisible":0.091121,"tipPosition":[-18.1421,150.612,45.1468],"tipVelocity":[-70.6642,90.2928,88.0871],"tool":false,"touchDistance":0.333333,"touchZone":"none","type":4,"width":17.014},{"bases":[[[0.0322944,-0.981995,-0.186127],[0.751512,0.14663,-0.643218],[0.658929,-0.119104,0.742716]],[[0.0646093,-0.986658,-0.149435],[0.213723,0.159954,-0.96371],[0.974755,0.0303269,0.221206]],[[0.0646093,-0.986658,-0.149435],[-0.753162,0.050025,-0.65593],[0.654654,0.154928,-0.739882]],[[0.0646093,-0.986658,-0.149435],[-0.990412,-0.0450777,-0.130582],[0.122104,0.156439,-0.980111]]],"btipPosition":[-46.0313,194.387,38.5021],"carpPosition":[62.3465,193.555,66.9965],"dipPosition":[-43.9191,197.093,21.5483],"direction":[-0.654654,-0.154928,0.739882],"extended":false,"handId":152,"id":1521,"length":59.538,"mcpPosition":[14.4987,202.204,13.0645],"pipPosition":[-27.8993,200.885,3.44292],"stabilizedTipPosition":[-42.59,193.724,34.3993],"timeVisible":0.091121,"tipPosition":[-40.4746,193.989,40.5343],"tipVelocity":[-227.914,48.8662,-24.5668],"tool":false,"touchDistance":0.333333,"touchZone":"none","type":1,"width":20.495},{"bases":[[[-0.00756962,-0.99957,0.0283261],[0.760437,-0.0241492,-0.648963],[0.649368,0.0166278,0.760292]],[[-0.0279909,-0.999599,0.00439803],[0.171134,-0.00912682,-0.985206],[0.98485,-0.0268242,0.171321]],[[-0.0279909,-0.999599,0.00439803],[-0.748648,0.0180479,-0.662722],[0.662377,-0.0218428,-0.748852]],[[-0.0279909,-0.999599,0.00439803],[-0.991412,0.0271989,-0.127915],[0.127744,-0.00794071,-0.991775]]],"btipPosition":[-50.6624,183.008,42.9585],"carpPosition":[63.6143,182.064,63.2462],"dipPosition":[-48.232,182.857,24.0896],"direction":[-0.662377,0.0218428,0.748852],"extended":false,"handId":152,"id":1522,"length":67.8387,"mcpPosition":[18.8973,180.919,10.8907],"pipPosition":[-29.1625,182.228,2.5304],"stabilizedTipPosition":[-48.0351,182.22,38.2637],"timeVisible":0.091121,"tipPosition":[-44.4128,182.59,44.4507],"tipVelocity":[-173.64,30.7531,28.5522],"tool":false,"touchDistance":0.333333,"touchZone":"none","type":2,"width":20.1288}],"r":[[0.99801,0.0501383,-0.0382284],[-0.0496697,0.99868,0.0131107],[0.0388353,-0.0111858,0.999183]],"s":1.02069,"t":[-6.75038,14.2559,7.56649],"timestamp":258040707510},{"currentFrameRate":30.2814,"devices":[],"gestures":[],"hands":[{"armBasis":[[-0.0172393,-0.980584,-0.195338],[0.67909,0.131909,-0.722106],[0.733853,-0.145101,0.663631]],"armWidth":66.1053,"confidence":0.513089,"direction":[-0.534087,-0.0526021,-0.843791],"elbow":[270.772,136.96,270.157],"grabAngle":2.32053,"grabStrength":1,"id":152,"palmNormal":[-0.831328,-0.148855,0.535478],"palmPosition":[28.3276,180.62,34.5847],"palmVelocity":[-24.9993,152.394,32.1147],"palmWidth":89.8088,"pinchDistance":31.8281,"pinchStrength":0.793208,"r":[[0.995881,0.0737817,-0.0527091],[-0.0733132,0.997251,0.0107715],[0.0533589,-0.00686287,0.998552]],"s":1.02618,"sphereCenter":[-24.3989,163.358,48.2371],"sphereRadius":49.1167,"stabilizedPalmPosition":[30.9625,174.329,32.3929],"t":[-8.14653,17.8089,8.58167],"timeVisible":0.107614,"type":"right","wrist":[75.2038,175.628,93.303]}],"id":106852,"interactionBox":{"center":[0,200,0],"size":[235.247,235.247,147.751]},"pointables":[{"bases":[[[0.701221,-0.274475,-0.657991],[0.456464,0.8818,0.118618],[0.547659,-0.383526,0.743624]],[[0.405145,-0.0873023,-0.910074],[0.414414,0.904831,0.0976887],[0.814935,-0.416725,0.402767]],[[0.405145,-0.0873023,-0.910074],[0.14758,0.988621,-0.0291376],[0.902262,-0.122504,0.413419]],[[0.405145,-0.0873023,-0.910074],[-0.16126,0.972999,-0.165128],[0.899918,0.21366,0.380128]]],"btipPosition":[-42.5088,222.703,43.4482],"carpPosition":[50.1109,203.005,86.5701],"dipPosition":[-21.1859,227.765,52.4551],"direction":[-0.902262,0.122504,-0.413419],"extended":true,"handId":152,"id":1520,"length":52.7637,"mcpPosition":[50.1109,203.005,86.5701],"pipPosition":[9.95942,223.536,66.7259],"stabilizedTipPosition":[-27.4724,221.252,38.2232],"timeVisible":0.107614,"tipPosition":[-33.6591,227.445,42.3386],"tipVelocity":[-102.176,42.0071,51.607],"tool":false,"touchDistance":1,"touchZone":"none","type":0,"width":21.4563},{"bases":[[[0.0639876,-0.97813,0.197905],[0.774887,-0.0762666,-0.627482],[0.628853,0.193505,0.75306]],[[0.0390053,-0.985033,0.167893],[0.139735,-0.160993,-0.977014],[0.98942,0.0615691,0.131364]],[[0.0390053,-0.985033,0.167893],[-0.762413,-0.137947,-0.632216],[0.645914,-0.103344,-0.756383]],[[0.0390053,-0.985033,0.167893],[-0.99322,-0.0566334,-0.101523],[0.109512,-0.162795,-0.980564]]],"btipPosition":[-40.0482,165.113,49.914],"carpPosition":[63.7747,173.884,62.6535],"dipPosition":[-37.9766,162.034,31.3656],"direction":[-0.645914,0.103344,0.756383],"extended":false,"handId":152,"id":1523,"length":65.2287,"mcpPosition":[24.8947,161.92,16.0942],"pipPosition":[-19.8613,159.135,10.152],"stabilizedTipPosition":[-36.3731,162.723,44.5427],"timeVisible":0.107614,"tipPosition":[-33.3847,165.513,50.9389],"tipVelocity":[-34.655,11.7485,14.9856],"tool":false,"touchDistance":0.333333,"touchZone":"none","type":3,"width":19.1539},{"bases":[[[0.00742119,-0.923023,0.384673],[0.827899,-0.210076,-0.520049],[0.560828,0.32233,0.762611]],[[-0.00353741,-0.929144,0.3697],[0.231051,-0.360458,-0.903706],[0.972935,0.0822228,0.215955]],[[-0.00353741,-0.929144,0.3697],[-0.729336,-0.250535,-0.636633],[0.684147,-0.271887,-0.676772]],[[-0.00353741,-0.929144,0.3697],[-0.983168,-0.0643013,-0.171012],[0.182667,-0.364082,-0.913278]]],"btipPosition":[-22.9833,151.672,46.0945],"carpPosition":[60.6787,161.325,68.1326],"dipPosition":[-19.7956,145.318,30.157],"direction":[-0.684147,0.271887,0.676772],"extended":false,"handId":152,"id":1524,"length":51.1381,"mcpPosition":[28.5812,142.878,24.4866],"pipPosition":[-6.24835,139.934,16.7557],"stabilizedTipPosition":[-17.1497,144.403,37.6735],"timeVisible":0.107614,"tipPosition":[-17.7922,151.673,46.1957],"tipVelocity":[19.1771,39.2115,36.4597],"tool":false,"touchDistance":0.333333,"touchZone":"none","type":4,"width":17.014},{"bases":[[[0.0619125,-0.982273,-0.176938],[0.740198,0.16411,-0.652054],[0.669532,-0.0905991,0.737237]],[[0.0911067,-0.985293,-0.144558],[0.210824,0.160955,-0.964182],[0.973269,0.0573671,0.222388]],[[0.0911067,-0.985293,-0.144558],[-0.749577,0.0277174,-0.661336],[0.655617,0.168609,-0.736028]],[[0.0911067,-0.985293,-0.144558],[-0.987924,-0.0711571,-0.137633],[0.125322,0.155351,-0.979878]]],"btipPosition":[-47.4238,194.731,38.7928],"carpPosition":[61.7384,197.461,67.0391],"dipPosition":[-45.256,197.419,21.8431],"direction":[-0.655617,-0.168609,0.736028],"extended":false,"handId":152,"id":1521,"length":59.538,"mcpPosition":[13.1207,204.04,13.505],"pipPosition":[-29.2126,201.545,3.83202],"stabilizedTipPosition":[-44.9531,194.61,34.6692],"timeVisible":0.107614,"tipPosition":[-41.6377,194.411,41.1897],"tipVelocity":[-83.6563,20.5896,17.6857],"tool":false,"touchDistance":0.333333,"touchZone":"none","type":1,"width":20.495},{"bases":[[[0.0247005,-0.99897,0.0380611],[0.754529,-0.00634637,-0.656236],[0.655802,0.0449276,0.753595]],[[0.00291889,-0.999911,0.0130261],[0.173642,-0.0123215,-0.984732],[0.984805,0.00513619,0.17359]],[[0.00291889,-0.999911,0.0130261],[-0.742538,-0.0108921,-0.669715],[0.669797,-0.00771756,-0.742504]],[[0.00291889,-0.999911,0.0130261],[-0.990608,-0.00467197,-0.136655],[0.136703,-0.0125049,-0.990533]]],"btipPosition":[-51.7644,183.095,43.244],"carpPosition":[63.3372,185.98,63.3876],"dipPosition":[-49.1636,182.858,24.3987],"direction":[-0.669797,0.00771755,0.742504],"extended":false,"handId":152,"id":1522,"length":67.8387,"mcpPosition":[18.1772,182.886,11.4934],"pipPosition":[-29.8804,182.635,3.02232],"stabilizedTipPosition":[-49.783,182.678,38.6243],"timeVisible":0.107614,"tipPosition":[-45.2803,182.882,45.1816],"tipVelocity":[-64.4394,4.07264,17.6412],"tool":false,"touchDistance":0.333333,"touchZone":"none","type":2,"width":20.1288}],"r":[[0.995881,0.0737817,-0.0527091],[-0.0733132,0.997251,0.0107715],[0.0533589,-0.00686287,0.998552]],"s":1.02618,"t":[-8.14653,17.8089,8.58167],"timestamp":258040724003},{"currentFrameRate":32.8071,"devices":[],"gestures":[],"hands":[{"armBasis":[[-0.0277917,-0.975419,-0.218599],[0.675591,0.14285,-0.723305],[0.736753,-0.167786,0.655014]],"armWidth":66.1053,"confidence":0.571401,"direction":[-0.53811,-0.0714469,-0.839841],"elbow":[271.267,133.843,267.764],"grabAngle":2.31092,"grabStrength":1,"id":152,"palmNormal":[-0.82418,-0.164092,0.542034],"palmPosition":[27.5854,182.495,34.7742],"palmVelocity":[-47.2896,119.509,12.0726],"palmWidth":89.8088,"pinchDistance":31.9988,"pinchStrength":0.788995,"r":[[0.993094,0.0971647,-0.0657468],[-0.096862,0.995267,0.00778388],[0.066192,-0.00136176,0.997806]],"s":1.03175,"sphereCenter":[-24.7985,164.224,48.9058],"sphereRadius":49.3032,"stabilizedPalmPosition":[29.6443,177.517,33.3224],"t":[-9.21573,20.5233,9.184],"timeVisible":0.12331,"type":"right","wrist":[74.9262,178.557,93.2064]}],"id":106853,"interactionBox":{"center":[0,200,0],"size":[235.247,235.247,147.751]},"pointables":[{"bases":[[[0.703205,-0.263073,-0.660527],[0.436513,0.893067,0.109028],[0.561213,-0.364997,0.742844]],[[0.400971,-0.0846264,-0.912173],[0.395041,0.914359,0.0888222],[0.826538,-0.395961,0.400063]],[[0.400971,-0.0846264,-0.912173],[0.125322,0.99143,-0.0368904],[0.907478,-0.0995237,0.408141]],[[0.400971,-0.0846264,-0.912173],[-0.1898,0.966444,-0.173093],[0.896213,0.242536,0.371454]]],"btipPosition":[-44.1106,222.974,43.8457],"carpPosition":[49.173,205.777,86.4466],"dipPosition":[-22.8755,228.721,52.647],"direction":[-0.907478,0.0995237,-0.408141],"extended":true,"handId":152,"id":1520,"length":52.7637,"mcpPosition":[49.173,205.777,86.4466],"pipPosition":[8.44984,225.285,66.7357],"stabilizedTipPosition":[-30.9312,222.148,40.4733],"timeVisible":0.12331,"tipPosition":[-35.443,227.907,42.6009],"tipVelocity":[-103.341,27.3296,22.3118],"tool":false,"touchDistance":1,"touchZone":"none","type":0,"width":21.4563},{"bases":[[[0.0880618,-0.97484,0.204772],[0.772419,-0.0629763,-0.631983],[0.628979,0.213823,0.747439]],[[0.0648615,-0.982047,0.177134],[0.14684,-0.166183,-0.975101],[0.987031,0.089257,0.133425]],[[0.0648615,-0.982047,0.177134],[-0.75528,-0.164325,-0.634468],[0.652185,-0.0926336,-0.752379]],[[0.0648615,-0.982047,0.177134],[-0.990777,-0.0845387,-0.105895],[0.118969,-0.168632,-0.978473]]],"btipPosition":[-40.7182,165.331,50.0214],"carpPosition":[63.3591,176.801,62.6585],"dipPosition":[-38.4678,162.142,31.5126],"direction":[-0.652185,0.0926336,0.752379],"extended":false,"handId":152,"id":1523,"length":65.2287,"mcpPosition":[24.4714,163.581,16.4467],"pipPosition":[-20.1766,159.544,10.4113],"stabilizedTipPosition":[-37.6579,163.352,44.9528],"timeVisible":0.12331,"tipPosition":[-33.9689,166.009,51.3615],"tipVelocity":[-40.0688,12.2908,7.42398],"tool":false,"touchDistance":0.333333,"touchZone":"none","type":3,"width":19.1539},{"bases":[[[0.0314228,-0.919645,0.391492],[0.829227,-0.194693,-0.523906],[0.558028,0.341098,0.756476]],[[0.022119,-0.925201,0.378831],[0.243497,-0.362528,-0.899602],[0.969649,0.112142,0.217265]],[[0.022119,-0.925201,0.378831],[-0.72299,-0.276515,-0.633107],[0.690504,-0.259888,-0.675028]],[[0.022119,-0.925201,0.378831],[-0.981242,-0.0926751,-0.169044],[0.191508,-0.367986,-0.909896]]],"btipPosition":[-23.0722,152.247,46.424],"carpPosition":[60.5922,164.216,68.2515],"dipPosition":[-19.7302,145.825,30.5455],"direction":[-0.690504,0.259888,0.675028],"extended":false,"handId":152,"id":1524,"length":51.1381,"mcpPosition":[28.6549,144.694,24.9565],"pipPosition":[-6.05704,140.679,17.1788],"stabilizedTipPosition":[-17.7728,145.172,38.2898],"timeVisible":0.12331,"tipPosition":[-17.9077,152.517,46.7797],"tipVelocity":[-3.39998,35.6736,21.8566],"tool":false,"touchDistance":0.333333,"touchZone":"none","type":4,"width":17.014},{"bases":[[[0.0836824,-0.981883,-0.170008],[0.731974,0.176333,-0.658119],[0.676174,-0.0693685,0.733469]],[[0.110654,-0.983872,-0.140543],[0.209268,0.161306,-0.964462],[0.971577,0.0773101,0.223742]],[[0.110654,-0.983872,-0.140543],[-0.748335,0.0105776,-0.663236],[0.654026,0.178563,-0.735096]],[[0.110654,-0.983872,-0.140543],[-0.985839,-0.0907286,-0.141034],[0.126008,0.154158,-0.979978]]],"btipPosition":[-48.7425,194.995,38.8287],"carpPosition":[60.8013,200.357,66.8814],"dipPosition":[-46.5629,197.662,21.8773],"direction":[-0.654026,-0.178563,0.735096],"extended":false,"handId":152,"id":1521,"length":59.538,"mcpPosition":[11.7013,205.394,13.6209],"pipPosition":[-30.5585,202.031,3.88902],"stabilizedTipPosition":[-46.6857,195.136,34.8066],"timeVisible":0.12331,"tipPosition":[-42.8602,194.739,41.4678],"tipVelocity":[-83.8437,16.5063,2.26293],"tool":false,"touchDistance":0.333333,"touchZone":"none","type":1,"width":20.495},{"bases":[[[0.0482484,-0.997805,0.0453503],[0.750252,0.00622998,-0.661123],[0.65939,0.0659223,0.748906]],[[0.0258694,-0.999466,0.0199387],[0.175427,-0.015097,-0.984377],[0.984153,0.028963,0.174943]],[[0.0258694,-0.999466,0.0199387],[-0.739864,-0.0325554,-0.671968],[0.672259,0.00263152,-0.740312]],[[0.0258694,-0.999466,0.0199387],[-0.989867,-0.0283965,-0.139128],[0.13962,-0.0161375,-0.990074]]],"btipPosition":[-52.7991,183.167,43.3467],"carpPosition":[62.6441,188.889,63.3052],"dipPosition":[-50.1427,182.86,24.5101],"direction":[-0.672259,-0.00263152,0.740312],"extended":false,"handId":152,"id":1522,"length":67.8387,"mcpPosition":[17.2371,184.349,11.7339],"pipPosition":[-30.7887,182.936,3.19686],"stabilizedTipPosition":[-51.0612,182.9,38.8315],"timeVisible":0.12331,"tipPosition":[-46.2456,183.123,45.5525],"tipVelocity":[-65.1061,3.53718,6.67029],"tool":false,"touchDistance":0.333333,"touchZone":"none","type":2,"width":20.1288}],"r":[[0.993094,0.0971647,-0.0657468],[-0.096862,0.995267,0.00778388],[0.066192,-0.00136176,0.997806]],"s":1.03175,"t":[-9.21573,20.5233,9.184],"timestamp":258040739699},{"currentFrameRate":35.2924,"devices":[],"gestures":[],"hands":[{"armBasis":[[-0.0362463,-0.970556,-0.238133],[0.674706,0.152014,-0.722262],[0.737196,-0.186849,0.64933]],"armWidth":66.1053,"confidence":0.6215,"direction":[-0.541003,-0.0875698,-0.836449],"elbow":[271.159,130.899,265.926],"grabAngle":2.30454,"grabStrength":1,"id":152,"palmNormal":[-0.817995,-0.176343,0.547529],"palmPosition":[27.0213,183.729,34.6728],"palmVelocity":[-38.1743,83.4881,-6.86168],"palmWidth":89.8088,"pinchDistance":32.0644,"pinchStrength":0.787374,"r":[[0.989808,0.119524,-0.0774154],[-0.119543,0.992819,0.00441219],[0.0773869,0.00488724,0.996989]],"s":1.03698,"sphereCenter":[-25.0514,164.596,49.1823],"sphereRadius":49.4585,"stabilizedPalmPosition":[28.6448,179.884,33.837],"t":[-10.0324,22.4974,9.43447],"timeVisible":0.138087,"type":"right","wrist":[74.7006,180.693,92.8824]}],"id":106854,"interactionBox":{"center":[0,200,0],"size":[235.247,235.247,147.751]},"pointables":[{"bases":[[[0.704717,-0.253883,-0.662508],[0.419657,0.902079,0.100704],[0.572068,-0.348994,0.742254]],[[0.397472,-0.0828888,-0.913863],[0.377983,0.922284,0.0807459],[0.836149,-0.377519,0.397913]],[[0.397472,-0.0828888,-0.913863],[0.106434,0.993354,-0.0438069],[0.911421,-0.0798539,0.403653]],[[0.397472,-0.0828888,-0.913863],[-0.213774,0.960145,-0.180065],[0.892366,0.266931,0.363911]]],"btipPosition":[-45.3794,222.807,43.9104],"carpPosition":[48.4226,207.775,86.0717],"dipPosition":[-24.2355,229.132,52.533],"direction":[-0.911421,0.0798539,-0.403653],"extended":true,"handId":152,"id":1520,"length":52.7637,"mcpPosition":[48.4226,207.775,86.0717],"pipPosition":[7.22596,226.375,66.4667],"stabilizedTipPosition":[-33.9474,222.813,42.179],"timeVisible":0.138087,"tipPosition":[-36.8506,227.947,42.547],"tipVelocity":[-87.2839,-2.31485,1.59779],"tool":false,"touchDistance":1,"touchZone":"none","type":0,"width":21.4563},{"bases":[[[0.108039,-0.971536,0.210821],[0.770182,-0.0522927,-0.635677],[0.628607,0.231049,0.74261]],[[0.0863652,-0.978905,0.185167],[0.15