{"frames":449,"data":[{"currentFrameRate":25.4194,"devices":[],"gestures":[],"hands":[],"id":95777,"interactionBox":{"center":[0,200,0],"size":[235.247,235.247,147.751]},"pointables":[],"r":[[-0.962136,-0.269906,0.0380192],[0.215739,-0.839331,-0.498979],[0.166588,-0.471883,0.86578]],"s":0.686793,"t":[505.899,-233.461,348.339],"timestamp":257707108620},{"currentFrameRate":25.4129,"devices":[],"gestures":[],"hands":[],"id":95778,"interactionBox":{"center":[0,200,0],"size":[235.247,235.247,147.751]},"pointables":[],"r":[[-0.962136,-0.269906,0.0380192],[0.215739,-0.839331,-0.498979],[0.166588,-0.471883,0.86578]],"s":0.686793,"t":[505.899,-233.461,348.339],"timestamp":257707148017},{"currentFrameRate":25.4136,"devices":[],"gestures":[],"hands":[],"id":95779,"interactionBox":{"center":[0,200,0],"size":[235.247,235.247,147.751]},"pointables":[],"r":[[-0.962136,-0.269906,0.0380192],[0.215739,-0.839331,-0.498979],[0.166588,-0.471883,0.86578]],"s":0.686793,"t":[505.899,-233.461,348.339],"timestamp":257707187361},{"currentFrameRate":25.4027,"devices":[],"gestures":[],"hands":[],"id":95780,"interactionBox":{"center":[0,200,0],"size":[235.247,235.247,147.751]},"pointables":[],"r":[[-0.962136,-0.269906,0.0380192],[0.215739,-0.839331,-0.498979],[0.166588,-0.471883,0.86578]],"s":0.686793,"t":[505.899,-233.461,348.339],"timestamp":257707226804},{"currentFrameRate":25.4127,"devices":[],"gestures":[],"hands":[],"id":95781,"interactionBox":{"center":[0,200,0],"size":[235.247,235.247,147.751]},"pointables":[],"r":[[-0.962136,-0.269906,0.0380192],[0.215739,-0.839331,-0.498979],[0.166588,-0.471883,0.86578]],"s":0.686793,"t":[505.899,-233.461,348.339],"timestamp":257707266083},{"currentFrameRate":25.4087,"devices":[],"gestures":[],"hands":[],"id":95782,"interactionBox":{"center":[0,200,0],"size":[235.247,235.247,147.751]},"pointables":[],"r":[[-0.962136,-0.269906,0.0380192],[0.215739,-0.839331,-0.498979],[0.166588,-0.471883,0.86578]],"s":0.686793,"t":[505.899,-233.461,348.339],"timestamp":257707305468},{"currentFrameRate":25.4034,"devices":[],"gestures":[],"hands":[],"id":95783,"interactionBox":{"center":[0,200,0],"size":[235.247,235.247,147.751]},"pointables":[],"r":[[-0.962136,-0.269906,0.0380192],[0.215739,-0.839331,-0.498979],[0.166588,-0.471883,0.86578]],"s":0.686793,"t":[505.899,-233.461,348.339],"timestamp":257707344871},{"currentFrameRate":25.393,"devices":[],"gestures":[],"hands":[],"id":95784,"interactionBox":{"center":[0,200,0],"size":[235.247,235.247,147.751]},"pointables":[],"r":[[-0.962136,-0.269906,0.0380192],[0.215739,-0.839331,-0.498979],[0.166588,-0.471883,0.86578]],"s":0.686793,"t":[505.899,-233.461,348.339],"timestamp":257707384326},{"currentFrameRate":25.4145,"devices":[],"gestures":[],"hands":[],"id":95785,"interactionBox":{"center":[0,200,0],"size":[235.247,235.247,147.751]},"pointables":[],"r":[[-0.962136,-0.269906,0.0380192],[0.215739,-0.839331,-0.498979],[0.166588,-0.471883,0.86578]],"s":0.686793,"t":[505.899,-233.461,348.339],"timestamp":257707423520},{"currentFrameRate":25.4007,"devices":[],"gestures":[],"hands":[],"id":95786,"interactionBox":{"center":[0,200,0],"size":[235.247,235.247,147.751]},"pointables":[],"r":[[-0.962136,-0.269906,0.0380192],[0.215739,-0.839331,-0.498979],[0.166588,-0.471883,0.86578]],"s":0.686793,"t":[505.899,-233.461,348.339],"timestamp":257707462988},{"currentFrameRate":25.4045,"devices":[],"gestures":[],"hands":[],"id":95787,"interactionBox":{"center":[0,200,0],"size":[235.247,235.247,147.751]},"pointables":[],"r":[[-0.962136,-0.269906,0.0380192],[0.215739,-0.839331,-0.498979],[0.166588,-0.471883,0.86578]],"s":0.686793,"t":[505.899,-233.461,348.339],"timestamp":257707502324},{"currentFrameRate":25.4052,"devices":[],"gestures":[],"hands":[],"id":95788,"interactionBox":{"center":[0,200,0],"size":[235.247,235.247,147.751]},"pointables":[],"r":[[-0.962136,-0.269906,0.0380192],[0.215739,-0.839331,-0.498979],[0.166588,-0.471883,0.86578]],"s":0.686793,"t":[505.899,-233.461,348.339],"timestamp":257707541681},{"currentFrameRate":25.3874,"devices":[],"gestures":[],"hands":[],"id":95789,"interactionBox":{"center":[0,200,0],"size":[235.247,235.247,147.751]},"pointables":[],"r":[[-0.962136,-0.269906,0.0380192],[0.215739,-0.839331,-0.498979],[0.166588,-0.471883,0.86578]],"s":0.686793,"t":[505.899,-233.461,348.339],"timestamp":257707581197},{"currentFrameRate":25.3812,"devices":[],"gestures":[],"hands":[],"id":95790,"interactionBox":{"center":[0,200,0],"size":[235.247,235.247,147.751]},"pointables":[],"r":[[-0.962136,-0.269906,0.0380192],[0.215739,-0.839331,-0.498979],[0.166588,-0.471883,0.86578]],"s":0.686793,"t":[505.899,-233.461,348.339],"timestamp":257707620641},{"currentFrameRate":25.3902,"devices":[],"gestures":[],"hands":[],"id":95791,"interactionBox":{"center":[0,200,0],"size":[235.247,235.247,147.751]},"pointables":[],"r":[[-0.962136,-0.269906,0.0380192],[0.215739,-0.839331,-0.498979],[0.166588,-0.471883,0.86578]],"s":0.686793,"t":[505.899,-233.461,348.339],"timestamp":257707659962},{"currentFrameRate":25.413,"devices":[],"gestures":[],"hands":[],"id":95792,"interactionBox":{"center":[0,200,0],"size":[235.247,235.247,147.751]},"pointables":[],"r":[[-0.962136,-0.269906,0.0380192],[0.215739,-0.839331,-0.498979],[0.166588,-0.471883,0.86578]],"s":0.686793,"t":[505.899,-233.461,348.339],"timestamp":257707699149},{"currentFrameRate":25.4086,"devices":[],"gestures":[],"hands":[],"id":95793,"interactionBox":{"center":[0,200,0],"size":[235.247,235.247,147.751]},"pointables":[],"r":[[-0.962136,-0.269906,0.0380192],[0.215739,-0.839331,-0.498979],[0.166588,-0.471883,0.86578]],"s":0.686793,"t":[505.899,-233.461,348.339],"timestamp":257707738537},{"currentFrameRate":25.4146,"devices":[],"gestures":[],"hands":[],"id":95794,"interactionBox":{"center":[0,200,0],"size":[235.247,235.247,147.751]},"pointables":[],"r":[[-0.962136,-0.269906,0.0380192],[0.215739,-0.839331,-0.498979],[0.166588,-0.471883,0.86578]],"s":0.686793,"t":[505.899,-233.461,348.339],"timestamp":257707777842},{"currentFrameRate":25.389,"devices":[],"gestures":[],"hands":[],"id":95795,"interactionBox":{"center":[0,200,0],"size":[235.247,235.247,147.751]},"pointables":[],"r":[[-0.962136,-0.269906,0.0380192],[0.215739,-0.839331,-0.498979],[0.166588,-0.471883,0.86578]],"s":0.686793,"t":[505.899,-233.461,348.339],"timestamp":257707817412},{"currentFrameRate":25.402,"devices":[],"gestures":[],"hands":[{"armBasis":[[0.231971,-0.933188,-0.274499],[0.887523,0.318547,-0.332913],[0.398111,-0.166397,0.902119]],"armWidth":64.0382,"confidence":0,"direction":[0.243292,0.309068,-0.919394],"elbow":[202.589,140.633,318.518],"grabAngle":3.14159,"grabStrength":1,"id":136,"palmNormal":[-0.939216,-0.161663,-0.302883],"palmPosition":[100.053,214.499,3.50889],"palmVelocity":[1.19209e-7,1.19209e-7,1.19209e-7],"palmWidth":91.4443,"pinchDistance":45.3235,"pinchStrength":0.117809,"r":[[1,1.11022e-17,1.11022e-17],[-1.11022e-17,1,-2.22045e-17],[-1.11022e-17,2.22045e-17,1]],"s":1,"sphereCenter":[64.566,223.642,-20.8296],"sphereRadius":40.506,"stabilizedPalmPosition":[100.053,214.499,3.50889],"t":[0,0,0],"timeVisible":0,"type":"right","wrist":[94.5625,185.784,73.73]}],"id":95796,"interactionBox":{"center":[0,200,0],"size":[235.247,235.247,147.751]},"pointables":[{"bases":[[[0.985013,-0.172221,-0.00947844],[0.130126,0.705932,0.696224],[-0.113213,-0.687023,0.717762]],[[0.982386,0.00318168,-0.186836],[0.148518,0.593496,0.791015],[0.113403,-0.804831,0.58257]],[[0.982386,0.00318168,-0.186836],[0.108766,0.803291,0.585572],[0.151947,-0.595579,0.788795]],[[0.982386,0.00318168,-0.186836],[0.0780008,0.901599,0.425483],[0.169805,-0.432562,0.88547]]],"btipPosition":[59.9224,286.24,-17.2203],"carpPosition":[74.812,215.282,59.8608],"dipPosition":[63.9163,276.066,3.60636],"direction":[-0.151947,0.595579,-0.788795],"extended":true,"handId":136,"id":1360,"length":52.3766,"mcpPosition":[74.812,215.282,59.8608],"pipPosition":[69.1229,255.658,30.6351],"stabilizedTipPosition":[60.841,283.9,-12.4302],"timeVisible":0,"tipPosition":[60.841,283.9,-12.4302],"tipVelocity":[1.19209e-7,1.19209e-7,1.19209e-7],"tool":false,"touchDistance":1,"touchZone":"none","type":0,"width":20.3511},{"bases":[[[0.279654,-0.872001,-0.401756],[0.958369,0.228414,0.171335],[-0.0576381,-0.432945,0.899576]],[[0.280697,-0.863634,-0.418742],[0.324757,0.49601,-0.805299],[0.903184,0.0900556,0.4197]],[[0.280697,-0.863634,-0.418742],[-0.872657,-0.0480026,-0.485969],[0.399599,0.501828,-0.767131]],[[0.280697,-0.863634,-0.418742],[-0.941293,-0.332959,0.0557318],[-0.187556,0.378515,-0.906394]]],"btipPosition":[56.6271,223.619,3.45637],"carpPosition":[97.8484,214.186,53.8916],"dipPosition":[53.4066,230.118,-12.1072],"direction":[-0.399599,-0.501828,0.767131],"extended":false,"handId":136,"id":1361,"length":59.1012,"mcpPosition":[102.11,246.197,-12.6203],"pipPosition":[63.1132,242.308,-30.7417],"stabilizedTipPosition":[55.8863,225.114,-0.123258],"timeVisible":0,"tipPosition":[55.8863,225.114,-0.123258],"tipVelocity":[1.19209e-7,1.19209e-7,1.19209e-7],"tool":false,"touchDistance":0.333333,"touchZone":"none","type":1,"width":19.4394},{"bases":[[[0.101792,-0.948553,-0.299809],[0.990353,0.0681426,0.120656],[-0.0940185,-0.309198,0.946339]],[[0.096368,-0.964379,-0.246346],[0.33005,0.264456,-0.906162],[0.939032,0.00601861,0.343778]],[[0.096368,-0.964379,-0.246346],[-0.931937,-0.000497054,-0.362619],[0.349579,0.264524,-0.898789]],[[0.096368,-0.964379,-0.246346],[-0.938492,-0.170486,0.300279],[-0.331581,0.202256,-0.921491]]],"btipPosition":[60.3218,214.167,8.8162],"carpPosition":[102.946,204.158,48.734],"dipPosition":[54.0596,217.987,-8.58693],"direction":[-0.349579,-0.264524,0.898789],"extended":false,"handId":136,"id":1362,"length":67.341,"mcpPosition":[109.538,225.838,-17.6199],"pipPosition":[64.05,225.547,-34.2729],"stabilizedTipPosition":[58.8815,215.046,4.81348],"timeVisible":0,"tipPosition":[58.8815,215.046,4.81348],"tipVelocity":[1.19209e-7,1.19209e-7,1.19209e-7],"tool":false,"touchDistance":0.333333,"touchZone":"none","type":2,"width":19.0921},{"bases":[[[0.0118988,-0.986135,-0.165516],[0.991593,-0.00969265,0.129033],[-0.128848,-0.16566,0.977729]],[[0.00724669,-0.991466,-0.130166],[0.357179,0.124149,-0.925748],[0.934008,-0.039784,0.355031]],[[0.00724669,-0.991466,-0.130166],[-0.915421,0.0458082,-0.399882],[0.402432,0.122054,-0.907277]],[[0.00724669,-0.991466,-0.130166],[-0.959011,-0.0437655,0.279969],[-0.283276,0.122802,-0.951144]]],"btipPosition":[65.457,199.332,10.0056],"carpPosition":[105.17,192.821,44.3795],"dipPosition":[60.1378,201.638,-7.85426],"direction":[-0.402432,-0.122054,0.907277],"extended":false,"handId":136,"id":1363,"length":64.7502,"mcpPosition":[113.281,203.25,-17.1713],"pipPosition":[71.3416,205.036,-33.1131],"stabilizedTipPosition":[64.2336,199.863,5.89787],"timeVisible":0,"tipPosition":[64.2336,199.863,5.89787],"tipVelocity":[1.19209e-7,1.19209e-7,1.19209e-7],"tool":false,"touchDistance":0.333333,"touchZone":"none","type":3,"width":18.1673},{"bases":[[[-0.167098,-0.983433,-0.0702717],[0.966067,-0.177552,0.187588],[-0.196957,-0.0365415,0.979731]],[[-0.168674,-0.983694,-0.062404],[0.435477,-0.017575,-0.900028],[0.884256,-0.178987,0.431341]],[[-0.168674,-0.983694,-0.062404],[-0.83984,0.176571,-0.513315],[0.515964,-0.0341736,-0.855929]],[[-0.168674,-0.983694,-0.062404],[-0.974707,0.157046,0.159004],[-0.146611,0.0876455,-0.985304]]],"btipPosition":[72.8885,187.33,2.74016],"carpPosition":[100.436,179.687,41.2689],"dipPosition":[70.3488,188.849,-14.3281],"direction":[-0.515964,0.0341736,0.855929],"extended":false,"handId":136,"id":1364,"length":50.763,"mcpPosition":[111.913,181.817,-15.8246],"pipPosition":[80.4908,188.177,-31.1527],"stabilizedTipPosition":[72.3043,187.68,-1.18555],"timeVisible":0,"tipPosition":[72.3043,187.68,-1.18555],"tipVelocity":[1.19209e-7,1.19209e-7,1.19209e-7],"tool":false,"touchDistance":0.333333,"touchZone":"none","type":4,"width":16.1376}],"r":[[1,1.11022e-17,1.11022e-17],[-1.11022e-17,1,-2.22045e-17],[-1.11022e-17,2.22045e-17,1]],"s":1,"t":[0,0,0],"timestamp":257707856686},{"currentFrameRate":25.394,"devices":[],"gestures":[],"hands":[{"armBasis":[[0.136177,-0.892411,-0.430184],[0.924248,0.27078,-0.269155],[0.356682,-0.360944,0.861683]],"armWidth":66.4635,"confidence":0.204812,"direction":[0.239499,0.31566,-0.91815],"elbow":[189.322,98.968,306.732],"grabAngle":3.14159,"grabStrength":1,"id":136,"palmNormal":[-0.950789,-0.115211,-0.287622],"palmPosition":[98.5674,228.454,3.67427],"palmVelocity":[-37.6758,353.871,4.19374],"palmWidth":91.4443,"pinchDistance":18.1589,"pinchStrength":0.622822,"r":[[0.999955,-0.00863204,-0.00385253],[0.00864603,0.999956,0.00362988],[0.00382103,-0.00366303,0.999986]],"s":0.958683,"sphereCenter":[63.8231,221.682,-24.552],"sphereRadius":39.2185,"stabilizedPalmPosition":[99.0167,224.234,3.62426],"t":[-0.742892,6.97762,0.0826922],"timeVisible":0.039436,"type":"right","wrist":[92.5371,196.909,72.9157]}],"id":95797,"interactionBox":{"center":[0,200,0],"size":[235.247,235.247,147.751]},"pointables":[{"bases":[[[0.976245,-0.214356,-0.0315707],[0.173539,0.68633,0.706283],[-0.129728,-0.694984,0.707225]],[[0.976018,-0.0241497,-0.216347],[0.166985,0.720654,0.672884],[0.139661,-0.692874,0.707404]],[[0.976018,-0.0241497,-0.216347],[0.0900917,0.949535,0.300444],[0.198173,-0.312729,0.928939]],[[0.976018,-0.0241497,-0.216347],[0.0417769,0.996134,0.0772769],[0.213644,-0.0844619,0.973253]]],"btipPosition":[55.8659,276.44,-28.5019],"carpPosition":[74.4284,229.257,60.5068],"dipPosition":[60.7806,274.497,-6.11327],"direction":[-0.198173,0.312729,-0.928939],"extended":false,"handId":136,"id":1360,"length":51.2263,"mcpPosition":[74.4284,229.257,60.5068],"pipPosition":[67.422,264.016,25.0185],"stabilizedTipPosition":[60.3149,282.818,-13.9248],"timeVisible":0.039436,"tipPosition":[58.1272,281.237,-20.4615],"tipVelocity":[-97.4927,-200.499,-276.963],"tool":false,"touchDistance":1,"touchZone":"none","type":0,"width":21.4602},{"bases":[[[0.233993,-0.875481,-0.422824],[0.970397,0.183555,0.156963],[-0.0598064,-0.447035,0.892515]],[[0.238587,-0.829465,-0.505038],[0.397682,0.557903,-0.728418],[0.88596,-0.0270532,0.462972]],[[0.238587,-0.829465,-0.505038],[-0.869997,0.048506,-0.490665],[0.431487,0.556448,-0.71006]],[[0.238587,-0.829465,-0.505038],[-0.961136,-0.276076,-0.000631903],[-0.138905,0.485561,-0.863097]]],"btipPosition":[56.3719,240.102,-0.100464],"carpPosition":[97.2812,227.281,54.0761],"dipPosition":[54.0392,248.256,-14.5951],"direction":[-0.431487,-0.556448,0.71006],"extended":false,"handId":136,"id":1361,"length":57.8031,"mcpPosition":[101.703,260.334,-11.9138],"pipPosition":[64.2903,261.476,-31.4644],"stabilizedTipPosition":[55.8445,238.951,-2.83998],"timeVisible":0.039436,"tipPosition":[55.1036,241.279,-0.095046],"tipVelocity":[-1.29251,427.62,-83.9583],"tool":false,"touchDistance":0.333333,"touchZone":"none","type":1,"width":20.4988},{"bases":[[[0.0548814,-0.946206,-0.318876],[0.994438,0.0230428,0.102776],[-0.0898999,-0.322743,0.942208]],[[0.0601734,-0.925151,-0.3748],[0.379468,0.368492,-0.848656],[0.923246,-0.0911584,0.373239]],[[0.0601734,-0.925151,-0.3748],[-0.922943,0.0914518,-0.373915],[0.380203,0.368419,-0.848359]],[[0.0601734,-0.925151,-0.3748],[-0.957273,-0.159884,0.240967],[-0.282855,0.344287,-0.895243]]],"btipPosition":[59.0016,227.434,5.1413],"carpPosition":[101.841,217.143,48.6402],"dipPosition":[53.7769,233.793,-11.3948],"direction":[-0.380203,-0.368419,0.848359],"extended":false,"handId":136,"id":1362,"length":65.862,"mcpPosition":[108.145,239.772,-17.424],"pipPosition":[64.4039,244.091,-35.107],"stabilizedTipPosition":[58.1752,224.091,2.54378],"timeVisible":0.039436,"tipPosition":[57.5721,230.259,4.59941],"tipVelocity":[-27.4263,351.227,-88.1295],"tool":false,"touchDistance":0.333333,"touchZone":"none","type":2,"width":20.1326},{"bases":[[[-0.0340685,-0.982414,-0.183581],[0.992445,-0.0549184,0.109715],[-0.117867,-0.178456,0.976863]],[[-0.0269394,-0.969945,-0.241827],[0.401288,0.211074,-0.8913],[0.915556,-0.121053,0.383541]],[[-0.0269394,-0.969945,-0.241827],[-0.900353,0.128651,-0.415709],[0.434326,0.206531,-0.876759]],[[-0.0269394,-0.969945,-0.241827],[-0.971272,-0.0318224,0.235835],[-0.236443,0.241233,-0.941223]]],"btipPosition":[63.2175,212.301,6.85728],"carpPosition":[103.489,205.805,44.0387],"dipPosition":[58.8753,216.732,-10.4282],"direction":[-0.434326,-0.206531,0.876759],"extended":false,"handId":136,"id":1363,"length":63.3281,"mcpPosition":[110.91,217.039,-17.4576],"pipPosition":[70.7015,222.355,-34.3013],"stabilizedTipPosition":[62.9368,208.525,3.95648],"timeVisible":0.039436,"tipPosition":[62.2007,214.864,5.64433],"tipVelocity":[-51.089,341.252,-76.4845],"tool":false,"touchDistance":0.333333,"touchZone":"none","type":3,"width":19.1574},{"bases":[[[-0.21099,-0.973796,-0.0848734],[0.960726,-0.2226,0.165695],[-0.180246,-0.0465799,0.982518]],[[-0.181962,-0.956153,-0.229482],[0.49244,0.113393,-0.862928],[0.851112,-0.270026,0.450215]],[[-0.181962,-0.956153,-0.229482],[-0.794978,0.280399,-0.537946],[0.578705,0.0845469,-0.811142]],[[-0.181962,-0.956153,-0.229482],[-0.981465,0.162335,0.10185],[-0.0601313,0.243761,-0.967969]]],"btipPosition":[68.9485,199.292,-0.127534],"carpPosition":[98.1321,192.948,40.7821],"dipPosition":[67.9297,203.422,-16.5273],"direction":[-0.578705,-0.0845469,0.811142],"extended":false,"handId":136,"id":1364,"length":49.6481,"mcpPosition":[108.636,195.663,-16.4739],"pipPosition":[79.0552,205.048,-32.1213],"stabilizedTipPosition":[70.0997,195.394,-2.85208],"timeVisible":0.039436,"tipPosition":[69.392,202.324,-1.64891],"tipVelocity":[-91.0373,318.559,-68.8184],"tool":false,"touchDistance":0.333333,"touchZone":"none","type":4,"width":17.0171}],"r":[[0.999955,-0.00863204,-0.00385253],[0.00864603,0.999956,0.00362988],[0.00382103,-0.00366303,0.999986]],"s":0.958683,"t":[-0.742892,6.97762,0.0826922],"timestamp":257707896122},{"currentFrameRate":25.4504,"devices":[],"gestures":[],"hands":[{"armBasis":[[0.0992451,-0.821905,-0.560912],[0.945817,0.253056,-0.203455],[0.309163,-0.510328,0.802486]],"armWidth":66.4635,"confidence":0.390702,"direction":[0.226916,0.305043,-0.92491],"elbow":[174.985,70.5182,289.919],"grabAngle":3.14159,"grabStrength":1,"id":136,"palmNormal":[-0.953977,-0.121556,-0.274137],"palmPosition":[96.8318,241.515,3.18656],"palmVelocity":[-44.6267,335.829,-12.5405],"palmWidth":91.4443,"pinchDistance":13.6738,"pinchStrength":0.790982,"r":[[0.999844,-0.0149434,-0.00946798],[0.0149821,0.99988,0.00403099],[0.0094066,-0.00417221,0.999947]],"s":0.918238,"sphereCenter":[61.8419,232.85,-24.6538],"sphereRadius":38.8316,"stabilizedPalmPosition":[96.9214,240.807,3.2045],"t":[-1.98213,16.9968,-0.119819],"timeVisible":0.078327,"type":"right","wrist":[91.0947,208.995,72.1659]}],"id":95798,"interactionBox":{"center":[0,200,0],"size":[235.247,235.247,147.751]},"pointables":[{"bases":[[[0.976433,-0.211837,-0.0412838],[0.180293,0.695482,0.695557],[-0.118633,-0.686608,0.717284]],[[0.968054,-0.000184542,-0.250742],[0.161346,0.765924,0.622356],[0.191934,-0.642931,0.741486]],[[0.968054,-0.000184542,-0.250742],[0.0639771,0.967083,0.246289],[0.242443,-0.254462,0.9362]],[[0.968054,-0.000184542,-0.250742],[-0.0319762,0.991744,-0.124182],[0.248695,0.128233,0.960056]]],"btipPosition":[49.9344,280.777,-30.3524],"carpPosition":[73.4091,242.946,60.3057],"dipPosition":[55.6553,283.727,-8.26743],"direction":[-0.242443,0.254462,-0.9362],"extended":false,"handId":136,"id":1360,"length":51.2263,"mcpPosition":[73.4091,242.946,60.3057],"pipPosition":[63.7804,275.199,23.1077],"stabilizedTipPosition":[56.7998,282.29,-18.3254],"timeVisible":0.078327,"tipPosition":[54.0737,288.956,-22.7421],"tipVelocity":[-147.749,140.472,-49.3789],"tool":false,"touchDistance":0.978049,"touchZone":"hovering","type":0,"width":21.4602},{"bases":[[[0.231369,-0.879923,-0.414975],[0.971723,0.188345,0.142412],[-0.0471528,-0.43619,0.898618]],[[0.234586,-0.838789,-0.491327],[0.425448,0.543043,-0.723947],[0.87405,-0.0392067,0.484251]],[[0.234586,-0.838789,-0.491327],[-0.853523,0.0641816,-0.517087],[0.465261,0.54066,-0.70087]],[[0.234586,-0.838789,-0.491327],[-0.965284,-0.260726,-0.0157683],[-0.114876,0.477969,-0.870832]]],"btipPosition":[53.6371,253.993,-2.00359],"carpPosition":[96.1851,240.959,53.6112],"dipPosition":[51.7079,262.02,-16.6282],"direction":[-0.465261,-0.54066,0.70087],"extended":false,"handId":136,"id":1361,"length":57.8031,"mcpPosition":[99.6714,273.209,-12.8299],"pipPosition":[62.7614,274.865,-33.2791],"stabilizedTipPosition":[53.2288,255.614,-5.33353],"timeVisible":0.078327,"tipPosition":[53.2719,254.391,-0.891446],"tipVelocity":[-67.932,356.433,-49.7032],"tool":false,"touchDistance":0.333333,"touchZone":"none","type":1,"width":20.4988},{"bases":[[[0.053803,-0.949893,-0.30791],[0.995578,0.0272496,0.0898992],[-0.0770042,-0.311385,0.947159]],[[0.0583237,-0.929512,-0.364151],[0.374499,0.358505,-0.855117],[0.925391,-0.0865007,0.36901]],[[0.0583237,-0.929512,-0.364151],[-0.925093,0.0867861,-0.369691],[0.375236,0.358436,-0.854823]],[[0.0583237,-0.929512,-0.364151],[-0.957801,-0.154944,0.242095],[-0.281453,0.334665,-0.899324]]],"btipPosition":[56.9752,240.499,4.85325],"carpPosition":[100.708,230.767,48.2429],"dipPosition":[51.7764,246.68,-11.7582],"direction":[-0.375236,-0.358436,0.854823],"extended":false,"handId":136,"id":1362,"length":65.862,"mcpPosition":[106.107,252.601,-18.1685],"pipPosition":[62.2645,256.699,-35.6511],"stabilizedTipPosition":[55.9051,240.986,1.11184],"timeVisible":0.078327,"tipPosition":[55.8442,243.173,4.5068],"tipVelocity":[-51.9517,334.877,-7.8525],"tool":false,"touchDistance":0.333333,"touchZone":"none","type":2,"width":20.1326},{"bases":[[[-0.0333202,-0.984696,-0.171067],[0.993916,-0.0506257,0.0978183],[-0.104982,-0.166767,0.980392]],[[-0.0269651,-0.972924,-0.229547],[0.39961,0.199993,-0.894603],[0.916289,-0.115852,0.383397]],[[-0.0269651,-0.972924,-0.229547],[-0.904218,0.121648,-0.409379],[0.426218,0.196522,-0.883016]],[[-0.0269651,-0.972924,-0.229547],[-0.970154,-0.0298876,0.240642],[-0.240987,0.229185,-0.94308]]],"btipPosition":[61.522,225.405,6.56761],"carpPosition":[102.333,219.379,43.7604],"dipPosition":[57.0963,229.614,-10.752],"direction":[-0.426218,-0.196522,0.883016],"extended":false,"handId":136,"id":1363,"length":63.3281,"mcpPosition":[108.942,229.877,-17.958],"pipPosition":[68.7018,234.965,-34.7955],"stabilizedTipPosition":[60.6369,225.398,2.65906],"timeVisible":0.078327,"tipPosition":[60.5344,227.797,5.6851],"tipVelocity":[-44.0904,335.619,-7.65012],"tool":false,"touchDistance":0.333333,"touchZone":"none","type":3,"width":19.1574},{"bases":[[[-0.209009,-0.975388,-0.0702425],[0.963428,-0.217699,0.156249],[-0.167695,-0.0350162,0.985217]],[[-0.181502,-0.95911,-0.217175],[0.494491,0.101878,-0.863191],[0.850021,-0.264062,0.455781]],[[-0.181502,-0.95911,-0.217175],[-0.807424,0.27141,-0.523834],[0.561358,0.0802751,-0.82367]],[[-0.181502,-0.95911,-0.217175],[-0.980418,0.159327,0.115737],[-0.076403,0.233928,-0.969247]]],"btipPosition":[67.7073,212.179,-0.268052],"carpPosition":[96.9751,206.468,40.7298],"dipPosition":[66.4128,216.142,-16.6894],"direction":[-0.561358,-0.0802751,0.82367],"extended":false,"handId":136,"id":1364,"length":49.6481,"mcpPosition":[106.748,208.508,-16.6835],"pipPosition":[77.2048,217.686,-32.5243],"stabilizedTipPosition":[67.5892,211.909,-3.96532],"timeVisible":0.078327,"tipPosition":[67.6632,215.154,-1.54441],"tipVelocity":[-33.5466,330.366,-3.74115],"tool":false,"touchDistance":0.333333,"touchZone":"none","type":4,"width":17.0171}],"r":[[0.999844,-0.0149434,-0.00946798],[0.0149821,0.99988,0.00403099],[0.0094066,-0.00417221,0.999947]],"s":0.918238,"t":[-1.98213,16.9968,-0.119819],"timestamp":257707935013},{"currentFrameRate":28.271,"devices":[],"gestures":[],"hands":[{"armBasis":[[0.100889,-0.790956,-0.603498],[0.949752,0.257223,-0.178348],[0.296299,-0.55518,0.777163]],"armWidth":66.4635,"confidence":0.460727,"direction":[0.227563,0.305587,-0.924571],"elbow":[171.435,62.5411,282.983],"grabAngle":3.14159,"grabStrength":1,"id":136,"palmNormal":[-0.951634,-0.131477,-0.27768],"palmPosition":[96.8894,246.218,3.3597],"palmVelocity":[3.54595,289.384,10.655],"palmWidth":91.4443,"pinchDistance":11.1787,"pinchStrength":0.868799,"r":[[0.999751,-0.0180173,-0.0131662],[0.0180709,0.999829,0.0039637],[0.0130925,-0.00420064,0.999905]],"s":0.884858,"sphereCenter":[62.1862,236.91,-24.4913],"sphereRadius":38.4049,"stabilizedPalmPosition":[96.8954,245.208,3.33075],"t":[-2.57293,24.3576,-0.134503],"timeVisible":0.094577,"type":"right","wrist":[91.0345,213.188,72.101]}],"id":95799,"interactionBox":{"center":[0,200,0],"size":[235.247,235.247,147.751]},"pointables":[{"bases":[[[0.978633,-0.202251,-0.03703],[0.170652,0.698494,0.694971],[-0.114693,-0.686441,0.718084]],[[0.967721,0.0139389,-0.251637],[0.144783,0.786515,0.60036],[0.206284,-0.617414,0.759109]],[[0.967721,0.0139389,-0.251637],[0.0389259,0.978221,0.203884],[0.248998,-0.207098,0.946103]],[[0.967721,0.0139389,-0.251637],[-0.0599877,0.982512,-0.176271],[0.244779,0.185676,0.951634]]],"btipPosition":[48.9029,281.163,-31.2974],"carpPosition":[73.2271,247.52,60.3831],"dipPosition":[54.5337,285.435,-9.40607],"direction":[-0.248998,0.207098,-0.946103],"extended":false,"handId":136,"id":1360,"length":51.2263,"mcpPosition":[73.2271,247.52,60.3831],"pipPosition":[62.8785,278.494,22.3009],"stabilizedTipPosition":[55.7246,282.266,-19.618],"timeVisible":0.094577,"tipPosition":[53.0327,290.912,-23.5339],"tipVelocity":[-64.7536,42.4549,-60.8901],"tool":false,"touchDistance":0.898736,"touchZone":"hovering","type":0,"width":21.4602},{"bases":[[[0.241693,-0.878347,-0.412422],[0.969242,0.198198,0.145901],[-0.0464108,-0.435,0.899234]],[[0.244834,-0.836789,-0.489736],[0.442188,0.545889,-0.711671],[0.862859,-0.0423146,0.50367]],[[0.244834,-0.836789,-0.489736],[-0.833237,0.0766769,-0.547574],[0.495755,0.542131,-0.67847]],[[0.244834,-0.836789,-0.489736],[-0.965938,-0.254165,-0.0486211],[-0.0837883,0.484959,-0.870514]]],"btipPosition":[52.6712,258.672,-3.2355],"carpPosition":[96.048,245.746,53.7824],"dipPosition":[51.2641,266.816,-17.8547],"direction":[-0.495755,-0.542131,0.67847],"extended":false,"handId":136,"id":1361,"length":57.8031,"mcpPosition":[99.4794,277.909,-12.7043],"pipPosition":[63.0421,279.696,-33.9735],"stabilizedTipPosition":[52.4536,259.952,-6.44578],"timeVisible":0.094577,"tipPosition":[53.1395,258.831,-1.44455],"tipVelocity":[-52.0506,289.584,-75.7344],"tool":false,"touchDistance":0.333333,"touchZone":"none","type":1,"width":20.4988},{"bases":[[[0.0644038,-0.949873,-0.305929],[0.994895,0.0372513,0.0937832],[-0.0776859,-0.310408,0.947424]],[[0.0689463,-0.929551,-0.36219],[0.373502,0.360701,-0.854629],[0.925064,-0.0763552,0.372058]],[[0.0689463,-0.929551,-0.36219],[-0.922239,0.0790555,-0.378451],[0.380422,0.360119,-0.851818]],[[0.0689463,-0.929551,-0.36219],[-0.959154,-0.161608,0.232178],[-0.274354,0.331388,-0.902725]]],"btipPosition":[56.747,244.786,4.87708],"carpPosition":[100.692,235.591,48.4509],"dipPosition":[51.6794,250.907,-11.7972],"direction":[-0.380422,-0.360119,0.851818],"extended":false,"handId":136,"id":1362,"length":65.862,"mcpPosition":[106.139,257.355,-17.9791],"pipPosition":[62.3125,260.973,-35.6061],"stabilizedTipPosition":[55.6536,245.033,1.05757],"timeVisible":0.094577,"tipPosition":[55.8773,247.45,4.45474],"tipVelocity":[-12.1842,262.993,0.577828],"tool":false,"touchDistance":0.333333,"touchZone":"none","type":2,"width":20.1326},{"bases":[[[-0.0229142,-0.985287,-0.169367],[0.993971,-0.0406221,0.10184],[-0.107222,-0.166012,0.980277]],[[-0.0164435,-0.973559,-0.227844],[0.401391,0.202279,-0.893291],[0.915759,-0.106143,0.387452]],[[-0.0164435,-0.973559,-0.227844],[-0.902717,0.112437,-0.415283],[0.429921,0.19885,-0.880697]],[[-0.0164435,-0.973559,-0.227844],[-0.971719,-0.0381271,0.233043],[-0.235568,0.225232,-0.945398]]],"btipPosition":[61.6008,229.772,6.61182],"carpPosition":[102.448,224.21,43.996],"dipPosition":[57.2746,233.908,-10.7503],"direction":[-0.429921,-0.19885,0.880697],"extended":false,"handId":136,"id":1363,"length":63.3281,"mcpPosition":[109.198,234.661,-17.7152],"pipPosition":[68.9809,239.323,-34.7307],"stabilizedTipPosition":[60.6128,229.524,2.62766],"timeVisible":0.094577,"tipPosition":[60.7188,232.136,5.71693],"tipVelocity":[6.25609,267.718,2.11832],"tool":false,"touchDistance":0.333333,"touchZone":"none","type":3,"width":19.1574},{"bases":[[[-0.199086,-0.977532,-0.0692556],[0.964903,-0.207882,0.16046],[-0.171252,-0.0348796,0.98461]],[[-0.176738,-0.966,-0.188702],[0.49205,0.0793274,-0.866945],[0.852438,-0.246072,0.4613]],[[-0.176738,-0.966,-0.188702],[-0.811041,0.251555,-0.52814],[0.557652,0.0597025,-0.827925]],[[-0.176738,-0.966,-0.188702],[-0.980994,0.157282,0.113638],[-0.0800951,0.205199,-0.975437]]],"btipPosition":[68.219,217.202,0.000663765],"carpPosition":[97.2298,211.241,40.9682],"dipPosition":[66.862,220.679,-16.5256],"direction":[-0.557652,-0.0597025,0.827925],"extended":false,"handId":136,"id":1364,"length":49.6481,"mcpPosition":[107.209,213.274,-16.4096],"pipPosition":[77.5827,221.826,-32.4423],"stabilizedTipPosition":[67.8347,216.617,-3.83786],"timeVisible":0.094577,"tipPosition":[67.9982,219.506,-1.52079],"tipVelocity":[30.6059,302.221,15.052],"tool":false,"touchDistance":0.333333,"touchZone":"none","type":4,"width":17.0171}],"r":[[0.999751,-0.0180173,-0.0131662],[0.0180709,0.999829,0.0039637],[0.0130925,-0.00420064,0.999905]],"s":0.884858,"t":[-2.57293,24.3576,-0.134503],"timestamp":257707951263},{"currentFrameRate":31.1811,"devices":[],"gestures":[],"hands":[{"armBasis":[[0.102137,-0.769724,-0.630153],[0.951433,0.260526,-0.164018],[0.29042,-0.582796,0.75895]],"armWidth":66.4635,"confidence":0.517125,"direction":[0.225313,0.308487,-0.924159],"elbow":[169.589,58.2,278.141],"grabAngle":3.14159,"grabStrength":1,"id":136,"palmNormal":[-0.950828,-0.137274,-0.277637],"palmPosition":[96.5143,249.85,3.67897],"palmVelocity":[-26.6462,257.98,22.6753],"palmWidth":91.4443,"pinchDistance":10.4673,"pinchStrength":0.89691,"r":[[0.999685,-0.0191642,-0.0161813],[0.0192346,0.999806,0.00420668],[0.0160976,-0.0045166,0.99986]],"s":0.859279,"sphereCenter":[61.933,240.745,-23.9712],"sphereRadius":38.0603,"stabilizedPalmPosition":[96.5869,248.966,3.61265],"t":[-3.05593,29.8542,0.0177894],"timeVisible":0.108657,"type":"right","wrist":[90.7844,216.341,72.2009]}],"id":95800,"interactionBox":{"center":[0,200,0],"size":[235.247,235.247,147.751]},"pointables":[{"bases":[[[0.979926,-0.195788,-0.0375917],[0.166265,0.698529,0.695998],[-0.110009,-0.688276,0.717059]],[[0.96706,0.0224555,-0.253555],[0.137222,0.792981,0.593592],[0.214394,-0.608832,0.763779]],[[0.96706,0.0224555,-0.253555],[0.027721,0.980886,0.192598],[0.253034,-0.193283,0.947953]],[[0.96706,0.0224555,-0.253555],[-0.0720664,0.9795,-0.188114],[0.244133,0.20019,0.948853]]],"btipPosition":[48.0076,283.326,-31.2024],"carpPosition":[72.8591,250.911,60.7103],"dipPosition":[53.6237,287.931,-9.37509],"direction":[-0.253034,0.193283,-0.947953],"extended":false,"handId":136,"id":1360,"length":51.2263,"mcpPosition":[72.8591,250.911,60.7103],"pipPosition":[62.1037,281.454,22.3939],"stabilizedTipPosition":[54.5305,282.66,-20.8379],"timeVisible":0.108657,"tipPosition":[52.1288,293.552,-23.3639],"tipVelocity":[-63.8225,159.055,5.69845],"tool":false,"touchDistance":0.843399,"touchZone":"hovering","type":0,"width":21.4602},{"bases":[[[0.247324,-0.876113,-0.413831],[0.967964,0.204311,0.145956],[-0.0433243,-0.436672,0.898577]],[[0.249931,-0.839766,-0.482003],[0.447061,0.541647,-0.711867],[0.858877,-0.0375673,0.510802]],[[0.249931,-0.839766,-0.482003],[-0.820799,0.0803194,-0.565542],[0.513637,0.536975,-0.669205]],[[0.249931,-0.839766,-0.482003],[-0.966042,-0.249971,-0.0654081],[-0.0655595,0.481983,-0.873724]]],"btipPosition":[51.5216,262.317,-3.33561],"carpPosition":[95.6894,249.296,54.1011],"dipPosition":[50.4206,270.411,-18.0088],"direction":[-0.513637,-0.536975,0.669205],"extended":false,"handId":136,"id":1361,"length":57.8031,"mcpPosition":[98.8926,281.582,-12.337],"pipPosition":[62.6234,283.169,-33.9075],"stabilizedTipPosition":[51.4092,263.677,-6.67899],"timeVisible":0.108657,"tipPosition":[52.6082,262.288,-1.38618],"tipVelocity":[-76.6499,258.076,-7.99024],"tool":false,"touchDistance":0.333333,"touchZone":"none","type":1,"width":20.4988},{"bases":[[[0.0705344,-0.948962,-0.307403],[0.994656,0.0436152,0.0935847],[-0.0754008,-0.312361,0.946966]],[[0.0733884,-0.936216,-0.343677],[0.37082,0.345515,-0.862039],[0.925801,-0.0641785,0.372524]],[[0.0733884,-0.936216,-0.343677],[-0.920423,0.0690947,-0.384768],[0.383973,0.344566,-0.856644]],[[0.0733884,-0.936216,-0.343677],[-0.959828,-0.159884,0.230582],[-0.270823,0.312948,-0.91034]]],"btipPosition":[56.0937,248.71,5.46457],"carpPosition":[100.399,239.179,48.7528],"dipPosition":[51.0913,254.49,-11.3504],"direction":[-0.383973,-0.344566,0.856644],"extended":false,"handId":136,"id":1362,"length":65.862,"mcpPosition":[105.685,261.081,-17.645],"pipPosition":[61.8236,264.121,-35.2942],"stabilizedTipPosition":[55.0988,248.942,1.47893],"timeVisible":0.108657,"tipPosition":[55.4741,250.783,4.6647],"tipVelocity":[-45.3343,273.112,39.4273],"tool":false,"touchDistance":0.333333,"touchZone":"none","type":2,"width":20.1326},{"bases":[[[-0.0165137,-0.985155,-0.170873],[0.994243,-0.0342749,0.101523],[-0.105872,-0.168213,0.980049]],[[-0.0114297,-0.975979,-0.217564],[0.399789,0.194971,-0.895631],[0.916536,-0.0972164,0.387957]],[[-0.0114297,-0.975979,-0.217564],[-0.902273,0.103851,-0.418471],[0.431013,0.191519,-0.881787]],[[-0.0114297,-0.975979,-0.217564],[-0.972039,-0.0401896,0.231355],[-0.234541,0.214125,-0.94823]]],"btipPosition":[61.2126,233.529,6.9697],"carpPosition":[102.227,227.817,44.28],"dipPosition":[56.9053,237.461,-10.4444],"direction":[-0.431013,-0.191519,0.881787],"extended":false,"handId":136,"id":1363,"length":63.3281,"mcpPosition":[108.892,238.407,-17.4168],"pipPosition":[68.6413,242.676,-34.4545],"stabilizedTipPosition":[60.3094,233.334,2.88902],"timeVisible":0.108657,"tipPosition":[60.4324,235.504,5.95682],"tipVelocity":[-27.2617,263.5,24.5682],"tool":false,"touchDistance":0.333333,"touchZone":"none","type":3,"width":19.1574},{"bases":[[[-0.192705,-0.978706,-0.0707046],[0.966285,-0.201811,0.159893],[-0.170757,-0.0375085,0.984599]],[[-0.177309,-0.971856,-0.155104],[0.486222,0.0505193,-0.872374],[0.855657,-0.230095,0.46358]],[[-0.177309,-0.971856,-0.155104],[-0.814329,0.233381,-0.531415],[0.552658,0.0320813,-0.832791]],[[-0.177309,-0.971856,-0.155104],[-0.980389,0.160649,0.114145],[-0.0860155,0.172302,-0.981282]]],"btipPosition":[68.1383,221.466,0.380044],"carpPosition":[97.0934,214.819,41.2337],"dipPosition":[66.6809,224.385,-16.2452],"direction":[-0.552658,-0.0320813,0.832791],"extended":false,"handId":136,"id":1364,"length":49.6481,"mcpPosition":[107.044,217.005,-16.1436],"pipPosition":[77.3056,225.002,-32.2554],"stabilizedTipPosition":[67.8097,220.973,-3.52692],"timeVisible":0.108657,"tipPosition":[67.7974,222.921,-1.33297],"tipVelocity":[-7.37278,293.735,25.3272],"tool":false,"touchDistance":0.333333,"touchZone":"none","type":4,"width":17.0171}],"r":[[0.999685,-0.0191642,-0.0161813],[0.0192346,0.999806,0.00420668],[0.0160976,-0.0045166,0.99986]],"s":0.859279,"t":[-3.05593,29.8542,0.0177894],"timestamp":257707965343},{"currentFrameRate":33.7988,"devices":[],"gestures":[],"hands":[{"armBasis":[[0.10634,-0.755852,-0.646049],[0.951201,0.266611,-0.155355],[0.289669,-0.598002,0.747319]],"armWidth":66.4635,"confidence":0.571475,"direction":[0.233124,0.321831,-0.917648],"elbow":[168.436,57.1185,274.601],"grabAngle":3.14159,"grabStrength":1,"id":136,"palmNormal":[-0.9477,-0.136343,-0.288575],"palmPosition":[96.0569,253.929,3.86505],"palmVelocity":[-31.1665,277.999,12.6807],"palmWidth":91.4443,"pinchDistance":8.48265,"pinchStrength":0.935333,"r":[[0.999671,-0.0194279,-0.0167333],[0.0195501,0.999783,0.00717466],[0.0165903,-0.00749944,0.999834]],"s":0.835049,"sphereCenter":[61.9361,245.209,-23.988],"sphereRadius":37.5204,"stabilizedPalmPosition":[96.1262,253.281,3.83205],"t":[-3.52609,34.6422,0.186973],"timeVisible":0.123331,"type":"right","wrist":[89.8349,219.385,71.8179]}],"id":95801,"interactionBox":{"center":[0,200,0],"size":[235.247,235.247,147.751]},"pointables":[{"bases":[[[0.980856,-0.192269,-0.0308941],[0.15741,0.68941,0.707062],[-0.114647,-0.698389,0.706477]],[[0.968932,0.0304948,-0.245442],[0.124021,0.798685,0.58883],[0.213987,-0.600976,0.770089]],[[0.968932,0.0304948,-0.245442],[0.0129456,0.984757,0.173455],[0.24699,-0.171244,0.953767]],[[0.968932,0.0304948,-0.245442],[-0.0890642,0.968814,-0.231229],[0.230736,0.245905,0.94143]]],"btipPosition":[47.5361,284.366,-31.5767],"carpPosition":[71.8564,254.135,60.6767],"dipPosition":[52.8439,290.023,-9.92012],"direction":[-0.24699,0.171244,-0.953767],"extended":false,"handId":136,"id":1360,"length":51.2263,"mcpPosition":[71.8564,254.135,60.6767],"pipPosition":[61.1214,284.284,22.0437],"stabilizedTipPosition":[53.3324,283.284,-22.0328],"timeVisible":0.123331,"tipPosition":[51.2537,295.699,-23.6381],"tipVelocity":[-36.9653,87.3488,-28.1823],"tool":false,"touchDistance":0.786189,"touchZone":"hovering","type":0,"width":21.4602},{"bases":[[[0.254035,-0.869592,-0.423411],[0.965876,0.205233,0.157996],[-0.0504937,-0.449098,0.892054]],[[0.257258,-0.830918,-0.493349],[0.447459,0.55493,-0.701308],[0.856504,-0.0403364,0.514562]],[[0.257258,-0.830918,-0.493349],[-0.811636,0.0912919,-0.576986],[0.524467,0.548854,-0.650918]],[[0.257258,-0.830918,-0.493349],[-0.96483,-0.249411,-0.0830433],[-0.0540447,0.497361,-0.865858]]],"btipPosition":[50.7655,266.197,-3.41514],"carpPosition":[94.7536,252.681,54.2646],"dipPosition":[49.8578,274.549,-17.9562],"direction":[-0.524467,-0.548854,0.650918],"extended":false,"handId":136,"id":1361,"length":57.8031,"mcpPosition":[98.4869,285.886,-11.6912],"pipPosition":[62.3179,287.589,-33.4204],"stabilizedTipPosition":[50.6257,267.759,-6.75306],"timeVisible":0.123331,"tipPosition":[52.1259,266.342,-1.56774],"tipVelocity":[-48.4983,268.449,-3.34941],"tool":false,"touchDistance":0.333333,"touchZone":"none","type":1,"width":20.4988},{"bases":[[[0.0764718,-0.944432,-0.319687],[0.993576,0.045354,0.103685],[-0.0834243,-0.325562,0.941833]],[[0.0795855,-0.931384,-0.355232],[0.374399,0.3582,-0.855288],[0.923846,-0.0649299,0.377217]],[[0.0795855,-0.931384,-0.355232],[-0.915385,0.0727951,-0.395943],[0.394634,0.356685,-0.846782]],[[0.0795855,-0.931384,-0.355232],[-0.962161,-0.164938,0.216891],[-0.2606,0.324529,-0.909268]]],"btipPosition":[55.4091,252.592,5.37745],"carpPosition":[99.5457,242.652,48.8235],"dipPosition":[50.5956,258.586,-11.4177],"direction":[-0.394634,-0.356685,0.846782],"extended":false,"handId":136,"id":1362,"length":65.862,"mcpPosition":[105.395,265.48,-17.2144],"pipPosition":[61.6259,268.556,-35.0859],"stabilizedTipPosition":[54.4268,253.183,1.50898],"timeVisible":0.123331,"tipPosition":[54.9951,254.712,4.42297],"tipVelocity":[-43.6937,267.896,-5.62724],"tool":false,"touchDistance":0.333333,"touchZone":"none","type":2,"width":20.1326},{"bases":[[[-0.0117573,-0.982761,-0.184504],[0.993334,-0.0326386,0.110551],[-0.114667,-0.181975,0.976594]],[[-0.00697601,-0.974339,-0.224979],[0.405701,0.202879,-0.891205],[0.913979,-0.0974914,0.393875]],[[-0.00697601,-0.974339,-0.224979],[-0.896816,0.10562,-0.42961],[0.442348,0.198768,-0.87454]],[[-0.00697601,-0.974339,-0.224979],[-0.974853,-0.0434878,0.218564],[-0.22274,0.220846,-0.949534]]],"btipPosition":[60.5788,237.628,6.68706],"carpPosition":[101.453,231.359,44.2132],"dipPosition":[56.4882,241.684,-10.751],"direction":[-0.442348,-0.198768,0.87454],"extended":false,"handId":136,"id":1363,"length":63.3281,"mcpPosition":[108.672,242.814,-17.2661],"pipPosition":[68.5328,247.096,-34.5637],"stabilizedTipPosition":[59.7429,237.744,2.70956],"timeVisible":0.123331,"tipPosition":[59.9948,239.429,5.5527],"tipVelocity":[-39.7948,281.278,-19.6364],"tool":false,"touchDistance":0.333333,"touchZone":"none","type":3,"width":19.1574},{"bases":[[[-0.188915,-0.978225,-0.0859471],[0.965354,-0.201045,0.16635],[-0.180007,-0.0515434,0.98231