{"frames":348,"data":[{"currentFrameRate":23.7685,"devices":[],"gestures":[],"hands":[],"id":109676,"interactionBox":{"center":[0,200,0],"size":[235.247,235.247,147.751]},"pointables":[],"r":[[-0.962136,-0.269906,0.0380192],[0.215739,-0.839331,-0.498979],[0.166588,-0.471883,0.86578]],"s":0.686793,"t":[505.899,-233.461,348.339],"timestamp":258123010728},{"currentFrameRate":23.7633,"devices":[],"gestures":[],"hands":[],"id":109677,"interactionBox":{"center":[0,200,0],"size":[235.247,235.247,147.751]},"pointables":[],"r":[[-0.962136,-0.269906,0.0380192],[0.215739,-0.839331,-0.498979],[0.166588,-0.471883,0.86578]],"s":0.686793,"t":[505.899,-233.461,348.339],"timestamp":258123052849},{"currentFrameRate":23.76,"devices":[],"gestures":[],"hands":[],"id":109678,"interactionBox":{"center":[0,200,0],"size":[235.247,235.247,147.751]},"pointables":[],"r":[[-0.962136,-0.269906,0.0380192],[0.215739,-0.839331,-0.498979],[0.166588,-0.471883,0.86578]],"s":0.686793,"t":[505.899,-233.461,348.339],"timestamp":258123094962},{"currentFrameRate":23.7694,"devices":[],"gestures":[],"hands":[],"id":109679,"interactionBox":{"center":[0,200,0],"size":[235.247,235.247,147.751]},"pointables":[],"r":[[-0.962136,-0.269906,0.0380192],[0.215739,-0.839331,-0.498979],[0.166588,-0.471883,0.86578]],"s":0.686793,"t":[505.899,-233.461,348.339],"timestamp":258123136962},{"currentFrameRate":23.744,"devices":[],"gestures":[],"hands":[],"id":109680,"interactionBox":{"center":[0,200,0],"size":[235.247,235.247,147.751]},"pointables":[],"r":[[-0.962136,-0.269906,0.0380192],[0.215739,-0.839331,-0.498979],[0.166588,-0.471883,0.86578]],"s":0.686793,"t":[505.899,-233.461,348.339],"timestamp":258123179270},{"currentFrameRate":23.7711,"devices":[],"gestures":[],"hands":[],"id":109681,"interactionBox":{"center":[0,200,0],"size":[235.247,235.247,147.751]},"pointables":[],"r":[[-0.962136,-0.269906,0.0380192],[0.215739,-0.839331,-0.498979],[0.166588,-0.471883,0.86578]],"s":0.686793,"t":[505.899,-233.461,348.339],"timestamp":258123221133},{"currentFrameRate":23.7787,"devices":[],"gestures":[],"hands":[],"id":109682,"interactionBox":{"center":[0,200,0],"size":[235.247,235.247,147.751]},"pointables":[],"r":[[-0.962136,-0.269906,0.0380192],[0.215739,-0.839331,-0.498979],[0.166588,-0.471883,0.86578]],"s":0.686793,"t":[505.899,-233.461,348.339],"timestamp":258123263130},{"currentFrameRate":23.7713,"devices":[],"gestures":[],"hands":[],"id":109683,"interactionBox":{"center":[0,200,0],"size":[235.247,235.247,147.751]},"pointables":[],"r":[[-0.962136,-0.269906,0.0380192],[0.215739,-0.839331,-0.498979],[0.166588,-0.471883,0.86578]],"s":0.686793,"t":[505.899,-233.461,348.339],"timestamp":258123305253},{"currentFrameRate":23.7686,"devices":[],"gestures":[],"hands":[],"id":109684,"interactionBox":{"center":[0,200,0],"size":[235.247,235.247,147.751]},"pointables":[],"r":[[-0.962136,-0.269906,0.0380192],[0.215739,-0.839331,-0.498979],[0.166588,-0.471883,0.86578]],"s":0.686793,"t":[505.899,-233.461,348.339],"timestamp":258123347346},{"currentFrameRate":23.7638,"devices":[],"gestures":[],"hands":[],"id":109685,"interactionBox":{"center":[0,200,0],"size":[235.247,235.247,147.751]},"pointables":[],"r":[[-0.962136,-0.269906,0.0380192],[0.215739,-0.839331,-0.498979],[0.166588,-0.471883,0.86578]],"s":0.686793,"t":[505.899,-233.461,348.339],"timestamp":258123389463},{"currentFrameRate":23.7745,"devices":[],"gestures":[],"hands":[{"armBasis":[[0.0208498,-0.961741,-0.273167],[0.950437,0.103845,-0.293064],[0.310218,-0.253518,0.916239]],"armWidth":63.434,"confidence":0,"direction":[0.0545813,0.128562,-0.990198],"elbow":[169.046,81.5075,288.717],"grabAngle":3.14159,"grabStrength":1,"id":157,"palmNormal":[-0.996074,-0.0622137,-0.0629826],"palmPosition":[80.9812,167.994,-31.0165],"palmVelocity":[1.19209e-7,1.19209e-7,1.19209e-7],"palmWidth":90.5816,"pinchDistance":21.5544,"pinchStrength":0.754169,"r":[[1,3.46945e-19,-2.77556e-18],[-3.46945e-19,1,-5.55112e-18],[2.77556e-18,5.55112e-18,1]],"s":1,"sphereCenter":[39.5082,163.3,-49.467],"sphereRadius":38.6788,"stabilizedPalmPosition":[80.9812,167.994,-31.0165],"t":[0,0,0],"timeVisible":0,"type":"right","wrist":[85.6627,149.65,42.4429]}],"id":109686,"interactionBox":{"center":[0,200,0],"size":[235.247,235.247,147.751]},"pointables":[{"bases":[[[0.929613,-0.31754,-0.18705],[0.368062,0.774193,0.514933],[-0.0186989,-0.547534,0.836574]],[[0.88802,-0.128543,-0.441472],[0.359821,0.792035,0.493162],[0.286269,-0.596789,0.749595]],[[0.88802,-0.128543,-0.441472],[0.205737,0.969735,0.131481],[0.41121,-0.207585,0.887589]],[[0.88802,-0.128543,-0.441472],[0.0339199,0.975826,-0.215901],[0.458553,0.17675,0.870913]]],"btipPosition":[31.1195,213.406,-59.8951],"carpPosition":[69.9863,180.822,27.773],"dipPosition":[41.8031,217.524,-39.6041],"direction":[-0.41121,0.207585,-0.887589],"extended":false,"handId":157,"id":1570,"length":51.8824,"mcpPosition":[69.9863,180.822,27.773],"pipPosition":[55.7606,210.478,-9.47702],"stabilizedTipPosition":[33.5767,214.353,-55.2281],"timeVisible":0,"tipPosition":[33.5767,214.353,-55.2281],"tipVelocity":[1.19209e-7,1.19209e-7,1.19209e-7],"tool":false,"touchDistance":0.704912,"touchZone":"hovering","type":0,"width":20.1591},{"bases":[[[0.0778759,-0.954112,-0.289148],[0.991299,0.104977,-0.0794105],[0.10612,-0.280448,0.953985]],[[0.0809873,-0.962005,-0.260743],[0.371921,0.271875,-0.887558],[0.924725,-0.0250948,0.379808]],[[0.0809873,-0.962005,-0.260743],[-0.916115,0.0312104,-0.399698],[0.392649,0.271241,-0.87878]],[[0.0809873,-0.962005,-0.260743],[-0.966622,-0.139604,0.214831],[-0.243069,0.234641,-0.941202]]],"btipPosition":[37.8808,186.551,-31.5095],"carpPosition":[90.5165,175.456,17.4501],"dipPosition":[33.7464,190.542,-47.5183],"direction":[-0.392649,-0.271241,0.87878],"extended":false,"handId":157,"id":1571,"length":58.5435,"mcpPosition":[82.7444,195.995,-52.4192],"pipPosition":[43.1943,197.069,-68.6634],"stabilizedTipPosition":[36.9299,187.469,-35.1915],"timeVisible":0,"tipPosition":[36.9299,187.469,-35.1915],"tipVelocity":[1.19209e-7,1.19209e-7,1.19209e-7],"tool":false,"touchDistance":0.333333,"touchZone":"none","type":1,"width":19.256},{"bases":[[[-0.0786438,-0.987052,-0.1398],[0.992283,-0.0640209,-0.106187],[0.0958623,-0.147072,0.984469]],[[-0.075653,-0.991114,-0.109403],[0.258214,0.086502,-0.962207],[0.963121,-0.101043,0.249375]],[[-0.075653,-0.991114,-0.109403],[-0.957407,0.102861,-0.269799],[0.278655,0.0843317,-0.956682]],[[-0.075653,-0.991114,-0.109403],[-0.93014,0.0306064,0.365928],[-0.359328,0.129443,-0.92419]]],"btipPosition":[39.0398,174.483,-22.7205],"carpPosition":[93.0786,164.228,13.2498],"dipPosition":[32.3176,176.904,-40.0099],"direction":[-0.278655,-0.0843317,0.956682],"extended":false,"handId":157,"id":1572,"length":66.7057,"mcpPosition":[86.4205,174.443,-55.1264],"pipPosition":[40.206,179.292,-67.0924],"stabilizedTipPosition":[37.4937,175.04,-26.6971],"timeVisible":0,"tipPosition":[37.4937,175.04,-26.6971],"tipVelocity":[1.19209e-7,1.19209e-7,1.19209e-7],"tool":false,"touchDistance":0.333333,"touchZone":"none","type":2,"width":18.9119},{"bases":[[[-0.138257,-0.990283,0.0150017],[0.986679,-0.139033,-0.0844672],[0.0857322,0.00312372,0.996313]],[[-0.139353,-0.99024,0.00212914],[0.250785,-0.0373719,-0.967321],[0.95796,-0.134265,0.253545]],[[-0.139353,-0.99024,0.00212914],[-0.936622,0.131109,-0.324883],[0.321433,-0.0472676,-0.945752]],[[-0.139353,-0.99024,0.00212914],[-0.933221,0.132047,0.334158],[-0.331178,0.0445789,-0.942515]]],"btipPosition":[42.2728,158.53,-19.1446],"carpPosition":[92.9326,152.279,10.6492],"dipPosition":[36.1129,159.359,-36.6755],"direction":[-0.321433,0.0472676,0.945752],"extended":false,"handId":157,"id":1573,"length":64.1393,"mcpPosition":[87.5864,152.084,-51.4797],"pipPosition":[44.9773,158.056,-62.7571],"stabilizedTipPosition":[40.8561,158.721,-23.1767],"timeVisible":0,"tipPosition":[40.8561,158.721,-23.1767],"tipVelocity":[1.19209e-7,1.19209e-7,1.19209e-7],"tool":false,"touchDistance":0.333333,"touchZone":"none","type":3,"width":17.9959},{"bases":[[[-0.28852,-0.946589,0.143962],[0.956835,-0.29054,0.00725038],[0.0349637,0.13984,0.989557]],[[-0.290243,-0.953975,0.0754328],[0.295673,-0.164368,-0.941042],[0.91013,-0.250828,0.329771]],[[-0.290243,-0.953975,0.0754328],[-0.857467,0.224263,-0.463095],[0.424865,-0.199091,-0.883093]],[[-0.290243,-0.953975,0.0754328],[-0.932261,0.299665,0.202708],[-0.215983,-0.0114884,-0.97633]]],"btipPosition":[47.5969,144.638,-23.7702],"carpPosition":[86.2186,139.807,11.012],"dipPosition":[43.8908,144.441,-40.5235],"direction":[-0.424865,0.199091,0.883093],"extended":false,"handId":157,"id":1574,"length":50.284,"mcpPosition":[84.2003,131.735,-46.1101],"pipPosition":[52.1633,140.564,-57.7182],"stabilizedTipPosition":[46.7445,144.593,-27.6235],"timeVisible":0,"tipPosition":[46.7445,144.593,-27.6235],"tipVelocity":[1.19209e-7,1.19209e-7,1.19209e-7],"tool":false,"touchDistance":0.333333,"touchZone":"none","type":4,"width":15.9854}],"r":[[1,3.46945e-19,-2.77556e-18],[-3.46945e-19,1,-5.55112e-18],[2.77556e-18,5.55112e-18,1]],"s":1,"t":[0,0,0],"timestamp":258123431444},{"currentFrameRate":23.7538,"devices":[],"gestures":[],"hands":[{"armBasis":[[-0.0826292,-0.909804,-0.406729],[0.939524,0.0649965,-0.336259],[0.332366,-0.409917,0.849412]],"armWidth":67.1307,"confidence":0.218995,"direction":[0.113389,0.170131,-0.978876],"elbow":[169.383,57.704,268.436],"grabAngle":3.14159,"grabStrength":1,"id":157,"palmNormal":[-0.993525,0.0123051,-0.112947],"palmPosition":[79.3765,191.021,-32.0538],"palmVelocity":[-37.9773,544.967,-24.5487],"palmWidth":90.5816,"pinchDistance":10.044,"pinchStrength":0.91183,"r":[[0.999853,-0.0143385,0.00944495],[0.0142442,0.999849,0.00998107],[-0.00958664,-0.00984506,0.999906]],"s":0.969793,"sphereCenter":[41.5235,187.548,-51.913],"sphereRadius":36.0465,"stabilizedPalmPosition":[79.4156,190.46,-32.0285],"t":[-0.802365,11.5138,-0.518652],"timeVisible":0.042255,"type":"right","wrist":[80.0471,167.885,40.1246]}],"id":109687,"interactionBox":{"center":[0,200,0],"size":[235.247,235.247,147.751]},"pointables":[{"bases":[[[0.913647,-0.374308,-0.158566],[0.394295,0.7211,0.569689],[-0.0988974,-0.583016,0.806419]],[[0.894604,-0.159342,-0.417485],[0.355734,0.819363,0.449553],[0.270439,-0.550685,0.789689]],[[0.894604,-0.159342,-0.417485],[0.178705,0.983875,0.00742058],[0.40957,-0.0812453,0.908654]],[[0.894604,-0.159342,-0.417485],[-0.0308696,0.909995,-0.413468],[0.445792,0.382778,0.809167]]],"btipPosition":[29.2999,223.242,-60.806],"carpPosition":[66.3364,201.862,26.7176],"dipPosition":[39.3909,231.907,-42.4897],"direction":[-0.40957,0.0812453,-0.908654],"extended":false,"handId":157,"id":1570,"length":50.407,"mcpPosition":[66.3364,201.862,26.7176],"pipPosition":[52.8974,229.228,-12.5248],"stabilizedTipPosition":[32.5889,219.849,-55.9176],"timeVisible":0.042255,"tipPosition":[33.4173,231.206,-56.4271],"tipVelocity":[-46.2877,257.528,-32.3065],"tool":false,"touchDistance":0.647277,"touchZone":"hovering","type":0,"width":21.8497},{"bases":[[[0.0261072,-0.942791,-0.332361],[0.998936,0.0372517,-0.0272029],[0.0380277,-0.331297,0.94276]],[[0.0291328,-0.966749,-0.254063],[0.338314,0.248707,-0.907573],[0.940582,-0.059513,0.33431]],[[0.0291328,-0.966749,-0.254063],[-0.919547,0.0737317,-0.386002],[0.3919,0.244868,-0.886822]],[[0.0291328,-0.966749,-0.254063],[-0.9734,-0.0852241,0.212673],[-0.227254,0.241109,-0.943516]]],"btipPosition":[39.6658,212.552,-29.4948],"carpPosition":[86.9414,195.524,17.1205],"dipPosition":[35.9104,216.536,-45.0865],"direction":[-0.3919,-0.244868,0.886822],"extended":false,"handId":157,"id":1571,"length":56.8787,"mcpPosition":[84.1563,219.788,-51.9267],"pipPosition":[45.072,222.26,-65.8184],"stabilizedTipPosition":[38.7546,212.81,-33.1343],"timeVisible":0.042255,"tipPosition":[37.498,213.697,-36.2381],"tipVelocity":[44.3061,615.29,49.9502],"tool":false,"touchDistance":0.333333,"touchZone":"none","type":1,"width":20.8708},{"bases":[[[-0.139674,-0.971327,-0.192395],[0.989561,-0.129957,-0.0622961],[0.0355068,-0.199087,0.979338]],[[-0.138063,-0.978817,-0.151179],[0.255054,0.112355,-0.960377],[0.957019,-0.171152,0.234139]],[[-0.138063,-0.978817,-0.151179],[-0.937936,0.178246,-0.297497],[0.318142,0.100723,-0.942677]],[[-0.138063,-0.978817,-0.151179],[-0.936701,0.0794561,0.340994],[-0.321759,0.188689,-0.92783]]],"btipPosition":[38.9448,199.955,-23.653],"carpPosition":[88.9285,184.349,12.4912],"dipPosition":[33.0966,203.385,-40.5168],"direction":[-0.318142,-0.100723,0.942677],"extended":false,"handId":157,"id":1572,"length":64.8087,"mcpPosition":[86.4624,198.176,-55.5285],"pipPosition":[41.8467,206.155,-66.444],"stabilizedTipPosition":[37.5972,200.123,-27.5115],"timeVisible":0.042255,"tipPosition":[36.499,200.927,-29.1768],"tipVelocity":[2.50836,608.321,-19.7509],"tool":false,"touchDistance":0.333333,"touchZone":"none","type":2,"width":20.4979},{"bases":[[[-0.207124,-0.977458,-0.0409328],[0.97768,-0.205302,-0.0446317],[0.0352221,-0.0492635,0.998165]],[[-0.207124,-0.977458,-0.0409402],[0.252437,-0.0129673,-0.967527],[0.945185,-0.210733,0.249432]],[[-0.207124,-0.977458,-0.0409402],[-0.913907,0.208252,-0.348431],[0.349103,-0.034753,-0.93644]],[[-0.207124,-0.977458,-0.0409402],[-0.932157,0.184477,0.311531],[-0.296956,0.102688,-0.949354]]],"btipPosition":[41.0576,183.828,-21.4829],"carpPosition":[88.0867,172.574,9.29414],"dipPosition":[35.6913,185.684,-38.6388],"direction":[-0.349103,0.034753,0.93644],"extended":false,"handId":157,"id":1573,"length":62.3153,"mcpPosition":[85.8903,175.646,-52.9502],"pipPosition":[45.0449,184.752,-63.7292],"stabilizedTipPosition":[39.8497,183.602,-25.3712],"timeVisible":0.042255,"tipPosition":[38.529,184.289,-26.4547],"tipVelocity":[-24.44,604.279,-53.2957],"tool":false,"touchDistance":0.333333,"touchZone":"none","type":3,"width":19.5051},{"bases":[[[-0.36033,-0.929142,0.0828099],[0.932808,-0.358374,0.0379071],[-0.00554416,0.0909048,0.995844]],[[-0.358668,-0.933465,0.00103839],[0.303199,-0.117551,-0.945649],[0.882852,-0.338859,0.325188]],[[-0.358668,-0.933465,0.00103839],[-0.813236,0.311926,-0.491274],[0.458263,-0.177049,-0.871005]],[[-0.358668,-0.933465,0.00103839],[-0.920133,0.353733,0.168011],[-0.157199,0.0593047,-0.985785]]],"btipPosition":[44.5936,169.314,-26.9774],"carpPosition":[80.5149,160.612,8.71735],"dipPosition":[41.9728,170.303,-43.4119],"direction":[-0.458263,0.177049,0.871005],"extended":false,"handId":157,"id":1574,"length":48.854,"mcpPosition":[80.835,155.365,-48.7677],"pipPosition":[50.6419,166.953,-59.8889],"stabilizedTipPosition":[44.0658,168.862,-30.672],"timeVisible":0.042255,"tipPosition":[43.5054,169.972,-31.4078],"tipVelocity":[-65.1681,590.437,-74.1647],"tool":false,"touchDistance":0.333333,"touchZone":"none","type":4,"width":17.3259}],"r":[[0.999853,-0.0143385,0.00944495],[0.0142442,0.999849,0.00998107],[-0.00958664,-0.00984506,0.999906]],"s":0.969793,"t":[-0.802365,11.5138,-0.518652],"timestamp":258123473699},{"currentFrameRate":23.7768,"devices":[],"gestures":[],"hands":[{"armBasis":[[-0.126016,-0.880303,-0.45737],[0.91391,0.0763109,-0.39868],[0.385861,-0.468235,0.794901]],"armWidth":67.1307,"confidence":0.416332,"direction":[0.0729927,0.180345,-0.980891],"elbow":[182.468,60.8058,252.479],"grabAngle":3.14159,"grabStrength":1,"id":157,"palmNormal":[-0.997327,0.0098969,-0.0723961],"palmPosition":[74.8518,211.141,-32.7786],"palmVelocity":[-108.028,480.362,-17.3052],"palmWidth":90.5816,"pinchDistance":10.7715,"pinchStrength":0.910723,"r":[[0.999644,-0.0251906,0.00873872],[0.0250119,0.999487,0.0199896],[-0.00923779,-0.019764,0.999762]],"s":0.94472,"sphereCenter":[36.3185,210.15,-50.933],"sphereRadius":35.7815,"stabilizedPalmPosition":[74.8644,211.084,-32.7766],"t":[-3.46587,27.3304,-1.14038],"timeVisible":0.084139,"type":"right","wrist":[78.7533,186.662,38.8197]}],"id":109688,"interactionBox":{"center":[0,200,0],"size":[235.247,235.247,147.751]},"pointables":[{"bases":[[[0.907627,-0.36944,-0.199318],[0.414837,0.71675,0.560518],[-0.0642169,-0.591425,0.803799]],[[0.87806,-0.153821,-0.453155],[0.388066,0.782974,0.486165],[0.280026,-0.602736,0.747191]],[[0.87806,-0.153821,-0.453155],[0.183503,0.982774,0.0219698],[0.441969,-0.102446,0.891161]],[[0.87806,-0.153821,-0.453155],[-0.0726971,0.893068,-0.444009],[0.472996,0.42281,0.772986]]],"btipPosition":[24.9788,245.105,-57.435],"carpPosition":[64.176,221.345,26.5809],"dipPosition":[35.6856,254.676,-39.9378],"direction":[-0.441969,0.102446,-0.891161],"extended":false,"handId":157,"id":1570,"length":50.407,"mcpPosition":[64.176,221.345,26.5809],"pipPosition":[50.2605,251.297,-10.5497],"stabilizedTipPosition":[27.4622,247.195,-53.4208],"timeVisible":0.084139,"tipPosition":[27.751,250.711,-54.612],"tipVelocity":[-99.7865,526.951,75.9853],"tool":false,"touchDistance":0.663621,"touchZone":"hovering","type":0,"width":21.8497},{"bases":[[[0.0155566,-0.939311,-0.342715],[0.996883,0.0410823,-0.0673473],[0.0773395,-0.340599,0.937022]],[[0.0215877,-0.963177,-0.268001],[0.278826,0.263227,-0.923562],[0.960099,-0.0547881,0.274242]],[[0.0215877,-0.963177,-0.268001],[-0.936956,0.0740255,-0.341515],[0.348779,0.258477,-0.900857]],[[0.0215877,-0.963177,-0.268001],[-0.964794,-0.0903507,0.247],[-0.262118,0.253233,-0.931218]]],"btipPosition":[35.0124,232.171,-27.4828],"carpPosition":[84.394,215.177,16.0913],"dipPosition":[30.6808,236.356,-42.8713],"direction":[-0.348779,-0.258477,0.900857],"extended":false,"handId":157,"id":1571,"length":56.8787,"mcpPosition":[78.7297,240.122,-52.5356],"pipPosition":[38.8344,242.398,-63.9312],"stabilizedTipPosition":[34.0317,233.067,-31.0291],"timeVisible":0.084139,"tipPosition":[32.845,233.672,-34.7776],"tipVelocity":[-114.266,469.522,49.1528],"tool":false,"touchDistance":0.333333,"touchZone":"none","type":1,"width":20.8708},{"bases":[[[-0.144311,-0.969839,-0.196433],[0.986618,-0.125799,-0.103729],[0.0758898,-0.208774,0.975015]],[[-0.141834,-0.975967,-0.165441],[0.229546,0.130148,-0.964557],[0.962908,-0.174784,0.20557]],[[-0.141834,-0.975967,-0.165441],[-0.941744,0.184527,-0.281191],[0.304962,0.11592,-0.945283]],[[-0.141834,-0.975967,-0.165441],[-0.928975,0.0735101,0.36277],[-0.34189,0.205144,-0.917075]]],"btipPosition":[33.8919,219.787,-23.364],"carpPosition":[86.2266,204.056,11.2718],"dipPosition":[27.6779,223.516,-40.0324],"direction":[-0.304962,-0.11592,0.945283],"extended":false,"handId":157,"id":1572,"length":64.8087,"mcpPosition":[80.9557,218.556,-56.4476],"pipPosition":[36.0654,226.704,-66.0312],"stabilizedTipPosition":[32.4765,220.59,-27.1986],"timeVisible":0.084139,"tipPosition":[32.121,220.849,-28.0031],"tipVelocity":[-122.648,475.142,7.97291],"tool":false,"touchDistance":0.333333,"touchZone":"none","type":2,"width":20.4979},{"bases":[[[-0.205533,-0.97773,-0.0424281],[0.975703,-0.201359,-0.0863643],[0.0758977,-0.0591479,0.99536]],[[-0.206087,-0.977267,-0.0497705],[0.233407,0.000300455,-0.972379],[0.950289,-0.212012,0.228039]],[[-0.206087,-0.977267,-0.0497705],[-0.920781,0.210888,-0.328161],[0.331197,-0.021802,-0.94331]],[[-0.206087,-0.977267,-0.0497705],[-0.92637,0.178464,0.331645],[-0.315223,0.114454,-0.942091]]],"btipPosition":[36.3165,203.677,-21.6328],"carpPosition":[85.2927,192.311,7.99199],"dipPosition":[30.62,205.745,-38.6575],"direction":[-0.331197,0.021802,0.94331],"extended":false,"handId":157,"id":1573,"length":62.3153,"mcpPosition":[80.5598,195.999,-54.0775],"pipPosition":[39.4939,205.161,-63.932],"stabilizedTipPosition":[35.02,204.094,-25.548],"timeVisible":0.084139,"tipPosition":[34.338,204.203,-25.5916],"tipVelocity":[-115.01,475.067,-2.85942],"tool":false,"touchDistance":0.333333,"touchZone":"none","type":3,"width":19.5051},{"bases":[[[-0.353737,-0.931204,0.0879161],[0.934704,-0.35541,-0.00363273],[0.034629,0.0808905,0.996121]],[[-0.355355,-0.934669,0.0107729],[0.291387,-0.12172,-0.94883],[0.888153,-0.334032,0.315604]],[[-0.355355,-0.934669,0.0107729],[-0.824862,0.308144,-0.473973],[0.439688,-0.177315,-0.880474]],[[-0.355355,-0.934669,0.0107729],[-0.91795,0.351126,0.184603],[-0.176326,0.0557107,-0.982754]]],"btipPosition":[39.9901,189.508,-27.653],"carpPosition":[77.7415,180.328,7.60143],"dipPosition":[37.0505,190.437,-44.0369],"direction":[-0.439688,0.177315,0.880473],"extended":false,"handId":157,"id":1574,"length":48.854,"mcpPosition":[75.7426,175.659,-49.8996],"pipPosition":[45.3682,187.083,-60.6931],"stabilizedTipPosition":[39.3287,189.657,-31.419],"timeVisible":0.084139,"tipPosition":[39.1193,189.94,-30.932],"tipVelocity":[-111.661,481.817,-15.8522],"tool":false,"touchDistance":0.333333,"touchZone":"none","type":4,"width":17.3259}],"r":[[0.999644,-0.0251906,0.00873872],[0.0250119,0.999487,0.0199896],[-0.00923779,-0.019764,0.999762]],"s":0.94472,"t":[-3.46587,27.3304,-1.14038],"timestamp":258123515583},{"currentFrameRate":26.9365,"devices":[],"gestures":[],"hands":[{"armBasis":[[-0.142258,-0.870744,-0.470711],[0.907748,0.0748423,-0.412786],[0.39466,-0.486009,0.779769]],"armWidth":67.1307,"confidence":0.47764,"direction":[0.0873598,0.194063,-0.977092],"elbow":[183.683,60.923,248.233],"grabAngle":3.14159,"grabStrength":1,"id":157,"palmNormal":[-0.996144,0.024937,-0.0841105],"palmPosition":[74.6146,217.199,-32.5558],"palmVelocity":[-16.2976,416.211,15.3108],"palmWidth":90.5816,"pinchDistance":9.87279,"pinchStrength":0.902043,"r":[[0.999273,-0.0366863,0.0103912],[0.0363476,0.998855,0.0310924],[-0.01152,-0.0306921,0.999462]],"s":0.926762,"sphereCenter":[35.9708,216.098,-51.3092],"sphereRadius":35.9066,"stabilizedPalmPosition":[74.6389,216.605,-32.5772],"t":[-4.91623,38.2677,-1.33983],"timeVisible":0.098694,"type":"right","wrist":[77.6032,191.556,38.64]}],"id":109689,"interactionBox":{"center":[0,200,0],"size":[235.247,235.247,147.751]},"pointables":[{"bases":[[[0.904789,-0.379056,-0.194097],[0.417869,0.702351,0.576271],[-0.0821147,-0.602511,0.793875]],[[0.884313,-0.169034,-0.435222],[0.390295,0.779223,0.490389],[0.256243,-0.603522,0.75505]],[[0.884313,-0.169034,-0.435222],[0.207675,0.977278,0.0424076],[0.418165,-0.127886,0.899324]],[[0.884313,-0.169034,-0.435222],[-0.0416819,0.899859,-0.434184],[0.46503,0.402096,0.788711]]],"btipPosition":[26.312,251.763,-58.2107],"carpPosition":[63.362,226.656,26.8209],"dipPosition":[36.8384,260.865,-40.3574],"direction":[-0.418165,0.127886,-0.899324],"extended":false,"handId":157,"id":1570,"length":50.407,"mcpPosition":[63.362,226.656,26.8209],"pipPosition":[50.6284,256.647,-10.7002],"stabilizedTipPosition":[28.5881,253.096,-54.0265],"timeVisible":0.098694,"tipPosition":[28.3646,257.438,-54.3243],"tipVelocity":[88.7459,450.014,-47.6665],"tool":false,"touchDistance":0.620186,"touchZone":"hovering","type":0,"width":21.8497},{"bases":[[[0.00673907,-0.934167,-0.356773],[0.998099,0.0281429,-0.0548355],[0.0612662,-0.355725,0.93258]],[[0.0116987,-0.959999,-0.279757],[0.289291,0.271061,-0.918061],[0.95717,-0.0701912,0.280891]],[[0.0116987,-0.959999,-0.279757],[-0.927474,0.094143,-0.36184],[0.373704,0.263701,-0.889274]],[[0.0116987,-0.959999,-0.279757],[-0.969982,-0.0788563,0.230037],[-0.242896,0.268668,-0.932105]]],"btipPosition":[34.6355,238.729,-27.301],"carpPosition":[83.6185,220.364,16.4801],"dipPosition":[30.6216,243.169,-42.7043],"direction":[-0.373704,-0.263701,0.889274],"extended":false,"handId":157,"id":1571,"length":56.8787,"mcpPosition":[79.1314,246.417,-51.8214],"pipPosition":[39.3579,249.334,-63.4934],"stabilizedTipPosition":[33.7453,239.06,-30.8629],"timeVisible":0.098694,"tipPosition":[32.9687,240.328,-34.6175],"tipVelocity":[-20.8739,454.603,12.255],"tool":false,"touchDistance":0.333333,"touchZone":"none","type":1,"width":20.8708},{"bases":[[[-0.155297,-0.964656,-0.212888],[0.985972,-0.138011,-0.093875],[0.0611762,-0.22448,0.972557]],[[-0.15271,-0.972906,-0.173592],[0.252927,0.131327,-0.958531],[0.955357,-0.190283,0.226019]],[[-0.15271,-0.972906,-0.173592],[-0.931463,0.200389,-0.303678],[0.330236,0.11532,-0.936827]],[[-0.15271,-0.972906,-0.173592],[-0.935405,0.0856136,0.343056],[-0.318899,0.214767,-0.923135]]],"btipPosition":[33.282,226.679,-24.0268],"carpPosition":[85.3557,209.292,11.514],"dipPosition":[27.4858,230.583,-40.8054],"direction":[-0.330236,-0.11532,0.936827],"extended":false,"handId":157,"id":1572,"length":64.8087,"mcpPosition":[81.1067,224.884,-56.0347],"pipPosition":[36.5685,233.754,-66.5716],"stabilizedTipPosition":[32.0008,226.889,-27.8182],"timeVisible":0.098694,"tipPosition":[31.9663,227.438,-28.13],"tipVelocity":[-35.305,476.262,-47.2816],"tool":false,"touchDistance":0.333333,"touchZone":"none","type":2,"width":20.4979},{"bases":[[[-0.218483,-0.974009,-0.059761],[0.973805,-0.213664,-0.0777941],[0.0630034,-0.0751923,0.995177]],[[-0.218898,-0.973487,-0.0663883],[0.259138,0.00759504,-0.96581],[0.940708,-0.228618,0.250605]],[[-0.218898,-0.973487,-0.0663883],[-0.908212,0.228147,-0.350856],[0.3567,-0.0165071,-0.934073]],[[-0.218898,-0.973487,-0.0663883],[-0.932552,0.188703,0.307794],[-0.287106,0.129286,-0.949134]]],"btipPosition":[35.35,210.287,-22.664],"carpPosition":[84.2995,197.612,8.04475],"dipPosition":[30.1616,212.623,-39.816],"direction":[-0.3567,0.0165071,0.934073],"extended":false,"handId":157,"id":1573,"length":62.3153,"mcpPosition":[80.3707,202.301,-54.0133],"pipPosition":[39.7189,212.181,-64.843],"stabilizedTipPosition":[34.2468,210.121,-26.4982],"timeVisible":0.098694,"tipPosition":[33.9371,210.727,-25.9931],"tipVelocity":[-58.372,458.367,-72.8593],"tool":false,"touchDistance":0.333333,"touchZone":"none","type":3,"width":19.5051},{"bases":[[[-0.3676,-0.927383,0.0695024],[0.929683,-0.368355,0.00208714],[0.023666,0.0653824,0.99758]],[[-0.368224,-0.929477,-0.0219797],[0.321499,-0.105112,-0.941058],[0.872381,-0.353587,0.337531]],[[-0.368224,-0.929477,-0.0219797],[-0.805731,0.330818,-0.49128],[0.463905,-0.163191,-0.870724]],[[-0.368224,-0.929477,-0.0219797],[-0.918624,0.360077,0.162708],[-0.143319,0.0801041,-0.986429]]],"btipPosition":[39.0014,195.814,-28.8298],"carpPosition":[76.5889,185.744,7.38181],"dipPosition":[36.612,197.15,-45.275],"direction":[-0.463905,0.163191,0.870724],"extended":false,"handId":157,"id":1574,"length":48.854,"mcpPosition":[75.2228,181.97,-50.2034],"pipPosition":[45.3879,194.062,-61.7467],"stabilizedTipPosition":[38.5482,195.411,-32.4811],"timeVisible":0.098694,"tipPosition":[38.5672,196.458,-31.5133],"tipVelocity":[-59.2341,439.668,-81.8222],"tool":false,"touchDistance":0.333333,"touchZone":"none","type":4,"width":17.3259}],"r":[[0.999273,-0.0366863,0.0103912],[0.0363476,0.998855,0.0310924],[-0.01152,-0.0306921,0.999462]],"s":0.926762,"t":[-4.91623,38.2677,-1.33983],"timestamp":258123530138},{"currentFrameRate":29.9549,"devices":[],"gestures":[],"hands":[{"armBasis":[[-0.152409,-0.864347,-0.479245],[0.903211,0.0750448,-0.422585],[0.401225,-0.497265,0.76925]],"armWidth":67.1307,"confidence":0.532371,"direction":[0.0697884,0.194917,-0.978334],"elbow":[184.859,63.472,244.798],"grabAngle":3.14159,"grabStrength":1,"id":157,"palmNormal":[-0.997509,0.0237366,-0.0664271],"palmPosition":[72.8205,222.95,-33.0461],"palmVelocity":[-128.55,412.078,-35.1301],"palmWidth":90.5816,"pinchDistance":9.66355,"pinchStrength":0.901321,"r":[[0.998925,-0.0456423,0.00806385],[0.0452849,0.998172,0.0400141],[-0.00987545,-0.0396059,0.999167]],"s":0.913142,"sphereCenter":[33.7874,221.238,-51.1832],"sphereRadius":35.9131,"stabilizedPalmPosition":[72.972,222.421,-33.007],"t":[-6.53849,46.612,-1.6847],"timeVisible":0.112651,"type":"right","wrist":[77.0147,197.131,38.0327]}],"id":109690,"interactionBox":{"center":[0,200,0],"size":[235.247,235.247,147.751]},"pointables":[{"bases":[[[0.901682,-0.37776,-0.210396],[0.427133,0.702442,0.569327],[-0.0672778,-0.603219,0.794733]],[[0.875816,-0.164921,-0.453593],[0.393531,0.788113,0.473298],[0.279426,-0.593025,0.755144]],[[0.875816,-0.164921,-0.453593],[0.200223,0.979274,0.0305477],[0.439154,-0.117574,0.890685]],[[0.875816,-0.164921,-0.453593],[-0.052961,0.901294,-0.429959],[0.47973,0.400588,0.780634]]],"btipPosition":[23.3829,256.627,-58.0405],"carpPosition":[62.6098,232.348,26.5281],"dipPosition":[34.2421,265.695,-40.3701],"direction":[-0.439154,0.117574,-0.890685],"extended":false,"handId":157,"id":1570,"length":50.407,"mcpPosition":[62.6098,232.348,26.5281],"pipPosition":[48.7242,261.817,-10.9977],"stabilizedTipPosition":[26.1399,258.175,-53.9811],"timeVisible":0.112651,"tipPosition":[26.1236,262.845,-53.9613],"tipVelocity":[-204.381,347.958,9.18232],"tool":false,"touchDistance":0.593423,"touchZone":"hovering","type":0,"width":21.8497},{"bases":[[[0.00158893,-0.933886,-0.357569],[0.996934,0.0294514,-0.0724901],[0.0782283,-0.356357,0.931069]],[[0.00782563,-0.959341,-0.28214],[0.271675,0.273575,-0.922686],[0.962357,-0.0694298,0.26277]],[[0.00782563,-0.959341,-0.28214],[-0.936456,0.0919209,-0.338527],[0.350698,0.26686,-0.897662]],[[0.00782563,-0.959341,-0.28214],[-0.962556,-0.083683,0.257844],[-0.27097,0.269557,-0.924075]]],"btipPosition":[33.2487,244.381,-27.0291],"carpPosition":[82.6878,226.089,15.825],"dipPosition":[28.7709,248.835,-42.2996],"direction":[-0.350698,-0.26686,0.897662],"extended":false,"handId":157,"id":1571,"length":56.8787,"mcpPosition":[76.9585,252.189,-52.3659],"pipPosition":[36.9694,255.074,-63.2848],"stabilizedTipPosition":[32.3523,244.85,-30.5694],"timeVisible":0.112651,"tipPosition":[31.1372,246.016,-34.2766],"tipVelocity":[-107.004,405.167,21.6711],"tool":false,"touchDistance":0.333333,"touchZone":"none","type":1,"width":20.8708},{"bases":[[[-0.157833,-0.96469,-0.210858],[0.984326,-0.136688,-0.111439],[0.078682,-0.225142,0.971144]],[[-0.154659,-0.972706,-0.172986],[0.241202,0.13262,-0.961371],[0.958072,-0.190409,0.214107]],[[-0.154659,-0.972706,-0.172986],[-0.936159,0.20024,-0.288982],[0.315734,0.117249,-0.941576]],[[-0.154659,-0.972706,-0.172986],[-0.929889,0.0841698,0.35808],[-0.333746,0.216238,-0.917526]]],"btipPosition":[31.6032,232.383,-24.0385],"carpPosition":[84.3507,215.024,10.8203],"dipPosition":[25.5372,236.313,-40.7151],"direction":[-0.315734,-0.117249,0.941576],"extended":false,"handId":157,"id":1572,"length":64.8087,"mcpPosition":[78.8858,230.661,-56.6304],"pipPosition":[34.221,239.538,-66.6119],"stabilizedTipPosition":[30.3565,232.757,-27.8695],"timeVisible":0.112651,"tipPosition":[30.2438,233.134,-27.8576],"tipVelocity":[-124.727,409.09,0.844749],"tool":false,"touchDistance":0.333333,"touchZone":"none","type":2,"width":20.4979},{"bases":[[[-0.218285,-0.97424,-0.0566436],[0.972541,-0.212369,-0.0952041],[0.0807223,-0.0758698,0.993845]],[[-0.21902,-0.973499,-0.0658077],[0.24714,0.0098968,-0.968929],[0.943903,-0.228479,0.238422]],[[-0.21902,-0.973499,-0.0658077],[-0.914121,0.22831,-0.335049],[0.341194,-0.0132262,-0.9399]],[[-0.21902,-0.973499,-0.0658077],[-0.927474,0.18677,0.323897],[-0.303023,0.131975,-0.943801]]],"btipPosition":[33.7584,215.919,-22.6784],"carpPosition":[83.2479,203.345,7.3611],"dipPosition":[28.2824,218.304,-39.734],"direction":[-0.341194,0.0132262,0.9399],"extended":false,"handId":157,"id":1573,"length":62.3153,"mcpPosition":[78.2141,208.076,-54.6139],"pipPosition":[37.4242,217.95,-64.9171],"stabilizedTipPosition":[32.6522,215.911,-26.5922],"timeVisible":0.112651,"tipPosition":[32.277,216.422,-25.7808],"tipVelocity":[-118.775,404.363,0.556038],"tool":false,"touchDistance":0.333333,"touchZone":"none","type":3,"width":19.5051},{"bases":[[[-0.365146,-0.927902,0.0752782],[0.930036,-0.367176,-0.0146748],[0.0412572,0.064653,0.997055]],[[-0.367412,-0.929856,-0.019421],[0.311145,-0.10321,-0.944742],[0.876469,-0.353152,0.32724]],[[-0.367412,-0.929856,-0.019421],[-0.81668,0.332544,-0.471644],[0.445019,-0.157427,-0.881575]],[[-0.367412,-0.929856,-0.019421],[-0.915143,0.357716,0.185884],[-0.165898,0.0860689,-0.98238]]],"btipPosition":[37.5325,201.356,-28.866],"carpPosition":[75.5416,191.468,6.82558],"dipPosition":[34.7668,202.791,-45.2437],"direction":[-0.445019,0.157427,0.881575],"extended":false,"handId":157,"id":1574,"length":48.854,"mcpPosition":[73.1601,187.736,-50.7293],"pipPosition":[43.1853,199.813,-61.9207],"stabilizedTipPosition":[37.0487,201.108,-32.6189],"timeVisible":0.112651,"tipPosition":[36.8247,202.154,-31.4055],"tipVelocity":[-111.444,398.733,-1.48284],"tool":false,"touchDistance":0.333333,"touchZone":"none","type":4,"width":17.3259}],"r":[[0.998925,-0.0456423,0.00806385],[0.0452849,0.998172,0.0400141],[-0.00987545,-0.0396059,0.999167]],"s":0.913142,"t":[-6.53849,46.612,-1.6847],"timestamp":258123544095},{"currentFrameRate":32.7219,"devices":[],"gestures":[],"hands":[{"armBasis":[[-0.149232,-0.861354,-0.485591],[0.900681,0.0842457,-0.426234],[0.408048,-0.500971,0.763233]],"armWidth":67.1307,"confidence":0.584053,"direction":[0.057715,0.205427,-0.976969],"elbow":[186.403,66.9478,242.653],"grabAngle":3.14159,"grabStrength":1,"id":157,"palmNormal":[-0.998315,0.0177683,-0.0552398],"palmPosition":[71.6364,228.098,-33.2747],"palmVelocity":[-83.0079,360.925,-16.0295],"palmWidth":90.5816,"pinchDistance":9.74475,"pinchStrength":0.902641,"r":[[0.998667,-0.0514726,0.00385342],[0.0512219,0.99748,0.0490993],[-0.00637098,-0.0488365,0.998786]],"s":0.904417,"sphereCenter":[32.2669,226.109,-51.0784],"sphereRadius":36.0296,"stabilizedPalmPosition":[71.7163,227.759,-33.2587],"t":[-7.94164,53.3583,-1.97146],"timeVisible":0.126915,"type":"right","wrist":[76.7246,201.603,37.5045]}],"id":109691,"interactionBox":{"center":[0,200,0],"size":[235.247,235.247,147.751]},"pointables":[{"bases":[[[0.901763,-0.369557,-0.224167],[0.428774,0.699383,0.571854],[-0.0545541,-0.611794,0.789134]],[[0.872277,-0.15575,-0.463547],[0.393724,0.785881,0.476836],[0.290025,-0.598442,0.746828]],[[0.872277,-0.15575,-0.463547],[0.197723,0.979313,0.043019],[0.447257,-0.129178,0.885028]],[[0.872277,-0.15575,-0.463547],[-0.056603,0.909394,-0.412065],[0.485726,0.385673,0.784428]]],"btipPosition":[21.8656,262.083,-57.5527],"carpPosition":[62.0221,236.815,26.5019],"dipPosition":[32.8604,270.813,-39.7965],"direction":[-0.447257,0.129178,-0.885028],"extended":false,"handId":157,"id":1570,"length":50.407,"mcpPosition":[62.0221,236.815,26.5019],"pipPosition":[47.6098,266.553,-10.6106],"stabilizedTipPosition":[24.5175,263.674,-53.5049],"timeVisible":0.126915,"tipPosition":[24.4499,267.795,-53.2679],"tipVelocity":[-104.19,377.084,35.5791],"tool":false,"touchDistance":0.575026,"touchZone":"hovering","type":0,"width":21.8497},{"bases":[[[0.00376444,-0.930128,-0.367216],[0.99586,0.0368402,-0.0831045],[0.0908262,-0.365382,0.926416]],[[0.0111723,-0.95687,-0.2903],[0.26542,0.282742,-0.921742],[0.964068,-0.0667536,0.257131]],[[0.0111723,-0.95687,-0.2903],[-0.9383,0.0903204,-0.333819],[0.345642,0.276118,-0.896822]],[[0.0111723,-0.95687,-0.2903],[-0.959786,-0.0917043,0.265332],[-0.28051,0.275662,-0.919415]]],"btipPosition":[31.8644,249.324,-26.8605],"carpPosition":[82.0215,230.801,15.5152],"dipPosition":[27.2289,253.88,-42.054],"direction":[-0.345642,-0.276118,0.896822],"extended":false,"handId":157,"id":1571,"length":56.8787,"mcpPosition":[75.3694,257.561,-52.3349],"pipPosition":[35.3092,260.335,-63.0196],"stabilizedTipPosition":[30.8957,250.026,-30.3684],"timeVisible":0.126915,"tipPosition":[29.8124,250.887,-33.739],"tipVelocity":[-99.5902,348.216,13.0648],"tool":false,"touchDistance":0.333333,"touchZone":"none","type":1,"width":20.8708},{"bases":[[[-0.153825,-0.963502,-0.219094],[0.983912,-0.12897,-0.123631],[0.090862,-0.234586,0.96784]],[[-0.150147,-0.971953,-0.181008],[0.23753,0.142258,-0.960907],[0.959706,-0.187272,0.209508]],[[-0.150147,-0.971953,-0.181008],[-0.938793,0.197577,-0.282189],[0.310038,0.12756,-0.942128]],[[-0.150147,-0.971953,-0.181008],[-0.927956,0.0753782,0.364986],[-0.341105,0.222769,-0.913247]]],"btipPosition":[30.3223,237.265,-24.0993],"carpPosition":[83.7015,219.798,10.3782],"dipPosition":[24.1225,241.314,-40.6981],"direction":[-0.310038,-0.12756,0.942128],"extended":false,"handId":157,"id":1572,"length":64.8087,"mcpPosition":[77.3907,236.092,-56.843],"pipPosition":[32.6497,244.822,-66.6101],"stabilizedTipPosition":[28.9825,237.875,-27.9142],"timeVisible":0.126915,"tipPosition":[29.0495,237.951,-27.5256],"tipVelocity":[-91.9565,344.178,-3.00709],"tool":false,"touchDistance":0.333333,"touchZone":"none","type":2,"width":20.4979},{"bases":[[[-0.212508,-0.975039,-0.0643325],[0.972802,-0.204891,-0.108053],[0.0921743,-0.0855448,0.992061]],[[-0.213467,-0.974084,-0.0747821],[0.244281,0.0208953,-0.969479],[0.945917,-0.22522,0.23349]],[[-0.213467,-0.974084,-0.0747821],[-0.917999,0.226185,-0.325757],[0.334229,-0.000888518,-0.942491]],[[-0.213467,-0.974084,-0.0747821],[-0.92581,0.177258,0.33385],[-0.311942,0.1405,-0.939655]]],"btipPosition":[32.6943,220.701,-22.9101],"carpPosition":[82.6371,208.149,6.81055],"dipPosition":[27.0571,223.24,-39.8907],"direction":[-0.334229,0.000888518,0.942491],"extended":false,"handId":157,"id":1573,"length":62.3153,"mcpPosition":[76.8892,213.483,-55.0532],"pipPosition":[36.0123,223.216,-65.1433],"stabilizedTipPosition":[31.4768,220.946,-26.8015],"timeVisible":0.126915,"tipPosition":[31.2235,221.227,-25.6614],"tipVelocity":[-77.2017,337.706,-15.0314],"tool":false,"touchDistance":0.333333,"touchZone":"none","type":3,"width":19.5051},{"bases":[[[-0.358206,-0.93104,0.0696638],[0.932203,-0.360798,-0.0286695],[0.0518271,0.0546713,0.997158]],[[-0.361518,-0.932005,-0.025902],[0.309888,-0.0939088,-0.946124],[0.87936,-0.350068,0.322766]],[[-0.361518,-0.932005,-0.025902],[-0.824349,0.332492,-0.458146],[0.435607,-0.144276,-0.888499]],[[-0.361518,-0.932005,-0.025902],[-0.914916,0.349266,0.202339],[-0.179535,0.0968475,-0.978973]]],"btipPosition":[36.6907,206.157,-29.2338],"carpPosition":[75.0034,196.226,6.23658],"dipPosition":[33.6976,207.772,-45.5547],"direction":[-0.435607,0.144276,0.888499],"extended":false,"handId":157,"id":1574,"length":48.854,"mcpPosition":[72.0117,193.071,-51.3243],"pipPosition":[41.9381,205.043,-62.3627],"stabilizedTipPosition":[36.0725,206.165,-32.9629],"timeVisible":0.126915,"tipPosition":[35.8025,207.035,-31.489],"tipVelocity":[-62.6837,339.48,-24.8703],"tool":false,"touchDistance":0.333333,"touchZone":"none","type":4,"width":17.3259}],"r":[[0.998667,-0.0514726,0.00385342],[0.0512219,0.99748,0.0490993],[-0.00637098,-0.0488365,0.998786]],"s":0.904417,"t":[-7.94164,53.3583,-1.97146],"timestamp":258123558359},{"currentFrameRate":35.6243,"devices":[],"gestures":[],"hands":[{"armBasis":[[-0.147478,-0.862452,-0.484176],[0.898125,0.0882644,-0.43079],[0.414271,-0.498383,0.761573]],"armWidth":67.1307,"confidence":0.625099,"direction":[0.0492796,0.210598,-0.97633],"elbow":[187.459,70.973,241.699],"grabAngle":3.14159,"grabStrength":1,"id":157,"palmNormal":[-0.998771,0.015476,-0.0470741],"palmPosition":[70.397,231.71,-33.6321],"palmVelocity":[-100.858,293.921,-29.0783],"palmWidth":90.5816,"pinchDistance":9.81528,"pinchStrength":0.902889,"r":[[0.998453,-0.0555928,-0.00122532],[0.0555716,0.99681,0.0572913],[-0.00196357,-0.0572707,0.998357]],"s":0.899373,"sphereCenter":[30.7264,229.351,-51.2215],"sphereRadius":36.1805,"stabilizedPalmPosition":[70.4938,231.421,-33.6047],"t":[-9.26294,58.5375,-2.29351],"timeVisible":0.139204,"type":"right","wrist":[76.1083,204.932,36.9975]}],"id":109692,"interactionBox":{"center":[0,200,0],"size":[235.247,235.247,147.751]},"pointables":[{"bases":[[[0.900853,-0.366071,-0.233356],[0.431614,0.697536,0.571973],[-0.0466083,-0.615984,0.786379]],[[0.869433,-0.152697,-0.469862],[0.394829,0.786427,0.475018],[0.296978,-0.598512,0.744035]],[[0.869433,-0.152697,-0.469862],[0.199319,0.978618,0.050788],[0.45206,-0.137809,0.881278]],[[0.869433,-0.152697,-0.469862],[-0.0509688,0.918242,-0.392725],[0.491415,0.365396,0.790567]]],"btipPosition":[20.4557,266.11,-57.6666],"carpPosition":[61.245,240.094,26.2645],"dipPosition":[31.5794,274.381,-39.7713],"direction":[-0.45206,0.137809,-0.881278],"extended":false,"handId":157,"id":1570,"length":50.407,"mcpPosition":[61.245,240.094,26.2645],"pipPosition":[46.4871,269.837,-10.7092],"stabilizedTipPosition":[23.1381,267.655,-53.5469],"timeVisible":0.139204,"tipPosition":[22.9513,271.288,-53.0529],"tipVelocity":[-112.311,319.069,-6.66395],"tool":false,"touchDistance":0.549629,"touchZone":"hovering","type":0,"width":21.8497},{"bases":[[[0.0031519,-0.928214,-0.372