{"frames":374,"data":[{"currentFrameRate":24.2217,"devices":[],"gestures":[],"hands":[],"id":113056,"interactionBox":{"center":[0,200,0],"size":[235.247,235.247,147.751]},"pointables":[],"r":[[-0.962136,-0.269906,0.0380192],[0.215739,-0.839331,-0.498979],[0.166588,-0.471883,0.86578]],"s":0.686793,"t":[505.899,-233.461,348.339],"timestamp":258209467615},{"currentFrameRate":24.2274,"devices":[],"gestures":[],"hands":[],"id":113057,"interactionBox":{"center":[0,200,0],"size":[235.247,235.247,147.751]},"pointables":[],"r":[[-0.962136,-0.269906,0.0380192],[0.215739,-0.839331,-0.498979],[0.166588,-0.471883,0.86578]],"s":0.686793,"t":[505.899,-233.461,348.339],"timestamp":258209508848},{"currentFrameRate":20.1327,"devices":[],"gestures":[],"hands":[],"id":113058,"interactionBox":{"center":[0,200,0],"size":[235.247,235.247,147.751]},"pointables":[],"r":[[-0.962136,-0.269906,0.0380192],[0.215739,-0.839331,-0.498979],[0.166588,-0.471883,0.86578]],"s":0.686793,"t":[505.899,-233.461,348.339],"timestamp":258209591508},{"currentFrameRate":20.8992,"devices":[],"gestures":[],"hands":[],"id":113059,"interactionBox":{"center":[0,200,0],"size":[235.247,235.247,147.751]},"pointables":[],"r":[[-0.962136,-0.269906,0.0380192],[0.215739,-0.839331,-0.498979],[0.166588,-0.471883,0.86578]],"s":0.686793,"t":[505.899,-233.461,348.339],"timestamp":258209632757},{"currentFrameRate":21.5169,"devices":[],"gestures":[],"hands":[],"id":113060,"interactionBox":{"center":[0,200,0],"size":[235.247,235.247,147.751]},"pointables":[],"r":[[-0.962136,-0.269906,0.0380192],[0.215739,-0.839331,-0.498979],[0.166588,-0.471883,0.86578]],"s":0.686793,"t":[505.899,-233.461,348.339],"timestamp":258209674067},{"currentFrameRate":22.0238,"devices":[],"gestures":[],"hands":[],"id":113061,"interactionBox":{"center":[0,200,0],"size":[235.247,235.247,147.751]},"pointables":[],"r":[[-0.962136,-0.269906,0.0380192],[0.215739,-0.839331,-0.498979],[0.166588,-0.471883,0.86578]],"s":0.686793,"t":[505.899,-233.461,348.339],"timestamp":258209715330},{"currentFrameRate":22.3996,"devices":[],"gestures":[],"hands":[],"id":113062,"interactionBox":{"center":[0,200,0],"size":[235.247,235.247,147.751]},"pointables":[],"r":[[-0.962136,-0.269906,0.0380192],[0.215739,-0.839331,-0.498979],[0.166588,-0.471883,0.86578]],"s":0.686793,"t":[505.899,-233.461,348.339],"timestamp":258209756956},{"currentFrameRate":22.7799,"devices":[],"gestures":[],"hands":[],"id":113063,"interactionBox":{"center":[0,200,0],"size":[235.247,235.247,147.751]},"pointables":[],"r":[[-0.962136,-0.269906,0.0380192],[0.215739,-0.839331,-0.498979],[0.166588,-0.471883,0.86578]],"s":0.686793,"t":[505.899,-233.461,348.339],"timestamp":258209797846},{"currentFrameRate":23.0476,"devices":[],"gestures":[],"hands":[],"id":113064,"interactionBox":{"center":[0,200,0],"size":[235.247,235.247,147.751]},"pointables":[],"r":[[-0.962136,-0.269906,0.0380192],[0.215739,-0.839331,-0.498979],[0.166588,-0.471883,0.86578]],"s":0.686793,"t":[505.899,-233.461,348.339],"timestamp":258209839144},{"currentFrameRate":23.2592,"devices":[],"gestures":[],"hands":[],"id":113065,"interactionBox":{"center":[0,200,0],"size":[235.247,235.247,147.751]},"pointables":[],"r":[[-0.962136,-0.269906,0.0380192],[0.215739,-0.839331,-0.498979],[0.166588,-0.471883,0.86578]],"s":0.686793,"t":[505.899,-233.461,348.339],"timestamp":258209880500},{"currentFrameRate":23.4494,"devices":[],"gestures":[],"hands":[],"id":113066,"interactionBox":{"center":[0,200,0],"size":[235.247,235.247,147.751]},"pointables":[],"r":[[-0.962136,-0.269906,0.0380192],[0.215739,-0.839331,-0.498979],[0.166588,-0.471883,0.86578]],"s":0.686793,"t":[505.899,-233.461,348.339],"timestamp":258209921684},{"currentFrameRate":16.3848,"devices":[],"gestures":[],"hands":[],"id":113067,"interactionBox":{"center":[0,200,0],"size":[235.247,235.247,147.751]},"pointables":[],"r":[[-0.962136,-0.269906,0.0380192],[0.215739,-0.839331,-0.498979],[0.166588,-0.471883,0.86578]],"s":0.686793,"t":[505.899,-233.461,348.339],"timestamp":258210045617},{"currentFrameRate":17.856,"devices":[],"gestures":[],"hands":[],"id":113068,"interactionBox":{"center":[0,200,0],"size":[235.247,235.247,147.751]},"pointables":[],"r":[[-0.962136,-0.269906,0.0380192],[0.215739,-0.839331,-0.498979],[0.166588,-0.471883,0.86578]],"s":0.686793,"t":[505.899,-233.461,348.339],"timestamp":258210086816},{"currentFrameRate":19.0507,"devices":[],"gestures":[],"hands":[],"id":113069,"interactionBox":{"center":[0,200,0],"size":[235.247,235.247,147.751]},"pointables":[],"r":[[-0.962136,-0.269906,0.0380192],[0.215739,-0.839331,-0.498979],[0.166588,-0.471883,0.86578]],"s":0.686793,"t":[505.899,-233.461,348.339],"timestamp":258210128031},{"currentFrameRate":20.0048,"devices":[],"gestures":[],"hands":[],"id":113070,"interactionBox":{"center":[0,200,0],"size":[235.247,235.247,147.751]},"pointables":[],"r":[[-0.962136,-0.269906,0.0380192],[0.215739,-0.839331,-0.498979],[0.166588,-0.471883,0.86578]],"s":0.686793,"t":[505.899,-233.461,348.339],"timestamp":258210169444},{"currentFrameRate":20.7909,"devices":[],"gestures":[],"hands":[],"id":113071,"interactionBox":{"center":[0,200,0],"size":[235.247,235.247,147.751]},"pointables":[],"r":[[-0.962136,-0.269906,0.0380192],[0.215739,-0.839331,-0.498979],[0.166588,-0.471883,0.86578]],"s":0.686793,"t":[505.899,-233.461,348.339],"timestamp":258210210740},{"currentFrameRate":21.4264,"devices":[],"gestures":[],"hands":[{"armBasis":[[0.62668,-0.678308,-0.383629],[0.681569,0.715756,-0.152173],[0.377805,-0.166106,0.910863]],"armWidth":62.6062,"confidence":0,"direction":[-0.0118473,0.381358,-0.924351],"elbow":[196.483,118.675,290.986],"grabAngle":2.81822,"grabStrength":1,"id":164,"palmNormal":[-0.750894,-0.613843,-0.243628],"palmPosition":[83.266,191.49,-18.4546],"palmVelocity":[1.19209e-7,1.19209e-7,1.19209e-7],"palmWidth":89.3995,"pinchDistance":25.5046,"pinchStrength":0.644181,"r":[[1,-3.67761e-17,-8.67362e-18],[3.67761e-17,1,-1.11022e-17],[8.67362e-18,1.11022e-17,1]],"s":1,"sphereCenter":[48.5616,168.467,-45.5494],"sphereRadius":40.9068,"stabilizedPalmPosition":[83.266,191.49,-18.4546],"t":[0,0,0],"timeVisible":0,"type":"right","wrist":[96.2584,162.74,49.3513]}],"id":113072,"interactionBox":{"center":[0,200,0],"size":[235.247,235.247,147.751]},"pointables":[{"bases":[[[0.935018,0.345314,-0.0806202],[-0.190984,0.681965,0.706009],[0.298775,-0.644734,0.703599]],[[0.870225,0.45039,-0.199645],[-0.160629,0.64249,0.74927],[0.465733,-0.619965,0.631456]],[[0.870225,0.45039,-0.199645],[-0.354377,0.853781,0.381412],[0.342237,-0.261165,0.902589]],[[0.870225,0.45039,-0.199645],[-0.462264,0.886619,-0.0147705],[0.170356,0.105142,0.979757]]],"btipPosition":[27.3798,216.987,-45.5653],"carpPosition":[65.6038,180.249,38.1699],"dipPosition":[31.2971,219.405,-23.0362],"direction":[-0.342237,0.261165,-0.902589],"extended":true,"handId":164,"id":1640,"length":51.2054,"mcpPosition":[65.6038,180.249,38.1699],"pipPosition":[42.7619,210.656,7.20015],"stabilizedTipPosition":[28.2808,217.543,-40.3836],"timeVisible":0,"tipPosition":[28.2808,217.543,-40.3836],"tipVelocity":[1.19209e-7,1.19209e-7,1.19209e-7],"tool":false,"touchDistance":0.927579,"touchZone":"hovering","type":0,"width":19.896},{"bases":[[[0.648953,-0.617361,-0.444664],[0.724408,0.680035,0.113074],[0.23258,-0.395498,0.888532]],[[0.661608,-0.639738,-0.391165],[0.264303,0.687134,-0.67675],[0.701725,0.344357,0.623699]],[[0.661608,-0.639738,-0.391165],[-0.609143,-0.154324,-0.7779],[0.437286,0.752941,-0.491794]],[[0.661608,-0.639738,-0.391165],[-0.749849,-0.564177,-0.345586],[0.000398246,0.521957,-0.852971]]],"btipPosition":[28.3138,177.984,-33.7502],"carpPosition":[85.1377,190.574,30.8055],"dipPosition":[28.3205,186.746,-48.069],"direction":[-0.437286,-0.752941,0.491794],"extended":false,"handId":164,"id":1641,"length":57.7796,"mcpPosition":[68.326,219.162,-33.4208],"pipPosition":[38.7052,204.627,-59.748],"stabilizedTipPosition":[28.3154,179.999,-37.0435],"timeVisible":0,"tipPosition":[28.3154,179.999,-37.0435],"tipVelocity":[1.19209e-7,1.19209e-7,1.19209e-7],"tool":false,"touchDistance":0.333333,"touchZone":"none","type":1,"width":19.0047},{"bases":[[[0.541343,-0.771941,-0.333249],[0.828623,0.557024,0.0557504],[0.142592,-0.306318,0.941189]],[[0.544131,-0.778011,-0.31404],[0.394796,0.567704,-0.722391],[0.740309,0.269093,0.616061]],[[0.544131,-0.778011,-0.31404],[-0.585812,-0.0843542,-0.806045],[0.600621,0.622562,-0.501668]],[[0.544131,-0.778011,-0.31404],[-0.83089,-0.447779,-0.330327],[0.116378,0.440674,-0.890092]]],"btipPosition":[30.2176,167.276,-38.0833],"carpPosition":[93.9813,184.552,25.1586],"dipPosition":[32.3664,175.412,-54.5175],"direction":[-0.600621,-0.622562,0.501668],"extended":false,"handId":164,"id":1642,"length":65.8352,"mcpPosition":[84.2068,205.55,-39.3585],"pipPosition":[49.1473,192.806,-68.5338],"stabilizedTipPosition":[30.7118,169.147,-41.8632],"timeVisible":0,"tipPosition":[30.7118,169.147,-41.8632],"tipVelocity":[1.19209e-7,1.19209e-7,1.19209e-7],"tool":false,"touchDistance":0.333333,"touchZone":"none","type":2,"width":18.6651},{"bases":[[[0.49241,-0.848384,-0.194362],[0.869305,0.490401,0.0617734],[0.0429075,-0.199377,0.978983]],[[0.492744,-0.849984,-0.186363],[0.502895,0.452941,-0.736167],[0.710141,0.269021,0.650636]],[[0.492744,-0.849984,-0.186363],[-0.498758,-0.100376,-0.860909],[0.713052,0.517158,-0.473396]],[[0.492744,-0.849984,-0.186363],[-0.830052,-0.394835,-0.393852],[0.261185,0.34876,-0.900083]]],"btipPosition":[43.0841,156.003,-38.959],"carpPosition":[101.101,176.02,20.4466],"dipPosition":[47.8788,162.405,-55.4822],"direction":[-0.713052,-0.517158,0.473396],"extended":false,"handId":164,"id":1643,"length":63.3023,"mcpPosition":[98.4607,188.291,-39.805],"pipPosition":[67.2865,176.481,-68.367],"stabilizedTipPosition":[44.1869,157.475,-42.7594],"timeVisible":0,"tipPosition":[44.1869,157.475,-42.7594],"tipVelocity":[1.19209e-7,1.19209e-7,1.19209e-7],"tool":false,"touchDistance":0.333333,"touchZone":"none","type":3,"width":17.7611},{"bases":[[[0.343618,-0.935046,-0.0872657],[0.935663,0.332922,0.117038],[-0.0803829,-0.121868,0.989286]],[[0.344648,-0.933358,-0.1003],[0.639133,0.311566,-0.703161],[0.687551,0.178238,0.703921]],[[0.344648,-0.933358,-0.1003],[-0.412176,-0.0544654,-0.909475],[0.843403,0.35479,-0.40348]],[[0.344648,-0.933358,-0.1003],[-0.838442,-0.258013,-0.480046],[0.422176,0.249542,-0.871491]]],"btipPosition":[60.6601,152.272,-40.9497],"carpPosition":[103.324,162.565,17.3538],"dipPosition":[67.8099,156.498,-55.7088],"direction":[-0.843403,-0.35479,0.40348],"extended":false,"handId":164,"id":1644,"length":49.6278,"mcpPosition":[107.904,169.508,-39.0075],"pipPosition":[84.0175,163.316,-63.4625],"stabilizedTipPosition":[62.3045,153.244,-44.3443],"timeVisible":0,"tipPosition":[62.3045,153.244,-44.3443],"tipVelocity":[1.19209e-7,1.19209e-7,1.19209e-7],"tool":false,"touchDistance":0.333333,"touchZone":"none","type":4,"width":15.7768}],"r":[[1,-3.67761e-17,-8.67362e-18],[3.67761e-17,1,-1.11022e-17],[8.67362e-18,1.11022e-17,1]],"s":1,"t":[0,0,0],"timestamp":258210252075},{"currentFrameRate":21.9678,"devices":[],"gestures":[],"hands":[{"armBasis":[[0.651563,-0.568094,-0.502727],[0.667346,0.744368,0.0237648],[0.360713,-0.350977,0.864119]],"armWidth":65.4504,"confidence":0.213109,"direction":[-0.0439508,0.398769,-0.915998],"elbow":[192.488,83.4636,280.358],"grabAngle":2.77284,"grabStrength":1,"id":164,"palmNormal":[-0.699598,-0.666824,-0.256726],"palmPosition":[81.8037,207.675,-15.3985],"palmVelocity":[-35.5928,393.978,74.3902],"palmWidth":89.3995,"pinchDistance":18.6535,"pinchStrength":0.889682,"r":[[0.999871,0.0160664,0.0000121768],[-0.0160663,0.999862,0.0042732],[0.0000564799,-0.00427285,0.999991]],"s":0.983097,"sphereCenter":[49.1016,178.852,-45.1063],"sphereRadius":42.9948,"stabilizedPalmPosition":[82.1026,204.367,-16.0231],"t":[-0.731129,8.09289,1.52809],"timeVisible":0.041083,"type":"right","wrist":[96.7981,176.571,51.1244]}],"id":113073,"interactionBox":{"center":[0,200,0],"size":[235.247,235.247,147.751]},"pointables":[{"bases":[[[0.904146,0.42091,-0.073171],[-0.243944,0.649243,0.720399],[0.350729,-0.633496,0.689689]],[[0.829095,0.524972,-0.192368],[-0.248336,0.654033,0.714542],[0.50093,-0.544652,0.672625]],[[0.829095,0.524972,-0.192368],[-0.449664,0.830564,0.328581],[0.33227,-0.185924,0.924678]],[[0.829095,0.524972,-0.192368],[-0.55133,0.824836,-0.125226],[0.0929321,0.209882,0.9733]]],"btipPosition":[27.159,221.986,-46.176],"carpPosition":[65.1945,193.85,40.9721],"dipPosition":[29.3281,226.885,-23.459],"direction":[-0.33227,0.185924,-0.924678],"extended":false,"handId":164,"id":1640,"length":51.9753,"mcpPosition":[65.1945,193.85,40.9721],"pipPosition":[40.6264,220.563,7.98316],"stabilizedTipPosition":[28.1789,218.454,-40.4764],"timeVisible":0.041083,"tipPosition":[25.9959,227.032,-38.4597],"tipVelocity":[-15.1605,135.578,-13.8138],"tool":false,"touchDistance":0.859642,"touchZone":"hovering","type":0,"width":21.1968},{"bases":[[[0.69568,-0.553655,-0.457706],[0.667667,0.73344,0.127614],[0.265046,-0.394374,0.879898]],[[0.701008,-0.561686,-0.439428],[0.294102,0.789031,-0.539383],[0.649686,0.248875,0.71831]],[[0.701008,-0.561686,-0.439428],[-0.548113,-0.0301429,-0.835861],[0.456246,0.826801,-0.328998]],[[0.701008,-0.561686,-0.439428],[-0.712719,-0.530291,-0.459154],[0.0248761,0.635059,-0.772063]]],"btipPosition":[25.4076,192.957,-39.4621],"carpPosition":[83.8243,205.865,33.831],"dipPosition":[25.8315,203.778,-52.6175],"direction":[-0.456246,-0.826801,0.328998],"extended":false,"handId":164,"id":1641,"length":58.6483,"mcpPosition":[64.6658,234.372,-29.7712],"pipPosition":[36.8293,223.708,-60.548],"stabilizedTipPosition":[26.284,191.165,-40.979],"timeVisible":0.041083,"tipPosition":[26.8704,193.617,-37.8243],"tipVelocity":[-68.4048,375.997,-132.521],"tool":false,"touchDistance":0.333333,"touchZone":"none","type":1,"width":20.2471},{"bases":[[[0.60101,-0.718714,-0.349625],[0.781325,0.620443,0.0676829],[0.168278,-0.313849,0.934442]],[[0.589838,-0.698601,-0.405028],[0.410111,0.691223,-0.594995],[0.695629,0.184845,0.694213]],[[0.589838,-0.698601,-0.405028],[-0.571927,-0.00731562,-0.820272],[0.57008,0.715474,-0.403863]],[[0.589838,-0.698601,-0.405028],[-0.805256,-0.471302,-0.359774],[0.0604476,0.53836,-0.840544]]],"btipPosition":[30.8394,182.942,-42.1619],"carpPosition":[93.1134,200.694,28.0573],"dipPosition":[31.9723,193.032,-57.9147],"direction":[-0.57008,-0.715474,0.403863],"extended":false,"handId":164,"id":1642,"length":66.8251,"mcpPosition":[81.5783,222.208,-35.9972],"pipPosition":[48.1394,213.322,-69.368],"stabilizedTipPosition":[31.0132,181.658,-44.9079],"timeVisible":0.041083,"tipPosition":[31.1464,183.023,-41.7089],"tipVelocity":[9.44781,392.27,-95.4631],"tool":false,"touchDistance":0.333333,"touchZone":"none","type":2,"width":19.8854},{"bases":[[[0.558602,-0.801778,-0.212404],[0.827234,0.557188,0.0722843],[0.0603928,-0.216086,0.974505]],[[0.553975,-0.787378,-0.270457],[0.526767,0.583068,-0.618505],[0.644692,0.200169,0.73777]],[[0.553975,-0.787378,-0.270457],[-0.488393,-0.0442664,-0.8715],[0.674228,0.614879,-0.409073]],[[0.553975,-0.787378,-0.270457],[-0.808714,-0.431787,-0.399427],[0.197721,0.439995,-0.875963]]],"btipPosition":[46.1331,172.057,-42.0617],"carpPosition":[100.888,192.863,23.1646],"dipPosition":[49.8174,180.255,-58.3839],"direction":[-0.674228,-0.614879,0.409073],"extended":false,"handId":164,"id":1643,"length":64.2541,"mcpPosition":[97.1709,206.162,-36.8113],"pipPosition":[68.4443,197.243,-69.6854],"stabilizedTipPosition":[46.4697,170.932,-45.257],"timeVisible":0.041083,"tipPosition":[46.0117,172.069,-42.1885],"tipVelocity":[67.9989,400.829,-74.3974],"tool":false,"touchDistance":0.333333,"touchZone":"none","type":3,"width":18.9222},{"bases":[[[0.417424,-0.902367,-0.107192],[0.906111,0.404405,0.124177],[-0.0687045,-0.148962,0.986453]],[[0.4229,-0.873461,-0.24129],[0.663913,0.479879,-0.573528],[0.616745,0.0823494,0.782844]],[[0.4229,-0.873461,-0.24129],[-0.402792,0.0573313,-0.913494],[0.811735,0.483507,-0.327578]],[[0.4229,-0.873461,-0.24129],[-0.83105,-0.267684,-0.487545],[0.361263,0.406708,-0.839094]]],"btipPosition":[64.3002,168.859,-43.2065],"carpPosition":[104.178,179.699,19.7853],"dipPosition":[70.5103,175.85,-57.6306],"direction":[-0.811735,-0.483507,0.327578],"extended":false,"handId":164,"id":1644,"length":50.374,"mcpPosition":[108.093,188.186,-36.4145],"pipPosition":[86.3439,185.282,-64.0203],"stabilizedTipPosition":[65.2555,168.088,-46.2229],"timeVisible":0.041083,"tipPosition":[64.4435,169.006,-43.3505],"tipVelocity":[83.3424,419.232,-53.0568],"tool":false,"touchDistance":0.333333,"touchZone":"none","type":4,"width":16.8082}],"r":[[0.999871,0.0160664,0.0000121768],[-0.0160663,0.999862,0.0042732],[0.0000564799,-0.00427285,0.999991]],"s":0.983097,"t":[-0.731129,8.09289,1.52809],"timestamp":258210293158},{"currentFrameRate":22.3819,"devices":[],"gestures":[],"hands":[{"armBasis":[[0.61329,-0.547999,-0.568835],[0.689601,0.722642,0.0473213],[0.385132,-0.421291,0.821089]],"armWidth":65.4504,"confidence":0.40887,"direction":[-0.0427879,0.448845,-0.892585],"elbow":[198.998,77.3238,269.497],"grabAngle":2.66578,"grabStrength":1,"id":164,"palmNormal":[-0.723886,-0.629681,-0.281941],"palmPosition":[81.7176,224.353,-12.7114],"palmVelocity":[-2.08312,403.333,64.9865],"palmWidth":89.3995,"pinchDistance":19.769,"pinchStrength":0.972806,"r":[[0.99974,0.0226359,-0.00264372],[-0.0225834,0.999575,0.0184573],[0.00306039,-0.0183928,0.999826]],"s":0.967612,"sphereCenter":[47.7075,197.612,-44.4781],"sphereRadius":44.379,"stabilizedPalmPosition":[81.7199,224.235,-12.7308],"t":[-1.13976,20.478,3.63569],"timeVisible":0.082432,"type":"right","wrist":[96.8297,189.084,51.6777]}],"id":113074,"interactionBox":{"center":[0,200,0],"size":[235.247,235.247,147.751]},"pointables":[{"bases":[[[0.386803,-0.907926,-0.161413],[0.920151,0.368447,0.132548],[-0.0608722,-0.199794,0.977945]],[[0.390807,-0.885188,-0.252412],[0.733273,0.465151,-0.495928],[0.556399,0.00872529,0.830869]],[[0.390807,-0.885188,-0.252412],[-0.294904,0.139357,-0.94531],[0.871953,0.443871,-0.206584]],[[0.390807,-0.885188,-0.252412],[-0.782603,-0.175177,-0.597365],[0.484564,0.430993,-0.761212]]],"btipPosition":[62.1377,188.836,-47.3039],"carpPosition":[103.628,193.828,20.5957],"dipPosition":[70.4674,196.245,-60.3892],"direction":[-0.871953,-0.443871,0.206584],"extended":false,"handId":164,"id":1644,"length":50.374,"mcpPosition":[107.096,205.211,-35.1195],"pipPosition":[87.4756,204.903,-64.4188],"stabilizedTipPosition":[64.0604,190.412,-50.2902],"timeVisible":0.082432,"tipPosition":[63.1149,188.549,-44.5639],"tipVelocity":[-40.5075,485.449,-91.6461],"tool":false,"touchDistance":0.333333,"touchZone":"none","type":4,"width":16.8082},{"bases":[[[0.916201,0.395641,-0.0635828],[-0.213743,0.616726,0.757603],[0.338952,-0.680527,0.649611]],[[0.826967,0.527074,-0.195752],[-0.220399,0.624178,0.74955],[0.517253,-0.57671,0.632341]],[[0.826967,0.527074,-0.195752],[-0.43487,0.820281,0.37152],[0.35639,-0.222108,0.907554]],[[0.826967,0.527074,-0.195752],[-0.551143,0.828776,-0.0968093],[0.111208,0.187945,0.975863]]],"btipPosition":[25.31,239.482,-41.5781],"carpPosition":[65.3928,208.032,43.0718],"dipPosition":[27.9056,243.869,-18.8012],"direction":[-0.35639,0.222108,-0.907554],"extended":false,"handId":164,"id":1640,"length":51.9753,"mcpPosition":[65.3928,208.032,43.0718],"pipPosition":[40.0241,236.317,12.0586],"stabilizedTipPosition":[26.0429,239.173,-36.5869],"timeVisible":0.082432,"tipPosition":[26.2064,245.569,-34.3286],"tipVelocity":[-42.3458,420.285,111.53],"tool":false,"touchDistance":0.876186,"touchZone":"hovering","type":0,"width":21.1968},{"bases":[[[0.671631,-0.549703,-0.496727],[0.69247,0.704143,0.157058],[0.263432,-0.449454,0.853578]],[[0.679936,-0.564194,-0.468373],[0.361086,0.81355,-0.4558],[0.638204,0.140791,0.756884]],[[0.679936,-0.564194,-0.468373],[-0.50528,0.102396,-0.856859],[0.531394,0.819268,-0.215453]],[[0.679936,-0.564194,-0.468373],[-0.725137,-0.42247,-0.54378],[0.108924,0.709369,-0.69637]]],"btipPosition":[23.2549,214.443,-40.7541],"carpPosition":[84.3065,219.823,36.316],"dipPosition":[25.1109,226.531,-52.6198],"direction":[-0.531394,-0.819268,0.215453],"extended":false,"handId":164,"id":1641,"length":58.6483,"mcpPosition":[65.2647,252.311,-25.3837],"pipPosition":[37.9202,246.279,-57.8132],"stabilizedTipPosition":[23.7014,217.028,-43.4644],"timeVisible":0.082432,"tipPosition":[25.4853,214.241,-37.1481],"tipVelocity":[-44.0955,526.674,-24.0712],"tool":false,"touchDistance":0.333333,"touchZone":"none","type":1,"width":20.2471},{"bases":[[[0.573091,-0.717303,-0.396287],[0.801664,0.591034,0.0895213],[0.170005,-0.368993,0.913752]],[[0.565042,-0.700344,-0.436172],[0.481664,0.709219,-0.514789],[0.669871,0.0807888,0.738069]],[[0.565042,-0.700344,-0.436172],[-0.515017,0.11362,-0.849617],[0.644582,0.704705,-0.296489]],[[0.565042,-0.700344,-0.436172],[-0.811867,-0.377788,-0.445139],[0.14697,0.605636,-0.782052]]],"btipPosition":[28.4617,204.757,-44.9106],"carpPosition":[93.3503,214.682,30.1399],"dipPosition":[31.2161,216.108,-59.5672],"direction":[-0.644582,-0.704705,0.296489],"extended":false,"handId":164,"id":1642,"length":66.8251,"mcpPosition":[81.6967,239.976,-32.4965],"pipPosition":[49.496,236.093,-67.9754],"stabilizedTipPosition":[29.1065,207.217,-48.2618],"timeVisible":0.082432,"tipPosition":[29.7135,204.084,-42.072],"tipVelocity":[-48.4842,534.601,-60.3776],"tool":false,"touchDistance":0.333333,"touchZone":"none","type":2,"width":19.8854},{"bases":[[[0.529788,-0.806285,-0.263115],[0.845571,0.526212,0.0900625],[0.065838,-0.270196,0.960552]],[[0.524412,-0.787093,-0.324771],[0.592693,0.611287,-0.524446],[0.611316,0.0825359,0.787071]],[[0.524412,-0.787093,-0.324771],[-0.413328,0.098151,-0.905277],[0.744414,0.608975,-0.273856]],[[0.524412,-0.787093,-0.324771],[-0.798226,-0.321698,-0.509259],[0.296356,0.526303,-0.796981]]],"btipPosition":[43.4264,193.208,-47.0491],"carpPosition":[100.806,206.887,24.7227],"dipPosition":[48.9485,203.014,-61.8996],"direction":[-0.744414,-0.608975,0.273856],"extended":false,"handId":164,"id":1643,"length":64.2541,"mcpPosition":[96.7539,223.516,-34.3946],"pipPosition":[69.5144,219.839,-69.4654],"stabilizedTipPosition":[44.7094,195.284,-50.4266],"timeVisible":0.082432,"tipPosition":[44.54,192.756,-44.0804],"tipVelocity":[-55.2384,520.462,-112.429],"tool":false,"touchDistance":0.333333,"touchZone":"none","type":3,"width":18.9222}],"r":[[0.99974,0.0226359,-0.00264372],[-0.0225834,0.999575,0.0184573],[0.00306039,-0.0183928,0.999826]],"s":0.967612,"t":[-1.13976,20.478,3.63569],"timestamp":258210334507},{"currentFrameRate":25.4167,"devices":[],"gestures":[],"hands":[{"armBasis":[[0.616225,-0.524247,-0.587735],[0.683078,0.727217,0.0675278],[0.392009,-0.443081,0.806231]],"armWidth":65.4504,"confidence":0.478559,"direction":[-0.0531205,0.462884,-0.884826],"elbow":[200.972,77.3806,264.932],"grabAngle":2.65629,"grabStrength":1,"id":164,"palmNormal":[-0.716914,-0.634491,-0.288885],"palmPosition":[81.1158,231.186,-12.6022],"palmVelocity":[-36.4985,414.426,6.61791],"palmWidth":89.3995,"pinchDistance":20.3127,"pinchStrength":0.993142,"r":[[0.999517,0.0305788,-0.00556569],[-0.0303781,0.998989,0.0331428],[0.00657353,-0.0329578,0.999435]],"s":0.956642,"sphereCenter":[48.2037,203.458,-45.2469],"sphereRadius":44.8421,"stabilizedPalmPosition":[81.1702,230.56,-12.6138],"t":[-1.64497,30.0872,4.74405],"timeVisible":0.09892,"type":"right","wrist":[96.98,194.921,51.0544]}],"id":113075,"interactionBox":{"center":[0,200,0],"size":[235.247,235.247,147.751]},"pointables":[{"bases":[[[0.397929,-0.899935,-0.178239],[0.915862,0.378379,0.134265],[-0.0533881,-0.21667,0.974784]],[[0.400334,-0.886046,-0.233787],[0.733988,0.462788,-0.49708],[0.548629,0.0274009,0.835617]],[[0.400334,-0.886046,-0.233787],[-0.272909,0.128266,-0.953451],[0.874788,0.445501,-0.190461]],[[0.400334,-0.886046,-0.233787],[-0.76949,-0.186504,-0.610821],[0.497613,0.424429,-0.756467]]],"btipPosition":[61.669,195.801,-48.1918],"carpPosition":[103.592,200.409,20.0912],"dipPosition":[70.223,203.097,-61.1955],"direction":[-0.874788,-0.445501,0.190461],"extended":false,"handId":164,"id":1644,"length":50.374,"mcpPosition":[106.633,212.754,-35.4439],"pipPosition":[87.2865,211.787,-64.9106],"stabilizedTipPosition":[63.6759,196.822,-51.0996],"timeVisible":0.09892,"tipPosition":[62.8596,195.737,-45.191],"tipVelocity":[-25.2982,420.883,-52.7117],"tool":false,"touchDistance":0.333333,"touchZone":"none","type":4,"width":16.8082},{"bases":[[[0.910582,0.408746,-0.0613687],[-0.218095,0.601272,0.768704],[0.351105,-0.686584,0.636653]],[[0.811049,0.549761,-0.199908],[-0.227932,0.61172,0.757526],[0.538746,-0.568826,0.621442]],[[0.811049,0.549761,-0.199908],[-0.449617,0.804463,0.38818],[0.374224,-0.224951,0.899641]],[[0.811049,0.549761,-0.199908],[-0.571787,0.817196,-0.072461],[0.123528,0.173074,0.977132]]],"btipPosition":[23.2532,245.241,-40.8959],"carpPosition":[65.284,213.733,42.9801],"dipPosition":[26.1364,249.28,-18.0894],"direction":[-0.374224,0.224951,-0.899641],"extended":false,"handId":164,"id":1640,"length":51.9753,"mcpPosition":[65.284,213.733,42.9801],"pipPosition":[38.8612,241.631,12.5014],"stabilizedTipPosition":[24.3229,244.832,-35.8295],"timeVisible":0.09892,"tipPosition":[25.115,251.533,-33.7722],"tipVelocity":[-120.734,344.397,41.7902],"tool":false,"touchDistance":0.832237,"touchZone":"hovering","type":0,"width":21.1968},{"bases":[[[0.676347,-0.532492,-0.508927],[0.683901,0.710578,0.165402],[0.273558,-0.459925,0.844769]],[[0.689578,-0.555544,-0.464601],[0.361978,0.820038,-0.443294],[0.627259,0.137511,0.766575]],[[0.689578,-0.555544,-0.464601],[-0.492503,0.11061,-0.863253],[0.530965,0.824097,-0.197332]],[[0.689578,-0.555544,-0.464601],[-0.715779,-0.425205,-0.55395],[0.110193,0.714543,-0.690858]]],"btipPosition":[22.6812,221.197,-41.0486],"carpPosition":[84.0071,225.884,36.3307],"dipPosition":[24.5588,233.372,-52.8204],"direction":[-0.530965,-0.824097,0.197332],"extended":false,"handId":164,"id":1641,"length":58.6483,"mcpPosition":[64.2334,259.129,-24.7323],"pipPosition":[37.3577,253.237,-57.5771],"stabilizedTipPosition":[23.1719,223.3,-43.7269],"timeVisible":0.09892,"tipPosition":[24.8335,220.857,-37.1946],"tipVelocity":[-34.4933,410.83,-16.5529],"tool":false,"touchDistance":0.333333,"touchZone":"none","type":1,"width":20.2471},{"bases":[[[0.580523,-0.703016,-0.410807],[0.79424,0.600054,0.0954871],[0.179378,-0.381712,0.906708]],[[0.576324,-0.694216,-0.431178],[0.478918,0.714428,-0.510127],[0.662184,0.0874994,0.744215]],[[0.576324,-0.694216,-0.431178],[-0.501071,0.116623,-0.857512],[0.645584,0.710256,-0.280639]],[[0.576324,-0.694216,-0.431178],[-0.802577,-0.381369,-0.458724],[0.154016,0.610427,-0.776954]]],"btipPosition":[27.765,211.343,-45.3805],"carpPosition":[93.0871,220.966,30.0276],"dipPosition":[30.6515,222.783,-59.9415],"direction":[-0.645584,-0.710256,0.280639],"extended":false,"handId":164,"id":1642,"length":66.8251,"mcpPosition":[80.791,247.132,-32.1259],"pipPosition":[48.9599,242.925,-67.9003],"stabilizedTipPosition":[28.4907,213.358,-48.6868],"timeVisible":0.09892,"tipPosition":[29.2093,210.833,-42.2881],"tipVelocity":[-40.4106,400.664,-27.1655],"tool":false,"touchDistance":0.333333,"touchZone":"none","type":2,"width":19.8854},{"bases":[[[0.539056,-0.794746,-0.278921],[0.838999,0.53582,0.094748],[0.074151,-0.285089,0.955628]],[[0.535693,-0.78282,-0.316586],[0.592466,0.615587,-0.51965],[0.601678,0.0908065,0.79356]],[[0.535693,-0.78282,-0.316586],[-0.392457,0.101152,-0.914191],[0.74767,0.613972,-0.253037]],[[0.535693,-0.78282,-0.316586],[-0.786689,-0.326432,-0.523987],[0.306843,0.529751,-0.790703]]],"btipPosition":[42.8708,200.027,-48.0031],"carpPosition":[100.618,213.36,24.4469],"dipPosition":[48.5883,209.898,-62.7366],"direction":[-0.74767,-0.613972,0.253037],"extended":false,"handId":164,"id":1643,"length":64.2541,"mcpPosition":[96.0542,230.906,-34.3673],"pipPosition":[69.2442,226.86,-69.7272],"stabilizedTipPosition":[44.24,201.571,-51.2918],"timeVisible":0.09892,"tipPosition":[44.202,199.751,-44.6574],"tipVelocity":[-30.9722,414.47,-56.2295],"tool":false,"touchDistance":0.333333,"touchZone":"none","type":3,"width":18.9222}],"r":[[0.999517,0.0305788,-0.00556569],[-0.0303781,0.998989,0.0331428],[0.00657353,-0.0329578,0.999435]],"s":0.956642,"t":[-1.64497,30.0872,4.74405],"timestamp":258210350995},{"currentFrameRate":28.1957,"devices":[],"gestures":[],"hands":[{"armBasis":[[0.63277,-0.489718,-0.599815],[0.664023,0.741655,0.0949837],[0.398341,-0.458394,0.794481]],"armWidth":65.4504,"confidence":0.543085,"direction":[-0.0537615,0.479466,-0.875912],"elbow":[202.619,78.6005,261.834],"grabAngle":2.63741,"grabStrength":1,"id":164,"palmNormal":[-0.696542,-0.646537,-0.311156],"palmPosition":[80.9051,237.454,-11.9682],"palmVelocity":[-12.7002,377.79,38.2146],"palmWidth":89.3995,"pinchDistance":21.2629,"pinchStrength":0.988195,"r":[[0.999101,0.0420956,-0.00502969],[-0.0418003,0.99793,0.0488622],[0.00707616,-0.048608,0.998793]],"s":0.951163,"sphereCenter":[49.1531,209.501,-45.7382],"sphereRadius":45.1052,"stabilizedPalmPosition":[80.9219,237.017,-12.0091],"t":[-2.00294,38.0259,5.61526],"timeVisible":0.115512,"type":"right","wrist":[96.9473,200.203,51.0738]}],"id":113076,"interactionBox":{"center":[0,200,0],"size":[235.247,235.247,147.751]},"pointables":[{"bases":[[[0.423282,-0.885615,-0.191097],[0.903995,0.398827,0.154045],[-0.0602102,-0.237956,0.969408]],[[0.425471,-0.874616,-0.232425],[0.736969,0.483919,-0.471911],[0.525216,0.0294946,0.850458]],[[0.425471,-0.874616,-0.232425],[-0.241341,0.13787,-0.960597],[0.872198,0.4648,-0.152421]],[[0.425471,-0.874616,-0.232425],[-0.743192,-0.191144,-0.641194],[0.516372,0.445546,-0.731333]]],"btipPosition":[62.769,202.388,-49.2821],"carpPosition":[103.749,206.597,20.3919],"dipPosition":[71.6455,210.047,-61.8538],"direction":[-0.872198,-0.4648,0.152421],"extended":false,"handId":164,"id":1644,"length":50.374,"mcpPosition":[107.179,220.154,-34.8368],"pipPosition":[88.6584,219.113,-64.8269],"stabilizedTipPosition":[64.7333,203.651,-52.1005],"timeVisible":0.115512,"tipPosition":[64.0262,202.317,-45.8164],"tipVelocity":[70.7645,402.015,-59.7264],"tool":false,"touchDistance":0.333333,"touchZone":"none","type":4,"width":16.8082},{"bases":[[[0.900431,0.433065,-0.0409872],[-0.243344,0.579572,0.77774],[0.360567,-0.690327,0.627248]],[[0.794653,0.5789,-0.18276],[-0.248902,0.585287,0.771678],[0.553692,-0.567726,0.60919]],[[0.794653,0.5789,-0.18276],[-0.47752,0.781968,0.400626],[0.374835,-0.231087,0.897829]],[[0.794653,0.5789,-0.18276],[-0.596696,0.800247,-0.0596549],[0.111719,0.156457,0.981346]]],"btipPosition":[22.3123,250.514,-40.2772],"carpPosition":[64.8213,218.463,43.0346],"dipPosition":[24.9198,254.165,-17.3723],"direction":[-0.374835,0.231087,-0.897829],"extended":false,"handId":164,"id":1640,"length":51.9753,"mcpPosition":[64.8213,218.463,43.0346],"pipPosition":[37.6655,246.308,13.1568],"stabilizedTipPosition":[23.0745,250.602,-35.1036],"timeVisible":0.115512,"tipPosition":[24.5756,256.495,-33.5493],"tipVelocity":[-60.5307,312.427,38.6513],"tool":false,"touchDistance":0.791966,"touchZone":"hovering","type":0,"width":21.1968},{"bases":[[[0.696315,-0.504455,-0.51056],[0.663154,0.724278,0.188809],[0.274542,-0.47005,0.838856]],[[0.711545,-0.531772,-0.459263],[0.353733,0.835858,-0.419779],[0.607106,0.136235,0.782856]],[[0.711545,-0.531772,-0.459263],[-0.470876,0.124252,-0.873406],[0.521517,0.837723,-0.161988]],[[0.711545,-0.531772,-0.459263],[-0.693142,-0.424122,-0.582815],[0.115141,0.733034,-0.670376]]],"btipPosition":[22.9175,226.679,-41.9688],"carpPosition":[83.3076,231.223,36.8816],"dipPosition":[24.8795,239.17,-53.3916],"direction":[-0.521517,-0.837723,0.161988],"extended":false,"handId":164,"id":1641,"length":58.6483,"mcpPosition":[63.4627,265.2,-23.754],"pipPosition":[37.4506,259.363,-57.2963],"stabilizedTipPosition":[23.3543,229.093,-44.5322],"timeVisible":0.115512,"tipPosition":[25.155,226.327,-37.7835],"tipVelocity":[15.4117,334.778,-50.6231],"tool":false,"touchDistance":0.333333,"touchZone":"none","type":1,"width":20.2471},{"bases":[[[0.603682,-0.679353,-0.41719],[0.777193,0.618071,0.118145],[0.177591,-0.395559,0.901107]],[[0.601048,-0.673556,-0.43019],[0.474268,0.733843,-0.486357],[0.643281,0.0882984,0.760521]],[[0.601048,-0.673556,-0.43019],[-0.477096,0.129451,-0.869265],[0.641187,0.727712,-0.243545]],[[0.601048,-0.673556,-0.43019],[-0.781117,-0.381186,-0.494523],[0.169107,0.633261,-0.755237]]],"btipPosition":[28.1423,217.034,-46.6654],"carpPosition":[92.5913,226.669,30.6015],"dipPosition":[31.3115,228.902,-60.8194],"direction":[-0.641187,-0.727712,0.243545],"extended":false,"handId":164,"id":1642,"length":66.8251,"mcpPosition":[80.4177,253.784,-31.168],"pipPosition":[49.4953,249.54,-67.7262],"stabilizedTipPosition":[28.844,219.306,-49.8326],"timeVisible":0.115512,"tipPosition":[29.868,216.577,-43.1321],"tipVelocity":[26.6581,348.948,-71.8005],"tool":false,"touchDistance":0.333333,"touchZone":"none","type":2,"width":19.8854},{"bases":[[[0.562919,-0.774805,-0.287749],[0.823603,0.555031,0.116702],[0.0692876,-0.302684,0.950569]],[[0.560653,-0.765626,-0.315412],[0.59149,0.636861,-0.494518],[0.579489,0.0906901,0.809918]],[[0.560653,-0.765626,-0.315412],[-0.362857,0.115229,-0.924693],[0.744314,0.632881,-0.21321]],[[0.560653,-0.765626,-0.315412],[-0.761934,-0.327848,-0.558544],[0.324229,0.553473,-0.767166]]],"btipPosition":[43.6963,206.165,-49.4376],"carpPosition":[100.387,219.375,24.9688],"dipPosition":[49.7378,216.478,-63.7326],"direction":[-0.744314,-0.632881,0.21321],"extended":false,"handId":164,"id":1643,"length":64.2541,"mcpPosition":[96.1223,238.004,-33.534],"pipPosition":[70.301,233.963,-69.6229],"stabilizedTipPosition":[45.0171,207.971,-52.6089],"timeVisible":0.115512,"tipPosition":[45.2193,205.914,-45.5842],"tipVelocity":[54.2465,376.093,-80.3795],"tool":false,"touchDistance":0.333333,"touchZone":"none","type":3,"width":18.9222}],"r":[[0.999101,0.0420956,-0.00502969],[-0.0418003,0.99793,0.0488622],[0.00707616,-0.048608,0.998793]],"s":0.951163,"t":[-2.00294,38.0259,5.61526],"timestamp":258210367587},{"currentFrameRate":31.1465,"devices":[],"gestures":[],"hands":[{"armBasis":[[0.639645,-0.472416,-0.606364],[0.656126,0.746513,0.110534],[0.40044,-0.468553,0.787468]],"armWidth":65.4504,"confidence":0.592424,"direction":[-0.0663336,0.476605,-0.876611],"elbow":[203.671,80.4066,260.052],"grabAngle":2.61658,"grabStrength":1,"id":164,"palmNormal":[-0.686524,-0.659338,-0.306526],"palmPosition":[80.5572,241.731,-11.8085],"palmVelocity":[-25.1474,309.155,11.5403],"palmWidth":89.3995,"pinchDistance":21.2943,"pinchStrength":1,"r":[[0.998482,0.0548083,-0.00542589],[-0.054376,0.996652,0.061061],[0.00875437,-0.0606733,0.998119]],"s":0.946595,"sphereCenter":[49.4298,212.76,-45.6762],"sphereRadius":45.4321,"stabilizedPalmPosition":[80.5854,241.367,-11.824],"t":[-2.35585,44.1335,6.13069],"timeVisible":0.129345,"type":"right","wrist":[97.4423,204.705,51.152]}],"id":113077,"interactionBox":{"center":[0,200,0],"size":[235.247,235.247,147.751]},"pointables":[{"bases":[[[0.437889,-0.878435,-0.191327],[0.897557,0.414984,0.148928],[-0.0514259,-0.23694,0.970162]],[[0.439522,-0.868836,-0.227915],[0.733114,0.493598,-0.467872],[0.519003,0.0385522,0.853903]],[[0.439522,-0.868836,-0.227915],[-0.225989,0.138614,-0.964217],[0.869338,0.475301,-0.135424]],[[0.439522,-0.868836,-0.227915],[-0.728211,-0.196118,-0.656694],[0.52586,0.454602,-0.718894]]],"btipPosition":[62.7247,206.401,-49.8794],"carpPosition":[104.094,211.348,20.5045],"dipPosition":[71.7643,214.216,-62.2373],"direction":[-0.869338,-0.475301,0.135424],"extended":false,"handId":164,"id":1644,"length":50.374,"mcpPosition":[107.023,224.847,-34.7673],"pipPosition":[88.7215,223.487,-64.8789],"stabilizedTipPosition":[64.7977,207.806,-52.6681],"timeVisible":0.129345,"tipPosition":[64.1756,206.339,-45.9012],"tipVelocity":[-0.490729,292.716,-39.624],"tool":false,"touchDistance":0.333333,"touchZone":"none","type":4,"width":16.8082},{"bases":[[[0.892468,0.448744,-0.0461541],[-0.249821,0.576836,0.777721],[0.375621,-0.682561,0.626913]],[[0.776772,0.598927,-0.194708],[-0.260133,0.58669,0.766894],[0.573546,-0.545052,0.611525]],[[0.776772,0.598927,-0.194708],[-0.494633,0.771561,0.400041],[0.389825,-0.214432,0.895576]],[[0.776772,0.598927,-0.194708],[-0.618867,0.783223,-0.0597092],[0.116738,0.166879,0.979042]]],"btipPosition":[20.9609,252.704,-39.9874],"carpPosition":[65.0705,222.576,43.3085],"dipPosition":[23.6856,256.599,-17.1363],"direction":[-0.389825,0.214432,-0.895576],"extended":false,"handId":164,"id":1640,"length":51.9753,"mcpPosition":[65.0705,222.576,43.3085],"pipPosition":[36.9409,249.308,13.3162],"stabilizedTipPosition":[21.8194,253.133,-34.7897],"timeVisible":0.129345,"tipPosition":[23.64,259.29,-33.2729],"tipVelocity":[-95.7443,162.407,20.0541],"tool":false,"touchDistance":0.750264,"touchZone":"hovering","type":0,"width":21.1968},{"bases":[[[0.702658,-0.493204,-0.512856],[0.651194,0.736222,0.184183],[0.286736,-0.463386,0.838484]],[[0.7182,-0.519416,-0.463029],[0.344829,0.843647,-0.411524],[0.604385,0.135891,0.785017]],[[0.7182,-0.519416,-0.463029],[-0.469769,0.128961,-0.873319],[0.513328,0.844735,-0.151386]],[[0.7182,-0.519416,-0.463029],[-0.687144,-0.424559,-0.589562],[0.109645,0.741591,-0.661831]]],"btipPosition":[22.4362,230.32,-42.2756],"carpPosition":[83.3002,235.645,37.0417],"dipPosition":[24.3045,242.956,-53.5528],"direction":[-0.513328,-0.844735,0.151386],"extended":false,"handId":164,"id":1641,"length":58.6483,"mcpPosition":[62.5738,269.141,-23.567],"pipPosition":[36.6783,263.318,-57.2019],"stabilizedTipPosition":[22.9092,232.86,-44.8395],"timeVisible":0.129345,"tipPosition":[24.7771,229.775,-37.7556],"tipVelocity":[-36.3528,265.611,-19.7566],"tool":false,"touchDistance":0.333333,"touchZone":"none","type":1,"width":20.2471},{"bases":[[[0.61356,-0.669508,-0.418692],[0.766749,0.631889,0.113191],[0.188785,-0.390481,0.901046]],[[0.610917,-0.664096,-0.430995],[0.46523,0.741621,-0.48328],[0.640579,0.0947324,0.762026]],[[0.610917,-0.664096,-0.430995],[-0.470993,0.13271,-0.872097],[0.636354,0.735775,-0.23171]],[[0.610917,-0.664096,-0.430995],[-0.77328,-0.383803,-0.504711],[0.169759,0.641616,-0.748004]]],"btipPosition":[27.6711,220.565,-47.0796],"carpPosition":[92.6327,231.242,30.7266],"dipPosition":[30.8525,232.589,-61.0981],"direction":[-0.636354,-0.735775,0.23171],"extended":false,"handId":164,"id":1642,"length":66.8251,"mcpPosition":[79.6918,258.009,-31.0387],"pipPosition":[48.8992,253.456,-67.6693],"stabilizedTipPosition":[28.4417,222.976,-50.2624],"timeVisible":0.129345,"tipPosition":[29.6708,220.092,-43.1265],"tipVelocity":[-33.863,257.831,-27.6913],"tool":false,"touchDistance":0.333333,"touchZone":"none","type":2,"width":19.8854},{"bases":[[[0.575096,-0.76539,-0.288866],[0.814253,0.569671,0.111654],[0.0791001,-0.299422,0.950836]],[[0.572745,-0.757008,-0.314486],[0.584857,0.646182,-0.490296],[0.574373,0.0968853,0.81284]],[[0.572745,-0.757008,-0.314486],[-0.35184,0.119489,-0.928402],[0.740386,0.642387,-0.197909]],[[0.572745,-0.757008,-0.314486],[-0.751306,-0.331319,-0.57076],[0.327875,0.563175,-0.758507]]],"btipPosition":[43.5027,209.944,-50.0656],"carpPosition":[100.528,224.075,25.0715],"dipPosition":[49.6122,220.438,-64.1992],"direction":[-0.740386,-0.642387,0.197909],"extended":false,"handId":164,"id":1643,"length":64.2541,"mcpPosition":[95.6601,242.503,-33.4478],"pipPosition":[70.0668,238.185,-69.6668],"stabilizedTipPosition":[44.9189,211.914,-53.2448],"timeVisible":0.129345,"tipPosition":[45.2496,209.682,-45.7143],"tipVelocity":[-12.8637,276.214,-42.7159],"tool":false,"touchDistance":0.333333,"touchZone":"none","type":3,"width":18.9222}],"r":[[0.998482,0.0548083,-0.00542589],[-0.054376,0.996652,0.061061],[0.00875437,-0.0606733,0.998119]],"s":0.946595,"t":[-2.35585,44.1335,6.13069],"timestamp":258210381420},{"currentFrameRate":34.0642,"devices":[],"gestures":[],"hands":[{"armBasis":[[0.642512,-0.464263,-0.609621],[0.652657,0.748424,0.117901],[0.401518,-0.473626,0.783876]],"armWi