{"frames":314,"data":[{"currentFrameRate":23.746,"devices":[],"gestures":[],"hands":[],"id":166137,"interactionBox":{"center":[0,200,0],"size":[235.247,235.247,147.751]},"pointables":[],"r":[[-0.451118,-0.878766,0.155767],[0.630521,-0.437343,-0.641229],[0.631613,-0.191055,0.751374]],"s":-0.0734829,"t":[559.648,-310.26,370.787],"timestamp":259806449757},{"currentFrameRate":23.7329,"devices":[],"gestures":[],"hands":[],"id":166138,"interactionBox":{"center":[0,200,0],"size":[235.247,235.247,147.751]},"pointables":[],"r":[[-0.451118,-0.878766,0.155767],[0.630521,-0.437343,-0.641229],[0.631613,-0.191055,0.751374]],"s":-0.0734829,"t":[559.648,-310.26,370.787],"timestamp":259806491991},{"currentFrameRate":23.7743,"devices":[],"gestures":[],"hands":[],"id":166139,"interactionBox":{"center":[0,200,0],"size":[235.247,235.247,147.751]},"pointables":[],"r":[[-0.451118,-0.878766,0.155767],[0.630521,-0.437343,-0.641229],[0.631613,-0.191055,0.751374]],"s":-0.0734829,"t":[559.648,-310.26,370.787],"timestamp":259806533740},{"currentFrameRate":23.7596,"devices":[],"gestures":[],"hands":[],"id":166140,"interactionBox":{"center":[0,200,0],"size":[235.247,235.247,147.751]},"pointables":[],"r":[[-0.451118,-0.878766,0.155767],[0.630521,-0.437343,-0.641229],[0.631613,-0.191055,0.751374]],"s":-0.0734829,"t":[559.648,-310.26,370.787],"timestamp":259806575940},{"currentFrameRate":23.7821,"devices":[],"gestures":[],"hands":[],"id":166141,"interactionBox":{"center":[0,200,0],"size":[235.247,235.247,147.751]},"pointables":[],"r":[[-0.451118,-0.878766,0.155767],[0.630521,-0.437343,-0.641229],[0.631613,-0.191055,0.751374]],"s":-0.0734829,"t":[559.648,-310.26,370.787],"timestamp":259806617818},{"currentFrameRate":23.7624,"devices":[],"gestures":[],"hands":[],"id":166142,"interactionBox":{"center":[0,200,0],"size":[235.247,235.247,147.751]},"pointables":[],"r":[[-0.451118,-0.878766,0.155767],[0.630521,-0.437343,-0.641229],[0.631613,-0.191055,0.751374]],"s":-0.0734829,"t":[559.648,-310.26,370.787],"timestamp":259806660050},{"currentFrameRate":23.779,"devices":[],"gestures":[],"hands":[],"id":166143,"interactionBox":{"center":[0,200,0],"size":[235.247,235.247,147.751]},"pointables":[],"r":[[-0.451118,-0.878766,0.155767],[0.630521,-0.437343,-0.641229],[0.631613,-0.191055,0.751374]],"s":-0.0734829,"t":[559.648,-310.26,370.787],"timestamp":259806701979},{"currentFrameRate":23.7677,"devices":[],"gestures":[],"hands":[],"id":166144,"interactionBox":{"center":[0,200,0],"size":[235.247,235.247,147.751]},"pointables":[],"r":[[-0.451118,-0.878766,0.155767],[0.630521,-0.437343,-0.641229],[0.631613,-0.191055,0.751374]],"s":-0.0734829,"t":[559.648,-310.26,370.787],"timestamp":259806744138},{"currentFrameRate":23.7438,"devices":[],"gestures":[],"hands":[],"id":166145,"interactionBox":{"center":[0,200,0],"size":[235.247,235.247,147.751]},"pointables":[],"r":[[-0.451118,-0.878766,0.155767],[0.630521,-0.437343,-0.641229],[0.631613,-0.191055,0.751374]],"s":-0.0734829,"t":[559.648,-310.26,370.787],"timestamp":259806786435},{"currentFrameRate":23.7615,"devices":[],"gestures":[],"hands":[],"id":166146,"interactionBox":{"center":[0,200,0],"size":[235.247,235.247,147.751]},"pointables":[],"r":[[-0.451118,-0.878766,0.155767],[0.630521,-0.437343,-0.641229],[0.631613,-0.191055,0.751374]],"s":-0.0734829,"t":[559.648,-310.26,370.787],"timestamp":259806828386},{"currentFrameRate":23.784,"devices":[],"gestures":[],"hands":[],"id":166147,"interactionBox":{"center":[0,200,0],"size":[235.247,235.247,147.751]},"pointables":[],"r":[[-0.451118,-0.878766,0.155767],[0.630521,-0.437343,-0.641229],[0.631613,-0.191055,0.751374]],"s":-0.0734829,"t":[559.648,-310.26,370.787],"timestamp":259806870261},{"currentFrameRate":23.7794,"devices":[],"gestures":[],"hands":[],"id":166148,"interactionBox":{"center":[0,200,0],"size":[235.247,235.247,147.751]},"pointables":[],"r":[[-0.451118,-0.878766,0.155767],[0.630521,-0.437343,-0.641229],[0.631613,-0.191055,0.751374]],"s":-0.0734829,"t":[559.648,-310.26,370.787],"timestamp":259806912349},{"currentFrameRate":23.7717,"devices":[],"gestures":[],"hands":[],"id":166149,"interactionBox":{"center":[0,200,0],"size":[235.247,235.247,147.751]},"pointables":[],"r":[[-0.451118,-0.878766,0.155767],[0.630521,-0.437343,-0.641229],[0.631613,-0.191055,0.751374]],"s":-0.0734829,"t":[559.648,-310.26,370.787],"timestamp":259806954474},{"currentFrameRate":23.7666,"devices":[],"gestures":[],"hands":[],"id":166150,"interactionBox":{"center":[0,200,0],"size":[235.247,235.247,147.751]},"pointables":[],"r":[[-0.451118,-0.878766,0.155767],[0.630521,-0.437343,-0.641229],[0.631613,-0.191055,0.751374]],"s":-0.0734829,"t":[559.648,-310.26,370.787],"timestamp":259806996588},{"currentFrameRate":23.781,"devices":[],"gestures":[],"hands":[{"armBasis":[[0.859553,-0.118405,-0.49714],[0.14358,0.989559,0.012564],[0.490462,-0.0821787,0.867579]],"armWidth":60.2356,"confidence":0,"direction":[-0.168468,0.505273,-0.846355],"elbow":[195.475,127.758,289.447],"grabAngle":1.99465,"grabStrength":0.626984,"id":266,"palmNormal":[-0.250726,-0.852353,-0.458946],"palmPosition":[46.8202,178.239,6.72736],"palmVelocity":[1.19209e-7,1.19209e-7,1.19209e-7],"palmWidth":86.0143,"pinchDistance":38.1531,"pinchStrength":1,"r":[[1,-8.32667e-18,0],[8.32667e-18,1,-2.22045e-17],[1.84889e-34,2.22045e-17,1]],"s":1,"sphereCenter":[20.2354,146.604,-24.7959],"sphereRadius":44.9735,"stabilizedPalmPosition":[46.8202,178.239,6.72736],"t":[0,0,0],"timeVisible":0,"type":"right","wrist":[70.2921,148.733,68.0105]}],"id":166151,"interactionBox":{"center":[0,200,0],"size":[235.247,235.247,147.751]},"pointables":[{"bases":[[[0.911467,-0.0481339,-0.408547],[0.199573,0.920171,0.336834],[0.35972,-0.388548,0.848311]],[[0.921,-0.0587842,-0.385101],[-0.0568792,0.957664,-0.282215],[0.385387,0.281824,0.878665]],[[0.921,-0.0587842,-0.385101],[-0.347627,0.32215,-0.880554],[0.175823,0.944862,0.276265]],[[0.921,-0.0587842,-0.385101],[-0.388549,-0.209834,-0.897217],[-0.0280652,0.975968,-0.216098]]],"btipPosition":[1.57363,146.315,-44.4491],"carpPosition":[45.8067,168.091,53.0554],"dipPosition":[1.12034,162.078,-47.9393],"direction":[-0.175823,-0.944862,-0.276265],"extended":false,"handId":266,"id":2661,"length":55.5917,"mcpPosition":[20.7894,195.113,-5.94176],"pipPosition":[5.13766,183.667,-41.627],"stabilizedTipPosition":[1.46937,149.941,-45.2518],"timeVisible":0,"tipPosition":[1.46937,149.941,-45.2518],"tipVelocity":[1.19209e-7,1.19209e-7,1.19209e-7],"tool":false,"touchDistance":0.854556,"touchZone":"hovering","type":1,"width":18.2851},{"bases":[[[0.898859,-0.375388,-0.226133],[0.429538,0.856971,0.284776],[0.0868882,-0.353106,0.93154]],[[0.895048,-0.362125,-0.260297],[0.289692,0.915855,-0.278009],[0.339068,0.173425,0.924639]],[[0.895048,-0.362125,-0.260297],[-0.0308186,0.532047,-0.846154],[0.444903,0.765371,0.465047]],[[0.895048,-0.362125,-0.260297],[-0.233725,0.116199,-0.965334],[0.379818,0.924859,0.0193662]]],"btipPosition":[29.1724,144.528,-62.717],"carpPosition":[66.9977,167.321,44.0174],"dipPosition":[35.8809,160.863,-62.375],"direction":[-0.444903,-0.76537,-0.465047],"extended":false,"handId":266,"id":2663,"length":60.9053,"mcpPosition":[61.8526,188.23,-11.1433],"pipPosition":[47.5316,180.906,-50.1967],"stabilizedTipPosition":[30.7154,148.285,-62.6383],"timeVisible":0,"tipPosition":[30.7154,148.285,-62.6383],"tipVelocity":[1.19209e-7,1.19209e-7,1.19209e-7],"tool":false,"touchDistance":0.593758,"touchZone":"hovering","type":3,"width":17.0885},{"bases":[[[0.574982,0.806685,0.136583],[-0.589324,0.292549,0.753069],[0.567532,-0.513492,0.643609]],[[0.390238,0.91926,-0.0517233],[-0.890209,0.391054,0.233677],[0.235036,-0.0451451,0.970938]],[[0.390238,0.91926,-0.0517233],[-0.896557,0.366616,-0.248553],[-0.209522,0.143368,0.967236]],[[0.390238,0.91926,-0.0517233],[-0.651967,0.236229,-0.72051],[-0.650117,0.314893,0.691513]]],"btipPosition":[45.6535,138.796,-37.0965],"carpPosition":[35.6082,148.253,55.194],"dipPosition":[31.2705,145.763,-21.7976],"direction":[0.209522,-0.143368,-0.967236],"extended":false,"handId":266,"id":2660,"length":49.2665,"mcpPosition":[35.6082,148.253,55.194],"pipPosition":[24.5173,150.384,9.37748],"stabilizedTipPosition":[42.3454,140.398,-33.5778],"timeVisible":0,"tipPosition":[42.3454,140.398,-33.5778],"tipVelocity":[1.19209e-7,1.19209e-7,1.19209e-7],"tool":false,"touchDistance":1,"touchZone":"none","type":0,"width":19.1427},{"bases":[[[0.90422,-0.256342,-0.341577],[0.358643,0.890032,0.281458],[0.231865,-0.377004,0.89672]],[[0.905469,-0.258391,-0.336689],[0.182776,0.95338,-0.240124],[0.383038,0.155886,0.910484]],[[0.905469,-0.258391,-0.336689],[-0.153902,0.539407,-0.827861],[0.395524,0.80142,0.448649]],[[0.905469,-0.258391,-0.336689],[-0.325197,0.0873522,-0.941603],[0.272713,0.962083,-0.00493346]]],"btipPosition":[8.20085,148.361,-64.1791],"carpPosition":[56.4228,169.234,48.4207],"dipPosition":[13.0454,165.452,-64.2667],"direction":[-0.395524,-0.80142,-0.448649],"extended":false,"handId":266,"id":2662,"length":63.3423,"mcpPosition":[41.1307,194.098,-10.7205],"pipPosition":[23.6777,186.995,-52.2064],"stabilizedTipPosition":[9.3151,152.292,-64.1992],"timeVisible":0,"tipPosition":[9.3151,152.292,-64.1992],"tipVelocity":[1.19209e-7,1.19209e-7,1.19209e-7],"tool":false,"touchDistance":0.570345,"touchZone":"hovering","type":2,"width":17.9584},{"bases":[[[0.819464,-0.550135,-0.160722],[0.570092,0.753567,0.327311],[-0.0589503,-0.359845,0.931148]],[[0.818546,-0.55518,-0.147507],[0.476247,0.799452,-0.366149],[0.321203,0.22946,0.918791]],[[0.818546,-0.55518,-0.147507],[0.0438756,0.316457,-0.947592],[0.572763,0.769175,0.283394]],[[0.818546,-0.55518,-0.147507],[-0.209967,-0.0501432,-0.976422],[0.534693,0.830217,-0.157614]]],"btipPosition":[49.5003,142.972,-44.8127],"carpPosition":[76.3078,158.666,39.6103],"dipPosition":[58.2127,156.5,-47.3809],"direction":[-0.572763,-0.769175,-0.283394],"extended":false,"handId":266,"id":2664,"length":47.7486,"mcpPosition":[79.5391,178.391,-11.43],"pipPosition":[68.8027,170.721,-42.1412],"stabilizedTipPosition":[51.5041,146.083,-45.4034],"timeVisible":0,"tipPosition":[51.5041,146.083,-45.4034],"tipVelocity":[1.19209e-7,1.19209e-7,1.19209e-7],"tool":false,"touchDistance":0.852282,"touchZone":"hovering","type":4,"width":15.1794}],"r":[[1,-8.32667e-18,0],[8.32667e-18,1,-2.22045e-17],[1.84889e-34,2.22045e-17,1]],"s":1,"t":[0,0,0],"timestamp":259807038530},{"currentFrameRate":23.7695,"devices":[],"gestures":[],"hands":[{"armBasis":[[0.854967,-0.061382,-0.515038],[0.161136,0.975273,0.151255],[0.493018,-0.212309,0.843717]],"armWidth":62.9551,"confidence":0.218509,"direction":[-0.186297,0.484976,-0.854454],"elbow":[193.311,101.755,279.911],"grabAngle":1.7894,"grabStrength":0.473319,"id":266,"palmNormal":[-0.231257,-0.86689,-0.441613],"palmPosition":[43.054,185.265,3.40106],"palmVelocity":[-89.3354,166.663,-78.9008],"palmWidth":86.0143,"pinchDistance":51.1424,"pinchStrength":1,"r":[[0.999986,0.00514194,-0.00123964],[-0.00514647,0.99998,-0.00368253],[0.00122068,0.00368886,0.999992]],"s":1.03963,"sphereCenter":[17.7565,147.243,-30.3256],"sphereRadius":50.25,"stabilizedPalmPosition":[45.8808,179.991,5.89767],"t":[-1.8831,3.51308,-1.66315],"timeVisible":0.042158,"type":"right","wrist":[67.4755,155.944,64.5645]}],"id":166152,"interactionBox":{"center":[0,200,0],"size":[235.247,235.247,147.751]},"pointables":[{"bases":[[[0.906943,-0.356289,-0.22475],[0.408891,0.87287,0.266283],[0.101304,-0.333401,0.937326]],[[0.90272,-0.344085,-0.258268],[0.283311,0.927197,-0.245033],[0.323777,0.148026,0.934482]],[[0.90272,-0.344085,-0.258268],[-0.00357236,0.594288,-0.804245],[0.430214,0.72693,0.535246]],[[0.90272,-0.344085,-0.258268],[-0.190417,0.218764,-0.957018],[0.385796,0.913098,0.131963]]],"btipPosition":[25.1465,152.822,-71.9996],"carpPosition":[63.7197,175.564,40.76],"dipPosition":[32.1363,169.366,-69.6087],"direction":[-0.430214,-0.72693,-0.535246],"extended":false,"handId":266,"id":2663,"length":62.4764,"mcpPosition":[57.721,195.306,-14.7434],"pipPosition":[43.693,188.893,-55.2306],"stabilizedTipPosition":[29.9737,149.847,-64.2882],"timeVisible":0.042158,"tipPosition":[27.1279,154.683,-67.468],"tipVelocity":[-93.9608,197.887,-209.008],"tool":false,"touchDistance":0.435545,"touchZone":"hovering","type":3,"width":18.1987},{"bases":[[[0.554735,0.823597,0.118141],[-0.592362,0.291231,0.751193],[0.584274,-0.486696,0.649424]],[[0.360414,0.929673,-0.0762175],[-0.887096,0.366873,0.280115],[0.288378,-0.0333452,0.956936]],[[0.360414,0.929673,-0.0762175],[-0.910828,0.333124,-0.243766],[-0.201233,0.157278,0.966835]],[[0.360414,0.929673,-0.0762175],[-0.688942,0.210219,-0.693662],[-0.628857,0.302515,0.716257]]],"btipPosition":[40.2143,145.414,-40.8968],"carpPosition":[32.8974,155.906,52.4801],"dipPosition":[25.9427,152.28,-24.6417],"direction":[0.201233,-0.157278,-0.966835],"extended":false,"handId":266,"id":2660,"length":50.5373,"mcpPosition":[32.8974,155.906,52.4801],"pipPosition":[19.2895,157.48,7.32429],"stabilizedTipPosition":[40.8312,142.243,-34.5792],"timeVisible":0.042158,"tipPosition":[38.95,146.645,-36.3273],"tipVelocity":[-128.411,156.43,-84.9265],"tool":false,"touchDistance":0.906328,"touchZone":"hovering","type":0,"width":20.3863},{"bases":[[[0.910054,-0.032262,-0.413233],[0.177673,0.931092,0.318592],[0.374479,-0.363356,0.853075]],[[0.927801,-0.0505669,-0.369634],[-0.0187125,0.983217,-0.181476],[0.372607,0.17529,0.911283]],[[0.927801,-0.0505669,-0.369634],[-0.261977,0.617097,-0.741997],[0.26562,0.78526,0.559296]],[[0.927801,-0.0505669,-0.369634],[-0.353322,0.199027,-0.914085],[0.11979,0.978688,0.166791]]],"btipPosition":[-7.20921,159.304,-63.2519],"carpPosition":[42.5679,175.956,49.9134],"dipPosition":[-5.22455,175.519,-60.4885],"direction":[-0.26562,-0.78526,-0.559296],"extended":false,"handId":266,"id":2661,"length":57.0257,"mcpPosition":[16.5241,201.226,-9.41502],"pipPosition":[1.00108,193.924,-47.3797],"stabilizedTipPosition":[-1.75288,155.072,-52.057],"timeVisible":0.042158,"tipPosition":[-5.01524,160.135,-57.356],"tipVelocity":[-195.031,310.555,-411.891],"tool":false,"touchDistance":0.541966,"touchZone":"hovering","type":1,"width":19.473},{"bases":[[[0.908568,-0.239309,-0.342397],[0.337149,0.90403,0.262795],[0.246648,-0.354206,0.902055]],[[0.911216,-0.243175,-0.332492],[0.205045,0.967818,-0.145896],[0.35727,0.0647674,0.931753]],[[0.911216,-0.243175,-0.332492],[-0.0668348,0.709188,-0.701845],[0.406471,0.661754,0.629971]],[[0.911216,-0.243175,-0.332492],[-0.261913,0.280974,-0.923285],[0.317942,0.928396,0.192337]]],"btipPosition":[3.15627,162.453,-78.7266],"carpPosition":[53.1243,177.285,45.1928],"dipPosition":[8.95001,179.371,-75.2217],"direction":[-0.406471,-0.661754,-0.629971],"extended":false,"handId":266,"id":2662,"length":64.9762,"mcpPosition":[36.8572,200.646,-14.3003],"pipPosition":[20.1584,197.619,-57.8504],"stabilizedTipPosition":[7.22542,158.377,-70.1403],"timeVisible":0.042158,"tipPosition":[5.0473,162.463,-73.2772],"tipVelocity":[-114.481,333.328,-325.471],"tool":false,"touchDistance":0.340825,"touchZone":"hovering","type":2,"width":19.1251},{"bases":[[[0.832461,-0.531775,-0.155642],[0.552309,0.773921,0.309842],[-0.0443115,-0.343893,0.937963]],[[0.831944,-0.535394,-0.145679],[0.452909,0.80693,-0.379129],[0.320536,0.249435,0.913805]],[[0.831944,-0.535394,-0.145679],[0.0240617,0.297116,-0.954538],[0.554338,0.790617,0.260066]],[[0.831944,-0.535394,-0.145679],[-0.210835,-0.0621737,-0.975542],[0.513242,0.842311,-0.164605]]],"btipPosition":[45.5709,148.295,-48.472],"carpPosition":[73.2247,167.071,36.4553],"dipPosition":[54.1495,162.374,-51.2233],"direction":[-0.554338,-0.790617,-0.260066],"extended":false,"handId":266,"id":2664,"length":48.9803,"mcpPosition":[75.6536,185.921,-14.9585],"pipPosition":[64.6631,177.369,-46.2909],"stabilizedTipPosition":[50.8597,146.97,-46.0058],"timeVisible":0.042158,"tipPosition":[48.2041,152.212,-48.2409],"tipVelocity":[-93.937,129.265,-87.7993],"tool":false,"touchDistance":0.744866,"touchZone":"hovering","type":4,"width":16.1655}],"r":[[0.999986,0.00514194,-0.00123964],[-0.00514647,0.99998,-0.00368253],[0.00122068,0.00368886,0.999992]],"s":1.03963,"t":[-1.8831,3.51308,-1.66315],"timestamp":259807080688},{"currentFrameRate":20.7997,"devices":[],"gestures":[],"hands":[{"armBasis":[[0.883164,0.105773,-0.456982],[0.0512804,0.946631,0.318213],[0.466252,-0.304468,0.830607]],"armWidth":62.9551,"confidence":0.537587,"direction":[-0.239765,0.406399,-0.881676],"elbow":[184.318,90.0618,273.161],"grabAngle":1.08956,"grabStrength":0,"id":266,"palmNormal":[-0.0736152,-0.913162,-0.400894],"palmPosition":[38.5318,191.881,-1.31359],"palmVelocity":[-62.9137,92.0434,-65.5906],"palmWidth":86.0143,"pinchDistance":59.1206,"pinchStrength":0.738193,"r":[[0.999101,0.0423674,0.00157225],[-0.0423347,0.99896,-0.0169448],[-0.00228852,0.016863,0.999855]],"s":1.17199,"sphereCenter":[16.3086,131.953,-40.913],"sphereRadius":73.374,"stabilizedPalmPosition":[42.644,185.228,2.72157],"t":[-5.08577,8.57766,-4.85205],"timeVisible":0.114038,"type":"right","wrist":[65.314,167.773,61.1609]}],"id":166153,"interactionBox":{"center":[0,200,0],"size":[235.247,235.247,147.751]},"pointables":[{"bases":[[[0.408592,0.90862,0.0863852],[-0.652576,0.224653,0.723654],[0.63812,-0.352053,0.684735]],[[0.218961,0.970203,-0.103738],[-0.91397,0.241164,0.326342],[0.341636,0.0233574,0.939542]],[[0.218961,0.970203,-0.103738],[-0.947035,0.185721,-0.261979],[-0.234906,0.155607,0.959482]],[[0.218961,0.970203,-0.103738],[-0.684841,0.0770811,-0.724604],[-0.695017,0.229704,0.681313]]],"btipPosition":[39.4022,152.151,-42.5169],"carpPosition":[31.9836,163.611,49.0031],"dipPosition":[23.6291,157.364,-27.0549],"direction":[0.234906,-0.155607,-0.959482],"extended":false,"handId":266,"id":2660,"length":50.5373,"mcpPosition":[31.9836,163.611,49.0031],"pipPosition":[15.8625,162.509,4.66803],"stabilizedTipPosition":[38.0015,148.458,-37.031],"timeVisible":0.114038,"tipPosition":[40.2844,151.824,-39.0468],"tipVelocity":[-16.1032,88.4332,-25.0769],"tool":false,"touchDistance":0.821991,"touchZone":"hovering","type":0,"width":20.3863},{"bases":[[[0.944599,-0.101838,-0.31203],[0.176858,0.958761,0.222485],[0.276504,-0.265344,0.923655]],[[0.9448,-0.102031,-0.311356],[0.115763,0.992939,0.0258942],[0.306515,-0.0605084,0.949941]],[[0.9448,-0.102031,-0.311356],[-0.00509473,0.945587,-0.325329],[0.327608,0.308957,0.892871]],[[0.9448,-0.102031,-0.311356],[-0.0949397,0.824256,-0.558201],[0.313591,0.556948,0.769071]]],"btipPosition":[1.30977,189.328,-102.933],"carpPosition":[48.6207,187.669,41.0196],"dipPosition":[7.02421,199.477,-88.919],"direction":[-0.327608,-0.308957,-0.892871],"extended":true,"handId":266,"id":2662,"length":64.9762,"mcpPosition":[30.3845,205.169,-19.898],"pipPosition":[16.0579,207.997,-64.2982],"stabilizedTipPosition":[7.22542,158.377,-70.1403],"timeVisible":0.114038,"tipPosition":[3.23079,187.107,-96.5559],"tipVelocity":[-25.9424,352.228,-303.139],"tool":false,"touchDistance":-0.0723356,"touchZone":"hovering","type":2,"width":19.1251},{"bases":[[[0.958955,-0.211759,-0.188583],[0.252618,0.940088,0.228954],[0.128802,-0.267196,0.954996]],[[0.948189,-0.193408,-0.252055],[0.206504,0.978092,0.0263207],[0.241442,-0.0770073,0.967355]],[[0.948189,-0.193408,-0.252055],[0.110029,0.944162,-0.310566],[0.298047,0.266742,0.916524]],[[0.948189,-0.193408,-0.252055],[0.0346116,0.851516,-0.523186],[0.315817,0.487355,0.814092]]],"btipPosition":[27.657,190.677,-100.944],"carpPosition":[59.4728,187.513,36.8868],"dipPosition":[33.3789,199.506,-86.1947],"direction":[-0.298046,-0.266742,-0.916524],"extended":true,"handId":266,"id":2663,"length":62.4764,"mcpPosition":[51.8459,203.335,-19.6629],"pipPosition":[41.3852,206.672,-61.5744],"stabilizedTipPosition":[29.0486,189.468,-95.038],"timeVisible":0.114038,"tipPosition":[29.0507,189.224,-95.0308],"tipVelocity":[30.8684,501.952,-363.136],"tool":false,"touchDistance":0.0830189,"touchZone":"hovering","type":3,"width":18.1987},{"bases":[[[0.912407,-0.39366,-0.112005],[0.409075,0.868383,0.280301],[-0.0130797,-0.301567,0.953355]],[[0.911664,-0.375787,-0.166291],[0.350092,0.922147,-0.164559],[0.215184,0.0918053,0.972249]],[[0.911664,-0.375787,-0.166291],[0.0720266,0.544523,-0.835647],[0.404575,0.749852,0.523489]],[[0.911664,-0.375787,-0.166291],[-0.105451,0.17718,-0.978513],[0.397176,0.90961,0.121902]]],"btipPosition":[49.3845,164.47,-64.3515],"carpPosition":[70.3577,180.513,33.2085],"dipPosition":[56.0232,179.674,-62.314],"direction":[-0.404575,-0.749852,-0.523489],"extended":false,"handId":266,"id":2664,"length":48.9803,"mcpPosition":[71.0746,197.044,-19.0491],"pipPosition":[63.6964,193.896,-52.3854],"stabilizedTipPosition":[50.8885,158.673,-55.9694],"timeVisible":0.114038,"tipPosition":[50.746,164.248,-59.2358],"tipVelocity":[46.8488,228.635,-205.593],"tool":false,"touchDistance":0.482042,"touchZone":"hovering","type":4,"width":16.1655},{"bases":[[[0.914036,0.0990077,-0.393364],[0.0136283,0.961711,0.273725],[0.405403,-0.255556,0.87769]],[[0.946265,0.0760538,-0.314322],[-0.0756409,0.997043,0.0135294],[0.314421,0.0109731,0.94922]],[[0.946265,0.0760538,-0.314322],[-0.187553,0.920861,-0.341816],[0.26345,0.382401,0.885643]],[[0.946265,0.0760538,-0.314322],[-0.25468,0.774251,-0.579374],[0.1993,0.628293,0.752016]]],"btipPosition":[-12.4705,182.782,-88.2052],"carpPosition":[38.2996,184.839,45.5974],"dipPosition":[-9.16855,193.192,-75.7458],"direction":[-0.26345,-0.382401,-0.885643],"extended":true,"handId":266,"id":2661,"length":57.0257,"mcpPosition":[10.1052,202.612,-15.4429],"pipPosition":[-2.99379,202.154,-54.9881],"stabilizedTipPosition":[-8.77363,176.296,-75.5219],"timeVisible":0.114038,"tipPosition":[-10.438,180.921,-81.8444],"tipVelocity":[-68.9808,308.058,-316.127],"tool":false,"touchDistance":0.163246,"touchZone":"hovering","type":1,"width":19.473}],"r":[[0.999101,0.0423674,0.00157225],[-0.0423347,0.99896,-0.0169448],[-0.00228852,0.016863,0.999855]],"s":1.17199,"t":[-5.08577,8.57766,-4.85205],"timestamp":259807152568},{"currentFrameRate":24.127,"devices":[],"gestures":[],"hands":[{"armBasis":[[0.880402,0.102812,-0.462949],[0.0611003,0.943488,0.325727],[0.470275,-0.315057,0.824367]],"armWidth":62.9551,"confidence":0.591236,"direction":[-0.239748,0.410155,-0.87994],"elbow":[185.352,89.2141,271.7],"grabAngle":1.01505,"grabStrength":0,"id":266,"palmNormal":[-0.0819501,-0.911689,-0.402626],"palmPosition":[38.4688,194.131,-0.996518],"palmVelocity":[-4.21247,150.404,21.1946],"palmWidth":86.0143,"pinchDistance":58.7093,"pinchStrength":0.667032,"r":[[0.997499,0.0706224,0.00274259],[-0.0705223,0.99714,-0.0271647],[-0.00465319,0.0269034,0.999627]],"s":1.27034,"sphereCenter":[14.8538,130.695,-41.9261],"sphereRadius":77.7846,"stabilizedPalmPosition":[42.0269,186.544,2.17203],"t":[-6.71861,12.235,-6.28797],"timeVisible":0.128998,"type":"right","wrist":[65.3215,169.628,61.2925]}],"id":166154,"interactionBox":{"center":[0,200,0],"size":[235.247,235.247,147.751]},"pointables":[{"bases":[[[0.415783,0.905299,0.0869347],[-0.648319,0.228,0.726428],[0.637814,-0.358398,0.681721]],[[0.247446,0.965411,-0.0821687],[-0.907648,0.260643,0.328999],[0.339036,-0.00682905,0.940749]],[[0.247446,0.965411,-0.0821687],[-0.938815,0.217929,-0.26671],[-0.239578,0.143137,0.960268]],[[0.247446,0.965411,-0.0821687],[-0.675403,0.111063,-0.729038],[-0.694695,0.235894,0.679523]]],"btipPosition":[39.5702,156.036,-42.2813],"carpPosition":[31.8818,165.8,49.281],"dipPosition":[23.8044,161.39,-26.8599],"direction":[0.239578,-0.143137,-0.960268],"extended":false,"handId":266,"id":2660,"length":50.5373,"mcpPosition":[31.8818,165.8,49.281],"pipPosition":[15.8834,166.122,4.88898],"stabilizedTipPosition":[37.4622,150.767,-37.4775],"timeVisible":0.128998,"tipPosition":[39.3888,154.468,-38.8139],"tipVelocity":[11.3432,261.897,15.1226],"tool":false,"touchDistance":0.776519,"touchZone":"hovering","type":0,"width":20.3863},{"bases":[[[0.913383,0.0929368,-0.396351],[0.02189,0.960973,0.275775],[0.406513,-0.260564,0.875702]],[[0.945431,0.0697962,-0.318259],[-0.0625409,0.997498,0.0329714],[0.319764,-0.011268,0.94743]],[[0.945431,0.0697962,-0.318259],[-0.168519,0.940739,-0.294297],[0.278858,0.33187,0.901166]],[[0.945431,0.0697962,-0.318259],[-0.234826,0.823101,-0.517071],[0.22587,0.56359,0.794575]]],"btipPosition":[-13.5243,188.462,-88.7592],"carpPosition":[38.3469,186.987,45.8995],"dipPosition":[-9.78209,197.799,-75.5947],"direction":[-0.278858,-0.33187,-0.901166],"extended":true,"handId":266,"id":2661,"length":57.0257,"mcpPosition":[10.0754,205.108,-15.0025],"pipPosition":[-3.24621,205.578,-54.4731],"stabilizedTipPosition":[-10.2108,181.584,-79.2938],"timeVisible":0.128998,"tipPosition":[-11.1551,184.836,-82.0832],"tipVelocity":[-63.6697,363.171,-26.1929],"tool":false,"touchDistance":0.20401,"touchZone":"hovering","type":1,"width":19.473},{"bases":[[[0.942702,-0.108314,-0.315564],[0.184913,0.956897,0.223956],[0.277704,-0.269475,0.922097]],[[0.945491,-0.111062,-0.306125],[0.130571,0.990465,0.0439374],[0.298327,-0.0815134,0.950977]],[[0.945491,-0.111062,-0.306125],[0.0176016,0.956101,-0.292509],[0.325173,0.271176,0.905939]],[[0.945491,-0.111062,-0.306125],[-0.0665318,0.854338,-0.515441],[0.31878,0.507712,0.80038]]],"btipPosition":[1.6384,194.602,-103.538],"carpPosition":[48.6731,189.749,41.2917],"dipPosition":[7.44741,203.854,-88.9529],"direction":[-0.325173,-0.271176,-0.905939],"extended":true,"handId":266,"id":2662,"length":64.9762,"mcpPosition":[30.3578,207.521,-19.5232],"pipPosition":[16.414,211.331,-63.9718],"stabilizedTipPosition":[5.28585,175.876,-83.848],"timeVisible":0.128998,"tipPosition":[2.82663,190.883,-96.7412],"tipVelocity":[23.421,338.701,-31.6355],"tool":false,"touchDistance":-0.12857,"touchZone":"touching","type":2,"width":19.1251},{"bases":[[[0.956654,-0.218614,-0.192409],[0.26055,0.937635,0.230118],[0.130102,-0.270275,0.953952]],[[0.946843,-0.201579,-0.250709],[0.223128,0.972915,0.060419],[0.23174,-0.113147,0.966175]],[[0.946843,-0.201579,-0.250709],[0.134697,0.956148,-0.260073],[0.29214,0.212478,0.932474]],[[0.946843,-0.201579,-0.250709],[0.0699096,0.889641,-0.451278],[0.314009,0.409762,0.856442]]],"btipPosition":[28.2282,197.295,-101.793],"carpPosition":[59.5093,189.52,37.1205],"dipPosition":[33.9174,204.719,-86.2765],"direction":[-0.29214,-0.212478,-0.932474],"extended":true,"handId":266,"id":2663,"length":62.4764,"mcpPosition":[51.8054,205.525,-19.3674],"pipPosition":[41.765,210.427,-61.2278],"stabilizedTipPosition":[29.3051,194.478,-96.7123],"timeVisible":0.128998,"tipPosition":[28.8361,193.335,-95.4576],"tipVelocity":[37.6806,420.798,-44.9613],"tool":false,"touchDistance":0.155518,"touchZone":"hovering","type":3,"width":18.1987},{"bases":[[[0.908993,-0.400325,-0.116065],[0.416637,0.864632,0.280759],[-0.0120412,-0.303566,0.952734]],[[0.908466,-0.384719,-0.163342],[0.370668,0.922176,-0.110439],[0.193118,0.0397842,0.980369]],[[0.908466,-0.384719,-0.163342],[0.115177,0.606115,-0.786994],[0.401776,0.696144,0.594945]],[[0.908466,-0.384719,-0.163342],[-0.0675465,0.250531,-0.965749],[0.412465,0.888384,0.201612]]],"btipPosition":[49.8518,169.669,-67.1032],"carpPosition":[70.3277,182.446,33.3888],"dipPosition":[56.746,184.518,-63.7334],"direction":[-0.401776,-0.696144,-0.594945],"extended":false,"handId":266,"id":2664,"length":48.9803,"mcpPosition":[70.9878,199.086,-18.8348],"pipPosition":[64.3661,197.722,-52.4495],"stabilizedTipPosition":[51.0214,162.162,-58.4777],"timeVisible":0.128998,"tipPosition":[50.5247,167.962,-60.6138],"tipVelocity":[35.164,342.087,-163.453],"tool":false,"touchDistance":0.430492,"touchZone":"hovering","type":4,"width":16.1655}],"r":[[0.997499,0.0706224,0.00274259],[-0.0705223,0.99714,-0.0271647],[-0.00465319,0.0269034,0.999627]],"s":1.27034,"t":[-6.71861,12.235,-6.28797],"timestamp":259807167528},{"currentFrameRate":27.2131,"devices":[],"gestures":[],"hands":[{"armBasis":[[0.876969,0.103297,-0.469313],[0.0655707,0.941767,0.329812],[0.476052,-0.320008,0.819127]],"armWidth":62.9551,"confidence":0.640078,"direction":[-0.235608,0.423601,-0.874672],"elbow":[186.458,89.7047,269.577],"grabAngle":0.97588,"grabStrength":0,"id":266,"palmNormal":[-0.0883548,-0.905618,-0.414788],"palmPosition":[38.2588,196.821,-1.47938],"palmVelocity":[-14.0485,179.958,-32.3052],"palmWidth":86.0143,"pinchDistance":58.866,"pinchStrength":0.639104,"r":[[0.995781,0.0916842,0.00384999],[-0.0915103,0.995266,-0.0327293],[-0.00683252,0.0322389,0.999457]],"s":1.34402,"sphereCenter":[13.5886,132.484,-44.0216],"sphereRadius":80.0106,"stabilizedPalmPosition":[41.2998,188.527,1.4674],"t":[-7.64003,15.4086,-7.24736],"timeVisible":0.143945,"type":"right","wrist":[64.9523,171.382,60.5064]}],"id":166155,"interactionBox":{"center":[0,200,0],"size":[235.247,235.247,147.751]},"pointables":[{"bases":[[[0.422502,0.900895,0.0994005],[-0.647436,0.223234,0.728693],[0.634287,-0.37223,0.677588]],[[0.264063,0.96262,-0.06028],[-0.904583,0.268859,0.330824],[0.334664,-0.0328298,0.941765]],[[0.264063,0.96262,-0.06028],[-0.932055,0.238604,-0.272657],[-0.248082,0.128183,0.960221]],[[0.264063,0.96262,-0.06028],[-0.66707,0.137133,-0.732265],[-0.696627,0.233575,0.678346]]],"btipPosition":[39.6186,159.886,-43.1718],"carpPosition":[31.3988,167.876,48.4102],"dipPosition":[23.809,165.187,-27.7771],"direction":[0.248082,-0.128183,-0.960221],"extended":false,"handId":266,"id":2660,"length":50.5373,"mcpPosition":[31.3988,167.876,48.4102],"pipPosition":[15.6067,169.425,3.97025],"stabilizedTipPosition":[36.944,154.387,-38.2316],"timeVisible":0.143945,"tipPosition":[38.7753,157.832,-39.8097],"tipVelocity":[2.56225,256.737,-59.986],"tool":false,"touchDistance":0.718751,"touchZone":"hovering","type":0,"width":20.3863},{"bases":[[[0.914525,0.0912791,-0.394097],[0.028818,0.957035,0.288538],[0.403502,-0.275233,0.872602]],[[0.946092,0.0670488,-0.316881],[-0.0507574,0.996943,0.0593997],[0.319895,-0.0401135,0.946603]],[[0.946092,0.0670488,-0.316881],[-0.1516,0.956227,-0.250295],[0.286229,0.284841,0.914843]],[[0.946092,0.0670488,-0.316881],[-0.217887,0.855632,-0.469488],[0.239655,0.513223,0.824116]]],"btipPosition":[-14.0407,194.689,-89.9012],"carpPosition":[38.0277,189.056,45.3174],"dipPosition":[-10.0701,203.193,-76.2473],"direction":[-0.286229,-0.284841,-0.914843],"extended":true,"handId":266,"id":2661,"length":57.0257,"mcpPosition":[9.96559,208.198,-15.369],"pipPosition":[-3.36147,209.869,-54.8051],"stabilizedTipPosition":[-11.6027,188.772,-82.8573],"timeVisible":0.143945,"tipPosition":[-11.5447,189.864,-83.2004],"tipVelocity":[-31.0359,403.81,-68.871],"tool":false,"touchDistance":0.230666,"touchZone":"hovering","type":1,"width":19.473},{"bases":[[[0.942229,-0.111242,-0.315957],[0.191866,0.952414,0.236846],[0.274575,-0.283784,0.918736]],[[0.946124,-0.11536,-0.302557],[0.14343,0.987024,0.0721839],[0.290304,-0.111691,0.950394]],[[0.946124,-0.11536,-0.302557],[0.0379599,0.967457,-0.250171],[0.32157,0.225207,0.919714]],[[0.946124,-0.11536,-0.302557],[-0.0410064,0.884176,-0.465352],[0.321196,0.452687,0.83181]]],"btipPosition":[1.98187,201.278,-104.775],"carpPosition":[48.3799,191.8,40.7579],"dipPosition":[7.8349,209.527,-89.6176],"direction":[-0.32157,-0.225207,-0.919714],"extended":true,"handId":266,"id":2662,"length":64.9762,"mcpPosition":[30.2709,210.517,-19.8353],"pipPosition":[16.7021,215.737,-64.2567],"stabilizedTipPosition":[4.19814,191.043,-93.538],"timeVisible":0.143945,"tipPosition":[2.79052,196.209,-97.8393],"tipVelocity":[23.6569,431.235,-73.9757],"tool":false,"touchDistance":-0.191376,"touchZone":"touching","type":2,"width":19.1251},{"bases":[[[0.955203,-0.22327,-0.194264],[0.267349,0.9325,0.242833],[0.126934,-0.283891,0.950418]],[[0.946606,-0.207039,-0.247126],[0.235547,0.96753,0.0916676],[0.220123,-0.144983,0.964638]],[[0.946606,-0.207039,-0.247126],[0.153869,0.963739,-0.218019],[0.283303,0.168353,0.944138]],[[0.946606,-0.207039,-0.247126],[0.0930527,0.909377,-0.405431],[0.308671,0.360788,0.880088]]],"btipPosition":[28.9629,203.578,-102.784],"carpPosition":[59.219,191.546,36.5957],"dipPosition":[34.5554,210.115,-86.8387],"direction":[-0.283303,-0.168353,-0.944138],"extended":true,"handId":266,"id":2663,"length":62.4764,"mcpPosition":[51.7027,208.356,-19.6829],"pipPosition":[42.1656,214.638,-61.4767],"stabilizedTipPosition":[29.889,201.036,-98.1993],"timeVisible":0.143945,"tipPosition":[28.9318,198.37,-96.3701],"tipVelocity":[47.6663,406.725,-59.6848],"tool":false,"touchDistance":0.199444,"touchZone":"hovering","type":3,"width":18.1987},{"bases":[[[0.906082,-0.405613,-0.120392],[0.42282,0.857653,0.292669],[-0.0154555,-0.316086,0.948605]],[[0.905864,-0.391039,-0.162786],[0.382214,0.920273,-0.0837222],[0.182546,0.013622,0.983103]],[[0.905864,-0.391039,-0.162786],[0.144568,0.646677,-0.748938],[0.398134,0.654903,0.642333]],[[0.905864,-0.391039,-0.162786],[-0.0503043,0.282279,-0.958013],[0.420571,0.876018,0.236035]]],"btipPosition":[49.9954,174.236,-69.0515],"carpPosition":[69.9881,184.44,32.782],"dipPosition":[57.0251,188.878,-65.1063],"direction":[-0.398134,-0.654903,-0.642333],"extended":false,"handId":266,"id":2664,"length":48.9803,"mcpPosition":[70.8353,201.766,-19.2152],"pipPosition":[64.5761,201.299,-52.9237],"stabilizedTipPosition":[51.2122,167.148,-61.5991],"timeVisible":0.143945,"tipPosition":[50.3248,171.958,-62.0751],"tipVelocity":[11.6915,302.3,-121.492],"tool":false,"touchDistance":0.393537,"touchZone":"hovering","type":4,"width":16.1655}],"r":[[0.995781,0.0916842,0.00384999],[-0.0915103,0.995266,-0.0327293],[-0.00683252,0.0322389,0.999457]],"s":1.34402,"t":[-7.64003,15.4086,-7.24736],"timestamp":259807182475},{"currentFrameRate":30.3668,"devices":[],"gestures":[],"hands":[{"armBasis":[[0.873615,0.094211,-0.47741],[0.0763959,0.942361,0.325761],[0.480583,-0.321062,0.816064]],"armWidth":62.9551,"confidence":0.678331,"direction":[-0.228846,0.437017,-0.869854],"elbow":[187.195,90.7288,267.555],"grabAngle":0.967988,"grabStrength":0,"id":266,"palmNormal":[-0.102426,-0.899416,-0.424923],"palmPosition":[38.141,199.07,-2.4524],"palmVelocity":[-9.16653,174.974,-75.7033],"palmWidth":86.0143,"pinchDistance":59.0667,"pinchStrength":0.654938,"r":[[0.994418,0.105397,0.00483988],[-0.105166,0.99384,-0.0349638],[-0.00849516,0.0342597,0.999377]],"s":1.39713,"sphereCenter":[12.3073,135.355,-45.8127],"sphereRadius":80.3503,"stabilizedPalmPosition":[40.7056,190.51,0.730027],"t":[-8.15964,18.1198,-8.21356],"timeVisible":0.156798,"type":"right","wrist":[64.533,172.675,59.267]}],"id":166156,"interactionBox":{"center":[0,200,0],"size":[235.247,235.247,147.751]},"pointables":[{"bases":[[[0.436502,0.893016,0.109489],[-0.643971,0.225123,0.731177],[0.628305,-0.389668,0.673344]],[[0.284667,0.95761,-0.0441244],[-0.900881,0.28297,0.329152],[0.327686,-0.0539481,0.943245]],[[0.284667,0.95761,-0.0441244],[-0.924577,0.262107,-0.27651],[-0.253224,0.11951,0.959997]],[[0.284667,0.95761,-0.0441244],[-0.660337,0.162515,-0.733174],[-0.694924,0.237848,0.678608]]],"btipPosition":[39.5035,162.874,-44.541],"carpPosition":[30.8231,169.677,47.1095],"dipPosition":[23.7325,168.272,-29.1403],"direction":[0.253224,-0.11951,-0.959997],"extended":false,"handId":266,"id":2660,"length":50.5373,"mcpPosition":[30.8231,169.677,47.1095],"pipPosition":[15.3603,172.223,2.59967],"stabilizedTipPosition":[36.5795,157.708,-39.1763],"timeVisible":0.156798,"tipPosition":[37.9652,160.657,-41.209],"tipVelocity":[-8.26044,234.198,-106.416],"tool":false,"touchDistance":0.659693,"touchZone":"hovering","type":0,"width":20.3863},{"bases":[[[0.915893,0.0814064,-0.393082],[0.0437166,0.95317,0.29926],[0.399036,-0.291274,0.869442]],[[0.947064,0.0558245,-0.316155],[-0.0329979,0.996477,0.0771036],[0.319346,-0.0625896,0.945569]],[[0.947064,0.0558245,-0.316155],[-0.13287,0.964625,-0.227695],[0.29226,0.257649,0.920978]],[[0.947064,0.0558245,-0.316155],[-0.20169,0.869632,-0.450623],[0.249783,0.490534,0.834856]]],"btipPosition":[-14.2618,199.484,-91.0232],"carpPosition":[37.7823,190.785,44.2544],"dipPosition":[-10.1234,207.611,-77.1913],"direction":[-0.29226,-0.257649,-0.920978],"extended":true,"handId":266,"id":2661,"length":57.0257,"mcpPosition":[10.0307,211.042,-16.2124],"pipPosition":[-3.27342,213.649,-55.6054],"stabilizedTipPosition":[-12.4595,195.086,-85.3588],"timeVisible":0.156798,"tipPosition":[-11.8249,194.153,-84.4085],"tipVelocity":[-14.2,366.265,-84.1118],"tool":false,"touchDistance":0.243635,"touchZone":"hovering","type":1,"width":19.473},{"bases":[[[0.940421,-0.122387,-0.317222],[0.20668,0.946584,0.247512],[0.269985,-0.298329,0.915482]],[[0.945656,-0.128356,-0.298765],[0.161919,0.982661,0.0903351],[0.281989,-0.133802,0.950042]],[[0.945656,-0.128356,-0.298765],[0.0602588,0.972055,-0.226886],[0.319538,0.196552,0.926964]],[[0.945656,-0.128356,-0.298765],[-0.0170691,0.897933,-0.439801],[0.324722,0.421,0.846945]]],"btipPosition":[2.46179,206.256,-106.052],"carpPosition":[48.1767,193.418,39.7255],"dipPosition":[8.37907,213.928,-90.6189],"direction":[-0.319538,-0.196552,-0.926964],"extended":true,"handId":266,"id":2662,"length":64.9762,"mcpPosition":[30.3704,213.094,-20.6531],"pipPosition":[17.1903,219.348,-65.0581],"stabilizedTipPosition":[3.98544,200.663,-98.6176],"timeVisible":0.156798,"tipPosition":[2.75947,200.64,-99.0664],"tipVelocity":[38.4888,376.984,-94.4258],"tool":false,"touchDistance":-0.230755,"touchZone":"touching","type":2,"width":19.1251},{"bases":[[[0.951627,-0.235962,-0.196794],[0.281842,0.925429,0.253273],[0.122356,-0.296486,0.947167]],[[0.944577,-0.221312,-0.242476],[0.252013,0.962169,0.103541],[0.210388,-0.15891,0.964616]],[[0.944577,-0.221312,-0.242476],[0.169942,0.961574,-0.215627],[0.28088,0.162469,0.945891]],[[0.944577,-0.221312,-0.242476],[0.107424,0.906311,-0.408731],[0.310216,0.360031,0.879854]]],"btipPosition":[29.4849,206.595,-103.669],"carpPosition":[59.011,193.041,35.5603],"dipPosition":[35.1054,213.118,-87.7278],"direction":[-0.28088,-0.162469,-0.945891],"extended":true,"handId":266,"id":2663,"length":62.4764,"mcpPosition":[51.7658,210.597,-20.5258],"pipPosition":[42.6505,217.482,-62.3187],"stabilizedTipPosition":[30.4354,205.377,-99.3081],"timeVisible":0.156798,"tipPosition":[28.936,202.102,-97.436],"tipVelocity":[41.1122,234.437,-68.9204],"tool":false,"touchDistance":0.203681,"touchZone":"hovering","type":3,"width":18.1987},{"bases":[[[0.899655,-0.418333,-0.124972],[0.436119,0.847608,0.30226],[-0.0205183,-0.326432,0.944998]],[[0.899791,-0.405788,-0.160348],[0.395145,0.913701,-0.0949217],[0.185028,0.0220489,0.982486]],[[0.899791,-0.405788,-0.160348],[0.160091,0.648912,-0.743831],[0.405889,0.643622,0.648849]],[[0.899791,-0.405788,-0.160348],[-0.0328512,0.303452,-0.95228],[0.435082,0.862121,0.259713]]],"btipPosition":[49.4785,176.331,-70.4673],"carpPosition":[69.6684,185.811,31.6666],"dipPosition":[56.7507,190.741,-66.1263],"direction":[-0.405889,-0.643622,-0.648849],"extended":false,"handId":266,"id":2664,"length":48.9803,"mcpPosition":[70.7931,203.704,-20.1328],"pipPosition":[64.4489,202.948,-53.8201],"stabilizedTipPosition":[51.1949,170.688,-63.8283],"timeVisible":0.156798,"tipPosition":[49.8903,174.944,-63.6234],"tipVelocity":[-35.8764,158.898,-103.073],"tool":false,"touchDistance":0.367645,"touchZone":"hovering","type":4,"width":16.1655}],"r":[[0.994418,0.105397,0.00483988],[-0.105166,0.99384,-0.0349638],[-0.00849516,0.0342597,0.999377]],"s":1.39713,"t":[-8.15964,18.1198,-8.21356],"timestamp":259807195328},{"currentFrameRate":33.4917,"devices":[],"gestures":[],"hands":[{"armBasis":[[0.872253,0.0896358,-0.48077],[0.081274,0.942822,0.323236],[0.482254,-0.321018,0.815094]],"armWidth":62.9551,"confidence":0.710402,"direction":[-0.225492,0.44448,-0.866943],"elbow":[187.308,92.1639,265.863],"grabAngle":0.980257,"grabStrength":0,"id":266,"palmNormal":[-0.109245,-0.895785,-0.430853],"palmPosition":[37.9842,201.011,-3.74223],"palmVelocity":[-13.3234,165.019,-109.633],"palmWidth":86.0143,"pinchDistance":59.3206,"pinchStrength":0.724527,"r":[[0.993367,0.11484,0.00574243],[-0.114567,0.992783,-0.0354485],[-0.00977189,0.0345555,0.999355]],"s":1.43686,"sphereCenter":[12.4111,138.939,-47.4878],"sphereRadius":79.1324,"stabilizedPalmPosition":[40.2334,192.332,-0.0459474],"t":[-8.497