{"frames":321,"data":[{"currentFrameRate":20.8621,"devices":[],"gestures":[],"hands":[],"id":159967,"interactionBox":{"center":[0,200,0],"size":[235.247,235.247,147.751]},"pointables":[],"r":[[-0.451118,-0.878766,0.155767],[0.630521,-0.437343,-0.641229],[0.631613,-0.191055,0.751374]],"s":-0.0734829,"t":[559.648,-310.26,370.787],"timestamp":259623603567},{"currentFrameRate":21.7376,"devices":[],"gestures":[],"hands":[],"id":159968,"interactionBox":{"center":[0,200,0],"size":[235.247,235.247,147.751]},"pointables":[],"r":[[-0.451118,-0.878766,0.155767],[0.630521,-0.437343,-0.641229],[0.631613,-0.191055,0.751374]],"s":-0.0734829,"t":[559.648,-310.26,370.787],"timestamp":259623642276},{"currentFrameRate":22.4767,"devices":[],"gestures":[],"hands":[],"id":159969,"interactionBox":{"center":[0,200,0],"size":[235.247,235.247,147.751]},"pointables":[],"r":[[-0.451118,-0.878766,0.155767],[0.630521,-0.437343,-0.641229],[0.631613,-0.191055,0.751374]],"s":-0.0734829,"t":[559.648,-310.26,370.787],"timestamp":259623680807},{"currentFrameRate":23.0821,"devices":[],"gestures":[],"hands":[],"id":159970,"interactionBox":{"center":[0,200,0],"size":[235.247,235.247,147.751]},"pointables":[],"r":[[-0.451118,-0.878766,0.155767],[0.630521,-0.437343,-0.641229],[0.631613,-0.191055,0.751374]],"s":-0.0734829,"t":[559.648,-310.26,370.787],"timestamp":259623719377},{"currentFrameRate":23.5736,"devices":[],"gestures":[],"hands":[],"id":159971,"interactionBox":{"center":[0,200,0],"size":[235.247,235.247,147.751]},"pointables":[],"r":[[-0.451118,-0.878766,0.155767],[0.630521,-0.437343,-0.641229],[0.631613,-0.191055,0.751374]],"s":-0.0734829,"t":[559.648,-310.26,370.787],"timestamp":259623758019},{"currentFrameRate":23.9834,"devices":[],"gestures":[],"hands":[],"id":159972,"interactionBox":{"center":[0,200,0],"size":[235.247,235.247,147.751]},"pointables":[],"r":[[-0.451118,-0.878766,0.155767],[0.630521,-0.437343,-0.641229],[0.631613,-0.191055,0.751374]],"s":-0.0734829,"t":[559.648,-310.26,370.787],"timestamp":259623796617},{"currentFrameRate":24.2973,"devices":[],"gestures":[],"hands":[],"id":159973,"interactionBox":{"center":[0,200,0],"size":[235.247,235.247,147.751]},"pointables":[],"r":[[-0.451118,-0.878766,0.155767],[0.630521,-0.437343,-0.641229],[0.631613,-0.191055,0.751374]],"s":-0.0734829,"t":[559.648,-310.26,370.787],"timestamp":259623835433},{"currentFrameRate":24.4963,"devices":[],"gestures":[],"hands":[],"id":159974,"interactionBox":{"center":[0,200,0],"size":[235.247,235.247,147.751]},"pointables":[],"r":[[-0.451118,-0.878766,0.155767],[0.630521,-0.437343,-0.641229],[0.631613,-0.191055,0.751374]],"s":-0.0734829,"t":[559.648,-310.26,370.787],"timestamp":259623874786},{"currentFrameRate":24.8545,"devices":[],"gestures":[],"hands":[],"id":159975,"interactionBox":{"center":[0,200,0],"size":[235.247,235.247,147.751]},"pointables":[],"r":[[-0.451118,-0.878766,0.155767],[0.630521,-0.437343,-0.641229],[0.631613,-0.191055,0.751374]],"s":-0.0734829,"t":[559.648,-310.26,370.787],"timestamp":259623912401},{"currentFrameRate":25.0346,"devices":[],"gestures":[],"hands":[],"id":159976,"interactionBox":{"center":[0,200,0],"size":[235.247,235.247,147.751]},"pointables":[],"r":[[-0.451118,-0.878766,0.155767],[0.630521,-0.437343,-0.641229],[0.631613,-0.191055,0.751374]],"s":-0.0734829,"t":[559.648,-310.26,370.787],"timestamp":259623951042},{"currentFrameRate":25.1855,"devices":[],"gestures":[],"hands":[],"id":159977,"interactionBox":{"center":[0,200,0],"size":[235.247,235.247,147.751]},"pointables":[],"r":[[-0.451118,-0.878766,0.155767],[0.630521,-0.437343,-0.641229],[0.631613,-0.191055,0.751374]],"s":-0.0734829,"t":[559.648,-310.26,370.787],"timestamp":259623989661},{"currentFrameRate":25.3034,"devices":[],"gestures":[],"hands":[{"armBasis":[[0.977451,0.142945,-0.155421],[-0.062742,0.899394,0.432612],[0.201625,-0.413106,0.888083]],"armWidth":60.2356,"confidence":0,"direction":[-0.259635,0.0804774,-0.962348],"elbow":[150.127,23.8671,277.847],"grabAngle":1.51035,"grabStrength":0,"id":257,"palmNormal":[0.156448,-0.979852,-0.12415],"palmPosition":[74.4024,133.212,-15.8932],"palmVelocity":[1.19209e-7,1.19209e-7,1.19209e-7],"palmWidth":86.0143,"pinchDistance":57.645,"pinchStrength":1,"r":[[1,7.63278e-18,-5.55112e-18],[-7.63278e-18,1,-2.77556e-18],[5.55112e-18,2.77556e-18,1]],"s":1,"sphereCenter":[104.594,92.1,-48.0594],"sphereRadius":58.2775,"stabilizedPalmPosition":[74.4024,133.212,-15.8932],"t":[0,0,0],"timeVisible":0,"type":"right","wrist":[98.6652,129.306,51.1769]}],"id":159978,"interactionBox":{"center":[0,200,0],"size":[235.247,235.247,147.751]},"pointables":[{"bases":[[[0.19287,0.965665,-0.174047],[-0.735568,0.259687,0.625701],[0.649416,0.00734451,0.760398]],[[0.00193518,0.924413,-0.381387],[-0.945893,0.125443,0.299251],[0.324474,0.360172,0.874638]],[[0.00193518,0.924413,-0.381387],[-0.989102,-0.0543778,-0.136821],[-0.147218,0.377496,0.914234]],[[0.00193518,0.924413,-0.381387],[-0.822777,-0.215295,-0.526009],[-0.568361,0.314815,0.76017]]],"btipPosition":[72.648,83.1046,-47.1985],"carpPosition":[70.6399,119.232,40.3585],"dipPosition":[60.0737,90.0695,-30.3806],"direction":[0.147218,-0.377496,-0.914234],"extended":false,"handId":257,"id":2570,"length":49.2665,"mcpPosition":[70.6399,119.232,40.3585],"pipPosition":[55.3287,102.237,-0.913843],"stabilizedTipPosition":[69.7559,84.7065,-43.3304],"timeVisible":0,"tipPosition":[69.7559,84.7065,-43.3304],"tipVelocity":[1.19209e-7,1.19209e-7,1.19209e-7],"tool":false,"touchDistance":0.883378,"touchZone":"hovering","type":0,"width":19.1427},{"bases":[[[0.895829,0.193708,-0.39996],[-0.21642,0.976228,-0.0119295],[0.388141,0.097246,0.916455]],[[0.9763,0.216402,-0.00272994],[-0.214276,0.964782,-0.152586],[-0.0303862,0.149555,0.988286]],[[0.9763,0.216402,-0.00272994],[-0.202633,0.909604,-0.362712],[-0.0760087,0.35467,0.931897]],[[0.9763,0.216402,-0.00272994],[-0.187565,0.839774,-0.509509],[-0.107966,0.497946,0.860461]]],"btipPosition":[50.1081,110.569,-107.989],"carpPosition":[72.3874,139.552,31.0752],"dipPosition":[48.3643,118.611,-94.091],"direction":[0.0760087,-0.35467,-0.931897],"extended":true,"handId":257,"id":2571,"length":55.5917,"mcpPosition":[45.3935,132.789,-32.6611],"pipPosition":[46.6276,126.715,-72.7984],"stabilizedTipPosition":[49.707,112.418,-104.792],"timeVisible":0,"tipPosition":[49.707,112.418,-104.792],"tipVelocity":[1.19209e-7,1.19209e-7,1.19209e-7],"tool":false,"touchDistance":-0.0798689,"touchZone":"touching","type":1,"width":18.2851},{"bases":[[[0.963712,0.0357855,-0.264533],[-0.0532793,0.99682,-0.0592523],[0.261572,0.0711963,0.962555]],[[0.986081,0.0431611,-0.160566],[-0.065165,0.988781,-0.134407],[0.152963,0.142999,0.977831]],[[0.986081,0.0431611,-0.160566],[-0.0983723,0.930003,-0.354142],[0.134041,0.365008,0.921304]],[[0.986081,0.0431611,-0.160566],[-0.118757,0.85872,-0.498494],[0.116365,0.510624,0.851894]]],"btipPosition":[52.2468,113.205,-121.997],"carpPosition":[82.1383,143.299,25.9402],"dipPosition":[54.3139,122.276,-106.863],"direction":[-0.134041,-0.365008,-0.921304],"extended":true,"handId":257,"id":2572,"length":63.3423,"mcpPosition":[64.8868,138.604,-37.543],"pipPosition":[57.9171,132.088,-82.0975],"stabilizedTipPosition":[52.7222,115.291,-118.516],"timeVisible":0,"tipPosition":[52.7222,115.291,-118.516],"tipVelocity":[1.19209e-7,1.19209e-7,1.19209e-7],"tool":false,"touchDistance":-0.306075,"touchZone":"touching","type":2,"width":17.9584},{"bases":[[[0.992957,-0.0293745,-0.114778],[0.0240752,0.998591,-0.0472862],[0.116005,0.0441899,0.992265]],[[0.994077,-0.0289269,-0.104756],[-0.0639195,0.62394,-0.778854],[0.0878913,0.780937,0.618396]],[[0.994077,-0.0289269,-0.104756],[-0.0993304,-0.632919,-0.76782],[-0.0440913,0.773678,-0.632043]],[[0.994077,-0.0289269,-0.104756],[-0.0680525,-0.917231,-0.392501],[-0.0847315,0.397305,-0.913766]]],"btipPosition":[85.0968,81.6275,-30.0985],"carpPosition":[93.027,144.506,22.0863],"dipPosition":[83.6002,88.6448,-46.2377],"direction":[0.0440913,-0.773678,0.632043],"extended":false,"handId":257,"id":2573,"length":60.9053,"mcpPosition":[86.1578,141.889,-36.6703],"pipPosition":[82.4456,108.905,-62.7891],"stabilizedTipPosition":[84.7526,83.2415,-33.8105],"timeVisible":0,"tipPosition":[84.7526,83.2415,-33.8105],"tipVelocity":[1.19209e-7,1.19209e-7,1.19209e-7],"tool":false,"touchDistance":0.333333,"touchZone":"none","type":3,"width":17.0885},{"bases":[[[0.981991,-0.188652,0.0102388],[0.188377,0.981821,0.0232886],[-0.0144461,-0.0209404,0.999676]],[[0.982059,-0.188108,-0.0132758],[0.150467,0.82409,-0.54611],[0.113668,0.534314,0.837609]],[[0.982059,-0.188108,-0.0132758],[-0.0618651,-0.254876,-0.964993],[0.178139,0.948501,-0.261941]],[[0.982059,-0.188108,-0.0132758],[-0.139936,-0.679759,-0.719962],[0.126406,0.708903,-0.693886]]],"btipPosition":[97.0509,93.6581,-46.0239],"carpPosition":[105.412,139.458,20.6209],"dipPosition":[99.1106,105.209,-57.3302],"direction":[-0.178139,-0.948501,0.261941],"extended":false,"handId":257,"id":2574,"length":47.7486,"mcpPosition":[106.204,140.606,-34.1757],"pipPosition":[102.404,122.746,-62.1733],"stabilizedTipPosition":[97.5246,96.3148,-48.6243],"timeVisible":0,"tipPosition":[97.5246,96.3148,-48.6243],"tipVelocity":[1.19209e-7,1.19209e-7,1.19209e-7],"tool":false,"touchDistance":0.333333,"touchZone":"none","type":4,"width":15.1794}],"r":[[1,7.63278e-18,-5.55112e-18],[-7.63278e-18,1,-2.77556e-18],[5.55112e-18,2.77556e-18,1]],"s":1,"t":[0,0,0],"timestamp":259624028337},{"currentFrameRate":25.3792,"devices":[],"gestures":[],"hands":[{"armBasis":[[0.918543,0.178006,-0.352976],[0.00855159,0.883729,0.46792],[0.395228,-0.432824,0.810222]],"armWidth":62.9551,"confidence":0.201908,"direction":[-0.132451,0.233437,-0.963309],"elbow":[192.698,23.3293,251.947],"grabAngle":1.7027,"grabStrength":0,"id":257,"palmNormal":[0.0247344,-0.97079,-0.238651],"palmPosition":[72.5425,148.271,-22.5279],"palmVelocity":[-47.8603,387.51,-170.728],"palmWidth":86.0143,"pinchDistance":63.2881,"pinchStrength":0.948847,"r":[[0.999303,-0.0320214,0.0192021],[0.0314993,0.999142,0.026901],[-0.0200471,-0.0262774,0.999454]],"s":1.05007,"sphereCenter":[65.5285,119.949,-55.8171],"sphereRadius":48.2721,"stabilizedPalmPosition":[73.1753,143.148,-20.2708],"t":[-0.92995,7.52951,-3.31733],"timeVisible":0.038861,"type":"right","wrist":[91.8216,133.801,45.1495]}],"id":159979,"interactionBox":{"center":[0,200,0],"size":[235.247,235.247,147.751]},"pointables":[{"bases":[[[0.350759,0.93616,-0.0239343],[-0.756826,0.298434,0.581509],[0.551528,-0.185855,0.813188]],[[0.192849,0.952028,-0.237596],[-0.9345,0.252033,0.251374],[0.299197,0.173556,0.938275]],[[0.192849,0.952028,-0.237596],[-0.955368,0.126953,-0.266749],[-0.223789,0.278434,0.93402]],[[0.192849,0.952028,-0.237596],[-0.729686,-0.0227462,-0.683404],[-0.656024,0.305164,0.690295]]],"btipPosition":[68.4892,104.237,-60.0971],"carpPosition":[60.3205,128.558,30.7251],"dipPosition":[53.6011,111.163,-44.4312],"direction":[0.223789,-0.278434,-0.93402],"extended":false,"handId":257,"id":2570,"length":50.5373,"mcpPosition":[60.3205,128.558,30.7251],"pipPosition":[46.202,120.369,-13.5501],"stabilizedTipPosition":[65.7885,102.572,-54.4635],"timeVisible":0.038861,"tipPosition":[64.1429,104.803,-56.5258],"tipVelocity":[-120.711,543.57,-338.735],"tool":false,"touchDistance":0.63092,"touchZone":"hovering","type":0,"width":20.3863},{"bases":[[[0.954575,0.093844,-0.282806],[-0.0685091,0.992806,0.0982006],[0.289987,-0.0743651,0.954137]],[[0.992625,0.0777001,-0.0930457],[-0.0644488,0.98836,0.137805],[0.10267,-0.130792,0.986079]],[[0.992625,0.0777001,-0.0930457],[-0.0967938,0.970118,-0.22249],[0.0729778,0.229856,0.970485]],[[0.992625,0.0777001,-0.0930457],[-0.105879,0.929483,-0.353343],[0.0590296,0.360589,0.930855]]],"btipPosition":[38.945,148.546,-121.15],"carpPosition":[66.0783,149.287,24.4558],"dipPosition":[39.923,154.52,-105.728],"direction":[-0.0729778,-0.229856,-0.970485],"extended":true,"handId":257,"id":2571,"length":57.0257,"mcpPosition":[45.9108,154.458,-41.9011],"pipPosition":[41.6334,159.907,-82.9818],"stabilizedTipPosition":[39.9002,147.321,-116.715],"timeVisible":0.038861,"tipPosition":[44.8584,147.256,-116.822],"tipVelocity":[-271.148,965.013,-329.667],"tool":false,"touchDistance":-0.292383,"touchZone":"touching","type":1,"width":19.473},{"bases":[[[0.982576,-0.0876992,-0.163868],[0.100243,0.992505,0.0698992],[0.15651,-0.0851079,0.984003]],[[0.982784,-0.0878126,-0.162556],[0.108097,0.986816,0.120455],[0.149835,-0.135953,0.979319]],[[0.982784,-0.0878126,-0.162556],[0.0618968,0.985475,-0.158137],[0.174081,0.145353,0.973945]],[[0.982784,-0.0878126,-0.162556],[0.00563479,0.893668,-0.448693],[0.184672,0.440052,0.878778]]],"btipPosition":[51.3073,151.947,-132.715],"carpPosition":[76.7983,152.006,20.8261],"dipPosition":[54.6725,159.966,-116.701],"direction":[-0.174081,-0.145353,-0.973945],"extended":true,"handId":257,"id":2572,"length":64.9762,"mcpPosition":[66.4761,157.619,-44.0717],"pipPosition":[59.4728,163.974,-89.845],"stabilizedTipPosition":[52.1191,151.52,-128.411],"timeVisible":0.038861,"tipPosition":[56.2812,149.993,-128.627],"tipVelocity":[-16.4918,990.706,-270.599],"tool":false,"touchDistance":-0.461537,"touchZone":"touching","type":2,"width":19.1251},{"bases":[[[0.984527,-0.173836,-0.0220776],[0.175125,0.980484,0.0893452],[0.00611539,-0.0918291,0.995756]],[[0.983745,-0.1706,-0.0560554],[0.0668457,0.637623,-0.767443],[0.166668,0.751221,0.638662]],[[0.983745,-0.1706,-0.0560554],[-0.158444,-0.677715,-0.718051],[0.0845098,0.715261,-0.693729]],[[0.983745,-0.1706,-0.0560554],[-0.17951,-0.942512,-0.281864],[-0.00474686,0.287345,-0.957815]]],"btipPosition":[78.3499,100.374,-32.4161],"carpPosition":[88.1172,151.903,18.2288],"dipPosition":[78.2639,105.58,-49.7697],"direction":[-0.0845098,-0.715261,0.693729],"extended":false,"handId":257,"id":2573,"length":62.4764,"mcpPosition":[87.7551,157.341,-40.7346],"pipPosition":[80.5341,124.794,-68.4051],"stabilizedTipPosition":[78.8374,100.123,-36.2023],"timeVisible":0.038861,"tipPosition":[77.8567,100.568,-41.625],"tipVelocity":[-165.267,471.676,-66.8272],"tool":false,"touchDistance":0.333333,"touchZone":"none","type":3,"width":18.1987},{"bases":[[[0.936058,-0.342894,0.0788618],[0.325971,0.929519,0.172443],[-0.132433,-0.13571,0.981858]],[[0.937087,-0.341798,0.0710053],[0.30423,0.69983,-0.646283],[0.171206,0.627226,0.759787]],[[0.937087,-0.341798,0.0710053],[-0.143161,-0.561767,-0.814815],[0.31839,0.753387,-0.575357]],[[0.937087,-0.341798,0.0710053],[-0.278671,-0.854915,-0.437565],[0.210262,0.390249,-0.896379]]],"btipPosition":[91.5521,110.272,-36.6831],"carpPosition":[99.7162,145.151,17.2934],"dipPosition":[95.0665,116.795,-51.6657],"direction":[-0.31839,-0.753387,0.575357],"extended":false,"handId":257,"id":2574,"length":48.9803,"mcpPosition":[106.975,152.59,-36.5265],"pipPosition":[101.105,131.083,-62.578],"stabilizedTipPosition":[93.9971,106.873,-42.8215],"timeVisible":0.038861,"tipPosition":[92.8212,111.949,-46.4174],"tipVelocity":[-132.89,397.754,218.606],"tool":false,"touchDistance":0.333333,"touchZone":"none","type":4,"width":16.1655}],"r":[[0.999303,-0.0320214,0.0192021],[0.0314993,0.999142,0.026901],[-0.0200471,-0.0262774,0.999454]],"s":1.05007,"t":[-0.92995,7.52951,-3.31733],"timestamp":259624067198},{"currentFrameRate":26.5454,"devices":[],"gestures":[],"hands":[{"armBasis":[[0.902161,0.164442,-0.39883],[0.0502666,0.878134,0.475768],[0.428462,-0.449267,0.783952]],"armWidth":62.9551,"confidence":0.345438,"direction":[-0.0873903,0.38973,-0.916773],"elbow":[197.184,23.6844,237.644],"grabAngle":1.90012,"grabStrength":0,"id":257,"palmNormal":[-0.0418765,-0.920918,-0.3875],"palmPosition":[70.6615,163.236,-27.8013],"palmVelocity":[-63.7132,506.885,-178.614],"palmWidth":86.0143,"pinchDistance":65.0457,"pinchStrength":0.912452,"r":[[0.996584,-0.0743244,0.0360131],[0.0712439,0.994217,0.0803606],[-0.0417776,-0.0775203,0.996115]],"s":1.08146,"sphereCenter":[49.2813,136.369,-63.175],"sphereRadius":50.7209,"stabilizedPalmPosition":[70.91,161.251,-27.0569],"t":[-2.33546,18.7769,-7.6127],"timeVisible":0.068385,"type":"right","wrist":[87.825,138.353,37.552]}],"id":159980,"interactionBox":{"center":[0,200,0],"size":[235.247,235.247,147.751]},"pointables":[{"bases":[[[0.966491,0.0609732,-0.249354],[0.0038443,0.967834,0.25156],[0.256671,-0.244089,0.935169]],[[0.982631,0.043017,-0.180517],[-0.0166104,0.989245,0.145319],[0.184827,-0.139796,0.972778]],[[0.982631,0.043017,-0.180517],[-0.0741808,0.982714,-0.169618],[0.1701,0.180063,0.968836]],[[0.982631,0.043017,-0.180517],[-0.11705,0.89852,-0.423038],[0.144,0.43682,0.887948]]],"btipPosition":[31.0536,168.801,-124.332],"carpPosition":[62.9768,157.459,18.6515],"dipPosition":[33.4394,176.038,-109.62],"direction":[-0.1701,-0.180063,-0.968836],"extended":true,"handId":257,"id":2571,"length":57.0257,"mcpPosition":[45.1262,174.435,-46.3863],"pipPosition":[37.4262,180.259,-86.9129],"stabilizedTipPosition":[32.0392,169.247,-120.725],"timeVisible":0.068385,"tipPosition":[37.6513,174.164,-121.193],"tipVelocity":[-256.319,695.912,-113.298],"tool":false,"touchDistance":-0.341653,"touchZone":"touching","type":1,"width":19.473},{"bases":[[[0.977371,-0.138456,-0.159923],[0.17282,0.958615,0.226253],[0.121979,-0.248771,0.960851]],[[0.975155,-0.134205,-0.176244],[0.163619,0.97269,0.164628],[0.149337,-0.189375,0.970482]],[[0.975155,-0.134205,-0.176244],[0.100964,0.977417,-0.185641],[0.197178,0.163234,0.966683]],[[0.975155,-0.134205,-0.176244],[0.00920829,0.819468,-0.573051],[0.221332,0.557191,0.800344]]],"btipPosition":[49.4738,170.459,-134.307],"carpPosition":[73.969,159.855,15.6643],"dipPosition":[53.507,180.612,-119.723],"direction":[-0.197178,-0.163234,-0.966683],"extended":true,"handId":257,"id":2572,"length":64.9762,"mcpPosition":[65.9241,176.262,-47.7066],"pipPosition":[58.9441,185.113,-93.0669],"stabilizedTipPosition":[50.4754,171.877,-130.843],"timeVisible":0.068385,"tipPosition":[53.5089,177.082,-131.652],"tipVelocity":[-56.9002,643.64,-65.0676],"tool":false,"touchDistance":-0.472533,"touchZone":"touching","type":2,"width":19.1251},{"bases":[[[0.420906,0.897921,0.128746],[-0.748173,0.263393,0.608984],[0.512908,-0.35265,0.782664]],[[0.220858,0.964353,-0.145757],[-0.944315,0.248813,0.215317],[0.243908,0.0900859,0.965605]],[[0.220858,0.964353,-0.145757],[-0.938561,0.169516,-0.300611],[-0.265187,0.203195,0.942543]],[[0.220858,0.964353,-0.145757],[-0.699514,0.0524851,-0.712689],[-0.679633,0.259362,0.68617]]],"btipPosition":[68.1805,119.674,-70.7997],"carpPosition":[55.4983,136.529,21.5004],"dipPosition":[52.7566,125.56,-55.2274],"direction":[0.265187,-0.203195,-0.942543],"extended":false,"handId":257,"id":2570,"length":50.5373,"mcpPosition":[55.4983,136.529,21.5004],"pipPosition":[43.9888,132.278,-24.0645],"stabilizedTipPosition":[64.9279,116.318,-63.9631],"timeVisible":0.068385,"tipPosition":[61.6616,124.426,-67.9219],"tipVelocity":[-14.63,514.754,-363.234],"tool":false,"touchDistance":0.440299,"touchZone":"hovering","type":0,"width":20.3863},{"bases":[[[0.968841,-0.245424,-0.0333809],[0.246007,0.937855,0.244763],[-0.0287643,-0.245349,0.969008]],[[0.969257,-0.236856,-0.0666279],[0.114743,0.674661,-0.729155],[0.217656,0.699094,0.681098]],[[0.969257,-0.236856,-0.0666279],[-0.202707,-0.615197,-0.761868],[0.139464,0.751952,-0.644297]],[[0.969257,-0.236856,-0.0666279],[-0.245742,-0.918367,-0.310181],[0.0122794,0.317019,-0.94834]]],"btipPosition":[73.6206,117.56,-39.1356],"carpPosition":[85.3163,159.263,13.2636],"dipPosition":[73.843,123.303,-56.3175],"direction":[-0.139464,-0.751952,0.644297],"extended":false,"handId":257,"id":2573,"length":62.4764,"mcpPosition":[87.0195,173.792,-44.1159],"pipPosition":[77.5894,143.503,-73.625],"stabilizedTipPosition":[73.9887,117.73,-42.665],"timeVisible":0.068385,"tipPosition":[73.1279,118.827,-50.7755],"tipVelocity":[-157.783,586.287,-226.255],"tool":false,"touchDistance":0.333333,"touchZone":"none","type":3,"width":18.1987},{"bases":[[[0.904945,-0.423735,0.0390156],[0.390189,0.86288,0.321233],[-0.169784,-0.275475,0.946196]],[[0.902543,-0.427458,0.0519334],[0.355679,0.672083,-0.649459],[0.242713,0.604636,0.758621]],[[0.902543,-0.427458,0.0519334],[-0.18487,-0.493586,-0.849821],[0.388896,0.757398,-0.524507]],[[0.902543,-0.427458,0.0519334],[-0.353505,-0.804405,-0.477458],[0.245869,0.412568,-0.877118]]],"btipPosition":[85.8936,124.951,-41.8024],"carpPosition":[96.3946,151.844,11.4657],"dipPosition":[90.0032,131.847,-56.463],"direction":[-0.388896,-0.757398,0.524507],"extended":false,"handId":257,"id":2574,"length":48.9803,"mcpPosition":[105.701,166.944,-40.3994],"pipPosition":[97.3791,146.212,-66.4109],"stabilizedTipPosition":[87.6304,124.363,-44.9141],"timeVisible":0.068385,"tipPosition":[88.1981,128.637,-53.1881],"tipVelocity":[-187.02,500.12,-170.886],"tool":false,"touchDistance":0.333333,"touchZone":"none","type":4,"width":16.1655}],"r":[[0.996584,-0.0743244,0.0360131],[0.0712439,0.994217,0.0803606],[-0.0417776,-0.0775203,0.996115]],"s":1.08146,"t":[-2.33546,18.7769,-7.6127],"timestamp":259624096722},{"currentFrameRate":30.0118,"devices":[],"gestures":[],"hands":[{"armBasis":[[0.89611,0.1567,-0.415249],[0.0605525,0.883688,0.464144],[0.439682,-0.441069,0.782393]],"armWidth":62.9551,"confidence":0.394899,"direction":[-0.0688899,0.425034,-0.902552],"elbow":[198.639,28.2547,236.197],"grabAngle":1.90348,"grabStrength":0,"id":257,"palmNormal":[-0.0573457,-0.904893,-0.421759],"palmPosition":[70.1948,168.012,-28.2065],"palmVelocity":[-42.8796,438.744,-37.2251],"palmWidth":86.0143,"pinchDistance":65.1298,"pinchStrength":0.831467,"r":[[0.992346,-0.113315,0.0490928],[0.106078,0.985698,0.130947],[-0.0632289,-0.124737,0.990173]],"s":1.11198,"sphereCenter":[46.1347,143.489,-64.3043],"sphereRadius":51.5196,"stabilizedPalmPosition":[70.4608,165.497,-27.7789],"t":[-3.27156,26.7883,-9.96297],"timeVisible":0.079269,"type":"right","wrist":[86.4164,140.831,36.5029]}],"id":159981,"interactionBox":{"center":[0,200,0],"size":[235.247,235.247,147.751]},"pointables":[{"bases":[[[0.970269,0.0489838,-0.237021],[0.0218308,0.957601,0.287269],[0.241043,-0.283902,0.928061]],[[0.980164,0.0361129,-0.194868],[-0.00476976,0.987272,0.158969],[0.198129,-0.154887,0.967861]],[[0.980164,0.0361129,-0.194868],[-0.0591847,0.991727,-0.113906],[0.189143,0.12318,0.974193]],[[0.980164,0.0361129,-0.194868],[-0.100291,0.938449,-0.330539],[0.170937,0.343526,0.923456]]],"btipPosition":[29.5928,178.316,-125.079],"carpPosition":[61.876,160.697,17.9193],"dipPosition":[32.4249,184.007,-109.779],"direction":[-0.189143,-0.12318,-0.974193],"extended":true,"handId":257,"id":2571,"length":57.0257,"mcpPosition":[45.1122,180.442,-46.6241],"pipPosition":[36.8581,186.895,-86.9459],"stabilizedTipPosition":[30.7687,176.593,-121.316],"timeVisible":0.079269,"tipPosition":[37.4482,182.662,-121.474],"tipVelocity":[-124.783,841.528,-56.1884],"tool":false,"touchDistance":-0.344995,"touchZone":"touching","type":1,"width":19.473},{"bases":[[[0.975881,-0.153793,-0.154934],[0.190839,0.945631,0.263367],[0.106006,-0.286583,0.952173]],[[0.973902,-0.148814,-0.171378],[0.179828,0.966605,0.182583],[0.138484,-0.208636,0.968139]],[[0.973902,-0.148814,-0.171378],[0.126222,0.982639,-0.135969],[0.188637,0.110789,0.975778]],[[0.973902,-0.148814,-0.171378],[0.0479598,0.872941,-0.485463],[0.221846,0.464573,0.857296]]],"btipPosition":[50.2409,180.092,-135.443],"carpPosition":[72.9493,162.961,15.1356],"dipPosition":[54.2835,188.558,-119.821],"direction":[-0.188637,-0.110789,-0.975778],"extended":true,"handId":257,"id":2572,"length":64.9762,"mcpPosition":[65.9579,181.862,-47.6629],"pipPosition":[59.4851,191.613,-92.9137],"stabilizedTipPosition":[50.9814,179.273,-131.576],"timeVisible":0.079269,"tipPosition":[54.3292,185.849,-131.653],"tipVelocity":[70.6821,849.475,-82.3923],"tool":false,"touchDistance":-0.467064,"touchZone":"touching","type":2,"width":19.1251},{"bases":[[[0.438627,0.883163,0.166223],[-0.749023,0.257076,0.610636],[0.496559,-0.392346,0.77427]],[[0.231812,0.965086,-0.12195],[-0.943675,0.253534,0.212598],[0.236094,0.0657985,0.9695]],[[0.231812,0.965086,-0.12195],[-0.938651,0.189013,-0.288458],[-0.255337,0.181337,0.949695]],[[0.231812,0.965086,-0.12195],[-0.710382,0.0823073,-0.698987],[-0.664546,0.248665,0.704659]]],"btipPosition":[66.302,125.101,-73.2257],"carpPosition":[53.9192,139.845,19.9142],"dipPosition":[51.2205,130.745,-57.2338],"direction":[0.255337,-0.181337,-0.949695],"extended":false,"handId":257,"id":2570,"length":50.5373,"mcpPosition":[53.9192,139.845,19.9142],"pipPosition":[42.7784,136.74,-25.8345],"stabilizedTipPosition":[64.0222,120.677,-66.3777],"timeVisible":0.079269,"tipPosition":[60.9789,130.529,-69.8037],"tipVelocity":[-165.358,493.531,-214.028],"tool":false,"touchDistance":0.39466,"touchZone":"hovering","type":0,"width":20.3863},{"bases":[[[0.963662,-0.265135,-0.0325348],[0.263355,0.922609,0.281844],[-0.0447098,-0.280171,0.958908]],[[0.964693,-0.25289,-0.0735824],[0.117673,0.663792,-0.738602],[0.235628,0.703866,0.670114]],[[0.964693,-0.25289,-0.0735824],[-0.218502,-0.612469,-0.759696],[0.147052,0.748951,-0.646102]],[[0.964693,-0.25289,-0.0735824],[-0.263183,-0.914876,-0.306165],[0.0101071,0.31472,-0.949131]]],"btipPosition":[72.6124,122.484,-38.4316],"carpPosition":[84.307,162.21,12.8308],"dipPosition":[72.7955,128.186,-55.6278],"direction":[-0.147052,-0.748951,0.646102],"extended":false,"handId":257,"id":2573,"length":62.4764,"mcpPosition":[86.9545,178.801,-43.9506],"pipPosition":[76.7457,148.305,-72.9838],"stabilizedTipPosition":[73.0729,121.893,-42.474],"timeVisible":0.079269,"tipPosition":[72.0692,124.335,-51.1652],"tipVelocity":[-93.4617,451.564,64.3806],"tool":false,"touchDistance":0.333333,"touchZone":"none","type":3,"width":18.1987},{"bases":[[[0.895161,-0.444552,0.0325485],[0.405043,0.841738,0.356955],[-0.186083,-0.306349,0.933554]],[[0.893716,-0.446876,0.0396689],[0.356208,0.653062,-0.668301],[0.272741,0.611401,0.742833]],[[0.893716,-0.446876,0.0396689],[-0.219011,-0.511749,-0.830751],[0.391543,0.733768,-0.555229]],[[0.893716,-0.446876,0.0396689],[-0.390435,-0.818287,-0.421862],[0.22098,0.361536,-0.905792]]],"btipPosition":[84.9714,130.491,-40.099],"carpPosition":[95.2428,154.622,10.8728],"dipPosition":[88.665,136.534,-55.2389],"direction":[-0.391543,-0.733768,0.555229],"extended":false,"handId":257,"id":2574,"length":48.9803,"mcpPosition":[105.443,171.414,-40.2994],"pipPosition":[96.091,150.451,-65.7695],"stabilizedTipPosition":[86.557,128.822,-44.1234],"timeVisible":0.079269,"tipPosition":[87.0093,133.622,-52.7182],"tipVelocity":[-93.5225,490.926,146.371],"tool":false,"touchDistance":0.333333,"touchZone":"none","type":4,"width":16.1655}],"r":[[0.992346,-0.113315,0.0490928],[0.106078,0.985698,0.130947],[-0.0632289,-0.124737,0.990173]],"s":1.11198,"t":[-3.27156,26.7883,-9.96297],"timestamp":259624107606},{"currentFrameRate":33.3132,"devices":[],"gestures":[],"hands":[{"armBasis":[[0.895005,0.161301,-0.415869],[0.0533956,0.88688,0.458904],[0.442848,-0.432927,0.78515]],"armWidth":62.9551,"confidence":0.441617,"direction":[-0.0612253,0.44862,-0.891623],"elbow":[198.206,32.7389,236.183],"grabAngle":1.89532,"grabStrength":0,"id":257,"palmNormal":[-0.0525093,-0.893509,-0.445964],"palmPosition":[69.4032,171.812,-28.453],"palmVelocity":[-73.6115,353.435,-22.9297],"palmWidth":86.0143,"pinchDistance":65.7172,"pinchStrength":0.798155,"r":[[0.987673,-0.144932,0.0591305],[0.132522,0.975269,0.176884],[-0.0833043,-0.166867,0.982454]],"s":1.13926,"sphereCenter":[43.257,149.4,-64.9863],"sphereRadius":52.3036,"stabilizedPalmPosition":[69.7496,169.744,-28.2322],"t":[-4.13539,32.6942,-11.2614],"timeVisible":0.090022,"type":"right","wrist":[85.176,143.237,35.7845]}],"id":159982,"interactionBox":{"center":[0,200,0],"size":[235.247,235.247,147.751]},"pointables":[{"bases":[[[0.972312,0.056087,-0.226856],[0.0181496,0.949714,0.312593],[0.232981,-0.308055,0.9224]],[[0.976873,0.0497753,-0.207945],[-0.0107237,0.982708,0.184851],[0.21355,-0.178346,0.960515]],[[0.976873,0.0497753,-0.207945],[-0.0643373,0.995883,-0.0638585],[0.20391,0.0757603,0.976054]],[[0.976873,0.0497753,-0.207945],[-0.101212,0.964316,-0.244642],[0.188348,0.260031,0.947053]]],"btipPosition":[27.6774,186.047,-125.346],"carpPosition":[60.6768,163.277,17.3868],"dipPosition":[30.7979,190.355,-109.655],"direction":[-0.20391,-0.0757603,-0.976054],"extended":true,"handId":257,"id":2571,"length":57.0257,"mcpPosition":[44.4738,184.701,-46.7629],"pipPosition":[35.5772,192.131,-86.7787],"stabilizedTipPosition":[29.0017,184.369,-121.63],"timeVisible":0.090022,"tipPosition":[36.2996,188.647,-121.614],"tipVelocity":[-171.965,689.403,-16.4996],"tool":false,"touchDistance":-0.34149,"touchZone":"touching","type":1,"width":19.473},{"bases":[[[0.977413,-0.148778,-0.150094],[0.18738,0.93853,0.289915],[0.0977348,-0.311492,0.945209]],[[0.975572,-0.143355,-0.166462],[0.176944,0.961845,0.208674],[0.130196,-0.233031,0.963714]],[[0.975572,-0.143355,-0.166462],[0.126936,0.98629,-0.105452],[0.179297,0.081746,0.980393]],[[0.975572,-0.143355,-0.166462],[0.0609725,0.904662,-0.421745],[0.211051,0.401293,0.891303]]],"btipPosition":[50.451,187.491,-135.895],"carpPosition":[71.7722,165.623,14.764],"dipPosition":[54.2969,194.804,-119.653],"direction":[-0.179297,-0.081746,-0.980393],"extended":true,"handId":257,"id":2572,"length":64.9762,"mcpPosition":[65.3263,186.166,-47.5753],"pipPosition":[59.241,197.058,-92.6193],"stabilizedTipPosition":[51.2511,186.814,-132.02],"timeVisible":0.090022,"tipPosition":[54.3138,192.215,-131.561],"tipVelocity":[15.3302,663.425,-28.8257],"tool":false,"touchDistance":-0.45334,"touchZone":"touching","type":2,"width":19.1251},{"bases":[[[0.436105,0.878867,0.193405],[-0.754795,0.240214,0.610395],[0.489997,-0.412177,0.768123]],[[0.225023,0.96889,-0.10304],[-0.94704,0.242352,0.210665],[0.229083,0.0501784,0.972113]],[[0.225023,0.96889,-0.10304],[-0.939252,0.187571,-0.287443],[-0.259173,0.161462,0.952239]],[[0.225023,0.96889,-0.10304],[-0.711653,0.0911993,-0.696587],[-0.665518,0.230077,0.710035]]],"btipPosition":[65.5887,129.444,-74.71],"carpPosition":[52.7261,142.372,18.7593],"dipPosition":[50.485,134.666,-58.5961],"direction":[0.259173,-0.161462,-0.952239],"extended":false,"handId":257,"id":2570,"length":50.5373,"mcpPosition":[52.7261,142.372,18.7593],"pipPosition":[41.9161,140.004,-27.1127],"stabilizedTipPosition":[63.1239,125.372,-68.5564],"timeVisible":0.090022,"tipPosition":[60.6769,135.205,-71.1006],"tipVelocity":[-66.8132,394.868,-135.429],"tool":false,"touchDistance":0.366684,"touchZone":"hovering","type":0,"width":20.3863},{"bases":[[[0.964217,-0.26332,-0.0307881],[0.259753,0.915094,0.308434],[-0.0530428,-0.305395,0.950747]],[[0.965674,-0.245673,-0.0843712],[0.106292,0.670098,-0.734623],[0.237014,0.700438,0.673209]],[[0.965674,-0.245673,-0.0843712],[-0.220181,-0.60183,-0.767672],[0.137819,0.759898,-0.635264]],[[0.965674,-0.245673,-0.0843712],[-0.25975,-0.91559,-0.306962],[-0.0018372,0.318341,-0.947975]]],"btipPosition":[72.3544,126.5,-38.6822],"carpPosition":[83.1512,164.944,12.5432],"dipPosition":[72.3211,132.268,-55.8575],"direction":[-0.137819,-0.759898,0.635264],"extended":false,"handId":257,"id":2573,"length":62.4764,"mcpPosition":[86.2921,183.027,-43.755],"pipPosition":[76.0233,152.68,-72.9223],"stabilizedTipPosition":[72.5467,126.193,-42.5888],"timeVisible":0.090022,"tipPosition":[71.5942,128.689,-51.8074],"tipVelocity":[-28.6241,374.853,-22.8557],"tool":false,"touchDistance":0.333333,"touchZone":"none","type":3,"width":18.1987},{"bases":[[[0.895336,-0.444452,0.0289213],[0.400848,0.832398,0.382667],[-0.194151,-0.331023,0.923433]],[[0.894603,-0.445687,0.0323752],[0.34966,0.653057,-0.671754],[0.278249,0.612274,0.740066]],[[0.894603,-0.445687,0.0323752],[-0.225256,-0.512343,-0.828712],[0.385934,0.734076,-0.558738]],[[0.894603,-0.445687,0.0323752],[-0.396422,-0.824978,-0.402816],[0.206239,0.347526,-0.914708]]],"btipPosition":[84.4476,134.839,-39.6217],"carpPosition":[94.1127,157.419,10.4849],"dipPosition":[87.8948,140.648,-54.9107],"direction":[-0.385934,-0.734076,0.558738],"extended":false,"handId":257,"id":2574,"length":48.9803,"mcpPosition":[104.755,175.564,-40.1325],"pipPosition":[95.2145,154.57,-65.5078],"stabilizedTipPosition":[85.7151,133.524,-43.4934],"timeVisible":0.090022,"tipPosition":[86.3648,137.921,-52.7477],"tipVelocity":[-53.9823,399.36,41.1982],"tool":false,"touchDistance":0.333333,"touchZone":"none","type":4,"width":16.1655}],"r":[[0.987673,-0.144932,0.0591305],[0.132522,0.975269,0.176884],[-0.0833043,-0.166867,0.982454]],"s":1.13926,"t":[-4.13539,32.6942,-11.2614],"timestamp":259624118359},{"currentFrameRate":36.551,"devices":[],"gestures":[],"hands":[{"armBasis":[[0.894898,0.156938,-0.417767],[0.0513477,0.893699,0.445718],[0.443308,-0.420323,0.791711]],"armWidth":62.9551,"confidence":0.48345,"direction":[-0.0612756,0.462783,-0.884351],"elbow":[197.572,38.4243,237.596],"grabAngle":1.87621,"grabStrength":0,"id":257,"palmNormal":[-0.0523516,-0.886287,-0.460168],"palmPosition":[68.6451,175.038,-28.39],"palmVelocity":[-75.0212,319.207,6.23727],"palmWidth":86.0143,"pinchDistance":66.3125,"pinchStrength":0.791844,"r":[[0.983158,-0.170615,0.0655003],[0.15289,0.964199,0.21667],[-0.100122,-0.203006,0.974045]],"s":1.16265,"sphereCenter":[40.8514,154.522,-64.9858],"sphereRadius":52.8766,"stabilizedPalmPosition":[68.9851,173.408,-28.3414],"t":[-4.94638,37.2601,-11.8791],"timeVisible":0.100128,"type":"right","wrist":[84.4245,145.706,35.523]}],"id":159983,"interactionBox":{"center":[0,200,0],"size":[235.247,235.247,147.751]},"pointables":[{"bases":[[[0.972309,0.0598589,-0.225905],[0.0179862,0.944607,0.32771],[0.233007,-0.322699,0.917373]],[[0.974748,0.0563992,-0.216066],[-0.0110471,0.978574,0.205597],[0.223032,-0.198019,0.954487]],[[0.974748,0.0563992,-0.216066],[-0.0630582,0.99772,-0.0240447],[0.214217,0.0370623,0.976083]],[[0.974748,0.0563992,-0.216066],[-0.0972295,0.978239,-0.183288],[0.201027,0.199668,0.959021]]],"btipPosition":[26.0709,192.286,-125.024],"carpPosition":[59.9189,165.771,17.3075],"dipPosition":[29.4015,195.594,-109.135],"direction":[-0.214217,-0.0370623,-0.976083],"extended":true,"handId":257,"id":2571,"length":57.0257,"mcpPosition":[43.714,188.214,-46.4926],"pipPosition":[34.4223,196.463,-86.2572],"stabilizedTipPosition":[27.3637,190.935,-121.433],"timeVisible":0.100128,"tipPosition":[34.7351,193.324,-121.28],"tipVelocity":[-154.182,594.603,36.4269],"tool":false,"touchDistance":-0.330152,"touchZone":"touching","type":1,"width":19.473},{"bases":[[[0.977441,-0.146205,-0.152422],[0.187219,0.933814,0.304862],[0.0977613,-0.326521,0.940121]],[[0.975424,-0.14002,-0.170128],[0.17816,0.955512,0.235067],[0.129645,-0.259599,0.956975]],[[0.975424,-0.14002,-0.170128],[0.128412,0.98869,-0.0774718],[0.179051,0.0537214,0.982372]],[[0.975424,-0.14002,-0.170128],[0.0697929,0.928705,-0.364193],[0.208992,0.343368,0.915653]]],"btipPosition":[49.761,194.09,-135.784],"carpPosition":[71.0139,168.16,14.7228],"dipPosition":[53.5694,200.347,-119.099],"direction":[-0.179051,-0.0537214,-0.982372],"extended":true,"handId":257,"id":2572,"length":64.9762,"mcpPosition":[64.5663,189.695,-47.2808],"pipPosition":[58.5067,201.829,-92.0098],"stabilizedTipPosition":[50.7764,193.551,-131.963],"timeVisible":0.100128,"tipPosition":[53.2915,196.942,-131.23],"tipVelocity":[-69.1273,628.925,21.0985],"tool":false,"touchDistance":-0.433141,"touchZone":"touching","type":2,"width":19.1251},{"bases":[[[0.435956,0.875739,0.207419],[-0.75485,0.230319,0.614129],[0.490045,-0.424303,0.761461]],[[0.22074,0.970908,-0.0928028],[-0.947878,0.23597,0.214117],[0.229786,0.0407014,0.97239]],[[0.22074,0.970908,-0.0928028],[-0.939888,0.186335,-0.286165],[-0.260547,0.150392,0.953676]],[[0.22074,0.970908,-0.0928028],[-0.710276,0.0948142,-0.697508],[-0.668417,0.219884,0.710542]]],"btipPosition":[64.9121,132.962,-75.1954],"carpPosition":[51.9715,144.846,18.346],"dipPosition":[49.7427,137.953,-59.07],"direction":[0.260547,-0.150392,-0.953676],"extended":false,"handId":257,"id":2570,"length":50.5373,"mcpPosition":[51.9715,144.846,18.346],"pipPosition":[41.1284,142.925,-27.539],"stabilizedTipPosition":[62.2656,129.782,-70.0352],"timeVisible":0.100128,"tipPosition":[59.9704,138.966,-71.6127],"tipVelocity":[-68.4421,342.842,-47.7647],"tool":false,"touchDistance":0.356108,"touchZone":"hovering","type":0,"width":20.3863},{"bases":[[[0.964261,-0.262637,-0.034959],[0.259595,0.910097,0.323006],[-0.0530175,-0.320538,0.945751]],[[0.965705,-0.242944,-0.0916071],[0.100902,0.676247,-0.729732],[0.239233,0.695463,0.677569]],[[0.965705,-0.242944,-0.0916071],[-0.222456,-0.592247,-0.774439],[0.133891,0.768259,-0.625981]],[[0.965705,-0.242944,-0.0916071],[-0.259545,-0.912877,-0.315107],[-0.00707252,0.328077,-0.944624]]],"btipPosition":[71.699,129.786,-38.9367],"carpPosition":[82.3931,167.518,12.4917],"dipPosition":[71.5708,135.73,-56.0513],"direction":[-0.133891,-0.768259,0.625981],"extended":false,"handId":257,"id":2573,"length":62.4764,"mcpPosition":[85.5325,186.499,-43.5105],"pipPosition":[75.1675,156.367,-72.8668],"stabilizedTipPosition":[71.8991,129.855,-42.7986],"timeVisible":0.100128,"tipPosition":[70.8664,132.262,-52.1667],"tipVelocity":[-67.0104,329.171,-23.8016],"tool":false,"touchDistance":0.333333,"touchZone":"none","type":3,"width":18.1987},{"bases":[[[0.895408,-0.444711,0.0218501],[0.400702,0.82625,0.395914],[-0.194121,-0.345749,0.918027]],[[0.895297,-0.444908,0.0223741],[0.343186,0.656835,-0.67141],[0.28402,0.608789,0.740749]],[[0.895297,-0.444908,0.0223741],[-0.229931,-0.504545,-0.832206],[0.381544,0.739927,-0.554015]],[[0.895297,-0.444908,0.0223741],[-0.398547,-0.822418,-0.405942],[0.199008,0.354521,-0.913625]]],"btipPosition":[83.6954,138.148,-39.6274],"carpPosition":[93.3559,160.03,10.314],"dipPosition":[87.0217,144.074,-54.8982],"direction":[-0.381544,-0.739927,0.554015],"extended":false,"handId":257,"id":2574,"length":48.9803,"mcpPosition":[103.997,178.982,-40.0071],"pipPosition":[94.2581,158.107,-65.4058],"stabilizedTipPosition":[84.884,137.49,-43.2591],"timeVisible":0.100128,"tipPosition":[85.5743,141.474,-52.8844],"tipVelocity":[-77.1821,330.109,-0.14844],"tool":false,"touchDistance":0.333333,"touchZone":"none","type":4,"width":16.1655}],"r":[[0.983158,-0.170615,0.0655003],[0.15289,0.964199,0.21667],[-0.100122,-0.203006,0.974045]],"s":1.16265,"t":[-4.94638,37.2601,-11.8791],"timestamp":259624128465},{"currentFrameRate":39.6424,"devices":[],"gestures":[],"hands":[{"armBasis":[[0.895644,0.137684,-0.422924],[0.0594065,0.905328,0.420539],[0.440786,-0.401778,0.802672]],"armWidth":62.9551,"confidence":0.522898,"direction":[-0.0707973,0.46948,-0.8801],"elbow":[196.557,46.1934,239.726],"grabAngle":1.87042,"grabStrength":0,"id":257,"palmNormal":[-0.0630779,-0.882655,-0.465769],"palmPosition":[67.6859,178.328,-28.8154],"palmVelocity":[-95.6205,328.021,-42.4095],"palmWidth":86.0143,"pinchDistance":66.8061,"pinchStrength":0.780298,"r":[[0.979045,-0.19236,0.0668498],[0.170284,0.953332,0.249324],[-0.11169,-0.232716,0.96611]],"s":1.1835,"sphereCenter":[39.8081,159.211,-65.1304],"sphereRadius":52.7405,"stabilizedPalmPosition":[68.0451,176.968,-28.6844],"t":[-5.83147,41.1882,-12.4006],"timeVisible":0.110159,"type":"right","wrist":[84.0529,148.741,34.8554]}],"id":159984,"interactionBox":{"center":[0,200,0],"size":[235.247,235.247,147.751]},"pointables":[{"bases":[[[0.969475,0.0566069,-0.238566],[0.0272325,0.942106,0.334209],[0.243673,-0.330504,0.911806]],[[0.974191,0.0499323,-0.220135],[-0.00145996,0.9766,0.215057],[0.225723,-0.209185,0.951468]],[[0.974191,0.0499323,-0.220135],[-0.0499031,0.998738,0.00569705],[0.220142,0.00543543,0.975453]],[[0.974191,0.0499323,-0.220135],[-0.0806005,0.987885,-0.132613],[0.210847,0.146934,0.966413]]],"btipPosition":[24.5246,197.913,-124.998],"carpPosition":[59.528,168.774,16.928],"dipPosition":[28.0179,200.347,-108.986],"direction":[-0.220142,-0.00543543,-0.975453],"extended":true,"handId":257,"id":2571,"length":57.0257,"mcpPosition":[42.5814,191.76,-46.485],"pipPosition":[33.1776,200.475,-86.1238],"stabilizedTipPosition":[25.7654,196.853,-121.34],"timeVisible":0.110159,"tipPosition":[3