{"frames":204,"data":[{"currentFrameRate":114.518,"devices":[],"gestures":[],"hands":[{"armBasis":[[0.735508,-0.546978,-0.399804],[-0.0889589,0.507028,-0.857327],[-0.671651,-0.666137,-0.324264]],"armWidth":55.3744,"confidence":1,"direction":[0.320008,0.874899,0.36352],"elbow":[-209.029,35.8914,-122.159],"grabAngle":0.501425,"grabStrength":0,"id":464,"palmNormal":[0.122731,-0.418746,0.899772],"palmPosition":[-27.3601,254.454,-14.2899],"palmVelocity":[-17.8247,53.7103,10.2211],"palmWidth":81.4533,"pinchDistance":63.304,"pinchStrength":0,"r":[[0.468266,0.0000924475,0.883588],[0.0382205,0.999062,-0.0203599],[-0.88276,0.043305,0.467823]],"s":1.35295,"sphereCenter":[-3.51265,243.898,65.4611],"sphereRadius":91.1631,"stabilizedPalmPosition":[-24.8532,246.853,-16.266],"t":[-4.24112,85.2462,54.8922],"timeVisible":1.22285,"type":"left","wrist":[-46.6898,196.897,-43.7837]}],"id":655873,"interactionBox":{"center":[0,200,0],"size":[235.247,235.247,147.751]},"pointables":[{"bases":[[[0.330695,0.447348,-0.830976],[-0.935824,0.0416487,-0.349999],[0.121962,-0.89339,-0.432411]],[[0.274667,0.708474,-0.650095],[-0.890223,-0.0681547,-0.450397],[0.363401,-0.702439,-0.61198]],[[0.274667,0.708474,-0.650095],[-0.94704,0.082356,-0.310375],[0.166354,-0.700916,-0.693573]],[[0.274667,0.708474,-0.650095],[-0.931217,0.364447,0.0037325],[-0.239569,-0.604354,-0.759844]]],"btipPosition":[-76.96,277.719,41.9242],"carpPosition":[-60.6616,211.602,-23.2438],"dipPosition":[-82.0783,264.807,25.6905],"direction":[-0.166354,0.700916,0.693573],"extended":true,"handId":464,"id":4640,"length":47.5759,"mcpPosition":[-60.6616,211.602,-23.2438],"pipPosition":[-76.9005,242.991,4.10294],"stabilizedTipPosition":[-77.209,273.262,38.0809],"timeVisible":1.22285,"tipPosition":[-74.879,278.75,34.1362],"tipVelocity":[-11.9139,35.3641,10.6846],"tool":false,"touchDistance":0.333333,"touchZone":"none","type":0,"width":17.3652},{"bases":[[[0.979825,-0.0929678,-0.176916],[-0.0979745,0.548113,-0.830646],[-0.174193,-0.831221,-0.527947]],[[0.99502,0.0385712,-0.0919106],[-0.0970172,0.586322,-0.804248],[-0.0228684,-0.80916,-0.587144]],[[0.99502,0.0385712,-0.0919106],[-0.0846966,0.813336,-0.575596],[-0.0525527,-0.580514,-0.812552]],[[0.99502,0.0385712,-0.0919106],[-0.0576966,0.974789,-0.21554],[-0.0812798,-0.21977,-0.97216]]],"btipPosition":[-38.1655,328.27,53.6348],"carpPosition":[-52.9619,225.555,-37.254],"dipPosition":[-39.4333,324.842,38.472],"direction":[0.0525527,0.580514,0.812552],"extended":true,"handId":464,"id":4641,"length":53.684,"mcpPosition":[-41.4897,280.298,-2.48408],"pipPosition":[-40.5928,312.033,20.5434],"stabilizedTipPosition":[-35.4617,321.533,49.1077],"timeVisible":1.22285,"tipPosition":[-36.6909,328.439,49.9315],"tipVelocity":[-27.9861,62.5348,4.77049],"tool":false,"touchDistance":0.333333,"touchZone":"none","type":1,"width":16.5873},{"bases":[[[0.949532,-0.296483,-0.102403],[0.0652865,0.506123,-0.859987],[-0.3068,-0.8099,-0.499936]],[[0.967436,-0.243315,-0.069753],[0.0471759,0.444078,-0.894745],[-0.248681,-0.862318,-0.441096]],[[0.967436,-0.243315,-0.069753],[0.105531,0.638215,-0.762591],[-0.230067,-0.730397,-0.643109]],[[0.967436,-0.243315,-0.069753],[0.177611,0.848906,-0.497808],[-0.180338,-0.469208,-0.864478]]],"btipPosition":[-3.16565,341.35,41.9864],"carpPosition":[-42.3351,225.815,-40.1705],"dipPosition":[-6.2593,333.301,27.1564],"direction":[0.230067,0.730397,0.643109],"extended":true,"handId":464,"id":4642,"length":61.1687,"mcpPosition":[-23.1738,276.398,-8.94669],"pipPosition":[-12.2316,314.341,10.462],"stabilizedTipPosition":[-0.412238,331.625,36.1269],"timeVisible":1.22285,"tipPosition":[-4.35403,340.921,38.1463],"tipVelocity":[-24.3552,58.923,4.66147],"tool":false,"touchDistance":0.333333,"touchZone":"none","type":2,"width":16.2909},{"bases":[[[0.886393,-0.449739,-0.109734],[0.123146,0.457571,-0.880604],[-0.446253,-0.767048,-0.460972]],[[0.906937,-0.412119,-0.0873133],[0.0882436,0.388517,-0.917206],[-0.411921,-0.824143,-0.388728]],[[0.906937,-0.412119,-0.0873133],[0.16284,0.534115,-0.829581],[-0.388522,-0.738159,-0.551518]],[[0.906937,-0.412119,-0.0873133],[0.288356,0.758413,-0.584517],[-0.307111,-0.504943,-0.80667]]],"btipPosition":[25.2218,327.479,27.7925],"carpPosition":[-31.666,223.573,-41.6171],"dipPosition":[19.9837,318.866,14.0338],"direction":[0.388522,0.738159,0.551518],"extended":true,"handId":464,"id":4643,"length":58.8153,"mcpPosition":[-6.64252,266.585,-15.7683],"pipPosition":[10.1585,300.2,0.0867493],"stabilizedTipPosition":[27.4612,317.587,21.383],"timeVisible":1.22285,"tipPosition":[24.1765,328.042,21.9558],"tipVelocity":[-19.2251,65.0132,-1.45219],"tool":false,"touchDistance":0.333333,"touchZone":"none","type":3,"width":15.5018},{"bases":[[[0.796173,-0.604874,-0.0153288],[0.219601,0.312474,-0.924195],[-0.563811,-0.732453,-0.381614]],[[0.744796,-0.66556,-0.0480549],[0.118999,0.203336,-0.971851],[-0.656596,-0.718112,-0.230645]],[[0.744796,-0.66556,-0.0480549],[0.212423,0.304748,-0.928442],[-0.632579,-0.681292,-0.368356]],[[0.744796,-0.66556,-0.0480549],[0.375915,0.477986,-0.793862],[-0.551332,-0.573201,-0.606196]]],"btipPosition":[48.9087,298.734,4.44308],"carpPosition":[-21.5213,216.351,-38.926],"dipPosition":[40.2335,289.715,-5.09547],"direction":[0.632578,0.681292,0.368356],"extended":true,"handId":464,"id":4644,"length":46.1101,"mcpPosition":[7.7449,254.371,-19.1173],"pipPosition":[28.9389,277.55,-11.6724],"stabilizedTipPosition":[48.4523,291.353,0.9151],"timeVisible":1.22285,"tipPosition":[47.6718,296.21,2.30645],"tipVelocity":[-17.3931,57.4468,7.67879],"tool":false,"touchDistance":0.333333,"touchZone":"none","type":4,"width":13.7699}],"r":[[0.468266,0.0000924475,0.883588],[0.0382205,0.999062,-0.0203599],[-0.88276,0.043305,0.467823]],"s":1.35295,"t":[-4.24112,85.2462,54.8922],"timestamp":216810153992},{"currentFrameRate":114.549,"devices":[],"gestures":[],"hands":[{"armBasis":[[0.735908,-0.546131,-0.400226],[-0.089617,0.507338,-0.857074],[-0.671125,-0.666595,-0.324412]],"armWidth":55.3744,"confidence":1,"direction":[0.318573,0.874842,0.364915],"elbow":[-208.958,36.2151,-122.151],"grabAngle":0.499102,"grabStrength":0,"id":464,"palmNormal":[0.122929,-0.419852,0.899229],"palmPosition":[-27.5071,254.875,-14.1658],"palmVelocity":[-16.9354,48.5027,14.3055],"palmWidth":81.4533,"pinchDistance":63.3829,"pinchStrength":0,"r":[[0.468095,0.0000326614,0.883678],[0.0376717,0.99909,-0.0199921],[-0.882875,0.0426478,0.467667]],"s":1.35396,"sphereCenter":[-4.00112,244.948,64.7381],"sphereRadius":90.2777,"stabilizedPalmPosition":[-24.9829,247.245,-16.1633],"t":[-4.37552,85.6613,54.9862],"timeVisible":1.23153,"type":"left","wrist":[-46.7463,197.332,-43.74]}],"id":655874,"interactionBox":{"center":[0,200,0],"size":[235.247,235.247,147.751]},"pointables":[{"bases":[[[0.330424,0.449013,-0.830185],[-0.935724,0.0407911,-0.350367],[0.123455,-0.892594,-0.433631]],[[0.273821,0.710156,-0.648614],[-0.889355,-0.0697852,-0.45186],[0.366155,-0.700577,-0.612472]],[[0.273821,0.710156,-0.648614],[-0.9469,0.0808833,-0.311189],[0.168531,-0.699383,-0.694594]],[[0.273821,0.710156,-0.648614],[-0.929636,0.368321,0.0108095],[-0.246575,-0.600015,-0.761041]]],"btipPosition":[-77.0817,277.88,42.0513],"carpPosition":[-60.7423,211.987,-23.1961],"dipPosition":[-82.3497,265.061,25.792],"direction":[-0.168531,0.699383,0.694594],"extended":true,"handId":464,"id":4640,"length":47.5759,"mcpPosition":[-60.7423,211.987,-23.1961],"pipPosition":[-77.1042,243.293,4.17269],"stabilizedTipPosition":[-77.3525,273.483,38.1115],"timeVisible":1.23153,"tipPosition":[-75.1044,279.005,34.2999],"tipVelocity":[-18.0032,21.1083,13.9696],"tool":false,"touchDistance":0.333333,"touchZone":"none","type":0,"width":17.3652},{"bases":[[[0.98004,-0.0912936,-0.176601],[-0.098392,0.549157,-0.829907],[-0.172747,-0.830718,-0.529213]],[[0.995005,0.040142,-0.0914033],[-0.0975252,0.586451,-0.804092],[-0.0213257,-0.808989,-0.587436]],[[0.995005,0.040142,-0.0914033],[-0.0856837,0.813239,-0.575588],[-0.0512274,-0.580544,-0.812616]],[[0.995005,0.040142,-0.0914033],[-0.0594137,0.973902,-0.219057],[-0.0802244,-0.223393,-0.971421]]],"btipPosition":[-38.4616,328.704,53.7907],"carpPosition":[-53.0564,225.972,-37.1828],"dipPosition":[-39.7128,325.219,38.6394],"direction":[0.0512274,0.580544,0.812616],"extended":true,"handId":464,"id":4641,"length":53.684,"mcpPosition":[-41.6795,280.682,-2.32952],"pipPosition":[-40.8431,312.41,20.7094],"stabilizedTipPosition":[-35.6635,321.924,49.1813],"timeVisible":1.23153,"tipPosition":[-36.9893,328.747,50.1582],"tipVelocity":[-33.6784,48.5125,18.2729],"tool":false,"touchDistance":0.333333,"touchZone":"none","type":1,"width":16.5873},{"bases":[[[0.950008,-0.294959,-0.102392],[0.0649431,0.507445,-0.859233],[-0.305397,-0.809629,-0.501232]],[[0.967747,-0.242057,-0.0698089],[0.0466503,0.444499,-0.894564],[-0.247565,-0.862455,-0.441455]],[[0.967747,-0.242057,-0.0698089],[0.104664,0.638374,-0.762577],[-0.229151,-0.730676,-0.64312]],[[0.967747,-0.242057,-0.0698089],[0.176567,0.849365,-0.497397],[-0.179692,-0.469028,-0.86471]]],"btipPosition":[-3.43079,341.78,42.1638],"carpPosition":[-42.4287,226.251,-40.0941],"dipPosition":[-6.51336,333.734,27.3299],"direction":[0.229151,0.730676,0.64312],"extended":true,"handId":464,"id":4642,"length":61.1687,"mcpPosition":[-23.355,276.817,-8.78932],"pipPosition":[-12.4619,314.766,10.6352],"stabilizedTipPosition":[-0.61106,332.068,36.267],"timeVisible":1.23153,"tipPosition":[-4.64697,341.291,38.4067],"tipVelocity":[-30.2632,49.5728,20.3408],"tool":false,"touchDistance":0.333333,"touchZone":"none","type":2,"width":16.2909},{"bases":[[[0.887095,-0.448296,-0.109971],[0.122882,0.459007,-0.879893],[-0.44493,-0.767036,-0.46227]],[[0.907413,-0.410993,-0.087674],[0.0874649,0.388764,-0.917177],[-0.411038,-0.824589,-0.388716]],[[0.907413,-0.410993,-0.087674],[0.161688,0.534013,-0.829872],[-0.387891,-0.73886,-0.551023]],[[0.907413,-0.410993,-0.087674],[0.286696,0.75797,-0.585907],[-0.307258,-0.506523,-0.805622]]],"btipPosition":[25.0084,327.995,27.9126],"carpPosition":[-31.7557,224.027,-41.539],"dipPosition":[19.7678,319.355,14.1718],"direction":[0.387891,0.73886,0.551023],"extended":true,"handId":464,"id":4643,"length":58.8153,"mcpPosition":[-6.80642,267.038,-15.6174],"pipPosition":[9.95858,300.671,0.237211],"stabilizedTipPosition":[27.2629,318.044,21.5657],"timeVisible":1.23153,"tipPosition":[23.9052,328.461,22.2341],"tipVelocity":[-24.6564,58.7392,14.3115],"tool":false,"touchDistance":0.333333,"touchZone":"none","type":3,"width":15.5018},{"bases":[[[0.797057,-0.603696,-0.0158286],[0.219568,0.314112,-0.923647],[-0.562574,-0.732724,-0.382917]],[[0.745306,-0.664923,-0.0489525],[0.118509,0.204373,-0.971693],[-0.656105,-0.718408,-0.23112]],[[0.745306,-0.664923,-0.0489525],[0.211877,0.305827,-0.928212],[-0.63216,-0.681431,-0.368816]],[[0.745306,-0.664923,-0.0489525],[0.375701,0.479505,-0.793047],[-0.550788,-0.572671,-0.607191]]],"btipPosition":[48.7322,299.216,4.62235],"carpPosition":[-21.6017,216.815,-38.8536],"dipPosition":[40.0655,290.205,-4.93185],"direction":[0.63216,0.681431,0.368816],"extended":true,"handId":464,"id":4644,"length":46.1101,"mcpPosition":[7.60022,254.849,-18.9772],"pipPosition":[28.7784,278.039,-11.517],"stabilizedTipPosition":[48.3649,291.648,0.992089],"timeVisible":1.23153,"tipPosition":[47.4536,296.718,2.52404],"tipVelocity":[-20.1199,55.8127,20.2457],"tool":false,"touchDistance":0.333333,"touchZone":"none","type":4,"width":13.7699}],"r":[[0.468095,0.0000326614,0.883678],[0.0376717,0.99909,-0.0199921],[-0.882875,0.0426478,0.467667]],"s":1.35396,"t":[-4.37552,85.6613,54.9862],"timestamp":216810162669},{"currentFrameRate":114.571,"devices":[],"gestures":[],"hands":[{"armBasis":[[0.736645,-0.545805,-0.399313],[-0.0890853,0.506995,-0.857333],[-0.670386,-0.667123,-0.324852]],"armWidth":55.3744,"confidence":1,"direction":[0.317049,0.875153,0.365495],"elbow":[-208.826,36.5056,-122.158],"grabAngle":0.49797,"grabStrength":0,"id":464,"palmNormal":[0.122095,-0.419834,0.899351],"palmPosition":[-27.6567,255.31,-14.0366],"palmVelocity":[-17.2104,50.0508,14.864],"palmWidth":81.4533,"pinchDistance":63.4735,"pinchStrength":0,"r":[[0.4677,0.0000670822,0.883887],[0.0370118,0.999121,-0.0196603],[-0.883112,0.0419094,0.467286]],"s":1.3549,"sphereCenter":[-4.69504,246.365,63.7305],"sphereRadius":89.0549,"stabilizedPalmPosition":[-25.1116,247.633,-16.061],"t":[-4.51751,86.0863,55.0978],"timeVisible":1.24022,"type":"left","wrist":[-46.793,197.75,-43.6408]}],"id":655875,"interactionBox":{"center":[0,200,0],"size":[235.247,235.247,147.751]},"pointables":[{"bases":[[[0.331123,0.449499,-0.829643],[-0.935258,0.0397779,-0.351724],[0.125098,-0.892395,-0.433569]],[[0.273811,0.711021,-0.64767],[-0.887909,-0.0719462,-0.454359],[0.369656,-0.69948,-0.611622]],[[0.273811,0.711021,-0.64767],[-0.946494,0.0796089,-0.312747],[0.17081,-0.69865,-0.694775]],[[0.273811,0.711021,-0.64767],[-0.927908,0.372441,0.0165855],[-0.253011,-0.596437,-0.761741]]],"btipPosition":[-77.2594,278.131,42.109],"carpPosition":[-60.8301,212.386,-23.121],"dipPosition":[-82.6649,265.388,25.8347],"direction":[-0.17081,0.69865,0.694775],"extended":true,"handId":464,"id":4640,"length":47.5759,"mcpPosition":[-60.8301,212.386,-23.121],"pipPosition":[-77.3484,243.642,4.20977],"stabilizedTipPosition":[-77.5009,273.705,38.1443],"timeVisible":1.24022,"tipPosition":[-75.3747,279.35,34.392],"tipVelocity":[-24.0776,30.8215,6.24047],"tool":false,"touchDistance":0.333333,"touchZone":"none","type":0,"width":17.3652},{"bases":[[[0.980399,-0.0901591,-0.175186],[-0.0978057,0.549157,-0.829976],[-0.171034,-0.830842,-0.529574]],[[0.995093,0.0414148,-0.089861],[-0.0970536,0.58529,-0.804994],[-0.0192561,-0.809765,-0.586438]],[[0.995093,0.0414148,-0.089861],[-0.0858867,0.812478,-0.57663],[-0.0491291,-0.581519,-0.812048]],[[0.995093,0.0414148,-0.089861],[-0.0605489,0.973167,-0.22199],[-0.0782561,-0.226342,-0.970899]]],"btipPosition":[-38.8158,329.219,53.8429],"carpPosition":[-53.1397,226.381,-37.0946],"dipPosition":[-40.0363,325.689,38.6997],"direction":[0.0491291,0.581519,0.812048],"extended":true,"handId":464,"id":4641,"length":53.684,"mcpPosition":[-41.8756,281.099,-2.21755],"pipPosition":[-41.1203,312.858,20.7822],"stabilizedTipPosition":[-35.8798,322.332,49.2555],"timeVisible":1.24022,"tipPosition":[-37.3299,329.157,50.2839],"tipVelocity":[-39.9429,58.0679,6.21509],"tool":false,"touchDistance":0.333333,"touchZone":"none","type":1,"width":16.5873},{"bases":[[[0.95049,-0.293868,-0.101048],[0.0656191,0.507634,-0.85907],[-0.303748,-0.809907,-0.501785]],[[0.968075,-0.241112,-0.0685305],[0.0470897,0.443465,-0.895054],[-0.246199,-0.863252,-0.440662]],[[0.968075,-0.241112,-0.0685305],[0.104802,0.637689,-0.763131],[-0.227701,-0.731586,-0.642599]],[[0.968075,-0.241112,-0.0685305],[0.176417,0.849599,-0.49705],[-0.178068,-0.469092,-0.865011]]],"btipPosition":[-3.7387,342.278,42.2587],"carpPosition":[-42.5081,226.673,-39.9904],"dipPosition":[-6.79342,334.231,27.4196],"direction":[0.227701,0.731586,0.642599],"extended":true,"handId":464,"id":4642,"length":61.1687,"mcpPosition":[-23.5373,277.256,-8.65117],"pipPosition":[-12.7043,315.24,10.7384],"stabilizedTipPosition":[-0.82004,332.524,36.4076],"timeVisible":1.24022,"tipPosition":[-4.96777,341.737,38.5823],"tipVelocity":[-34.6913,57.3561,10.7824],"tool":false,"touchDistance":0.333333,"touchZone":"none","type":2,"width":16.2909},{"bases":[[[0.887762,-0.447275,-0.108738],[0.123643,0.459265,-0.879652],[-0.443386,-0.767477,-0.46302]],[[0.907851,-0.410255,-0.0865866],[0.0875766,0.387485,-0.917707],[-0.410045,-0.825558,-0.387707]],[[0.907851,-0.410255,-0.0865866],[0.161616,0.532937,-0.830577],[-0.386894,-0.740046,-0.550132]],[[0.907851,-0.410255,-0.0865866],[0.28617,0.757189,-0.587173],[-0.306453,-0.508287,-0.804817]]],"btipPosition":[24.7677,328.553,27.9961],"carpPosition":[-31.8304,224.461,-41.4201],"dipPosition":[19.5408,319.884,14.269],"direction":[0.386894,0.740046,0.550132],"extended":true,"handId":464,"id":4643,"length":58.8153,"mcpPosition":[-6.96771,267.497,-15.4564],"pipPosition":[9.75681,301.169,0.356989],"stabilizedTipPosition":[27.0567,318.518,21.7482],"timeVisible":1.24022,"tipPosition":[23.6186,328.925,22.4716],"tipVelocity":[-27.3338,63.434,9.97373],"tool":false,"touchDistance":0.333333,"touchZone":"none","type":3,"width":15.5018},{"bases":[[[0.797763,-0.60279,-0.0147482],[0.220556,0.314485,-0.923284],[-0.561185,-0.73331,-0.383834]],[[0.745692,-0.664543,-0.048221],[0.118683,0.203693,-0.971814],[-0.655635,-0.718952,-0.230763]],[[0.745692,-0.664543,-0.048221],[0.212145,0.30541,-0.928288],[-0.631615,-0.681988,-0.368721]],[[0.745692,-0.664543,-0.048221],[0.376868,0.480357,-0.791977],[-0.549466,-0.572398,-0.608643]]],"btipPosition":[48.5439,299.715,4.8123],"carpPosition":[-21.6722,217.26,-38.7208],"dipPosition":[39.898,290.708,-4.76476],"direction":[0.631615,0.681988,0.368721],"extended":true,"handId":464,"id":4644,"length":46.1101,"mcpPosition":[7.45762,255.325,-18.7969],"pipPosition":[28.6206,278.532,-11.3482],"stabilizedTipPosition":[48.2733,291.952,1.07397],"timeVisible":1.24022,"tipPosition":[47.229,297.237,2.76721],"tipVelocity":[-21.1172,57.4877,21.2507],"tool":false,"touchDistance":0.333333,"touchZone":"none","type":4,"width":13.7699}],"r":[[0.4677,0.0000670822,0.883887],[0.0370118,0.999121,-0.0196603],[-0.883112,0.0419094,0.467286]],"s":1.3549,"t":[-4.51751,86.0863,55.0978],"timestamp":216810171360},{"currentFrameRate":114.629,"devices":[],"gestures":[],"hands":[{"armBasis":[[0.737588,-0.546135,-0.397114],[-0.0872788,0.506059,-0.858072],[-0.669586,-0.667563,-0.325597]],"armWidth":55.3744,"confidence":1,"direction":[0.316567,0.875644,0.364737],"elbow":[-208.74,36.8111,-122.163],"grabAngle":0.496628,"grabStrength":0,"id":464,"palmNormal":[0.12037,-0.418487,0.900211],"palmPosition":[-27.8091,255.764,-13.9093],"palmVelocity":[-17.6778,52.5584,14.7583],"palmWidth":81.4533,"pinchDistance":63.5478,"pinchStrength":0,"r":[[0.467062,0.000344387,0.884224],[0.0365326,0.999139,-0.0196862],[-0.88347,0.0414977,0.466647]],"s":1.35574,"sphereCenter":[-5.25111,247.504,63.2078],"sphereRadius":88.3219,"stabilizedPalmPosition":[-25.2392,248.017,-15.9592],"t":[-4.66474,86.5254,55.2172],"timeVisible":1.24884,"type":"left","wrist":[-46.8998,198.162,-43.4655]}],"id":655876,"interactionBox":{"center":[0,200,0],"size":[235.247,235.247,147.751]},"pointables":[{"bases":[[[0.332727,0.448165,-0.829723],[-0.934608,0.0394353,-0.353486],[0.1257,-0.893081,-0.43198]],[[0.274905,0.710705,-0.647554],[-0.886711,-0.0729767,-0.456527],[0.371713,-0.699695,-0.610129]],[[0.274905,0.710705,-0.647554],[-0.945898,0.0791844,-0.314653],[0.17235,-0.699019,-0.694023]],[[0.274905,0.710705,-0.647554],[-0.925838,0.377332,0.021087],[-0.25933,-0.593733,-0.761728]]],"btipPosition":[-77.4091,278.54,42.1509],"carpPosition":[-60.9749,212.832,-22.9886],"dipPosition":[-82.9496,265.855,25.8769],"direction":[-0.17235,0.699019,0.694023],"extended":true,"handId":464,"id":4640,"length":47.5759,"mcpPosition":[-60.9749,212.832,-22.9886],"pipPosition":[-77.5852,244.098,4.2754],"stabilizedTipPosition":[-77.6501,273.947,38.1776],"timeVisible":1.24884,"tipPosition":[-75.6388,279.847,34.433],"tipVelocity":[-20.9609,49.0444,4.86892],"tool":false,"touchDistance":0.333333,"touchZone":"none","type":0,"width":17.3652},{"bases":[[[0.980697,-0.0906293,-0.173263],[-0.0961798,0.547911,-0.830989],[-0.170245,-0.831613,-0.528618]],[[0.995265,0.0411433,-0.0880656],[-0.0954848,0.583393,-0.806557],[-0.0181925,-0.811147,-0.584559]],[[0.995265,0.0411433,-0.0880656],[-0.0847197,0.81134,-0.578403],[-0.0476538,-0.583124,-0.810984]],[[0.995265,0.0411433,-0.0880656],[-0.0601848,0.972282,-0.225934],[-0.0763289,-0.230164,-0.970154]]],"btipPosition":[-39.0886,329.842,53.7961],"carpPosition":[-53.2562,226.804,-36.9696],"dipPosition":[-40.2791,326.252,38.6646],"direction":[0.0476538,0.583124,0.810984],"extended":true,"handId":464,"id":4641,"length":53.684,"mcpPosition":[-42.0441,281.573,-2.15551],"pipPosition":[-41.3306,313.386,20.7706],"stabilizedTipPosition":[-36.1053,322.765,49.3242],"timeVisible":1.24884,"tipPosition":[-37.592,329.707,50.281],"tipVelocity":[-30.8365,70.7008,-5.10871],"tool":false,"touchDistance":0.333333,"touchZone":"none","type":1,"width":16.5873},{"bases":[[[0.95061,-0.294219,-0.0988695],[0.0672889,0.50631,-0.859722],[-0.303005,-0.810608,-0.501101]],[[0.968134,-0.241463,-0.0664288],[0.0486188,0.441427,-0.895979],[-0.245669,-0.864198,-0.4391]],[[0.968134,-0.241463,-0.0664288],[0.106209,0.636096,-0.764265],[-0.226797,-0.732855,-0.641472]],[[0.968134,-0.241463,-0.0664288],[0.177469,0.848644,-0.498305],[-0.176697,-0.470637,-0.864453]]],"btipPosition":[-3.96667,342.84,42.2525],"carpPosition":[-42.6193,227.09,-39.8464],"dipPosition":[-6.99786,334.766,27.4229],"direction":[0.226797,0.732855,0.641472],"extended":true,"handId":464,"id":4642,"length":61.1687,"mcpPosition":[-23.695,277.717,-8.54987],"pipPosition":[-12.8853,315.742,10.771],"stabilizedTipPosition":[-1.03492,332.997,36.5437],"timeVisible":1.24884,"tipPosition":[-5.19603,342.261,38.6197],"tipVelocity":[-25.807,64.422,-0.467431],"tool":false,"touchDistance":0.333333,"touchZone":"none","type":2,"width":16.2909},{"bases":[[[0.887864,-0.447625,-0.10644],[0.12534,0.457897,-0.880125],[-0.442704,-0.76809,-0.462656]],[[0.907801,-0.410811,-0.0844483],[0.0888529,0.385168,-0.918559],[-0.409881,-0.826365,-0.386158]],[[0.907801,-0.410811,-0.0844483],[0.162775,0.530684,-0.831792],[-0.386525,-0.741356,-0.548626]],[[0.907801,-0.410811,-0.0844483],[0.286508,0.754497,-0.590464],[-0.306285,-0.511829,-0.802634]]],"btipPosition":[24.6015,329.126,28.004],"carpPosition":[-31.9395,224.873,-41.2533],"dipPosition":[19.3774,320.396,14.3141],"direction":[0.386525,0.741356,0.548626],"extended":true,"handId":464,"id":4643,"length":58.8153,"mcpPosition":[-7.11505,267.944,-15.3101],"pipPosition":[9.60276,301.649,0.44017],"stabilizedTipPosition":[26.8486,319.008,21.9251],"timeVisible":1.24884,"tipPosition":[23.415,329.405,22.5978],"tipVelocity":[-19.2007,64.8604,1.90367],"tool":false,"touchDistance":0.333333,"touchZone":"none","type":3,"width":15.5018},{"bases":[[[0.797662,-0.602978,-0.0123771],[0.222302,0.313031,-0.92336],[-0.56064,-0.733778,-0.383736]],[[0.74522,-0.665223,-0.0461049],[0.12011,0.201921,-0.972009],[-0.655913,-0.718823,-0.230375]],[[0.74522,-0.665223,-0.0461049],[0.214056,0.304133,-0.928269],[-0.631528,-0.681895,-0.369041]],[[0.74522,-0.665223,-0.0461049],[0.378913,0.479344,-0.791615],[-0.548701,-0.572458,-0.609278]]],"btipPosition":[48.3954,300.149,5.00664],"carpPosition":[-21.7878,217.675,-38.5246],"dipPosition":[39.7615,291.141,-4.5804],"direction":[0.631528,0.681895,0.369041],"extended":true,"handId":464,"id":4644,"length":46.1101,"mcpPosition":[7.31378,255.764,-18.6057],"pipPosition":[28.4857,278.966,-11.1695],"stabilizedTipPosition":[48.1828,292.249,1.15782],"timeVisible":1.24884,"tipPosition":[47.0528,297.702,2.96635],"tipVelocity":[-16.8958,50.2825,22.2689],"tool":false,"touchDistance":0.333333,"touchZone":"none","type":4,"width":13.7699}],"r":[[0.467062,0.000344387,0.884224],[0.0365326,0.999139,-0.0196862],[-0.88347,0.0414977,0.466647]],"s":1.35574,"t":[-4.66474,86.5254,55.2172],"timestamp":216810179984},{"currentFrameRate":114.678,"devices":[],"gestures":[],"hands":[{"armBasis":[[0.738311,-0.546606,-0.39512],[-0.0855136,0.505239,-0.858732],[-0.669018,-0.667799,-0.326281]],"armWidth":55.3744,"confidence":1,"direction":[0.315214,0.876315,0.364296],"elbow":[-208.636,37.1109,-122.125],"grabAngle":0.495615,"grabStrength":0,"id":464,"palmNormal":[0.118598,-0.41723,0.901029],"palmPosition":[-27.9385,256.166,-13.7385],"palmVelocity":[-14.9867,46.6177,19.777],"palmWidth":81.4533,"pinchDistance":63.6359,"pinchStrength":0,"r":[[0.466153,0.000855406,0.884703],[0.0360362,0.999151,-0.0199537],[-0.88397,0.0411828,0.465727]],"s":1.35659,"sphereCenter":[-5.67808,248.32,63.0846],"sphereRadius":87.9602,"stabilizedPalmPosition":[-25.3617,248.387,-15.8585],"t":[-4.80306,86.9463,55.3623],"timeVisible":1.25748,"type":"left","wrist":[-46.9341,198.519,-43.263]}],"id":655877,"interactionBox":{"center":[0,200,0],"size":[235.247,235.247,147.751]},"pointables":[{"bases":[[[0.334321,0.447278,-0.829562],[-0.933834,0.0384001,-0.355639],[0.127214,-0.89357,-0.430521]],[[0.275748,0.710581,-0.647331],[-0.885085,-0.0749957,-0.459348],[0.374951,-0.699607,-0.608245]],[[0.275748,0.710581,-0.647331],[-0.94514,0.0777289,-0.317283],[0.175139,-0.699309,-0.693032]],[[0.275748,0.710581,-0.647331],[-0.925146,0.378979,0.0219184],[-0.2609,-0.592832,-0.761894]]],"btipPosition":[-77.6899,278.897,42.1922],"carpPosition":[-61.0578,213.202,-22.8359],"dipPosition":[-83.2639,266.231,25.9146],"direction":[-0.175139,0.699309,0.693032],"extended":true,"handId":464,"id":4640,"length":47.5759,"mcpPosition":[-61.0578,213.202,-22.8359],"pipPosition":[-77.8127,244.465,4.34389],"stabilizedTipPosition":[-77.8145,274.2,38.2112],"timeVisible":1.25748,"tipPosition":[-75.9089,280.259,34.487],"tipVelocity":[-33.4114,41.7683,4.67706],"tool":false,"touchDistance":0.333333,"touchZone":"none","type":0,"width":17.3652},{"bases":[[[0.981139,-0.090258,-0.170938],[-0.0946427,0.54676,-0.831923],[-0.16855,-0.832411,-0.527905]],[[0.995436,0.0416674,-0.0858597],[-0.0940347,0.581834,-0.807853],[-0.0162949,-0.81224,-0.583096]],[[0.995436,0.0416674,-0.0858597],[-0.0839244,0.810532,-0.57965],[-0.0454395,-0.58421,-0.810329]],[[0.995436,0.0416674,-0.0858597],[-0.0604029,0.971602,-0.228781],[-0.0738887,-0.232923,-0.969684]]],"btipPosition":[-39.4215,330.362,53.8218],"carpPosition":[-53.3161,227.161,-36.8179],"dipPosition":[-40.5739,326.729,38.6976],"direction":[0.0454395,0.58421,0.810329],"extended":true,"handId":464,"id":4641,"length":53.684,"mcpPosition":[-42.2156,281.983,-2.05072],"pipPosition":[-41.5765,313.838,20.818],"stabilizedTipPosition":[-36.3423,323.212,49.3916],"timeVisible":1.25748,"tipPosition":[-37.9151,330.186,50.3323],"tipVelocity":[-37.5294,58.9687,3.16464],"tool":false,"touchDistance":0.333333,"touchZone":"none","type":1,"width":16.5873},{"bases":[[[0.951009,-0.293768,-0.0963439],[0.0689155,0.505221,-0.860234],[-0.301384,-0.811451,-0.500715]],[[0.968373,-0.241145,-0.0640473],[0.0502155,0.439808,-0.896687],[-0.2444,-0.865111,-0.438008]],[[0.968373,-0.241145,-0.0640473],[0.107532,0.635,-0.764991],[-0.225144,-0.73391,-0.640848]],[[0.968373,-0.241145,-0.0640473],[0.178112,0.847881,-0.499373],[-0.174726,-0.472172,-0.864017]]],"btipPosition":[-4.25405,343.346,42.3319],"carpPosition":[-42.6729,227.449,-39.6711],"dipPosition":[-7.25143,335.246,27.5098],"direction":[0.225144,0.73391,0.640848],"extended":true,"handId":464,"id":4642,"length":61.1687,"mcpPosition":[-23.8498,278.129,-8.39872],"pipPosition":[-13.0959,316.195,10.8741],"stabilizedTipPosition":[-1.25752,333.48,36.6792],"timeVisible":1.25748,"tipPosition":[-5.49486,342.743,38.7279],"tipVelocity":[-32.3763,57.8945,9.39343],"tool":false,"touchDistance":0.333333,"touchZone":"none","type":2,"width":16.2909},{"bases":[[[0.888373,-0.447222,-0.103854],[0.127042,0.456817,-0.880442],[-0.441195,-0.768968,-0.46264]],[[0.908001,-0.410836,-0.0821432],[0.0902886,0.383333,-0.919186],[-0.409123,-0.827206,-0.385161]],[[0.908001,-0.410836,-0.0821432],[0.164034,0.529011,-0.83261],[-0.385521,-0.742537,-0.547734]],[[0.908001,-0.410836,-0.0821432],[0.286567,0.752031,-0.593573],[-0.305635,-0.515425,-0.800577]]],"btipPosition":[24.4004,329.665,28.107],"carpPosition":[-31.9886,225.237,-41.0511],"dipPosition":[19.1874,320.874,14.4522],"direction":[0.385521,0.742537,0.547734],"extended":true,"handId":464,"id":4643,"length":58.8153,"mcpPosition":[-7.24878,268.357,-15.1087],"pipPosition":[9.43812,302.096,0.600822],"stabilizedTipPosition":[26.6388,319.505,22.1],"timeVisible":1.25748,"tipPosition":[23.1588,329.871,22.8026],"tipVelocity":[-22.9926,60.7642,12.864],"tool":false,"touchDistance":0.333333,"touchZone":"none","type":3,"width":15.5018},{"bases":[[[0.798054,-0.602506,-0.00978985],[0.224189,0.311953,-0.923268],[-0.559329,-0.734623,-0.384031]],[[0.74505,-0.665558,-0.0439643],[0.12169,0.200439,-0.972119],[-0.655814,-0.718927,-0.230329]],[[0.74505,-0.665558,-0.0439643],[0.216236,0.303364,-0.928015],[-0.630985,-0.681911,-0.369939]],[[0.74505,-0.665558,-0.0439643],[0.381294,0.479061,-0.790642],[-0.54728,-0.572305,-0.610698]]],"btipPosition":[48.2412,300.568,5.29337],"carpPosition":[-21.8387,218.049,-38.2901],"dipPosition":[39.6297,291.563,-4.31602],"direction":[0.630985,0.681911,0.369939],"extended":true,"handId":464,"id":4644,"length":46.1101,"mcpPosition":[7.19483,256.181,-18.3559],"pipPosition":[28.3636,279.387,-10.9212],"stabilizedTipPosition":[48.0967,292.529,1.24411],"timeVisible":1.25748,"tipPosition":[46.8571,298.174,3.24959],"tipVelocity":[-17.2594,48.5966,32.6063],"tool":false,"touchDistance":0.333333,"touchZone":"none","type":4,"width":13.7699}],"r":[[0.466153,0.000855406,0.884703],[0.0360362,0.999151,-0.0199537],[-0.88397,0.0411828,0.465727]],"s":1.35659,"t":[-4.80306,86.9463,55.3623],"timestamp":216810188620},{"currentFrameRate":114.696,"devices":[],"gestures":[],"hands":[{"armBasis":[[0.739233,-0.546754,-0.393185],[-0.0840956,0.504323,-0.85941],[-0.668179,-0.668369,-0.326833]],"armWidth":55.3744,"confidence":1,"direction":[0.314199,0.876818,0.363963],"elbow":[-208.517,37.3595,-122.085],"grabAngle":0.494336,"grabStrength":0,"id":464,"palmNormal":[0.117076,-0.416238,0.901687],"palmPosition":[-28.0983,256.591,-13.5894],"palmVelocity":[-18.3843,48.851,17.1641],"palmWidth":81.4533,"pinchDistance":63.695,"pinchStrength":0,"r":[[0.465095,0.00148551,0.885259],[0.0355705,0.99916,-0.0203646],[-0.884546,0.0409606,0.464652]],"s":1.3573,"sphereCenter":[-5.98483,248.831,63.2948],"sphereRadius":87.969,"stabilizedPalmPosition":[-25.4841,248.754,-15.757],"t":[-4.95208,87.369,55.5095],"timeVisible":1.26617,"type":"left","wrist":[-47.017,198.905,-43.0887]}],"id":655878,"interactionBox":{"center":[0,200,0],"size":[235.247,235.247,147.751]},"pointables":[{"bases":[[[0.335698,0.446534,-0.829406],[-0.933183,0.0376687,-0.357421],[0.128358,-0.893973,-0.429344]],[[0.276531,0.710478,-0.647111],[-0.88396,-0.0761257,-0.461324],[0.377022,-0.69959,-0.606983]],[[0.276531,0.710478,-0.647111],[-0.944541,0.0768279,-0.319281],[0.177126,-0.699513,-0.69232]],[[0.276531,0.710478,-0.647111],[-0.924361,0.380819,0.0231021],[-0.262846,-0.591775,-0.762046]]],"btipPosition":[-77.929,279.282,42.2494],"carpPosition":[-61.1841,213.605,-22.7034],"dipPosition":[-83.5446,266.639,25.9685],"direction":[-0.177126,0.699513,0.69232],"extended":true,"handId":464,"id":4640,"length":47.5759,"mcpPosition":[-61.1841,213.605,-22.7034],"pipPosition":[-78.0315,244.866,4.42],"stabilizedTipPosition":[-77.9867,274.466,38.2472],"timeVisible":1.26617,"tipPosition":[-76.1829,280.695,34.5409],"tipVelocity":[-28.6187,44.9398,6.49898],"tool":false,"touchDistance":0.333333,"touchZone":"none","type":0,"width":17.3652},{"bases":[[[0.981491,-0.0900615,-0.169012],[-0.0932983,0.545849,-0.832673],[-0.167247,-0.833029,-0.527343]],[[0.995575,0.0417527,-0.0841805],[-0.0927436,0.580658,-0.808848],[-0.0151085,-0.813076,-0.581961]],[[0.995575,0.0417527,-0.0841805],[-0.0830585,0.809961,-0.580573],[-0.0439424,-0.584996,-0.809845]],[[0.995575,0.0417527,-0.0841805],[-0.0602857,0.970995,-0.231375],[-0.0720783,-0.235426,-0.969216]]],"btipPosition":[-39.7206,330.882,53.8546],"carpPosition":[-53.4216,227.552,-36.6855],"dipPosition":[-40.8448,327.21,38.7377],"direction":[0.0439424,0.584996,0.809845],"extended":true,"handId":464,"id":4641,"length":53.684,"mcpPosition":[-42.4069,282.414,-1.9554],"pipPosition":[-41.8144,314.302,20.8688],"stabilizedTipPosition":[-36.588,323.673,49.4583],"timeVisible":1.26617,"tipPosition":[-38.2264,330.672,50.3849],"tipVelocity":[-33.6851,58.8667,3.96725],"tool":false,"touchDistance":0.333333,"touchZone":"none","type":1,"width":16.5873},{"bases":[[[0.951299,-0.293504,-0.0942604],[0.0703283,0.504344,-0.860634],[-0.30014,-0.812092,-0.500423]],[[0.968545,-0.240973,-0.0620672],[0.0516979,0.438848,-0.897073],[-0.243409,-0.865647,-0.437502]],[[0.968545,-0.240973,-0.0620672],[0.108777,0.634341,-0.765362],[-0.223803,-0.734536,-0.6406]],[[0.968545,-0.240973,-0.0620672],[0.178665,0.847046,-0.500591],[-0.173203,-0.473756,-0.863456]]],"btipPosition":[-4.53668,343.845,42.4272],"carpPosition":[-42.7733,227.841,-39.5193],"dipPosition":[-7.50794,335.717,27.6148],"direction":[0.223803,0.734536,0.6406],"extended":true,"handId":464,"id":4642,"length":61.1687,"mcpPosition":[-24.0279,278.56,-8.26506],"pipPosition":[-13.3176,316.65,10.9855],"stabilizedTipPosition":[-1.48694,333.972,36.8148],"timeVisible":1.26617,"tipPosition":[-5.78498,343.23,38.828],"tipVelocity":[-31.84,56.6676,11.2269],"tool":false,"touchDistance":0.333333,"touchZone":"none","type":2,"width":16.2909},{"bases":[[[0.888736,-0.44699,-0.101726],[0.128511,0.45594,-0.880683],[-0.440038,-0.769622,-0.462654]],[[0.908169,-0.410853,-0.080182],[0.0917608,0.382278,-0.91948],[-0.408423,-0.827686,-0.384873]],[[0.908169,-0.410853,-0.080182],[0.165289,0.527939,-0.833043],[-0.384589,-0.74329,-0.547367]],[[0.908169,-0.410853,-0.080182],[0.286292,0.749358,-0.597076],[-0.305396,-0.51929,-0.798167]]],"btipPosition":[24.1823,330.201,28.2198],"carpPosition":[-32.0856,225.632,-40.877],"dipPosition":[18.9734,321.343,14.6061],"direction":[0.384589,0.74329,0.547367],"extended":true,"handId":464,"id":4643,"length":58.8153,"mcpPosition":[-7.41063,268.788,-14.9338],"pipPosition":[9.24772,302.547,0.764003],"stabilizedTipPosition":[26.4262,320.008,22.2739],"timeVisible":1.26617,"tipPosition":[22.9031,330.343,22.9797],"tipVelocity":[-24.9888,59.884,14.072],"tool":false,"touchDistance":0.333333,"touchZone":"none","type":3,"width":15.5018},{"bases":[[[0.798301,-0.60221,-0.00766747],[0.225793,0.311069,-0.923176],[-0.558331,-0.735241,-0.384302]],[[0.744878,-0.665866,-0.0421829],[0.12364,0.199887,-0.971987],[-0.655645,-0.718796,-0.231219]],[[0.744878,-0.665866,-0.0421829],[0.218804,0.303516,-0.927363],[-0.630303,-0.681543,-0.371776]],[[0.744878,-0.665866,-0.0421829],[0.383393,0.478915,-0.789715],[-0.546046,-0.572069,-0.612022]]],"btipPosition":[48.053,300.987,5.5904],"carpPosition":[-21.938,218.45,-38.0895],"dipPosition":[39.4609,291.985,-4.03981],"direction":[0.630303,0.681543,0.371776],"extended":true,"handId":464,"id":4644,"length":46.1101,"mcpPosition":[7.04365,256.614,-18.1412],"pipPosition":[28.207,279.816,-10.6778],"stabilizedTipPosition":[48.0122,292.796,1.33325],"timeVisible":1.26617,"tipPosition":[46.6467,298.646,3.4935],"tipVelocity":[-21.1506,48.2677,33.6377],"tool":false,"touchDistance":0.333333,"touchZone":"none","type":4,"width":13.7699}],"r":[[0.465095,0.00148551,0.885259],[0.0355705,0.99916,-0.0203646],[-0.884546,0.0409606,0.464652]],"s":1.3573,"t":[-4.95208,87.369,55.5095],"timestamp":216810197308},{"currentFrameRate":114.694,"devices":[],"gestures":[],"hands":[{"armBasis":[[0.740283,-0.54661,-0.391407],[-0.0824732,0.503962,-0.85978],[-0.667218,-0.66876,-0.327993]],"armWidth":55.3744,"confidence":1,"direction":[0.313662,0.876952,0.364103],"elbow":[-208.365,37.6673,-122.196],"grabAngle":0.493642,"grabStrength":0,"id":464,"palmNormal":[0.115405,-0.415819,0.902095],"palmPosition":[-28.2294,257.007,-13.4118],"palmVelocity":[-15.0363,47.7238,20.3603],"palmWidth":81.4533,"pinchDistance":63.7787,"pinchStrength":0,"r":[[0.463931,0.00206238,0.885869],[0.0352319,0.999163,-0.0207772],[-0.88517,0.04085,0.46347]],"s":1.35801,"sphereCenter":[-6.35036,249.431,63.3591],"sphereRadius":87.8008,"stabilizedPalmPosition":[-25.6028,249.111,-15.6555],"t":[-5.09217,87.7884,55.6718],"timeVisible":1.27489,"type":"left","wrist":[-47.0977,199.307,-42.9196]}],"id":655879,"interactionBox":{"center":[0,200,0],"size":[235.247,235.247,147.751]},"pointables":[{"bases":[[[0.337242,0.446091,-0.829018],[-0.932537,0.0376187,-0.359111],[0.12901,-0.894197,-0.428683]],[[0.27762,0.710627,-0.64648],[-0.882646,-0.0770085,-0.463687],[0.379293,-0.699342,-0.605853]],[[0.27762,0.710627,-0.64648],[-0.943795,0.0760919,-0.321655],[0.179385,-0.699442,-0.691811]],[[0.27762,0.710627,-0.64648],[-0.923762,0.382247,0.0234822],[-0.263802,-0.590674,-0.76257]]],"btipPosition":[-78.2008,279.661,42.3332],"carpPosition":[-61.3045,214.021,-22.5644],"dipPosition":[-83.8368,267.042,26.0412],"direction":[-0.179385,0.699442,0.691811],"extended":true,"handId":464,"id":4640,"length":47.5759,"mcpPosition":[-61.3045,214.021,-22.5644],"pipPosition":[-78.2535,245.271,4.50854],"stabilizedTipPosition":[-78.1678,274.741,38.2878],"timeVisible":1.27489,"tipPosition":[-76.4143,281.116,34.6427],"tipVelocity":[-31.6983,44.1117,9.31939],"tool":false,"touchDistance":0.333333,"touchZone":"none","type":0,"width":17.3652},{"bases":[[[0.98178,-0.0902711,-0.167209],[-0.0917343,0.545461,-0.833101],[-0.166411,-0.833261,-0.527241]],[[0.995731,0.0416204,-0.0823914],[-0.0912233,0.580074,-0.80944],[-0.0141039,-0.8135,-0.581394]],[[0.995731,0.0416204,-0.0823914],[-0.0819213,0.809782,-0.580984],[-0.0425383,-0.585253,-0.809734]],[[0.995731,0.0416204,-0.0823914],[-0.0598252,0.97072,-0.232645],[-0.0702962,-0.236581,-0.969066]]],"btipPosition":[-39.9674,331.346,53.9671],"carpPosition":[-53.5152,227.96,-36.5393],"dipPosition":[-41.0638,327.656,38.8525],"direction":[0.0425383,0.585253,0.809734],"extended":true,"handId":464,"id":4641,"length":53.684,"mcpPosition":[-42.5555,282.838,-1.81588],"pipPosition":[-42.0024,314.743,20.986],"stabilizedTipPosition":[-36.8314,324.131,49.5274],"timeVisible":1.27489,"tipPosition":[-38.4641,331.12,50.5085],"tipVelocity":[-27.5561,52.722,12.9598],"tool":false,"touchDistance":0.333333,"touchZone":"none","type":1,"width":16.5873},{"bases":[[[0.951428,-0.293674,-0.0924144],[0.0719366,0.50392,-0.86075],[-0.299349,-0.812293,-0.50057]],[[0.968607,-0.241185,-0.0602494],[0.0532971,0.438194,-0.897299],[-0.242816,-0.865919,-0.437292]],[[0.968607,-0.241185,-0.0602494],[0.110276,0.634066,-0.765376],[-0.222799,-0.734704,-0.640757]],[[0.968607,-0.241185,-0.0602494],[0.17966,0.846649,-0.500907],[-0.171821,-0.474358,-0.863401]]],"btipPosition":[-4.75034,344.29,42.5954],"carpPosition":[-42.8617,228.246,-39.3541],"dipPosition":[-7.6979,336.152,27.7839],"direction":[0.222799,0.734704,0.640757],"extended":true,"handId":464,"id":4642,"length":61.1687,"mcpPosition":[-24.1657,278.979,-8.09074],"pipPosition":[-13.4815,317.08,11.1506],"stabilizedTipPosition":[-1.70933,334.448,36.9487],"timeVisible":1.27489,"tipPosition":[-5.99826,343.668,39.0039],"tipVelocity":[-23.8684,50.7422,19.3106],"tool":false,"touchDistance":0.333333,"touchZone":"none","type":2,"width":16.2909},{"bases":[[[0.888858,-0.447155,-0.0999184],[0.130149,0.4555,-0.880671],[-0.439309,-0.769787,-0.463071]],[[0.908122,-0.411277,-0.0785148],[0.0932118,0.381392,-0.919702],[-0.408198,-0.827883,-0.384687]],[[0.908122,-0.411277,-0.0785148],[0.166703,0.527161,-0.833254],[-0.384088,-0.743608,-0.547288]],[[0.908122,-0.411277,-0.0785148],[0.286627,0.747326,-0.599457],[-0.305219,-0.521876,-0.796547]]],"btipPosition":[24.0302,330.674,28.3914],"carpPosition":[-32.1719,226.035,-40.6916],"dipPosition":[18.8244,321.772,14.8053],"direction":[0.384088,0.743608,0.547288],"extended":true,"handId":464,"id":4643,"length":58.8153,"mcpPosition":[-7.53781,269.201,-14.725],"pipPosition":[9.11133,302.968,0.965206],"stabilizedTipPosition":[26.223,320.496,22.4431],"timeVisible":1.27489,"tipPosition":[22.7166,330.759,23.2237],"tipVelocity":[-17.3536,53.078,20.396],"tool":false,"touchDistance":0.333333,"touchZone":"none","type":3,"width":15.5018},{"bases":[[[0.798234,-0.602318,-0.00594728],[0.227488,0.310595,-0.922919],[-0.557738,-0.735353,-0.384948]],[[0.74443,-0.666453,-0.040793],[0.125191,0.199328,-0.971903],[-0.655859,-0.718407,-0.231819]],[[0.74443,-0.666453,-0.040793],[0.220932,0.303514,-0.926859],[-0.63009,-0.680969,-0.373186]],[[0.74443,-0.666453,-0.040793],[0.385753,0.479145,-0.788425],[-0.544995,-0.571192,-0.613776]]],"btipPosition":[47.9165,301.359,5.90311],"carpPosition":[-22.0303,218.853,-37.8824],"dipPosition":[39.3409,292.372,-3.75471],"direction":[0.63009,0.680969,0.373186],"extended":true,"handId":464,"id":4644,"length":46.1101,"mcpPosition