Wrist_x,Wrist_y,Wrist_z,Palm_x,Palm_y,Palm_z,thumb_base_x,thumb_base_y,thumb_base_z,thumb_first_joint_x,thumb_first_joint_y,thumb_first_joint_z,thumb_second_joint_x,thumb_second_joint_y,thumb_second_joint_z,thumb_tip_x,thumb_tip_y,thumb_tip_z,index_base_x,index_base_y,index_base_z,index_first_joint_x,index_first_joint_y,index_first_joint_z,index_second_joint_x,index_second_joint_y,index_second_joint_z,index_tip_x,index_tip_y,index_tip_z,middle_base_x,middle_base_y,middle_base_z,middle_first_joint_x,middle_first_joint_y,middle_first_joint_z,middle_second_joint_x,middle_second_joint_y,middle_second_joint_z,middle_tip_x,middle_tip_y,middle_tip_z,ring_base_x,ring_base_y,ring_base_z,ring_first_joint_x,ring_first_joint_y,ring_first_joint_z,ring_second_joint_x,ring_second_joint_y,ring_second_joint_z,ring_tip_x,ring_tip_y,ring_tip_z,pinky_base_x,pinky_base_y,pinky_base_z,pinky_first_joint_x,pinky_first_joint_y,pinky_first_joint_z,pinky_second_joint_x,pinky_second_joint_y,pinky_second_joint_z,pinky_tip_x,pinky_tip_y,pinky_tip_z,
0.4798681,-0.33263447,0.498019,0.46896207,-0.2876672,0.493183,0.46114597,-0.32536214,0.498661,0.42941079,-0.30282474,0.490143,0.39807807,-0.2746606,0.470107,0.38165863,-0.25325002,0.459698,0.44190468,-0.25644766,0.491503,0.44582161,-0.21822875,0.484082,0.44471746,-0.20209048,0.480372,0.4542544,-0.20096091,0.493125,0.46608526,-0.2566991,0.489395,0.46155594,-0.21335955,0.477581,0.45733575,-0.19671301,0.47069,0.47067561,-0.19403518,0.482328,0.4836553,-0.26081086,0.488077,0.48273114,-0.22222605,0.476853,0.48065714,-0.20813489,0.471111,0.49592468,-0.20750906,0.482994,0.5059669,-0.27549556,0.487276,0.49388348,-0.2423393,0.477448,0.48804834,-0.22739859,0.472932,0.48453321,-0.21743786,0.468948
0.47867598,-0.33345943,0.497746,0.46607317,-0.29048026,0.491533,0.4567323,-0.32368833,0.494871,0.42599973,-0.30933786,0.481648,0.39137674,-0.28271488,0.458639,0.37304817,-0.26233462,0.447005,0.43142384,-0.25818091,0.484655,0.4233038,-0.21666046,0.472992,0.41957498,-0.19757014,0.46716,0.43120503,-0.18644668,0.4785,0.45615412,-0.25805183,0.486666,0.44388368,-0.21221617,0.47401,0.44313019,-0.19657935,0.466628,0.45638909,-0.19409579,0.477987,0.47762647,-0.26182949,0.488855,0.47855364,-0.22357046,0.484078,0.48034427,-0.20389694,0.481634,0.49852745,-0.20234752,0.495522,0.50476606,-0.2733636,0.492378,0.49228351,-0.23827804,0.480686,0.48360471,-0.22058088,0.475313,0.47850214,-0.20706383,0.470573
0.46499388,-0.33412253,0.492153,0.45828911,-0.29299535,0.490267,0.44684624,-0.32467497,0.49251,0.41701979,-0.31120513,0.484295,0.38243798,-0.28439967,0.461338,0.36410768,-0.26298955,0.448974,0.43433707,-0.25778064,0.489746,0.44397457,-0.22559736,0.493471,0.45014354,-0.209002,0.495333,0.46531099,-0.20914733,0.510893,0.45603194,-0.25955472,0.488789,0.44644124,-0.21530994,0.480033,0.43747953,-0.2068112,0.474926,0.4493791,-0.22403302,0.48754,0.47457801,-0.26279961,0.488163,0.46738808,-0.223162,0.479976,0.46358536,-0.21326192,0.475787,0.47656774,-0.22663409,0.488741,0.49420622,-0.27573728,0.48772,0.47925616,-0.24262011,0.479593,0.47235773,-0.22728251,0.475858,0.46823388,-0.22275129,0.472564
0.46515331,-0.3358285,0.494355,0.45140779,-0.29130126,0.488873,0.44304918,-0.32508574,0.491891,0.41132194,-0.30813481,0.479334,0.37606449,-0.28191842,0.455903,0.3570444,-0.26083279,0.443696,0.42391357,-0.25493928,0.482898,0.4321274,-0.22113891,0.490534,0.43740765,-0.20404083,0.494353,0.44223916,-0.18818259,0.497824,0.44797247,-0.25672133,0.484578,0.43821426,-0.21359695,0.472295,0.43379396,-0.18847339,0.465129,0.4450793,-0.19066994,0.476644,0.46861878,-0.26197351,0.486434,0.44875186,-0.22144007,0.474566,0.43954504,-0.20113476,0.468494,0.43115092,-0.1825531,0.462974,0.49428125,-0.27515962,0.489453,0.47123343,-0.23886912,0.477951,0.46144841,-0.22299859,0.472666,0.4537435,-0.21005274,0.468003
0.45978783,-0.33125671,0.487572,0.44715826,-0.29103855,0.485878,0.43581553,-0.32387735,0.486113,0.40539704,-0.31344947,0.475686,0.36852812,-0.28949685,0.45248,0.34671683,-0.27072299,0.441363,0.41184488,-0.26446578,0.483142,0.40170079,-0.23781428,0.492494,0.39781043,-0.22420318,0.49717,0.39395928,-0.21118049,0.501422,0.43545809,-0.26152314,0.484551,0.4333955,-0.23144524,0.496653,0.43224836,-0.21405735,0.503713,0.44343165,-0.2070178,0.520342,0.45608639,-0.26260584,0.485858,0.4372387,-0.22579897,0.47739,0.42748667,-0.20664402,0.473058,0.418553,-0.18902846,0.46912,0.48246563,-0.27029035,0.487649,0.46074636,-0.23957652,0.478915,0.45071696,-0.22536544,0.474902,0.44330157,-0.214031,0.471361
0.4616969,-0.33068487,0.488411,0.4380344,-0.28721261,0.486344,0.4381312,-0.32071311,0.484593,0.41196356,-0.3107806,0.471278,0.37178318,-0.29014629,0.44658,0.34874495,-0.27379949,0.434304,0.396846,-0.26337957,0.480407,0.37401552,-0.23559597,0.481508,0.36635054,-0.22263865,0.482059,0.36418262,-0.21537164,0.482559,0.42095615,-0.25672686,0.484724,0.3955758,-0.22238719,0.481846,0.38434103,-0.20215236,0.480167,0.39411544,-0.19950415,0.494054,0.44285851,-0.25450833,0.488455,0.42329916,-0.2199526,0.485797,0.41752312,-0.20337307,0.484436,0.41340602,-0.18910917,0.4832,0.47222273,-0.25784976,0.493146,0.44436314,-0.22739581,0.483345,0.4399824,-0.21899171,0.478842,0.43889446,-0.21430547,0.474869
0.45808109,-0.32914902,0.485658,0.43650451,-0.28775709,0.4851,0.43660964,-0.3201971,0.482981,0.4115628,-0.31193664,0.471391,0.37183277,-0.29142612,0.446891,0.34878134,-0.27503054,0.434515,0.39655031,-0.26620994,0.4814,0.36993756,-0.24502595,0.483851,0.360876,-0.23490735,0.485076,0.353773,-0.22647324,0.48619,0.41958338,-0.25839335,0.484663,0.38914684,-0.22447937,0.479022,0.37559259,-0.20525929,0.475732,0.37964605,-0.19929331,0.489051,0.44056065,-0.25510091,0.487397,0.41482382,-0.22491772,0.484821,0.40645238,-0.21038742,0.483503,0.40313201,-0.20175122,0.482305,0.46876812,-0.25696214,0.490687,0.43925779,-0.22999625,0.482247,0.42929689,-0.21905726,0.478368,0.42052883,-0.2093214,0.474947
0.45493541,-0.32799964,0.48358,0.43407793,-0.28741624,0.483905,0.43366608,-0.32004021,0.481215,0.40160074,-0.3113154,0.470225,0.36435118,-0.29309174,0.4457,0.34516551,-0.27483117,0.432639,0.39326061,-0.26820335,0.481059,0.36857217,-0.24518073,0.484292,0.35999234,-0.23442079,0.485909,0.35284952,-0.22492796,0.487379,0.41586239,-0.25981962,0.48416,0.38722225,-0.22445883,0.479042,0.37374033,-0.20461461,0.476056,0.37935245,-0.19935548,0.48952,0.43650991,-0.25595428,0.486685,0.41399656,-0.22624701,0.486517,0.40640626,-0.21148995,0.486431,0.4031997,-0.2014309,0.486353,0.46440371,-0.25694044,0.489594,0.43765033,-0.22979158,0.481837,0.42853523,-0.21882536,0.478272,0.42043811,-0.20899471,0.475127
0.45357198,-0.32765991,0.482689,0.43335918,-0.28787917,0.483513,0.43169201,-0.32029069,0.479841,0.40308778,-0.31036733,0.468421,0.36594215,-0.28871584,0.444192,0.34381901,-0.27217565,0.432608,0.39231974,-0.26859738,0.480308,0.36946465,-0.24579786,0.484789,0.36204504,-0.23462916,0.48703,0.35561066,-0.22443781,0.489067,0.41540066,-0.26067879,0.484159,0.39469931,-0.22881681,0.487838,0.38340667,-0.20985436,0.489984,0.3784514,-0.19560832,0.491517,0.43643076,-0.25714443,0.487257,0.418535,-0.22600389,0.488325,0.41097337,-0.21042953,0.488871,0.40339697,-0.19228085,0.489368,0.46476404,-0.25842642,0.490761,0.44040969,-0.22941712,0.483167,0.43057291,-0.21850553,0.479678,0.42392899,-0.20880168,0.4766
0.44795085,-0.32488163,0.477689,0.43543606,-0.29184568,0.48704,0.42434606,-0.31687485,0.472911,0.40020173,-0.30418048,0.46199,0.36582616,-0.27790621,0.439045,0.3453408,-0.25889297,0.43219,0.39818762,-0.27031671,0.485784,0.37055116,-0.24420789,0.483721,0.37183591,-0.22805832,0.48269,0.36758151,-0.21504124,0.481752,0.42543643,-0.26785241,0.494366,0.42929862,-0.25001418,0.516935,0.43094935,-0.23815634,0.5301,0.43212178,-0.22967288,0.539504,0.44974247,-0.27297468,0.500626,0.44467359,-0.25472079,0.519495,0.44205013,-0.2453425,0.529149,0.43964826,-0.23679516,0.537925,0.47878297,-0.28097379,0.506522,0.47835181,-0.25198381,0.511533,0.47912135,-0.2383176,0.513835,0.4803764,-0.22606514,0.515867
0.45376598,-0.3297889,0.484939,0.44047814,-0.29421904,0.49198,0.42608654,-0.32037325,0.477177,0.40041578,-0.29540254,0.462508,0.37500524,-0.27465975,0.450925,0.35979525,-0.26296303,0.449574,0.40270388,-0.26541379,0.485727,0.41303543,-0.24483978,0.479314,0.4164301,-0.25499726,0.476107,0.42696496,-0.27880792,0.486566,0.43455458,-0.26891875,0.497497,0.43015205,-0.24467889,0.511915,0.44507072,-0.23371301,0.520325,0.46064914,-0.24347451,0.527505,0.46053201,-0.27539462,0.50658,0.44621041,-0.25157644,0.514859,0.45629815,-0.2420639,0.519095,0.48102177,-0.25531648,0.533182,0.49265407,-0.28830306,0.51614,0.49629275,-0.25861974,0.520433,0.49883608,-0.24475621,0.522405,0.50168215,-0.23237169,0.524146
0.45506207,-0.33201153,0.487933,0.45763484,-0.29817244,0.496876,0.43234297,-0.3250273,0.484582,0.42102248,-0.29390103,0.475037,0.40401582,-0.2709865,0.474152,0.39861026,-0.25853087,0.479941,0.43837234,-0.26433824,0.497227,0.44809936,-0.24964303,0.494661,0.44355608,-0.26624939,0.493378,0.44847564,-0.28790997,0.506537,0.46692636,-0.27013668,0.503882,0.47028804,-0.23187719,0.504758,0.47878698,-0.21732001,0.505269,0.49785955,-0.23057997,0.519431,0.488398,-0.28095347,0.50859,0.49968291,-0.24460853,0.507176,0.50473848,-0.24720275,0.506452,0.52440759,-0.25695488,0.520357,0.51376785,-0.29673256,0.51273,0.52630006,-0.26695765,0.51515,0.5324606,-0.25321263,0.516263,0.53830932,-0.2410503,0.517244
0.4543761,-0.33151281,0.487867,0.46293926,-0.29916599,0.497172,0.43135098,-0.32270397,0.485158,0.41824514,-0.27937573,0.482337,0.40580101,-0.25232129,0.479887,0.40356519,-0.23707956,0.482955,0.45984489,-0.26108539,0.498529,0.48040436,-0.23803873,0.496623,0.48565091,-0.23656822,0.49567,0.495419,-0.25378829,0.509151,0.48467776,-0.27494571,0.504462,0.50490509,-0.23853765,0.505741,0.5194383,-0.22703151,0.506488,0.53737055,-0.24126304,0.520884,0.50344487,-0.2890687,0.508544,0.52201967,-0.26129094,0.507702,0.53180466,-0.2622286,0.507272,0.55268966,-0.28068829,0.521479,0.52233004,-0.31058193,0.511896,0.5299206,-0.27836099,0.510127,0.5359656,-0.28153634,0.509315,0.54635502,-0.30048228,0.51964
0.46600212,-0.33864071,0.5001,0.48278732,-0.29334886,0.502206,0.44369571,-0.31374363,0.495804,0.42687605,-0.2747799,0.48424,0.40854477,-0.24409889,0.470505,0.40264686,-0.22314845,0.464134,0.47491293,-0.25128922,0.497818,0.50052128,-0.22909147,0.492973,0.50438745,-0.23157808,0.490551,0.51779085,-0.24642125,0.503527,0.49775521,-0.26627668,0.503856,0.52171377,-0.24409606,0.498065,0.53719177,-0.23018973,0.494687,0.56568254,-0.22983356,0.507527,0.51500884,-0.2816071,0.508646,0.53667752,-0.2638488,0.503758,0.54125079,-0.27436484,0.501256,0.56037474,-0.29597444,0.514614,0.53248782,-0.30505262,0.513934,0.53579247,-0.29924582,0.506748,0.5376959,-0.2965231,0.503447,0.54077434,-0.31019918,0.512526
0.47246977,-0.33649073,0.501995,0.49977518,-0.29149039,0.498399,0.46841498,-0.3107095,0.497838,0.44723847,-0.27504297,0.485471,0.42611563,-0.24289928,0.470961,0.42175355,-0.22346661,0.468371,0.49230437,-0.24754601,0.49124,0.51433608,-0.22773939,0.482248,0.52636231,-0.21739474,0.477808,0.53805045,-0.20773893,0.473892,0.51347304,-0.26191071,0.495582,0.53249664,-0.23427578,0.48449,0.54471463,-0.2173561,0.47802,0.55329547,-0.21101202,0.473398,0.52941233,-0.27694016,0.499466,0.54868091,-0.2676553,0.490752,0.5483609,-0.27417342,0.486293,0.5620972,-0.29308752,0.498758,0.54552527,-0.30040696,0.50457,0.53991455,-0.29378505,0.493673,0.53595794,-0.29112296,0.488666,0.53661759,-0.29856918,0.496897
0.47257234,-0.33206607,0.501287,0.49763034,-0.28793915,0.497551,0.46000675,-0.30630514,0.497214,0.4432644,-0.2633239,0.488361,0.42539459,-0.23260719,0.478262,0.42143807,-0.21343587,0.476202,0.49547662,-0.24143651,0.490427,0.52018349,-0.22250484,0.481326,0.53227607,-0.21452866,0.476775,0.53443639,-0.21527327,0.472638,0.51348122,-0.26003905,0.494624,0.5334551,-0.23539851,0.483423,0.54936513,-0.22375731,0.476889,0.55768526,-0.21286523,0.473733,0.52824259,-0.27603926,0.498401,0.54739772,-0.26533799,0.489493,0.54617692,-0.27257139,0.484935,0.55987997,-0.29173638,0.497356,0.54256713,-0.30035521,0.503401,0.53968211,-0.29299814,0.492441,0.53534873,-0.29020906,0.487406,0.53051146,-0.29828274,0.495631
0.47766602,-0.33223352,0.507233,0.49949251,-0.28707349,0.498851,0.46785223,-0.30347904,0.501322,0.44528647,-0.26184812,0.488328,0.43231654,-0.22996184,0.47862,0.42855134,-0.20931147,0.473397,0.4954853,-0.23921635,0.486981,0.5144454,-0.22740411,0.47394,0.52318354,-0.22158874,0.467419,0.52574761,-0.22109738,0.461492,0.51540022,-0.25716943,0.492283,0.53180244,-0.23326753,0.476648,0.54640241,-0.2203832,0.470893,0.55761656,-0.21080502,0.466782,0.52913404,-0.27527655,0.49737,0.54374151,-0.25961701,0.483508,0.53695977,-0.26796195,0.476416,0.54829593,-0.28620289,0.486914,0.54475834,-0.30120356,0.50462,0.53232716,-0.29455869,0.490138,0.52583969,-0.29143708,0.483484,0.52178197,-0.29557334,0.490403
0.47169236,-0.31668083,0.504396,0.49547671,-0.28206727,0.496347,0.46211916,-0.29467611,0.499273,0.44019923,-0.25278756,0.486909,0.42065865,-0.21990386,0.47179,0.41540996,-0.19854452,0.463804,0.49495578,-0.23766248,0.485653,0.51989693,-0.21812078,0.472626,0.53169291,-0.20976972,0.466112,0.54255607,-0.20249281,0.460191,0.51182577,-0.25660295,0.49004,0.53057965,-0.232871,0.474792,0.53992718,-0.22091156,0.465896,0.55096708,-0.21668543,0.459543,0.5257597,-0.2737486,0.494345,0.54031564,-0.25928694,0.481173,0.53406173,-0.26675352,0.474435,0.54552375,-0.28511507,0.485313,0.53655025,-0.30025078,0.500628,0.52755265,-0.29279272,0.4866,0.52104836,-0.28951079,0.480154,0.51507477,-0.29453573,0.487328
0.46851112,-0.31133045,0.505288,0.48890868,-0.27445057,0.492229,0.45559519,-0.28412713,0.497259,0.43293738,-0.24278787,0.481393,0.41203567,-0.20996103,0.464719,0.40816182,-0.1895819,0.460242,0.48922395,-0.2260494,0.475243,0.50656454,-0.21197297,0.457874,0.51868466,-0.20592918,0.451612,0.53067711,-0.20046362,0.446213,0.50615818,-0.24900965,0.481998,0.52016431,-0.22699223,0.46201,0.51585544,-0.23045211,0.450351,0.5019614,-0.2377726,0.442022,0.51969558,-0.26884447,0.488684,0.53097131,-0.25123427,0.47078,0.51817684,-0.25894875,0.461619,0.52754001,-0.27649314,0.470128,0.53171459,-0.294951,0.498529,0.5192059,-0.28898658,0.480549,0.51001229,-0.28491529,0.472288,0.5038239,-0.2878811,0.477652
0.46208908,-0.30571634,0.504694,0.48269544,-0.26895519,0.489008,0.45202588,-0.28153512,0.495904,0.42344696,-0.24105076,0.478102,0.40051182,-0.2088727,0.459478,0.39413903,-0.18727379,0.452274,0.47874317,-0.22187511,0.469693,0.49436543,-0.20852531,0.450913,0.50748635,-0.20366507,0.445662,0.52393358,-0.19924943,0.442309,0.49671578,-0.24252358,0.476719,0.5083128,-0.22535783,0.454895,0.49413683,-0.2328394,0.442165,0.47386485,-0.24058026,0.433113,0.50974097,-0.26235667,0.483853,0.51821945,-0.24554697,0.463799,0.50289799,-0.25482434,0.453538,0.51052164,-0.27276629,0.460964,0.52182298,-0.29083101,0.494628,0.50612063,-0.28459199,0.474858,0.49539471,-0.28119342,0.465774,0.48995376,-0.28233264,0.470311
0.4643543,-0.30822289,0.510084,0.47768148,-0.26889689,0.489309,0.45323515,-0.28324426,0.500149,0.42045594,-0.2461246,0.478982,0.40081292,-0.2117306,0.461702,0.39417176,-0.18953191,0.453452,0.46947495,-0.22106064,0.465902,0.48291544,-0.20371214,0.442549,0.49517723,-0.19907055,0.439831,0.50826029,-0.19654061,0.43736,0.48861773,-0.24192489,0.473032,0.49159472,-0.22663216,0.446255,0.46760565,-0.23140259,0.430636,0.44465823,-0.23560696,0.419479,0.50474685,-0.26145203,0.48069,0.48824038,-0.26004682,0.455291,0.48090959,-0.2591587,0.442297,0.48426037,-0.27242845,0.447124,0.51876163,-0.29086043,0.492863,0.50035531,-0.28332883,0.469822,0.48348577,-0.28045318,0.459236,0.47513749,-0.27880701,0.46212
0.46056405,-0.30652716,0.507672,0.47549322,-0.26861263,0.488009,0.45017235,-0.282156,0.498579,0.41983306,-0.24652411,0.478579,0.39675458,-0.21316377,0.459389,0.39311877,-0.1903695,0.453023,0.46945058,-0.22145859,0.46625,0.48151973,-0.20339679,0.443754,0.49373695,-0.19868303,0.43894,0.50455882,-0.19524584,0.434563,0.4879053,-0.24186301,0.472603,0.49810073,-0.22236707,0.447386,0.47768333,-0.22714714,0.432676,0.46139483,-0.23386873,0.423494,0.50285628,-0.26116592,0.479527,0.48868057,-0.26045608,0.455802,0.48176325,-0.26040839,0.443663,0.48523873,-0.27463912,0.449432,0.51602969,-0.28998162,0.490666,0.49675766,-0.28382124,0.468479,0.47995379,-0.2791334,0.458285,0.46898556,-0.27909845,0.461733
0.46595907,-0.31194252,0.508663,0.47570672,-0.26950432,0.488148,0.45115183,-0.28453644,0.500069,0.42018495,-0.2507374,0.480571,0.3914331,-0.22109603,0.457942,0.38045215,-0.19830085,0.447392,0.46689321,-0.22182528,0.466586,0.47558067,-0.19504427,0.443072,0.48495923,-0.19015508,0.437502,0.48814461,-0.19103859,0.432438,0.48646756,-0.24075162,0.472075,0.49183615,-0.21881536,0.446805,0.4762414,-0.22592473,0.432064,0.45866978,-0.23251711,0.421636,0.50048224,-0.25969812,0.47836,0.48847231,-0.25951356,0.455329,0.48189448,-0.26019323,0.443546,0.4855962,-0.27511589,0.449537,0.5166906,-0.28591952,0.488883,0.4952132,-0.27957795,0.466349,0.47748345,-0.2766607,0.455995,0.46645735,-0.27786871,0.459353
0.46329425,-0.31127059,0.506273,0.47234951,-0.26984539,0.48696,0.44831503,-0.28623481,0.499002,0.41272161,-0.25766388,0.479992,0.38432702,-0.2257178,0.457713,0.37116139,-0.20260664,0.446558,0.4552656,-0.22101524,0.467705,0.46677051,-0.19107517,0.445756,0.47683612,-0.18425931,0.440389,0.48177048,-0.183726,0.435509,0.47513853,-0.23607654,0.471828,0.4842333,-0.21209196,0.447754,0.47579635,-0.21556299,0.433711,0.46505917,-0.22131253,0.423681,0.49083893,-0.25217099,0.476886,0.48245816,-0.25559909,0.456333,0.47602272,-0.2595698,0.445818,0.48677311,-0.27741367,0.45304,0.5082686,-0.2779171,0.485785,0.49085975,-0.27025754,0.464335,0.47515949,-0.27101379,0.45448,0.46535816,-0.27658802,0.4585
0.45697541,-0.30819153,0.503732,0.46985403,-0.26920933,0.485464,0.44335086,-0.28792068,0.497213,0.40931875,-0.25633691,0.477226,0.38190593,-0.22509705,0.456063,0.37006501,-0.2027639,0.446535,0.45422605,-0.22088923,0.467708,0.46672386,-0.19124111,0.446648,0.47555658,-0.18390304,0.44006,0.47933108,-0.18293636,0.434071,0.47344752,-0.23555867,0.471151,0.48343723,-0.21193899,0.44784,0.47561546,-0.21571954,0.434243,0.46531627,-0.22172416,0.42453,0.48848843,-0.25125469,0.475558,0.480763,-0.25502742,0.455486,0.47468172,-0.25919457,0.445217,0.4812801,-0.27773173,0.452867,0.50496345,-0.27638778,0.483534,0.48856013,-0.26931323,0.462927,0.47274713,-0.26778404,0.453459,0.46433391,-0.27578787,0.457928
0.44324197,-0.30288249,0.492153,0.45310371,-0.26577387,0.476017,0.42836869,-0.28540561,0.482597,0.38958927,-0.25391006,0.461552,0.36490723,-0.22762813,0.442579,0.35202688,-0.20534364,0.431311,0.43389671,-0.21623925,0.455491,0.46224693,-0.19085193,0.454645,0.47686327,-0.18399959,0.454222,0.486969,-0.18225683,0.453837,0.45781931,-0.23346742,0.463374,0.4682046,-0.20223709,0.4406,0.45762246,-0.20535326,0.427315,0.44770395,-0.20949256,0.417826,0.47688422,-0.25144727,0.471253,0.47491616,-0.23718149,0.448614,0.47447462,-0.22982354,0.437031,0.49289366,-0.2329205,0.443368,0.49803048,-0.2795565,0.482969,0.4905235,-0.26879072,0.462739,0.4730071,-0.26774834,0.453445,0.46400612,-0.27539985,0.457625
0.44023984,-0.30486446,0.490604,0.44162654,-0.26454306,0.470985,0.42189837,-0.2862451,0.480212,0.38289424,-0.26014244,0.45786,0.34887361,-0.22885215,0.432547,0.33154674,-0.20490429,0.418495,0.41714363,-0.21322244,0.447593,0.44264069,-0.18638505,0.445636,0.45659957,-0.17760041,0.444658,0.46676034,-0.1742788,0.443768,0.44137639,-0.22932978,0.455614,0.44672075,-0.19086865,0.429805,0.43595181,-0.1920752,0.41475,0.42739243,-0.19388267,0.403996,0.46129858,-0.24660435,0.463907,0.4582128,-0.22663761,0.438654,0.45638973,-0.21920035,0.425734,0.47562886,-0.22469318,0.430594,0.48460852,-0.2743745,0.476644,0.48493338,-0.260896,0.454163,0.46296665,-0.26112187,0.443834,0.45315532,-0.26836883,0.446868
0.42946998,-0.30581894,0.48141,0.43247701,-0.26372087,0.466297,0.40769401,-0.2847298,0.47186,0.37689352,-0.25839798,0.45194,0.34226534,-0.22675817,0.4271,0.32668518,-0.20437151,0.416026,0.4138447,-0.21375392,0.44631,0.43359821,-0.18499543,0.443328,0.44643739,-0.17517084,0.441838,0.45980212,-0.17230464,0.440482,0.43804139,-0.22976353,0.454457,0.44664869,-0.19193579,0.432582,0.44426669,-0.18541367,0.419821,0.44083954,-0.18582316,0.410707,0.45761277,-0.24675352,0.462465,0.45882089,-0.22812716,0.440556,0.45940881,-0.22132609,0.429347,0.48032855,-0.2270225,0.435987,0.4799326,-0.27377582,0.474175,0.48231417,-0.26215291,0.454565,0.46431623,-0.26171158,0.445555,0.45613981,-0.26995887,0.449972
0.42556242,-0.30500033,0.478381,0.42939948,-0.26309792,0.464762,0.40415031,-0.28425884,0.469049,0.37285402,-0.25988359,0.449534,0.33705714,-0.22812413,0.424728,0.32097558,-0.20614991,0.41403,0.40562468,-0.21417642,0.445825,0.42578154,-0.18309127,0.442967,0.43838448,-0.17266366,0.441539,0.45225638,-0.17009755,0.44024,0.4328103,-0.2298626,0.454092,0.43789894,-0.18936424,0.433545,0.43993077,-0.18286124,0.421559,0.44062217,-0.18511278,0.412998,0.45253416,-0.24635286,0.462071,0.45643657,-0.22764835,0.441695,0.45986749,-0.22118953,0.431271,0.47969053,-0.22594184,0.438552,0.47511957,-0.27273075,0.473516,0.47999943,-0.25775,0.454869,0.46384314,-0.25892658,0.446302,0.45687419,-0.26912319,0.451122
0.39189929,-0.29233104,0.445391,0.40962689,-0.26718533,0.441614,0.38358495,-0.29315725,0.448176,0.36269986,-0.26824151,0.443581,0.33113198,-0.23766558,0.421532,0.31647906,-0.21455802,0.41009,0.40540117,-0.23092643,0.443212,0.42456292,-0.20092112,0.453222,0.43365666,-0.18464828,0.458228,0.44204078,-0.16935911,0.462778,0.4215796,-0.23720572,0.438655,0.43664122,-0.20154794,0.439065,0.44212307,-0.18139055,0.439305,0.44554206,-0.16726993,0.439476,0.43389195,-0.2457492,0.43523,0.44244507,-0.20842904,0.425924,0.44092581,-0.19448215,0.421162,0.45717121,-0.18847757,0.433395,0.44649463,-0.26201051,0.431797,0.44820512,-0.22971949,0.423619,0.44771114,-0.21632982,0.419862,0.44736222,-0.20422789,0.416546
0.40167564,-0.30323582,0.453758,0.41432108,-0.26773781,0.445073,0.39280489,-0.29762313,0.454809,0.37180051,-0.27670517,0.446045,0.3372188,-0.24807738,0.423009,0.32084813,-0.22677596,0.410741,0.40311556,-0.22814031,0.441921,0.41555293,-0.19346304,0.447629,0.42225238,-0.17624201,0.450482,0.42719466,-0.16277009,0.453077,0.4202703,-0.23134111,0.438268,0.42740403,-0.19188352,0.434993,0.43027409,-0.17268367,0.433083,0.43178605,-0.16080542,0.431719,0.43493806,-0.23957688,0.436008,0.43391345,-0.1974837,0.42234,0.43026918,-0.18589322,0.415347,0.44492156,-0.18247297,0.426096,0.45149597,-0.25620143,0.434698,0.44695914,-0.22703851,0.4227,0.44471854,-0.21254431,0.417188,0.44280104,-0.19956212,0.412324
0.41618257,-0.31158873,0.454834,0.41773712,-0.26495855,0.446172,0.40132302,-0.29888544,0.45583,0.38205734,-0.2802892,0.446997,0.34688432,-0.25257308,0.42329,0.32978638,-0.23181032,0.410703,0.39989,-0.22616418,0.442962,0.40826856,-0.19410772,0.452103,0.41336161,-0.17717026,0.456673,0.41801732,-0.16127866,0.460828,0.41613617,-0.22684611,0.439385,0.42243002,-0.18749174,0.437678,0.42443219,-0.16621382,0.436683,0.42438002,-0.15603454,0.435972,0.43249195,-0.23168452,0.437186,0.43175092,-0.19091493,0.425582,0.42791442,-0.1790879,0.419645,0.44189969,-0.17476962,0.431196,0.45254773,-0.24460581,0.435942,0.44437504,-0.21801646,0.423984,0.44071241,-0.20536778,0.41849,0.43753524,-0.19395504,0.413643
0.41856914,-0.31125805,0.45464,0.41644288,-0.26561204,0.445991,0.40223644,-0.29908043,0.454901,0.38114292,-0.28156525,0.4451,0.34579669,-0.25812723,0.420442,0.32801721,-0.23445419,0.408887,0.39349025,-0.22599921,0.441851,0.39949157,-0.19445277,0.450145,0.40347288,-0.17734754,0.454292,0.4071001,-0.16130472,0.458062,0.41376373,-0.22665381,0.439215,0.41077939,-0.18457081,0.433868,0.40991427,-0.16568445,0.430749,0.40898743,-0.15536428,0.428521,0.43109857,-0.23117209,0.437789,0.42359334,-0.18776653,0.424849,0.41972736,-0.17594036,0.418228,0.43687839,-0.17284524,0.429389,0.45259068,-0.24372398,0.43745,0.4442208,-0.21696957,0.425158,0.44046713,-0.20425415,0.41951,0.43717182,-0.19304322,0.414526
0.40364451,-0.29767902,0.452202,0.40431163,-0.25693079,0.445507,0.38901767,-0.28772654,0.452957,0.36299373,-0.2791826,0.444193,0.32472684,-0.253921,0.419001,0.30308266,-0.23129825,0.403584,0.3852685,-0.22066558,0.443007,0.39849052,-0.19271245,0.454502,0.40606909,-0.17853509,0.460249,0.41078247,-0.16324933,0.465474,0.40495328,-0.22262775,0.440261,0.40715325,-0.18072548,0.434353,0.40733623,-0.16489057,0.430906,0.40586273,-0.15336248,0.428444,0.42139097,-0.22799652,0.438578,0.42326388,-0.18756808,0.425992,0.41897056,-0.17551917,0.419553,0.432398,-0.17095437,0.430872,0.44115394,-0.24122958,0.437635,0.43891127,-0.21230101,0.426853,0.43789687,-0.19875124,0.421899,0.43806546,-0.18981045,0.417528
0.40354555,-0.2997008,0.450076,0.40615043,-0.25622191,0.445419,0.39282235,-0.29467533,0.450707,0.36602135,-0.28167296,0.442213,0.32569624,-0.25513133,0.417957,0.30459469,-0.23392336,0.40349,0.38478414,-0.22249686,0.443816,0.38217959,-0.19121624,0.446984,0.38314466,-0.17969921,0.448568,0.38399594,-0.16841381,0.450008,0.40538652,-0.22412785,0.441771,0.39734161,-0.18229549,0.435266,0.39557348,-0.16686625,0.431471,0.3944683,-0.1560921,0.428761,0.42250644,-0.22917657,0.440488,0.41435341,-0.18744277,0.430036,0.41199558,-0.17315422,0.424688,0.42656802,-0.16609575,0.436817,0.44294369,-0.24188377,0.439703,0.4393964,-0.21345055,0.430225,0.43781496,-0.19999462,0.42587,0.43650176,-0.1879553,0.422027
0.41462584,-0.30894471,0.453321,0.41309467,-0.264915,0.446389,0.39662551,-0.2977053,0.452352,0.37392029,-0.28876465,0.441322,0.33469903,-0.26492116,0.416094,0.31339557,-0.24587108,0.40246,0.38020675,-0.23055695,0.44157,0.38019977,-0.20040112,0.451662,0.3802272,-0.18427301,0.456708,0.3801334,-0.16909193,0.461296,0.40301945,-0.22667621,0.440958,0.39614388,-0.19155441,0.442853,0.39468556,-0.17191864,0.443958,0.39353976,-0.15703925,0.444747,0.42256661,-0.230118,0.441051,0.40580139,-0.18885241,0.42858,0.40035609,-0.1740932,0.4222,0.41182294,-0.1668453,0.433663,0.44569186,-0.24263502,0.442228,0.43522628,-0.21224108,0.430667,0.43045786,-0.19815869,0.425355,0.42627044,-0.1856348,0.420669
0.40886305,-0.30652356,0.448244,0.40380098,-0.26122171,0.442378,0.39346461,-0.2962974,0.448452,0.36928575,-0.29471045,0.439152,0.32799912,-0.27288374,0.414189,0.304681,-0.25454197,0.400231,0.37056703,-0.23325143,0.439611,0.36774258,-0.20472724,0.450517,0.36530412,-0.18963743,0.455971,0.3628808,-0.17539468,0.460928,0.39142712,-0.22911383,0.437782,0.37838744,-0.18891733,0.434395,0.37136186,-0.1713238,0.432419,0.36654674,-0.15999907,0.431008,0.40993833,-0.22948429,0.436782,0.39299867,-0.18725612,0.425294,0.38509188,-0.17071112,0.419417,0.3943414,-0.16715697,0.431188,0.43407863,-0.23681292,0.436512,0.41962192,-0.20395799,0.426088,0.41304083,-0.18917678,0.421299,0.40737065,-0.17690583,0.417073
0.41201388,-0.30641486,0.446744,0.39911399,-0.26343747,0.440533,0.39336268,-0.29640354,0.446012,0.3725166,-0.29526206,0.435435,0.33400186,-0.27468018,0.409289,0.31096945,-0.25637214,0.393544,0.36248939,-0.23603109,0.436388,0.35875278,-0.21188656,0.452541,0.35670231,-0.1994646,0.460618,0.35473641,-0.18797744,0.46796,0.38359856,-0.22981857,0.435667,0.37227303,-0.19463871,0.439063,0.36493929,-0.17578251,0.441043,0.35937209,-0.16159281,0.442458,0.40290723,-0.22834773,0.435608,0.38922005,-0.19031275,0.4303,0.38245398,-0.17400239,0.427584,0.39058004,-0.16473058,0.441421,0.42901881,-0.23333128,0.436496,0.41178589,-0.19913318,0.42549,0.40474002,-0.18732956,0.420434,0.39896878,-0.1789089,0.415972
0.41176892,-0.30563285,0.44495,0.39739204,-0.2638694,0.439285,0.39420169,-0.29804246,0.443185,0.37142591,-0.29444631,0.431441,0.33314422,-0.27422077,0.4057,0.31026129,-0.25653713,0.390755,0.35566095,-0.24279251,0.434107,0.34418882,-0.21739324,0.443708,0.33777027,-0.20600028,0.448508,0.33140564,-0.19492511,0.452872,0.37674516,-0.23415753,0.434847,0.362394,-0.20160937,0.439377,0.35408789,-0.18462716,0.44202,0.34771693,-0.17173784,0.443907,0.39655685,-0.23040093,0.435944,0.37749192,-0.19326207,0.429053,0.37005597,-0.18083597,0.425527,0.37917292,-0.18049206,0.438899,0.42425481,-0.23219386,0.438102,0.40336466,-0.19895315,0.426995,0.39517984,-0.18704165,0.421892,0.38873254,-0.17843153,0.417389
0.40936287,-0.30339543,0.441155,0.39372733,-0.26476963,0.437595,0.39154406,-0.29701088,0.439471,0.36931957,-0.29487423,0.428317,0.33064231,-0.27444984,0.402356,0.30762201,-0.25647215,0.3868,0.35010785,-0.2482658,0.433609,0.33958642,-0.22321247,0.444305,0.33340586,-0.21135089,0.449652,0.32994349,-0.19776952,0.454514,0.3702724,-0.23793396,0.434807,0.36014651,-0.21003177,0.442894,0.35535303,-0.19942871,0.447612,0.35136698,-0.19101873,0.450982,0.38941608,-0.23237218,0.436099,0.36930613,-0.19284842,0.426861,0.36069918,-0.18098353,0.422135,0.36692961,-0.17661077,0.43474,0.41663706,-0.23128966,0.438161,0.40261964,-0.19937724,0.429002,0.39529182,-0.18741201,0.424793,0.38937318,-0.17870477,0.42108
0.41015099,-0.30238226,0.439243,0.3915141,-0.26661445,0.437086,0.39036685,-0.2967111,0.437161,0.37139064,-0.295204,0.425867,0.33673066,-0.27927409,0.399371,0.30919158,-0.25915102,0.385308,0.34867593,-0.25015457,0.433317,0.32789133,-0.23155359,0.440903,0.32027366,-0.22397355,0.444696,0.31373369,-0.21753624,0.448145,0.36918648,-0.23961001,0.435396,0.33543023,-0.20572946,0.42806,0.32303512,-0.1924504,0.42378,0.31378076,-0.18246791,0.420723,0.38866569,-0.23375801,0.437294,0.3583102,-0.1992728,0.428609,0.34908159,-0.18778571,0.424166,0.35403295,-0.18396801,0.43691,0.41629134,-0.2321389,0.439849,0.39269651,-0.20409301,0.430839,0.3825829,-0.19093677,0.426699,0.37356784,-0.17916608,0.423047
0.41111328,-0.3014979,0.436154,0.38812276,-0.26818418,0.434779,0.39275346,-0.30238023,0.432561,0.373851,-0.29754044,0.419688,0.33618981,-0.27916343,0.39316,0.30924068,-0.26221393,0.379668,0.34260607,-0.26200947,0.429487,0.32402307,-0.24339262,0.440629,0.31456849,-0.23345632,0.4462,0.30547556,-0.2239453,0.451264,0.36187046,-0.24921032,0.433701,0.33099936,-0.22014516,0.431806,0.32041313,-0.20767195,0.4307,0.31236217,-0.19816408,0.42991,0.38079553,-0.24103348,0.437289,0.35225356,-0.21006833,0.43191,0.34316829,-0.19735081,0.429158,0.3510608,-0.19631431,0.442703,0.40853783,-0.23580103,0.441705,0.38698551,-0.20885313,0.433055,0.37696812,-0.19622217,0.429081,0.36971503,-0.18648367,0.425574
0.41153179,-0.3004875,0.433756,0.38906117,-0.27375655,0.434545,0.39493359,-0.30282819,0.430652,0.37399025,-0.29806463,0.418926,0.33725359,-0.27937256,0.39282,0.31172369,-0.26484964,0.37889,0.3459337,-0.2696066,0.430996,0.3228847,-0.25405079,0.441414,0.31098331,-0.24647933,0.446624,0.29961363,-0.23922589,0.451359,0.363469,-0.25552165,0.435163,0.32837054,-0.22926194,0.432482,0.31430734,-0.21914228,0.430918,0.3059907,-0.213266,0.429801,0.38147187,-0.24374227,0.438525,0.34713757,-0.21690044,0.432104,0.33478579,-0.20639014,0.428818,0.33849466,-0.20661683,0.44205,0.40834157,-0.23696473,0.442344,0.37880999,-0.21145526,0.435079,0.36929915,-0.20270031,0.43174,0.36070661,-0.19475817,0.428795
0.419724,-0.2994255,0.432783,0.3897832,-0.27395665,0.434049,0.40344211,-0.30495869,0.429859,0.38354952,-0.29686833,0.418473,0.3447615,-0.27940048,0.391992,0.31996841,-0.26654745,0.378883,0.34787353,-0.27565825,0.430976,0.3230525,-0.26554733,0.442031,0.31028249,-0.26041441,0.447558,0.29801894,-0.25541886,0.452582,0.36298635,-0.25749497,0.435041,0.32595413,-0.2393996,0.434459,0.31076532,-0.23013097,0.43412,0.30113448,-0.22406565,0.433878,0.37947331,-0.2467016,0.438277,0.34053879,-0.2240175,0.432175,0.32814709,-0.21462367,0.429053,0.32999352,-0.21440365,0.442391,0.4047135,-0.23715104,0.441875,0.37449654,-0.21581102,0.434669,0.36245254,-0.20649103,0.431358,0.35162491,-0.19809994,0.428437
0.4259597,-0.29609184,0.431827,0.39171622,-0.2745025,0.43534,0.40798645,-0.3028166,0.428973,0.38396806,-0.2939381,0.418302,0.34496767,-0.27215535,0.39217,0.32051593,-0.26310254,0.379836,0.35056043,-0.27752306,0.433517,0.32506945,-0.26766451,0.444139,0.31187822,-0.26275875,0.449449,0.29925839,-0.25800119,0.454277,0.36536193,-0.2599649,0.438091,0.32777661,-0.24240469,0.437261,0.31259055,-0.23404355,0.436777,0.3022339,-0.2282882,0.436431,0.38145087,-0.24864015,0.441554,0.3439705,-0.22772247,0.437685,0.33146716,-0.21908466,0.435706,0.3319107,-0.21893139,0.449596,0.40413195,-0.23741351,0.445072,0.37420803,-0.21564399,0.441219,0.36080541,-0.20601091,0.439449,0.34889312,-0.19744734,0.437888
0.43246837,-0.28883941,0.431366,0.39657318,-0.27442321,0.43693,0.41507811,-0.29985789,0.430372,0.39445443,-0.28889208,0.42246,0.35754175,-0.27263877,0.400271,0.33822517,-0.26154938,0.392916,0.35780112,-0.28139939,0.43854,0.33499422,-0.27616019,0.45103,0.32153886,-0.27330457,0.457275,0.30688802,-0.26753498,0.462953,0.36871009,-0.26222664,0.44129,0.33624139,-0.25118897,0.447428,0.32318882,-0.24630762,0.451009,0.31360893,-0.24267416,0.453567,0.38332093,-0.24832134,0.443074,0.34896695,-0.23202607,0.444351,0.33630708,-0.22602936,0.445004,0.33542111,-0.22671794,0.460394,0.4029881,-0.23580756,0.444309,0.37428671,-0.21625104,0.44271,0.36179824,-0.20780184,0.441976,0.35059696,-0.20022261,0.441328
0.43497897,-0.28825782,0.432844,0.39784765,-0.2740654,0.437574,0.4161788,-0.29846699,0.430185,0.39200443,-0.28719175,0.420093,0.35156291,-0.2682759,0.393829,0.32764443,-0.25362799,0.380862,0.35707056,-0.28011287,0.43663,0.33322366,-0.27597041,0.449034,0.32010412,-0.2740386,0.455235,0.3074181,-0.27203665,0.460873,0.36910445,-0.26234125,0.44128,0.3323188,-0.24840736,0.441987,0.31733909,-0.24225551,0.4424,0.30659657,-0.2378144,0.442694,0.38458659,-0.24925836,0.444701,0.34702159,-0.23111098,0.441987,0.33283621,-0.22411984,0.440599,0.33099196,-0.22448232,0.45478,0.40608773,-0.23707351,0.447981,0.37575978,-0.21726135,0.444962,0.36270246,-0.20875378,0.443574,0.35101294,-0.20113613,0.44235
0.43614424,-0.28708196,0.432977,0.39961123,-0.27286905,0.437851,0.41784304,-0.29777411,0.430577,0.39327187,-0.28746763,0.420825,0.35289168,-0.26854514,0.394591,0.32838367,-0.25449563,0.381724,0.35991969,-0.28109906,0.437312,0.33214911,-0.27603916,0.447692,0.31815757,-0.2738958,0.452882,0.30472824,-0.27173501,0.457601,0.3700539,-0.26353468,0.441669,0.33208753,-0.24908045,0.441719,0.31708342,-0.24460081,0.441749,0.30586875,-0.24068565,0.44177,0.38464651,-0.24945264,0.444837,0.34708615,-0.23184851,0.442346,0.33268951,-0.22516843,0.441072,0.33056665,-0.22589151,0.455359,0.40570579,-0.23655294,0.447798,0.37557469,-0.21752225,0.44503,0.36238605,-0.20925342,0.443758,0.35057859,-0.20184978,0.442636
0.43950105,-0.28342246,0.433342,0.40122595,-0.27130236,0.43715,0.42308806,-0.29306866,0.430047,0.40038301,-0.28188811,0.418962,0.35618001,-0.26657581,0.393547,0.32919949,-0.2544805,0.381346,0.364333,-0.28399147,0.434919,0.33321644,-0.28248112,0.442141,0.31964553,-0.28294634,0.445752,0.31527997,-0.28503446,0.449035,0.3708526,-0.26351267,0.440134,0.32856182,-0.2553933,0.436052,0.31046393,-0.25107297,0.433672,0.29682879,-0.24785948,0.431971,0.3836293,-0.24998374,0.444099,0.34261778,-0.23928215,0.439941,0.32724843,-0.23430665,0.437814,0.32436821,-0.23796232,0.4515,0.40507019,-0.23565979,0.448159,0.37258245,-0.21948085,0.444139,0.35598927,-0.2148947,0.442292,0.3447948,-0.20596239,0.440662
0.43928936,-0.28117844,0.431906,0.39755712,-0.27019732,0.433524,0.42257493,-0.29083793,0.427604,0.39803645,-0.28056746,0.414755,0.35653441,-0.26415015,0.388348,0.33051963,-0.25418127,0.376422,0.36083678,-0.28873495,0.428877,0.32891921,-0.2877662,0.435747,0.31348105,-0.28805189,0.439181,0.30816152,-0.29008575,0.442304,0.3677594,-0.27087729,0.434792,0.32101417,-0.26068625,0.428538,0.30280974,-0.25635159,0.42489,0.28914431,-0.2531647,0.422284,0.37717574,-0.25602027,0.439521,0.33425234,-0.24425636,0.433813,0.31975373,-0.23948912,0.430892,0.31876803,-0.24398202,0.444035,0.39503874,-0.23843545,0.444814,0.3607486,-0.22524818,0.439263,0.34478857,-0.21911794,0.436713,0.330594,-0.21366987,0.434463
0.44282407,-0.27920398,0.433203,0.39632876,-0.26970233,0.431578,0.42379701,-0.29013963,0.427276,0.39846432,-0.28065773,0.411726,0.35824925,-0.26480724,0.385132,0.3321029,-0.25468864,0.372239,0.35822967,-0.29132666,0.423183,0.32416404,-0.29253566,0.428,0.30868973,-0.29362313,0.430409,0.30495162,-0.29540965,0.432599,0.3638777,-0.27419462,0.430304,0.31624043,-0.26754759,0.423432,0.29910078,-0.26385931,0.419423,0.28654351,-0.26118578,0.416559,0.37246139,-0.25973798,0.436307,0.32886008,-0.2474672,0.429176,0.31595537,-0.23926685,0.425527,0.31492179,-0.24321226,0.437979,0.38973475,-0.24228845,0.443591,0.35389598,-0.22984005,0.434228,0.33880965,-0.22416485,0.429926,0.32528224,-0.21909422,0.426131
0.44105203,-0.276528,0.430699,0.39726703,-0.26967345,0.430859,0.42772582,-0.28766308,0.426463,0.40320269,-0.28154646,0.413273,0.3667769,-0.26836791,0.389903,0.34480163,-0.26142456,0.381298,0.36200185,-0.29399696,0.42554,0.32882211,-0.29754589,0.432006,0.3152481,-0.3026199,0.435238,0.31035001,-0.30228182,0.438177,0.3655874,-0.27569752,0.430984,0.32451936,-0.27772612,0.430824,0.31047584,-0.27767785,0.43073,0.30083206,-0.27760625,0.430664,0.37232342,-0.26022014,0.435451,0.33199327,-0.25836407,0.433465,0.31916894,-0.25624877,0.432449,0.31760799,-0.26318992,0.446721,0.38709307,-0.24141062,0.440661,0.35302288,-0.2311208,0.433962,0.33878584,-0.22637261,0.430884,0.32599942,-0.22211195,0.428168
0.44584656,-0.27783026,0.433928,0.40507441,-0.2752301,0.431176,0.4326424,-0.28687527,0.42678,0.40947962,-0.27823039,0.409613,0.36965404,-0.26267395,0.382856,0.34108062,-0.25561513,0.371839,0.36784391,-0.29536533,0.420641,0.33308508,-0.30240017,0.424936,0.31786485,-0.3061325,0.427083,0.30369876,-0.30960965,0.429035,0.37230837,-0.27935497,0.42902,0.32425574,-0.2776558,0.421718,0.30597599,-0.27572869,0.417459,0.29178283,-0.27065843,0.414416,0.37992212,-0.26544068,0.436155,0.33255473,-0.26009448,0.426238,0.31557243,-0.25646337,0.421164,0.30923556,-0.25875209,0.432415,0.39612352,-0.24793798,0.444939,0.35750134,-0.23832068,0.435371,0.34194853,-0.23376,0.430974,0.32622231,-0.22661636,0.427096
0.44634373,-0.27700757,0.433636,0.40293264,-0.27418637,0.431294,0.43365307,-0.28673394,0.426816,0.40629644,-0.27832947,0.410109,0.3666083,-0.26315286,0.383341,0.34062324,-0.25674668,0.372803,0.36452748,-0.29407917,0.421388,0.33098227,-0.30232228,0.424154,0.31716468,-0.30604285,0.425537,0.30404265,-0.30956173,0.426794,0.36918328,-0.27779866,0.429458,0.3251402,-0.2795896,0.424201,0.3072072,-0.2791949,0.421134,0.29887084,-0.27836867,0.418943,0.376941,-0.26372012,0.436304,0.33105848,-0.25969074,0.426145,0.31435606,-0.25628291,0.420948,0.31016452,-0.26290764,0.432223,0.39263311,-0.24532679,0.444685,0.35527032,-0.23613502,0.435399,0.33989778,-0.23146949,0.431133,0.32617053,-0.22731096,0.427368
0.44827656,-0.2736192,0.432625,0.40615862,-0.27462323,0.43144,0.43453869,-0.28615302,0.426677,0.40952662,-0.27815905,0.411227,0.36958857,-0.26293918,0.384412,0.34329968,-0.25663262,0.373573,0.36839707,-0.29475096,0.423246,0.33316143,-0.30214122,0.426331,0.31946671,-0.30621986,0.427873,0.30637344,-0.3100812,0.429275,0.37231261,-0.27792022,0.430512,0.32637294,-0.2767537,0.42445,0.30870723,-0.27593197,0.420913,0.2968356,-0.2748407,0.418387,0.3793784,-0.26334407,0.436596,0.33472359,-0.25488782,0.428556,0.31606519,-0.25189248,0.424442,0.31334995,-0.26190553,0.436587,0.39461247,-0.2433065,0.443907,0.35613904,-0.2347983,0.43576,0.34074623,-0.23037361,0.432017,0.32698178,-0.22642846,0.428715
0.44805098,-0.27267342,0.431536,0.40902745,-0.27456917,0.432265,0.43491023,-0.28569772,0.426198,0.41020817,-0.27818381,0.411953,0.37020516,-0.26257747,0.385276,0.34474759,-0.25677108,0.375137,0.37097232,-0.29221081,0.425837,0.33742262,-0.2994493,0.430586,0.32401628,-0.30394575,0.432961,0.31064911,-0.30655843,0.43512,0.37584019,-0.27508613,0.432836,0.32965533,-0.27466124,0.427619,0.30962686,-0.27420673,0.424577,0.29884171,-0.27505478,0.422403,0.38359312,-0.26031965,0.438534,0.33902513,-0.25553546,0.431967,0.32386,-0.25306252,0.428606,0.32144221,-0.26005767,0.441262,0.39958515,-0.24199452,0.4451,0.36187729,-0.23449116,0.437559,0.34377117,-0.23285108,0.434095,0.32939871,-0.22951724,0.431037
0.44925069,-0.27268438,0.431901,0.4104565,-0.27452886,0.433148,0.43587431,-0.28569877,0.426413,0.41058571,-0.27790391,0.412156,0.37059836,-0.26205852,0.385581,0.34536187,-0.25626315,0.375561,0.37209775,-0.29197566,0.426796,0.33871466,-0.29717809,0.431785,0.32504512,-0.30101402,0.434279,0.31161887,-0.30448498,0.436547,0.37763142,-0.27501524,0.434124,0.33269027,-0.27541706,0.430483,0.31434783,-0.27563133,0.428358,0.30188521,-0.27558186,0.426841,0.38712987,-0.25945104,0.44005,0.3427764,-0.25438841,0.43389,0.32741279,-0.25158962,0.430739,0.32328638,-0.25983076,0.443431,0.40426227,-0.24162813,0.446802,0.3664982,-0.23419726,0.440453,0.35069247,-0.23072367,0.437536,0.33658158,-0.22763502,0.434962
0.4514986,-0.2719191,0.432378,0.41120704,-0.27436625,0.433523,0.43698606,-0.28592269,0.426918,0.4112065,-0.27796753,0.412662,0.37123786,-0.26197998,0.386177,0.34417942,-0.25470181,0.374102,0.37255471,-0.29177438,0.427154,0.33916201,-0.29718303,0.432198,0.32551083,-0.30100727,0.43472,0.31218166,-0.30458215,0.437012,0.37822395,-0.27475799,0.434419,0.33377122,-0.27543004,0.431348,0.31531218,-0.27577304,0.429557,0.3030302,-0.27597862,0.428278,0.38760594,-0.25937065,0.440302,0.34308512,-0.25416182,0.434022,0.32749001,-0.25128098,0.430809,0.3234546,-0.25910935,0.443481,0.40477885,-0.24155684,0.447019,0.36678259,-0.23388044,0.440519,0.35142081,-0.23027454,0.437533,0.33766885,-0.22706138,0.434897
0.45320832,-0.27152769,0.433247,0.41142669,-0.2739438,0.433926,0.43944419,-0.28599801,0.428057,0.41211005,-0.27827357,0.413959,0.37167526,-0.26071109,0.387313,0.3451176,-0.25494671,0.375325,0.37278521,-0.2916581,0.427661,0.3381387,-0.29809075,0.431254,0.32367287,-0.30344943,0.43305,0.31072746,-0.30776453,0.434683,0.37791729,-0.27433543,0.434458,0.33426525,-0.27408219,0.431798,0.31574362,-0.27438883,0.430246,0.3037401,-0.27591881,0.429137,0.3859058,-0.2594964,0.439995,0.34184778,-0.2531827,0.433419,0.3270206,-0.25025109,0.430054,0.32477536,-0.25669287,0.442755,0.40122961,-0.24091915,0.446379,0.36508557,-0.23257245,0.439254,0.34829259,-0.22848764,0.43598,0.33298775,-0.22582902,0.433091
0.45503747,-0.27131624,0.434332,0.41188136,-0.27382003,0.434534,0.44142141,-0.28585097,0.429025,0.41252003,-0.27832222,0.414663,0.37201621,-0.26084785,0.388004,0.34565477,-0.25499474,0.376067,0.37282988,-0.29149522,0.427874,0.33810865,-0.29826227,0.431359,0.32353993,-0.30355808,0.433101,0.31098661,-0.30785504,0.434686,0.37789389,-0.27418518,0.434692,0.33408126,-0.27383842,0.43198,0.31579682,-0.27412876,0.430397,0.30390493,-0.27556495,0.429267,0.38585972,-0.25936218,0.440288,0.34128933,-0.25273161,0.433289,0.32682026,-0.2496958,0.429708,0.32512937,-0.25607765,0.442279,0.402178,-0.24114116,0.446815,0.36476197,-0.23223007,0.439331,0.34804335,-0.22814364,0.435893,0.33280814,-0.22537619,0.43286
0.45638339,-0.27100403,0.435027,0.41203818,-0.27366207,0.434933,0.44283319,-0.28557976,0.429745,0.41314696,-0.27850652,0.415325,0.37303374,-0.26278383,0.388653,0.34623904,-0.25564365,0.376542,0.37280451,-0.291418,0.42815,0.33844364,-0.29887617,0.432048,0.32360932,-0.30488938,0.433998,0.31211993,-0.30946192,0.43577,0.3777292,-0.27404722,0.434859,0.33305898,-0.27420038,0.431475,0.31402525,-0.27481651,0.429501,0.30248559,-0.27489469,0.428091,0.38559782,-0.25917788,0.440389,0.33994391,-0.25323988,0.432634,0.3211501,-0.25301256,0.428667,0.31859665,-0.26080606,0.441035,0.40045219,-0.24083319,0.446885,0.3636647,-0.23268039,0.439063,0.3452292,-0.22932518,0.435469,0.33208866,-0.22679453,0.432298
0.45744429,-0.27095569,0.435716,0.41217095,-0.27361839,0.435338,0.44383052,-0.28550864,0.430447,0.41372387,-0.27875045,0.415961,0.37354806,-0.26329242,0.389149,0.34890542,-0.25739965,0.378852,0.37274074,-0.29142167,0.428426,0.33814225,-0.29888799,0.432023,0.32316457,-0.3056524,0.433822,0.31162915,-0.30935292,0.435457,0.37756629,-0.27399553,0.435042,0.33281015,-0.27415718,0.431567,0.31428652,-0.27458255,0.429539,0.30269225,-0.27579266,0.428091,0.38537379,-0.25909014,0.440521,0.3395537,-0.25326053,0.432588,0.32034364,-0.25273187,0.428529,0.31860056,-0.26067302,0.440864,0.40030155,-0.24067234,0.447,0.36233672,-0.23268135,0.439112,0.34554609,-0.22901393,0.435487,0.33063946,-0.22724259,0.43229
0.45782492,-0.27090347,0.436436,0.41242035,-0.27315656,0.435885,0.444147,-0.28545076,0.431262,0.41433102,-0.27879515,0.41683,0.37416933,-0.26364913,0.389984,0.34947075,-0.25786869,0.379617,0.37300532,-0.29167018,0.429002,0.33846051,-0.299386,0.43271,0.32357198,-0.30531952,0.434563,0.31229067,-0.30953233,0.436248,0.3776717,-0.27412379,0.435452,0.3329575,-0.27440454,0.432081,0.31440461,-0.27497592,0.430115,0.30267105,-0.27539491,0.42871,0.38536154,-0.25913085,0.440809,0.33948192,-0.25344983,0.432848,0.32015328,-0.25262427,0.428775,0.31846788,-0.25980087,0.441138,0.40027436,-0.24060577,0.447172,0.36226258,-0.23272651,0.439379,0.34550138,-0.22911323,0.435798,0.3304726,-0.22656292,0.432639
0.45842582,-0.27103276,0.437174,0.41300589,-0.27296746,0.436563,0.44503541,-0.28579109,0.43242,0.41592545,-0.27939926,0.418437,0.37594716,-0.26624747,0.391638,0.35193566,-0.26367323,0.381864,0.37370172,-0.29239859,0.430186,0.33871826,-0.29946038,0.433631,0.32334924,-0.30518413,0.435353,0.31251344,-0.30902409,0.436919,0.37790547,-0.27445796,0.436084,0.33192012,-0.27360371,0.432186,0.31383999,-0.27414843,0.429913,0.30230251,-0.27501319,0.428289,0.38434525,-0.25914717,0.440992,0.33952655,-0.25364198,0.433241,0.32004789,-0.25254667,0.429275,0.31910389,-0.25894569,0.441818,0.39976446,-0.24038238,0.446837,0.36187792,-0.23273144,0.439361,0.3453328,-0.22922989,0.435926,0.33061146,-0.22612367,0.432895
0.45878419,-0.27181902,0.438134,0.41349841,-0.27348193,0.437639,0.44588212,-0.28691844,0.434008,0.41814723,-0.28065671,0.420762,0.37645918,-0.27183375,0.394184,0.35266749,-0.27043443,0.385311,0.3728707,-0.29280559,0.432124,0.33692759,-0.30031222,0.435144,0.31964817,-0.3038574,0.436654,0.30288527,-0.3070215,0.438027,0.37722217,-0.27436589,0.437252,0.331566,-0.27347831,0.432867,0.31135897,-0.27438746,0.430309,0.30118325,-0.27421967,0.428482,0.38395176,-0.25868525,0.441516,0.33837328,-0.25334739,0.433895,0.31949743,-0.25207901,0.429996,0.31580794,-0.25991904,0.44272,0.39938848,-0.23989373,0.446589,0.36150505,-0.23232855,0.439349,0.34533223,-0.22888666,0.436022,0.33249427,-0.22567492,0.433086
0.45885917,-0.27262131,0.439237,0.41364484,-0.27405016,0.438745,0.44629307,-0.28794308,0.435556,0.41983163,-0.28191856,0.422817,0.37626995,-0.27553479,0.396301,0.35366484,-0.2729137,0.387607,0.37115433,-0.29377011,0.433797,0.33450373,-0.29838861,0.437573,0.31880331,-0.30236038,0.439462,0.30440847,-0.30622661,0.441178,0.3775819,-0.27496682,0.438359,0.33049715,-0.27326195,0.435292,0.31002752,-0.27295405,0.433504,0.29634695,-0.27336771,0.432226,0.38410796,-0.25903125,0.442156,0.33850254,-0.25339985,0.434459,0.31890276,-0.2515436,0.430521,0.31800666,-0.25891092,0.443313,0.39877107,-0.2397342,0.446682,0.36079533,-0.23206825,0.439206,0.34630179,-0.22859937,0.435771,0.3324341,-0.22544245,0.432741
0.45670117,-0.27206224,0.43829,0.41329826,-0.27427763,0.439429,0.44517811,-0.28795452,0.435714,0.42115959,-0.2830282,0.424696,0.37713909,-0.27690143,0.398176,0.3544937,-0.27434973,0.389471,0.37299012,-0.29494116,0.436733,0.33391652,-0.29738363,0.437368,0.3174326,-0.30036671,0.437685,0.30263139,-0.30336273,0.437974,0.37884108,-0.2758837,0.44032,0.32868526,-0.26932939,0.434669,0.30900502,-0.2687567,0.431372,0.29696207,-0.2711776,0.429017,0.3847531,-0.25938397,0.443176,0.34273286,-0.25616604,0.440315,0.32277899,-0.25372484,0.438851,0.30580172,-0.25261745,0.43752,0.39845237,-0.23943746,0.446346,0.36142557,-0.23233383,0.440142,0.34616492,-0.22920998,0.437292,0.33328219,-0.22637861,0.434777
0.45649597,-0.27327379,0.439579,0.41249171,-0.27593492,0.441552,0.44604145,-0.28987658,0.438291,0.42142252,-0.28760434,0.429024,0.37477541,-0.28409825,0.403349,0.35425785,-0.27909845,0.393659,0.37295567,-0.29582833,0.440931,0.33296812,-0.2955721,0.440285,0.31654101,-0.2979416,0.439962,0.3019772,-0.30095882,0.439669,0.37715351,-0.2763724,0.443098,0.32993277,-0.26879372,0.43822,0.30759089,-0.26635749,0.435374,0.29709987,-0.26960907,0.433341,0.3849935,-0.25999103,0.444712,0.3417563,-0.25384772,0.441919,0.32344448,-0.25247989,0.440489,0.30859724,-0.25268425,0.43919,0.39826201,-0.2393899,0.4463,0.36173873,-0.2324809,0.440638,0.34667396,-0.22947951,0.438036,0.33321154,-0.22680559,0.43574
0.45824566,-0.27643875,0.442578,0.41330224,-0.27884802,0.444851,0.44564231,-0.29356513,0.44112,0.41910401,-0.29293039,0.43173,0.3755697,-0.2873857,0.406362,0.35374072,-0.2859924,0.399964,0.37340294,-0.29701694,0.444168,0.334322,-0.29635402,0.445896,0.31858487,-0.29882035,0.446761,0.30537888,-0.30340405,0.447546,0.37865246,-0.27778176,0.446632,0.33164186,-0.2697132,0.441344,0.31046314,-0.26712526,0.438259,0.29883209,-0.26831534,0.436055,0.38583853,-0.26127089,0.448465,0.34490949,-0.25354188,0.446796,0.32782318,-0.25319249,0.445943,0.31143762,-0.25193826,0.445167,0.40153656,-0.24172315,0.450263,0.36466356,-0.23310891,0.445609,0.34966448,-0.22951432,0.443471,0.33622358,-0.22630384,0.441584
0.45761553,-0.27837129,0.443154,0.41415229,-0.28012703,0.446271,0.44435724,-0.29687288,0.442749,0.41931081,-0.29697515,0.434856,0.37484551,-0.29088296,0.409991,0.35355991,-0.28752058,0.402398,0.37552927,-0.29884063,0.447365,0.33579881,-0.29652899,0.447848,0.31957748,-0.29819554,0.44809,0.30511362,-0.30011765,0.44831,0.38024668,-0.278832,0.448712,0.3334947,-0.26947369,0.444387,0.31317432,-0.26798643,0.441863,0.29981615,-0.26742077,0.440061,0.38699018,-0.26185663,0.449553,0.3458097,-0.25256468,0.446838,0.3310826,-0.24922734,0.44545,0.31647467,-0.2470774,0.444187,0.40144745,-0.24183135,0.450059,0.366117,-0.23334117,0.445997,0.35144694,-0.22919964,0.444131,0.33796541,-0.22660292,0.442485
0.4593802,-0.28149425,0.445846,0.41520518,-0.28259162,0.44908,0.44892011,-0.29829837,0.445955,0.42304107,-0.30009138,0.438725,0.37880127,-0.29402523,0.414078,0.35562565,-0.28946053,0.404979,0.37734925,-0.30101643,0.450892,0.34562792,-0.29694125,0.455562,0.3312187,-0.29879939,0.457898,0.31825535,-0.30348323,0.460021,0.38192738,-0.28048576,0.451614,0.33843495,-0.26904029,0.447508,0.31768053,-0.26681367,0.445112,0.30405178,-0.2687928,0.443401,0.38890201,-0.26344895,0.45193,0.34751604,-0.25400757,0.448183,0.33503824,-0.2498494,0.446266,0.32152939,-0.24785141,0.444523,0.40364841,-0.24374765,0.451802,0.36837868,-0.23416021,0.447622,0.35516421,-0.23083857,0.445702,0.34285257,-0.22932388,0.444007
0.46594426,-0.29101435,0.45448,0.42097236,-0.28918173,0.455902,0.44968377,-0.30423429,0.450057,0.42804223,-0.30376148,0.44632,0.38604126,-0.30171462,0.430725,0.37160382,-0.31048912,0.434268,0.37806835,-0.30127333,0.450998,0.34241686,-0.29302345,0.451035,0.32905163,-0.28977584,0.451054,0.32201299,-0.28954921,0.451071,0.38843425,-0.28410726,0.457016,0.34460427,-0.27100139,0.451805,0.33307646,-0.26735658,0.448765,0.33922269,-0.26875894,0.446594,0.40118444,-0.27076033,0.461848,0.35720742,-0.25740608,0.455109,0.34923929,-0.25470054,0.451661,0.34055467,-0.25158727,0.448527,0.42473028,-0.25598362,0.467291,0.38445517,-0.2460075,0.459609,0.37153236,-0.24200918,0.456079,0.36814431,-0.23974942,0.452964
0.46799273,-0.29862498,0.457901,0.43017228,-0.2981891,0.462772,0.44888906,-0.31113796,0.452035,0.42654593,-0.30316907,0.446166,0.38433722,-0.30040295,0.430479,0.37009639,-0.3088597,0.434673,0.38566655,-0.30719781,0.457812,0.34765372,-0.29290839,0.455141,0.3462001,-0.28842149,0.453805,0.35843068,-0.29330394,0.452591,0.39958469,-0.29243681,0.466588,0.35736674,-0.28129232,0.46337,0.34510247,-0.27484366,0.461493,0.34926116,-0.27524383,0.460152,0.41515372,-0.28208611,0.473393,0.37174351,-0.27527575,0.467707,0.36341174,-0.27008986,0.464797,0.37389439,-0.26792942,0.462153,0.4388759,-0.26874221,0.480617,0.40071902,-0.25766671,0.474932,0.38719969,-0.25187144,0.472321,0.38260578,-0.24819808,0.470016
0.4729001,-0.30659072,0.461977,0.43367413,-0.3040404,0.465785,0.45241769,-0.31661057,0.455209,0.42694514,-0.30425559,0.448645,0.38524688,-0.30106513,0.43175,0.36999732,-0.30846892,0.434989,0.38737494,-0.30958316,0.459127,0.35053705,-0.29110672,0.455524,0.34786021,-0.28769924,0.453723,0.36014258,-0.29248537,0.452085,0.40274459,-0.29645932,0.468769,0.35895792,-0.28189827,0.464507,0.34619847,-0.27408331,0.462021,0.34921375,-0.27350515,0.460245,0.41869519,-0.28518082,0.476379,0.37404742,-0.27661925,0.469509,0.36623352,-0.27057929,0.465994,0.37695785,-0.26824639,0.462799,0.44383963,-0.27301122,0.48471,0.40519403,-0.26033052,0.478092,0.39190066,-0.25377009,0.475051,0.38832995,-0.24903266,0.472368
0.48300135,-0.32050549,0.471617,0.44413984,-0.31440044,0.476623,0.46089622,-0.33178493,0.464283,0.4392175,-0.31752299,0.461819,0.39793339,-0.3127686,0.445968,0.37872025,-0.31592515,0.445322,0.39736449,-0.31834092,0.469862,0.36171615,-0.29713273,0.466718,0.36380995,-0.29487872,0.465146,0.37399518,-0.29972746,0.463717,0.41535917,-0.30574999,0.480546,0.37309953,-0.29101082,0.477468,0.36625532,-0.2833468,0.475673,0.37172204,-0.28138184,0.474391,0.43352421,-0.29615599,0.48891,0.38953736,-0.2873772,0.482791,0.38594655,-0.28106359,0.47966,0.39419443,-0.27753154,0.476814,0.46088184,-0.28655205,0.49794,0.42339249,-0.27257413,0.492064,0.41245979,-0.26528752,0.489365,0.41087779,-0.26032973,0.486983
0.47970342,-0.33778679,0.475536,0.4489816,-0.32238837,0.484667,0.45977747,-0.34596344,0.472865,0.43648859,-0.3309774,0.474539,0.39701778,-0.32220933,0.462952,0.38445286,-0.32492496,0.469795,0.40587145,-0.32099837,0.485982,0.37961608,-0.29540304,0.487166,0.37911407,-0.29606807,0.487757,0.3885614,-0.30589645,0.488295,0.425107,-0.30799409,0.49182,0.39293234,-0.28670102,0.492932,0.38462943,-0.28039816,0.493581,0.38738644,-0.28168412,0.494044,0.44161212,-0.29952639,0.49584,0.40817893,-0.28395937,0.494876,0.40342177,-0.27989511,0.494383,0.41242198,-0.28565552,0.493935,0.46979105,-0.29060955,0.499144,0.43897547,-0.27195696,0.497263,0.42872538,-0.26441441,0.496399,0.42615935,-0.26112583,0.495636
0.47701287,-0.33928936,0.474768,0.44794392,-0.32269117,0.484525,0.45699311,-0.34700223,0.472572,0.43675442,-0.33117897,0.474828,0.39735395,-0.32248215,0.463344,0.38481784,-0.32523343,0.470241,0.40653039,-0.32151951,0.486771,0.38078337,-0.29631139,0.488664,0.38055433,-0.29719284,0.48961,0.39029295,-0.30725962,0.490471,0.42540952,-0.30821327,0.49217,0.39373425,-0.28728614,0.493938,0.38571105,-0.28118666,0.494969,0.38868964,-0.28263172,0.495706,0.44219496,-0.29921325,0.495774,0.40871423,-0.28433176,0.495525,0.40424921,-0.28046919,0.495397,0.4138246,-0.28542585,0.495281,0.46918022,-0.29023169,0.498495,0.43891368,-0.27191868,0.497193,0.42889466,-0.26451881,0.496595,0.42653079,-0.26135343,0.496068
