{"frames":235,"data":[{"currentFrameRate":115.151,"devices":[],"gestures":[],"hands":[],"id":953927,"interactionBox":{"center":[0,200,0],"size":[235.247,235.247,147.751]},"pointables":[],"r":[[0.0759151,-0.946127,-0.31477],[-0.0259697,0.313698,-0.949168],[0.996776,0.0802306,-0.000756205]],"s":4.49179,"t":[-353.821,-2515.26,2336.94],"timestamp":490007383851},{"currentFrameRate":115.136,"devices":[],"gestures":[],"hands":[],"id":953928,"interactionBox":{"center":[0,200,0],"size":[235.247,235.247,147.751]},"pointables":[],"r":[[0.0759151,-0.946127,-0.31477],[-0.0259697,0.313698,-0.949168],[0.996776,0.0802306,-0.000756205]],"s":4.49179,"t":[-353.821,-2515.26,2336.94],"timestamp":490007392562},{"currentFrameRate":115.191,"devices":[],"gestures":[],"hands":[],"id":953929,"interactionBox":{"center":[0,200,0],"size":[235.247,235.247,147.751]},"pointables":[],"r":[[0.0759151,-0.946127,-0.31477],[-0.0259697,0.313698,-0.949168],[0.996776,0.0802306,-0.000756205]],"s":4.49179,"t":[-353.821,-2515.26,2336.94],"timestamp":490007401150},{"currentFrameRate":115.17,"devices":[],"gestures":[],"hands":[],"id":953930,"interactionBox":{"center":[0,200,0],"size":[235.247,235.247,147.751]},"pointables":[],"r":[[0.0759151,-0.946127,-0.31477],[-0.0259697,0.313698,-0.949168],[0.996776,0.0802306,-0.000756205]],"s":4.49179,"t":[-353.821,-2515.26,2336.94],"timestamp":490007409868},{"currentFrameRate":115.179,"devices":[],"gestures":[],"hands":[],"id":953931,"interactionBox":{"center":[0,200,0],"size":[235.247,235.247,147.751]},"pointables":[],"r":[[0.0759151,-0.946127,-0.31477],[-0.0259697,0.313698,-0.949168],[0.996776,0.0802306,-0.000756205]],"s":4.49179,"t":[-353.821,-2515.26,2336.94],"timestamp":490007418535},{"currentFrameRate":115.202,"devices":[],"gestures":[],"hands":[],"id":953932,"interactionBox":{"center":[0,200,0],"size":[235.247,235.247,147.751]},"pointables":[],"r":[[0.0759151,-0.946127,-0.31477],[-0.0259697,0.313698,-0.949168],[0.996776,0.0802306,-0.000756205]],"s":4.49179,"t":[-353.821,-2515.26,2336.94],"timestamp":490007427177},{"currentFrameRate":115.168,"devices":[],"gestures":[],"hands":[],"id":953933,"interactionBox":{"center":[0,200,0],"size":[235.247,235.247,147.751]},"pointables":[],"r":[[0.0759151,-0.946127,-0.31477],[-0.0259697,0.313698,-0.949168],[0.996776,0.0802306,-0.000756205]],"s":4.49179,"t":[-353.821,-2515.26,2336.94],"timestamp":490007435917},{"currentFrameRate":115.204,"devices":[],"gestures":[],"hands":[],"id":953934,"interactionBox":{"center":[0,200,0],"size":[235.247,235.247,147.751]},"pointables":[],"r":[[0.0759151,-0.946127,-0.31477],[-0.0259697,0.313698,-0.949168],[0.996776,0.0802306,-0.000756205]],"s":4.49179,"t":[-353.821,-2515.26,2336.94],"timestamp":490007444536},{"currentFrameRate":115.172,"devices":[],"gestures":[],"hands":[],"id":953935,"interactionBox":{"center":[0,200,0],"size":[235.247,235.247,147.751]},"pointables":[],"r":[[0.0759151,-0.946127,-0.31477],[-0.0259697,0.313698,-0.949168],[0.996776,0.0802306,-0.000756205]],"s":4.49179,"t":[-353.821,-2515.26,2336.94],"timestamp":490007453274},{"currentFrameRate":115.296,"devices":[],"gestures":[],"hands":[],"id":953936,"interactionBox":{"center":[0,200,0],"size":[235.247,235.247,147.751]},"pointables":[],"r":[[0.0759151,-0.946127,-0.31477],[-0.0259697,0.313698,-0.949168],[0.996776,0.0802306,-0.000756205]],"s":4.49179,"t":[-353.821,-2515.26,2336.94],"timestamp":490007461736},{"currentFrameRate":115.318,"devices":[],"gestures":[],"hands":[],"id":953937,"interactionBox":{"center":[0,200,0],"size":[235.247,235.247,147.751]},"pointables":[],"r":[[0.0759151,-0.946127,-0.31477],[-0.0259697,0.313698,-0.949168],[0.996776,0.0802306,-0.000756205]],"s":4.49179,"t":[-353.821,-2515.26,2336.94],"timestamp":490007470370},{"currentFrameRate":115.302,"devices":[],"gestures":[],"hands":[],"id":953938,"interactionBox":{"center":[0,200,0],"size":[235.247,235.247,147.751]},"pointables":[],"r":[[0.0759151,-0.946127,-0.31477],[-0.0259697,0.313698,-0.949168],[0.996776,0.0802306,-0.000756205]],"s":4.49179,"t":[-353.821,-2515.26,2336.94],"timestamp":490007479070},{"currentFrameRate":115.264,"devices":[],"gestures":[],"hands":[],"id":953939,"interactionBox":{"center":[0,200,0],"size":[235.247,235.247,147.751]},"pointables":[],"r":[[0.0759151,-0.946127,-0.31477],[-0.0259697,0.313698,-0.949168],[0.996776,0.0802306,-0.000756205]],"s":4.49179,"t":[-353.821,-2515.26,2336.94],"timestamp":490007487810},{"currentFrameRate":115.301,"devices":[],"gestures":[],"hands":[],"id":953940,"interactionBox":{"center":[0,200,0],"size":[235.247,235.247,147.751]},"pointables":[],"r":[[0.0759151,-0.946127,-0.31477],[-0.0259697,0.313698,-0.949168],[0.996776,0.0802306,-0.000756205]],"s":4.49179,"t":[-353.821,-2515.26,2336.94],"timestamp":490007496420},{"currentFrameRate":115.253,"devices":[],"gestures":[],"hands":[],"id":953941,"interactionBox":{"center":[0,200,0],"size":[235.247,235.247,147.751]},"pointables":[],"r":[[0.0759151,-0.946127,-0.31477],[-0.0259697,0.313698,-0.949168],[0.996776,0.0802306,-0.000756205]],"s":4.49179,"t":[-353.821,-2515.26,2336.94],"timestamp":490007505178},{"currentFrameRate":115.28,"devices":[],"gestures":[],"hands":[],"id":953942,"interactionBox":{"center":[0,200,0],"size":[235.247,235.247,147.751]},"pointables":[],"r":[[0.0759151,-0.946127,-0.31477],[-0.0259697,0.313698,-0.949168],[0.996776,0.0802306,-0.000756205]],"s":4.49179,"t":[-353.821,-2515.26,2336.94],"timestamp":490007513808},{"currentFrameRate":115.252,"devices":[],"gestures":[],"hands":[],"id":953943,"interactionBox":{"center":[0,200,0],"size":[235.247,235.247,147.751]},"pointables":[],"r":[[0.0759151,-0.946127,-0.31477],[-0.0259697,0.313698,-0.949168],[0.996776,0.0802306,-0.000756205]],"s":4.49179,"t":[-353.821,-2515.26,2336.94],"timestamp":490007522532},{"currentFrameRate":115.206,"devices":[],"gestures":[],"hands":[],"id":953944,"interactionBox":{"center":[0,200,0],"size":[235.247,235.247,147.751]},"pointables":[],"r":[[0.0759151,-0.946127,-0.31477],[-0.0259697,0.313698,-0.949168],[0.996776,0.0802306,-0.000756205]],"s":4.49179,"t":[-353.821,-2515.26,2336.94],"timestamp":490007531290},{"currentFrameRate":115.185,"devices":[],"gestures":[],"hands":[],"id":953945,"interactionBox":{"center":[0,200,0],"size":[235.247,235.247,147.751]},"pointables":[],"r":[[0.0759151,-0.946127,-0.31477],[-0.0259697,0.313698,-0.949168],[0.996776,0.0802306,-0.000756205]],"s":4.49179,"t":[-353.821,-2515.26,2336.94],"timestamp":490007540008},{"currentFrameRate":115.201,"devices":[],"gestures":[],"hands":[],"id":953946,"interactionBox":{"center":[0,200,0],"size":[235.247,235.247,147.751]},"pointables":[],"r":[[0.0759151,-0.946127,-0.31477],[-0.0259697,0.313698,-0.949168],[0.996776,0.0802306,-0.000756205]],"s":4.49179,"t":[-353.821,-2515.26,2336.94],"timestamp":490007548661},{"currentFrameRate":115.209,"devices":[],"gestures":[],"hands":[],"id":953947,"interactionBox":{"center":[0,200,0],"size":[235.247,235.247,147.751]},"pointables":[],"r":[[0.0759151,-0.946127,-0.31477],[-0.0259697,0.313698,-0.949168],[0.996776,0.0802306,-0.000756205]],"s":4.49179,"t":[-353.821,-2515.26,2336.94],"timestamp":490007557326},{"currentFrameRate":115.221,"devices":[],"gestures":[],"hands":[],"id":953948,"interactionBox":{"center":[0,200,0],"size":[235.247,235.247,147.751]},"pointables":[],"r":[[0.0759151,-0.946127,-0.31477],[-0.0259697,0.313698,-0.949168],[0.996776,0.0802306,-0.000756205]],"s":4.49179,"t":[-353.821,-2515.26,2336.94],"timestamp":490007565985},{"currentFrameRate":115.2,"devices":[],"gestures":[],"hands":[],"id":953949,"interactionBox":{"center":[0,200,0],"size":[235.247,235.247,147.751]},"pointables":[],"r":[[0.0759151,-0.946127,-0.31477],[-0.0259697,0.313698,-0.949168],[0.996776,0.0802306,-0.000756205]],"s":4.49179,"t":[-353.821,-2515.26,2336.94],"timestamp":490007574702},{"currentFrameRate":115.224,"devices":[],"gestures":[],"hands":[],"id":953950,"interactionBox":{"center":[0,200,0],"size":[235.247,235.247,147.751]},"pointables":[],"r":[[0.0759151,-0.946127,-0.31477],[-0.0259697,0.313698,-0.949168],[0.996776,0.0802306,-0.000756205]],"s":4.49179,"t":[-353.821,-2515.26,2336.94],"timestamp":490007583340},{"currentFrameRate":115.224,"devices":[],"gestures":[],"hands":[],"id":953951,"interactionBox":{"center":[0,200,0],"size":[235.247,235.247,147.751]},"pointables":[],"r":[[0.0759151,-0.946127,-0.31477],[-0.0259697,0.313698,-0.949168],[0.996776,0.0802306,-0.000756205]],"s":4.49179,"t":[-353.821,-2515.26,2336.94],"timestamp":490007592019},{"currentFrameRate":115.228,"devices":[],"gestures":[],"hands":[],"id":953952,"interactionBox":{"center":[0,200,0],"size":[235.247,235.247,147.751]},"pointables":[],"r":[[0.0759151,-0.946127,-0.31477],[-0.0259697,0.313698,-0.949168],[0.996776,0.0802306,-0.000756205]],"s":4.49179,"t":[-353.821,-2515.26,2336.94],"timestamp":490007600690},{"currentFrameRate":115.214,"devices":[],"gestures":[],"hands":[],"id":953953,"interactionBox":{"center":[0,200,0],"size":[235.247,235.247,147.751]},"pointables":[],"r":[[0.0759151,-0.946127,-0.31477],[-0.0259697,0.313698,-0.949168],[0.996776,0.0802306,-0.000756205]],"s":4.49179,"t":[-353.821,-2515.26,2336.94],"timestamp":490007609394},{"currentFrameRate":115.248,"devices":[],"gestures":[],"hands":[],"id":953954,"interactionBox":{"center":[0,200,0],"size":[235.247,235.247,147.751]},"pointables":[],"r":[[0.0759151,-0.946127,-0.31477],[-0.0259697,0.313698,-0.949168],[0.996776,0.0802306,-0.000756205]],"s":4.49179,"t":[-353.821,-2515.26,2336.94],"timestamp":490007618013},{"currentFrameRate":115.236,"devices":[],"gestures":[],"hands":[],"id":953955,"interactionBox":{"center":[0,200,0],"size":[235.247,235.247,147.751]},"pointables":[],"r":[[0.0759151,-0.946127,-0.31477],[-0.0259697,0.313698,-0.949168],[0.996776,0.0802306,-0.000756205]],"s":4.49179,"t":[-353.821,-2515.26,2336.94],"timestamp":490007626711},{"currentFrameRate":115.267,"devices":[],"gestures":[],"hands":[],"id":953956,"interactionBox":{"center":[0,200,0],"size":[235.247,235.247,147.751]},"pointables":[],"r":[[0.0759151,-0.946127,-0.31477],[-0.0259697,0.313698,-0.949168],[0.996776,0.0802306,-0.000756205]],"s":4.49179,"t":[-353.821,-2515.26,2336.94],"timestamp":490007635334},{"currentFrameRate":115.234,"devices":[],"gestures":[],"hands":[],"id":953957,"interactionBox":{"center":[0,200,0],"size":[235.247,235.247,147.751]},"pointables":[],"r":[[0.0759151,-0.946127,-0.31477],[-0.0259697,0.313698,-0.949168],[0.996776,0.0802306,-0.000756205]],"s":4.49179,"t":[-353.821,-2515.26,2336.94],"timestamp":490007644067},{"currentFrameRate":105.867,"devices":[],"gestures":[],"hands":[],"id":953958,"interactionBox":{"center":[0,200,0],"size":[235.247,235.247,147.751]},"pointables":[],"r":[[0.0759151,-0.946127,-0.31477],[-0.0259697,0.313698,-0.949168],[0.996776,0.0802306,-0.000756205]],"s":4.49179,"t":[-353.821,-2515.26,2336.94],"timestamp":490007670089},{"currentFrameRate":106.282,"devices":[],"gestures":[],"hands":[],"id":953959,"interactionBox":{"center":[0,200,0],"size":[235.247,235.247,147.751]},"pointables":[],"r":[[0.0759151,-0.946127,-0.31477],[-0.0259697,0.313698,-0.949168],[0.996776,0.0802306,-0.000756205]],"s":4.49179,"t":[-353.821,-2515.26,2336.94],"timestamp":490007678734},{"currentFrameRate":106.669,"devices":[],"gestures":[],"hands":[],"id":953960,"interactionBox":{"center":[0,200,0],"size":[235.247,235.247,147.751]},"pointables":[],"r":[[0.0759151,-0.946127,-0.31477],[-0.0259697,0.313698,-0.949168],[0.996776,0.0802306,-0.000756205]],"s":4.49179,"t":[-353.821,-2515.26,2336.94],"timestamp":490007687398},{"currentFrameRate":107.034,"devices":[],"gestures":[],"hands":[],"id":953961,"interactionBox":{"center":[0,200,0],"size":[235.247,235.247,147.751]},"pointables":[],"r":[[0.0759151,-0.946127,-0.31477],[-0.0259697,0.313698,-0.949168],[0.996776,0.0802306,-0.000756205]],"s":4.49179,"t":[-353.821,-2515.26,2336.94],"timestamp":490007696074},{"currentFrameRate":107.398,"devices":[],"gestures":[],"hands":[],"id":953962,"interactionBox":{"center":[0,200,0],"size":[235.247,235.247,147.751]},"pointables":[],"r":[[0.0759151,-0.946127,-0.31477],[-0.0259697,0.313698,-0.949168],[0.996776,0.0802306,-0.000756205]],"s":4.49179,"t":[-353.821,-2515.26,2336.94],"timestamp":490007704721},{"currentFrameRate":107.736,"devices":[],"gestures":[],"hands":[],"id":953963,"interactionBox":{"center":[0,200,0],"size":[235.247,235.247,147.751]},"pointables":[],"r":[[0.0759151,-0.946127,-0.31477],[-0.0259697,0.313698,-0.949168],[0.996776,0.0802306,-0.000756205]],"s":4.49179,"t":[-353.821,-2515.26,2336.94],"timestamp":490007713389},{"currentFrameRate":108.025,"devices":[],"gestures":[],"hands":[],"id":953964,"interactionBox":{"center":[0,200,0],"size":[235.247,235.247,147.751]},"pointables":[],"r":[[0.0759151,-0.946127,-0.31477],[-0.0259697,0.313698,-0.949168],[0.996776,0.0802306,-0.000756205]],"s":4.49179,"t":[-353.821,-2515.26,2336.94],"timestamp":490007722124},{"currentFrameRate":108.348,"devices":[],"gestures":[],"hands":[],"id":953965,"interactionBox":{"center":[0,200,0],"size":[235.247,235.247,147.751]},"pointables":[],"r":[[0.0759151,-0.946127,-0.31477],[-0.0259697,0.313698,-0.949168],[0.996776,0.0802306,-0.000756205]],"s":4.49179,"t":[-353.821,-2515.26,2336.94],"timestamp":490007730769},{"currentFrameRate":108.641,"devices":[],"gestures":[],"hands":[],"id":953966,"interactionBox":{"center":[0,200,0],"size":[235.247,235.247,147.751]},"pointables":[],"r":[[0.0759151,-0.946127,-0.31477],[-0.0259697,0.313698,-0.949168],[0.996776,0.0802306,-0.000756205]],"s":4.49179,"t":[-353.821,-2515.26,2336.94],"timestamp":490007739446},{"currentFrameRate":108.932,"devices":[],"gestures":[],"hands":[],"id":953967,"interactionBox":{"center":[0,200,0],"size":[235.247,235.247,147.751]},"pointables":[],"r":[[0.0759151,-0.946127,-0.31477],[-0.0259697,0.313698,-0.949168],[0.996776,0.0802306,-0.000756205]],"s":4.49179,"t":[-353.821,-2515.26,2336.94],"timestamp":490007748103},{"currentFrameRate":109.186,"devices":[],"gestures":[],"hands":[],"id":953968,"interactionBox":{"center":[0,200,0],"size":[235.247,235.247,147.751]},"pointables":[],"r":[[0.0759151,-0.946127,-0.31477],[-0.0259697,0.313698,-0.949168],[0.996776,0.0802306,-0.000756205]],"s":4.49179,"t":[-353.821,-2515.26,2336.94],"timestamp":490007756807},{"currentFrameRate":109.473,"devices":[],"gestures":[],"hands":[],"id":953969,"interactionBox":{"center":[0,200,0],"size":[235.247,235.247,147.751]},"pointables":[],"r":[[0.0759151,-0.946127,-0.31477],[-0.0259697,0.313698,-0.949168],[0.996776,0.0802306,-0.000756205]],"s":4.49179,"t":[-353.821,-2515.26,2336.94],"timestamp":490007765429},{"currentFrameRate":109.691,"devices":[],"gestures":[],"hands":[],"id":953970,"interactionBox":{"center":[0,200,0],"size":[235.247,235.247,147.751]},"pointables":[],"r":[[0.0759151,-0.946127,-0.31477],[-0.0259697,0.313698,-0.949168],[0.996776,0.0802306,-0.000756205]],"s":4.49179,"t":[-353.821,-2515.26,2336.94],"timestamp":490007774157},{"currentFrameRate":109.95,"devices":[],"gestures":[],"hands":[],"id":953971,"interactionBox":{"center":[0,200,0],"size":[235.247,235.247,147.751]},"pointables":[],"r":[[0.0759151,-0.946127,-0.31477],[-0.0259697,0.313698,-0.949168],[0.996776,0.0802306,-0.000756205]],"s":4.49179,"t":[-353.821,-2515.26,2336.94],"timestamp":490007782790},{"currentFrameRate":110.149,"devices":[],"gestures":[],"hands":[],"id":953972,"interactionBox":{"center":[0,200,0],"size":[235.247,235.247,147.751]},"pointables":[],"r":[[0.0759151,-0.946127,-0.31477],[-0.0259697,0.313698,-0.949168],[0.996776,0.0802306,-0.000756205]],"s":4.49179,"t":[-353.821,-2515.26,2336.94],"timestamp":490007791516},{"currentFrameRate":110.391,"devices":[],"gestures":[],"hands":[],"id":953973,"interactionBox":{"center":[0,200,0],"size":[235.247,235.247,147.751]},"pointables":[],"r":[[0.0759151,-0.946127,-0.31477],[-0.0259697,0.313698,-0.949168],[0.996776,0.0802306,-0.000756205]],"s":4.49179,"t":[-353.821,-2515.26,2336.94],"timestamp":490007800145},{"currentFrameRate":110.587,"devices":[],"gestures":[],"hands":[],"id":953974,"interactionBox":{"center":[0,200,0],"size":[235.247,235.247,147.751]},"pointables":[],"r":[[0.0759151,-0.946127,-0.31477],[-0.0259697,0.313698,-0.949168],[0.996776,0.0802306,-0.000756205]],"s":4.49179,"t":[-353.821,-2515.26,2336.94],"timestamp":490007808840},{"currentFrameRate":110.823,"devices":[],"gestures":[],"hands":[],"id":953975,"interactionBox":{"center":[0,200,0],"size":[235.247,235.247,147.751]},"pointables":[],"r":[[0.0759151,-0.946127,-0.31477],[-0.0259697,0.313698,-0.949168],[0.996776,0.0802306,-0.000756205]],"s":4.49179,"t":[-353.821,-2515.26,2336.94],"timestamp":490007817448},{"currentFrameRate":110.987,"devices":[],"gestures":[],"hands":[],"id":953976,"interactionBox":{"center":[0,200,0],"size":[235.247,235.247,147.751]},"pointables":[],"r":[[0.0759151,-0.946127,-0.31477],[-0.0259697,0.313698,-0.949168],[0.996776,0.0802306,-0.000756205]],"s":4.49179,"t":[-353.821,-2515.26,2336.94],"timestamp":490007826169},{"currentFrameRate":111.164,"devices":[],"gestures":[],"hands":[],"id":953977,"interactionBox":{"center":[0,200,0],"size":[235.247,235.247,147.751]},"pointables":[],"r":[[0.0759151,-0.946127,-0.31477],[-0.0259697,0.313698,-0.949168],[0.996776,0.0802306,-0.000756205]],"s":4.49179,"t":[-353.821,-2515.26,2336.94],"timestamp":490007834852},{"currentFrameRate":111.344,"devices":[],"gestures":[],"hands":[],"id":953978,"interactionBox":{"center":[0,200,0],"size":[235.247,235.247,147.751]},"pointables":[],"r":[[0.0759151,-0.946127,-0.31477],[-0.0259697,0.313698,-0.949168],[0.996776,0.0802306,-0.000756205]],"s":4.49179,"t":[-353.821,-2515.26,2336.94],"timestamp":490007843518},{"currentFrameRate":111.632,"devices":[],"gestures":[],"hands":[],"id":953979,"interactionBox":{"center":[0,200,0],"size":[235.247,235.247,147.751]},"pointables":[],"r":[[0.0759151,-0.946127,-0.31477],[-0.0259697,0.313698,-0.949168],[0.996776,0.0802306,-0.000756205]],"s":4.49179,"t":[-353.821,-2515.26,2336.94],"timestamp":490007851971},{"currentFrameRate":111.823,"devices":[],"gestures":[],"hands":[],"id":953980,"interactionBox":{"center":[0,200,0],"size":[235.247,235.247,147.751]},"pointables":[],"r":[[0.0759151,-0.946127,-0.31477],[-0.0259697,0.313698,-0.949168],[0.996776,0.0802306,-0.000756205]],"s":4.49179,"t":[-353.821,-2515.26,2336.94],"timestamp":490007860579},{"currentFrameRate":111.921,"devices":[],"gestures":[],"hands":[],"id":953981,"interactionBox":{"center":[0,200,0],"size":[235.247,235.247,147.751]},"pointables":[],"r":[[0.0759151,-0.946127,-0.31477],[-0.0259697,0.313698,-0.949168],[0.996776,0.0802306,-0.000756205]],"s":4.49179,"t":[-353.821,-2515.26,2336.94],"timestamp":490007869343},{"currentFrameRate":112.062,"devices":[],"gestures":[],"hands":[],"id":953982,"interactionBox":{"center":[0,200,0],"size":[235.247,235.247,147.751]},"pointables":[],"r":[[0.0759151,-0.946127,-0.31477],[-0.0259697,0.313698,-0.949168],[0.996776,0.0802306,-0.000756205]],"s":4.49179,"t":[-353.821,-2515.26,2336.94],"timestamp":490007878019},{"currentFrameRate":112.221,"devices":[],"gestures":[],"hands":[],"id":953983,"interactionBox":{"center":[0,200,0],"size":[235.247,235.247,147.751]},"pointables":[],"r":[[0.0759151,-0.946127,-0.31477],[-0.0259697,0.313698,-0.949168],[0.996776,0.0802306,-0.000756205]],"s":4.49179,"t":[-353.821,-2515.26,2336.94],"timestamp":490007886653},{"currentFrameRate":112.363,"devices":[],"gestures":[],"hands":[],"id":953984,"interactionBox":{"center":[0,200,0],"size":[235.247,235.247,147.751]},"pointables":[],"r":[[0.0759151,-0.946127,-0.31477],[-0.0259697,0.313698,-0.949168],[0.996776,0.0802306,-0.000756205]],"s":4.49179,"t":[-353.821,-2515.26,2336.94],"timestamp":490007895306},{"currentFrameRate":112.42,"devices":[],"gestures":[],"hands":[],"id":953985,"interactionBox":{"center":[0,200,0],"size":[235.247,235.247,147.751]},"pointables":[],"r":[[0.0759151,-0.946127,-0.31477],[-0.0259697,0.313698,-0.949168],[0.996776,0.0802306,-0.000756205]],"s":4.49179,"t":[-353.821,-2515.26,2336.94],"timestamp":490007904102},{"currentFrameRate":112.55,"devices":[],"gestures":[],"hands":[],"id":953986,"interactionBox":{"center":[0,200,0],"size":[235.247,235.247,147.751]},"pointables":[],"r":[[0.0759151,-0.946127,-0.31477],[-0.0259697,0.313698,-0.949168],[0.996776,0.0802306,-0.000756205]],"s":4.49179,"t":[-353.821,-2515.26,2336.94],"timestamp":490007912760},{"currentFrameRate":112.63,"devices":[],"gestures":[],"hands":[],"id":953987,"interactionBox":{"center":[0,200,0],"size":[235.247,235.247,147.751]},"pointables":[],"r":[[0.0759151,-0.946127,-0.31477],[-0.0259697,0.313698,-0.949168],[0.996776,0.0802306,-0.000756205]],"s":4.49179,"t":[-353.821,-2515.26,2336.94],"timestamp":490007921500},{"currentFrameRate":112.753,"devices":[],"gestures":[],"hands":[],"id":953988,"interactionBox":{"center":[0,200,0],"size":[235.247,235.247,147.751]},"pointables":[],"r":[[0.0759151,-0.946127,-0.31477],[-0.0259697,0.313698,-0.949168],[0.996776,0.0802306,-0.000756205]],"s":4.49179,"t":[-353.821,-2515.26,2336.94],"timestamp":490007930155},{"currentFrameRate":112.838,"devices":[],"gestures":[],"hands":[],"id":953989,"interactionBox":{"center":[0,200,0],"size":[235.247,235.247,147.751]},"pointables":[],"r":[[0.0759151,-0.946127,-0.31477],[-0.0259697,0.313698,-0.949168],[0.996776,0.0802306,-0.000756205]],"s":4.49179,"t":[-353.821,-2515.26,2336.94],"timestamp":490007938871},{"currentFrameRate":112.982,"devices":[],"gestures":[],"hands":[],"id":953990,"interactionBox":{"center":[0,200,0],"size":[235.247,235.247,147.751]},"pointables":[],"r":[[0.0759151,-0.946127,-0.31477],[-0.0259697,0.313698,-0.949168],[0.996776,0.0802306,-0.000756205]],"s":4.49179,"t":[-353.821,-2515.26,2336.94],"timestamp":490007947472},{"currentFrameRate":113.022,"devices":[],"gestures":[],"hands":[],"id":953991,"interactionBox":{"center":[0,200,0],"size":[235.247,235.247,147.751]},"pointables":[],"r":[[0.0759151,-0.946127,-0.31477],[-0.0259697,0.313698,-0.949168],[0.996776,0.0802306,-0.000756205]],"s":4.49179,"t":[-353.821,-2515.26,2336.94],"timestamp":490007956250},{"currentFrameRate":113.177,"devices":[],"gestures":[],"hands":[],"id":953992,"interactionBox":{"center":[0,200,0],"size":[235.247,235.247,147.751]},"pointables":[],"r":[[0.0759151,-0.946127,-0.31477],[-0.0259697,0.313698,-0.949168],[0.996776,0.0802306,-0.000756205]],"s":4.49179,"t":[-353.821,-2515.26,2336.94],"timestamp":490007964819},{"currentFrameRate":113.212,"devices":[],"gestures":[],"hands":[],"id":953993,"interactionBox":{"center":[0,200,0],"size":[235.247,235.247,147.751]},"pointables":[],"r":[[0.0759151,-0.946127,-0.31477],[-0.0259697,0.313698,-0.949168],[0.996776,0.0802306,-0.000756205]],"s":4.49179,"t":[-353.821,-2515.26,2336.94],"timestamp":490007973590},{"currentFrameRate":113.328,"devices":[],"gestures":[],"hands":[],"id":953994,"interactionBox":{"center":[0,200,0],"size":[235.247,235.247,147.751]},"pointables":[],"r":[[0.0759151,-0.946127,-0.31477],[-0.0259697,0.313698,-0.949168],[0.996776,0.0802306,-0.000756205]],"s":4.49179,"t":[-353.821,-2515.26,2336.94],"timestamp":490007982214},{"currentFrameRate":113.396,"devices":[],"gestures":[],"hands":[],"id":953995,"interactionBox":{"center":[0,200,0],"size":[235.247,235.247,147.751]},"pointables":[],"r":[[0.0759151,-0.946127,-0.31477],[-0.0259697,0.313698,-0.949168],[0.996776,0.0802306,-0.000756205]],"s":4.49179,"t":[-353.821,-2515.26,2336.94],"timestamp":490007990916},{"currentFrameRate":113.493,"devices":[],"gestures":[],"hands":[],"id":953996,"interactionBox":{"center":[0,200,0],"size":[235.247,235.247,147.751]},"pointables":[],"r":[[0.0759151,-0.946127,-0.31477],[-0.0259697,0.313698,-0.949168],[0.996776,0.0802306,-0.000756205]],"s":4.49179,"t":[-353.821,-2515.26,2336.94],"timestamp":490007999559},{"currentFrameRate":113.592,"devices":[],"gestures":[],"hands":[],"id":953997,"interactionBox":{"center":[0,200,0],"size":[235.247,235.247,147.751]},"pointables":[],"r":[[0.0759151,-0.946127,-0.31477],[-0.0259697,0.313698,-0.949168],[0.996776,0.0802306,-0.000756205]],"s":4.49179,"t":[-353.821,-2515.26,2336.94],"timestamp":490008008193},{"currentFrameRate":113.636,"devices":[],"gestures":[],"hands":[],"id":953998,"interactionBox":{"center":[0,200,0],"size":[235.247,235.247,147.751]},"pointables":[],"r":[[0.0759151,-0.946127,-0.31477],[-0.0259697,0.313698,-0.949168],[0.996776,0.0802306,-0.000756205]],"s":4.49179,"t":[-353.821,-2515.26,2336.94],"timestamp":490008016917},{"currentFrameRate":113.731,"devices":[],"gestures":[],"hands":[{"armBasis":[[0.543581,-0.693972,-0.472147],[0.723154,0.672772,-0.156291],[0.426109,-0.256478,0.867554]],"armWidth":65.7893,"confidence":0,"direction":[0.0714239,0.911215,-0.405693],"elbow":[160.416,97.6366,408.501],"grabAngle":0.11579,"grabStrength":0,"id":429,"palmNormal":[-0.979102,-0.0135965,-0.202914],"palmPosition":[35.2615,237.883,134.044],"palmVelocity":[1.19209e-7,1.19209e-7,1.19209e-7],"palmWidth":93.945,"pinchDistance":72.0425,"pinchStrength":0,"r":[[1,0,-5.55112e-18],[1.2326e-34,1,2.22045e-17],[5.55112e-18,-2.22045e-17,1]],"s":1,"sphereCenter":[151.958,281.865,115.66],"sphereRadius":126.491,"stabilizedPalmPosition":[35.2615,237.883,134.044],"t":[0,0,0],"timeVisible":0,"type":"right","wrist":[41.6301,169.135,166.655]}],"id":953999,"interactionBox":{"center":[0,200,0],"size":[235.247,235.247,147.751]},"pointables":[{"bases":[[[0.966295,0.0242986,-0.256289],[0.25675,-0.0181944,0.966307],[0.0188168,-0.999539,-0.0238198]],[[0.954654,0.160688,-0.250628],[0.278827,-0.187475,0.941865],[0.104359,-0.969037,-0.223778]],[[0.954654,0.160688,-0.250628],[0.208392,0.240553,0.948002],[0.212621,-0.957243,0.196159]],[[0.954654,0.160688,-0.250628],[0.107212,0.599803,0.792932],[0.277742,-0.783847,0.555377]]],"btipPosition":[0.79567,295.228,167.164],"carpPosition":[20.3704,192.647,175.957],"dipPosition":[7.50693,276.288,180.584],"direction":[-0.212621,0.957243,-0.196159],"extended":true,"handId":429,"id":4290,"length":53.8089,"mcpPosition":[20.3704,192.647,175.957],"pipPosition":[14.9918,242.59,187.49],"stabilizedTipPosition":[2.33926,290.872,170.251],"timeVisible":0,"tipPosition":[2.33926,290.872,170.251],"tipVelocity":[1.19209e-7,1.19209e-7,1.19209e-7],"tool":false,"touchDistance":1,"touchZone":"none","type":0,"width":20.9076},{"bases":[[[0.0433694,-0.402551,-0.914369],[0.99583,0.0909435,0.00719525],[0.0802595,-0.910869,0.404817]],[[0.0501757,-0.480135,-0.875758],[0.996742,-0.0313717,0.0743069],[-0.0631514,-0.876633,0.476997]],[[0.0501757,-0.480135,-0.875758],[0.997607,0.0658484,0.0210555],[0.0475578,-0.87472,0.48229]],[[0.0501757,-0.480135,-0.875758],[0.981771,0.184667,-0.0449941],[0.183327,-0.857536,0.480648]]],"btipPosition":[39.0778,348.796,79.9783],"carpPosition":[46.6697,197.237,156.363],"dipPosition":[42.6348,332.158,89.304],"direction":[-0.0475578,0.87472,-0.48229],"extended":true,"handId":429,"id":4292,"length":69.1825,"mcpPosition":[40.8883,262.85,127.202],"pipPosition":[44.0311,306.476,103.464],"stabilizedTipPosition":[39.8959,344.969,82.1232],"timeVisible":0,"tipPosition":[39.8959,344.969,82.1232],"tipVelocity":[1.19209e-7,1.19209e-7,1.19209e-7],"tool":false,"touchDistance":1,"touchZone":"none","type":2,"width":19.6141},{"bases":[[[-0.0204866,-0.537908,-0.842754],[0.998435,0.0328677,-0.0452497],[0.0520396,-0.842362,0.536393]],[[-0.0233544,-0.490137,-0.871332],[0.998171,-0.0600441,0.00702164],[-0.0557599,-0.869575,0.490643]],[[-0.0233544,-0.490137,-0.871332],[0.999254,0.0153636,-0.0354253],[0.0307501,-0.87151,0.489413]],[[-0.0233544,-0.490137,-0.871332],[0.992174,0.0955686,-0.0803521],[0.122656,-0.86639,0.48407]]],"btipPosition":[44.0358,329.245,63.8248],"carpPosition":[48.0748,193.012,144.485],"dipPosition":[46.4019,312.532,73.1629],"direction":[-0.0307501,0.87151,-0.489413],"extended":true,"handId":429,"id":4293,"length":66.5208,"mcpPosition":[44.7092,247.491,109.795],"pipPosition":[47.2814,287.605,87.1609],"stabilizedTipPosition":[44.58,325.401,65.9725],"timeVisible":0,"tipPosition":[44.58,325.401,65.9725],"tipVelocity":[1.19209e-7,1.19209e-7,1.19209e-7],"tool":false,"touchDistance":1,"touchZone":"none","type":3,"width":18.6641},{"bases":[[[-0.179013,-0.629774,-0.75587],[0.983743,-0.125748,-0.12821],[-0.0143055,-0.766533,0.642046]],[[-0.175115,-0.513423,-0.840079],[0.973461,-0.217979,-0.0696985],[-0.147335,-0.829989,0.537968]],[[-0.175115,-0.513423,-0.840079],[0.984391,-0.106543,-0.140082],[-0.0175836,-0.851496,0.524066]],[[-0.175115,-0.513423,-0.840079],[0.977338,0.0124226,-0.211319],[0.118932,-0.858046,0.499612]]],"btipPosition":[47.1567,294.312,55.4123],"carpPosition":[42.6829,185.654,132.965],"dipPosition":[49.2733,279.041,64.3037],"direction":[0.0175836,0.851496,-0.524066],"extended":true,"handId":429,"id":4294,"length":52.1511,"mcpPosition":[43.5393,231.545,94.5266],"pipPosition":[48.9182,261.846,74.8867],"stabilizedTipPosition":[47.6435,290.8,57.4573],"timeVisible":0,"tipPosition":[47.6435,290.8,57.4573],"tipVelocity":[1.19209e-7,1.19209e-7,1.19209e-7],"tool":false,"touchDistance":1,"touchZone":"none","type":4,"width":16.5789},{"bases":[[[0.199703,-0.252868,-0.946666],[0.973972,0.156951,0.163539],[0.107227,-0.954685,0.27763]],[[0.220082,-0.482142,-0.847999],[0.967111,-0.00579401,0.25429],[-0.127517,-0.876074,0.46501]],[[0.220082,-0.482142,-0.847999],[0.975386,0.120924,0.18439],[0.0136412,-0.867708,0.496888]],[[0.220082,-0.482142,-0.847999],[0.960264,0.260033,0.101373],[0.171632,-0.836613,0.520212]]],"btipPosition":[36.655,347.35,104.858],"carpPosition":[42.5115,199.56,168.15],"dipPosition":[39.6827,332.592,114.034],"direction":[-0.0136412,0.867708,-0.496888],"extended":true,"handId":429,"id":4291,"length":60.7173,"mcpPosition":[34.3667,272.077,147.061],"pipPosition":[40.0231,310.938,126.434],"stabilizedTipPosition":[37.3514,343.956,106.968],"timeVisible":0,"tipPosition":[37.3514,343.956,106.968],"tipVelocity":[1.19209e-7,1.19209e-7,1.19209e-7],"tool":false,"touchDistance":1,"touchZone":"none","type":1,"width":19.971}],"r":[[1,0,-5.55112e-18],[1.2326e-34,1,2.22045e-17],[5.55112e-18,-2.22045e-17,1]],"s":1,"t":[0,0,0],"timestamp":490008025546},{"currentFrameRate":113.814,"devices":[],"gestures":[],"hands":[{"armBasis":[[0.496993,-0.698986,-0.514214],[0.767272,0.630772,-0.115851],[0.40533,-0.336965,0.849801]],"armWidth":63.6743,"confidence":0.0455001,"direction":[0.131546,0.88465,-0.447314],"elbow":[152.475,88.8923,394.673],"grabAngle":0.124203,"grabStrength":0,"id":429,"palmNormal":[-0.957841,-0.00283255,-0.287284],"palmPosition":[37.1466,250.919,122.174],"palmVelocity":[218.107,1508.29,-1373.41],"palmWidth":93.945,"pinchDistance":60.262,"pinchStrength":0,"r":[[0.999834,-0.00456729,0.0176226],[0.00476184,0.999928,-0.011014],[-0.0175711,0.011096,0.999784]],"s":0.963684,"sphereCenter":[-232.218,267.88,73.7175],"sphereRadius":278.364,"stabilizedPalmPosition":[35.8072,241.657,130.608],"t":[0.94255,6.51807,-5.93518],"timeVisible":0.008643,"type":"right","wrist":[39.4818,182.827,157.775]}],"id":954000,"interactionBox":{"center":[0,200,0],"size":[235.247,235.247,147.751]},"pointables":[{"bases":[[[0.985166,-0.0124589,-0.171154],[0.171467,0.0312515,0.984694],[-0.00691935,-0.999434,0.0329242]],[[0.985143,-0.0151679,-0.171064],[0.16639,-0.162288,0.972614],[-0.042514,-0.986627,-0.157353]],[[0.985143,-0.0151679,-0.171064],[0.163868,0.381063,0.909911],[0.0513848,-0.924424,0.377888]],[[0.985143,-0.0151679,-0.171064],[0.129683,0.71871,0.683109],[0.112584,-0.695145,0.709999]]],"btipPosition":[14.9931,309.788,142.012],"carpPosition":[17.4316,208.506,165.036],"dipPosition":[17.7738,292.619,159.548],"direction":[-0.0513848,0.924424,-0.377888],"extended":true,"handId":429,"id":4290,"length":55.0002,"mcpPosition":[17.4316,208.506,165.036],"pipPosition":[19.6228,259.356,173.145],"stabilizedTipPosition":[5.9292,294.914,163.714],"timeVisible":0.008643,"tipPosition":[8.8539,306.253,149.36],"tipVelocity":[1538.06,1731.67,-2800.59],"tool":false,"touchDistance":1,"touchZone":"none","type":0,"width":19.9404},{"bases":[[[0.111239,-0.455077,-0.883476],[0.9936,0.0684563,0.0898435],[0.0195938,-0.887817,0.45978]],[[0.112707,-0.548496,-0.828522],[0.991381,0.118128,0.056658],[0.066795,-0.827767,0.557082]],[[0.112707,-0.548496,-0.828522],[0.987477,0.154466,0.0320707],[0.110388,-0.821762,0.559037]],[[0.112707,-0.548496,-0.828522],[0.984663,0.173414,0.0191439],[0.133177,-0.817973,0.559629]]],"btipPosition":[34.6837,358.308,58.2788],"carpPosition":[45.4467,211.366,147.611],"dipPosition":[37.3249,342.086,69.3773],"direction":[-0.110388,0.821762,-0.559037],"extended":true,"handId":429,"id":4292,"length":70.7142,"mcpPosition":[44.0353,275.319,114.491],"pipPosition":[40.6376,317.425,86.154],"stabilizedTipPosition":[38.772,347.315,76.9262],"timeVisible":0.008643,"tipPosition":[42.5616,354.655,63.0337],"tipVelocity":[-532.773,1111.65,-2463.47],"tool":false,"touchDistance":1,"touchZone":"none","type":2,"width":18.7067},{"bases":[[[-0.130254,-0.667728,-0.732921],[0.987284,-0.155292,-0.0339799],[-0.0911278,-0.728027,0.679464]],[[-0.106609,-0.488247,-0.86617],[0.992195,-0.10891,-0.0607295],[-0.0646835,-0.865883,0.496047]],[[-0.106609,-0.488247,-0.86617],[0.994265,-0.0449291,-0.0970493],[0.00846777,-0.871548,0.490236]],[[-0.106609,-0.488247,-0.86617],[0.993174,-0.0108189,-0.116142],[0.0473352,-0.872639,0.486067]]],"btipPosition":[50.0158,308.319,46.4759],"carpPosition":[43.1822,198.559,124.625],"dipPosition":[50.8768,292.445,55.3177],"direction":[-0.00846777,0.871548,-0.490236],"extended":true,"handId":429,"id":4294,"length":53.3057,"mcpPosition":[48.6379,242.144,83.9471],"pipPosition":[51.0516,274.456,65.4367],"stabilizedTipPosition":[48.4455,295.127,54.6654],"timeVisible":0.008643,"tipPosition":[54.672,301.281,45.89],"tipVelocity":[297.387,1604.6,-1035.27],"tool":false,"touchDistance":1,"touchZone":"none","type":4,"width":15.8119},{"bases":[[[0.273874,-0.311093,-0.910063],[0.960119,0.14378,0.239789],[0.0562525,-0.93944,0.338064]],[[0.278551,-0.565816,-0.776055],[0.960093,0.185177,0.209597],[0.0251139,-0.803468,0.594818]],[[0.278551,-0.565816,-0.776055],[0.960093,0.185177,0.209597],[0.0251139,-0.803468,0.594818]],[[0.278551,-0.565816,-0.776055],[0.959475,0.199797,0.198716],[0.0426161,-0.799958,0.598541]]],"btipPosition":[33.5285,357.161,80.2279],"carpPosition":[40.3491,214.455,158.841],"dipPosition":[34.297,342.737,91.0202],"direction":[-0.0251139,0.803468,-0.594818],"extended":true,"handId":429,"id":4291,"length":62.0616,"mcpPosition":[36.0762,285.813,133.162],"pipPosition":[34.9376,322.242,106.193],"stabilizedTipPosition":[36.4797,346.319,101.169],"timeVisible":0.008643,"tipPosition":[39.6586,354.587,86.5023],"tipVelocity":[-421.855,1144.07,-2806.69],"tool":false,"touchDistance":1,"touchZone":"none","type":1,"width":19.0471},{"bases":[[[0.0376898,-0.584624,-0.810429],[0.999127,0.0074316,0.0411045],[-0.0180079,-0.811271,0.584393]],[[0.0390247,-0.516984,-0.855105],[0.998118,0.0606807,0.00886473],[0.0473055,-0.853841,0.518379]],[[0.0390247,-0.516984,-0.855105],[0.994522,0.103143,-0.0169714],[0.0969719,-0.849758,0.518177]],[[0.0390247,-0.516984,-0.855105],[0.992174,0.121626,-0.0282532],[0.118609,-0.84731,0.517685]]],"btipPosition":[41.5182,340.716,48.5597],"carpPosition":[47.7578,206.438,136.154],"dipPosition":[43.8569,324.009,58.7674],"direction":[-0.0969719,0.849758,-0.518177],"extended":true,"handId":429,"id":4293,"length":67.9936,"mcpPosition":[48.9224,258.906,98.3588],"pipPosition":[46.6919,299.167,73.9162],"stabilizedTipPosition":[43.9076,328.457,61.959],"timeVisible":0.008643,"tipPosition":[49.0242,335.387,50.672],"tipVelocity":[-292.018,1327.4,-1743.03],"tool":false,"touchDistance":1,"touchZone":"none","type":3,"width":17.8006}],"r":[[0.999834,-0.00456729,0.0176226],[0.00476184,0.999928,-0.011014],[-0.0175711,0.011096,0.999784]],"s":0.963684,"t":[0.94255,6.51807,-5.93518],"timestamp":490008034189},{"currentFrameRate":113.877,"devices":[],"gestures":[],"hands":[{"armBasis":[[0.422995,-0.697084,-0.578921],[0.817507,0.569155,-0.088004],[0.390842,-0.436047,0.81062]],"armWidth":63.6743,"confidence":0.0909742,"direction":[0.136553,0.852248,-0.505001],"elbow":[148.456,71.0698,379.486],"grabAngle":0.137004,"grabStrength":0,"id":429,"palmNormal":[-0.951176,-0.029641,-0.307223],"palmPosition":[37.643,259.577,114.548],"palmVelocity":[57.2316,998.089,-879.128],"palmWidth":93.945,"pinchDistance":66.983,"pinchStrength":0,"r":[[0.999325,-0.00639737,0.0361796],[0.00761795,0.999403,-0.0337],[-0.0359424,0.0339529,0.998777]],"s":0.931945,"sphereCenter":[-238.497,280.66,78.0456],"sphereRadius":283.045,"stabilizedPalmPosition":[36.3177,246.64,126.143],"t":[1.66204,14.1058,-12.7156],"timeVisible":0.017317,"type":"right","wrist":[39.5015,192.626,153.511]}],"id":954001,"interactionBox":{"center":[0,200,0],"size":[235.247,235.247,147.751]},"pointables":[{"bases":[[[0.988787,-0.017358,-0.148324],[0.149321,0.100995,0.983617],[-0.00209367,-0.994735,0.102455]],[[0.987294,-0.0699117,-0.142701],[0.135021,-0.10443,0.985324],[-0.0837879,-0.992072,-0.0936635]],[[0.987294,-0.0699117,-0.142701],[0.158889,0.447344,0.880135],[0.00230469,-0.891625,0.452768]],[[0.987294,-0.0699117,-0.142701],[0.146211,0.751385,0.643462],[0.0622378,-0.65615,0.752059]]],"btipPosition":[19.9128,319.533,129.787],"carpPosition":[17.2146,220.114,159.826],"dipPosition":[21.45,303.327,148.362],"direction":[-0.00230469,0.891625,-0.452768],"extended":true,"handId":429,"id":4290,"length":55.0002,"mcpPosition":[17.2146,220.114,159.826],"pipPosition":[21.533,271.244,164.653],"stabilizedTipPosition":[9.47889,300.086,156.372],"timeVisible":0.017317,"tipPosition":[11.3369,316.306,136.418],"tipVelocity":[534.206,1149.02,-1381.9],"tool":false,"touchDistance":1,"touchZone":"none","type":0,"width":19.9404},{"bases":[[[0.133414,-0.514721,-0.846914],[0.990957,0.0816019,0.10651],[0.0142867,-0.853465,0.520954]],[[0.134169,-0.594326,-0.792953],[0.985855,0.161161,0.0460163],[0.100445,-0.787911,0.607542]],[[0.134169,-0.594326,-0.792953],[0.985387,0.164745,0.0432514],[0.104929,-0.787169,0.607745]],[[0.134169,-0.594326,-0.792953],[0.985387,0.164745,0.0432514],[0.104929,-0.787169,0.607745]]],"btipPosition":[34.2261,362.743,44.1381],"carpPosition":[45.5944,221.952,142.86],"dipPosition":[36.307,347.132,56.1909],"direction":[-0.104929,0.787169,-0.607745],"extended":true,"handId":429,"id":4292,"length":70.7142,"mcpPosition":[44.5653,283.43,105.333],"pipPosition":[39.4559,323.509,74.4292],"stabilizedTipPosition":[38.0137,349.522,71.3301],"timeVisible":0.017317,"tipPosition":[42.6927,358.998,48.2569],"tipVelocity":[-67.6153,527.473,-1604.94],"tool":false,"touchDistance":1,"touchZone":"none","type":2,"width":18.7067},{"bases":[[[-0.110186,-0.718075,-0.687187],[0.988644,-0.150269,-0.00149965],[-0.102186,-0.679549,0.726479]],[[-0.0828757,-0.536873,-0.839582],[0.996172,-0.068145,-0.0547572],[-0.0278157,-0.840906,0.540466]],[[-0.0828757,-0.536873,-0.839582],[0.995152,0.000187859,-0.0983521],[0.0529604,-0.843663,0.534255]],[[-0.0828757,-0.536873,-0.839582],[0.992596,0.0305958,-0.117544],[0.0887941,-0.843108,0.530363]]],"btipPosition":[48.3609,312.372,36.4442],"carpPosition":[43.9136,207.558,120.78],"dipPosition":[49.9761,297.035,46.0918],"direction":[-0.0529604,0.843663,-0.534255],"extended":true,"handId":429,"id":4294,"length":53.3057,"mcpPosition":[50.0313,248.242,77.2873],"pipPosition":[51.0693,279.621,57.1194],"stabilizedTipPosition":[48.516,298.499,50.7316],"timeVisible":0.017317,"tipPosition":[55.1017,305.421,35.9633],"tipVelocity":[-170.787,481.444,-1135.15],"tool":false,"touchDistance":1,"touchZone":"none","type":4,"width":15.8119},{"bases":[[[0.295797,-0.371789,-0.87993],[0.953727,0.16695,0.250065],[0.0539332,-0.913182,0.403968]],[[0.299267,-0.607425,-0.735849],[0.952612,0.234243,0.194063],[0.0544888,-0.759056,0.648741]],[[0.299267,-0.607425,-0.735849],[0.952612,0.234243,0.194063],[0.0544888,-0.759056,0.648741]],[[0.299267,-0.607425,-0.735849],[0.952612,0.234243,0.194063],[0.0544888,-0.759056,0.648741]]],"btipPosition":[31.2913,362.607,65.3881],"carpPosition":[40.2309,225.779,153.732],"dipPosition":[32.2738,348.92,77.0856],"direction":[-0.0544888,0.759056,-0.648741],"extended":true,"handId":429,"id":4291,"l