{"frames":226,"data":[{"currentFrameRate":115.233,"devices":[],"gestures":[],"hands":[{"armBasis":[[-0.660182,-0.735199,-0.153761],[-0.473221,0.566101,-0.674975],[0.583285,-0.372844,-0.721641]],"armWidth":67.1584,"confidence":1,"direction":[0.371572,0.0477257,0.927177],"elbow":[73.9646,105.227,-230.757],"grabAngle":0.949967,"grabStrength":0,"id":598,"palmNormal":[0.293146,-0.953618,-0.0683936],"palmPosition":[-52.9265,207.702,21.4513],"palmVelocity":[-61.2406,-29.4945,30.8446],"palmWidth":87.3423,"pinchDistance":63.756,"pinchStrength":0,"r":[[0.739531,-0.0391596,-0.671983],[0.411352,-0.763914,0.497218],[-0.532808,-0.644129,-0.548829]],"s":1.3579,"sphereCenter":[-5.99575,115.959,21.7562],"sphereRadius":104.552,"stabilizedPalmPosition":[-50.9328,209.453,20.8772],"t":[-135.749,-9.09153,-35.5944],"timeVisible":1.08394,"type":"right","wrist":[-77.3037,201.919,-43.6081]},{"armBasis":[[0.0772975,-0.504294,-0.860065],[0.709996,-0.577779,0.402588],[-0.69995,-0.641762,0.313386]],"armWidth":61.2039,"confidence":0,"direction":[0.82923,0.557141,0.0443918],"elbow":[-122.898,11.3251,105.461],"grabAngle":0.0967176,"grabStrength":0,"id":599,"palmNormal":[-0.494361,0.768201,-0.406785],"palmPosition":[113.849,224.833,28.6386],"palmVelocity":[1.19209e-7,1.19209e-7,1.19209e-7],"palmWidth":87.3423,"pinchDistance":69.2096,"pinchStrength":0,"r":[[1,2.22045e-17,-4.16334e-18],[-2.22045e-17,1,-2.77556e-18],[4.16334e-18,2.77556e-18,1]],"s":1,"sphereCenter":[105.963,297.398,42.7762],"sphereRadius":85.7064,"stabilizedPalmPosition":[113.849,224.833,28.6386],"t":[0,0,0],"timeVisible":0,"type":"right","wrist":[58.626,177.759,24.1883]}],"id":836686,"interactionBox":{"center":[0,200,0],"size":[235.247,235.247,147.751]},"pointables":[{"bases":[[[-0.544168,0.742657,0.39031],[0.432839,0.64704,-0.627686],[-0.718702,-0.172625,-0.673549]],[[-0.40309,0.761722,0.507246],[0.252533,0.625331,-0.738369],[-0.879628,-0.169533,-0.444424]],[[-0.40309,0.761722,0.507246],[0.433917,0.647084,-0.626896],[-0.805751,-0.0325932,-0.591357]],[[-0.40309,0.761722,0.507246],[0.580604,0.641295,-0.501636],[-0.707401,0.0923043,-0.700759]]],"btipPosition":[27.3383,212.294,16.2673],"carpPosition":[-53.9243,205.097,-37.5012],"dipPosition":[12.6404,214.212,1.70741],"direction":[0.805751,0.0325932,0.591357],"extended":true,"handId":598,"id":5980,"length":46.268,"mcpPosition":[-53.9243,205.097,-37.5012],"pipPosition":[-11.7492,213.226,-16.1926],"stabilizedTipPosition":[24.2491,213.32,12.9602],"timeVisible":1.08394,"tipPosition":[23.3712,213.74,15.3466],"tipVelocity":[-46.8917,-68.0794,-3.70632],"tool":false,"touchDistance":0.333333,"touchZone":"none","type":0,"width":22.1735},{"bases":[[[-0.806015,-0.284979,0.518774],[-0.213626,0.957449,0.194048],[-0.552,0.0455822,-0.832598]],[[-0.777403,-0.286902,0.559761],[-0.11592,0.940023,0.320811],[-0.61823,0.184512,-0.764034]],[[-0.777403,-0.286902,0.559761],[-0.0170639,0.899209,0.437186],[-0.628772,0.330317,-0.703943]],[[-0.777403,-0.286902,0.559761],[0.15418,0.775853,0.611785],[-0.609815,0.561907,-0.558915]]],"btipPosition":[22.8937,195.326,87.7255],"carpPosition":[-62.4108,221.193,-23.797],"dipPosition":[13.6438,203.849,79.2477],"direction":[0.628772,-0.330317,0.703943],"extended":true,"handId":598,"id":5981,"length":52.2082,"mcpPosition":[-23.4284,217.974,35.0013],"pipPosition":[0.151634,210.937,64.1424],"stabilizedTipPosition":[21.5316,197.68,85.5726],"timeVisible":1.08394,"tipPosition":[22.1547,198.125,88.8802],"tipVelocity":[-103.849,-36.4976,14.7674],"tool":false,"touchDistance":0.333333,"touchZone":"none","type":1,"width":21.1801},{"bases":[[[-0.824875,-0.435219,0.360785],[-0.358884,0.896255,0.260633],[-0.436788,0.0855096,-0.895491]],[[-0.81774,-0.436539,0.375148],[-0.248231,0.855505,0.454414],[-0.51931,0.278469,-0.807943]],[[-0.81774,-0.436539,0.375148],[-0.0610551,0.713873,0.697608],[-0.572341,0.547557,-0.610415]],[[-0.81774,-0.436539,0.375148],[0.241361,0.33163,0.912012],[-0.522539,0.836335,-0.165824]]],"btipPosition":[2.75663,173.978,95.7833],"carpPosition":[-71.8841,219.397,-16.9383],"dipPosition":[-5.96098,187.931,93.0169],"direction":[0.572341,-0.547557,0.610415],"extended":true,"handId":598,"id":5982,"length":59.4871,"mcpPosition":[-42.6319,213.67,43.0337],"pipPosition":[-20.4099,201.754,77.6067],"stabilizedTipPosition":[1.82051,177.35,94.4634],"timeVisible":1.08394,"tipPosition":[1.51364,178.534,96.2939],"tipVelocity":[-114.816,-2.12889,59.8039],"tool":false,"touchDistance":0.419117,"touchZone":"none","type":2,"width":20.8017},{"bases":[[[-0.850744,-0.484209,0.204393],[-0.430642,0.865139,0.257064],[-0.301301,0.130676,-0.944532]],[[-0.858345,-0.480619,0.179578],[-0.36313,0.816338,0.449143],[-0.362463,0.320309,-0.875227]],[[-0.858345,-0.480619,0.179578],[-0.226332,0.668803,0.70815],[-0.460453,0.567193,-0.682844]],[[-0.858345,-0.480619,0.179578],[0.10407,0.179638,0.978212],[-0.502407,0.858333,-0.104173]]],"btipPosition":[-29.3911,166.244,98.2586],"carpPosition":[-81.543,214.993,-11.7729],"dipPosition":[-37.7247,180.481,96.5306],"direction":[0.460453,-0.567193,0.682844],"extended":true,"handId":598,"id":5983,"length":57.1984,"mcpPosition":[-63.4261,207.136,45.0207],"pipPosition":[-49.0487,194.43,79.7372],"stabilizedTipPosition":[-30.3363,169.494,97.4989],"timeVisible":1.08394,"tipPosition":[-29.1321,168.514,100.107],"tipVelocity":[-114.499,19.6643,27.2051],"tool":false,"touchDistance":0.464353,"touchZone":"none","type":3,"width":19.7941},{"bases":[[[-0.796971,-0.602075,0.0483967],[-0.582637,0.787418,0.201262],[-0.159283,0.132202,-0.978341]],[[-0.808172,-0.587519,-0.0409776],[-0.551206,0.730043,0.403992],[-0.207438,0.349082,-0.913844]],[[-0.808172,-0.587519,-0.0409776],[-0.389744,0.48136,0.785107],[-0.441541,0.650472,-0.618003]],[[-0.808172,-0.587519,-0.0409776],[-0.2951,0.343751,0.891488],[-0.509681,0.732568,-0.451186]]],"btipPosition":[-59.4904,163.826,90.6325],"carpPosition":[-90.3342,204.648,-10.1446],"dipPosition":[-67.2898,175.036,83.7282],"direction":[0.441541,-0.650472,0.618003],"extended":true,"handId":598,"id":5984,"length":44.8425,"mcpPosition":[-81.4684,197.289,44.3105],"pipPosition":[-74.9567,186.331,72.9972],"stabilizedTipPosition":[-60.5563,166.479,88.867],"timeVisible":1.08394,"tipPosition":[-59.0786,167.961,91.2349],"tipVelocity":[-111.56,2.56744,16.5463],"tool":false,"touchDistance":0.333333,"touchZone":"none","type":4,"width":17.5827},{"bases":[[[0.7089,-0.705289,0.00533614],[-0.312375,-0.307173,0.898925],[-0.632363,-0.638915,-0.438069]],[[0.378807,-0.908067,-0.178662],[-0.717152,-0.410039,0.563526],[-0.584978,-0.0853398,-0.806547]],[[0.378807,-0.908067,-0.178662],[-0.437352,-0.345778,0.830157],[-0.815616,-0.236331,-0.528128]],[[0.378807,-0.908067,-0.178662],[0.189068,-0.113046,0.975435],[-0.905957,-0.403281,0.128864]]],"btipPosition":[134.929,226.109,95.0327],"carpPosition":[59.8056,205.212,41.9626],"dipPosition":[114.564,217.043,97.9295],"direction":[0.815616,0.236331,0.528128],"extended":true,"handId":599,"id":5990,"length":50.0584,"mcpPosition":[59.8056,205.212,41.9626],"pipPosition":[87.8532,209.304,80.6337],"stabilizedTipPosition":[130.245,224.024,95.6989],"timeVisible":0,"tipPosition":[130.245,224.024,95.6989],"tipVelocity":[1.19209e-7,1.19209e-7,1.19209e-7],"tool":false,"touchDistance":0.428316,"touchZone":"none","type":0,"width":19.4504},{"bases":[[[0.396266,-0.21735,-0.892038],[0.603659,-0.670374,0.431502],[-0.691786,-0.709477,-0.134441]],[[0.458084,-0.15132,-0.875935],[0.706131,-0.536611,0.461983],[-0.539943,-0.830151,-0.138961]],[[0.458084,-0.15132,-0.875935],[0.706131,-0.536611,0.461983],[-0.539943,-0.830151,-0.138961]],[[0.458084,-0.15132,-0.875935],[0.706131,-0.536611,0.461983],[-0.539943,-0.830151,-0.138961]]],"btipPosition":[172.195,311.355,63.7313],"carpPosition":[79.6635,194.099,42.9961],"dipPosition":[163.334,297.732,61.4508],"direction":[0.539943,0.830151,0.138961],"extended":true,"handId":599,"id":5991,"length":56.4854,"mcpPosition":[128.518,244.202,52.4904],"pipPosition":[150.799,278.459,58.2247],"stabilizedTipPosition":[170.157,308.222,63.2068],"timeVisible":0,"tipPosition":[170.157,308.222,63.2068],"tipVelocity":[1.19209e-7,1.19209e-7,1.19209e-7],"tool":false,"touchDistance":0.333333,"touchZone":"none","type":1,"width":18.579},{"bases":[[[0.190406,-0.193717,-0.962403],[0.646628,-0.712883,0.271424],[-0.73866,-0.673997,-0.0104746]],[[0.141635,-0.23743,-0.961024],[0.757087,-0.599485,0.259687],[-0.637777,-0.764359,0.0948466]],[[0.141635,-0.23743,-0.961024],[0.757087,-0.599485,0.259687],[-0.637777,-0.764359,0.0948466]],[[0.141635,-0.23743,-0.961024],[0.757087,-0.599485,0.259687],[-0.637777,-0.764359,0.0948466]]],"btipPosition":[193.606,306.058,25.3433],"carpPosition":[85.6786,190.858,33.3355],"dipPosition":[182.095,292.261,27.0553],"direction":[0.637777,0.764359,-0.0948466],"extended":true,"handId":599,"id":5992,"length":64.3605,"mcpPosition":[135.147,235.996,34.037],"pipPosition":[164.675,271.384,29.6459],"stabilizedTipPosition":[190.959,302.885,25.737],"timeVisible":0,"tipPosition":[190.959,302.885,25.737],"tipVelocity":[1.19209e-7,1.19209e-7,1.19209e-7],"tool":false,"touchDistance":1,"touchZone":"none","type":2,"width":18.2471},{"bases":[[[0.0303398,-0.236494,-0.971159],[0.634703,-0.746023,0.201498],[-0.772161,-0.622511,0.127469]],[[-0.00716922,-0.266426,-0.963829],[0.735114,-0.654823,0.175541],[-0.677906,-0.707265,0.200548]],[[-0.00716922,-0.266426,-0.963829],[0.735114,-0.654823,0.175541],[-0.677906,-0.707265,0.200548]],[[-0.00716922,-0.266426,-0.963829],[0.735114,-0.654823,0.175541],[-0.677906,-0.707265,0.200548]]],"btipPosition":[194.779,287.788,-2.93387],"carpPosition":[89.0538,188.493,22.2726],"dipPosition":[182.613,275.095,0.665219],"direction":[0.677906,0.707265,-0.200548],"extended":true,"handId":599,"id":5993,"length":61.8844,"mcpPosition":[135.483,225.924,14.608],"pipPosition":[164.575,256.276,6.00144],"stabilizedTipPosition":[191.981,284.869,-2.10608],"timeVisible":0,"tipPosition":[191.981,284.869,-2.10608],"tipVelocity":[1.19209e-7,1.19209e-7,1.19209e-7],"tool":false,"touchDistance":1,"touchZone":"none","type":3,"width":17.3632},{"bases":[[[-0.164524,-0.180416,-0.969733],[0.560966,-0.825772,0.0584596],[-0.811325,-0.534369,0.237067]],[[-0.185341,-0.194103,-0.963314],[0.493251,-0.866234,0.0796408],[-0.849913,-0.460395,0.25629]],[[-0.185341,-0.194103,-0.963314],[0.493251,-0.866234,0.0796408],[-0.849913,-0.460395,0.25629]],[[-0.185341,-0.194103,-0.963314],[0.493251,-0.866234,0.0796408],[-0.849913,-0.460395,0.25629]]],"btipPosition":[190.679,250.803,-22.1235],"carpPosition":[86.6167,189.152,8.83409],"dipPosition":[176.608,243.18,-17.8804],"direction":[0.849913,0.460395,-0.25629],"extended":true,"handId":599,"id":5994,"length":48.5162,"mcpPosition":[131.776,218.895,-4.36122],"pipPosition":[160.641,234.531,-13.0656],"stabilizedTipPosition":[187.443,249.05,-21.1476],"timeVisible":0,"tipPosition":[187.443,249.05,-21.1476],"tipVelocity":[1.19209e-7,1.19209e-7,1.19209e-7],"tool":false,"touchDistance":1,"touchZone":"none","type":4,"width":15.4234}],"r":[[0.858132,0.43051,0.279769],[-0.442506,0.343806,0.828243],[0.26038,-0.834541,0.485534]],"s":7.51801,"t":[964.318,-2772.64,-2572.49],"timestamp":219146533509},{"currentFrameRate":115.225,"devices":[],"gestures":[],"hands":[{"armBasis":[[-0.663726,-0.732033,-0.153607],[-0.467464,0.566286,-0.678821],[0.583905,-0.378746,-0.718058]],"armWidth":67.2446,"confidence":1,"direction":[0.365232,0.0507376,0.929533],"elbow":[73.7664,103.468,-229.416],"grabAngle":0.949402,"grabStrength":0,"id":598,"palmNormal":[0.291831,-0.954421,-0.0625704],"palmPosition":[-53.5985,207.641,21.8517],"palmVelocity":[-77.3019,-7.0326,46.0605],"palmWidth":87.2986,"pinchDistance":63.8872,"pinchStrength":0,"r":[[0.74086,-0.0399528,-0.67047],[0.410435,-0.763241,0.499006],[-0.531667,-0.644878,-0.549056]],"s":1.35896,"sphereCenter":[-7.42807,115.511,22.8829],"sphereRadius":104.499,"stabilizedPalmPosition":[-51.2738,209.221,21.0019],"t":[-136.321,-9.28087,-35.2853],"timeVisible":1.09264,"type":"right","wrist":[-77.5677,201.63,-43.3125]},{"armBasis":[[0.679721,-0.723897,0.118117],[-0.0250524,0.138031,0.990111],[-0.733043,-0.675959,0.0756872]],"armWidth":67.2446,"confidence":0.045763,"direction":[-0.115136,0.045562,0.992304],"elbow":[-86.6297,38.096,-24.5494],"grabAngle":0.391261,"grabStrength":0,"id":599,"palmNormal":[0.691718,0.720626,0.0471715],"palmPosition":[104.746,235.033,21.0256],"palmVelocity":[-1047.1,1173.4,-875.763],"palmWidth":87.2986,"pinchDistance":65.2673,"pinchStrength":0.120298,"r":[[0.968246,-0.128856,0.214233],[0.103353,0.986593,0.126302],[-0.227636,-0.10015,0.968582]],"s":0.934959,"sphereCenter":[24.8723,236.716,49.208],"sphereRadius":87.3206,"stabilizedPalmPosition":[110.928,228.106,26.1959],"t":[-4.5512,5.10018,-3.8065],"timeVisible":0.008693,"type":"right","wrist":[103.357,213.288,-44.1657]}],"id":836687,"interactionBox":{"center":[0,200,0],"size":[235.247,235.247,147.751]},"pointables":[{"bases":[[[-0.545469,0.745208,0.383575],[0.438382,0.643735,-0.627237],[-0.714342,-0.173986,-0.677823]],[[-0.399262,0.76471,0.505775],[0.259382,0.623329,-0.737687],[-0.879381,-0.163341,-0.447223]],[[-0.399262,0.76471,0.505775],[0.438618,0.643743,-0.627063],[-0.805111,-0.0285199,-0.592438]],[[-0.399262,0.76471,0.505775],[0.583601,0.637435,-0.503076],[-0.707106,0.0943123,-0.700789]]],"btipPosition":[26.89,211.538,16.7673],"carpPosition":[-54.1926,204.804,-37.0586],"dipPosition":[12.242,213.492,2.25014],"direction":[0.805111,0.0285199,0.592438],"extended":true,"handId":598,"id":5980,"length":46.1302,"mcpPosition":[-54.1926,204.804,-37.0586],"pipPosition":[-12.0557,212.631,-15.6292],"stabilizedTipPosition":[23.8514,212.592,13.2159],"timeVisible":1.09264,"tipPosition":[22.7838,213.449,16.1312],"tipVelocity":[-50.2542,-86.0232,58.6487],"tool":false,"touchDistance":0.333333,"touchZone":"none","type":0,"width":22.2183},{"bases":[[[-0.810118,-0.281425,0.514304],[-0.213176,0.958607,0.188757],[-0.546136,0.0432784,-0.836578]],[[-0.781296,-0.283262,0.556183],[-0.113228,0.940627,0.320001],[-0.613805,0.18704,-0.766981]],[[-0.781296,-0.283262,0.556183],[-0.00933829,0.896294,0.443361],[-0.624091,0.341202,-0.702916]],[[-0.781296,-0.283262,0.556183],[0.164647,0.765994,0.621405],[-0.602054,0.577075,-0.55183]]],"btipPosition":[21.6042,194.767,88.1064],"carpPosition":[-62.7432,220.961,-23.4935],"dipPosition":[12.4993,203.494,79.7611],"direction":[0.624091,-0.341202,0.702916],"extended":true,"handId":598,"id":5981,"length":52.0528,"mcpPosition":[-24.1942,217.906,35.5563],"pipPosition":[-0.852607,210.794,64.7228],"stabilizedTipPosition":[20.497,197.216,85.887],"timeVisible":1.09264,"tipPosition":[20.9216,198.123,89.6539],"tipVelocity":[-144.499,-58.8945,47.3293],"tool":false,"touchDistance":0.333333,"touchZone":"none","type":1,"width":21.2229},{"bases":[[[-0.828164,-0.432259,0.356786],[-0.359005,0.897945,0.254576],[-0.430417,0.0827427,-0.89883]],[[-0.821921,-0.433398,0.36961],[-0.248944,0.856962,0.451269],[-0.512321,0.278895,-0.812247]],[[-0.821921,-0.433398,0.36961],[-0.0655746,0.716575,0.694421],[-0.565814,0.546522,-0.617388]],[[-0.821921,-0.433398,0.36961],[0.220812,0.355715,0.908135],[-0.52506,0.82803,-0.19667]]],"btipPosition":[1.3841,174.245,96.9323],"carpPosition":[-72.2599,219.211,-16.698],"dipPosition":[-7.3495,188.018,93.661],"direction":[0.565814,-0.546522,0.617388],"extended":true,"handId":598,"id":5982,"length":59.31,"mcpPosition":[-43.4488,213.673,43.4675],"pipPosition":[-21.5911,201.774,78.1212],"stabilizedTipPosition":[0.860977,177.374,95.137],"timeVisible":1.09264,"tipPosition":[0.254966,178.653,97.1709],"tipVelocity":[-158.312,25.8792,118.813],"tool":false,"touchDistance":0.436331,"touchZone":"none","type":2,"width":20.8437},{"bases":[[[-0.853042,-0.481824,0.200414],[-0.430794,0.866948,0.250634],[-0.29451,0.127464,-0.94711]],[[-0.860386,-0.478359,0.175806],[-0.364638,0.818802,0.443398],[-0.356054,0.317388,-0.878914]],[[-0.860386,-0.478359,0.175806],[-0.231526,0.674182,0.701338],[-0.454016,0.562718,-0.69081]],[[-0.860386,-0.478359,0.175806],[0.0971071,0.184765,0.977974],[-0.500305,0.858507,-0.112517]]],"btipPosition":[-30.7677,166.64,98.8936],"carpPosition":[-81.955,214.849,-11.5849],"dipPosition":[-39.0418,180.838,97.0329],"direction":[0.454016,-0.562718,0.69081],"extended":true,"handId":598,"id":5983,"length":57.0281,"mcpPosition":[-64.2554,207.188,45.3352],"pipPosition":[-50.1743,194.636,80.0941],"stabilizedTipPosition":[-31.4456,169.69,97.9583],"timeVisible":1.09264,"tipPosition":[-30.4557,168.74,100.791],"tipVelocity":[-156.785,44.5702,69.5392],"tool":false,"touchDistance":0.474428,"touchZone":"none","type":3,"width":19.8341},{"bases":[[[-0.79841,-0.60041,0.045264],[-0.582545,0.789285,0.194088],[-0.152259,0.128594,-0.979939]],[[-0.809162,-0.585724,-0.04673],[-0.552723,0.731756,0.398785],[-0.199383,0.348511,-0.915853]],[[-0.809162,-0.585724,-0.04673],[-0.393449,0.481034,0.783456],[-0.43641,0.652329,-0.619688]],[[-0.809162,-0.585724,-0.04673],[-0.300297,0.34387,0.889705],[-0.505053,0.733949,-0.454137]]],"btipPosition":[-60.7983,163.979,90.8606],"carpPosition":[-90.77,204.532,-9.97722],"dipPosition":[-68.5039,175.177,83.9319],"direction":[0.43641,-0.652329,0.619688],"extended":true,"handId":598,"id":5984,"length":44.709,"mcpPosition":[-82.2994,197.378,44.5395],"pipPosition":[-76.0591,186.471,73.2037],"stabilizedTipPosition":[-61.7155,166.523,89.0972],"timeVisible":1.09264,"tipPosition":[-60.352,168.158,91.6999],"tipVelocity":[-147.974,17.3136,25.6009],"tool":false,"touchDistance":0.333333,"touchZone":"none","type":4,"width":17.6182},{"bases":[[[-0.354276,-0.914045,0.197508],[-0.838175,0.216722,-0.500495],[0.41467,-0.34286,-0.842909]],[[-0.417372,-0.845598,0.332813],[-0.894365,0.447106,0.0143893],[-0.16097,-0.291651,-0.942883]],[[-0.417372,-0.845598,0.332813],[-0.90199,0.340948,-0.264894],[0.110522,-0.410754,-0.905023]],[[-0.417372,-0.845598,0.332813],[-0.893139,0.314147,-0.321892],[0.167639,-0.431597,-0.886353]]],"btipPosition":[102.007,286.186,55.1818],"carpPosition":[101.103,250.874,-35.672],"dipPosition":[105.48,277.245,36.8206],"direction":[-0.110522,0.410754,0.905023],"extended":true,"handId":599,"id":5990,"length":46.1302,"mcpPosition":[101.103,250.874,-35.672],"pipPosition":[108.816,264.849,9.50765],"stabilizedTipPosition":[121.75,242.633,81.8474],"timeVisible":0.008693,"tipPosition":[90.6833,277.603,46.8469],"tipVelocity":[-3156.47,6914.27,-5146.69],"tool":false,"touchDistance":0.333333,"touchZone":"none","type":0,"width":22.2183},{"bases":[[[0.906294,-0.391587,-0.159029],[-0.396045,-0.918222,0.00396101],[-0.147575,0.059393,-0.987266]],[[0.916828,-0.395198,0.0569587],[-0.336851,-0.688973,0.641753],[-0.214377,-0.607564,-0.764793]],[[0.916828,-0.395198,0.0569587],[-0.336851,-0.688973,0.641753],[-0.214377,-0.607564,-0.764793]],[[0.916828,-0.395198,0.0569587],[0.00456756,0.153024,0.988212],[-0.399256,-0.90576,0.142102]]],"btipPosition":[146.215,253.501,70.2365],"carpPosition":[121.493,213.452,-19.6964],"dipPosition":[140.124,239.682,72.4046],"direction":[0.214377,0.607564,0.764793],"extended":true,"handId":599,"id":5994,"length":44.709,"mcpPosition":[129.703,210.148,35.228],"pipPosition":[136.413,229.164,59.1643],"stabilizedTipPosition":[177.119,249.358,1.10444],"timeVisible":0.008693,"tipPosition":[143.42,238.903,77.3346],"tipVelocity":[-4903.78,146.431,10569.7],"tool":false,"touchDistance":0.333333,"touchZone":"none","type":4,"width":17.6182},{"bases":[[[0.683478,-0.674354,0.279471],[-0.718658,-0.688759,0.0956081],[0.128014,-0.26619,-0.955382]],[[0.671118,-0.723004,-0.16391],[-0.69591,-0.538175,-0.475475],[0.255558,0.433166,-0.864325]],[[0.671118,-0.723004,-0.16391],[-0.740416,-0.664781,-0.0992483],[-0.0372072,0.187969,-0.98147]],[[0.671118,-0.723004,-0.16391],[-0.740416,-0.664781,-0.0992483],[-0.0372072,0.187969,-0.98147]]],"btipPosition":[75.0563,227.922,110.7],"carpPosition":[92.4517,232.47,-25.4448],"dipPosition":[74.4936,230.765,95.8568],"direction":[0.0372072,-0.187969,0.98147],"extended":true,"handId":599,"id":5991,"length":52.0528,"mcpPosition":[83.4159,251.259,41.9908],"pipPosition":[73.6976,234.786,74.8591],"stabilizedTipPosition":[137.824,281.18,78.1728],"timeVisible":0.008693,"tipPosition":[75.7352,241.73,108.169],"tipVelocity":[-10954.8,-9162.09,5070.63],"tool":false,"touchDistance":0.621431,"touchZone":"none","type":1,"width":21.2229},{"bases":[[[0.806922,-0.576754,0.127404],[-0.589777,-0.798528,0.120481],[0.0322481,-0.172359,-0.984506]],[[0.761352,-0.500059,0.412656],[-0.334723,-0.848267,-0.410369],[0.555251,0.17431,-0.813211]],[[0.761352,-0.500059,0.412656],[-0.49583,-0.859179,-0.126349],[0.417727,-0.108411,-0.902082]],[[0.761352,-0.500059,0.412656],[-0.49583,-0.859179,-0.126349],[0.417727,-0.108411,-0.902082]]],"btipPosition":[55.8897,232.239,116.824],"carpPosition":[99.2001,223.606,-21.4813],"dipPosition":[62.838,230.435,101.819],"direction":[-0.417727,0.108411,0.902082],"extended":true,"handId":599,"id":5992,"length":59.31,"mcpPosition":[97.0415,235.143,44.4191],"pipPosition":[73.3522,227.707,79.114],"stabilizedTipPosition":[148.42,280.237,53.6676],"timeVisible":0.008693,"tipPosition":[68.8442,237.783,116.814],"tipVelocity":[-15353.8,-8174.48,10081.2],"tool":false,"touchDistance":0.722886,"touchZone":"none","type":2,"width":20.8437},{"bases":[[[0.845021,-0.533983,-0.0283098],[-0.529291,-0.842782,0.0978304],[-0.0760987,-0.0676846,-0.9948]],[[0.831539,-0.492385,0.2571],[-0.341695,-0.818348,-0.462116],[0.437936,0.296417,-0.848734]],[[0.831539,-0.492385,0.2571],[-0.541734,-0.821166,0.179474],[0.122751,-0.288519,-0.949573]],[[0.831539,-0.492385,0.2571],[-0.555388,-0.729204,0.399756],[-0.00935542,-0.475203,-0.879827]]],"btipPosition":[92.5363,223.558,112.076],"carpPosition":[108.137,216.28,-19.1099],"dipPosition":[92.3815,215.7,97.5253],"direction":[-0.122751,0.288519,0.949573],"extended":true,"handId":599,"id":5993,"length":57.0281,"mcpPosition":[112.711,220.348,40.6763],"pipPosition":[95.3914,208.625,74.2417],"stabilizedTipPosition":[163.343,266.699,29.8002],"timeVisible":0.008693,"tipPosition":[103.136,225.214,112.499],"tipVelocity":[-11443.7,-7260.78,12750],"tool":false,"touchDistance":0.645487,"touchZone":"none","type":3,"width":19.8341}],"r":[[0.847839,0.431321,0.308433],[-0.466801,0.331211,0.819997],[0.251525,-0.839203,0.482155]],"s":7.36108,"t":[957.063,-2772.73,-2572.08],"timestamp":219146542202},{"currentFrameRate":115.243,"devices":[],"gestures":[],"hands":[{"armBasis":[[-0.667413,-0.728303,-0.155354],[-0.460976,0.567893,-0.681908],[0.58486,-0.3835,-0.714749]],"armWidth":67.3135,"confidence":1,"direction":[0.359641,0.0492797,0.931788],"elbow":[73.6469,102.354,-228.102],"grabAngle":0.943884,"grabStrength":0,"id":598,"palmNormal":[0.288414,-0.955575,-0.0607812],"palmPosition":[-54.2587,207.639,22.3265],"palmVelocity":[-76.357,-0.273184,54.9146],"palmWidth":87.0727,"pinchDistance":63.7728,"pinchStrength":0,"r":[[0.742721,-0.041173,-0.668334],[0.408469,-0.763029,0.500939],[-0.530583,-0.645052,-0.5499]],"s":1.3592,"sphereCenter":[-9.31796,114.475,23.6805],"sphereRadius":104.78,"stabilizedPalmPosition":[-51.6147,209.04,21.1532],"t":[-136.937,-9.37673,-34.8933],"timeVisible":1.10128,"type":"right","wrist":[-77.859,201.699,-42.9493]},{"armBasis":[[-0.808925,0.424191,-0.407066],[0.299764,-0.298035,-0.906265],[-0.50575,-0.855124,0.113931]],"armWidth":67.3135,"confidence":0.0910891,"direction":[-0.263437,0.181202,0.947506],"elbow":[-30.0449,-20.3737,-12.5191],"grabAngle":0.742707,"grabStrength":0,"id":599,"palmNormal":[0.298983,-0.9185,0.258782],"palmPosition":[98.9807,225.181,22.2815],"palmVelocity":[-666.869,-1139.53,145.253],"palmWidth":87.0727,"pinchDistance":51.662,"pinchStrength":0,"r":[[0.775111,-0.507819,0.37593],[0.380684,0.850222,0.363595],[-0.504264,-0.138716,0.852335]],"s":0.789238,"sphereCenter":[60.2311,145.825,42.5892],"sphereRadius":89.5726,"stabilizedPalmPosition":[106.545,227.033,24.7597],"t":[-9.70968,2.72411,-5.08183],"timeVisible":0.017339,"type":"right","wrist":[100.968,201.143,-42.0325]}],"id":836688,"interactionBox":{"center":[0,200,0],"size":[235.247,235.247,147.751]},"pointables":[{"bases":[[[-0.544874,0.747371,0.380195],[0.444835,0.641988,-0.624479],[-0.710798,-0.171139,-0.682259]],[[-0.393015,0.766468,0.508001],[0.271015,0.624469,-0.732523],[-0.878687,-0.150217,-0.45315]],[[-0.393015,0.766468,0.508001],[0.448372,0.642067,-0.621862],[-0.802809,-0.0166279,-0.596005]],[[-0.393015,0.766468,0.508001],[0.591187,0.633762,-0.498843],[-0.704299,0.104271,-0.702204]]],"btipPosition":[26.3108,210.346,17.6016],"carpPosition":[-54.4974,204.806,-36.5569],"dipPosition":[11.7557,212.501,3.08978],"direction":[0.802809,0.0166279,0.596005],"extended":true,"handId":598,"id":5980,"length":46.0205,"mcpPosition":[-54.4974,204.806,-36.5569],"pipPosition":[-12.4149,212,-14.8545],"stabilizedTipPosition":[23.3878,211.679,13.7629],"timeVisible":1.10128,"tipPosition":[22.2218,213.02,16.9317],"tipVelocity":[-64.5184,-132.52,96.6415],"tool":false,"touchDistance":0.333333,"touchZone":"none","type":0,"width":22.254},{"bases":[[[-0.814416,-0.278201,0.509246],[-0.210529,0.959447,0.187455],[-0.540744,0.0454552,-0.839958]],[[-0.785631,-0.280165,0.551627],[-0.107871,0.939967,0.323767],[-0.60922,0.194857,-0.768689]],[[-0.785631,-0.280165,0.551627],[0.00111088,0.890956,0.454088],[-0.618695,0.357358,-0.699651]],[[-0.785631,-0.280165,0.551627],[0.176431,0.753126,0.633777],[-0.593007,0.595239,-0.542249]]],"btipPosition":[20.3496,193.782,88.4828],"carpPosition":[-62.9839,220.982,-22.9279],"dipPosition":[11.4028,202.762,80.3018],"direction":[0.618695,-0.357358,0.699651],"extended":true,"handId":598,"id":5981,"length":51.929,"mcpPosition":[-24.9143,217.782,36.2071],"pipPosition":[-1.80219,210.389,65.369],"stabilizedTipPosition":[19.3108,196.48,86.2712],"timeVisible":1.10128,"tipPosition":[19.7215,197.721,90.384],"tipVelocity":[-140.909,-107.186,47.9037],"tool":false,"touchDistance":0.333333,"touchZone":"none","type":1,"width":21.2571},{"bases":[[[-0.832082,-0.428961,0.351614],[-0.357006,0.899366,0.252364],[-0.424484,0.0844589,-0.901488]],[[-0.82673,-0.429979,0.362816],[-0.247311,0.856995,0.452103],[-0.505326,0.284039,-0.814842]],[[-0.82673,-0.429979,0.362816],[-0.0688665,0.717386,0.693264],[-0.558368,0.548156,-0.622696]],[[-0.82673,-0.429979,0.362816],[0.201033,0.376538,0.904325],[-0.525455,0.820571,-0.224856]]],"btipPosition":[0.0233649,174.156,98.0434],"carpPosition":[-72.5652,219.265,-16.1929],"dipPosition":[-8.69602,187.773,94.3121],"direction":[0.558368,-0.548156,0.622696],"extended":true,"handId":598,"id":5982,"length":59.1689,"mcpPosition":[-44.2248,213.627,43.9943],"pipPosition":[-22.7168,201.537,78.6761],"stabilizedTipPosition":[-0.214345,177.342,95.9117],"timeVisible":1.10128,"tipPosition":[-1.00682,178.418,97.9655],"tipVelocity":[-157.005,-14.3762,116.276],"tool":false,"touchDistance":0.453087,"touchZone":"none","type":2,"width":20.8773},{"bases":[[[-0.856183,-0.478426,0.195089],[-0.428892,0.868655,0.247974],[-0.288102,0.128639,-0.94892]],[[-0.863439,-0.47489,0.170153],[-0.363932,0.819987,0.441785],[-0.349323,0.319531,-0.880837]],[[-0.863439,-0.47489,0.170153],[-0.234871,0.676966,0.697533],[-0.446439,0.562314,-0.696057]],[[-0.863439,-0.47489,0.170153],[0.0827782,0.199346,0.976427],[-0.497615,0.85717,-0.132813]]],"btipPosition":[-32.1451,166.724,99.7016],"carpPosition":[-82.3275,214.939,-11.1499],"dipPosition":[-40.355,180.866,97.5104],"direction":[0.446439,-0.562314,0.696057],"extended":true,"handId":598,"id":5983,"length":56.8925,"mcpPosition":[-65.0578,207.228,45.7314],"pipPosition":[-51.2757,194.622,80.4836],"stabilizedTipPosition":[-32.6725,169.826,98.5459],"timeVisible":1.10128,"tipPosition":[-31.7947,168.665,101.376],"tipVelocity":[-157.603,8.2336,84.6603],"tool":false,"touchDistance":0.486627,"touchZone":"none","type":3,"width":19.866},{"bases":[[[-0.80106,-0.597228,0.0402785],[-0.580595,0.791597,0.190483],[-0.145646,0.129203,-0.980864]],[[-0.811399,-0.581909,-0.054898],[-0.552213,0.732418,0.398277],[-0.191552,0.353477,-0.915621]],[[-0.811399,-0.581909,-0.054898],[-0.396411,0.478848,0.783303],[-0.429523,0.657333,-0.619212]],[[-0.811399,-0.581909,-0.054898],[-0.305598,0.342296,0.888506],[-0.498238,0.73771,-0.455569]]],"btipPosition":[-62.1436,163.877,91.041],"carpPosition":[-91.2081,204.664,-9.60325],"dipPosition":[-69.7271,175.106,84.1069],"direction":[0.429523,-0.657333,0.619212],"extended":true,"handId":598,"id":5984,"length":44.6026,"mcpPosition":[-83.1263,197.495,44.8237],"pipPosition":[-77.1454,186.458,73.4125],"stabilizedTipPosition":[-63.0353,166.484,89.3092],"timeVisible":1.10128,"tipPosition":[-61.6455,168.151,92.081],"tipVelocity":[-152.347,-11.0219,20.7199],"tool":false,"touchDistance":0.333333,"touchZone":"none","type":4,"width":17.6466},{"bases":[[[-0.687892,0.715462,-0.122139],[0.707238,0.622902,-0.334376],[-0.163153,-0.316396,-0.934492]],[[-0.636168,0.767037,0.0833402],[0.771407,0.634413,0.0495069],[-0.0148986,0.0957839,-0.995291]],[[-0.636168,0.767037,0.0833402],[0.745473,0.583224,0.322676],[0.198898,0.267404,-0.942833]],[[-0.636168,0.767037,0.0833402],[0.711863,0.541861,0.446809],[0.29756,0.343573,-0.890739]]],"btipPosition":[122.307,196.792,69.9144],"carpPosition":[133.731,216.53,-24.547],"dipPosition":[128.456,203.892,51.5063],"direction":[-0.198898,-0.267404,0.942833],"extended":false,"handId":599,"id":5990,"length":46.0205,"mcpPosition":[133.731,216.53,-24.547],"pipPosition":[134.445,211.943,23.1199],"stabilizedTipPosition":[122.447,227.005,76.1325],"timeVisible":0.017339,"tipPosition":[127.907,211.761,63.9645],"tipVelocity":[2419.06,-9912.66,1702.73],"tool":false,"touchDistance":0.333333,"touchZone":"none","type":0,"width":22.254},{"bases":[[[-0.948386,-0.316047,-0.0260366],[-0.311355,0.943589,-0.112683],[0.060181,-0.0987607,-0.99329]],[[-0.841228,-0.328833,-0.42919],[-0.379437,0.924542,0.0353549],[0.385178,0.192592,-0.902522]],[[-0.841228,-0.328833,-0.42919],[-0.379437,0.924542,0.0353549],[0.385178,0.192592,-0.902522]],[[-0.841228,-0.328833,-0.42919],[-0.379437,0.924542,0.0353549],[0.385178,0.192592,-0.902522]]],"btipPosition":[85.4279,225.55,116.102],"carpPosition":[118.31,232.92,-20.9461],"dipPosition":[91.2392,228.456,102.486],"direction":[-0.385178,-0.192592,0.902522],"extended":true,"handId":599,"id":5991,"length":51.929,"mcpPosition":[114.073,239.873,48.9838],"pipPosition":[99.4601,232.567,83.2229],"stabilizedTipPosition":[119.552,261.512,90.6254],"timeVisible":0.017339,"tipPosition":[86.5327,235.362,111.402],"tipVelocity":[1369.15,-272.649,657.48],"tool":false,"touchDistance":0.716173,"touchZone":"none","type":1,"width":21.2571},{"bases":[[[-0.864469,-0.482681,-0.1404],[-0.465812,0.874176,-0.137243],[0.188979,-0.0532421,-0.980537]],[[-0.788003,-0.480355,-0.38511],[-0.497461,0.865309,-0.0614223],[0.362744,0.143176,-0.920824]],[[-0.788003,-0.480355,-0.38511],[-0.577243,0.793965,0.190815],[0.214105,0.372665,-0.902928]],[[-0.788003,-0.480355,-0.38511],[-0.61531,0.635863,0.46591],[0.021075,0.604101,-0.796629]]],"btipPosition":[72.8795,208.893,119.665],"carpPosition":[106.662,230.815,-20.8846],"dipPosition":[73.2292,218.918,106.446],"direction":[-0.214105,-0.372665,0.902928],"extended":true,"handId":599,"id":5992,"length":59.1689,"mcpPosition":[94.0448,234.369,44.5803],"pipPosition":[78.6055,228.275,83.7729],"stabilizedTipPosition":[120.938,255.093,76.5963],"timeVisible":0.017339,"tipPosition":[74.9145,222.391,116.238],"tipVelocity":[1789.52,-2385.51,376.049],"tool":false,"touchDistance":0.777075,"touchZone":"none","type":2,"width":20.8773},{"bases":[[[-0.789646,-0.549772,-0.272416],[-0.520122,0.835314,-0.178111],[0.325473,0.00104527,-0.945551]],[[-0.700239,-0.536454,-0.471044],[-0.51346,0.836865,-0.189779],[0.496008,0.108972,-0.861453]],[[-0.700239,-0.536454,-0.471044],[-0.711805,0.575249,0.403016],[0.0547682,0.617499,-0.784663]],[[-0.700239,-0.536454,-0.471044],[-0.567766,0.0184747,0.822983],[-0.43279,0.843727,-0.317517]]],"btipPosition":[62.6751,192.554,93.1987],"carpPosition":[95.9536,225.941,-21.9009],"dipPosition":[55.5347,206.474,87.9601],"direction":[-0.0547682,-0.617499,0.784663],"extended":true,"handId":599,"id":5993,"length":56.8925,"mcpPosition":[76.4437,225.878,34.7785],"pipPosition":[56.8744,221.579,68.7658],"stabilizedTipPosition":[131.111,244.349,49.3937],"timeVisible":0.017339,"tipPosition":[60.5944,206.194,94.8623],"tipVelocity":[-3639.59,-3006.68,-1935.63],"tool":false,"touchDistance":0.366563,"touchZone":"none","type":3,"width":19.866},{"bases":[[[-0.649802,-0.676366,-0.346824],[-0.605797,0.736424,-0.301146],[0.459094,0.0144196,-0.888271]],[[-0.745545,-0.657594,-0.108318],[-0.664141,0.74661,0.0385939],[0.055492,0.100712,-0.993367]],[[-0.745545,-0.657594,-0.108318],[-0.664141,0.74661,0.0385939],[0.055492,0.100712,-0.993367]],[[-0.745545,-0.657594,-0.108318],[-0.638193,0.657607,0.400329],[-0.192023,0.367591,-0.909947]]],"btipPosition":[62.9734,203.66,86.9796],"carpPosition":[88.2163,214.939,-24.3322],"dipPosition":[60.0506,209.254,73.1296],"direction":[-0.055492,-0.100712,0.993367],"extended":true,"handId":599,"id":5994,"length":44.6026,"mcpPosition":[62.7417,214.138,24.9569],"pipPosition":[61.009,210.994,55.9731],"stabilizedTipPosition":[144.055,236.569,24.9164],"timeVisible":0.017339,"tipPosition":[63.8218,200.729,79.8937],"tipVelocity":[-9543.51,-5248.23,1510.41],"tool":false,"touchDistance":0.333333,"touchZone":"none","type":4,"width":17.6466}],"r":[[0.851525,0.403891,0.33433],[-0.478386,0.337506,0.810702],[0.214596,-0.850272,0.48061]],"s":7.18979,"t":[952.802,-2773.65,-2571.41],"timestamp":219146550848},{"currentFrameRate":115.234,"devices":[],"gestures":[],"hands":[{"armBasis":[[-0.671681,-0.723532,-0.159204],[-0.454118,0.571896,-0.683163],[0.585338,-0.38657,-0.712701]],"armWidth":66.8956,"confidence":1,"direction":[0.354273,0.0541151,0.933575],"elbow":[73.23,101.53,-226.583],"grabAngle":0.93599,"grabStrength":0,"id":598,"palmNormal":[0.284237,-0.957322,-0.0523709],"palmPosition":[-54.8036,207.617,22.7882],"palmVelocity":[-62.6709,-2.51077,53.0993],"palmWidth":86.7677,"pinchDistance":61.2285,"pinchStrength":0,"r":[[0.744967,-0.0437819,-0.665663],[0.405566,-0.762538,0.504036],[-0.529661,-0.645461,-0.550309]],"s":1.35816,"sphereCenter":[-11.6568,113.033,25.1426],"sphereRadius":105.106,"stabilizedPalmPosition":[-51.9332,208.898,21.3165],"t":[-137.518,-9.43557,-34.4665],"timeVisible":1.10998,"type":"right","wrist":[-78.0074,201.411,-42.4378]},{"armBasis":[[0.667805,-0.696223,0.26327],[-0.327087,0.0432308,0.944005],[-0.668619,-0.716523,-0.198855]],"armWidth":66.8956,"confidence":0.136289,"direction":[-0.421152,-0.0367466,0.906246],"elbow":[-70.1328,17.6277,-98.1819],"grabAngle":0.3744,"grabStrength":0,"id":599,"palmNormal":[0.70282,0.618352,0.351689],"palmPosition":[83.4553,219.782,17.0647],"palmVelocity":[-1785.76,-620.989,-600.045],"palmWidth":86.7677,"pinchDistance":66.3531,"pinchStrength":0,"r":[[0.625671,-0.684942,0.373349],[0.427285,0.701326,0.570586],[-0.652658,-0.197473,0.731466]],"s":0.748118,"sphereCenter":[-12.722,168.937,21.9043],"sphereRadius":110.119,"stabilizedPalmPosition":[97.275,224.122,21.6704],"t":[-20.0516,-1.16337,-8.32788],"timeVisible":0.026033,"type":"right","wrist":[102.622,202.76,-46.8024]}],"id":836689,"interactionBox":{"center":[0,200,0],"size":[235.247,235.247,147.751]},"pointables":[{"bases":[[[-0.543594,0.75257,0.371677],[0.451614,0.635498,-0.626248],[-0.707495,-0.172571,-0.685325]],[[-0.38319,0.772025,0.507093],[0.288491,0.621567,-0.728304],[-0.877461,-0.132787,-0.460901]],[[-0.38319,0.772025,0.507093],[0.462236,0.635588,-0.618357],[-0.799689,-0.00255179,-0.600409]],[[-0.38319,0.772025,0.507093],[0.600691,0.625335,-0.498123],[-0.701666,0.11373,-0.70337]]],"btipPosition":[25.7945,208.451,18.7111],"carpPosition":[-54.7026,204.381,-35.9222],"dipPosition":[11.292,210.801,4.17339],"direction":[0.799689,0.00255179,0.600409],"extended":true,"handId":598,"id":5980,"length":46.026,"mcpPosition":[-54.7026,204.381,-35.9222],"pipPosition":[-12.7876,210.724,-13.9056],"stabilizedTipPosition":[22.9099,210.296,14.5883],"timeVisible":1.10998,"tipPosition":[21.7952,212.29,17.6065],"tipVelocity":[-57.9994,-212.843,126.927],"tool":false,"touchDistance":0.333333,"touchZone":"none","type":0,"width":22.085},{"bases":[[[-0.818768,-0.270794,0.506251],[-0.207096,0.961716,0.179482],[-0.535473,0.0421113,-0.843502]],[[-0.789107,-0.272652,0.550428],[-0.100558,0.941341,0.322126],[-0.605969,0.198842,-0.770236]],[[-0.789107,-0.272652,0.550428],[0.0138882,0.887941,0.459747],[-0.614099,0.370434,-0.696894]],[[-0.789107,-0.272652,0.550428],[0.189905,0.743902,0.640739],[-0.584163,0.61014,-0.53524]]],"btipPosition":[19.3434,193.035,88.9143],"carpPosition":[-63.1375,220.647,-22.4383],"dipPosition":[10.5289,202.241,80.8381],"direction":[0.614099,-0.370434,0.696894],"extended":true,"handId":598,"id":5981,"length":51.9352,"mcpPosition":[-25.571,217.693,36.7382],"pipPosition":[-2.57949,210.148,65.9623],"stabilizedTipPosition":[18.2062,195.745,86.7062],"timeVisible":1.10998,"tipPosition":[18.6365,197.671,91.1053],"tipVelocity":[-112.233,-79.954,52.4017],"tool":false,"touchDistance":0.333333,"touchZone":"none","type":1,"width":21.0956},{"bases":[[[-0.836202,-0.42257,0.349572],[-0.354243,0.902781,0.243924],[-0.418662,0.0801358,-0.9046]],[[-0.831245,-0.423479,0.360135],[-0.244355,0.860235,0.447533],[-0.499322,0.284009,-0.818546]],[[-0.831245,-0.423479,0.360135],[-0.0715948,0.723992,0.686083],[-0.551277,0.544519,-0.632134]],[[-0.831245,-0.423479,0.360135],[0.181324,0.40586,0.895768],[-0.525503,0.809904,-0.260582]]],"btipPosition":[-1.07673,174.488,99.4608],"carpPosition":[-72.751,219.025,-15.7658],"dipPosition":[-9.79794,187.929,95.1362],"direction":[0.551277,-0.544519,0.632134],"extended":true,"handId":598,"id":5982,"length":59.176,"mcpPosition":[-44.8972,213.693,44.4177],"pipPosition":[-23.6423,201.604,79.2613],"stabilizedTipPosition":[-1.17959,177.422,96.7713],"timeVisible":1.10998,"tipPosition":[-2.16406,178.655,98.9396],"tipVelocity":[-126.583,33.5208,147.338],"tool":false,"touchDistance":0.474436,"touchZone":"none","type":2,"width":20.7187},{"bases":[[[-0.859598,-0.473016,0.193253],[-0.426246,0.872378,0.239315],[-0.281789,0.123341,-0.951515]],[[-0.866699,-0.469616,0.168208],[-0.361483,0.823647,0.436963],[-0.343748,0.317911,-0.883612]],[[-0.866699,-0.469616,0.168208],[-0.235064,0.681912,0.692634],[-0.439975,0.560765,-0.701402]],[[-0.866699,-0.469616,0.168208],[0.0605213,0.235719,0.969935],[-0.495146,0.850822,-0.175875]]],"btipPosition":[-33.2186,167.12,100.997],"carpPosition":[-82.5486,214.789,-10.7677],"dipPosition":[-41.3888,181.159,98.0948],"direction":[0.439975,-0.560765,0.701402],"extended":true,"handId":598,"id":5983,"length":56.8993,"mcpPosition":[-65.7164,207.422,46.0694],"pipPosition":[-52.1527,194.878,80.9352],"stabilizedTipPosition":[-33.7049,170.048,99.3051],"timeVisible":1.10998,"tipPosition":[-33.0428,169.119,102.202],"tipVelocity":[-122.426,42.7262,130.173],"tool":false,"touchDistance":0.505489,"touchZone":"none","type":3,"width":19.7151},{"bases":[[[-0.804111,-0.593158,0.0396108],[-0.577966,0.795633,0.181449],[-0.139143,0.123011,-0.982602]],[[-0.814014,-0.577823,-0.0591737],[-0.550416,0.734814,0.396346],[-0.185536,0.355201,-0.916192]],[[-0.814014,-0.577823,-0.0591737],[-0.395667,0.477031,0.784786],[-0.42524,0.66224,-0.616935]],[[-0.814014,-0.577823,-0.0591737],[-0.305963,0.33996,0.889277],[-0.493729,0.741989,-0.453525]]],"btipPosition":[-63.1235,163.967,91.2933],"carpPosition":[-91.4721,204.594,-9.20939],"dipPosition":[-70.6393,175.262,84.3895],"direction":[0.42524,-0.66224,0.616935],"extended":true,"handId":598,"id":5984,"length":44.608,"mcpPosition":[-83.7783,197.792,45.1231],"pipPosition":[-77.9845,186.701,73.7331],"stabilizedTipPosition":[-64.1805,166.535,89.5589],"timeVisible":1.10998,"tipPosition":[-62.8757,168.573,92.6519],"tipVelocity":[-110.923,12.0648,29.8176],"tool":false,"touchDistance":0.333333,"touchZone":"none","type":4,"width":17.5125},{"bases":[[[-0.480107,-0.87614,-0.0433221],[-0.61134,0.369603,-0.699755],[0.629095,-0.309473,-0.713068]],[[-0.58951,-0.802608,0.0910967],[-0.704079,0.455287,-0.544964],[0.395917