{"frames":208,"data":[{"currentFrameRate":109.085,"devices":[],"gestures":[],"hands":[],"id":63838,"interactionBox":{"center":[0,200,0],"size":[235.247,235.247,147.751]},"pointables":[],"r":[[-0.754899,-0.654254,0.0456001],[0.655792,-0.753871,0.0401916],[0.00808112,0.0602448,0.998151]],"s":-0.883561,"t":[136.479,-284.747,402.132],"timestamp":495003023166},{"currentFrameRate":109.302,"devices":[],"gestures":[],"hands":[],"id":63839,"interactionBox":{"center":[0,200,0],"size":[235.247,235.247,147.751]},"pointables":[],"r":[[-0.754899,-0.654254,0.0456001],[0.655792,-0.753871,0.0401916],[0.00808112,0.0602448,0.998151]],"s":-0.883561,"t":[136.479,-284.747,402.132],"timestamp":495003031927},{"currentFrameRate":109.584,"devices":[],"gestures":[],"hands":[],"id":63840,"interactionBox":{"center":[0,200,0],"size":[235.247,235.247,147.751]},"pointables":[],"r":[[-0.754899,-0.654254,0.0456001],[0.655792,-0.753871,0.0401916],[0.00808112,0.0602448,0.998151]],"s":-0.883561,"t":[136.479,-284.747,402.132],"timestamp":495003040548},{"currentFrameRate":109.773,"devices":[],"gestures":[],"hands":[],"id":63841,"interactionBox":{"center":[0,200,0],"size":[235.247,235.247,147.751]},"pointables":[],"r":[[-0.754899,-0.654254,0.0456001],[0.655792,-0.753871,0.0401916],[0.00808112,0.0602448,0.998151]],"s":-0.883561,"t":[136.479,-284.747,402.132],"timestamp":495003049322},{"currentFrameRate":110.041,"devices":[],"gestures":[],"hands":[],"id":63842,"interactionBox":{"center":[0,200,0],"size":[235.247,235.247,147.751]},"pointables":[],"r":[[-0.754899,-0.654254,0.0456001],[0.655792,-0.753871,0.0401916],[0.00808112,0.0602448,0.998151]],"s":-0.883561,"t":[136.479,-284.747,402.132],"timestamp":495003057932},{"currentFrameRate":110.253,"devices":[],"gestures":[],"hands":[],"id":63843,"interactionBox":{"center":[0,200,0],"size":[235.247,235.247,147.751]},"pointables":[],"r":[[-0.754899,-0.654254,0.0456001],[0.655792,-0.753871,0.0401916],[0.00808112,0.0602448,0.998151]],"s":-0.883561,"t":[136.479,-284.747,402.132],"timestamp":495003066627},{"currentFrameRate":110.491,"devices":[],"gestures":[],"hands":[],"id":63844,"interactionBox":{"center":[0,200,0],"size":[235.247,235.247,147.751]},"pointables":[],"r":[[-0.754899,-0.654254,0.0456001],[0.655792,-0.753871,0.0401916],[0.00808112,0.0602448,0.998151]],"s":-0.883561,"t":[136.479,-284.747,402.132],"timestamp":495003075256},{"currentFrameRate":110.665,"devices":[],"gestures":[],"hands":[],"id":63845,"interactionBox":{"center":[0,200,0],"size":[235.247,235.247,147.751]},"pointables":[],"r":[[-0.754899,-0.654254,0.0456001],[0.655792,-0.753871,0.0401916],[0.00808112,0.0602448,0.998151]],"s":-0.883561,"t":[136.479,-284.747,402.132],"timestamp":495003083984},{"currentFrameRate":110.906,"devices":[],"gestures":[],"hands":[],"id":63846,"interactionBox":{"center":[0,200,0],"size":[235.247,235.247,147.751]},"pointables":[],"r":[[-0.754899,-0.654254,0.0456001],[0.655792,-0.753871,0.0401916],[0.00808112,0.0602448,0.998151]],"s":-0.883561,"t":[136.479,-284.747,402.132],"timestamp":495003092576},{"currentFrameRate":111.06,"devices":[],"gestures":[],"hands":[],"id":63847,"interactionBox":{"center":[0,200,0],"size":[235.247,235.247,147.751]},"pointables":[],"r":[[-0.754899,-0.654254,0.0456001],[0.655792,-0.753871,0.0401916],[0.00808112,0.0602448,0.998151]],"s":-0.883561,"t":[136.479,-284.747,402.132],"timestamp":495003101308},{"currentFrameRate":111.224,"devices":[],"gestures":[],"hands":[],"id":63848,"interactionBox":{"center":[0,200,0],"size":[235.247,235.247,147.751]},"pointables":[],"r":[[-0.754899,-0.654254,0.0456001],[0.655792,-0.753871,0.0401916],[0.00808112,0.0602448,0.998151]],"s":-0.883561,"t":[136.479,-284.747,402.132],"timestamp":495003110010},{"currentFrameRate":111.379,"devices":[],"gestures":[],"hands":[],"id":63849,"interactionBox":{"center":[0,200,0],"size":[235.247,235.247,147.751]},"pointables":[],"r":[[-0.754899,-0.654254,0.0456001],[0.655792,-0.753871,0.0401916],[0.00808112,0.0602448,0.998151]],"s":-0.883561,"t":[136.479,-284.747,402.132],"timestamp":495003118717},{"currentFrameRate":111.491,"devices":[],"gestures":[],"hands":[],"id":63850,"interactionBox":{"center":[0,200,0],"size":[235.247,235.247,147.751]},"pointables":[],"r":[[-0.754899,-0.654254,0.0456001],[0.655792,-0.753871,0.0401916],[0.00808112,0.0602448,0.998151]],"s":-0.883561,"t":[136.479,-284.747,402.132],"timestamp":495003127489},{"currentFrameRate":111.716,"devices":[],"gestures":[],"hands":[],"id":63851,"interactionBox":{"center":[0,200,0],"size":[235.247,235.247,147.751]},"pointables":[],"r":[[-0.754899,-0.654254,0.0456001],[0.655792,-0.753871,0.0401916],[0.00808112,0.0602448,0.998151]],"s":-0.883561,"t":[136.479,-284.747,402.132],"timestamp":495003136046},{"currentFrameRate":111.863,"devices":[],"gestures":[],"hands":[],"id":63852,"interactionBox":{"center":[0,200,0],"size":[235.247,235.247,147.751]},"pointables":[],"r":[[-0.754899,-0.654254,0.0456001],[0.655792,-0.753871,0.0401916],[0.00808112,0.0602448,0.998151]],"s":-0.883561,"t":[136.479,-284.747,402.132],"timestamp":495003144729},{"currentFrameRate":111.779,"devices":[],"gestures":[],"hands":[],"id":63853,"interactionBox":{"center":[0,200,0],"size":[235.247,235.247,147.751]},"pointables":[],"r":[[-0.754899,-0.654254,0.0456001],[0.655792,-0.753871,0.0401916],[0.00808112,0.0602448,0.998151]],"s":-0.883561,"t":[136.479,-284.747,402.132],"timestamp":495003153822},{"currentFrameRate":112.146,"devices":[],"gestures":[],"hands":[],"id":63854,"interactionBox":{"center":[0,200,0],"size":[235.247,235.247,147.751]},"pointables":[],"r":[[-0.754899,-0.654254,0.0456001],[0.655792,-0.753871,0.0401916],[0.00808112,0.0602448,0.998151]],"s":-0.883561,"t":[136.479,-284.747,402.132],"timestamp":495003162097},{"currentFrameRate":112.281,"devices":[],"gestures":[],"hands":[],"id":63855,"interactionBox":{"center":[0,200,0],"size":[235.247,235.247,147.751]},"pointables":[],"r":[[-0.754899,-0.654254,0.0456001],[0.655792,-0.753871,0.0401916],[0.00808112,0.0602448,0.998151]],"s":-0.883561,"t":[136.479,-284.747,402.132],"timestamp":495003170768},{"currentFrameRate":112.194,"devices":[],"gestures":[],"hands":[],"id":63856,"interactionBox":{"center":[0,200,0],"size":[235.247,235.247,147.751]},"pointables":[],"r":[[-0.754899,-0.654254,0.0456001],[0.655792,-0.753871,0.0401916],[0.00808112,0.0602448,0.998151]],"s":-0.883561,"t":[136.479,-284.747,402.132],"timestamp":495003179833},{"currentFrameRate":112.57,"devices":[],"gestures":[],"hands":[],"id":63857,"interactionBox":{"center":[0,200,0],"size":[235.247,235.247,147.751]},"pointables":[],"r":[[-0.754899,-0.654254,0.0456001],[0.655792,-0.753871,0.0401916],[0.00808112,0.0602448,0.998151]],"s":-0.883561,"t":[136.479,-284.747,402.132],"timestamp":495003188063},{"currentFrameRate":112.594,"devices":[],"gestures":[],"hands":[],"id":63858,"interactionBox":{"center":[0,200,0],"size":[235.247,235.247,147.751]},"pointables":[],"r":[[-0.754899,-0.654254,0.0456001],[0.655792,-0.753871,0.0401916],[0.00808112,0.0602448,0.998151]],"s":-0.883561,"t":[136.479,-284.747,402.132],"timestamp":495003196902},{"currentFrameRate":112.803,"devices":[],"gestures":[],"hands":[],"id":63859,"interactionBox":{"center":[0,200,0],"size":[235.247,235.247,147.751]},"pointables":[],"r":[[-0.754899,-0.654254,0.0456001],[0.655792,-0.753871,0.0401916],[0.00808112,0.0602448,0.998151]],"s":-0.883561,"t":[136.479,-284.747,402.132],"timestamp":495003205405},{"currentFrameRate":112.891,"devices":[],"gestures":[],"hands":[],"id":63860,"interactionBox":{"center":[0,200,0],"size":[235.247,235.247,147.751]},"pointables":[],"r":[[-0.754899,-0.654254,0.0456001],[0.655792,-0.753871,0.0401916],[0.00808112,0.0602448,0.998151]],"s":-0.883561,"t":[136.479,-284.747,402.132],"timestamp":495003214110},{"currentFrameRate":113.016,"devices":[],"gestures":[],"hands":[],"id":63861,"interactionBox":{"center":[0,200,0],"size":[235.247,235.247,147.751]},"pointables":[],"r":[[-0.754899,-0.654254,0.0456001],[0.655792,-0.753871,0.0401916],[0.00808112,0.0602448,0.998151]],"s":-0.883561,"t":[136.479,-284.747,402.132],"timestamp":495003222741},{"currentFrameRate":113.069,"devices":[],"gestures":[],"hands":[],"id":63862,"interactionBox":{"center":[0,200,0],"size":[235.247,235.247,147.751]},"pointables":[],"r":[[-0.754899,-0.654254,0.0456001],[0.655792,-0.753871,0.0401916],[0.00808112,0.0602448,0.998151]],"s":-0.883561,"t":[136.479,-284.747,402.132],"timestamp":495003231495},{"currentFrameRate":113.205,"devices":[],"gestures":[],"hands":[],"id":63863,"interactionBox":{"center":[0,200,0],"size":[235.247,235.247,147.751]},"pointables":[],"r":[[-0.754899,-0.654254,0.0456001],[0.655792,-0.753871,0.0401916],[0.00808112,0.0602448,0.998151]],"s":-0.883561,"t":[136.479,-284.747,402.132],"timestamp":495003240093},{"currentFrameRate":113.323,"devices":[],"gestures":[],"hands":[],"id":63864,"interactionBox":{"center":[0,200,0],"size":[235.247,235.247,147.751]},"pointables":[],"r":[[-0.754899,-0.654254,0.0456001],[0.655792,-0.753871,0.0401916],[0.00808112,0.0602448,0.998151]],"s":-0.883561,"t":[136.479,-284.747,402.132],"timestamp":495003248713},{"currentFrameRate":113.455,"devices":[],"gestures":[],"hands":[],"id":63865,"interactionBox":{"center":[0,200,0],"size":[235.247,235.247,147.751]},"pointables":[],"r":[[-0.754899,-0.654254,0.0456001],[0.655792,-0.753871,0.0401916],[0.00808112,0.0602448,0.998151]],"s":-0.883561,"t":[136.479,-284.747,402.132],"timestamp":495003257299},{"currentFrameRate":113.49,"devices":[],"gestures":[],"hands":[],"id":63866,"interactionBox":{"center":[0,200,0],"size":[235.247,235.247,147.751]},"pointables":[],"r":[[-0.754899,-0.654254,0.0456001],[0.655792,-0.753871,0.0401916],[0.00808112,0.0602448,0.998151]],"s":-0.883561,"t":[136.479,-284.747,402.132],"timestamp":495003266050},{"currentFrameRate":113.577,"devices":[],"gestures":[],"hands":[],"id":63867,"interactionBox":{"center":[0,200,0],"size":[235.247,235.247,147.751]},"pointables":[],"r":[[-0.754899,-0.654254,0.0456001],[0.655792,-0.753871,0.0401916],[0.00808112,0.0602448,0.998151]],"s":-0.883561,"t":[136.479,-284.747,402.132],"timestamp":495003274705},{"currentFrameRate":113.637,"devices":[],"gestures":[],"hands":[],"id":63868,"interactionBox":{"center":[0,200,0],"size":[235.247,235.247,147.751]},"pointables":[],"r":[[-0.754899,-0.654254,0.0456001],[0.655792,-0.753871,0.0401916],[0.00808112,0.0602448,0.998151]],"s":-0.883561,"t":[136.479,-284.747,402.132],"timestamp":495003283402},{"currentFrameRate":113.717,"devices":[],"gestures":[],"hands":[],"id":63869,"interactionBox":{"center":[0,200,0],"size":[235.247,235.247,147.751]},"pointables":[],"r":[[-0.754899,-0.654254,0.0456001],[0.655792,-0.753871,0.0401916],[0.00808112,0.0602448,0.998151]],"s":-0.883561,"t":[136.479,-284.747,402.132],"timestamp":495003292058},{"currentFrameRate":113.75,"devices":[],"gestures":[],"hands":[],"id":63870,"interactionBox":{"center":[0,200,0],"size":[235.247,235.247,147.751]},"pointables":[],"r":[[-0.754899,-0.654254,0.0456001],[0.655792,-0.753871,0.0401916],[0.00808112,0.0602448,0.998151]],"s":-0.883561,"t":[136.479,-284.747,402.132],"timestamp":495003300792},{"currentFrameRate":113.775,"devices":[],"gestures":[],"hands":[],"id":63871,"interactionBox":{"center":[0,200,0],"size":[235.247,235.247,147.751]},"pointables":[],"r":[[-0.754899,-0.654254,0.0456001],[0.655792,-0.753871,0.0401916],[0.00808112,0.0602448,0.998151]],"s":-0.883561,"t":[136.479,-284.747,402.132],"timestamp":495003309539},{"currentFrameRate":113.848,"devices":[],"gestures":[],"hands":[],"id":63872,"interactionBox":{"center":[0,200,0],"size":[235.247,235.247,147.751]},"pointables":[],"r":[[-0.754899,-0.654254,0.0456001],[0.655792,-0.753871,0.0401916],[0.00808112,0.0602448,0.998151]],"s":-0.883561,"t":[136.479,-284.747,402.132],"timestamp":495003318196},{"currentFrameRate":113.893,"devices":[],"gestures":[],"hands":[],"id":63873,"interactionBox":{"center":[0,200,0],"size":[235.247,235.247,147.751]},"pointables":[],"r":[[-0.754899,-0.654254,0.0456001],[0.655792,-0.753871,0.0401916],[0.00808112,0.0602448,0.998151]],"s":-0.883561,"t":[136.479,-284.747,402.132],"timestamp":495003326900},{"currentFrameRate":113.978,"devices":[],"gestures":[],"hands":[],"id":63874,"interactionBox":{"center":[0,200,0],"size":[235.247,235.247,147.751]},"pointables":[],"r":[[-0.754899,-0.654254,0.0456001],[0.655792,-0.753871,0.0401916],[0.00808112,0.0602448,0.998151]],"s":-0.883561,"t":[136.479,-284.747,402.132],"timestamp":495003335528},{"currentFrameRate":113.905,"devices":[],"gestures":[],"hands":[],"id":63875,"interactionBox":{"center":[0,200,0],"size":[235.247,235.247,147.751]},"pointables":[],"r":[[-0.754899,-0.654254,0.0456001],[0.655792,-0.753871,0.0401916],[0.00808112,0.0602448,0.998151]],"s":-0.883561,"t":[136.479,-284.747,402.132],"timestamp":495003344432},{"currentFrameRate":114.082,"devices":[],"gestures":[],"hands":[],"id":63876,"interactionBox":{"center":[0,200,0],"size":[235.247,235.247,147.751]},"pointables":[],"r":[[-0.754899,-0.654254,0.0456001],[0.655792,-0.753871,0.0401916],[0.00808112,0.0602448,0.998151]],"s":-0.883561,"t":[136.479,-284.747,402.132],"timestamp":495003352893},{"currentFrameRate":114.108,"devices":[],"gestures":[],"hands":[],"id":63877,"interactionBox":{"center":[0,200,0],"size":[235.247,235.247,147.751]},"pointables":[],"r":[[-0.754899,-0.654254,0.0456001],[0.655792,-0.753871,0.0401916],[0.00808112,0.0602448,0.998151]],"s":-0.883561,"t":[136.479,-284.747,402.132],"timestamp":495003361612},{"currentFrameRate":114.173,"devices":[],"gestures":[],"hands":[],"id":63878,"interactionBox":{"center":[0,200,0],"size":[235.247,235.247,147.751]},"pointables":[],"r":[[-0.754899,-0.654254,0.0456001],[0.655792,-0.753871,0.0401916],[0.00808112,0.0602448,0.998151]],"s":-0.883561,"t":[136.479,-284.747,402.132],"timestamp":495003370260},{"currentFrameRate":114.217,"devices":[],"gestures":[],"hands":[],"id":63879,"interactionBox":{"center":[0,200,0],"size":[235.247,235.247,147.751]},"pointables":[],"r":[[-0.754899,-0.654254,0.0456001],[0.655792,-0.753871,0.0401916],[0.00808112,0.0602448,0.998151]],"s":-0.883561,"t":[136.479,-284.747,402.132],"timestamp":495003378940},{"currentFrameRate":114.289,"devices":[],"gestures":[],"hands":[],"id":63880,"interactionBox":{"center":[0,200,0],"size":[235.247,235.247,147.751]},"pointables":[],"r":[[-0.754899,-0.654254,0.0456001],[0.655792,-0.753871,0.0401916],[0.00808112,0.0602448,0.998151]],"s":-0.883561,"t":[136.479,-284.747,402.132],"timestamp":495003387567},{"currentFrameRate":114.317,"devices":[],"gestures":[],"hands":[],"id":63881,"interactionBox":{"center":[0,200,0],"size":[235.247,235.247,147.751]},"pointables":[],"r":[[-0.754899,-0.654254,0.0456001],[0.655792,-0.753871,0.0401916],[0.00808112,0.0602448,0.998151]],"s":-0.883561,"t":[136.479,-284.747,402.132],"timestamp":495003396266},{"currentFrameRate":114.373,"devices":[],"gestures":[],"hands":[],"id":63882,"interactionBox":{"center":[0,200,0],"size":[235.247,235.247,147.751]},"pointables":[],"r":[[-0.754899,-0.654254,0.0456001],[0.655792,-0.753871,0.0401916],[0.00808112,0.0602448,0.998151]],"s":-0.883561,"t":[136.479,-284.747,402.132],"timestamp":495003404914},{"currentFrameRate":114.4,"devices":[],"gestures":[],"hands":[],"id":63883,"interactionBox":{"center":[0,200,0],"size":[235.247,235.247,147.751]},"pointables":[],"r":[[-0.754899,-0.654254,0.0456001],[0.655792,-0.753871,0.0401916],[0.00808112,0.0602448,0.998151]],"s":-0.883561,"t":[136.479,-284.747,402.132],"timestamp":495003413608},{"currentFrameRate":114.436,"devices":[],"gestures":[],"hands":[],"id":63884,"interactionBox":{"center":[0,200,0],"size":[235.247,235.247,147.751]},"pointables":[],"r":[[-0.754899,-0.654254,0.0456001],[0.655792,-0.753871,0.0401916],[0.00808112,0.0602448,0.998151]],"s":-0.883561,"t":[136.479,-284.747,402.132],"timestamp":495003422285},{"currentFrameRate":114.457,"devices":[],"gestures":[],"hands":[],"id":63885,"interactionBox":{"center":[0,200,0],"size":[235.247,235.247,147.751]},"pointables":[],"r":[[-0.754899,-0.654254,0.0456001],[0.655792,-0.753871,0.0401916],[0.00808112,0.0602448,0.998151]],"s":-0.883561,"t":[136.479,-284.747,402.132],"timestamp":495003430987},{"currentFrameRate":114.511,"devices":[],"gestures":[],"hands":[{"armBasis":[[-0.642483,0.471665,0.603943],[-0.699073,-0.0379526,-0.714043],[-0.313868,-0.88096,0.354112]],"armWidth":63.9541,"confidence":0,"direction":[-0.0436767,0.744011,-0.666738],"elbow":[-180.221,-115.956,283.394],"grabAngle":0,"grabStrength":0,"id":48,"palmNormal":[0.772277,0.448519,0.449911],"palmPosition":[-86.312,179.435,137.281],"palmVelocity":[1.19209e-7,1.19209e-7,1.19209e-7],"palmWidth":91.3243,"pinchDistance":45.1788,"pinchStrength":0,"r":[[1,1.80411e-17,1.17961e-17],[-1.80411e-17,1,-4.25631e-34],[-1.17961e-17,2.12815e-34,1]],"s":1,"sphereCenter":[-176.142,184.485,90.5959],"sphereRadius":94.7183,"stabilizedPalmPosition":[-86.312,179.435,137.281],"t":[0,0,0],"timeVisible":0,"type":"right","wrist":[-95.1648,122.777,187.433]}],"id":63886,"interactionBox":{"center":[0,200,0],"size":[235.247,235.247,147.751]},"pointables":[{"bases":[[[-0.9543,-0.0566971,-0.293421],[0.181738,-0.889524,-0.419188],[-0.237238,-0.453357,0.859177]],[[-0.98333,-0.16688,-0.072198],[0.176984,-0.969488,-0.169617],[-0.0416894,-0.179567,0.982862]],[[-0.98333,-0.16688,-0.072198],[0.180783,-0.85479,-0.486468],[0.0194675,-0.491411,0.87071]],[[-0.98333,-0.16688,-0.072198],[0.168881,-0.691074,-0.702777],[0.0673851,-0.703255,0.707737]]],"btipPosition":[-65.647,171.423,70.5153],"carpPosition":[-65.4867,129.091,166.179],"dipPosition":[-64.0642,154.904,87.1397],"direction":[-0.0194675,0.491411,-0.87071],"extended":true,"handId":48,"id":480,"length":52.3079,"mcpPosition":[-65.4867,129.091,166.179],"pipPosition":[-63.398,138.087,116.936],"stabilizedTipPosition":[-65.283,167.624,74.3389],"timeVisible":0,"tipPosition":[-65.283,167.624,74.3389],"tipVelocity":[1.19209e-7,1.19209e-7,1.19209e-7],"tool":false,"touchDistance":1,"touchZone":"none","type":0,"width":20.3244},{"bases":[[[-0.632119,0.613146,0.473791],[-0.754334,-0.347092,-0.557232],[-0.177216,-0.709634,0.68192]],[[-0.654824,0.458256,0.601005],[-0.648976,-0.748484,-0.136385],[0.387344,-0.479346,0.787523]],[[-0.654824,0.458256,0.601005],[-0.648976,-0.748484,-0.136385],[0.387344,-0.479346,0.787523]],[[-0.654824,0.458256,0.601005],[-0.648976,-0.748484,-0.136385],[0.387344,-0.479346,0.787523]]],"btipPosition":[-105.898,225.206,38.0776],"carpPosition":[-86.2423,132.288,154.998],"dipPosition":[-99.2557,216.986,51.5824],"direction":[-0.387344,0.479346,-0.787523],"extended":true,"handId":48,"id":481,"length":59.0236,"mcpPosition":[-73.1567,184.687,104.645],"pipPosition":[-89.8591,205.357,70.6871],"stabilizedTipPosition":[-104.37,223.315,41.1837],"timeVisible":0,"tipPosition":[-104.37,223.315,41.1837],"tipVelocity":[1.19209e-7,1.19209e-7,1.19209e-7],"tool":false,"touchDistance":1,"touchZone":"none","type":1,"width":19.4139},{"bases":[[[-0.512331,0.561761,0.649571],[-0.854049,-0.253931,-0.454003],[-0.0900955,-0.787365,0.609868]],[[-0.496449,0.658538,0.565567],[-0.855523,-0.481531,-0.190284],[0.147029,-0.578322,0.80245]],[[-0.496449,0.658538,0.565567],[-0.855523,-0.481531,-0.190284],[0.147029,-0.578322,0.80245]],[[-0.496449,0.658538,0.565567],[-0.855523,-0.481531,-0.190284],[0.147029,-0.578322,0.80245]]],"btipPosition":[-102.928,250.137,39.8715],"carpPosition":[-95.1544,139.611,159.435],"dipPosition":[-100.155,239.229,55.0065],"direction":[-0.147029,0.578322,-0.80245],"extended":true,"handId":48,"id":482,"length":67.2526,"mcpPosition":[-88.8455,194.745,116.73],"pipPosition":[-95.9584,222.723,77.9091],"stabilizedTipPosition":[-102.29,247.628,43.3525],"timeVisible":0,"tipPosition":[-102.29,247.628,43.3525],"tipVelocity":[1.19209e-7,1.19209e-7,1.19209e-7],"tool":false,"touchDistance":1,"touchZone":"none","type":2,"width":19.067},{"bases":[[[-0.454155,0.457304,0.764602],[-0.890907,-0.238117,-0.386762],[0.00519669,-0.856839,0.515558]],[[-0.435407,0.690093,0.578094],[-0.878179,-0.466865,-0.10411],[0.198046,-0.553001,0.809301]],[[-0.435407,0.690093,0.578094],[-0.878179,-0.466865,-0.10411],[0.198046,-0.553001,0.809301]],[[-0.435407,0.690093,0.578094],[-0.878179,-0.466865,-0.10411],[0.198046,-0.553001,0.809301]]],"btipPosition":[-120.566,251.336,60.1094],"carpPosition":[-102.138,146.922,166.493],"dipPosition":[-116.852,240.966,75.286],"direction":[-0.198046,0.553001,-0.809301],"extended":true,"handId":48,"id":483,"length":64.6652,"mcpPosition":[-102.465,200.792,134.08],"pipPosition":[-111.346,225.591,97.7876],"stabilizedTipPosition":[-119.712,248.951,63.6],"timeVisible":0,"tipPosition":[-119.712,248.951,63.6],"tipVelocity":[1.19209e-7,1.19209e-7,1.19209e-7],"tool":false,"touchDistance":1,"touchZone":"none","type":3,"width":18.1435},{"bases":[[[-0.297013,0.388076,0.872456],[-0.946717,-0.238848,-0.216052],[0.12454,-0.890139,0.438339]],[[-0.320552,0.633798,0.703951],[-0.856131,-0.511859,0.0710003],[0.405323,-0.579915,0.706691]],[[-0.320552,0.633798,0.703951],[-0.870293,-0.490449,0.0452748],[0.373947,-0.598131,0.708804]],[[-0.320552,0.633798,0.703951],[-0.870293,-0.490449,0.0452748],[0.373947,-0.598131,0.708804]]],"btipPosition":[-139.244,248.922,101.753],"carpPosition":[-103.801,154.447,178.52],"dipPosition":[-132.775,238.574,114.016],"direction":[-0.373947,0.598131,-0.708804],"extended":true,"handId":48,"id":484,"length":50.6963,"mcpPosition":[-111.049,206.252,153.01],"pipPosition":[-125.434,226.832,127.93],"stabilizedTipPosition":[-137.756,246.542,104.574],"timeVisible":0,"tipPosition":[-137.756,246.542,104.574],"tipVelocity":[1.19209e-7,1.19209e-7,1.19209e-7],"tool":false,"touchDistance":1,"touchZone":"none","type":4,"width":16.1164}],"r":[[1,1.80411e-17,1.17961e-17],[-1.80411e-17,1,-4.25631e-34],[-1.17961e-17,2.12815e-34,1]],"s":1,"t":[0,0,0],"timestamp":495003439627},{"currentFrameRate":114.51,"devices":[],"gestures":[],"hands":[{"armBasis":[[0.360892,0.334675,0.870488],[-0.841489,0.519254,0.149232],[-0.402061,-0.786364,0.46902]],"armWidth":67.5933,"confidence":0.0459785,"direction":[-0.263852,0.694934,-0.668916],"elbow":[-182.44,-81.5465,301.588],"grabAngle":0.713023,"grabStrength":0,"id":48,"palmNormal":[0.815489,-0.209647,-0.539468],"palmPosition":[-86.5902,180.19,118.811],"palmVelocity":[-31.8534,86.4469,-2114.82],"palmWidth":91.3243,"pinchDistance":40.8127,"pinchStrength":0.588125,"r":[[0.97665,-0.14219,-0.16105],[0.125867,0.986213,-0.107431],[0.174105,0.0846512,0.981082]],"s":0.990447,"sphereCenter":[-66.2183,176.022,65.9643],"sphereRadius":63.1467,"stabilizedPalmPosition":[-86.3127,179.437,137.237],"t":[-0.139104,0.377514,-9.2354],"timeVisible":0.008734,"type":"right","wrist":[-73.4843,131.552,174.487]}],"id":63887,"interactionBox":{"center":[0,200,0],"size":[235.247,235.247,147.751]},"pointables":[{"bases":[[[-0.573594,0.5999,0.557772],[-0.6763,-0.731015,0.0907441],[0.462177,-0.325171,0.825019]],[[-0.675169,0.664415,0.320467],[-0.71078,-0.702179,-0.0416845],[0.197329,-0.255925,0.946342]],[[-0.675169,0.664415,0.320467],[-0.734258,-0.647013,-0.205522],[0.0707944,-0.374067,0.924696]],[[-0.675169,0.664415,0.320467],[-0.732405,-0.552016,-0.398574],[-0.087916,-0.503816,0.859325]]],"btipPosition":[-87.0978,160.148,47.3985],"carpPosition":[-76.8781,124.357,143.134],"dipPosition":[-89.0232,149.114,66.218],"direction":[-0.0707944,0.374067,-0.924696],"extended":true,"handId":48,"id":480,"length":48.7689,"mcpPosition":[-76.8781,124.357,143.134],"pipPosition":[-86.7645,137.179,95.721],"stabilizedTipPosition":[-71.7372,164.72,67.7819],"timeVisible":0.008734,"tipPosition":[-99.1631,159.832,57.6542],"tipVelocity":[-2548.4,-1146.52,-2588.95],"tool":false,"touchDistance":1,"touchZone":"none","type":0,"width":21.9886},{"bases":[[[0.463517,0.79475,0.391823],[-0.857881,0.291819,0.422944],[0.221793,-0.532179,0.817064]],[[0.484767,0.7326,0.477807],[-0.874043,0.385515,0.295681],[0.0324144,-0.56096,0.827208]],[[0.484767,0.7326,0.477807],[-0.450949,0.677427,-0.581151],[-0.749431,0.0662561,0.658759]],[[0.484767,0.7326,0.477807],[0.0849104,0.504289,-0.85935],[-0.870512,0.457155,0.182257]]],"btipPosition":[-78.3578,194.543,39.2748],"carpPosition":[-91.546,141.503,150.677],"dipPosition":[-92.2757,201.852,42.1888],"direction":[0.749431,-0.0662561,-0.658759],"extended":false,"handId":48,"id":481,"length":55.0303,"mcpPosition":[-107.923,180.799,90.3447],"pipPosition":[-109.226,203.351,57.0885],"stabilizedTipPosition":[-96.1984,213.61,40.74],"timeVisible":0.008734,"tipPosition":[-93.916,203.46,43.5748],"tipVelocity":[2611.79,-3101.73,-141.826],"tool":false,"touchDistance":1,"touchZone":"none","type":1,"width":21.0036},{"bases":[[[0.628631,0.654073,0.420728],[-0.76209,0.410225,0.500933],[0.155053,-0.635535,0.756343]],[[0.601042,0.735916,0.311732],[-0.788232,0.481381,0.383357],[0.132057,-0.476131,0.869402]],[[0.601042,0.735916,0.311732],[-0.788232,0.481381,0.383357],[0.132057,-0.476131,0.869402]],[[0.601042,0.735916,0.311732],[-0.790524,0.604789,0.0964417],[-0.117559,-0.304397,0.945263]]],"btipPosition":[-105.737,236.033,23.773],"carpPosition":[-87.4761,152.032,155.706],"dipPosition":[-107.804,230.681,40.3954],"direction":[-0.132057,0.476131,-0.869402],"extended":true,"handId":48,"id":482,"length":62.7026,"mcpPosition":[-98.3336,196.535,102.744],"pipPosition":[-104.29,218.011,63.5301],"stabilizedTipPosition":[-103.365,244.114,39.0355],"timeVisible":0.008734,"tipPosition":[-115.725,240.452,33.3212],"tipVelocity":[-449.069,-1468.5,-1804.03],"tool":false,"touchDistance":1,"touchZone":"none","type":2,"width":20.6283},{"bases":[[[0.700246,0.520621,0.488477],[-0.709899,0.435439,0.553567],[0.0754973,-0.734402,0.674503]],[[0.652535,0.702405,0.2843],[-0.69902,0.413144,0.58368],[0.292523,-0.579603,0.760586]],[[0.652535,0.702405,0.2843],[-0.745873,0.529188,0.404516],[0.133686,-0.476012,0.869218]],[[0.652535,0.702405,0.2843],[-0.745873,0.529188,0.404516],[0.133686,-0.476012,0.869218]]],"btipPosition":[-103.359,252.019,48.7627],"carpPosition":[-80.5793,160.952,160.699],"dipPosition":[-101.022,243.696,63.96],"direction":[-0.133686,0.476012,-0.869218],"extended":true,"handId":48,"id":483,"length":60.2902,"mcpPosition":[-85.3258,207.123,118.292],"pipPosition":[-97.5561,231.357,86.4925],"stabilizedTipPosition":[-114.451,249.31,60.0672],"timeVisible":0.008734,"tipPosition":[-111.342,254.824,58.2283],"tipVelocity":[1933.9,132.053,-1298.6],"tool":false,"touchDistance":1,"touchZone":"none","type":3,"width":19.6291},{"bases":[[[0.811883,0.352971,0.465035],[-0.582865,0.444509,0.680206],[0.0333812,-0.8233,0.566624]],[[0.769298,0.5714,0.285802],[-0.608188,0.51796,0.601519],[0.195673,-0.636569,0.745984]],[[0.769298,0.5714,0.285802],[-0.608188,0.51796,0.601519],[0.195673,-0.636569,0.745984]],[[0.769298,0.5714,0.285802],[-0.637434,0.656274,0.403711],[0.0431156,-0.492754,0.8691]]],"btipPosition":[-80.392,254.527,78.9904],"carpPosition":[-67.6981,165.951,164.322],"dipPosition":[-79.6966,246.579,93.0087],"direction":[-0.195673,0.636569,-0.745984],"extended":true,"handId":48,"id":484,"length":47.2664,"mcpPosition":[-69.6408,213.866,131.345],"pipPosition":[-76.1152,234.928,106.662],"stabilizedTipPosition":[-118.301,248.624,97.0116],"timeVisible":0.008734,"tipPosition":[-87.1014,257.712,89.7593],"tipVelocity":[6586.24,705.005,-2559.99],"tool":false,"touchDistance":1,"touchZone":"none","type":4,"width":17.4361}],"r":[[0.97665,-0.14219,-0.16105],[0.125867,0.986213,-0.107431],[0.174105,0.0846512,0.981082]],"s":0.990447,"t":[-0.139104,0.377514,-9.2354],"timestamp":495003448361},{"currentFrameRate":114.62,"devices":[],"gestures":[],"hands":[{"armBasis":[[0.328067,0.46489,0.822344],[-0.87976,0.467442,0.0867166],[-0.344084,-0.751914,0.562344]],"armWidth":67.5933,"confidence":0.0907391,"direction":[-0.296545,0.68453,-0.665943],"elbow":[-181.108,-60.1897,308.28],"grabAngle":0.694628,"grabStrength":0,"id":48,"palmNormal":[0.850248,-0.128308,-0.510506],"palmPosition":[-103.032,191.099,99.3359],"palmVelocity":[-1925.7,1277.68,-2280.95],"palmWidth":91.3243,"pinchDistance":46.2861,"pinchStrength":0.455246,"r":[[0.93141,-0.24796,-0.266441],[0.197076,0.95902,-0.203572],[0.306,0.1371,0.942108]],"s":1.04449,"sphereCenter":[-114.346,178.355,43.4677],"sphereRadius":66.8583,"stabilizedPalmPosition":[-89.7839,181.858,129.368],"t":[-8.42946,6.02067,-23.5905],"timeVisible":0.017272,"type":"right","wrist":[-87.8639,143.573,155.889]}],"id":63888,"interactionBox":{"center":[0,200,0],"size":[235.247,235.247,147.751]},"pointables":[{"bases":[[[-0.643347,0.537098,0.545556],[-0.614518,-0.78729,0.0504144],[0.456588,-0.30282,0.836557]],[[-0.780637,0.616063,0.105227],[-0.618001,-0.735796,-0.276909],[-0.0931683,-0.281196,0.955117]],[[-0.780637,0.616063,0.105227],[-0.624317,-0.760885,-0.176868],[-0.0288964,-0.203764,0.978593]],[[-0.780637,0.616063,0.105227],[-0.603441,-0.699142,-0.383485],[-0.162682,-0.36286,0.917533]]],"btipPosition":[-80.3751,164.306,23.8238],"carpPosition":[-89.5276,135.77,122.993],"dipPosition":[-83.9379,156.36,43.9182],"direction":[0.0288964,0.203764,-0.978593],"extended":true,"handId":48,"id":480,"length":48.7689,"mcpPosition":[-89.5276,135.77,122.993],"pipPosition":[-84.8598,149.858,75.1408],"stabilizedTipPosition":[-73.7951,164.232,59.2226],"timeVisible":0.017272,"tipPosition":[-94.7375,166.324,32.4319],"tipVelocity":[743.283,570.257,-2726.8],"tool":false,"touchDistance":1,"touchZone":"none","type":0,"width":21.9886},{"bases":[[[0.378937,0.822351,0.424436],[-0.895038,0.209117,0.393925],[0.235188,-0.529159,0.815277]],[[0.311278,0.925452,0.215975],[-0.948041,0.286682,0.137952],[0.0657513,-0.247695,0.966604]],[[0.311278,0.925452,0.215975],[-0.710459,0.377561,-0.593881],[-0.631152,0.0314206,0.775022]],[[0.311278,0.925452,0.215975],[-0.484004,0.34997,-0.802036],[-0.81783,0.145123,0.55686]]],"btipPosition":[-98.5369,197.449,4.77037],"carpPosition":[-105.878,151.449,130.263],"dipPosition":[-111.613,199.769,13.6735],"direction":[0.631152,-0.0314206,-0.775022],"extended":false,"handId":48,"id":481,"length":55.0303,"mcpPosition":[-123.244,190.522,70.0632],"pipPosition":[-125.888,200.48,31.2029],"stabilizedTipPosition":[-97.7463,209.085,30.9182],"timeVisible":0.017272,"tipPosition":[-105.199,205.98,14.8988],"tipVelocity":[-2340.76,205.956,-3879.94],"tool":false,"touchDistance":1,"touchZone":"none","type":1,"width":21.0036},{"bases":[[[0.554221,0.69552,0.457265],[-0.812708,0.333466,0.477814],[0.179846,-0.636438,0.750068]],[[0.508999,0.805434,0.303637],[-0.819002,0.344623,0.458771],[0.264869,-0.482193,0.835065]],[[0.508999,0.805434,0.303637],[-0.857212,0.442286,0.263761],[0.0781481,-0.394536,0.915551]],[[0.508999,0.805434,0.303637],[-0.769416,0.583879,-0.259008],[-0.385902,-0.101788,0.916907]]],"btipPosition":[-122.748,240.777,4.96849],"carpPosition":[-102.914,162.173,135.643],"dipPosition":[-129.534,238.987,21.0923],"direction":[-0.0781481,0.394536,-0.915551],"extended":true,"handId":48,"id":482,"length":62.7026,"mcpPosition":[-115.507,206.739,83.1202],"pipPosition":[-127.454,228.488,45.455],"stabilizedTipPosition":[-108.624,243.172,31.4117],"timeVisible":0.017272,"tipPosition":[-131.404,247.857,12.5153],"tipVelocity":[-2119.49,651.524,-2215.88],"tool":false,"touchDistance":1,"touchZone":"none","type":2,"width":20.6283},{"bases":[[[0.634324,0.567151,0.525331],[-0.764887,0.361848,0.532929],[0.112162,-0.739869,0.663336]],[[0.602636,0.694206,0.393584],[-0.747118,0.317485,0.583968],[0.280437,-0.645973,0.709982]],[[0.602636,0.694206,0.393584],[-0.778053,0.401503,0.483144],[0.177376,-0.597389,0.78209]],[[0.602636,0.694206,0.393584],[-0.797476,0.505748,0.329015],[0.0293497,-0.51215,0.858395]]],"btipPosition":[-120.884,269.496,34.3978],"carpPosition":[-96.9961,171.532,141.068],"dipPosition":[-120.371,260.542,49.4059],"direction":[-0.177376,0.597389,-0.78209],"extended":true,"handId":48,"id":483,"length":60.2902,"mcpPosition":[-104.048,218.048,99.3639],"pipPosition":[-115.773,245.056,69.6797],"stabilizedTipPosition":[-116.453,255.058,53.022],"timeVisible":0.017272,"tipPosition":[-127.975,265.621,38.7397],"tipVelocity":[-2101.73,2030,-1687.57],"tool":false,"touchDistance":1,"touchZone":"none","type":3,"width":19.6291},{"bases":[[[0.760646,0.410072,0.503249],[-0.643981,0.378859,0.664646],[0.0818924,-0.829643,0.552256]],[[0.754301,0.459492,0.468931],[-0.652938,0.450436,0.608917],[0.0685692,-0.76549,0.639784]],[[0.754301,0.459492,0.468931],[-0.655898,0.558694,0.507601],[-0.0287502,-0.690455,0.722804]],[[0.754301,0.459492,0.468931],[-0.649105,0.629056,0.427727],[-0.0984468,-0.627021,0.772757]]],"btipPosition":[-89.655,273.884,66.2871],"carpPosition":[-84.7343,177.521,145.29],"dipPosition":[-91.2429,263.771,78.7514],"direction":[0.0287502,0.690455,-0.722804],"extended":true,"handId":48,"id":484,"length":47.2664,"mcpPosition":[-89.5003,225.805,113.15],"pipPosition":[-91.7691,251.134,91.9805],"stabilizedTipPosition":[-108.752,256.368,87.6051],"timeVisible":0.017272,"tipPosition":[-100.076,270.16,70.5095],"tipVelocity":[-1146.43,2208.83,-1529.73],"tool":false,"touchDistance":1,"touchZone":"none","type":4,"width":17.4361}],"r":[[0.93141,-0.24796,-0.266441],[0.197076,0.95902,-0.203572],[0.306,0.1371,0.942108]],"s":1.04449,"t":[-8.42946,6.02067,-23.5905],"timestamp":495003456899},{"currentFrameRate":114.682,"devices":[],"gestures":[],"hands":[{"armBasis":[[0.539774,0.481274,0.690667],[-0.823346,0.472722,0.314062],[-0.175343,-0.73818,0.651417]],"armWidth":67.5933,"confidence":0.135529,"direction":[-0.36135,0.68368,-0.634041],"elbow":[-138.882,-46.9633,325.282],"grabAngle":0.897238,"grabStrength":0,"id":48,"palmNormal":[0.739981,-0.203461,-0.641117],"palmPosition":[-114.176,199.894,93.8304],"palmVelocity":[-1293.77,1021.08,-639.134],"palmWidth":91.3243,"pinchDistance":47.9259,"pinchStrength":0.415438,"r":[[0.862166,-0.349123,-0.367128],[0.246118,0.922026,-0.298821],[0.442827,0.167276,0.880865]],"s":1.08548,"sphereCenter":[-118.052,184.285,36.2665],"sphereRadius":65.9476,"stabilizedPalmPosition":[-95.6788,186.217,120.78],"t":[-18.1469,13.24,-33.5208],"timeVisible":0.025886,"type":"right","wrist":[-91.3658,153.078,148.753]}],"id":63889,"interactionBox":{"center":[0,200,0],"size":[235.247,235.247,147.751]},"pointables":[{"bases":[[[-0.504082,0.597408,0.623703],[-0.646485,-0.739862,0.186176],[0.572677,-0.309367,0.759166]],[[-0.743117,0.665909,0.065891],[-0.663548,-0.720576,-0.201181],[-0.0864891,-0.193223,0.977335]],[[-0.743117,0.665909,0.065891],[-0.666795,-0.745165,0.0107076],[0.0562299,-0.0359787,0.997769]],[[-0.743117,0.665909,0.065891],[-0.655156,-0.703987,-0.274177],[-0.136191,-0.246915,0.959419]]],"btipPosition":[-94.9085,160.713,15.327],"carpPosition":[-100.43,144.477,117.139],"dipPosition":[-97.8911,155.306,36.3386],"direction":[-0.0562299,0.0359787,-0.997769],"extended":true,"handId":48,"id":480,"length":48.7689,"mcpPosition":[-100.43,144.477,117.139],"pipPosition":[-96.097,154.158,68.173],"stabilizedTipPosition":[-78.9865,163.098,49.9199],"timeVisible":0.025886,"tipPosition":[-108.124,166.474,24.1111],"tipVelocity":[-1671.69,-349.314,-961.911],"tool":false,"touchDistance":1,"touchZone":"none","type":0,"width":21.9886},{"bases":[[[0.498596,0.805688,0.319794],[-0.798766,0.283732,0.530536],[0.336711,-0.519964,0.785024]],[[0.400096,0.909077,0.116202],[-0.912754,0.383846,0.13979],[0.0824758,-0.161993,0.983339]],[[0.400096,0.909077,0.116202],[-0.600967,0.355968,-0.71563],[-0.691926,0.216487,0.688746]],[[0.400096,0.909077,0.116202],[-0.600967,0.355968,-0.71563],[-0.691926,0.216487,0.688746]]],"btipPosition":[-115.707,198.035,2.32231],"carpPosition":[-114.241,161.486,126.411],"dipPosition":[-126.769,201.496,13.3341],"direction":[0.691926,-0.216487,-0.688746],"extended":false,"handId":48,"id":481,"length":55.0303,"mcpPosition":[-139.104,199.88,68.4452],"pipPosition":[-142.419,206.393,28.9121],"stabilizedTipPosition":[-104.698,205.609,22.0827],"timeVisible":0.025886,"tipPosition":[-124.957,206.677,8.08679],"tipVelocity":[-1939.5,98.4904,-227.893],"tool":false,"touchDistance":1,"touchZone":"none","type":1,"width":21.0036},{"bases":[[[0.668319,0.667778,0.327753],[-0.695387,0.404374,0.59407],[0.264172,-0.624943,0.734615]],[[0.587011,0.796495,0.144962],[-0.769962,0.493934,0.403965],[0.250154,-0.348747,0.903216]],[[0.587011,0.796495,0.144962],[-0.769962,0.493934,0.403965],[0.250154,-0.348747,0.903216]],[[0.587011,0.796495,0.144962],[-0.728399,0.597764,-0.334833],[-0.353346,0.0909603,0.93106]]],"btipPosition":[-139.934,239.3,-1.82382],"carpPosition":[-109.709,172.128,130.763],"dipPosition":[-146.147,240.9,14.5488],"direction":[-0.250154,0.348747,-0.903216],"extended":true,"handId":48,"id":482,"length":62.7026,"mcpPosition":[-128.207,215.89,79.3224],"pipPosition":[-139.491,231.62,38.5833],"stabilizedTipPosition":[-117.919,242.178,23.0447],"timeVisible":0.025886,"tipPosition":[-148.374,249.225,7.14095],"tipVelocity":[-1979.83,-80.8812,-781.876],"tool":false,"touchDistance":1,"touchZone":"none","type":2,"width":20.6283},{"bases":[[[0.750417,0.536138,0.386563],[-0.637086,0.430922,0.639083],[0.176058,-0.725853,0.664937]],[[0.705941,0.65909,0.259322],[-0.639664,0.436086,0.632977],[0.304102,-0.612723,0.729447]],[[0.705941,0.65909,0.259322],[-0.694013,0.570602,0.439045],[0.1414,-0.489913,0.860228]],[[0.705941,0.65909,0.259322],[-0.706583,0.680616,0.193653],[-0.048864,-0.31994,0.946177]]],"btipPosition":[-128.949,270.748,23.5717],"carpPosition":[-102.355,181.202,134.717],"dipPosition":[-129.804,265.154,40.1146],"direction":[-0.1414,0.489913,-0.860228],"extended":true,"handId":48,"id":483,"length":60.2902,"mcpPosition":[-113.424,226.836,92.912],"pipPosition":[-126.138,252.454,62.414],"stabilizedTipPosition":[-120.024,259.111,45.8066],"timeVisible":0.025886,"tipPosition":[-137.862,272.17,31.9377],"tipVelocity":[-972.81,235.044,-1215.82],"tool":false,"touchDistance":1,"touchZone":"none","type":3,"width":19.6291},{"bases":[[[0.86063,0.369905,0.34998],[-0.494539,0.443234,0.747646],[0.121435,-0.816526,0.564393]],[[0.866578,0.317648,0.384894],[-0.498827,0.57402,0.649363],[-0.0146679,-0.754719,0.655885]],[[0.866578,0.317648,0.384894],[-0.45715,0.814605,0.356978],[-0.200143,-0.485303,0.851131]],[[0.866578,0.317648,0.384894],[-0.418523,0.882674,0.213833],[-0.271812,-0.34639,0.897849]]],"btipPosition":[-87.7233,273.391,51.9448],"carpPosition":[-89.1887,186.429,136.553],"dipPosition":[-92.1075,267.804,66.4268],"direction":[0.200143,0.485303,-0.851131],"extended":true,"handId":48,"id":484,"length":47.2664,"mcpPosition":[-96.256,233.95,103.707],"pipPosition":[-95.7706,258.922,82.0046],"stabilizedTipPosition":[-103.807,260.256,79.6196],"timeVisible":0.025886,"tipPosition":[-100.45,275.013,58.6247],"tipVelocity":[149.592,63.6298,-1611.13],"tool":false,"touchDistance":1,"touchZone":"none","type":4,"width":17.4361}],"r":[[0.862166,-0.349123,-0.367128],[0.246118,0.922026,-0.298821],[0.442827,0.167276,0.880865]],"s":1.08548,"t":[-18.1469,13.24,-33.5208],"timestamp":495003465513},{"currentFrameRate":114.74,"devices":[],"gestures":[],"hands":[{"armBasis":[[0.610736,0.484835,0.626048],[-0.784624,0.476996,0.39603],[-0.106613,-0.733082,0.671732]],"armWidth":67.5933,"confidence":0.179782,"direction":[-0.413621,0.681451,-0.603773],"elbow":[-123.831,-39.5309,324.339],"grabAngle":1.1634,"grabStrength":0,"id":48,"palmNormal":[0.674265,-0.216344,-0.70609],"palmPosition":[-122.564,205.67,89.3558],"palmVelocity":[-973.519,670.374,-519.331],"palmWidth":91.3243,"pinchDistance":44.1976,"pinchStrength":0.505949,"r":[[0.782031,-0.43235,-0.44889],[0.268407,0.883673,-0.383509],[0.562482,0.17943,0.807105]],"s":1.10158,"sphereCenter":[-133.298,184.482,30.8889],"sphereRadius":67.2519,"stabilizedPalmPosition":[-102.922,191.458,112.314],"t":[-27.1995,19.7377,-40.7232],"timeVisible":0.034502,"type":"right","wrist":[-94.9396,159.129,142.305]}],"id":63890,"interactionBox":{"center":[0,200,0],"size":[235.247,235.247,147.751]},"pointables":[{"bases":[[[-0.43761,0.607816,0.662615],[-0.632482,-0.731871,0.253635],[0.639112,-0.308099,0.704706]],[[-0.740609,0.66731,0.0787074],[-0.66863,-0.720287,-0.18472],[-0.0665737,-0.189432,0.979634]],[[-0.740609,0.66731,0.0787074],[-0.65844,-0.744097,0.113032],[0.