{"frames":68,"data":[{"currentFrameRate":115.248,"devices":[],"gestures":[],"hands":[{"armBasis":[[-0.346555,0.16415,-0.923555],[-0.578025,0.738057,0.348078],[-0.738774,-0.654467,0.160894]],"armWidth":60.3724,"confidence":1,"direction":[0.406553,0.913391,0.0207875],"elbow":[-399.446,-29.5319,116.407],"grabAngle":2.20834,"grabStrength":0.892263,"id":165,"palmNormal":[0.848747,-0.369163,-0.378611],"palmPosition":[-175.674,194.378,80.608],"palmVelocity":[15.829,-3.00244,2.93585],"palmWidth":84.7051,"pinchDistance":55.1664,"pinchStrength":0.134999,"r":[[0.998089,0.0412625,0.045994],[-0.0617059,0.704503,0.707013],[-0.00322979,-0.7085,0.705703]],"s":1.14434,"sphereCenter":[-127.7,192.67,65.3376],"sphereRadius":45.3977,"stabilizedPalmPosition":[-181.332,198.969,80.4167],"t":[21.6969,59.6671,133.423],"timeVisible":1.32684,"type":"left","wrist":[-213.755,134.968,75.9665]},{"armBasis":[[0.933273,0.106027,-0.34316],[0.209523,0.615299,0.759939],[0.29172,-0.781131,0.552027]],"armWidth":60.3724,"confidence":1,"direction":[-0.247066,-0.026493,-0.968637],"elbow":[122.36,-91.485,252.33],"grabAngle":0.173533,"grabStrength":0,"id":166,"palmNormal":[-0.018237,-0.999322,0.0319838],"palmPosition":[23.5844,108.203,49.5934],"palmVelocity":[3.41306,-7.01079,-6.65015],"palmWidth":84.7051,"pinchDistance":37.6695,"pinchStrength":0,"r":[[0.98187,0.0331378,0.186637],[0.0562515,0.889311,-0.453829],[-0.181018,0.4561,0.871324]],"s":1.04721,"sphereCenter":[22.3671,10.421,29.6187],"sphereRadius":106.093,"stabilizedPalmPosition":[21.4485,108.636,50.133],"t":[-14.3488,-38.7238,93.2438],"timeVisible":1.22277,"type":"right","wrist":[49.0356,104.852,113.578]}],"id":111660,"interactionBox":{"center":[0,200,0],"size":[235.247,235.247,147.751]},"pointables":[{"bases":[[[-0.81588,0.57746,-0.0296506],[-0.266097,-0.329447,0.905901],[-0.513354,-0.746997,-0.422449]],[[-0.49152,0.854804,0.166487],[-0.271932,-0.332263,0.903136],[-0.827322,-0.398637,-0.395762]],[[-0.49152,0.854804,0.166487],[-0.206172,-0.299957,0.931407],[-0.846109,-0.42348,-0.323672]],[[-0.49152,0.854804,0.166487],[-0.123171,-0.257488,0.958399],[-0.862112,-0.450566,-0.231847]]],"btipPosition":[-103.398,180.869,128.325],"carpPosition":[-185.712,139.989,95.2036],"dipPosition":[-121.453,171.434,123.47],"direction":[0.846109,0.42348,0.323672],"extended":true,"handId":165,"id":1650,"length":46.6345,"mcpPosition":[-185.712,139.989,95.2036],"pipPosition":[-147.267,158.513,113.595],"stabilizedTipPosition":[-110.884,185.558,123.631],"timeVisible":1.32684,"tipPosition":[-108.072,177.998,128.987],"tipVelocity":[16.0134,3.44154,-2.08948],"tool":false,"touchDistance":0.953469,"touchZone":"none","type":0,"width":19.3331},{"bases":[[[-0.22003,-0.0437954,-0.97451],[-0.847012,0.504132,0.168586],[-0.483898,-0.862515,0.148019]],[[-0.18299,0.0212368,-0.982885],[-0.347031,0.934013,0.0847898],[-0.919828,-0.356607,0.163546]],[[-0.18299,0.0212368,-0.982885],[0.561513,0.822907,-0.0867605],[-0.80698,0.56778,0.162509]],[[-0.18299,0.0212368,-0.982885],[0.88196,0.445254,-0.15458],[-0.434351,0.895152,0.100207]]],"btipPosition":[-113.916,199.957,54.0181],"carpPosition":[-206.174,164.444,74.8917],"dipPosition":[-121.178,214.923,55.6934],"direction":[0.80698,-0.56778,-0.162509],"extended":false,"handId":165,"id":1653,"length":57.6516,"mcpPosition":[-177.956,214.74,66.2603],"pipPosition":[-141.181,228.997,59.7217],"stabilizedTipPosition":[-123.727,205.274,51.3453],"timeVisible":1.32684,"tipPosition":[-117.094,202.255,54.708],"tipVelocity":[22.7256,15.669,16.7072],"tool":false,"touchDistance":0.358975,"touchZone":"hovering","type":3,"width":17.2586},{"bases":[[[-0.131561,-0.226019,-0.965198],[-0.910325,0.412988,0.0273727],[-0.392429,-0.882245,0.260084]],[[-0.0867907,-0.125807,-0.988251],[-0.25411,0.961977,-0.100145],[-0.963273,-0.242433,0.115459]],[[-0.0867907,-0.125807,-0.988251],[0.778357,0.610589,-0.146087],[-0.621794,0.781891,-0.0449289]],[[-0.0867907,-0.125807,-0.988251],[0.99236,0.076392,-0.0968764],[-0.0876821,0.989109,-0.118215]]],"btipPosition":[-140.999,188.138,46.8927],"carpPosition":[-204.894,161.784,61.9755],"dipPosition":[-142.351,203.394,45.0693],"direction":[0.621794,-0.781891,0.0449289],"extended":false,"handId":165,"id":1654,"length":45.1978,"mcpPosition":[-183.711,209.407,47.9361],"pipPosition":[-153.233,217.078,44.283],"stabilizedTipPosition":[-148.32,193.429,45.1535],"timeVisible":1.32684,"tipPosition":[-141.511,193.646,45.8239],"tipVelocity":[32.6473,15.9148,8.28914],"tool":false,"touchDistance":0.333333,"touchZone":"none","type":4,"width":15.3304},{"bases":[[[-0.265085,0.322493,-0.908696],[-0.771483,0.494375,0.400509],[-0.578398,-0.807212,-0.117747]],[[-0.331259,0.225336,-0.916237],[-0.363606,0.865577,0.344336],[-0.870665,-0.447214,0.204797]],[[-0.331259,0.225336,-0.916237],[0.48491,0.873669,0.0395508],[-0.809401,0.431191,0.398679]],[[-0.331259,0.225336,-0.916237],[0.813266,0.560543,-0.156173],[-0.478399,0.796878,0.368943]]],"btipPosition":[-101.746,208.063,81.2828],"carpPosition":[-199.651,157.096,95.3549],"dipPosition":[-109.06,220.246,86.9234],"direction":[0.809401,-0.431191,-0.398679],"extended":false,"handId":165,"id":1651,"length":52.6219,"mcpPosition":[-160.037,212.38,103.419],"pipPosition":[-126.566,229.572,95.546],"stabilizedTipPosition":[-112.032,218.483,76.3649],"timeVisible":1.32684,"tipPosition":[-104.389,208.638,83.1502],"tipVelocity":[11.2715,1.40651,22.5581],"tool":false,"touchDistance":0.36792,"touchZone":"hovering","type":1,"width":18.467},{"bases":[[[-0.205362,0.121435,-0.971123],[-0.817703,0.523937,0.238435],[-0.537761,-0.843056,0.0082988]],[[-0.18565,0.152045,-0.970781],[-0.359292,0.909039,0.211085],[-0.914573,-0.387982,0.114134]],[[-0.18565,0.152045,-0.970781],[0.524841,0.850566,0.0328475],[-0.830708,0.503408,0.237707]],[[-0.18565,0.152045,-0.970781],[0.860683,0.501826,-0.0859981],[-0.474087,0.851501,0.224026]]],"btipPosition":[-100.079,206.34,70.4727],"carpPosition":[-203.562,161.979,85.75],"dipPosition":[-108.051,220.659,74.2398],"direction":[0.830708,-0.503408,-0.237707],"extended":false,"handId":165,"id":1652,"length":59.9584,"mcpPosition":[-168.635,216.734,85.211],"pipPosition":[-129.189,233.468,80.2883],"stabilizedTipPosition":[-110.615,214.418,65.7017],"timeVisible":1.32684,"tipPosition":[-103.075,208.312,71.4992],"tipVelocity":[12.2024,5.54259,19.944],"tool":false,"touchDistance":0.368765,"touchZone":"hovering","type":2,"width":18.1371},{"bases":[[[0.357955,0.878363,-0.316776],[-0.675129,0.477826,0.562034],[0.645034,0.0126823,0.764049]],[[0.416823,0.875686,-0.243786],[-0.574065,0.461541,0.676335],[0.704775,-0.141963,0.695082]],[[0.416823,0.875686,-0.243786],[-0.888867,0.448781,0.0922559],[0.190194,0.178239,0.965431]],[[0.416823,0.875686,-0.243786],[-0.900797,0.362012,-0.239817],[-0.121751,0.319563,0.939711]]],"btipPosition":[-18.1588,98.5547,24.9223],"carpPosition":[17.8448,104.088,106.356],"dipPosition":[-20.7085,105.247,44.6016],"direction":[-0.190194,-0.178239,-0.965431],"extended":false,"handId":166,"id":1660,"length":46.6345,"mcpPosition":[17.8448,104.088,106.356],"pipPosition":[-14.9058,110.685,74.0562],"stabilizedTipPosition":[-19.8594,97.5305,29.2847],"timeVisible":1.22277,"tipPosition":[-20.0303,94.9826,29.2033],"tipVelocity":[-4.79822,-3.53629,13.604],"tool":false,"touchDistance":0.319451,"touchZone":"hovering","type":0,"width":19.3331},{"bases":[[[0.913591,-0.0296524,-0.405553],[-0.0422246,0.985028,-0.167141],[0.404437,0.169823,0.898661]],[[0.998727,0.0462348,0.0201734],[-0.0413433,0.97937,-0.197802],[-0.0289026,0.196716,0.980034]],[[0.998727,0.0462348,0.0201734],[-0.0413433,0.97937,-0.197802],[-0.0289026,0.196716,0.980034]],[[0.998727,0.0462348,0.0201734],[-0.0413433,0.97937,-0.197802],[-0.0289026,0.196716,0.980034]]],"btipPosition":[-2.53106,95.3672,-41.1276],"carpPosition":[22.9899,121.823,94.2752],"dipPosition":[-2.97294,98.3747,-26.1443],"direction":[0.0289026,-0.196716,-0.980034],"extended":true,"handId":166,"id":1661,"length":52.6219,"mcpPosition":[-4.70916,110.192,32.7278],"pipPosition":[-3.59805,102.629,-4.94811],"stabilizedTipPosition":[-4.40847,95.606,-37.0183],"timeVisible":1.22277,"tipPosition":[-5.33219,92.9112,-36.7756],"tipVelocity":[0.358882,-0.163145,-6.8645],"tool":false,"touchDistance":0.318876,"touchZone":"hovering","type":1,"width":18.467},{"bases":[[[0.953555,-0.173922,-0.245936],[0.121726,0.969324,-0.213528],[0.275529,0.173673,0.945474]],[[0.988982,-0.136707,-0.0567991],[0.119429,0.963514,-0.239536],[0.087473,0.230113,0.969225]],[[0.988982,-0.136707,-0.0567991],[0.119429,0.963514,-0.239536],[0.087473,0.230113,0.969225]],[[0.988982,-0.136707,-0.0567991],[0.119429,0.963514,-0.239536],[0.087473,0.230113,0.969225]]],"btipPosition":[7.69609,92.0246,-55.252],"carpPosition":[33.0608,122.954,88.9188],"dipPosition":[9.16698,95.894,-38.9541],"direction":[-0.087473,-0.230113,-0.969225],"extended":true,"handId":166,"id":1662,"length":59.9584,"mcpPosition":[15.1655,111.674,27.5112],"pipPosition":[11.3928,101.749,-14.2919],"stabilizedTipPosition":[7.78904,92.9204,-50.9728],"timeVisible":1.22277,"tipPosition":[6.40745,90.2796,-50.5908],"tipVelocity":[-9.91696,-2.33621,-6.75642],"tool":false,"touchDistance":0.316751,"touchZone":"hovering","type":2,"width":18.1371},{"bases":[[[0.9718,-0.219043,-0.0873203],[0.198264,0.959463,-0.200304],[0.127656,0.177343,0.975835]],[[0.952863,-0.236561,-0.189976],[0.194247,0.956659,-0.216961],[0.233067,0.169831,0.957516]],[[0.952863,-0.236561,-0.189976],[0.175425,0.940448,-0.291178],[0.247544,0.244126,0.937616]],[[0.952863,-0.236561,-0.189976],[0.123323,0.874082,-0.469864],[0.277206,0.424287,0.862054]]],"btipPosition":[16.2715,91.3783,-47.621],"carpPosition":[43.8043,121.655,85.2188],"dipPosition":[20.906,98.4719,-33.2086],"direction":[-0.247544,-0.244126,-0.937616],"extended":true,"handId":166,"id":1663,"length":57.6516,"mcpPosition":[36.3602,111.313,28.3147],"pipPosition":[27.0422,104.523,-9.96677],"stabilizedTipPosition":[13.6243,91.0334,-41.8455],"timeVisible":1.22277,"tipPosition":[16.9614,90.8989,-43.353],"tipVelocity":[18.6182,20.4993,-25.9987],"tool":false,"touchDistance":0.284351,"touchZone":"hovering","type":3,"width":17.2586},{"bases":[[[0.933836,-0.352545,0.0605133],[0.357494,0.925587,-0.124443],[-0.0121387,0.137842,0.99038]],[[0.895715,-0.377534,-0.234867],[0.361117,0.925879,-0.111097],[0.259401,0.0146973,0.965658]],[[0.895715,-0.377534,-0.234867],[0.30337,0.9051,-0.297927],[0.325056,0.195607,0.925244]],[[0.895715,-0.377534,-0.234867],[0.2479,0.862552,-0.441078],[0.369107,0.336857,0.866191]]],"btipPosition":[35.9992,97.9515,-28.7422],"carpPosition":[54.9334,114.476,84.8249],"dipPosition":[41.6922,103.147,-15.3823],"direction":[-0.325056,-0.195607,-0.925244],"extended":true,"handId":166,"id":1664,"length":45.1978,"mcpPosition":[55.5886,107.036,31.3642],"pipPosition":[47.3812,106.571,0.81086],"stabilizedTipPosition":[36.4012,97.3227,-24.349],"timeVisible":1.22277,"tipPosition":[36.71,96.1776,-24.2153],"tipVelocity":[10.3579,21.2617,-20.6795],"tool":false,"touchDistance":0.282047,"touchZone":"hovering","type":4,"width":15.3304}],"r":[[-0.782798,-0.622185,-0.0106084],[0.614251,-0.769862,-0.173229],[0.0996135,-0.14212,0.984824]],"s":9.00469,"t":[-908.205,-703.284,1463.58],"timestamp":18050731185},{"currentFrameRate":115.128,"devices":[],"gestures":[],"hands":[{"armBasis":[[-0.349322,0.162219,-0.922854],[-0.576608,0.739116,0.348182],[-0.738578,-0.653752,0.164653]],"armWidth":60.3724,"confidence":1,"direction":[0.406049,0.913594,0.0216945],"elbow":[-399.211,-29.3803,117.348],"grabAngle":2.20969,"grabStrength":0.894549,"id":165,"palmNormal":[0.84905,-0.36837,-0.378706],"palmPosition":[-175.517,194.359,80.6185],"palmVelocity":[17.7021,-2.14388,1.18786],"palmWidth":84.7051,"pinchDistance":54.986,"pinchStrength":0.139722,"r":[[0.997947,0.0414774,0.0488038],[-0.0638427,0.705192,0.706136],[-0.00512738,-0.707802,0.706393]],"s":1.14218,"sphereCenter":[-127.56,192.701,65.2814],"sphereRadius":45.3905,"stabilizedPalmPosition":[-181.227,198.885,80.4203],"t":[21.8407,59.6315,133.444],"timeVisible":1.33573,"type":"left","wrist":[-213.569,134.941,75.9622]},{"armBasis":[[0.932393,0.107824,-0.344989],[0.209767,0.615862,0.759416],[0.294349,-0.780441,0.551607]],"armWidth":60.3724,"confidence":1,"direction":[-0.247126,-0.0277556,-0.968586],"elbow":[123.103,-91.3148,252.137],"grabAngle":0.164491,"grabStrength":0,"id":166,"palmNormal":[-0.0184458,-0.999274,0.0333412],"palmPosition":[23.6317,108.12,49.5159],"palmVelocity":[5.31812,-9.29966,-8.71488],"palmWidth":84.7051,"pinchDistance":37.9573,"pinchStrength":0,"r":[[0.981916,0.032951,0.186429],[0.0564475,0.88899,-0.454434],[-0.180708,0.456739,0.871053]],"s":1.04963,"sphereCenter":[22.8196,12.7485,29.1078],"sphereRadius":103.913,"stabilizedPalmPosition":[21.4668,108.632,50.1278],"t":[-14.31,-38.7961,93.1817],"timeVisible":1.23166,"type":"right","wrist":[49.1184,104.849,113.491]}],"id":111661,"interactionBox":{"center":[0,200,0],"size":[235.247,235.247,147.751]},"pointables":[{"bases":[[[-0.816187,0.577042,-0.0293648],[-0.26616,-0.330383,0.905542],[-0.512834,-0.746907,-0.423239]],[[-0.491512,0.854641,0.167346],[-0.271207,-0.332817,0.90315],[-0.827564,-0.398523,-0.395368]],[[-0.491512,0.854641,0.167346],[-0.204787,-0.300197,0.931635],[-0.84645,-0.423639,-0.32257]],[[-0.491512,0.854641,0.167346],[-0.121061,-0.257346,0.958706],[-0.862415,-0.450956,-0.229952]]],"btipPosition":[-103.187,180.84,128.194],"carpPosition":[-185.529,139.952,95.1639],"dipPosition":[-121.248,171.396,123.378],"direction":[0.84645,0.423639,0.32257],"extended":true,"handId":165,"id":1650,"length":46.6345,"mcpPosition":[-185.529,139.952,95.1639],"pipPosition":[-147.072,158.471,113.537],"stabilizedTipPosition":[-110.859,185.51,123.656],"timeVisible":1.33573,"tipPosition":[-107.913,177.98,128.983],"tipVelocity":[23.5873,-3.52974,-13.7391],"tool":false,"touchDistance":0.951433,"touchZone":"none","type":0,"width":19.3331},{"bases":[[[-0.219745,-0.0430637,-0.974606],[-0.847332,0.503523,0.1688],[-0.483468,-0.862908,0.147136]],[[-0.182688,0.0220835,-0.982923],[-0.348424,0.933408,0.08573],[-0.919361,-0.358136,0.162828]],[[-0.182688,0.0220835,-0.982923],[0.560387,0.82379,-0.0856467],[-0.807831,0.566464,0.162872]],[[-0.182688,0.0220835,-0.982923],[0.88215,0.445093,-0.153959],[-0.434092,0.895212,0.100794]]],"btipPosition":[-113.768,200.042,54.0557],"carpPosition":[-205.999,164.413,74.868],"dipPosition":[-121.025,215.009,55.7408],"direction":[0.807831,-0.566464,-0.162872],"extended":false,"handId":165,"id":1653,"length":57.6516,"mcpPosition":[-177.806,214.732,66.288],"pipPosition":[-141.05,229.05,59.7781],"stabilizedTipPosition":[-123.503,205.226,51.4289],"timeVisible":1.33573,"tipPosition":[-116.929,202.295,54.7402],"tipVelocity":[16.7821,9.5823,4.48231],"tool":false,"touchDistance":0.357008,"touchZone":"hovering","type":3,"width":17.2586},{"bases":[[[-0.13118,-0.225247,-0.96543],[-0.910557,0.412468,0.0274895],[-0.392018,-0.882685,0.259208]],[[-0.0864528,-0.124979,-0.988386],[-0.256926,0.961338,-0.0990861],[-0.962556,-0.245376,0.115221]],[[-0.0864528,-0.124979,-0.988386],[0.776128,0.613566,-0.145471],[-0.624621,0.77969,-0.0439554]],[[-0.0864528,-0.124979,-0.988386],[0.99214,0.0792872,-0.0968068],[-0.0904651,0.988986,-0.117142]]],"btipPosition":[-140.771,188.276,46.8882],"carpPosition":[-204.714,161.765,61.9497],"dipPosition":[-142.166,203.53,45.0814],"direction":[0.624621,-0.77969,0.0439554],"extended":false,"handId":165,"id":1654,"length":45.1978,"mcpPosition":[-183.553,209.412,47.9577],"pipPosition":[-153.098,217.176,44.3121],"stabilizedTipPosition":[-147.968,193.349,45.2177],"timeVisible":1.33573,"tipPosition":[-141.341,193.66,45.848],"tipVelocity":[24.4945,15.5435,-0.0767413],"tool":false,"touchDistance":0.333333,"touchZone":"none","type":4,"width":15.3304},{"bases":[[[-0.265017,0.323143,-0.908485],[-0.771859,0.493605,0.400734],[-0.577927,-0.807424,-0.118607]],[[-0.330714,0.22661,-0.91612],[-0.363388,0.865315,0.345224],[-0.870963,-0.447078,0.203824]],[[-0.330714,0.22661,-0.91612],[0.486389,0.872812,0.0403136],[-0.808736,0.432259,0.398872]],[[-0.330714,0.22661,-0.91612],[0.814976,0.558056,-0.156162],[-0.475859,0.798261,0.369239]]],"btipPosition":[-101.647,207.983,81.342],"carpPosition":[-199.477,157.051,95.3264],"dipPosition":[-108.922,220.188,86.9871],"direction":[0.808736,-0.432259,-0.398872],"extended":false,"handId":165,"id":1651,"length":52.6219,"mcpPosition":[-159.896,212.349,103.45],"pipPosition":[-126.413,229.537,95.6139],"stabilizedTipPosition":[-112.004,218.459,76.3849],"timeVisible":1.33573,"tipPosition":[-104.234,208.67,83.1886],"tipVelocity":[12.2214,-8.44657,6.77186],"tool":false,"touchDistance":0.365364,"touchZone":"hovering","type":1,"width":18.467},{"bases":[[[-0.205168,0.122172,-0.971072],[-0.818053,0.523283,0.238673],[-0.537304,-0.843356,0.00741806]],[[-0.185524,0.152713,-0.970701],[-0.359695,0.908735,0.21171],[-0.91444,-0.388433,0.113662]],[[-0.185524,0.152713,-0.970701],[0.525544,0.850115,0.0332978],[-0.830292,0.503968,0.237974]],[[-0.185524,0.152713,-0.970701],[0.861919,0.499678,-0.086123],[-0.471886,0.852643,0.224328]]],"btipPosition":[-99.9888,206.307,70.5132],"carpPosition":[-203.388,161.94,85.7248],"dipPosition":[-107.924,220.645,74.2853],"direction":[0.830292,-0.503968,-0.237974],"extended":false,"handId":165,"id":1652,"length":59.9584,"mcpPosition":[-168.491,216.715,85.243],"pipPosition":[-129.051,233.468,80.3407],"stabilizedTipPosition":[-110.553,214.384,65.7418],"timeVisible":1.33573,"tipPosition":[-102.917,208.346,71.5406],"tipVelocity":[11.1519,-3.24476,4.68094],"tool":false,"touchDistance":0.365846,"touchZone":"hovering","type":2,"width":18.1371},{"bases":[[[0.358122,0.877857,-0.317989],[-0.674997,0.478731,0.561423],[0.64508,0.0135834,0.763994]],[[0.414759,0.875513,-0.247896],[-0.570894,0.46252,0.678347],[0.708559,-0.139828,0.691659]],[[0.414759,0.875513,-0.247896],[-0.8896,0.447422,0.0917888],[0.191276,0.182458,0.964429]],[[0.414759,0.875513,-0.247896],[-0.901422,0.358168,-0.243215],[-0.12415,0.324335,0.93776]]],"btipPosition":[-18.2677,98.2225,25.0812],"carpPosition":[17.8945,104.084,106.285],"dipPosition":[-20.8677,105.015,44.7196],"direction":[-0.191276,-0.182458,-0.964429],"extended":false,"handId":166,"id":1660,"length":46.6345,"mcpPosition":[17.8945,104.084,106.285],"pipPosition":[-15.032,110.581,74.1437],"stabilizedTipPosition":[-19.7578,97.7608,29.3167],"timeVisible":1.23166,"tipPosition":[-19.962,94.9902,29.1563],"tipVelocity":[-13.5567,-34.7859,16.8112],"tool":false,"touchDistance":0.321942,"touchZone":"hovering","type":0,"width":19.3331},{"bases":[[[0.913561,-0.0303955,-0.405564],[-0.0420264,0.98481,-0.168475],[0.404524,0.170957,0.898406]],[[0.998733,0.046083,0.0202391],[-0.0411724,0.979315,-0.198107],[-0.0289498,0.197023,0.979971]],[[0.998733,0.046083,0.0202391],[-0.0411724,0.979315,-0.198107],[-0.0289498,0.197023,0.979971]],[[0.998733,0.046083,0.0202391],[-0.0411724,0.979315,-0.198107],[-0.0289498,0.197023,0.979971]]],"btipPosition":[-2.48076,95.2445,-41.2014],"carpPosition":[23.0426,121.801,94.1792],"dipPosition":[-2.92336,98.2567,-26.2191],"direction":[0.0289498,-0.197023,-0.979971],"extended":true,"handId":166,"id":1661,"length":52.6219,"mcpPosition":[-4.66242,110.092,32.6492],"pipPosition":[-3.54949,102.518,-5.02425],"stabilizedTipPosition":[-4.39217,95.6089,-37.0249],"timeVisible":1.23166,"tipPosition":[-5.27936,92.7336,-36.8352],"tipVelocity":[5.63878,-13.6791,-8.32793],"tool":false,"touchDistance":0.317642,"touchZone":"hovering","type":1,"width":18.467},{"bases":[[[0.953504,-0.174457,-0.245754],[0.121918,0.969007,-0.21485],[0.27562,0.174898,0.945222]],[[0.988875,-0.137173,-0.0575276],[0.119666,0.96335,-0.240077],[0.0883514,0.230522,0.969048]],[[0.988875,-0.137173,-0.0575276],[0.119666,0.96335,-0.240077],[0.0883514,0.230522,0.969048]],[[0.988875,-0.137173,-0.0575276],[0.119666,0.96335,-0.240077],[0.0883514,0.230522,0.969048]]],"btipPosition":[7.66784,91.8788,-55.3186],"carpPosition":[33.1135,122.923,88.8207],"dipPosition":[9.1535,95.7551,-39.0237],"direction":[-0.0883514,-0.230522,-0.969048],"extended":true,"handId":166,"id":1662,"length":59.9584,"mcpPosition":[15.2123,111.563,27.4295],"pipPosition":[11.4016,101.621,-14.366],"stabilizedTipPosition":[7.79403,92.917,-50.9864],"timeVisible":1.23166,"tipPosition":[6.45527,90.0819,-50.6488],"tipVelocity":[-2.79578,-16.2208,-7.56715],"tool":false,"touchDistance":0.31563,"touchZone":"hovering","type":2,"width":18.1371},{"bases":[[[0.971749,-0.219366,-0.087078],[0.198454,0.959149,-0.201618],[0.127749,0.178641,0.975586]],[[0.953162,-0.236776,-0.1882],[0.194509,0.956351,-0.21808],[0.231621,0.171259,0.957613]],[[0.953162,-0.236776,-0.1882],[0.176596,0.940819,-0.289264],[0.245553,0.24248,0.938567]],[[0.953162,-0.236776,-0.1882],[0.129326,0.881529,-0.454072],[0.273417,0.408465,0.870861]]],"btipPosition":[16.4888,91.5123,-47.8781],"carpPosition":[43.8564,121.616,85.1219],"dipPosition":[21.0599,98.3413,-33.3184],"direction":[-0.245553,-0.24248,-0.938567],"extended":true,"handId":166,"id":1663,"length":57.6516,"mcpPosition":[36.407,111.199,28.2323],"pipPosition":[27.1467,104.352,-10.053],"stabilizedTipPosition":[13.6777,91.0614,-41.8822],"timeVisible":1.23166,"tipPosition":[17.0127,90.7484,-43.4332],"tipVelocity":[22.797,8.22731,-25.1051],"tool":false,"touchDistance":0.280631,"touchZone":"hovering","type":3,"width":17.2586},{"bases":[[[0.933765,-0.352659,0.0609388],[0.357682,0.925342,-0.125719],[-0.0120533,0.139189,0.990192]],[[0.895622,-0.378041,-0.234405],[0.361539,0.925665,-0.111506],[0.259134,0.0151211,0.965723]],[[0.895622,-0.378041,-0.234405],[0.305778,0.905966,-0.292787],[0.323049,0.190551,0.927001]],[[0.895622,-0.378041,-0.234405],[0.25343,0.86675,-0.429554],[0.36556,0.325313,0.872088]]],"btipPosition":[36.1435,98.0904,-28.9437],"carpPosition":[54.984,114.435,84.7371],"dipPosition":[41.7818,103.108,-15.4928],"direction":[-0.323049,-0.190551,-0.927001],"extended":true,"handId":166,"id":1664,"length":45.1978,"mcpPosition":[55.6346,106.921,31.2865],"pipPosition":[47.4356,106.443,0.731105],"stabilizedTipPosition":[36.5013,97.5079,-24.4936],"timeVisible":1.23166,"tipPosition":[36.7649,96.0601,-24.31],"tipVelocity":[14.8121,11.0224,-20.3039],"tool":false,"touchDistance":0.279038,"touchZone":"hovering","type":4,"width":15.3304}],"r":[[-0.78282,-0.622163,-0.0103133],[0.614052,-0.769721,-0.174555],[0.100663,-0.142978,0.984593]],"s":9.00464,"t":[-908.081,-703.269,1463.58],"timestamp":18050740076},{"currentFrameRate":115.23,"devices":[],"gestures":[],"hands":[{"armBasis":[[-0.350094,0.158113,-0.923274],[-0.576041,0.740903,0.34531],[-0.738654,-0.652735,0.168306]],"armWidth":60.3724,"confidence":1,"direction":[0.405099,0.914012,0.0218388],"elbow":[-399.067,-29.2235,118.286],"grabAngle":2.21019,"grabStrength":0.896066,"id":165,"palmNormal":[0.850464,-0.367952,-0.375928],"palmPosition":[-175.418,194.292,80.6284],"palmVelocity":[11.6122,-7.86446,1.15861],"palmWidth":84.7051,"pinchDistance":54.8034,"pinchStrength":0.144502,"r":[[0.99779,0.0418568,0.0516007],[-0.0660828,0.705883,0.705239],[-0.00690504,-0.70709,0.707089]],"s":1.14011,"sphereCenter":[-127.433,192.675,65.3256],"sphereRadius":45.4022,"stabilizedPalmPosition":[-181.128,198.807,80.4239],"t":[21.962,59.5803,133.459],"timeVisible":1.34424,"type":"left","wrist":[-213.406,134.842,75.9825]},{"armBasis":[[0.931553,0.109533,-0.346716],[0.21003,0.616282,0.759001],[0.296811,-0.779871,0.551094]],"armWidth":60.3724,"confidence":1,"direction":[-0.247117,-0.0287208,-0.96856],"elbow":[123.808,-91.166,251.951],"grabAngle":0.155932,"grabStrength":0,"id":166,"palmNormal":[-0.0188091,-0.99923,0.0344292],"palmPosition":[23.6875,108.066,49.4659],"palmVelocity":[6.56328,-6.35839,-5.87962],"palmWidth":84.7051,"pinchDistance":38.2299,"pinchStrength":0,"r":[[0.981954,0.0327707,0.18626],[0.0566706,0.888629,-0.455111],[-0.18043,0.457454,0.870736]],"s":1.05229,"sphereCenter":[23.2027,14.8947,28.6583],"sphereRadius":101.932,"stabilizedPalmPosition":[21.4836,108.628,50.1228],"t":[-14.2628,-38.8592,93.1257],"timeVisible":1.24016,"type":"right","wrist":[49.2041,104.855,113.433]}],"id":111662,"interactionBox":{"center":[0,200,0],"size":[235.247,235.247,147.751]},"pointables":[{"bases":[[[-0.816662,0.576213,-0.0322758],[-0.268373,-0.329661,0.905152],[-0.51092,-0.747865,-0.423862]],[[-0.492172,0.854651,0.165343],[-0.272324,-0.331573,0.903271],[-0.826805,-0.399538,-0.395933]],[[-0.492172,0.854651,0.165343],[-0.205438,-0.298613,0.932001],[-0.845909,-0.424737,-0.322547]],[[-0.492172,0.854651,0.165343],[-0.121053,-0.255291,0.959256],[-0.86204,-0.452104,-0.229105]]],"btipPosition":[-103.136,180.884,128.242],"carpPosition":[-185.418,139.891,95.2048],"dipPosition":[-121.189,171.416,123.444],"direction":[0.845909,0.424737,0.322547],"extended":true,"handId":165,"id":1650,"length":46.6345,"mcpPosition":[-185.418,139.891,95.2048],"pipPosition":[-146.997,158.457,113.604],"stabilizedTipPosition":[-110.837,185.467,123.677],"timeVisible":1.34424,"tipPosition":[-107.927,178.04,129.175],"tipVelocity":[6.24512,4.50126,6.20182],"tool":false,"touchDistance":0.952312,"touchZone":"none","type":0,"width":19.3331},{"bases":[[[-0.216973,-0.0443337,-0.97517],[-0.84829,0.502879,0.165881],[-0.483039,-0.863219,0.146719]],[[-0.179894,0.0209496,-0.983463],[-0.351034,0.932581,0.0840764],[-0.91892,-0.360353,0.160412]],[[-0.179894,0.0209496,-0.983463],[0.558252,0.825354,-0.0845332],[-0.809934,0.564227,0.160171]],[[-0.179894,0.0209496,-0.983463],[0.882113,0.445887,-0.151857],[-0.435332,0.894844,0.0986923]]],"btipPosition":[-113.593,200.107,54.2358],"carpPosition":[-205.854,164.31,74.8251],"dipPosition":[-120.872,215.068,55.8858],"direction":[0.809934,-0.564227,-0.160171],"extended":false,"handId":165,"id":1653,"length":57.6516,"mcpPosition":[-177.687,214.647,66.2694],"pipPosition":[-140.948,229.054,59.8561],"stabilizedTipPosition":[-123.32,205.189,51.4997],"timeVisible":1.34424,"tipPosition":[-116.756,202.265,54.9036],"tipVelocity":[19.9331,7.54568,20.2278],"tool":false,"touchDistance":0.357221,"touchZone":"hovering","type":3,"width":17.2586},{"bases":[[[-0.128257,-0.226421,-0.965548],[-0.911031,0.41161,0.0244928],[-0.391883,-0.882786,0.259068]],[[-0.0837316,-0.12651,-0.988425],[-0.260245,0.96026,-0.100859],[-0.961905,-0.248787,0.113328]],[[-0.0837316,-0.12651,-0.988425],[0.773509,0.617091,-0.144508],[-0.62823,0.776655,-0.0461866]],[[-0.0837316,-0.12651,-0.988425],[0.992077,0.0826438,-0.0946187],[-0.0936574,0.988517,-0.118588]]],"btipPosition":[-140.503,188.335,46.9806],"carpPosition":[-204.531,161.649,61.9133],"dipPosition":[-141.948,203.581,45.1515],"direction":[0.62823,-0.776655,0.0461866],"extended":false,"handId":165,"id":1654,"length":45.1978,"mcpPosition":[-183.378,209.302,47.9289],"pipPosition":[-152.943,217.174,44.3432],"stabilizedTipPosition":[-147.651,193.282,45.2773],"timeVisible":1.34424,"tipPosition":[-141.142,193.573,45.9601],"tipVelocity":[30.1131,6.64583,10.2625],"tool":false,"touchDistance":0.333333,"touchZone":"none","type":4,"width":15.3304},{"bases":[[[-0.262787,0.3219,-0.909573],[-0.773458,0.493285,0.398036],[-0.576807,-0.808115,-0.119347]],[[-0.327766,0.226226,-0.917274],[-0.365074,0.865162,0.343825],[-0.871372,-0.447567,0.200981]],[[-0.327766,0.226226,-0.917274],[0.486457,0.872722,0.0414148],[-0.809894,0.43264,0.396099]],[[-0.327766,0.226226,-0.917274],[0.816399,0.55644,-0.154487],[-0.475459,0.799497,0.367074]]],"btipPosition":[-101.595,207.948,81.5783],"carpPosition":[-199.383,156.976,95.3097],"dipPosition":[-108.864,220.171,87.1903],"direction":[0.809894,-0.43264,-0.396099],"extended":false,"handId":165,"id":1651,"length":52.6219,"mcpPosition":[-159.879,212.322,103.484],"pipPosition":[-126.38,229.528,95.7571],"stabilizedTipPosition":[-111.985,218.442,76.3992],"timeVisible":1.34424,"tipPosition":[-104.153,208.683,83.3805],"tipVelocity":[6.2715,-3.63255,26.8928],"tool":false,"touchDistance":0.365592,"touchZone":"hovering","type":1,"width":18.467},{"bases":[[[-0.202567,0.12092,-0.971774],[-0.819226,0.522743,0.235814],[-0.536503,-0.843871,0.00682998]],[[-0.182937,0.151506,-0.97138],[-0.36176,0.908356,0.209806],[-0.914146,-0.389788,0.111363]],[[-0.182937,0.151506,-0.97138],[0.524878,0.850506,0.0338048],[-0.831286,0.503672,0.235111]],[[-0.182937,0.151506,-0.97138],[0.862695,0.49858,-0.0847052],[-0.471477,0.853501,0.221912]]],"btipPosition":[-99.919,206.304,70.731],"carpPosition":[-203.272,161.851,85.6918],"dipPosition":[-107.847,220.655,74.4626],"direction":[0.831286,-0.503672,-0.235111],"extended":false,"handId":165,"id":1652,"length":59.9584,"mcpPosition":[-168.427,216.66,85.2482],"pipPosition":[-128.999,233.472,80.4451],"stabilizedTipPosition":[-110.509,214.36,65.7709],"timeVisible":1.34424,"tipPosition":[-102.804,208.344,71.7381],"tipVelocity":[8.39409,-0.0204574,24.5199],"tool":false,"touchDistance":0.365722,"touchZone":"hovering","type":2,"width":18.1371},{"bases":[[[0.358447,0.87738,-0.318937],[-0.674834,0.479587,0.560888],[0.645069,0.0141814,0.763992]],[[0.412836,0.875324,-0.251741],[-0.567854,0.463461,0.680254],[0.712115,-0.137881,0.68839]],[[0.412836,0.875324,-0.251741],[-0.890334,0.446107,0.0910721],[0.192021,0.186536,0.9635]],[[0.412836,0.875324,-0.251741],[-0.901949,0.354445,-0.246692],[-0.126707,0.328901,0.935826]]],"btipPosition":[-18.349,97.9218,25.2562],"carpPosition":[17.9477,104.093,106.239],"dipPosition":[-21.0025,104.81,44.8541],"direction":[-0.192021,-0.186536,-0.9635],"extended":false,"handId":166,"id":1660,"length":46.6345,"mcpPosition":[17.9477,104.093,106.239],"pipPosition":[-15.1441,110.501,74.2498],"stabilizedTipPosition":[-19.6862,97.9174,29.3568],"timeVisible":1.24016,"tipPosition":[-19.8898,95.0296,29.1337],"tipVelocity":[-11.004,-32.7732,19.4845],"tool":false,"touchDistance":0.324704,"touchZone":"hovering","type":0,"width":19.3331},{"bases":[[[0.913558,-0.0311687,-0.405511],[-0.0416656,0.984641,-0.169549],[0.404568,0.171788,0.898228]],[[0.998745,0.0457631,0.0203298],[-0.040829,0.979248,-0.198511],[-0.0289923,0.197432,0.979888]],[[0.998745,0.0457631,0.0203298],[-0.040829,0.979248,-0.198511],[-0.0289923,0.197432,0.979888]],[[0.998745,0.0457631,0.0203298],[-0.040829,0.979248,-0.198511],[-0.0289923,0.197432,0.979888]]],"btipPosition":[-2.42068,95.1515,-41.2478],"carpPosition":[23.1025,121.795,94.1143],"dipPosition":[-2.86393,98.1699,-26.2668],"direction":[0.0289923,-0.197432,-0.979888],"extended":true,"handId":166,"id":1661,"length":52.6219,"mcpPosition":[-4.60554,110.03,32.5965],"pipPosition":[-3.49098,102.44,-5.07377],"stabilizedTipPosition":[-4.37542,95.6111,-37.0319],"timeVisible":1.24016,"tipPosition":[-5.21849,92.6067,-36.8721],"tipVelocity":[7.04755,-10.766,-5.49423],"tool":false,"touchDistance":0.316864,"touchZone":"hovering","type":1,"width":18.467},{"bases":[[[0.953446,-0.17507,-0.245544],[0.122274,0.968729,-0.215903],[0.275664,0.175828,0.945037]],[[0.988754,-0.137769,-0.0581785],[0.120036,0.963143,-0.240724],[0.0891984,0.231033,0.968848]],[[0.988754,-0.137769,-0.0581785],[0.120036,0.963143,-0.240724],[0.0891984,0.231033,0.968848]],[[0.988754,-0.137769,-0.0581785],[0.120036,0.963143,-0.240724],[0.0891984,0.231033,0.968848]]],"btipPosition":[7.65303,91.7601,-55.3555],"carpPosition":[33.1738,122.908,88.7547],"dipPosition":[9.15294,95.645,-39.0639],"direction":[-0.0891984,-0.231033,-0.968848],"extended":true,"handId":166,"id":1662,"length":59.9584,"mcpPosition":[15.2698,111.488,27.3756],"pipPosition":[11.4226,101.524,-14.4113],"stabilizedTipPosition":[7.79836,92.9114,-50.9996],"timeVisible":1.24016,"tipPosition":[6.51414,89.9388,-50.6842],"tipVelocity":[-1.35585,-13.7238,-4.42974],"tool":false,"touchDistance":0.315002,"touchZone":"hovering","type":2,"width":18.1371},{"bases":[[[0.971671,-0.219813,-0.0868188],[0.198807,0.958856,-0.202658],[0.127794,0.179657,0.975393]],[[0.953431,-0.237086,-0.186438],[0.194872,0.956026,-0.21918],[0.230204,0.172642,0.957706]],[[0.953431,-0.237086,-0.186438],[0.177864,0.941186,-0.287286],[0.243584,0.240747,0.939525]],[[0.953431,-0.237086,-0.186438],[0.135278,0.888625,-0.43823],[0.269572,0.392601,0.879315]]],"btipPosition":[16.7158,91.6833,-48.1],"carpPosition":[43.9164,121.593,85.0576],"dipPosition":[21.2227,98.2471,-33.399],"direction":[-0.243584,-0.240747,-0.939525],"extended":true,"handId":166,"id":1663,"length":57.6516,"mcpPosition":[36.4643,111.117,28.1792],"pipPosition":[27.2608,104.215,-10.1098],"stabilizedTipPosition":[13.7283,91.0879,-41.9174],"timeVisible":1.24016,"tipPosition":[17.0795,90.6539,-43.4926],"tipVelocity":[24.9645,12.9371,-22.272],"tool":false,"touchDistance":0.277474,"touchZone":"hovering","type":3,"width":17.2586},{"bases":[[[0.933636,-0.352931,0.0613423],[0.358021,0.925075,-0.126719],[-0.012023,0.140272,0.99004]],[[0.89549,-0.378621,-0.233974],[0.362055,0.925423,-0.111841],[0.258871,0.015441,0.965789]],[[0.89549,-0.378621,-0.233974],[0.308305,0.906818,-0.287454],[0.321008,0.185277,0.928777]],[[0.89549,-0.378621,-0.233974],[0.258797,0.870626,-0.418371],[0.362108,0.314095,0.877623]]],"btipPosition":[36.2965,98.2601,-29.1102],"carpPosition":[55.0414,114.408,84.6809],"dipPosition":[41.8816,103.105,-15.574],"direction":[-0.321008,-0.185277,-0.928777],"extended":true,"handId":166,"id":1664,"length":45.1978,"mcpPosition":[55.6904,106.836,31.2385],"pipPosition":[47.4997,106.347,0.681009],"stabilizedTipPosition":[36.5947,97.6693,-24.6236],"timeVisible":1.24016,"tipPosition":[36.833,95.9893,-24.3793],"tipVelocity":[16.5556,15.2713,-17.2759],"tool":false,"touchDistance":0.27659,"touchZone":"hovering","type":4,"width":15.3304}],"r":[[-0.782869,-0.622106,-0.0100399],[0.613832,-0.76962,-0.175773],[0.101622,-0.14377,0.98438]],"s":9.00481,"t":[-907.986,-703.252,1463.61],"timestamp":18050748580},{"currentFrameRate":115.248,"devices":[],"gestures":[],"hands":[{"armBasis":[[-0.350402,0.153276,-0.923972],[-0.575604,0.742987,0.341542],[-0.738849,-0.651519,0.172117]],"armWidth":60.3724,"confidence":1,"direction":[0.406886,0.913258,0.020104],"elbow":[-399.148,-28.9198,119.358],"grabAngle":2.20961,"grabStrength":0.896011,"id":165,"palmNormal":[0.850707,-0.370816,-0.372549],"palmPosition":[-175.358,194.235,80.6212],"palmVelocity":[6.88306,-6.5199,-0.829265],"palmWidth":84.7051,"pinchDistance":54.6424,"pinchStrength":0.148716,"r":[[0.997648,0.0417926,0.0543391],[-0.0679601,0.706894,0.704047],[-0.00898808,-0.706083,0.708072]],"s":1.13832,"sphereCenter":[-127.348,192.486,65.3074],"sphereRadius":45.4356,"stabilizedPalmPosition":[-181.031,198.731,80.4272],"t":[22.0524,59.5265,133.463],"timeVisible":1.35288,"type":"left","wrist":[-213.438,134.84,76.0963]},{"armBasis":[[0.930724,0.111341,-0.348363],[0.210125,0.616822,0.758537],[0.299334,-0.779188,0.550695]],"armWidth":60.3724,"confidence":1,"direction":[-0.247381,-0.0297039,-0.968463],"elbow":[124.499,-91.0413,251.802],"grabAngle":0.149845,"grabStrength":0,"id":166,"palmNormal":[-0.0185437,-0.999202,0.0353834],"palmPosition":[23.7008,107.952,49.4312],"palmVelocity":[1.52985,-13.1648,-4.02063],"palmWidth":84.7051,"pinchDistance":38.3238,"pinchStrength":0,"r":[[0.981993,0.032712,0.186063],[0.0567777,0.888257,-0.455825],[-0.180183,0.458181,0.870405]],"s":1.05453,"sphereCenter":[23.4364,15.6969,28.4777],"sphereRadius":101.107,"stabilizedPalmPosition":[21.5011,108.622,50.1173],"t":[-14.2325,-38.9477,93.0803],"timeVisible":1.24881,"type":"right","wrist":[49.2616,104.808,113.385]}],"id":111663,"interactionBox":{"center":[0,200,0],"size":[235.247,235.247,147.751]},"pointables":[{"bases":[[[-0.815408,0.577754,-0.0362018],[-0.271424,-0.326336,0.905447],[-0.511311,-0.748134,-0.422913]],[[-0.490215,0.856465,0.161732],[-0.273955,-0.327558,0.904242],[-0.827428,-0.398966,-0.395207]],[[-0.490215,0.856465,0.161732],[-0.206562,-0.29443,0.933083],[-0.846771,-0.424004,-0.321247]],[[-0.490215,0.856465,0.161732],[-0.12132,-0.2508,0.960406],[-0.863117,-0.451185,-0.226853]]],"btipPosition":[-103.147,180.824,128.255],"carpPosition":[-185.507,139.9,95.338],"dipPosition":[-121.222,171.376,123.504],"direction":[0.846771,0.424004,0.321247],"extended":true,"handId":165,"id":1650,"length":46.6345,"mcpPosition":[-185.507,139.9,95.338],"pipPosition":[-147.056,158.44,113.703],"stabilizedTipPosition":[-110.814,185.423,123.7],"timeVisible":1.35288,"tipPosition":[-108.018,178.006,129.365],"tipVelocity":[-1.86985,-6.33913,2.71853],"tool":false,"touchDistance":0.952704,"touchZone":"none","type":0,"width":19.3331},{"bases":[[[-0.214491,-0.0468946,-0.9756],[-0.847707,0.505093,0.162094],[-0.485167,-0.86179,0.148091]],[[-0.177182,0.0184193,-0.984006],[-0.350911,0.932929,0.0806489],[-0.919493,-0.359588,0.158835]],[[-0.177182,0.0184193,-0.984006],[0.558221,0.82532,-0.0850656],[-0.810553,0.564365,0.156514]],[[-0.177182,0.0184193,-0.984006],[0.883072,0.444383,-0.15069],[-0.4345,0.895648,0.0950022]]],"btipPosition":[-113.431,199.964,54.3756],"carpPosition":[-205.84,164.297,74.8295],"dipPosition":[-120.695,214.938,55.964],"direction":[0.810553,-0.564365,-0.156514],"extended":false,"handId":165,"id":1653,"length":57.6516,"mcpPosition":[-177.548,214.551,66.1939],"pipPosition":[-140.787,228.927,59.8437],"stabilizedTipPosition":[-123.144,205.15,51.5692],"timeVisible":1.35288,"tipPosition":[-116.601,202.023,55.0249],"tipVelocity":[19.2061,-16.2428,14.537],"tool":false,"touchDistance":0.356718,"touchZone":"hovering","type":3,"width":17.2586},{"bases":[[[-0.126168,-0.229129,-0.965185],[-0.910259,0.413516,0.0208222],[-0.394348,-0.881195,0.26074]],[[-0.0813564,-0.129324,-0.988259],[-0.259684,0.960049,-0.104255],[-0.96226,-0.248154,0.11169]],[[-0.0813564,-0.129324,-0.988259],[0.773627,0.616963,-0.144423],[-0.628397,0.776294,-0.049855]],[[-0.0813564,-0.129324,-0.988259],[0.992323,0.082154,-0.0924417],[-0.0931444,0.988193,-0.121648]]],"btipPosition":[-140.321,188.185,47.0698],"carpPosition":[-204.488,161.594,61.9296],"dipPosition":[-141.758,203.427,45.1935],"direction":[0.628397,-0.776294,0.049855],"extended":false,"handId":165,"id":1654,"length":45.1978,"mcpPosition":[-183.202,209.161,47.8549],"pipPosition":[-152.756,217.013,44.321],"stabilizedTipPosition":[-147.351,193.213,45.3356],"timeVisible":1.35288,"tipPosition":[-140.991,193.331,46.0496],"tipVelocity":[21.2984,-17.4484,9.06446],"tool":false,"touchDistance":0.333333,"touchZone":"none","type":4,"width":15.3304},{"bases":[[[-0.259737,0.31963,-0.911248],[-0.773506,0.496062,0.394475],[-0.578122,-0.807316,-0.11839]],[[-0.324318,0.224945,-0.918813],[-0.365318,0.866174,0.341006],[-0.87256,-0.446253,0.19874]],[[-0.324318,0.224945,-0.918813],[0.487243,0.872276,0.0415667],[-0.810809,0.434205,0.392498]],[[-0.324318,0.224945,-0.918813],[0.818264,0.554056,-0.153183],[-0.474617,0.801512,0.363755]]],"btipPosition":[-101.507,207.816,81.7714],"carpPosition":[-199.437,157.014,95.3536],"dipPosition":[-108.763,220.069,87.3327],"direction":[0.810809,-0.434205,-0.392498],"extended":false,"handId":165,"id":1651,"length":52.6219,"mcpPosition":[-159.843,212.305,103.462],"pipPosition":[-126.299,229.46,95.8216],"stabilizedTipPosition":[-111.966,218.425,76.4135],"timeVisible":1.35288,"tipPosition":[-104.067,208.504,83.5148],"tipVelocity":[10.5394,-14.5262,20.9909],"tool":false,"touchDistance":0.365088,"touchZone":"hovering","type":1,"width":18.467},{"bases":[[[-0.19976,0.118339,-0.972672],[-0.818787,0.525113,0.232044],[-0.538223,-0.842765,0.00800205]],[[-0.179979,0.149025,-0.972316],[-0.361975,0.909066,0.206334],[-0.914648,-0.38909,0.10967]],[[-0.179979,0.149025,-0.972316],[0.525349,0.850244,0.0330712],[-0.831635,0.504853,0.231317]],[[-0.179979,0.149025,-0.972316],[0.864077,0.496323,-0.0838734],[-0.470084,0.855251,0.218097]]],"btipPosition":[-99.8194,206.158,70.9074],"carpPosition":[-203.291,161.867,85.7105],"dipPosition":[-107.724,220.539,74.5748],"direction":[0.831635,-0.504853,-0.231317],"extended":false,"handId":165,"id":1652,"length":59.9584,"mcpPosition":[-168.334,216.603,85.1908],"pipPosition":[-128.885,233.385,80.4607],"stabilizedTipPosition":[-110.465,214.336,65.8003],"timeVisible":1.35288,"tipPosition":[-102.686,208.123,71.8789],"tipVelocity":[12.1402,-16.0985,18.6917],"tool":false,"touchDistance":0.364908,"touchZone":"hovering","type":2,"width":18.1371},{"bases":[[[0.