{"frames":114,"data":[{"currentFrameRate":111.767,"devices":[],"gestures":[],"hands":[{"armBasis":[[0.687138,0.198475,-0.698891],[0.036079,0.951453,0.305671],[0.72563,-0.235253,0.646619]],"armWidth":56.1785,"confidence":1,"direction":[-0.238662,0.0661365,-0.968848],"elbow":[238.096,52.3799,257.306],"grabAngle":2.66911,"grabStrength":0,"id":76,"palmNormal":[0.0222993,-0.997042,-0.0735542],"palmPosition":[37.5901,110.578,42.0605],"palmVelocity":[-3.85252,7.29874,9.59816],"palmWidth":80.3549,"pinchDistance":50.4086,"pinchStrength":0.623229,"r":[[0.180539,0.20633,0.961683],[-0.0388939,0.978482,-0.202633],[-0.982799,-0.000820437,0.184679]],"s":0.96951,"sphereCenter":[62.7948,71.2544,20.3792],"sphereRadius":48.7193,"stabilizedPalmPosition":[37.8629,110.133,41.5182],"t":[15.3802,-44.9666,-52.8135],"timeVisible":10.5468,"type":"right","wrist":[65.0759,108.474,103.125]}],"id":98844,"interactionBox":{"center":[0,200,0],"size":[235.247,235.247,147.751]},"pointables":[{"bases":[[[0.916993,0.0497077,-0.395795],[-0.0811337,0.994707,-0.0630487],[0.390566,0.0899276,0.916172]],[[0.996671,0.0814789,0.00291831],[-0.0792409,0.976478,-0.20053],[-0.0191886,0.199631,0.979683]],[[0.996671,0.0814789,0.00291831],[-0.0756208,0.937208,-0.340475],[-0.0304766,0.339121,0.940249]],[[0.996671,0.0814789,0.00291831],[-0.0701744,0.875514,-0.478069],[-0.0415076,0.476273,0.878317]]],"btipPosition":[12.8277,90.9697,-44.7925],"carpPosition":[36.1885,118.917,85.5623],"dipPosition":[12.1984,98.1905,-31.4764],"direction":[0.0304766,-0.339121,-0.940249],"extended":true,"handId":76,"id":761,"length":52.183,"mcpPosition":[10.8132,113.074,26.038],"pipPosition":[11.5447,105.464,-11.3102],"stabilizedTipPosition":[12.6683,92.5488,-41.9837],"timeVisible":10.5468,"tipPosition":[13.3477,91.3202,-38.134],"tipVelocity":[3.19643,14.6496,8.25425],"tool":false,"touchDistance":0.333333,"touchZone":"hovering","type":1,"width":17.041},{"bases":[[[0.32415,0.920444,-0.218424],[-0.698163,0.388565,0.60132],[0.638353,-0.0424224,0.768573]],[[0.176031,0.907286,-0.381896],[-0.932471,0.27801,0.230668],[0.315453,0.315502,0.894957]],[[0.176031,0.907286,-0.381896],[-0.982906,0.140746,-0.118683],[-0.0539292,0.39626,0.916553]],[[0.176031,0.907286,-0.381896],[-0.894893,-0.0141281,-0.446056],[-0.410096,0.420276,0.809438]]],"btipPosition":[28.1559,66.1712,11.1395],"carpPosition":[31.9139,100.796,95.1319],"dipPosition":[19.6394,74.8991,27.9493],"direction":[0.0539292,-0.39626,-0.916553],"extended":false,"handId":76,"id":760,"length":46.2456,"mcpPosition":[31.9139,100.796,95.1319],"pipPosition":[18.0077,86.8879,55.6794],"stabilizedTipPosition":[26.7058,67.9393,14.914],"timeVisible":10.5468,"tipPosition":[21.2439,67.2903,16.1146],"tipVelocity":[-9.30684,8.8198,3.47622],"tool":false,"touchDistance":0.244854,"touchZone":"hovering","type":0,"width":17.8402},{"bases":[[[0.961634,-0.108906,-0.251792],[0.0836573,0.990523,-0.108925],[0.261268,0.083682,0.961632]],[[0.972056,-0.105176,-0.20987],[-0.190688,0.167655,-0.967228],[0.136915,0.980219,0.142914]],[[0.972056,-0.105176,-0.20987],[-0.191085,-0.873819,-0.447132],[-0.136361,0.47474,-0.869498]],[[0.972056,-0.105176,-0.20987],[-0.0406929,-0.955976,0.29061],[-0.231196,-0.273949,-0.933542]]],"btipPosition":[31.07,66.4085,52.8784],"carpPosition":[45.7276,120.9,80.7333],"dipPosition":[27.2148,61.8404,37.3115],"direction":[0.136361,-0.47474,0.869498],"extended":false,"handId":76,"id":762,"length":59.4584,"mcpPosition":[29.6299,115.744,21.4839],"pipPosition":[23.774,73.8196,15.3713],"stabilizedTipPosition":[29.6384,64.9415,48.9108],"timeVisible":10.5468,"tipPosition":[32.3689,66.8368,49.9914],"tipVelocity":[17.2097,10.0123,5.4318],"tool":false,"touchDistance":0.333333,"touchZone":"none","type":2,"width":16.7365},{"bases":[[[0.98054,-0.169763,-0.0986029],[0.160434,0.982374,-0.0959261],[0.11315,0.0782401,0.990493]],[[0.97199,-0.174149,-0.157819],[-0.144548,0.0865063,-0.985709],[0.185312,0.980912,0.0589105]],[[0.97199,-0.174149,-0.157819],[-0.201475,-0.96318,-0.178024],[-0.121006,0.204834,-0.971288]],[[0.97199,-0.174149,-0.157819],[-0.0903094,-0.896716,0.433294],[-0.216977,-0.406905,-0.887327]]],"btipPosition":[48.9521,78.9446,58.6904],"carpPosition":[55.9865,120.451,77.2316],"dipPosition":[45.3547,72.1984,43.9791],"direction":[0.121006,-0.204834,0.971288],"extended":false,"handId":76,"id":763,"length":57.1708,"mcpPosition":[49.7273,116.123,22.4391],"pipPosition":[42.3803,77.2335,20.1035],"stabilizedTipPosition":[48.0366,77.1799,55.112],"timeVisible":10.5468,"tipPosition":[48.0019,76.5806,55.5532],"tipVelocity":[3.06538,4.18497,3.70386],"tool":false,"touchDistance":0.333333,"touchZone":"none","type":3,"width":15.9259},{"bases":[[[0.946968,-0.319534,0.0339129],[0.320353,0.947038,-0.0222075],[-0.0250207,0.0318939,0.999178]],[[0.941672,-0.320914,-0.101336],[-0.0375107,0.199153,-0.97925],[0.334436,0.925933,0.175499]],[[0.941672,-0.320914,-0.101336],[-0.335494,-0.871547,-0.357561],[0.0264266,0.370702,-0.928376]],[[0.941672,-0.320914,-0.101336],[-0.281397,-0.916004,0.285922],[-0.184581,-0.240729,-0.95288]]],"btipPosition":[59.968,80.7075,50.2808],"carpPosition":[66.8155,114.145,76.266],"dipPosition":[57.1448,77.0256,35.7064],"direction":[-0.0264266,-0.370702,0.928376],"extended":false,"handId":76,"id":764,"length":44.8208,"mcpPosition":[68.0967,112.511,25.1004],"pipPosition":[57.6034,83.4593,19.5939],"stabilizedTipPosition":[59.2881,79.5158,46.7432],"timeVisible":10.5468,"tipPosition":[59.3845,80.1649,47.8513],"tipVelocity":[1.98806,9.18898,3.61489],"tool":false,"touchDistance":0.333333,"touchZone":"none","type":4,"width":14.1466}],"r":[[0.180539,0.20633,0.961683],[-0.0388939,0.978482,-0.202633],[-0.982799,-0.000820437,0.184679]],"s":0.96951,"t":[15.3802,-44.9666,-52.8135],"timestamp":7644531160},{"currentFrameRate":112.172,"devices":[],"gestures":[],"hands":[{"armBasis":[[0.687304,0.202156,-0.697672],[0.0334683,0.950657,0.308432],[0.725598,-0.235336,0.646625]],"armWidth":56.1785,"confidence":1,"direction":[-0.240097,0.0669925,-0.968435],"elbow":[238.102,52.3908,257.349],"grabAngle":2.66981,"grabStrength":0,"id":76,"palmNormal":[0.0256553,-0.99683,-0.0753173],"palmPosition":[37.5391,110.634,42.131],"palmVelocity":[-6.21303,6.77131,8.59293],"palmWidth":80.3549,"pinchDistance":50.3768,"pinchStrength":0.622458,"r":[[0.180508,0.205474,0.961872],[-0.0410151,0.978658,-0.201362],[-0.982718,-0.00310374,0.185083]],"s":0.969449,"sphereCenter":[63.0901,71.3982,20.3043],"sphereRadius":48.8666,"stabilizedPalmPosition":[37.847,110.157,41.5482],"t":[15.3306,-44.9114,-52.7391],"timeVisible":10.555,"type":"right","wrist":[65.089,108.505,103.166]}],"id":98845,"interactionBox":{"center":[0,200,0],"size":[235.247,235.247,147.751]},"pointables":[{"bases":[[[0.916321,0.0535677,-0.396846],[-0.0846516,0.994528,-0.0612163],[0.391395,0.0896874,0.915842]],[[0.996371,0.0850339,0.00366181],[-0.0825986,0.976425,-0.19943],[-0.0205338,0.198404,0.979905]],[[0.996371,0.0850339,0.00366181],[-0.0788637,0.938543,-0.336031],[-0.0320108,0.334523,0.941844]],[[0.996371,0.0850339,0.00366181],[-0.0730111,0.876025,-0.476707],[-0.0437441,0.47471,0.879055]]],"btipPosition":[12.8663,91.1295,-44.7382],"carpPosition":[36.1629,118.892,85.6489],"dipPosition":[12.2031,98.3266,-31.4109],"direction":[0.0320108,-0.334523,-0.941844],"extended":true,"handId":76,"id":761,"length":52.183,"mcpPosition":[10.7338,113.065,26.1462],"pipPosition":[11.5166,105.501,-11.2106],"stabilizedTipPosition":[12.677,92.594,-41.9241],"timeVisible":10.555,"tipPosition":[13.2587,91.443,-38.0979],"tipVelocity":[3.76189,18.8081,6.92851],"tool":false,"touchDistance":0.333333,"touchZone":"hovering","type":1,"width":17.041},{"bases":[[[0.320693,0.921938,-0.217224],[-0.698752,0.385102,0.602861],[0.639454,-0.0415479,0.767706]],[[0.172153,0.90849,-0.3808],[-0.932847,0.274549,0.23328],[0.316481,0.315068,0.894747]],[[0.172153,0.90849,-0.3808],[-0.983667,0.137914,-0.115671],[-0.0525683,0.394493,0.917394]],[[0.172153,0.90849,-0.3808],[-0.896129,-0.0160866,-0.443502],[-0.409043,0.417596,0.811355]]],"btipPosition":[28.0966,66.2432,11.1439],"carpPosition":[31.9629,100.74,95.1923],"dipPosition":[19.6019,74.9156,27.9935],"direction":[0.0525683,-0.394493,-0.917394],"extended":false,"handId":76,"id":760,"length":46.2456,"mcpPosition":[31.9629,100.74,95.1923],"pipPosition":[18.0115,86.8509,55.7491],"stabilizedTipPosition":[26.6003,67.9952,14.9337],"timeVisible":10.555,"tipPosition":[21.3476,67.3416,16.1216],"tipVelocity":[-6.61309,7.22312,1.65413],"tool":false,"touchDistance":0.24508,"touchZone":"hovering","type":0,"width":17.8402},{"bases":[[[0.96169,-0.105141,-0.253174],[0.0800955,0.990995,-0.107305],[0.262176,0.0829156,0.961451]],[[0.971157,-0.101837,-0.215599],[-0.196718,0.168768,-0.965826],[0.134743,0.980381,0.143867]],[[0.971157,-0.101837,-0.215599],[-0.19071,-0.874485,-0.445989],[-0.14312,0.474242,-0.868684]],[[0.971157,-0.101837,-0.215599],[-0.0356479,-0.956055,0.291013],[-0.235761,-0.274934,-0.93211]]],"btipPosition":[31.3151,66.4944,52.8827],"carpPosition":[45.689,120.917,80.8116],"dipPosition":[27.3838,61.9098,37.3396],"direction":[0.14312,-0.474242,0.868684],"extended":false,"handId":76,"id":762,"length":59.4584,"mcpPosition":[29.5355,115.808,21.5733],"pipPosition":[23.7724,73.8764,15.42],"stabilizedTipPosition":[29.752,65.0147,48.9691],"timeVisible":10.555,"tipPosition":[32.4613,66.8486,49.9863],"tipVelocity":[27.7321,9.99583,1.18562],"tool":false,"touchDistance":0.333333,"touchZone":"none","type":2,"width":16.7365},{"bases":[[[0.980997,-0.166197,-0.100115],[0.156916,0.983089,-0.0944148],[0.114113,0.076911,0.990486]],[[0.972389,-0.17051,-0.159328],[-0.146099,0.0875904,-0.985385],[0.181974,0.981455,0.0602607]],[[0.972389,-0.17051,-0.159328],[-0.198546,-0.963256,-0.180879],[-0.122632,0.207518,-0.970514]],[[0.972389,-0.17051,-0.159328],[-0.0866169,-0.89768,0.432052],[-0.216695,-0.406322,-0.887663]]],"btipPosition":[49.025,78.979,58.6886],"carpPosition":[55.9451,120.51,77.2964],"dipPosition":[45.4324,72.2425,43.9717],"direction":[0.122632,-0.207518,0.970514],"extended":false,"handId":76,"id":763,"length":57.1708,"mcpPosition":[49.6325,116.255,22.5042],"pipPosition":[42.4179,77.3436,20.1151],"stabilizedTipPosition":[48.057,77.2115,55.1362],"timeVisible":10.555,"tipPosition":[48.0854,76.6507,55.5511],"tipVelocity":[9.02181,4.46524,-0.378664],"tool":false,"touchDistance":0.333333,"touchZone":"none","type":3,"width":15.9259},{"bases":[[[0.948109,-0.316313,0.0321813],[0.317048,0.948178,-0.0209565],[-0.0238848,0.030072,0.999262]],[[0.94265,-0.317477,-0.103052],[-0.0394417,0.200629,-0.978873],[0.331445,0.926799,0.176601]],[[0.94265,-0.317477,-0.103052],[-0.33289,-0.87163,-0.359785],[0.0244002,0.373456,-0.927327]],[[0.94265,-0.317477,-0.103052],[-0.277892,-0.91749,0.284583],[-0.184898,-0.239625,-0.953096]]],"btipPosition":[60.0228,80.8063,50.2674],"carpPosition":[66.7946,114.242,76.3064],"dipPosition":[57.1948,77.1412,35.6896],"direction":[-0.0244002,-0.373456,0.927327],"extended":false,"handId":76,"id":764,"length":44.8208,"mcpPosition":[68.0177,112.702,25.1364],"pipPosition":[57.6182,83.6227,19.5954],"stabilizedTipPosition":[59.3026,79.5926,46.7726],"timeVisible":10.555,"tipPosition":[59.4457,80.2856,47.8405],"tipVelocity":[6.54625,12.5032,-1.72442],"tool":false,"touchDistance":0.333333,"touchZone":"none","type":4,"width":14.1466}],"r":[[0.180508,0.205474,0.961872],[-0.0410151,0.978658,-0.201362],[-0.982718,-0.00310374,0.185083]],"s":0.969449,"t":[15.3306,-44.9114,-52.7391],"timestamp":7644539367},{"currentFrameRate":111.204,"devices":[],"gestures":[],"hands":[{"armBasis":[[0.687505,0.200743,-0.697882],[0.034564,0.950897,0.307571],[0.725356,-0.235579,0.646808]],"armWidth":56.1785,"confidence":1,"direction":[-0.240132,0.0655631,-0.968524],"elbow":[238.016,52.3902,257.437],"grabAngle":2.67004,"grabStrength":0,"id":76,"palmNormal":[0.024738,-0.996979,-0.0736228],"palmPosition":[37.5077,110.619,42.1753],"palmVelocity":[-2.93993,-1.3772,4.14586],"palmWidth":80.3549,"pinchDistance":50.3683,"pinchStrength":0.622342,"r":[[0.180541,0.205082,0.961949],[-0.0425373,0.978733,-0.200677],[-0.982647,-0.00468826,0.185425]],"s":0.969413,"sphereCenter":[63.2247,71.2992,20.3711],"sphereRadius":48.992,"stabilizedPalmPosition":[37.8294,110.181,41.5808],"t":[15.29,-44.8912,-52.6797],"timeVisible":10.5657,"type":"right","wrist":[65.0611,108.562,103.211]}],"id":98846,"interactionBox":{"center":[0,200,0],"size":[235.247,235.247,147.751]},"pointables":[{"bases":[[[0.91633,0.0520556,-0.397026],[-0.0837499,0.9945,-0.062901],[0.391568,0.0908889,0.915649]],[[0.99643,0.0842493,0.00532549],[-0.0814619,0.976175,-0.201111],[-0.0221421,0.19996,0.979554]],[[0.99643,0.0842493,0.00532549],[-0.0776345,0.939318,-0.334147],[-0.033154,0.332541,0.942506]],[[0.99643,0.0842493,0.00532549],[-0.0714861,0.875667,-0.477595],[-0.0449004,0.475509,0.878564]]],"btipPosition":[12.9389,91.0831,-44.6888],"carpPosition":[36.1434,118.953,85.6793],"dipPosition":[12.2582,98.2923,-31.3689],"direction":[0.033154,-0.332541,-0.942506],"extended":true,"handId":76,"id":761,"length":52.183,"mcpPosition":[10.703,113.048,26.189],"pipPosition":[11.5471,105.425,-11.1544],"stabilizedTipPosition":[12.7013,92.628,-41.8552],"timeVisible":10.5657,"tipPosition":[13.1975,91.3287,-38.0558],"tipVelocity":[6.41422,-4.07849,4.46566],"tool":false,"touchDistance":0.333333,"touchZone":"hovering","type":1,"width":17.041},{"bases":[[[0.321513,0.921274,-0.218824],[-0.69834,0.386766,0.602273],[0.639492,-0.0408248,0.767713]],[[0.172733,0.907634,-0.382576],[-0.932378,0.275893,0.233567],[0.317544,0.31636,0.893914]],[[0.172733,0.907634,-0.382576],[-0.983645,0.13883,-0.114751],[-0.0510389,0.39614,0.91677]],[[0.172733,0.907634,-0.382576],[-0.89668,-0.015825,-0.442396],[-0.407588,0.419464,0.811124]]],"btipPosition":[27.9381,66.1784,11.2659],"carpPosition":[31.9277,100.821,95.2539],"dipPosition":[19.4736,74.8895,28.1107],"direction":[0.0510389,-0.39614,-0.91677],"extended":false,"handId":76,"id":760,"length":46.2456,"mcpPosition":[31.9277,100.821,95.2539],"pipPosition":[17.9294,86.8746,55.8474],"stabilizedTipPosition":[26.4775,68.0329,14.9754],"timeVisible":10.5657,"tipPosition":[21.2988,67.3021,16.2354],"tipVelocity":[-14.183,-5.23384,11.3113],"tool":false,"touchDistance":0.247095,"touchZone":"hovering","type":0,"width":17.8402},{"bases":[[[0.961569,-0.106449,-0.253089],[0.0809894,0.990737,-0.108999],[0.262347,0.0843127,0.961283]],[[0.970262,-0.103395,-0.218865],[-0.199897,0.167641,-0.965369],[0.136505,0.980411,0.141987]],[[0.970262,-0.103395,-0.218865],[-0.1932,-0.875519,-0.442878],[-0.145829,0.471992,-0.869458]],[[0.970262,-0.103395,-0.218865],[-0.0353712,-0.955038,0.294367],[-0.23946,-0.277871,-0.930294]]],"btipPosition":[31.3411,66.5564,52.9887],"carpPosition":[45.6708,120.96,80.8375],"dipPosition":[27.348,61.9228,37.4759],"direction":[0.145829,-0.471992,0.869458],"extended":false,"handId":76,"id":762,"length":59.4584,"mcpPosition":[29.5067,115.766,21.6096],"pipPosition":[23.6683,73.8327,15.5367],"stabilizedTipPosition":[29.8387,65.0763,49.0275],"timeVisible":10.5657,"tipPosition":[32.3781,66.8433,50.1013],"tipVelocity":[1.10318,4.74924,10.5684],"tool":false,"touchDistance":0.333333,"touchZone":"none","type":2,"width":16.7365},{"bases":[[[0.980835,-0.167263,-0.0999277],[0.157804,0.982783,-0.0961035],[0.114282,0.0784927,0.990343]],[[0.972217,-0.171669,-0.159133],[-0.146106,0.0861008,-0.985515],[0.182883,0.981385,0.0586269]],[[0.972217,-0.171669,-0.159133],[-0.199637,-0.963053,-0.180758],[-0.122223,0.207504,-0.970569]],[[0.972217,-0.171669,-0.159133],[-0.0874078,-0.896891,0.433529],[-0.217148,-0.407575,-0.886978]]],"btipPosition":[48.9582,78.9438,58.7769],"carpPosition":[55.9262,120.538,77.3221],"dipPosition":[45.358,72.1864,44.0714],"direction":[0.122223,-0.207504,0.970569],"extended":false,"handId":76,"id":763,"length":57.1708,"mcpPosition":[49.6043,116.196,22.5378],"pipPosition":[42.3536,77.2872,20.2135],"stabilizedTipPosition":[48.0664,77.2342,55.1692],"timeVisible":10.5657,"tipPosition":[48.0246,76.6513,55.6515],"tipVelocity":[-6.41813,-3.74808,8.51034],"tool":false,"touchDistance":0.333333,"touchZone":"none","type":3,"width":15.9259},{"bases":[[[0.947823,-0.317124,0.0326273],[0.317911,0.947851,-0.0226014],[-0.0237583,0.0317947,0.999212]],[[0.94235,-0.318512,-0.1026],[-0.0393614,0.198973,-0.979214],[0.332307,0.926801,0.174965]],[[0.94235,-0.318512,-0.1026],[-0.333686,-0.871431,-0.359529],[0.0251055,0.373039,-0.927476]],[[0.94235,-0.318512,-0.1026],[-0.278764,-0.916831,0.285852],[-0.185114,-0.240771,-0.952765]]],"btipPosition":[59.9556,80.7595,50.3541],"carpPosition":[66.7698,114.259,76.3417],"dipPosition":[57.1243,77.0769,35.7814],"direction":[-0.0251055,-0.373039,0.927476],"extended":false,"handId":76,"id":764,"length":44.8208,"mcpPosition":[67.9865,112.631,25.1743],"pipPosition":[57.56,83.5512,19.6845],"stabilizedTipPosition":[59.3029,79.6485,46.8127],"timeVisible":10.5657,"tipPosition":[59.387,80.26,47.9326],"tipVelocity":[-6.35814,-4.75132,8.22101],"tool":false,"touchDistance":0.333333,"touchZone":"none","type":4,"width":14.1466}],"r":[[0.180541,0.205082,0.961949],[-0.0425373,0.978733,-0.200677],[-0.982647,-0.00468826,0.185425]],"s":0.969413,"t":[15.29,-44.8912,-52.6797],"timestamp":7644550055},{"currentFrameRate":112.873,"devices":[],"gestures":[],"hands":[{"armBasis":[[0.687731,0.200165,-0.697825],[0.0349108,0.951006,0.307194],[0.725126,-0.235628,0.647049]],"armWidth":56.1785,"confidence":1,"direction":[-0.240423,0.0657133,-0.968441],"elbow":[237.937,52.3907,257.518],"grabAngle":2.67009,"grabStrength":0,"id":76,"palmNormal":[0.0243398,-0.996984,-0.0736926],"palmPosition":[37.4685,110.642,42.2048],"palmVelocity":[-6.59807,3.94592,4.95152],"palmWidth":80.3549,"pinchDistance":50.3875,"pinchStrength":0.622311,"r":[[0.180645,0.204744,0.962002],[-0.0436944,0.978798,-0.200114],[-0.982577,-0.00588452,0.185761]],"s":0.969405,"sphereCenter":[63.3537,71.3009,20.3499],"sphereRadius":49.1074,"stabilizedPalmPosition":[37.8186,110.195,41.5995],"t":[15.2502,-44.8694,-52.6352],"timeVisible":10.5716,"type":"right","wrist":[65.0365,108.574,103.234]}],"id":98847,"interactionBox":{"center":[0,200,0],"size":[235.247,235.247,147.751]},"pointables":[{"bases":[[[0.91622,0.0517363,-0.397321],[-0.0833971,0.994535,-0.0628121],[0.3919,0.0906852,0.915527]],[[0.99644,0.0840056,0.00710451],[-0.0808886,0.976402,-0.20024],[-0.0237581,0.198953,0.979721]],[[0.99644,0.0840056,0.00710451],[-0.0769441,0.940638,-0.330576],[-0.034453,0.328852,0.943753]],[[0.99644,0.0840056,0.00710451],[-0.0704577,0.876081,-0.476989],[-0.0462939,0.47479,0.878881]]],"btipPosition":[13.006,91.246,-44.6884],"carpPosition":[36.1215,118.974,85.7097],"dipPosition":[12.3041,98.4443,-31.3637],"direction":[0.034453,-0.328852,-0.943753],"extended":true,"handId":76,"id":761,"length":52.183,"mcpPosition":[10.6595,113.082,26.2273],"pipPosition":[11.5652,105.497,-11.1224],"stabilizedTipPosition":[12.7217,92.667,-41.8222],"timeVisible":10.5716,"tipPosition":[13.1214,91.385,-38.0636],"tipVelocity":[10.4617,26.9783,0.256296],"tool":false,"touchDistance":0.333333,"touchZone":"hovering","type":1,"width":17.041},{"bases":[[[0.321787,0.921167,-0.218872],[-0.697999,0.38699,0.602525],[0.639727,-0.0411124,0.767502]],[[0.172729,0.907541,-0.382798],[-0.93206,0.276263,0.234397],[0.318478,0.316303,0.893602]],[[0.172729,0.907541,-0.382798],[-0.983712,0.139314,-0.113592],[-0.0497605,0.396183,0.916822]],[[0.172729,0.907541,-0.382798],[-0.897271,-0.0153284,-0.441214],[-0.406288,0.419684,0.811662]]],"btipPosition":[27.8056,66.1973,11.2976],"carpPosition":[31.9021,100.843,95.2846],"dipPosition":[19.3681,74.913,28.1536],"direction":[0.0497605,-0.396183,-0.916822],"extended":false,"handId":76,"id":760,"length":46.2456,"mcpPosition":[31.9021,100.843,95.2846],"pipPosition":[17.8626,86.8994,55.8918],"stabilizedTipPosition":[26.4062,68.0526,14.9985],"timeVisible":10.5716,"tipPosition":[21.2542,67.3369,16.2629],"tipVelocity":[-21.2332,3.35887,5.75917],"tool":false,"touchDistance":0.247666,"touchZone":"hovering","type":0,"width":17.8402},{"bases":[[[0.961446,-0.106795,-0.253409],[0.0813257,0.990713,-0.108964],[0.262692,0.0841547,0.961203]],[[0.969642,-0.10394,-0.221338],[-0.202217,0.168084,-0.964809],[0.137486,0.980278,0.141963]],[[0.969642,-0.10394,-0.221338],[-0.194658,-0.875927,-0.441429],[-0.147994,0.471114,-0.869569]],[[0.969642,-0.10394,-0.221338],[-0.0347954,-0.954601,0.295847],[-0.24204,-0.279164,-0.929238]]],"btipPosition":[31.3528,66.6336,53.0073],"carpPosition":[45.6481,120.978,80.8649],"dipPosition":[27.3167,61.9785,37.5121],"direction":[0.147994,-0.471114,0.869569],"extended":false,"handId":76,"id":762,"length":59.4584,"mcpPosition":[29.4627,115.793,21.642],"pipPosition":[23.5824,73.8661,15.5702],"stabilizedTipPosition":[29.8831,65.1132,49.0591],"timeVisible":10.5716,"tipPosition":[32.3159,66.8619,50.1264],"tipVelocity":[0.301591,12.1471,3.80997],"tool":false,"touchDistance":0.333333,"touchZone":"none","type":2,"width":16.7365},{"bases":[[[0.98074,-0.167625,-0.100258],[0.158142,0.982729,-0.0960942],[0.114634,0.0783885,0.99031]],[[0.972101,-0.172024,-0.15946],[-0.146372,0.0863413,-0.985454],[0.18329,0.981302,0.058753]],[[0.972101,-0.172024,-0.15946],[-0.200257,-0.962627,-0.182338],[-0.122134,0.209184,-0.970219]],[[0.972101,-0.172024,-0.15946],[-0.0876699,-0.89701,0.433229],[-0.217563,-0.407162,-0.887065]]],"btipPosition":[48.9032,78.9191,58.7906],"carpPosition":[55.9021,120.552,77.3461],"dipPosition":[45.2962,72.1686,44.0837],"direction":[0.122134,-0.209184,0.970219],"extended":false,"handId":76,"id":763,"length":57.1708,"mcpPosition":[49.5607,116.216,22.5637],"pipPosition":[42.2939,77.3107,20.2343],"stabilizedTipPosition":[48.0669,77.2442,55.1873],"timeVisible":10.5716,"tipPosition":[47.9773,76.672,55.6746],"tipVelocity":[-9.50476,-3.88452,2.24869],"tool":false,"touchDistance":0.333333,"touchZone":"none","type":3,"width":15.9259},{"bases":[[[0.947714,-0.317481,0.0322986],[0.318259,0.947733,-0.0226465],[-0.0234206,0.0317417,0.999222]],[[0.942195,-0.318859,-0.102946],[-0.0395719,0.199197,-0.97916],[0.332721,0.926633,0.175064]],[[0.942195,-0.318859,-0.102946],[-0.334101,-0.870746,-0.360802],[0.0254058,0.37434,-0.926943]],[[0.942195,-0.318859,-0.102946],[-0.27913,-0.9169,0.285273],[-0.185353,-0.240047,-0.952902]]],"btipPosition":[59.897,80.7442,50.3634],"carpPosition":[66.7431,114.269,76.3618],"dipPosition":[57.062,77.0726,35.7887],"direction":[-0.0254058,-0.37434,0.926943],"extended":false,"handId":76,"id":764,"length":44.8208,"mcpPosition":[67.9424,112.644,25.1939],"pipPosition":[57.5029,83.5695,19.7011],"stabilizedTipPosition":[59.2969,79.6745,46.8333],"timeVisible":10.5716,"tipPosition":[59.338,80.2741,47.9511],"tipVelocity":[-9.99519,-2.14979,1.4925],"tool":false,"touchDistance":0.333333,"touchZone":"none","type":4,"width":14.1466}],"r":[[0.180645,0.204744,0.962002],[-0.0436944,0.978798,-0.200114],[-0.982577,-0.00588452,0.185761]],"s":0.969405,"t":[15.2502,-44.8694,-52.6352],"timestamp":7644556001},{"currentFrameRate":112.399,"devices":[],"gestures":[],"hands":[{"armBasis":[[0.688313,0.20157,-0.696847],[0.0339064,0.95063,0.30847],[0.724621,-0.235951,0.647496]],"armWidth":56.1785,"confidence":1,"direction":[-0.241306,0.0661525,-0.968192],"elbow":[237.853,52.3705,257.65],"grabAngle":2.67062,"grabStrength":0,"id":76,"palmNormal":[0.0257386,-0.996887,-0.074528],"palmPosition":[37.4687,110.717,42.2464],"palmVelocity":[0.0226065,7.64446,4.27791],"palmWidth":80.3549,"pinchDistance":50.3745,"pinchStrength":0.622063,"r":[[0.180825,0.204369,0.962048],[-0.044939,0.978868,-0.199495],[-0.982488,-0.00715963,0.186188]],"s":0.969383,"sphereCenter":[63.5991,71.4015,20.298],"sphereRadius":49.2355,"stabilizedPalmPosition":[37.8006,110.222,41.6328],"t":[15.2303,-44.8213,-52.5923],"timeVisible":10.5814,"type":"right","wrist":[65.0731,108.631,103.26]}],"id":98848,"interactionBox":{"center":[0,200,0],"size":[235.247,235.247,147.751]},"pointables":[{"bases":[[[0.91582,0.053402,-0.398022],[-0.0849032,0.994463,-0.0619307],[0.392511,0.0905107,0.915283]],[[0.996298,0.0855718,0.00822021],[-0.0822174,0.976419,-0.199614],[-0.0251077,0.198199,0.97984]],[[0.996298,0.0855718,0.00822021],[-0.0781728,0.941613,-0.327496],[-0.0357647,0.325641,0.944817]],[[0.996298,0.0855718,0.00822021],[-0.0713347,0.876306,-0.476444],[-0.0479736,0.474094,0.879166]]],"btipPosition":[13.0947,91.4023,-44.6547],"carpPosition":[36.1448,119.011,85.7591],"dipPosition":[12.3674,98.59,-31.3257],"direction":[0.0357647,-0.325641,-0.944817],"extended":true,"handId":76,"id":761,"length":52.183,"mcpPosition":[10.6432,113.13,26.2926],"pipPosition":[11.6003,105.574,-11.0616],"stabilizedTipPosition":[12.7695,92.7572,-41.7681],"timeVisible":10.5814,"tipPosition":[13.0832,91.5031,-38.0496],"tipVelocity":[8.52944,15.829,3.56333],"tool":false,"touchDistance":0.333333,"touchZone":"hovering","type":1,"width":17.041},{"bases":[[[0.320261,0.921815,-0.218379],[-0.698075,0.385476,0.603407],[0.64041,-0.0408029,0.766949]],[[0.170811,0.90804,-0.382476],[-0.931981,0.274866,0.236346],[0.319741,0.31609,0.893226]],[[0.170811,0.90804,-0.382476],[-0.984119,0.1382,-0.111398],[-0.0482959,0.39543,0.917226]],[[0.170811,0.90804,-0.382476],[-0.898174,-0.0161013,-0.439344],[-0.405101,0.418575,0.812828]]],"btipPosition":[27.7387,66.2753,11.3157],"carpPosition":[31.9598,100.866,95.3226],"dipPosition":[19.3258,74.968,28.1959],"direction":[0.0482959,-0.39543,-0.917226],"extended":false,"handId":76,"id":760,"length":46.2456,"mcpPosition":[31.9598,100.866,95.3226],"pipPosition":[17.8647,86.9316,55.9464],"stabilizedTipPosition":[26.2979,68.0925,15.0344],"timeVisible":10.5814,"tipPosition":[21.3272,67.4146,16.2749],"tipVelocity":[-6.30565,7.48312,2.44405],"tool":false,"touchDistance":0.248062,"touchZone":"hovering","type":0,"width":17.8402},{"bases":[[[0.961395,-0.10518,-0.254276],[0.0797875,0.99092,-0.10822],[0.26335,0.0837537,0.961058]],[[0.968854,-0.102623,-0.225367],[-0.206307,0.168862,-0.963807],[0.136965,0.980283,0.142431]],[[0.968854,-0.102623,-0.225367],[-0.195201,-0.876505,-0.440041],[-0.152377,0.470327,-0.869237]],[[0.968854,-0.102623,-0.225367],[-0.0320068,-0.954349,0.296976],[-0.245556,-0.280513,-0.927909]]],"btipPosition":[31.5202,66.7551,53.009],"carpPosition":[45.6646,121.033,80.9083],"dipPosition":[27.4256,62.0775,37.536],"direction":[0.152377,-0.470327,0.869237],"extended":false,"handId":76,"id":762,"length":59.4584,"mcpPosition":[29.4387,115.873,21.6943],"pipPosition":[23.5806,73.9453,15.6024],"stabilizedTipPosition":[29.973,65.1864,49.1096],"timeVisible":10.5814,"tipPosition":[32.3746,66.914,50.1317],"tipVelocity":[15.8448,11.9684,0.705834],"tool":false,"touchDistance":0.333333,"touchZone":"none","type":2,"width":16.7365},{"bases":[[[0.980902,-0.166107,-0.101191],[0.156625,0.983038,-0.0954183],[0.115324,0.077747,0.990281]],[[0.972222,-0.17047,-0.16039],[-0.147301,0.086921,-0.985265],[0.1819,0.981522,0.0593962]],[[0.972222,-0.17047,-0.16039],[-0.199172,-0.96247,-0.184343],[-0.122945,0.211167,-0.969687]],[[0.972222,-0.17047,-0.16039],[-0.086016,-0.897511,0.432523],[-0.217684,-0.406712,-0.887242]]],"btipPosition":[48.9564,78.9622,58.7913],"carpPosition":[55.9164,120.625,77.3808],"dipPosition":[45.3473,72.2192,44.0815],"direction":[0.122945,-0.211167,0.969687],"extended":false,"handId":76,"id":763,"length":57.1708,"mcpPosition":[49.5368,116.324,22.6],"pipPosition":[42.3251,77.41,20.2451],"stabilizedTipPosition":[48.0745,77.2655,55.2154],"timeVisible":10.5814,"tipPosition":[48.0384,76.7523,55.6792],"tipVelocity":[5.41891,4.61063,0.00217635],"tool":false,"touchDistance":0.333333,"touchZone":"none","type":3,"width":15.9259},{"bases":[[[0.948204,-0.31612,0.03127],[0.316854,0.948216,-0.0221292],[-0.0226552,0.030891,0.999266]],[[0.942577,-0.317396,-0.103965],[-0.0406702,0.199889,-0.978974],[0.331504,0.926987,0.175502]],[[0.942577,-0.317396,-0.103965],[-0.333092,-0.870536,-0.36224],[0.0244686,0.376069,-0.926269]],[[0.942577,-0.317396,-0.103965],[-0.277607,-0.917604,0.284495],[-0.185696,-0.239297,-0.953024]]],"btipPosition":[59.9401,80.8244,50.3584],"carpPosition":[66.7657,114.358,76.3826],"dipPosition":[57.0999,77.1643,35.7817],"direction":[-0.0244686,-0.376069,0.926269],"extended":false,"handId":76,"id":764,"length":44.8208,"mcpPosition":[67.9259,112.776,25.2124],"pipPosition":[57.5246,83.6912,19.7058],"stabilizedTipPosition":[59.2952,79.7266,46.8624],"timeVisible":10.5814,"tipPosition":[59.3872,80.3753,47.9487],"tipVelocity":[4.31415,8.52736,-0.565844],"tool":false,"touchDistance":0.333333,"touchZone":"none","type":4,"width":14.1466}],"r":[[0.180825,0.204369,0.962048],[-0.044939,0.978868,-0.199495],[-0.982488,-0.00715963,0.186188]],"s":0.969383,"t":[15.2303,-44.8213,-52.5923],"timestamp":7644565720},{"currentFrameRate":113.312,"devices":[],"gestures":[],"hands":[{"armBasis":[[0.68865,0.201998,-0.696389],[0.0335611,0.950503,0.308896],[0.724317,-0.236093,0.647785]],"armWidth":56.1785,"confidence":1,"direction":[-0.241051,0.0672791,-0.968177],"elbow":[237.739,52.3517,257.766],"grabAngle":2.67077,"grabStrength":0,"id":76,"palmNormal":[0.0258403,-0.996796,-0.0757014],"palmPosition":[37.4456,110.796,42.2863],"palmVelocity":[-3.18958,10.9059,5.51826],"palmWidth":80.3549,"pinchDistance":50.4028,"pinchStrength":0.621783,"r":[[0.180915,0.203844,0.962142],[-0.0459399,0.978969,-0.198771],[-0.982425,-0.00824,0.186475]],"s":0.969425,"sphereCenter":[63.755,71.4976,20.2589],"sphereRadius":49.3448,"stabilizedPalmPosition":[37.7861,110.245,41.6594],"t":[15.2089,-44.7578,-52.5508],"timeVisible":10.5886,"type":"right","wrist":[65.0315,108.646,103.307]}],"id":98849,"interactionBox":{"center":[0,200,0],"size":[235.247,235.247,147.751]},"pointables":[{"bases":[[[0.915922,0.053948,-0.397713],[-0.0849681,0.994528,-0.0607759],[0.392258,0.089459,0.915495]],[[0.996266,0.0857367,0.0101466],[-0.082056,0.976867,-0.197478],[-0.026843,0.195908,0.980255]],[[0.996266,0.0857367,0.0101466],[-0.0778614,0.943035,-0.323454],[-0.0373004,0.321456,0.946189]],[[0.996266,0.0857367,0.0101466],[-0.0706643,0.877304,-0.474705],[-0.0496013,0.472216,0.880086]]],"btipPosition":[13.1995,91.7036,-44.6783],"carpPosition":[36.1094,119.038,85.8085],"dipPosition":[12.4475,98.8628,-31.3353],"direction":[0.0373004,-0.321456,-0.946189],"extended":true,"handId":76,"id":761,"length":52.183,"mcpPosition":[10.6241,113.226,26.3283],"pipPosition":[11.6475,105.757,-11.0418],"stabilizedTipPosition":[12.8172,92.8672,-41.7386],"timeVisible":10.5886,"tipPosition":[13.0826,91.6925,-38.0758],"tipVelocity":[13.6757,40.6828,-2.80708],"tool":false,"touchDistance":0.333333,"touchZone":"hovering","type":1,"width":17.041},{"bases":[[[0.320244,0.922099,-0.217202],[-0.698268,0.384704,0.603676],[0.640208,-0.0416587,0.767072]],[[0.170601,0.90845,-0.381595],[-0.931911,0.274552,0.236985],[0.320057,0.315182,0.893434]],[[0.170601,0.90845,-0.381595],[-0.984188,0.138378,-0.110571],[-0.0476442,0.394424,0.917693]],[[0.170601,0.90845,-0.381595],[-0.898549,-0.015493,-0.4386],[-0.404359,0.417707,0.813643]]],"btipPosition":[27.6531,66.3795,11.3023],"carpPosition":[31.9233,100.882,95.3494],"dipPosition":[19.2557,75.0541,28.1995],"direction":[0.0476442,-0.394424,-0.917693],"extended":false,"handId":76,"id":760,"length":46.2456,"mcpPosition":[31.9233,100.882,95.3494],"pipPosition":[17.8142,86.9874,55.9641],"stabilizedTipPosition":[26.2189,68.1312,15.0556],"timeVisible":10.5886,"tipPosition":[21.3352,67.527,16.2543],"tipVelocity":[-11.3254,13.8072,-1.31358],"tool":false,"touchDistance":0.247903,"touchZone":"hovering","type":0,"width":17.8402},{"bases":[[[0.961472,-0.1048,-0.254143],[0.0797353,0.991054,-0.107025],[0.263085,0.0826373,0.961227]],[[0.968369,-0.102479,-0.227506],[-0.208275,0.170153,-0.963156],[0.137414,0.980075,0.143427]],[[0.968369,-0.102479,-0.227506],[-0.196017,-0.876606,-0.439476],[-0.154396,0.47017,-0.868966]],[[0.968369,-0.102479,-0.227506],[-0.0310674,-0.954193,0.297574],[-0.24758,-0.281093,-0.927195]]],"btipPosition":[31.5677,66.8803,52.9916],"carpPosition":[45.6303,121.067,80.9627],"dipPosition":[27.4393,62.193,37.5305],"direction":[0.154396,-0.47017,0.868966],"extended":false,"handId":76,"id":762,"length":59.4584,"mcpPosition":[29.4207,115.975,21.7383],"pipPosition":[23.5434,74.0569,15.6038],"stabilizedTipPosition":[30.0384,65.2488,49.1427],"timeVisible":10.5886,"tipPosition":[32.3436,66.977,50.1148],"tipVelocity":[5.48381,16.979,-2.02687],"tool":false,"touchDistance":0.333333,"touchZone":"none","type":2,"width":16.7365},{"bases":[[[0.980943,-0.165907,-0.101124],[0.15657,0.983163,-0.0942123],[0.115052,0.0765839,0.990403]],[[0.972279,-0.170201,-0.160331],[-0.147042,0.0880859,-0.9852],[0.181805,0.981465,0.0606174]],[[0.972279,-0.170201,-0.160331],[-0.199221,-0.961958,-0.186944],[-0.122413,0.213703,-0.969199]],[[0.972279,-0.170201,-0.160331],[-0.0860872,-0.898083,0.431319],[-0.217401,-0.405559,-0.887839]]],"btipPosition":[48.9241,78.9862,58.7906],"carpPosition":[55.883,120.664,77.4375],"dipPosition":[45.3197,72.2624,44.0709],"direction":[0.122413,-0.213703,0.969199],"extended":false,"handId":76,"id":763,"length":57.1708,"mcpPosition":[49.5185,116.427,22.6499],"pipPosition":[42.3106,77.5155,20.2466],"stabilizedTipPosition":[48.0765,77.2829,55.2343],"timeVisible":10.5886,"tipPosition":[48.0146,76.8178,55.6811],"tipVelocity":[-4.31004,3.92874,-0.406391],"tool":false,"touchDistance":0.333333,"touchZone":"none","type":3,"width":15.9259},{"bases":[[[0.948221,-0.316079,0.0311499],[0.316782,0.948268,-0.0209215],[-0.0229255,0.0297059,0.999296]],[[0.94263,-0.317195,-0.104098],[-0.0404055,0.201126,-0.978732],[0.331386,0.926788,0.176771]],[[0.94263,-0.317195,-0.104098],[-0.332897,-0.869678,-0.364472],[0.0250773,0.378216,-0.925378]],[[0.94263,-0.317195,-0.104098],[-0.277689,-0.91807,0.282907],[-0.185306,-0.237769,-0.953482]]],"btipPosition":[59.9086,80.8717,50.3607],"carpPosition":[66.7332,114.399,76.4347],"dipPosition":[57.0743,77.235,35.7771],"direction":[-0.0250773,-0.378216,0.925378],"extended":false,"handId":76,"id":764,"length":44.8208,"mcpPosition":[67.9071,112.878,25.263],"pipPosition":[57.5096,83.7991,19.7166],"stabilizedTipPosition":[59.2901,79.767,46.8813],"timeVisible":10.5886,"tipPosition":[59.3648,80.4486,47.957],"tipVelocity":[-4.16554,7.26779,0.09832],"tool":false,"touchDistance":0.333333,"touchZone":"none","type":4,"width":14.1466}],"r":[[0.180915,0.203844,0.962142],[-0.0459399,0.978969,-0.198771],[-0.982425,-0.00824,0.186475]],"s":0.969425,"t":[15.2089,-44.7578,-52.5508],"timestamp":7644572964},{"currentFrameRate":113.394,"devices":[],"gestures":[],"hands":[{"armBasis":[[0.689012,0.20139,-0.696207],[0.0339759,0.950586,0.308598],[0.723953,-0.236282,0.648123]],"armWidth":56.1785,"confidence":1,"direction":[-0.240882,0.0676613,-0.968193],"elbow":[237.618,52.3366,257.89],"grabAngle":2.6709,"grabStrength":0,"id":76,"palmNormal":[0.0252278,-0.996793,-0.0759366],"palmPosition":[37.4231,110.853,42.3245],"palmVelocity":[-2.5899,6.62442,4.39924],"palmWidth":80.3549,"pinchDistance":50.4416,"pinchStrength":0.621815,"r":[[0.180988,0.203355,0.962232],[-0.046613,0.979064,-0.198145],[-0.98238,-0.00899067,0.186677]],"s":0.969508,"sphereCenter":[63.8722,71.5402,20.2534],"sphereRadius":49.4452,"stabilizedPalmPosition":[37.7684,110.275,41.6919],"t":[15.1869,-44.6973,-52.5109],"timeVisible":10.5973,"type":"right","wrist":[64.9977,108.676,103.351]}],"id":98850,"interactionBox":{"center":[0,200,0],"size":[235.247,235.247,147.751]},"pointables":[{"bases":[[[0.916008,0.0534712,-0.39758],[-0.0843391,0.994596,-0.060549],[0.392194,0.0889949,0.915568]],[[0.99629,0.0852161,0.0120468],[-0.0812129,0.977211,-0.196119],[-0.0284848,0.194413,0.980506]],[[0.99629,0.0852161,0.0120468],[-0.0768977,0.944279,-0.320037],[-0.0386479,0.317924,0.947328]],[[0.99629,0.0852161,0.0120468],[-0.0693941,0.878207,-0.47322],[-0.0509056,0.470628,0.880862]]],"btipPosition":[13.2919,91.9385,-44.6888],"carpPosition":[36.0863,119.086,85.8485],"dipPosition":[12.5201,99.0737,-31.3341],"direction":[0.0386479,-0.317924,-0.947328],"extended":true,"handId":76,"id":761,"length":52.183,"mcpPosition":[10.6053,113.304,26.3635],"pipPosition":[11.6912,105.892,-11.0161],"stabilizedTipPosition":[12.884,93.0275,-41.7113],"timeVisible":10.5973,"tipPosition":[13.0595,91.8057,-38.0877],"tipVelocity":[10.1261,26.4338,-0.901949],"tool":false,"touchDistance":0.333333,"touchZone":"hovering","type":1,"width":17.041},{"bases":[[[0.320848,0.921951,-0.216939],[-0.698107,0.384996,0.603677],[0.640081,-0.042242,0.767145]],[[0.170933,0.908367,-0.381642],[-0.931656,0.275058,0.237404],[0.320624,0.314979,0.893302]],[[0.170933,0.908367,-0.381642],[-0.984166,0.138977,-0.110009],[-0.0468893,0.394403,0.91774]],[[0.170933,0.908367,-0.381642],[-0.89882,-0.0149123,-0.438064],[-0.403614,0.417907,0.81391]]],"btipPosition":[27.5541,66.4332,11.3362],"carpPosition":[31.8877,100.93,95.3845],"dipPosition":[19.1722,75.112,28.2389],"direction":[0.0468893,-0.394403,-0.91774],"extended":false,"handId":76,"id":760,"length":46.2456,"mcpPosition":[31.8877,100.93,95.3845],"pipPosition":[17.7536,87.0446,56.005],"stabilizedTipPosition":[26.1266,68.1776,15.0818],"timeVisible":10.5973,"tipPosition":[21.3045,67.6037,16.2762],"tipVelocity":[-10.9924,6.29765,4.05162],"tool":false,"touchDistance":0.248489,"touchZone":"hovering","type":0,"width":17.8402},{"bases":[[[0.96144,-0.10534,-0.254042],[0.0803681,0.99103,-0.106777],[0.263011,0.0822429,0.961281]],[[0.967834,-0.103208,-0.229445],[-0.210015,0.170729,-0.962676],[0.138529,0.979898,0.143562]],[[0.967834,-0.103208,-0.229445],[-0.197365,-0.877038,-0.438009],[-0.156025,0.469205,-0.869197]],[[0.967834,-0.103208,-0.229445],[-0.0307013,-0.953617,0.299451],[-0.249708,-0.282775,-0.926112]]],"btipPosition":[31.5801,67.0077,53.0119],"carpPosition":[45.6091,121.11,81.0044],"dipPosition":[27.4162,62.2923,37.5689],"direction":[0.156025,-0.469205,0.869197],"extended":false,"handId":76,"id":762,"length":59.4584,"mcpPosition":[29.4042,116.043,21.7766],"pipPosition":[23.4792,74.1318,15.6363],"stabilizedTipPosition":[30.1099,65.3313,49.1815],"timeVisible":10.5973,"tipPosition":[32.2836,67.0297,50.1381],"tipVelocity":[0.48401,13.9356,2.82228],"tool":false,"touchDistance":0.333333,"touchZone":"none","type":2,"width":16.7365},{"bases":[[[0.980852,-0.166495,-0.101035],[0.157197,0.983088,-0.0939564],[0.11497,0.076275,0.990436]],[[0.972193,-0.170769,-0.160244],[-0.14686,0.0883986,-0.985199],[0.182407,0.981338,0.0608613]],[[0.972193,-0.170769,-0.160244],[-0.199954,-0.961513,-0.188445],[-0.121896,0.215247,-0.968922]],[[0.972193,-0.170769,-0.160244],[-0.0867217,-0.898164,0.431023],[-0.217531,-0.405141,-0.887998]]],"btipPosition":[48.8732,79.001,58.8179],"carpPosition":[55.8621,120.701,77.4804],"dipPosition":[45.2667,72.2841,44.0955],"direction":[0.121896,-0.215247,0.968922],"extended":false,"handId":76,"id":763,"length":57.1708,"mcpPosition":[49.5022,116.482,22.691],"pipPosition":[42.2703,77.5751,20.278],"stabilizedTipPosition":[48.0728,77.3023,55.2565],"timeVisible":10.5973,"tipPosition":[47.9694,76.8667,55.712],"tipVelocity":[-5.91643,1.88722,3.07409],"tool":false,"touchDistance":0.333333,"touchZone":"none","type":3,"width":15.9259},{"bases":[[[0.94802,-0.316679,0.0311986],[0.317377,0.948075,-0.020653],[-0.0230382,0.0294811,0.9993]],[[0.942444,-0.317759,-0.104064],[-0.0401245,0.201503,-0.978666],[0.331949,0.926513,0.177155]],[[0.942444,-0.317759,-0.104064],[-0.33337,-0.868977,-0.36571],[0.025778,0.379353,-0.924893]],[[0.942444,-0.317759,-0.104064],[-0.278358,-0.918045,0.282329],[-0.185248,-0.237112,-0.953657]]],"btipPosition":[59.859,80.893,50.3856],"carpPosition":[66.7085,114.43,76.4776],"dipPosition":[57.0256,77.2664,35.7993],"direction":[-0.025778,-0.379353,0.924893],"extended":false,"handId":76,"id":764,"length":44.8208,"mcpPosition":[67.8882,112.921,25.3057],"pipPosition":[57.4729,83.8503,19.7472],"stabilizedTipPosition":[59.2779,79.81,46.9033],"timeVisible":10.5973,"tipPosition":[59.3225,80.4904,47.9894],"tipVelocity":[-5.69839,2.72791,2.79496],"tool":false,"touchDistance":0.333333,"touchZone":"none","type":4,"width":14.1466}],"r":[[0.180988,0.203355,0.962232],[-0.046613,0.979064,-0.198145],