{"frames":48,"data":[{"currentFrameRate":114.034,"devices":[],"gestures":[],"hands":[{"armBasis":[[-0.0767704,-0.751366,-0.655405],[0.981643,0.0581496,-0.181648],[0.174595,-0.657318,0.733109]],"armWidth":59.0231,"confidence":1,"direction":[-0.134482,0.0517316,-0.989565],"elbow":[133.487,-76.1444,249.338],"grabAngle":3.14159,"grabStrength":1,"id":131,"palmNormal":[-0.989743,-0.055596,0.1316],"palmPosition":[78.0038,97.3942,9.90495],"palmVelocity":[-7.3809,-7.52866,-4.29332],"palmWidth":80.6694,"pinchDistance":38.6983,"pinchStrength":0.204019,"r":[[0.779883,-0.550127,-0.298567],[-0.276747,0.124782,-0.952807],[0.561421,0.825705,-0.0549312]],"s":1.61409,"sphereCenter":[42.0339,104.656,0.538425],"sphereRadius":34.8563,"stabilizedPalmPosition":[78.8339,101.485,9.91702],"t":[-66.3655,-35.6216,82.6862],"timeVisible":3.07844,"type":"right","wrist":[91.6931,81.2013,73.8496]}],"id":162243,"interactionBox":{"center":[0,200,0],"size":[235.247,235.247,147.751]},"pointables":[{"bases":[[[0.87841,-0.341414,-0.334414],[0.456313,0.807144,0.374562],[0.14204,-0.481617,0.864795]],[[0.849233,-0.269356,-0.454148],[0.476958,0.760318,0.44094],[0.226527,-0.59107,0.774158]],[[0.849233,-0.269356,-0.454148],[0.416614,0.870238,0.262906],[0.324401,-0.412473,0.851252]],[[0.849233,-0.269356,-0.454148],[0.348983,0.931785,0.0999358],[0.39625,-0.243359,0.885304]]],"btipPosition":[50.6603,156.151,-15.156],"carpPosition":[78.2714,112.904,62.1251],"dipPosition":[58.6806,151.225,2.76299],"direction":[-0.324401,0.412473,-0.851252],"extended":true,"handId":131,"id":1310,"length":45.0726,"mcpPosition":[78.2714,112.904,62.1251],"pipPosition":[68.2463,139.062,27.8642],"stabilizedTipPosition":[52.1562,154.417,-11.1941],"timeVisible":3.07844,"tipPosition":[53.1437,154.677,-11.5916],"tipVelocity":[-7.29683,-13.0308,-8.09462],"tool":false,"touchDistance":0.321257,"touchZone":"hovering","type":0,"width":19.1104},{"bases":[[[0.0249438,-0.974271,-0.223994],[0.957926,0.0873806,-0.273391],[0.28593,-0.207751,0.935459]],[[0.0884029,-0.996048,-0.00860214],[0.0488977,0.0129651,-0.99872],[0.994884,0.0878691,0.0498506]],[[0.0884029,-0.996048,-0.00860214],[-0.968365,-0.0839165,-0.235003],[0.233352,0.029105,-0.971957]],[[0.0884029,-0.996048,-0.00860214],[-0.937067,-0.0860904,0.33837],[-0.337773,-0.0218521,-0.940974]]],"btipPosition":[38.9957,117.229,21.3905],"carpPosition":[94.498,107.229,50.0364],"dipPosition":[34.0047,116.906,7.48633],"direction":[-0.233352,-0.029105,0.971957],"extended":false,"handId":131,"id":1311,"length":50.8594,"mcpPosition":[75.8483,120.779,-10.9789],"pipPosition":[38.8826,117.514,-12.8311],"stabilizedTipPosition":[39.0088,120.301,17.6919],"timeVisible":3.07844,"tipPosition":[38.8015,117.136,17.7493],"tipVelocity":[0.22813,-8.2518,-3.40443],"tool":false,"touchDistance":0.333333,"touchZone":"none","type":1,"width":18.2543},{"bases":[[[-0.100326,-0.993907,-0.0456407],[0.954397,-0.0831718,-0.28672],[0.281177,-0.0723249,0.956927]],[[-0.0832853,-0.996456,0.0118226],[-0.107476,-0.0028129,-0.994204],[0.990713,-0.0840732,-0.106861]],[[-0.0832853,-0.996456,0.0118226],[-0.995421,0.0826285,-0.0480656],[0.0469183,-0.0157716,-0.998774]],[[-0.0832853,-0.996456,0.0118226],[-0.827678,0.0757761,0.556064],[-0.554989,0.0365266,-0.831056]]],"btipPosition":[45.2389,104.72,30.05],"carpPosition":[96.0638,96.9478,46.7163],"dipPosition":[36.2191,105.314,16.5435],"direction":[-0.0469183,0.0157716,0.998774],"extended":false,"handId":131,"id":1312,"length":57.9502,"mcpPosition":[78.6717,101.421,-12.474],"pipPosition":[37.373,104.926,-8.01939],"stabilizedTipPosition":[44.3447,108.728,26.4101],"timeVisible":3.07844,"tipPosition":[44.272,104.712,25.9412],"tipVelocity":[-7.74749,-7.76748,-6.09261],"tool":false,"touchDistance":0.333333,"touchZone":"none","type":2,"width":17.9281},{"bases":[[[-0.129514,-0.984601,0.117421],[0.953267,-0.156233,-0.258597],[0.27296,0.0784419,0.958822]],[[-0.112914,-0.978125,0.174705],[-0.107471,-0.162775,-0.980793],[0.987776,-0.129521,-0.0867408]],[[-0.112914,-0.978125,0.174705],[-0.992891,0.104412,-0.057144],[0.0376527,-0.179915,-0.982961]],[[-0.112914,-0.978125,0.174705],[-0.838144,0.188196,0.511955],[-0.533634,-0.0886211,-0.841059]]],"btipPosition":[49.9272,92.5528,32.5405],"carpPosition":[95.5338,86.1618,45.2967],"dipPosition":[41.3043,91.1208,18.95],"direction":[-0.0376527,0.179915,0.982961],"extended":false,"handId":131,"id":1313,"length":55.7206,"mcpPosition":[80.3749,81.8056,-7.95147],"pipPosition":[42.2064,86.8104,-4.59972],"stabilizedTipPosition":[48.4988,96.0622,28.9695],"timeVisible":3.07844,"tipPosition":[48.6022,92.0323,28.9904],"tipVelocity":[-6.35922,-7.98381,-5.98457],"tool":false,"touchDistance":0.333333,"touchZone":"none","type":3,"width":17.0597},{"bases":[[[-0.252767,-0.929465,0.268708],[0.941864,-0.299924,-0.151453],[0.221363,0.214804,0.95124]],[[-0.196442,-0.857244,0.475967],[-0.0739728,-0.471084,-0.878981],[0.977721,-0.207877,0.0291279]],[[-0.196442,-0.857244,0.475967],[-0.976285,0.125959,-0.176075],[0.0909868,-0.499267,-0.861657]],[[-0.196442,-0.857244,0.475967],[-0.860991,0.383074,0.334589],[-0.469154,-0.344076,-0.81333]]],"btipPosition":[53.938,84.0695,24.5104],"carpPosition":[89.7621,75.1809,47.6031],"dipPosition":[46.9442,78.9404,12.386],"direction":[-0.0909868,0.499267,0.861657],"extended":false,"handId":131,"id":1314,"length":43.6839,"mcpPosition":[78.3822,64.1382,-1.29849],"pipPosition":[48.4833,70.4951,-2.18922],"stabilizedTipPosition":[53.2705,86.3575,21.0932],"timeVisible":3.07844,"tipPosition":[51.9393,80.1739,22.5523],"tipVelocity":[-4.73753,-9.72468,-5.69012],"tool":false,"touchDistance":0.333333,"touchZone":"none","type":4,"width":15.1538}],"r":[[0.779883,-0.550127,-0.298567],[-0.276747,0.124782,-0.952807],[0.561421,0.825705,-0.0549312]],"s":1.61409,"t":[-66.3655,-35.6216,82.6862],"timestamp":8205282312},{"currentFrameRate":113.86,"devices":[],"gestures":[],"hands":[{"armBasis":[[-0.0770058,-0.750185,-0.656729],[0.981575,0.0584867,-0.181906],[0.174873,-0.658636,0.731859]],"armWidth":59.0231,"confidence":1,"direction":[-0.135004,0.0510306,-0.98953],"elbow":[133.546,-76.454,249.011],"grabAngle":3.14159,"grabStrength":1,"id":131,"palmNormal":[-0.98965,-0.0559826,0.132133],"palmPosition":[77.9597,97.3745,9.88215],"palmVelocity":[-4.85468,-2.16985,-2.51021],"palmWidth":80.6694,"pinchDistance":38.7161,"pinchStrength":0.204437,"r":[[0.779831,-0.550125,-0.298707],[-0.277501,0.123925,-0.952699],[0.561121,0.825836,-0.0560192]],"s":1.61377,"sphereCenter":[41.9771,104.634,0.524609],"sphereRadius":34.8632,"stabilizedPalmPosition":[78.8333,101.482,9.917],"t":[-66.4067,-35.6533,82.652],"timeVisible":3.08752,"type":"right","wrist":[91.686,81.2072,73.8218]}],"id":162244,"interactionBox":{"center":[0,200,0],"size":[235.247,235.247,147.751]},"pointables":[{"bases":[[[0.878404,-0.341211,-0.334636],[0.456116,0.807602,0.373813],[0.142704,-0.480992,0.865033]],[[0.84927,-0.269514,-0.453985],[0.477154,0.759865,0.441508],[0.225975,-0.59158,0.77393]],[[0.84927,-0.269514,-0.453985],[0.415996,0.871084,0.261075],[0.325096,-0.410579,0.851902]],[[0.84927,-0.269514,-0.453985],[0.348191,0.932298,0.0978908],[0.396867,-0.241209,0.885615]]],"btipPosition":[50.6265,156.088,-15.2043],"carpPosition":[78.2462,112.918,62.0922],"dipPosition":[58.6593,151.206,2.72099],"direction":[-0.325096,0.410579,-0.851902],"extended":true,"handId":131,"id":1310,"length":45.0726,"mcpPosition":[78.2462,112.918,62.0922],"pipPosition":[68.2455,139.099,27.8414],"stabilizedTipPosition":[52.1611,154.426,-11.1923],"timeVisible":3.08752,"tipPosition":[53.0595,154.633,-11.6369],"tipVelocity":[-3.40647,-5.807,-5.15981],"tool":false,"touchDistance":0.320476,"touchZone":"hovering","type":0,"width":19.1104},{"bases":[[[0.0252955,-0.974403,-0.22338],[0.957747,0.0876607,-0.273928],[0.286498,-0.207012,0.935449]],[[0.0888703,-0.996011,-0.008016],[0.0483295,0.0123503,-0.998755],[0.99487,0.0883722,0.0492343]],[[0.0888703,-0.996011,-0.008016],[-0.968893,-0.0845788,-0.232579],[0.230973,0.028436,-0.972545]],[[0.0888703,-0.996011,-0.008016],[-0.93589,-0.0862549,0.341571],[-0.3409,-0.0228534,-0.939822]]],"btipPosition":[39.0265,117.205,21.3719],"carpPosition":[94.4694,107.243,49.999],"dipPosition":[33.9892,116.867,7.48477],"direction":[-0.230973,-0.028436,0.972545],"extended":false,"handId":131,"id":1311,"length":50.8594,"mcpPosition":[75.7826,120.745,-11.0156],"pipPosition":[38.8174,117.462,-12.845],"stabilizedTipPosition":[39.0064,120.295,17.6929],"timeVisible":3.08752,"tipPosition":[38.7479,117.103,17.7355],"tipVelocity":[2.21396,-3.02791,-1.61562],"tool":false,"touchDistance":0.333333,"touchZone":"none","type":1,"width":18.2543},{"bases":[[[-0.0998756,-0.993984,-0.0449507],[0.954293,-0.0829019,-0.287146],[0.281692,-0.071575,0.956832]],[[-0.0828045,-0.996487,0.0125056],[-0.107237,-0.00356622,-0.994227],[0.990779,-0.0836676,-0.106565]],[[-0.0828045,-0.996487,0.0125056],[-0.995469,0.0821182,-0.047945],[0.0467497,-0.016419,-0.998772]],[[-0.0828045,-0.996487,0.0125056],[-0.827427,0.0757394,0.556442],[-0.555434,0.0357284,-0.830792]]],"btipPosition":[45.1903,104.699,30.0076],"carpPosition":[96.0384,96.9604,46.6847],"dipPosition":[36.1633,105.279,16.5054],"direction":[-0.0467497,0.016419,0.998772],"extended":false,"handId":131,"id":1312,"length":57.9502,"mcpPosition":[78.6145,101.388,-12.4997],"pipPosition":[37.313,104.875,-8.05741],"stabilizedTipPosition":[44.3438,108.725,26.4104],"timeVisible":3.08752,"tipPosition":[44.2301,104.687,25.9328],"tipVelocity":[-5.53591,-2.72992,-4.55574],"tool":false,"touchDistance":0.333333,"touchZone":"none","type":2,"width":17.9281},{"bases":[[[-0.128986,-0.984586,0.11812],[0.953212,-0.155945,-0.258976],[0.273404,0.079189,0.958634]],[[-0.11236,-0.978066,0.175391],[-0.106843,-0.163594,-0.980725],[0.987907,-0.128933,-0.0861184]],[[-0.11236,-0.978066,0.175391],[-0.992969,0.103898,-0.0567324],[0.0372652,-0.180532,-0.982863]],[[-0.11236,-0.978066,0.175391],[-0.838162,0.188095,0.511962],[-0.533723,-0.0894821,-0.840912]]],"btipPosition":[49.8872,92.5287,32.4977],"carpPosition":[95.5128,86.1733,45.2724],"dipPosition":[41.2629,91.0828,18.9096],"direction":[-0.0372652,0.180532,0.982863],"extended":false,"handId":131,"id":1313,"length":55.7206,"mcpPosition":[80.3293,81.7755,-7.96542],"pipPosition":[42.1557,86.7576,-4.63773],"stabilizedTipPosition":[48.4983,96.0595,28.9698],"timeVisible":3.08752,"tipPosition":[48.5685,92.0114,28.9868],"tipVelocity":[-4.43947,-3.00211,-4.64516],"tool":false,"touchDistance":0.333333,"touchZone":"none","type":3,"width":17.0597},{"bases":[[[-0.252189,-0.929412,0.269433],[0.94193,-0.299573,-0.151734],[0.221738,0.215522,0.95099]],[[-0.195716,-0.85691,0.476865],[-0.0728445,-0.472222,-0.878465],[0.977951,-0.206667,0.0300001]],[[-0.195716,-0.85691,0.476865],[-0.976491,0.1255,-0.175255],[0.0903316,-0.499954,-0.861328]],[[-0.195716,-0.85691,0.476865],[-0.860983,0.382939,0.334762],[-0.469471,-0.345054,-0.812733]]],"btipPosition":[53.9129,84.032,24.4677],"carpPosition":[89.7475,75.191,47.5886],"dipPosition":[46.9144,78.8882,12.3522],"direction":[-0.0903316,0.499954,0.861328],"extended":false,"handId":131,"id":1314,"length":43.6839,"mcpPosition":[78.3484,64.1114,-1.30007],"pipPosition":[48.4424,70.4313,-2.21748],"stabilizedTipPosition":[53.2695,86.354,21.0938],"timeVisible":3.08752,"tipPosition":[51.9109,80.1578,22.5512],"tipVelocity":[-2.88342,-4.50234,-4.48061],"tool":false,"touchDistance":0.333333,"touchZone":"none","type":4,"width":15.1538}],"r":[[0.779831,-0.550125,-0.298707],[-0.277501,0.123925,-0.952699],[0.561121,0.825836,-0.0560192]],"s":1.61377,"t":[-66.4067,-35.6533,82.652],"timestamp":8205291394},{"currentFrameRate":114.087,"devices":[],"gestures":[],"hands":[{"armBasis":[[-0.0785538,-0.74905,-0.65784],[0.981428,0.0577361,-0.182935],[0.175009,-0.659993,0.730603]],"armWidth":59.0231,"confidence":1,"direction":[-0.134287,0.0513037,-0.989613],"elbow":[133.543,-76.7483,248.711],"grabAngle":3.14159,"grabStrength":1,"id":131,"palmNormal":[-0.989788,-0.055133,0.131453],"palmPosition":[77.968,97.4401,9.8845],"palmVelocity":[0.992303,7.83921,0.280315],"palmWidth":80.6694,"pinchDistance":38.6966,"pinchStrength":0.205697,"r":[[0.779733,-0.550251,-0.298731],[-0.277952,0.123319,-0.952646],[0.561033,0.825843,-0.0567874]],"s":1.61337,"sphereCenter":[41.9914,104.717,0.502144],"sphereRadius":34.8601,"stabilizedPalmPosition":[78.8325,101.479,9.91697],"t":[-66.4231,-35.6364,82.6361],"timeVisible":3.09589,"type":"right","wrist":[91.65,81.2377,73.8231]}],"id":162245,"interactionBox":{"center":[0,200,0],"size":[235.247,235.247,147.751]},"pointables":[{"bases":[[[0.878331,-0.341931,-0.334094],[0.456572,0.807143,0.374249],[0.141694,-0.481252,0.865054]],[[0.849398,-0.270304,-0.453274],[0.477629,0.759057,0.442383],[0.224483,-0.592256,0.773848]],[[0.849398,-0.270304,-0.453274],[0.416229,0.871151,0.260479],[0.324462,-0.409917,0.852463]],[[0.849398,-0.270304,-0.453274],[0.348341,0.93236,0.0967609],[0.39646,-0.240083,0.886104]]],"btipPosition":[50.706,156.133,-15.2221],"carpPosition":[78.2327,112.975,62.0971],"dipPosition":[58.7306,151.273,2.71308],"direction":[-0.324462,0.409917,-0.852463],"extended":true,"handId":131,"id":1310,"length":45.0726,"mcpPosition":[78.2327,112.975,62.0971],"pipPosition":[68.2981,139.186,27.85],"stabilizedTipPosition":[52.1673,154.435,-11.1908],"timeVisible":3.09589,"tipPosition":[53.1311,154.724,-11.6409],"tipVelocity":[9.26629,5.9774,-1.85222],"tool":false,"touchDistance":0.320218,"touchZone":"hovering","type":0,"width":19.1104},{"bases":[[[0.0245904,-0.97439,-0.223515],[0.958009,0.0868613,-0.273265],[0.285682,-0.20741,0.93561]],[[0.0880015,-0.996087,-0.00810643],[0.0490489,0.0124612,-0.998719],[0.994912,0.0874911,0.0499536]],[[0.0880015,-0.996087,-0.00810643],[-0.96916,-0.0837364,-0.231768],[0.230183,0.0282524,-0.972737]],[[0.0880015,-0.996087,-0.00810643],[-0.935412,-0.0854331,0.343082],[-0.342433,-0.0226089,-0.93927]]],"btipPosition":[39.1071,117.309,21.3456],"carpPosition":[94.4592,107.288,50.0141],"dipPosition":[34.0472,116.975,7.46661],"direction":[-0.230183,-0.0282524,0.972737],"extended":false,"handId":131,"id":1311,"length":50.8594,"mcpPosition":[75.8256,120.816,-11.0111],"pipPosition":[38.8589,117.565,-12.8671],"stabilizedTipPosition":[39.0042,120.288,17.6938],"timeVisible":3.09589,"tipPosition":[38.7652,117.202,17.716],"tipVelocity":[9.00549,12.4905,-2.91747],"tool":false,"touchDistance":0.333333,"touchZone":"none","type":1,"width":18.2543},{"bases":[[[-0.100719,-0.993889,-0.0451742],[0.954414,-0.0836961,-0.286512],[0.28098,-0.071972,0.957011]],[[-0.083689,-0.996416,0.0122934],[-0.105883,-0.00337505,-0.994373],[0.990851,-0.0845198,-0.105221]],[[-0.083689,-0.996416,0.0122934],[-0.995352,0.0829971,-0.0488446],[0.0476492,-0.016324,-0.998731]],[[-0.083689,-0.996416,0.0122934],[-0.827776,0.0763826,0.555835],[-0.554782,0.0363412,-0.831202]]],"btipPosition":[45.1816,104.79,29.9606],"carpPosition":[96.0214,97.0044,46.6992],"dipPosition":[36.1652,105.381,16.4518],"direction":[-0.0476492,0.016324,0.998731],"extended":false,"handId":131,"id":1312,"length":57.9502,"mcpPosition":[78.6415,101.456,-12.4963],"pipPosition":[37.337,104.979,-8.11004],"stabilizedTipPosition":[44.3428,108.722,26.4108],"timeVisible":3.09589,"tipPosition":[44.2317,104.78,25.9153],"tipVelocity":[-0.744847,11.2339,-5.79149],"tool":false,"touchDistance":0.333333,"touchZone":"none","type":2,"width":17.9281},{"bases":[[[-0.129932,-0.984491,0.117878],[0.95325,-0.156743,-0.258353],[0.272823,0.078799,0.958832]],[[-0.113339,-0.977994,0.175161],[-0.105438,-0.163463,-0.980899],[0.987946,-0.129642,-0.0845909]],[[-0.113339,-0.977994,0.175161],[-0.992833,0.104755,-0.0575268],[0.0379119,-0.180426,-0.982858]],[[-0.113339,-0.977994,0.175161],[-0.838485,0.188728,0.511198],[-0.533007,-0.0889318,-0.841424]]],"btipPosition":[49.8653,92.611,32.4484],"carpPosition":[95.4872,86.218,45.2848],"dipPosition":[41.2526,91.174,18.852],"direction":[-0.0379119,0.180426,0.982858],"extended":false,"handId":131,"id":1313,"length":55.7206,"mcpPosition":[80.336,81.8419,-7.9639],"pipPosition":[42.1609,86.8514,-4.69524],"stabilizedTipPosition":[48.4979,96.0566,28.9701],"timeVisible":3.09589,"tipPosition":[48.5576,92.1003,28.9692],"tipVelocity":[-2.29333,10.0735,-6.12054],"tool":false,"touchDistance":0.333333,"touchZone":"none","type":3,"width":17.0597},{"bases":[[[-0.253189,-0.929232,0.269116],[0.941769,-0.300377,-0.151142],[0.221282,0.215178,0.951174]],[[-0.196728,-0.856713,0.476802],[-0.0715524,-0.472464,-0.878441],[0.977844,-0.20693,0.0316471]],[[-0.196728,-0.856713,0.476802],[-0.976285,0.126344,-0.1758],[0.0903685,-0.50008,-0.861251]],[[-0.196728,-0.856713,0.476802],[-0.860886,0.38367,0.334174],[-0.469226,-0.344731,-0.813011]]],"btipPosition":[53.8986,84.1045,24.4176],"carpPosition":[89.7107,75.2404,47.5955],"dipPosition":[46.9037,78.9655,12.2979],"direction":[-0.0903685,0.50008,0.861251],"extended":false,"handId":131,"id":1314,"length":43.6839,"mcpPosition":[78.335,64.1785,-1.30267],"pipPosition":[48.4324,70.5065,-2.27044],"stabilizedTipPosition":[53.2686,86.3507,21.0943],"timeVisible":3.09589,"tipPosition":[51.8964,80.2508,22.531],"tipVelocity":[-1.6104,8.78169,-6.09597],"tool":false,"touchDistance":0.333333,"touchZone":"none","type":4,"width":15.1538}],"r":[[0.779733,-0.550251,-0.298731],[-0.277952,0.123319,-0.952646],[0.561033,0.825843,-0.0567874]],"s":1.61337,"t":[-66.4231,-35.6364,82.6361],"timestamp":8205299770},{"currentFrameRate":114.106,"devices":[],"gestures":[],"hands":[{"armBasis":[[-0.0797439,-0.747977,-0.658917],[0.981337,0.0571302,-0.183616],[0.174984,-0.661262,0.729461]],"armWidth":59.0231,"confidence":1,"direction":[-0.133749,0.0516945,-0.989666],"elbow":[133.484,-77.073,248.436],"grabAngle":3.14159,"grabStrength":1,"id":131,"palmNormal":[-0.989895,-0.0544465,0.130936],"palmPosition":[77.95,97.4592,9.88678],"palmVelocity":[-2.06772,2.17813,0.261086],"palmWidth":80.6694,"pinchDistance":38.6841,"pinchStrength":0.206432,"r":[[0.779605,-0.550448,-0.298704],[-0.278199,0.122931,-0.952624],[0.56109,0.825769,-0.0572964]],"s":1.61297,"sphereCenter":[41.9792,104.764,0.486453],"sphereRadius":34.86,"stabilizedPalmPosition":[78.8316,101.475,9.91694],"t":[-66.4404,-35.6184,82.6293],"timeVisible":3.10462,"type":"right","wrist":[91.5969,81.2166,73.8212]}],"id":162246,"interactionBox":{"center":[0,200,0],"size":[235.247,235.247,147.751]},"pointables":[{"bases":[[[0.878249,-0.342476,-0.33375],[0.456974,0.806697,0.374719],[0.140903,-0.481612,0.864983]],[[0.849494,-0.270922,-0.452725],[0.478072,0.75824,0.443305],[0.223173,-0.593021,0.773641]],[[0.849494,-0.270922,-0.452725],[0.416555,0.871024,0.260382],[0.323791,-0.409779,0.852784]],[[0.849494,-0.270922,-0.452725],[0.348548,0.932354,0.0960724],[0.396072,-0.23941,0.886459]]],"btipPosition":[50.7585,156.152,-15.2226],"carpPosition":[78.1996,112.979,62.1041],"dipPosition":[58.7752,151.307,2.71975],"direction":[-0.323791,0.409779,-0.852784],"extended":true,"handId":131,"id":1310,"length":45.0726,"mcpPosition":[78.1996,112.979,62.1041],"pipPosition":[68.323,139.223,27.8661],"stabilizedTipPosition":[52.1752,154.446,-11.1891],"timeVisible":3.10462,"tipPosition":[53.165,154.768,-11.6333],"tipVelocity":[5.80873,2.59617,0.12952],"tool":false,"touchDistance":0.320237,"touchZone":"hovering","type":0,"width":19.1104},{"bases":[[[0.0239896,-0.974342,-0.223791],[0.958211,0.08624,-0.272755],[0.285056,-0.207896,0.935693]],[[0.0872759,-0.996149,-0.00835604],[0.0495669,0.0127201,-0.99869],[0.99495,0.0867474,0.0504862]],[[0.0872759,-0.996149,-0.00835604],[-0.96941,-0.0829956,-0.23099],[0.229407,0.0282603,-0.97292]],[[0.0872759,-0.996149,-0.00835604],[-0.934945,-0.0848035,0.344508],[-0.34389,-0.0222548,-0.938746]]],"btipPosition":[39.1531,117.358,21.33],"carpPosition":[94.428,107.283,50.0276],"dipPosition":[34.0716,117.029,7.45876],"direction":[-0.229407,-0.0282603,0.97292],"extended":false,"handId":131,"id":1311,"length":50.8594,"mcpPosition":[75.8353,120.843,-11.003],"pipPosition":[38.8671,117.62,-12.8788],"stabilizedTipPosition":[39.0018,120.281,17.6949],"timeVisible":3.10462,"tipPosition":[38.7551,117.247,17.7057],"tipVelocity":[4.6998,5.74954,-1.58164],"tool":false,"touchDistance":0.333333,"touchZone":"none","type":1,"width":18.2543},{"bases":[[[-0.101424,-0.993801,-0.0455192],[0.954497,-0.0843109,-0.286053],[0.280443,-0.0724607,0.957132]],[[-0.0844253,-0.996358,0.0119562],[-0.104837,-0.00305047,-0.994485],[0.990899,-0.0852131,-0.104198]],[[-0.0844253,-0.996358,0.0119562],[-0.995258,0.0837382,-0.0494888],[0.0483074,-0.0160776,-0.998703]],[[-0.0844253,-0.996358,0.0119562],[-0.828015,0.0768259,0.555419],[-0.554314,0.0369915,-0.831485]]],"btipPosition":[45.152,104.828,29.9257],"carpPosition":[95.9844,96.9993,46.7105],"dipPosition":[36.1432,105.429,16.4123],"direction":[-0.0483074,0.0160776,0.998703],"extended":false,"handId":131,"id":1312,"length":57.9502,"mcpPosition":[78.6377,101.481,-12.4924],"pipPosition":[37.3312,105.034,-8.14887],"stabilizedTipPosition":[44.3417,108.719,26.4111],"timeVisible":3.10462,"tipPosition":[44.2091,104.819,25.9041],"tipVelocity":[-3.19073,4.56367,-4.11973],"tool":false,"touchDistance":0.333333,"touchZone":"none","type":2,"width":17.9281},{"bases":[[[-0.130713,-0.98443,0.117521],[0.953265,-0.157365,-0.257918],[0.272396,0.0783157,0.958993]],[[-0.114144,-0.977963,0.174815],[-0.104339,-0.163191,-0.981062],[0.98797,-0.130222,-0.0834124]],[[-0.114144,-0.977963,0.174815],[-0.992723,0.105485,-0.0580801],[0.03836,-0.180172,-0.982887]],[[-0.114144,-0.977963,0.174815],[-0.838706,0.189175,0.510671],[-0.532488,-0.0883283,-0.841816]]],"btipPosition":[49.8248,92.6402,32.4087],"carpPosition":[95.443,86.2137,45.2927],"dipPosition":[41.2205,91.2129,18.806],"direction":[-0.03836,0.180172,0.982887],"extended":false,"handId":131,"id":1313,"length":55.7206,"mcpPosition":[80.3155,81.8644,-7.96504],"pipPosition":[42.1395,86.8963,-4.74191],"stabilizedTipPosition":[48.4974,96.0537,28.9703],"timeVisible":3.10462,"tipPosition":[48.5247,92.1356,28.9556],"tipVelocity":[-4.41802,3.59313,-4.70702],"tool":false,"touchDistance":0.333333,"touchZone":"none","type":3,"width":17.0597},{"bases":[[[-0.254006,-0.929125,0.268713],[0.941625,-0.301023,-0.150754],[0.220958,0.214735,0.95135]],[[-0.197543,-0.856627,0.476621],[-0.0705233,-0.472524,-0.878492],[0.977754,-0.207153,0.0329316]],[[-0.197543,-0.856627,0.476621],[-0.976125,0.127092,-0.176149],[0.0903187,-0.500038,-0.861281]],[[-0.197543,-0.856627,0.476621],[-0.860767,0.384237,0.333828],[-0.469102,-0.344314,-0.81326]]],"btipPosition":[53.8635,84.1264,24.3751],"carpPosition":[89.6573,75.2397,47.5971],"dipPosition":[46.8706,78.9937,12.2517],"direction":[-0.0903187,0.500038,0.861281],"extended":false,"handId":131,"id":1314,"length":43.6839,"mcpPosition":[78.2983,64.2006,-1.31004],"pipPosition":[48.3983,70.5354,-2.3171],"stabilizedTipPosition":[53.2676,86.3475,21.0948],"timeVisible":3.10462,"tipPosition":[51.8602,80.2906,22.5131],"tipVelocity":[-3.96478,2.67898,-4.96122],"tool":false,"touchDistance":0.333333,"touchZone":"none","type":4,"width":15.1538}],"r":[[0.779605,-0.550448,-0.298704],[-0.278199,0.122931,-0.952624],[0.56109,0.825769,-0.0572964]],"s":1.61297,"t":[-66.4404,-35.6184,82.6293],"timestamp":8205308500},{"currentFrameRate":114.246,"devices":[],"gestures":[],"hands":[{"armBasis":[[-0.0804167,-0.746893,-0.660064],[0.981304,0.0568475,-0.183879],[0.174861,-0.66251,0.728357]],"armWidth":59.0231,"confidence":1,"direction":[-0.132826,0.0527612,-0.989734],"elbow":[133.399,-77.3876,248.168],"grabAngle":3.14159,"grabStrength":1,"id":131,"palmNormal":[-0.990042,-0.054045,0.129986],"palmPosition":[77.952,97.5203,9.89062],"palmVelocity":[0.236725,7.17704,0.451274],"palmWidth":80.6694,"pinchDistance":38.655,"pinchStrength":0.207146,"r":[[0.779496,-0.55063,-0.298651],[-0.278211,0.122842,-0.952632],[0.561235,0.825661,-0.057436]],"s":1.61258,"sphereCenter":[41.992,104.843,0.464373],"sphereRadius":34.8564,"stabilizedPalmPosition":[78.8305,101.47,9.91691],"t":[-66.448,-35.5788,82.6278],"timeVisible":3.11314,"type":"right","wrist":[91.5418,81.2009,73.8171]}],"id":162247,"interactionBox":{"center":[0,200,0],"size":[235.247,235.247,147.751]},"pointables":[{"bases":[[[0.878366,-0.342613,-0.333301],[0.457069,0.806074,0.375943],[0.139862,-0.482557,0.864626]],[[0.849842,-0.271094,-0.45197],[0.478071,0.7575,0.444569],[0.221847,-0.593887,0.773357]],[[0.849842,-0.271094,-0.45197],[0.416687,0.870702,0.261249],[0.322708,-0.41035,0.85292]],[[0.849842,-0.271094,-0.45197],[0.348594,0.932318,0.0962561],[0.395285,-0.239357,0.886825]]],"btipPosition":[50.8282,156.215,-15.2018],"carpPosition":[78.1628,112.987,62.1238],"dipPosition":[58.829,151.37,2.74791],"direction":[-0.322708,0.41035,-0.85292],"extended":true,"handId":131,"id":1310,"length":45.0726,"mcpPosition":[78.1628,112.987,62.1238],"pipPosition":[68.3448,139.27,27.8983],"stabilizedTipPosition":[52.1843,154.458,-11.187],"timeVisible":3.11314,"tipPosition":[53.2158,154.865,-11.5928],"tipVelocity":[7.75569,7.38153,2.63825],"tool":false,"touchDistance":0.320611,"touchZone":"hovering","type":0,"width":19.1104},{"bases":[[[0.0236682,-0.974129,-0.224749],[0.958503,0.0859981,-0.271802],[0.284098,-0.20899,0.935741]],[[0.086744,-0.996187,-0.00929275],[0.050396,0.0137039,-0.998635],[0.994955,0.0861573,0.0513926]],[[0.086744,-0.996187,-0.00929275],[-0.969535,-0.082271,-0.230722],[0.229078,0.0290234,-0.972975]],[[0.086744,-0.996187,-0.00929275],[-0.934674,-0.0846087,0.345291],[-0.344761,-0.0212662,-0.93845]]],"btipPosition":[39.2061,117.432,21.3186],"carpPosition":[94.399,107.295,50.0562],"dipPosition":[34.1118,117.118,7.4517],"direction":[-0.229078,-0.0290234,0.972975],"extended":false,"handId":131,"id":1311,"length":50.8594,"mcpPosition":[75.8687,120.926,-10.9775],"pipPosition":[38.9004,117.725,-12.887],"stabilizedTipPosition":[38.9993,120.274,17.696],"timeVisible":3.11314,"tipPosition":[38.7586,117.322,17.6953],"tipVelocity":[5.88317,9.15561,-1.22606],"tool":false,"touchDistance":0.333333,"touchZone":"none","type":1,"width":18.2543},{"bases":[[[-0.101917,-0.9937,-0.0466102],[0.95471,-0.0845373,-0.285275],[0.279538,-0.0735737,0.957312]],[[-0.0849717,-0.996324,0.010878],[-0.103597,-0.00202399,-0.994617],[0.990983,-0.0856412,-0.103045]],[[-0.0849717,-0.996324,0.010878],[-0.995176,0.0843263,-0.0501456],[0.049044,-0.0150864,-0.998683]],[[-0.0849717,-0.996324,0.010878],[-0.828345,0.0767045,0.554943],[-0.553737,0.0381437,-0.831817]]],"btipPosition":[45.1454,104.886,29.8911],"carpPosition":[95.9528,97.0137,46.7301],"dipPosition":[36.146,105.506,16.3723],"direction":[-0.049044,0.0150864,0.998683],"extended":false,"handId":131,"id":1312,"length":57.9502,"mcpPosition":[78.6621,101.565,-12.4839],"pipPosition":[37.3522,105.135,-8.18841],"stabilizedTipPosition":[44.3405,108.715,26.4115],"timeVisible":3.11314,"tipPosition":[44.1994,104.882,25.8859],"tipVelocity":[-0.5175,7.31449,-4.21523],"tool":false,"touchDistance":0.333333,"touchZone":"none","type":2,"width":17.9281},{"bases":[[[-0.131348,-0.984477,0.116413],[0.953413,-0.157619,-0.257214],[0.27157,0.077205,0.959317]],[[-0.114828,-0.978076,0.173728],[-0.103086,-0.162208,-0.981357],[0.988022,-0.130596,-0.0821996]],[[-0.114828,-0.978076,0.173728],[-0.992619,0.106104,-0.058726],[0.0390053,-0.179189,-0.983041]],[[-0.114828,-0.978076,0.173728],[-0.839016,0.189121,0.510181],[-0.531852,-0.0871777,-0.842338]]],"btipPosition":[49.8068,92.6902,32.3643],"carpPosition":[95.407,86.2298,45.301],"dipPosition":[41.2127,91.2816,18.7532],"direction":[-0.0390053,0.179189,0.983041],"extended":false,"handId":131,"id":1313,"length":55.7206,"mcpPosition":[80.3253,81.9422,-7.97472],"pipPosition":[42.1472,86.9886,-4.79846],"stabilizedTipPosition":[48.4968,96.0507,28.9706],"timeVisible":3.11314,"tipPosition":[48.5058,92.1936,28.9278],"tipVelocity":[-1.83431,6.38396,-5.44542],"tool":false,"touchDistance":0.333333,"touchZone":"none","type":3,"width":17.0597},{"bases":[[[-0.254748,-0.929258,0.267549],[0.941599,-0.301378,-0.150206],[0.220213,0.21366,0.951765]],[[-0.198401,-0.856947,0.475689],[-0.0693971,-0.471836,-0.878951],[0.977661,-0.207396,0.0341429]],[[-0.198401,-0.856947,0.475689],[-0.975919,0.127829,-0.176754],[0.0906622,-0.499302,-0.861672]],[[-0.198401,-0.856947,0.475689],[-0.860759,0.38446,0.333593],[-0.468754,-0.343269,-0.813902]]],"btipPosition":[53.8496,84.178,24.325],"carpPosition":[89.6133,75.2566,47.5892],"dipPosition":[46.8619,79.0608,12.192],"direction":[-0.0906622,0.499302,0.861672],"extended":false,"handId":131,"id":1314,"length":43.6839,"mcpPosition":[78.2925,64.2728,-1.33932],"pipPosition":[48.3954,70.615,-2.38342],"stabilizedTipPosition":[53.2667,86.3445,21.0952],"timeVisible":3.11314,"tipPosition":[51.8421,80.3566,22.4748],"tipVelocity":[-1.49039,6.47841,-6.14644],"tool":false,"touchDistance":0.333333,"touchZone":"none","type":4,"width":15.1538}],"r":[[0.779496,-0.55063,-0.298651],[-0.278211,0.122842,-0.952632],[0.561235,0.825661,-0.057436]],"s":1.61258,"t":[-66.448,-35.5788,82.6278],"timestamp":8205317014},{"currentFrameRate":114.343,"devices":[],"gestures":[],"hands":[{"armBasis":[[-0.0821974,-0.745854,-0.661018],[0.981175,0.0557412,-0.184904],[0.174757,-0.663773,0.727232]],"armWidth":59.0231,"confidence":1,"direction":[-0.131508,0.0537958,-0.989854],"elbow":[133.297,-77.7177,247.936],"grabAngle":3.14159,"grabStrength":1,"id":131,"palmNormal":[-0.990279,-0.0527609,0.128697],"palmPosition":[77.9601,97.5712,9.931],"palmVelocity":[0.947257,5.93771,4.70705],"palmWidth":80.6694,"pinchDistance":38.5868,"pinchStrength":0.209181,"r":[[0.779329,-0.550944,-0.298508],[-0.277947,0.123013,-0.952687],[0.561597,0.825427,-0.0572652]],"s":1.61206,"sphereCenter":[42.0181,104.889,0.469043],"sphereRadius":34.8395,"stabilizedPalmPosition":[78.8294,101.465,9.91692],"t":[-66.4477,-35.5336,82.6473],"timeVisible":3.12172,"type":"right","wrist":[91.4647,81.1729,73.8552]}],"id":162248,"interactionBox":{"center":[0,200,0],"size":[235.247,235.247,147.751]},"pointables":[{"bases":[[[0.878301,-0.343565,-0.332492],[0.457731,0.805107,0.377208],[0.138096,-0.483493,0.864386]],[[0.850052,-0.271955,-0.451057],[0.478353,0.757036,0.445056],[0.220431,-0.594085,0.773611]],[[0.850052,-0.271955,-0.451057],[0.417229,0.870355,0.261539],[0.321452,-0.410516,0.853314]],[[0.850052,-0.271955,-0.451057],[0.348914,0.932281,0.0954571],[0.394551,-0.238523,0.887376]]],"btipPosition":[50.907,156.218,-15.182],"carpPosition":[78.1271,112.993,62.1776],"dipPosition":[58.893,151.39,2.77894],"direction":[-0.321452,0.410516,-0.853314],"extended":true,"handId":131,"id":1310,"length":45.0726,"mcpPosition":[78.1271,112.993,62.1776],"pipPosition":[68.3717,139.285,27.941],"stabilizedTipPosition":[52.195,154.47,-11.1844],"timeVisible":3.12172,"tipPosition":[53.3274,154.97,-11.5307],"tipVelocity":[8.78997,0.762468,2.61543],"tool":false,"touchDistance":0.320985,"touchZone":"hovering","type":0,"width":19.1104},{"bases":[[[0.0225787,-0.973969,-0.225555],[0.958964,0.0848798,-0.270524],[0.282627,-0.210191,0.935917]],[[0.0853447,-0.996301,-0.0100669],[0.0515052,0.0145018,-0.998567],[0.995019,0.0847039,0.0525523]],[[0.0853447,-0.996301,-0.0100669],[-0.96958,-0.0807208,-0.231084],[0.229416,0.0294824,-0.972882]],[[0.0853447,-0.996301,-0.0100669],[-0.934726,-0.0835601,0.345406],[-0.344969,-0.0200688,-0.938399]]],"btipPosition":[39.2671,117.531,21.3307],"carpPosition":[94.3704,107.288,50.1255],"dipPosition":[34.1697,117.234,7.46452],"direction":[-0.229416,-0.0294824,0.972882],"extended":false,"handId":131,"id":1311,"length":50.8594,"mcpPosition":[75.9361,120.998,-10.9196],"pipPosition":[38.9653,117.85,-12.8722],"stabilizedTipPosition":[38.9968,120.266,17.6972],"timeVisible":3.12172,"tipPosition":[38.7833,117.421,17.7045],"tipVelocity":[7.02044,11.9473,1.42851],"tool":false,"touchDistance":0.333333,"touchZone":"none","type":1,"width":18.2543},{"bases":[[[-0.103258,-0.993515,-0.0475906],[0.954948,-0.0856385,-0.284149],[0.278231,-0.0747872,0.957598]],[[-0.0863883,-0.996212,0.00991644],[-0.102154,-0.00104362,-0.994768],[0.99101,-0.0869493,-0.101677]],[[-0.0863883,-0.996212,0.00991644],[-0.995002,0.0857745,-0.0511231],[0.0500789,-0.0142833,-0.998643]],[[-0.0863883,-0.996212,0.00991644],[-0.828812,0.077388,0.55415],[-0.552818,0.0396532,-0.832358]]],"btipPosition":[45.1458,104.965,29.8866],"carpPosition":[95.9139,97.0077,46.7926],"dipPosition":[36.1614,105.609,16.359],"direction":[-0.0500789,0.0142833,0.998643],"extended":false,"handId":131,"id":1312,"length":57.9502,"mcpPosition":[78.7041,101.634,-12.4391],"pipPosition":[37.3929,105.258,-8.20067],"stabilizedTipPosition":[44.3391,108.711,26.4119],"timeVisible":3.12172,"tipPosition":[44.197,104.967,25.8908],"tipVelocity":[0.447231,9.90554,-0.753678],"tool":false,"touchDistance":0.333333,"touchZone":"none","type":2,"width":17.9281},{"bases":[[[-0.132881,-0.984391,0.115403],[0.953513,-0.158742,-0.256152],[0.270473,0.0760008,0.959723]],[[-0.116423,-0.978062,0.172744],[-0.101845,-0.161254,-0.981644],[0.987964,-0.131879,-0.0808367]],[[-0.116423,-0.978062,0.172744],[-0.992399,0.107571,-0.0597794],[0.0398856,-0.178391,-0.983151]],[[-0.116423,-0.978062,0.172744],[-0.839255,0.189888,0.509503],[-0.531128,-0.0856587,-0.842951]]],"btipPosition":[49.7849,92.7591,32.3542],"carpPosition":[95.3547,86.2258,45.3535],"dipPosition":[41.2025,91.3749,18.7331],"direction":[-0.0398856,0.178391,0.983151],"extended":false,"handId":131,"id":1313,"length":55.7206,"mcpPosition":[80.3339,82.0051,-7.94471],"pipPosition":[42.1581,87.1011,-4.82111],"stabilizedTipPosition":[48.4961,96.0471,28.9708],"timeVisible":3.12172,"tipPosition":[48.4821,92.2698,28.9269],"tipVelocity":[-2.24148,8.68219,-1.44474],"tool":false,"touchDistance":0.333333,"touchZone":"none","type":3,"width":17.0597},{"bases":[[[-0.256392,-0.929127,0.266432],[0.941362,-0.302576,-0.149282],[0.219318,0.212534,0.952223]],[[-0.200192,-0.857054,0.474744],[-0.0687388,-0.471073,-0.879412],[0.977342,-0.208685,0.0353922]],[[-0.200192,-0.857054,0.474744],[-0.975527,0.129386,-0.177784],[0.0909457,-0.498717,-0.861981]],[[-0.200192,-0.857054,0.474744],[-0.860481,0.385507,0.333103],[-0.468504,-0.341824,-0.814654]]],"btipPosition":[53.8263,84.2461,24.3155],"carpPosition":[89.5427,75.2589,47.6251],"dipPosition":[46.8422,79.1505,12.1714],"direction":[-0.0909457,0.498717,0.861981],"extended":false,"handId":131,"id":1314,"length":43.6839,"mcpPosition":[78.2679,64.3329,-1.32702],"pipPosition":[48.3806,70.7145,-2.40932],"stabilizedTipPosition":[53.2656,86.3409,21.0957],"timeVisible":3.12172,"tipPosition":[51.8106,80.4353,22.4671],"tipVelocity":[-2.623,8.5152,-1.40483],"tool":false,"touchDistance":0.333333,"touchZone":"none","type":4,"width":15.1538}],"r":[[0.779329,-0.550944,-0.298508],[-0.277947,0.123013,-0.952687],[0.561597,0.825427,-0.0572652]],"s":1.61206,"t":[-66.4477,-35.5336,82.6473],"timestamp":8205325593},{"currentFrameRate":114.266,"devices":[],"gestures":[],"hands":[{"armBasis":[[-0.084424,-0.74482,-0.661903],[0.981024,0.0542278,-0.186148],[0.17454,-0.665058,0.726109]],"armWidth":59.0231,"confidence":1,"direction":[-0.130064,0.0551073,-0.989973],"elbow":[133.165,-78.0395,247.728],"grabAngle":3.14159,"grabStrength":1,"id":131,"palmNormal":[-0.990551,-0.0510302,0.127299],"palmPosition":[77.9769,97.6537,9.99606],"palmVelocity":[1.89074,9.28978,7.32249],"palmWidth":80.6694,"pinchDistance":38.5202,"pinchStrength":0.210934,"r":[[0.779068,-0.551424,-0.298302],[-0.277431,0.12346,-0.95278],[0.562214,0.825039,-0.0567986]],"s":1.61149,"sphereCenter":[42.0588,104.992,0.495942],"sphereRadius":34.8234,"stabilizedPalmPosition":[78.8283,101.46,9.91703],"t":[-66.4392,-35.4697,82.6895],"timeVisible":3.1306,"type":"right","wrist":[91.3847,81.1588,73.916]}],"id":162249,"interactionBox":{"center":[0,200,0],"size":[235.247,235.247,147.751]},"pointables":[{"bases":[[[0.878101,-0.344865,-0.331672],[0.458736,0.803836,0.378694],[0.136012,-0.484682,0.864051]],[[0.850204,-0.273188,-0.450024],[0.478918,0.756317,0.445669],[0.218609,-0.594435,0.773859]],[[0.850204,-0.273188,-0.450024],[0.418343,0.86953,0.262501],[0.319597,-0.411443,0.853564]],[[0.850204,-0.273188,-0.450024],[0.349727,0.93203,0.0949295],[0.393502,-0.238095,0.887957]]],"btipPosition":[51.0386,156.278,-15.1303],"carpPosition":[78.1021,113.019,62.2594],"dipPosition":[59.0033,151.459,2.8424],"direction":[-0.319597,0.411443,-0.853564],"extended":true,"handId":131,"id":1310,"length":45.0726,"mcpPosition":[78.1021,113.019,62.2594],"pipPosition":[68.4274,139.326,28.0118],"stabilizedTipPosition":[52.2084,154.484,-11.1806],"timeVisible":3.1306,"tipPosition":[53.4775,155.123,-11.4342],"tipVelocity":[14.2624,7.00247,6.1241],"tool":false,"touchDistance":0.321892,"touchZone":"hovering","type":0,"width":19.1104},{"bases":[[[0.0210478,-0.973767,-0.226573],[0.959488,0.0833605,-0.269134],[0.280961,-0.211729,0.936072]],[[0.0834762,-0.996449,-0.0110357],[0.0528199,0.0154831,-0.998484],[0.995109,0.0827667,0.0539248]],[[0.0834762,-0.996449,-0.0110357],[-0.969602,-0.0786611,-0.231699],[0.230008,0.0300416,-0.972725]],[[0.0834762,-0.996449,-0.0110357],[-0.934887,-0.0821433,0.345309],[-0.344989,-0.018508,-0.938424]]],"btipPosition":[39.3409,117.677,21.3643],"carpPosition":[94.351,107.296,50.2232],"dipPosition":[34.2432,117.403,7.49782],"direction":[-0.230008,-0.0300416,0.972725],"extended":false,"handId":131,"id":1311,"length":50.8594,"mcpPosition":[76.0253,121.106,-10.832],"pipPosition":[39.0512,118.031,-12.8357],"stabilizedTipPosition":[38.9941,120.257,17.6988],"timeVisible":3.1306,"tipPosition":[38.8257,117.57,17.7388],"tipVelocity":[8.30301,17.0222,3.77983],"tool":false,"touchDistance":0.333333,"touchZone":"none","type":1,"width":18.2543},{"bases":[[[-0.105067,-0.993267,-0.0488003],[0.955169,-0.0871351,-0.282948],[0.276791,-0.0763409,0.957893]],[[-0.0882801,-0.996057,0.00872662],[-0.100657,0.000204554,-0.994921],[0.990997,-0.0887101,-0.100279]],[[-0.0882801,-0.996057,0.00872662],[-0.994787,0.0877117,-0.052017],[0.0510465,-0.0132732,-0.998608]],[[-0.0882801,-0.996057,0.00872662],[-0.829184,0.0783391,0.553458],[-0.55196,0.0416234,-0.832831]]],"btipPosition":[45.1634,105.087,29.9057],"carpPosition":[95.8796,97.0168,46.8813],"dipPosition":[36.1929,105.763,16.3704],"direction":[-0.0510465,0.0132732,0.998608],"extended":false,"handId":131,"id":1312,"length":57.9502,"mcpPosition":[78.7588,101.739,-12.3687],"pipPosition":[37.4483,105.437,-8.18848],"stabilizedTipPosition":[44.3373,108.706,26.4124],"timeVisible":3.1306,"tipPosition":[44.2051,105.097,25.919],"tipVelocity":[2.34315,14.5264,1.94201],"tool":false,"touchDistance":0.333333,"touchZone":"none","type":2,"width":17.9281},{"bases":[[[-0.134893,-0.984261,0.114163],[0.953558,-0.160266,-0.255032],[0.269314,0.0744591,0.96017]],[[-0.118501,-0.978025,0.171533],[-0.100677,-0.160026,-0.981965],[0.987837,-0.133634,-0.0795014]],[[-0.118501,-0.978025,0.171533],[-0.992115,0.10952,-0.0609429],[0.0408174,-0.177402,-0.983292]],[[-0.118501,-0.978025,0.171533],[-0.839383,0.190956,0.508892],[-0.530465,-0.0836778,-0.843567]]],"btipPosition":[49.7685,92.8685,32.3674],"carpPosition":[95.302,86.2375,45.4299],"dipPosition":[41.1968,91.5163,18.7365],"direction":[-0.0408174,0.177402,0.983292],"extended":false,"handId":131,"id":1313,"length":55.7206,"mcpPosition":[80.3456,82.1024,-7.89318],"pipPosition":[42.1747,87.2662,-4.82117],"stabilizedTipPosition":[48.4952,96.0426,28.9711],"timeVisible":3.1306,"tipPosition":[48.4628,92.3877,28.9465],"tipVelocity":[-1.57297,13.1425,1.23477],"tool":false,"touchDistance":0.333333,"touchZone":"none","type":3,"width":17.0597},{"bases":[[[-0.258505,-0.928927,0.265084],[0.940991,-0.304192,-0.148333],[0.218427,0.211097,0.952748]],[[-0.202448,-0.857178,0.473562],[-0.0683682,-0.470024,-0.880002],[0.976904,-0.210531,0.0365515]],[[-0.202448,-0.857178,0.473562],[-0.975026,0.131336,-0.179096],[0.091321,-0.497992,-0.86236]],[[-0.202448,-0.857178,0.473562],[-0.860095,0.386853,0.332539],[-0.468243,-0.339986,-0.815572]]],"btipPosition":[53.7989,84.357,24.3299],"carpPosition":[89.4663,75.2791,47.6817],"dipPosition":[46.8187,79.2888,12.172],"direction":[-0.091321,0.497992,0.86236],"extended":false,"handId":131,"id":1314,"length":43.6839,"mcpPosition":[78.2