{"frames":233,"data":[{"currentFrameRate":25.3876,"devices":[],"gestures":[],"hands":[],"id":201037,"interactionBox":{"center":[0,200,0],"size":[235.247,235.247,147.751]},"pointables":[],"r":[[-0.0794966,-0.728761,-0.680138],[0.446709,0.583909,-0.677865],[0.891141,-0.357712,0.279125]],"s":-5.62558,"t":[894.675,787.691,741.58],"timestamp":261049542379},{"currentFrameRate":25.3949,"devices":[],"gestures":[],"hands":[],"id":201038,"interactionBox":{"center":[0,200,0],"size":[235.247,235.247,147.751]},"pointables":[],"r":[[-0.0794966,-0.728761,-0.680138],[0.446709,0.583909,-0.677865],[0.891141,-0.357712,0.279125]],"s":-5.62558,"t":[894.675,787.691,741.58],"timestamp":261049581705},{"currentFrameRate":25.4048,"devices":[],"gestures":[],"hands":[],"id":201039,"interactionBox":{"center":[0,200,0],"size":[235.247,235.247,147.751]},"pointables":[],"r":[[-0.0794966,-0.728761,-0.680138],[0.446709,0.583909,-0.677865],[0.891141,-0.357712,0.279125]],"s":-5.62558,"t":[894.675,787.691,741.58],"timestamp":261049620997},{"currentFrameRate":25.4021,"devices":[],"gestures":[],"hands":[],"id":201040,"interactionBox":{"center":[0,200,0],"size":[235.247,235.247,147.751]},"pointables":[],"r":[[-0.0794966,-0.728761,-0.680138],[0.446709,0.583909,-0.677865],[0.891141,-0.357712,0.279125]],"s":-5.62558,"t":[894.675,787.691,741.58],"timestamp":261049660383},{"currentFrameRate":25.4053,"devices":[],"gestures":[],"hands":[],"id":201041,"interactionBox":{"center":[0,200,0],"size":[235.247,235.247,147.751]},"pointables":[],"r":[[-0.0794966,-0.728761,-0.680138],[0.446709,0.583909,-0.677865],[0.891141,-0.357712,0.279125]],"s":-5.62558,"t":[894.675,787.691,741.58],"timestamp":261049699722},{"currentFrameRate":25.4072,"devices":[],"gestures":[],"hands":[],"id":201042,"interactionBox":{"center":[0,200,0],"size":[235.247,235.247,147.751]},"pointables":[],"r":[[-0.0794966,-0.728761,-0.680138],[0.446709,0.583909,-0.677865],[0.891141,-0.357712,0.279125]],"s":-5.62558,"t":[894.675,787.691,741.58],"timestamp":261049739068},{"currentFrameRate":25.3608,"devices":[],"gestures":[],"hands":[],"id":201043,"interactionBox":{"center":[0,200,0],"size":[235.247,235.247,147.751]},"pointables":[],"r":[[-0.0794966,-0.728761,-0.680138],[0.446709,0.583909,-0.677865],[0.891141,-0.357712,0.279125]],"s":-5.62558,"t":[894.675,787.691,741.58],"timestamp":261049778829},{"currentFrameRate":25.4052,"devices":[],"gestures":[],"hands":[],"id":201044,"interactionBox":{"center":[0,200,0],"size":[235.247,235.247,147.751]},"pointables":[],"r":[[-0.0794966,-0.728761,-0.680138],[0.446709,0.583909,-0.677865],[0.891141,-0.357712,0.279125]],"s":-5.62558,"t":[894.675,787.691,741.58],"timestamp":261049817875},{"currentFrameRate":25.3987,"devices":[],"gestures":[],"hands":[],"id":201045,"interactionBox":{"center":[0,200,0],"size":[235.247,235.247,147.751]},"pointables":[],"r":[[-0.0794966,-0.728761,-0.680138],[0.446709,0.583909,-0.677865],[0.891141,-0.357712,0.279125]],"s":-5.62558,"t":[894.675,787.691,741.58],"timestamp":261049857293},{"currentFrameRate":25.402,"devices":[],"gestures":[],"hands":[],"id":201046,"interactionBox":{"center":[0,200,0],"size":[235.247,235.247,147.751]},"pointables":[],"r":[[-0.0794966,-0.728761,-0.680138],[0.446709,0.583909,-0.677865],[0.891141,-0.357712,0.279125]],"s":-5.62558,"t":[894.675,787.691,741.58],"timestamp":261049896637},{"currentFrameRate":25.4048,"devices":[],"gestures":[],"hands":[],"id":201047,"interactionBox":{"center":[0,200,0],"size":[235.247,235.247,147.751]},"pointables":[],"r":[[-0.0794966,-0.728761,-0.680138],[0.446709,0.583909,-0.677865],[0.891141,-0.357712,0.279125]],"s":-5.62558,"t":[894.675,787.691,741.58],"timestamp":261049935979},{"currentFrameRate":25.3691,"devices":[],"gestures":[],"hands":[],"id":201048,"interactionBox":{"center":[0,200,0],"size":[235.247,235.247,147.751]},"pointables":[],"r":[[-0.0794966,-0.728761,-0.680138],[0.446709,0.583909,-0.677865],[0.891141,-0.357712,0.279125]],"s":-5.62558,"t":[894.675,787.691,741.58],"timestamp":261049975652},{"currentFrameRate":25.4055,"devices":[],"gestures":[],"hands":[{"armBasis":[[0.71693,-0.464155,-0.520165],[0.450667,0.877838,-0.162171],[0.531893,-0.118156,0.838528]],"armWidth":65.3469,"confidence":0,"direction":[-0.108432,0.911077,-0.39772],"elbow":[237.498,77.8672,284.756],"grabAngle":0.382076,"grabStrength":0,"id":334,"palmNormal":[-0.931247,-0.233098,-0.28008],"palmPosition":[69.1779,175.832,20.3198],"palmVelocity":[1.19209e-7,1.19209e-7,1.19209e-7],"palmWidth":93.3132,"pinchDistance":53.6032,"pinchStrength":0,"r":[[1,-8.32667e-18,-1.38778e-17],[8.32667e-18,1,1.11022e-17],[1.38778e-17,-1.11022e-17,1]],"s":1,"sphereCenter":[-29.4001,139.709,-61.6475],"sphereRadius":132.99,"stabilizedPalmPosition":[69.1779,175.832,20.3198],"t":[0,0,0],"timeVisible":0,"type":"right","wrist":[90.2203,110.584,52.5725]}],"id":201049,"interactionBox":{"center":[0,200,0],"size":[235.247,235.247,147.751]},"pointables":[{"bases":[[[0.951761,0.249452,-0.178677],[0.178811,0.0223178,0.98363],[0.249357,-0.96813,-0.0233635]],[[0.88561,0.431886,-0.170791],[-0.0509452,0.455863,0.888591],[0.461627,-0.778244,0.425719]],[[0.88561,0.431886,-0.170791],[0.0877503,0.205516,0.974712],[0.456064,-0.878201,0.144109]],[[0.88561,0.431886,-0.170791],[0.0346849,0.305211,0.951653],[0.463133,-0.848717,0.255318]]],"btipPosition":[11.2293,218.831,27.6328],"carpPosition":[61.9235,127.913,60.5932],"dipPosition":[22.345,198.461,33.7608],"direction":[-0.456064,0.878201,-0.144109],"extended":true,"handId":334,"id":3340,"length":53.447,"mcpPosition":[61.9235,127.913,60.5932],"pipPosition":[38.2919,167.753,38.7997],"stabilizedTipPosition":[13.7859,214.146,29.0423],"timeVisible":0,"tipPosition":[13.7859,214.146,29.0423],"tipVelocity":[1.19209e-7,1.19209e-7,1.19209e-7],"tool":false,"touchDistance":1,"touchZone":"none","type":0,"width":20.767},{"bases":[[[0.324737,-0.182207,-0.928087],[0.896423,0.372218,0.240582],[0.301615,-0.910085,0.284208]],[[0.423155,-0.557403,-0.714312],[0.893774,0.38617,0.228126],[0.148688,-0.734966,0.661602]],[[0.423155,-0.557403,-0.714312],[0.76178,0.645698,-0.0525862],[0.490541,-0.521896,0.697849]],[[0.423155,-0.557403,-0.714312],[0.719799,0.685632,-0.108617],[0.550299,-0.468199,0.691347]]],"btipPosition":[31.1761,261.96,-25.3859],"carpPosition":[82.285,139.773,54.6183],"dipPosition":[40.8183,253.756,-13.2723],"direction":[-0.490541,0.521896,-0.697849],"extended":true,"handId":334,"id":3341,"length":60.309,"mcpPosition":[59.5287,208.437,33.1754],"pipPosition":[52.9776,240.819,4.02568],"stabilizedTipPosition":[33.3938,260.073,-22.5998],"timeVisible":0,"tipPosition":[33.3938,260.073,-22.5998],"tipVelocity":[1.19209e-7,1.19209e-7,1.19209e-7],"tool":false,"touchDistance":1,"touchZone":"none","type":1,"width":19.8367},{"bases":[[[0.204893,-0.364254,-0.908481],[0.944823,0.315984,0.0863955],[0.255596,-0.876055,0.408899]],[[0.26764,-0.59253,-0.759787],[0.931602,0.360418,0.0470864],[0.245941,-0.720421,0.648465]],[[0.26764,-0.59253,-0.759787],[0.901772,0.43179,-0.0190818],[0.339375,-0.680048,0.649892]],[[0.26764,-0.59253,-0.759787],[0.901772,0.43179,-0.0190818],[0.339375,-0.680048,0.649892]]],"btipPosition":[40.8421,269.927,-49.5146],"carpPosition":[87.7242,138.697,43.2731],"dipPosition":[47.3824,256.821,-36.99],"direction":[-0.339375,0.680048,-0.649892],"extended":true,"handId":334,"id":3342,"length":68.7173,"mcpPosition":[69.4365,201.378,14.0167],"pipPosition":[57.2794,236.989,-18.0376],"stabilizedTipPosition":[42.3463,266.912,-46.634],"timeVisible":0,"tipPosition":[42.3463,266.912,-46.634],"tipVelocity":[1.19209e-7,1.19209e-7,1.19209e-7],"tool":false,"touchDistance":0.833824,"touchZone":"hovering","type":2,"width":19.4822},{"bases":[[[0.168461,-0.51198,-0.842317],[0.964713,0.261065,0.0342586],[0.20236,-0.818365,0.537893]],[[0.159542,-0.476067,-0.864816],[0.918125,0.393468,-0.0472219],[0.362758,-0.786475,0.499864]],[[0.159542,-0.476067,-0.864816],[0.788143,0.588946,-0.178809],[0.594455,-0.653071,0.469171]],[[0.159542,-0.476067,-0.864816],[0.788143,0.588946,-0.178809],[0.594455,-0.653071,0.469171]]],"btipPosition":[33.0508,254.833,-48.1571],"carpPosition":[90.9503,135.159,31.6193],"dipPosition":[44.4411,242.32,-39.1673],"direction":[-0.594455,0.653071,-0.469171],"extended":true,"handId":334,"id":3343,"length":66.0735,"mcpPosition":[77.9509,187.73,-2.93457],"pipPosition":[61.3292,223.767,-25.8385],"stabilizedTipPosition":[35.6705,251.955,-46.0895],"timeVisible":0,"tipPosition":[35.6705,251.955,-46.0895],"tipVelocity":[1.19209e-7,1.19209e-7,1.19209e-7],"tool":false,"touchDistance":0.841991,"touchZone":"hovering","type":3,"width":18.5386},{"bases":[[[0.0290198,-0.639306,-0.768405],[0.993234,0.104922,-0.0497834],[0.112449,-0.761761,0.638025]],[[-0.0014197,-0.417672,-0.908597],[0.91718,0.361507,-0.167614],[0.398471,-0.833584,0.382567]],[[-0.0014197,-0.417672,-0.908597],[0.91718,0.361507,-0.167614],[0.398471,-0.833584,0.382567]],[[-0.0014197,-0.417672,-0.908597],[0.856219,0.468885,-0.216879],[0.516611,-0.778266,0.356953]]],"btipPosition":[50.0511,233.046,-46.0179],"carpPosition":[88.312,127.043,19.7787],"dipPosition":[59.1832,219.289,-39.7081],"direction":[-0.398471,0.833584,-0.382567],"extended":true,"handId":334,"id":3344,"length":51.8004,"mcpPosition":[81.6252,172.341,-18.1619],"pipPosition":[67.1758,202.569,-32.0345],"stabilizedTipPosition":[52.1515,229.882,-44.5667],"timeVisible":0,"tipPosition":[52.1515,229.882,-44.5667],"tipVelocity":[1.19209e-7,1.19209e-7,1.19209e-7],"tool":false,"touchDistance":0.864833,"touchZone":"hovering","type":4,"width":16.4674}],"r":[[1,-8.32667e-18,-1.38778e-17],[8.32667e-18,1,1.11022e-17],[1.38778e-17,-1.11022e-17,1]],"s":1,"t":[0,0,0],"timestamp":261050014754},{"currentFrameRate":25.4037,"devices":[],"gestures":[],"hands":[{"armBasis":[[0.83806,-0.109481,-0.53448],[0.217978,0.965262,0.144066],[0.500141,-0.237241,0.832812]],"armWidth":66.4077,"confidence":0.204514,"direction":[-0.111227,0.87349,-0.473966],"elbow":[236.068,60.4472,286.838],"grabAngle":0.617384,"grabStrength":0,"id":334,"palmNormal":[-0.456259,-0.468575,-0.756482],"palmPosition":[75.0619,186.98,14.2631],"palmVelocity":[149.429,283.133,-153.814],"palmWidth":93.3132,"pinchDistance":56.8801,"pinchStrength":0,"r":[[0.990229,0.0617183,0.125048],[-0.0595982,0.998009,-0.0206288],[-0.126072,0.0129746,0.991936]],"s":1.02647,"sphereCenter":[6.65789,121.332,-99.4311],"sphereRadius":146.472,"stabilizedPalmPosition":[72.1004,181.369,17.3115],"t":[2.94203,5.57446,-3.02836],"timeVisible":0.039377,"type":"right","wrist":[97.5825,126.138,56.2376]}],"id":201050,"interactionBox":{"center":[0,200,0],"size":[235.247,235.247,147.751]},"pointables":[{"bases":[[[0.74165,0.536391,0.402789],[-0.463074,-0.0250172,0.885967],[0.485302,-0.843598,0.229835]],[[0.714215,0.58139,0.38972],[-0.458066,-0.0327433,0.888315],[0.529218,-0.812966,0.242929]],[[0.714215,0.58139,0.38972],[-0.660623,0.375988,0.649777],[0.231244,-0.721539,0.652616]],[[0.714215,0.58139,0.38972],[-0.69992,0.590986,0.401057],[0.00285145,-0.559214,0.829018]]],"btipPosition":[23.8435,218.279,-11.395],"carpPosition":[59.67,135.258,46.7993],"dipPosition":[23.9169,203.901,9.91905],"direction":[-0.231244,0.721539,-0.652616],"extended":false,"handId":334,"id":3340,"length":57.2524,"mcpPosition":[59.67,135.258,46.7993],"pipPosition":[32.5782,176.876,34.3632],"stabilizedTipPosition":[14.6555,214.217,25.9752],"timeVisible":0.039377,"tipPosition":[21.0992,211.241,-10.4631],"tipVelocity":[255.846,20.981,-902.431],"tool":false,"touchDistance":1,"touchZone":"none","type":0,"width":21.2521},{"bases":[[[0.781307,-0.351694,-0.515626],[0.620238,0.529802,0.578459],[0.0697393,-0.771765,0.632072]],[[0.778485,-0.325258,-0.536813],[0.564659,0.736387,0.372686],[0.274083,-0.593247,0.756926]],[[0.778485,-0.325258,-0.536813],[0.47286,0.866337,0.160822],[0.412752,-0.379035,0.828232]],[[0.778485,-0.325258,-0.536813],[0.424756,0.902671,0.0690465],[0.462108,-0.281766,0.840871]]],"btipPosition":[56.5167,249.657,-79.7806],"carpPosition":[96.4952,153.643,40.4392],"dipPosition":[66.0016,243.873,-62.5215],"direction":[-0.412752,0.379035,-0.828232],"extended":true,"handId":334,"id":3343,"length":70.7778,"mcpPosition":[92.0152,203.22,-0.164715],"pipPosition":[78.5625,232.338,-37.3167],"stabilizedTipPosition":[49.1823,249.826,-63.5289],"timeVisible":0.039377,"tipPosition":[62.2825,251.496,-71.9348],"tipVelocity":[584.801,-92.1599,-754.794],"tool":false,"touchDistance":0.345303,"touchZone":"hovering","type":3,"width":18.9716},{"bases":[[[0.85166,0.0164256,-0.523838],[0.412957,0.594416,0.690027],[0.322712,-0.80399,0.499457]],[[0.903828,-0.174237,-0.390815],[0.383622,0.734547,0.55971],[0.18955,-0.655807,0.730745]],[[0.903828,-0.174237,-0.390815],[0.352073,0.821897,0.447805],[0.243185,-0.542335,0.804198]],[[0.903828,-0.174237,-0.390815],[0.327499,0.8695,0.369748],[0.27539,-0.46218,0.842941]]],"btipPosition":[29.9811,267.833,-56.3062],"carpPosition":[74.9011,153.147,53.0401],"dipPosition":[35.15,259.158,-40.4848],"direction":[-0.243185,0.542334,-0.804198],"extended":true,"handId":334,"id":3341,"length":64.6029,"mcpPosition":[50.5531,213.806,15.3571],"pipPosition":[41.6071,244.758,-19.1314],"stabilizedTipPosition":[33.3252,260.25,-23.5263],"timeVisible":0.039377,"tipPosition":[37.2041,264.144,-51.7369],"tipVelocity":[-56.4758,146.41,-763.58],"tool":false,"touchDistance":0.657224,"touchZone":"hovering","type":1,"width":20.3},{"bases":[[[0.804468,-0.193923,-0.56145],[0.55798,0.570839,0.60233],[0.203692,-0.797832,0.567427]],[[0.816859,-0.249865,-0.519912],[0.495902,0.764591,0.411682],[0.294655,-0.594112,0.748472]],[[0.816859,-0.249865,-0.519912],[0.409269,0.886204,0.217122],[0.406497,-0.390142,0.826166]],[[0.816859,-0.249865,-0.519912],[0.374123,0.915524,0.147811],[0.439059,-0.315252,0.841334]]],"btipPosition":[34.1273,262.114,-76.0086],"carpPosition":[86.0658,154.875,47.3992],"dipPosition":[43.1912,255.606,-58.6401],"direction":[-0.406497,0.390142,-0.826166],"extended":true,"handId":334,"id":3342,"length":73.6098,"mcpPosition":[71.4918,211.96,6.80023],"pipPosition":[55.8897,243.418,-32.8317],"stabilizedTipPosition":[41.9052,266.46,-48.4592],"timeVisible":0.039377,"tipPosition":[41.3423,262.485,-70.7813],"tipVelocity":[-155.784,-159.87,-644.534],"tool":false,"touchDistance":0.403077,"touchZone":"hovering","type":2,"width":19.9373},{"bases":[[[0.670834,-0.521325,-0.527448],[0.737918,0.398372,0.544773],[-0.0738831,-0.754665,0.651937]],[[0.674883,-0.431635,-0.598519],[0.700878,0.628706,0.336897],[0.230876,-0.646854,0.726826]],[[0.674883,-0.431635,-0.598519],[0.594279,0.798738,0.0940749],[0.437454,-0.419177,0.795566]],[[0.674883,-0.431635,-0.598519],[0.536082,0.844155,-0.0043011],[0.507099,-0.317953,0.801097]]],"btipPosition":[80.4484,231.375,-68.9778],"carpPosition":[104.024,146.345,30.2857],"dipPosition":[90.0505,225.355,-53.8086],"direction":[-0.437454,0.419177,-0.795566],"extended":true,"handId":334,"id":3344,"length":55.4885,"mcpPosition":[108.418,191.222,-8.48219],"pipPosition":[99.4498,216.348,-36.7149],"stabilizedTipPosition":[77.1295,229.971,-61.6979],"timeVisible":0.039377,"tipPosition":[83.6896,233.793,-60.6588],"tipVelocity":[774.701,2.75815,-531.331],"tool":false,"touchDistance":0.49785,"touchZone":"hovering","type":4,"width":16.8521}],"r":[[0.990229,0.0617183,0.125048],[-0.0595982,0.998009,-0.0206288],[-0.126072,0.0129746,0.991936]],"s":1.02647,"t":[2.94203,5.57446,-3.02836],"timestamp":261050054131},{"currentFrameRate":26.4563,"devices":[],"gestures":[],"hands":[{"armBasis":[[0.840511,-0.081933,-0.535563],[0.228596,0.949833,0.213449],[0.491207,-0.301834,0.817075]],"armWidth":66.4077,"confidence":0.352045,"direction":[-0.180434,0.880856,-0.437649],"elbow":[236.545,48.4765,277.421],"grabAngle":0.391865,"grabStrength":0,"id":334,"palmNormal":[-0.498842,-0.465433,-0.731115],"palmPosition":[73.6642,193.604,12.7738],"palmVelocity":[-45.9217,217.629,-48.9313],"palmWidth":93.3132,"pinchDistance":49.4732,"pinchStrength":0,"r":[[0.970978,0.11899,0.207467],[-0.113908,0.992827,-0.0363145],[-0.2103,0.0116284,0.977568]],"s":1.08491,"sphereCenter":[-33.602,88.106,-143.18],"sphereRadius":216.713,"stabilizedPalmPosition":[73.0293,188.637,14.6162],"t":[3.71421,11.6736,-5.28718],"timeVisible":0.069813,"type":"right","wrist":[100.533,132.052,51.1779]}],"id":201051,"interactionBox":{"center":[0,200,0],"size":[235.247,235.247,147.751]},"pointables":[{"bases":[[[0.752083,0.553413,0.357919],[-0.38872,-0.0660844,0.918983],[0.53223,-0.830281,0.165422]],[[0.669124,0.665424,0.330884],[-0.356571,-0.103172,0.928554],[0.65202,-0.739301,0.168235]],[[0.669124,0.665424,0.330884],[-0.64042,0.290439,0.710991],[0.377009,-0.687646,0.62049]],[[0.669124,0.665424,0.330884],[-0.738123,0.543384,0.399885],[0.086296,-0.511805,0.854756]]],"btipPosition":[13.1,217.251,-8.93123],"carpPosition":[62.818,140.49,44.8978],"dipPosition":[15.3186,204.093,13.0445],"direction":[-0.377009,0.687645,-0.62049],"extended":false,"handId":334,"id":3340,"length":57.2524,"mcpPosition":[62.818,140.49,44.8978],"pipPosition":[29.4398,178.336,36.2854],"stabilizedTipPosition":[14.3032,214.22,15.9133],"timeVisible":0.069813,"tipPosition":[15.6233,215.522,-5.6145],"tipVelocity":[-336.777,-24.5517,85.95],"tool":false,"touchDistance":1,"touchZone":"none","type":0,"width":21.2521},{"bases":[[[0.749159,-0.307897,-0.586481],[0.645588,0.537554,0.54245],[0.148247,-0.785006,0.601488]],[[0.74234,-0.274958,-0.611007],[0.607554,0.66073,0.440811],[0.282506,-0.698451,0.657539]],[[0.74234,-0.274958,-0.611007],[0.544019,0.77967,0.310095],[0.39112,-0.562595,0.728363]],[[0.74234,-0.274958,-0.611007],[0.524353,0.806109,0.274304],[0.417116,-0.52401,0.742582]]],"btipPosition":[54.472,273.013,-72.1578],"carpPosition":[98.3254,160.426,36.1624],"dipPosition":[63.0334,262.257,-56.9161],"direction":[-0.39112,0.562595,-0.728363],"extended":true,"handId":334,"id":3343,"length":70.7778,"mcpPosition":[88.8022,210.854,-2.47681],"pipPosition":[74.936,245.136,-34.7506],"stabilizedTipPosition":[54.4357,264.816,-67.2367],"timeVisible":0.069813,"tipPosition":[54.625,266.484,-69.236],"tipVelocity":[-74.159,729.808,235.206],"tool":false,"touchDistance":0.451487,"touchZone":"hovering","type":3,"width":18.9716},{"bases":[[[0.644245,-0.481242,-0.594436],[0.764794,0.411642,0.495622],[0.00618039,-0.773923,0.633249]],[[0.641268,-0.412125,-0.647247],[0.745621,0.533856,0.398808],[0.181178,-0.738343,0.649634]],[[0.641268,-0.412125,-0.647247],[0.690916,0.677061,0.253425],[0.333783,-0.609706,0.718921]],[[0.641268,-0.412125,-0.647247],[0.671301,0.709895,0.213084],[0.37166,-0.571141,0.731892]]],"btipPosition":[83.6512,252.309,-66.9667],"carpPosition":[105.266,153.692,25.2298],"dipPosition":[90.6888,241.494,-53.108],"direction":[-0.333783,0.609706,-0.718921],"extended":true,"handId":334,"id":3344,"length":55.4885,"mcpPosition":[104.898,199.714,-12.4268],"pipPosition":[97.8605,228.394,-37.661],"stabilizedTipPosition":[84.4376,247.792,-63.5664],"timeVisible":0.069813,"tipPosition":[81.0379,247.009,-62.7585],"tipVelocity":[85.8516,651.574,56.1735],"tool":false,"touchDistance":0.507044,"touchZone":"hovering","type":4,"width":16.8521},{"bases":[[[0.805374,0.0627241,-0.58944],[0.445824,0.591248,0.672062],[0.390659,-0.804047,0.448211]],[[0.856449,-0.0634542,-0.512316],[0.403055,0.702281,0.586812],[0.322554,-0.709066,0.627044]],[[0.856449,-0.0634542,-0.512316],[0.364506,0.777083,0.513105],[0.365554,-0.626191,0.688662]],[[0.856449,-0.0634542,-0.512316],[0.33207,0.827561,0.452628],[0.395252,-0.557778,0.729836]]],"btipPosition":[16.0299,280,-44.9681],"carpPosition":[77.8527,158.775,50.4268],"dipPosition":[23.4485,269.531,-31.2696],"direction":[-0.365554,0.626191,-0.688662],"extended":true,"handId":334,"id":3341,"length":64.6029,"mcpPosition":[48.3782,219.438,16.6101],"pipPosition":[33.1549,252.904,-12.984],"stabilizedTipPosition":[26.7042,267.616,-31.295],"timeVisible":0.069813,"tipPosition":[23.5815,273.776,-45.2127],"tipVelocity":[-441.376,386.184,356.48],"tool":false,"touchDistance":0.787582,"touchZone":"hovering","type":1,"width":20.3},{"bases":[[[0.762867,-0.148201,-0.629341],[0.584032,0.575544,0.572412],[0.277381,-0.80423,0.525617]],[[0.764639,-0.153382,-0.62594],[0.519505,0.72146,0.457832],[0.381367,-0.675255,0.631339]],[[0.764639,-0.153382,-0.62594],[0.450643,0.821582,0.349176],[0.460704,-0.549069,0.697335]],[[0.764639,-0.153382,-0.62594],[0.432682,0.841993,0.322233],[0.477612,-0.517225,0.710187]]],"btipPosition":[24.1639,282.203,-63.5161],"carpPosition":[88.4556,161.076,43.9661],"dipPosition":[34.0237,271.526,-48.8551],"direction":[-0.460704,0.549069,-0.697335],"extended":true,"handId":334,"id":3342,"length":73.6098,"mcpPosition":[68.6091,218.618,6.35852],"pipPosition":[48.4155,254.373,-27.0712],"stabilizedTipPosition":[34.4209,272.887,-54.111],"timeVisible":0.069813,"tipPosition":[28.2165,275.461,-63.1779],"tipVelocity":[-321.342,628.537,389.99],"tool":false,"touchDistance":0.574149,"touchZone":"hovering","type":2,"width":19.9373}],"r":[[0.970978,0.11899,0.207467],[-0.113908,0.992827,-0.0363145],[-0.2103,0.0116284,0.977568]],"s":1.08491,"t":[3.71421,11.6736,-5.28718],"timestamp":261050084567},{"currentFrameRate":29.8527,"devices":[],"gestures":[],"hands":[{"armBasis":[[0.859863,-0.0057381,-0.510493],[0.175971,0.94199,0.285814],[0.479239,-0.335593,0.810992]],"armWidth":66.4077,"confidence":0.403632,"direction":[-0.200627,0.883589,-0.423107],"elbow":[232.509,40.26,274.047],"grabAngle":0.312162,"grabStrength":0,"id":334,"palmNormal":[-0.422923,-0.467687,-0.776147],"palmPosition":[71.836,194.72,11.602],"palmVelocity":[-159.982,97.6068,-102.539],"palmWidth":93.3132,"pinchDistance":44.4696,"pinchStrength":0,"r":[[0.942707,0.173381,0.285031],[-0.166553,0.984853,-0.0482175],[-0.289074,-0.00201797,0.957305]],"s":1.12425,"sphereCenter":[-31.7386,68.4428,-181.917],"sphereRadius":253.994,"stabilizedPalmPosition":[72.6844,190.395,13.7451],"t":[3.18617,15.2808,-7.00249],"timeVisible":0.081241,"type":"right","wrist":[99.811,133.184,49.4888]}],"id":201052,"interactionBox":{"center":[0,200,0],"size":[235.247,235.247,147.751]},"pointables":[{"bases":[[[0.694714,0.581383,0.423516],[-0.443743,-0.116986,0.888486],[0.566096,-0.805176,0.176713]],[[0.617811,0.678245,0.397862],[-0.427952,-0.134454,0.893744],[0.659672,-0.722431,0.207189]],[[0.617811,0.678245,0.397862],[-0.70415,0.252004,0.663827],[0.349974,-0.690274,0.633277]],[[0.617811,0.678245,0.397862],[-0.785618,0.510939,0.34892],[0.0333705,-0.528134,0.848505]]],"btipPosition":[14.1765,216.492,-14.7676],"carpPosition":[61.9129,140.076,41.3737],"dipPosition":[15.0344,202.914,7.04746],"direction":[-0.349974,0.690274,-0.633277],"extended":false,"handId":334,"id":3340,"length":57.2524,"mcpPosition":[61.9129,140.076,41.3737],"pipPosition":[28.143,177.059,30.7673],"stabilizedTipPosition":[14.3097,214.141,13.5589],"timeVisible":0.081241,"tipPosition":[14.0469,213.938,-9.96193],"tipVelocity":[66.8139,-74.8627,-513.942],"tool":false,"touchDistance":1,"touchZone":"none","type":0,"width":21.2521},{"bases":[[[0.802088,-0.247561,-0.543478],[0.577422,0.553768,0.599937],[0.15244,-0.795019,0.587118]],[[0.794709,-0.212791,-0.56847],[0.549523,0.649992,0.524915],[0.257804,-0.729541,0.633488]],[[0.794709,-0.212791,-0.56847],[0.502602,0.755798,0.419716],[0.340337,-0.619266,0.707588]],[[0.794709,-0.212791,-0.56847],[0.475153,0.800869,0.364471],[0.377714,-0.559758,0.737566]]],"btipPosition":[56.1827,279.396,-69.8566],"carpPosition":[96.7389,162.181,35.6248],"dipPosition":[63.9354,267.906,-54.7178],"direction":[-0.340337,0.619266,-0.707588],"extended":true,"handId":334,"id":3343,"length":70.7778,"mcpPosition":[86.9463,213.253,-2.09124],"pipPosition":[74.2925,249.061,-33.1845],"stabilizedTipPosition":[55.9618,269.977,-66.8641],"timeVisible":0.081241,"tipPosition":[55.0703,270.956,-68.6333],"tipVelocity":[133.418,543.765,199.296],"tool":false,"touchDistance":0.473835,"touchZone":"hovering","type":3,"width":18.9716},{"bases":[[[0.707834,-0.425984,-0.563479],[0.706331,0.436094,0.557601],[0.0082004,-0.792691,0.609568]],[[0.702766,-0.337468,-0.626287],[0.69032,0.536292,0.485643],[0.171983,-0.773632,0.609849]],[[0.702766,-0.337468,-0.626287],[0.654585,0.651523,0.383453],[0.278637,-0.679436,0.67877]],[[0.702766,-0.337468,-0.626287],[0.640046,0.684239,0.349511],[0.310581,-0.646477,0.696855]]],"btipPosition":[85.7119,260.222,-62.7237],"carpPosition":[104.748,156.194,24.993],"dipPosition":[91.5929,247.981,-49.5285],"direction":[-0.278637,0.679436,-0.67877],"extended":true,"handId":334,"id":3344,"length":55.4885,"mcpPosition":[104.26,203.332,-11.2553],"pipPosition":[97.5798,233.382,-34.9442],"stabilizedTipPosition":[85.9555,253.348,-61.3259],"timeVisible":0.081241,"tipPosition":[82.5667,252.464,-61.202],"tipVelocity":[157.044,663.709,357.926],"tool":false,"touchDistance":0.551028,"touchZone":"hovering","type":4,"width":16.8521},{"bases":[[[0.837446,0.125461,-0.531924],[0.366896,0.592303,0.717332],[0.405057,-0.795888,0.449991]],[[0.897145,-0.0213707,-0.441219],[0.340961,0.668542,0.660906],[0.28085,-0.743367,0.607066]],[[0.897145,-0.0213707,-0.441219],[0.315019,0.731156,0.605123],[0.309668,-0.681875,0.662685]],[[0.897145,-0.0213707,-0.441219],[0.288974,0.783849,0.549613],[0.334104,-0.620583,0.709402]]],"btipPosition":[17.192,283.844,-45.0856],"carpPosition":[75.5011,158.959,48.4274],"dipPosition":[23.4629,272.196,-31.7705],"direction":[-0.309668,0.681875,-0.662685],"extended":true,"handId":334,"id":3341,"length":64.6029,"mcpPosition":[44.9404,219.007,14.4766],"pipPosition":[31.6853,254.091,-14.1747],"stabilizedTipPosition":[24.5849,271.174,-34.1124],"timeVisible":0.081241,"tipPosition":[20.4993,275.951,-45.796],"tipVelocity":[78.5872,312.707,-17.9937],"tool":false,"touchDistance":0.739073,"touchZone":"hovering","type":1,"width":20.3},{"bases":[[[0.809572,-0.0860438,-0.58068],[0.511998,0.587369,0.626782],[0.287143,-0.804732,0.519572]],[[0.816468,-0.106047,-0.567568],[0.463557,0.706434,0.534851],[0.344231,-0.699789,0.62594]],[[0.816468,-0.106047,-0.567568],[0.419611,0.78421,0.457102],[0.396618,-0.611367,0.684781]],[[0.816468,-0.106047,-0.567568],[0.41378,0.793046,0.447062],[0.402698,-0.599861,0.691377]]],"btipPosition":[26.883,288.155,-63.2201],"carpPosition":[86.3582,162.041,42.7632],"dipPosition":[35.1963,275.771,-48.9474],"direction":[-0.396618,0.611367,-0.684781],"extended":true,"handId":334,"id":3342,"length":73.6098,"mcpPosition":[65.8133,219.619,5.58816],"pipPosition":[47.5861,256.673,-27.5557],"stabilizedTipPosition":[32.7505,276.574,-55.8409],"timeVisible":0.081241,"tipPosition":[27.5075,279.178,-63.3149],"tipVelocity":[206.808,486.474,18.0881],"tool":false,"touchDistance":0.553168,"touchZone":"hovering","type":2,"width":19.9373}],"r":[[0.942707,0.173381,0.285031],[-0.166553,0.984853,-0.0482175],[-0.289074,-0.00201797,0.957305]],"s":1.12425,"t":[3.18617,15.2808,-7.00249],"timestamp":261050095995},{"currentFrameRate":33.0465,"devices":[],"gestures":[],"hands":[{"armBasis":[[0.881776,0.0925535,-0.462498],[0.0997731,0.921769,0.374684],[0.460994,-0.376532,0.803559]],"armWidth":66.4077,"confidence":0.453108,"direction":[-0.20829,0.874042,-0.438936],"elbow":[230.561,34.8106,272.512],"grabAngle":0.273963,"grabStrength":0,"id":334,"palmNormal":[-0.291993,-0.483883,-0.824983],"palmPosition":[74.9265,199.679,10.236],"palmVelocity":[268.558,430.965,-118.7],"palmWidth":93.3132,"pinchDistance":47.2277,"pinchStrength":0,"r":[[0.901669,0.227346,0.367841],[-0.219411,0.97354,-0.0638723],[-0.372629,-0.0231166,0.927693]],"s":1.16239,"sphereCenter":[0.462859,66.4823,-204.89],"sphereRadius":265.451,"stabilizedPalmPosition":[73.7534,194.821,12.0721],"t":[4.46743,19.5643,-8.54315],"timeVisible":0.092749,"type":"right","wrist":[102.915,139.07,50.0117]}],"id":201053,"interactionBox":{"center":[0,200,0],"size":[235.247,235.247,147.751]},"pointables":[{"bases":[[[0.596145,0.620925,0.508982],[-0.539375,-0.159854,0.826754],[0.594715,-0.767398,0.239615]],[[0.511566,0.717661,0.472507],[-0.498758,-0.19977,0.843405],[0.699672,-0.667124,0.255744]],[[0.511566,0.717661,0.472507],[-0.778585,0.154549,0.608211],[0.363464,-0.679027,0.637822]],[[0.511566,0.717661,0.472507],[-0.859214,0.422643,0.288314],[0.00720965,-0.553476,0.832834]]],"btipPosition":[15.6417,217.872,-20.1675],"carpPosition":[65.2585,144.058,38.2268],"dipPosition":[15.827,203.643,1.24466],"direction":[-0.363464,0.679027,-0.637822],"extended":false,"handId":334,"id":3340,"length":57.2524,"mcpPosition":[65.2585,144.058,38.2268],"pipPosition":[29.4408,178.209,25.1347],"stabilizedTipPosition":[14.3983,214.171,11.7008],"timeVisible":0.092749,"tipPosition":[18.2242,215.094,-17.4443],"tipVelocity":[113.876,106.922,-477.282],"tool":false,"touchDistance":0.888003,"touchZone":"hovering","type":0,"width":21.2521},{"bases":[[[0.877434,-0.184548,-0.442776],[0.460455,0.582827,0.669547],[0.134498,-0.791362,0.596369]],[[0.866534,-0.131454,-0.481497],[0.440357,0.65548,0.613541],[0.234959,-0.743684,0.625882]],[[0.866534,-0.131454,-0.481497],[0.403413,0.75251,0.520564],[0.293901,-0.645328,0.705105]],[[0.866534,-0.131454,-0.481497],[0.383621,0.792557,0.474012],[0.319303,-0.59546,0.737206]]],"btipPosition":[63.242,287.757,-68.6979],"carpPosition":[98.9123,168.558,36.9215],"dipPosition":[69.7958,275.535,-53.5666],"direction":[-0.293901,0.645328,-0.705105],"extended":true,"handId":334,"id":3343,"length":70.7778,"mcpPosition":[90.2722,219.394,-1.38882],"pipPosition":[78.7398,255.896,-32.1088],"stabilizedTipPosition":[60.3998,277.536,-66.0326],"timeVisible":0.092749,"tipPosition":[63.2668,277.917,-69.6238],"tipVelocity":[589.459,711.925,100.535],"tool":false,"touchDistance":0.477139,"touchZone":"hovering","type":3,"width":18.9716},{"bases":[[[0.798881,-0.368646,-0.475278],[0.601385,0.474808,0.642568],[-0.0112138,-0.799161,0.601013]],[[0.793657,-0.262514,-0.548812],[0.593054,0.534965,0.601746],[0.135629,-0.803056,0.580264]],[[0.793657,-0.262514,-0.548812],[0.563767,0.656396,0.501309],[0.228638,-0.70727,0.66895]],[[0.793657,-0.262514,-0.548812],[0.548528,0.698932,0.458924],[0.263109,-0.665267,0.698708]]],"btipPosition":[94.0539,269.794,-58.5705],"carpPosition":[108.55,163.284,27.3125],"dipPosition":[99.036,257.197,-45.3401],"direction":[-0.228638,0.70727,-0.66895],"extended":true,"handId":334,"id":3344,"length":55.4885,"mcpPosition":[109.217,210.806,-8.42719],"pipPosition":[103.949,242,-30.9668],"stabilizedTipPosition":[91.6293,261.664,-57.767],"timeVisible":0.092749,"tipPosition":[91.4088,260.704,-59.344],"tipVelocity":[706.918,824.63,361.602],"tool":false,"touchDistance":0.591679,"touchZone":"hovering","type":4,"width":16.8521},{"bases":[[[0.88524,0.189803,-0.424646],[0.235053,0.605257,0.760535],[0.401372,-0.773071,0.491184]],[[0.935305,0.0720702,-0.346424],[0.224821,0.634979,0.739092],[0.273238,-0.769161,0.577696]],[[0.935305,0.0720702,-0.346424],[0.183129,0.739126,0.648195],[0.302767,-0.669701,0.67811]],[[0.935305,0.0720702,-0.346424],[0.163273,0.780676,0.603231],[0.31392,-0.620767,0.718403]]],"btipPosition":[19.4391,287.775,-48.8049],"carpPosition":[76.5489,163.713,47.0085],"dipPosition":[25.3312,276.124,-35.3209],"direction":[-0.302767,0.669701,-0.67811],"extended":true,"handId":334,"id":3341,"length":64.6029,"mcpPosition":[46.2662,222.04,9.94965],"pipPosition":[33.3703,258.342,-17.3155],"stabilizedTipPosition":[23.5745,274.885,-37.2022],"timeVisible":0.092749,"tipPosition":[24.4041,279.661,-50.9646],"tipVelocity":[187.692,341.49,-319.817],"tool":false,"touchDistance":0.643292,"touchZone":"hovering","type":1,"width":20.3},{"bases":[[[0.8782,-0.0223676,-0.477771],[0.390085,0.611512,0.688394],[0.276765,-0.790919,0.545755]],[[0.870306,-0.000738782,-0.492511],[0.33522,0.733511,0.59126],[0.360825,-0.679677,0.638627]],[[0.870306,-0.000738782,-0.492511],[0.33522,0.733511,0.59126],[0.360825,-0.679677,0.638627]],[[0.870306,-0.000738782,-0.492511],[0.301494,0.791536,0.531576],[0.389447,-0.611123,0.689101]]],"btipPosition":[29.5553,294.035,-64.3049],"carpPosition":[87.775,167.608,42.7348],"dipPosition":[37.5951,281.419,-50.0791],"direction":[-0.360825,0.679677,-0.638627],"extended":true,"handId":334,"id":3342,"length":73.6098,"mcpPosition":[67.9727,224.198,3.68641],"pipPosition":[48.8668,260.187,-30.1292],"stabilizedTipPosition":[32.2503,281.984,-57.7702],"timeVisible":0.092749,"tipPosition":[33.4345,284.762,-66.6135],"tipVelocity":[226.75,506.327,-95.203],"tool":false,"touchDistance":0.51475,"touchZone":"hovering","type":2,"width":19.9373}],"r":[[0.901669,0.227346,0.367841],[-0.219411,0.97354,-0.0638723],[-0.372629,-0.0231166,0.927693]],"s":1.16239,"t":[4.46743,19.5643,-8.54315],"timestamp":261050107503},{"currentFrameRate":36.2799,"devices":[],"gestures":[],"hands":[{"armBasis":[[0.888238,0.0942538,-0.44961],[0.110609,0.906052,0.408456],[0.445868,-0.412537,0.794364]],"armWidth":66.4077,"confidence":0.494795,"direction":[-0.206784,0.875965,-0.435804],"elbow":[225.62,26.1612,268.825],"grabAngle":0.245143,"grabStrength":0,"id":334,"palmNormal":[-0.289547,-0.480268,-0.827952],"palmPosition":[74.5019,201.464,9.46439],"palmVelocity":[-41.587,174.842,-75.5732],"palmWidth":93.3132,"pinchDistance":48.9821,"pinchStrength":0,"r":[[0.861111,0.268278,0.431875],[-0.259964,0.962343,-0.0794604],[-0.436929,-0.0438479,0.898427]],"s":1.19153,"sphereCenter":[9.33558,81.3881,-198.736],"sphereRadius":251.384,"stabilizedPalmPosition":[74.0807,197.726,10.9318],"t":[4.89576,22.5985,-9.69928],"timeVisible":0.102959,"type":"right","wrist":[102.162,140.39,48.8706]}],"id":201054,"interactionBox":{"center":[0,200,0],"size":[235.247,235.247,147.751]},"pointables":[{"bases":[[[0.594693,0.618611,0.513479],[-0.541939,-0.163309,0.824399],[0.593837,-0.768538,0.23813]],[[0.504516,0.7213,0.474541],[-0.499085,-0.204857,0.841991],[0.704541,-0.661634,0.256637]],[[0.504516,0.7213,0.474541],[-0.778777,0.142864,0.610817],[0.372787,-0.677728,0.633809]],[[0.504516,0.7213,0.474541],[-0.86324,0.410729,0.29346],[0.0167646,-0.557698,0.829875]]],"btipPosition":[14.277,219.318,-21.0281],"carpPosition":[64.7379,145.725,37.1855],"dipPosition":[14.708,204.98,0.307982],"direction":[-0.372787,0.677728,-0.633809],"extended":false,"handId":334,"id":3340,"length":57.2524,"mcpPosition":[64.7379,145.725,37.1855],"pipPosition":[28.671,179.595,24.0477],"stabilizedTipPosition":[14.3966,214.312,9.57532],"timeVisible":0.102959,"tipPosition":[17.6516,216.942,-18.175],"tipVelocity":[-128.128,139.164,-86.0033],"tool":false,"touchDistance":0.819364,"touchZone":"hovering","type":0,"width":21.2521},{"bases":[[[0.878756,-0.18281,-0.440873],[0.458504,0.579848,0.673461],[0.132524,-0.79395,0.593364]],[[0.867319,-0.126767,-0.48134],[0.444769,0.631525,0.635103],[0.223468,-0.764922,0.604116]],[[0.867319,-0.126767,-0.48134],[0.414529,0.719275,0.557503],[0.275543,-0.683062,0.676389]],[[0.867319,-0.126767,-0.48134],[0.390692,0.772553,0.500521],[0.308411,-0.622167,0.719577]]],"btipPosition":[64.2028,292.328,-67.0333],"carpPosition":[98.4,170.223,36.0891],"dipPosition":[70.533,279.558,-52.2638],"direction":[-0.275543,0.683062,-0.676389],"extended":true,"handId":334,"id":3343,"length":70.7778,"mcpPosition":[89.8868,221.226,-2.02825],"pipPosition":[78.9184,258.771,-31.6799],"stabilizedTipPosition":[63.0201,283.443,-64.8386],"timeVisible":0.102959,"tipPosition":[63.56,281.722,-68.9355],"tipVelocity":[89.0714,435.346,154.891],"tool":false,"touchDistance":0.48648,"touchZone":"hovering","type":3,"width":18.9716},{"bases":[[[0.800269,-0.36675,-0.474409],[0.599496,0.471919,0.64645],[-0.0132031,-0.80174,0.597527]],[[0.793536,-0.24507,-0.556993],[0.595261,0.502672,0.626886],[0.126354,-0.829013,0.544769]],[[0.793536,-0.24507,-0.556993],[0.568891,0.623694,0.536068],[0.216019,-0.742258,0.634342]],[[0.793536,-0.24507,-0.556993],[0.549399,0.682097,0.482602],[0.261652,-0.688973,0.67591]]],"btipPosition":[94.3474,273.862,-56.6346],"carpPosition":[108.066,164.989,26.487],"dipPosition":[99.3019,260.816,-43.8359],"direction":[-0.216019,0.742258,-0.634342],"extended":true,"handId":334,"id":3344,"length":55.4885,"mcpPosition":[108.851,212.665,-9.04538],"pipPosition":[103.943,244.867,-30.2063],"stabilizedTipPosition":[93.8574,266.976,-55.4127],"timeVisible":0.102959,"tipPosition":[91.9212,264.13,-58.7836],"tipVelocity":[28.1264,388.288,179.882],"tool":false,"touchDistance":0.593393,"touchZone":"hovering","type":4,"width":16.8521},{"bases":[[[0.886574,0.191459,-0.421107],[0.232828,0.60193,0.763853],[0.399723,-0.775257,0.489078]],[[0.93738,0.0703223,-0.341135],[0.230331,0.609535,0.758561],[0.261278,-0.789634,0.555168]],[[0.93738,0.0703223,-0.341135],[0.186105,0.726759,0.661201],[0.29442,-0.683283,0.668162]],[[0.93738,0.0703223,-0.341135],[0.168445,0.765735,0.620707],[0.304869,-0.639301,0.705939]]],"btipPosition":[19.9755,291.242,-48.0067],"carpPosition":[76.0049,165.34,46.0864],"dipPosition":[25.6977,279.242,-34.7567],"direction":[-0.29442,0.683284,-0.668162],"extended":true,"handId":334,"id":3341,"length":64.6029,"mcpPosition":[45.8466,223.832,9.18644],"pipPosition":[33.5153,261.1,-17.0154],"stabilizedTipPosition":[22.8945,278.935,-39.5125],"timeVisible":0.102959,"tipPosition":[23.8383,282.523,-50.7625],"tipVelocity":[48.7161,331.687,72.9002],"tool":false,"touchDistance":0.623461,"touchZone":"hovering","type":1,"width":20.3},{"bases":[[[0.879658,-0.0204801,-0.475166],[0.388081,0.608466,0.692216],[0.274945,-0.793316,0.54319]],[[0.873766,-0.00402264,-0.486329],[0.339469,0.721118,0.603945],[0.348271,-0.692801,0.631454]],[[0.873766,-0.00402264,-0.486329],[0.339469,0.721118,0.603945],[0.348271,-0.692801,0.631454]],[[0.873766,-0.00402264,-0.486329],[0.317438,0.762308,0.564022],[0.368464,-0.647202,0.667356]]],"btipPosition":[30.6454,297.699,-63.9393],"carpPosition":[87.2448,169.251,41.864],"dipPosition":[38.252,284.339,-50.1625],"direction":[-0.348271,0.692801,-0.631454],"extended":true,"handId":334,"id":3342,"length":73.6098,"mcpPosition":[67.5727,226.012,2.99918],"pipPosition":[49.1315,262.696,-30.4366],"stabilizedTipPosition":[32.3083,287.056,-58.9739],"timeVisible":0.102959,"tipPosition":[33.1601,287.79,-66.4],"tipVelocity":[97.0073,342.103,25.6911],"tool":false,"touchDistance":0.500543,"touchZone":"hovering","type":2,"width":19.9373}],"r":[[0.861111,0.268278,0.431875],[-0.259964,0.962343,-0.0794604],[-0.436929,-0.0438479,0.898427]],"s":1.19153,"t":[4.89576,22.5985,-9.69928],"timestamp":261050117713},{"currentFrameRate":39.3411,"devices":[],"gestures":[],"hands":[{"armBasis":[[-0.839054,-0.264267,0.475553],[0.0519616,-0.909032,-0.413473],[0.541561,-0.322216,0.776459]],"armWidth":66.4077,"confidence":0.534535,"direction":[-0.185909,0.898863,-0.396842],"elbow":[229.337,31.3577,256.355],"grabAngle":0,"grabStrength":0,"id":334,"palmNormal":[0.0951188,0.41845,0.903245],"palmPosition":[68.4097,187.903,8.00553],"palmVelocity":[-593.436,-1321.03,-142.106],"palmWidth":93.3132,"pinchDistance":74.332,"pinchStrength":0,"r":[[0.848836,0.266261,0.456707],[-0.166265,0.954523,-0.247469],[-0.501829,0.134127,0.854504]],"s":1.24079,"sphereCenter":[23.5318,160.787,-181.244],"sphereRadius":192.55,"stabilizedPalmPosition":[70.289,191.158,8.97525],"t":[2.06381,17.3348,-11.0068],"timeVisible":0.113225,"type":"right","wrist":[79.3821,120.577,41.3587]}],"id":201055,"interactionBox":{"center":[0,200,0],"size":[235.247,235.247,147.751]},"pointables":[{"bases":[[[-0.514879,-0.251257,-0.819615],[0.817065,-0.433167,-0.380487],[-0.25943,-0.865584,0.428322]],[[-0.476085,-0.134681,-0.869025],[0.743508,-0.589364,-0.315983],[-0.469615,-0.796562,0.380724]],[[-0.476085,-0.134681,-0.869025],[0.876313,-0.155376,-0.455998],[-0.0736108,-0.978631,0.191995]],[[-0.476085,-0.134681,-0.869025],[0.787779,0.373869,-0.489517],[0.39083,-0.917651,-0.0718941]]],"btipPosition":[117.686,241.565,9.04676],"carpPosition":[100.936,140.539,33.8797],"dipPosition":[127.734,217.972,7.19836],"direction":[0.0736108,0.978631,-0.191995],"extended":true,"handId":334,"id":3340,"length":57.2524,"mcpPosition":[100.936,140.539,33.8797],"pipPosition":[124.977,181.317,14.3897],"stabilizedTipPosition":[36.9027,218.964,9.37206],"timeVisible":0.113225,"tipPosition":[112.402,238.486,12.1611],"tipVelocity":[10288.4,1959.71,2410.13],"tool":false,"touchDista