{"frames":157,"data":[{"currentFrameRate":24.7675,"devices":[],"gestures":[],"hands":[{"armBasis":[[-0.7467,-0.246862,0.617655],[0.0906182,-0.957677,-0.27321],[0.658959,-0.148035,0.737468]],"armWidth":66.4077,"confidence":0.20208,"direction":[-0.267552,0.891101,-0.366544],"elbow":[270.061,54.9776,263.986],"grabAngle":0.0539685,"grabStrength":0,"id":335,"palmNormal":[0.186677,0.421143,0.887575],"palmPosition":[69.4482,161.458,27.4748],"palmVelocity":[-60.9739,130.225,-111.3],"palmWidth":93.3132,"pinchDistance":71.6631,"pinchStrength":0,"r":[[0.999847,-0.015488,0.00813242],[0.0151959,0.999278,0.0348328],[-0.00866604,-0.0347039,0.99936]],"s":1.0036,"sphereCenter":[2.63913,171.373,-50.5813],"sphereRadius":104.833,"stabilizedPalmPosition":[71.6024,156.857,31.4069],"t":[-1.18579,2.53254,-2.1645],"timeVisible":0.038895,"type":"right","wrist":[87.599,95.9676,59.7862]}],"id":201530,"interactionBox":{"center":[0,200,0],"size":[235.247,235.247,147.751]},"pointables":[{"bases":[[[-0.599558,-0.270823,-0.753117],[0.781693,-0.400058,-0.478445],[-0.171716,-0.875562,0.451559]],[[-0.573555,-0.159859,-0.803417],[0.71547,-0.575379,-0.396285],[-0.39892,-0.802113,0.444386]],[[-0.573555,-0.159859,-0.803417],[0.814526,-0.00703765,-0.580085],[0.0870775,-0.987115,0.134246]],[[-0.573555,-0.159859,-0.803417],[0.685831,0.442628,-0.577682],[0.447963,-0.882341,-0.144236]]],"btipPosition":[112.334,216.122,24.9129],"carpPosition":[106.691,115.402,48.9819],"dipPosition":[123.851,193.437,21.2046],"direction":[-0.0870775,0.987115,-0.134246],"extended":true,"handId":335,"id":3350,"length":57.2524,"mcpPosition":[106.691,115.402,48.9819],"pipPosition":[127.113,156.464,26.2328],"stabilizedTipPosition":[113.999,207.099,20.6007],"timeVisible":0.038895,"tipPosition":[115.427,209.962,26.288],"tipVelocity":[26.5465,102.675,93.3459],"tool":false,"touchDistance":1,"touchZone":"none","type":0,"width":21.2521},{"bases":[[[-0.908981,-0.0981557,0.405117],[-0.360728,-0.301776,-0.8825],[0.208877,-0.948313,0.238901]],[[-0.86887,-0.235217,0.43559],[-0.338617,-0.35947,-0.869551],[0.361115,-0.903025,0.232684]],[[-0.86887,-0.235217,0.43559],[-0.362674,-0.296451,-0.883507],[0.336947,-0.925629,0.17227]],[[-0.86887,-0.235217,0.43559],[-0.403788,-0.172306,-0.89848],[0.286392,-0.956548,0.0547334]]],"btipPosition":[29.0913,279.541,-5.59121],"carpPosition":[79.5955,115.212,30.3341],"dipPosition":[35.0035,259.794,-4.4613],"direction":[-0.336947,0.925629,-0.17227],"extended":true,"handId":335,"id":3352,"length":73.6098,"mcpPosition":[64.6505,183.063,13.2409],"pipPosition":[45.5293,230.879,0.920201],"stabilizedTipPosition":[32.2019,271.758,-6.13586],"timeVisible":0.038895,"tipPosition":[35.7155,274.571,-1.87333],"tipVelocity":[-193.632,358.467,88.9783],"tool":false,"touchDistance":1,"touchZone":"none","type":2,"width":19.9373},{"bases":[[[-0.838538,-0.213608,0.501224],[-0.417906,-0.338094,-0.843236],[0.349582,-0.91655,0.194237]],[[-0.84152,-0.205701,0.499531],[-0.408017,-0.364034,-0.837258],[0.354071,-0.908387,0.222412]],[[-0.84152,-0.205701,0.499531],[-0.420612,-0.330788,-0.844787],[0.339012,-0.921014,0.191845]],[[-0.84152,-0.205701,0.499531],[-0.420612,-0.330788,-0.844787],[0.339012,-0.921014,0.191845]]],"btipPosition":[10.5801,264.898,1.22711],"carpPosition":[67.6909,114.501,34.3972],"dipPosition":[17.5384,245.994,5.16478],"direction":[-0.339012,0.921014,-0.191845],"extended":true,"handId":335,"id":3353,"length":70.7778,"mcpPosition":[45.234,173.379,21.9196],"pipPosition":[27.8552,217.965,11.003],"stabilizedTipPosition":[15.6403,255.336,5.61453],"timeVisible":0.038895,"tipPosition":[15.9524,260.325,7.21343],"tipVelocity":[-203.478,306.652,-204.767],"tool":false,"touchDistance":1,"touchZone":"none","type":3,"width":18.9716},{"bases":[[[-0.97679,-0.01703,0.213521],[-0.200193,-0.281964,-0.938307],[0.0761847,-0.959274,0.27201]],[[-0.894169,-0.338881,0.292611],[-0.160329,-0.367852,-0.915958],[0.418039,-0.865936,0.274589]],[[-0.894169,-0.338881,0.292611],[-0.186071,-0.31317,-0.931291],[0.407234,-0.887178,0.216971]],[[-0.894169,-0.338881,0.292611],[-0.186071,-0.31317,-0.931291],[0.407234,-0.887178,0.216971]]],"btipPosition":[48.2586,268.79,-13.8464],"carpPosition":[92.193,115.337,29.4692],"dipPosition":[55.9021,252.138,-9.77404],"direction":[-0.407234,0.887178,-0.216971],"extended":true,"handId":335,"id":3351,"length":64.6029,"mcpPosition":[86.445,187.713,8.94663],"pipPosition":[66.7151,228.582,-4.01296],"stabilizedTipPosition":[52.2855,258.798,-18.2374],"timeVisible":0.038895,"tipPosition":[55.8739,264.015,-14.0985],"tipVelocity":[-160.153,434.967,376.052],"tool":false,"touchDistance":1,"touchZone":"none","type":1,"width":20.3},{"bases":[[[-0.711788,-0.259434,0.652727],[-0.510705,-0.44684,-0.734517],[0.482223,-0.856171,0.185561]],[[-0.790838,-0.0909981,0.605223],[-0.516716,-0.430684,-0.739943],[0.327993,-0.897903,0.293582]],[[-0.790838,-0.0909981,0.605223],[-0.527521,-0.400047,-0.749456],[0.310317,-0.911966,0.268369]],[[-0.790838,-0.0909981,0.605223],[-0.543357,-0.350719,-0.762732],[0.28167,-0.932049,0.227917]]],"btipPosition":[4.82617,236.565,12.9601],"carpPosition":[58.2435,113.531,45.4804],"dipPosition":[10.1597,218.916,17.2758],"direction":[-0.310317,0.911966,-0.268369],"extended":true,"handId":335,"id":3354,"length":55.4885,"mcpPosition":[29.5678,164.443,34.4459],"pipPosition":[16.8273,199.321,23.0421],"stabilizedTipPosition":[12.6873,226.789,23.0184],"timeVisible":0.038895,"tipPosition":[9.59337,232.648,19.1955],"tipVelocity":[-252.202,217.319,-344.626],"tool":false,"touchDistance":1,"touchZone":"none","type":4,"width":16.8521}],"r":[[0.999847,-0.015488,0.00813242],[0.0151959,0.999278,0.0348328],[-0.00866604,-0.0347039,0.99936]],"s":1.0036,"t":[-1.18579,2.53254,-2.1645],"timestamp":261064816850},{"currentFrameRate":25.344,"devices":[],"gestures":[],"hands":[{"armBasis":[[-0.743725,-0.239113,0.624259],[0.0624229,-0.9546,-0.291276],[0.665565,-0.177661,0.724886]],"armWidth":66.4077,"confidence":0.372098,"direction":[-0.265958,0.897065,-0.352902],"elbow":[269.988,48.9249,254.621],"grabAngle":0.0817587,"grabStrength":0,"id":335,"palmNormal":[0.223252,0.413453,0.882732],"palmPosition":[67.725,164.188,22.4684],"palmVelocity":[-48.8182,77.3583,-141.828],"palmWidth":93.3132,"pinchDistance":72.5916,"pinchStrength":0,"r":[[0.999487,-0.0311805,0.00737764],[0.030649,0.997503,0.0636292],[-0.00934321,-0.0633705,0.997946]],"s":1.00847,"sphereCenter":[14.7453,190.445,-10.6915],"sphereRadius":72.6953,"stabilizedPalmPosition":[71.4043,157.232,30.9503],"t":[-2.6403,5.16415,-5.74994],"timeVisible":0.074194,"type":"right","wrist":[85.6967,98.1181,53.9051]}],"id":201531,"interactionBox":{"center":[0,200,0],"size":[235.247,235.247,147.751]},"pointables":[{"bases":[[[-0.628939,-0.257524,-0.733565],[0.758669,-0.40946,-0.506718],[-0.169873,-0.875228,0.452901]],[[-0.599298,-0.133639,-0.789293],[0.691038,-0.584091,-0.425799],[-0.404115,-0.800611,0.442394]],[[-0.599298,-0.133639,-0.789293],[0.799832,-0.058917,-0.597325],[0.0333232,-0.989277,0.142198]],[[-0.599298,-0.133639,-0.789293],[0.692548,0.407982,-0.594918],[0.401521,-0.903156,-0.151951]]],"btipPosition":[114.072,218.71,18.405],"carpPosition":[104.956,117.451,42.4716],"dipPosition":[124.396,195.49,14.4984],"direction":[-0.0333232,0.989277,-0.142198],"extended":true,"handId":335,"id":3350,"length":57.2524,"mcpPosition":[104.956,117.451,42.4716],"pipPosition":[125.644,158.436,19.8245],"stabilizedTipPosition":[114.054,207.239,20.5316],"timeVisible":0.074194,"tipPosition":[114.708,212.202,19.5693],"tipVelocity":[41.4708,69.8251,-185.656],"tool":false,"touchDistance":1,"touchZone":"none","type":0,"width":21.2521},{"bases":[[[-0.824246,-0.203372,0.528448],[-0.451522,-0.327096,-0.830142],[0.341681,-0.922848,0.17778]],[[-0.829741,-0.188205,0.525461],[-0.424978,-0.397279,-0.813365],[0.361834,-0.898191,0.249656]],[[-0.829741,-0.188205,0.525461],[-0.453833,-0.320533,-0.831441],[0.324909,-0.928352,0.180546]],[[-0.829741,-0.188205,0.525461],[-0.476192,-0.252392,-0.842342],[0.291155,-0.949145,0.119799]]],"btipPosition":[9.90088,268.329,-2.4083],"carpPosition":[65.4737,117.227,29.2193],"dipPosition":[15.8769,248.848,0.0506005],"direction":[-0.324909,0.928352,-0.180546],"extended":true,"handId":335,"id":3353,"length":70.7778,"mcpPosition":[43.5244,176.511,17.7988],"pipPosition":[25.7646,220.596,5.54498],"stabilizedTipPosition":[14.216,258.113,3.18121],"timeVisible":0.074194,"tipPosition":[14.7592,263.962,3.92837],"tipVelocity":[-25.6415,93.454,-112.624],"tool":false,"touchDistance":1,"touchZone":"none","type":3,"width":18.9716},{"bases":[[[-0.969118,-0.00315039,0.246576],[-0.236318,-0.273811,-0.932299],[0.0704523,-0.961778,0.264611]],[[-0.888974,-0.326425,0.321205],[-0.216825,-0.317783,-0.923039],[0.403377,-0.890202,0.211724]],[[-0.888974,-0.326425,0.321205],[-0.250737,-0.23999,-0.937836],[0.383219,-0.914249,0.131498]],[[-0.888974,-0.326425,0.321205],[-0.250737,-0.23999,-0.937836],[0.383219,-0.914249,0.131498]]],"btipPosition":[48.0827,273.728,-12.4528],"carpPosition":[89.8042,117.714,23.4639],"dipPosition":[55.2755,256.568,-9.98465],"direction":[-0.383219,0.914249,-0.131498],"extended":true,"handId":335,"id":3351,"length":64.6029,"mcpPosition":[84.4888,190.278,3.49951],"pipPosition":[65.4509,232.292,-6.49306],"stabilizedTipPosition":[50.3688,267.058,-13.4598],"timeVisible":0.074194,"tipPosition":[53.0389,267.905,-16.3559],"tipVelocity":[-7.91877,136.564,29.0284],"tool":false,"touchDistance":1,"touchZone":"none","type":1,"width":20.3},{"bases":[[[-0.896109,-0.0863366,0.435356],[-0.395152,-0.291451,-0.871155],[0.202098,-0.952682,0.227056]],[[-0.860457,-0.214639,0.462109],[-0.37033,-0.359468,-0.856527],[0.349957,-0.908137,0.229819]],[[-0.860457,-0.214639,0.462109],[-0.408886,-0.250266,-0.877598],[0.304017,-0.944085,0.12758]],[[-0.860457,-0.214639,0.462109],[-0.435484,-0.16103,-0.885676],[0.264514,-0.963327,0.0450878]]],"btipPosition":[29.295,283.406,-8.57433],"carpPosition":[77.2431,117.777,24.7567],"dipPosition":[34.7556,263.519,-7.64354],"direction":[-0.304017,0.944085,-0.12758],"extended":true,"handId":335,"id":3352,"length":73.6098,"mcpPosition":[62.7831,185.941,8.51096],"pipPosition":[44.2527,234.027,-3.65809],"stabilizedTipPosition":[31.2455,275.856,-7.42438],"timeVisible":0.074194,"tipPosition":[34.4573,278.029,-5.40843],"tipVelocity":[2.8281,108.586,-85.8074],"tool":false,"touchDistance":1,"touchZone":"none","type":2,"width":19.9373},{"bases":[[[-0.69315,-0.251955,0.675323],[-0.542253,-0.434983,-0.718854],[0.474873,-0.86447,0.164885]],[[-0.773906,-0.0745594,0.628897],[-0.523462,-0.483623,-0.701496],[0.356452,-0.872095,0.335249]],[[-0.773906,-0.0745594,0.628897],[-0.56462,-0.368538,-0.738501],[0.286834,-0.926618,0.243116]],[[-0.773906,-0.0745594,0.628897],[-0.56462,-0.368538,-0.738501],[0.286834,-0.926618,0.243116]]],"btipPosition":[2.71539,239.081,7.95842],"carpPosition":[56.3944,116.343,40.613],"dipPosition":[8.14673,221.535,12.5619],"direction":[-0.286834,0.926618,-0.243116],"extended":true,"handId":335,"id":3354,"length":55.4885,"mcpPosition":[28.1557,167.75,30.808],"pipPosition":[14.3097,201.625,17.7856],"stabilizedTipPosition":[11.3106,228.092,20.8087],"timeVisible":0.074194,"tipPosition":[7.9118,236.112,15.2685],"tipVelocity":[-59.1601,71.9392,-139.82],"tool":false,"touchDistance":1,"touchZone":"none","type":4,"width":16.8521}],"r":[[0.999487,-0.0311805,0.00737764],[0.030649,0.997503,0.0636292],[-0.00934321,-0.0633705,0.997946]],"s":1.00847,"t":[-2.6403,5.16415,-5.74994],"timestamp":261064852149},{"currentFrameRate":27.6673,"devices":[],"gestures":[],"hands":[{"armBasis":[[-0.750776,-0.292891,0.592073],[0.108147,-0.938731,-0.327242],[0.651644,-0.181654,0.736452]],"armWidth":66.4077,"confidence":0.459997,"direction":[-0.268228,0.907675,-0.322769],"elbow":[265.983,46.1274,252.352],"grabAngle":0.142779,"grabStrength":0,"id":335,"palmNormal":[0.158137,0.371987,0.914668],"palmPosition":[67.3503,163.445,19.4988],"palmVelocity":[-18.5394,-36.8022,-146.961],"palmWidth":93.3132,"pinchDistance":55.0009,"pinchStrength":0,"r":[[0.999068,-0.0390109,0.0184666],[0.0370413,0.994586,0.0970911],[-0.0221543,-0.0963166,0.995104]],"s":1.01244,"sphereCenter":[76.9164,244.036,188.712],"sphereRadius":191.961,"stabilizedPalmPosition":[71.346,157.321,30.7856],"t":[-3.55487,6.10812,-9.02748],"timeVisible":0.094401,"type":"right","wrist":[85.5474,96.4264,48.4333]}],"id":201532,"interactionBox":{"center":[0,200,0],"size":[235.247,235.247,147.751]},"pointables":[{"bases":[[[-0.576175,-0.233784,-0.783178],[0.798744,-0.364221,-0.478905],[-0.17329,-0.901492,0.396589]],[[-0.547575,-0.110195,-0.829469],[0.740667,-0.525058,-0.419198],[-0.389326,-0.843902,0.369126]],[[-0.547575,-0.110195,-0.829469],[0.836402,-0.0432236,-0.546409],[0.0243588,-0.99297,0.115835]],[[-0.547575,-0.110195,-0.829469],[0.704738,0.473696,-0.528164],[0.451117,-0.873767,-0.181725]]],"btipPosition":[111.97,219.485,20.8101],"carpPosition":[104.55,116.627,39.373],"dipPosition":[123.569,197.021,16.1379],"direction":[-0.0243588,0.99297,-0.115835],"extended":true,"handId":335,"id":3350,"length":57.2524,"mcpPosition":[104.55,116.627,39.373],"pipPosition":[124.481,159.828,20.4766],"stabilizedTipPosition":[114.063,207.351,20.519],"timeVisible":0.094401,"tipPosition":[113.165,212.712,21.8678],"tipVelocity":[-89.5168,46.9791,110.308],"tool":false,"touchDistance":1,"touchZone":"none","type":0,"width":21.2521},{"bases":[[[-0.91817,-0.130307,0.374144],[-0.333655,-0.254892,-0.907582],[0.213631,-0.958149,0.190557]],[[-0.888314,-0.237254,0.393204],[-0.332923,-0.257063,-0.907238],[0.316324,-0.936819,0.149365]],[[-0.888314,-0.237254,0.393204],[-0.366591,-0.149363,-0.918315],[0.276604,-0.959897,0.0457061]],[[-0.888314,-0.237254,0.393204],[-0.366591,-0.149363,-0.918315],[0.276604,-0.959897,0.0457061]]],"btipPosition":[31.5767,285.18,-3.89775],"carpPosition":[77.9623,117.218,20.0167],"dipPosition":[37.2869,265.364,-2.95419],"direction":[-0.276604,0.959897,-0.0457061],"extended":true,"handId":335,"id":3352,"length":73.6098,"mcpPosition":[62.6772,185.773,6.38255],"pipPosition":[45.9277,235.378,-1.52639],"stabilizedTipPosition":[31.6662,277.075,-6.46675],"timeVisible":0.094401,"tipPosition":[32.8062,278.628,-4.3061],"tipVelocity":[115.759,88.5693,231.579],"tool":false,"touchDistance":1,"touchZone":"none","type":2,"width":19.9373},{"bases":[[[-0.848942,-0.250299,0.465454],[-0.391421,-0.293964,-0.871994],[0.355086,-0.922462,0.151587]],[[-0.852582,-0.240711,0.463855],[-0.38592,-0.308494,-0.869423],[0.352376,-0.920266,0.170122]],[[-0.852582,-0.240711,0.463855],[-0.415696,-0.225529,-0.881098],[0.316702,-0.944031,0.0922192]],[[-0.852582,-0.240711,0.463855],[-0.415696,-0.225529,-0.881098],[0.316702,-0.944031,0.0922192]]],"btipPosition":[9.71913,268.688,0.921927],"carpPosition":[65.9635,116.155,23.709],"dipPosition":[16.2195,249.311,2.81475],"direction":[-0.316702,0.944031,-0.0922192],"extended":true,"handId":335,"id":3353,"length":70.7778,"mcpPosition":[43.153,175.413,13.9712],"pipPosition":[25.8574,220.582,5.62117],"stabilizedTipPosition":[13.9509,258.654,3.02012],"timeVisible":0.094401,"tipPosition":[12.4783,263.146,2.4184],"tipVelocity":[-3.026,18.9298,158.362],"tool":false,"touchDistance":1,"touchZone":"none","type":3,"width":18.9716},{"bases":[[[-0.981833,-0.0391393,0.185667],[-0.171943,-0.230299,-0.957809],[0.0802469,-0.972332,0.219386]],[[-0.924258,-0.298707,0.237743],[-0.187653,-0.186855,-0.964298],[0.332466,-0.935874,0.116649]],[[-0.924258,-0.298707,0.237743],[-0.226053,-0.0736334,-0.971328],[0.307648,-0.9515,0.000532733]],[[-0.924258,-0.298707,0.237743],[-0.226053,-0.0736334,-0.971328],[0.307648,-0.9515,0.000532733]]],"btipPosition":[54.8871,278.175,-2.57968],"carpPosition":[90.5759,117.521,19.5021],"dipPosition":[60.6615,260.316,-2.56968],"direction":[-0.307648,0.9515,-0.000532733],"extended":true,"handId":335,"id":3351,"length":64.6029,"mcpPosition":[84.5214,190.882,2.94985],"pipPosition":[68.8302,235.052,-2.55553],"stabilizedTipPosition":[53.4443,270.746,-7.735],"timeVisible":0.094401,"tipPosition":[54.1559,271.266,-8.94807],"tipVelocity":[320.59,212.15,460.62],"tool":false,"touchDistance":0.333333,"touchZone":"none","type":1,"width":20.3},{"bases":[[[-0.725717,-0.303346,0.617508],[-0.485779,-0.409651,-0.772143],[0.487189,-0.86033,0.149932]],[[-0.805439,-0.133363,0.57748],[-0.490166,-0.397846,-0.775536],[0.333176,-0.907707,0.255071]],[[-0.805439,-0.133363,0.57748],[-0.52945,-0.276003,-0.802188],[0.266368,-0.95186,0.151695]],[[-0.805439,-0.133363,0.57748],[-0.548237,-0.202543,-0.811426],[0.225179,-0.97015,0.090022]]],"btipPosition":[4.33799,239.702,10.672],"carpPosition":[56.238,114.461,34.4597],"dipPosition":[8.60185,221.331,12.3766],"direction":[-0.266368,0.95186,-0.151695],"extended":true,"handId":335,"id":3354,"length":55.4885,"mcpPosition":[27.2669,165.621,25.5439],"pipPosition":[14.3251,200.879,15.636],"stabilizedTipPosition":[10.904,228.593,20.1474],"timeVisible":0.094401,"tipPosition":[5.89384,234.605,11.8833],"tipVelocity":[67.0104,21.3519,101.294],"tool":false,"touchDistance":1,"touchZone":"none","type":4,"width":16.8521}],"r":[[0.999068,-0.0390109,0.0184666],[0.0370413,0.994586,0.0970911],[-0.0221543,-0.0963166,0.995104]],"s":1.01244,"t":[-3.55487,6.10812,-9.02748],"timestamp":261064872356},{"currentFrameRate":29.6932,"devices":[],"gestures":[],"hands":[{"armBasis":[[-0.76269,-0.324442,0.559501],[0.130108,-0.924358,-0.358656],[0.633542,-0.200748,0.747211]],"armWidth":66.4077,"confidence":0.541709,"direction":[-0.249104,0.917165,-0.311056],"elbow":[261.528,41.3813,251.852],"grabAngle":0.285985,"grabStrength":0,"id":335,"palmNormal":[0.0959252,0.342967,0.934437],"palmPosition":[69.2496,164.82,17.3017],"palmVelocity":[91.5724,66.2921,-105.93],"palmWidth":93.3132,"pinchDistance":72.8031,"pinchStrength":0,"r":[[0.998159,-0.0454623,0.0401435],[0.0398685,0.990637,0.13057],[-0.0457036,-0.128729,0.990626]],"s":1.01489,"sphereCenter":[77.6798,243.048,211.039],"sphereRadius":212.376,"stabilizedPalmPosition":[71.302,157.478,30.5025],"t":[-3.0625,7.26759,-11.7648],"timeVisible":0.115142,"type":"right","wrist":[86.1045,96.967,44.9542]}],"id":201533,"interactionBox":{"center":[0,200,0],"size":[235.247,235.247,147.751]},"pointables":[{"bases":[[[-0.522202,-0.20945,-0.826701],[0.829909,-0.347997,-0.436061],[-0.196357,-0.913799,0.355549]],[[-0.485973,-0.0670427,-0.871398],[0.767302,-0.510077,-0.388676],[-0.418423,-0.857512,0.299326]],[[-0.485973,-0.0670427,-0.871398],[0.873973,-0.0379638,-0.484489],[-0.000600194,-0.997028,0.0770429]],[[-0.485973,-0.0670427,-0.871398],[0.726205,0.523772,-0.445297],[0.486268,-0.849216,-0.205853]]],"btipPosition":[114.138,220.511,25.1983],"carpPosition":[105.198,117.435,38.1146],"dipPosition":[126.64,198.678,19.9058],"direction":[0.000600194,0.997028,-0.0770429],"extended":true,"handId":335,"id":3350,"length":57.2524,"mcpPosition":[105.198,117.435,38.1146],"pipPosition":[126.618,161.333,22.7915],"stabilizedTipPosition":[114.112,207.486,20.5761],"timeVisible":0.115142,"tipPosition":[114.919,214.202,24.23],"tipVelocity":[114.543,56.4516,204.692],"tool":false,"touchDistance":1,"touchZone":"none","type":0,"width":21.2521},{"bases":[[[-0.940551,-0.143089,0.308042],[-0.271897,-0.226343,-0.935329],[0.203559,-0.96348,0.173982]],[[-0.915766,-0.237809,0.323759],[-0.276569,-0.211281,-0.937481],[0.291345,-0.948054,0.127713]],[[-0.915766,-0.237809,0.323759],[-0.321088,-0.0510014,-0.945675],[0.241402,-0.969972,-0.0296524]],[[-0.915766,-0.237809,0.323759],[-0.337341,0.0176548,-0.941217],[0.218114,-0.971151,-0.0963905]]],"btipPosition":[37.9153,288.096,0.769192],"carpPosition":[79.9506,118.611,17.0637],"dipPosition":[42.4181,268.048,-1.22069],"direction":[-0.241402,0.969972,0.0296524],"extended":true,"handId":335,"id":3352,"length":73.6098,"mcpPosition":[65.3861,187.547,4.61546],"pipPosition":[49.9592,237.747,-2.14699],"stabilizedTipPosition":[34.3609,279.446,-3.95939],"timeVisible":0.115142,"tipPosition":[36.8556,281.484,-3.52286],"tipVelocity":[292.219,138.045,192.481],"tool":false,"touchDistance":0.333333,"touchZone":"none","type":2,"width":19.9373},{"bases":[[[-0.877153,-0.265841,0.399914],[-0.331773,-0.266586,-0.904908],[0.347173,-0.926423,0.145638]],[[-0.880681,-0.256288,0.398393],[-0.333781,-0.261047,-0.905784],[0.336141,-0.930683,0.144355]],[[-0.880681,-0.256288,0.398393],[-0.377251,-0.129195,-0.917055],[0.286501,-0.957927,0.0170948]],[[-0.880681,-0.256288,0.398393],[-0.399734,-0.0492192,-0.915309],[0.254191,-0.965346,-0.0591008]]],"btipPosition":[14.9996,271.578,4.16742],"carpPosition":[67.7366,117.419,19.9156],"dipPosition":[20.217,251.764,2.95436],"direction":[-0.286501,0.957927,-0.0170948],"extended":true,"handId":335,"id":3353,"length":70.7778,"mcpPosition":[45.4345,176.932,10.5599],"pipPosition":[28.9357,222.612,3.47459],"stabilizedTipPosition":[14.3669,260.201,3.18074],"timeVisible":0.115142,"tipPosition":[15.576,265.563,0.984237],"tipVelocity":[240.363,134.484,122.036],"tool":false,"touchDistance":1,"touchZone":"none","type":3,"width":18.9716},{"bases":[[[-0.991858,-0.0460587,0.118725],[-0.107289,-0.199997,-0.973905],[0.0686014,-0.978713,0.193427]],[[-0.94517,-0.283385,0.162318],[-0.121351,-0.156681,-0.980166],[0.303196,-0.946121,0.113701]],[[-0.94517,-0.283385,0.162318],[-0.174641,0.0185996,-0.984456],[0.275961,-0.958826,-0.0670704]],[[-0.94517,-0.283385,0.162318],[-0.219815,0.184453,-0.957945],[0.241527,-0.941101,-0.236631]]],"btipPosition":[61.2232,280.563,3.66006],"carpPosition":[92.5694,118.944,17.3977],"dipPosition":[65.7565,262.899,-0.781353],"direction":[-0.275961,0.958826,0.0670704],"extended":true,"handId":335,"id":3351,"length":64.6029,"mcpPosition":[87.3936,192.786,2.80402],"pipPosition":[73.0839,237.44,-2.56223],"stabilizedTipPosition":[58.271,273.894,-2.0591],"timeVisible":0.115142,"tipPosition":[58.9609,274.343,-5.33021],"tipVelocity":[291.723,117.262,251.478],"tool":false,"touchDistance":0.333333,"touchZone":"none","type":1,"width":20.3},{"bases":[[[-0.764119,-0.323551,0.558065],[-0.432179,-0.385482,-0.815245],[0.478897,-0.864129,0.154722]],[[-0.839708,-0.157597,0.519666],[-0.442202,-0.357004,-0.822803],[0.315194,-0.920712,0.23009]],[[-0.839708,-0.157597,0.519666],[-0.485757,-0.209804,-0.848541],[0.242756,-0.964959,0.0996206]],[[-0.839708,-0.157597,0.519666],[-0.501864,-0.140303,-0.853491],[0.207419,-0.977486,0.0387215]]],"btipPosition":[7.45995,241.766,8.92593],"carpPosition":[57.3248,115.374,29.9378],"dipPosition":[11.3875,223.257,9.65913],"direction":[-0.242756,0.964959,-0.0996206],"extended":true,"handId":335,"id":3354,"length":55.4885,"mcpPosition":[28.8468,166.76,20.7372],"pipPosition":[16.6034,202.524,11.7996],"stabilizedTipPosition":[10.6086,229.63,18.8623],"timeVisible":0.115142,"tipPosition":[8.22882,236.305,8.03441],"tipVelocity":[146.792,98.0094,-94.9573],"tool":false,"touchDistance":1,"touchZone":"none","type":4,"width":16.8521}],"r":[[0.998159,-0.0454623,0.0401435],[0.0398685,0.990637,0.13057],[-0.0457036,-0.128729,0.990626]],"s":1.01489,"t":[-3.0625,7.26759,-11.7648],"timestamp":261064893097},{"currentFrameRate":31.5723,"devices":[],"gestures":[],"hands":[{"armBasis":[[-0.778428,-0.345536,0.524076],[0.13638,-0.908019,-0.396108],[0.61274,-0.236868,0.753951]],"armWidth":66.4077,"confidence":0.613124,"direction":[-0.211658,0.941978,-0.260534],"elbow":[254.349,34.0316,247.199],"grabAngle":0.417564,"grabStrength":0,"id":335,"palmNormal":[0.0463144,0.275941,0.960058],"palmPosition":[70.4263,169.336,14.6954],"palmVelocity":[57.7488,221.646,-127.909],"palmWidth":93.3132,"pinchDistance":61.3122,"pinchStrength":0,"r":[[0.99606,-0.0565067,0.0683412],[0.0440692,0.984203,0.17147],[-0.0769509,-0.167783,0.982816]],"s":1.02976,"sphereCenter":[72.7481,230.719,204.337],"sphereRadius":201.89,"stabilizedPalmPosition":[71.2483,158.205,29.5337],"t":[-2.22797,10.1055,-14.4366],"timeVisible":0.135518,"type":"right","wrist":[84.6853,99.6189,38.4343]}],"id":201534,"interactionBox":{"center":[0,200,0],"size":[235.247,235.247,147.751]},"pointables":[{"bases":[[[-0.475565,-0.139912,-0.868483],[0.847567,-0.337199,-0.409789],[-0.235517,-0.930979,0.278945]],[[-0.424607,0.0323111,-0.904801],[0.782785,-0.489048,-0.384811],[-0.454925,-0.871658,0.182361]],[[-0.424607,0.0323111,-0.904801],[0.897431,-0.117099,-0.42533],[-0.119694,-0.992594,0.0207241]],[[-0.424607,0.0323111,-0.904801],[0.756668,0.561428,-0.335041],[0.497155,-0.826894,-0.262835]]],"btipPosition":[119.098,222.852,30.8782],"carpPosition":[104.108,119.792,34.2324],"dipPosition":[131.88,201.593,24.1207],"direction":[0.119694,0.992594,-0.0207241],"extended":true,"handId":335,"id":3350,"length":57.2524,"mcpPosition":[104.108,119.792,34.2324],"pipPosition":[127.397,164.414,24.8969],"stabilizedTipPosition":[114.479,207.972,20.9818],"timeVisible":0.135518,"tipPosition":[117.714,217.218,28.0492],"tipVelocity":[246.573,121.379,262.218],"tool":false,"touchDistance":1,"touchZone":"none","type":0,"width":21.2521},{"bases":[[[-0.997925,-0.0302641,0.0568397],[-0.0524387,-0.130378,-0.990077],[0.0373744,-0.991002,0.12852]],[[-0.982917,-0.168415,0.0742371],[-0.0683708,-0.0403761,-0.996843],[0.17088,-0.984889,0.0281717]],[[-0.982917,-0.168415,0.0742371],[-0.0875241,0.0728854,-0.993492],[0.161908,-0.983018,-0.0863806]],[[-0.982917,-0.168415,0.0742371],[-0.160043,0.582904,-0.796624],[0.09089,-0.794896,-0.5999]]],"btipPosition":[75.8921,285.288,15.4928],"carpPosition":[92.7818,123.015,12.9656],"dipPosition":[77.5981,270.369,4.23307],"direction":[-0.161908,0.983018,0.0863806],"extended":true,"handId":335,"id":3351,"length":64.6029,"mcpPosition":[89.962,197.784,3.26906],"pipPosition":[81.8971,244.267,1.93946],"stabilizedTipPosition":[68.6451,278.48,6.55775],"timeVisible":0.135518,"tipPosition":[69.6042,281.065,5.61919],"tipVelocity":[687.998,262.914,503.756],"tool":false,"touchDistance":0.333333,"touchZone":"none","type":1,"width":20.3},{"bases":[[[-0.960041,-0.141201,0.241626],[-0.219562,-0.155343,-0.963152],[0.173533,-0.977717,0.118133]],[[-0.946579,-0.205076,0.24886],[-0.241067,-0.0625552,-0.96849],[0.214182,-0.976745,0.00977625]],[[-0.946579,-0.205076,0.24886],[-0.26372,0.0481865,-0.963395],[0.185578,-0.977559,-0.0996951]],[[-0.946579,-0.205076,0.24886],[-0.26372,0.0481865,-0.963395],[0.185578,-0.977559,-0.0996951]]],"btipPosition":[46.8163,295.401,8.07205],"carpPosition":[80.2018,123.008,11.8696],"dipPosition":[50.6474,275.22,6.01396],"direction":[-0.185578,0.977559,0.0996951],"extended":true,"handId":335,"id":3352,"length":73.6098,"mcpPosition":[67.7856,192.963,3.41726],"pipPosition":[56.4446,244.682,2.89961],"stabilizedTipPosition":[41.9331,285.869,2.60299],"timeVisible":0.135518,"tipPosition":[43.3798,288.707,2.28392],"tipVelocity":[429.255,356.98,357.635],"tool":false,"touchDistance":0.333333,"touchZone":"none","type":2,"width":19.9373},{"bases":[[[-0.904739,-0.271427,0.328291],[-0.281947,-0.196122,-0.939171],[0.319301,-0.942265,0.100912]],[[-0.908505,-0.2601,0.327057],[-0.293421,-0.16019,-0.942467],[0.297527,-0.952201,0.0692143]],[[-0.908505,-0.2601,0.327057],[-0.345048,0.0254543,-0.93824],[0.235711,-0.965246,-0.112872]],[[-0.908505,-0.2601,0.327057],[-0.375634,0.165429,-0.911884],[0.183076,-0.951305,-0.247996]]],"btipPosition":[21.7712,278.084,12.5555],"carpPosition":[67.8171,121.917,13.9101],"dipPosition":[25.5288,258.559,7.46536],"direction":[-0.235711,0.965246,0.112872],"extended":true,"handId":335,"id":3353,"length":70.7778,"mcpPosition":[47.3054,182.448,7.42766],"pipPosition":[32.702,229.184,4.03043],"stabilizedTipPosition":[16.9689,264.416,5.76246],"timeVisible":0.135518,"tipPosition":[20.7486,272.662,5.24956],"tipVelocity":[315.854,322.586,367.903],"tool":false,"touchDistance":0.333333,"touchZone":"none","type":3,"width":18.9716},{"bases":[[[-0.802597,-0.342498,0.488399],[-0.38991,-0.318423,-0.864047],[0.451452,-0.883913,0.122022]],[[-0.866281,-0.191376,0.461446],[-0.397499,-0.295413,-0.86875],[0.302575,-0.936005,0.179839]],[[-0.866281,-0.191376,0.461446],[-0.443562,-0.130255,-0.886728],[0.229805,-0.972835,0.0279505]],[[-0.866281,-0.191376,0.461446],[-0.468269,-0.0106854,-0.883522],[0.174016,-0.981459,-0.080359]]],"btipPosition":[9.95061,247.85,9.81697],"carpPosition":[56.7824,119.443,23.1376],"dipPosition":[13.2457,229.266,8.29533],"direction":[-0.229805,0.972835,-0.0279505],"extended":true,"handId":335,"id":3354,"length":55.4885,"mcpPosition":[29.9365,172.005,15.8815],"pipPosition":[18.1833,208.363,8.89588],"stabilizedTipPosition":[10.6361,233.468,16.2767],"timeVisible":0.135518,"tipPosition":[11.4217,242.82,7.13944],"tipVelocity":[115.095,297.728,18.2777],"tool":false,"touchDistance":1,"touchZone":"none","type":4,"width":16.8521}],"r":[[0.99606,-0.0565067,0.0683412],[0.0440692,0.984203,0.17147],[-0.0769509,-0.167783,0.982816]],"s":1.02976,"t":[-2.22797,10.1055,-14.4366],"timestamp":261064913473},{"currentFrameRate":33.258,"devices":[],"gestures":[],"hands":[{"armBasis":[[0.78023,0.177372,-0.599818],[0.0626198,0.931983,0.357051],[0.622351,-0.316142,0.716054]],"armWidth":66.4077,"confidence":0.675955,"direction":[-0.0615402,0.996776,-0.0514742],"elbow":[268.336,31.6982,228.814],"grabAngle":0.225137,"grabStrength":0,"id":335,"palmNormal":[-0.280834,-0.0667808,-0.95743],"palmPosition":[74.7864,191.234,15.4754],"palmVelocity":[213.236,1070.96,38.1482],"palmWidth":93.3132,"pinchDistance":52.0627,"pinchStrength":0,"r":[[0.971155,-0.150336,0.185085],[0.118205,0.977649,0.173868],[-0.207087,-0.146975,0.967219]],"s":1.06213,"sphereCenter":[65.1953,219.706,-67.7136],"sphereRadius":95.5622,"stabilizedPalmPosition":[73.0247,174.788,22.4752],"t":[0.369312,22.4733,-15.3825],"timeVisible":0.155965,"type":"right","wrist":[96.0109,119.236,30.5433]}],"id":201535,"interactionBox":{"center":[0,200,0],"size":[235.247,235.247,147.751]},"pointables":[{"bases":[[[0.624586,0.272126,0.732011],[-0.621207,-0.394926,0.676857],[0.473281,-0.877485,-0.0776186]],[[0.503785,0.460333,0.730954],[-0.665976,-0.331944,0.668049],[0.550161,-0.823351,0.139342]],[[0.503785,0.460333,0.730954],[-0.810113,-0.0419651,0.58477],[0.299864,-0.886754,0.35178]],[[0.503785,0.460333,0.730954],[-0.863139,0.234426,0.447254],[0.0345309,-0.856235,0.515432]]],"btipPosition":[15.7465,228.516,-15.3334],"carpPosition":[56.0298,131.14,18.2278],"dipPosition":[16.6343,206.503,-2.08162],"direction":[-0.299864,0.886754,-0.35178],"extended":false,"handId":335,"id":3350,"length":57.2524,"mcpPosition":[56.0298,131.14,18.2278],"pipPosition":[27.8659,173.289,11.0946],"stabilizedTipPosition":[80.9412,213.241,9.65798],"timeVisible":0.155965,"tipPosition":[14.8441,221.417,-6.39411],"tipVelocity":[-5188.4,268.532,-2034.99],"tool":false,"touchDistance":0.625525,"touchZone":"hovering","type":0,"width":21.2521},{"bases":[[[0.933852,0.211194,-0.288649],[0.244873,0.210698,0.946385],[0.260689,-0.954465,0.145045]],[[0.932966,0.214415,-0.289137],[0.247383,0.201574,0.947718],[0.261488,-0.955716,0.135019]],[[0.932966,0.214415,-0.289137],[0.185597,0.401706,0.896764],[0.308428,-0.890314,0.334983]],[[0.932966,0.214415,-0.289137],[0.133609,0.539588,0.83126],[0.33425,-0.814169,0.474769]]],"btipPosition":[22.4351,299.825,-0.608922],"carpPosition":[68.908,143.785,34.5125],"dipPosition":[28.7088,284.543,8.30219],"direction":[-0.308428,0.890314,-0.334983],"extended":true,"handId":335,"id":3351,"length":64.6029,"mcpPosition":[49.2395,215.797,23.5692],"pipPosition":[36.8983,260.903,17.1968],"stabilizedTipPosition":[37.0137,291.078,2.94211],"timeVisible":0.155965,"tipPosition":[31.344,296.281,-1.35395],"tipVelocity":[-2563.04,706.86,-560.593],"tool":false,"touchDistance":0.333333,"touchZone":"hovering","type":1,"width":20.3},{"bases":[[[0.904966,0.0412667,-0.423477],[0.40489,0.222363,0.886915],[0.130766,-0.97409,0.184523]],[[0.896844,0.0923986,-0.432589],[0.41,0.193455,0.891334],[0.166044,-0.976749,0.135615]],[[0.896844,0.0923986,-0.432589],[0.384856,0.31913,0.86605],[0.218074,-0.943196,0.25065]],[[0.896844,0.0923986,-0.432589],[0.360975,0.412362,0.836453],[0.25567,-0.906322,0.336471]]],"btipPosition":[50.6048,316.957,-2.68814],"carpPosition":[80.8435,147.367,32.4713],"dipPosition":[55.8828,298.246,4.25794],"direction":[-0.218074,0.943196,-0.25065],"extended":true,"handId":335,"id":3352,"length":73.6098,"mcpPosition":[71.4873,217.063,19.2688],"pipPosition":[62.6952,268.782,12.0879],"stabilizedTipPosition":[48.4675,303.574,0.16156],"timeVisible":0.155965,"tipPosition":[57.1007,311.948,-5.11546],"tipVelocity":[201.558,1070.77,-424.964],"tool":false,"touchDistance":0.319328,"touchZone":"hovering","type":2,"width":19.9373},{"bases":[[[0.881231,-0.119409,-0.457354],[0.472474,0.193578,0.859823],[-0.0141373,-0.973791,0.227005]],[[0.880316,-0.0565237,-0.471009],[0.473001,0.180458,0.862383],[0.0362524,-0.981957,0.185596]],[[0.880316,-0.0565237,-0.471009],[0.468642,0.257682,0.84497],[0.0736097,-0.964575,0.253331]],[[0.880316,-0.0565237,-0.471009],[0.457462,0.364004,0.811314],[0.125591,-0.929681,0.346296]]],"btipPosition":[86.7638,308.098,-10.6835],"carpPosition":[92.4528,148.91,27.8259],"dipPosition":[89.3415,289.016,-3.5757],"direction":[-0.0736097,0.964575,-0.253331],"extended":true,"handId":335,"id":3353,"length":70.7778,"mcpPosition":[93.361,211.465,13.2432],"pipPosition":[91.5816,259.662,4.13367],"stabilizedTipPosition":[54.9682,285.629,-2.23345],"timeVisible":0.155965,"tipPosition":[88.6158,302.453,-11.8672],"tipVelocity":[3165.32,1472.88,-999.341],"tool":false,"touchDistance":-0.0572255,"touchZone":"touching","type":3,"width":18.9716},{"bases":[[[0.783411,-0.261645,-0.563745],[0.600668,0.0858511,0.794876],[-0.159577,-0.961338,0.224418]],[[0.787758,-0.233309,-0.570091],[0.590907,0.0248378,0.806357],[-0.173971,-0.972085,0.15743]],[[0.787758,-0.233309,-0.570091],[0.606595,0.132849,0.783832],[-0.107139,-0.963285,0.246177]],[[0.787758,-0.233309,-0.570091],[0.614449,0.232324,0.753975],[-0.0434636,-0.944242,0.326372]]],"btipPosition":[121.492,280.051,-13.7808],"carpPosition":[102.12,146.548,17.149],"dipPosition":[120.669,262.172,-7.6008],"direction":[0.107139,0.963285,-0.246177],"extended":true,"handId":335,"id":3354,"length":55.4885,"mcpPosition":[111.61,203.715,3.80382],"pipPosition":[118.367,241.474,-2.31137],"stabilizedTipPosition":[83.9796,261.615,-2.7016],"timeVisible":0.155965,"tipPosition":[114.879,275.9,-11.639],"tipVelocity":[5408.85,1582.78,-1067.46],"tool":false,"touchDistance":0.697928,"touchZone":"hovering","type":4,"width":16.8521}],"r":[[0.971155,-0.150336,0.185085],[0.118205,0.977649,0.173868],[-0.207087,-0.146975,0.967219]],"s":1.06213,"t":[0.369312,22.4733,-15.3825],"timestamp":261064933920},{"currentFrameRate":34.7736,"devices":[],"gestures":[],"hands":[{"armBasis":[[0.760627,0.13503,-0.634991],[0.131405,0.925858,0.354287],[0.63575,-0.352922,0.686489]],"armWidth":66.4077,"confidence":0.730378,"direction":[-0.00318235,0.998961,-0.0454634],"elbow":[272.397,28.4019,214.151],"grabAngle":0.285646,"grabStrength":0,"id":335,"palmNormal":[-0.321155,-0.0440762,-0.946],"palmPosition":[78.8583,199.328,10.1272],"palmVelocity":[198.785,395.143,-261.091],"palmWidth":93.3132,"pinchDistance":55.3444,"pinchStrength":0,"r":[[0.934401,-0.234159,0.268449],[0.189232,0.964756,0.182857],[-0.301806,-0.120063,0.945779]],"s":1.07977,"sphereCenter":[66.608,221.708,-105.899],"sphereRadius":124.203,"stabilizedPalmPosition":[76.2512,188.361,15.6457],"t":[3.70391,32.7043,-18.5295],"timeVisible":0.176449,"type":"right","wrist":[96.362,126.124,24.0661]}],"id":201536,"interactionBox":{"center":[0,200,0],"size":[235.247,235.247,147.751]},"pointables":[{"bases":[[[0.667708,0.229689,0.708103],[-0.61729,-0.36082,0.699116],[0.416076,-0.903909,-0.0991377]],[[0.544538,0.44542,0.710689],[-0.629938,-0.342249,0.697168],[0.553766,-0.827325,0.0942193]],[[0.544538,0.44542,0.710689],[-0.784068,-0.03057,0.619921],[0.297851,-0.8948,0.332593]],[[0.544538,0.44542,0.710689],[-0.838602,0.273971,0.470836],[0.0150114,-0.852374,0.522718]]],"btipPosition":[16.737,238.239,-17.3274],"carpPosition":[56.6276,140.456,13.3924],"dipPosition":[17.123,216.324,-3.88834],"direction":[-0.297851,0.8948,-0.332593],"extended":true,"handId":335,"id":3350,"length":57.2524,"mcpPosition":[56.6276,140.456,13.3924],"pipPosition":[28.2792,182.809,8.56916],"stabilizedTipPosition":[47.8243,223.55,-2.68395],"timeVisible":0.176449,"tipPosition":[19.2232,233.195,-10.5503],"tipVelocity":[42.7223,475.753,-95.2434],"tool":false,"touchDistance":0.567041,"touchZone":"hovering","type":0,"width":21.2521},{"bases":[[[0.933043,0.156302,-0.324039],[0.29355,0.18996,0.93688],[0.20799,-0.96927,0.131358]],[[0.938018,0.131668,-0.320603],[0.29399,0.187632,0.937211],[0.183556,-0.973374,0.137293]],[[0.938018,0.131668,-0.320603],[0.242654,0.411,0.878748],[0.247471,-0.902077,0.353575]],[[0.938018,0.131668,-0.320603],[0.189602,0.579394,0.792688],[0.290127,-0.804342,0.518517]]],"btipPosition":[34.4937,310.325,-6.30238],"carpPosition":[70.8658,152.207,29.2085],"dipPosition":[39.9392,295.228,3.42985],"direction":[-0.247471,0.902077,-0.353575],"extended":true,"handId":335,"id":3351,"length":64.6029,"mcpPosition":[55.1733,225.336,19.2978],"pipPosition":[46.5101,271.276,12.8181],"stabilizedTipPosition":[36.0312,303.306,-2.48861],"timeVisible":0.176449,"tipPosition":[40.2203,306.889,-4.51899],"tipVelocity":[579.384,514.682,-268.727],"tool":false,"touchDistance":0.299103,"touchZone":"hovering","type":1,"width":20.3},{"bases":[[[0.888759,-0.0107763,-0.458248],[0.451561,0.192324,0.871266],[0.0787429,-0.981272,0.175795]],[[0.886561,0.01329,-0.462421],[0.453377,0.173772,0.874215],[0.0919741,-0.984696,0.148034]],[[0.886561,0.01329,-0.462421],[0.428369,0.353837,0.831444],[0.174672,-0.935213,0.308005]],[[0.886561,0.01329,-0.462421],[0.391825,0.509828,0.765864],[0.245934,-0.860173,0.446787]]],"btipPosition":[61.8703,324.398,-12.5447],"carpPosition":[82.908,155.076,26.7169],"dipPosition":[66.9474,306.641,-3.32129],"direction":[-0.174672,0.935213,-0.308005],"extended":true,"handId":335,"id":3352,"length":73.6098,"mcpPosition":[77.274,225.286,14.1388],"pipPosition":[72.4039,277.426,6.30039],"stabilizedTipPosition":[57.9154,314.428,-6.70195],"timeVisible":0.176449,"tipPosition":[66.3539,320.806,-9.64489],"tipVelocity":[547.712,373.989,-455.614],"tool":false,"touchDistance":0.228541,"touchZone":"hovering","type":2,"width":19.9373},{"bases":[[[0.854073,-0.169528,-0.491751],[0.516185,0.159683,0.84146],[-0.064127,-0.972503,0.223889]],[[0.856475,-0.0984657,-0.50671],[0.515907,0.130876,0.846588],[-0.0170435,-0.986497,0.162892]],[[0.856475,-0.0984657,-0.50671],[0.513473,0.263078,0.816784],[0.0528791,-0.959737,0.275879]],[[0.856475,-0.0984657,-0.50671],[0.505048,0.362691,0.783187],[0.106662,-0.926693,0.360366]]],"btipPosition":[95.5585,315.065,-16.5414],"carpPosition":[94.401,155.944,21.6284],"dipPosition":[97.7478,296.044,-9.14477],"direction":[-0.0528791,0.959737,-0.275879],"extended":true,"handId":335,"id":3353,"length":70.7778,"mcpPosition":[98.5205,218.417,7.24595],"pipPosition":[99.357,266.837,-0.749213],"stabilizedTipPosition":[79.7618,300.749,-9.8396],"timeVisible":0.176449,"tipPosition":[98.1317,309.754,-17.1354],"tipVelocity":[424.986,340.776,-282.73],"tool":false,"touchDistance":-0.201128,"touchZone":"touching","type":3,"width":18.9716},{"bases":[[[0.743803,-0.304984,-0.594762],[0.635034,0.0448216,0.771183],[-0.20854,-0.951302,0.227014]],[[0.758305,-0.226567,-0.611261],[0.624455,-0.0167475,0.780881],[-0.187159,-0.973852,0.128781]],[[0.758305,-0.226567,-0.611261],[0.644084,0.115634,0.756164],[-0.100639,-0.967107,0.233614]],[[0.758305,-0.226567,-0.611261],[0.650294,0.197141,0.733657],[-0.0457174,-0.953836,0.296828]]],"btipPosition":[126.187,286.307,-18.5672],"carpPosition":[103.488,153.069,10.5748],"dipPosition":[125.322,268.246,-12.9466],"direction":[0.100639,0.967107,-0.233614],"extended":true,"handId":335,"id":3354,"length":55.4885,"mcpPosition":[115.889,209.638,-2.92473],"pipPosition":[123.159,247.467,-7.92707],"stabilizedTipPosition":[111.94,275.285,-12.401],"timeVisible":0.176449,"tipPosition":[123.584,281.71,-18.0166],"tipVelocity":[228.718,303.375,-239.944],"tool":false,"touchDistance":0.587743,"touchZone":"hovering","type":4,"width":16.8521}],"r":[[0.934401,-0.234159,0.26