{"frames":211,"data":[{"currentFrameRate":25.4005,"devices":[],"gestures":[],"hands":[],"id":201956,"interactionBox":{"center":[0,200,0],"size":[235.247,235.247,147.751]},"pointables":[],"r":[[-0.0794966,-0.728761,-0.680138],[0.446709,0.583909,-0.677865],[0.891141,-0.357712,0.279125]],"s":-5.62558,"t":[894.675,787.691,741.58],"timestamp":261079629485},{"currentFrameRate":25.4092,"devices":[],"gestures":[],"hands":[],"id":201957,"interactionBox":{"center":[0,200,0],"size":[235.247,235.247,147.751]},"pointables":[],"r":[[-0.0794966,-0.728761,-0.680138],[0.446709,0.583909,-0.677865],[0.891141,-0.357712,0.279125]],"s":-5.62558,"t":[894.675,787.691,741.58],"timestamp":261079668779},{"currentFrameRate":25.4091,"devices":[],"gestures":[],"hands":[],"id":201958,"interactionBox":{"center":[0,200,0],"size":[235.247,235.247,147.751]},"pointables":[],"r":[[-0.0794966,-0.728761,-0.680138],[0.446709,0.583909,-0.677865],[0.891141,-0.357712,0.279125]],"s":-5.62558,"t":[894.675,787.691,741.58],"timestamp":261079708136},{"currentFrameRate":25.4049,"devices":[],"gestures":[],"hands":[],"id":201959,"interactionBox":{"center":[0,200,0],"size":[235.247,235.247,147.751]},"pointables":[],"r":[[-0.0794966,-0.728761,-0.680138],[0.446709,0.583909,-0.677865],[0.891141,-0.357712,0.279125]],"s":-5.62558,"t":[894.675,787.691,741.58],"timestamp":261079747528},{"currentFrameRate":25.3889,"devices":[],"gestures":[],"hands":[],"id":201960,"interactionBox":{"center":[0,200,0],"size":[235.247,235.247,147.751]},"pointables":[],"r":[[-0.0794966,-0.728761,-0.680138],[0.446709,0.583909,-0.677865],[0.891141,-0.357712,0.279125]],"s":-5.62558,"t":[894.675,787.691,741.58],"timestamp":261079787029},{"currentFrameRate":25.4035,"devices":[],"gestures":[],"hands":[],"id":201961,"interactionBox":{"center":[0,200,0],"size":[235.247,235.247,147.751]},"pointables":[],"r":[[-0.0794966,-0.728761,-0.680138],[0.446709,0.583909,-0.677865],[0.891141,-0.357712,0.279125]],"s":-5.62558,"t":[894.675,787.691,741.58],"timestamp":261079826290},{"currentFrameRate":25.3795,"devices":[],"gestures":[],"hands":[],"id":201962,"interactionBox":{"center":[0,200,0],"size":[235.247,235.247,147.751]},"pointables":[],"r":[[-0.0794966,-0.728761,-0.680138],[0.446709,0.583909,-0.677865],[0.891141,-0.357712,0.279125]],"s":-5.62558,"t":[894.675,787.691,741.58],"timestamp":261079865863},{"currentFrameRate":25.4104,"devices":[],"gestures":[],"hands":[],"id":201963,"interactionBox":{"center":[0,200,0],"size":[235.247,235.247,147.751]},"pointables":[],"r":[[-0.0794966,-0.728761,-0.680138],[0.446709,0.583909,-0.677865],[0.891141,-0.357712,0.279125]],"s":-5.62558,"t":[894.675,787.691,741.58],"timestamp":261079904997},{"currentFrameRate":25.4106,"devices":[],"gestures":[],"hands":[],"id":201964,"interactionBox":{"center":[0,200,0],"size":[235.247,235.247,147.751]},"pointables":[],"r":[[-0.0794966,-0.728761,-0.680138],[0.446709,0.583909,-0.677865],[0.891141,-0.357712,0.279125]],"s":-5.62558,"t":[894.675,787.691,741.58],"timestamp":261079944349},{"currentFrameRate":25.4025,"devices":[],"gestures":[],"hands":[],"id":201965,"interactionBox":{"center":[0,200,0],"size":[235.247,235.247,147.751]},"pointables":[],"r":[[-0.0794966,-0.728761,-0.680138],[0.446709,0.583909,-0.677865],[0.891141,-0.357712,0.279125]],"s":-5.62558,"t":[894.675,787.691,741.58],"timestamp":261079983773},{"currentFrameRate":25.406,"devices":[],"gestures":[],"hands":[],"id":201966,"interactionBox":{"center":[0,200,0],"size":[235.247,235.247,147.751]},"pointables":[],"r":[[-0.0794966,-0.728761,-0.680138],[0.446709,0.583909,-0.677865],[0.891141,-0.357712,0.279125]],"s":-5.62558,"t":[894.675,787.691,741.58],"timestamp":261080023109},{"currentFrameRate":25.4019,"devices":[],"gestures":[],"hands":[],"id":201967,"interactionBox":{"center":[0,200,0],"size":[235.247,235.247,147.751]},"pointables":[],"r":[[-0.0794966,-0.728761,-0.680138],[0.446709,0.583909,-0.677865],[0.891141,-0.357712,0.279125]],"s":-5.62558,"t":[894.675,787.691,741.58],"timestamp":261080062505},{"currentFrameRate":25.3956,"devices":[],"gestures":[],"hands":[{"armBasis":[[0.885898,-0.209047,-0.414106],[0.261682,0.962311,0.0740295],[0.383023,-0.173947,0.907213]],"armWidth":65.3469,"confidence":0,"direction":[-0.0724557,0.666197,-0.742248],"elbow":[190.025,69.3416,314.456],"grabAngle":0.957692,"grabStrength":0,"id":336,"palmNormal":[-0.36763,-0.709643,-0.601046],"palmPosition":[65.7864,162.811,2.636],"palmVelocity":[1.19209e-7,1.19209e-7,1.19209e-7],"palmWidth":93.3132,"pinchDistance":56.2963,"pinchStrength":0,"r":[[1,-2.77556e-18,-6.93889e-18],[2.77556e-18,1,-2.22045e-17],[6.93889e-18,2.22045e-17,1]],"s":1,"sphereCenter":[31.0038,102.608,-66.2809],"sphereRadius":96.622,"stabilizedPalmPosition":[65.7864,162.811,2.636],"t":[0,0,0],"timeVisible":0,"type":"right","wrist":[83.9682,117.506,63.2539]}],"id":201968,"interactionBox":{"center":[0,200,0],"size":[235.247,235.247,147.751]},"pointables":[{"bases":[[[0.687761,0.672441,0.273512],[-0.553475,0.241927,0.796955],[0.469735,-0.699496,0.538567]],[[0.669135,0.698914,0.25254],[-0.540031,0.223863,0.811327],[0.510514,-0.679268,0.52723]],[[0.669135,0.698914,0.25254],[-0.727674,0.547246,0.413536],[0.150825,-0.460479,0.874763]],[[0.669135,0.698914,0.25254],[-0.72421,0.689496,0.010676],[-0.166664,-0.190036,0.967527]]],"btipPosition":[20.3441,179.211,-32.1005],"carpPosition":[47.752,123.776,48.6983],"dipPosition":[16.344,174.65,-8.87876],"direction":[-0.150825,0.460479,-0.874763],"extended":false,"handId":336,"id":3360,"length":53.447,"mcpPosition":[47.752,123.776,48.6983],"pipPosition":[21.6177,158.549,21.7083],"stabilizedTipPosition":[19.4241,178.162,-26.7595],"timeVisible":0,"tipPosition":[19.4241,178.162,-26.7595],"tipVelocity":[1.19209e-7,1.19209e-7,1.19209e-7],"tool":false,"touchDistance":1,"touchZone":"none","type":0,"width":20.767},{"bases":[[[0.901818,-0.114212,-0.41675],[0.329875,0.804924,0.493234],[0.279118,-0.582283,0.76357]],[[0.939742,-0.230283,-0.252694],[0.316119,0.866773,0.385712],[0.130205,-0.442351,0.88734]],[[0.939742,-0.230283,-0.252694],[0.275508,0.947738,0.1609],[0.202435,-0.220823,0.954074]],[[0.939742,-0.230283,-0.252694],[0.225797,0.973039,-0.0470249],[0.25671,-0.0128663,0.966403]]],"btipPosition":[25.6859,212.54,-87.1331],"carpPosition":[61.9975,143.42,50.1546],"dipPosition":[30.1839,212.315,-70.2],"direction":[-0.202435,0.220823,-0.954074],"extended":true,"handId":336,"id":3361,"length":60.309,"mcpPosition":[40.9386,187.352,-7.45524],"pipPosition":[35.2018,206.841,-46.5508],"stabilizedTipPosition":[26.7205,212.489,-83.2385],"timeVisible":0,"tipPosition":[26.7205,212.489,-83.2385],"tipVelocity":[1.19209e-7,1.19209e-7,1.19209e-7],"tool":false,"touchDistance":0.279359,"touchZone":"hovering","type":1,"width":19.8367},{"bases":[[[0.861699,-0.327366,-0.387694],[0.483637,0.761048,0.432321],[0.153527,-0.560034,0.81412]],[[0.870452,-0.36646,-0.328665],[0.417762,0.903095,0.0994727],[0.260363,-0.22389,0.939193]],[[0.870452,-0.36646,-0.328665],[0.269879,0.913658,-0.303964],[0.411678,0.175886,0.894195]],[[0.870452,-0.36646,-0.328665],[0.154018,0.836904,-0.525234],[0.467538,0.40657,0.784926]]],"btipPosition":[28.7995,181.922,-100.53],"carpPosition":[73.6701,143.75,45.3484],"dipPosition":[37.8098,189.758,-85.4036],"direction":[-0.411678,-0.175886,-0.894195],"extended":true,"handId":336,"id":3362,"length":68.7173,"mcpPosition":[62.6854,183.82,-12.9013],"pipPosition":[49.8154,194.887,-59.3266],"stabilizedTipPosition":[30.8719,183.725,-97.0513],"timeVisible":0,"tipPosition":[30.8719,183.725,-97.0513],"tipVelocity":[1.19209e-7,1.19209e-7,1.19209e-7],"tool":false,"touchDistance":0.049145,"touchZone":"hovering","type":2,"width":19.4822},{"bases":[[[0.835973,-0.462645,-0.295144],[0.548613,0.717474,0.429249],[0.0131678,-0.52076,0.853601]],[[0.835681,-0.454773,-0.307928],[0.505001,0.85667,0.105314],[0.215899,-0.243513,0.945563]],[[0.835681,-0.454773,-0.307928],[0.363073,0.87813,-0.311554],[0.412087,0.148559,0.898952]],[[0.835681,-0.454773,-0.307928],[0.235318,0.803084,-0.547432],[0.496249,0.385017,0.778138]]],"btipPosition":[52.8363,173.833,-98.4072],"carpPosition":[84.7906,140.82,40.2022],"dipPosition":[62.345,181.21,-83.4972],"direction":[-0.412087,-0.148559,-0.898952],"extended":true,"handId":336,"id":3363,"length":66.0735,"mcpPosition":[83.9447,174.273,-14.6326],"pipPosition":[74.0521,185.431,-57.9586],"stabilizedTipPosition":[55.0233,175.53,-94.9779],"timeVisible":0,"tipPosition":[55.0233,175.53,-94.9779],"tipVelocity":[1.19209e-7,1.19209e-7,1.19209e-7],"tool":false,"touchDistance":0.0837021,"touchZone":"hovering","type":3,"width":18.5386},{"bases":[[[0.729663,-0.631953,-0.261205],[0.670952,0.587936,0.451834],[-0.131966,-0.504943,0.853005]],[[0.736026,-0.601977,-0.30966],[0.6662,0.725318,0.173467],[0.120179,-0.333972,0.93489]],[[0.736026,-0.601977,-0.30966],[0.525698,0.796467,-0.298802],[0.426506,0.0571382,0.902678]],[[0.736026,-0.601977,-0.30966],[0.384002,0.747986,-0.541349],[0.557501,0.279537,0.781698]]],"btipPosition":[78.5254,167.037,-82.7851],"carpPosition":[93.4456,130.987,33.7645],"dipPosition":[88.3802,171.978,-68.9671],"direction":[-0.426506,-0.0571382,-0.902678],"extended":true,"handId":336,"id":3364,"length":51.8004,"mcpPosition":[101.293,161.014,-16.96],"pipPosition":[96.9352,173.124,-50.861],"stabilizedTipPosition":[80.792,168.173,-79.6069],"timeVisible":0,"tipPosition":[80.792,168.173,-79.6069],"tipVelocity":[1.19209e-7,1.19209e-7,1.19209e-7],"tool":false,"touchDistance":0.33923,"touchZone":"hovering","type":4,"width":16.4674}],"r":[[1,-2.77556e-18,-6.93889e-18],[2.77556e-18,1,-2.22045e-17],[6.93889e-18,2.22045e-17,1]],"s":1,"t":[0,0,0],"timestamp":261080101927},{"currentFrameRate":25.4053,"devices":[],"gestures":[],"hands":[{"armBasis":[[0.886827,-0.157133,-0.434566],[0.238749,0.960973,0.139747],[0.395647,-0.227683,0.889732]],"armWidth":66.4077,"confidence":0.20409,"direction":[-0.0699947,0.764883,-0.640355],"elbow":[192.965,45.6609,306.597],"grabAngle":0.672078,"grabStrength":0,"id":336,"palmNormal":[-0.363666,-0.617317,-0.697615],"palmPosition":[65.1838,161.448,6.18935],"palmVelocity":[-15.3352,-34.6905,90.432],"palmWidth":93.3132,"pinchDistance":56.3239,"pinchStrength":0,"r":[[1,0.000177436,0.000980833],[-0.000205295,0.999594,0.028477],[-0.000975382,-0.0284772,0.999594]],"s":1.00757,"sphereCenter":[6.61594,65.4596,-107.503],"sphereRadius":159.002,"stabilizedPalmPosition":[65.784,162.805,2.6503],"t":[-0.301284,-0.681547,1.77667],"timeVisible":0.039293,"type":"right","wrist":[83.4125,108.705,60.236]}],"id":201969,"interactionBox":{"center":[0,200,0],"size":[235.247,235.247,147.751]},"pointables":[{"bases":[[[0.685399,0.627339,0.369693],[-0.557617,0.125685,0.820528],[0.468285,-0.768537,0.43596]],[[0.653078,0.676582,0.340185],[-0.559511,0.128371,0.818821],[0.51033,-0.725091,0.462392]],[[0.653078,0.676582,0.340185],[-0.740456,0.476314,0.474183],[0.158789,-0.561571,0.81205]],[[0.653078,0.676582,0.340185],[-0.747445,0.648092,0.145955],[-0.121721,-0.349589,0.928962]]],"btipPosition":[18.0504,183.386,-31.8244],"carpPosition":[46.9934,116.245,46.1459],"dipPosition":[14.921,174.398,-7.94074],"direction":[-0.158789,0.561571,-0.81205],"extended":false,"handId":336,"id":3360,"length":57.2524,"mcpPosition":[46.9934,116.245,46.1459],"pipPosition":[20.8685,153.364,22.4751],"stabilizedTipPosition":[19.2553,178.416,-26.725],"timeVisible":0.039293,"tipPosition":[18.4524,180.943,-22.5749],"tipVelocity":[-53.2777,80.3335,10.9025],"tool":false,"touchDistance":1,"touchZone":"none","type":0,"width":21.2521},{"bases":[[[0.864037,-0.268162,-0.426062],[0.480388,0.692289,0.538482],[0.150558,-0.669944,0.726985]],[[0.872918,-0.317826,-0.370136],[0.448839,0.820516,0.353973],[0.191201,-0.475121,0.858896]],[[0.872918,-0.317826,-0.370136],[0.397673,0.903032,0.16245],[0.282614,-0.288999,0.914663]],[[0.872918,-0.317826,-0.370136],[0.298558,0.948038,-0.109944],[0.385846,-0.0145347,0.922449]]],"btipPosition":[35.2051,218.935,-99.3136],"carpPosition":[72.8955,136.515,45.7966],"dipPosition":[43.1705,218.635,-80.2706],"direction":[-0.282614,0.288999,-0.914663],"extended":true,"handId":336,"id":3362,"length":73.6098,"mcpPosition":[62.1232,184.449,-6.21871],"pipPosition":[51.999,209.607,-51.6977],"stabilizedTipPosition":[36.8111,217.578,-95.0113],"timeVisible":0.039293,"tipPosition":[35.3859,212.976,-93.5637],"tipVelocity":[156.906,894.353,53.8925],"tool":false,"touchDistance":0.28515,"touchZone":"hovering","type":2,"width":19.9373},{"bases":[[[0.838087,-0.415247,-0.353809],[0.545447,0.649652,0.529566],[0.00995203,-0.636807,0.770959]],[[0.836845,-0.386943,-0.387253],[0.519929,0.783203,0.34098],[0.171358,-0.486691,0.856603]],[[0.836845,-0.386943,-0.387253],[0.462328,0.878355,0.12143],[0.293159,-0.280656,0.913942]],[[0.836845,-0.386943,-0.387253],[0.345064,0.922007,-0.175593],[0.424995,0.0133171,0.905098]]],"btipPosition":[57.3502,207.42,-97.6201],"carpPosition":[84.0448,134.356,40.3407],"dipPosition":[66.0733,207.693,-79.0427],"direction":[-0.293159,0.280656,-0.913942],"extended":true,"handId":336,"id":3363,"length":70.7778,"mcpPosition":[83.4055,175.264,-9.18526],"pipPosition":[74.9947,199.153,-51.2296],"stabilizedTipPosition":[59.1987,206.319,-93.4067],"timeVisible":0.039293,"tipPosition":[57.9741,201.461,-91.9106],"tipVelocity":[110.279,813.203,41.4973],"tool":false,"touchDistance":0.270956,"touchZone":"hovering","type":3,"width":18.9716},{"bases":[[[0.731884,-0.587754,-0.344805],[0.667882,0.518327,0.534108],[-0.135202,-0.621194,0.771906]],[[0.741837,-0.521555,-0.421494],[0.663668,0.661043,0.350095],[0.096032,-0.539446,0.836526]],[[0.741837,-0.521555,-0.421494],[0.606902,0.789527,0.0912014],[0.285214,-0.323462,0.902233]],[[0.741837,-0.521555,-0.421494],[0.547447,0.834031,-0.0685097],[0.387271,-0.179923,0.904239]]],"btipPosition":[83.594,193.797,-82.2904],"carpPosition":[92.7457,125.547,32.6132],"dipPosition":[90.9271,190.39,-65.1682],"direction":[-0.285214,0.323462,-0.902233],"extended":true,"handId":336,"id":3364,"length":55.4885,"mcpPosition":[100.786,162.486,-13.2887],"pipPosition":[97.0553,183.44,-45.7826],"stabilizedTipPosition":[85.1172,192.11,-78.398],"timeVisible":0.039293,"tipPosition":[83.4281,187.291,-76.7909],"tipVelocity":[114.234,632.181,31.929],"tool":false,"touchDistance":0.357459,"touchZone":"hovering","type":4,"width":16.8521},{"bases":[[[0.903957,-0.0530075,-0.424325],[0.326271,0.726924,0.604259],[0.276422,-0.684669,0.674403]],[[0.940166,-0.183165,-0.287296],[0.304242,0.830898,0.465881],[0.153381,-0.525413,0.836909]],[[0.940166,-0.183165,-0.287296],[0.273725,0.908149,0.316765],[0.202887,-0.376452,0.903947]],[[0.940166,-0.183165,-0.287296],[0.252815,0.940306,0.227836],[0.228415,-0.286837,0.93035]]],"btipPosition":[23.432,227.329,-81.3956],"carpPosition":[61.2008,135.495,50.4497],"dipPosition":[27.7192,221.945,-63.9335],"direction":[-0.202887,0.376452,-0.903947],"extended":true,"handId":336,"id":3361,"length":64.6029,"mcpPosition":[40.3454,187.152,-0.432594],"pipPosition":[33.1064,211.949,-39.9316],"stabilizedTipPosition":[25.3674,220.482,-79.7953],"timeVisible":0.039293,"tipPosition":[25.7486,223.928,-73.812],"tipVelocity":[-58.5953,346.167,149.115],"tool":false,"touchDistance":0.372644,"touchZone":"hovering","type":1,"width":20.3}],"r":[[1,0.000177436,0.000980833],[-0.000205295,0.999594,0.028477],[-0.000975382,-0.0284772,0.999594]],"s":1.00757,"t":[-0.301284,-0.681547,1.77667],"timestamp":261080141220},{"currentFrameRate":26.4471,"devices":[],"gestures":[],"hands":[{"armBasis":[[0.8997,-0.0674255,-0.431271],[0.218347,0.925027,0.310886],[0.377975,-0.37387,0.846968]],"armWidth":66.4077,"confidence":0.352064,"direction":[-0.0952193,0.812828,-0.574668],"elbow":[187.829,4.12241,289.117],"grabAngle":0.455974,"grabStrength":0,"id":336,"palmNormal":[-0.325054,-0.571035,-0.75383],"palmPosition":[63.6178,164.781,5.44664],"palmVelocity":[-51.3041,109.192,-24.3319],"palmWidth":93.3132,"pinchDistance":40.8109,"pinchStrength":0,"r":[[0.999944,0.00906808,0.00545884],[-0.00941901,0.997633,0.0681224],[-0.00482818,-0.06817,0.997662]],"s":1.02268,"sphereCenter":[-3.68273,40.8185,-153.385],"sphereRadius":212.668,"stabilizedPalmPosition":[65.694,162.887,2.76651],"t":[-1.23493,0.644163,2.29365],"timeVisible":0.069817,"type":"right","wrist":[83.1704,107.645,54.5963]}],"id":201970,"interactionBox":{"center":[0,200,0],"size":[235.247,235.247,147.751]},"pointables":[{"bases":[[[0.650768,0.623075,0.433911],[-0.574693,0.0307232,0.817792],[0.496215,-0.781559,0.37807]],[[0.606719,0.686613,0.400568],[-0.588592,0.0493467,0.806923],[0.534277,-0.725347,0.434074]],[[0.606719,0.686613,0.400568],[-0.777432,0.407422,0.479172],[0.165805,-0.602138,0.780986]],[[0.606719,0.686613,0.400568],[-0.785664,0.594618,0.17077],[-0.120932,-0.418321,0.900213]]],"btipPosition":[16.4605,186.024,-33.5161],"carpPosition":[46.9125,115.584,41.1019],"dipPosition":[13.3514,175.269,-10.3717],"direction":[-0.165805,0.602138,-0.780986],"extended":false,"handId":336,"id":3360,"length":57.2524,"mcpPosition":[46.9125,115.584,41.1019],"pipPosition":[19.5617,152.716,18.8807],"stabilizedTipPosition":[18.9727,178.83,-26.8431],"timeVisible":0.069817,"tipPosition":[16.3608,184.42,-23.339],"tipVelocity":[-51.9324,73.1191,-60.9938],"tool":false,"touchDistance":0.958062,"touchZone":"hovering","type":0,"width":21.2521},{"bases":[[[0.88145,-0.192681,-0.431185],[0.440574,0.664343,0.603774],[0.170118,-0.722165,0.670475]],[[0.889972,-0.23508,-0.390751],[0.418109,0.762698,0.493434],[0.182028,-0.602519,0.777069]],[[0.889972,-0.23508,-0.390751],[0.384182,0.84815,0.364754],[0.245669,-0.474741,0.845144]],[[0.889972,-0.23508,-0.390751],[0.348644,0.903086,0.250763],[0.293932,-0.359406,0.885681]]],"btipPosition":[36.3187,242.753,-90.8607],"carpPosition":[71.8714,136.928,42.9428],"dipPosition":[42.3866,235.333,-72.5767],"direction":[-0.245669,0.474741,-0.845144],"extended":true,"handId":336,"id":3362,"length":73.6098,"mcpPosition":[59.6995,188.599,-5.0293],"pipPosition":[50.061,220.503,-46.1755],"stabilizedTipPosition":[37.668,239.842,-87.084],"timeVisible":0.069817,"tipPosition":[35.4985,232.725,-88.2816],"tipVelocity":[22.1843,726.629,271.207],"tool":false,"touchDistance":0.414143,"touchZone":"hovering","type":2,"width":19.9373},{"bases":[[[0.86114,-0.346383,-0.372099],[0.507623,0.625519,0.59249],[0.0275265,-0.699103,0.714491]],[[0.858371,-0.307873,-0.410383],[0.487803,0.737539,0.466996],[0.158898,-0.601042,0.783263]],[[0.858371,-0.307873,-0.410383],[0.447113,0.841186,0.304132],[0.251574,-0.444546,0.859703]],[[0.858371,-0.307873,-0.410383],[0.401741,0.900866,0.164456],[0.319068,-0.306032,0.896962]]],"btipPosition":[59.4134,229.954,-91.3856],"carpPosition":[83.1857,135.734,37.5304],"dipPosition":[65.9624,223.673,-72.9752],"direction":[-0.251574,0.444546,-0.859703],"extended":true,"handId":336,"id":3363,"length":70.7778,"mcpPosition":[81.4174,180.644,-8.36802],"pipPosition":[73.6183,210.145,-46.8127],"stabilizedTipPosition":[60.8506,227.618,-87.4024],"timeVisible":0.069817,"tipPosition":[58.3557,220.179,-88.1437],"tipVelocity":[51.2111,688.855,202.993],"tool":false,"touchDistance":0.370136,"touchZone":"hovering","type":3,"width":18.9716},{"bases":[[[0.762747,-0.523529,-0.379651],[0.635806,0.499791,0.588183],[-0.118185,-0.690019,0.714077]],[[0.77151,-0.434099,-0.465113],[0.630405,0.620197,0.466846],[0.0858046,-0.653386,0.752146]],[[0.77151,-0.434099,-0.465113],[0.590041,0.761636,0.267885],[0.237959,-0.481112,0.843746]],[[0.77151,-0.434099,-0.465113],[0.558926,0.811698,0.16955],[0.303931,-0.390773,0.868863]]],"btipPosition":[85.2163,212.154,-77.0122],"carpPosition":[92.3892,128.005,29.2484],"dipPosition":[90.9713,204.755,-60.5599],"direction":[-0.237959,0.481111,-0.843746],"extended":true,"handId":336,"id":3364,"length":55.4885,"mcpPosition":[99.4172,169.037,-13.2147],"pipPosition":[96.0842,194.417,-42.4309],"stabilizedTipPosition":[86.4829,209.718,-73.4353],"timeVisible":0.069817,"tipPosition":[83.5798,202.773,-74.1671],"tipVelocity":[41.2576,571.309,167.873],"tool":false,"touchDistance":0.431908,"touchZone":"hovering","type":4,"width":16.8521},{"bases":[[[0.911545,0.0230892,-0.410552],[0.284099,0.686445,0.669388],[0.297277,-0.726815,0.619166]],[[0.952165,-0.120032,-0.281024],[0.273278,0.746006,0.607285],[0.136752,-0.655033,0.743122]],[[0.952165,-0.120032,-0.281024],[0.247729,0.841637,0.479872],[0.17892,-0.526535,0.831113]],[[0.952165,-0.120032,-0.281024],[0.233382,0.879296,0.415177],[0.197269,-0.460903,0.865248]]],"btipPosition":[22.8316,243.386,-72.8188],"carpPosition":[60.1681,135.003,47.2768],"dipPosition":[26.5342,234.735,-56.5787],"direction":[-0.17892,0.526535,-0.831113],"extended":true,"handId":336,"id":3361,"length":64.6029,"mcpPosition":[37.7392,189.839,0.561935],"pipPosition":[31.285,220.754,-34.5107],"stabilizedTipPosition":[23.9123,238.552,-70.5404],"timeVisible":0.069817,"tipPosition":[23.015,235.81,-69.4563],"tipVelocity":[-24.0755,501.436,271.777],"tool":false,"touchDistance":0.493148,"touchZone":"hovering","type":1,"width":20.3}],"r":[[0.999944,0.00906808,0.00545884],[-0.00941901,0.997633,0.0681224],[-0.00482818,-0.06817,0.997662]],"s":1.02268,"t":[-1.23493,0.644163,2.29365],"timestamp":261080171744},{"currentFrameRate":28.6302,"devices":[],"gestures":[],"hands":[{"armBasis":[[0.897577,-0.00988283,-0.440747],[0.186756,0.914136,0.359829],[0.399347,-0.405287,0.822353]],"armWidth":66.4077,"confidence":0.442711,"direction":[-0.112475,0.861687,-0.494819],"elbow":[193.438,-3.97172,276.01],"grabAngle":0.393485,"grabStrength":0,"id":336,"palmNormal":[-0.312922,-0.503357,-0.805426],"palmPosition":[61.9003,169.028,4.51161],"palmVelocity":[-83.9345,207.575,-45.694],"palmWidth":93.3132,"pinchDistance":42.7551,"pinchStrength":0,"r":[[0.999748,0.020145,0.00988041],[-0.021176,0.992706,0.118687],[-0.00741739,-0.118867,0.992883]],"s":1.0407,"sphereCenter":[-2.5541,48.5612,-179.671],"sphereRadius":229.777,"stabilizedPalmPosition":[65.2701,163.573,2.96148],"t":[-2.56053,3.43083,2.08463],"timeVisible":0.09028,"type":"right","wrist":[82.8615,108.25,48.3051]}],"id":201971,"interactionBox":{"center":[0,200,0],"size":[235.247,235.247,147.751]},"pointables":[{"bases":[[[0.637437,0.592505,0.492556],[-0.57516,-0.0594699,0.815877],[0.512703,-0.803368,0.302877]],[[0.57733,0.67708,0.456347],[-0.608415,-0.0160043,0.793458],[0.544538,-0.735736,0.402705]],[[0.57733,0.67708,0.456347],[-0.796916,0.345545,0.495504],[0.177807,-0.649739,0.739069]],[[0.57733,0.67708,0.456347],[-0.806289,0.560908,0.18783],[-0.128793,-0.476388,0.869751]]],"btipPosition":[15.0198,190.565,-35.3729],"carpPosition":[46.2444,116.316,35.286],"dipPosition":[11.7085,178.317,-13.0116],"direction":[-0.177807,0.649739,-0.739069],"extended":false,"handId":336,"id":3360,"length":57.2524,"mcpPosition":[46.2444,116.316,35.286],"pipPosition":[18.3684,153.98,14.6707],"stabilizedTipPosition":[18.2775,180.145,-27.3426],"timeVisible":0.09028,"tipPosition":[14.2402,189.783,-24.0006],"tipVelocity":[-72.6796,205.107,-99.5426],"tool":false,"touchDistance":0.865035,"touchZone":"hovering","type":0,"width":21.2521},{"bases":[[[0.885309,-0.132069,-0.445854],[0.426427,0.612955,0.665166],[0.185441,-0.779002,0.598972]],[[0.892781,-0.167121,-0.418344],[0.402444,0.713177,0.573949],[0.202435,-0.680771,0.703968]],[[0.892781,-0.167121,-0.418344],[0.369396,0.803119,0.46749],[0.257853,-0.571901,0.778743]],[[0.892781,-0.167121,-0.418344],[0.350844,0.840445,0.412989],[0.282577,-0.515483,0.808967]]],"btipPosition":[32.8695,258.202,-81.9584],"carpPosition":[70.7452,137.911,39.2004],"dipPosition":[38.703,247.561,-65.2581],"direction":[-0.257853,0.571902,-0.778743],"extended":true,"handId":336,"id":3362,"length":73.6098,"mcpPosition":[57.477,193.648,-3.65567],"pipPosition":[46.758,229.695,-40.9311],"stabilizedTipPosition":[34.7623,253.218,-79.547],"timeVisible":0.09028,"tipPosition":[32.6826,246.956,-81.5944],"tipVelocity":[-171.194,718.802,417.244],"tool":false,"touchDistance":0.534133,"touchZone":"hovering","type":2,"width":19.9373},{"bases":[[[0.868267,-0.291095,-0.401717],[0.494283,0.576808,0.650367],[0.0423947,-0.763254,0.644706]],[[0.864684,-0.24922,-0.436133],[0.475483,0.686069,0.550659],[0.161982,-0.68352,0.711732]],[[0.864684,-0.24922,-0.436133],[0.439883,0.794905,0.417887],[0.242538,-0.553187,0.796969]],[[0.864684,-0.24922,-0.436133],[0.409055,0.853275,0.323412],[0.29154,-0.458052,0.839758]]],"btipPosition":[58.0431,246.293,-84.1179],"carpPosition":[82.0819,137.477,33.721],"dipPosition":[64.0271,236.891,-66.8816],"direction":[-0.242538,0.553187,-0.796969],"extended":true,"handId":336,"id":3363,"length":70.7778,"mcpPosition":[79.3585,186.508,-7.6945],"pipPosition":[71.408,220.057,-42.6283],"stabilizedTipPosition":[59.5862,242.207,-80.998],"timeVisible":0.09028,"tipPosition":[56.2649,235.24,-82.7282],"tipVelocity":[-73.3145,763.373,341.965],"tool":false,"touchDistance":0.47142,"touchZone":"hovering","type":3,"width":18.9716},{"bases":[[[0.773653,-0.468754,-0.4263],[0.625103,0.454797,0.634354],[-0.103476,-0.757251,0.644874]],[[0.780417,-0.378721,-0.497514],[0.62109,0.561289,0.546994],[0.0720916,-0.735884,0.673259]],[[0.780417,-0.378721,-0.497514],[0.590056,0.709306,0.385639],[0.20684,-0.594521,0.777021]],[[0.780417,-0.378721,-0.497514],[0.566603,0.764832,0.306583],[0.264405,-0.521155,0.811472]]],"btipPosition":[85.3488,227.025,-71.8023],"carpPosition":[91.4467,130.768,24.7584],"dipPosition":[90.3555,217.157,-56.4367],"direction":[-0.20684,0.594521,-0.777021],"extended":true,"handId":336,"id":3364,"length":55.4885,"mcpPosition":[97.6,175.799,-13.5895],"pipPosition":[94.7997,204.383,-39.7414],"stabilizedTipPosition":[86.4987,223.285,-68.7736],"timeVisible":0.09028,"tipPosition":[82.1776,216.901,-70.4987],"tipVelocity":[-1.93322,698.99,242.386],"tool":false,"touchDistance":0.49645,"touchZone":"hovering","type":4,"width":16.8521},{"bases":[[[0.910822,0.0813415,-0.404705],[0.269523,0.625397,0.732282],[0.312666,-0.776056,0.547702]],[[0.951411,-0.0553449,-0.302909],[0.257938,0.680524,0.685824],[0.16818,-0.730633,0.661734]],[[0.951411,-0.0553449,-0.302909],[0.228488,0.786341,0.573987],[0.206422,-0.615309,0.760779]],[[0.951411,-0.0553449,-0.302909],[0.207833,0.841266,0.499077],[0.227205,-0.537782,0.811892]]],"btipPosition":[17.8127,254.801,-64.6852],"carpPosition":[59.0857,135.334,43.3084],"dipPosition":[22.0772,244.707,-49.4465],"direction":[-0.206422,0.615309,-0.760779],"extended":true,"handId":336,"id":3361,"length":64.6029,"mcpPosition":[35.4957,193.886,1.98539],"pipPosition":[27.5582,228.369,-29.246],"stabilizedTipPosition":[20.2416,248.54,-63.8281],"timeVisible":0.09028,"tipPosition":[19.6617,246.861,-63.0734],"tipVelocity":[-238.951,541.619,386.225],"tool":false,"touchDistance":0.595717,"touchZone":"hovering","type":1,"width":20.3}],"r":[[0.999748,0.020145,0.00988041],[-0.021176,0.992706,0.118687],[-0.00741739,-0.118867,0.992883]],"s":1.0407,"t":[-2.56053,3.43083,2.08463],"timestamp":261080192207},{"currentFrameRate":30.5991,"devices":[],"gestures":[],"hands":[{"armBasis":[[0.900735,0.0532212,-0.431096],[0.153283,0.889671,0.430105],[0.406424,-0.453491,0.7932]],"armWidth":66.4077,"confidence":0.525161,"direction":[-0.13347,0.884211,-0.447613],"elbow":[195.824,-15.8776,263.509],"grabAngle":0.328533,"grabStrength":0,"id":336,"palmNormal":[-0.280621,-0.466888,-0.838611],"palmPosition":[60.9371,172.269,3.35522],"palmVelocity":[-47.0525,158.316,-56.4891],"palmWidth":93.3132,"pinchDistance":45.9503,"pinchStrength":0,"r":[[0.999208,0.0354412,0.0180834],[-0.0380026,0.984725,0.169918],[-0.0117851,-0.17047,0.985292]],"s":1.05905,"sphereCenter":[1.91322,46.8184,-208.403],"sphereRadius":253.891,"stabilizedPalmPosition":[64.5486,165.021,3.02704],"t":[-3.70493,6.4446,1.40192],"timeVisible":0.110751,"type":"right","wrist":[83.2873,109.691,43.8771]}],"id":201972,"interactionBox":{"center":[0,200,0],"size":[235.247,235.247,147.751]},"pointables":[{"bases":[[[0.607427,0.58463,0.537811],[-0.587365,-0.125267,0.799569],[0.534822,-0.801571,0.267301]],[[0.535946,0.680079,0.500255],[-0.624768,-0.079043,0.776799],[0.567826,-0.728866,0.382529]],[[0.535946,0.680079,0.500255],[-0.820831,0.281149,0.497183],[0.197478,-0.677088,0.708911]],[[0.535946,0.680079,0.500255],[-0.833743,0.519555,0.18691],[-0.132796,-0.517258,0.845464]]],"btipPosition":[13.5231,193.362,-37.0815],"carpPosition":[46.5738,117.39,30.7906],"dipPosition":[10.1089,180.063,-15.3446],"direction":[-0.197478,0.677088,-0.708911],"extended":false,"handId":336,"id":3360,"length":57.2524,"mcpPosition":[46.5738,117.39,30.7906],"pipPosition":[17.5056,154.702,11.2081],"stabilizedTipPosition":[17.364,181.82,-28.1241],"timeVisible":0.110751,"tipPosition":[13.0721,192.753,-25.5366],"tipVelocity":[-74.2694,124.835,-90.4764],"tool":false,"touchDistance":0.784083,"touchZone":"hovering","type":0,"width":21.2521},{"bases":[[[0.897271,-0.076482,-0.434805],[0.392752,0.588073,0.707048],[0.201621,-0.805184,0.557699]],[[0.904381,-0.10749,-0.412965],[0.370523,0.677859,0.634996],[0.211677,-0.727292,0.65287]],[[0.904381,-0.10749,-0.412965],[0.342357,0.760456,0.551814],[0.254728,-0.640432,0.724542]],[[0.904381,-0.10749,-0.412965],[0.329681,0.790441,0.51625],[0.270933,-0.603034,0.750297]]],"btipPosition":[31.0483,268.117,-76.1909],"carpPosition":[70.233,139.541,36.4048],"dipPosition":[36.6414,255.668,-60.7018],"direction":[-0.254728,0.640432,-0.724542],"extended":true,"handId":336,"id":3362,"length":73.6098,"mcpPosition":[55.8071,197.151,-3.49817],"pipPosition":[44.5988,235.662,-38.068],"stabilizedTipPosition":[32.7678,263.107,-73.8627],"timeVisible":0.110751,"tipPosition":[30.9281,256.184,-77.5704],"tipVelocity":[-91.6661,464.021,268.132],"tool":false,"touchDistance":0.596387,"touchZone":"hovering","type":2,"width":19.9373},{"bases":[[[0.884984,-0.23825,-0.400051],[0.462082,0.555138,0.691594],[0.0573114,-0.796905,0.601379]],[[0.880278,-0.19244,-0.433679],[0.445473,0.649811,0.615873],[0.16329,-0.735332,0.657741]],[[0.880278,-0.19244,-0.433679],[0.418189,0.74646,0.517605],[0.224116,-0.636996,0.737569]],[[0.880278,-0.19244,-0.433679],[0.394493,0.804697,0.443664],[0.263601,-0.561631,0.784273]]],"btipPosition":[57.7478,258,-78.3218],"carpPosition":[81.675,139.803,31.1373],"dipPosition":[63.1583,246.472,-62.2243],"direction":[-0.224116,0.636996,-0.737569],"extended":true,"handId":336,"id":3363,"length":70.7778,"mcpPosition":[77.9934,190.995,-7.49489],"pipPosition":[69.9786,227.087,-39.7786],"stabilizedTipPosition":[59.0675,253.683,-75.4279],"timeVisible":0.110751,"tipPosition":[55.6416,246.075,-78.7827],"tipVelocity":[-20.8684,548.001,270.342],"tool":false,"touchDistance":0.540624,"touchZone":"hovering","type":3,"width":18.9716},{"bases":[[[0.797073,-0.41731,-0.436495],[0.59734,0.438723,0.671347],[-0.0886595,-0.795848,0.59897]],[[0.801955,-0.319122,-0.505004],[0.592765,0.530013,0.606395],[0.0741451,-0.785651,0.614211]],[[0.801955,-0.319122,-0.505004],[0.571302,0.656762,0.492217],[0.174591,-0.683246,0.709009]],[[0.801955,-0.319122,-0.505004],[0.555034,0.710656,0.432326],[0.22092,-0.627,0.747038]]],"btipPosition":[85.8855,238.332,-66.8561],"carpPosition":[91.4279,133.936,21.9998],"dipPosition":[90.0687,226.459,-52.7106],"direction":[-0.174591,0.683246,-0.709009],"extended":true,"handId":336,"id":3364,"length":55.4885,"mcpPosition":[96.7001,181.261,-13.6183],"pipPosition":[93.8201,211.779,-37.4766],"stabilizedTipPosition":[86.813,234.379,-64.1159],"timeVisible":0.110751,"tipPosition":[82.1938,227.325,-67.3604],"tipVelocity":[16.9653,529.801,227.913],"tool":false,"touchDistance":0.550122,"touchZone":"hovering","type":4,"width":16.8521},{"bases":[[[0.91459,0.134974,-0.381191],[0.234325,0.591365,0.771608],[0.329571,-0.795028,0.509229]],[[0.95789,-0.00496133,-0.287093],[0.220311,0.653926,0.72377],[0.184147,-0.756542,0.627482]],[[0.95789,-0.00496133,-0.287093],[0.194168,0.747779,0.634921],[0.211532,-0.663929,0.717253]],[[0.95789,-0.00496133,-0.287093],[0.174533,0.803999,0.568439],[0.228002,-0.594609,0.771009]]],"btipPosition":[15.1455,260.821,-61.4241],"carpPosition":[58.5981,136.342,40.1272],"dipPosition":[19.4249,249.66,-46.9527],"direction":[-0.211532,0.663929,-0.717253],"extended":true,"handId":336,"id":3361,"length":64.6029,"mcpPosition":[33.7327,196.325,1.70687],"pipPosition":[25.0416,232.031,-27.908],"stabilizedTipPosition":[17.1666,255.804,-59.5412],"timeVisible":0.110751,"tipPosition":[17.2029,252.555,-60.4841],"tipVelocity":[-130.125,282.075,150.681],"tool":false,"touchDistance":0.615747,"touchZone":"hovering","type":1,"width":20.3}],"r":[[0.999208,0.0354412,0.0180834],[-0.0380026,0.984725,0.169918],[-0.0117851,-0.17047,0.985292]],"s":1.05905,"t":[-3.70493,6.4446,1.40192],"timestamp":261080212678},{"currentFrameRate":29.4213,"devices":[],"gestures":[],"hands":[{"armBasis":[[0.895106,0.107601,-0.432675],[0.121846,0.874464,0.469539],[0.428881,-0.473007,0.769627]],"armWidth":66.4077,"confidence":0.664315,"direction":[-0.123893,0.910612,-0.394254],"elbow":[200.65,-17.662,251.549],"grabAngle":0.224665,"grabStrength":0,"id":336,"palmNormal":[-0.24373,-0.413069,-0.877479],"palmPosition":[59.9587,178.021,1.22244],"palmVelocity":[-23.7454,139.605,-51.7627],"palmWidth":93.3132,"pinchDistance":49.0349,"pinchStrength":0,"r":[[0.998267,0.0483359,0.033567],[-0.0546204,0.973332,0.222805],[-0.0219024,-0.224252,0.974285]],"s":1.08452,"sphereCenter":[21.9864,77.972,-214.239],"sphereRadius":242.404,"stabilizedPalmPosition":[62.5938,170.558,2.25846],"t":[-4.76633,10.8276,-0.0058211],"timeVisible":0.151954,"type":"right","wrist":[81.8955,113.311,38.4445]}],"id":201973,"interactionBox":{"center":[0,200,0],"size":[235.247,235.247,147.751]},"pointables":[{"bases":[[[0.580888,0.552229,0.598007],[-0.616778,-0.180808,0.766089],[0.531181,-0.81385,0.235574]],[[0.491556,0.671677,0.554277],[-0.643851,-0.148255,0.750651],[0.586369,-0.725858,0.359584]],[[0.491556,0.671677,0.554277],[-0.848169,0.224959,0.479586],[0.197437,-0.705864,0.680276]],[[0.491556,0.671677,0.554277],[-0.859296,0.477422,0.183516],[-0.141361,-0.566496,0.811849]]],"btipPosition":[11.2541,199.543,-40.3028],"carpPosition":[45.0324,121.382,24.4579],"dipPosition":[7.61974,184.979,-19.4302],"direction":[-0.197437,0.705864,-0.680276],"extended":false,"handId":336,"id":3360,"length":57.2524,"mcpPosition":[45.0324,121.382,24.4579],"pipPosition":[15.0149,158.54,6.05001],"stabilizedTipPosition":[14.6704,187.394,-30.9854],"timeVisible":0.151954,"tipPosition":[12.566,199.308,-29.5354],"tipVelocity":[-56.2972,142.959,-83.0066],"tool":false,"touchDistance":0.687706,"touchZone":"hovering","type":0,"width":21.2521},{"bases":[[[0.901914,-0.206049,-0.379598],[0.42996,0.51186,0.74373],[0.0410565,-0.833992,0.550247]],[[0.898125,-0.158341,-0.410242],[0.421576,0.575396,0.700852],[0.125078,-0.802401,0.58353]],[[0.898125,-0.158341,-0.410242],[0.409118,0.64292,0.647516],[0.161224,-0.749388,0.642203]],[[0.898125,-0.158341,-0.410242],[0.401569,0.675507,0.618412],[0.179201,-0.720152,0.670275]]],"btipPosition":[62.5315,274.493,-69.6554],"carpPosition":[79.8926,143.947,27.6344],"dipPosition":[66.2096,259.712,-55.8978],"direction":[-0.161224,0.749388,-0.642203],"extended":true,"handId":336,"id":3363,"length":70.7778,"mcpPosition":[77.2552,197.523,-7.71305],"pipPosition":[71.116,236.907,-36.3543],"stabilizedTipPosition":[63.2911,270.745,-66.6702],"timeVisible":0.151954,"tipPosition":[59.545,262.349,-72.4483],"tipVelocity":[106.43,382.129,197.272],"tool":false,"touchDistance":0.641818,"touchZone":"hovering","type":3,"width":18.9716},{"bases":[[[0.817081,-0.382912,-0.430995],[0.566933,0.397875,0.721306],[-0.104715,-0.833711,0.542182]],[[0.823646,-0.258983,-0.504515],[0.565449,0.442966,0.695736],[0.0432987,-0.858318,0.511288]],[[0.823646,-0.258983,-0.504515],[0.560099,0.51089,0.652135],[0.0888598,-0.819707,0.565849]],[[0.823646,-0.258983,-0.504515],[0.555388,0.548272,0.625254],[0.114681,-0.795189,0.595418]]],"btipPosition":[90.5086,254.337,-57.0083],"carpPosition":[90.0443,138.75,18.5259],"dipPosition":[92.6801,239.28,-45.7337],"direction":[-0.0888598,0.819707,-0.565849],"extended":true,"handId":336,"id":3364,"length":55.4885,"mcpPosition":[96.2713,188.327,-13.7154],"pipPosition":[94.5894,221.668,-33.5757],"stabilizedTipPosition":[90.9036,250.464,-54.6566],"timeVisible":0.151954,"tipPosition":[86.562,243.125,-60.5744],"tipVelocity":[100.972,370.678,222.982],"tool":false,"touchDistance":0.666256,"touchZone":"hovering","type":4,"width":16.8521},{"bases":[[[0.92744,0.165336,-0.335439],[0.198959,0.541348,0.81692],[0.316656,-0.824383,0.469172]],[[0.969145,0.0150844,-0.246029],[0.188315,0.598717,0.778509],[0.159045,-0.800819,0.577403]],[[0.969145,0.0150844,-0.246029],[0.162874,0.709992,0.685116],[0.185013,-0.704048,0.685628]],[[0.969145,0.0150844,-0.246029],[0.148075,0.762323,0.63003],[0.197057,-0.647021,0.736568]]],"btipPosition":[16.5078,270.594,-59.2112],"carpPosition":[56.5163,139.762,35.4681],"dipPosition":[20.2065,258.45,-45.3863],"direction":[-0.185013,0.704048,-0.685628],"extended":true,"handId":336,"id":3361,"length":64.6029,"mcpPosition":[32.6253,201.96,0.0700326],"pipPosition":[25.119,239.756,-27.1812],"stabilizedTipPosition":[17.356,267.645,-56.077],"timeVisible":0.151954,"tipPosition":[17.9905,262.257,-58.8236],"tipVelocity":[29.822,231.706,50.0986],"tool":false,"touchDistance":0.618469,"touchZone":"hovering","type":1,"width":20.3},{"bases":[[[0.914097,-0.0422861,-0.403285],[0.359793,0.543276,0.758552],[0.187019,-0.838489,0.511821]],[[0.914215,-0.0428171,-0.402961],[0.337728,0.630046,0.699272],[0.223943,-0.775376,0.590459]],[[0.914215,-0.0428171,-0.402961],[0.323693,0.675402,0.662612],[0.243789,-0.736206,0.631322]],[[0.914215,-0.0428171,-0.402961],[0.311412,0.710521,0.631017],[0.259294,-0.702372,0.662903]]],"btipPosition":[30.0503,281.818,-68.8716],"carpPosition":[68.2578,143.27,32.4206],"dipPosition":[35.4031,267.318,-55.1866],"direction":[-0.243789,0.736206,-0.631322],"extended":true,"handId":336,"id":3362,"length":73.6098,"mcpPosition":[54.8767,203.264,-4.19984],"pipPosition":[43.0188,244.32,-35.4649],"stabilizedTipPosition":[31.331,277.971,-65.9953],"timeVisible":0.151954,"tipPosition":[32.049,270.213,-72.4586],"tipVelocity":[-25.5616,321.079,167.569],"tool":false,"touchDistance":0.673647,"touchZone":"hovering","type":2,"width":19.9373}],"r":[[0.998267,0.0483359,0.033567],[-0.0546204,0.973332,0.222805],[-0.0219024,-0.224252,0.974285]],"s":1.08452,"t":[-4.76633,10.8276,-0.0058211],"timestamp":261080253881},{"currentFrameRate":31.3288,"devices":[],"gestures":[],"hands":[{"armBasis":[[0.901271,0.133844,-0.412064],[0.10735,0.852442,0.511681],[0.419747,-0.505399,0.753913]],"armWidth":66.4077,"confidence":0.720058,"direction":[-0.123044,0.929968,-0.346438],"elbow":[198.973,-22.4467,242.313],"grabAngle":0.23276,"grabStrength":0,"id":336,"palmNormal":[-0.227305,-0.36622,-0.902339],"palmPosition":[61.008,183.959,-0.527495],"palmVelocity":[51.5327,291.598,-85.9413],"palmWidth":93.3132,"pinchDistance":62.4933,"pinchStrength":0,"r":[[0.997018,0.0585866,0.0502271],[-0.0701872,0.958982,0.274639],[-0.0320766,-0.277346,0.960235]],"s":1.10597,"sphereCenter":[19.7638,101.749,-211.507],"sphereRadius":232.442,"stabilizedPalmPosition":[61.9335,176.138,1.09842],"t":[-4.77237,15.9878,-1.58466],"timeVisible":0.172316,"type":"right","wrist":[82.7482,117.495,33.5589]}],"id":201974,"interactionBox":{"center":[0,200,0],"size":[235.247,235.247,147.751]},"pointables":[{"bases":[[[0.568021,0.522014,0.636281],[-0.627773,-0.225134,0.745128],[0.532215,-0.822689,0.199825]],[[0.493374,0.625327,0.604606],[-0.634857,-0.216271,0.741743],[0.594591,-0.749795,0.290291]],[[0.493374,0.625327,0.604606],[-0.840191,0.162745,0.517295],[0.225082,-0.763204,0.605688]],[[0.493374,0.625327,0.604606],[-0.862525,0.441542,0.247168],[-0.112398,-0.643434,0.757205]]],"btipPosition":[10.0733,209.582,-37.6449],"carpPosition":[46.0525,126.07,19.3699],"dipPosition":[7.18355,193.04,-18.1772],"direction":[-0.225082,0.763204,-0.605688],"extended":false,"handId":336,"id":3360,"length":57.2524,"mcpPosition":[46.0525,126.07,19.3699],"pipPosition":[15.6142,164.453,4.50927],"stabilizedTipPosition":[11.4646,198.594,-32.3148],"timeVisible":0.172316,"tipPosition":[12.76