{"frames":203,"data":[{"currentFrameRate":17.7937,"devices":[],"gestures":[],"hands":[],"id":202438,"interactionBox":{"center":[0,200,0],"size":[235.247,235.247,147.751]},"pointables":[],"r":[[-0.0794966,-0.728761,-0.680138],[0.446709,0.583909,-0.677865],[0.891141,-0.357712,0.279125]],"s":-5.62558,"t":[894.675,787.691,741.58],"timestamp":261095312295},{"currentFrameRate":19.1779,"devices":[],"gestures":[],"hands":[],"id":202439,"interactionBox":{"center":[0,200,0],"size":[235.247,235.247,147.751]},"pointables":[],"r":[[-0.0794966,-0.728761,-0.680138],[0.446709,0.583909,-0.677865],[0.891141,-0.357712,0.279125]],"s":-5.62558,"t":[894.675,787.691,741.58],"timestamp":261095351392},{"currentFrameRate":20.268,"devices":[],"gestures":[],"hands":[],"id":202440,"interactionBox":{"center":[0,200,0],"size":[235.247,235.247,147.751]},"pointables":[],"r":[[-0.0794966,-0.728761,-0.680138],[0.446709,0.583909,-0.677865],[0.891141,-0.357712,0.279125]],"s":-5.62558,"t":[894.675,787.691,741.58],"timestamp":261095391017},{"currentFrameRate":21.0581,"devices":[],"gestures":[],"hands":[],"id":202441,"interactionBox":{"center":[0,200,0],"size":[235.247,235.247,147.751]},"pointables":[],"r":[[-0.0794966,-0.728761,-0.680138],[0.446709,0.583909,-0.677865],[0.891141,-0.357712,0.279125]],"s":-5.62558,"t":[894.675,787.691,741.58],"timestamp":261095431744},{"currentFrameRate":21.9936,"devices":[],"gestures":[],"hands":[{"armBasis":[[0.843223,-0.281806,-0.457778],[0.360914,0.92789,0.0935972],[0.398391,-0.244142,0.884126]],"armWidth":65.3469,"confidence":0,"direction":[0.0130837,0.661188,-0.750106],"elbow":[212.75,44.7465,321.647],"grabAngle":2.08249,"grabStrength":0,"id":339,"palmNormal":[-0.422905,-0.676113,-0.603343],"palmPosition":[89.7315,159.023,15.7643],"palmVelocity":[1.19209e-7,1.19209e-7,1.19209e-7],"palmWidth":93.3132,"pinchDistance":59.127,"pinchStrength":0.602231,"r":[[1,1.2837e-17,1.14492e-17],[-1.2837e-17,1,-3.33067e-17],[-1.14492e-17,3.33067e-17,1]],"s":1,"sphereCenter":[81.7322,137.117,-33.5568],"sphereRadius":53.993,"stabilizedPalmPosition":[89.7315,159.023,15.7643],"t":[0,0,0],"timeVisible":0,"type":"right","wrist":[102.438,112.348,76.838]}],"id":202442,"interactionBox":{"center":[0,200,0],"size":[235.247,235.247,147.751]},"pointables":[{"bases":[[[0.745415,0.602927,0.284317],[-0.545184,0.305982,0.78048],[0.383576,-0.736787,0.556789]],[[0.680792,0.704866,0.199212],[-0.598424,0.378399,0.706189],[0.422387,-0.599981,0.67942]],[[0.680792,0.704866,0.199212],[-0.714448,0.579036,0.392786],[0.161511,-0.409733,0.897794]],[[0.680792,0.704866,0.199212],[-0.725361,0.686583,0.0495504],[-0.101849,-0.178234,0.978703]]],"btipPosition":[41.9179,171.876,-27.9366],"carpPosition":[66.7437,122.557,61.7268],"dipPosition":[39.4734,167.598,-4.44657],"direction":[-0.161511,0.409733,-0.897794],"extended":false,"handId":339,"id":3390,"length":53.447,"mcpPosition":[66.7437,122.557,61.7268],"pipPosition":[45.1209,153.272,26.9458],"stabilizedTipPosition":[41.3557,170.892,-22.5339],"timeVisible":0,"tipPosition":[41.3557,170.892,-22.5339],"tipVelocity":[1.19209e-7,1.19209e-7,1.19209e-7],"tool":false,"touchDistance":1,"touchZone":"none","type":0,"width":20.767},{"bases":[[[0.895413,-0.209487,-0.392874],[0.397572,0.773419,0.49372],[0.200428,-0.598279,0.775816]],[[0.916833,-0.313269,-0.247547],[0.399262,0.723364,0.563324],[0.00259427,-0.61531,0.788281]],[[0.916833,-0.313269,-0.247547],[0.398745,0.750195,0.527456],[0.0204722,-0.582297,0.812718]],[[0.916833,-0.313269,-0.247547],[0.394484,0.806441,0.440494],[0.0616386,-0.501512,0.862952]]],"btipPosition":[66.0384,236.152,-65.1764],"carpPosition":[82.8621,140.682,63.3543],"dipPosition":[67.1184,227.364,-50.0559],"direction":[-0.0204722,0.582297,-0.812718],"extended":true,"handId":339,"id":3391,"length":60.309,"mcpPosition":[67.7402,185.821,4.82052],"pipPosition":[67.6259,212.931,-29.9106],"stabilizedTipPosition":[66.2868,234.131,-61.6987],"timeVisible":0,"tipPosition":[66.2868,234.131,-61.6987],"tipVelocity":[1.19209e-7,1.19209e-7,1.19209e-7],"tool":false,"touchDistance":0.607853,"touchZone":"hovering","type":1,"width":19.8367},{"bases":[[[0.833276,-0.41715,-0.362819],[0.547533,0.713545,0.437105],[0.0765489,-0.562884,0.822983]],[[0.829182,-0.392399,-0.398096],[0.252436,0.898293,-0.359646],[0.498731,0.197718,0.843904]],[[0.829182,-0.392399,-0.398096],[-0.400712,0.0792712,-0.912768],[0.389727,0.916373,-0.0915087]],[[0.829182,-0.392399,-0.398096],[-0.553538,-0.477291,-0.682487],[0.0777997,0.786267,-0.612969]]],"btipPosition":[51.6259,128.401,-27.2776],"carpPosition":[94.6204,139.776,58.8398],"dipPosition":[53.1252,143.553,-39.0906],"direction":[-0.389727,-0.916373,0.0915087],"extended":false,"handId":339,"id":3392,"length":68.7173,"mcpPosition":[89.1434,180.05,-0.0441174],"pipPosition":[64.4906,170.277,-41.7592],"stabilizedTipPosition":[51.9707,131.886,-29.9946],"timeVisible":0,"tipPosition":[51.9707,131.886,-29.9946],"tipVelocity":[1.19209e-7,1.19209e-7,1.19209e-7],"tool":false,"touchDistance":0.333333,"touchZone":"none","type":2,"width":19.4822},{"bases":[[[0.791796,-0.548032,-0.269667],[0.607828,0.663611,0.436079],[-0.0600311,-0.509197,0.858554]],[[0.792938,-0.536534,-0.288756],[0.411748,0.821176,-0.395138],[0.449124,0.194426,0.872059]],[[0.792938,-0.536534,-0.288756],[-0.286207,0.0903908,-0.953895],[0.537898,0.839024,-0.0818857]],[[0.792938,-0.536534,-0.288756],[-0.546459,-0.416605,-0.726514],[0.269503,0.733874,-0.623536]]],"btipPosition":[68.3404,121.583,-26.8347],"carpPosition":[105.508,135.679,54.0023],"dipPosition":[73.5043,135.645,-38.7823],"direction":[-0.537898,-0.839024,0.0818857],"extended":false,"handId":339,"id":3393,"length":66.0735,"mcpPosition":[109.365,168.389,-1.15059],"pipPosition":[88.7856,159.481,-41.1086],"stabilizedTipPosition":[69.5281,124.817,-29.5827],"timeVisible":0,"tipPosition":[69.5281,124.817,-29.5827],"tipVelocity":[1.19209e-7,1.19209e-7,1.19209e-7],"tool":false,"touchDistance":0.333333,"touchZone":"none","type":3,"width":18.5386},{"bases":[[[0.668138,-0.705346,-0.236807],[0.715875,0.522683,0.462954],[-0.202768,-0.478841,0.854164]],[[0.673999,-0.69045,-0.262687],[0.608706,0.720549,-0.332092],[0.418572,0.0639305,0.905931]],[[0.673999,-0.69045,-0.262687],[-0.165818,0.205118,-0.964588],[0.719882,0.693689,0.0237606]],[[0.673999,-0.69045,-0.262687],[-0.576279,-0.268934,-0.771736],[0.4622,0.67153,-0.579153]]],"btipPosition":[87.5474,125.32,-26.0058],"carpPosition":[113.278,124.948,47.8774],"dipPosition":[95.7176,137.19,-36.2435],"direction":[-0.719882,-0.693689,-0.0237606],"extended":false,"handId":339,"id":3394,"length":51.8004,"mcpPosition":[125.335,153.423,-2.91602],"pipPosition":[110.157,151.104,-35.7669],"stabilizedTipPosition":[89.4265,128.05,-28.3605],"timeVisible":0,"tipPosition":[89.4265,128.05,-28.3605],"tipVelocity":[1.19209e-7,1.19209e-7,1.19209e-7],"tool":false,"touchDistance":0.333333,"touchZone":"none","type":4,"width":16.4674}],"r":[[1,1.2837e-17,1.14492e-17],[-1.2837e-17,1,-3.33067e-17],[-1.14492e-17,3.33067e-17,1]],"s":1,"t":[0,0,0],"timestamp":261095469490},{"currentFrameRate":22.6057,"devices":[],"gestures":[],"hands":[{"armBasis":[[0.854735,-0.161036,-0.493454],[0.297458,0.931035,0.211404],[0.425379,-0.327476,0.843689]],"armWidth":66.4077,"confidence":0.204322,"direction":[-0.031879,0.707621,-0.705873],"elbow":[224.244,28.5598,311.806],"grabAngle":1.47542,"grabStrength":0,"id":339,"palmNormal":[-0.361912,-0.66648,-0.651785],"palmPosition":[90.5283,169.255,20.4948],"palmVelocity":[20.2527,260.096,120.249],"palmWidth":93.3132,"pinchDistance":57.8829,"pinchStrength":0.167427,"r":[[0.999872,0.0157024,0.00302411],[-0.01574,0.999794,0.0128382],[-0.0028219,-0.0128841,0.999913]],"s":0.969657,"sphereCenter":[79.398,130.379,-44.7562],"sphereRadius":72.7169,"stabilizedPalmPosition":[90.023,162.766,17.4951],"t":[0.39836,5.11595,2.36524],"timeVisible":0.039339,"type":"right","wrist":[106.459,119.236,78.1939]}],"id":202443,"interactionBox":{"center":[0,200,0],"size":[235.247,235.247,147.751]},"pointables":[{"bases":[[[0.692384,0.63976,0.333634],[-0.575507,0.210773,0.790169],[0.435198,-0.739108,0.514122]],[[0.647559,0.707555,0.282903],[-0.595187,0.237811,0.767593],[0.475837,-0.665441,0.575124]],[[0.647559,0.707555,0.282903],[-0.73537,0.482936,0.475399],[0.199747,-0.515887,0.833044]],[[0.647559,0.707555,0.282903],[-0.760983,0.619785,0.19176],[-0.0396582,-0.33946,0.939784]]],"btipPosition":[39.2244,190.298,-21.1347],"carpPosition":[70.0455,128.182,63.6712],"dipPosition":[38.2048,181.57,3.02719],"direction":[-0.199747,0.515887,-0.833044],"extended":false,"handId":339,"id":3390,"length":57.2524,"mcpPosition":[70.0455,128.182,63.6712],"pipPosition":[45.6864,162.247,34.2294],"stabilizedTipPosition":[39.4789,184.694,-17.0153],"timeVisible":0.039339,"tipPosition":[40.5494,183.469,-16.7714],"tipVelocity":[-60.1392,442.26,176.833],"tool":false,"touchDistance":1,"touchZone":"none","type":0,"width":21.2521},{"bases":[[[0.913088,-0.112543,-0.391923],[0.330042,0.76843,0.548259],[0.239463,-0.62996,0.738788]],[[0.941069,-0.222375,-0.254829],[0.320508,0.826948,0.461987],[0.107996,-0.516437,0.849488]],[[0.941069,-0.222375,-0.254829],[0.28955,0.919098,0.267246],[0.174784,-0.325283,0.929323]],[[0.941069,-0.222375,-0.254829],[0.240798,0.969617,0.0431212],[0.237497,-0.101942,0.966024]]],"btipPosition":[52.3964,229.824,-71.939],"carpPosition":[84.659,147.371,66.7012],"dipPosition":[56.8541,227.911,-53.8073],"direction":[-0.174784,0.325283,-0.929323],"extended":true,"handId":339,"id":3391,"length":64.6029,"mcpPosition":[66.592,194.9,10.9611],"pipPosition":[61.495,219.274,-29.1316],"stabilizedTipPosition":[58.8784,231.397,-65.1941],"timeVisible":0.039339,"tipPosition":[55.548,233.805,-63.934],"tipVelocity":[-327.032,-120.661,-154.3],"tool":false,"touchDistance":0.489351,"touchZone":"hovering","type":1,"width":20.3},{"bases":[[[0.867313,-0.325957,-0.376191],[0.484836,0.724323,0.490194],[0.112702,-0.607542,0.786251]],[[0.872886,-0.365619,-0.323097],[0.381565,0.92422,-0.0150096],[0.304101,-0.110181,0.946247]],[[0.872886,-0.365619,-0.323097],[0.0776085,0.757797,-0.647859],[0.481712,0.540432,0.689846]],[[0.872886,-0.365619,-0.323097],[-0.17973,0.374689,-0.909563],[0.453615,0.852016,0.261349]]],"btipPosition":[47.9182,162.519,-70.989],"carpPosition":[96.4967,147.687,62.3162],"dipPosition":[57.2826,180.108,-65.5937],"direction":[-0.481712,-0.540432,-0.689846],"extended":false,"handId":339,"id":3392,"length":73.6098,"mcpPosition":[88.4329,191.156,6.06044],"pipPosition":[72.3306,196.99,-44.0438],"stabilizedTipPosition":[50.7735,153.751,-55.0599],"timeVisible":0.039339,"tipPosition":[50.574,164.317,-65.8362],"tipVelocity":[-48.266,881.533,-1010.54],"tool":false,"touchDistance":-0.324636,"touchZone":"touching","type":2,"width":19.9373},{"bases":[[[0.835412,-0.465478,-0.292263],[0.548908,0.679448,0.486878],[-0.0280536,-0.567169,0.823123]],[[0.834067,-0.483579,-0.265487],[0.490428,0.870342,-0.0445539],[0.25261,-0.0930414,0.963084]],[[0.834067,-0.483579,-0.265487],[0.209151,0.722513,-0.658962],[0.510478,0.494092,0.703766]],[[0.834067,-0.483579,-0.265487],[-0.0727567,0.380619,-0.921865],[0.546844,0.788214,0.282278]]],"btipPosition":[70.3674,154.567,-69.9675],"carpPosition":[107.723,144.78,57.391],"dipPosition":[81.5915,170.745,-64.1737],"direction":[-0.510478,-0.494092,-0.703766],"extended":false,"handId":339,"id":3393,"length":70.7778,"mcpPosition":[109.525,181.215,4.51409],"pipPosition":[97.1263,185.782,-42.7567],"stabilizedTipPosition":[71.6654,145.729,-53.982],"timeVisible":0.039339,"tipPosition":[73.01,156.101,-64.4631],"tipVelocity":[86.9583,850.832,-992.712],"tool":false,"touchDistance":-0.314118,"touchZone":"touching","type":3,"width":18.9716},{"bases":[[[0.724294,-0.633816,-0.271433],[0.667514,0.545983,0.506289],[-0.172696,-0.547887,0.818533]],[[0.718313,-0.65125,-0.244747],[0.673164,0.739449,0.00807292],[0.17572,-0.170553,0.969553]],[[0.718313,-0.65125,-0.244747],[0.400832,0.67493,-0.619518],[0.568648,0.346905,0.745853]],[[0.718313,-0.65125,-0.244747],[0.105055,0.449288,-0.887189],[0.687743,0.611567,0.391146]]],"btipPosition":[94.5826,155.285,-59.0593],"carpPosition":[116.38,135.114,50.7086],"dipPosition":[107.605,166.866,-51.6528],"direction":[-0.568648,-0.346905,-0.745853],"extended":false,"handId":339,"id":3394,"length":55.4885,"mcpPosition":[126.649,167.694,2.03396],"pipPosition":[119.823,174.319,-35.6272],"stabilizedTipPosition":[95.2318,149.344,-49.0107],"timeVisible":0.039339,"tipPosition":[96.8991,155.412,-52.5082],"tipVelocity":[207.207,760.029,-737.063],"tool":false,"touchDistance":-0.199922,"touchZone":"touching","type":4,"width":16.8521}],"r":[[0.999872,0.0157024,0.00302411],[-0.01574,0.999794,0.0128382],[-0.0028219,-0.0128841,0.999913]],"s":0.969657,"t":[0.39836,5.11595,2.36524],"timestamp":261095508829},{"currentFrameRate":24.0143,"devices":[],"gestures":[],"hands":[{"armBasis":[[0.87064,-0.107391,-0.480055],[0.300041,0.889265,0.345228],[0.389822,-0.444606,0.806452]],"armWidth":66.4077,"confidence":0.353563,"direction":[-0.0410332,0.770942,-0.635582],"elbow":[213.872,-2.02992,296.061],"grabAngle":1.11002,"grabStrength":0,"id":339,"palmNormal":[-0.357614,-0.605309,-0.711135],"palmPosition":[89.8494,176.558,20.2494],"palmVelocity":[-22.0372,237.082,-7.96748],"palmWidth":93.3132,"pinchDistance":52.3483,"pinchStrength":0.0830523,"r":[[0.999531,0.0301491,0.0054268],[-0.0303509,0.998655,0.0420299],[-0.00415234,-0.0421748,0.999102]],"s":0.926785,"sphereCenter":[67.4443,125.375,-59.9705],"sphereRadius":93.783,"stabilizedPalmPosition":[89.9283,170.292,18.9981],"t":[0.258134,11.3253,3.42515],"timeVisible":0.070142,"type":"right","wrist":[105.933,121.079,72.7598]}],"id":202444,"interactionBox":{"center":[0,200,0],"size":[235.247,235.247,147.751]},"pointables":[{"bases":[[[0.687276,0.612121,0.3911],[-0.574903,0.129271,0.807945],[0.444002,-0.780126,0.440755]],[[0.636544,0.691084,0.342367],[-0.601574,0.167117,0.78114],[0.482619,-0.703189,0.522115]],[[0.636544,0.691084,0.342367],[-0.742304,0.428527,0.515121],[0.209278,-0.582037,0.785771]],[[0.636544,0.691084,0.342367],[-0.771082,0.561257,0.300705],[0.0156568,-0.455405,0.890147]]],"btipPosition":[36.959,200.886,-19.6566],"carpPosition":[69.9065,131.379,59.3889],"dipPosition":[37.3616,189.177,3.2291],"direction":[-0.209278,0.582037,-0.785771],"extended":false,"handId":339,"id":3390,"length":57.2524,"mcpPosition":[69.9065,131.379,59.3889],"pipPosition":[45.2002,167.377,32.6607],"stabilizedTipPosition":[37.2648,197.007,-14.6232],"timeVisible":0.070142,"tipPosition":[39.421,194.075,-15.3097],"tipVelocity":[-62.9251,321.48,38.4564],"tool":false,"touchDistance":1,"touchZone":"none","type":0,"width":21.2521},{"bases":[[[0.912833,-0.0658574,-0.402986],[0.32442,0.716285,0.617809],[0.247966,-0.694693,0.675214]],[[0.940291,-0.1731,-0.293068],[0.287793,0.864059,0.413011],[0.181736,-0.472694,0.862283]],[[0.940291,-0.1731,-0.293068],[0.234989,0.95304,0.191038],[0.246237,-0.2485,0.936811]],[[0.940291,-0.1731,-0.293068],[0.188752,0.981686,0.0257709],[0.28324,-0.0795495,0.955744]]],"btipPosition":[45.2039,233.152,-70.2649],"carpPosition":[84.3441,150.339,64.1885],"dipPosition":[50.5201,231.659,-52.3262],"direction":[-0.246237,0.2485,-0.936811],"extended":true,"handId":339,"id":3391,"length":64.6029,"mcpPosition":[65.6356,202.752,13.2449],"pipPosition":[57.0583,225.061,-27.4517],"stabilizedTipPosition":[50.2169,232.379,-65.8514],"timeVisible":0.070142,"tipPosition":[49.8486,239.911,-62.2657],"tipVelocity":[-227.091,111.189,52.9054],"tool":false,"touchDistance":0.498194,"touchZone":"hovering","type":1,"width":20.3},{"bases":[[[0.869172,-0.280245,-0.407434],[0.47944,0.679413,0.555459],[0.121152,-0.67813,0.724888]],[[0.874837,-0.320064,-0.36362],[0.408579,0.890782,0.198925],[0.260237,-0.322594,0.91006]],[[0.874837,-0.320064,-0.36362],[0.239601,0.938283,-0.249432],[0.421012,0.131089,0.897532]],[[0.874837,-0.320064,-0.36362],[0.042696,0.798658,-0.600269],[0.482532,0.509613,0.712361]]],"btipPosition":[50.6024,202.172,-82.972],"carpPosition":[96.1636,151.186,59.8251],"dipPosition":[60.5637,212.692,-68.2661],"direction":[-0.421012,-0.131089,-0.897532],"extended":true,"handId":339,"id":3392,"length":73.6098,"mcpPosition":[87.4953,199.706,7.95983],"pipPosition":[73.7156,216.787,-40.2283],"stabilizedTipPosition":[52.4146,193.107,-74.0488],"timeVisible":0.070142,"tipPosition":[52.0367,197.922,-76.0063],"tipVelocity":[91.5981,1234.53,-319.502],"tool":false,"touchDistance":-0.46813,"touchZone":"touching","type":2,"width":19.9373},{"bases":[[[0.838895,-0.427397,-0.337026],[0.543931,0.635691,0.547755],[-0.0198644,-0.642828,0.765753]],[[0.838913,-0.426813,-0.337722],[0.500342,0.848993,0.169908],[0.214205,-0.311514,0.925783]],[[0.838913,-0.426813,-0.337722],[0.354965,0.89944,-0.254967],[0.412584,0.0940156,0.906055]],[[0.838913,-0.426813,-0.337722],[0.209094,0.825631,-0.524036],[0.502499,0.369005,0.781876]]],"btipPosition":[75.2937,195.02,-83.6326],"carpPosition":[107.401,148.87,54.6201],"dipPosition":[85.6077,202.594,-67.5844],"direction":[-0.412584,-0.0940156,-0.906055],"extended":true,"handId":339,"id":3393,"length":70.7778,"mcpPosition":[108.677,190.165,5.42863],"pipPosition":[98.1634,205.455,-40.0113],"stabilizedTipPosition":[76.2348,184.591,-73.7503],"timeVisible":0.070142,"tipPosition":[76.2638,190.265,-76.2591],"tipVelocity":[153.135,1249.04,-367.061],"tool":false,"touchDistance":-0.480638,"touchZone":"touching","type":3,"width":18.9716},{"bases":[[[0.729476,-0.598045,-0.331975],[0.663882,0.50217,0.554153],[-0.164701,-0.624633,0.763352]],[[0.730923,-0.592423,-0.338803],[0.669062,0.719922,0.184574],[0.134566,-0.36159,0.922575]],[[0.730923,-0.592423,-0.338803],[0.526463,0.805359,-0.272456],[0.434268,0.020777,0.900544]],[[0.730923,-0.592423,-0.338803],[0.380186,0.765739,-0.518751],[0.566755,0.250359,0.784927]]],"btipPosition":[100.633,185.969,-68.4105],"carpPosition":[116.129,139.967,47.0314],"dipPosition":[111.365,190.71,-53.5475],"direction":[-0.434268,-0.020777,-0.900544],"extended":true,"handId":339,"id":3394,"length":55.4885,"mcpPosition":[125.923,177.111,1.63816],"pipPosition":[120.696,191.156,-34.1982],"stabilizedTipPosition":[101.685,180.271,-62.1155],"timeVisible":0.070142,"tipPosition":[100.441,180.472,-60.7127],"tipVelocity":[179.314,945.07,-247.903],"tool":false,"touchDistance":-0.322806,"touchZone":"touching","type":4,"width":16.8521}],"r":[[0.999531,0.0301491,0.0054268],[-0.0303509,0.998655,0.0420299],[-0.00415234,-0.0421748,0.999102]],"s":0.926785,"t":[0.258134,11.3253,3.42515],"timestamp":261095539632},{"currentFrameRate":26.4665,"devices":[],"gestures":[],"hands":[{"armBasis":[[0.897318,-0.0298329,-0.440375],[0.2415,0.868309,0.433263],[0.369456,-0.495125,0.786355]],"armWidth":66.4077,"confidence":0.442986,"direction":[-0.0808629,0.809246,-0.581878],"elbow":[208.309,-14.7972,286.233],"grabAngle":0.885011,"grabStrength":0,"id":339,"palmNormal":[-0.306268,-0.57572,-0.75812],"palmPosition":[87.6259,180.347,19.6192],"palmVelocity":[-110.059,187.555,-31.1957],"palmWidth":93.3132,"pinchDistance":53.9935,"pinchStrength":0.0372528,"r":[[0.998452,0.0542693,0.0121619],[-0.0550623,0.99536,0.0789049],[-0.00782341,-0.0794525,0.996808]],"s":0.902166,"sphereCenter":[61.8188,118.643,-77.8639],"sphereRadius":115.351,"stabilizedPalmPosition":[88.7759,175.325,19.3089],"t":[-0.92374,16.3246,3.63998],"timeVisible":0.090345,"type":"right","wrist":[106.009,122.3,68.4968]}],"id":202445,"interactionBox":{"center":[0,200,0],"size":[235.247,235.247,147.751]},"pointables":[{"bases":[[[0.639831,0.625807,0.446074],[-0.594826,0.0357355,0.80306],[0.48662,-0.779159,0.395111]],[[0.582745,0.707302,0.400164],[-0.617717,0.0655701,0.783662],[0.528047,-0.703864,0.475123]],[[0.582745,0.707302,0.400164],[-0.781193,0.351874,0.515676],[0.223931,-0.613113,0.757593]],[[0.582745,0.707302,0.400164],[-0.812622,0.511598,0.279129],[-0.00729476,-0.487843,0.872901]]],"btipPosition":[34.8051,202.909,-19.9886],"carpPosition":[70.0369,131.37,55.1524],"dipPosition":[34.6175,190.367,2.45369],"direction":[-0.223931,0.613113,-0.757593],"extended":false,"handId":339,"id":3390,"length":57.2524,"mcpPosition":[70.0369,131.37,55.1524],"pipPosition":[43.005,167.402,30.8298],"stabilizedTipPosition":[35.2104,199.484,-14.7904],"timeVisible":0.090345,"tipPosition":[36.5915,197.28,-15.6089],"tipVelocity":[-113.333,90.6569,-21.4816],"tool":false,"touchDistance":1,"touchZone":"none","type":0,"width":21.2521},{"bases":[[[0.891875,-0.19527,-0.407956],[0.425485,0.668107,0.610405],[0.153365,-0.717985,0.678953]],[[0.899656,-0.239325,-0.36516],[0.370921,0.860136,0.350119],[0.230295,-0.450432,0.862598]],[[0.899656,-0.239325,-0.36516],[0.261193,0.965225,0.0109038],[0.349852,-0.105187,0.930881]],[[0.899656,-0.239325,-0.36516],[0.148032,0.95404,-0.260564],[0.410737,0.180363,0.893736]]],"btipPosition":[52.3681,227.513,-84.3029],"carpPosition":[94.9437,152.728,57.4805],"dipPosition":[60.8474,231.236,-65.8527],"direction":[-0.349852,0.105187,-0.930881],"extended":true,"handId":339,"id":3392,"length":73.6098,"mcpPosition":[83.9706,204.099,8.90185],"pipPosition":[71.7763,227.95,-36.7731],"stabilizedTipPosition":[53.8541,219.771,-78.5937],"timeVisible":0.090345,"tipPosition":[52.5017,218.842,-78.2052],"tipVelocity":[70.5283,1176.93,-23.2484],"tool":false,"touchDistance":-0.456695,"touchZone":"touching","type":2,"width":19.9373},{"bases":[[[0.870094,-0.348604,-0.348443],[0.492791,0.629221,0.601031],[0.00972544,-0.694663,0.71927]],[[0.869666,-0.333172,-0.364248],[0.453243,0.831276,0.321793],[0.195578,-0.444946,0.873941]],[[0.869666,-0.333172,-0.364248],[0.352724,0.935628,-0.0136536],[0.34535,-0.116605,0.931202]],[[0.869666,-0.333172,-0.364248],[0.266433,0.937979,-0.221829],[0.415564,0.0958693,0.904497]]],"btipPosition":[77.1254,219.546,-83.6459],"carpPosition":[106.389,151.501,52.3583],"dipPosition":[85.655,221.513,-65.0808],"direction":[-0.34535,0.116605,-0.931202],"extended":true,"handId":339,"id":3393,"length":70.7778,"mcpPosition":[105.764,196.126,6.15292],"pipPosition":[96.1647,217.965,-36.7425],"stabilizedTipPosition":[78.363,211.008,-77.9476],"timeVisible":0.090345,"tipPosition":[77.0314,210.536,-77.7786],"tipVelocity":[70.3501,1150.12,27.9973],"tool":false,"touchDistance":-0.452423,"touchZone":"touching","type":3,"width":18.9716},{"bases":[[[0.771907,-0.525802,-0.357339],[0.621033,0.50348,0.600688],[-0.13593,-0.685595,0.71518]],[[0.776843,-0.497169,-0.386442],[0.618234,0.718736,0.318128],[0.119587,-0.486047,0.865712]],[[0.776843,-0.497169,-0.386442],[0.519467,0.852848,-0.0529557],[0.355904,-0.159606,0.920792]],[[0.776843,-0.497169,-0.386442],[0.418604,0.866199,-0.272892],[0.470409,0.050228,0.881018]]],"btipPosition":[102.678,205.849,-68.2676],"carpPosition":[115.795,143.722,44.3555],"dipPosition":[111.586,206.8,-51.5852],"direction":[-0.355904,0.159606,-0.920792],"extended":true,"handId":339,"id":3394,"length":55.4885,"mcpPosition":[123.878,184.491,1.82678],"pipPosition":[119.233,203.371,-31.8008],"stabilizedTipPosition":[104.098,200.734,-63.952],"timeVisible":0.090345,"tipPosition":[101.483,196.931,-62.2028],"tipVelocity":[80.4707,940.868,27.784],"tool":false,"touchDistance":-0.310439,"touchZone":"touching","type":4,"width":16.8521},{"bases":[[[0.921463,0.0206271,-0.387919],[0.26743,0.690602,0.671975],[0.281759,-0.722941,0.630847]],[[0.954878,-0.096444,-0.280902],[0.230056,0.838357,0.494198],[0.187833,-0.536522,0.822716]],[[0.954878,-0.096444,-0.280902],[0.18655,0.930714,0.314596],[0.231098,-0.352804,0.90671]],[[0.954878,-0.096444,-0.280902],[0.150444,0.972554,0.177496],[0.256074,-0.211747,0.943181]]],"btipPosition":[42.0706,244.036,-66.6692],"carpPosition":[83.1363,150.828,61.5343],"dipPosition":[46.8769,240.062,-48.9663],"direction":[-0.231098,0.352804,-0.90671],"extended":true,"handId":339,"id":3391,"length":64.6029,"mcpPosition":[61.8782,205.372,13.9381],"pipPosition":[53.0131,230.694,-24.891],"stabilizedTipPosition":[44.102,241.71,-63.0255],"timeVisible":0.090345,"tipPosition":[44.5437,245.884,-59.8847],"tipVelocity":[-160.896,510.485,175.294],"tool":false,"touchDistance":0.53483,"touchZone":"hovering","type":1,"width":20.3}],"r":[[0.998452,0.0542693,0.0121619],[-0.0550623,0.99536,0.0789049],[-0.00782341,-0.0794525,0.996808]],"s":0.902166,"t":[-0.92374,16.3246,3.63998],"timestamp":261095559835},{"currentFrameRate":28.6367,"devices":[],"gestures":[],"hands":[{"armBasis":[[0.903336,-0.00596139,-0.428892],[0.230728,0.849673,0.474153],[0.361591,-0.527277,0.768916]],"armWidth":66.4077,"confidence":0.525698,"direction":[-0.0859016,0.865162,-0.494081],"elbow":[204.811,-26.1894,276.073],"grabAngle":0.775973,"grabStrength":0,"id":339,"palmNormal":[-0.310305,-0.494481,-0.811911],"palmPosition":[86.026,182.146,20.1597],"palmVelocity":[-77.8671,87.5586,26.3067],"palmWidth":93.3132,"pinchDistance":54.4605,"pinchStrength":0.0320972,"r":[[0.997132,0.0734783,0.0181178],[-0.0752065,0.988801,0.128902],[-0.0084434,-0.129895,0.991492]],"s":0.884692,"sphereCenter":[55.389,120.987,-93.8165],"sphereRadius":130.455,"stabilizedPalmPosition":[87.3558,178.847,19.7483],"t":[-2.31465,19.7238,4.01766],"timeVisible":0.110892,"type":"right","wrist":[104.689,119.81,63.1653]}],"id":202446,"interactionBox":{"center":[0,200,0],"size":[235.247,235.247,147.751]},"pointables":[{"bases":[[[0.641752,0.577469,0.504662],[-0.58964,-0.0492455,0.806163],[0.490387,-0.814926,0.308895]],[[0.57626,0.673712,0.46264],[-0.61319,-0.0178206,0.789735],[0.540298,-0.738779,0.402844]],[[0.57626,0.673712,0.46264],[-0.784732,0.297997,0.543501],[0.228298,-0.676247,0.700407]],[[0.57626,0.673712,0.46264],[-0.817082,0.486936,0.308658],[-0.0173295,-0.555882,0.83108]]],"btipPosition":[32.9799,207.143,-17.7042],"carpPosition":[68.7445,129.702,50.5196],"dipPosition":[32.5344,192.851,3.66289],"direction":[-0.228298,0.676247,-0.700408],"extended":false,"handId":339,"id":3390,"length":57.2524,"mcpPosition":[68.7445,129.702,50.5196],"pipPosition":[41.0854,167.522,29.8971],"stabilizedTipPosition":[33.3368,202.995,-13.1837],"timeVisible":0.110892,"tipPosition":[34.5426,202.674,-12.7939],"tipVelocity":[-91.7158,186.461,99.1435],"tool":false,"touchDistance":1,"touchZone":"none","type":0,"width":21.2521},{"bases":[[[0.889502,-0.149832,-0.431668],[0.428415,0.601985,0.67385],[0.158893,-0.784324,0.599657]],[[0.897115,-0.194311,-0.396773],[0.379768,0.798068,0.467829],[0.225747,-0.570377,0.789752]],[[0.897115,-0.194311,-0.396773],[0.289295,0.937134,0.195163],[0.333907,-0.289868,0.89693]],[[0.897115,-0.194311,-0.396773],[0.217408,0.975986,0.0135978],[0.384603,-0.0984605,0.917816]]],"btipPosition":[51.9402,248.165,-76.7912],"carpPosition":[93.6329,150.758,54.8979],"dipPosition":[59.8799,246.133,-57.8439],"direction":[-0.333907,0.289868,-0.89693],"extended":true,"handId":339,"id":3392,"length":73.6098,"mcpPosition":[82.2642,206.876,11.9928],"pipPosition":[70.3107,237.077,-29.8249],"stabilizedTipPosition":[53.7835,242.233,-73.6387],"timeVisible":0.110892,"tipPosition":[51.5298,236.908,-72.7324],"tipVelocity":[-26.8669,940.706,371.151],"tool":false,"touchDistance":-0.324969,"touchZone":"touching","type":2,"width":19.9373},{"bases":[[[0.868345,-0.30857,-0.38828],[0.495718,0.564432,0.66006],[0.0154828,-0.765637,0.643086]],[[0.866896,-0.275659,-0.415334],[0.455828,0.775604,0.436646],[0.20177,-0.567848,0.798021]],[[0.866896,-0.275659,-0.415334],[0.369424,0.914675,0.163998],[0.334689,-0.295604,0.894764]],[[0.866896,-0.275659,-0.415334],[0.302983,0.952996,-0.000113135],[0.395843,-0.125741,0.909669]]],"btipPosition":[75.8383,238.727,-76.7773],"carpPosition":[105.046,150.095,49.6038],"dipPosition":[83.9631,236.146,-58.1061],"direction":[-0.334689,0.295604,-0.894764],"extended":true,"handId":339,"id":3393,"length":70.7778,"mcpPosition":[104.052,199.279,8.29237],"pipPosition":[94.1483,227.151,-30.8767],"stabilizedTipPosition":[77.8378,232.726,-73.5724],"timeVisible":0.110892,"tipPosition":[75.7181,227.461,-73.1695],"tipVelocity":[-67.1734,882.636,335.472],"tool":false,"touchDistance":-0.33212,"touchZone":"touching","type":3,"width":18.9716},{"bases":[[[0.770378,-0.484101,-0.414928],[0.62415,0.439693,0.645838],[-0.13021,-0.756516,0.640881]],[[0.778127,-0.424296,-0.463133],[0.613837,0.669973,0.41754],[0.133126,-0.609187,0.781773]],[[0.778127,-0.424296,-0.463133],[0.528296,0.840933,0.117196],[0.339738,-0.335865,0.878506]],[[0.778127,-0.424296,-0.463133],[0.448481,0.89155,-0.0632772],[0.439754,-0.158468,0.884027]]],"btipPosition":[101.357,222.078,-63.3164],"carpPosition":[114.412,143.211,40.7764],"dipPosition":[109.684,219.077,-46.5769],"direction":[-0.339738,0.335865,-0.878506],"extended":true,"handId":339,"id":3394,"length":55.4885,"mcpPosition":[122.155,188.197,2.66597],"pipPosition":[116.984,211.861,-27.7011],"stabilizedTipPosition":[103.399,218.209,-60.1566],"timeVisible":0.110892,"tipPosition":[100.396,211.033,-59.5498],"tipVelocity":[-70.7919,745.583,241.611],"tool":false,"touchDistance":-0.261574,"touchZone":"touching","type":4,"width":16.8521},{"bases":[[[0.918885,0.0628773,-0.389484],[0.27073,0.617608,0.738421],[0.286978,-0.783969,0.550488]],[[0.953229,-0.0649092,-0.295196],[0.232707,0.780862,0.579743],[0.192877,-0.621322,0.759446]],[[0.953229,-0.0649092,-0.295196],[0.185607,0.896534,0.402216],[0.238546,-0.438195,0.86665]],[[0.953229,-0.0649092,-0.295196],[0.149028,0.95063,0.272201],[0.262954,-0.303463,0.915842]]],"btipPosition":[39.8306,254.224,-58.7708],"carpPosition":[81.855,148.421,58.8067],"dipPosition":[44.7661,248.529,-41.5811],"direction":[-0.238546,0.438195,-0.86665],"extended":true,"handId":339,"id":3391,"length":64.6029,"mcpPosition":[60.2031,207.569,17.2735],"pipPosition":[51.1,236.893,-18.5695],"stabilizedTipPosition":[41.6009,250.645,-56.4794],"timeVisible":0.110892,"tipPosition":[42.3152,255.476,-51.8503],"tipVelocity":[-107.572,476.563,378.663],"tool":false,"touchDistance":0.631386,"touchZone":"hovering","type":1,"width":20.3}],"r":[[0.997132,0.0734783,0.0181178],[-0.0752065,0.988801,0.128902],[-0.0084434,-0.129895,0.991492]],"s":0.884692,"t":[-2.31465,19.7238,4.01766],"timestamp":261095580382},{"currentFrameRate":30.5983,"devices":[],"gestures":[],"hands":[{"armBasis":[[0.910625,0.0169249,-0.412886],[0.222159,0.822434,0.523687],[0.348435,-0.568609,0.745169]],"armWidth":66.4077,"confidence":0.599439,"direction":[-0.121196,0.889918,-0.439724],"elbow":[201.357,-38.6572,265.628],"grabAngle":0.651089,"grabStrength":0,"id":339,"palmNormal":[-0.317775,-0.45446,-0.832157],"palmPosition":[84.0361,183.04,20.3476],"palmVelocity":[-96.9835,43.5794,9.1593],"palmWidth":93.3132,"pinchDistance":56.2555,"pinchStrength":0,"r":[[0.99539,0.0938563,0.0197508],[-0.0958823,0.978877,0.180571],[-0.00238584,-0.181632,0.983364]],"s":0.871956,"sphereCenter":[51.2679,119.132,-107.884],"sphereRadius":144.794,"stabilizedPalmPosition":[85.6058,181.057,20.0642],"t":[-4.00505,21.8705,4.30047],"timeVisible":0.13141,"type":"right","wrist":[104.878,118.787,59.2951]}],"id":202447,"interactionBox":{"center":[0,200,0],"size":[235.247,235.247,147.751]},"pointables":[{"bases":[[[0.638987,0.564489,0.52254],[-0.567407,-0.112772,0.815679],[0.519369,-0.817701,0.248235]],[[0.555368,0.678953,0.480197],[-0.599744,-0.0730077,0.796854],[0.576085,-0.730543,0.366652]],[[0.555368,0.678953,0.480197],[-0.79174,0.255049,0.555065],[0.25439,-0.688457,0.6792]],[[0.555368,0.678953,0.480197],[-0.831439,0.464859,0.304327],[-0.0165999,-0.568268,0.822676]]],"btipPosition":[30.327,206.242,-17.4118],"carpPosition":[68.9195,128.447,47.9488],"dipPosition":[29.9002,191.632,3.73923],"direction":[-0.25439,0.688457,-0.6792],"extended":false,"handId":339,"id":3390,"length":57.2524,"mcpPosition":[68.9195,128.447,47.9488],"pipPosition":[39.4285,165.845,29.1791],"stabilizedTipPosition":[30.787,202.902,-12.6614],"timeVisible":0.13141,"tipPosition":[31.0131,203.799,-10.5795],"tipVelocity":[-129.089,-47.4735,11.8298],"tool":false,"touchDistance":0.949615,"touchZone":"hovering","type":0,"width":21.2521},{"bases":[[[0.865987,-0.261048,-0.426521],[0.497355,0.538315,0.680335],[0.0520026,-0.801293,0.596007]],[[0.862079,-0.218754,-0.457129],[0.450066,0.745104,0.492199],[0.232938,-0.630053,0.740793]],[[0.862079,-0.218754,-0.457129],[0.368507,0.889811,0.269143],[0.347882,-0.400478,0.8477]],[[0.862079,-0.218754,-0.457129],[0.322849,0.932365,0.162675],[0.390625,-0.287822,0.874397]]],"btipPosition":[71.2589,250.353,-71.0147],"carpPosition":[104.637,149.859,47.3769],"dipPosition":[79.2766,244.445,-53.0675],"direction":[-0.347882,0.400478,-0.8477],"extended":true,"handId":339,"id":3393,"length":70.7778,"mcpPosition":[101.297,201.333,9.08984],"pipPosition":[89.8633,232.258,-27.2703],"stabilizedTipPosition":[73.9871,245.957,-68.1352],"timeVisible":0.13141,"tipPosition":[70.9837,237.779,-69.0298],"tipVelocity":[-224.39,529.32,272.741],"tool":false,"touchDistance":-0.256916,"touchZone":"touching","type":3,"width":18.9716},{"bases":[[[0.772025,-0.437367,-0.461181],[0.62862,0.418238,0.655678],[-0.0938885,-0.796108,0.597827]],[[0.777647,-0.349019,-0.522926],[0.602132,0.652706,0.459795],[0.18084,-0.672429,0.71773]],[[0.777647,-0.349019,-0.522926],[0.50997,0.836621,0.19999],[0.36769,-0.422198,0.828585]],[[0.777647,-0.349019,-0.522926],[0.444723,0.893297,0.0651334],[0.444395,-0.283208,0.849886]]],"btipPosition":[96.1963,231.661,-59.3901],"carpPosition":[113.953,143.766,37.9357],"dipPosition":[104.611,226.299,-43.2971],"direction":[-0.36769,0.422198,-0.828585],"extended":true,"handId":339,"id":3394,"length":55.4885,"mcpPosition":[119.536,191.107,2.38552],"pipPosition":[112.511,217.227,-25.4939],"stabilizedTipPosition":[98.8082,228.859,-56.2624],"timeVisible":0.13141,"tipPosition":[96.0984,219.57,-57.4118],"tipVelocity":[-250.549,440.607,184.113],"tool":false,"touchDistance":-0.23015,"touchZone":"touching","type":4,"width":16.8521},{"bases":[[[0.906689,0.111091,-0.406907],[0.273115,0.580538,0.767062],[0.321439,-0.806619,0.496027]],[[0.950533,-0.0402047,-0.308012],[0.237339,0.73371,0.636663],[0.200394,-0.678272,0.706957]],[[0.950533,-0.0402047,-0.308012],[0.183428,0.87289,0.452125],[0.250683,-0.486257,0.837085]],[[0.950533,-0.0402047,-0.308012],[0.176232,0.886352,0.428162],[0.255792,-0.461264,0.849592]]],"btipPosition":[36.573,261.443,-51.9472],"carpPosition":[81.74,147.004,57.0157],"dipPosition":[41.374,252.785,-36.0009],"direction":[-0.250683,0.486257,-0.837085],"extended":true,"handId":339,"id":3391,"length":64.6029,"mcpPosition":[57.4881,207.862,19.5915],"pipPosition":[48.0302,239.874,-13.7743],"stabilizedTipPosition":[38.8453,256.83,-50.7207],"timeVisible":0.13141,"tipPosition":[36.8173,259.271,-46.5735],"tipVelocity":[-160.277,318.619,318.631],"tool":false,"touchDistance":0.699646,"touchZone":"hovering","type":1,"width":20.3},{"bases":[[[0.881848,-0.0995134,-0.460914],[0.42946,0.573111,0.697931],[0.194702,-0.813413,0.548134]],[[0.891627,-0.146362,-0.428462],[0.377482,0.762845,0.524953],[0.250016,-0.629799,0.735422]],[[0.891627,-0.146362,-0.428462],[0.295962,0.904554,0.306901],[0.342648,-0.40045,0.849842]],[[0.891627,-0.146362,-0.428462],[0.256889,0.942782,0.212532],[0.372839,-0.299566,0.878209]]],"btipPosition":[47.7788,260.134,-69.8651],"carpPosition":[93.3488,149.893,52.9721],"dipPosition":[55.4757,253.95,-51.7355],"direction":[-0.342648,0.40045,-0.849842],"extended":true,"handId":339,"id":3392,"length":73.6098,"mcpPosition":[79.4181,208.092,13.7535],"pipPosition":[66.1796,241.44,-25.1874],"stabilizedTipPosition":[50.4323,255.274,-67.3522],"timeVisible":0.13141,"tipPosition":[46.9528,247.394,-67.4667],"tipVelocity":[-205.539,536.794,328.395],"tool":false,"touchDistance":-0.238938,"touchZone":"touching","type":2,"width":19.9373}],"r":[[0.99539,0.0938563,0.0197508],[-0.0958823,0.978877,0.180571],[-0.00238584,-0.181632,0.983364]],"s":0.871956,"t":[-4.00505,21.8705,4.30047],"timestamp":261095600900},{"currentFrameRate":32.3453,"devices":[],"gestures":[],"hands":[{"armBasis":[[0.911909,0.0258049,-0.409581],[0.22148,0.80926,0.5441],[0.345498,-0.586884,0.732256]],"armWidth":66.4077,"confidence":0.664688,"direction":[-0.131089,0.919519,-0.37054],"elbow":[199.103,-45.7347,257.462],"grabAngle":0.590592,"grabStrength":0,"id":339,"palmNormal":[-0.33655,-0.392846,-0.855808],"palmPosition":[81.9176,183.367,20.5367],"palmVelocity":[-102.485,15.8353,9.14822],"palmWidth":93.3132,"pinchDistance":58.2334,"pinchStrength":0,"r":[[0.993751,0.110027,0.0187791],[-0.111341,0.965317,0.236149],[0.00785492,-0.236764,0.971535]],"s":0.863682,"sphereCenter":[43.3399,122.416,-122.095],"sphereRadius":158.149,"stabilizedPalmPosition":[83.6436,182.286,20.3156],"t":[-5.90949,23.1075,4.53642],"timeVisible":0.152081,"type":"right","wrist":[103.437,116.77,54.7048]}],"id":202448,"interactionBox":{"center":[0,200,0],"size":[235.247,235.247,147.751]},"pointables":[{"bases":[[[0.650673,0.525763,0.547903],[-0.548799,-0.173095,0.817837],[0.524828,-0.832834,0.17591]],[[0.560983,0.64907,0.513816],[-0.584284,-0.129247,0.801191],[0.586438,-0.749669,0.306736]],[[0.560983,0.64907,0.513816],[-0.787638,0.227449,0.57262],[0.254804,-0.725931,0.638827]],[[0.560983,0.64907,0.513816],[-0.82719,0.463856,0.317166],[-0.0324738,-0.602948,0.797119]]],"btipPosition":[28.698,207.945,-15.7229],"carpPosition":[67.4279,126.876,44.4012],"dipPosition":[27.8631,192.444,4.77105],"direction":[-0.254804,0.725931,-0.638827],"extended":false,"handId":339,"id":3390,"length":57.2524,"mcpPosition":[67.4279,126.876,44.4012],"pipPosition":[37.4069,165.253,28.6987],"stabilizedTipPosition":[29.1685,203.951,-11.4891],"timeVisible":0.152081,"tipPosition":[28.2467,206.01,-8.01928],"tipVelocity":[-83.3466,72.4827,74.3916],"tool":false,"touchDistance":0.911053,"touchZone":"hovering","type":0,"width":21.2521},{"bases":[[[0.8561,-0.227722,-0.463935],[0.512649,0.487879,0.706516],[0.0654547,-0.842684,0.534415]],[[0.850699,-0.177259,-0.494863],[0.468722,0.681925,0.561497],[0.237929,-0.709618,0.663198]],[[0.850699,-0.177259,-0.494863],[0.389222,0.845153,0.366364],[0.353294,-0.504277,0.787964]],[[0.850699,-0.177259,-0.494863],[0.349578,0.893847,0.280772],[0.392563,-0.411846,0.822361]]],"btipPosition":[68.4323,261.093,-63.1485],"carpPosition":[103.124,148.33,44.5921],"dipPosition":[76.4898,252.64,-46.2693],"direction":[-0.353294,0.504277,-0.787964],"extended":true,"handId":339,"id":3393,"length":70.7778,"mcpPosition":[98.9195,202.464,10.2616],"pipPosition":[87.2412,237.294,-22.29],"stabilizedTipPosition":[71.1694,255.999,-61.3841],"timeVisible":0.152081,"tipPosition":[67.67,247.991,-63.0767],"tipVelocity":[-136.299,491.244,368.661],"tool":false,"touchDistance":-0.168588,"touchZone":"touching","type":3,"width":18.9716},{"bases":[[[0.76137,-0.401184,-0.509281],[0.643318,0.370142,0.670177],[-0.0803577,-0.837882,0.539904]],[[0.76532,-0.287251,-0.575997],[0.614153,0.593702,0.519937],[0.192619,-0.751668,0.630787]],[[0.76532,-0.287251,-0.575997],[0.52528,0.79591,0.301011],[0.371977,-0.532929,0.760013]],[[0.76532,-0.287251,-0.575997],[0.470567,0.86027,0.196218],[0.43915,-0.421215,0.793552]]],"btipPosition":[93.212,241.41,-53.4419],"carpPosition":[112.223,142.96,34.5222],"dipPosition":[101.528,233.434,-38.4156],"direction":[-0.371977,0.532929,-0.760013],"extended":true,"handId":339,"id":3394,"length":55.4885,"mcpPosition":[117.002,192.786,2.41643],"pipPosition":[109.52,221.983,-22.0858],"stabilizedTipPosition":[95.7039,237.89,-50.9729],"timeVisible":0.152081,"tipPosition":[92.8716,228.674,-53.5557],"tipVelocity":[-145.475,442.523,275.885],"tool":false,"touchDistance":-0.175916,"touchZone":"touching","type":4,"width":16.8521},{"bases":[[[0.897249,0.142048,-0.418052],[0.290431,0.523277,0.801144],[0.332558,-0.84024,0.428254]],[[0.945215,-0.0264619,-0.325376],[0.259677,0.664964,0.70028],[0.197832,-0.746407,0.635405]],[[0.945215,-0.0264619,-0.325376],[0.211026,0.809994,0.547155],[0.249073,-0.585841,0.771202]],[[0.945215,-0.0264619,-0.325376],[0.193957,0.847237,0.49454],[0.262584,-0.530556,0.805953]]],"btipPosition":[34.4812,268.876,-43.3936],"carpPosition":[80.451,144.741,54.5105],"dipPosition":[39.4098,258.918,-28.2663],"direction":[-0.249073,0.585841,-0.771202],"extended":true,"handId":339,"id":3391,"length":64.6029,"mcpPosition":[55.3602