{"frames":208,"data":[{"currentFrameRate":25.4015,"devices":[],"gestures":[],"hands":[],"id":202860,"interactionBox":{"center":[0,200,0],"size":[235.247,235.247,147.751]},"pointables":[],"r":[[-0.0794966,-0.728761,-0.680138],[0.446709,0.583909,-0.677865],[0.891141,-0.357712,0.279125]],"s":-5.62558,"t":[894.675,787.691,741.58],"timestamp":261109807515},{"currentFrameRate":25.3893,"devices":[],"gestures":[],"hands":[],"id":202861,"interactionBox":{"center":[0,200,0],"size":[235.247,235.247,147.751]},"pointables":[],"r":[[-0.0794966,-0.728761,-0.680138],[0.446709,0.583909,-0.677865],[0.891141,-0.357712,0.279125]],"s":-5.62558,"t":[894.675,787.691,741.58],"timestamp":261109846988},{"currentFrameRate":25.406,"devices":[],"gestures":[],"hands":[],"id":202862,"interactionBox":{"center":[0,200,0],"size":[235.247,235.247,147.751]},"pointables":[],"r":[[-0.0794966,-0.728761,-0.680138],[0.446709,0.583909,-0.677865],[0.891141,-0.357712,0.279125]],"s":-5.62558,"t":[894.675,787.691,741.58],"timestamp":261109886230},{"currentFrameRate":25.403,"devices":[],"gestures":[],"hands":[],"id":202863,"interactionBox":{"center":[0,200,0],"size":[235.247,235.247,147.751]},"pointables":[],"r":[[-0.0794966,-0.728761,-0.680138],[0.446709,0.583909,-0.677865],[0.891141,-0.357712,0.279125]],"s":-5.62558,"t":[894.675,787.691,741.58],"timestamp":261109925617},{"currentFrameRate":25.4014,"devices":[],"gestures":[],"hands":[],"id":202864,"interactionBox":{"center":[0,200,0],"size":[235.247,235.247,147.751]},"pointables":[],"r":[[-0.0794966,-0.728761,-0.680138],[0.446709,0.583909,-0.677865],[0.891141,-0.357712,0.279125]],"s":-5.62558,"t":[894.675,787.691,741.58],"timestamp":261109964996},{"currentFrameRate":25.4031,"devices":[],"gestures":[],"hands":[],"id":202865,"interactionBox":{"center":[0,200,0],"size":[235.247,235.247,147.751]},"pointables":[],"r":[[-0.0794966,-0.728761,-0.680138],[0.446709,0.583909,-0.677865],[0.891141,-0.357712,0.279125]],"s":-5.62558,"t":[894.675,787.691,741.58],"timestamp":261110004349},{"currentFrameRate":25.4005,"devices":[],"gestures":[],"hands":[],"id":202866,"interactionBox":{"center":[0,200,0],"size":[235.247,235.247,147.751]},"pointables":[],"r":[[-0.0794966,-0.728761,-0.680138],[0.446709,0.583909,-0.677865],[0.891141,-0.357712,0.279125]],"s":-5.62558,"t":[894.675,787.691,741.58],"timestamp":261110043737},{"currentFrameRate":25.4012,"devices":[],"gestures":[],"hands":[],"id":202867,"interactionBox":{"center":[0,200,0],"size":[235.247,235.247,147.751]},"pointables":[],"r":[[-0.0794966,-0.728761,-0.680138],[0.446709,0.583909,-0.677865],[0.891141,-0.357712,0.279125]],"s":-5.62558,"t":[894.675,787.691,741.58],"timestamp":261110083100},{"currentFrameRate":25.4019,"devices":[],"gestures":[],"hands":[],"id":202868,"interactionBox":{"center":[0,200,0],"size":[235.247,235.247,147.751]},"pointables":[],"r":[[-0.0794966,-0.728761,-0.680138],[0.446709,0.583909,-0.677865],[0.891141,-0.357712,0.279125]],"s":-5.62558,"t":[894.675,787.691,741.58],"timestamp":261110122462},{"currentFrameRate":25.4016,"devices":[],"gestures":[],"hands":[],"id":202869,"interactionBox":{"center":[0,200,0],"size":[235.247,235.247,147.751]},"pointables":[],"r":[[-0.0794966,-0.728761,-0.680138],[0.446709,0.583909,-0.677865],[0.891141,-0.357712,0.279125]],"s":-5.62558,"t":[894.675,787.691,741.58],"timestamp":261110161832},{"currentFrameRate":25.4031,"devices":[],"gestures":[],"hands":[],"id":202870,"interactionBox":{"center":[0,200,0],"size":[235.247,235.247,147.751]},"pointables":[],"r":[[-0.0794966,-0.728761,-0.680138],[0.446709,0.583909,-0.677865],[0.891141,-0.357712,0.279125]],"s":-5.62558,"t":[894.675,787.691,741.58],"timestamp":261110201187},{"currentFrameRate":25.4017,"devices":[],"gestures":[],"hands":[],"id":202871,"interactionBox":{"center":[0,200,0],"size":[235.247,235.247,147.751]},"pointables":[],"r":[[-0.0794966,-0.728761,-0.680138],[0.446709,0.583909,-0.677865],[0.891141,-0.357712,0.279125]],"s":-5.62558,"t":[894.675,787.691,741.58],"timestamp":261110240564},{"currentFrameRate":17.8876,"devices":[],"gestures":[],"hands":[],"id":202872,"interactionBox":{"center":[0,200,0],"size":[235.247,235.247,147.751]},"pointables":[],"r":[[-0.0794966,-0.728761,-0.680138],[0.446709,0.583909,-0.677865],[0.891141,-0.357712,0.279125]],"s":-5.62558,"t":[894.675,787.691,741.58],"timestamp":261110358670},{"currentFrameRate":19.2298,"devices":[],"gestures":[],"hands":[],"id":202873,"interactionBox":{"center":[0,200,0],"size":[235.247,235.247,147.751]},"pointables":[],"r":[[-0.0794966,-0.728761,-0.680138],[0.446709,0.583909,-0.677865],[0.891141,-0.357712,0.279125]],"s":-5.62558,"t":[894.675,787.691,741.58],"timestamp":261110398065},{"currentFrameRate":20.3345,"devices":[],"gestures":[],"hands":[],"id":202874,"interactionBox":{"center":[0,200,0],"size":[235.247,235.247,147.751]},"pointables":[],"r":[[-0.0794966,-0.728761,-0.680138],[0.446709,0.583909,-0.677865],[0.891141,-0.357712,0.279125]],"s":-5.62558,"t":[894.675,787.691,741.58],"timestamp":261110437424},{"currentFrameRate":21.2426,"devices":[],"gestures":[],"hands":[],"id":202875,"interactionBox":{"center":[0,200,0],"size":[235.247,235.247,147.751]},"pointables":[],"r":[[-0.0794966,-0.728761,-0.680138],[0.446709,0.583909,-0.677865],[0.891141,-0.357712,0.279125]],"s":-5.62558,"t":[894.675,787.691,741.58],"timestamp":261110476770},{"currentFrameRate":21.9843,"devices":[],"gestures":[],"hands":[],"id":202876,"interactionBox":{"center":[0,200,0],"size":[235.247,235.247,147.751]},"pointables":[],"r":[[-0.0794966,-0.728761,-0.680138],[0.446709,0.583909,-0.677865],[0.891141,-0.357712,0.279125]],"s":-5.62558,"t":[894.675,787.691,741.58],"timestamp":261110516157},{"currentFrameRate":22.5946,"devices":[],"gestures":[],"hands":[],"id":202877,"interactionBox":{"center":[0,200,0],"size":[235.247,235.247,147.751]},"pointables":[],"r":[[-0.0794966,-0.728761,-0.680138],[0.446709,0.583909,-0.677865],[0.891141,-0.357712,0.279125]],"s":-5.62558,"t":[894.675,787.691,741.58],"timestamp":261110555530},{"currentFrameRate":23.0962,"devices":[],"gestures":[],"hands":[],"id":202878,"interactionBox":{"center":[0,200,0],"size":[235.247,235.247,147.751]},"pointables":[],"r":[[-0.0794966,-0.728761,-0.680138],[0.446709,0.583909,-0.677865],[0.891141,-0.357712,0.279125]],"s":-5.62558,"t":[894.675,787.691,741.58],"timestamp":261110594899},{"currentFrameRate":23.5097,"devices":[],"gestures":[],"hands":[],"id":202879,"interactionBox":{"center":[0,200,0],"size":[235.247,235.247,147.751]},"pointables":[],"r":[[-0.0794966,-0.728761,-0.680138],[0.446709,0.583909,-0.677865],[0.891141,-0.357712,0.279125]],"s":-5.62558,"t":[894.675,787.691,741.58],"timestamp":261110634253},{"currentFrameRate":23.8481,"devices":[],"gestures":[],"hands":[{"armBasis":[[-0.606733,-0.542726,0.580796],[0.314719,-0.834952,-0.451449],[0.72995,-0.0911216,0.677399]],"armWidth":65.3469,"confidence":0,"direction":[-0.280628,0.628109,-0.72576],"elbow":[324.975,95.8673,249.544],"grabAngle":1.58506,"grabStrength":0.0721889,"id":341,"palmNormal":[-0.244871,0.684271,0.686886],"palmPosition":[101.532,170.317,7.9324],"palmVelocity":[1.19209e-7,1.19209e-7,1.19209e-7],"palmWidth":93.3132,"pinchDistance":23.8167,"pinchStrength":1,"r":[[1,-5.55112e-18,5.55112e-18],[5.55112e-18,1,-2.22045e-17],[-5.55112e-18,2.22045e-17,1]],"s":1,"sphereCenter":[63.1406,217.637,42.6132],"sphereRadius":64.1404,"stabilizedPalmPosition":[101.532,170.317,7.9324],"t":[0,0,0],"timeVisible":0,"type":"right","wrist":[122.856,121.098,61.9762]}],"id":202880,"interactionBox":{"center":[0,200,0],"size":[235.247,235.247,147.751]},"pointables":[{"bases":[[[-0.209187,-0.638545,-0.740609],[0.965922,-0.252986,-0.0547058],[-0.152432,-0.726814,0.669706]],[[-0.120273,-0.251548,-0.960342],[0.992361,-0.0572354,-0.109291],[-0.0274736,-0.966151,0.256511]],[[-0.120273,-0.251548,-0.960342],[0.970541,0.173641,-0.167033],[0.208771,-0.952141,0.223254]],[[-0.120273,-0.251548,-0.960342],[0.854224,0.466649,-0.229215],[0.505802,-0.847916,0.158753]]],"btipPosition":[118.275,248.914,29.6691],"carpPosition":[136.308,145.811,54.417],"dipPosition":[130.415,228.563,33.4794],"direction":[-0.208771,0.952141,-0.223254],"extended":false,"handId":341,"id":3410,"length":53.447,"mcpPosition":[136.308,145.811,54.417],"pipPosition":[137.715,195.27,41.2857],"stabilizedTipPosition":[121.067,244.233,30.5455],"timeVisible":0,"tipPosition":[121.067,244.233,30.5455],"tipVelocity":[1.19209e-7,1.19209e-7,1.19209e-7],"tool":false,"touchDistance":1,"touchZone":"none","type":0,"width":20.767},{"bases":[[[-0.961998,-0.259757,-0.0841791],[0.224239,-0.575621,-0.786369],[0.15581,-0.775362,0.611994]],[[-0.960007,-0.269283,-0.0766385],[0.0507202,0.101932,-0.993498],[0.275344,-0.957652,-0.0841969]],[[-0.960007,-0.269283,-0.0766385],[-0.176495,0.794559,-0.58097],[0.217339,-0.544209,-0.810309]],[[-0.960007,-0.269283,-0.0766385],[-0.253441,0.952148,-0.170828],[0.118972,-0.144573,-0.982316]]],"btipPosition":[99.1041,252.634,27.8285],"carpPosition":[130.463,135.918,32.9951],"dipPosition":[101.189,250.101,10.6165],"direction":[-0.217339,0.544209,0.810309],"extended":false,"handId":341,"id":3411,"length":60.309,"mcpPosition":[118.707,194.418,-13.1787],"pipPosition":[106.576,236.611,-9.46901],"stabilizedTipPosition":[99.5836,252.051,23.8698],"timeVisible":0,"tipPosition":[99.5836,252.051,23.8698],"tipVelocity":[1.19209e-7,1.19209e-7,1.19209e-7],"tool":false,"touchDistance":0.333333,"touchZone":"none","type":1,"width":19.8367},{"bases":[[[-0.956141,-0.260162,0.134576],[0.06174,-0.628133,-0.775653],[0.286327,-0.733325,0.616646]],[[-0.951014,-0.272883,0.145285],[-0.110461,-0.138989,-0.984114],[0.288741,-0.951954,0.102037]],[[-0.951014,-0.272883,0.145285],[-0.270562,0.507314,-0.818186],[0.149564,-0.817415,-0.556294]],[[-0.951014,-0.272883,0.145285],[-0.308062,0.797128,-0.519312],[0.0259002,-0.53863,-0.842144]]],"btipPosition":[79.1231,265.88,13.4891],"carpPosition":[118.743,132.137,30.201],"dipPosition":[79.6223,255.5,-2.74049],"direction":[-0.149564,0.817415,0.556294],"extended":false,"handId":341,"id":3412,"length":68.7173,"mcpPosition":[98.2567,184.606,-13.9196],"pipPosition":[83.9839,231.662,-18.9634],"stabilizedTipPosition":[79.2379,263.492,9.75633],"timeVisible":0,"tipPosition":[79.2379,263.492,9.75633],"tipVelocity":[1.19209e-7,1.19209e-7,1.19209e-7],"tool":false,"touchDistance":0.333333,"touchZone":"none","type":2,"width":19.4822},{"bases":[[[-0.905499,-0.317145,0.28194],[0.00236632,-0.668172,-0.744003],[0.424341,-0.673027,0.605779]],[[-0.89313,-0.336061,0.298968],[-0.209328,-0.27776,-0.937566],[0.398121,-0.899951,0.177729]],[[-0.89313,-0.336061,0.298968],[-0.385057,0.227699,-0.894362],[0.232485,-0.913902,-0.332767]],[[-0.89313,-0.336061,0.298968],[-0.44325,0.54457,-0.712021],[0.0764734,-0.768444,-0.635331]]],"btipPosition":[53.0008,254.07,5.22197],"carpPosition":[106.572,128.912,30.6532],"dipPosition":[54.4661,239.346,-6.95162],"direction":[-0.232485,0.913902,0.332767],"extended":false,"handId":341,"id":3413,"length":66.0735,"mcpPosition":[79.3129,172.147,-8.26169],"pipPosition":[61.0708,213.383,-16.4053],"stabilizedTipPosition":[53.3378,250.684,2.42205],"timeVisible":0,"tipPosition":[53.3378,250.684,2.42205],"tipVelocity":[1.19209e-7,1.19209e-7,1.19209e-7],"tool":false,"touchDistance":0.333333,"touchZone":"none","type":3,"width":18.5386},{"bases":[[[-0.838161,-0.278119,0.469187],[-0.10102,-0.766183,-0.634632],[0.535986,-0.579322,0.614089]],[[-0.774087,-0.340182,0.533916],[-0.359326,-0.458266,-0.812943],[0.521224,-0.821138,0.232502]],[[-0.774087,-0.340182,0.533916],[-0.54392,-0.074176,-0.835852],[0.323945,-0.93743,-0.127613]],[[-0.774087,-0.340182,0.533916],[-0.617231,0.218014,-0.755973],[0.140767,-0.914738,-0.378733]]],"btipPosition":[34.2989,227.334,2.43154],"carpPosition":[94.0584,128.135,38.1252],"dipPosition":[36.7872,211.164,-4.26328],"direction":[-0.323945,0.93743,0.127613],"extended":true,"handId":341,"id":3414,"length":51.8004,"mcpPosition":[62.1856,162.585,1.60802],"pipPosition":[43.2849,192.361,-6.82296],"stabilizedTipPosition":[34.8712,223.615,0.891728],"timeVisible":0,"tipPosition":[34.8712,223.615,0.891728],"tipVelocity":[1.19209e-7,1.19209e-7,1.19209e-7],"tool":false,"touchDistance":0.333333,"touchZone":"none","type":4,"width":16.4674}],"r":[[1,-5.55112e-18,5.55112e-18],[5.55112e-18,1,-2.22045e-17],[-5.55112e-18,2.22045e-17,1]],"s":1,"t":[0,0,0],"timestamp":261110673618},{"currentFrameRate":24.1246,"devices":[],"gestures":[],"hands":[{"armBasis":[[-0.658758,-0.524631,0.539259],[0.27338,-0.834686,-0.478083],[0.700929,-0.167519,0.693279]],"armWidth":66.4077,"confidence":0.204519,"direction":[-0.27081,0.600075,-0.75271],"elbow":[314.619,77.1185,251.25],"grabAngle":1.68341,"grabStrength":0.258808,"id":341,"palmNormal":[-0.220296,0.722545,0.655285],"palmPosition":[100.582,171.551,3.18299],"palmVelocity":[-24.135,31.3353,-120.611],"palmWidth":93.3132,"pinchDistance":28.2833,"pinchStrength":0.903016,"r":[[0.999984,-0.0053501,-0.00162802],[0.00533426,0.99994,-0.00958404],[0.0016792,0.00957521,0.999953]],"s":0.986738,"sphereCenter":[65.1328,224.106,38.3606],"sphereRadius":64.4415,"stabilizedPalmPosition":[101.529,170.321,7.91485],"t":[-0.475194,0.616961,-2.37471],"timeVisible":0.039378,"type":"right","wrist":[120.536,123.503,59.2851]}],"id":202881,"interactionBox":{"center":[0,200,0],"size":[235.247,235.247,147.751]},"pointables":[{"bases":[[[-0.232886,-0.667303,-0.70744],[0.958369,-0.281053,-0.0503832],[-0.165207,-0.689722,0.704976]],[[-0.148699,-0.340627,-0.928365],[0.984173,-0.142487,-0.105358],[-0.0963918,-0.929339,0.356423]],[[-0.148699,-0.340627,-0.928365],[0.977131,0.0936911,-0.190886],[0.152,-0.935519,0.318905]],[[-0.148699,-0.340627,-0.928365],[0.881791,0.379245,-0.280388],[0.447586,-0.860318,0.243968]]],"btipPosition":[122.87,253.102,14.0404],"carpPosition":[135.137,148.368,50.5037],"dipPosition":[134.378,230.983,20.3128],"direction":[-0.152,0.935519,-0.318905],"extended":false,"handId":341,"id":3410,"length":57.2524,"mcpPosition":[135.137,148.368,50.5037],"pipPosition":[140.071,195.942,32.2576],"stabilizedTipPosition":[121.224,244.366,30.016],"timeVisible":0.039378,"tipPosition":[123.505,246.712,19.5628],"tipVelocity":[113.003,96.0194,-382.509],"tool":false,"touchDistance":1,"touchZone":"none","type":0,"width":21.2521},{"bases":[[[-0.969253,-0.23765,-0.0638049],[0.201597,-0.618249,-0.759689],[0.141092,-0.749193,0.647149]],[[-0.956881,-0.289923,-0.0179808],[0.00722228,0.0381355,-0.999246],[0.29039,-0.95629,-0.0343972]],[[-0.956881,-0.289923,-0.0179808],[-0.213078,0.742632,-0.634898],[0.197425,-0.603691,-0.772386]],[[-0.956881,-0.289923,-0.0179808],[-0.286178,0.951516,-0.112785],[0.049808,-0.102777,-0.993457]]],"btipPosition":[98.304,257.241,21.5811],"carpPosition":[128.831,137.624,29.6286],"dipPosition":[99.2389,255.312,2.93455],"direction":[-0.197425,0.603691,0.772386],"extended":false,"handId":341,"id":3411,"length":64.6029,"mcpPosition":[118.186,194.15,-19.1976],"pipPosition":[104.481,239.283,-17.5741],"stabilizedTipPosition":[99.5389,252.25,23.5937],"timeVisible":0.039378,"tipPosition":[100.356,254.652,15.7035],"tipVelocity":[-27.0342,120.537,-167.032],"tool":false,"touchDistance":0.333333,"touchZone":"none","type":1,"width":20.3},{"bases":[[[-0.96135,-0.227782,0.154664],[0.0378796,-0.665824,-0.745146],[0.272709,-0.710488,0.648719]],[[-0.945763,-0.264648,0.188397],[-0.160063,-0.125029,-0.979156],[0.282687,-0.956206,0.0758878]],[[-0.945763,-0.264648,0.188397],[-0.306402,0.534017,-0.788],[0.107935,-0.802987,-0.586142]],[[-0.945763,-0.264648,0.188397],[-0.320434,0.855355,-0.407049],[-0.0534222,-0.445341,-0.893766]]],"btipPosition":[80.2409,269.773,13.4418],"carpPosition":[116.99,134.029,27.1143],"dipPosition":[79.138,260.58,-5.00901],"direction":[-0.107935,0.802987,0.586142],"extended":false,"handId":341,"id":3412,"length":73.6098,"mcpPosition":[97.4782,184.864,-19.3011],"pipPosition":[82.5098,235.496,-23.3194],"stabilizedTipPosition":[79.3109,263.898,9.70196],"timeVisible":0.039378,"tipPosition":[80.4373,266.28,4.30418],"tipVelocity":[19.0281,105.808,-14.1753],"tool":false,"touchDistance":0.333333,"touchZone":"none","type":2,"width":19.9373},{"bases":[[[-0.910843,-0.279008,0.304171],[-0.0222273,-0.702706,-0.711133],[0.412155,-0.654491,0.633853]],[[-0.890573,-0.309309,0.333479],[-0.258387,-0.259343,-0.930579],[0.374322,-0.914915,0.151042]],[[-0.890573,-0.309309,0.333479],[-0.412562,0.240638,-0.87857],[0.191501,-0.920012,-0.341915]],[[-0.890573,-0.309309,0.333479],[-0.453253,0.5423,-0.707441],[0.0379717,-0.781178,-0.623152]]],"btipPosition":[53.2871,262.139,2.88318],"carpPosition":[104.744,131.156,27.8195],"dipPosition":[54.0665,246.105,-9.90721],"direction":[-0.191501,0.920012,0.341915],"extended":false,"handId":341,"id":3413,"length":70.7778,"mcpPosition":[78.267,173.2,-12.8988],"pipPosition":[59.8942,218.107,-20.3124],"stabilizedTipPosition":[53.3707,252.673,1.78691],"timeVisible":0.039378,"tipPosition":[54.0721,255.056,-3.50995],"tipVelocity":[3.26495,197.239,-62.996],"tool":false,"touchDistance":0.333333,"touchZone":"none","type":3,"width":18.9716},{"bases":[[[-0.840741,-0.232914,0.488779],[-0.127125,-0.792591,-0.596354],[0.526302,-0.563515,0.636755]],[[-0.772591,-0.29793,0.560661],[-0.438096,-0.388995,-0.810404],[0.459538,-0.871734,0.170013]],[[-0.772591,-0.29793,0.560661],[-0.593773,0.0263808,-0.8042],[0.224805,-0.954223,-0.197284]],[[-0.772591,-0.29793,0.560661],[-0.632203,0.279637,-0.72258],[0.0584968,-0.912711,-0.404397]]],"btipPosition":[37.1994,236.228,2.8492],"carpPosition":[92.2844,131.071,35.4218],"dipPosition":[38.3071,218.945,-4.80825],"direction":[-0.224805,0.954223,0.197284],"extended":true,"handId":341,"id":3414,"length":55.4885,"mcpPosition":[60.9875,164.581,-2.44322],"pipPosition":[43.1373,198.443,-9.04716],"stabilizedTipPosition":[35.8281,226.815,0.964437],"timeVisible":0.039378,"tipPosition":[36.2448,228.889,-2.7837],"tipVelocity":[65.5944,219.369,4.98386],"tool":false,"touchDistance":0.333333,"touchZone":"none","type":4,"width":16.8521}],"r":[[0.999984,-0.0053501,-0.00162802],[0.00533426,0.99994,-0.00958404],[0.0016792,0.00957521,0.999953]],"s":0.986738,"t":[-0.475194,0.616961,-2.37471],"timestamp":261110712996},{"currentFrameRate":25.9379,"devices":[],"gestures":[],"hands":[{"armBasis":[[-0.729528,-0.509318,0.456491],[0.261388,-0.824387,-0.502059],[0.632032,-0.246945,0.734543]],"armWidth":66.4077,"confidence":0.328872,"direction":[-0.288106,0.568337,-0.770706],"elbow":[297.16,59.4837,261.456],"grabAngle":1.72433,"grabStrength":0.277999,"id":341,"palmNormal":[-0.218896,0.744436,0.630792],"palmPosition":[102.03,174.665,0.319267],"palmVelocity":[56.8756,122.322,-112.484],"palmWidth":93.3132,"pinchDistance":27.2014,"pinchStrength":0.931491,"r":[[0.999955,-0.00755733,-0.00577899],[0.00741182,0.999665,-0.0247983],[0.00596447,0.0247544,0.999676]],"s":0.964638,"sphereCenter":[65.1147,226.717,33.6409],"sphereRadius":63.667,"stabilizedPalmPosition":[101.538,170.397,7.78323],"t":[0.0112074,2.48255,-4.99392],"timeVisible":0.064837,"type":"right","wrist":[122.155,127.861,58.0661]}],"id":202882,"interactionBox":{"center":[0,200,0],"size":[235.247,235.247,147.751]},"pointables":[{"bases":[[[-0.235565,-0.695959,-0.678344],[0.960596,-0.272692,-0.0538074],[-0.147531,-0.664289,0.732772]],[[-0.158937,-0.38008,-0.911196],[0.985564,-0.115612,-0.123684],[-0.0583353,-0.9177,0.392968]],[[-0.158937,-0.38008,-0.911196],[0.967492,0.123937,-0.220453],[0.196721,-0.916613,0.348026]],[[-0.158937,-0.38008,-0.911196],[0.873213,0.376543,-0.309376],[0.460692,-0.84484,0.272044]]],"btipPosition":[121.282,256.682,7.82077],"carpPosition":[137.509,153.65,47.9674],"dipPosition":[133.127,234.961,14.815],"direction":[-0.196721,0.916613,-0.348026],"extended":false,"handId":341,"id":3410,"length":57.2524,"mcpPosition":[137.509,153.65,47.9674],"pipPosition":[140.495,200.629,27.8506],"stabilizedTipPosition":[121.298,244.562,29.4657],"timeVisible":0.064837,"tipPosition":[124.305,250.774,12.9581],"tipVelocity":[-59.3332,144.223,-237.778],"tool":false,"touchDistance":1,"touchZone":"none","type":0,"width":21.2521},{"bases":[[[-0.903285,-0.276852,0.327765],[-0.0246024,-0.729266,-0.683788],[0.428336,-0.625719,0.651924]],[[-0.876924,-0.312673,0.36502],[-0.278483,-0.288442,-0.916105],[0.391728,-0.905007,0.165868]],[[-0.876924,-0.312673,0.36502],[-0.439588,0.214692,-0.872164],[0.194335,-0.92528,-0.325716]],[[-0.876924,-0.312673,0.36502],[-0.480463,0.55035,-0.68284],[0.0126171,-0.774178,-0.632842]]],"btipPosition":[54.0713,263.94,-0.724338],"carpPosition":[106.987,135.276,26.3946],"dipPosition":[54.3302,248.05,-13.7136],"direction":[-0.194335,0.92528,0.325716],"extended":false,"handId":341,"id":3413,"length":70.7778,"mcpPosition":[79.4713,175.472,-15.4846],"pipPosition":[60.2442,219.892,-23.6258],"stabilizedTipPosition":[53.4389,253.356,1.29325],"timeVisible":0.064837,"tipPosition":[54.4671,257.704,-8.23487],"tipVelocity":[26.0999,72.0664,-143.496],"tool":false,"touchDistance":0.333333,"touchZone":"none","type":3,"width":18.9716},{"bases":[[[-0.831074,-0.223084,0.509461],[-0.126857,-0.815845,-0.564184],[0.541502,-0.533507,0.649728]],[[-0.76236,-0.283695,0.581657],[-0.45618,-0.401942,-0.793941],[0.459029,-0.870609,0.177009]],[[-0.76236,-0.283695,0.581657],[-0.611568,0.0218832,-0.790889],[0.211643,-0.958665,-0.190181]],[[-0.76236,-0.283695,0.581657],[-0.646095,0.282263,-0.709147],[0.0370011,-0.916431,-0.398479]]],"btipPosition":[39.3601,238.842,0.295921],"carpPosition":[94.6394,135.348,34.1764],"dipPosition":[40.0608,221.489,-7.24947],"direction":[-0.211643,0.958665,0.190181],"extended":false,"handId":341,"id":3414,"length":55.4885,"mcpPosition":[62.4386,167.073,-4.46007],"pipPosition":[44.6082,200.891,-11.3358],"stabilizedTipPosition":[36.6962,228.704,0.399404],"timeVisible":0.064837,"tipPosition":[37.3169,231.554,-6.15007],"tipVelocity":[81.1944,102.04,-99.2773],"tool":false,"touchDistance":0.333333,"touchZone":"none","type":4,"width":16.8521},{"bases":[[[-0.967383,-0.25004,-0.0406118],[0.197562,-0.644361,-0.738761],[0.158551,-0.722688,0.672743]],[[-0.946899,-0.320454,0.0262826],[-0.026115,-0.00482149,-0.999647],[0.320468,-0.947252,-0.0038032]],[[-0.946899,-0.320454,0.0262826],[-0.251709,0.687936,-0.680725],[0.20006,-0.651193,-0.732068]],[[-0.946899,-0.320454,0.0262826],[-0.320811,0.936155,-0.143853],[0.0214937,-0.144646,-0.98925]]],"btipPosition":[98.223,261.298,15.034],"carpPosition":[131.026,142.06,27.6059],"dipPosition":[98.6264,258.583,-3.53358],"direction":[-0.20006,0.651193,0.732068],"extended":false,"handId":341,"id":3411,"length":64.6029,"mcpPosition":[119.063,196.585,-23.1512],"pipPosition":[103.938,241.292,-22.9717],"stabilizedTipPosition":[99.5005,252.514,23.1914],"timeVisible":0.064837,"tipPosition":[100.878,258.344,9.77839],"tipVelocity":[-7.98304,152.233,-256.449],"tool":false,"touchDistance":0.333333,"touchZone":"none","type":1,"width":20.3},{"bases":[[[-0.956479,-0.231843,0.177191],[0.0346035,-0.693067,-0.720042],[0.289742,-0.682574,0.670927]],[[-0.932848,-0.280919,0.225565],[-0.186671,-0.158613,-0.969534],[0.308138,-0.946534,0.095522]],[[-0.932848,-0.280919,0.225565],[-0.345822,0.522676,-0.779241],[0.101007,-0.804919,-0.584725]],[[-0.932848,-0.280919,0.225565],[-0.348608,0.86185,-0.368357],[-0.0909244,-0.422255,-0.901905]]],"btipPosition":[80.8652,271.067,9.22514],"carpPosition":[119.19,138.248,25.4025],"dipPosition":[78.9882,262.35,-9.39373],"direction":[-0.101007,0.804919,0.584725],"extended":false,"handId":341,"id":3412,"length":73.6098,"mcpPosition":[98.4596,187.086,-22.6019],"pipPosition":[82.1435,237.205,-27.6598],"stabilizedTipPosition":[79.3446,264.053,9.55907],"timeVisible":0.064837,"tipPosition":[80.7953,269.139,-0.806743],"tipVelocity":[17.5296,55.1168,-167.145],"tool":false,"touchDistance":0.333333,"touchZone":"none","type":2,"width":19.9373}],"r":[[0.999955,-0.00755733,-0.00577899],[0.00741182,0.999665,-0.0247983],[0.00596447,0.0247544,0.999676]],"s":0.964638,"t":[0.0112074,2.48255,-4.99392],"timestamp":261110738455},{"currentFrameRate":28.163,"devices":[],"gestures":[],"hands":[{"armBasis":[[-0.757874,-0.513773,0.402074],[0.272917,-0.809455,-0.519903],[0.592573,-0.284288,0.753683]],"armWidth":66.4077,"confidence":0.421635,"direction":[-0.290144,0.544592,-0.786916],"elbow":[286.245,51.6883,265.958],"grabAngle":1.77354,"grabStrength":0.340319,"id":341,"palmNormal":[-0.242237,0.753715,0.61093],"palmPosition":[102.283,176.15,-1.69786],"palmVelocity":[12.3461,72.3548,-98.2861],"palmWidth":93.3132,"pinchDistance":24.7453,"pinchStrength":0.977392,"r":[[0.999965,-0.00518613,-0.00661811],[0.00490698,0.999126,-0.0415202],[0.00682765,0.0414863,0.999116]],"s":0.939335,"sphereCenter":[66.1334,227.434,28.762],"sphereRadius":61.0231,"stabilizedPalmPosition":[101.547,170.47,7.66253],"t":[0.381097,4.15781,-7.31209],"timeVisible":0.08536,"type":"right","wrist":[122.166,130.406,57.2681]}],"id":202883,"interactionBox":{"center":[0,200,0],"size":[235.247,235.247,147.751]},"pointables":[{"bases":[[[-0.2125,-0.715908,-0.665071],[0.966657,-0.253541,-0.0359392],[-0.142894,-0.650533,0.745915]],[[-0.13946,-0.403528,-0.904277],[0.989108,-0.100178,-0.107839],[-0.0470724,-0.909467,0.413103]],[[-0.13946,-0.403528,-0.904277],[0.962446,0.159558,-0.219632],[0.232912,-0.900948,0.366122]],[[-0.13946,-0.403528,-0.904277],[0.851379,0.417475,-0.317597],[0.505673,-0.814174,0.285334]]],"btipPosition":[118.274,258.204,4.64671],"carpPosition":[137.589,156.968,46.8436],"dipPosition":[131.275,237.271,11.9826],"direction":[-0.232912,0.900948,-0.366122],"extended":false,"handId":341,"id":3410,"length":57.2524,"mcpPosition":[137.589,156.968,46.8436],"pipPosition":[139.999,203.526,25.696],"stabilizedTipPosition":[121.297,244.847,28.719],"timeVisible":0.08536,"tipPosition":[122.676,253.013,9.19405],"tipVelocity":[-133.606,82.9832,-150.83],"tool":false,"touchDistance":1,"touchZone":"none","type":0,"width":21.2521},{"bases":[[[-0.901385,-0.288347,0.32305],[-0.000838528,-0.744878,-0.6672],[0.433018,-0.601675,0.67118]],[[-0.878081,-0.318715,0.356924],[-0.275654,-0.272794,-0.921737],[0.391138,-0.907747,0.15168]],[[-0.878081,-0.318715,0.356924],[-0.441737,0.253139,-0.860691],[0.183964,-0.913423,-0.363064]],[[-0.878081,-0.318715,0.356924],[-0.478072,0.616287,-0.62581],[-0.0205128,-0.720147,-0.693518]]],"btipPosition":[55.5379,263.257,0.0508187],"carpPosition":[107.73,137.473,25.3284],"dipPosition":[55.1168,248.476,-14.1838],"direction":[-0.183964,0.913423,0.363064],"extended":false,"handId":341,"id":3413,"length":70.7778,"mcpPosition":[79.9133,176.124,-17.7878],"pipPosition":[60.7152,220.679,-25.2326],"stabilizedTipPosition":[53.624,253.957,0.875823],"timeVisible":0.08536,"tipPosition":[53.8099,258.522,-9.88677],"tipVelocity":[63.8398,-20.8454,23.8132],"tool":false,"touchDistance":0.333333,"touchZone":"none","type":3,"width":18.9716},{"bases":[[[-0.832597,-0.228981,0.504331],[-0.102767,-0.830869,-0.546896],[0.544262,-0.507173,0.668248]],[[-0.757244,-0.291163,0.584642],[-0.450994,-0.414373,-0.790506],[0.472426,-0.862275,0.182468]],[[-0.757244,-0.291163,0.584642],[-0.61672,0.0240475,-0.786815],[0.215033,-0.956371,-0.197776]],[[-0.757244,-0.291163,0.584642],[-0.653065,0.324663,-0.684179],[0.00939634,-0.899899,-0.435997]]],"btipPosition":[39.7726,238.703,-1.36369],"carpPosition":[95.2865,137.46,32.9566],"dipPosition":[39.9505,221.663,-9.6195],"direction":[-0.215033,0.956371,0.197776],"extended":false,"handId":341,"id":3414,"length":55.4885,"mcpPosition":[62.9216,167.62,-6.78121],"pipPosition":[44.5708,201.114,-13.869],"stabilizedTipPosition":[36.9596,229.218,0.0899724],"timeVisible":0.08536,"tipPosition":[37.0056,232.013,-9.16058],"tipVelocity":[14.2392,-3.28635,-88.8275],"tool":false,"touchDistance":0.333333,"touchZone":"none","type":4,"width":16.8521},{"bases":[[[-0.96139,-0.271217,-0.0465913],[0.220187,-0.656575,-0.721406],[0.165067,-0.703812,0.690943]],[[-0.94451,-0.328313,0.0105253],[-0.014864,0.0107083,-0.999832],[0.328145,-0.944508,-0.0149941]],[[-0.94451,-0.328313,0.0105253],[-0.255369,0.713753,-0.652184],[0.206608,-0.618682,-0.757988]],[[-0.94451,-0.328313,0.0105253],[-0.324781,0.928594,-0.179531],[0.0491684,-0.172987,-0.983696]]],"btipPosition":[97.2552,262.14,13.8423],"carpPosition":[131.605,144.788,26.6752],"dipPosition":[98.178,258.893,-4.62105],"direction":[-0.206608,0.618682,0.757988],"extended":false,"handId":341,"id":3411,"length":64.6029,"mcpPosition":[119.151,197.889,-25.4551],"pipPosition":[103.664,242.466,-24.7474],"stabilizedTipPosition":[99.4514,252.729,22.8626],"timeVisible":0.08536,"tipPosition":[98.95,260.232,6.50624],"tipVelocity":[-41.3355,35.0907,-56.8988],"tool":false,"touchDistance":0.333333,"touchZone":"none","type":1,"width":20.3},{"bases":[[[-0.953606,-0.24788,0.170855],[0.0580532,-0.708268,-0.703553],[0.295408,-0.660993,0.689798]],[[-0.938939,-0.278154,0.202542],[-0.172888,-0.127559,-0.976647],[0.297495,-0.952029,0.0716805]],[[-0.938939,-0.278154,0.202542],[-0.328575,0.550091,-0.767749],[0.102136,-0.78742,-0.607897]],[[-0.938939,-0.278154,0.202542],[-0.337999,0.855817,-0.391579],[-0.0644199,-0.436128,-0.897576]]],"btipPosition":[81.1308,271.984,8.78568],"carpPosition":[119.88,140.678,24.4164],"dipPosition":[79.801,262.981,-9.74381],"direction":[-0.102136,0.78742,0.607897],"extended":false,"handId":341,"id":3412,"length":73.6098,"mcpPosition":[98.744,187.972,-24.9382],"pipPosition":[82.9916,238.383,-28.7338],"stabilizedTipPosition":[79.3897,264.232,9.40562],"timeVisible":0.08536,"tipPosition":[79.5301,270.058,-2.82699],"tipVelocity":[19.074,41.4661,-20.4114],"tool":false,"touchDistance":0.333333,"touchZone":"none","type":2,"width":19.9373}],"r":[[0.999965,-0.00518613,-0.00661811],[0.00490698,0.999126,-0.0415202],[0.00682765,0.0414863,0.999116]],"s":0.939335,"t":[0.381097,4.15781,-7.31209],"timestamp":261110758978},{"currentFrameRate":30.17,"devices":[],"gestures":[],"hands":[{"armBasis":[[-0.768563,-0.505637,0.391973],[0.264309,-0.808889,-0.525204],[0.582625,-0.300051,0.755326]],"armWidth":66.4077,"confidence":0.506347,"direction":[-0.281356,0.551676,-0.78517],"elbow":[283.072,47.8614,264.379],"grabAngle":1.76296,"grabStrength":0.361634,"id":341,"palmNormal":[-0.235238,0.753606,0.613793],"palmPosition":[102.636,177.249,-3.57419],"palmVelocity":[17.164,53.5538,-91.417],"palmWidth":93.3132,"pinchDistance":25.2282,"pinchStrength":0.962692,"r":[[0.999961,-0.00564092,-0.0067313],[0.00526979,0.998531,-0.0539334],[0.00702565,0.0538959,0.998522]],"s":0.918121,"sphereCenter":[66.6382,228.725,27.3006],"sphereRadius":61.2263,"stabilizedPalmPosition":[101.557,170.535,7.55506],"t":[0.742188,5.54503,-9.40934],"timeVisible":0.105885,"type":"right","wrist":[121.746,130.944,55.2339]}],"id":202884,"interactionBox":{"center":[0,200,0],"size":[235.247,235.247,147.751]},"pointables":[{"bases":[[[-0.218858,-0.710211,-0.669105],[0.963724,-0.264692,-0.0342717],[-0.152767,-0.652333,0.742377]],[[-0.144063,-0.407782,-0.901643],[0.988248,-0.106347,-0.109804],[-0.0511107,-0.906865,0.41831]],[[-0.144063,-0.407782,-0.901643],[0.962937,0.152191,-0.222688],[0.22803,-0.900307,0.370743]],[[-0.144063,-0.407782,-0.901643],[0.859854,0.399393,-0.318018],[0.489792,-0.821096,0.293095]]],"btipPosition":[119.05,258.681,2.14403],"carpPosition":[137.567,157.425,44.9801],"dipPosition":[131.643,237.571,9.6795],"direction":[-0.22803,0.900307,-0.370743],"extended":false,"handId":341,"id":3410,"length":57.2524,"mcpPosition":[137.567,157.425,44.9801],"pipPosition":[140.184,203.849,23.5659],"stabilizedTipPosition":[121.308,244.993,28.3141],"timeVisible":0.105885,"tipPosition":[123.746,253.816,7.44993],"tipVelocity":[33.2177,21.2744,-119.697],"tool":false,"touchDistance":1,"touchZone":"none","type":0,"width":21.2521},{"bases":[[[-0.905677,-0.279277,0.318989],[-0.00754521,-0.741652,-0.670743],[0.423902,-0.609883,0.669589]],[[-0.8798,-0.313888,0.356968],[-0.281141,-0.261926,-0.92323],[0.38329,-0.912617,0.142196]],[[-0.8798,-0.313888,0.356968],[-0.441298,0.260267,-0.858788],[0.176656,-0.913091,-0.367501]],[[-0.8798,-0.313888,0.356968],[-0.473887,0.637924,-0.607029],[-0.0371793,-0.703227,-0.709993]]],"btipPosition":[56.8899,264.577,-0.953247],"carpPosition":[107.547,138.383,23.2835],"dipPosition":[56.1268,250.143,-15.5261],"direction":[-0.176656,0.913091,0.367501],"extended":false,"handId":341,"id":3413,"length":70.7778,"mcpPosition":[80.3157,177.562,-19.7305],"pipPosition":[61.5028,222.356,-26.7099],"stabilizedTipPosition":[53.9362,254.694,0.352464],"timeVisible":0.105885,"tipPosition":[55.2158,260.262,-11.2371],"tipVelocity":[62.0399,68.1745,-52.7084],"tool":false,"touchDistance":0.333333,"touchZone":"none","type":3,"width":18.9716},{"bases":[[[-0.836748,-0.22158,0.500755],[-0.110839,-0.827009,-0.551154],[0.536254,-0.51668,0.667439]],[[-0.757675,-0.288568,0.585369],[-0.465676,-0.389366,-0.794695],[0.457246,-0.874713,0.160634]],[[-0.757675,-0.288568,0.585369],[-0.621934,0.0474076,-0.781633],[0.197804,-0.956285,-0.21539]],[[-0.757675,-0.288568,0.585369],[-0.652512,0.317771,-0.687931],[0.012502,-0.903189,-0.429061]]],"btipPosition":[40.9442,240.832,-2.30242],"carpPosition":[95.0809,138.481,30.8745],"dipPosition":[41.181,223.73,-10.4269],"direction":[-0.197804,0.956285,0.21539],"extended":false,"handId":341,"id":3414,"length":55.4885,"mcpPosition":[63.1922,169.205,-8.81521],"pipPosition":[45.431,203.183,-15.0548],"stabilizedTipPosition":[37.4418,230.135,-0.418749],"timeVisible":0.105885,"tipPosition":[38.2148,234.086,-10.563],"tipVelocity":[57.7423,103.043,-44.2642],"tool":false,"touchDistance":0.333333,"touchZone":"none","type":4,"width":16.8521},{"bases":[[[-0.964356,-0.259695,-0.0507432],[0.214663,-0.655692,-0.72387],[0.154714,-0.708961,0.688068]],[[-0.947636,-0.319249,0.00816037],[-0.0103347,0.00511738,-0.999934],[0.319186,-0.947657,-0.00814876]],[[-0.947636,-0.319249,0.00816037],[-0.237758,0.688221,-0.685437],[0.213209,-0.651484,-0.728086]],[[-0.947636,-0.319249,0.00816037],[-0.313394,0.924734,-0.215989],[0.0614082,-0.207236,-0.976362]]],"btipPosition":[97.9508,264.815,10.8655],"carpPosition":[131.502,145.411,24.7361],"dipPosition":[99.1033,260.925,-7.46023],"direction":[-0.213209,0.651484,0.728086],"extended":false,"handId":341,"id":3411,"length":64.6029,"mcpPosition":[119.829,198.901,-27.1772],"pipPosition":[104.765,243.627,-26.7926],"stabilizedTipPosition":[99.4165,253.045,22.4047],"timeVisible":0.105885,"tipPosition":[100.001,261.656,5.2291],"tipVelocity":[36.4635,123.095,-143.493],"tool":false,"touchDistance":0.333333,"touchZone":"none","type":1,"width":20.3},{"bases":[[[-0.956958,-0.237481,0.166834],[0.0518814,-0.705563,-0.706745],[0.285551,-0.66767,0.687515]],[[-0.939233,-0.274945,0.205538],[-0.176059,-0.128185,-0.975998],[0.294693,-0.952876,0.0719893]],[[-0.939233,-0.274945,0.205538],[-0.328581,0.546729,-0.770144],[0.0993745,-0.790881,-0.603847]],[[-0.939233,-0.274945,0.205538],[-0.33639,0.856522,-0.391422],[-0.0684277,-0.436778,-0.896963]]],"btipPosition":[82.0097,273.4,6.80004],"carpPosition":[119.737,141.451,22.4229],"dipPosition":[80.5971,264.383,-11.7168],"direction":[-0.0993745,0.790881,0.603848],"extended":false,"handId":341,"id":3412,"length":73.6098,"mcpPosition":[99.3055,189.222,-26.7684],"pipPosition":[83.7014,239.677,-30.5803],"stabilizedTipPosition":[79.4523,264.425,9.21836],"timeVisible":0.105885,"tipPosition":[81.022,271.417,-3.98791],"tipVelocity":[41.8913,68.8467,-96.601],"tool":false,"touchDistance":0.333333,"touchZone":"none","type":2,"width":19.9373}],"r":[[0.999961,-0.00564092,-0.0067313],[0.00526979,0.998531,-0.0539334],[0.00702565,0.0538959,0.998522]],"s":0.918121,"t":[0.742188,5.54503,-9.40934],"timestamp":261110779503},{"currentFrameRate":31.979,"devices":[],"gestures":[],"hands":[{"armBasis":[[-0.782213,-0.497192,0.375423],[0.258115,-0.807071,-0.53105],[0.567027,-0.318491,0.759634]],"armWidth":66.4077,"confidence":0.582339,"direction":[-0.268889,0.556234,-0.786322],"elbow":[277.587,42.6982,263.584],"grabAngle":1.7506,"grabStrength":0.364163,"id":341,"palmNormal":[-0.232206,0.754871,0.613392],"palmPosition":[102.536,177.621,-5.60306],"palmVelocity":[-4.85114,18.1193,-98.7908],"palmWidth":93.3132,"pinchDistance":26.323,"pinchStrength":0.932686,"r":[[0.999953,-0.00815622,-0.00516572],[0.00781222,0.997955,-0.0634345],[0.00567254,0.0633912,0.997973]],"s":0.902835,"sphereCenter":[66.7748,229.566,25.2789],"sphereRadius":61.4889,"stabilizedPalmPosition":[101.562,170.565,7.4989],"t":[0.872919,6.4247,-11.4724],"timeVisible":0.126422,"type":"right","wrist":[120.58,130.886,53.2462]}],"id":202885,"interactionBox":{"center":[0,200,0],"size":[235.247,235.247,147.751]},"pointables":[{"bases":[[[-0.220923,-0.706481,-0.672368],[0.961074,-0.274983,-0.0268503],[-0.16592,-0.652127,0.73973]],[[-0.142297,-0.409333,-0.90122],[0.987452,-0.121703,-0.100635],[-0.068488,-0.904231,0.421515]],[[-0.142297,-0.409333,-0.90122],[0.966532,0.138892,-0.215694],[0.213463,-0.901751,0.37587]],[[-0.142297,-0.409333,-0.90122],[0.86814,0.38576,-0.312286],[0.475484,-0.826822,0.300466]]],"btipPosition":[120.135,258.648,-0.184556],"carpPosition":[136.849,157.326,43.1971],"dipPosition":[132.359,237.391,7.54043],"direction":[-0.213463,0.901751,-0.37587],"extended":false,"handId":341,"id":3410,"length":57.2524,"mcpPosition":[136.849,157.326,43.1971],"pipPosition":[140.355,203.615,21.6189],"stabilizedTipPosition":[121.324,245.081,28.0473],"timeVisible":0.126422,"tipPosition":[124.312,253.926,5.56662],"tipVelocity":[48.6873,-3.24972,-111.262],"tool":false,"touchDistance":0.992989,"touchZone":"hovering","type":0,"width":21.2521},{"bases":[[[-0.91124,-0.270145,0.310907],[-0.00995423,-0.740191,-0.672323],[0.411755,-0.615742,0.671803]],[[-0.884119,-0.307596,0.351736],[-0.278973,-0.256393,-0.925439],[0.374844,-0.916323,0.140871]],[[-0.884119,-0.307596,0.351736],[-0.434882,0.266341,-0.860198],[0.170911,-0.913481,-0.369245]],[[-0.884119,-0.307596,0.351736],[-0.466183,0.631775,-0.619301],[-0.0317237,-0.711509,-0.70196]]],"btipPosition":[57.4071,265.585,-3.21227],"carpPosition":[106.806,138.652,21.2134],"dipPosition":[56.7559,250.981,-17.6202],"direction":[-0.170911,0.913481,0.369245],"extended":false,"handId":341,"id":3413,"length":70.7778,"mcpPosition":[80.3555,178.207,-21.9427],"pipPosition":[61.9571,223.182,-28.8571],"stabilizedTipPosition":[54.1218,255.115,-0.0319075],"timeVisible":0.126422,"tipPosition":[56.0989,261.176,-13.3522],"tipVelocity":[26.4369,47.1935,-108.151],"tool":false,"touchDistance":0.333333,"touchZone":"none","type":3,"width":18.9716},{"bases":[[[-0.843205,-0.213555,0.493356],[-0.115147,-0.82467,-0.55377],[0.525116,-0.52375,0.670775]],[[-0.762912,-0.283604,0.580976],[-0.468416,-0.376895,-0.799085],[0.445591,-0.88177,0.154693]],[[-0.762912,-0.283604,0.580976],[-0.619252,0.0624143,-0.782707],[0.185718,-0.956908,-0.223239]],[[-0.762912,-0.283604,0.580976],[-0.646439,0.322146,-0.69162],[0.0089873,-0.903211,-0.429102]]],"btipPosition":[41.5842,241.928,-4.27387],"carpPosition":[94.2796,138.868,28.7013],"dipPosition":[41.7544,224.825,-12.3991],"direction":[-0.185718,0.956908,0.223239],"extended":false,"handId":341,"id":3414,"length":55.4885,"mcpPosition":[63.0532,170.013,-11.1868],"pipPosition":[45.7448,204.264,-17.1957],"stabilizedTipPosition":[37.7532,230.72,-0.844929],"timeVisible":0.126422,"tipPosition":[38.8737,235.246,-12.8034],"tipVelocity":[30.4174,53.3435,-96.0038],"tool":false,"touchDistance":0.333333,"touchZone":"none","type":4,"width":16.8521},{"bases":[[[-0.966638,-0.249197,-0.059257],[0.213598,-0.656524,-0.723431],[0.141373,-0.711953,0.687849]],[[-0.950899,-0.309502,0.000118001],[0.000356529,-0.00147664,-0.999999],[0.309502,-0.950898,0.00151448]],[[-0.950899,-0.309502,0.000118001],[-0.218252,0.670276,-0.709292],[0.219448,-0.674491,-0.704915]],[[-0.950899,-0.309502,0.000118001],[-0.298332,0.916477,-0.266588],[0.0824013,-0.253533,-0.963811]]],"btipPosition":[98.1754,266.68,7.71775],"carpPosition":[130.823,145.418,22.8788],"dipPosition":[99.722,261.922,-10.3724],"direction":[-0.219448,0.674491,0.704915],"extended":false,"handId":341,"id":3411,"length":64.6029,"mcpPosition":[120.156,199.133,-29.018],"pipPosition":[105.549,244.012,-29.0895],"stabiliz