{"frames":184,"data":[{"currentFrameRate":25.9129,"devices":[],"gestures":[],"hands":[],"id":203981,"interactionBox":{"center":[0,200,0],"size":[235.247,235.247,147.751]},"pointables":[],"r":[[-0.0794966,-0.728761,-0.680138],[0.446709,0.583909,-0.677865],[0.891141,-0.357712,0.279125]],"s":-5.62558,"t":[894.675,787.691,741.58],"timestamp":261152755114},{"currentFrameRate":25.9105,"devices":[],"gestures":[],"hands":[],"id":203982,"interactionBox":{"center":[0,200,0],"size":[235.247,235.247,147.751]},"pointables":[],"r":[[-0.0794966,-0.728761,-0.680138],[0.446709,0.583909,-0.677865],[0.891141,-0.357712,0.279125]],"s":-5.62558,"t":[894.675,787.691,741.58],"timestamp":261152793725},{"currentFrameRate":25.9611,"devices":[],"gestures":[],"hands":[],"id":203983,"interactionBox":{"center":[0,200,0],"size":[235.247,235.247,147.751]},"pointables":[],"r":[[-0.0794966,-0.728761,-0.680138],[0.446709,0.583909,-0.677865],[0.891141,-0.357712,0.279125]],"s":-5.62558,"t":[894.675,787.691,741.58],"timestamp":261152831891},{"currentFrameRate":25.965,"devices":[],"gestures":[],"hands":[],"id":203984,"interactionBox":{"center":[0,200,0],"size":[235.247,235.247,147.751]},"pointables":[],"r":[[-0.0794966,-0.728761,-0.680138],[0.446709,0.583909,-0.677865],[0.891141,-0.357712,0.279125]],"s":-5.62558,"t":[894.675,787.691,741.58],"timestamp":261152870377},{"currentFrameRate":25.9666,"devices":[],"gestures":[],"hands":[],"id":203985,"interactionBox":{"center":[0,200,0],"size":[235.247,235.247,147.751]},"pointables":[],"r":[[-0.0794966,-0.728761,-0.680138],[0.446709,0.583909,-0.677865],[0.891141,-0.357712,0.279125]],"s":-5.62558,"t":[894.675,787.691,741.58],"timestamp":261152908877},{"currentFrameRate":25.9523,"devices":[],"gestures":[],"hands":[],"id":203986,"interactionBox":{"center":[0,200,0],"size":[235.247,235.247,147.751]},"pointables":[],"r":[[-0.0794966,-0.728761,-0.680138],[0.446709,0.583909,-0.677865],[0.891141,-0.357712,0.279125]],"s":-5.62558,"t":[894.675,787.691,741.58],"timestamp":261152947509},{"currentFrameRate":25.9346,"devices":[],"gestures":[],"hands":[],"id":203987,"interactionBox":{"center":[0,200,0],"size":[235.247,235.247,147.751]},"pointables":[],"r":[[-0.0794966,-0.728761,-0.680138],[0.446709,0.583909,-0.677865],[0.891141,-0.357712,0.279125]],"s":-5.62558,"t":[894.675,787.691,741.58],"timestamp":261152986191},{"currentFrameRate":25.938,"devices":[],"gestures":[],"hands":[{"armBasis":[[0.759099,-0.504991,-0.410795],[0.551936,0.83387,-0.00516602],[0.345158,-0.222811,0.911713]],"armWidth":65.3469,"confidence":0,"direction":[0.177813,0.812758,-0.554804],"elbow":[220.65,71.1747,388.888],"grabAngle":2.20469,"grabStrength":0,"id":342,"palmNormal":[-0.659073,-0.320305,-0.680461],"palmPosition":[124.237,192.987,88.4266],"palmVelocity":[1.19209e-7,1.19209e-7,1.19209e-7],"palmWidth":93.3132,"pinchDistance":51.2293,"pinchStrength":0.177405,"r":[[1,-2.77556e-17,-3.33067e-17],[2.77556e-17,1,-1.11022e-17],[3.33067e-17,1.11022e-17,1]],"s":1,"sphereCenter":[96.4877,186.067,36.3406],"sphereRadius":53.6575,"stabilizedPalmPosition":[124.237,192.987,88.4266],"t":[0,0,0],"timeVisible":0,"type":"right","wrist":[125.078,132.87,136.44]}],"id":203988,"interactionBox":{"center":[0,200,0],"size":[235.247,235.247,147.751]},"pointables":[{"bases":[[[0.918245,0.249258,0.307729],[-0.362756,0.217709,0.906097],[0.158856,-0.943649,0.290329]],[[0.91165,0.284427,0.296639],[-0.357227,0.191581,0.914158],[0.203181,-0.93936,0.27626]],[[0.91165,0.284427,0.296639],[-0.409118,0.559718,0.720651],[0.0389384,-0.778343,0.626631]],[[0.91165,0.284427,0.296639],[-0.393607,0.811867,0.431214],[-0.118183,-0.509876,0.852091]]],"btipPosition":[84.808,240.961,70.325],"carpPosition":[93.7343,153.42,126.829],"dipPosition":[81.9715,228.723,90.7762],"direction":[-0.0389384,0.778343,-0.626631],"extended":true,"handId":342,"id":3420,"length":53.447,"mcpPosition":[93.7343,153.42,126.829],"pipPosition":[83.333,201.508,112.687],"stabilizedTipPosition":[84.1556,238.146,75.0288],"timeVisible":0,"tipPosition":[84.1556,238.146,75.0288],"tipVelocity":[1.19209e-7,1.19209e-7,1.19209e-7],"tool":false,"touchDistance":1,"touchZone":"none","type":0,"width":20.767},{"bases":[[[0.750237,-0.343279,-0.565069],[0.659583,0.447736,0.603724],[0.0457558,-0.825646,0.562329]],[[0.747229,-0.477414,-0.462305],[0.653306,0.655219,0.379314],[0.121821,-0.585461,0.801496]],[[0.747229,-0.477414,-0.462305],[0.561759,0.825433,0.0555676],[0.355073,-0.301225,0.884978]],[[0.747229,-0.477414,-0.462305],[0.349837,0.874037,-0.337156],[0.565034,0.0902017,0.820122]]],"btipPosition":[87.4246,258.711,16.3801],"carpPosition":[114.946,164.737,130.427],"dipPosition":[97.325,260.292,30.7502],"direction":[-0.355073,0.301225,-0.884978],"extended":true,"handId":342,"id":3421,"length":60.309,"mcpPosition":[111.494,227.03,87.9999],"pipPosition":[106.126,252.825,52.6866],"stabilizedTipPosition":[89.7017,259.075,19.6852],"timeVisible":0,"tipPosition":[89.7017,259.075,19.6852],"tipVelocity":[1.19209e-7,1.19209e-7,1.19209e-7],"tool":false,"touchDistance":1,"touchZone":"none","type":1,"width":19.8367},{"bases":[[[0.384791,-0.772994,-0.504397],[0.876117,0.133927,0.463122],[-0.290438,-0.620116,0.728767]],[[0.395063,-0.750016,-0.530473],[0.776716,0.581054,-0.243082],[0.490548,-0.315994,0.812102]],[[0.395063,-0.750016,-0.530473],[-0.0279062,0.567381,-0.822982],[0.91823,0.339933,0.203221]],[[0.395063,-0.750016,-0.530473],[-0.566253,0.255891,-0.783503],[0.723383,0.609915,-0.323606]]],"btipPosition":[105.76,176.556,35.9079],"carpPosition":[137.483,145.822,107.049],"dipPosition":[118.548,187.338,30.1875],"direction":[-0.91823,-0.339933,-0.203221],"extended":false,"handId":342,"id":3424,"length":51.8004,"mcpPosition":[154.754,182.697,63.7122],"pipPosition":[136.966,194.156,34.2638],"stabilizedTipPosition":[108.701,179.036,34.5922],"timeVisible":0,"tipPosition":[108.701,179.036,34.5922],"tipVelocity":[1.19209e-7,1.19209e-7,1.19209e-7],"tool":false,"touchDistance":1,"touchZone":"none","type":4,"width":16.4674},{"bases":[[[0.626013,-0.522936,-0.578487],[0.777769,0.365019,0.5117],[-0.0564276,-0.770259,0.635229]],[[0.624717,-0.5387,-0.565271],[0.531496,0.823694,-0.197585],[0.57205,-0.177005,0.800892]],[[0.624717,-0.5387,-0.565271],[-0.235752,0.560013,-0.794233],[0.744413,0.629435,0.22285]],[[0.624717,-0.5387,-0.565271],[-0.625881,0.0874133,-0.775004],[0.466907,0.837951,-0.282553]]],"btipPosition":[70.4949,191.085,37.9893],"carpPosition":[125.442,161.729,124.082],"dipPosition":[79.4931,207.234,32.544],"direction":[-0.744413,-0.629435,-0.22285],"extended":false,"handId":342,"id":3422,"length":68.7173,"mcpPosition":[129.479,216.84,78.6318],"pipPosition":[101.202,225.59,39.0428],"stabilizedTipPosition":[72.5645,194.799,36.7369],"timeVisible":0,"tipPosition":[72.5645,194.799,36.7369],"tipVelocity":[1.19209e-7,1.19209e-7,1.19209e-7],"tool":false,"touchDistance":1,"touchZone":"none","type":2,"width":19.4822},{"bases":[[[0.550461,-0.656605,-0.515619],[0.818312,0.301985,0.489051],[-0.165404,-0.691141,0.703538]],[[0.546183,-0.673567,-0.497987],[0.651841,0.715137,-0.252352],[0.526106,-0.186778,0.829655]],[[0.546183,-0.673567,-0.497987],[-0.129784,0.51927,-0.844698],[0.827551,0.525991,0.196198]],[[0.546183,-0.673567,-0.497987],[-0.579272,0.12572,-0.805381],[0.605085,0.728356,-0.321512]]],"btipPosition":[85.4704,180.215,34.1444],"carpPosition":[134.056,156.158,116.768],"dipPosition":[97.0645,194.171,27.9839],"direction":[-0.827551,-0.525991,-0.196198],"extended":false,"handId":342,"id":3423,"length":66.0735,"mcpPosition":[144.681,200.556,71.5728],"pipPosition":[120.575,209.115,33.5577],"stabilizedTipPosition":[88.1371,183.425,32.7275],"timeVisible":0,"tipPosition":[88.1371,183.425,32.7275],"tipVelocity":[1.19209e-7,1.19209e-7,1.19209e-7],"tool":false,"touchDistance":1,"touchZone":"none","type":3,"width":18.5386}],"r":[[1,-2.77556e-17,-3.33067e-17],[2.77556e-17,1,-1.11022e-17],[3.33067e-17,1.11022e-17,1]],"s":1,"t":[0,0,0],"timestamp":261153024721},{"currentFrameRate":25.9333,"devices":[],"gestures":[],"hands":[{"armBasis":[[0.774186,-0.405492,-0.486017],[0.369115,0.912996,-0.173757],[0.514189,-0.0448759,0.856502]],"armWidth":66.4077,"confidence":0.200553,"direction":[0.113357,0.817523,-0.56463],"elbow":[268.095,133.359,374.062],"grabAngle":0.998452,"grabStrength":0,"id":342,"palmNormal":[-0.58019,-0.406865,-0.705578],"palmPosition":[117.928,203.614,87.4452],"palmVelocity":[-163.461,275.354,-25.4294],"palmWidth":93.3132,"pinchDistance":51.9796,"pinchStrength":0,"r":[[0.999678,0.0231664,0.0103577],[-0.0231165,0.999721,-0.00491206],[-0.0104686,0.00467104,0.999934]],"s":0.993098,"sphereCenter":[57.2202,172.848,9.22865],"sphereRadius":100.82,"stabilizedPalmPosition":[120.52,199.247,87.8484],"t":[-3.15423,5.31337,-0.490698],"timeVisible":0.038593,"type":"right","wrist":[125.719,145.785,136.902]}],"id":203989,"interactionBox":{"center":[0,200,0],"size":[235.247,235.247,147.751]},"pointables":[{"bases":[[[0.865612,0.35943,0.348605],[-0.433881,0.190919,0.88051],[0.249926,-0.913433,0.321212]],[[0.865841,0.358591,0.3489],[-0.416263,0.129432,0.899985],[0.277568,-0.924478,0.261336]],[[0.865841,0.358591,0.3489],[-0.49699,0.536133,0.682321],[0.0576173,-0.764182,0.642423]],[[0.865841,0.358591,0.3489],[-0.495257,0.713239,0.495995],[-0.0709898,-0.602248,0.795146]]],"btipPosition":[75.58,252.93,67.2937],"carpPosition":[90.1223,161.497,125.178],"dipPosition":[73.7549,237.446,87.737],"direction":[-0.0576173,0.764182,-0.642423],"extended":true,"handId":342,"id":3420,"length":57.2524,"mcpPosition":[90.1223,161.497,125.178],"pipPosition":[75.913,208.823,111.799],"stabilizedTipPosition":[77.9438,245.896,72.9342],"timeVisible":0.038593,"tipPosition":[74.1825,245.428,71.2422],"tipVelocity":[-233.083,290.783,-78.5914],"tool":false,"touchDistance":1,"touchZone":"none","type":0,"width":21.2521},{"bases":[[[0.712219,-0.457562,-0.532335],[0.701954,0.461897,0.542137],[-0.00217725,-0.759795,0.650159]],[[0.707025,-0.543708,-0.452214],[0.687943,0.676954,0.261663],[0.16386,-0.496099,0.852664]],[[0.707025,-0.543708,-0.452214],[0.579085,0.812161,-0.0710962],[0.405926,-0.211604,0.889071]],[[0.707025,-0.543708,-0.452214],[0.461687,0.839255,-0.287222],[0.535688,-0.00570826,0.844397]]],"btipPosition":[88.5112,260.726,-13.0015],"carpPosition":[120.771,173.366,123.871],"dipPosition":[99.5699,260.608,4.43016],"direction":[-0.405926,0.211604,-0.889071],"extended":true,"handId":342,"id":3422,"length":73.6098,"mcpPosition":[120.927,227.729,77.3526],"pipPosition":[112.25,253.998,32.2037],"stabilizedTipPosition":[87.7208,248.817,-0.746933],"timeVisible":0.038593,"tipPosition":[90.2507,258.403,-7.43813],"tipVelocity":[479.106,1707.54,-1184.91],"tool":false,"touchDistance":1,"touchZone":"none","type":2,"width":19.9373},{"bases":[[[0.64918,-0.597894,-0.470201],[0.750618,0.40357,0.523168],[-0.12304,-0.692571,0.710779]],[[0.648387,-0.602271,-0.465687],[0.739417,0.643826,0.196851],[0.181264,-0.471972,0.862778]],[[0.648387,-0.602271,-0.465687],[0.601271,0.780312,-0.17201],[0.466978,-0.168475,0.868071]],[[0.648387,-0.602271,-0.465687],[0.445296,0.796163,-0.409678],[0.6175,0.0582613,0.78441]]],"btipPosition":[102.472,240.283,-13.3741],"carpPosition":[130.35,168.695,117.151],"dipPosition":[115.146,241.478,2.72618],"direction":[-0.466978,0.168475,-0.868071],"extended":true,"handId":342,"id":3423,"length":70.7778,"mcpPosition":[138.254,213.186,71.4908],"pipPosition":[129.357,236.351,29.1433],"stabilizedTipPosition":[101.974,229.255,-1.28305],"timeVisible":0.038593,"tipPosition":[104.432,237.982,-7.68194],"tipVelocity":[446.97,1480.38,-1098.61],"tool":false,"touchDistance":1,"touchZone":"none","type":3,"width":18.9716},{"bases":[[[0.814137,-0.264525,-0.516921],[0.570259,0.532065,0.625869],[0.109478,-0.804321,0.584022]],[[0.819908,-0.415552,-0.393787],[0.555747,0.74289,0.373175],[0.137467,-0.524815,0.840043]],[[0.819908,-0.415552,-0.393787],[0.511532,0.840631,0.177972],[0.257073,-0.347355,0.901808]],[[0.819908,-0.415552,-0.393787],[0.453668,0.891161,0.00417073],[0.349194,-0.182068,0.919192]]],"btipPosition":[81.5439,273.35,4.68054],"carpPosition":[109.672,175.256,129.589],"dipPosition":[88.098,269.933,21.9332],"direction":[-0.257073,0.347355,-0.901808],"extended":true,"handId":342,"id":3421,"length":64.6029,"mcpPosition":[101.412,235.94,85.5253],"pipPosition":[94.9239,260.71,45.8783],"stabilizedTipPosition":[86.2034,266.17,13.8796],"timeVisible":0.038593,"tipPosition":[81.4394,268.275,12.0295],"tipVelocity":[-172.32,349.531,-285.973],"tool":false,"touchDistance":1,"touchZone":"none","type":1,"width":20.3},{"bases":[[[0.497569,-0.73244,-0.464711],[0.828612,0.242879,0.504392],[-0.256569,-0.636035,0.727758]],[[0.512422,-0.691887,-0.50864],[0.85263,0.480424,0.205464],[0.102205,-0.538966,0.836104]],[[0.512422,-0.691887,-0.50864],[0.714933,0.671844,-0.19364],[0.475704,-0.264419,0.838921]],[[0.512422,-0.691887,-0.50864],[0.541369,0.720063,-0.434084],[0.66659,-0.052928,0.743543]]],"btipPosition":[123.904,224.09,0.0199614],"carpPosition":[135.461,158.648,107.879],"dipPosition":[136.526,223.087,14.0993],"direction":[-0.475704,0.264419,-0.838921],"extended":true,"handId":342,"id":3424,"length":55.4885,"mcpPosition":[150.718,196.471,64.6021],"pipPosition":[146.748,217.406,32.1246],"stabilizedTipPosition":[123.689,216.14,8.65421],"timeVisible":0.038593,"tipPosition":[125.11,220.693,5.83138],"tipVelocity":[469.149,1161.43,-811.908],"tool":false,"touchDistance":1,"touchZone":"none","type":4,"width":16.8521}],"r":[[0.999678,0.0231664,0.0103577],[-0.0231165,0.999721,-0.00491206],[-0.0104686,0.00467104,0.999934]],"s":0.993098,"t":[-3.15423,5.31337,-0.490698],"timestamp":261153063314},{"currentFrameRate":26.9563,"devices":[],"gestures":[],"hands":[{"armBasis":[[0.764302,-0.316835,-0.561656],[0.338338,0.938491,-0.0689995],[0.548971,-0.137293,0.824488]],"armWidth":66.4077,"confidence":0.346718,"direction":[0.0909869,0.866328,-0.491119],"elbow":[274.824,116.877,352.85],"grabAngle":0.808349,"grabStrength":0,"id":342,"palmNormal":[-0.539409,-0.371681,-0.755574],"palmPosition":[113.014,216.779,80.4241],"palmVelocity":[-163.448,437.854,-233.509],"palmWidth":93.3132,"pinchDistance":53.9113,"pinchStrength":0,"r":[[0.998398,0.0504942,0.0255449],[-0.0506967,0.998687,0.00734299],[-0.0251406,-0.00862627,0.999647]],"s":0.992382,"sphereCenter":[41.4629,175.603,-23.5784],"sphereRadius":131.506,"stabilizedPalmPosition":[113.918,214.667,81.3183],"t":[-7.18861,14.5528,-4.24662],"timeVisible":0.068661,"type":"right","wrist":[122.818,154.893,124.554]}],"id":203990,"interactionBox":{"center":[0,200,0],"size":[235.247,235.247,147.751]},"pointables":[{"bases":[[[0.837069,0.367226,0.405538],[-0.467982,0.0966521,0.878437],[0.283388,-0.925097,0.252759]],[[0.830491,0.387915,0.399758],[-0.454377,0.056633,0.889007],[0.32222,-0.919954,0.223293]],[[0.830491,0.387915,0.399758],[-0.551063,0.467379,0.691293],[0.0813248,-0.794405,0.60192]],[[0.830491,0.387915,0.399758],[-0.553855,0.651591,0.518337],[-0.0594077,-0.651882,0.755989]]],"btipPosition":[68.1277,264.048,60.196],"carpPosition":[86.1415,170.439,113.609],"dipPosition":[66.6003,247.288,79.6325],"direction":[-0.0813248,0.794405,-0.60192],"extended":false,"handId":342,"id":3420,"length":57.2524,"mcpPosition":[86.1415,170.439,113.609],"pipPosition":[69.6464,217.533,102.178],"stabilizedTipPosition":[69.2013,258.19,65.8251],"timeVisible":0.068661,"tipPosition":[67.8199,258.256,65.9866],"tipVelocity":[-245.572,360.02,-243.756],"tool":false,"touchDistance":1,"touchZone":"none","type":0,"width":21.2521},{"bases":[[[0.748335,-0.378891,-0.544461],[0.663157,0.445643,0.601353],[0.0147883,-0.811076,0.584754]],[[0.745769,-0.461738,-0.480236],[0.662086,0.593719,0.457318],[0.0739635,-0.659011,0.748488]],[[0.745769,-0.461738,-0.480236],[0.604539,0.771933,0.196602],[0.279931,-0.436941,0.854822]],[[0.745769,-0.461738,-0.480236],[0.52338,0.852075,-0.00648721],[0.412192,-0.246508,0.877116]]],"btipPosition":[93.9909,295.4,-11.981],"carpPosition":[116.219,183.735,114.301],"dipPosition":[102.5,290.312,6.12606],"direction":[-0.279931,0.436941,-0.854822],"extended":true,"handId":342,"id":3422,"length":73.6098,"mcpPosition":[115.161,241.767,72.4625],"pipPosition":[111.245,276.662,32.8297],"stabilizedTipPosition":[95.123,289.676,-7.10745],"timeVisible":0.068661,"tipPosition":[92.0235,288.12,-8.81997],"tipVelocity":[162.743,1115.18,39.1052],"tool":false,"touchDistance":1,"touchZone":"none","type":2,"width":19.9373},{"bases":[[[0.690219,-0.526627,-0.496248],[0.715061,0.391352,0.579251],[-0.110841,-0.754658,0.646689]],[[0.692068,-0.513225,-0.507584],[0.715734,0.579121,0.390313],[0.093634,-0.633418,0.768124]],[[0.692068,-0.513225,-0.507584],[0.641823,0.759301,0.107356],[0.330311,-0.400077,0.854888]],[[0.692068,-0.513225,-0.507584],[0.536441,0.836193,-0.114074],[0.482984,-0.193342,0.854017]]],"btipPosition":[108.76,275.791,-15.2507],"carpPosition":[126.201,180.079,107.539],"dipPosition":[118.674,271.823,2.27826],"direction":[-0.330311,0.400077,-0.854888],"extended":true,"handId":342,"id":3423,"length":70.7778,"mcpPosition":[133.321,228.558,65.9958],"pipPosition":[128.726,259.648,28.2942],"stabilizedTipPosition":[110.047,269.878,-10.1301],"timeVisible":0.068661,"tipPosition":[107.055,268.525,-11.4942],"tipVelocity":[188.017,1141.43,-51.4841],"tool":false,"touchDistance":1,"touchZone":"none","type":3,"width":18.9716},{"bases":[[[0.545051,-0.667805,-0.506907],[0.801089,0.236458,0.549857],[-0.247335,-0.705779,0.663854]],[[0.562862,-0.610057,-0.557689],[0.826476,0.424473,0.36981],[0.0111187,-0.669069,0.743117]],[[0.562862,-0.610057,-0.557689],[0.762972,0.642983,0.0666887],[0.317901,-0.463038,0.827366]],[[0.562862,-0.610057,-0.557689],[0.65197,0.742417,-0.154114],[0.508057,-0.276852,0.815617]]],"btipPosition":[129.875,254.235,-3.92064],"carpPosition":[132.05,171.085,97.6425],"dipPosition":[139.496,248.993,11.5234],"direction":[-0.317901,0.463038,-0.827366],"extended":true,"handId":342,"id":3424,"length":55.4885,"mcpPosition":[146.758,213.055,58.166],"pipPosition":[146.326,239.044,29.3005],"stabilizedTipPosition":[131.236,249.288,0.546558],"timeVisible":0.068661,"tipPosition":[127.088,247.186,0.18857],"tipVelocity":[175.624,970.145,-120.617],"tool":false,"touchDistance":1,"touchZone":"none","type":4,"width":16.8521},{"bases":[[[0.840507,-0.183466,-0.509793],[0.525897,0.502566,0.686192],[0.130311,-0.844848,0.518894]],[[0.849755,-0.345287,-0.398363],[0.517916,0.687814,0.508602],[0.0983861,-0.638506,0.763302]],[[0.849755,-0.345287,-0.398363],[0.478061,0.823215,0.306227],[0.222202,-0.45066,0.864599]],[[0.849755,-0.345287,-0.398363],[0.429074,0.892024,0.14209],[0.306288,-0.291669,0.906155]]],"btipPosition":[78.7565,295.957,4.64533],"carpPosition":[104.881,184.639,119.785],"dipPosition":[84.5053,290.483,21.6533],"direction":[-0.222202,0.45066,-0.864599],"extended":true,"handId":342,"id":3421,"length":64.6029,"mcpPosition":[95.0488,248.381,80.6355],"pipPosition":[90.4053,278.516,44.6104],"stabilizedTipPosition":[80.776,291.45,9.1631],"timeVisible":0.068661,"tipPosition":[76.998,288.438,9.1827],"tipVelocity":[-98.8627,736.127,-3.04306],"tool":false,"touchDistance":1,"touchZone":"none","type":1,"width":20.3}],"r":[[0.998398,0.0504942,0.0255449],[-0.0506967,0.998687,0.00734299],[-0.0251406,-0.00862627,0.999647]],"s":0.992382,"t":[-7.18861,14.5528,-4.24662],"timestamp":261153093382},{"currentFrameRate":29.1937,"devices":[],"gestures":[],"hands":[{"armBasis":[[0.751502,-0.231573,-0.617753],[0.343605,0.936732,0.066852],[0.563188,-0.262502,0.783525]],"armWidth":66.4077,"confidence":0.434487,"direction":[0.0598282,0.884305,-0.463061],"elbow":[276.399,90.9078,331.243],"grabAngle":0.703453,"grabStrength":0,"id":342,"palmNormal":[-0.512217,-0.370965,-0.774609],"palmPosition":[108.492,227.514,72.9552],"palmVelocity":[-229.685,545.303,-379.402],"palmWidth":93.3132,"pinchDistance":56.1368,"pinchStrength":0,"r":[[0.99589,0.0806187,0.0412738],[-0.0816029,0.996405,0.0227394],[-0.0392923,-0.026014,0.998889]],"s":0.994582,"sphereCenter":[32.2806,177.557,-47.346],"sphereRadius":150.325,"stabilizedPalmPosition":[109.716,224.616,74.8417],"t":[-11.4666,24.5399,-9.85903],"timeVisible":0.088347,"type":"right","wrist":[120.456,163.593,114.29]}],"id":203991,"interactionBox":{"center":[0,200,0],"size":[235.247,235.247,147.751]},"pointables":[{"bases":[[[0.814577,0.390266,0.429135],[-0.483801,0.0489725,0.873807],[0.320001,-0.919399,0.228703]],[[0.802749,0.422539,0.420778],[-0.471497,0.0177462,0.881689],[0.365081,-0.906171,0.213472]],[[0.802749,0.422539,0.420778],[-0.586564,0.43242,0.684803],[0.107403,-0.796539,0.594971]],[[0.802749,0.422539,0.420778],[-0.594577,0.621008,0.510712],[-0.0455106,-0.660159,0.749746]]],"btipPosition":[61.6725,272.243,51.8136],"carpPosition":[83.2145,179.046,104.303],"dipPosition":[60.5024,255.27,71.0895],"direction":[-0.107403,0.796539,-0.594971],"extended":false,"handId":342,"id":3420,"length":57.2524,"mcpPosition":[83.2145,179.046,104.303],"pipPosition":[64.5253,225.435,93.3746],"stabilizedTipPosition":[63.7548,265.279,59.1353],"timeVisible":0.088347,"tipPosition":[61.6949,267.535,58.7718],"tipVelocity":[-323.735,413.77,-427.683],"tool":false,"touchDistance":1,"touchZone":"none","type":0,"width":21.2521},{"bases":[[[0.771586,-0.329082,-0.54439],[0.634729,0.454967,0.6246],[0.0421351,-0.827472,0.559924]],[[0.772056,-0.407271,-0.487914],[0.632014,0.572909,0.521856],[0.0669935,-0.711271,0.699718]],[[0.772056,-0.407271,-0.487914],[0.583718,0.758064,0.290882],[0.251403,-0.509381,0.822999]],[[0.772056,-0.407271,-0.487914],[0.52423,0.842114,0.126593],[0.359322,-0.353516,0.863663]]],"btipPosition":[90.8374,313.679,-14.7973],"carpPosition":[112.671,193.602,105.854],"dipPosition":[98.2552,306.381,3.03211],"direction":[-0.251403,0.509381,-0.822999],"extended":true,"handId":342,"id":3422,"length":73.6098,"mcpPosition":[109.656,252.807,65.792],"pipPosition":[106.109,290.469,28.7416],"stabilizedTipPosition":[92.925,308.699,-10.1656],"timeVisible":0.088347,"tipPosition":[87.8903,304.334,-13.1787],"tipVelocity":[-172.942,902.717,-146.303],"tool":false,"touchDistance":1,"touchZone":"none","type":2,"width":19.9373},{"bases":[[[0.719318,-0.480619,-0.501585],[0.689253,0.403683,0.60164],[-0.0866785,-0.778489,0.621644]],[[0.721739,-0.455262,-0.521373],[0.687175,0.561582,0.460887],[0.0829686,-0.690914,0.71816]],[[0.721739,-0.455262,-0.521373],[0.626473,0.749953,0.212371],[0.294321,-0.479902,0.82648]],[[0.721739,-0.455262,-0.521373],[0.548568,0.835576,0.02976],[0.422098,-0.307487,0.85281]]],"btipPosition":[106.77,295.43,-18.704],"carpPosition":[122.895,190.592,99.1348],"dipPosition":[115.434,289.118,-1.19986],"direction":[-0.294321,0.479902,-0.82648],"extended":true,"handId":342,"id":3423,"length":70.7778,"mcpPosition":[128.463,240.602,59.2008],"pipPosition":[124.391,274.514,23.9516],"stabilizedTipPosition":[108.967,290.135,-13.9529],"timeVisible":0.088347,"tipPosition":[104.025,285.977,-16.4799],"tipVelocity":[-115.692,970.217,-175.71],"tool":false,"touchDistance":0.978083,"touchZone":"hovering","type":3,"width":18.9716},{"bases":[[[0.580612,-0.62754,-0.518732],[0.782358,0.253641,0.568843],[-0.2254,-0.736112,0.638228]],[[0.598657,-0.558216,-0.574461],[0.800915,0.427924,0.418827],[0.0120298,-0.710828,0.703263]],[[0.598657,-0.558216,-0.574461],[0.743541,0.654011,0.139342],[0.297921,-0.510553,0.806584]],[[0.598657,-0.558216,-0.574461],[0.650789,0.75708,-0.057471],[0.466994,-0.339447,0.816512]]],"btipPosition":[126.959,270.954,-9.00291],"carpPosition":[129.266,182.172,89.0587],"dipPosition":[135.802,264.526,6.45812],"direction":[-0.297921,0.510553,-0.806584],"extended":true,"handId":342,"id":3424,"length":55.4885,"mcpPosition":[142.67,225.945,51.106],"pipPosition":[142.203,253.557,23.7886],"stabilizedTipPosition":[129.375,266.034,-4.4252],"timeVisible":0.088347,"tipPosition":[123.562,262.553,-5.9749],"tipVelocity":[-157.239,835.427,-257.969],"tool":false,"touchDistance":1,"touchZone":"none","type":4,"width":16.8521},{"bases":[[[0.854652,-0.13103,-0.502395],[0.49396,0.503239,0.709052],[0.159918,-0.854156,0.494818]],[[0.869389,-0.297986,-0.394167],[0.486448,0.656241,0.576815],[0.0867853,-0.693218,0.715484]],[[0.869389,-0.297986,-0.394167],[0.456154,0.790668,0.408372],[0.189966,-0.534834,0.823326]],[[0.869389,-0.297986,-0.394167],[0.421377,0.863727,0.276435],[0.258079,-0.406422,0.87648]]],"btipPosition":[75.1795,312.835,1.77776],"carpPosition":[101.229,193.844,111.191],"dipPosition":[80.0234,305.207,18.2287],"direction":[-0.189966,0.534834,-0.823326],"extended":true,"handId":342,"id":3421,"length":64.6029,"mcpPosition":[89.1634,258.288,73.8581],"pipPosition":[85.0675,291.006,40.09],"stabilizedTipPosition":[77.0259,307.873,6.14991],"timeVisible":0.088347,"tipPosition":[72.2605,303.358,4.08719],"tipVelocity":[-192.277,832.206,-152.173],"tool":false,"touchDistance":1,"touchZone":"none","type":1,"width":20.3}],"r":[[0.99589,0.0806187,0.0412738],[-0.0816029,0.996405,0.0227394],[-0.0392923,-0.026014,0.998889]],"s":0.994582,"t":[-11.4666,24.5399,-9.85903],"timestamp":261153113068},{"currentFrameRate":31.1711,"devices":[],"gestures":[],"hands":[{"armBasis":[[0.760315,-0.118097,-0.638728],[0.35257,0.900904,0.253112],[0.545541,-0.417641,0.726609]],"armWidth":66.4077,"confidence":0.516044,"direction":[0.0368815,0.908352,-0.416577],"elbow":[269.447,55.4425,306.003],"grabAngle":0.702476,"grabStrength":0,"id":342,"palmNormal":[-0.473681,-0.351164,-0.807657],"palmPosition":[105.275,237.719,67.5345],"palmVelocity":[-160.615,509.489,-270.63],"palmWidth":93.3132,"pinchDistance":56.4836,"pinchStrength":0,"r":[[0.991833,0.111885,0.0612238],[-0.114669,0.992428,0.0440186],[-0.0558352,-0.0506796,0.997153]],"s":0.993535,"sphereCenter":[39.3231,192.344,-56.8239],"sphereRadius":147.443,"stabilizedPalmPosition":[106.217,234.942,69.0833],"t":[-15.2141,34.6359,-15.3756],"timeVisible":0.108377,"type":"right","wrist":[118.39,171.085,104.81]}],"id":203992,"interactionBox":{"center":[0,200,0],"size":[235.247,235.247,147.751]},"pointables":[{"bases":[[[0.784949,0.399951,0.473175],[-0.510714,-0.0146736,0.859625],[0.350751,-0.916419,0.192742]],[[0.76973,0.437606,0.464776],[-0.499891,-0.0396134,0.865182],[0.397021,-0.898294,0.188264]],[[0.76973,0.437606,0.464776],[-0.626998,0.381441,0.679248],[0.119959,-0.81425,0.567984]],[[0.76973,0.437606,0.464776],[-0.636781,0.577681,0.510681],[-0.0450154,-0.689046,0.723318]]],"btipPosition":[57.4487,280.958,46.1286],"carpPosition":[81.1088,186.758,95.637],"dipPosition":[56.2914,263.242,64.7251],"direction":[-0.119959,0.81425,-0.567984],"extended":false,"handId":342,"id":3420,"length":57.2524,"mcpPosition":[81.1088,186.758,95.637],"pipPosition":[60.7845,232.744,85.9993],"stabilizedTipPosition":[59.1477,273.413,53.016],"timeVisible":0.108377,"tipPosition":[57.2956,276.548,53.6434],"tipVelocity":[-210.724,426.567,-291.625],"tool":false,"touchDistance":1,"touchZone":"none","type":0,"width":21.2521},{"bases":[[[0.80004,-0.270175,-0.535669],[0.59696,0.447464,0.665894],[0.0597849,-0.852515,0.519273]],[[0.802176,-0.345683,-0.486844],[0.592626,0.560438,0.578536],[0.0728556,-0.752604,0.654431]],[[0.802176,-0.345683,-0.486844],[0.534282,0.779579,0.326802],[0.266563,-0.522265,0.810052]],[[0.802176,-0.345683,-0.486844],[0.482212,0.855905,0.186809],[0.352115,-0.384616,0.853279]]],"btipPosition":[86.1518,327.475,-15.8991],"carpPosition":[109.883,202.372,98.827],"dipPosition":[93.4209,319.535,1.7159],"direction":[-0.266563,0.522265,-0.810052],"extended":true,"handId":342,"id":3422,"length":73.6098,"mcpPosition":[105.606,263.369,61.6733],"pipPosition":[101.748,303.22,27.0209],"stabilizedTipPosition":[88.2722,324.159,-11.6998],"timeVisible":0.108377,"tipPosition":[84.2127,318.263,-15.1424],"tipVelocity":[-235.635,681.369,-57.4712],"tool":false,"touchDistance":0.940289,"touchZone":"hovering","type":2,"width":19.9373},{"bases":[[[0.752825,-0.425642,-0.502078],[0.654195,0.399614,0.642135],[-0.0726825,-0.811873,0.579292]],[[0.755183,-0.391785,-0.52555],[0.649628,0.554504,0.520104],[0.0876506,-0.734186,0.673267]],[[0.755183,-0.391785,-0.52555],[0.577793,0.776506,0.251385],[0.309604,-0.493501,0.812775]],[[0.755183,-0.391785,-0.52555],[0.506509,0.857687,0.088437],[0.416109,-0.332982,0.846154]]],"btipPosition":[102.819,310.158,-20.0717],"carpPosition":[120.414,200.116,92.2893],"dipPosition":[111.359,303.324,-2.70419],"direction":[-0.309604,0.493501,-0.812775],"extended":true,"handId":342,"id":3423,"length":70.7778,"mcpPosition":[125.083,252.27,55.0759],"pipPosition":[120.781,288.306,22.0302],"stabilizedTipPosition":[105.184,306.818,-15.8736],"timeVisible":0.108377,"tipPosition":[101.217,300.853,-18.8364],"tipVelocity":[-198.693,729.33,-69.8518],"tool":false,"touchDistance":0.892621,"touchZone":"hovering","type":3,"width":18.9716},{"bases":[[[0.620843,-0.576885,-0.530809],[0.754315,0.255238,0.604866],[-0.213455,-0.775924,0.593616]],[[0.639044,-0.496584,-0.58739],[0.76892,0.431938,0.471373],[0.0196395,-0.752884,0.65786]],[[0.639044,-0.496584,-0.58739],[0.70282,0.687265,0.183605],[0.312517,-0.530161,0.788202]],[[0.639044,-0.496584,-0.58739],[0.605123,0.795998,-0.0146079],[0.474816,-0.346108,0.809172]]],"btipPosition":[123.643,285.807,-11.099],"carpPosition":[127.419,192.477,82.0121],"dipPosition":[132.634,279.254,4.22305],"direction":[-0.312517,0.530161,-0.788202],"extended":true,"handId":342,"id":3424,"length":55.4885,"mcpPosition":[140.112,238.618,46.7124],"pipPosition":[139.349,267.863,21.1586],"stabilizedTipPosition":[126.1,282.36,-7.24031],"timeVisible":0.108377,"tipPosition":[121.406,277.628,-8.98205],"tipVelocity":[-163.825,740.11,-106.243],"tool":false,"touchDistance":0.973912,"touchZone":"hovering","type":4,"width":16.8521},{"bases":[[[0.873625,-0.0713738,-0.481337],[0.451918,0.485768,0.748197],[0.180417,-0.871169,0.456634]],[[0.892059,-0.245541,-0.379394],[0.444827,0.625212,0.641279],[0.0797416,-0.740824,0.66695]],[[0.892059,-0.245541,-0.379394],[0.416532,0.772388,0.479498],[0.175303,-0.58577,0.791291]],[[0.892059,-0.245541,-0.379394],[0.386106,0.850367,0.357489],[0.234846,-0.465388,0.853382]]],"btipPosition":[71.852,326.87,0.851656],"carpPosition":[98.2902,201.89,103.809],"dipPosition":[76.2599,318.135,16.8691],"direction":[-0.175303,0.58577,-0.791291],"extended":true,"handId":342,"id":3421,"length":64.6029,"mcpPosition":[84.6781,267.618,69.3573],"pipPosition":[80.9146,302.582,37.8798],"stabilizedTipPosition":[73.2708,323.207,4.69284],"timeVisible":0.108377,"tipPosition":[68.6546,316.765,1.84353],"tipVelocity":[-171.132,688.001,-51.2139],"tool":false,"touchDistance":1,"touchZone":"none","type":1,"width":20.3}],"r":[[0.991833,0.111885,0.0612238],[-0.114669,0.992428,0.0440186],[-0.0558352,-0.0506796,0.997153]],"s":0.993535,"t":[-15.2141,34.6359,-15.3756],"timestamp":261153133098},{"currentFrameRate":32.9475,"devices":[],"gestures":[],"hands":[{"armBasis":[[0.785177,-0.057721,-0.616575],[0.362408,0.850176,0.381919],[0.502153,-0.523326,0.688457]],"armWidth":66.4077,"confidence":0.589479,"direction":[0.0118927,0.921809,-0.387463],"elbow":[255.409,33.4281,287.701],"grabAngle":0.719645,"grabStrength":0,"id":342,"palmNormal":[-0.461764,-0.338635,-0.819817],"palmPosition":[102.229,246.501,62.5138],"palmVelocity":[-151.486,436.751,-249.674],"palmWidth":93.3132,"pinchDistance":56.7448,"pinchStrength":0,"r":[[0.986764,0.141622,0.0789972],[-0.14698,0.986888,0.0666985],[-0.0685154,-0.0774266,0.994641]],"s":0.990795,"sphereCenter":[44.1192,206.229,-59.4712],"sphereRadius":140.43,"stabilizedPalmPosition":[103.079,244.037,63.9144],"t":[-18.611,44.0753,-20.6442],"timeVisible":0.128486,"type":"right","wrist":[116.366,178.334,97.0712]}],"id":203993,"interactionBox":{"center":[0,200,0],"size":[235.247,235.247,147.751]},"pointables":[{"bases":[[[0.77223,0.40684,0.487997],[-0.511924,-0.0564694,0.857173],[0.376289,-0.911752,0.164664]],[[0.751531,0.453888,0.478734],[-0.504331,-0.0725093,0.860461],[0.425265,-0.888104,0.174417]],[[0.751531,0.453888,0.478734],[-0.644597,0.35086,0.679258],[0.140338,-0.819074,0.556257]],[[0.751531,0.453888,0.478734],[-0.658479,0.560194,0.502581],[-0.0400685,-0.692942,0.719879]]],"btipPosition":[53.4669,287.967,40.6415],"carpPosition":[79.4634,194.008,88.9134],"dipPosition":[52.4367,270.151,59.1496],"direction":[-0.140338,0.819074,-0.556257],"extended":false,"handId":342,"id":3420,"length":57.2524,"mcpPosition":[79.4634,194.008,88.9134],"pipPosition":[57.6932,239.472,79.9846],"stabilizedTipPosition":[55.1285,280.515,47.5027],"timeVisible":0.128486,"tipPosition":[53.1972,284.318,49.1703],"tipVelocity":[-196.558,347.415,-273.879],"tool":false,"touchDistance":1,"touchZone":"none","type":0,"width":21.2521},{"bases":[[[0.76571,-0.387932,-0.513027],[0.641179,0.397424,0.656463],[-0.0507737,-0.831603,0.553045]],[[0.767194,-0.351398,-0.536594],[0.631737,0.558744,0.537321],[0.111005,-0.751215,0.650656]],[[0.767194,-0.351398,-0.536594],[0.539444,0.806076,0.243396],[0.347007,-0.476195,0.807976]],[[0.767194,-0.351398,-0.536594],[0.467686,0.878983,0.0930555],[0.438957,-0.322349,0.838694]]],"btipPosition":[96.623,319.977,-23.1558],"carpPosition":[118.38,208.576,86.1102],"dipPosition":[105.633,313.361,-5.94134],"direction":[-0.347007,0.476195,-0.807976],"extended":true,"handId":342,"id":3423,"length":70.7778,"mcpPosition":[121.641,261.997,50.5829],"pipPosition":[116.193,298.869,18.647],"stabilizedTipPosition":[99.1676,317.608,-18.9546],"timeVisible":0.128486,"tipPosition":[96.8129,312.948,-21.5128],"tipVelocity":[-302.733,490.761,-155.117],"tool":false,"touchDistance":0.789903,"touchZone":"hovering","type":3,"width":18.9716},{"bases":[[[0.63815,-0.541871,-0.546938],[0.745448,0.257206,0.614941],[-0.192543,-0.800138,0.568073]],[[0.653801,-0.46181,-0.599396],[0.755453,0.443235,0.482527],[0.0428378,-0.768293,0.638664]],[[0.653801,-0.46181,-0.599396],[0.668953,0.722977,0.172646],[0.35362,-0.513844,0.781612]],[[0.653801,-0.46181,-0.599396],[0.564033,0.825491,-0.0207795],[0.504393,-0.324494,0.800183]]],"btipPosition":[118.257,296.078,-14.9173],"carpPosition":[125.621,201.469,75.6174],"dipPosition":[127.808,289.934,0.234519],"direction":[-0.35362,0.513844,-0.781612],"extended":true,"handId":342,"id":3424,"length":55.4885,"mcpPosition":[137.07,249.05,41.8366],"pipPosition":[135.406,278.893,17.0285],"stabilizedTipPosition":[120.956,293.571,-11.0595],"timeVisible":0.128486,"tipPosition":[117.709,289.841,-12.5198],"tipVelocity":[-261.427,515.448,-191.828],"tool":false,"touchDistance":0.851992,"touchZone":"hovering","type":4,"width":16.8521},{"bases":[[[0.876329,-0.0312145,-0.480701],[0.436304,0.474388,0.764588],[0.204173,-0.879762,0.429339]],[[0.899514,-0.208577,-0.383887],[0.427436,0.601963,0.674492],[0.0904021,-0.770802,0.630628]],[[0.899514,-0.208577,-0.383887],[0.397004,0.757031,0.518933],[0.182377,-0.619193,0.763766]],[[0.899514,-0.208577,-0.383887],[0.366137,0.839293,0.40191],[0.238364,-0.502079,0.831324]]],"btipPosition":[67.202,337.974,-0.425749],"carpPosition":[96.1895,209.354,97.6135],"dipPosition":[71.6759,328.55,15.1777],"direction":[-0.182377,0.619193,-0.763766],"extended":true,"handId":342,"id":3421,"length":64.6029,"mcpPosition":[80.7851,275.73,65.2207],"pipPosition":[76.5184,312.109,35.4575],"stabilizedTipPosition":[68.533,335.052,3.25472],"timeVisible":0.128486,"tipPosition":[63.9991,327.48,-0.346552],"tipVelocity":[-230.485,544.304,-68.2596],"tool":false,"touchDistance":1,"touchZone":"none","type":1,"width":20.3},{"bases":[[[0.808551,-0.230198,-0.541529],[0.582554,0.442851,0.681553],[0.0829251,-0.86654,0.49217]],[[0.812623,-0.300202,-0.499523],[0.57383,0.561879,0.595828],[0.101803,-0.770825,0.628861]],[[0.812623,-0.300202,-0.499523],[0.497146,0.804356,0.325357],[0.304122,-0.512729,0.802882]],[[0.812623,-0.300202,-0.499523],[0.446163,0.871898,0.201825],[0.374945,-0.386876,0.842462]]],"btipPosition":[79.2103,337.143,-18.3016],"carpPosition":[107.775,210.324,92.6841],"dipPosition":[86.9506,329.157,-0.9099],"direction":[-0.304122,0.512729,-0.802882],"extended":true,"handId":342,"id":3422,"length":73.6098,"mcpPosition":[101.842,272.324,57.4696],"pipPosition":[96.451,313.14,24.1711],"stabilizedTipPosition":[81.4329,334.629,-14.1435],"timeVisible":0.128486,"tipPosition":[79.2734,329.703,-17.2616],"tipVelocity":[-339.805,480.27,-122.028],"tool":false,"touchDistance":0.842785,"touchZone":"hovering","type":2,"width":19.9373}],"r":[[0.986764,0.141622,0.0789972],[-0.14698,0.986888,0.0666985],[-0.0685154,-0.0774266,0.994641]],"s":0.990795,"t":[-18.611,44.0753,-20.6442],"timestamp":261153153207},{"currentFrameRate":34.5596,"devices":[],"gestures":[],"hands":[{"armBasis":[[0.806491,-0.0449028,-0.589538],[0.373708,0.811389,0.449434],[0.458164,-0.58278,0.671158]],"armWidth":66.4077,"confidence":0.654201,"direction":[0.00175253,0.936337,-0.351099],"elbow":[240.326,22.6504,274.667],"grabAngle":0.67646,"grabStrength":0,"id":342,"palmNormal":[-0.466953,-0.309705,-0.828274],"palmPosition":[99.2209,253.625,57.1288],"palmVelocity":[-149.866,354.888,-268.281],"palmWidth":93.3132,"pinchDistance":57.9727,"pinchStrength":0,"r":[[0.981766,0.165757,0.09306],[-0.174271,0.980359,0.0923349],[-0.0759271,-0.106869,0.99137]],"s":0.990079,"sphereCenter":[42.1268,215.378,-70.0152],"sphereRadius":143.929,"stabilizedPalmPosition":[100.213,251.16,58.8729],"t":[-21.8135,52.3566,-25.971],"timeVisible":0.148558,"type":"right","wrist":[113.463,184.018,88.8279]}],"id":203994,"interactionBox":{"center":[0,200,0],"size":[235.247,235.247,147.751]},"pointables":[{"bases":[[[0.77383,0.393162,0.4966],[-0.503519,-0.0938029,0.858877],[0.38426,-0.914672,0.125377]],[[0.74209,0.462133,0.485525],[-0.502151,-0.0965254,0.859376],[0.444012,-0.881542,0.16043]],[[0.74209,0.462133,0.485525],[-0.651336,0.326075,0.685155],[0.158315,-0.824686,0.542981]],[[0.74209,0.462133,0.485525],[-0.669942,0.535036,0.514698],[-0.0219143,-0.707226,0.706648]]],"btipPosition":[48.9783,294.17,34.9349],"carpPosition":[77.0746,199.97,81.6532],"dipPosition":[48.4149,275.987,53.1028],"direction":[-0.158315,0.824686,-0.542981],"extended":false,"handId":342,"id":3420,"length":57.2524,"mcpPosition":[77.0746,199.97,81.6532],"pipPosition":[54.3447,245.098,73.4405],"stabilizedTipPosition":[51.1228,286.557,42.1515],"timeVisible":0.148558,"tipPosition":[49.6435,291.308,44.633],"tipVelocity":[-218.278,304.839,-288.208],"tool":false,"touchDistance":1,"touchZone":"none","type":0,"width":21.2521},{"bases":[[[0.763639,-0.36183,-0.534729],[0.64442,0.37618,0.665741],[-0.0397311,-0.852976,0.520436]],[[0.764562,-0.331759,-0.552613],[0.634633,0.537301,0.555472],[0.112637,-0.775399,0.621345]],[[0.764562,-0.331759,-0.552613],[0.544855,0.790709,0.279129],[0.344353,-0.514505,0.785306]],[[0.764562,-0.331759,-0.552613],[0.487353,0.858647,0.158786],[0.421821,-0.390719,0.818172]]],"btipPosition":[93.7452,331.456,-25.5484],"carpPosition":[115.859,214.926,79.073],"dipPosition":[102.403,323.436,-8.75521],"direction":[-0.344353,0.514505,-0.785306],"extended":true,"handId":342,"id":3423,"length":70.7778,"mcpPosition":[118.411,269.72,45.6405],"pipPosition":[112.883,307.779,15.1432],"stabilizedTipPosition":[95.9162,328.983,-21.543],"timeVisible":0.148558,"tipPosition":[92.8682,323.897,-23.928],"tipVelocity":[-147.407,555.809,-124.03],"tool":false,"touchDistance":0.706903,"touchZone":"hovering","type":3,"width":18.9716},{"bases":[[[0.636864,-0.51527,-0.5735],[0.74929,0.238476,0.617813],[-0.181574,-0.823181,0.537963]],[[0.650946,-0.436791,-0.620872],[0.756834,0.436896,0.486132],[0.0589185,-0.786343,0.614974]],[[0.650946,-0.436791,-0.620872],[0.671212,0.713221,0.201965],[0.354603,-0.548205,0.757448]],[[0.650946,-0.436791,-0.620872],[0.594455,0.801957,0.0590628],[0.472115,-0.407527,0.781684]]],"btipPosition":[115.002,307.281,-18.7099],"carpPosition":[123.052,208.29,68.2447],"dipPosition":[123.942,299.564,-3.90834],"direction":[-0.354603,0.548205,-0.757448],"extended":true,"handId":342,"id":3424,"length":55.4885,"mcpPosition":[133.85,257.241,36.2544],"pipPosition":[131.561,287.785,12.3664],"stabilizedTipPosition":[117.365,304.565,-14.9709],"timeVisible":0.148558,"tipPosition":[113.909,300.336,-16.2211],"tipVelocity":[-169.188,540.086,-192.962],"tool":false,"