{"frames":314,"data":[{"currentFrameRate":23.3541,"devices":[],"gestures":[],"hands":[],"id":204460,"interactionBox":{"center":[0,200,0],"size":[235.247,235.247,147.751]},"pointables":[],"r":[[-0.0794966,-0.728761,-0.680138],[0.446709,0.583909,-0.677865],[0.891141,-0.357712,0.279125]],"s":-5.62558,"t":[894.675,787.691,741.58],"timestamp":261169281422},{"currentFrameRate":23.8191,"devices":[],"gestures":[],"hands":[{"armBasis":[[-0.885409,-0.118146,0.449546],[-0.123751,-0.872332,-0.472994],[0.448035,-0.474425,0.75775]],"armWidth":65.3469,"confidence":0,"direction":[-0.28409,0.842728,-0.457277],"elbow":[229.352,-25.5974,302.648],"grabAngle":0.268888,"grabStrength":0,"id":343,"palmNormal":[0.298391,0.530953,0.793127],"palmPosition":[89.6285,170.557,53.9736],"palmVelocity":[1.19209e-7,1.19209e-7,1.19209e-7],"palmWidth":93.3132,"pinchDistance":59.5488,"pinchStrength":0,"r":[[1,0,-5.55112e-18],[6.16298e-35,1,1.11022e-17],[5.55112e-18,-1.11022e-17,1]],"s":1,"sphereCenter":[136.766,270.893,180.15],"sphereRadius":171.726,"stabilizedPalmPosition":[89.6285,170.557,53.9736],"t":[0,0,0],"timeVisible":0,"type":"right","wrist":[105.294,105.768,92.832]}],"id":204461,"interactionBox":{"center":[0,200,0],"size":[235.247,235.247,147.751]},"pointables":[{"bases":[[[-0.688982,-0.346217,-0.636739],[0.710741,-0.494813,-0.500008],[-0.141955,-0.797053,0.586988]],[[-0.640969,-0.162668,-0.750132],[0.684228,-0.563966,-0.462358],[-0.347838,-0.809618,0.472787]],[[-0.640969,-0.162668,-0.750132],[0.762636,-0.245567,-0.598401],[-0.0868675,-0.955634,0.281457]],[[-0.640969,-0.162668,-0.750132],[0.721885,0.204365,-0.661149],[0.260848,-0.965284,-0.0135641]]],"btipPosition":[142.441,224.391,43.8369],"carpPosition":[127.857,126.362,77.5557],"dipPosition":[148.701,201.223,43.5113],"direction":[0.0868675,0.955634,-0.281457],"extended":true,"handId":343,"id":3430,"length":53.447,"mcpPosition":[127.857,126.362,77.5557],"pipPosition":[145.664,167.808,53.3528],"stabilizedTipPosition":[143.881,219.062,43.762],"timeVisible":0,"tipPosition":[143.881,219.062,43.762],"tipVelocity":[1.19209e-7,1.19209e-7,1.19209e-7],"tool":false,"touchDistance":1,"touchZone":"none","type":0,"width":20.767},{"bases":[[[-0.858781,-0.00291024,0.512334],[-0.46748,-0.40476,-0.785895],[0.20966,-0.914418,0.34624]],[[-0.871733,0.0634607,0.485855],[-0.470587,-0.384657,-0.794095],[0.136494,-0.920875,0.365182]],[[-0.871733,0.0634607,0.485855],[-0.483432,-0.272991,-0.831727],[0.0798519,-0.959921,0.268654]],[[-0.871733,0.0634607,0.485855],[-0.48665,-0.227578,-0.843434],[0.057045,-0.97169,0.22927]]],"btipPosition":[73.6297,282.422,7.13633],"carpPosition":[98.8057,124.756,62.2139],"dipPosition":[74.729,263.696,11.5548],"direction":[-0.0798519,0.959921,-0.268654],"extended":true,"handId":343,"id":3432,"length":68.7173,"mcpPosition":[83.8047,190.182,37.4407],"pipPosition":[77.0577,235.702,19.3894],"stabilizedTipPosition":[73.8825,278.115,8.15257],"timeVisible":0,"tipPosition":[73.8825,278.115,8.15257],"tipVelocity":[1.19209e-7,1.19209e-7,1.19209e-7],"tool":false,"touchDistance":1,"touchZone":"none","type":2,"width":19.4822},{"bases":[[[-0.780867,-0.106922,0.615479],[-0.52072,-0.432877,-0.735845],[0.345105,-0.895089,0.282343]],[[-0.829687,0.0534906,0.55566],[-0.530869,-0.383406,-0.755763],[0.172617,-0.922029,0.346504]],[[-0.829687,0.0534906,0.55566],[-0.542489,-0.311961,-0.779991],[0.131622,-0.948588,0.287848]],[[-0.829687,0.0534906,0.55566],[-0.552458,-0.221432,-0.803591],[0.0800563,-0.973708,0.213271]]],"btipPosition":[52.0793,270.469,21.3415],"carpPosition":[87.4312,125.115,67.6201],"dipPosition":[53.6132,251.812,25.428],"direction":[-0.131622,0.948588,-0.287848],"extended":true,"handId":343,"id":3433,"length":66.0735,"mcpPosition":[65.2619,182.615,49.4825],"pipPosition":[57.3525,224.863,33.6056],"stabilizedTipPosition":[52.4321,266.178,22.2814],"timeVisible":0,"tipPosition":[52.4321,266.178,22.2814],"tipVelocity":[1.19209e-7,1.19209e-7,1.19209e-7],"tool":false,"touchDistance":1,"touchZone":"none","type":3,"width":18.5386},{"bases":[[[-0.638833,-0.136797,0.757086],[-0.603286,-0.521605,-0.603303],[0.477429,-0.842149,0.250691]],[[-0.745122,0.0989542,0.659546],[-0.646023,-0.352751,-0.67692],[0.165671,-0.93047,0.326769]],[[-0.745122,0.0989542,0.659546],[-0.663159,-0.214916,-0.716959],[0.070801,-0.971606,0.225761]],[[-0.745122,0.0989542,0.659546],[-0.665852,-0.0542337,-0.74411],[-0.0378632,-0.993613,0.1063]]],"btipPosition":[44.1463,246.952,46.5352],"carpPosition":[79.2954,126.08,79.6994],"dipPosition":[43.477,229.388,48.4142],"direction":[-0.070801,0.971606,-0.225761],"extended":true,"handId":343,"id":3434,"length":51.8004,"mcpPosition":[50.9047,176.159,64.7919],"pipPosition":[44.8971,209.9,52.9426],"stabilizedTipPosition":[43.9924,242.913,46.9674],"timeVisible":0,"tipPosition":[43.9924,242.913,46.9674],"tipVelocity":[1.19209e-7,1.19209e-7,1.19209e-7],"tool":false,"touchDistance":1,"touchZone":"none","type":4,"width":16.4674},{"bases":[[[-0.945947,0.0538851,0.319812],[-0.313939,-0.39963,-0.861242],[0.0813984,-0.915092,0.394945]],[[-0.937625,-0.0121832,0.347435],[-0.308185,-0.43335,-0.846894],[0.160879,-0.901143,0.402565]],[[-0.937625,-0.0121832,0.347435],[-0.329286,-0.289385,-0.898792],[0.111493,-0.957135,0.267323]],[[-0.937625,-0.0121832,0.347435],[-0.334302,-0.242662,-0.910691],[0.0954043,-0.970034,0.223453]]],"btipPosition":[93.5547,273.695,1.88485],"carpPosition":[111.22,124.228,59.961],"dipPosition":[95.2264,256.698,5.80015],"direction":[-0.111493,0.957135,-0.267323],"extended":true,"handId":343,"id":3431,"length":60.309,"mcpPosition":[105.078,193.27,30.1632],"pipPosition":[97.99,232.973,12.4264],"stabilizedTipPosition":[93.9392,269.786,2.78537],"timeVisible":0,"tipPosition":[93.9392,269.786,2.78537],"tipVelocity":[1.19209e-7,1.19209e-7,1.19209e-7],"tool":false,"touchDistance":1,"touchZone":"none","type":1,"width":19.8367}],"r":[[1,0,-5.55112e-18],[6.16298e-35,1,1.11022e-17],[5.55112e-18,-1.11022e-17,1]],"s":1,"t":[0,0,0],"timestamp":261169319865},{"currentFrameRate":24.1859,"devices":[],"gestures":[],"hands":[{"armBasis":[[0.851816,-0.141242,-0.504441],[0.351918,0.867592,0.351337],[0.388026,-0.476796,0.788734]],"armWidth":66.4077,"confidence":0.200573,"direction":[0.0124079,0.900037,-0.435637],"elbow":[215.997,-5.82944,291.165],"grabAngle":0.240263,"grabStrength":0,"id":343,"palmNormal":[-0.444067,-0.38539,-0.808875],"palmPosition":[95.8461,192.138,33.7246],"palmVelocity":[161.089,559.148,-524.625],"palmWidth":93.3132,"pinchDistance":60.4292,"pinchStrength":0,"r":[[0.995031,-0.0604906,0.0790832],[0.0721828,0.98535,-0.154517],[-0.0685778,0.159457,0.98482]],"s":1.03479,"sphereCenter":[56.2919,126.06,-141.448],"sphereRadius":195.152,"stabilizedPalmPosition":[94.1117,186.118,39.3731],"t":[3.10878,10.7907,-10.1245],"timeVisible":0.038597,"type":"right","wrist":[108.555,126.192,72.7696]}],"id":204462,"interactionBox":{"center":[0,200,0],"size":[235.247,235.247,147.751]},"pointables":[{"bases":[[[0.760117,0.438447,0.479568],[-0.527271,-0.0151346,0.849562],[0.379746,-0.89863,0.219676]],[[0.690497,0.575044,0.438793],[-0.546999,0.0181887,0.836936],[0.473294,-0.81792,0.327107]],[[0.690497,0.575044,0.438793],[-0.674025,0.291372,0.678818],[0.262498,-0.764478,0.588785]],[[0.690497,0.575044,0.438793],[-0.713088,0.439411,0.546281],[0.121325,-0.690103,0.713469]]],"btipPosition":[35.7951,229.182,5.31921],"carpPosition":[72.9753,140.934,62.4611],"dipPosition":[38.9144,211.439,23.6625],"direction":[-0.262498,0.764478,-0.588785],"extended":true,"handId":343,"id":3430,"length":57.2524,"mcpPosition":[72.9753,140.934,62.4611],"pipPosition":[48.7464,182.805,45.7158],"stabilizedTipPosition":[43.9097,224.685,11.896],"timeVisible":0.038597,"tipPosition":[33.0586,221.666,12.6916],"tipVelocity":[-2781.77,156.456,-886.696],"tool":false,"touchDistance":1,"touchZone":"none","type":0,"width":21.2521},{"bases":[[[0.885273,-0.0494814,-0.462433],[0.418654,0.517811,0.746056],[0.202537,-0.854063,0.47912]],[[0.900263,-0.128633,-0.415908],[0.423281,0.481987,0.767152],[0.101781,-0.866685,0.488363]],[[0.900263,-0.128633,-0.415908],[0.407241,0.586531,0.700097],[0.153887,-0.799647,0.580417]],[[0.900263,-0.128633,-0.415908],[0.374302,0.716567,0.588583],[0.222315,-0.685555,0.693247]]],"btipPosition":[61.083,296.297,-16.9864],"carpPosition":[89.4265,156.856,70.6344],"dipPosition":[65.2557,283.43,-3.97462],"direction":[-0.153887,0.799647,-0.580417],"extended":true,"handId":343,"id":3431,"length":64.6029,"mcpPosition":[74.1455,221.293,34.4857],"pipPosition":[69.3418,262.197,11.4368],"stabilizedTipPosition":[65.0393,291.125,-12.4173],"timeVisible":0.038597,"tipPosition":[61.5678,290.358,-11.2657],"tipVelocity":[-826.398,610.2,-434.725],"tool":false,"touchDistance":1,"touchZone":"none","type":1,"width":20.3},{"bases":[[[0.820069,-0.251958,-0.513814],[0.566638,0.483115,0.667474],[0.0800558,-0.838521,0.538956]],[[0.822545,-0.284088,-0.49266],[0.56759,0.464201,0.67997],[0.0355217,-0.838934,0.543072]],[[0.822545,-0.284088,-0.49266],[0.55689,0.577991,0.59649],[0.115297,-0.764997,0.633629]],[[0.822545,-0.284088,-0.49266],[0.537422,0.671632,0.509988],[0.186004,-0.684254,0.705123]]],"btipPosition":[86.0432,300.098,-35.7975],"carpPosition":[101.094,157.658,65.8707],"dipPosition":[89.8831,285.973,-21.241],"direction":[-0.115297,0.764997,-0.633629],"extended":true,"handId":343,"id":3432,"length":73.6098,"mcpPosition":[95.3657,217.653,27.3088],"pipPosition":[93.4848,262.075,-1.44717],"stabilizedTipPosition":[79.9542,286.835,-10.747],"timeVisible":0.038597,"tipPosition":[82.7144,295.136,-28.7047],"tipVelocity":[337.951,485.393,-1051.95],"tool":false,"touchDistance":0.914362,"touchZone":"hovering","type":2,"width":19.9373},{"bases":[[[0.777847,-0.408304,-0.477747],[0.626043,0.436903,0.645899],[-0.0549946,-0.801501,0.59546]],[[0.778206,-0.402789,-0.481826],[0.624267,0.412522,0.663413],[-0.0684519,-0.81706,0.572475]],[[0.778206,-0.402789,-0.481826],[0.627342,0.533948,0.56687],[0.0289411,-0.743411,0.668208]],[[0.778206,-0.402789,-0.481826],[0.622197,0.59864,0.504481],[0.085241,-0.69238,0.71648]]],"btipPosition":[116.093,284.077,-41.7995],"carpPosition":[111.831,155.65,59.5919],"dipPosition":[117.843,269.865,-27.0935],"direction":[-0.0289411,0.743411,-0.668208],"extended":true,"handId":343,"id":3433,"length":70.7778,"mcpPosition":[115.363,207.138,21.34],"pipPosition":[118.723,247.242,-6.75861],"stabilizedTipPosition":[98.034,276.592,-20.9254],"timeVisible":0.038597,"tipPosition":[111.229,280.166,-35.0057],"tipVelocity":[1659.8,379.051,-1572.62],"tool":false,"touchDistance":0.803654,"touchZone":"hovering","type":3,"width":18.9716},{"bases":[[[0.652049,-0.564864,-0.505728],[0.732071,0.295539,0.613782],[-0.197241,-0.770445,0.606226]],[[0.651564,-0.566749,-0.504242],[0.721965,0.259228,0.641536],[-0.232876,-0.782046,0.578076]],[[0.651564,-0.566749,-0.504242],[0.751118,0.388906,0.533454],[-0.106232,-0.726325,0.679093]],[[0.651564,-0.566749,-0.504242],[0.758345,0.469606,0.452087],[-0.0194248,-0.676953,0.73577]]],"btipPosition":[142.741,252.674,-37.4032],"carpPosition":[119.316,148.057,49.6245],"dipPosition":[142.373,239.856,-23.4711],"direction":[0.106232,0.726325,-0.679093],"extended":true,"handId":343,"id":3434,"length":55.4885,"mcpPosition":[131.045,193.872,13.5748],"pipPosition":[140.09,224.25,-8.8799],"stabilizedTipPosition":[118.516,248.059,-14.3395],"timeVisible":0.038597,"tipPosition":[136.64,249.217,-32.7835],"tipVelocity":[2556.26,176.524,-2102.91],"tool":false,"touchDistance":0.8299,"touchZone":"hovering","type":4,"width":16.8521}],"r":[[0.995031,-0.0604906,0.0790832],[0.0721828,0.98535,-0.154517],[-0.0685778,0.159457,0.98482]],"s":1.03479,"t":[3.10878,10.7907,-10.1245],"timestamp":261169358462},{"currentFrameRate":24.4657,"devices":[],"gestures":[],"hands":[{"armBasis":[[0.86151,-0.0915456,-0.49942],[0.335885,0.840385,0.425363],[0.380765,-0.534202,0.754749]],"armWidth":66.4077,"confidence":0.386552,"direction":[-0.0421345,0.890157,-0.453702],"elbow":[213.975,-1.36526,269.701],"grabAngle":0.137009,"grabStrength":0,"id":343,"palmNormal":[-0.426456,-0.426684,-0.797544],"palmPosition":[92.3662,211.682,21.1884],"palmVelocity":[-89.6844,503.671,-323.082],"palmWidth":93.3132,"pinchDistance":67.1074,"pinchStrength":0,"r":[[0.98527,-0.0864245,0.147559],[0.124769,0.953401,-0.274699],[-0.116942,0.289064,0.95014]],"s":1.04617,"sphereCenter":[81.5805,174.99,-108.446],"sphereRadius":140.014,"stabilizedPalmPosition":[92.732,206.324,24.9993],"t":[2.9232,25.9578,-21.4548],"timeVisible":0.077399,"type":"right","wrist":[108.543,146.552,60.7162]}],"id":204463,"interactionBox":{"center":[0,200,0],"size":[235.247,235.247,147.751]},"pointables":[{"bases":[[[0.736789,0.491001,0.464823],[-0.519992,-0.0279074,0.853715],[0.432147,-0.870712,0.234755]],[[0.627665,0.665412,0.404058],[-0.517793,-0.0307341,0.854954],[0.581315,-0.745843,0.325255]],[[0.627665,0.665412,0.404058],[-0.694476,0.244075,0.676853],[0.351766,-0.705446,0.615311]],[[0.627665,0.665412,0.404058],[-0.765808,0.434485,0.474089],[0.139908,-0.607001,0.782289]]],"btipPosition":[26.1298,240.061,-8.68821],"carpPosition":[72.6611,159.851,51.1218],"dipPosition":[29.7268,224.455,11.4244],"direction":[-0.351766,0.705446,-0.615311],"extended":true,"handId":343,"id":3430,"length":57.2524,"mcpPosition":[72.6611,159.851,51.1218],"pipPosition":[42.9024,198.032,34.4713],"stabilizedTipPosition":[29.9874,234.365,-1.20968],"timeVisible":0.077399,"tipPosition":[27.5694,236.921,-1.24614],"tipVelocity":[-246.262,293.047,-350.509],"tool":false,"touchDistance":1,"touchZone":"none","type":0,"width":21.2521},{"bases":[[[0.829824,-0.21504,-0.514928],[0.54229,0.528352,0.653273],[0.131583,-0.821342,0.555053]],[[0.835975,-0.261506,-0.482453],[0.542769,0.523649,0.656653],[0.0809178,-0.810806,0.579695]],[[0.835975,-0.261506,-0.482453],[0.535901,0.578289,0.615135],[0.118136,-0.772785,0.623577]],[[0.835975,-0.261506,-0.482453],[0.527024,0.627613,0.573017],[0.152946,-0.733292,0.662488]]],"btipPosition":[79.2471,319.202,-49.5858],"carpPosition":[99.7943,178.224,53.9791],"dipPosition":[82.4045,304.064,-35.9095],"direction":[-0.118136,0.772785,-0.623577],"extended":true,"handId":343,"id":3432,"length":73.6098,"mcpPosition":[90.3796,236.99,14.2654],"pipPosition":[86.0949,279.923,-16.4297],"stabilizedTipPosition":[79.9659,304.504,-32.581],"timeVisible":0.077399,"tipPosition":[74.296,313.088,-43.8214],"tipVelocity":[-179.194,486.33,-360.569],"tool":false,"touchDistance":0.646397,"touchZone":"hovering","type":2,"width":19.9373},{"bases":[[[0.796885,-0.372777,-0.475406],[0.60411,0.485186,0.632175],[-0.00499975,-0.790969,0.611836]],[[0.796139,-0.332762,-0.505403],[0.604531,0.474036,0.640181],[0.0265516,-0.815205,0.578564]],[[0.796139,-0.332762,-0.505403],[0.600173,0.540757,0.589385],[0.0771751,-0.772562,0.630232]],[[0.796139,-0.332762,-0.505403],[0.592688,0.597212,0.540424],[0.122,-0.729799,0.672688]]],"btipPosition":[104.753,306.021,-53.0281],"carpPosition":[110.588,176.707,47.6597],"dipPosition":[107.257,291.041,-39.2209],"direction":[-0.0771751,0.772562,-0.630232],"extended":true,"handId":343,"id":3433,"length":70.7778,"mcpPosition":[110.909,227.518,8.35575],"pipPosition":[109.606,267.531,-20.0417],"stabilizedTipPosition":[104.258,298.759,-45.604],"timeVisible":0.077399,"tipPosition":[103.008,299.92,-49.5232],"tipVelocity":[-287.779,560.988,-294.709],"tool":false,"touchDistance":0.585093,"touchZone":"hovering","type":3,"width":18.9716},{"bases":[[[0.680107,-0.536826,-0.499272],[0.717869,0.3495,0.602091],[-0.148722,-0.767898,0.623068]],[[0.693019,-0.441043,-0.570268],[0.717002,0.339324,0.608907],[-0.0750482,-0.830867,0.551386]],[[0.693019,-0.441043,-0.570268],[0.720634,0.401571,0.565179],[-0.0202649,-0.802635,0.596127]],[[0.693019,-0.441043,-0.570268],[0.720446,0.452332,0.525693],[0.0260975,-0.775163,0.631222]]],"btipPosition":[130.132,279.214,-45.4406],"carpPosition":[118.431,169.352,37.7896],"dipPosition":[130.626,264.535,-33.4881],"direction":[0.0202649,0.802635,-0.596127],"extended":true,"handId":343,"id":3434,"length":55.4885,"mcpPosition":[127.275,215.016,0.738366],"pipPosition":[130.19,247.29,-20.6796],"stabilizedTipPosition":[129.315,273.635,-40.4437],"timeVisible":0.077399,"tipPosition":[129.758,272.337,-44.9875],"tipVelocity":[-319.853,672.947,-218.873],"tool":false,"touchDistance":0.652852,"touchZone":"hovering","type":4,"width":16.8521},{"bases":[[[0.883625,-0.00815104,-0.468124],[0.393072,0.556117,0.732276],[0.254363,-0.831064,0.494603]],[[0.916175,-0.169131,-0.363342],[0.395067,0.533624,0.747775],[0.0674157,-0.828638,0.555711]],[[0.916175,-0.169131,-0.363342],[0.390266,0.582769,0.712792],[0.091189,-0.794842,0.599925]],[[0.916175,-0.169131,-0.363342],[0.37754,0.66843,0.640831],[0.134484,-0.72429,0.676253]]],"btipPosition":[60.9052,313.363,-33.3193],"carpPosition":[88.2236,176.853,58.8473],"dipPosition":[63.4294,299.769,-20.6265],"direction":[-0.091189,0.794842,-0.599925],"extended":true,"handId":343,"id":3431,"length":64.6029,"mcpPosition":[69.0325,239.555,21.5305],"pipPosition":[65.8507,278.664,-4.69705],"stabilizedTipPosition":[62.2777,305.978,-26.3927],"timeVisible":0.077399,"tipPosition":[56.2514,308.316,-27.6346],"tipVelocity":[-14.3527,435.507,-422.82],"tool":false,"touchDistance":0.866564,"touchZone":"hovering","type":1,"width":20.3}],"r":[[0.98527,-0.0864245,0.147559],[0.124769,0.953401,-0.274699],[-0.116942,0.289064,0.95014]],"s":1.04617,"t":[2.9232,25.9578,-21.4548],"timestamp":261169397264},{"currentFrameRate":28.1708,"devices":[],"gestures":[],"hands":[{"armBasis":[[0.863362,-0.0964484,-0.495281],[0.355232,0.813276,0.46086],[0.358351,-0.573829,0.736414]],"armWidth":66.4077,"confidence":0.429984,"direction":[-0.0628552,0.885756,-0.459875],"elbow":[207.486,-8.90889,262.597],"grabAngle":0.114189,"grabStrength":0,"id":343,"palmNormal":[-0.441451,-0.437933,-0.783157],"palmPosition":[91.0016,215.016,19.3186],"palmVelocity":[-137.878,336.875,-188.923],"palmWidth":93.3132,"pinchDistance":68.1953,"pinchStrength":0,"r":[[0.975039,-0.0974387,0.199512],[0.16653,0.915252,-0.366855],[-0.146858,0.390922,0.908632]],"s":1.06244,"sphereCenter":[112.66,245.959,-22.1809],"sphereRadius":64.4923,"stabilizedPalmPosition":[92.1241,209.377,23.0038],"t":[2.14813,35.2084,-28.0549],"timeVisible":0.087296,"type":"right","wrist":[108.261,149.981,58.6882]}],"id":204464,"interactionBox":{"center":[0,200,0],"size":[235.247,235.247,147.751]},"pointables":[{"bases":[[[0.742759,0.502655,0.442319],[-0.498402,-0.0260629,0.866554],[0.447106,-0.864094,0.231166]],[[0.620062,0.687861,0.37732],[-0.510888,-0.0109806,0.859577],[0.595413,-0.725759,0.344611]],[[0.620062,0.687861,0.37732],[-0.685944,0.241885,0.686274],[0.380793,-0.684353,0.621818]],[[0.620062,0.687861,0.37732],[-0.76106,0.410554,0.502228],[0.190553,-0.598576,0.778072]]],"btipPosition":[22.9556,241.414,-10.7763],"carpPosition":[72.598,163.239,50.16],"dipPosition":[27.8547,226.025,9.22795],"direction":[-0.380793,0.684353,-0.621818],"extended":true,"handId":343,"id":3430,"length":57.2524,"mcpPosition":[72.598,163.239,50.16],"pipPosition":[42.1176,200.392,32.5186],"stabilizedTipPosition":[27.8674,235.625,-2.99242],"timeVisible":0.087296,"tipPosition":[25.2441,239.199,-2.24944],"tipVelocity":[-290.458,141.758,-213.5],"tool":false,"touchDistance":1,"touchZone":"none","type":0,"width":21.2521},{"bases":[[[0.871821,-0.00288345,-0.489817],[0.405082,0.566446,0.717668],[0.275386,-0.824094,0.495008]],[[0.906081,-0.14383,-0.397907],[0.413052,0.504477,0.758216],[0.0916811,-0.851361,0.516506]],[[0.906081,-0.14383,-0.397907],[0.40741,0.550351,0.728787],[0.114167,-0.822452,0.55726]],[[0.906081,-0.14383,-0.397907],[0.390363,0.646928,0.655058],[0.163201,-0.748864,0.642315]]],"btipPosition":[56.9651,318.72,-31.2211],"carpPosition":[88.164,180.468,57.3559],"dipPosition":[60.0283,304.664,-19.1652],"direction":[-0.114167,0.822452,-0.55726],"extended":true,"handId":343,"id":3431,"length":64.6029,"mcpPosition":[67.3867,242.645,20.0085],"pipPosition":[63.0597,282.826,-4.36864],"stabilizedTipPosition":[60.5978,309.444,-27.1421],"timeVisible":0.087296,"tipPosition":[53.8538,311.952,-29.1672],"tipVelocity":[-385.589,530.506,197.206],"tool":false,"touchDistance":0.842517,"touchZone":"hovering","type":1,"width":20.3},{"bases":[[[0.819095,-0.210718,-0.533556],[0.55259,0.539574,0.63522],[0.154041,-0.815143,0.558402]],[[0.826153,-0.253953,-0.502971],[0.555965,0.512401,0.654484],[0.091514,-0.820337,0.56451]],[[0.826153,-0.253953,-0.502971],[0.549469,0.560719,0.619418],[0.124722,-0.7881,0.602779]],[[0.826153,-0.253953,-0.502971],[0.540433,0.609667,0.579861],[0.159387,-0.750876,0.640923]]],"btipPosition":[76.5417,323.8,-49.7147],"carpPosition":[99.5954,181.919,52.191],"dipPosition":[79.832,308.299,-36.4835],"direction":[-0.124722,0.7881,-0.602779],"extended":true,"handId":343,"id":3432,"length":73.6098,"mcpPosition":[88.5739,240.242,12.2377],"pipPosition":[83.7282,283.679,-17.6534],"stabilizedTipPosition":[79.232,308.832,-36.4578],"timeVisible":0.087296,"tipPosition":[71.4966,316.478,-46.1689],"tipVelocity":[-270.271,456.137,-23.3631],"tool":false,"touchDistance":0.611623,"touchZone":"hovering","type":2,"width":19.9373},{"bases":[[[0.788832,-0.368448,-0.491924],[0.614327,0.49688,0.612954],[0.018586,-0.78572,0.618303]],[[0.787351,-0.335056,-0.517509],[0.615837,0.466506,0.634915],[0.0286886,-0.818602,0.573644]],[[0.787351,-0.335056,-0.517509],[0.61094,0.536571,0.582103],[0.0826431,-0.774486,0.627169]],[[0.787351,-0.335056,-0.517509],[0.602081,0.598407,0.52859],[0.132574,-0.727768,0.672888]]],"btipPosition":[102.407,309.622,-55.154],"carpPosition":[110.245,180.461,45.6185],"dipPosition":[105.128,294.684,-41.3428],"direction":[-0.0826431,0.774486,-0.627169],"extended":true,"handId":343,"id":3433,"length":70.7778,"mcpPosition":[109.051,230.936,5.8992],"pipPosition":[107.643,271.115,-22.2568],"stabilizedTipPosition":[103.759,301.783,-48.1989],"timeVisible":0.087296,"tipPosition":[99.4512,303.176,-52.3161],"tipVelocity":[-232.019,364.82,-214.714],"tool":false,"touchDistance":0.528041,"touchZone":"hovering","type":3,"width":18.9716},{"bases":[[[0.673261,-0.53391,-0.511527],[0.728753,0.362142,0.581181],[-0.125053,-0.764063,0.632905]],[[0.682395,-0.454781,-0.572286],[0.726578,0.336163,0.599232],[-0.0801375,-0.824723,0.55983]],[[0.682395,-0.454781,-0.572286],[0.730835,0.408661,0.546696],[-0.014756,-0.791309,0.611238]],[[0.682395,-0.454781,-0.572286],[0.729969,0.465206,0.500728],[0.0385093,-0.759446,0.64943]]],"btipPosition":[128.057,281.959,-49.1945],"carpPosition":[117.92,173.105,35.6181],"dipPosition":[128.787,267.579,-36.8972],"direction":[0.014756,0.791309,-0.611238],"extended":true,"handId":343,"id":3434,"length":55.4885,"mcpPosition":[125.357,218.541,-2.01803],"pipPosition":[128.47,250.576,-23.764],"stabilizedTipPosition":[128.858,275.738,-42.9263],"timeVisible":0.087296,"tipPosition":[126.312,275.814,-48.0713],"tipVelocity":[-204.106,284.322,-371.277],"tool":false,"touchDistance":0.565782,"touchZone":"hovering","type":4,"width":16.8521}],"r":[[0.975039,-0.0974387,0.199512],[0.16653,0.915252,-0.366855],[-0.146858,0.390922,0.908632]],"s":1.06244,"t":[2.14813,35.2084,-28.0549],"timestamp":261169407161},{"currentFrameRate":31.6693,"devices":[],"gestures":[],"hands":[{"armBasis":[[0.875649,-0.097054,-0.473095],[0.359977,0.78421,0.505402],[0.321954,-0.612858,0.721631]],"armWidth":66.4077,"confidence":0.472222,"direction":[-0.0621347,0.895966,-0.439755],"elbow":[196.529,-16.8788,255.284],"grabAngle":0.120434,"grabStrength":0,"id":343,"palmNormal":[-0.43696,-0.420556,-0.79511],"palmPosition":[90.6097,218.895,17.6137],"palmVelocity":[-38.9189,385.219,-169.302],"palmWidth":93.3132,"pinchDistance":69.3063,"pinchStrength":0,"r":[[0.964827,-0.102339,0.242149],[0.201603,0.879198,-0.431702],[-0.168717,0.465335,0.868906]],"s":1.07448,"sphereCenter":[104.591,235.66,-43.6637],"sphereRadius":73.04,"stabilizedPalmPosition":[91.5377,213.063,20.9168],"t":[1.56463,41.7732,-32.2074],"timeVisible":0.097366,"type":"right","wrist":[107.382,152.818,55.4693]}],"id":204465,"interactionBox":{"center":[0,200,0],"size":[235.247,235.247,147.751]},"pointables":[{"bases":[[[0.739788,0.493546,0.457303],[-0.502504,-0.0467,0.863312],[0.44744,-0.868465,0.213461]],[[0.60655,0.692529,0.390513],[-0.51343,-0.0338336,0.857465],[0.607032,-0.720596,0.335043]],[[0.60655,0.692529,0.390513],[-0.692943,0.21968,0.68671],[0.389779,-0.687127,0.61313]],[[0.60655,0.692529,0.390513],[-0.773033,0.398931,0.493228],[0.185787,-0.601047,0.77732]]],"btipPosition":[21.694,244.474,-12.9304],"carpPosition":[72.1453,166.396,47.1713],"dipPosition":[26.4706,229.021,7.0545],"direction":[-0.389779,0.687127,-0.61313],"extended":true,"handId":343,"id":3430,"length":57.2524,"mcpPosition":[72.1453,166.396,47.1713],"pipPosition":[41.0701,203.285,30.0197],"stabilizedTipPosition":[25.9989,237.575,-4.95914],"timeVisible":0.097366,"tipPosition":[24.6924,243.196,-4.19829],"tipVelocity":[-128.08,302.436,-214.355],"tool":false,"touchDistance":0.95095,"touchZone":"hovering","type":0,"width":21.2521},{"bases":[[[0.874161,0.00970969,-0.485539],[0.400689,0.55048,0.732407],[0.274391,-0.834792,0.477317]],[[0.908614,-0.136,-0.394872],[0.40733,0.497332,0.765991],[0.0922075,-0.856834,0.50728]],[[0.908614,-0.136,-0.394872],[0.401114,0.547486,0.734416],[0.116306,-0.82569,0.552005]],[[0.908614,-0.136,-0.394872],[0.38463,0.640895,0.664314],[0.162725,-0.755485,0.634636]]],"btipPosition":[56.4512,323.007,-31.6879],"carpPosition":[87.6477,183.48,54.8352],"dipPosition":[59.5054,308.827,-19.7762],"direction":[-0.116306,0.825689,-0.552005],"extended":true,"handId":343,"id":3431,"length":64.6029,"mcpPosition":[66.9455,246.464,18.8226],"pipPosition":[62.5936,286.903,-5.11918],"stabilizedTipPosition":[59.1208,313.862,-27.9166],"timeVisible":0.097366,"tipPosition":[53.7919,317.066,-28.8263],"tipVelocity":[-51.2364,422.944,-49.655],"tool":false,"touchDistance":0.784099,"touchZone":"hovering","type":1,"width":20.3},{"bases":[[[0.821994,-0.19715,-0.534283],[0.548635,0.525735,0.650079],[0.152729,-0.827487,0.540314]],[[0.828902,-0.240498,-0.505056],[0.55136,0.503714,0.665037],[0.0944635,-0.829719,0.55013]],[[0.828902,-0.240498,-0.505056],[0.543958,0.557165,0.627437],[0.130502,-0.794813,0.592656]],[[0.828902,-0.240498,-0.505056],[0.53489,0.605049,0.589753],[0.163749,-0.758997,0.630166]]],"btipPosition":[75.7146,328.705,-49.5516],"carpPosition":[99.1013,185.067,49.7602],"dipPosition":[79.0951,313.036,-36.5424],"direction":[-0.130502,0.794813,-0.592656],"extended":true,"handId":343,"id":3432,"length":73.6098,"mcpPosition":[88.1737,244.273,11.1011],"pipPosition":[83.1718,288.207,-18.0286],"stabilizedTipPosition":[78.2925,314.411,-39.9218],"timeVisible":0.097366,"tipPosition":[71.5494,321.99,-45.6786],"tipVelocity":[-80.0705,483.273,11.1254],"tool":false,"touchDistance":0.585474,"touchZone":"hovering","type":2,"width":19.9373},{"bases":[[[0.791797,-0.35584,-0.496424],[0.61055,0.48366,0.627138],[0.0169393,-0.799657,0.600218]],[[0.790354,-0.321424,-0.521561],[0.611828,0.458179,0.644778],[0.0317213,-0.828709,0.55878]],[[0.790354,-0.321424,-0.521561],[0.606608,0.529835,0.592708],[0.0858307,-0.784832,0.613736]],[[0.790354,-0.321424,-0.521561],[0.598166,0.588872,0.543532],[0.132429,-0.741563,0.657683]]],"btipPosition":[101.809,314.927,-54.9528],"carpPosition":[109.785,183.777,43.2076],"dipPosition":[104.528,299.706,-41.4537],"direction":[-0.0858307,0.784832,-0.613736],"extended":true,"handId":343,"id":3433,"length":70.7778,"mcpPosition":[108.696,235.146,4.64997],"pipPosition":[107.14,275.822,-22.7765],"stabilizedTipPosition":[103.133,306.34,-49.9234],"timeVisible":0.097366,"tipPosition":[99.3735,308.79,-51.9368],"tipVelocity":[-59.3923,520.332,12.8532],"tool":false,"touchDistance":0.510512,"touchZone":"hovering","type":3,"width":18.9716},{"bases":[[[0.676598,-0.52099,-0.52037],[0.725353,0.349865,0.592839],[-0.126804,-0.778565,0.614619]],[[0.686002,-0.438868,-0.580341],[0.723969,0.33213,0.604615],[-0.0725975,-0.834916,0.545568]],[[0.686002,-0.438868,-0.580341],[0.727497,0.400317,0.55722],[-0.0122254,-0.804451,0.593894]],[[0.686002,-0.438868,-0.580341],[0.726576,0.45549,0.514409],[0.0385819,-0.774548,0.631338]]],"btipPosition":[127.413,287.344,-49.3776],"carpPosition":[117.52,176.664,33.0784],"dipPosition":[128.143,272.678,-37.4229],"direction":[0.0122254,0.804451,-0.593894],"extended":true,"handId":343,"id":3434,"length":55.4885,"mcpPosition":[125.061,222.962,-3.47038],"pipPosition":[127.881,255.393,-24.6623],"stabilizedTipPosition":[128.24,279.721,-44.7169],"timeVisible":0.097366,"tipPosition":[126.189,281.367,-48.1417],"tipVelocity":[-63.9864,528.26,-26.0089],"tool":false,"touchDistance":0.538609,"touchZone":"hovering","type":4,"width":16.8521}],"r":[[0.964827,-0.102339,0.242149],[0.201603,0.879198,-0.431702],[-0.168717,0.465335,0.868906]],"s":1.07448,"t":[1.56463,41.7732,-32.2074],"timestamp":261169417231},{"currentFrameRate":35.0026,"devices":[],"gestures":[],"hands":[{"armBasis":[[0.889097,-0.0936665,-0.448033],[0.355998,0.756762,0.548249],[0.287701,-0.646945,0.70618]],"armWidth":66.4077,"confidence":0.512203,"direction":[-0.0647799,0.902753,-0.425253],"elbow":[186.094,-23.9197,248.169],"grabAngle":0.126306,"grabStrength":0,"id":343,"palmNormal":[-0.424273,-0.410629,-0.807079],"palmPosition":[89.901,221.987,15.862],"palmVelocity":[-70.7246,308.642,-174.829],"palmWidth":93.3132,"pinchDistance":69.7908,"pinchStrength":0,"r":[[0.95502,-0.102653,0.278208],[0.230135,0.84823,-0.477016],[-0.187017,0.519585,0.8337]],"s":1.08415,"sphereCenter":[100.06,230.73,-57.7652],"sphereRadius":82.1431,"stabilizedPalmPosition":[90.8835,216.63,18.8962],"t":[0.918552,46.602,-35.1595],"timeVisible":0.107386,"type":"right","wrist":[106.431,155.215,52.6324]}],"id":204466,"interactionBox":{"center":[0,200,0],"size":[235.247,235.247,147.751]},"pointables":[{"bases":[[[0.730291,0.491871,0.474065],[-0.51188,-0.0655467,0.856553],[0.452387,-0.868197,0.20391]],[[0.590838,0.696946,0.40642],[-0.524515,-0.0509408,0.849876],[0.613021,-0.715312,0.335461]],[[0.590838,0.696946,0.40642],[-0.702006,0.19584,0.684715],[0.397615,-0.689865,0.60497]],[[0.590838,0.696946,0.40642],[-0.785178,0.380906,0.488269],[0.185489,-0.6076,0.77228]]],"btipPosition":[20.507,246.921,-15.3736],"carpPosition":[71.5507,168.842,44.3142],"dipPosition":[25.276,231.299,4.4817],"direction":[-0.397615,0.689865,-0.60497],"extended":true,"handId":343,"id":3430,"length":57.2524,"mcpPosition":[71.5507,168.842,44.3142],"pipPosition":[40.1689,205.46,27.1413],"stabilizedTipPosition":[24.4982,239.539,-6.95586],"timeVisible":0.107386,"tipPosition":[23.8976,245.951,-6.54295],"tipVelocity":[-118.637,240.291,-246.809],"tool":false,"touchDistance":0.852093,"touchZone":"hovering","type":0,"width":21.2521},{"bases":[[[0.879515,0.0252525,-0.4752],[0.38761,0.541292,0.746165],[0.276064,-0.840456,0.466286]],[[0.913833,-0.119283,-0.388176],[0.394181,0.490353,0.777287],[0.0976256,-0.863322,0.49512]],[[0.913833,-0.119283,-0.388176],[0.38626,0.550375,0.740197],[0.125349,-0.826353,0.549025]],[[0.913833,-0.119283,-0.388176],[0.369423,0.641123,0.672672],[0.16863,-0.758111,0.629946]]],"btipPosition":[54.8889,326.25,-32.5061],"carpPosition":[86.8184,185.923,52.4436],"dipPosition":[58.054,312.021,-20.6825],"direction":[-0.125349,0.826353,-0.549025],"extended":true,"handId":343,"id":3431,"length":64.6029,"mcpPosition":[65.9899,249.333,17.2633],"pipPosition":[61.3823,290.079,-6.10455],"stabilizedTipPosition":[57.4565,318.191,-28.8049],"timeVisible":0.107386,"tipPosition":[52.91,320.732,-29.3564],"tipVelocity":[-153.371,322.486,-83.6769],"tool":false,"touchDistance":0.726445,"touchZone":"hovering","type":1,"width":20.3},{"bases":[[[0.829675,-0.181178,-0.528028],[0.536689,0.519185,0.665141],[0.153635,-0.835238,0.527991]],[[0.83635,-0.222937,-0.500818],[0.539277,0.498712,0.678577],[0.0984841,-0.837607,0.537322]],[[0.83635,-0.222937,-0.500818],[0.53079,0.557706,0.638142],[0.137044,-0.799539,0.58477]],[[0.83635,-0.222937,-0.500818],[0.52144,0.605448,0.601276],[0.169173,-0.764023,0.622615]]],"btipPosition":[74.3343,332.552,-49.8211],"carpPosition":[98.315,187.691,47.5284],"dipPosition":[77.8267,316.78,-36.9679],"direction":[-0.137044,0.799539,-0.58477],"extended":true,"handId":343,"id":3432,"length":73.6098,"mcpPosition":[87.3225,247.451,9.75104],"pipPosition":[82.1077,291.803,-18.7004],"stabilizedTipPosition":[77.0216,320.257,-42.7186],"timeVisible":0.107386,"tipPosition":[70.8413,326.085,-45.9309],"tipVelocity":[-135.192,381.589,-30.4829],"tool":false,"touchDistance":0.555679,"touchZone":"hovering","type":2,"width":19.9373},{"bases":[[[0.800407,-0.340735,-0.493203],[0.599218,0.478023,0.642208],[0.01694,-0.809564,0.586787]],[[0.798993,-0.306506,-0.517362],[0.600341,0.456127,0.656916],[0.0346343,-0.835465,0.548451]],[[0.798993,-0.306506,-0.517362],[0.594976,0.527777,0.606181],[0.0872534,-0.792153,0.604054]],[[0.798993,-0.306506,-0.517362],[0.586627,0.586433,0.558538],[0.132203,-0.749767,0.648361]]],"btipPosition":[100.926,319.11,-55.2261],"carpPosition":[109.083,186.601,41.0785],"dipPosition":[103.639,303.721,-41.9183],"direction":[-0.0872534,0.792153,-0.604054],"extended":true,"handId":343,"id":3433,"length":70.7778,"mcpPosition":[107.995,238.607,3.38369],"pipPosition":[106.295,279.614,-23.5358],"stabilizedTipPosition":[102.3,311.196,-51.1028],"timeVisible":0.107386,"tipPosition":[98.7598,313.183,-52.0582],"tipVelocity":[-88.2769,413.663,-31.6683],"tool":false,"touchDistance":0.488034,"touchZone":"hovering","type":3,"width":18.9716},{"bases":[[[0.686903,-0.506411,-0.52126],[0.715543,0.345794,0.606981],[-0.127133,-0.789921,0.599885]],[[0.695924,-0.428398,-0.576337],[0.71485,0.336823,0.612813],[-0.0684048,-0.838466,0.540644]],[[0.695924,-0.428398,-0.576337],[0.717991,0.400165,0.569523],[-0.0133529,-0.81015,0.586071]],[[0.695924,-0.428398,-0.576337],[0.717251,0.454032,0.528588],[0.0352293,-0.781236,0.623241]]],"btipPosition":[126.831,291.469,-50.1466],"carpPosition":[116.994,179.726,30.9205],"dipPosition":[127.498,276.676,-38.3452],"direction":[0.0133529,0.81015,-0.586071],"extended":true,"handId":343,"id":3434,"length":55.4885,"mcpPosition":[124.554,226.7,-4.75209],"pipPosition":[127.211,259.269,-25.7527],"stabilizedTipPosition":[127.575,284.139,-46.1545],"timeVisible":0.107386,"tipPosition":[125.749,285.961,-48.3708],"tipVelocity":[-59.5511,408.726,-80.2676],"tool":false,"touchDistance":0.506017,"touchZone":"hovering","type":4,"width":16.8521}],"r":[[0.95502,-0.102653,0.278208],[0.230135,0.84823,-0.477016],[-0.187017,0.519585,0.8337]],"s":1.08415,"t":[0.918552,46.602,-35.1595],"timestamp":261169427251},{"currentFrameRate":38.1655,"devices":[],"gestures":[],"hands":[{"armBasis":[[0.891376,-0.104741,-0.440997],[0.36767,0.736081,0.568334],[0.265082,-0.66874,0.694635]],"armWidth":66.4077,"confidence":0.550217,"direction":[-0.0655096,0.908149,-0.41349],"elbow":[178.736,-27.5361,241.901],"grabAngle":0.131634,"grabStrength":0,"id":343,"palmNormal":[-0.432381,-0.399292,-0.808463],"palmPosition":[89.018,225.004,13.8018],"palmVelocity":[-87.7971,299.924,-204.849],"palmWidth":93.3132,"pinchDistance":70.2754,"pinchStrength":0,"r":[[0.946824,-0.102375,0.305032],[0.253077,0.822383,-0.509547],[-0.198688,0.559648,0.804561]],"s":1.09249,"sphereCenter":[95.4183,228.101,-69.0366],"sphereRadius":89.9045,"stabilizedPalmPosition":[90.1366,219.983,16.8564],"t":[0.154025,50.5245,-37.6656],"timeVisible":0.117443,"type":"right","wrist":[105.337,157.634,49.5608]}],"id":204467,"interactionBox":{"center":[0,200,0],"size":[235.247,235.247,147.751]},"pointables":[{"bases":[[[0.73583,0.483716,0.473892],[-0.504825,-0.0745878,0.859993],[0.451339,-0.872041,0.189308]],[[0.588564,0.699041,0.406121],[-0.520997,-0.0561581,0.851709],[0.618187,-0.712873,0.331146]],[[0.588564,0.699041,0.406121],[-0.697483,0.18505,0.692296],[0.408791,-0.690723,0.596483]],[[0.588564,0.699041,0.406121],[-0.78397,0.370816,0.497883],[0.197444,-0.611422,0.766276]]],"btipPosition":[18.7064,249.651,-17.2453],"carpPosition":[70.7405,171.566,41.7494],"dipPosition":[23.7827,233.931,2.4557],"direction":[-0.408791,0.690723,-0.596483],"extended":true,"handId":343,"id":3430,"length":57.2524,"mcpPosition":[70.7405,171.566,41.7494],"pipPosition":[39.0942,208.06,24.7974],"stabilizedTipPosition":[22.8523,241.851,-9.00535],"timeVisible":0.117443,"tipPosition":[22.6629,249.175,-8.13887],"tipVelocity":[-172.014,269.189,-189.634],"tool":false,"touchDistance":0.77161,"touchZone":"hovering","type":0,"width":21.2521},{"bases":[[[0.875542,0.028443,-0.482304],[0.395619,0.530811,0.749483],[0.27733,-0.847013,0.453494]],[[0.909416,-0.112459,-0.400393],[0.401704,0.486803,0.775665],[0.107682,-0.866242,0.487882]],[[0.909416,-0.112459,-0.400393],[0.392052,0.553062,0.735131],[0.13877,-0.825515,0.547054]],[[0.909416,-0.112459,-0.400393],[0.37378,0.643136,0.66833],[0.182347,-0.757449,0.626913]]],"btipPosition":[53.017,329.423,-33.5743],"carpPosition":[86.1304,188.498,49.9595],"dipPosition":[56.4396,315.206,-21.8076],"direction":[-0.13877,0.825515,-0.547054],"extended":true,"handId":343,"id":3431,"length":64.6029,"mcpPosition":[65.2064,252.403,15.7442],"pipPosition":[60.1243,293.287,-7.28198],"stabilizedTipPosition":[55.5776,322.287,-29.8662],"timeVisible":0.117443,"tipPosition":[52.0908,324.538,-29.9467],"tipVelocity":[-180.239,315.806,-107.515],"tool":false,"touchDistance":0.670915,"touchZone":"hovering","type":1,"width":20.3},{"bases":[[[0.824603,-0.177163,-0.537256],[0.543937,0.509253,0.666929],[0.155444,-0.842185,0.516297]],[[0.831063,-0.217019,-0.512091],[0.546182,0.492236,0.677783],[0.104978,-0.842975,0.527611]],[[0.831063,-0.217019,-0.512091],[0.537277,0.551256,0.638319],[0.143766,-0.805618,0.574727]],[[0.831063,-0.217019,-0.512091],[0.527567,0.599105,0.602284],[0.17609,-0.770698,0.612386]]],"btipPosition":[72.7839,336.262,-50.5047],"carpPosition":[97.5907,190.292,44.9691],"dipPosition":[76.419,320.352,-37.8626],"direction":[-0.143766,0.805618,-0.574727],"extended":true,"handId":343,"id":3432,"length":73.6098,"mcpPosition":[86.4688,250.549,8.02839],"pipPosition":[80.9101,295.185,-19.9089],"stabilizedTipPosition":[75.4654,325.905,-44.9505],"timeVisible":0.117443,"tipPosition":[69.8878,330.001,-46.5682],"tipVelocity":[-150.897,365.728,-72.7953],"tool":false,"touchDistance":0.522463,"touchZone":"hovering","type":2,"width":19.9373},{"bases":[[[0.795124,-0.337049,-0.50416],[0.606139,0.468187,0.642959],[0.0193329,-0.816822,0.576565]],[[0.793599,-0.302268,-0.528048],[0.607238,0.448043,0.65614],[0.0382581,-0.841363,0.539115]],[[0.793599,-0.302268,-0.528048],[0.601682,0.518882,0.607241],[0.0904448,-0.799622,0.593653]],[[0.793599,-0.302268,-0.528048],[0.592986,0.578607,0.559984],[0.136267,-0.757528,0.638423]]],"btipPosition":[99.631,322.9,-56.2543],"carpPosition":[108.3,189.249,38.415],"dipPosition":[102.428,307.352,-43.1505],"direction":[-0.0904448,0.799622,-0.593653],"extended":true,"handId":343,"id":3433,"length":70.7778,"mcpPosition":[107.058,241.721,1.3768],"pipPosition":[105.18,283.018,-25.0845],"stabilizedTipPosition":[101.158,315.78,-52.3083],"timeVisible":0.117443,"tipPosition":[97.6186,317.03,-53.0599],"tipVelocity":[-126.849,373.23,-106.9],"tool":false,"touchDistance":0.456438,"touchZone":"hovering","type":3,"width":18.9716},{"bases":[[[0.680862,-0.502015,-0.533299],[0.721742,0.336048,0.605112],[-0.124561,-0.796901,0.591128]],[[0.689521,-0.425369,-0.586192],[0.721222,0.329142,0.609512],[-0.0663273,-0.843046,0.533736]],[[0.689521,-0.425369,-0.586192],[0.724174,0.392041,0.567342],[-0.0115186,-0.815699,0.578362]],[[0.689521,-0.425369,-0.586192],[0.723293,0.446345,0.526899],[0.0375174,-0.787297,0.615431]]],"btipPosition":[125.624,295.046,-51.8586],"carpPosition":[116.103,182.476,28.1059],"dipPosition":[126.334,280.138,-40.2052],"direction":[0.0115186,0.815699,-0.578362],"extended":true,"handId":343,"id":3434,"length":55.4885,"mcpPosition":[123.51,229.865,-7.04598],"pipPosition":[126.086,262.612,-27.7783],"stabilizedTipPosition":[126.607,288.188,-47.7916],"timeVisible":0.117443,"tipPosition":[124.544,289.689,-49.9252],"tipVelocity":[-119.042,353.057,-173.616],"tool":false,"touchD