{"frames":203,"data":[{"currentFrameRate":25.5782,"devices":[],"gestures":[],"hands":[],"id":205034,"interactionBox":{"center":[0,200,0],"size":[235.247,235.247,147.751]},"pointables":[],"r":[[-0.0794966,-0.728761,-0.680138],[0.446709,0.583909,-0.677865],[0.891141,-0.357712,0.279125]],"s":-5.62558,"t":[894.675,787.691,741.58],"timestamp":261185190136},{"currentFrameRate":25.6376,"devices":[],"gestures":[],"hands":[],"id":205035,"interactionBox":{"center":[0,200,0],"size":[235.247,235.247,147.751]},"pointables":[],"r":[[-0.0794966,-0.728761,-0.680138],[0.446709,0.583909,-0.677865],[0.891141,-0.357712,0.279125]],"s":-5.62558,"t":[894.675,787.691,741.58],"timestamp":261185228721},{"currentFrameRate":25.6926,"devices":[],"gestures":[],"hands":[],"id":205036,"interactionBox":{"center":[0,200,0],"size":[235.247,235.247,147.751]},"pointables":[],"r":[[-0.0794966,-0.728761,-0.680138],[0.446709,0.583909,-0.677865],[0.891141,-0.357712,0.279125]],"s":-5.62558,"t":[894.675,787.691,741.58],"timestamp":261185267255},{"currentFrameRate":25.7458,"devices":[],"gestures":[],"hands":[],"id":205037,"interactionBox":{"center":[0,200,0],"size":[235.247,235.247,147.751]},"pointables":[],"r":[[-0.0794966,-0.728761,-0.680138],[0.446709,0.583909,-0.677865],[0.891141,-0.357712,0.279125]],"s":-5.62558,"t":[894.675,787.691,741.58],"timestamp":261185305721},{"currentFrameRate":25.7782,"devices":[],"gestures":[],"hands":[],"id":205038,"interactionBox":{"center":[0,200,0],"size":[235.247,235.247,147.751]},"pointables":[],"r":[[-0.0794966,-0.728761,-0.680138],[0.446709,0.583909,-0.677865],[0.891141,-0.357712,0.279125]],"s":-5.62558,"t":[894.675,787.691,741.58],"timestamp":261185344286},{"currentFrameRate":25.8075,"devices":[],"gestures":[],"hands":[],"id":205039,"interactionBox":{"center":[0,200,0],"size":[235.247,235.247,147.751]},"pointables":[],"r":[[-0.0794966,-0.728761,-0.680138],[0.446709,0.583909,-0.677865],[0.891141,-0.357712,0.279125]],"s":-5.62558,"t":[894.675,787.691,741.58],"timestamp":261185382828},{"currentFrameRate":25.8399,"devices":[],"gestures":[],"hands":[],"id":205040,"interactionBox":{"center":[0,200,0],"size":[235.247,235.247,147.751]},"pointables":[],"r":[[-0.0794966,-0.728761,-0.680138],[0.446709,0.583909,-0.677865],[0.891141,-0.357712,0.279125]],"s":-5.62558,"t":[894.675,787.691,741.58],"timestamp":261185421301},{"currentFrameRate":25.8291,"devices":[],"gestures":[],"hands":[],"id":205041,"interactionBox":{"center":[0,200,0],"size":[235.247,235.247,147.751]},"pointables":[],"r":[[-0.0794966,-0.728761,-0.680138],[0.446709,0.583909,-0.677865],[0.891141,-0.357712,0.279125]],"s":-5.62558,"t":[894.675,787.691,741.58],"timestamp":261185460093},{"currentFrameRate":21.737,"devices":[],"gestures":[],"hands":[],"id":205042,"interactionBox":{"center":[0,200,0],"size":[235.247,235.247,147.751]},"pointables":[],"r":[[-0.0794966,-0.728761,-0.680138],[0.446709,0.583909,-0.677865],[0.891141,-0.357712,0.279125]],"s":-5.62558,"t":[894.675,787.691,741.58],"timestamp":261185537079},{"currentFrameRate":22.4865,"devices":[],"gestures":[],"hands":[],"id":205043,"interactionBox":{"center":[0,200,0],"size":[235.247,235.247,147.751]},"pointables":[],"r":[[-0.0794966,-0.728761,-0.680138],[0.446709,0.583909,-0.677865],[0.891141,-0.357712,0.279125]],"s":-5.62558,"t":[894.675,787.691,741.58],"timestamp":261185575508},{"currentFrameRate":23.0879,"devices":[],"gestures":[],"hands":[{"armBasis":[[0.74647,-0.452701,-0.487693],[0.479236,0.874216,-0.0779653],[0.461644,-0.175521,0.869527]],"armWidth":65.3469,"confidence":0,"direction":[-0.00702022,0.654384,-0.75613],"elbow":[240.153,86.9281,326.147],"grabAngle":2.00378,"grabStrength":0,"id":344,"palmNormal":[-0.621259,-0.595367,-0.509485],"palmPosition":[97.5505,182.53,25.351],"palmVelocity":[1.19209e-7,1.19209e-7,1.19209e-7],"palmWidth":93.3132,"pinchDistance":57.4212,"pinchStrength":0.371358,"r":[[1,8.67362e-18,5.72459e-18],[-8.67362e-18,1,-9.93058e-35],[-5.72459e-18,4.96529e-35,1]],"s":1,"sphereCenter":[76.5759,158.608,-24.0101],"sphereRadius":57.0292,"stabilizedPalmPosition":[97.5505,182.53,25.351],"t":[0,0,0],"timeVisible":0,"type":"right","wrist":[112.326,135.529,85.3803]}],"id":205044,"interactionBox":{"center":[0,200,0],"size":[235.247,235.247,147.751]},"pointables":[{"bases":[[[0.869609,0.472616,0.142879],[-0.35004,0.386049,0.853486],[0.348213,-0.792213,0.501146]],[[0.829943,0.550297,0.0914735],[-0.370258,0.420748,0.828179],[0.417258,-0.72121,0.552948]],[[0.829943,0.550297,0.0914735],[-0.496713,0.65435,0.570178],[0.253912,-0.518651,0.816413]],[[0.829943,0.550297,0.0914735],[-0.551438,0.784516,0.283637],[0.0843221,-0.285844,0.954559]]],"btipPosition":[44.7899,211.939,-4.47457],"carpPosition":[77.0523,150.023,75.2893],"dipPosition":[46.8137,205.078,18.4359],"direction":[-0.253912,0.518651,-0.816413],"extended":false,"handId":344,"id":3440,"length":53.447,"mcpPosition":[77.0523,150.023,75.2893],"pipPosition":[55.692,186.943,46.9827],"stabilizedTipPosition":[45.2554,210.361,0.794844],"timeVisible":0,"tipPosition":[45.2554,210.361,0.794844],"tipVelocity":[1.19209e-7,1.19209e-7,1.19209e-7],"tool":false,"touchDistance":1,"touchZone":"none","type":0,"width":20.767},{"bases":[[[0.771271,-0.349686,-0.531847],[0.593843,0.696084,0.403506],[0.22911,-0.627046,0.744528]],[[0.800648,-0.461725,-0.381803],[0.596625,0.67271,0.437606],[0.0547895,-0.578162,0.814081]],[[0.800648,-0.461725,-0.381803],[0.581816,0.751299,0.311512],[0.143015,-0.471551,0.870164]],[[0.800648,-0.461725,-0.381803],[0.540235,0.8319,0.126843],[0.259055,-0.30782,0.915498]]],"btipPosition":[68.1303,255.151,-55.8403],"carpPosition":[95.9143,165.287,73.8111],"dipPosition":[72.6694,249.758,-39.7991],"direction":[-0.143015,0.471551,-0.870165],"extended":true,"handId":344,"id":3441,"length":60.309,"mcpPosition":[78.6284,212.596,17.638],"pipPosition":[76.2144,238.069,-18.2299],"stabilizedTipPosition":[69.1743,253.911,-52.1508],"timeVisible":0,"tipPosition":[69.1743,253.911,-52.1508],"tipVelocity":[1.19209e-7,1.19209e-7,1.19209e-7],"tool":false,"touchDistance":0.751071,"touchZone":"hovering","type":1,"width":19.8367},{"bases":[[[0.496768,-0.803,-0.32926],[0.857985,0.397253,0.325657],[-0.130703,-0.444276,0.886304]],[[0.502797,-0.779256,-0.374106],[0.632573,0.626657,-0.45514],[0.589107,-0.0078068,0.808017]],[[0.502797,-0.779256,-0.374106],[-0.226566,0.298856,-0.927013],[0.834184,0.550859,-0.0262891]],[[0.502797,-0.779256,-0.374106],[-0.656793,-0.0630314,-0.751432],[0.561978,0.623528,-0.543502]]],"btipPosition":[80.1146,149.547,-18.0373],"carpPosition":[120.371,144.916,53.833],"dipPosition":[90.0486,160.569,-27.6447],"direction":[-0.834184,-0.550859,0.0262891],"extended":false,"handId":344,"id":3444,"length":51.8004,"mcpPosition":[128.143,171.335,1.1283],"pipPosition":[106.781,171.619,-28.172],"stabilizedTipPosition":[82.3994,152.082,-20.247],"timeVisible":0,"tipPosition":[82.3994,152.082,-20.247],"tipVelocity":[1.19209e-7,1.19209e-7,1.19209e-7],"tool":false,"touchDistance":0.333333,"touchZone":"none","type":4,"width":16.4674},{"bases":[[[0.682521,-0.544694,-0.487312],[0.720572,0.613009,0.32403],[0.122229,-0.572301,0.810883]],[[0.681002,-0.537771,-0.49703],[0.37751,0.839417,-0.39098],[0.627473,0.0786243,0.774658]],[[0.681002,-0.537771,-0.49703],[-0.394503,0.3024,-0.867711],[0.616931,0.786992,-0.00621715]],[[0.681002,-0.537771,-0.49703],[-0.67991,-0.212273,-0.7019],[0.271955,0.815931,-0.510194]]],"btipPosition":[43.4528,160.898,-18.8747],"carpPosition":[106.447,162.512,67.422],"dipPosition":[48.6939,176.623,-28.707],"direction":[-0.616931,-0.786992,0.00621715],"extended":false,"handId":344,"id":3442,"length":68.7173,"mcpPosition":[97.7018,203.46,9.40384],"pipPosition":[66.6851,199.574,-28.8883],"stabilizedTipPosition":[44.6582,164.515,-21.1361],"timeVisible":0,"tipPosition":[44.6582,164.515,-21.1361],"tipVelocity":[1.19209e-7,1.19209e-7,1.19209e-7],"tool":false,"touchDistance":0.333333,"touchZone":"none","type":2,"width":19.4822},{"bases":[[[0.636794,-0.667627,-0.385703],[0.771023,0.55397,0.31407],[0.0039864,-0.497384,0.867521]],[[0.636772,-0.665496,-0.389406],[0.49341,0.739786,-0.457453],[0.59251,0.0991561,0.799437]],[[0.636772,-0.665496,-0.389406],[-0.301457,0.249959,-0.920133],[0.70968,0.703304,-0.0414513]],[[0.636772,-0.665496,-0.389406],[-0.649271,-0.190385,-0.736343],[0.415896,0.721713,-0.553319]]],"btipPosition":[60.0307,150.33,-19.6501],"carpPosition":[115.566,156.731,60.9296],"dipPosition":[67.9997,164.159,-30.2523],"direction":[-0.70968,-0.703304,0.0414513],"extended":false,"handId":344,"id":3443,"length":66.0735,"mcpPosition":[115.31,188.683,5.20059],"pipPosition":[88.1613,184.139,-31.4299],"stabilizedTipPosition":[61.8636,153.511,-22.0886],"timeVisible":0,"tipPosition":[61.8636,153.511,-22.0886],"tipVelocity":[1.19209e-7,1.19209e-7,1.19209e-7],"tool":false,"touchDistance":0.333333,"touchZone":"none","type":3,"width":18.5386}],"r":[[1,8.67362e-18,5.72459e-18],[-8.67362e-18,1,-9.93058e-35],[-5.72459e-18,4.96529e-35,1]],"s":1,"t":[0,0,0],"timestamp":261185614100},{"currentFrameRate":23.5943,"devices":[],"gestures":[],"hands":[{"armBasis":[[0.725426,-0.373638,-0.578059],[0.472269,0.881151,0.0231189],[0.50072,-0.28977,0.815667]],"armWidth":66.4077,"confidence":0.200043,"direction":[0.00147131,0.650094,-0.759853],"elbow":[252.816,65.6679,306.596],"grabAngle":1.36013,"grabStrength":0,"id":344,"palmNormal":[-0.567186,-0.625265,-0.536045],"palmPosition":[99.4837,193.46,20.8076],"palmVelocity":[50.2249,283.964,-118.034],"palmWidth":93.3132,"pinchDistance":56.7471,"pinchStrength":0,"r":[[0.999908,0.00911672,0.0100348],[-0.00910386,0.999958,-0.00132681],[-0.0100465,0.00123533,0.999949]],"s":0.971735,"sphereCenter":[64.7234,151.744,-39.2813],"sphereRadius":77.5367,"stabilizedPalmPosition":[98.3848,187.247,23.3902],"t":[0.966628,5.46517,-2.27169],"timeVisible":0.038492,"type":"right","wrist":[114.17,145.903,80.743]}],"id":205045,"interactionBox":{"center":[0,200,0],"size":[235.247,235.247,147.751]},"pointables":[{"bases":[[[0.839003,0.512366,0.183178],[-0.40974,0.373402,0.832277],[0.358032,-0.773338,0.523222]],[[0.810448,0.56777,0.144263],[-0.415,0.382646,0.825443],[0.41346,-0.728848,0.545739]],[[0.810448,0.56777,0.144263],[-0.539057,0.626394,0.56307],[0.229329,-0.534105,0.81372]],[[0.810448,0.56777,0.144263],[-0.580012,0.743149,0.33364],[0.0822218,-0.354072,0.931597]]],"btipPosition":[46.1183,226.69,-12.4979],"carpPosition":[77.9878,160.27,69.8694],"dipPosition":[48.2323,217.587,11.4535],"direction":[-0.229329,0.534105,-0.81372],"extended":false,"handId":344,"id":3440,"length":57.2524,"mcpPosition":[77.9878,160.27,69.8694],"pipPosition":[56.8219,197.581,41.9319],"stabilizedTipPosition":[46.0208,218.437,-3.62138],"timeVisible":0.038492,"tipPosition":[47.0737,220.587,-6.66928],"tipVelocity":[35.0505,369.82,-202.222],"tool":false,"touchDistance":1,"touchZone":"none","type":0,"width":21.2521},{"bases":[[[0.812144,-0.316485,-0.490163],[0.540613,0.724167,0.428158],[0.219454,-0.612715,0.759223]],[[0.835063,-0.40021,-0.377494],[0.525014,0.78476,0.329411],[0.164408,-0.473269,0.86544]],[[0.835063,-0.40021,-0.377494],[0.471153,0.874507,0.115117],[0.28405,-0.273987,0.918829]],[[0.835063,-0.40021,-0.377494],[0.384053,0.915365,-0.120875],[0.39392,-0.0440396,0.918089]]],"btipPosition":[56.937,253.037,-70.5185],"carpPosition":[96.1896,176.371,69.238],"dipPosition":[64.3306,252.211,-53.2866],"direction":[-0.28405,0.273987,-0.918829],"extended":true,"handId":344,"id":3441,"length":64.6029,"mcpPosition":[79.6322,222.599,11.9561],"pipPosition":[71.8728,244.936,-28.8895],"stabilizedTipPosition":[67.2825,253.72,-54.737],"timeVisible":0.038492,"tipPosition":[63.1496,256.362,-63.8006],"tipVelocity":[-273.74,-27.64,-374.217],"tool":false,"touchDistance":0.493232,"touchZone":"hovering","type":1,"width":20.3},{"bases":[[[0.730185,-0.51514,-0.448844],[0.67482,0.646608,0.355691],[0.106995,-0.562609,0.81977]],[[0.735959,-0.553979,-0.389193],[0.577891,0.813508,-0.0651654],[0.352712,-0.176952,0.918848]],[[0.735959,-0.553979,-0.389193],[0.26356,0.763941,-0.589007],[0.623618,0.330909,0.708237]],[[0.735959,-0.553979,-0.389193],[-0.0527457,0.526194,-0.848727],[0.674968,0.645157,0.358037]]],"btipPosition":[47.3992,200.02,-73.4195],"carpPosition":[107.146,174.052,63.4037],"dipPosition":[61.3332,213.339,-66.0282],"direction":[-0.623618,-0.330909,-0.708237],"extended":false,"handId":344,"id":3442,"length":73.6098,"mcpPosition":[99.4905,214.306,4.7497],"pipPosition":[80.8143,223.676,-43.9038],"stabilizedTipPosition":[48.0843,186.739,-50.2833],"timeVisible":0.038492,"tipPosition":[50.5444,200.621,-68.1716],"tipVelocity":[154.468,1001.98,-1314.13],"tool":false,"touchDistance":-0.487084,"touchZone":"touching","type":2,"width":19.9373},{"bases":[[[0.685009,-0.639586,-0.348843],[0.728331,0.589887,0.348666],[-0.0172235,-0.492912,0.869908]],[[0.684731,-0.645874,-0.337625],[0.644274,0.752994,-0.133832],[0.340668,-0.125884,0.931718]],[[0.684731,-0.645874,-0.337625],[0.301397,0.672747,-0.675701],[0.663553,0.360914,0.655315]],[[0.684731,-0.645874,-0.337625],[-0.0354835,0.43317,-0.900614],[0.727931,0.628658,0.273687]]],"btipPosition":[66.0846,182.62,-69.7583],"carpPosition":[116.833,168.664,57.4153],"dipPosition":[81.0256,195.524,-64.1408],"direction":[-0.663553,-0.360914,-0.655315],"extended":false,"handId":344,"id":3443,"length":70.7778,"mcpPosition":[117.94,200.328,1.53297],"pipPosition":[101.219,206.507,-44.1983],"stabilizedTipPosition":[66.0372,170.994,-47.3661],"timeVisible":0.038492,"tipPosition":[69.3211,183.219,-64.3064],"tipVelocity":[198.935,833.349,-1204.87],"tool":false,"touchDistance":-0.423998,"touchZone":"touching","type":3,"width":18.9716},{"bases":[[[0.548591,-0.780952,-0.298598],[0.821606,0.437346,0.365639],[-0.154955,-0.445916,0.88156]],[[0.547563,-0.78386,-0.292812],[0.795048,0.596482,-0.110034],[0.260908,-0.172549,0.949818]],[[0.547563,-0.78386,-0.292812],[0.458236,0.573699,-0.678888],[0.700139,0.237558,0.673329]],[[0.547563,-0.78386,-0.292812],[0.129781,0.425256,-0.89572],[0.826638,0.452462,0.334585]]],"btipPosition":[90.9031,176.597,-59.4729],"carpPosition":[122.519,157.05,50.6471],"dipPosition":[106.556,185.165,-53.1373],"direction":[-0.700139,-0.237558,-0.673329],"extended":false,"handId":344,"id":3444,"length":55.4885,"mcpPosition":[131.734,183.566,-1.77544],"pipPosition":[121.599,190.269,-38.67],"stabilizedTipPosition":[89.371,167.337,-42.0011],"timeVisible":0.038492,"tipPosition":[93.5499,176.145,-53.1853],"tipVelocity":[314.45,688.069,-981.209],"tool":false,"touchDistance":-0.294864,"touchZone":"touching","type":4,"width":16.8521}],"r":[[0.999908,0.00911672,0.0100348],[-0.00910386,0.999958,-0.00132681],[-0.0100465,0.00123533,0.999949]],"s":0.971735,"t":[0.966628,5.46517,-2.27169],"timestamp":261185652592},{"currentFrameRate":24.4873,"devices":[],"gestures":[],"hands":[{"armBasis":[[0.749376,-0.258592,-0.609562],[0.483108,0.843082,0.23626],[0.452816,-0.471532,0.756714]],"armWidth":66.4077,"confidence":0.365051,"direction":[-0.00102459,0.694189,-0.719792],"elbow":[239.459,25.3099,278.851],"grabAngle":1.06213,"grabStrength":0,"id":344,"palmNormal":[-0.531381,-0.610138,-0.587679],"palmPosition":[99.8493,207.943,12.8444],"palmVelocity":[10.7028,424.049,-233.156],"palmWidth":93.3132,"pinchDistance":54.9908,"pinchStrength":0.0420352,"r":[[0.999458,0.0228125,0.023748],[-0.023039,0.999691,0.00930576],[-0.0235283,-0.00984784,0.999675]],"s":0.936503,"sphereCenter":[55.7065,147.474,-63.0739],"sphereRadius":103.866,"stabilizedPalmPosition":[99.5609,203.868,14.9207],"t":[1.63271,15.4392,-7.38913],"timeVisible":0.072646,"type":"right","wrist":[114.078,155.874,69.3218]}],"id":205046,"interactionBox":{"center":[0,200,0],"size":[235.247,235.247,147.751]},"pointables":[{"bases":[[[0.815965,0.527515,0.236494],[-0.443726,0.309281,0.841102],[0.370551,-0.791248,0.486435]],[[0.769951,0.61183,0.181215],[-0.446915,0.314352,0.837526],[0.455458,-0.725842,0.515471]],[[0.769951,0.61183,0.181215],[-0.595529,0.587,0.548431],[0.229173,-0.530184,0.816324]],[[0.769951,0.61183,0.181215],[-0.633443,0.698603,0.332721],[0.0769711,-0.370969,0.92545]]],"btipPosition":[44.3554,237.742,-21.5169],"carpPosition":[78.234,171.188,59.2404],"dipPosition":[46.3343,228.204,2.27641],"direction":[-0.229173,0.530184,-0.816324],"extended":false,"handId":344,"id":3440,"length":57.2524,"mcpPosition":[78.234,171.188,59.2404],"pipPosition":[54.9181,208.346,32.8524],"stabilizedTipPosition":[45.2697,229.056,-11.3308],"timeVisible":0.072646,"tipPosition":[46.6965,235.088,-14.813],"tipVelocity":[-52.5272,320.669,-265.133],"tool":false,"touchDistance":1,"touchZone":"none","type":0,"width":21.2521},{"bases":[[[0.758768,-0.463244,-0.457904],[0.642867,0.645752,0.411979],[0.104846,-0.606968,0.78778]],[[0.765202,-0.517212,-0.38335],[0.606458,0.778929,0.159621],[0.216045,-0.354628,0.909705]],[[0.765202,-0.517212,-0.38335],[0.448631,0.855463,-0.258675],[0.461732,0.0259554,0.88664]],[[0.765202,-0.517212,-0.38335],[0.244403,0.784261,-0.570265],[0.595595,0.342676,0.726526]]],"btipPosition":[61.4014,240.596,-92.813],"carpPosition":[107.062,186.275,54.4173],"dipPosition":[73.6968,247.67,-77.8147],"direction":[-0.461732,-0.0259554,-0.88664],"extended":true,"handId":344,"id":3442,"length":73.6098,"mcpPosition":[99.5605,229.704,-1.94781],"pipPosition":[88.1208,248.481,-50.1171],"stabilizedTipPosition":[60.0927,228.007,-79.3502],"timeVisible":0.072646,"tipPosition":[61.373,236.262,-86.1848],"tipVelocity":[398.939,1145.99,-516.599],"tool":false,"touchDistance":-0.731368,"touchZone":"touching","type":2,"width":19.9373},{"bases":[[[0.715292,-0.594867,-0.36673],[0.698449,0.591327,0.403113],[-0.0229416,-0.544486,0.838456]],[[0.715048,-0.599892,-0.358937],[0.668364,0.737155,0.0994582],[0.204928,-0.311018,0.928047]],[[0.715048,-0.599892,-0.358937],[0.505095,0.798308,-0.327998],[0.483306,0.053237,0.873831]],[[0.715048,-0.599892,-0.358937],[0.293744,0.723747,-0.624424],[0.634367,0.341057,0.693728]]],"btipPosition":[80.7669,223.197,-91.8501],"carpPosition":[117.08,181.575,48.3942],"dipPosition":[93.7874,230.198,-77.6112],"direction":[-0.483306,-0.053237,-0.873831],"extended":true,"handId":344,"id":3443,"length":70.7778,"mcpPosition":[118.554,216.552,-5.46764],"pipPosition":[108.495,231.818,-51.0187],"stabilizedTipPosition":[78.477,208.763,-76.2885],"timeVisible":0.072646,"tipPosition":[80.9007,219.089,-84.8297],"tipVelocity":[416.953,1148.31,-588.77],"tool":false,"touchDistance":-0.711565,"touchZone":"touching","type":3,"width":18.9716},{"bases":[[[0.582526,-0.74336,-0.328754],[0.796412,0.441162,0.413648],[-0.162455,-0.502784,0.849009]],[[0.58421,-0.738006,-0.337707],[0.803159,0.585571,0.109737],[0.116764,-0.335342,0.934833]],[[0.58421,-0.738006,-0.337707],[0.650793,0.674599,-0.348403],[0.48494,-0.0162364,0.874397]],[[0.58421,-0.738006,-0.337707],[0.446442,0.639708,-0.62567],[0.677782,0.214757,0.703201]]],"btipPosition":[105.205,209.785,-77.7889],"carpPosition":[123.334,170.578,41.1134],"dipPosition":[118.039,213.852,-64.4735],"direction":[-0.48494,0.0162364,-0.874397],"extended":true,"handId":344,"id":3444,"length":55.4885,"mcpPosition":[132.994,200.477,-9.37349],"pipPosition":[128.458,213.503,-45.686],"stabilizedTipPosition":[102.926,198.642,-65.615],"timeVisible":0.072646,"tipPosition":[104.099,205.249,-70.3834],"tipVelocity":[399.761,941.411,-489.275],"tool":false,"touchDistance":-0.544371,"touchZone":"touching","type":4,"width":16.8521},{"bases":[[[0.834934,-0.259905,-0.485113],[0.504253,0.714414,0.485121],[0.220486,-0.649664,0.727546]],[[0.859876,-0.363577,-0.358364],[0.474252,0.828719,0.297169],[0.18894,-0.425484,0.885023]],[[0.859876,-0.363577,-0.358364],[0.401002,0.915468,0.0333984],[0.315928,-0.172423,0.932984]],[[0.859876,-0.363577,-0.358364],[0.311003,0.929758,-0.197048],[0.404834,0.0579846,0.91255]]],"btipPosition":[54.3456,260.469,-78.4927],"carpPosition":[95.8852,187.882,60.0699],"dipPosition":[61.9441,261.558,-61.3647],"direction":[-0.315928,0.172423,-0.932984],"extended":true,"handId":344,"id":3441,"length":64.6029,"mcpPosition":[79.25,236.898,5.17801],"pipPosition":[70.3327,256.979,-36.5918],"stabilizedTipPosition":[64.7926,255.278,-59.1467],"timeVisible":0.072646,"tipPosition":[59.9197,267.794,-71.6612],"tipVelocity":[-74.4934,230.506,-234.177],"tool":false,"touchDistance":0.357271,"touchZone":"hovering","type":1,"width":20.3}],"r":[[0.999458,0.0228125,0.023748],[-0.023039,0.999691,0.00930576],[-0.0235283,-0.00984784,0.999675]],"s":0.936503,"t":[1.63271,15.4392,-7.38913],"timestamp":261185686746},{"currentFrameRate":26.9048,"devices":[],"gestures":[],"hands":[{"armBasis":[[0.776884,-0.201376,-0.596573],[0.45375,0.835945,0.308718],[0.436534,-0.510533,0.740807]],"armWidth":66.4077,"confidence":0.45315,"direction":[-0.00346824,0.714768,-0.699353],"elbow":[233.52,22.1709,267.689],"grabAngle":0.924116,"grabStrength":0,"id":344,"palmNormal":[-0.491979,-0.610084,-0.621091],"palmPosition":[98.4482,217.068,7.41651],"palmVelocity":[-69.6623,453.676,-269.87],"palmWidth":93.3132,"pinchDistance":55.2913,"pinchStrength":0.0453434,"r":[[0.998341,0.0402589,0.0411676],[-0.0412383,0.998879,0.0232251],[-0.0401865,-0.0248842,0.998882]],"s":0.918381,"sphereCenter":[53.0161,146.488,-79.9282],"sphereRadius":119.117,"stabilizedPalmPosition":[98.7484,213.507,9.44125],"t":[1.2652,24.9887,-12.6618],"timeVisible":0.092759,"type":"right","wrist":[112.646,163.534,62.5642]}],"id":205047,"interactionBox":{"center":[0,200,0],"size":[235.247,235.247,147.751]},"pointables":[{"bases":[[[0.78969,0.547565,0.276699],[-0.47928,0.269059,0.835403],[0.382989,-0.792326,0.47491]],[[0.728404,0.652939,0.207601],[-0.480013,0.270119,0.83464],[0.488892,-0.707606,0.510175]],[[0.728404,0.652939,0.207601],[-0.638895,0.53786,0.550018],[0.247468,-0.53327,0.808939]],[[0.728404,0.652939,0.207601],[-0.680406,0.65377,0.33111],[0.0804713,-0.382435,0.920472]]],"btipPosition":[40.3706,244.276,-28.0318],"carpPosition":[76.736,178.246,52.0498],"dipPosition":[42.4395,234.443,-4.36648],"direction":[-0.247468,0.53327,-0.808939],"extended":false,"handId":344,"id":3440,"length":57.2524,"mcpPosition":[76.736,178.246,52.0498],"pipPosition":[51.7086,214.469,25.9329],"stabilizedTipPosition":[43.1215,235.349,-16.7983],"timeVisible":0.092759,"tipPosition":[44.4746,242.999,-21.3531],"tipVelocity":[-197.09,321.496,-325.379],"tool":false,"touchDistance":0.901838,"touchZone":"hovering","type":0,"width":21.2521},{"bases":[[[0.78781,-0.423563,-0.447158],[0.607395,0.654634,0.450028],[0.10211,-0.626138,0.772997]],[[0.793226,-0.469012,-0.388355],[0.584539,0.76518,0.269839],[0.170604,-0.441053,0.881117]],[[0.793226,-0.469012,-0.388355],[0.468685,0.877417,-0.102342],[0.388749,-0.100836,0.915809]],[[0.793226,-0.469012,-0.388355],[0.343143,0.871154,-0.351203],[0.503036,0.145322,0.85196]]],"btipPosition":[66.2871,262.739,-99.602],"carpPosition":[105.155,194.435,48.5575],"dipPosition":[76.6717,265.739,-82.0142],"direction":[-0.388749,0.100836,-0.915809],"extended":true,"handId":344,"id":3442,"length":73.6098,"mcpPosition":[97.8494,239.235,-6.74991],"pipPosition":[88.8158,262.589,-53.4055],"stabilizedTipPosition":[65.8383,251.719,-90.1994],"timeVisible":0.092759,"tipPosition":[65.1142,254.649,-93.6096],"tipVelocity":[221.061,1054.3,-307.931],"tool":false,"touchDistance":-0.779466,"touchZone":"touching","type":2,"width":19.9373},{"bases":[[[0.746205,-0.559223,-0.361176],[0.665074,0.602406,0.441343],[-0.029235,-0.569541,0.821443]],[[0.746582,-0.549885,-0.37449],[0.647804,0.729068,0.220928],[0.151543,-0.407537,0.900527]],[[0.746582,-0.549885,-0.37449],[0.530292,0.831772,-0.16415],[0.401754,-0.0760377,0.912585]],[[0.746582,-0.549885,-0.37449],[0.391254,0.81816,-0.421348],[0.538086,0.16805,0.825968]]],"btipPosition":[86.6762,245.711,-98.9776],"carpPosition":[115.507,190.256,42.7167],"dipPosition":[97.7206,249.16,-82.0244],"direction":[-0.401754,0.0760377,-0.912585],"extended":true,"handId":344,"id":3443,"length":70.7778,"mcpPosition":[117.385,226.843,-10.0523],"pipPosition":[109.947,246.846,-54.2526],"stabilizedTipPosition":[85.3035,232.753,-88.2323],"timeVisible":0.092759,"tipPosition":[85.4093,237.954,-92.6079],"tipVelocity":[271.207,1078.73,-323.332],"tool":false,"touchDistance":-0.766289,"touchZone":"touching","type":3,"width":18.9716},{"bases":[[[0.61759,-0.713179,-0.331599],[0.767827,0.455393,0.450621],[-0.170366,-0.53291,0.828844]],[[0.623075,-0.694462,-0.359861],[0.779828,0.587076,0.217278],[0.0603742,-0.41601,0.907354]],[[0.623075,-0.694462,-0.359861],[0.668849,0.711583,-0.215152],[0.405485,-0.106637,0.90786]],[[0.623075,-0.694462,-0.359861],[0.514429,0.710421,-0.480276],[0.589186,0.114126,0.799897]]],"btipPosition":[110.271,227.677,-83.8633],"carpPosition":[122.354,179.698,35.3225],"dipPosition":[121.428,229.838,-68.7169],"direction":[-0.405485,0.106637,-0.90786],"extended":true,"handId":344,"id":3444,"length":55.4885,"mcpPosition":[132.485,211.388,-13.9652],"pipPosition":[130.14,227.547,-49.2103],"stabilizedTipPosition":[109.328,217.719,-75.1525],"timeVisible":0.092759,"tipPosition":[107.751,220.635,-77.2145],"tipVelocity":[232.704,867.792,-281.074],"tool":false,"touchDistance":-0.603066,"touchZone":"touching","type":4,"width":16.8521},{"bases":[[[0.857658,-0.217048,-0.466168],[0.464345,0.716374,0.520761],[0.22092,-0.663098,0.715189]],[[0.881555,-0.31735,-0.349499],[0.432218,0.840324,0.327175],[0.189863,-0.439483,0.877956]],[[0.881555,-0.31735,-0.349499],[0.347409,0.937377,0.025133],[0.319636,-0.143575,0.9366]],[[0.881555,-0.31735,-0.349499],[0.269218,0.946106,-0.180016],[0.387791,0.0646027,0.919481]]],"btipPosition":[52.3699,268.866,-83.6191],"carpPosition":[93.7643,195.495,53.9037],"dipPosition":[59.6485,270.079,-66.3611],"direction":[-0.319636,0.143575,-0.9366],"extended":true,"handId":344,"id":3441,"length":64.6029,"mcpPosition":[77.0964,245.524,-0.0558654],"pipPosition":[68.1356,266.266,-41.4921],"stabilizedTipPosition":[61.5981,259.399,-65.2402],"timeVisible":0.092759,"tipPosition":[58.3393,276.79,-76.972],"tipVelocity":[-101.889,418.892,-253.395],"tool":false,"touchDistance":0.287505,"touchZone":"hovering","type":1,"width":20.3}],"r":[[0.998341,0.0402589,0.0411676],[-0.0412383,0.998879,0.0232251],[-0.0401865,-0.0248842,0.998882]],"s":0.918381,"t":[1.2652,24.9887,-12.6618],"timestamp":261185706859},{"currentFrameRate":29.0953,"devices":[],"gestures":[],"hands":[{"armBasis":[[0.807985,-0.143009,-0.571584],[0.411425,0.831365,0.37358],[0.42177,-0.537011,0.730568]],"armWidth":66.4077,"confidence":0.533054,"direction":[-0.020643,0.73618,-0.676471],"elbow":[228.597,20.7921,260.018],"grabAngle":0.829622,"grabStrength":0,"id":344,"palmNormal":[-0.447083,-0.611992,-0.652367],"palmPosition":[96.667,224.278,4.05118],"palmVelocity":[-88.7321,359.2,-167.655],"palmWidth":93.3132,"pinchDistance":56.8106,"pinchStrength":0.00637367,"r":[[0.996161,0.0630941,0.0606751],[-0.0655948,0.997038,0.0401456],[-0.0579624,-0.0439715,0.99735]],"s":0.915117,"sphereCenter":[53.6623,146.044,-94.5328],"sphereRadius":131.723,"stabilizedPalmPosition":[97.1595,221.729,5.32662],"t":[0.190878,33.3685,-16.9808],"timeVisible":0.112832,"type":"right","wrist":[111.811,169.487,57.7279]}],"id":205048,"interactionBox":{"center":[0,200,0],"size":[235.247,235.247,147.751]},"pointables":[{"bases":[[[0.755701,0.574753,0.313967],[-0.511692,0.218949,0.830802],[0.408763,-0.788492,0.459557]],[[0.684288,0.688591,0.239983],[-0.510262,0.217047,0.83218],[0.520944,-0.691905,0.499885]],[[0.684288,0.688591,0.239983],[-0.678038,0.479714,0.556901],[0.268353,-0.543798,0.795154]],[[0.684288,0.688591,0.239983],[-0.72287,0.597244,0.347502],[0.095958,-0.411268,0.906449]]],"btipPosition":[36.5713,249.41,-31.8059],"carpPosition":[75.7579,183.048,46.8721],"dipPosition":[39.0384,238.837,-8.50106],"direction":[-0.268353,0.543798,-0.795154],"extended":false,"handId":344,"id":3440,"length":57.2524,"mcpPosition":[75.7579,183.048,46.8721],"pipPosition":[49.0897,218.468,21.282],"stabilizedTipPosition":[39.8385,241.731,-22.0924],"timeVisible":0.112832,"tipPosition":[41.7194,248.409,-25.39],"tipVelocity":[-184.711,247.301,-192.148],"tool":false,"touchDistance":0.787133,"touchZone":"hovering","type":0,"width":21.2521},{"bases":[[[0.878093,-0.161264,-0.450496],[0.416845,0.720073,0.554738],[0.234931,-0.674899,0.699513]],[[0.903044,-0.258446,-0.343099],[0.385696,0.839453,0.382828],[0.189075,-0.478042,0.857745]],[[0.903044,-0.258446,-0.343099],[0.307564,0.946626,0.0964515],[0.299859,-0.192625,0.934334]],[[0.903044,-0.258446,-0.343099],[0.247234,0.965903,-0.0768594],[0.351264,-0.0154182,0.93615]]],"btipPosition":[50.6896,279.894,-85.9354],"carpPosition":[91.8932,201.009,49.7035],"dipPosition":[57.2826,279.605,-68.3645],"direction":[-0.299859,0.192625,-0.934334],"extended":true,"handId":344,"id":3441,"length":64.6029,"mcpPosition":[74.1681,251.929,-3.07331],"pipPosition":[65.2445,274.49,-43.5557],"stabilizedTipPosition":[56.24,271.053,-74.7411],"timeVisible":0.112832,"tipPosition":[55.206,283.937,-79.8422],"tipVelocity":[-91.5663,532.205,-111.807],"tool":false,"touchDistance":0.285751,"touchZone":"hovering","type":1,"width":20.3},{"bases":[[[0.817746,-0.371338,-0.439772],[0.564353,0.667451,0.485813],[0.113125,-0.645459,0.755371]],[[0.823446,-0.413308,-0.388733],[0.547801,0.757601,0.354902],[0.14782,-0.505191,0.850254]],[[0.823446,-0.413308,-0.388733],[0.452642,0.891627,0.0108293],[0.342128,-0.184874,0.921287]],[[0.823446,-0.413308,-0.388733],[0.350713,0.909323,-0.2239],[0.446023,0.0480357,0.893731]]],"btipPosition":[67.6315,278.375,-101.676],"carpPosition":[103.448,200.659,44.6219],"dipPosition":[76.8391,279.367,-83.2257],"direction":[-0.342128,0.184874,-0.921287],"extended":true,"handId":344,"id":3442,"length":73.6098,"mcpPosition":[95.354,246.841,-9.42445],"pipPosition":[87.5268,273.591,-54.4458],"stabilizedTipPosition":[68.8962,272.739,-95.8546],"timeVisible":0.112832,"tipPosition":[65.9177,268.488,-96.8559],"tipVelocity":[53.4881,755.962,-93.4305],"tool":false,"touchDistance":-0.757984,"touchZone":"touching","type":2,"width":19.9373},{"bases":[[[0.780594,-0.511527,-0.359183],[0.624654,0.618299,0.476984],[-0.0219081,-0.596696,0.802168]],[[0.7809,-0.49571,-0.380087],[0.612712,0.726271,0.311632],[0.121567,-0.476237,0.870873]],[[0.7809,-0.49571,-0.380087],[0.51891,0.853533,-0.0470628],[0.347746,-0.160479,0.923753]],[[0.7809,-0.49571,-0.380087],[0.409621,0.865755,-0.28754],[0.471598,0.0688484,0.879122]]],"btipPosition":[89.3042,262.34,-101.51],"carpPosition":[114.126,197.163,38.9215],"dipPosition":[98.9839,263.753,-83.4657],"direction":[-0.347746,0.160479,-0.923753],"extended":true,"handId":344,"id":3443,"length":70.7778,"mcpPosition":[115.533,235.494,-12.6092],"pipPosition":[109.566,258.869,-55.354],"stabilizedTipPosition":[90.0099,255.361,-95.1308],"timeVisible":0.112832,"tipPosition":[87.2418,252.771,-96.1724],"tipVelocity":[115.284,805.115,-113.654],"tool":false,"touchDistance":-0.752214,"touchZone":"touching","type":3,"width":18.9716},{"bases":[[[0.658799,-0.672233,-0.337767],[0.734054,0.476049,0.484295],[-0.164765,-0.566993,0.807076]],[[0.665263,-0.64728,-0.372093],[0.746122,0.594381,0.300023],[0.0269658,-0.477221,0.878369]],[[0.665263,-0.64728,-0.372093],[0.663299,0.741175,-0.103413],[0.342723,-0.178012,0.922417]],[[0.665263,-0.64728,-0.372093],[0.539958,0.76131,-0.358961],[0.515626,0.0378891,0.855976]]],"btipPosition":[113.27,242.545,-86.7612],"carpPosition":[121.647,187.184,31.379],"dipPosition":[123.033,243.263,-70.5529],"direction":[-0.342723,0.178012,-0.922417],"extended":true,"handId":344,"id":3444,"length":55.4885,"mcpPosition":[131.445,220.901,-16.6144],"pipPosition":[130.397,239.438,-50.7336],"stabilizedTipPosition":[114.02,236.671,-81.1289],"timeVisible":0.112832,"tipPosition":[109.804,234.019,-80.8949],"tipVelocity":[133.432,724.148,-132.201],"tool":false,"touchDistance":-0.610898,"touchZone":"touching","type":4,"width":16.8521}],"r":[[0.996161,0.0630941,0.0606751],[-0.0655948,0.997038,0.0401456],[-0.0579624,-0.0439715,0.99735]],"s":0.915117,"t":[0.190878,33.3685,-16.9808],"timestamp":261185726932},{"currentFrameRate":31.07,"devices":[],"gestures":[],"hands":[{"armBasis":[[0.825262,-0.11676,-0.552549],[0.392956,0.821431,0.413324],[0.405621,-0.558228,0.723777]],"armWidth":66.4077,"confidence":0.604598,"direction":[-0.0347748,0.753491,-0.656537],"elbow":[222.702,19.5482,253.446],"grabAngle":0.709411,"grabStrength":0,"id":344,"palmNormal":[-0.429203,-0.604528,-0.671067],"palmPosition":[94.5139,230.054,0.753224],"palmVelocity":[-107.049,287.175,-163.963],"palmWidth":93.3132,"pinchDistance":59.138,"pinchStrength":0,"r":[[0.993288,0.0853958,0.0780136],[-0.0900753,0.994211,0.0585701],[-0.0725603,-0.0652041,0.99523]],"s":0.92155,"sphereCenter":[48.923,141.111,-111.287],"sphereRadius":149.511,"stabilizedPalmPosition":[95.1262,228.128,1.81165],"t":[-1.42287,40.4465,-20.7893],"timeVisible":0.132946,"type":"right","wrist":[110.388,174.118,53.0364]}],"id":205049,"interactionBox":{"center":[0,200,0],"size":[235.247,235.247,147.751]},"pointables":[{"bases":[[[0.740284,0.583736,0.333514],[-0.520841,0.184292,0.833523],[0.425094,-0.790752,0.440462]],[[0.661969,0.703709,0.258052],[-0.518691,0.18156,0.835461],[0.541069,-0.686899,0.485195]],[[0.661969,0.703709,0.258052],[-0.691753,0.441039,0.571806],[0.288574,-0.557026,0.778747]],[[0.661969,0.703709,0.258052],[-0.740536,0.560862,0.370191],[0.115775,-0.436152,0.892394]]],"btipPosition":[32.8946,254.442,-34.6171],"carpPosition":[74.3783,187.201,42.3329],"dipPosition":[35.8711,243.229,-11.6737],"direction":[-0.288574,0.557026,-0.778747],"extended":false,"handId":344,"id":3440,"length":57.2524,"mcpPosition":[74.3783,187.201,42.3329],"pipPosition":[46.6799,222.365,17.4948],"stabilizedTipPosition":[35.8774,248.143,-26.679],"timeVisible":0.132946,"tipPosition":[38.7731,253.545,-28.4032],"tipVelocity":[-176.969,242.841,-143.899],"tool":false,"touchDistance":0.698337,"touchZone":"hovering","type":0,"width":21.2521},{"bases":[[[0.883887,-0.12827,-0.449767],[0.39689,0.714463,0.576213],[0.247431,-0.687815,0.682413]],[[0.910518,-0.227186,-0.345462],[0.369421,0.822254,0.432927],[0.185703,-0.521809,0.832604]],[[0.910518,-0.227186,-0.345462],[0.307062,0.931075,0.197008],[0.276893,-0.285457,0.917521]],[[0.910518,-0.227186,-0.345462],[0.265075,0.961964,0.0660307],[0.317321,-0.151695,0.936107]]],"btipPosition":[49.3278,292.403,-86.9789],"carpPosition":[90.0685,205.454,45.7361],"dipPosition":[55.2837,289.556,-69.4088],"direction":[-0.276893,0.285457,-0.917521],"extended":true,"handId":344,"id":3441,"length":64.6029,"mcpPosition":[71.4003,257.349,-5.75058],"pipPosition":[62.6358,281.976,-45.0464],"stabilizedTipPosition":[52.2832,285.828,-80.5928],"timeVisible":0.132946,"tipPosition":[51.6874,291.179,-82.0662],"tipVelocity":[-74.9888,592.623,-51.8883],"tool":false,"touchDistance":0.300526,"touchZone":"hovering","type":1,"width":20.3},{"bases":[[[0.828492,-0.339923,-0.445032],[0.545943,0.667217,0.506721],[0.124687,-0.662777,0.738363]],[[0.834619,-0.380274,-0.398502],[0.533225,0.739214,0.411381],[0.138141,-0.555838,0.819733]],[[0.834619,-0.380274,-0.398502],[0.455466,0.883303,0.111024],[0.309778,-0.274167,0.910423]],[[0.834619,-0.380274,-0.398502],[0.383854,0.920395,-0.0743549],[0.395054,-0.0909084,0.914149]]],"btipPosition":[67.5849,292.809,-102.835],"carpPosition":[101.653,205.515,40.7114],"dipPosition":[75.7403,290.932,-83.9637],"direction":[-0.309778,0.274167,-0.910423],"extended":true,"handId":344,"id":3442,"length":73.6098,"mcpPosition":[92.732,252.936,-12.118],"pipPosition":[85.4174,282.368,-55.5233],"stabilizedTipPosition":[69.3839,289.708,-98.136],"timeVisible":0.132946,"tipPosition":[65.2589,281.505,-98.9015],"tipVelocity":[-14.3497,684.823,-52.8298],"tool":false,"touchDistance":-0.726458,"touchZone":"touching","type":2,"width":19.9373},{"bases":[[[0.794282,-0.483075,-0.368449],[0.607437,0.619759,0.49691],[-0.0116957,-0.618496,0.785701]],[[0.794237,-0.462498,-0.394058],[0.597795,0.710876,0.370535],[0.108755,-0.529859,0.841084]],[[0.794237,-0.462498,-0.394058],[0.520534,0.852454,0.0486445],[0.313419,-0.243756,0.917797]],[[0.794237,-0.462498,-0.394058],[0.44122,0.884894,-0.14929],[0.417746,-0.0552949,0.90688]]],"btipPosition":[89.7402,276.718,-103.321],"carpPosition":[112.439,202.427,34.9787],"dipPosition":[98.3146,275.583,-84.7072],"direction":[-0.313419,0.243756,-0.917797],"extended":true,"handId":344,"id":3443,"length":70.7778,"mcpPosition":[113.191,242.159,-15.4942],"pipPosition":[107.853,268.165,-56.7768],"stabilizedTipPosition":[91.4459,273.155,-98.4281],"timeVisible":0.132946,"tipPosition":[87.0165,265.797,-98.8184],"tipVelocity":[9.03902,685.714,-83.5372],"tool":false,"touchDistance":-0.73053,"touchZone":"touching","type":3,"width":18.9716},{"bases":[[[0.676232,-0.64713,-0.352041],[0.720146,0.479984,0.501003],[-0.15524,-0.592316,0.790609]],[[0.683554,-0.614594,-0.393737],[0.729673,0.588846,0.347617],[0.018207,-0.524914,0.85096]],[[0.683554,-0.614594,-0.393737],[0.661656,0.749506,-0.0212431],[0.308164,-0.245998,0.918978]],[[0.683554,-0.614594,-0.393737],[0.566453,0.786878,-0.244855],[0.460309,-0.0556622,0.886012]]],"btipPosition":[113.419,254.787,-89.3785],"carpPosition":[120.232,192.836,27.2126],"dipPosition":[122.135,253.733,-72.6014],"direction":[-0.308164,0.245998,-0.918978],"extended":true,"handId":344,"id":3444,"length":55.4885,"mcpPosition":[129.463,228.058,-19.8015],"pipPosition":[128.756,248.448,-52.856],"stabilizedTipPosition":[115.192,251.598,-84.7958],"timeVisible":0.132946,"tipPosition":[109.474,245.018,-84.1915],"tipVelocity":[-4.56913,588.381,-123.619],"tool":false,"touchDistance":-0.615438,"touchZone":"touching","type":4,"width":16.8521}],"r":[[0.993288,0.0853958,0.0780136],[-0.0900753,0.994211,0.0585701],[-0.0725603,-0.0652041,0.99523]],"s":0.92155,"t":[-1.42287,40.4465,-20.7893],"timestamp":261185747046},{"currentFrameRate":32.8387,"devices":[],"gestures":[],"hands":[{"armBasis":[[0.83852,-0.109175,-0.533821],[0.385902,0.810645,0.44038],[0.384661,-0.575271,0.721872]],"armWidth":66.4077,"confidence":0.667876,"direction":[-0.0554778,0.761535,-0.645745],"elbow":[215.823,18.9443,249.314],"grabAngle":0.597819,"grabStrength":0,"id":344,"palmNormal":[-0.424304,-0.603419,-0.675167],"palmPosition":[92.327,234.671,-1.96889],"palmVelocity":[-108.14,228.295,-134.605],"palmWidth":93.3132,"pinchDistance":61.5875,"pinchStrength":0,"r":[[0.990188,0.106464,0.0905212],[-0.113448,0.990644,0.0758543],[-0.0815986,-0.0853794,0.993002]],"s":0.935335,"sphereCenter":[42.5018,131.538,-128.65],"sphereRadius":170.76,"stabilizedPalmPosition":[92.9583,233.195,-1.11617],"t":[-3.3232,46.2939,-24.0546],"timeVisible":0.153169,"type":"right","wrist":[109.313,178.233,49.4325]}],"id":205050,"interactionBox":{"center":[0,200,0],"size":[235.247,235.247,147.751]},"pointables":[{"bases":[[[0.732378,0.593134,0.334388],[-0.515982,0.16302,0.840944],[0.444281,-0.788427,0.425438]],[[0.645377,0.719509,0.256508],[-0.515399,0.162321,0.841437],[0.563784,-0.675247,0.475592]],[[0.645377,0.719509,0.256508],[-0.694893,0.413569,0.58829],[0.317196,-0.557914,0.766889]],[[0.645377,0.719509,0.256508],[-0.749509,0.531682,0.394398],[0.147392,-0.44679,0.882414]]],"btipPosition":[28.8842,257.833,-36.549],"carpPosition":[73.4157,190.882,39.2088],"dipPosition":[32.6736,246.346,-13.8621],"direction":[-0.317196,0.557914,-0.766889],"extended":false,"handId":344,"id":3440,"length":57.2524,"mcpPosition":[73.4157,190.882,39.2088],"pipPosition":[44.5544,225.449,14.8623],"stabilizedTipPosition":[31.5395,253.138,-29.9755],"timeVisible":0.153169,"tipPosition":[35.4453,257.332,-30.3365],"tipVelocity":[-189.063,164.588,-98.4441],"tool":false,"touchDistance":0.631974,"touchZone":"hovering","type":0,"width":21.2521},{"bases":[[[0.881673,-0.105314,-0.459959],[0.388986,0.713998,0.582149],[0.267101,-0.692182,0.670478]],[[0.910979,-0.204051,-0.358441],[0.365532,0.80198,0.472455],[0.191058,-0.561418,0.805175]],[[0.910979,-0.204051,-0.358441],[0.312917,0.908083,0.278331],[0.2687,-0.365716,0.891096]],[[0.910979,-0.204051,-0.358441],[0.270717,0.951465,0.146382],[0.311174,-0.230387,0.922004]]],"btipPosition":[46.6465,302.138,-86.8417],"carpPosition":[88.