{"frames":199,"data":[{"currentFrameRate":25.1439,"devices":[],"gestures":[],"hands":[],"id":205467,"interactionBox":{"center":[0,200,0],"size":[235.247,235.247,147.751]},"pointables":[],"r":[[-0.0794966,-0.728761,-0.680138],[0.446709,0.583909,-0.677865],[0.891141,-0.357712,0.279125]],"s":-5.62558,"t":[894.675,787.691,741.58],"timestamp":261199794758},{"currentFrameRate":25.2777,"devices":[],"gestures":[],"hands":[],"id":205468,"interactionBox":{"center":[0,200,0],"size":[235.247,235.247,147.751]},"pointables":[],"r":[[-0.0794966,-0.728761,-0.680138],[0.446709,0.583909,-0.677865],[0.891141,-0.357712,0.279125]],"s":-5.62558,"t":[894.675,787.691,741.58],"timestamp":261199833359},{"currentFrameRate":25.4044,"devices":[],"gestures":[],"hands":[],"id":205469,"interactionBox":{"center":[0,200,0],"size":[235.247,235.247,147.751]},"pointables":[],"r":[[-0.0794966,-0.728761,-0.680138],[0.446709,0.583909,-0.677865],[0.891141,-0.357712,0.279125]],"s":-5.62558,"t":[894.675,787.691,741.58],"timestamp":261199871817},{"currentFrameRate":25.4996,"devices":[],"gestures":[],"hands":[],"id":205470,"interactionBox":{"center":[0,200,0],"size":[235.247,235.247,147.751]},"pointables":[],"r":[[-0.0794966,-0.728761,-0.680138],[0.446709,0.583909,-0.677865],[0.891141,-0.357712,0.279125]],"s":-5.62558,"t":[894.675,787.691,741.58],"timestamp":261199910357},{"currentFrameRate":25.5759,"devices":[],"gestures":[],"hands":[],"id":205471,"interactionBox":{"center":[0,200,0],"size":[235.247,235.247,147.751]},"pointables":[],"r":[[-0.0794966,-0.728761,-0.680138],[0.446709,0.583909,-0.677865],[0.891141,-0.357712,0.279125]],"s":-5.62558,"t":[894.675,787.691,741.58],"timestamp":261199948915},{"currentFrameRate":25.6353,"devices":[],"gestures":[],"hands":[],"id":205472,"interactionBox":{"center":[0,200,0],"size":[235.247,235.247,147.751]},"pointables":[],"r":[[-0.0794966,-0.728761,-0.680138],[0.446709,0.583909,-0.677865],[0.891141,-0.357712,0.279125]],"s":-5.62558,"t":[894.675,787.691,741.58],"timestamp":261199987504},{"currentFrameRate":25.6646,"devices":[],"gestures":[],"hands":[],"id":205473,"interactionBox":{"center":[0,200,0],"size":[235.247,235.247,147.751]},"pointables":[],"r":[[-0.0794966,-0.728761,-0.680138],[0.446709,0.583909,-0.677865],[0.891141,-0.357712,0.279125]],"s":-5.62558,"t":[894.675,787.691,741.58],"timestamp":261200026261},{"currentFrameRate":25.717,"devices":[],"gestures":[],"hands":[],"id":205474,"interactionBox":{"center":[0,200,0],"size":[235.247,235.247,147.751]},"pointables":[],"r":[[-0.0794966,-0.728761,-0.680138],[0.446709,0.583909,-0.677865],[0.891141,-0.357712,0.279125]],"s":-5.62558,"t":[894.675,787.691,741.58],"timestamp":261200064776},{"currentFrameRate":18.2806,"devices":[],"gestures":[],"hands":[{"armBasis":[[0.698735,-0.217566,-0.681494],[0.291497,0.95655,-0.00650524],[0.653298,-0.194108,0.731794]],"armWidth":65.3469,"confidence":0,"direction":[0.00284479,0.850234,-0.526397],"elbow":[297.098,105.044,283.768],"grabAngle":0.249153,"grabStrength":0,"id":345,"palmNormal":[-0.502151,-0.454004,-0.73602],"palmPosition":[99.1889,219.093,36.2164],"palmVelocity":[1.19209e-7,1.19209e-7,1.19209e-7],"palmWidth":93.3132,"pinchDistance":59.2091,"pinchStrength":0,"r":[[1,-7.45931e-18,-1.80411e-17],[7.45931e-18,1,-2.22045e-17],[1.80411e-17,2.22045e-17,1]],"s":1,"sphereCenter":[80.3889,186.969,-65.9647],"sphereRadius":114.445,"stabilizedPalmPosition":[99.1889,219.093,36.2164],"t":[0,0,0],"timeVisible":0,"type":"right","wrist":[116.204,158.791,81.1387]}],"id":205475,"interactionBox":{"center":[0,200,0],"size":[235.247,235.247,147.751]},"pointables":[{"bases":[[[0.797676,0.464773,0.384316],[-0.472507,0.0856373,0.877156],[0.374767,-0.881279,0.287919]],[[0.719099,0.61288,0.327529],[-0.514559,0.152845,0.843722],[0.467039,-0.775253,0.425273]],[[0.719099,0.61288,0.327529],[-0.655438,0.441606,0.612687],[0.230865,-0.655257,0.719263]],[[0.719099,0.61288,0.327529],[-0.692476,0.5926,0.411463],[0.058084,-0.522689,0.850543]]],"btipPosition":[43.7869,246.858,4.10616],"carpPosition":[77.1621,171.714,71.4407],"dipPosition":[45.181,234.313,24.5202],"direction":[-0.230865,0.655257,-0.719263],"extended":false,"handId":345,"id":3450,"length":53.447,"mcpPosition":[77.1621,171.714,71.4407],"pipPosition":[53.2534,211.401,49.67],"stabilizedTipPosition":[44.1075,243.972,8.80138],"timeVisible":0,"tipPosition":[44.1075,243.972,8.80138],"tipVelocity":[1.19209e-7,1.19209e-7,1.19209e-7],"tool":false,"touchDistance":1,"touchZone":"none","type":0,"width":20.767},{"bases":[[[0.852976,-0.119886,-0.507995],[0.475473,0.57995,0.661501],[0.215307,-0.805782,0.551686]],[[0.87138,-0.207113,-0.444749],[0.478586,0.558306,0.677679],[0.10795,-0.803367,0.585618]],[[0.87138,-0.207113,-0.444749],[0.463279,0.645706,0.606989],[0.161462,-0.734961,0.658606]],[[0.87138,-0.207113,-0.444749],[0.435729,0.743326,0.50755],[0.225473,-0.636059,0.737964]]],"btipPosition":[65.4619,313.498,-19.7787],"carpPosition":[94.4156,187.945,76.9025],"dipPosition":[69.4127,302.353,-6.84826],"direction":[-0.161462,0.734961,-0.658606],"extended":true,"handId":345,"id":3451,"length":60.309,"mcpPosition":[78.1711,248.739,35.2789],"pipPosition":[73.4149,284.135,9.47696],"stabilizedTipPosition":[66.3706,310.934,-16.8047],"timeVisible":0,"tipPosition":[66.3706,310.934,-16.8047],"tipVelocity":[1.19209e-7,1.19209e-7,1.19209e-7],"tool":false,"touchDistance":1,"touchZone":"none","type":1,"width":19.8367},{"bases":[[[0.780585,-0.324747,-0.534066],[0.617445,0.533501,0.578047],[0.0972061,-0.780971,0.616957]],[[0.783217,-0.348737,-0.514736],[0.61975,0.504222,0.60139],[0.049814,-0.790027,0.611045]],[[0.783217,-0.348737,-0.514736],[0.605809,0.614302,0.505598],[0.139883,-0.707824,0.6924]],[[0.783217,-0.348737,-0.514736],[0.586171,0.690201,0.424295],[0.207304,-0.634039,0.744997]]],"btipPosition":[88.279,315.737,-37.5186],"carpPosition":[105.771,187.946,71.3783],"dipPosition":[92.2741,303.518,-23.1612],"direction":[-0.139883,0.707824,-0.6924],"extended":true,"handId":345,"id":3452,"length":68.7173,"mcpPosition":[98.8158,243.824,27.2355],"pipPosition":[96.3534,282.876,-2.96915],"stabilizedTipPosition":[89.1979,312.927,-34.2164],"timeVisible":0,"tipPosition":[89.1979,312.927,-34.2164],"tipVelocity":[1.19209e-7,1.19209e-7,1.19209e-7],"tool":false,"touchDistance":1,"touchZone":"none","type":2,"width":19.4822},{"bases":[[[0.7376,-0.475421,-0.479501],[0.674421,0.483769,0.557785],[-0.0332155,-0.734808,0.677462]],[[0.738308,-0.449643,-0.502715],[0.673367,0.448913,0.587413],[-0.0384511,-0.772204,0.634211]],[[0.738308,-0.449643,-0.502715],[0.671367,0.561282,0.483971],[0.064551,-0.694826,0.716275]],[[0.738308,-0.449643,-0.502715],[0.655966,0.65207,0.380149],[0.156874,-0.610431,0.776379]]],"btipPosition":[115.101,299.047,-43.1072],"carpPosition":[116.045,185.025,64.6974],"dipPosition":[118.107,287.35,-28.2309],"direction":[-0.064551,0.694826,-0.716275],"extended":true,"handId":345,"id":3453,"length":66.0735,"mcpPosition":[118.179,232.228,21.1777],"pipPosition":[119.941,267.611,-7.88205],"stabilizedTipPosition":[115.792,296.357,-39.6856],"timeVisible":0,"tipPosition":[115.792,296.357,-39.6856],"tipVelocity":[1.19209e-7,1.19209e-7,1.19209e-7],"tool":false,"touchDistance":0.938049,"touchZone":"hovering","type":3,"width":18.5386},{"bases":[[[0.607157,-0.630626,-0.483396],[0.775332,0.337102,0.534061],[-0.173839,-0.699052,0.693619]],[[0.615312,-0.593747,-0.518513],[0.771644,0.319241,0.550137],[-0.161111,-0.738614,0.654594]],[[0.615312,-0.593747,-0.518513],[0.788233,0.455979,0.413245],[-0.00893173,-0.662984,0.74858]],[[0.615312,-0.593747,-0.518513],[0.782765,0.537914,0.312933],[0.0931128,-0.598426,0.795749]]],"btipPosition":[137.441,268.488,-38.9337],"carpPosition":[122.728,176.258,55.1312],"dipPosition":[139.087,257.909,-24.8673],"direction":[0.00893173,0.662984,-0.74858],"extended":true,"handId":345,"id":3454,"length":51.8004,"mcpPosition":[133.066,217.827,13.8847],"pipPosition":[138.908,244.611,-9.85214],"stabilizedTipPosition":[137.82,266.055,-35.6984],"timeVisible":0,"tipPosition":[137.82,266.055,-35.6984],"tipVelocity":[1.19209e-7,1.19209e-7,1.19209e-7],"tool":false,"touchDistance":0.997857,"touchZone":"hovering","type":4,"width":16.4674}],"r":[[1,-7.45931e-18,-1.80411e-17],[7.45931e-18,1,-2.22045e-17],[1.80411e-17,2.22045e-17,1]],"s":1,"t":[0,0,0],"timestamp":261200180141},{"currentFrameRate":19.6271,"devices":[],"gestures":[],"hands":[{"armBasis":[[0.731267,-0.178134,-0.65842],[0.323739,0.940284,0.105165],[0.600368,-0.29006,0.745267]],"armWidth":66.4077,"confidence":0.20023,"direction":[0.0152765,0.863774,-0.503647],"elbow":[280.899,87.8132,280.861],"grabAngle":0.398403,"grabStrength":0,"id":345,"palmNormal":[-0.483813,-0.434427,-0.759735],"palmPosition":[99.3155,230.249,31.0739],"palmVelocity":[3.28532,289.527,-133.473],"palmWidth":93.3132,"pinchDistance":60.2425,"pinchStrength":0,"r":[[0.999988,-0.0000303849,0.00488301],[0.00000471878,0.999986,0.00525614],[-0.0048831,-0.00525606,0.999974]],"s":0.986298,"sphereCenter":[19.1581,135.354,-145.349],"sphereRadius":217.87,"stabilizedPalmPosition":[99.2419,223.757,34.0667],"t":[0.06329,5.5776,-2.57129],"timeVisible":0.038529,"type":"right","wrist":[114.661,168.129,74.5012]}],"id":205476,"interactionBox":{"center":[0,200,0],"size":[235.247,235.247,147.751]},"pointables":[{"bases":[[[0.78783,0.454391,0.415756],[-0.493819,0.062627,0.867306],[0.368059,-0.888598,0.273726]],[[0.741314,0.551671,0.382247],[-0.515724,0.10374,0.850451],[0.429515,-0.827585,0.361414]],[[0.741314,0.551671,0.382247],[-0.641055,0.413348,0.646678],[0.198752,-0.724433,0.660072]],[[0.741314,0.551671,0.382247],[-0.670166,0.577473,0.466264],[0.0364867,-0.601817,0.7978]]],"btipPosition":[46.0885,266.936,0.756277],"carpPosition":[76.4587,181.963,64.4927],"dipPosition":[47.0265,251.463,21.2677],"direction":[-0.198752,0.724433,-0.660072],"extended":false,"handId":345,"id":3450,"length":57.2524,"mcpPosition":[76.4587,181.963,64.4927],"pipPosition":[54.4709,224.329,45.9911],"stabilizedTipPosition":[46.1279,261.819,5.74104],"timeVisible":0.038529,"tipPosition":[45.4592,258.822,3.96841],"tipVelocity":[57.014,503.64,-86.3628],"tool":false,"touchDistance":1,"touchZone":"none","type":0,"width":21.2521},{"bases":[[[0.865181,-0.106624,-0.489994],[0.4589,0.562293,0.687922],[0.202171,-0.820035,0.535415]],[[0.883488,-0.206764,-0.420354],[0.457482,0.573887,0.679238],[0.100793,-0.792403,0.601613]],[[0.883488,-0.206764,-0.420354],[0.424646,0.732367,0.532273],[0.197798,-0.648758,0.734839]],[[0.883488,-0.206764,-0.420354],[0.384496,0.832656,0.398556],[0.267603,-0.513744,0.815142]]],"btipPosition":[63.2805,324.179,-32.8025],"carpPosition":[93.5657,198.042,70.7988],"dipPosition":[68.3032,314.537,-17.5028],"direction":[-0.197798,0.648758,-0.734839],"extended":true,"handId":345,"id":3451,"length":64.6029,"mcpPosition":[78.3123,259.912,30.4028],"pipPosition":[73.5552,297.311,2.00889],"stabilizedTipPosition":[65.9122,313.547,-19.7612],"timeVisible":0.038529,"tipPosition":[66.2628,322.784,-24.3409],"tipVelocity":[-50.219,286.198,-323.882],"tool":false,"touchDistance":0.999287,"touchZone":"hovering","type":1,"width":20.3},{"bases":[[[0.793547,-0.310718,-0.523199],[0.60289,0.518032,0.606768],[0.0825001,-0.79693,0.598411]],[[0.795941,-0.338315,-0.502016],[0.602766,0.519781,0.605393],[0.0561246,-0.784456,0.61764]],[[0.795941,-0.338315,-0.502016],[0.575154,0.681345,0.452733],[0.18888,-0.649085,0.736894]],[[0.795941,-0.338315,-0.502016],[0.547356,0.756438,0.358055],[0.258609,-0.559772,0.787259]]],"btipPosition":[84.9387,328.577,-49.2367],"carpPosition":[105.052,198.187,65.5553],"dipPosition":[90.2774,317.021,-32.9846],"direction":[-0.18888,0.649085,-0.736894],"extended":true,"handId":345,"id":3452,"length":73.6098,"mcpPosition":[99.1496,255.207,22.7394],"pipPosition":[96.1777,296.744,-9.96496],"stabilizedTipPosition":[87.9878,318.113,-38.7203],"timeVisible":0.038529,"tipPosition":[88.8258,325.91,-40.8742],"tipVelocity":[-78.6754,337.208,-292.827],"tool":false,"touchDistance":0.782177,"touchZone":"hovering","type":2,"width":19.9373},{"bases":[[[0.749317,-0.462767,-0.473677],[0.660367,0.46884,0.586604],[-0.0493822,-0.752353,0.656907]],[[0.750788,-0.42804,-0.503089],[0.660536,0.483182,0.574653],[-0.00289061,-0.763752,0.645504]],[[0.750788,-0.42804,-0.503089],[0.646273,0.633466,0.425502],[0.136558,-0.644595,0.75223]],[[0.750788,-0.42804,-0.503089],[0.621431,0.715901,0.318291],[0.223921,-0.551604,0.803488]]],"btipPosition":[110.051,312.196,-54.2132],"carpPosition":[115.488,195.44,59.0528],"dipPosition":[114.647,300.874,-37.7214],"direction":[-0.136558,0.644595,-0.75223],"extended":true,"handId":345,"id":3453,"length":70.7778,"mcpPosition":[118.661,243.771,16.8536],"pipPosition":[118.802,281.258,-14.8295],"stabilizedTipPosition":[113.623,302.487,-44.6573],"timeVisible":0.038529,"tipPosition":[114.599,309.532,-46.1617],"tipVelocity":[-121.589,343.525,-278.607],"tool":false,"touchDistance":0.716561,"touchZone":"hovering","type":3,"width":18.9716},{"bases":[[[0.619084,-0.617796,-0.484833],[0.7619,0.322833,0.561505],[-0.190375,-0.717013,0.670559]],[[0.631549,-0.562652,-0.53345],[0.770502,0.378742,0.512719],[-0.0864423,-0.734831,0.672719]],[[0.631549,-0.562652,-0.53345],[0.767429,0.551647,0.326709],[0.110452,-0.615718,0.780187]],[[0.631549,-0.562652,-0.53345],[0.744756,0.631555,0.215585],[0.215603,-0.533442,0.817896]]],"btipPosition":[130.63,281.439,-48.8312],"carpPosition":[122.407,186.927,49.4256],"dipPosition":[134.713,271.338,-33.344],"direction":[-0.110452,0.615718,-0.780187],"extended":true,"handId":345,"id":3454,"length":55.4885,"mcpPosition":[133.728,229.565,9.55032],"pipPosition":[137.086,258.108,-16.5806],"stabilizedTipPosition":[134.521,272.948,-40.7495],"timeVisible":0.038529,"tipPosition":[135.83,279.096,-41.7691],"tipVelocity":[-162.237,338.994,-248.404],"tool":false,"touchDistance":0.787843,"touchZone":"hovering","type":4,"width":16.8521}],"r":[[0.999988,-0.0000303849,0.00488301],[0.00000471878,0.999986,0.00525614],[-0.0048831,-0.00525606,0.999974]],"s":0.986298,"t":[0.06329,5.5776,-2.57129],"timestamp":261200218670},{"currentFrameRate":21.1401,"devices":[],"gestures":[],"hands":[{"armBasis":[[0.753012,-0.166645,-0.636555],[0.37079,0.906644,0.201273],[0.543588,-0.387589,0.744504]],"armWidth":66.4077,"confidence":0.36543,"direction":[0.0132266,0.87322,-0.487147],"elbow":[262.875,72.0462,272.86],"grabAngle":0.387835,"grabStrength":0,"id":345,"palmNormal":[-0.505272,-0.414575,-0.756854],"palmPosition":[97.7251,243.064,24.9645],"palmVelocity":[-46.5046,374.73,-178.638],"palmWidth":93.3132,"pinchDistance":61.0153,"pinchStrength":0,"r":[[0.999989,-0.00213935,0.0042796],[0.00208222,0.999909,0.0133101],[-0.00430769,-0.013301,0.999902]],"s":0.983155,"sphereCenter":[17.1123,134.809,-169.602],"sphereRadius":237.985,"stabilizedPalmPosition":[98.0942,238.365,27.1798],"t":[-0.700294,14.7743,-6.91164],"timeVisible":0.072729,"type":"right","wrist":[112.359,179.367,66.7115]}],"id":205477,"interactionBox":{"center":[0,200,0],"size":[235.247,235.247,147.751]},"pointables":[{"bases":[[[0.801722,0.438126,0.406555],[-0.47362,0.0507668,0.879265],[0.364589,-0.897479,0.248206]],[[0.733755,0.574914,0.362047],[-0.506412,0.107547,0.855558],[0.452935,-0.811115,0.370057]],[[0.733755,0.574914,0.362047],[-0.637768,0.399138,0.658742],[0.234213,-0.714257,0.659531]],[[0.733755,0.574914,0.362047],[-0.673445,0.544957,0.499494],[0.0898663,-0.610325,0.787037]]],"btipPosition":[40.8374,278.341,-5.92725],"carpPosition":[75.1072,194.374,57.9547],"dipPosition":[43.1479,262.649,14.3075],"direction":[-0.234213,0.714257,-0.659531],"extended":false,"handId":345,"id":3450,"length":57.2524,"mcpPosition":[75.1072,194.374,57.9547],"pipPosition":[51.9205,235.896,39.0107],"stabilizedTipPosition":[41.7098,273.806,-0.770687],"timeVisible":0.072729,"tipPosition":[43.0086,273.235,-0.600909],"tipVelocity":[-144.309,331.998,-197.286],"tool":false,"touchDistance":1,"touchZone":"none","type":0,"width":21.2521},{"bases":[[[0.85283,-0.1059,-0.511338],[0.480125,0.544064,0.688095],[0.205331,-0.832334,0.514839]],[[0.872546,-0.215515,-0.438425],[0.471463,0.606619,0.640106],[0.128004,-0.765223,0.63091]],[[0.872546,-0.215515,-0.438425],[0.439233,0.738945,0.510915],[0.213862,-0.638368,0.739425]],[[0.872546,-0.215515,-0.438425],[0.395392,0.838625,0.374663],[0.286929,-0.500261,0.816952]]],"btipPosition":[59.9242,335.404,-39.4057],"carpPosition":[92.5213,210.151,64.1817],"dipPosition":[65.3097,326.014,-24.072],"direction":[-0.213862,0.638368,-0.739425],"extended":true,"handId":345,"id":3451,"length":64.6029,"mcpPosition":[77.0295,272.948,25.3381],"pipPosition":[70.9882,309.064,-4.43851],"stabilizedTipPosition":[63.5004,323.55,-27.9461],"timeVisible":0.072729,"tipPosition":[63.6117,336.055,-29.8999],"tipVelocity":[-95.698,329.909,-192.846],"tool":false,"touchDistance":0.833761,"touchZone":"hovering","type":1,"width":20.3},{"bases":[[[0.778301,-0.308566,-0.546841],[0.621786,0.499921,0.602877],[0.0873502,-0.809238,0.580951]],[[0.78167,-0.348226,-0.517427],[0.619809,0.526152,0.582238],[0.0694948,-0.775824,0.627111]],[[0.78167,-0.348226,-0.517427],[0.594917,0.665381,0.450934],[0.187259,-0.660308,0.727274]],[[0.78167,-0.348226,-0.517427],[0.568334,0.739392,0.360966],[0.256884,-0.576227,0.775869]]],"btipPosition":[82.8064,341.784,-54.8242],"carpPosition":[103.889,210.28,58.6844],"dipPosition":[88.1095,329.888,-38.8073],"direction":[-0.187259,0.660308,-0.727274],"extended":true,"handId":345,"id":3452,"length":73.6098,"mcpPosition":[97.639,268.181,17.1177],"pipPosition":[93.9592,309.261,-16.0881],"stabilizedTipPosition":[85.0417,333.681,-47.9564],"timeVisible":0.072729,"tipPosition":[86.3082,340.059,-45.6922],"tipVelocity":[-62.5866,383.885,-164.959],"tool":false,"touchDistance":0.652669,"touchZone":"hovering","type":2,"width":19.9373},{"bases":[[[0.73357,-0.461091,-0.49927],[0.678271,0.450547,0.58048],[-0.0427094,-0.764462,0.643252]],[[0.734504,-0.438589,-0.517826],[0.678603,0.476287,0.55915],[0.0013968,-0.762096,0.647462]],[[0.734504,-0.438589,-0.517826],[0.666689,0.608748,0.430059],[0.126607,-0.661109,0.73953]],[[0.734504,-0.438589,-0.517826],[0.645209,0.687787,0.332647],[0.210259,-0.578437,0.788164]]],"btipPosition":[108.654,326.06,-59.8874],"carpPosition":[114.147,207.554,51.8966],"dipPosition":[112.969,314.187,-43.7101],"direction":[-0.126607,0.661109,-0.73953],"extended":true,"handId":345,"id":3453,"length":70.7778,"mcpPosition":[116.891,256.663,10.5745],"pipPosition":[116.822,294.069,-21.2047],"stabilizedTipPosition":[110.434,319.201,-53.887],"timeVisible":0.072729,"tipPosition":[111.885,323.643,-51.5481],"tipVelocity":[-42.7381,401.669,-168.028],"tool":false,"touchDistance":0.59204,"touchZone":"hovering","type":3,"width":18.9716},{"bases":[[[0.601475,-0.614533,-0.510468],[0.777655,0.304025,0.550292],[-0.182978,-0.727955,0.660758]],[[0.608778,-0.582703,-0.538373],[0.786487,0.354273,0.505895],[-0.104056,-0.731401,0.673962]],[[0.608778,-0.582703,-0.538373],[0.78989,0.508419,0.342905],[0.0739073,-0.634009,0.769786]],[[0.608778,-0.582703,-0.538373],[0.774651,0.58304,0.244907],[0.171185,-0.566146,0.806334]]],"btipPosition":[130.851,295.201,-55.3261],"carpPosition":[120.758,199.16,41.9537],"dipPosition":[134.093,284.481,-40.0578],"direction":[-0.0739073,0.634009,-0.769786],"extended":true,"handId":345,"id":3454,"length":55.4885,"mcpPosition":[131.639,242.448,2.66132],"pipPosition":[135.681,270.858,-23.5179],"stabilizedTipPosition":[132.154,288.968,-49.7075],"timeVisible":0.072729,"tipPosition":[132.859,292.909,-48.4331],"tipVelocity":[0.812709,398.243,-191.381],"tool":false,"touchDistance":0.644214,"touchZone":"hovering","type":4,"width":16.8521}],"r":[[0.999989,-0.00213935,0.0042796],[0.00208222,0.999909,0.0133101],[-0.00430769,-0.013301,0.999902]],"s":0.983155,"t":[-0.700294,14.7743,-6.91164],"timestamp":261200252870},{"currentFrameRate":23.8839,"devices":[],"gestures":[],"hands":[{"armBasis":[[0.793182,-0.147079,-0.590957],[0.402547,0.854789,0.327556],[0.456967,-0.497699,0.737209]],"armWidth":66.4077,"confidence":0.453355,"direction":[0.0172396,0.879142,-0.476248],"elbow":[237.088,46.0438,267.793],"grabAngle":0.408657,"grabStrength":0,"id":345,"palmNormal":[-0.491321,-0.407395,-0.769827],"palmPosition":[97.3656,248.828,22.9588],"palmVelocity":[-17.9029,287.066,-99.8866],"palmWidth":93.3132,"pinchDistance":60.5289,"pinchStrength":0,"r":[[0.999971,-0.00300871,0.0069839],[0.00285311,0.99975,0.022183],[-0.00704889,-0.0221624,0.99973]],"s":0.979963,"sphereCenter":[27.4096,147.071,-166.526],"sphereRadius":226.989,"stabilizedPalmPosition":[97.6097,245.323,24.3729],"t":[-1.26182,22.2546,-10.0846],"timeVisible":0.092808,"type":"right","wrist":[110.556,183.854,63.6649]}],"id":205478,"interactionBox":{"center":[0,200,0],"size":[235.247,235.247,147.751]},"pointables":[{"bases":[[[0.793226,0.436437,0.424637],[-0.487823,0.0380894,0.872111],[0.364447,-0.898928,0.243117]],[[0.716217,0.588618,0.374915],[-0.52578,0.10186,0.8445],[0.458899,-0.801968,0.382438]],[[0.716217,0.588618,0.374915],[-0.657745,0.389795,0.64454],[0.233248,-0.708229,0.666339]],[[0.716217,0.588618,0.374915],[-0.692406,0.532208,0.487164],[0.0872209,-0.608508,0.788739]]],"btipPosition":[39.9629,282.872,-9.82504],"carpPosition":[74.4339,199.646,54.9894],"dipPosition":[42.2054,267.228,10.4535],"direction":[-0.233248,0.708229,-0.666339],"extended":false,"handId":345,"id":3450,"length":57.2524,"mcpPosition":[74.4339,199.646,54.9894],"pipPosition":[50.9418,240.7,35.4116],"stabilizedTipPosition":[40.8394,277.672,-3.8747],"timeVisible":0.092808,"tipPosition":[42.6291,279.107,-3.36763],"tipVelocity":[-44.3316,226.235,-193.621],"tool":false,"touchDistance":1,"touchZone":"none","type":0,"width":21.2521},{"bases":[[[0.86134,-0.096142,-0.498848],[0.466717,0.537607,0.702249],[0.200669,-0.837697,0.507934]],[[0.880059,-0.203674,-0.428967],[0.454966,0.620409,0.638826],[0.136023,-0.75737,0.638661]],[[0.880059,-0.203674,-0.428967],[0.416662,0.764534,0.491812],[0.227791,-0.611559,0.757699]],[[0.880059,-0.203674,-0.428967],[0.371997,0.857172,0.356194],[0.295151,-0.473047,0.830128]]],"btipPosition":[58.53,339.482,-42.479],"carpPosition":[91.678,215.418,61.6856],"dipPosition":[64.0698,330.604,-26.8981],"direction":[-0.227791,0.611559,-0.757699],"extended":true,"handId":345,"id":3451,"length":64.6029,"mcpPosition":[76.5379,278.62,23.3631],"pipPosition":[70.1182,314.365,-6.77937],"stabilizedTipPosition":[62.1584,328.593,-31.9215],"timeVisible":0.092808,"tipPosition":[63.0344,341.469,-32.6603],"tipVelocity":[-67.6674,208.968,-150.231],"tool":false,"touchDistance":0.738471,"touchZone":"hovering","type":1,"width":20.3},{"bases":[[[0.788263,-0.298665,-0.537996],[0.60991,0.495091,0.618784],[0.0815485,-0.815895,0.572421]],[[0.791183,-0.335921,-0.511065],[0.606978,0.533621,0.588919],[0.0748848,-0.776148,0.626089]],[[0.791183,-0.335921,-0.511065],[0.580363,0.675957,0.454159],[0.192897,-0.655926,0.729762]],[[0.791183,-0.335921,-0.511065],[0.55389,0.747878,0.365903],[0.2593,-0.572569,0.777771]]],"btipPosition":[81.9525,347.446,-56.588],"carpPosition":[103.131,215.661,56.3732],"dipPosition":[87.3055,335.626,-40.5317],"direction":[-0.192897,0.655926,-0.729762],"extended":true,"handId":345,"id":3452,"length":73.6098,"mcpPosition":[97.2965,274.038,15.4169],"pipPosition":[93.3313,315.135,-17.7348],"stabilizedTipPosition":[83.8011,341.056,-51.2539],"timeVisible":0.092808,"tipPosition":[86.2882,346.426,-47.355],"tipVelocity":[-41.9547,282.851,-87.3888],"tool":false,"touchDistance":0.594415,"touchZone":"hovering","type":2,"width":19.9373},{"bases":[[[0.743437,-0.451942,-0.493002],[0.666958,0.446227,0.596698],[-0.049682,-0.772419,0.633168]],[[0.744656,-0.426668,-0.513266],[0.667435,0.48081,0.568641],[0.00416237,-0.766013,0.642811]],[[0.744656,-0.426668,-0.513266],[0.654851,0.615738,0.43822],[0.129063,-0.662436,0.737917]],[[0.744656,-0.426668,-0.513266],[0.633701,0.693385,0.342989],[0.209548,-0.580666,0.786713]]],"btipPosition":[108.267,332.356,-61.1108],"carpPosition":[113.508,213.06,49.7181],"dipPosition":[112.568,320.437,-44.9633],"direction":[-0.129063,0.662436,-0.737917],"extended":true,"handId":345,"id":3453,"length":70.7778,"mcpPosition":[116.7,262.68,9.04386],"pipPosition":[116.495,300.278,-22.507],"stabilizedTipPosition":[109.543,327.076,-56.5414],"timeVisible":0.092808,"tipPosition":[112.165,330.334,-52.709],"tipVelocity":[-19.4292,313.022,-61.2733],"tool":false,"touchDistance":0.547715,"touchZone":"hovering","type":3,"width":18.9716},{"bases":[[[0.612201,-0.605779,-0.508175],[0.767444,0.300495,0.566333],[-0.190368,-0.736706,0.648864]],[[0.620201,-0.57176,-0.537067],[0.777918,0.360167,0.514902],[-0.100966,-0.737137,0.668158]],[[0.620201,-0.57176,-0.537067],[0.780902,0.514981,0.353534],[0.0744427,-0.638659,0.765881]],[[0.620201,-0.57176,-0.537067],[0.765661,0.590146,0.255912],[0.170628,-0.569928,0.803784]]],"btipPosition":[130.725,301.771,-56.4334],"carpPosition":[120.313,204.815,39.7815],"dipPosition":[133.956,290.979,-41.2134],"direction":[-0.0744427,0.638659,-0.765881],"extended":true,"handId":345,"id":3454,"length":55.4885,"mcpPosition":[131.634,248.624,1.19634],"pipPosition":[135.556,277.257,-24.7575],"stabilizedTipPosition":[131.623,296.958,-52.2042],"timeVisible":0.092808,"tipPosition":[133.342,299.685,-49.4607],"tipVelocity":[-6.39932,326.392,-55.7021],"tool":false,"touchDistance":0.59635,"touchZone":"hovering","type":4,"width":16.8521}],"r":[[0.999971,-0.00300871,0.0069839],[0.00285311,0.99975,0.022183],[-0.00704889,-0.0221624,0.99973]],"s":0.979963,"t":[-1.26182,22.2546,-10.0846],"timestamp":261200272949},{"currentFrameRate":26.3673,"devices":[],"gestures":[],"hands":[{"armBasis":[[0.812205,-0.15133,-0.563402],[0.427913,0.810951,0.39906],[0.396502,-0.565206,0.723414]],"armWidth":66.4077,"confidence":0.533145,"direction":[0.0194021,0.879119,-0.476207],"elbow":[218.992,30.7598,261.71],"grabAngle":0.423185,"grabStrength":0,"id":345,"palmNormal":[-0.492895,-0.405985,-0.769566],"palmPosition":[96.9323,252.806,21.0696],"palmVelocity":[-21.6127,198.402,-94.233],"palmWidth":93.3132,"pinchDistance":60.2111,"pinchStrength":0,"r":[[0.99995,-0.00427812,0.00902519],[0.00401207,0.999563,0.029293],[-0.00914657,-0.0292553,0.99953]],"s":0.979205,"sphereCenter":[35.752,157.405,-160.459],"sphereRadius":214.692,"stabilizedPalmPosition":[97.157,250.324,22.1654],"t":[-1.75923,27.9836,-12.6157],"timeVisible":0.112856,"type":"right","wrist":[109.204,187.262,61.4011]}],"id":205479,"interactionBox":{"center":[0,200,0],"size":[235.247,235.247,147.751]},"pointables":[{"bases":[[[0.794679,0.43421,0.424202],[-0.487211,0.0393904,0.872396],[0.362093,-0.89995,0.242854]],[[0.708918,0.601204,0.368767],[-0.531632,0.111918,0.839548],[0.463468,-0.791219,0.39896]],[[0.708918,0.601204,0.368767],[-0.664085,0.392891,0.636104],[0.237543,-0.695838,0.677778]],[[0.708918,0.601204,0.368767],[-0.69974,0.534068,0.474484],[0.0883154,-0.594411,0.799297]]],"btipPosition":[38.989,285.535,-13.2495],"carpPosition":[73.8828,203.686,53.1107],"dipPosition":[41.2596,270.253,7.30041],"direction":[-0.237543,0.695838,-0.677778],"extended":false,"handId":345,"id":3450,"length":57.2524,"mcpPosition":[73.8828,203.686,53.1107],"pipPosition":[50.1569,244.19,32.687],"stabilizedTipPosition":[40.0852,280.141,-6.51411],"timeVisible":0.112856,"tipPosition":[41.9106,283.081,-5.64778],"tipVelocity":[-48.2587,136.971,-167.7],"tool":false,"touchDistance":0.985993,"touchZone":"hovering","type":0,"width":21.2521},{"bases":[[[0.860781,-0.098501,-0.499353],[0.468613,0.536269,0.70201],[0.198639,-0.83828,0.507769]],[[0.878541,-0.199642,-0.433946],[0.453827,0.632281,0.627903],[0.14902,-0.748575,0.646088]],[[0.878541,-0.199642,-0.433946],[0.408211,0.785563,0.465032],[0.248052,-0.585691,0.771645]],[[0.878541,-0.199642,-0.433946],[0.359466,0.874589,0.325388],[0.314563,-0.441856,0.840127]]],"btipPosition":[56.6639,341.83,-45.2629],"carpPosition":[91.1745,219.409,59.7978],"dipPosition":[62.5681,333.537,-29.4943],"direction":[-0.248052,0.585691,-0.771645],"extended":true,"handId":345,"id":3451,"length":64.6029,"mcpPosition":[76.1876,282.655,21.4877],"pipPosition":[69.1544,317.985,-9.00527],"stabilizedTipPosition":[60.843,332.196,-35.0106],"timeVisible":0.112856,"tipPosition":[62.14,344.742,-35.5398],"tipVelocity":[-88.9002,123.825,-136.708],"tool":false,"touchDistance":0.656847,"touchZone":"hovering","type":1,"width":20.3},{"bases":[[[0.78712,-0.300818,-0.53847],[0.611639,0.493361,0.618459],[0.0796167,-0.816152,0.572327]],[[0.789715,-0.333901,-0.514646],[0.608072,0.537116,0.584598],[0.0812264,-0.774608,0.627204]],[[0.789715,-0.333901,-0.514646],[0.578468,0.684626,0.443466],[0.204266,-0.647918,0.733811]],[[0.789715,-0.333901,-0.514646],[0.54959,0.757813,0.351669],[0.272582,-0.560563,0.781965]]],"btipPosition":[80.6196,350.844,-58.7478],"carpPosition":[102.625,219.621,54.4788],"dipPosition":[86.2468,339.272,-42.605],"direction":[-0.204266,0.647918,-0.733811],"extended":true,"handId":345,"id":3452,"length":73.6098,"mcpPosition":[96.9288,278.016,13.5292],"pipPosition":[92.6278,319.032,-19.6816],"stabilizedTipPosition":[82.5856,345.646,-53.6891],"timeVisible":0.112856,"tipPosition":[85.7631,350.264,-49.6799],"tipVelocity":[-63.3399,172.363,-106.739],"tool":false,"touchDistance":0.536208,"touchZone":"hovering","type":2,"width":19.9373},{"bases":[[[0.741895,-0.453973,-0.493458],[0.668539,0.44434,0.596337],[-0.0514575,-0.772315,0.633152]],[[0.743216,-0.427428,-0.514719],[0.669043,0.478554,0.568654],[0.00326249,-0.767002,0.641637]],[[0.743216,-0.427428,-0.514719],[0.65627,0.615397,0.436573],[0.130153,-0.662263,0.737881]],[[0.743216,-0.427428,-0.514719],[0.633987,0.695714,0.337702],[0.213754,-0.577311,0.788049]]],"btipPosition":[107.788,336.255,-62.9791],"carpPosition":[112.991,216.992,47.8175],"dipPosition":[112.176,324.405,-46.8042],"direction":[-0.130153,0.662263,-0.737881],"extended":true,"handId":345,"id":3453,"length":70.7778,"mcpPosition":[116.297,266.605,7.14429],"pipPosition":[116.137,304.251,-24.349],"stabilizedTipPosition":[108.982,331.936,-58.588],"timeVisible":0.112856,"tipPosition":[111.872,334.265,-54.6658],"tipVelocity":[-22.8693,195.278,-92.8752],"tool":false,"touchDistance":0.498347,"touchZone":"hovering","type":3,"width":18.9716},{"bases":[[[0.610224,-0.607444,-0.508565],[0.768602,0.298332,0.565906],[-0.192035,-0.736213,0.648932]],[[0.617792,-0.575799,-0.535526],[0.778694,0.353231,0.518521],[-0.1094,-0.737349,0.666595]],[[0.617792,-0.575799,-0.535526],[0.783843,0.50519,0.361073],[0.0626364,-0.642836,0.763438]],[[0.617792,-0.575799,-0.535526],[0.769287,0.583638,0.259934],[0.162883,-0.572558,0.803521]]],"btipPosition":[131.007,305.803,-58.2243],"carpPosition":[119.768,208.728,37.8765],"dipPosition":[134.091,294.961,-43.0092],"direction":[-0.0626364,0.642836,-0.763438],"extended":true,"handId":345,"id":3454,"length":55.4885,"mcpPosition":[131.187,252.508,-0.712705],"pipPosition":[135.437,281.149,-26.6058],"stabilizedTipPosition":[131.695,301.893,-54.1627],"timeVisible":0.112856,"tipPosition":[132.957,303.557,-51.5004],"tipVelocity":[12.3488,200.527,-89.3857],"tool":false,"touchDistance":0.543168,"touchZone":"hovering","type":4,"width":16.8521}],"r":[[0.99995,-0.00427812,0.00902519],[0.00401207,0.999563,0.029293],[-0.00914657,-0.0292553,0.99953]],"s":0.979205,"t":[-1.75923,27.9836,-12.6157],"timestamp":261200292997},{"currentFrameRate":28.5772,"devices":[],"gestures":[],"hands":[{"armBasis":[[0.825718,-0.143701,-0.545472],[0.424078,0.795778,0.432314],[0.371951,-0.588292,0.718029]],"armWidth":66.4077,"confidence":0.60536,"direction":[0.0169521,0.882339,-0.47031],"elbow":[211.183,27.7367,257.927],"grabAngle":0.421654,"grabStrength":0,"id":345,"palmNormal":[-0.481725,-0.404977,-0.777133],"palmPosition":[96.0603,256.507,19.2072],"palmVelocity":[-42.9154,182.177,-91.6653],"palmWidth":93.3132,"pinchDistance":60.1364,"pinchStrength":0,"r":[[0.999913,-0.00367848,0.0126767],[0.00321643,0.999337,0.0362779],[-0.0128017,-0.036234,0.999261]],"s":0.983222,"sphereCenter":[46.5053,168.913,-156.496],"sphereRadius":203.395,"stabilizedPalmPosition":[96.4277,254.436,20.1983],"t":[-2.44391,32.6988,-14.8125],"timeVisible":0.133174,"type":"right","wrist":[108.193,190.631,59.1094]}],"id":205480,"interactionBox":{"center":[0,200,0],"size":[235.247,235.247,147.751]},"pointables":[{"bases":[[[0.786739,0.437927,0.435041],[-0.496309,0.0297022,0.867638],[0.36704,-0.89852,0.240715]],[[0.693032,0.615477,0.37536],[-0.543496,0.103993,0.832945],[0.473624,-0.781264,0.406579]],[[0.693032,0.615477,0.37536],[-0.678302,0.380365,0.628672],[0.244159,-0.690298,0.681084]],[[0.693032,0.615477,0.37536],[-0.715999,0.526997,0.457842],[0.0839774,-0.586057,0.805906]]],"btipPosition":[37.5447,287.909,-16.3487],"carpPosition":[73.0947,206.992,50.6952],"dipPosition":[39.7038,272.842,4.37113],"direction":[-0.244159,0.690298,-0.681084],"extended":false,"handId":345,"id":3450,"length":57.2524,"mcpPosition":[73.0947,206.992,50.6952],"pipPosition":[48.8489,246.986,29.8816],"stabilizedTipPosition":[39.1637,282.081,-8.79965],"timeVisible":0.133174,"tipPosition":[40.7921,286.319,-8.20496],"tipVelocity":[-72.3448,119.287,-150.612],"tool":false,"touchDistance":0.874825,"touchZone":"hovering","type":0,"width":21.2521},{"bases":[[[0.866567,-0.0881842,-0.491208],[0.457052,0.535496,0.710174],[0.200414,-0.839921,0.504348]],[[0.883554,-0.181649,-0.431666],[0.439731,0.638926,0.631198],[0.161146,-0.747514,0.644402]],[[0.883554,-0.181649,-0.431666],[0.387138,0.801971,0.454936],[0.263545,-0.569075,0.778908]],[[0.883554,-0.181649,-0.431666],[0.333985,0.890534,0.308873],[0.328307,-0.417076,0.847504]]],"btipPosition":[54.3013,344.401,-47.3955],"carpPosition":[90.1875,222.812,57.6588],"dipPosition":[60.4635,336.573,-31.4884],"direction":[-0.263545,0.569075,-0.778908],"extended":true,"handId":345,"id":3451,"length":64.6029,"mcpPosition":[75.0667,286.182,19.6068],"pipPosition":[67.4612,321.462,-10.8066],"stabilizedTipPosition":[59.053,335.83,-38.0589],"timeVisible":0.133174,"tipPosition":[60.4952,347.873,-37.8806],"tipVelocity":[-113.36,131.794,-103.393],"tool":false,"touchDistance":0.592984,"touchZone":"hovering","type":1,"width":20.3},{"bases":[[[0.794978,-0.290838,-0.532375],[0.601265,0.494308,0.627806],[0.0805671,-0.819191,0.567834]],[[0.797362,-0.320128,-0.511597],[0.59805,0.532825,0.598694],[0.0809329,-0.783336,0.616307]],[[0.797362,-0.320128,-0.511597],[0.567648,0.685668,0.45567],[0.204913,-0.653741,0.728446]],[[0.797362,-0.320128,-0.511597],[0.536974,0.763251,0.359315],[0.27545,-0.561218,0.780488]]],"btipPosition":[79.5518,355.251,-59.6722],"carpPosition":[101.689,223.153,52.4579],"dipPosition":[85.2382,343.665,-43.5598],"direction":[-0.204913,0.653741,-0.728446],"extended":true,"handId":345,"id":3452,"length":73.6098,"mcpPosition":[95.9248,281.765,11.8297],"pipPosition":[91.6394,323.243,-20.8041],"stabilizedTipPosition":[81.3229,350.724,-55.3552],"timeVisible":0.133174,"tipPosition":[84.6503,354.263,-51.2129],"tipVelocity":[-51.8846,216.743,-45.8419],"tool":false,"touchDistance":0.501949,"touchZone":"hovering","type":2,"width":19.9373},{"bases":[[[0.750566,-0.444649,-0.488813],[0.658788,0.4459,0.605948],[-0.0514724,-0.776828,0.627606]],[[0.751945,-0.415982,-0.511407],[0.659199,0.467521,0.588966],[-0.00590567,-0.779989,0.625765]],[[0.751945,-0.415982,-0.511407],[0.648644,0.60531,0.461368],[0.117639,-0.678645,0.724984]],[[0.751945,-0.415982,-0.511407],[0.627225,0.690223,0.360805],[0.202897,-0.592073,0.779925]]],"btipPosition":[107.995,341.644,-63.2167],"carpPosition":[112.143,220.652,45.8854],"dipPosition":[112.16,329.492,-47.2085],"direction":[-0.117639,0.678645,-0.724984],"extended":true,"handId":345,"id":3453,"length":70.7778,"mcpPosition":[115.45,270.555,5.56845],"pipPosition":[115.74,308.839,-25.1458],"stabilizedTipPosition":[108.957,337.806,-59.392],"timeVisible":0.133174,"tipPosition":[110.876,338.606,-56.2172],"tipVelocity":[7.65628,261.815,-13.5818],"tool":false,"touchDistance":0.477706,"touchZone":"hovering","type":3,"width":18.9716},{"bases":[[[0.620327,-0.599092,-0.506245],[0.760355,0.300918,0.575594],[-0.192496,-0.741982,0.64219]],[[0.627217,-0.570356,-0.53037],[0.767543,0.337071,0.545216],[-0.132195,-0.749051,0.64919]],[[0.627217,-0.570356,-0.53037],[0.778214,0.486327,0.397327],[0.0313155,-0.661952,0.748892]],[[0.627217,-0.570356,-0.53037],[0.767059,0.570385,0.293738],[0.13498,-0.591062,0.795252]]],"btipPosition":[132.441,311.143,-58.594],"carpPosition":[119.088,212.509,35.9607],"dipPosition":[134.997,299.951,-43.5355],"direction":[-0.0313155,0.661952,-0.748892],"extended":true,"handId":345,"id":3454,"length":55.4885,"mcpPosition":[130.535,256.632,-2.22758],"pipPosition":[135.67,285.728,-27.4446],"stabilizedTipPosition":[132.852,307.685,-55.0024],"timeVisible":0.133174,"tipPosition":[132.478,308.095,-52.9825],"tipVelocity":[64.6195,258.853,-19.9671],"tool":false,"touchDistance":0.516099,"touchZone":"hovering","type":4,"width":16.8521}],"r":[[0.999913,-0.00367848,0.0126767],[0.00321643,0.999337,0.0362779],[-0.0128017,-0.036234,0.999261]],"s":0.983222,"t":[-2.44391,32.6988,-14.8125],"timestamp":261200313315},{"currentFrameRate":30.6313,"devices":[],"gestures":[],"hands":[{"armBasis":[[0.832669,-0.146368,-0.534077],[0.426299,0.784996,0.449501],[0.353456,-0.601962,0.716038]],"armWidth":66.4077,"confidence":0.66761,"direction":[0.0145793,0.8814,-0.472146],"elbow":[205.584,25.9833,255.933],"grabAngle":0.406273,"grabStrength":0,"id":345,"palmNormal":[-0.479637,-0.408159,-0.776759],"palmPosition":[95.6498,258.545,17.7036],"palmVelocity":[-20.6268,102.349,-75.543],"palmWidth":93.3132,"pinchDistance":60.0541,"pinchStrength":0,"r":[[0.999872,-0.00256881,0.0158018],[0.00191197,0.999139,0.0414429],[-0.0158947,-0.0414074,0.999016]],"s":0.990643,"sphereCenter":[53.9273,176.249,-152.494],"sphereRadius":194.772,"stabilizedPalmPosition":[95.9901,256.747,18.7948],"t":[-2.99153,36.075,-16.6627],"timeVisible":0.153078,"type":"right","wrist":[107.714,192.663,57.667]}],"id":205481,"interactionBox":{"center":[0,200,0],"size":[235.247,235.247,147.751]},"pointables":[{"bases":[[[0.784887,0.441375,0.434903],[-0.497272,0.029922,0.867079],[0.369693,-0.896824,0.242969]],[[0.684978,0.626907,0.371203],[-0.548159,0.107837,0.829393],[0.479923,-0.771595,0.417511]],[[0.684978,0.626907,0.371203],[-0.684313,0.378747,0.62311],[0.250041,-0.680836,0.688434]],[[0.684978,0.626907,0.371203],[-0.723919,0.528209,0.443775],[0.0821333,-0.572697,0.815642]]],"btipPosition":[36.767,288.746,-18.8565],"carpPosition":[72.8123,209.021,49.2727],"dipPosition":[38.8786,274.022,2.11369],"direction":[-0.250041,0.680836,-0.688434],"extended":false,"handId":345,"id":3450,"length":57.2524,"mcpPosition":[72.8123,209.021,49.2727],"pipPosition":[48.2441,248.521,27.8995],"stabilizedTipPosition":[38.6666,282.934,-10.1609],"timeVisible":0.153078,"tipPosition":[40.0745,287.905,-10.1545],"tipVelocity":[-39.6229,46.004,-123.099],"tool":false,"touchDistance":0.783924,"touchZone":"hovering","type":0,"width":21.2521},{"bases":[[[0.867339,-0.0864192,-0.490159],[0.454611,0.538457,0.709502],[0.202615,-0.83821,0.506311]],[[0.883651,-0.172707,-0.435125],[0.434515,0.648503,0.625013],[0.174235,-0.741361,0.648094]],[[0.883651,-0.172707,-0.435125],[0.377193,0.813181,0.44324],[0.277285,-0.555795,0.783712]],[[0.883651,-0.172707,-0.435125],[0.321608,0.899369,0.296149],[0.340191,-0.401632,0.850272]]],"btipPosition":[52.5892,345.438,-49.3362],"carpPosition":[89.8471,224.911,56.2201],"dipPosition":[58.9744,337.9,-33.3771],"direction":[-0.277285,0.555795,-0.783712],"extended":true,"handId":345,"id":3451,"length":64.6029,"mcpPosition":[74.5602,288.153,18.0199],"pipPosition":[66.3369,323.142,-12.5677],"stabilizedTipPosition":[57.6558,338.033,-40.1865],"timeVisible":0.153078,"tipPosition":[59.3934,349.207,-40.0865],"tipVelocity":[-83.4422,55.4582,-96.9003],"tool":false,"touchDistance":0.538089,"touchZone":"hovering","type":1,"width":20.3},{"bases":[[[0.796445,-0.289389,-0.530971],[0.599038,0.497561,0.627365],[0.0826379,-0.817733,0.569635]],[[0.79863,-0.314687,-0.512993],[0.596147,0.530442,0.602694],[0.0824531,-0.787149,0.611227]],[[0.79863,-0.31468