{"frames":253,"data":[{"currentFrameRate":25.8697,"devices":[],"gestures":[],"hands":[],"id":205911,"interactionBox":{"center":[0,200,0],"size":[235.247,235.247,147.751]},"pointables":[],"r":[[-0.0794966,-0.728761,-0.680138],[0.446709,0.583909,-0.677865],[0.891141,-0.357712,0.279125]],"s":-5.62558,"t":[894.675,787.691,741.58],"timestamp":261214606435},{"currentFrameRate":25.8407,"devices":[],"gestures":[],"hands":[],"id":205912,"interactionBox":{"center":[0,200,0],"size":[235.247,235.247,147.751]},"pointables":[],"r":[[-0.0794966,-0.728761,-0.680138],[0.446709,0.583909,-0.677865],[0.891141,-0.357712,0.279125]],"s":-5.62558,"t":[894.675,787.691,741.58],"timestamp":261214645337},{"currentFrameRate":25.881,"devices":[],"gestures":[],"hands":[],"id":205913,"interactionBox":{"center":[0,200,0],"size":[235.247,235.247,147.751]},"pointables":[],"r":[[-0.0794966,-0.728761,-0.680138],[0.446709,0.583909,-0.677865],[0.891141,-0.357712,0.279125]],"s":-5.62558,"t":[894.675,787.691,741.58],"timestamp":261214683693},{"currentFrameRate":25.8869,"devices":[],"gestures":[],"hands":[],"id":205914,"interactionBox":{"center":[0,200,0],"size":[235.247,235.247,147.751]},"pointables":[],"r":[[-0.0794966,-0.728761,-0.680138],[0.446709,0.583909,-0.677865],[0.891141,-0.357712,0.279125]],"s":-5.62558,"t":[894.675,787.691,741.58],"timestamp":261214722281},{"currentFrameRate":25.885,"devices":[],"gestures":[],"hands":[],"id":205915,"interactionBox":{"center":[0,200,0],"size":[235.247,235.247,147.751]},"pointables":[],"r":[[-0.0794966,-0.728761,-0.680138],[0.446709,0.583909,-0.677865],[0.891141,-0.357712,0.279125]],"s":-5.62558,"t":[894.675,787.691,741.58],"timestamp":261214760927},{"currentFrameRate":25.8929,"devices":[],"gestures":[],"hands":[],"id":205916,"interactionBox":{"center":[0,200,0],"size":[235.247,235.247,147.751]},"pointables":[],"r":[[-0.0794966,-0.728761,-0.680138],[0.446709,0.583909,-0.677865],[0.891141,-0.357712,0.279125]],"s":-5.62558,"t":[894.675,787.691,741.58],"timestamp":261214799492},{"currentFrameRate":25.8993,"devices":[],"gestures":[],"hands":[],"id":205917,"interactionBox":{"center":[0,200,0],"size":[235.247,235.247,147.751]},"pointables":[],"r":[[-0.0794966,-0.728761,-0.680138],[0.446709,0.583909,-0.677865],[0.891141,-0.357712,0.279125]],"s":-5.62558,"t":[894.675,787.691,741.58],"timestamp":261214838058},{"currentFrameRate":25.9028,"devices":[],"gestures":[],"hands":[],"id":205918,"interactionBox":{"center":[0,200,0],"size":[235.247,235.247,147.751]},"pointables":[],"r":[[-0.0794966,-0.728761,-0.680138],[0.446709,0.583909,-0.677865],[0.891141,-0.357712,0.279125]],"s":-5.62558,"t":[894.675,787.691,741.58],"timestamp":261214876640},{"currentFrameRate":25.8963,"devices":[],"gestures":[],"hands":[{"armBasis":[[0.528441,-0.674759,-0.51522],[0.816033,0.571109,0.0890186],[0.234181,-0.467477,0.852423]],"armWidth":65.3469,"confidence":0,"direction":[0.104365,0.699781,-0.706693],"elbow":[183.191,-43.405,382.504],"grabAngle":0.971974,"grabStrength":0,"id":346,"palmNormal":[-0.851498,-0.304274,-0.427047],"palmPosition":[114.865,141.74,92.1625],"palmVelocity":[1.19209e-7,1.19209e-7,1.19209e-7],"palmWidth":93.3132,"pinchDistance":65.8953,"pinchStrength":0,"r":[[1,2.22045e-17,3.33067e-17],[-2.22045e-17,1,-3.33067e-17],[-3.33067e-17,3.33067e-17,1]],"s":1,"sphereCenter":[28.5801,121.962,38.1607],"sphereRadius":103.399,"stabilizedPalmPosition":[114.865,141.74,92.1625],"t":[0,0,0],"timeVisible":0,"type":"right","wrist":[118.348,86.0366,146.474]}],"id":205919,"interactionBox":{"center":[0,200,0],"size":[235.247,235.247,147.751]},"pointables":[{"bases":[[[0.988746,0.148625,0.0170688],[-0.0734856,0.383127,0.920768],[0.130309,-0.91166,0.389737]],[[0.956102,0.289676,-0.0442273],[-0.0228035,0.224022,0.974317],[0.292145,-0.930538,0.220793]],[[0.956102,0.289676,-0.0442273],[-0.140949,0.58694,0.797267],[0.256908,-0.756035,0.602004]],[[0.956102,0.289676,-0.0442273],[-0.205504,0.770426,0.603499],[0.208893,-0.567918,0.796136]]],"btipPosition":[63.102,200.055,91.5619],"carpPosition":[92.0543,112.353,143.023],"dipPosition":[68.1157,186.425,110.67],"direction":[-0.256908,0.756035,-0.602004],"extended":true,"handId":346,"id":3460,"length":53.447,"mcpPosition":[92.0543,112.353,143.023],"pipPosition":[77.0988,159.989,131.72],"stabilizedTipPosition":[64.2551,196.92,95.9568],"timeVisible":0,"tipPosition":[64.2551,196.92,95.9568],"tipVelocity":[1.19209e-7,1.19209e-7,1.19209e-7],"tool":false,"touchDistance":1,"touchZone":"none","type":0,"width":20.767},{"bases":[[[0.38242,-0.679261,-0.626387],[0.923194,0.309003,0.228539],[0.0383175,-0.665674,0.745258]],[[0.383855,-0.711631,-0.588419],[0.90088,0.428469,0.0695014],[0.20266,-0.556773,0.805564]],[[0.383855,-0.711631,-0.588419],[0.761609,0.604309,-0.234012],[0.522117,-0.358318,0.773952]],[[0.383855,-0.711631,-0.588419],[0.616424,0.671938,-0.410513],[0.687515,-0.205138,0.696593]]],"btipPosition":[81.2443,205.031,1.78232],"carpPosition":[122.479,115.478,130.92],"dipPosition":[94.494,201.078,15.2069],"direction":[-0.522117,0.358318,-0.773952],"extended":true,"handId":346,"id":3462,"length":68.7173,"mcpPosition":[119.738,163.107,77.5971],"pipPosition":[109.72,190.628,37.7772],"stabilizedTipPosition":[84.2918,204.122,4.86998],"timeVisible":0,"tipPosition":[84.2918,204.122,4.86998],"tipVelocity":[1.19209e-7,1.19209e-7,1.19209e-7],"tool":false,"touchDistance":1,"touchZone":"none","type":2,"width":19.4822},{"bases":[[[0.313201,-0.791165,-0.525322],[0.948908,0.238305,0.206844],[-0.0384602,-0.563266,0.82538]],[[0.314705,-0.762711,-0.565007],[0.924768,0.380528,0.00140951],[0.213926,-0.522944,0.825085]],[[0.314705,-0.762711,-0.565007],[0.754944,0.561935,-0.338066],[0.575343,-0.320157,0.752648]],[[0.314705,-0.762711,-0.565007],[0.556784,0.630421,-0.54089],[0.768734,-0.144366,0.623062]]],"btipPosition":[89.6877,179.814,-1.49741],"carpPosition":[128.094,107.808,122.651],"dipPosition":[104.417,177.048,10.4411],"direction":[-0.575343,0.320157,-0.752648],"extended":true,"handId":346,"id":3463,"length":66.0735,"mcpPosition":[130.565,143.991,69.629],"pipPosition":[120.763,167.953,31.8233],"stabilizedTipPosition":[93.0755,179.178,1.24845],"timeVisible":0,"tipPosition":[93.0755,179.178,1.24845],"tipVelocity":[1.19209e-7,1.19209e-7,1.19209e-7],"tool":false,"touchDistance":1,"touchZone":"none","type":3,"width":18.5386},{"bases":[[[0.145523,-0.879466,-0.45317],[0.97892,0.0616437,0.194721],[-0.143316,-0.471953,0.869897]],[[0.164811,-0.801517,-0.574811],[0.952959,0.279699,-0.116779],[0.254374,-0.528525,0.80991]],[[0.164811,-0.801517,-0.574811],[0.638251,0.530981,-0.5574],[0.75198,-0.275008,0.59908]],[[0.164811,-0.801517,-0.574811],[0.338285,0.593367,-0.730397],[0.926499,-0.0740727,0.368934]]],"btipPosition":[95.4166,149.976,14.5622],"carpPosition":[127.579,95.9197,114.198],"dipPosition":[111.794,148.666,21.0838],"direction":[-0.75198,0.275008,-0.59908],"extended":false,"handId":346,"id":3464,"length":51.8004,"mcpPosition":[136.102,123.985,62.4692],"pipPosition":[126.878,143.15,33.1003],"stabilizedTipPosition":[99.1835,149.674,16.0622],"timeVisible":0,"tipPosition":[99.1835,149.674,16.0622],"tipVelocity":[1.19209e-7,1.19209e-7,1.19209e-7],"tool":false,"touchDistance":1,"touchZone":"none","type":4,"width":16.4674},{"bases":[[[0.524095,-0.519646,-0.674753],[0.84454,0.419337,0.33303],[0.109892,-0.744395,0.658634]],[[0.534106,-0.614904,-0.580193],[0.82879,0.516278,0.21579],[0.166851,-0.596113,0.785373]],[[0.534106,-0.614904,-0.580193],[0.732427,0.679309,-0.045703],[0.422234,-0.400539,0.813196]],[[0.534106,-0.614904,-0.580193],[0.587343,0.763504,-0.268494],[0.608078,-0.197368,0.768952]]],"btipPosition":[77.7614,216.602,21.2391],"carpPosition":[114.525,120.788,139.165],"dipPosition":[88.4161,213.143,34.7125],"direction":[-0.422234,0.400539,-0.813196],"extended":true,"handId":346,"id":3461,"length":60.309,"mcpPosition":[106.233,176.951,89.4726],"pipPosition":[98.8822,203.215,54.8696],"stabilizedTipPosition":[80.212,215.806,24.338],"timeVisible":0,"tipPosition":[80.212,215.806,24.338],"tipVelocity":[1.19209e-7,1.19209e-7,1.19209e-7],"tool":false,"touchDistance":1,"touchZone":"none","type":1,"width":19.8367}],"r":[[1,2.22045e-17,3.33067e-17],[-2.22045e-17,1,-3.33067e-17],[-3.33067e-17,3.33067e-17,1]],"s":1,"t":[0,0,0],"timestamp":261214915301},{"currentFrameRate":25.8986,"devices":[],"gestures":[],"hands":[{"armBasis":[[0.601671,-0.544936,-0.583983],[0.736332,0.661734,0.141146],[0.309526,-0.514929,0.7994]],"armWidth":66.4077,"confidence":0.200568,"direction":[0.132552,0.663096,-0.736705],"elbow":[204.864,-36.6917,370.328],"grabAngle":0.914148,"grabStrength":0,"id":346,"palmNormal":[-0.753059,-0.415896,-0.509835],"palmPosition":[116.107,159.057,91.8909],"palmVelocity":[32.1872,448.671,-7.0369],"palmWidth":93.3132,"pinchDistance":70.882,"pinchStrength":0,"r":[[0.99945,0.0207511,0.0258502],[-0.0203754,0.999684,-0.0147126],[-0.0261474,0.0141778,0.999558]],"s":1.02232,"sphereCenter":[50.5411,126.454,20.412],"sphereRadius":103.635,"stabilizedPalmPosition":[115.934,156.637,91.9289],"t":[0.621148,8.65845,-0.135798],"timeVisible":0.038596,"type":"right","wrist":[119.158,105.889,148.979]}],"id":205920,"interactionBox":{"center":[0,200,0],"size":[235.247,235.247,147.751]},"pointables":[{"bases":[[[0.958752,0.250943,0.133501],[-0.233611,0.428085,0.873023],[0.16193,-0.8682,0.46905]],[[0.930388,0.359275,0.0727915],[-0.181943,0.280198,0.942542],[0.318236,-0.890174,0.326061]],[[0.930388,0.359275,0.0727915],[-0.305283,0.649471,0.696412],[0.202928,-0.670156,0.713941]],[[0.930388,0.359275,0.0727915],[-0.337714,0.762836,0.551389],[0.142573,-0.537589,0.831066]]],"btipPosition":[61.9362,215.068,76.601],"carpPosition":[89.4937,130.575,141.401],"dipPosition":[65.6017,201.246,97.9677],"direction":[-0.202928,0.670156,-0.713941],"extended":true,"handId":346,"id":3460,"length":57.2524,"mcpPosition":[89.4937,130.575,141.401],"pipPosition":[73.2025,176.145,124.709],"stabilizedTipPosition":[63.6063,203.5,89.6083],"timeVisible":0.038596,"tipPosition":[61.1172,209.698,84.0618],"tipVelocity":[-38.2396,387.823,-374.17],"tool":false,"touchDistance":1,"touchZone":"none","type":0,"width":21.2521},{"bases":[[[0.657569,-0.502191,-0.561611],[0.74806,0.523763,0.407527],[0.0894944,-0.688096,0.72008]],[[0.663415,-0.605872,-0.43909],[0.748232,0.54142,0.383423],[0.00542682,-0.58291,0.812519]],[[0.663415,-0.605872,-0.43909],[0.717839,0.680946,0.14498],[0.211157,-0.411378,0.886668]],[[0.663415,-0.605872,-0.43909],[0.656645,0.75276,-0.0465686],[0.358744,-0.257432,0.897235]]],"btipPosition":[92.0312,236.225,6.80534],"carpPosition":[111.38,141.044,139.865],"dipPosition":[98.7646,231.394,23.6459],"direction":[-0.211157,0.411378,-0.886668],"extended":true,"handId":346,"id":3461,"length":64.6029,"mcpPosition":[104.627,192.959,85.5369],"pipPosition":[104.371,220.47,47.189],"stabilizedTipPosition":[91.625,232.291,12.6761],"timeVisible":0.038596,"tipPosition":[89.5949,230.823,12.4652],"tipVelocity":[346.354,500.252,-353.905],"tool":false,"touchDistance":1,"touchZone":"none","type":1,"width":20.3},{"bases":[[[0.526389,-0.67242,-0.520352],[0.850244,0.416087,0.322424],[-0.000292385,-0.612146,0.790745]],[[0.523738,-0.730089,-0.438939],[0.851766,0.440409,0.283786],[-0.0138764,-0.522503,0.852524]],[[0.523738,-0.730089,-0.438939],[0.810243,0.58604,-0.00798882],[0.263069,-0.351463,0.898481]],[[0.523738,-0.730089,-0.438939],[0.708129,0.659547,-0.252094],[0.473552,-0.178794,0.862427]]],"btipPosition":[103.607,222.236,-14.4638],"carpPosition":[120.846,136.101,133.126],"dipPosition":[113.383,218.545,3.34006],"direction":[-0.263069,0.351463,-0.898481],"extended":true,"handId":346,"id":3462,"length":73.6098,"mcpPosition":[120.867,179.899,76.5491],"pipPosition":[121.601,207.566,31.4075],"stabilizedTipPosition":[102.941,219.053,-8.30886],"timeVisible":0.038596,"tipPosition":[100.969,218.305,-7.77302],"tipVelocity":[558.715,447.337,-394.832],"tool":false,"touchDistance":1,"touchZone":"none","type":2,"width":19.9373},{"bases":[[[0.455006,-0.784614,-0.421131],[0.885237,0.347257,0.309466],[-0.0965707,-0.513609,0.852573]],[[0.455258,-0.783261,-0.423371],[0.887434,0.437697,0.144508],[0.0721204,-0.441502,0.894357]],[[0.455258,-0.783261,-0.423371],[0.718294,0.604074,-0.345178],[0.526112,-0.146959,0.837621]],[[0.455258,-0.783261,-0.423371],[0.472456,0.615556,-0.630775],[0.754669,0.0871416,0.650293]]],"btipPosition":[99.3936,185.917,-11.269],"carpPosition":[128.23,128.57,126.235],"dipPosition":[114.883,187.706,2.07849],"direction":[-0.526112,0.146959,-0.837621],"extended":true,"handId":346,"id":3463,"length":70.7778,"mcpPosition":[134.434,161.564,71.4665],"pipPosition":[130.894,183.234,27.569],"stabilizedTipPosition":[96.702,181.803,-2.21903],"timeVisible":0.038596,"tipPosition":[103.28,187.899,-4.8654],"tipVelocity":[256.005,185.265,-244.779],"tool":false,"touchDistance":1,"touchZone":"none","type":3,"width":18.9716},{"bases":[[[0.288208,-0.885304,-0.364929],[0.933197,0.174244,0.314296],[-0.214661,-0.431133,0.876382]],[[0.310508,-0.831237,-0.461118],[0.94336,0.329106,0.0419766],[0.116864,-0.448035,0.886345]],[[0.310508,-0.831237,-0.461118],[0.689172,0.530965,-0.49307],[0.654696,-0.164688,0.737734]],[[0.310508,-0.831237,-0.461118],[0.368872,0.55245,-0.747484],[0.876081,0.0620066,0.47816]]],"btipPosition":[107.564,161.612,7.23198],"carpPosition":[129.994,116.206,118.681],"dipPosition":[124.153,162.786,16.2862],"direction":[-0.654696,0.164688,-0.737734],"extended":true,"handId":346,"id":3464,"length":55.4885,"mcpPosition":[142.759,141.844,66.5664],"pipPosition":[138.22,159.247,32.1373],"stabilizedTipPosition":[108.719,159.219,10.7865],"timeVisible":0.038596,"tipPosition":[110.531,161.051,12.7409],"tipVelocity":[315.981,316.281,-174.83],"tool":false,"touchDistance":1,"touchZone":"none","type":4,"width":16.8521}],"r":[[0.99945,0.0207511,0.0258502],[-0.0203754,0.999684,-0.0147126],[-0.0261474,0.0141778,0.999558]],"s":1.02232,"t":[0.621148,8.65845,-0.135798],"timestamp":261214953897},{"currentFrameRate":25.8885,"devices":[],"gestures":[],"hands":[{"armBasis":[[0.638,-0.447574,-0.626604],[0.679059,0.710712,0.183758],[0.36309,-0.542739,0.757364]],"armWidth":66.4077,"confidence":0.386081,"direction":[0.134639,0.682527,-0.718352],"elbow":[218.721,-30.5896,355.863],"grabAngle":0.744815,"grabStrength":0,"id":346,"palmNormal":[-0.691257,-0.454718,-0.561601],"palmPosition":[114.407,173.998,90.1708],"palmVelocity":[-43.9315,386.096,-44.4498],"palmWidth":93.3132,"pinchDistance":63.1843,"pinchStrength":0,"r":[[0.99699,0.050377,0.0589337],[-0.0489993,0.998496,-0.0245939],[-0.060084,0.0216322,0.997959]],"s":1.04345,"sphereCenter":[51.9215,129.089,4.24707],"sphereRadius":117.782,"stabilizedPalmPosition":[114.418,173.878,90.183],"t":[0.081691,20.4583,-1.06376],"timeVisible":0.077294,"type":"right","wrist":[118.183,119.692,146.154]}],"id":205921,"interactionBox":{"center":[0,200,0],"size":[235.247,235.247,147.751]},"pointables":[{"bases":[[[0.930235,0.309652,0.196921],[-0.314772,0.397476,0.861935],[0.188628,-0.863787,0.467216]],[[0.902506,0.406556,0.142108],[-0.28016,0.303603,0.910679],[0.327098,-0.861706,0.387904]],[[0.902506,0.406556,0.142108],[-0.389614,0.630116,0.67168],[0.183532,-0.661563,0.727084]],[[0.902506,0.406556,0.142108],[-0.418603,0.750491,0.511406],[0.101265,-0.521033,0.847508]]],"btipPosition":[60.456,225.327,68.6546],"carpPosition":[86.6787,143.039,137.535],"dipPosition":[63.0595,211.931,90.444],"direction":[-0.183532,0.661563,-0.727084],"extended":true,"handId":346,"id":3460,"length":57.2524,"mcpPosition":[86.6787,143.039,137.535],"pipPosition":[69.9338,187.152,117.677],"stabilizedTipPosition":[62.1991,213.839,80.8157],"timeVisible":0.077294,"tipPosition":[57.885,221.41,78.0701],"tipVelocity":[-44.5612,267.64,-202.831],"tool":false,"touchDistance":1,"touchZone":"none","type":0,"width":21.2521},{"bases":[[[0.722482,-0.449459,-0.525363],[0.685616,0.563747,0.460566],[0.0891665,-0.692948,0.715453]],[[0.727913,-0.538403,-0.424577],[0.685664,0.569074,0.453894],[-0.00276233,-0.621512,0.7834]],[[0.727913,-0.538403,-0.424577],[0.661713,0.713853,0.229237],[0.179664,-0.447812,0.875891]],[[0.727913,-0.538403,-0.424577],[0.613774,0.787671,0.0534396],[0.305655,-0.299493,0.903814]]],"btipPosition":[90.7854,254.041,6.34364],"carpPosition":[107.89,154.915,137.518],"dipPosition":[96.5223,248.42,23.3076],"direction":[-0.179664,0.447812,-0.875891],"extended":true,"handId":346,"id":3461,"length":64.6029,"mcpPosition":[101.162,207.196,83.5382],"pipPosition":[101.293,236.529,46.5646],"stabilizedTipPosition":[92.0919,252.194,10.3112],"timeVisible":0.077294,"tipPosition":[89.013,246.699,10.1707],"tipVelocity":[-38.1149,455.685,-11.1969],"tool":false,"touchDistance":1,"touchZone":"none","type":1,"width":20.3},{"bases":[[[0.600349,-0.628422,-0.494639],[0.799681,0.464294,0.380712],[-0.00958989,-0.624113,0.781275]],[[0.596727,-0.684834,-0.418233],[0.79685,0.444279,0.409447],[-0.0945913,-0.577597,0.810823]],[[0.596727,-0.684834,-0.418233],[0.791563,0.587902,0.16673],[0.131697,-0.43055,0.892907]],[[0.596727,-0.684834,-0.418233],[0.738153,0.672879,-0.0486197],[0.314717,-0.279707,0.907038]]],"btipPosition":[113.142,245.166,-14.1246],"carpPosition":[118.058,150.703,131.327],"dipPosition":[119.639,239.392,4.60024],"direction":[-0.131697,0.43055,-0.892907],"extended":true,"handId":346,"id":3462,"length":73.6098,"mcpPosition":[118.744,195.358,75.427],"pipPosition":[123.753,225.942,32.4935],"stabilizedTipPosition":[114.348,243.227,-9.78071],"timeVisible":0.077294,"tipPosition":[107.876,238.616,-9.64467],"tipVelocity":[226.89,580.146,14.2401],"tool":false,"touchDistance":1,"touchZone":"none","type":2,"width":19.9373},{"bases":[[[0.530391,-0.746616,-0.401559],[0.839816,0.398078,0.369111],[-0.115732,-0.533009,0.838157]],[[0.529117,-0.752302,-0.392527],[0.847756,0.448673,0.282846],[-0.0366696,-0.482426,0.875169]],[[0.529117,-0.752302,-0.392527],[0.783803,0.610535,-0.11358],[0.325098,-0.247567,0.9127]],[[0.529117,-0.752302,-0.392527],[0.647655,0.65692,-0.386004],[0.548251,-0.0499808,0.834819]]],"btipPosition":[114.419,210.257,-16.8888],"carpPosition":[126.331,143.778,124.82],"dipPosition":[125.672,209.231,0.246098],"direction":[-0.325098,0.247567,-0.9127],"extended":true,"handId":346,"id":3463,"length":70.7778,"mcpPosition":[133.766,178.018,70.9771],"pipPosition":[135.565,201.697,28.0214],"stabilizedTipPosition":[115.893,208.473,-12.3591],"timeVisible":0.077294,"tipPosition":[112.152,207.239,-10.3037],"tipVelocity":[363.092,612.235,-122.713],"tool":false,"touchDistance":1,"touchZone":"none","type":3,"width":18.9716},{"bases":[[[0.36733,-0.85873,-0.357283],[0.898542,0.228441,0.37475],[-0.240191,-0.458691,0.855518]],[[0.380375,-0.831301,-0.405282],[0.924461,0.329354,0.192087],[-0.0262004,-0.447733,0.893783]],[[0.380375,-0.831301,-0.405282],[0.804072,0.513773,-0.299175],[0.456927,-0.212078,0.863852]],[[0.380375,-0.831301,-0.405282],[0.550265,0.555645,-0.623271],[0.743319,0.0140643,0.668789]]],"btipPosition":[120.77,180.641,0.418012],"carpPosition":[129.362,131.682,117.235],"dipPosition":[134.845,180.907,13.0818],"direction":[-0.456927,0.212078,-0.863852],"extended":true,"handId":346,"id":3464,"length":55.4885,"mcpPosition":[143.645,158.958,66.3608],"pipPosition":[144.663,176.35,31.6428],"stabilizedTipPosition":[123.621,180.16,3.51885],"timeVisible":0.077294,"tipPosition":[118.599,178.75,7.25877],"tipVelocity":[326.32,486.334,-154.627],"tool":false,"touchDistance":1,"touchZone":"none","type":4,"width":16.8521}],"r":[[0.99699,0.050377,0.0589337],[-0.0489993,0.998496,-0.0245939],[-0.060084,0.0216322,0.997959]],"s":1.04345,"t":[0.081691,20.4583,-1.06376],"timestamp":261214992595},{"currentFrameRate":29.2434,"devices":[],"gestures":[],"hands":[{"armBasis":[[0.650477,-0.401851,-0.644512],[0.658488,0.721264,0.214876],[0.378515,-0.564175,0.73378]],"armWidth":66.4077,"confidence":0.43841,"direction":[0.127042,0.692728,-0.709921],"elbow":[222.839,-32.761,347.04],"grabAngle":0.647305,"grabStrength":0,"id":346,"palmNormal":[-0.669013,-0.46857,-0.576944],"palmPosition":[113.492,178.449,88.5836],"palmVelocity":[-76.4186,371.727,-132.564],"palmWidth":93.3132,"pinchDistance":67.401,"pinchStrength":0,"r":[[0.992886,0.0796857,0.0884764],[-0.0771585,0.996517,-0.0316307],[-0.0906888,0.0245789,0.995576]],"s":1.06055,"sphereCenter":[47.0902,122.268,-6.77076],"sphereRadius":131.379,"stabilizedPalmPosition":[113.685,177.497,88.9169],"t":[-0.645517,28.5835,-2.32133],"timeVisible":0.089267,"type":"right","wrist":[118.031,123.456,143.861]}],"id":205922,"interactionBox":{"center":[0,200,0],"size":[235.247,235.247,147.751]},"pointables":[{"bases":[[[0.917854,0.333664,0.214971],[-0.33975,0.380426,0.860143],[0.205218,-0.862522,0.462538]],[[0.884221,0.440852,0.154279],[-0.309141,0.304787,0.900853],[0.350121,-0.844248,0.405784]],[[0.884221,0.440852,0.154279],[-0.423589,0.617731,0.662556],[0.196786,-0.651197,0.732951]],[[0.884221,0.440852,0.154279],[-0.453387,0.730786,0.510286],[0.112216,-0.521154,0.846053]]],"btipPosition":[57.7008,227.293,65.2286],"carpPosition":[85.88,146.284,135.207],"dipPosition":[60.5858,213.894,86.9806],"direction":[-0.196786,0.651197,-0.732951],"extended":true,"handId":346,"id":3460,"length":57.2524,"mcpPosition":[85.88,146.284,135.207],"pipPosition":[67.9566,189.503,114.434],"stabilizedTipPosition":[61.3831,216.046,78.5635],"timeVisible":0.089267,"tipPosition":[56.1526,224.355,75.3139],"tipVelocity":[-224.714,164.176,-286.863],"tool":false,"touchDistance":1,"touchZone":"none","type":0,"width":21.2521},{"bases":[[[0.743248,-0.424149,-0.517378],[0.661949,0.578342,0.476806],[0.0969848,-0.696863,0.710617]],[[0.74948,-0.519285,-0.410637],[0.662025,0.586425,0.466722],[-0.00155382,-0.621651,0.783293]],[[0.74948,-0.519285,-0.410637],[0.644405,0.714393,0.272737],[0.151728,-0.469027,0.870053]],[[0.74948,-0.519285,-0.410637],[0.606561,0.787159,0.111645],[0.265261,-0.332752,0.904938]]],"btipPosition":[90.4952,259.363,4.97446],"carpPosition":[106.747,158.748,135.645],"dipPosition":[95.474,253.118,21.9596],"direction":[-0.151728,0.469027,-0.870053],"extended":true,"handId":346,"id":3461,"length":64.6029,"mcpPosition":[99.4294,211.325,82.0301],"pipPosition":[99.5027,240.664,45.0615],"stabilizedTipPosition":[91.7725,256.25,9.29949],"timeVisible":0.089267,"tipPosition":[87.7582,251.779,8.83247],"tipVelocity":[-38.7993,432.547,-113.951],"tool":false,"touchDistance":1,"touchZone":"none","type":1,"width":20.3},{"bases":[[[0.625708,-0.606735,-0.490267],[0.780043,0.482869,0.397958],[-0.00472075,-0.631435,0.775414]],[[0.621895,-0.668537,-0.407806],[0.776636,0.459759,0.430647],[-0.100411,-0.584534,0.805132]],[[0.621895,-0.668537,-0.407806],[0.777019,0.591565,0.215155],[0.0974049,-0.450676,0.887357]],[[0.621895,-0.668537,-0.407806],[0.73457,0.678486,0.00792733],[0.271391,-0.304492,0.913034]]],"btipPosition":[114.137,251.374,-15.0964],"carpPosition":[117.128,154.88,129.585],"dipPosition":[119.74,245.089,3.75226],"direction":[-0.0974049,0.450676,-0.887357],"extended":true,"handId":346,"id":3462,"length":73.6098,"mcpPosition":[117.466,200.059,74.1043],"pipPosition":[122.783,231.01,31.4722],"stabilizedTipPosition":[115.132,248.103,-10.494],"timeVisible":0.089267,"tipPosition":[107.873,244.576,-10.7477],"tipVelocity":[65.9752,508.715,-78.7853],"tool":false,"touchDistance":1,"touchZone":"none","type":2,"width":19.9373},{"bases":[[[0.557598,-0.727706,-0.39941],[0.822206,0.417911,0.38643],[-0.114289,-0.54387,0.83135]],[[0.554999,-0.739286,-0.381357],[0.83008,0.46229,0.311858],[-0.0542549,-0.489637,0.870237]],[[0.554999,-0.739286,-0.381357],[0.794077,0.607423,-0.0218894],[0.247827,-0.290678,0.924169]],[[0.554999,-0.739286,-0.381357],[0.698963,0.663013,-0.268076],[0.451029,-0.117772,0.884705]]],"btipPosition":[118.902,218.484,-19.2487],"carpPosition":[125.697,148.25,123.153],"dipPosition":[128.16,216.067,-1.08993],"direction":[-0.247827,0.290678,-0.924169],"extended":true,"handId":346,"id":3463,"length":70.7778,"mcpPosition":[133.039,183.188,69.7479],"pipPosition":[135.702,207.221,27.0344],"stabilizedTipPosition":[119.185,214.53,-14.097],"timeVisible":0.089267,"tipPosition":[114.255,213.925,-12.4962],"tipVelocity":[336.118,660.413,-177.436],"tool":false,"touchDistance":1,"touchZone":"none","type":3,"width":18.9716},{"bases":[[[0.397054,-0.844743,-0.358828],[0.885575,0.249936,0.391522],[-0.241051,-0.473225,0.847321]],[[0.406176,-0.825592,-0.391686],[0.91268,0.345356,0.218505],[-0.0451246,-0.446236,0.893777]],[[0.406176,-0.825592,-0.391686],[0.829491,0.51294,-0.220992],[0.38336,-0.235139,0.893166]],[[0.406176,-0.825592,-0.391686],[0.67188,0.560342,-0.484349],[0.619353,-0.0664352,0.782297]]],"btipPosition":[125.311,188.1,-3.59643],"carpPosition":[129.189,136.315,115.512],"dipPosition":[137.039,186.842,11.2167],"direction":[-0.38336,0.235139,-0.893166],"extended":true,"handId":346,"id":3464,"length":55.4885,"mcpPosition":[143.523,164.456,65.1252],"pipPosition":[145.276,181.789,30.4075],"stabilizedTipPosition":[126.635,185.415,0.971766],"timeVisible":0.089267,"tipPosition":[121.059,184.977,4.37435],"tipVelocity":[334.21,593.71,-294.003],"tool":false,"touchDistance":1,"touchZone":"none","type":4,"width":16.8521}],"r":[[0.992886,0.0796857,0.0884764],[-0.0771585,0.996517,-0.0316307],[-0.0906888,0.0245789,0.995576]],"s":1.06055,"t":[-0.645517,28.5835,-2.32133],"timestamp":261215004568},{"currentFrameRate":32.3892,"devices":[],"gestures":[],"hands":[{"armBasis":[[0.654345,-0.363211,-0.663257],[0.646085,0.724297,0.240766],[0.392947,-0.586064,0.708605]],"armWidth":66.4077,"confidence":0.488259,"direction":[0.118043,0.698752,-0.705558],"elbow":[226.965,-34.8287,337.828],"grabAngle":0.585156,"grabStrength":0,"id":346,"palmNormal":[-0.655784,-0.478688,-0.583786],"palmPosition":[112.809,182.924,86.8726],"palmVelocity":[-56.7057,371.143,-141.922],"palmWidth":93.3132,"pinchDistance":67.6369,"pinchStrength":0,"r":[[0.987787,0.106965,0.113293],[-0.103386,0.993952,-0.0370276],[-0.116569,0.0248624,0.992871]],"s":1.07675,"sphereCenter":[48.869,124.313,-11.8544],"sphereRadius":134.171,"stabilizedPalmPosition":[112.989,181.809,87.2926],"t":[-1.35094,34.8834,-3.80562],"timeVisible":0.101323,"type":"right","wrist":[118.161,127.449,141.62]}],"id":205923,"interactionBox":{"center":[0,200,0],"size":[235.247,235.247,147.751]},"pointables":[{"bases":[[[0.909638,0.350584,0.222824],[-0.352898,0.36921,0.859737],[0.219141,-0.860683,0.459567]],[[0.875949,0.453359,0.16486],[-0.323056,0.297491,0.898406],[0.358256,-0.840217,0.407047]],[[0.875949,0.453359,0.16486],[-0.439476,0.609027,0.660263],[0.198932,-0.650809,0.732717]],[[0.875949,0.453359,0.16486],[-0.470067,0.725369,0.502869],[0.108396,-0.517983,0.848495]]],"btipPosition":[56.9504,230.687,63.0496],"carpPosition":[85.5283,149.981,133.146],"dipPosition":[59.7373,217.37,84.8644],"direction":[-0.198932,0.650809,-0.732717],"extended":true,"handId":346,"id":3460,"length":57.2524,"mcpPosition":[85.5283,149.981,133.146],"pipPosition":[67.1884,192.993,112.309],"stabilizedTipPosition":[60.4477,218.903,75.9739],"timeVisible":0.101323,"tipPosition":[54.8031,227.751,73.1901],"tipVelocity":[-64.1112,283.052,-179.545],"tool":false,"touchDistance":1,"touchZone":"none","type":0,"width":21.2521},{"bases":[[[0.754897,-0.406736,-0.514486],[0.647218,0.588814,0.484156],[0.106013,-0.698473,0.707741]],[[0.76228,-0.505031,-0.404812],[0.647176,0.585408,0.488324],[-0.00963813,-0.634224,0.773089]],[[0.76228,-0.505031,-0.404812],[0.633821,0.709181,0.308762],[0.131151,-0.491942,0.860693]],[[0.76228,-0.505031,-0.404812],[0.598305,0.788393,0.143062],[0.246901,-0.351255,0.903139]]],"btipPosition":[90.4813,265.137,4.09812],"carpPosition":[106.141,162.85,133.787],"dipPosition":[95.1155,258.544,21.0495],"direction":[-0.131151,0.491942,-0.860693],"extended":true,"handId":346,"id":3461,"length":64.6029,"mcpPosition":[98.1429,215.549,80.3898],"pipPosition":[98.5978,245.482,43.9029],"stabilizedTipPosition":[91.6031,261.792,8.32011],"timeVisible":0.101323,"tipPosition":[86.8383,257.083,7.4048],"tipVelocity":[-7.72919,472.251,-73.3326],"tool":false,"touchDistance":1,"touchZone":"none","type":1,"width":20.3},{"bases":[[[0.64081,-0.591742,-0.489086],[0.767695,0.496096,0.405626],[0.00260707,-0.635398,0.77218]],[[0.637426,-0.656194,-0.403854],[0.762714,0.462977,0.451575],[-0.109346,-0.59587,0.795602]],[[0.637426,-0.656194,-0.403854],[0.768317,0.580837,0.268918],[0.0581109,-0.481703,0.874406]],[[0.637426,-0.656194,-0.403854],[0.739077,0.66889,0.0796958],[0.217838,-0.349279,0.911346]]],"btipPosition":[115.928,258.492,-15.7273],"carpPosition":[116.637,159.219,127.778],"dipPosition":[120.425,251.281,3.08641],"direction":[-0.0581109,0.481703,-0.874406],"extended":true,"handId":346,"id":3462,"length":73.6098,"mcpPosition":[116.451,204.682,72.5293],"pipPosition":[122.241,236.233,30.4018],"stabilizedTipPosition":[116.548,254.856,-11.195],"timeVisible":0.101323,"tipPosition":[108.589,250.89,-12.0113],"tipVelocity":[127.455,572.702,-53.0038],"tool":false,"touchDistance":0.986319,"touchZone":"hovering","type":2,"width":19.9373},{"bases":[[[0.574501,-0.714499,-0.399299],[0.811208,0.432043,0.394056],[-0.109038,-0.5503,0.827817]],[[0.57095,-0.730775,-0.374145],[0.817841,0.466424,0.337024],[-0.0717783,-0.498414,0.863962]],[[0.57095,-0.730775,-0.374145],[0.798715,0.599854,0.0472241],[0.189922,-0.325797,0.926167]],[[0.57095,-0.730775,-0.374145],[0.730095,0.660373,-0.175696],[0.375469,-0.172848,0.910575]]],"btipPosition":[122.419,226.07,-21.0874],"carpPosition":[125.378,152.793,121.371],"dipPosition":[130.126,222.523,-2.39764],"direction":[-0.189922,0.325797,-0.926167],"extended":true,"handId":346,"id":3463,"length":70.7778,"mcpPosition":[132.382,188.144,68.1931],"pipPosition":[135.905,212.608,25.7875],"stabilizedTipPosition":[122.63,221.91,-15.9494],"timeVisible":0.101323,"tipPosition":[116.047,220.417,-14.6715],"tipVelocity":[262.107,607.675,-142.383],"tool":false,"touchDistance":0.917506,"touchZone":"hovering","type":3,"width":18.9716},{"bases":[[[0.416035,-0.834887,-0.360388],[0.877848,0.265326,0.39873],[-0.237274,-0.482251,0.843288]],[[0.421467,-0.823387,-0.38],[0.905048,0.355564,0.233371],[-0.0570404,-0.442277,0.895063]],[[0.421467,-0.823387,-0.38],[0.839875,0.512459,-0.178874],[0.342017,-0.243763,0.907526]],[[0.421467,-0.823387,-0.38],[0.70254,0.561429,-0.437304],[0.573413,-0.0826565,0.815086]]],"btipPosition":[127.274,193.629,-6.15405],"carpPosition":[129.155,140.969,113.694],"dipPosition":[138.132,192.064,9.27998],"direction":[-0.342017,0.243763,-0.907526],"extended":true,"handId":346,"id":3464,"length":55.4885,"mcpPosition":[143.265,169.647,63.547],"pipPosition":[145.481,186.826,28.7794],"stabilizedTipPosition":[128.822,190.893,-1.52236],"timeVisible":0.101323,"tipPosition":[121.976,190.456,2.05002],"tipVelocity":[146.223,452.775,-200.3],"tool":false,"touchDistance":1,"touchZone":"none","type":4,"width":16.8521}],"r":[[0.987787,0.106965,0.113293],[-0.103386,0.993952,-0.0370276],[-0.116569,0.0248624,0.992871]],"s":1.07675,"t":[-1.35094,34.8834,-3.80562],"timestamp":261215016624},{"currentFrameRate":35.5908,"devices":[],"gestures":[],"hands":[{"armBasis":[[0.65871,-0.328206,-0.677039],[0.633172,0.727897,0.26317],[0.406441,-0.602035,0.687284]],"armWidth":66.4077,"confidence":0.529614,"direction":[0.116975,0.711248,-0.69314],"elbow":[230.373,-36.3267,329.384],"grabAngle":0.544697,"grabStrength":0,"id":346,"palmNormal":[-0.641501,-0.478683,-0.599449],"palmPosition":[112.214,186.76,85.3009],"palmVelocity":[-56.0988,361.922,-148.287],"palmWidth":93.3132,"pinchDistance":67.9309,"pinchStrength":0,"r":[[0.982015,0.131145,0.135824],[-0.126959,0.991138,-0.0390715],[-0.139745,0.0211247,0.989962]],"s":1.0903,"sphereCenter":[50.2239,127.156,-17.3071],"sphereRadius":136.869,"stabilizedPalmPosition":[112.41,185.51,85.8038],"t":[-2.00095,39.9513,-5.33361],"timeVisible":0.111922,"type":"right","wrist":[117.832,130.373,139.08]}],"id":205924,"interactionBox":{"center":[0,200,0],"size":[235.247,235.247,147.751]},"pointables":[{"bases":[[[0.90168,0.359792,0.239841],[-0.368918,0.350783,0.860727],[0.22555,-0.864581,0.449028]],[[0.86909,0.458496,0.185646],[-0.339991,0.281085,0.897439],[0.35929,-0.843073,0.400173]],[[0.86909,0.458496,0.185646],[-0.45416,0.590893,0.666772],[0.196015,-0.663797,0.721769]],[[0.86909,0.458496,0.185646],[-0.483451,0.707894,0.514937],[0.104679,-0.537277,0.836884]]],"btipPosition":[56.398,234.555,61.6719],"carpPosition":[84.824,152.72,130.708],"dipPosition":[59.0893,220.742,83.1882],"direction":[-0.196015,0.663797,-0.721769],"extended":true,"handId":346,"id":3460,"length":57.2524,"mcpPosition":[84.824,152.72,130.708],"pipPosition":[66.4312,195.879,110.223],"stabilizedTipPosition":[59.4792,222.424,73.3336],"timeVisible":0.111922,"tipPosition":[53.8786,230.993,71.3788],"tipVelocity":[-54.1941,354.21,-136.458],"tool":false,"touchDistance":1,"touchZone":"none","type":0,"width":21.2521},{"bases":[[[0.767028,-0.388043,-0.51097],[0.632627,0.590217,0.501425],[0.107008,-0.707861,0.6982]],[[0.774375,-0.491474,-0.398493],[0.632398,0.580887,0.512488],[-0.0203948,-0.648864,0.760631]],[[0.774375,-0.491474,-0.398493],[0.623574,0.699537,0.349005],[0.107234,-0.51875,0.848174]],[[0.774375,-0.491474,-0.398493],[0.593306,0.782852,0.187431],[0.219844,-0.381571,0.897815]]],"btipPosition":[91.1576,270.833,3.86254],"carpPosition":[105.242,165.866,131.812],"dipPosition":[95.284,263.671,20.714],"direction":[-0.107234,0.51875,-0.848174],"extended":true,"handId":346,"id":3461,"length":64.6029,"mcpPosition":[97.1687,219.273,79.1339],"pipPosition":[98.1313,249.897,43.235],"stabilizedTipPosition":[91.9786,267.305,7.88635],"timeVisible":0.111922,"tipPosition":[86.7576,262.482,6.76113],"tipVelocity":[52.7919,525.058,-24.3952],"tool":false,"touchDistance":1,"touchZone":"none","type":1,"width":20.3},{"bases":[[[0.655272,-0.575004,-0.489886],[0.75539,0.500432,0.423028],[0.00191218,-0.647254,0.762272]],[[0.651522,-0.64258,-0.403249],[0.749482,0.462908,0.473278],[-0.117452,-0.610579,0.783198]],[[0.651522,-0.64258,-0.403249],[0.757887,0.574839,0.308494],[0.0335706,-0.506607,0.861523]],[[0.651522,-0.64258,-0.403249],[0.737214,0.661685,0.136703],[0.178981,-0.386345,0.904822]]],"btipPosition":[117.202,264.919,-15.7204],"carpPosition":[115.864,162.477,125.882],"dipPosition":[120.897,256.944,2.95866],"direction":[-0.0335706,0.506607,-0.861523],"extended":true,"handId":346,"id":3462,"length":73.6098,"mcpPosition":[115.727,208.788,71.3423],"pipPosition":[121.946,241.118,29.8716],"stabilizedTipPosition":[117.701,261.161,-11.3706],"timeVisible":0.111922,"tipPosition":[109.3,256.915,-12.4502],"tipVelocity":[102.799,589.848,-2.26914],"tool":false,"touchDistance":0.92066,"touchZone":"hovering","type":2,"width":19.9373},{"bases":[[[0.58959,-0.700063,-0.402859],[0.799952,0.437184,0.411031],[-0.111624,-0.564608,0.817776]],[[0.58538,-0.719159,-0.374355],[0.806012,0.466309,0.364556],[-0.0876089,-0.515138,0.852618]],[[0.58538,-0.719159,-0.374355],[0.79741,0.594136,0.105542],[0.146516,-0.360296,0.92126]],[[0.58538,-0.719159,-0.374355],[0.745976,0.658611,-0.0987477],[0.317569,-0.221455,0.922013]]],"btipPosition":[125.268,233.339,-21.8526],"carpPosition":[124.775,156.275,119.49],"dipPosition":[131.787,228.794,-2.92807],"direction":[-0.146516,0.360296,-0.92126],"extended":true,"handId":346,"id":3463,"length":70.7778,"mcpPosition":[131.945,192.545,66.9565],"pipPosition":[136.245,217.829,25.1077],"stabilizedTipPosition":[125.467,229.029,-17.0125],"timeVisible":0.111922,"tipPosition":[117.896,226.904,-15.9085],"tipVelocity":[243.044,664.153,-67.101],"tool":false,"touchDistance":0.848421,"touchZone":"hovering","type":3,"width":18.9716},{"bases":[[[0.432374,-0.823253,-0.367842],[0.868891,0.271366,0.413991],[-0.241,-0.498613,0.832649]],[[0.436408,-0.814657,-0.381944],[0.896985,0.360677,0.255596],[-0.0704647,-0.454142,0.888138]],[[0.436408,-0.814657,-0.381944],[0.845688,0.516322,-0.134993],[0.307179,-0.264093,0.914273]],[[0.436408,-0.814657,-0.381944],[0.717923,0.571161,-0.397947],[0.542342,-0.100539,0.834121]]],"btipPosition":[129.015,199.495,-7.77154],"carpPosition":[128.816,144.626,111.68],"dipPosition":[139.285,197.591,8.02293],"direction":[-0.307179,0.264093,-0.914273],"extended":true,"handId":346,"id":3464,"length":55.4885,"mcpPosition":[143.148,174.276,62.1659],"pipPosition":[145.885,191.917,27.6673],"stabilizedTipPosition":[130.56,196.446,-3.30201],"timeVisible":0.111922,"tipPosition":[123.071,196.009,0.335917],"tipVelocity":[151.494,546.085,-144.786],"tool":false,"touchDistance":0.953961,"touchZone":"hovering","type":4,"width":16.8521}],"r":[[0.982015,0.131145,0.135824],[-0.126959,0.991138,-0.0390715],[-0.139745,0.0211247,0.989962]],"s":1.0903,"t":[-2.00095,39.9513,-5.33361],"timestamp":261215027223},{"currentFrameRate":38.6196,"devices":[],"gestures":[],"hands":[{"armBasis":[[0.659308,-0.295841,-0.691224],[0.623008,0.729628,0.281964],[0.42092,-0.61654,0.665361]],"armWidth":66.4077,"confidence":0.568727,"direction":[0.12496,0.731827,-0.669936],"elbow":[233.425,-38.1801,319.705],"grabAngle":0.506385,"grabStrength":0,"id":346,"palmNormal":[-0.629199,-0.463631,-0.623824],"palmPosition":[111.597,190.466,83.3529],"palmVelocity":[-58.0513,348.425,-183.152],"palmWidth":93.3132,"pinchDistance":62.8312,"pinchStrength":0,"r":[[0.975952,0.150413,0.157777],[-0.146577,0.988553,-0.0357434],[-0.161347,0.0117573,0.986828]],"s":1.09797,"sphereCenter":[43.9526,126.82,-28.2204],"sphereRadius":148.139,"stabilizedPalmPosition":[111.819,189.109,84.0238],"t":[-2.63467,44.3382,-7.07161],"timeVisible":0.122558,"type":"right","wrist":[116.874,132.536,135.471]}],"id":205925,"interactionBox":{"center":[0,200,0],"size":[235.247,235.247,147.751]},"pointables":[{"bases":[[[0.895849,0.356499,0.265262],[-0.384766,0.323711,0.864388],[0.222285,-0.876424,0.427165]],[[0.865875,0.450965,0.216542],[-0.357092,0.254021,0.898865],[0.350351,-0.855631,0.380987]],[[0.865875,0.450965,0.216542],[-0.466157,0.570259,0.67639],[0.181543,-0.686612,0.703993]],[[0.865875,0.450965,0.216542],[-0.492283,0.691114,0.529167],[0.0889805,-0.564793,0.820421]]],"btipPosition":[56.603,239.027,60.3151],"carpPosition":[83.6257,154.987,127.28],"dipPosition":[58.8907,224.506,81.4081],"direction":[-0.181543,0.686612,-0.703993],"extended":true,"handId":346,"id":3460,"length":57.2524,"mcpPosition":[83.6257,154.987,127.28],"pipPosition":[65.6905,198.788,107.777],"stabilizedTipPosition":[58.6194,227.277,70.3453],"timeVisible":0.122558,"tipPosition":[53.4594,234.873,69.5578],"tipVelocity":[10.5488,405.09,-136.72],"tool":false,"touchDistance":1,"touchZone":"none","type":0,"width":21.2521},{"bases":[[[0.777224,-0.36951,-0.509298],[0.621404,0.57796,0.52898],[0.0988904,-0.727616,0.67882]],[[0.78297,-0.482692,-0.392386],[0.62091,0.568093,0.54013],[-0.0378043,-0.666542,0.744508]],[[0.78297,-0.482692,-0.392386],[0.617042,0.682606,0.391546],[0.0788491,-0.548688,0.832301]],[[0.78297,-0.482692,-0.392386],[0.594902,0.765372,0.245554],[0.181795,-0.425693,0.886418]]],"btipPosition":[92.7766,277.098,4.01774],"carpPosition":[103.959,168.183,129.108],"dipPosition":[96.1887,269.108,20.6552],"direction":[-0.0788491,0.548688,-0.832301],"extended":true,"handId":346,"id":3461,"length":64.6029,"mcpPosition":[96.4981,223.08,77.8928],"pipPosition":[98.2824,254.539,42.7548],"stabilizedTipPosition":[93.2163,273.526,7.85352],"timeVisible":0.122558,"tipPosition":[87.5588,268.869,6.74417],"tipVelocity":[136.768,571.115,9.96612],"tool":false,"touchDistance":1,"touchZone":"none","type":1,"width":20.3},{"bases":[[[0.666041,-0.557494,-0.49557],[0.745877,0.491054,0.450036],[-0.00754065,-0.669377,0.742884]],[[0.661016,-0.62888,-0.409351],[0.739713,0.454497,0.496244],[-0.126029,-0.630827,0.76562]],[[0.661016,-0.62888,-0.409351],[0.749999,0.570908,0.334014],[0.0236471,-0.527801,0.849039]],[[0.661016,-0.62888,-0.409351],[0.733484,0.65661,0.175682],[0.158301,-0.416381,0.895303]]],"btipPosition":[117.899,271.396,-15.4386],"carpPosition":[114.693,165.016,123.26],"dipPosition":[121.167,262.8,3.04393],"direction":[-0.0236471,0.527801,-0.849039],"extended":true,"handId":346,"id":3462,"length":73.6098,"mcpPosition":[115.233,212.909,70.1068]