{"frames":212,"data":[{"currentFrameRate":25.952,"devices":[],"gestures":[],"hands":[],"id":206676,"interactionBox":{"center":[0,200,0],"size":[235.247,235.247,147.751]},"pointables":[],"r":[[-0.0794966,-0.728761,-0.680138],[0.446709,0.583909,-0.677865],[0.891141,-0.357712,0.279125]],"s":-5.62558,"t":[894.675,787.691,741.58],"timestamp":261238019412},{"currentFrameRate":25.9508,"devices":[],"gestures":[],"hands":[],"id":206677,"interactionBox":{"center":[0,200,0],"size":[235.247,235.247,147.751]},"pointables":[],"r":[[-0.0794966,-0.728761,-0.680138],[0.446709,0.583909,-0.677865],[0.891141,-0.357712,0.279125]],"s":-5.62558,"t":[894.675,787.691,741.58],"timestamp":261238057955},{"currentFrameRate":25.9539,"devices":[],"gestures":[],"hands":[],"id":206678,"interactionBox":{"center":[0,200,0],"size":[235.247,235.247,147.751]},"pointables":[],"r":[[-0.0794966,-0.728761,-0.680138],[0.446709,0.583909,-0.677865],[0.891141,-0.357712,0.279125]],"s":-5.62558,"t":[894.675,787.691,741.58],"timestamp":261238096463},{"currentFrameRate":25.9561,"devices":[],"gestures":[],"hands":[],"id":206679,"interactionBox":{"center":[0,200,0],"size":[235.247,235.247,147.751]},"pointables":[],"r":[[-0.0794966,-0.728761,-0.680138],[0.446709,0.583909,-0.677865],[0.891141,-0.357712,0.279125]],"s":-5.62558,"t":[894.675,787.691,741.58],"timestamp":261238134974},{"currentFrameRate":25.9155,"devices":[],"gestures":[],"hands":[],"id":206680,"interactionBox":{"center":[0,200,0],"size":[235.247,235.247,147.751]},"pointables":[],"r":[[-0.0794966,-0.728761,-0.680138],[0.446709,0.583909,-0.677865],[0.891141,-0.357712,0.279125]],"s":-5.62558,"t":[894.675,787.691,741.58],"timestamp":261238173845},{"currentFrameRate":25.9555,"devices":[],"gestures":[],"hands":[],"id":206681,"interactionBox":{"center":[0,200,0],"size":[235.247,235.247,147.751]},"pointables":[],"r":[[-0.0794966,-0.728761,-0.680138],[0.446709,0.583909,-0.677865],[0.891141,-0.357712,0.279125]],"s":-5.62558,"t":[894.675,787.691,741.58],"timestamp":261238212093},{"currentFrameRate":25.9539,"devices":[],"gestures":[],"hands":[],"id":206682,"interactionBox":{"center":[0,200,0],"size":[235.247,235.247,147.751]},"pointables":[],"r":[[-0.0794966,-0.728761,-0.680138],[0.446709,0.583909,-0.677865],[0.891141,-0.357712,0.279125]],"s":-5.62558,"t":[894.675,787.691,741.58],"timestamp":261238250634},{"currentFrameRate":25.9558,"devices":[],"gestures":[],"hands":[],"id":206683,"interactionBox":{"center":[0,200,0],"size":[235.247,235.247,147.751]},"pointables":[],"r":[[-0.0794966,-0.728761,-0.680138],[0.446709,0.583909,-0.677865],[0.891141,-0.357712,0.279125]],"s":-5.62558,"t":[894.675,787.691,741.58],"timestamp":261238289148},{"currentFrameRate":25.9554,"devices":[],"gestures":[],"hands":[],"id":206684,"interactionBox":{"center":[0,200,0],"size":[235.247,235.247,147.751]},"pointables":[],"r":[[-0.0794966,-0.728761,-0.680138],[0.446709,0.583909,-0.677865],[0.891141,-0.357712,0.279125]],"s":-5.62558,"t":[894.675,787.691,741.58],"timestamp":261238327678},{"currentFrameRate":25.9564,"devices":[],"gestures":[],"hands":[],"id":206685,"interactionBox":{"center":[0,200,0],"size":[235.247,235.247,147.751]},"pointables":[],"r":[[-0.0794966,-0.728761,-0.680138],[0.446709,0.583909,-0.677865],[0.891141,-0.357712,0.279125]],"s":-5.62558,"t":[894.675,787.691,741.58],"timestamp":261238366197},{"currentFrameRate":25.9487,"devices":[],"gestures":[],"hands":[],"id":206686,"interactionBox":{"center":[0,200,0],"size":[235.247,235.247,147.751]},"pointables":[],"r":[[-0.0794966,-0.728761,-0.680138],[0.446709,0.583909,-0.677865],[0.891141,-0.357712,0.279125]],"s":-5.62558,"t":[894.675,787.691,741.58],"timestamp":261238404789},{"currentFrameRate":25.949,"devices":[],"gestures":[],"hands":[{"armBasis":[[-0.525581,0.693255,0.493115],[-0.724045,-0.668835,0.168579],[0.44668,-0.268436,0.853475]],"armWidth":60.8506,"confidence":0,"direction":[-0.558312,-0.0869166,-0.825066],"elbow":[207.588,75.382,306.04],"grabAngle":2.93241,"grabStrength":1,"id":348,"palmNormal":[0.574395,0.677095,-0.460014],"palmPosition":[59.8002,139.493,21.5232],"palmVelocity":[1.19209e-7,1.19209e-7,1.19209e-7],"palmWidth":86.8926,"pinchDistance":19.113,"pinchStrength":0.694901,"r":[[1,-1.66533e-17,4.44089e-17],[1.66533e-17,1,5.55112e-18],[-4.44089e-17,-5.55112e-18,1]],"s":1,"sphereCenter":[73.6562,170.174,-8.47618],"sphereRadius":37.4039,"stabilizedPalmPosition":[59.8002,139.493,21.5232],"t":[0,0,0],"timeVisible":0,"type":"right","wrist":[92.4149,144.596,85.9786]}],"id":206687,"interactionBox":{"center":[0,200,0],"size":[235.247,235.247,147.751]},"pointables":[{"bases":[[[-0.863586,-0.328523,0.382481],[0.442786,-0.856985,0.263661],[0.241162,0.397052,0.885546]],[[-0.893186,-0.447324,0.0460463],[0.445835,-0.867502,0.220618],[-0.0587426,0.217582,0.974273]],[[-0.893186,-0.447324,0.0460463],[0.426191,-0.874732,-0.230661],[0.143459,-0.186399,0.971944]],[[-0.893186,-0.447324,0.0460463],[0.295839,-0.661634,-0.688999],[0.338672,-0.601782,0.723298]]],"btipPosition":[96.4699,143.022,-36.8796],"carpPosition":[105.91,133.875,57.3759],"dipPosition":[104.039,129.572,-20.7141],"direction":[-0.143459,0.186399,-0.971944],"extended":false,"handId":348,"id":3480,"length":49.7695,"mcpPosition":[105.91,133.875,57.3759],"pipPosition":[108.71,123.503,10.9326],"stabilizedTipPosition":[98.2109,139.928,-33.1616],"timeVisible":0,"tipPosition":[98.2109,139.928,-33.1616],"tipVelocity":[1.19209e-7,1.19209e-7,1.19209e-7],"tool":false,"touchDistance":1,"touchZone":"none","type":0,"width":19.3381},{"bases":[[[-0.683874,0.705777,0.184918],[-0.634774,-0.700514,0.3261],[0.359691,0.10563,0.927073]],[[-0.596747,0.712536,0.369034],[-0.609813,-0.10378,-0.785721],[-0.521556,-0.693918,0.496444]],[[-0.596747,0.712536,0.369034],[0.244081,0.599286,-0.762418],[-0.764407,-0.364896,-0.531539]],[[-0.596747,0.712536,0.369034],[0.706949,0.684418,-0.17831],[-0.379625,0.154482,-0.912151]]],"btipPosition":[104.834,152.922,1.71259],"carpPosition":[84.8685,125.972,60.0618],"dipPosition":[98.64,155.443,-13.1703],"direction":[0.764407,0.364896,0.531539],"extended":false,"handId":348,"id":3481,"length":56.1593,"mcpPosition":[59.5977,118.551,-5.07125],"pipPosition":[80.996,147.02,-25.4392],"stabilizedTipPosition":[103.409,153.502,-1.71047],"timeVisible":0,"tipPosition":[103.409,153.502,-1.71047],"tipVelocity":[1.19209e-7,1.19209e-7,1.19209e-7],"tool":false,"touchDistance":0.333333,"touchZone":"none","type":1,"width":18.4718},{"bases":[[[-0.51069,0.82257,0.250149],[-0.733202,-0.56862,0.372942],[0.449011,0.00704831,0.893498]],[[-0.536696,0.820667,0.196121],[-0.621262,-0.22706,-0.749985],[-0.570957,-0.524356,0.631711]],[[-0.536696,0.820667,0.196121],[0.288582,0.396945,-0.871295],[-0.792892,-0.411023,-0.449869]],[[-0.536696,0.820667,0.196121],[0.726567,0.567667,-0.38711],[-0.42902,-0.0652653,-0.900934]]],"btipPosition":[101.275,168.983,1.99789],"carpPosition":[75.6792,132.983,62.2214],"dipPosition":[93.576,167.812,-14.1701],"direction":[0.792892,0.411023,0.449869],"extended":false,"handId":348,"id":3482,"length":63.9891,"mcpPosition":[45.7633,132.514,2.69096],"pipPosition":[72.0443,156.65,-26.3866],"stabilizedTipPosition":[99.5043,168.713,-1.72074],"timeVisible":0,"tipPosition":[99.5043,168.713,-1.72074],"tipVelocity":[1.19209e-7,1.19209e-7,1.19209e-7],"tool":false,"touchDistance":0.333333,"touchZone":"none","type":2,"width":18.1417},{"bases":[[[-0.382313,0.85515,0.350078],[-0.753128,-0.507884,0.418154],[0.535383,-0.103787,0.838208]],[[-0.413729,0.859835,0.299185],[-0.834706,-0.227067,-0.501703],[-0.363447,-0.457301,0.811654]],[[-0.413729,0.859835,0.299185],[-0.049809,0.30676,-0.950483],[-0.909036,-0.408145,-0.084088]],[[-0.413729,0.859835,0.299185],[0.488972,0.487077,-0.723645],[-0.767941,-0.1531,-0.621954]]],"btipPosition":[89.9665,181.341,-6.68814],"carpPosition":[68.735,142.092,64.7624],"dipPosition":[76.2644,178.61,-17.7854],"direction":[0.909036,0.408145,0.084088],"extended":false,"handId":348,"id":3483,"length":61.5272,"mcpPosition":[36.7088,148.3,14.6214],"pipPosition":[52.2162,167.812,-20.0099],"stabilizedTipPosition":[86.815,180.713,-9.24051],"timeVisible":0,"tipPosition":[86.815,180.713,-9.24051],"tipVelocity":[1.19209e-7,1.19209e-7,1.19209e-7],"tool":false,"touchDistance":0.333333,"touchZone":"none","type":3,"width":17.263},{"bases":[[[-0.18805,0.909474,0.370802],[-0.753145,-0.375855,0.539913],[0.630405,-0.177737,0.755645]],[[-0.306152,0.926678,0.218034],[-0.928239,-0.239748,-0.284418],[-0.21129,-0.289463,0.933578]],[[-0.306152,0.926678,0.218034],[-0.278339,0.131891,-0.951384],[-0.910384,-0.351956,0.217552]],[[-0.306152,0.926678,0.218034],[0.311505,0.313939,-0.896888],[-0.899575,-0.206665,-0.384777]]],"btipPosition":[71.327,185.004,-4.05118],"carpPosition":[67.2887,155.412,67.0458],"dipPosition":[56.5194,181.602,-10.3848],"direction":[0.910384,0.351956,-0.217552],"extended":false,"handId":348,"id":3484,"length":48.2362,"mcpPosition":[32.3806,165.254,25.2026],"pipPosition":[39.5152,175.028,-6.32141],"stabilizedTipPosition":[67.9212,184.221,-5.50792],"timeVisible":0,"tipPosition":[67.9212,184.221,-5.50792],"tipVelocity":[1.19209e-7,1.19209e-7,1.19209e-7],"tool":false,"touchDistance":1,"touchZone":"none","type":4,"width":15.3344}],"r":[[1,-1.66533e-17,4.44089e-17],[1.66533e-17,1,5.55112e-18],[-4.44089e-17,-5.55112e-18,1]],"s":1,"t":[0,0,0],"timestamp":261238443324},{"currentFrameRate":25.9345,"devices":[],"gestures":[],"hands":[{"armBasis":[[0.666542,-0.572319,-0.477674],[0.594163,0.794846,-0.123245],[0.450212,-0.201668,0.86985]],"armWidth":61.649,"confidence":0.200892,"direction":[-0.0531113,0.456079,-0.888353],"elbow":[221.859,72.4614,308.439],"grabAngle":2.38831,"grabStrength":0.517928,"id":348,"palmNormal":[-0.687868,-0.661598,-0.298539],"palmPosition":[89.5873,156.564,20.9919],"palmVelocity":[770.49,441.548,-13.7416],"palmWidth":86.8926,"pinchDistance":46.1301,"pinchStrength":0.410611,"r":[[0.982796,-0.0854525,0.163739],[0.104147,0.988548,-0.109206],[-0.152532,0.12438,0.98044]],"s":1.05572,"sphereCenter":[59.4193,126.436,-13.5917],"sphereRadius":49.2623,"stabilizedPalmPosition":[88.4283,155.899,21.0126],"t":[14.8936,8.53513,-0.265624],"timeVisible":0.03866,"type":"right","wrist":[105.776,124.46,84.1554]}],"id":206688,"interactionBox":{"center":[0,200,0],"size":[235.247,235.247,147.751]},"pointables":[{"bases":[[[0.896176,0.441234,-0.0467063],[-0.25423,0.596909,0.760964],[0.363643,-0.670084,0.64711]],[[0.81844,0.551994,-0.159558],[-0.221283,0.559067,0.799048],[0.530274,-0.618665,0.57971]],[[0.81844,0.551994,-0.159558],[-0.400801,0.747418,0.529834],[0.411722,-0.369686,0.832957]],[[0.81844,0.551994,-0.159558],[-0.541709,0.833848,0.106062],[0.191593,-0.000371127,0.981474]]],"btipPosition":[31.1502,180.657,-1.01313],"carpPosition":[73.8052,139.331,74.8163],"dipPosition":[35.357,180.648,20.5371],"direction":[-0.411722,0.369686,-0.832957],"extended":true,"handId":348,"id":3480,"length":48.8949,"mcpPosition":[73.8052,139.331,74.8163],"pipPosition":[48.5272,168.823,47.1817],"stabilizedTipPosition":[39.3694,176.186,-0.127684],"timeVisible":0.03866,"tipPosition":[30.4042,174.652,2.787],"tipVelocity":[-1709.6,1053.45,959.777],"tool":false,"touchDistance":1,"touchZone":"none","type":0,"width":19.7032},{"bases":[[[0.433567,-0.885793,-0.165503],[0.898851,0.412088,0.149166],[-0.0639284,-0.213436,0.974863]],[[0.435552,-0.877714,-0.199784],[0.751355,0.476711,-0.456302],[0.495742,0.048634,0.867107]],[[0.435552,-0.877714,-0.199784],[-0.16225,0.141759,-0.976514],[0.885421,0.457737,-0.0806651]],[[0.435552,-0.877714,-0.199784],[-0.69928,-0.190156,-0.689092],[0.566835,0.43984,-0.69659]]],"btipPosition":[73.5779,122.321,-16.6563],"carpPosition":[111.897,127.628,53.3459],"dipPosition":[82.7444,129.434,-27.9211],"direction":[-0.885421,-0.457737,0.0806651],"extended":false,"handId":348,"id":3484,"length":47.3885,"mcpPosition":[115.437,139.447,-0.636239],"pipPosition":[98.9917,137.833,-29.4013],"stabilizedTipPosition":[75.2729,127.164,-18.5159],"timeVisible":0.03866,"tipPosition":[72.5761,121.945,-15.3527],"tipVelocity":[200.852,-1558.83,-355.387],"tool":false,"touchDistance":0.333333,"touchZone":"none","type":4,"width":15.6239},{"bases":[[[0.704696,-0.510188,-0.493065],[0.654462,0.735798,0.174017],[0.274015,-0.445321,0.852412]],[[0.744899,-0.588002,-0.315243],[0.532891,0.808667,-0.249168],[0.401438,0.017615,0.915717]],[[0.744899,-0.588002,-0.315243],[0.14196,0.601371,-0.786257],[0.651899,0.54093,0.531434]],[[0.744899,-0.588002,-0.315243],[-0.414403,-0.0374676,-0.909322],[0.522872,0.807991,-0.271579]]],"btipPosition":[33.0864,157.12,-35.8687],"carpPosition":[91.6825,151.761,68.6262],"dipPosition":[41.4678,170.072,-40.222],"direction":[-0.651899,-0.54093,-0.531434],"extended":false,"handId":348,"id":3481,"length":55.1725,"mcpPosition":[72.4311,183.048,8.73859],"pipPosition":[56.2505,182.338,-28.171],"stabilizedTipPosition":[43.2713,159.302,-32.6253],"timeVisible":0.03866,"tipPosition":[35.4132,158.785,-33.4524],"tipVelocity":[-1769.15,170.634,-909.454],"tool":false,"touchDistance":-0.302658,"touchZone":"touching","type":1,"width":18.8205},{"bases":[[[0.613273,-0.683572,-0.39576],[0.770034,0.628996,0.106825],[0.175909,-0.370262,0.91212]],[[0.62568,-0.711753,-0.319268],[0.575506,0.697457,-0.427021],[0.526609,0.0834381,0.846003]],[[0.62568,-0.711753,-0.319268],[-0.305589,0.15293,-0.939802],[0.717732,0.685581,-0.121818]],[[0.62568,-0.711753,-0.319268],[-0.693339,-0.319834,-0.645745],[0.357498,0.625391,-0.6936]]],"btipPosition":[39.8046,138.853,-20.8557],"carpPosition":[100.789,147.273,62.6941],"dipPosition":[46.1074,149.879,-33.0842],"direction":[-0.717732,-0.685581,0.121818],"extended":false,"handId":348,"id":3482,"length":62.8646,"mcpPosition":[89.0693,171.942,1.92295],"pipPosition":[65.2555,168.169,-36.3341],"stabilizedTipPosition":[45.5197,143.39,-22.0611],"timeVisible":0.03866,"tipPosition":[41.8499,139.285,-18.9632],"tipVelocity":[-1506.73,-706.789,-567.707],"tool":false,"touchDistance":0.333333,"touchZone":"none","type":2,"width":18.4842},{"bases":[[[0.57267,-0.776067,-0.26414],[0.817097,0.566427,0.107299],[0.0663449,-0.277275,0.958497]],[[0.57314,-0.778077,-0.257113],[0.650089,0.622741,-0.435406],[0.498894,0.0824028,0.862737]],[[0.57314,-0.778077,-0.257113],[-0.201142,0.170583,-0.964595],[0.794388,0.604564,-0.0587359]],[[0.57314,-0.778077,-0.257113],[-0.686714,-0.28484,-0.668797],[0.44714,0.559878,-0.697569]]],"btipPosition":[55.1082,127.73,-22.2953],"carpPosition":[108.473,140.124,57.4511],"dipPosition":[62.9462,137.544,-34.523],"direction":[-0.794388,-0.604564,0.0587359],"extended":false,"handId":348,"id":3483,"length":60.446,"mcpPosition":[104.505,156.71,0.11452],"pipPosition":[83.592,153.256,-36.0495],"stabilizedTipPosition":[58.6945,133.012,-24.1613],"timeVisible":0.03866,"tipPosition":[55.762,127.24,-19.588],"tipVelocity":[-773.514,-1312.11,-410.427],"tool":false,"touchDistance":0.333333,"touchZone":"none","type":3,"width":17.5889}],"r":[[0.982796,-0.0854525,0.163739],[0.104147,0.988548,-0.109206],[-0.152532,0.12438,0.98044]],"s":1.05572,"t":[14.8936,8.53513,-0.265624],"timestamp":261238481984},{"currentFrameRate":26.9851,"devices":[],"gestures":[],"hands":[{"armBasis":[[0.787137,-0.312556,-0.531718],[0.512054,0.811734,0.280871],[0.343826,-0.493352,0.798991]],"armWidth":61.649,"confidence":0.34598,"direction":[0.0353267,0.521603,-0.852457],"elbow":[189.399,7.38978,285.649],"grabAngle":1.60816,"grabStrength":0.211078,"id":348,"palmNormal":[-0.51555,-0.721215,-0.462663],"palmPosition":[90.967,172.504,18.1839],"palmVelocity":[46.2324,534.154,-94.0964],"palmWidth":86.8926,"pinchDistance":52.3856,"pinchStrength":0.0978356,"r":[[0.936097,-0.111575,0.333577],[0.174228,0.970924,-0.164171],[-0.30556,0.211798,0.928318]],"s":1.15943,"sphereCenter":[62.211,134.168,-28.0124],"sphereRadius":64.7558,"stabilizedPalmPosition":[90.8837,171.959,18.2767],"t":[23.0302,20.7728,-1.80245],"timeVisible":0.068502,"type":"right","wrist":[100.746,134.596,79.6356]}],"id":206689,"interactionBox":{"center":[0,200,0],"size":[235.247,235.247,147.751]},"pointables":[{"bases":[[[0.81252,0.563432,0.149519],[-0.472235,0.485822,0.735507],[0.341768,-0.668223,0.660812]],[[0.78784,0.606866,0.104984],[-0.434396,0.426714,0.793231],[0.436587,-0.670543,0.599803]],[[0.78784,0.606866,0.104984],[-0.56347,0.641437,0.520634],[0.248615,-0.469332,0.847301]],[[0.78784,0.606866,0.104984],[-0.611494,0.750472,0.250732],[0.0733733,-0.261733,0.962347]]],"btipPosition":[38.3884,201.254,-9.90462],"carpPosition":[68.7641,148.529,66.9216],"dipPosition":[39.9994,195.507,11.2256],"direction":[-0.248615,0.469332,-0.847301],"extended":true,"handId":348,"id":3480,"length":48.8949,"mcpPosition":[68.7641,148.529,66.9216],"pipPosition":[47.9521,180.494,38.3291],"stabilizedTipPosition":[38.8365,196.914,-4.41973],"timeVisible":0.068502,"tipPosition":[36.2624,191.695,-7.37873],"tipVelocity":[222.543,645.987,-301.189],"tool":false,"touchDistance":1,"touchZone":"none","type":0,"width":19.7032},{"bases":[[[0.849909,-0.361779,-0.383107],[0.493689,0.800865,0.338949],[0.184193,-0.477211,0.859269]],[[0.866912,-0.422383,-0.26468],[0.468317,0.872028,0.142287],[0.170709,-0.247305,0.953781]],[[0.866912,-0.422383,-0.26468],[0.319055,0.878171,-0.356399],[0.382971,0.224519,0.89606]],[[0.866912,-0.422383,-0.26468],[0.0863973,0.650285,-0.754761],[0.490916,0.631444,0.600233]]],"btipPosition":[48.9709,192.098,-63.7791],"carpPosition":[85.3459,163.816,64.9749],"dipPosition":[56.84,202.22,-54.1577],"direction":[-0.382971,-0.224519,-0.89606],"extended":true,"handId":348,"id":3481,"length":55.1725,"mcpPosition":[72.4052,197.343,4.60556],"pipPosition":[65.5244,207.311,-33.8383],"stabilizedTipPosition":[49.2529,187.28,-55.6778],"timeVisible":0.068502,"tipPosition":[49.9091,188.417,-57.1717],"tipVelocity":[528.339,1150.3,-827.566],"tool":false,"touchDistance":-0.671169,"touchZone":"touching","type":1,"width":18.8205},{"bases":[[[0.770282,-0.554118,-0.315626],[0.634192,0.717501,0.288083],[0.0668303,-0.422073,0.904095]],[[0.77317,-0.587131,-0.23976],[0.58868,0.805055,-0.0730885],[0.235933,-0.0846323,0.968077]],[[0.77317,-0.587131,-0.23976],[0.262906,0.640767,-0.721317],[0.577139,0.494666,0.649782]],[[0.77317,-0.587131,-0.23976],[-0.103802,0.255798,-0.961141],[0.625647,0.768013,0.13683]]],"btipPosition":[54.3818,166.389,-63.1755],"carpPosition":[95.9313,161.178,60.5861],"dipPosition":[65.4122,179.929,-60.7631],"direction":[-0.577139,-0.494666,-0.649782],"extended":false,"handId":348,"id":3482,"length":62.8646,"mcpPosition":[91.4786,189.299,0.349623],"pipPosition":[80.8095,193.126,-43.4278],"stabilizedTipPosition":[53.204,160.993,-49.4028],"timeVisible":0.068502,"tipPosition":[56.3535,165.931,-56.014],"tipVelocity":[524.917,942.099,-1305.29],"tool":false,"touchDistance":-0.312618,"touchZone":"touching","type":2,"width":18.4842},{"bases":[[[0.721706,-0.662691,-0.199954],[0.689412,0.662258,0.293471],[-0.0620592,-0.34965,0.934823]],[[0.720067,-0.670643,-0.17816],[0.662663,0.740769,-0.110176],[0.205864,-0.0387255,0.977814]],[[0.720067,-0.670643,-0.17816],[0.33706,0.562469,-0.754996],[0.606542,0.483598,0.631062]],[[0.720067,-0.670643,-0.17816],[-0.0597047,0.195919,-0.978801],[0.691331,0.71544,0.101034]]],"btipPosition":[72.6174,153.086,-58.6396],"carpPosition":[105.417,155.657,56.4408],"dipPosition":[84.7358,165.627,-56.8686],"direction":[-0.606542,-0.483598,-0.631062],"extended":false,"handId":348,"id":3483,"length":60.446,"mcpPosition":[109.129,176.572,0.52039],"pipPosition":[100.5,178.196,-40.4675],"stabilizedTipPosition":[71.0419,149.976,-49.3368],"timeVisible":0.068502,"tipPosition":[73.9379,152.517,-50.9263],"tipVelocity":[619.721,870.708,-1110],"tool":false,"touchDistance":-0.268744,"touchZone":"touching","type":3,"width":17.5889},{"bases":[[[0.585775,-0.798959,-0.136137],[0.785062,0.517613,0.340227],[-0.201361,-0.306172,0.930437]],[[0.583975,-0.801629,-0.127921],[0.806069,0.591274,-0.0254731],[0.0960566,-0.0882378,0.991457]],[[0.583975,-0.801629,-0.127921],[0.520541,0.490709,-0.698743],[0.622905,0.34146,0.703843]],[[0.583975,-0.801629,-0.127921],[0.125268,0.244685,-0.961476],[0.802048,0.545453,0.243309]]],"btipPosition":[94.937,148.965,-48.9819],"carpPosition":[111.374,144.17,52.2803],"dipPosition":[107.907,157.786,-45.0473],"direction":[-0.622905,-0.34146,-0.703843],"extended":false,"handId":348,"id":3484,"length":47.3885,"mcpPosition":[122.524,161.124,0.758287],"pipPosition":[119.337,164.052,-32.1319],"stabilizedTipPosition":[93.6655,146.517,-42.5235],"timeVisible":0.068502,"tipPosition":[94.8252,147.916,-41.4545],"tipVelocity":[745.055,905.999,-966.079],"tool":false,"touchDistance":-0.197162,"touchZone":"touching","type":4,"width":15.6239}],"r":[[0.936097,-0.111575,0.333577],[0.174228,0.970924,-0.164171],[-0.30556,0.211798,0.928318]],"s":1.15943,"t":[23.0302,20.7728,-1.80245],"timestamp":261238511826},{"currentFrameRate":29.1789,"devices":[],"gestures":[],"hands":[{"armBasis":[[0.83626,-0.177995,-0.518639],[0.44822,0.766741,0.459573],[0.31586,-0.616787,0.720976]],"armWidth":61.649,"confidence":0.43511,"direction":[0.023761,0.572857,-0.819311],"elbow":[183.684,-18.8521,265.055],"grabAngle":1.08683,"grabStrength":0,"id":348,"palmNormal":[-0.447683,-0.72668,-0.521073],"palmPosition":[92.0524,181.954,20.3539],"palmVelocity":[54.2944,472.714,108.548],"palmWidth":86.8926,"pinchDistance":55.1514,"pinchStrength":0,"r":[[0.876263,-0.111353,0.46879],[0.22084,0.957536,-0.185348],[-0.428244,0.265941,0.863645]],"s":1.24995,"sphereCenter":[60.0251,129.788,-37.0142],"sphereRadius":83.8293,"stabilizedPalmPosition":[91.9674,181.227,20.2028],"t":[27.6412,31.6167,-1.48587],"timeVisible":0.088493,"type":"right","wrist":[102.243,140.181,79.1571]}],"id":206690,"interactionBox":{"center":[0,200,0],"size":[235.247,235.247,147.751]},"pointables":[{"bases":[[[0.76475,0.609167,0.209937],[-0.528449,0.406572,0.745279],[0.368644,-0.680893,0.632839]],[[0.739784,0.651194,0.169308],[-0.493977,0.354796,0.793792],[0.456843,-0.670869,0.584148]],[[0.739784,0.651194,0.169308],[-0.637785,0.598509,0.484785],[0.214357,-0.466619,0.85809]],[[0.739784,0.651194,0.169308],[-0.669157,0.685751,0.286311],[0.0703411,-0.325102,0.943059]]],"btipPosition":[39.9719,207.651,-9.17364],"carpPosition":[70.1509,153.606,66.8279],"dipPosition":[41.5164,200.513,11.5331],"direction":[-0.214357,0.466619,-0.85809],"extended":true,"handId":348,"id":3480,"length":48.8949,"mcpPosition":[70.1509,153.606,66.8279],"pipPosition":[48.3733,185.586,38.9817],"stabilizedTipPosition":[40.0874,204.546,-4.41248],"timeVisible":0.088493,"tipPosition":[37.3847,199.745,-5.74556],"tipVelocity":[78.4472,303.98,31.693],"tool":false,"touchDistance":1,"touchZone":"none","type":0,"width":19.7032},{"bases":[[[0.885176,-0.277606,-0.37336],[0.423941,0.811855,0.401454],[0.191668,-0.51364,0.836324]],[[0.904295,-0.354846,-0.237349],[0.415993,0.857348,0.303158],[0.0959161,-0.37288,0.922909]],[[0.904295,-0.354846,-0.237349],[0.362908,0.931767,-0.0103552],[0.224828,-0.0767717,0.971369]],[[0.904295,-0.354846,-0.237349],[0.31539,0.93,-0.188755],[0.287713,0.0958327,0.95291]]],"btipPosition":[58.5957,221.43,-66.9153],"carpPosition":[85.638,170.109,66.3433],"dipPosition":[63.2076,222.966,-51.6406],"direction":[-0.224828,0.0767717,-0.971369],"extended":true,"handId":348,"id":3481,"length":55.1725,"mcpPosition":[72.172,206.195,7.58596],"pipPosition":[68.3059,221.225,-29.6135],"stabilizedTipPosition":[57.3299,214.067,-61.6747],"timeVisible":0.088493,"tipPosition":[56.7654,213.01,-60.2428],"tipVelocity":[443.984,1368.46,-91.8389],"tool":false,"touchDistance":-0.659925,"touchZone":"touching","type":1,"width":18.8205},{"bases":[[[0.817605,-0.478755,-0.319868],[0.571593,0.741761,0.350817],[0.0693098,-0.469664,0.88012]],[[0.820537,-0.517343,-0.243056],[0.555096,0.822647,0.12296],[0.136337,-0.235813,0.962187]],[[0.820537,-0.517343,-0.243056],[0.398886,0.822828,-0.404776],[0.409402,0.235182,0.881521]],[[0.820537,-0.517343,-0.243056],[0.191747,0.649717,-0.735595],[0.538473,0.556977,0.632316]]],"btipPosition":[65.317,194.35,-74.6336],"carpPosition":[96.516,168.488,62.1824],"dipPosition":[74.8105,204.17,-63.4856],"direction":[-0.409402,-0.235182,-0.881521],"extended":true,"handId":348,"id":3482,"length":62.8646,"mcpPosition":[91.8981,199.78,3.54325],"pipPosition":[85.7328,210.444,-39.9678],"stabilizedTipPosition":[62.3734,183.836,-63.9407],"timeVisible":0.088493,"tipPosition":[64.868,189.592,-65.9247],"tipVelocity":[529.325,1355.88,-472.661],"tool":false,"touchDistance":-0.451425,"touchZone":"touching","type":2,"width":18.4842},{"bases":[[[0.773462,-0.597198,-0.212394],[0.630464,0.690311,0.354945],[-0.0653545,-0.408444,0.910441]],[[0.773361,-0.59782,-0.211005],[0.62147,0.780651,0.0660273],[0.125248,-0.182196,0.975252]],[[0.773361,-0.59782,-0.211005],[0.448491,0.75115,-0.484385],[0.448071,0.279971,0.849028]],[[0.773361,-0.59782,-0.211005],[0.251176,0.594531,-0.763835],[0.582085,0.537721,0.609946]]],"btipPosition":[83.3088,179.273,-70.0398],"carpPosition":[106.498,163.905,58.0603],"dipPosition":[93.5122,188.699,-59.3481],"direction":[-0.448071,-0.279971,-0.849028],"extended":true,"handId":348,"id":3483,"length":60.446,"mcpPosition":[110.408,188.338,3.59837],"pipPosition":[105.157,195.975,-37.2821],"stabilizedTipPosition":[81.0977,171.627,-61.8906],"timeVisible":0.088493,"tipPosition":[82.8037,174.752,-60.5714],"tipVelocity":[512.775,1274.09,-467.635],"tool":false,"touchDistance":-0.41043,"touchZone":"touching","type":3,"width":17.5889},{"bases":[[[0.645825,-0.746252,-0.161301],[0.734824,0.550206,0.396621],[-0.20723,-0.374675,0.9037]],[[0.652227,-0.733663,-0.190627],[0.757586,0.639444,0.131054],[0.0257461,-0.229893,0.972875]],[[0.652227,-0.733663,-0.190627],[0.615637,0.659411,-0.431472],[0.442257,0.164061,0.881756]],[[0.652227,-0.733663,-0.190627],[0.423294,0.561128,-0.711307],[0.628826,0.383243,0.676538]]],"btipPosition":[105.731,172.301,-55.9788],"carpPosition":[113.394,153.135,53.457],"dipPosition":[115.899,178.498,-45.0383],"direction":[-0.442257,-0.164061,-0.881756],"extended":true,"handId":348,"id":3484,"length":47.3885,"mcpPosition":[124.869,173.883,3.41546],"pipPosition":[124.015,181.509,-28.8583],"stabilizedTipPosition":[104.798,167.547,-50.9781],"timeVisible":0.088493,"tipPosition":[103.765,167.484,-46.9101],"tipVelocity":[507.693,1137.13,-269.401],"tool":false,"touchDistance":-0.286564,"touchZone":"touching","type":4,"width":15.6239}],"r":[[0.876263,-0.111353,0.46879],[0.22084,0.957536,-0.185348],[-0.428244,0.265941,0.863645]],"s":1.24995,"t":[27.6412,31.6167,-1.48587],"timestamp":261238531817},{"currentFrameRate":31.1567,"devices":[],"gestures":[{"direction":[null,null,null],"duration":108530,"handIds":[348],"id":1,"pointableIds":[3484],"position":[97.9201,150.994,-48.0769],"progress":1,"state":"stop","type":"keyTap"}],"hands":[{"armBasis":[[0.849533,-0.0969111,-0.518557],[0.40762,0.744572,0.528638],[0.334872,-0.66047,0.672042]],"armWidth":61.649,"confidence":0.516635,"direction":[0.0240812,0.649604,-0.759892],"elbow":[189.666,-24.9264,250.317],"grabAngle":0.774304,"grabStrength":0,"id":348,"palmNormal":[-0.407128,-0.687852,-0.600921],"palmPosition":[92.9757,192.137,22.1485],"palmVelocity":[46.0803,508.239,89.5667],"palmWidth":86.8926,"pinchDistance":56.6821,"pinchStrength":0,"r":[[0.812465,-0.108205,0.57288],[0.251744,0.95141,-0.177326],[-0.525856,0.28829,0.800227]],"s":1.32281,"sphereCenter":[56.618,122.143,-55.4234],"sphereRadius":111.349,"stabilizedPalmPosition":[92.9267,191.607,22.054],"t":[30.4083,42.1304,-0.430262],"timeVisible":0.10853,"type":"right","wrist":[103.322,145.37,77.0367]}],"id":206691,"interactionBox":{"center":[0,200,0],"size":[235.247,235.247,147.751]},"pointables":[{"bases":[[[0.736256,0.611678,0.289444],[-0.562145,0.314727,0.764814],[0.376724,-0.725807,0.575571]],[[0.696551,0.678737,0.232665],[-0.541336,0.284299,0.791283],[0.470927,-0.677119,0.565454]],[[0.696551,0.678737,0.232665],[-0.685673,0.534159,0.494497],[0.211353,-0.503974,0.83746]],[[0.696551,0.678737,0.232665],[-0.711886,0.613238,0.342284],[0.0896421,-0.404049,0.910334]]],"btipPosition":[39.7471,215.989,-8.68803],"carpPosition":[70.9251,158.718,65.0439],"dipPosition":[41.7154,207.117,11.3001],"direction":[-0.211353,0.503974,-0.83746],"extended":true,"handId":348,"id":3480,"length":48.8949,"mcpPosition":[70.9251,158.718,65.0439],"pipPosition":[48.4761,190.996,38.0889],"stabilizedTipPosition":[40.1888,213.032,-4.12212],"timeVisible":0.10853,"tipPosition":[38.7691,211.219,-3.80498],"tipVelocity":[-6.35562,396.238,15.9873],"tool":false,"touchDistance":1,"touchZone":"none","type":0,"width":19.7032},{"bases":[[[0.904135,-0.210177,-0.371975],[0.383404,0.783302,0.489325],[0.188524,-0.585033,0.788794]],[[0.922804,-0.303169,-0.237743],[0.380665,0.812602,0.441329],[0.0593926,-0.497761,0.865279]],[[0.922804,-0.303169,-0.237743],[0.349291,0.918726,0.184221],[0.16257,-0.253042,0.953699]],[[0.922804,-0.303169,-0.237743],[0.320962,0.946284,0.03912],[0.213112,-0.112406,0.97054]]],"btipPosition":[63.0643,244.411,-60.8879],"carpPosition":[85.8059,175.706,66.5904],"dipPosition":[66.4804,242.61,-45.3306],"direction":[-0.16257,0.253042,-0.953699],"extended":true,"handId":348,"id":3481,"length":55.1725,"mcpPosition":[72.5608,216.808,11.1724],"pipPosition":[70.1669,236.872,-23.7042],"stabilizedTipPosition":[62.7936,239.148,-58.0169],"timeVisible":0.10853,"tipPosition":[60.2477,233.96,-56.4806],"tipVelocity":[209.289,1108.65,304.057],"tool":false,"touchDistance":-0.53088,"touchZone":"touching","type":1,"width":18.8205},{"bases":[[[0.842596,-0.417718,-0.339918],[0.534785,0.723458,0.436593],[0.0635435,-0.549654,0.832972]],[[0.844961,-0.462021,-0.269403],[0.530436,0.788366,0.311636],[0.0684059,-0.406221,0.911211]],[[0.844961,-0.462021,-0.269403],[0.465188,0.883436,-0.0560508],[0.263897,-0.0779623,0.961395]],[[0.844961,-0.462021,-0.269403],[0.392072,0.877701,-0.275537],[0.363759,0.127193,0.922768]]],"btipPosition":[76.0596,229.692,-76.0061],"carpPosition":[96.8403,174.864,62.6152],"dipPosition":[82.4728,231.935,-59.7373],"direction":[-0.263897,0.0779623,-0.961395],"extended":true,"handId":348,"id":3482,"length":62.8646,"mcpPosition":[92.6066,211.485,7.11734],"pipPosition":[89.5133,229.855,-34.0885],"stabilizedTipPosition":[74.0265,219.478,-70.3383],"timeVisible":0.10853,"tipPosition":[73.6143,220.931,-68.8498],"tipVelocity":[500.779,1676.88,-9.71386],"tool":false,"touchDistance":-0.437535,"touchZone":"touching","type":2,"width":18.4842},{"bases":[[[0.800035,-0.547392,-0.245573],[0.595371,0.673875,0.437522],[-0.0740112,-0.49624,0.865025]],[[0.800524,-0.543973,-0.251505],[0.596157,0.765735,0.241342],[0.0613024,-0.343137,0.937283]],[[0.800524,-0.543973,-0.251505],[0.515829,0.839058,-0.172924],[0.305093,0.00869578,0.952283]],[[0.800524,-0.543973,-0.251505],[0.425745,0.81155,-0.400161],[0.421786,0.213261,0.881258]]],"btipPosition":[93.6219,211.144,-72.8615],"carpPosition":[107.087,171.04,58.3696],"dipPosition":[101.015,214.882,-57.4139],"direction":[-0.305093,-0.00869578,-0.952283],"extended":true,"handId":348,"id":3483,"length":60.446,"mcpPosition":[111.514,200.724,6.62451],"pipPosition":[108.945,215.108,-32.6644],"stabilizedTipPosition":[92.4874,203.956,-67.8302],"timeVisible":0.10853,"tipPosition":[91.0796,203.008,-64.7174],"tipVelocity":[482.45,1525.31,-86.2319],"tool":false,"touchDistance":-0.423638,"touchZone":"touching","type":3,"width":17.5889},{"bases":[[[0.676648,-0.704916,-0.212698],[0.703665,0.534025,0.468693],[-0.216803,-0.466808,0.857372]],[[0.686824,-0.680193,-0.256145],[0.726426,0.63075,0.272872],[-0.0240419,-0.373486,0.927324]],[[0.686824,-0.680193,-0.256145],[0.659447,0.731361,-0.173896],[0.305617,-0.0494787,0.950868]],[[0.686824,-0.680193,-0.256145],[0.555706,0.718581,-0.418129],[0.468469,0.144839,0.871526]]],"btipPosition":[114.108,197.808,-56.816],"carpPosition":[114.489,161.004,52.9648],"dipPosition":[121.684,200.15,-42.7222],"direction":[-0.305618,0.0494787,-0.950868],"extended":true,"handId":348,"id":3484,"length":47.3885,"mcpPosition":[126.494,186.853,5.48866],"pipPosition":[127.292,199.243,-25.274],"stabilizedTipPosition":[114.3,194.027,-53.2102],"timeVisible":0.10853,"tipPosition":[110.427,189.98,-48.8448],"tipVelocity":[388.339,1228.76,-5.58459],"tool":false,"touchDistance":-0.287919,"touchZone":"touching","type":4,"width":15.6239}],"r":[[0.812465,-0.108205,0.57288],[0.251744,0.95141,-0.177326],[-0.525856,0.28829,0.800227]],"s":1.32281,"t":[30.4083,42.1304,-0.430262],"timestamp":261238551854},{"currentFrameRate":32.9334,"devices":[],"gestures":[],"hands":[{"armBasis":[[0.864368,-0.0192549,-0.502491],[0.350164,0.740228,0.573975],[0.360906,-0.67208,0.646572]],"armWidth":61.649,"confidence":0.590029,"direction":[0.00695989,0.703561,-0.7106],"elbow":[197.5,-23.0541,239.822],"grabAngle":0.602287,"grabStrength":0,"id":348,"palmNormal":[-0.351709,-0.663491,-0.660364],"palmPosition":[92.8206,200.077,21.2582],"palmVelocity":[-7.70936,394.679,-44.259],"palmWidth":86.8926,"pinchDistance":51.3055,"pinchStrength":0,"r":[[0.75009,-0.103434,0.653197],[0.264581,0.95214,-0.153057],[-0.606103,0.28763,0.741557]],"s":1.38876,"sphereCenter":[63.4992,113.162,-80.0431],"sphereRadius":138.23,"stabilizedPalmPosition":[92.8238,199.825,21.2818],"t":[31.7144,51.3569,-0.347613],"timeVisible":0.128646,"type":"right","wrist":[104.443,150.236,73.109]}],"id":206692,"interactionBox":{"center":[0,200,0],"size":[235.247,235.247,147.751]},"pointables":[{"bases":[[[0.692614,0.628314,0.354271],[-0.598781,0.226984,0.768075],[0.402178,-0.74411,0.533435]],[[0.62467,0.732541,0.270502],[-0.591107,0.217221,0.776793],[0.510274,-0.645135,0.568702]],[[0.62467,0.732541,0.270502],[-0.733985,0.432552,0.523607],[0.266558,-0.525626,0.807876]],[[0.62467,0.732541,0.270502],[-0.759393,0.489146,0.42902],[0.18196,-0.473413,0.861841]]],"btipPosition":[34.7459,220.429,-10.8941],"carpPosition":[71.5925,162.467,60.9816],"dipPosition":[38.7412,210.034,8.0293],"direction":[-0.266558,0.525626,-0.807876],"extended":true,"handId":348,"id":3480,"length":48.8949,"mcpPosition":[71.5925,162.467,60.9816],"pipPosition":[47.2679,193.22,33.8717],"stabilizedTipPosition":[36.0904,217.567,-6.31413],"timeVisible":0.128646,"tipPosition":[37.6013,218.014,-5.33014],"tipVelocity":[-225.44,203.286,-121.842],"tool":false,"touchDistance":0.99034,"touchZone":"hovering","type":0,"width":19.7032},{"bases":[[[0.923963,-0.132778,-0.358695],[0.325521,0.765375,0.555191],[0.200819,-0.629739,0.7504]],[[0.944322,-0.233435,-0.231869],[0.325729,0.762728,0.558701],[0.0464329,-0.60312,0.796298]],[[0.944322,-0.233435,-0.231869],[0.302397,0.893476,0.332048],[0.129658,-0.383677,0.91432]],[[0.944322,-0.233435,-0.231869],[0.274552,0.947426,0.164331],[0.181318,-0.218842,0.958766]]],"btipPosition":[63.6139,260.847,-56.738],"carpPosition":[85.4409,180.085,64.1808],"dipPosition":[66.5203,257.339,-41.3695],"direction":[-0.129658,0.383677,-0.91432],"extended":true,"handId":348,"id":3481,"length":55.1725,"mcpPosition":[71.332,224.328,11.4601],"pipPosition":[69.4605,248.638,-20.6361],"stabilizedTipPosition":[64.1092,257.61,-53.7632],"timeVisible":0.128646,"tipPosition":[60.9676,249.337,-54.6432],"tipVelocity":[21.4921,797.511,204.14],"tool":false,"touchDistance":-0.444528,"touchZone":"touching","type":1,"width":18.8205},{"bases":[[[0.873477,-0.345157,-0.343371],[0.481372,0.717897,0.502897],[0.0729268,-0.604558,0.793215]],[[0.876498,-0.390497,-0.281539],[0.480355,0.748049,0.45791],[0.0317926,-0.536596,0.84324]],[[0.876498,-0.390497,-0.281539],[0.451156,0.870344,0.197381],[0.167959,-0.300022,0.93903]],[[0.876498,-0.390497,-0.281539],[0.413008,0.910437,0.0230083],[0.247339,-0.136444,0.959274]]],"btipPosition":[81.4668,255.094,-72.4569],"carpPosition":[96.6049,180.139,60.4887],"dipPosition":[85.8275,252.688,-55.5445],"direction":[-0.167959,0.300022,-0.93903],"extended":true,"handId":348,"id":3482,"length":62.8646,"mcpPosition":[91.7461,220.418,7.63972],"pipPosition":[90.3084,244.684,-30.4924],"stabilizedTipPosition":[81.2039,249.284,-68.8326],"timeVisible":0.128646,"tipPosition":[78.2138,244.095,-68.2726],"tipVelocity":[245.332,1209.6,183.793],"tool":false,"touchDistance":-0.366657,"touchZone":"touching","type":2,"width":18.4842},{"bases":[[[0.835899,-0.48349,-0.259827],[0.544627,0.671765,0.502109],[-0.0682219,-0.561222,0.824849]],[[0.836807,-0.475236,-0.271854],[0.547279,0.740114,0.39079],[0.0154854,-0.475796,0.879419]],[[0.836807,-0.475236,-0.271854],[0.512977,0.854087,0.0859626],[0.191335,-0.211389,0.958491]],[[0.836807,-0.475236,-0.271854],[0.463135,0.879252,-0.111451],[0.291994,-0.0326425,0.955863]]],"btipPosition":[100.5,236.783,-71.5804],"carpPosition":[107.159,177.2,56.291],"dipPosition":[105.618,236.211,-54.825],"direction":[-0.191335,0.211389,-0.958491],"extended":true,"handId":348,"id":3483,"length":60.446,"mcpPosition":[111.24,210.772,6.94919],"pipPosition":[110.591,230.717,-29.9142],"stabilizedTipPosition":[100.552,232.65,-67.7393],"timeVisible":0.128646,"tipPosition":[96.8801,226.366,-66.0955],"tipVelocity":[315.893,1225.28,78.6377],"tool":false,"touchDistance":-0.385879,"touchZone":"touching","type":3,"width":17.5889},{"bases":[[[0.720829,-0.6495,-0.241981],[0.659829,0.536147,0.526472],[-0.212206,-0.539162,0.815029]],[[0.730139,-0.623015,-0.280621],[0.679836,0.621063,0.390005],[-0.0686956,-0.475534,0.877011]],[[0.730139,-0.623015,-0.280621],[0.655169,0.754941,0.0285947],[0.194038,-0.204732,0.959393]],[[0.730139,-0.623015,-0.280621],[0.594342,0.78168,-0.189031],[0.337125,-0.028766,0.94102]]],"btipPosition":[120.273,217.857,-56.6379],"carpPosition":[115.256,168.004,50.4094],"dipPosition":[125.725,217.392,-41.4203],"direction":[-0.194038,0.204732,-0.959393],"extended":true,"handId":348,"id":3484,"length":47.3885,"mcpPosition":[127.007,197.86,5.27793],"pipPosition":[129.286,213.635,-23.8156],"stabilizedTipPosition":[120.924,215.771,-53.1439],"timeVisible":0.128646,"tipPosition":[115.183,208.428,-50.4254],"tipVelocity":[282.201,964.566,21.7033],"tool":false,"touchDistance":-0.283077,"touchZone":"touching","type":4,"width":15.6239}],"r":[[0.75009,-0.103434,0.653197],[0.264581,0.95214,-0.153057],[-0.606103,0.28763,0.741557]],"s":1.38876,"t":[31.7144,51.3569,-0.347613],"timestamp":261238571970},{"currentFrameRate":34.5436,"devices":[],"gestures":[],"hands":[{"armBasis":[[0.883685,0.0527974,-0.465095],[0.280571,0.735592,0.616591],[0.374675,-0.675365,0.635218]],"armWidth":61.649,"confidence":0.654743,"direction":[-0.007424,0.770244,-0.637706],"elbow":[201.986,-21.2702,232.525],"grabAngle":0.427248,"grabStrength":0,"id":348,"palmNormal":[-0.286071,-0.612706,-0.736719],"palmPosition":[92.828,206.533,21.0811],"palmVelocity":[0.364499,321.315,-8.81491],"palmWidth":86.8926,"pinchDistance":60.3524,"pinchStrength":0,"r":[[0.689572,-0.104745,0.716603],[0.261856,0.958602,-0.111862],[-0.67522,0.264784,0.688453]],"s":1.4554,"sphereCenter":[82.2201,112.351,-109.867],"sphereRadius":164.405,"stabilizedPalmPosition":[92.8279,206.418,21.0845],"t":[32.3711,59.1981,-0.394843],"timeVisible":0.148738,"type":"right","wrist":[105.38,152.867,68.7399]}],"id":206693,"interactionBox":{"center":[0,200,0],"size":[235.247,235.247,147.751]},"pointables":[{"bases":[[[0.63999,0.627113,0.444007],[-0.640305,0.115828,0.759338],[0.424762,-0.770269,0.475672]],[[0.542125,0.768475,0.33992],[-0.646028,0.122482,0.753423],[0.537353,-0.628047,0.562858]],[[0.542125,0.768475,0.33992],[-0.774464,0.299986,0.556968],[0.326045,-0.565202,0.757787]],[[0.542125,0.768475,0.33992],[-0.793006,0.334091,0.509435],[0.277924,-0.545737,0.790525]]],"btipPosition":[30.2067,224.035,-12.452],"carpPosition":[72.3541,164.033,55.9769],"dipPosition":[36.3091,212.052,4.90553],"direction":[-0.326045,0.565202,-0.757787],"extended":true,"handId":348,"id":3480,"length":48.8949,"mcpPosition":[72.3541,164.033,55.9769],"pipPosition":[46.7386,193.972,29.1457],"stabilizedTipPosition":[31.9999,220.956,-8.27316],"timeVisible":0.148738,"tipPosition":[36.0544,223.231,-6.7003],"tipVelocity":[-201.802,161.295,-95.4628],"tool":false,"touchDistance":0.895868,"touchZone":"hovering","type":0,"width":19.7032},{"bases":[[[0.943331,-0.0451222,-0.328773],[0.257955,0.72