{"frames":276,"data":[{"currentFrameRate":25.9186,"devices":[],"gestures":[],"hands":[],"id":207173,"interactionBox":{"center":[0,200,0],"size":[235.247,235.247,147.751]},"pointables":[],"r":[[-0.0794966,-0.728761,-0.680138],[0.446709,0.583909,-0.677865],[0.891141,-0.357712,0.279125]],"s":-5.62558,"t":[894.675,787.691,741.58],"timestamp":261255037838},{"currentFrameRate":25.9042,"devices":[],"gestures":[],"hands":[],"id":207174,"interactionBox":{"center":[0,200,0],"size":[235.247,235.247,147.751]},"pointables":[],"r":[[-0.0794966,-0.728761,-0.680138],[0.446709,0.583909,-0.677865],[0.891141,-0.357712,0.279125]],"s":-5.62558,"t":[894.675,787.691,741.58],"timestamp":261255076543},{"currentFrameRate":25.936,"devices":[],"gestures":[],"hands":[],"id":207175,"interactionBox":{"center":[0,200,0],"size":[235.247,235.247,147.751]},"pointables":[],"r":[[-0.0794966,-0.728761,-0.680138],[0.446709,0.583909,-0.677865],[0.891141,-0.357712,0.279125]],"s":-5.62558,"t":[894.675,787.691,741.58],"timestamp":261255114877},{"currentFrameRate":25.9482,"devices":[],"gestures":[],"hands":[],"id":207176,"interactionBox":{"center":[0,200,0],"size":[235.247,235.247,147.751]},"pointables":[],"r":[[-0.0794966,-0.728761,-0.680138],[0.446709,0.583909,-0.677865],[0.891141,-0.357712,0.279125]],"s":-5.62558,"t":[894.675,787.691,741.58],"timestamp":261255153330},{"currentFrameRate":25.8927,"devices":[],"gestures":[],"hands":[],"id":207177,"interactionBox":{"center":[0,200,0],"size":[235.247,235.247,147.751]},"pointables":[],"r":[[-0.0794966,-0.728761,-0.680138],[0.446709,0.583909,-0.677865],[0.891141,-0.357712,0.279125]],"s":-5.62558,"t":[894.675,787.691,741.58],"timestamp":261255192339},{"currentFrameRate":25.8886,"devices":[],"gestures":[],"hands":[],"id":207178,"interactionBox":{"center":[0,200,0],"size":[235.247,235.247,147.751]},"pointables":[],"r":[[-0.0794966,-0.728761,-0.680138],[0.446709,0.583909,-0.677865],[0.891141,-0.357712,0.279125]],"s":-5.62558,"t":[894.675,787.691,741.58],"timestamp":261255230995},{"currentFrameRate":25.9075,"devices":[],"gestures":[],"hands":[],"id":207179,"interactionBox":{"center":[0,200,0],"size":[235.247,235.247,147.751]},"pointables":[],"r":[[-0.0794966,-0.728761,-0.680138],[0.446709,0.583909,-0.677865],[0.891141,-0.357712,0.279125]],"s":-5.62558,"t":[894.675,787.691,741.58],"timestamp":261255269461},{"currentFrameRate":25.9007,"devices":[],"gestures":[],"hands":[],"id":207180,"interactionBox":{"center":[0,200,0],"size":[235.247,235.247,147.751]},"pointables":[],"r":[[-0.0794966,-0.728761,-0.680138],[0.446709,0.583909,-0.677865],[0.891141,-0.357712,0.279125]],"s":-5.62558,"t":[894.675,787.691,741.58],"timestamp":261255308118},{"currentFrameRate":25.8876,"devices":[],"gestures":[],"hands":[],"id":207181,"interactionBox":{"center":[0,200,0],"size":[235.247,235.247,147.751]},"pointables":[],"r":[[-0.0794966,-0.728761,-0.680138],[0.446709,0.583909,-0.677865],[0.891141,-0.357712,0.279125]],"s":-5.62558,"t":[894.675,787.691,741.58],"timestamp":261255346838},{"currentFrameRate":25.905,"devices":[],"gestures":[],"hands":[],"id":207182,"interactionBox":{"center":[0,200,0],"size":[235.247,235.247,147.751]},"pointables":[],"r":[[-0.0794966,-0.728761,-0.680138],[0.446709,0.583909,-0.677865],[0.891141,-0.357712,0.279125]],"s":-5.62558,"t":[894.675,787.691,741.58],"timestamp":261255385319},{"currentFrameRate":25.9013,"devices":[],"gestures":[],"hands":[],"id":207183,"interactionBox":{"center":[0,200,0],"size":[235.247,235.247,147.751]},"pointables":[],"r":[[-0.0794966,-0.728761,-0.680138],[0.446709,0.583909,-0.677865],[0.891141,-0.357712,0.279125]],"s":-5.62558,"t":[894.675,787.691,741.58],"timestamp":261255423953},{"currentFrameRate":25.9066,"devices":[],"gestures":[],"hands":[],"id":207184,"interactionBox":{"center":[0,200,0],"size":[235.247,235.247,147.751]},"pointables":[],"r":[[-0.0794966,-0.728761,-0.680138],[0.446709,0.583909,-0.677865],[0.891141,-0.357712,0.279125]],"s":-5.62558,"t":[894.675,787.691,741.58],"timestamp":261255462516},{"currentFrameRate":25.91,"devices":[],"gestures":[],"hands":[],"id":207185,"interactionBox":{"center":[0,200,0],"size":[235.247,235.247,147.751]},"pointables":[],"r":[[-0.0794966,-0.728761,-0.680138],[0.446709,0.583909,-0.677865],[0.891141,-0.357712,0.279125]],"s":-5.62558,"t":[894.675,787.691,741.58],"timestamp":261255501087},{"currentFrameRate":25.8897,"devices":[],"gestures":[],"hands":[],"id":207186,"interactionBox":{"center":[0,200,0],"size":[235.247,235.247,147.751]},"pointables":[],"r":[[-0.0794966,-0.728761,-0.680138],[0.446709,0.583909,-0.677865],[0.891141,-0.357712,0.279125]],"s":-5.62558,"t":[894.675,787.691,741.58],"timestamp":261255539855},{"currentFrameRate":25.9114,"devices":[],"gestures":[],"hands":[],"id":207187,"interactionBox":{"center":[0,200,0],"size":[235.247,235.247,147.751]},"pointables":[],"r":[[-0.0794966,-0.728761,-0.680138],[0.446709,0.583909,-0.677865],[0.891141,-0.357712,0.279125]],"s":-5.62558,"t":[894.675,787.691,741.58],"timestamp":261255578296},{"currentFrameRate":25.9098,"devices":[],"gestures":[],"hands":[],"id":207188,"interactionBox":{"center":[0,200,0],"size":[235.247,235.247,147.751]},"pointables":[],"r":[[-0.0794966,-0.728761,-0.680138],[0.446709,0.583909,-0.677865],[0.891141,-0.357712,0.279125]],"s":-5.62558,"t":[894.675,787.691,741.58],"timestamp":261255616903},{"currentFrameRate":25.8906,"devices":[],"gestures":[],"hands":[],"id":207189,"interactionBox":{"center":[0,200,0],"size":[235.247,235.247,147.751]},"pointables":[],"r":[[-0.0794966,-0.728761,-0.680138],[0.446709,0.583909,-0.677865],[0.891141,-0.357712,0.279125]],"s":-5.62558,"t":[894.675,787.691,741.58],"timestamp":261255655661},{"currentFrameRate":25.8973,"devices":[],"gestures":[],"hands":[],"id":207190,"interactionBox":{"center":[0,200,0],"size":[235.247,235.247,147.751]},"pointables":[],"r":[[-0.0794966,-0.728761,-0.680138],[0.446709,0.583909,-0.677865],[0.891141,-0.357712,0.279125]],"s":-5.62558,"t":[894.675,787.691,741.58],"timestamp":261255694228},{"currentFrameRate":25.9062,"devices":[],"gestures":[],"hands":[{"armBasis":[[0.81861,-0.324645,-0.473797],[0.366211,0.930519,-0.00486398],[0.442456,-0.169528,0.880621]],"armWidth":60.8506,"confidence":0,"direction":[-0.00390643,0.812287,-0.583245],"elbow":[221.595,114.138,304.281],"grabAngle":0.493501,"grabStrength":0,"id":349,"palmNormal":[-0.565239,-0.48293,-0.668792],"palmPosition":[93.9098,211.264,31.1335],"palmVelocity":[1.19209e-7,1.19209e-7,1.19209e-7],"palmWidth":86.8926,"pinchDistance":59.6788,"pinchStrength":0,"r":[[1,-1.42247e-17,-1.77809e-17],[1.42247e-17,1,-1.11022e-17],[1.77809e-17,1.11022e-17,1]],"s":1,"sphereCenter":[18.5925,114.754,-106.081],"sphereRadius":184.812,"stabilizedPalmPosition":[93.9098,211.264,31.1335],"t":[0,0,0],"timeVisible":0,"type":"right","wrist":[107.512,157.849,77.2203]}],"id":207191,"interactionBox":{"center":[0,200,0],"size":[235.247,235.247,147.751]},"pointables":[{"bases":[[[0.836748,0.458841,0.298861],[-0.409581,0.162183,0.897742],[0.363451,-0.873591,0.323639]],[[0.755583,0.611752,0.234207],[-0.428923,0.191815,0.882741],[0.495095,-0.767441,0.407327]],[[0.755583,0.611752,0.234207],[-0.561878,0.421476,0.711794],[0.336729,-0.669415,0.662191]],[[0.755583,0.611752,0.234207],[-0.602982,0.509848,0.61357],[0.255943,-0.604826,0.754108]]],"btipPosition":[33.8881,242.154,10.3405],"carpPosition":[74.1734,170.256,68.1728],"dipPosition":[39.6084,228.636,27.1946],"direction":[-0.336729,0.669415,-0.662191],"extended":true,"handId":349,"id":3490,"length":49.7695,"mcpPosition":[74.1734,170.256,68.1728],"pipPosition":[50.5723,206.84,48.7557],"stabilizedTipPosition":[35.2038,239.045,14.2169],"timeVisible":0,"tipPosition":[35.2038,239.045,14.2169],"tipVelocity":[1.19209e-7,1.19209e-7,1.19209e-7],"tool":false,"touchDistance":1,"touchZone":"none","type":0,"width":19.3381},{"bases":[[[0.812551,-0.186033,-0.552406],[0.537869,0.604517,0.587585],[0.224629,-0.774565,0.591262]],[[0.835191,-0.287286,-0.46896],[0.528302,0.656049,0.538978],[0.15282,-0.697902,0.699699]],[[0.835191,-0.287286,-0.46896],[0.492626,0.769884,0.405707],[0.244491,-0.569864,0.784525]],[[0.835191,-0.287286,-0.46896],[0.43559,0.866111,0.245181],[0.335734,-0.409047,0.848506]]],"btipPosition":[57.8689,287.934,-31.0497],"carpPosition":[91.0417,185.055,71.1503],"dipPosition":[63.3469,281.26,-17.2053],"direction":[-0.244491,0.569864,-0.784525],"extended":true,"handId":349,"id":3491,"length":56.1593,"mcpPosition":[75.2601,239.473,29.6101],"pipPosition":[68.9902,268.107,0.903049],"stabilizedTipPosition":[59.1289,286.399,-27.8655],"timeVisible":0,"tipPosition":[59.1289,286.399,-27.8655],"tipVelocity":[1.19209e-7,1.19209e-7,1.19209e-7],"tool":false,"touchDistance":1,"touchZone":"none","type":1,"width":18.4718},{"bases":[[[0.73175,-0.38928,-0.559467],[0.672298,0.547211,0.498573],[0.112062,-0.740959,0.662134]],[[0.7375,-0.436776,-0.515092],[0.666444,0.594117,0.450419],[0.109293,-0.675464,0.729248]],[[0.7375,-0.436776,-0.515092],[0.621314,0.737745,0.264011],[0.264693,-0.514742,0.815462]],[[0.7375,-0.436776,-0.515092],[0.570532,0.811059,0.129136],[0.361367,-0.389115,0.847351]]],"btipPosition":[75.0716,285.729,-49.6866],"carpPosition":[101.242,184.309,65.3471],"dipPosition":[81.5566,278.747,-34.4802],"direction":[-0.264693,0.514742,-0.815462],"extended":true,"handId":349,"id":3492,"length":63.9891,"mcpPosition":[93.7754,233.677,21.2316],"pipPosition":[88.7446,264.768,-12.3356],"stabilizedTipPosition":[76.5632,284.123,-46.1891],"timeVisible":0,"tipPosition":[76.5632,284.123,-46.1891],"tipVelocity":[1.19209e-7,1.19209e-7,1.19209e-7],"tool":false,"touchDistance":0.840496,"touchZone":"hovering","type":2,"width":18.1417},{"bases":[[[0.687488,-0.534212,-0.491912],[0.72609,0.494102,0.478181],[-0.0123955,-0.685916,0.727575]],[[0.687489,-0.534173,-0.491954],[0.724911,0.545077,0.421183],[0.0431684,-0.646181,0.761962]],[[0.687489,-0.534173,-0.491954],[0.689206,0.693392,0.210244],[0.22881,-0.483598,0.844854]],[[0.687489,-0.534173,-0.491954],[0.642277,0.763391,0.0686565],[0.338879,-0.363171,0.86791]]],"btipPosition":[97.0746,268.691,-55.1445],"carpPosition":[110.275,180.816,58.7256],"dipPosition":[103.121,262.211,-39.6587],"direction":[-0.22881,0.483598,-0.844854],"extended":true,"handId":349,"id":3493,"length":61.5272,"mcpPosition":[111.016,221.847,15.2027],"pipPosition":[109.174,249.418,-17.3084],"stabilizedTipPosition":[98.4652,267.201,-51.5827],"timeVisible":0,"tipPosition":[98.4652,267.201,-51.5827],"tipVelocity":[1.19209e-7,1.19209e-7,1.19209e-7],"tool":false,"touchDistance":0.759592,"touchZone":"hovering","type":3,"width":17.263},{"bases":[[[0.551948,-0.684256,-0.476599],[0.820213,0.342444,0.458238],[-0.150344,-0.643837,0.750247]],[[0.550109,-0.691913,-0.467586],[0.830834,0.396994,0.390013],[-0.0842256,-0.603036,0.793255]],[[0.550109,-0.691913,-0.467586],[0.819946,0.553684,0.14534],[0.158332,-0.463348,0.871917]],[[0.550109,-0.691913,-0.467586],[0.779687,0.626103,-0.00918611],[0.299113,-0.359517,0.8839]]],"btipPosition":[118.899,242.429,-49.1421],"carpPosition":[115.61,171.842,50.0232],"dipPosition":[123.822,236.511,-34.5926],"direction":[-0.158332,0.463348,-0.871917],"extended":true,"handId":349,"id":3494,"length":48.2362,"mcpPosition":[123.935,207.494,8.47893],"pipPosition":[126.78,227.857,-18.3069],"stabilizedTipPosition":[120.031,241.068,-45.7957],"timeVisible":0,"tipPosition":[120.031,241.068,-45.7957],"tipVelocity":[1.19209e-7,1.19209e-7,1.19209e-7],"tool":false,"touchDistance":0.846398,"touchZone":"hovering","type":4,"width":15.3344}],"r":[[1,-1.42247e-17,-1.77809e-17],[1.42247e-17,1,-1.11022e-17],[1.77809e-17,1.11022e-17,1]],"s":1,"t":[0,0,0],"timestamp":261255732767},{"currentFrameRate":25.9053,"devices":[],"gestures":[],"hands":[{"armBasis":[[0.861077,-0.175536,-0.477215],[0.327402,0.909484,0.256217],[0.389044,-0.376863,0.840606]],"armWidth":61.649,"confidence":0.200629,"direction":[-0.0781035,0.832706,-0.54818],"elbow":[207.638,70.3769,284.468],"grabAngle":0.231351,"grabStrength":0,"id":349,"palmNormal":[-0.463249,-0.517206,-0.719652],"palmPosition":[89.8899,222.927,24.5123],"palmVelocity":[-104.121,302.078,-171.498],"palmWidth":86.8926,"pinchDistance":55.4697,"pinchStrength":0,"r":[[0.999615,0.0252341,0.0114942],[-0.0253308,0.999644,0.00834433],[-0.0112796,-0.00863228,0.999899]],"s":0.984189,"sphereCenter":[1.1614,96.6812,-153.46],"sphereRadius":238.4,"stabilizedPalmPosition":[92.0618,216.625,28.0897],"t":[-2.00995,5.83131,-3.3106],"timeVisible":0.038608,"type":"right","wrist":[107.326,167.548,67.7251]}],"id":207192,"interactionBox":{"center":[0,200,0],"size":[235.247,235.247,147.751]},"pointables":[{"bases":[[[0.75433,0.545522,0.365229],[-0.472804,0.0654628,0.878733],[0.455459,-0.835536,0.307305]],[[0.683831,0.656186,0.319053],[-0.471611,0.0638506,0.879492],[0.556739,-0.751893,0.353128]],[[0.683831,0.656186,0.319053],[-0.660117,0.370105,0.653657],[0.310838,-0.657604,0.686249]],[[0.683831,0.656186,0.319053],[-0.720768,0.539528,0.435205],[0.113437,-0.52757,0.841904]]],"btipPosition":[34.7258,246.469,1.34751],"carpPosition":[73.6993,178.007,58.6184],"dipPosition":[37.2166,234.885,19.8332],"direction":[-0.310838,0.657604,-0.686249],"extended":false,"handId":349,"id":3490,"length":48.8949,"mcpPosition":[73.6993,178.007,58.6184],"pipPosition":[47.1597,213.85,41.7849],"stabilizedTipPosition":[35.2068,239.194,13.9463],"timeVisible":0.038608,"tipPosition":[31.0939,243.855,5.48281],"tipVelocity":[2.45853,123.3,-223.211],"tool":false,"touchDistance":1,"touchZone":"none","type":0,"width":19.7032},{"bases":[[[0.803582,-0.266338,-0.532278],[0.569805,0.602659,0.558681],[0.171984,-0.752241,0.636047]],[[0.8086,-0.289896,-0.511983],[0.566452,0.618825,0.544232],[0.159057,-0.73008,0.664594]],[[0.8086,-0.289896,-0.511983],[0.545589,0.695167,0.468056],[0.220226,-0.657802,0.720276]],[[0.8086,-0.289896,-0.511983],[0.526106,0.745828,0.4086],[0.2634,-0.599751,0.755592]]],"btipPosition":[69.677,306.737,-47.0302],"carpPosition":[98.8476,195.479,57.9382],"dipPosition":[74.3209,296.163,-33.7088],"direction":[-0.220226,0.657802,-0.720276],"extended":true,"handId":349,"id":3492,"length":62.8646,"mcpPosition":[87.3889,245.598,15.5608],"pipPosition":[80.1962,278.613,-14.4928],"stabilizedTipPosition":[70.9903,303.454,-44.06],"timeVisible":0.038608,"tipPosition":[68.971,300.335,-47.4133],"tipVelocity":[-150.696,522.719,57.5747],"tool":false,"touchDistance":0.823123,"touchZone":"hovering","type":2,"width":18.4842},{"bases":[[[0.774876,-0.418802,-0.473468],[0.630953,0.557803,0.539216],[0.0382774,-0.716562,0.696473]],[[0.769529,-0.36163,-0.526354],[0.627159,0.583346,0.516119],[0.120403,-0.727277,0.675701]],[[0.769529,-0.36163,-0.526354],[0.610149,0.659665,0.438817],[0.188528,-0.658837,0.728279]],[[0.769529,-0.36163,-0.526354],[0.590263,0.717367,0.370099],[0.243751,-0.59549,0.765492]]],"btipPosition":[92.0747,294.389,-50.6262],"carpPosition":[108.584,193.478,51.7063],"dipPosition":[96.3475,283.951,-37.2079],"direction":[-0.188528,0.658837,-0.728279],"extended":true,"handId":349,"id":3493,"length":60.446,"mcpPosition":[106.294,236.342,10.0438],"pipPosition":[101.247,266.828,-18.2801],"stabilizedTipPosition":[93.3067,290.846,-47.7264],"timeVisible":0.038608,"tipPosition":[92.3014,287.639,-51.3234],"tipVelocity":[-140.069,642.029,104.712],"tool":false,"touchDistance":0.777607,"touchZone":"hovering","type":3,"width":17.5889},{"bases":[[[0.659124,-0.585291,-0.472219],[0.74468,0.420361,0.518409],[-0.104918,-0.693348,0.712924]],[[0.66736,-0.479541,-0.569799],[0.743599,0.471302,0.474273],[0.041114,-0.740213,0.671115]],[[0.66736,-0.479541,-0.569799],[0.734054,0.55267,0.394614],[0.125677,-0.681613,0.720839]],[[0.66736,-0.479541,-0.569799],[0.717848,0.617933,0.320707],[0.198306,-0.623056,0.756622]]],"btipPosition":[114.403,271.214,-44.2454],"carpPosition":[115.47,185.682,42.9582],"dipPosition":[117.61,261.138,-32.0098],"direction":[-0.125677,0.681613,-0.720839],"extended":true,"handId":349,"id":3494,"length":47.3885,"mcpPosition":[121.28,224.075,3.48072],"pipPosition":[119.916,248.631,-18.7825],"stabilizedTipPosition":[115.364,267.626,-41.6305],"timeVisible":0.038608,"tipPosition":[115.5,264.45,-45.2369],"tipVelocity":[-126.669,720.788,113.046],"tool":false,"touchDistance":0.860559,"touchZone":"hovering","type":4,"width":15.6239},{"bases":[[[0.857134,-0.0551161,-0.512136],[0.424715,0.638179,0.642141],[0.291442,-0.767913,0.570413]],[[0.893746,-0.182471,-0.409783],[0.42573,0.632846,0.64673],[0.14132,-0.752469,0.643287]],[[0.893746,-0.182471,-0.409783],[0.412269,0.694152,0.590073],[0.17678,-0.696317,0.695623]],[[0.893746,-0.182471,-0.409783],[0.388759,0.770843,0.504646],[0.223795,-0.610332,0.759875]]],"btipPosition":[54.5827,304.505,-30.7863],"carpPosition":[88.3506,194.651,63.1725],"dipPosition":[58.17,294.722,-18.6059],"direction":[-0.17678,0.696317,-0.695623],"extended":true,"handId":349,"id":3491,"length":55.1725,"mcpPosition":[67.8749,248.602,23.0972],"pipPosition":[62.1787,278.932,-2.83167],"stabilizedTipPosition":[56.0981,299.313,-27.9627],"timeVisible":0.038608,"tipPosition":[51.9648,298.904,-30.7208],"tipVelocity":[-96.3817,410.682,-3.08931],"tool":false,"touchDistance":1,"touchZone":"none","type":1,"width":18.8205}],"r":[[0.999615,0.0252341,0.0114942],[-0.0253308,0.999644,0.00834433],[-0.0112796,-0.00863228,0.999899]],"s":0.984189,"t":[-2.00995,5.83131,-3.3106],"timestamp":261255771375},{"currentFrameRate":25.9546,"devices":[],"gestures":[],"hands":[{"armBasis":[[0.906008,-0.00659569,-0.423209],[0.232908,0.842653,0.485479],[0.353416,-0.538416,0.764987]],"armWidth":61.649,"confidence":0.383829,"direction":[-0.156624,0.878051,-0.452212],"elbow":[199.069,34.3051,256.257],"grabAngle":0.0536704,"grabStrength":0,"id":349,"palmNormal":[-0.352738,-0.477396,-0.804779],"palmPosition":[86.262,231.777,22.2015],"palmVelocity":[-95.0126,231.781,-60.5182],"palmWidth":86.8926,"pinchDistance":58.2542,"pinchStrength":0,"r":[[0.99695,0.0696644,0.0351924],[-0.0709803,0.996767,0.0376381],[-0.0324566,-0.0400213,0.998672]],"s":0.986681,"sphereCenter":[122.349,319.305,65.8952],"sphereRadius":106.272,"stabilizedPalmPosition":[87.8262,227.691,23.7895],"t":[-4.82891,13.1721,-6.12132],"timeVisible":0.076792,"type":"right","wrist":[107.944,173.131,59.0112]}],"id":207193,"interactionBox":{"center":[0,200,0],"size":[235.247,235.247,147.751]},"pointables":[{"bases":[[[0.656156,0.584866,0.476856],[-0.523565,-0.102242,0.845829],[0.543451,-0.804661,0.239129]],[[0.557806,0.709279,0.431016],[-0.512924,-0.113677,0.850874],[0.652504,-0.695701,0.300396]],[[0.557806,0.709279,0.431016],[-0.744581,0.198218,0.637424],[0.366676,-0.676485,0.638683]],[[0.557806,0.709279,0.431016],[-0.82473,0.415409,0.38374],[0.0931309,-0.569525,0.816681]]],"btipPosition":[29.3894,248.65,-2.99431],"carpPosition":[74.2683,181.341,49.6876],"dipPosition":[31.4343,236.144,14.9375],"direction":[-0.366676,0.676485,-0.638683],"extended":false,"handId":349,"id":3490,"length":48.8949,"mcpPosition":[74.2683,181.341,49.6876],"pipPosition":[43.1636,214.505,35.3678],"stabilizedTipPosition":[34.7353,239.774,12.8162],"timeVisible":0.076792,"tipPosition":[26.8667,247.243,1.63754],"tipVelocity":[-142.44,51.5516,-117.044],"tool":false,"touchDistance":1,"touchZone":"none","type":0,"width":19.7032},{"bases":[[[0.883127,0.114437,-0.454962],[0.302955,0.601349,0.739323],[0.358197,-0.790749,0.496398]],[[0.933303,-0.0302832,-0.357811],[0.312704,0.558387,0.768388],[0.176528,-0.829028,0.530614]],[[0.933303,-0.0302832,-0.357811],[0.30234,0.603885,0.737505],[0.193743,-0.796496,0.572763]],[[0.933303,-0.0302832,-0.357811],[0.281373,0.680762,0.676308],[0.223103,-0.731879,0.643878]]],"btipPosition":[46.1092,317.734,-22.4392],"carpPosition":[86.3598,198.97,57.1327],"dipPosition":[49.6855,306.003,-12.1181],"direction":[-0.193743,0.796496,-0.572764],"extended":true,"handId":349,"id":3491,"length":55.1725,"mcpPosition":[61.1941,254.526,22.2574],"pipPosition":[54.0789,287.941,0.87006],"stabilizedTipPosition":[47.3183,314.373,-20.3983],"timeVisible":0.076792,"tipPosition":[43.1166,310.397,-24.6958],"tipVelocity":[-221.977,334.725,207.403],"tool":false,"touchDistance":1,"touchZone":"none","type":1,"width":18.8205},{"bases":[[[0.858729,-0.0976517,-0.50304],[0.455687,0.594532,0.662481],[0.234381,-0.79812,0.55504]],[[0.866942,-0.127621,-0.481794],[0.464111,0.559108,0.687022],[0.181696,-0.819213,0.543945]],[[0.866942,-0.127621,-0.481794],[0.459412,0.579462,0.673175],[0.193269,-0.804945,0.56099]],[[0.866942,-0.127621,-0.481794],[0.45093,0.612608,0.649133],[0.212307,-0.780016,0.588643]]],"btipPosition":[64.192,327.172,-34.1594],"carpPosition":[96.9236,201.724,52.763],"dipPosition":[67.9351,313.42,-23.7814],"direction":[-0.193269,0.804945,-0.56099],"extended":true,"handId":349,"id":3492,"length":62.8646,"mcpPosition":[81.3077,254.9,15.7828],"pipPosition":[73.0912,291.945,-8.81495],"stabilizedTipPosition":[65.4101,322.773,-32.5117],"timeVisible":0.076792,"tipPosition":[61.8628,318.631,-37.1947],"tipVelocity":[-149.073,516.042,319.343],"tool":false,"touchDistance":0.957051,"touchZone":"hovering","type":2,"width":18.4842},{"bases":[[[0.847049,-0.258576,-0.464378],[0.523114,0.56029,0.642204],[0.094128,-0.786901,0.609858]],[[0.836777,-0.194661,-0.511773],[0.531296,0.514667,0.672936],[0.132398,-0.835,0.534084]],[[0.836777,-0.194661,-0.511773],[0.525856,0.546158,0.652063],[0.152578,-0.81475,0.559376]],[[0.836777,-0.194661,-0.511773],[0.517347,0.58719,0.622543],[0.179324,-0.785694,0.592055]]],"btipPosition":[88.8675,318.741,-36.7599],"carpPosition":[107.157,201.72,47.0252],"dipPosition":[92.0109,304.969,-26.3817],"direction":[-0.152578,0.81475,-0.559376],"extended":true,"handId":349,"id":3493,"length":60.446,"mcpPosition":[101.526,248.792,10.5439],"pipPosition":[95.9763,283.793,-11.8437],"stabilizedTipPosition":[89.7905,314.243,-35.0915],"timeVisible":0.076792,"tipPosition":[86.8211,310.162,-40.0476],"tipVelocity":[-90.7962,617.67,344.833],"tool":false,"touchDistance":0.930686,"touchZone":"hovering","type":3,"width":17.5889},{"bases":[[[0.754094,-0.436911,-0.490357],[0.65474,0.441515,0.613498],[-0.0515443,-0.783692,0.619007]],[[0.751547,-0.293752,-0.590666],[0.658105,0.39568,0.640574],[0.0455448,-0.870142,0.490692]],[[0.751547,-0.293752,-0.590666],[0.655269,0.435781,0.617023],[0.0761496,-0.850767,0.519997]],[[0.751547,-0.293752,-0.590666],[0.649414,0.486797,0.584201],[0.115924,-0.822641,0.556617]]],"btipPosition":[113.53,297.148,-31.1702],"carpPosition":[115.458,195.971,37.9278],"dipPosition":[115.404,283.845,-22.169],"direction":[-0.0761496,0.850767,-0.519997],"extended":true,"handId":349,"id":3494,"length":47.3885,"mcpPosition":[118.312,239.367,3.65086],"pipPosition":[116.802,268.233,-12.6271],"stabilizedTipPosition":[114.019,292.995,-29.6176],"timeVisible":0.076792,"tipPosition":[111.834,288.994,-35.0328],"tipVelocity":[-30.8977,659.745,322.943],"tool":false,"touchDistance":0.992805,"touchZone":"hovering","type":4,"width":15.6239}],"r":[[0.99695,0.0696644,0.0351924],[-0.0709803,0.996767,0.0376381],[-0.0324566,-0.0400213,0.998672]],"s":0.986681,"t":[-4.82891,13.1721,-6.12132],"timestamp":261255809559},{"currentFrameRate":29.1958,"devices":[],"gestures":[],"hands":[{"armBasis":[[0.91752,0.047617,-0.394828],[0.197587,0.807017,0.556491],[0.345131,-0.588605,0.731046]],"armWidth":61.649,"confidence":0.43975,"direction":[-0.173024,0.899097,-0.402103],"elbow":[196.628,21.3309,244.745],"grabAngle":0.0614495,"grabStrength":0,"id":349,"palmNormal":[-0.315072,-0.437335,-0.842299],"palmPosition":[85.1158,233.334,22.608],"palmVelocity":[-89.6159,121.709,31.7841],"palmWidth":86.8926,"pinchDistance":59.8055,"pinchStrength":0,"r":[[0.991989,0.110196,0.0617618],[-0.114542,0.990813,0.0718995],[-0.0532713,-0.0783979,0.995498]],"s":0.992196,"sphereCenter":[100.888,295.931,40.8397],"sphereRadius":72.3056,"stabilizedPalmPosition":[86.8003,229.826,23.3423],"t":[-6.81148,17.6209,-7.32341],"timeVisible":0.089582,"type":"right","wrist":[107.639,173.098,56.2506]}],"id":207194,"interactionBox":{"center":[0,200,0],"size":[235.247,235.247,147.751]},"pointables":[{"bases":[[[0.623548,0.574271,0.530472],[-0.542574,-0.170632,0.822495],[0.562851,-0.800685,0.205187]],[[0.493568,0.727541,0.476524],[-0.544551,-0.168697,0.821587],[0.678126,-0.665001,0.312919]],[[0.493568,0.727541,0.476524],[-0.77586,0.120758,0.61924],[0.392978,-0.675353,0.624072]],[[0.493568,0.727541,0.476524],[-0.86522,0.355167,0.353909],[0.0882372,-0.586976,0.804781]]],"btipPosition":[27.2081,247.136,-5.94552],"carpPosition":[74.0423,180.944,46.6047],"dipPosition":[29.1456,234.248,11.725],"direction":[-0.392978,0.675353,-0.624072],"extended":false,"handId":349,"id":3490,"length":48.8949,"mcpPosition":[74.0423,180.944,46.6047],"pipPosition":[41.7162,212.645,31.6879],"stabilizedTipPosition":[34.4611,239.944,12.2472],"timeVisible":0.089582,"tipPosition":[26.2155,247.331,0.62978],"tipVelocity":[-172.479,-125.215,-235.442],"tool":false,"touchDistance":1,"touchZone":"none","type":0,"width":19.7032},{"bases":[[[0.890864,0.169737,-0.421368],[0.263042,0.563501,0.783119],[0.370365,-0.80849,0.457355]],[[0.938846,0.0374471,-0.342294],[0.27192,0.529236,0.803722],[0.211252,-0.847648,0.486689]],[[0.938846,0.0374471,-0.342294],[0.24838,0.614837,0.74852],[0.238485,-0.787764,0.567937]],[[0.938846,0.0374471,-0.342294],[0.22793,0.677528,0.699288],[0.2581,-0.734543,0.62756]]],"btipPosition":[41.2642,319.051,-19.2281],"carpPosition":[85.3449,198.445,55.4592],"dipPosition":[45.4014,307.276,-9.16866],"direction":[-0.238485,0.787764,-0.567937],"extended":true,"handId":349,"id":3491,"length":55.1725,"mcpPosition":[59.3242,255.247,23.3269],"pipPosition":[50.8094,289.413,3.71008],"stabilizedTipPosition":[44.1136,315.61,-18.2103],"timeVisible":0.089582,"tipPosition":[40.9435,313.814,-20.036],"tipVelocity":[-368.729,102.144,246.355],"tool":false,"touchDistance":1,"touchZone":"none","type":1,"width":18.8205},{"bases":[[[0.874729,-0.0396207,-0.482991],[0.417933,0.566198,0.710459],[0.245319,-0.823317,0.511828]],[[0.880623,-0.0603189,-0.469963],[0.420718,0.555775,0.717015],[0.217944,-0.829142,0.514805]],[[0.880623,-0.0603189,-0.469963],[0.418595,0.563753,0.712012],[0.221995,-0.823738,0.521703]],[[0.880623,-0.0603189,-0.469963],[0.408756,0.59834,0.689136],[0.23963,-0.798969,0.551568]]],"btipPosition":[59.5793,330.202,-29.4504],"carpPosition":[95.9269,201.79,51.5735],"dipPosition":[63.804,316.115,-19.7261],"direction":[-0.221995,0.823738,-0.521703],"extended":true,"handId":349,"id":3492,"length":62.8646,"mcpPosition":[79.5822,256.645,17.4723],"pipPosition":[69.7266,294.139,-5.80772],"stabilizedTipPosition":[62.7126,325.098,-29.5706],"timeVisible":0.089582,"tipPosition":[59.6414,323.454,-31.3972],"tipVelocity":[-351.988,230.859,356.426],"tool":false,"touchDistance":0.963059,"touchZone":"hovering","type":2,"width":18.4842},{"bases":[[[0.867284,-0.202916,-0.454581],[0.486968,0.535386,0.69009],[0.103346,-0.81987,0.563145]],[[0.854075,-0.12652,-0.504528],[0.495354,0.493754,0.714725],[0.158686,-0.860348,0.484375]],[[0.854075,-0.12652,-0.504528],[0.490222,0.520061,0.699442],[0.173892,-0.844707,0.506194]],[[0.854075,-0.12652,-0.504528],[0.480844,0.561936,0.673065],[0.198356,-0.817447,0.540772]]],"btipPosition":[85.4757,323.85,-30.4812],"carpPosition":[106.306,202.459,46.1448],"dipPosition":[88.9527,309.521,-21.0019],"direction":[-0.173892,0.844707,-0.506194],"extended":true,"handId":349,"id":3493,"length":60.446,"mcpPosition":[100.124,251.503,12.4579],"pipPosition":[93.4721,287.567,-7.84611],"stabilizedTipPosition":[87.8878,317.659,-31.4158],"timeVisible":0.089582,"tipPosition":[84.8821,315.729,-34.2932],"tipVelocity":[-259.196,389.449,474.744],"tool":false,"touchDistance":0.962031,"touchZone":"hovering","type":3,"width":17.5889},{"bases":[[[0.780953,-0.382096,-0.49408],[0.623139,0.422756,0.658008],[-0.042547,-0.821754,0.568252]],[[0.775041,-0.22091,-0.592039],[0.627981,0.373593,0.682692],[0.0703686,-0.900903,0.428277]],[[0.775041,-0.22091,-0.592039],[0.6264,0.392054,0.673734],[0.0832771,-0.893024,0.442236]],[[0.775041,-0.22091,-0.592039],[0.619949,0.447256,0.64469],[0.122375,-0.866695,0.483595]]],"btipPosition":[111.548,303.338,-24.6517],"carpPosition":[115.034,197.545,36.9575],"dipPosition":[113.527,289.322,-16.8313],"direction":[-0.0832771,0.893024,-0.442236],"extended":true,"handId":349,"id":3494,"length":47.3885,"mcpPosition":[117.39,243.049,5.49113],"pipPosition":[115.055,272.935,-8.71634],"stabilizedTipPosition":[112.867,297.063,-25.7517],"timeVisible":0.089582,"tipPosition":[110.467,295.173,-29.6802],"tipVelocity":[-153.05,471.157,488.426],"tool":false,"touchDistance":1,"touchZone":"none","type":4,"width":15.6239}],"r":[[0.991989,0.110196,0.0617618],[-0.114542,0.990813,0.0718995],[-0.0532713,-0.0783979,0.995498]],"s":0.992196,"t":[-6.81148,17.6209,-7.32341],"timestamp":261255822349},{"currentFrameRate":32.2977,"devices":[],"gestures":[],"hands":[{"armBasis":[[0.930491,0.109884,-0.349444],[0.14303,0.769238,0.622748],[0.337236,-0.629442,0.700053]],"armWidth":61.649,"confidence":0.490771,"direction":[-0.182147,0.918069,-0.352097],"elbow":[194.136,10.5661,234.186],"grabAngle":0.0953196,"grabStrength":0,"id":349,"palmNormal":[-0.255765,-0.389998,-0.884582],"palmPosition":[84.3068,234.516,22.9278],"palmVelocity":[-65.4086,95.6292,25.859],"palmWidth":86.8926,"pinchDistance":60.201,"pinchStrength":0,"r":[[0.98448,0.146767,0.0962191],[-0.157047,0.981472,0.109766],[-0.0783262,-0.123174,0.989289]],"s":0.997698,"sphereCenter":[87.5764,264.136,-7.30076],"sphereRadius":53.1508,"stabilizedPalmPosition":[85.8578,231.599,23.1856],"t":[-8.20725,20.4366,-7.76455],"timeVisible":0.10195,"type":"right","wrist":[107.183,172.863,53.6831]}],"id":207195,"interactionBox":{"center":[0,200,0],"size":[235.247,235.247,147.751]},"pointables":[{"bases":[[[0.575267,0.556568,0.599416],[-0.578624,-0.241073,0.779152],[0.578155,-0.795057,0.183362]],[[0.436753,0.715212,0.545636],[-0.579877,-0.239878,0.778589],[0.687743,-0.656453,0.309967]],[[0.436753,0.715212,0.545636],[-0.806545,0.0426983,0.589628],[0.398411,-0.697602,0.595499]],[[0.436753,0.715212,0.545636],[-0.895121,0.285193,0.342671],[0.0894705,-0.638073,0.76476]]],"btipPosition":[26.2828,247.96,-7.75515],"carpPosition":[73.7762,180.342,42.8616],"dipPosition":[28.2473,233.95,9.03665],"direction":[-0.398411,0.697602,-0.595499],"extended":false,"handId":349,"id":3490,"length":48.8949,"mcpPosition":[73.7762,180.342,42.8616],"pipPosition":[40.9917,211.635,28.0855],"stabilizedTipPosition":[34.2425,240.08,11.7904],"timeVisible":0.10195,"tipPosition":[26.2336,247.885,-1.46328],"tipVelocity":[-74.3158,45.752,-162.657],"tool":false,"touchDistance":1,"touchZone":"none","type":0,"width":19.7032},{"bases":[[[0.905363,0.224206,-0.360623],[0.202653,0.518167,0.830924],[0.373161,-0.825369,0.423693]],[[0.950068,0.101568,-0.295049],[0.211559,0.485386,0.848318],[0.229375,-0.86838,0.439662]],[[0.950068,0.101568,-0.295049],[0.176749,0.604069,0.777085],[0.257157,-0.790433,0.555955]],[[0.950068,0.101568,-0.295049],[0.15407,0.669561,0.726602],[0.271353,-0.73578,0.62048]]],"btipPosition":[38.3599,320.261,-16.6161],"carpPosition":[84.0034,197.553,53.4256],"dipPosition":[42.7096,308.467,-6.67008],"direction":[-0.257157,0.790433,-0.555955],"extended":true,"handId":349,"id":3491,"length":55.1725,"mcpPosition":[57.7863,255.541,23.6583],"pipPosition":[48.541,290.542,5.93695],"stabilizedTipPosition":[41.4437,316.699,-16.0299],"timeVisible":0.10195,"tipPosition":[39.678,316.415,-16.4856],"tipVelocity":[-230.868,97.4881,209.084],"tool":false,"touchDistance":1,"touchZone":"none","type":1,"width":18.8205},{"bases":[[[0.899553,0.0189922,-0.436398],[0.360941,0.530365,0.767095],[0.246019,-0.847556,0.470237]],[[0.902476,0.0086944,-0.430653],[0.355164,0.550667,0.755397],[0.243714,-0.83468,0.493875]],[[0.902476,0.0086944,-0.430653],[0.355164,0.550667,0.755397],[0.243714,-0.83468,0.493875]],[[0.902476,0.0086944,-0.430653],[0.343265,0.589448,0.731245],[0.260205,-0.807759,0.528978]]],"btipPosition":[56.1526,332.192,-25.8225],"carpPosition":[94.6544,201.468,50.3432],"dipPosition":[60.7401,317.951,-16.4964],"direction":[-0.243714,0.83468,-0.493875],"extended":true,"handId":349,"id":3492,"length":62.8646,"mcpPosition":[78.263,257.937,19.013],"pipPosition":[67.2421,295.682,-3.3205],"stabilizedTipPosition":[60.0166,326.968,-26.6846],"timeVisible":0.10195,"tipPosition":[58.4023,327.491,-25.9833],"tipVelocity":[-270.317,158.029,285.922],"tool":false,"touchDistance":0.953131,"touchZone":"hovering","type":2,"width":18.4842},{"bases":[[[0.896166,-0.145975,-0.419019],[0.431946,0.503078,0.748555],[0.101529,-0.851824,0.513895]],[[0.883633,-0.0698636,-0.462939],[0.436911,0.478359,0.761762],[0.168232,-0.875381,0.453218]],[[0.883633,-0.0698636,-0.462939],[0.428312,0.519917,0.739077],[0.189055,-0.851355,0.489339]],[[0.883633,-0.0698636,-0.462939],[0.417599,0.564662,0.711876],[0.21167,-0.82236,0.528129]]],"btipPosition":[83.5245,327.001,-26.1745],"carpPosition":[105.274,202.81,45.5397],"dipPosition":[87.2349,312.586,-16.9168],"direction":[-0.189055,0.851355,-0.489339],"extended":true,"handId":349,"id":3493,"length":60.446,"mcpPosition":[99.2002,253.765,14.7988],"pipPosition":[92.1483,290.459,-4.19909],"stabilizedTipPosition":[86.3168,320.356,-28.1169],"timeVisible":0.10195,"tipPosition":[84.2698,320.906,-27.8498],"tipVelocity":[-153.42,253.145,344.093],"tool":false,"touchDistance":0.962997,"touchZone":"hovering","type":3,"width":17.5889},{"bases":[[[0.818123,-0.324687,-0.474609],[0.573336,0.397003,0.716711],[-0.0442847,-0.858468,0.510952]],[[0.813238,-0.16936,-0.556741],[0.576772,0.361689,0.732472],[0.0773163,-0.916787,0.391822]],[[0.813238,-0.16936,-0.556741],[0.574344,0.387574,0.721051],[0.0936615,-0.906148,0.412461]],[[0.813238,-0.16936,-0.556741],[0.568102,0.438379,0.696479],[0.126108,-0.88269,0.45272]]],"btipPosition":[110.759,307.633,-19.6397],"carpPosition":[114.63,198.781,36.5416],"dipPosition":[112.798,293.359,-12.3186],"direction":[-0.0936615,0.906148,-0.412461],"extended":true,"handId":349,"id":3494,"length":47.3885,"mcpPosition":[117.082,246.318,8.24807],"pipPosition":[114.517,276.731,-4.75004],"stabilizedTipPosition":[112.09,300.519,-22.0546],"timeVisible":0.10195,"tipPosition":[110.331,300.775,-23.2855],"tipVelocity":[-62.6898,342.495,395.95],"tool":false,"touchDistance":1,"touchZone":"none","type":4,"width":15.6239}],"r":[[0.98448,0.146767,0.0962191],[-0.157047,0.981472,0.109766],[-0.0783262,-0.123174,0.989289]],"s":0.997698,"t":[-8.20725,20.4366,-7.76455],"timestamp":261255834717},{"currentFrameRate":35.4358,"devices":[],"gestures":[],"hands":[{"armBasis":[[0.939028,0.143879,-0.312289],[0.109186,0.736455,0.667617],[0.326043,-0.661009,0.675842]],"armWidth":61.649,"confidence":0.533544,"direction":[-0.182003,0.932091,-0.313181],"elbow":[190.376,2.3321,225.422],"grabAngle":0.103523,"grabStrength":0,"id":349,"palmNormal":[-0.216426,-0.348663,-0.911918],"palmPosition":[83.6537,235.596,22.6788],"palmVelocity":[-59.3049,98.0345,-22.6123],"palmWidth":86.8926,"pinchDistance":60.4133,"pinchStrength":0,"r":[[0.975248,0.176046,0.133784],[-0.195218,0.969665,0.147105],[-0.103828,-0.169581,0.980032]],"s":1.00394,"sphereCenter":[85.048,258.344,-21.0422],"sphereRadius":59.4025,"stabilizedPalmPosition":[85.0837,233.003,23.0076],"t":[-9.23167,22.3843,-8.10962],"timeVisible":0.112962,"type":"right","wrist":[106.309,172.768,51.1618]}],"id":207196,"interactionBox":{"center":[0,200,0],"size":[235.247,235.247,147.751]},"pointables":[{"bases":[[[0.544036,0.533246,0.647822],[-0.604128,-0.286858,0.743466],[0.582284,-0.79584,0.166088]],[[0.408762,0.689323,0.59812],[-0.599373,-0.291461,0.745521],[0.688234,-0.663238,0.294023]],[[0.408762,0.689323,0.59812],[-0.822289,-0.00613929,0.569036],[0.395922,-0.724428,0.564313]],[[0.408762,0.689323,0.59812],[-0.908163,0.242379,0.341311],[0.0903013,-0.682705,0.725092]]],"btipPosition":[25.7086,250.147,-8.4897],"carpPosition":[73.164,180.368,39.4984],"dipPosition":[27.6913,235.157,7.43112],"direction":[-0.395922,0.724428,-0.564313],"extended":false,"handId":349,"id":3490,"length":48.8949,"mcpPosition":[73.164,180.368,39.4984],"pipPosition":[40.3561,211.984,25.4824],"stabilizedTipPosition":[33.9379,240.33,11.1639],"timeVisible":0.112962,"tipPosition":[26.3414,249.208,-3.37006],"tipVelocity":[-51.7618,178.139,-84.8964],"tool":false,"touchDistance":0.956395,"touchZone":"hovering","type":0,"width":19.7032},{"bases":[[[0.91505,0.052054,-0.399968],[0.323923,0.496023,0.805627],[0.24033,-0.866748,0.437024]],[[0.912981,0.0593953,-0.403657],[0.313436,0.531263,0.787094],[0.261198,-0.845122,0.466416]],[[0.912981,0.0593953,-0.403657],[0.313436,0.531263,0.787094],[0.261198,-0.845122,0.466416]],[[0.912981,0.0593953,-0.403657],[0.300804,0.570425,0.764285],[0.275651,-0.819199,0.502921]]],"btipPosition":[53.7832,334.311,-22.7088],"carpPosition":[93.4353,201.356,48.8104],"dipPosition":[58.643,319.869,-13.8421],"direction":[-0.261198,0.845122,-0.466416],"extended":true,"handId":349,"id":3492,"length":62.8646,"mcpPosition":[77.4231,259.105,19.6931],"pipPosition":[65.6115,297.322,-1.3987],"stabilizedTipPosition":[57.9364,328.603,-24.2385],"timeVisible":0.112962,"tipPosition":[57.8235,330.614,-22.3022],"tipVelocity":[-209.473,188.283,273.166],"tool":false,"touchDistance":0.936273,"touchZone":"hovering","type":2,"width":18.4842},{"bases":[[[0.913403,-0.113604,-0.390883],[0.395968,0.470591,0.788514],[0.0943681,-0.875007,0.474823]],[[0.903091,-0.0441118,-0.427178],[0.400756,0.444061,0.801377],[0.154343,-0.89491,0.418705]],[[0.903091,-0.0441118,-0.427178],[0.391784,0.492,0.777458],[0.175876,-0.869477,0.461603]],[[0.903091,-0.0441118,-0.427178],[0.38369,0.529675,0.756457],[0.192897,-0.847053,0.49527]]],"btipPosition":[84.1411,330.37,-22.1419],"carpPosition":[104.208,203.07,44.4913],"dipPosition":[87.5224,315.522,-13.4603],"direction":[-0.175876,0.869477,-0.461603],"extended":true,"handId":349,"id":3493,"length":60.446,"mcpPosition":[98.5631,255.412,16.0878],"pipPosition":[92.0934,292.925,-1.46342],"stabilizedTipPosition":[85.8218,322.693,-25.2943],"timeVisible":0.112962,"tipPosition":[84.3156,324.527,-23.5635],"tipVelocity":[49.1196,296.935,354.162],"tool":false,"touchDistance":0.958531,"touchZone":"hovering","type":3,"width":17.5889},{"bases":[[[0.84012,-0.290296,-0.458177],[0.539986,0.368027,0.756949],[-0.051118,-0.883337,0.465943]],[[0.837314,-0.143461,-0.527565],[0.54306,0.329759,0.772234],[0.0631834,-0.933101,0.35402]],[[0.837314,-0.143461,-0.527565],[0.540006,0.367815,0.757038],[0.0854405,-0.918766,0.385446]],[[0.837314,-0.143461,-0.527565],[0.535032,0.413504,0.736719],[0.112459,-0.899129,0.422989]]],"btipPosition":[111.303,310.881,-15.7858],"carpPosition":[113.955,199.613,35.6726],"dipPosition":[113.122,296.34,-8.9455],"direction":[-0.0854405,0.918766,-0.385446],"extended":true,"handId":349,"id":3494,"length":47.3885,"mcpPosition":[116.786,248.527,9.87146],"pipPosition":[114.69,279.481,-1.87263],"stabilizedTipPosition":[111.951,303.156,-19.1077],"timeVisible":0.112962,"tipPosition":[110.514,304.57,-18.9042],"tipVelocity":[44.836,289.337,339.933],"tool":false,"touchDistance":1,"touchZone":"none","type":4,"width":15.6239},{"bases":[[[0.915009,0.253297,-0.314005],[0.163527,0.478664,0.862636],[0.368806,-0.840668,0.396561]],[[0.958585,0.129584,-0.25362],[0.174911,0.434926,0.883315],[0.224769,-0.891094,0.394248]],[[0.958585,0.129584,-0.25362],[0.13694,0.5711,0.809378],[0.249724,-0.810588,0.529703]],[[0.958585,0.129584,-0.25362],[0.111982,0.64729,0.753973],[0.261868,-0.751148,0.605971]]],"btipPosition":[37.9021,322.56,-14.1933],"carpPosition":[82.7333,197.159,51.2837],"dipPosition":[42.0997,310.52,-4.47988],"direction":[-0.249724,0.810588,-0.529703],"extended":true,"handId":349,"id":3491,"length":55.1725,"mcpPosition":[56.8222,256.222,23.4227],"pipPosition":[47.7625,292.139,7.53185],"stabilizedTipPosition":[40.267,318.111,-14.1706],"timeVisible":0.112962,"tipPosition":[39.3573,318.799,-14.3086],"tipVelocity":[-44.7556,203.674,215.155],"tool":false,"touchDistance":0.989265,"touchZone":"hovering","type":1,"width":18.8205}],"r":[[0.975248,0.176046,0.133784],[-0.195218,0.969665,0.14710