{"frames":232,"data":[{"currentFrameRate":25.9217,"devices":[],"gestures":[],"hands":[],"id":207719,"interactionBox":{"center":[0,200,0],"size":[235.247,235.247,147.751]},"pointables":[],"r":[[-0.0794966,-0.728761,-0.680138],[0.446709,0.583909,-0.677865],[0.891141,-0.357712,0.279125]],"s":-5.62558,"t":[894.675,787.691,741.58],"timestamp":261271651853},{"currentFrameRate":23.757,"devices":[],"gestures":[],"hands":[],"id":207720,"interactionBox":{"center":[0,200,0],"size":[235.247,235.247,147.751]},"pointables":[],"r":[[-0.0794966,-0.728761,-0.680138],[0.446709,0.583909,-0.677865],[0.891141,-0.357712,0.279125]],"s":-5.62558,"t":[894.675,787.691,741.58],"timestamp":261271709688},{"currentFrameRate":22.1278,"devices":[],"gestures":[],"hands":[],"id":207721,"interactionBox":{"center":[0,200,0],"size":[235.247,235.247,147.751]},"pointables":[],"r":[[-0.0794966,-0.728761,-0.680138],[0.446709,0.583909,-0.677865],[0.891141,-0.357712,0.279125]],"s":-5.62558,"t":[894.675,787.691,741.58],"timestamp":261271767595},{"currentFrameRate":22.8082,"devices":[],"gestures":[],"hands":[],"id":207722,"interactionBox":{"center":[0,200,0],"size":[235.247,235.247,147.751]},"pointables":[],"r":[[-0.0794966,-0.728761,-0.680138],[0.446709,0.583909,-0.677865],[0.891141,-0.357712,0.279125]],"s":-5.62558,"t":[894.675,787.691,741.58],"timestamp":261271806031},{"currentFrameRate":23.359,"devices":[],"gestures":[],"hands":[],"id":207723,"interactionBox":{"center":[0,200,0],"size":[235.247,235.247,147.751]},"pointables":[],"r":[[-0.0794966,-0.728761,-0.680138],[0.446709,0.583909,-0.677865],[0.891141,-0.357712,0.279125]],"s":-5.62558,"t":[894.675,787.691,741.58],"timestamp":261271844567},{"currentFrameRate":23.8121,"devices":[],"gestures":[],"hands":[],"id":207724,"interactionBox":{"center":[0,200,0],"size":[235.247,235.247,147.751]},"pointables":[],"r":[[-0.0794966,-0.728761,-0.680138],[0.446709,0.583909,-0.677865],[0.891141,-0.357712,0.279125]],"s":-5.62558,"t":[894.675,787.691,741.58],"timestamp":261271883113},{"currentFrameRate":24.1507,"devices":[],"gestures":[],"hands":[],"id":207725,"interactionBox":{"center":[0,200,0],"size":[235.247,235.247,147.751]},"pointables":[],"r":[[-0.0794966,-0.728761,-0.680138],[0.446709,0.583909,-0.677865],[0.891141,-0.357712,0.279125]],"s":-5.62558,"t":[894.675,787.691,741.58],"timestamp":261271921980},{"currentFrameRate":24.5069,"devices":[],"gestures":[],"hands":[],"id":207726,"interactionBox":{"center":[0,200,0],"size":[235.247,235.247,147.751]},"pointables":[],"r":[[-0.0794966,-0.728761,-0.680138],[0.446709,0.583909,-0.677865],[0.891141,-0.357712,0.279125]],"s":-5.62558,"t":[894.675,787.691,741.58],"timestamp":261271960147},{"currentFrameRate":24.7591,"devices":[],"gestures":[],"hands":[],"id":207727,"interactionBox":{"center":[0,200,0],"size":[235.247,235.247,147.751]},"pointables":[],"r":[[-0.0794966,-0.728761,-0.680138],[0.446709,0.583909,-0.677865],[0.891141,-0.357712,0.279125]],"s":-5.62558,"t":[894.675,787.691,741.58],"timestamp":261271998689},{"currentFrameRate":24.9595,"devices":[],"gestures":[],"hands":[],"id":207728,"interactionBox":{"center":[0,200,0],"size":[235.247,235.247,147.751]},"pointables":[],"r":[[-0.0794966,-0.728761,-0.680138],[0.446709,0.583909,-0.677865],[0.891141,-0.357712,0.279125]],"s":-5.62558,"t":[894.675,787.691,741.58],"timestamp":261272037299},{"currentFrameRate":25.1309,"devices":[],"gestures":[],"hands":[],"id":207729,"interactionBox":{"center":[0,200,0],"size":[235.247,235.247,147.751]},"pointables":[],"r":[[-0.0794966,-0.728761,-0.680138],[0.446709,0.583909,-0.677865],[0.891141,-0.357712,0.279125]],"s":-5.62558,"t":[894.675,787.691,741.58],"timestamp":261272075854},{"currentFrameRate":25.2835,"devices":[],"gestures":[],"hands":[{"armBasis":[[0.687303,-0.585524,-0.429856],[0.611297,0.785906,-0.0931009],[0.392339,-0.198781,0.898085]],"armWidth":60.8506,"confidence":0,"direction":[0.0848567,0.576598,-0.81261],"elbow":[220.887,71.2898,323.603],"grabAngle":2.21249,"grabStrength":0.774473,"id":350,"palmNormal":[-0.690333,-0.554071,-0.465236],"palmPosition":[112.691,162.767,32.2293],"palmVelocity":[1.19209e-7,1.19209e-7,1.19209e-7],"palmWidth":86.8926,"pinchDistance":33.8399,"pinchStrength":0.401091,"r":[[1,-2.77556e-18,1.38778e-17],[2.77556e-18,1,-1.11022e-17],[-1.38778e-17,1.11022e-17,1]],"s":1,"sphereCenter":[79.8949,142.553,-7.878],"sphereRadius":49.7685,"stabilizedPalmPosition":[112.691,162.767,32.2293],"t":[0,0,0],"timeVisible":0,"type":"right","wrist":[119.726,122.544,92.039]}],"id":207730,"interactionBox":{"center":[0,200,0],"size":[235.247,235.247,147.751]},"pointables":[{"bases":[[[0.923133,0.36647,0.116301],[-0.302633,0.506001,0.807698],[0.237149,-0.780809,0.578012]],[[0.915401,0.390315,0.0984651],[-0.282558,0.448808,0.847781],[0.28671,-0.803881,0.521126]],[[0.915401,0.390315,0.0984651],[-0.381451,0.762942,0.521934],[0.128596,-0.515338,0.847284]],[[0.915401,0.390315,0.0984651],[-0.401739,0.901281,0.162169],[-0.0254476,-0.188007,0.981838]]],"btipPosition":[72.1501,198.998,6.53844],"carpPosition":[89.4359,139.696,80.9119],"dipPosition":[71.5814,194.796,28.4822],"direction":[-0.128596,0.515338,-0.847284],"extended":true,"handId":350,"id":3500,"length":49.7695,"mcpPosition":[89.4359,139.696,80.9119],"pipPosition":[75.7685,178.016,56.07],"stabilizedTipPosition":[72.0193,198.031,11.5855],"timeVisible":0,"tipPosition":[72.0193,198.031,11.5855],"tipVelocity":[1.19209e-7,1.19209e-7,1.19209e-7],"tool":false,"touchDistance":1,"touchZone":"none","type":0,"width":19.3381},{"bases":[[[0.608574,-0.671904,-0.422117],[0.792502,0.54131,0.280936],[0.0397345,-0.505499,0.861912]],[[0.609668,-0.691323,-0.387786],[0.647248,0.716597,-0.25992],[0.457575,-0.0925292,0.884343]],[[0.609668,-0.691323,-0.387786],[-0.0651804,0.443843,-0.893731],[0.789973,0.570155,0.225536]],[[0.609668,-0.691323,-0.387786],[-0.543807,-0.00885996,-0.839164],[0.576697,0.722492,-0.381348]]],"btipPosition":[62.6439,156.418,-24.3166],"carpPosition":[118.155,146.928,73.0967],"dipPosition":[72.9931,169.383,-31.1601],"direction":[-0.789973,-0.570155,-0.225536],"extended":false,"handId":350,"id":3502,"length":63.9891,"mcpPosition":[115.508,180.607,15.6707],"pipPosition":[94.4455,184.867,-25.0355],"stabilizedTipPosition":[65.0242,159.4,-25.8906],"timeVisible":0,"tipPosition":[65.0242,159.4,-25.8906],"tipVelocity":[1.19209e-7,1.19209e-7,1.19209e-7],"tool":false,"touchDistance":1,"touchZone":"none","type":2,"width":18.1417},{"bases":[[[0.546303,-0.77785,-0.310648],[0.834819,0.475532,0.277392],[-0.0680464,-0.410875,0.909149]],[[0.547747,-0.768011,-0.331863],[0.707792,0.636873,-0.305652],[0.446099,-0.0674697,0.892437]],[[0.547747,-0.768011,-0.331863],[-0.0462852,0.368235,-0.92858],[0.835363,0.523987,0.166152]],[[0.547747,-0.768011,-0.331863],[-0.521449,-0.00319157,-0.853277],[0.654267,0.640429,-0.402226]]],"btipPosition":[77.1735,142.114,-21.9464],"carpPosition":[125.91,139.945,67.735],"dipPosition":[88.8474,153.541,-29.1232],"direction":[-0.835363,-0.523987,-0.166152],"extended":false,"handId":350,"id":3503,"length":61.5272,"mcpPosition":[129.98,164.524,13.3504],"pipPosition":[110.946,167.402,-24.7277],"stabilizedTipPosition":[79.8585,144.742,-23.5971],"timeVisible":0,"tipPosition":[79.8585,144.742,-23.5971],"tipVelocity":[1.19209e-7,1.19209e-7,1.19209e-7],"tool":false,"touchDistance":1,"touchZone":"none","type":3,"width":17.263},{"bases":[[[0.389259,-0.887984,-0.244871],[0.900313,0.310578,0.304922],[-0.194715,-0.339154,0.920359]],[[0.404733,-0.855087,-0.324066],[0.822761,0.495182,-0.279033],[0.399069,-0.153695,0.903948]],[[0.404733,-0.855087,-0.324066],[0.0177798,0.361681,-0.932133],[0.914262,0.371503,0.161587]],[[0.404733,-0.855087,-0.324066],[-0.518721,0.0771663,-0.851454],[0.753074,0.512711,-0.412319]]],"btipPosition":[96.781,136.48,-15.4725],"carpPosition":[128.947,127.888,62.2462],"dipPosition":[109.177,144.919,-22.2595],"direction":[-0.914262,-0.371503,-0.161587],"extended":false,"handId":350,"id":3504,"length":48.2362,"mcpPosition":[139.729,146.669,11.2822],"pipPosition":[126.254,151.858,-19.2414],"stabilizedTipPosition":[99.6321,138.421,-17.0335],"timeVisible":0,"tipPosition":[99.6321,138.421,-17.0335],"tipVelocity":[1.19209e-7,1.19209e-7,1.19209e-7],"tool":false,"touchDistance":1,"touchZone":"none","type":4,"width":15.3344},{"bases":[[[0.722546,-0.495114,-0.482483],[0.677209,0.647215,0.350001],[0.13898,-0.579634,0.802938]],[[0.733864,-0.559724,-0.384907],[0.600165,0.799661,-0.0185763],[0.318192,-0.217375,0.922768]],[[0.733864,-0.559724,-0.384907],[0.147326,0.684283,-0.714179],[0.663128,0.467403,0.584632]],[[0.733864,-0.559724,-0.384907],[-0.258772,0.293552,-0.920252],[0.628077,0.774943,0.0705866]]],"btipPosition":[60.3543,177.518,-30.3252],"carpPosition":[108.727,151.309,78.5918],"dipPosition":[70.6021,190.162,-29.1735],"direction":[-0.663128,-0.467404,-0.584632],"extended":false,"handId":350,"id":3501,"length":56.1593,"mcpPosition":[98.9632,192.032,22.18],"pipPosition":[85.9084,200.951,-15.6791],"stabilizedTipPosition":[62.7113,180.426,-30.0604],"timeVisible":0,"tipPosition":[62.7113,180.426,-30.0604],"tipVelocity":[1.19209e-7,1.19209e-7,1.19209e-7],"tool":false,"touchDistance":1,"touchZone":"none","type":1,"width":18.4718}],"r":[[1,-2.77556e-18,1.38778e-17],[2.77556e-18,1,-1.11022e-17],[-1.38778e-17,1.11022e-17,1]],"s":1,"t":[0,0,0],"timestamp":261272114311},{"currentFrameRate":25.4015,"devices":[],"gestures":[],"hands":[{"armBasis":[[0.743011,-0.459375,-0.486734],[0.569958,0.81552,0.100373],[0.350832,-0.351996,0.867765]],"armWidth":61.649,"confidence":0.200209,"direction":[0.0888483,0.663966,-0.742466],"elbow":[211.345,36.5238,309.914],"grabAngle":1.66439,"grabStrength":0,"id":350,"palmNormal":[-0.612382,-0.551474,-0.566449],"palmPosition":[114.411,173.828,30.8644],"palmVelocity":[44.6468,287.106,-35.4279],"palmWidth":86.8926,"pinchDistance":47.9295,"pinchStrength":0.204115,"r":[[0.999788,0.0148527,0.0142317],[-0.0151378,0.999683,0.0201372],[-0.0139281,-0.0203484,0.999696]],"s":1.04597,"sphereCenter":[85.5238,147.096,-19.7027],"sphereRadius":60.9266,"stabilizedPalmPosition":[113.565,168.383,31.5363],"t":[0.860009,5.53038,-0.68243],"timeVisible":0.038525,"type":"right","wrist":[120.886,127.283,86.1682]}],"id":207731,"interactionBox":{"center":[0,200,0],"size":[235.247,235.247,147.751]},"pointables":[{"bases":[[[0.881173,0.419603,0.217869],[-0.393017,0.393926,0.830879],[0.262815,-0.817774,0.512029]],[[0.857802,0.482553,0.17697],[-0.399182,0.408583,0.820801],[0.323773,-0.774728,0.54311]],[[0.857802,0.482553,0.17697],[-0.492212,0.6721,0.553181],[0.147998,-0.561626,0.814047]],[[0.857802,0.482553,0.17697],[-0.513729,0.815715,0.265879],[-0.0160562,-0.318986,0.947623]]],"btipPosition":[70.2662,205.978,2.46885],"carpPosition":[90.082,144.078,75.2055],"dipPosition":[69.9136,198.974,23.2758],"direction":[-0.147998,0.561626,-0.814047],"extended":false,"handId":350,"id":3500,"length":48.8949,"mcpPosition":[90.082,144.078,75.2055],"pipPosition":[74.6478,181.009,49.3156],"stabilizedTipPosition":[71.7623,198.919,10.9786],"timeVisible":0.038525,"tipPosition":[71.7264,206.875,9.8878],"tipVelocity":[-47.6108,164.46,-112.422],"tool":false,"touchDistance":1,"touchZone":"none","type":0,"width":19.7032},{"bases":[[[0.789319,-0.386351,-0.477188],[0.599034,0.655045,0.460514],[0.13466,-0.649345,0.748477]],[[0.799425,-0.456513,-0.390533],[0.582581,0.747812,0.318395],[0.146694,-0.48205,0.863776]],[[0.799425,-0.456513,-0.390533],[0.484295,0.874365,-0.0307328],[0.355498,-0.164564,0.920076]],[[0.799425,-0.456513,-0.390533],[0.290148,0.862603,-0.414404],[0.526056,0.217972,0.822042]]],"btipPosition":[76.6079,222.559,-46.001],"carpPosition":[108.475,157.271,75.4414],"dipPosition":[85.0403,226.053,-32.8241],"direction":[-0.355498,0.164564,-0.920076],"extended":true,"handId":350,"id":3501,"length":55.1725,"mcpPosition":[99.0145,202.891,22.8559],"pipPosition":[93.1017,222.321,-11.9601],"stabilizedTipPosition":[77.5557,220.674,-42.1619],"timeVisible":0.038525,"tipPosition":[76.5475,218.23,-41.1673],"tipVelocity":[411.061,1114.52,-335.107],"tool":false,"touchDistance":0.813869,"touchZone":"hovering","type":1,"width":18.8205},{"bases":[[[0.686492,-0.576498,-0.443147],[0.726665,0.565883,0.389531],[0.026205,-0.589429,0.807395]],[[0.686921,-0.606619,-0.40019],[0.631206,0.770928,-0.0851371],[0.360164,-0.19412,0.912469]],[[0.686921,-0.606619,-0.40019],[0.17269,0.67115,-0.720928],[0.705916,0.426112,0.565784]],[[0.686921,-0.606619,-0.40019],[-0.223174,0.347979,-0.910551],[0.691616,0.714789,0.103652]]],"btipPosition":[69.4956,178.286,-41.7601],"carpPosition":[118.555,154.207,70.2182],"dipPosition":[81.6891,190.888,-39.9327],"direction":[-0.705916,-0.426112,-0.565784],"extended":false,"handId":350,"id":3502,"length":62.8646,"mcpPosition":[116.809,193.478,16.4245],"pipPosition":[100.522,202.256,-24.8383],"stabilizedTipPosition":[70.9706,177.204,-38.5168],"timeVisible":0.038525,"tipPosition":[71.6938,177.594,-36.5461],"tipVelocity":[188.862,565.474,-401.018],"tool":false,"touchDistance":0.832073,"touchZone":"hovering","type":2,"width":18.4842},{"bases":[[[0.62612,-0.697961,-0.347597],[0.77432,0.50417,0.382414],[-0.0916624,-0.508589,0.856117]],[[0.625379,-0.701943,-0.340848],[0.708272,0.693944,-0.129588],[0.327493,-0.160371,0.931144]],[[0.625379,-0.701943,-0.340848],[0.262518,0.600603,-0.755222],[0.734837,0.382822,0.559877]],[[0.625379,-0.701943,-0.340848],[-0.173717,0.300604,-0.937795],[0.760738,0.645689,0.0660516]]],"btipPosition":[86.4956,164.303,-41.2055],"carpPosition":[127.173,148.425,64.7471],"dipPosition":[99.8307,175.621,-40.0477],"direction":[-0.734837,-0.382822,-0.559877],"extended":false,"handId":350,"id":3503,"length":60.446,"mcpPosition":[132.657,178.848,13.5349],"pipPosition":[118.929,185.571,-25.4967],"stabilizedTipPosition":[87.6117,162.45,-37.4526],"timeVisible":0.038525,"tipPosition":[88.3778,163.769,-35.8036],"tipVelocity":[251.894,575.323,-450.153],"tool":false,"touchDistance":0.834641,"touchZone":"hovering","type":3,"width":17.5889},{"bases":[[[0.474698,-0.825779,-0.30455],[0.851118,0.342548,0.397818],[-0.224187,-0.448052,0.865442]],[[0.471999,-0.831049,-0.294236],[0.854464,0.513407,-0.079394],[0.217043,-0.213941,0.952429]],[[0.471999,-0.831049,-0.294236],[0.462712,0.517614,-0.719704],[0.75041,0.203553,0.628849]],[[0.471999,-0.831049,-0.294236],[-0.0144318,0.326425,-0.945113],[0.881481,0.450338,0.142079]]],"btipPosition":[108.708,158.164,-35.0509],"carpPosition":[131.519,137.274,58.3045],"dipPosition":[122.963,165.447,-32.7533],"direction":[-0.75041,-0.203553,-0.628849],"extended":false,"handId":350,"id":3504,"length":47.3885,"mcpPosition":[143.933,162.085,10.3815],"pipPosition":[136.733,169.182,-21.214],"stabilizedTipPosition":[109.552,155.618,-31.0755],"timeVisible":0.038525,"tipPosition":[109.78,157.459,-29.2418],"tipVelocity":[320.694,555.954,-453.963],"tool":false,"touchDistance":0.921048,"touchZone":"hovering","type":4,"width":15.6239}],"r":[[0.999788,0.0148527,0.0142317],[-0.0151378,0.999683,0.0201372],[-0.0139281,-0.0203484,0.999696]],"s":1.04597,"t":[0.860009,5.53038,-0.68243],"timestamp":261272152836},{"currentFrameRate":26.0054,"devices":[],"gestures":[],"hands":[{"armBasis":[[0.747536,-0.394219,-0.534585],[0.566969,0.797987,0.204359],[0.34603,-0.455859,0.820034]],"armWidth":61.649,"confidence":0.365398,"direction":[0.0873454,0.708412,-0.700374],"elbow":[210.771,18.8012,289.68],"grabAngle":1.33759,"grabStrength":0,"id":350,"palmNormal":[-0.596271,-0.526029,-0.606428],"palmPosition":[115.024,186.556,26.1334],"palmVelocity":[17.9029,372.2,-138.346],"palmWidth":86.8926,"pinchDistance":48.2358,"pinchStrength":0.206601,"r":[[0.999155,0.0294034,0.0287052],[-0.0307573,0.998377,0.0479221],[-0.0272495,-0.0487645,0.998439]],"s":1.07202,"sphereCenter":[86.121,153.458,-32.1786],"sphereRadius":70.0729,"stabilizedPalmPosition":[114.794,183.702,26.982],"t":[1.59613,14.6596,-3.38915],"timeVisible":0.072722,"type":"right","wrist":[121.55,136.341,78.2416]}],"id":207732,"interactionBox":{"center":[0,200,0],"size":[235.247,235.247,147.751]},"pointables":[{"bases":[[[0.871485,0.419368,0.254254],[-0.409667,0.3375,0.847506],[0.269606,-0.842748,0.465927]],[[0.830118,0.523146,0.19293],[-0.440082,0.402241,0.802826],[0.342391,-0.751346,0.564135]],[[0.830118,0.523146,0.19293],[-0.535127,0.650253,0.539268],[0.156663,-0.550898,0.819736]],[[0.830118,0.523146,0.19293],[-0.557338,0.768131,0.315197],[0.0166985,-0.369178,0.929209]]],"btipPosition":[68.928,215.384,-5.22158],"carpPosition":[90.6277,153.84,68.295],"dipPosition":[69.2947,207.278,15.181],"direction":[-0.156663,0.550898,-0.819736],"extended":false,"handId":350,"id":3500,"length":48.8949,"mcpPosition":[90.6277,153.84,68.295],"pipPosition":[74.306,189.656,41.4028],"stabilizedTipPosition":[70.947,203.248,7.56697],"timeVisible":0.072722,"tipPosition":[71.0773,217.981,4.27183],"tipVelocity":[-34.2933,267.644,-227.606],"tool":false,"touchDistance":1,"touchZone":"none","type":0,"width":19.7032},{"bases":[[[0.801354,-0.344957,-0.488709],[0.582571,0.635524,0.506676],[0.135805,-0.690735,0.710241]],[[0.81217,-0.431044,-0.393167],[0.562913,0.756059,0.333921],[0.153323,-0.49252,0.856689]],[[0.81217,-0.431044,-0.393167],[0.500263,0.861271,0.089157],[0.300193,-0.269098,0.915134]],[[0.81217,-0.431044,-0.393167],[0.357781,0.900287,-0.247945],[0.460838,0.0607059,0.885405]]],"btipPosition":[78.8853,240.786,-49.8118],"carpPosition":[108.801,167.277,69.5623],"dipPosition":[86.2723,241.759,-35.6192],"direction":[-0.300193,0.269098,-0.915134],"extended":true,"handId":350,"id":3501,"length":55.1725,"mcpPosition":[99.2596,215.805,19.6631],"pipPosition":[93.0796,235.657,-14.8673],"stabilizedTipPosition":[80.5,240.444,-46.4253],"timeVisible":0.072722,"tipPosition":[77.7919,235.474,-44.0299],"tipVelocity":[59.5656,516.051,-104.604],"tool":false,"touchDistance":0.712158,"touchZone":"hovering","type":1,"width":18.8205},{"bases":[[[0.7012,-0.538359,-0.467427],[0.712503,0.552736,0.43223],[0.0256687,-0.636123,0.771161]],[[0.701025,-0.587148,-0.404748],[0.656121,0.753402,0.0434797],[0.279409,-0.296044,0.913394]],[[0.701025,-0.587148,-0.404748],[0.299468,0.757467,-0.580141],[0.647211,0.285484,0.706835]],[[0.701025,-0.587148,-0.404748],[0.0201356,0.58363,-0.81177],[0.712852,0.560921,0.420962]]],"btipPosition":[74.8131,202.95,-54.6617],"carpPosition":[118.993,164.686,64.3016],"dipPosition":[87.3809,212.839,-47.24],"direction":[-0.647211,-0.285484,-0.706835],"extended":false,"handId":350,"id":3502,"length":62.8646,"mcpPosition":[117.283,207.068,12.922],"pipPosition":[104.648,220.456,-28.3826],"stabilizedTipPosition":[76.7667,201.325,-50.9455],"timeVisible":0.072722,"tipPosition":[75.339,199.303,-47.0782],"tipVelocity":[158.012,702.977,-339.648],"tool":false,"touchDistance":0.607974,"touchZone":"hovering","type":2,"width":18.4842},{"bases":[[[0.641614,-0.666228,-0.380094],[0.761235,0.4923,0.422093],[-0.0940894,-0.560161,0.823023]],[[0.640598,-0.672036,-0.371487],[0.721596,0.692268,-0.00801036],[0.262552,-0.262932,0.928404]],[[0.640598,-0.672036,-0.371487],[0.400834,0.705299,-0.58471],[0.654955,0.225659,0.721188]],[[0.640598,-0.672036,-0.371487],[0.0809981,0.540224,-0.837614],[0.763593,0.506484,0.4005]]],"btipPosition":[91.9872,189.161,-55.3009],"carpPosition":[127.772,159.374,58.6122],"dipPosition":[105.372,198.04,-48.2805],"direction":[-0.654955,-0.225659,-0.721188],"extended":false,"handId":350,"id":3503,"length":60.446,"mcpPosition":[133.4,192.883,9.3796],"pipPosition":[122.394,203.904,-29.5371],"stabilizedTipPosition":[93.8478,186.505,-51.0337],"timeVisible":0.072722,"tipPosition":[92.5005,185.591,-47.4565],"tipVelocity":[160.921,710.507,-372.751],"tool":false,"touchDistance":0.593305,"touchZone":"hovering","type":3,"width":17.5889},{"bases":[[[0.491755,-0.798705,-0.346766],[0.840439,0.331249,0.428879],[-0.227682,-0.502339,0.834156]],[[0.488149,-0.806434,-0.333729],[0.859486,0.510628,0.023279],[0.151638,-0.298199,0.942382]],[[0.488149,-0.806434,-0.333729],[0.67369,0.591264,-0.443339],[0.554845,-0.0084143,0.831911]],[[0.488149,-0.806434,-0.333729],[0.442397,0.558252,-0.701883],[0.752327,0.194983,0.629274]]],"btipPosition":[117.607,183.407,-51.3182],"carpPosition":[132.377,148.697,51.5762],"dipPosition":[129.773,186.56,-41.142],"direction":[-0.554845,0.0084143,-0.831911],"extended":true,"handId":350,"id":3504,"length":47.3885,"mcpPosition":[144.984,176.513,5.38559],"pipPosition":[139.954,186.405,-25.8766],"stabilizedTipPosition":[118.457,179.014,-45.7646],"timeVisible":0.072722,"tipPosition":[116.381,179.483,-42.681],"tipVelocity":[246.16,710.381,-422.705],"tool":false,"touchDistance":0.645447,"touchZone":"hovering","type":4,"width":15.6239}],"r":[[0.999155,0.0294034,0.0287052],[-0.0307573,0.998377,0.0479221],[-0.0272495,-0.0487645,0.998439]],"s":1.07202,"t":[1.59613,14.6596,-3.38915],"timestamp":261272187033},{"currentFrameRate":27.6543,"devices":[],"gestures":[],"hands":[{"armBasis":[[0.76969,-0.335317,-0.543268],[0.538552,0.798005,0.270462],[0.342841,-0.50075,0.794802]],"armWidth":61.649,"confidence":0.47358,"direction":[0.090454,0.739943,-0.66656],"elbow":[209.084,13.0251,276.481],"grabAngle":1.30859,"grabStrength":0,"id":350,"palmNormal":[-0.559428,-0.515976,-0.648697],"palmPosition":[114.352,194.546,21.5818],"palmVelocity":[-26.8832,319.903,-182.238],"palmWidth":86.8926,"pinchDistance":45.1804,"pinchStrength":0.264845,"r":[[0.99779,0.0460267,0.0479289],[-0.0496806,0.99571,0.0780654],[-0.0441302,-0.080274,0.995795]],"s":1.08156,"sphereCenter":[86.3078,160.888,-40.0614],"sphereRadius":72.3499,"stabilizedPalmPosition":[114.441,192.36,22.6704],"t":[1.62847,23.2192,-7.0183],"timeVisible":0.097698,"type":"right","wrist":[120.686,142.139,71.5478]}],"id":207733,"interactionBox":{"center":[0,200,0],"size":[235.247,235.247,147.751]},"pointables":[{"bases":[[[0.849565,0.432228,0.302355],[-0.448209,0.289303,0.84582],[0.278115,-0.854098,0.43951]],[[0.803141,0.545788,0.238913],[-0.485467,0.367042,0.793475],[0.345378,-0.753257,0.559748]],[[0.803141,0.545788,0.238913],[-0.577709,0.615377,0.536249],[0.145656,-0.568706,0.809542]],[[0.803141,0.545788,0.238913],[-0.595788,0.736296,0.320788],[-0.00082812,-0.39998,0.916524]]],"btipPosition":[68.3918,222.266,-11.2584],"carpPosition":[89.497,159.385,61.4444],"dipPosition":[68.3737,213.484,8.86563],"direction":[-0.145656,0.568706,-0.809542],"extended":false,"handId":350,"id":3500,"length":48.8949,"mcpPosition":[89.497,159.385,61.4444],"pipPosition":[73.0329,195.292,34.7613],"stabilizedTipPosition":[70.2402,207.942,3.64643],"timeVisible":0.097698,"tipPosition":[70.0959,225.124,-1.07891],"tipVelocity":[-25.0119,269.317,-244.271],"tool":false,"touchDistance":1,"touchZone":"none","type":0,"width":19.7032},{"bases":[[[0.827419,-0.301205,-0.473976],[0.545945,0.629222,0.553194],[0.131611,-0.716488,0.685072]],[[0.836783,-0.376655,-0.397398],[0.516841,0.782955,0.346203],[0.180746,-0.495088,0.849834]],[[0.836783,-0.376655,-0.397398],[0.422916,0.905597,0.0321877],[0.347759,-0.195,0.917082]],[[0.836783,-0.376655,-0.397398],[0.28341,0.918956,-0.274225],[0.468479,0.11684,0.875714]]],"btipPosition":[75.2862,246.099,-53.301],"carpPosition":[107.213,173.257,63.9173],"dipPosition":[82.7957,247.972,-39.2637],"direction":[-0.347759,0.195,-0.917082],"extended":true,"handId":350,"id":3501,"length":55.1725,"mcpPosition":[97.9669,223.595,15.7864],"pipPosition":[90.6816,243.55,-18.4677],"stabilizedTipPosition":[77.3324,245.973,-49.7387],"timeVisible":0.097698,"tipPosition":[77.7837,245.726,-48.4646],"tipVelocity":[-142.975,221.001,-141.133],"tool":false,"touchDistance":0.621401,"touchZone":"hovering","type":1,"width":18.8205},{"bases":[[[0.732318,-0.49806,-0.464377],[0.680728,0.553358,0.480005],[0.0178955,-0.667631,0.744277]],[[0.731897,-0.541155,-0.4141],[0.634522,0.762787,0.124652],[0.248414,-0.353988,0.901656]],[[0.731897,-0.541155,-0.4141],[0.346922,0.818973,-0.457087],[0.586492,0.19088,0.787142]],[[0.731897,-0.541155,-0.4141],[0.0424412,0.642728,-0.764918],[0.680093,0.542266,0.493378]]],"btipPosition":[77.5888,217.015,-61.1428],"carpPosition":[117.652,171.179,58.9177],"dipPosition":[89.5791,226.576,-52.4443],"direction":[-0.586492,-0.19088,-0.787142],"extended":false,"handId":350,"id":3502,"length":62.8646,"mcpPosition":[116.459,215.661,9.32933],"pipPosition":[105.226,231.668,-31.4444],"stabilizedTipPosition":[79.6938,215.952,-57.6475],"timeVisible":0.097698,"tipPosition":[77.6314,211.538,-53.9129],"tipVelocity":[105.816,560.131,-247.735],"tool":false,"touchDistance":0.487699,"touchZone":"hovering","type":2,"width":18.4842},{"bases":[[[0.673556,-0.631167,-0.384644],[0.731532,0.494795,0.469082],[-0.105749,-0.597333,0.794991]],[[0.673179,-0.633267,-0.381841],[0.701687,0.70999,0.0595727],[0.233378,-0.308036,0.922306]],[[0.673179,-0.633267,-0.381841],[0.452376,0.761138,-0.464785],[0.584967,0.140148,0.798857]],[[0.673179,-0.633267,-0.381841],[0.203282,0.654947,-0.72782],[0.71099,0.412332,0.569628]]],"btipPosition":[95.6493,204.137,-63.6379],"carpPosition":[126.772,166.363,53.3261],"dipPosition":[108.112,211.365,-53.6528],"direction":[-0.584967,-0.140148,-0.798857],"extended":false,"handId":350,"id":3503,"length":60.446,"mcpPosition":[133.098,202.095,5.77031],"pipPosition":[123.315,215.007,-32.8908],"stabilizedTipPosition":[97.4669,201.464,-59.0252],"timeVisible":0.097698,"tipPosition":[95.4832,198.654,-54.9974],"tipVelocity":[138.137,584.41,-306.498],"tool":false,"touchDistance":0.452482,"touchZone":"hovering","type":3,"width":17.5889},{"bases":[[[0.526598,-0.76908,-0.36223],[0.815154,0.335872,0.471926],[-0.241285,-0.543789,0.803788]],[[0.522637,-0.777753,-0.349215],[0.841492,0.536368,0.0648121],[0.1369,-0.327735,0.934798]],[[0.522637,-0.777753,-0.349215],[0.658856,0.628415,-0.413524],[0.541072,-0.0139598,0.84086]],[[0.522637,-0.777753,-0.349215],[0.464898,0.603341,-0.647958],[0.714647,0.176297,0.676904]]],"btipPosition":[119.262,194.519,-55.8786],"carpPosition":[131.928,156.129,46.0171],"dipPosition":[130.818,197.37,-44.9321],"direction":[-0.541072,0.0139598,-0.84086],"extended":true,"handId":350,"id":3504,"length":47.3885,"mcpPosition":[145.288,186.241,1.50809],"pipPosition":[140.747,197.113,-29.5025],"stabilizedTipPosition":[121.217,191.894,-51.8191],"timeVisible":0.097698,"tipPosition":[118.407,190.64,-47.5932],"tipVelocity":[60.6562,442.119,-175.498],"tool":false,"touchDistance":0.548487,"touchZone":"hovering","type":4,"width":15.6239}],"r":[[0.99779,0.0460267,0.0479289],[-0.0496806,0.99571,0.0780654],[-0.0441302,-0.080274,0.995795]],"s":1.08156,"t":[1.62847,23.2192,-7.0183],"timestamp":261272212009},{"currentFrameRate":29.7657,"devices":[],"gestures":[],"hands":[{"armBasis":[[0.785496,-0.28294,-0.550401],[0.514535,0.792759,0.326784],[0.343875,-0.539888,0.768291]],"armWidth":61.649,"confidence":0.551615,"direction":[0.0716657,0.735572,-0.673645],"elbow":[209.996,8.60601,265.753],"grabAngle":1.27605,"grabStrength":0,"id":350,"palmNormal":[-0.530103,-0.544012,-0.650417],"palmPosition":[113.801,199.97,17.4902],"palmVelocity":[-27.3798,269.527,-203.3],"palmWidth":86.8926,"pinchDistance":43.961,"pinchStrength":0.309667,"r":[[0.995575,0.0665551,0.0663379],[-0.0729656,0.992366,0.0994262],[-0.0592142,-0.103827,0.992831]],"s":1.08505,"sphereCenter":[85.154,162.044,-45.9024],"sphereRadius":76.0358,"stabilizedPalmPosition":[114.003,197.568,19.1255],"t":[1.36911,30.2112,-10.8787],"timeVisible":0.117824,"type":"right","wrist":[121.331,147.812,67.6557]}],"id":207734,"interactionBox":{"center":[0,200,0],"size":[235.247,235.247,147.751]},"pointables":[{"bases":[[[0.828108,0.467659,0.309082],[-0.470869,0.281129,0.836211],[0.30417,-0.83801,0.453011]],[[0.779574,0.576307,0.245226],[-0.508298,0.353413,0.785323],[0.365921,-0.736865,0.568446]],[[0.779574,0.576307,0.245226],[-0.607103,0.599113,0.522005],[0.153917,-0.555819,0.81693]],[[0.779574,0.576307,0.245226],[-0.62628,0.71345,0.314265],[0.00615683,-0.398573,0.917116]]],"btipPosition":[67.2374,225.977,-15.9619],"carpPosition":[89.7394,164.32,57.4049],"dipPosition":[67.3726,217.226,4.17522],"direction":[-0.153917,0.555819,-0.81693],"extended":false,"handId":350,"id":3500,"length":48.8949,"mcpPosition":[89.7394,164.32,57.4049],"pipPosition":[72.2961,199.446,30.3072],"stabilizedTipPosition":[69.6734,210.998,0.789703],"timeVisible":0.117824,"tipPosition":[68.6917,228.438,-6.29176],"tipVelocity":[-55.6087,184.723,-233.55],"tool":false,"touchDistance":0.939874,"touchZone":"hovering","type":0,"width":19.7032},{"bases":[[[0.757276,-0.474711,-0.448535],[0.652274,0.584169,0.482996],[0.0327366,-0.658329,0.752018]],[[0.757937,-0.509679,-0.407134],[0.606426,0.780505,0.151855],[0.240373,-0.361993,0.900656]],[[0.757937,-0.509679,-0.407134],[0.383553,0.853038,-0.353856],[0.527654,0.112043,0.842038]],[[0.757937,-0.509679,-0.407134],[0.0635343,0.678835,-0.731537],[0.649226,0.528592,0.546897]]],"btipPosition":[78.8834,225.077,-67.8071],"carpPosition":[117.458,177.154,55.1321],"dipPosition":[90.3295,234.396,-58.1651],"direction":[-0.527654,-0.112043,-0.842038],"extended":true,"handId":350,"id":3502,"length":62.8646,"mcpPosition":[115.277,221.016,5.02791],"pipPosition":[104.407,237.385,-35.7007],"stabilizedTipPosition":[80.9408,223.664,-63.0826],"timeVisible":0.117824,"tipPosition":[78.6351,218.175,-60.5972],"tipVelocity":[58.1071,397.8,-320.348],"tool":false,"touchDistance":0.375553,"touchZone":"hovering","type":2,"width":18.4842},{"bases":[[[0.702499,-0.609092,-0.368106],[0.705423,0.527476,0.473442],[-0.0942033,-0.592263,0.800219]],[[0.703673,-0.601281,-0.378558],[0.674092,0.733365,0.0881809],[0.2246,-0.317233,0.921368]],[[0.703673,-0.601281,-0.378558],[0.472428,0.793892,-0.382814],[0.530713,0.0905341,0.842703]],[[0.703673,-0.601281,-0.378558],[0.249187,0.707788,-0.661016],[0.665395,0.370807,0.647882]]],"btipPosition":[97.5971,212.503,-70.0267],"carpPosition":[126.833,172.63,49.7219],"dipPosition":[109.261,219.003,-58.6699],"direction":[-0.530713,-0.0905342,-0.842703],"extended":true,"handId":350,"id":3503,"length":60.446,"mcpPosition":[132.469,208.059,1.85338],"pipPosition":[123.054,221.356,-36.7683],"stabilizedTipPosition":[99.3422,209.821,-64.6183],"timeVisible":0.117824,"tipPosition":[97.0192,205.496,-61.4646],"tipVelocity":[87.6441,407.381,-301.766],"tool":false,"touchDistance":0.349467,"touchZone":"hovering","type":3,"width":17.5889},{"bases":[[[0.560597,-0.752272,-0.346147],[0.794987,0.371908,0.47925],[-0.231792,-0.543849,0.806537]],[[0.561777,-0.749477,-0.350274],[0.815918,0.5719,0.0848995],[0.136691,-0.333489,0.932792]],[[0.561777,-0.749477,-0.350274],[0.647978,0.661856,-0.376923],[0.514326,-0.0152232,0.85746]],[[0.561777,-0.749477,-0.350274],[0.484557,0.641265,-0.594965],[0.670531,0.16451,0.723412]]],"btipPosition":[120.498,201.319,-60.4362],"carpPosition":[132.478,162.522,42.6018],"dipPosition":[131.341,203.979,-48.7377],"direction":[-0.514326,0.0152232,-0.85746],"extended":true,"handId":350,"id":3504,"length":47.3885,"mcpPosition":[145.313,192.637,-2.05942],"pipPosition":[140.779,203.7,-33.0034],"stabilizedTipPosition":[122.474,199.002,-56.0159],"timeVisible":0.117824,"tipPosition":[119.467,196.25,-52.3175],"tipVelocity":[53.2531,335.719,-217.86],"tool":false,"touchDistance":0.461202,"touchZone":"hovering","type":4,"width":15.6239},{"bases":[[[0.844938,-0.274479,-0.459066],[0.513675,0.655614,0.553451],[0.14906,-0.703442,0.694946]],[[0.856086,-0.348753,-0.381428],[0.477338,0.816486,0.324806],[0.198154,-0.460133,0.865455]],[[0.856086,-0.348753,-0.381428],[0.367007,0.929841,-0.0264675],[0.363899,-0.117329,0.924019]],[[0.856086,-0.348753,-0.381428],[0.20117,0.904663,-0.375654],[0.476075,0.24486,0.844628]]],"btipPosition":[72.5353,245.589,-58.2373],"carpPosition":[106.878,178.885,59.9633],"dipPosition":[80.1666,249.514,-44.6984],"direction":[-0.363899,0.117329,-0.924019],"extended":true,"handId":350,"id":3501,"length":55.1725,"mcpPosition":[96.4054,228.307,11.1387],"pipPosition":[88.4185,246.853,-23.745],"stabilizedTipPosition":[75.4786,246.289,-53.0204],"timeVisible":0.117824,"tipPosition":[75.9137,248.469,-53.9241],"tipVelocity":[-135.292,-1.9084,-250.967],"tool":false,"touchDistance":0.51683,"touchZone":"hovering","type":1,"width":18.8205}],"r":[[0.995575,0.0665551,0.0663379],[-0.0729656,0.992366,0.0994262],[-0.0592142,-0.103827,0.992831]],"s":1.08505,"t":[1.36911,30.2112,-10.8787],"timestamp":261272232135},{"currentFrameRate":31.6827,"devices":[],"gestures":[],"hands":[{"armBasis":[[0.801718,-0.245273,-0.54506],[0.4935,0.786112,0.372135],[0.337204,-0.567335,0.751282]],"armWidth":61.649,"confidence":0.620873,"direction":[0.0534659,0.745023,-0.664892],"elbow":[208.729,6.26528,256.65],"grabAngle":1.16394,"grabStrength":0,"id":350,"palmNormal":[-0.509052,-0.552494,-0.660013],"palmPosition":[113.188,205.28,13.5049],"palmVelocity":[-30.5378,264.595,-198.582],"palmWidth":86.8926,"pinchDistance":44.5162,"pinchStrength":0.283246,"r":[[0.992621,0.0885098,0.0828885],[-0.0979839,0.988139,0.118241],[-0.0714398,-0.125491,0.989519]],"s":1.092,"sphereCenter":[83.5123,163.142,-53.5133],"sphereRadius":81.5379,"stabilizedPalmPosition":[113.473,202.585,15.4692],"t":[0.933006,36.3623,-14.8015],"timeVisible":0.137893,"type":"right","wrist":[121.784,152.548,62.9383]}],"id":207735,"interactionBox":{"center":[0,200,0],"size":[235.247,235.247,147.751]},"pointables":[{"bases":[[[0.811432,0.489146,0.319867],[-0.484588,0.257121,0.8361],[0.326731,-0.833441,0.445671]],[[0.754402,0.606662,0.250675],[-0.522279,0.323427,0.789062],[0.397619,-0.726193,0.560841]],[[0.754402,0.606662,0.250675],[-0.632925,0.571039,0.522801],[0.174018,-0.55306,0.814765]],[[0.754402,0.606662,0.250675],[-0.656027,0.683743,0.319569],[0.0224734,-0.405533,0.913804]]],"btipPosition":[64.9578,229.675,-20.0065],"carpPosition":[89.9722,168.462,52.8558],"dipPosition":[65.4512,220.77,0.0578734],"direction":[-0.174018,0.55306,-0.814765],"extended":false,"handId":350,"id":3500,"length":48.8949,"mcpPosition":[89.9722,168.462,52.8558],"pipPosition":[71.0177,203.079,26.1206],"stabilizedTipPosition":[68.7858,214.205,-2.33111],"timeVisible":0.137893,"tipPosition":[67.21,232.254,-10.6459],"tipVelocity":[-109.483,182.496,-202.369],"tool":false,"touchDistance":0.8183,"touchZone":"hovering","type":0,"width":19.7032},{"bases":[[[0.72313,-0.583169,-0.370132],[0.685925,0.543323,0.484053],[-0.0811832,-0.603915,0.792903]],[[0.724982,-0.567411,-0.390443],[0.653009,0.746516,0.127645],[0.219045,-0.347503,0.911735]],[[0.724982,-0.567411,-0.390443],[0.482456,0.822917,-0.300072],[0.491566,0.0291748,0.870351]],[[0.724982,-0.567411,-0.390443],[0.314721,0.777133,-0.54499],[0.61266,0.272228,0.741984]]],"btipPosition":[99.0027,223.148,-75.7587],"carpPosition":[126.843,177.986,45.5166],"dipPosition":[109.742,227.92,-62.7524],"direction":[-0.491566,-0.0291748,-0.870351],"extended":true,"handId":350,"id":3503,"length":60.446,"mcpPosition":[131.7,214.111,-1.91432],"pipPosition":[122.518,228.678,-40.1323],"stabilizedTipPosition":[100.828,219.878,-70.3002],"timeVisible":0.137893,"tipPosition":[97.9882,214.609,-67.3998],"tipVelocity":[59.4466,510.581,-266.711],"tool":false,"touchDistance":0.28506,"touchZone":"hovering","type":3,"width":17.5889},{"bases":[[[0.585532,-0.730849,-0.350732],[0.780163,0.390502,0.488728],[-0.220225,-0.559793,0.798832]],[[0.590291,-0.7182,-0.368436],[0.795177,0.595852,0.112491],[0.138742,-0.359374,0.922822]],[[0.590291,-0.7182,-0.368436],[0.639124,0.694651,-0.330122],[0.493028,-0.0406079,0.869065]],[[0.590291,-0.7182,-0.368436],[0.48902,0.681333,-0.544651],[0.642196,0.141331,0.753399]]],"btipPosition":[121,209.515,-64.6562],"carpPosition":[132.84,168.136,38.3223],"dipPosition":[131.385,211.801,-52.4727],"direction":[-0.493028,0.0406079,-0.869065],"extended":true,"handId":350,"id":3504,"length":47.3885,"mcpPosition":[145.034,199.134,-5.91224],"pipPosition":[140.432,211.056,-36.5255],"stabilizedTipPosition":[123.144,207.088,-60.2922],"timeVisible":0.137893,"tipPosition":[119.845,203.346,-56.9051],"tipVelocity":[19.768,404.11,-204.716],"tool":false,"touchDistance":0.386789,"touchZone":"hovering","type":4,"width":15.6239},{"bases":[[[0.855855,-0.243356,-0.456388],[0.489842,0.664638,0.564191],[0.166033,-0.706423,0.68804]],[[0.86929,-0.323176,-0.374022],[0.449577,0.831438,0.326484],[0.205464,-0.45196,0.868053]],[[0.86929,-0.323176,-0.374022],[0.341992,0.939549,-0.0169749],[0.356898,-0.113156,0.927265]],[[0.86929,-0.323176,-0.374022],[0.2111,0.926913,-0.310273],[0.446958,0.190762,0.873978]]],"btipPosition":[71.4364,250.869,-62.672],"carpPosition":[106.641,183.513,55.6922],"dipPosition":[78.601,253.927,-48.6626],"direction":[-0.356898,0.113156,-0.927265],"extended":true,"handId":350,"id":3501,"length":55.1725,"mcpPosition":[94.9757,233.144,7.35285],"pipPosition":[86.6941,251.361,-27.6356],"stabilizedTipPosition":[74.1195,249.288,-56.6699],"timeVisible":0.137893,"tipPosition":[74.239,253.326,-57.7018],"tipVelocity":[-60.1051,253.162,-215.578],"tool":false,"touchDistance":0.433584,"touchZone":"hovering","type":1,"width":18.8205},{"bases":[[[0.774288,-0.446274,-0.448684],[0.631009,0.598257,0.493879],[0.0480226,-0.665528,0.744826]],[[0.775686,-0.476866,-0.413412],[0.585511,0.788235,0.189375],[0.23556,-0.388953,0.890633]],[[0.775686,-0.476866,-0.413412],[0.408543,0.878683,-0.247],[0.481044,0.0226977,0.876402]],[[0.775686,-0.476866,-0.413412],[0.161069,0.782934,-0.600891],[0.61022,0.399515,0.68412]]],"btipPosition":[79.8553,236.441,-74.4294],"carpPosition":[117.299,182.16,50.9135],"dipPosition":[90.6137,243.485,-62.368],"direction":[-0.481044,-0.0226977,-0.876402],"extended":true,"handId":350,"id":3502,"length":62.8646,"mcpPosition":[114.1,226.501,1.28854],"pipPosition":[103.447,244.09,-38.9868],"stabilizedTipPosition":[81.913,233.741,-69.083],"timeVisible":0.137893,"tipPosition":[79.3504,227.937,-66.826],"tipVelocity":[40.5459,540.169,-302.246],"tool":false,"touchDistance":0.295035,"touchZone":"hovering","type":2,"width":18.4842}],"r":[[0.992621,0.0885098,0.0828885],[-0.0979839,0.988139,0.118241],[-0.0714398,-0.125491,0.989519]],"s":1.092,"t":[0.933006,36.3623,-14.8015],"timestamp":261272252204},{"currentFrameRate":33.4133,"devices":[],"gestures":[],"hands":[{"armBasis":[[0.826271,-0.214501,-0.520831],[0.46827,0.775476,0.42351],[0.313049,-0.593823,0.741198]],"armWidth":61.649,"confidence":0.681681,"direction":[0.0283359,0.747223,-0.663969],"elbow":[202.717,4.31553,250],"grabAngle":1.05423,"grabStrength":0,"id":350,"palmNormal":[-0.483502,-0.571117,-0.663363],"palmPosition":[112.106,210.169,9.6592],"palmVelocity":[-53.8751,243.375,-191.442],"palmWidth":86.8926,"pinchDistance":45.906,"pinchStrength":0.235277,"r":[[0.988744,0.113402,0.097595],[-0.125879,0.983094,0.132968],[-0.0808661,-0.143757,0.986304]],"s":1.10374,"sphereCenter":[81.4054,162.212,-61.3512],"sphereRadius":88.3566,"stabilizedPalmPosition":[112.637,207.225,11.915],"t":[0.17383,41.8824,-18.6858],"timeVisible":0.157981,"type":"right","wrist":[122,157.428,58.8879]}],"id":207736,"interactionBox":{"center":[0,200,0],"size":[235.247,235.247,147.751]},"pointables":[{"bases":[[[0.790038,0.519884,0.3249],[-0.498931,0.237288,0.833524],[0.356241,-0.820618,0.446853]],[[0.722734,0.64468,0.249086],[-0.533292,0.290956,0.79432],[0.439609,-0.706918,0.554086]],[[0.722734,0.64468,0.249086],[-0.66161,0.54117,0.519044],[0.199819,-0.539929,0.817648]],[[0.722734,0.64468,0.249086],[-0.690234,0.654974,0.30755],[0.0351262,-0.394204,0.918351]]],"btipPosition":[61.9916,232.063,-23.8857],"carpPosition":[90.1107,172.438,48.8467],"dipPosition":[62.7628,223.408,-3.72147],"direction":[-0.199819,0.539929,-0.817648],"extended":false,"handId":350,"id":3500,"length":48.8949,"mcpPosition":[90.1107,172.438,48.8467],"pipPosition":[69.1547,206.137,22.4335],"stabilizedTipPosition":[67.5807,217.095,-5.4121],"timeVisible":0.157981,"tipPosition":[65.0003,234.929,-15.1051],"tipVelocity":[-144.48,121.763,-191.966],"tool":false,"touchDistance":0.71196,"touchZone":"hovering","type":0,"width":19.7032},{"bases":[[[0.747275,-0.554332,-0.366465],[0.661595,0.568988,0.48841],[-0.062227,-0.607428,0.791934]],[[0.748961,-0.533324,-0.393222],[0.629096,0.758683,0.169227],[0.208078,-0.374119,0.903736]],[[0