{"frames":302,"data":[{"currentFrameRate":26.4991,"devices":[],"gestures":[],"hands":[],"id":209447,"interactionBox":{"center":[0,200,0],"size":[235.247,235.247,147.751]},"pointables":[],"r":[[-0.0794966,-0.728761,-0.680138],[0.446709,0.583909,-0.677865],[0.891141,-0.357712,0.279125]],"s":-5.62558,"t":[894.675,787.691,741.58],"timestamp":261329760540},{"currentFrameRate":26.5057,"devices":[],"gestures":[],"hands":[],"id":209448,"interactionBox":{"center":[0,200,0],"size":[235.247,235.247,147.751]},"pointables":[],"r":[[-0.0794966,-0.728761,-0.680138],[0.446709,0.583909,-0.677865],[0.891141,-0.357712,0.279125]],"s":-5.62558,"t":[894.675,787.691,741.58],"timestamp":261329798222},{"currentFrameRate":26.4987,"devices":[],"gestures":[],"hands":[],"id":209449,"interactionBox":{"center":[0,200,0],"size":[235.247,235.247,147.751]},"pointables":[],"r":[[-0.0794966,-0.728761,-0.680138],[0.446709,0.583909,-0.677865],[0.891141,-0.357712,0.279125]],"s":-5.62558,"t":[894.675,787.691,741.58],"timestamp":261329836008},{"currentFrameRate":26.4871,"devices":[],"gestures":[],"hands":[{"armBasis":[[0.727141,-0.373328,-0.5761],[0.408442,0.909777,-0.0740335],[0.551761,-0.181471,0.814019]],"armWidth":60.8506,"confidence":0,"direction":[0.0762026,0.833273,-0.547585],"elbow":[264.807,99.7626,296.796],"grabAngle":2.1848,"grabStrength":0.699696,"id":352,"palmNormal":[-0.618521,-0.391244,-0.68144],"palmPosition":[112.663,202.623,43.4672],"palmVelocity":[1.19209e-7,1.19209e-7,1.19209e-7],"palmWidth":86.8926,"pinchDistance":35.5979,"pinchStrength":0.56789,"r":[[1,1.94289e-17,1.80411e-17],[-1.94289e-17,1,-1.11022e-17],[-1.80411e-17,1.11022e-17,1]],"s":1,"sphereCenter":[84.7777,193.968,-5.3123],"sphereRadius":50.7379,"stabilizedPalmPosition":[112.663,202.623,43.4672],"t":[0,0,0],"timeVisible":0,"type":"right","wrist":[122.54,146.553,86.9084]}],"id":209450,"interactionBox":{"center":[0,200,0],"size":[235.247,235.247,147.751]},"pointables":[{"bases":[[[0.882792,0.355353,0.307249],[-0.382529,0.164142,0.909246],[0.272671,-0.920207,0.280836]],[[0.855106,0.435628,0.28111],[-0.384894,0.170142,0.907143],[0.347348,-0.8839,0.31316]],[[0.855106,0.435628,0.28111],[-0.497537,0.537052,0.681199],[0.145779,-0.722359,0.675977]],[[0.855106,0.435628,0.28111],[-0.512853,0.790219,0.335462],[-0.0760014,-0.431024,0.899134]]],"btipPosition":[69.4524,237.588,21.929],"carpPosition":[89.0584,162.299,78.9626],"dipPosition":[67.7538,227.954,42.0244],"direction":[-0.145779,0.722359,-0.675977],"extended":false,"handId":352,"id":3520,"length":49.7695,"mcpPosition":[89.0584,162.299,78.9626],"pipPosition":[72.5004,204.434,64.0344],"stabilizedTipPosition":[69.0618,235.372,26.5509],"timeVisible":0,"tipPosition":[69.0618,235.372,26.5509],"tipVelocity":[1.19209e-7,1.19209e-7,1.19209e-7],"tool":false,"touchDistance":1,"touchZone":"none","type":0,"width":19.3381},{"bases":[[[0.682039,-0.438362,-0.585374],[0.730248,0.451474,0.512746],[0.0395128,-0.777181,0.628036]],[[0.682185,-0.441341,-0.582959],[0.56768,0.822185,0.0418536],[0.460828,-0.359486,0.811423]],[[0.682185,-0.441341,-0.582959],[-0.111888,0.724886,-0.679722],[0.722568,0.528922,0.445126]],[[0.682185,-0.441341,-0.582959],[-0.541655,0.230524,-0.808374],[0.491155,0.867223,-0.0817947]]],"btipPosition":[65.1445,211.964,-13.4264],"carpPosition":[117.425,173.563,76.3869],"dipPosition":[73.9586,227.527,-14.8942],"direction":[-0.722568,-0.528922,-0.445126],"extended":false,"handId":352,"id":3522,"length":63.9891,"mcpPosition":[114.792,225.343,34.5432],"pipPosition":[93.5806,241.89,-2.80647],"stabilizedTipPosition":[67.1718,215.544,-13.764],"timeVisible":0,"tipPosition":[67.1718,215.544,-13.764],"tipVelocity":[1.19209e-7,1.19209e-7,1.19209e-7],"tool":false,"touchDistance":1,"touchZone":"none","type":2,"width":18.1417},{"bases":[[[0.623417,-0.580731,-0.523549],[0.777998,0.393997,0.489373],[-0.0779172,-0.712403,0.697431]],[[0.625578,-0.557791,-0.545455],[0.661563,0.749846,-0.00806221],[0.413504,-0.355809,0.838101]],[[0.625578,-0.557791,-0.545455],[-0.00349615,0.697145,-0.716922],[0.780154,0.450398,0.434169]],[[0.625578,-0.557791,-0.545455],[-0.492155,0.260332,-0.830669],[0.605339,0.788097,-0.111662]]],"btipPosition":[81.5626,201.262,-17.4711],"carpPosition":[125.984,169.442,69.5019],"dipPosition":[92.3634,215.324,-19.4635],"direction":[-0.780154,-0.450398,-0.434169],"extended":false,"handId":352,"id":3523,"length":61.5272,"mcpPosition":[130.645,212.058,27.7821],"pipPosition":[113.002,227.239,-7.97772],"stabilizedTipPosition":[84.0468,204.497,-17.9294],"timeVisible":0,"tipPosition":[84.0468,204.497,-17.9294],"tipVelocity":[1.19209e-7,1.19209e-7,1.19209e-7],"tool":false,"touchDistance":1,"touchZone":"none","type":3,"width":17.263},{"bases":[[[0.473034,-0.716344,-0.512924],[0.85553,0.234378,0.461665],[-0.210493,-0.657205,0.723723]],[[0.483231,-0.681605,-0.549456],[0.816576,0.577234,0.00209115],[0.31574,-0.449684,0.83552]],[[0.483231,-0.681605,-0.549456],[0.155514,0.684443,-0.712287],[0.86157,0.258751,0.436743]],[[0.483231,-0.681605,-0.549456],[-0.412557,0.376265,-0.829591],[0.772195,0.627566,-0.0993781]]],"btipPosition":[102.466,196.768,-14.4593],"carpPosition":[130.275,160.355,60.3508],"dipPosition":[115.176,207.099,-16.0951],"direction":[-0.86157,-0.25875,-0.436743],"extended":false,"handId":352,"id":3524,"length":48.2362,"mcpPosition":[141.93,196.747,20.2753],"pipPosition":[131.269,211.932,-7.93763],"stabilizedTipPosition":[105.389,199.144,-14.8356],"timeVisible":0,"tipPosition":[105.389,199.144,-14.8356],"tipVelocity":[1.19209e-7,1.19209e-7,1.19209e-7],"tool":false,"touchDistance":1,"touchZone":"none","type":4,"width":15.3344},{"bases":[[[0.783757,-0.245167,-0.57063],[0.603343,0.518498,0.605919],[0.147319,-0.819178,0.554296]],[[0.790731,-0.290304,-0.53895],[0.524377,0.775487,0.351637],[0.315868,-0.560664,0.765431]],[[0.790731,-0.290304,-0.53895],[0.126905,0.939014,-0.319605],[0.598865,0.184327,0.779349]],[[0.790731,-0.290304,-0.53895],[-0.22731,0.678217,-0.698822],[0.568396,0.675089,0.470298]]],"btipPosition":[61.0037,240.397,-13.6578],"carpPosition":[107.41,175.111,82.3515],"dipPosition":[70.2777,251.412,-5.98433],"direction":[-0.598865,-0.184327,-0.779349],"extended":false,"handId":352,"id":3521,"length":56.1593,"mcpPosition":[97.0601,232.664,43.4085],"pipPosition":[84.1007,255.666,12.0046],"stabilizedTipPosition":[63.1367,242.93,-11.8929],"timeVisible":0,"tipPosition":[63.1367,242.93,-11.8929],"tipVelocity":[1.19209e-7,1.19209e-7,1.19209e-7],"tool":false,"touchDistance":1,"touchZone":"none","type":1,"width":18.4718}],"r":[[1,1.94289e-17,1.80411e-17],[-1.94289e-17,1,-1.11022e-17],[-1.80411e-17,1.11022e-17,1]],"s":1,"t":[0,0,0],"timestamp":261329873842},{"currentFrameRate":26.4955,"devices":[],"gestures":[],"hands":[{"armBasis":[[0.746,-0.346701,-0.56858],[0.437957,0.8986,0.026681],[0.501676,-0.268918,0.822195]],"armWidth":61.649,"confidence":0.195953,"direction":[0.0453106,0.833217,-0.551087],"elbow":[250.712,89.0302,287.713],"grabAngle":1.63109,"grabStrength":0.203562,"id":352,"palmNormal":[-0.614587,-0.411649,-0.672925],"palmPosition":[110.252,214.823,32.5416],"palmVelocity":[-63.97,323.756,-289.927],"palmWidth":86.8926,"pinchDistance":45.7287,"pinchStrength":0.296204,"r":[[0.99998,0.00587708,-0.00233457],[-0.00587858,0.999983,-0.000636644],[0.00233079,0.000650355,0.999997]],"s":1.03794,"sphereCenter":[80.1317,198.607,-24.0349],"sphereRadius":62.5392,"stabilizedPalmPosition":[111.824,206.866,39.6669],"t":[-1.20532,6.10021,-5.46281],"timeVisible":0.037684,"type":"right","wrist":[121.359,158.368,75.717]}],"id":209451,"interactionBox":{"center":[0,200,0],"size":[235.247,235.247,147.751]},"pointables":[{"bases":[[[0.875451,0.38222,0.295792],[-0.376644,0.156035,0.913122],[0.30286,-0.910802,0.280562]],[[0.821071,0.512644,0.251074],[-0.385142,0.17288,0.90652],[0.421316,-0.841016,0.339388]],[[0.821071,0.512644,0.251074],[-0.512652,0.468785,0.719325],[0.251058,-0.719331,0.647714]],[[0.821071,0.512644,0.251074],[-0.564647,0.664861,0.489013],[0.0837599,-0.543282,0.835361]]],"btipPosition":[58.3028,248.978,13.1987],"carpPosition":[88.2568,173.949,68.4383],"dipPosition":[60.1419,237.05,31.5406],"direction":[-0.251058,0.719331,-0.647714],"extended":false,"handId":352,"id":3520,"length":48.8949,"mcpPosition":[88.2568,173.949,68.4383],"pipPosition":[68.1728,214.04,52.2598],"stabilizedTipPosition":[63.0854,241.653,21.2698],"timeVisible":0.037684,"tipPosition":[63.1163,246.223,16.5208],"tipVelocity":[-274.28,288.259,-242.374],"tool":false,"touchDistance":1,"touchZone":"none","type":0,"width":19.7032},{"bases":[[[0.783974,-0.224042,-0.578956],[0.594798,0.538135,0.597182],[0.177763,-0.812537,0.555143]],[[0.797321,-0.300258,-0.523569],[0.548249,0.723063,0.420241],[0.252392,-0.622114,0.741129]],[[0.797321,-0.300258,-0.523569],[0.349321,0.936988,-0.00537969],[0.492193,-0.178605,0.851966]],[[0.797321,-0.300258,-0.523569],[0.105921,0.923622,-0.368379],[0.594189,0.238259,0.768227]]],"btipPosition":[62.9139,269.698,-28.937],"carpPosition":[106.262,187.306,71.5719],"dipPosition":[72.4384,273.518,-16.6227],"direction":[-0.492193,0.178605,-0.851966],"extended":true,"handId":352,"id":3521,"length":55.1725,"mcpPosition":[93.7727,244.392,32.5694],"pipPosition":[83.5996,269.468,2.69683],"stabilizedTipPosition":[64.8506,267.009,-24.2707],"timeVisible":0.037684,"tipPosition":[62.9863,264.711,-24.8229],"tipVelocity":[52.2184,733.645,-377.13],"tool":false,"touchDistance":1,"touchZone":"none","type":1,"width":18.8205},{"bases":[[[0.68782,-0.420193,-0.591896],[0.722534,0.474541,0.502748],[0.0696278,-0.773466,0.630002]],[[0.689681,-0.444478,-0.571647],[0.618846,0.771713,0.146588],[0.375992,-0.45486,0.807299]],[[0.689681,-0.444478,-0.571647],[0.194852,0.874242,-0.444672],[0.697405,0.195295,0.689555]],[[0.689681,-0.444478,-0.571647],[-0.174548,0.664118,-0.726966],[0.702762,0.601154,0.380447]]],"btipPosition":[63.6104,242.325,-38.0896],"carpPosition":[116.248,186.032,65.4958],"dipPosition":[76.0004,252.924,-31.3822],"direction":[-0.697405,-0.195295,-0.689555],"extended":false,"handId":352,"id":3522,"length":62.8646,"mcpPosition":[111.609,237.565,23.5211],"pipPosition":[94.6063,258.134,-12.9858],"stabilizedTipPosition":[66.6271,237.909,-31.2025],"timeVisible":0.037684,"tipPosition":[65.6896,239.502,-33.0465],"tipVelocity":[-18.8837,775.381,-604.578],"tool":false,"touchDistance":0.885775,"touchZone":"hovering","type":2,"width":18.4842},{"bases":[[[0.634132,-0.564004,-0.528939],[0.77168,0.418409,0.479002],[-0.0488464,-0.711922,0.700557]],[[0.634823,-0.552715,-0.539913],[0.694856,0.713977,0.0860968],[0.337898,-0.429818,0.837306]],[[0.634823,-0.552715,-0.539913],[0.266832,0.812608,-0.51814],[0.725121,0.184861,0.663344]],[[0.634823,-0.552715,-0.539913],[-0.148237,0.598669,-0.78716],[0.758304,0.579743,0.298116]]],"btipPosition":[81.4645,227.777,-40.9462],"carpPosition":[124.845,182.14,58.5245],"dipPosition":[94.7569,237.94,-35.7205],"direction":[-0.725121,-0.184861,-0.663344],"extended":false,"handId":352,"id":3523,"length":60.446,"mcpPosition":[127.767,224.727,16.6177],"pipPosition":[113.603,242.744,-18.4804],"stabilizedTipPosition":[84.3959,223.327,-33.9642],"timeVisible":0.037684,"tipPosition":[83.2813,225.177,-35.9168],"tipVelocity":[12.6046,679.81,-578.89],"tool":false,"touchDistance":0.844063,"touchZone":"hovering","type":3,"width":17.5889},{"bases":[[[0.487937,-0.703939,-0.516127],[0.85355,0.261041,0.4509],[-0.182676,-0.660551,0.728218]],[[0.49094,-0.692732,-0.528299],[0.832259,0.552186,0.0493503],[0.257533,-0.46391,0.847623]],[[0.49094,-0.692732,-0.528299],[0.42445,0.719761,-0.549351],[0.760802,0.0454616,0.647389]],[[0.49094,-0.692732,-0.528299],[0.0297907,0.619403,-0.784508],[0.870684,0.369408,0.324727]]],"btipPosition":[102.826,218.31,-36.2209],"carpPosition":[129.294,173.151,49.3529],"dipPosition":[116.906,224.284,-30.9696],"direction":[-0.760802,-0.0454616,-0.647389],"extended":false,"handId":352,"id":3524,"length":47.3885,"mcpPosition":[139.41,209.728,9.02849],"pipPosition":[130.866,225.118,-19.0902],"stabilizedTipPosition":[105.846,213.048,-28.4937],"timeVisible":0.037684,"tipPosition":[104.418,215.739,-30.8005],"tipVelocity":[17.9101,545.044,-535.441],"tool":false,"touchDistance":0.91039,"touchZone":"hovering","type":4,"width":15.6239}],"r":[[0.99998,0.00587708,-0.00233457],[-0.00587858,0.999983,-0.000636644],[0.00233079,0.000650355,0.999997]],"s":1.03794,"t":[-1.20532,6.10021,-5.46281],"timestamp":261329911526},{"currentFrameRate":26.4742,"devices":[],"gestures":[],"hands":[{"armBasis":[[0.798336,-0.225723,-0.558309],[0.41,0.882776,0.229361],[0.44109,-0.412013,0.797298]],"armWidth":61.649,"confidence":0.378475,"direction":[-0.0345334,0.837531,-0.545297],"elbow":[236.033,64.6067,271.294],"grabAngle":0.924136,"grabStrength":0,"id":352,"palmNormal":[-0.538468,-0.475247,-0.69584],"palmPosition":[106.992,227.636,23.5129],"palmVelocity":[-85.963,337.902,-238.103],"palmWidth":86.8926,"pinchDistance":52.186,"pinchStrength":0.0747091,"r":[[0.999413,0.0341509,0.00277593],[-0.0341503,0.999417,-0.000246394],[-0.00278272,0.00015145,0.999996]],"s":1.10036,"sphereCenter":[60.4076,185.284,-57.8771],"sphereRadius":101.817,"stabilizedPalmPosition":[108.852,219.643,29.7296],"t":[-3.4378,15.5568,-12.7085],"timeVisible":0.075603,"type":"right","wrist":[122.301,170.841,65.7174]}],"id":209452,"interactionBox":{"center":[0,200,0],"size":[235.247,235.247,147.751]},"pointables":[{"bases":[[[0.813675,0.480019,0.327894],[-0.423299,0.102647,0.900156],[0.398435,-0.871232,0.286713]],[[0.751386,0.594902,0.285502],[-0.435011,0.121246,0.892224],[0.49617,-0.794601,0.349892]],[[0.751386,0.594902,0.285502],[-0.582503,0.39472,0.710554],[0.310016,-0.700206,0.643119]],[[0.751386,0.594902,0.285502],[-0.638196,0.545207,0.543558],[0.167706,-0.590628,0.789324]]],"btipPosition":[51.5103,257.39,3.84851],"carpPosition":[88.7617,184.145,58.4311],"dipPosition":[55.1926,244.422,21.1797],"direction":[-0.310016,0.700206,-0.643119],"extended":true,"handId":352,"id":3520,"length":48.8949,"mcpPosition":[88.7617,184.145,58.4311],"pipPosition":[65.1094,222.023,41.7518],"stabilizedTipPosition":[56.9752,248.917,13.6178],"timeVisible":0.075603,"tipPosition":[56.5083,253.525,6.21824],"tipVelocity":[-167.952,215.528,-252.713],"tool":false,"touchDistance":1,"touchZone":"none","type":0,"width":19.7032},{"bases":[[[0.752336,-0.33113,-0.569511],[0.643977,0.55189,0.529822],[0.138867,-0.765357,0.628447]],[[0.756159,-0.353915,-0.550424],[0.592245,0.727881,0.345594],[0.278332,-0.58731,0.759998]],[[0.756159,-0.353915,-0.550424],[0.436464,0.899471,0.0212565],[0.487567,-0.256314,0.834614]],[[0.756159,-0.353915,-0.550424],[0.309745,0.93451,-0.175356],[0.576438,-0.0378943,0.816262]]],"btipPosition":[70.2072,284.522,-56.3744],"carpPosition":[115.216,199.464,56.522],"dipPosition":[80.37,283.854,-41.9833],"direction":[-0.487567,0.256314,-0.834614],"extended":true,"handId":352,"id":3522,"length":62.8646,"mcpPosition":[105.964,250.457,14.6509],"pipPosition":[93.3777,277.016,-19.7169],"stabilizedTipPosition":[71.8995,279.303,-50.681],"timeVisible":0.075603,"tipPosition":[70.7556,278.054,-51.4231],"tipVelocity":[160.46,1044.48,-435.6],"tool":false,"touchDistance":0.582768,"touchZone":"hovering","type":2,"width":18.4842},{"bases":[[[0.713871,-0.480805,-0.509132],[0.700181,0.502142,0.507543],[0.0116277,-0.718804,0.695115]],[[0.712713,-0.449498,-0.538508],[0.657075,0.69655,0.288219],[0.245544,-0.559258,0.791795]],[[0.712713,-0.449498,-0.538508],[0.503216,0.862477,-0.0539153],[0.488686,-0.23256,0.840894]],[[0.712713,-0.449498,-0.538508],[0.353833,0.893253,-0.277311],[0.605675,0.00710148,0.795681]]],"btipPosition":[90.1383,269.034,-60.7371],"carpPosition":[124.444,196.673,49.8365],"dipPosition":[100.755,269.158,-46.7896],"direction":[-0.488686,0.23256,-0.840894],"extended":true,"handId":352,"id":3523,"length":60.446,"mcpPosition":[123.749,239.671,8.25528],"pipPosition":[113.456,263.114,-24.935],"stabilizedTipPosition":[91.4872,262.954,-54.3822],"timeVisible":0.075603,"tipPosition":[90.4675,262.726,-55.3245],"tipVelocity":[212.516,1027.13,-469.025],"tool":false,"touchDistance":0.526216,"touchZone":"hovering","type":3,"width":17.5889},{"bases":[[[0.58485,-0.637082,-0.502073],[0.800948,0.355756,0.48158],[-0.12819,-0.683787,0.718334]],[[0.590733,-0.600599,-0.53881],[0.791385,0.561466,0.241796],[0.157301,-0.569243,0.806982]],[[0.590733,-0.600599,-0.53881],[0.64007,0.755402,-0.140278],[0.491268,-0.262009,0.830666]],[[0.590733,-0.600599,-0.53881],[0.500931,0.796492,-0.338627],[0.632537,-0.0698678,0.771373]]],"btipPosition":[112.869,251.036,-53.4803],"carpPosition":[130.233,188.35,40.7839],"dipPosition":[123.098,249.906,-41.0061],"direction":[-0.491268,0.262009,-0.830666],"extended":true,"handId":352,"id":3524,"length":47.3885,"mcpPosition":[137.331,226.214,1.00687],"pipPosition":[132.113,245.098,-25.7636],"stabilizedTipPosition":[113.616,244.316,-46.8241],"timeVisible":0.075603,"tipPosition":[111.771,244.328,-47.5489],"tipVelocity":[241.512,819.953,-411.353],"tool":false,"touchDistance":0.618713,"touchZone":"hovering","type":4,"width":15.6239},{"bases":[[[0.824187,-0.125145,-0.552317],[0.506491,0.59918,0.620041],[0.253342,-0.790773,0.557221]],[[0.848371,-0.21782,-0.482515],[0.473647,0.719435,0.508008],[0.236484,-0.659521,0.713518]],[[0.848371,-0.21782,-0.482515],[0.39381,0.868783,0.300217],[0.353808,-0.444715,0.82283]],[[0.848371,-0.21782,-0.482515],[0.245433,0.969394,-0.00608215],[0.469072,-0.113265,0.875867]]],"btipPosition":[62.0753,293.542,-38.3543],"carpPosition":[104.948,199.501,62.2522],"dipPosition":[69.5943,291.726,-24.3146],"direction":[-0.353808,0.444715,-0.82283],"extended":true,"handId":352,"id":3521,"length":55.1725,"mcpPosition":[87.1493,255.058,23.1037],"pipPosition":[77.6174,281.641,-5.65586],"stabilizedTipPosition":[63.8694,291.509,-34.4542],"timeVisible":0.075603,"tipPosition":[60.8488,285.006,-35.1663],"tipVelocity":[-34.2786,594.612,-237.89],"tool":false,"touchDistance":0.833668,"touchZone":"hovering","type":1,"width":18.8205}],"r":[[0.999413,0.0341509,0.00277593],[-0.0341503,0.999417,-0.000246394],[-0.00278272,0.00015145,0.999996]],"s":1.10036,"t":[-3.4378,15.5568,-12.7085],"timestamp":261329949445},{"currentFrameRate":29.9674,"devices":[],"gestures":[],"hands":[{"armBasis":[[0.828374,-0.172103,-0.533083],[0.398563,0.849781,0.344993],[0.393629,-0.49825,0.77253]],"armWidth":61.649,"confidence":0.425789,"direction":[-0.075526,0.837719,-0.540854],"elbow":[224.295,46.7116,261.348],"grabAngle":0.773155,"grabStrength":0,"id":352,"palmNormal":[-0.501806,-0.500646,-0.705368],"palmPosition":[105.552,232.172,20.6639],"palmVelocity":[-134.377,423.244,-265.819],"palmWidth":86.8926,"pinchDistance":55.3494,"pinchStrength":0,"r":[[0.997632,0.0681292,0.00945647],[-0.0681418,0.997675,0.00101579],[-0.00936528,-0.00165776,0.999955]],"s":1.15973,"sphereCenter":[55.0494,175.458,-74.8106],"sphereRadius":121.565,"stabilizedPalmPosition":[107.853,223.434,26.9864],"t":[-5.27417,22.5532,-17.7559],"timeVisible":0.086321,"type":"right","wrist":[122.801,175.181,62.1571]}],"id":209453,"interactionBox":{"center":[0,200,0],"size":[235.247,235.247,147.751]},"pointables":[{"bases":[[[0.780827,0.523483,0.340991],[-0.439583,0.0725135,0.89527],[0.443932,-0.848945,0.286734]],[[0.702323,0.649092,0.29227],[-0.45062,0.0875439,0.888413],[0.551076,-0.755655,0.353978]],[[0.702323,0.649092,0.29227],[-0.610868,0.338744,0.715606],[0.36549,-0.681125,0.634417]],[[0.702323,0.649092,0.29227],[-0.673093,0.471881,0.569451],[0.23171,-0.596663,0.768312]]],"btipPosition":[46.3539,258.398,1.05806],"carpPosition":[89.4025,187.487,55.0957],"dipPosition":[51.4416,245.297,17.9279],"direction":[-0.36549,0.681125,-0.634417],"extended":true,"handId":352,"id":3520,"length":48.8949,"mcpPosition":[89.4025,187.487,55.0957],"pipPosition":[63.1329,223.509,38.2216],"stabilizedTipPosition":[54.3037,250.745,11.1644],"timeVisible":0.086321,"tipPosition":[53.0523,255.27,3.14873],"tipVelocity":[-450.936,91.2078,-270.252],"tool":false,"touchDistance":1,"touchZone":"none","type":0,"width":19.7032},{"bases":[[[0.777005,-0.284009,-0.561785],[0.604816,0.584253,0.541153],[0.174533,-0.760255,0.62574]],[[0.782905,-0.311811,-0.538362],[0.561799,0.726095,0.396444],[0.267286,-0.61283,0.743638]],[[0.782905,-0.311811,-0.538362],[0.443713,0.886415,0.131864],[0.436095,-0.342115,0.832333]],[[0.782905,-0.311811,-0.538362],[0.335507,0.940329,-0.0567182],[0.523923,-0.13622,0.840803]]],"btipPosition":[70.3744,294.196,-58.736],"carpPosition":[114.961,204.302,53.612],"dipPosition":[79.6114,291.795,-43.9123],"direction":[-0.436095,0.342115,-0.832333],"extended":true,"handId":352,"id":3522,"length":62.8646,"mcpPosition":[103.333,254.955,11.9213],"pipPosition":[91.2458,282.668,-21.7068],"stabilizedTipPosition":[72.2085,286.696,-53.0757],"timeVisible":0.086321,"tipPosition":[69.1038,285.131,-54.7301],"tipVelocity":[-4.2646,865.409,-211.061],"tool":false,"touchDistance":0.523893,"touchZone":"hovering","type":2,"width":18.4842},{"bases":[[[0.7464,-0.436021,-0.502764],[0.664039,0.537936,0.519304],[0.0440274,-0.721464,0.691051]],[[0.744611,-0.412724,-0.524609],[0.629081,0.69669,0.34479],[0.223187,-0.586755,0.7784]],[[0.744611,-0.412724,-0.524609],[0.519392,0.851906,0.066989],[0.419269,-0.322358,0.848704]],[[0.744611,-0.412724,-0.524609],[0.401975,0.904698,-0.141201],[0.532889,-0.10574,0.839552]]],"btipPosition":[92.1886,280.069,-63.7125],"carpPosition":[124.416,202.084,47.0286],"dipPosition":[101.53,278.215,-48.9959],"direction":[-0.419269,0.322358,-0.848704],"extended":true,"handId":352,"id":3523,"length":60.446,"mcpPosition":[121.782,245.242,5.69048],"pipPosition":[112.426,269.837,-26.9383],"stabilizedTipPosition":[92.8682,271.041,-57.2634],"timeVisible":0.086321,"tipPosition":[90.2177,271.239,-58.9212],"tipVelocity":[163.916,987.133,-261.097],"tool":false,"touchDistance":0.464951,"touchZone":"hovering","type":3,"width":17.5889},{"bases":[[[0.626432,-0.599441,-0.49825],[0.773311,0.397703,0.493783],[-0.0978382,-0.694624,0.712688]],[[0.629197,-0.577319,-0.520397],[0.767282,0.568225,0.297319],[0.124055,-0.586363,0.800492]],[[0.629197,-0.577319,-0.520397],[0.668277,0.743717,-0.0170725],[0.396885,-0.337028,0.853754]],[[0.629197,-0.577319,-0.520397],[0.560863,0.80077,-0.210237],[0.538093,-0.159591,0.827639]]],"btipPosition":[116.099,260.845,-57.0673],"carpPosition":[130.781,194.164,38.0026],"dipPosition":[124.801,258.264,-43.6833],"direction":[-0.396885,0.337028,-0.853754],"extended":true,"handId":352,"id":3524,"length":47.3885,"mcpPosition":[136.199,232.628,-1.46186],"pipPosition":[132.084,252.08,-28.017],"stabilizedTipPosition":[115.578,251.285,-49.9578],"timeVisible":0.086321,"tipPosition":[112.583,252.745,-51.35],"tipVelocity":[268.581,884.088,-315.147],"tool":false,"touchDistance":0.539508,"touchZone":"hovering","type":4,"width":15.6239},{"bases":[[[0.836763,-0.0743786,-0.54249],[0.463748,0.623043,0.629885],[0.291145,-0.778643,0.555833]],[[0.866714,-0.171624,-0.468351],[0.435466,0.718257,0.542657],[0.243263,-0.674279,0.697259]],[[0.866714,-0.171624,-0.468351],[0.372025,0.847878,0.377756],[0.332273,-0.501645,0.798716]],[[0.866714,-0.171624,-0.468351],[0.262287,0.955464,0.135256],[0.424279,-0.24007,0.873128]]],"btipPosition":[60.0419,300.823,-40.0519],"carpPosition":[104.638,203.716,59.2111],"dipPosition":[66.8429,296.975,-26.0561],"direction":[-0.332273,0.501645,-0.798716],"extended":true,"handId":352,"id":3521,"length":55.1725,"mcpPosition":[84.1828,258.421,20.1602],"pipPosition":[74.3776,285.599,-7.94409],"stabilizedTipPosition":[62.538,296.467,-35.8534],"timeVisible":0.086321,"tipPosition":[58.1397,290.474,-37.8977],"tipVelocity":[-205.128,635.724,-159.323],"tool":false,"touchDistance":0.75802,"touchZone":"hovering","type":1,"width":18.8205}],"r":[[0.997632,0.0681292,0.00945647],[-0.0681418,0.997675,0.00101579],[-0.00936528,-0.00165776,0.999955]],"s":1.15973,"t":[-5.27417,22.5532,-17.7559],"timestamp":261329960163},{"currentFrameRate":33.2523,"devices":[],"gestures":[],"hands":[{"armBasis":[[0.859261,-0.121507,-0.496896],[0.378451,0.804538,0.457704],[0.344158,-0.581338,0.737293]],"armWidth":61.649,"confidence":0.471526,"direction":[-0.108967,0.836962,-0.536303],"elbow":[212.192,28.8361,249.11],"grabAngle":0.65073,"grabStrength":0,"id":352,"palmNormal":[-0.456056,-0.521477,-0.721162],"palmPosition":[104.753,235.879,18.1581],"palmVelocity":[-73.4594,340.808,-230.416],"palmWidth":86.8926,"pinchDistance":54.5755,"pinchStrength":0,"r":[[0.99414,0.106265,0.019826],[-0.106345,0.994325,0.00299184],[-0.0193956,-0.0050827,0.999799]],"s":1.21035,"sphereCenter":[51.1926,161.992,-94.949],"sphereRadius":145.393,"stabilizedPalmPosition":[106.808,227.632,24.0087],"t":[-6.59178,27.9046,-21.5325],"timeVisible":0.097196,"type":"right","wrist":[123.454,178.729,59.0054]}],"id":209454,"interactionBox":{"center":[0,200,0],"size":[235.247,235.247,147.751]},"pointables":[{"bases":[[[0.742065,0.562943,0.363916],[-0.464358,0.0401722,0.884736],[0.483437,-0.825519,0.291217]],[[0.653456,0.689835,0.311647],[-0.46733,0.0437729,0.882998],[0.595481,-0.722643,0.350984]],[[0.653456,0.689835,0.311647],[-0.643233,0.288989,0.709039],[0.399057,-0.663787,0.632566]],[[0.653456,0.689835,0.311647],[-0.711598,0.419429,0.563655],[0.258115,-0.590091,0.764964]]],"btipPosition":[43.4712,258.705,-1.91162],"carpPosition":[90.2901,190.067,51.8505],"dipPosition":[49.1386,245.748,14.8847],"direction":[-0.399057,0.663787,-0.632566],"extended":true,"handId":352,"id":3520,"length":48.8949,"mcpPosition":[90.2901,190.067,51.8505],"pipPosition":[61.9037,224.515,35.1192],"stabilizedTipPosition":[51.8189,252.044,8.76202],"timeVisible":0.097196,"tipPosition":[50.9121,256.145,-0.259978],"tipVelocity":[-252.814,31.242,-274.629],"tool":false,"touchDistance":1,"touchZone":"none","type":0,"width":19.7032},{"bases":[[[0.804897,-0.23556,-0.544658],[0.558179,0.612104,0.560148],[0.201439,-0.754878,0.624165]],[[0.812567,-0.266701,-0.518272],[0.523515,0.724867,0.447772],[0.256257,-0.635168,0.728625]],[[0.812567,-0.266701,-0.518272],[0.433121,0.871314,0.230689],[0.390052,-0.411925,0.823515]],[[0.812567,-0.266701,-0.518272],[0.340767,0.938753,0.051188],[0.472877,-0.218203,0.853683]]],"btipPosition":[71.1499,302.138,-60.437],"carpPosition":[114.902,208.284,51.119],"dipPosition":[79.4869,298.291,-45.3862],"direction":[-0.390052,0.411925,-0.823515],"extended":true,"handId":352,"id":3522,"length":62.8646,"mcpPosition":[101.481,258.579,9.53323],"pipPosition":[89.893,287.302,-23.4159],"stabilizedTipPosition":[72.6981,294.994,-55.2985],"timeVisible":0.097196,"tipPosition":[68.9308,291.415,-57.4978],"tipVelocity":[52.2728,699.74,-151.606],"tool":false,"touchDistance":0.480106,"touchZone":"hovering","type":2,"width":18.4842},{"bases":[[[0.781384,-0.389547,-0.487537],[0.620395,0.569334,0.539414],[0.067444,-0.723955,0.686542]],[[0.778936,-0.367066,-0.50845],[0.592295,0.697002,0.404197],[0.206024,-0.615995,0.760332]],[[0.778936,-0.367066,-0.50845],[0.514646,0.837463,0.183837],[0.358327,-0.404868,0.841239]],[[0.778936,-0.367066,-0.50845],[0.425317,0.905043,-0.00180142],[0.46083,-0.214849,0.86109]]],"btipPosition":[94.5598,290.068,-65.1444],"carpPosition":[124.621,206.652,44.7531],"dipPosition":[102.638,286.302,-50.0503],"direction":[-0.358327,0.404868,-0.841239],"extended":true,"handId":352,"id":3523,"length":60.446,"mcpPosition":[120.587,249.958,3.68472],"pipPosition":[111.95,275.78,-28.1867],"stabilizedTipPosition":[94.8138,280.996,-59.6803],"timeVisible":0.097196,"tipPosition":[91.4958,279.349,-61.546],"tipVelocity":[191.324,879.037,-123.686],"tool":false,"touchDistance":0.431613,"touchZone":"hovering","type":3,"width":17.5889},{"bases":[[[0.670618,-0.559399,-0.48718],[0.737882,0.435603,0.515539],[-0.0761746,-0.705211,0.704893]],[[0.672815,-0.535168,-0.510799],[0.732442,0.579067,0.358066],[0.104162,-0.615043,0.781584]],[[0.672815,-0.535168,-0.510799],[0.666697,0.737885,0.105073],[0.32068,-0.411243,0.853255]],[[0.672815,-0.535168,-0.510799],[0.586474,0.806699,-0.072692],[0.450964,-0.250662,0.856621]]],"btipPosition":[119.218,270.229,-58.6432],"carpPosition":[131.633,199.176,35.8273],"dipPosition":[126.511,266.176,-44.7905],"direction":[-0.32068,0.411243,-0.853255],"extended":true,"handId":352,"id":3524,"length":47.3885,"mcpPosition":[135.851,238.226,-3.20549],"pipPosition":[132.396,258.63,-29.1334],"stabilizedTipPosition":[118.253,260.345,-52.7238],"timeVisible":0.097196,"tipPosition":[114.606,260.56,-54.0199],"tipVelocity":[257.034,831.798,-134.996],"tool":false,"touchDistance":0.49687,"touchZone":"hovering","type":4,"width":15.6239},{"bases":[[[0.85242,-0.0231173,-0.522346],[0.413076,0.642235,0.64568],[0.320542,-0.766159,0.557003]],[[0.888974,-0.13043,-0.438991],[0.387079,0.726273,0.568064],[0.244735,-0.674919,0.696125]],[[0.888974,-0.13043,-0.438991],[0.333165,0.841884,0.424538],[0.314207,-0.52366,0.791867]],[[0.888974,-0.13043,-0.438991],[0.251938,0.939778,0.230964],[0.38243,-0.31592,0.868299]]],"btipPosition":[58.8555,305.048,-42.608],"carpPosition":[104.495,207.078,56.4588],"dipPosition":[64.9857,299.984,-28.6896],"direction":[-0.314207,0.52366,-0.791867],"extended":true,"handId":352,"id":3521,"length":55.1725,"mcpPosition":[81.9752,260.906,17.3256],"pipPosition":[72.1108,288.11,-10.7329],"stabilizedTipPosition":[61.229,300.739,-37.9002],"timeVisible":0.097196,"tipPosition":[56.3606,293.928,-40.8337],"tipVelocity":[-123.28,362.856,-236.681],"tool":false,"touchDistance":0.676943,"touchZone":"hovering","type":1,"width":18.8205}],"r":[[0.99414,0.106265,0.019826],[-0.106345,0.994325,0.00299184],[-0.0193956,-0.0050827,0.999799]],"s":1.21035,"t":[-6.59178,27.9046,-21.5325],"timestamp":261329971038},{"currentFrameRate":36.1118,"devices":[],"gestures":[],"hands":[{"armBasis":[[0.875342,-0.101342,-0.472764],[0.371016,0.767773,0.522371],[0.310037,-0.632657,0.709664]],"armWidth":61.649,"confidence":0.520567,"direction":[-0.125767,0.846787,-0.516851],"elbow":[202.174,18.1334,237.512],"grabAngle":0.551168,"grabStrength":0,"id":352,"palmNormal":[-0.438034,-0.514851,-0.736922],"palmPosition":[102.9,239.262,15.1707],"palmVelocity":[-150.042,273.847,-241.796],"palmWidth":86.8926,"pinchDistance":58.4979,"pinchStrength":0,"r":[[0.989496,0.141373,0.0301932],[-0.141697,0.98987,0.00887001],[-0.0286334,-0.0130551,0.999505]],"s":1.24668,"sphereCenter":[42.672,149.785,-118.456],"sphereRadius":172.166,"stabilizedPalmPosition":[105.316,232.071,20.635],"t":[-8.17748,32.2719,-24.9145],"timeVisible":0.109551,"type":"right","wrist":[122.234,181.259,54.5315]}],"id":209455,"interactionBox":{"center":[0,200,0],"size":[235.247,235.247,147.751]},"pointables":[{"bases":[[[0.725429,0.571925,0.382956],[-0.471384,0.00739293,0.881897],[0.501548,-0.820273,0.274959]],[[0.635352,0.696368,0.333765],[-0.469223,0.00486088,0.883066],[0.613317,-0.717668,0.329841]],[[0.635352,0.696368,0.333765],[-0.66165,0.268041,0.700267],[0.398181,-0.665751,0.631053]],[[0.635352,0.696368,0.333765],[-0.737144,0.418128,0.530836],[0.230101,-0.583301,0.778983]]],"btipPosition":[42.3063,260.623,-5.3716],"carpPosition":[89.3323,192.308,47.642],"dipPosition":[47.3586,247.816,11.7325],"direction":[-0.398181,0.665751,-0.631052],"extended":true,"handId":352,"id":3520,"length":48.8949,"mcpPosition":[89.3323,192.308,47.642],"pipPosition":[60.0956,226.519,31.9186],"stabilizedTipPosition":[49.8856,253.348,6.40064],"timeVisible":0.109551,"tipPosition":[48.3592,258.583,-3.0488],"tipVelocity":[-105.741,158.042,-274.317],"tool":false,"touchDistance":0.956068,"touchZone":"hovering","type":0,"width":19.7032},{"bases":[[[0.814239,-0.20258,-0.544038],[0.53902,0.611816,0.578911],[0.215575,-0.764619,0.607359]],[[0.823562,-0.238681,-0.514565],[0.512071,0.703051,0.49346],[0.243986,-0.669889,0.701227]],[[0.823562,-0.238681,-0.514565],[0.444478,0.835139,0.324009],[0.352399,-0.495554,0.793877]],[[0.823562,-0.238681,-0.514565],[0.366007,0.916648,0.160607],[0.433342,-0.320604,0.842275]]],"btipPosition":[71.0556,311.244,-60.6703],"carpPosition":[113.493,211.134,47.5352],"dipPosition":[78.6956,305.592,-45.8206],"direction":[-0.352399,0.495554,-0.793877],"extended":true,"handId":352,"id":3522,"length":62.8646,"mcpPosition":[99.1304,262.078,7.06915],"pipPosition":[88.0971,292.371,-24.6411],"stabilizedTipPosition":[72.7761,305.16,-56.6288],"timeVisible":0.109551,"tipPosition":[67.9896,299.489,-58.8309],"tipVelocity":[-20.6073,703.374,-22.6282],"tool":false,"touchDistance":0.461235,"touchZone":"hovering","type":2,"width":18.4842},{"bases":[[[0.794121,-0.358433,-0.490812],[0.602414,0.571093,0.557629],[0.080427,-0.738497,0.669442]],[[0.790551,-0.330515,-0.515547],[0.579526,0.675865,0.455364],[0.197936,-0.658762,0.725847]],[[0.790551,-0.330515,-0.515547],[0.522998,0.802348,0.287595],[0.318594,-0.496989,0.807155]],[[0.790551,-0.330515,-0.515547],[0.450077,0.88446,0.123134],[0.415283,-0.32938,0.847967]]],"btipPosition":[94.6258,300.375,-65.1074],"carpPosition":[123.294,209.894,41.2059],"dipPosition":[101.905,294.601,-50.2433],"direction":[-0.318594,0.496989,-0.807155],"extended":true,"handId":352,"id":3523,"length":60.446,"mcpPosition":[118.483,254.07,1.16033],"pipPosition":[110.185,281.684,-29.2656],"stabilizedTipPosition":[95.796,292.924,-61.0075],"timeVisible":0.109551,"tipPosition":[91.1411,288.438,-63.039],"tipVelocity":[-9.51584,796.827,-1.29055],"tool":false,"touchDistance":0.421546,"touchZone":"hovering","type":3,"width":17.5889},{"bases":[[[0.687567,-0.530898,-0.495377],[0.723318,0.440888,0.53144],[-0.0637342,-0.723716,0.687148]],[[0.690093,-0.488437,-0.534042],[0.715779,0.56965,0.40393],[0.106922,-0.661005,0.742724]],[[0.690093,-0.488437,-0.534042],[0.667995,0.713826,0.210321],[0.278485,-0.501878,0.81888]],[[0.690093,-0.488437,-0.534042],[0.605255,0.79407,0.0558553],[0.396785,-0.361777,0.843611]]],"btipPosition":[119.005,279.873,-59.2012],"carpPosition":[130.55,202.81,32.1565],"dipPosition":[125.422,274.022,-45.5588],"direction":[-0.278485,0.501878,-0.81888],"extended":true,"handId":352,"id":3524,"length":47.3885,"mcpPosition":[134.079,242.885,-5.89374],"pipPosition":[130.532,264.813,-30.5325],"stabilizedTipPosition":[119.631,271.593,-54.7898],"timeVisible":0.109551,"tipPosition":[114.436,268.797,-56.2588],"tipVelocity":[-33.5826,747.07,-49.0794],"tool":false,"touchDistance":0.47142,"touchZone":"hovering","type":4,"width":15.6239},{"bases":[[[0.856365,0.0103578,-0.516268],[0.392626,0.636315,0.664039],[0.335387,-0.77136,0.540851]],[[0.90009,-0.117557,-0.419546],[0.369779,0.715382,0.592867],[0.23044,-0.688773,0.687378]],[[0.90009,-0.117557,-0.419546],[0.326587,0.819421,0.471052],[0.288409,-0.561008,0.775945]],[[0.90009,-0.117557,-0.419546],[0.263153,0.914125,0.308425],[0.34726,-0.388015,0.85373]]],"btipPosition":[58.1244,310.442,-44.2195],"carpPosition":[103.082,209.545,52.7654],"dipPosition":[63.6908,304.222,-30.5346],"direction":[-0.288409,0.561007,-0.775945],"extended":true,"handId":352,"id":3521,"length":55.1725,"mcpPosition":[79.5191,263.738,14.767],"pipPosition":[70.2308,291.501,-12.939],"stabilizedTipPosition":[60.0279,306.185,-39.9884],"timeVisible":0.109551,"tipPosition":[54.4168,299.295,-42.5122],"tipVelocity":[-69.6767,415.024,-134.783],"tool":false,"touchDistance":0.617603,"touchZone":"hovering","type":1,"width":18.8205}],"r":[[0.989496,0.141373,0.0301932],[-0.141697,0.98987,0.00887001],[-0.0286334,-0.0130551,0.999505]],"s":1.24668,"t":[-8.17748,32.2719,-24.9145],"timestamp":261329983393},{"currentFrameRate":39.514,"devices":[],"gestures":[],"hands":[{"armBasis":[[0.885086,-0.0914734,-0.456351],[0.364215,0.746583,0.556741],[0.289777,-0.658973,0.694106]],"armWidth":61.649,"confidence":0.552322,"direction":[-0.140724,0.852491,-0.503444],"elbow":[196.326,13.0071,230.49],"grabAngle":0.473184,"grabStrength":0,"id":352,"palmNormal":[-0.42748,-0.51098,-0.745761],"palmPosition":[101.594,241.353,13.1563],"palmVelocity":[-154.166,247.019,-237.943],"palmWidth":86.8926,"pinchDistance":59.2314,"pinchStrength":0,"r":[[0.984168,0.172802,0.0394141],[-0.17355,0.984689,0.016394],[-0.0359777,-0.0229748,0.999088]],"s":1.27239,"sphereCenter":[35.021,137.949,-138.91],"sphereRadius":196.367,"stabilizedPalmPosition":[104.279,234.658,18.5507],"t":[-9.62291,35.5013,-27.6127],"timeVisible":0.118017,"type":"right","wrist":[121.61,182.918,51.5205]}],"id":209456,"interactionBox":{"center":[0,200,0],"size":[235.247,235.247,147.751]},"pointables":[{"bases":[[[0.714233,0.579012,0.393212],[-0.47259,-0.0154383,0.881147],[0.516266,-0.815173,0.262609]],[[0.621535,0.703,0.345668],[-0.465631,-0.0233234,0.884672],[0.629986,-0.710808,0.312842]],[[0.621535,0.703,0.345668],[-0.674559,0.255912,0.692444],[0.398328,-0.663551,0.633273]],[[0.621535,0.703,0.345668],[-0.756244,0.423288,0.498921],[0.204425,-0.571506,0.794727]]],"btipPosition":[41.5935,261.301,-7.7692],"carpPosition":[88.8551,193.643,44.8509],"dipPosition":[46.0821,248.753,9.68059],"direction":[-0.398328,0.663551,-0.633273],"extended":true,"handId":352,"id":3520,"length":48.8949,"mcpPosition":[88.8551,193.643,44.8509],"pipPosition":[58.8238,227.527,29.9378],"stabilizedTipPosition":[48.9487,254.002,5.08988],"timeVisible":0.118017,"tipPosition":[46.4614,259.852,-4.76825],"tipVelocity":[-99.5066,87.1582,-273.812],"tool":false,"touchDistance":0.859023,"touchZone":"hovering","type":0,"width":19.7032},{"bases":[[[0.818553,-0.178773,-0.545904],[0.526863,0.612311,0.589482],[0.22888,-0.77014,0.595398]],[[0.829025,-0.217267,-0.515279],[0.50492,0.686879,0.522736],[0.240361,-0.693536,0.679143]],[[0.829025,-0.217267,-0.515279],[0.449353,0.807297,0.382562],[0.332865,-0.548696,0.766899]],[[0.829025,-0.217267,-0.515279],[0.386095,0.888954,0.246355],[0.404535,-0.403181,0.820851]]],"btipPosition":[70.5329,317.331,-60.2287],"carpPosition":[112.664,212.911,45.0837],"dipPosition":[77.665,310.223,-45.7568],"direction":[-0.332865,0.548696,-0.766899],"extended":true,"handId":352,"id":3522,"length":62.8646,"mcpPosition":[97.4147,264.222,5.41459],"pipPosition":[86.5454,295.585,-25.2969],"stabilizedTipPosition":[72.4265,311.269,-56.7862],"timeVisible":0.118017,"tipPosition":[66.9716,304.818,-59.3237],"tipVelocity":[-75.5435,679.51,41.8993],"tool":false,"touchDistance":0.453766,"touchZone":"hovering","type":2,"width":18.4842},{"bases":[[[0.801251,-0.335803,-0.495211],[0.591027,0.573112,0.567653],[0.0931914,-0.747515,0.657675]],[[0.796193,-0.301517,-0.524561],[0.571905,0.65803,0.489818],[0.197488,-0.689989,0.696358]],[[0.796193,-0.301517,-0.524561],[0.527038,0.771437,0.356533],[0.297165,-0.560332,0.773124]],[[0.796193,-0.301517,-0.524561],[0.467102,0.857374,0.216163],[0.384568,-0.417131,0.823474]]],"btipPosition":[94.1766,307.467,-64.3083],"carpPosition":[122.494,211.954,38.7511],"dipPosition":[100.918,300.155,-49.8736],"direction":[-0.297165,0.560332,-0.773124],"extended":true,"handId":352,"id":3523,"length":60.446,"mcpPosition":[116.919,256.669,-0.590547],"pipPosition":[108.641,285.592,-29.7803],"stabilizedTipPosition":[95.7573,300.138,-60.9967],"timeVisible":0.118017,"tipPosition":[90.5038,294.682,-63.5527],"tipVelocity":[-67.6895,795.961,82.7235],"tool":false,"touchDistance":0.42323,"touchZone":"hovering","type":3,"width":17.5889},{"bases":[[[0.697909,-0.510111,-0.502703],[0.714351,0.445598,0.539579],[-0.0512413,-0.735683,0.675385]],[[0.699758,-0.447818,-0.556594],[0.705186,0.557602,0.437941],[0.11424,-0.698955,0.705982]],[[0.699758,-0.447818,-0.556594],[0.667552,0.687343,0.286241],[0.254387,-0.571855,0.779916]],[[0.699758,-0.447818,-0.556594],[0.616914,0.77167,0.154731],[0.360216,-0.451645,0.816248]]],"btipPosition":[118.446,286.872,-58.7287],"carpPosition":[129.891,205.151,29.6012],"dipPosition":[124.271,279.569,-45.5289],"direction":[-0.254387,0.571855,-0.779916],"extended":true,"handId":352,"id":3524,"length":47.3885,"mcpPosition":[132.729,245.888,-7.79763],"pipPosition":[128.939,269.075,-31.2176],"stabilizedTipPosition":[119.712,278.73,-55.2636],"timeVisible":0.118017,"tipPosition":[114.082,274.798,-57.3619],"tipVelocity":[-82.122,787.297,43.7855],"tool":false,"touchDistance":0.463172,"touchZone":"hovering","type":4,"width":15.6239},{"bases":[[[0.856699,0.0344344,-0.514665],[0.37993,0.632737,0.674757],[0.348883,-0.7