{"frames":212,"data":[{"currentFrameRate":26.5155,"devices":[],"gestures":[],"hands":[],"id":210051,"interactionBox":{"center":[0,200,0],"size":[235.247,235.247,147.751]},"pointables":[],"r":[[-0.0794966,-0.728761,-0.680138],[0.446709,0.583909,-0.677865],[0.891141,-0.357712,0.279125]],"s":-5.62558,"t":[894.675,787.691,741.58],"timestamp":261345888694},{"currentFrameRate":26.5037,"devices":[],"gestures":[],"hands":[],"id":210052,"interactionBox":{"center":[0,200,0],"size":[235.247,235.247,147.751]},"pointables":[],"r":[[-0.0794966,-0.728761,-0.680138],[0.446709,0.583909,-0.677865],[0.891141,-0.357712,0.279125]],"s":-5.62558,"t":[894.675,787.691,741.58],"timestamp":261345926506},{"currentFrameRate":26.502,"devices":[],"gestures":[],"hands":[],"id":210053,"interactionBox":{"center":[0,200,0],"size":[235.247,235.247,147.751]},"pointables":[],"r":[[-0.0794966,-0.728761,-0.680138],[0.446709,0.583909,-0.677865],[0.891141,-0.357712,0.279125]],"s":-5.62558,"t":[894.675,787.691,741.58],"timestamp":261345964250},{"currentFrameRate":26.5183,"devices":[],"gestures":[],"hands":[],"id":210054,"interactionBox":{"center":[0,200,0],"size":[235.247,235.247,147.751]},"pointables":[],"r":[[-0.0794966,-0.728761,-0.680138],[0.446709,0.583909,-0.677865],[0.891141,-0.357712,0.279125]],"s":-5.62558,"t":[894.675,787.691,741.58],"timestamp":261346001848},{"currentFrameRate":26.515,"devices":[],"gestures":[],"hands":[],"id":210055,"interactionBox":{"center":[0,200,0],"size":[235.247,235.247,147.751]},"pointables":[],"r":[[-0.0794966,-0.728761,-0.680138],[0.446709,0.583909,-0.677865],[0.891141,-0.357712,0.279125]],"s":-5.62558,"t":[894.675,787.691,741.58],"timestamp":261346039585},{"currentFrameRate":26.5022,"devices":[],"gestures":[],"hands":[],"id":210056,"interactionBox":{"center":[0,200,0],"size":[235.247,235.247,147.751]},"pointables":[],"r":[[-0.0794966,-0.728761,-0.680138],[0.446709,0.583909,-0.677865],[0.891141,-0.357712,0.279125]],"s":-5.62558,"t":[894.675,787.691,741.58],"timestamp":261346077406},{"currentFrameRate":26.475,"devices":[],"gestures":[],"hands":[],"id":210057,"interactionBox":{"center":[0,200,0],"size":[235.247,235.247,147.751]},"pointables":[],"r":[[-0.0794966,-0.728761,-0.680138],[0.446709,0.583909,-0.677865],[0.891141,-0.357712,0.279125]],"s":-5.62558,"t":[894.675,787.691,741.58],"timestamp":261346115364},{"currentFrameRate":26.5281,"devices":[],"gestures":[],"hands":[],"id":210058,"interactionBox":{"center":[0,200,0],"size":[235.247,235.247,147.751]},"pointables":[],"r":[[-0.0794966,-0.728761,-0.680138],[0.446709,0.583909,-0.677865],[0.891141,-0.357712,0.279125]],"s":-5.62558,"t":[894.675,787.691,741.58],"timestamp":261346152696},{"currentFrameRate":22.3649,"devices":[],"gestures":[],"hands":[],"id":210059,"interactionBox":{"center":[0,200,0],"size":[235.247,235.247,147.751]},"pointables":[],"r":[[-0.0794966,-0.728761,-0.680138],[0.446709,0.583909,-0.677865],[0.891141,-0.357712,0.279125]],"s":-5.62558,"t":[894.675,787.691,741.58],"timestamp":261346228163},{"currentFrameRate":23.0816,"devices":[],"gestures":[],"hands":[],"id":210060,"interactionBox":{"center":[0,200,0],"size":[235.247,235.247,147.751]},"pointables":[],"r":[[-0.0794966,-0.728761,-0.680138],[0.446709,0.583909,-0.677865],[0.891141,-0.357712,0.279125]],"s":-5.62558,"t":[894.675,787.691,741.58],"timestamp":261346265848},{"currentFrameRate":23.6792,"devices":[],"gestures":[],"hands":[],"id":210061,"interactionBox":{"center":[0,200,0],"size":[235.247,235.247,147.751]},"pointables":[],"r":[[-0.0794966,-0.728761,-0.680138],[0.446709,0.583909,-0.677865],[0.891141,-0.357712,0.279125]],"s":-5.62558,"t":[894.675,787.691,741.58],"timestamp":261346303494},{"currentFrameRate":24.1614,"devices":[],"gestures":[],"hands":[],"id":210062,"interactionBox":{"center":[0,200,0],"size":[235.247,235.247,147.751]},"pointables":[],"r":[[-0.0794966,-0.728761,-0.680138],[0.446709,0.583909,-0.677865],[0.891141,-0.357712,0.279125]],"s":-5.62558,"t":[894.675,787.691,741.58],"timestamp":261346341257},{"currentFrameRate":24.5717,"devices":[],"gestures":[],"hands":[],"id":210063,"interactionBox":{"center":[0,200,0],"size":[235.247,235.247,147.751]},"pointables":[],"r":[[-0.0794966,-0.728761,-0.680138],[0.446709,0.583909,-0.677865],[0.891141,-0.357712,0.279125]],"s":-5.62558,"t":[894.675,787.691,741.58],"timestamp":261346378920},{"currentFrameRate":24.9069,"devices":[],"gestures":[],"hands":[{"armBasis":[[-0.810376,-0.0502114,0.583754],[-0.00614762,-0.995538,-0.0941649],[0.585878,-0.0798977,0.806451]],"armWidth":60.8506,"confidence":0,"direction":[-0.29298,0.79763,-0.527208],"elbow":[239.986,89.08,285.735],"grabAngle":0.272327,"grabStrength":0,"id":353,"palmNormal":[0.33406,0.60205,0.725217],"palmPosition":[71.766,163.494,35.2837],"palmVelocity":[1.19209e-7,1.19209e-7,1.19209e-7],"palmWidth":86.8926,"pinchDistance":57.1006,"pinchStrength":0,"r":[[1,-1.66533e-17,-1.66533e-17],[1.66533e-17,1,-2.22045e-17],[1.66533e-17,2.22045e-17,1]],"s":1,"sphereCenter":[103.772,253.182,124.001],"sphereRadius":133.36,"stabilizedPalmPosition":[71.766,163.494,35.2837],"t":[0,0,0],"timeVisible":0,"type":"right","wrist":[88.9226,109.681,77.7982]}],"id":210064,"interactionBox":{"center":[0,200,0],"size":[235.247,235.247,147.751]},"pointables":[{"bases":[[[-0.716454,-0.397476,-0.573329],[0.685927,-0.551273,-0.474975],[-0.12727,-0.73356,0.667601]],[[-0.671571,-0.228266,-0.704903],[0.687574,-0.546513,-0.478085],[-0.276108,-0.80574,0.523972]],[[-0.671571,-0.228266,-0.704903],[0.740866,-0.22041,-0.634458],[-0.0105423,-0.948322,0.317135]],[[-0.671571,-0.228266,-0.704903],[0.680691,0.185709,-0.708641],[0.292665,-0.955723,0.0306622]]],"btipPosition":[114.731,214.853,23.8602],"carpPosition":[107.767,124.206,59.8491],"dipPosition":[121.272,193.493,24.5454],"direction":[0.0105423,0.948322,-0.317135],"extended":true,"handId":353,"id":3530,"length":49.7695,"mcpPosition":[107.767,124.206,59.8491],"pipPosition":[120.929,162.616,34.8714],"stabilizedTipPosition":[116.236,209.94,24.0178],"timeVisible":0,"tipPosition":[116.236,209.94,24.0178],"tipVelocity":[1.19209e-7,1.19209e-7,1.19209e-7],"tool":false,"touchDistance":1,"touchZone":"none","type":0,"width":19.3381},{"bases":[[[-0.932335,0.0980844,0.348039],[-0.350895,-0.477843,-0.805319],[0.0873186,-0.872952,0.479927]],[[-0.928698,0.0673988,0.364662],[-0.353241,-0.460101,-0.814572],[0.11288,-0.885305,0.451103]],[[-0.928698,0.0673988,0.364662],[-0.355697,-0.440017,-0.82454],[0.104884,-0.895457,0.432616]],[[-0.928698,0.0673988,0.364662],[-0.359563,-0.404294,-0.840988],[0.0907488,-0.912143,0.399701]]],"btipPosition":[76.9676,254.039,-24.4023],"carpPosition":[91.6352,120.835,44.3307],"dipPosition":[78.4483,239.156,-17.8807],"direction":[-0.104884,0.895457,-0.432616],"extended":true,"handId":353,"id":3531,"length":56.1593,"mcpPosition":[85.5004,182.166,10.6127],"pipPosition":[80.8692,218.488,-7.89505],"stabilizedTipPosition":[77.3082,250.616,-22.9023],"timeVisible":0,"tipPosition":[77.3082,250.616,-22.9023],"tipVelocity":[1.19209e-7,1.19209e-7,1.19209e-7],"tool":false,"touchDistance":1,"touchZone":"none","type":1,"width":18.4718},{"bases":[[[-0.838395,0.0592574,0.541833],[-0.501463,-0.473431,-0.724153],[0.213609,-0.878836,0.426637]],[[-0.845582,0.0910507,0.526024],[-0.508771,-0.435886,-0.742398],[0.161691,-0.895384,0.414902]],[[-0.845582,0.0910507,0.526024],[-0.516239,-0.390439,-0.76227],[0.135975,-0.916115,0.377152]],[[-0.845582,0.0910507,0.526024],[-0.522463,-0.343541,-0.780393],[0.109655,-0.934714,0.338062]]],"btipPosition":[52.8355,263.11,-17.0317],"carpPosition":[80.1704,121.69,46.8001],"dipPosition":[54.8033,246.336,-10.9649],"direction":[-0.135975,0.916115,-0.377152],"extended":true,"handId":353,"id":3532,"length":63.9891,"mcpPosition":[65.9384,180.244,18.3748],"pipPosition":[58.4958,221.458,-0.723017],"stabilizedTipPosition":[53.2881,259.252,-15.6363],"timeVisible":0,"tipPosition":[53.2881,259.252,-15.6363],"tipVelocity":[1.19209e-7,1.19209e-7,1.19209e-7],"tool":false,"touchDistance":1,"touchZone":"none","type":2,"width":18.1417},{"bases":[[[-0.757619,-0.0351969,0.651748],[-0.553016,-0.495761,-0.669622],[0.34668,-0.867745,0.356134]],[[-0.774737,0.0103034,0.632199],[-0.567791,-0.451271,-0.688453],[0.2782,-0.892327,0.355467]],[[-0.774737,0.0103034,0.632199],[-0.59751,-0.338945,-0.726703],[0.206794,-0.94075,0.26875]],[[-0.774737,0.0103034,0.632199],[-0.619022,-0.216063,-0.755068],[0.128815,-0.976325,0.17377]]],"btipPosition":[29.4069,254.952,5.48799],"carpPosition":[69.7842,122.663,52.1687],"dipPosition":[31.7053,237.532,8.5885],"direction":[-0.206794,0.94075,-0.26875],"extended":true,"handId":353,"id":3533,"length":61.5272,"mcpPosition":[49.0461,174.571,30.8651],"pipPosition":[37.1759,212.645,15.6982],"stabilizedTipPosition":[29.9355,250.945,6.20111],"timeVisible":0,"tipPosition":[29.9355,250.945,6.20111],"tipVelocity":[1.19209e-7,1.19209e-7,1.19209e-7],"tool":false,"touchDistance":1,"touchZone":"none","type":3,"width":17.263},{"bases":[[[-0.610544,-0.0529912,0.790208],[-0.631306,-0.569903,-0.525988],[0.478215,-0.820001,0.314497]],[[-0.66524,0.0493231,0.744999],[-0.716764,-0.321582,-0.618737],[0.20906,-0.945596,0.249282]],[[-0.66524,0.0493231,0.744999],[-0.743087,-0.140827,-0.654209],[0.0726481,-0.988805,0.130335]],[[-0.66524,0.0493231,0.744999],[-0.74663,-0.044246,-0.663767],[0.000224212,-0.997802,0.0662603]]],"btipPosition":[27.7559,236.996,34.191],"carpPosition":[62.6565,124.766,63.5485],"dipPosition":[27.7596,220.572,35.2817],"direction":[-0.0726481,0.988805,-0.130335],"extended":true,"handId":353,"id":3534,"length":48.2362,"mcpPosition":[36.1758,170.173,46.1336],"pipPosition":[29.1165,202.103,37.7161],"stabilizedTipPosition":[27.7567,233.218,34.4419],"timeVisible":0,"tipPosition":[27.7567,233.218,34.4419],"tipVelocity":[1.19209e-7,1.19209e-7,1.19209e-7],"tool":false,"touchDistance":1,"touchZone":"none","type":4,"width":15.3344}],"r":[[1,-1.66533e-17,-1.66533e-17],[1.66533e-17,1,-2.22045e-17],[1.66533e-17,2.22045e-17,1]],"s":1,"t":[0,0,0],"timestamp":261346416624},{"currentFrameRate":25.1817,"devices":[],"gestures":[],"hands":[{"armBasis":[[0.83435,-0.115357,-0.53903],[0.177892,0.981886,0.0652231],[0.521742,-0.150308,0.839757]],"armWidth":61.649,"confidence":0.196181,"direction":[-0.0862865,0.869301,-0.486693],"elbow":[230.597,87.8884,278.615],"grabAngle":0.197767,"grabStrength":0,"id":353,"palmNormal":[-0.418543,-0.474944,-0.774112],"palmPosition":[76.2672,182.325,21.3758],"palmVelocity":[119.304,499.093,-368.625],"palmWidth":86.8926,"pinchDistance":53.3501,"pinchStrength":0,"r":[[0.992404,-0.0938022,0.0795903],[0.106528,0.978852,-0.174646],[-0.0615249,0.181798,0.981409]],"s":0.983969,"sphereCenter":[35.731,121.615,-111.474],"sphereRadius":156.028,"stabilizedPalmPosition":[75.0919,177.408,25.0071],"t":[2.25061,9.41514,-6.95392],"timeVisible":0.037729,"type":"right","wrist":[96.0705,126.644,62.0909]}],"id":210065,"interactionBox":{"center":[0,200,0],"size":[235.247,235.247,147.751]},"pointables":[{"bases":[[[0.721322,0.539341,0.434518],[-0.506752,-0.0166742,0.86193],[0.47212,-0.841922,0.261285]],[[0.671823,0.618903,0.406956],[-0.51358,-0.00668843,0.858016],[0.53375,-0.785439,0.313363]],[[0.671823,0.618903,0.406956],[-0.697818,0.344587,0.627941],[0.248402,-0.705846,0.663383]],[[0.671823,0.618903,0.406956],[-0.740493,0.547846,0.389275],[0.0179741,-0.562872,0.826349]]],"btipPosition":[26.5926,206.826,-2.95444],"carpPosition":[60.3769,134.447,51.3479],"dipPosition":[26.9872,194.467,15.1897],"direction":[-0.248402,0.705846,-0.663383],"extended":false,"handId":353,"id":3530,"length":48.8949,"mcpPosition":[60.3769,134.447,51.3479],"pipPosition":[34.9332,171.889,36.41],"stabilizedTipPosition":[32.3362,204.36,2.65786],"timeVisible":0.037729,"tipPosition":[21.8981,201.128,0.0101822],"tipVelocity":[-2373.57,-157.88,-604.285],"tool":false,"touchDistance":1,"touchZone":"none","type":0,"width":19.7032},{"bases":[[[0.876766,0.0109944,-0.480791],[0.378777,0.600221,0.704459],[0.296326,-0.799758,0.522089]],[[0.913193,-0.11873,-0.389848],[0.386811,0.553648,0.737463],[0.128279,-0.824243,0.551514]],[[0.913193,-0.11873,-0.389848],[0.372002,0.63349,0.678458],[0.166411,-0.764587,0.622667]],[[0.913193,-0.11873,-0.389848],[0.347385,0.726959,0.592329],[0.213076,-0.676338,0.705099]]],"btipPosition":[41.0955,268.735,-26.6207],"carpPosition":[74.274,151.144,57.7115],"dipPosition":[44.511,257.893,-15.3183],"direction":[-0.166411,0.764587,-0.622667],"extended":true,"handId":353,"id":3531,"length":55.1725,"mcpPosition":[53.4551,207.333,21.0312],"pipPosition":[48.2846,240.555,-1.19853],"stabilizedTipPosition":[43.4408,265.553,-23.9719],"timeVisible":0.037729,"tipPosition":[36.5638,266.587,-23.0537],"tipVelocity":[-938.99,414.134,-29.6556],"tool":false,"touchDistance":1,"touchZone":"none","type":1,"width":18.8205},{"bases":[[[0.831235,-0.199642,-0.518836],[0.527965,0.575735,0.624325],[0.17407,-0.792889,0.583975]],[[0.839193,-0.240783,-0.487626],[0.527906,0.576092,0.624047],[0.130657,-0.781116,0.610563]],[[0.839193,-0.240783,-0.487626],[0.507277,0.669773,0.542287],[0.196025,-0.702444,0.684212]],[[0.839193,-0.240783,-0.487626],[0.500411,0.692973,0.519015],[0.212942,-0.679567,0.702029]]],"btipPosition":[58.4318,271.569,-44.179],"carpPosition":[84.9219,152.698,52.9702],"dipPosition":[62.1861,259.588,-31.802],"direction":[-0.196025,0.702444,-0.684212],"extended":true,"handId":353,"id":3532,"length":62.8646,"mcpPosition":[73.3242,205.525,14.0622],"pipPosition":[67.4158,240.848,-13.5481],"stabilizedTipPosition":[54.1166,260.571,-19.1805],"timeVisible":0.037729,"tipPosition":[54.962,270.248,-39.8545],"tipVelocity":[159.221,253.425,-681.067],"tool":false,"touchDistance":0.816803,"touchZone":"hovering","type":2,"width":18.4842},{"bases":[[[0.80561,-0.356976,-0.472822],[0.591284,0.534431,0.603959],[0.037092,-0.766128,0.641617]],[[0.803944,-0.331465,-0.493765],[0.59176,0.528385,0.608793],[0.0591044,-0.781627,0.62094]],[[0.803944,-0.331465,-0.493765],[0.573017,0.653919,0.494006],[0.159137,-0.680089,0.71565]],[[0.803944,-0.331465,-0.493765],[0.560902,0.698549,0.444319],[0.197643,-0.634161,0.747514]]],"btipPosition":[82.6468,258.868,-49.1197],"carpPosition":[94.9435,151.483,46.9925],"dipPosition":[86.1113,247.752,-36.0165],"direction":[-0.159137,0.680089,-0.71565],"extended":true,"handId":353,"id":3533,"length":60.446,"mcpPosition":[92.7247,197.312,8.61144],"pipPosition":[90.2472,230.077,-17.417],"stabilizedTipPosition":[66.6206,254.624,-29.6605],"timeVisible":0.037729,"tipPosition":[80.7215,255.815,-47.7633],"tipVelocity":[1418.22,142.226,-1386.39],"tool":false,"touchDistance":0.712442,"touchZone":"hovering","type":3,"width":17.5889},{"bases":[[[0.695643,-0.526611,-0.488632],[0.710326,0.402603,0.577362],[-0.10732,-0.748727,0.654134]],[[0.701828,-0.467597,-0.537393],[0.708196,0.376691,0.597128],[-0.0767837,-0.799661,0.595523]],[[0.701828,-0.467597,-0.537393],[0.710494,0.513865,0.480771],[0.051341,-0.719233,0.69287]],[[0.701828,-0.467597,-0.537393],[0.704158,0.569457,0.424124],[0.107703,-0.676071,0.728922]]],"btipPosition":[108.215,236.716,-42.5189],"carpPosition":[102.409,144.597,37.9604],"dipPosition":[109.957,225.783,-30.7313],"direction":[-0.051341,0.719233,-0.69287],"extended":true,"handId":353,"id":3534,"length":47.3885,"mcpPosition":[108.352,186.057,1.73834],"pipPosition":[110.899,212.585,-18.0173],"stabilizedTipPosition":[84.975,233.914,-18.0995],"timeVisible":0.037729,"tipPosition":[103.513,231.221,-42.2286],"tipVelocity":[2143.15,26.0513,-1967.97],"tool":false,"touchDistance":0.764554,"touchZone":"hovering","type":4,"width":15.6239}],"r":[[0.992404,-0.0938022,0.0795903],[0.106528,0.978852,-0.174646],[-0.0615249,0.181798,0.981409]],"s":0.983969,"t":[2.25061,9.41514,-6.95392],"timestamp":261346454353},{"currentFrameRate":25.9005,"devices":[],"gestures":[],"hands":[{"armBasis":[[0.861786,-0.00761328,-0.507214],[0.125023,0.972231,0.197828],[0.491624,-0.233898,0.838807]],"armWidth":61.649,"confidence":0.358623,"direction":[-0.132351,0.903045,-0.408647],"elbow":[223.769,76.4869,265.695],"grabAngle":0.242292,"grabStrength":0,"id":353,"palmNormal":[-0.365301,-0.427693,-0.826822],"palmPosition":[74.8153,194.923,13.4455],"palmVelocity":[-43.3235,375.909,-236.635],"palmWidth":86.8926,"pinchDistance":48.4808,"pinchStrength":0,"r":[[0.976497,-0.144431,0.15998],[0.185843,0.940163,-0.285579],[-0.109161,0.308598,0.944908]],"s":0.962055,"sphereCenter":[54.6715,153.252,-111.908],"sphereRadius":137.496,"stabilizedPalmPosition":[74.8745,191.176,15.9183],"t":[2.64997,20.4216,-14.3961],"timeVisible":0.071242,"type":"right","wrist":[97.0076,136.796,49.4158]}],"id":210066,"interactionBox":{"center":[0,200,0],"size":[235.247,235.247,147.751]},"pointables":[{"bases":[[[0.671691,0.542719,0.504269],[-0.526544,-0.129086,0.84029],[0.521136,-0.829935,0.199059]],[[0.565099,0.685298,0.459379],[-0.576409,-0.0704257,0.814121],[0.590268,-0.724849,0.355215]],[[0.565099,0.685298,0.459379],[-0.744783,0.184214,0.641376],[0.35491,-0.704579,0.614498]],[[0.565099,0.685298,0.459379],[-0.818105,0.393504,0.419354],[0.106615,-0.612797,0.783015]]],"btipPosition":[19.6028,214.098,-15.3362],"carpPosition":[61.4345,143.551,38.446],"dipPosition":[21.9437,200.643,1.85646],"direction":[-0.35491,0.704579,-0.614498],"extended":false,"handId":353,"id":3530,"length":48.8949,"mcpPosition":[61.4345,143.551,38.446],"pipPosition":[33.2966,178.104,21.5131],"stabilizedTipPosition":[23.9528,208.927,-6.99367],"timeVisible":0.071242,"tipPosition":[19.9728,211.641,-9.21167],"tipVelocity":[-195.212,209.45,-375.99],"tool":false,"touchDistance":1,"touchZone":"none","type":0,"width":19.7032},{"bases":[[[0.855962,-0.0964003,-0.507972],[0.471478,0.548782,0.690323],[0.212219,-0.830388,0.515188]],[[0.859107,-0.109087,-0.500035],[0.444176,0.644284,0.62258],[0.254249,-0.756967,0.601963]],[[0.859107,-0.109087,-0.500035],[0.444176,0.644284,0.62258],[0.254249,-0.756967,0.601963]],[[0.859107,-0.109087,-0.500035],[0.444176,0.644284,0.62258],[0.254249,-0.756967,0.601963]]],"btipPosition":[47.7352,286.229,-45.7256],"carpPosition":[84.6374,163.132,42.4932],"dipPosition":[52.2177,272.884,-35.1127],"direction":[-0.254249,0.756967,-0.601963],"extended":true,"handId":353,"id":3532,"length":62.8646,"mcpPosition":[70.4981,218.458,8.16818],"pipPosition":[59.0007,252.689,-19.0532],"stabilizedTipPosition":[50.2133,277.05,-36.7653],"timeVisible":0.071242,"tipPosition":[49.0654,285.53,-41.1534],"tipVelocity":[-314.182,428.08,-58.2554],"tool":false,"touchDistance":0.739171,"touchZone":"hovering","type":2,"width":18.4842},{"bases":[[[0.839869,-0.258641,-0.477206],[0.537953,0.513742,0.668338],[0.0723006,-0.81803,0.570613]],[[0.82819,-0.174261,-0.532667],[0.538141,0.512736,0.668959],[0.156544,-0.840675,0.51842]],[[0.82819,-0.174261,-0.532667],[0.520746,0.590621,0.616434],[0.207184,-0.787909,0.579892]],[[0.82819,-0.174261,-0.532667],[0.507848,0.63534,0.581751],[0.237048,-0.752314,0.61468]]],"btipPosition":[74.4425,280.967,-44.9577],"carpPosition":[94.8693,163.129,36.7529],"dipPosition":[78.5977,267.78,-34.1829],"direction":[-0.207184,0.787909,-0.579892],"extended":true,"handId":353,"id":3533,"length":60.446,"mcpPosition":[90.5443,212.063,2.6193],"pipPosition":[83.9824,247.303,-19.1117],"stabilizedTipPosition":[74.2572,274.904,-40.8132],"timeVisible":0.071242,"tipPosition":[75.8532,275.676,-46.6366],"tipVelocity":[-240.069,645.21,108.211],"tool":false,"touchDistance":0.728928,"touchZone":"hovering","type":3,"width":17.5889},{"bases":[[[0.742084,-0.432887,-0.511781],[0.666294,0.392957,0.633748],[-0.0732336,-0.811291,0.580037]],[[0.743139,-0.279698,-0.607876],[0.664654,0.413528,0.622278],[0.0773237,-0.866466,0.493211]],[[0.743139,-0.279698,-0.607876],[0.658829,0.464685,0.591618],[0.116996,-0.840141,0.529599]],[[0.743139,-0.279698,-0.607876],[0.655181,0.488719,0.5761],[0.135947,-0.826391,0.546439]]],"btipPosition":[100.159,260.055,-39.657],"carpPosition":[103.014,157.607,27.3783],"dipPosition":[102.358,246.691,-30.8203],"direction":[-0.116996,0.840141,-0.529599],"extended":true,"handId":353,"id":3534,"length":47.3885,"mcpPosition":[107.07,202.531,-4.74075],"pipPosition":[104.505,231.275,-21.1023],"stabilizedTipPosition":[98.8955,254.38,-35.4226],"timeVisible":0.071242,"tipPosition":[100.438,253.142,-42.202],"tipVelocity":[-237.243,679.748,65.145],"tool":false,"touchDistance":0.75418,"touchZone":"hovering","type":4,"width":15.6239},{"bases":[[[0.88613,0.11234,-0.449615],[0.318955,0.55601,0.767542],[0.336216,-0.823549,0.456866]],[[0.931932,-0.036557,-0.360786],[0.324149,0.530008,0.783594],[0.162573,-0.847205,0.505781]],[[0.931932,-0.036557,-0.360786],[0.268186,0.739151,0.617845],[0.244089,-0.672547,0.698642]],[[0.931932,-0.036557,-0.360786],[0.170943,0.921717,0.348161],[0.319815,-0.386136,0.865227]]],"btipPosition":[33.1646,273.907,-35.4635],"carpPosition":[74.0003,160.458,46.7325],"dipPosition":[38.291,267.717,-21.5944],"direction":[-0.244089,0.672547,-0.698642],"extended":true,"handId":353,"id":3531,"length":55.1725,"mcpPosition":[50.3789,218.318,14.6347],"pipPosition":[43.8261,252.466,-5.75173],"stabilizedTipPosition":[35.7218,271.433,-31.016],"timeVisible":0.071242,"tipPosition":[32.4031,276.527,-28.1442],"tipVelocity":[-224.909,186.257,-246.246],"tool":false,"touchDistance":0.888179,"touchZone":"hovering","type":1,"width":18.8205}],"r":[[0.976497,-0.144431,0.15998],[0.185843,0.940163,-0.285579],[-0.109161,0.308598,0.944908]],"s":0.962055,"t":[2.64997,20.4216,-14.3961],"timestamp":261346487866},{"currentFrameRate":28.245,"devices":[],"gestures":[],"hands":[{"armBasis":[[0.894177,0.0877442,-0.439031],[0.0772583,0.935657,0.344351],[0.440997,-0.34183,0.829864]],"armWidth":61.649,"confidence":0.445202,"direction":[-0.133548,0.940812,-0.31151],"elbow":[210.216,50.6139,255.032],"grabAngle":0.282991,"grabStrength":0,"id":353,"palmNormal":[-0.276938,-0.337231,-0.899767],"palmPosition":[75.0066,200.243,10.5039],"palmVelocity":[9.74717,271.085,-149.874],"palmWidth":86.8926,"pinchDistance":61.5045,"pinchStrength":0,"r":[[0.954516,-0.17399,0.24213],[0.251635,0.905693,-0.341173],[-0.159935,0.386584,0.908281]],"s":0.929048,"sphereCenter":[53.7903,147.601,-154.851],"sphereRadius":176.794,"stabilizedPalmPosition":[74.9578,196.894,12.504],"t":[2.94531,28.5852,-19.5879],"timeVisible":0.090869,"type":"right","wrist":[96.5086,138.752,41.0591]}],"id":210067,"interactionBox":{"center":[0,200,0],"size":[235.247,235.247,147.751]},"pointables":[{"bases":[[[0.604548,0.49885,0.621024],[-0.589841,-0.243627,0.769891],[0.535359,-0.831742,0.146958]],[[0.506986,0.630355,0.587892],[-0.618851,-0.208565,0.757314],[0.59999,-0.747765,0.284356]],[[0.506986,0.630355,0.587892],[-0.809485,0.113865,0.575994],[0.29614,-0.767911,0.567991]],[[0.506986,0.630355,0.587892],[-0.861901,0.378314,0.337646],[-0.00957137,-0.677887,0.735104]]],"btipPosition":[23.7732,220.984,-19.7519],"carpPosition":[61.6374,145.89,28.1128],"dipPosition":[23.563,206.1,-3.6113],"direction":[-0.29614,0.767911,-0.567991],"extended":false,"handId":353,"id":3530,"length":48.8949,"mcpPosition":[61.6374,145.89,28.1128],"pipPosition":[33.036,181.536,14.5576],"stabilizedTipPosition":[23.8316,213.516,-11.8022],"timeVisible":0.090869,"tipPosition":[21.8904,217.847,-14.968],"tipVelocity":[182.587,334.101,-237.313],"tool":false,"touchDistance":0.953785,"touchZone":"hovering","type":0,"width":19.7032},{"bases":[[[0.886761,-0.174922,-0.427852],[0.458737,0.446612,0.768179],[0.0567125,-0.877462,0.476282]],[[0.877872,-0.0940301,-0.469574],[0.449877,0.498061,0.741313],[0.164171,-0.862029,0.479536]],[[0.877872,-0.0940301,-0.469574],[0.416261,0.634645,0.651117],[0.236788,-0.767062,0.596278]],[[0.877872,-0.0940301,-0.469574],[0.411281,0.650353,0.638662],[0.245336,-0.75379,0.6096]]],"btipPosition":[73.5557,288.294,-43.1183],"carpPosition":[94.2844,166.521,31.6564],"dipPosition":[77.8562,275.081,-32.4326],"direction":[-0.236788,0.767062,-0.596278],"extended":true,"handId":353,"id":3533,"length":60.446,"mcpPosition":[90.8919,219.011,3.16558],"pipPosition":[84.0102,255.145,-16.9355],"stabilizedTipPosition":[74.4821,283,-40.6938],"timeVisible":0.090869,"tipPosition":[76.7014,286.749,-39.909],"tipVelocity":[-43.4796,372.984,92.6744],"tool":false,"touchDistance":0.716652,"touchZone":"hovering","type":3,"width":17.5889},{"bases":[[[0.799297,-0.346676,-0.490857],[0.594272,0.334681,0.731321],[-0.0892512,-0.876245,0.473529]],[[0.803171,-0.199557,-0.561332],[0.589392,0.403444,0.699893],[0.0867979,-0.892978,0.441652]],[[0.803171,-0.199557,-0.561332],[0.564262,0.557085,0.609315],[0.191117,-0.806122,0.560037]],[[0.803171,-0.199557,-0.561332],[0.564262,0.557085,0.609315],[0.191117,-0.806122,0.560037]]],"btipPosition":[98.8701,268.37,-37.7433],"carpPosition":[103.405,162.397,22.4622],"dipPosition":[101.961,255.334,-28.6867],"direction":[-0.191117,0.806122,-0.560037],"extended":true,"handId":353,"id":3534,"length":47.3885,"mcpPosition":[108.347,210.918,-3.75901],"pipPosition":[105.468,240.542,-18.4102],"stabilizedTipPosition":[99.4453,263.196,-35.6132],"timeVisible":0.090869,"tipPosition":[101.773,265.389,-35.588],"tipVelocity":[-55.2298,427.469,100.081],"tool":false,"touchDistance":0.74156,"touchZone":"hovering","type":4,"width":15.6239},{"bases":[[[0.91563,0.191376,-0.353548],[0.230645,0.470235,0.851869],[0.329278,-0.861542,0.386422]],[[0.972002,-0.0709495,-0.224007],[0.232387,0.431322,0.871755],[0.0347683,-0.899404,0.435733]],[[0.972002,-0.0709495,-0.224007],[0.207128,0.708869,0.674242],[0.110954,-0.701763,0.703718]],[[0.972002,-0.0709495,-0.224007],[0.207128,0.708869,0.674242],[0.110954,-0.701763,0.703718]]],"btipPosition":[43.943,286.005,-32.5726],"carpPosition":[72.773,162.062,39.3771],"dipPosition":[45.7216,274.756,-21.2923],"direction":[-0.110954,0.701763,-0.703718],"extended":true,"handId":353,"id":3531,"length":55.1725,"mcpPosition":[49.639,222.591,12.2284],"pipPosition":[48.2376,258.843,-5.33458],"stabilizedTipPosition":[42.4101,280.721,-30.2117],"timeVisible":0.090869,"tipPosition":[37.6812,284.292,-27.0195],"tipVelocity":[509.933,557.131,116.957],"tool":false,"touchDistance":0.867127,"touchZone":"hovering","type":1,"width":18.8205},{"bases":[[[0.898874,-0.00976778,-0.438099],[0.389296,0.476791,0.788111],[0.201184,-0.878962,0.432377]],[[0.892955,0.0145883,-0.44991],[0.334139,0.648246,0.684199],[0.301634,-0.761291,0.57398]],[[0.892955,0.0145883,-0.44991],[0.334139,0.648246,0.684199],[0.301634,-0.761291,0.57398]],[[0.892955,0.0145883,-0.44991],[0.295181,0.73561,0.60971],[0.339853,-0.677249,0.65256]]],"btipPosition":[42.5304,290.776,-45.1495],"carpPosition":[83.6136,165.537,36.432],"dipPosition":[48.5221,278.835,-33.6446],"direction":[-0.301634,0.761291,-0.573979],"extended":true,"handId":353,"id":3532,"length":62.8646,"mcpPosition":[70.2095,224.099,7.62432],"pipPosition":[56.5693,258.525,-18.3316],"stabilizedTipPosition":[45.9338,284.503,-40.6601],"timeVisible":0.090869,"tipPosition":[47.5572,292.486,-38.4174],"tipVelocity":[-247.499,248.113,39.8043],"tool":false,"touchDistance":0.710306,"touchZone":"hovering","type":2,"width":18.4842}],"r":[[0.954516,-0.17399,0.24213],[0.251635,0.905693,-0.341173],[-0.159935,0.386584,0.908281]],"s":0.929048,"t":[2.94531,28.5852,-19.5879],"timestamp":261346507493},{"currentFrameRate":30.3661,"devices":[],"gestures":[],"hands":[{"armBasis":[[0.923046,0.0978084,-0.372047],[0.0844626,0.89201,0.444054],[0.375302,-0.441307,0.815105]],"armWidth":61.649,"confidence":0.524279,"direction":[-0.13934,0.953468,-0.267365],"elbow":[193.883,28.6731,245.146],"grabAngle":0.41472,"grabStrength":0,"id":353,"palmNormal":[-0.266279,-0.296131,-0.91728],"palmPosition":[76.1147,205.64,7.41376],"palmVelocity":[56.3902,274.62,-157.251],"palmWidth":86.8926,"pinchDistance":60.6816,"pinchStrength":0,"r":[[0.931558,-0.192623,0.308377],[0.304214,0.877429,-0.370907],[-0.199134,0.439334,0.875975]],"s":0.897245,"sphereCenter":[62.0979,174.595,-134.553],"sphereRadius":148.334,"stabilizedPalmPosition":[75.7174,202.636,9.16171],"t":[3.64703,35.3652,-23.7289],"timeVisible":0.11052,"type":"right","wrist":[97.1142,142.46,34.9785]}],"id":210068,"interactionBox":{"center":[0,200,0],"size":[235.247,235.247,147.751]},"pointables":[{"bases":[[[0.594773,0.473704,0.6495],[-0.594126,-0.285238,0.752099],[0.541534,-0.833213,0.111788]],[[0.490165,0.61297,0.619682],[-0.614472,-0.261223,0.744437],[0.618193,-0.745674,0.248611]],[[0.490165,0.61297,0.619682],[-0.810728,0.0595386,0.582388],[0.320091,-0.787859,0.526136]],[[0.490165,0.61297,0.619682],[-0.871621,0.341598,0.35155],[0.00380744,-0.712445,0.701717]]],"btipPosition":[23.2932,226.785,-21.8034],"carpPosition":[63.085,150.393,22.2854],"dipPosition":[23.3768,211.142,-6.39584],"direction":[-0.320091,0.787859,-0.526136],"extended":false,"handId":353,"id":3530,"length":48.8949,"mcpPosition":[63.085,150.393,22.2854],"pipPosition":[33.6159,185.939,10.4342],"stabilizedTipPosition":[23.5074,219.556,-15.8352],"timeVisible":0.11052,"tipPosition":[23.0874,223.902,-17.7231],"tipVelocity":[-20.9886,286.311,-112.975],"tool":false,"touchDistance":0.858439,"touchZone":"hovering","type":0,"width":19.7032},{"bases":[[[0.891882,-0.14665,-0.427831],[0.448196,0.413236,0.792689],[0.0605475,-0.898738,0.434286]],[[0.878772,-0.0410386,-0.475474],[0.438065,0.464682,0.769525],[0.189364,-0.884526,0.426327]],[[0.878772,-0.0410386,-0.475474],[0.351816,0.728894,0.587315],[0.322468,-0.683396,0.654969]],[[0.878772,-0.0410386,-0.475474],[0.231187,0.9082,0.348892],[0.417508,-0.41652,0.807588]]],"btipPosition":[68.2555,287.012,-47.9273],"carpPosition":[95.5145,171.11,27.1008],"dipPosition":[75.5741,279.711,-33.771],"direction":[-0.322468,0.683396,-0.654969],"extended":true,"handId":353,"id":3533,"length":60.446,"mcpPosition":[91.8926,224.872,1.12215],"pipPosition":[83.9549,261.949,-16.7486],"stabilizedTipPosition":[71.3225,284.622,-43.46],"timeVisible":0.11052,"tipPosition":[74.0443,290.32,-41.4612],"tipVelocity":[-234.391,3.96037,-204.099],"tool":false,"touchDistance":0.618159,"touchZone":"hovering","type":3,"width":17.5889},{"bases":[[[0.806499,-0.315933,-0.499746],[0.585037,0.304361,0.751729],[-0.0853926,-0.898639,0.430299]],[[0.807044,-0.126969,-0.576679],[0.579929,0.354315,0.733582],[0.111184,-0.926466,0.359581]],[[0.807044,-0.126969,-0.576679],[0.516189,0.625961,0.58457],[0.286756,-0.769449,0.570718]],[[0.807044,-0.126969,-0.576679],[0.445045,0.77265,0.45271],[0.388091,-0.622005,0.68007]]],"btipPosition":[94.2514,272.182,-39.4248],"carpPosition":[104.749,167.509,17.8014],"dipPosition":[100.527,262.124,-28.4271],"direction":[-0.286756,0.769449,-0.570718],"extended":true,"handId":353,"id":3534,"length":47.3885,"mcpPosition":[109.478,217.27,-6.02598],"pipPosition":[105.789,248.004,-17.9546],"stabilizedTipPosition":[96.209,268.954,-36.7196],"timeVisible":0.11052,"tipPosition":[100.554,272.146,-35.7671],"tipVelocity":[-197.755,228.854,-62.8491],"tool":false,"touchDistance":0.682211,"touchZone":"hovering","type":4,"width":15.6239},{"bases":[[[0.916836,0.215905,-0.335852],[0.219202,0.430874,0.875384],[0.33371,-0.876203,0.347714]],[[0.974028,-0.148815,-0.170654],[0.217382,0.40371,0.888686],[-0.0633552,-0.902703,0.425575]],[[0.974028,-0.148815,-0.170654],[0.224613,0.539847,0.811242],[-0.0285981,-0.828504,0.559252]],[[0.974028,-0.148815,-0.170654],[0.224613,0.539847,0.811242],[-0.0285981,-0.828504,0.559252]]],"btipPosition":[54.1946,296.114,-28.8209],"carpPosition":[73.9794,166.102,34.4083],"dipPosition":[53.7362,282.834,-19.8563],"direction":[0.0285981,0.828504,-0.559252],"extended":true,"handId":353,"id":3531,"length":55.1725,"mcpPosition":[50.534,227.661,9.97901],"pipPosition":[53.0877,264.046,-7.17454],"stabilizedTipPosition":[52.2227,291.088,-27.3108],"timeVisible":0.11052,"tipPosition":[45.1193,291.923,-26.5428],"tipVelocity":[495.5,490.658,163.813],"tool":false,"touchDistance":0.862034,"touchZone":"hovering","type":1,"width":18.8205},{"bases":[[[0.9026,0.0189034,-0.430065],[0.378321,0.441831,0.813424],[0.205393,-0.896899,0.391645]],[[0.878145,0.106653,-0.466354],[0.315243,0.604241,0.731789],[0.359838,-0.789632,0.496989]],[[0.878145,0.106653,-0.466354],[0.315243,0.604241,0.731789],[0.359838,-0.789632,0.496989]],[[0.878145,0.106653,-0.466354],[0.299111,0.638386,0.709222],[0.373355,-0.762291,0.528695]]],"btipPosition":[38.6738,299.778,-39.4194],"carpPosition":[84.8129,169.807,31.729],"dipPosition":[45.2562,286.338,-30.0983],"direction":[-0.359838,0.789632,-0.496989],"extended":true,"handId":353,"id":3532,"length":62.8646,"mcpPosition":[71.1284,229.564,5.63511],"pipPosition":[54.8562,265.272,-16.8392],"stabilizedTipPosition":[41.9366,292.978,-38.3056],"timeVisible":0.11052,"tipPosition":[45.6888,298.865,-37.282],"tipVelocity":[-189.342,440.552,266.036],"tool":false,"touchDistance":0.751027,"touchZone":"hovering","type":2,"width":18.4842}],"r":[[0.931558,-0.192623,0.308377],[0.304214,0.877429,-0.370907],[-0.199134,0.439334,0.875975]],"s":0.897245,"t":[3.64703,35.3652,-23.7289],"timestamp":261346527144},{"currentFrameRate":32.2723,"devices":[],"gestures":[],"hands":[{"armBasis":[[0.93289,0.0467377,-0.357115],[0.142549,0.862661,0.48528],[0.33075,-0.503619,0.798105]],"armWidth":61.649,"confidence":0.595598,"direction":[-0.0821044,0.984178,-0.157013],"elbow":[182.19,17.2198,233.518],"grabAngle":0.631277,"grabStrength":0,"id":353,"palmNormal":[-0.316116,-0.175127,-0.932417],"palmPosition":[79.7995,213.811,7.30793],"palmVelocity":[186.516,413.624,-5.35684],"palmWidth":86.8926,"pinchDistance":51.2252,"pinchStrength":0,"r":[[0.909947,-0.222931,0.349711],[0.354042,0.856719,-0.375083],[-0.215986,0.465118,0.858496]],"s":0.906932,"sphereCenter":[62.4689,217.228,-89.3725],"sphereRadius":102.048,"stabilizedPalmPosition":[78.8928,211.329,7.71971],"t":[5.8403,42.841,-25.8523],"timeVisible":0.130276,"type":"right","wrist":[96.9086,147.074,27.7336]}],"id":210069,"interactionBox":{"center":[0,200,0],"size":[235.247,235.247,147.751]},"pointables":[{"bases":[[[0.647052,0.359516,0.672363],[-0.587246,-0.327437,0.740221],[0.486278,-0.873804,-0.000743852]],[[0.507412,0.563582,0.65185],[-0.618891,-0.288012,0.730769],[0.599589,-0.774225,0.202655]],[[0.507412,0.563582,0.65185],[-0.78621,-0.00684755,0.617921],[0.352713,-0.826032,0.43962]],[[0.507412,0.563582,0.65185],[-0.85921,0.2734,0.432447],[0.0655037,-0.779505,0.622962]]],"btipPosition":[22.1914,238.668,-20.7616],"carpPosition":[63.4946,158.222,16.6398],"dipPosition":[23.6297,221.552,-7.08326],"direction":[-0.352713,0.826032,-0.43962],"extended":false,"handId":353,"id":3530,"length":48.8949,"mcpPosition":[63.4946,158.222,16.6398],"pipPosition":[34.9123,195.129,6.97932],"stabilizedTipPosition":[22.7652,230.989,-17.1765],"timeVisible":0.130276,"tipPosition":[25.7616,237.013,-14.8931],"tipVelocity":[-39.996,584.353,32.6023],"tool":false,"touchDistance":0.81559,"touchZone":"hovering","type":0,"width":19.7032},{"bases":[[[0.865087,-0.15601,-0.476745],[0.501458,0.293235,0.813973],[0.0128105,-0.943225,0.331906]],[[0.859041,-0.0568595,-0.508739],[0.495228,0.343923,0.797788],[0.129605,-0.937275,0.323602]],[[0.859041,-0.0568595,-0.508739],[0.394061,0.707798,0.586292],[0.326748,-0.704123,0.630434]],[[0.859041,-0.0568595,-0.508739],[0.221634,0.937148,0.269503],[0.46144,-0.344268,0.817651]]],"btipPosition":[74.6346,296.18,-41.7828],"carpPosition":[97.4144,176.134,22.3538],"dipPosition":[82.7232,290.146,-27.4501],"direction":[-0.326748,0.704123,-0.630434],"extended":true,"handId":353,"id":3533,"length":60.446,"mcpPosition":[96.6481,232.557,2.49938],"pipPosition":[91.2153,271.846,-11.0653],"stabilizedTipPosition":[75.0206,291.894,-39.904],"timeVisible":0.130276,"tipPosition":[80.462,300.994,-33.783],"tipVelocity":[331.86,478.834,313.074],"tool":false,"touchDistance":0.682453,"touchZone":"hovering","type":3,"width":17.5889},{"bases":[[[0.765928,-0.310421,-0.563021],[0.629055,0.180909,0.756017],[-0.132829,-0.933226,0.333835]],[[0.777276,-0.160755,-0.608276],[0.629148,0.204561,0.749885],[0.00388218,-0.965563,0.260139]],[[0.777276,-0.160755,-0.608276],[0.605488,0.453834,0.653773],[0.170959,-0.876466,0.450089]],[[0.777276,-0.160755,-0.608276],[0.35251,0.912078,0.209406],[0.521132,-0.37719,0.765604]]],"btipPosition":[101.73,278.881,-35.4],"carpPosition":[106.068,172.991,12.3554],"dipPosition":[110.157,272.782,-23.0192],"direction":[-0.170959,0.876466,-0.450089],"extended":true,"handId":353,"id":3534,"length":47.3885,"mcpPosition":[113.423,224.668,-6.13039],"pipPosition":[113.294,256.699,-14.7601],"stabilizedTipPosition":[102.748,276.427,-33.0665],"timeVisible":0.130276,"tipPosition":[106.451,281.647,-30.1439],"tipVelocity":[403.578,385.18,219.827],"tool":false,"touchDistance":0.712467,"touchZone":"hovering","type":4,"width":15.6239},{"bases":[[[0.917958,0.191784,-0.347235],[0.277071,0.31644,0.907247],[0.283875,-0.929024,0.23734]],[[0.94383,0.0872947,-0.318691],[0.272235,0.341201,0.899706],[0.187277,-0.935928,0.298271]],[[0.94383,0.0872947,-0.318691],[0.222166,0.546283,0.807599],[0.244595,-0.833039,0.496205]],[[0.94383,0.0872947,-0.318691],[0.18278,0.665553,0.723623],[0.275275,-0.741228,0.612214]]],"btipPosition":[38.3865,305.523,-19.8234],"carpPosition":[75.8381,171.756,29.9393],"dipPosition":[42.799,293.641,-10.01],"direction":[-0.244595,0.833039,-0.496205],"extended":true,"handId":353,"id":3531,"length":55.1725,"mcpPosition":[55.894,237.027,13.2645],"pipPosition":[48.3455,274.751,1.24216],"stabilizedTipPosition":[41.5634,300.817,-19.2095],"timeVisible":0.130276,"tipPosition":[43.9102,303.531,-17.0278],"tipVelocity":[-743.462,492.51,465.311],"tool":false,"touchDistance":0.947054,"touchZone":"hovering","type":1,"width":18.8205},{"bases":[[[0.887097,0.00773252,-0.461519],[0.434439,0.323834,0.840472],[0.155955,-0.946082,0.283913]],[[0.876154,0.0644269,-0.477707],[0.412942,0.410918,0.812789],[0.248664,-0.909393,0.333423]],[[0.876154,0.0644269,-0.477707],[0.412942,0.410918,0.812789],[0.248664,-0.909393,0.333423]],[[0.876154,0.0644269,-0.477707],[0.383782,0.506401,0.772185],[0.291661,-0.859888,0.418959]]],"btipPosition":[53.3952,318.604,-23.034],"carpPosition":[86.8068,175.024,27.2414],"dipPosition":[58.5373,303.443,-15.6476],"direction":[-0.248664,0.909393,-0.333423],"extended":true,"handId":353,"id":3532,"length":62.8646,"mcpPosition":[76.4162,238.058,8.32539],"pipPosition":[65.1713,279.182,-6.75232],"stabilizedTipPosition":[50.4758,307.933,-26.8421],"timeVisible":0.130276,"tipPosition":[54.4728,313.922,-24.0853],"tipVelocity":[728.396,932.88,806.862],"tool":false,"touchDistance":0.948363,"touchZone":"hovering","type":2,"width":18.4842}],"r":[[0.909947,-0.222931,0.349711],[0.354042,0.856719,-0.375083],[-0.215986,0.465118,0.858496]],"s":0.906932,"t":[5.8403,42.841,-25.8523],"timestamp":261346546900},{"currentFrameRate":34.0147,"devices":[],"gestures":[],"hands":[{"armBasis":[[0.940861,0.0149342,-0.338463],[0.166895,0.84897,0.501394],[0.294833,-0.52823,0.796271]],"armWidth":61.649,"confidence":0.658322,"direction":[-0.0114093,0.99619,-0.086461],"elbow":[171.003,11.6071,227.934],"grabAngle":0.833334,"grabStrength":0,"id":353,"palmNormal":[-0.293693,-0.0859914,-0.952024],"palmPosition":[82.6923,216.516,6.18883],"palmVelocity":[147.168,137.619,-56.934],"palmWidth":86.8926,"pinchDistance":62.6603,"pinchStrength":0,"r":[[0.884684,-0.263158,0.384814],[0.406851,0.838833,-0.361705],[-0.227609,0.476557,0.849169]],"s":0.93218,"sphereCenter":[75.4759,234.532,-72.8059],"sphereRadius":86.2746,"stabilizedPalmPosition":[82.0575,215.65,6.44459],"t":[8.38331,47.9315,-27.4736],"timeVisible":0.149932,"type":"right","wrist":[94.9832,147.807,22.6219]}],"id":210070,"interactionBox":{"center":[0,200,0],"size":[235.247,235.247,147.751]},"pointables":[{"bases":[[[0.645085,0.265455,0.716519],[-0.633451,-0.338627,0.695752],[0.427323,-0.902699,-0.0502902]],[[0.491205,0.518772,0.699709],[-0.665696,-0.294482,0.68566],[0.561753,-0.802593,0.200693]],[[0.491205,0.518772,0.699709],[-0.799597,-0.050065,0.598446],[0.345488,-0.853445,0.390217]],[[0.491205,0.518772,0.699709],[-0.868571,0.231226,0.438314],[0.065594,-0.823049,0.56417]]],"btipPosition":[23.1662,245.278,-23.5431],"carpPosition":[62.4366,161.647,10.8936],"dipPosition":[24.6065,227.206,-11.1557],"directi