{"frames":215,"data":[{"currentFrameRate":26.4948,"devices":[],"gestures":[],"hands":[],"id":211875,"interactionBox":{"center":[0,200,0],"size":[235.247,235.247,147.751]},"pointables":[],"r":[[-0.0794966,-0.728761,-0.680138],[0.446709,0.583909,-0.677865],[0.891141,-0.357712,0.279125]],"s":-5.62558,"t":[894.675,787.691,741.58],"timestamp":261414101408},{"currentFrameRate":26.4811,"devices":[],"gestures":[],"hands":[],"id":211876,"interactionBox":{"center":[0,200,0],"size":[235.247,235.247,147.751]},"pointables":[],"r":[[-0.0794966,-0.728761,-0.680138],[0.446709,0.583909,-0.677865],[0.891141,-0.357712,0.279125]],"s":-5.62558,"t":[894.675,787.691,741.58],"timestamp":261414139265},{"currentFrameRate":26.5021,"devices":[],"gestures":[],"hands":[],"id":211877,"interactionBox":{"center":[0,200,0],"size":[235.247,235.247,147.751]},"pointables":[],"r":[[-0.0794966,-0.728761,-0.680138],[0.446709,0.583909,-0.677865],[0.891141,-0.357712,0.279125]],"s":-5.62558,"t":[894.675,787.691,741.58],"timestamp":261414176854},{"currentFrameRate":26.4957,"devices":[],"gestures":[],"hands":[],"id":211878,"interactionBox":{"center":[0,200,0],"size":[235.247,235.247,147.751]},"pointables":[],"r":[[-0.0794966,-0.728761,-0.680138],[0.446709,0.583909,-0.677865],[0.891141,-0.357712,0.279125]],"s":-5.62558,"t":[894.675,787.691,741.58],"timestamp":261414214640},{"currentFrameRate":26.5011,"devices":[],"gestures":[],"hands":[],"id":211879,"interactionBox":{"center":[0,200,0],"size":[235.247,235.247,147.751]},"pointables":[],"r":[[-0.0794966,-0.728761,-0.680138],[0.446709,0.583909,-0.677865],[0.891141,-0.357712,0.279125]],"s":-5.62558,"t":[894.675,787.691,741.58],"timestamp":261414252337},{"currentFrameRate":26.498,"devices":[],"gestures":[],"hands":[{"armBasis":[[0.693215,-0.478686,-0.538806],[0.412166,0.876571,-0.248481],[0.591246,-0.0498266,0.804951]],"armWidth":60.8506,"confidence":0,"direction":[-0.360949,0.903789,-0.229961],"elbow":[219.346,150.435,341.287],"grabAngle":3.12274,"grabStrength":1,"id":355,"palmNormal":[-0.932028,-0.341073,0.122443],"palmPosition":[33.1151,221.94,116.849],"palmVelocity":[1.19209e-7,1.19209e-7,1.19209e-7],"palmWidth":86.8926,"pinchDistance":30.6286,"pinchStrength":0.553294,"r":[[1,1.11022e-17,-5.55112e-18],[-1.11022e-17,1,-1.11022e-17],[5.55112e-18,1.11022e-17,1]],"s":1,"sphereCenter":[-9.52271,223.364,125.108],"sphereRadius":34.8102,"stabilizedPalmPosition":[33.1151,221.94,116.849],"t":[0,0,0],"timeVisible":0,"type":"right","wrist":[66.8985,163.282,133.738]}],"id":211880,"interactionBox":{"center":[0,200,0],"size":[235.247,235.247,147.751]},"pointables":[{"bases":[[[0.75023,0.377393,-0.54289],[0.58362,0.00787574,0.811989],[0.310715,-0.92602,-0.214345]],[[0.665137,0.568978,-0.483588],[0.403192,0.271441,0.873931],[0.628513,-0.776262,-0.0488622]],[[0.665137,0.568978,-0.483588],[0.570923,0.0299166,0.820458],[0.48129,-0.821808,-0.304944]],[[0.665137,0.568978,-0.483588],[0.451485,0.209401,0.867359],[0.594772,-0.795245,-0.117605]]],"btipPosition":[-11.1416,256.962,164.359],"carpPosition":[47.7834,175.426,149.473],"dipPosition":[2.15137,239.188,161.731],"direction":[-0.48129,0.821808,0.304944],"extended":true,"handId":355,"id":3550,"length":49.7695,"mcpPosition":[47.7834,175.426,149.473],"pipPosition":[17.8223,212.43,151.802],"stabilizedTipPosition":[-8.08423,252.874,163.755],"timeVisible":0,"tipPosition":[-8.08423,252.874,163.755],"tipVelocity":[1.19209e-7,1.19209e-7,1.19209e-7],"tool":false,"touchDistance":1,"touchZone":"none","type":0,"width":19.3381},{"bases":[[[-0.0923757,-0.103108,-0.990371],[0.869736,0.475903,-0.13067],[0.484794,-0.873433,0.0457146]],[[0.0343918,-0.322576,-0.945919],[-0.0107649,0.946304,-0.323099],[0.99935,0.0212947,0.0290726]],[[0.0343918,-0.322576,-0.945919],[-0.94937,0.28519,-0.131772],[0.312273,0.902558,-0.296436]],[[0.0343918,-0.322576,-0.945919],[-0.844444,-0.515608,0.14513],[-0.534539,0.793784,-0.29013]]],"btipPosition":[-12.297,215.745,144.572],"carpPosition":[61.2504,189.039,137.4],"dipPosition":[-21.0186,228.697,139.838],"direction":[-0.312273,-0.902558,0.296436],"extended":false,"handId":355,"id":3551,"length":56.1593,"mcpPosition":[27.1903,250.403,134.188],"pipPosition":[-13.8108,249.53,132.996],"stabilizedTipPosition":[-14.303,218.724,143.483],"timeVisible":0,"tipPosition":[-14.303,218.724,143.483],"tipVelocity":[1.19209e-7,1.19209e-7,1.19209e-7],"tool":false,"touchDistance":1,"touchZone":"none","type":1,"width":18.4718},{"bases":[[[-0.172935,-0.299773,-0.938206],[0.852031,0.432329,-0.295188],[0.494103,-0.850428,0.180651]],[[-0.142996,-0.350228,-0.925685],[-0.0578687,0.936655,-0.34544],[0.98803,0.00417181,-0.154205]],[[-0.142996,-0.350228,-0.925685],[-0.981049,0.173716,0.0858234],[0.130749,0.920414,-0.368432]],[[-0.142996,-0.350228,-0.925685],[-0.773872,-0.543493,0.325172],[-0.616988,0.76286,-0.193315]]],"btipPosition":[-9.56041,206.888,134.178],"carpPosition":[61.317,189.104,125.642],"dipPosition":[-20.6327,220.579,130.709],"direction":[-0.130749,-0.920414,0.368432],"extended":false,"handId":355,"id":3552,"length":63.9891,"mcpPosition":[28.3968,245.765,113.606],"pipPosition":[-17.0821,245.573,120.704],"stabilizedTipPosition":[-12.107,210.037,133.38],"timeVisible":0,"tipPosition":[-12.107,210.037,133.38],"tipVelocity":[1.19209e-7,1.19209e-7,1.19209e-7],"tool":false,"touchDistance":1,"touchZone":"none","type":2,"width":18.1417},{"bases":[[[-0.162073,-0.453385,-0.876455],[0.852815,0.382477,-0.355555],[0.496427,-0.80508,0.324664]],[[-0.19155,-0.404293,-0.894346],[-0.0250049,0.912934,-0.407341],[0.981164,-0.0556629,-0.184981]],[[-0.19155,-0.404293,-0.894346],[-0.950698,0.302857,0.0667109],[0.243889,0.863032,-0.442373]],[[-0.19155,-0.404293,-0.894346],[-0.877268,-0.338092,0.340728],[-0.440125,0.849848,-0.289912]]],"btipPosition":[-10.5152,199.182,119.641],"carpPosition":[59.6435,186.643,114.293],"dipPosition":[-18.3682,214.346,114.468],"direction":[-0.243889,-0.863032,0.442373],"extended":false,"handId":355,"id":3553,"length":61.5272,"mcpPosition":[29.9477,234.802,94.8723],"pipPosition":[-11.9163,237.177,102.765],"stabilizedTipPosition":[-12.3214,202.67,118.451],"timeVisible":0,"tipPosition":[-12.3214,202.67,118.451],"tipVelocity":[1.19209e-7,1.19209e-7,1.19209e-7],"tool":false,"touchDistance":0.807514,"touchZone":"none","type":3,"width":17.263},{"bases":[[[-0.242195,-0.600439,-0.762112],[0.85771,0.234663,-0.457458],[0.453515,-0.764465,0.458168]],[[-0.314661,-0.464067,-0.828028],[0.0275398,0.867508,-0.49666],[0.948804,-0.179083,-0.260191]],[[-0.314661,-0.464067,-0.828028],[-0.809106,0.587263,-0.0216601],[0.496322,0.663147,-0.560269]],[[-0.314661,-0.464067,-0.828028],[-0.923875,-0.0504437,0.379356],[-0.217815,0.884363,-0.412867]]],"btipPosition":[-9.40442,200.69,105.401],"carpPosition":[53.4317,179.255,104.725],"dipPosition":[-12.9898,215.248,98.6045],"direction":[-0.496322,-0.663147,0.560269],"extended":false,"handId":355,"id":3554,"length":48.2362,"mcpPosition":[28.3187,221.587,79.3539],"pipPosition":[-3.71946,227.634,88.1398],"stabilizedTipPosition":[-10.2291,204.039,103.837],"timeVisible":0,"tipPosition":[-10.2291,204.039,103.837],"tipVelocity":[1.19209e-7,1.19209e-7,1.19209e-7],"tool":false,"touchDistance":0.563958,"touchZone":"none","type":4,"width":15.3344}],"r":[[1,1.11022e-17,-5.55112e-18],[-1.11022e-17,1,-1.11022e-17],[5.55112e-18,1.11022e-17,1]],"s":1,"t":[0,0,0],"timestamp":261414290097},{"currentFrameRate":26.5023,"devices":[],"gestures":[],"hands":[{"armBasis":[[0.577367,0.370109,-0.727782],[-0.34587,0.9183,0.192609],[0.739609,0.140512,0.658206]],"armWidth":61.649,"confidence":0.196049,"direction":[-0.316721,0.929822,0.187399],"elbow":[244.929,214.513,270.301],"grabAngle":3.14159,"grabStrength":1,"id":355,"palmNormal":[-0.922543,-0.347895,0.166982],"palmPosition":[20.1319,235.552,111.052],"palmVelocity":[-344.355,361.02,-153.751],"palmWidth":86.8926,"pinchDistance":8.76909,"pinchStrength":1,"r":[[0.999253,-0.00305674,-0.0385309],[0.00589738,0.997254,0.0738271],[0.0381994,-0.0739992,0.996526]],"s":0.978143,"sphereCenter":[-15.8853,235.328,127.605],"sphereRadius":32.2968,"stabilizedPalmPosition":[21.8085,233.794,111.8],"t":[-6.4916,6.80578,-2.89843],"timeVisible":0.037703,"type":"right","wrist":[54.2275,178.283,100.588]}],"id":211881,"interactionBox":{"center":[0,200,0],"size":[235.247,235.247,147.751]},"pointables":[{"bases":[[[0.674633,0.540892,-0.502301],[0.713603,-0.303866,0.631218],[0.188788,-0.784284,-0.59098]],[[0.624197,0.684847,-0.375983],[0.47772,0.046224,0.877295],[0.618192,-0.727219,-0.298312]],[[0.624197,0.684847,-0.375983],[0.637791,-0.168732,0.7515],[0.451222,-0.708882,-0.542111]],[[0.624197,0.684847,-0.375983],[-0.336253,0.669889,0.661954],[0.705204,-0.286764,0.648425]]],"btipPosition":[-23.1992,243.657,138.439],"carpPosition":[36.1878,180.018,121.115],"dipPosition":[-7.71503,237.36,152.677],"direction":[-0.451222,0.708882,0.542111],"extended":true,"handId":355,"id":3550,"length":48.8949,"mcpPosition":[36.1878,180.018,121.115],"pipPosition":[6.71869,214.684,135.336],"stabilizedTipPosition":[-12.1802,249.093,155.941],"timeVisible":0.037703,"tipPosition":[-17.8732,243.121,147.18],"tipVelocity":[-306.437,-282.882,-584.591],"tool":false,"touchDistance":1,"touchZone":"none","type":0,"width":19.7032},{"bases":[[[-0.270507,0.274412,-0.92278],[0.871512,0.47703,-0.113621],[0.409014,-0.83495,-0.368193]],[[-0.14373,0.0269648,-0.989249],[0.168265,0.985739,0.00242158],[0.975207,-0.166108,-0.146218]],[[-0.14373,0.0269648,-0.989249],[-0.900379,0.411272,0.142029],[0.410681,0.911114,-0.0348338]],[[-0.14373,0.0269648,-0.989249],[-0.901418,-0.416094,0.119627],[-0.408395,0.908922,0.0841119]]],"btipPosition":[-22.33,227.066,143.66],"carpPosition":[48.4798,196.94,112.456],"dipPosition":[-28.8764,241.635,145.008],"direction":[-0.410681,-0.911114,0.0348338],"extended":false,"handId":355,"id":3551,"length":55.1725,"mcpPosition":[19.7438,255.601,138.325],"pipPosition":[-19.5636,262.296,144.218],"stabilizedTipPosition":[-21.4832,227.531,143.85],"timeVisible":0.037703,"tipPosition":[-22.7193,225.959,143.534],"tipVelocity":[-252.837,310.121,12.9141],"tool":false,"touchDistance":1,"touchZone":"none","type":1,"width":18.8205},{"bases":[[[-0.357342,0.073715,-0.93106],[0.822001,0.498108,-0.276049],[0.443419,-0.863976,-0.238589]],[[-0.33011,0.0217749,-0.943691],[-0.00287914,0.999706,0.0240745],[0.943938,0.0106643,-0.32995]],[[-0.33011,0.0217749,-0.943691],[-0.94394,-0.00986817,0.329969],[-0.00212746,0.999714,0.0238118]],[[-0.33011,0.0217749,-0.943691],[-0.783791,-0.563435,0.261175],[-0.526021,0.825874,0.203062]]],"btipPosition":[-16.3786,217.227,128.346],"carpPosition":[46.5198,201.377,101.745],"dipPosition":[-25.6526,231.787,131.927],"direction":[0.00212746,-0.999714,-0.0238118],"extended":false,"handId":355,"id":3552,"length":62.8646,"mcpPosition":[16.9765,258.941,117.641],"pipPosition":[-25.7093,258.458,132.562],"stabilizedTipPosition":[-15.4933,215.609,131.154],"timeVisible":0.037703,"tipPosition":[-21.4481,219.418,130.17],"tipVelocity":[-169.869,279.514,-111.665],"tool":false,"touchDistance":0.986164,"touchZone":"none","type":2,"width":18.4842},{"bases":[[[-0.349137,-0.0919903,-0.932546],[0.808086,0.474306,-0.349328],[0.474447,-0.875541,-0.0912616]],[[-0.368448,-0.0557251,-0.927977],[-0.341757,0.936423,0.0794602],[0.864551,0.346419,-0.364068]],[[-0.368448,-0.0557251,-0.927977],[-0.864823,-0.345673,0.364131],[-0.341068,0.936699,0.0791703]],[[-0.368448,-0.0557251,-0.927977],[-0.407969,-0.887256,0.215262],[-0.835349,0.457899,0.304173]]],"btipPosition":[1.59349,208.825,104.156],"carpPosition":[42.7075,203.343,90.8249],"dipPosition":[-13.0494,216.851,109.487],"direction":[0.341068,-0.936699,-0.0791703],"extended":false,"handId":355,"id":3553,"length":60.446,"mcpPosition":[14.3265,255.717,96.2841],"pipPosition":[-21.9137,241.196,111.545],"stabilizedTipPosition":[-8.60068,205.493,113.84],"timeVisible":0.037703,"tipPosition":[-7.39723,212.33,107.456],"tipVelocity":[279.741,212.209,-346.628],"tool":false,"touchDistance":0.589698,"touchZone":"hovering","type":3,"width":17.5889},{"bases":[[[-0.420566,-0.269802,-0.866216],[0.782666,0.374996,-0.496802],[0.458866,-0.886896,0.0534544]],[[-0.475291,-0.155313,-0.866012],[-0.297906,0.954564,-0.00769522],[0.827859,0.254333,-0.499965]],[[-0.475291,-0.155313,-0.866012],[-0.8581,0.299228,0.417285],[0.194325,0.941456,-0.275495]],[[-0.475291,-0.155313,-0.866012],[-0.761969,-0.419456,0.493416],[-0.439888,0.89439,0.0810203]]],"btipPosition":[-14.9961,209.079,97.9836],"carpPosition":[34.3284,200.144,80.6129],"dipPosition":[-22.1097,223.542,99.2938],"direction":[-0.194325,-0.941456,0.275495],"extended":false,"handId":355,"id":3554,"length":47.3885,"mcpPosition":[8.91914,249.255,77.653],"pipPosition":[-18.5439,240.818,94.2386],"stabilizedTipPosition":[-12.5389,207.057,101.835],"timeVisible":0.037703,"tipPosition":[-20.4408,217.209,99.3763],"tipVelocity":[-169.833,221.918,-147.269],"tool":false,"touchDistance":0.471416,"touchZone":"none","type":4,"width":15.6239}],"r":[[0.999253,-0.00305674,-0.0385309],[0.00589738,0.997254,0.0738271],[0.0381994,-0.0739992,0.996526]],"s":0.978143,"t":[-6.4916,6.80578,-2.89843],"timestamp":261414327800},{"currentFrameRate":26.458,"devices":[],"gestures":[],"hands":[{"armBasis":[[0.666727,0.435265,-0.604995],[-0.368127,0.898139,0.240478],[0.648041,0.0623815,0.759046]],"armWidth":61.649,"confidence":0.379377,"direction":[-0.304524,0.914552,0.266196],"elbow":[212.247,204.59,287.991],"grabAngle":3.14159,"grabStrength":1,"id":355,"palmNormal":[-0.912946,-0.200542,-0.355405],"palmPosition":[9.36403,245.115,103.64],"palmVelocity":[-282.621,251.007,-194.538],"palmWidth":86.8926,"pinchDistance":12.8482,"pinchStrength":0.834612,"r":[[0.999057,-0.0384877,0.0201025],[0.0340782,0.981902,0.186299],[-0.026909,-0.185438,0.982287]],"s":1.00413,"sphereCenter":[-28.8978,248.85,98.1641],"sphereRadius":32.4799,"stabilizedPalmPosition":[10.1095,244.437,104.129],"t":[-15.1213,14.9903,-8.0536],"timeVisible":0.075803,"type":"right","wrist":[45.1555,188.506,92.2777]}],"id":211882,"interactionBox":{"center":[0,200,0],"size":[235.247,235.247,147.751]},"pointables":[{"bases":[[[0.866453,0.499172,0.00927686],[0.308502,-0.549917,0.776156],[0.392537,-0.669641,-0.630473]],[[0.763506,0.629823,0.142764],[0.0431039,-0.270271,0.961819],[0.64436,-0.728201,-0.233501]],[[0.763506,0.629823,0.142764],[0.2316,-0.473398,0.849856],[0.602843,-0.615807,-0.507309]],[[0.763506,0.629823,0.142764],[-0.223281,0.0500144,0.97347],[0.605973,-0.775127,0.178814]]],"btipPosition":[-48.3102,258.149,128.147],"carpPosition":[14.9954,186.718,104.714],"dipPosition":[-35.0049,241.13,132.073],"direction":[-0.602843,0.615807,0.507309],"extended":true,"handId":355,"id":3550,"length":48.8949,"mcpPosition":[14.9954,186.718,104.714],"pipPosition":[-15.7211,221.431,115.845],"stabilizedTipPosition":[-37.8209,253.08,135.091],"timeVisible":0.075803,"tipPosition":[-43.4338,253.369,125.465],"tipVelocity":[-672.235,315.655,-332.395],"tool":false,"touchDistance":0.98416,"touchZone":"none","type":0,"width":19.7032},{"bases":[[[0.216666,0.49982,-0.838591],[0.851547,0.323314,0.412717],[0.477413,-0.803522,-0.355569]],[[0.329394,0.282504,-0.900939],[0.0295939,0.950632,0.308906],[0.943729,-0.128414,0.304772]],[[0.329394,0.282504,-0.900939],[-0.943705,0.129171,-0.304526],[0.0303454,0.950529,0.309149]],[[0.329394,0.282504,-0.900939],[-0.688926,-0.580589,-0.433933],[-0.645663,0.763615,0.00338203]]],"btipPosition":[-30.8954,230.348,112.802],"carpPosition":[31.0232,202.514,107.169],"dipPosition":[-41.245,242.588,112.856],"direction":[-0.0303454,-0.950529,-0.309149],"extended":false,"handId":355,"id":3551,"length":55.1725,"mcpPosition":[-2.51824,258.967,132.151],"pipPosition":[-40.5569,264.142,119.866],"stabilizedTipPosition":[-25.7315,229.56,132.669],"timeVisible":0.075803,"tipPosition":[-37.8927,234.823,111.665],"tipVelocity":[-247.772,72.0805,-817.737],"tool":false,"touchDistance":0.713567,"touchZone":"hovering","type":1,"width":18.8205},{"bases":[[[0.13081,0.324177,-0.936909],[0.886193,0.385441,0.257094],[0.444467,-0.863913,-0.236863]],[[0.10779,0.368157,-0.923494],[-0.200159,0.917922,0.342573],[0.973816,0.147919,0.172632]],[[0.10779,0.368157,-0.923494],[-0.973975,-0.147188,-0.17236],[-0.199383,0.918039,0.34271]],[[0.10779,0.368157,-0.923494],[-0.973975,-0.147188,-0.17236],[-0.199383,0.918039,0.34271]]],"btipPosition":[-30.1564,219.498,91.0751],"carpPosition":[34.6592,209.305,98.2856],"dipPosition":[-33.6716,235.684,97.1173],"direction":[0.199383,-0.918039,-0.34271],"extended":false,"handId":355,"id":3552,"length":62.8646,"mcpPosition":[5.04609,266.865,114.067],"pipPosition":[-38.9909,260.176,106.26],"stabilizedTipPosition":[-20.6793,218.161,118.186],"timeVisible":0.075803,"tipPosition":[-33.9127,227.916,94.7861],"tipVelocity":[-326.857,69.4249,-963.387],"tool":false,"touchDistance":0.374414,"touchZone":"hovering","type":2,"width":18.4842},{"bases":[[[0.127612,0.163527,-0.978251],[0.906991,0.379881,0.181818],[0.40135,-0.910467,-0.0998399]],[[0.103316,0.217828,-0.970503],[-0.230814,0.954341,0.189628],[0.967497,0.204414,0.148876]],[[0.103316,0.217828,-0.970503],[-0.967681,-0.203654,-0.148725],[-0.230043,0.954503,0.189747]],[[0.103316,0.217828,-0.970503],[-0.610468,-0.756447,-0.234771],[-0.785274,0.616717,0.0548239]]],"btipPosition":[-8.21988,224.375,81.5938],"carpPosition":[36.6001,214.098,87.7545],"dipPosition":[-21.985,235.186,82.5548],"direction":[0.230043,-0.954503,-0.189747],"extended":false,"handId":355,"id":3553,"length":60.446,"mcpPosition":[12.5916,268.562,93.7268],"pipPosition":[-27.9638,259.993,87.4863],"stabilizedTipPosition":[-10.0122,216.322,97.6098],"timeVisible":0.075803,"tipPosition":[-14.1588,228.245,82.2136],"tipVelocity":[-252.27,424.956,-618.558],"tool":false,"touchDistance":0.196914,"touchZone":"hovering","type":3,"width":17.5889},{"bases":[[[0.021579,-0.00797935,-0.999735],[0.947669,0.31875,0.0179111],[0.318523,-0.947805,0.0144401]],[[-0.0238582,0.126655,-0.99166],[-0.0661917,0.989565,0.12798],[0.997522,0.068693,-0.0152258]],[[-0.0238582,0.126655,-0.99166],[-0.967185,0.248059,0.0549516],[0.25295,0.96043,0.116581]],[[-0.0238582,0.126655,-0.99166],[-0.716272,-0.694156,-0.0714252],[-0.697413,0.708594,0.107281]]],"btipPosition":[-10.2457,235.732,70.2861],"carpPosition":[33.847,214.61,74.4547],"dipPosition":[-21.5238,247.191,72.0209],"direction":[-0.25295,-0.96043,-0.116581],"extended":false,"handId":355,"id":3554,"length":47.3885,"mcpPosition":[16.2091,267.094,73.6551],"pipPosition":[-16.8822,264.815,74.1602],"stabilizedTipPosition":[-12.7533,229.377,79.6292],"timeVisible":0.075803,"tipPosition":[-18.2702,237.683,70.8074],"tipVelocity":[99.5424,681.42,-724.407],"tool":false,"touchDistance":0.0114181,"touchZone":"hovering","type":4,"width":15.6239}],"r":[[0.999057,-0.0384877,0.0201025],[0.0340782,0.981902,0.186299],[-0.026909,-0.185438,0.982287]],"s":1.00413,"t":[-15.1213,14.9903,-8.0536],"timestamp":261414365900},{"currentFrameRate":29.7565,"devices":[],"gestures":[],"hands":[{"armBasis":[[-0.351992,-0.890734,0.287565],[0.700662,-0.454456,-0.550038],[0.620624,0.00787718,0.784069]],"armWidth":61.649,"confidence":0.432763,"direction":[-0.793581,0.575425,-0.197775],"elbow":[209.103,199.14,306.748],"grabAngle":3.14159,"grabStrength":1,"id":355,"palmNormal":[-0.195914,0.0660863,0.978392],"palmPosition":[-4.54981,239.448,87.6865],"palmVelocity":[-1146.02,-466.8,-1314],"palmWidth":86.8926,"pinchDistance":3.06745,"pinchStrength":0.816683,"r":[[0.976374,-0.179564,-0.120211],[0.196333,0.969547,0.146398],[0.0902627,-0.166541,0.981894]],"s":0.978304,"sphereCenter":[-26.3255,243.99,122.673],"sphereRadius":33.8105,"stabilizedPalmPosition":[2.6325,241.892,95.7423],"t":[-26.3931,16.2489,-18.6078],"timeVisible":0.087944,"type":"right","wrist":[49.0808,197.109,104.583]}],"id":211883,"interactionBox":{"center":[0,200,0],"size":[235.247,235.247,147.751]},"pointables":[{"bases":[[[-0.211428,-0.274851,-0.937952],[0.860933,0.401929,-0.311846],[0.462702,-0.873447,0.151649]],[[-0.306244,-0.0800059,-0.948585],[0.691376,0.666283,-0.279402],[0.65438,-0.741394,-0.148731]],[[-0.306244,-0.0800059,-0.948585],[0.45052,0.865626,-0.218456],[0.838598,-0.494257,-0.229048]],[[-0.306244,-0.0800059,-0.948585],[0.185978,0.972233,-0.142042],[0.93361,-0.219916,-0.282861]]],"btipPosition":[-29.2742,280.543,126.416],"carpPosition":[49.2442,224.561,105.789],"dipPosition":[-8.77502,275.714,120.205],"direction":[-0.838598,0.494257,0.229048],"extended":false,"handId":355,"id":3550,"length":48.8949,"mcpPosition":[49.2442,224.561,105.789],"pipPosition":[18.0501,259.904,112.879],"stabilizedTipPosition":[-31.7429,265.157,130.46],"timeVisible":0.087944,"tipPosition":[-20.794,282.042,123.187],"tipVelocity":[1704.19,2075.38,-334.56],"tool":false,"touchDistance":0.916462,"touchZone":"none","type":0,"width":19.7032},{"bases":[[[-0.701127,-0.706992,-0.09264],[0.0920453,0.0390954,-0.994987],[0.70707,-0.70614,0.0376645]],[[-0.509424,-0.856715,-0.0807886],[-0.740588,0.484298,-0.465816],[0.438197,-0.177466,-0.881186]],[[-0.509424,-0.856715,-0.0807886],[-0.493552,0.213985,0.842981],[-0.704907,0.469308,-0.531843]],[[-0.509424,-0.856715,-0.0807886],[-0.0774491,-0.0478557,0.995847],[-0.857023,0.513565,-0.0419729]]],"btipPosition":[2.73997,260.819,130.639],"carpPosition":[40.3563,222.929,85.034],"dipPosition":[-10.9977,269.051,129.966],"direction":[0.704907,-0.469308,0.531843],"extended":false,"handId":355,"id":3551,"length":55.1725,"mcpPosition":[-9.32009,272.54,82.3878],"pipPosition":[-26.9824,279.693,117.906],"stabilizedTipPosition":[-19.1244,238.214,132.099],"timeVisible":0.087944,"tipPosition":[-3.67617,264.834,129.504],"tipVelocity":[2706.21,2433.83,1455.39],"tool":false,"touchDistance":1,"touchZone":"none","type":1,"width":18.8205},{"bases":[[[-0.604503,-0.792131,0.0842878],[-0.0123125,-0.0965056,-0.995256],[0.796508,-0.602673,0.0485848]],[[-0.555654,-0.826844,0.0870495],[-0.796442,0.499309,-0.341132],[0.238599,-0.258881,-0.935976]],[[-0.555654,-0.826844,0.0870495],[-0.344234,0.3241,0.881171],[-0.756804,0.45966,-0.464716]],[[-0.555654,-0.826844,0.0870495],[0.217236,-0.0433223,0.975157],[-0.802532,0.56076,0.203692]]],"btipPosition":[2.43393,244.877,130.213],"carpPosition":[31.9524,215.166,82.3177],"dipPosition":[-11.715,254.763,133.804],"direction":[0.756804,-0.45966,0.464716],"extended":false,"handId":355,"id":3552,"length":62.8646,"mcpPosition":[-21.1159,255.32,79.0807],"pipPosition":[-31.9056,267.026,121.406],"stabilizedTipPosition":[-17.0569,223.449,120.53],"timeVisible":0.087944,"tipPosition":[-3.15923,247.563,133.479],"tipVelocity":[2482.87,1971,3177.2],"tool":false,"touchDistance":1,"touchZone":"none","type":2,"width":18.4842},{"bases":[[[-0.478042,-0.862642,0.165304],[-0.0300729,-0.172016,-0.984635],[0.877822,-0.475668,0.0562887]],[[-0.424544,-0.889612,0.168382],[-0.884065,0.367164,-0.289169],[0.195425,-0.271626,-0.942353]],[[-0.424544,-0.889612,0.168382],[-0.317675,0.320509,0.892388],[-0.847847,0.325367,-0.418678]],[[-0.424544,-0.889612,0.168382],[0.296865,0.0389218,0.954126],[-0.855356,0.455055,0.24757]]],"btipPosition":[0.587121,229.714,125.084],"carpPosition":[24.2607,206.307,82.4079],"dipPosition":[-14.4065,237.691,129.423],"direction":[0.847847,-0.325367,0.418678],"extended":false,"handId":355,"id":3553,"length":60.446,"mcpPosition":[-28.25,234.761,79.0407],"pipPosition":[-36.4417,246.147,118.542],"stabilizedTipPosition":[-9.05031,218.371,101.44],"timeVisible":0.087944,"tipPosition":[-3.45414,229.251,123.354],"tipVelocity":[702.121,386.075,3646.08],"tool":false,"touchDistance":0.934698,"touchZone":"none","type":3,"width":17.5889},{"bases":[[[-0.361647,-0.871538,0.331111],[-0.0263873,-0.345438,-0.938071],[0.931942,-0.347987,0.101929]],[[-0.320898,-0.885806,0.335219],[-0.923436,0.213977,-0.318558],[0.210452,-0.411778,-0.886651]],[[-0.320898,-0.885806,0.335219],[-0.334112,0.437058,0.835075],[-0.886224,0.155974,-0.436209]],[[-0.320898,-0.885806,0.335219],[0.243005,0.265084,0.933102],[-0.915408,0.380891,0.130191]]],"btipPosition":[-9.42352,220.15,118.817],"carpPosition":[18.0979,196.242,89.149],"dipPosition":[-24.2269,226.31,120.922],"direction":[0.886224,-0.155974,0.436209],"extended":false,"handId":355,"id":3554,"length":47.3885,"mcpPosition":[-33.5075,215.512,83.5048],"pipPosition":[-40.489,229.172,112.918],"stabilizedTipPosition":[-12.7705,227.583,88.7404],"timeVisible":0.087944,"tipPosition":[-16.4209,222.014,124.023],"tipVelocity":[0.937991,-1383.8,4004.31],"tool":false,"touchDistance":0.821689,"touchZone":"none","type":4,"width":15.6239}],"r":[[0.976374,-0.179564,-0.120211],[0.196333,0.969547,0.146398],[0.0902627,-0.166541,0.981894]],"s":0.978304,"t":[-26.3931,16.2489,-18.6078],"timestamp":261414378041},{"currentFrameRate":32.8202,"devices":[],"gestures":[],"hands":[{"armBasis":[[-0.377919,-0.906851,0.186544],[0.721599,-0.414746,-0.554329],[0.580062,-0.0748809,0.811123]],"armWidth":61.649,"confidence":0.484305,"direction":[-0.905218,0.371906,-0.205588],"elbow":[199.673,187.679,311.339],"grabAngle":3.10144,"grabStrength":1,"id":355,"palmNormal":[-0.130251,0.217683,0.967289],"palmPosition":[-10.6848,238.601,83.1963],"palmVelocity":[-494.919,-68.3222,-362.228],"palmWidth":86.8926,"pinchDistance":8.8262,"pinchStrength":0.970583,"r":[[0.934739,-0.26096,-0.241171],[0.282141,0.957661,0.0572904],[0.21601,-0.121596,0.96879]],"s":0.92735,"sphereCenter":[-30.3208,248.575,119.921],"sphereRadius":34.7436,"stabilizedPalmPosition":[-3.99443,240.255,89.4992],"t":[-35.0965,16.4548,-26.13],"timeVisible":0.10034,"type":"right","wrist":[50.1086,206.986,102.198]}],"id":211884,"interactionBox":{"center":[0,200,0],"size":[235.247,235.247,147.751]},"pointables":[{"bases":[[[-0.222904,-0.485248,-0.845487],[0.737059,0.483742,-0.471951],[0.638011,-0.728373,0.249828]],[[-0.380529,-0.280062,-0.881341],[0.667251,0.576715,-0.471355],[0.640291,-0.767441,-0.0325849]],[[-0.380529,-0.280062,-0.881341],[0.208242,0.902612,-0.376732],[0.901018,-0.32689,-0.285149]],[[-0.380529,-0.280062,-0.881341],[-0.038751,0.957032,-0.287383],[0.923957,-0.0752048,-0.375031]]],"btipPosition":[-33.4162,286.244,116.401],"carpPosition":[46.2154,237.552,97.4918],"dipPosition":[-13.1289,284.592,108.166],"direction":[-0.901017,0.32689,0.285149],"extended":false,"handId":355,"id":3550,"length":48.8949,"mcpPosition":[46.2154,237.552,97.4918],"pipPosition":[15.6929,274.136,99.0451],"stabilizedTipPosition":[-30.6095,273,124.418],"timeVisible":0.10034,"tipPosition":[-31.0276,284.428,113.093],"tipVelocity":[-338.069,518.876,-845.489],"tool":false,"touchDistance":0.741784,"touchZone":"none","type":0,"width":19.7032},{"bases":[[[-0.550739,-0.827132,0.111981],[0.0065104,-0.138414,-0.990353],[0.834652,-0.544697,0.0816147]],[[-0.326686,-0.936327,0.128715],[-0.84302,0.227103,-0.487588],[0.427311,-0.267798,-0.863534]],[[-0.326686,-0.936327,0.128715],[-0.697142,0.330679,0.636117],[-0.638177,0.118077,-0.760781]],[[-0.326686,-0.936327,0.128715],[-0.206434,0.203588,0.957046],[-0.922313,0.286082,-0.259799]]],"btipPosition":[-10.3256,272.137,128.962],"carpPosition":[36.282,230.337,78.4735],"dipPosition":[-25.1098,276.723,124.798],"direction":[0.638177,-0.118077,0.760781],"extended":false,"handId":355,"id":3551,"length":55.1725,"mcpPosition":[-22.3579,268.606,72.7395],"pipPosition":[-39.5814,279.4,107.546],"stabilizedTipPosition":[-17.2335,250.465,130.664],"timeVisible":0.10034,"tipPosition":[-12.5476,272.1,123.022],"tipVelocity":[-1073.44,845.398,-200.041],"tool":false,"touchDistance":0.966736,"touchZone":"none","type":1,"width":18.8205},{"bases":[[[-0.425897,-0.857321,0.289157],[-0.0683693,-0.288183,-0.955132],[0.902185,-0.426558,0.0641218]],[[-0.371032,-0.881357,0.292482],[-0.886059,0.241749,-0.395546],[0.27791,-0.405917,-0.870631]],[[-0.371032,-0.881357,0.292482],[-0.532314,0.459942,0.710701],[-0.760905,0.108001,-0.639811]],[[-0.371032,-0.881357,0.292482],[0.164582,0.247565,0.95479],[-0.913919,0.402395,0.0532009]]],"btipPosition":[-6.84713,257.598,129.35],"carpPosition":[29.4167,220.797,78.1203],"dipPosition":[-22.9599,264.692,130.288],"direction":[0.760905,-0.108001,0.639811],"extended":false,"handId":355,"id":3552,"length":62.8646,"mcpPosition":[-30.6925,249.217,73.8481],"pipPosition":[-43.2598,267.573,113.219],"stabilizedTipPosition":[-15.2985,233.123,122.973],"timeVisible":0.10034,"tipPosition":[-8.64572,256.956,127.612],"tipVelocity":[-785.151,974.392,-118.851],"tool":false,"touchDistance":0.992766,"touchZone":"none","type":2,"width":18.4842},{"bases":[[[-0.282117,-0.886568,0.366615],[-0.0698285,-0.362149,-0.929501],[0.956835,-0.287829,0.0402608]],[[-0.224234,-0.902232,0.36837],[-0.950145,0.118364,-0.288469],[0.216664,-0.414689,-0.883793]],[[-0.224234,-0.902232,0.36837],[-0.588759,0.426634,0.686547],[-0.776584,-0.0629335,-0.626863]],[[-0.224234,-0.902232,0.36837],[0.127939,0.34747,0.928922],[-0.966101,0.255425,0.0375159]]],"btipPosition":[-5.52218,242.634,130.897],"carpPosition":[23.6791,210.875,80.6245],"dipPosition":[-22.457,247.111,131.555],"direction":[0.776584,0.0629335,0.626863],"extended":false,"handId":355,"id":3553,"length":60.446,"mcpPosition":[-33.5581,228.093,78.2161],"pipPosition":[-42.6402,245.476,115.263],"stabilizedTipPosition":[-9.12339,223.409,107.337],"timeVisible":0.10034,"tipPosition":[-6.90622,239.37,124.813],"tipVelocity":[-528.863,977.308,400.654],"tool":false,"touchDistance":1,"touchZone":"none","type":3,"width":17.5889},{"bases":[[[-0.154036,-0.841816,0.517318],[-0.0280476,-0.51963,-0.853931],[0.987667,-0.146046,0.056431]],[[0.0820789,-0.852579,0.516112],[-0.971005,-0.185077,-0.151311],[0.224525,-0.488728,-0.84305]],[[0.0820789,-0.852579,0.516112],[-0.661681,0.340639,0.667939],[-0.745279,-0.396326,-0.536177]],[[0.0820789,-0.852579,0.516112],[-0.0832148,0.510188,0.856027],[-0.993146,-0.11321,-0.0290715]]],"btipPosition":[-12.2218,234.761,124.826],"carpPosition":[20.1814,201.357,89.6745],"dipPosition":[-28.2823,232.93,124.355],"direction":[0.745279,0.396326,0.536177],"extended":false,"handId":355,"id":3554,"length":47.3885,"mcpPosition":[-34.5098,209.444,86.5497],"pipPosition":[-41.9581,225.657,114.517],"stabilizedTipPosition":[-13.69,229.558,99.2575],"timeVisible":0.10034,"tipPosition":[-15.9845,230.042,123.825],"tipVelocity":[-249.068,1030.37,436.916],"tool":false,"touchDistance":0.911956,"touchZone":"none","type":4,"width":15.6239}],"r":[[0.934739,-0.26096,-0.241171],[0.282141,0.957661,0.0572904],[0.21601,-0.121596,0.96879]],"s":0.92735,"t":[-35.0965,16.4548,-26.13],"timestamp":261414390437},{"currentFrameRate":35.6667,"devices":[],"gestures":[],"hands":[{"armBasis":[[-0.438274,-0.878291,0.191104],[0.711784,-0.468964,-0.522912],[0.54889,-0.0931538,0.830688]],"armWidth":61.649,"confidence":0.53342,"direction":[-0.899626,0.392387,-0.191588],"elbow":[189.37,180.054,313.188],"grabAngle":2.79185,"grabStrength":1,"id":355,"palmNormal":[-0.0874406,0.267986,0.959446],"palmPosition":[-12.0497,237.267,80.1038],"palmVelocity":[-108.421,-105.961,-245.652],"palmWidth":86.8926,"pinchDistance":17.3717,"pinchStrength":1,"r":[[0.880812,-0.337117,-0.332449],[0.346235,0.937554,-0.0333804],[0.322942,-0.0857035,0.94253]],"s":0.890239,"sphereCenter":[-30.4264,251.468,118.418],"sphereRadius":36.4837,"stabilizedPalmPosition":[-7.13113,239.091,85.8407],"t":[-40.1307,15.8907,-31.4374],"timeVisible":0.112929,"type":"right","wrist":[47.8433,204.073,99.0021]}],"id":211885,"interactionBox":{"center":[0,200,0],"size":[235.247,235.247,147.751]},"pointables":[{"bases":[[[-0.26949,-0.517194,-0.812334],[0.734502,0.435153,-0.52072],[0.622802,-0.736989,0.262611]],[[-0.454484,-0.254389,-0.853657],[0.716648,0.464738,-0.520032],[0.529017,-0.848118,-0.0289089]],[[-0.454484,-0.254389,-0.853657],[0.292428,0.862626,-0.412749],[0.841386,-0.437221,-0.317659]],[[-0.454484,-0.254389,-0.853657],[0.0107911,0.95671,-0.290843],[0.89069,-0.141395,-0.432064]]],"btipPosition":[-26.4153,292.478,113.449],"carpPosition":[45.2739,234.958,92.4229],"dipPosition":[-6.85849,289.373,103.962],"direction":[-0.841386,0.437221,0.317659],"extended":false,"handId":355,"id":3550,"length":48.8949,"mcpPosition":[45.2739,234.958,92.4229],"pipPosition":[20.0558,275.387,93.8009],"stabilizedTipPosition":[-26.7683,281.292,118.607],"timeVisible":0.112929,"tipPosition":[-27.0231,287.463,109.416],"tipVelocity":[542.766,468.654,-257.364],"tool":false,"touchDistance":0.687785,"touchZone":"none","type":0,"width":19.7032},{"bases":[[[-0.572793,-0.801521,0.171673],[-0.0344277,-0.185725,-0.981998],[0.818977,-0.568392,0.0787876]],[[-0.333734,-0.924041,0.186464],[-0.811695,0.181105,-0.555294],[0.479345,-0.336673,-0.810481]],[[-0.333734,-0.924041,0.186464],[-0.82074,0.382125,0.424695],[-0.463689,-0.0113034,-0.885926]],[[-0.333734,-0.924041,0.186464],[-0.409816,0.320355,0.854063],[-0.848924,0.208614,-0.4856]]],"btipPosition":[-18.3182,277.602,129.148],"carpPosition":[34.4187,227.186,74.1421],"dipPosition":[-31.926,280.946,121.364],"direction":[0.463689,0.0113034,0.885926],"extended":false,"handId":355,"id":3551,"length":55.1725,"mcpPosition":[-23.1199,267.12,68.6068],"pipPosition":[-42.4408,280.69,101.275],"stabilizedTipPosition":[-19.101,262.831,129.199],"timeVisible":0.112929,"tipPosition":[-15.7653,275.163,122.246],"tipVelocity":[-613.392,411.452,-51.3389],"tool":false,"touchDistance":0.955965,"touchZone":"none","type":1,"width":18.8205},{"bases":[[[-0.442562,-0.82746,0.345614],[-0.112781,-0.330992,-0.93687],[0.889618,-0.453601,0.053163]],[[-0.388421,-0.853171,0.34818],[-0.852954,0.189895,-0.48622],[0.348711,-0.485839,-0.801474]],[[-0.388421,-0.853171,0.34818],[-0.680549,0.520347,0.515842],[-0.621275,-0.0365898,-0.782738]],[[-0.388421,-0.853171,0.34818],[-0.096717,0.413506,0.90535],[-0.916393,0.317982,-0.24313]]],"btipPosition":[-15.0707,265.443,132.369],"carpPosition":[27.2391,217.881,74.4984],"dipPosition":[-31.2271,271.049,128.082],"direction":[0.621275,0.0365898,0.782738],"extended":false,"handId":355,"id":3552,"length":62.8646,"mcpPosition":[-32.0328,248.102,70.9564],"pipPosition":[-47.8019,270.072,107.2],"stabilizedTipPosition":[-16.5524,245.205,125.996],"timeVisible":0.112929,"tipPosition":[-13.0694,262.01,127.27],"tipVelocity":[-654.031,595.967,144.322],"tool":false,"touchDistance":1,"touchZone":"none","type":2,"width":18.4842},{"bases":[[[-0.297054,-0.85787,0.419306],[-0.115695,-0.403556,-0.907611],[0.947826,-0.318121,0.0206266]],[[-0.239684,-0.875403,0.419788],[-0.921089,0.0683876,-0.383298],[0.306832,-0.478533,-0.822715]],[[-0.239684,-0.875403,0.419788],[-0.740545,0.444462,0.504031],[-0.627809,-0.190064,-0.754805]],[[-0.239684,-0.875403,0.419788],[-0.122992,0.456287,0.881292],[-0.963029,0.159601,-0.217032]]],"btipPosition":[-15.0838,249.522,134.36],"carpPosition":[21.2785,208.291,77.686],"dipPosition":[-31.9649,252.32,130.556],"direction":[0.627809,0.190064,0.754805],"extended":false,"handId":355,"id":3553,"length":60.446,"mcpPosition":[-35.4197,227.321,76.4522],"pipPosition":[-48.2814,247.38,110.939],"stabilizedTipPosition":[-11.9069,230.975,114.732],"timeVisible":0.112929,"tipPosition":[-12.6276,244.849,127.268],"tipVelocity":[-758.541,516.471,193.56],"tool":false,"touchDistance":1,"touchZone":"none","type":3,"width":17.5889},{"bases":[[[-0.16213,-0.810373,0.563036],[-0.0762936,-0.558582,-0.825933],[0.983816,-0.176865,0.0287368]],[[-0.0401747,-0.825952,0.562307],[-0.951854,-0.139529,-0.272956],[0.303907,-0.5462,-0.780581]],[[-0.0401747,-0.825952,0.562307],[-0.81236,0.354662,0.46291],[-0.58177,-0.438198,-0.685219]],[[-0.0401747,-0.825952,0.562307],[-0.353796,0.538061,0.765061],[-0.93446,-0.168206,-0.313835]]],"btipPosition":[-20.9634,238.016,129.261],"carpPosition":[17.8092,199.342,87.3089],"dipPosition":[-36.0749,235.296,124.186],"direction":[0.58177,0.438198,0.685219],"extended":false,"handId":355,"id":3554,"length":47.3885,"mcpPosition":[-36.6686,209.136,85.7176],"pipPosition":[-46.7503,227.255,111.612],"stabilizedTipPosition":[-17.5468,232.369,109.604],"timeVisible":0.112929,"tipPosition":[-19.7283,233.682,124.224],"tipVelocity":[-677.046,242.351,268.199],"tool":false,"touchDistance":0.968229,"touchZone":"none","type":4,"width":15.6239}],"r":[[0.880812,-0.337117,-0.332449],[0.346235,0.937554,-0.0333804],[0.322942,-0.0857035,0.94253]],"s":0.890239,"t":[-40.1307,15.8907,-31.4374],"timestamp":261414403026},{"currentFrameRate":38.8649,"devices":[],"gestures":[],"hands":[{"armBasis":[[-0.471243,-0.863962,0.177483],[0.710004,-0.490972,-0.504818],[0.523283,-0.111878,0.844783]],"armWidth":61.649,"confidence":0.568919,"direction":[-0.893383,0.386677,-0.228797],"elbow":[182.557,174.21,316.708],"grabAngle":2.57038,"grabStrength":0.953235,"id":355,"palmNormal":[-0.109001,0.30749,0.945288],"palmPosition":[-11.5433,236.166,77.3007],"palmVelocity":[52.2979,-113.75,-289.489],"palmWidth":86.8926,"pinchDistance":19.6,"pinchStrength":1,"r":[[0.828285,-0.402474,-0.389817],[0.389172,0.913766,-0.116522],[0.403099,-0.0551926,0.913491]],"s":0.874097,"sphereCenter":[-31.6749,251.433,116.602],"sphereRadius":38.4676,"stabilizedPalmPosition":[-8.19675,238.385,83.7781],"t":[-42.3945,15.0579,-35.4927],"timeVisible":0.122612,"type":"right","wrist":[47.6327,203.057,98.8881]}],"id":211886,"interactionBox":{"center":[0,200,0],"size":[235.247,235.247,147.751]},"pointables":[{"bases":[[[-0.252229,-0.549436,-0.796556],[0.748191,0.411302,-0.520616],[0.61367,-0.72729,0.30734]],[[-0.449589,-0.262769,-0.853711],[0.730203,0.442352,-0.5207],[0.514465,-0.857483,-0.00700154]],[[-0.449589,-0.262769,-0.853711],[0.348943,0.828139,-0.438662],[0.822258,-0.495114,-0.28063]],[[-0.449589,-0.262769,-0.853711],[0.0288651,0.950978,-0.307909],[0.892769,-0.163075,-0.419964]]],"btipPosition":[-24.9641,294.5,109.59],"carpPosition":[45.4653,234.205,91.0583],"dipPosition":[-5.36158,290.919,100.369],"direction":[-0.822258,0.495114,0.28063],"extended":false,"handId":355,"id":3550,"length":48.8949,"mcpPosition":[45.4653,234.205,91.0583],"pipPosition":[20.9409,275.081,91.3921],"stabilizedTipPosition":[-24.9036,284.95,115.317],"timeVisible":0.122612,"tipPosition":[-26.0012,288.51,104.674],"tipVelocity":[150.96,197.509,-392.228],"tool":false,"touchDistance":0.624486,"touchZone":"none","type":0,"width":19.7032},{"bases":[[[-0.579687,-0.792176,0.190842],[-0.0119926,-0.225888,-0.97408],[0.814751,-0.56695,0.121444]],[[-0.447909,-0.869737,0.207206],[-0.745186,0.235095,-0.624041],[0.494039,-0.433921,-0.753418]],[[-0.447909,-0.869737,0.207206],[-0.848275,0.48662,0.20888],[-0.282501,-0.0822078,-0.955738]],[[-0.447909,-0.869737,0.207206],[-0.593188,0.46248,0.658969],[-0.668959,0.172247,-0.723067]]],"btipPosition":[-25.0113,282.144,127.959],"carpPosition":[35.0143,225.718,72.8603],"dipPosition":[-35.7344,284.905,116.369],"direction":[0.282501,0.0822078,0.955738],"extended":false,"handId":355,"id":3551,"length":55.1725,"mcpPosition":[-22.2274,265.55,64.3281],"pipPosition":[-42.1405,283.04,94.6959],"stabilizedTipPosition":[-22.5128,270.956,127.608],"timeVisible":0.122612,"tipPosition":[-19.7632,278.026,120.176],"tipVelocity":[-622.705,455.159,-213.228],"tool":false,"touchDistance":0.921553,"touchZone":"none","type":1,"width":18.8205},{"bases":[[[-0.453686,-0.811297,0.368736],[-0.0919323,-0.368955,-0.92489],[0.886407,-0.453509,0.0928055]],[[-0.410745,-0.832071,0.372755],[-0.8093,0.144439,-0.56936],[0.419908,-0.535533,-0.732723]],[[-0.410745,-0.832071,0.372755],[-0.800315,0.524894,0.289798],[-0.436789,-0.179289,-0.881516]],[[-0.410745,-0.832071,0.372755],[-0.351446,0.521732,0.777356],[-0.841294,0.188291,-0.506726]]],"btipPosition":[-23.7679,272.352,132.831],"carpPosition":[27.7934,216.455,73.4284],"dipPosition":[-38.6003,275.671,123.897],"direction":[0.436789,0.179289,0.881516],"extended":false,"handId":355,"id":3552,"length":62.8646,"mcpPosition":[-31.2646,246.671,67.2452],"pipPosition":[-50.2532,270.888,100.38],"stabilizedTipPosition":[-20.265,254.955,127.666],"timeVisible":0.122612,"tipPosition":[-19.0383,266.959,126.344],"tipVelocity":[-866.745,659.235,-62.6368],"tool":false,"touchDistance":1,"touchZone":"none","type":2,"width":18.4842},{"bases":[[[-0.31007,-0.839054,0.44704],[-0.0958077,-0.440245,-0.892752],[0.945874,-0.319645,0.0561186]],[[-0.250547