{"frames":184,"data":[{"currentFrameRate":26.5171,"devices":[],"gestures":[],"hands":[],"id":212412,"interactionBox":{"center":[0,200,0],"size":[235.247,235.247,147.751]},"pointables":[],"r":[[-0.0794966,-0.728761,-0.680138],[0.446709,0.583909,-0.677865],[0.891141,-0.357712,0.279125]],"s":-5.62558,"t":[894.675,787.691,741.58],"timestamp":261430817508},{"currentFrameRate":26.5232,"devices":[],"gestures":[],"hands":[],"id":212413,"interactionBox":{"center":[0,200,0],"size":[235.247,235.247,147.751]},"pointables":[],"r":[[-0.0794966,-0.728761,-0.680138],[0.446709,0.583909,-0.677865],[0.891141,-0.357712,0.279125]],"s":-5.62558,"t":[894.675,787.691,741.58],"timestamp":261430855169},{"currentFrameRate":26.5197,"devices":[],"gestures":[],"hands":[],"id":212414,"interactionBox":{"center":[0,200,0],"size":[235.247,235.247,147.751]},"pointables":[],"r":[[-0.0794966,-0.728761,-0.680138],[0.446709,0.583909,-0.677865],[0.891141,-0.357712,0.279125]],"s":-5.62558,"t":[894.675,787.691,741.58],"timestamp":261430892901},{"currentFrameRate":26.5209,"devices":[],"gestures":[],"hands":[],"id":212415,"interactionBox":{"center":[0,200,0],"size":[235.247,235.247,147.751]},"pointables":[],"r":[[-0.0794966,-0.728761,-0.680138],[0.446709,0.583909,-0.677865],[0.891141,-0.357712,0.279125]],"s":-5.62558,"t":[894.675,787.691,741.58],"timestamp":261430930599},{"currentFrameRate":26.5212,"devices":[],"gestures":[],"hands":[],"id":212416,"interactionBox":{"center":[0,200,0],"size":[235.247,235.247,147.751]},"pointables":[],"r":[[-0.0794966,-0.728761,-0.680138],[0.446709,0.583909,-0.677865],[0.891141,-0.357712,0.279125]],"s":-5.62558,"t":[894.675,787.691,741.58],"timestamp":261430968302},{"currentFrameRate":26.5212,"devices":[],"gestures":[],"hands":[],"id":212417,"interactionBox":{"center":[0,200,0],"size":[235.247,235.247,147.751]},"pointables":[],"r":[[-0.0794966,-0.728761,-0.680138],[0.446709,0.583909,-0.677865],[0.891141,-0.357712,0.279125]],"s":-5.62558,"t":[894.675,787.691,741.58],"timestamp":261431006008},{"currentFrameRate":26.5171,"devices":[],"gestures":[],"hands":[],"id":212418,"interactionBox":{"center":[0,200,0],"size":[235.247,235.247,147.751]},"pointables":[],"r":[[-0.0794966,-0.728761,-0.680138],[0.446709,0.583909,-0.677865],[0.891141,-0.357712,0.279125]],"s":-5.62558,"t":[894.675,787.691,741.58],"timestamp":261431043748},{"currentFrameRate":26.5088,"devices":[],"gestures":[],"hands":[],"id":212419,"interactionBox":{"center":[0,200,0],"size":[235.247,235.247,147.751]},"pointables":[],"r":[[-0.0794966,-0.728761,-0.680138],[0.446709,0.583909,-0.677865],[0.891141,-0.357712,0.279125]],"s":-5.62558,"t":[894.675,787.691,741.58],"timestamp":261431081528},{"currentFrameRate":26.4884,"devices":[],"gestures":[],"hands":[],"id":212420,"interactionBox":{"center":[0,200,0],"size":[235.247,235.247,147.751]},"pointables":[],"r":[[-0.0794966,-0.728761,-0.680138],[0.446709,0.583909,-0.677865],[0.891141,-0.357712,0.279125]],"s":-5.62558,"t":[894.675,787.691,741.58],"timestamp":261431119420},{"currentFrameRate":26.5254,"devices":[],"gestures":[],"hands":[],"id":212421,"interactionBox":{"center":[0,200,0],"size":[235.247,235.247,147.751]},"pointables":[],"r":[[-0.0794966,-0.728761,-0.680138],[0.446709,0.583909,-0.677865],[0.891141,-0.357712,0.279125]],"s":-5.62558,"t":[894.675,787.691,741.58],"timestamp":261431156866},{"currentFrameRate":26.4999,"devices":[],"gestures":[],"hands":[],"id":212422,"interactionBox":{"center":[0,200,0],"size":[235.247,235.247,147.751]},"pointables":[],"r":[[-0.0794966,-0.728761,-0.680138],[0.446709,0.583909,-0.677865],[0.891141,-0.357712,0.279125]],"s":-5.62558,"t":[894.675,787.691,741.58],"timestamp":261431194777},{"currentFrameRate":26.4984,"devices":[],"gestures":[],"hands":[],"id":212423,"interactionBox":{"center":[0,200,0],"size":[235.247,235.247,147.751]},"pointables":[],"r":[[-0.0794966,-0.728761,-0.680138],[0.446709,0.583909,-0.677865],[0.891141,-0.357712,0.279125]],"s":-5.62558,"t":[894.675,787.691,741.58],"timestamp":261431232525},{"currentFrameRate":26.527,"devices":[],"gestures":[],"hands":[],"id":212424,"interactionBox":{"center":[0,200,0],"size":[235.247,235.247,147.751]},"pointables":[],"r":[[-0.0794966,-0.728761,-0.680138],[0.446709,0.583909,-0.677865],[0.891141,-0.357712,0.279125]],"s":-5.62558,"t":[894.675,787.691,741.58],"timestamp":261431270027},{"currentFrameRate":26.5236,"devices":[],"gestures":[],"hands":[],"id":212425,"interactionBox":{"center":[0,200,0],"size":[235.247,235.247,147.751]},"pointables":[],"r":[[-0.0794966,-0.728761,-0.680138],[0.446709,0.583909,-0.677865],[0.891141,-0.357712,0.279125]],"s":-5.62558,"t":[894.675,787.691,741.58],"timestamp":261431307752},{"currentFrameRate":26.5235,"devices":[],"gestures":[],"hands":[{"armBasis":[[0.0430433,-0.89835,-0.437167],[0.847165,0.264765,-0.460663],[0.529583,-0.350524,0.772447]],"armWidth":60.8506,"confidence":0,"direction":[-0.2957,0.3029,-0.905987],"elbow":[193.332,76.4572,320.669],"grabAngle":3.09168,"grabStrength":1,"id":356,"palmNormal":[-0.949652,-0.196011,0.24442],"palmPosition":[28.2703,195.241,60.8293],"palmVelocity":[1.19209e-7,1.19209e-7,1.19209e-7],"palmWidth":86.8926,"pinchDistance":11.234,"pinchStrength":1,"r":[[1,0,1.11022e-17],[2.46519e-34,1,-2.22045e-17],[-1.11022e-17,2.22045e-17,1]],"s":1,"sphereCenter":[-19.0995,175.164,53.1312],"sphereRadius":42.3715,"stabilizedPalmPosition":[28.2703,195.241,60.8293],"t":[0,0,0],"timeVisible":0,"type":"right","wrist":[56.783,166.837,121.5]}],"id":212426,"interactionBox":{"center":[0,200,0],"size":[235.247,235.247,147.751]},"pointables":[{"bases":[[[-0.144366,-0.989197,0.0254484],[0.922675,-0.143861,-0.357736],[0.357533,-0.0281643,0.933476]],[[-0.213597,-0.963126,-0.163597],[0.407783,0.0642747,-0.910814],[0.887744,-0.261259,0.379018]],[[-0.213597,-0.963126,-0.163597],[-0.887419,0.26131,-0.379743],[0.40849,0.0640666,-0.910512]],[[-0.213597,-0.963126,-0.163597],[-0.940886,0.15775,0.299746],[-0.262886,0.217951,-0.939887]]],"btipPosition":[-4.20174,168.326,58.8221],"carpPosition":[48.8752,162.729,90.833],"dipPosition":[-8.529,171.914,43.351],"direction":[-0.40849,-0.0640666,0.910512],"extended":false,"handId":356,"id":3564,"length":48.2362,"mcpPosition":[29.0772,164.289,39.1427],"pipPosition":[-0.899204,173.111,26.3444],"stabilizedTipPosition":[-5.19701,169.152,55.2637],"timeVisible":0,"tipPosition":[-5.19701,169.152,55.2637],"tipVelocity":[1.19209e-7,1.19209e-7,1.19209e-7],"tool":false,"touchDistance":0.333333,"touchZone":"none","type":4,"width":15.3344},{"bases":[[[0.833361,-0.140872,-0.534475],[0.456764,0.720037,0.522411],[0.311249,-0.679487,0.664396]],[[0.754705,-0.00276229,-0.656059],[0.334856,0.861551,0.381577],[0.564174,-0.507663,0.651142]],[[0.754705,-0.00276229,-0.656059],[0.178744,0.963028,0.201565],[0.631246,-0.269388,0.727295]],[[0.754705,-0.00276229,-0.656059],[-0.0683183,0.994224,-0.0827768],[0.652498,0.107293,0.750156]]],"btipPosition":[-25.4872,226.593,47.4294],"carpPosition":[36.5435,196.019,118.916],"dipPosition":[-10.9041,228.991,64.1952],"direction":[-0.631246,0.269388,-0.727295],"extended":false,"handId":356,"id":3560,"length":49.7695,"mcpPosition":[36.5435,196.019,118.916],"pipPosition":[9.64943,220.219,87.8761],"stabilizedTipPosition":[-22.1331,227.144,51.2855],"timeVisible":0,"tipPosition":[-22.1331,227.144,51.2855],"tipVelocity":[1.19209e-7,1.19209e-7,1.19209e-7],"tool":false,"touchDistance":1,"touchZone":"none","type":0,"width":19.3381},{"bases":[[[0.0524298,-0.86855,-0.49282],[0.893325,0.261366,-0.365594],[0.446343,-0.421081,0.789601]],[[0.182015,-0.954204,-0.237415],[0.296838,0.283505,-0.911873],[0.937421,0.0955006,0.334846]],[[0.182015,-0.954204,-0.237415],[-0.937184,-0.0952749,-0.335572],[0.297585,0.283581,-0.911606]],[[0.182015,-0.954204,-0.237415],[-0.908213,-0.255679,0.331327],[-0.376856,0.155317,-0.913157]]],"btipPosition":[-18.4867,212.177,69.1602],"carpPosition":[52.0521,195.591,102.432],"dipPosition":[-24.6356,214.711,54.2609],"direction":[-0.297585,-0.283581,0.911606],"extended":false,"handId":356,"id":3561,"length":56.1593,"mcpPosition":[20.6935,225.175,46.9572],"pipPosition":[-17.7668,221.257,33.2192],"stabilizedTipPosition":[-19.901,212.76,65.7333],"timeVisible":0,"tipPosition":[-19.901,212.76,65.7333],"tipVelocity":[1.19209e-7,1.19209e-7,1.19209e-7],"tool":false,"touchDistance":0.333333,"touchZone":"none","type":1,"width":18.4718},{"bases":[[[-0.0408131,-0.949199,-0.312017],[0.898911,0.101456,-0.426224],[0.436227,-0.297871,0.849105]],[[-0.0145817,-0.965353,-0.26054],[0.235326,0.249935,-0.939231],[0.971807,-0.0750074,0.223528]],[[-0.0145817,-0.965353,-0.26054],[-0.971619,0.0752064,-0.224276],[0.2361,0.249876,-0.939052]],[[-0.0145817,-0.965353,-0.26054],[-0.912539,-0.093665,0.39812],[-0.408729,0.243558,-0.879556]]],"btipPosition":[-19.0098,198.292,70.0843],"carpPosition":[53.8631,186.15,95.6608],"dipPosition":[-26.3448,202.663,54.2999],"direction":[-0.2361,-0.249876,0.939052],"extended":false,"handId":356,"id":3562,"length":63.9891,"mcpPosition":[24.7989,205.996,39.0881],"pipPosition":[-19.9333,209.448,28.7992],"stabilizedTipPosition":[-20.6968,199.297,66.4539],"timeVisible":0,"tipPosition":[-20.6968,199.297,66.4539],"tipVelocity":[1.19209e-7,1.19209e-7,1.19209e-7],"tool":false,"touchDistance":0.333333,"touchZone":"none","type":2,"width":18.1417},{"bases":[[[-0.0438206,-0.987617,-0.150639],[0.907145,0.0238334,-0.420142],[0.41853,-0.155063,0.894868]],[[-0.0688384,-0.976542,-0.204028],[0.267971,0.178898,-0.946672],[0.960965,-0.119841,0.24937]],[[-0.0688384,-0.976542,-0.204028],[-0.960751,0.119983,-0.250123],[0.268736,0.178802,-0.946473]],[[-0.0688384,-0.976542,-0.204028],[-0.93301,-0.00938818,0.359729],[-0.353206,0.215124,-0.910477]]],"btipPosition":[-13.0276,181.21,68.1],"carpPosition":[53.8177,175.389,90.9865],"dipPosition":[-19.3297,185.048,51.8547],"direction":[-0.268736,-0.178802,0.946473],"extended":false,"handId":356,"id":3563,"length":61.5272,"mcpPosition":[28.7816,184.665,37.4562],"pipPosition":[-12.2204,189.778,26.8162],"stabilizedTipPosition":[-14.4771,182.092,64.3635],"timeVisible":0,"tipPosition":[-14.4771,182.092,64.3635],"tipVelocity":[1.19209e-7,1.19209e-7,1.19209e-7],"tool":false,"touchDistance":0.333333,"touchZone":"none","type":3,"width":17.263}],"r":[[1,0,1.11022e-17],[2.46519e-34,1,-2.22045e-17],[-1.11022e-17,2.22045e-17,1]],"s":1,"t":[0,0,0],"timestamp":261431345455},{"currentFrameRate":26.5229,"devices":[],"gestures":[],"hands":[{"armBasis":[[-0.246052,-0.928854,-0.276925],[0.813901,-0.0428549,-0.579421],[0.52633,-0.367958,0.76654]],"armWidth":61.649,"confidence":0.196074,"direction":[-0.245078,0.179244,-0.95279],"elbow":[187.305,77.9925,305.815],"grabAngle":3.14159,"grabStrength":1,"id":356,"palmNormal":[-0.95717,0.111523,0.267185],"palmPosition":[28.0212,195.438,43.1141],"palmVelocity":[-6.60435,5.24102,-469.8],"palmWidth":86.8926,"pinchDistance":29.0952,"pinchStrength":0.564442,"r":[[0.998627,-0.0523147,0.00262897],[0.0523788,0.997758,-0.0416634],[-0.000443473,0.0417439,0.999128]],"s":1.03977,"sphereCenter":[-12.6311,203.792,39.2913],"sphereRadius":36.5927,"stabilizedPalmPosition":[28.27,195.241,60.8075],"t":[-0.124518,0.0988141,-8.8576],"timeVisible":0.037708,"type":"right","wrist":[51.5951,172.867,108.169]}],"id":212427,"interactionBox":{"center":[0,200,0],"size":[235.247,235.247,147.751]},"pointables":[{"bases":[[[0.746267,-0.458101,-0.482938],[0.647763,0.66683,0.368431],[0.153259,-0.587777,0.794374]],[[0.661528,-0.252458,-0.706149],[0.662112,0.638762,0.391907],[0.352121,-0.726807,0.589714]],[[0.661528,-0.252458,-0.706149],[0.485452,0.861877,0.146644],[0.571592,-0.439811,0.692711]],[[0.661528,-0.252458,-0.706149],[0.187292,0.967411,-0.170406],[0.726156,-0.0195279,0.687252]]],"btipPosition":[-12.4021,254.939,34.5316],"carpPosition":[38.6117,205.795,99.8916],"dipPosition":[3.54207,254.51,49.6215],"direction":[-0.571592,0.439811,-0.692711],"extended":true,"handId":356,"id":3560,"length":48.8949,"mcpPosition":[38.6117,205.795,99.8916],"pipPosition":[21.8262,240.441,71.78],"stabilizedTipPosition":[-10.1176,251.982,39.3731],"timeVisible":0.037708,"tipPosition":[-9.93244,249.55,34.6506],"tipVelocity":[355.314,734.481,-352.266],"tool":false,"touchDistance":1,"touchZone":"none","type":0,"width":19.7032},{"bases":[[[-0.19311,-0.933491,-0.302163],[0.914581,-0.0597317,-0.399968],[0.355318,-0.35359,0.865288]],[[-0.146493,-0.970794,-0.189997],[-0.0615936,0.200648,-0.977725],[0.987292,-0.131527,-0.0891882]],[[-0.146493,-0.970794,-0.189997],[-0.986101,0.158534,-0.0497197],[0.0783884,0.180072,-0.980525]],[[-0.146493,-0.970794,-0.189997],[-0.824446,0.0136799,0.565775],[-0.546651,0.239524,-0.802372]]],"btipPosition":[-4.97986,220.236,61.9543],"carpPosition":[52.7932,198.015,84.0553],"dipPosition":[-13.7424,224.075,49.0927],"direction":[-0.0783884,-0.180072,0.980525],"extended":false,"handId":356,"id":3561,"length":55.1725,"mcpPosition":[27.8297,222.857,23.2631],"pipPosition":[-11.9648,228.159,26.858],"stabilizedTipPosition":[-11.248,218.364,61.2162],"timeVisible":0.037708,"tipPosition":[-9.47187,222.719,53.3997],"tipVelocity":[342.255,221.682,-178.667],"tool":false,"touchDistance":0.333333,"touchZone":"none","type":1,"width":18.8205},{"bases":[[[-0.296395,-0.948728,-0.109839],[0.876346,-0.224438,-0.426199],[0.379695,-0.222581,0.897936]],[[-0.284753,-0.955038,-0.0825786],[-0.0927806,0.113198,-0.989231],[0.9541,-0.274024,-0.120843]],[[-0.284753,-0.955038,-0.0825786],[-0.958318,0.285705,0.000298386],[0.0233081,0.0792215,-0.996585]],[[-0.284753,-0.955038,-0.0825786],[-0.736701,0.162906,0.656302],[-0.613341,0.24772,-0.749965]]],"btipPosition":[-6.41769,207.999,64.8518],"carpPosition":[51.8337,187.258,79.4035],"dipPosition":[-17.2311,212.366,51.6296],"direction":[-0.0233081,-0.0792215,0.996585],"extended":false,"handId":356,"id":3562,"length":62.8646,"mcpPosition":[26.5361,202.088,19.5774],"pipPosition":[-16.6093,214.48,25.042],"stabilizedTipPosition":[-12.2872,206.219,63.1425],"timeVisible":0.037708,"tipPosition":[-12.1488,210.484,56.5664],"tipVelocity":[312.72,257.403,-123.136],"tool":false,"touchDistance":0.333333,"touchZone":"none","type":2,"width":18.4842},{"bases":[[[-0.302503,-0.951506,0.0559398],[0.864587,-0.298628,-0.404116],[0.401224,-0.0738814,0.912995]],[[-0.285856,-0.95373,0.093199],[-0.130478,-0.0576139,-0.989776],[0.949348,-0.295093,-0.107972]],[[-0.285856,-0.95373,0.093199],[-0.95818,0.285826,-0.0139521],[-0.0133322,-0.0932897,-0.99555]],[[-0.285856,-0.95373,0.093199],[-0.716574,0.277317,0.640014],[-0.636246,0.116168,-0.76269]]],"btipPosition":[-3.46668,193.342,66.2058],"carpPosition":[48.8296,176.164,77.0513],"dipPosition":[-14.6195,195.378,52.8365],"direction":[0.0133322,0.0932897,0.99555],"extended":false,"handId":356,"id":3563,"length":60.446,"mcpPosition":[24.8286,180.584,22.4366],"pipPosition":[-14.966,192.953,26.9625],"stabilizedTipPosition":[-8.44508,190.462,63.4831],"timeVisible":0.037708,"tipPosition":[-9.75217,194.184,58.0049],"tipVelocity":[223.965,310.741,-32.6899],"tool":false,"touchDistance":0.333333,"touchZone":"none","type":3,"width":17.5889},{"bases":[[[-0.392701,-0.891152,0.227231],[0.83904,-0.448333,-0.308237],[0.376561,0.0696108,0.923773]],[[-0.433823,-0.893201,0.118273],[-0.0592997,-0.102679,-0.992945],[0.899044,-0.437777,-0.00842203]],[[-0.433823,-0.893201,0.118273],[-0.894262,0.410833,-0.177515],[0.109966,-0.182777,-0.976985]],[[-0.433823,-0.893201,0.118273],[-0.746169,0.429741,0.508482],[-0.505004,0.13234,-0.852911]]],"btipPosition":[-3.73168,177.349,60.2967],"carpPosition":[40.7958,165.467,79.4502],"dipPosition":[-11.8983,179.489,46.504],"direction":[-0.109966,0.182777,0.976985],"extended":false,"handId":356,"id":3564,"length":47.3885,"mcpPosition":[19.9441,161.612,28.2971],"pipPosition":[-9.88041,176.135,28.5765],"stabilizedTipPosition":[-5.33269,172.006,55.875],"timeVisible":0.037708,"tipPosition":[-7.85693,178.059,51.3243],"tipVelocity":[-10.9524,230.438,49.3442],"tool":false,"touchDistance":0.333333,"touchZone":"none","type":4,"width":15.6239}],"r":[[0.998627,-0.0523147,0.00262897],[0.0523788,0.997758,-0.0416634],[-0.000443473,0.0417439,0.999128]],"s":1.03977,"t":[-0.124518,0.0988141,-8.8576],"timestamp":261431383163},{"currentFrameRate":27.5723,"devices":[],"gestures":[],"hands":[{"armBasis":[[-0.303992,-0.919709,-0.248444],[0.789431,-0.0972048,-0.606094],[0.53328,-0.380377,0.755596]],"armWidth":61.649,"confidence":0.338581,"direction":[-0.243409,0.142639,-0.959378],"elbow":[187.405,81.2888,298.437],"grabAngle":3.14159,"grabStrength":1,"id":356,"palmNormal":[-0.950346,0.162659,0.265301],"palmPosition":[26.6426,200.021,37.8279],"palmVelocity":[-47.21,156.928,-181.014],"palmWidth":86.8926,"pinchDistance":29.929,"pinchStrength":0.541669,"r":[[0.994775,-0.101902,0.00617529],[0.102059,0.991182,-0.0845064],[0.00249055,0.0846951,0.996404]],"s":1.06866,"sphereCenter":[-14.5986,207.804,33.7886],"sphereRadius":37.1674,"stabilizedPalmPosition":[28.2375,195.336,60.3495],"t":[-0.876114,2.43961,-15.9295],"timeVisible":0.066911,"type":"right","wrist":[49.9032,179.366,103.613]}],"id":212428,"interactionBox":{"center":[0,200,0],"size":[235.247,235.247,147.751]},"pointables":[{"bases":[[[0.724496,-0.510521,-0.463114],[0.676046,0.657324,0.332996],[0.134415,-0.554341,0.821364]],[[0.620538,-0.264175,-0.738339],[0.681329,0.647773,0.340853],[0.388231,-0.714564,0.581958]],[[0.620538,-0.264175,-0.738339],[0.499863,0.858719,0.112864],[0.60421,-0.439104,0.664919]],[[0.620538,-0.264175,-0.738339],[0.231017,0.961347,-0.149808],[0.749376,-0.0776069,0.657581]]],"btipPosition":[-16.312,262.491,30.5425],"carpPosition":[37.9764,212.678,93.9923],"dipPosition":[0.142048,260.787,44.981],"direction":[-0.60421,0.439104,-0.664919],"extended":true,"handId":356,"id":3560,"length":48.8949,"mcpPosition":[37.9764,212.678,93.9923],"pipPosition":[19.4696,246.741,66.2505],"stabilizedTipPosition":[-12.185,260.661,34.6466],"timeVisible":0.066911,"tipPosition":[-10.2677,257.414,29.1743],"tipVelocity":[-129.87,248.582,-141.729],"tool":false,"touchDistance":1,"touchZone":"none","type":0,"width":19.7032},{"bases":[[[-0.23201,-0.938508,-0.255683],[0.909066,-0.115684,-0.40027],[0.346078,-0.325299,0.880006]],[[-0.203789,-0.961381,-0.184979],[-0.0768081,0.204062,-0.97594],[0.975997,-0.184678,-0.115427]],[[-0.203789,-0.961381,-0.184979],[-0.972547,0.22048,-0.0744412],[0.11235,0.164731,-0.979919]],[[-0.203789,-0.961381,-0.184979],[-0.839936,0.0746195,0.537531],[-0.502969,0.264914,-0.822704]]],"btipPosition":[-6.39758,225.895,56.7305],"carpPosition":[51.7414,203.579,78.4957],"dipPosition":[-14.4599,230.142,43.5429],"direction":[-0.11235,-0.164731,0.979919],"extended":false,"handId":356,"id":3561,"length":55.1725,"mcpPosition":[27.4271,226.433,16.6694],"pipPosition":[-11.9122,233.877,21.3219],"stabilizedTipPosition":[-9.7666,222.571,57.4985],"timeVisible":0.066911,"tipPosition":[-9.51345,228.988,47.6739],"tipVelocity":[-43.0324,196.994,-181.447],"tool":false,"touchDistance":0.333333,"touchZone":"none","type":1,"width":18.8205},{"bases":[[[-0.334672,-0.940264,-0.0624326],[0.864132,-0.279798,-0.418316],[0.375859,-0.193949,0.906153]],[[-0.318565,-0.947591,-0.0242584],[-0.099253,0.0587965,-0.993324],[0.942691,-0.31403,-0.112782]],[[-0.318565,-0.947591,-0.0242584],[-0.9476,0.319004,-0.0170447],[0.0238899,0.0175575,-0.99956]],[[-0.318565,-0.947591,-0.0242584],[-0.760869,0.240361,0.602748],[-0.565328,0.210472,-0.797563]]],"btipPosition":[-8.01621,215.6,59.8306],"carpPosition":[50.3257,192.657,74.3758],"dipPosition":[-17.9832,219.311,45.7692],"direction":[-0.0238899,-0.0175575,0.99956],"extended":false,"handId":356,"id":3562,"length":62.8646,"mcpPosition":[25.2836,205.579,14.0022],"pipPosition":[-17.3458,219.78,19.1023],"stabilizedTipPosition":[-11.0208,212.77,58.9529],"timeVisible":0.066911,"tipPosition":[-12.645,217.243,51.0932],"tipVelocity":[-48.0714,255.13,-178.55],"tool":false,"touchDistance":0.333333,"touchZone":"none","type":2,"width":18.4842},{"bases":[[[-0.339897,-0.934771,0.103309],[0.849554,-0.352301,-0.392609],[0.403395,-0.0456797,0.913885]],[[-0.363474,-0.93035,0.048323],[-0.0952144,-0.0145003,-0.995351],[0.926726,-0.366386,-0.0833122]],[[-0.363474,-0.93035,0.048323],[-0.931128,0.361141,-0.0507741],[0.0297863,-0.06345,-0.99754]],[[-0.363474,-0.93035,0.048323],[-0.74195,0.320458,0.588912],[-0.56338,0.178201,-0.806751]]],"btipPosition":[-7.00857,198.207,61.469],"carpPosition":[46.8672,181.591,72.5773],"dipPosition":[-16.8841,201.331,47.3274],"direction":[-0.0297863,0.06345,0.99754],"extended":false,"handId":356,"id":3563,"length":60.446,"mcpPosition":[22.7364,184.324,17.9094],"pipPosition":[-16.11,199.682,21.4017],"stabilizedTipPosition":[-8.90742,195.149,60.5665],"timeVisible":0.066911,"tipPosition":[-10.7791,200.677,53.754],"tipVelocity":[-111.226,175.177,-168.284],"tool":false,"touchDistance":0.333333,"touchZone":"none","type":3,"width":17.5889},{"bases":[[[-0.426591,-0.86263,0.271828],[0.818625,-0.496046,-0.289468],[0.384543,0.0990402,0.917779]],[[-0.477482,-0.867904,0.136944],[-0.0522213,-0.127551,-0.990456],[0.877088,-0.480077,0.0155805]],[[-0.477482,-0.867904,0.136944],[-0.873455,0.451953,-0.181152],[0.0953303,-0.206111,-0.973874]],[[-0.477482,-0.867904,0.136944],[-0.739216,0.481053,0.471325],[-0.474942,0.123818,-0.871263]]],"btipPosition":[-6.03135,183.575,56.1472],"carpPosition":[38.4273,171.354,75.5253],"dipPosition":[-13.7118,185.577,42.0577],"direction":[-0.0953303,0.206111,0.973874],"extended":false,"handId":356,"id":3564,"length":47.3885,"mcpPosition":[17.1336,165.87,24.7042],"pipPosition":[-11.9625,181.795,24.1873],"stabilizedTipPosition":[-6.23838,176.426,54.7845],"timeVisible":0.066911,"tipPosition":[-9.7828,184.498,47.2126],"tipVelocity":[-74.9189,212.128,-144.43],"tool":false,"touchDistance":0.333333,"touchZone":"none","type":4,"width":15.6239}],"r":[[0.994775,-0.101902,0.00617529],[0.102059,0.991182,-0.0845064],[0.00249055,0.0846951,0.996404]],"s":1.06866,"t":[-0.876114,2.43961,-15.9295],"timestamp":261431412366},{"currentFrameRate":29.7558,"devices":[],"gestures":[],"hands":[{"armBasis":[[-0.312694,-0.91831,-0.242754],[0.780763,-0.102943,-0.616289],[0.540954,-0.382243,0.749172]],"armWidth":61.649,"confidence":0.426849,"direction":[-0.24779,0.160798,-0.955376],"elbow":[188.277,84.0751,294.547],"grabAngle":3.14159,"grabStrength":1,"id":356,"palmNormal":[-0.945032,0.177039,0.274905],"palmPosition":[25.3511,204.453,36.0496],"palmVelocity":[-65.7036,225.491,-90.4721],"palmWidth":86.8926,"pinchDistance":28.4961,"pinchStrength":0.588475,"r":[[0.989382,-0.145064,0.00888937],[0.145112,0.982605,-0.11589],[0.0080768,0.11595,0.993222]],"s":1.08231,"sphereCenter":[-16.3632,212.571,32.4791],"sphereRadius":37.0856,"stabilizedPalmPosition":[28.0773,195.842,59.0003],"t":[-1.89765,5.82613,-20.3546],"timeVisible":0.086567,"type":"right","wrist":[48.7965,182.633,101.379]}],"id":212429,"interactionBox":{"center":[0,200,0],"size":[235.247,235.247,147.751]},"pointables":[{"bases":[[[0.711061,-0.517691,-0.475802],[0.691032,0.639511,0.336899],[0.129871,-0.56835,0.812472]],[[0.614375,-0.274101,-0.739873],[0.694267,0.633338,0.341872],[0.374882,-0.723707,0.579406]],[[0.614375,-0.274101,-0.739873],[0.505946,0.856411,0.102853],[0.605443,-0.437526,0.664838]],[[0.614375,-0.274101,-0.739873],[0.247161,0.957381,-0.149444],[0.749303,-0.0910532,0.655938]]],"btipPosition":[-16.3439,266.591,29.0064],"carpPosition":[37.346,216.097,92.2958],"dipPosition":[0.108546,264.592,43.4088],"direction":[-0.605443,0.437526,-0.664838],"extended":true,"handId":356,"id":3560,"length":48.8949,"mcpPosition":[37.346,216.097,92.2958],"pipPosition":[19.4755,250.596,64.6757],"stabilizedTipPosition":[-12.4771,264.924,32.8326],"timeVisible":0.086567,"tipPosition":[-10.7047,262.984,28.8447],"tipVelocity":[-1.64191,205.115,-78.5723],"tool":false,"touchDistance":1,"touchZone":"none","type":0,"width":19.7032},{"bases":[[[-0.251919,-0.930197,-0.266965],[0.903654,-0.127382,-0.40888],[0.346332,-0.344249,0.872666]],[[-0.224146,-0.954208,-0.198106],[-0.0423533,0.212624,-0.976216],[0.973635,-0.210425,-0.0880727]],[[-0.224146,-0.954208,-0.198106],[-0.963766,0.247201,-0.100232],[0.144614,0.168461,-0.975042]],[[-0.224146,-0.954208,-0.198106],[-0.850055,0.0920131,0.518595],[-0.476619,0.284642,-0.831753]]],"btipPosition":[-8.39842,231.241,54.2497],"carpPosition":[50.8172,206.956,76.5674],"dipPosition":[-16.0384,235.803,40.9171],"direction":[-0.144614,-0.168461,0.975042],"extended":false,"handId":356,"id":3561,"length":55.1725,"mcpPosition":[26.485,231.142,15.2568],"pipPosition":[-12.7591,239.623,18.8067],"stabilizedTipPosition":[-9.95156,227.192,54.4959],"timeVisible":0.086567,"tipPosition":[-10.1653,233.767,47.1223],"tipVelocity":[-96.8508,275.649,-127.907],"tool":false,"touchDistance":0.333333,"touchZone":"none","type":1,"width":18.8205},{"bases":[[[-0.353147,-0.932718,-0.0729686],[0.855439,-0.290336,-0.428869],[0.378828,-0.213874,0.900415]],[[-0.332522,-0.942763,-0.0250293],[-0.0848931,0.0563534,-0.994795],[0.939267,-0.328667,-0.0987728]],[[-0.332522,-0.942763,-0.0250293],[-0.941879,0.333324,-0.0419417],[0.047884,0.00962803,-0.998806]],[[-0.332522,-0.942763,-0.0250293],[-0.779171,0.259676,0.570491],[-0.531339,0.209203,-0.820922]]],"btipPosition":[-10.4633,221.289,57.9017],"carpPosition":[49.161,196.122,72.3064],"dipPosition":[-19.831,224.978,43.4285],"direction":[-0.047884,-0.00962803,0.998806],"extended":false,"handId":356,"id":3562,"length":62.8646,"mcpPosition":[23.9211,210.372,12.3151],"pipPosition":[-18.5535,225.234,16.7817],"stabilizedTipPosition":[-12.0211,218.637,56.2097],"timeVisible":0.086567,"tipPosition":[-13.3983,222.224,50.3907],"tipVelocity":[-117.483,289.158,-102.95],"tool":false,"touchDistance":0.333333,"touchZone":"none","type":2,"width":18.4842},{"bases":[[[-0.357025,-0.929467,0.0928691],[0.839663,-0.362903,-0.404064],[0.409267,-0.0662824,0.910004]],[[-0.375015,-0.925561,0.0519782],[-0.0893835,-0.0197069,-0.995802],[0.9227,-0.378086,-0.0753395]],[[-0.375015,-0.925561,0.0519782],[-0.924955,0.369851,-0.0875714],[0.0618284,-0.080918,-0.994801]],[[-0.375015,-0.925561,0.0519782],[-0.75856,0.338614,0.556711],[-0.53287,0.169346,-0.829079]]],"btipPosition":[-9.94882,204.099,59.4902],"carpPosition":[45.4769,185.151,70.3803],"dipPosition":[-19.2896,207.068,44.9572],"direction":[-0.0618284,0.080918,0.994801],"extended":false,"handId":356,"id":3563,"length":60.446,"mcpPosition":[20.9949,189.116,15.9446],"pipPosition":[-17.6827,204.965,19.1027],"stabilizedTipPosition":[-10.7413,200.687,58.026],"timeVisible":0.086567,"tipPosition":[-11.9513,205.499,52.7484],"tipVelocity":[-143.328,297.953,-105.254],"tool":false,"touchDistance":0.333333,"touchZone":"none","type":3,"width":17.5889},{"bases":[[[-0.441053,-0.858067,0.263046],[0.806748,-0.507471,-0.302706],[0.39323,0.0787022,0.916065]],[[-0.488983,-0.86096,0.140157],[-0.0441381,-0.13605,-0.989718],[0.871176,-0.490142,0.028525]],[[-0.488983,-0.86096,0.140157],[-0.859581,0.448265,-0.245312],[0.148376,-0.24043,-0.959259]],[[-0.488983,-0.86096,0.140157],[-0.760434,0.499459,0.415067],[-0.427359,0.0963804,-0.89893]]],"btipPosition":[-9.62234,189.791,53.7169],"carpPosition":[36.8641,175.037,73.2503],"dipPosition":[-16.5333,191.35,39.18],"direction":[-0.148376,0.24043,0.959259],"extended":false,"handId":356,"id":3564,"length":47.3885,"mcpPosition":[15.0894,170.678,22.524],"pipPosition":[-13.8106,186.938,21.5778],"stabilizedTipPosition":[-8.55023,182.805,52.7341],"timeVisible":0.086567,"tipPosition":[-11.2828,189.592,46.2008],"tipVelocity":[-173.688,311.064,-128.877],"tool":false,"touchDistance":0.333333,"touchZone":"none","type":4,"width":15.6239}],"r":[[0.989382,-0.145064,0.00888937],[0.145112,0.982605,-0.11589],[0.0080768,0.11595,0.993222]],"s":1.08231,"t":[-1.89765,5.82613,-20.3546],"timestamp":261431432022},{"currentFrameRate":31.7376,"devices":[],"gestures":[],"hands":[{"armBasis":[[-0.307548,-0.918742,-0.247643],[0.781593,-0.0954793,-0.616438],[0.542703,-0.383141,0.747447]],"armWidth":61.649,"confidence":0.507584,"direction":[-0.245235,0.18036,-0.952539],"elbow":[187.455,85.3322,292.021],"grabAngle":3.14159,"grabStrength":1,"id":356,"palmNormal":[-0.944553,0.176849,0.276665],"palmPosition":[24.2637,207.136,34.3211],"palmVelocity":[-55.3853,136.651,-88.0367],"palmWidth":86.8926,"pinchDistance":28.5922,"pinchStrength":0.588655,"r":[[0.983515,-0.180433,0.0119321],[0.180352,0.974014,-0.137006],[0.0130984,0.136899,0.990498]],"s":1.0921,"sphereCenter":[-17.8637,215.359,30.8292],"sphereRadius":37.291,"stabilizedPalmPosition":[27.7714,196.748,57.0206],"t":[-2.95213,8.86089,-23.4314],"timeVisible":0.106201,"type":"right","wrist":[47.524,184.122,99.298]}],"id":212430,"interactionBox":{"center":[0,200,0],"size":[235.247,235.247,147.751]},"pointables":[{"bases":[[[0.709115,-0.512333,-0.484428],[0.693854,0.629218,0.350215],[0.125385,-0.584465,0.801673]],[[0.618524,-0.271691,-0.7373],[0.700087,0.616616,0.360087],[0.356799,-0.738897,0.571599]],[[0.618524,-0.271691,-0.7373],[0.516062,0.848043,0.120429],[0.592543,-0.454981,0.664744]],[[0.618524,-0.271691,-0.7373],[0.265118,0.955457,-0.129672],[0.739689,-0.115266,0.663003]]],"btipPosition":[-15.9828,269.946,27.7301],"carpPosition":[36.2214,217.638,90.7995],"dipPosition":[0.258556,267.415,42.2876],"direction":[-0.592543,0.454981,-0.664744],"extended":true,"handId":356,"id":3560,"length":48.8949,"mcpPosition":[36.2214,217.638,90.7995],"pipPosition":[19.2128,252.861,63.5515],"stabilizedTipPosition":[-12.2898,268.543,31.4027],"timeVisible":0.106201,"tipPosition":[-11.527,266.255,28.4069],"tipVelocity":[15.9187,164.661,-63.1861],"tool":false,"touchDistance":1,"touchZone":"none","type":0,"width":19.7032},{"bases":[[[-0.25643,-0.923553,-0.28512],[0.90368,-0.124419,-0.409735],[0.342938,-0.362726,0.866501]],[[-0.235537,-0.943528,-0.232973],[-0.0135717,0.242888,-0.96996],[0.971771,-0.225299,-0.0700142]],[[-0.235537,-0.943528,-0.232973],[-0.955693,0.268414,-0.120851],[0.17656,0.194186,-0.964945]],[[-0.235537,-0.943528,-0.232973],[-0.860559,0.0910844,0.501141],[-0.45162,0.318524,-0.833415]]],"btipPosition":[-10.356,233.783,52.1069],"carpPosition":[49.6711,208.727,74.9217],"dipPosition":[-17.5952,238.888,38.7477],"direction":[-0.17656,-0.194186,0.964945],"extended":false,"handId":356,"id":3561,"length":55.1725,"mcpPosition":[25.5774,234.211,14.0442],"pipPosition":[-13.5915,243.292,16.8663],"stabilizedTipPosition":[-10.8926,230.723,52.0125],"timeVisible":0.106201,"tipPosition":[-11.1867,236.308,46.1429],"tipVelocity":[-95.0087,135.835,-109.447],"tool":false,"touchDistance":0.333333,"touchZone":"none","type":1,"width":18.8205},{"bases":[[[-0.358014,-0.929234,-0.0913761],[0.854627,-0.286698,-0.432916],[0.376083,-0.233082,0.896791]],[[-0.3464,-0.935899,-0.0640358],[-0.0600799,0.0902554,-0.994105],[0.936161,-0.34051,-0.0874932]],[[-0.3464,-0.935899,-0.0640358],[-0.934834,0.350073,-0.0594484],[0.0780549,0.0392699,-0.996175]],[[-0.3464,-0.935899,-0.0640358],[-0.79681,0.25752,0.546606],[-0.495077,0.240368,-0.834938]]],"btipPosition":[-12.7808,223.628,55.9552],"carpPosition":[47.9644,197.986,70.4516],"dipPosition":[-21.5092,227.865,41.2349],"direction":[-0.0780549,-0.0392699,0.996175],"extended":false,"handId":356,"id":3562,"length":62.8646,"mcpPosition":[22.9073,213.515,10.7017],"pipPosition":[-19.4268,228.913,14.6583],"stabilizedTipPosition":[-13.6498,222.148,54.0671],"timeVisible":0.106201,"tipPosition":[-14.4449,224.82,49.2241],"tipVelocity":[-110.545,125.538,-102.036],"tool":false,"touchDistance":0.333333,"touchZone":"none","type":2,"width":18.4842},{"bases":[[[-0.362168,-0.929132,0.0744869],[0.838418,-0.359639,-0.40953],[0.407296,-0.0858673,0.909251]],[[-0.385323,-0.922536,0.021289],[-0.072235,0.00715522,-0.997362],[0.91995,-0.385844,-0.0693965]],[[-0.385323,-0.922536,0.021289],[-0.9177,0.380681,-0.113616],[0.096711,-0.063316,-0.993297]],[[-0.385323,-0.922536,0.021289],[-0.77889,0.337523,0.528591],[-0.49483,0.187096,-0.84861]]],"btipPosition":[-12.541,206.75,57.519],"carpPosition":[44.225,187.073,68.31],"dipPosition":[-21.2149,210.029,42.6437],"direction":[-0.096711,0.063316,0.993297],"extended":false,"handId":356,"id":3563,"length":60.446,"mcpPosition":[19.8609,192.21,13.9193],"pipPosition":[-18.7015,208.384,16.8282],"stabilizedTipPosition":[-12.8764,204.523,55.8157],"timeVisible":0.106201,"tipPosition":[-13.1872,208.017,51.2399],"tipVelocity":[-124.215,138.631,-104.405],"tool":false,"touchDistance":0.333333,"touchZone":"none","type":3,"width":17.5889},{"bases":[[[-0.446113,-0.860545,0.245858],[0.804549,-0.505939,-0.311009],[0.392026,0.0590594,0.918056]],[[-0.499096,-0.859835,0.107639],[-0.0251478,-0.109792,-0.993636],[0.866182,-0.498627,0.0331739]],[[-0.499096,-0.859835,0.107639],[-0.846174,0.456811,-0.274433],[0.186796,-0.22805,-0.955563]],[[-0.499096,-0.859835,0.107639],[-0.773252,0.49798,0.392552],[-0.391132,0.112689,-0.913409]]],"btipPosition":[-11.992,192.586,51.3401],"carpPosition":[35.553,176.952,70.9717],"dipPosition":[-18.3171,194.408,36.5691],"direction":[-0.186796,0.22805,0.955563],"extended":false,"handId":356,"id":3564,"length":47.3885,"mcpPosition":[13.8449,173.682,20.1352],"pipPosition":[-14.8894,190.223,19.0347],"stabilizedTipPosition":[-10.7055,187.295,50.6252],"timeVisible":0.106201,"tipPosition":[-12.5374,192.334,44.3984],"tipVelocity":[-113.827,145.398,-123.796],"tool":false,"touchDistance":0.333333,"touchZone":"none","type":4,"width":15.6239}],"r":[[0.983515,-0.180433,0.0119321],[0.180352,0.974014,-0.137006],[0.0130984,0.136899,0.990498]],"s":1.0921,"t":[-2.95213,8.86089,-23.4314],"timestamp":261431451656},{"currentFrameRate":33.5214,"devices":[],"gestures":[],"hands":[{"armBasis":[[-0.311348,-0.914952,-0.25676],[0.781914,-0.0930997,-0.616395],[0.540068,-0.392678,0.7444]],"armWidth":61.649,"confidence":0.580564,"direction":[-0.248414,0.188739,-0.950088],"elbow":[185.978,84.647,289.802],"grabAngle":3.14159,"grabStrength":1,"id":356,"palmNormal":[-0.943154,0.176446,0.281653],"palmPosition":[23.3224,209.516,33.1511],"palmVelocity":[-47.7497,120.74,-59.3565],"palmWidth":86.8926,"pinchDistance":28.1652,"pinchStrength":0.606537,"r":[[0.977832,-0.208927,0.0139407],[0.208586,0.966076,-0.152283],[0.0183481,0.151815,0.988239]],"s":1.09784,"sphereCenter":[-19.2083,217.548,29.8912],"sphereRadius":37.3898,"stabilizedPalmPosition":[27.2755,198.171,54.3601],"t":[-3.94999,11.5683,-25.5548],"timeVisible":0.125913,"type":"right","wrist":[46.7259,185.896,97.8644]}],"id":212431,"interactionBox":{"center":[0,200,0],"size":[235.247,235.247,147.751]},"pointables":[{"bases":[[[0.70626,-0.509723,-0.491304],[0.696436,0.624901,0.352812],[0.127179,-0.591339,0.796332]],[[0.618581,-0.273532,-0.736571],[0.702592,0.612227,0.362688],[0.351742,-0.741861,0.570894]],[[0.618581,-0.273532,-0.736571],[0.518548,0.846421,0.121157],[0.590309,-0.456893,0.66542]],[[0.618581,-0.273532,-0.736571],[0.268327,0.954629,-0.129166],[0.738484,-0.117742,0.663912]]],"btipPosition":[-16.3533,272.091,26.592],"carpPosition":[35.5119,219.526,89.6693],"dipPosition":[-0.138418,269.506,41.1695],"direction":[-0.590309,0.456893,-0.66542],"extended":true,"handId":356,"id":3560,"length":48.8949,"mcpPosition":[35.5119,219.526,89.6693],"pipPosition":[18.7444,254.89,62.455],"stabilizedTipPosition":[-12.5606,270.937,30.2208],"timeVisible":0.125913,"tipPosition":[-12.3831,268.901,27.9721],"tipVelocity":[-19.1047,108.156,-57.5034],"tool":false,"touchDistance":1,"touchZone":"none","type":0,"width":19.7032},{"bases":[[[-0.259373,-0.920642,-0.291795],[0.901891,-0.122833,-0.41413],[0.345424,-0.370581,0.862179]],[[-0.237893,-0.941469,-0.238838],[0.00260249,0.245278,-0.969449],[0.971288,-0.231246,-0.0558998]],[[-0.237893,-0.941469,-0.238838],[-0.951001,0.27577,-0.139814],[0.197495,0.193874,-0.960942]],[[-0.237893,-0.941469,-0.238838],[-0.8685,0.0960904,0.486287],[-0.434874,0.323115,-0.840525]]],"btipPosition":[-12.0413,236.5,50.6112],"carpPosition":[48.8842,210.719,73.6681],"dipPosition":[-19.0121,241.68,37.1381],"direction":[-0.197495,-0.193874,0.960941],"extended":false,"handId":356,"id":3561,"length":55.1725,"mcpPosition":[24.6158,236.755,13.0943],"pipPosition":[-14.5337,246.076,15.3474],"stabilizedTipPosition":[-12.2073,234.052,49.8626],"timeVisible":0.125913,"tipPosition":[-12.1409,238.59,45.5028],"tipVelocity":[-82.3652,138.725,-77.2072],"tool":false,"touchDistance":0.333333,"touchZone":"none","type":1,"width":18.8205},{"bases":[[[-0.360245,-0.927725,-0.0977253],[0.852422,-0.284816,-0.43847],[0.378946,-0.24126,0.893417]],[[-0.35199,-0.932712,-0.0784369],[-0.0450652,0.10059,-0.993907],[0.934918,-0.34631,-0.0774395]],[[-0.35199,-0.932712,-0.0784369],[-0.930453,0.357784,-0.0790453],[0.10179,0.0451587,-0.99378]],[[-0.35199,-0.932712,-0.0784369],[-0.807834,0.260396,0.528771],[-0.472766,0.249486,-0.845133]]],"btipPosition":[-14.7674,226.15,54.5052],"carpPosition":[47.1389,200.019,69.1156],"dipPosition":[-23.1025,230.549,39.6052],"direction":[-0.10179,-0.0451587,0.99378],"extended":false,"handId":356,"id":3562,"length":62.8646,"mcpPosition":[21.8911,216.093,9.59055],"pipPosition":[-20.3868,231.754,13.0924],"stabilizedTipPosition":[-15.4433,225.111,52.3007],"timeVisible":0.125913,"tipPosition":[-15.4031,227.154,48.5588],"tipVelocity":[-96.1923,129.851,-75.6552],"tool":false,"touchDistance":0.333333,"touchZone":"none","type":2,"width":18.4842},{"bases":[[[-0.363781,-0.928988,0.0681472],[0.836152,-0.357916,-0.415628],[0.410505,-0.0942162,0.906978]],[[-0.387742,-0.921667,0.0136385],[-0.0624116,0.0114885,-0.997984],[0.919653,-0.387811,-0.0619773]],[[-0.387742,-0.921667,0.0136385],[-0.913988,0.382509,-0.135323],[0.119506,-0.0649359,-0.990708]],[[-0.387742,-0.921667,0.0136385],[-0.792028,0.340699,0.506573],[-0.471539,0.185618,-0.862089]]],"btipPosition":[-14.5769,209.459,56.1008],"carpPosition":[43.3693,189.133,66.8977],"dipPosition":[-22.8426,212.712,40.9891],"direction":[-0.119506,0.0649359,0.990708],"extended":false,"handId":356,"id":3563,"length":60.446,"mcpPosition":[18.8132,194.768,12.643],"pipPosition":[-19.7366,211.025,15.241],"stabilizedTipPosition":[-14.9446,207.787,53.9835],"timeVisible":0.125913,"tipPosition":[-14.2505,210.322,50.4034],"tipVelocity":[-98.5178,137.123,-74.7076],"tool":false,"touchDistance":0.333333,"touchZone":"none","type":3,"width":17.5889},{"bases":[[[-0.446947,-0.861655,0.240393],[0.802352,-0.504959,-0.318196],[0.395564,0.0506629,0.91704]],[[-0.50278,-0.859115,0.0955741],[-0.0134545,-0.102774,-0.994614],[0.86431,-0.501358,0.0401137]],[[-0.50278,-0.859115,0.0955741],[-0.838594,0.45795,-0.295028],[0.209695,-0.228482,-0.950697]],[[-0.50278,-0.859115,0.0955741],[-0.781848,0.499125,0.373616],[-0.368682,0.113122,-0.922647]]],"btipPosition":[-13.7753,195.197,49.7626],"carpPosition":[34.6867,179.007,69.508],"dipPosition":[-19.7374,197.026,34.8422],"direction":[-0.209695,0.228482,0.950697],"extended":false,"handId":356,"id":3564,"length":47.3885,"mcpPosition":[12.7827,176.202,18.7278],"pipPosition":[-15.8895,192.834,17.3971],"stabilizedTipPosition":[-12.669,190.974,48.7266],"timeVisible":0.125913,"tipPosition":[-13.572,194.76,43.4294],"tipVelocity":[-86.2339,132.549,-81.7728],"tool":false,"touchDistance":0.333333,"touchZone":"none","type":4,"width":15.6239}],"r":[[0.977832,-0.208927,0.0139407],[0.208586,0.966076,-0.152283],[0.0183481,0.151815,0.988239]],"s":1.09784,"t":[-3.94999,11.5683,-25.5548],"timestamp":261431471368},{"currentFrameRate":35.1432,"devices":[],"gestures":[],"hands":[{"armBasis":[[-0.314364,-0.909653,-0.27149],[0.783653,-0.0872588,-0.61504],[0.535783,-0.4061,0.740283]],"armWidth":61.649,"confidence":0.645165,"direction":[-0.250441,0.193468,-0.948604],"elbow":[183.914,82.6903,287.32],"grabAngle":3.14159,"grabStrength":1,"id":356,"palmNormal":[-0.943452,0.171057,0.283968],"palmPosition":[22.254,211.434,31.914],"palmVelocity":[-54.2963,97.4841,-62.8689],"palmWidth":86.8926,"pinchDistance":27.7662,"pinchStrength":0.622827,"r":[[0.972872,-0.23083,0.0153939],[0.230203,0.95934,-0.163322],[0.0229317,0.162436,0.986453]],"s":1.10083,"sphereCenter":[-20.5917,219.122,28.7639],"sphereRadius":37.4376,"stabilizedPalmPosition":[26.6367,199.859,51.5045],"t":[-4.98312,13.8811,-27.2351],"timeVisible":