{"frames":332,"data":[{"currentFrameRate":25.9177,"devices":[],"gestures":[],"hands":[],"id":212866,"interactionBox":{"center":[0,200,0],"size":[235.247,235.247,147.751]},"pointables":[],"r":[[-0.0794966,-0.728761,-0.680138],[0.446709,0.583909,-0.677865],[0.891141,-0.357712,0.279125]],"s":-5.62558,"t":[894.675,787.691,741.58],"timestamp":261445107188},{"currentFrameRate":26.0987,"devices":[],"gestures":[],"hands":[],"id":212867,"interactionBox":{"center":[0,200,0],"size":[235.247,235.247,147.751]},"pointables":[],"r":[[-0.0794966,-0.728761,-0.680138],[0.446709,0.583909,-0.677865],[0.891141,-0.357712,0.279125]],"s":-5.62558,"t":[894.675,787.691,741.58],"timestamp":261445144242},{"currentFrameRate":26.2568,"devices":[],"gestures":[],"hands":[],"id":212868,"interactionBox":{"center":[0,200,0],"size":[235.247,235.247,147.751]},"pointables":[],"r":[[-0.0794966,-0.728761,-0.680138],[0.446709,0.583909,-0.677865],[0.891141,-0.357712,0.279125]],"s":-5.62558,"t":[894.675,787.691,741.58],"timestamp":261445181231},{"currentFrameRate":26.3729,"devices":[],"gestures":[],"hands":[],"id":212869,"interactionBox":{"center":[0,200,0],"size":[235.247,235.247,147.751]},"pointables":[],"r":[[-0.0794966,-0.728761,-0.680138],[0.446709,0.583909,-0.677865],[0.891141,-0.357712,0.279125]],"s":-5.62558,"t":[894.675,787.691,741.58],"timestamp":261445218347},{"currentFrameRate":26.4641,"devices":[],"gestures":[],"hands":[],"id":212870,"interactionBox":{"center":[0,200,0],"size":[235.247,235.247,147.751]},"pointables":[],"r":[[-0.0794966,-0.728761,-0.680138],[0.446709,0.583909,-0.677865],[0.891141,-0.357712,0.279125]],"s":-5.62558,"t":[894.675,787.691,741.58],"timestamp":261445255507},{"currentFrameRate":26.5696,"devices":[],"gestures":[],"hands":[],"id":212871,"interactionBox":{"center":[0,200,0],"size":[235.247,235.247,147.751]},"pointables":[],"r":[[-0.0794966,-0.728761,-0.680138],[0.446709,0.583909,-0.677865],[0.891141,-0.357712,0.279125]],"s":-5.62558,"t":[894.675,787.691,741.58],"timestamp":261445292421},{"currentFrameRate":26.6139,"devices":[],"gestures":[],"hands":[],"id":212872,"interactionBox":{"center":[0,200,0],"size":[235.247,235.247,147.751]},"pointables":[],"r":[[-0.0794966,-0.728761,-0.680138],[0.446709,0.583909,-0.677865],[0.891141,-0.357712,0.279125]],"s":-5.62558,"t":[894.675,787.691,741.58],"timestamp":261445329693},{"currentFrameRate":26.711,"devices":[],"gestures":[],"hands":[],"id":212873,"interactionBox":{"center":[0,200,0],"size":[235.247,235.247,147.751]},"pointables":[],"r":[[-0.0794966,-0.728761,-0.680138],[0.446709,0.583909,-0.677865],[0.891141,-0.357712,0.279125]],"s":-5.62558,"t":[894.675,787.691,741.58],"timestamp":261445366468},{"currentFrameRate":26.7429,"devices":[],"gestures":[],"hands":[],"id":212874,"interactionBox":{"center":[0,200,0],"size":[235.247,235.247,147.751]},"pointables":[],"r":[[-0.0794966,-0.728761,-0.680138],[0.446709,0.583909,-0.677865],[0.891141,-0.357712,0.279125]],"s":-5.62558,"t":[894.675,787.691,741.58],"timestamp":261445403644},{"currentFrameRate":26.8045,"devices":[],"gestures":[],"hands":[],"id":212875,"interactionBox":{"center":[0,200,0],"size":[235.247,235.247,147.751]},"pointables":[],"r":[[-0.0794966,-0.728761,-0.680138],[0.446709,0.583909,-0.677865],[0.891141,-0.357712,0.279125]],"s":-5.62558,"t":[894.675,787.691,741.58],"timestamp":261445440533},{"currentFrameRate":26.8384,"devices":[],"gestures":[],"hands":[{"armBasis":[[-0.0558252,-0.996931,-0.0548805],[0.892752,-0.025228,-0.449841],[0.447076,-0.0741071,0.891421]],"armWidth":60.8506,"confidence":0,"direction":[0.0742436,0.0727986,-0.994579],"elbow":[176.344,133.028,352.222],"grabAngle":3.14159,"grabStrength":1,"id":357,"palmNormal":[-0.994965,0.0727406,-0.0689481],"palmPosition":[57.2947,165.003,51.1929],"palmVelocity":[1.19209e-7,1.19209e-7,1.19209e-7],"palmWidth":86.8926,"pinchDistance":24.6089,"pinchStrength":0.70905,"r":[[1,4.51028e-18,0],[-4.51028e-18,1,2.77556e-18],[1.25185e-35,-2.77556e-18,1]],"s":1,"sphereCenter":[17.1318,166.196,33.2707],"sphereRadius":37.2141,"stabilizedPalmPosition":[57.2947,165.003,51.1929],"t":[0,0,0],"timeVisible":0,"type":"right","wrist":[61.0693,152.136,122.376]}],"id":212876,"interactionBox":{"center":[0,200,0],"size":[235.247,235.247,147.751]},"pointables":[{"bases":[[[0.877319,-0.451117,-0.163725],[0.470172,0.73958,0.481623],[-0.0961802,-0.499516,0.860949]],[[0.854548,-0.245052,-0.457928],[0.457059,0.773568,0.438964],[0.246669,-0.584416,0.773054]],[[0.854548,-0.245052,-0.457928],[0.353919,0.920044,0.168108],[0.380119,-0.305726,0.87295]],[[0.854548,-0.245052,-0.457928],[0.188492,0.967907,-0.16621],[0.483962,0.0557186,0.873313]]],"btipPosition":[13.4574,217.868,22.0645],"carpPosition":[48.4092,181.3,106.858],"dipPosition":[24.2738,219.113,41.5828],"direction":[-0.380119,0.305726,-0.87295],"extended":false,"handId":357,"id":3570,"length":49.7695,"mcpPosition":[48.4092,181.3,106.858],"pipPosition":[36.6505,209.159,70.0063],"stabilizedTipPosition":[15.9452,218.154,26.5537],"timeVisible":0,"tipPosition":[15.9452,218.154,26.5537],"tipVelocity":[1.19209e-7,1.19209e-7,1.19209e-7],"tool":false,"touchDistance":1,"touchZone":"none","type":0,"width":19.3381},{"bases":[[[-0.0539056,-0.968347,-0.243719],[0.996491,-0.0365158,-0.0753181],[0.0640344,-0.246924,0.966917]],[[-0.0509572,-0.978515,-0.199781],[0.387802,0.164957,-0.906862],[0.920333,-0.123687,0.371064]],[[-0.0509572,-0.978515,-0.199781],[-0.820243,0.155126,-0.550579],[0.569741,0.135813,-0.810525]],[[-0.0509572,-0.978515,-0.199781],[-0.994323,0.0309978,0.101792],[-0.0934121,0.203834,-0.974539]]],"btipPosition":[13.3435,188.986,48.8353],"carpPosition":[67.2281,173.024,97.3823],"dipPosition":[11.8193,192.312,32.9346],"direction":[-0.569741,-0.135813,0.810525],"extended":false,"handId":357,"id":3571,"length":56.1593,"mcpPosition":[62.7293,190.372,29.45],"pipPosition":[24.9701,195.447,14.2261],"stabilizedTipPosition":[12.9929,189.751,45.1782],"timeVisible":0,"tipPosition":[12.9929,189.751,45.1782],"tipVelocity":[1.19209e-7,1.19209e-7,1.19209e-7],"tool":false,"touchDistance":0.333333,"touchZone":"none","type":1,"width":18.4718},{"bases":[[[-0.213841,-0.972296,-0.0944099],[0.974195,-0.205113,-0.0941907],[0.0722165,-0.112115,0.991068]],[[-0.209126,-0.977269,-0.0348116],[0.274556,-0.0245109,-0.961259],[0.938555,-0.210582,0.273441]],[[-0.209126,-0.977269,-0.0348116],[-0.897699,0.205973,-0.389501],[0.387817,-0.0502043,-0.920368]],[[-0.209126,-0.977269,-0.0348116],[-0.930752,0.188,0.313619],[-0.299945,0.0979867,-0.948911]]],"btipPosition":[15.0231,178.607,57.2857],"carpPosition":[68.185,161.84,93.8809],"dipPosition":[9.64038,180.366,40.2568],"direction":[-0.387817,0.0502043,0.920368],"extended":false,"handId":357,"id":3572,"length":63.9891,"mcpPosition":[63.3735,169.309,27.8498],"pipPosition":[20.1719,179.002,15.2634],"stabilizedTipPosition":[13.7851,179.012,53.369],"timeVisible":0,"tipPosition":[13.7851,179.012,53.369],"tipVelocity":[1.19209e-7,1.19209e-7,1.19209e-7],"tool":false,"touchDistance":0.333333,"touchZone":"none","type":2,"width":18.1417},{"bases":[[[-0.273709,-0.95995,0.0598339],[0.958234,-0.277524,-0.0690541],[0.0828938,0.0384341,0.995817]],[[-0.268246,-0.955917,0.119439],[0.234927,-0.185151,-0.954216],[0.934266,-0.227905,0.274237]],[[-0.268246,-0.955917,0.119439],[-0.904233,0.207078,-0.373473],[0.332276,-0.208184,-0.91992]],[[-0.268246,-0.955917,0.119439],[-0.909192,0.292198,0.296631],[-0.318455,-0.0290231,-0.947494]]],"btipPosition":[18.5399,163.85,61.8931],"carpPosition":[66.4696,150.4,91.9213],"dipPosition":[12.8578,163.333,44.9873],"direction":[-0.332276,0.208184,0.91992],"extended":false,"handId":357,"id":3573,"length":61.5272,"mcpPosition":[61.5109,148.101,32.3523],"pipPosition":[21.648,157.825,20.6513],"stabilizedTipPosition":[17.233,163.731,58.0048],"timeVisible":0,"tipPosition":[17.233,163.731,58.0048],"tipVelocity":[1.19209e-7,1.19209e-7,1.19209e-7],"tool":false,"touchDistance":0.333333,"touchZone":"none","type":3,"width":17.263},{"bases":[[[-0.416816,-0.88991,0.185268],[0.90753,-0.41896,0.0293442],[0.0515064,0.180368,0.98225]],[[-0.41501,-0.883862,0.215764],[0.270455,-0.346279,-0.898301],[0.868689,-0.31445,0.382754]],[[-0.41501,-0.883862,0.215764],[-0.815568,0.256295,-0.518808],[0.403255,-0.391281,-0.827215]],[[-0.41501,-0.883862,0.215764],[-0.883074,0.448396,0.138281],[-0.21897,-0.133147,-0.966604]]],"btipPosition":[22.3252,149.599,56.814],"carpPosition":[58.4379,139.468,92.7679],"dipPosition":[18.7208,147.407,40.9031],"direction":[-0.403255,0.391281,0.827215],"extended":false,"handId":357,"id":3574,"length":48.2362,"mcpPosition":[55.5858,129.481,38.3768],"pipPosition":[26.2528,140.099,25.4524],"stabilizedTipPosition":[21.4962,149.095,53.1545],"timeVisible":0,"tipPosition":[21.4962,149.095,53.1545],"tipVelocity":[1.19209e-7,1.19209e-7,1.19209e-7],"tool":false,"touchDistance":0.333333,"touchZone":"none","type":4,"width":15.3344}],"r":[[1,4.51028e-18,0],[-4.51028e-18,1,2.77556e-18],[1.25185e-35,-2.77556e-18,1]],"s":1,"t":[0,0,0],"timestamp":261445477563},{"currentFrameRate":26.8535,"devices":[],"gestures":[],"hands":[{"armBasis":[[-0.130852,-0.98505,-0.112049],[0.863949,-0.0578625,-0.500243],[0.486281,-0.162262,0.858605]],"armWidth":61.649,"confidence":0.19318,"direction":[0.0705183,0.0945174,-0.993023],"elbow":[185.536,115.409,337.212],"grabAngle":3.14159,"grabStrength":1,"id":357,"palmNormal":[-0.989567,0.132008,-0.0577083],"palmPosition":[56.1426,172.615,45.1852],"palmVelocity":[-31.0213,204.973,-161.771],"palmWidth":86.8926,"pinchDistance":22.777,"pinchStrength":0.780874,"r":[[0.999931,-0.0115816,-0.0018773],[0.0115912,0.999919,0.00516292],[0.00181736,-0.00518433,0.999985]],"s":0.995006,"sphereCenter":[16.0161,174.655,27.4687],"sphereRadius":37.3276,"stabilizedPalmPosition":[57.1051,166.255,50.2046],"t":[-0.576019,3.80604,-3.00384],"timeVisible":0.037137,"type":"right","wrist":[60.1523,157.247,115.828]}],"id":212877,"interactionBox":{"center":[0,200,0],"size":[235.247,235.247,147.751]},"pointables":[{"bases":[[[0.848302,-0.496686,-0.183538],[0.516136,0.698194,0.496115],[-0.118269,-0.515585,0.848637]],[[0.833567,-0.276309,-0.47835],[0.502076,0.740098,0.447409],[0.230403,-0.613114,0.755649]],[[0.833567,-0.276309,-0.47835],[0.394093,0.904243,0.164424],[0.387113,-0.325573,0.862639]],[[0.833567,-0.276309,-0.47835],[0.215015,0.959918,-0.179794],[0.508856,0.0470179,0.859567]]],"btipPosition":[14.1186,226.538,18.8436],"carpPosition":[48.6577,187.929,101.333],"dipPosition":[25.2915,227.57,37.7171],"direction":[-0.387113,0.325573,-0.862639],"extended":false,"handId":357,"id":3570,"length":48.8949,"mcpPosition":[48.6577,187.929,101.333],"pipPosition":[37.6745,217.156,65.3112],"stabilizedTipPosition":[16.1609,220.657,25.5757],"timeVisible":0.037137,"tipPosition":[17.6059,228.425,22.4396],"tipVelocity":[20.0123,232.142,-90.7246],"tool":false,"touchDistance":1,"touchZone":"none","type":0,"width":19.7032},{"bases":[[[-0.112009,-0.956855,-0.268111],[0.99206,-0.0921494,-0.085583],[0.0571842,-0.275568,0.959579]],[[-0.109796,-0.966473,-0.232108],[0.391897,0.172509,-0.903691],[0.913434,-0.190184,0.359817]],[[-0.109796,-0.966473,-0.232108],[-0.782306,0.228079,-0.579636],[0.613142,0.117938,-0.78112]],[[-0.109796,-0.966473,-0.232108],[-0.993396,0.0988773,0.0582005],[-0.0332991,0.236965,-0.970947]]],"btipPosition":[12.6835,199.383,42.8279],"carpPosition":[66.8887,178.83,91.471],"dipPosition":[12.1497,203.182,27.2641],"direction":[-0.613142,-0.117938,0.78112],"extended":false,"handId":357,"id":3571,"length":55.1725,"mcpPosition":[62.8712,198.19,24.0542],"pipPosition":[26.0536,205.856,9.55111],"stabilizedTipPosition":[12.8424,193.409,43.1133],"timeVisible":0.037137,"tipPosition":[13.2489,200.053,40.1496],"tipVelocity":[-11.6371,282.892,-159.678],"tool":false,"touchDistance":0.333333,"touchZone":"none","type":1,"width":18.8205},{"bases":[[[-0.270723,-0.955465,-0.117459],[0.959857,-0.258618,-0.10859],[0.073377,-0.142141,0.987123]],[[-0.26599,-0.962121,-0.0597745],[0.283024,-0.0186692,-0.958931],[0.921491,-0.271984,0.277269]],[[-0.26599,-0.962121,-0.0597745],[-0.856287,0.264301,-0.443754],[0.442743,-0.0668503,-0.894153]],[[-0.26599,-0.962121,-0.0597745],[-0.933234,0.241478,0.266014],[-0.241503,0.126541,-0.962114]]],"btipPosition":[13.0527,189.027,50.1839],"carpPosition":[67.1664,167.705,87.6733],"dipPosition":[8.79495,191.258,33.2214],"direction":[-0.442743,0.0668503,0.894153],"extended":false,"handId":357,"id":3572,"length":62.8646,"mcpPosition":[62.2775,177.175,21.905],"pipPosition":[20.6068,189.474,9.36663],"stabilizedTipPosition":[13.227,182.444,51.0585],"timeVisible":0.037137,"tipPosition":[13.3261,189.127,47.8617],"tipVelocity":[-46.0899,283.496,-190.82],"tool":false,"touchDistance":0.333333,"touchZone":"none","type":2,"width":18.4842},{"bases":[[[-0.328557,-0.943735,0.0376074],[0.939912,-0.33062,-0.0851818],[0.0928228,0.00736056,0.995655]],[[-0.326549,-0.943376,0.0583665],[0.238687,-0.142057,-0.96065],[0.914546,-0.299768,0.27156]],[[-0.326549,-0.943376,0.0583665],[-0.866032,0.273897,-0.418294],[0.378622,-0.187141,-0.906435]],[[-0.326549,-0.943376,0.0583665],[-0.906372,0.330057,0.263728],[-0.268059,0.0332185,-0.96283]]],"btipPosition":[15.7439,172.846,54.9282],"carpPosition":[64.7737,156.439,85.4353],"dipPosition":[11.045,173.428,38.0507],"direction":[-0.378622,0.187141,0.906435],"extended":false,"handId":357,"id":3573,"length":60.446,"mcpPosition":[59.2211,155.999,25.876],"pipPosition":[20.8853,168.565,14.4928],"stabilizedTipPosition":[16.5719,166.111,56.2147],"timeVisible":0.037137,"tipPosition":[15.9481,173.423,52.1778],"tipVelocity":[-69.1995,249.037,-187.371],"tool":false,"touchDistance":0.333333,"touchZone":"none","type":3,"width":17.5889},{"bases":[[[-0.466359,-0.868853,0.166145],[0.881851,-0.471423,0.0100052],[0.0696315,0.151181,0.986051]],[[-0.470666,-0.878756,0.0791215],[0.290777,-0.239155,-0.92642],[0.83302,-0.413028,0.368084]],[[-0.470666,-0.878756,0.0791215],[-0.747282,0.349353,-0.565263],[0.469088,-0.325177,-0.821107]],[[-0.470666,-0.878756,0.0791215],[-0.872181,0.476938,0.108768],[-0.133316,-0.0178149,-0.990913]]],"btipPosition":[18.1854,157.557,50.3542],"carpPosition":[56.1272,145.972,86.0749],"dipPosition":[16.0295,157.269,34.3298],"direction":[-0.469088,0.325177,0.821107],"extended":false,"handId":357,"id":3574,"length":47.3885,"mcpPosition":[52.2714,137.601,31.4733],"pipPosition":[24.6372,151.302,19.2626],"stabilizedTipPosition":[20.5652,151.148,51.5683],"timeVisible":0.037137,"tipPosition":[19.2501,158.587,47.0165],"tipVelocity":[-102.502,226.094,-174.648],"tool":false,"touchDistance":0.333333,"touchZone":"none","type":4,"width":15.6239}],"r":[[0.999931,-0.0115816,-0.0018773],[0.0115912,0.999919,0.00516292],[0.00181736,-0.00518433,0.999985]],"s":0.995006,"t":[-0.576019,3.80604,-3.00384],"timestamp":261445514700},{"currentFrameRate":26.8585,"devices":[],"gestures":[],"hands":[{"armBasis":[[-0.138321,-0.967685,-0.210841],[0.848305,-0.00589326,-0.529475],[0.511122,-0.252095,0.821707]],"armWidth":61.649,"confidence":0.372738,"direction":[0.0513556,0.102375,-0.993419],"elbow":[190.831,99.4105,322.14],"grabAngle":3.14159,"grabStrength":1,"id":357,"palmNormal":[-0.996006,0.0779938,-0.0434518],"palmPosition":[53.1371,181.068,39.9857],"palmVelocity":[-80.7979,227.247,-139.78],"palmWidth":86.8926,"pinchDistance":23.5519,"pinchStrength":0.774953,"r":[[0.999932,-0.00991132,-0.0061881],[0.0099743,0.999898,0.0102321],[0.00608605,-0.0102931,0.999929]],"s":0.994718,"sphereCenter":[12.3403,181.15,22.6279],"sphereRadius":37.648,"stabilizedPalmPosition":[55.6277,171.77,46.3996],"t":[-2.36679,9.93564,-7.10554],"timeVisible":0.074335,"type":"right","wrist":[59.0426,164.411,110.269]}],"id":212878,"interactionBox":{"center":[0,200,0],"size":[235.247,235.247,147.751]},"pointables":[{"bases":[[[0.871488,-0.448834,-0.197627],[0.484162,0.723268,0.492414],[-0.0780752,-0.524816,0.847627]],[[0.841251,-0.230041,-0.489263],[0.472198,0.753354,0.457698],[0.263298,-0.616068,0.742384]],[[0.841251,-0.230041,-0.489263],[0.351793,0.920088,0.172275],[0.410534,-0.317046,0.854952]],[[0.841251,-0.230041,-0.489263],[0.164502,0.970966,-0.173679],[0.515011,0.0656232,0.854668]]],"btipPosition":[8.62245,233.784,14.8023],"carpPosition":[45.6141,195.716,96.3057],"dipPosition":[19.9305,235.225,33.5682],"direction":[-0.410534,0.317046,-0.854952],"extended":false,"handId":357,"id":3570,"length":48.8949,"mcpPosition":[45.6141,195.716,96.3057],"pipPosition":[33.0627,225.083,60.9164],"stabilizedTipPosition":[13.4794,227.966,22.069],"timeVisible":0.074335,"tipPosition":[11.292,234.729,18.136],"tipVelocity":[-146.918,197.33,-109.309],"tool":false,"touchDistance":1,"touchZone":"none","type":0,"width":19.7032},{"bases":[[[-0.0633727,-0.960416,-0.271264],[0.994316,-0.0374607,-0.0996617],[0.085555,-0.276038,0.957331]],[[-0.0623267,-0.963705,-0.259593],[0.396624,0.214762,-0.892506],[0.915863,-0.158588,0.368843]],[[-0.0623267,-0.963705,-0.259593],[-0.798312,0.204242,-0.566554],[0.59901,0.171924,-0.782067]],[[-0.0623267,-0.963705,-0.259593],[-0.996747,0.0467876,0.0656204],[-0.051093,0.262838,-0.963486]]],"btipPosition":[8.48395,205.341,37.2024],"carpPosition":[64.1746,187.667,86.1495],"dipPosition":[7.66495,209.554,21.7582],"direction":[-0.59901,-0.171924,0.782067],"extended":false,"handId":357,"id":3571,"length":55.1725,"mcpPosition":[58.1638,207.061,18.8906],"pipPosition":[21.2483,213.453,4.02373],"stabilizedTipPosition":[11.0532,198.486,39.3894],"timeVisible":0.074335,"tipPosition":[8.71074,206.156,35.5257],"tipVelocity":[-114.661,162.735,-150.492],"tool":false,"touchDistance":0.333333,"touchZone":"none","type":1,"width":18.8205},{"bases":[[[-0.219803,-0.968328,-0.11844],[0.970924,-0.205342,-0.123045],[0.0948273,-0.142042,0.985308]],[[-0.21643,-0.97262,-0.0846604],[0.296445,0.0171518,-0.954896],[0.930203,-0.231765,0.284617]],[[-0.21643,-0.97262,-0.0846604],[-0.872381,0.231595,-0.430483],[0.438304,-0.0193135,-0.898619]],[[-0.21643,-0.97262,-0.0846604],[-0.942487,0.185524,0.278027],[-0.254708,0.139965,-0.956835]]],"btipPosition":[9.42025,194.582,44.6189],"carpPosition":[65.0057,176.59,82.2935],"dipPosition":[4.92964,197.049,27.7495],"direction":[-0.438304,0.0193135,0.898619],"extended":false,"handId":357,"id":3572,"length":62.8646,"mcpPosition":[58.6877,186.054,16.6461],"pipPosition":[16.623,196.534,3.7755],"stabilizedTipPosition":[11.6031,186.708,47.5957],"timeVisible":0.074335,"tipPosition":[9.44388,195.202,43.1467],"tipVelocity":[-99.0926,150.8,-149.031],"tool":false,"touchDistance":0.333333,"touchZone":"none","type":2,"width":18.4842},{"bases":[[[-0.276016,-0.960423,0.0374619],[0.955268,-0.278424,-0.0997206],[0.106204,0.00826169,0.99431]],[[-0.277454,-0.960445,0.023748],[0.264901,-0.100238,-0.959052],[0.923497,-0.259802,0.282234]],[[-0.277454,-0.960445,0.023748],[-0.877709,0.243346,-0.412807],[0.390699,-0.135379,-0.910509]],[[-0.277454,-0.960445,0.023748],[-0.922441,0.273222,0.27286],[-0.268555,0.0537998,-0.961761]]],"btipPosition":[12.6895,178.191,49.2462],"carpPosition":[63.2002,165.22,80.0331],"dipPosition":[7.98198,179.135,32.3874],"direction":[-0.3907,0.135379,0.910509],"extended":false,"handId":357,"id":3573,"length":60.446,"mcpPosition":[56.8471,164.726,20.5542],"pipPosition":[18.1361,175.616,8.72358],"stabilizedTipPosition":[15.3061,169.246,53.4496],"timeVisible":0.074335,"tipPosition":[12.9414,179.549,47.357],"tipVelocity":[-82.1647,145.936,-152.635],"tool":false,"touchDistance":0.333333,"touchZone":"none","type":3,"width":17.5889},{"bases":[[[-0.415887,-0.893717,0.168249],[0.906313,-0.422584,-0.00444058],[0.075068,0.150639,0.985735]],[[-0.421669,-0.90495,0.057095],[0.320495,-0.207647,-0.924211],[0.848221,-0.371412,0.377591]],[[-0.421669,-0.90495,0.057095],[-0.763014,0.320103,-0.561555],[0.489903,-0.280355,-0.825467]],[[-0.421669,-0.90495,0.057095],[-0.896203,0.425513,0.125535],[-0.137897,0.00176541,-0.990445]]],"btipPosition":[16.0925,163.389,44.7936],"carpPosition":[55.1475,154.294,80.7398],"dipPosition":[13.8625,163.418,28.7768],"direction":[-0.489903,0.280355,0.825467],"extended":false,"handId":357,"id":3574,"length":47.3885,"mcpPosition":[50.9907,145.952,26.1556],"pipPosition":[22.8522,158.273,13.6296],"stabilizedTipPosition":[19.3019,154.252,48.9182],"timeVisible":0.074335,"tipPosition":[17.0033,164.939,42.1858],"tipVelocity":[-56.7217,158.737,-149.439],"tool":false,"touchDistance":0.333333,"touchZone":"none","type":4,"width":15.6239}],"r":[[0.999932,-0.00991132,-0.0061881],[0.0099743,0.999898,0.0102321],[0.00608605,-0.0102931,0.999929]],"s":0.994718,"t":[-2.36679,9.93564,-7.10554],"timestamp":261445551898},{"currentFrameRate":29.6266,"devices":[],"gestures":[],"hands":[{"armBasis":[[-0.187117,-0.944706,-0.26929],[0.836698,-0.00963535,-0.547579],[0.514707,-0.327776,0.792237]],"armWidth":61.649,"confidence":0.442194,"direction":[0.043837,0.105342,-0.993469],"elbow":[190.73,81.8289,312.605],"grabAngle":3.14159,"grabStrength":1,"id":357,"palmNormal":[-0.995623,0.0867619,-0.0347323],"palmPosition":[51.6505,184.055,38.3308],"palmVelocity":[-93.9523,188.763,-104.587],"palmWidth":86.8926,"pinchDistance":24.193,"pinchStrength":0.758702,"r":[[0.999883,-0.0102845,-0.0113342],[0.0104534,0.999834,0.0149486],[0.0111786,-0.0150654,0.999824]],"s":0.994446,"sphereCenter":[10.7868,185.15,21.3201],"sphereRadius":37.569,"stabilizedPalmPosition":[54.7577,174.457,44.6347],"t":[-4.00548,14.4938,-9.98382],"timeVisible":0.090158,"type":"right","wrist":[58.0169,166.343,108.333]}],"id":212879,"interactionBox":{"center":[0,200,0],"size":[235.247,235.247,147.751]},"pointables":[{"bases":[[[0.865854,-0.455679,-0.206527],[0.494574,0.717352,0.490717],[-0.0754571,-0.527032,0.846489]],[[0.836905,-0.240734,-0.491566],[0.485569,0.741025,0.463793],[0.252612,-0.62684,0.737061]],[[0.836905,-0.240734,-0.491566],[0.367926,0.912345,0.179601],[0.405242,-0.331169,0.852119]],[[0.836905,-0.240734,-0.491566],[0.177808,0.968952,-0.171801],[0.517662,0.0563765,0.853726]]],"btipPosition":[8.36056,237.81,13.6233],"carpPosition":[44.7317,198.573,94.7616],"dipPosition":[19.7269,239.048,32.3685],"direction":[-0.405242,0.331169,-0.852119],"extended":false,"handId":357,"id":3570,"length":48.8949,"mcpPosition":[44.7317,198.573,94.7616],"pipPosition":[32.6898,228.455,59.6261],"stabilizedTipPosition":[12.5759,231.62,20.5776],"timeVisible":0.090158,"tipPosition":[10.1512,238.147,17.0815],"tipVelocity":[-15.7047,251.486,-74.8101],"tool":false,"touchDistance":1,"touchZone":"none","type":0,"width":19.7032},{"bases":[[[-0.0740045,-0.958893,-0.273946],[0.993074,-0.0457238,-0.108225],[0.09125,-0.280058,0.955636]],[[-0.071849,-0.965185,-0.251509],[0.388921,0.20509,-0.898153],[0.918465,-0.162348,0.360645]],[[-0.071849,-0.965185,-0.251509],[-0.807617,0.204272,-0.553198],[0.585315,0.163376,-0.794176]],[[-0.071849,-0.965185,-0.251509],[-0.994798,0.0510889,0.0881282],[-0.0722107,0.256532,-0.963834]]],"btipPosition":[7.58846,208.802,36.2038],"carpPosition":[63.1351,190.4,84.4212],"dipPosition":[6.43096,212.914,20.754],"direction":[-0.585315,-0.163376,0.794176],"extended":false,"handId":357,"id":3571,"length":55.1725,"mcpPosition":[56.7241,210.076,17.2814],"pipPosition":[19.7038,216.619,2.74497],"stabilizedTipPosition":[10.0902,201.393,37.6501],"timeVisible":0.090158,"tipPosition":[7.40537,209.547,34.2892],"tipVelocity":[-61.5148,217.275,-63.1916],"tool":false,"touchDistance":0.333333,"touchZone":"none","type":1,"width":18.8205},{"bases":[[[-0.229199,-0.965976,-0.119827],[0.968029,-0.213315,-0.131973],[0.101922,-0.146245,0.983984]],[[-0.224646,-0.971332,-0.0777687],[0.293454,0.00866699,-0.955934],[0.929203,-0.237568,0.283094]],[[-0.224646,-0.971332,-0.0777687],[-0.873883,0.23613,-0.424937],[0.431118,-0.0274995,-0.901876]],[[-0.224646,-0.971332,-0.0777687],[-0.938145,0.194009,0.286784],[-0.263475,0.137383,-0.954833]]],"btipPosition":[8.17057,198.127,43.055],"carpPosition":[63.8372,179.329,80.5211],"dipPosition":[3.5254,200.549,26.2209],"direction":[-0.431118,0.0274995,0.901876],"extended":false,"handId":357,"id":3572,"length":62.8646,"mcpPosition":[57.0466,189.072,14.9619],"pipPosition":[15.0271,199.815,2.16008],"stabilizedTipPosition":[10.6252,189.31,45.768],"timeVisible":0.090158,"tipPosition":[8.08541,198.558,41.8437],"tipVelocity":[-81.2251,223.384,-98.3192],"tool":false,"touchDistance":0.333333,"touchZone":"none","type":2,"width":18.4842},{"bases":[[[-0.28402,-0.958121,0.036572],[0.951935,-0.286338,-0.108763],[0.11468,0.00392337,0.993395]],[[-0.284831,-0.958124,0.0294845],[0.262509,-0.107548,-0.958917],[0.921933,-0.265389,0.282149]],[[-0.284831,-0.958124,0.0294845],[-0.876752,0.247959,-0.412094],[0.387526,-0.143228,-0.910664]],[[-0.284831,-0.958124,0.0294845],[-0.919673,0.281816,0.273461],[-0.270319,0.0507741,-0.961431]]],"btipPosition":[11.0753,181.705,47.5075],"carpPosition":[61.914,167.983,78.2378],"dipPosition":[6.33682,182.595,30.6544],"direction":[-0.387526,0.143228,0.910664],"extended":false,"handId":357,"id":3573,"length":60.446,"mcpPosition":[55.0539,167.748,18.8137],"pipPosition":[16.4085,178.873,6.98658],"stabilizedTipPosition":[14.3914,171.423,51.7618],"timeVisible":0.090158,"tipPosition":[11.4588,182.828,45.9618],"tipVelocity":[-102.468,221.276,-109.803],"tool":false,"touchDistance":0.333333,"touchZone":"none","type":3,"width":17.5889},{"bases":[[[-0.422195,-0.890657,0.168765],[0.902538,-0.430396,-0.0135561],[0.0847099,0.146594,0.985563]],[[-0.428735,-0.901099,0.0648654],[0.316065,-0.216868,-0.923619],[0.846339,-0.375486,0.377785]],[[-0.428735,-0.901099,0.0648654],[-0.763539,0.323035,-0.559156],[0.482901,-0.289257,-0.826521]],[[-0.428735,-0.901099,0.0648654],[-0.891782,0.433608,0.129261],[-0.144603,-0.00242688,-0.989487]]],"btipPosition":[14.4835,166.81,43.0368],"carpPosition":[53.773,157.124,78.976],"dipPosition":[12.145,166.771,27.0355],"direction":[-0.482901,0.289257,0.826521],"extended":false,"handId":357,"id":3574,"length":47.3885,"mcpPosition":[49.0822,149.007,24.4014],"pipPosition":[21.0062,161.463,11.869],"stabilizedTipPosition":[18.4003,156.364,47.3088],"timeVisible":0.090158,"tipPosition":[15.3627,168.198,40.7488],"tipVelocity":[-103.269,215.202,-110.805],"tool":false,"touchDistance":0.333333,"touchZone":"none","type":4,"width":15.6239}],"r":[[0.999883,-0.0102845,-0.0113342],[0.0104534,0.999834,0.0149486],[0.0111786,-0.0150654,0.999824]],"s":0.994446,"t":[-4.00548,14.4938,-9.98382],"timestamp":261445567721},{"currentFrameRate":32.1675,"devices":[],"gestures":[],"hands":[{"armBasis":[[-0.211425,-0.925035,-0.31561],[0.83328,-0.00182938,-0.552848],[0.510826,-0.379878,0.7712]],"armWidth":61.649,"confidence":0.507134,"direction":[0.032574,0.105878,-0.993845],"elbow":[189.051,70.4195,305.312],"grabAngle":3.14159,"grabStrength":1,"id":357,"palmNormal":[-0.996737,0.07692,-0.0244742],"palmPosition":[50.2304,186.658,36.657],"palmVelocity":[-89.1538,163.419,-105.086],"palmWidth":86.8926,"pinchDistance":24.8311,"pinchStrength":0.740075,"r":[[0.99981,-0.00858628,-0.017509],[0.00891425,0.999785,0.0187401],[0.0173444,-0.0188926,0.999671]],"s":0.996058,"sphereCenter":[9.1419,187.728,20.0299],"sphereRadius":37.6457,"stabilizedPalmPosition":[53.6684,177.393,42.7152],"t":[-5.53484,18.0744,-12.2599],"timeVisible":0.106086,"type":"right","wrist":[57.3388,168.368,106.465]}],"id":212880,"interactionBox":{"center":[0,200,0],"size":[235.247,235.247,147.751]},"pointables":[{"bases":[[[0.868145,-0.447076,-0.215515],[0.49248,0.722152,0.485756],[-0.0615349,-0.527844,0.847109]],[[0.835603,-0.23626,-0.495933],[0.486327,0.737971,0.467852],[0.25545,-0.632123,0.73155]],[[0.835603,-0.23626,-0.495933],[0.365975,0.912687,0.181836],[0.409671,-0.333441,0.849109]],[[0.835603,-0.23626,-0.495933],[0.176144,0.970355,-0.165484],[0.520328,0.0509228,0.852447]]],"btipPosition":[7.04259,240.782,12.4078],"carpPosition":[43.7492,201.101,93.1591],"dipPosition":[18.4674,241.9,31.1249],"direction":[-0.409671,0.333441,-0.849109],"extended":true,"handId":357,"id":3570,"length":48.8949,"mcpPosition":[43.7492,201.101,93.1591],"pipPosition":[31.572,231.234,58.2863],"stabilizedTipPosition":[11.4199,235.367,19.04],"timeVisible":0.106086,"tipPosition":[8.10239,240.389,15.9086],"tipVelocity":[-81.9004,184.858,-76.72],"tool":false,"touchDistance":1,"touchZone":"none","type":0,"width":19.7032},{"bases":[[[-0.0673377,-0.959548,-0.273373],[0.992312,-0.0358936,-0.11844],[0.103837,-0.279247,0.954588]],[[-0.065978,-0.963108,-0.260903],[0.382283,0.217124,-0.898174],[0.921687,-0.158999,0.353854]],[[-0.065978,-0.963108,-0.260903],[-0.816581,0.202384,-0.540589],[0.573449,0.177381,-0.799808]],[[-0.065978,-0.963108,-0.260903],[-0.994124,0.0409579,0.100204],[-0.085821,0.265981,-0.96015]]],"btipPosition":[6.05164,210.852,34.8267],"carpPosition":[62.1252,193.111,82.6282],"dipPosition":[4.67597,215.116,19.436],"direction":[-0.573448,-0.177381,0.799808],"extended":false,"handId":357,"id":3571,"length":55.1725,"mcpPosition":[54.8299,212.73,15.562],"pipPosition":[17.6797,219.138,1.29929],"stabilizedTipPosition":[8.89448,204.259,35.9029],"timeVisible":0.106086,"tipPosition":[5.69689,211.713,33.0498],"tipVelocity":[-99.6355,130.894,-85.5996],"tool":false,"touchDistance":0.333333,"touchZone":"none","type":1,"width":18.8205},{"bases":[[[-0.220862,-0.968181,-0.117668],[0.968681,-0.203722,-0.141966],[0.113477,-0.145337,0.982853]],[[-0.217399,-0.972066,-0.0884635],[0.289975,0.0222203,-0.956776],[0.932015,-0.233654,0.277045]],[[-0.217399,-0.972066,-0.0884635],[-0.877003,0.234313,-0.419479],[0.428489,-0.0136113,-0.903444]],[[-0.217399,-0.972066,-0.0884635],[-0.938749,0.183397,0.291746],[-0.267372,0.14647,-0.952396]]],"btipPosition":[6.47176,200.078,41.6005],"carpPosition":[62.8966,182.048,78.7187],"dipPosition":[1.75787,202.66,24.8094],"direction":[-0.428489,0.0136113,0.903444],"extended":false,"handId":357,"id":3572,"length":62.8646,"mcpPosition":[55.336,191.731,13.2349],"pipPosition":[13.1894,202.297,0.706659],"stabilizedTipPosition":[9.39025,191.989,43.8748],"timeVisible":0.106086,"tipPosition":[6.53698,200.728,40.5579],"tipVelocity":[-107.648,124.793,-90.6999],"tool":false,"touchDistance":0.333333,"touchZone":"none","type":2,"width":18.4842},{"bases":[[[-0.274146,-0.960885,0.0392889],[0.95355,-0.276903,-0.118606],[0.124846,0.00494853,0.992164]],[[-0.276397,-0.960814,0.0210237],[0.259012,-0.0955407,-0.961137],[0.925482,-0.26021,0.27527]],[[-0.276397,-0.960814,0.0210237],[-0.878828,0.243838,-0.410126],[0.388928,-0.131834,-0.911786]],[[-0.276397,-0.960814,0.0210237],[-0.922516,0.271385,0.274434],[-0.269385,0.056458,-0.961376]]],"btipPosition":[9.41372,183.732,46.1128],"carpPosition":[61.0622,170.684,76.4529],"dipPosition":[4.69164,184.721,29.2608],"direction":[-0.388928,0.131834,0.911786],"extended":false,"handId":357,"id":3573,"length":60.446,"mcpPosition":[53.594,170.387,17.1025],"pipPosition":[14.7998,181.295,5.56376],"stabilizedTipPosition":[13.203,173.88,49.895],"timeVisible":0.106086,"tipPosition":[10.0888,185.007,44.6398],"tipVelocity":[-104.08,128.676,-87.5439],"tool":false,"touchDistance":0.333333,"touchZone":"none","type":3,"width":17.5889},{"bases":[[[-0.411614,-0.894805,0.17291],[0.906561,-0.421452,-0.0229269],[0.0933886,0.147317,0.984671]],[[-0.419473,-0.905663,0.0617824],[0.310532,-0.207115,-0.927725],[0.853002,-0.36997,0.368117]],[[-0.419473,-0.905663,0.0617824],[-0.767795,0.31766,-0.556402],[0.484287,-0.280832,-0.828613]],[[-0.419473,-0.905663,0.0617824],[-0.896118,0.423998,0.131139],[-0.144964,-0.000355012,-0.989437]]],"btipPosition":[13.0261,169.02,41.7411],"carpPosition":[53.0369,159.745,77.2726],"dipPosition":[10.6819,169.014,25.7405],"direction":[-0.484287,0.280832,0.828613],"extended":false,"handId":357,"id":3574,"length":47.3885,"mcpPosition":[47.8656,151.588,22.7474],"pipPosition":[19.5685,163.861,10.5356],"stabilizedTipPosition":[17.24,158.847,45.4941],"timeVisible":0.106086,"tipPosition":[14.1037,170.421,39.4243],"tipVelocity":[-91.578,139.212,-81.3378],"tool":false,"touchDistance":0.333333,"touchZone":"none","type":4,"width":15.6239}],"r":[[0.99981,-0.00858628,-0.017509],[0.00891425,0.999785,0.0187401],[0.0173444,-0.0188926,0.999671]],"s":0.996058,"t":[-5.53484,18.0744,-12.2599],"timestamp":261445583649},{"currentFrameRate":34.6906,"devices":[],"gestures":[],"hands":[{"armBasis":[[-0.229434,-0.911106,-0.342412],[0.831263,-0.000417963,-0.555879],[0.506321,-0.412172,0.757465]],"armWidth":61.649,"confidence":0.562831,"direction":[0.0176084,0.0988419,-0.994947],"elbow":[187.427,64.5637,300.275],"grabAngle":3.14159,"grabStrength":1,"id":357,"palmNormal":[-0.997581,0.0686627,-0.0108338],"palmPosition":[48.8238,189.024,35.214],"palmVelocity":[-94.8746,159.605,-97.3333],"palmWidth":86.8926,"pinchDistance":25.4091,"pinchStrength":0.720508,"r":[[0.999665,-0.00561476,-0.0252779],[0.00612896,0.999775,0.0203107],[0.0251582,-0.0204588,0.999474]],"s":0.998539,"sphereCenter":[7.5087,190.029,19.154],"sphereRadius":37.6652,"stabilizedPalmPosition":[52.4738,180.261,40.8654],"t":[-7.00283,21.0478,-14.1194],"timeVisible":0.120912,"type":"right","wrist":[56.8764,170.839,104.969]}],"id":212881,"interactionBox":{"center":[0,200,0],"size":[235.247,235.247,147.751]},"pointables":[{"bases":[[[0.86864,-0.441599,-0.22462],[0.493378,0.729663,0.473466],[-0.0451848,-0.522094,0.85169]],[[0.83236,-0.238046,-0.500511],[0.48983,0.738482,0.463369],[0.259315,-0.630855,0.731285]],[[0.83236,-0.238046,-0.500511],[0.366494,0.913842,0.174858],[0.415763,-0.328979,0.847888]],[[0.83236,-0.238046,-0.500511],[0.175758,0.969825,-0.168965],[0.525629,0.0526711,0.849082]]],"btipPosition":[5.82405,243.268,11.0711],"carpPosition":[43.0262,203.829,91.6968],"dipPosition":[17.3653,244.425,29.7143],"direction":[-0.415763,0.328979,-0.847888],"extended":true,"handId":357,"id":3570,"length":48.8949,"mcpPosition":[43.0262,203.829,91.6968],"pipPosition":[30.6647,233.901,56.8366],"stabilizedTipPosition":[10.2926,238.497,17.6291],"timeVisible":0.120912,"tipPosition":[6.14319,242.348,14.7278],"tipVelocity":[-80.384,168.274,-91.3067],"tool":false,"touchDistance":1,"touchZone":"none","type":0,"width":19.7032},{"bases":[[[-0.0633338,-0.962043,-0.265448],[0.990794,-0.0287233,-0.132296],[0.11965,-0.271384,0.955005]],[[-0.0619887,-0.965024,-0.254728],[0.366902,0.215315,-0.904998],[0.928192,-0.14956,0.340723]],[[-0.0619887,-0.965024,-0.254728],[-0.829507,0.191744,-0.52455],[0.555046,0.178782,-0.81238]],[[-0.0619887,-0.965024,-0.254728],[-0.992255,0.0320609,0.120007],[-0.107643,0.260194,-0.959537]]],"btipPosition":[4.63632,212.78,33.9371],"carpPosition":[61.3159,195.91,80.9633],"dipPosition":[2.91086,216.951,18.5562],"direction":[-0.555046,-0.178782,0.81238],"extended":false,"handId":357,"id":3571,"length":55.1725,"mcpPosition":[52.9097,214.977,13.8678],"pipPosition":[15.4973,221.005,0.134398],"stabilizedTipPosition":[7.5622,206.973,34.3278],"timeVisible":0.120912,"tipPosition":[4.04249,213.691,32.0361],"tipVelocity":[-100.888,128.586,-59.8526],"tool":false,"touchDistance":0.333333,"touchZone":"none","type":1,"width":18.8205},{"bases":[[[-0.214558,-0.970776,-0.107515],[0.968209,-0.196906,-0.154269],[0.128591,-0.137196,0.982162]],[[-0.21151,-0.973704,-0.0846448],[0.279317,0.0227735,-0.959929],[0.936614,-0.226677,0.267156]],[[-0.21151,-0.973704,-0.0846448],[-0.882725,0.227489,-0.411152],[0.419596,-0.0122446,-0.907629]],[[-0.21151,-0.973704,-0.0846448],[-0.937275,0.177517,0.300006],[-0.277091,0.14279,-0.950175]]],"btipPosition":[4.89137,202.026,40.5707],"carpPosition":[62.1225,184.825,77.1232],"dipPosition":[0.00614656,204.544,23.8188],"direction":[-0.419596,0.0122446,0.907629],"extended":false,"handId":357,"id":3572,"length":62.8646,"mcpPosition":[53.555,193.966,11.6855],"pipPosition":[11.2004,204.217,-0.395571],"stabilizedTipPosition":[7.97813,194.655,42.0772],"timeVisible":0.120912,"tipPosition":[5.06035,202.766,39.5998],"tipVelocity":[-109.254,130.411,-68.8494],"tool":false,"touchDistance":0.333333,"touchZone":"none","type":2,"width":18.4842},{"bases":[[[-0.26567,-0.96276,0.0501278],[0.954012,-0.270033,-0.130169],[0.138857,0.0132406,0.990224]],[[-0.26893,-0.9628,0.0263138],[0.249671,-0.0960727,-0.963553],[0.930237,-0.252559,0.26622]],[[-0.26893,-0.9628,0.0263138],[-0.883279,0.235641,-0.40533],[0.384051,-0.132248,-0.913792]],[[-0.26893,-0.9628,0.0263138],[-0.923388,0.265499,0.277247],[-0.27392,0.0502623,-0.960438]]],"btipPosition":[7.86978,185.781,45.1569],"carpPosition":[60.3494,173.431,74.966],"dipPosition":[3.06822,186.662,28.3213],"direction":[-0.384051,0.132248,0.913792],"extended":false,"handId":357,"id":3573,"length":60.446,"mcpPosition":[52.0431,172.639,15.7315],"pipPosition":[13.0496,183.225,4.57215],"stabilizedTipPosition":[11.7991,176.519,48.0172],"timeVisible":0.120912,"tipPosition":[8.77488,187.085,43.7312],"tipVelocity":[-105.37,136.563,-64.2214],"tool":false,"touchDistance":0.333333,"touchZone":"none","type":3,"width":17.5889},{"bases":[[[-0.401767,-0.896816,0.185213],[0.909571,-0.414253,-0.0327886],[0.10613,0.155291,0.982151]],[[-0.411376,-0.908784,0.0698658],[0.301495,-0.208012,-0.930501],[0.860157,-0.361721,0.359565]],[[-0.411376,-0.908784,0.0698658],[-0.773586,0.307583,-0.554037],[0.482011,-0.281965,-0.829555]],[[-0.411376,-0.908784,0.0698658],[-0.899367,0.417169,0.130802],[-0.148016,-0.00902642,-0.988944]]],"btipPosition":[11.5641,171.154,40.8797],"carpPosition":[52.4266,162.434,75.9788],"dipPosition":[9.17043,171.008,24.8872],"direction":[-0.482011,0.281965,0.829555],"extended":false,"handId":357,"id":3574,"length":47.3885,"mcpPosition":[46.5497,153.835,21.5931],"pipPosition":[18.0152,165.834,9.66501],"stabilizedTipPosition":[15.8648,161.558,43.6626],"timeVisible":0.120912,"tipPosition":[12.8436,172.493,38.5892],"tipVelocity":[-99.3821,141.799,-57.9713],"tool":false,"touchDistance":0.333333,"touchZone":"none","type":4,"width":15.6239}],"r":[[0.999665,-0.00561476,-0.0252779],[0.00612896,0.999775,0.0203107],[0.0251582,-0.0204588,0.999474]],"s":0.998539,"t":[-7.00283,21.0478,-14.1194],"timestamp":261445598475},{"currentFrameRate":37.1436,"devices":[],"gestures":[],"hands":[{"armBasis":[[-0.24595,-0.900137,-0.359531],[0.829733,-0.00377817,-0.558148],[0.501051,-0.435591,0.747802]],"armWidth":61.649,"confidence":0.611748,"direction":[0.00308922,0.0938569,-0.995581],"elbow":[185.532,60.6746,296.376],"grabAngle":3.14159,"grabStrength":1,"id":357,"palmNormal":[-0.997704,0.0676455,0.00328137],"palmPosition":[47.4373,191.12,33.879],"palmVelocity":[-97.725,147.711,-94.0899],"palmWidth":86.8926,"pinchDistance":25.5981,"pinchStrength":0.709297,"r":[[0.999404,-0.00306055,-0.0343797],[0.00376911,0.999781,0.0205641],[0.0343093,-0.0206814,0.999197]],"s":1.00077,"sphereCenter":[5.89052,192.18,18.4123],"sphereRadius":37.6695,"stabilizedPalmPosition":[51.2069,182.992,39.108],"t":[-8.43008,23.5824,-15.7167],"timeVisible":0.1351,"type":"right","wrist":[56.3396,172.988,103.562]}],"id":212882,"interactionBox":{"center":[0,200,0],"size":[235.247,235.247,147.751]},"pointables":[{"bases":[[[0.865752,-0.441885,-0.23497],[0.49943,0.732509,0.462603],[-0.0322993,-0.51785,0.854861]],[[0.827141,-0.244331,-0.506102],[0.497366,0.737534,0.456805],[0.261656,-0.62956,0.731567]],[[0.827141,-0.244331,-0.506102],[0.371753,0.913245,0.166682],[0.42147,-0.326014,0.846214]],[[0.827141,-0.244331,-0.506102],[0.177726,0.968053,-0.176882],[0.533152,0.0563589,0.84414]]],"btipPosition":[4.78179,245.404,9.8879],"carpPosition":[42.4433,206.202,90.365],"dipPosition":[16.4882,246.642,28.4227],"direction":[-0.42147,0.326014,-0.846214],"extended":true,"handId":357,"id":3570,"length":48.8949,"mcpPosition":[42.4433,206.202,90.365],"pipPosition":[29.9702,236.213,55.4914],"stabilizedTipPosition":[9.2578,241.138,16.3521],"timeVisible":0.1351,"tipPosition":[4.56018,244.368,13.7665],"tipVelocity":[-70.7827,151.884,-85.1496],"tool":false,"touchDistance":1,"touchZone":"none","type":0,"width":19.7032},{"bases":[[[-0.0661754,-0.963425,-0.259678],[0.988803,-0.0284326,-0.146496],[0.133755,-0.266465,0.954519]],[[-0.0646896,-0.966318,-0.249087],[0.351362,0.211569,-0.912021],[0.934002,-0.146518,0.325842]],[[-0.0646896,-0.966318,-0.249087],[-0.840311,0.187379,-0.508691],[0.538231,0.176404,-0.824129]],[[-0.0646896,-0.96631