{"frames":239,"data":[{"currentFrameRate":26.8604,"devices":[],"gestures":[],"hands":[],"id":213472,"interactionBox":{"center":[0,200,0],"size":[235.247,235.247,147.751]},"pointables":[],"r":[[-0.0794966,-0.728761,-0.680138],[0.446709,0.583909,-0.677865],[0.891141,-0.357712,0.279125]],"s":-5.62558,"t":[894.675,787.691,741.58],"timestamp":261461189533},{"currentFrameRate":26.8671,"devices":[],"gestures":[],"hands":[],"id":213473,"interactionBox":{"center":[0,200,0],"size":[235.247,235.247,147.751]},"pointables":[],"r":[[-0.0794966,-0.728761,-0.680138],[0.446709,0.583909,-0.677865],[0.891141,-0.357712,0.279125]],"s":-5.62558,"t":[894.675,787.691,741.58],"timestamp":261461226708},{"currentFrameRate":26.9007,"devices":[],"gestures":[],"hands":[],"id":213474,"interactionBox":{"center":[0,200,0],"size":[235.247,235.247,147.751]},"pointables":[],"r":[[-0.0794966,-0.728761,-0.680138],[0.446709,0.583909,-0.677865],[0.891141,-0.357712,0.279125]],"s":-5.62558,"t":[894.675,787.691,741.58],"timestamp":261461263654},{"currentFrameRate":26.9349,"devices":[],"gestures":[],"hands":[],"id":213475,"interactionBox":{"center":[0,200,0],"size":[235.247,235.247,147.751]},"pointables":[],"r":[[-0.0794966,-0.728761,-0.680138],[0.446709,0.583909,-0.677865],[0.891141,-0.357712,0.279125]],"s":-5.62558,"t":[894.675,787.691,741.58],"timestamp":261461300549},{"currentFrameRate":26.9677,"devices":[],"gestures":[],"hands":[],"id":213476,"interactionBox":{"center":[0,200,0],"size":[235.247,235.247,147.751]},"pointables":[],"r":[[-0.0794966,-0.728761,-0.680138],[0.446709,0.583909,-0.677865],[0.891141,-0.357712,0.279125]],"s":-5.62558,"t":[894.675,787.691,741.58],"timestamp":261461337409},{"currentFrameRate":26.9924,"devices":[],"gestures":[],"hands":[],"id":213477,"interactionBox":{"center":[0,200,0],"size":[235.247,235.247,147.751]},"pointables":[],"r":[[-0.0794966,-0.728761,-0.680138],[0.446709,0.583909,-0.677865],[0.891141,-0.357712,0.279125]],"s":-5.62558,"t":[894.675,787.691,741.58],"timestamp":261461374290},{"currentFrameRate":26.9697,"devices":[],"gestures":[],"hands":[],"id":213478,"interactionBox":{"center":[0,200,0],"size":[235.247,235.247,147.751]},"pointables":[],"r":[[-0.0794966,-0.728761,-0.680138],[0.446709,0.583909,-0.677865],[0.891141,-0.357712,0.279125]],"s":-5.62558,"t":[894.675,787.691,741.58],"timestamp":261461411522},{"currentFrameRate":27.0348,"devices":[],"gestures":[],"hands":[],"id":213479,"interactionBox":{"center":[0,200,0],"size":[235.247,235.247,147.751]},"pointables":[],"r":[[-0.0794966,-0.728761,-0.680138],[0.446709,0.583909,-0.677865],[0.891141,-0.357712,0.279125]],"s":-5.62558,"t":[894.675,787.691,741.58],"timestamp":261461448072},{"currentFrameRate":27.0489,"devices":[],"gestures":[],"hands":[],"id":213480,"interactionBox":{"center":[0,200,0],"size":[235.247,235.247,147.751]},"pointables":[],"r":[[-0.0794966,-0.728761,-0.680138],[0.446709,0.583909,-0.677865],[0.891141,-0.357712,0.279125]],"s":-5.62558,"t":[894.675,787.691,741.58],"timestamp":261461484947},{"currentFrameRate":27.0429,"devices":[],"gestures":[],"hands":[],"id":213481,"interactionBox":{"center":[0,200,0],"size":[235.247,235.247,147.751]},"pointables":[],"r":[[-0.0794966,-0.728761,-0.680138],[0.446709,0.583909,-0.677865],[0.891141,-0.357712,0.279125]],"s":-5.62558,"t":[894.675,787.691,741.58],"timestamp":261461521966},{"currentFrameRate":27.0195,"devices":[],"gestures":[],"hands":[],"id":213482,"interactionBox":{"center":[0,200,0],"size":[235.247,235.247,147.751]},"pointables":[],"r":[[-0.0794966,-0.728761,-0.680138],[0.446709,0.583909,-0.677865],[0.891141,-0.357712,0.279125]],"s":-5.62558,"t":[894.675,787.691,741.58],"timestamp":261461559134},{"currentFrameRate":27.074,"devices":[],"gestures":[],"hands":[],"id":213483,"interactionBox":{"center":[0,200,0],"size":[235.247,235.247,147.751]},"pointables":[],"r":[[-0.0794966,-0.728761,-0.680138],[0.446709,0.583909,-0.677865],[0.891141,-0.357712,0.279125]],"s":-5.62558,"t":[894.675,787.691,741.58],"timestamp":261461595703},{"currentFrameRate":27.0782,"devices":[],"gestures":[],"hands":[{"armBasis":[[-0.019079,-0.997926,-0.0614766],[0.794313,0.0222139,-0.607103],[0.60721,-0.0604145,0.792242]],"armWidth":60.8506,"confidence":0,"direction":[-0.112962,0.152991,-0.98175],"elbow":[218.594,134.557,319.39],"grabAngle":2.93255,"grabStrength":1,"id":358,"palmNormal":[-0.990159,0.0648157,0.12403],"palmPosition":[45.0102,167.755,47.0567],"palmVelocity":[1.19209e-7,1.19209e-7,1.19209e-7],"palmWidth":86.8926,"pinchDistance":26.8928,"pinchStrength":0.652463,"r":[[1,-3.46945e-18,5.55112e-18],[3.46945e-18,1,-1.11022e-17],[-5.55112e-18,1.11022e-17,1]],"s":1,"sphereCenter":[-0.327598,167.729,36.9607],"sphereRadius":38.8322,"stabilizedPalmPosition":[45.0102,167.755,47.0567],"t":[0,0,0],"timeVisible":0,"type":"right","wrist":[62.0301,150.135,115.118]}],"id":213484,"interactionBox":{"center":[0,200,0],"size":[235.247,235.247,147.751]},"pointables":[{"bases":[[[0.830341,-0.424923,-0.360518],[0.553381,0.704914,0.443696],[0.0655972,-0.567923,0.820464]],[[0.764717,-0.218853,-0.606062],[0.542239,0.726694,0.421773],[0.348115,-0.651168,0.674386]],[[0.764717,-0.218853,-0.606062],[0.405101,0.894722,0.188059],[0.501099,-0.389328,0.772867]],[[0.764717,-0.218853,-0.606062],[0.218711,0.972876,-0.0753468],[0.606113,-0.0749334,0.791841]]],"btipPosition":[0.268011,224.826,29.525],"carpPosition":[46.7249,179.434,104.535],"dipPosition":[13.8145,223.152,47.2224],"direction":[-0.501099,0.389328,-0.772867],"extended":true,"handId":358,"id":3580,"length":49.7695,"mcpPosition":[46.7249,179.434,104.535],"pipPosition":[30.1304,210.475,72.3872],"stabilizedTipPosition":[3.38369,224.441,33.5954],"timeVisible":0,"tipPosition":[3.38369,224.441,33.5954],"tipVelocity":[1.19209e-7,1.19209e-7,1.19209e-7],"tool":false,"touchDistance":1,"touchZone":"none","type":0,"width":19.3381},{"bases":[[[-0.100402,-0.946413,-0.306954],[0.964743,-0.0171657,-0.262633],[0.24329,-0.322501,0.914769]],[[-0.0797987,-0.969977,-0.229731],[0.212977,0.208553,-0.95454],[0.973793,-0.125098,0.189941]],[[-0.0797987,-0.969977,-0.229731],[-0.839953,0.189532,-0.508485],[0.53676,0.152387,-0.829859]],[[-0.0797987,-0.969977,-0.229731],[-0.99644,0.071334,0.0449319],[-0.0271953,0.232499,-0.972216]]],"btipPosition":[-5.56764,192.671,54.0327],"carpPosition":[63.4234,172.192,91.0765],"dipPosition":[-6.01136,196.465,38.1698],"direction":[-0.53676,-0.152387,0.829859],"extended":false,"handId":358,"id":3581,"length":56.1593,"mcpPosition":[46.3307,194.85,26.8079],"pipPosition":[6.37812,199.982,19.015],"stabilizedTipPosition":[-5.6697,193.544,50.3842],"timeVisible":0,"tipPosition":[-5.6697,193.544,50.3842],"tipVelocity":[1.19209e-7,1.19209e-7,1.19209e-7],"tool":false,"touchDistance":0.333333,"touchZone":"none","type":1,"width":18.4718},{"bases":[[[-0.229594,-0.964397,-0.131244],[0.938987,-0.183997,-0.290599],[0.256104,-0.189956,0.947801]],[[-0.223897,-0.968347,-0.110335],[0.180966,0.0699347,-0.981],[0.957665,-0.23961,0.159579]],[[-0.223897,-0.968347,-0.110335],[-0.826864,0.248661,-0.504445],[0.515914,-0.0217116,-0.856365]],[[-0.223897,-0.968347,-0.110335],[-0.970784,0.211559,0.113232],[-0.0863059,0.132464,-0.987423]]],"btipPosition":[-9.91874,183.234,57.0459],"carpPosition":[63.687,161.337,86.5644],"dipPosition":[-11.4676,185.611,39.3258],"direction":[-0.515914,0.0217116,0.856366],"extended":false,"handId":358,"id":3582,"length":63.9891,"mcpPosition":[46.6237,173.993,23.4159],"pipPosition":[2.54251,185.022,16.0705],"stabilizedTipPosition":[-10.275,183.781,52.9703],"timeVisible":0,"tipPosition":[-10.275,183.781,52.9703],"tipVelocity":[1.19209e-7,1.19209e-7,1.19209e-7],"tool":false,"touchDistance":0.333333,"touchZone":"none","type":2,"width":18.1417},{"bases":[[[-0.259531,-0.965206,0.0319463],[0.92787,-0.258391,-0.268871],[0.267771,-0.0401383,0.962646]],[[-0.265348,-0.964092,0.0108005],[0.137818,-0.0490139,-0.989244],[0.954252,-0.261005,0.145875]],[[-0.265348,-0.964092,0.0108005],[-0.823733,0.220867,-0.522189],[0.501053,-0.147458,-0.852762]],[[-0.265348,-0.964092,0.0108005],[-0.960418,0.265288,0.0849697],[-0.0847839,0.0121736,-0.996325]]],"btipPosition":[-6.86253,167.29,60.5674],"carpPosition":[61.6133,150.069,84.0398],"dipPosition":[-8.3753,167.507,42.7903],"direction":[-0.501053,0.147458,0.852762],"extended":false,"handId":358,"id":3583,"length":61.5272,"mcpPosition":[45.5955,152.47,26.455],"pipPosition":[4.87982,163.606,20.2309],"stabilizedTipPosition":[-7.21046,167.34,56.4786],"timeVisible":0,"tipPosition":[-7.21046,167.34,56.4786],"tipVelocity":[1.19209e-7,1.19209e-7,1.19209e-7],"tool":false,"touchDistance":0.333333,"touchZone":"none","type":3,"width":17.263},{"bases":[[[-0.376514,-0.907314,0.187131],[0.896195,-0.407894,-0.174518],[0.234672,0.101997,0.966709]],[[-0.399486,-0.91302,0.0824996],[0.17075,-0.162523,-0.971818],[0.900697,-0.374141,0.220824]],[[-0.399486,-0.91302,0.0824996],[-0.727869,0.261184,-0.634027],[0.557331,-0.313334,-0.768898]],[[-0.399486,-0.91302,0.0824996],[-0.916398,0.39526,-0.063127],[0.0250273,-0.100821,-0.99459]]],"btipPosition":[-0.369556,153.496,55.2283],"carpPosition":[53.8608,138.999,85.4824],"dipPosition":[0.0424089,151.837,38.8568],"direction":[-0.557331,0.313334,0.768898],"extended":false,"handId":358,"id":3584,"length":48.2362,"mcpPosition":[40.866,133.351,31.9518],"pipPosition":[10.4523,145.984,24.4953],"stabilizedTipPosition":[-0.274804,153.115,51.4629],"timeVisible":0,"tipPosition":[-0.274804,153.115,51.4629],"tipVelocity":[1.19209e-7,1.19209e-7,1.19209e-7],"tool":false,"touchDistance":0.333333,"touchZone":"none","type":4,"width":15.3344}],"r":[[1,-3.46945e-18,5.55112e-18],[3.46945e-18,1,-1.11022e-17],[-5.55112e-18,1.11022e-17,1]],"s":1,"t":[0,0,0],"timestamp":261461632605},{"currentFrameRate":27.0809,"devices":[],"gestures":[],"hands":[{"armBasis":[[-0.155665,-0.979961,-0.124278],[0.776682,-0.0436841,-0.628376],[0.610355,-0.19434,0.767918]],"armWidth":61.649,"confidence":0.192019,"direction":[-0.177729,0.125788,-0.976007],"elbow":[220.472,106.817,308.116],"grabAngle":2.87195,"grabStrength":1,"id":358,"palmNormal":[-0.974379,0.116421,0.192437],"palmPosition":[42.5373,174.468,42.7802],"palmVelocity":[-67.0007,181.889,-115.87],"palmWidth":86.8926,"pinchDistance":26.5702,"pinchStrength":0.7782,"r":[[0.99985,-0.00962546,-0.0143838],[0.0095214,0.999928,-0.00728559],[0.0144529,0.00714755,0.99987]],"s":0.991394,"sphereCenter":[-3.42787,176.533,35.4643],"sphereRadius":38.9242,"stabilizedPalmPosition":[44.5839,168.912,46.3195],"t":[-1.23643,3.35658,-2.13826],"timeVisible":0.036908,"type":"right","wrist":[63.097,156.926,110.115]}],"id":213485,"interactionBox":{"center":[0,200,0],"size":[235.247,235.247,147.751]},"pointables":[{"bases":[[[0.781366,-0.476027,-0.403565],[0.616045,0.691729,0.376828],[0.0997774,-0.543055,0.833748]],[[0.698355,-0.258308,-0.667516],[0.605399,0.710685,0.358355],[0.381828,-0.654373,0.65269]],[[0.698355,-0.258308,-0.667516],[0.44579,0.886606,0.123296],[0.559975,-0.383676,0.734316]],[[0.698355,-0.258308,-0.667516],[0.201248,0.965848,-0.163207],[0.686877,-0.0203603,0.726489]]],"btipPosition":[-2.19312,231.854,28.969],"carpPosition":[49.0027,187.94,99.5234],"dipPosition":[12.8886,231.407,44.9205],"direction":[-0.559975,0.383676,-0.734316],"extended":true,"handId":358,"id":3580,"length":48.8949,"mcpPosition":[49.0027,187.94,99.5234],"pipPosition":[30.8011,219.134,68.4099],"stabilizedTipPosition":[2.81436,226.416,33.3368],"timeVisible":0.036908,"tipPosition":[2.42582,232.47,30.6896],"tipVelocity":[-57.1155,198.066,-25.9448],"tool":false,"touchDistance":1,"touchZone":"none","type":0,"width":19.7032},{"bases":[[[-0.165718,-0.950096,-0.264301],[0.941042,-0.0722,-0.330496],[0.294921,-0.303488,0.906045]],[[-0.135777,-0.975426,-0.173516],[0.231149,0.139116,-0.962921],[0.963397,-0.170851,0.20658]],[[-0.135777,-0.975426,-0.173516],[-0.816479,0.209369,-0.538077],[0.561183,0.0686134,-0.824843]],[[-0.135777,-0.975426,-0.173516],[-0.990489,0.129706,0.0459171],[-0.0222827,0.1781,-0.98376]]],"btipPosition":[-7.6006,203.261,47.6633],"carpPosition":[64.3194,179.464,85.172],"dipPosition":[-7.95778,206.116,31.8941],"direction":[-0.561183,-0.0686134,0.824843],"extended":false,"handId":358,"id":3581,"length":55.1725,"mcpPosition":[43.5993,200.786,21.5163],"pipPosition":[4.76781,207.672,13.1897],"stabilizedTipPosition":[-6.35417,197.071,48.2259],"timeVisible":0.036908,"tipPosition":[-6.84886,203.079,47.4916],"tipVelocity":[-54.5424,281.076,-171.991],"tool":false,"touchDistance":0.333333,"touchZone":"none","type":1,"width":18.8205},{"bases":[[[-0.28233,-0.956041,-0.0792213],[0.905724,-0.238431,-0.350449],[0.316155,-0.170695,0.933225]],[[-0.273014,-0.960602,-0.0520411],[0.193761,-0.0019202,-0.981047],[0.942295,-0.277923,0.186651]],[[-0.273014,-0.960602,-0.0520411],[-0.802912,0.257326,-0.537695],[0.529902,-0.105014,-0.841532]],[[-0.273014,-0.960602,-0.0520411],[-0.957173,0.265825,0.1147],[-0.096347,0.081127,-0.992036]]],"btipPosition":[-12.3586,193.777,50.3737],"carpPosition":[63.7556,168.465,81.0506],"dipPosition":[-14.0573,195.208,32.8837],"direction":[-0.529902,0.105014,0.841532],"extended":false,"handId":358,"id":3582,"length":62.8646,"mcpPosition":[42.6914,179.838,18.8733],"pipPosition":[0.0798332,192.406,10.4327],"stabilizedTipPosition":[-11.106,187.249,50.7472],"timeVisible":0.036908,"tipPosition":[-11.8057,193.567,50.2762],"tipVelocity":[-67.0406,279.755,-179.346],"tool":false,"touchDistance":0.333333,"touchZone":"none","type":2,"width":18.4842},{"bases":[[[-0.300196,-0.950027,0.0856193],[0.892855,-0.311446,-0.325286],[0.335696,-0.0212041,0.941732]],[[-0.298484,-0.950123,0.0904098],[0.148668,-0.139857,-0.978947],[0.942764,-0.278759,0.182998]],[[-0.298484,-0.950123,0.0904098],[-0.817188,0.205481,-0.538499],[0.493062,-0.234615,-0.837762]],[[-0.298484,-0.950123,0.0904098],[-0.948975,0.305548,0.0780212],[-0.101754,-0.0625085,-0.992844]]],"btipPosition":[-9.63996,177.379,54.2655],"carpPosition":[60.9907,157.233,79.0933],"dipPosition":[-11.4236,176.284,36.8619],"direction":[-0.493062,0.234615,0.837762],"extended":false,"handId":358,"id":3583,"length":60.446,"mcpPosition":[40.9095,158.501,22.7596],"pipPosition":[1.39091,170.186,15.0887],"stabilizedTipPosition":[-8.11153,170.445,54.5063],"timeVisible":0.036908,"tipPosition":[-9.19521,176.954,54.1894],"tipVelocity":[-76.941,265.193,-168.418],"tool":false,"touchDistance":0.333333,"touchZone":"none","type":3,"width":17.5889},{"bases":[[[-0.402697,-0.881489,0.246601],[0.861421,-0.456061,-0.223523],[0.309498,0.122415,0.942988]],[[-0.425468,-0.888325,0.172789],[0.163198,-0.263118,-0.95086],[0.890137,-0.376362,0.256921]],[[-0.425468,-0.888325,0.172789],[-0.735085,0.227871,-0.638533],[0.527851,-0.39869,-0.749946]],[[-0.425468,-0.888325,0.172789],[-0.904661,0.42251,-0.0554335],[-0.0237622,-0.179901,-0.983398]]],"btipPosition":[-3.10011,162.534,50.4154],"carpPosition":[52.8687,146.602,81.4912],"dipPosition":[-3.48438,159.625,34.5126],"direction":[-0.527851,0.39869,0.749946],"extended":false,"handId":358,"id":3584,"length":47.3885,"mcpPosition":[35.7306,139.824,29.2742],"pipPosition":[6.20159,152.309,20.7512],"stabilizedTipPosition":[-1.1275,155.675,50.0859],"timeVisible":0.036908,"tipPosition":[-2.98478,162.102,49.9614],"tipVelocity":[-78.9447,237.083,-127.482],"tool":false,"touchDistance":0.333333,"touchZone":"none","type":4,"width":15.6239}],"r":[[0.99985,-0.00962546,-0.0143838],[0.0095214,0.999928,-0.00728559],[0.0144529,0.00714755,0.99987]],"s":0.991394,"t":[-1.23643,3.35658,-2.13826],"timestamp":261461669513},{"currentFrameRate":28.1471,"devices":[],"gestures":[],"hands":[{"armBasis":[[-0.219906,-0.955909,-0.194627],[0.764715,-0.0450466,-0.642792],[0.605684,-0.290188,0.740904]],"armWidth":61.649,"confidence":0.331472,"direction":[-0.183464,0.127009,-0.974787],"elbow":[217.334,85.1386,296.632],"grabAngle":2.80565,"grabStrength":1,"id":358,"palmNormal":[-0.972545,0.120967,0.198804],"palmPosition":[40.3162,178.626,38.5868],"palmVelocity":[-77.9829,145.987,-147.225],"palmWidth":86.8926,"pinchDistance":28.269,"pinchStrength":0.759201,"r":[[0.999463,-0.0183541,-0.0271314],[0.018002,0.999751,-0.0131634],[0.0273662,0.012668,0.999545]],"s":0.989403,"sphereCenter":[-6.11545,181.484,31.5158],"sphereRadius":39.3699,"stabilizedPalmPosition":[43.9109,170.444,45.1],"t":[-2.96524,7.11394,-5.30409],"timeVisible":0.065391,"type":"right","wrist":[61.1638,159.961,105.596]}],"id":213486,"interactionBox":{"center":[0,200,0],"size":[235.247,235.247,147.751]},"pointables":[{"bases":[[[0.776461,-0.479572,-0.408803],[0.621755,0.688652,0.373066],[0.102611,-0.543846,0.832888]],[[0.6926,-0.261041,-0.67243],[0.615239,0.700423,0.361785],[0.376544,-0.664278,0.645716]],[[0.6926,-0.261041,-0.67243],[0.462165,0.87633,0.135831],[0.553813,-0.40485,0.72759]],[[0.6926,-0.261041,-0.67243],[0.22431,0.963944,-0.143171],[0.685559,-0.0516724,0.726181]]],"btipPosition":[-3.50417,237.797,25.2916],"carpPosition":[47.2138,192.046,95.2916],"dipPosition":[11.5486,236.662,41.2363],"direction":[-0.553813,0.40485,-0.72759],"extended":true,"handId":358,"id":3580,"length":48.8949,"mcpPosition":[47.2138,192.046,95.2916],"pipPosition":[29.264,223.712,64.5105],"stabilizedTipPosition":[1.92087,229.894,31.9674],"timeVisible":0.065391,"tipPosition":[0.358396,236.893,26.9951],"tipVelocity":[-46.263,203.073,-129.165],"tool":false,"touchDistance":1,"touchZone":"none","type":0,"width":19.7032},{"bases":[[[-0.171939,-0.949196,-0.263559],[0.938522,-0.0765349,-0.336628],[0.299355,-0.305236,0.904001]],[[-0.142644,-0.973954,-0.176258],[0.257126,0.135501,-0.956831],[0.955792,-0.181807,0.231101]],[[-0.142644,-0.973954,-0.176258],[-0.78254,0.220014,-0.58243],[0.606039,0.0548486,-0.793541]],[[-0.142644,-0.973954,-0.176258],[-0.989187,0.146414,-0.00850155],[0.0340868,0.17314,-0.984307]]],"btipPosition":[-11.4492,208.256,41.7835],"carpPosition":[62.3965,183.502,80.838],"dipPosition":[-10.9028,211.031,26.0056],"direction":[-0.606039,-0.0548486,0.793541],"extended":false,"handId":358,"id":3581,"length":55.1725,"mcpPosition":[41.3649,204.947,17.3258],"pipPosition":[2.83996,212.275,8.01093],"stabilizedTipPosition":[-7.74603,200.383,45.405],"timeVisible":0.065391,"tipPosition":[-9.28052,207.692,42.7735],"tipVelocity":[-127.823,174.702,-206.503],"tool":false,"touchDistance":0.333333,"touchZone":"none","type":1,"width":18.8205},{"bases":[[[-0.287373,-0.95466,-0.0777278],[0.902287,-0.242589,-0.356411],[0.321395,-0.172556,0.931091]],[[-0.279546,-0.95854,-0.0552735],[0.21795,-0.00728593,-0.975933],[0.935068,-0.284865,0.21095]],[[-0.279546,-0.95854,-0.0552735],[-0.768618,0.257915,-0.585411],[0.575396,-0.121165,-0.80885]],[[-0.279546,-0.95854,-0.0552735],[-0.959379,0.276584,0.0556125],[-0.038019,0.0685745,-0.996921]]],"btipPosition":[-16.6248,198.91,44.2971],"carpPosition":[61.7538,172.508,76.7164],"dipPosition":[-17.2951,200.119,26.721],"direction":[-0.575396,0.121165,0.80885],"extended":false,"handId":358,"id":3582,"length":62.8646,"mcpPosition":[40.3404,184.005,14.6813],"pipPosition":[-1.94429,196.886,5.1419],"stabilizedTipPosition":[-12.7443,190.697,47.7171],"timeVisible":0.065391,"tipPosition":[-14.4017,198.195,45.3392],"tipVelocity":[-141.476,178.419,-214.036],"tool":false,"touchDistance":0.333333,"touchZone":"none","type":2,"width":18.4842},{"bases":[[[-0.30414,-0.948626,0.0872275],[0.889235,-0.315552,-0.331191],[0.341701,-0.0231625,0.939523]],[[-0.302454,-0.948728,0.0918503],[0.168847,-0.148168,-0.974442],[0.93809,-0.279216,0.205004]],[[-0.302454,-0.948728,0.0918503],[-0.78794,0.194638,-0.58418],[0.53635,-0.24906,-0.80641]],[[-0.302454,-0.948728,0.0918503],[-0.952289,0.304898,0.0135083],[-0.0408206,-0.0833825,-0.995681]]],"btipPosition":[-14.0641,182.314,48.3899],"carpPosition":[58.9229,161.289,74.773],"dipPosition":[-14.7796,180.852,30.9365],"direction":[-0.53635,0.24906,0.80641],"extended":false,"handId":358,"id":3583,"length":60.446,"mcpPosition":[38.4826,162.675,18.5715],"pipPosition":[-0.840068,174.379,9.97816],"stabilizedTipPosition":[-9.82551,173.677,51.6677],"timeVisible":0.065391,"tipPosition":[-11.8239,181.459,49.3156],"tipVelocity":[-146.7,170.281,-206.688],"tool":false,"touchDistance":0.333333,"touchZone":"none","type":3,"width":17.5889},{"bases":[[[-0.405266,-0.879665,0.248896],[0.857777,-0.460055,-0.229277],[0.316193,0.120579,0.941001]],[[-0.422001,-0.884955,0.1969],[0.165082,-0.288563,-0.943122],[0.891439,-0.365494,0.267864]],[[-0.422001,-0.884955,0.1969],[-0.717562,0.193297,-0.669135],[0.554094,-0.423664,-0.716581]],[[-0.422001,-0.884955,0.1969],[-0.906382,0.407123,-0.112792],[0.0196535,-0.226065,-0.973914]]],"btipPosition":[-6.80006,167.574,45.1255],"carpPosition":[50.7664,150.697,77.2199],"dipPosition":[-6.48224,163.919,29.376],"direction":[-0.554094,0.423664,0.716581],"extended":false,"handId":358,"id":3584,"length":47.3885,"mcpPosition":[33.2575,144.02,25.1129],"pipPosition":[3.68528,156.144,16.2269],"stabilizedTipPosition":[-2.62065,158.624,47.7972],"timeVisible":0.065391,"tipPosition":[-5.39523,166.504,45.5202],"tipVelocity":[-124.231,170.932,-184.484],"tool":false,"touchDistance":0.333333,"touchZone":"none","type":4,"width":15.6239}],"r":[[0.999463,-0.0183541,-0.0271314],[0.018002,0.999751,-0.0131634],[0.0273662,0.012668,0.999545]],"s":0.989403,"t":[-2.96524,7.11394,-5.30409],"timestamp":261461697996},{"currentFrameRate":30.3312,"devices":[],"gestures":[],"hands":[{"armBasis":[[-0.249977,-0.944951,-0.211138],[0.757002,-0.0547738,-0.651113],[0.603705,-0.322595,0.729022]],"armWidth":61.649,"confidence":0.418581,"direction":[-0.205224,0.131187,-0.969883],"elbow":[216.15,78.5486,290.321],"grabAngle":2.76412,"grabStrength":1,"id":358,"palmNormal":[-0.966063,0.131673,0.222226],"palmPosition":[38.4426,181.024,35.8711],"palmVelocity":[-97.2535,124.467,-140.966],"palmWidth":86.8926,"pinchDistance":28.7771,"pinchStrength":0.750103,"r":[[0.998731,-0.0276695,-0.0420695],[0.0269462,0.999481,-0.0176639],[0.0425364,0.0165078,0.998959]],"s":0.988246,"sphereCenter":[-8.39291,184.13,29.9367],"sphereRadius":39.6143,"stabilizedPalmPosition":[43.2895,171.646,44.0513],"t":[-4.76644,10.1915,-8.24486],"timeVisible":0.084656,"type":"right","wrist":[60.4898,161.727,102.349]}],"id":213487,"interactionBox":{"center":[0,200,0],"size":[235.247,235.247,147.751]},"pointables":[{"bases":[[[0.760907,-0.487558,-0.428144],[0.638369,0.680686,0.359377],[0.116215,-0.546766,0.829181]],[[0.672908,-0.266816,-0.68993],[0.629983,0.695546,0.345452],[0.387706,-0.667102,0.636128]],[[0.672908,-0.266816,-0.68993],[0.476998,0.869384,0.129012],[0.565392,-0.415908,0.712286]],[[0.672908,-0.266816,-0.68993],[0.250166,0.959812,-0.127194],[0.696141,-0.0870074,0.712613]]],"btipPosition":[-5.00615,241.257,23.6641],"carpPosition":[46.8466,194.242,92.4197],"dipPosition":[10.279,239.347,39.311],"direction":[-0.565392,0.415908,-0.712286],"extended":true,"handId":358,"id":3580,"length":48.8949,"mcpPosition":[46.8466,194.242,92.4197],"pipPosition":[28.3648,226.043,62.0956],"stabilizedTipPosition":[1.01014,232.81,30.7115],"timeVisible":0.084656,"tipPosition":[-1.11817,239.798,25.3982],"tipVelocity":[-75.1903,170.382,-88.0326],"tool":false,"touchDistance":1,"touchZone":"none","type":0,"width":19.7032},{"bases":[[[-0.189091,-0.946599,-0.261142],[0.929271,-0.0865591,-0.359114],[0.317333,-0.310577,0.896014]],[[-0.154927,-0.973851,-0.166168],[0.235434,0.126958,-0.963562],[0.959463,-0.188403,0.209608]],[[-0.154927,-0.973851,-0.166168],[-0.784526,0.223503,-0.578417],[0.600431,0.040751,-0.798638]],[[-0.154927,-0.973851,-0.166168],[-0.987409,0.158081,-0.0058421],[0.0319573,0.163171,-0.98608]]],"btipPosition":[-13.5149,211.431,40.1082],"carpPosition":[61.5805,185.556,77.5912],"dipPosition":[-13.0027,214.046,24.3018],"direction":[-0.600431,-0.040751,0.798638],"extended":false,"handId":358,"id":3581,"length":55.1725,"mcpPosition":[39.2858,207.376,14.6403],"pipPosition":[0.612918,214.97,6.19164],"stabilizedTipPosition":[-9.19334,203.366,43.1174],"timeVisible":0.084656,"tipPosition":[-10.8122,210.703,41.1001],"tipVelocity":[-107.635,162.892,-87.3004],"tool":false,"touchDistance":0.333333,"touchZone":"none","type":1,"width":18.8205},{"bases":[[[-0.300108,-0.951137,-0.0726144],[0.890666,-0.252144,-0.378334],[0.341538,-0.178216,0.922817]],[[-0.292069,-0.955031,-0.0510933],[0.202482,-0.00953492,-0.97924],[0.934717,-0.296351,0.196162]],[[-0.292069,-0.955031,-0.0510933],[-0.76177,0.264602,-0.591348],[0.578275,-0.133793,-0.804796]],[[-0.292069,-0.955031,-0.0510933],[-0.956209,0.290534,0.0354286],[-0.0189911,0.0592035,-0.998065]]],"btipPosition":[-19.404,202.38,42.1785],"carpPosition":[60.7131,174.579,73.4657],"dipPosition":[-19.7388,203.424,24.5822],"direction":[-0.578275,0.133793,0.804796],"extended":false,"handId":358,"id":3582,"length":62.8646,"mcpPosition":[37.9576,186.453,11.9819],"pipPosition":[-4.31121,199.854,3.11128],"stabilizedTipPosition":[-14.5747,193.936,45.1126],"timeVisible":0.084656,"tipPosition":[-16.1924,201.33,43.4448],"tipVelocity":[-140.258,178.139,-110.213],"tool":false,"touchDistance":0.333333,"touchZone":"none","type":2,"width":18.4842},{"bases":[[[-0.31286,-0.945264,0.0927056],[0.877382,-0.325007,-0.352945],[0.363756,-0.0290841,0.93104]],[[-0.312502,-0.945292,0.0936204],[0.155496,-0.148133,-0.976667],[0.937104,-0.290653,0.193281]],[[-0.312502,-0.945292,0.0936204],[-0.776312,0.197349,-0.59866],[0.547433,-0.259761,-0.795513]],[[-0.312502,-0.945292,0.0936204],[-0.949772,0.312656,-0.0133954],[-0.0166085,-0.0931041,-0.995518]]],"btipPosition":[-17.2697,185.704,45.8993],"carpPosition":[57.7077,163.398,71.5697],"dipPosition":[-17.5608,184.072,28.4488],"direction":[-0.547433,0.259761,0.795513],"extended":false,"handId":358,"id":3583,"length":60.446,"mcpPosition":[35.9481,165.138,15.8756],"pipPosition":[-3.33325,177.321,7.77369],"stabilizedTipPosition":[-11.7906,176.725,49.1086],"timeVisible":0.084656,"tipPosition":[-13.8298,184.531,47.1847],"tipVelocity":[-161.33,173.968,-129.244],"tool":false,"touchDistance":0.333333,"touchZone":"none","type":3,"width":17.5889},{"bases":[[[-0.409296,-0.875496,0.256874],[0.846708,-0.469358,-0.250578],[0.339946,0.114937,0.933395]],[[-0.424876,-0.879943,0.212557],[0.143035,-0.297111,-0.944069],[0.89388,-0.370709,0.252098]],[[-0.424876,-0.879943,0.212557],[-0.712109,0.179911,-0.678626],[0.558911,-0.439696,-0.703055]],[[-0.424876,-0.879943,0.212557],[-0.904501,0.403099,-0.139244],[0.0368455,-0.25142,-0.967177]]],"btipPosition":[-9.83843,170.961,42.6838],"carpPosition":[49.4907,152.894,74.1912],"dipPosition":[-9.24259,166.896,27.0432],"direction":[-0.558911,0.439696,0.703055],"extended":false,"handId":358,"id":3584,"length":47.3885,"mcpPosition":[30.6665,146.53,22.5053],"pipPosition":[1.01332,158.827,14.1423],"stabilizedTipPosition":[-4.38249,161.461,45.6298],"timeVisible":0.084656,"tipPosition":[-7.43789,169.464,43.4641],"tipVelocity":[-154.395,170.92,-125.444],"tool":false,"touchDistance":0.333333,"touchZone":"none","type":4,"width":15.6239}],"r":[[0.998731,-0.0276695,-0.0420695],[0.0269462,0.999481,-0.0176639],[0.0425364,0.0165078,0.998959]],"s":0.988246,"t":[-4.76644,10.1915,-8.24486],"timestamp":261461717261},{"currentFrameRate":32.2592,"devices":[],"gestures":[],"hands":[{"armBasis":[[-0.269561,-0.936559,-0.224042],[0.758179,-0.0629674,-0.648999],[0.593718,-0.344809,0.727052]],"armWidth":61.649,"confidence":0.500068,"direction":[-0.198987,0.124931,-0.972006],"elbow":[211.891,74.295,288.019],"grabAngle":2.72701,"grabStrength":1,"id":358,"palmNormal":[-0.966619,0.138333,0.215664],"palmPosition":[37.2714,182.379,33.8659],"palmVelocity":[-59.6536,69.0319,-102.134],"palmWidth":86.8926,"pinchDistance":28.9144,"pinchStrength":0.74721,"r":[[0.997947,-0.036261,-0.0527878],[0.0350955,0.999123,-0.0228405],[0.0535697,0.020941,0.998345]],"s":0.987581,"sphereCenter":[-9.7634,185.393,27.6719],"sphereRadius":39.8225,"stabilizedPalmPosition":[42.7378,172.63,43.1175],"t":[-6.25263,12.408,-10.7178],"timeVisible":0.104289,"type":"right","wrist":[58.8054,163.201,100.555]}],"id":213488,"interactionBox":{"center":[0,200,0],"size":[235.247,235.247,147.751]},"pointables":[{"bases":[[[0.760793,-0.494696,-0.420083],[0.63984,0.680069,0.357926],[0.108621,-0.541094,0.833918]],[[0.675873,-0.276278,-0.683276],[0.62991,0.697847,0.340916],[0.382634,-0.660818,0.645687]],[[0.675873,-0.276278,-0.683276],[0.481191,0.867636,0.125155],[0.558257,-0.413375,0.719354]],[[0.675873,-0.276278,-0.683276],[0.267541,0.955813,-0.121834],[0.686744,-0.10046,0.719924]]],"btipPosition":[-5.75583,242.91,20.7633],"carpPosition":[45.4206,195.98,90.3611],"dipPosition":[9.32298,240.704,36.5707],"direction":[-0.558257,0.413375,-0.719354],"extended":true,"handId":358,"id":3580,"length":48.8949,"mcpPosition":[45.4206,195.98,90.3611],"pipPosition":[27.1805,227.481,59.5814],"stabilizedTipPosition":[0.456473,234.421,29.6517],"timeVisible":0.104289,"tipPosition":[-1.92696,241.291,22.7467],"tipVelocity":[-40.6014,80.7006,-145.873],"tool":false,"touchDistance":1,"touchZone":"none","type":0,"width":19.7032},{"bases":[[[-0.192523,-0.947551,-0.255113],[0.930846,-0.0940631,-0.353096],[0.31058,-0.30545,0.900134]],[[-0.158184,-0.974795,-0.15733],[0.24427,0.115751,-0.962774],[0.956718,-0.190726,0.219803]],[[-0.158184,-0.974795,-0.15733],[-0.767559,0.221626,-0.601444],[0.621153,0.025621,-0.78327]],[[-0.158184,-0.974795,-0.15733],[-0.985341,0.166145,-0.0387208],[0.0638843,0.148898,-0.986787]]],"btipPosition":[-15.2985,213.286,37.1629],"carpPosition":[60.1936,187.106,75.6834],"dipPosition":[-14.2745,215.673,21.3452],"direction":[-0.621153,-0.025621,0.78327],"extended":false,"handId":358,"id":3581,"length":55.1725,"mcpPosition":[38.3733,208.566,12.443],"pipPosition":[-0.188955,216.254,3.58345],"stabilizedTipPosition":[-10.3351,205.403,41.2515],"timeVisible":0.104289,"tipPosition":[-12.0201,212.426,38.3309],"tipVelocity":[-84.8493,91.82,-150.153],"tool":false,"touchDistance":0.333333,"touchZone":"none","type":1,"width":18.8205},{"bases":[[[-0.304639,-0.950094,-0.0671984],[0.89149,-0.259587,-0.371295],[0.335321,-0.173018,0.92608]],[[-0.297029,-0.953742,-0.0463762],[0.213917,-0.0191304,-0.976665],[0.930598,-0.300018,0.209704]],[[-0.297029,-0.953742,-0.0463762],[-0.741643,0.261021,-0.617927],[0.601448,-0.149147,-0.784867]],[[-0.297029,-0.953742,-0.0463762],[-0.954601,0.297746,-0.00924073],[0.0226216,0.041526,-0.998881]]],"btipPosition":[-21.5758,204.444,39.0011],"carpPosition":[59.2926,176.103,71.6355],"dipPosition":[-21.177,205.177,21.3904],"direction":[-0.601448,0.149147,0.784867],"extended":false,"handId":358,"id":3582,"length":62.8646,"mcpPosition":[36.9514,187.63,9.93423],"pipPosition":[-5.13119,201.198,0.451218],"stabilizedTipPosition":[-16.0759,196.256,42.9046],"timeVisible":0.104289,"tipPosition":[-17.6147,203.144,40.5186],"tipVelocity":[-102.027,101.51,-162.007],"tool":false,"touchDistance":0.333333,"touchZone":"none","type":2,"width":18.4842},{"bases":[[[-0.318305,-0.94291,0.0979967],[0.877682,-0.332187,-0.345437],[0.358269,-0.0239442,0.933311]],[[-0.317874,-0.942938,0.0991181],[0.166754,-0.158511,-0.973174],[0.933354,-0.292818,0.207626]],[[-0.317874,-0.942938,0.0991181],[-0.754695,0.188355,-0.628457],[0.573926,-0.274574,-0.771504]],[[-0.317874,-0.942938,0.0991181],[-0.947694,0.312805,-0.0634755],[0.0288487,-0.114111,-0.993049]]],"btipPosition":[-19.7374,187.767,42.7314],"carpPosition":[56.24,164.924,69.8062],"dipPosition":[-19.2317,185.766,25.3241],"direction":[-0.573926,0.274574,0.771504],"extended":false,"handId":358,"id":3583,"length":60.446,"mcpPosition":[34.8086,166.356,13.9762],"pipPosition":[-4.31554,178.63,5.27301],"stabilizedTipPosition":[-13.5172,179.058,46.8195],"timeVisible":0.104289,"tipPosition":[-15.4425,186.334,44.3207],"tipVelocity":[-116.355,100.72,-160.852],"tool":false,"touchDistance":0.333333,"touchZone":"none","type":3,"width":17.5889},{"bases":[[[-0.415313,-0.871408,0.261079],[0.84567,-0.475601,-0.242167],[0.335196,0.120211,0.934448]],[[-0.428832,-0.875637,0.222176],[0.148827,-0.311054,-0.938667],[0.891041,-0.369465,0.263708]],[[-0.428832,-0.875637,0.222176],[-0.692247,0.160498,-0.703587],[0.580428,-0.455521,-0.674984]],[[-0.428832,-0.875637,0.222176],[-0.900073,0.393098,-0.187998],[0.0772813,-0.280594,-0.95671]]],"btipPosition":[-12.0672,172.978,39.8239],"carpPosition":[47.9535,154.482,72.4591],"dipPosition":[-10.8174,168.441,24.3526],"direction":[-0.580428,0.455521,0.674984],"extended":false,"handId":358,"id":3584,"length":47.3885,"mcpPosition":[29.3923,147.826,20.7149],"pipPosition":[-0.166685,160.082,11.9668],"stabilizedTipPosition":[-5.9459,163.675,43.6507],"timeVisible":0.104289,"tipPosition":[-8.92007,171.17,40.94],"tipVelocity":[-105.86,97.2112,-143.685],"tool":false,"touchDistance":0.333333,"touchZone":"none","type":4,"width":15.6239}],"r":[[0.997947,-0.036261,-0.0527878],[0.0350955,0.999123,-0.0228405],[0.0535697,0.020941,0.998345]],"s":0.987581,"t":[-6.25263,12.408,-10.7178],"timestamp":261461736894},{"currentFrameRate":34.1215,"devices":[],"gestures":[],"hands":[{"armBasis":[[-0.287935,-0.92818,-0.235742],[0.758647,-0.0708548,-0.647637],[0.584421,-0.365323,0.724563]],"armWidth":61.649,"confidence":0.570996,"direction":[-0.211477,0.119028,-0.970108],"elbow":[208.843,70.2126,285.459],"grabAngle":2.69947,"grabStrength":1,"id":358,"palmNormal":[-0.963496,0.141335,0.227377],"palmPosition":[35.9807,183.449,32.0894],"palmVelocity":[-68.2629,56.6027,-93.9611],"palmWidth":86.8926,"pinchDistance":29.2062,"pinchStrength":0.734542,"r":[[0.997006,-0.0435721,-0.0638809],[0.0418256,0.99872,-0.0284281],[0.0650378,0.0256711,0.997553]],"s":0.988269,"sphereCenter":[-11.2563,186.48,26.5274],"sphereRadius":39.9454,"stabilizedPalmPosition":[42.2311,173.441,42.2906],"t":[-7.64105,14.0513,-12.8426],"timeVisible":0.123196,"type":"right","wrist":[58.1552,164.408,98.6366]}],"id":213489,"interactionBox":{"center":[0,200,0],"size":[235.247,235.247,147.751]},"pointables":[{"bases":[[[0.754447,-0.498656,-0.426793],[0.645547,0.681276,0.345154],[0.118651,-0.535915,0.835893]],[[0.668599,-0.285711,-0.686546],[0.635615,0.698768,0.328202],[0.385965,-0.655814,0.648798]],[[0.668599,-0.285711,-0.686546],[0.487313,0.865714,0.114301],[0.561695,-0.410984,0.718046]],[[0.668599,-0.285711,-0.686546],[0.279368,0.952122,-0.124167],[0.689151,-0.108781,0.716406]]],"btipPosition":[-6.60859,244.196,18.7576],"carpPosition":[44.8895,197.398,88.3846],"dipPosition":[8.52307,241.807,34.4877],"direction":[-0.561695,0.410984,-0.718046],"extended":true,"handId":358,"id":3580,"length":48.8949,"mcpPosition":[44.8895,197.398,88.3846],"pipPosition":[26.4906,228.661,57.4566],"stabilizedTipPosition":[0.0529357,235.459,28.8326],"timeVisible":0.123196,"tipPosition":[-3.26009,242.407,21.1561],"tipVelocity":[-44.4599,65.8101,-107.021],"tool":false,"touchDistance":1,"touchZone":"none","type":0,"width":19.7032},{"bases":[[[-0.197351,-0.948843,-0.246473],[0.926,-0.0978873,-0.364613],[0.321834,-0.300191,0.897947]],[[-0.16032,-0.976351,-0.145041],[0.230173,0.105911,-0.967369],[0.959853,-0.188473,0.20775]],[[-0.16032,-0.976351,-0.145041],[-0.768132,0.215688,-0.602869],[0.619895,0.0147587,-0.784546]],[[-0.16032,-0.976351,-0.145041],[-0.984896,0.167968,-0.0420404],[0.0654085,0.13611,-0.988532]]],"btipPosition":[-16.9498,214.577,35.7484],"carpPosition":[59.4552,188.406,73.5726],"dipPosition":[-15.9013,216.759,19.9028],"direction":[-0.619895,-0.0147587,0.784546],"extended":false,"handId":358,"id":3581,"length":55.1725,"mcpPosition":[36.8442,209.496,10.4859],"pipPosition":[-1.84437,217.093,2.11212],"stabilizedTipPosition":[-11.538,207.229,39.525],"timeVisible":0.123196,"tipPosition":[-13.2994,213.649,36.8659],"tipVelocity":[-87.0421,65.7801,-75.15],"tool":false,"touchDistance":0.333333,"touchZone":"none","type":1,"width":18.8205},{"bases":[[[-0.307005,-0.949994,-0.0570981],[0.886145,-0.263458,-0.38123],[0.347123,-0.167637,0.922715]],[[-0.299348,-0.953429,-0.0369259],[0.204033,-0.026159,-0.978614],[0.932074,-0.300481,0.202362]],[[-0.299348,-0.953429,-0.0369259],[-0.737939,0.255877,-0.624478],[0.604844,-0.159687,-0.780169]],[[-0.299348,-0.953429,-0.0369259],[-0.95343,0.300397,-0.027078],[0.0369094,0.0271005,-0.998951]]],"btipPosition":[-23.5802,205.918,37.4054],"carpPosition":[58.4838,177.379,69.6077],"dipPosition":[-22.9294,206.396,19.7935],"direction":[-0.604844,0.159687,0.780169],"extended":false,"handId":358,"id":3582,"length":62.8646,"mcpPosition":[35.3563,188.548,8.13063],"pipPosition":[-6.79301,202.136,-1.02037],"stabilizedTipPosition":[-17.6673,198.37,40.8382],"timeVisible":0.123196,"tipPosition":[-19.0391,204.442,38.9927],"tipVelocity":[-102.945,74.8432,-84.4116],"tool":false,"touchDistance":0.333333,"touchZone":"none","type":2,"width":18.4842},{"bases":[[[-0.318499,-0.941726,0.108212],[0.872561,-0.335867,-0.354727],[0.370401,-0.0185588,0.928687]],[[-0.318241,-0.941739,0.108857],[0.159009,-0.166226,-0.973183],[0.934579,-0.292398,0.202645]],[[-0.318241,-0.941739,0.108857],[-0.748147,0.178964,-0.638943],[0.582236,-0.284779,-0.761513]],[[-0.318241,-0.941739,0.108857],[-0.946829,0.310013,-0.0860633],[0.047302,-0.130458,-0.990325]]],"btipPosition":[-21.9042,189.248,40.9936],"carpPosition":[55.3897,166.193,67.8904],"dipPosition":[-21.075,186.961,23.6341],"direction":[-0.582236,0.284779,0.761513],"extended":false,"handId":358,"id":3583,"length":60.446,"mcpPosition":[33.2326,167.303,12.3371],"pipPosition":[-5.94291,179.56,3.84265],"stabilizedTipPosition":[-15.2997,181.16,44.6842],"timeVisible":0.123196,"tipPosition":[-16.9479,187.642,42.7678],"tipVelocity":[-110.669,74.8584,-91.3307],"tool":false,"touchDistance":0.333333,"touchZone":"none","type":3,"width":17.5889},{"bases":[[[-0.413253,-0.869018,0.272084],[0.841673,-0.478563,-0.250128],[0.347574,0.125639,0.929197]],[[-0.425912,-0.873094,0.237288],[0.13906,-0.322318,-0.936362],[0.894014,-0.36581,0.258692]],[[-0.425912,-0.873094,0.237288],[-0.688503,0.142611,-0.711074],[0.586995,-0.466228,-0.661868]],[[-0.425912,-0.873094,0.237288],[-0.899985,0.381909,-0.210171],[0.0928771,-0.30307,-0.948432]]],"btipPosition":[-14.0555,174.417,38.1659],"carpPosition":[47.1219,155.783,70.7184],"dipPosition":[-12.5535,169.516,22.8285],"direction":[-0.586995,0.466228,0.661868],"extended":false,"handId":358,"id":3584,"length":47.3885,"mcpPosition":[27.8753,148.826,19.265],"pipPosition":[-1.78229,160.961,10.6833],"stabilizedTipPosition":[-7.52736,165.633,41.815],"timeVisible":0.123196,"tipPosition":[-10.3337,172.416,39.5452],"tipVelocity":[-102.094,71.6617,-86.0632],"tool":false,"touchDistance":0.333333,"touchZone":"none","type":4,"width":15.6239}],"r":[[0.997006,-0.0435721,-0.0638809],[0.0418256,0.99872,-0.0284281],[0.0650378,0.0256711,0.997553]],"s":0.988269,"t":[-7.64105,14.0513,-12.8426],"timestamp":261461755801},{"currentFrameRate":35.7311,"devices":[],"gestures":[],"hands":[{"armBasis":[[-0.300499,-0.920509,-0.249728],[0.762307,-0.0744338,-0.642921],[0.573227,-0.383567,0.724077]],"armWidth":61.649,"confidence":0.635902,"direction":[-0.207075,0.114178,-0.971639],"elbow":[204.398,66.122,283.358],"grabAngle":2.68267,"grabStrength":1,"id":358,"palmNormal":[-0.964487,0.142629,0.222312],"palmPosition":[34.8005,183.969,29.9523],"palmVelocity":[-60.7985,26.7855,-110.089],"palmWidth":86.8926,"pinchDistance":29.3269,"pinchStrength":0.728,"r":[[0.996189,-0.0495579,-0.071773],[0.0472192,0.998308,-0.0339247],[0.0733328,0.0304063,0.996844]],"s":0.989219,"sphereCenter":[-12.4746,186.926,24.1907],"sphereRadius":40.0056,"stabilizedPalmPosition":[41.8587,173.969,41.6722],"t":[-8.92537,15.133,-14.9735],"timeVisible":0.142608,"type":"right","wrist":[56.5961,165.021,96.6603]}],"id":213490,"interactionBox":{"center":[0,200,0],"size":[235.247,235.247,147.751]},"pointables":[{"bases":[[[0.756276,-0.500916,-0.420868],[0.644106,0.682903,0.344633],[0.11478,-0.531721,0.839105]],[[0.672641,-0.291106,-0.680303],[0.634121,0.700599,0.327188],[0.381373,-0.651474,0.655848]],[[0.672641,-0.291106,-0.680303],[0.488097,0.865544,0.112228],[0.556161,-0.407543,0.724288]],[[0.672641,-0.291106,-0.680303],[0.28631,0.950146,-0.123488],[0.682335,-0.111715,0.722454]]],"btipPosition":[-7.49485,244.745,15.9208],"carpPosition":[43.4576,198.2,86.2163],"dipPosition":[7