{"frames":382,"data":[{"currentFrameRate":27.1031,"devices":[],"gestures":[],"hands":[],"id":213971,"interactionBox":{"center":[0,200,0],"size":[235.247,235.247,147.751]},"pointables":[],"r":[[-0.0794966,-0.728761,-0.680138],[0.446709,0.583909,-0.677865],[0.891141,-0.357712,0.279125]],"s":-5.62558,"t":[894.675,787.691,741.58],"timestamp":261477344054},{"currentFrameRate":27.1057,"devices":[],"gestures":[],"hands":[],"id":213972,"interactionBox":{"center":[0,200,0],"size":[235.247,235.247,147.751]},"pointables":[],"r":[[-0.0794966,-0.728761,-0.680138],[0.446709,0.583909,-0.677865],[0.891141,-0.357712,0.279125]],"s":-5.62558,"t":[894.675,787.691,741.58],"timestamp":261477380929},{"currentFrameRate":27.0835,"devices":[],"gestures":[],"hands":[],"id":213973,"interactionBox":{"center":[0,200,0],"size":[235.247,235.247,147.751]},"pointables":[],"r":[[-0.0794966,-0.728761,-0.680138],[0.446709,0.583909,-0.677865],[0.891141,-0.357712,0.279125]],"s":-5.62558,"t":[894.675,787.691,741.58],"timestamp":261477418001},{"currentFrameRate":27.1101,"devices":[],"gestures":[],"hands":[],"id":213974,"interactionBox":{"center":[0,200,0],"size":[235.247,235.247,147.751]},"pointables":[],"r":[[-0.0794966,-0.728761,-0.680138],[0.446709,0.583909,-0.677865],[0.891141,-0.357712,0.279125]],"s":-5.62558,"t":[894.675,787.691,741.58],"timestamp":261477454709},{"currentFrameRate":27.1015,"devices":[],"gestures":[],"hands":[],"id":213975,"interactionBox":{"center":[0,200,0],"size":[235.247,235.247,147.751]},"pointables":[],"r":[[-0.0794966,-0.728761,-0.680138],[0.446709,0.583909,-0.677865],[0.891141,-0.357712,0.279125]],"s":-5.62558,"t":[894.675,787.691,741.58],"timestamp":261477491665},{"currentFrameRate":27.1001,"devices":[],"gestures":[],"hands":[],"id":213976,"interactionBox":{"center":[0,200,0],"size":[235.247,235.247,147.751]},"pointables":[],"r":[[-0.0794966,-0.728761,-0.680138],[0.446709,0.583909,-0.677865],[0.891141,-0.357712,0.279125]],"s":-5.62558,"t":[894.675,787.691,741.58],"timestamp":261477528575},{"currentFrameRate":27.1086,"devices":[],"gestures":[],"hands":[],"id":213977,"interactionBox":{"center":[0,200,0],"size":[235.247,235.247,147.751]},"pointables":[],"r":[[-0.0794966,-0.728761,-0.680138],[0.446709,0.583909,-0.677865],[0.891141,-0.357712,0.279125]],"s":-5.62558,"t":[894.675,787.691,741.58],"timestamp":261477565406},{"currentFrameRate":27.1034,"devices":[],"gestures":[],"hands":[],"id":213978,"interactionBox":{"center":[0,200,0],"size":[235.247,235.247,147.751]},"pointables":[],"r":[[-0.0794966,-0.728761,-0.680138],[0.446709,0.583909,-0.677865],[0.891141,-0.357712,0.279125]],"s":-5.62558,"t":[894.675,787.691,741.58],"timestamp":261477602337},{"currentFrameRate":27.0936,"devices":[],"gestures":[],"hands":[],"id":213979,"interactionBox":{"center":[0,200,0],"size":[235.247,235.247,147.751]},"pointables":[],"r":[[-0.0794966,-0.728761,-0.680138],[0.446709,0.583909,-0.677865],[0.891141,-0.357712,0.279125]],"s":-5.62558,"t":[894.675,787.691,741.58],"timestamp":261477639312},{"currentFrameRate":27.0962,"devices":[],"gestures":[],"hands":[],"id":213980,"interactionBox":{"center":[0,200,0],"size":[235.247,235.247,147.751]},"pointables":[],"r":[[-0.0794966,-0.728761,-0.680138],[0.446709,0.583909,-0.677865],[0.891141,-0.357712,0.279125]],"s":-5.62558,"t":[894.675,787.691,741.58],"timestamp":261477676200},{"currentFrameRate":27.1036,"devices":[],"gestures":[],"hands":[{"armBasis":[[0.000178413,-0.991155,-0.132708],[0.903275,0.0570996,-0.425246],[0.429062,-0.119796,0.895296]],"armWidth":60.8506,"confidence":0,"direction":[-0.0834422,0.312896,-0.946115],"elbow":[175.367,132.797,352.235],"grabAngle":3.14159,"grabStrength":1,"id":359,"palmNormal":[-0.992949,0.0541139,0.105469],"palmPosition":[51.556,191.501,55.883],"palmVelocity":[1.19209e-7,1.19209e-7,1.19209e-7],"palmWidth":86.8926,"pinchDistance":32.9492,"pinchStrength":0.507528,"r":[[1,-4.85723e-18,-2.77556e-18],[4.85723e-18,1,-1.11022e-17],[2.77556e-18,1.11022e-17,1]],"s":1,"sphereCenter":[9.66727,200.703,46.2679],"sphereRadius":37.5054,"stabilizedPalmPosition":[51.556,191.501,55.883],"t":[0,0,0],"timeVisible":0,"type":"right","wrist":[64.7367,163.685,121.39]}],"id":213981,"interactionBox":{"center":[0,200,0],"size":[235.247,235.247,147.751]},"pointables":[{"bases":[[[0.837957,-0.368916,-0.402156],[0.544388,0.616829,0.568475],[0.0383418,-0.695286,0.71771]],[[0.789949,-0.149012,-0.594791],[0.559655,0.571555,0.600093],[0.250534,-0.80692,0.534894]],[[0.789949,-0.149012,-0.594791],[0.444688,0.807095,0.388395],[0.422177,-0.571309,0.703828]],[[0.789949,-0.149012,-0.594791],[0.250628,0.963758,0.0914128],[0.559613,-0.221283,0.798666]]],"btipPosition":[13.4702,255.604,48.2586],"carpPosition":[51.6664,193.59,114.524],"dipPosition":[25.9773,250.658,66.1085],"direction":[-0.422177,0.571309,-0.703828],"extended":true,"handId":359,"id":3590,"length":49.7695,"mcpPosition":[51.6664,193.59,114.524],"pipPosition":[39.7235,232.056,89.0253],"stabilizedTipPosition":[16.3468,254.466,52.3641],"timeVisible":0,"tipPosition":[16.3468,254.466,52.3641],"tipVelocity":[1.19209e-7,1.19209e-7,1.19209e-7],"tool":false,"touchDistance":1,"touchZone":"none","type":0,"width":19.3381},{"bases":[[[-0.0970136,-0.882247,-0.460682],[0.971858,0.0158585,-0.235031],[0.214661,-0.470519,0.855881]],[[-0.069831,-0.93349,-0.351739],[0.189445,0.333773,-0.923421],[0.979405,-0.131119,0.153537]],[[-0.069831,-0.93349,-0.351739],[-0.929062,0.189263,-0.317842],[0.363273,0.304592,-0.880486]],[[-0.069831,-0.93349,-0.351739],[-0.958179,-0.0353262,0.283981],[-0.277519,0.35686,-0.891983]]],"btipPosition":[9.58525,214.057,68.9745],"carpPosition":[68.7064,188.474,100.528],"dipPosition":[5.05718,219.88,54.4207],"direction":[-0.363273,-0.304592,0.880486],"extended":false,"handId":359,"id":3591,"length":56.1593,"mcpPosition":[53.625,221.531,40.3967],"pipPosition":[13.4422,226.91,34.0974],"stabilizedTipPosition":[8.54379,215.396,65.6271],"timeVisible":0,"tipPosition":[8.54379,215.396,65.6271],"tipVelocity":[1.19209e-7,1.19209e-7,1.19209e-7],"tool":false,"touchDistance":0.333333,"touchZone":"none","type":1,"width":18.4718},{"bases":[[[-0.231367,-0.927395,-0.293952],[0.945943,-0.143858,-0.290684],[0.227291,-0.345316,0.910547]],[[-0.217608,-0.946088,-0.239926],[0.15013,0.210447,-0.966009],[0.964421,-0.246232,0.0962407]],[[-0.217608,-0.946088,-0.239926],[-0.928021,0.276706,-0.249422],[0.302364,0.16838,-0.938202]],[[-0.217608,-0.946088,-0.239926],[-0.89548,0.0957326,0.434685],[-0.388282,0.30944,-0.868035]]],"btipPosition":[8.25836,202.717,70.2646],"carpPosition":[69.037,178.502,94.3057],"dipPosition":[1.29035,208.27,54.6871],"direction":[-0.302364,-0.16838,0.938203],"extended":false,"handId":359,"id":3592,"length":63.9891,"mcpPosition":[53.8935,201.509,33.6393],"pipPosition":[9.50132,212.843,29.2094],"stabilizedTipPosition":[6.65572,203.994,66.6818],"timeVisible":0,"tipPosition":[6.65572,203.994,66.6818],"tipVelocity":[1.19209e-7,1.19209e-7,1.19209e-7],"tool":false,"touchDistance":0.333333,"touchZone":"none","type":2,"width":18.1417},{"bases":[[[-0.266044,-0.954602,-0.133998],[0.933759,-0.220683,-0.281768],[0.239405,-0.200085,0.95008]],[[-0.255137,-0.962554,-0.0916255],[0.121353,0.0621349,-0.990663],[0.959259,-0.263874,0.100956]],[[-0.255137,-0.962554,-0.0916255],[-0.92495,0.27058,-0.266935],[0.281731,0.0166439,-0.959349]],[[-0.255137,-0.962554,-0.0916255],[-0.885456,0.194526,0.422052],[-0.388424,0.188811,-0.90193]]],"btipPosition":[11.1983,187.24,70.242],"carpPosition":[66.9713,167.822,89.9107],"dipPosition":[4.26785,190.609,54.1492],"direction":[-0.281731,-0.0166439,0.959349],"extended":false,"handId":359,"id":3593,"length":61.5272,"mcpPosition":[52.6502,179.791,33.0776],"pipPosition":[11.7209,191.05,28.7701],"stabilizedTipPosition":[9.60433,188.015,66.5407],"timeVisible":0,"tipPosition":[9.60433,188.015,66.5407],"tipVelocity":[1.19209e-7,1.19209e-7,1.19209e-7],"tool":false,"touchDistance":0.333333,"touchZone":"none","type":3,"width":17.263},{"bases":[[[-0.38715,-0.92167,0.0252743],[0.89847,-0.383277,-0.214128],[0.207042,-0.0601913,0.976479]],[[-0.392483,-0.919759,-0.00052544],[0.161735,-0.0684538,-0.984457],[0.905427,-0.386468,0.175624]],[[-0.392483,-0.919759,-0.00052544],[-0.840831,0.359035,-0.405089],[0.372773,-0.158549,-0.914277]],[[-0.392483,-0.919759,-0.00052544],[-0.876797,0.373978,0.302272],[-0.277821,0.119098,-0.953222]]],"btipPosition":[14.687,174.132,62.0683],"carpPosition":[59.1148,156.748,89.3026],"dipPosition":[10.1139,176.092,46.3777],"direction":[-0.372773,0.158549,0.914277],"extended":false,"handId":359,"id":3594,"length":48.2362,"mcpPosition":[47.6501,160.081,35.231],"pipPosition":[17.0766,173.131,29.3008],"stabilizedTipPosition":[13.6352,174.583,58.4594],"timeVisible":0,"tipPosition":[13.6352,174.583,58.4594],"tipVelocity":[1.19209e-7,1.19209e-7,1.19209e-7],"tool":false,"touchDistance":0.333333,"touchZone":"none","type":4,"width":15.3344}],"r":[[1,-4.85723e-18,-2.77556e-18],[4.85723e-18,1,-1.11022e-17],[2.77556e-18,1.11022e-17,1]],"s":1,"t":[0,0,0],"timestamp":261477713046},{"currentFrameRate":27.1035,"devices":[],"gestures":[],"hands":[{"armBasis":[[-0.170308,-0.952014,-0.254292],[0.853424,-0.0134952,-0.521043],[0.492609,-0.305757,0.81477]],"armWidth":61.649,"confidence":0.191958,"direction":[-0.0834023,0.173645,-0.98127],"elbow":[190.23,96.4856,328.853],"grabAngle":3.14159,"grabStrength":1,"id":359,"palmNormal":[-0.989816,0.0995568,0.101746],"palmPosition":[49.5647,196.901,50.7428],"palmVelocity":[-53.9712,146.365,-139.317],"palmWidth":86.8926,"pinchDistance":25.8192,"pinchStrength":0.645399,"r":[[0.99998,-0.00617033,-0.00107543],[0.00613613,0.999551,-0.0293373],[0.00125597,0.0293301,0.999569]],"s":0.98701,"sphereCenter":[6.79422,198.192,39.3212],"sphereRadius":37.7084,"stabilizedPalmPosition":[51.3836,191.968,55.438],"t":[-0.99566,2.70015,-2.57012],"timeVisible":0.036896,"type":"right","wrist":[63.2146,175.322,118.771]}],"id":213982,"interactionBox":{"center":[0,200,0],"size":[235.247,235.247,147.751]},"pointables":[{"bases":[[[0.822623,-0.449417,-0.348304],[0.568049,0.676217,0.469095],[0.0247095,-0.583743,0.811563]],[[0.767658,-0.229881,-0.598211],[0.548198,0.719032,0.427168],[0.331935,-0.655857,0.677991]],[[0.767658,-0.229881,-0.598211],[0.408702,0.894602,0.18069],[0.493623,-0.383198,0.780702]],[[0.767658,-0.229881,-0.598211],[0.295742,0.955187,0.0124521],[0.56854,-0.186475,0.801242]]],"btipPosition":[6.21709,255.153,33.5583],"carpPosition":[50.3138,207.536,108.444],"dipPosition":[18.7005,251.059,51.1512],"direction":[-0.493623,0.383198,-0.780702],"extended":false,"handId":359,"id":3590,"length":48.8949,"mcpPosition":[50.3138,207.536,108.444],"pipPosition":[34.4906,238.801,76.1243],"stabilizedTipPosition":[15.8673,254.449,51.389],"timeVisible":0.036896,"tipPosition":[13.1654,257.371,37.9636],"tipVelocity":[-196.73,-6.90121,-400.026],"tool":false,"touchDistance":1,"touchZone":"none","type":0,"width":19.7032},{"bases":[[[-0.127726,-0.936699,-0.326008],[0.969542,-0.0486598,-0.240042],[0.208984,-0.346738,0.914384]],[[-0.112707,-0.958771,-0.260873],[0.198383,0.235547,-0.9514],[0.973623,-0.158982,0.163656]],[[-0.112707,-0.958771,-0.260873],[-0.913648,0.203199,-0.352075],[0.390569,0.198665,-0.898882]],[[-0.112707,-0.958771,-0.260873],[-0.952647,0.0296445,0.302629],[-0.282418,0.282628,-0.916712]]],"btipPosition":[8.79995,221.639,59.4967],"carpPosition":[67.0557,199.906,95.257],"dipPosition":[4.27293,226.169,44.8023],"direction":[-0.390569,-0.198665,0.898882],"extended":false,"handId":359,"id":3591,"length":55.1725,"mcpPosition":[52.3732,224.266,31.0154],"pipPosition":[13.1296,230.674,24.4189],"stabilizedTipPosition":[8.46767,216.103,64.705],"timeVisible":0.036896,"tipPosition":[7.40917,223.233,57.0369],"tipVelocity":[-21.2775,197.436,-257.755],"tool":false,"touchDistance":0.333333,"touchZone":"none","type":1,"width":18.8205},{"bases":[[[-0.261716,-0.952821,-0.153744],[0.938344,-0.21392,-0.271568],[0.225867,-0.215339,0.95006]],[[-0.251095,-0.961684,-0.110065],[0.142438,0.0757601,-0.9869],[0.957425,-0.263484,0.117958]],[[-0.251095,-0.961684,-0.110065],[-0.918744,0.272579,-0.285676],[0.304731,0.0293894,-0.951985]],[[-0.251095,-0.961684,-0.110065],[-0.892795,0.186161,0.410197],[-0.373991,0.201264,-0.905331]]],"btipPosition":[7.1479,211.055,63.2861],"carpPosition":[67.0285,189.126,90.5601],"dipPosition":[0.554287,214.604,47.3247],"direction":[-0.304731,-0.0293894,0.951985],"extended":false,"handId":359,"id":3592,"length":62.8646,"mcpPosition":[51.9798,203.473,27.2612],"pipPosition":[8.68411,215.388,21.9271],"stabilizedTipPosition":[6.49471,205.232,65.571],"timeVisible":0.036896,"tipPosition":[5.18295,212.204,59.8282],"tipVelocity":[-27.7633,213.496,-191.533],"tool":false,"touchDistance":0.333333,"touchZone":"none","type":2,"width":18.4842},{"bases":[[[-0.295612,-0.955269,0.00865298],[0.923969,-0.288204,-0.251435],[0.242682,-0.066332,0.967836]],[[-0.291579,-0.956231,0.0245768],[0.119241,-0.0618285,-0.990938],[0.949085,-0.286006,0.13205]],[[-0.291579,-0.956231,0.0245768],[-0.920451,0.273492,-0.279236],[0.260292,-0.104041,-0.959908]],[[-0.291579,-0.956231,0.0245768],[-0.879443,0.278093,0.386321],[-0.376247,0.0910292,-0.922037]]],"btipPosition":[10.1327,195.052,65.4672],"carpPosition":[64.603,177.987,87.7875],"dipPosition":[3.53746,196.647,49.3047],"direction":[-0.260292,0.104041,0.959908],"extended":false,"handId":359,"id":3593,"length":60.446,"mcpPosition":[50.086,181.955,29.8923],"pipPosition":[10.3024,193.943,24.357],"stabilizedTipPosition":[9.42783,189.337,65.6852],"timeVisible":0.036896,"tipPosition":[7.71828,196.231,61.9982],"tipVelocity":[-26.7921,200.662,-129.848],"tool":false,"touchDistance":0.333333,"touchZone":"none","type":3,"width":17.5889},{"bases":[[[-0.414113,-0.895687,0.162036],[0.884529,-0.437995,-0.160527],[0.214753,0.0768488,0.97364]],[[-0.436193,-0.898561,0.0482134],[0.197702,-0.147966,-0.96903],[0.877866,-0.413152,0.242189]],[[-0.436193,-0.898561,0.0482134],[-0.808332,0.367724,-0.459758],[0.395391,-0.239516,-0.886734]],[[-0.436193,-0.898561,0.0482134],[-0.871919,0.435292,0.224229],[-0.222471,0.0557691,-0.973343]]],"btipPosition":[11.7438,180.134,58.9127],"carpPosition":[56.4152,167.191,88.8497],"dipPosition":[8.14614,181.036,43.1724],"direction":[-0.395391,0.239516,0.886734],"extended":false,"handId":359,"id":3594,"length":47.3885,"mcpPosition":[44.5234,162.935,34.9353],"pipPosition":[15.4015,176.641,26.901],"stabilizedTipPosition":[13.2169,175.469,57.9722],"timeVisible":0.036896,"tipPosition":[11.1586,181.585,55.9062],"tipVelocity":[-73.6895,156.088,-85.8363],"tool":false,"touchDistance":0.333333,"touchZone":"none","type":4,"width":15.6239}],"r":[[0.99998,-0.00617033,-0.00107543],[0.00613613,0.999551,-0.0293373],[0.00125597,0.0293301,0.999569]],"s":0.98701,"t":[-0.99566,2.70015,-2.57012],"timestamp":261477749942},{"currentFrameRate":28.1491,"devices":[],"gestures":[],"hands":[{"armBasis":[[-0.202667,-0.934998,-0.291043],[0.83632,-0.0106555,-0.548138],[0.509406,-0.354494,0.784117]],"armWidth":61.649,"confidence":0.332054,"direction":[-0.0959313,0.17464,-0.979948],"elbow":[192.463,88.4407,316.34],"grabAngle":3.14159,"grabStrength":1,"id":359,"palmNormal":[-0.988222,0.101213,0.114779],"palmPosition":[46.5203,202.027,46.517],"palmVelocity":[-106.377,179.109,-147.657],"palmWidth":86.8926,"pinchDistance":22.67,"pinchStrength":0.695543,"r":[[0.999924,-0.0114823,-0.00440984],[0.0112344,0.99855,-0.0526431],[0.00500791,0.0525896,0.998604]],"s":0.971508,"sphereCenter":[3.7283,202.729,35.7313],"sphereRadius":37.4859,"stabilizedPalmPosition":[50.6393,193.508,54.0728],"t":[-3.01569,6.61318,-5.96808],"timeVisible":0.065515,"type":"right","wrist":[61.1171,179.844,114.162]}],"id":213983,"interactionBox":{"center":[0,200,0],"size":[235.247,235.247,147.751]},"pointables":[{"bases":[[[0.817196,-0.450564,-0.359421],[0.575339,0.674809,0.462188],[0.0342949,-0.584487,0.810678]],[[0.761235,-0.235088,-0.604363],[0.554777,0.718656,0.419232],[0.335772,-0.654421,0.677488]],[[0.761235,-0.235088,-0.604363],[0.398317,0.90495,0.149695],[0.511727,-0.354681,0.78252]],[[0.761235,-0.235088,-0.604363],[0.220847,0.970246,-0.09924],[0.609711,-0.0579266,0.790504]]],"btipPosition":[2.28075,256.425,29.5283],"carpPosition":[48.0435,212.611,104.212],"dipPosition":[15.6681,255.153,46.8854],"direction":[-0.511727,0.354681,-0.78252],"extended":false,"handId":359,"id":3590,"length":48.8949,"mcpPosition":[48.0435,212.611,104.212],"pipPosition":[32.0373,243.807,71.9166],"stabilizedTipPosition":[15.1527,254.564,50.1739],"timeVisible":0.065515,"tipPosition":[9.14829,261.319,34.1211],"tipVelocity":[-130.278,67.113,-142.712],"tool":false,"touchDistance":1,"touchZone":"none","type":0,"width":19.7032},{"bases":[[[-0.133643,-0.93619,-0.325096],[0.966229,-0.0501609,-0.252754],[0.220319,-0.347896,0.911278]],[[-0.116804,-0.959571,-0.256086],[0.168718,0.234931,-0.957257],[0.978719,-0.155018,0.134456]],[[-0.116804,-0.959571,-0.256086],[-0.92659,0.198101,-0.319668],[0.357475,0.199948,-0.912268]],[[-0.116804,-0.959571,-0.256086],[-0.940128,0.0237006,0.339998],[-0.320183,0.280466,-0.904888]]],"btipPosition":[6.69601,226.623,56.5499],"carpPosition":[64.5978,204.962,90.8009],"dipPosition":[1.56364,231.118,42.045],"direction":[-0.357475,-0.199948,0.912268],"extended":false,"handId":359,"id":3591,"length":55.1725,"mcpPosition":[49.1189,229.404,26.7775],"pipPosition":[9.66986,235.652,21.3581],"stabilizedTipPosition":[7.99128,217.967,62.8507],"timeVisible":0.065515,"tipPosition":[4.56493,228.377,53.3733],"tipVelocity":[-78.3806,173.863,-101.445],"tool":false,"touchDistance":0.333333,"touchZone":"none","type":1,"width":18.8205},{"bases":[[[-0.265396,-0.952225,-0.151107],[0.934328,-0.215339,-0.284009],[0.237901,-0.216558,0.94684]],[[-0.255334,-0.960363,-0.111835],[0.11947,0.0834442,-0.989325],[0.959443,-0.265969,0.0934281]],[[-0.255334,-0.960363,-0.111835],[-0.92436,0.276388,-0.262998],[0.283484,0.0362236,-0.958293]],[[-0.255334,-0.960363,-0.111835],[-0.882836,0.184419,0.431961],[-0.394214,0.209026,-0.894932]]],"btipPosition":[4.63972,215.99,60.1304],"carpPosition":[64.49,194.186,86.0958],"dipPosition":[-2.31044,219.676,44.3524],"direction":[-0.283484,-0.0362236,0.958293],"extended":false,"handId":359,"id":3592,"length":62.8646,"mcpPosition":[48.6395,208.615,23.0114],"pipPosition":[5.25253,220.642,18.7864],"stabilizedTipPosition":[5.75026,207.734,63.616],"timeVisible":0.065515,"tipPosition":[2.32019,217.377,56.2083],"tipVelocity":[-90.5056,173.543,-108.792],"tool":false,"touchDistance":0.333333,"touchZone":"none","type":2,"width":18.4842},{"bases":[[[-0.297167,-0.954754,0.0117183],[0.920086,-0.289614,-0.263751],[0.255211,-0.0675963,0.96452]],[[-0.295977,-0.955058,0.0162035],[0.101843,-0.0484194,-0.993621],[0.94975,-0.292439,0.111597]],[[-0.295977,-0.955058,0.0162035],[-0.923188,0.281664,-0.261512],[0.245195,-0.0923604,-0.965064]],[[-0.295977,-0.955058,0.0162035],[-0.874073,0.277643,0.398635],[-0.385218,0.103824,-0.916966]]],"btipPosition":[7.31062,199.937,62.1262],"carpPosition":[62.0086,183.054,83.3457],"dipPosition":[0.558097,201.757,46.0527],"direction":[-0.245195,0.0923604,0.965064],"extended":false,"handId":359,"id":3593,"length":60.446,"mcpPosition":[46.7421,187.098,25.6489],"pipPosition":[6.93064,199.356,20.971],"stabilizedTipPosition":[8.56185,191.937,63.9733],"timeVisible":0.065515,"tipPosition":[4.85118,201.39,58.322],"tipVelocity":[-99.8732,172.488,-116.024],"tool":false,"touchDistance":0.333333,"touchZone":"none","type":3,"width":17.5889},{"bases":[[[-0.413545,-0.895095,0.166689],[0.881574,-0.439414,-0.172461],[0.227615,0.0756284,0.97081]],[[-0.442116,-0.896622,0.0245327],[0.192712,-0.121665,-0.973684],[0.876011,-0.425753,0.22658]],[[-0.442116,-0.896622,0.0245327],[-0.803154,0.383554,-0.455883],[0.399345,-0.221257,-0.889702]],[[-0.442116,-0.896622,0.0245327],[-0.873136,0.436474,0.21708],[-0.205347,0.0745541,-0.975846]]],"btipPosition":[8.14475,185.062,55.3384],"carpPosition":[53.8163,172.272,84.5059],"dipPosition":[4.82402,186.267,39.5576],"direction":[-0.399345,0.221257,0.889702],"extended":false,"handId":359,"id":3594,"length":47.3885,"mcpPosition":[41.2123,168.084,30.7482],"pipPosition":[12.1519,182.207,23.2318],"stabilizedTipPosition":[11.8045,177.857,56.4563],"timeVisible":0.065515,"tipPosition":[8.12881,186.72,52.1525],"tipVelocity":[-123.531,174.624,-125.218],"tool":false,"touchDistance":0.333333,"touchZone":"none","type":4,"width":15.6239}],"r":[[0.999924,-0.0114823,-0.00440984],[0.0112344,0.99855,-0.0526431],[0.00500791,0.0525896,0.998604]],"s":0.971508,"t":[-3.01569,6.61318,-5.96808],"timestamp":261477778561},{"currentFrameRate":30.3474,"devices":[],"gestures":[],"hands":[{"armBasis":[[-0.207432,-0.931887,-0.297587],[0.828002,-0.00525523,-0.560701],[0.520946,-0.36271,0.772694]],"armWidth":61.649,"confidence":0.418676,"direction":[-0.113507,0.159664,-0.980624],"elbow":[194.425,89.8827,310.701],"grabAngle":3.14159,"grabStrength":1,"id":359,"palmNormal":[-0.987832,0.0874856,0.128586],"palmPosition":[44.1906,204.721,43.8285],"palmVelocity":[-121.574,140.595,-140.294],"palmWidth":86.8926,"pinchDistance":20.8245,"pinchStrength":0.736569,"r":[[0.999869,-0.012712,-0.0100219],[0.0119361,0.997186,-0.0740069],[0.0109345,0.0738775,0.997207]],"s":0.955465,"sphereCenter":[1.24203,204.462,33.7548],"sphereRadius":37.2954,"stabilizedPalmPosition":[49.8118,194.947,52.7582],"t":[-5.19056,9.91681,-9.01129],"timeVisible":0.084678,"type":"right","wrist":[60.1038,183.404,111.469]}],"id":213984,"interactionBox":{"center":[0,200,0],"size":[235.247,235.247,147.751]},"pointables":[{"bases":[[[0.818611,-0.442766,-0.365833],[0.571636,0.689908,0.444139],[0.0557411,-0.5727,0.817867]],[[0.756555,-0.233675,-0.610755],[0.548935,0.734512,0.398952],[0.355381,-0.637094,0.683971]],[[0.756555,-0.233675,-0.610755],[0.376146,0.919504,0.114137],[0.53492,-0.316083,0.783551]],[[0.756555,-0.233675,-0.610755],[0.161052,0.971788,-0.172309],[0.633788,0.0319979,0.772844]]],"btipPosition":[-1.54555,255.897,26.7073],"carpPosition":[46.4225,216.119,101.346],"dipPosition":[12.3705,256.6,43.6766],"direction":[-0.53492,0.316083,-0.783551],"extended":false,"handId":359,"id":3590,"length":48.8949,"mcpPosition":[46.4225,216.119,101.346],"pipPosition":[29.4816,246.489,68.7409],"stabilizedTipPosition":[14.2208,254.667,48.8232],"timeVisible":0.084678,"tipPosition":[5.22548,262.392,31.1382],"tipVelocity":[-193.326,-3.82651,-151.866],"tool":false,"touchDistance":1,"touchZone":"none","type":0,"width":19.7032},{"bases":[[[-0.12387,-0.94252,-0.310342],[0.962952,-0.038679,-0.266883],[0.239539,-0.331903,0.912393]],[[-0.104368,-0.965992,-0.236574],[0.150876,0.219741,-0.963821],[0.983028,-0.136285,0.122811]],[[-0.104368,-0.965992,-0.236574],[-0.931371,0.178357,-0.317391],[0.348792,0.187213,-0.918311]],[[-0.104368,-0.965992,-0.236574],[-0.937826,0.0164124,0.346718],[-0.331044,0.258052,-0.907645]]],"btipPosition":[3.83457,228.973,54.1068],"carpPosition":[62.8893,208.543,87.7856],"dipPosition":[-1.4719,233.11,39.5577],"direction":[-0.348792,-0.187213,0.918311],"extended":false,"handId":359,"id":3591,"length":55.1725,"mcpPosition":[46.0601,231.862,23.6839],"pipPosition":[6.43744,237.355,18.7338],"stabilizedTipPosition":[7.22277,219.676,61.1227],"timeVisible":0.084678,"tipPosition":[1.95001,230.499,50.9687],"tipVelocity":[-151.41,118.348,-128.019],"tool":false,"touchDistance":0.333333,"touchZone":"none","type":1,"width":18.8205},{"bases":[[[-0.252701,-0.9582,-0.134146],[0.933173,-0.204744,-0.295412],[0.255598,-0.199832,0.945905]],[[-0.241761,-0.965737,-0.0943636],[0.106462,0.0702619,-0.991831],[0.964478,-0.249832,0.0858274]],[[-0.241761,-0.965737,-0.0943636],[-0.929761,0.258381,-0.262266],[0.277662,0.0243299,-0.960371]],[[-0.241761,-0.965737,-0.0943636],[-0.883916,0.179066,0.432004],[-0.400305,0.187851,-0.896921]]],"btipPosition":[1.8848,218.354,57.7597],"carpPosition":[62.8791,197.703,83.2285],"dipPosition":[-5.17274,221.666,41.9466],"direction":[-0.277662,-0.0243299,0.960371],"extended":false,"handId":359,"id":3592,"length":62.8646,"mcpPosition":[45.8496,211.018,20.2063],"pipPosition":[2.23491,222.315,16.3251],"stabilizedTipPosition":[4.77497,209.757,61.9291],"timeVisible":0.084678,"tipPosition":[-0.0826974,219.506,53.9941],"tipVelocity":[-145.051,118.869,-124.137],"tool":false,"touchDistance":0.333333,"touchZone":"none","type":2,"width":18.4842},{"bases":[[[-0.281956,-0.958984,0.0291675],[0.920406,-0.278946,-0.273937],[0.270837,-0.0503922,0.961305]],[[-0.280782,-0.959193,0.0333244],[0.09099,-0.061168,-0.993971],[0.955449,-0.276057,0.104452]],[[-0.280782,-0.959193,0.0333244],[-0.928512,0.262684,-0.262418],[0.242955,-0.104624,-0.964379]],[[-0.280782,-0.959193,0.0333244],[-0.878403,0.270814,0.393786],[-0.386741,0.0812958,-0.918598]]],"btipPosition":[4.74437,202.378,59.9505],"carpPosition":[60.5311,186.498,80.6674],"dipPosition":[-2.03485,203.803,43.8483],"direction":[-0.242955,0.104624,0.964379],"extended":false,"handId":359,"id":3593,"length":60.446,"mcpPosition":[44.3298,189.512,23.1628],"pipPosition":[4.27948,201.084,18.7844],"stabilizedTipPosition":[7.52671,194.01,62.4858],"timeVisible":0.084678,"tipPosition":[2.73536,203.573,56.2793],"tipVelocity":[-134.237,122.656,-113.883],"tool":false,"touchDistance":0.333333,"touchZone":"none","type":3,"width":17.5889},{"bases":[[[-0.396891,-0.89901,0.185091],[0.885635,-0.428056,-0.180053],[0.241099,0.0924615,0.966086]],[[-0.428317,-0.902767,0.0394438],[0.184231,-0.129975,-0.974251],[0.884649,-0.410022,0.221988]],[[-0.428317,-0.902767,0.0394438],[-0.809853,0.364139,-0.459936],[0.400852,-0.228942,-0.887076]],[[-0.428317,-0.902767,0.0394438],[-0.881468,0.427023,0.201656],[-0.198892,0.0516043,-0.978662]]],"btipPosition":[5.69053,187.455,53.3425],"carpPosition":[52.5273,175.607,82.0988],"dipPosition":[2.47418,188.29,37.5162],"direction":[-0.400852,0.228942,0.887076],"extended":false,"handId":359,"id":3594,"length":47.3885,"mcpPosition":[39.1767,170.487,28.6027],"pipPosition":[9.82974,184.088,21.2386],"stabilizedTipPosition":[10.4586,179.78,55.13],"timeVisible":0.084678,"tipPosition":[6.09557,188.861,50.2419],"tipVelocity":[-126.818,120.431,-104.698],"tool":false,"touchDistance":0.333333,"touchZone":"none","type":4,"width":15.6239}],"r":[[0.999869,-0.012712,-0.0100219],[0.0119361,0.997186,-0.0740069],[0.0109345,0.0738775,0.997207]],"s":0.955465,"t":[-5.19056,9.91681,-9.01129],"timestamp":261477797724},{"currentFrameRate":32.3247,"devices":[],"gestures":[],"hands":[{"armBasis":[[-0.202561,-0.935155,-0.29061],[0.821834,-0.00096571,-0.569726],[0.532501,-0.354238,0.768738]],"armWidth":61.649,"confidence":0.498811,"direction":[-0.129336,0.158353,-0.978875],"elbow":[196.59,94.2094,307.512],"grabAngle":3.14159,"grabStrength":1,"id":359,"palmNormal":[-0.986325,0.0811538,0.143448],"palmPosition":[42.2484,206.667,41.8693],"palmVelocity":[-100.665,100.86,-101.549],"palmWidth":86.8926,"pinchDistance":20.0009,"pinchStrength":0.760574,"r":[[0.999769,-0.0124962,-0.0175086],[0.010849,0.995773,-0.0912083],[0.0185743,0.0909972,0.995678]],"s":0.941614,"sphereCenter":[-0.841776,206.079,32.4725],"sphereRadius":37.1951,"stabilizedPalmPosition":[48.7601,196.576,51.244],"t":[-7.24907,12.5416,-11.5125],"timeVisible":0.103971,"type":"right","wrist":[59.2887,185.547,109.299]}],"id":213985,"interactionBox":{"center":[0,200,0],"size":[235.247,235.247,147.751]},"pointables":[{"bases":[[[0.815851,-0.437662,-0.37794],[0.573787,0.693858,0.43512],[0.0718014,-0.57185,0.81721]],[[0.748498,-0.22861,-0.622486],[0.54868,0.740684,0.387733],[0.372426,-0.631763,0.679834]],[[0.748498,-0.22861,-0.622486],[0.366835,0.924734,0.101484],[0.552433,-0.30431,0.776024]],[[0.748498,-0.22861,-0.622486],[0.130908,0.971165,-0.199255],[0.650087,0.0676537,0.756842]]],"btipPosition":[-4.42406,256.477,25.4916],"carpPosition":[45.2746,218.112,99.3406],"dipPosition":[9.84988,257.963,42.1096],"direction":[-0.552433,0.30431,-0.776024],"extended":false,"handId":359,"id":3590,"length":48.8949,"mcpPosition":[45.2746,218.112,99.3406],"pipPosition":[27.5212,248.228,66.9331],"stabilizedTipPosition":[12.5857,254.896,46.7466],"timeVisible":0.103971,"tipPosition":[2.48691,263.634,29.715],"tipVelocity":[-144.933,39.399,-67.1987],"tool":false,"touchDistance":1,"touchZone":"none","type":0,"width":19.7032},{"bases":[[[-0.12242,-0.943484,-0.307978],[0.959043,-0.0325901,-0.281378],[0.255439,-0.329811,0.908832]],[[-0.100393,-0.967984,-0.230061],[0.138842,0.215337,-0.966619],[0.985213,-0.128984,0.112779]],[[-0.100393,-0.967984,-0.230061],[-0.935162,0.17075,-0.310351],[0.339697,0.183987,-0.922363]],[[-0.100393,-0.967984,-0.230061],[-0.93544,0.0130618,0.353243],[-0.338929,0.250671,-0.906803]]],"btipPosition":[1.65637,230.816,52.5913],"carpPosition":[61.5836,210.636,85.5371],"dipPosition":[-3.77649,234.834,38.0557],"direction":[-0.339697,-0.183987,0.922363],"extended":false,"handId":359,"id":3591,"length":55.1725,"mcpPosition":[43.6374,233.807,21.6856],"pipPosition":[3.92661,239.006,17.1398],"stabilizedTipPosition":[6.05076,221.75,59.0809],"timeVisible":0.103971,"tipPosition":[-0.036946,232.166,49.6265],"tipVelocity":[-114.408,94.1081,-78.3931],"tool":false,"touchDistance":0.333333,"touchZone":"none","type":1,"width":18.8205},{"bases":[[[-0.248472,-0.959896,-0.129849],[0.929915,-0.198861,-0.309373],[0.271144,-0.197619,0.942034]],[[-0.236064,-0.967792,-0.0874771],[0.0935852,0.0669606,-0.993357],[0.967221,-0.242682,0.0747641]],[[-0.236064,-0.967792,-0.0874771],[-0.934472,0.25078,-0.252729],[0.266527,0.0220847,-0.963574]],[[-0.236064,-0.967792,-0.0874771],[-0.881253,0.17528,0.438943],[-0.409472,0.180708,-0.894247]]],"btipPosition":[-0.120459,220.159,56.3137],"carpPosition":[61.5749,199.794,80.9859],"dipPosition":[-7.33962,223.345,40.5477],"direction":[-0.266527,-0.0220847,0.963574],"extended":false,"handId":359,"id":3592,"length":62.8646,"mcpPosition":[43.5096,212.96,18.2218],"pipPosition":[-0.229044,223.935,14.8409],"stabilizedTipPosition":[3.45951,211.991,60.0747],"timeVisible":0.103971,"tipPosition":[-1.95848,221.166,52.6952],"tipVelocity":[-105.864,92.0692,-74.3863],"tool":false,"touchDistance":0.333333,"touchZone":"none","type":2,"width":18.4842},{"bases":[[[-0.275252,-0.960775,0.0338879],[0.917956,-0.273132,-0.287672],[0.285644,-0.0480746,0.957129]],[[-0.27331,-0.961078,0.0403716],[0.0786537,-0.0641571,-0.994835],[0.958705,-0.268724,0.0931272]],[[-0.27331,-0.961078,0.0403716],[-0.933159,0.254716,-0.253641],[0.233486,-0.106996,-0.966455]],[[-0.27331,-0.961078,0.0403716],[-0.877095,0.266221,0.399789],[-0.394976,0.0738567,-0.915718]]],"btipPosition":[2.84287,204.198,58.4771],"carpPosition":[59.2613,188.571,78.466],"dipPosition":[-4.0807,205.492,42.4254],"direction":[-0.233486,0.106996,0.966456],"extended":false,"handId":359,"id":3593,"length":60.446,"mcpPosition":[42.1743,191.447,21.2113],"pipPosition":[1.98752,202.711,17.3076],"stabilizedTipPosition":[6.22173,196.19,60.8846],"timeVisible":0.103971,"tipPosition":[0.998582,205.245,54.9427],"tipVelocity":[-100.28,92.7641,-75.7652],"tool":false,"touchDistance":0.333333,"touchZone":"none","type":3,"width":17.5889},{"bases":[[[-0.388206,-0.901457,0.1915],[0.885575,-0.422409,-0.193201],[0.255054,0.0945861,0.962289]],[[-0.421284,-0.905607,0.0489526],[0.171341,-0.132479,-0.976264],[0.890596,-0.402897,0.210979]],[[-0.421284,-0.905607,0.0489526],[-0.819056,0.356733,-0.44932],[0.389444,-0.229386,-0.892029]],[[-0.421284,-0.905607,0.0489526],[-0.882748,0.421835,0.20691],[-0.208029,0.0439551,-0.977135]]],"btipPosition":[3.90121,189.256,51.9088],"carpPosition":[51.3509,177.629,80.0235],"dipPosition":[0.537099,189.967,36.1072],"direction":[-0.389444,0.229386,0.892029],"extended":false,"handId":359,"id":3594,"length":47.3885,"mcpPosition":[37.2276,172.392,26.7376],"pipPosition":[7.68332,185.757,19.7387],"stabilizedTipPosition":[8.93994,181.777,53.7099],"timeVisible":0.103971,"tipPosition":[4.34742,190.554,48.8598],"tipVelocity":[-94.5063,91.8612,-74.0177],"tool":false,"touchDistance":0.333333,"touchZone":"none","type":4,"width":15.6239}],"r":[[0.999769,-0.0124962,-0.0175086],[0.010849,0.995773,-0.0912083],[0.0185743,0.0909972,0.995678]],"s":0.941614,"t":[-7.24907,12.5416,-11.5125],"timestamp":261477817017},{"currentFrameRate":34.1065,"devices":[],"gestures":[],"hands":[{"armBasis":[[-0.200226,-0.938146,-0.282474],[0.818612,-0.0017803,-0.574344],[0.538316,-0.346235,0.768334]],"armWidth":61.649,"confidence":0.571532,"direction":[-0.145853,0.159913,-0.976296],"elbow":[197.127,97.7214,305.126],"grabAngle":3.14159,"grabStrength":1,"id":359,"palmNormal":[-0.983796,0.0805696,0.16017],"palmPosition":[40.2361,208.114,39.8527],"palmVelocity":[-103.859,74.6912,-104.081],"palmWidth":86.8926,"pinchDistance":19.5921,"pinchStrength":0.778704,"r":[[0.999563,-0.0123504,-0.0268705],[0.00947418,0.994464,-0.10465],[0.0280142,0.10435,0.994146]],"s":0.930112,"sphereCenter":[-3.02772,207.601,31.2025],"sphereRadius":37.1318,"stabilizedPalmPosition":[47.6016,198.145,49.6958],"t":[-9.28451,14.5776,-13.7714],"timeVisible":0.123347,"type":"right","wrist":[58.3273,186.995,107.017]}],"id":213986,"interactionBox":{"center":[0,200,0],"size":[235.247,235.247,147.751]},"pointables":[{"bases":[[[0.809514,-0.436753,-0.392345],[0.580807,0.693346,0.426538],[0.0857392,-0.573165,0.814942]],[[0.737809,-0.226975,-0.635705],[0.554488,0.740866,0.379026],[0.384943,-0.632139,0.672472]],[[0.737809,-0.226975,-0.635705],[0.366297,0.925674,0.0946226],[0.566979,-0.30267,0.766111]],[[0.737809,-0.226975,-0.635705],[0.112229,0.969912,-0.216047],[0.665615,0.0880568,0.741083]]],"btipPosition":[-6.87567,257.349,24.4487],"carpPosition":[44.2259,219.466,97.2836],"dipPosition":[7.7392,259.282,40.7206],"direction":[-0.566979,0.30267,-0.766111],"extended":false,"handId":359,"id":3590,"length":48.8949,"mcpPosition":[44.2259,219.466,97.2836],"pipPosition":[25.8757,249.6,65.227],"stabilizedTipPosition":[10.3142,255.305,44.1286],"timeVisible":0.123347,"tipPosition":[0.133372,264.848,28.4545],"tipVelocity":[-122.481,50.2921,-57.9351],"tool":false,"touchDistance":1,"touchZone":"none","type":0,"width":19.7032},{"bases":[[[-0.127282,-0.943021,-0.307426],[0.95418,-0.0317893,-0.297541],[0.270814,-0.331212,0.903858]],[[-0.101883,-0.969445,-0.223152],[0.127138,0.209791,-0.969445],[0.986639,-0.127141,0.101879]],[[-0.101883,-0.969445,-0.223152],[-0.937275,0.168718,-0.30504],[0.333369,0.178077,-0.925826]],[[-0.101883,-0.969445,-0.223152],[-0.933638,0.0157431,0.357872],[-0.343424,0.244804,-0.906714]]],"btipPosition":[-0.546843,232.451,51.1152],"carpPosition":[60.3026,212.018,83.1951],"dipPosition":[-6.05176,236.375,36.5811],"direction":[-0.333369,-0.178077,0.925826],"extended":false,"handId":359,"id":3591,"length":55.1725,"mcpPosition":[41.2761,235.288,19.6931],"pipPosition":[1.50784,240.413,15.5867],"stabilizedTipPosition":[4.51855,224.011,56.8775],"timeVisible":0.123347,"tipPosition":[-1.91795,233.579,48.3461],"tipVelocity":[-114.564,83.2465,-76.1614],"tool":false,"touchDistance":0.333333,"touchZone":"none","type":1,"width":18.8205},{"bases":[[[-0.250311,-0.95977,-0.127227],[0.924638,-0.198024,-0.325315],[0.287033,-0.199069,0.937008]],[[-0.236938,-0.967861,-0.0842916],[0.0815715,0.066637,-0.994437],[0.968094,-0.242495,0.0631611]],[[-0.236938,-0.967861,-0.0842916],[-0.936162,0.250648,-0.24653],[0.259735,0.0204982,-0.965462]],[[-0.236938,-0.967861,-0.0842916],[-0.879066,0.176639,0.442766],[-0.413647,0.179006,-0.892666]]],"btipPosition":[-2.31798,221.71,54.8367],"carpPosition":[60.2208,201.183,78.6269],"dipPosition":[-9.61075,224.866,39.0986],"direction":[-0.259735,-0.0204982,0.965462],"extended":false,"handId":359,"id":3592,"length":62.8646,"mcpPosition":[41.0968,214.447,16.1976],"pipPosition":[-2.68138,225.413,13.3414],"stabilizedTipPosition":[1.83297,214.27,58.1421],"timeVisible":0.123347,"tipPosition":[-3.79326,222.575,51.4384],"tipVelocity":[-114.288,79.6575,-75.8957],"tool":false,"touchDistance":0.333333,"touchZone":"none","type":2,"width":18.4842},{"bases":[[[-0.274329,-0.960926,0.0369358],[0.913071,-0.272335,-0.303538],[0.301737,-0.0495444,0.952103]],[[-0.271599,-0.961334,0.045515],[0.0658596,-0.0657471,-0.99566],[0.960154,-0.267423,0.0811699]],[[-0.271599,-0.961334,0.045515],[-0.935315,0.252514,-0.247835],[0.226759,-0.109883,-0.967732]],[[-0.271599,-0.961334,0.045515],[-0.875428,0.266423,0.403292],[-0.399824,0.0696884,-0.913939]]],"btipPosition":[0.68664,205.772,56.9428],"carpPosition":[57.8687,189.965,76.1278],"dipPosition":[-6.32192,206.994,40.9223],"direction":[-0.226759,0.109883,0.967732],"extended":false,"handId":359,"id":3593,"length":60.446,"mcpPosition":[39.8191,192.928,19.1737],"pipPosition":[-0.428527,204.138,15.7713],"stabilizedTipPosition":[4.65274,198.355,59.2104],"timeVisible":0.123347,"tipPosition":[-0.791437,206.638,53.6058],"tipVelocity":[-112.292,80.4016,-78.8158],"tool":false,"touchDistance":0.333333,"touchZone":"none","type":3,"width":17.5889},{"bases":[[[-0.384632,-0.901907,0.196525],[0.882334,-0.421779,-0.208782],[0.271192,0.0930968,0.958013]],[[-0.419097,-0.906012,0.0591657],[0.154682,-0.13546,-0.978634],[0.894668,-0.400991,0.196915]],[[-0.419097,-0.906012,0.0591657],[-0.826506,0.353722,-0.437914],[0.375827,-0.232429,-0.897068]],[[-0.419097,-0.906012,0.0591657],[-0.880985,0.421551,0.214847],[-0.219596,0.0379178,-0.974854]]],"btipPosition":[1.94773,190.816,50.4446],"carpPosition":[49.9892,179.017,77.8002],"dipPosition":[-1.60342,191.429,34.6799],"direction":[-0.375827,0.232429,0.897068],"extended":false,"handId":359,"id":3594,"length":47.3885,"mcpPosition":[34.9723,173.862,24.7512],"pipPosition":[5.29294,187.164,18.2188],"stabilizedTipPosition":[7.2716,183.738,52.2376],"timeVisible":0.123347,"tipPosition":[2.44849,191.965,47.4467],"tipVelocity":[-103.04,79.3818,-75.1332],"tool":false,"touchDistance":0.333333,"touchZone":"none","type":4,"width":15.6239}],"r":[[0.999563,-0.0123504,-0.0268705],[0.00947418,0.994464,-0.10465],[0.0280142,0.10435,0.994146]],"s":0.930112,"t":[-9.28451,14.5776,-13.7714],"timestamp":261477836393},{"currentFrameRate":35.7628,"devices":[],"gestures":[],"hands":[{"armBasis":[[-0.202805,-0.94216,-0.266842],[0.815586,-0.0117095,-0.578517],[0.541931,-0.334958,0.770788]],"armWidth":61.649,"confidence":0.635525,"direction":[-0.161618,0.150377,-0.975329],"elbow":[196.972,102.022,303.802],"grabAngle":3.14159,"grabStrength":1,"id":359,"palmNormal":[-0.98081,0.0847329,0.17559],"palmPosition":[38.1877,208.812,37.9361],"palmVelocity":[-107.015,36.4632,-100.13],"palmWidth":86.8926,"pinchDistance":19.3608,"pinchStrength":0.792775,"r":[[0.999208,-0.0129055,-0.0376394],[0.00840231,0.993045,-0.117432],[0.0388931,0.117022,0.992367]],"s":0.920348,"sphereCenter":[-5.29088,208.451,30.0197],"sphereRadius":37.0964,"stabilizedPalmPosition":[46.4417,199.459,48.2469],"t":[-11.3264,15.9445,-15.8592],"timeVisible":0.142488,"type":"right","wrist":[57.2394,188.388,105.061]}],"id":213987,"interactionBox":{"center":[0,200,0],"size":[235.247,235.247,147.751]},"pointables":[{"bases":[[[0.801846,-0.442802,-0.40121],[0.589466,0.696134,0.409789],[0.0978411,-0.565087,0.819209]],[[0.727043,-0.236119,-0.644714],[0.563146,0.742254,0.363216],[0.392779,-0.627142,0.67262]],[[0.727043,-0.236119,-0.644714],[0.369925,0.925772,0.0781103],[0.578415,-0.295285,0.760423]],[[0.727043,-0.236119,-0.644714],[0.0995996,0.965344,-0.241228],[0.679329,0.11117,0.725364]]],"btipPosition":[-8.98641,257.636,22.8597],"carpPosition":[43.1556,220.736,95.1745],"dipPosition":[5.9296,260.077,38.7865],"direction":[-0.578415,0.295285,-0.760423],"extended":false,"handId":359,"id":3590,"length":48.8949,"mcpPosition":[43.1556,220.736,95.1745],"pipPosition":[24.432,250.632,63.1109],"stabilizedTipPosition":[8.2177,255.687,41.8028],"timeVisible":0.142488,"tipPosition":[-2.03106,265.388,26.6234],"tipVelocity":[-106.655,21.1306,-87.1626],"tool":false,"touchDistance":1,"touchZone":"none","type":0,"width":19.7032},{"bases":[[[-0.134635,-0.945759,-0.295657],[0.949041,-0.0372723,-0.312942],[0.284948,-0.322723,0.902582]],[[-0.105389,-0.973349,-0.203677],[0.116268,0.191352,-0.974611],[0.987611,-0.126394,0.0930029]],[[-0.105389,-0.973349,-0.203677],[-0.938952,0.164855,-0.301981],[