{"frames":210,"data":[{"currentFrameRate":26.7563,"devices":[],"gestures":[],"hands":[],"id":214723,"interactionBox":{"center":[0,200,0],"size":[235.247,235.247,147.751]},"pointables":[],"r":[[-0.0794966,-0.728761,-0.680138],[0.446709,0.583909,-0.677865],[0.891141,-0.357712,0.279125]],"s":-5.62558,"t":[894.675,787.691,741.58],"timestamp":261497607629},{"currentFrameRate":26.8128,"devices":[],"gestures":[],"hands":[],"id":214724,"interactionBox":{"center":[0,200,0],"size":[235.247,235.247,147.751]},"pointables":[],"r":[[-0.0794966,-0.728761,-0.680138],[0.446709,0.583909,-0.677865],[0.891141,-0.357712,0.279125]],"s":-5.62558,"t":[894.675,787.691,741.58],"timestamp":261497644541},{"currentFrameRate":26.8481,"devices":[],"gestures":[],"hands":[],"id":214725,"interactionBox":{"center":[0,200,0],"size":[235.247,235.247,147.751]},"pointables":[],"r":[[-0.0794966,-0.728761,-0.680138],[0.446709,0.583909,-0.677865],[0.891141,-0.357712,0.279125]],"s":-5.62558,"t":[894.675,787.691,741.58],"timestamp":261497681548},{"currentFrameRate":26.9116,"devices":[],"gestures":[],"hands":[],"id":214726,"interactionBox":{"center":[0,200,0],"size":[235.247,235.247,147.751]},"pointables":[],"r":[[-0.0794966,-0.728761,-0.680138],[0.446709,0.583909,-0.677865],[0.891141,-0.357712,0.279125]],"s":-5.62558,"t":[894.675,787.691,741.58],"timestamp":261497718277},{"currentFrameRate":26.9388,"devices":[],"gestures":[],"hands":[],"id":214727,"interactionBox":{"center":[0,200,0],"size":[235.247,235.247,147.751]},"pointables":[],"r":[[-0.0794966,-0.728761,-0.680138],[0.446709,0.583909,-0.677865],[0.891141,-0.357712,0.279125]],"s":-5.62558,"t":[894.675,787.691,741.58],"timestamp":261497755214},{"currentFrameRate":26.959,"devices":[],"gestures":[],"hands":[],"id":214728,"interactionBox":{"center":[0,200,0],"size":[235.247,235.247,147.751]},"pointables":[],"r":[[-0.0794966,-0.728761,-0.680138],[0.446709,0.583909,-0.677865],[0.891141,-0.357712,0.279125]],"s":-5.62558,"t":[894.675,787.691,741.58],"timestamp":261497792171},{"currentFrameRate":26.9825,"devices":[],"gestures":[],"hands":[],"id":214729,"interactionBox":{"center":[0,200,0],"size":[235.247,235.247,147.751]},"pointables":[],"r":[[-0.0794966,-0.728761,-0.680138],[0.446709,0.583909,-0.677865],[0.891141,-0.357712,0.279125]],"s":-5.62558,"t":[894.675,787.691,741.58],"timestamp":261497829074},{"currentFrameRate":27.0109,"devices":[],"gestures":[],"hands":[],"id":214730,"interactionBox":{"center":[0,200,0],"size":[235.247,235.247,147.751]},"pointables":[],"r":[[-0.0794966,-0.728761,-0.680138],[0.446709,0.583909,-0.677865],[0.891141,-0.357712,0.279125]],"s":-5.62558,"t":[894.675,787.691,741.58],"timestamp":261497865904},{"currentFrameRate":27.0296,"devices":[],"gestures":[],"hands":[],"id":214731,"interactionBox":{"center":[0,200,0],"size":[235.247,235.247,147.751]},"pointables":[],"r":[[-0.0794966,-0.728761,-0.680138],[0.446709,0.583909,-0.677865],[0.891141,-0.357712,0.279125]],"s":-5.62558,"t":[894.675,787.691,741.58],"timestamp":261497902775},{"currentFrameRate":27.0215,"devices":[],"gestures":[],"hands":[{"armBasis":[[0.236441,-0.927112,-0.290791],[0.962232,0.264977,-0.0624254],[0.134928,-0.265048,0.954748]],"armWidth":60.8506,"confidence":0,"direction":[0.247725,0.313886,-0.916574],"elbow":[121.088,96.1533,369.317],"grabAngle":2.60991,"grabStrength":1,"id":360,"palmNormal":[-0.938312,-0.15785,-0.307657],"palmPosition":[94.6313,192.931,56.7942],"palmVelocity":[1.19209e-7,1.19209e-7,1.19209e-7],"palmWidth":86.8926,"pinchDistance":58.5806,"pinchStrength":0,"r":[[1,2.77556e-18,0],[-2.77556e-18,1,0],[0,0,1]],"s":1,"sphereCenter":[53.5985,205.889,29.8399],"sphereRadius":44.9895,"stabilizedPalmPosition":[94.6313,192.931,56.7942],"t":[0,0,0],"timeVisible":0,"type":"right","wrist":[86.2979,164.494,123.144]}],"id":214732,"interactionBox":{"center":[0,200,0],"size":[235.247,235.247,147.751]},"pointables":[{"bases":[[[0.98467,-0.174308,-0.00645658],[0.128791,0.701581,0.700855],[-0.117635,-0.690942,0.713275]],[[0.991387,-0.0741555,-0.107947],[0.130769,0.51547,0.846871],[-0.00715644,-0.853693,0.520728]],[[0.991387,-0.0741555,-0.107947],[0.129368,0.682814,0.719047],[0.0203867,-0.726819,0.686526]],[[0.991387,-0.0741555,-0.107947],[0.124267,0.792856,0.596604],[0.0413453,-0.60488,0.795243]]],"btipPosition":[69.1821,271.295,45.2962],"carpPosition":[70.4288,193.415,110.246],"dipPosition":[70.1062,257.776,63.0696],"direction":[-0.0203867,0.726819,-0.686526],"extended":true,"handId":360,"id":3600,"length":49.7695,"mcpPosition":[70.4288,193.415,110.246],"pipPosition":[70.77,234.11,85.4231],"stabilizedTipPosition":[69.3947,268.185,49.3841],"timeVisible":0,"tipPosition":[69.3947,268.185,49.3841],"tipVelocity":[1.19209e-7,1.19209e-7,1.19209e-7],"tool":false,"touchDistance":1,"touchZone":"none","type":0,"width":19.3381},{"bases":[[[0.27942,-0.870254,-0.405688],[0.958149,0.225324,0.17658],[-0.0622584,-0.438049,0.896792]],[[0.269491,-0.918031,-0.290849],[0.78519,0.384329,-0.485559],[0.55754,-0.0975177,0.824402]],[[0.269491,-0.918031,-0.290849],[-0.180444,0.248535,-0.951667],[0.945946,0.308948,-0.0986756]],[[0.269491,-0.918031,-0.290849],[-0.704015,0.0182588,-0.70995],[0.657067,0.396087,-0.641388]]],"btipPosition":[41.2836,213.542,20.5711],"carpPosition":[92.3393,192.359,104.657],"dipPosition":[52.0045,220.005,10.1061],"direction":[-0.945946,-0.308948,0.0986756],"extended":false,"handId":360,"id":3601,"length":56.1593,"mcpPosition":[96.7134,223.135,41.6518],"pipPosition":[73.8388,227.136,7.82846],"stabilizedTipPosition":[43.7494,215.028,18.1642],"timeVisible":0,"tipPosition":[43.7494,215.028,18.1642],"tipVelocity":[1.19209e-7,1.19209e-7,1.19209e-7],"tool":false,"touchDistance":0.333333,"touchZone":"none","type":1,"width":18.4718},{"bases":[[[0.100977,-0.947011,-0.304917],[0.989994,0.0652812,0.125098],[-0.0985635,-0.314498,0.944127]],[[0.0948848,-0.964165,-0.247754],[0.71978,0.238372,-0.651993],[0.687687,-0.116464,0.716605]],[[0.0948848,-0.964165,-0.247754],[-0.361784,0.198462,-0.910893],[0.927421,0.176063,-0.329989]],[[0.0948848,-0.964165,-0.247754],[-0.845053,0.0535404,-0.531996],[0.526197,0.259844,-0.80969]]],"btipPosition":[37.4671,199.719,27.3237],"carpPosition":[97.1823,182.849,99.721],"dipPosition":[46.9101,204.382,12.7932],"direction":[-0.927421,-0.176063,0.329989],"extended":false,"handId":360,"id":3602,"length":63.9891,"mcpPosition":[103.749,203.802,36.8173],"pipPosition":[72.095,209.163,3.83207],"stabilizedTipPosition":[39.639,200.791,23.9817],"timeVisible":0,"tipPosition":[39.639,200.791,23.9817],"tipVelocity":[1.19209e-7,1.19209e-7,1.19209e-7],"tool":false,"touchDistance":0.333333,"touchZone":"none","type":2,"width":18.1417},{"bases":[[[0.0104525,-0.985178,-0.171214],[0.991032,-0.012604,0.133026],[-0.133212,-0.171069,0.976212]],[[0.00769312,-0.988508,-0.150973],[0.752966,0.105075,-0.649617],[0.658015,-0.10868,0.745121]],[[0.00769312,-0.988508,-0.150973],[-0.284886,0.142554,-0.947902],[0.958531,0.0503023,-0.280515]],[[0.00769312,-0.988508,-0.150973],[-0.797454,0.0850271,-0.597359],[0.60333,0.124989,-0.787636]]],"btipPosition":[43.0597,183.405,26.8148],"carpPosition":[99.2895,172.095,95.5292],"dipPosition":[53.8248,185.635,12.7613],"direction":[-0.958531,-0.0503023,0.280515],"extended":false,"handId":360,"id":3603,"length":61.5272,"mcpPosition":[107.258,182.329,37.1329],"pipPosition":[79.1822,186.966,5.34037],"stabilizedTipPosition":[45.5357,183.918,23.5825],"timeVisible":0,"tipPosition":[45.5357,183.918,23.5825],"tipVelocity":[1.19209e-7,1.19209e-7,1.19209e-7],"tool":false,"touchDistance":0.333333,"touchZone":"none","type":3,"width":17.263},{"bases":[[[-0.168928,-0.982641,-0.076688],[0.964905,-0.180746,0.190497],[-0.201051,-0.0418166,0.978688]],[[-0.171281,-0.983064,-0.0651708],[0.782622,-0.0955791,-0.615116],[0.59847,-0.156362,0.785739]],[[-0.171281,-0.983064,-0.0651708],[-0.141112,0.0899449,-0.985899],[0.975064,-0.159669,-0.154128]],[[-0.171281,-0.983064,-0.0651708],[-0.744586,0.17248,-0.644858],[0.645177,-0.0619264,-0.761519]]],"btipPosition":[56.8687,171.239,27.1703],"carpPosition":[94.7765,159.642,92.4823],"dipPosition":[67.4887,170.22,14.6353],"direction":[-0.975064,0.159669,0.154128],"extended":false,"handId":360,"id":3604,"length":48.2362,"mcpPosition":[105.91,161.958,38.2884],"pipPosition":[85.701,167.238,11.7564],"stabilizedTipPosition":[59.3113,171.005,24.2873],"timeVisible":0,"tipPosition":[59.3113,171.005,24.2873],"tipVelocity":[1.19209e-7,1.19209e-7,1.19209e-7],"tool":false,"touchDistance":0.333333,"touchZone":"none","type":4,"width":15.3344}],"r":[[1,2.77556e-18,0],[-2.77556e-18,1,0],[0,0,1]],"s":1,"t":[0,0,0],"timestamp":261497939837},{"currentFrameRate":27.0391,"devices":[],"gestures":[],"hands":[{"armBasis":[[0.247347,-0.834513,-0.49235],[0.953154,0.300878,-0.0311306],[0.174116,-0.461585,0.86984]],"armWidth":61.649,"confidence":0.191801,"direction":[0.308007,0.369228,-0.876814],"elbow":[130.778,60.5151,340.564],"grabAngle":2.11386,"grabStrength":0.794042,"id":360,"palmNormal":[-0.909319,-0.156764,-0.385439],"palmPosition":[97.4033,213.432,52.9863],"palmVelocity":[75.1922,556.119,-103.293],"palmWidth":86.8926,"pinchDistance":35.0504,"pinchStrength":0.417443,"r":[[0.999881,0.00351563,0.0150278],[-0.00368061,0.999933,0.0109646],[-0.0149882,-0.0110186,0.999827]],"s":0.965287,"sphereCenter":[55.8268,210.458,17.0281],"sphereRadius":49.5561,"stabilizedPalmPosition":[97.239,212.217,53.2119],"t":[1.38598,10.2507,-1.90395],"timeVisible":0.036865,"type":"right","wrist":[85.8833,179.531,116.283]}],"id":214733,"interactionBox":{"center":[0,200,0],"size":[235.247,235.247,147.751]},"pointables":[{"bases":[[[0.986,-0.156342,0.0579784],[0.0613006,0.663219,0.745911],[-0.15507,-0.731914,0.663518]],[[0.997825,-0.0588552,-0.029673],[0.059316,0.605521,0.793616],[-0.0287408,-0.79365,0.607695]],[[0.997825,-0.0588552,-0.029673],[0.065533,0.837642,0.542275],[-0.00706034,-0.54304,0.839677]],[[0.997825,-0.0588552,-0.029673],[0.064385,0.966697,0.247692],[0.0141068,-0.249064,0.968384]]],"btipPosition":[70.5925,271.157,27.3245],"carpPosition":[69.3064,210.485,104.416],"dipPosition":[70.9023,265.689,48.5873],"direction":[0.00706034,0.54304,-0.839677],"extended":true,"handId":360,"id":3600,"length":48.8949,"mcpPosition":[69.3064,210.485,104.416],"pipPosition":[70.6764,248.318,75.4469],"stabilizedTipPosition":[69.4008,268.194,49.3005],"timeVisible":0.036865,"tipPosition":[70.7922,274.76,36.2902],"tipVelocity":[34.4263,46.5048,-465.73],"tool":false,"touchDistance":1,"touchZone":"none","type":0,"width":19.7032},{"bases":[[[0.0444876,-0.973657,-0.223634],[0.978508,-0.00264942,0.20619],[-0.201351,-0.228001,0.952614]],[[0.0450907,-0.97297,-0.226488],[0.917409,0.130063,-0.376092],[0.395384,-0.190824,0.898475]],[[0.0450907,-0.97297,-0.226488],[0.219525,0.230827,-0.947907],[0.974564,-0.00697801,0.224]],[[0.0450907,-0.97297,-0.226488],[-0.34994,0.19697,-0.91583],[0.935686,0.120553,-0.331599]]],"btipPosition":[53.374,210.243,-3.89331],"carpPosition":[99.6333,190.537,90.7625],"dipPosition":[69.7757,212.356,-9.70594],"direction":[-0.974564,0.00697801,-0.224],"extended":false,"handId":360,"id":3603,"length":60.446,"mcpPosition":[111.678,204.176,33.7779],"pipPosition":[95.1043,212.175,-3.88427],"stabilizedTipPosition":[53.3617,201.989,4.16176],"timeVisible":0.036865,"tipPosition":[55.427,209.223,0.739874],"tipVelocity":[314.951,727.275,-781.573],"tool":false,"touchDistance":-0.196878,"touchZone":"touching","type":3,"width":17.5889},{"bases":[[[-0.141409,-0.97959,-0.14285],[0.951857,-0.174189,0.252242],[-0.271977,-0.100304,0.957062]],[[-0.144514,-0.980675,-0.131881],[0.941435,-0.0952319,-0.323468],[0.304658,-0.170903,0.937004]],[[-0.144514,-0.980675,-0.131881],[0.36831,0.0703926,-0.927034],[0.918403,-0.182543,0.35102]],[[-0.144514,-0.980675,-0.131881],[-0.166856,0.155523,-0.973638],[0.975333,-0.1187,-0.186107]]],"btipPosition":[67.9586,194.69,-0.803627],"carpPosition":[95.6297,178.198,86.7081],"dipPosition":[83.731,192.771,-3.81323],"direction":[-0.918403,0.182543,-0.35102],"extended":false,"handId":360,"id":3604,"length":47.3885,"mcpPosition":[110.69,183.752,33.7117],"pipPosition":[100.584,189.421,2.62791],"stabilizedTipPosition":[67.6103,186.72,6.85558],"timeVisible":0.036865,"tipPosition":[69.441,193.756,4.51699],"tipVelocity":[332.969,630.512,-699.392],"tool":false,"touchDistance":-0.146385,"touchZone":"touching","type":4,"width":15.6239},{"bases":[[[0.327511,-0.841023,-0.4306],[0.937332,0.231839,0.260114],[-0.118932,-0.488805,0.864248]],[[0.32093,-0.86515,-0.385382],[0.853773,0.440408,-0.277692],[0.40997,-0.239909,0.879982]],[[0.32093,-0.86515,-0.385382],[0.170784,0.4531,-0.874948],[0.931577,0.21498,0.293167]],[[0.32093,-0.86515,-0.385382],[-0.332714,0.277986,-0.901124],[0.886738,0.41742,-0.198633]]],"btipPosition":[48.0806,242.576,0.786564],"carpPosition":[91.5882,210.13,100.439],"dipPosition":[62.2946,249.267,-2.39743],"direction":[-0.931577,-0.21498,-0.293167],"extended":false,"handId":360,"id":3601,"length":55.1725,"mcpPosition":[99.9439,244.472,39.7198],"pipPosition":[83.4194,254.142,4.25054],"stabilizedTipPosition":[50.0648,239.197,3.11616],"timeVisible":0.036865,"tipPosition":[50.3571,240.941,5.17737],"tipVelocity":[206.168,788.991,-491.249],"tool":false,"touchDistance":0.197784,"touchZone":"hovering","type":1,"width":18.8205},{"bases":[[[0.143809,-0.926448,-0.34787],[0.976369,0.0755281,0.202483],[-0.161316,-0.368768,0.915417]],[[0.1385,-0.937924,-0.317989],[0.893823,0.256654,-0.367709],[0.426496,-0.233298,0.873884]],[[0.1385,-0.937924,-0.317989],[0.147349,0.337025,-0.929894],[0.97934,0.0819346,0.18488]],[[0.1385,-0.937924,-0.317989],[-0.469894,0.220407,-0.854763],[0.87179,0.267805,-0.410198]]],"btipPosition":[46.9523,229.211,-2.84235],"carpPosition":[96.9885,200.999,95.3667],"dipPosition":[62.3223,233.932,-10.0743],"direction":[-0.97934,-0.0819346,-0.18488],"extended":false,"handId":360,"id":3602,"length":62.8646,"mcpPosition":[107.736,225.568,34.376],"pipPosition":[88.4498,236.118,-5.14196],"stabilizedTipPosition":[47.2963,221.618,3.87399],"timeVisible":0.036865,"tipPosition":[48.9427,228.073,1.264],"tipVelocity":[294.275,800.359,-772.749],"tool":false,"touchDistance":-0.191457,"touchZone":"touching","type":2,"width":18.4842}],"r":[[0.999881,0.00351563,0.0150278],[-0.00368061,0.999933,0.0109646],[-0.0149882,-0.0110186,0.999827]],"s":0.965287,"t":[1.38598,10.2507,-1.90395],"timestamp":261497976702},{"currentFrameRate":27.5853,"devices":[],"gestures":[],"hands":[{"armBasis":[[0.208598,-0.747787,-0.630318],[0.955572,0.293076,-0.0314573],[0.208254,-0.595752,0.775699]],"armWidth":61.649,"confidence":0.350466,"direction":[0.34826,0.394105,-0.850527],"elbow":[138.119,42.8936,309.584],"grabAngle":1.76122,"grabStrength":0.597664,"id":360,"palmNormal":[-0.897917,-0.120299,-0.423406],"palmPosition":[98.2309,233.659,48.6676],"palmVelocity":[25.3847,620.348,-132.452],"palmWidth":86.8926,"pinchDistance":41.2832,"pinchStrength":0.311385,"r":[[0.999412,0.0012546,0.0342548],[-0.00219015,0.999625,0.0272877],[-0.0342077,-0.0273467,0.999041]],"s":0.971705,"sphereCenter":[51.8709,230.026,7.58228],"sphereRadius":58.3513,"stabilizedPalmPosition":[98.2006,233.004,48.8064],"t":[2.49282,25.4895,-5.01528],"timeVisible":0.069471,"type":"right","wrist":[84.4228,196.503,109.576]}],"id":214734,"interactionBox":{"center":[0,200,0],"size":[235.247,235.247,147.751]},"pointables":[{"bases":[[[0.979397,-0.182147,0.0872014],[0.0490102,0.633289,0.772362],[-0.195907,-0.752175,0.629168]],[[0.998005,-0.0618576,-0.012609],[0.046928,0.593329,0.803591],[-0.0422269,-0.80258,0.595048]],[[0.998005,-0.0618576,-0.012609],[0.0570377,0.797929,0.600047],[-0.0270563,-0.599569,0.799865]],[[0.998005,-0.0618576,-0.012609],[0.0619097,0.919925,0.387176],[-0.0123504,-0.387185,0.92192]]],"btipPosition":[71.358,295.416,24.715],"carpPosition":[68.2084,229.476,98.9095],"dipPosition":[71.0868,286.914,44.9575],"direction":[0.0270563,0.599569,-0.799865],"extended":true,"handId":360,"id":3600,"length":48.8949,"mcpPosition":[68.2084,229.476,98.9095],"pipPosition":[70.2214,267.735,70.5437],"stabilizedTipPosition":[70.6182,284.427,36.4962],"timeVisible":0.069471,"tipPosition":[73.2354,295.708,32.6698],"tipVelocity":[19.3785,722.588,-87.2296],"tool":false,"touchDistance":1,"touchZone":"none","type":0,"width":19.7032},{"bases":[[[0.0304711,-0.965437,-0.258849],[0.969981,-0.0339478,0.2408],[-0.241265,-0.258416,0.935421]],[[0.0316853,-0.964124,-0.263555],[0.97531,0.0874836,-0.202774],[0.218556,-0.250623,0.943091]],[[0.0316853,-0.964124,-0.263555],[0.547427,0.23736,-0.802486],[0.836253,-0.11885,0.535309]],[[0.0316853,-0.964124,-0.263555],[0.066699,0.265139,-0.961901],[0.99727,0.0128993,0.0727071]]],"btipPosition":[64.6089,238.151,-25.0762],"carpPosition":[98.5532,209.325,85.5993],"dipPosition":[82.0901,238.378,-23.8018],"direction":[-0.836253,0.11885,-0.535309],"extended":false,"handId":360,"id":3603,"length":60.446,"mcpPosition":[112.985,224.783,29.6431],"pipPosition":[103.824,235.289,-9.88926],"stabilizedTipPosition":[63.9249,227.044,-15.864],"timeVisible":0.069471,"tipPosition":[64.5976,235.984,-17.2636],"tipVelocity":[352.181,842.625,-599.672],"tool":false,"touchDistance":-0.498817,"touchZone":"touching","type":3,"width":17.5889},{"bases":[[[-0.158348,-0.969888,-0.185049],[0.937761,-0.206391,0.279298],[-0.309081,-0.129306,0.942204]],[[-0.168219,-0.973549,-0.154613],[0.978305,-0.145641,-0.147338],[0.120923,-0.176044,0.976927]],[[-0.168219,-0.973549,-0.154613],[0.626544,0.015493,-0.779232],[0.761016,-0.227954,0.607365]],[[-0.168219,-0.973549,-0.154613],[0.217704,0.116284,-0.969063],[0.961409,-0.196674,0.192384]]],"btipPosition":[78.0127,217.609,-17.9011],"carpPosition":[94.4209,197.245,80.9369],"dipPosition":[93.56,214.429,-14.79],"direction":[-0.761016,0.227954,-0.607365],"extended":false,"handId":360,"id":3604,"length":47.3885,"mcpPosition":[111.536,204.406,28.7632],"pipPosition":[107.525,210.246,-3.64496],"stabilizedTipPosition":[77.4348,207.916,-10.0414],"timeVisible":0.069471,"tipPosition":[76.8165,216.689,-9.66741],"tipVelocity":[306.765,694.003,-481.191],"tool":false,"touchDistance":-0.395425,"touchZone":"touching","type":4,"width":15.6239},{"bases":[[[0.323836,-0.832052,-0.450354],[0.932206,0.199293,0.302116],[-0.161624,-0.517659,0.840183]],[[0.314168,-0.86002,-0.402075],[0.913516,0.389141,-0.118564],[0.258431,-0.330053,0.907898]],[[0.314168,-0.86002,-0.402075],[0.485255,0.509484,-0.710601],[0.815982,0.0281395,0.577392]],[[0.314168,-0.86002,-0.402075],[0.077118,0.445237,-0.892085],[0.94623,0.249258,0.206202]]],"btipPosition":[57.8746,273.771,-16.2998],"carpPosition":[90.6071,228.732,95.7215],"dipPosition":[73.0422,277.766,-12.9945],"direction":[-0.815982,-0.0281395,-0.577392],"extended":false,"handId":360,"id":3601,"length":55.1725,"mcpPosition":[101.962,265.101,36.6931],"pipPosition":[91.5457,278.404,0.0986797],"stabilizedTipPosition":[50.0648,239.197,3.11616],"timeVisible":0.069471,"tipPosition":[58.0568,270.158,-8.79155],"tipVelocity":[307.101,937.722,-478.25],"tool":false,"touchDistance":-0.112113,"touchZone":"hovering","type":1,"width":18.8205},{"bases":[[[0.135327,-0.916042,-0.377563],[0.969759,0.0443424,0.240001],[-0.203109,-0.398624,0.894341]],[[0.130768,-0.924698,-0.357539],[0.958291,0.210332,-0.193489],[0.254121,-0.317325,0.913634]],[[0.130768,-0.924698,-0.357539],[0.435054,0.37758,-0.817411],[0.890858,-0.0486578,0.451669]],[[0.130768,-0.924698,-0.357539],[-0.173307,0.333762,-0.926589],[0.976148,0.183132,-0.116611]]],"btipPosition":[57.0444,258.647,-20.3947],"carpPosition":[95.9804,219.669,90.5014],"dipPosition":[74.2543,261.875,-22.4506],"direction":[-0.890858,0.0486578,-0.451669],"extended":false,"handId":360,"id":3602,"length":62.8646,"mcpPosition":[109.513,246.227,30.9148],"pipPosition":[98.0212,260.577,-10.4007],"stabilizedTipPosition":[57.7844,250.52,-15.0582],"timeVisible":0.069471,"tipPosition":[57.1281,255.926,-13.641],"tipVelocity":[322.494,892.243,-501.805],"tool":false,"touchDistance":-0.446072,"touchZone":"touching","type":2,"width":18.4842}],"r":[[0.999412,0.0012546,0.0342548],[-0.00219015,0.999625,0.0272877],[-0.0342077,-0.0273467,0.999041]],"s":0.971705,"t":[2.49282,25.4895,-5.01528],"timestamp":261498009308},{"currentFrameRate":29.8152,"devices":[],"gestures":[],"hands":[{"armBasis":[[0.214026,-0.689383,-0.692058],[0.951433,0.307616,-0.0121858],[0.221289,-0.655839,0.721739]],"armWidth":61.649,"confidence":0.436335,"direction":[0.382238,0.421613,-0.822275],"elbow":[139.932,35.7511,290.343],"grabAngle":1.57491,"grabStrength":0.470467,"id":360,"palmNormal":[-0.878432,-0.110387,-0.464942],"palmPosition":[98.6309,244.453,45.4614],"palmVelocity":[20.7107,559.014,-166.045],"palmWidth":86.8926,"pinchDistance":45.7594,"pinchStrength":0.26008,"r":[[0.998308,-0.000282529,0.0581467],[-0.00242637,0.998915,0.0465115],[-0.0580967,-0.0465739,0.997224]],"s":0.992597,"sphereCenter":[49.2413,240.925,0.156649],"sphereRadius":64.3369,"stabilizedPalmPosition":[98.5872,243.291,45.8008],"t":[3.24619,38.5059,-8.17403],"timeVisible":0.08878,"type":"right","wrist":[82.8742,204.854,104.248]}],"id":214735,"interactionBox":{"center":[0,200,0],"size":[235.247,235.247,147.751]},"pointables":[{"bases":[[[0.975686,-0.181167,0.123352],[0.0128632,0.609166,0.792938],[-0.218796,-0.772072,0.596685]],[[0.998359,-0.0520746,0.0238101],[0.00959108,0.562034,0.827059],[-0.0564508,-0.825473,0.561611]],[[0.998359,-0.0520746,0.0238101],[0.0259414,0.782049,0.622677],[-0.0510463,-0.621038,0.782117]],[[0.998359,-0.0520746,0.0238101],[0.0380051,0.913662,0.404694],[-0.0428286,-0.403125,0.914142]]],"btipPosition":[71.7787,306.669,22.3578],"carpPosition":[66.5144,238.601,94.2199],"dipPosition":[70.8383,297.817,42.4296],"direction":[0.0510463,0.621038,-0.782117],"extended":true,"handId":360,"id":3600,"length":48.8949,"mcpPosition":[66.5144,238.601,94.2199],"pipPosition":[69.2054,277.952,67.448],"stabilizedTipPosition":[71.1832,296.519,30.7981],"timeVisible":0.08878,"tipPosition":[73.9201,306.776,30.1826],"tipVelocity":[13.8146,578.619,-124.109],"tool":false,"touchDistance":1,"touchZone":"none","type":0,"width":19.7032},{"bases":[[[0.0463071,-0.956812,-0.286997],[0.958988,-0.0378468,0.28091],[-0.27964,-0.288234,0.915818]],[[0.0483516,-0.954677,-0.293689],[0.992294,0.0794947,-0.095042],[0.114081,-0.28683,0.951165]],[[0.0483516,-0.954677,-0.293689],[0.685262,0.245627,-0.685627],[0.72669,-0.168102,0.666081]],[[0.0483516,-0.954677,-0.293689],[0.267085,0.295683,-0.91719],[0.962459,-0.0340922,0.269277]]],"btipPosition":[73.6879,253.216,-35.0816],"carpPosition":[97.4995,218.985,81.604],"dipPosition":[90.5589,252.619,-30.3615],"direction":[-0.72669,0.168102,-0.666081],"extended":false,"handId":360,"id":3603,"length":60.446,"mcpPosition":[114.227,236.227,26.8205],"pipPosition":[109.445,248.25,-13.0503],"stabilizedTipPosition":[71.583,241.658,-26.0416],"timeVisible":0.08878,"tipPosition":[71.3553,250.287,-26.1812],"tipVelocity":[462.927,770.398,-477.129],"tool":false,"touchDistance":-0.615462,"touchZone":"touching","type":3,"width":17.5889},{"bases":[[[-0.145463,-0.964247,-0.221515],[0.926017,-0.21152,0.312651],[-0.348328,-0.159647,0.923678]],[[-0.158457,-0.969568,-0.186627],[0.987201,-0.152121,-0.0478894],[0.0180421,-0.191826,0.981263]],[[-0.158457,-0.969568,-0.186627],[0.745237,0.00654769,-0.666768],[0.647699,-0.244735,0.72152]],[[-0.158457,-0.969568,-0.186627],[0.393032,0.111456,-0.912745],[0.905769,-0.217981,0.36341]]],"btipPosition":[85.7875,230.261,-26.418],"carpPosition":[93.6303,207.041,76.3983],"dipPosition":[100.435,226.736,-20.5412],"direction":[-0.647699,0.244735,-0.72152],"extended":false,"handId":360,"id":3604,"length":47.3885,"mcpPosition":[112.919,215.881,25.2506],"pipPosition":[112.32,222.245,-7.30141],"stabilizedTipPosition":[84.0936,220.149,-18.5768],"timeVisible":0.08878,"tipPosition":[82.4896,229.289,-17.3397],"tipVelocity":[391.929,651.114,-408.14],"tool":false,"touchDistance":-0.502428,"touchZone":"touching","type":4,"width":15.6239},{"bases":[[[0.346901,-0.816465,-0.461567],[0.917467,0.193237,0.347727],[-0.194715,-0.5441,0.816114]],[[0.335045,-0.846599,-0.41354],[0.927436,0.373731,-0.0137055],[0.166156,-0.378939,0.910383]],[[0.335045,-0.846599,-0.41354],[0.615045,0.529012,-0.584693],[0.713768,-0.0584471,0.697939]],[[0.335045,-0.846599,-0.41354],[0.265357,0.505927,-0.820746],[0.904063,0.165251,0.394159]]],"btipPosition":[65.3376,290.216,-24.2054],"carpPosition":[89.0321,238.039,91.9716],"dipPosition":[79.8293,292.865,-17.8872],"direction":[-0.713768,0.0584471,-0.697939],"extended":false,"handId":360,"id":3601,"length":55.1725,"mcpPosition":[102.712,276.265,34.6341],"pipPosition":[96.0149,291.539,-2.06046],"stabilizedTipPosition":[63.7567,277.189,-15.9201],"timeVisible":0.08878,"tipPosition":[63.3903,285.314,-15.9136],"tipVelocity":[378.453,835.627,-373.536],"tool":false,"touchDistance":-0.26996,"touchZone":"hovering","type":1,"width":18.8205},{"bases":[[[0.155882,-0.903368,-0.399534],[0.958409,0.0404291,0.28252],[-0.239067,-0.426957,0.872098]],[[0.151377,-0.911206,-0.38313],[0.977301,0.196084,-0.0802115],[0.148215,-0.362292,0.920205]],[[0.151377,-0.911206,-0.38313],[0.611476,0.390859,-0.687987],[0.776648,-0.130129,0.616348]],[[0.151377,-0.911206,-0.38313],[0.130726,0.402647,-0.905972],[0.979794,0.0870585,0.18007]]],"btipPosition":[65.9,275.928,-32.6266],"carpPosition":[94.6684,229.162,86.7086],"dipPosition":[83.1742,277.463,-29.4519],"direction":[-0.776648,0.130129,-0.616347],"extended":false,"handId":360,"id":3602,"length":62.8646,"mcpPosition":[110.597,257.608,28.604],"pipPosition":[103.894,273.991,-13.0085],"stabilizedTipPosition":[65.1225,266.158,-25.2794],"timeVisible":0.08878,"tipPosition":[64.3508,271.876,-23.9392],"tipVelocity":[459.39,874.828,-571.177],"tool":false,"touchDistance":-0.595231,"touchZone":"touching","type":2,"width":18.4842}],"r":[[0.998308,-0.000282529,0.0581467],[-0.00242637,0.998915,0.0465115],[-0.0580967,-0.0465739,0.997224]],"s":0.992597,"t":[3.24619,38.5059,-8.17403],"timestamp":261498028617},{"currentFrameRate":31.8527,"devices":[],"gestures":[],"hands":[{"armBasis":[[0.240231,-0.644766,-0.725648],[0.946557,0.321331,0.0278501],[0.215217,-0.693558,0.687502]],"armWidth":61.649,"confidence":0.514578,"direction":[0.411375,0.438341,-0.799142],"elbow":[137.243,32.6671,277.097],"grabAngle":1.44107,"grabStrength":0.381106,"id":360,"palmNormal":[-0.856297,-0.114539,-0.503623],"palmPosition":[99.3131,252.544,42.61],"palmVelocity":[35.5019,421.003,-148.369],"palmWidth":86.8926,"pinchDistance":48.8817,"pinchStrength":0.221104,"r":[[0.996317,0.000447047,0.0857426],[-0.00601172,0.99789,0.0646526],[-0.0855327,-0.0649299,0.994217]],"s":1.01832,"sphereCenter":[47.3007,248.485,-7.05262],"sphereRadius":70.0208,"stabilizedPalmPosition":[99.246,251.688,42.9052],"t":[3.96401,49.0596,-11.1791],"timeVisible":0.107998,"type":"right","wrist":[81.7515,211.495,99.8308]}],"id":214736,"interactionBox":{"center":[0,200,0],"size":[235.247,235.247,147.751]},"pointables":[{"bases":[[[0.971833,-0.170748,0.162436],[-0.0289276,0.597613,0.801263],[-0.233888,-0.783393,0.57584]],[[0.997661,-0.0324109,0.0601913],[-0.0327018,0.546938,0.836534],[-0.0600338,-0.836545,0.544599]],[[0.997661,-0.0324109,0.0601913],[-0.012943,0.774995,0.631835],[-0.0671263,-0.631136,0.772762]],[[0.997661,-0.0324109,0.0601913],[0.0050782,0.913173,0.407541],[-0.0681739,-0.406282,0.911201]]],"btipPosition":[71.7333,314.566,19.1747],"carpPosition":[65.2273,245.579,89.8619],"dipPosition":[70.2364,305.645,39.1819],"direction":[0.0671263,0.631136,-0.772762],"extended":true,"handId":360,"id":3600,"length":48.8949,"mcpPosition":[65.2273,245.579,89.8619],"pipPosition":[68.0891,285.457,63.901],"stabilizedTipPosition":[71.3208,307.215,26.1025],"timeVisible":0.107998,"tipPosition":[74.2862,314.642,26.9738],"tipVelocity":[-9.02269,410.109,-166.408],"tool":false,"touchDistance":1,"touchZone":"none","type":0,"width":19.7032},{"bases":[[[0.0710335,-0.951857,-0.298199],[0.946558,-0.0299685,0.321138],[-0.314614,-0.305074,0.898859]],[[0.0777443,-0.945116,-0.31735],[0.9965,0.083468,-0.00445824],[0.0307021,-0.315892,0.948298]],[[0.0777443,-0.945116,-0.31735],[0.772914,0.258197,-0.579602],[0.62973,-0.200223,0.750567]],[[0.0777443,-0.945116,-0.31735],[0.406071,0.320732,-0.855709],[0.910529,-0.0623399,0.408719]]],"btipPosition":[82.1822,264.325,-41.8823],"carpPosition":[96.9764,226.537,78.3088],"dipPosition":[98.143,263.232,-34.7178],"direction":[-0.62973,0.200223,-0.750567],"extended":false,"handId":360,"id":3603,"length":60.446,"mcpPosition":[115.796,244.787,24.5398],"pipPosition":[114.509,258.028,-15.2108],"stabilizedTipPosition":[80.536,255.721,-34.9461],"timeVisible":0.107998,"tipPosition":[78.1063,260.498,-32.9334],"tipVelocity":[431.105,572.081,-324.615],"tool":false,"touchDistance":-0.675826,"touchZone":"touching","type":3,"width":17.5889},{"bases":[[[-0.123239,-0.962645,-0.241096],[0.914544,-0.204486,0.34899],[-0.385254,-0.177484,0.905582]],[[-0.134214,-0.96733,-0.215081],[0.988842,-0.144891,0.0345977],[-0.0646307,-0.208037,0.975983]],[[-0.134214,-0.96733,-0.215081],[0.827618,0.00995122,-0.561204],[0.545009,-0.253326,0.799244]],[[-0.134214,-0.96733,-0.215081],[0.527787,0.113919,-0.841702],[0.838706,-0.226485,0.495255]]],"btipPosition":[93.4027,239.664,-32.4229],"carpPosition":[93.4894,214.624,72.7746],"dipPosition":[106.966,236.001,-24.4139],"direction":[-0.545009,0.253326,-0.799244],"extended":false,"handId":360,"id":3604,"length":47.3885,"mcpPosition":[114.823,224.452,22.6289],"pipPosition":[116.967,231.353,-9.74796],"stabilizedTipPosition":[91.9265,231.917,-26.1421],"timeVisible":0.107998,"tipPosition":[88.4139,238.262,-23.1779],"tipVelocity":[383.279,487.648,-286.944],"tool":false,"touchDistance":-0.563236,"touchZone":"touching","type":4,"width":15.6239},{"bases":[[[0.376929,-0.805227,-0.45775],[0.899202,0.199576,0.389365],[-0.222171,-0.558372,0.799288]],[[0.365389,-0.832051,-0.417351],[0.928252,0.359196,0.0965718],[0.0695579,-0.422693,0.9036]],[[0.365389,-0.832051,-0.417351],[0.709879,0.539093,-0.453266],[0.602132,-0.13065,0.787634]],[[0.365389,-0.832051,-0.417351],[0.394397,0.544501,-0.74025],[0.843174,0.105878,0.527113]]],"btipPosition":[73.4614,302.863,-30.3147],"carpPosition":[87.8258,245.33,88.5718],"dipPosition":[86.977,304.56,-21.8654],"direction":[-0.602132,0.13065,-0.787634],"extended":true,"handId":360,"id":3601,"length":55.1725,"mcpPosition":[103.435,284.56,32.4165],"pipPosition":[100.631,301.597,-4.00468],"stabilizedTipPosition":[73.7458,297.508,-25.627],"timeVisible":0.107998,"tipPosition":[69.5568,296.905,-22.4704],"tipVelocity":[411.035,646.688,-292.391],"tool":false,"touchDistance":-0.355585,"touchZone":"hovering","type":1,"width":18.8205},{"bases":[[[0.184595,-0.895407,-0.40518],[0.944885,0.0482621,0.323825],[-0.2704,-0.442625,0.854966]],[[0.182512,-0.898781,-0.398599],[0.981526,0.190231,0.0204826],[0.0574166,-0.394974,0.916897]],[[0.182512,-0.898781,-0.398599],[0.727945,0.396037,-0.559689],[0.660897,-0.188008,0.726545]],[[0.182512,-0.898781,-0.398599],[0.343116,0.438145,-0.830843],[0.92139,0.0148734,0.388353]]],"btipPosition":[75.3401,288.707,-41.2258],"carpPosition":[93.7971,236.602,83.4304],"dipPosition":[91.5846,288.97,-34.379],"direction":[-0.660897,0.188008,-0.726545],"extended":false,"handId":360,"id":3602,"length":62.8646,"mcpPosition":[111.813,266.093,26.4672],"pipPosition":[109.216,283.954,-14.9957],"stabilizedTipPosition":[74.2035,280.872,-34.6323],"timeVisible":0.107998,"tipPosition":[71.9096,283.606,-32.2086],"tipVelocity":[478.889,649.73,-403.51],"tool":false,"touchDistance":-0.680361,"touchZone":"touching","type":2,"width":18.4842}],"r":[[0.996317,0.000447047,0.0857426],[-0.00601172,0.99789,0.0646526],[-0.0855327,-0.0649299,0.994217]],"s":1.01832,"t":[3.96401,49.0596,-11.1791],"timestamp":261498047835},{"currentFrameRate":33.6946,"devices":[],"gestures":[],"hands":[{"armBasis":[[0.276784,-0.616857,-0.736803],[0.939871,0.333437,0.0739113],[0.200085,-0.712957,0.672056]],"armWidth":61.649,"confidence":0.58528,"direction":[0.431714,0.455572,-0.778509],"elbow":[131.99,32.4317,269.083],"grabAngle":1.32091,"grabStrength":0.285986,"id":360,"palmNormal":[-0.836026,-0.121942,-0.534968],"palmPosition":[99.2939,258.512,39.8939],"palmVelocity":[-0.996498,309.686,-140.946],"palmWidth":86.8926,"pinchDistance":51.3123,"pinchStrength":0.15909,"r":[[0.993381,0.00367617,0.114804],[-0.0131107,0.996584,0.0815326],[-0.114112,-0.0824981,0.990037]],"s":1.04457,"sphereCenter":[44.6489,253.103,-14.3436],"sphereRadius":75.8772,"stabilizedPalmPosition":[99.289,257.814,40.2018],"t":[4.31332,57.3204,-14.0397],"timeVisible":0.127269,"type":"right","wrist":[80.3999,216.262,95.7987]}],"id":214737,"interactionBox":{"center":[0,200,0],"size":[235.247,235.247,147.751]},"pointables":[{"bases":[[[0.968277,-0.156871,0.1945],[-0.0671437,0.586414,0.807224],[-0.240688,-0.794676,0.557278]],[[0.99548,-0.0150919,0.0937662],[-0.0713265,0.533088,0.843048],[-0.0627088,-0.845925,0.529602]],[[0.99548,-0.0150919,0.0937662],[-0.047738,0.773993,0.631392],[-0.0821033,-0.633014,0.769774]],[[0.99548,-0.0150919,0.0937662],[-0.0240208,0.915184,0.40232],[-0.091885,-0.402754,0.910685]]],"btipPosition":[71.3257,319.78,15.9548],"carpPosition":[63.6926,250.363,85.8203],"dipPosition":[69.3082,310.937,35.9507],"direction":[0.0821033,0.633014,-0.769774],"extended":true,"handId":360,"id":3600,"length":48.8949,"mcpPosition":[63.6926,250.363,85.8203],"pipPosition":[66.6819,290.688,60.5743],"stabilizedTipPosition":[71.0129,314.278,22.3812],"timeVisible":0.127269,"tipPosition":[73.6692,320.286,24.025],"tipVelocity":[-27.3624,271.489,-167.217],"tool":false,"touchDistance":1,"touchZone":"none","type":0,"width":19.7032},{"bases":[[[0.0975412,-0.946535,-0.3075],[0.935069,-0.0186362,0.353976],[-0.340781,-0.322061,0.883258]],[[0.106734,-0.937467,-0.331305],[0.993719,0.089308,0.06743],[-0.0336252,-0.336422,0.941111]],[[0.106734,-0.937467,-0.331305],[0.831056,0.267041,-0.487889],[0.545852,-0.223259,0.807589]],[[0.106734,-0.937467,-0.331305],[0.514559,0.337198,-0.78837],[0.850786,-0.0863307,0.518373]]],"btipPosition":[88.8398,272.684,-47.2042],"carpPosition":[96.1451,232.001,75.1566],"dipPosition":[103.753,271.171,-38.1176],"direction":[-0.545852,0.223259,-0.807589],"extended":true,"handId":360,"id":3603,"length":60.446,"mcpPosition":[116.53,251.266,22.3207],"pipPosition":[117.94,265.368,-17.1286],"stabilizedTipPosition":[88.4923,266.987,-41.8407],"timeVisible":0.127269,"tipPosition":[83.4061,268.362,-38.3654],"tipVelocity":[332.973,428.763,-253.221],"tool":false,"touchDistance":-0.709774,"touchZone":"touching","type":3,"width":17.5889},{"bases":[[[-0.0984063,-0.961271,-0.257438],[0.905052,-0.19401,0.378473],[-0.41376,-0.19575,0.889092]],[[-0.107178,-0.965214,-0.238483],[0.986138,-0.13376,0.0981801],[-0.126664,-0.224654,0.966171]],[[-0.107178,-0.965214,-0.238483],[0.882761,0.0179751,-0.469479],[0.457434,-0.260841,0.850127]],[[-0.107178,-0.965214,-0.238483],[0.628406,0.120114,-0.768556],[0.770467,-0.232236,0.593673]]],"btipPosition":[99.3167,246.939,-37.1315],"carpPosition":[93.0565,220.105,69.3526],"dipPosition":[111.776,243.184,-27.5311],"direction":[-0.457434,0.260841,-0.850127],"extended":true,"handId":360,"id":3604,"length":47.3885,"mcpPosition":[115.968,230.945,20.1199],"pipPosition":[120.17,238.398,-11.9314],"stabilizedTipPosition":[98.8882,241.528,-32.1029],"timeVisible":0.127269,"tipPosition":[93.0226,245.136,-27.9808],"tipVelocity":[293.71,376.429,-225.344],"tool":false,"touchDistance":-0.600385,"touchZone":"touching","type":4,"width":15.6239},{"bases":[[[0.406328,-0.792797,-0.45428],[0.881473,0.209176,0.42338],[-0.24063,-0.572466,0.783824]],[[0.391141,-0.825751,-0.406379],[0.919776,0.335398,0.203767],[-0.0319625,-0.45348,0.890693]],[[0.391141,-0.825751,-0.406379],[0.79086,0.527403,-0.310463],[0.470691,-0.199954,0.859342]],[[0.391141,-0.825751,-0.406379],[0.524348,0.56283,-0.638969],[0.756352,0.0368429,0.653127]]],"btipPosition":[81.72,312.945,-35.5996],"carpPosition":[86.3234,250.504,85.3263],"dipPosition":[93.844,313.536,-25.1303],"direction":[-0.470691,0.199954,-0.859342],"extended":true,"handId":360,"id":3601,"length":55.1725,"mcpPosition":[103.229,290.723,30.2575],"pipPosition":[104.518,309.001,-5.64351],"stabilizedTipPosition":[82.5128,310.193,-31.7889],"timeVisible":0.127269,"tipPosition":[75.8604,306.732,-28.3173],"tipVelocity":[411.944,509.984,-250.13],"tool":false,"touchDistance":-0.420664,"touchZone":"hovering","type":1,"width":18.8205},{"bases":[[[0.213819,-0.886816,-0.409681],[0.931981,0.059514,0.357589],[-0.292734,-0.458274,0.839221]],[[0.211163,-0.890925,-0.402074],[0.977296,0.185117,0.103075],[-0.0174015,-0.414711,0.909787]],[[0.211163,-0.890925,-0.402074],[0.806388,0.391259,-0.443458],[0.552403,-0.230586,0.80105]],[[0.211163,-0.890925,-0.402074],[0.499808,0.451923,-0.73889],[0.840002,-0.0449336,0.54072]]],"btipPosition":[83.362,298.174,-47.6704],"carpPosition":[92.6182,241.944,80.2893],"dipPosition":[98.1715,297.382,-38.1373],"direction":[-0.552403,0.230586,-0.80105],"extended":true,"handId":360,"id":3602,"length":62.8646,"mcpPosition":[112.122,272.477,24.3752],"pipPosition":[112.909,291.23,-16.7663],"stabilizedTipPosition":[82.8887,292.706,-42.1292],"timeVisible":0.127269,"tipPosition":[78.2072,292.698,-38.7458],"tipVelocity":[399.141,478.66,-302.356],"tool":false,"touchDistance":-0.728059,"touchZone":"touching","type":2,"width":18.4842}],"r":[[0.993381,0.00367617,0.114804],[-0.0131107,0.996584,0.0815326],[-0.114112,-0.0824981,0.990037]],"s":1.04457,"t":[4.31332,57.3204,-14.0397],"timestamp":261498067106},{"currentFrameRate":35.357,"devices":[],"gestures":[],"hands":[{"armBasis":[[0.310077,-0.600532,-0.73703],[0.933569,0.338887,0.116638],[0.179725,-0.724235,0.66572]],"armWidth":61.649,"confidence":0.648264,"direction":[0.452651,0.466054,-0.760198],"elbow":[124.874,33.5418,263.887],"grabAngle":1.18951,"grabStrength":0.198929,"id":360,"palmNormal":[-0.816526,-0.125945,-0.563403],"palmPosition":[98.898,263.247,37.3989],"palmVelocity":[-20.4816,244.927,-129.059],"palmWidth":86.8926,"pinchDistance":53.894,"pinchStrength":0.0797889,"r":[[0.989458,0.00763443,0.144618],[-0.02175,0.995117,0.0962787],[-0.143177,-0.0984091,0.984792]],"s":1.07308,"sphereCenter":[40.1035,256.864,-22.1519],"sphereRadius":83.3823,"stabilizedPalmPosition":[98.9465,262.573,37.7466],"t":[4.29,63.8182,-16.7175],"timeVisible":0.146601,"type":"right","wrist":[78.5337,220.28,92.2372]}],"id":214738,"interactionBox":{"center":[0,200,0],"size":[235.247,235.247,147.751]},"pointables":[{"bases":[[[0.962836,-0.148807,0.225393],[-0.0998647,0.579235,0.80902],[-0.250944,-0.801463,0.542848]],[[0.991293,-0.0122105,0.131107],[-0.106343,0.512922,0.851823],[-0.0776486,-0.858349,0.507157]],[[0.991293,-0.0122105,0.131107],[-0.0741897,0.770807,0.632735],[-0.108784,-0.636952,0.763189]],[[0.991293,-0.0122105,0.131107],[-0.0407705,0.918296,0.393789],[-0.125203,-0.395706,0.909803]]],"btipPosition":[71.8073,324.358,13.4862],"carpPosition":[61.8769,254.378,82.0517],"dipPosition":[69.0582,315.67,33.4627],"direction":[0.108784,0.636952,-0.763189],"extended":true,"handId":360,"id":3600,"length":48.8949,"mcpPosition":[61.8769,254.378,82.0517],"pipPosition":[65.5784,295.295,57.8756],"stabilizedTipPosition":[71.1253,319.885,19.3976],"timeVisible":0.146601,"tipPosition":[73.0801,324.755,20.9985],"tipVelocity":[16.2056,238.648,-127.927],"tool":false,"touchDistance":1,"touchZone":"none","type":0,"width":19.7032},{"bases":[[[0.236318,-0.881341,-0.409135],[0.918946,0.0658942,0.38884],[-0.315741,-0.467862,0.825477]],[[0.230221,-0.890149,-0.393234],[0.968571,0.170496,0.181111],[-0.0941707,-0.42257,0.901425]],[[0.230221,-0.890149,-0.393234],[0.873376,0.367221,-0.319943],[0.429201,-0.269783,0.861977]],[[0.230221,-0.890149,-0.393234],[0.638235,0.443156,-0.629499],[0.734612,-0.106051,0.670148]]],"btipPosition":[91.9476,305.638,-53.1516],"carpPosition":[91.0545,246.29,77.4216],"dipPosition":[104.899,303.768,-41.3366],"direction":[-0.429201,0.269783,-0.861977],"extended":true,"handId":360,"id":3602,"length":62.8646,"mcpPosition":[112.091,277.462,22.4231],"pipPosition":