{"frames":308,"data":[{"currentFrameRate":21.4648,"devices":[],"gestures":[],"hands":[],"id":215218,"interactionBox":{"center":[0,200,0],"size":[235.247,235.247,147.751]},"pointables":[],"r":[[-0.0794966,-0.728761,-0.680138],[0.446709,0.583909,-0.677865],[0.891141,-0.357712,0.279125]],"s":-5.62558,"t":[894.675,787.691,741.58],"timestamp":261513219084},{"currentFrameRate":22.3933,"devices":[],"gestures":[],"hands":[],"id":215219,"interactionBox":{"center":[0,200,0],"size":[235.247,235.247,147.751]},"pointables":[],"r":[[-0.0794966,-0.728761,-0.680138],[0.446709,0.583909,-0.677865],[0.891141,-0.357712,0.279125]],"s":-5.62558,"t":[894.675,787.691,741.58],"timestamp":261513256200},{"currentFrameRate":23.2075,"devices":[],"gestures":[],"hands":[],"id":215220,"interactionBox":{"center":[0,200,0],"size":[235.247,235.247,147.751]},"pointables":[],"r":[[-0.0794966,-0.728761,-0.680138],[0.446709,0.583909,-0.677865],[0.891141,-0.357712,0.279125]],"s":-5.62558,"t":[894.675,787.691,741.58],"timestamp":261513292901},{"currentFrameRate":23.8701,"devices":[],"gestures":[],"hands":[],"id":215221,"interactionBox":{"center":[0,200,0],"size":[235.247,235.247,147.751]},"pointables":[],"r":[[-0.0794966,-0.728761,-0.680138],[0.446709,0.583909,-0.677865],[0.891141,-0.357712,0.279125]],"s":-5.62558,"t":[894.675,787.691,741.58],"timestamp":261513329741},{"currentFrameRate":24.4166,"devices":[],"gestures":[],"hands":[],"id":215222,"interactionBox":{"center":[0,200,0],"size":[235.247,235.247,147.751]},"pointables":[],"r":[[-0.0794966,-0.728761,-0.680138],[0.446709,0.583909,-0.677865],[0.891141,-0.357712,0.279125]],"s":-5.62558,"t":[894.675,787.691,741.58],"timestamp":261513366622},{"currentFrameRate":21.071,"devices":[],"gestures":[],"hands":[],"id":215223,"interactionBox":{"center":[0,200,0],"size":[235.247,235.247,147.751]},"pointables":[],"r":[[-0.0794966,-0.728761,-0.680138],[0.446709,0.583909,-0.677865],[0.891141,-0.357712,0.279125]],"s":-5.62558,"t":[894.675,787.691,741.58],"timestamp":261513440422},{"currentFrameRate":22.0822,"devices":[],"gestures":[],"hands":[],"id":215224,"interactionBox":{"center":[0,200,0],"size":[235.247,235.247,147.751]},"pointables":[],"r":[[-0.0794966,-0.728761,-0.680138],[0.446709,0.583909,-0.677865],[0.891141,-0.357712,0.279125]],"s":-5.62558,"t":[894.675,787.691,741.58],"timestamp":261513477377},{"currentFrameRate":22.9306,"devices":[],"gestures":[],"hands":[],"id":215225,"interactionBox":{"center":[0,200,0],"size":[235.247,235.247,147.751]},"pointables":[],"r":[[-0.0794966,-0.728761,-0.680138],[0.446709,0.583909,-0.677865],[0.891141,-0.357712,0.279125]],"s":-5.62558,"t":[894.675,787.691,741.58],"timestamp":261513514254},{"currentFrameRate":23.6024,"devices":[],"gestures":[],"hands":[{"armBasis":[[0.265998,-0.916459,-0.298911],[0.953694,0.295354,-0.0568702],[0.140404,-0.269942,0.952585]],"armWidth":60.8506,"confidence":0,"direction":[0.289824,0.349555,-0.890962],"elbow":[103.026,77.3939,335.97],"grabAngle":1.11045,"grabStrength":0,"id":361,"palmNormal":[-0.918353,-0.160561,-0.361728],"palmPosition":[77.5994,177.63,25.4188],"palmVelocity":[1.19209e-7,1.19209e-7,1.19209e-7],"palmWidth":86.8926,"pinchDistance":53.7098,"pinchStrength":0,"r":[[1,5.55112e-18,0],[-5.55112e-18,1,-2.22045e-17],[-1.2326e-34,2.22045e-17,1]],"s":1,"sphereCenter":[2.89056,175.589,-16.3662],"sphereRadius":84.6116,"stabilizedPalmPosition":[77.5994,177.63,25.4188],"t":[0,0,0],"timeVisible":0,"type":"right","wrist":[66.824,146.996,90.3539]}],"id":215226,"interactionBox":{"center":[0,200,0],"size":[235.247,235.247,147.751]},"pointables":[{"bases":[[[0.986399,-0.159615,0.0392334],[0.0807024,0.678256,0.730381],[-0.14319,-0.717281,0.681912]],[[0.996507,-0.0391162,-0.073783],[0.0832575,0.534069,0.841331],[0.00649546,-0.844536,0.53546]],[[0.996507,-0.0391162,-0.073783],[0.0775258,0.761753,0.643212],[0.0310443,-0.646686,0.762125]],[[0.996507,-0.0391162,-0.073783],[0.0710186,0.861771,0.502302],[0.0439359,-0.505787,0.861539]]],"btipPosition":[48.3461,248.498,7.91648],"carpPosition":[50.6486,175.879,77.5118],"dipPosition":[49.3281,237.194,27.1716],"direction":[-0.0310443,0.646686,-0.762125],"extended":true,"handId":361,"id":3610,"length":49.7695,"mcpPosition":[50.6486,175.879,77.5118],"pipPosition":[50.3389,216.137,51.9866],"stabilizedTipPosition":[48.572,245.898,12.3452],"timeVisible":0,"tipPosition":[48.572,245.898,12.3452],"tipVelocity":[1.19209e-7,1.19209e-7,1.19209e-7],"tool":false,"touchDistance":1,"touchZone":"none","type":0,"width":19.3381},{"bases":[[[0.314334,-0.851261,-0.420178],[0.943863,0.232892,0.234273],[-0.101571,-0.47023,0.876679]],[[0.302626,-0.893945,-0.330574],[0.945233,0.325992,-0.0162348],[0.122277,-0.307557,0.94364]],[[0.302626,-0.893945,-0.330574],[0.826509,0.418867,-0.376076],[0.474658,-0.159412,0.865614]],[[0.302626,-0.893945,-0.330574],[0.685499,0.44512,-0.576159],[0.6622,-0.0522481,0.747504]]],"btipPosition":[53.1928,225.526,-59.4367],"carpPosition":[72.8341,175.339,73.0478],"dipPosition":[63.9974,224.674,-47.2403],"direction":[-0.474658,0.159412,-0.865614],"extended":true,"handId":361,"id":3611,"length":56.1593,"mcpPosition":[79.9702,208.376,11.4552],"pipPosition":[74.9534,220.994,-27.2602],"stabilizedTipPosition":[55.6778,225.33,-56.6315],"timeVisible":0,"tipPosition":[55.6778,225.33,-56.6315],"tipVelocity":[1.19209e-7,1.19209e-7,1.19209e-7],"tool":false,"touchDistance":0.683861,"touchZone":"hovering","type":1,"width":18.4718},{"bases":[[[0.132179,-0.93411,-0.331612],[0.980958,0.0752431,0.179054],[-0.142305,-0.348965,0.926268]],[[0.122106,-0.955848,-0.267291],[0.983766,0.152241,-0.0950112],[0.131509,-0.25135,0.95892]],[[0.122106,-0.955848,-0.267291],[0.794932,0.255436,-0.550306],[0.594284,-0.145283,0.791024]],[[0.122106,-0.955848,-0.267291],[0.576442,0.287528,-0.764881],[0.807964,-0.0606814,0.5861]]],"btipPosition":[50.8721,205.934,-69.8039],"carpPosition":[78.0821,166.08,68.0478],"dipPosition":[65.3717,204.845,-59.2859],"direction":[-0.594284,0.145283,-0.791024],"extended":true,"handId":361,"id":3612,"length":63.9891,"mcpPosition":[87.5633,189.33,6.33406],"pipPosition":[81.51,200.9,-37.8049],"stabilizedTipPosition":[54.207,205.684,-67.3847],"timeVisible":0,"tipPosition":[54.207,205.684,-67.3847],"tipVelocity":[1.19209e-7,1.19209e-7,1.19209e-7],"tool":false,"touchDistance":0.522562,"touchZone":"hovering","type":2,"width":18.1417},{"bases":[[[0.0354696,-0.978278,-0.204238],[0.982858,-0.00284973,0.184341],[-0.180919,-0.207276,0.961408]],[[0.0299504,-0.98413,-0.174902],[0.986181,0.0576186,-0.155331],[0.162944,-0.167832,0.972256]],[[0.0299504,-0.98413,-0.174902],[0.753522,0.137198,-0.642947],[0.65674,-0.112536,0.745673]],[[0.0299504,-0.98413,-0.174902],[0.488898,0.167044,-0.856198],[0.871827,-0.0598656,0.486142]]],"btipPosition":[51.5206,179.119,-63.7903],"carpPosition":[80.5801,155.513,63.6048],"dipPosition":[67.0763,178.05,-55.1162],"direction":[-0.65674,0.112536,-0.745673],"extended":true,"handId":361,"id":3613,"length":61.5272,"mcpPosition":[91.4025,167.912,6.09407],"pipPosition":[84.4501,175.073,-35.3898],"stabilizedTipPosition":[55.0985,178.873,-61.7952],"timeVisible":0,"tipPosition":[55.0985,178.873,-61.7952],"tipVelocity":[1.19209e-7,1.19209e-7,1.19209e-7],"tool":false,"touchDistance":0.606405,"touchZone":"hovering","type":3,"width":17.263},{"bases":[[[-0.148596,-0.981685,-0.119225],[0.956539,-0.173274,0.234539],[-0.250902,-0.0791919,0.964768]],[[-0.158862,-0.984123,-0.0791542],[0.98317,-0.150362,-0.10377],[0.0902202,-0.0943072,0.991447]],[[-0.158862,-0.984123,-0.0791542],[0.800318,-0.0814137,-0.594023],[0.578147,-0.157716,0.800544]],[[-0.158862,-0.984123,-0.0791542],[0.584385,-0.0291086,-0.810954],[0.795774,-0.175087,0.579731]]],"btipPosition":[63.3855,156.509,-51.4981],"carpPosition":[76.4361,143.111,59.8985],"dipPosition":[76.4844,153.626,-41.9553],"direction":[-0.578147,0.157716,-0.800544],"extended":true,"handId":361,"id":3614,"length":48.2362,"mcpPosition":[90.3296,147.496,6.47538],"pipPosition":[87.2831,150.681,-27.0027],"stabilizedTipPosition":[66.3983,155.846,-49.3032],"timeVisible":0,"tipPosition":[66.3983,155.846,-49.3032],"tipVelocity":[1.19209e-7,1.19209e-7,1.19209e-7],"tool":false,"touchDistance":0.793785,"touchZone":"hovering","type":4,"width":15.3344}],"r":[[1,5.55112e-18,0],[-5.55112e-18,1,-2.22045e-17],[-1.2326e-34,2.22045e-17,1]],"s":1,"t":[0,0,0],"timestamp":261513551446},{"currentFrameRate":24.2254,"devices":[],"gestures":[],"hands":[{"armBasis":[[0.204152,-0.86508,-0.458212],[0.964312,0.258323,-0.0580611],[0.168594,-0.430006,0.886945]],"armWidth":61.649,"confidence":0.190425,"direction":[0.380296,0.346882,-0.857349],"elbow":[106.358,55.4578,308.397],"grabAngle":1.08264,"grabStrength":0.0712349,"id":361,"palmNormal":[-0.89492,-0.0959603,-0.435787],"palmPosition":[79.3804,198.956,16.9621],"palmVelocity":[48.6679,582.774,-231.097],"palmWidth":86.8926,"pinchDistance":63.1192,"pinchStrength":0,"r":[[0.999799,-0.0125656,0.0155925],[0.0124948,0.999911,0.00463361],[-0.0156494,-0.00443785,0.999868]],"s":1.00126,"sphereCenter":[4.01028,199.014,-34.7528],"sphereRadius":91.9504,"stabilizedPalmPosition":[79.1987,196.781,17.8246],"t":[0.890477,10.663,-4.22839],"timeVisible":0.036594,"type":"right","wrist":[62.8874,166.331,79.706]}],"id":215227,"interactionBox":{"center":[0,200,0],"size":[235.247,235.247,147.751]},"pointables":[{"bases":[[[0.968583,-0.221914,0.112251],[0.0639352,0.658401,0.749947],[-0.24033,-0.719209,0.651905]],[[0.995752,-0.0919802,-0.00413863],[0.0504747,0.507728,0.860038],[-0.0770051,-0.856593,0.510214]],[[0.995752,-0.0919802,-0.00413863],[0.0726953,0.757804,0.64842],[-0.0565055,-0.645967,0.761271]],[[0.995752,-0.0919802,-0.00413863],[0.08481,0.898776,0.430126],[-0.0358434,-0.42865,0.902759]]],"btipPosition":[54.5979,268.858,-1.75247],"carpPosition":[48.3326,197.949,66.7427],"dipPosition":[53.8109,259.446,18.0694],"direction":[0.0565055,0.645967,-0.761271],"extended":true,"handId":361,"id":3610,"length":48.8949,"mcpPosition":[48.3326,197.949,66.7427],"pipPosition":[52.0034,238.783,42.421],"stabilizedTipPosition":[53.7428,264.295,3.90661],"timeVisible":0.036594,"tipPosition":[55.4932,268.732,3.17623],"tipVelocity":[159.723,568.267,-260.66],"tool":false,"touchDistance":1,"touchZone":"none","type":0,"width":19.7032},{"bases":[[[0.293976,-0.8615,-0.414],[0.934817,0.168862,0.312414],[-0.199236,-0.478856,0.854986]],[[0.27465,-0.901459,-0.334573],[0.960224,0.23891,0.144537],[-0.0503613,-0.360962,0.93122]],[[0.27465,-0.901459,-0.334573],[0.889216,0.370517,-0.26835],[0.365872,-0.223805,0.903354]],[[0.27465,-0.901459,-0.334573],[0.666446,0.429284,-0.609561],[0.693121,-0.0555589,0.718677]]],"btipPosition":[67.3479,250.257,-65.5985],"carpPosition":[70.7273,196.1,64.0093],"dipPosition":[78.4582,249.367,-54.0785],"direction":[-0.365872,0.223805,-0.903354],"extended":true,"handId":361,"id":3611,"length":55.1725,"mcpPosition":[84.725,229.742,3.94078],"pipPosition":[86.7549,244.292,-33.5937],"stabilizedTipPosition":[68.9647,248.422,-62.5321],"timeVisible":0.036594,"tipPosition":[67.6281,249.567,-64.8746],"tipVelocity":[388.737,675.579,-172.634],"tool":false,"touchDistance":0.554047,"touchZone":"hovering","type":1,"width":18.8205},{"bases":[[[0.100656,-0.934354,-0.341834],[0.966458,0.0102303,0.25662],[-0.236277,-0.356199,0.904044]],[[0.0888527,-0.950821,-0.296724],[0.994956,0.0707992,0.0710664],[-0.0465636,-0.301541,0.952315]],[[0.0888527,-0.950821,-0.296724],[0.896304,0.206262,-0.39255],[0.434447,-0.231076,0.870551]],[[0.0888527,-0.950821,-0.296724],[0.657975,0.27968,-0.699177],[0.747779,-0.133113,0.650467]]],"btipPosition":[68.8525,232.502,-78.7705],"carpPosition":[75.7787,186.622,59.2204],"dipPosition":[82.0361,230.155,-67.3025],"direction":[-0.434447,0.231076,-0.870551],"extended":true,"handId":361,"id":3612,"length":62.8646,"mcpPosition":[91.521,210.354,-1.01267],"pipPosition":[93.6266,223.99,-44.0773],"stabilizedTipPosition":[70.5602,229.993,-75.4774],"timeVisible":0.036594,"tipPosition":[67.5537,230.77,-76.5036],"tipVelocity":[483.076,718.108,-239.058],"tool":false,"touchDistance":0.372418,"touchZone":"hovering","type":2,"width":18.4842},{"bases":[[[-0.00835492,-0.974683,-0.223437],[0.963155,-0.0679113,0.26023],[-0.268815,-0.21303,0.939338]],[[-0.00821588,-0.974572,-0.223922],[0.998295,-0.0209358,0.0544901],[-0.0577925,-0.223093,0.973083]],[[-0.00821588,-0.974572,-0.223922],[0.903499,0.088725,-0.419306],[0.428511,-0.205759,0.879796]],[[-0.00821588,-0.974572,-0.223922],[0.667016,0.161492,-0.727331],[0.744998,-0.155335,0.648728]]],"btipPosition":[72.2768,206.168,-76.4751],"carpPosition":[77.9699,176.002,54.7421],"dipPosition":[85.3359,203.445,-65.1035],"direction":[-0.428511,0.205759,-0.879796],"extended":true,"handId":361,"id":3613,"length":60.446,"mcpPosition":[94.0502,188.746,-1.4484],"pipPosition":[96.4728,198.097,-42.2379],"stabilizedTipPosition":[73.4017,203.059,-72.7366],"timeVisible":0.036594,"tipPosition":[69.7203,204.391,-72.7915],"tipVelocity":[551.509,728.765,-329.683],"tool":false,"touchDistance":0.398131,"touchZone":"hovering","type":3,"width":17.5889},{"bases":[[[-0.198437,-0.968079,-0.153122],[0.922572,-0.237235,0.304269],[-0.330882,-0.0808883,0.940199]],[[-0.212389,-0.97065,-0.112823],[0.969994,-0.223397,0.0959404],[-0.118329,-0.0890607,0.988972]],[[-0.212389,-0.97065,-0.112823],[0.909735,-0.154255,-0.38547],[0.356753,-0.184508,0.915797]],[[-0.212389,-0.97065,-0.112823],[0.716988,-0.0763471,-0.692892],[0.663942,-0.228055,0.71216]]],"btipPosition":[78.3463,178.462,-62.7534],"carpPosition":[73.3818,163.954,50.4383],"dipPosition":[89.0831,174.774,-51.2368],"direction":[-0.356753,0.184508,-0.915797],"extended":true,"handId":361,"id":3614,"length":47.3885,"mcpPosition":[91.7041,168.433,-1.62437],"pipPosition":[95.6294,171.388,-34.4321],"stabilizedTipPosition":[79.2711,175.281,-58.9473],"timeVisible":0.036594,"tipPosition":[76.0283,178.615,-59.377],"tipVelocity":[393.985,594.843,-295.167],"tool":false,"touchDistance":0.58572,"touchZone":"hovering","type":4,"width":15.6239}],"r":[[0.999799,-0.0125656,0.0155925],[0.0124948,0.999911,0.00463361],[-0.0156494,-0.00443785,0.999868]],"s":1.00126,"t":[0.890477,10.663,-4.22839],"timestamp":261513588040},{"currentFrameRate":25.6227,"devices":[],"gestures":[],"hands":[{"armBasis":[[0.200772,-0.809165,-0.552216],[0.966783,0.254677,-0.0216806],[0.15818,-0.52952,0.833419]],"armWidth":61.649,"confidence":0.331955,"direction":[0.380857,0.322735,-0.866481],"elbow":[102.231,44.0973,287.719],"grabAngle":0.782653,"grabStrength":0,"id":361,"palmNormal":[-0.892414,-0.116923,-0.435805],"palmPosition":[78.042,212.809,9.80577],"palmVelocity":[-46.3119,479.342,-247.622],"palmWidth":86.8926,"pinchDistance":62.8371,"pinchStrength":0,"r":[[0.999365,-0.0209505,0.0288265],[0.020896,0.999779,0.00218978],[-0.028866,-0.00158604,0.999582]],"s":1.01899,"sphereCenter":[-25.2636,205.321,-52.979],"sphereRadius":122.87,"stabilizedPalmPosition":[78.2052,210.548,10.9371],"t":[0.666509,22.921,-9.92073],"timeVisible":0.065494,"type":"right","wrist":[61.4457,180.63,72.8287]}],"id":215228,"interactionBox":{"center":[0,200,0],"size":[235.247,235.247,147.751]},"pointables":[{"bases":[[[0.969881,-0.210393,0.12274],[0.0557365,0.682232,0.729009],[-0.237115,-0.700211,0.67341]],[[0.995256,-0.0962745,0.0140045],[0.0404696,0.540597,0.840308],[-0.088471,-0.835755,0.541929]],[[0.995256,-0.0962745,0.0140045],[0.0676551,0.788348,0.611498],[-0.0699121,-0.60765,0.791122]],[[0.995256,-0.0962745,0.0140045],[0.0850056,0.930564,0.356124],[-0.0473177,-0.353244,0.934334]]],"btipPosition":[54.3016,280.155,-12.1755],"carpPosition":[46.8089,213.121,59.4797],"dipPosition":[53.2627,272.399,8.33963],"direction":[0.0699121,0.60765,-0.791122],"extended":true,"handId":361,"id":3610,"length":48.8949,"mcpPosition":[46.8089,213.121,59.4797],"pipPosition":[51.0263,252.961,33.6461],"stabilizedTipPosition":[53.9758,274.546,-4.36923],"timeVisible":0.065494,"tipPosition":[53.708,281.432,-6.42761],"tipVelocity":[-12.2568,404.088,-355.141],"tool":false,"touchDistance":1,"touchZone":"none","type":0,"width":19.7032},{"bases":[[[0.302473,-0.871718,-0.38551],[0.932209,0.186217,0.310338],[-0.198739,-0.453245,0.868949]],[[0.284449,-0.907151,-0.310108],[0.948613,0.219546,0.22789],[-0.138648,-0.358995,0.922984]],[[0.284449,-0.907151,-0.310108],[0.938233,0.32988,-0.104389],[0.196995,-0.26126,0.944953]],[[0.284449,-0.907151,-0.310108],[0.836414,0.392905,-0.382149],[0.46851,-0.150677,0.870514]]],"btipPosition":[76.8024,266.021,-76.7461],"carpPosition":[69.2283,211.368,56.8878],"dipPosition":[84.3123,263.606,-62.7922],"direction":[-0.196995,0.26126,-0.944953],"extended":true,"handId":361,"id":3611,"length":55.1725,"mcpPosition":[83.191,243.212,-4.16163],"pipPosition":[88.7794,257.682,-41.3641],"stabilizedTipPosition":[77.2608,263.205,-72.0769],"timeVisible":0.065494,"tipPosition":[72.1349,263.001,-73.5855],"tipVelocity":[298.491,533.331,-366.362],"tool":false,"touchDistance":0.373158,"touchZone":"hovering","type":1,"width":18.8205},{"bases":[[[0.109461,-0.943826,-0.311786],[0.965335,0.0261661,0.259698],[-0.236951,-0.329405,0.913973]],[[0.0982164,-0.958249,-0.268536],[0.986233,0.0576517,0.154987],[-0.133035,-0.280061,0.95072]],[[0.0982164,-0.958249,-0.268536],[0.968905,0.153657,-0.193939],[0.227105,-0.241138,0.943544]],[[0.0982164,-0.958249,-0.268536],[0.859981,0.217515,-0.46165],[0.500786,-0.185594,0.845439]]],"btipPosition":[81.2892,246.103,-91.5459],"carpPosition":[74.374,201.786,52.4191],"dipPosition":[90.1182,242.831,-76.6405],"direction":[-0.227105,0.241138,-0.943544],"extended":true,"handId":361,"id":3612,"length":62.8646,"mcpPosition":[90.1611,223.733,-8.47548],"pipPosition":[96.1771,236.398,-51.468],"stabilizedTipPosition":[81.1992,242.798,-86.0168],"timeVisible":0.065494,"tipPosition":[75.5478,243.617,-86.5365],"tipVelocity":[395.679,463.25,-414.7],"tool":false,"touchDistance":0.228309,"touchZone":"hovering","type":2,"width":18.4842},{"bases":[[[0.000313839,-0.981282,-0.192574],[0.962644,-0.0518469,0.265761],[-0.270771,-0.185463,0.944609]],[[0.00234879,-0.979861,-0.199667],[0.988599,-0.0277854,0.147985],[-0.150553,-0.197738,0.968624]],[[0.00234879,-0.979861,-0.199667],[0.975217,0.046419,-0.216328],[0.221239,-0.194211,0.955686]],[[0.00234879,-0.979861,-0.199667],[0.859035,0.104189,-0.501201],[0.511911,-0.170344,0.84198]]],"btipPosition":[84.4524,218.464,-88.4191],"carpPosition":[76.6675,191.048,48.2865],"dipPosition":[93.4257,215.478,-73.6599],"direction":[-0.221239,0.194211,-0.955686],"extended":true,"handId":361,"id":3613,"length":60.446,"mcpPosition":[92.8648,202.142,-8.21934],"pipPosition":[99.1757,210.431,-48.822],"stabilizedTipPosition":[84.1311,215.101,-82.7897],"timeVisible":0.065494,"tipPosition":[78.1281,216.626,-82.7117],"tipVelocity":[388.786,423.401,-386.325],"tool":false,"touchDistance":0.251546,"touchZone":"hovering","type":3,"width":17.5889},{"bases":[[[-0.190088,-0.974007,-0.123198],[0.923244,-0.220021,0.314977],[-0.333896,-0.0538681,0.94107]],[[-0.208094,-0.975495,-0.0714599],[0.956295,-0.218253,0.194592],[-0.20542,-0.0278432,0.978278]],[[-0.208094,-0.975495,-0.0714599],[0.964896,-0.192766,-0.178376],[0.16023,-0.10607,0.981364]],[[-0.208094,-0.975495,-0.0714599],[0.874901,-0.152974,-0.459508],[0.437316,-0.158141,0.885294]]],"btipPosition":[87.4842,187.244,-72.5395],"carpPosition":[72.1927,178.833,44.3485],"dipPosition":[94.5562,184.686,-58.2231],"direction":[-0.16023,0.10607,-0.981364],"extended":true,"handId":361,"id":3614,"length":47.3885,"mcpPosition":[90.6819,181.816,-7.76233],"pipPosition":[97.4964,182.74,-40.2153],"stabilizedTipPosition":[86.9513,184.159,-66.9864],"timeVisible":0.065494,"tipPosition":[81.3858,188.53,-67.3752],"tipVelocity":[287.026,312.876,-316.338],"tool":false,"touchDistance":0.423348,"touchZone":"hovering","type":4,"width":15.6239}],"r":[[0.999365,-0.0209505,0.0288265],[0.020896,0.999779,0.00218978],[-0.028866,-0.00158604,0.999582]],"s":1.01899,"t":[0.666509,22.921,-9.92073],"timestamp":261513616940},{"currentFrameRate":28.0935,"devices":[],"gestures":[],"hands":[{"armBasis":[[0.202611,-0.77985,-0.592269],[0.964771,0.262619,-0.0157527],[0.167826,-0.568213,0.805586]],"armWidth":61.649,"confidence":0.417211,"direction":[0.420347,0.328174,-0.845938],"elbow":[101.431,39.7922,274.402],"grabAngle":0.6482,"grabStrength":0,"id":361,"palmNormal":[-0.871838,-0.112242,-0.47676],"palmPosition":[77.155,219.341,4.86933],"palmVelocity":[-47.0592,346.565,-261.922],"palmWidth":86.8926,"pinchDistance":61.9267,"pinchStrength":0,"r":[[0.998431,-0.0280242,0.0484827],[0.0279629,0.999607,0.00194377],[-0.0485182,-0.000585002,0.998822]],"s":1.03104,"sphereCenter":[-45.0926,211.27,-70.5476],"sphereRadius":145.953,"stabilizedPalmPosition":[77.497,216.477,6.84548],"t":[0.111063,32.3159,-15.2351],"timeVisible":0.084341,"type":"right","wrist":[58.1581,186.301,66.688]}],"id":215229,"interactionBox":{"center":[0,200,0],"size":[235.247,235.247,147.751]},"pointables":[{"bases":[[[0.962986,-0.212989,0.16521],[0.0235189,0.676958,0.735646],[-0.268525,-0.704531,0.65691]],[[0.990425,-0.115904,0.0749932],[-0.000948761,0.537506,0.84326],[-0.138047,-0.835257,0.532249]],[[0.990425,-0.115904,0.0749932],[0.0487379,0.801825,0.595568],[-0.12916,-0.58621,0.799797]],[[0.990425,-0.115904,0.0749932],[0.081646,0.929837,0.3588],[-0.111318,-0.349242,0.930397]]],"btipPosition":[56.8518,285.594,-18.3123],"carpPosition":[43.6954,219.357,53.0725],"dipPosition":[54.4076,277.926,2.1164],"direction":[0.12916,0.58621,-0.799797],"extended":true,"handId":361,"id":3610,"length":48.8949,"mcpPosition":[43.6954,219.357,53.0725],"pipPosition":[50.2761,259.174,27.7004],"stabilizedTipPosition":[55.1111,279.102,-8.90517],"timeVisible":0.084341,"tipPosition":[54.0837,287.464,-12.2156],"tipVelocity":[118.162,289.648,-326.665],"tool":false,"touchDistance":0.996325,"touchZone":"hovering","type":0,"width":19.7032},{"bases":[[[0.318418,-0.869509,-0.377577],[0.9174,0.182351,0.353731],[-0.238721,-0.459023,0.855751]],[[0.296715,-0.905753,-0.302607],[0.932482,0.206442,0.296411],[-0.206005,-0.370126,0.905853]],[[0.296715,-0.905753,-0.302607],[0.950935,0.309322,0.0065662],[0.0876559,-0.289708,0.953093]],[[0.296715,-0.905753,-0.302607],[0.895303,0.374091,-0.241845],[0.332255,-0.199166,0.921922]]],"btipPosition":[83.9684,274.513,-81.5345],"carpPosition":[66.2069,217.583,51.4904],"dipPosition":[89.2943,271.32,-66.7565],"direction":[-0.0876559,0.289708,-0.953093],"extended":true,"handId":361,"id":3611,"length":55.1725,"mcpPosition":[82.9786,249.832,-8.63185],"pipPosition":[91.282,264.751,-45.1439],"stabilizedTipPosition":[83.3239,271.287,-76.7077],"timeVisible":0.084341,"tipPosition":[77.2863,270.916,-78.2988],"tipVelocity":[353.568,441.063,-244.007],"tool":false,"touchDistance":0.311605,"touchZone":"hovering","type":1,"width":18.8205},{"bases":[[[0.122147,-0.941791,-0.313224],[0.952561,0.0226027,0.303506],[-0.27876,-0.335437,0.899875]],[[0.111516,-0.953804,-0.278965],[0.973474,0.0484136,0.223617],[-0.199781,-0.296502,0.933903]],[[0.111516,-0.953804,-0.278965],[0.990112,0.130677,-0.0509975],[0.085096,-0.27052,0.958946]],[[0.111516,-0.953804,-0.278965],[0.939399,0.192751,-0.283507],[0.324181,-0.230444,0.917498]]],"btipPosition":[91.1578,255.06,-96.7547],"carpPosition":[71.5364,208.023,47.1919],"dipPosition":[96.8732,250.997,-80.5788],"direction":[-0.085096,0.27052,-0.958946],"extended":true,"handId":361,"id":3612,"length":62.8646,"mcpPosition":[90.1092,230.372,-12.7634],"pipPosition":[99.1435,243.78,-54.9954],"stabilizedTipPosition":[89.5666,251.206,-91.2254],"timeVisible":0.084341,"tipPosition":[83.0511,251.808,-91.788],"tipVelocity":[485.619,465.605,-260.866],"tool":false,"touchDistance":0.243614,"touchZone":"hovering","type":2,"width":18.4842},{"bases":[[[0.00763577,-0.979895,-0.199368],[0.949482,-0.0554463,0.308884],[-0.313728,-0.191655,0.929969]],[[0.0165266,-0.974068,-0.225652],[0.975123,-0.034191,0.21901],[-0.221045,-0.223658,0.949271]],[[0.0165266,-0.974068,-0.225652],[0.996275,0.035145,-0.0787434],[0.084632,-0.22351,0.97102]],[[0.0165266,-0.974068,-0.225652],[0.943434,0.0899362,-0.31913],[0.331148,-0.207613,0.920455]]],"btipPosition":[94.0283,227.599,-93.7015],"carpPosition":[73.9998,197.31,43.0912],"dipPosition":[99.833,223.959,-77.5668],"direction":[-0.084632,0.22351,-0.97102],"extended":true,"handId":361,"id":3613,"length":60.446,"mcpPosition":[92.7668,208.775,-12.5389],"pipPosition":[102.033,218.15,-52.3303],"stabilizedTipPosition":[92.2904,223.571,-88.0205],"timeVisible":0.084341,"tipPosition":[85.5456,224.68,-88.2458],"tipVelocity":[469.416,476.679,-263.492],"tool":false,"touchDistance":0.253514,"touchZone":"hovering","type":3,"width":17.5889},{"bases":[[[-0.185714,-0.97277,-0.138672],[0.907639,-0.223894,0.355054],[-0.376433,-0.0599256,0.924504]],[[-0.193002,-0.973751,-0.12066],[0.941237,-0.218474,0.25757],[-0.277171,-0.0638585,0.958696]],[[-0.193002,-0.973751,-0.12066],[0.980681,-0.187442,-0.0559521],[0.0318666,-0.129128,0.991116]],[[-0.193002,-0.973751,-0.12066],[0.940587,-0.148596,-0.305312],[0.279368,-0.172417,0.944577]]],"btipPosition":[94.6278,195.727,-77.5921],"carpPosition":[69.691,185.132,38.8666],"dipPosition":[99.1456,192.938,-62.317],"direction":[-0.0318666,0.129128,-0.991116],"extended":true,"handId":361,"id":3614,"length":47.3885,"mcpPosition":[90.5356,188.45,-12.3269],"pipPosition":[99.7303,190.569,-44.1302],"stabilizedTipPosition":[92.8665,191.575,-71.8],"timeVisible":0.084341,"tipPosition":[86.6251,195.485,-72.6661],"tipVelocity":[347.859,447.276,-256.385],"tool":false,"touchDistance":0.341866,"touchZone":"hovering","type":4,"width":15.6239}],"r":[[0.998431,-0.0280242,0.0484827],[0.0279629,0.999607,0.00194377],[-0.0485182,-0.000585002,0.998822]],"s":1.03104,"t":[0.111063,32.3159,-15.2351],"timestamp":261513635787},{"currentFrameRate":30.2735,"devices":[],"gestures":[],"hands":[{"armBasis":[[0.221132,-0.769756,-0.598812],[0.96437,0.264027,0.0167287],[0.145225,-0.581176,0.800715]],"armWidth":61.649,"confidence":0.497623,"direction":[0.425594,0.325756,-0.844247],"elbow":[94.4104,40.6296,268.627],"grabAngle":0.551114,"grabStrength":0,"id":361,"palmNormal":[-0.866555,-0.122043,-0.48393],"palmPosition":[76.4849,223.451,0.447436],"palmVelocity":[-34.6675,212.628,-228.758],"palmWidth":86.8926,"pinchDistance":63.9225,"pinchStrength":0,"r":[[0.9973,-0.03208,0.0660532],[0.0321125,0.999484,0.000570614],[-0.0660374,0.00155206,0.997816]],"s":1.04094,"sphereCenter":[-61.3736,211.99,-83.6009],"sphereRadius":164.501,"stabilizedPalmPosition":[76.9172,220.473,3.17988],"t":[-0.501722,39.0684,-20.1033],"timeVisible":0.103671,"type":"right","wrist":[56.9652,190.481,62.1693]}],"id":215230,"interactionBox":{"center":[0,200,0],"size":[235.247,235.247,147.751]},"pointables":[{"bases":[[[0.963013,-0.204541,0.17541],[0.0116492,0.681978,0.73128],[-0.269203,-0.702189,0.659136]],[[0.988589,-0.1177,0.0940163],[-0.0151064,0.543509,0.839267],[-0.14988,-0.831111,0.535529]],[[0.988589,-0.1177,0.0940163],[0.042235,0.815646,0.577008],[-0.144598,-0.566453,0.811309]],[[0.988589,-0.1177,0.0940163],[0.0788372,0.936063,0.342886],[-0.128363,-0.331561,0.934661]]],"btipPosition":[57.174,288.55,-23.6608],"carpPosition":[42.5854,223.532,48.3422],"dipPosition":[54.3555,281.27,-3.13849],"direction":[0.144598,0.566453,-0.811309],"extended":true,"handId":361,"id":3610,"length":48.8949,"mcpPosition":[42.5854,223.532,48.3422],"pipPosition":[49.7301,263.151,22.8137],"stabilizedTipPosition":[55.6034,281.807,-12.3972],"timeVisible":0.103671,"tipPosition":[53.3745,290.878,-17.453],"tipVelocity":[12.2135,157.571,-275.581],"tool":false,"touchDistance":0.850121,"touchZone":"hovering","type":0,"width":19.7032},{"bases":[[[0.328435,-0.869539,-0.368826],[0.912711,0.191681,0.360855],[-0.243081,-0.455149,0.856593]],[[0.30501,-0.90727,-0.289534],[0.920613,0.203059,0.333524],[-0.243804,-0.368277,0.89718]],[[0.30501,-0.90727,-0.289534],[0.952329,0.292569,0.0864511],[0.00627412,-0.3021,0.953256]],[[0.30501,-0.90727,-0.289534],[0.926169,0.353379,-0.131659],[0.221765,-0.228,0.94807]]],"btipPosition":[88.3312,279.245,-86.1798],"carpPosition":[65.1232,221.918,46.9774],"dipPosition":[91.8859,275.59,-70.9827],"direction":[-0.00627412,0.3021,-0.953256],"extended":true,"handId":361,"id":3611,"length":55.1725,"mcpPosition":[82.2013,253.896,-13.2039],"pipPosition":[92.0282,268.74,-49.3664],"stabilizedTipPosition":[87.5035,276.394,-80.9963],"timeVisible":0.103671,"tipPosition":[79.893,275.412,-82.9699],"tipVelocity":[204.627,239.309,-235.331],"tool":false,"touchDistance":0.24644,"touchZone":"hovering","type":1,"width":18.8205},{"bases":[[[0.132135,-0.942888,-0.305783],[0.949539,0.0318759,0.312025],[-0.284457,-0.331582,0.899521]],[[0.121623,-0.954405,-0.272617],[0.963933,0.0480659,0.261767],[-0.236728,-0.294621,0.925828]],[[0.121623,-0.954405,-0.272617],[0.992518,0.119927,0.0229399],[0.0108002,-0.273367,0.961849]],[[0.121623,-0.954405,-0.272617],[0.966558,0.176353,-0.186184],[0.225771,-0.240856,0.943936]]],"btipPosition":[95.9529,259.326,-101.31],"carpPosition":[70.5641,212.371,42.7919],"dipPosition":[99.9334,255.079,-84.6676],"direction":[-0.0108002,0.273367,-0.961849],"extended":true,"handId":361,"id":3612,"length":62.8646,"mcpPosition":[89.5164,234.463,-17.1398],"pipPosition":[100.222,247.786,-59.0067],"stabilizedTipPosition":[94.7093,256.237,-95.6319],"timeVisible":0.103671,"tipPosition":[86.3793,256.055,-96.6376],"tipVelocity":[227.424,218.505,-230.093],"tool":false,"touchDistance":0.188441,"touchZone":"hovering","type":2,"width":18.4842},{"bases":[[[0.0168755,-0.981108,-0.192724],[0.947001,-0.046157,0.317896],[-0.320786,-0.187874,0.928332]],[[0.0285096,-0.973641,-0.226297],[0.965452,-0.0318411,0.258627],[-0.259015,-0.225852,0.939096]],[[0.0285096,-0.973641,-0.226297],[0.99954,0.0301138,-0.00363921],[0.0103579,-0.226089,0.974052]],[[0.0285096,-0.973641,-0.226297],[0.972265,0.079585,-0.219925],[0.232138,-0.213751,0.948906]]],"btipPosition":[98.8542,231.979,-98.0601],"carpPosition":[73.146,201.651,38.7856],"dipPosition":[102.923,228.233,-81.4266],"direction":[-0.0103579,0.226089,-0.974052],"extended":true,"handId":361,"id":3613,"length":60.446,"mcpPosition":[92.3352,212.889,-16.7465],"pipPosition":[103.193,222.357,-56.1114],"stabilizedTipPosition":[97.5685,228.882,-92.3937],"timeVisible":0.103671,"tipPosition":[89.0258,228.918,-93.0028],"tipVelocity":[229.007,225.357,-219.549],"tool":false,"touchDistance":0.203044,"touchZone":"hovering","type":3,"width":17.5889},{"bases":[[[-0.177071,-0.975055,-0.133843],[0.906012,-0.214609,0.36481],[-0.384433,-0.056666,0.921412]],[[-0.1784,-0.975245,-0.130655],[0.931611,-0.210146,0.296546],[-0.316662,-0.0688161,0.946039]],[[-0.1784,-0.975245,-0.130655],[0.983038,-0.182395,0.0191859],[-0.0425419,-0.125016,0.991242]],[[-0.1784,-0.975245,-0.130655],[0.965505,-0.147908,-0.214296],[0.189666,-0.164379,0.967991]]],"btipPosition":[98.4742,199.785,-81.645],"carpPosition":[68.9683,189.412,34.6036],"dipPosition":[101.541,197.127,-65.9913],"direction":[0.0425419,0.125016,-0.991242],"extended":true,"handId":361,"id":3614,"length":47.3885,"mcpPosition":[90.2559,192.55,-16.4187],"pipPosition":[100.761,194.833,-47.8022],"stabilizedTipPosition":[96.9841,196.531,-75.8729],"timeVisible":0.103671,"tipPosition":[89.1647,199.158,-77.0639],"tipVelocity":[181.724,211.518,-205.166],"tool":false,"touchDistance":0.280884,"touchZone":"hovering","type":4,"width":15.6239}],"r":[[0.9973,-0.03208,0.0660532],[0.0321125,0.999484,0.000570614],[-0.0660374,0.00155206,0.997816]],"s":1.04094,"t":[-0.501722,39.0684,-20.1033],"timestamp":261513655117},{"currentFrameRate":32.2682,"devices":[],"gestures":[],"hands":[{"armBasis":[[0.237918,-0.776263,-0.58379],[0.965306,0.255564,0.0535798],[0.107604,-0.576284,0.810135]],"armWidth":61.649,"confidence":0.569919,"direction":[0.450085,0.328278,-0.830456],"elbow":[82.4534,45.4136,266.54],"grabAngle":0.48291,"grabStrength":0,"id":361,"palmNormal":[-0.853996,-0.113563,-0.507734],"palmPosition":[76.2052,227.087,-3.3667],"palmVelocity":[-14.5512,189.154,-198.426],"palmWidth":86.8926,"pinchDistance":64.5565,"pinchStrength":0,"r":[[0.995673,-0.0366369,0.0853953],[0.0366879,0.999326,0.000973629],[-0.0853734,0.00216355,0.996347]],"s":1.04855,"sphereCenter":[-65.5705,215.328,-96.112],"sphereRadius":173.091,"stabilizedPalmPosition":[76.569,223.708,-0.0217867],"t":[-0.947966,44.2626,-24.4444],"timeVisible":0.122893,"type":"right","wrist":[54.7087,194.003,57.6536]}],"id":215231,"interactionBox":{"center":[0,200,0],"size":[235.247,235.247,147.751]},"pointables":[{"bases":[[[0.956684,-0.211709,0.199838],[-0.00377353,0.677351,0.73565],[-0.291104,-0.704539,0.647212]],[[0.98383,-0.129215,0.124021],[-0.0354853,0.538103,0.842132],[-0.175552,-0.832916,0.524816]],[[0.98383,-0.129215,0.124021],[0.0346156,0.816586,0.576184],[-0.175726,-0.562575,0.807855]],[[0.98383,-0.129215,0.124021],[0.0793632,0.935285,0.344882],[-0.160559,-0.329462,0.930417]]],"btipPosition":[58.5493,292.02,-27.6863],"carpPosition":[41.0343,227.086,43.6024],"dipPosition":[55.0239,284.786,-7.25714],"direction":[0.175726,0.562575,-0.807855],"extended":true,"handId":361,"id":3610,"length":48.8949,"mcpPosition":[41.0343,227.086,43.6024],"pipPosition":[49.4028,266.791,18.5846],"stabilizedTipPosition":[56.2693,284.474,-15.7004],"timeVisible":0.122893,"tipPosition":[54.1691,294.567,-21.5208],"tipVelocity":[63.0885,181.062,-210.535],"tool":false,"touchDistance":0.737739,"touchZone":"hovering","type":0,"width":19.7032},{"bases":[[[0.332852,-0.869299,-0.365416],[0.903866,0.183668,0.386385],[-0.268769,-0.458896,0.846864]],[[0.304437,-0.910671,-0.279279],[0.903235,0.182894,0.388222],[-0.302464,-0.370443,0.87823]],[[0.304437,-0.910671,-0.279279],[0.949051,0.264948,0.170601],[-0.081367,-0.316987,0.944933]],[[0.304437,-0.910671,-0.279279],[0.945464,0.32455,-0.0276596],[0.115829,-0.255627,0.959812]]],"btipPosition":[94.6528,283.796,-88.8778],"carpPosition":[63.5902,225.338,42.8316],"dipPosition":[96.5094,279.698,-73.4925],"direction":[0.081367,0.316987,-0.944933],"extended":true,"handId":361,"id":3611,"length":55.1725,"mcpPosition":[82.473,257.579,-16.6663],"pipPosition":[94.6643,272.51,-52.0649],"stabilizedTipPosition":[93.3437,281.373,-84.344],"timeVisible":0.122893,"tipPosition":[84.8394,280.226,-86.1258],"tipVelocity":[308.554,231.452,-138.108],"tool":false,"touchDistance":0.23631,"touchZone":"hovering","type":1,"width":18.8205},{"bases":[[[0.134483,-0.941794,-0.308121],[0.941006,0.0239387,0.337543],[-0.31052,-0.335338,0.889453]],[[0.122316,-0.954113,-0.273326],[0.948101,0.0308864,0.316466],[-0.293502,-0.29785,0.908373]],[[0.122316,-0.954113,-0.273326],[0.989813,0.0970509,0.104169],[-0.0728621,-0.283284,0.956264]],[[0.122316,-0.954113,-0.273326],[0.984181,0.152165,-0.0907413],[0.128168,-0.257904,0.957632]]],"btipPosition":[102.728,263.699,-104.001],"carpPosition":[69.0826,215.783,38.7326],"dipPosition":[104.988,259.152,-87.1177],"direction":[0.0728621,0.283284,-0.956264],"extended":true,"handId":361,"id":3612,"length":62.8646,"mcpPosition":[89.7714,238.125,-20.5283],"pipPosition":[103.044,251.594,-61.6058],"stabilizedTipPosition":[101.235,261.141,-99.0606],"timeVisible":0.122893,"tipPosition":[91.971,260.747,-99.9802],"tipVelocity":[331.875,223.906,-137.135],"tool":false,"touchDistance":0.196647,"touchZone":"hovering","type":2,"width":18.4842},{"bases":[[[0.0159996,-0.979983,-0.198435],[0.937831,-0.0541114,0.342848],[-0.346723,-0.191584,0.918193]],[[0.030435,-0.971148,-0.236528],[0.949113,-0.0461324,0.311539],[-0.313462,-0.233973,0.920325]],[[0.030435,-0.971148,-0.236528],[0.997429,0.014149,0.0702495],[-0.064876,-0.238057,0.969082]],[[0.030435,-0.971148,-0.236528],[0.989553,0.0626377,-0.129851],[0.14092,-0.230104,0.962909]]],"btipPosition":[104.801,236.56,-100.84],"carpPosition":[71.7049,205.072,34.7289],"dipPosition":[107.271,232.527,-83.9608],"direction":[0.064876,0.238057,-0.969082],"extended":true,"handId":361,"id":3613,"length":60.446,"mcpPosition":[92.4457,216.532,-20.1967],"pipPosition":[105.585,226.34,-58.7747],"stabilizedTipPosition":[103.463,233.983,-95.8423],"timeVisible":0.122893,"tipPosition":[93.9528,233.542,-96.5145],"tipVelocity":[290.257,234.872,-141.67],"tool":false,"touchDistance":0.200779,"touchZone":"hovering","type":3,"width":17.5889},{"bases":[[[-0.179416,-0.973069,-0.144733],[0.894561,-0.222588,0.387575],[-0.409353,-0.0599357,0.910405]],[[-0.173479,-0.9721,-0.15788],[0.912474,-0.218968,0.345606],[-0.370535,-0.0841057,0.925003]],[[-0.173479,-0.9721,-0.15788],[0.977719,-0.189238,0.0908577],[-0.1182,-0.1386,0.983269]],[[-0.173479,-0.9721,-0.15788],[0.978939,-0.15269,-0.135513],[0.107626,-0.178063,0.978116]]],"btipPosition":[102.954,204.418,-84.5999],"carpPosition":[67.5657,192.886,30.3588],"dipPosition":[104.694,201.538,-68.7825],"direction":[0.1182,0.1386,-0.98327],"extended":true,"handId":361,"id":3614,"length":47.3885,"mcpPosition":[90.2332,196.205,-20.054],"pipPosition":[102.525,198.995,-50.7397],"stabilizedTipPosition":[101.402,201.541,-79.4021],"timeVisible":0.122893,"tipPosition":[92.7351,203.281,-80.7093],"tipVelocity":[217.163,238.337,-151.766],"tool":false,"touchDistance":0.250909,"touchZone":"hovering","type":4,"width":15.6239}],"r":[[0.995673,-0.0366369,0.0853953],[0.0366879,0.999326,0.000973629],[-0.0853734,0.00216355,0.996347]],"s":1.04855,"t":[-0.947966,44.2626,-24.4444],"timestamp":261513674339},{"currentFrameRate":34.0651,"devices":[],"gestures":[],"hands":[{"armBasis":[[0.242595,-0.78933,-0.564008],[0.965229,0.254735,0.0586686],[0.097364,-0.55863,0.823682]],"armWidth":61.649,"confidence":0.634642,"direction":[0.462764,0.335052,-0.820725],"elbow":[77.9402,52.8742,266.349],"grabAngle":0.431678,"grabStrength":0,"id":361,"palmNormal":[-0.847078,-0.105827,-0.520826],"palmPosition":[75.2551,230.236,-6.58136],"palmVelocity":[-49.1925,163.05,-166.442],"palmWidth":86.8926,"pinchDistance":61.9969,"pinchStrength":0,"r":[[0.993773,-0.0410716,0.103574],[0.0409338,0.999156,0.00345678],[-0.103629,0.000804439,0.994616]],"s":1.06028,"sphereCenter":[-61.3321,217.762,-103.115],"sphereRadius":171.689,"stabilizedPalmPosition":[75.9883,226.593,-2.92096],"t":[-1.64614,48.4342,-28.2223],"timeVisible":0.142207,"type":"right","wrist":[52.8357,196.912,53.9691]}],"id":215232,"interactionBox":{"center":[0,200,0],"size":[235.247,235.247,147.751]},"pointables":[{"bases":[[[0.95312,-0.216706,0.211191],[-0.0121149,0.670047,0.74222],[-0.302351,-0.709983,0.63601]],[[0.982977,-0.128109,0.131697],[-0.0443291,0.530254,0.846679],[-0.1783,-0.838105,0.515548]],[[0.982977,-0.128109,0.131697],[0.0231744,0.797531,0.602833],[-0.182261,-0.589519,0.786923]],[[0.982977,-0.128109,0.131697],[0.0643685,0.911502,0.406228],[-0.172083,-0.390836,0.904231]]],"btipPosition":[57.5324,297.273,-29.7174],"carpPosition":[39.4243,229.882,39.885],"dipPosition":[53.7539,288.691,-9.86322],"direction":[0.18226,0.589519,-0.786923],"extended":true,"handId":361,"id":3610,"length":48.8949,"mcpPosition":[39.4243,229.882,39.885],"pipPosition":[47.9238,269.834,15.3089],"stabilizedTipPosition":[56.4384,289.121,-19.7573],"timeVisible":0.142207,"tipPosition":[54.008,297.671,-24.4578],"tipVelocity":[-55.6654,255.911,-112.01],"tool":false,"touchDistance":0.664848,"touchZone":"hovering","type":0,"width":19.7032},{"bases":[[[0.335347,-0.866691,-0.369309],[0.898869,0.176971,0.400894],[-0.282094,-0.466399,0.838388]],[[0.30717,-0.90691,-0.288377],[0.888687,0.164963,0.427812],[-0.340415,-0.387687,0.856631]],[[0.30717,-0.90691,-0.288377],[0.942039,0.246801,0.227271],[-0.134943,-0.341473,0.930154]],[[0.30717,-0.90691,-0.288377],[0.950006,0.310049,0.036848],[0.0559932,-0.285278,0.956808]]],"btipPosition":[97.686,288.781,-90.4452],"carpPosition":[61.9834,228.07,39.4148],"dipPosition":[98.5835,284.208,-75.1081],"direction":[0.134943,0.341473,-0.930154],"extended":true,"handId":361,"id":3611,"length":55.1725,"mcpPosition":[81.8025,260.838,-19.4875],"pipPosition":[95.5235,276.464,-54.0155],"stabilizedTipPosition":[97.1135,286.641,-86.477],"timeVisible":0.142207,"tipPosition":[87.2527,284.736,-88.3957],"tipVelocity":[145.626,252.434,-81.7268],"tool":false,"touchDistance":0.232168,"touchZone":"hovering","type":