{"frames":237,"data":[{"currentFrameRate":27.0898,"devices":[],"gestures":[],"hands":[],"id":215814,"interactionBox":{"center":[0,200,0],"size":[235.247,235.247,147.751]},"pointables":[],"r":[[-0.0794966,-0.728761,-0.680138],[0.446709,0.583909,-0.677865],[0.891141,-0.357712,0.279125]],"s":-5.62558,"t":[894.675,787.691,741.58],"timestamp":261529120537},{"currentFrameRate":27.1052,"devices":[],"gestures":[],"hands":[],"id":215815,"interactionBox":{"center":[0,200,0],"size":[235.247,235.247,147.751]},"pointables":[],"r":[[-0.0794966,-0.728761,-0.680138],[0.446709,0.583909,-0.677865],[0.891141,-0.357712,0.279125]],"s":-5.62558,"t":[894.675,787.691,741.58],"timestamp":261529157327},{"currentFrameRate":27.0983,"devices":[],"gestures":[],"hands":[],"id":215816,"interactionBox":{"center":[0,200,0],"size":[235.247,235.247,147.751]},"pointables":[],"r":[[-0.0794966,-0.728761,-0.680138],[0.446709,0.583909,-0.677865],[0.891141,-0.357712,0.279125]],"s":-5.62558,"t":[894.675,787.691,741.58],"timestamp":261529194276},{"currentFrameRate":27.1032,"devices":[],"gestures":[],"hands":[],"id":215817,"interactionBox":{"center":[0,200,0],"size":[235.247,235.247,147.751]},"pointables":[],"r":[[-0.0794966,-0.728761,-0.680138],[0.446709,0.583909,-0.677865],[0.891141,-0.357712,0.279125]],"s":-5.62558,"t":[894.675,787.691,741.58],"timestamp":261529231139},{"currentFrameRate":27.0769,"devices":[],"gestures":[],"hands":[],"id":215818,"interactionBox":{"center":[0,200,0],"size":[235.247,235.247,147.751]},"pointables":[],"r":[[-0.0794966,-0.728761,-0.680138],[0.446709,0.583909,-0.677865],[0.891141,-0.357712,0.279125]],"s":-5.62558,"t":[894.675,787.691,741.58],"timestamp":261529268248},{"currentFrameRate":22.9275,"devices":[],"gestures":[],"hands":[],"id":215819,"interactionBox":{"center":[0,200,0],"size":[235.247,235.247,147.751]},"pointables":[],"r":[[-0.0794966,-0.728761,-0.680138],[0.446709,0.583909,-0.677865],[0.891141,-0.357712,0.279125]],"s":-5.62558,"t":[894.675,787.691,741.58],"timestamp":261529341902},{"currentFrameRate":23.6352,"devices":[],"gestures":[],"hands":[],"id":215820,"interactionBox":{"center":[0,200,0],"size":[235.247,235.247,147.751]},"pointables":[],"r":[[-0.0794966,-0.728761,-0.680138],[0.446709,0.583909,-0.677865],[0.891141,-0.357712,0.279125]],"s":-5.62558,"t":[894.675,787.691,741.58],"timestamp":261529378762},{"currentFrameRate":24.223,"devices":[],"gestures":[],"hands":[],"id":215821,"interactionBox":{"center":[0,200,0],"size":[235.247,235.247,147.751]},"pointables":[],"r":[[-0.0794966,-0.728761,-0.680138],[0.446709,0.583909,-0.677865],[0.891141,-0.357712,0.279125]],"s":-5.62558,"t":[894.675,787.691,741.58],"timestamp":261529415627},{"currentFrameRate":24.6671,"devices":[],"gestures":[],"hands":[{"armBasis":[[0.224565,-0.952117,-0.207471],[0.898342,0.284771,-0.334496],[0.377561,-0.111264,0.919276]],"armWidth":60.8506,"confidence":0,"direction":[0.245846,0.341071,-0.90732],"elbow":[174.537,102.097,357.273],"grabAngle":2.52617,"grabStrength":0.982391,"id":362,"palmNormal":[-0.95165,-0.0929282,-0.29279],"palmPosition":[83.1569,159.746,54.471],"palmVelocity":[1.19209e-7,1.19209e-7,1.19209e-7],"palmWidth":86.8926,"pinchDistance":29.1345,"pinchStrength":0.627046,"r":[[1,5.55112e-18,-1.11022e-17],[-5.55112e-18,1,1.2326e-34],[1.11022e-17,-6.16298e-35,1]],"s":1,"sphereCenter":[42.666,155.038,23.9367],"sphereRadius":42.859,"stabilizedPalmPosition":[83.1569,159.746,54.471],"t":[0,0,0],"timeVisible":0,"type":"right","wrist":[77.1861,130.786,120.245]}],"id":215822,"interactionBox":{"center":[0,200,0],"size":[235.247,235.247,147.751]},"pointables":[{"bases":[[[0.973267,-0.226744,-0.0365856],[0.181421,0.661281,0.727869],[-0.140847,-0.715048,0.68474]],[[0.980093,-0.0608812,-0.188976],[0.181622,0.659413,0.729512],[0.0802,-0.749311,0.657344]],[[0.980093,-0.0608812,-0.188976],[0.14323,0.875955,0.460639],[0.13749,-0.478536,0.867237]],[[0.980093,-0.0608812,-0.188976],[0.0898502,0.984787,0.148731],[0.177047,-0.162749,0.970653]]],"btipPosition":[47.8565,214.064,27.1645],"carpPosition":[60.1133,159.125,108.431],"dipPosition":[51.8135,210.426,48.8583],"direction":[-0.13749,0.478536,-0.867237],"extended":true,"handId":362,"id":3620,"length":49.7695,"mcpPosition":[60.1133,159.125,108.431],"pipPosition":[56.2902,194.845,77.0958],"stabilizedTipPosition":[48.7666,213.227,32.1541],"timeVisible":0,"tipPosition":[48.7666,213.227,32.1541],"tipVelocity":[1.19209e-7,1.19209e-7,1.19209e-7],"tool":false,"touchDistance":1,"touchZone":"none","type":0,"width":19.3381},{"bases":[[[0.222841,-0.864887,-0.449792],[0.972486,0.165075,0.164384],[-0.0679243,-0.474048,0.877875]],[[0.211156,-0.922667,-0.322642],[0.703676,0.372595,-0.60499],[0.67842,-0.0992878,0.727934]],[[0.211156,-0.922667,-0.322642],[-0.225953,0.275068,-0.934496],[0.950977,0.270227,-0.150397]],[[0.211156,-0.922667,-0.322642],[-0.714971,0.0792817,-0.694644],[0.666505,0.377358,-0.64294]]],"btipPosition":[25.9269,182.125,24.7225],"carpPosition":[81.8141,157.141,102.303],"dipPosition":[36.8017,188.282,14.2322],"direction":[-0.950978,-0.270227,0.150397],"extended":false,"handId":362,"id":3621,"length":56.1593,"mcpPosition":[86.5862,190.446,40.6262],"pipPosition":[58.7522,194.52,10.7607],"stabilizedTipPosition":[28.4281,183.541,22.3098],"timeVisible":0,"tipPosition":[28.4281,183.541,22.3098],"tipVelocity":[1.19209e-7,1.19209e-7,1.19209e-7],"tool":false,"touchDistance":0.333333,"touchZone":"none","type":1,"width":18.4718},{"bases":[[[0.0425436,-0.936365,-0.348441],[0.994432,0.00603146,0.105209],[-0.0964121,-0.350977,0.931407]],[[0.036517,-0.956227,-0.290339],[0.73584,0.222309,-0.639623],[0.67617,-0.190286,0.711748]],[[0.036517,-0.956227,-0.290339],[-0.25817,0.271643,-0.927124],[0.965409,0.108813,-0.23695]],[[0.036517,-0.956227,-0.290339],[-0.782598,0.15331,-0.603355],[0.621456,0.249251,-0.742742]]],"btipPosition":[23.9559,172.331,21.7899],"carpPosition":[86.0253,147.615,96.8441],"dipPosition":[35.1084,176.804,8.46079],"direction":[-0.965409,-0.108813,0.23695],"extended":false,"handId":362,"id":3622,"length":63.9891,"mcpPosition":[92.4489,171,34.7879],"pipPosition":[61.3249,179.759,2.02622],"stabilizedTipPosition":[26.521,173.359,18.7242],"timeVisible":0,"tipPosition":[26.521,173.359,18.7242],"tipVelocity":[1.19209e-7,1.19209e-7,1.19209e-7],"tool":false,"touchDistance":0.333333,"touchZone":"none","type":2,"width":18.1417},{"bases":[[[-0.0471943,-0.97558,-0.214512],[0.99135,-0.0720744,0.109683],[-0.122465,-0.20748,0.970543]],[[-0.0490816,-0.978671,-0.199485],[0.758534,0.0934111,-0.644903],[0.649782,-0.182969,0.737771]],[[-0.0490816,-0.978671,-0.199485],[-0.226187,0.205428,-0.952176],[0.972847,-0.00161332,-0.231445]],[[-0.0490816,-0.978671,-0.199485],[-0.780407,0.162225,-0.603861],[0.623342,0.126041,-0.771724]]],"btipPosition":[30.1954,154.976,22.4933],"carpPosition":[87.4526,136.964,92.137],"dipPosition":[41.3175,157.225,8.72372],"direction":[-0.972847,0.00161332,0.231445],"extended":false,"handId":362,"id":3623,"length":61.5272,"mcpPosition":[94.7784,149.376,34.0799],"pipPosition":[67.0537,157.182,2.60095],"stabilizedTipPosition":[32.7535,155.493,19.3263],"timeVisible":0,"tipPosition":[32.7535,155.493,19.3263],"tipVelocity":[1.19209e-7,1.19209e-7,1.19209e-7],"tool":false,"touchDistance":0.333333,"touchZone":"none","type":3,"width":17.263},{"bases":[[[-0.224198,-0.967628,-0.115895],[0.957201,-0.240981,0.160295],[-0.183034,-0.0749972,0.980242]],[[-0.226728,-0.96858,-0.102215],[0.763352,-0.111541,-0.636281],[0.604887,-0.222289,0.764656]],[[-0.226728,-0.96858,-0.102215],[-0.0863098,0.124516,-0.988457],[0.970126,-0.215289,-0.111829]],[[-0.226728,-0.96858,-0.102215],[-0.62496,0.225174,-0.747477],[0.747007,-0.105594,-0.656377]]],"btipPosition":[41.4948,142.341,21.4431],"carpPosition":[82.2009,124.923,88.65],"dipPosition":[53.791,140.603,10.6387],"direction":[-0.970126,0.215289,0.111829],"extended":false,"handId":362,"id":3624,"length":48.2362,"mcpPosition":[92.3362,129.076,34.3701],"pipPosition":[71.911,136.582,8.54999],"stabilizedTipPosition":[44.3229,141.942,18.9581],"timeVisible":0,"tipPosition":[44.3229,141.942,18.9581],"tipVelocity":[1.19209e-7,1.19209e-7,1.19209e-7],"tool":false,"touchDistance":0.333333,"touchZone":"none","type":4,"width":15.3344}],"r":[[1,5.55112e-18,-1.11022e-17],[-5.55112e-18,1,1.2326e-34],[1.11022e-17,-6.16298e-35,1]],"s":1,"t":[0,0,0],"timestamp":261529452892},{"currentFrameRate":25.1088,"devices":[],"gestures":[],"hands":[{"armBasis":[[0.163208,-0.954441,-0.249812],[0.91517,0.241047,-0.323049],[0.368547,-0.175896,0.912816]],"armWidth":61.649,"confidence":0.190567,"direction":[0.272496,0.303198,-0.913136],"elbow":[167.786,97.0282,343.93],"grabAngle":2.02245,"grabStrength":0.603814,"id":362,"palmNormal":[-0.949541,-0.0684412,-0.306085],"palmPosition":[80.7154,169.882,42.2502],"palmVelocity":[-66.6684,276.749,-333.701],"palmWidth":86.8926,"pinchDistance":43.0497,"pinchStrength":0.252505,"r":[[0.999969,-0.00707749,0.00344167],[0.00709883,0.999955,-0.00622867],[-0.00339743,0.00625291,0.999975]],"s":1.05807,"sphereCenter":[35.5156,170.59,10.4641],"sphereRadius":49.779,"stabilizedPalmPosition":[82.6587,161.815,51.9771],"t":[-1.22077,5.06755,-6.11039],"timeVisible":0.036622,"type":"right","wrist":[72.7592,142.381,108.568]}],"id":215823,"interactionBox":{"center":[0,200,0],"size":[235.247,235.247,147.751]},"pointables":[{"bases":[[[0.96496,-0.262086,-0.0127562],[0.193317,0.67721,0.70994],[-0.177427,-0.68753,0.704147]],[[0.981033,-0.122932,-0.149872],[0.193769,0.601151,0.775288],[-0.00521182,-0.789624,0.613569]],[[0.981033,-0.122932,-0.149872],[0.183888,0.834776,0.518974],[0.061311,-0.536691,0.841549]],[[0.981033,-0.122932,-0.149872],[0.167088,0.928241,0.332341],[0.098262,-0.351079,0.931176]]],"btipPosition":[52.929,234.306,19.1851],"carpPosition":[56.7994,171.789,95.7991],"dipPosition":[55.0866,226.598,39.6309],"direction":[-0.061311,0.536691,-0.841549],"extended":true,"handId":362,"id":3620,"length":48.8949,"mcpPosition":[56.7994,171.789,95.7991],"pipPosition":[57.0478,209.43,66.5504],"stabilizedTipPosition":[52.8522,230.158,24.9045],"timeVisible":0.036622,"tipPosition":[51.0646,228.238,20.8363],"tipVelocity":[127.209,527.177,-225.725],"tool":false,"touchDistance":1,"touchZone":"none","type":0,"width":19.7032},{"bases":[[[-0.256904,-0.962279,-0.0895509],[0.945229,-0.269491,0.184166],[-0.201352,-0.037333,0.978807]],[[-0.256014,-0.962105,-0.0938663],[0.87232,-0.188091,-0.451308],[0.41655,-0.197423,0.887418]],[[-0.256014,-0.962105,-0.0938663],[0.343252,0.000297354,-0.939243],[0.903679,-0.272679,0.330168]],[[-0.256014,-0.962105,-0.0938663],[-0.101037,0.123203,-0.987225],[0.961378,-0.243259,-0.12875]]],"btipPosition":[43.1621,153.77,-10.1403],"carpPosition":[77.96,136.216,77.4754],"dipPosition":[58.7089,149.836,-12.2224],"direction":[-0.903679,0.272679,-0.330168],"extended":false,"handId":362,"id":3624,"length":47.3885,"mcpPosition":[89.1096,138.283,23.2749],"pipPosition":[75.2912,144.832,-6.16387],"stabilizedTipPosition":[45.2267,146.03,7.88942],"timeVisible":0.036622,"tipPosition":[45.0003,152.68,-4.4899],"tipVelocity":[65.9413,298.277,-807.638],"tool":false,"touchDistance":-0.209622,"touchZone":"touching","type":4,"width":15.6239},{"bases":[[[0.198848,-0.886066,-0.418744],[0.975016,0.135695,0.175873],[-0.0990138,-0.443254,0.890911]],[[0.181038,-0.944201,-0.275153],[0.852838,0.290055,-0.434207],[0.489788,-0.156053,0.857762]],[[0.181038,-0.944201,-0.275153],[0.274586,0.317178,-0.907745],[0.944366,0.0887836,0.316686]],[[0.181038,-0.944201,-0.275153],[-0.229308,0.23154,-0.945414],[0.95637,0.234251,-0.174595]]],"btipPosition":[28.9803,200.508,-11.4389],"carpPosition":[78.5107,168.844,90.1098],"dipPosition":[44.3105,204.263,-14.2375],"direction":[-0.944366,-0.0887836,-0.316686],"extended":false,"handId":362,"id":3621,"length":55.1725,"mcpPosition":[85.467,199.986,27.5174],"pipPosition":[65.7253,206.276,-7.05625],"stabilizedTipPosition":[30.2495,191.505,6.94916],"timeVisible":0.036622,"tipPosition":[31.0335,199.408,-6.16645],"tipVelocity":[111.358,486.864,-939.116],"tool":false,"touchDistance":-0.289872,"touchZone":"touching","type":1,"width":18.8205},{"bases":[[[0.0144937,-0.947868,-0.318334],[0.992186,-0.0258231,0.122065],[-0.123922,-0.317616,0.940087]],[[0.00457614,-0.970157,-0.242436],[0.871892,0.122589,-0.474107],[0.489677,-0.209208,0.846432]],[[0.00457614,-0.970157,-0.242436],[0.170383,0.23965,-0.955792],[0.985367,-0.0369332,0.166395]],[[0.00457614,-0.970157,-0.242436],[-0.525095,0.203994,-0.826234],[0.851032,0.131083,-0.50849]]],"btipPosition":[27.2848,188.304,-11.3618],"carpPosition":[82.4644,159.007,85.0236],"dipPosition":[42.2889,190.615,-20.3267],"direction":[-0.985367,0.0369332,-0.166395],"extended":false,"handId":362,"id":3622,"length":62.8646,"mcpPosition":[90.7209,180.169,22.3891],"pipPosition":[68.5772,189.629,-15.8875],"stabilizedTipPosition":[28.3344,180.018,4.89252],"timeVisible":0.036622,"tipPosition":[28.9451,187.387,-7.43691],"tipVelocity":[115.09,422.581,-877.83],"tool":false,"touchDistance":-0.252465,"touchZone":"touching","type":2,"width":18.4842},{"bases":[[[-0.0787371,-0.979615,-0.184813],[0.98623,-0.10359,0.128915],[-0.145432,-0.172117,0.974282]],[[-0.0797992,-0.980848,-0.177678],[0.874553,0.0166407,-0.484644],[0.478319,-0.194063,0.856476]],[[-0.0797992,-0.980848,-0.177678],[0.23,0.155319,-0.960716],[0.969913,-0.11753,0.2132]],[[-0.0797992,-0.980848,-0.177678],[-0.295159,0.193504,-0.935648],[0.95211,-0.0222207,-0.304947]]],"btipPosition":[30.336,170.043,-13.7023],"carpPosition":[83.5838,148.168,80.6757],"dipPosition":[47.0256,169.653,-19.0477],"direction":[-0.969913,0.11753,-0.2132],"extended":false,"handId":362,"id":3623,"length":60.446,"mcpPosition":[92.2834,158.464,22.3949],"pipPosition":[72.2333,166.599,-13.5067],"stabilizedTipPosition":[33.3142,161.199,5.80901],"timeVisible":0.036622,"tipPosition":[33.1764,168.885,-8.69153],"tipVelocity":[38.8046,394.843,-935.45],"tool":false,"touchDistance":-0.287634,"touchZone":"touching","type":3,"width":17.5889}],"r":[[0.999969,-0.00707749,0.00344167],[0.00709883,0.999955,-0.00622867],[-0.00339743,0.00625291,0.999975]],"s":1.05807,"t":[-1.22077,5.06755,-6.11039],"timestamp":261529489514},{"currentFrameRate":25.9414,"devices":[],"gestures":[],"hands":[{"armBasis":[[0.213657,-0.921328,-0.324816],[0.904628,0.312107,-0.290236],[0.36878,-0.231827,0.900143]],"armWidth":61.649,"confidence":0.349509,"direction":[0.246074,0.348894,-0.904279],"elbow":[164.694,95.9427,332.872],"grabAngle":1.57582,"grabStrength":0.341938,"id":362,"palmNormal":[-0.942786,-0.130368,-0.306852],"palmPosition":[75.4379,186.233,35.4463],"palmVelocity":[-161.678,500.935,-208.441],"palmWidth":86.8926,"pinchDistance":49.6686,"pinchStrength":0,"r":[[0.99998,0.00220968,0.00596138],[-0.0021775,0.999983,-0.00539848],[-0.00597321,0.00538539,0.999968]],"s":1.16405,"sphereCenter":[16.5139,187.846,0.921002],"sphereRadius":66.2739,"stabilizedPalmPosition":[77.1716,180.37,39.4152],"t":[-4.4699,15.7771,-12.5676],"timeVisible":0.069264,"type":"right","wrist":[69.6077,155.717,100.778]}],"id":215824,"interactionBox":{"center":[0,200,0],"size":[235.247,235.247,147.751]},"pointables":[{"bases":[[[0.981789,-0.18876,-0.0214501],[0.144557,0.669031,0.729041],[-0.123263,-0.718866,0.684133]],[[0.989285,-0.0824907,-0.120458],[0.145963,0.54134,0.828038],[-0.00309652,-0.836748,0.54758]],[[0.989285,-0.0824907,-0.120458],[0.139925,0.771177,0.621053],[0.0416636,-0.631254,0.774456]],[[0.989285,-0.0824907,-0.120458],[0.129163,0.879136,0.458735],[0.0680578,-0.469378,0.88037]]],"btipPosition":[48.944,255.19,18.8487],"carpPosition":[51.6234,184.804,89.0553],"dipPosition":[50.4383,244.884,38.1789],"direction":[-0.0416636,0.631254,-0.774457],"extended":true,"handId":362,"id":3620,"length":48.8949,"mcpPosition":[51.6234,184.804,89.0553],"pipPosition":[51.7711,224.692,62.9523],"stabilizedTipPosition":[49.4297,251.917,23.3588],"timeVisible":0.069264,"tipPosition":[44.8138,247.108,19.0018],"tipVelocity":[-126.757,621.493,-18.1661],"tool":false,"touchDistance":1,"touchZone":"none","type":0,"width":19.7032},{"bases":[[[-0.00597966,-0.977028,-0.213028],[0.991633,-0.0332646,0.124729],[-0.12895,-0.2105,0.969052]],[[-0.00755316,-0.979524,-0.201184],[0.966899,0.0441601,-0.251308],[0.255046,-0.196423,0.946768]],[[-0.00755316,-0.979524,-0.201184],[0.616674,0.153815,-0.772045],[0.787182,-0.129896,0.602886]],[[-0.00755316,-0.979524,-0.201184],[0.182096,0.196479,-0.963451],[0.983252,-0.0439119,0.176883]]],"btipPosition":[39.3754,188.668,-43.2006],"carpPosition":[80.0467,163.697,73.2232],"dipPosition":[56.6109,187.898,-40.1],"direction":[-0.787182,0.129896,-0.602886],"extended":false,"handId":362,"id":3623,"length":60.446,"mcpPosition":[87.7604,176.289,15.2552],"pipPosition":[77.0695,184.522,-24.4312],"stabilizedTipPosition":[36.2122,169.088,-8.15174],"timeVisible":0.069264,"tipPosition":[39.4542,187.145,-35.6664],"tipVelocity":[280.771,567.912,-844.181],"tool":false,"touchDistance":-0.70054,"touchZone":"touching","type":3,"width":17.5889},{"bases":[[[-0.184628,-0.975807,-0.1171],[0.963317,-0.203289,0.175198],[-0.194764,-0.080458,0.977545]],[[-0.19073,-0.977873,-0.0859434],[0.964569,-0.170435,-0.201393],[0.182289,-0.12131,0.975733]],[[-0.19073,-0.977873,-0.0859434],[0.689567,-0.0711546,-0.720718],[0.698656,-0.196726,0.68788]],[[-0.19073,-0.977873,-0.0859434],[0.345797,0.0150093,-0.938189],[0.91872,-0.20866,0.335283]]],"btipPosition":[52.381,166.919,-34.8591],"carpPosition":[75.3205,151.455,69.6844],"dipPosition":[67.238,163.544,-29.4372],"direction":[-0.698656,0.196726,-0.68788],"extended":false,"handId":362,"id":3624,"length":47.3885,"mcpPosition":[86.1054,155.91,15.5538],"pipPosition":[80.0582,159.935,-16.8147],"stabilizedTipPosition":[47.9683,151.246,-2.87359],"timeVisible":0.069264,"tipPosition":[51.0866,166.657,-26.6679],"tipVelocity":[277.566,406.762,-704.396],"tool":false,"touchDistance":-0.561886,"touchZone":"touching","type":4,"width":15.6239},{"bases":[[[0.26307,-0.856295,-0.444468],[0.962738,0.20306,0.178614],[-0.0626923,-0.474894,0.877807]],[[0.255313,-0.900228,-0.352712],[0.919006,0.339297,-0.20076],[0.300404,-0.272888,0.913942]],[[0.255313,-0.900228,-0.352712],[0.58123,0.434431,-0.688071],[0.772649,-0.029333,0.634155]],[[0.255313,-0.900228,-0.352712],[0.0653018,0.380024,-0.922668],[0.964651,0.212537,0.155812]]],"btipPosition":[32.7876,225.278,-32.1296],"carpPosition":[73.4751,183.656,83.2582],"dipPosition":[48.2504,228.685,-29.632],"direction":[-0.772649,0.029333,-0.634155],"extended":false,"handId":362,"id":3621,"length":55.1725,"mcpPosition":[77.8796,217.02,21.5864],"pipPosition":[65.7713,228.019,-15.2516],"stabilizedTipPosition":[33.2564,208.554,-12.0477],"timeVisible":0.069264,"tipPosition":[32.2923,222.041,-25.3837],"tipVelocity":[117.571,756.389,-596.549],"tool":false,"touchDistance":-0.581306,"touchZone":"touching","type":1,"width":18.8205},{"bases":[[[0.0841782,-0.934569,-0.34568],[0.991743,0.0448946,0.120128],[-0.0967491,-0.352938,0.930631]],[[0.0786127,-0.952913,-0.292878],[0.957106,0.154326,-0.245218],[0.27887,-0.261038,0.92417]],[[0.0786127,-0.952913,-0.292878],[0.583767,0.282151,-0.761319],[0.808106,-0.111123,0.57846]],[[0.0786127,-0.952913,-0.292878],[-0.113252,0.283348,-0.952307],[0.990451,0.108032,-0.0856441]]],"btipPosition":[32.9495,210.672,-39.8344],"carpPosition":[78.1355,174.292,77.8846],"dipPosition":[50.4115,212.576,-41.3444],"direction":[-0.808106,0.111123,-0.57846],"extended":false,"handId":362,"id":3622,"length":62.8646,"mcpPosition":[84.5815,197.807,15.8801],"pipPosition":[71.9707,209.612,-25.9118],"stabilizedTipPosition":[31.367,190.942,-10.9444],"timeVisible":0.069264,"tipPosition":[33.2675,208.615,-33.4733],"tipVelocity":[190.858,682.383,-819.742],"tool":false,"touchDistance":-0.656922,"touchZone":"touching","type":2,"width":18.4842}],"r":[[0.99998,0.00220968,0.00596138],[-0.0021775,0.999983,-0.00539848],[-0.00597321,0.00538539,0.999968]],"s":1.16405,"t":[-4.4699,15.7771,-12.5676],"timestamp":261529522156},{"currentFrameRate":28.3291,"devices":[],"gestures":[],"hands":[{"armBasis":[[0.156912,-0.92368,-0.349564],[0.922281,0.263642,-0.28265],[0.353238,-0.278045,0.89326]],"armWidth":61.649,"confidence":0.43526,"direction":[0.280971,0.339394,-0.897701],"elbow":[156.699,91.3512,324.049],"grabAngle":1.29861,"grabStrength":0.207727,"id":362,"palmNormal":[-0.943381,-0.0741748,-0.323312],"palmPosition":[74.1474,193.783,28.7945],"palmVelocity":[-66.9895,391.915,-345.296],"palmWidth":86.8926,"pinchDistance":51.7454,"pinchStrength":0.0536215,"r":[[0.999934,-0.0018695,0.0113036],[0.00190816,0.999992,-0.00341008],[-0.0112971,0.00343142,0.99993]],"s":1.2413,"sphereCenter":[6.8272,193.119,-9.57818],"sphereRadius":75.8635,"stabilizedPalmPosition":[75.5812,187.424,33.8301],"t":[-6.73971,24.9068,-19.122],"timeVisible":0.088528,"type":"right","wrist":[65.6199,163.043,93.729]}],"id":215825,"interactionBox":{"center":[0,200,0],"size":[235.247,235.247,147.751]},"pointables":[{"bases":[[[0.969561,-0.244763,-0.00644442],[0.170342,0.655386,0.735835],[-0.175882,-0.714535,0.67713]],[[0.985108,-0.130959,-0.111406],[0.166363,0.562416,0.809946],[-0.0434134,-0.816418,0.575827]],[[0.985108,-0.130959,-0.111406],[0.170922,0.816145,0.551991],[0.018635,-0.562812,0.826375]],[[0.985108,-0.130959,-0.111406],[0.163724,0.912343,0.375265],[0.0524959,-0.387917,0.920198]]],"btipPosition":[49.7064,258.855,7.90208],"carpPosition":[49.3856,193.415,81.9905],"dipPosition":[50.859,250.337,28.1068],"direction":[-0.018635,0.562812,-0.826375],"extended":true,"handId":362,"id":3620,"length":48.8949,"mcpPosition":[49.3856,193.415,81.9905],"pipPosition":[51.4551,232.334,54.541],"stabilizedTipPosition":[49.739,254.759,17.1874],"timeVisible":0.088528,"tipPosition":[48.2228,256.573,12.3534],"tipVelocity":[35.496,211.566,-557.8],"tool":false,"touchDistance":1,"touchZone":"none","type":0,"width":19.7032},{"bases":[[[-0.0584271,-0.97382,-0.219685],[0.985835,-0.0909391,0.140924],[-0.157213,-0.208339,0.965339]],[[-0.0567605,-0.971561,-0.229886],[0.983918,-0.0153756,-0.177955],[0.16936,-0.23629,0.956809]],[[-0.0567605,-0.971561,-0.229886],[0.740955,0.113333,-0.661922],[0.669151,-0.207906,0.71345]],[[-0.0567605,-0.971561,-0.229886],[0.406772,0.187775,-0.894023],[0.911765,-0.144256,0.384545]]],"btipPosition":[45.7466,201.101,-56.6466],"carpPosition":[76.8149,170.801,66.4897],"dipPosition":[61.729,198.572,-49.9058],"direction":[-0.669151,0.207906,-0.71345],"extended":true,"handId":362,"id":3623,"length":60.446,"mcpPosition":[86.2192,183.264,8.74386],"pipPosition":[79.12,193.168,-31.3635],"stabilizedTipPosition":[38.9591,175.624,-17.9132],"timeVisible":0.088528,"tipPosition":[43.3133,198.462,-47.5966],"tipVelocity":[315.772,624.366,-654.522],"tool":false,"touchDistance":-0.84795,"touchZone":"touching","type":3,"width":17.5889},{"bases":[[[-0.23831,-0.962886,-0.126725],[0.946958,-0.259343,0.189768],[-0.21559,-0.0747802,0.973616]],[[-0.241723,-0.963957,-0.111159],[0.965199,-0.227076,-0.129717],[0.0998002,-0.138646,0.985301]],[[-0.241723,-0.963957,-0.111159],[0.781454,-0.125476,-0.611217],[0.575239,-0.234611,0.783618]],[[-0.241723,-0.963957,-0.111159],[0.510526,-0.0289212,-0.859376],[0.825187,-0.26448,0.499116]]],"btipPosition":[56.182,176.194,-46.2591],"carpPosition":[71.4546,158.872,62.7906],"dipPosition":[69.5264,171.917,-38.1877],"direction":[-0.575239,0.234611,-0.783618],"extended":true,"handId":362,"id":3624,"length":47.3885,"mcpPosition":[83.3926,163.013,8.87749],"pipPosition":[80.0819,167.612,-23.8084],"stabilizedTipPosition":[49.8755,155.297,-9.89371],"timeVisible":0.088528,"tipPosition":[52.6465,175.76,-37.0496],"tipVelocity":[179.25,470.703,-560.141],"tool":false,"touchDistance":-0.695889,"touchZone":"touching","type":4,"width":15.6239},{"bases":[[[0.220989,-0.867418,-0.445813],[0.96964,0.146341,0.195915],[-0.1047,-0.475573,0.873423]],[[0.209623,-0.909979,-0.357766],[0.951327,0.274346,-0.140398],[0.225911,-0.310921,0.923197]],[[0.209623,-0.909979,-0.357766],[0.710221,0.393188,-0.583943],[0.672045,-0.131685,0.728708]],[[0.209623,-0.909979,-0.357766],[0.419208,0.414201,-0.8079],[0.883359,0.0193761,0.468296]]],"btipPosition":[40.0812,239.666,-46.057],"carpPosition":[71.2303,191.046,76.5488],"dipPosition":[54.2409,239.977,-38.5505],"direction":[-0.672045,0.131685,-0.728708],"extended":true,"handId":362,"id":3621,"length":55.1725,"mcpPosition":[78.5862,224.458,15.185],"pipPosition":[69.4805,236.991,-22.026],"stabilizedTipPosition":[36.7641,219.404,-23.28],"timeVisible":0.088528,"tipPosition":[37.6954,235.202,-37.0535],"tipVelocity":[363.054,709.942,-663.176],"tool":false,"touchDistance":-0.74314,"touchZone":"touching","type":1,"width":18.8205},{"bases":[[[0.0362525,-0.935848,-0.350535],[0.990508,-0.0128902,0.136853],[-0.132592,-0.352168,0.926497]],[[0.0298682,-0.951623,-0.305812],[0.981445,0.0858939,-0.171427],[0.189402,-0.295018,0.936532]],[[0.0298682,-0.951623,-0.305812],[0.712474,0.234854,-0.66123],[0.701063,-0.198133,0.685021]],[[0.0298682,-0.951623,-0.305812],[0.30919,0.29974,-0.902529],[0.950531,-0.067597,0.303185]]],"btipPosition":[40.2436,224.744,-56.5105],"carpPosition":[75.4361,181.462,71.1901],"dipPosition":[57.0019,223.552,-51.1652],"direction":[-0.701063,0.198133,-0.685021],"extended":true,"handId":362,"id":3622,"length":62.8646,"mcpPosition":[84.2702,204.925,9.46111],"pipPosition":[75.7053,218.266,-32.8898],"stabilizedTipPosition":[34.3494,198.796,-21.3306],"timeVisible":0.088528,"tipPosition":[38.764,221.401,-47.1531],"tipVelocity":[370.239,693.531,-783.814],"tool":false,"touchDistance":-0.846054,"touchZone":"touching","type":2,"width":18.4842}],"r":[[0.999934,-0.0018695,0.0113036],[0.00190816,0.999992,-0.00341008],[-0.0112971,0.00343142,0.99993]],"s":1.2413,"t":[-6.73971,24.9068,-19.122],"timestamp":261529541420},{"currentFrameRate":30.4856,"devices":[],"gestures":[],"hands":[{"armBasis":[[0.164876,-0.899341,-0.404972],[0.927005,0.281529,-0.247795],[0.336863,-0.334556,0.880111]],"armWidth":61.649,"confidence":0.514086,"direction":[0.281441,0.354427,-0.891725],"elbow":[150.867,82.6681,315.06],"grabAngle":1.14669,"grabStrength":0.0999982,"id":362,"palmNormal":[-0.938365,-0.0926669,-0.332993],"palmPosition":[72.5901,201.071,23.7863],"palmVelocity":[-80.5108,376.791,-258.913],"palmWidth":86.8926,"pinchDistance":55.1528,"pinchStrength":0.014202,"r":[[0.999847,-0.000574154,0.017477],[0.000572582,1,0.0000949172],[-0.017477,-0.0000848956,0.999847]],"s":1.30817,"sphereCenter":[-3.27575,197.946,-17.3981],"sphereRadius":85.438,"stabilizedPalmPosition":[73.9564,194.837,28.3742],"t":[-8.65328,33.1158,-24.9033],"timeVisible":0.107871,"type":"right","wrist":[64.0096,168.93,88.1305]}],"id":215826,"interactionBox":{"center":[0,200,0],"size":[235.247,235.247,147.751]},"pointables":[{"bases":[[[0.97496,-0.222379,0.000498374],[0.148327,0.651967,0.743598],[-0.165686,-0.724904,0.668627]],[[0.988876,-0.106208,-0.104133],[0.146102,0.562287,0.813933],[-0.0278933,-0.820093,0.571549]],[[0.988876,-0.106208,-0.104133],[0.14681,0.809381,0.568638],[0.0238897,-0.5776,0.81597]],[[0.988876,-0.106208,-0.104133],[0.139153,0.907881,0.39546],[0.0525397,-0.405551,0.912561]]],"btipPosition":[46.76,266.095,3.35359],"carpPosition":[47.3481,199.621,76.7376],"dipPosition":[47.9136,257.191,23.3907],"direction":[-0.0238897,0.5776,-0.81597],"extended":true,"handId":362,"id":3620,"length":48.8949,"mcpPosition":[47.3481,199.621,76.7376],"pipPosition":[48.6778,238.714,49.492],"stabilizedTipPosition":[48.1102,260.334,11.6502],"timeVisible":0.107871,"tipPosition":[45.413,263.419,7.69873],"tipVelocity":[-152.311,369.725,-237.143],"tool":false,"touchDistance":1,"touchZone":"none","type":0,"width":19.7032},{"bases":[[[0.245061,-0.857763,-0.451872],[0.964142,0.166646,0.206542],[-0.101861,-0.486284,0.867843]],[[0.236355,-0.893127,-0.382701],[0.956324,0.283535,-0.0710744],[0.171988,-0.349188,0.921134]],[[0.236355,-0.893127,-0.382701],[0.780564,0.409083,-0.472621],[0.578668,-0.187016,0.793832]],[[0.236355,-0.893127,-0.382701],[0.542656,0.448045,-0.710479],[0.806015,-0.0397495,0.590558]]],"btipPosition":[43.4735,250.923,-54.0847],"carpPosition":[69.2915,197.806,71.4826],"dipPosition":[56.3935,250.286,-44.6183],"direction":[-0.578668,0.187016,-0.793832],"extended":true,"handId":362,"id":3621,"length":55.1725,"mcpPosition":[76.4479,231.971,10.5108],"pipPosition":[69.5156,246.045,-26.6171],"stabilizedTipPosition":[40.6614,232.034,-34.8047],"timeVisible":0.107871,"tipPosition":[39.385,245.135,-45.3385],"tipVelocity":[160.638,570.709,-391.713],"tool":false,"touchDistance":-0.810813,"touchZone":"touching","type":1,"width":18.8205},{"bases":[[[0.0610686,-0.931332,-0.359014],[0.989222,0.00851544,0.146177],[-0.133082,-0.364071,0.921814]],[[0.0564932,-0.94321,-0.327359],[0.98883,0.0981551,-0.112166],[0.137928,-0.317366,0.938219]],[[0.0564932,-0.94321,-0.327359],[0.791882,0.24202,-0.560669],[0.608056,-0.227556,0.760583]],[[0.0564932,-0.94321,-0.327359],[0.507262,0.309526,-0.804288],[0.859938,-0.12062,0.49594]]],"btipPosition":[45.0131,235.179,-66.8054],"carpPosition":[73.7667,188.373,66.0738],"dipPosition":[60.1741,233.052,-58.0617],"direction":[-0.608056,0.227556,-0.760583],"extended":true,"handId":362,"id":3622,"length":62.8646,"mcpPosition":[82.6335,212.629,4.65682],"pipPosition":[76.3962,226.981,-37.7704],"stabilizedTipPosition":[38.1092,208.333,-32.8789],"timeVisible":0.107871,"tipPosition":[41.4736,230.875,-56.9196],"tipVelocity":[227.58,528.337,-491.817],"tool":false,"touchDistance":-0.93248,"touchZone":"touching","type":2,"width":18.4842},{"bases":[[[-0.0339278,-0.972731,-0.22944],[0.98631,-0.0696559,0.149465],[-0.161371,-0.221228,0.961778]],[[-0.0307224,-0.968155,-0.248459],[0.992371,0.000147762,-0.123284],[0.119395,-0.250351,0.960765]],[[-0.0307224,-0.968155,-0.248459],[0.804806,0.12345,-0.580558],[0.592742,-0.217798,0.775384]],[[-0.0307224,-0.968155,-0.248459],[0.527336,0.195466,-0.826867],[0.849101,-0.156425,0.504538]]],"btipPosition":[49.7936,209.923,-65.516],"carpPosition":[75.4345,177.793,61.2861],"dipPosition":[64.6776,207.181,-56.6719],"direction":[-0.592742,0.217798,-0.775384],"extended":true,"handId":362,"id":3623,"length":60.446,"mcpPosition":[85.0875,191.026,3.75323],"pipPosition":[80.0828,201.521,-36.5199],"stabilizedTipPosition":[42.3755,183.691,-28.8323],"timeVisible":0.107871,"tipPosition":[45.6097,206.83,-56.0239],"tipVelocity":[196.163,453.569,-433.525],"tool":false,"touchDistance":-0.917274,"touchZone":"touching","type":3,"width":17.5889},{"bases":[[[-0.214874,-0.966828,-0.138103],[0.950869,-0.239373,0.196339],[-0.222884,-0.0891297,0.970762]],[[-0.218022,-0.967998,-0.124285],[0.974902,-0.210133,-0.0735566],[0.0450863,-0.137203,0.989516]],[[-0.218022,-0.967998,-0.124285],[0.833584,-0.118474,-0.539538],[0.507547,-0.221233,0.832738]],[[-0.218022,-0.967998,-0.124285],[0.602517,-0.0333219,-0.79741],[0.76775,-0.248737,0.5905]]],"btipPosition":[59.5024,183.349,-53.9873],"carpPosition":[70.3851,165.78,57.4232],"dipPosition":[71.918,179.326,-44.4382],"direction":[-0.507547,0.221233,-0.832738],"extended":true,"handId":362,"id":3624,"length":47.3885,"mcpPosition":[82.7271,170.715,3.66819],"pipPosition":[81.2314,175.267,-29.1576],"stabilizedTipPosition":[52.3306,160.632,-18.1341],"timeVisible":0.107871,"tipPosition":[54.4486,183.022,-44.5537],"tipVelocity":[160.617,372.92,-381.967],"tool":false,"touchDistance":-0.765459,"touchZone":"touching","type":4,"width":15.6239}],"r":[[0.999847,-0.000574154,0.017477],[0.000572582,1,0.0000949172],[-0.017477,-0.0000848956,0.999847]],"s":1.30817,"t":[-8.65328,33.1158,-24.9033],"timestamp":261529560763},{"currentFrameRate":32.4656,"devices":[],"gestures":[],"hands":[{"armBasis":[[0.157831,-0.883115,-0.441812],[0.930575,0.282693,-0.232625],[0.330331,-0.374424,0.866423]],"armWidth":61.649,"confidence":0.584559,"direction":[0.307013,0.360059,-0.880965],"elbow":[146.333,78.3992,306.675],"grabAngle":1.03812,"grabStrength":0.0193617,"id":362,"palmNormal":[-0.929329,-0.0861268,-0.359069],"palmPosition":[71.4111,207.908,19.593],"palmVelocity":[-61.4368,356.27,-218.515],"palmWidth":86.8926,"pinchDistance":56.3479,"pinchStrength":0,"r":[[0.999612,-0.000430983,0.027849],[0.000307107,0.99999,0.00445228],[-0.0278506,-0.004442,0.999602]],"s":1.36225,"sphereCenter":[-10.9021,205.114,-25.5938],"sphereRadius":93.5613,"stabilizedPalmPosition":[72.503,202.301,23.3601],"t":[-10.1995,40.6387,-29.8907],"timeVisible":0.127061,"type":"right","wrist":[61.1601,174.941,83.2752]}],"id":215827,"interactionBox":{"center":[0,200,0],"size":[235.247,235.247,147.751]},"pointables":[{"bases":[[[0.973681,-0.226512,0.0252486],[0.13068,0.645608,0.752405],[-0.186729,-0.729303,0.658217]],[[0.990717,-0.113706,-0.074504],[0.125313,0.551449,0.824743],[-0.0526933,-0.826423,0.560579]],[[0.990717,-0.113706,-0.074504],[0.135812,0.804019,0.578886],[-0.00592031,-0.58363,0.811998]],[[0.990717,-0.113706,-0.074504],[0.134036,0.908488,0.395832],[0.0226775,-0.402144,0.915296]]],"btipPosition":[46.9362,273.053,-0.967771],"carpPosition":[44.7329,206.158,71.8262],"dipPosition":[47.4342,264.223,19.1293],"direction":[0.00592031,0.58363,-0.811998],"extended":true,"handId":362,"id":3620,"length":48.8949,"mcpPosition":[44.7329,206.158,71.8262],"pipPosition":[47.2448,245.554,45.1036],"stabilizedTipPosition":[47.4615,266.878,6.75475],"timeVisible":0.127061,"tipPosition":[45.0054,270.51,3.27245],"tipVelocity":[1.32569,363.46,-224.469],"tool":false,"touchDistance":0.981787,"touchZone":"hovering","type":0,"width":19.7032},{"bases":[[[0.253796,-0.855303,-0.451712],[0.958833,0.160964,0.233944],[-0.127384,-0.492491,0.860945]],[[0.243999,-0.888445,-0.388753],[0.965045,0.261991,0.00696019],[0.095666,-0.376863,0.921316]],[[0.243999,-0.888445,-0.388753],[0.846165,0.390888,-0.362232],[0.473782,-0.240565,0.847147]],[[0.243999,-0.888445,-0.388753],[0.65663,0.446353,-0.607953],[0.713654,-0.106927,0.692289]]],"btipPosition":[49.7139,261.251,-60.7744],"carpPosition":[66.8035,204.291,67.1552],"dipPosition":[61.1534,259.537,-49.6774],"direction":[-0.473782,0.240565,-0.847147],"extended":true,"handId":362,"id":3621,"length":55.1725,"mcpPosition":[75.7531,238.892,6.66811],"pipPosition":[71.8971,254.082,-30.4671],"stabilizedTipPosition":[46.2074,245.716,-45.9206],"timeVisible":0.127061,"tipPosition":[43.8332,255.063,-52.4679],"tipVelocity":[307.446,525.276,-329.06],"tool":false,"touchDistance":-0.852785,"touchZone":"touching","type":1,"width":18.8205},{"bases":[[[0.0670518,-0.928801,-0.364461],[0.984907,0.00319591,0.173054],[-0.159568,-0.370564,0.914997]],[[0.0627298,-0.938445,-0.339685],[0.99532,0.0838917,-0.0479607],[0.0735053,-0.335087,0.939316]],[[0.0627298,-0.938445,-0.339685],[0.848904,0.229146,-0.476292],[0.524811,-0.258482,0.811024]],[[0.0627298,-0.938445,-0.339685],[0.645738,0.297678,-0.703143],[0.760978,-0.17524,0.624663]]],"btipPosition":[51.2759,244.708,-74.293],"carpPosition":[71.3861,194.881,61.7968],"dipPosition":[64.6923,241.619,-63.2799],"direction":[-0.524811,0.258482,-0.811024],"extended":true,"handId":362,"id":3622,"length":62.8646,"mcpPosition":[82.0176,219.57,0.833905],"pipPosition":[78.6936,234.723,-41.6429],"stabilizedTipPosition":[43.556,220.286,-45.9094],"timeVisible":0.127061,"tipPosition":[45.906,240.011,-64.5102],"tipVelocity":[305.451,485.066,-362.985],"tool":false,"touchDistance":-0.972051,"touchZone":"touching","type":2,"width":18.4842},{"bases":[[[-0.0315993,-0.97079,-0.237841],[0.981592,-0.0749853,0.175653],[-0.188356,-0.227912,0.955289]],[[-0.0263065,-0.964019,-0.264528],[0.997954,-0.00989871,-0.0631696],[0.0582782,-0.265649,0.962307]],[[-0.0263065,-0.964019,-0.264528],[0.855566,0.11515,-0.504725],[0.517025,-0.239599,0.821753]],[[-0.0263065,-0.964019,-0.264528],[0.625763,0.19048,-0.756398],[0.779569,-0.18543,0.598237]]],"btipPosition":[54.8628,218.577,-72.3523],"carpPosition":[73.1408,184.331,56.9739],"dipPosition":[68.5279,215.327,-61.8657],"direction":[-0.517025,0.239599,-0.821753],"extended":true,"handId":362,"id":3623,"length":60.446,"mcpPosition":[84.4081,197.964,-0.170818],"pipPosition":[81.9652,209.1,-40.5086],"stabilizedTipPosition":[47.1614,194.144,-41.4193],"timeVisible":0.127061,"tipPosition":[49.205,215.17,-62.9229],"tipVelocity":[249.547,444.877,-336.554],"tool":false,"touchDistance":-0.950757,"touchZone":"touching","type":3,"width":17.5889},{"bases":[[[-0.214937,-0.96482,-0.15141],[0.944205,-0.244905,0.220224],[-0.249558,-0.0956275,0.963627]],[[-0.216252,-0.965311,-0.146321],[0.976181,-0.216462,-0.0146777],[-0.0175044,-0.14601,0.989128]],[[-0.216252,-0.965311,-0.146321],[0.874181,-0.124698,-0.469316],[0.43479,-0.229401,0.870823]],[[-0.216252,-0.965311,-0.146321],[0.677698,-0.0405269,-0.734223],[0.702823,-0.257938,0.662953]]],"btipPosition":[63.2057,190.889,-59.9912],"carpPosition":[68.1499,172.369,52.8819],"dipPosition":[74.5713,186.718,-49.2704],"direction":[-0.43479,0.229401,-0.870823],"extended":true,"handId":362,"id":3624,"length":47.3885,"mcpPosition":[81.9689,177.665,-0.478038],"pipPosition":[82.5496,182.508,-33.2909],"stabilizedTipPosition":[55.8445,168.264,-28.3953],"timeVisible":0.127061,"tipPosition":[56.869,190.371,-50.7256],"tipVelocity":[180.392,391.137,-298.822],"tool":false,"touchDistance":-0.803263,"touchZone":"touching","type":4,"width":15.6239}],"r":[[0.999612,-0.000430983,0.027849],[0.000307107,0.99999,0.00445228],[-0.0278506,-0.004442,0.999602]],"s":1.36225,"t":[-10.1995,40.6387,-29.8907],"timestamp":261529579953},{"currentFrameRate":34.2466,"devices":[],"gestures":[],"hands":[{"armBasis":[[0.161075,-0.853232,-0.496035],[0.934108,0.294037,-0.202446],[0.318586,-0.430741,0.844373]],"armWidth":61.649,"confidence":0.64753,"direction":[0.314084,0.377492,-0.871121],"elbow":[141.316,68.9604,296.154],"grabAngle":0.944488,"grabStrength":0,"id":362,"palmNormal":[-0.923372,-0.0918972,-0.372746],"palmPosition":[69.9033,214.61,15.6468],"palmVelocity":[-78.1248,347.244,-204.467],"palmWidth":86.8926,"pinchDistance":57.1901,"pinchStrength":0,"r":[[0.999244,0.00201056,0.0388149],[-0.00244014,0.999936,0.0110233],[-0.0387903,-0.0111097,0.999186]],"s":1.40704,"sphereCenter":[-20.1649,211.766,-32.7212],"sphereRadius":102.43,"stabilizedPalmPosition":[70.9285,209.756,18.6886],"t":[-11.7266,47.751,-34.3574],"timeVisible":0.146361,"type":"right","wrist":[59.1719,180.023,78.4395]}],"id":215828,"interactionBox":{"center":[0,200,0],"size":[235.247,235.247,147.751]},"pointables":[{"bases":[[[0.976011,-0.214929,0.0347627],[0.112701,0.635347,0.763959],[-0.186284,-0.741714,0.644328]],[[0.992714,-0.104975,-0.0591448],[0.106383,0.533146,0.839308],[-0.0565739,-0.839485,0.540429]],[[0.992714,-0.104975,-0.0591448],[0.1194,0.791177,0.599819],[-0.0161723,-0.602511,0.797947]],[[0.992714,-0.104975,-0.0591448],[0.120086,0.902151,0.414369],[0.00985898,-0.418453,0.908185]]],"btipPosition":[45.5608,280.198,-3.74237],"carpPosition":[42.5631,211.719,67.4855],"dipPosition":[45.7773,271.01,16.1986],"direction":[0.0161723,0.602511,-0.797947],"extended":true,"handId":362,"id":3620,"length":48.8949,"mcpPosition":[42.5631,211.719,67.4855],"pipPosition":[45.2599,251.737,41.7234],"stabilizedTipPosition":[46.19,274.577,2.69439],"timeVisible":0.146361,"tipPosition":[43.0915,277.186,-0.00504223],"tipVelocity":[-74.6199,365.952,-145.622],"tool":false,"touchDistance":0.874784,"touchZone":"hovering","type":0,"width":19.7032},{"bases":[[[0.270363,-0.844979,-0.461426],[0.953587,0.169033,0.249196],[-0.13257,-0.507384,0.851462]],[[0.260484,-0.878235,-0.401062],[0.964832,0.251984,0.0748549],[0.0353212,-0.406456,0.912987]],[[0.260484,-0.878235,-0.401062],[0.88695,0.381774,-0.259939],[0.381403,-0.288012,0.878397]],[[0.260484,-0.878235,-0.401062],[0.728602,0.451367,-0.515177],[0.633473,-0.15802,0.757458]]],"btipPosition":[53.802,271.289,-65.5993],"carpPosition":[64.7149,210.195,63.0817],"dipPosition":[63.9563,268.756,-53.4576],"direction":[-0.381403,0.288012,-0.878397],"extended":true,"handId":362,"id":3621,"length":55.1725,"mcpPosition":[74.0288,245.842,3.26083],"pipPosition":[72.6051,262.225,-33.5387],"stabilizedTipPosition":[51.8334,259.875,-55.4875],"timeVisible":0.146361,"tipPosition":[46.5406,264.879,-57.9769],"tipVelocity":[196.5