{"frames":266,"data":[{"currentFrameRate":23.5922,"devices":[],"gestures":[],"hands":[],"id":216298,"interactionBox":{"center":[0,200,0],"size":[235.247,235.247,147.751]},"pointables":[],"r":[[-0.0794966,-0.728761,-0.680138],[0.446709,0.583909,-0.677865],[0.891141,-0.357712,0.279125]],"s":-5.62558,"t":[894.675,787.691,741.58],"timestamp":261545706149},{"currentFrameRate":23.6355,"devices":[],"gestures":[],"hands":[],"id":216299,"interactionBox":{"center":[0,200,0],"size":[235.247,235.247,147.751]},"pointables":[],"r":[[-0.0794966,-0.728761,-0.680138],[0.446709,0.583909,-0.677865],[0.891141,-0.357712,0.279125]],"s":-5.62558,"t":[894.675,787.691,741.58],"timestamp":261545748129},{"currentFrameRate":23.6573,"devices":[],"gestures":[],"hands":[],"id":216300,"interactionBox":{"center":[0,200,0],"size":[235.247,235.247,147.751]},"pointables":[],"r":[[-0.0794966,-0.728761,-0.680138],[0.446709,0.583909,-0.677865],[0.891141,-0.357712,0.279125]],"s":-5.62558,"t":[894.675,787.691,741.58],"timestamp":261545790234},{"currentFrameRate":23.6881,"devices":[],"gestures":[],"hands":[],"id":216301,"interactionBox":{"center":[0,200,0],"size":[235.247,235.247,147.751]},"pointables":[],"r":[[-0.0794966,-0.728761,-0.680138],[0.446709,0.583909,-0.677865],[0.891141,-0.357712,0.279125]],"s":-5.62558,"t":[894.675,787.691,741.58],"timestamp":261545832215},{"currentFrameRate":23.6739,"devices":[],"gestures":[],"hands":[],"id":216302,"interactionBox":{"center":[0,200,0],"size":[235.247,235.247,147.751]},"pointables":[],"r":[[-0.0794966,-0.728761,-0.680138],[0.446709,0.583909,-0.677865],[0.891141,-0.357712,0.279125]],"s":-5.62558,"t":[894.675,787.691,741.58],"timestamp":261545874564},{"currentFrameRate":23.7272,"devices":[],"gestures":[],"hands":[],"id":216303,"interactionBox":{"center":[0,200,0],"size":[235.247,235.247,147.751]},"pointables":[],"r":[[-0.0794966,-0.728761,-0.680138],[0.446709,0.583909,-0.677865],[0.891141,-0.357712,0.279125]],"s":-5.62558,"t":[894.675,787.691,741.58],"timestamp":261545916305},{"currentFrameRate":23.7424,"devices":[],"gestures":[],"hands":[],"id":216304,"interactionBox":{"center":[0,200,0],"size":[235.247,235.247,147.751]},"pointables":[],"r":[[-0.0794966,-0.728761,-0.680138],[0.446709,0.583909,-0.677865],[0.891141,-0.357712,0.279125]],"s":-5.62558,"t":[894.675,787.691,741.58],"timestamp":261545958309},{"currentFrameRate":23.7513,"devices":[],"gestures":[],"hands":[],"id":216305,"interactionBox":{"center":[0,200,0],"size":[235.247,235.247,147.751]},"pointables":[],"r":[[-0.0794966,-0.728761,-0.680138],[0.446709,0.583909,-0.677865],[0.891141,-0.357712,0.279125]],"s":-5.62558,"t":[894.675,787.691,741.58],"timestamp":261546000345},{"currentFrameRate":23.7497,"devices":[],"gestures":[],"hands":[{"armBasis":[[0.177572,-0.895623,-0.407834],[0.943076,0.273286,-0.189532],[0.281204,-0.350963,0.893168]],"armWidth":60.8506,"confidence":0,"direction":[0.252186,0.324232,-0.911743],"elbow":[150.431,37.8557,332.574],"grabAngle":2.04903,"grabStrength":0.651445,"id":363,"palmNormal":[-0.943116,-0.128587,-0.306591],"palmPosition":[85.1515,158.587,36.6683],"palmVelocity":[1.19209e-7,1.19209e-7,1.19209e-7],"palmWidth":86.8926,"pinchDistance":60.3856,"pinchStrength":0,"r":[[1,8.32667e-18,0],[-8.32667e-18,1,0],[0,0,1]],"s":1,"sphereCenter":[38.4811,172.406,6.71679],"sphereRadius":53.9287,"stabilizedPalmPosition":[85.1515,158.587,36.6683],"t":[0,0,0],"timeVisible":0,"type":"right","wrist":[77.9252,128.348,102.278]}],"id":216306,"interactionBox":{"center":[0,200,0],"size":[235.247,235.247,147.751]},"pointables":[{"bases":[[[0.979935,-0.198846,-0.0136868],[0.149001,0.685221,0.712932],[-0.132385,-0.700666,0.7011]],[[0.988682,-0.116009,-0.0951321],[0.136813,0.436955,0.889018],[-0.0615655,-0.891971,0.447881]],[[0.988682,-0.116009,-0.0951321],[0.14886,0.679621,0.7183],[-0.0186754,-0.724332,0.689198]],[[0.988682,-0.116009,-0.0951321],[0.149148,0.828556,0.539675],[0.0162152,-0.547756,0.836481]]],"btipPosition":[64.346,237.05,27.7337],"carpPosition":[61.1655,158.704,90.2197],"dipPosition":[64.7084,224.808,46.4289],"direction":[0.0186754,0.724332,-0.689198],"extended":true,"handId":363,"id":3630,"length":49.7695,"mcpPosition":[61.1655,158.704,90.2197],"pipPosition":[64.1003,201.224,68.8693],"stabilizedTipPosition":[64.4293,234.235,32.0336],"timeVisible":0,"tipPosition":[64.4293,234.235,32.0336],"tipVelocity":[1.19209e-7,1.19209e-7,1.19209e-7],"tool":false,"touchDistance":1,"touchZone":"none","type":0,"width":19.3381},{"bases":[[[0.0759633,-0.943529,-0.322465],[0.991778,0.0380944,0.12217],[-0.102987,-0.329094,0.938664]],[[0.0669108,-0.968141,-0.241302],[0.871413,0.174495,-0.458465],[0.485965,-0.179598,0.855326]],[[0.0669108,-0.968141,-0.241302],[0.0385555,0.244172,-0.968965],[0.997014,0.0555307,0.053665]],[[0.0669108,-0.968141,-0.241302],[-0.553646,0.16517,-0.816208],[0.83006,0.188209,-0.524955]]],"btipPosition":[30.1272,172.97,-14.5527],"carpPosition":[87.6053,147.662,79.3942],"dipPosition":[45.0233,176.347,-23.9734],"direction":[-0.997014,-0.0555307,-0.053665],"extended":false,"handId":363,"id":3632,"length":63.9891,"mcpPosition":[94.467,169.588,16.8545],"pipPosition":[72.0981,177.855,-22.5161],"stabilizedTipPosition":[33.5533,173.747,-16.7194],"timeVisible":0,"tipPosition":[33.5533,173.747,-16.7194],"tipVelocity":[1.19209e-7,1.19209e-7,1.19209e-7],"tool":false,"touchDistance":1,"touchZone":"none","type":2,"width":18.1417},{"bases":[[[-0.0150021,-0.981843,-0.189104],[0.990882,-0.039924,0.128679],[-0.133893,-0.185449,0.973489]],[[-0.0238371,-0.991969,-0.124213],[0.909838,0.029962,-0.413881],[0.414279,-0.122879,0.901817]],[[-0.0238371,-0.991969,-0.124213],[0.14453,0.119523,-0.982255],[0.989213,-0.0413666,0.14052]],[[-0.0238371,-0.991969,-0.124213],[-0.395939,0.123456,-0.90994],[0.917967,0.0274904,-0.395702]]],"btipPosition":[37.2105,153.878,-18.3695],"carpPosition":[89.4256,136.938,74.9993],"dipPosition":[53.5895,154.368,-25.4299],"direction":[-0.989213,0.0413666,-0.14052],"extended":false,"handId":363,"id":3633,"length":61.5272,"mcpPosition":[97.4349,148.031,16.7659],"pipPosition":[79.7587,153.274,-21.7125],"stabilizedTipPosition":[40.9777,153.991,-19.9934],"timeVisible":0,"tipPosition":[40.9777,153.991,-19.9934],"tipVelocity":[1.19209e-7,1.19209e-7,1.19209e-7],"tool":false,"touchDistance":1,"touchZone":"none","type":3,"width":17.263},{"bases":[[[-0.193913,-0.976524,-0.0938067],[0.960738,-0.208376,0.183197],[-0.198443,-0.0545994,0.97859]],[[-0.204588,-0.978049,-0.0395554],[0.925634,-0.180165,-0.33278],[0.318349,-0.104697,0.942174]],[[-0.204588,-0.978049,-0.0395554],[0.282313,-0.0202648,-0.959108],[0.937253,-0.207389,0.280262]],[[-0.204588,-0.978049,-0.0395554],[-0.239753,0.0892489,-0.966723],[0.949032,-0.188297,-0.252749]]],"btipPosition":[51.7004,138.191,-15.3315],"carpPosition":[84.5891,124.66,71.7457],"dipPosition":[67.322,135.092,-19.4919],"direction":[-0.937253,0.207389,-0.280262],"extended":false,"handId":363,"id":3634,"length":48.2362,"mcpPosition":[95.5777,127.683,17.5572],"pipPosition":[84.8281,131.218,-14.2572],"stabilizedTipPosition":[55.2934,137.479,-16.2884],"timeVisible":0,"tipPosition":[55.2934,137.479,-16.2884],"tipVelocity":[1.19209e-7,1.19209e-7,1.19209e-7],"tool":false,"touchDistance":1,"touchZone":"none","type":4,"width":15.3344},{"bases":[[[0.255912,-0.869454,-0.422563],[0.964164,0.197921,0.176679],[-0.0699803,-0.452634,0.888946]],[[0.245747,-0.917202,-0.313605],[0.905534,0.332659,-0.263335],[0.345855,-0.219266,0.912308]],[[0.245747,-0.917202,-0.313605],[0.390908,0.389826,-0.833803],[0.887017,0.0823142,0.454341]],[[0.245747,-0.917202,-0.313605],[-0.127077,0.29025,-0.948476],[0.960968,0.272938,-0.0452274]]],"btipPosition":[37.5952,191.643,-25.1111],"carpPosition":[83.0217,157.199,84.5224],"dipPosition":[53.2746,196.096,-25.849],"direction":[-0.887017,-0.0823142,-0.454341],"extended":false,"handId":363,"id":3631,"length":56.1593,"mcpPosition":[87.9383,189,22.068],"pipPosition":[73.7487,197.996,-15.3619],"stabilizedTipPosition":[41.2015,192.667,-25.2808],"timeVisible":0,"tipPosition":[41.2015,192.667,-25.2808],"tipVelocity":[1.19209e-7,1.19209e-7,1.19209e-7],"tool":false,"touchDistance":1,"touchZone":"none","type":1,"width":18.4718}],"r":[[1,8.32667e-18,0],[-8.32667e-18,1,0],[0,0,1]],"s":1,"t":[0,0,0],"timestamp":261546042463},{"currentFrameRate":23.7628,"devices":[],"gestures":[],"hands":[{"armBasis":[[0.0841083,-0.898066,-0.431744],[0.951326,0.201288,-0.233369],[0.296486,-0.391102,0.871284]],"armWidth":61.649,"confidence":0.217631,"direction":[0.315138,0.303837,-0.899094],"elbow":[145.992,46.2588,314.936],"grabAngle":1.69985,"grabStrength":0.470202,"id":363,"palmNormal":[-0.939531,-0.0339353,-0.340779],"palmPosition":[81.1472,177.097,25.3122],"palmVelocity":[-95.3786,440.9,-270.493],"palmWidth":86.8926,"pinchDistance":50.0178,"pinchStrength":0.13501,"r":[[0.999784,-0.0195456,0.0070317],[0.0195322,0.999807,0.00196559],[-0.00706877,-0.00182782,0.999973]],"s":0.9679,"sphereCenter":[29.7262,179.933,-11.8515],"sphereRadius":60.8313,"stabilizedPalmPosition":[82.0863,172.756,27.9752],"t":[-2.00214,9.25516,-5.67805],"timeVisible":0.041983,"type":"right","wrist":[69.5456,147.101,90.2828]}],"id":216307,"interactionBox":{"center":[0,200,0],"size":[235.247,235.247,147.751]},"pointables":[{"bases":[[[0.955778,-0.293489,0.0187931],[0.189299,0.662859,0.724419],[-0.225066,-0.688826,0.689103]],[[0.979852,-0.175373,-0.095577],[0.180133,0.569269,0.802175],[-0.0862704,-0.803229,0.58939]],[[0.979852,-0.175373,-0.095577],[0.198543,0.803269,0.561551],[-0.0217066,-0.569213,0.821904]],[[0.979852,-0.175373,-0.095577],[0.197633,0.92046,0.337188],[0.0288413,-0.349283,0.936573]]],"btipPosition":[59.5522,243.383,3.03509],"carpPosition":[55.3786,179.216,77.9865],"dipPosition":[60.1854,235.713,23.5994],"direction":[0.0217066,0.569213,-0.821904],"extended":true,"handId":363,"id":3630,"length":48.8949,"mcpPosition":[55.3786,179.216,77.9865],"pipPosition":[59.4911,217.505,49.8905],"stabilizedTipPosition":[64.109,234.734,30.3906],"timeVisible":0.041983,"tipPosition":[62.3223,245.637,11.8192],"tipVelocity":[-112.7,175.883,-578.061],"tool":false,"touchDistance":1,"touchZone":"none","type":0,"width":19.7032},{"bases":[[[-0.103717,-0.974466,-0.199145],[0.977024,-0.137302,0.16301],[-0.18619,-0.177663,0.966317]],[[-0.099602,-0.970328,-0.220323],[0.971929,-0.0474426,-0.23044],[0.21315,-0.23709,0.947816]],[[-0.099602,-0.970328,-0.220323],[0.54983,0.130876,-0.82496],[0.829317,-0.203308,0.52048]],[[-0.099602,-0.970328,-0.220323],[0.0626471,0.214869,-0.974632],[0.993053,-0.110878,0.0393869]]],"btipPosition":[45.1558,182.685,-48.197],"carpPosition":[81.9138,154.891,63.5552],"dipPosition":[62.5631,180.741,-47.5066],"direction":[-0.829317,0.203308,-0.52048],"extended":false,"handId":363,"id":3633,"length":60.446,"mcpPosition":[93.0516,165.519,5.75089],"pipPosition":[84.1168,175.457,-33.9795],"stabilizedTipPosition":[46.887,174.392,-40.2488],"timeVisible":0.041983,"tipPosition":[45.738,180.573,-43.0415],"tipVelocity":[194.883,672.821,-668.004],"tool":false,"touchDistance":0.72275,"touchZone":"hovering","type":3,"width":17.5889},{"bases":[[[-0.284567,-0.952308,-0.110144],[0.928685,-0.302349,0.214778],[-0.237837,-0.0411707,0.970432]],[[-0.284419,-0.952282,-0.110748],[0.94953,-0.263872,-0.169603],[0.132287,-0.153396,0.97927]],[[-0.284419,-0.952282,-0.110748],[0.617298,-0.0935233,-0.781151],[0.733518,-0.290538,0.614442]],[[-0.284419,-0.952282,-0.110748],[0.210254,0.0507474,-0.976329],[0.93536,-0.300971,0.185788]]],"btipPosition":[56.2206,160.732,-40.4886],"carpPosition":[76.025,143.165,60.0134],"dipPosition":[71.3466,155.865,-37.4842],"direction":[-0.733518,0.290538,-0.614442],"extended":false,"handId":363,"id":3634,"length":47.3885,"mcpPosition":[89.195,145.445,6.27659],"pipPosition":[84.8065,150.534,-26.2093],"stabilizedTipPosition":[58.3122,152.644,-32.3956],"timeVisible":0.041983,"tipPosition":[56.0408,159.495,-35.0371],"tipVelocity":[104.952,527.214,-559.969],"tool":false,"touchDistance":0.840802,"touchZone":"hovering","type":4,"width":15.6239},{"bases":[[[0.185062,-0.887588,-0.421829],[0.971881,0.101705,0.212374],[-0.145598,-0.44927,0.881452]],[[0.169949,-0.927241,-0.333679],[0.961416,0.23034,-0.150411],[0.216327,-0.295242,0.93061]],[[0.169949,-0.927241,-0.333679],[0.609905,0.364931,-0.70345],[0.774037,-0.0839618,0.627549]],[[0.169949,-0.927241,-0.333679],[0.173745,0.361494,-0.916043],[0.970015,0.0977056,0.222539]]],"btipPosition":[45.5837,219.423,-44.1894],"carpPosition":[77.1751,175.621,73.0461],"dipPosition":[61.1325,220.989,-40.6222],"direction":[-0.774037,0.0839618,-0.627549],"extended":false,"handId":363,"id":3631,"length":55.1725,"mcpPosition":[87.4043,207.185,11.1182],"pipPosition":[78.6849,219.085,-26.3917],"stabilizedTipPosition":[48.0228,215.909,-40.7845],"timeVisible":0.041983,"tipPosition":[45.6857,217.488,-40.2422],"tipVelocity":[189.564,645.885,-430.845],"tool":false,"touchDistance":0.80072,"touchZone":"hovering","type":1,"width":18.8205},{"bases":[[[-0.00472225,-0.944372,-0.328846],[0.985744,-0.0597043,0.157302],[-0.168185,-0.323415,0.931191]],[[-0.0113472,-0.956385,-0.29189],[0.968615,0.0619748,-0.240717],[0.248308,-0.28546,0.925665]],[[-0.0113472,-0.956385,-0.29189],[0.462049,0.253861,-0.849744],[0.886782,-0.14451,0.439016]],[[-0.0113472,-0.956385,-0.29189],[-0.199963,0.288182,-0.936464],[0.979738,0.0477409,-0.194512]]],"btipPosition":[40.0351,203.184,-44.1957],"carpPosition":[80.9896,165.714,67.9886],"dipPosition":[57.3082,204.026,-47.625],"direction":[-0.886782,0.14451,-0.439016],"extended":false,"handId":363,"id":3632,"length":62.8646,"mcpPosition":[92.1951,187.262,5.94682],"pipPosition":[80.9664,200.171,-35.9127],"stabilizedTipPosition":[41.3502,195.845,-37.7991],"timeVisible":0.041983,"tipPosition":[40.5477,201.512,-40.0828],"tipVelocity":[249.02,705.798,-673.249],"tool":false,"touchDistance":0.763646,"touchZone":"hovering","type":2,"width":18.4842}],"r":[[0.999784,-0.0195456,0.0070317],[0.0195322,0.999807,0.00196559],[-0.00706877,-0.00182782,0.999973]],"s":0.9679,"t":[-2.00214,9.25516,-5.67805],"timestamp":261546084446},{"currentFrameRate":24.2876,"devices":[],"gestures":[],"hands":[{"armBasis":[[0.129553,-0.857433,-0.49802],[0.955691,0.241862,-0.1678],[0.264329,-0.454215,0.850776]],"armWidth":61.649,"confidence":0.394708,"direction":[0.290607,0.337537,-0.89533],"elbow":[132.855,44.1531,299.144],"grabAngle":1.29219,"grabStrength":0.180643,"id":363,"palmNormal":[-0.93862,-0.081184,-0.335264],"palmPosition":[74.744,193.684,15.575],"palmVelocity":[-171.931,445.374,-261.451],"palmWidth":86.8926,"pinchDistance":53.6949,"pinchStrength":0.0675579,"r":[[0.999653,-0.0238337,0.011261],[0.023752,0.999691,0.00732986],[-0.0114322,-0.00705985,0.99991]],"s":0.970232,"sphereCenter":[7.97356,190.867,-24.8984],"sphereRadius":76.882,"stabilizedPalmPosition":[75.6248,191.174,17.0626],"t":[-6.20482,22.1763,-13.3857],"timeVisible":0.079226,"type":"right","wrist":[64.7003,161.269,79.7787]}],"id":216308,"interactionBox":{"center":[0,200,0],"size":[235.247,235.247,147.751]},"pointables":[{"bases":[[[0.97102,-0.238893,0.00716813],[0.156779,0.659318,0.735337],[-0.180393,-0.712903,0.677663]],[[0.986892,-0.133431,-0.0907745],[0.152416,0.585776,0.796012],[-0.0530395,-0.799414,0.598435]],[[0.986892,-0.133431,-0.0907745],[0.161372,0.822118,0.545968],[0.0017781,-0.55346,0.832874]],[[0.986892,-0.133431,-0.0907745],[0.156742,0.926414,0.342329],[0.0384174,-0.35207,0.935185]]],"btipPosition":[50.9211,256.919,-7.25794],"carpPosition":[49.2931,193.377,68.4452],"dipPosition":[51.7646,249.189,13.2759],"direction":[-0.0017781,0.55346,-0.832874],"extended":true,"handId":363,"id":3630,"length":48.8949,"mcpPosition":[49.2931,193.377,68.4452],"pipPosition":[51.8215,231.485,39.9179],"stabilizedTipPosition":[58.6015,243.384,16.435],"timeVisible":0.079226,"tipPosition":[51.7976,260.123,2.34714],"tipVelocity":[-230.452,363.089,-276.563],"tool":false,"touchDistance":1,"touchZone":"none","type":0,"width":19.7032},{"bases":[[[-0.0496905,-0.975019,-0.216492],[0.984443,-0.0843899,0.154113],[-0.168533,-0.205466,0.964044]],[[-0.0440835,-0.967682,-0.248291],[0.988992,-0.00713134,-0.1478],[0.141253,-0.252073,0.957344]],[[-0.0440835,-0.967682,-0.248291],[0.736421,0.136468,-0.662617],[0.675086,-0.212057,0.706605]],[[-0.0440835,-0.967682,-0.248291],[0.398356,0.210893,-0.892657],[0.916171,-0.13826,0.376185]]],"btipPosition":[47.6136,201.66,-69.3625],"carpPosition":[77.058,170.868,53.3943],"dipPosition":[63.6732,199.237,-62.7683],"direction":[-0.675086,0.212057,-0.706605],"extended":true,"handId":363,"id":3633,"length":60.446,"mcpPosition":[87.1395,183.159,-4.2741],"pipPosition":[81.2185,193.725,-44.4039],"stabilizedTipPosition":[49.4366,189.798,-56.1663],"timeVisible":0.079226,"tipPosition":[45.8884,199.074,-61.2472],"tipVelocity":[57.6706,506.542,-531.847],"tool":false,"touchDistance":0.386694,"touchZone":"hovering","type":3,"width":17.5889},{"bases":[[[-0.230833,-0.96481,-0.125927],[0.945947,-0.252832,0.203126],[-0.227817,-0.0722324,0.971021]],[[-0.230748,-0.964783,-0.12629],[0.971467,-0.221117,-0.0857864],[0.0548403,-0.142482,0.988277]],[[-0.230748,-0.964783,-0.12629],[0.777243,-0.10468,-0.620431],[0.585361,-0.241322,0.774026]],[[-0.230748,-0.964783,-0.12629],[0.47696,0.000976158,-0.878924],[0.848094,-0.263046,0.459938]]],"btipPosition":[58.1581,176.3,-58.5212],"carpPosition":[71.8183,158.892,49.6739],"dipPosition":[71.8729,172.047,-51.0834],"direction":[-0.585361,0.241322,-0.774026],"extended":true,"handId":363,"id":3634,"length":47.3885,"mcpPosition":[84.4334,162.892,-4.0955],"pipPosition":[82.6142,167.618,-36.8802],"stabilizedTipPosition":[59.9304,164.875,-45.5634],"timeVisible":0.079226,"tipPosition":[55.4251,175.564,-50.5],"tipVelocity":[43.3079,421.81,-456.809],"tool":false,"touchDistance":0.534862,"touchZone":"hovering","type":4,"width":15.6239},{"bases":[[[0.232006,-0.867818,-0.439391],[0.966103,0.153003,0.20793],[-0.113218,-0.472738,0.8739]],[[0.219835,-0.909853,-0.351911],[0.965038,0.255607,-0.058015],[0.142736,-0.326854,0.934234]],[[0.219835,-0.909853,-0.351911],[0.773512,0.382383,-0.505433],[0.594434,-0.161095,0.787843]],[[0.219835,-0.909853,-0.351911],[0.472881,0.414908,-0.777326],[0.853262,0.00447143,0.521463]]],"btipPosition":[46.2649,241.088,-61.9794],"carpPosition":[71.2208,191.119,63.298],"dipPosition":[59.9423,241.159,-53.6206],"direction":[-0.594434,0.161095,-0.787843],"extended":true,"handId":363,"id":3631,"length":55.1725,"mcpPosition":[79.1751,224.332,1.90072],"pipPosition":[73.4219,237.506,-35.7552],"stabilizedTipPosition":[49.1061,235.574,-55.8265],"timeVisible":0.079226,"tipPosition":[43.6827,237.57,-55.1258],"tipVelocity":[6.73462,572.482,-448.083],"tool":false,"touchDistance":0.503662,"touchZone":"hovering","type":1,"width":18.8205},{"bases":[[[0.0464574,-0.936991,-0.34625],[0.988698,-0.00633078,0.149788],[-0.142542,-0.349296,0.926107]],[[0.0421431,-0.947087,-0.3182],[0.987124,0.088656,-0.133138],[0.154303,-0.308492,0.938628]],[[0.0421431,-0.947087,-0.3182],[0.719665,0.249693,-0.64787],[0.693042,-0.201694,0.692108]],[[0.0421431,-0.947087,-0.3182],[0.367913,0.310814,-0.876376],[0.928905,-0.0801366,0.361544]]],"btipPosition":[43.2067,225.555,-70.9542],"carpPosition":[75.5538,181.539,58.0333],"dipPosition":[59.5837,224.142,-64.58],"direction":[-0.693042,0.201694,-0.692108],"extended":true,"handId":363,"id":3632,"length":62.8646,"mcpPosition":[85.0509,204.811,-3.66978],"pipPosition":[78.0731,218.761,-46.1155],"stabilizedTipPosition":[44.5414,212.521,-55.7824],"timeVisible":0.079226,"tipPosition":[42.3277,222.596,-63.0161],"tipVelocity":[79.6271,586.744,-657.94],"tool":false,"touchDistance":0.353059,"touchZone":"hovering","type":2,"width":18.4842}],"r":[[0.999653,-0.0238337,0.011261],[0.023752,0.999691,0.00732986],[-0.0114322,-0.00705985,0.99991]],"s":0.970232,"t":[-6.20482,22.1763,-13.3857],"timestamp":261546121689},{"currentFrameRate":26.4926,"devices":[],"gestures":[],"hands":[{"armBasis":[[0.0963995,-0.84014,-0.533734],[0.958408,0.223069,-0.178028],[0.268628,-0.494373,0.826701]],"armWidth":61.649,"confidence":0.487966,"direction":[0.331661,0.329319,-0.884053],"elbow":[128.07,41.4639,286.241],"grabAngle":1.12593,"grabStrength":0.0343978,"id":363,"palmNormal":[-0.928722,-0.0506784,-0.367298],"palmPosition":[71.5557,201.514,9.50766],"palmVelocity":[-144.764,355.517,-275.488],"palmWidth":86.8926,"pinchDistance":56.6458,"pinchStrength":0,"r":[[0.999203,-0.0336762,0.0214369],[0.033418,0.999366,0.0122928],[-0.0218373,-0.0115666,0.999695]],"s":0.986635,"sphereCenter":[-4.59928,202.522,-35.1712],"sphereRadius":87.7863,"stabilizedPalmPosition":[72.8362,198.26,11.885],"t":[-9.90029,32.5518,-20.2732],"timeVisible":0.10125,"type":"right","wrist":[58.8062,168.934,73.0831]}],"id":216309,"interactionBox":{"center":[0,200,0],"size":[235.247,235.247,147.751]},"pointables":[{"bases":[[[0.962093,-0.269815,0.0397055],[0.152499,0.652949,0.741891],[-0.226099,-0.707713,0.669344]],[[0.985407,-0.157889,-0.0635945],[0.142969,0.56498,0.812624],[-0.0923744,-0.809857,0.579308]],[[0.985407,-0.157889,-0.0635945],[0.165658,0.803714,0.571491],[-0.03912,-0.573686,0.818141]],[[0.985407,-0.157889,-0.0635945],[0.170214,0.91494,0.36594],[0.000407482,-0.371424,0.928463]]],"btipPosition":[49.9614,267.059,-12.6948],"carpPosition":[44.3155,201.947,61.4776],"dipPosition":[49.9704,258.904,7.69144],"direction":[0.03912,0.573686,-0.818141],"extended":true,"handId":363,"id":3630,"length":48.8949,"mcpPosition":[44.3155,201.947,61.4776],"pipPosition":[48.719,240.553,33.8622],"stabilizedTipPosition":[54.5551,253.596,4.98593],"timeVisible":0.10125,"tipPosition":[51.0547,268.247,-4.77713],"tipVelocity":[-52.2889,455.966,-248.401],"tool":false,"touchDistance":1,"touchZone":"none","type":0,"width":19.7032},{"bases":[[[-0.0733333,-0.972631,-0.220478],[0.975406,-0.116024,0.187406],[-0.207857,-0.201312,0.957219]],[[-0.0625721,-0.961022,-0.2693],[0.996216,-0.0438317,-0.0750544],[0.0603251,-0.272977,0.960127]],[[-0.0625721,-0.961022,-0.2693],[0.836661,0.0966024,-0.539134],[0.544135,-0.259047,0.798005]],[[-0.0625721,-0.961022,-0.2693],[0.576997,0.185332,-0.795441],[0.814346,-0.205157,0.54291]]],"btipPosition":[53.3352,212.397,-80.436],"carpPosition":[71.8466,178.583,47.3272],"dipPosition":[67.6099,208.801,-70.9193],"direction":[-0.544135,0.259047,-0.798005],"extended":true,"handId":363,"id":3633,"length":60.446,"mcpPosition":[84.2805,190.626,-9.93295],"pipPosition":[81.7518,202.068,-50.1794],"stabilizedTipPosition":[52.3016,198.484,-64.9751],"timeVisible":0.10125,"tipPosition":[49.2423,209.149,-71.591],"tipVelocity":[241.149,475.26,-472.273],"tool":false,"touchDistance":0.230972,"touchZone":"hovering","type":3,"width":17.5889},{"bases":[[[-0.257048,-0.956764,-0.136122],[0.929905,-0.283218,0.234659],[-0.263065,-0.0662616,0.9625]],[[-0.252083,-0.955357,-0.154101],[0.967583,-0.25137,-0.0244163],[-0.01541,-0.15526,0.987753]],[[-0.252083,-0.955357,-0.154101],[0.851029,-0.143056,-0.505256],[0.460655,-0.258511,0.849099]],[[-0.252083,-0.955357,-0.154101],[0.625834,-0.0394872,-0.778956],[0.738096,-0.292803,0.607849]]],"btipPosition":[61.0471,185.084,-68.0749],"carpPosition":[66.3579,166.786,43.4005],"dipPosition":[72.9831,180.349,-58.2451],"direction":[-0.460655,0.258511,-0.849099],"extended":true,"handId":363,"id":3634,"length":47.3885,"mcpPosition":[80.9249,170.455,-9.89702],"pipPosition":[81.4361,175.606,-42.6643],"stabilizedTipPosition":[61.2835,171.574,-52.6587],"timeVisible":0.10125,"tipPosition":[56.3613,184.084,-59.3425],"tipVelocity":[112.601,393.804,-408.805],"tool":false,"touchDistance":0.379656,"touchZone":"hovering","type":4,"width":15.6239},{"bases":[[[0.219094,-0.87418,-0.433368],[0.962819,0.121759,0.241154],[-0.158045,-0.47009,0.868353]],[[0.206623,-0.906975,-0.367018],[0.977294,0.209309,0.0329502],[0.0469351,-0.365493,0.92963]],[[0.206623,-0.906975,-0.367018],[0.872936,0.34031,-0.34953],[0.441916,-0.248163,0.862047]],[[0.206623,-0.906975,-0.367018],[0.621244,0.41141,-0.666931],[0.755886,-0.0902049,0.64846]]],"btipPosition":[53.3977,253.829,-71.3444],"carpPosition":[66.3232,198.996,57.0761],"dipPosition":[65.5141,252.383,-60.9499],"direction":[-0.441916,0.248163,-0.862047],"extended":true,"handId":363,"id":3631,"length":55.1725,"mcpPosition":[77.427,232.023,-3.93145],"pipPosition":[75.5352,246.755,-41.4018],"stabilizedTipPosition":[53.4867,246.665,-63.9506],"timeVisible":0.10125,"tipPosition":[48.5219,248.948,-64.5199],"tipVelocity":[307.56,562.657,-403.958],"tool":false,"touchDistance":0.353178,"touchZone":"hovering","type":1,"width":18.8205},{"bases":[[[0.0283581,-0.937516,-0.346785],[0.982294,-0.0381348,0.183422],[-0.185185,-0.345846,0.919835]],[[0.0260912,-0.941675,-0.33551],[0.997566,0.0462362,-0.0521945],[0.0646629,-0.333331,0.94059]],[[0.0260912,-0.941675,-0.33551],[0.833508,0.205784,-0.512755],[0.551891,-0.266272,0.790263]],[[0.0260912,-0.941675,-0.33551],[0.589831,0.285478,-0.755382],[0.807105,-0.178185,0.562877]]],"btipPosition":[50.9867,237.651,-82.8879],"carpPosition":[70.5259,189.29,51.9386],"dipPosition":[65.2163,234.51,-72.9642],"direction":[-0.551891,0.266272,-0.790263],"extended":true,"handId":363,"id":3632,"length":62.8646,"mcpPosition":[82.8641,212.333,-9.34659],"pipPosition":[79.94,227.406,-51.881],"stabilizedTipPosition":[48.5569,222.606,-66.0394],"timeVisible":0.10125,"tipPosition":[47.2532,233.649,-74.1744],"tipVelocity":[330.822,531.179,-504.782],"tool":false,"touchDistance":0.212448,"touchZone":"hovering","type":2,"width":18.4842}],"r":[[0.999203,-0.0336762,0.0214369],[0.033418,0.999366,0.0122928],[-0.0218373,-0.0115666,0.999695]],"s":0.986635,"t":[-9.90029,32.5518,-20.2732],"timestamp":261546143713},{"currentFrameRate":28.5008,"devices":[],"gestures":[],"hands":[{"armBasis":[[0.120077,-0.817344,-0.563499],[0.955298,0.249592,-0.158461],[0.270162,-0.519281,0.810777]],"armWidth":61.649,"confidence":0.570346,"direction":[0.318505,0.352214,-0.880057],"elbow":[127.023,41.0177,276.986],"grabAngle":0.983127,"grabStrength":0,"id":363,"palmNormal":[-0.927973,-0.0736076,-0.365305],"palmPosition":[69.0761,209.009,4.92343],"palmVelocity":[-113.94,344.372,-210.643],"palmWidth":86.8926,"pinchDistance":57.8794,"pinchStrength":0,"r":[[0.998951,-0.0355507,0.0288572],[0.0350029,0.999201,0.0192722],[-0.0295193,-0.018242,0.999398]],"s":1.00974,"sphereCenter":[-19.2463,207.914,-42.3721],"sphereRadius":100.273,"stabilizedPalmPosition":[70.2055,205.78,7.01445],"t":[-12.9879,41.4868,-26.009],"timeVisible":0.123013,"type":"right","wrist":[57.3638,174.91,67.9342]}],"id":216310,"interactionBox":{"center":[0,200,0],"size":[235.247,235.247,147.751]},"pointables":[{"bases":[[[0.969996,-0.24088,0.0329234],[0.135019,0.646351,0.750999],[-0.202181,-0.724021,0.659482]],[[0.989743,-0.123689,-0.0714877],[0.128542,0.552667,0.82343],[-0.0623403,-0.824173,0.562897]],[[0.989743,-0.123689,-0.0714877],[0.14185,0.791411,0.594598],[-0.0169691,-0.59864,0.800839]],[[0.989743,-0.123689,-0.0714877],[0.142024,0.906005,0.398729],[0.0154499,-0.404792,0.914278]]],"btipPosition":[45.1851,275.173,-15.5521],"carpPosition":[42.0098,207.848,56.9731],"dipPosition":[45.5244,266.285,4.52266],"direction":[0.0169691,0.59864,-0.800839],"extended":true,"handId":363,"id":3630,"length":48.8949,"mcpPosition":[42.0098,207.848,56.9731],"pipPosition":[44.9816,247.136,30.1399],"stabilizedTipPosition":[48.8792,265.527,-4.73912],"timeVisible":0.123013,"tipPosition":[46.415,275.133,-8.50185],"tipVelocity":[-215.978,365.105,-134.585],"tool":false,"touchDistance":0.927598,"touchZone":"hovering","type":0,"width":19.7032},{"bases":[[[0.244176,-0.860638,-0.446857],[0.959465,0.147537,0.240125],[-0.140733,-0.487376,0.861777]],[[0.234023,-0.891835,-0.387123],[0.972129,0.220423,0.07987],[0.0141001,-0.395025,0.918562]],[[0.234023,-0.891835,-0.387123],[0.898631,0.350394,-0.263981],[0.371073,-0.286103,0.883431]],[[0.234023,-0.891835,-0.387123],[0.695962,0.431705,-0.573819],[0.678874,-0.135136,0.721712]]],"btipPosition":[54.1048,264.453,-76.7069],"carpPosition":[64.0823,205.635,52.4646],"dipPosition":[64.9868,262.287,-65.1383],"direction":[-0.371073,0.286103,-0.883431],"extended":true,"handId":363,"id":3631,"length":55.1725,"mcpPosition":[73.9697,239.877,-8.08099],"pipPosition":[73.4014,255.799,-45.1053],"stabilizedTipPosition":[55.6032,258.39,-70.7968],"timeVisible":0.123013,"tipPosition":[47.8505,258.838,-69.9584],"tipVelocity":[19.4469,480.564,-233.996],"tool":false,"touchDistance":0.289126,"touchZone":"hovering","type":1,"width":18.8205},{"bases":[[[0.0557501,-0.931028,-0.360663],[0.98361,-0.0108237,0.179984],[-0.171474,-0.364786,0.915165]],[[0.0544967,-0.933667,-0.353972],[0.998015,0.0621406,-0.0102552],[0.0315709,-0.352711,0.9352]],[[0.0544967,-0.933667,-0.353972],[0.887879,0.207501,-0.410627],[0.456839,-0.291906,0.840291]],[[0.0544967,-0.933667,-0.353972],[0.701411,0.288102,-0.651936],[0.710671,-0.212751,0.670584]]],"btipPosition":[53.8413,247.931,-90.3331],"carpPosition":[68.5615,196.138,47.1722],"dipPosition":[66.3707,244.18,-78.5104],"direction":[-0.456839,0.291906,-0.840291],"extended":true,"handId":363,"id":3632,"length":62.8646,"mcpPosition":[79.9862,220.442,-13.8019],"pipPosition":[78.5585,236.392,-56.0926],"stabilizedTipPosition":[52.3461,233.957,-76.0501],"timeVisible":0.123013,"tipPosition":[48.1893,243.539,-81.5298],"tipVelocity":[113.199,465.902,-322.034],"tool":false,"touchDistance":0.156302,"touchZone":"hovering","type":2,"width":18.4842},{"bases":[[[-0.0443997,-0.971079,-0.234593],[0.979112,-0.0889369,0.182838],[-0.198414,-0.221575,0.954744]],[[-0.033632,-0.957713,-0.285753],[0.998851,-0.0224403,-0.0423511],[0.0341478,-0.286849,0.957367]],[[-0.033632,-0.957713,-0.285753],[0.887842,0.102656,-0.448552],[0.458918,-0.268789,0.846845]],[[-0.033632,-0.957713,-0.285753],[0.683786,0.186474,-0.705453],[0.728907,-0.21912,0.648599]]],"btipPosition":[55.9258,221.651,-88.222],"carpPosition":[70.1925,185.546,42.3994],"dipPosition":[68.7029,217.81,-76.8526],"direction":[-0.458918,0.268789,-0.846845],"extended":true,"handId":363,"id":3633,"length":60.446,"mcpPosition":[82.0614,198.8,-14.7126],"pipPosition":[80.63,210.824,-54.8434],"stabilizedTipPosition":[55.0793,207.915,-73.7073],"timeVisible":0.123013,"tipPosition":[50.2172,218.282,-79.0039],"tipVelocity":[103.211,422.613,-338.182],"tool":false,"touchDistance":0.147385,"touchZone":"hovering","type":3,"width":17.5889},{"bases":[[[-0.228229,-0.962064,-0.149479],[0.938885,-0.258116,0.227751],[-0.257694,-0.0883641,0.962178]],[[-0.222609,-0.959931,-0.170227],[0.974313,-0.225152,-0.00446697],[-0.034039,-0.166849,0.985395]],[[-0.222609,-0.959931,-0.170227],[0.895007,-0.131996,-0.426074],[0.386533,-0.247203,0.888529]],[[-0.222609,-0.959931,-0.170227],[0.719717,-0.0440352,-0.692869],[0.657611,-0.276755,0.700682]]],"btipPosition":[62.7241,193.085,-75.289],"carpPosition":[65.0526,173.645,38.315],"dipPosition":[73.3585,188.609,-63.958],"direction":[-0.386533,0.247203,-0.888529],"extended":true,"handId":363,"id":3634,"length":47.3885,"mcpPosition":[79.3222,178.538,-14.9646],"pipPosition":[80.4513,184.073,-47.6537],"stabilizedTipPosition":[62.72,179.144,-60.0596],"timeVisible":0.123013,"tipPosition":[56.6989,192.116,-66.0864],"tipVelocity":[63.3003,370.35,-315.62],"tool":false,"touchDistance":0.272253,"touchZone":"hovering","type":4,"width":15.6239}],"r":[[0.998951,-0.0355507,0.0288572],[0.0350029,0.999201,0.0192722],[-0.0295193,-0.018242,0.999398]],"s":1.00974,"t":[-12.9879,41.4868,-26.009],"timestamp":261546165476},{"currentFrameRate":30.2717,"devices":[],"gestures":[],"hands":[{"armBasis":[[0.115934,-0.803278,-0.584212],[0.955211,0.251398,-0.15611],[0.272269,-0.539947,0.796446]],"armWidth":61.649,"confidence":0.64331,"direction":[0.345953,0.35487,-0.868553],"elbow":[123.562,39.8112,269.248],"grabAngle":0.860063,"grabStrength":0,"id":363,"palmNormal":[-0.917565,-0.0653532,-0.392177],"palmPosition":[66.7911,213.609,1.53335],"palmVelocity":[-103.979,209.343,-154.27],"palmWidth":86.8926,"pinchDistance":59.3371,"pinchStrength":0,"r":[[0.99844,-0.038468,0.0404696],[0.0374261,0.998956,0.0261958],[-0.041435,-0.0246403,0.998837]],"s":1.03746,"sphereCenter":[-33.3675,212.88,-51.9669],"sphereRadius":114.172,"stabilizedPalmPosition":[67.8377,211.209,3.21344],"t":[-15.6741,48.2545,-30.572],"timeVisible":0.144988,"type":"right","wrist":[53.3591,179.032,63.8911]}],"id":216311,"interactionBox":{"center":[0,200,0],"size":[235.247,235.247,147.751]},"pointables":[{"bases":[[[0.967045,-0.247587,0.0593618],[0.117648,0.641308,0.758211],[-0.225792,-0.72624,0.649302]],[[0.990756,-0.127729,-0.045695],[0.107731,0.536112,0.837244],[-0.082443,-0.834428,0.544916]],[[0.990756,-0.127729,-0.045695],[0.128311,0.773007,0.621286],[-0.0440338,-0.621406,0.782251]],[[0.990756,-0.127729,-0.045695],[0.134855,0.890765,0.433995],[-0.0147303,-0.436145,0.899756]]],"btipPosition":[43.8965,281.577,-17.9766],"carpPosition":[38.2344,212.346,52.778],"dipPosition":[43.573,272,1.77932],"direction":[0.0440338,0.621406,-0.782251],"extended":true,"handId":363,"id":3630,"length":48.8949,"mcpPosition":[38.2344,212.346,52.778],"pipPosition":[42.1645,252.123,26.802],"stabilizedTipPosition":[45.3023,275.321,-10.8881],"timeVisible":0.144988,"tipPosition":[44.8318,279.891,-12.3052],"tipVelocity":[-65.5791,284.191,-113.666],"tool":false,"touchDistance":0.830704,"touchZone":"hovering","type":0,"width":19.7032},{"bases":[[[0.251239,-0.859806,-0.444537],[0.953124,0.139753,0.268373],[-0.168623,-0.491125,0.854613]],[[0.2398,-0.889787,-0.388299],[0.969643,0.199807,0.14096],[-0.0478393,-0.410313,0.910689]],[[0.2398,-0.889787,-0.388299],[0.931343,0.323746,-0.166698],[0.274036,-0.321665,0.906331]],[[0.2398,-0.889787,-0.388299],[0.793208,0.410184,-0.450078],[0.559747,-0.200073,0.804148]]],"btipPosition":[59.0008,271.554,-81.2997],"carpPosition":[60.4123,210.009,48.8919],"dipPosition":[67.9733,268.347,-68.4096],"direction":[-0.274036,0.321665,-0.906331],"extended":true,"handId":363,"id":3631,"length":55.1725,"mcpPosition":[72.2591,244.514,-11.1504],"pipPosition":[74.1874,261.052,-47.8573],"stabilizedTipPosition":[59.5249,267.313,-76.21],"timeVisible":0.144988,"tipPosition":[51.2714,265.678,-74.8036],"tipVelocity":[202.812,312.24,-195.168],"tool":false,"touchDistance":0.242758,"touchZone":"hovering","type":1,"width":18.8205},{"bases":[[[0.0599575,-0.929396,-0.364183],[0.977944,-0.0184357,0.208053],[-0.200077,-0.368625,0.907791]],[[0.0578005,-0.933309,-0.354391],[0.997785,0.0422963,0.0513469],[-0.0329331,-0.356573,0.933687]],[[0.0578005,-0.933309,-0.354391],[0.935651,0.174442,-0.306801],[0.348161,-0.313853,0.883335]],[[0.0578005,-0.933309,-0.354391],[0.796729,0.257028,-0.546954],[0.601566,-0.250739,0.758451]]],"btipPosition":[59.9044,253.99,-95.9666],"carpPosition":[64.979,200.511,43.6764],"dipPosition":[70.5102,249.569,-82.5948],"direction":[-0.348161,0.313853,-0.883335],"extended":true,"handId":363,"id":3632,"length":62.8646,"mcpPosition":[78.3094,225.071,-16.8064],"pipPosition":[79.7987,241.196,-59.0286],"stabilizedTipPosition":[57.5231,243.804,-84.7709],"timeVisible":0.144988,"tipPosition":[52.4855,249.94,-87.4271],"tipVelocity":[255.776,268.701,-240.146],"tool":false,"touchDistance":0.116776,"touchZone":"hovering","type":2,"width":18.4842},{"bases":[[[-0.0440323,-0.96946,-0.241265],[0.972852,-0.0965313,0.210334],[-0.2272,-0.225454,0.947392]],[[-0.0319485,-0.956172,-0.291058],[0.998944,-0.0401657,0.0222999],[-0.0330131,-0.290038,0.956446]],[[-0.0319485,-0.956172,-0.291058],[0.937225,0.0725158,-0.341102],[0.347259,-0.283684,0.893831]],[[-0.0319485,-0.956172,-0.291058],[0.787784,0.155129,-0.596097],[0.615123,-0.248335,0.7483]]],"btipPosition":[61.8437,227.304,-94.2193],"carpPosition":[66.6766,189.934,38.8925],"dipPosition":[72.6262,222.951,-81.1023],"direction":[-0.347259,0.283684,-0.893831],"extended":true,"handId":363,"id":3633,"length":60.446,"mcpPosition":[80.2675,203.421,-17.7798],"pipPosition":[81.6514,215.578,-57.8719],"stabilizedTipPosition":[59.3736,216.457,-81.8344],"timeVisible":0.144988,"tipPosition":[54.3912,224.279,-85.2368],"tipVelocity":[248.424,251.912,-254.624],"tool":false,"touchDistance":0.0947931,"touchZone":"hovering","type":3,"width":17.5889},{"bases":[[[-0.230166,-0.959672,-0.161408],[0.93024,-0.265679,0.253116],[-0.285791,-0.0918892,0.953876]],[[-0.224977,-0.95786,-0.178575],[0.969455,-0.238426,0.0575288],[-0.0976816,-0.160178,0.982243]],[[-0.224977,-0.95786,-0.178575],[0.935017,-0.160679,-0.316111],[0.274096,-0.238089,0.931764]],[[-0.224977,-0.95786,-0.178575],[0.810226,-0.0821083,-0.580339],[0.541221,-0.275249,0.794555]]],"btipPosition":[66.8619,197.313,-80.7562],"carpPosition":[61.578,178.091,34.5951],"dipPosition":[75.6142,192.862,-67.9071],"direction":[-0.274096,0.238089,-0.931764],"extended":true,"handId":363,"id":3634,"length":47.3885,"mcpPosition":[77.4034,183.179,-18.2249],"pipPosition":[80.6438,188.493,-50.8094],"stabilizedTipPosition":[65.0178,185.545,-66.6829],"timeVisible":0.144988,"tipPosition":[59.2783,196.978,-71.7461],"tipVelocity":[168.598,192.672,-232.902],"tool":false,"touchDistance":0.187878,"touchZone":"hovering","type":4,"width":15.6239}],"r":[[0.99844,-0.038468,0.0404696],[0.0374261,0.998956,0.0261958],[-0.041435,-0.0246403,0.998837]],"s":1.03746,"t":[-15.6741,48.2545,-30.572],"timestamp":261546187451},{"currentFrameRate":31.8628,"devices":[],"gestures":[],"hands":[{"armBasis":[[0.130149,-0.789942,-0.599211],[0.953792,0.264822,-0.141951],[0.270817,-0.553048,0.787906]],"armWidth":61.649,"confidence":0.706114,"direction":[0.347053,0.368482,-0.862424],"elbow":[120.429,39.6311,263.957],"grabAngle":0.752367,"grabStrength":0,"id":363,"palmNormal":[-0.9138,-0.0740341,-0.399359],"palmPosition":[64.0231,217.72,-1.05061],"palmVelocity":[-126.152,187.379,-117.763],"palmWidth":86.8926,"pinchDistance":61.0265,"pinchStrength":0,"r":[[0.997964,-0.0381803,0.0510861],[0.036479,0.998762,0.0338313],[-0.0523145,-0.0318989,0.998121]],"s":1.06954,"sphereCenter":[-49.8266,215.051,-60.0404],"sphereRadius":129.499,"stabilizedPalmPosition":[65.0641,215.944,0.113026],"t":[-18.4013,53.6941,-34.1455],"timeVisible":0.16693,"type":"right","wrist":[50.6008,182.23,60.8018]}],"id":216312,"interactionBox":{"center":[0,200,0],"size":[235.247,235.247,147.751]},"pointables":[{"bases":[[[0.969957,-0.234774,0.0637553],[0.103406,0.635092,0.765484],[-0.220206,-0.735894,0.640289]],[[0.993093,-0.108824,-0.043866],[0.0944887,0.520108,0.848858],[-0.0695606,-0.847139,0.526798]],[[0.993093,-0.108824,-0.043866],[0.111075,0.751498,0.650317],[-0.0378046,-0.650698,0.758395]],[[0.993093,-0.108824,-0.043866],[0.116521,0.870842,0.477553],[-0.0137686,-0.479366,0.877507]]],"btipPosition":[39.9564,287.262,-18.6659],"carpPosition":[35.1288,215.539,49.9735],"dipPosition":[39.654,276.736,0.60154],"direction":[0.0378046,0.650698,-0.758395],"extended":true,"handId":363,"id":3630,"length":48.8949,"mcpPosition":[35.1288,215.539,49.9735],"pipPosition":[38.4447,255.922,24.8611],"stabilizedTipPosition":[40.8451,283.156,-13.6423],"timeVisible":0.16693,"tipPosition":[41.0748,283.955,-14.3568],"tipVelocity":[-179.347,249.129,-36.5341],"tool":false,"touchDistance":0.768943,"touchZone":"hovering","type":0,"width":19.7032},{"bases":[[[0.266281,-0.851658,-0.451412],[0.949186,0.15018,0.276571],[-0.167751,-0.50212,0.848372]],[[0.256137,-0.879264,-0.401608],[0.962026,0.191322,0.194686],[-0.0943439,-0.436224,0.894879]],[[0.256137,-0.879264,-0.401608],[0.946431,0.312625,-0.0808364],[0.19663,-0.359389,0.912237]],[[0.256137,-0.879264,-0.401608],[0.848548,0.403517,-0.342258],[0.462991,-0.253119,0.849453]]],"btipPosition":[61.0716,278.616,-83.7537],"carpPosition":[57.3636,213.549,46.2223],"dipPosition":[68.4931,274.559,-70.1374],"direction":[-0.19663,0.359389,-0.912237],"extended":true,"handId":363,"id":3631,"length":55.1725,"mcpPosition":[69.1493,248.826,-13.3815],"pipPosition":[72.952,266.409,-49.4512],"stabilizedTipPosition":[62.1188,275.58,-79.7273],"timeVisible":0.16693,"tipPosition":[52.2599,272.348,-77.9628],"tipVelocity":[78.1199,312.949,-104.228],"tool":false,"touchDistance":0.231056,"touchZone":"hovering","type":1,"width":18.8205},{"bases":[[[0.075428,