{"frames":335,"data":[{"currentFrameRate":23.1767,"devices":[],"gestures":[],"hands":[],"id":216759,"interactionBox":{"center":[0,200,0],"size":[235.247,235.247,147.751]},"pointables":[],"r":[[-0.0794966,-0.728761,-0.680138],[0.446709,0.583909,-0.677865],[0.891141,-0.357712,0.279125]],"s":-5.62558,"t":[894.675,787.691,741.58],"timestamp":261559057546},{"currentFrameRate":23.2784,"devices":[],"gestures":[],"hands":[],"id":216760,"interactionBox":{"center":[0,200,0],"size":[235.247,235.247,147.751]},"pointables":[],"r":[[-0.0794966,-0.728761,-0.680138],[0.446709,0.583909,-0.677865],[0.891141,-0.357712,0.279125]],"s":-5.62558,"t":[894.675,787.691,741.58],"timestamp":261559099720},{"currentFrameRate":23.3545,"devices":[],"gestures":[],"hands":[],"id":216761,"interactionBox":{"center":[0,200,0],"size":[235.247,235.247,147.751]},"pointables":[],"r":[[-0.0794966,-0.728761,-0.680138],[0.446709,0.583909,-0.677865],[0.891141,-0.357712,0.279125]],"s":-5.62558,"t":[894.675,787.691,741.58],"timestamp":261559141953},{"currentFrameRate":23.4696,"devices":[],"gestures":[],"hands":[],"id":216762,"interactionBox":{"center":[0,200,0],"size":[235.247,235.247,147.751]},"pointables":[],"r":[[-0.0794966,-0.728761,-0.680138],[0.446709,0.583909,-0.677865],[0.891141,-0.357712,0.279125]],"s":-5.62558,"t":[894.675,787.691,741.58],"timestamp":261559183679},{"currentFrameRate":23.5214,"devices":[],"gestures":[],"hands":[],"id":216763,"interactionBox":{"center":[0,200,0],"size":[235.247,235.247,147.751]},"pointables":[],"r":[[-0.0794966,-0.728761,-0.680138],[0.446709,0.583909,-0.677865],[0.891141,-0.357712,0.279125]],"s":-5.62558,"t":[894.675,787.691,741.58],"timestamp":261559225798},{"currentFrameRate":23.542,"devices":[],"gestures":[],"hands":[],"id":216764,"interactionBox":{"center":[0,200,0],"size":[235.247,235.247,147.751]},"pointables":[],"r":[[-0.0794966,-0.728761,-0.680138],[0.446709,0.583909,-0.677865],[0.891141,-0.357712,0.279125]],"s":-5.62558,"t":[894.675,787.691,741.58],"timestamp":261559268118},{"currentFrameRate":23.6113,"devices":[],"gestures":[],"hands":[],"id":216765,"interactionBox":{"center":[0,200,0],"size":[235.247,235.247,147.751]},"pointables":[],"r":[[-0.0794966,-0.728761,-0.680138],[0.446709,0.583909,-0.677865],[0.891141,-0.357712,0.279125]],"s":-5.62558,"t":[894.675,787.691,741.58],"timestamp":261559309943},{"currentFrameRate":23.6097,"devices":[],"gestures":[],"hands":[],"id":216766,"interactionBox":{"center":[0,200,0],"size":[235.247,235.247,147.751]},"pointables":[],"r":[[-0.0794966,-0.728761,-0.680138],[0.446709,0.583909,-0.677865],[0.891141,-0.357712,0.279125]],"s":-5.62558,"t":[894.675,787.691,741.58],"timestamp":261559352311},{"currentFrameRate":23.6614,"devices":[],"gestures":[],"hands":[],"id":216767,"interactionBox":{"center":[0,200,0],"size":[235.247,235.247,147.751]},"pointables":[],"r":[[-0.0794966,-0.728761,-0.680138],[0.446709,0.583909,-0.677865],[0.891141,-0.357712,0.279125]],"s":-5.62558,"t":[894.675,787.691,741.58],"timestamp":261559394181},{"currentFrameRate":23.6925,"devices":[],"gestures":[],"hands":[],"id":216768,"interactionBox":{"center":[0,200,0],"size":[235.247,235.247,147.751]},"pointables":[],"r":[[-0.0794966,-0.728761,-0.680138],[0.446709,0.583909,-0.677865],[0.891141,-0.357712,0.279125]],"s":-5.62558,"t":[894.675,787.691,741.58],"timestamp":261559436152},{"currentFrameRate":23.7128,"devices":[],"gestures":[],"hands":[],"id":216769,"interactionBox":{"center":[0,200,0],"size":[235.247,235.247,147.751]},"pointables":[],"r":[[-0.0794966,-0.728761,-0.680138],[0.446709,0.583909,-0.677865],[0.891141,-0.357712,0.279125]],"s":-5.62558,"t":[894.675,787.691,741.58],"timestamp":261559478170},{"currentFrameRate":23.7189,"devices":[],"gestures":[],"hands":[{"armBasis":[[-0.0156439,-0.997565,-0.0679636],[0.998586,-0.0121342,-0.0517502],[0.0507995,-0.0686771,0.996345]],"armWidth":60.8506,"confidence":0,"direction":[0.375344,0.284721,-0.882072],"elbow":[72.8451,164.271,326.871],"grabAngle":0.824293,"grabStrength":0,"id":364,"palmNormal":[-0.926463,0.143981,-0.347759],"palmPosition":[78.9375,207.914,5.37842],"palmVelocity":[1.19209e-7,1.19209e-7,1.19209e-7],"palmWidth":86.8926,"pinchDistance":67.8163,"pinchStrength":0,"r":[[1,5.55112e-18,-2.22045e-17],[-5.55112e-18,1,2.46519e-34],[2.22045e-17,-1.2326e-34,1]],"s":1,"sphereCenter":[-11.573,211.622,-51.3469],"sphereRadius":108.888,"stabilizedPalmPosition":[78.9375,207.914,5.37842],"t":[0,0,0],"timeVisible":0,"type":"right","wrist":[59.7469,181.978,69.972]}],"id":216770,"interactionBox":{"center":[0,200,0],"size":[235.247,235.247,147.751]},"pointables":[{"bases":[[[0.890633,-0.454588,0.0110317],[0.290367,0.587225,0.755548],[-0.349942,-0.669713,0.655]],[[0.955219,-0.224858,-0.19234],[0.286938,0.545151,0.787703],[-0.0722665,-0.807619,0.585259]],[[0.955219,-0.224858,-0.19234],[0.295889,0.731027,0.614858],[0.00235052,-0.644235,0.764824]],[[0.955219,-0.224858,-0.19234],[0.282505,0.886382,0.366767],[0.0880167,-0.40468,0.910213]]],"btipPosition":[54.5813,280.614,-15.2101],"carpPosition":[53.1801,212.094,57.9348],"dipPosition":[56.5485,271.57,5.13284],"direction":[-0.00235052,0.644235,-0.764824],"extended":true,"handId":364,"id":3640,"length":49.7695,"mcpPosition":[53.1801,212.094,57.9348],"pipPosition":[56.625,250.594,30.0357],"stabilizedTipPosition":[55.0338,278.534,-10.5313],"timeVisible":0,"tipPosition":[55.0338,278.534,-10.5313],"tipVelocity":[1.19209e-7,1.19209e-7,1.19209e-7],"tool":false,"touchDistance":1,"touchZone":"none","type":0,"width":19.3381},{"bases":[[[0.0354312,-0.886476,-0.461416],[0.971798,-0.077147,0.222838],[-0.233137,-0.456298,0.858743]],[[0.0143945,-0.923803,-0.382597],[0.979471,-0.0639176,0.191184],[-0.201071,-0.377495,0.903918]],[[0.0143945,-0.923803,-0.382597],[0.970578,0.104888,-0.216743],[0.240357,-0.36822,0.898133]],[[0.0143945,-0.923803,-0.382597],[0.837776,0.220017,-0.499724],[0.545824,-0.313337,0.777107]]],"btipPosition":[84.2749,266.173,-77.8613],"carpPosition":[74.0997,205.016,52.967],"dipPosition":[93.1807,261.061,-65.1818],"direction":[-0.240357,0.36822,-0.898133],"extended":true,"handId":364,"id":3641,"length":56.1593,"mcpPosition":[90.4792,237.074,-7.3654],"pipPosition":[98.7286,252.562,-44.4511],"stabilizedTipPosition":[86.3232,264.997,-74.945],"timeVisible":0,"tipPosition":[86.3232,264.997,-74.945],"tipVelocity":[1.19209e-7,1.19209e-7,1.19209e-7],"tool":false,"touchDistance":0.409159,"touchZone":"hovering","type":1,"width":18.4718},{"bases":[[[-0.162583,-0.913746,-0.372337],[0.958443,-0.235905,0.160422],[-0.234421,-0.330782,0.914128]],[[-0.164445,-0.916353,-0.365042],[0.965408,-0.225439,0.131013],[-0.202349,-0.33087,0.921727]],[[-0.164445,-0.916353,-0.365042],[0.964956,-0.0727264,-0.252134],[0.204495,-0.393711,0.896199]],[[-0.164445,-0.916353,-0.365042],[0.836944,0.0662228,-0.543267],[0.521998,-0.394857,0.756046]]],"btipPosition":[86.2345,249.882,-93.758],"carpPosition":[76.2228,194.835,47.4788],"dipPosition":[95.6022,242.796,-80.1902],"direction":[-0.204495,0.393711,-0.896199],"extended":true,"handId":364,"id":3642,"length":63.9891,"mcpPosition":[91.8414,216.874,-13.4261],"pipPosition":[101.155,232.104,-55.8531],"stabilizedTipPosition":[88.3891,248.252,-90.6374],"timeVisible":0,"tipPosition":[88.3891,248.252,-90.6374],"tipVelocity":[1.19209e-7,1.19209e-7,1.19209e-7],"tool":false,"touchDistance":0.156044,"touchZone":"hovering","type":2,"width":18.1417},{"bases":[[[-0.267093,-0.932063,-0.244784],[0.936417,-0.311009,0.162468],[-0.227561,-0.185825,0.955869]],[[-0.250574,-0.916836,-0.310846],[0.954394,-0.28778,0.079461],[-0.162308,-0.276759,0.947133]],[[-0.250574,-0.916836,-0.310846],[0.939642,-0.153054,-0.306018],[0.232991,-0.368764,0.899849]],[[-0.250574,-0.916836,-0.310846],[0.810795,-0.0232988,-0.584866],[0.528984,-0.398585,0.749204]]],"btipPosition":[80.2681,224.016,-92.2103],"carpPosition":[75.3325,184.224,42.5538],"dipPosition":[89.7066,216.904,-78.8425],"direction":[-0.232991,0.368764,-0.899849],"extended":true,"handId":364,"id":3643,"length":61.5272,"mcpPosition":[88.945,195.34,-14.6255],"pipPosition":[95.8703,207.149,-55.0374],"stabilizedTipPosition":[82.439,222.38,-89.1357],"timeVisible":0,"tipPosition":[82.439,222.38,-89.1357],"tipVelocity":[1.19209e-7,1.19209e-7,1.19209e-7],"tool":false,"touchDistance":0.181071,"touchZone":"hovering","type":3,"width":17.263},{"bases":[[[-0.442663,-0.88302,-0.155964],[0.859667,-0.46738,0.206224],[-0.254995,-0.0427894,0.965995]],[[-0.417976,-0.87561,-0.24208],[0.892819,-0.445159,0.0686072],[-0.167837,-0.187458,0.967828]],[[-0.417976,-0.87561,-0.24208],[0.893801,-0.348691,-0.282018],[0.162527,-0.334248,0.928366]],[[-0.417976,-0.87561,-0.24208],[0.787467,-0.216338,-0.577143],[0.452981,-0.431862,0.779938]]],"btipPosition":[76.8589,195.912,-77.9145],"carpPosition":[67.5635,173.861,38.4355],"dipPosition":[84.3153,188.803,-65.0762],"direction":[-0.162527,0.334248,-0.928366],"extended":true,"handId":364,"id":3644,"length":48.2362,"mcpPosition":[81.6836,176.23,-15.0556],"pipPosition":[87.351,182.56,-47.7362],"stabilizedTipPosition":[78.5739,194.277,-74.9617],"timeVisible":0,"tipPosition":[78.5739,194.277,-74.9617],"tipVelocity":[1.19209e-7,1.19209e-7,1.19209e-7],"tool":false,"touchDistance":0.408908,"touchZone":"hovering","type":4,"width":15.3344}],"r":[[1,5.55112e-18,-2.22045e-17],[-5.55112e-18,1,2.46519e-34],[2.22045e-17,-1.2326e-34,1]],"s":1,"t":[0,0,0],"timestamp":261559520284},{"currentFrameRate":23.7377,"devices":[],"gestures":[],"hands":[{"armBasis":[[0.126416,-0.962572,-0.239737],[0.986564,0.147212,-0.0708492],[0.10349,-0.227559,0.968249]],"armWidth":61.649,"confidence":0.217641,"direction":[0.421009,0.328513,-0.845477],"elbow":[82.6894,135.398,312.848],"grabAngle":0.533519,"grabStrength":0,"id":364,"palmNormal":[-0.899246,0.0291119,-0.436473],"palmPosition":[76.547,223.969,0.58148],"palmVelocity":[-56.9374,382.401,-114.254],"palmWidth":86.8926,"pinchDistance":67.1753,"pinchStrength":0,"r":[[0.999514,0.0245991,0.0191657],[-0.0245576,0.999696,-0.00240041],[-0.0192189,0.00192858,0.999813]],"s":1.04811,"sphereCenter":[-61.404,225.058,-79.0769],"sphereRadius":161.908,"stabilizedPalmPosition":[77.1037,220.23,1.69872],"t":[-1.19526,8.02756,-2.39847],"timeVisible":0.041985,"type":"right","wrist":[56.0055,194.073,63.1929]}],"id":216771,"interactionBox":{"center":[0,200,0],"size":[235.247,235.247,147.751]},"pointables":[{"bases":[[[0.934257,-0.341818,0.101607],[0.142262,0.61854,0.772768],[-0.326994,-0.707509,0.626503]],[[0.984823,-0.166867,-0.0477366],[0.127391,0.508168,0.851785],[-0.117877,-0.844939,0.521713]],[[0.984823,-0.166867,-0.0477366],[0.149166,0.673143,0.724312],[-0.0887303,-0.72044,0.687818]],[[0.984823,-0.166867,-0.0477366],[0.158784,0.755173,0.636004],[-0.0700789,-0.633931,0.770208]]],"btipPosition":[55.523,302.207,-13.4036],"carpPosition":[45.5268,224.964,50.3796],"dipPosition":[53.9842,288.287,3.50777],"direction":[0.0887303,0.72044,-0.687818],"extended":true,"handId":364,"id":3640,"length":48.8949,"mcpPosition":[45.5268,224.964,50.3796],"pipPosition":[51.1459,265.242,25.5097],"stabilizedTipPosition":[55.1624,298.001,-9.56392],"timeVisible":0.041985,"tipPosition":[51.3847,295.806,-13.1131],"tipVelocity":[3.2226,487.578,24.2286],"tool":false,"touchDistance":1,"touchZone":"none","type":0,"width":19.7032},{"bases":[[[0.187776,-0.875491,-0.44526],[0.947905,0.0427633,0.315669],[-0.257324,-0.481339,0.837912]],[[0.17571,-0.896756,-0.406147],[0.945855,0.0394082,0.32219],[-0.27292,-0.440767,0.855125]],[[0.17571,-0.896756,-0.406147],[0.984442,0.160237,0.0720979],[0.000425595,-0.412496,0.910959]],[[0.17571,-0.896756,-0.406147],[0.95968,0.247985,-0.132358],[0.219411,-0.366514,0.904172]]],"btipPosition":[93.0878,287.318,-80.9664],"carpPosition":[67.5352,220.506,47.5205],"dipPosition":[96.6048,281.443,-66.473],"direction":[-0.000425595,0.412496,-0.910959],"extended":true,"handId":364,"id":3641,"length":55.1725,"mcpPosition":[85.614,254.323,-11.3484],"pipPosition":[96.6145,272.089,-45.8158],"stabilizedTipPosition":[93.6848,285.38,-77.5577],"timeVisible":0.041985,"tipPosition":[89.0196,283.629,-78.5323],"tipVelocity":[180.384,499.452,-64.0216],"tool":false,"touchDistance":0.361257,"touchZone":"hovering","type":1,"width":18.8205},{"bases":[[[-0.0130807,-0.926849,-0.375207],[0.960125,-0.116443,0.254167],[-0.279265,-0.356921,0.891414]],[[-0.0209058,-0.936492,-0.350066],[0.966496,-0.108526,0.23261],[-0.255829,-0.333474,0.907384]],[[-0.0209058,-0.936492,-0.350066],[0.999047,-0.00614637,-0.0432201],[0.0383236,-0.350635,0.935728]],[[-0.0209058,-0.936492,-0.350066],[0.965447,0.0720625,-0.250437],[0.259759,-0.343205,0.902627]]],"btipPosition":[95.9783,264.928,-98.9192],"carpPosition":[71.4052,210.662,42.3829],"dipPosition":[100.558,258.877,-83.0055],"direction":[-0.0383236,0.350635,-0.935728],"extended":true,"handId":364,"id":3642,"length":62.8646,"mcpPosition":[90.0115,234.443,-17.0087],"pipPosition":[101.58,249.523,-58.0415],"stabilizedTipPosition":[95.6087,261.02,-94.4981],"timeVisible":0.041985,"tipPosition":[92.6607,264.569,-94.8153],"tipVelocity":[205.848,364.049,-110.078],"tool":false,"touchDistance":0.156194,"touchZone":"hovering","type":2,"width":18.4842},{"bases":[[[-0.126375,-0.957838,-0.258024],[0.947345,-0.193683,0.254998],[-0.294221,-0.212213,0.93188]],[[-0.126475,-0.957909,-0.257709],[0.961628,-0.18216,0.205158],[-0.243467,-0.221873,0.944191]],[[-0.126475,-0.957909,-0.257709],[0.991623,-0.115225,-0.0583623],[0.0262114,-0.262931,0.964458]],[[-0.126475,-0.957909,-0.257709],[0.968145,-0.0626025,-0.242438],[0.2161,-0.280162,0.935313]]],"btipPosition":[95.6332,233.761,-99.2611],"carpPosition":[72.2968,200.022,37.5228],"dipPosition":[99.4213,228.85,-82.866],"direction":[-0.0262114,0.262931,-0.964458],"extended":true,"handId":364,"id":3643,"length":60.446,"mcpPosition":[89.8969,212.716,-18.2216],"pipPosition":[100.102,222.016,-57.8],"stabilizedTipPosition":[93.6548,230.554,-94.2028],"timeVisible":0.041985,"tipPosition":[91.9039,235.702,-94.4053],"tipVelocity":[335.012,244.156,-151.352],"tool":false,"touchDistance":0.14898,"touchZone":"hovering","type":3,"width":17.5889},{"bases":[[[-0.314359,-0.930704,-0.186998],[0.886416,-0.358286,0.293082],[-0.339772,-0.0736248,0.937622]],[[-0.342399,-0.933588,-0.105716],[0.908278,-0.357689,0.217001],[-0.240402,-0.0217184,0.97043]],[[-0.342399,-0.933588,-0.105716],[0.939486,-0.338842,-0.050517],[0.0113412,-0.116615,0.993112]],[[-0.342399,-0.933588,-0.105716],[0.914392,-0.305248,-0.265914],[0.215985,-0.187714,0.958183]]],"btipPosition":[89.3742,198.755,-85.0264],"carpPosition":[66.2856,188.782,32.8047],"dipPosition":[92.867,195.719,-69.5313],"direction":[-0.0113412,0.116615,-0.993112],"extended":true,"handId":364,"id":3644,"length":47.3885,"mcpPosition":[85.1001,192.859,-19.1152],"pipPosition":[93.0751,193.579,-51.3078],"stabilizedTipPosition":[83.8304,195.989,-77.9066],"timeVisible":0.041985,"tipPosition":[88.1321,203.56,-80.477],"tipVelocity":[276.377,90.0297,-154.837],"tool":false,"touchDistance":0.305346,"touchZone":"hovering","type":4,"width":15.6239}],"r":[[0.999514,0.0245991,0.0191657],[-0.0245576,0.999696,-0.00240041],[-0.0192189,0.00192858,0.999813]],"s":1.04811,"t":[-1.19526,8.02756,-2.39847],"timestamp":261559562269},{"currentFrameRate":24.772,"devices":[],"gestures":[],"hands":[{"armBasis":[[0.129208,-0.911346,-0.390838],[0.978662,0.180701,-0.0978146],[0.159768,-0.36986,0.915247]],"armWidth":61.649,"confidence":0.374265,"direction":[0.437074,0.298323,-0.84851],"elbow":[93.5082,108.701,294.229],"grabAngle":0.457367,"grabStrength":0,"id":364,"palmNormal":[-0.886758,-0.0148453,-0.461995],"palmPosition":[73.0999,233.566,-4.62774],"palmVelocity":[-105.456,293.585,-159.367],"palmWidth":86.8926,"pinchDistance":63.4302,"pinchStrength":0,"r":[[0.99798,0.0495896,0.0397099],[-0.049046,0.998691,-0.0145482],[-0.0403793,0.0125712,0.999105]],"s":1.08024,"sphereCenter":[-85.8644,225.434,-97.0533],"sphereRadius":186.806,"stabilizedPalmPosition":[73.8589,231.038,-3.42843],"t":[-3.51641,16.8395,-6.20231],"timeVisible":0.074672,"type":"right","wrist":[52.3135,204.066,58.2403]}],"id":216772,"interactionBox":{"center":[0,200,0],"size":[235.247,235.247,147.751]},"pointables":[{"bases":[[[0.938956,-0.312537,0.14381],[0.104939,0.658269,0.745433],[-0.327641,-0.684837,0.650883]],[[0.984711,-0.173577,0.0146567],[0.0878886,0.567713,0.818522],[-0.150397,-0.804719,0.574289]],[[0.984711,-0.173577,0.0146567],[0.121891,0.746708,0.653888],[-0.124444,-0.642104,0.75645]],[[0.984711,-0.173577,0.0146567],[0.134858,0.812897,0.56658],[-0.110259,-0.555941,0.823877]]],"btipPosition":[54.216,307.256,-25.4742],"carpPosition":[40.6449,236.149,44.1892],"dipPosition":[51.795,295.05,-7.38434],"direction":[0.124444,0.642104,-0.75645],"extended":true,"handId":364,"id":3640,"length":48.8949,"mcpPosition":[40.6449,236.149,44.1892],"pipPosition":[47.8143,274.51,16.813],"stabilizedTipPosition":[54.3909,301.31,-15.5944],"timeVisible":0.074672,"tipPosition":[48.5746,304.123,-22.1581],"tipVelocity":[-46.193,166.541,-360.984],"tool":false,"touchDistance":1,"touchZone":"none","type":0,"width":19.7032},{"bases":[[[0.22167,-0.890712,-0.396855],[0.937116,0.0820758,0.339229],[-0.269584,-0.447096,0.852895]],[[0.210409,-0.908327,-0.361483],[0.930249,0.0723262,0.359731],[-0.300608,-0.41196,0.860188]],[[0.210409,-0.908327,-0.361483],[0.974331,0.164563,0.153618],[-0.0800482,-0.384527,0.919637]],[[0.210409,-0.908327,-0.361483],[0.970766,0.237815,-0.0325216],[0.115506,-0.344073,0.931811]]],"btipPosition":[93.8483,294.376,-88.2256],"carpPosition":[62.828,232.124,42.1578],"dipPosition":[95.6998,288.86,-73.2892],"direction":[0.0800482,0.384527,-0.919637],"extended":true,"handId":364,"id":3641,"length":55.1725,"mcpPosition":[81.7681,263.536,-17.7637],"pipPosition":[93.8846,280.141,-52.4352],"stabilizedTipPosition":[94.1538,291.529,-83.3127],"timeVisible":0.074672,"tipPosition":[87.8896,290.321,-85.9102],"tipVelocity":[11.5487,218.44,-218.965],"tool":false,"touchDistance":0.241968,"touchZone":"hovering","type":1,"width":18.8205},{"bases":[[[0.0201852,-0.943781,-0.329953],[0.954955,-0.0795272,0.285896],[-0.296063,-0.320862,0.899664]],[[0.00921755,-0.955007,-0.296442],[0.961352,-0.0731151,0.265437],[-0.275169,-0.287431,0.917423]],[[0.00921755,-0.955007,-0.296442],[0.99826,-0.00847892,0.0583553],[-0.0582432,-0.296464,0.953267]],[[0.00921755,-0.955007,-0.296442],[0.990036,0.0503724,-0.131494],[0.14051,-0.292276,0.945956]]],"btipPosition":[98.3272,269.586,-105.924],"carpPosition":[67.0816,222.148,37.6131],"dipPosition":[100.804,264.433,-89.2467],"direction":[0.0582432,0.296464,-0.953267],"extended":true,"handId":364,"id":3642,"length":62.8646,"mcpPosition":[86.8072,243.526,-22.3281],"pipPosition":[99.2506,256.524,-63.8149],"stabilizedTipPosition":[97.2065,264.606,-98.1863],"timeVisible":0.074672,"tipPosition":[92.6049,269.63,-101.545],"tipVelocity":[57.0677,148.825,-208.936],"tool":false,"touchDistance":0.0423692,"touchZone":"hovering","type":2,"width":18.4842},{"bases":[[[-0.0956493,-0.972014,-0.214571],[0.944032,-0.156941,0.290125],[-0.31568,-0.174812,0.932624]],[[-0.0971018,-0.972808,-0.210275],[0.956429,-0.149655,0.250694],[-0.275346,-0.17677,0.944953]],[[-0.0971018,-0.972808,-0.210275],[0.993743,-0.106478,0.0337099],[-0.0551829,-0.205686,0.977061]],[[-0.0971018,-0.972808,-0.210275],[0.985346,-0.0641951,-0.158028],[0.140232,-0.222538,0.964786]]],"btipPosition":[97.772,238.427,-104.402],"carpPosition":[68.3703,211.313,33.3021],"dipPosition":[100.23,234.526,-87.4906],"direction":[0.0551829,0.205686,-0.977061],"extended":true,"handId":364,"id":3643,"length":60.446,"mcpPosition":[87.2541,221.77,-22.4867],"pipPosition":[98.796,229.18,-62.0971],"stabilizedTipPosition":[96.2104,234.361,-97.6466],"timeVisible":0.074672,"tipPosition":[92.1322,240.528,-99.7625],"tipVelocity":[56.0746,149.853,-153.652],"tool":false,"touchDistance":0.0652726,"touchZone":"hovering","type":3,"width":17.5889},{"bases":[[[-0.286201,-0.946331,-0.150156],[0.88604,-0.321037,0.334467],[-0.364722,-0.0373192,0.930368]],[[-0.318238,-0.945796,-0.0647716],[0.902652,-0.323185,0.284202],[-0.28973,0.0319776,0.956574]],[[-0.318238,-0.945796,-0.0647716],[0.946861,-0.320473,0.027402],[-0.0466742,-0.0526093,0.997524]],[[-0.318238,-0.945796,-0.0647716],[0.93696,-0.303392,-0.173378],[0.144329,-0.115864,0.982723]]],"btipPosition":[91.1015,203.555,-88.4758],"carpPosition":[62.7715,199.71,28.9718],"dipPosition":[93.4355,201.681,-72.5838],"direction":[0.0466742,0.0526093,-0.997524],"extended":true,"handId":364,"id":3644,"length":47.3885,"mcpPosition":[82.9676,201.777,-22.5465],"pipPosition":[92.579,200.716,-54.2794],"stabilizedTipPosition":[86.9049,198.799,-80.6291],"timeVisible":0.074672,"tipPosition":[88.0491,208.747,-84.3242],"tipVelocity":[44.6878,155.036,-102.736],"tool":false,"touchDistance":0.251427,"touchZone":"hovering","type":4,"width":15.6239}],"r":[[0.99798,0.0495896,0.0397099],[-0.049046,0.998691,-0.0145482],[-0.0403793,0.0125712,0.999105]],"s":1.08024,"t":[-3.51641,16.8395,-6.20231],"timestamp":261559594956},{"currentFrameRate":27.7661,"devices":[],"gestures":[],"hands":[{"armBasis":[[0.141032,-0.90087,-0.41054],[0.972462,0.203781,-0.113099],[0.185548,-0.383284,0.904801]],"armWidth":61.649,"confidence":0.441414,"direction":[0.441262,0.291066,-0.848863],"elbow":[97.9877,107.969,289.318],"grabAngle":0.429151,"grabStrength":0,"id":364,"palmNormal":[-0.880621,-0.0414977,-0.472],"palmPosition":[70.7932,235.928,-7.04402],"palmVelocity":[-150.746,154.391,-157.906],"palmWidth":86.8926,"pinchDistance":62.9353,"pinchStrength":0,"r":[[0.995575,0.0739141,0.0580333],[-0.0723512,0.996969,-0.0285893],[-0.0599706,0.024264,0.997905]],"s":1.10336,"sphereCenter":[-89.4897,224.342,-102.545],"sphereRadius":189.968,"stabilizedPalmPosition":[72.3145,233.501,-5.24986],"t":[-5.83034,22.4268,-9.31237],"timeVisible":0.089974,"type":"right","wrist":[50.1458,206.796,56.0221]}],"id":216773,"interactionBox":{"center":[0,200,0],"size":[235.247,235.247,147.751]},"pointables":[{"bases":[[[0.943214,-0.290699,0.160755],[0.0827028,0.67419,0.733913],[-0.321727,-0.678942,0.659946]],[[0.986051,-0.162098,0.0377917],[0.0644713,0.581291,0.811138],[-0.153452,-0.797386,0.583633]],[[0.986051,-0.162098,0.0377917],[0.10146,0.765358,0.635557],[-0.131947,-0.622857,0.771129]],[[0.986051,-0.162098,0.0377917],[0.118231,0.841942,0.526456],[-0.117156,-0.514644,0.849362]]],"btipPosition":[51.8121,308.009,-29.8074],"carpPosition":[37.704,238.774,41.3306],"dipPosition":[49.2397,296.709,-11.158],"direction":[0.131947,0.622857,-0.771129],"extended":true,"handId":364,"id":3640,"length":48.8949,"mcpPosition":[37.704,238.774,41.3306],"pipPosition":[45.019,276.785,13.5089],"stabilizedTipPosition":[53.7249,302.172,-17.6791],"timeVisible":0.089974,"tipPosition":[45.5664,305.614,-26.1494],"tipVelocity":[-159.372,62.8028,-274.768],"tool":false,"touchDistance":0.882973,"touchZone":"hovering","type":0,"width":19.7032},{"bases":[[[0.244247,-0.893363,-0.377155],[0.931107,0.107408,0.348572],[-0.270892,-0.436309,0.858051]],[[0.233657,-0.90947,-0.343903],[0.919494,0.0916851,0.382263],[-0.316126,-0.405535,0.857675]],[[0.233657,-0.90947,-0.343903],[0.965016,0.173644,0.196447],[-0.118945,-0.377773,0.918226]],[[0.233657,-0.90947,-0.343903],[0.970027,0.242308,0.0182661],[0.0667182,-0.337864,0.938827]]],"btipPosition":[93.388,296.143,-91.0881],"carpPosition":[59.9862,235.161,39.6368],"dipPosition":[94.4575,290.727,-76.0391],"direction":[0.118945,0.377773,-0.918226],"extended":true,"handId":364,"id":3641,"length":55.1725,"mcpPosition":[79.0182,265.815,-20.647],"pipPosition":[91.7602,282.161,-55.2171],"stabilizedTipPosition":[93.957,292.804,-84.9459],"timeVisible":0.089974,"tipPosition":[86.4197,291.849,-89.0237],"tipVelocity":[-41.8386,116.993,-185.373],"tool":false,"touchDistance":0.194692,"touchZone":"hovering","type":1,"width":18.8205},{"bases":[[[0.0430693,-0.94923,-0.311621],[0.952822,-0.0547768,0.298546],[-0.300458,-0.309778,0.902088]],[[0.0317996,-0.960154,-0.277658],[0.956862,-0.0510233,0.286028],[-0.288798,-0.274776,0.917112]],[[0.0317996,-0.960154,-0.277658],[0.995741,0.00638011,0.0919776],[-0.0865411,-0.2794,0.956267]],[[0.0317996,-0.960154,-0.277658],[0.99398,0.0595209,-0.0919874],[0.104848,-0.273061,0.956266]]],"btipPosition":[98.0318,270.522,-108.613],"carpPosition":[64.4934,225.189,35.3336],"dipPosition":[99.8803,265.708,-91.7538],"direction":[0.0865411,0.2794,-0.956267],"extended":true,"handId":364,"id":3642,"length":62.8646,"mcpPosition":[84.5118,245.829,-24.7692],"pipPosition":[97.5715,258.254,-66.2419],"stabilizedTipPosition":[97.2065,264.606,-98.1863],"timeVisible":0.089974,"tipPosition":[91.4106,270.449,-104.426],"tipVelocity":[-28.7553,66.2808,-172.986],"tool":false,"touchDistance":-0.0517481,"touchZone":"hovering","type":2,"width":18.4842},{"bases":[[[-0.0735662,-0.977622,-0.197088],[0.943401,-0.132302,0.304123],[-0.323393,-0.16356,0.932022]],[[-0.0753549,-0.978512,-0.191927],[0.95364,-0.126958,0.272859],[-0.291362,-0.162468,0.942715]],[[-0.0753549,-0.978512,-0.191927],[0.994081,-0.0888248,0.0625619],[-0.0782654,-0.186076,0.979413]],[[-0.0753549,-0.978512,-0.191927],[0.989921,-0.0502635,-0.132404],[0.119912,-0.19997,0.972437]]],"btipPosition":[97.5414,239.239,-106.524],"carpPosition":[66.0508,214.303,31.2456],"dipPosition":[99.6433,235.734,-89.4785],"direction":[0.0782654,0.186076,-0.979413],"extended":true,"handId":364,"id":3643,"length":60.446,"mcpPosition":[85.3959,224.087,-24.5073],"pipPosition":[97.6092,230.898,-64.0239],"stabilizedTipPosition":[96.5601,235.146,-98.6021],"timeVisible":0.089974,"tipPosition":[91.2603,241.299,-102.096],"tipVelocity":[-20.4262,59.0246,-136.662],"tool":false,"touchDistance":0.0304194,"touchZone":"hovering","type":3,"width":17.5889},{"bases":[[[-0.26536,-0.954593,-0.135415],[0.888172,-0.296674,0.350906],[-0.375146,-0.0271551,0.926568]],[[-0.298792,-0.953035,-0.0494779],[0.903842,-0.299246,0.305812],[-0.306256,0.0466542,0.950805]],[[-0.298792,-0.953035,-0.0494779],[0.951325,-0.301558,0.0635919],[-0.0755257,-0.0280688,0.996749]],[[-0.298792,-0.953035,-0.0494779],[0.947576,-0.29013,-0.133882],[0.113239,-0.0868869,0.989761]]],"btipPosition":[91.2259,204.386,-90.0733],"carpPosition":[60.7383,202.51,27.072],"dipPosition":[93.0571,202.981,-74.0675],"direction":[0.0755257,0.0280688,-0.996749],"extended":true,"handId":364,"id":3644,"length":47.3885,"mcpPosition":[81.5116,204.014,-24.2358],"pipPosition":[91.6712,202.466,-55.7774],"stabilizedTipPosition":[87.5624,199.528,-81.4282],"timeVisible":0.089974,"tipPosition":[87.4272,209.621,-86.0878],"tipVelocity":[0.57373,61.3456,-102.689],"tool":false,"touchDistance":0.225238,"touchZone":"hovering","type":4,"width":15.6239}],"r":[[0.995575,0.0739141,0.0580333],[-0.0723512,0.996969,-0.0285893],[-0.0599706,0.024264,0.997905]],"s":1.10336,"t":[-5.83034,22.4268,-9.31237],"timestamp":261559610258},{"currentFrameRate":30.5807,"devices":[],"gestures":[],"hands":[{"armBasis":[[0.126355,-0.897895,-0.421685],[0.971755,0.19745,-0.129251],[0.199315,-0.393443,0.897483]],"armWidth":61.649,"confidence":0.50277,"direction":[0.455116,0.275002,-0.846902],"elbow":[98.2037,107.466,285.075],"grabAngle":0.424524,"grabStrength":0,"id":364,"palmNormal":[-0.874909,-0.0387111,-0.482737],"palmPosition":[68.2655,237.24,-9.45814],"palmVelocity":[-168.516,87.4315,-160.941],"palmWidth":86.8926,"pinchDistance":63.4721,"pinchStrength":0,"r":[[0.992984,0.0916043,0.07477],[-0.0885652,0.995142,-0.0430036],[-0.0783461,0.0360799,0.996273]],"s":1.12221,"sphereCenter":[-86.3285,226.788,-105.633],"sphereRadius":185.606,"stabilizedPalmPosition":[70.5314,235.148,-7.10306],"t":[-8.25118,25.8761,-12.0745],"timeVisible":0.104974,"type":"right","wrist":[46.8119,208.912,53.667]}],"id":216774,"interactionBox":{"center":[0,200,0],"size":[235.247,235.247,147.751]},"pointables":[{"bases":[[[0.937963,-0.298283,0.176787],[0.0804319,0.683125,0.725859],[-0.337279,-0.666609,0.664737]],[[0.984314,-0.169154,0.0501247],[0.0594932,0.58572,0.808327],[-0.166091,-0.792666,0.586596]],[[0.984314,-0.169154,0.0501247],[0.100179,0.769754,0.63043],[-0.145224,-0.61552,0.774626]],[[0.984314,-0.169154,0.0501247],[0.12136,0.855407,0.503538],[-0.128053,-0.489557,0.862518]]],"btipPosition":[49.9675,309.305,-33.2371],"carpPosition":[34.5929,241.08,38.4428],"dipPosition":[47.1558,298.556,-14.2988],"direction":[0.145224,0.61552,-0.774626],"extended":true,"handId":364,"id":3640,"length":48.8949,"mcpPosition":[34.5929,241.08,38.4428],"pipPosition":[42.5104,278.866,10.4799],"stabilizedTipPosition":[53.0077,302.931,-19.5031],"timeVisible":0.104974,"tipPosition":[44.175,306.917,-29.7888],"tipVelocity":[-126.643,94.847,-224.219],"tool":false,"touchDistance":0.77756,"touchZone":"hovering","type":0,"width":19.7032},{"bases":[[[0.239603,-0.900853,-0.362015],[0.92766,0.102424,0.359104],[-0.28642,-0.421869,0.860227]],[[0.229731,-0.914669,-0.332572],[0.912194,0.0832276,0.401217],[-0.339301,-0.395542,0.853476]],[[0.229731,-0.914669,-0.332572],[0.960973,0.159064,0.22634],[-0.154126,-0.37159,0.915514]],[[0.229731,-0.914669,-0.332572],[0.97271,0.227212,0.0470213],[0.0325553,-0.334298,0.941905]]],"btipPosition":[93.6278,296.581,-93.611],"carpPosition":[56.8556,237.214,37.0853],"dipPosition":[94.1497,291.223,-78.5127],"direction":[0.154126,0.37159,-0.915514],"extended":true,"handId":364,"id":3641,"length":55.1725,"mcpPosition":[76.9785,266.853,-23.3514],"pipPosition":[90.6547,282.796,-57.7522],"stabilizedTipPosition":[93.9133,293.335,-86.0301],"timeVisible":0.104974,"tipPosition":[86.1259,292.137,-91.8348],"tipVelocity":[7.59288,30.0935,-167.439],"tool":false,"touchDistance":0.152832,"touchZone":"hovering","type":1,"width":18.8205},{"bases":[[[0.0370259,-0.95374,-0.298345],[0.9483,-0.0606369,0.31153],[-0.315209,-0.294455,0.902186]],[[0.024218,-0.964892,-0.261528],[0.950893,-0.0585142,0.303939],[-0.308571,-0.256046,0.916092]],[[0.024218,-0.964892,-0.261528],[0.99326,-0.00643645,0.115725],[-0.113345,-0.262569,0.958233]],[[0.024218,-0.964892,-0.261528],[0.996218,0.0451306,-0.0742547],[0.0834507,-0.258741,0.962335]]],"btipPosition":[97.8196,269.903,-111.093],"carpPosition":[61.3119,227.139,32.9741],"dipPosition":[99.2909,265.341,-94.1262],"direction":[0.113345,0.262569,-0.958233],"extended":true,"handId":364,"id":3642,"length":62.8646,"mcpPosition":[82.3131,246.757,-27.1352],"pipPosition":[96.267,258.336,-68.5618],"stabilizedTipPosition":[97.2065,264.606,-98.1863],"timeVisible":0.104974,"tipPosition":[90.8257,270.168,-107.025],"tipVelocity":[-19.9323,-37.4464,-163.649],"tool":false,"touchDistance":-0.0926604,"touchZone":"hovering","type":2,"width":18.4842},{"bases":[[[-0.0813562,-0.979373,-0.184959],[0.93799,-0.137978,0.318019],[-0.33698,-0.147617,0.929868]],[[-0.0847764,-0.980822,-0.1755],[0.947143,-0.13402,0.291477],[-0.309408,-0.141514,0.940341]],[[-0.0847764,-0.980822,-0.1755],[0.991334,-0.100766,0.0842827],[-0.100351,-0.166834,0.980865]],[[-0.0847764,-0.980822,-0.1755],[0.990472,-0.0637705,-0.122057],[0.108525,-0.184176,0.976884]]],"btipPosition":[96.6398,238.51,-108.605],"carpPosition":[62.8064,216.183,29.0521],"dipPosition":[98.5421,235.281,-91.4812],"direction":[0.100351,0.166834,-0.980865],"extended":true,"handId":364,"id":3643,"length":60.446,"mcpPosition":[82.9643,225.014,-26.5718],"pipPosition":[95.934,230.945,-65.9889],"stabilizedTipPosition":[96.5601,235.146,-98.6021],"timeVisible":0.104974,"tipPosition":[90.2424,241.002,-104.314],"tipVelocity":[-63.1671,-44.3611,-137.516],"tool":false,"touchDistance":-0.0539597,"touchZone":"hovering","type":3,"width":17.5889},{"bases":[[[-0.273668,-0.953525,-0.12608],[0.880437,-0.301122,0.366274],[-0.387217,-0.0107683,0.921926]],[[-0.311437,-0.949722,-0.0321686],[0.896103,-0.304783,0.322655],[-0.316237,0.0716603,0.94597]],[[-0.311437,-0.949722,-0.0321686],[0.94612,-0.313059,0.0827684],[-0.0886776,-0.00465825,0.996049]],[[-0.311437,-0.949722,-0.0321686],[0.944239,-0.305477,-0.122869],[0.106865,-0.0686409,0.991901]]],"btipPosition":[89.255,203.805,-91.7815],"carpPosition":[57.4234,204.39,24.9681],"dipPosition":[90.9831,202.695,-75.7412],"direction":[0.0886776,0.00465825,-0.996049],"extended":true,"handId":364,"id":3644,"length":47.3885,"mcpPosition":[78.8652,204.987,-26.0827],"pipPosition":[89.3559,202.609,-57.4638],"stabilizedTipPosition":[87.8381,200.059,-82.3072],"timeVisible":0.104974,"tipPosition":[85.7753,209.475,-87.9286],"tipVelocity":[-132.973,-34.2141,-113.352],"tool":false,"touchDistance":0.196899,"touchZone":"hovering","type":4,"width":15.6239}],"r":[[0.992984,0.0916043,0.07477],[-0.0885652,0.995142,-0.0430036],[-0.0783461,0.0360799,0.996273]],"s":1.12221,"t":[-8.25118,25.8761,-12.0745],"timestamp":261559625258},{"currentFrameRate":33.3213,"devices":[],"gestures":[],"hands":[{"armBasis":[[0.110119,-0.894125,-0.434068],[0.96958,0.19269,-0.150944],[0.218604,-0.404242,0.888145]],"armWidth":61.649,"confidence":0.55638,"direction":[0.452527,0.257988,-0.853617],"elbow":[100.171,105.876,281.159],"grabAngle":0.403932,"grabStrength":0,"id":364,"palmNormal":[-0.877356,-0.0424917,-0.477954],"palmPosition":[64.9297,237.535,-11.4556],"palmVelocity":[-235.659,20.8435,-141.114],"palmWidth":86.8926,"pinchDistance":64.2143,"pinchStrength":0,"r":[[0.990672,0.105125,0.0867017],[-0.100315,0.993258,-0.0581008],[-0.092225,0.0488614,0.994539]],"s":1.1398,"sphereCenter":[-87.9329,226.472,-106.917],"sphereRadius":184.115,"stabilizedPalmPosition":[68.1088,236.18,-8.9854],"t":[-11.1295,27.7483,-14.4542],"timeVisible":0.119129,"type":"right","wrist":[43.8055,210.106,52.1586]}],"id":216775,"interactionBox":{"center":[0,200,0],"size":[235.247,235.247,147.751]},"pointables":[{"bases":[[[0.937248,-0.300052,0.177583],[0.087333,0.695117,0.713572],[-0.337549,-0.653285,0.677701]],[[0.984241,-0.170773,0.0458967],[0.065281,0.592112,0.803208],[-0.164342,-0.787553,0.593929]],[[0.984241,-0.170773,0.0458967],[0.104739,0.772112,0.626796],[-0.142477,-0.612111,0.77783]],[[0.984241,-0.170773,0.0458967],[0.126427,0.861039,0.492573],[-0.123637,-0.479008,0.86906]]],"btipPosition":[46.6093,310.016,-35.7489],"carpPosition":[31.5028,242.376,36.5267],"dipPosition":[43.8946,299.498,-16.667],"direction":[0.142477,0.612111,-0.77783],"extended":true,"handId":364,"id":3640,"length":48.8949,"mcpPosition":[31.5028,242.376,36.5267],"pipPosition":[39.337,279.918,8.21432],"stabilizedTipPosition":[51.7331,303.777,-21.6551],"timeVisible":0.119129,"tipPosition":[41.4056,307.014,-32.7806],"tipVelocity":[-235.671,53.9922,-175.115],"tool":false,"touchDistance":0.695956,"touchZone":"hovering","type":0,"width":19.7032},{"bases":[[[0.233293,-0.908194,-0.347502],[0.92985,0.103789,0.352997],[-0.284523,-0.405477,0.868697]],[[0.224942,-0.919573,-0.32216],[0.910706,0.0808658,0.405061],[-0.346432,-0.384508,0.855651]],[[0.224942,-0.919573,-0.32216],[0.958306,0.148997,0.243823],[-0.176213,-0.363574,0.914748]],[[0.224942,-0.919573,-0.32216],[0.974342,0.214892,0.0669286],[0.00768381,-0.328949,0.944317]]],"btipPosition":[91.5647,295.874,-96.2669],"carpPosition":[53.7389,238.371,35.1335],"dipPosition":[91.6879,290.601,-81.13],"direction":[0.176213,0.363574,-0.914748],"extended":true,"handId":364,"id":3641,"length":55.1725,"mcpPosition":[73.7285,266.859,-25.8983],"pipPosition":[87.692,282.357,-60.3869],"stabilizedTipPosition":[93.5118,293.565,-87.1991],"timeVisible":0.119129,"tipPosition":[83.4799,291.246,-94.665],"tipVelocity":[-152.23,-48.5462,-187.002],"tool":false,"touchDistance":0.108715,"touchZone":"hovering","type":1,"width":18.8205},{"bases":[[[0.0307501,-0.958923,-0.281995],[0.949432,-0.0601739,0.308152],[-0.312463,-0.277211,0.908582]],[[0.0169478,-0.97021,-0.241673],[0.949232,-0.0603236,0.308739],[-0.31412,-0.234636,0.919932]],[[0.0169478,-0.97021,-0.241673],[0.991159,-0.0155093,0.13177],[-0.131593,-0.24177,0.961369]],[[0.0169478,-0.97021,-0.241673],[0.997867,0.0316536,-0.0570978],[0.0630467,-0.24019,0.968676]]],"btipPosition":[95.5465,267.968,-113.686],"carpPosition":[58.1242,228.204,31.1764],"dipPosition":[96.658,263.734,-96.6073],"direction":[0.131593,0.24177,-0.961369],"extended":true,"handId":364,"id":3642,"length":62.8646,"mcpPosition":[78.9425,246.673,-29.359],"pipPosition":[93.1473,257.284,-70.9593],"stabilizedTipPosition":[97.0659,264.845,-99.3446],"timeVisible":0.119129,"tipPosition":[87.9024,268.522,-109.686],"tipVelocity":[-166.433,-131.345,-181.367],"tool":false,"touchDistance":-0.136898,"touchZone":"hovering","type":2,"width":18.4842},{"bases":[[[-0.0872268,-0.981982,-0.167638],[0.938758,-0.137337,0.316024],[-0.333353,-0.129806,0.933824]],[[-0.0923419,-0.983862,-0.153261],[0.944407,-0.135315,0.299641],[-0.315543,-0.117071,0.941662]],[[-0.0923419,-0.983862,-0.153261],[0.988974,-0.108519,0.10077],[-0.115775,-0.142265,0.983034]],[[-0.0923419,-0.983862,-0.153261],[0.991123,-0.0760355,-0.109054],[0.0956411,-0.16197,0.98215]]],"btipPosition":[94.0446,236.383,-110.661],"carpPosition":[59.5444,217.174,27.4374],"dipPosition":[95.7211,233.544,-93.4444],"direction":[0.115775,0.142265,-0.983034],"extended":true,"handId":364,"id":3643,"length":60.446,"mcpPosition":[79.4853,224.939,-28.4232],"pipPosition":[92.7122,229.846,-67.8956],"stabilizedTipPosition":[96.0993,235.272,-100.354],"timeVisible":0.119129,"tipPosition":[87.1022,239.247,-106.481],"tipVelocity":[-187.007,-143.925,-143.71],"tool":false,"touchDistance":-0.104903,"touchZone":"touching","type":3,"width":17.5889},{"bases":[[[-0.279126,-0.954125,-0.108328],[0.8806,-0.299324,0.367354],[-0.382927,0.00714441,0.923751]],[[-0.319993,-0.947407,-0.00488921],[0.892594,-0.303201,0.333684],[-0.317617,0.102413,0.942672]],[[-0.319993,-0.947407,-0.00488921],[0.942507,-0.318854,0.100067],[-0.0963628,0.0274125,0.994969]],[[-0.319993,-0.947407,-0.00488921],[0.941857,-0.317552,-0.109846],[0.102517,-0.039755,0.993937]]],"btipPosition":[85.9332,201.688,-93.1719],"carpPosition":[54.0821,205.341,23.5825],"dipPosition":[87.591,201.045,-77.0986],"direction":[0.0963628,-0.0274125,-0.994969],"extended":true,"handId":364,"id":3644,"length":47.3885,"mcpPosition":[75.2863,204.945,-27.5693],"pipPosition":[85.8228,201.548,-58.8411],"stabilizedTipPosition":[87.5528,200.336,-83.6496],"timeVisible":0.119129,"tipPosition":[82.2071,207.899,-89.5122],"tipVelocity":[-235.817,-141.986,-97.6866],"tool":false,"touchDistance":0.198947,"touchZone":"hovering","type":4,"width":15.6239}],"r":[[0.990672,0.105125,0.0867017],[-0.100315,0.993258,-0.0581008],[-0.092225,0.0488614,0.994539]],"s":1.1398,"t":[-11.1295,27.7483,-14.4542],"timestamp":261559639413},{"currentFrameRate":35.9459,"devices":[],"gestures":[],"hands":[{"armBasis":[[0.0812152,-0.891786,-0.44511],[0.966952,0.178786,-0.18177],[0.241679,-0.415637,0.876834]],"armWidth":61.649,"confidence":0.604291,"direction":[0.444511,0.243358,-0.862083],"elbow":[103.336,103.735,276.623],"grabAngle":0.368621,"grabStrength":0,"id":364,"palmNormal":[-0.884525,-0.0327889,-0.465339],"palmPosition":[61.501,237.642,-13.5516],"palmVelocity":[-249.813,7.78932,-152.712],"palmWidth":86.8926,"pinchDistance":64.4349,"pinchStrength":0,"r":[[0.98921,0.113085,0.0931367],[-0.106612,0.991706,-0.0717799],[-0.100481,0.0610759,0.993063]],"s":1.15756,"sphereCenter":[-90.451,227.502,-107.844],"sphereRadius":183.173,"stabilizedPalmPosition":[65.2427,236.814,-10.966],"t":[-14.283,28.7379,-16.6921],"timeVisible":0.132854,"type":"right","wrist":[41.0209,210.904,50.5384]}],"id":216776,"interactionBox":{"center":[0,200,0],"size":[235.247,235.247,147.751]},"pointables":[{"bases":[[[0.934825,-0.313262,0.167238],[0.108208,0.699843,0.706053],[-0.33822,-0.64194,0.688128]],[[0.981427,-0.18837,0.0363024],[0.0849229,0.596295,0.798261],[-0.172016,-0.780352,0.601217]],[[0.981427,-0.18837,0.0363024],[0.123109,0.763571,0.63388],[-0.147124,-0.617637,0.772579]],[[0.981427,-0.18837,0.0363024],[0.145114,0.852755,0.501748],[-0.125471,-0.487161,0.864252]]],"btipPosition":[44.4908,311.081,-37.5048],"carpPosition":[28.8297,243.428,34.8447],"dipPosition":[41.7359,300.384,-18.5285],"direction":[0.147124,0.617637,-0.772579],"extended":true,"handId":364,"id":3640,"length":48.8949,"mcpPosition":[28.8297,243.428,34.8447],"pipPosition":[37.0297,280.627,6.18483],"stabilizedTipPo