{"frames":207,"data":[{"currentFrameRate":23.792,"devices":[],"gestures":[],"hands":[],"id":217600,"interactionBox":{"center":[0,200,0],"size":[235.247,235.247,147.751]},"pointables":[],"r":[[-0.0794966,-0.728761,-0.680138],[0.446709,0.583909,-0.677865],[0.891141,-0.357712,0.279125]],"s":-5.62558,"t":[894.675,787.691,741.58],"timestamp":261587912039},{"currentFrameRate":23.7864,"devices":[],"gestures":[],"hands":[],"id":217601,"interactionBox":{"center":[0,200,0],"size":[235.247,235.247,147.751]},"pointables":[],"r":[[-0.0794966,-0.728761,-0.680138],[0.446709,0.583909,-0.677865],[0.891141,-0.357712,0.279125]],"s":-5.62558,"t":[894.675,787.691,741.58],"timestamp":261587954122},{"currentFrameRate":23.7948,"devices":[],"gestures":[],"hands":[],"id":217602,"interactionBox":{"center":[0,200,0],"size":[235.247,235.247,147.751]},"pointables":[],"r":[[-0.0794966,-0.728761,-0.680138],[0.446709,0.583909,-0.677865],[0.891141,-0.357712,0.279125]],"s":-5.62558,"t":[894.675,787.691,741.58],"timestamp":261587996085},{"currentFrameRate":23.8006,"devices":[],"gestures":[],"hands":[],"id":217603,"interactionBox":{"center":[0,200,0],"size":[235.247,235.247,147.751]},"pointables":[],"r":[[-0.0794966,-0.728761,-0.680138],[0.446709,0.583909,-0.677865],[0.891141,-0.357712,0.279125]],"s":-5.62558,"t":[894.675,787.691,741.58],"timestamp":261588038057},{"currentFrameRate":16.4071,"devices":[],"gestures":[],"hands":[],"id":217604,"interactionBox":{"center":[0,200,0],"size":[235.247,235.247,147.751]},"pointables":[],"r":[[-0.0794966,-0.728761,-0.680138],[0.446709,0.583909,-0.677865],[0.891141,-0.357712,0.279125]],"s":-5.62558,"t":[894.675,787.691,741.58],"timestamp":261588164344},{"currentFrameRate":17.8173,"devices":[],"gestures":[],"hands":[],"id":217605,"interactionBox":{"center":[0,200,0],"size":[235.247,235.247,147.751]},"pointables":[],"r":[[-0.0794966,-0.728761,-0.680138],[0.446709,0.583909,-0.677865],[0.891141,-0.357712,0.279125]],"s":-5.62558,"t":[894.675,787.691,741.58],"timestamp":261588206273},{"currentFrameRate":18.9215,"devices":[],"gestures":[],"hands":[],"id":217606,"interactionBox":{"center":[0,200,0],"size":[235.247,235.247,147.751]},"pointables":[],"r":[[-0.0794966,-0.728761,-0.680138],[0.446709,0.583909,-0.677865],[0.891141,-0.357712,0.279125]],"s":-5.62558,"t":[894.675,787.691,741.58],"timestamp":261588248660},{"currentFrameRate":19.8734,"devices":[],"gestures":[],"hands":[],"id":217607,"interactionBox":{"center":[0,200,0],"size":[235.247,235.247,147.751]},"pointables":[],"r":[[-0.0794966,-0.728761,-0.680138],[0.446709,0.583909,-0.677865],[0.891141,-0.357712,0.279125]],"s":-5.62558,"t":[894.675,787.691,741.58],"timestamp":261588290374},{"currentFrameRate":20.586,"devices":[],"gestures":[],"hands":[{"armBasis":[[0.0325704,-0.963044,-0.267369],[0.671708,0.219182,-0.707649],[0.740099,-0.156546,0.654023]],"armWidth":60.8506,"confidence":0,"direction":[-0.313975,0.0800543,-0.94605],"elbow":[256.304,146.939,270.536],"grabAngle":2.62832,"grabStrength":1,"id":365,"palmNormal":[-0.933836,-0.205902,0.292498],"palmPosition":[32.9225,200.209,38.2417],"palmVelocity":[1.19209e-7,1.19209e-7,1.19209e-7],"palmWidth":86.8926,"pinchDistance":45.5743,"pinchStrength":0.337955,"r":[[1,-8.32667e-18,1.11022e-17],[8.32667e-18,1,2.77556e-18],[-1.11022e-17,-2.77556e-18,1]],"s":1,"sphereCenter":[-16.3398,196.109,35.9546],"sphereRadius":42.1894,"stabilizedPalmPosition":[32.9225,200.209,38.2417],"t":[0,0,0],"timeVisible":0,"type":"right","wrist":[65.4758,187.303,101.902]}],"id":217608,"interactionBox":{"center":[0,200,0],"size":[235.247,235.247,147.751]},"pointables":[{"bases":[[[0.842943,-0.19267,-0.502319],[0.402234,0.845749,0.350594],[0.357288,-0.49758,0.790417]],[[0.699817,-0.0371171,-0.713357],[0.45624,0.791639,0.406391],[0.549637,-0.609861,0.570937]],[[0.699817,-0.0371171,-0.713357],[0.330709,0.902012,0.277499],[0.633156,-0.430112,0.643519]],[[0.699817,-0.0371171,-0.713357],[0.147666,0.984595,0.0936333],[0.698892,-0.170865,0.694518]]],"btipPosition":[-21.494,260.892,31.0182],"carpPosition":[40.9428,213.997,94.71],"dipPosition":[-5.87396,257.074,46.5405],"direction":[-0.633156,0.430112,-0.643519],"extended":true,"handId":365,"id":3650,"length":49.7695,"mcpPosition":[40.9428,213.997,94.71],"pipPosition":[14.7418,243.069,67.4936],"stabilizedTipPosition":[-17.9014,260.014,34.5883],"timeVisible":0,"tipPosition":[-17.9014,260.014,34.5883],"tipVelocity":[1.19209e-7,1.19209e-7,1.19209e-7],"tool":false,"touchDistance":1,"touchZone":"none","type":0,"width":19.3381},{"bases":[[[0.116228,-0.948006,-0.29627],[0.873322,0.239622,-0.424135],[0.473075,-0.209443,0.855765]],[[0.159747,-0.963382,-0.215349],[0.245077,0.250026,-0.936709],[0.956252,0.0968589,0.276044]],[[0.159747,-0.963382,-0.215349],[-0.790309,0.00590746,-0.61268],[0.591518,0.268066,-0.760426]],[[0.159747,-0.963382,-0.215349],[-0.98699,-0.151851,-0.0528359],[0.0182002,0.220988,-0.975107]]],"btipPosition":[-29.9281,212.096,40.5207],"carpPosition":[56.4918,211.148,78.5072],"dipPosition":[-29.6312,215.701,24.6106],"direction":[-0.591518,-0.268066,0.760426],"extended":false,"handId":365,"id":3651,"length":56.1593,"mcpPosition":[23.2551,225.863,18.384],"pipPosition":[-15.9778,221.889,7.0585],"stabilizedTipPosition":[-29.8598,212.925,36.8614],"timeVisible":0,"tipPosition":[-29.8598,212.925,36.8614],"tipVelocity":[1.19209e-7,1.19209e-7,1.19209e-7],"tool":false,"touchDistance":0.333333,"touchZone":"none","type":1,"width":18.4718},{"bases":[[[0.0284791,-0.994453,-0.101255],[0.890573,0.0712441,-0.449226],[0.453947,-0.0773811,0.887662]],[[0.0342801,-0.995361,-0.0898984],[0.237111,0.095483,-0.966779],[0.970878,0.0118254,0.239284]],[[0.0342801,-0.995361,-0.0898984],[-0.780927,0.0294564,-0.623927],[0.623681,0.0915924,-0.776295]],[[0.0342801,-0.995361,-0.0898984],[-0.999151,-0.0320771,-0.0258376],[0.022834,0.0907078,-0.995616]]],"btipPosition":[-33.2832,201.124,42.6822],"carpPosition":[58.9973,200.628,73.89],"dipPosition":[-32.8734,202.752,24.8151],"direction":[-0.623681,-0.0915924,0.776295],"extended":false,"handId":365,"id":3652,"length":63.9891,"mcpPosition":[28.7525,205.784,14.7484],"pipPosition":[-15.9369,205.239,3.73414],"stabilizedTipPosition":[-33.189,201.499,38.5728],"timeVisible":0,"tipPosition":[-33.189,201.499,38.5728],"tipVelocity":[1.19209e-7,1.19209e-7,1.19209e-7],"tool":false,"touchDistance":0.333333,"touchZone":"none","type":2,"width":18.1417},{"bases":[[[0.027754,-0.997523,0.0646303],[0.904349,-0.00249017,-0.426786],[0.42589,0.0702934,0.90204]],[[0.0173828,-0.998938,0.0426622],[0.247877,-0.0370311,-0.968083],[0.968635,0.027403,0.246971]],[[0.0173828,-0.998938,0.0426622],[-0.767858,-0.0406658,-0.639328],[0.640384,-0.0216452,-0.76775]],[[0.0173828,-0.998938,0.0426622],[-0.998491,-0.019566,-0.0513027],[0.0520829,-0.041706,-0.997772]]],"btipPosition":[-24.9363,185.083,45.2425],"carpPosition":[59.7399,189.14,71.6262],"dipPosition":[-24.007,184.339,27.4397],"direction":[-0.640384,0.0216452,0.76775],"extended":false,"handId":365,"id":3653,"length":61.5272,"mcpPosition":[34.2635,184.935,17.6668],"pipPosition":[-7.0659,183.766,7.12919],"stabilizedTipPosition":[-24.7225,184.912,41.1479],"timeVisible":0,"tipPosition":[-24.7225,184.912,41.1479],"tipVelocity":[1.19209e-7,1.19209e-7,1.19209e-7],"tool":false,"touchDistance":0.333333,"touchZone":"none","type":3,"width":17.263},{"bases":[[[-0.0729491,-0.968468,0.23822],[0.931706,-0.151391,-0.330157],[0.355811,0.197867,0.913371]],[[-0.089804,-0.976789,0.194471],[0.325944,-0.213332,-0.921005],[0.941114,-0.0193231,0.337537]],[[-0.089804,-0.976789,0.194471],[-0.668543,-0.0856109,-0.738729],[0.738231,-0.196353,-0.645337]],[[-0.089804,-0.976789,0.194471],[-0.975733,0.0471349,-0.213831],[0.199701,-0.208955,-0.957318]]],"btipPosition":[-12.8363,173.227,40.0825],"carpPosition":[55.7208,176.424,74.2455],"dipPosition":[-9.54911,169.787,24.3245],"direction":[-0.738231,0.196353,0.645337],"extended":false,"handId":365,"id":3654,"length":48.2362,"mcpPosition":[36.0181,165.467,23.6684],"pipPosition":[4.2396,166.119,12.2709],"stabilizedTipPosition":[-12.0802,172.435,36.4582],"timeVisible":0,"tipPosition":[-12.0802,172.435,36.4582],"tipVelocity":[1.19209e-7,1.19209e-7,1.19209e-7],"tool":false,"touchDistance":0.333333,"touchZone":"none","type":4,"width":15.3344}],"r":[[1,-8.32667e-18,1.11022e-17],[8.32667e-18,1,2.77556e-18],[-1.11022e-17,-2.77556e-18,1]],"s":1,"t":[0,0,0],"timestamp":261588332740},{"currentFrameRate":21.2574,"devices":[],"gestures":[],"hands":[{"armBasis":[[-0.0338768,-0.944327,-0.32726],[0.74527,0.194304,-0.637823],[0.665902,-0.265505,0.697196]],"armWidth":61.649,"confidence":0.214502,"direction":[-0.341733,0.0647612,-0.937563],"elbow":[233.19,124.221,277.146],"grabAngle":2.55195,"grabStrength":1,"id":365,"palmNormal":[-0.92763,-0.183255,0.325454],"palmPosition":[28.279,205.899,33.9618],"palmVelocity":[-112.269,137.581,-103.481],"palmWidth":86.8926,"pinchDistance":40.6949,"pinchStrength":0.519565,"r":[[0.999975,-0.00346302,-0.00611616],[0.00343564,0.999984,-0.00448108],[0.00613158,0.00445995,0.999971]],"s":0.987989,"sphereCenter":[-20.7858,199.985,33.0214],"sphereRadius":42.3757,"stabilizedPalmPosition":[32.0711,201.252,37.457],"t":[-2.32173,2.84518,-2.13999],"timeVisible":0.04136,"type":"right","wrist":[61.4926,192.679,97.38]}],"id":217609,"interactionBox":{"center":[0,200,0],"size":[235.247,235.247,147.751]},"pointables":[{"bases":[[[0.82367,-0.218179,-0.523418],[0.426904,0.846127,0.319097],[0.373258,-0.48628,0.79007]],[[0.643377,-0.0362227,-0.764692],[0.474799,0.80244,0.361463],[0.600527,-0.595633,0.53347]],[[0.643377,-0.0362227,-0.764692],[0.28369,0.939045,0.194202],[0.711046,-0.341881,0.614436]],[[0.643377,-0.0362227,-0.764692],[0.0554214,0.998463,-0.000667186],[0.763541,-0.041951,0.644395]]],"btipPosition":[-29.8654,261.03,30.6014],"carpPosition":[38.2716,220.779,89.8353],"dipPosition":[-13.1003,260.108,44.7504],"direction":[-0.711046,0.341881,-0.614436],"extended":true,"handId":365,"id":3650,"length":48.8949,"mcpPosition":[38.2716,220.779,89.8353],"pipPosition":[9.64467,249.172,64.405],"stabilizedTipPosition":[-20.4454,260.266,34.3584],"timeVisible":0.04136,"tipPosition":[-23.3421,264.268,31.8265],"tipVelocity":[-196.035,19.4299,-17.714],"tool":false,"touchDistance":1,"touchZone":"none","type":0,"width":19.7032},{"bases":[[[0.0131467,-0.996201,0.0860804],[0.890539,-0.0274839,-0.454077],[0.454718,0.0826275,0.886795]],[[-0.015433,-0.999424,0.0302249],[0.24823,-0.0331118,-0.968135],[0.968578,-0.00743845,0.248598]],[[-0.015433,-0.999424,0.0302249],[-0.75716,-0.00806168,-0.653179],[0.653047,-0.0329656,-0.7566]],[[-0.015433,-0.999424,0.0302249],[-0.995504,0.0125331,-0.0938856],[0.0934527,-0.0315379,-0.995124]]],"btipPosition":[-30.483,191.88,40.3895],"carpPosition":[55.9291,195.101,66.7502],"dipPosition":[-28.8449,191.327,22.9459],"direction":[-0.653047,0.0329656,0.7566],"extended":false,"handId":365,"id":3653,"length":60.446,"mcpPosition":[28.7283,190.158,13.7028],"pipPosition":[-11.8724,190.47,3.28208],"stabilizedTipPosition":[-26.1021,186.665,39.9255],"timeVisible":0.04136,"tipPosition":[-29.5925,191.683,38.5569],"tipVelocity":[-130.167,165.397,-115.339],"tool":false,"touchDistance":0.333333,"touchZone":"none","type":3,"width":17.5889},{"bases":[[[-0.0816378,-0.961616,0.261974],[0.918394,-0.174686,-0.355018],[0.387154,0.211612,0.897403]],[[-0.104634,-0.972545,0.207864],[0.322691,-0.230904,-0.917907],[0.940703,-0.0289681,0.337992]],[[-0.104634,-0.972545,0.207864],[-0.690844,-0.0792714,-0.718645],[0.715392,-0.218796,-0.663583]],[[-0.104634,-0.972545,0.207864],[-0.973957,0.0579343,-0.219205],[0.201144,-0.225387,-0.953279]]],"btipPosition":[-17.2427,179.419,36.4626],"carpPosition":[51.7821,182.516,69.7753],"dipPosition":[-13.99,175.774,21.0468],"direction":[-0.715392,0.218796,0.663583],"extended":false,"handId":365,"id":3654,"length":47.3885,"mcpPosition":[30.3438,170.798,20.0825],"pipPosition":[-0.862637,171.759,8.87014],"stabilizedTipPosition":[-13.0377,173.768,35.6901],"timeVisible":0.04136,"tipPosition":[-17.1463,178.849,34.0605],"tipVelocity":[-106.73,148.583,-85.6199],"tool":false,"touchDistance":0.333333,"touchZone":"none","type":4,"width":15.6239},{"bases":[[[0.0912184,-0.956131,-0.278375],[0.863639,0.215129,-0.455902],[0.495788,-0.198829,0.845376]],[[0.11472,-0.964513,-0.23781],[0.256426,0.260029,-0.93093],[0.959732,0.0458156,0.277157]],[[0.11472,-0.964513,-0.23781],[-0.76026,0.0688418,-0.645961],[0.639409,0.254902,-0.725383]],[[0.11472,-0.964513,-0.23781],[-0.98937,-0.0893983,-0.114692],[0.089362,0.24844,-0.964517]]],"btipPosition":[-36.186,219.667,34.5777],"carpPosition":[53.2621,217.307,73.2325],"dipPosition":[-34.7536,223.649,19.1169],"direction":[-0.639409,-0.254902,0.725383],"extended":false,"handId":365,"id":3651,"length":55.1725,"mcpPosition":[18.4296,231.276,13.8392],"pipPosition":[-20.2541,229.429,2.66789],"stabilizedTipPosition":[-31.6248,215.179,35.1427],"timeVisible":0.04136,"tipPosition":[-34.6261,219.861,33.5408],"tipVelocity":[-144.988,185.148,-141.191],"tool":false,"touchDistance":0.333333,"touchZone":"none","type":1,"width":18.8205},{"bases":[[[0.0087876,-0.996774,-0.0797763],[0.877303,0.0459693,-0.47773],[0.479857,-0.0657899,0.874877]],[[-0.0167523,-0.991863,-0.126205],[0.25217,0.117951,-0.960468],[0.967538,-0.0479152,0.248142]],[[-0.0167523,-0.991863,-0.126205],[-0.752313,0.0956451,-0.651827],[0.658593,0.0840261,-0.747793]],[[-0.0167523,-0.991863,-0.126205],[-0.995971,0.027675,-0.0852972],[0.0880959,0.124268,-0.98833]]],"btipPosition":[-39.3995,208.764,36.6415],"carpPosition":[55.4482,206.647,68.7777],"dipPosition":[-37.8463,210.955,19.2168],"direction":[-0.658593,-0.0840261,0.747793],"extended":false,"handId":365,"id":3652,"length":62.8646,"mcpPosition":[23.4771,211.03,10.4879],"pipPosition":[-20.2759,213.197,-0.733314],"stabilizedTipPosition":[-34.8949,203.763,36.8419],"timeVisible":0.04136,"tipPosition":[-38.0507,208.551,35.4573],"tipVelocity":[-141.52,187.85,-143.592],"tool":false,"touchDistance":0.333333,"touchZone":"none","type":2,"width":18.4842}],"r":[[0.999975,-0.00346302,-0.00611616],[0.00343564,0.999984,-0.00448108],[0.00613158,0.00445995,0.999971]],"s":0.987989,"t":[-2.32173,2.84518,-2.13999],"timestamp":261588374100},{"currentFrameRate":23.2147,"devices":[],"gestures":[],"hands":[{"armBasis":[[-0.0265515,-0.947124,-0.319767],[0.772218,0.183699,-0.608222],[0.634803,-0.263079,0.726509]],"armWidth":61.649,"confidence":0.347033,"direction":[-0.37707,0.0662416,-0.923813],"elbow":[222.586,129.655,281.975],"grabAngle":2.49617,"grabStrength":1,"id":365,"palmNormal":[-0.916304,-0.171985,0.361673],"palmPosition":[24.0706,210.809,32.0815],"palmVelocity":[-153.767,179.364,-68.7005],"palmWidth":86.8926,"pinchDistance":41.9985,"pinchStrength":0.498694,"r":[[0.999788,-0.00850928,-0.0187402],[0.0083474,0.999927,-0.00869916],[0.0188128,0.00854089,0.999787]],"s":0.982526,"sphereCenter":[-25.5682,205.231,33.1068],"sphereRadius":43.0828,"stabilizedPalmPosition":[29.6032,204.2,35.7988],"t":[-5.58682,6.72228,-4.15012],"timeVisible":0.068729,"type":"right","wrist":[58.9072,197.488,94.6509]}],"id":217610,"interactionBox":{"center":[0,200,0],"size":[235.247,235.247,147.751]},"pointables":[{"bases":[[[0.800282,-0.22875,-0.554276],[0.448355,0.84207,0.299826],[0.398154,-0.488458,0.776455]],[[0.61146,-0.0442693,-0.790036],[0.503686,0.791804,0.345467],[0.61026,-0.609169,0.506454]],[[0.61146,-0.0442693,-0.790036],[0.305364,0.934292,0.183988],[0.729979,-0.35375,0.584801]],[[0.61146,-0.0442693,-0.790036],[0.0537684,0.998451,-0.0143328],[0.789446,-0.033715,0.612893]]],"btipPosition":[-33.389,266.81,31.1755],"carpPosition":[36.3864,225.715,87.482],"dipPosition":[-16.0552,266.07,44.6328],"direction":[-0.729979,0.35375,-0.584801],"extended":true,"handId":365,"id":3650,"length":48.8949,"mcpPosition":[36.3864,225.715,87.482],"pipPosition":[7.29546,254.754,63.3394],"stabilizedTipPosition":[-24.5643,263.197,34.3181],"timeVisible":0.068729,"tipPosition":[-27.0204,269.648,31.8554],"tipVelocity":[-123.965,212.722,15.1651],"tool":false,"touchDistance":1,"touchZone":"none","type":0,"width":19.7032},{"bases":[[[0.00536833,-0.996066,0.0884469],[0.871909,-0.0386458,-0.48814],[0.489638,0.0797382,0.868272]],[[-0.0100387,-0.998082,0.0610867],[0.250909,-0.0616496,-0.966046],[0.967959,0.00562939,0.251047]],[[-0.0100387,-0.998082,0.0610867],[-0.740229,-0.0336541,-0.671512],[0.67228,-0.0519592,-0.738471]],[[-0.0100387,-0.998082,0.0610867],[-0.992109,0.00230604,-0.12536],[0.124979,-0.0618631,-0.990229]]],"btipPosition":[-36.679,197.211,37.894],"carpPosition":[52.8486,199.782,63.8062],"dipPosition":[-34.4882,196.127,20.5362],"direction":[-0.67228,0.0519592,0.738471],"extended":false,"handId":365,"id":3653,"length":60.446,"mcpPosition":[23.5588,195.012,11.8669],"pipPosition":[-17.0159,194.776,1.34354],"stabilizedTipPosition":[-30.4627,191.122,37.3178],"timeVisible":0.068729,"tipPosition":[-34.2183,197.197,37.9539],"tipVelocity":[-221.742,190.332,-90.4589],"tool":false,"touchDistance":0.333333,"touchZone":"none","type":3,"width":17.5889},{"bases":[[[-0.0821364,-0.959974,0.267776],[0.90194,-0.185903,-0.389801],[0.423979,0.209501,0.881108]],[[-0.0975828,-0.966992,0.235383],[0.322955,-0.25448,-0.911559],[0.94137,-0.0129345,0.337128]],[[-0.0975828,-0.966992,0.235383],[-0.674033,-0.109796,-0.730496],[0.732228,-0.229939,-0.64107]],[[-0.0975828,-0.966992,0.235383],[-0.970778,0.0403831,-0.236556],[0.219242,-0.251588,-0.942675]]],"btipPosition":[-23.0057,184.369,34.0605],"carpPosition":[48.682,187.253,67.0269],"dipPosition":[-19.4603,180.3,18.8162],"direction":[-0.732228,0.22994,0.64107],"extended":false,"handId":365,"id":3654,"length":47.3885,"mcpPosition":[25.2046,175.652,18.2364],"pipPosition":[-6.02403,176.081,7.05266],"stabilizedTipPosition":[-16.591,177.52,33.6962],"timeVisible":0.068729,"tipPosition":[-21.7056,184.14,33.4754],"tipVelocity":[-208.107,177.282,-86.3255],"tool":false,"touchDistance":0.333333,"touchZone":"none","type":4,"width":15.6239},{"bases":[[[0.069698,-0.957795,-0.278876],[0.847665,0.204249,-0.489638],[0.525933,-0.202266,0.826125]],[[0.111754,-0.970955,-0.211558],[0.230574,0.232417,-0.94489],[0.966616,0.0568154,0.24985]],[[0.111754,-0.970955,-0.211558],[-0.767905,0.0507479,-0.63855],[0.63074,0.233817,-0.73993]],[[0.111754,-0.970955,-0.211558],[-0.99045,-0.0915326,-0.103104],[0.0807451,0.22106,-0.971912]]],"btipPosition":[-40.8262,225.108,34.5682],"carpPosition":[50.6825,222.033,70.3214],"dipPosition":[-39.5319,228.651,18.9889],"direction":[-0.63074,-0.233817,0.73993],"extended":false,"handId":365,"id":3651,"length":55.1725,"mcpPosition":[13.7321,236.244,12.2807],"pipPosition":[-25.229,233.954,2.20999],"stabilizedTipPosition":[-35.5644,219.933,33.303],"timeVisible":0.068729,"tipPosition":[-38.7493,225.501,33.8843],"tipVelocity":[-170.704,195.119,-1.3427],"tool":false,"touchDistance":0.333333,"touchZone":"none","type":1,"width":18.8205},{"bases":[[[-0.00542166,-0.997008,-0.0771142],[0.858586,0.0348918,-0.51148],[0.51264,-0.0689822,0.855828]],[[-0.0109889,-0.9962,-0.0864043],[0.247232,0.08102,-0.965563],[0.968894,-0.0319723,0.245402]],[[-0.0109889,-0.9962,-0.0864043],[-0.740579,0.0661685,-0.668703],[0.671879,0.056641,-0.738492]],[[-0.0109889,-0.9962,-0.0864043],[-0.993035,0.0210094,-0.115934],[0.117309,0.0845285,-0.989492]]],"btipPosition":[-45.3874,214.378,34.846],"carpPosition":[52.5753,211.338,65.8168],"dipPosition":[-43.3192,215.868,17.4008],"direction":[-0.671879,-0.056641,0.738492],"extended":false,"handId":365,"id":3652,"length":62.8646,"mcpPosition":[18.42,215.934,8.79617],"pipPosition":[-25.3943,217.379,-2.30115],"stabilizedTipPosition":[-39.565,208.872,34.0406],"timeVisible":0.068729,"tipPosition":[-42.6148,214.301,35.1932],"tipVelocity":[-214.457,199.231,-65.7755],"tool":false,"touchDistance":0.333333,"touchZone":"none","type":2,"width":18.4842}],"r":[[0.999788,-0.00850928,-0.0187402],[0.0083474,0.999927,-0.00869916],[0.0188128,0.00854089,0.999787]],"s":0.982526,"t":[-5.58682,6.72228,-4.15012],"timestamp":261588401469},{"currentFrameRate":25.5248,"devices":[],"gestures":[],"hands":[{"armBasis":[[-0.0138175,-0.950722,-0.309737],[0.774836,0.185614,-0.604299],[0.632012,-0.248345,0.734088]],"armWidth":61.649,"confidence":0.444978,"direction":[-0.401988,0.0615045,-0.913577],"elbow":[220.851,135.503,282.007],"grabAngle":2.48378,"grabStrength":1,"id":365,"palmNormal":[-0.905365,-0.175788,0.38654],"palmPosition":[21.603,212.381,30.8765],"palmVelocity":[-111.721,71.1734,-54.5569],"palmWidth":86.8926,"pinchDistance":41.6754,"pinchStrength":0.516397,"r":[[0.99935,-0.011534,-0.0341637],[0.0111047,0.999857,-0.0127293],[0.0343056,0.0123416,0.999335]],"s":0.977647,"sphereCenter":[-28.0539,206.182,33.2741],"sphereRadius":43.2251,"stabilizedPalmPosition":[27.3286,206.526,34.3993],"t":[-8.45315,9.44684,-5.75768],"timeVisible":0.090816,"type":"right","wrist":[57.8919,199.537,92.728]}],"id":217611,"interactionBox":{"center":[0,200,0],"size":[235.247,235.247,147.751]},"pointables":[{"bases":[[[0.786399,-0.226126,-0.574842],[0.45166,0.845326,0.285355],[0.421403,-0.484036,0.766895]],[[0.589486,-0.0426641,-0.806651],[0.508234,0.795768,0.32932],[0.627857,-0.604096,0.490778]],[[0.589486,-0.0426641,-0.806651],[0.293535,0.941653,0.164706],[0.752558,-0.333872,0.567615]],[[0.589486,-0.0426641,-0.806651],[0.0287036,0.99908,-0.0318657],[0.807268,-0.00436941,0.590168]]],"btipPosition":[-36.4128,267.089,31.3751],"carpPosition":[35.315,227.516,85.8856],"dipPosition":[-18.6876,266.993,44.3334],"direction":[-0.752558,0.333872,-0.567615],"extended":true,"handId":365,"id":3650,"length":48.8949,"mcpPosition":[35.315,227.516,85.8856],"pipPosition":[5.38522,256.313,62.4903],"stabilizedTipPosition":[-27.9543,264.885,34.3344],"timeVisible":0.090816,"tipPosition":[-29.9387,270.724,31.9957],"tipVelocity":[-132.83,19.3385,3.83983],"tool":false,"touchDistance":1,"touchZone":"none","type":0,"width":19.7032},{"bases":[[[0.0131069,-0.995758,0.0910718],[0.858742,-0.0354491,-0.511181],[0.512241,0.0849072,0.854635]],[[-0.00680724,-0.998305,0.0577943],[0.229099,-0.0578153,-0.971685],[0.973379,0.00662612,0.229104]],[[-0.00680724,-0.998305,0.0577943],[-0.752858,-0.0329225,-0.657359],[0.658147,-0.0479857,-0.751358]],[[-0.00680724,-0.998305,0.0577943],[-0.994418,0.00067272,-0.105506],[0.105289,-0.0581899,-0.992738]]],"btipPosition":[-39.1164,198.512,38.0531],"carpPosition":[51.2781,201.601,61.8509],"dipPosition":[-37.2708,197.492,20.6513],"direction":[-0.658147,0.0479857,0.751358],"extended":false,"handId":365,"id":3653,"length":60.446,"mcpPosition":[20.6362,196.522,10.7273],"pipPosition":[-20.1657,196.244,1.12374],"stabilizedTipPosition":[-33.9836,194.184,35.9199],"timeVisible":0.090816,"tipPosition":[-36.4868,198.472,38.2434],"tipVelocity":[-113.949,59.547,6.74584],"tool":false,"touchDistance":0.333333,"touchZone":"none","type":3,"width":17.5889},{"bases":[[[-0.0697653,-0.959602,0.272576],[0.892186,-0.182253,-0.413266],[0.446249,0.214357,0.868858]],[[-0.0862731,-0.966894,0.240154],[0.308268,-0.25513,-0.916449],[0.947379,-0.00503327,0.320073]],[[-0.0862731,-0.966894,0.240154],[-0.690062,-0.115871,-0.714414],[0.71859,-0.227356,-0.65722]],[[-0.0862731,-0.966894,0.240154],[-0.975837,0.0334401,-0.215926],[0.200747,-0.252979,-0.946415]]],"btipPosition":[-25.3042,185.619,33.8516],"carpPosition":[47.2667,189.059,65.2171],"dipPosition":[-22.0578,181.528,18.5468],"direction":[-0.71859,0.227356,0.65722],"extended":false,"handId":365,"id":3654,"length":47.3885,"mcpPosition":[22.5561,177.189,17.1049],"pipPosition":[-8.87184,177.356,6.48693],"stabilizedTipPosition":[-19.6082,180.231,32.4219],"timeVisible":0.090816,"tipPosition":[-23.9881,185.455,33.4968],"tipVelocity":[-107.178,56.3941,-10.0869],"tool":false,"touchDistance":0.333333,"touchZone":"none","type":4,"width":15.6239},{"bases":[[[0.0673849,-0.95823,-0.277946],[0.833156,0.207308,-0.512713],[0.548917,-0.197024,0.812325]],[[0.115437,-0.971853,-0.205369],[0.220228,0.226646,-0.948752],[0.968594,0.0642936,0.240192]],[[0.115437,-0.971853,-0.205369],[-0.767744,0.0438916,-0.639252],[0.630272,0.231465,-0.741067]],[[0.115437,-0.971853,-0.205369],[-0.99004,-0.0957972,-0.103166],[0.0805879,0.215233,-0.973232]]],"btipPosition":[-44.0233,226.411,34.0116],"carpPosition":[49.1668,223.859,68.3591],"dipPosition":[-42.7315,229.861,18.4112],"direction":[-0.630272,-0.231465,0.741067],"extended":false,"handId":365,"id":3651,"length":55.1725,"mcpPosition":[10.6017,237.702,11.2879],"pipPosition":[-28.4392,235.11,1.60651],"stabilizedTipPosition":[-39.1721,223.147,32.0302],"timeVisible":0.090816,"tipPosition":[-41.4176,226.779,34.0176],"tipVelocity":[-144.774,58.0373,-25.4178],"tool":false,"touchDistance":0.333333,"touchZone":"none","type":1,"width":18.8205},{"bases":[[[-0.0021006,-0.997246,-0.074138],[0.844403,0.0379474,-0.534363],[0.535704,-0.0637248,0.841998]],[[-0.0127407,-0.995783,-0.0908477],[0.226592,0.0856163,-0.97022],[0.973906,-0.0329466,0.224546]],[[-0.0127407,-0.995783,-0.0908477],[-0.750987,0.0695161,-0.656648],[0.660194,0.0598593,-0.748706]],[[-0.0127407,-0.995783,-0.0908477],[-0.99477,0.0218307,-0.0997777],[0.10134,0.0891013,-0.990854]]],"btipPosition":[-48.1365,215.729,35.0258],"carpPosition":[50.9963,213.161,63.8355],"dipPosition":[-46.3498,217.3,17.5567],"direction":[-0.660194,-0.0598593,0.748706],"extended":false,"handId":365,"id":3652,"length":62.8646,"mcpPosition":[15.3043,217.407,7.73636],"pipPosition":[-28.7367,218.896,-2.41782],"stabilizedTipPosition":[-43.3641,212.232,32.6288],"timeVisible":0.090816,"tipPosition":[-45.096,215.548,35.5825],"tipVelocity":[-127.4,61.9896,7.89224],"tool":false,"touchDistance":0.333333,"touchZone":"none","type":2,"width":18.4842}],"r":[[0.99935,-0.011534,-0.0341637],[0.0111047,0.999857,-0.0127293],[0.0343056,0.0123416,0.999335]],"s":0.977647,"t":[-8.45315,9.44684,-5.75768],"timestamp":261588423556},{"currentFrameRate":27.6099,"devices":[],"gestures":[],"hands":[{"armBasis":[[-0.00744122,-0.959087,-0.283015],[0.765606,0.1766,-0.618595],[0.643267,-0.221281,0.732968]],"armWidth":61.649,"confidence":0.532794,"direction":[-0.427843,0.0425013,-0.902853],"elbow":[223.027,144.579,279.715],"grabAngle":2.4733,"grabStrength":1,"id":365,"palmNormal":[-0.893393,-0.17141,0.415291],"palmPosition":[19.221,213.042,29.588],"palmVelocity":[-108.534,30.1223,-58.7074],"palmWidth":86.8926,"pinchDistance":41.4794,"pinchStrength":0.526685,"r":[[0.998552,-0.0134454,-0.0520922],[0.012424,0.999725,-0.0198834],[0.0523452,0.0192074,0.998444]],"s":0.973723,"sphereCenter":[-30.4199,206.634,33.5349],"sphereRadius":43.3497,"stabilizedPalmPosition":[25.0756,208.337,33.0623],"t":[-11.0773,11.1397,-7.20568],"timeVisible":0.112763,"type":"right","wrist":[57.1661,201.634,90.7252]}],"id":217612,"interactionBox":{"center":[0,200,0],"size":[235.247,235.247,147.751]},"pointables":[{"bases":[[[0.770761,-0.234466,-0.592413],[0.456167,0.852215,0.256207],[0.444792,-0.467713,0.763809]],[[0.564719,-0.054714,-0.823468],[0.514945,0.803096,0.299779],[0.644922,-0.593332,0.481698]],[[0.564719,-0.054714,-0.823468],[0.287517,0.948332,0.134163],[0.773581,-0.312525,0.551272]],[[0.564719,-0.054714,-0.823468],[0.0108205,0.998205,-0.0589036],[0.825213,0.0243537,0.564297]]],"btipPosition":[-39.1885,267.028,30.9002],"carpPosition":[34.4192,229.282,83.887],"dipPosition":[-21.0694,267.563,43.2904],"direction":[-0.773581,0.312525,-0.551272],"extended":true,"handId":365,"id":3650,"length":48.8949,"mcpPosition":[34.4192,229.282,83.887],"pipPosition":[3.67597,257.566,60.9245],"stabilizedTipPosition":[-31.1102,265.897,34.0734],"timeVisible":0.112763,"tipPosition":[-32.5878,271.077,31.1398],"tipVelocity":[-122.345,3.83326,-27.5938],"tool":false,"touchDistance":1,"touchZone":"none","type":0,"width":19.7032},{"bases":[[[0.0196293,-0.993766,0.10974],[0.844113,-0.0423496,-0.534491],[0.535807,0.103124,0.83802]],[[-0.00359433,-0.9973,0.0733431],[0.208816,-0.0724752,-0.975266],[0.977948,0.0118098,0.208513]],[[-0.00359433,-0.9973,0.0733431],[-0.76499,-0.0444937,-0.642503],[0.644032,-0.0584161,-0.762765]],[[-0.00359433,-0.9973,0.0733431],[-0.996112,-0.00288534,-0.0880506],[0.0880245,-0.0733744,-0.993412]]],"btipPosition":[-41.5254,199.104,38.2792],"carpPosition":[49.8007,202.963,59.9117],"dipPosition":[-39.9824,197.818,20.8656],"direction":[-0.644032,0.0584161,0.762765],"extended":false,"handId":365,"id":3653,"length":60.446,"mcpPosition":[17.7492,196.795,9.78201],"pipPosition":[-23.2443,196.3,1.0416],"stabilizedTipPosition":[-37.3021,196.319,35.16],"timeVisible":0.112763,"tipPosition":[-38.6719,199.069,38.7013],"tipVelocity":[-112.938,24.2005,10.18],"tool":false,"touchDistance":0.333333,"touchZone":"none","type":3,"width":17.5889},{"bases":[[[-0.0582323,-0.954402,0.292789],[0.880889,-0.187123,-0.434765],[0.469728,0.232597,0.851619]],[[-0.0756372,-0.962382,0.260959],[0.292592,-0.271609,-0.916852],[0.953241,0.00700633,0.302129]],[[-0.0756372,-0.962382,0.260959],[-0.705046,-0.133448,-0.696493],[0.705117,-0.236669,-0.66843]],[[-0.0756372,-0.962382,0.260959],[-0.979837,0.0231987,-0.198446],[0.184927,-0.270707,-0.944733]]],"btipPosition":[-27.6266,186.083,33.9927],"carpPosition":[45.9358,190.475,63.6298],"dipPosition":[-24.6361,181.705,18.7151],"direction":[-0.705117,0.236669,0.66843],"extended":false,"handId":365,"id":3654,"length":47.3885,"mcpPosition":[19.9251,177.595,16.4723],"pipPosition":[-11.6973,177.363,6.44956],"stabilizedTipPosition":[-22.6142,182.218,31.6251],"timeVisible":0.112763,"tipPosition":[-26.1921,185.989,33.9137],"tipVelocity":[-108.5,18.1283,6.71469],"tool":false,"touchDistance":0.333333,"touchZone":"none","type":4,"width":15.6239},{"bases":[[[0.0633252,-0.963173,-0.261317],[0.817529,0.200244,-0.539953],[0.572395,-0.179442,0.800103]],[[0.113381,-0.975216,-0.189996],[0.198856,0.209634,-0.957345],[0.973448,0.0707627,0.217696]],[[0.113381,-0.975216,-0.189996],[-0.778213,0.031717,-0.6272],[0.617681,0.218969,-0.755329]],[[0.113381,-0.975216,-0.189996],[-0.991519,-0.0988358,-0.0843859],[0.0635162,0.197952,-0.978152]]],"btipPosition":[-46.6906,226.952,33.8693],"carpPosition":[47.7855,225.336,66.0491],"dipPosition":[-45.6724,230.125,18.19],"direction":[-0.617681,-0.218969,0.755329],"extended":false,"handId":365,"id":3651,"length":55.1725,"mcpPosition":[7.57089,237.943,9.83654],"pipPosition":[-31.6657,235.09,1.06192],"stabilizedTipPosition":[-42.6777,225.329,31.1798],"timeVisible":0.112763,"tipPosition":[-43.8366,227.296,34.0961],"tipVelocity":[-124.402,21.7225,-7.31145],"tool":false,"touchDistance":0.333333,"touchZone":"none","type":1,"width":18.8205},{"bases":[[[-0.000227083,-0.998491,-0.0549149],[0.828834,0.0305367,-0.558661],[0.559495,-0.0456422,0.827576]],[[-0.0150504,-0.996931,-0.0768217],[0.204869,0.0721258,-0.976128],[0.978674,-0.0304296,0.203155]],[[-0.0150504,-0.996931,-0.0768217],[-0.763101,0.0610984,-0.643385],[0.646104,0.0489395,-0.761679]],[[-0.0150504,-0.996931,-0.0768217],[-0.99645,0.0213191,-0.0814435],[0.0828313,0.0753232,-0.993713]]],"btipPosition":[-50.7021,216.341,35.1965],"carpPosition":[49.5291,214.558,61.6815],"dipPosition":[-49.2418,217.669,17.6769],"direction":[-0.646104,-0.0489395,0.761679],"extended":false,"handId":365,"id":3652,"length":62.8646,"mcpPosition":[12.252,217.599,6.5432],"pipPosition":[-32.0046,218.975,-2.64367],"stabilizedTipPosition":[-46.8907,214.456,31.8925],"timeVisible":0.112763,"tipPosition":[-47.4367,216.091,35.9441],"tipVelocity":[-120.32,25.3779,7.24741],"tool":false,"touchDistance":0.333333,"touchZone":"none","type":2,"width":18.4842}],"r":[[0.998552,-0.0134454,-0.0520922],[0.012424,0.999725,-0.0198834],[0.0523452,0.0192074,0.998444]],"s":0.973723,"t":[-11.0773,11.1397,-7.20568],"timestamp":261588445503},{"currentFrameRate":29.4936,"devices":[],"gestures":[],"hands":[{"armBasis":[[0.0108915,-0.96822,-0.249862],[0.751124,0.172868,-0.637125],[0.660071,-0.180738,0.729137]],"armWidth":61.649,"confidence":0.610071,"direction":[-0.454979,0.01353,-0.890399],"elbow":[227.465,156.986,276.976],"grabAngle":2.4336,"grabStrength":1,"id":365,"palmNormal":[-0.877909,-0.174373,0.445947],"palmPosition":[17.46,212.761,28.654],"palmVelocity":[-80.6747,-12.8375,-42.7909],"palmWidth":86.8926,"pinchDistance":42.3225,"pinchStrength":0.51386,"r":[[0.997305,-0.0123349,-0.0723227],[0.010143,0.99948,-0.0305964],[0.0726625,0.0297804,0.996912]],"s":0.97458,"sphereCenter":[-32.3888,205.702,34.3264],"sphereRadius":43.959,"stabilizedPalmPosition":[23.1013,209.484,31.9195],"t":[-13.2699,11.846,-8.39673],"timeVisible":0.134592,"type":"right","wrist":[57.2714,203.588,88.9741]}],"id":217613,"interactionBox":{"center":[0,200,0],"size":[235.247,235.247,147.751]},"pointables":[{"bases":[[[0.756494,-0.237591,-0.609317],[0.450078,0.865091,0.221466],[0.474497,-0.441778,0.76137]],[[0.538603,-0.065165,-0.840036],[0.513042,0.816229,0.265627],[0.668352,-0.574042,0.473056]],[[0.538603,-0.065165,-0.840036],[0.279086,0.95452,0.104895],[0.794995,-0.290939,0.532294]],[[0.538603,-0.065165,-0.840036],[-0.00520514,0.996728,-0.0806576],[0.842544,0.0478149,0.536502]]],"btipPosition":[-41.7899,266.199,30.7015],"carpPosition":[34.0003,230.578,82.0589],"dipPosition":[-23.2903,267.249,42.4814],"direction":[-0.794995,0.290939,-0.532294],"extended":true,"handId":365,"id":3650,"length":48.8949,"mcpPosition":[34.0003,230.578,82.0589],"pipPosition":[2.14011,257.942,59.5085],"stabilizedTipPosition":[-34.0717,266.147,33.768],"timeVisible":0.134592,"tipPosition":[-35.2529,269.933,30.4209],"tipVelocity":[-115.163,-32.5506,-15.5317],"tool":false,"touchDistance":1,"touchZone":"none","type":0,"width":19.7032},{"bases":[[[0.038504,-0.990311,0.133419],[0.828494,-0.0430099,-0.558343],[0.558672,0.132035,0.818811]],[[0.0150858,-0.99497,0.0990289],[0.206492,-0.093805,-0.973941],[0.978332,0.0351414,0.204038]],[[0.0150858,-0.99497,0.0990289],[-0.75816,-0.0759535,-0.64763],[0.651894,-0.0653097,-0.755493]],[[0.0150858,-0.99497,0.0990289],[-0.994578,-0.025124,-0.100917],[0.102897,-0.0969695,-0.989954]]],"btipPosition":[-44.097,197.929,37.7401],"carpPosition":[49.0781,203.903,58.2856],"dipPosition":[-42.2933,196.229,20.3871],"direction":[-0.651894,0.0653097,0.755493],"extended":false,"handId":365,"id":3653,"length":60.446,"mcpPosition":[15.6588,196.005,9.30495],"pipPosition":[-25.3508,194.532,0.75211],"stabilizedTipPosition":[-40.3887,196.909,34.4773],"timeVisible":0.134592,"tipPosition":[-40.3893,198.076,39.065],"tipVelocity":[-115.056,-58.1864,-24.0584],"tool":false,"touchDistance":0.333333,"touchZone":"none","type":3,"width":17.5889},{"bases":[[[-0.0345186,-0.947563,0.317699],[0.870478,-0.184681,-0.456246],[0.490995,0.260801,0.831208]],[[-0.0500483,-0.955346,0.29122],[0.296474,-0.292653,-0.909097],[0.953729,0.0408405,0.297882]],[[-0.0500483,-0.955346,0.29122],[-0.700034,-0.174418,-0.692482],[0.712354,-0.238522,-0.660045]],[[-0.0500483,-0.955346,0.29122],[-0.978651,-0.0112877,-0.205218],[0.199341,-0.295274,-0.934386]]],"btipPosition":[-29.6002,184.81,33.7356],"carpPosition":[45.5219,191.455,62.4228],"dipPosition":[-26.3766,180.035,18.6253],"direction":[-0.712354,0.238522,0.660045],"extended":false,"handId":365,"id":3654,"length":47.3885,"mcpPosition":[18.3335,177.013,16.3954],"pipPosition":[-13.305,175.658,6.51362],"stabilizedTipPosition":[-25.2905,182.858,31.0402],"timeVisible":0.134592,"tipPosition":[-27.5174,185.008,34.5419],"tipVelocity":[-87.9575,-62.5086,-10.0157],"tool":false,"touchDistance":0.333333,"touchZone":"none","type":4,"width":15.6239},{"bases":[[[0.0707177,-0.968337,-0.239419],[0.797946,0.198945,-0.568949],[0.598566,-0.150809,0.78675]],[[0.12152,-0.977672,-0.171434],[0.189561,0.192394,-0.962835],[0.97432,0.0845061,0.208708]],[[0.12152,-0.977672,-0.171434],[-0.775238,0.0143759,-0.631505],[0.61987,0.209642,-0.756182]],[[0.12152,-0.977672,-0.171434],[-0.990164,-0.107335,-0.0897482],[0.0693435,0.180654,-0.981099]]],"btipPosition":[-49.5994,225.928,33.1178],"carpPosition":[46.8935,226.389,63.9306],"dipPosition":[-48.4879,228.824,17.3913],"direction":[-0.61987,-0.209642,0.756182],"extended":false,"handId":365,"id":3651,"length":55.1725,"mcpPosition":[4.84023,236.984,8.65619],"pipPosition":[-34.4315,233.578,0.243836],"stabilizedTipPosition":[-46.0172,225.963,30.3386],"timeVisible":0.134592,"tipPosition":[-46.046,226.221,34.1455],"tipVelocity":[-132.272,-49.8188,-34.9243],"tool":false,"touchDistance":0.333333,"touchZone":"none","type":1,"width":18.8205},{"bases":[[[0.0138625,-0.999442,-0.0304017],[0.811362,0.0290129,-0.583824],[0.58438,-0.0165735,0.811311]],[[-0.00220859,-0.998608,-0.0526949],[0.198694,0.0512061,-0.978723],[0.980059,-0.0126317,0.198304]],[[-0.00220859,-0.998608,-0.0526949],[-0.759891,0.0359303,-0.649057],[0.650047,0.0386088,-0.758913]],[[-0.00220859,-0.998608,-0.0526949],[-0.99594,0.00693848,-0.089747],[0.0899877,0.0522827,-0.99457]]],"btipPosition":[-53.5067,215.257,34.5375],"carpPosition":[48.6765,215.533,59.7781],"dipPosition":[-51.9202,216.178,17.0028],"direction":[-0.650047,-0.0386088,0.758913],"extended":false,"handId":365,"id":3652,"length":62.8646,"mcpPosition":[9.74149,216.637,5.72352],"pipPosition":[-34.5778,217.208,-3.24398],"stabilizedTipPosition":[-50.1657,214.986,31.1653],"timeVisible":0.134592,"tipPosition":[-49.5247,215.029,36.1416],"tipVelocity":[-127.149,-53.9809,-30.3485],"tool":false,"touchDistance":0.333333,"touchZone":"none","type":2,"width":18.4842}],"r":[[0.997305,-0.0123349,-0.0723227],[0.010143,0.99948,-0.0305964],[0.0726625,0.0297804,0.996912]],"s":0.97458,"t":[-13.2699,11.846,-8.39673],"timestamp":261588467332},{"currentFrameRate":31.1686,"devices":[],"gestures":[],"hands":[{"armBasis":[[0.0276107,-0.975316,-0.219083],[0.731844,0.169013,-0.660181],[0.680913,-0.142106,0.718445]],"armWidth":61.649,"confidence":0.677522,"direction":[-0.481261,-0.0101424,-0.876519],"elbow":[232.918,167.482,271.781],"grabAngle":2.39595,"grabStrength":1,"id":365,"palmNormal":[-0.862054,-0.175789,0.475353],"palmPosition":[15.6994,211.416,27.2143],"palmVelocity":[-80.3124,-61.3629,-65.6712],"palmWidth":86.8926,"pinchDistance":42.9436,"pinchStrength":0.501565,"r":[[0.99549,-0.00950942,-0.094386],[0.00544818,0.999052,-0.0431927],[0.0947072,0.0424837,0.994598]],"s":0.978238,"sphereCenter":[-34.2341,203.736,34.6384],"sphereRadius":44.4909,"stabilizedPalmPosition":[21.3589,209.939,30.8119],"t":[-15.2465,11.5265,-9.71207],"timeVisible":0.156514,"type":"right","wrist":[57.3507,204.122,86.5356]}],"id":217614,"interactionBox":{"center":[0,200,0],"size":[235.247,235.247,147.751]},"pointables":[{"bases":[[[0.741078,-0.240859,-0.62673],[0.445457,0.874793,0.190539],[0.502366,-0.420386,0.755582]],[[0.512732,-0.0748007,-0.855284],[0.511154,0.826993,0.234104],[0.689802,-0.557215,0.462261]],[[0.512732,-0.0748007,-0.855284],[0.272521,0.958859,0.0795141],[0.814148,-0.273852,0.512023]],[[0.512732,-0.0748007,-0.855284],[-0.0167157,0.995139,-0.0970529],[0.858386,0.0640588,0.50899]]],"btipPosition":[-44.1873,264.433,30.1435],"carpPosition":[33.586,230.518,79.7338],"dipPosition":[-25.3397,265.84,41.3193],"direction":[-0.814148,0.273852,-0.512023],"extended":true,"handId":365,"id":3650,"length":48.8949,"mcpPosition":[33.586,230.518,79.7338],"pipPosition":[0.703297,257.08,57.698],"stabilizedTipPosition":[-36.789,265.494,33.2725],"timeVisible":0.156514,"tipPosition":[-37.7012,267.908,29.4727],"tipVelocity":[-105.708,-76.7908,-31.7921],"tool":false,"touchDistance":1,"touchZone":"none","type":0,"width":19.7032},{"bases":[[[0.0549562,-0.986844,0.15205],[0.812088,-0.0444239,-0.581841],[0.580941,0.155453,0.798963]],[[0.0333461,-0.991936,0.122277],[0.198959,-0.113308,-0.973435],[0.97944,0.0567884,0.193576]],[[0.0333461,-0.991936,0.122277],[-0.751442,-0.105548,-0.651302],[0.658955,-0.0701656,-0.748902]],[[0.0333461,-0.991936,0.122277],[-0.9925,-0.047262,-0.112735],[0.117605,-0.1176,-0.986073]]],"btipPosition":[-46.705,195.752,36.9021],"carpPosition":[48.29,203.546,56.0611],"dipPosition":[-44.6435,193.691,19.6171],"direction":[-0.658956,0.0701656,0.748902],"extended":false,"handId":365,"id":3653,"length":60.446,"mcpPosition":[13.5385,194.247,8.26771],"pipPosition":[-27.5175,191.867,0.153409],"stabilizedTipPosition":[-43.3941,196.07,33.6795],"timeVisible":0