{"frames":228,"data":[{"currentFrameRate":23.7784,"devices":[],"gestures":[],"hands":[],"id":218046,"interactionBox":{"center":[0,200,0],"size":[235.247,235.247,147.751]},"pointables":[],"r":[[-0.0794966,-0.728761,-0.680138],[0.446709,0.583909,-0.677865],[0.891141,-0.357712,0.279125]],"s":-5.62558,"t":[894.675,787.691,741.58],"timestamp":261604114099},{"currentFrameRate":23.7724,"devices":[],"gestures":[],"hands":[],"id":218047,"interactionBox":{"center":[0,200,0],"size":[235.247,235.247,147.751]},"pointables":[],"r":[[-0.0794966,-0.728761,-0.680138],[0.446709,0.583909,-0.677865],[0.891141,-0.357712,0.279125]],"s":-5.62558,"t":[894.675,787.691,741.58],"timestamp":261604156210},{"currentFrameRate":23.7753,"devices":[],"gestures":[],"hands":[],"id":218048,"interactionBox":{"center":[0,200,0],"size":[235.247,235.247,147.751]},"pointables":[],"r":[[-0.0794966,-0.728761,-0.680138],[0.446709,0.583909,-0.677865],[0.891141,-0.357712,0.279125]],"s":-5.62558,"t":[894.675,787.691,741.58],"timestamp":261604198249},{"currentFrameRate":23.7683,"devices":[],"gestures":[],"hands":[],"id":218049,"interactionBox":{"center":[0,200,0],"size":[235.247,235.247,147.751]},"pointables":[],"r":[[-0.0794966,-0.728761,-0.680138],[0.446709,0.583909,-0.677865],[0.891141,-0.357712,0.279125]],"s":-5.62558,"t":[894.675,787.691,741.58],"timestamp":261604240374},{"currentFrameRate":23.7712,"devices":[],"gestures":[],"hands":[],"id":218050,"interactionBox":{"center":[0,200,0],"size":[235.247,235.247,147.751]},"pointables":[],"r":[[-0.0794966,-0.728761,-0.680138],[0.446709,0.583909,-0.677865],[0.891141,-0.357712,0.279125]],"s":-5.62558,"t":[894.675,787.691,741.58],"timestamp":261604282420},{"currentFrameRate":23.7401,"devices":[],"gestures":[],"hands":[],"id":218051,"interactionBox":{"center":[0,200,0],"size":[235.247,235.247,147.751]},"pointables":[],"r":[[-0.0794966,-0.728761,-0.680138],[0.446709,0.583909,-0.677865],[0.891141,-0.357712,0.279125]],"s":-5.62558,"t":[894.675,787.691,741.58],"timestamp":261604324778},{"currentFrameRate":23.7694,"devices":[],"gestures":[],"hands":[],"id":218052,"interactionBox":{"center":[0,200,0],"size":[235.247,235.247,147.751]},"pointables":[],"r":[[-0.0794966,-0.728761,-0.680138],[0.446709,0.583909,-0.677865],[0.891141,-0.357712,0.279125]],"s":-5.62558,"t":[894.675,787.691,741.58],"timestamp":261604366627},{"currentFrameRate":23.7637,"devices":[],"gestures":[],"hands":[],"id":218053,"interactionBox":{"center":[0,200,0],"size":[235.247,235.247,147.751]},"pointables":[],"r":[[-0.0794966,-0.728761,-0.680138],[0.446709,0.583909,-0.677865],[0.891141,-0.357712,0.279125]],"s":-5.62558,"t":[894.675,787.691,741.58],"timestamp":261604408751},{"currentFrameRate":23.7873,"devices":[],"gestures":[],"hands":[{"armBasis":[[0.0908774,-0.993034,-0.0750027],[0.732718,0.11768,-0.670281],[0.674438,0.00595755,0.738308]],"armWidth":60.529,"confidence":0,"direction":[-0.356023,-0.0497692,-0.933151],"elbow":[237.545,161.398,308.101],"grabAngle":2.90194,"grabStrength":1,"id":368,"palmNormal":[-0.921803,-0.1452,0.359438],"palmPosition":[30.6466,163.294,54.9322],"palmVelocity":[1.19209e-7,1.19209e-7,1.19209e-7],"palmWidth":86.4333,"pinchDistance":20.1966,"pinchStrength":0.927942,"r":[[1,3.46945e-18,1.11022e-17],[-3.46945e-18,1,-7.70372e-35],[-1.11022e-17,3.85186e-35,1]],"s":1,"sphereCenter":[-14.5512,147.222,56.93],"sphereRadius":39.5855,"stabilizedPalmPosition":[30.6466,163.294,54.9322],"t":[0,0,0],"timeVisible":0,"type":"right","wrist":[64.5659,159.87,118.741]}],"id":218054,"interactionBox":{"center":[0,200,0],"size":[235.247,235.247,147.751]},"pointables":[{"bases":[[[0.816735,-0.277469,-0.50592],[0.427745,0.879616,0.208112],[0.387271,-0.386377,0.837099]],[[0.603309,-0.106382,-0.79038],[0.348679,0.926507,0.141449],[0.717245,-0.360927,0.596063]],[[0.603309,-0.106382,-0.79038],[0.112843,0.992479,-0.0474486],[0.789484,-0.0605626,0.610776]],[[0.603309,-0.106382,-0.79038],[-0.20603,0.936629,-0.283332],[0.770435,0.333779,0.543159]]],"btipPosition":[-35.3589,196.375,48.0389],"carpPosition":[41.3492,184.719,108.16],"dipPosition":[-18.2309,203.795,60.1142],"direction":[-0.789484,0.0605626,-0.610776],"extended":false,"handId":368,"id":3680,"length":49.5064,"mcpPosition":[41.3492,184.719,108.16],"pipPosition":[7.33898,201.834,79.8961],"stabilizedTipPosition":[-31.4195,198.081,50.8163],"timeVisible":0,"tipPosition":[-31.4195,198.081,50.8163],"tipVelocity":[1.19209e-7,1.19209e-7,1.19209e-7],"tool":false,"touchDistance":1,"touchZone":"none","type":0,"width":19.2359},{"bases":[[[0.0914284,-0.982478,-0.162413],[0.855722,0.160928,-0.491775],[0.509295,-0.0940177,0.855441]],[[0.107782,-0.984996,-0.13478],[0.0421497,0.139975,-0.989258],[0.993281,0.100944,0.0566041]],[[0.107782,-0.984996,-0.13478],[-0.927442,-0.0507875,-0.370503],[0.358099,0.164934,-0.919]],[[0.107782,-0.984996,-0.13478],[-0.962148,-0.13748,0.235309],[-0.250308,0.104316,-0.96253]]],"btipPosition":[-24.2612,176.311,66.5834],"carpPosition":[56.0272,179.34,91.9542],"dipPosition":[-28.3237,178.004,50.9616],"direction":[-0.358099,-0.164934,0.919],"extended":false,"handId":368,"id":3681,"length":55.8625,"mcpPosition":[20.4349,185.91,32.1714],"pipPosition":[-20.1018,181.791,29.8614],"stabilizedTipPosition":[-25.1956,176.7,62.9904],"timeVisible":0,"tipPosition":[-25.1956,176.7,62.9904],"tipVelocity":[1.19209e-7,1.19209e-7,1.19209e-7],"tool":false,"touchDistance":0.333333,"touchZone":"none","type":1,"width":18.3741},{"bases":[[[0.0121672,-0.99909,0.0408852],[0.869833,-0.00959202,-0.493253],[0.493196,0.0415648,0.868925]],[[0.0176257,-0.998568,0.0505009],[0.0231804,-0.0500871,-0.998476],[0.999576,0.0187695,0.0222644]],[[0.0176257,-0.998568,0.0505009],[-0.935572,-0.0342887,-0.351468],[0.352696,-0.0410524,-0.934837]],[[0.0176257,-0.998568,0.0505009],[-0.955319,-0.00191434,0.295571],[-0.295051,-0.0534541,-0.953985]]],"btipPosition":[-24.5297,166.734,72.4761],"carpPosition":[58.1838,168.284,88.801],"dipPosition":[-29.7966,165.779,55.4466],"direction":[-0.352696,0.0410524,0.934837],"extended":false,"handId":368,"id":3682,"length":63.6508,"mcpPosition":[25.4977,165.53,31.2139],"pipPosition":[-20.2695,164.67,30.1944],"stabilizedTipPosition":[-25.7411,166.514,68.5593],"timeVisible":0,"tipPosition":[-25.7411,166.514,68.5593],"tipVelocity":[1.19209e-7,1.19209e-7,1.19209e-7],"tool":false,"touchDistance":0.333333,"touchZone":"none","type":2,"width":18.0458},{"bases":[[[0.0190059,-0.978499,0.205375],[0.883758,-0.0796181,-0.461121],[0.467558,0.190266,0.863243]],[[0.00855118,-0.982507,0.18603],[0.0307632,-0.185691,-0.982127],[0.99949,0.0141212,0.0286372]],[[0.00855118,-0.982507,0.18603],[-0.934048,-0.074274,-0.349338],[0.357044,-0.170774,-0.918344]],[[0.00855118,-0.982507,0.18603],[-0.96201,0.0426845,0.269656],[-0.272879,-0.181269,-0.944817]]],"btipPosition":[-16.1092,152.432,76.5306],"carpPosition":[58.6847,156.642,88.1768],"dipPosition":[-20.9524,149.215,59.7617],"direction":[-0.357044,0.170774,0.918344],"extended":false,"handId":368,"id":3683,"length":61.202,"mcpPosition":[30.8636,145.32,36.8112],"pipPosition":[-11.5569,144.721,35.5958],"stabilizedTipPosition":[-17.2232,151.692,72.6738],"timeVisible":0,"tipPosition":[-17.2232,151.692,72.6738],"tipVelocity":[1.19209e-7,1.19209e-7,1.19209e-7],"tool":false,"touchDistance":0.333333,"touchZone":"none","type":3,"width":17.1718},{"bases":[[[-0.0732926,-0.923205,0.377254],[0.913768,-0.213717,-0.345475],[0.399569,0.319402,0.859259]],[[-0.102111,-0.943959,0.31387],[0.141094,-0.326072,-0.934756],[0.984716,-0.051164,0.166482]],[[-0.102111,-0.943959,0.31387],[-0.882948,-0.0593376,-0.465706],[0.458232,-0.324684,-0.827408]],[[-0.102111,-0.943959,0.31387],[-0.983011,0.144125,0.113651],[-0.152518,-0.296932,-0.94264]]],"btipPosition":[-6.43768,139.587,70.6229],"carpPosition":[54.6626,144.567,92.7369],"dipPosition":[-8.93495,134.725,55.1885],"direction":[-0.458232,0.324684,0.827408],"extended":false,"handId":368,"id":3684,"length":47.9812,"mcpPosition":[32.6538,126.974,45.4077],"pipPosition":[-0.421308,128.692,39.8158],"stabilizedTipPosition":[-7.01205,138.468,67.073],"timeVisible":0,"tipPosition":[-7.01205,138.468,67.073],"tipVelocity":[1.19209e-7,1.19209e-7,1.19209e-7],"tool":false,"touchDistance":0.333333,"touchZone":"none","type":4,"width":15.2533}],"r":[[1,3.46945e-18,1.11022e-17],[-3.46945e-18,1,-7.70372e-35],[-1.11022e-17,3.85186e-35,1]],"s":1,"t":[0,0,0],"timestamp":261604450612},{"currentFrameRate":23.7674,"devices":[],"gestures":[],"hands":[{"armBasis":[[0.0673742,-0.987771,-0.140606],[0.704936,0.146857,-0.693901],[0.706064,-0.0523669,0.706209]],"armWidth":61.2497,"confidence":0.218845,"direction":[-0.376101,-0.0438898,-0.925539],"elbow":[241.618,148.258,296.117],"grabAngle":2.59881,"grabStrength":1,"id":368,"palmNormal":[-0.909097,-0.175636,0.377749],"palmPosition":[24.8676,165.927,52.1529],"palmVelocity":[-136.862,62.3497,-65.8227],"palmWidth":86.4333,"pinchDistance":20.8414,"pinchStrength":1,"r":[[0.999975,0.00533633,-0.00454215],[-0.00532085,0.99998,0.00341271],[0.00456027,-0.00338846,0.999984]],"s":1.00403,"sphereCenter":[-22.1186,149.13,55.4603],"sphereRadius":41.4503,"stabilizedPalmPosition":[29.6985,163.726,54.4763],"t":[-2.8895,1.31636,-1.38968],"timeVisible":0.042225,"type":"right","wrist":[60.5279,161.689,114.989]}],"id":218055,"interactionBox":{"center":[0,200,0],"size":[235.247,235.247,147.751]},"pointables":[{"bases":[[[0.811816,-0.247219,-0.528997],[0.409171,0.887171,0.213321],[0.416573,-0.389628,0.821375]],[[0.579401,-0.0720137,-0.811855],[0.345248,0.923994,0.164434],[0.738308,-0.375565,0.560226]],[[0.579401,-0.0720137,-0.811855],[0.0735601,0.996644,-0.035907],[0.811716,-0.0389155,0.582754]],[[0.579401,-0.0720137,-0.811855],[-0.276516,0.919643,-0.278918],[0.766703,0.386096,0.51293]]],"btipPosition":[-42.2633,197.211,48.5334],"carpPosition":[36.2326,186.751,105.482],"dipPosition":[-25.1585,205.825,59.9766],"direction":[-0.811716,0.0389155,-0.582754],"extended":false,"handId":368,"id":3680,"length":49.68,"mcpPosition":[36.2326,186.751,105.482],"pipPosition":[1.22367,204.56,78.9171],"stabilizedTipPosition":[-33.1152,198.354,50.9019],"timeVisible":0.042225,"tipPosition":[-38.1819,199.115,50.1229],"tipVelocity":[-163.64,26.3024,8.2665],"tool":false,"touchDistance":1,"touchZone":"none","type":0,"width":19.5655},{"bases":[[[0.113446,-0.976884,-0.181185],[0.839579,0.19177,-0.508264],[0.53126,-0.0944588,0.841926]],[[0.104933,-0.975248,-0.19463],[0.129666,0.207457,-0.969612],[0.98599,0.0765073,0.148225]],[[0.104933,-0.975248,-0.19463],[-0.815417,0.0276585,-0.578213],[0.569284,0.219378,-0.792331]],[[0.104933,-0.975248,-0.19463],[-0.994477,-0.103297,-0.0185627],[-0.00200158,0.195503,-0.980701]]],"btipPosition":[-39.9237,177.262,58.1769],"carpPosition":[50.6678,182.033,88.8573],"dipPosition":[-39.9563,180.446,42.2043],"direction":[-0.569284,-0.219378,0.792331],"extended":false,"handId":368,"id":3681,"length":56.0584,"mcpPosition":[13.5405,188.634,30.019],"pipPosition":[-26.8397,185.501,23.9486],"stabilizedTipPosition":[-33.7213,177.449,58.0799],"timeVisible":0.042225,"tipPosition":[-35.5423,177.85,58.0846],"tipVelocity":[-348.979,30.6483,-201.001],"tool":false,"touchDistance":0.333333,"touchZone":"none","type":1,"width":18.689},{"bases":[[[0.039377,-0.998947,0.0235471],[0.858131,0.0217346,-0.51297],[0.511918,0.0404057,0.858083]],[[0.013601,-0.999715,-0.0196053],[0.104096,0.0209162,-0.994347],[0.994474,0.0114833,0.104351]],[[0.013601,-0.999715,-0.0196053],[-0.811032,0.000438405,-0.585002],[0.584844,0.0238571,-0.810795]],[[0.013601,-0.999715,-0.0196053],[-0.99985,-0.0133869,-0.0110118],[0.0107462,0.0197521,-0.999747]]],"btipPosition":[-42.6252,166.886,63.6918],"carpPosition":[53.0408,171.092,85.4678],"dipPosition":[-42.4327,167.24,45.7828],"direction":[-0.584844,-0.0238571,0.810795],"extended":false,"handId":368,"id":3682,"length":63.874,"mcpPosition":[19.1139,168.414,28.5991],"pipPosition":[-26.5793,167.887,23.8045],"stabilizedTipPosition":[-37.5616,166.832,62.2513],"timeVisible":0.042225,"tipPosition":[-37.6026,167.165,62.8856],"tipVelocity":[-398.813,10.739,-212.827],"tool":false,"touchDistance":0.333333,"touchZone":"none","type":2,"width":18.3551},{"bases":[[[0.0494784,-0.98089,0.188167],[0.874633,-0.0484142,-0.482362],[0.482254,0.188444,0.855523]],[[0.0284916,-0.988147,0.150841],[0.103626,-0.14717,-0.983668],[0.994208,0.0436574,0.098205]],[[0.0284916,-0.988147,0.150841],[-0.815172,-0.110304,-0.568618],[0.578517,-0.106761,-0.808653]],[[0.0284916,-0.988147,0.150841],[-0.999592,-0.0278845,0.00613859],[-0.00185969,-0.150955,-0.988539]]],"btipPosition":[-32.4505,151.914,68.5055],"carpPosition":[53.8331,159.479,84.6338],"dipPosition":[-32.4836,149.226,50.899],"direction":[-0.578517,0.106761,0.808653],"extended":false,"handId":368,"id":3683,"length":61.4166,"mcpPosition":[25.1375,148.266,33.7276],"pipPosition":[-17.2067,146.407,29.5449],"stabilizedTipPosition":[-26.6401,151.447,67.5943],"timeVisible":0.042225,"tipPosition":[-27.5795,151.997,67.4787],"tipVelocity":[-360.805,-9.38488,-194.619],"tool":false,"touchDistance":0.333333,"touchZone":"none","type":3,"width":17.466},{"bases":[[[-0.0402379,-0.930914,0.363016],[0.910828,-0.183549,-0.369732],[0.410819,0.315768,0.855288]],[[-0.0658157,-0.948817,0.308893],[0.200235,-0.315826,-0.927448],[0.977535,0.000810621,0.210773]],[[-0.0658157,-0.948817,0.308893],[-0.762039,-0.152054,-0.629425],[0.644177,-0.276815,-0.713028]],[[-0.0658157,-0.948817,0.308893],[-0.988951,0.020817,-0.146772],[0.13283,-0.31514,-0.939704]]],"btipPosition":[-19.5338,140.146,63.5969],"carpPosition":[50.2366,147.227,89.0774],"dipPosition":[-17.3513,134.968,48.1566],"direction":[-0.644177,0.276815,0.713028],"extended":false,"handId":368,"id":3684,"length":48.1495,"mcpPosition":[27.6081,129.835,41.967],"pipPosition":[-5.34096,129.807,34.8626],"stabilizedTipPosition":[-12.0976,138.674,64.0997],"timeVisible":0.042225,"tipPosition":[-14.836,139.511,62.7707],"tipVelocity":[-284.661,11.5365,-166.426],"tool":false,"touchDistance":0.333333,"touchZone":"none","type":4,"width":15.5147}],"r":[[0.999975,0.00533633,-0.00454215],[-0.00532085,0.99998,0.00341271],[0.00456027,-0.00338846,0.999984]],"s":1.00403,"t":[-2.8895,1.31636,-1.38968],"timestamp":261604492837},{"currentFrameRate":23.7731,"devices":[],"gestures":[],"hands":[{"armBasis":[[0.0811231,-0.990177,-0.113881],[0.657332,0.139038,-0.740664],[0.749222,-0.0147724,0.662154]],"armWidth":61.2497,"confidence":0.416798,"direction":[-0.438272,-0.126004,-0.889967],"elbow":[250.745,167.871,279.9],"grabAngle":2.44574,"grabStrength":1,"id":368,"palmNormal":[-0.868372,-0.196263,0.455425],"palmPosition":[18.4124,170.266,49.8503],"palmVelocity":[-153.617,103.268,-54.7952],"palmWidth":86.4333,"pinchDistance":20.9213,"pinchStrength":1,"r":[[0.999532,0.0198887,-0.023262],[-0.0200464,0.999777,-0.00656713],[0.0231262,0.00703038,0.999708]],"s":1.01163,"sphereCenter":[-28.4702,149.984,58.3304],"sphereRadius":43.4349,"stabilizedPalmPosition":[24.9228,166.493,52.5188],"t":[-7.56182,4.14425,-3.2358],"timeVisible":0.084246,"type":"right","wrist":[58.5852,171.66,110.072]}],"id":218056,"interactionBox":{"center":[0,200,0],"size":[235.247,235.247,147.751]},"pointables":[{"bases":[[[0.118121,-0.96198,0.246254],[0.839218,-0.035854,-0.542612],[0.530811,0.270755,0.803076]],[[0.0964875,-0.972174,0.213468],[0.138406,-0.19928,-0.970119],[0.985664,0.12315,0.115327]],[[0.0964875,-0.972174,0.213468],[-0.756517,-0.211003,-0.619],[0.646817,-0.101766,-0.755825]],[[0.0964875,-0.972174,0.213468],[-0.989638,-0.116616,-0.0837746],[0.106337,-0.203173,-0.973352]]],"btipPosition":[-42.5945,152.493,65.007],"carpPosition":[49.9452,167.543,80.4094],"dipPosition":[-40.7006,148.875,47.6711],"direction":[-0.646818,0.101766,0.755825],"extended":false,"handId":368,"id":3683,"length":61.4166,"mcpPosition":[18.3603,151.432,32.6239],"pipPosition":[-23.6201,146.187,27.712],"stabilizedTipPosition":[-39.0597,151.618,62.3327],"timeVisible":0.084246,"tipPosition":[-36.1118,153.471,66.29],"tipVelocity":[-230.855,8.68406,-81.7741],"tool":false,"touchDistance":0.333333,"touchZone":"none","type":3,"width":17.466},{"bases":[[[0.0384653,-0.904942,0.423794],[0.890951,-0.160978,-0.424609],[0.452468,0.393912,0.800066]],[[0.0145509,-0.924455,0.381012],[0.256205,-0.364884,-0.895108],[0.966513,0.110642,0.23154]],[[0.0145509,-0.924455,0.381012],[-0.698715,-0.281979,-0.657484],[0.715252,-0.256652,-0.650034]],[[0.0145509,-0.924455,0.381012],[-0.969985,-0.105553,-0.219061],[0.24273,-0.366389,-0.898244]]],"btipPosition":[-27.4505,140.831,60.8903],"carpPosition":[47.3733,155.452,85.8848],"dipPosition":[-23.4622,134.811,46.1313],"direction":[-0.715252,0.256652,0.650034],"extended":false,"handId":368,"id":3684,"length":48.1495,"mcpPosition":[22.4508,133.755,41.8161],"pipPosition":[-10.1267,130.026,34.0117],"stabilizedTipPosition":[-20.769,139.138,60.1328],"timeVisible":0.084246,"tipPosition":[-21.4869,141.537,62.4983],"tipVelocity":[-178.515,11.6872,-60.6818],"tool":false,"touchDistance":0.333333,"touchZone":"none","type":4,"width":15.5147},{"bases":[[[0.784552,-0.240344,-0.571589],[0.372635,0.919546,0.124817],[0.495603,-0.310919,0.810991]],[[0.526555,-0.0987651,-0.844385],[0.294557,0.952901,0.0722265],[0.797481,-0.286751,0.530846]],[[0.526555,-0.0987651,-0.844385],[0.0105804,0.993913,-0.109657],[0.850075,0.0488066,0.524395]],[[0.526555,-0.0987651,-0.844385],[-0.353392,0.877921,-0.323062],[0.77321,0.468509,0.42737]]],"btipPosition":[-50.3242,196.782,48.9841],"carpPosition":[32.3695,195.223,100.734],"dipPosition":[-33.0742,207.234,58.5186],"direction":[-0.850075,-0.0488066,-0.524395],"extended":false,"handId":368,"id":3680,"length":49.68,"mcpPosition":[32.3695,195.223,100.734],"pipPosition":[-5.4453,208.82,75.5623],"stabilizedTipPosition":[-40.4636,198.816,51.0546],"timeVisible":0.084246,"tipPosition":[-46.3916,199.895,50.489],"tipVelocity":[-191.036,-0.143696,0.27939],"tool":false,"touchDistance":1,"touchZone":"none","type":0,"width":19.5655},{"bases":[[[0.155172,-0.979773,-0.126358],[0.788894,0.199886,-0.581113],[0.594616,-0.00951039,0.803954]],[[0.158328,-0.97981,-0.122087],[0.129166,0.143137,-0.981238],[0.978902,0.139588,0.149221]],[[0.158328,-0.97981,-0.122087],[-0.784064,-0.0496061,-0.618695],[0.600147,0.19368,-0.776088]],[[0.158328,-0.97981,-0.122087],[-0.986231,-0.150948,-0.0675528],[0.0477601,0.131101,-0.990218]]],"btipPosition":[-50.4286,178.488,55.1211],"carpPosition":[45.8217,190.138,83.4079],"dipPosition":[-49.6508,180.623,38.9935],"direction":[-0.600147,-0.19368,0.776088],"extended":false,"handId":368,"id":3681,"length":56.0584,"mcpPosition":[4.26685,190.803,27.2233],"pipPosition":[-35.8231,185.086,21.1121],"stabilizedTipPosition":[-47.1737,178.694,52.6527],"timeVisible":0.084246,"tipPosition":[-44.6409,179.286,56.9268],"tipVelocity":[-245.556,23.4422,-73.5678],"tool":false,"touchDistance":0.333333,"touchZone":"none","type":1,"width":18.689},{"bases":[[[0.0973043,-0.991674,0.0843504],[0.816634,0.0311084,-0.576317],[0.568895,0.124961,0.812861]],[[0.0696453,-0.996561,0.0448941],[0.117114,-0.0365241,-0.992447],[0.990673,0.0743769,0.114168]],[[0.0696453,-0.996561,0.0448941],[-0.772567,-0.0823528,-0.62957],[0.631102,0.00916291,-0.775646]],[[0.0696453,-0.996561,0.0448941],[-0.993804,-0.0732198,-0.0836246],[0.0866241,-0.0387918,-0.995486]]],"btipPosition":[-53.3205,167.877,60.297],"carpPosition":[48.5602,179.13,80.5562],"dipPosition":[-51.7688,167.182,42.4644],"direction":[-0.631102,-0.00916291,0.775646],"extended":false,"handId":368,"id":3682,"length":63.874,"mcpPosition":[10.8572,170.848,26.6846],"pipPosition":[-34.6614,167.431,21.4389],"stabilizedTipPosition":[-51.0175,167.605,56.9607],"timeVisible":0.084246,"tipPosition":[-46.8733,168.512,61.7207],"tipVelocity":[-247.082,17.8412,-80.3683],"tool":false,"touchDistance":0.333333,"touchZone":"none","type":2,"width":18.3551}],"r":[[0.999532,0.0198887,-0.023262],[-0.0200464,0.999777,-0.00656713],[0.0231262,0.00703038,0.999708]],"s":1.01163,"t":[-7.56182,4.14425,-3.2358],"timestamp":261604534858},{"currentFrameRate":26.7432,"devices":[],"gestures":[],"hands":[{"armBasis":[[0.116613,-0.989091,-0.0899997],[0.627359,0.143608,-0.765374],[0.76995,0.0327908,0.637262]],"armWidth":61.2497,"confidence":0.484354,"direction":[-0.448511,-0.130667,-0.884174],"elbow":[255.517,182.459,272.049],"grabAngle":2.40123,"grabStrength":0.988838,"id":368,"palmNormal":[-0.859536,-0.208138,0.466772],"palmPosition":[16.9519,171.797,49.07],"palmVelocity":[-90.6793,95.0314,-48.452],"palmWidth":86.4333,"pinchDistance":23.1769,"pinchStrength":0.995481,"r":[[0.99858,0.0339872,-0.0410232],[-0.034587,0.999304,-0.014002],[0.0405187,0.015401,0.99906]],"s":1.0266,"sphereCenter":[-30.2206,150.967,58.2283],"sphereRadius":44.2584,"stabilizedPalmPosition":[23.2767,167.589,51.8066],"t":[-10.6282,6.32349,-4.54904],"timeVisible":0.100352,"type":"right","wrist":[58.0413,174.049,108.605]}],"id":218057,"interactionBox":{"center":[0,200,0],"size":[235.247,235.247,147.751]},"pointables":[{"bases":[[[0.779869,-0.22939,-0.582395],[0.362242,0.92419,0.121055],[0.510475,-0.305375,0.803842]],[[0.517338,-0.0913196,-0.850895],[0.292419,0.953307,0.0754781],[0.804271,-0.287866,0.519886]],[[0.517338,-0.0913196,-0.850895],[0.0193105,0.995283,-0.095075],[0.855563,0.0327546,0.516661]],[[0.517338,-0.0913196,-0.850895],[-0.343105,0.888747,-0.303987],[0.78399,0.44921,0.42845]]],"btipPosition":[-52.1699,199.438,48.7927],"carpPosition":[31.2646,196.874,99.7954],"dipPosition":[-34.6794,209.459,58.3513],"direction":[-0.855563,-0.0327546,-0.516661],"extended":false,"handId":368,"id":3680,"length":49.68,"mcpPosition":[31.2646,196.874,99.7954],"pipPosition":[-6.87215,210.524,75.1436],"stabilizedTipPosition":[-42.9881,199.777,51.0338],"timeVisible":0.100352,"tipPosition":[-48.2106,200.709,50.6615],"tipVelocity":[-111.163,158.741,-11.54],"tool":false,"touchDistance":1,"touchZone":"none","type":0,"width":19.5655},{"bases":[[[0.133969,-0.960645,0.243337],[0.832246,-0.0242373,-0.553877],[0.537977,0.276718,0.796246]],[[0.115,-0.969768,0.215234],[0.158887,-0.195925,-0.967661],[0.980576,0.145479,0.131552]],[[0.115,-0.969768,0.215234],[-0.735165,-0.228804,-0.638108],[0.668062,-0.0848499,-0.739252]],[[0.115,-0.969768,0.215234],[-0.983103,-0.142173,-0.115306],[0.14242,-0.198337,-0.969731]]],"btipPosition":[-45.0276,152.561,63.0101],"carpPosition":[48.9255,169.45,79.1993],"dipPosition":[-42.491,149.029,45.7387],"direction":[-0.668063,0.0848499,0.739252],"extended":false,"handId":368,"id":3683,"length":61.4166,"mcpPosition":[16.9142,152.984,31.8202],"pipPosition":[-24.8495,146.788,26.2172],"stabilizedTipPosition":[-41.1541,151.669,61.051],"timeVisible":0.100352,"tipPosition":[-38.1672,153.911,65.1928],"tipVelocity":[-141.89,5.4556,-123.065],"tool":false,"touchDistance":0.333333,"touchZone":"none","type":3,"width":17.466},{"bases":[[[0.0559684,-0.904863,0.422007],[0.887189,-0.148814,-0.436749],[0.457999,0.398844,0.794456]],[[0.0367805,-0.92074,0.38844],[0.281253,-0.363453,-0.888143],[0.958928,0.141916,0.245593]],[[0.0367805,-0.92074,0.38844],[-0.6814,-0.307436,-0.664212],[0.730987,-0.240252,-0.638699]],[[0.0367805,-0.92074,0.38844],[-0.961536,-0.138485,-0.237214],[0.272206,-0.364774,-0.890418]]],"btipPosition":[-29.0651,141.041,59.1932],"carpPosition":[46.5855,157.32,84.6923],"dipPosition":[-24.5925,135.047,44.5628],"direction":[-0.730987,0.240252,0.638699],"extended":false,"handId":368,"id":3684,"length":48.1495,"mcpPosition":[21.3583,135.351,40.9326],"pipPosition":[-10.9636,130.568,32.6545],"stabilizedTipPosition":[-22.4044,139.256,59.1641],"timeVisible":0.100352,"tipPosition":[-22.9838,142.234,61.5472],"tipVelocity":[-93.3288,13.3924,-103.534],"tool":false,"touchDistance":0.333333,"touchZone":"none","type":4,"width":15.5147},{"bases":[[[0.166238,-0.97751,-0.129762],[0.778336,0.21087,-0.591377],[0.60544,-0.00268952,0.795886]],[[0.173435,-0.977473,-0.120277],[0.147126,0.146473,-0.978212],[0.973794,0.15196,0.169215]],[[0.173435,-0.977473,-0.120277],[-0.764829,-0.0567407,-0.64173],[0.620449,0.20329,-0.75744]],[[0.173435,-0.977473,-0.120277],[-0.981406,-0.161337,-0.103985],[0.0822371,0.136075,-0.987279]]],"btipPosition":[-53.279,179.05,53.2643],"carpPosition":[44.548,191.985,82.2835],"dipPosition":[-51.9396,181.266,37.1846],"direction":[-0.620449,-0.20329,0.75744],"extended":false,"handId":368,"id":3681,"length":56.0584,"mcpPosition":[2.23664,192.173,26.6628],"pipPosition":[-37.6441,185.95,19.7328],"stabilizedTipPosition":[-49.7383,179.077,51.2872],"timeVisible":0.100352,"tipPosition":[-47.0551,179.925,55.9825],"tipVelocity":[-168.954,36.0256,-114.606],"tool":false,"touchDistance":0.333333,"touchZone":"none","type":1,"width":18.689},{"bases":[[[0.111367,-0.990416,0.0816871],[0.808339,0.0424641,-0.587184],[0.578088,0.131424,0.805321]],[[0.0859761,-0.995217,0.0463855],[0.134792,-0.0345105,-0.990273],[0.987137,0.0913922,0.13118]],[[0.0859761,-0.995217,0.0463855],[-0.75347,-0.0954116,-0.650523],[0.651837,0.0209793,-0.758069]],[[0.0859761,-0.995217,0.0463855],[-0.989315,-0.0907833,-0.114078],[0.117743,-0.0360819,-0.992388]]],"btipPosition":[-56.0556,168.186,58.3074],"carpPosition":[47.3914,181.017,79.3804],"dipPosition":[-53.9464,167.539,40.5302],"direction":[-0.651837,-0.0209793,0.758069],"extended":false,"handId":368,"id":3682,"length":63.874,"mcpPosition":[9.07908,172.307,26.0085],"pipPosition":[-36.277,168.108,19.9812],"stabilizedTipPosition":[-53.23,167.815,55.6282],"timeVisible":0.100352,"tipPosition":[-49.2358,169.007,60.6931],"tipVelocity":[-161.858,19.8516,-122.743],"tool":false,"touchDistance":0.333333,"touchZone":"none","type":2,"width":18.3551}],"r":[[0.99858,0.0339872,-0.0410232],[-0.034587,0.999304,-0.014002],[0.0405187,0.015401,0.99906]],"s":1.0266,"t":[-10.6282,6.32349,-4.54904],"timestamp":261604550964},{"currentFrameRate":29.4782,"devices":[],"gestures":[],"hands":[{"armBasis":[[0.142074,-0.986849,-0.0770977],[0.60904,0.148549,-0.779104],[0.780311,0.0637349,0.622135]],"armWidth":61.2497,"confidence":0.546688,"direction":[-0.463143,-0.152521,-0.873061],"elbow":[257.75,192.867,266.065],"grabAngle":2.3745,"grabStrength":0.981855,"id":368,"palmNormal":[-0.844748,-0.222066,0.486917],"palmPosition":[15.4117,172.491,47.8466],"palmVelocity":[-95.472,43.0033,-75.8273],"palmWidth":86.4333,"pinchDistance":24.832,"pinchStrength":0.953414,"r":[[0.996991,0.0496882,-0.0594959],[-0.0510791,0.99845,-0.0220885],[0.0583061,0.025061,0.997984]],"s":1.04433,"sphereCenter":[-31.5614,150.669,58.2703],"sphereRadius":44.9021,"stabilizedPalmPosition":[21.8331,168.488,51.0798],"t":[-12.9315,7.76,-5.81732],"timeVisible":0.116485,"type":"right","wrist":[57.6164,176.52,106.5]}],"id":218058,"interactionBox":{"center":[0,200,0],"size":[235.247,235.247,147.751]},"pointables":[{"bases":[[[0.773091,-0.21866,-0.595415],[0.342732,0.933874,0.102049],[0.533728,-0.282961,0.796911]],[[0.501748,-0.0901317,-0.860305],[0.277531,0.958751,0.0614165],[0.819283,-0.269577,0.506066]],[[0.501748,-0.0901317,-0.860305],[0.00968914,0.99508,-0.0986008],[0.86496,0.0411371,0.500153]],[[0.501748,-0.0901317,-0.860305],[-0.348297,0.889321,-0.296306],[0.791794,0.448313,0.414822]]],"btipPosition":[-54.471,199.993,48.4436],"carpPosition":[30.1548,198.549,97.9504],"dipPosition":[-36.8064,209.995,57.6981],"direction":[-0.86496,-0.0411371,-0.500153],"extended":false,"handId":368,"id":3680,"length":49.68,"mcpPosition":[30.1548,198.549,97.9504],"pipPosition":[-8.69378,211.332,73.9539],"stabilizedTipPosition":[-45.5886,200.659,50.872],"timeVisible":0.116485,"tipPosition":[-50.3721,200.098,50.4314],"tipVelocity":[-140.153,34.1422,-25.9758],"tool":false,"touchDistance":1,"touchZone":"none","type":0,"width":19.5655},{"bases":[[[0.161488,-0.954031,0.252481],[0.821183,-0.0119903,-0.570539],[0.547339,0.299469,0.781498]],[[0.143704,-0.963216,0.227078],[0.168655,-0.202266,-0.964699],[0.975143,0.176929,0.133385]],[[0.143704,-0.963216,0.227078],[-0.72437,-0.25872,-0.639024],[0.674268,-0.072658,-0.734904]],[[0.143704,-0.963216,0.227078],[-0.977638,-0.173776,-0.118432],[0.153536,-0.204981,-0.966649]]],"btipPosition":[-46.6045,151.494,61.7793],"carpPosition":[48.036,171.28,77.3386],"dipPosition":[-43.8699,147.844,44.5627],"direction":[-0.674268,0.072658,0.734904],"extended":false,"handId":368,"id":3683,"length":61.4166,"mcpPosition":[15.4677,153.461,30.8371],"pipPosition":[-26.0646,145.925,25.1561],"stabilizedTipPosition":[-42.8912,151.304,59.8867],"timeVisible":0.116485,"tipPosition":[-39.6745,153.231,64.5311],"tipVelocity":[-94.9231,-67.8093,-75.5119],"tool":false,"touchDistance":0.333333,"touchZone":"none","type":3,"width":17.466},{"bases":[[[0.0858332,-0.897775,0.43201],[0.881412,-0.133726,-0.453023],[0.464484,0.419663,0.779832]],[[0.0688058,-0.912508,0.40323],[0.297135,-0.367099,-0.881447],[0.952353,0.180463,0.24588]],[[0.0688058,-0.912508,0.40323],[-0.674799,-0.340267,-0.654877],[0.734787,-0.22704,-0.639172]],[[0.0688058,-0.912508,0.40323],[-0.957625,-0.173723,-0.229728],[0.279679,-0.370336,-0.885794]]],"btipPosition":[-29.8852,140.291,58.259],"carpPosition":[46.0946,159.171,83.0293],"dipPosition":[-25.2898,134.206,43.7045],"direction":[-0.734787,0.22704,0.639172],"extended":false,"handId":368,"id":3684,"length":48.1495,"mcpPosition":[20.5102,136.055,40.0751],"pipPosition":[-11.5901,129.973,31.7874],"stabilizedTipPosition":[-23.632,139.186,58.3514],"timeVisible":0.116485,"tipPosition":[-23.9361,141.931,61.0332],"tipVelocity":[-49.0838,-47.7928,-56.8279],"tool":false,"touchDistance":0.333333,"touchZone":"none","type":4,"width":15.5147},{"bases":[[[0.186573,-0.974966,-0.120964],[0.760996,0.221291,-0.609849],[0.62135,0.0217286,0.783232]],[[0.19765,-0.974422,-0.106944],[0.15034,0.137937,-0.978964],[0.968676,0.177414,0.173758]],[[0.19765,-0.974422,-0.106944],[-0.757493,-0.0825735,-0.6476],[0.622205,0.209008,-0.754438]],[[0.19765,-0.974422,-0.106944],[-0.975829,-0.185203,-0.116008],[0.0932344,0.127288,-0.987474]]],"btipPosition":[-55.7568,178.072,51.8443],"carpPosition":[43.192,193.745,80.2312],"dipPosition":[-54.2383,180.145,35.7614],"direction":[-0.622205,-0.209008,0.754438],"extended":false,"handId":368,"id":3681,"length":56.0584,"mcpPosition":[-0.231292,192.227,25.4948],"pipPosition":[-39.9024,184.961,18.3788],"stabilizedTipPosition":[-52.204,178.847,49.9206],"timeVisible":0.116485,"tipPosition":[-49.327,179.143,55.1533],"tipVelocity":[-151.038,-62.6404,-88.0642],"tool":false,"touchDistance":0.333333,"touchZone":"none","type":1,"width":18.689},{"bases":[[[0.136321,-0.98641,0.0917145],[0.795039,0.0536988,-0.604176],[0.591041,0.155279,0.791555]],[[0.111721,-0.991996,0.0588459],[0.140473,-0.0428571,-0.989156],[0.983761,0.118776,0.134561]],[[0.111721,-0.991996,0.0588459],[-0.74479,-0.122789,-0.655904],[0.65788,0.0294502,-0.752547]],[[0.111721,-0.991996,0.0588459],[-0.985586,-0.11818,-0.121052],[0.127038,-0.0444737,-0.9909]]],"btipPosition":[-58.2469,167.06,56.9147],"carpPosition":[46.2336,182.81,77.4071],"dipPosition":[-55.9712,166.263,39.1642],"direction":[-0.65788,-0.0294502,0.752547],"extended":false,"handId":368,"id":3682,"length":63.874,"mcpPosition":[7.06296,172.519,24.9475],"pipPosition":[-38.1381,167.061,18.7648],"stabilizedTipPosition":[-55.3316,167.376,54.3205],"timeVisible":0.116485,"tipPosition":[-51.2829,168.144,59.9361],"tipVelocity":[-133.455,-71.9323,-85.947],"tool":false,"touchDistance":0.333333,"touchZone":"none","type":2,"width":18.3551}],"r":[[0.996991,0.0496882,-0.0594959],[-0.0510791,0.99845,-0.0220885],[0.0583061,0.025061,0.997984]],"s":1.04433,"t":[-12.9315,7.76,-5.81732],"timestamp":261604567097},{"currentFrameRate":32.1098,"devices":[],"gestures":[],"hands":[{"armBasis":[[0.160988,-0.984386,-0.0711885],[0.596721,0.154534,-0.787428],[0.786134,0.0842867,0.612281]],"armWidth":61.2497,"confidence":0.601016,"direction":[-0.463899,-0.179206,-0.867573],"elbow":[258.344,200.544,261.993],"grabAngle":2.35573,"grabStrength":0.982677,"id":368,"palmNormal":[-0.834506,-0.240278,0.495849],"palmPosition":[14.2244,172.89,46.6807],"palmVelocity":[-77.1293,25.979,-75.7462],"palmWidth":86.4333,"pinchDistance":26.0683,"pinchStrength":0.921349,"r":[[0.994802,0.0679267,-0.0758659],[-0.0704527,0.997029,-0.0311281],[0.0735261,0.0363112,0.996632]],"s":1.06228,"sphereCenter":[-32.4154,149.883,57.726],"sphereRadius":45.3923,"stabilizedPalmPosition":[20.7485,169.116,50.4527],"t":[-14.6768,8.6782,-7.03444],"timeVisible":0.131878,"type":"right","wrist":[56.7174,178.926,104.956]}],"id":218059,"interactionBox":{"center":[0,200,0],"size":[235.247,235.247,147.751]},"pointables":[{"bases":[[[0.775523,-0.203952,-0.597468],[0.314966,0.945182,0.086183],[0.547139,-0.255019,0.797248]],[[0.498549,-0.0874952,-0.862435],[0.255182,0.965623,0.0495497],[0.828451,-0.244781,0.503737]],[[0.498549,-0.0874952,-0.862435],[-0.0106371,0.994201,-0.107012],[0.866796,0.0625246,0.494727]],[[0.498549,-0.0874952,-0.862435],[-0.363119,0.882321,-0.299422],[0.787143,0.462443,0.408109]]],"btipPosition":[-56.5234,199.372,47.2299],"carpPosition":[28.493,200.114,96.3002],"dipPosition":[-38.9626,209.688,56.3347],"direction":[-0.866796,-0.0625246,-0.494727],"extended":false,"handId":368,"id":3680,"length":49.68,"mcpPosition":[28.493,200.114,96.3002],"pipPosition":[-10.7903,211.721,72.4141],"stabilizedTipPosition":[-47.7518,201,50.3864],"timeVisible":0.131878,"tipPosition":[-52.3555,198.743,49.3166],"tipVelocity":[-134.885,-35.6712,-81.0825],"tool":false,"touchDistance":1,"touchZone":"none","type":0,"width":19.5655},{"bases":[[[0.191893,-0.944922,0.265142],[0.817499,0.00441686,-0.575914],[0.543022,0.327267,0.77332]],[[0.175406,-0.954375,0.241665],[0.190377,-0.207957,-0.959432],[0.965914,0.214297,0.145214]],[[0.175406,-0.954375,0.241665],[-0.706522,-0.292976,-0.644199],[0.685609,-0.0577457,-0.725676]],[[0.175406,-0.954375,0.241665],[-0.969351,-0.210315,-0.126993],[0.172025,-0.211983,-0.962014]]],"btipPosition":[-47.5607,149.797,60.0603],"carpPosition":[47.0587,173.097,75.963],"dipPosition":[-44.4968,146.021,42.9263],"direction":[-0.685609,0.0577457,0.725676],"extended":false,"handId":368,"id":3683,"length":61.4166,"mcpPosition":[14.7473,153.623,29.9481],"pipPosition":[-26.3919,144.496,23.7633],"stabilizedTipPosition":[-44.0667,150.599,58.7698],"timeVisible":0.131878,"tipPosition":[-40.7322,151.936,63.3283],"tipVelocity":[-57.1958,-112.157,-110.441],"tool":false,"touchDistance":0.333333,"touchZone":"none","type":3,"width":17.466},{"bases":[[[0.115723,-0.888347,0.444352],[0.882135,-0.113711,-0.457065],[0.45656,0.444871,0.770482]],[[0.0998628,-0.903201,0.417438],[0.325546,-0.366786,-0.871486],[0.940238,0.222924,0.257406]],[[0.0998628,-0.903201,0.417438],[-0.657286,-0.374847,-0.653808],[0.746996,-0.209085,-0.631095]],[[0.0998628,-0.903201,0.417438],[-0.949521,-0.211896,-0.231323],[0.297385,-0.373266,-0.878769]]],"btipPosition":[-30.1325,139.033,56.9316],"carpPosition":[45.521,161.02,81.8414],"dipPosition":[-25.2461,132.9,42.4925],"direction":[-0.746996,0.209085,0.631095],"extended":false,"handId":368,"id":3684,"length":48.1495,"mcpPosition":[20.3731,136.516,39.4022],"pipPosition":[-11.3188,129.002,30.726],"stabilizedTipPosition":[-24.4312,138.954,57.6467],"timeVisible":0.131878,"tipPosition":[-24.4154,141.112,60.1232],"tipVelocity":[-11.7175,-82.4223,-84.5095],"tool":false,"touchDistance":0.333333,"touchZone":"none","type":4,"width":15.5147},{"bases":[[[0.215208,-0.970564,-0.108124],[0.75003,0.235175,-0.618181],[0.625413,0.0519408,0.778564]],[[0.228711,-0.96921,-0.0912255],[0.162367,0.130375,-0.978079],[0.959858,0.208886,0.187186]],[[0.228711,-0.96921,-0.0912255],[-0.745689,-0.114179,-0.656438],[0.625811,0.218161,-0.748844]],[[0.228711,-0.96921,-0.0912255],[-0.967623,-0.216055,-0.130484],[0.106756,0.118115,-0.987245]]],"btipPosition":[-57.6191,176.311,49.8202],"carpPosition":[41.5558,195.446,78.5635],"dipPosition":[-55.8804,178.235,33.7411],"direction":[-0.625811,-0.218161,0.748844],"extended":false,"handId":368,"id":3681,"length":56.0584,"mcpPosition":[-2.15137,191.816,24.1534],"pipPosition":[-41.4614,183.261,16.4873],"stabilizedTipPosition":[-54.0821,178.063,48.4981],"timeVisible":0.131878,"tipPosition":[-51.1865,177.616,53.6488],"tipVelocity":[-117.692,-116.643,-131.436],"tool":false,"touchDistance":0.333333,"touchZone":"none","type":1,"width":18.689},{"bases":[[[0.166688,-0.980399,0.105036],[0.789164,0.0687874,-0.610318],[0.59113,0.184624,0.785162]],[[0.143188,-0.986932,0.0739135],[0.15637,-0.0511847,-0.986371],[0.977264,0.152795,0.146997]],[[0.143188,-0.986932,0.0739135],[-0.730957,-0.155809,-0.664398],[0.667232,0.0411066,-0.743715]],[[0.143188,-0.986932,0.0739135],[-0.979539,-0.151995,-0.131909],[0.14142,-0.0535133,-0.988502]]],"btipPosition":[-59.7904,165.155,54.9546],"carpPosition":[44.9088,184.567,75.8771],"dipPosition":[-57.257,164.196,37.2471],"direction":[-0.667232,-0.0411066,0.743715],"extended":false,"handId":368,"id":3682,"length":63.874,"mcpPosition":[5.73217,172.331,23.8412],"pipPosition":[-39.1703,165.311,17.0871],"stabilizedTipPosition":[-56.883,166.399,52.9441],"timeVisible":0.131878,"tipPosition":[-52.8663,166.55,58.5207],"tipVelocity":[-96.4185,-126.165,-126.693],"tool":false,"touchDistance":0.333333,"touchZone":"none","type":2,"width":18.3551}],"r":[[0.994802,0.0679267,-0.0758659],[-0.0704527,0.997029,-0.0311281],[0.0735261,0.0363112,0.996632]],"s":1.06228,"t":[-14.6768,8.6782,-7.03444],"timestamp":261604582490},{"currentFrameRate":34.5849,"devices":[],"gestures":[],"hands":[{"armBasis":[[0.187415,-0.978425,-0.0869526],[0.583801,0.18214,-0.791202],[0.78997,0.0975198,0.605341]],"armWidth":61.2497,"confidence":0.649566,"direction":[-0.472267,-0.188747,-0.86101],"elbow":[258.962,204.958,258.119],"grabAngle":2.34231,"grabStrength":0.983428,"id":368,"palmNormal":[-0.817468,-0.271591,0.507921],"palmPosition":[13.1424,172.98,45.2085],"palmVelocity":[-71.4246,5.89725,-97.1746],"palmWidth":86.4333,"pinchDistance":27.9594,"pinchStrength":0.873089,"r":[[0.991734,0.0891357,-0.0922975],[-0.0928171,0.995018,-0.0363851],[0.0885945,0.0446511,0.995066]],"s":1.08085,"sphereCenter":[-32.8208,148.324,56.8288],"sphereRadius":45.8171,"stabilizedPalmPosition":[19.9811,169.506,49.9235],"t":[-16.0905,9.18197,-8.3791],"timeVisible":0.147028,"type":"right","wrist":[56.3514,179.946,102.862]}],"id":218060,"interactionBox":{"center":[0,200,0],"size":[235.247,235.247,147.751]},"pointables":[{"bases":[[[0.771686,-0.173664,-0.611835],[0.284543,0.954623,0.087922],[0.568802,-0.241941,0.786084]],[[0.488429,-0.0654437,-0.870146],[0.229788,0.971634,0.0559076],[0.841804,-0.227256,0.489613]],[[0.488429,-0.0654437,-0.870146],[-0.0185126,0.996182,-0.0853144],[0.872407,0.0577787,0.485353]],[[0.488429,-0.0654437,-0.870146],[-0.385471,0.878431,-0.282439],[0.782847,0.473367,0.403825]]],"btipPosition":[-58.4065,198.664,46.7832],"carpPosition":[27.3296,200.326,94.7835],"dipPosition":[-40.9416,209.224,55.7923],"direction":[-0.872407,-0.0577787,-0.485353],"extended":true,"handId":368,"id":3680,"length":49.68,"mcpPosition":[27.3296,200.326,94.7835],"pipPosition":[-12.5869,211.102,71.5671],"stabilizedTipPosition":[-49.8904,201.03,49.8931],"timeVisible":0.147028,"tipPosition":[-54.2291,196.997,49.1197],"tipVelocity":[-125.753,-43.0108,-30.9402],"tool":false,"touchDistance":1,"touchZone":"none","type":0,"width":19.5655},{"bases":[[[0.227903,-0.939732,0.25488],[0.807017,0.0358453,-0.589439],[0.544778,0.340028,0.766549]],[[0.217427,-0.946072,0.240153],[0.199669,-0.197726,-0.959707],[0.955436,0.256618,0.14591]],[[0.217427,-0.946072,0.240153],[-0.692827,-0.322896,-0.64477],[0.687543,-0.0261939,-0.725671]],[[0.217427,-0.946072,0.240153],[-0.959884,-0.251878,-0.123211],[0.177055,-0.203729,-0.962884]]],"btipPosition":[-47.9756,147.247,58.4249],"carpPosition":[46.4427,174.089,73.9391],"dipPosition":[-44.8221,143.619,41.2754],"direction":[-0.687543,0.0261939,0.725671],"extended":false,"handId":368,"id":3683,"length":61.4166,"mcpPosition":[14.0267,153.856,28.327],"pipPosition":[-26.6662,142.927,22.1126],"stabilizedTipPosition":[-44.9926,149.382,57.5223],"timeVisible":0.147028,"tipPosition":[-41.2644,149.808,62.0202],"tipVelocity":[-26.0273,-166.063,-108.182],"tool":false,"touchDistance":0.333333,"tou