{"frames":197,"data":[{"currentFrameRate":23.5372,"devices":[],"gestures":[],"hands":[],"id":218508,"interactionBox":{"center":[0,200,0],"size":[235.247,235.247,147.751]},"pointables":[],"r":[[-0.0794966,-0.728761,-0.680138],[0.446709,0.583909,-0.677865],[0.891141,-0.357712,0.279125]],"s":-5.62558,"t":[894.675,787.691,741.58],"timestamp":261620169121},{"currentFrameRate":23.6031,"devices":[],"gestures":[],"hands":[],"id":218509,"interactionBox":{"center":[0,200,0],"size":[235.247,235.247,147.751]},"pointables":[],"r":[[-0.0794966,-0.728761,-0.680138],[0.446709,0.583909,-0.677865],[0.891141,-0.357712,0.279125]],"s":-5.62558,"t":[894.675,787.691,741.58],"timestamp":261620210987},{"currentFrameRate":23.6432,"devices":[],"gestures":[],"hands":[],"id":218510,"interactionBox":{"center":[0,200,0],"size":[235.247,235.247,147.751]},"pointables":[],"r":[[-0.0794966,-0.728761,-0.680138],[0.446709,0.583909,-0.677865],[0.891141,-0.357712,0.279125]],"s":-5.62558,"t":[894.675,787.691,741.58],"timestamp":261620252977},{"currentFrameRate":23.642,"devices":[],"gestures":[],"hands":[],"id":218511,"interactionBox":{"center":[0,200,0],"size":[235.247,235.247,147.751]},"pointables":[],"r":[[-0.0794966,-0.728761,-0.680138],[0.446709,0.583909,-0.677865],[0.891141,-0.357712,0.279125]],"s":-5.62558,"t":[894.675,787.691,741.58],"timestamp":261620295284},{"currentFrameRate":23.6752,"devices":[],"gestures":[],"hands":[],"id":218512,"interactionBox":{"center":[0,200,0],"size":[235.247,235.247,147.751]},"pointables":[],"r":[[-0.0794966,-0.728761,-0.680138],[0.446709,0.583909,-0.677865],[0.891141,-0.357712,0.279125]],"s":-5.62558,"t":[894.675,787.691,741.58],"timestamp":261620337270},{"currentFrameRate":19.6476,"devices":[],"gestures":[],"hands":[],"id":218513,"interactionBox":{"center":[0,200,0],"size":[235.247,235.247,147.751]},"pointables":[],"r":[[-0.0794966,-0.728761,-0.680138],[0.446709,0.583909,-0.677865],[0.891141,-0.357712,0.279125]],"s":-5.62558,"t":[894.675,787.691,741.58],"timestamp":261620421300},{"currentFrameRate":20.424,"devices":[],"gestures":[],"hands":[],"id":218514,"interactionBox":{"center":[0,200,0],"size":[235.247,235.247,147.751]},"pointables":[],"r":[[-0.0794966,-0.728761,-0.680138],[0.446709,0.583909,-0.677865],[0.891141,-0.357712,0.279125]],"s":-5.62558,"t":[894.675,787.691,741.58],"timestamp":261620463438},{"currentFrameRate":21.0732,"devices":[],"gestures":[],"hands":[],"id":218515,"interactionBox":{"center":[0,200,0],"size":[235.247,235.247,147.751]},"pointables":[],"r":[[-0.0794966,-0.728761,-0.680138],[0.446709,0.583909,-0.677865],[0.891141,-0.357712,0.279125]],"s":-5.62558,"t":[894.675,787.691,741.58],"timestamp":261620505358},{"currentFrameRate":21.578,"devices":[],"gestures":[],"hands":[],"id":218516,"interactionBox":{"center":[0,200,0],"size":[235.247,235.247,147.751]},"pointables":[],"r":[[-0.0794966,-0.728761,-0.680138],[0.446709,0.583909,-0.677865],[0.891141,-0.357712,0.279125]],"s":-5.62558,"t":[894.675,787.691,741.58],"timestamp":261620547500},{"currentFrameRate":21.9978,"devices":[],"gestures":[],"hands":[],"id":218517,"interactionBox":{"center":[0,200,0],"size":[235.247,235.247,147.751]},"pointables":[],"r":[[-0.0794966,-0.728761,-0.680138],[0.446709,0.583909,-0.677865],[0.891141,-0.357712,0.279125]],"s":-5.62558,"t":[894.675,787.691,741.58],"timestamp":261620589531},{"currentFrameRate":22.3444,"devices":[],"gestures":[],"hands":[],"id":218518,"interactionBox":{"center":[0,200,0],"size":[235.247,235.247,147.751]},"pointables":[],"r":[[-0.0794966,-0.728761,-0.680138],[0.446709,0.583909,-0.677865],[0.891141,-0.357712,0.279125]],"s":-5.62558,"t":[894.675,787.691,741.58],"timestamp":261620631497},{"currentFrameRate":22.6132,"devices":[],"gestures":[],"hands":[],"id":218519,"interactionBox":{"center":[0,200,0],"size":[235.247,235.247,147.751]},"pointables":[],"r":[[-0.0794966,-0.728761,-0.680138],[0.446709,0.583909,-0.677865],[0.891141,-0.357712,0.279125]],"s":-5.62558,"t":[894.675,787.691,741.58],"timestamp":261620673584},{"currentFrameRate":20.7932,"devices":[],"gestures":[],"hands":[],"id":218520,"interactionBox":{"center":[0,200,0],"size":[235.247,235.247,147.751]},"pointables":[],"r":[[-0.0794966,-0.728761,-0.680138],[0.446709,0.583909,-0.677865],[0.891141,-0.357712,0.279125]],"s":-5.62558,"t":[894.675,787.691,741.58],"timestamp":261620736597},{"currentFrameRate":19.4638,"devices":[],"gestures":[],"hands":[],"id":218521,"interactionBox":{"center":[0,200,0],"size":[235.247,235.247,147.751]},"pointables":[],"r":[[-0.0794966,-0.728761,-0.680138],[0.446709,0.583909,-0.677865],[0.891141,-0.357712,0.279125]],"s":-5.62558,"t":[894.675,787.691,741.58],"timestamp":261620799614},{"currentFrameRate":20.2826,"devices":[],"gestures":[],"hands":[],"id":218522,"interactionBox":{"center":[0,200,0],"size":[235.247,235.247,147.751]},"pointables":[],"r":[[-0.0794966,-0.728761,-0.680138],[0.446709,0.583909,-0.677865],[0.891141,-0.357712,0.279125]],"s":-5.62558,"t":[894.675,787.691,741.58],"timestamp":261620841670},{"currentFrameRate":20.9327,"devices":[],"gestures":[],"hands":[],"id":218523,"interactionBox":{"center":[0,200,0],"size":[235.247,235.247,147.751]},"pointables":[],"r":[[-0.0794966,-0.728761,-0.680138],[0.446709,0.583909,-0.677865],[0.891141,-0.357712,0.279125]],"s":-5.62558,"t":[894.675,787.691,741.58],"timestamp":261620883867},{"currentFrameRate":17.8555,"devices":[],"gestures":[],"hands":[{"armBasis":[[0.217303,-0.889062,-0.402925],[0.605309,0.446572,-0.658919],[0.765755,-0.100709,0.635199]],"armWidth":65.6667,"confidence":0,"direction":[-0.396393,-0.28633,-0.872289],"elbow":[279.184,151.924,236.976],"grabAngle":2.30329,"grabStrength":0.816279,"id":369,"palmNormal":[-0.702558,-0.517025,0.488976],"palmPosition":[22.7575,165.887,-3.64974],"palmVelocity":[1.19209e-7,1.19209e-7,1.19209e-7],"palmWidth":93.7698,"pinchDistance":45.3407,"pinchStrength":0.440443,"r":[[1,2.22045e-17,-1.11022e-17],[-2.22045e-17,1,-5.55112e-18],[1.11022e-17,5.55112e-18,1]],"s":1,"sphereCenter":[-23.0949,134.903,5.67087],"sphereRadius":48.6721,"stabilizedPalmPosition":[22.7575,165.887,-3.64974],"t":[0,0,0],"timeVisible":0,"type":"right","wrist":[66.1137,179.946,60.2324]}],"id":218524,"interactionBox":{"center":[0,200,0],"size":[235.247,235.247,147.751]},"pointables":[{"bases":[[[0.788856,0.0819714,-0.609087],[-0.00674464,0.99216,0.12479],[0.614541,-0.0943336,0.783224]],[[0.582141,0.105362,-0.806233],[0.0647035,0.982421,0.175107],[0.81051,-0.154103,0.56509]],[[0.582141,0.105362,-0.806233],[-0.149315,0.988559,0.0213765],[0.79926,0.107939,0.591212]],[[0.582141,0.105362,-0.806233],[-0.37159,0.916436,-0.148543],[0.72321,0.386061,0.572646]]],"btipPosition":[-58.4189,191.564,-12.3389],"carpPosition":[28.8024,196.74,51.3158],"dipPosition":[-40.9761,200.875,1.47254],"direction":[-0.79926,-0.107939,-0.591212],"extended":true,"handId":369,"id":3690,"length":53.7086,"mcpPosition":[28.8024,196.74,51.3158],"pipPosition":[-12.8923,204.668,22.2461],"stabilizedTipPosition":[-54.4071,193.705,-9.16225],"timeVisible":0,"tipPosition":[-54.4071,193.705,-9.16225],"tipVelocity":[1.19209e-7,1.19209e-7,1.19209e-7],"tool":false,"touchDistance":1,"touchZone":"none","type":0,"width":20.8686},{"bases":[[[0.492433,-0.841049,0.223933],[0.761441,0.291689,-0.5789],[0.421565,0.455581,0.784047]],[[0.488148,-0.84561,0.215998],[0.256458,-0.0975836,-0.961617],[0.834231,0.524806,0.169228]],[[0.488148,-0.84561,0.215998],[-0.536751,-0.486024,-0.689695],[0.688193,0.220736,-0.691133]],[[0.488148,-0.84561,0.215998],[-0.809451,-0.531195,-0.250242],[0.326344,-0.0526847,-0.943782]]],"btipPosition":[-34.6038,117.566,7.43537],"carpPosition":[56.952,176.427,27.9375],"dipPosition":[-28.3201,116.552,-10.737],"direction":[-0.688194,-0.220736,0.691133],"extended":false,"handId":369,"id":3693,"length":66.3968,"mcpPosition":[29.7384,147.018,-22.6756],"pipPosition":[-8.67336,122.853,-30.4676],"stabilizedTipPosition":[-33.1586,117.333,3.25574],"timeVisible":0,"tipPosition":[-33.1586,117.333,3.25574],"tipVelocity":[1.19209e-7,1.19209e-7,1.19209e-7],"tool":false,"touchDistance":0.333333,"touchZone":"none","type":3,"width":18.6293},{"bases":[[[0.405288,-0.819225,0.405724],[0.862996,0.19642,-0.465465],[0.301628,0.538786,0.786594]],[[0.403685,-0.822067,0.401553],[0.391011,-0.241779,-0.888062],[0.827133,0.515509,0.223834]],[[0.403685,-0.822067,0.401553],[-0.396443,-0.552734,-0.73302],[0.824543,0.136716,-0.549033]],[[0.403685,-0.822067,0.401553],[-0.759808,-0.545726,-0.353376],[0.509637,-0.16245,-0.844914]]],"btipPosition":[-14.1032,112.405,4.675],"carpPosition":[59.734,163.256,33.7606],"dipPosition":[-5.05029,109.52,-10.3335],"direction":[-0.824543,-0.136716,0.549033],"extended":false,"handId":369,"id":3694,"length":52.0539,"mcpPosition":[41.7097,131.06,-13.2436],"pipPosition":[11.5695,112.275,-21.4],"stabilizedTipPosition":[-12.021,111.742,1.22303],"timeVisible":0,"tipPosition":[-12.021,111.742,1.22303],"tipVelocity":[1.19209e-7,1.19209e-7,1.19209e-7],"tool":false,"touchDistance":0.333333,"touchZone":"none","type":4,"width":16.548},{"bases":[[[0.516059,-0.843284,-0.150187],[0.622099,0.489525,-0.611031],[0.588793,0.221896,0.777229]],[[0.545554,-0.830804,-0.11016],[0.103675,0.197337,-0.974838],[0.831638,0.520406,0.193792]],[[0.545554,-0.830804,-0.11016],[-0.738916,-0.41481,-0.530977],[0.395442,0.371075,-0.840196]],[[0.545554,-0.830804,-0.11016],[-0.837249,-0.546123,-0.0276304],[-0.0372054,0.107305,-0.99353]]],"btipPosition":[-47.1556,146.299,2.72657],"carpPosition":[43.5006,197.296,31.8121],"dipPosition":[-47.8107,148.189,-14.7671],"direction":[-0.395442,-0.371075,0.840196],"extended":false,"handId":369,"id":3691,"length":60.6041,"mcpPosition":[-1.14002,180.473,-27.1152],"pipPosition":[-37.9607,157.432,-35.6954],"stabilizedTipPosition":[-47.3063,146.734,-1.29697],"timeVisible":0,"tipPosition":[-47.3063,146.734,-1.29697],"tipVelocity":[1.19209e-7,1.19209e-7,1.19209e-7],"tool":false,"touchDistance":0.333333,"touchZone":"none","type":1,"width":19.9337},{"bases":[[[0.477197,-0.876565,0.0625811],[0.713164,0.344663,-0.610413],[0.513497,0.335918,0.789607]],[[0.483368,-0.872442,0.0721186],[0.196028,0.0275802,-0.98021],[0.853187,0.48794,0.184354]],[[0.483368,-0.872442,0.0721186],[-0.633227,-0.405336,-0.659337],[0.604466,0.273035,-0.74838]],[[0.483368,-0.872442,0.0721186],[-0.854022,-0.488053,-0.180141],[0.19236,0.0254836,-0.980993]]],"btipPosition":[-50.0272,130.55,3.38271],"carpPosition":[50.7126,187.435,28.383],"dipPosition":[-46.3019,131.044,-15.6153],"direction":[-0.604466,-0.273035,0.74838],"extended":false,"handId":369,"id":3692,"length":69.0535,"mcpPosition":[13.7924,163.282,-28.3893],"pipPosition":[-28.5879,139.045,-37.5467],"stabilizedTipPosition":[-49.1703,130.664,-0.986833],"timeVisible":0,"tipPosition":[-49.1703,130.664,-0.986833],"tipVelocity":[1.19209e-7,1.19209e-7,1.19209e-7],"tool":false,"touchDistance":0.333333,"touchZone":"none","type":2,"width":19.5776}],"r":[[1,2.22045e-17,-1.11022e-17],[-2.22045e-17,1,-5.55112e-18],[1.11022e-17,5.55112e-18,1]],"s":1,"t":[0,0,0],"timestamp":261620967733},{"currentFrameRate":18.9656,"devices":[],"gestures":[],"hands":[{"armBasis":[[0.373402,-0.684794,-0.625802],[0.544044,0.70806,-0.450187],[0.75139,-0.172363,0.636949]],"armWidth":67.1986,"confidence":0.218865,"direction":[-0.316245,-0.00506282,-0.948664],"elbow":[281.119,136.064,236.352],"grabAngle":2.0053,"grabStrength":0.903172,"id":369,"palmNormal":[-0.644259,-0.732878,0.21868],"palmPosition":[33.7227,187.764,-9.29605],"palmVelocity":[259.661,518.069,-133.707],"palmWidth":93.7698,"pinchDistance":48.9668,"pinchStrength":0.421171,"r":[[0.999582,0.0230008,0.0175012],[-0.0241639,0.997294,0.0694362],[-0.0158568,-0.06983,0.997433]],"s":1.02859,"sphereCenter":[-7.0813,142.867,-17.7207],"sphereRadius":57.0644,"stabilizedPalmPosition":[33.3287,186.978,-9.09314],"t":[5.48262,10.9388,-2.82315],"timeVisible":0.042229,"type":"right","wrist":[72.0455,184.024,59.1223]}],"id":218525,"interactionBox":{"center":[0,200,0],"size":[235.247,235.247,147.751]},"pointables":[{"bases":[[[0.794747,0.38075,-0.472659],[-0.148887,0.877264,0.456334],[0.588396,-0.292297,0.753891]],[[0.61227,0.444162,-0.654099],[-0.097796,0.863485,0.494802],[0.784577,-0.238985,0.572124]],[[0.61227,0.444162,-0.654099],[-0.357988,0.89337,0.271542],[0.704961,0.0679023,0.705988]],[[0.61227,0.444162,-0.654099],[-0.585755,0.810486,0.00205831],[0.531052,0.381881,0.756406]]],"btipPosition":[-44.3916,198.634,-18.801],"carpPosition":[33.1465,197.813,53.2209],"dipPosition":[-31.7201,207.747,-0.752312],"direction":[-0.704961,-0.0679023,-0.705988],"extended":true,"handId":369,"id":3690,"length":53.1352,"mcpPosition":[33.1465,197.813,53.2209],"pipPosition":[-7.21418,210.107,23.7894],"stabilizedTipPosition":[-45.8609,198.349,-12.7893],"timeVisible":0.042229,"tipPosition":[-44.3289,204.295,-12.8582],"tipVelocity":[306.184,166.357,-129.948],"tool":false,"touchDistance":1,"touchZone":"none","type":0,"width":21.5692},{"bases":[[[0.594052,-0.803624,-0.0359281],[0.737399,0.561859,-0.374909],[0.321472,0.196222,0.926365]],[[0.584774,-0.808826,-0.0619716],[0.48223,0.408044,-0.775212],[0.652299,0.423439,0.628654]],[[0.584774,-0.808826,-0.0619716],[-0.252591,-0.108958,-0.961419],[0.770868,0.577866,-0.268017]],[[0.584774,-0.808826,-0.0619716],[-0.658615,-0.428795,-0.618354],[0.473567,0.402413,-0.783453]]],"btipPosition":[-16.476,134.443,-39.0944],"carpPosition":[64.7836,190.385,26.8491],"dipPosition":[-7.45485,142.108,-54.0186],"direction":[-0.770868,-0.577866,0.268017],"extended":false,"handId":369,"id":3693,"length":65.688,"mcpPosition":[44.0314,177.718,-32.9512],"pipPosition":[14.3172,158.429,-61.5883],"stabilizedTipPosition":[-24.1289,126.418,-18.7837],"timeVisible":0.042229,"tipPosition":[-14.6717,135.385,-36.3201],"tipVelocity":[444.184,446.923,-1084.15],"tool":false,"touchDistance":0.333333,"touchZone":"none","type":3,"width":19.2547},{"bases":[[[0.497206,-0.857227,0.133973],[0.846304,0.44514,-0.292608],[0.191195,0.258868,0.946801]],[[0.488805,-0.867271,0.0943981],[0.591841,0.250167,-0.766251],[0.640931,0.430416,0.63557]],[[0.488805,-0.867271,0.0943981],[-0.176806,-0.204444,-0.962778],[0.854289,0.453921,-0.253272]],[[0.488805,-0.867271,0.0943981],[-0.606244,-0.415496,-0.678108],[0.627325,0.274235,-0.728875]]],"btipPosition":[6.52073,131.564,-33.6084],"carpPosition":[69.1117,176.421,28.0222],"dipPosition":[17.5452,136.383,-46.4175],"direction":[-0.854289,-0.453921,0.253272],"extended":false,"handId":369,"id":3694,"length":51.4982,"mcpPosition":[57.6866,160.951,-28.5555],"pipPosition":[34.5807,145.435,-51.468],"stabilizedTipPosition":[0.624759,124.299,-21.4423],"timeVisible":0.042229,"tipPosition":[7.7645,132.19,-31.2259],"tipVelocity":[499.121,495.643,-894.588],"tool":false,"touchDistance":0.333333,"touchZone":"none","type":4,"width":17.1035},{"bases":[[[0.633378,-0.671533,-0.384546],[0.573541,0.740974,-0.349297],[0.519503,0.000684316,0.854468]],[[0.669483,-0.669705,-0.321383],[0.414394,0.695784,-0.586653],[0.616498,0.259576,0.743338]],[[0.669483,-0.669705,-0.321383],[-0.284565,0.168421,-0.943746],[0.686159,0.723277,-0.0778193]],[[0.669483,-0.669705,-0.321383],[-0.609529,-0.247982,-0.75298],[0.424578,0.7,-0.574224]]],"btipPosition":[-42.2668,165.431,-48.9691],"carpPosition":[48.4294,206.87,36.4538],"dipPosition":[-34.8708,177.625,-58.9718],"direction":[-0.686159,-0.723277,0.0778193],"extended":false,"handId":369,"id":3691,"length":59.9572,"mcpPosition":[9.04216,206.819,-28.3296],"pipPosition":[-17.9619,195.449,-60.8895],"stabilizedTipPosition":[-44.5664,155.474,-21.6102],"timeVisible":0.042229,"tipPosition":[-39.2968,167.029,-45.9453],"tipVelocity":[159.619,509.17,-1183.37],"tool":false,"touchDistance":0.333333,"touchZone":"none","type":1,"width":20.6029},{"bases":[[[0.590624,-0.78168,-0.20035],[0.68363,0.616611,-0.390436],[0.428734,0.0936358,0.898565]],[[0.596666,-0.780268,-0.187541],[0.450113,0.518876,-0.72675],[0.66437,0.349213,0.660804]],[[0.596666,-0.780268,-0.187541],[-0.272484,0.022828,-0.96189],[0.754813,0.625029,-0.19899]],[[0.596666,-0.780268,-0.187541],[-0.664139,-0.348946,-0.661178],[0.450454,0.519056,-0.726411]]],"btipPosition":[-36.9179,147.781,-46.8982],"carpPosition":[57.071,199.74,30.4951],"dipPosition":[-28.2875,157.725,-60.8158],"direction":[-0.754813,-0.625029,0.19899],"extended":false,"handId":369,"id":3692,"length":68.3164,"mcpPosition":[26.2453,193.008,-34.1113],"pipPosition":[-6.4037,175.847,-66.585],"stabilizedTipPosition":[-43.0723,138.975,-22.0223],"timeVisible":0.042229,"tipPosition":[-34.395,149.05,-44.0921],"tipVelocity":[337.149,459.504,-1163],"tool":false,"touchDistance":0.333333,"touchZone":"none","type":2,"width":20.2348}],"r":[[0.999582,0.0230008,0.0175012],[-0.0241639,0.997294,0.0694362],[-0.0158568,-0.06983,0.997433]],"s":1.02859,"t":[5.48262,10.9388,-2.82315],"timestamp":261621009962},{"currentFrameRate":20.7279,"devices":[],"gestures":[],"hands":[{"armBasis":[[0.500575,-0.470361,-0.726764],[0.498022,0.84315,-0.202662],[0.708095,-0.260496,0.65631]],"armWidth":67.1986,"confidence":0.375071,"direction":[-0.169839,0.145834,-0.974621],"elbow":[267.705,122.894,241.262],"grabAngle":1.42896,"grabStrength":0.22378,"id":369,"palmNormal":[-0.553713,-0.832236,-0.0280378],"palmPosition":[42.0522,208.759,-13.118],"palmVelocity":[255.342,643.599,-117.163],"palmWidth":93.7698,"pinchDistance":62.2353,"pinchStrength":0.0352504,"r":[[0.995682,0.0632575,0.0679393],[-0.0733902,0.984572,0.158845],[-0.056843,-0.163145,0.984963]],"s":1.08678,"sphereCenter":[12.753,141.867,-38.611],"sphereRadius":76.0623,"stabilizedPalmPosition":[41.83,208.204,-13.0155],"t":[12.3887,26.9056,-6.14571],"timeVisible":0.07485,"type":"right","wrist":[70.6787,195.377,58.6447]}],"id":218526,"interactionBox":{"center":[0,200,0],"size":[235.247,235.247,147.751]},"pointables":[{"bases":[[[0.79015,0.55759,-0.254474],[-0.342161,0.745756,0.571641],[0.508516,-0.364611,0.780045]],[[0.644022,0.629118,-0.435255],[-0.339673,0.744955,0.574164],[0.685462,-0.22193,0.693462]],[[0.644022,0.629118,-0.435255],[-0.573274,0.773618,0.269947],[0.506549,0.0756684,0.858884]],[[0.644022,0.629118,-0.435255],[-0.704996,0.708973,-0.0183928],[0.297012,0.318698,0.90012]]],"btipPosition":[-29.0987,207.266,-37.8586],"carpPosition":[30.8591,206.084,49.1494],"dipPosition":[-22.0116,214.871,-16.3807],"direction":[-0.506549,-0.0756684,-0.858884],"extended":true,"handId":369,"id":3690,"length":53.1352,"mcpPosition":[30.8591,206.084,49.1494],"pipPosition":[-4.40287,217.501,13.4759],"stabilizedTipPosition":[-32.747,205.954,-27.1418],"timeVisible":0.07485,"tipPosition":[-32.8131,213.511,-29.3314],"tipVelocity":[429.433,253.976,-560.034],"tool":false,"touchDistance":0.845897,"touchZone":"hovering","type":0,"width":21.5692},{"bases":[[[0.722655,-0.651521,-0.230848],[0.634543,0.757753,-0.152203],[0.274089,-0.0364929,0.961012]],[[0.737857,-0.652536,-0.172523],[0.566142,0.737511,-0.368185],[0.367492,0.173995,0.913606]],[[0.737857,-0.652536,-0.172523],[0.215275,0.469776,-0.856135],[0.639706,0.594565,0.487102]],[[0.737857,-0.652536,-0.172523],[-0.154193,0.0858843,-0.984301],[0.657109,0.752875,-0.037246]]],"btipPosition":[-11.6042,177.686,-95.8322],"carpPosition":[57.2985,215.275,31.5697],"dipPosition":[0.985574,192.11,-96.5458],"direction":[-0.639706,-0.594565,-0.487102],"extended":true,"handId":369,"id":3692,"length":68.3164,"mcpPosition":[37.5917,217.899,-37.5265],"pipPosition":[19.5321,209.348,-82.4236],"stabilizedTipPosition":[-31.7243,152.854,-46.4507],"timeVisible":0.07485,"tipPosition":[-9.91913,178.359,-88.6545],"tipVelocity":[803.909,948.325,-1406.98],"tool":false,"touchDistance":-0.416789,"touchZone":"touching","type":2,"width":20.2348},{"bases":[[[0.705208,-0.705046,-0.074776],[0.692966,0.707719,-0.137594],[0.149931,0.0452154,0.987662]],[[0.705508,-0.704954,-0.0727882],[0.599798,0.648645,-0.46851],[0.377491,0.286879,0.880455]],[[0.705508,-0.704954,-0.0727882],[0.191148,0.28818,-0.938304],[0.682437,0.648068,0.338064]],[[0.705508,-0.704954,-0.0727882],[-0.204757,-0.10443,-0.973226],[0.678478,0.701523,-0.218021]]],"btipPosition":[7.68631,160.146,-81.5519],"carpPosition":[66.7598,207.801,27.7077],"dipPosition":[20.6108,173.51,-85.7051],"direction":[-0.682437,-0.648068,-0.338064],"extended":false,"handId":369,"id":3693,"length":65.688,"mcpPosition":[57.0812,204.882,-36.0495],"pipPosition":[39.8853,191.814,-76.1569],"stabilizedTipPosition":[-11.1174,140.183,-42.6177],"timeVisible":0.07485,"tipPosition":[9.29917,161.371,-74.2846],"tipVelocity":[768.218,828.121,-1225.6],"tool":false,"touchDistance":-0.328037,"touchZone":"touching","type":3,"width":19.2547},{"bases":[[[0.593564,-0.802253,0.063807],[0.804721,0.590638,-0.059748],[0.0102461,0.0868111,0.996172]],[[0.593468,-0.802895,0.0561719],[0.737243,0.514287,-0.438156],[0.322905,0.301444,0.897142]],[[0.593468,-0.802895,0.0561719],[0.352143,0.196265,-0.915137],[0.723734,0.562885,0.399211]],[[0.593468,-0.802895,0.0561719],[-0.00516992,-0.0735925,-0.997275],[0.804841,0.591561,-0.0478257]]],"btipPosition":[32.0584,156.813,-71.869],"carpPosition":[72.8877,194.488,27.1216],"dipPosition":[46.2025,167.209,-72.7095],"direction":[-0.723734,-0.562885,-0.399211],"extended":false,"handId":369,"id":3694,"length":51.4982,"mcpPosition":[72.2755,189.301,-32.4064],"pipPosition":[60.6346,178.433,-64.7488],"stabilizedTipPosition":[17.6339,141.415,-46.2646],"timeVisible":0.07485,"tipPosition":[32.8771,158.114,-64.1654],"tipVelocity":[804.855,813.333,-1088.5],"tool":false,"touchDistance":-0.308464,"touchZone":"touching","type":4,"width":17.1035},{"bases":[[[0.775114,-0.502819,-0.382585],[0.502446,0.857677,-0.109264],[0.383074,-0.107536,0.917437]],[[0.824439,-0.513334,-0.238305],[0.476483,0.856789,-0.197173],[0.305392,0.0490087,0.950965]],[[0.824439,-0.513334,-0.238305],[0.254572,0.712432,-0.653937],[0.505464,0.478465,0.718037]],[[0.824439,-0.513334,-0.238305],[0.0236424,0.451941,-0.891735],[0.565457,0.729546,0.384734]]],"btipPosition":[-17.807,201.524,-98.4875],"carpPosition":[46.9197,220.017,37.1209],"dipPosition":[-7.95693,214.232,-91.7855],"direction":[-0.505464,-0.478465,-0.718037],"extended":true,"handId":369,"id":3691,"length":59.9572,"mcpPosition":[17.8761,228.17,-32.4366],"pipPosition":[4.49918,226.023,-74.091],"stabilizedTipPosition":[-34.5607,172.356,-47.5806],"timeVisible":0.07485,"tipPosition":[-16.6098,201.047,-90.5935],"tipVelocity":[767.122,1110.06,-1400.21],"tool":false,"touchDistance":-0.413478,"touchZone":"touching","type":1,"width":20.6029}],"r":[[0.995682,0.0632575,0.0679393],[-0.0733902,0.984572,0.158845],[-0.056843,-0.163145,0.984963]],"s":1.08678,"t":[12.3887,26.9056,-6.14571],"timestamp":261621042583},{"currentFrameRate":23.3251,"devices":[],"gestures":[],"hands":[{"armBasis":[[0.667962,-0.225695,-0.709146],[0.388674,0.918415,0.0738037],[0.634633,-0.324925,0.701188]],"armWidth":67.1986,"confidence":0.469475,"direction":[-0.117288,0.2856,-0.951145],"elbow":[247.089,110.354,249.562],"grabAngle":0.991569,"grabStrength":0,"id":369,"palmNormal":[-0.410286,-0.886133,-0.215485],"palmPosition":[46.3065,222.675,-16.8995],"palmVelocity":[194.74,636.991,-173.097],"palmWidth":93.7698,"pinchDistance":67.1717,"pinchStrength":0,"r":[[0.984129,0.117728,0.132776],[-0.148867,0.954968,0.25666],[-0.096581,-0.272353,0.957338]],"s":1.14648,"sphereCenter":[28.6522,136.06,-60.0419],"sphereRadius":98.9817,"stabilizedPalmPosition":[46.0338,221.793,-16.6628],"t":[17.9689,41.8468,-9.69772],"timeVisible":0.096696,"type":"right","wrist":[70.5036,200.764,54.4576]}],"id":218527,"interactionBox":{"center":[0,200,0],"size":[235.247,235.247,147.751]},"pointables":[{"bases":[[[0.708006,0.701449,-0.0818375],[-0.498583,0.578555,0.645514],[0.500143,-0.416225,0.759351]],[[0.576156,0.777558,-0.251889],[-0.494812,0.577114,0.649693],[0.650543,-0.249687,0.717252]],[[0.576156,0.777558,-0.251889],[-0.727555,0.628332,0.275434],[0.372436,0.0245706,0.927733]],[[0.576156,0.777558,-0.251889],[-0.806087,0.591529,-0.0178028],[0.135157,0.213302,0.967592]]],"btipPosition":[-18.5954,214.613,-49.5295],"carpPosition":[31.0419,207.712,42.7057],"dipPosition":[-15.3704,219.702,-26.4416],"direction":[-0.372436,-0.0245706,-0.927733],"extended":false,"handId":369,"id":3690,"length":53.1352,"mcpPosition":[31.0419,207.712,42.7057],"pipPosition":[-2.4237,220.557,5.80839],"stabilizedTipPosition":[-25.2172,210.924,-35.7758],"timeVisible":0.096696,"tipPosition":[-25.3408,218.662,-40.4086],"tipVelocity":[440.128,309.811,-517.283],"tool":false,"touchDistance":0.625132,"touchZone":"hovering","type":0,"width":21.5692},{"bases":[[[0.832529,-0.490474,-0.257547],[0.515252,0.856334,0.0347581],[0.203499,-0.161639,0.96564]],[[0.847723,-0.503268,-0.167592],[0.499737,0.863677,-0.065768],[0.177844,-0.0279988,0.98366]],[[0.847723,-0.503268,-0.167592],[0.366194,0.783834,-0.501504],[0.383755,0.363765,0.848768]],[[0.847723,-0.503268,-0.167592],[0.220411,0.621589,-0.751695],[0.482477,0.60029,0.637861]]],"btipPosition":[13.181,214.472,-125.037],"carpPosition":[56.9221,223.522,29.56],"dipPosition":[22.4249,225.973,-112.816],"direction":[-0.383755,-0.363765,-0.848768],"extended":true,"handId":369,"id":3692,"length":68.3164,"mcpPosition":[42.2906,235.144,-39.869],"pipPosition":[33.5509,236.52,-88.2087],"stabilizedTipPosition":[-15.8592,174.532,-72.0122],"timeVisible":0.096696,"tipPosition":[12.1789,211.1,-115.39],"tipVelocity":[1099.32,1653.13,-1200.69],"tool":false,"touchDistance":-0.796898,"touchZone":"touching","type":2,"width":20.2348},{"bases":[[[0.812175,-0.572064,-0.114521],[0.57964,0.813514,0.0470335],[0.0662582,-0.10458,0.992307]],[[0.812154,-0.572031,-0.114831],[0.554905,0.818122,-0.150856],[0.18024,0.0587977,0.981864]],[[0.812154,-0.572031,-0.114831],[0.389653,0.678278,-0.622985],[0.434254,0.461215,0.77376]],[[0.812154,-0.572031,-0.114831],[0.209203,0.469243,-0.857931],[0.544647,0.672749,0.500768]]],"btipPosition":[32.5888,196.505,-114.646],"carpPosition":[67.7165,218.274,25.5312],"dipPosition":[42.9639,209.321,-105.106],"direction":[-0.434254,-0.461215,-0.77376],"extended":true,"handId":369,"id":3693,"length":65.688,"mcpPosition":[63.4393,225.025,-38.5258],"pipPosition":[55.2288,222.347,-83.2527],"stabilizedTipPosition":[4.81717,160.673,-66.76],"timeVisible":0.096696,"tipPosition":[32.2295,194.084,-104.73],"tipVelocity":[1113.07,1658.55,-1370.71],"tool":false,"touchDistance":-0.772735,"touchZone":"touching","type":3,"width":19.2547},{"bases":[[[0.707372,-0.706823,-0.005089],[0.702468,0.702177,0.116131],[-0.0785105,-0.0857225,0.993221]],[[0.710498,-0.701408,-0.0567375],[0.692786,0.711347,-0.118464],[0.123452,0.0448616,0.991336]],[[0.710498,-0.701408,-0.0567375],[0.521203,0.578697,-0.627261],[0.4728,0.416096,0.776739]],[[0.710498,-0.701408,-0.0567375],[0.30307,0.377768,-0.874894],[0.635092,0.604415,0.480979]]],"btipPosition":[55.5666,190.876,-95.5747],"carpPosition":[75.9147,206.291,23.4568],"dipPosition":[66.7276,201.498,-87.122],"direction":[-0.4728,-0.416096,-0.776739],"extended":true,"handId":369,"id":3694,"length":51.4982,"mcpPosition":[80.6062,211.413,-35.8948],"pipPosition":[76.1558,209.796,-71.6329],"stabilizedTipPosition":[36.6896,165.837,-68.551],"timeVisible":0.096696,"tipPosition":[54.2805,187.935,-86.0471],"tipVelocity":[1044.68,1561.64,-987.285],"tool":false,"touchDistance":-0.629474,"touchZone":"touching","type":4,"width":17.1035},{"bases":[[[0.871851,-0.311834,-0.37767],[0.36607,0.927184,0.0795181],[0.325373,-0.207582,0.922519]],[[0.918027,-0.345817,-0.194002],[0.363364,0.929549,0.0624956],[0.158722,-0.127866,0.979008]],[[0.918027,-0.345817,-0.194002],[0.279092,0.911084,-0.303371],[0.281663,0.224358,0.932915]],[[0.918027,-0.345817,-0.194002],[0.149659,0.755267,-0.638101],[0.36719,0.55676,0.745111]]],"btipPosition":[0.574508,231.796,-114.073],"carpPosition":[45.5331,225.684,34.7215],"dipPosition":[6.97081,241.494,-101.094],"direction":[-0.281663,-0.224358,-0.932914],"extended":true,"handId":369,"id":3691,"length":59.9572,"mcpPosition":[20.8642,241.422,-35.2214],"pipPosition":[13.9118,247.023,-78.1042],"stabilizedTipPosition":[-19.9289,197.006,-72.965],"timeVisible":0.096696,"tipPosition":[-1.18838,227.001,-105.58],"tipVelocity":[805.05,1354,-647.357],"tool":false,"touchDistance":-0.612596,"touchZone":"touching","type":1,"width":20.6029}],"r":[[0.984129,0.117728,0.132776],[-0.148867,0.954968,0.25666],[-0.096581,-0.272353,0.957338]],"s":1.14648,"t":[17.9689,41.8468,-9.69772],"timestamp":261621064429},{"currentFrameRate":25.7174,"devices":[],"gestures":[],"hands":[{"armBasis":[[0.785066,-0.0688947,-0.615569],[0.288033,0.920417,0.26433],[0.548369,-0.38482,0.742432]],"armWidth":67.1986,"confidence":0.552183,"direction":[-0.0732615,0.36643,-0.927557],"elbow":[221.838,99.474,257.138],"grabAngle":0.67996,"grabStrength":0,"id":369,"palmNormal":[-0.293975,-0.896667,-0.331008],"palmPosition":[49.228,233.549,-20.3954],"palmVelocity":[137.268,510.909,-164.261],"palmWidth":93.7698,"pinchDistance":69.9476,"pinchStrength":0,"r":[[0.963054,0.171626,0.207539],[-0.235923,0.909296,0.342814],[-0.129878,-0.379112,0.916191]],"s":1.20848,"sphereCenter":[46.3289,129.48,-81.3775],"sphereRadius":123.27,"stabilizedPalmPosition":[49.0532,232.905,-20.1912],"t":[22.2197,54.7543,-13.2217],"timeVisible":0.117979,"type":"right","wrist":[69.2556,206.55,50.5572]}],"id":218528,"interactionBox":{"center":[0,200,0],"size":[235.247,235.247,147.751]},"pointables":[{"bases":[[[0.632129,0.773539,0.045285],[-0.606909,0.457931,0.649585],[0.481742,-0.438105,0.758939]],[[0.521342,0.846292,-0.109512],[-0.590863,0.450587,0.669217],[0.615698,-0.284184,0.734953]],[[0.521342,0.846292,-0.109512],[-0.792922,0.527851,0.304381],[0.315401,-0.0718526,0.946234]],[[0.521342,0.846292,-0.109512],[-0.848461,0.527784,0.0394646],[0.0911971,0.0723418,0.993202]]],"btipPosition":[-13.7248,226.615,-58.3841],"carpPosition":[31.0884,211.224,36.0159],"dipPosition":[-11.5488,228.341,-34.6852],"direction":[-0.315401,0.0718526,-0.946234],"extended":false,"handId":369,"id":3690,"length":53.1352,"mcpPosition":[31.0884,211.224,36.0159],"pipPosition":[-0.584737,225.843,-1.79203],"stabilizedTipPosition":[-19.0299,219.224,-44.6276],"timeVisible":0.117979,"tipPosition":[-18.0036,225.298,-50.9879],"tipVelocity":[217.511,527.567,-409.439],"tool":false,"touchDistance":0.465241,"touchZone":"hovering","type":0,"width":21.5692},{"bases":[[[0.927171,-0.183378,-0.326689],[0.256273,0.946519,0.196024],[0.273271,-0.265469,0.92458]],[[0.96397,-0.235302,-0.124074],[0.258849,0.937235,0.233639],[0.0613104,-0.257337,0.964375]],[[0.96397,-0.235302,-0.124074],[0.226061,0.970473,-0.0841308],[0.140206,0.0530513,0.9887]],[[0.96397,-0.235302,-0.124074],[0.172452,0.907924,-0.382015],[0.202538,0.346854,0.91579]]],"btipPosition":[13.738,255.318,-121.642],"carpPosition":[44.1254,231.268,31.016],"dipPosition":[17.2661,261.36,-105.689],"direction":[-0.140206,-0.0530513,-0.9887],"extended":true,"handId":369,"id":3691,"length":59.9572,"mcpPosition":[23.4067,251.395,-39.0831],"pipPosition":[20.7212,262.667,-81.3249],"stabilizedTipPosition":[-0.685401,230.328,-98.0854],"timeVisible":0.117979,"tipPosition":[10.7751,247.394,-114.28],"tipVelocity":[587.501,1065.69,-323.487],"tool":false,"touchDistance":-0.682941,"touchZone":"touching","type":1,"width":20.6029},{"bases":[[[0.898203,-0.376211,-0.22737],[0.415271,0.895833,0.158222],[0.14416,-0.236536,0.960869]],[[0.90862,-0.399992,-0.120067],[0.415603,0.894295,0.165864],[0.0410309,-0.200608,0.978812]],[[0.90862,-0.399992,-0.120067],[0.37236,0.906114,-0.200763],[0.189098,0.137709,0.972254]],[[0.90862,-0.399992,-0.120067],[0.312702,0.842184,-0.439254],[0.276816,0.361569,0.890303]]],"btipPosition":[32.8804,246.733,-135.735],"carpPosition":[56.0478,230.788,26.6977],"dipPosition":[38.184,253.661,-118.678],"direction":[-0.189098,-0.137709,-0.972254],"extended":true,"handId":369,"id":3692,"length":68.3164,"mcpPosition":[45.6828,247.795,-42.3882],"pipPosition":[43.6664,257.653,-90.4897],"stabilizedTipPosition":[9.39631,211.837,-102.242],"timeVisible":0.117979,"tipPosition":[29.7826,239.608,-127.549],"tipVelocity":[883.011,1466.37,-450.377],"tool":false,"touchDistance":-0.889322,"touchZone":"touching","type":2,"width":20.2348},{"bases":[[[0.87575,-0.473373,-0.0947682],[0.482766,0.858668,0.172123],[-0.000104087,-0.196488,0.980506]],[[0.875713,-0.475135,-0.0858732],[0.482486,0.867872,0.118343],[0.0182979,-0.145067,0.989253]],[[0.875713,-0.475135,-0.0858732],[0.438935,0.857499,-0.268386],[0.201156,0.197336,0.959476]],[[0.875713,-0.475135,-0.0858732],[0.371559,0.776728,-0.508564],[0.308337,0.413449,0.856731]]],"btipPosition":[55.2453,232.922,-128.61],"carpPosition":[67.6271,227.079,23.1677],"dipPosition":[61.1189,240.798,-112.29],"direction":[-0.201156,-0.197336,-0.959476],"extended":true,"handId":369,"id":3693,"length":65.688,"mcpPosition":[67.6338,239.763,-40.1276],"pipPosition":[66.8002,246.372,-85.1911],"stabilizedTipPosition":[30.9525,198.055,-96.0841],"timeVisible":0.117979,"tipPosition":[52.3946,226.596,-119.888],"tipVelocity":[1015.89,1657.71,-582.856],"tool":false,"touchDistance":-0.909868,"touchZone":"touching","type":3,"width":19.2547},{"bases":[[[0.777966,-0.628259,-0.00777658],[0.611181,0.753833,0.241233],[-0.145694,-0.192424,0.970436]],[[0.785131,-0.615985,-0.0642832],[0.617721,0.771382,0.152943],[-0.0446236,-0.159789,0.986142]],[[0.785131,-0.615985,-0.0642832],[0.581741,0.769105,-0.264679],[0.212479,0.170411,0.962192]],[[0.785131,-0.615985,-0.0642832],[0.498364,0.689992,-0.524924],[0.3677,0.380097,0.848718]]],"btipPosition":[76.8264,223.428,-106.913],"carpPosition":[77.2104,216.247,20.7306],"dipPosition":[83.2882,230.108,-91.9975],"direction":[-0.212479,-0.170411,-0.962192],"extended":true,"handId":369,"id":3694,"length":51.4982,"mcpPosition":[85.9166,227.745,-37.2594],"pipPosition":[87.5253,233.506,-72.8103],"stabilizedTipPosition":[62.3362,202.269,-90.0743],"timeVisible":0.117979,"tipPosition":[73.0457,217.068,-98.2314],"tipVelocity":[948.126,1486.86,-462.888],"tool":false,"touchDistance":-0.742635,"touchZone":"touching","type":4,"width":17.1035}],"r":[[0.963054,0.171626,0.207539],[-0.235923,0.909296,0.342814],[-0.129878,-0.379112,0.916191]],"s":1.20848,"t":[22.2197,54.7543,-13.2217],"timestamp":261621085712},{"currentFrameRate":27.7907,"devices":[],"gestures":[],"hands":[{"armBasis":[[0.860052,0.0554178,-0.507188],[0.182642,0.894765,0.407477],[0.476395,-0.443086,0.759423]],"armWidth":67.1986,"confidence":0.627203,"direction":[-0.0654571,0.480601,-0.874493],"elbow":[203.429,87.7372,258.466],"grabAngle":0.458017,"grabStrength":0,"id":369,"palmNormal":[-0.18704,-0.866749,-0.462344],"palmPosition":[52.5232,245.484,-21.0315],"palmVelocity":[150.591,545.429,-29.0688],"palmWidth":93.7698,"pinchDistance":66.4063,"pinchStrength":0,"r":[[0.933002,0.218561,0.2859],[-0.327569,0.844746,0.423204],[-0.149017,-0.488502,0.859744]],"s":1.26525,"sphereCenter":[74.2143,159.385,-97.339],"sphereRadius":121.622,"stabilizedPalmPosition":[52.4301,245.146,-21.009],"t":[25.9927,67.1756,-15.3017],"timeVisible":0.139861,"type":"right","wrist":[70.8725,211.025,47.1578]}],"id":218529,"interactionBox":{"center":[0,200,0],"size":[235.247,235.247,147.751]},"pointables":[{"bases":[[[0.548938,0.815384,0.183889],[-0.679642,0.307341,0.666054],[0.486574,-0.490601,0.72288]],[[0.449469,0.892058,0.0470113],[-0.672879,0.303481,0.674635],[0.587547,-0.334861,0.736653]],[[0.449469,0.892058,0.0470113],[-0.849861,0.410812,0.330106],[0.275161,-0.188325,0.942773]],[[0.449469,0.892058,0.0470113],[-0.889472,0.44206,0.115858],[0.08257,-0.0938897,0.992153]]],"btipPosition":[-7.7092,240.138,-63.556],"carpPosition":[34.0511,214.125,30.7861],"dipPosition":[-5.73898,237.897,-39.8821],"direction":[-0.275161,0.188325,-0.942773],"extended":true,"handId":369,"id":3690,"length":53.1352,"mcpPosition":[34.0511,214.125,30.7861],"pipPosition":[3.82619,231.351,-7.10926],"stabilizedTipPosition":[-11.4307,232.39,-53.3302],"timeVisible":0.139861,"tipPosition":[-11.4544,235.796,-56.6347],"tipVelocity":[272.749,576.305,-236.616],"tool":false,"touchDistance":0.374386,"touchZone":"hovering","type":0,"width":21.5692},{"bases":[[[0.955264,-0.0507152,-0.291374],[0.150986,0.93076,0.333],[0.254311,-0.362096,0.896779]],[[0.987749,-0.128607,-0.0883887],[0.154517,0.885273,0.438652],[0.0218344,-0.446935,0.8943]],[[0.987749,-0.128607,-0.0883887],[0.142667,0.973718,0.177536],[0.0632332,-0.187972,0.980137]],[[0.987749,-0.128607,-0.0883887],[0.123806,0.99062,-0.0578262],[0.0949965,0.0461746,0.994406]]],"btipPosition":[21.7946,286.64,-119.399],"carpPosition":[45.2452,235.782,29.2406],"dipPosition":[23.4494,287.444,-102.077],"direction":[-0.0632332,0.187972,-0.980137],"extended":true,"handId":369,"id":3691,"length":59.9572,"mcpPosition":[25.9641,263.235,-38.7507],"pipPosition":[25.0077,282.812,-77.9231],"stabilizedTipPosition":[16.0093,271.586,-110.741],"timeVisible":0.139861,"tipPosition":[19.3081,275.79,-114.839],"tipVelocity":[348.496,1376.34,116.915],"tool":false,"touchDistance":-0.604605,"touchZone":"touching","type":1,"width":20.6029},{"bases":[[[0.94101,-0.257093,-0.220007],[0.315857,0.900611,0.298553],[0.121385,-0.350433,0.928689]],[[0.948733,-0.295876,-0.111186],[0.315859,0.874395,0.36833],[-0.0117593,-0.384566,0.923022]],[[0.948733,-0.295876,-0.111186],[0.305087,0.949172,0.0774248],[0.0826269,-0.107377,0.990779]],[[0.948733,-0.295876,-0.111186],[0.28648,0.95356,-0.093022],[0.133546,0.0564004,0.989436]]],"btipPosition":[44.2433,283.125,-134.191],"carpPosition":[57.3471,236.998,25.6227],"dipPosition":[46.8019,284.206,-115.234],"direction":[-0.0826269,0.107377,-0.990779],"extended":true,"handId":369,"id":3692,"length":68.3164,"mcpPosition":[48.6196,262.194,-41.1495],"pipPosition":[49.1975,281.092,-86.5093],"stabilizedTipPosition":[33.9573,261.42,-121.365],"timeVisible":0.139861,"tipPosition":[40.8738,272.789,-128.517],"tipVelocity":[490.428,1601.64,90.5236],"tool":false,"touchDistance":-0.799011,"touchZone":"touching","type":2,"width":20.2348},{"bases":[[[0.92211,-0.373016,-0.102821],[0.38599,0.868311,0.311524],[-0.0269226,-0.326948,0.944659]],[[0.921739,-0.376757,-0.0919315],[0.384821,0.859182,0.337222],[-0.0480649,-0.346208,0.936926]],[[0.921739,-0.376757,-0.0919315],[0.381268,0.923719,0.0371082],[0.0709381,-0.0692546,0.995074]],[[0.921739,-0.376757,-0.0919315],[0.357645,0.917475,-0.174156],[0.149959,0.127647,0.980417]]],"btipPosition":[68.4599,271.292,-128.099],"carpPosition":[69.3926,234.891,22.3429],"dipPosition":[71.3166,273.723,-109.423],"direction":[-0.0709381,0.0692546,-0.995074],"extended":true,"handId":369,"id":3693,"length":65.688,"mcpPosition":[71.1306,255.997,-38.6383],"pipPosition":[73.3201,271.767,-81.3182],"stabilizedTipPosition":[57.4216,249.237,-115.309],"timeVisible":0.139861,"tipPosition":[64.8968,261.658,-121.916],"tipVelocity":[572.193,1696.25,48.1353],"tool":false,"touchDistance":-0.831415,"touchZone":"touching","type":3,"width":19.2547},{"bases":[[[0.836259,-0.546657,-0.0428462],[0.520807,0.767404,0.373966],[-0.171551,-0.335047,0.926452]],[[0.843723,-0.529412,-0.0886297],[0.521106,0.768236,0.371836],[-0.128766,-0.359912,0.924058]],[[0.843723,-0.529412,-0.0886297],[0.534466,0.843868,0.0472522],[0.0497759,-0.0872373,0.994943]],[[0.843723,-0.529412,-0.0886297],[0.513483,0.844142,-0.154143],[0.156421,0.0845441,0.984065]]],"btipPosition":[91.2654,258.674,-106.714],"carpPosition":[80.1136,225.424,19.0943],"dipPosition":[94.0143,260.159,-89.4204],"direction":[-0.0497759,0.0872373,-0.994943],"extended":true,"handId":369,"id":3694,"length":51.4982,"mcpPosition":[90.3649,245.445,-36.2674],"pipPosition":[95.0069,258.42,-69.5801],"stabilizedTipPosition":[85.2205,246.198,-99.8765],"timeVisible":0.139861,"tipPosition":[86.0512,249.425,-100.504],"tipVelocity":[620.834,1556.12,34.0719],"tool":false,"touchDistance":-0.685521,"touchZone":"touching","type":4,"width":17.1035}],"r":[[0.933002,0.218561,0.2859],[-0.327569,0.844746,0.423204],[-0.149017,-0.488502,0.859744]],"s":1.26525,"t":[25.9927,67.1756,-15.3017],"timestamp":261621107594},{"currentFrameRate":29.6319,"devices":[],"gestures":[],"hands":[{"armBasis":[[0.895794,0.121682,-0.42749],[0.116986,0.863335,0.490883],[0.428799,-0.48974,0.