{"frames":316,"data":[{"currentFrameRate":23.0284,"devices":[],"gestures":[],"hands":[],"id":218929,"interactionBox":{"center":[0,200,0],"size":[235.247,235.247,147.751]},"pointables":[],"r":[[-0.0794966,-0.728761,-0.680138],[0.446709,0.583909,-0.677865],[0.891141,-0.357712,0.279125]],"s":-5.62558,"t":[894.675,787.691,741.58],"timestamp":261635952977},{"currentFrameRate":23.2005,"devices":[],"gestures":[],"hands":[],"id":218930,"interactionBox":{"center":[0,200,0],"size":[235.247,235.247,147.751]},"pointables":[],"r":[[-0.0794966,-0.728761,-0.680138],[0.446709,0.583909,-0.677865],[0.891141,-0.357712,0.279125]],"s":-5.62558,"t":[894.675,787.691,741.58],"timestamp":261635994746},{"currentFrameRate":23.2746,"devices":[],"gestures":[],"hands":[],"id":218931,"interactionBox":{"center":[0,200,0],"size":[235.247,235.247,147.751]},"pointables":[],"r":[[-0.0794966,-0.728761,-0.680138],[0.446709,0.583909,-0.677865],[0.891141,-0.357712,0.279125]],"s":-5.62558,"t":[894.675,787.691,741.58],"timestamp":261636037140},{"currentFrameRate":23.3723,"devices":[],"gestures":[],"hands":[],"id":218932,"interactionBox":{"center":[0,200,0],"size":[235.247,235.247,147.751]},"pointables":[],"r":[[-0.0794966,-0.728761,-0.680138],[0.446709,0.583909,-0.677865],[0.891141,-0.357712,0.279125]],"s":-5.62558,"t":[894.675,787.691,741.58],"timestamp":261636079174},{"currentFrameRate":23.4549,"devices":[],"gestures":[],"hands":[],"id":218933,"interactionBox":{"center":[0,200,0],"size":[235.247,235.247,147.751]},"pointables":[],"r":[[-0.0794966,-0.728761,-0.680138],[0.446709,0.583909,-0.677865],[0.891141,-0.357712,0.279125]],"s":-5.62558,"t":[894.675,787.691,741.58],"timestamp":261636121176},{"currentFrameRate":23.5431,"devices":[],"gestures":[],"hands":[],"id":218934,"interactionBox":{"center":[0,200,0],"size":[235.247,235.247,147.751]},"pointables":[],"r":[[-0.0794966,-0.728761,-0.680138],[0.446709,0.583909,-0.677865],[0.891141,-0.357712,0.279125]],"s":-5.62558,"t":[894.675,787.691,741.58],"timestamp":261636162978},{"currentFrameRate":23.584,"devices":[],"gestures":[],"hands":[],"id":218935,"interactionBox":{"center":[0,200,0],"size":[235.247,235.247,147.751]},"pointables":[],"r":[[-0.0794966,-0.728761,-0.680138],[0.446709,0.583909,-0.677865],[0.891141,-0.357712,0.279125]],"s":-5.62558,"t":[894.675,787.691,741.58],"timestamp":261636205068},{"currentFrameRate":23.6122,"devices":[],"gestures":[],"hands":[],"id":218936,"interactionBox":{"center":[0,200,0],"size":[235.247,235.247,147.751]},"pointables":[],"r":[[-0.0794966,-0.728761,-0.680138],[0.446709,0.583909,-0.677865],[0.891141,-0.357712,0.279125]],"s":-5.62558,"t":[894.675,787.691,741.58],"timestamp":261636247204},{"currentFrameRate":23.6454,"devices":[],"gestures":[],"hands":[],"id":218937,"interactionBox":{"center":[0,200,0],"size":[235.247,235.247,147.751]},"pointables":[],"r":[[-0.0794966,-0.728761,-0.680138],[0.446709,0.583909,-0.677865],[0.891141,-0.357712,0.279125]],"s":-5.62558,"t":[894.675,787.691,741.58],"timestamp":261636289243},{"currentFrameRate":23.6715,"devices":[],"gestures":[],"hands":[],"id":218938,"interactionBox":{"center":[0,200,0],"size":[235.247,235.247,147.751]},"pointables":[],"r":[[-0.0794966,-0.728761,-0.680138],[0.446709,0.583909,-0.677865],[0.891141,-0.357712,0.279125]],"s":-5.62558,"t":[894.675,787.691,741.58],"timestamp":261636331290},{"currentFrameRate":23.691,"devices":[],"gestures":[],"hands":[],"id":218939,"interactionBox":{"center":[0,200,0],"size":[235.247,235.247,147.751]},"pointables":[],"r":[[-0.0794966,-0.728761,-0.680138],[0.446709,0.583909,-0.677865],[0.891141,-0.357712,0.279125]],"s":-5.62558,"t":[894.675,787.691,741.58],"timestamp":261636373352},{"currentFrameRate":23.703,"devices":[],"gestures":[],"hands":[],"id":218940,"interactionBox":{"center":[0,200,0],"size":[235.247,235.247,147.751]},"pointables":[],"r":[[-0.0794966,-0.728761,-0.680138],[0.446709,0.583909,-0.677865],[0.891141,-0.357712,0.279125]],"s":-5.62558,"t":[894.675,787.691,741.58],"timestamp":261636415450},{"currentFrameRate":23.722,"devices":[],"gestures":[],"hands":[],"id":218941,"interactionBox":{"center":[0,200,0],"size":[235.247,235.247,147.751]},"pointables":[],"r":[[-0.0794966,-0.728761,-0.680138],[0.446709,0.583909,-0.677865],[0.891141,-0.357712,0.279125]],"s":-5.62558,"t":[894.675,787.691,741.58],"timestamp":261636457461},{"currentFrameRate":23.7257,"devices":[],"gestures":[],"hands":[{"armBasis":[[-0.165529,-0.971327,-0.170654],[0.809733,-0.0350798,-0.585749],[0.562967,-0.235143,0.792323]],"armWidth":65.6667,"confidence":0,"direction":[-0.13216,0.0887898,-0.987244],"elbow":[239.958,99.6422,321.821],"grabAngle":3.14159,"grabStrength":1,"id":370,"palmNormal":[-0.986367,0.0867386,0.139844],"palmPosition":[64.3527,181.914,27.1967],"palmVelocity":[1.19209e-7,1.19209e-7,1.19209e-7],"palmWidth":93.7698,"pinchDistance":29.3431,"pinchStrength":0.739332,"r":[[1,6.93889e-19,5.55112e-18],[-6.93889e-19,1,2.77556e-18],[-5.55112e-18,-2.77556e-18,1]],"s":1,"sphereCenter":[16.1338,181.99,16.8931],"sphereRadius":41.5939,"stabilizedPalmPosition":[64.3527,181.914,27.1967],"t":[0,0,0],"timeVisible":0,"type":"right","wrist":[83.3135,165.071,101.358]}],"id":218942,"interactionBox":{"center":[0,200,0],"size":[235.247,235.247,147.751]},"pointables":[{"bases":[[[0.81699,-0.459541,-0.348352],[0.571604,0.725128,0.384004],[0.0761343,-0.512847,0.855098]],[[0.71,-0.20251,-0.674455],[0.54968,0.758037,0.351044],[0.440172,-0.619975,0.649522]],[[0.71,-0.20251,-0.674455],[0.38508,0.913527,0.131082],[0.589587,-0.352787,0.726587]],[[0.71,-0.20251,-0.674455],[0.119505,0.978516,-0.168003],[0.693987,0.0386818,0.718948]]],"btipPosition":[7.59879,241.952,11.9069],"carpPosition":[67.6968,198.596,88.1902],"dipPosition":[24.3368,242.885,29.2469],"direction":[-0.589587,0.352787,-0.726587],"extended":true,"handId":370,"id":3700,"length":53.7086,"mcpPosition":[67.6968,198.596,88.1902],"pipPosition":[45.0532,230.489,54.7771],"stabilizedTipPosition":[11.4485,242.166,15.8951],"timeVisible":0,"tipPosition":[11.4485,242.166,15.8951],"tipVelocity":[1.19209e-7,1.19209e-7,1.19209e-7],"tool":false,"touchDistance":1,"touchZone":"none","type":0,"width":20.8686},{"bases":[[[-0.118847,-0.963272,-0.240796],[0.95857,-0.0480808,-0.28077],[0.25888,-0.264188,0.929078]],[[-0.10773,-0.973636,-0.201067],[0.25479,0.168451,-0.952211],[0.960977,-0.153812,0.229925]],[[-0.10773,-0.973636,-0.201067],[-0.923911,0.172731,-0.341398],[0.367128,0.148989,-0.918161]],[[-0.10773,-0.973636,-0.201067],[-0.954766,0.0449399,0.293941],[-0.277156,0.223638,-0.934436]]],"btipPosition":[18.8611,208.771,32.5564],"carpPosition":[85.3005,189.58,73.8529],"dipPosition":[13.981,212.708,16.1032],"direction":[-0.367128,-0.148989,0.918161],"extended":false,"handId":370,"id":3701,"length":60.6041,"mcpPosition":[65.6729,209.61,3.41286],"pipPosition":[23.1257,216.42,-6.76706],"stabilizedTipPosition":[17.7386,209.676,28.7722],"timeVisible":0,"tipPosition":[17.7386,209.676,28.7722],"tipVelocity":[1.19209e-7,1.19209e-7,1.19209e-7],"tool":false,"touchDistance":0.333333,"touchZone":"none","type":1,"width":19.9337},{"bases":[[[-0.244438,-0.967703,-0.0616437],[0.930129,-0.21603,-0.296971],[0.274063,-0.129928,0.952895]],[[-0.243784,-0.968011,-0.0593695],[0.159729,0.0203051,-0.986952],[0.956586,-0.250086,0.149669]],[[-0.243784,-0.968011,-0.0593695],[-0.942669,0.250898,-0.220056],[0.227913,0.0023196,-0.973679]],[[-0.243784,-0.968011,-0.0593695],[-0.877528,0.194104,0.438484],[-0.412933,0.158993,-0.896776]]],"btipPosition":[19.4295,196.181,39.7274],"carpPosition":[85.3331,177.564,69.7737],"dipPosition":[11.4326,199.26,22.3604],"direction":[-0.227913,-0.0023196,0.973679],"extended":false,"handId":370,"id":3702,"length":69.0535,"mcpPosition":[65.6281,186.905,1.26107],"pipPosition":[18.1116,199.328,-6.17344],"stabilizedTipPosition":[17.5902,196.889,35.733],"timeVisible":0,"tipPosition":[17.5902,196.889,35.733],"tipVelocity":[1.19209e-7,1.19209e-7,1.19209e-7],"tool":false,"touchDistance":0.333333,"touchZone":"none","type":2,"width":19.5776},{"bases":[[[-0.27086,-0.957219,0.101818],[0.91855,-0.288647,-0.270089],[0.287924,0.0203686,0.957437]],[[-0.287638,-0.956718,0.0442231],[0.140015,-0.0876843,-0.986259],[0.947449,-0.277494,0.159176]],[[-0.287638,-0.956718,0.0442231],[-0.930819,0.268384,-0.248086],[0.22548,-0.112523,-0.967728]],[[-0.287638,-0.956718,0.0442231],[-0.859953,0.27832,0.427807],[-0.421599,0.0850239,-0.902787]]],"btipPosition":[22.3542,178.319,43.7906],"carpPosition":[82.8849,165.282,67.9159],"dipPosition":[14.2364,179.956,26.4076],"direction":[-0.22548,0.112523,0.967728],"extended":false,"handId":370,"id":3703,"length":66.3968,"mcpPosition":[64.2983,163.967,6.10982],"pipPosition":[20.6734,176.744,-1.21939],"stabilizedTipPosition":[20.4871,178.696,39.7925],"timeVisible":0,"tipPosition":[20.4871,178.696,39.7925],"tipVelocity":[1.19209e-7,1.19209e-7,1.19209e-7],"tool":false,"touchDistance":0.333333,"touchZone":"none","type":3,"width":18.6293},{"bases":[[[-0.383739,-0.887489,0.255164],[0.887044,-0.431075,-0.165309],[0.256705,0.162906,0.952662]],[[-0.415082,-0.901397,0.123247],[0.188591,-0.217776,-0.957605],[0.890023,-0.374241,0.260391]],[[-0.415082,-0.901397,0.123247],[-0.846185,0.332746,-0.416233],[0.334182,-0.277061,-0.900866]],[[-0.415082,-0.901397,0.123247],[-0.854856,0.432784,0.286215],[-0.311333,0.013444,-0.950206]]],"btipPosition":[25.4279,162.832,39.0617],"carpPosition":[74.4052,153.584,70.4411],"dipPosition":[19.8975,163.071,22.1829],"direction":[-0.334182,0.277061,0.900866],"extended":false,"handId":370,"id":3704,"length":52.0539,"mcpPosition":[59.0653,143.849,13.5132],"pipPosition":[26.6334,157.486,4.02469],"stabilizedTipPosition":[24.1559,162.887,35.1796],"timeVisible":0,"tipPosition":[24.1559,162.887,35.1796],"tipVelocity":[1.19209e-7,1.19209e-7,1.19209e-7],"tool":false,"touchDistance":0.333333,"touchZone":"none","type":4,"width":16.548}],"r":[[1,6.93889e-19,5.55112e-18],[-6.93889e-19,1,2.77556e-18],[-5.55112e-18,-2.77556e-18,1]],"s":1,"t":[0,0,0],"timestamp":261636499581},{"currentFrameRate":23.7332,"devices":[],"gestures":[],"hands":[{"armBasis":[[-0.120433,-0.946877,-0.298195],[0.78356,0.0937656,-0.6142],[0.609532,-0.307624,0.730643]],"armWidth":67.1986,"confidence":0.218112,"direction":[-0.126733,0.148127,-0.980814],"elbow":[251.447,80.7371,297.299],"grabAngle":2.98136,"grabStrength":1,"id":370,"palmNormal":[-0.991936,-0.0200748,0.125139],"palmPosition":[61.8235,187.543,21.2853],"palmVelocity":[-60.1063,133.785,-140.484],"palmWidth":93.7698,"pinchDistance":37.1196,"pinchStrength":0.669244,"r":[[0.999802,0.0194498,0.00417284],[-0.0195082,0.999705,0.0144358],[-0.00389083,-0.0145144,0.999887]],"s":1.00826,"sphereCenter":[12.7463,188.975,9.76686],"sphereRadius":42.4351,"stabilizedPalmPosition":[64.1269,182.416,26.669],"t":[-1.26461,2.81477,-2.95571],"timeVisible":0.042079,"type":"right","wrist":[81.846,166.333,93.9984]}],"id":218943,"interactionBox":{"center":[0,200,0],"size":[235.247,235.247,147.751]},"pointables":[{"bases":[[[0.862949,-0.351016,-0.363465],[0.492139,0.746921,0.447111],[0.114536,-0.564709,0.817303]],[[0.744188,-0.0945108,-0.66125],[0.509578,0.720368,0.470532],[0.431873,-0.687122,0.58425]],[[0.744188,-0.0945108,-0.66125],[0.348052,0.899799,0.263101],[0.570126,-0.425946,0.702515]],[[0.744188,-0.0945108,-0.66125],[0.104869,0.994195,-0.0240758],[0.659686,-0.0514274,0.749779]]],"btipPosition":[4.89777,251.307,11.0123],"carpPosition":[62.6741,199.925,83.3791],"dipPosition":[20.6386,250.079,28.9028],"direction":[-0.570126,0.425946,-0.702515],"extended":true,"handId":370,"id":3700,"length":53.1352,"mcpPosition":[62.6741,199.925,83.3791],"pipPosition":[40.4575,235.273,53.3238],"stabilizedTipPosition":[10.2959,245.651,15.593],"timeVisible":0.042079,"tipPosition":[5.71059,246.64,14.0998],"tipVelocity":[-69.6394,210.505,-18.2504],"tool":false,"touchDistance":1,"touchZone":"none","type":0,"width":21.5692},{"bases":[[[-0.0201419,-0.949857,-0.312035],[0.9624,0.0661408,-0.26346],[0.270888,-0.305609,0.91281]],[[0.0000194185,-0.96992,-0.243424],[0.362839,0.226842,-0.90382],[0.931852,-0.0883063,0.35193]],[[0.0000194185,-0.96992,-0.243424],[-0.803655,0.144845,-0.577199],[0.595095,0.19564,-0.779478]],[[0.0000194185,-0.96992,-0.243424],[-0.999944,-0.00260242,0.0102895],[-0.0106135,0.24341,-0.969865]]],"btipPosition":[5.43919,211.722,20.2806],"carpPosition":[81.2744,193.745,68.7993],"dipPosition":[5.2543,215.962,3.38587],"direction":[-0.595095,-0.19564,0.779478],"extended":false,"handId":370,"id":3701,"length":59.9572,"mcpPosition":[60.7364,216.915,-0.407435],"pipPosition":[19.9192,220.783,-15.8228],"stabilizedTipPosition":[13.7727,210.647,24.7949],"timeVisible":0.042079,"tipPosition":[9.17012,211.535,20.2728],"tipVelocity":[-293.305,71.793,-294.147],"tool":false,"touchDistance":0.333333,"touchZone":"none","type":1,"width":20.6029},{"bases":[[[-0.147127,-0.979678,-0.136326],[0.950854,-0.102122,-0.292316],[0.272454,-0.172634,0.946555]],[[-0.134683,-0.98647,-0.0934726],[0.294259,0.050259,-0.954403],[0.946188,-0.156047,0.283508]],[[-0.134683,-0.98647,-0.0934726],[-0.848193,0.163542,-0.503809],[0.512279,0.0114284,-0.858743]],[[-0.134683,-0.98647,-0.0934726],[-0.978164,0.117291,0.171577],[-0.158292,0.11454,-0.980726]]],"btipPosition":[4.63853,199.678,25.5639],"carpPosition":[82.5454,182.123,63.866],"dipPosition":[1.60574,201.872,6.77379],"direction":[-0.512279,-0.0114284,0.858743],"extended":false,"handId":370,"id":3702,"length":68.3164,"mcpPosition":[62.9562,194.535,-4.1908],"pipPosition":[16.4579,202.204,-18.1232],"stabilizedTipPosition":[12.665,198.077,30.5041],"timeVisible":0.042079,"tipPosition":[8.28794,198.869,25.099],"tipVelocity":[-324.372,78.2729,-344.372],"tool":false,"touchDistance":0.333333,"touchZone":"none","type":2,"width":20.2348},{"bases":[[[-0.176688,-0.9839,0.0268796],[0.946113,-0.177305,-0.270986],[0.271389,-0.0224488,0.962208]],[[-0.17794,-0.983786,0.0224339],[0.267791,-0.0703483,-0.960905],[0.946903,-0.164976,0.275967]],[[-0.17794,-0.983786,0.0224339],[-0.854542,0.143178,-0.499257],[0.48795,-0.108009,-0.866163]],[[-0.17794,-0.983786,0.0224339],[-0.971809,0.179266,0.153136],[-0.154675,0.00544755,-0.98795]]],"btipPosition":[9.8553,181.743,29.6751],"carpPosition":[81.3438,169.832,61.077],"dipPosition":[6.90885,181.847,10.8554],"direction":[-0.48795,0.108009,0.866163],"extended":false,"handId":370,"id":3703,"length":65.688,"mcpPosition":[63.8246,171.281,-1.03706],"pipPosition":[20.6903,178.796,-13.6082],"stabilizedTipPosition":[17.9473,179.385,36.5484],"timeVisible":0.042079,"tipPosition":[13.5681,180.514,28.8777],"tipVelocity":[-268.767,72.9863,-343.306],"tool":false,"touchDistance":0.333333,"touchZone":"none","type":3,"width":19.2547},{"bases":[[[-0.29797,-0.936974,0.182467],[0.927349,-0.329461,-0.177426],[0.226359,0.116343,0.967071]],[[-0.315498,-0.943352,0.1027],[0.304486,-0.203145,-0.930602],[0.898749,-0.262332,0.35133]],[[-0.315498,-0.943352,0.1027],[-0.761228,0.186987,-0.620941],[0.566563,-0.274084,-0.7771]],[[-0.315498,-0.943352,0.1027],[-0.945683,0.321513,0.0480894],[-0.0783847,-0.0819496,-0.993549]]],"btipPosition":[18.1758,166.622,25.0772],"carpPosition":[74.023,157.211,62.575],"dipPosition":[16.7983,165.182,7.61677],"direction":[-0.566563,0.274084,0.7771],"extended":false,"handId":370,"id":3704,"length":51.4982,"mcpPosition":[60.4965,150.259,4.78608],"pipPosition":[28.0962,159.716,-7.87952],"stabilizedTipPosition":[23.7901,163.085,34.3596],"timeVisible":0.042079,"tipPosition":[21.2171,165.044,24.5626],"tipVelocity":[-149.644,80.8879,-335.519],"tool":false,"touchDistance":0.333333,"touchZone":"none","type":4,"width":17.1035}],"r":[[0.999802,0.0194498,0.00417284],[-0.0195082,0.999705,0.0144358],[-0.00389083,-0.0145144,0.999887]],"s":1.00826,"t":[-1.26461,2.81477,-2.95571],"timestamp":261636541660},{"currentFrameRate":24.7781,"devices":[],"gestures":[],"hands":[{"armBasis":[[-0.122595,-0.946201,-0.299455],[0.797209,0.0858298,-0.597571],[0.591124,-0.311988,0.743798]],"armWidth":67.1986,"confidence":0.374292,"direction":[-0.172315,0.135253,-0.975712],"elbow":[245.446,80.989,296.823],"grabAngle":2.84462,"grabStrength":1,"id":370,"palmNormal":[-0.985036,-0.026964,0.170224],"palmPosition":[58.178,188.135,17.6122],"palmVelocity":[-111.826,18.1368,-112.674],"palmWidth":93.7698,"pinchDistance":32.2823,"pinchStrength":0.800985,"r":[[0.999327,0.0366606,-0.00138084],[-0.0366175,0.999047,0.0237681],[0.00225088,-0.0237016,0.999717]],"s":0.99974,"sphereCenter":[7.47347,185.299,8.13858],"sphereRadius":43.167,"stabilizedPalmPosition":[63.6826,182.844,25.9925],"t":[-3.71962,4.51778,-6.27011],"timeVisible":0.074678,"type":"right","wrist":[80.9664,167.799,89.8626]}],"id":218944,"interactionBox":{"center":[0,200,0],"size":[235.247,235.247,147.751]},"pointables":[{"bases":[[[0.848741,-0.348043,-0.398127],[0.505126,0.756378,0.41562],[0.156481,-0.553858,0.817774]],[[0.71826,-0.101436,-0.688341],[0.50962,0.750244,0.421213],[0.473697,-0.653333,0.590565]],[[0.71826,-0.101436,-0.688341],[0.301406,0.937032,0.176423],[0.627102,-0.334187,0.703607]],[[0.71826,-0.101436,-0.688341],[0.051231,0.994341,-0.0930712],[0.693886,0.031585,0.719392]]],"btipPosition":[-0.99829,245.741,7.45092],"carpPosition":[61.7263,201.269,79.4555],"dipPosition":[15.5586,246.495,24.6164],"direction":[-0.627102,0.334187,-0.703607],"extended":true,"handId":370,"id":3700,"length":53.1352,"mcpPosition":[61.7263,201.269,79.4555],"pipPosition":[37.358,234.878,49.0753],"stabilizedTipPosition":[6.56669,245.782,13.5037],"timeVisible":0.074678,"tipPosition":[1.72707,246.44,12.0267],"tipVelocity":[-175.109,-156.75,-114.363],"tool":false,"touchDistance":1,"touchZone":"none","type":0,"width":21.5692},{"bases":[[[-0.025693,-0.953674,-0.299742],[0.948858,0.0711129,-0.30759],[0.314656,-0.292315,0.903074]],[[0.00364139,-0.976701,-0.214574],[0.34566,0.202578,-0.916232],[0.938353,-0.0708334,0.338344]],[[0.00364139,-0.976701,-0.214574],[-0.769537,0.13429,-0.624322],[0.638591,0.167396,-0.751119]],[[0.00364139,-0.976701,-0.214574],[-0.99871,0.00731432,-0.0502418],[0.0506407,0.21448,-0.975415]]],"btipPosition":[-1.87469,212.475,16.3321],"carpPosition":[79.7026,195.071,64.1198],"dipPosition":[-0.992552,216.211,-0.65921],"direction":[-0.638591,-0.167396,0.751119],"extended":false,"handId":370,"id":3701,"length":59.9572,"mcpPosition":[55.8462,217.234,-4.34873],"pipPosition":[14.7442,220.336,-19.169],"stabilizedTipPosition":[7.81029,211.684,20.0191],"timeVisible":0.074678,"tipPosition":[3.73172,212.045,17.2828],"tipVelocity":[-216.831,19.5375,-121.803],"tool":false,"touchDistance":0.333333,"touchZone":"none","type":1,"width":20.6029},{"bases":[[[-0.144324,-0.982455,-0.11812],[0.937532,-0.0975758,-0.333935],[0.316551,-0.158936,0.935166]],[[-0.13045,-0.988427,-0.0774235],[0.298006,0.0353895,-0.953908],[0.945608,-0.14751,0.289941]],[[-0.13045,-0.988427,-0.0774235],[-0.813526,0.151348,-0.561488],[0.566708,-0.0102602,-0.823855]],[[-0.13045,-0.988427,-0.0774235],[-0.988514,0.123656,0.0868813],[-0.076302,0.0878679,-0.993206]]],"btipPosition":[-3.34428,200.692,20.6976],"carpPosition":[80.8536,183.402,59.2693],"dipPosition":[-4.80618,202.376,1.66843],"direction":[-0.566708,0.0102602,0.823855],"extended":false,"handId":370,"id":3702,"length":68.3164,"mcpPosition":[58.0938,194.829,-7.96856],"pipPosition":[11.624,202.078,-22.217],"stabilizedTipPosition":[6.01616,199.299,24.7348],"timeVisible":0.074678,"tipPosition":[2.30091,199.644,21.5567],"tipVelocity":[-233.796,27.5074,-150.963],"tool":false,"touchDistance":0.333333,"touchZone":"none","type":2,"width":20.2348},{"bases":[[[-0.166429,-0.984966,0.0462971],[0.934438,-0.172535,-0.31154],[0.314844,-0.00858761,0.949105]],[[-0.16688,-0.984953,0.044937],[0.282421,-0.0914176,-0.954925],[0.944664,-0.146667,0.293427]],[[-0.16688,-0.984953,0.044937],[-0.813306,0.111747,-0.571004],[0.557391,-0.131837,-0.819716]],[[-0.16688,-0.984953,0.044937],[-0.984813,0.168724,0.0409289],[-0.047895,-0.0374244,-0.998151]]],"btipPosition":[1.45064,182.74,24.2118],"carpPosition":[79.6376,171.068,56.6808],"dipPosition":[0.53827,182.027,5.19778],"direction":[-0.557391,0.131837,0.819716],"extended":false,"handId":370,"id":3703,"length":65.688,"mcpPosition":[59.3133,171.623,-4.58744],"pipPosition":[16.281,178.304,-17.9539],"stabilizedTipPosition":[12.9463,180.341,31.5464],"timeVisible":0.074678,"tipPosition":[7.39622,181.372,24.9757],"tipVelocity":[-243.468,24.833,-168.961],"tool":false,"touchDistance":0.333333,"touchZone":"none","type":3,"width":19.2547},{"bases":[[[-0.280964,-0.937202,0.206669],[0.921297,-0.323709,-0.215463],[0.268833,0.129866,0.954392]],[[-0.297471,-0.943558,0.145638],[0.323355,-0.243098,-0.914519],[0.898306,-0.22495,0.377418]],[[-0.297471,-0.943558,0.145638],[-0.727631,0.125299,-0.674428],[0.618114,-0.306593,-0.723834]],[[-0.297471,-0.943558,0.145638],[-0.954536,0.290851,-0.065315],[0.0192697,-0.158446,-0.98718]]],"btipPosition":[11.3926,167.652,19.801],"carpPosition":[72.506,158.405,58.6558],"dipPosition":[11.7312,164.868,2.45254],"direction":[-0.618114,0.306593,0.723834],"extended":false,"handId":370,"id":3704,"length":51.4982,"mcpPosition":[56.4414,150.645,1.62454],"pipPosition":[24.0571,158.754,-11.9816],"stabilizedTipPosition":[22.4853,163.5,32.3949],"timeVisible":0.074678,"tipPosition":[16.2384,165.78,21.0801],"tipVelocity":[-195.974,22.1339,-161.061],"tool":false,"touchDistance":0.333333,"touchZone":"none","type":4,"width":17.1035}],"r":[[0.999327,0.0366606,-0.00138084],[-0.0366175,0.999047,0.0237681],[0.00225088,-0.0237016,0.999717]],"s":0.99974,"t":[-3.71962,4.51778,-6.27011],"timestamp":261636574259},{"currentFrameRate":25.6636,"devices":[],"gestures":[],"hands":[{"armBasis":[[-0.136782,-0.944367,-0.299101],[0.803728,0.0707018,-0.590782],[0.579062,-0.321204,0.749343]],"armWidth":67.1986,"confidence":0.511846,"direction":[-0.210141,0.101807,-0.972356],"elbow":[241.143,81.7325,295.393],"grabAngle":2.74309,"grabStrength":1,"id":370,"palmNormal":[-0.977625,-0.0314882,0.207983],"palmPosition":[54.8459,189.295,14.789],"palmVelocity":[-102.162,35.5914,-86.5607],"palmWidth":93.7698,"pinchDistance":32.8127,"pinchStrength":0.794609,"r":[[0.998531,0.0524941,-0.0134585],[-0.0521436,0.998322,0.025188],[0.0147581,-0.0244493,0.999592]],"s":0.995302,"sphereCenter":[3.50745,186.053,7.43526],"sphereRadius":43.4779,"stabilizedPalmPosition":[62.8774,183.431,24.9717],"t":[-6.61318,5.94971,-9.33893],"timeVisible":0.107294,"type":"right","wrist":[80.0193,171.107,86.8892]}],"id":218945,"interactionBox":{"center":[0,200,0],"size":[235.247,235.247,147.751]},"pointables":[{"bases":[[[0.837209,-0.352076,-0.418477],[0.511618,0.774562,0.371889],[0.193203,-0.525449,0.828599]],[[0.700898,-0.12588,-0.702066],[0.52388,0.758827,0.386952],[0.484037,-0.639012,0.597806]],[[0.700898,-0.12588,-0.702066],[0.297194,0.94633,0.127023],[0.648397,-0.29768,0.700691]],[[0.700898,-0.12588,-0.702066],[0.0335581,0.989033,-0.14383],[0.712472,0.0772504,0.697435]]],"btipPosition":[-3.8907,245.839,4.25103],"carpPosition":[60.5495,204.461,76.0029],"dipPosition":[13.1097,247.682,20.8926],"direction":[-0.648397,0.29768,-0.700691],"extended":true,"handId":370,"id":3700,"length":53.1352,"mcpPosition":[60.5495,204.461,76.0029],"pipPosition":[35.6494,237.334,45.2502],"stabilizedTipPosition":[4.6537,245.922,11.9186],"timeVisible":0.107294,"tipPosition":[-2.19473,246.757,9.33456],"tipVelocity":[-85.5532,10.6743,-101.802],"tool":false,"touchDistance":1,"touchZone":"none","type":0,"width":21.5692},{"bases":[[[-0.0259736,-0.963097,-0.267899],[0.935844,0.0707923,-0.34523],[0.351455,-0.259679,0.89947]],[[0.013708,-0.986187,-0.165066],[0.320318,0.160713,-0.933578],[0.947211,-0.0400762,0.318096]],[[0.013708,-0.986187,-0.165066],[-0.7678,0.0953703,-0.633551],[0.640543,0.135423,-0.755887]],[[0.013708,-0.986187,-0.165066],[-0.997951,-0.00317524,-0.0639047],[0.0624979,0.165604,-0.98421]]],"btipPosition":[-6.9994,213.176,13.8503],"carpPosition":[78.0105,197.954,60.2071],"dipPosition":[-5.91071,216.061,-3.29429],"direction":[-0.640543,-0.135423,0.755887],"extended":false,"handId":370,"id":3701,"length":59.9572,"mcpPosition":[51.3642,217.642,-7.98821],"pipPosition":[9.87414,219.398,-21.9216],"stabilizedTipPosition":[1.1438,212.671,15.3889],"timeVisible":0.107294,"tipPosition":[-0.590815,212.757,15.1145],"tipVelocity":[-155.666,15.4859,-77.1739],"tool":false,"touchDistance":0.333333,"touchZone":"none","type":1,"width":20.6029},{"bases":[[[-0.137407,-0.987188,-0.0811098],[0.925469,-0.0987682,-0.36572],[0.353024,-0.125317,0.927184]],[[-0.115991,-0.992926,-0.0253662],[0.281849,-0.00841464,-0.959422],[0.952422,-0.118434,0.280831]],[[-0.115991,-0.992926,-0.0253662],[-0.778896,0.106777,-0.617997],[0.616334,-0.0519246,-0.785771]],[[-0.115991,-0.992926,-0.0253662],[-0.993197,0.116212,-0.00740344],[0.0102989,0.0243349,-0.999651]]],"btipPosition":[-11.1402,202.016,17.1617],"carpPosition":[79.1129,186.146,55.6925],"dipPosition":[-10.9429,202.482,-1.991],"direction":[-0.616333,0.0519246,0.785771],"extended":false,"handId":370,"id":3702,"length":68.3164,"mcpPosition":[53.7306,195.157,-10.9716],"pipPosition":[6.92606,200.977,-24.7723],"stabilizedTipPosition":[-3.48113,200.866,18.0864],"timeVisible":0.107294,"tipPosition":[-3.62693,200.819,18.4439],"tipVelocity":[-227.321,32.0023,-109.282],"tool":false,"touchDistance":0.333333,"touchZone":"none","type":2,"width":20.2348},{"bases":[[[-0.153332,-0.984596,0.0840189],[0.924069,-0.17299,-0.340838],[0.350122,0.0253781,0.93636]],[[-0.146736,-0.983947,0.101571],[0.260608,-0.137509,-0.955602],[0.954228,-0.113751,0.276602]],[[-0.146736,-0.983947,0.101571],[-0.787101,0.053951,-0.61446],[0.599116,-0.17011,-0.782382]],[[-0.146736,-0.983947,0.101571],[-0.988763,0.142933,-0.0437969],[0.028576,-0.106856,-0.993864]]],"btipPosition":[-5.59324,184.107,21.5314],"carpPosition":[77.942,173.724,53.5474],"dipPosition":[-5.04889,182.072,2.59906],"direction":[-0.599116,0.17011,0.782382],"extended":false,"handId":370,"id":3703,"length":65.688,"mcpPosition":[55.3403,172.086,-6.89812],"pipPosition":[11.8723,177.267,-19.4982],"stabilizedTipPosition":[4.2641,181.896,24.7713],"timeVisible":0.107294,"tipPosition":[2.12255,182.582,22.6049],"tipVelocity":[-205.691,32.5835,-81.6042],"tool":false,"touchDistance":0.333333,"touchZone":"none","type":3,"width":19.2547},{"bases":[[[-0.262339,-0.932833,0.246981],[0.916249,-0.321099,-0.239547],[0.302763,0.163454,0.938945]],[[-0.274691,-0.938819,0.207761],[0.298629,-0.288684,-0.90966],[0.913984,-0.187832,0.359657]],[[-0.274691,-0.938819,0.207761],[-0.707351,0.0509432,-0.705024],[0.651306,-0.340623,-0.678068]],[[-0.274691,-0.938819,0.207761],[-0.957831,0.248228,-0.144714],[0.0842885,-0.238752,-0.967416]]],"btipPosition":[5.52335,169.051,17.6424],"carpPosition":[71.0341,161.059,56.1938],"dipPosition":[7.00462,164.855,0.641207],"direction":[-0.651306,0.340623,0.678068],"extended":false,"handId":370,"id":3704,"length":51.4982,"mcpPosition":[52.9419,151.291,0.085539],"pipPosition":[19.9924,158.063,-12.8803],"stabilizedTipPosition":[18.508,164.598,27.9291],"timeVisible":0.107294,"tipPosition":[11.9925,166.896,19.332],"tipVelocity":[-171.891,32.9279,-63.7348],"tool":false,"touchDistance":0.333333,"touchZone":"none","type":4,"width":17.1035}],"r":[[0.998531,0.0524941,-0.0134585],[-0.0521436,0.998322,0.025188],[0.0147581,-0.0244493,0.999592]],"s":0.995302,"t":[-6.61318,5.94971,-9.33893],"timestamp":261636606875},{"currentFrameRate":28.5935,"devices":[],"gestures":[],"hands":[{"armBasis":[[-0.143587,-0.949612,-0.278604],[0.790343,0.059397,-0.609778],[0.595601,-0.307749,0.74199]],"armWidth":67.1986,"confidence":0.568809,"direction":[-0.254397,0.0791275,-0.963857],"elbow":[247.22,87.1178,292.558],"grabAngle":2.70628,"grabStrength":1,"id":370,"palmNormal":[-0.96705,-0.0308925,0.252704],"palmPosition":[53.2269,189.27,14.7247],"palmVelocity":[-105.91,-1.67193,-4.20537],"palmWidth":93.7698,"pinchDistance":34.8196,"pinchStrength":0.75622,"r":[[0.997299,0.0659286,-0.0323798],[-0.0652187,0.997617,0.0225112],[0.0337868,-0.0203386,0.999222]],"s":0.998631,"sphereCenter":[1.08818,185.826,9.72332],"sphereRadius":44.0906,"stabilizedPalmPosition":[62.2518,183.81,24.3074],"t":[-8.86948,6.6529,-10.9055],"timeVisible":0.122581,"type":"right","wrist":[81.4953,172.749,86.1005]}],"id":218946,"interactionBox":{"center":[0,200,0],"size":[235.247,235.247,147.751]},"pointables":[{"bases":[[[0.81925,-0.357872,-0.448059],[0.52389,0.78482,0.331055],[0.233171,-0.50595,0.830449]],[[0.668419,-0.137881,-0.730893],[0.537235,0.769095,0.346225],[0.514388,-0.624085,0.588152]],[[0.668419,-0.137881,-0.730893],[0.317665,0.941456,0.112909],[0.672536,-0.30765,0.673087]],[[0.668419,-0.137881,-0.730893],[0.0533648,0.989025,-0.137774],[0.741868,0.0530867,0.668441]]],"btipPosition":[-5.92937,247.359,5.66201],"carpPosition":[61.6127,205.827,75.2658],"dipPosition":[11.7724,248.626,21.6118],"direction":[-0.672536,0.30765,-0.673087],"extended":true,"handId":370,"id":3700,"length":53.1352,"mcpPosition":[61.6127,205.827,75.2658],"pipPosition":[35.1513,237.931,45.0097],"stabilizedTipPosition":[3.56962,246.21,11.4877],"timeVisible":0.122581,"tipPosition":[-4.02808,246.5,10.4472],"tipVelocity":[-122.807,90.7897,81.8901],"tool":false,"touchDistance":1,"touchZone":"none","type":0,"width":21.5692},{"bases":[[[-0.0330725,-0.968955,-0.245015],[0.918906,0.0669385,-0.388756],[0.393088,-0.238003,0.888165]],[[0.00712116,-0.988152,-0.153314],[0.301105,0.148321,-0.941986],[0.953564,-0.0394556,0.298594]],[[0.00712116,-0.988152,-0.153314],[-0.770565,0.0922929,-0.630644],[0.637322,0.122629,-0.760778]],[[0.00712116,-0.988152,-0.153314],[-0.998802,0.000394083,-0.0489325],[0.0484131,0.153479,-0.986965]]],"btipPosition":[-9.74451,213.118,14.3666],"carpPosition":[78.3754,199.04,58.8435],"dipPosition":[-8.90117,215.791,-2.82597],"direction":[-0.637322,-0.122629,0.760778],"extended":false,"handId":370,"id":3701,"length":59.9572,"mcpPosition":[48.5726,217.085,-8.49467],"pipPosition":[6.80431,218.813,-21.5737],"stabilizedTipPosition":[-2.11992,212.995,13.8701],"timeVisible":0.122581,"tipPosition":[-3.10625,212.645,16.2706],"tipVelocity":[-183.263,-6.98873,33.0527],"tool":false,"touchDistance":0.333333,"touchZone":"none","type":1,"width":20.6029},{"bases":[[[-0.135824,-0.989321,-0.0528805],[0.908493,-0.10308,-0.404988],[0.395212,-0.103049,0.912792]],[[-0.122574,-0.992206,-0.0224232],[0.261499,-0.0104931,-0.965147],[0.957389,-0.124166,0.260747]],[[-0.122574,-0.992206,-0.0224232],[-0.78358,0.110618,-0.611364],[0.60908,-0.0573671,-0.791032]],[[-0.122574,-0.992206,-0.0224232],[-0.992458,0.122579,0.00114593],[0.00161163,0.0223946,-0.999748]]],"btipPosition":[-13.82,201.884,18.192],"carpPosition":[79.3337,187.139,54.5467],"dipPosition":[-13.7892,202.313,-0.962507],"direction":[-0.60908,0.0573671,0.791032],"extended":false,"handId":370,"id":3702,"length":68.3164,"mcpPosition":[50.9182,194.548,-11.0826],"pipPosition":[3.86946,200.65,-23.8964],"stabilizedTipPosition":[-7.14215,201.262,16.5628],"timeVisible":0.122581,"tipPosition":[-6.08635,200.785,19.9635],"tipVelocity":[-177.807,-9.19733,67.3724],"tool":false,"touchDistance":0.333333,"touchZone":"none","type":2,"width":20.2348},{"bases":[[[-0.144282,-0.983098,0.112702],[0.908603,-0.176732,-0.378427],[0.391949,0.047801,0.918744]],[[-0.14431,-0.983101,0.112637],[0.238238,-0.144998,-0.960322],[0.960426,-0.111749,0.255137]],[[-0.14431,-0.983101,0.112637],[-0.793933,0.0470898,-0.606179],[0.590631,-0.176904,-0.787312]],[[-0.14431,-0.983101,0.112637],[-0.989276,0.140743,-0.0390402],[0.0225276,-0.117063,-0.992869]]],"btipPosition":[-8.03137,183.898,22.9523],"carpPosition":[78.1314,174.666,52.733],"dipPosition":[-7.60224,181.668,4.03883],"direction":[-0.590631,0.176904,0.787312],"extended":false,"handId":370,"id":3703,"length":65.688,"mcpPosition":[52.8296,171.581,-6.57539],"pipPosition":[9.0793,176.671,-18.1977],"stabilizedTipPosition":[0.990863,182.295,23.1157],"timeVisible":0.122581,"tipPosition":[0.0168112,182.605,24.3913],"tipVelocity":[-161.224,-16.6385,93.2276],"tool":false,"touchDistance":0.333333,"touchZone":"none","type":3,"width":19.2547},{"bases":[[[-0.246079,-0.928152,0.279247],[0.906135,-0.322566,-0.273625],[0.344041,0.185702,0.920408]],[[-0.255927,-0.933135,0.25251],[0.281147,-0.321766,-0.904115],[0.92491,-0.160395,0.344696]],[[-0.255927,-0.933135,0.25251],[-0.722305,0.0109843,-0.691487],[0.642477,-0.359359,-0.676819]],[[-0.255927,-0.933135,0.25251],[-0.963159,0.223813,-0.149106],[0.082621,-0.281367,-0.956037]]],"btipPosition":[3.24981,168.831,18.8407],"carpPosition":[71.4157,162.035,55.9699],"dipPosition":[4.70177,163.887,2.03948],"direction":[-0.642477,0.359359,0.676819],"extended":false,"handId":370,"id":3704,"length":51.4982,"mcpPosition":[50.8569,150.938,0.969365],"pipPosition":[17.5135,156.721,-11.4571],"stabilizedTipPosition":[16.436,165.028,26.1309],"timeVisible":0.122581,"tipPosition":[10.0418,166.887,21.0449],"tipVelocity":[-149.165,-25.6283,81.3955],"tool":false,"touchDistance":0.333333,"touchZone":"none","type":4,"width":17.1035}],"r":[[0.997299,0.0659286,-0.0323798],[-0.0652187,0.997617,0.0225112],[0.0337868,-0.0203386,0.999222]],"s":0.998631,"t":[-8.86948,6.6529,-10.9055],"timestamp":261636622162},{"currentFrameRate":31.3062,"devices":[],"gestures":[],"hands":[{"armBasis":[[-0.136582,-0.957017,-0.255861],[0.775301,0.0575082,-0.628969],[0.616648,-0.284275,0.734121]],"armWidth":67.1986,"confidence":0.620795,"direction":[-0.281868,0.0535197,-0.957959],"elbow":[253.454,95.7161,289.069],"grabAngle":2.68242,"grabStrength":1,"id":370,"palmNormal":[-0.959172,-0.0399027,0.279995],"palmPosition":[51.4526,189.319,13.8675],"palmVelocity":[-116.061,3.22118,-56.0673],"palmWidth":93.7698,"pinchDistance":36.6874,"pinchStrength":0.713409,"r":[[0.995407,0.0794886,-0.0533444],[-0.0787114,0.996761,0.0165181],[0.0544846,-0.0122434,0.99844]],"s":1.00689,"sphereCenter":[-1.01651,185.671,10.3526],"sphereRadius":44.4074,"stabilizedPalmPosition":[61.4122,184.238,23.4957],"t":[-10.8848,7.02911,-12.1173],"timeVisible":0.137869,"type":"right","wrist":[81.8723,174.815,84.8009]}],"id":218947,"interactionBox":{"center":[0,200,0],"size":[235.247,235.247,147.751]},"pointables":[{"bases":[[[0.812259,-0.355366,-0.462547],[0.520255,0.799957,0.299005],[0.263762,-0.483512,0.834653]],[[0.65145,-0.145344,-0.744639],[0.537945,0.780593,0.318261],[0.535003,-0.607906,0.586705]],[[0.65145,-0.145344,-0.744639],[0.324029,0.940763,0.0998527],[0.686016,-0.306334,0.659956]],[[0.65145,-0.145344,-0.744639],[0.0648245,0.988553,-0.136241],[0.755917,0.0404834,0.653415]]],"btipPosition":[-8.17945,248.316,5.05839],"carpPosition":[61.2269,207.361,73.7727],"dipPosition":[9.85759,249.282,20.6496],"direction":[-0.686016,0.306334,-0.659956],"extended":true,"handId":370,"id":3700,"length":53.1352,"mcpPosition":[61.2269,207.361,73.7727],"pipPosition":[33.705,238.633,43.5911],"stabilizedTipPosition":[2.03866,246.679,10.915],"timeVisible":0.137869,"tipPosition":[-6.47493,245.907,9.76548],"tipVelocity":[-142.136,58.0677,-44.8772],"tool":false,"touchDistance":1,"touchZone":"none","type":0,"width":21.5692},{"bases":[[[-0.0244162,-0.974619,-0.222537],[0.906762,0.0721388,-0.415426],[0.420935,-0.211931,0.881986]],[[0.0154348,-0.990274,-0.138271],[0.28527,0.136901,-0.948619],[0.958323,-0.024803,0.284609]],[[0.0154348,-0.990274,-0.138271],[-0.777826,0.0750035,-0.623988],[0.62829,0.117182,-0.769104]],[[0.0154348,-0.990274,-0.138271],[-0.999382,-0.01091,-0.0334225],[0.0315889,0.138702,-0.98983]]],"btipPosition":[-12.2842,212.313,13.9059],"carpPosition":[77.6398,200.462,57.0467],"dipPosition":[-11.7339,214.729,-3.33657],"direction":[-0.62829,-0.117182,0.769104],"extended":false,"handId":370,"id":3701,"length":59.9572,"mcpPosition":[45.7257,216.53,-9.823],"pipPosition":[3.74895,217.616,-22.2895],"stabilizedTipPosition":[-5.69502,212.95,12.4704],"timeVisible":0.137869,"tipPosition":[-5.58011,211.921,16.0818],"tipVelocity":[-170.533,-56.526,-30.8852],"tool":false,"touchDistance":0.333333,"touchZone":"none","type":1,"width":20.6029},{"bases":[[[-0.121543,-0.992213,-0.0272287],[0.898602,-0.098341,-0.427603],[0.421595,-0.0764397,0.903556]],[[-0.114716,-0.993318,-0.0126287],[0.246844,-0.0161889,-0.96892],[0.962241,-0.114268,0.247052]],[[-0.114716,-0.993318,-0.0126287],[-0.786647,0.0985968,-0.609479],[0.606652,-0.0599827,-0.792702]],[[-0.114716,-0.993318,-0.0126287],[-0.993397,0.114727,-0.000174558],[0.00162224,0.0125253,-0.99992]]],"btipPosition":[-16.5504,201.093,18.0231],"carpPosition":[78.6685,188.483,52.989],"dipPosition":[-16.5193,201.333,-1.13475],"direction":[-0.606652,0.0599827,0.792702],"extended":false,"handId":370,"id":3702,"length":68.3164,"mcpPosition":[48.356,193.979,-11.9762],"pipPosition":[1.0689,199.594,-24.117],"stabilizedTipPosition":[-11.0929,201.214,15.3248],"timeVisible":0.137869,"tipPosition":[-8.51142,200.127,19.9822],"tipVelocity":[-178.593,-54.5552,-11.1003],"tool":false,"touchDistance":0.333333,"touchZone":"none","type":2,"width":20.2348},{"bases":[[[-0.125569,-0.982391,0.138346],[0.900603,-0.171365,-0.399434],[0.416109,0.0744387,0.906263]],[[-0.129063,-0.982983,0.130721],[0.222735,-0.157192,-0.962122],[0.966298,-0.0950583,0.239233]],[[-0.129063,-0.982983,0.130721],[-0.797759,0.0246243,-0.602473],[0.589002,-0.182041,-0.787361]],[[-0.129063,-0.982983,0.130721],[-0.991308,0.124501,-0.0425245],[0.0255259,-0.135073,-0.990507]]],"btipPosition":[-10.3863,183.196,23.1912],"carpPosition":[77.6146,175.956,51.4853],"dipPosition":[-9.90007,180.622,4.32276],"direction":[-0.589002,0.182041,0.787361],"extended":false,"handId":370,"id":3703,"length":65.688,"mcpPosition":[50.7533,171.151,-7.01734],"pipPosition":[6.73544,175.481,-17.9151],"stabilizedTipPosition":[-2.65791,182.395,21.7346],"timeVisible":0.137869,"tipPosition":[-1.96163,182.101,24.724],"tipVelocity":[-153.18,-51.088,16.3063],"tool":false,"touchDistance":0.333333,"touchZone":"none","type":3,"width":19.2547},{"bases":[[[-0.223633,-0.925264,0.30639],[0.90331,-0.314823,-0.291408],[0.366088,0.211597,0.906204]],[[-0.231125,-0.929426,0.287662],[0.272247,-0.345638,-0.898007],[0.934057,-0.129237,0.332919]],[[-0.231125,-0.929426,0.287662],[-0.730503,-0.0295082,-0.682272],[0.642609,-0.367828,-0.672128]],[[-0.231125,-0.929426,0.287662],[-0.968995,0.193357,-0.153822],[0.0873446,-0.314295,-0.945299]]],"btipPosition":[1.29198,168.173,19.047],"carpPosition":[71.1907,163.3,55.1851],"dipPosition":[2.82695,162.65,2.43452],"direction":[-0.642609,0.367828,0.672128],"extended":false,"handId":370,"id":3704,"length":51.4982,"mcpPosition":[49.3145,150.656,1.03337],"pipPosition":[15.6413,155.315,-10.9685],"stabilizedTipPosition":[13.8072,165.361,24.1927],"timeVisible":0.137869,"tipPosition":[8.39622,166.457,21.4845],"tipVelocity":[-126.814,-51.7568,16.3356],"tool":false,"touchDistance":0.333333,"touchZone":"none","type":4,"width":17.1035}],"r":[[0.995407,0.0794886,-0.0533444],[-0.0787114,0.996761,0.0165181],[0.0544846,-0.0122434,0.99844]],"s":1.00689,"t":[-10.8848,7.02911,-12.1173],"timestamp":261636637450},{"currentFrameRate":33.9166,"devices":[],"gestures":[],"hands":[{"armBasis":[[-0.125648,-0.964925,-0.230505],[0.759247,0.0560233,-0.648387],[0.638558,-0.256479,0.725577]],"armWidth":67.1986,"confidence":0.666016,"direction":[-0.325205,0.0292118,-0.945192],"elbow":[260.567,105.456,284.73],"grabAngle":2.66394,"grabStrength":1,"id":370,"palmNormal":[-0.944936,-0.0486947,0.323612],"palmPosition":[49.2953,189.334,12.9473],"palmVelocity":[-147.109,1.02555,-62.7509],"palmWidth":93.7698,"pinchDistance":38.7271,"pinchStrength":0.666636,"r":[[0.992493,0.0930005,-0.0794293],[-0.0926066,0.995665,0.00863706],[0.0798882,-0.00121654,0.996803]],"s":1.01946,"sphereCenter":[-3.48828,185.699,11.8033],"sphereRadius":44.7272,"stabilizedPalmPosition":[60.2592,184.723,22.492],"t":[-12.9711,7.22474,-13.1834],"timeVisible":0.152533,"type":"right","wrist":[82.8895,176.821,82.8389]}],"id":218948,"interactionBox":{"center":[0,200,0],"size":[235.247,235.247,147.751]},"pointables":[{"bases":[[[0.796435,-0.352494,-0.491364],[0.520071,0.813872,0.259111],[0.308573,-0.461909,0.831518]],[[0.622607,-0.153561,-0.767319],[0.544834,0.788915,0.284198