{"frames":189,"data":[{"currentFrameRate":23.784,"devices":[],"gestures":[],"hands":[],"id":219456,"interactionBox":{"center":[0,200,0],"size":[235.247,235.247,147.751]},"pointables":[],"r":[[-0.0794966,-0.728761,-0.680138],[0.446709,0.583909,-0.677865],[0.891141,-0.357712,0.279125]],"s":-5.62558,"t":[894.675,787.691,741.58],"timestamp":261651180872},{"currentFrameRate":23.7906,"devices":[],"gestures":[],"hands":[],"id":219457,"interactionBox":{"center":[0,200,0],"size":[235.247,235.247,147.751]},"pointables":[],"r":[[-0.0794966,-0.728761,-0.680138],[0.446709,0.583909,-0.677865],[0.891141,-0.357712,0.279125]],"s":-5.62558,"t":[894.675,787.691,741.58],"timestamp":261651222855},{"currentFrameRate":23.7851,"devices":[],"gestures":[],"hands":[],"id":219458,"interactionBox":{"center":[0,200,0],"size":[235.247,235.247,147.751]},"pointables":[],"r":[[-0.0794966,-0.728761,-0.680138],[0.446709,0.583909,-0.677865],[0.891141,-0.357712,0.279125]],"s":-5.62558,"t":[894.675,787.691,741.58],"timestamp":261651264940},{"currentFrameRate":23.7796,"devices":[],"gestures":[],"hands":[],"id":219459,"interactionBox":{"center":[0,200,0],"size":[235.247,235.247,147.751]},"pointables":[],"r":[[-0.0794966,-0.728761,-0.680138],[0.446709,0.583909,-0.677865],[0.891141,-0.357712,0.279125]],"s":-5.62558,"t":[894.675,787.691,741.58],"timestamp":261651307034},{"currentFrameRate":23.7923,"devices":[],"gestures":[],"hands":[],"id":219460,"interactionBox":{"center":[0,200,0],"size":[235.247,235.247,147.751]},"pointables":[],"r":[[-0.0794966,-0.728761,-0.680138],[0.446709,0.583909,-0.677865],[0.891141,-0.357712,0.279125]],"s":-5.62558,"t":[894.675,787.691,741.58],"timestamp":261651348969},{"currentFrameRate":23.7946,"devices":[],"gestures":[],"hands":[],"id":219461,"interactionBox":{"center":[0,200,0],"size":[235.247,235.247,147.751]},"pointables":[],"r":[[-0.0794966,-0.728761,-0.680138],[0.446709,0.583909,-0.677865],[0.891141,-0.357712,0.279125]],"s":-5.62558,"t":[894.675,787.691,741.58],"timestamp":261651390978},{"currentFrameRate":23.7912,"devices":[],"gestures":[],"hands":[],"id":219462,"interactionBox":{"center":[0,200,0],"size":[235.247,235.247,147.751]},"pointables":[],"r":[[-0.0794966,-0.728761,-0.680138],[0.446709,0.583909,-0.677865],[0.891141,-0.357712,0.279125]],"s":-5.62558,"t":[894.675,787.691,741.58],"timestamp":261651433036},{"currentFrameRate":23.7822,"devices":[],"gestures":[],"hands":[],"id":219463,"interactionBox":{"center":[0,200,0],"size":[235.247,235.247,147.751]},"pointables":[],"r":[[-0.0794966,-0.728761,-0.680138],[0.446709,0.583909,-0.677865],[0.891141,-0.357712,0.279125]],"s":-5.62558,"t":[894.675,787.691,741.58],"timestamp":261651475152},{"currentFrameRate":19.7182,"devices":[],"gestures":[],"hands":[],"id":219464,"interactionBox":{"center":[0,200,0],"size":[235.247,235.247,147.751]},"pointables":[],"r":[[-0.0794966,-0.728761,-0.680138],[0.446709,0.583909,-0.677865],[0.891141,-0.357712,0.279125]],"s":-5.62558,"t":[894.675,787.691,741.58],"timestamp":261651559180},{"currentFrameRate":20.4906,"devices":[],"gestures":[],"hands":[],"id":219465,"interactionBox":{"center":[0,200,0],"size":[235.247,235.247,147.751]},"pointables":[],"r":[[-0.0794966,-0.728761,-0.680138],[0.446709,0.583909,-0.677865],[0.891141,-0.357712,0.279125]],"s":-5.62558,"t":[894.675,787.691,741.58],"timestamp":261651601214},{"currentFrameRate":21.1207,"devices":[],"gestures":[],"hands":[],"id":219466,"interactionBox":{"center":[0,200,0],"size":[235.247,235.247,147.751]},"pointables":[],"r":[[-0.0794966,-0.728761,-0.680138],[0.446709,0.583909,-0.677865],[0.891141,-0.357712,0.279125]],"s":-5.62558,"t":[894.675,787.691,741.58],"timestamp":261651643202},{"currentFrameRate":21.6255,"devices":[],"gestures":[],"hands":[],"id":219467,"interactionBox":{"center":[0,200,0],"size":[235.247,235.247,147.751]},"pointables":[],"r":[[-0.0794966,-0.728761,-0.680138],[0.446709,0.583909,-0.677865],[0.891141,-0.357712,0.279125]],"s":-5.62558,"t":[894.675,787.691,741.58],"timestamp":261651685251},{"currentFrameRate":22.019,"devices":[],"gestures":[],"hands":[],"id":219468,"interactionBox":{"center":[0,200,0],"size":[235.247,235.247,147.751]},"pointables":[],"r":[[-0.0794966,-0.728761,-0.680138],[0.446709,0.583909,-0.677865],[0.891141,-0.357712,0.279125]],"s":-5.62558,"t":[894.675,787.691,741.58],"timestamp":261651727457},{"currentFrameRate":22.3416,"devices":[],"gestures":[],"hands":[{"armBasis":[[-0.0604237,-0.969935,-0.235743],[0.809839,0.0904314,-0.57964],[0.583532,-0.225938,0.780027]],"armWidth":63.4606,"confidence":0,"direction":[-0.121274,0.19046,-0.974175],"elbow":[233.527,95.4379,321.243],"grabAngle":3.14159,"grabStrength":1,"id":371,"palmNormal":[-0.992292,0.00193177,0.123907],"palmPosition":[58.1842,178.524,41.5742],"palmVelocity":[1.19209e-7,1.19209e-7,1.19209e-7],"palmWidth":90.6196,"pinchDistance":30.7924,"pinchStrength":0.591901,"r":[[1,-6.93889e-19,2.77556e-18],[6.93889e-19,1,5.55112e-18],[-2.77556e-18,-5.55112e-18,1]],"s":1,"sphereCenter":[13.273,180.465,31.2075],"sphereRadius":39.3412,"stabilizedPalmPosition":[58.1842,178.524,41.5742],"t":[0,0,0],"timeVisible":0,"type":"right","wrist":[76.6144,156.193,111.493]}],"id":219469,"interactionBox":{"center":[0,200,0],"size":[235.247,235.247,147.751]},"pointables":[{"bases":[[[0.853615,-0.359594,-0.376874],[0.511603,0.714867,0.476684],[0.0980022,-0.599715,0.79419]],[[0.763775,-0.124233,-0.633415],[0.513075,0.712282,0.478966],[0.391666,-0.690811,0.607764]],[[0.763775,-0.124233,-0.633415],[0.357573,0.898409,0.254955],[0.537392,-0.42122,0.730605]],[[0.763775,-0.124233,-0.633415],[0.142946,0.989492,-0.0217074],[0.629456,-0.0739643,0.773508]]],"btipPosition":[6.85468,238.435,28.9586],"carpPosition":[59.2458,188.064,102.011],"dipPosition":[21.5262,236.711,46.9877],"direction":[-0.537392,0.42122,-0.730605],"extended":true,"handId":371,"id":3710,"length":51.9042,"mcpPosition":[59.2458,188.064,102.011],"pipPosition":[39.7743,222.407,71.7968],"stabilizedTipPosition":[10.2291,238.038,33.1053],"timeVisible":0,"tipPosition":[10.2291,238.038,33.1053],"tipVelocity":[1.19209e-7,1.19209e-7,1.19209e-7],"tool":false,"touchDistance":1,"touchZone":"none","type":0,"width":20.1676},{"bases":[[[-0.0454814,-0.935778,-0.349644],[0.964214,0.0503921,-0.260292],[0.261195,-0.34897,0.899998]],[[-0.0379373,-0.945444,-0.323569],[0.184852,0.311574,-0.932068],[0.982034,-0.0951725,0.162947]],[[-0.0379373,-0.945444,-0.323569],[-0.942871,0.14112,-0.301793],[0.33099,0.293635,-0.896785]],[[-0.0379373,-0.945444,-0.323569],[-0.939008,-0.0770254,0.335157],[-0.341796,0.316549,-0.884857]]],"btipPosition":[13.7642,199.357,51.4297],"carpPosition":[77.0724,182.171,87.7006],"dipPosition":[7.94816,204.744,36.3729],"direction":[-0.33099,-0.293635,0.896785],"extended":false,"handId":371,"id":3711,"length":58.5681,"mcpPosition":[57.9345,207.74,21.7576],"pipPosition":[15.9158,211.812,14.7855],"stabilizedTipPosition":[12.4265,200.596,47.9666],"timeVisible":0,"tipPosition":[12.4265,200.596,47.9666],"tipVelocity":[1.19209e-7,1.19209e-7,1.19209e-7],"tool":false,"touchDistance":0.333333,"touchZone":"none","type":1,"width":19.2641},{"bases":[[[-0.173479,-0.969109,-0.175305],[0.948144,-0.116212,-0.295834],[0.266323,-0.217536,0.939016]],[[-0.165288,-0.975285,-0.146628],[0.109806,0.12955,-0.985474],[0.980114,-0.178988,0.0856788]],[[-0.165288,-0.975285,-0.146628],[-0.956185,0.194896,-0.218463],[0.241641,0.104094,-0.964766]],[[-0.165288,-0.975285,-0.146628],[-0.883411,0.0803091,0.461666],[-0.43848,0.20584,-0.874851]]],"btipPosition":[13.8103,188.016,56.8262],"carpPosition":[78.0021,171.109,82.4896],"dipPosition":[5.60388,191.868,40.453],"direction":[-0.241641,-0.104094,0.964766],"extended":false,"handId":371,"id":3712,"length":66.7337,"mcpPosition":[59.4969,186.224,17.2431],"pipPosition":[12.4473,194.816,13.1302],"stabilizedTipPosition":[11.9228,188.902,53.0604],"timeVisible":0,"tipPosition":[11.9228,188.902,53.0604],"tipVelocity":[1.19209e-7,1.19209e-7,1.19209e-7],"tool":false,"touchDistance":0.333333,"touchZone":"none","type":2,"width":18.9199},{"bases":[[[-0.203375,-0.979022,-0.0124075],[0.941333,-0.192028,-0.277518],[0.269314,-0.0681198,0.96064]],[[-0.202191,-0.979312,-0.00819112],[0.0866832,-0.0095645,-0.99619],[0.975502,-0.20213,0.0868237]],[[-0.202191,-0.979312,-0.00819112],[-0.956153,0.199205,-0.214684],[0.211874,-0.0355751,-0.976649]],[[-0.202191,-0.979312,-0.00819112],[-0.878496,0.177667,0.443484],[-0.432854,0.0968643,-0.896245]]],"btipPosition":[18.5228,171.806,59.1521],"carpPosition":[76.5225,159.383,79.3228],"dipPosition":[10.4683,173.609,42.4748],"direction":[-0.211874,0.0355751,0.976649],"extended":false,"handId":371,"id":3713,"length":64.1662,"mcpPosition":[59.7214,163.633,19.3933],"pipPosition":[16.3137,172.627,15.5298],"stabilizedTipPosition":[16.6703,172.221,55.3163],"timeVisible":0,"tipPosition":[16.6703,172.221,55.3163],"tipVelocity":[1.19209e-7,1.19209e-7,1.19209e-7],"tool":false,"touchDistance":0.333333,"touchZone":"none","type":3,"width":18.0035},{"bases":[[[-0.323559,-0.93505,0.144885],[0.918312,-0.347223,-0.190102],[0.228062,0.0715408,0.971015]],[[-0.339934,-0.937782,0.0707729],[0.150213,-0.12843,-0.980276],[0.928375,-0.322599,0.184525]],[[-0.339934,-0.937782,0.0707729],[-0.880392,0.290862,-0.374579],[0.330688,-0.18964,-0.92449]],[[-0.339934,-0.937782,0.0707729],[-0.881922,0.344008,0.32229],[-0.326585,0.0471413,-0.943992]]],"btipPosition":[22.4185,157.449,51.921],"carpPosition":[69.1171,147.335,80.2809],"dipPosition":[16.8122,158.258,35.7159],"direction":[-0.330688,0.18964,0.92449],"extended":false,"handId":371,"id":3714,"length":50.3051,"mcpPosition":[55.9467,143.204,24.2057],"pipPosition":[23.2537,154.564,17.7076],"stabilizedTipPosition":[21.1291,157.635,48.1939],"timeVisible":0,"tipPosition":[21.1291,157.635,48.1939],"tipVelocity":[1.19209e-7,1.19209e-7,1.19209e-7],"tool":false,"touchDistance":0.333333,"touchZone":"none","type":4,"width":15.9921}],"r":[[1,-6.93889e-19,2.77556e-18],[6.93889e-19,1,5.55112e-18],[-2.77556e-18,-5.55112e-18,1]],"s":1,"t":[0,0,0],"timestamp":261651769624},{"currentFrameRate":22.644,"devices":[],"gestures":[],"hands":[{"armBasis":[[-0.137528,-0.941653,-0.307207],[0.774792,0.0909525,-0.62564],[0.617077,-0.324065,0.717076]],"armWidth":65.7331,"confidence":0.216511,"direction":[-0.173719,0.177135,-0.968734],"elbow":[238.891,73.9309,296.918],"grabAngle":3.14159,"grabStrength":1,"id":371,"palmNormal":[-0.984452,-0.00524902,0.175578],"palmPosition":[50.7558,183.639,35.2768],"palmVelocity":[-177.883,122.476,-150.799],"palmWidth":90.6196,"pinchDistance":26.1614,"pinchStrength":0.729598,"r":[[0.999944,0.00176132,-0.0104575],[-0.0017867,0.999995,-0.00241764],[0.0104532,0.00243619,0.999942]],"s":0.983404,"sphereCenter":[6.20163,182.622,26.538],"sphereRadius":38.7724,"stabilizedPalmPosition":[56.4487,179.719,40.1029],"t":[-3.7142,2.5573,-3.14868],"timeVisible":0.04176,"type":"right","wrist":[72.9584,161.072,104.096]}],"id":219470,"interactionBox":{"center":[0,200,0],"size":[235.247,235.247,147.751]},"pointables":[{"bases":[[[0.836153,-0.356769,-0.41661],[0.528994,0.725274,0.440616],[0.144958,-0.588807,0.795169]],[[0.72997,-0.124095,-0.67212],[0.518041,0.741929,0.425645],[0.445845,-0.658894,0.605872]],[[0.72997,-0.124095,-0.67212],[0.325378,0.927891,0.182064],[0.60106,-0.351594,0.71771]],[[0.72997,-0.124095,-0.67212],[0.0652511,0.991541,-0.112204],[0.680358,0.0380487,0.731892]]],"btipPosition":[-2.36578,237.392,25.2634],"carpPosition":[54.8784,193.946,95.4562],"dipPosition":[12.9724,238.25,41.7634],"direction":[-0.60106,0.351594,-0.71771],"extended":false,"handId":371,"id":3710,"length":50.2028,"mcpPosition":[54.8784,193.946,95.4562],"pipPosition":[32.7135,226.702,65.3356],"stabilizedTipPosition":[7.47854,237.902,31.8776],"timeVisible":0.04176,"tipPosition":[1.66845,241.216,28.7334],"tipVelocity":[-217.125,-10.739,-96.9089],"tool":false,"touchDistance":1,"touchZone":"none","type":0,"width":21.2068},{"bases":[[[-0.0548144,-0.94046,-0.335456],[0.948804,0.0556066,-0.310931],[0.311072,-0.335326,0.889264]],[[-0.0469434,-0.948626,-0.312898],[0.132158,0.304592,-0.94327],[0.990116,-0.0856323,0.11107]],[[-0.0469434,-0.948626,-0.312898],[-0.931377,0.154779,-0.329516],[0.361017,0.275958,-0.890794]],[[-0.0469434,-0.948626,-0.312898],[-0.951503,-0.0528772,0.303062],[-0.304037,0.311951,-0.900138]]],"btipPosition":[4.81921,204.584,46.1072],"carpPosition":[71.989,188.031,80.3053],"dipPosition":[-0.184717,209.719,31.2925],"direction":[-0.361017,-0.275958,0.890794],"extended":false,"handId":371,"id":3711,"length":56.6483,"mcpPosition":[49.1968,212.6,15.1488],"pipPosition":[8.22082,216.144,10.5522],"stabilizedTipPosition":[9.41986,202.371,46.1586],"timeVisible":0.04176,"tipPosition":[5.00867,205.43,43.6577],"tipVelocity":[-209.727,123.785,-126.12],"tool":false,"touchDistance":0.333333,"touchZone":"none","type":1,"width":20.2568},{"bases":[[[-0.173223,-0.972725,-0.154275],[0.932477,-0.111565,-0.343569],[0.316986,-0.203372,0.926369]],[[-0.180719,-0.967608,-0.176282],[0.0830759,0.163575,-0.983027],[0.98002,-0.192297,0.0508238]],[[-0.180719,-0.967608,-0.176282],[-0.943379,0.221225,-0.247173],[0.278165,0.121632,-0.952801]],[[-0.180719,-0.967608,-0.176282],[-0.898912,0.0897623,0.428835],[-0.399121,0.235961,-0.886016]]],"btipPosition":[4.82704,192.369,50.5975],"carpPosition":[72.7501,176.913,75.187],"dipPosition":[-2.39786,196.64,34.5588],"direction":[-0.278165,-0.121632,0.952801],"extended":false,"handId":371,"id":3712,"length":64.5462,"mcpPosition":[50.7247,191.044,10.8191],"pipPosition":[5.22172,199.972,8.45936],"stabilizedTipPosition":[9.36934,190.199,51.2667],"timeVisible":0.04176,"tipPosition":[4.7362,193.684,48.6748],"tipVelocity":[-209.71,106.552,-147.313],"tool":false,"touchDistance":0.333333,"touchZone":"none","type":2,"width":19.8948},{"bases":[[[-0.194486,-0.980854,0.0100711],[0.927348,-0.187203,-0.324008],[0.319689,-0.0536754,0.946001]],[[-0.205775,-0.978312,-0.0237092],[0.0540604,0.0128265,-0.998455],[0.977105,-0.206739,0.0502486]],[[-0.205775,-0.978312,-0.0237092],[-0.941462,0.204519,-0.267994],[0.26703,-0.0328251,-0.963129]],[[-0.205775,-0.978312,-0.0237092],[-0.901572,0.180101,0.393361],[-0.380559,0.102319,-0.919079]]],"btipPosition":[8.94437,176.417,53.3073],"carpPosition":[71.2183,165.136,72.2437],"dipPosition":[2.09507,178.258,36.7657],"direction":[-0.26703,0.0328251,0.963129],"extended":false,"handId":371,"id":3713,"length":62.0629,"mcpPosition":[51.2745,168.484,13.2274],"pipPosition":[9.22074,177.382,11.0648],"stabilizedTipPosition":[13.4926,173.799,53.3301],"timeVisible":0.04176,"tipPosition":[9.56327,177.086,50.9151],"tipVelocity":[-222.731,110.612,-139.213],"tool":false,"touchDistance":0.333333,"touchZone":"none","type":3,"width":18.9312},{"bases":[[[-0.306711,-0.935969,0.172889],[0.910385,-0.341485,-0.233638],[0.277717,0.0857359,0.956829]],[[-0.319866,-0.939033,0.126109],[0.108705,-0.168595,-0.979673],[0.941206,-0.299655,0.156006]],[[-0.319866,-0.939033,0.126109],[-0.873558,0.240755,-0.423006],[0.366855,-0.245468,-0.897309]],[[-0.319866,-0.939033,0.126109],[-0.906486,0.342029,0.247585],[-0.275623,-0.0351218,-0.960624]]],"btipPosition":[13.5554,163.499,46.0194],"carpPosition":[63.9871,153.036,73.7331],"dipPosition":[8.97901,162.916,30.0693],"direction":[-0.366855,0.245468,0.897309],"extended":false,"handId":371,"id":3714,"length":48.6562,"mcpPosition":[47.9492,148.085,18.4771],"pipPosition":[15.8908,158.291,13.1634],"stabilizedTipPosition":[18.208,159.576,46.2153],"timeVisible":0.04176,"tipPosition":[14.0124,162.644,43.804],"tipVelocity":[-206.567,137.212,-139.919],"tool":false,"touchDistance":0.333333,"touchZone":"none","type":4,"width":16.8162}],"r":[[0.999944,0.00176132,-0.0104575],[-0.0017867,0.999995,-0.00241764],[0.0104532,0.00243619,0.999942]],"s":0.983404,"t":[-3.7142,2.5573,-3.14868],"timestamp":261651811384},{"currentFrameRate":23.8244,"devices":[],"gestures":[],"hands":[{"armBasis":[[-0.148719,-0.923819,-0.352761],[0.758897,0.122087,-0.639665],[0.634002,-0.362839,0.682927]],"armWidth":65.7331,"confidence":0.374057,"direction":[-0.209903,0.167151,-0.963328],"elbow":[239.733,67.8277,282.657],"grabAngle":3.14159,"grabStrength":1,"id":371,"palmNormal":[-0.977647,-0.0481401,0.204669],"palmPosition":[44.2284,187.578,31.0046],"palmVelocity":[-198.608,119.872,-129.99],"palmWidth":90.6196,"pinchDistance":26.4758,"pinchStrength":0.744193,"r":[[0.999622,0.0119425,-0.0247528],[-0.0120578,0.999917,-0.00451417],[0.0246968,0.00481092,0.999683]],"s":0.972176,"sphereCenter":[-0.693073,185.295,23.647],"sphereRadius":38.7585,"stabilizedPalmPosition":[52.1939,182.456,36.9351],"t":[-8.83502,5.80581,-6.85915],"timeVisible":0.074626,"type":"right","wrist":[69.2494,165.396,99.0177]}],"id":219471,"interactionBox":{"center":[0,200,0],"size":[235.247,235.247,147.751]},"pointables":[{"bases":[[[0.838369,-0.320588,-0.440862],[0.509345,0.748821,0.42407],[0.194175,-0.580078,0.791079]],[[0.720569,-0.101701,-0.685885],[0.506832,0.752299,0.420913],[0.473183,-0.650925,0.593628]],[[0.720569,-0.101701,-0.685885],[0.294429,0.940455,0.169871],[0.627767,-0.324348,0.707606]],[[0.720569,-0.101701,-0.685885],[0.00638381,0.990116,-0.140104],[0.693354,0.0965763,0.714096]]],"btipPosition":[-10.1034,239.028,22.1746],"carpPosition":[49.67,198.192,91.0257],"dipPosition":[5.52774,241.205,38.2734],"direction":[-0.627767,0.324348,-0.707606],"extended":true,"handId":371,"id":3710,"length":50.2028,"mcpPosition":[49.67,198.192,91.0257],"pipPosition":[26.146,230.552,61.5138],"stabilizedTipPosition":[0.941732,238.662,29.0734],"timeVisible":0.074626,"tipPosition":[-7.4287,242.626,25.8653],"tipVelocity":[-233.38,58.9947,-96.7878],"tool":false,"touchDistance":1,"touchZone":"none","type":0,"width":21.2068},{"bases":[[[-0.0232518,-0.94271,-0.332801],[0.935832,0.0965778,-0.338955],[0.351678,-0.319327,0.879973]],[[-0.00279904,-0.959657,-0.281161],[0.104479,0.279343,-0.95449],[0.994523,-0.0320471,0.0994821]],[[-0.00279904,-0.959657,-0.281161],[-0.939037,0.0991876,-0.329198],[0.343805,0.263099,-0.901431]],[[-0.00279904,-0.959657,-0.281161],[-0.943389,-0.0907213,0.319041],[-0.331677,0.266137,-0.905075]]],"btipPosition":[-2.90251,207.218,42.6713],"carpPosition":[66.5692,193.001,75.3801],"dipPosition":[-8.36134,211.598,27.7753],"direction":[-0.343805,-0.263099,0.901431],"extended":false,"handId":371,"id":3711,"length":56.6483,"mcpPosition":[40.8018,216.398,10.9044],"pipPosition":[-0.356557,217.724,6.78732],"stabilizedTipPosition":[2.66914,205.282,42.7213],"timeVisible":0.074626,"tipPosition":[-2.29528,207.412,40.6211],"tipVelocity":[-238.129,74.8578,-105.114],"tool":false,"touchDistance":0.333333,"touchZone":"none","type":1,"width":20.2568},{"bases":[[[-0.134719,-0.979744,-0.148161],[0.925923,-0.0712232,-0.370938],[0.352871,-0.187158,0.916763]],[[-0.143078,-0.975013,-0.169937],[0.0712075,0.161117,-0.984363],[0.987146,-0.152942,0.0463759]],[[-0.143078,-0.975013,-0.169937],[-0.951725,0.182657,-0.246691],[0.271567,0.126437,-0.954078]],[[-0.143078,-0.975013,-0.169937],[-0.89941,0.0564378,0.433447],[-0.413025,0.21486,-0.885012]]],"btipPosition":[-2.64763,194.668,46.5532],"carpPosition":[67.6674,181.915,70.2519],"dipPosition":[-10.1242,198.558,30.5327],"direction":[-0.271567,-0.126437,0.954078],"extended":false,"handId":371,"id":3712,"length":64.5462,"mcpPosition":[43.1485,194.92,6.55159],"pipPosition":[-2.68537,202.021,4.39833],"stabilizedTipPosition":[3.6949,192.415,47.7975],"timeVisible":0.074626,"tipPosition":[-2.02607,195.614,45.4691],"tipVelocity":[-229.19,67.2891,-122.925],"tool":false,"touchDistance":0.333333,"touchZone":"none","type":2,"width":19.8948},{"bases":[[[-0.150737,-0.988432,0.01675],[0.924708,-0.146969,-0.351162],[0.349561,-0.0374441,0.936165]],[[-0.167373,-0.985488,-0.0282907],[0.0541747,0.0194588,-0.998342],[0.984404,-0.168628,0.0501317]],[[-0.167373,-0.985488,-0.0282907],[-0.948528,0.168788,-0.267965],[0.268851,-0.0180155,-0.963013]],[[-0.167373,-0.985488,-0.0282907],[-0.909667,0.143305,0.389832],[-0.38012,0.0909824,-0.920451]]],"btipPosition":[2.06103,178.513,49.0703],"carpPosition":[66.5691,170.076,67.3664],"dipPosition":[-4.78037,180.15,32.504],"direction":[-0.268851,0.0180155,0.963013],"extended":false,"handId":371,"id":3713,"length":62.0629,"mcpPosition":[44.7618,172.412,8.96372],"pipPosition":[2.39388,179.67,6.8061],"stabilizedTipPosition":[8.31657,175.825,50.1182],"timeVisible":0.074626,"tipPosition":[3.49186,179.217,47.5891],"tipVelocity":[-209.381,62.3569,-129.092],"tool":false,"touchDistance":0.333333,"touchZone":"none","type":3,"width":18.9312},{"bases":[[[-0.259968,-0.948161,0.182779],[0.917232,-0.301644,-0.260185],[0.301831,0.100011,0.948101]],[[-0.276473,-0.952275,0.129365],[0.121086,-0.168057,-0.978312],[0.953363,-0.254812,0.16177]],[[-0.276473,-0.952275,0.129365],[-0.88027,0.196925,-0.431678],[0.385601,-0.233223,-0.892703]],[[-0.276473,-0.952275,0.129365],[-0.923224,0.300563,0.239415],[-0.266871,-0.0532408,-0.96226]]],"btipPosition":[7.18797,165.855,41.6151],"carpPosition":[59.9247,157.673,69.0808],"dipPosition":[2.75686,164.971,25.6378],"direction":[-0.385601,0.233223,0.892703],"extended":false,"handId":371,"id":3714,"length":48.6562,"mcpPosition":[42.4943,151.898,14.3287],"pipPosition":[10.0218,160.577,8.81868],"stabilizedTipPosition":[13.8668,161.767,43.2314],"timeVisible":0.074626,"tipPosition":[8.45831,165.072,40.3665],"tipVelocity":[-192.723,69.5746,-134.197],"tool":false,"touchDistance":0.333333,"touchZone":"none","type":4,"width":16.8162}],"r":[[0.999622,0.0119425,-0.0247528],[-0.0120578,0.999917,-0.00451417],[0.0246968,0.00481092,0.999683]],"s":0.972176,"t":[-8.83502,5.80581,-6.85915],"timestamp":261651844250},{"currentFrameRate":25.5098,"devices":[],"gestures":[],"hands":[{"armBasis":[[-0.176761,-0.921188,-0.346653],[0.751849,0.100923,-0.651565],[0.635199,-0.375802,0.674755]],"armWidth":65.7331,"confidence":0.488953,"direction":[-0.264224,0.153672,-0.95214],"elbow":[237.525,66.5122,276.1],"grabAngle":3.12648,"grabStrength":1,"id":371,"palmNormal":[-0.964451,-0.0375078,0.261587],"palmPosition":[38.3839,189.058,27.6709],"palmVelocity":[-217.51,55.0551,-124.065],"palmWidth":90.6196,"pinchDistance":27.6921,"pinchStrength":0.728788,"r":[[0.998687,0.0184604,-0.0477959],[-0.0189181,0.999779,-0.00914244],[0.0476165,0.0100346,0.998815]],"s":0.966207,"sphereCenter":[-6.98809,187.894,23.037],"sphereRadius":38.7902,"stabilizedPalmPosition":[46.8668,185.002,33.3615],"t":[-14.3177,8.16972,-10.3812],"timeVisible":0.101496,"type":"right","wrist":[66.7194,167.566,94.6577]}],"id":219472,"interactionBox":{"center":[0,200,0],"size":[235.247,235.247,147.751]},"pointables":[{"bases":[[[0.809267,-0.333797,-0.483391],[0.538043,0.751463,0.381855],[0.235788,-0.569108,0.787731]],[[0.682139,-0.122051,-0.720964],[0.544108,0.743411,0.388956],[0.488501,-0.657604,0.573519]],[[0.682139,-0.122051,-0.720964],[0.322612,0.935055,0.146945],[0.656207,-0.332829,0.677213]],[[0.682139,-0.122051,-0.720964],[0.00678752,0.986986,-0.160663],[0.731191,0.104701,0.67409]]],"btipPosition":[-14.9585,241.829,21.148],"carpPosition":[47.3635,200.566,87.0992],"dipPosition":[1.52572,244.19,36.3449],"direction":[-0.656207,0.332829,-0.677213],"extended":true,"handId":371,"id":3710,"length":50.2028,"mcpPosition":[47.3635,200.566,87.0992],"pipPosition":[23.078,233.258,58.5871],"stabilizedTipPosition":[-5.46294,240.624,26.7302],"timeVisible":0.101496,"tipPosition":[-12.9334,244.22,24.6442],"tipVelocity":[-173.384,105.827,-45.9279],"tool":false,"touchDistance":1,"touchZone":"none","type":0,"width":21.2068},{"bases":[[[-0.0487859,-0.94759,-0.315741],[0.915254,0.0841581,-0.39399],[0.399913,-0.308204,0.86318]],[[-0.0174704,-0.968728,-0.247509],[0.0495744,0.246403,-0.967899],[0.998618,-0.0291797,0.0437193]],[[-0.0174704,-0.968728,-0.247509],[-0.947514,0.0950786,-0.305249],[0.319236,0.229186,-0.919545]],[[-0.0174704,-0.968728,-0.247509],[-0.930533,-0.0748109,0.358485],[-0.36579,0.236578,-0.900127]]],"btipPosition":[-8.74879,209.563,41.7578],"carpPosition":[63.2931,195.003,70.5882],"dipPosition":[-14.7691,213.456,26.9433],"direction":[-0.319236,-0.229186,0.919545],"extended":false,"handId":371,"id":3711,"length":56.6483,"mcpPosition":[33.9914,217.585,7.34289],"pipPosition":[-7.33632,218.792,5.53357],"stabilizedTipPosition":[-5.06072,208.407,40.0823],"timeVisible":0.101496,"tipPosition":[-7.52491,209.452,39.5696],"tipVelocity":[-222.382,83.087,-33.2977],"tool":false,"touchDistance":0.333333,"touchZone":"none","type":1,"width":20.2568},{"bases":[[[-0.149616,-0.980888,-0.124396],[0.902387,-0.0840419,-0.422651],[0.404119,-0.175489,0.897715]],[[-0.158195,-0.976925,-0.1435],[0.0265076,0.141076,-0.989644],[0.987052,-0.160361,0.00357839]],[[-0.158195,-0.976925,-0.1435],[-0.953015,0.189086,-0.23666],[0.258333,0.0993197,-0.960937]],[[-0.158195,-0.976925,-0.1435],[-0.889018,0.0776784,0.451235],[-0.429676,0.198958,-0.880792]]],"btipPosition":[-9.18922,197.148,45.3069],"carpPosition":[64.0184,183.831,65.5835],"dipPosition":[-16.9672,200.749,29.3628],"direction":[-0.258333,-0.0993197,0.960937],"extended":false,"handId":371,"id":3712,"length":64.5462,"mcpPosition":[35.9386,196.024,3.20669],"pipPosition":[-9.89089,203.47,3.04055],"stabilizedTipPosition":[-4.55794,195.543,44.3341],"timeVisible":0.101496,"tipPosition":[-7.33495,197.702,44.3331],"tipVelocity":[-246.033,89.8157,-45.7283],"tool":false,"touchDistance":0.333333,"touchZone":"none","type":2,"width":19.8948},{"bases":[[[-0.156113,-0.986876,0.0412831],[0.901814,-0.159459,-0.401626],[0.402938,-0.0254696,0.914873]],[[-0.177824,-0.984025,-0.00859737],[0.00908177,0.00709519,-0.999934],[0.98402,-0.17789,0.00767499]],[[-0.177824,-0.984025,-0.00859737],[-0.952293,0.174278,-0.25053],[0.248026,-0.0363629,-0.968071]],[[-0.177824,-0.984025,-0.00859737],[-0.89818,0.158729,0.409973],[-0.402059,0.080625,-0.912057]]],"btipPosition":[-4.1952,180.721,47.7999],"carpPosition":[62.6758,171.956,62.9565],"dipPosition":[-11.4315,182.172,31.3847],"direction":[-0.248026,0.0363629,0.968071],"extended":false,"handId":371,"id":3713,"length":62.0629,"mcpPosition":[37.5385,173.545,5.88214],"pipPosition":[-4.81292,181.202,5.55182],"stabilizedTipPosition":[0.734597,178.622,46.859],"timeVisible":0.101496,"tipPosition":[-1.78624,181.247,46.4698],"tipVelocity":[-236.213,80.5736,-45.9865],"tool":false,"touchDistance":0.333333,"touchZone":"none","type":3,"width":18.9312},{"bases":[[[-0.255274,-0.943187,0.212681],[0.898587,-0.312632,-0.307901],[0.356899,0.112513,0.927342]],[[-0.276861,-0.948341,0.154914],[0.0699933,-0.18069,-0.981046],[0.958357,-0.260771,0.116404]],[[-0.276861,-0.948341,0.154914],[-0.889268,0.191785,-0.415237],[0.364076,-0.252723,-0.896426]],[[-0.276861,-0.948341,0.154914],[-0.91795,0.308689,0.249157],[-0.284105,-0.0732211,-0.955993]]],"btipPosition":[0.663788,167.995,40.4952],"carpPosition":[56.0591,159.633,65.2507],"dipPosition":[-4.05348,166.779,24.622],"direction":[-0.364076,0.252723,0.896426],"extended":false,"handId":371,"id":3714,"length":48.6562,"mcpPosition":[35.4485,153.135,11.6975],"pipPosition":[2.80595,162.017,7.7327],"stabilizedTipPosition":[6.48279,164.841,39.9306],"timeVisible":0.101496,"tipPosition":[2.81842,167.026,39.2596],"tipVelocity":[-245.255,76.7829,-40.7877],"tool":false,"touchDistance":0.333333,"touchZone":"none","type":4,"width":16.8162}],"r":[[0.998687,0.0184604,-0.0477959],[-0.0189181,0.999779,-0.00914244],[0.0476165,0.0100346,0.998815]],"s":0.966207,"t":[-14.3177,8.16972,-10.3812],"timestamp":261651871120},{"currentFrameRate":27.5982,"devices":[],"gestures":[],"hands":[{"armBasis":[[-0.2029,-0.917146,-0.343037],[0.753861,0.0772662,-0.652475],[0.62492,-0.39099,0.675723]],"armWidth":65.7331,"confidence":0.571823,"direction":[-0.287367,0.136565,-0.948035],"elbow":[232.211,64.7381,274.488],"grabAngle":3.08897,"grabStrength":1,"id":371,"palmNormal":[-0.957663,-0.0229811,0.286975],"palmPosition":[34.5887,190.503,26.0324],"palmVelocity":[-173.035,65.87,-74.7075],"palmWidth":90.6196,"pinchDistance":30.3649,"pinchStrength":0.679913,"r":[[0.997214,0.0214863,-0.0714325],[-0.0227395,0.999601,-0.0167774],[0.0710435,0.018355,0.997304]],"s":0.967827,"sphereCenter":[-10.9821,191.385,22.6597],"sphereRadius":38.8901,"stabilizedPalmPosition":[42.0924,187.141,30.5115],"t":[-18.9566,10.074,-12.9615],"timeVisible":0.123429,"type":"right","wrist":[64.1697,169.876,92.7849]}],"id":219473,"interactionBox":{"center":[0,200,0],"size":[235.247,235.247,147.751]},"pointables":[{"bases":[[[0.793481,-0.351317,-0.496955],[0.554436,0.75402,0.352214],[0.250975,-0.555005,0.793083]],[[0.672097,-0.156087,-0.723825],[0.573364,0.728266,0.375343],[0.468551,-0.667282,0.57896]],[[0.672097,-0.156087,-0.723825],[0.367389,0.919015,0.142955],[0.642893,-0.362005,0.675012]],[[0.672097,-0.156087,-0.723825],[0.0343441,0.983049,-0.180097],[0.739666,0.0961837,0.666065]]],"btipPosition":[-15.8796,246.039,18.99],"carpPosition":[45.2043,203.144,84.9585],"dipPosition":[0.795646,248.207,34.0059],"direction":[-0.642893,0.362005,-0.675012],"extended":true,"handId":371,"id":3710,"length":50.2028,"mcpPosition":[45.2043,203.144,84.9585],"pipPosition":[21.9106,236.318,56.1759],"stabilizedTipPosition":[-8.59662,243.44,24.6892],"timeVisible":0.123429,"tipPosition":[-15.4506,246.166,23.0317],"tipVelocity":[-39.9948,189.92,-100.287],"tool":false,"touchDistance":1,"touchZone":"none","type":0,"width":21.2068},{"bases":[[[-0.0654063,-0.953375,-0.294614],[0.905478,0.067364,-0.419013],[0.419323,-0.294173,0.858854]],[[-0.0196345,-0.979615,-0.199921],[0.0332754,0.199208,-0.979392],[0.999253,-0.0258823,0.0286857]],[[-0.0196345,-0.979615,-0.199921],[-0.951318,0.0798216,-0.297697],[0.307586,0.184343,-0.933493]],[[-0.0196345,-0.979615,-0.199921],[-0.928961,-0.0560556,0.365908],[-0.369656,0.192903,-0.908924]]],"btipPosition":[-12.5042,212.25,40.7416],"carpPosition":[60.6514,197.092,68.1633],"dipPosition":[-18.5881,215.425,25.7823],"direction":[-0.307586,-0.184343,0.933492],"extended":false,"handId":371,"id":3711,"length":56.6483,"mcpPosition":[29.9275,218.646,5.235],"pipPosition":[-11.4265,219.717,4.04784],"stabilizedTipPosition":[-10.4072,211.172,38.4007],"timeVisible":0.123429,"tipPosition":[-10.9419,211.63,38.6211],"tipVelocity":[-171.887,115,-47.85],"tool":false,"touchDistance":0.333333,"touchZone":"none","type":1,"width":20.2568},{"bases":[[[-0.16155,-0.981775,-0.100094],[0.890371,-0.10126,-0.443831],[0.425607,-0.160822,0.890503]],[[-0.159847,-0.982411,-0.0965324],[0.019372,0.0946491,-0.995322],[0.986952,-0.160969,0.00390183]],[[-0.159847,-0.982411,-0.0965324],[-0.948019,0.180034,-0.262389],[0.275153,0.0495724,-0.960122]],[[-0.159847,-0.982411,-0.0965324],[-0.895194,0.10305,0.4336],[-0.416025,0.155725,-0.89592]]],"btipPosition":[-14.2568,200.285,43.8361],"carpPosition":[61.147,185.813,63.3751],"dipPosition":[-21.7877,203.104,27.6182],"direction":[-0.275153,-0.0495724,0.960122],"extended":false,"handId":371,"id":3712,"length":64.5462,"mcpPosition":[31.5741,196.988,1.49938],"pipPosition":[-14.2507,204.462,1.31822],"stabilizedTipPosition":[-11.6048,198.866,41.7276],"timeVisible":0.123429,"tipPosition":[-11.2819,200.048,43.2297],"tipVelocity":[-228.459,134.811,-69.9312],"tool":false,"touchDistance":0.333333,"touchZone":"none","type":2,"width":19.8948},{"bases":[[[-0.163815,-0.984295,0.0657865],[0.889667,-0.17622,-0.421235],[0.426212,-0.0104764,0.904563]],[[-0.179312,-0.983251,0.0326195],[0.00463758,-0.0340013,-0.999411],[0.983781,-0.179055,0.0106567]],[[-0.179312,-0.983251,0.0326195],[-0.948362,0.163941,-0.271538],[0.261643,-0.0796251,-0.961875]],[[-0.179312,-0.983251,0.0326195],[-0.905789,0.177943,0.384554],[-0.383918,0.0394088,-0.922526]]],"btipPosition":[-9.3717,183.676,46.4122],"carpPosition":[59.6308,173.901,61.0308],"dipPosition":[-16.2815,184.385,29.8086],"direction":[-0.261643,0.0796251,0.961875],"extended":false,"handId":371,"id":3713,"length":62.0629,"mcpPosition":[33.0415,174.554,4.59971],"pipPosition":[-9.29955,182.26,4.14106],"stabilizedTipPosition":[-6.25321,181.739,44.3104],"timeVisible":0.123429,"tipPosition":[-5.88075,183.508,45.5842],"tipVelocity":[-232.59,126.96,-65.2451],"tool":false,"touchDistance":0.333333,"touchZone":"none","type":3,"width":18.9312},{"bases":[[[-0.258116,-0.936154,0.238727],[0.887494,-0.327397,-0.324293],[0.381747,0.128164,0.915338]],[[-0.288522,-0.943507,0.162939],[0.0612571,-0.188017,-0.980254],[0.955512,-0.272844,0.112044]],[[-0.288522,-0.943507,0.162939],[-0.881821,0.19555,-0.42913],[0.373025,-0.267496,-0.888425]],[[-0.288522,-0.943507,0.162939],[-0.918871,0.320685,0.229865],[-0.269131,-0.0833986,-0.959486]]],"btipPosition":[-4.18487,170.007,39.7434],"carpPosition":[52.9657,161.69,63.7499],"dipPosition":[-8.6535,168.622,23.8121],"direction":[-0.373025,0.267496,0.888425],"extended":false,"handId":371,"id":3714,"length":48.6562,"mcpPosition":[30.9202,154.289,10.8899],"pipPosition":[-1.62546,163.582,7.07361],"stabilizedTipPosition":[-0.202571,167.612,37.729],"timeVisible":0.123429,"tipPosition":[-1.18905,169.099,38.7664],"tipVelocity":[-218.459,89.9603,-34.8876],"tool":false,"touchDistance":0.333333,"touchZone":"none","type":4,"width":16.8162}],"r":[[0.997214,0.0214863,-0.0714325],[-0.0227395,0.999601,-0.0167774],[0.0710435,0.018355,0.997304]],"s":0.967827,"t":[-18.9566,10.074,-12.9615],"timestamp":261651893053},{"currentFrameRate":29.4726,"devices":[],"gestures":[],"hands":[{"armBasis":[[-0.216928,-0.911989,-0.348164],[0.758738,0.0668894,-0.647952],[0.614214,-0.404724,0.677451]],"armWidth":65.7331,"confidence":0.64438,"direction":[-0.352819,0.104205,-0.929871],"elbow":[229.968,63.1712,272.504],"grabAngle":3.02468,"grabStrength":1,"id":371,"palmNormal":[-0.935675,-0.0332777,0.351291],"palmPosition":[31.1452,190.642,24.8794],"palmVelocity":[-157.197,6.36199,-52.6321],"palmWidth":90.6196,"pinchDistance":31.7461,"pinchStrength":0.657562,"r":[[0.994222,0.0271871,-0.103848],[-0.0302336,0.999154,-0.0278755],[0.103002,0.0308541,0.994203]],"s":0.971561,"sphereCenter":[-14.9114,190.956,24.633],"sphereRadius":39.157,"stabilizedPalmPosition":[37.3182,188.668,28.0553],"t":[-22.9978,11.0959,-14.8281],"timeVisible":0.145335,"type":"right","wrist":[64.8057,172.002,90.3372]}],"id":219474,"interactionBox":{"center":[0,200,0],"size":[235.247,235.247,147.751]},"pointables":[{"bases":[[[0.765768,-0.349884,-0.539612],[0.560696,0.774179,0.293711],[0.314991,-0.527473,0.78902]],[[0.626607,-0.16484,-0.761703],[0.586242,0.743687,0.321325],[0.513501,-0.647887,0.562636]],[[0.626607,-0.16484,-0.761703],[0.368538,0.923862,0.103241],[0.68669,-0.345408,0.639648]],[[0.626607,-0.16484,-0.761703],[0.0233338,0.980905,-0.193082],[0.778986,0.103213,0.618489]]],"btipPosition":[-20.242,246.37,19.6735],"carpPosition":[45.4015,205.143,82.5964],"dipPosition":[-2.68033,248.697,33.6169],"direction":[-0.68669,0.345408,-0.639648],"extended":true,"handId":371,"id":3710,"length":50.2028,"mcpPosition":[45.4015,205.143,82.5964],"pipPosition":[19.8731,237.353,54.6254],"stabilizedTipPosition":[-12.8468,245.376,23.6785],"timeVisible":0.145335,"tipPosition":[-19.8023,245.372,23.6824],"tipVelocity":[-189.835,16.7893,19.9427],"tool":false,"touchDistance":1,"touchZone":"none","type":0,"width":21.2068},{"bases":[[[-0.0648209,-0.962392,-0.263819],[0.873869,0.0729051,-0.480663],[0.48182,-0.261701,0.836279]],[[-0.00959124,-0.985914,-0.166977],[-0.0268166,0.167178,-0.985562],[0.999594,-0.00497501,-0.0280423]],[[-0.00959124,-0.985914,-0.166977],[-0.956294,0.0578468,-0.286626],[0.292248,0.15693,-0.943379]],[[-0.00959124,-0.985914,-0.166977],[-0.921013,-0.0563191,0.385439],[-0.389414,0.157485,-0.907499]]],"btipPosition":[-17.2493,212.053,41.7552],"carpPosition":[59.8172,198.918,64.9684],"dipPosition":[-23.6584,214.644,26.8194],"direction":[-0.292248,-0.15693,0.943379],"extended":false,"handId":371,"id":3711,"length":56.6483,"mcpPosition":[24.5142,218.092,3.6942],"pipPosition":[-16.854,218.298,4.85473],"stabilizedTipPosition":[-16.0437,212.173,38.346],"timeVisible":0.145335,"tipPosition":[-14.4234,211.395,39.7505],"tipVelocity":[-220.028,-15.1445,46.518],"tool":false,"touchDistance":0.333333,"touchZone":"none","type":1,"width":20.2568},{"bases":[[[-0.147147,-0.987133,-0.0625766],[0.860696,-0.0966115,-0.499868],[0.487391,-0.127413,0.863838]],[[-0.147498,-0.987041,-0.0631991],[-0.0332128,0.0688048,-0.997077],[0.988505,-0.144968,-0.042931]],[[-0.147498,-0.987041,-0.0631991],[-0.951618,0.159039,-0.262927],[0.269571,0.0213602,-0.962744]],[[-0.147498,-0.987041,-0.0631991],[-0.897171,0.106624,0.42862],[-0.416327,0.119921,-0.901272]]],"btipPosition":[-19.3809,200.348,45.1195],"carpPosition":[60.2297,187.52,60.4625],"dipPosition":[-26.9173,202.519,28.8046],"direction":[-0.269571,-0.0213602,0.962744],"extended":false,"handId":371,"id":3712,"length":64.5462,"mcpPosition":[26.3638,196.373,0.439562],"pipPosition":[-19.5331,203.104,2.43288],"stabilizedTipPosition":[-18.2203,200.244,41.4768],"timeVisible":0.145335,"tipPosition":[-14.8252,199.951,44.3184],"tipVelocity":[-233.969,-3.92023,57.5677],"tool":false,"touchDistance":0.333333,"touchZone":"none","type":2,"width":19.8948},{"bases":[[[-0.138281,-0.985013,0.103088],[0.863082,-0.170903,-0.47527],[0.485765,0.0232526,0.87378]],[[-0.157541,-0.985157,0.0681632],[-0.0449115,-0.061806,-0.997077],[0.986491,-0.160142,-0.0345079]],[[-0.157541,-0.985157,0.0681632],[-0.953853,0.13394,-0.268748],[0.255629,-0.107356,-0.960796]],[[-0.157541,-0.985157,0.0681632],[-0.909045,0.171641,0.379706],[-0.385769,-0.00214428,-0.922593]]],"btipPosition":[-13.8288,183.864,47.7645],"carpPosition":[58.8117,175.519,58.5466],"dipPosition":[-20.7719,183.825,31.1597],"direction":[-0.255629,0.107356,0.960796],"extended":false,"handId":371,"id":3713,"length":62.0629,"mcpPosition":[28.5073,174.068,4.03579],"pipPosition":[-13.9504,180.961,5.52098],"stabilizedTipPosition":[-12.1926,183.109,44.074],"timeVisible":0.145335,"tipPosition":[-8.90602,183.489,46.7959],"tipVelocity":[-203.814,0.725166,61.7209],"tool":false,"touchDistance":0.333333,"touchZone":"none","type":3,"width":18.9312},{"bases":[[[-0.221822,-0.933833,0.280627],[0.87057,-0.319298,-0.374374],[0.439206,0.161261,0.883794]],[[-0.255654,-0.943618,0.210299],[0.0152828,-0.221445,-0.975053],[0.966647,-0.246063,0.0710345]],[[-0.255654,-0.943618,0.210299],[-0.895861,0.14946,-0.418442],[0.363419,-0.295375,-0.883561]],[[-0.255654,-0.943618,0.210299],[-0.930016,0.299454,0.213065],[-0.264027,-0.14111,-0.954137]]],"btipPosition":[-8.15009,170.241,41.0666],"carpPosition":[52.6018,163.264,62.0352],"dipPosition":[-12.534,167.898,25.2242],"direction":[-0.363419,0.295375,0.883561],"extended":false,"handId":371,"id":3714,"length":48.6562,"mcpPosition":[27.238,153.951,10.9968],"pipPosition":[-5.68693,162.332,8.57728],"stabilizedTipPosition":[-5.58332,168.867,37.5451],"timeVisible":0.145335,"tipPosition":[-3.92391,169.012,40.202],"tipVelocity":[-180.121,0.616609,61.3374],"tool":false,"touchDistance":0.333333,"touchZone":"none","type":4,"width":16.8162}],"r":[[0.994222,0.0271871,-0.103848],[-0.0302336,0.999154,-0.0278755],[0.103002,0.0308541,0.994203]],"s":0.971561,"t":[-22.9978,11.0959,-14.8281],"timestamp":261651914959},{"currentFrameRate":31.1556,"devices":[],"gestures":[],"hands":[{"armBasis":[[-0.216613,-0.90983,-0.35396],[0.7656,0.0666541,-0.639854],[0.605752,-0.409592,0.682128]],"armWidth":65.7331,"confidence":0.706872,"direction":[-0.384178,0.0851207,-0.919327],"elbow":[227.113,61.7868,271.516],"grabAngle":2.94808,"grabStrength":1,"id":371,"palmNormal":[-0.923231,-0.0431196,0.381817],"palmPosition":[28.5983,189.343,23.3171],"palmVelocity":[-116.389,-59.3597,-71.3957],"palmWidth":90.6196,"pinchDistance":34.074,"pinchStrength":0.623556,"r":[[0.990082,0.0342892,-0.136239],[-0.0399635,0.998434,-0.0391342],[0.134684,0.0441906,0.989903]],"s":0.978692,"sphereCenter":[-17.9907,189.44,24.6145],"sphereRadius":39.6324,"stabilizedPalmPosition":[33.6934,188.948,26.0857],"t":[-26.2919,10.9574,-16.5426],"timeVisible":0.167217,"type":"right","wrist":[64.2255,171.927,88.0911]}],"id":219475,"interactionBox":{"center":[0,200,0],"size":[235.247,235.247,147.751]},"pointables":[{"bases":[[[0.753671,-0.345384,-0.559187],[0.557066,0.787186,0.264604],[0.348794,-0.510