{"frames":334,"data":[{"currentFrameRate":23.7644,"devices":[],"gestures":[],"hands":[],"id":220155,"interactionBox":{"center":[0,200,0],"size":[235.247,235.247,147.751]},"pointables":[],"r":[[-0.0794966,-0.728761,-0.680138],[0.446709,0.583909,-0.677865],[0.891141,-0.357712,0.279125]],"s":-5.62558,"t":[894.675,787.691,741.58],"timestamp":261675677588},{"currentFrameRate":23.7456,"devices":[],"gestures":[],"hands":[],"id":220156,"interactionBox":{"center":[0,200,0],"size":[235.247,235.247,147.751]},"pointables":[],"r":[[-0.0794966,-0.728761,-0.680138],[0.446709,0.583909,-0.677865],[0.891141,-0.357712,0.279125]],"s":-5.62558,"t":[894.675,787.691,741.58],"timestamp":261675719844},{"currentFrameRate":23.7719,"devices":[],"gestures":[],"hands":[],"id":220157,"interactionBox":{"center":[0,200,0],"size":[235.247,235.247,147.751]},"pointables":[],"r":[[-0.0794966,-0.728761,-0.680138],[0.446709,0.583909,-0.677865],[0.891141,-0.357712,0.279125]],"s":-5.62558,"t":[894.675,787.691,741.58],"timestamp":261675761711},{"currentFrameRate":23.7549,"devices":[],"gestures":[],"hands":[],"id":220158,"interactionBox":{"center":[0,200,0],"size":[235.247,235.247,147.751]},"pointables":[],"r":[[-0.0794966,-0.728761,-0.680138],[0.446709,0.583909,-0.677865],[0.891141,-0.357712,0.279125]],"s":-5.62558,"t":[894.675,787.691,741.58],"timestamp":261675803936},{"currentFrameRate":23.7678,"devices":[],"gestures":[],"hands":[],"id":220159,"interactionBox":{"center":[0,200,0],"size":[235.247,235.247,147.751]},"pointables":[],"r":[[-0.0794966,-0.728761,-0.680138],[0.446709,0.583909,-0.677865],[0.891141,-0.357712,0.279125]],"s":-5.62558,"t":[894.675,787.691,741.58],"timestamp":261675845912},{"currentFrameRate":23.7721,"devices":[],"gestures":[],"hands":[],"id":220160,"interactionBox":{"center":[0,200,0],"size":[235.247,235.247,147.751]},"pointables":[],"r":[[-0.0794966,-0.728761,-0.680138],[0.446709,0.583909,-0.677865],[0.891141,-0.357712,0.279125]],"s":-5.62558,"t":[894.675,787.691,741.58],"timestamp":261675887946},{"currentFrameRate":23.7491,"devices":[],"gestures":[],"hands":[],"id":220161,"interactionBox":{"center":[0,200,0],"size":[235.247,235.247,147.751]},"pointables":[],"r":[[-0.0794966,-0.728761,-0.680138],[0.446709,0.583909,-0.677865],[0.891141,-0.357712,0.279125]],"s":-5.62558,"t":[894.675,787.691,741.58],"timestamp":261675930227},{"currentFrameRate":19.7034,"devices":[],"gestures":[],"hands":[],"id":220162,"interactionBox":{"center":[0,200,0],"size":[235.247,235.247,147.751]},"pointables":[],"r":[[-0.0794966,-0.728761,-0.680138],[0.446709,0.583909,-0.677865],[0.891141,-0.357712,0.279125]],"s":-5.62558,"t":[894.675,787.691,741.58],"timestamp":261676014174},{"currentFrameRate":20.4667,"devices":[],"gestures":[],"hands":[{"armBasis":[[0.57378,-0.71002,-0.408227],[0.721974,0.673825,-0.157205],[0.386692,-0.204528,0.899243]],"armWidth":63.7863,"confidence":0,"direction":[0.0708027,0.596814,-0.79925],"elbow":[203.176,154.239,352.279],"grabAngle":2.73464,"grabStrength":1,"id":373,"palmNormal":[-0.835165,-0.402657,-0.374655],"palmPosition":[91.128,254.434,48.7083],"palmVelocity":[1.19209e-7,1.19209e-7,1.19209e-7],"palmWidth":91.0846,"pinchDistance":10.761,"pinchStrength":1,"r":[[1,1.66533e-17,1.249e-17],[-1.66533e-17,1,-2.22045e-17],[-1.249e-17,2.22045e-17,1]],"s":1,"sphereCenter":[56.1688,237.909,13.7933],"sphereRadius":41.9541,"stabilizedPalmPosition":[91.128,254.434,48.7083],"t":[0,0,0],"timeVisible":0,"type":"right","wrist":[98.6608,209.519,109.231]}],"id":220163,"interactionBox":{"center":[0,200,0],"size":[235.247,235.247,147.751]},"pointables":[{"bases":[[[0.18879,-0.9267,-0.324938],[0.974533,0.136024,0.178276],[-0.121009,-0.35032,0.92878]],[[0.18868,-0.927019,-0.324091],[0.699776,0.358456,-0.617919],[0.688995,-0.110202,0.716339]],[[0.18868,-0.927019,-0.324091],[-0.360913,0.241465,-0.900797],[0.913313,0.286931,-0.289014]],[[0.18868,-0.927019,-0.324091],[-0.844207,0.0154909,-0.535793],[0.501711,0.374693,-0.779674]]],"btipPosition":[61.7837,226.014,16.1048],"carpPosition":[105.686,213.862,76.2601],"dipPosition":[70.4406,232.479,2.65175],"direction":[-0.913313,-0.286931,0.289014],"extended":false,"handId":373,"id":3734,"length":50.5633,"mcpPosition":[112.71,234.196,22.3486],"pipPosition":[88.3224,238.097,-3.0069],"stabilizedTipPosition":[63.7748,227.501,13.0106],"timeVisible":0,"tipPosition":[63.7748,227.501,13.0106],"tipVelocity":[1.19209e-7,1.19209e-7,1.19209e-7],"tool":false,"touchDistance":0.333333,"touchZone":"none","type":4,"width":16.0741},{"bases":[[[0.980287,0.197328,-0.00995587],[-0.0930874,0.505711,0.857666],[0.174277,-0.839832,0.514111]],[[0.923677,0.365437,-0.115223],[-0.133359,0.588506,0.797419],[0.359216,-0.721191,0.592324]],[[0.923677,0.365437,-0.115223],[-0.286847,0.858844,0.424389],[0.254047,-0.358947,0.898119]],[[0.923677,0.365437,-0.115223],[-0.368189,0.929747,-0.00280371],[0.106104,0.0450137,0.993336]]],"btipPosition":[41.1309,279.26,18.5214],"carpPosition":[70.2375,232.026,102.045],"dipPosition":[43.6167,280.315,41.7932],"direction":[-0.254047,0.358947,-0.898119],"extended":false,"handId":373,"id":3730,"length":52.1706,"mcpPosition":[70.2375,232.026,102.045],"pipPosition":[52.2876,268.064,72.4469],"stabilizedTipPosition":[41.7027,279.503,23.8739],"timeVisible":0,"tipPosition":[41.7027,279.503,23.8739],"tipVelocity":[1.19209e-7,1.19209e-7,1.19209e-7],"tool":false,"touchDistance":1,"touchZone":"none","type":0,"width":20.2711},{"bases":[[[0.549568,-0.583973,-0.597453],[0.822694,0.502763,0.265337],[0.145428,-0.637342,0.756734]],[[0.553974,-0.604233,-0.572726],[0.402849,0.796581,-0.450744],[0.728578,0.0189783,0.6847]],[[0.553974,-0.604233,-0.572726],[-0.485333,0.32456,-0.811858],[0.676436,0.727711,-0.113456]],[[0.553974,-0.604233,-0.572726],[-0.799135,-0.193035,-0.569316],[0.233444,0.773072,-0.5898]]],"btipPosition":[29.3432,255.989,24.6784],"carpPosition":[91.7467,240.697,97.0231],"dipPosition":[33.3358,269.211,14.5908],"direction":[-0.676436,-0.727711,0.113456],"extended":false,"handId":373,"id":3731,"length":58.8687,"mcpPosition":[81.0365,287.635,41.2926],"pipPosition":[49.7025,286.819,11.8457],"stabilizedTipPosition":[30.2615,259.03,22.3582],"timeVisible":0,"tipPosition":[30.2615,259.03,22.3582],"tipVelocity":[1.19209e-7,1.19209e-7,1.19209e-7],"tool":false,"touchDistance":0.333333,"touchZone":"none","type":1,"width":19.3629},{"bases":[[[0.415807,-0.741807,-0.526144],[0.906755,0.382682,0.17706],[0.0700019,-0.550706,0.831759]],[[0.417307,-0.75427,-0.506884],[0.502406,0.656267,-0.56294],[0.757261,-0.0197431,0.652814]],[[0.417307,-0.75427,-0.506884],[-0.49739,0.277239,-0.822035],[0.760565,0.59516,-0.259473]],[[0.417307,-0.75427,-0.506884],[-0.863752,-0.155835,-0.479217],[0.282468,0.637803,-0.716533]]],"btipPosition":[31.373,245.283,21.0201],"carpPosition":[99.764,234.809,89.744],"dipPosition":[36.6866,257.281,7.54099],"direction":[-0.760565,-0.59516,0.259473],"extended":false,"handId":373,"id":3732,"length":67.0761,"mcpPosition":[94.8751,273.27,31.6535],"pipPosition":[58.3368,274.223,0.154849],"stabilizedTipPosition":[32.5951,248.043,17.9199],"timeVisible":0,"tipPosition":[32.5951,248.043,17.9199],"tipVelocity":[1.19209e-7,1.19209e-7,1.19209e-7],"tool":false,"touchDistance":0.333333,"touchZone":"none","type":2,"width":19.017},{"bases":[[[0.352031,-0.841486,-0.409849],[0.935914,0.310956,0.165441],[-0.0117714,-0.441824,0.897024]],[[0.351936,-0.84466,-0.40335],[0.588782,0.534758,-0.606111],[0.727652,-0.0241726,0.685521]],[[0.351936,-0.84466,-0.40335],[-0.44118,0.230362,-0.867348],[0.825531,0.483201,-0.291574]],[[0.351936,-0.84466,-0.40335],[-0.858487,-0.119551,-0.498705],[0.373015,0.521783,-0.767204]]],"btipPosition":[43.9361,232.155,18.308],"carpPosition":[105.612,226.528,82.7818],"dipPosition":[50.9128,241.914,3.9587],"direction":[-0.825531,-0.483201,0.291574],"extended":false,"handId":373,"id":3733,"length":64.4955,"mcpPosition":[106.35,254.233,26.5337],"pipPosition":[73.8054,255.314,-4.12689],"stabilizedTipPosition":[45.5407,234.4,15.0077],"timeVisible":0,"tipPosition":[45.5407,234.4,15.0077],"tipVelocity":[1.19209e-7,1.19209e-7,1.19209e-7],"tool":false,"touchDistance":0.333333,"touchZone":"none","type":3,"width":18.0958}],"r":[[1,1.66533e-17,1.249e-17],[-1.66533e-17,1,-2.22045e-17],[-1.249e-17,2.22045e-17,1]],"s":1,"t":[0,0,0],"timestamp":261676056340},{"currentFrameRate":21.1058,"devices":[],"gestures":[],"hands":[{"armBasis":[[0.59053,-0.502207,-0.631714],[0.709901,0.695553,0.110663],[0.383815,-0.513804,0.767262]],"armWidth":66.9541,"confidence":0.217415,"direction":[-0.013694,0.574794,-0.818184],"elbow":[200.237,87.4074,312.065],"grabAngle":2.07631,"grabStrength":0.812449,"id":373,"palmNormal":[-0.748364,-0.548569,-0.372858],"palmPosition":[83.0859,271.597,44.7323],"palmVelocity":[-191.753,409.226,-94.8029],"palmWidth":91.0846,"pinchDistance":32.7643,"pinchStrength":0.638777,"r":[[0.999431,0.0336099,0.00295761],[-0.0335888,0.999412,-0.00689936],[-0.00318776,0.00679609,0.999972]],"s":1.08743,"sphereCenter":[45.6421,248.724,7.59044],"sphereRadius":52.0341,"stabilizedPalmPosition":[83.9139,269.83,45.1416],"t":[-4.02106,8.58147,-1.98802],"timeVisible":0.04194,"type":"right","wrist":[96.4993,226.279,104.689]}],"id":220164,"interactionBox":{"center":[0,200,0],"size":[235.247,235.247,147.751]},"pointables":[{"bases":[[[0.933534,0.358483,-0.00227642],[-0.193673,0.509672,0.838287],[0.301672,-0.782128,0.545224]],[[0.893487,0.444528,-0.0638435],[-0.189296,0.501705,0.844073],[0.407245,-0.742082,0.532415]],[[0.893487,0.444528,-0.0638435],[-0.350854,0.779691,0.518636],[0.280327,-0.440995,0.852608]],[[0.893487,0.444528,-0.0638435],[-0.434236,0.891421,0.129646],[0.114543,-0.088114,0.989503]]],"btipPosition":[33.1674,301.032,22.2294],"carpPosition":[65.1541,247.693,98.4945],"dipPosition":[35.7163,299.071,44.2489],"direction":[-0.280327,0.440995,-0.852608],"extended":false,"handId":373,"id":3730,"length":49.5544,"mcpPosition":[65.1541,247.693,98.4945],"pipPosition":[44.8043,284.774,71.89],"stabilizedTipPosition":[33.9924,299.948,27.1912],"timeVisible":0.04194,"tipPosition":[32.5893,295.521,23.8942],"tipVelocity":[-189.534,502.576,81.5454],"tool":false,"touchDistance":1,"touchZone":"none","type":0,"width":21.7198},{"bases":[[[0.49593,-0.783021,-0.375409],[0.867247,0.468522,0.168432],[0.0440013,-0.409103,0.911427]],[[0.495675,-0.780706,-0.380532],[0.696564,0.619053,-0.362729],[0.518754,-0.0852691,0.85066]],[[0.495675,-0.780706,-0.380532],[-0.00371718,0.436233,-0.899826],[0.8685,0.447435,0.213328]],[[0.495675,-0.780706,-0.380532],[-0.509508,0.0934386,-0.855377],[0.703355,0.617873,-0.351461]]],"btipPosition":[41.1647,254.114,-12.7092],"carpPosition":[101.334,247.601,79.9559],"dipPosition":[53.6602,265.09,-18.9531],"direction":[-0.8685,-0.447435,-0.213328],"extended":false,"handId":373,"id":3733,"length":61.2612,"mcpPosition":[98.575,273.253,22.8048],"pipPosition":[76.5366,276.876,-13.334],"stabilizedTipPosition":[44.6592,247.452,-2.10224],"timeVisible":0.04194,"tipPosition":[43.6538,253.845,-8.92135],"tipVelocity":[-35.8139,530.242,-695.111],"tool":false,"touchDistance":-0.20255,"touchZone":"touching","type":3,"width":19.3891},{"bases":[[[0.347532,-0.891685,-0.290033],[0.934282,0.303034,0.187849],[-0.0796119,-0.336256,0.9384]],[[0.347517,-0.891752,-0.289846],[0.831493,0.435952,-0.344333],[0.433419,-0.121343,0.892986]],[[0.347517,-0.891752,-0.289846],[0.149271,0.357783,-0.921797],[0.925716,0.277074,0.257448]],[[0.347517,-0.891752,-0.289846],[-0.404621,0.136237,-0.904279],[0.845881,0.43153,-0.313477]]],"btipPosition":[62.6255,246.299,-10.2672],"carpPosition":[103.656,234.927,73.8758],"dipPosition":[76.489,253.372,-15.4049],"direction":[-0.925716,-0.277074,-0.257448],"extended":false,"handId":373,"id":3734,"length":48.0277,"mcpPosition":[108.277,254.445,19.406],"pipPosition":[93.7048,258.525,-10.6171],"stabilizedTipPosition":[65.053,240.303,-2.32047],"timeVisible":0.04194,"tipPosition":[64.6139,245.621,-5.79709],"tipVelocity":[48.6243,487.013,-583.202],"tool":false,"touchDistance":-0.124325,"touchZone":"touching","type":4,"width":17.2229},{"bases":[[[0.651433,-0.502065,-0.568829],[0.721566,0.641678,0.259987],[0.234475,-0.579811,0.780282]],[[0.667492,-0.545038,-0.507335],[0.538624,0.823866,-0.176435],[0.51414,-0.155494,0.843494]],[[0.667492,-0.545038,-0.507335],[-0.0586289,0.640752,-0.765506],[0.742306,0.540713,0.395741]],[[0.667492,-0.545038,-0.507335],[-0.440599,0.260158,-0.85918],[0.600273,0.797027,-0.0664897]]],"btipPosition":[19.9272,283.363,-6.44159],"carpPosition":[85.0098,259.685,93.495],"dipPosition":[29.679,296.311,-7.52176],"direction":[-0.742306,-0.540713,-0.395741],"extended":false,"handId":373,"id":3731,"length":55.9166,"mcpPosition":[67.7416,302.386,36.0303],"pipPosition":[46.7388,308.738,1.57324],"stabilizedTipPosition":[24.6466,277.982,2.20053],"timeVisible":0.04194,"tipPosition":[22.2917,282.568,-2.423],"tipVelocity":[-192.927,651.184,-692.614],"tool":false,"touchDistance":-0.200804,"touchZone":"touching","type":1,"width":20.7467},{"bases":[[[0.544504,-0.677768,-0.494111],[0.826283,0.534674,0.177144],[0.144126,-0.504731,0.85116]],[[0.5455,-0.681288,-0.488135],[0.620426,0.719827,-0.311321],[0.563472,-0.133026,0.815355]],[[0.5455,-0.681288,-0.488135],[-0.0722712,0.542016,-0.837255],[0.834989,0.492001,0.246433]],[[0.5455,-0.681288,-0.488135],[-0.541395,0.158157,-0.825759],[0.639781,0.714726,-0.282572]]],"btipPosition":[24.1455,270.272,-11.8861],"carpPosition":[94.0443,254.998,86.5419],"dipPosition":[35.5773,283.043,-16.9352],"direction":[-0.834989,-0.492001,-0.246433],"extended":false,"handId":373,"id":3732,"length":63.7124,"mcpPosition":[83.9785,290.249,27.0964],"pipPosition":[58.1541,296.346,-10.272],"stabilizedTipPosition":[28.9623,263.751,-1.40878],"timeVisible":0.04194,"tipPosition":[26.8287,269.925,-8.41425],"tipVelocity":[-138.776,600.058,-738.371],"tool":false,"touchDistance":-0.232788,"touchZone":"touching","type":2,"width":20.376}],"r":[[0.999431,0.0336099,0.00295761],[-0.0335888,0.999412,-0.00689936],[-0.00318776,0.00679609,0.999972]],"s":1.08743,"t":[-4.02106,8.58147,-1.98802],"timestamp":261676098280},{"currentFrameRate":21.611,"devices":[],"gestures":[],"hands":[{"armBasis":[[0.644456,-0.341574,-0.684108],[0.6476,0.71952,0.250809],[0.40656,-0.604664,0.684902]],"armWidth":66.9541,"confidence":0.415787,"direction":[-0.0409832,0.577424,-0.815415],"elbow":[202.206,81.0476,283.349],"grabAngle":1.65871,"grabStrength":0.480027,"id":373,"palmNormal":[-0.666591,-0.623732,-0.408184],"palmPosition":[76.6104,290.041,38.9852],"palmVelocity":[-153.906,438.386,-136.594],"palmWidth":91.0846,"pinchDistance":37.74,"pinchStrength":0.384892,"r":[[0.996502,0.0823737,0.0140554],[-0.0822093,0.996544,-0.011904],[-0.0149874,0.0107069,0.99983]],"s":1.17952,"sphereCenter":[36.1999,258.971,-1.58316],"sphereRadius":61.513,"stabilizedPalmPosition":[76.6852,289.834,39.0482],"t":[-9.26931,22.0945,-5.85555],"timeVisible":0.084014,"type":"right","wrist":[92.3207,244.477,98.2327]}],"id":220165,"interactionBox":{"center":[0,200,0],"size":[235.247,235.247,147.751]},"pointables":[{"bases":[[[0.594841,-0.720473,-0.356486],[0.80236,0.559092,0.208889],[0.0488096,-0.410286,0.91065]],[[0.594219,-0.715546,-0.367285],[0.685882,0.689316,-0.23326],[0.420084,-0.113306,0.900384]],[[0.594219,-0.715546,-0.367285],[0.237279,0.592282,-0.770001],[0.768507,0.3704,0.521729]],[[0.594219,-0.715546,-0.367285],[-0.179308,0.327303,-0.927751],[0.784061,0.617144,0.0661866]]],"btipPosition":[40.7485,277.682,-35.3942],"carpPosition":[95.8274,267.861,74.8777],"dipPosition":[54.6777,288.645,-34.2184],"direction":[-0.768507,-0.3704,-0.521729],"extended":false,"handId":373,"id":3733,"length":61.2612,"mcpPosition":[92.7668,293.588,17.7752],"pipPosition":[74.9203,298.402,-20.4759],"stabilizedTipPosition":[44.2346,267.12,-21.9329],"timeVisible":0.084014,"tipPosition":[43.109,275.756,-27.9795],"tipVelocity":[-2.05554,560.086,-498.609],"tool":false,"touchDistance":-0.525305,"touchZone":"touching","type":3,"width":19.3891},{"bases":[[[0.455688,-0.845525,-0.278273],[0.886251,0.401767,0.230527],[-0.0831153,-0.351668,0.932428]],[[0.457575,-0.836719,-0.300876],[0.829292,0.523661,-0.195077],[0.320781,-0.160251,0.933498]],[[0.457575,-0.836719,-0.300876],[0.394874,0.494399,-0.774367],[0.79668,0.235523,0.556623]],[[0.457575,-0.836719,-0.300876],[-0.0423846,0.317468,-0.947321],[0.88816,0.446223,0.109802]]],"btipPosition":[64.457,269.682,-28.8092],"carpPosition":[99.7901,255.575,68.8503],"dipPosition":[79.0135,276.996,-27.0097],"direction":[-0.79668,-0.235523,-0.556623],"extended":false,"handId":373,"id":3734,"length":48.0277,"mcpPosition":[104.615,275.988,14.7271],"pipPosition":[93.8296,281.376,-16.658],"stabilizedTipPosition":[67.0104,262.396,-20.8669],"timeVisible":0.084014,"tipPosition":[65.7166,267.309,-20.9489],"tipVelocity":[47.3198,557.075,-402.777],"tool":false,"touchDistance":-0.394422,"touchZone":"touching","type":4,"width":17.2229},{"bases":[[[0.887723,0.458567,0.0408054],[-0.284902,0.477575,0.831116],[0.361634,-0.749426,0.5546]],[[0.868659,0.495234,0.0132006],[-0.26918,0.449447,0.851786],[0.415901,-0.743465,0.523723]],[[0.868659,0.495234,0.0132006],[-0.427285,0.735457,0.525862],[0.250716,-0.462435,0.850468]],[[0.868659,0.495234,0.0132006],[-0.490134,0.855223,0.168411],[0.0721133,-0.152762,0.985629]]],"btipPosition":[28.566,319.36,16.1153],"carpPosition":[59.0812,263.818,91.7905],"dipPosition":[30.1707,315.961,38.0486],"direction":[-0.250716,0.462435,-0.850468],"extended":false,"handId":373,"id":3730,"length":49.5544,"mcpPosition":[59.0812,263.818,91.7905],"pipPosition":[38.2988,300.969,65.6203],"stabilizedTipPosition":[28.9908,318.373,21.2264],"timeVisible":0.084014,"tipPosition":[26.1534,311.868,17.7502],"tipVelocity":[-114.525,427.755,-145.789],"tool":false,"touchDistance":1,"touchZone":"none","type":0,"width":21.7198},{"bases":[[[0.726849,-0.42239,-0.541551],[0.634685,0.714392,0.29465],[0.262423,-0.55788,0.78734]],[[0.754967,-0.491847,-0.433718],[0.504183,0.85828,-0.0956863],[0.419314,-0.146433,0.895954]],[[0.754967,-0.491847,-0.433718],[0.123218,0.756013,-0.642854],[0.644082,0.431892,0.631369]],[[0.754967,-0.491847,-0.433718],[-0.158966,0.504399,-0.848711],[0.636203,0.709696,0.302618]]],"btipPosition":[16.1055,303.571,-26.2793],"carpPosition":[77.6991,277.959,87.7318],"dipPosition":[26.4411,315.1,-21.363],"direction":[-0.644082,-0.431892,-0.631369],"extended":false,"handId":373,"id":3731,"length":55.9166,"mcpPosition":[58.3727,319.044,29.7473],"pipPosition":[41.2435,325.026,-6.85279],"stabilizedTipPosition":[20.6215,296.423,-15.6585],"timeVisible":0.084014,"tipPosition":[17.8473,300.951,-18.557],"tipVelocity":[-87.6406,472.547,-438.715],"tool":false,"touchDistance":-0.485935,"touchZone":"touching","type":1,"width":20.7467},{"bases":[[[0.636701,-0.609434,-0.472442],[0.754038,0.620276,0.216066],[0.161366,-0.493809,0.854467]],[[0.641094,-0.623436,-0.447578],[0.613301,0.766764,-0.189565],[0.461368,-0.152971,0.873922]],[[0.641094,-0.623436,-0.447578],[0.163313,0.680656,-0.714168],[0.749885,0.384754,0.53818]],[[0.641094,-0.623436,-0.447578],[-0.20047,0.426911,-0.881793],[0.740817,0.655038,0.14871]]],"btipPosition":[21.561,293.746,-35.7716],"carpPosition":[87.4887,274.355,81.1662],"dipPosition":[34.7981,305.45,-33.1144],"direction":[-0.749885,-0.384754,-0.53818],"extended":false,"handId":373,"id":3732,"length":63.7124,"mcpPosition":[76.2188,308.843,21.4897],"pipPosition":[55.0739,315.853,-18.5629],"stabilizedTipPosition":[26.373,283.177,-21.4681],"timeVisible":0.084014,"tipPosition":[24.1215,291.528,-28.5265],"tipVelocity":[-51.5587,552.089,-525.575],"tool":false,"touchDistance":-0.569538,"touchZone":"touching","type":2,"width":20.376}],"r":[[0.996502,0.0823737,0.0140554],[-0.0822093,0.996544,-0.011904],[-0.0149874,0.0107069,0.99983]],"s":1.17952,"t":[-9.26931,22.0945,-5.85555],"timestamp":261676140354},{"currentFrameRate":25.2917,"devices":[],"gestures":[],"hands":[{"armBasis":[[0.661439,-0.303559,-0.685821],[0.623423,0.730887,0.277754],[0.416943,-0.611274,0.672684]],"armWidth":66.9541,"confidence":0.463908,"direction":[-0.0570408,0.575956,-0.815488],"elbow":[204.511,83.7743,278.078],"grabAngle":1.55318,"grabStrength":0.37135,"id":373,"palmNormal":[-0.640626,-0.647599,-0.412571],"palmPosition":[74.8981,294.215,37.0941],"palmVelocity":[-151.119,368.356,-166.897],"palmWidth":91.0846,"pinchDistance":39.0291,"pinchStrength":0.349513,"r":[[0.99141,0.128575,0.0239904],[-0.128205,0.991612,-0.0163803],[-0.0258952,0.0131639,0.999578]],"s":1.24888,"sphereCenter":[33.9854,259.487,-4.38548],"sphereRadius":64.44,"stabilizedPalmPosition":[75.4141,292.95,37.6583],"t":[-12.7496,30.938,-8.73488],"timeVisible":0.095345,"type":"right","wrist":[91.8189,248.99,96.2649]}],"id":220166,"interactionBox":{"center":[0,200,0],"size":[235.247,235.247,147.751]},"pointables":[{"bases":[[[0.623159,-0.697934,-0.352931],[0.779933,0.588097,0.214119],[0.0581172,-0.408692,0.91082]],[[0.622411,-0.692943,-0.363914],[0.666212,0.713078,-0.218361],[0.41081,-0.106534,0.905475]],[[0.622411,-0.692943,-0.363914],[0.265281,0.6242,-0.734847],[0.736363,0.360838,0.572334]],[[0.622411,-0.692943,-0.363914],[-0.098907,0.391591,-0.914808],[0.776416,0.605381,0.175194]]],"btipPosition":[40.4047,282.631,-40.6676],"carpPosition":[94.6908,272.738,73.1008],"dipPosition":[54.1981,293.386,-37.5551],"direction":[-0.736363,-0.360838,-0.572334],"extended":false,"handId":373,"id":3733,"length":61.2612,"mcpPosition":[91.0466,298.365,15.9877],"pipPosition":[73.594,302.891,-22.4798],"stabilizedTipPosition":[44.0947,270.946,-25.7661],"timeVisible":0.095345,"tipPosition":[42.5904,279.917,-31.905],"tipVelocity":[-33.0975,432.577,-426.083],"tool":false,"touchDistance":-0.573527,"touchZone":"touching","type":3,"width":19.3891},{"bases":[[[0.488207,-0.828057,-0.275636],[0.869412,0.433951,0.23624],[-0.0760079,-0.354975,0.931781]],[[0.4901,-0.818056,-0.300977],[0.815485,0.552268,-0.173158],[0.307873,-0.160577,0.937779]],[[0.4901,-0.818056,-0.300977],[0.427261,0.526419,-0.735072],[0.75977,0.231663,0.607521]],[[0.4901,-0.818056,-0.300977],[0.0394423,0.365748,-0.929878],[0.870773,0.443862,0.211519]]],"btipPosition":[64.8001,275.029,-33.2846],"carpPosition":[99.1403,260.609,67.095],"dipPosition":[79.0716,282.304,-29.8179],"direction":[-0.75977,-0.231663,-0.607521],"extended":false,"handId":373,"id":3734,"length":48.0277,"mcpPosition":[103.552,281.213,13.0093],"pipPosition":[93.2013,286.612,-18.5197],"stabilizedTipPosition":[67.3208,266.538,-24.2314],"timeVisible":0.095345,"tipPosition":[65.6682,271.993,-24.3981],"tipVelocity":[24.4956,471.095,-361.128],"tool":false,"touchDistance":-0.444693,"touchZone":"touching","type":4,"width":17.2229},{"bases":[[[0.869991,0.490866,0.0465485],[-0.307499,0.466343,0.829439],[0.385436,-0.735918,0.556655]],[[0.852392,0.522429,0.0222781],[-0.293403,0.442579,0.847372],[0.432831,-0.728829,0.530533]],[[0.852392,0.522429,0.0222781],[-0.457764,0.724937,0.514702],[0.252745,-0.448926,0.85708]],[[0.852392,0.522429,0.0222781],[-0.518157,0.838159,0.1703],[0.0702972,-0.156706,0.98514]]],"btipPosition":[26.6256,321.798,13.5609],"carpPosition":[58.0121,267.338,89.7799],"dipPosition":[28.1899,318.311,35.4833],"direction":[-0.252745,0.448926,-0.85708],"extended":false,"handId":373,"id":3730,"length":49.5544,"mcpPosition":[58.0121,267.338,89.7799],"pipPosition":[36.3838,303.757,63.2694],"stabilizedTipPosition":[27.7148,320.042,19.5573],"timeVisible":0.095345,"tipPosition":[23.962,314.515,15.6955],"tipVelocity":[-172.069,213.376,-225.654],"tool":false,"touchDistance":1,"touchZone":"none","type":0,"width":21.7198},{"bases":[[[0.745284,-0.395103,-0.537071],[0.606125,0.737084,0.298864],[0.277785,-0.54827,0.788819]],[[0.776975,-0.468373,-0.420639],[0.481122,0.872711,-0.0830505],[0.405995,-0.13785,0.903419]],[[0.776975,-0.468373,-0.420639],[0.153963,0.789264,-0.594439],[0.610414,0.397102,0.68535]],[[0.776975,-0.468373,-0.420639],[-0.0989538,0.569006,-0.816358],[0.621706,0.675913,0.395756]]],"btipPosition":[14.9514,308.057,-31.3356],"carpPosition":[76.1229,282.155,85.843],"dipPosition":[25.0514,319.038,-24.9063],"direction":[-0.610414,-0.397102,-0.68535],"extended":false,"handId":373,"id":3731,"length":55.9166,"mcpPosition":[55.6651,322.533,27.7496],"pipPosition":[39.0801,328.164,-9.15542],"stabilizedTipPosition":[19.8427,299.718,-18.9625],"timeVisible":0.095345,"tipPosition":[16.3512,304.415,-22.5144],"tipVelocity":[-106.639,384.807,-415.525],"tool":false,"touchDistance":-0.536299,"touchZone":"touching","type":1,"width":20.7467},{"bases":[[[0.661639,-0.585371,-0.468588],[0.729349,0.64746,0.221009],[0.17402,-0.487992,0.855325]],[[0.667439,-0.602448,-0.437699],[0.59359,0.785336,-0.175781],[0.44964,-0.14249,0.881771]],[[0.667439,-0.602448,-0.437699],[0.196113,0.709236,-0.677144],[0.718376,0.366114,0.59152]],[[0.667439,-0.602448,-0.437699],[-0.132584,0.48225,-0.865943],[0.732766,0.635996,0.241997]]],"btipPosition":[20.8015,298.266,-41.1282],"carpPosition":[86.0795,278.917,79.3384],"dipPosition":[33.8947,309.63,-36.8041],"direction":[-0.718376,-0.366114,-0.59152],"extended":false,"handId":373,"id":3732,"length":63.7124,"mcpPosition":[73.9259,312.998,19.602],"pipPosition":[53.3185,319.529,-20.8103],"stabilizedTipPosition":[25.8574,286.743,-25.2277],"timeVisible":0.095345,"tipPosition":[23.0095,295.176,-32.564],"tipVelocity":[-69.9545,391.982,-438.904],"tool":false,"touchDistance":-0.615516,"touchZone":"touching","type":2,"width":20.376}],"r":[[0.99141,0.128575,0.0239904],[-0.128205,0.991612,-0.0163803],[-0.0258952,0.0131639,0.999578]],"s":1.24888,"t":[-12.7496,30.938,-8.73488],"timestamp":261676151685},{"currentFrameRate":28.7529,"devices":[],"gestures":[],"hands":[{"armBasis":[[0.683147,-0.263904,-0.68093],[0.592808,0.744932,0.306029],[0.426484,-0.612724,0.665343]],"armWidth":66.9541,"confidence":0.509837,"direction":[-0.0690876,0.57884,-0.812509],"elbow":[206.048,86.6453,273.88],"grabAngle":1.448,"grabStrength":0.278626,"id":373,"palmNormal":[-0.608723,-0.669722,-0.425357],"palmPosition":[72.9184,297.328,35.0454],"palmVelocity":[-173.157,272.257,-179.187],"palmWidth":91.0846,"pinchDistance":39.7107,"pinchStrength":0.287966,"r":[[0.984283,0.173171,0.0346217],[-0.17258,0.984804,-0.0194119],[-0.0374572,0.0131318,0.999212]],"s":1.3038,"sphereCenter":[30.5165,259.815,-7.43624],"sphereRadius":67.8327,"stabilizedPalmPosition":[73.6858,295.982,35.8489],"t":[-15.4796,36.9161,-11.1989],"timeVisible":0.106778,"type":"right","wrist":[90.778,252.253,94.0511]}],"id":220167,"interactionBox":{"center":[0,200,0],"size":[235.247,235.247,147.751]},"pointables":[{"bases":[[[0.655156,-0.670128,-0.348853],[0.752927,0.617182,0.228444],[0.0622194,-0.412328,0.908909]],[[0.653667,-0.661113,-0.368306],[0.64491,0.741276,-0.186015],[0.395993,-0.115932,0.910906]],[[0.653667,-0.661113,-0.368306],[0.290224,0.668453,-0.684792],[0.69892,0.340735,0.628817]],[[0.653667,-0.661113,-0.368306],[-0.0233399,0.468831,-0.88298],[0.756422,0.585771,0.291029]]],"btipPosition":[40.4976,287.806,-46.2441],"carpPosition":[93.07,276.407,71.1807],"dipPosition":[53.9358,298.212,-41.0738],"direction":[-0.69892,-0.340735,-0.628817],"extended":false,"handId":373,"id":3733,"length":61.2612,"mcpPosition":[89.1686,302.262,14.1875],"pipPosition":[72.3455,307.188,-24.5107],"stabilizedTipPosition":[43.9897,274.942,-29.7694],"timeVisible":0.106778,"tipPosition":[42.4264,283.851,-36.6263],"tipVelocity":[0.983906,445.607,-446.362],"tool":false,"touchDistance":-0.621057,"touchZone":"touching","type":3,"width":19.3891},{"bases":[[[0.524482,-0.80605,-0.27423],[0.848181,0.46657,0.2508],[-0.0742094,-0.364137,0.928384]],[[0.527295,-0.78881,-0.315814],[0.796722,0.588178,-0.138858],[0.295288,-0.178396,0.938605]],[[0.527295,-0.78881,-0.315814],[0.449912,0.574506,-0.683756],[0.720791,0.218452,0.657829]],[[0.527295,-0.78881,-0.315814],[0.109052,0.431437,-0.895528],[0.842655,0.437767,0.313516]]],"btipPosition":[65.2438,280.404,-37.6585],"carpPosition":[98.0796,264.507,65.159],"dipPosition":[79.0545,287.579,-32.5202],"direction":[-0.720791,-0.218452,-0.657829],"extended":false,"handId":373,"id":3734,"length":48.0277,"mcpPosition":[102.387,285.643,11.2705],"pipPosition":[92.4592,291.641,-20.2863],"stabilizedTipPosition":[67.6493,271.174,-27.8901],"timeVisible":0.106778,"tipPosition":[65.8754,276.257,-28.2356],"tipVelocity":[29.5388,468.081,-348.939],"tool":false,"touchDistance":-0.488398,"touchZone":"touching","type":4,"width":17.2229},{"bases":[[[0.84902,0.52477,0.0614993],[-0.336892,0.448003,0.828128],[0.407025,-0.723816,0.557155]],[[0.838035,0.543601,0.0468434],[-0.317263,0.41565,0.852396],[0.443893,-0.7292,0.520794]],[[0.838035,0.543601,0.0468434],[-0.485824,0.704366,0.517536],[0.248339,-0.456471,0.854378]],[[0.838035,0.543601,0.0468434],[-0.542234,0.820221,0.182266],[0.0606579,-0.178145,0.982133]]],"btipPosition":[24.8348,324.638,11.7469],"carpPosition":[56.4168,269.437,87.3247],"dipPosition":[26.1846,320.673,33.6023],"direction":[-0.248339,0.456471,-0.854378],"extended":false,"handId":373,"id":3730,"length":49.5544,"mcpPosition":[56.4168,269.437,87.3247],"pipPosition":[34.2356,305.875,61.3008],"stabilizedTipPosition":[26.1012,322.355,17.8092],"timeVisible":0.106778,"tipPosition":[21.9014,316.606,13.4889],"tipVelocity":[-160.948,238.757,-160.016],"tool":false,"touchDistance":1,"touchZone":"none","type":0,"width":21.7198},{"bases":[[[0.767549,-0.361414,-0.529386],[0.5722,0.758545,0.311763],[0.288888,-0.542207,0.789022]],[[0.801789,-0.437506,-0.40709],[0.454228,0.888822,-0.0606009],[0.388344,-0.136322,0.911376]],[[0.801789,-0.437506,-0.40709],[0.174468,0.822891,-0.54075],[0.571572,0.362544,0.736116]],[[0.801789,-0.437506,-0.40709],[-0.0461172,0.633871,-0.772063],[0.595825,0.637805,0.488054]]],"btipPosition":[14.0179,311.797,-36.4559],"carpPosition":[73.9729,284.99,83.7288],"dipPosition":[23.6975,322.158,-28.5271],"direction":[-0.571572,-0.362544,-0.736116],"extended":true,"handId":373,"id":3731,"length":55.9166,"mcpPosition":[52.6974,324.922,25.6205],"pipPosition":[36.8335,330.491,-11.6096],"stabilizedTipPosition":[19.1005,302.701,-22.1941],"timeVisible":0.106778,"tipPosition":[15.0644,307.115,-26.9372],"tipVelocity":[-90.1053,314.622,-417.689],"tool":false,"touchDistance":-0.582634,"touchZone":"touching","type":1,"width":20.7467},{"bases":[[[0.690654,-0.555328,-0.463258],[0.699929,0.674436,0.235023],[0.181923,-0.486567,0.854492]],[[0.696914,-0.572955,-0.431316],[0.576637,0.805264,-0.137982],[0.426381,-0.152551,0.891587]],[[0.696914,-0.572955,-0.431316],[0.231804,0.749111,-0.620564],[0.678659,0.332499,0.654879]],[[0.696914,-0.572955,-0.431316],[-0.0595863,0.553085,-0.830991],[0.714675,0.60483,0.351312]]],"btipPosition":[20.7698,303.372,-47.1849],"carpPosition":[84.1367,282.196,77.3397],"dipPosition":[33.5398,314.179,-40.9076],"direction":[-0.678659,-0.332499,-0.654879],"extended":false,"handId":373,"id":3732,"length":63.7124,"mcpPosition":[71.4311,316.178,17.6616],"pipPosition":[51.8897,323.169,-23.2007],"stabilizedTipPosition":[25.45,290.364,-29.114],"timeVisible":0.106778,"tipPosition":[22.3793,298.874,-37.7799],"tipVelocity":[-9.27002,435.417,-490.463],"tool":false,"touchDistance":-0.66641,"touchZone":"touching","type":2,"width":20.376}],"r":[[0.984283,0.173171,0.0346217],[-0.17258,0.984804,-0.0194119],[-0.0374572,0.0131318,0.999212]],"s":1.3038,"t":[-15.4796,36.9161,-11.1989],"timestamp":261676163118},{"currentFrameRate":32.0395,"devices":[],"gestures":[],"hands":[{"armBasis":[[0.700101,-0.235855,-0.673967],[0.568551,0.755155,0.32633],[0.431982,-0.611648,0.66278]],"armWidth":66.9541,"confidence":0.552545,"direction":[-0.0780002,0.580154,-0.810764],"elbow":[206.067,89.561,270.827],"grabAngle":1.34777,"grabStrength":0.199438,"id":373,"palmNormal":[-0.583516,-0.685957,-0.434709],"palmPosition":[70.784,299.754,32.7409],"palmVelocity":[-188.886,214.689,-203.943],"palmWidth":91.0846,"pinchDistance":40.7779,"pinchStrength":0.232851,"r":[[0.975675,0.214497,0.0452728],[-0.213703,0.976656,-0.0217595],[-0.0488833,0.0115553,0.998738]],"s":1.34856,"sphereCenter":[26.1106,259.232,-10.8785],"sphereRadius":72.0039,"stabilizedPalmPosition":[71.8234,298.403,33.8541],"t":[-17.9118,41.1181,-13.5831],"timeVisible":0.118078,"type":"right","wrist":[89.3106,254.878,91.6904]}],"id":220168,"interactionBox":{"center":[0,200,0],"size":[235.247,235.247,147.751]},"pointables":[{"bases":[[[0.678905,-0.648342,-0.344588],[0.73134,0.638712,0.239142],[0.0650466,-0.414365,0.907783]],[[0.676552,-0.635134,-0.37267],[0.631724,0.760641,-0.1495],[0.378421,-0.13428,0.915842]],[[0.676552,-0.635134,-0.37267],[0.319145,0.708968,-0.628896],[0.663645,0.306545,0.682353]],[[0.676552,-0.635134,-0.37267],[0.0457036,0.541314,-0.839578],[0.734976,0.550985,0.395255]]],"btipPosition":[40.4835,293.116,-51.8228],"carpPosition":[91.1765,279.291,69.0029],"dipPosition":[53.5407,302.904,-44.8009],"direction":[-0.663645,-0.306545,-0.682353],"extended":false,"handId":373,"id":3733,"length":61.2612,"mcpPosition":[87.0978,305.274,12.0802],"pipPosition":[71.0212,310.979,-26.8276],"stabilizedTipPosition":[43.8891,279.027,-33.8573],"timeVisible":0.118078,"tipPosition":[41.9266,287.836,-41.7342],"tipVelocity":[-9.00539,457.299,-456.003],"tool":false,"touchDistance":-0.664577,"touchZone":"touching","type":3,"width":19.3891},{"bases":[[[0.551637,-0.788505,-0.27195],[0.830885,0.490962,0.261889],[-0.0729839,-0.370427,0.92599]],[[0.555049,-0.764568,-0.327651],[0.783041,0.613161,-0.10431],[0.280655,-0.198667,0.939023]],[[0.555049,-0.764568,-0.327651],[0.473875,0.61437,-0.630866],[0.683639,0.194896,0.703316]],[[0.555049,-0.764568,-0.327651],[0.171729,0.490738,-0.854216],[0.813898,0.417865,0.403683]]],"btipPosition":[65.3567,285.283,-42.0308],"carpPosition":[96.6094,267.576,62.9855],"dipPosition":[78.696,292.132,-35.4146],"direction":[-0.683639,-0.194896,-0.703316],"extended":false,"handId":373,"id":3734,"length":48.0277,"mcpPosition":[100.846,289.077,9.23602],"pipPosition":[91.4099,295.757,-22.3348],"stabilizedTipPosition":[67.8753,275.745,-31.5679],"timeVisible":0.118078,"tipPosition":[65.6039,280.076,-32.2884],"tipVelocity":[0.395889,425.19,-356.844],"tool":false,"touchDistance":-0.528377,"touchZone":"touching","type":4,"width":17.2229},{"bases":[[[0.831969,0.550018,0.0728556],[-0.359155,0.433811,0.826327],[0.422889,-0.713645,0.558459]],[[0.82727,0.55783,0.0667115],[-0.334083,0.392996,0.856704],[0.451678,-0.731013,0.511475]],[[0.82727,0.55783,0.0667115],[-0.50528,0.68686,0.522413],[0.245596,-0.465884,0.850079]],[[0.82727,0.55783,0.0667115],[-0.559289,0.80651,0.191672],[0.0531172,-0.195876,0.979189]]],"btipPosition":[22.868,327.129,9.81408],"carpPosition":[54.5823,271.138,84.7214],"dipPosition":[24.0501,322.77,31.6041],"direction":[-0.245596,0.465884,-0.850079],"extended":false,"handId":373,"id":3730,"length":49.5544,"mcpPosition":[54.5823,271.138,84.7214],"pipPosition":[32.0122,307.666,59.1632],"stabilizedTipPosition":[24.3178,324.626,16.0124],"timeVisible":0.118078,"tipPosition":[19.8177,318.451,11.1395],"tipVelocity":[-177.465,212.455,-172.375],"tool":false,"touchDistance":1,"touchZone":"none","type":0,"width":21.7198},{"bases":[[[0.783775,-0.335543,-0.522597],[0.545521,0.774145,0.321102],[0.296823,-0.536759,0.789801]],[[0.81973,-0.413081,-0.396744],[0.436563,0.899029,-0.0340476],[0.370749,-0.145294,0.917297]],[[0.81973,-0.413081,-0.396744],[0.194821,0.852497,-0.485071],[0.538597,0.320333,0.779295]],[[0.81973,-0.413081,-0.396744],[0.000661215,0.693383,-0.720569],[0.572749,0.59041,0.56866]]],"btipPosition":[13.0068,315.745,-41.4054],"carpPosition":[71.6947,287.233,81.3805],"dipPosition":[22.3115,325.337,-32.1672],"direction":[-0.538597,-0.320333,-0.779294],"extended":true,"handId":373,"id":3731,"length":55.9166,"mcpPosition":[49.8349,326.764,23.2147],"pipPosition":[34.6897,332.699,-14.2573],"stabilizedTipPosition":[18.3618,305.55,-25.3865],"timeVisible":0.118078,"tipPosition":[13.6619,309.902,-31.5809],"tipVelocity":[-97.1055,333.746,-411.358],"tool":false,"touchDistance":-0.622429,"touchZone":"touching","type":1,"width":20.7467},{"bases":[[[0.712112,-0.531999,-0.458119],[0.676558,0.6943,0.24539],[0.187525,-0.484689,0.854348]],[[0.718559,-0.549557,-0.426216],[0.567783,0.817467,-0.0968043],[0.401617,-0.172438,0.899427]],[[0.718559,-0.549557,-0.426216],[0.269103,0.784817,-0.558252],[0.641293,0.286441,0.711825]],[[0.718559,-0.549557,-0.426216],[0.00535074,0.617199,-0.786789],[0.695446,0.563073,0.446435]]],"btipPosition":[20.737,308.726,-53.0237],"carpPosition":[82.0063,284.778,75.0896],"dipPosition":[33.1634,318.787,-45.0467],"direction":[-0.641293,-0.286441,-0.711825],"extended":true,"handId":373,"id":3732,"length":63.7124,"mcpPosition":[68.9094,318.629,15.4215],"pipPosition":[50.503,326.532,-25.8001],"stabilizedTipPosition":[25.1141,294.107,-33.1106],"timeVisible":0.118078,"tipPosition":[21.6479,302.83,-43.2589],"tipVelocity":[-9.89661,458.59,-482.113],"tool":false,"touchDistance":-0.70982,"touchZone":"touching","type":2,"width":20.376}],"r":[[0.975675,0.214497,0.0452728],[-0.213703,0.976656,-0.0217595],[-0.0488833,0.0115553,0.998738]],"s":1.34856,"t":[-17.9118,41.1181,-13.5831],"timestamp":261676174418},{"currentFrameRate":35.2026,"devices":[],"gestures":[],"hands":[{"armBasis":[[0.713577,-0.216255,-0.666365],[0.549393,0.762939,0.340722],[0.434713,-0.609228,0.663224]],"armWidth":66.9541,"confidence":0.591319,"direction":[-0.0832087,0.585093,-0.806686],"elbow":[205.214,92.0295,268.533],"grabAngle":1.26099,"grabStrength":0.137191,"id":373,"palmNormal":[-0.564348,-0.694844,-0.445762],"palmPosition":[68.8107,301.658,30.5157],"palmVelocity":[-180.311,173.999,-203.325],"palmWidth":91.0846,"pinchDistance":41.7373,"pinchStrength":0.184493,"r":[[0.966265,0.251414,0.0558841],[-0.250507,0.967846,-0.0227959],[-0.0598184,0.00802749,0.998177]],"s":1.38627,"sphereCenter":[21.3399,258.517,-14.465],"sphereRadius":76.4314,"stabilizedPalmPosition":[70.0866,300.279,31.9295],"t":[-20.1146,44.1712,-15.8879],"timeVisible":0.129022,"type":"right","wrist":[87.7199,256.692,89.276]}],"id":220169,"interactionBox":{"center":[0,200,0],"size":[235.247,235.247,147.751]},"pointables":[{"bases":[[[0.696066,-0.630478,-0.343496],[0.714962,0.652474,0.251211],[0.0657396,-0.420446,0.904933]],[[0.69292,-0.613353,-0.379025],[0.623493,0.773731,-0.112233],[0.362102,-0.15855,0.918555]],[[0.69292,-0.613353,-0.379025],[0.34519,0.743727,-0.572463],[0.633013,0.265836,0.727067]],[[0.69292,-0.613353,-0.379025],[0.099629,0.60209,-0.792188],[0.714098,0.511161,0.478308]]],"btipPosition":[40.446,298.358,-56.6167],"carpPosition":[89.3114,281.341,66.7988],"dipPosition":[53.1323,307.439,-48.1193],"direction":[-0.633013,-0.265836,-0.727067],"extended":true,"handId":373,"id":3733,"length":61.2612,"mcpPosition":[85.1892,307.705,10.0549],"pipPosition":[69.8059,314.441,-28.9683],"stabilizedTipPosition":[43.7846,283.286,-37.9935],"timeVisible":0.129022,"tipPosition":[41.4045,291.906,-46.4145],"tipVelocity":[-11.2237,464.154,-407.03],"tool":false,"touchDistance":-0.69327,"touchZone":"touching","type":3,"width":19.3891},{"bases":[[[0.571231,-0.773986,-0.273205],[0.817502,0.506743,0.273682],[-0.0733807,-0.379682,0.922202]],[[0.575037,-0.744574,-0.339032],[0.773764,0.629567,-0.0702469],[0.265747,-0.221936,0.938149]],[[0.575037,-0.744574,-0.339032],[0.499787,0.647789,-0.574963],[0.647723,0.161181,0.744631]],[[0.575037,-0.744574,-0.339032],[0.229488,0.544561,-0.806715],[0.785282,0.386087,0.484013]]],"btipPosition":[65.4629,289.973,-46.115],"carpPosition":[95.0544,269.798,60.737],"dipPosition":[78.3332,296.301,-38.1822],"direction":[-0.647723,-0.161181,-0.744631],"extended":true,"handId":373,"id":3734,"length":48.0277,"mcpPosition":[99.3138,291.837,7.20733],"pipPosition":[90.3791,299.298,-24.3341],"stabilizedTipPosition":[68.0294,280.157,-35.1466],"timeVisible":0.129022,"tipPosition":[65.2452,283.817,-36.2049],"tipVelocity":[-0.155207,417.567,-345.523],"tool":false,"touchDistance":-0.560593,"touchZone":"touching","type":4,"width":17.2229},{"bases":[[[0.819033,0.567391,0.0851556],[-0.376146,0.418935,0.826442],[0.433242,-0.708915,0.556544]],[[0.820269,0.565361,0.0867476],[-0.345656,0.369