{"frames":193,"data":[{"currentFrameRate":23.7986,"devices":[],"gestures":[],"hands":[],"id":220709,"interactionBox":{"center":[0,200,0],"size":[235.247,235.247,147.751]},"pointables":[],"r":[[-0.0794966,-0.728761,-0.680138],[0.446709,0.583909,-0.677865],[0.891141,-0.357712,0.279125]],"s":-5.62558,"t":[894.675,787.691,741.58],"timestamp":261691105123},{"currentFrameRate":23.7915,"devices":[],"gestures":[],"hands":[],"id":220710,"interactionBox":{"center":[0,200,0],"size":[235.247,235.247,147.751]},"pointables":[],"r":[[-0.0794966,-0.728761,-0.680138],[0.446709,0.583909,-0.677865],[0.891141,-0.357712,0.279125]],"s":-5.62558,"t":[894.675,787.691,741.58],"timestamp":261691147208},{"currentFrameRate":23.7839,"devices":[],"gestures":[],"hands":[],"id":220711,"interactionBox":{"center":[0,200,0],"size":[235.247,235.247,147.751]},"pointables":[],"r":[[-0.0794966,-0.728761,-0.680138],[0.446709,0.583909,-0.677865],[0.891141,-0.357712,0.279125]],"s":-5.62558,"t":[894.675,787.691,741.58],"timestamp":261691189311},{"currentFrameRate":23.7858,"devices":[],"gestures":[],"hands":[],"id":220712,"interactionBox":{"center":[0,200,0],"size":[235.247,235.247,147.751]},"pointables":[],"r":[[-0.0794966,-0.728761,-0.680138],[0.446709,0.583909,-0.677865],[0.891141,-0.357712,0.279125]],"s":-5.62558,"t":[894.675,787.691,741.58],"timestamp":261691231338},{"currentFrameRate":23.7886,"devices":[],"gestures":[],"hands":[],"id":220713,"interactionBox":{"center":[0,200,0],"size":[235.247,235.247,147.751]},"pointables":[],"r":[[-0.0794966,-0.728761,-0.680138],[0.446709,0.583909,-0.677865],[0.891141,-0.357712,0.279125]],"s":-5.62558,"t":[894.675,787.691,741.58],"timestamp":261691273354},{"currentFrameRate":23.7892,"devices":[],"gestures":[],"hands":[],"id":220714,"interactionBox":{"center":[0,200,0],"size":[235.247,235.247,147.751]},"pointables":[],"r":[[-0.0794966,-0.728761,-0.680138],[0.446709,0.583909,-0.677865],[0.891141,-0.357712,0.279125]],"s":-5.62558,"t":[894.675,787.691,741.58],"timestamp":261691315385},{"currentFrameRate":23.7958,"devices":[],"gestures":[],"hands":[],"id":220715,"interactionBox":{"center":[0,200,0],"size":[235.247,235.247,147.751]},"pointables":[],"r":[[-0.0794966,-0.728761,-0.680138],[0.446709,0.583909,-0.677865],[0.891141,-0.357712,0.279125]],"s":-5.62558,"t":[894.675,787.691,741.58],"timestamp":261691357360},{"currentFrameRate":23.7582,"devices":[],"gestures":[],"hands":[],"id":220716,"interactionBox":{"center":[0,200,0],"size":[235.247,235.247,147.751]},"pointables":[],"r":[[-0.0794966,-0.728761,-0.680138],[0.446709,0.583909,-0.677865],[0.891141,-0.357712,0.279125]],"s":-5.62558,"t":[894.675,787.691,741.58],"timestamp":261691399735},{"currentFrameRate":23.7923,"devices":[],"gestures":[],"hands":[{"armBasis":[[0.411326,-0.859848,-0.302443],[0.823516,0.492794,-0.281025],[0.390681,-0.133474,0.910798]],"armWidth":62.9175,"confidence":0,"direction":[0.102462,0.446925,-0.888684],"elbow":[209.31,106.939,365.947],"grabAngle":3.14159,"grabStrength":1,"id":374,"palmNormal":[-0.921228,-0.294416,-0.254278],"palmPosition":[100.649,177.928,57.465],"palmVelocity":[1.19209e-7,1.19209e-7,1.19209e-7],"palmWidth":89.8441,"pinchDistance":21.9622,"pinchStrength":0.754883,"r":[[1,4.16334e-18,2.77556e-18],[-4.16334e-18,1,-2.31112e-35],[-2.77556e-18,1.15556e-35,1]],"s":1,"sphereCenter":[63.2876,167.513,30.5507],"sphereRadius":38.9871,"stabilizedPalmPosition":[100.649,177.928,57.465],"t":[0,0,0],"timeVisible":0,"type":"right","wrist":[105.154,142.523,123.129]}],"id":220717,"interactionBox":{"center":[0,200,0],"size":[235.247,235.247,147.751]},"pointables":[{"bases":[[[0.994979,0.0106241,-0.0995142],[0.069971,0.637086,0.767611],[0.0715543,-0.77072,0.633144]],[[0.953517,0.183381,-0.239116],[0.0591768,0.664108,0.745291],[0.295471,-0.724798,0.622387]],[[0.953517,0.183381,-0.239116],[-0.0602603,0.893523,0.444955],[0.295252,-0.409863,0.86304]],[[0.953517,0.183381,-0.239116],[-0.168809,0.982377,0.0802406],[0.249617,-0.0361458,0.96767]]],"btipPosition":[50.9345,218.483,32],"carpPosition":[81.2064,168.124,114.094],"dipPosition":[56.7029,217.647,54.3618],"direction":[-0.295252,0.409863,-0.86304],"extended":false,"handId":374,"id":3740,"length":51.46,"mcpPosition":[81.2064,168.124,114.094],"pipPosition":[66.6429,203.849,83.417],"stabilizedTipPosition":[52.2613,218.29,37.1432],"timeVisible":0,"tipPosition":[52.2613,218.29,37.1432],"tipVelocity":[1.19209e-7,1.19209e-7,1.19209e-7],"tool":false,"touchDistance":1,"touchZone":"none","type":0,"width":19.995},{"bases":[[[0.387162,-0.757703,-0.525349],[0.916673,0.377554,0.131012],[0.0990797,-0.532296,0.840741]],[[0.398258,-0.835796,-0.377936],[0.438227,0.535326,-0.722069],[0.805821,0.121948,0.579466]],[[0.398258,-0.835796,-0.377936],[-0.675909,0.0111454,-0.736901],[0.620111,0.548927,-0.560483]],[[0.398258,-0.835796,-0.377936],[-0.916408,-0.344645,-0.203511],[0.0398398,0.427393,-0.903187]]],"btipPosition":[46.2107,184.987,49.533],"carpPosition":[103.064,171.803,106.575],"dipPosition":[46.8829,192.197,34.2958],"direction":[-0.620111,-0.548927,0.560483],"extended":false,"handId":374,"id":3741,"length":58.0669,"mcpPosition":[95.8664,210.471,45.501],"pipPosition":[61.6824,205.298,20.9193],"stabilizedTipPosition":[46.3653,186.645,46.0284],"timeVisible":0,"tipPosition":[46.3653,186.645,46.0284],"tipVelocity":[1.19209e-7,1.19209e-7,1.19209e-7],"tool":false,"touchDistance":0.333333,"touchZone":"none","type":1,"width":19.0992},{"bases":[[[0.235007,-0.87584,-0.421517],[0.970883,0.232242,0.0587355],[0.046451,-0.423047,0.904916]],[[0.237228,-0.89802,-0.370518],[0.415706,0.438562,-0.796776],[0.878016,0.0349909,0.477351]],[[0.237228,-0.89802,-0.370518],[-0.787834,0.0453037,-0.61422],[0.568367,0.437617,-0.696743]],[[0.237228,-0.89802,-0.370518],[-0.969615,-0.242335,-0.0334608],[-0.0597411,0.367198,-0.928222]]],"btipPosition":[49.3656,172.011,51.7166],"carpPosition":[109.204,163.634,99.9876],"dipPosition":[48.2571,178.825,34.4931],"direction":[-0.568367,-0.437617,0.696743],"extended":false,"handId":374,"id":3742,"length":66.1626,"mcpPosition":[106.004,192.778,37.6485],"pipPosition":[64.2159,191.112,14.9298],"stabilizedTipPosition":[49.1107,173.579,47.7552],"timeVisible":0,"tipPosition":[49.1107,173.579,47.7552],"tipVelocity":[1.19209e-7,1.19209e-7,1.19209e-7],"tool":false,"touchDistance":0.333333,"touchZone":"none","type":2,"width":18.7579},{"bases":[[[0.165419,-0.943547,-0.286977],[0.986178,0.155469,0.0572868],[-0.00943659,-0.292487,0.956223]],[[0.165155,-0.950088,-0.264683],[0.431977,0.31094,-0.846588],[0.886634,0.0254815,0.46177]],[[0.165155,-0.950088,-0.264683],[-0.765693,0.0456365,-0.641586],[0.621642,0.308627,-0.719938]],[[0.165155,-0.950088,-0.264683],[-0.985838,-0.166946,-0.0158774],[-0.0291029,0.263557,-0.964205]]],"btipPosition":[57.867,157.274,52.1843],"carpPosition":[112.866,153.611,94.2187],"dipPosition":[57.3301,162.136,34.396],"direction":[-0.621642,-0.308627,0.719938],"extended":false,"handId":374,"id":3743,"length":63.6171,"mcpPosition":[113.449,171.702,35.0753],"pipPosition":[74.3339,170.578,14.7034],"stabilizedTipPosition":[57.7435,158.392,48.093],"timeVisible":0,"tipPosition":[57.7435,158.392,48.093],"tipVelocity":[1.19209e-7,1.19209e-7,1.19209e-7],"tool":false,"touchDistance":0.333333,"touchZone":"none","type":3,"width":17.8494},{"bases":[[[-0.00201922,-0.983688,-0.17987],[0.995168,-0.0196346,0.0962075],[-0.0981699,-0.178806,0.978974]],[[-0.00590629,-0.989999,-0.14095],[0.470818,0.121599,-0.87381],[0.88221,-0.0715229,0.465392]],[[-0.00590629,-0.989999,-0.14095],[-0.710025,0.103406,-0.696543],[0.704152,0.0959641,-0.703535]],[[-0.00590629,-0.989999,-0.14095],[-0.998585,0.0132897,-0.0514994],[0.0528576,0.140446,-0.988676]]],"btipPosition":[70.5547,148.985,48.0321],"carpPosition":[110.234,140.494,89.9179],"dipPosition":[71.4544,151.376,31.2051],"direction":[-0.704152,-0.0959641,0.703535],"extended":false,"handId":374,"id":3744,"length":49.8746,"mcpPosition":[115.855,150.732,33.8668],"pipPosition":[85.0533,153.229,17.6181],"stabilizedTipPosition":[70.7617,149.535,44.1619],"timeVisible":0,"tipPosition":[70.7617,149.535,44.1619],"tipVelocity":[1.19209e-7,1.19209e-7,1.19209e-7],"tool":false,"touchDistance":0.333333,"touchZone":"none","type":4,"width":15.8552}],"r":[[1,4.16334e-18,2.77556e-18],[-4.16334e-18,1,-2.31112e-35],[-2.77556e-18,1.15556e-35,1]],"s":1,"t":[0,0,0],"timestamp":261691441507},{"currentFrameRate":23.7983,"devices":[],"gestures":[],"hands":[{"armBasis":[[0.513095,-0.719985,-0.467286],[0.75178,0.639677,-0.160123],[0.414198,-0.269138,0.869485]],"armWidth":65.7245,"confidence":0.21759,"direction":[0.0688745,0.431094,-0.899675],"elbow":[213.064,91.3906,350.459],"grabAngle":2.94564,"grabStrength":1,"id":374,"palmNormal":[-0.815704,-0.49486,-0.299566],"palmPosition":[94.7005,197.419,52.2843],"palmVelocity":[-141.727,464.364,-123.422],"palmWidth":89.8441,"pinchDistance":29.2568,"pinchStrength":0.514268,"r":[[0.998967,0.0435605,0.012976],[-0.0434434,0.999014,-0.0091681],[-0.0133626,0.00859491,0.999874]],"s":1.03985,"sphereCenter":[52.9036,187.532,24.4764],"sphereRadius":42.4978,"stabilizedPalmPosition":[95.1263,196.024,52.6552],"t":[-2.9745,9.74583,-2.59032],"timeVisible":0.041975,"type":"right","wrist":[102.639,163.143,118.655]}],"id":220718,"interactionBox":{"center":[0,200,0],"size":[235.247,235.247,147.751]},"pointables":[{"bases":[[[0.974146,0.223127,-0.0354014],[-0.124322,0.660285,0.740653],[0.188635,-0.717103,0.670954]],[[0.932218,0.333404,-0.14075],[-0.0684853,0.54442,0.836012],[0.355357,-0.769707,0.530352]],[[0.932218,0.333404,-0.14075],[-0.219752,0.830511,0.511821],[0.287537,-0.446199,0.847484]],[[0.932218,0.333404,-0.14075],[-0.303544,0.932117,0.197531],[0.197053,-0.141419,0.97014]]],"btipPosition":[41.7977,241.836,30.1744],"carpPosition":[73.7317,185.37,107.927],"dipPosition":[46.4105,238.525,52.8843],"direction":[-0.287537,0.446199,-0.847484],"extended":true,"handId":374,"id":3740,"length":52.1283,"mcpPosition":[73.7317,185.37,107.927],"pipPosition":[56.2165,223.308,81.7864],"stabilizedTipPosition":[43.1027,240.483,35.443],"timeVisible":0.041975,"tipPosition":[41.9893,235.627,32.4458],"tipVelocity":[-224.005,542.792,-41.5853],"tool":false,"touchDistance":1,"touchZone":"none","type":0,"width":21.2787},{"bases":[[[0.577765,-0.671408,-0.464111],[0.802446,0.571218,0.172598],[0.149225,-0.472145,0.868799]],[[0.536544,-0.564093,-0.62763],[0.347684,0.82546,-0.44467],[0.768919,0.0203684,0.639022]],[[0.536544,-0.564093,-0.62763],[-0.699358,0.118982,-0.704799],[0.472249,0.817094,-0.330664]],[[0.536544,-0.564093,-0.62763],[-0.82763,-0.496976,-0.260853],[-0.164771,0.659404,-0.73351]]],"btipPosition":[42.2988,195.871,31.633],"carpPosition":[94.7823,193.471,101.676],"dipPosition":[39.4829,207.139,19.0977],"direction":[-0.472249,-0.817094,0.330664],"extended":false,"handId":374,"id":3741,"length":58.821,"mcpPosition":[83.9421,227.769,38.5638],"pipPosition":[50.9,226.893,11.1036],"stabilizedTipPosition":[45.2467,189.449,41.9283],"timeVisible":0.041975,"tipPosition":[41.1744,195.878,33.3128],"tipVelocity":[-112.309,281.53,-411.639],"tool":false,"touchDistance":0.333333,"touchZone":"none","type":1,"width":20.3254},{"bases":[[[0.447294,-0.816499,-0.365044],[0.891653,0.43898,0.110682],[0.0698752,-0.375,0.924388]],[[0.442299,-0.792544,-0.419817],[0.506748,0.607051,-0.612124],[0.739985,0.0580006,0.670118]],[[0.442299,-0.792544,-0.419817],[-0.636788,0.052116,-0.769276],[0.631564,0.607584,-0.481631]],[[0.442299,-0.792544,-0.419817],[-0.890793,-0.333814,-0.308312],[0.10421,0.510336,-0.853638]]],"btipPosition":[42.5816,182.793,29.6351],"carpPosition":[102.993,186.63,95.8787],"dipPosition":[44.5404,192.386,13.5899],"direction":[-0.631564,-0.607584,0.481631],"extended":false,"handId":374,"id":3742,"length":67.0218,"mcpPosition":[98.1796,212.464,32.1982],"pipPosition":[62.5039,209.667,-0.109104],"stabilizedTipPosition":[47.8898,175.872,43.3747],"timeVisible":0.041975,"tipPosition":[44.3503,183.6,31.6848],"tipVelocity":[-144.813,272.092,-519.606],"tool":false,"touchDistance":0.333333,"touchZone":"none","type":2,"width":19.9622},{"bases":[[[0.384204,-0.893538,-0.232332],[0.923105,0.367346,0.11373],[-0.0162757,-0.258162,0.965965]],[[0.384488,-0.876449,-0.289837],[0.59791,0.475654,-0.64518],[0.70333,0.0747677,0.706921]],[[0.384488,-0.876449,-0.289837],[-0.565822,0.0243286,-0.824169],[0.729393,0.480879,-0.48656]],[[0.384488,-0.876449,-0.289837],[-0.903637,-0.293156,-0.31225],[0.188704,0.381964,-0.904707]]],"btipPosition":[54.9668,169.632,29.8729],"carpPosition":[109.129,177.468,90.8219],"dipPosition":[58.4933,176.77,12.9655],"direction":[-0.729393,-0.480879,0.48656],"extended":false,"handId":374,"id":3743,"length":64.4432,"mcpPosition":[110.135,193.436,31.0759],"pipPosition":[78.7036,190.095,-0.516265],"stabilizedTipPosition":[57.3458,160.998,43.6199],"timeVisible":0.041975,"tipPosition":[56.5751,170.273,31.9974],"tipVelocity":[-46.8293,306.89,-526.713],"tool":false,"touchDistance":0.333333,"touchZone":"none","type":3,"width":18.9953},{"bases":[[[0.221897,-0.965743,-0.134547],[0.966536,0.199635,0.1611],[-0.128721,-0.165792,0.977724]],[[0.242562,-0.915612,-0.320652],[0.678728,0.396327,-0.618266],[0.693175,-0.0676673,0.717586]],[[0.242562,-0.915612,-0.320652],[-0.504601,0.16322,-0.847784],[0.828578,0.367442,-0.422427]],[[0.242562,-0.915612,-0.320652],[-0.922609,-0.11553,-0.368029],[0.299927,0.385107,-0.872775]]],"btipPosition":[71.1625,162.025,28.9159],"carpPosition":[109.689,163.967,86.9631],"dipPosition":[76.3334,168.664,13.8686],"direction":[-0.828578,-0.367442,0.422428],"extended":false,"handId":374,"id":3744,"length":50.5223,"mcpPosition":[117.059,173.459,30.9836],"pipPosition":[92.5431,175.853,5.6045],"stabilizedTipPosition":[71.2236,153.607,38.727],"timeVisible":0.041975,"tipPosition":[72.4838,163.221,31.3511],"tipVelocity":[37.8826,333.935,-445.668],"tool":false,"touchDistance":0.333333,"touchZone":"none","type":4,"width":16.8731}],"r":[[0.998967,0.0435605,0.012976],[-0.0434434,0.999014,-0.0091681],[-0.0133626,0.00859491,0.999874]],"s":1.03985,"t":[-2.9745,9.74583,-2.59032],"timestamp":261691483482},{"currentFrameRate":24.8411,"devices":[],"gestures":[],"hands":[{"armBasis":[[0.588789,-0.563492,-0.579487],[0.666497,0.744067,-0.0463335],[0.457285,-0.358945,0.813664]],"armWidth":65.7245,"confidence":0.373509,"direction":[0.0533875,0.530894,-0.845755],"elbow":[219.283,81.1472,327.451],"grabAngle":2.69126,"grabStrength":1,"id":374,"palmNormal":[-0.726588,-0.560342,-0.397601],"palmPosition":[87.4893,217.399,48.0372],"palmVelocity":[-221.678,614.186,-130.561],"palmWidth":89.8441,"pinchDistance":25.7009,"pinchStrength":0.618661,"r":[[0.993935,0.103824,0.0362462],[-0.103988,0.994575,0.00266521],[-0.0357729,-0.00641823,0.999339]],"s":1.07529,"sphereCenter":[46.5025,205.487,15.6309],"sphereRadius":45.1444,"stabilizedPalmPosition":[87.7161,216.764,48.1743],"t":[-8.06734,24.6085,-6.00905],"timeVisible":0.074505,"type":"right","wrist":[97.3709,176.842,110.529]}],"id":220719,"interactionBox":{"center":[0,200,0],"size":[235.247,235.247,147.751]},"pointables":[{"bases":[[[0.935938,0.348959,0.0474079],[-0.247176,0.555045,0.794248],[0.250847,-0.755085,0.605742]],[[0.908837,0.417062,-0.00861824],[-0.202436,0.459013,0.865059],[0.364739,-0.784453,0.501596]],[[0.908837,0.417062,-0.00861824],[-0.344103,0.761208,0.549687],[0.235814,-0.49661,0.835327]],[[0.908837,0.417062,-0.00861824],[-0.413025,0.902554,0.121681],[0.058527,-0.107029,0.992532]]],"btipPosition":[38.2974,254.929,24.3396],"carpPosition":[65.6871,196.823,100.784],"dipPosition":[39.6675,252.424,47.5737],"direction":[-0.235814,0.49661,-0.835327],"extended":true,"handId":374,"id":3740,"length":52.1283,"mcpPosition":[65.6871,196.823,100.784],"pipPosition":[47.7095,235.488,76.0612],"stabilizedTipPosition":[38.8084,253.748,29.9347],"timeVisible":0.074505,"tipPosition":[34.0721,251.971,29.2256],"tipVelocity":[-130.53,408.207,-175.66],"tool":false,"touchDistance":1,"touchZone":"none","type":0,"width":21.2787},{"bases":[[[0.684236,-0.537578,-0.492778],[0.709295,0.647612,0.278386],[0.169475,-0.540007,0.824421]],[[0.640721,-0.427644,-0.63765],[0.401397,0.894553,-0.196608],[0.65449,-0.12998,0.744814]],[[0.640721,-0.427644,-0.63765],[-0.545566,0.330775,-0.77003],[0.540217,0.841254,-0.0213734]],[[0.640721,-0.427644,-0.63765],[-0.755254,-0.201687,-0.623629],[0.138086,0.88116,-0.452205]]],"btipPosition":[29.8785,217.605,13.0411],"carpPosition":[85.7346,208.188,96.6912],"dipPosition":[32.2383,232.663,5.3131],"direction":[-0.540217,-0.841254,0.0213734],"extended":false,"handId":374,"id":3741,"length":58.821,"mcpPosition":[73.4234,247.416,36.8027],"pipPosition":[45.2986,253.001,4.79638],"stabilizedTipPosition":[36.6596,207.763,24.167],"timeVisible":0.074505,"tipPosition":[32.7672,216.551,17.7894],"tipVelocity":[-345.216,694.918,-537.542],"tool":false,"touchDistance":0.333333,"touchZone":"none","type":1,"width":20.3254},{"bases":[[[0.569832,-0.708066,-0.417055],[0.818311,0.535392,0.209101],[0.0752306,-0.460433,0.884501]],[[0.564295,-0.679182,-0.469343],[0.541418,0.733629,-0.410677],[0.623248,-0.0223677,0.781705]],[[0.564295,-0.679182,-0.469343],[-0.461936,0.211427,-0.861344],[0.684241,0.702859,-0.194432]],[[0.564295,-0.679182,-0.469343],[-0.7947,-0.292859,-0.531682],[0.223658,0.673012,-0.705005]]],"btipPosition":[36.1619,203.281,10.9146],"carpPosition":[95.0579,203.125,90.7527],"dipPosition":[40.3658,215.931,-2.33683],"direction":[-0.684241,-0.702859,0.194432],"extended":false,"handId":374,"id":3742,"length":67.0218,"mcpPosition":[89.8753,234.844,29.8201],"pipPosition":[59.8276,235.922,-7.86703],"stabilizedTipPosition":[42.8151,190.17,26.6299],"timeVisible":0.074505,"tipPosition":[38.8722,202.74,15.7471],"tipVelocity":[-181.475,651.417,-555.73],"tool":false,"touchDistance":0.333333,"touchZone":"none","type":2,"width":19.9622},{"bases":[[[0.511372,-0.806437,-0.296916],[0.858913,0.468485,0.206859],[-0.0277182,-0.360807,0.932229]],[[0.512114,-0.78335,-0.352282],[0.654554,0.621498,-0.430463],[0.556146,-0.0101418,0.831023]],[[0.512114,-0.78335,-0.352282],[-0.368948,0.169755,-0.913816],[0.77564,0.597952,-0.202081]],[[0.512114,-0.78335,-0.352282],[-0.796755,-0.280062,-0.535488],[0.320814,0.554913,-0.767561]]],"btipPosition":[51.9759,191.258,10.334],"carpPosition":[102.603,195.427,85.1879],"dipPosition":[57.9714,201.628,-4.01036],"direction":[-0.77564,-0.597952,0.202081],"extended":false,"handId":374,"id":3743,"length":64.4432,"mcpPosition":[104.317,217.743,27.5286],"pipPosition":[79.4631,218.196,-9.6097],"stabilizedTipPosition":[55.5021,176.079,26.7187],"timeVisible":0.074505,"tipPosition":[53.8869,190.646,15.3056],"tipVelocity":[-74.484,687.652,-582.52],"tool":false,"touchDistance":0.333333,"touchZone":"none","type":3,"width":18.9953},{"bases":[[[0.355733,-0.909023,-0.217096],[0.922148,0.303622,0.239702],[-0.15198,-0.285464,0.946262]],[[0.380268,-0.825201,-0.417659],[0.765128,0.534381,-0.359189],[0.519592,-0.182974,0.834593]],[[0.380268,-0.825201,-0.417659],[-0.315686,0.308655,-0.897259],[0.869332,0.473048,-0.143133]],[[0.380268,-0.825201,-0.417659],[-0.806651,-0.0750017,-0.58625],[0.452449,0.559837,-0.694171]]],"btipPosition":[70.6723,186.515,11.1047],"carpPosition":[105.155,182.605,80.0321],"dipPosition":[78.4729,196.167,-0.863265],"direction":[-0.869332,-0.473048,0.143133],"extended":false,"handId":374,"id":3744,"length":50.5223,"mcpPosition":[113.856,198.95,25.8539],"pipPosition":[95.4799,205.421,-3.66341],"stabilizedTipPosition":[71.9588,174.387,20.7584],"timeVisible":0.074505,"tipPosition":[71.7003,185.584,16.2123],"tipVelocity":[3.52551,774.136,-525.757],"tool":false,"touchDistance":0.333333,"touchZone":"none","type":4,"width":16.8731}],"r":[[0.993935,0.103824,0.0362462],[-0.103988,0.994575,0.00266521],[-0.0357729,-0.00641823,0.999339]],"s":1.07529,"t":[-8.06734,24.6085,-6.00905],"timestamp":261691516012},{"currentFrameRate":26.9744,"devices":[],"gestures":[],"hands":[{"armBasis":[[0.666194,-0.364585,-0.650587],[0.574698,0.806938,0.136281],[0.475298,-0.464681,0.747103]],"armWidth":65.7245,"confidence":0.469245,"direction":[-0.00814642,0.592707,-0.805377],"elbow":[221.97,64.5614,303.256],"grabAngle":2.28344,"grabStrength":1,"id":374,"palmNormal":[-0.620167,-0.634796,-0.460897],"palmPosition":[80.9555,232.699,44.9047],"palmVelocity":[-295.18,691.208,-141.519],"palmWidth":89.8441,"pinchDistance":27.5246,"pinchStrength":0.534252,"r":[[0.981349,0.181244,0.064063],[-0.183062,0.982816,0.023703],[-0.0586661,-0.0349885,0.997664]],"s":1.10954,"sphereCenter":[43.0797,214.614,8.23691],"sphereRadius":48.5851,"stabilizedPalmPosition":[81.3375,231.798,45.0894],"t":[-13.8807,39.6897,-9.28468],"timeVisible":0.09664,"type":"right","wrist":[95.2554,188.445,104.079]}],"id":220720,"interactionBox":{"center":[0,200,0],"size":[235.247,235.247,147.751]},"pointables":[{"bases":[[[0.638007,-0.694826,-0.33191],[0.770016,0.578386,0.269342],[0.00482613,-0.427418,0.904041]],[[0.63462,-0.65076,-0.416856],[0.589778,0.756383,-0.282924],[0.499418,-0.0663035,0.86382]],[[0.63462,-0.65076,-0.416856],[-0.165796,0.412191,-0.895885],[0.75483,0.63766,0.153692]],[[0.63462,-0.65076,-0.416856],[-0.568211,-0.0272963,-0.82243],[0.523826,0.758793,-0.387092]]],"btipPosition":[45.0221,208.219,-10.5332],"carpPosition":[98.344,210.669,81.0112],"dipPosition":[54.8115,222.4,-17.7673],"direction":[-0.75483,-0.63766,-0.153692],"extended":false,"handId":374,"id":3743,"length":64.4432,"mcpPosition":[98.0455,237.105,25.0952],"pipPosition":[75.7266,240.068,-13.5088],"stabilizedTipPosition":[52.7984,187.712,13.9314],"timeVisible":0.09664,"tipPosition":[49.6991,207.985,-2.74631],"tipVelocity":[-274.734,805.854,-868.846],"tool":false,"touchDistance":0.0128017,"touchZone":"hovering","type":3,"width":18.9953},{"bases":[[[0.498219,-0.825576,-0.264956],[0.857256,0.423226,0.293244],[-0.129959,-0.373235,0.918589]],[[0.512935,-0.751556,-0.414804],[0.738878,0.632517,-0.23234],[0.436987,-0.187314,0.879748]],[[0.512935,-0.751556,-0.414804],[-0.0400269,0.461748,-0.886107],[0.857494,0.471118,0.206764]],[[0.512935,-0.751556,-0.414804],[-0.509307,0.12254,-0.851816],[0.691017,0.648188,-0.319918]]],"btipPosition":[66.2871,206.401,-7.14112],"carpPosition":[102.99,198.798,75.0963],"dipPosition":[78.2007,217.576,-12.6567],"direction":[-0.857494,-0.471118,-0.206764],"extended":false,"handId":374,"id":3744,"length":50.5223,"mcpPosition":[110.431,220.168,22.5025],"pipPosition":[94.9761,226.792,-8.61176],"stabilizedTipPosition":[70.6072,190.332,7.3106],"timeVisible":0.09664,"tipPosition":[70.0778,205.1,1.01987],"tipVelocity":[-155.376,914.223,-757.254],"tool":false,"touchDistance":0.175568,"touchZone":"hovering","type":4,"width":16.8731},{"bases":[[[0.868756,0.483962,0.105091],[-0.350776,0.451524,0.820416],[0.349599,-0.749605,0.562027]],[[0.857239,0.507477,0.0872245],[-0.315683,0.384128,0.867635],[0.4068,-0.771305,0.489492]],[[0.857239,0.507477,0.0872245],[-0.46025,0.679196,0.571719],[0.230892,-0.530244,0.8158]],[[0.857239,0.507477,0.0872245],[-0.514229,0.83495,0.196028],[0.0266517,-0.212896,0.976711]]],"btipPosition":[32.7238,266.338,20.4946],"carpPosition":[61.2726,205.254,95.3065],"dipPosition":[33.3477,261.354,43.3584],"direction":[-0.230892,0.530244,-0.8158],"extended":true,"handId":374,"id":3740,"length":52.1283,"mcpPosition":[61.2726,205.254,95.3065],"pipPosition":[41.2219,243.271,71.18],"stabilizedTipPosition":[33.4038,264.158,26.1309],"timeVisible":0.09664,"tipPosition":[26.2888,261.579,26.2918],"tipVelocity":[-259.553,489.648,-177.555],"tool":false,"touchDistance":1,"touchZone":"none","type":0,"width":21.2787},{"bases":[[[0.771924,-0.38916,-0.502681],[0.592577,0.726794,0.347308],[0.230188,-0.565973,0.791636]],[[0.758483,-0.35828,-0.544369],[0.384942,0.92033,-0.0693715],[0.525854,-0.156934,0.835972]],[[0.758483,-0.35828,-0.544369],[-0.385759,0.426422,-0.81814],[0.525255,0.830542,0.185224]],[[0.758483,-0.35828,-0.544369],[-0.575544,0.0235691,-0.817431],[0.3057,0.933317,-0.188329]]],"btipPosition":[22.1657,231.654,-1.9628],"carpPosition":[79.4071,219.825,92.7272],"dipPosition":[27.39,247.603,-5.18125],"direction":[-0.525255,-0.830542,-0.185224],"extended":false,"handId":374,"id":3741,"length":58.821,"mcpPosition":[62.6856,260.939,35.2203],"pipPosition":[40.0885,267.683,-0.703275],"stabilizedTipPosition":[30.8593,219.789,12.4417],"timeVisible":0.09664,"tipPosition":[25.787,230.081,5.65185],"tipVelocity":[-318.679,643.957,-630.977],"tool":false,"touchDistance":0.157275,"touchZone":"hovering","type":1,"width":20.3254},{"bases":[[[0.68352,-0.580207,-0.4429],[0.719459,0.637936,0.27462],[0.123205,-0.506356,0.853477]],[[0.668827,-0.529788,-0.521531],[0.473933,0.844348,-0.249928],[0.572763,-0.0800122,0.815807]],[[0.668827,-0.529788,-0.521531],[-0.284922,0.46529,-0.838048],[0.686651,0.709105,0.16025]],[[0.668827,-0.529788,-0.521531],[-0.634898,-0.0420971,-0.771448],[0.386749,0.847085,-0.364517]]],"btipPosition":[26.6525,219.344,-9.02857],"carpPosition":[89.5535,216.695,86.8046],"dipPosition":[33.9219,235.266,-15.8801],"direction":[-0.686651,-0.709105,-0.16025],"extended":false,"handId":374,"id":3742,"length":67.0218,"mcpPosition":[81.066,251.578,28.0091],"pipPosition":[53.4523,255.435,-11.3222],"stabilizedTipPosition":[37.8256,201.476,13.809],"timeVisible":0.09664,"tipPosition":[31.658,218.751,-1.74345],"tipVelocity":[-397.754,759.694,-834.481],"tool":false,"touchDistance":0.0554783,"touchZone":"hovering","type":2,"width":19.9622}],"r":[[0.981349,0.181244,0.064063],[-0.183062,0.982816,0.023703],[-0.0586661,-0.0349885,0.997664]],"s":1.10954,"t":[-13.8807,39.6897,-9.28468],"timestamp":261691538147},{"currentFrameRate":28.9385,"devices":[],"gestures":[],"hands":[{"armBasis":[[0.703222,-0.249831,-0.66563],[0.537322,0.799843,0.267462],[0.465579,-0.545742,0.696707]],"armWidth":65.7245,"confidence":0.553577,"direction":[-0.0187568,0.638971,-0.769002],"elbow":[216.206,52.6469,283.452],"grabAngle":1.98317,"grabStrength":0.798328,"id":374,"palmNormal":[-0.568204,-0.639673,-0.517651],"palmPosition":[77.158,245.684,41.2572],"palmVelocity":[-174.835,597.834,-167.933],"palmWidth":89.8441,"pinchDistance":29.9186,"pinchStrength":0.320626,"r":[[0.962998,0.251783,0.0961235],[-0.257227,0.965107,0.049015],[-0.0804284,-0.0719269,0.994162]],"s":1.15745,"sphereCenter":[40.2937,223.271,-0.738978],"sphereRadius":54.7645,"stabilizedPalmPosition":[77.3473,245.055,41.4307],"t":[-18.686,53.7229,-12.7462],"timeVisible":0.11836,"type":"right","wrist":[92.0826,198.142,97.7104]}],"id":220721,"interactionBox":{"center":[0,200,0],"size":[235.247,235.247,147.751]},"pointables":[{"bases":[[[0.68695,-0.636395,-0.350857],[0.726699,0.603498,0.328176],[0.00289164,-0.480408,0.87704]],[[0.684967,-0.600233,-0.412965],[0.593554,0.788431,-0.161461],[0.422508,-0.134522,0.896321]],[[0.684967,-0.600233,-0.412965],[0.0325319,0.591444,-0.805689],[0.727847,0.538436,0.424647]],[[0.684967,-0.600233,-0.412965],[-0.369319,0.202542,-0.906962],[0.628032,0.773755,-0.0829431]]],"btipPosition":[43.7564,228.87,-27.9556],"carpPosition":[94.7214,222.523,76.5629],"dipPosition":[55.4933,243.33,-29.5057],"direction":[-0.727847,-0.538436,-0.424647],"extended":false,"handId":374,"id":3743,"length":64.4432,"mcpPosition":[94.5425,252.237,22.317],"pipPosition":[75.6607,258.249,-17.7394],"stabilizedTipPosition":[52.7984,187.712,13.9314],"timeVisible":0.11836,"tipPosition":[47.6577,227.105,-18.3827],"tipVelocity":[-37.6502,953.725,-741.946],"tool":false,"touchDistance":-0.305783,"touchZone":"hovering","type":3,"width":18.9953},{"bases":[[[0.55309,-0.778629,-0.29636],[0.822079,0.452339,0.345796],[-0.135192,-0.434888,0.890278]],[[0.564122,-0.729371,-0.38702],[0.7549,0.645479,-0.116112],[0.334503,-0.22666,0.914731]],[[0.564122,-0.729371,-0.38702],[0.188872,0.570282,-0.799441],[0.8038,0.377885,0.459466]],[[0.564122,-0.729371,-0.38702],[-0.254134,0.292597,-0.921848],[0.78561,0.618389,-0.0202977]]],"btipPosition":[66.865,226.175,-21.8451],"carpPosition":[100.225,211.313,70.118],"dipPosition":[80.4095,236.837,-22.1951],"direction":[-0.8038,-0.377885,-0.459466],"extended":false,"handId":374,"id":3744,"length":50.5223,"mcpPosition":[107.965,236.213,19.1452],"pipPosition":[96.1345,244.229,-13.2064],"stabilizedTipPosition":[70.6072,190.332,7.3106],"timeVisible":0.11836,"tipPosition":[69.5354,223.758,-11.8351],"tipVelocity":[43.8787,904.99,-622.278],"tool":false,"touchDistance":-0.0996972,"touchZone":"hovering","type":4,"width":16.8731},{"bases":[[[0.835599,0.524904,0.162019],[-0.400654,0.380543,0.833464],[0.375834,-0.761355,0.528287]],[[0.84066,0.514445,0.169228],[-0.363582,0.304531,0.88038],[0.401372,-0.801628,0.44305]],[[0.84066,0.514445,0.169228],[-0.502755,0.625178,0.596984],[0.201318,-0.58694,0.784201]],[[0.84066,0.514445,0.169228],[-0.541559,0.797218,0.266754],[0.00231869,-0.315896,0.948791]]],"btipPosition":[30.9174,281.096,18.4896],"carpPosition":[57.6205,214.173,89.2812],"dipPosition":[30.9717,273.701,40.6998],"direction":[-0.201318,0.58694,-0.784202],"extended":true,"handId":374,"id":3740,"length":52.1283,"mcpPosition":[57.6205,214.173,89.2812],"pipPosition":[37.8373,253.684,67.4437],"stabilizedTipPosition":[31.0697,278.534,23.7411],"timeVisible":0.11836,"tipPosition":[23.738,274.157,22.819],"tipVelocity":[-89.1984,653.924,-99.2329],"tool":false,"touchDistance":1,"touchZone":"none","type":0,"width":21.2787},{"bases":[[[0.807846,-0.313891,-0.498857],[0.538685,0.736677,0.408811],[0.239174,-0.598983,0.764209]],[[0.815308,-0.333513,-0.473331],[0.380419,0.924807,0.00364193],[0.436525,-0.183033,0.880877]],[[0.815308,-0.333513,-0.473331],[-0.14975,0.668196,-0.728759],[0.559328,0.665044,0.494842]],[[0.815308,-0.333513,-0.473331],[-0.38065,0.307274,-0.872174],[0.436324,0.891264,0.123572]]],"btipPosition":[17.8327,249.94,-19.2792],"carpPosition":[74.9443,229.872,88.1636],"dipPosition":[25.2892,265.171,-17.1675],"direction":[-0.559328,-0.665044,-0.494842],"extended":false,"handId":374,"id":3741,"length":58.821,"mcpPosition":[57.57,273.384,32.6491],"pipPosition":[38.8115,281.249,-5.2042],"stabilizedTipPosition":[30.8593,219.789,12.4417],"timeVisible":0.11836,"tipPosition":[21.49,247.881,-9.31975],"tipVelocity":[-175.857,834.288,-740.814],"tool":false,"touchDistance":-0.1609,"touchZone":"hovering","type":1,"width":20.3254},{"bases":[[[0.728983,-0.512885,-0.453357],[0.672626,0.659675,0.335267],[0.127115,-0.549343,0.825872]],[[0.724126,-0.493487,-0.481779],[0.501925,0.856181,-0.122582],[0.472983,-0.153052,0.867676]],[[0.724126,-0.493487,-0.481779],[-0.0440539,0.664043,-0.746395],[0.688259,0.561709,0.459111]],[[0.724126,-0.493487,-0.481779],[-0.425106,0.230698,-0.87525],[0.543071,0.838599,-0.0427297]]],"btipPosition":[24.0831,241.167,-28.5747],"carpPosition":[85.4269,227.683,82.4062],"dipPosition":[34.2908,256.929,-29.3779],"direction":[-0.688259,-0.561709,-0.459111],"extended":false,"handId":374,"id":3742,"length":67.0218,"mcpPosition":[76.6701,265.527,25.5125],"pipPosition":[53.8669,272.906,-16.3194],"stabilizedTipPosition":[37.8256,201.476,13.809],"timeVisible":0.11836,"tipPosition":[28.0771,239.073,-19.4831],"tipVelocity":[-87.1816,1003.03,-835.866],"tool":false,"touchDistance":-0.297105,"touchZone":"hovering","type":2,"width":19.9622}],"r":[[0.962998,0.251783,0.0961235],[-0.257227,0.965107,0.049015],[-0.0804284,-0.0719269,0.994162]],"s":1.15745,"t":[-18.686,53.7229,-12.7462],"timestamp":261691559867},{"currentFrameRate":30.6698,"devices":[],"gestures":[],"hands":[{"armBasis":[[0.746049,-0.167729,-0.644421],[0.490008,0.793576,0.360733],[0.450892,-0.584896,0.674235]],"armWidth":65.7245,"confidence":0.628578,"direction":[-0.037124,0.666085,-0.744951],"elbow":[209.326,50.7814,272.043],"grabAngle":1.68801,"grabStrength":0.544475,"id":374,"palmNormal":[-0.514222,-0.651928,-0.557284],"palmPosition":[73.1691,255.833,37.462],"palmVelocity":[-181.876,462.755,-173.044],"palmWidth":89.8441,"pinchDistance":30.5538,"pinchStrength":0.236089,"r":[[0.93949,0.316741,0.130515],[-0.327701,0.941966,0.0728798],[-0.0998572,-0.11124,0.988764]],"s":1.20572,"sphereCenter":[37.0829,226.996,-9.91395],"sphereRadius":61.8053,"stabilizedPalmPosition":[73.3472,255.374,37.6311],"t":[-23.0832,65.814,-16.3746],"timeVisible":0.140292,"type":"right","wrist":[89.1187,206.714,92.292]}],"id":220722,"interactionBox":{"center":[0,200,0],"size":[235.247,235.247,147.751]},"pointables":[{"bases":[[[0.733515,-0.580062,-0.354235],[0.679616,0.632683,0.371261],[0.00876425,-0.51307,0.858302]],[[0.732523,-0.558312,-0.389483],[0.577711,0.812492,-0.0781487],[0.360083,-0.167763,0.917712]],[[0.732523,-0.558312,-0.389483],[0.179119,0.710063,-0.680975],[0.656755,0.429066,0.620142]],[[0.732523,-0.558312,-0.389483],[-0.144363,0.431726,-0.890377],[0.665259,0.708449,0.23565]]],"btipPosition":[43.8986,246.514,-43.3101],"carpPosition":[91.1629,232.411,72.3762],"dipPosition":[56.3312,259.754,-38.9062],"direction":[-0.656754,-0.429065,-0.620142],"extended":false,"handId":374,"id":3743,"length":64.4432,"mcpPosition":[90.6208,264.145,19.2893],"pipPosition":[74.5288,271.642,-21.7231],"stabilizedTipPosition":[50.4044,212.224,-8.35441],"timeVisible":0.140292,"tipPosition":[46.5964,243.342,-32.397],"tipVelocity":[13.7803,791.698,-637.656],"tool":false,"touchDistance":-0.513314,"touchZone":"hovering","type":3,"width":18.9953},{"bases":[[[0.607157,-0.732056,-0.308956],[0.783518,0.486929,0.386005],[-0.132138,-0.476439,0.869221]],[[0.614174,-0.701148,-0.36219],[0.74275,0.668657,-0.0349256],[0.266669,-0.247566,0.93145]],[[0.614174,-0.701148,-0.36219],[0.341913,0.650053,-0.678621],[0.711256,0.292954,0.638977]],[[0.614174,-0.701148,-0.36219],[-0.016892,0.447165,-0.894292],[0.78899,0.555369,0.262793]]],"btipPosition":[68.1248,242.537,-34.0601],"carpPosition":[97.5079,221.809,65.6812],"dipPosition":[81.7276,252.112,-29.5293],"direction":[-0.711256,-0.292954,-0.638977],"extended":false,"handId":374,"id":3744,"length":50.5223,"mcpPosition":[105.073,249.087,15.914],"pipPosition":[95.6421,257.843,-17.0289],"stabilizedTipPosition":[70.9495,219.147,-14.0482],"timeVisible":0.140292,"tipPosition":[69.4296,239.053,-22.841],"tipVelocity":[58.0522,734.637,-505.764],"tool":false,"touchDistance":-0.284447,"touchZone":"hovering","type":4,"width":16.8731},{"bases":[[[0.797486,0.567255,0.205519],[-0.445135,0.323245,0.835086],[0.407274,-0.757453,0.510288]],[[0.803889,0.555085,0.213643],[-0.411661,0.259997,0.873463],[0.429299,-0.790116,0.437515]],[[0.803889,0.555085,0.213643],[-0.557851,0.579064,0.594547],[0.206311,-0.597132,0.775158]],[[0.803889,0.555085,0.213643],[-0.594748,0.746527,0.298282],[0.00608132,-0.36685,0.93026]]],"btipPosition":[25.9756,289.264,13.92],"carpPosition":[54.3135,221.369,83.6966],"dipPosition":[26.118,280.677,35.6965],"direction":[-0.206311,0.597131,-0.775158],"extended":true,"handId":374,"id":3740,"length":52.1283,"mcpPosition":[54.3135,221.369,83.6966],"pipPosition":[33.1539,260.313,62.132],"stabilizedTipPosition":[26.386,286.636,19.2877],"timeVisible":0.140292,"tipPosition":[19.0856,282.099,18.5797],"tipVelocity":[-224.401,359.95,-212.9],"tool":false,"touchDistance":1,"touchZone":"none","type":0,"width":21.2787},{"bases":[[[0.838456,-0.245401,-0.486591],[0.481763,0.751146,0.451314],[0.254748,-0.612828,0.748027]],[[0.856674,-0.295315,-0.422963],[0.351994,0.934026,0.0607898],[0.377106,-0.200957,0.904106]],[[0.856674,-0.295315,-0.422963],[-0.0131404,0.807164,-0.590181],[0.51569,0.511151,0.687596]],[[0.856674,-0.295315,-0.422963],[-0.21491,0.541067,-0.813056],[0.468959,0.787423,0.400052]]],"btipPosition":[15.4809,265.446,-32.9856],"carpPosition":[70.6732,238.107,83.6648],"dipPosition":[23.4952,278.903,-26.1489],"direction":[-0.51569,-0.511151,-0.687596],"extended":false,"handId":374,"id":3741,"length":58.821,"mcpPosition":[52.1676,282.625,29.3258],"pipPosition":[35.9625,291.26,-9.52564],"stabilizedTipPosition":[24.9447,241.093,-6.7219],"timeVisible":0.140292,"tipPosition":[18.1838,261.792,-21.8568],"tipVelocity":[-101.382,688.422,-575.398],"tool":false,"touchDistance":-0.362438,"touchZone":"hovering","type":1,"width":20.3254},{"bases":[[[0.770668,-0.450372,-0.450817],[0.622054,0.685207,0.378866],[0.138272,-0.572413,0.808223]],[[0.771248,-0.452799,-0.447381],[0.494293,0.868868,-0.0272688],[0.401062,-0.200106,0.893928]],[[0.771248,-0.452799,-0.447381],[0.102961,0.782325,-0.614302],[0.628152,0.427716,0.649987]],[[0.771248,-0.452799,-0.447381],[-0.200915,0.49374,-0.846081],[0.603994,0.742424,0.289822]]],"btipPosition":[23.3387,259.735,-44.5748],"carpPosition":[81.4193,236.775,78.1358],"dipPosition":[34.6916,273.69,-39.1272],"direction":[-0.628152,-0.427716,-0.649987],"extended":false,"handId":374,"id":3742,"length":67.0218,"mcpPosition":[71.8938,276.208,22.4579],"pipPosition":[52.5581,285.855,-20.6396],"stabilizedTipPosition":[33.1156,225.855,-8.84946],"timeVisible":0.140292,"tipPosition":[26.0811,255.929,-34.262],"tipVelocity":[-21.9311,827.67,-663.978],"tool":false,"touchDistance":-0.514164,"touchZone":"hovering","type":2,"width":19.9622}],"r":[[0.93949,0.316741,0.130515],[-0.327701,0.941966,0.0728798],[-0.0998572,-0.11124,0.988764]],"s":1.20572,"t":[-23.0832,65.814,-16.3746],"timestamp":261691581799},{"currentFrameRate":32.2198,"devices":[],"gestures":[],"hands":[{"armBasis":[[0.771585,-0.132724,-0.622127],[0.467937,0.780927,0.41375],[0.430921,-0.610359,0.664657]],"armWidth":65.7245,"confidence":0.693487,"direction":[-0.042666,0.691852,-0.720778],"elbow":[199.978,50.4635,263.681],"grabAngle":1.50057,"grabStrength":0.380976,"id":374,"palmNormal":[-0.489642,-0.643335,-0.588533],"palmPosition":[69.0211,263.972,33.2178],"palmVelocity":[-189.061,370.956,-193.443],"palmWidth":89.8441,"pinchDistance":32.2604,"pinchStrength":0.212988,"r":[[0.914424,0.369879,0.164375],[-0.387985,0.916692,0.0956223],[-0.115313,-0.151214,0.981752]],"s":1.24678,"sphereCenter":[32.6902,230.877,-18.7938],"sphereRadius":67.695,"stabilizedPalmPosition":[69.2698,263.478,33.4715],"t":[-27.3557,75.9289,-20.3109],"timeVisible":0.162232,"type":"right","wrist":[85.0944,213.185,86.4837]}],"id":220723,"interactionBox":{"center":[0,200,0],"size":[235.247,235.247,147.751]},"pointables":[{"bases":[[[0.752807,-0.548731,-0.36356],[0.658181,0.634938,0.404538],[0.00885564,-0.543827,0.83915]],[[0.752345,-0.534852,-0.384591],[0.574044,0.818676,-0.0155779],[0.323187,-0.209052,0.922956]],[[0.752345,-0.534852,-0.384591],[0.261583,0.778351,-0.570741],[0.604608,0.328792,0.725496]],[[0.752345,-0.534852,-0.384591],[0.00194375,0.585602,-0.810596],[0.658766,0.609101,0.441615]]],"btipPosition":[43.0197,262.214,-53.9687],"carpPosition":[87.0746,239.729,67.5357],"dipPosition":[55.3309,273.597,-45.7157],"direction":[-0.604608,-0.328792,-0.725496],"extended":false,"handId":374,"id":3743,"length":64.4432,"mcpPosition":[86.5268,273.365,15.6333],"pipPosition":[72.0836,282.708,-25.6134],"stabilizedTipPosition":[48.2895,236.66,-28.6601],"timeVisible":0.162232,"tipPosition":[44.5193,257.426,-42.593],"tipVelocity":[-41.3312,696.141,-445.455],"tool":false,"touchDistance":-0.636915,"touchZone":"hovering","type":3,"width":18.9953},{"bases":[[[0.629604,-0.705301,-0.325804],[0.765437,0.491304,0.415604],[-0.133057,-0.511048,0.849191]],[[0.634294,-0.684936,-0.358517],[0.738323,0.674201,0.0182128],[0.229238,-0.276253,0.933346]],[[0.634294,-0.684936,-0.358517],[0.432781,0.698861,-0.569468],[0.640602,0.206051,0.739711]],[[0.634294,-0.684936,-0.358517],[0.14696,0.562114,-0.813898],[0.758995,0.463563,0.457204]]],"btipPosition":[67.6711,256.543,-43.4237],"carpPosition":[93.7784,229.536,60.5602],"dipPosition":[80.7567,264.535,-35.5412],"direction":[-0.640602,-0.206051,-0.739711],"extended":false,"handId":374,"id":3744,"length":50.5223,"mcpPosition":[101.397,258.796,11.9399],"pipPosition":[93.289,268.567,-21.07],"stabilizedTipPosition":[70.796,241.56,-29.7937],"timeVisible":0.162232,"tipPosition":[67.7543,251.91,-31.6715],"tipVelocity":[-26.1019,621.798,-391.647],"tool":false,"touchDistance":-0.413227,"touchZone":"hovering","type":4,"width":16.8731},{"bases":[[[0.780063,0.578508,0.238391],[-0.465253,0.281525,0.839216],[0.41838,-0.765554,0.488759]],[[0.779899,0.578808,0.2382],[-0.436805,0.230749,0.869457],[0.448285,-0.782136,0.432787]],[