{"frames":191,"data":[{"currentFrameRate":23.7237,"devices":[],"gestures":[],"hands":[],"id":221124,"interactionBox":{"center":[0,200,0],"size":[235.247,235.247,147.751]},"pointables":[],"r":[[-0.0794966,-0.728761,-0.680138],[0.446709,0.583909,-0.677865],[0.891141,-0.357712,0.279125]],"s":-5.62558,"t":[894.675,787.691,741.58],"timestamp":261705781352},{"currentFrameRate":23.7484,"devices":[],"gestures":[],"hands":[],"id":221125,"interactionBox":{"center":[0,200,0],"size":[235.247,235.247,147.751]},"pointables":[],"r":[[-0.0794966,-0.728761,-0.680138],[0.446709,0.583909,-0.677865],[0.891141,-0.357712,0.279125]],"s":-5.62558,"t":[894.675,787.691,741.58],"timestamp":261705823273},{"currentFrameRate":23.7585,"devices":[],"gestures":[],"hands":[],"id":221126,"interactionBox":{"center":[0,200,0],"size":[235.247,235.247,147.751]},"pointables":[],"r":[[-0.0794966,-0.728761,-0.680138],[0.446709,0.583909,-0.677865],[0.891141,-0.357712,0.279125]],"s":-5.62558,"t":[894.675,787.691,741.58],"timestamp":261705865287},{"currentFrameRate":23.7636,"devices":[],"gestures":[],"hands":[],"id":221127,"interactionBox":{"center":[0,200,0],"size":[235.247,235.247,147.751]},"pointables":[],"r":[[-0.0794966,-0.728761,-0.680138],[0.446709,0.583909,-0.677865],[0.891141,-0.357712,0.279125]],"s":-5.62558,"t":[894.675,787.691,741.58],"timestamp":261705907330},{"currentFrameRate":23.7736,"devices":[],"gestures":[],"hands":[],"id":221128,"interactionBox":{"center":[0,200,0],"size":[235.247,235.247,147.751]},"pointables":[],"r":[[-0.0794966,-0.728761,-0.680138],[0.446709,0.583909,-0.677865],[0.891141,-0.357712,0.279125]],"s":-5.62558,"t":[894.675,787.691,741.58],"timestamp":261705949318},{"currentFrameRate":23.765,"devices":[],"gestures":[],"hands":[],"id":221129,"interactionBox":{"center":[0,200,0],"size":[235.247,235.247,147.751]},"pointables":[],"r":[[-0.0794966,-0.728761,-0.680138],[0.446709,0.583909,-0.677865],[0.891141,-0.357712,0.279125]],"s":-5.62558,"t":[894.675,787.691,741.58],"timestamp":261705991461},{"currentFrameRate":23.779,"devices":[],"gestures":[],"hands":[],"id":221130,"interactionBox":{"center":[0,200,0],"size":[235.247,235.247,147.751]},"pointables":[],"r":[[-0.0794966,-0.728761,-0.680138],[0.446709,0.583909,-0.677865],[0.891141,-0.357712,0.279125]],"s":-5.62558,"t":[894.675,787.691,741.58],"timestamp":261706033409},{"currentFrameRate":23.7858,"devices":[],"gestures":[],"hands":[],"id":221131,"interactionBox":{"center":[0,200,0],"size":[235.247,235.247,147.751]},"pointables":[],"r":[[-0.0794966,-0.728761,-0.680138],[0.446709,0.583909,-0.677865],[0.891141,-0.357712,0.279125]],"s":-5.62558,"t":[894.675,787.691,741.58],"timestamp":261706075400},{"currentFrameRate":23.7419,"devices":[],"gestures":[],"hands":[],"id":221132,"interactionBox":{"center":[0,200,0],"size":[235.247,235.247,147.751]},"pointables":[],"r":[[-0.0794966,-0.728761,-0.680138],[0.446709,0.583909,-0.677865],[0.891141,-0.357712,0.279125]],"s":-5.62558,"t":[894.675,787.691,741.58],"timestamp":261706117851},{"currentFrameRate":23.7937,"devices":[],"gestures":[],"hands":[],"id":221133,"interactionBox":{"center":[0,200,0],"size":[235.247,235.247,147.751]},"pointables":[],"r":[[-0.0794966,-0.728761,-0.680138],[0.446709,0.583909,-0.677865],[0.891141,-0.357712,0.279125]],"s":-5.62558,"t":[894.675,787.691,741.58],"timestamp":261706159488},{"currentFrameRate":23.7944,"devices":[],"gestures":[],"hands":[],"id":221134,"interactionBox":{"center":[0,200,0],"size":[235.247,235.247,147.751]},"pointables":[],"r":[[-0.0794966,-0.728761,-0.680138],[0.446709,0.583909,-0.677865],[0.891141,-0.357712,0.279125]],"s":-5.62558,"t":[894.675,787.691,741.58],"timestamp":261706201509},{"currentFrameRate":23.7918,"devices":[],"gestures":[],"hands":[],"id":221135,"interactionBox":{"center":[0,200,0],"size":[235.247,235.247,147.751]},"pointables":[],"r":[[-0.0794966,-0.728761,-0.680138],[0.446709,0.583909,-0.677865],[0.891141,-0.357712,0.279125]],"s":-5.62558,"t":[894.675,787.691,741.58],"timestamp":261706243560},{"currentFrameRate":23.7694,"devices":[],"gestures":[],"hands":[],"id":221136,"interactionBox":{"center":[0,200,0],"size":[235.247,235.247,147.751]},"pointables":[],"r":[[-0.0794966,-0.728761,-0.680138],[0.446709,0.583909,-0.677865],[0.891141,-0.357712,0.279125]],"s":-5.62558,"t":[894.675,787.691,741.58],"timestamp":261706285800},{"currentFrameRate":21.6285,"devices":[],"gestures":[],"hands":[],"id":221137,"interactionBox":{"center":[0,200,0],"size":[235.247,235.247,147.751]},"pointables":[],"r":[[-0.0794966,-0.728761,-0.680138],[0.446709,0.583909,-0.677865],[0.891141,-0.357712,0.279125]],"s":-5.62558,"t":[894.675,787.691,741.58],"timestamp":261706348907},{"currentFrameRate":20.0931,"devices":[],"gestures":[],"hands":[],"id":221138,"interactionBox":{"center":[0,200,0],"size":[235.247,235.247,147.751]},"pointables":[],"r":[[-0.0794966,-0.728761,-0.680138],[0.446709,0.583909,-0.677865],[0.891141,-0.357712,0.279125]],"s":-5.62558,"t":[894.675,787.691,741.58],"timestamp":261706411707},{"currentFrameRate":20.788,"devices":[],"gestures":[],"hands":[{"armBasis":[[0.507409,0.852922,0.122716],[-0.687994,0.315243,0.653671],[0.518846,-0.416107,0.746763]],"armWidth":62.4717,"confidence":0,"direction":[-0.447794,0.699598,-0.556815],"elbow":[243.372,93.9828,308.844],"grabAngle":1.34473,"grabStrength":0.0171239,"id":375,"palmNormal":[0.622764,-0.202823,-0.755664],"palmPosition":[69.7694,247.187,61.8937],"palmVelocity":[1.19209e-7,1.19209e-7,1.19209e-7],"palmWidth":89.2074,"pinchDistance":47.1997,"pinchStrength":0.619599,"r":[[1,0,5.55112e-18],[0,1,0],[-5.55112e-18,0,1]],"s":1,"sphereCenter":[112.202,250.925,10.8564],"sphereRadius":60.0922,"stabilizedPalmPosition":[69.7694,247.187,61.8937],"t":[0,0,0],"timeVisible":0,"type":"right","wrist":[106.028,204.131,111.168]}],"id":221139,"interactionBox":{"center":[0,200,0],"size":[235.247,235.247,147.751]},"pointables":[{"bases":[[[-0.38622,0.593626,0.706005],[-0.620103,-0.733724,0.277706],[0.682866,-0.33054,0.651488]],[[-0.579748,0.667062,0.467891],[-0.79708,-0.583406,-0.155886],[0.168985,-0.463321,0.86993]],[[-0.579748,0.667062,0.467891],[-0.814762,-0.469337,-0.34042],[-0.00748285,-0.578577,0.815593]],[[-0.579748,0.667062,0.467891],[-0.795962,-0.340905,-0.500228],[-0.174177,-0.662429,0.728595]]],"btipPosition":[81.7744,249.698,-5.17664],"carpPosition":[85.7979,192.484,81.3785],"dipPosition":[77.7779,234.499,11.541],"direction":[0.00748285,0.578577,-0.815593],"extended":false,"handId":375,"id":3750,"length":51.0954,"mcpPosition":[85.7979,192.484,81.3785],"pipPosition":[77.5278,215.158,38.8044],"stabilizedTipPosition":[80.8552,246.202,-1.33157],"timeVisible":0,"tipPosition":[80.8552,246.202,-1.33157],"tipVelocity":[1.19209e-7,1.19209e-7,1.19209e-7],"tool":false,"touchDistance":1,"touchZone":"none","type":0,"width":19.8533},{"bases":[[[0.812049,0.518673,0.267497],[-0.517751,0.428803,0.740312],[0.269277,-0.739666,0.616753]],[[0.810622,0.522556,0.26425],[-0.579027,0.78258,0.228685],[-0.0872958,-0.338384,0.93695]],[[0.810622,0.522556,0.26425],[-0.461074,0.847777,-0.26208],[-0.360976,0.0906089,0.928163]],[[0.810622,0.522556,0.26425],[-0.299202,0.757535,-0.580188],[-0.503359,0.391249,0.770424]]],"btipPosition":[93.64,278.698,-19.0856],"carpPosition":[87.3287,228.078,99.1542],"dipPosition":[84.4194,285.864,-4.973],"direction":[0.360976,-0.0906089,-0.928163],"extended":false,"handId":375,"id":3753,"length":63.1663,"mcpPosition":[70.7917,273.503,61.2777],"pipPosition":[74.6156,288.325,20.2353],"stabilizedTipPosition":[91.5192,280.346,-15.8397],"timeVisible":0,"tipPosition":[91.5192,280.346,-15.8397],"tipVelocity":[1.19209e-7,1.19209e-7,1.19209e-7],"tool":false,"touchDistance":1,"touchZone":"none","type":3,"width":17.7229},{"bases":[[[0.557302,0.792883,0.246476],[-0.697337,0.28582,0.657288],[0.450705,-0.538185,0.712195]],[[0.656756,0.622066,0.426269],[-0.753955,0.552842,0.354847],[-0.0149211,-0.554436,0.832093]],[[0.656756,0.622066,0.426269],[-0.69337,0.720381,0.0170105],[-0.296494,-0.306734,0.904437]],[[0.656756,0.622066,0.426269],[-0.57085,0.77947,-0.257988],[-0.492749,-0.0739001,0.867028]]],"btipPosition":[57.6347,279.807,-29.6233],"carpPosition":[74.2349,209.129,92.7502],"dipPosition":[49.3808,278.569,-15.0998],"direction":[0.296494,0.306734,-0.904437],"extended":true,"handId":375,"id":3751,"length":57.6554,"mcpPosition":[41.7263,247.947,41.3808],"pipPosition":[42.3548,271.3,6.33249],"stabilizedTipPosition":[55.7363,279.522,-26.2829],"timeVisible":0,"tipPosition":[55.7363,279.522,-26.2829],"tipVelocity":[1.19209e-7,1.19209e-7,1.19209e-7],"tool":false,"touchDistance":1,"touchZone":"none","type":1,"width":18.9639},{"bases":[[[0.723729,0.652462,0.224743],[-0.583015,0.403866,0.704972],[0.369202,-0.641237,0.672685]],[[0.754626,0.590701,0.285677],[-0.656093,0.685267,0.31615],[-0.0090148,-0.426006,0.904676]],[[0.754626,0.590701,0.285677],[-0.569964,0.805817,-0.160625],[-0.325085,-0.0416133,0.944769]],[[0.754626,0.590701,0.285677],[-0.435392,0.776505,-0.455493],[-0.49089,0.219346,0.843157]]],"btipPosition":[72.7456,280.497,-34.2582],"carpPosition":[79.4662,219.385,96.3794],"dipPosition":[63.7015,284.538,-18.724],"direction":[0.325085,0.0416133,-0.944769],"extended":true,"handId":375,"id":3752,"length":65.6937,"mcpPosition":[54.2124,263.247,50.3669],"pipPosition":[54.6384,283.378,7.61546],"stabilizedTipPosition":[70.6654,281.427,-30.6854],"timeVisible":0,"tipPosition":[70.6654,281.427,-30.6854],"tipVelocity":[1.19209e-7,1.19209e-7,1.19209e-7],"tool":false,"touchDistance":1,"touchZone":"none","type":2,"width":18.625},{"bases":[[[0.912067,0.351551,0.211058],[-0.359308,0.437212,0.824466],[0.197564,-0.827803,0.525081]],[[0.896224,0.407947,0.174247],[-0.440162,0.866621,0.235001],[-0.0551385,-0.28731,0.956249]],[[0.896224,0.407947,0.174247],[-0.399522,0.912995,-0.0825951],[-0.192781,0.00440803,0.981232]],[[0.896224,0.407947,0.174247],[-0.306758,0.853683,-0.420862],[-0.320441,0.323735,0.890232]]],"btipPosition":[100.186,284.434,2.05178],"carpPosition":[100.394,232.969,98.9119],"dipPosition":[94.7712,289.905,17.0959],"direction":[0.192781,-0.00440803,-0.981232],"extended":true,"handId":375,"id":3754,"length":49.5212,"mcpPosition":[89.163,280.029,69.0614],"pipPosition":[91.0745,289.989,35.9116],"stabilizedTipPosition":[98.9408,285.692,5.51193],"timeVisible":0,"tipPosition":[98.9408,285.692,5.51193],"tipVelocity":[1.19209e-7,1.19209e-7,1.19209e-7],"tool":false,"touchDistance":1,"touchZone":"none","type":4,"width":15.7429}],"r":[[1,0,5.55112e-18],[0,1,0],[-5.55112e-18,0,1]],"s":1,"t":[0,0,0],"timestamp":261706453809},{"currentFrameRate":21.3617,"devices":[],"gestures":[],"hands":[{"armBasis":[[0.651425,-0.419463,-0.632215],[0.617884,0.776869,0.12122],[0.440301,-0.469601,0.765251]],"armWidth":65.6136,"confidence":0.217661,"direction":[-0.0658565,0.716003,-0.694984],"elbow":[203.103,85.0877,282.289],"grabAngle":1.26945,"grabStrength":0,"id":375,"palmNormal":[-0.716341,-0.518789,-0.466598],"palmPosition":[69.3362,261.486,29.1621],"palmVelocity":[-10.3158,340.554,-779.527],"palmWidth":89.2074,"pinchDistance":52.9405,"pinchStrength":0.519427,"r":[[0.970577,-0.227261,-0.0795837],[0.210061,0.960689,-0.181525],[0.117709,0.159467,0.980161]],"s":1.06294,"sphereCenter":[15.2679,237.65,-10.406],"sphereRadius":67.5622,"stabilizedPalmPosition":[69.687,249.907,55.6661],"t":[-0.216575,7.14977,-16.3658],"timeVisible":0.041989,"type":"right","wrist":[86.5509,209.396,79.7193]}],"id":221140,"interactionBox":{"center":[0,200,0],"size":[235.247,235.247,147.751]},"pointables":[{"bases":[[[0.907383,0.415767,0.0615858],[-0.21298,0.328512,0.920174],[0.362347,-0.848067,0.386636]],[[0.807789,0.589011,-0.0233156],[-0.411388,0.591637,0.693344],[0.422181,-0.550484,0.720229]],[[0.807789,0.589011,-0.0233156],[-0.589373,0.807747,-0.0136145],[0.010814,0.0247392,0.999635]],[[0.807789,0.589011,-0.0233156],[-0.561084,0.756159,-0.336763],[-0.180726,0.285115,0.941301]]],"btipPosition":[37.3349,247.131,-12.8892],"carpPosition":[54.2693,227.446,76.5252],"dipPosition":[33.252,253.572,8.37649],"direction":[-0.010814,-0.0247392,-0.999635],"extended":false,"handId":375,"id":3750,"length":50.3086,"mcpPosition":[54.2693,227.446,76.5252],"pipPosition":[33.6079,254.387,41.2774],"stabilizedTipPosition":[37.7168,248.541,-7.8],"timeVisible":0.041989,"tipPosition":[31.225,252.081,-8.15575],"tipVelocity":[-1058.83,57.4019,-158.768],"tool":false,"touchDistance":1,"touchZone":"none","type":0,"width":21.2901},{"bases":[[[0.673717,-0.340267,-0.65599],[0.681484,0.629388,0.373431],[0.285806,-0.698634,0.655916]],[[0.713391,-0.457487,-0.530829],[0.542738,0.839883,0.0055557],[0.443293,-0.292064,0.847461]],[[0.713391,-0.457487,-0.530829],[0.324823,0.887083,-0.327983],[0.620937,0.0615545,0.78144]],[[0.713391,-0.457487,-0.530829],[0.324823,0.887083,-0.327983],[0.620937,0.0615545,0.78144]]],"btipPosition":[9.07583,301.262,-39.7237],"carpPosition":[72.8036,241.209,73.8532],"dipPosition":[19.3169,302.277,-26.8355],"direction":[-0.620937,-0.0615545,-0.78144],"extended":true,"handId":375,"id":3751,"length":56.7676,"mcpPosition":[52.1889,291.601,26.5431],"pipPosition":[33.8046,303.713,-8.60294],"stabilizedTipPosition":[12.9788,300.728,-36.3935],"timeVisible":0.041989,"tipPosition":[14.2338,299.587,-38.7185],"tipVelocity":[-1055.16,523.303,-249.506],"tool":false,"touchDistance":0.901366,"touchZone":"hovering","type":1,"width":20.3363},{"bases":[[[0.580023,-0.533803,-0.615328],[0.791682,0.547309,0.271462],[0.191867,-0.644598,0.740054]],[[0.589556,-0.567904,-0.574378],[0.72855,0.680924,0.0745526],[0.348769,-0.462416,0.815188]],[[0.589556,-0.567904,-0.574378],[0.616902,0.775607,-0.133661],[0.521398,-0.275534,0.807604]],[[0.589556,-0.567904,-0.574378],[0.172065,0.783081,-0.597643],[0.789188,0.253514,0.559386]]],"btipPosition":[23.8415,307.171,-54.6025],"carpPosition":[81.8216,238.6,66.2636],"dipPosition":[38.1575,311.77,-44.4552],"direction":[-0.521398,0.275534,-0.807604],"extended":true,"handId":375,"id":3752,"length":64.6822,"mcpPosition":[68.6976,282.691,15.643],"pipPosition":[52.4699,304.206,-22.2864],"stabilizedTipPosition":[30.2373,306.318,-50.7301],"timeVisible":0.041989,"tipPosition":[23.978,303.124,-51.3765],"tipVelocity":[-1036.73,638.314,-514.021],"tool":false,"touchDistance":0.675332,"touchZone":"hovering","type":2,"width":19.973},{"bases":[[[0.540594,-0.662572,-0.518417],[0.836812,0.486946,0.250259],[0.0866264,-0.569106,0.817688]],[[0.535093,-0.630697,-0.562047],[0.69015,0.710049,-0.139724],[0.487204,-0.313131,0.815218]],[[0.535093,-0.630697,-0.562047],[0.359876,0.772098,-0.523787],[0.764306,0.0780077,0.640118]],[[0.535093,-0.630697,-0.562047],[-0.125134,0.598795,-0.791067],[0.835474,0.493625,0.241489]]],"btipPosition":[27.4779,270.67,-48.3165],"carpPosition":[89.3178,233.203,58.5331],"dipPosition":[42.5464,279.573,-43.961],"direction":[-0.764306,-0.0780077,-0.640118],"extended":true,"handId":375,"id":3753,"length":62.1936,"mcpPosition":[83.9978,268.154,8.31659],"pipPosition":[62.9848,281.659,-26.8436],"stabilizedTipPosition":[36.8798,273.465,-44.2303],"timeVisible":0.041989,"tipPosition":[28.1325,267.963,-46.7712],"tipVelocity":[-1442.65,-181.669,-749.602],"tool":false,"touchDistance":0.727372,"touchZone":"hovering","type":3,"width":19.0056},{"bases":[[[0.40124,-0.795276,-0.45447],[0.915051,0.325759,0.237831],[-0.0410933,-0.51129,0.858425]],[[0.402932,-0.764778,-0.502753],[0.842291,0.524756,-0.123194],[0.358038,-0.373825,0.855607]],[[0.402932,-0.764778,-0.502753],[0.496271,0.64412,-0.582086],[0.769,-0.0149605,0.639074]],[[0.402932,-0.764778,-0.502753],[0.0957801,0.581537,-0.807862],[0.910204,0.277359,0.30757]]],"btipPosition":[52.7642,259.811,-44.8542],"carpPosition":[92.3127,222.317,50.3343],"dipPosition":[67.909,264.426,-39.7366],"direction":[-0.769,0.0149605,-0.639074],"extended":false,"handId":375,"id":3754,"length":48.7586,"mcpPosition":[94.6488,251.384,1.53349],"pipPosition":[82.428,264.143,-27.6707],"stabilizedTipPosition":[68.8768,268.214,-29.1264],"timeVisible":0.041989,"tipPosition":[51.484,257.812,-42.4256],"tipVelocity":[-1016.77,-591.102,-1171.48],"tool":false,"touchDistance":0.749908,"touchZone":"hovering","type":4,"width":16.8822}],"r":[[0.970577,-0.227261,-0.0795837],[0.210061,0.960689,-0.181525],[0.117709,0.159467,0.980161]],"s":1.06294,"t":[-0.216575,7.14977,-16.3658],"timestamp":261706495798},{"currentFrameRate":22.2725,"devices":[],"gestures":[],"hands":[{"armBasis":[[0.6979,-0.38319,-0.605063],[0.576838,0.801479,0.157762],[0.424493,-0.459125,0.780391]],"armWidth":65.6136,"confidence":0.395735,"direction":[-0.0385576,0.574679,-0.81747],"elbow":[192.587,111.833,275.945],"grabAngle":1.785,"grabStrength":0.472495,"id":375,"palmNormal":[-0.619144,-0.655861,-0.431865],"palmPosition":[64.6873,275.85,9.83142],"palmVelocity":[-124.078,383.37,-515.926],"palmWidth":89.2074,"pinchDistance":30.256,"pinchStrength":0.445798,"r":[[0.915309,-0.394787,-0.0797017],[0.342095,0.866522,-0.36347],[0.212556,0.305422,0.92819]],"s":1.08993,"sphereCenter":[31.5037,243.329,-30.528],"sphereRadius":55.6797,"stabilizedPalmPosition":[68.3182,257.01,43.1178],"t":[-2.64933,17.9067,-34.214],"timeVisible":0.079457,"type":"right","wrist":[80.219,233.368,69.367]}],"id":221141,"interactionBox":{"center":[0,200,0],"size":[235.247,235.247,147.751]},"pointables":[{"bases":[[[0.642668,-0.690268,-0.332426],[0.765366,0.59799,0.237956],[0.0345338,-0.407355,0.912617]],[[0.6416,-0.679835,-0.35521],[0.590646,0.733339,-0.336676],[0.489373,0.00620756,0.872052]],[[0.6416,-0.679835,-0.35521],[0.0852864,0.523449,-0.847778],[0.762283,0.51364,0.393826]],[[0.6416,-0.679835,-0.35521],[-0.273265,0.230118,-0.934008],[0.716712,0.696326,-0.0381312]]],"btipPosition":[26.6763,253.538,-57.7911],"carpPosition":[83.2145,255.083,45.7102],"dipPosition":[39.6028,266.097,-58.4789],"direction":[-0.762283,-0.51364,-0.393826],"extended":false,"handId":375,"id":3753,"length":62.1936,"mcpPosition":[81.0937,280.1,-10.3361],"pipPosition":[59.9871,279.832,-47.9475],"stabilizedTipPosition":[30.6168,258.706,-56.1139],"timeVisible":0.079457,"tipPosition":[30.426,259.316,-61.8296],"tipVelocity":[-34.5432,-434.809,-283.831],"tool":false,"touchDistance":0.528449,"touchZone":"hovering","type":3,"width":19.0056},{"bases":[[[0.506992,-0.822029,-0.259284],[0.856031,0.444994,0.263042],[-0.100848,-0.355315,0.929291]],[[0.511821,-0.800968,-0.310628],[0.742905,0.594236,-0.308181],[0.431429,-0.0730337,0.899186]],[[0.511821,-0.800968,-0.310628],[0.206375,0.465622,-0.860584],[0.833936,0.376359,0.403614]],[[0.511821,-0.800968,-0.310628],[-0.191405,0.24617,-0.950139],[0.837498,0.545757,-0.0273142]]],"btipPosition":[49.2313,249.762,-50.7064],"carpPosition":[87.904,243.256,39.9805],"dipPosition":[63.1663,258.842,-51.1609],"direction":[-0.833936,-0.376359,-0.403614],"extended":false,"handId":375,"id":3754,"length":48.7586,"mcpPosition":[93.6372,263.455,-12.8489],"pipPosition":[78.9113,265.948,-43.5405],"stabilizedTipPosition":[57.29,256.681,-44.4091],"timeVisible":0.079457,"tipPosition":[53.5353,254.189,-54.7138],"tipVelocity":[-101.719,-240.798,-190.396],"tool":false,"touchDistance":0.601244,"touchZone":"hovering","type":4,"width":16.8822},{"bases":[[[0.861868,0.501792,0.0734038],[-0.339286,0.462964,0.818871],[0.37692,-0.730663,0.569265]],[[0.833419,0.551628,0.0334407],[-0.338769,0.462142,0.819549],[0.436632,-0.694357,0.572032]],[[0.833419,0.551628,0.0334407],[-0.495449,0.718993,0.487421],[0.244832,-0.422794,0.872527]],[[0.833419,0.551628,0.0334407],[-0.551423,0.826042,0.11657],[0.0366799,-0.115592,0.992619]]],"btipPosition":[16.609,299.862,-18.2252],"carpPosition":[46.8644,249.354,60.9123],"dipPosition":[17.4377,297.25,4.19984],"direction":[-0.244832,0.422794,-0.872527],"extended":false,"handId":375,"id":3750,"length":50.3086,"mcpPosition":[46.8644,249.354,60.9123],"pipPosition":[25.4958,283.335,32.9172],"stabilizedTipPosition":[16.9713,298.845,-13.0242],"timeVisible":0.079457,"tipPosition":[18.0955,295.587,-14.4143],"tipVelocity":[-523.012,1351.78,-135.299],"tool":false,"touchDistance":1,"touchZone":"none","type":0,"width":21.2901},{"bases":[[[0.766722,-0.386042,-0.512942],[0.587121,0.744834,0.317036],[0.259667,-0.544237,0.797733]],[[0.793917,-0.453347,-0.405181],[0.409706,0.891258,-0.194424],[0.449262,-0.0116481,0.893324]],[[0.793917,-0.453347,-0.405181],[0.0339602,0.69841,-0.714892],[0.607077,0.553805,0.569875]],[[0.793917,-0.453347,-0.405181],[-0.209553,0.421548,-0.882261],[0.570774,0.785349,0.239674]]],"btipPosition":[3.59177,277.949,-54.2346],"carpPosition":[64.5311,264.085,57.6019],"dipPosition":[13.0055,290.902,-50.2817],"direction":[-0.607077,-0.553805,-0.569875],"extended":false,"handId":375,"id":3751,"length":56.7676,"mcpPosition":[45.8017,303.34,0.0627166],"pipPosition":[27.1698,303.823,-36.9853],"stabilizedTipPosition":[6.59214,283.218,-51.3673],"timeVisible":0.079457,"tipPosition":[8.27854,285.115,-57.5886],"tipVelocity":[-151.445,-548.929,-442.137],"tool":false,"touchDistance":0.596073,"touchZone":"hovering","type":1,"width":20.3363},{"bases":[[[0.683355,-0.577303,-0.44693],[0.71385,0.656716,0.24319],[0.153112,-0.485227,0.860878]],[[0.686258,-0.586815,-0.429766],[0.521602,0.808836,-0.271504],[0.506933,-0.0378447,0.861154]],[[0.686258,-0.586815,-0.429766],[0.0767256,0.645964,-0.759502],[0.7233,0.48824,0.488322]],[[0.686258,-0.586815,-0.429766],[-0.251904,0.362546,-0.897276],[0.682345,0.724023,0.100979]]],"btipPosition":[8.22503,269.447,-62.6449],"carpPosition":[74.5173,261.032,51.5446],"dipPosition":[20.6029,282.581,-60.8131],"direction":[-0.7233,-0.48824,-0.488322],"extended":false,"handId":375,"id":3752,"length":64.6822,"mcpPosition":[64.0443,294.222,-7.3405],"pipPosition":[40.4575,295.983,-47.4087],"stabilizedTipPosition":[11.6338,273.46,-61.8866],"timeVisible":0.079457,"tipPosition":[12.9587,275.787,-64.627],"tipVelocity":[-428.694,-954.441,-265.693],"tool":false,"touchDistance":0.491808,"touchZone":"hovering","type":2,"width":19.973}],"r":[[0.915309,-0.394787,-0.0797017],[0.342095,0.866522,-0.36347],[0.212556,0.305422,0.92819]],"s":1.08993,"t":[-2.64933,17.9067,-34.214],"timestamp":261706533266},{"currentFrameRate":24.7234,"devices":[],"gestures":[],"hands":[{"armBasis":[[0.736427,-0.303509,-0.604613],[0.523852,0.82135,0.225751],[0.428082,-0.482977,0.763858]],"armWidth":65.6136,"confidence":0.487653,"direction":[-0.0598771,0.559467,-0.826687],"elbow":[192.44,112.038,267.618],"grabAngle":1.66789,"grabStrength":0.33755,"id":375,"palmNormal":[-0.554737,-0.70716,-0.438396],"palmPosition":[62.1378,280.986,5.27386],"palmVelocity":[-117.406,236.513,-209.881],"palmWidth":89.2074,"pinchDistance":33.103,"pinchStrength":0.325388,"r":[[0.860757,-0.506827,-0.0471515],[0.418924,0.757984,-0.499963],[0.289135,0.410594,0.864762]],"s":1.13138,"sphereCenter":[28.5179,245.009,-35.5613],"sphereRadius":59.0043,"stabilizedPalmPosition":[66.8957,262.528,34.4073],"t":[-5.14044,25.8531,-45.4169],"timeVisible":0.101172,"type":"right","wrist":[79.1225,239.887,65.4173]}],"id":221142,"interactionBox":{"center":[0,200,0],"size":[235.247,235.247,147.751]},"pointables":[{"bases":[[[0.702747,-0.642824,-0.304835],[0.710293,0.658264,0.249342],[0.0403794,-0.391747,0.919187]],[[0.70188,-0.635473,-0.321773],[0.555232,0.77108,-0.311694],[0.446186,0.0401131,0.894041]],[[0.70188,-0.635473,-0.321773],[0.147625,0.57171,-0.807065],[0.696829,0.518962,0.495084]],[[0.70188,-0.635473,-0.321773],[-0.137277,0.322591,-0.936531],[0.698941,0.701505,0.139184]]],"btipPosition":[28.2387,257.97,-68.8192],"carpPosition":[81.2025,262.172,41.9398],"dipPosition":[40.8448,270.622,-66.3089],"direction":[-0.696829,-0.518962,-0.495084],"extended":false,"handId":375,"id":3753,"length":62.1936,"mcpPosition":[78.7226,286.23,-14.51],"pipPosition":[59.4788,284.5,-53.0698],"stabilizedTipPosition":[30.8442,259.655,-61.4048],"timeVisible":0.101172,"tipPosition":[31.2151,260.923,-67.3903],"tipVelocity":[68.5577,205.102,-473.982],"tool":false,"touchDistance":0.35455,"touchZone":"hovering","type":3,"width":19.0056},{"bases":[[[0.575611,-0.783713,-0.233381],[0.811708,0.513055,0.279115],[-0.099009,-0.350099,0.931466]],[[0.579021,-0.769528,-0.269371],[0.719598,0.63767,-0.274873],[0.383292,-0.0346817,0.922976]],[[0.579021,-0.769528,-0.269371],[0.275595,0.495675,-0.823622],[0.767321,0.402658,0.499084]],[[0.579021,-0.769528,-0.269371],[-0.0559866,0.292082,-0.954753],[0.813388,0.567904,0.126038]]],"btipPosition":[51.468,254.705,-59.4625],"carpPosition":[86.9434,250.67,36.5142],"dipPosition":[65.0019,264.154,-57.3654],"direction":[-0.767321,-0.402658,-0.499084],"extended":false,"handId":375,"id":3754,"length":48.7586,"mcpPosition":[92.572,270.572,-16.4389],"pipPosition":[79.4892,271.756,-47.9425],"stabilizedTipPosition":[56.2911,256.754,-49.7817],"timeVisible":0.101172,"tipPosition":[54.5007,257.515,-59.1618],"tipVelocity":[98.7559,231.532,-376.202],"tool":false,"touchDistance":0.451914,"touchZone":"hovering","type":4,"width":16.8822},{"bases":[[[0.818425,0.567699,0.0888746],[-0.396419,0.44586,0.802534],[0.415972,-0.692045,0.589949]],[[0.800201,0.59631,0.0639779],[-0.379859,0.421389,0.823492],[0.464096,-0.683261,0.563709]],[[0.800201,0.59631,0.0639779],[-0.534093,0.660029,0.528305],[0.272806,-0.456921,0.846641]],[[0.800201,0.59631,0.0639779],[-0.594929,0.775788,0.210269],[0.075752,-0.206319,0.975548]]],"btipPosition":[11.589,306.988,-21.2419],"carpPosition":[44.9919,253.85,56.2507],"dipPosition":[13.3004,302.327,0.7975],"direction":[-0.272806,0.456921,-0.846641],"extended":true,"handId":375,"id":3750,"length":50.3086,"mcpPosition":[44.9919,253.85,56.2507],"pipPosition":[22.2792,287.289,28.6629],"stabilizedTipPosition":[12.2835,305.49,-15.9829],"timeVisible":0.101172,"tipPosition":[13.9209,299.743,-19.0874],"tipVelocity":[-221.829,306.466,-143.006],"tool":false,"touchDistance":0.997557,"touchZone":"hovering","type":0,"width":21.2901},{"bases":[[[0.808034,-0.332271,-0.486495],[0.519174,0.791918,0.32144],[0.278459,-0.51231,0.812403]],[[0.836153,-0.392774,-0.382853],[0.365076,0.919464,-0.145961],[0.40935,-0.0177247,0.912205]],[[0.836153,-0.392774,-0.382853],[0.0687979,0.767596,-0.637231],[0.544164,0.506483,0.66885]],[[0.836153,-0.392774,-0.382853],[-0.235207,0.373809,-0.897187],[0.495506,0.840235,0.220179]]],"btipPosition":[3.63012,281.869,-62.4721],"carpPosition":[61.5603,269.857,53.1933],"dipPosition":[11.8025,295.727,-58.8407],"direction":[-0.544164,-0.506483,-0.66885],"extended":false,"handId":375,"id":3751,"length":56.7676,"mcpPosition":[41.4755,306.809,-5.40397],"pipPosition":[24.4989,307.544,-43.2351],"stabilizedTipPosition":[6.08677,284.076,-56.1622],"timeVisible":0.101172,"tipPosition":[6.66425,285.019,-63.1997],"tipVelocity":[-11.3825,190.113,-382.75],"tool":false,"touchDistance":0.445128,"touchZone":"hovering","type":1,"width":20.3363},{"bases":[[[0.7378,-0.528533,-0.419885],[0.654295,0.712903,0.252323],[0.165977,-0.460893,0.871797]],[[0.741921,-0.540504,-0.396747],[0.476632,0.841341,-0.254885],[0.471566,0.00000254295,0.881831]],[[0.741921,-0.540504,-0.396747],[0.109691,0.681604,-0.723453],[0.661454,0.493226,0.564984]],[[0.741921,-0.540504,-0.396747],[-0.141147,0.452564,-0.880491],[0.655462,0.709254,0.259476]]],"btipPosition":[8.57429,272.627,-73.4272],"carpPosition":[71.9156,267.506,47.4507],"dipPosition":[20.4645,285.493,-68.7202],"direction":[-0.661454,-0.493226,-0.564985],"extended":false,"handId":375,"id":3752,"length":64.6822,"mcpPosition":[60.5626,299.032,-12.1812],"pipPosition":[38.6214,299.032,-53.2114],"stabilizedTipPosition":[11.4553,274.629,-67.6338],"timeVisible":0.101172,"tipPosition":[12.2826,275.869,-71.0285],"tipVelocity":[10.9188,143.605,-466.082],"tool":false,"touchDistance":0.323125,"touchZone":"hovering","type":2,"width":19.973}],"r":[[0.860757,-0.506827,-0.0471515],[0.418924,0.757984,-0.499963],[0.289135,0.410594,0.864762]],"s":1.13138,"t":[-5.14044,25.8531,-45.4169],"timestamp":261706554981},{"currentFrameRate":26.8987,"devices":[],"gestures":[],"hands":[{"armBasis":[[0.758366,-0.257449,-0.598833],[0.495811,0.824221,0.273551],[0.423145,-0.50436,0.752708]],"armWidth":65.6136,"confidence":0.570531,"direction":[-0.0511259,0.573354,-0.817711],"elbow":[189.099,109.452,260.83],"grabAngle":1.56508,"grabStrength":0.127457,"id":375,"palmNormal":[-0.520408,-0.714127,-0.468186],"palmPosition":[60.6905,284.92,1.86542],"palmVelocity":[-66.11,179.701,-155.686],"palmWidth":89.2074,"pinchDistance":36.0809,"pinchStrength":0.216328,"r":[[0.812523,-0.582921,-0.00306828],[0.467936,0.655368,-0.592898],[0.347624,0.480307,0.805272]],"s":1.1764,"sphereCenter":[25.4948,247.523,-41.1594],"sphereRadius":62.8371,"stabilizedPalmPosition":[65.2498,268.468,25.7758],"t":[-7.10967,31.7934,-52.7226],"timeVisible":0.123065,"type":"right","wrist":[77.0885,242.962,61.5803]}],"id":221143,"interactionBox":{"center":[0,200,0],"size":[235.247,235.247,147.751]},"pointables":[{"bases":[[[0.798489,0.589009,0.124438],[-0.433309,0.418819,0.798019],[0.417923,-0.691129,0.589645]],[[0.785213,0.610053,0.106185],[-0.407069,0.37932,0.83091],[0.466621,-0.695666,0.546181]],[[0.785213,0.610053,0.106185],[-0.550784,0.609716,0.569985],[0.282979,-0.506045,0.814765]],[[0.785213,0.610053,0.106185],[-0.612541,0.740102,0.277565],[0.0907418,-0.282991,0.954821]]],"btipPosition":[8.60899,313.423,-23.3344],"carpPosition":[42.8089,256.329,51.7829],"dipPosition":[10.659,307.03,-1.76325],"direction":[-0.282979,0.506045,-0.814765],"extended":true,"handId":375,"id":3750,"length":50.3086,"mcpPosition":[42.8089,256.329,51.7829],"pipPosition":[19.9727,290.374,25.053],"stabilizedTipPosition":[9.24446,311.622,-18.2506],"timeVisible":0.123065,"tipPosition":[11.8782,304.859,-22.4208],"tipVelocity":[-132.558,275.724,-100.497],"tool":false,"touchDistance":0.898132,"touchZone":"hovering","type":0,"width":21.2901},{"bases":[[[0.730058,-0.616513,-0.294836],[0.682965,0.673342,0.28314],[0.0239662,-0.408071,0.912635]],[[0.729583,-0.609933,-0.309338],[0.556798,0.792395,-0.249169],[0.397095,0.00955033,0.917728]],[[0.729583,-0.609933,-0.309338],[0.223923,0.640437,-0.734642],[0.646194,0.466714,0.60383]],[[0.729583,-0.609933,-0.309338],[-0.0290987,0.424225,-0.905089],[0.683273,0.669339,0.291759]]],"btipPosition":[30.976,266.051,-78.2897],"carpPosition":[79.1778,265.955,38.7485],"dipPosition":[43.2994,278.123,-73.0275],"direction":[-0.646194,-0.466714,-0.60383],"extended":false,"handId":375,"id":3753,"length":62.1936,"mcpPosition":[77.706,291.016,-17.299],"pipPosition":[60.5794,290.604,-56.8804],"stabilizedTipPosition":[32.0034,263.24,-67.5306],"timeVisible":0.123065,"tipPosition":[32.9337,266.384,-73.5246],"tipVelocity":[122.06,363.021,-403.669],"tool":false,"touchDistance":0.207258,"touchZone":"hovering","type":3,"width":19.0056},{"bases":[[[0.604976,-0.762323,-0.22993],[0.787618,0.53054,0.313345],[-0.116883,-0.370663,0.921383]],[[0.60842,-0.750018,-0.259419],[0.724204,0.658398,-0.205038],[0.324583,-0.0631233,0.943749]],[[0.60842,-0.750018,-0.259419],[0.362066,0.553208,-0.750246],[0.706211,0.362537,0.608139]],[[0.60842,-0.750018,-0.259419],[0.0630067,0.371501,-0.926292],[0.79111,0.547229,0.273284]]],"btipPosition":[54.4817,262.004,-67.3301],"carpPosition":[85.4126,254.728,33.2915],"dipPosition":[67.6449,271.109,-62.7829],"direction":[-0.706211,-0.362537,-0.608139],"extended":false,"handId":375,"id":3754,"length":48.7586,"mcpPosition":[92.0573,275.8,-19.0884],"pipPosition":[80.9784,277.954,-51.3011],"stabilizedTipPosition":[56.7366,259.44,-55.8172],"timeVisible":0.123065,"tipPosition":[56.1222,262.868,-63.9277],"tipVelocity":[133.762,329.807,-333.626],"tool":false,"touchDistance":0.330255,"touchZone":"hovering","type":4,"width":16.8822},{"bases":[[[0.831701,-0.299639,-0.467429],[0.485944,0.800073,0.351769],[0.268574,-0.519711,0.811029]],[[0.857108,-0.357528,-0.370862],[0.354272,0.931758,-0.0794918],[0.373974,-0.0632529,0.92528]],[[0.857108,-0.357528,-0.370862],[0.143289,0.856987,-0.495016],[0.494807,0.371142,0.785761]],[[0.857108,-0.357528,-0.370862],[-0.170009,0.48327,-0.858806],[0.486274,0.799139,0.353432]]],"btipPosition":[4.54285,291.128,-71.5023],"carpPosition":[58.9891,272.858,49.5316],"dipPosition":[12.5629,304.308,-65.6732],"direction":[-0.494807,-0.371142,-0.785761],"extended":true,"handId":375,"id":3751,"length":56.7676,"mcpPosition":[39.6173,310.344,-8.9665],"pipPosition":[24.1078,312.967,-47.3398],"stabilizedTipPosition":[6.21926,288.519,-62.3307],"timeVisible":0.123065,"tipPosition":[6.94606,290.479,-68.8402],"tipVelocity":[40.0907,415.782,-389.384],"tool":false,"touchDistance":0.304599,"touchZone":"hovering","type":1,"width":20.3363},{"bases":[[[0.76523,-0.499072,-0.406632],[0.625336,0.726293,0.285401],[0.152898,-0.472679,0.867869]],[[0.769135,-0.511844,-0.382685],[0.471698,0.858675,-0.200447],[0.431199,-0.0263413,0.901872]],[[0.769135,-0.511844,-0.382685],[0.147232,0.724606,-0.673253],[0.621896,0.461479,0.632679]],[[0.769135,-0.511844,-0.382685],[-0.0973076,0.498026,-0.861685],[0.631635,0.69999,0.333243]]],"btipPosition":[10.5268,279.107,-80.6699],"carpPosition":[69.5773,270.915,44.0682],"dipPosition":[21.9848,291.805,-74.6248],"direction":[-0.621896,-0.461479,-0.632679],"extended":false,"handId":375,"id":3752,"length":64.6822,"mcpPosition":[59.1189,303.247,-15.2951],"pipPosition":[39.0558,304.473,-57.2578],"stabilizedTipPosition":[12.2712,278.165,-73.2005],"timeVisible":0.123065,"tipPosition":[13.3027,280.255,-76.618],"tipVelocity":[84.6438,294.223,-316.766],"tool":false,"touchDistance":0.207542,"touchZone":"hovering","type":2,"width":19.973}],"r":[[0.812523,-0.582921,-0.00306828],[0.467936,0.655368,-0.592898],[0.347624,0.480307,0.805272]],"s":1.1764,"t":[-7.10967,31.7934,-52.7226],"timestamp":261706576874},{"currentFrameRate":28.8444,"devices":[],"gestures":[],"hands":[{"armBasis":[[0.787073,-0.209415,-0.580225],[0.456343,0.830555,0.319264],[0.41505,-0.516066,0.749273]],"armWidth":65.6136,"confidence":0.643295,"direction":[-0.055615,0.595685,-0.80129],"elbow":[185.206,108.307,255.702],"grabAngle":1.48359,"grabStrength":0.0919429,"id":375,"palmNormal":[-0.479275,-0.719956,-0.501956],"palmPosition":[58.7459,288.044,-1.46242],"palmVelocity":[-88.7197,142.519,-151.831],"palmWidth":89.2074,"pinchDistance":36.1866,"pinchStrength":0.170892,"r":[[0.774972,-0.630698,0.040475],[0.498382,0.570495,-0.652802],[0.38863,0.526075,0.756447]],"s":1.21543,"sphereCenter":[22.7496,248.463,-47.2806],"sphereRadius":66.8588,"stabilizedPalmPosition":[63.5166,273.684,18.5173],"t":[-9.06656,36.3255,-58.0393],"timeVisible":0.144983,"type":"right","wrist":[75.3382,244.915,57.3619]}],"id":221144,"interactionBox":{"center":[0,200,0],"size":[235.247,235.247,147.751]},"pointables":[{"bases":[[[0.770284,0.616883,0.161609],[-0.468877,0.376104,0.799187],[0.432223,-0.691376,0.578949]],[[0.76086,0.631534,0.149185],[-0.440078,0.333221,0.833844],[0.476889,-0.700092,0.531459]],[[0.76086,0.631534,0.149185],[-0.581161,0.560886,0.589626],[0.288693,-0.535324,0.793779]],[[0.76086,0.631534,0.149185],[-0.63888,0.688752,0.342716],[0.113685,-0.35607,0.927518]]],"btipPosition":[5.48808,317.152,-25.9646],"carpPosition":[40.8969,257.227,47.1246],"dipPosition":[8.05642,309.108,-5.01035],"direction":[-0.288693,0.535324,-0.793779],"extended":true,"handId":375,"id":3750,"length":50.3086,"mcpPosition":[40.8969,257.227,47.1246],"pipPosition":[17.5581,291.489,21.1152],"stabilizedTipPosition":[6.37257,314.961,-20.8765],"timeVisible":0.144983,"tipPosition":[9.27678,307.792,-25.6933],"tipVelocity":[-136.951,152.826,-126.479],"tool":false,"touchDistance":0.80007,"touchZone":"hovering","type":0,"width":21.2901},{"bases":[[[0.761667,-0.576954,-0.294936],[0.647678,0.691527,0.31985],[0.0194176,-0.434643,0.900394]],[[0.76144,-0.572664,-0.303753],[0.542323,0.819452,-0.185427],[0.355099,-0.0235408,0.934532]],[[0.76144,-0.572664,-0.303753],[0.277514,0.711447,-0.645623],[0.585829,0.407307,0.700646]],[[0.76144,-0.572664,-0.303753],[0.0163171,0.485368,-0.874158],[0.64803,0.660662,0.378923]]],"btipPosition":[33.2707,273.621,-85.8871],"carpPosition":[77.132,268.72,35.285],"dipPosition":[44.9585,285.536,-79.0529],"direction":[-0.585829,-0.407307,-0.700646],"extended":false,"handId":375,"id":3753,"length":62.1936,"mcpPosition":[75.9395,295.413,-20.0107],"pipPosition":[60.6242,296.428,-60.3168],"stabilizedTipPosition":[33.5225,268.279,-73.9768],"timeVisible":0.144983,"tipPosition":[34.1386,272.089,-79.5555],"tipVelocity":[98.0226,343.718,-330.133],"tool":false,"touchDistance":0.0957808,"touchZone":"hovering","type":3,"width":19.0056},{"bases":[[[0.854128,-0.25105,-0.455454],[0.444024,0.80797,0.387334],[0.270753,-0.533065,0.801582]],[[0.879555,-0.310559,-0.360467],[0.323663,0.945839,-0.0251331],[0.348749,-0.0945638,0.932433]],[[0.879555,-0.310559,-0.360467],[0.162977,0.908423,-0.384976],[0.447014,0.27986,0.849622]],[[0.879555,-0.310559,-0.360467],[-0.158768,0.522614,-0.837656],[0.448527,0.793995,0.410361]]],"btipPosition":[4.60776,297.208,-77.3113],"carpPosition":[56.4274,274.462,45.7669],"dipPosition":[12.0053,310.303,-70.5432],"direction":[-0.447014,-0.27986,-0.849622],"extended":true,"handId":375,"id":3751,"length":56.7676,"mcpPosition":[36.8984,312.911,-12.0498],"pipPosition":[22.435,316.833,-50.7198],"stabilizedTipPosition":[6.25718,293.452,-67.9904],"timeVisible":0.144983,"tipPosition":[6.45733,294.819,-73.738],"tipVelocity":[-3.57157,276.516,-255.177],"tool":false,"touchDistance":0.212184,"touchZone":"hovering","type":1,"width":20.3363},{"bases":[[[0.794562,-0.454797,-0.402283],[0.587869,0.741996,0.322262],[0.151928,-0.492547,0.856922]],[[0.799849,-0.473529,-0.368798],[0.459114,0.878482,-0.132227],[0.386595,-0.0635588,0.920057]],[[0.799849,-0.473529,-0.368798],[0.18179,0.776725,-0.603034],[0.572009,0.415293,0.707346]],[[0.799849,-0.473529,-0.368798],[-0.0816838,0.522858,-0.848497],[0.594617,0.708794,0.379528]]],"btipPosition":[12.3444,285.511,-87.2133],"carpPosition":[67.2122,273.12,40.5113],"dipPosition":[23.1308,298.368,-80.3287],"direction":[-0.572009,-0.415293,-0.707346],"extended":false,"handId":375,"id":3752,"length":64.6822,"mcpPosition":[56.8201,306.811,-18.1032],"pipPosition":[38.8325,309.768,-60.912],"stabilizedTipPosition":[13.3995,282.717,-78.6917],"timeVisible":0.144983,"tipPosition":[13.7296,284.816,-82.1073],"tipVelocity":[75.8787,293.842,-289.732],"tool":false,"touchDistance":0.101703,"touchZone":"hovering","type":2,"width":19.973},{"bases":[[[0.64124,-0.729658,-0.23751],[0.757414,0.552236,0.348366],[-0.123026,-0.40328,0.906769]],[[0.64518,-0.71498,-0.269345],[0.709935,0.691301,-0.134515],[0.282374,-0.104431,0.953603]],[[0.64518,-0.71498,-0.269345],[0.455716,0.643076,-0.615448],[0.613242,0.27433,0.740728]],[[0.64518,-0.71498,-0.269345],[0.240354,0.524568,-0.816737],[0.72524,0.462204,0.510289]]],"btipPosition":[57.6628,271.55,-76.9221],"carpPosition":[83.9525,257.929,29.6519],"dipPosition":[69.73,279.24,-68.4314],"direction":[-0.613242,-0.27433,-0.740728],"extended":false,"handId":375,"id":3754,"length":48.7586,"mcpPosition":[90.9464,280.855,-21.8972],"pipPosition":[81.3082,284.42,-54.4462],"stabilizedTipPosition":[58.1102,264.59,-62.9242],"timeVisible":0.144983,"tipPosition":[57.9074,269.682,-70.3104],"tipVelocity":[133.633,420.675,-396.249],"tool":false,"touchDistance":0.199468,"touchZone":"hovering","type":4,"width":16.8822}],"r":[[0.774972,-0.630698,0.040475],[0.498382,0.570495,-0.652802],[0.38863,0.526075,0.756447]],"s":1.21543,"t":[-9.06656,36.3255,-58.0393],"timestamp":261706598792},{"currentFrameRate":30.5696,"devices":[],"gestures":[],"hands":[{"armBasis":[[0.804525,-0.183884,-0.564736],[0.431094,0.834858,0.342301],[0.408531,-0.518844,0.750935]],"armWidth":65.6136,"confidence":0.706373,"direction":[-0.0566938,0.616219,-0.785532],"elbow":[181.523,109.29,252.049],"grabAngle":1.32622,"grabStrength":0.05035,"id":375,"palmNormal":[-0.454892,-0.716328,-0.529101],"palmPosition":[56.7993,290.896,-4.71096],"palmVelocity":[-88.303,129.36,-147.36],"palmWidth":89.2074,"pinchDistance":38.1216,"pinchStrength":0.159069,"r":[[0.745902,-0.661472,0.0780012],[0.518838,0.503604,-0.69079],[0.417657,0.555732,0.718836]],"s":1.24969,"sphereCenter":[18.006,246.073,-54.7382],"sphereRadius":74.59,"stabilizedPalmPosit