{"frames":271,"data":[{"currentFrameRate":24.2098,"devices":[],"gestures":[],"hands":[],"id":221523,"interactionBox":{"center":[0,200,0],"size":[235.247,235.247,147.751]},"pointables":[],"r":[[-0.0794966,-0.728761,-0.680138],[0.446709,0.583909,-0.677865],[0.891141,-0.357712,0.279125]],"s":-5.62558,"t":[894.675,787.691,741.58],"timestamp":261720104232},{"currentFrameRate":24.2235,"devices":[],"gestures":[],"hands":[],"id":221524,"interactionBox":{"center":[0,200,0],"size":[235.247,235.247,147.751]},"pointables":[],"r":[[-0.0794966,-0.728761,-0.680138],[0.446709,0.583909,-0.677865],[0.891141,-0.357712,0.279125]],"s":-5.62558,"t":[894.675,787.691,741.58],"timestamp":261720145413},{"currentFrameRate":24.2297,"devices":[],"gestures":[],"hands":[],"id":221525,"interactionBox":{"center":[0,200,0],"size":[235.247,235.247,147.751]},"pointables":[],"r":[[-0.0794966,-0.728761,-0.680138],[0.446709,0.583909,-0.677865],[0.891141,-0.357712,0.279125]],"s":-5.62558,"t":[894.675,787.691,741.58],"timestamp":261720186638},{"currentFrameRate":24.189,"devices":[],"gestures":[],"hands":[],"id":221526,"interactionBox":{"center":[0,200,0],"size":[235.247,235.247,147.751]},"pointables":[],"r":[[-0.0794966,-0.728761,-0.680138],[0.446709,0.583909,-0.677865],[0.891141,-0.357712,0.279125]],"s":-5.62558,"t":[894.675,787.691,741.58],"timestamp":261720228282},{"currentFrameRate":24.1984,"devices":[],"gestures":[],"hands":[],"id":221527,"interactionBox":{"center":[0,200,0],"size":[235.247,235.247,147.751]},"pointables":[],"r":[[-0.0794966,-0.728761,-0.680138],[0.446709,0.583909,-0.677865],[0.891141,-0.357712,0.279125]],"s":-5.62558,"t":[894.675,787.691,741.58],"timestamp":261720269537},{"currentFrameRate":24.2415,"devices":[],"gestures":[],"hands":[],"id":221528,"interactionBox":{"center":[0,200,0],"size":[235.247,235.247,147.751]},"pointables":[],"r":[[-0.0794966,-0.728761,-0.680138],[0.446709,0.583909,-0.677865],[0.891141,-0.357712,0.279125]],"s":-5.62558,"t":[894.675,787.691,741.58],"timestamp":261720310468},{"currentFrameRate":24.2388,"devices":[],"gestures":[],"hands":[],"id":221529,"interactionBox":{"center":[0,200,0],"size":[235.247,235.247,147.751]},"pointables":[],"r":[[-0.0794966,-0.728761,-0.680138],[0.446709,0.583909,-0.677865],[0.891141,-0.357712,0.279125]],"s":-5.62558,"t":[894.675,787.691,741.58],"timestamp":261720351744},{"currentFrameRate":24.2363,"devices":[],"gestures":[],"hands":[],"id":221530,"interactionBox":{"center":[0,200,0],"size":[235.247,235.247,147.751]},"pointables":[],"r":[[-0.0794966,-0.728761,-0.680138],[0.446709,0.583909,-0.677865],[0.891141,-0.357712,0.279125]],"s":-5.62558,"t":[894.675,787.691,741.58],"timestamp":261720393023},{"currentFrameRate":24.2358,"devices":[],"gestures":[],"hands":[],"id":221531,"interactionBox":{"center":[0,200,0],"size":[235.247,235.247,147.751]},"pointables":[],"r":[[-0.0794966,-0.728761,-0.680138],[0.446709,0.583909,-0.677865],[0.891141,-0.357712,0.279125]],"s":-5.62558,"t":[894.675,787.691,741.58],"timestamp":261720434288},{"currentFrameRate":24.231,"devices":[],"gestures":[],"hands":[],"id":221532,"interactionBox":{"center":[0,200,0],"size":[235.247,235.247,147.751]},"pointables":[],"r":[[-0.0794966,-0.728761,-0.680138],[0.446709,0.583909,-0.677865],[0.891141,-0.357712,0.279125]],"s":-5.62558,"t":[894.675,787.691,741.58],"timestamp":261720475593},{"currentFrameRate":24.2348,"devices":[],"gestures":[],"hands":[],"id":221533,"interactionBox":{"center":[0,200,0],"size":[235.247,235.247,147.751]},"pointables":[],"r":[[-0.0794966,-0.728761,-0.680138],[0.446709,0.583909,-0.677865],[0.891141,-0.357712,0.279125]],"s":-5.62558,"t":[894.675,787.691,741.58],"timestamp":261720516828},{"currentFrameRate":24.2291,"devices":[],"gestures":[],"hands":[{"armBasis":[[-0.753271,0.316226,0.576701],[-0.525763,-0.816333,-0.239112],[0.395167,-0.483324,0.781179]],"armWidth":63.9172,"confidence":0,"direction":[-0.330131,0.39739,-0.85621],"elbow":[207.468,20.6675,350.533],"grabAngle":0.852567,"grabStrength":0,"id":376,"palmNormal":[0.508709,0.838971,0.193244],"palmPosition":[82.9706,183.449,71.9806],"palmVelocity":[1.19209e-7,1.19209e-7,1.19209e-7],"palmWidth":91.2716,"pinchDistance":52.5186,"pinchStrength":0.186796,"r":[[1,-5.55112e-18,0],[5.55112e-18,1,0],[0,0,1]],"s":1,"sphereCenter":[123.336,298.133,98.6909],"sphereRadius":123.669,"stabilizedPalmPosition":[82.9706,183.449,71.9806],"t":[0,0,0],"timeVisible":0,"type":"right","wrist":[100.443,151.569,138.962]}],"id":221534,"interactionBox":{"center":[0,200,0],"size":[235.247,235.247,147.751]},"pointables":[{"bases":[[[-0.83938,-0.523257,-0.147118],[0.541251,-0.829481,-0.137871],[-0.0498897,-0.195354,0.979463]],[[-0.801708,-0.459614,-0.382125],[0.568743,-0.783221,-0.25119],[-0.183838,-0.418712,0.889316]],[[-0.801708,-0.459614,-0.382125],[0.588426,-0.719171,-0.369523],[-0.104975,-0.521102,0.847014]],[[-0.801708,-0.459614,-0.382125],[0.59555,-0.559856,-0.576092],[0.0508449,-0.689432,0.722564]]],"btipPosition":[133.552,213.198,22.0547],"carpPosition":[121.951,158.224,112.516],"dipPosition":[134.746,197.012,39.0177],"direction":[0.104975,0.521102,-0.847014],"extended":true,"handId":376,"id":3760,"length":52.2777,"mcpPosition":[121.951,158.224,112.516],"pipPosition":[131.156,179.19,67.9865],"stabilizedTipPosition":[133.827,209.475,25.9562],"timeVisible":0,"tipPosition":[133.827,209.475,25.9562],"tipVelocity":[1.19209e-7,1.19209e-7,1.19209e-7],"tool":false,"touchDistance":1,"touchZone":"none","type":0,"width":20.3127},{"bases":[[[-0.83927,0.43321,0.328565],[-0.531553,-0.780836,-0.328247],[0.114355,-0.450138,0.885606]],[[-0.825548,0.390879,0.407043],[-0.563995,-0.596386,-0.571169],[0.0194969,-0.701098,0.712799]],[[-0.825548,0.390879,0.407043],[-0.52789,-0.279894,-0.801867],[-0.199504,-0.876854,0.437407]],[[-0.825548,0.390879,0.407043],[-0.431107,0.0286299,-0.901847],[-0.364166,-0.919997,0.144875]]],"btipPosition":[103.795,249.502,-5.74939],"carpPosition":[101.997,149.042,103.412],"dipPosition":[97.5542,233.735,-3.26645],"direction":[0.199504,0.876854,-0.437407],"extended":true,"handId":376,"id":3761,"length":58.9895,"mcpPosition":[93.5574,182.261,38.0569],"pipPosition":[92.7172,212.475,7.33857],"stabilizedTipPosition":[102.36,245.875,-5.17832],"timeVisible":0,"tipPosition":[102.36,245.875,-5.17832],"tipVelocity":[1.19209e-7,1.19209e-7,1.19209e-7],"tool":false,"touchDistance":1,"touchZone":"none","type":1,"width":19.4027},{"bases":[[[-0.713108,0.495136,0.496305],[-0.66315,-0.706049,-0.248451],[0.227398,-0.506296,0.831838]],[[-0.724145,0.521242,0.451576],[-0.688599,-0.582583,-0.431774],[0.0380212,-0.623622,0.780801]],[[-0.724145,0.521242,0.451576],[-0.666899,-0.362472,-0.651045],[-0.175669,-0.772607,0.610098]],[[-0.724145,0.521242,0.451576],[-0.59218,-0.134363,-0.794525],[-0.353465,-0.842765,0.405968]]],"btipPosition":[84.6878,256.777,-14.6789],"carpPosition":[90.7666,153.268,106.343],"dipPosition":[78.025,240.89,-7.02633],"direction":[0.175669,0.772607,-0.610098],"extended":true,"handId":376,"id":3762,"length":67.2138,"mcpPosition":[74.8524,188.701,48.1277],"pipPosition":[73.0141,218.852,10.3763],"stabilizedTipPosition":[83.1554,253.123,-12.9188],"timeVisible":0,"tipPosition":[83.1554,253.123,-12.9188],"tipVelocity":[1.19209e-7,1.19209e-7,1.19209e-7],"tool":false,"touchDistance":1,"touchZone":"none","type":2,"width":19.056},{"bases":[[[-0.619838,0.46704,0.630615],[-0.704816,-0.684649,-0.185713],[0.345014,-0.55958,0.753549]],[[-0.658958,0.534932,0.528792],[-0.739744,-0.588192,-0.326816],[0.136207,-0.606529,0.783307]],[[-0.658958,0.534932,0.528792],[-0.744702,-0.365099,-0.558678],[-0.105794,-0.761939,0.63895]],[[-0.658958,0.534932,0.528792],[-0.690699,-0.151961,-0.706995],[-0.297839,-0.831117,0.469613]]],"btipPosition":[61.9748,258.212,2.50914],"carpPosition":[81.236,159.119,111.52],"dipPosition":[56.3927,242.635,11.3105],"direction":[0.105794,0.761939,-0.63895],"extended":true,"handId":376,"id":3763,"length":64.6279,"mcpPosition":[59.5575,194.279,64.1717],"pipPosition":[53.4529,221.462,29.0655],"stabilizedTipPosition":[60.6909,254.629,4.53346],"timeVisible":0,"tipPosition":[60.6909,254.629,4.53346],"tipVelocity":[1.19209e-7,1.19209e-7,1.19209e-7],"tool":false,"touchDistance":1,"touchZone":"none","type":3,"width":18.133},{"bases":[[[-0.450707,0.505796,0.73555],[-0.759375,-0.650402,-0.0180602],[0.469269,-0.566698,0.67723]],[[-0.517944,0.587458,0.621794],[-0.812358,-0.565504,-0.142404],[0.267971,-0.578877,0.770126]],[[-0.517944,0.587458,0.621794],[-0.8541,-0.314876,-0.413964],[-0.0473983,-0.745484,0.664836]],[[-0.517944,0.587458,0.621794],[-0.815209,-0.11875,-0.566862],[-0.259169,-0.800495,0.540407]]],"btipPosition":[44.9581,250.868,31.5961],"carpPosition":[76.3465,168.908,120.69],"dipPosition":[40.477,237.027,40.9398],"direction":[0.0473983,0.745484,-0.664836],"extended":true,"handId":376,"id":3764,"length":50.6671,"mcpPosition":[49.0517,201.869,81.2987],"pipPosition":[39.5471,222.401,53.9834],"stabilizedTipPosition":[43.9275,247.685,33.7451],"timeVisible":0,"tipPosition":[43.9275,247.685,33.7451],"tipVelocity":[1.19209e-7,1.19209e-7,1.19209e-7],"tool":false,"touchDistance":1,"touchZone":"none","type":4,"width":16.1071}],"r":[[1,-5.55112e-18,0],[5.55112e-18,1,0],[0,0,1]],"s":1,"t":[0,0,0],"timestamp":261720558143},{"currentFrameRate":24.2243,"devices":[],"gestures":[],"hands":[{"armBasis":[[0.796044,-0.373299,-0.476405],[0.519876,0.824782,0.222403],[0.309908,-0.424714,0.850632]],"armWidth":67.0645,"confidence":0.214286,"direction":[-0.0147625,0.612312,-0.790479],"elbow":[187.042,31.3928,344.29],"grabAngle":0.409272,"grabStrength":0,"id":376,"palmNormal":[-0.554046,-0.663112,-0.503305],"palmPosition":[89.9685,191.422,53.5129],"palmVelocity":[169.371,192.966,-446.977],"palmWidth":90.5056,"pinchDistance":62.264,"pinchStrength":0,"r":[[0.993729,-0.0639979,0.0916911],[0.0835426,0.969976,-0.2284],[-0.074321,0.234628,0.96924]],"s":1.021,"sphereCenter":[-32.4299,46.654,-57.3845],"sphereRadius":222.058,"stabilizedPalmPosition":[83.9331,184.546,69.4405],"t":[3.49895,3.98638,-9.23386],"timeVisible":0.041317,"type":"right","wrist":[103.108,146.42,113.908]}],"id":221535,"interactionBox":{"center":[0,200,0],"size":[235.247,235.247,147.751]},"pointables":[{"bases":[[[0.82761,0.539342,0.15547],[-0.416336,0.404078,0.814484],[0.376464,-0.738804,0.558967]],[[0.804383,0.581284,0.122789],[-0.37982,0.344222,0.858632],[0.456842,-0.737306,0.497669]],[[0.804383,0.581284,0.122789],[-0.534133,0.617069,0.577865],[0.260134,-0.53041,0.806843]],[[0.804383,0.581284,0.122789],[-0.581325,0.72743,0.364565],[0.122596,-0.36463,0.923047]]],"btipPosition":[35.3229,224.043,29.7095],"carpPosition":[69.7797,160.862,103.085],"dipPosition":[38.1537,215.624,51.0235],"direction":[-0.260134,0.53041,-0.806843],"extended":true,"handId":376,"id":3760,"length":51.42,"mcpPosition":[69.7797,160.862,103.085],"pipPosition":[46.9046,197.781,78.1656],"stabilizedTipPosition":[38.8092,221.741,34.3609],"timeVisible":0.041317,"tipPosition":[32.1777,217.819,31.9909],"tipVelocity":[-2368.35,305.727,209.49],"tool":false,"touchDistance":1,"touchZone":"none","type":0,"width":21.752},{"bases":[[[0.740689,-0.519814,-0.425644],[0.660798,0.678084,0.32179],[0.121352,-0.519611,0.845741]],[[0.74891,-0.567219,-0.342633],[0.657552,0.700229,0.278036],[0.0822143,-0.433523,0.897384]],[[0.74891,-0.567219,-0.342633],[0.642394,0.748347,0.165245],[0.162678,-0.343859,0.924823]],[[0.74891,-0.567219,-0.342633],[0.605564,0.795772,0.00623447],[0.269121,-0.212155,0.939449]]],"btipPosition":[76.0191,245.218,-49.2055],"carpPosition":[97.9042,174.961,95.5278],"dipPosition":[81.0088,241.284,-31.7873],"direction":[-0.162678,0.343859,-0.924823],"extended":true,"handId":376,"id":3762,"length":66.1111,"mcpPosition":[89.4828,211.02,36.8362],"pipPosition":[85.573,231.637,-5.84007],"stabilizedTipPosition":[82.5844,252.283,-15.9962],"timeVisible":0.041317,"tipPosition":[71.901,241.516,-44.4647],"tipVelocity":[-144.944,-213.223,-781.289],"tool":false,"touchDistance":0.754722,"touchZone":"hovering","type":2,"width":20.4063},{"bases":[[[0.698538,-0.640241,-0.319586],[0.71556,0.622303,0.317353],[-0.00430341,-0.450366,0.892834]],[[0.69847,-0.630453,-0.338627],[0.712177,0.658836,0.242361],[0.0703028,-0.410444,0.909172]],[[0.69847,-0.630453,-0.338627],[0.68103,0.730941,0.0438695],[0.219859,-0.261257,0.939897]],[[0.69847,-0.630453,-0.338627],[0.63349,0.764815,-0.117256],[0.332911,-0.132617,0.933586]]],"btipPosition":[92.5803,225.298,-48.6783],"carpPosition":[107.557,169.559,89.9288],"dipPosition":[98.7173,222.854,-31.4683],"direction":[-0.219859,0.261257,-0.939897],"extended":true,"handId":376,"id":3763,"length":63.5676,"mcpPosition":[107.826,197.62,34.2995],"pipPosition":[104.726,215.713,-5.77915],"stabilizedTipPosition":[82.5971,234.965,-27.8667],"timeVisible":0.041317,"tipPosition":[88.1444,222.926,-43.7615],"tipVelocity":[805.987,-723.499,-1192.09],"tool":false,"touchDistance":0.735733,"touchZone":"hovering","type":3,"width":19.4179},{"bases":[[[0.565448,-0.782026,-0.262116],[0.812287,0.472897,0.341407],[-0.143036,-0.405961,0.902627]],[[0.577631,-0.733352,-0.358522],[0.816007,0.507013,0.277616],[-0.0218146,-0.452916,0.891286]],[[0.577631,-0.733352,-0.358522],[0.800031,0.595839,0.0701843],[0.162152,-0.32737,0.930879]],[[0.577631,-0.733352,-0.358522],[0.758164,0.644759,-0.0973329],[0.30254,-0.215596,0.928433]]],"btipPosition":[114.164,207.178,-33.0275],"carpPosition":[113.428,157.979,83.8799],"dipPosition":[119.31,203.512,-17.2381],"direction":[-0.162152,0.32737,-0.930879],"extended":true,"handId":376,"id":3764,"length":49.8358,"mcpPosition":[121.678,181.393,31.8195],"pipPosition":[122.439,197.194,0.725491],"stabilizedTipPosition":[101.069,214.602,-16.7721],"timeVisible":0.041317,"tipPosition":[110.113,204.006,-29.1625],"tipVelocity":[1728.59,-1000.79,-1528.21],"tool":false,"touchDistance":0.921777,"touchZone":"hovering","type":4,"width":17.2485},{"bases":[[[0.81806,-0.321611,-0.476806],[0.525026,0.756039,0.390835],[0.234787,-0.570062,0.78734]],[[0.849463,-0.437155,-0.29548],[0.521696,0.779714,0.346236],[0.0790305,-0.448266,0.8904]],[[0.849463,-0.437155,-0.29548],[0.502386,0.841282,0.199633],[0.161311,-0.318025,0.934258]],[[0.849463,-0.437155,-0.29548],[0.476026,0.876499,0.0717508],[0.227621,-0.201606,0.952651]]],"btipPosition":[58.8617,249.01,-32.5366],"carpPosition":[87.0768,177.311,101.161],"dipPosition":[62.6987,245.612,-16.4775],"direction":[-0.161311,0.318025,-0.934258],"extended":true,"handId":376,"id":3761,"length":58.0217,"mcpPosition":[69.8956,219.027,43.5447],"pipPosition":[66.5456,238.028,5.80215],"stabilizedTipPosition":[64.6714,247.957,-26.1069],"timeVisible":0.041317,"tipPosition":[55.9277,243.991,-28.4977],"tipVelocity":[-1031.43,56.9574,-572.76],"tool":false,"touchDistance":0.988455,"touchZone":"hovering","type":1,"width":20.7775}],"r":[[0.993729,-0.0639979,0.0916911],[0.0835426,0.969976,-0.2284],[-0.074321,0.234628,0.96924]],"s":1.021,"t":[3.49895,3.98638,-9.23386],"timestamp":261720599460},{"currentFrameRate":25.2743,"devices":[],"gestures":[],"hands":[{"armBasis":[[0.842568,-0.261759,-0.470703],[0.41484,0.872782,0.257216],[0.343493,-0.411989,0.843966]],"armWidth":66.6507,"confidence":0.367692,"direction":[0.000312537,0.616216,-0.787577],"elbow":[189.118,51.2457,331.033],"grabAngle":0.647083,"grabStrength":0,"id":376,"palmNormal":[-0.440231,-0.707068,-0.553399],"palmPosition":[84.4214,205.859,43.8544],"palmVelocity":[-173.846,452.451,-302.697],"palmWidth":89.8927,"pinchDistance":56.3879,"pinchStrength":0,"r":[[0.978104,-0.0779377,0.192971],[0.149979,0.906814,-0.393948],[-0.144285,0.414264,0.898647]],"s":1.02113,"sphereCenter":[19.4821,108.342,-40.2701],"sphereRadius":144.751,"stabilizedPalmPosition":[84.1723,194.985,56.9079],"t":[2.4749,13.198,-18.68],"timeVisible":0.073225,"type":"right","wrist":[96.8684,161.89,104.375]}],"id":221536,"interactionBox":{"center":[0,200,0],"size":[235.247,235.247,147.751]},"pointables":[{"bases":[[[0.755122,0.613078,0.232221],[-0.525856,0.354898,0.772996],[0.391492,-0.705821,0.590382]],[[0.721054,0.668054,0.183805],[-0.482324,0.293504,0.82536],[0.497438,-0.683783,0.533851]],[[0.721054,0.668054,0.183805],[-0.652399,0.56526,0.504833],[0.233358,-0.483926,0.843421]],[[0.721054,0.668054,0.183805],[-0.689842,0.667368,0.280603],[0.0647928,-0.329126,0.94206]]],"btipPosition":[29.0722,230.621,15.3631],"carpPosition":[62.9133,173.312,90.9019],"dipPosition":[30.5357,223.187,36.6415],"direction":[-0.233358,0.483926,-0.843421],"extended":true,"handId":376,"id":3760,"length":50.2981,"mcpPosition":[62.9133,173.312,90.9019],"pipPosition":[38.2146,207.263,64.3952],"stabilizedTipPosition":[32.4504,226.591,24.8206],"timeVisible":0.073225,"tipPosition":[27.0629,227.241,17.606],"tipVelocity":[-205.752,213.244,-449.874],"tool":false,"touchDistance":1,"touchZone":"none","type":0,"width":21.6376},{"bases":[[[0.782333,-0.568528,-0.254423],[0.621309,0.6835,0.383148],[-0.0439322,-0.457825,0.887956]],[[0.782649,-0.564978,-0.261267],[0.617479,0.757696,0.211228],[0.0786221,-0.326644,0.941872]],[[0.782649,-0.564978,-0.261267],[0.569669,0.819286,-0.0651758],[0.250876,-0.0978262,0.963064]],[[0.782649,-0.564978,-0.261267],[0.506628,0.822037,-0.259968],[0.361648,0.0710986,0.9296]]],"btipPosition":[86.5288,229.252,-56.592],"carpPosition":[100.429,185.501,81.4838],"dipPosition":[93.0501,230.534,-39.8293],"direction":[-0.250876,0.0978262,-0.963064],"extended":true,"handId":376,"id":3763,"length":62.1807,"mcpPosition":[103.148,213.834,26.5329],"pipPosition":[99.7574,227.919,-14.0813],"stabilizedTipPosition":[85.2724,232.296,-40.1161],"timeVisible":0.073225,"tipPosition":[88.2973,233.583,-52.9216],"tipVelocity":[-186.886,150.77,-251.242],"tool":false,"touchDistance":0.575244,"touchZone":"hovering","type":3,"width":19.3158},{"bases":[[[0.658506,-0.722762,-0.209729],[0.729089,0.543601,0.415845],[-0.186548,-0.426747,0.884922]],[[0.670448,-0.689399,-0.274279],[0.741892,0.618003,0.260132],[-0.00982954,-0.37789,0.925798]],[[0.670448,-0.689399,-0.274279],[0.708158,0.70488,-0.0406897],[0.221385,-0.166953,0.960789]],[[0.670448,-0.689399,-0.274279],[0.638699,0.724381,-0.259493],[0.377576,-0.00120529,0.925978]]],"btipPosition":[108.385,215.198,-39.8],"carpPosition":[107.823,174.684,76.0273],"dipPosition":[114.666,215.178,-24.3959],"direction":[-0.221385,0.166953,-0.960789],"extended":true,"handId":376,"id":3764,"length":48.7485,"mcpPosition":[118.51,199.13,25.3337],"pipPosition":[118.845,212.026,-6.25968],"stabilizedTipPosition":[107.56,215.04,-31.2093],"timeVisible":0.073225,"tipPosition":[110.35,218.325,-36.4287],"tipVelocity":[-172.943,277.617,-215.029],"tool":false,"touchDistance":0.760015,"touchZone":"hovering","type":4,"width":17.1578},{"bases":[[[0.88519,-0.238501,-0.399444],[0.413043,0.797997,0.438857],[0.214088,-0.55346,0.804891]],[[0.910482,-0.351015,-0.218657],[0.402662,0.872984,0.275251],[0.0942666,-0.338656,0.936176]],[[0.910482,-0.351015,-0.218657],[0.373108,0.925275,0.0682455],[0.178363,-0.143719,0.973412]],[[0.910482,-0.351015,-0.218657],[0.340528,0.936365,-0.085217],[0.234655,0.00312969,0.972074]]],"btipPosition":[51.0768,248.683,-45.3454],"carpPosition":[78.5759,191.114,90.7091],"dipPosition":[54.9462,248.735,-29.3163],"direction":[-0.178363,0.143719,-0.973412],"extended":true,"handId":376,"id":3761,"length":56.7558,"mcpPosition":[63.0155,231.34,32.2078],"pipPosition":[59.1069,245.382,-6.60941],"stabilizedTipPosition":[57.9884,248.345,-34.2876],"timeVisible":0.073225,"tipPosition":[52.5804,252.07,-41.2911],"tipVelocity":[-243.745,14.6137,-401.644],"tool":false,"touchDistance":0.730708,"touchZone":"hovering","type":1,"width":20.6682},{"bases":[[[0.822505,-0.443603,-0.355951],[0.561349,0.733843,0.382573],[0.0915014,-0.514481,0.852606]],[[0.827578,-0.497048,-0.260878],[0.552307,0.804056,0.220114],[0.100353,-0.326246,0.939943]],[[0.827578,-0.497048,-0.260878],[0.506153,0.861688,-0.0361067],[0.242742,-0.102163,0.964696]],[[0.827578,-0.497048,-0.260878],[0.451784,0.865583,-0.216001],[0.333174,0.0608977,0.940897]]],"btipPosition":[66.2582,242.204,-59.893],"carpPosition":[89.9379,189.867,86.1391],"dipPosition":[72.3008,243.309,-42.8286],"direction":[-0.242742,0.102163,-0.964696],"extended":true,"handId":376,"id":3762,"length":64.6687,"mcpPosition":[83.631,225.328,27.3719],"pipPosition":[78.9627,240.505,-16.3532],"stabilizedTipPosition":[80.4569,250.884,-21.6898],"timeVisible":0.073225,"tipPosition":[68.7952,247.031,-55.7266],"tipVelocity":[-298.317,-58.1343,-337.499],"tool":false,"touchDistance":0.551049,"touchZone":"hovering","type":2,"width":20.299}],"r":[[0.978104,-0.0779377,0.192971],[0.149979,0.906814,-0.393948],[-0.144285,0.414264,0.898647]],"s":1.02113,"t":[2.4749,13.198,-18.68],"timestamp":261720631368},{"currentFrameRate":28.8404,"devices":[],"gestures":[],"hands":[{"armBasis":[[0.845865,-0.230211,-0.481161],[0.398514,0.872343,0.283203],[0.354541,-0.431301,0.829627]],"armWidth":66.3179,"confidence":0.415164,"direction":[-0.00864032,0.632317,-0.774661],"elbow":[190.322,48.7586,324.474],"grabAngle":0.674852,"grabStrength":0,"id":376,"palmNormal":[-0.424979,-0.703568,-0.569548],"palmPosition":[82.7021,208.566,44.0105],"palmVelocity":[-161.501,254.27,14.6656],"palmWidth":89.4025,"pinchDistance":56.1691,"pinchStrength":0,"r":[[0.958994,-0.0707733,0.274447],[0.207021,0.836271,-0.507733],[-0.193579,0.543729,0.816631]],"s":1.01588,"sphereCenter":[26.5547,119.037,-37.8368],"sphereRadius":134.028,"stabilizedPalmPosition":[83.772,198.683,53.3958],"t":[1.1032,19.1573,-23.325],"timeVisible":0.083871,"type":"right","wrist":[95.75,163.806,103.176]}],"id":221537,"interactionBox":{"center":[0,200,0],"size":[235.247,235.247,147.751]},"pointables":[{"bases":[[[0.742662,0.622181,0.247678],[-0.53504,0.328864,0.778191],[0.402723,-0.71045,0.577127]],[[0.701654,0.68602,0.192505],[-0.492212,0.271334,0.827106],[0.515178,-0.675096,0.52805]],[[0.701654,0.68602,0.192505],[-0.669913,0.543142,0.506175],[0.242688,-0.484122,0.840672]],[[0.701654,0.68602,0.192505],[-0.709185,0.646302,0.281691],[0.0688289,-0.334172,0.939996]]],"btipPosition":[27.0143,231.244,15.8959],"carpPosition":[61.795,174.882,89.9806],"dipPosition":[28.5418,223.828,36.758],"direction":[-0.242688,0.484122,-0.840672],"extended":true,"handId":376,"id":3760,"length":49.4223,"mcpPosition":[61.795,174.882,89.9806],"pipPosition":[36.3887,208.174,63.9395],"stabilizedTipPosition":[30.5426,227.697,23.2723],"timeVisible":0.083871,"tipPosition":[25.2554,229.421,18.2452],"tipVelocity":[-191.927,58.9361,41.0525],"tool":false,"touchDistance":1,"touchZone":"none","type":0,"width":21.5453},{"bases":[[[0.793748,-0.548358,-0.263187],[0.60704,0.686936,0.399526],[-0.0382906,-0.476888,0.878129]],[[0.794051,-0.544183,-0.270827],[0.600948,0.769762,0.215238],[0.0913439,-0.333663,0.938256]],[[0.794051,-0.544183,-0.270827],[0.542073,0.835545,-0.0895612],[0.275026,-0.0756919,0.958453]],[[0.794051,-0.544183,-0.270827],[0.478866,0.83446,-0.272699],[0.374392,0.0868467,0.923194]]],"btipPosition":[83.4781,231.776,-54.246],"carpPosition":[98.8501,187.838,81.09],"dipPosition":[90.1116,233.315,-37.8887],"direction":[-0.275026,0.0756919,-0.958453],"extended":true,"handId":376,"id":3763,"length":61.098,"mcpPosition":[101.207,217.189,27.0437],"pipPosition":[97.3366,231.326,-12.7102],"stabilizedTipPosition":[85.2099,232.258,-42.5296],"timeVisible":0.083871,"tipPosition":[86.1539,237.334,-51.8809],"tipVelocity":[-284.133,242.622,211.606],"tool":false,"touchDistance":0.584844,"touchZone":"hovering","type":3,"width":19.2333},{"bases":[[[0.672697,-0.705781,-0.222156],[0.717324,0.548435,0.429728],[-0.181456,-0.448434,0.875203]],[[0.684238,-0.670821,-0.286039],[0.729173,0.635354,0.25423],[0.0111933,-0.382525,0.923877]],[[0.684238,-0.670821,-0.286039],[0.682816,0.727061,-0.0717338],[0.256088,-0.146229,0.955529]],[[0.684238,-0.670821,-0.286039],[0.613737,0.741554,-0.270968],[0.393884,0.00985404,0.919107]]],"btipPosition":[105.177,218.28,-38.1171],"carpPosition":[106.403,177.353,75.4716],"dipPosition":[111.616,218.441,-23.0936],"direction":[-0.256088,0.146229,-0.955529],"extended":true,"handId":376,"id":3764,"length":47.8997,"mcpPosition":[116.741,202.902,25.6082],"pipPosition":[116.365,215.729,-5.37071],"stabilizedTipPosition":[107.193,216.373,-32.614],"timeVisible":0.083871,"tipPosition":[108.367,222.464,-35.7179],"tipVelocity":[-297.895,293.418,149.854],"tool":false,"touchDistance":0.741277,"touchZone":"hovering","type":4,"width":17.0845},{"bases":[[[0.890861,-0.213523,-0.400967],[0.396469,0.796328,0.456808],[0.221762,-0.565924,0.794073]],[[0.91765,-0.329103,-0.222733],[0.385616,0.872869,0.298998],[0.0960161,-0.360265,0.927896]],[[0.91765,-0.329103,-0.222733],[0.353416,0.932145,0.0787532],[0.181702,-0.150985,0.971693]],[[0.91765,-0.329103,-0.222733],[0.319953,0.944294,-0.0770654],[0.235688,-0.000545117,0.971829]]],"btipPosition":[49.1121,251.853,-42.9331],"carpPosition":[77.0377,192.798,90.2892],"dipPosition":[52.9308,251.845,-27.1872],"direction":[-0.181702,0.150985,-0.971693],"extended":true,"handId":376,"id":3761,"length":55.7676,"mcpPosition":[61.0074,233.706,32.8888],"pipPosition":[57.0956,248.384,-4.91506],"stabilizedTipPosition":[56.0415,249.199,-35.5105],"timeVisible":0.083871,"tipPosition":[50.255,255.536,-40.1869],"tipVelocity":[-185.646,296.482,220.469],"tool":false,"touchDistance":0.726178,"touchZone":"hovering","type":1,"width":20.58},{"bases":[[[0.831903,-0.420623,-0.361959],[0.546145,0.736147,0.399767],[0.0983036,-0.530249,0.842124]],[[0.837654,-0.475474,-0.268811],[0.535831,0.810789,0.2356],[0.105927,-0.341389,0.933934]],[[0.837654,-0.475474,-0.268811],[0.480759,0.875408,-0.0503102],[0.259241,-0.0870908,0.961878]],[[0.837654,-0.475474,-0.268811],[0.424731,0.87646,-0.226762],[0.343422,0.0757759,0.936119]]],"btipPosition":[63.6556,244.823,-57.2695],"carpPosition":[88.3469,191.872,85.7683],"dipPosition":[69.7756,246.174,-40.5873],"direction":[-0.259241,0.0870908,-0.961878],"extended":true,"handId":376,"id":3762,"length":63.5427,"mcpPosition":[81.6082,228.221,28.0401],"pipPosition":[76.7664,243.825,-14.6489],"stabilizedTipPosition":[79.3256,250.461,-24.0226],"timeVisible":0.083871,"tipPosition":[66.4136,250.587,-54.567],"tipVelocity":[-242.799,251.334,238.175],"tool":false,"touchDistance":0.567312,"touchZone":"hovering","type":2,"width":20.2123}],"r":[[0.958994,-0.0707733,0.274447],[0.207021,0.836271,-0.507733],[-0.193579,0.543729,0.816631]],"s":1.01588,"t":[1.1032,19.1573,-23.325],"timestamp":261720642014},{"currentFrameRate":32.2141,"devices":[],"gestures":[],"hands":[{"armBasis":[[0.85051,-0.18014,-0.494148],[0.373474,0.868378,0.326247],[0.370337,-0.462028,0.805841]],"armWidth":66.0504,"confidence":0.460632,"direction":[-0.0246589,0.645698,-0.763195],"elbow":[193.523,43.248,315.561],"grabAngle":0.647947,"grabStrength":0,"id":376,"palmNormal":[-0.39966,-0.706132,-0.584508],"palmPosition":[81.1338,211.247,43.8861],"palmVelocity":[-146.809,251.019,-11.6499],"palmWidth":89.0103,"pinchDistance":56.2818,"pinchStrength":0,"r":[[0.939659,-0.050493,0.338366],[0.251877,0.771416,-0.584359],[-0.231515,0.634325,0.737586]],"s":1.01249,"sphereCenter":[27.9733,118.951,-41.3838],"sphereRadius":136.969,"stabilizedPalmPosition":[82.8563,203.044,50.0951],"t":[-0.366825,23.4777,-25.7098],"timeVisible":0.094554,"type":"right","wrist":[95.2768,165.819,101.78]}],"id":221538,"interactionBox":{"center":[0,200,0],"size":[235.247,235.247,147.751]},"pointables":[{"bases":[[[0.721384,0.640642,0.263026],[-0.549102,0.297676,0.780946],[0.42201,-0.70779,0.566516]],[[0.675604,0.708162,0.2051],[-0.504995,0.241807,0.828559],[0.537159,-0.663352,0.520984]],[[0.675604,0.708162,0.2051],[-0.69074,0.510726,0.511895],[0.257755,-0.487509,0.834205]],[[0.675604,0.708162,0.2051],[-0.732552,0.613382,0.295178],[0.0832288,-0.34967,0.933169]]],"btipPosition":[24.791,232.016,16.3046],"carpPosition":[61.1764,176.284,88.877],"dipPosition":[26.6125,224.363,36.7271],"direction":[-0.257755,0.487509,-0.834205],"extended":true,"handId":376,"id":3760,"length":48.735,"mcpPosition":[61.1764,176.284,88.877],"pipPosition":[34.8306,208.82,63.3245],"stabilizedTipPosition":[28.1945,228.823,22.2726],"timeVisible":0.094554,"tipPosition":[23.2833,230.726,18.3078],"tipVelocity":[-201.786,67.1382,28.7924],"tool":false,"touchDistance":1,"touchZone":"none","type":0,"width":21.4709},{"bases":[[[0.811989,-0.518238,-0.268522],[0.583016,0.698328,0.415246],[-0.02768,-0.493728,0.869176]],[[0.812155,-0.514939,-0.274303],[0.5763,0.781361,0.239486],[0.0910093,-0.352581,0.931345]],[[0.812155,-0.514939,-0.274303],[0.521279,0.851595,-0.0552654],[0.262054,-0.0981047,0.960054]],[[0.812155,-0.514939,-0.274303],[0.4636,0.855009,-0.232453],[0.354231,0.0616208,0.933126]]],"btipPosition":[82.5633,236.899,-52.8125],"carpPosition":[97.647,190.449,80.5337],"dipPosition":[88.7523,237.976,-36.5091],"direction":[-0.262054,0.0981047,-0.960054],"extended":true,"handId":376,"id":3763,"length":60.2483,"mcpPosition":[99.3432,220.704,27.2731],"pipPosition":[95.5407,235.435,-11.6392],"stabilizedTipPosition":[84.8542,233.679,-44.4293],"timeVisible":0.094554,"tipPosition":[84.1472,241.425,-51.2368],"tipVelocity":[-95.2054,469.64,133.032],"tool":false,"touchDistance":0.581011,"touchZone":"hovering","type":3,"width":19.1669},{"bases":[[[0.69576,-0.680111,-0.231014],[0.697462,0.562841,0.443574],[-0.171655,-0.469744,0.865953]],[[0.706133,-0.645289,-0.291509],[0.707934,0.65172,0.272195],[0.0143378,-0.398575,0.917024]],[[0.706133,-0.645289,-0.291509],[0.663524,0.746755,-0.0457507],[0.247208,-0.161117,0.955473]],[[0.706133,-0.645289,-0.291509],[0.599961,0.763906,-0.237686],[0.376062,-0.00705616,0.926568]]],"btipPosition":[104.183,223.255,-37.0545],"carpPosition":[105.503,180.37,74.7972],"dipPosition":[110.245,223.142,-22.1196],"direction":[-0.247208,0.161117,-0.955473],"extended":true,"handId":376,"id":3764,"length":47.2336,"mcpPosition":[115.24,207.016,25.6773],"pipPosition":[114.766,220.195,-4.64417],"stabilizedTipPosition":[106.441,219.563,-33.0818],"timeVisible":0.094554,"tipPosition":[106.682,227.147,-35.3262],"tipVelocity":[-101.157,459.841,97.5648],"tool":false,"touchDistance":0.716117,"touchZone":"hovering","type":4,"width":17.0255},{"bases":[[[0.899183,-0.178065,-0.399703],[0.368809,0.799981,0.473297],[0.235477,-0.572995,0.785002]],[[0.928758,-0.29675,-0.222143],[0.358296,0.872305,0.332728],[0.0950396,-0.388617,0.916485]],[[0.928758,-0.29675,-0.222143],[0.329023,0.935973,0.125293],[0.17074,-0.189457,0.96693]],[[0.928758,-0.29675,-0.222143],[0.299089,0.953927,-0.0238447],[0.218985,-0.0442947,0.974722]]],"btipPosition":[47.6593,256.359,-41.0928],"carpPosition":[75.7824,194.518,89.6507],"dipPosition":[51.1581,255.651,-25.5195],"direction":[-0.17074,0.189457,-0.96693],"extended":true,"handId":376,"id":3761,"length":54.992,"mcpPosition":[58.8354,235.756,33.155],"pipPosition":[55.0172,251.369,-3.66478],"stabilizedTipPosition":[53.838,251.233,-36.0922],"timeVisible":0.094554,"tipPosition":[47.7461,258.395,-39.3803],"tipVelocity":[-142.876,406.669,168.552],"tool":false,"touchDistance":0.713903,"touchZone":"hovering","type":1,"width":20.509},{"bases":[[[0.846594,-0.387593,-0.364761],[0.520598,0.745586,0.416028],[0.110712,-0.542101,0.832988]],[[0.853646,-0.445205,-0.270336],[0.510568,0.817891,0.265283],[0.103,-0.364483,0.925496]],[[0.853646,-0.445205,-0.270336],[0.459689,0.888013,-0.0108604],[0.244897,-0.115,0.962705]],[[0.853646,-0.445205,-0.270336],[0.408926,0.894326,-0.181552],[0.322596,0.0444336,0.945493]]],"btipPosition":[62.6864,249.742,-55.5785],"carpPosition":[87.0661,194.038,85.2026],"dipPosition":[68.3553,250.523,-38.9636],"direction":[-0.244897,0.115,-0.962705],"extended":true,"handId":376,"id":3762,"length":62.659,"mcpPosition":[79.51,231.036,28.3511],"pipPosition":[74.8675,247.465,-13.3639],"stabilizedTipPosition":[77.2725,250.389,-27.7357],"timeVisible":0.094554,"tipPosition":[64.0238,253.997,-53.7545],"tipVelocity":[-100.432,448.165,156.84],"tool":false,"touchDistance":0.569047,"touchZone":"hovering","type":2,"width":20.1425}],"r":[[0.939659,-0.050493,0.338366],[0.251877,0.771416,-0.584359],[-0.231515,0.634325,0.737586]],"s":1.01249,"t":[-0.366825,23.4777,-25.7098],"timestamp":261720652697},{"currentFrameRate":35.4037,"devices":[],"gestures":[],"hands":[{"armBasis":[[0.853316,-0.136097,-0.503318],[0.352664,0.861668,0.364906],[0.384031,-0.488882,0.783272]],"armWidth":65.8357,"confidence":0.503977,"direction":[-0.0420375,0.65359,-0.75568],"elbow":[196.261,38.8835,307.027],"grabAngle":0.598286,"grabStrength":0,"id":376,"palmNormal":[-0.378456,-0.710404,-0.593377],"palmPosition":[79.5287,213.775,43.2238],"palmVelocity":[-149.631,235.647,-61.7433],"palmWidth":88.6965,"pinchDistance":56.6101,"pinchStrength":0,"r":[[0.921734,-0.0240118,0.387078],[0.285879,0.71651,-0.636306],[-0.262066,0.697163,0.667297]],"s":1.01114,"sphereCenter":[27.0074,114.866,-46.9256],"sphereRadius":144.503,"stabilizedPalmPosition":[81.4866,207.461,47.2668],"t":[-1.90438,26.9018,-27.2333],"timeVisible":0.105281,"type":"right","wrist":[94.829,168.01,100.145]}],"id":221539,"interactionBox":{"center":[0,200,0],"size":[235.247,235.247,147.751]},"pointables":[{"bases":[[[0.702381,0.657896,0.271723],[-0.558507,0.272719,0.783386],[0.441283,-0.701995,0.558993]],[[0.651508,0.728772,0.210779],[-0.512579,0.218035,0.830496],[0.559285,-0.649116,0.515605]],[[0.651508,0.728772,0.210779],[-0.706838,0.482213,0.517543],[0.27553,-0.48617,0.82929]],[[0.651508,0.728772,0.210779],[-0.752068,0.583936,0.305635],[0.0996567,-0.357644,0.928525]]],"btipPosition":[22.4445,232.657,16.1549],"carpPosition":[60.5993,177.891,87.5747],"dipPosition":[24.6013,224.917,36.25],"direction":[-0.27553,0.48617,-0.82929],"extended":true,"handId":376,"id":3760,"length":48.1936,"mcpPosition":[60.5993,177.891,87.5747],"pipPosition":[33.2885,209.589,62.3969],"stabilizedTipPosition":[25.5436,229.86,21.5178],"timeVisible":0.105281,"tipPosition":[21.2564,231.845,17.9005],"tipVelocity":[-211.556,57.9384,-20.9753],"tool":false,"touchDistance":1,"touchZone":"none","type":0,"width":21.411},{"bases":[[[0.826867,-0.491638,-0.273099],[0.562203,0.709822,0.424359],[-0.0147795,-0.504426,0.863329]],[[0.826955,-0.487871,-0.279513],[0.554536,0.78983,0.262028],[0.0929321,-0.371685,0.923696]],[[0.826955,-0.487871,-0.279513],[0.504985,0.86304,-0.0123543],[0.247258,-0.130933,0.960062]],[[0.826955,-0.487871,-0.279513],[0.459044,0.872874,-0.165438],[0.324692,0.00850046,0.945782]]],"btipPosition":[81.6214,242.461,-52.2725],"carpPosition":[96.5025,193.096,79.5419],"dipPosition":[87.2313,242.608,-35.9316],"direction":[-0.247258,0.130933,-0.960062],"extended":true,"handId":376,"id":3763,"length":59.5789,"mcpPosition":[97.4049,223.897,26.8261],"pipPosition":[93.5653,239.254,-11.3378],"stabilizedTipPosition":[84.154,236.857,-45.9017],"timeVisible":0.105281,"tipPosition":[81.9546,244.794,-51.1468],"tipVelocity":[-100.223,498.513,51.141],"tool":false,"touchDistance":0.333333,"touchZone":"hovering","type":3,"width":19.1134},{"bases":[[[0.715265,-0.657195,-0.237679],[0.680437,0.577341,0.451311],[-0.159377,-0.484533,0.860132]],[[0.724988,-0.620083,-0.299815],[0.688475,0.664964,0.289525],[0.0198365,-0.416318,0.909003]],[[0.724988,-0.620083,-0.299815],[0.647225,0.762215,-0.0113601],[0.235568,-0.185812,0.95393]],[[0.724988,-0.620083,-0.299815],[0.592366,0.783446,-0.187924],[0.351417,-0.0413574,0.935305]]],"btipPosition":[103.107,228.379,-36.777],"carpPosition":[104.609,183.359,73.7246],"dipPosition":[108.709,227.72,-21.8688],"direction":[-0.235568,0.185812,-0.95393],"extended":true,"handId":376,"id":3764,"length":46.7088,"mcpPosition":[113.618,210.747,25.1069],"pipPosition":[112.969,224.359,-4.61546],"stabilizedTipPosition":[105.359,224.149,-33.2227],"timeVisible":0.105281,"tipPosition":[104.698,231.07,-35.5573],"tipVelocity":[-110.162,465.982,25.2937],"tool":false,"touchDistance":0.681909,"touchZone":"hovering","type":4,"width":16.9781},{"bases":[[[0.904479,-0.147603,-0.400164],[0.345092,0.804624,0.48321],[0.250658,-0.575147,0.778702]],[[0.937364,-0.26938,-0.220871],[0.335142,0.870325,0.360853],[0.0950229,-0.412274,0.906091]],[[0.937364,-0.26938,-0.220871],[0.308562,0.936333,0.167543],[0.161676,-0.225201,0.960805]],[[0.937364,-0.26938,-0.220871],[0.282873,0.958646,0.0313099],[0.203303,-0.0918273,0.9748]]],"btipPosition":[46.0533,260.518,-40.0892],"carpPosition":[74.6302,196.408,88.6298],"dipPosition":[49.2654,259.067,-24.6877],"direction":[-0.161676,0.225201,-0.960805],"extended":true,"handId":376,"id":3761,"length":54.3811,"mcpPosition":[56.6542,237.654,32.785],"pipPosition":[52.8791,254.034,-3.21271],"stabilizedTipPosition":[51.3492,254.395,-36.2528],"timeVisible":0.105281,"tipPosition":[45.1605,260.825,-39.168],"tipVelocity":[-155.861,371.808,89.874],"tool":false,"touchDistance":0.690307,"touchZone":"hovering","type":1,"width":20.4518},{"bases":[[[0.857857,-0.358942,-0.367752],[0.498456,0.755263,0.425581],[0.124991,-0.548396,0.826825]],[[0.866468,-0.418274,-0.272543],[0.488601,0.822561,0.290967],[0.102479,-0.385279,0.917092]],[[0.866468,-0.418274,-0.272543],[0.441865,0.896622,0.028721],[0.232355,-0.145313,0.961715]],[[0.866468,-0.418274,-0.272543],[0.400237,0.908313,-0.121564],[0.298401,-0.00375026,0.954433]]],"btipPosition":[61.5077,254.661,-54.7677],"carpPosition":[85.8715,196.306,84.2161],"dipPosition":[66.6932,254.596,-38.182],"direction":[-0.232355,0.145313,-0.961715],"extended":true,"handId":376,"id":3762,"length":61.9629,"mcpPosition":[77.371,233.602,27.9842],"pipPosition":[72.8032,250.775,-12.8928],"stabilizedTipPosition":[74.0368,251.334,-32.891],"timeVisible":0.105281,"tipPosition":[61.5224,256.821,-53.5455],"tipVelocity":[-120.245,440.456,74.9585],"tool":false,"touchDistance":0.557537,"touchZone":"hovering","type":2,"width":20.0864}],"r":[[0.921734,-0.0240118,0.387078],[0.285879,0.71651,-0.636306],[-0.262066,0.697163,0.667297]],"s":1.01114,"t":[-1.90438,26.9018,-27.2333],"timestamp":261720663424},{"currentFrameRate":38.426,"devices":[],"gestures":[],"hands":[{"armBasis":[[0.855097,-0.100364,-0.508661],[0.335737,0.854792,0.39574],[0.395082,-0.509173,0.764626]],"armWidth":65.6635,"confidence":0.544921,"direction":[-0.0597439,0.656571,-0.751895],"elbow":[198.325,36.5679,299.835],"grabAngle":0.543427,"grabStrength":0,"id":376,"palmNormal":[-0.361174,-0.716425,-0.596899],"palmPosition":[77.8899,216.361,42.3366],"palmVelocity":[-152.783,241.052,-82.7111],"palmWidth":88.4455,"pinchDistance":57.3444,"pinchStrength":0,"r":[[0.905938,0.00470659,0.423384],[0.310742,0.671821,-0.67238],[-0.287603,0.740698,0.607166]],"s":1.01111,"sphereCenter":[24.6183,108.189,-53.5925],"sphereRadius":155.064,"stabilizedPalmPosition":[79.8047,211.623,44.9613],"t":[-3.49254,29.9067,-28.4387],"timeVisible":0.116007,"type":"right","wrist":[94.3413,170.579,98.5896]}],"id":221540,"interactionBox":{"center":[0,200,0],"size":[235.247,235.247,147.751]},"pointables":[{"bases":[[[0.68585,0.673981,0.274518],[-0.56409,0.254013,0.785672],[0.459797,-0.693705,0.5544]],[[0.631396,0.745868,0.21218],[-0.516988,0.20094,0.832073],[0.577981,-0.635062,0.512478]],[[0.631396,0.745868,0.21218],[-0.718236,0.459326,0.522644],[0.292364,-0.482391,0.825725]],[[0.631396,0.745868,0.21218],[-0.766711,0.559461,0.314894],[0.116163,-0.361504,0.925106]]],"btipPosition":[20.255,233.617,15.7689],"carpPosition":[60.007,179.887,86.3524],"dipPosition":[22.7467,225.863,35.6122],"direction":[-0.292364,0.482391,-0.825725],"extended":true,"handId":376,"id":3760,"length":47.7656,"mcpPosition":[60.007,179.887,86.3524],"pipPosition":[31.8828,210.788,61.4156],"stabilizedTipPosition":[22.9198,230.958,20.8585],"timeVisible":0.116007,"tipPosition":[19.1853,233.054,17.2789],"tipVelocity":[-196.951,89.1559,-41.3887],"tool":false,"touchDistance":1,"touchZone":"none","type":0,"width":21.3629},{"bases":[[[0.866149,-0.33495,-0.370937],[0.479746,0.765266,0.4292],[0.140105,-0.549706,0.823525]],[[0.876411,-0.394654,-0.275956],[0.470075,0.825527,0.312305],[0.104557,-0.403427,0.909018]],[[0.876411,-0.394654,-0.275956],[0.426444,0.902246,0.064018],[0.223715,-0.173786,0.959036]],[[0.876411,-0.394654,-0.275956],[0.39263,0.917394,-0.0650377],[0.278827,-0