{"frames":203,"data":[{"currentFrameRate":24.3197,"devices":[],"gestures":[],"hands":[],"id":222007,"interactionBox":{"center":[0,200,0],"size":[235.247,235.247,147.751]},"pointables":[],"r":[[-0.0794966,-0.728761,-0.680138],[0.446709,0.583909,-0.677865],[0.891141,-0.357712,0.279125]],"s":-5.62558,"t":[894.675,787.691,741.58],"timestamp":261734966819},{"currentFrameRate":24.314,"devices":[],"gestures":[],"hands":[],"id":222008,"interactionBox":{"center":[0,200,0],"size":[235.247,235.247,147.751]},"pointables":[],"r":[[-0.0794966,-0.728761,-0.680138],[0.446709,0.583909,-0.677865],[0.891141,-0.357712,0.279125]],"s":-5.62558,"t":[894.675,787.691,741.58],"timestamp":261735007990},{"currentFrameRate":24.3071,"devices":[],"gestures":[],"hands":[],"id":222009,"interactionBox":{"center":[0,200,0],"size":[235.247,235.247,147.751]},"pointables":[],"r":[[-0.0794966,-0.728761,-0.680138],[0.446709,0.583909,-0.677865],[0.891141,-0.357712,0.279125]],"s":-5.62558,"t":[894.675,787.691,741.58],"timestamp":261735049181},{"currentFrameRate":24.3068,"devices":[],"gestures":[],"hands":[],"id":222010,"interactionBox":{"center":[0,200,0],"size":[235.247,235.247,147.751]},"pointables":[],"r":[[-0.0794966,-0.728761,-0.680138],[0.446709,0.583909,-0.677865],[0.891141,-0.357712,0.279125]],"s":-5.62558,"t":[894.675,787.691,741.58],"timestamp":261735090324},{"currentFrameRate":24.3024,"devices":[],"gestures":[],"hands":[],"id":222011,"interactionBox":{"center":[0,200,0],"size":[235.247,235.247,147.751]},"pointables":[],"r":[[-0.0794966,-0.728761,-0.680138],[0.446709,0.583909,-0.677865],[0.891141,-0.357712,0.279125]],"s":-5.62558,"t":[894.675,787.691,741.58],"timestamp":261735131505},{"currentFrameRate":24.2994,"devices":[],"gestures":[],"hands":[],"id":222012,"interactionBox":{"center":[0,200,0],"size":[235.247,235.247,147.751]},"pointables":[],"r":[[-0.0794966,-0.728761,-0.680138],[0.446709,0.583909,-0.677865],[0.891141,-0.357712,0.279125]],"s":-5.62558,"t":[894.675,787.691,741.58],"timestamp":261735172680},{"currentFrameRate":24.2577,"devices":[],"gestures":[],"hands":[],"id":222013,"interactionBox":{"center":[0,200,0],"size":[235.247,235.247,147.751]},"pointables":[],"r":[[-0.0794966,-0.728761,-0.680138],[0.446709,0.583909,-0.677865],[0.891141,-0.357712,0.279125]],"s":-5.62558,"t":[894.675,787.691,741.58],"timestamp":261735214214},{"currentFrameRate":24.2564,"devices":[],"gestures":[],"hands":[],"id":222014,"interactionBox":{"center":[0,200,0],"size":[235.247,235.247,147.751]},"pointables":[],"r":[[-0.0794966,-0.728761,-0.680138],[0.446709,0.583909,-0.677865],[0.891141,-0.357712,0.279125]],"s":-5.62558,"t":[894.675,787.691,741.58],"timestamp":261735255450},{"currentFrameRate":24.2327,"devices":[],"gestures":[],"hands":[],"id":222015,"interactionBox":{"center":[0,200,0],"size":[235.247,235.247,147.751]},"pointables":[],"r":[[-0.0794966,-0.728761,-0.680138],[0.446709,0.583909,-0.677865],[0.891141,-0.357712,0.279125]],"s":-5.62558,"t":[894.675,787.691,741.58],"timestamp":261735296892},{"currentFrameRate":24.2597,"devices":[],"gestures":[],"hands":[],"id":222016,"interactionBox":{"center":[0,200,0],"size":[235.247,235.247,147.751]},"pointables":[],"r":[[-0.0794966,-0.728761,-0.680138],[0.446709,0.583909,-0.677865],[0.891141,-0.357712,0.279125]],"s":-5.62558,"t":[894.675,787.691,741.58],"timestamp":261735337912},{"currentFrameRate":24.2565,"devices":[],"gestures":[],"hands":[],"id":222017,"interactionBox":{"center":[0,200,0],"size":[235.247,235.247,147.751]},"pointables":[],"r":[[-0.0794966,-0.728761,-0.680138],[0.446709,0.583909,-0.677865],[0.891141,-0.357712,0.279125]],"s":-5.62558,"t":[894.675,787.691,741.58],"timestamp":261735379162},{"currentFrameRate":24.2725,"devices":[],"gestures":[],"hands":[],"id":222018,"interactionBox":{"center":[0,200,0],"size":[235.247,235.247,147.751]},"pointables":[],"r":[[-0.0794966,-0.728761,-0.680138],[0.446709,0.583909,-0.677865],[0.891141,-0.357712,0.279125]],"s":-5.62558,"t":[894.675,787.691,741.58],"timestamp":261735420242},{"currentFrameRate":24.2419,"devices":[],"gestures":[],"hands":[],"id":222019,"interactionBox":{"center":[0,200,0],"size":[235.247,235.247,147.751]},"pointables":[],"r":[[-0.0794966,-0.728761,-0.680138],[0.446709,0.583909,-0.677865],[0.891141,-0.357712,0.279125]],"s":-5.62558,"t":[894.675,787.691,741.58],"timestamp":261735461720},{"currentFrameRate":24.2455,"devices":[],"gestures":[],"hands":[{"armBasis":[[0.128875,-0.967696,-0.216691],[0.898453,0.206428,-0.387518],[0.419731,-0.144746,0.896033]],"armWidth":63.8548,"confidence":0,"direction":[0.0149484,0.173224,-0.984769],"elbow":[213.763,130.104,357.171],"grabAngle":3.09947,"grabStrength":1,"id":377,"palmNormal":[-0.98844,-0.14605,-0.0406948],"palmPosition":[91.0797,188.979,41.6769],"palmVelocity":[1.19209e-7,1.19209e-7,1.19209e-7],"palmWidth":91.1825,"pinchDistance":7.80725,"pinchStrength":1,"r":[[1,-8.67362e-19,-1.38778e-18],[8.67362e-19,1,-1.11022e-17],[1.38778e-18,1.11022e-17,1]],"s":1,"sphereCenter":[47.1825,177.88,23.3242],"sphereRadius":38.8525,"stabilizedPalmPosition":[91.0797,188.979,41.6769],"t":[0,0,0],"timeVisible":0,"type":"right","wrist":[100.196,169.268,114.73]}],"id":222020,"interactionBox":{"center":[0,200,0],"size":[235.247,235.247,147.751]},"pointables":[{"bases":[[[0.947716,-0.227499,-0.223782],[0.314787,0.781577,0.53856],[0.0523809,-0.580846,0.812326]],[[0.889005,-0.0439915,-0.455779],[0.271765,0.851797,0.447868],[0.368529,-0.522022,0.769207]],[[0.889005,-0.0439915,-0.455779],[0.0690554,0.996871,0.0384766],[0.45266,-0.0656799,0.889261]],[[0.889005,-0.0439915,-0.455779],[-0.185196,0.875786,-0.445759],[0.418774,0.48069,0.770432]]],"btipPosition":[36.9202,215.532,14.6863],"carpPosition":[80.6431,198.448,101.618],"dipPosition":[46.7417,226.806,32.7553],"direction":[-0.45266,0.0656798,-0.889261],"extended":false,"handId":377,"id":3770,"length":52.2266,"mcpPosition":[80.6431,198.448,101.618],"pipPosition":[62.2081,224.562,63.1393],"stabilizedTipPosition":[39.1791,218.125,18.8421],"timeVisible":0,"tipPosition":[39.1791,218.125,18.8421],"tipVelocity":[1.19209e-7,1.19209e-7,1.19209e-7],"tool":false,"touchDistance":1,"touchZone":"none","type":0,"width":20.2928},{"bases":[[[0.151243,-0.931082,-0.331983],[0.975932,0.194025,-0.0995525],[0.157104,-0.308936,0.938017]],[[0.162674,-0.951751,-0.260205],[0.409196,0.305046,-0.859945],[0.897828,0.033416,0.439076]],[[0.162674,-0.951751,-0.260205],[-0.843653,0.00258336,-0.536882],[0.51165,0.30686,-0.802528]],[[0.162674,-0.951751,-0.260205],[-0.97759,-0.191184,0.0881246],[-0.13362,0.240039,-0.961523]]],"btipPosition":[41.0488,205.091,38.3311],"carpPosition":[101.391,195.295,90.489],"dipPosition":[38.761,209.201,21.8682],"direction":[-0.51165,-0.30686,0.802528],"extended":false,"handId":377,"id":3771,"length":58.9319,"mcpPosition":[89.8084,218.072,21.3334],"pipPosition":[51.154,216.633,2.4297],"stabilizedTipPosition":[40.5226,206.036,34.5446],"timeVisible":0,"tipPosition":[40.5226,206.036,34.5446],"tipVelocity":[1.19209e-7,1.19209e-7,1.19209e-7],"tool":false,"touchDistance":0.333333,"touchZone":"none","type":1,"width":19.3837},{"bases":[[[0.00247461,-0.983603,-0.180333],[0.990664,0.0269914,-0.133627],[0.136303,-0.178319,0.974486]],[[0.00855031,-0.990576,-0.136698],[0.397049,0.128828,-0.908711],[0.917758,-0.0465061,0.394408]],[[0.00855031,-0.990576,-0.136698],[-0.841551,0.0667093,-0.536043],[0.54011,0.119622,-0.83305]],[[0.00855031,-0.990576,-0.136698],[-0.992858,-0.0246771,0.116719],[-0.118992,0.134724,-0.983712]]],"btipPosition":[37.7992,193.211,40.7944],"carpPosition":[104.809,184.443,85.713],"dipPosition":[35.5584,195.748,22.2694],"direction":[-0.54011,-0.119622,0.83305],"extended":false,"handId":377,"id":3772,"length":67.1482,"mcpPosition":[95.2795,196.911,17.5812],"pipPosition":[50.9497,199.157,-1.46968],"stabilizedTipPosition":[37.2838,193.795,36.5337],"timeVisible":0,"tipPosition":[37.2838,193.795,36.5337],"tipVelocity":[1.19209e-7,1.19209e-7,1.19209e-7],"tool":false,"touchDistance":0.333333,"touchZone":"none","type":2,"width":19.0374},{"bases":[[[-0.0521818,-0.99834,-0.0243738],[0.99215,-0.0490497,-0.115037],[0.11365,-0.0301852,0.993062]],[[-0.0509326,-0.998611,-0.0134843],[0.416385,-0.00896086,-0.909144],[0.907761,-0.0519197,0.416263]],[[-0.0509326,-0.998611,-0.0134843],[-0.813344,0.0493109,-0.57969],[0.579549,-0.0185577,-0.814726]],[[-0.0509326,-0.998611,-0.0134843],[-0.994546,0.0494854,0.0918155],[-0.0910207,0.0180871,-0.995685]]],"btipPosition":[43.4586,176.961,42.8673],"carpPosition":[105.621,172.565,82.5821],"dipPosition":[41.7544,177.299,24.2245],"direction":[-0.579549,0.0185577,0.814726],"extended":false,"handId":377,"id":3773,"length":64.5648,"mcpPosition":[98.4873,174.459,20.2451],"pipPosition":[57.843,176.784,1.60724],"stabilizedTipPosition":[43.0667,177.039,38.5794],"timeVisible":0,"tipPosition":[43.0667,177.039,38.5794],"tipVelocity":[1.19209e-7,1.19209e-7,1.19209e-7],"tool":false,"touchDistance":0.333333,"touchZone":"none","type":3,"width":18.1153},{"bases":[[[-0.201887,-0.973204,0.110071],[0.978072,-0.206204,-0.0292376],[0.0511512,0.101755,0.993494]],[[-0.201152,-0.971687,0.123948],[0.493232,-0.209794,-0.84422],[0.846321,-0.108682,0.521468]],[[-0.201152,-0.971687,0.123948],[-0.692543,0.0515828,-0.71953],[0.692764,-0.230574,-0.683311]],[[-0.201152,-0.971687,0.123948],[-0.977742,0.191459,-0.0858175],[0.0596568,-0.138451,-0.988571]]],"btipPosition":[52.41,164.315,36.8343],"carpPosition":[99.9796,159.466,82.573],"dipPosition":[53.4404,161.923,19.7585],"direction":[-0.692764,0.230574,0.683311],"extended":false,"handId":377,"id":3774,"length":50.6176,"mcpPosition":[97.0073,153.553,24.8432],"pipPosition":[67.0187,157.404,6.36547],"stabilizedTipPosition":[52.647,163.765,32.9069],"timeVisible":0,"tipPosition":[52.647,163.765,32.9069],"tipVelocity":[1.19209e-7,1.19209e-7,1.19209e-7],"tool":false,"touchDistance":0.333333,"touchZone":"none","type":4,"width":16.0914}],"r":[[1,-8.67362e-19,-1.38778e-18],[8.67362e-19,1,-1.11022e-17],[1.38778e-18,1.11022e-17,1]],"s":1,"t":[0,0,0],"timestamp":261735502938},{"currentFrameRate":24.2963,"devices":[],"gestures":[],"hands":[{"armBasis":[[0.0705343,-0.929958,-0.360837],[0.875257,0.231218,-0.424811],[0.478488,-0.285861,0.830261]],"armWidth":66.3273,"confidence":0.211595,"direction":[0.0101435,0.225118,-0.974279],"elbow":[227.409,98.1493,333.968],"grabAngle":2.89127,"grabStrength":1,"id":377,"palmNormal":[-0.98904,-0.141269,-0.0429389],"palmPosition":[87.8413,200.151,37.8988],"palmVelocity":[-79.4076,273.943,-92.6423],"palmWidth":91.1825,"pinchDistance":19.0499,"pinchStrength":1,"r":[[0.999999,-0.000489615,-0.00109953],[0.000501238,0.999944,0.0105959],[0.00109428,-0.0105964,0.999943]],"s":1.03517,"sphereCenter":[41.2243,193.023,18.035],"sphereRadius":41.8108,"stabilizedPalmPosition":[89.4822,194.491,39.8132],"t":[-1.6192,5.58598,-1.88907],"timeVisible":0.040782,"type":"right","wrist":[97.9436,175.495,109.324]}],"id":222021,"interactionBox":{"center":[0,200,0],"size":[235.247,235.247,147.751]},"pointables":[{"bases":[[[0.945877,-0.217643,-0.240725],[0.319806,0.751172,0.577464],[0.0551451,-0.623195,0.78012]],[[0.882292,-0.013936,-0.470496],[0.30958,0.770132,0.557726],[0.354571,-0.637733,0.683795]],[[0.882292,-0.013936,-0.470496],[0.118768,0.97381,0.193875],[0.455472,-0.226934,0.860841]],[[0.882292,-0.013936,-0.470496],[-0.113978,0.96349,-0.242274],[0.456694,0.267382,0.848491]]],"btipPosition":[33.8856,239.833,15.0646],"carpPosition":[77.7521,206.457,98.3133],"dipPosition":[44.538,246.07,34.8555],"direction":[-0.455472,0.226934,-0.86084],"extended":false,"handId":377,"id":3770,"length":51.941,"mcpPosition":[77.7521,206.457,98.3133],"pipPosition":[60.0153,238.358,64.1077],"stabilizedTipPosition":[36.4198,240.583,19.5936],"timeVisible":0.040782,"tipPosition":[36.1134,235.834,18.2468],"tipVelocity":[-69.7238,567.469,18.9878],"tool":false,"touchDistance":1,"touchZone":"none","type":0,"width":21.4235},{"bases":[[[0.146914,-0.912552,-0.38166],[0.975912,0.196637,-0.0944997],[0.161284,-0.358583,0.919459]],[[0.146559,-0.911763,-0.383679],[0.589177,0.392022,-0.706534],[0.794601,-0.122506,0.594644]],[[0.146559,-0.911763,-0.383679],[-0.648128,0.204507,-0.733558],[0.747296,0.356182,-0.560967]],[[0.146559,-0.911763,-0.383679],[-0.976348,-0.0710073,-0.20421],[0.158947,0.404533,-0.900605]]],"btipPosition":[31.8093,220.061,22.5194],"carpPosition":[98.4314,203.847,86.9194],"dipPosition":[34.5158,226.949,7.18383],"direction":[-0.747295,-0.356182,0.560967],"extended":false,"handId":377,"id":3771,"length":58.6097,"mcpPosition":[86.5406,230.284,19.132],"pipPosition":[52.5175,235.529,-6.32933],"stabilizedTipPosition":[35.8518,215.047,25.5662],"timeVisible":0.040782,"tipPosition":[34.4845,219.973,24.4667],"tipVelocity":[-198.393,382.744,-381.354],"tool":false,"touchDistance":0.333333,"touchZone":"none","type":1,"width":20.4638},{"bases":[[[-0.00118306,-0.97267,-0.232189],[0.990004,0.0316079,-0.137454],[0.141036,-0.230031,0.962909]],[[-0.00612121,-0.964018,-0.265767],[0.539189,0.220645,-0.812767],[0.842162,-0.148274,0.518437]],[[-0.00612121,-0.964018,-0.265767],[-0.713666,0.190377,-0.67412],[0.70046,0.185542,-0.689152]],[[-0.00612121,-0.964018,-0.265767],[-0.995647,0.0305929,-0.0880381],[0.0930009,0.264071,-0.960009]]],"btipPosition":[29.8843,206.257,26.8403],"carpPosition":[101.794,193.255,81.5567],"dipPosition":[31.6261,211.202,8.86049],"direction":[-0.70046,-0.185542,0.689152],"extended":false,"handId":377,"id":3772,"length":66.781,"mcpPosition":[91.9336,209.338,14.2342],"pipPosition":[51.4776,216.461,-10.6706],"stabilizedTipPosition":[34.0336,200.11,30.1117],"timeVisible":0.040782,"tipPosition":[32.148,206.385,27.9797],"tipVelocity":[-171.618,333.465,-339.089],"tool":false,"touchDistance":0.333333,"touchZone":"none","type":2,"width":20.0981},{"bases":[[[-0.0550428,-0.995516,-0.0769315],[0.991381,-0.0453147,-0.122926],[0.118889,-0.0830346,0.989429]],[[-0.0620728,-0.988745,-0.136123],[0.539432,0.0815148,-0.838074],[0.839738,-0.125451,0.528301]],[[-0.0620728,-0.988745,-0.136123],[-0.706655,0.139853,-0.6936],[0.704831,0.0531384,-0.707382]],[[-0.0620728,-0.988745,-0.136123],[-0.994353,0.0730263,-0.0770047],[0.0860786,0.130575,-0.987695]]],"btipPosition":[36.6388,188.457,30.0847],"carpPosition":[102.557,181.557,77.7965],"dipPosition":[38.2416,190.888,11.6926],"direction":[-0.704831,-0.0531384,0.707382],"extended":false,"handId":377,"id":3773,"length":64.2117,"mcpPosition":[95.0941,186.769,15.6875],"pipPosition":[57.7012,192.355,-7.83733],"stabilizedTipPosition":[40.8622,181.396,33.9499],"timeVisible":0.040782,"tipPosition":[38.5883,188.727,30.7486],"tipVelocity":[-148.576,293.698,-312.024],"tool":false,"touchDistance":0.333333,"touchZone":"none","type":3,"width":19.1246},{"bases":[[[-0.203956,-0.977172,0.0594768],[0.977334,-0.206759,-0.0454953],[0.056754,0.0488496,0.997192]],[[-0.208925,-0.976678,-0.049506],[0.593149,-0.0863092,-0.800453],[0.777512,-0.196599,0.597348]],[[-0.208925,-0.976678,-0.049506],[-0.614274,0.170455,-0.770463],[0.760933,-0.130558,-0.63556]],[[-0.208925,-0.976678,-0.049506],[-0.957632,0.214587,-0.192077],[0.19822,0.00727905,-0.98013]]],"btipPosition":[47.9439,175,27.3556],"carpPosition":[96.8795,168.491,77.1246],"dipPosition":[51.3491,175.125,10.5182],"direction":[-0.760933,0.130558,0.63556],"extended":false,"handId":377,"id":3774,"length":50.3408,"mcpPosition":[93.5816,165.652,19.1799],"pipPosition":[66.1819,172.58,-1.8708],"stabilizedTipPosition":[51.2935,167.654,29.6529],"timeVisible":0.040782,"tipPosition":[49.1484,175.402,26.8571],"tipVelocity":[-96.1181,276.207,-231.079],"tool":false,"touchDistance":0.333333,"touchZone":"none","type":4,"width":16.988}],"r":[[0.999999,-0.000489615,-0.00109953],[0.000501238,0.999944,0.0105959],[0.00109428,-0.0105964,0.999943]],"s":1.03517,"t":[-1.6192,5.58598,-1.88907],"timestamp":261735543720},{"currentFrameRate":24.8631,"devices":[],"gestures":[],"hands":[{"armBasis":[[0.0747874,-0.854834,-0.513485],[0.861025,0.315108,-0.399177],[0.503033,-0.41227,0.759599]],"armWidth":66.3273,"confidence":0.384058,"direction":[-0.00829655,0.273268,-0.961902],"elbow":[231.474,72.2279,309.618],"grabAngle":2.58688,"grabStrength":1,"id":377,"palmNormal":[-0.975715,-0.212776,-0.0520321],"palmPosition":[83.2646,212.529,34.4788],"palmVelocity":[-126.913,343.228,-94.8378],"palmWidth":91.1825,"pinchDistance":34.0785,"pinchStrength":0.737846,"r":[[0.999899,0.0141519,-0.00155428],[-0.0141009,0.99948,0.0289909],[0.00196374,-0.028966,0.999578]],"s":1.10763,"sphereCenter":[34.3839,206.76,13.6259],"sphereRadius":45.6567,"stabilizedPalmPosition":[84.0872,210.142,35.1846],"t":[-4.71711,14.5675,-4.54358],"timeVisible":0.076843,"type":"right","wrist":[95.3676,183.776,104.092]}],"id":222022,"interactionBox":{"center":[0,200,0],"size":[235.247,235.247,147.751]},"pointables":[{"bases":[[[0.959167,-0.133857,-0.249161],[0.263431,0.743495,0.61467],[0.102973,-0.655208,0.748398]],[[0.903609,0.0329268,-0.42709],[0.288423,0.690393,0.663453],[0.316706,-0.722685,0.614349]],[[0.903609,0.0329268,-0.42709],[0.139212,0.920346,0.365491],[0.405105,-0.389718,0.827049]],[[0.903609,0.0329268,-0.42709],[-0.0604359,0.996868,-0.0510121],[0.424073,0.0719066,0.902769]]],"btipPosition":[33.3249,262.773,15.217],"carpPosition":[72.8248,215.056,95.1096],"dipPosition":[43.2164,264.45,36.274],"direction":[-0.405105,0.389718,-0.827049],"extended":true,"handId":377,"id":3770,"length":51.941,"mcpPosition":[72.8248,215.056,95.1096],"pipPosition":[56.9822,251.207,64.3779],"stabilizedTipPosition":[35.607,262.963,20.0561],"timeVisible":0.076843,"tipPosition":[32.7838,255.509,18.5499],"tipVelocity":[-20.4019,607.063,12.3023],"tool":false,"touchDistance":1,"touchZone":"none","type":0,"width":21.4235},{"bases":[[[-0.129955,-0.991464,0.0105389],[0.990022,-0.130336,-0.0535645],[0.0544809,0.00347272,0.998509]],[[-0.133107,-0.989742,-0.0518993],[0.690387,-0.0550222,-0.721345],[0.71109,-0.131846,0.690629]],[[-0.133107,-0.989742,-0.0518993],[-0.403747,0.101973,-0.90917],[0.905136,-0.100062,-0.413179]],[[-0.133107,-0.989742,-0.0518993],[-0.875889,0.141977,-0.461153],[0.463791,-0.0159245,-0.885802]]],"btipPosition":[40.8786,186.398,13.0191],"carpPosition":[94.7145,179.729,72.1071],"dipPosition":[48.8459,186.124,-2.19796],"direction":[-0.905136,0.100062,0.413179],"extended":false,"handId":377,"id":3774,"length":50.3408,"mcpPosition":[91.5487,179.528,14.0859],"pipPosition":[66.4898,184.174,-10.2521],"stabilizedTipPosition":[47.539,175.826,20.8451],"timeVisible":0.076843,"tipPosition":[44.7896,185.893,16.4045],"tipVelocity":[-166.829,313.531,-387.229],"tool":false,"touchDistance":0.333333,"touchZone":"none","type":4,"width":16.988},{"bases":[[[0.214388,-0.87891,-0.426092],[0.958255,0.273748,-0.0825221],[0.189171,-0.390612,0.900908]],[[0.219189,-0.888679,-0.402749],[0.681097,0.434932,-0.589017],[0.698615,-0.145205,0.700609]],[[0.219189,-0.888679,-0.402749],[-0.414416,0.288904,-0.863014],[0.883298,0.356069,-0.304959]],[[0.219189,-0.888679,-0.402749],[-0.869278,0.00958136,-0.494231],[0.443071,0.458431,-0.770409]]],"btipPosition":[20.9415,233.205,7.69173],"carpPosition":[93.6239,214.574,83.6452],"dipPosition":[28.4861,241.012,-5.42688],"direction":[-0.883298,-0.356069,0.304959],"extended":false,"handId":377,"id":3771,"length":58.6097,"mcpPosition":[79.6771,243.372,17.2255],"pipPosition":[49.764,249.589,-12.773],"stabilizedTipPosition":[27.1398,228.241,11.7516],"timeVisible":0.076843,"tipPosition":[25.357,232.232,12.5489],"tipVelocity":[-270.515,370.368,-397.044],"tool":false,"touchDistance":0.333333,"touchZone":"none","type":1,"width":20.4638},{"bases":[[[0.0714535,-0.957306,-0.280105],[0.984625,0.112575,-0.133571],[0.159401,-0.266254,0.950631]],[[0.0697111,-0.954346,-0.290454],[0.6416,0.265845,-0.719497],[0.763865,-0.136199,0.630841]],[[0.0697111,-0.954346,-0.290454],[-0.512665,0.215498,-0.831105],[0.855754,0.206843,-0.474238]],[[0.0697111,-0.954346,-0.290454],[-0.93709,0.0371894,-0.347102],[0.342057,0.296379,-0.891716]]],"btipPosition":[19.2655,218.288,11.144],"carpPosition":[97.7638,204.543,77.7715],"dipPosition":[25.6718,223.839,-5.55674],"direction":[-0.855754,-0.206843,0.474238],"extended":false,"handId":377,"id":3772,"length":66.781,"mcpPosition":[86.6192,223.158,11.3075],"pipPosition":[49.9245,229.701,-18.997],"stabilizedTipPosition":[26.086,211.74,16.4765],"timeVisible":0.076843,"tipPosition":[23.6537,217.542,15.1235],"tipVelocity":[-264.717,337.498,-427.112],"tool":false,"touchDistance":0.333333,"touchZone":"none","type":2,"width":20.0981},{"bases":[[[0.019702,-0.991798,-0.126287],[0.991793,0.0353471,-0.122869],[0.126326,-0.12283,0.984355]],[[0.0153704,-0.987017,-0.159877],[0.643565,0.132138,-0.753899],[0.765237,-0.0913034,0.637241]],[[0.0153704,-0.987017,-0.159877],[-0.482431,0.132732,-0.865819],[0.875799,0.0904375,-0.474128]],[[0.0153704,-0.987017,-0.159877],[-0.926317,0.0461404,-0.373908],[0.37643,0.153844,-0.913582]]],"btipPosition":[26.2019,199.55,13.3737],"carpPosition":[99.3965,193.136,73.438],"dipPosition":[33.2115,202.415,-3.63826],"direction":[-0.875799,-0.0904375,0.474128],"extended":false,"handId":377,"id":3773,"length":64.2117,"mcpPosition":[91.4667,200.846,11.6475],"pipPosition":[57.3913,204.912,-16.7284],"stabilizedTipPosition":[34.7671,190.184,22.5105],"timeVisible":0.076843,"tipPosition":[31.0007,199.144,17.093],"tipVelocity":[-254.937,310.383,-454.606],"tool":false,"touchDistance":0.333333,"touchZone":"none","type":3,"width":19.1246}],"r":[[0.999899,0.0141519,-0.00155428],[-0.0141009,0.99948,0.0289909],[0.00196374,-0.028966,0.999578]],"s":1.10763,"t":[-4.71711,14.5675,-4.54358],"timestamp":261735579781},{"currentFrameRate":27.0562,"devices":[],"gestures":[],"hands":[{"armBasis":[[0.0620265,-0.793037,-0.606007],[0.870758,0.33974,-0.355468],[0.487784,-0.505637,0.711616]],"armWidth":66.3273,"confidence":0.476749,"direction":[0.0206641,0.323165,-0.946117],"elbow":[222.85,50.8646,290.096],"grabAngle":2.47913,"grabStrength":1,"id":377,"palmNormal":[-0.972211,-0.214227,-0.0944076],"palmPosition":[80.7081,220.663,29.5384],"palmVelocity":[-118.182,376.056,-228.386],"palmWidth":91.1825,"pinchDistance":34.5071,"pinchStrength":0.695566,"r":[[0.999629,0.0267977,0.00487775],[-0.0270224,0.998174,0.0540306],[-0.00342094,-0.0541423,0.998527]],"s":1.16182,"sphereCenter":[31.7726,214.552,6.68389],"sphereRadius":46.7693,"stabilizedPalmPosition":[81.3619,218.628,30.6309],"t":[-7.54432,23.1257,-8.34105],"timeVisible":0.098475,"type":"right","wrist":[90.8702,187.676,97.553]}],"id":222023,"interactionBox":{"center":[0,200,0],"size":[235.247,235.247,147.751]},"pointables":[{"bases":[[[0.96744,-0.116249,-0.224823],[0.239049,0.711526,0.660747],[0.0831558,-0.692977,0.716148]],[[0.918794,0.0543867,-0.390973],[0.261193,0.658864,0.705461],[0.295966,-0.750293,0.591155]],[[0.918794,0.0543867,-0.390973],[0.1235,0.901133,0.41558],[0.374921,-0.430118,0.821239]],[[0.918794,0.0543867,-0.390973],[-0.0486601,0.998514,0.0245473],[0.391727,-0.00352917,0.920075]]],"btipPosition":[31.6429,272.199,10.9127],"carpPosition":[68.3252,219.969,89.8513],"dipPosition":[40.7799,272.116,32.3734],"direction":[-0.374921,0.430118,-0.821239],"extended":true,"handId":377,"id":3770,"length":51.941,"mcpPosition":[68.3252,219.969,89.8513],"pipPosition":[53.52,257.501,60.2798],"stabilizedTipPosition":[33.8746,271.536,16.1428],"timeVisible":0.098475,"tipPosition":[30.6578,264.591,14.3371],"tipVelocity":[-85.7787,417.023,-194.686],"tool":false,"touchDistance":1,"touchZone":"none","type":0,"width":21.4235},{"bases":[[[-0.124025,-0.991242,-0.0453467],[0.992022,-0.122822,-0.0284174],[0.022599,-0.0485093,0.998567]],[[-0.125358,-0.984923,-0.119216],[0.737083,-0.0120276,-0.675695],[0.664074,-0.172576,0.727478]],[[-0.125358,-0.984923,-0.119216],[-0.278324,0.150251,-0.948662],[0.952272,-0.0857423,-0.292963]],[[-0.125358,-0.984923,-0.119216],[-0.793236,0.171675,-0.584212],[0.59587,0.0213302,-0.802798]]],"btipPosition":[37.6432,196.199,1.59512],"carpPosition":[91.1574,185.994,65.7544],"dipPosition":[47.8795,196.566,-12.196],"direction":[-0.952272,0.0857423,0.292963],"extended":false,"handId":377,"id":3774,"length":50.3408,"mcpPosition":[89.8442,188.813,7.72978],"pipPosition":[66.4421,194.894,-17.9067],"stabilizedTipPosition":[44.704,183.517,12.4161],"timeVisible":0.098475,"tipPosition":[42.3616,195.14,6.66127],"tipVelocity":[-125.441,459.888,-512.943],"tool":false,"touchDistance":0.333333,"touchZone":"none","type":4,"width":16.988},{"bases":[[[0.233353,-0.85443,-0.464215],[0.958668,0.282074,-0.0372769],[0.162793,-0.436329,0.884938]],[[0.238224,-0.867381,-0.436921],[0.680139,0.470134,-0.562481],[0.693297,-0.16317,0.701936]],[[0.238224,-0.867381,-0.436921],[-0.334423,0.349102,-0.875379],[0.911817,0.354653,-0.206907]],[[0.238224,-0.867381,-0.436921],[-0.816826,0.0644328,-0.573274],[0.525399,0.493457,-0.69315]]],"btipPosition":[16.8829,242.391,0.541819],"carpPosition":[89.4817,220.181,79.0523],"dipPosition":[25.8294,250.793,-11.2612],"direction":[-0.911817,-0.354653,0.206907],"extended":false,"handId":377,"id":3771,"length":58.6097,"mcpPosition":[77.4797,252.35,13.81],"pipPosition":[47.7942,259.337,-16.2454],"stabilizedTipPosition":[22.9294,236.5,4.6012],"timeVisible":0.098475,"tipPosition":[22.7814,241.656,5.55558],"tipVelocity":[-172.715,430.953,-316.537],"tool":false,"touchDistance":0.333333,"touchZone":"none","type":1,"width":20.4638},{"bases":[[[0.0863295,-0.941008,-0.327187],[0.987659,0.123913,-0.0957836],[0.130676,-0.31488,0.940093]],[[0.0850383,-0.937861,-0.33643],[0.673211,0.303005,-0.674519],[0.734545,-0.169128,0.657145]],[[0.0850383,-0.937861,-0.33643],[-0.399584,0.27721,-0.873778],[0.912744,0.208736,-0.351181]],[[0.0850383,-0.937861,-0.33643],[-0.877144,0.0897023,-0.471775],[0.472638,0.335216,-0.815011]]],"btipPosition":[14.7272,228.436,0.721398],"carpPosition":[93.8694,210.491,72.7998],"dipPosition":[23.5791,234.714,-14.5428],"direction":[-0.912744,-0.208736,0.351181],"extended":false,"handId":377,"id":3772,"length":66.781,"mcpPosition":[84.7332,232.506,7.07261],"pipPosition":[49.4469,240.63,-24.4955],"stabilizedTipPosition":[22.2551,219.194,8.5599],"timeVisible":0.098475,"tipPosition":[20.534,227.237,5.85701],"tipVelocity":[-183.794,476.869,-466.54],"tool":false,"touchDistance":0.333333,"touchZone":"none","type":2,"width":20.0981},{"bases":[[[0.0299173,-0.983734,-0.17712],[0.994966,0.0462649,-0.0888979],[0.0956464,-0.173569,0.980166]],[[0.0262823,-0.976474,-0.214026],[0.689506,0.172728,-0.703383],[0.723803,-0.129086,0.677824]],[[0.0262823,-0.976474,-0.214026],[-0.365842,0.189852,-0.911107],[0.930306,0.102246,-0.352245]],[[0.0262823,-0.976474,-0.214026],[-0.859387,0.0872973,-0.503818],[0.51065,0.197173,-0.836875]]],"btipPosition":[22.2828,209.482,1.53033],"carpPosition":[95.7107,199.333,67.9322],"dipPosition":[31.7917,213.154,-14.0532],"direction":[-0.930306,-0.102246,0.352245],"extended":false,"handId":377,"id":3773,"length":64.2117,"mcpPosition":[89.7068,210.229,6.40472],"pipPosition":[57.4763,215.977,-23.7783],"stabilizedTipPosition":[31.3024,196.962,14.2453],"timeVisible":0.098475,"tipPosition":[27.9498,208.557,6.84174],"tipVelocity":[-154.6,467.725,-532.305],"tool":false,"touchDistance":0.333333,"touchZone":"none","type":3,"width":19.1246}],"r":[[0.999629,0.0267977,0.00487775],[-0.0270224,0.998174,0.0540306],[-0.00342094,-0.0541423,0.998527]],"s":1.16182,"t":[-7.54432,23.1257,-8.34105],"timestamp":261735601413},{"currentFrameRate":29.0629,"devices":[],"gestures":[],"hands":[{"armBasis":[[0.113755,-0.722987,-0.681432],[0.883338,0.387527,-0.263698],[0.454723,-0.571938,0.682726]],"armWidth":66.3273,"confidence":0.558859,"direction":[-0.000944607,0.352074,-0.935972],"elbow":[212.425,38.3524,277.31],"grabAngle":2.30693,"grabStrength":1,"id":377,"palmNormal":[-0.956396,-0.27369,-0.101986],"palmPosition":[77.8266,228.231,25.8069],"palmVelocity":[-135.047,354.662,-174.884],"palmWidth":91.1825,"pinchDistance":36.8111,"pinchStrength":0.655481,"r":[[0.998709,0.0496683,0.0106821],[-0.0503651,0.995526,0.079949],[-0.00666336,-0.0803838,0.996742]],"s":1.21104,"sphereCenter":[27.6993,218.276,2.20631],"sphereRadius":49.3963,"stabilizedPalmPosition":[78.3241,226.879,26.4857],"t":[-10.3987,31.1885,-12.1055],"timeVisible":0.119812,"type":"right","wrist":[89.3897,193.102,92.5844]}],"id":222024,"interactionBox":{"center":[0,200,0],"size":[235.247,235.247,147.751]},"pointables":[{"bases":[[[0.972771,-0.0466736,-0.22702],[0.193023,0.705337,0.682086],[0.12829,-0.707334,0.695141]],[[0.917073,0.117489,-0.381016],[0.216466,0.655799,0.723235],[0.334843,-0.745737,0.575984]],[[0.917073,0.117489,-0.381016],[0.0602338,0.90381,0.423674],[0.394143,-0.41149,0.821783]],[[0.917073,0.117489,-0.381016],[-0.100586,0.992864,0.0640539],[0.385823,-0.0204171,0.922347]]],"btipPosition":[26.415,276.69,7.80546],"carpPosition":[65.5575,224.927,86.0565],"dipPosition":[35.4142,276.214,29.3191],"direction":[-0.394143,0.41149,-0.821783],"extended":true,"handId":377,"id":3770,"length":51.941,"mcpPosition":[65.5575,224.927,86.0565],"pipPosition":[48.8076,262.231,57.244],"stabilizedTipPosition":[28.9231,276.171,13.0292],"timeVisible":0.119812,"tipPosition":[25.3086,269.857,11.9399],"tipVelocity":[-246.5,206.263,-145.058],"tool":false,"touchDistance":1,"touchZone":"none","type":0,"width":21.4235},{"bases":[[[0.0933221,-0.973984,-0.206511],[0.98983,0.113127,-0.0862472],[0.107365,-0.196363,0.974636]],[[0.0891886,-0.965847,-0.243278],[0.719267,0.231415,-0.655059],[0.688985,-0.116558,0.715342]],[[0.0891886,-0.965847,-0.243278],[-0.241677,0.215967,-0.946018],[0.966249,0.143169,-0.214161]],[[0.0891886,-0.965847,-0.243278],[-0.77086,0.0877368,-0.630933],[0.63073,0.243805,-0.736708]]],"btipPosition":[18.3626,215.796,-9.84085],"carpPosition":[94.2041,206.772,63.5621],"dipPosition":[30.1075,220.336,-23.5592],"direction":[-0.966249,-0.143169,0.214161],"extended":false,"handId":377,"id":3773,"length":64.2117,"mcpPosition":[87.4645,219.098,2.38171],"pipPosition":[56.7845,224.289,-29.4719],"stabilizedTipPosition":[28.7122,201.991,7.35356],"timeVisible":0.119812,"tipPosition":[24.2387,214.62,-2.7921],"tipVelocity":[-159.625,305.272,-512.827],"tool":false,"touchDistance":0.333333,"touchZone":"none","type":3,"width":19.1246},{"bases":[[[-0.0597188,-0.995378,-0.0752117],[0.997866,-0.0575356,-0.0308695],[0.0263994,-0.0768947,0.99669]],[[-0.0613389,-0.988082,-0.141182],[0.772138,0.042659,-0.634022],[0.632488,-0.147902,0.760318]],[[-0.0613389,-0.988082,-0.141182],[-0.159878,0.149349,-0.975774],[0.985229,-0.0372811,-0.167133]],[[-0.0613389,-0.988082,-0.141182],[-0.704768,0.143038,-0.694868],[0.706781,0.0568783,-0.705142]]],"btipPosition":[35.3513,202.668,-8.35842],"carpPosition":[90.5211,193.238,60.9795],"dipPosition":[47.493,203.645,-20.4719],"direction":[-0.985229,0.0372811,0.167133],"extended":false,"handId":377,"id":3774,"length":50.3408,"mcpPosition":[88.9871,197.706,3.06395],"pipPosition":[66.6981,202.918,-23.7298],"stabilizedTipPosition":[42.8037,189.129,5.59122],"timeVisible":0.119812,"tipPosition":[40.3623,201.502,-1.49147],"tipVelocity":[-86.8731,309.748,-448.408],"tool":false,"touchDistance":0.333333,"touchZone":"none","type":4,"width":16.988},{"bases":[[[0.287768,-0.823242,-0.489348],[0.938402,0.344441,-0.0276208],[0.19129,-0.451257,0.871651]],[[0.293936,-0.837714,-0.460257],[0.692165,0.518633,-0.501924],[0.659173,-0.17104,0.732281]],[[0.293936,-0.837714,-0.460257],[-0.198969,0.417353,-0.886695],[0.934886,0.352209,-0.044004]],[[0.293936,-0.837714,-0.460257],[-0.710832,0.130332,-0.691181],[0.638999,0.530328,-0.557165]]],"btipPosition":[10.9195,249.909,-9.77516],"carpPosition":[86.6483,226.831,75.2948],"dipPosition":[21.8005,258.939,-19.2626],"direction":[-0.934886,-0.352209,0.044004],"extended":false,"handId":377,"id":3771,"length":58.6097,"mcpPosition":[72.5454,260.1,11.0321],"pipPosition":[44.321,267.424,-20.3226],"stabilizedTipPosition":[18.6978,243.392,-2.76882],"timeVisible":0.119812,"tipPosition":[16.7521,248.263,-2.81093],"tipVelocity":[-258.632,359.123,-458.565],"tool":false,"touchDistance":0.333333,"touchZone":"none","type":1,"width":20.4638},{"bases":[[[0.146747,-0.923216,-0.355159],[0.977515,0.190312,-0.0908097],[0.151428,-0.333847,0.930385]],[[0.145286,-0.919966,-0.36408],[0.697444,0.356235,-0.621827],[0.701758,-0.163583,0.69338]],[[0.145286,-0.919966,-0.36408],[-0.259339,0.319708,-0.911334],[0.954796,0.226824,-0.192134]],[[0.145286,-0.919966,-0.36408],[-0.785462,0.116513,-0.607844],[0.601616,0.374282,-0.70567]]],"btipPosition":[9.02332,235.397,-10.9358],"carpPosition":[91.6489,217.636,68.7598],"dipPosition":[20.2909,242.407,-24.1521],"direction":[-0.954796,-0.226824,0.192134],"extended":false,"handId":377,"id":3772,"length":66.781,"mcpPosition":[81.0617,240.977,3.71141],"pipPosition":[47.3505,248.836,-29.5974],"stabilizedTipPosition":[18.7469,225.068,1.12969],"timeVisible":0.119812,"tipPosition":[15.1062,233.714,-4.069],"tipVelocity":[-241.283,334.131,-524.263],"tool":false,"touchDistance":0.333333,"touchZone":"none","type":2,"width":20.0981}],"r":[[0.998709,0.0496683,0.0106821],[-0.0503651,0.995526,0.079949],[-0.00666336,-0.0803838,0.996742]],"s":1.21104,"t":[-10.3987,31.1885,-12.1055],"timestamp":261735622750},{"currentFrameRate":30.842,"devices":[],"gestures":[],"hands":[{"armBasis":[[0.227744,-0.643439,-0.730834],[0.875084,0.464416,-0.136184],[0.427037,-0.608526,0.668831]],"armWidth":66.3273,"confidence":0.631833,"direction":[-0.0256537,0.404561,-0.914151],"elbow":[203.846,34.8993,268.818],"grabAngle":2.11475,"grabStrength":0.908572,"id":377,"palmNormal":[-0.922129,-0.362701,-0.134637],"palmPosition":[74.9038,237.628,22.9958],"palmVelocity":[-135.915,436.972,-130.718],"palmWidth":91.1825,"pinchDistance":38.8565,"pinchStrength":0.609795,"r":[[0.995929,0.0879051,0.0199544],[-0.0895933,0.989691,0.111739],[-0.00992631,-0.113071,0.993537]],"s":1.25797,"sphereCenter":[24.0124,222.773,-2.76961],"sphereRadius":53.1146,"stabilizedPalmPosition":[75.2466,236.551,23.3456],"t":[-13.2873,39.9185,-15.3933],"timeVisible":0.141317,"type":"right","wrist":[88.3017,199.549,87.8512]}],"id":222025,"interactionBox":{"center":[0,200,0],"size":[235.247,235.247,147.751]},"pointables":[{"bases":[[[0.975109,0.0655352,-0.211819],[0.111724,0.679952,0.724695],[0.19152,-0.730322,0.655706]],[[0.917522,0.209506,-0.338023],[0.134045,0.637314,0.758856],[0.374412,-0.741578,0.556667]],[[0.917522,0.209506,-0.338023],[-0.0396239,0.893911,0.44649],[0.395705,-0.396271,0.828485]],[[0.917522,0.209506,-0.338023],[-0.192192,0.977729,0.0843132],[0.348159,-0.0123939,0.937353]]],"btipPosition":[22.016,280.414,4.86504],"carpPosition":[62.3125,229.563,82.7276],"dipPosition":[30.1368,280.125,26.7287],"direction":[-0.395705,0.396271,-0.828485],"extended":true,"handId":377,"id":3770,"length":51.941,"mcpPosition":[62.3125,229.563,82.7276],"pipPosition":[43.5832,266.659,54.8813],"stabilizedTipPosition":[24.3493,279.962,10.1833],"timeVisible":0.141317,"tipPosition":[19.6605,275.663,10.4508],"tipVelocity":[-213.951,175.16,-132.988],"tool":false,"touchDistance":1,"touchZone":"none","type":0,"width":21.4235},{"bases":[[[0.19483,-0.945691,-0.260213],[0.974056,0.217692,-0.0618473],[0.115135,-0.241412,0.963568]],[[0.189655,-0.934334,-0.301746],[0.752567,0.335716,-0.566513],[0.630614,-0.119642,0.76682]],[[0.189655,-0.934334,-0.301746],[-0.091987,0.289063,-0.95288],[0.977532,0.208475,-0.0311243]],[[0.189655,-0.934334,-0.301746],[-0.648118,0.111723,-0.7533],[0.737546,0.338434,-0.58437]]],"btipPosition":[16.9022,224.181,-23.1419],"carpPosition":[92.9327,215.757,59.7488],"dipPosition":[30.6362,230.483,-34.0235],"direction":[-0.977532,-0.208475,0.0311243],"extended":false,"handId":377,"id":3773,"length":64.2117,"mcpPosition":[85.7054,230.911,-0.73688],"pipPosition":[57.6247,236.239,-34.8828],"stabilizedTipPosition":[26.9286,206.864,0.55038],"timeVisible":0.141317,"tipPosition":[22.0207,222.478,-14.6598],"tipVelocity":[-46.636,408.762,-588.169],"tool":false,"touchDistance":0.333333,"touchZone":"none","type":3,"width":19.1246},{"bases":[[[0.0432077,-0.990157,-0.133122],[0.998821,0.0457628,-0.0161934],[0.022126,-0.132265,0.990967]],[[0.0417083,-0.979704,-0.196061],[0.820534,0.145551,-0.552755],[0.570073,-0.13782,0.809952]],[[0.0417083,-0.979704,-0.196061],[-0.012276,0.195715,-0.980584],[0.999054,0.0433054,-0.00386393]],[[0.0417083,-0.979704,-0.196061],[-0.578141,0.136378,-0.804459],[0.814871,0.146904,-0.560719]]],"btipPosition":[35.8349,211.269,-20.0881],"carpPosition":[90.6832,202.095,56.33],"dipPosition":[49.8335,213.793,-29.7206],"direction":[-0.999054,-0.0433054,0.00386393],"extended":false,"handId":377,"id":3774,"length":50.3408,"mcpPosition":[89.3975,209.78,-1.25299],"pipPosition":[69.308,214.637,-29.7959],"stabilizedTipPosition":[41.8534,194.888,-1.47908],"timeVisible":0.141317,"tipPosition":[40.168,209.846,-11.5652],"tipVelocity":[42.348,416.523,-518.904],"tool":false,"touchDistance":0.333333,"touchZone":"none","type":4,"width":16.988},{"bases":[[[0.376244,-0.759666,-0.530421],[0.89856,0.438758,0.00899019],[0.225897,-0.479998,0.847686]],[[0.384617,-0.777485,-0.497581],[0.716565,0.591287,-0.370019],[0.581897,-0.214234,0.784538]],[[0.384617,-0.777485,-0.497581],[-0.0520351,0.519928,-0.852624],[0.921609,0.353825,0.159516]],[[0.384617,-0.777485,-0.497581],[-0.560465,0.231615,-0.795131],[0.73345,0.584697,-0.34667]]],"btipPosition":[6.96643,260.305,-21.5548],"carpPosition":[83.2263,234.223,72.4728],"dipPosition":[19.4557,270.261,-27.4579],"direction":[-0.921609,-0.353825,-0.159516],"extended":false,"handId":377,"id":3771,"length":58.6097,"mcpPosition":[66.572,269.611,9.97693],"pipPosition":[41.6564,278.784,-23.6153],"stabilizedTipPosition":[15.0408,251.319,-11.0842],"timeVisible":0.141317,"tipPosition":[11.2856,257.29,-13.2795],"tipVelocity":[-166.621,493.314,-509.426],"tool":false,"touchDistance":0.152159,"touchZone":"hovering","type":1,"width":20.4638},{"bases":[[[0.244573,-0.881124,-0.404728],[0.953974,0.293366,-0.0622047],[0.173544,-0.370887,0.912319]],[[0.242064,-0.875726,-0.417743],[0.726279,0.449032,-0.52047],[0.643369,-0.177411,0.744716]],[[0.242064,-0.875726,-0.417743],[-0.112019,0.402444,-0.908565],[0.963772,0.266726,-0.000680721]],[[0.242064,-0.875726,-0.417743],[-0.66187,0.165782,-0.731058],[0.70946,0.453454,-0.539487]]],"btipPosition":[5.57744,244.384,-23.9239],"carpPosition":[89.2185,225.982,65.5131],"dipPosition":[18.8648,252.876,-34.0278],"direction":[-0.963772,-0.266726,0.000680721],"extended":false,"handId":377,"id":3772,"length":66.781,"mcpPosition":[77.0851,251.913,1.72777],"pipPosition":[46.1788,260.435,-34.0471],"stabilizedTipPosition":[15.9155,231.023,-6.53505],"timeVisible":0.141317,"tipPosition":[10.708,241.907,-15.7626],"tipVelocity":[-138.634,433.726,-570.667],"tool":false,"touchDistance":0.333333,"touchZone":"none","type":2,"width":20.0981}],"r":[[0.995929,0.0879051,0.0199544],[-0.0895933,0.989691,0.111739],[-0.00992631,-0.113071,0.993537]],"s":1.25797,"t":[-13.2873,39.9185,-15.3933],"timestamp":261735644255},{"currentFrameRate":32.4306,"devices":[],"gestures":[],"hands":[{"armBasis":[[0.330891,-0.577217,-0.746547],[0.853239,0.52094,-0.0246012],[0.403106,-0.628842,0.664878]],"armWidth":66.3273,"confidence":0.695255,"direction":[-0.0427631,0.439859,-0.897048],"elbow":[195.934,35.1993,264.864],"grabAngle":1.86142,"grabStrength":0.686259,"id":377,"palmNormal":[-0.883017,-0.436678,-0.172027],"palmPosition":[72.1945,245.15,21.4008],"palmVelocity":[-125.644,348.852,-73.9727],"palmWidth":91.1825,"pinchDistance":42.3603,"pinchStrength":0.496947,"r":[[0.990193,0.135519,0.0339448],[-0.139034,0.979693,0.14447],[-0.0136771,-0.147773,0.988927]],"s":1.30746,"sphereCenter":[19.6807,223.438,-7.38241],"sphereRadius":59.1534,"stabilizedPalmPosition":[72.3903,244.599,21.5255],"t":[-16.0862,48.0446,-17.8347],"timeVisible":0.16288,"type":"right","wrist":[86.8653,205.346,84.9672]}],"id":222026,"interactionBox":{"center":[0,200,0],"size":[235.247,235.247,147.751]},"pointables":[{"bases":[[[0.969526,0.160625,-0.184985],[0.0354349,0.655191,0.754632],[0.242413,-0.73819,0.629533]],[[0.91352,0.284962,-0.290308],[0.0555492,0.619577,0.782968],[0.402984,-0.731383,0