{"frames":190,"data":[{"currentFrameRate":16.5184,"devices":[],"gestures":[],"hands":[],"id":223109,"interactionBox":{"center":[0,200,0],"size":[235.247,235.247,147.751]},"pointables":[],"r":[[-0.0794966,-0.728761,-0.680138],[0.446709,0.583909,-0.677865],[0.891141,-0.357712,0.279125]],"s":-5.62558,"t":[894.675,787.691,741.58],"timestamp":261768013684},{"currentFrameRate":17.9367,"devices":[],"gestures":[],"hands":[],"id":223110,"interactionBox":{"center":[0,200,0],"size":[235.247,235.247,147.751]},"pointables":[],"r":[[-0.0794966,-0.728761,-0.680138],[0.446709,0.583909,-0.677865],[0.891141,-0.357712,0.279125]],"s":-5.62558,"t":[894.675,787.691,741.58],"timestamp":261768055239},{"currentFrameRate":19.1473,"devices":[],"gestures":[],"hands":[],"id":223111,"interactionBox":{"center":[0,200,0],"size":[235.247,235.247,147.751]},"pointables":[],"r":[[-0.0794966,-0.728761,-0.680138],[0.446709,0.583909,-0.677865],[0.891141,-0.357712,0.279125]],"s":-5.62558,"t":[894.675,787.691,741.58],"timestamp":261768096086},{"currentFrameRate":20.1095,"devices":[],"gestures":[],"hands":[],"id":223112,"interactionBox":{"center":[0,200,0],"size":[235.247,235.247,147.751]},"pointables":[],"r":[[-0.0794966,-0.728761,-0.680138],[0.446709,0.583909,-0.677865],[0.891141,-0.357712,0.279125]],"s":-5.62558,"t":[894.675,787.691,741.58],"timestamp":261768137204},{"currentFrameRate":20.8853,"devices":[],"gestures":[],"hands":[],"id":223113,"interactionBox":{"center":[0,200,0],"size":[235.247,235.247,147.751]},"pointables":[],"r":[[-0.0794966,-0.728761,-0.680138],[0.446709,0.583909,-0.677865],[0.891141,-0.357712,0.279125]],"s":-5.62558,"t":[894.675,787.691,741.58],"timestamp":261768178400},{"currentFrameRate":21.4795,"devices":[],"gestures":[],"hands":[],"id":223114,"interactionBox":{"center":[0,200,0],"size":[235.247,235.247,147.751]},"pointables":[],"r":[[-0.0794966,-0.728761,-0.680138],[0.446709,0.583909,-0.677865],[0.891141,-0.357712,0.279125]],"s":-5.62558,"t":[894.675,787.691,741.58],"timestamp":261768219982},{"currentFrameRate":22.0426,"devices":[],"gestures":[],"hands":[],"id":223115,"interactionBox":{"center":[0,200,0],"size":[235.247,235.247,147.751]},"pointables":[],"r":[[-0.0794966,-0.728761,-0.680138],[0.446709,0.583909,-0.677865],[0.891141,-0.357712,0.279125]],"s":-5.62558,"t":[894.675,787.691,741.58],"timestamp":261768260745},{"currentFrameRate":22.4603,"devices":[],"gestures":[],"hands":[],"id":223116,"interactionBox":{"center":[0,200,0],"size":[235.247,235.247,147.751]},"pointables":[],"r":[[-0.0794966,-0.728761,-0.680138],[0.446709,0.583909,-0.677865],[0.891141,-0.357712,0.279125]],"s":-5.62558,"t":[894.675,787.691,741.58],"timestamp":261768301919},{"currentFrameRate":22.7966,"devices":[],"gestures":[],"hands":[],"id":223117,"interactionBox":{"center":[0,200,0],"size":[235.247,235.247,147.751]},"pointables":[],"r":[[-0.0794966,-0.728761,-0.680138],[0.446709,0.583909,-0.677865],[0.891141,-0.357712,0.279125]],"s":-5.62558,"t":[894.675,787.691,741.58],"timestamp":261768343129},{"currentFrameRate":23.0766,"devices":[],"gestures":[],"hands":[{"armBasis":[[0.604701,-0.328853,-0.725391],[0.421254,0.905014,-0.0591182],[0.67593,-0.269825,0.685794]],"armWidth":64.2597,"confidence":0,"direction":[-0.291709,0.488244,-0.822511],"elbow":[285.233,144.689,321.369],"grabAngle":3.14159,"grabStrength":1,"id":381,"palmNormal":[-0.56828,-0.780157,-0.261558],"palmPosition":[66.0774,252.842,75.7017],"palmVelocity":[1.19209e-7,1.19209e-7,1.19209e-7],"palmWidth":91.7607,"pinchDistance":39.285,"pinchStrength":0.250094,"r":[[1,-2.77556e-17,-5.55112e-18],[2.77556e-17,1,-1.11022e-17],[5.55112e-18,1.11022e-17,1]],"s":1,"sphereCenter":[35.016,231.57,54.7638],"sphereRadius":40.2607,"stabilizedPalmPosition":[66.0774,252.842,75.7017],"t":[0,0,0],"timeVisible":0,"type":"right","wrist":[101.186,218.159,134.636]}],"id":223118,"interactionBox":{"center":[0,200,0],"size":[235.247,235.247,147.751]},"pointables":[{"bases":[[[0.760964,0.635681,-0.12978],[-0.251216,0.473122,0.844421],[0.598184,-0.609971,0.519722]],[[0.644841,0.732412,-0.218524],[-0.176719,0.421032,0.889664],[0.743606,-0.535075,0.40093]],[[0.644841,0.732412,-0.218524],[-0.412235,0.574035,0.707493],[0.643617,-0.366138,0.672087]],[[0.644841,0.732412,-0.218524],[-0.548545,0.642574,0.534973],[0.532238,-0.225103,0.81612]]],"btipPosition":[-9.07454,272.547,69.7057],"carpPosition":[63.051,227.708,132.26],"dipPosition":[3.48726,267.234,88.9677],"direction":[-0.643617,0.366138,-0.672087],"extended":true,"handId":381,"id":3810,"length":52.5578,"mcpPosition":[63.051,227.708,132.26],"pipPosition":[25.6176,254.644,112.077],"stabilizedTipPosition":[-6.18533,271.325,74.136],"timeVisible":0,"tipPosition":[-6.18533,271.325,74.136],"tipVelocity":[1.19209e-7,1.19209e-7,1.19209e-7],"tool":false,"touchDistance":1,"touchZone":"none","type":0,"width":20.4215},{"bases":[[[0.709491,-0.303588,-0.635969],[0.500172,0.852665,0.150964],[0.496438,-0.425201,0.756804]],[[0.755322,-0.344348,-0.557596],[-0.243667,0.642273,-0.726713],[0.608371,0.68477,0.401217]],[[0.755322,-0.344348,-0.557596],[-0.640914,-0.565753,-0.518799],[-0.136814,0.749231,-0.648024]],[[0.755322,-0.344348,-0.557596],[-0.41944,-0.907751,-0.00758592],[-0.503546,0.239608,-0.830078]]],"btipPosition":[26.1876,224.667,80.9995],"carpPosition":[77.3671,245.18,124.434],"dipPosition":[17.5113,228.795,66.697],"direction":[0.136814,-0.749231,0.648024],"extended":false,"handId":381,"id":3811,"length":59.3056,"mcpPosition":[40.5349,276.727,68.2846],"pipPosition":[14.1765,247.058,50.9014],"stabilizedTipPosition":[24.192,225.617,77.71],"timeVisible":0,"tipPosition":[24.192,225.617,77.71],"tipVelocity":[1.19209e-7,1.19209e-7,1.19209e-7],"tool":false,"touchDistance":0.333333,"touchZone":"none","type":1,"width":19.5066},{"bases":[[[0.674306,-0.499124,-0.54423],[0.623697,0.779523,0.057851],[0.395365,-0.378444,0.836939]],[[0.677549,-0.502232,-0.537299],[-0.272065,0.507572,-0.817527],[0.683307,0.700095,0.207265]],[[0.677549,-0.502232,-0.537299],[-0.704845,-0.652046,-0.279338],[-0.210051,0.567978,-0.795789]],[[0.677549,-0.502232,-0.537299],[-0.394928,-0.864731,0.310279],[-0.620451,0.00196562,-0.784243]]],"btipPosition":[43.396,219.438,85.1537],"carpPosition":[86.6462,243.167,116.431],"dipPosition":[31.6378,219.475,70.2913],"direction":[0.210051,-0.567978,0.795789],"extended":false,"handId":381,"id":3812,"length":67.574,"mcpPosition":[58.8287,269.794,57.5452],"pipPosition":[25.6141,235.763,47.4703],"stabilizedTipPosition":[40.6916,219.446,81.7353],"timeVisible":0,"tipPosition":[40.6916,219.446,81.7353],"tipVelocity":[1.19209e-7,1.19209e-7,1.19209e-7],"tool":false,"touchDistance":0.333333,"touchZone":"none","type":2,"width":19.1581},{"bases":[[[0.67619,-0.606709,-0.417938],[0.682564,0.729409,0.0454706],[0.277261,-0.316016,0.907337]],[[0.672147,-0.602118,-0.430896],[-0.175032,0.436255,-0.882635],[0.719432,0.668682,0.187837]],[[0.672147,-0.602118,-0.430896],[-0.731872,-0.628454,-0.263457],[-0.112166,0.492443,-0.863087]],[[0.672147,-0.602118,-0.430896],[-0.480697,-0.797506,0.364575],[-0.56316,-0.0379175,-0.825478]]],"btipPosition":[59.0123,214.825,82.967],"carpPosition":[95.1984,238.034,109.082],"dipPosition":[48.4011,214.111,67.4131],"direction":[0.112166,-0.492443,0.863087],"extended":false,"handId":381,"id":3813,"length":64.9742,"mcpPosition":[77.6837,257.997,51.765],"pipPosition":[45.2676,227.868,43.3014],"stabilizedTipPosition":[56.5717,214.661,79.3896],"timeVisible":0,"tipPosition":[56.5717,214.661,79.3896],"tipVelocity":[1.19209e-7,1.19209e-7,1.19209e-7],"tool":false,"touchDistance":0.333333,"touchZone":"none","type":3,"width":18.2302},{"bases":[[[0.581598,-0.75133,-0.311844],[0.801223,0.59536,0.0598937],[0.14066,-0.284691,0.948244]],[[0.5584,-0.707986,-0.432372],[-0.0876727,0.467915,-0.879414],[0.824926,0.528972,0.199213]],[[0.5584,-0.707986,-0.432372],[-0.829509,-0.470115,-0.301507],[0.0101983,0.527018,-0.849793]],[[0.5584,-0.707986,-0.432372],[-0.625572,-0.701676,0.341043],[-0.544838,0.080041,-0.834712]]],"btipPosition":[72.4525,212.314,71.7164],"carpPosition":[100.824,226.315,102.998],"dipPosition":[62.9816,213.705,57.2067],"direction":[-0.0101983,-0.527018,0.849793],"extended":false,"handId":381,"id":3814,"length":50.9386,"mcpPosition":[92.5986,242.962,47.5487],"pipPosition":[63.1828,224.1,40.445],"stabilizedTipPosition":[70.2742,212.634,68.3791],"timeVisible":0,"tipPosition":[70.2742,212.634,68.3791],"tipVelocity":[1.19209e-7,1.19209e-7,1.19209e-7],"tool":false,"touchDistance":0.333333,"touchZone":"none","type":4,"width":16.1934}],"r":[[1,-2.77556e-17,-5.55112e-18],[2.77556e-17,1,-1.11022e-17],[5.55112e-18,1.11022e-17,1]],"s":1,"t":[0,0,0],"timestamp":261768384278},{"currentFrameRate":23.2955,"devices":[],"gestures":[],"hands":[{"armBasis":[[0.575967,-0.417035,-0.703096],[0.530382,0.845123,-0.0667954],[0.622059,-0.334437,0.707951]],"armWidth":65.7594,"confidence":0.213874,"direction":[-0.15689,0.503033,-0.849908],"elbow":[260.775,130.693,298.845],"grabAngle":3.14159,"grabStrength":1,"id":381,"palmNormal":[-0.646537,-0.702846,-0.296644],"palmPosition":[65.5169,259.394,44.2923],"palmVelocity":[-13.5928,158.877,-761.719],"palmWidth":91.7607,"pinchDistance":24.8347,"pinchStrength":0.43398,"r":[[0.999505,-0.0269128,0.0163191],[0.0269595,0.999633,-0.00264822],[-0.0162419,0.00308686,0.999863]],"s":0.968252,"sphereCenter":[36.0429,235.955,17.6989],"sphereRadius":40.3204,"stabilizedPalmPosition":[66.0591,253.056,74.6784],"t":[-0.28025,3.27566,-15.7047],"timeVisible":0.041235,"type":"right","wrist":[91.3962,221.756,106.079]}],"id":223119,"interactionBox":{"center":[0,200,0],"size":[235.247,235.247,147.751]},"pointables":[{"bases":[[[0.848086,0.524415,-0.0757615],[-0.250471,0.522782,0.814839],[0.46692,-0.672077,0.574715]],[[0.709182,0.672028,-0.213165],[-0.219728,0.49797,0.838896],[0.669911,-0.548091,0.500814]],[[0.709182,0.672028,-0.213165],[-0.463239,0.672086,0.577677],[0.53148,-0.310932,0.78794]],[[0.709182,0.672028,-0.213165],[-0.637108,0.740347,0.21443],[0.301919,-0.0162606,0.953195]]],"btipPosition":[-5.37581,275.324,24.1764],"carpPosition":[54.6525,236.264,100.743],"dipPosition":[2.00371,274.927,47.4745],"direction":[-0.53148,0.310932,-0.78794],"extended":true,"handId":381,"id":3810,"length":54.4289,"mcpPosition":[54.6525,236.264,100.743],"pipPosition":[20.9289,263.855,75.5319],"stabilizedTipPosition":[-6.14656,271.385,73.4462],"timeVisible":0.041235,"tipPosition":[-3.47949,280.451,32.5736],"tipVelocity":[60.7932,94.7843,-1081.63],"tool":false,"touchDistance":1,"touchZone":"none","type":0,"width":21.1074},{"bases":[[[0.709636,-0.411356,-0.572017],[0.597846,0.781158,0.179923],[0.372824,-0.469658,0.800265]],[[0.660611,-0.352979,-0.66257],[-0.202283,0.766234,-0.609891],[0.722962,0.536928,0.434781]],[[0.660611,-0.352979,-0.66257],[-0.731228,-0.502388,-0.461424],[-0.169994,0.789311,-0.589991]],[[0.660611,-0.352979,-0.66257],[-0.449605,-0.892808,0.0273601],[-0.601205,0.27982,-0.7485]]],"btipPosition":[26.7006,237.297,43.2461],"carpPosition":[71.7809,251.461,93.8789],"dipPosition":[15.9729,242.29,29.8901],"direction":[0.169994,-0.789311,0.589991],"extended":false,"handId":381,"id":3811,"length":61.4169,"mcpPosition":[44.1202,286.306,34.5051],"pipPosition":[11.6818,262.215,14.997],"stabilizedTipPosition":[24.1977,227.385,72.5346],"timeVisible":0.041235,"tipPosition":[21.3762,238.192,42.4003],"tipVelocity":[0.99929,311.123,-910.288],"tool":false,"touchDistance":0.333333,"touchZone":"none","type":1,"width":20.1617},{"bases":[[[0.641096,-0.598127,-0.480875],[0.717252,0.689867,0.0981526],[0.273032,-0.407834,0.871278]],[[0.62357,-0.572595,-0.532255],[-0.104737,0.613507,-0.782712],[0.77472,0.543823,0.322593]],[[0.62357,-0.572595,-0.532255],[-0.774803,-0.543334,-0.323216],[-0.10412,0.61394,-0.782455]],[[0.62357,-0.572595,-0.532255],[-0.510447,-0.813885,0.277551],[-0.592119,0.0986155,-0.799794]]],"btipPosition":[37.807,229.179,48.0786],"carpPosition":[81.303,248.028,86.6857],"dipPosition":[26.1862,231.114,32.382],"direction":[0.10412,-0.61394,0.782455],"extended":false,"handId":381,"id":3812,"length":69.9797,"mcpPosition":[62.0927,276.723,25.3835],"pipPosition":[23.094,249.347,9.14448],"stabilizedTipPosition":[40.0846,220.558,77.6646],"timeVisible":0.041235,"tipPosition":[35.3632,229.807,47.6741],"tipVelocity":[-134.775,246.814,-903.769],"tool":false,"touchDistance":0.333333,"touchZone":"none","type":2,"width":19.8015},{"bases":[[[0.618381,-0.701916,-0.353439],[0.76956,0.632018,0.0912699],[0.159316,-0.328433,0.930994]],[[0.607715,-0.680958,-0.40863],[0.00628376,0.518653,-0.854962],[0.79413,0.517005,0.319472]],[[0.607715,-0.680958,-0.40863],[-0.794125,-0.516592,-0.320153],[0.00691614,0.519065,-0.854707]],[[0.607715,-0.680958,-0.40863],[-0.595147,-0.731197,0.333394],[-0.525816,0.040586,-0.849629]]],"btipPosition":[52.5722,222.431,47.7135],"carpPosition":[89.632,241.618,80.1256],"dipPosition":[42.3119,223.223,31.1346],"direction":[-0.00691614,-0.519065,0.854707],"extended":false,"handId":381,"id":3813,"length":67.2873,"mcpPosition":[79.5679,262.365,21.3142],"pipPosition":[42.512,238.24,6.40692],"stabilizedTipPosition":[56.0464,215.318,76.458],"timeVisible":0.041235,"tipPosition":[50.5563,222.864,46.8631],"tipVelocity":[-154.223,192.861,-860.659],"tool":false,"touchDistance":0.333333,"touchZone":"none","type":3,"width":18.8424},{"bases":[[[0.496953,-0.829925,-0.253501],[0.867405,0.483635,0.117076],[0.0254373,-0.278069,0.960224]],[[0.488241,-0.781765,-0.387897],[0.133368,0.506092,-0.852106],[0.862458,0.3643,0.351357]],[[0.488241,-0.781765,-0.387897],[-0.862352,-0.363897,-0.352035],[0.134054,0.506382,-0.851826]],[[0.488241,-0.781765,-0.387897],[-0.72808,-0.60994,0.312845],[-0.481166,0.129676,-0.866985]]],"btipPosition":[66.663,219.235,38.5575],"carpPosition":[94.076,229.106,74.6757],"dipPosition":[58.0012,221.569,22.9503],"direction":[-0.134054,-0.506382,0.851826],"extended":false,"handId":381,"id":3814,"length":52.752,"mcpPosition":[92.5885,245.366,18.5253],"pipPosition":[60.7395,231.913,5.55035],"stabilizedTipPosition":[69.91,213.097,66.2075],"timeVisible":0.041235,"tipPosition":[64.7595,218.992,37.3447],"tipVelocity":[-135.889,173.116,-810.266],"tool":false,"touchDistance":0.333333,"touchZone":"none","type":4,"width":16.7373}],"r":[[0.999505,-0.0269128,0.0163191],[0.0269595,0.999633,-0.00264822],[-0.0162419,0.00308686,0.999863]],"s":0.968252,"t":[-0.28025,3.27566,-15.7047],"timestamp":261768425513},{"currentFrameRate":23.9869,"devices":[],"gestures":[],"hands":[{"armBasis":[[0.6378,-0.334912,-0.693574],[0.511787,0.85724,0.0566881],[0.575574,-0.391118,0.718151]],"armWidth":65.7594,"confidence":0.387775,"direction":[-0.105244,0.493756,-0.863208],"elbow":[244.706,117.576,276.331],"grabAngle":3.14159,"grabStrength":1,"id":381,"palmNormal":[-0.575888,-0.737925,-0.351881],"palmPosition":[65.8506,261.241,17.235],"palmVelocity":[9.15886,50.6919,-742.578],"palmWidth":91.7607,"pinchDistance":17.0414,"pinchStrength":0.720709,"r":[[0.998156,-0.0371618,0.0479987],[0.0374385,0.999287,-0.00487851],[-0.0477831,0.00666651,0.998835]],"s":0.907945,"sphereCenter":[40.8826,234.162,-12.8977],"sphereRadius":39.2739,"stabilizedPalmPosition":[66.0578,253.11,74.2944],"t":[-0.253514,5.83701,-37.0858],"timeVisible":0.077672,"type":"right","wrist":[87.9843,224.073,80.788]}],"id":223120,"interactionBox":{"center":[0,200,0],"size":[235.247,235.247,147.751]},"pointables":[{"bases":[[[0.820787,0.571233,0.000619851],[-0.353849,0.507583,0.785589],[0.44844,-0.645021,0.618748]],[[0.649812,0.737528,-0.183838],[-0.366091,0.515643,0.774654],[0.666124,-0.436079,0.605074]],[[0.649812,0.737528,-0.183838],[-0.619823,0.654155,0.433476],[0.439959,-0.167732,0.882214]],[[0.649812,0.737528,-0.183838],[-0.759824,0.636749,-0.131218],[0.0202816,0.224951,0.974159]]],"btipPosition":[1.41111,259.943,-13.1373],"carpPosition":[51.1061,237.516,72.5472],"dipPosition":[1.90683,265.441,10.6732],"direction":[-0.439959,0.167732,-0.882214],"extended":false,"handId":381,"id":3810,"length":54.4289,"mcpPosition":[51.1061,237.516,72.5472],"pipPosition":[17.5731,259.468,42.0875],"stabilizedTipPosition":[-5.61398,270.678,67.8156],"timeVisible":0.077672,"tipPosition":[-0.460524,269.044,-4.59141],"tipVelocity":[142.812,-384.929,-1020.83],"tool":false,"touchDistance":1,"touchZone":"none","type":0,"width":21.1074},{"bases":[[[0.781546,-0.370644,-0.501805],[0.533934,0.813424,0.230773],[0.322646,-0.448291,0.833628]],[[0.7578,-0.339306,-0.557325],[-0.117984,0.768818,-0.628489],[0.641731,0.542024,0.542578]],[[0.7578,-0.339306,-0.557325],[-0.641825,-0.541412,-0.543078],[-0.117473,0.76925,-0.628057]],[[0.7578,-0.339306,-0.557325],[-0.411556,-0.911372,-0.00474282],[-0.506321,0.232964,-0.830281]]],"btipPosition":[27.1888,239.018,11.7018],"carpPosition":[67.9204,253.653,67.2265],"dipPosition":[18.1542,243.175,-3.11347],"direction":[0.117473,-0.76925,0.628057],"extended":false,"handId":381,"id":3811,"length":61.4169,"mcpPosition":[43.9825,286.913,5.37734],"pipPosition":[15.1888,262.593,-18.9674],"stabilizedTipPosition":[24.2221,227.722,70.818],"timeVisible":0.077672,"tipPosition":[23.607,237.963,10.8879],"tipVelocity":[24.0853,41.9496,-874.933],"tool":false,"touchDistance":0.333333,"touchZone":"none","type":1,"width":20.1617},{"bases":[[[0.715401,-0.561004,-0.416505],[0.665331,0.729012,0.160861],[0.213394,-0.392194,0.894789]],[[0.701317,-0.536477,-0.469411],[0.00657377,0.663339,-0.74829],[0.712819,0.521703,0.468738]],[[0.701317,-0.536477,-0.469411],[-0.712813,-0.521175,-0.469333],[0.0071414,0.663754,-0.747917]],[[0.701317,-0.536477,-0.469411],[-0.54765,-0.827018,0.126968],[-0.456327,0.168028,-0.873804]]],"btipPosition":[36.0928,229.085,13.7719],"carpPosition":[78.2459,250.763,60.9632],"dipPosition":[27.137,232.383,-3.37726],"direction":[-0.0071414,-0.663754,0.747917],"extended":false,"handId":381,"id":3812,"length":69.9797,"mcpPosition":[63.2318,278.357,-1.99318],"pipPosition":[27.349,252.095,-25.589],"stabilizedTipPosition":[39.9604,220.749,76.2722],"timeVisible":0.077672,"tipPosition":[36.2241,229.956,15.4202],"tipVelocity":[-30.2245,6.03393,-950.705],"tool":false,"touchDistance":0.333333,"touchZone":"none","type":2,"width":19.8015},{"bases":[[[0.686801,-0.665953,-0.291223],[0.721206,0.674194,0.159134],[0.0903649,-0.319326,0.943327]],[[0.680147,-0.645607,-0.347265],[0.145322,0.58305,-0.799334],[0.718528,0.493199,0.49038]],[[0.680147,-0.645607,-0.347265],[-0.718412,-0.492734,-0.491016],[0.145894,0.583442,-0.798943]],[[0.680147,-0.645607,-0.347265],[-0.625021,-0.758244,0.18551],[-0.383078,0.0908738,-0.919235]]],"btipPosition":[51.5108,223.338,13.813],"carpPosition":[87.4932,244.833,55.2342],"dipPosition":[44.0358,225.112,-4.12411],"direction":[-0.145894,-0.583442,0.798943],"extended":false,"handId":381,"id":3813,"length":67.2873,"mcpPosition":[81.7848,265.005,-4.35631],"pipPosition":[48.2567,241.991,-27.2385],"stabilizedTipPosition":[55.9495,215.448,75.4229],"timeVisible":0.077672,"tipPosition":[51.7654,223.866,15.5581],"tipVelocity":[-11.5479,31.0904,-938.96],"tool":false,"touchDistance":0.333333,"touchZone":"none","type":3,"width":18.8424},{"bases":[[[0.563975,-0.800616,-0.20235],[0.82438,0.531529,0.194613],[-0.0482555,-0.27657,0.959781]],[[0.565878,-0.782034,-0.26116],[0.328866,0.504556,-0.798292],[0.756062,0.365849,0.542701]],[[0.565878,-0.782034,-0.26116],[-0.7558,-0.365447,-0.543337],[0.329468,0.504847,-0.79786]],[[0.565878,-0.782034,-0.26116],[-0.774292,-0.612897,0.157573],[-0.283292,0.113047,-0.952348]]],"btipPosition":[66.3882,222.908,7.55595],"carpPosition":[93.1166,232.592,50.28],"dipPosition":[61.2885,224.943,-9.58787],"direction":[-0.329468,-0.504847,0.79786],"extended":false,"handId":381,"id":3814,"length":52.752,"mcpPosition":[95.9384,248.765,-5.84451],"pipPosition":[68.0185,235.255,-25.8855],"stabilizedTipPosition":[69.8381,213.255,65.2493],"timeVisible":0.077672,"tipPosition":[67.1714,221.612,8.40622],"tipVelocity":[14.9446,98.9011,-860.525],"tool":false,"touchDistance":0.333333,"touchZone":"none","type":4,"width":16.7373}],"r":[[0.998156,-0.0371618,0.0479987],[0.0374385,0.999287,-0.00487851],[-0.0477831,0.00666651,0.998835]],"s":0.907945,"t":[-0.253514,5.83701,-37.0858],"timestamp":261768461950},{"currentFrameRate":26.2963,"devices":[],"gestures":[],"hands":[{"armBasis":[[0.662478,-0.285288,-0.692628],[0.492204,0.862797,0.115399],[0.564675,-0.417364,0.712004]],"armWidth":65.7594,"confidence":0.479233,"direction":[-0.114856,0.513409,-0.850423],"elbow":[239.969,110.539,252.79],"grabAngle":3.14159,"grabStrength":1,"id":381,"palmNormal":[-0.54861,-0.746477,-0.376562],"palmPosition":[63.5795,262.586,-3.73787],"palmVelocity":[-106.06,62.8103,-979.399],"palmWidth":91.7607,"pinchDistance":11.8351,"pinchStrength":0.879192,"r":[[0.996433,-0.0390117,0.0748237],[0.0391916,0.999231,-0.000937556],[-0.0747296,0.00386667,0.997196]],"s":0.844668,"sphereCenter":[42.1698,233.486,-36.0042],"sphereRadius":38.929,"stabilizedPalmPosition":[66.0521,253.132,74.1166],"t":[-1.37573,7.7902,-58.2627],"timeVisible":0.099086,"type":"right","wrist":[86.2148,224.182,58.9204]}],"id":223121,"interactionBox":{"center":[0,200,0],"size":[235.247,235.247,147.751]},"pointables":[{"bases":[[[0.801526,0.597517,0.0230223],[-0.376321,0.474139,0.795974],[0.464692,-0.646657,0.604893]],[[0.60166,0.778389,-0.179211],[-0.454838,0.518306,0.724211],[0.656604,-0.354217,0.665884]],[[0.60166,0.778389,-0.179211],[-0.701465,0.622218,0.34755],[0.382037,-0.0833966,0.920376]],[[0.60166,0.778389,-0.179211],[-0.797914,0.575428,-0.179487],[-0.0365878,0.250985,0.967299]]],"btipPosition":[3.43956,251.559,-39.1508],"carpPosition":[49.2027,236.892,50.7861],"dipPosition":[2.54528,257.693,-15.508],"direction":[-0.382037,0.0833966,-0.920376],"extended":false,"handId":381,"id":3810,"length":54.4289,"mcpPosition":[49.2027,236.892,50.7861],"pipPosition":[16.149,254.724,17.2652],"stabilizedTipPosition":[-5.31275,270.076,64.359],"timeVisible":0.099086,"tipPosition":[-0.123454,261.806,-29.3592],"tipVelocity":[79.796,-384.68,-1216.59],"tool":false,"touchDistance":0.583983,"touchZone":"hovering","type":0,"width":21.1074},{"bases":[[[0.79711,-0.331089,-0.504971],[0.505118,0.823839,0.257186],[0.330863,-0.460075,0.82393]],[[0.803327,-0.339876,-0.48903],[-0.0521001,0.777899,-0.626226],[0.593255,0.528543,0.607199]],[[0.803327,-0.339876,-0.48903],[-0.593296,-0.527923,-0.607698],[-0.0516277,0.77832,-0.625742]],[[0.803327,-0.339876,-0.48903],[-0.400062,-0.916261,-0.0203773],[-0.441153,0.212012,-0.872029]]],"btipPosition":[23.526,240.699,-10.9718],"carpPosition":[65.5173,253.709,46.0463],"dipPosition":[15.6542,244.482,-26.5321],"direction":[0.0516277,-0.77832,0.625742],"extended":false,"handId":381,"id":3811,"length":61.4169,"mcpPosition":[40.9696,287.844,-15.0833],"pipPosition":[14.351,264.129,-42.3276],"stabilizedTipPosition":[24.2012,227.837,70.1062],"timeVisible":0.099086,"tipPosition":[22.1056,238.636,-11.5886],"tipVelocity":[-158.556,74.4576,-1066.83],"tool":false,"touchDistance":0.333333,"touchZone":"none","type":1,"width":20.1617},{"bases":[[[0.736615,-0.525763,-0.425407],[0.639749,0.745704,0.186139],[0.219363,-0.409266,0.885653]],[[0.738418,-0.529157,-0.418008],[0.0717434,0.678003,-0.73155],[0.670516,0.5102,0.538613]],[[0.738418,-0.529157,-0.418008],[-0.670458,-0.50966,-0.539196],[0.0722773,0.678409,-0.73112]],[[0.738418,-0.529157,-0.418008],[-0.555427,-0.828782,0.0679861],[-0.382413,0.181971,-0.905896]]],"btipPosition":[32.1509,230.724,-10.1398],"carpPosition":[75.9795,251.33,39.7952],"dipPosition":[24.6457,234.295,-27.9187],"direction":[-0.0722773,-0.678409,0.73112],"extended":false,"handId":381,"id":3812,"length":69.9797,"mcpPosition":[60.5454,280.126,-22.5183],"pipPosition":[26.7922,254.442,-49.6317],"stabilizedTipPosition":[39.8945,220.823,75.6469],"timeVisible":0.099086,"tipPosition":[34.1351,230.628,-8.09856],"tipVelocity":[-168.499,79.4527,-1123.4],"tool":false,"touchDistance":0.333333,"touchZone":"none","type":2,"width":19.8015},{"bases":[[[0.71053,-0.634968,-0.303253],[0.697408,0.692808,0.183407],[0.0936383,-0.341808,0.935093]],[[0.70926,-0.630496,-0.315318],[0.201224,0.609757,-0.766619],[0.675617,0.480283,0.559347]],[[0.70926,-0.630496,-0.315318],[-0.675457,-0.479797,-0.559957],[0.201762,0.610139,-0.766174]],[[0.70926,-0.630496,-0.315318],[-0.635712,-0.765363,0.100447],[-0.304664,0.129208,-0.943655]]],"btipPosition":[48.1269,224.872,-10.6038],"carpPosition":[85.4602,245.864,33.9869],"dipPosition":[42.182,227.393,-29.0174],"direction":[-0.201762,-0.610139,0.766174],"extended":false,"handId":381,"id":3813,"length":67.2873,"mcpPosition":[79.545,267.456,-25.0834],"pipPosition":[48.0192,245.045,-51.1837],"stabilizedTipPosition":[55.9029,215.499,74.9657],"timeVisible":0.099086,"tipPosition":[50.0044,224.946,-8.08366],"tipVelocity":[-141.588,79.6369,-1145.34],"tool":false,"touchDistance":0.333333,"touchZone":"none","type":3,"width":18.8424},{"bases":[[[0.591528,-0.775946,-0.219096],[0.804946,0.552676,0.215896],[-0.0464346,-0.304069,0.951518]],[[0.589809,-0.784978,-0.189566],[0.405294,0.490783,-0.771277],[0.698471,0.378076,0.607615]],[[0.589809,-0.784978,-0.189566],[-0.698148,-0.377685,-0.608229],[0.40585,0.491084,-0.770793]],[[0.589809,-0.784978,-0.189566],[-0.778505,-0.615096,0.124852],[-0.214607,0.0739395,-0.973898]]],"btipPosition":[64.0159,226.41,-16.0509],"carpPosition":[91.5208,233.953,28.752],"dipPosition":[60.1527,227.741,-33.5827],"direction":[-0.40585,-0.491084,0.770793],"extended":false,"handId":381,"id":3814,"length":52.752,"mcpPosition":[94.2361,251.734,-26.8893],"pipPosition":[68.4428,237.772,-49.3274],"stabilizedTipPosition":[69.8009,213.329,64.7763],"timeVisible":0.099086,"tipPosition":[65.785,223.808,-14.6196],"tipVelocity":[-97.5028,155.994,-1106.57],"tool":false,"touchDistance":0.333333,"touchZone":"none","type":4,"width":16.7373}],"r":[[0.996433,-0.0390117,0.0748237],[0.0391916,0.999231,-0.000937556],[-0.0747296,0.00386667,0.997196]],"s":0.844668,"t":[-1.37573,7.7902,-58.2627],"timestamp":261768483364},{"currentFrameRate":28.3663,"devices":[],"gestures":[],"hands":[{"armBasis":[[0.657902,-0.26907,-0.703396],[0.469543,0.87679,0.103774],[0.588808,-0.398548,0.703182]],"armWidth":65.7594,"confidence":0.561451,"direction":[-0.124498,0.480115,-0.868326],"elbow":[243.272,118.638,230.922],"grabAngle":3.14159,"grabStrength":1,"id":381,"palmNormal":[-0.523241,-0.775328,-0.353674],"palmPosition":[59.3839,262.963,-24.3754],"palmVelocity":[-195.66,17.5842,-962.435],"palmWidth":91.7607,"pinchDistance":11.5338,"pinchStrength":0.909801,"r":[[0.994639,-0.0339829,0.09766],[0.0345984,0.999391,-0.00461512],[-0.0974436,0.00796926,0.995209]],"s":0.793656,"sphereCenter":[39.1105,232.057,-55.7473],"sphereRadius":38.707,"stabilizedPalmPosition":[66.0391,253.151,73.925],"t":[-4.0346,8.95533,-79.1699],"timeVisible":0.120529,"type":"right","wrist":[82.9473,227.157,39.4552]}],"id":223122,"interactionBox":{"center":[0,200,0],"size":[235.247,235.247,147.751]},"pointables":[{"bases":[[[0.782945,0.622052,0.00696616],[-0.395887,0.489582,0.776906],[0.479866,-0.611032,0.629578]],[[0.568188,0.795229,-0.211598],[-0.487168,0.532298,0.692334],[0.663197,-0.290292,0.689855]],[[0.568188,0.795229,-0.211598],[-0.738115,0.606189,0.296179],[0.363798,-0.0121023,0.931399]],[[0.568188,0.795229,-0.211598],[-0.820787,0.529263,-0.214917],[-0.0589174,0.29579,0.953434]]],"btipPosition":[0.517931,246.55,-60.2763],"carpPosition":[45.4178,238.735,30.921],"dipPosition":[-0.922133,253.78,-36.9724],"direction":[-0.363798,0.0121023,-0.931399],"extended":false,"handId":381,"id":3810,"length":54.4289,"mcpPosition":[45.4178,238.735,30.921],"pipPosition":[12.0322,253.349,-3.80663],"stabilizedTipPosition":[-5.20244,269.637,61.9666],"timeVisible":0.120529,"tipPosition":[-3.47189,257.753,-50.9861],"tipVelocity":[-142.105,-221.842,-988.828],"tool":false,"touchDistance":0.230593,"touchZone":"hovering","type":0,"width":21.1074},{"bases":[[[0.81017,-0.323874,-0.4886],[0.478249,0.847179,0.231443],[0.338973,-0.42118,0.841252]],[[0.825652,-0.343914,-0.447239],[-0.0449593,0.750095,-0.6598],[0.562386,0.564873,0.603855]],[[0.825652,-0.343914,-0.447239],[-0.562422,-0.564275,-0.60438],[-0.0445114,0.750545,-0.659319]],[[0.825652,-0.343914,-0.447239],[-0.387324,-0.921923,-0.00611118],[-0.410219,0.178272,-0.894393]]],"btipPosition":[19.3096,239.644,-31.2101],"carpPosition":[61.2491,255.868,25.6964],"dipPosition":[11.9898,242.825,-47.1694],"direction":[0.0445114,-0.750545,0.659319],"extended":false,"handId":381,"id":3811,"length":61.4169,"mcpPosition":[36.0997,287.116,-36.7183],"pipPosition":[10.8662,261.771,-63.8125],"stabilizedTipPosition":[24.1685,227.9,69.584],"timeVisible":0.120529,"tipPosition":[18.6611,237.627,-31.7689],"tipVelocity":[-190.714,-55.6297,-948.098],"tool":false,"touchDistance":0.333333,"touchZone":"none","type":1,"width":20.1617},{"bases":[[[0.755038,-0.517446,-0.4027],[0.615658,0.770775,0.163921],[0.225571,-0.371692,0.900535]],[[0.761484,-0.528397,-0.375418],[0.0756175,0.647648,-0.758178],[0.643758,0.548953,0.53313]],[[0.761484,-0.528397,-0.375418],[-0.643697,-0.548437,-0.533733],[0.0761301,0.648085,-0.757753]],[[0.761484,-0.528397,-0.375418],[-0.537811,-0.838345,0.0890851],[-0.361802,0.134067,-0.922565]]],"btipPosition":[28.3834,230.234,-29.9959],"carpPosition":[71.8209,253.594,19.592],"dipPosition":[21.2828,232.865,-48.102],"direction":[-0.0761301,-0.648085,0.757753],"extended":false,"handId":381,"id":3812,"length":69.9797,"mcpPosition":[55.9499,279.746,-43.7686],"pipPosition":[23.5437,252.112,-70.6059],"stabilizedTipPosition":[39.8433,220.862,75.2189],"timeVisible":0.120529,"tipPosition":[30.7872,230.025,-28.042],"tipVelocity":[-171.356,-32.9311,-929.506],"tool":false,"touchDistance":0.333333,"touchZone":"none","type":2,"width":19.8015},{"bases":[[[0.731429,-0.623126,-0.276993],[0.674906,0.719595,0.163354],[0.0975328,-0.306427,0.946884]],[[0.733189,-0.628971,-0.258513],[0.219412,0.578626,-0.785526],[0.643655,0.519218,0.562246]],[[0.733189,-0.628971,-0.258513],[-0.643481,-0.518757,-0.562871],[0.219924,0.579039,-0.785078]],[[0.733189,-0.628971,-0.258513],[-0.631418,-0.770814,0.0846029],[-0.252478,0.1012,-0.962296]]],"btipPosition":[43.87,224.624,-30.529],"carpPosition":[81.5016,248.222,14.0312],"dipPosition":[38.9434,226.599,-49.3064],"direction":[-0.219924,-0.579039,0.785078],"extended":false,"handId":381,"id":3813,"length":67.2873,"mcpPosition":[75.3404,267.579,-45.784],"pipPosition":[45.3061,243.351,-72.0196],"stabilizedTipPosition":[55.8605,215.53,74.6118],"timeVisible":0.120529,"tipPosition":[46.6654,224.821,-28.0421],"tipVelocity":[-187.601,-17.4049,-933.119],"tool":false,"touchDistance":0.333333,"touchZone":"none","type":3,"width":18.8424},{"bases":[[[0.616166,-0.764678,-0.188698],[0.786402,0.583998,0.201292],[-0.0437245,-0.272422,0.961184]],[[0.612122,-0.780499,-0.126995],[0.436871,0.467652,-0.768404],[0.659129,0.414876,0.627238]],[[0.612122,-0.780499,-0.126995],[-0.658781,-0.414504,-0.627849],[0.437396,0.467982,-0.767904]],[[0.612122,-0.780499,-0.126995],[-0.777892,-0.6232,0.0806572],[-0.142096,0.0494165,-0.988619]]],"btipPosition":[59.7945,226.489,-36.6402],"carpPosition":[87.9546,236.328,9.24655],"dipPosition":[57.2365,227.378,-54.437],"direction":[-0.437396,-0.467982,0.767904],"extended":false,"handId":381,"id":3814,"length":52.752,"mcpPosition":[90.5115,252.258,-46.96],"pipPosition":[66.1711,236.937,-70.1227],"stabilizedTipPosition":[69.7652,213.374,64.4212],"timeVisible":0.120529,"tipPosition":[62.4815,224.188,-34.5592],"tipVelocity":[-182.868,-1.0709,-963.031],"tool":false,"touchDistance":0.333333,"touchZone":"none","type":4,"width":16.7373}],"r":[[0.994639,-0.0339829,0.09766],[0.0345984,0.999391,-0.00461512],[-0.0974436,0.00796926,0.995209]],"s":0.793656,"t":[-4.0346,8.95533,-79.1699],"timestamp":261768504807},{"currentFrameRate":28.788,"devices":[],"gestures":[],"hands":[{"armBasis":[[0.731567,-0.226743,-0.64296],[0.393654,0.910468,0.126823],[0.556638,-0.345883,0.755327]],"armWidth":65.7594,"confidence":0.666109,"direction":[-0.154527,0.5052,-0.849055],"elbow":[230.844,131.997,224.262],"grabAngle":3.14159,"grabStrength":1,"id":381,"palmNormal":[-0.458603,-0.797864,-0.391275],"palmPosition":[54.196,262.246,-44.5346],"palmVelocity":[-161.942,-22.3583,-629.27],"palmWidth":91.7607,"pinchDistance":15.8585,"pinchStrength":0.910965,"r":[[0.992916,-0.0153343,0.117823],[0.0153579,0.999882,0.000707614],[-0.11782,0.00110692,0.993034]],"s":0.759004,"sphereCenter":[37.0717,230.585,-78.5936],"sphereRadius":39.8026,"stabilizedPalmPosition":[66.0171,253.168,73.7043],"t":[-7.95802,9.17975,-99.7031],"timeVisible":0.152565,"type":"right","wrist":[79.2788,226.177,18.5967]}],"id":223123,"interactionBox":{"center":[0,200,0],"size":[235.247,235.247,147.751]},"pointables":[{"bases":[[[0.732172,0.679857,0.0414469],[-0.438877,0.424364,0.792024],[0.520875,-0.598088,0.609081]],[[0.494748,0.849928,-0.181239],[-0.510848,0.453148,0.730541],[0.703036,-0.268848,0.658378]],[[0.494748,0.849928,-0.181239],[-0.770398,0.525452,0.36109],[0.402133,-0.0390226,0.914749]],[[0.494748,0.849928,-0.181239],[-0.868356,0.491742,-0.064401],[0.0343865,0.189242,0.981328]]],"btipPosition":[-8.83506,245.003,-80.1492],"carpPosition":[41.7159,234.705,9.5524],"dipPosition":[-7.99458,249.628,-56.1635],"direction":[-0.402133,0.0390226,-0.914749],"extended":false,"handId":381,"id":3810,"length":54.4289,"mcpPosition":[41.7159,234.705,9.5524],"pipPosition":[6.32478,248.239,-23.5906],"stabilizedTipPosition":[-5.20244,269.637,61.9666],"timeVisible":0.152565,"tipPosition":[-8.09242,251.112,-72.8283],"tipVelocity":[-275.579,-66.9925,-615.435],"tool":false,"touchDistance":-0.148009,"touchZone":"hovering","type":0,"width":21.1074},{"bases":[[[0.836734,-0.239423,-0.492497],[0.409136,0.871107,0.271627],[0.363983,-0.428777,0.826841]],[[0.862227,-0.271659,-0.427512],[-0.0487035,0.795639,-0.60381],[0.504176,0.541442,0.67279]],[[0.862227,-0.271659,-0.427512],[-0.505471,-0.515845,-0.691667],[-0.0326322,0.812469,-0.582091]],[[0.862227,-0.271659,-0.427512],[-0.292081,-0.956214,0.0185362],[-0.413829,0.108886,-0.90382]]],"btipPosition":[14.7906,238.281,-55.4932],"carpPosition":[56.2093,253.214,5.21844],"dipPosition":[7.40638,240.224,-71.6208],"direction":[0.0326322,-0.812469,0.582091],"extended":false,"handId":381,"id":3811,"length":61.4169,"mcpPosition":[29.2044,285.026,-56.1272],"pipPosition":[6.58264,260.733,-86.3144],"stabilizedTipPosition":[24.1352,227.932,69.196],"timeVisible":0.152565,"tipPosition":[15.1091,235.1,-54.6007],"tipVelocity":[-141.522,-51.4512,-759.203],"tool":false,"touchDistance":0.333333,"touchZone":"none","type":1,"width":20.1617},{"bases":[[[0.796127,-0.440122,-0.415301],[0.552598,0.808463,0.202541],[0.246613,-0.390742,0.88685]],[[0.79232,-0.434184,-0.428617],[0.0248431,0.724907,-0.688398],[0.609599,0.534784,0.585145]],[[0.79232,-0.434184,-0.428617],[-0.609579,-0.534207,-0.585693],[0.0253285,0.725333,-0.687932]],[[0.79232,-0.434184,-0.428617],[-0.403325,-0.899875,0.165995],[-0.457774,0.0413507,-0.888106]]],"btipPosition":[27.1678,230.242,-54.8496],"carpPosition":[66.9739,252.023,-0.856289],"dipPosition":[18.1836,231.054,-72.2795],"direction":[-0.0253285,-0.725333,0.687932],"extended":false,"handId":381,"id":3812,"length":69.9797,"mcpPosition":[49.6225,279.516,-63.2541],"pipPosition":[18.9358,252.595,-92.7098],"stabilizedTipPosition":[39.8207,220.877,75.0137],"timeVisible":0.152565,"tipPosition":[27.5938,228.035,-51.8061],"tipVelocity":[-51.4696,-12.7926,-770.951],"tool":false,"touchDistance":0.333333,"touchZone":"none","type":2,"width":19.8015},{"bases":[[[0.779803,-0.55251,-0.294346],[0.615645,0.762085,0.20052],[0.113527,-0.337578,0.934426]],[[0.777925,-0.547143,-0.308979],[0.17214,0.658483,-0.732645],[0.604318,0.516755,0.606435]],[[0.777925,-0.547143,-0.308979],[-0.590876,-0.469684,-0.655944],[0.213772,0.692843,-0.688672]],[[0.777925,-0.547143,-0.308979],[-0.489309,-0.835982,0.248418],[-0.394221,-0.0420648,-0.918052]]],"btipPosition":[43.2239,225.643,-56.0138],"carpPosition":[77.0865,247.655,-6.52608],"dipPosition":[35.5315,224.822,-73.9278],"direction":[-0.213772,-0.692843,0.688672],"extended":false,"handId":381,"id":3813,"length":67.2873,"mcpPosition":[69.915,268.98,-65.5543],"pipPosition":[41.7162,244.867,-93.8519],"stabilizedTipPosition":[55.8427,215.542,74.4454],"timeVisible":0.152565,"tipPosition":[43.8307,223.875,-52.1858],"tipVelocity":[-40.0248,11.7283,-789.304],"tool":false,"touchDistance":0.333333,"touchZone":"none","type":3,"width":18.8424},{"bases":[[[0.675188,-0.706141,-0.213276],[0.737033,0.634034,0.234058],[-0.030054,-0.315225,0.948541]],[[0.671803,-0.725148,-0.151129],[0.401322,0.527809,-0.748571],[0.622592,0.442241,0.645602]],[[0.671803,-0.725148,-0.151129],[-0.504779,-0.298861,-0.809864],[0.542105,0.620356,-0.566816]],[[0.671803,-0.725148,-0.151129],[-0.739189,-0.669457,-0.073671],[-0.0477516,0.161205,-0.985765]]],"btipPosition":[53.0343,223.035,-61.7109],"carpPosition":[84.4818,236.507,-11.7263],"dipPosition":[52.1747,225.937,-79.4562],"direction":[-0.542105,-0.620356,0.566816],"extended":false,"handId":381,"id":3814,"length":52.752,"mcpPosition":[86.2393,254.94,-67.1935],"pipPosition":[63.2481,238.609,-91.0344],"stabilizedTipPosition":[69.7042,213.412,63.9516],"timeVisible":0.152565,"tipPosition":[57.9532,224.101,-59.3371],"tipVelocity":[-198.825,-93.3426,-782.208],"tool":false,"touchDistance":0.333333,"touchZone":"none","type":4,"width":16.7373}],"r":[[0.992916,-0.0153343,0.117823],[0.0153579,0.999882,0.000707614],[-0.11782,0.00110692,0.993034]],"s":0.759004,"t":[-7.95802,9.17975,-99.7031],"timestamp":261768536843},{"currentFrameRate":29.1197,"devices":[],"gestures":[],"hands":[{"armBasis":[[0.718403,-0.383941,-0.580075],[0.503216,0.862577,0.0522916],[0.480282,-0.329469,0.812883]],"armWidth":65.7594,"confidence":0.750268,"direction":[-0.205228,0.369902,-0.90612],"elbow":[209.485,144.058,222.361],"grabAngle":3.14159,"grabStrength":1,"id":381,"palmNormal":[-0.545571,-0.811877,-0.207862],"palmPosition":[51.3632,261.548,-65.322],"palmVelocity":[-87.8586,-21.6596,-644.728],"palmWidth":91.7607,"pinchDistance":12.6146,"pinchStrength":0.805219,"r":[[0.993033,-0.0123584,0.117191],[0.0159615,0.999427,-0.0298571],[-0.116754,0.0315196,0.992661]],"s":0.760998,"sphereCenter":[31.5997,226.382,-91.1452],"sphereRadius":39.5816,"stabilizedPalmPosition":[66.0171,253.168,73.7043],"t":[-11.3361,8.94279,-120.363],"timeVisible":0.184807,"type":"right","wrist":[78.7104,233.768,1.02334]}],"id":223124,"interactionBox":{"center":[0,200,0],"size":[235.247,235.247,147.751]},"pointables":[{"bases":[[[0.774894,0.616585,-0.13915],[-0.329853,0.582244,0.743094],[0.5392,-0.52992,0.654559]],[[0.557114,0.755524,-0.344685],[-0.425083,0.616015,0.663197],[0.713392,-0.222956,0.664351]],[[0.557114,0.755524,-0.344685],[-0.702376,0.650139,0.289807],[0.443049,0.0806436,0.892863]],[[0.557114,0.755524,-0.344685],[-0.82074,0.564181,-0.0899175],[0.12653,0.332991,0.934402]]],"btipPosition":[-12.2131,244.549,-94.5244],"carpPosition":[42.5684,244.336,-6.44849],"dipPosition":[-9.1204,252.688,-71.6857],"direction":[-0.443049,-0.0806436,-0.892863],"extended":false,"handId":381,"id":3810,"length":54.4289,"mcpPosition":[42.5684,244.336,-6.44849],"pipPosition":[6.65592,255.559,-39.8922],"stabilizedTipPosition":[-5.25983,269.426,60.5887],"timeVisible":0.184807,"tipPosition":[-13.3884,249.825,-86.6387],"tipVelocity":[-88.7042,10.9839,-454.036],"tool":false,"touchDistance":-0.381127,"touchZone":"hovering","type":0,"width":21.1074},{"bases":[[[0.766554,-0.383174,-0.515337],[0.489286,0.868238,0.0822329],[0.415926,-0.315183,0.853033]],[[0.791652,-0.402601,-0.459564],[-0.134786,0.61857,-0.774082],[0.595919,0.674747,0.435428]],[[0.791652,-0.402601,-0.459564],[-0.603717,-0.631035,-0.487155],[-0.0938725,0.663104,-0.742618]],[[0.791652,-0.402601,-0.459564],[-0.420462,-0.904736,0.068299],[-0.443281,0.13916,-0.885515]]],"btipPosition":[10.4034,234.55,-63.4036],"carpPosition":[57.7208,260.663,-15.1244],"dipPosition":[2.49363,237.033,-79.2045],"direction":[0.0938725,-0.663104,0.742618],"extended":false,"handId":381,"id":3811,"length":61.4169,"mcpPosition":[26.8622,284.047,-78.413