{"frames":200,"data":[{"currentFrameRate":22.8588,"devices":[],"gestures":[],"hands":[],"id":223545,"interactionBox":{"center":[0,200,0],"size":[235.247,235.247,147.751]},"pointables":[],"r":[[-0.0794966,-0.728761,-0.680138],[0.446709,0.583909,-0.677865],[0.891141,-0.357712,0.279125]],"s":-5.62558,"t":[894.675,787.691,741.58],"timestamp":261784291646},{"currentFrameRate":23.0939,"devices":[],"gestures":[],"hands":[],"id":223546,"interactionBox":{"center":[0,200,0],"size":[235.247,235.247,147.751]},"pointables":[],"r":[[-0.0794966,-0.728761,-0.680138],[0.446709,0.583909,-0.677865],[0.891141,-0.357712,0.279125]],"s":-5.62558,"t":[894.675,787.691,741.58],"timestamp":261784333115},{"currentFrameRate":23.3371,"devices":[],"gestures":[],"hands":[],"id":223547,"interactionBox":{"center":[0,200,0],"size":[235.247,235.247,147.751]},"pointables":[],"r":[[-0.0794966,-0.728761,-0.680138],[0.446709,0.583909,-0.677865],[0.891141,-0.357712,0.279125]],"s":-5.62558,"t":[894.675,787.691,741.58],"timestamp":261784374088},{"currentFrameRate":23.5139,"devices":[],"gestures":[],"hands":[],"id":223548,"interactionBox":{"center":[0,200,0],"size":[235.247,235.247,147.751]},"pointables":[],"r":[[-0.0794966,-0.728761,-0.680138],[0.446709,0.583909,-0.677865],[0.891141,-0.357712,0.279125]],"s":-5.62558,"t":[894.675,787.691,741.58],"timestamp":261784415262},{"currentFrameRate":23.6678,"devices":[],"gestures":[],"hands":[],"id":223549,"interactionBox":{"center":[0,200,0],"size":[235.247,235.247,147.751]},"pointables":[],"r":[[-0.0794966,-0.728761,-0.680138],[0.446709,0.583909,-0.677865],[0.891141,-0.357712,0.279125]],"s":-5.62558,"t":[894.675,787.691,741.58],"timestamp":261784456342},{"currentFrameRate":23.784,"devices":[],"gestures":[],"hands":[],"id":223550,"interactionBox":{"center":[0,200,0],"size":[235.247,235.247,147.751]},"pointables":[],"r":[[-0.0794966,-0.728761,-0.680138],[0.446709,0.583909,-0.677865],[0.891141,-0.357712,0.279125]],"s":-5.62558,"t":[894.675,787.691,741.58],"timestamp":261784497507},{"currentFrameRate":23.8776,"devices":[],"gestures":[],"hands":[],"id":223551,"interactionBox":{"center":[0,200,0],"size":[235.247,235.247,147.751]},"pointables":[],"r":[[-0.0794966,-0.728761,-0.680138],[0.446709,0.583909,-0.677865],[0.891141,-0.357712,0.279125]],"s":-5.62558,"t":[894.675,787.691,741.58],"timestamp":261784538681},{"currentFrameRate":23.9544,"devices":[],"gestures":[],"hands":[],"id":223552,"interactionBox":{"center":[0,200,0],"size":[235.247,235.247,147.751]},"pointables":[],"r":[[-0.0794966,-0.728761,-0.680138],[0.446709,0.583909,-0.677865],[0.891141,-0.357712,0.279125]],"s":-5.62558,"t":[894.675,787.691,741.58],"timestamp":261784579850},{"currentFrameRate":23.9861,"devices":[],"gestures":[],"hands":[],"id":223553,"interactionBox":{"center":[0,200,0],"size":[235.247,235.247,147.751]},"pointables":[],"r":[[-0.0794966,-0.728761,-0.680138],[0.446709,0.583909,-0.677865],[0.891141,-0.357712,0.279125]],"s":-5.62558,"t":[894.675,787.691,741.58],"timestamp":261784621303},{"currentFrameRate":24.1258,"devices":[],"gestures":[],"hands":[],"id":223554,"interactionBox":{"center":[0,200,0],"size":[235.247,235.247,147.751]},"pointables":[],"r":[[-0.0794966,-0.728761,-0.680138],[0.446709,0.583909,-0.677865],[0.891141,-0.357712,0.279125]],"s":-5.62558,"t":[894.675,787.691,741.58],"timestamp":261784661707},{"currentFrameRate":24.1035,"devices":[],"gestures":[],"hands":[{"armBasis":[[0.533652,-0.520791,-0.666327],[0.507926,0.827337,-0.239843],[0.676185,-0.210452,0.706034]],"armWidth":64.2597,"confidence":0,"direction":[-0.217715,0.414824,-0.883471],"elbow":[292.253,134.665,284.983],"grabAngle":3.14159,"grabStrength":1,"id":382,"palmNormal":[-0.675062,-0.717752,-0.170656],"palmPosition":[77.8205,222.796,29.278],"palmVelocity":[1.19209e-7,1.19209e-7,1.19209e-7],"palmWidth":91.7607,"pinchDistance":39.7588,"pinchStrength":0.27633,"r":[[1,5.55112e-18,1.11022e-17],[-5.55112e-18,1,-3.33067e-17],[-1.11022e-17,3.33067e-17,1]],"s":1,"sphereCenter":[42.5055,205.652,11.8886],"sphereRadius":39.9103,"stabilizedPalmPosition":[77.8205,222.796,29.278],"t":[0,0,0],"timeVisible":0,"type":"right","wrist":[108.137,191.968,92.7391]}],"id":223555,"interactionBox":{"center":[0,200,0],"size":[235.247,235.247,147.751]},"pointables":[{"bases":[[[0.844962,0.497885,-0.19532],[-0.18044,0.609173,0.772237],[0.503468,-0.617268,0.604566]],[[0.717816,0.61832,-0.320033],[-0.0942764,0.541751,0.835235],[0.68982,-0.569373,0.447171]],[[0.717816,0.61832,-0.320033],[-0.335868,0.71017,0.61875],[0.609863,-0.33666,0.717445]],[[0.717816,0.61832,-0.320033],[-0.497883,0.777184,0.384834],[0.486675,-0.116901,0.865726]]],"btipPosition":[3.98766,248.86,20.9001],"carpPosition":[71.1697,205.863,88.5125],"dipPosition":[15.4741,246.101,41.3329],"direction":[-0.609863,0.33666,-0.717445],"extended":true,"handId":382,"id":3820,"length":52.5578,"mcpPosition":[71.1697,205.863,88.5125],"pipPosition":[36.4438,234.525,66.0018],"stabilizedTipPosition":[6.62954,248.225,25.5997],"timeVisible":0,"tipPosition":[6.62954,248.225,25.5997],"tipVelocity":[1.19209e-7,1.19209e-7,1.19209e-7],"tool":false,"touchDistance":1,"touchZone":"none","type":0,"width":20.4215},{"bases":[[[0.658343,-0.481654,-0.57844],[0.618199,0.784402,0.0504407],[0.429435,-0.390798,0.814164]],[[0.71275,-0.532361,-0.456706],[-0.172187,0.498397,-0.849678],[0.679956,0.684246,0.263567]],[[0.71275,-0.532361,-0.456706],[-0.695958,-0.617834,-0.365954],[-0.0873493,0.578682,-0.810862]],[[0.71275,-0.532361,-0.456706],[-0.485567,-0.844363,0.226443],[-0.506175,0.0603639,-0.860316]]],"btipPosition":[37.3951,204.147,41.5593],"carpPosition":[87.8653,219.944,78.7954],"dipPosition":[28.6735,205.187,26.7358],"direction":[0.0873493,-0.578682,0.810862],"extended":false,"handId":382,"id":3821,"length":59.3056,"mcpPosition":[56.0043,248.938,18.3903],"pipPosition":[26.5444,219.292,6.97098],"stabilizedTipPosition":[35.3891,204.386,38.1499],"timeVisible":0,"tipPosition":[35.3891,204.386,38.1499],"tipVelocity":[1.19209e-7,1.19209e-7,1.19209e-7],"tool":false,"touchDistance":0.333333,"touchZone":"none","type":1,"width":19.5066},{"bases":[[[0.59521,-0.656641,-0.463193],[0.729878,0.682909,-0.0302152],[0.336159,-0.32009,0.885742]],[[0.612207,-0.672699,-0.415546],[-0.145031,0.421093,-0.895347],[0.777283,0.608405,0.160234]],[[0.612207,-0.672699,-0.415546],[-0.786254,-0.573554,-0.22987],[-0.083705,0.467453,-0.880046]],[[0.612207,-0.672699,-0.415546],[-0.552782,-0.739899,0.383381],[-0.565362,-0.00500213,-0.824828]]],"btipPosition":[48.4388,195.243,42.0528],"carpPosition":[96.7585,215.606,71.2927],"dipPosition":[37.7245,195.148,26.4214],"direction":[0.0837051,-0.467453,0.880046],"extended":false,"handId":382,"id":3822,"length":67.574,"mcpPosition":[73.1067,238.127,8.97283],"pipPosition":[35.3241,208.553,1.18407],"stabilizedTipPosition":[45.9745,195.221,38.4576],"timeVisible":0,"tipPosition":[45.9745,195.221,38.4576],"tipVelocity":[1.19209e-7,1.19209e-7,1.19209e-7],"tool":false,"touchDistance":0.333333,"touchZone":"none","type":2,"width":19.1581},{"bases":[[[0.581465,-0.746187,-0.324195],[0.780882,0.623698,-0.03498],[0.228302,-0.232818,0.945343]],[[0.585109,-0.749883,-0.308743],[-0.0658576,0.33552,-0.939728],[0.808276,0.570177,0.14693]],[[0.585109,-0.749883,-0.308743],[-0.810808,-0.548181,-0.205153],[-0.0154066,0.370368,-0.928757]],[[0.585109,-0.749883,-0.308743],[-0.614675,-0.658433,0.434328],[-0.528981,-0.0643524,-0.84619]]],"btipPosition":[64.0374,188.277,40.3743],"carpPosition":[104.481,208.395,64.8221],"dipPosition":[54.0702,187.065,24.4302],"direction":[0.0154066,-0.370368,0.928757],"extended":false,"handId":382,"id":3823,"length":64.9742,"mcpPosition":[90.0591,223.103,5.10422],"pipPosition":[53.6398,197.412,-1.51616],"stabilizedTipPosition":[61.745,187.998,36.7072],"timeVisible":0,"tipPosition":[61.745,187.998,36.7072],"tipVelocity":[1.19209e-7,1.19209e-7,1.19209e-7],"tool":false,"touchDistance":0.333333,"touchZone":"none","type":3,"width":18.2302},{"bases":[[[0.46691,-0.860846,-0.202337],[0.878896,0.477011,-0.00132117],[0.0976542,-0.177216,0.979315]],[[0.457931,-0.84451,-0.277672],[0.0244588,0.324197,-0.945673],[0.888651,0.426261,0.169115]],[[0.457931,-0.84451,-0.277672],[-0.881124,-0.389718,-0.267843],[0.117982,0.367317,-0.922582]],[[0.457931,-0.84451,-0.277672],[-0.729817,-0.535479,0.425006],[-0.507609,0.00802674,-0.86155]]],"btipPosition":[77.4521,183.083,30.2678],"carpPosition":[108.354,195.304,60.3914],"dipPosition":[68.6284,183.222,15.2917],"direction":[-0.117982,-0.367317,0.922582],"extended":false,"handId":382,"id":3824,"length":50.9386,"mcpPosition":[102.644,205.667,3.12467],"pipPosition":[70.9556,190.467,-2.90576],"stabilizedTipPosition":[75.4227,183.115,26.8233],"timeVisible":0,"tipPosition":[75.4227,183.115,26.8233],"tipVelocity":[1.19209e-7,1.19209e-7,1.19209e-7],"tool":false,"touchDistance":0.333333,"touchZone":"none","type":4,"width":16.1934}],"r":[[1,5.55112e-18,1.11022e-17],[-5.55112e-18,1,-3.33067e-17],[-1.11022e-17,3.33067e-17,1]],"s":1,"t":[0,0,0],"timestamp":261784703361},{"currentFrameRate":24.138,"devices":[],"gestures":[],"hands":[{"armBasis":[[0.570074,-0.481621,-0.665625],[0.539287,0.830557,-0.139087],[0.619827,-0.279673,0.73321]],"armWidth":65.7594,"confidence":0.213552,"direction":[-0.204641,0.369424,-0.906448],"elbow":[271.261,120.636,272.572],"grabAngle":3.14159,"grabStrength":1,"id":382,"palmNormal":[-0.639469,-0.751569,-0.161936],"palmPosition":[73.6373,225.095,7.51119],"palmVelocity":[-101.604,55.8493,-528.693],"palmWidth":91.7607,"pinchDistance":19.7943,"pinchStrength":0.6691,"r":[[0.999945,0.00834006,0.00634648],[-0.00828704,0.999931,-0.0083359],[-0.00641556,0.00828285,0.999945]],"s":0.961204,"sphereCenter":[42.8871,200.026,-11.7717],"sphereRadius":38.1394,"stabilizedPalmPosition":[77.7447,222.838,28.8839],"t":[-2.09156,1.14969,-10.8834],"timeVisible":0.041171,"type":"right","wrist":[102.49,196.787,72.9286]}],"id":223556,"interactionBox":{"center":[0,200,0],"size":[235.247,235.247,147.751]},"pointables":[{"bases":[[[0.830235,0.524398,-0.188987],[-0.230575,0.631764,0.740074],[0.507489,-0.57086,0.645426]],[[0.640161,0.671283,-0.373595],[-0.201517,0.615998,0.761536],[0.741339,-0.41222,0.529613]],[[0.640161,0.671283,-0.373595],[-0.573483,0.741144,0.34903],[0.511185,-0.00918518,0.859422]],[[0.640161,0.671283,-0.373595],[-0.751438,0.648284,-0.122752],[0.159794,0.359314,0.919434]]],"btipPosition":[6.27251,222.598,-12.5776],"carpPosition":[65.7001,210.302,67.1589],"dipPosition":[10.1782,231.38,9.89523],"direction":[-0.511185,0.00918518,-0.859422],"extended":false,"handId":382,"id":3820,"length":54.4289,"mcpPosition":[65.7001,210.302,67.1589],"pipPosition":[28.3807,231.053,40.4979],"stabilizedTipPosition":[6.93092,235.081,7.22084],"timeVisible":0.041171,"tipPosition":[5.78787,230.307,-5.42602],"tipVelocity":[13.1471,-573.406,-801.743],"tool":false,"touchDistance":1,"touchZone":"none","type":0,"width":21.1074},{"bases":[[[0.696201,-0.476721,-0.536694],[0.584011,0.810888,0.0373047],[0.417415,-0.339407,0.842952]],[[0.75529,-0.52598,-0.391],[-0.117128,0.478657,-0.870154],[0.644839,0.703016,0.299918]],[[0.75529,-0.52598,-0.391],[-0.653636,-0.648158,-0.390707],[-0.0479251,0.550669,-0.833347]],[[0.75529,-0.52598,-0.391],[-0.485753,-0.849766,0.204796],[-0.439977,0.0352488,-0.897317]]],"btipPosition":[31.2875,203.772,18.4478],"carpPosition":[82.1291,224.663,57.3981],"dipPosition":[23.4366,204.401,2.43633],"direction":[0.0479251,-0.550669,0.833347],"extended":false,"handId":382,"id":3821,"length":61.4169,"mcpPosition":[51.16,249.845,-5.1428],"pipPosition":[22.2269,218.301,-18.5998],"stabilizedTipPosition":[35.2221,204.373,37.4886],"timeVisible":0.041171,"tipPosition":[31.3365,205.072,15.6194],"tipVelocity":[-143.484,-11.3986,-567.991],"tool":false,"touchDistance":0.333333,"touchZone":"none","type":1,"width":20.1617},{"bases":[[[0.636366,-0.649398,-0.416317],[0.702327,0.710971,-0.0354691],[0.319023,-0.269819,0.908527]],[[0.645082,-0.656726,-0.390616],[-0.122468,0.415733,-0.901203],[0.754236,0.629188,0.187754]],[[0.645082,-0.656726,-0.390616],[-0.761373,-0.595692,-0.255856],[-0.0646594,0.462453,-0.884283]],[[0.645082,-0.656726,-0.390616],[-0.539306,-0.753452,0.37611],[-0.541312,-0.0319596,-0.840214]]],"btipPosition":[43.5662,194.606,19.7457],"carpPosition":[91.4359,220.401,50.3686],"dipPosition":[32.9425,193.978,3.25582],"direction":[0.0646594,-0.462453,0.884283],"extended":false,"handId":382,"id":3822,"length":69.9797,"mcpPosition":[68.9898,239.385,-13.5544],"pipPosition":[31.0222,207.712,-23.0058],"stabilizedTipPosition":[45.882,195.206,38.0286],"timeVisible":0.041171,"tipPosition":[42.3904,196.254,16.674],"tipVelocity":[-117.845,-18.4488,-546.611],"tool":false,"touchDistance":0.333333,"touchZone":"none","type":2,"width":19.8015},{"bases":[[[0.62161,-0.733762,-0.274216],[0.755809,0.653794,-0.0361425],[0.205801,-0.184788,0.960989]],[[0.62245,-0.734515,-0.270267],[-0.0250748,0.326426,-0.94489],[0.782258,0.594923,0.184766]],[[0.62245,-0.734515,-0.270267],[-0.782192,-0.571874,-0.247257],[0.0270553,0.365306,-0.930494]],[[0.62245,-0.734515,-0.270267],[-0.601743,-0.669937,0.434844],[-0.500461,-0.108038,-0.858991]]],"btipPosition":[59.1354,188.716,18.8063],"carpPosition":[99.655,213.264,44.4523],"dipPosition":[49.3699,186.608,2.04481],"direction":[-0.0270553,-0.365306,0.930494],"extended":false,"handId":382,"id":3823,"length":67.2873,"mcpPosition":[86.6544,224.937,-16.2539],"pipPosition":[50.1526,197.177,-24.8755],"stabilizedTipPosition":[61.6536,188.003,36.2977],"timeVisible":0.041171,"tipPosition":[58.44,189.701,15.7209],"tipVelocity":[-117.938,5.65135,-528.43],"tool":false,"touchDistance":0.333333,"touchZone":"none","type":3,"width":18.8424},{"bases":[[[0.507767,-0.848089,-0.151382],[0.858484,0.512797,0.00669101],[0.0719538,-0.133357,0.988453]],[[0.496283,-0.827408,-0.262868],[0.0676128,0.338704,-0.93846],[0.865524,0.447968,0.224036]],[[0.496283,-0.827408,-0.262868],[-0.857595,-0.420134,-0.296678],[0.135033,0.372671,-0.918086]],[[0.496283,-0.827408,-0.262868],[-0.721454,-0.561484,0.405264],[-0.482915,-0.0114782,-0.875592]]],"btipPosition":[73.9642,184.027,9.13713],"carpPosition":[104.199,200.178,40.6959],"dipPosition":[65.271,183.821,-6.62496],"direction":[-0.135033,-0.372671,0.918086],"extended":false,"handId":382,"id":3824,"length":52.752,"mcpPosition":[99.9915,207.976,-17.1052],"pipPosition":[68.0293,191.433,-25.3784],"stabilizedTipPosition":[75.3877,183.124,26.6078],"timeVisible":0.041171,"tipPosition":[72.8095,185.124,6.50042],"tipVelocity":[-83.9881,21.0106,-517.633],"tool":false,"touchDistance":0.333333,"touchZone":"none","type":4,"width":16.7373}],"r":[[0.999945,0.00834006,0.00634648],[-0.00828704,0.999931,-0.0083359],[-0.00641556,0.00828285,0.999945]],"s":0.961204,"t":[-2.09156,1.14969,-10.8834],"timestamp":261784744532},{"currentFrameRate":25.1685,"devices":[],"gestures":[],"hands":[{"armBasis":[[0.645615,-0.417653,-0.639333],[0.521331,0.852804,-0.0306519],[0.558028,-0.313515,0.768319]],"armWidth":65.7594,"confidence":0.368316,"direction":[-0.24218,0.319541,-0.916102],"elbow":[251.049,117.647,263.22],"grabAngle":3.14159,"grabStrength":1,"id":382,"palmNormal":[-0.572314,-0.809494,-0.131059],"palmPosition":[68.5501,227.676,-12.161],"palmVelocity":[-158.034,80.1749,-611.107],"palmWidth":91.7607,"pinchDistance":12.9157,"pinchStrength":0.806116,"r":[[0.999426,0.0325496,0.00940786],[-0.0323403,0.999243,-0.0216059],[-0.010104,0.0212892,0.999722]],"s":0.914018,"sphereCenter":[41.3217,198.036,-30.8887],"sphereRadius":37.3039,"stabilizedPalmPosition":[77.6149,222.906,28.3043],"t":[-5.68098,3.01498,-26.1612],"timeVisible":0.073362,"type":"right","wrist":[99.1056,203.013,54.0169]}],"id":223557,"interactionBox":{"center":[0,200,0],"size":[235.247,235.247,147.751]},"pointables":[{"bases":[[[0.779897,0.588182,-0.214015],[-0.280061,0.633719,0.721086],[0.559756,-0.502436,0.658963]],[[0.547443,0.722467,-0.422312],[-0.288818,0.636756,0.71493],[0.785423,-0.269412,0.55725]],[[0.547443,0.722467,-0.422312],[-0.701681,0.671282,0.2388],[0.456015,0.165599,0.87443]],[[0.547443,0.722467,-0.422312],[-0.83663,0.483872,-0.256744],[0.0188558,0.493872,0.86933]]],"btipPosition":[6.09551,209.851,-32.4241],"carpPosition":[62.3329,214.257,48.0134],"dipPosition":[6.55639,221.922,-11.1759],"direction":[-0.456015,-0.165599,-0.87443],"extended":false,"handId":382,"id":3820,"length":54.4289,"mcpPosition":[62.3329,214.257,48.0134],"pipPosition":[22.7944,227.819,19.9612],"stabilizedTipPosition":[6.71467,228.424,-3.08385],"timeVisible":0.073362,"tipPosition":[2.90838,220.537,-25.8725],"tipVelocity":[-30.1111,-372.478,-625.272],"tool":false,"touchDistance":0.868832,"touchZone":"hovering","type":0,"width":21.1074},{"bases":[[[0.731673,-0.431914,-0.527356],[0.511054,0.859534,0.00508081],[0.451086,-0.273225,0.849629]],[[0.794604,-0.470178,-0.384106],[-0.154678,0.455008,-0.876951],[0.587094,0.756241,0.288825]],[[0.794604,-0.470178,-0.384106],[-0.597097,-0.719727,-0.354215],[-0.109908,0.510809,-0.85264]],[[0.794604,-0.470178,-0.384106],[-0.408803,-0.882096,0.234065],[-0.448871,-0.0289656,-0.893127]]],"btipPosition":[28.3518,203.623,-0.905682],"carpPosition":[77.3774,229.661,37.63],"dipPosition":[20.3423,203.106,-16.8424],"direction":[0.109908,-0.510809,0.85264],"extended":false,"handId":382,"id":3821,"length":61.4169,"mcpPosition":[43.91,249.932,-25.4063],"pipPosition":[17.5679,216.001,-38.3655],"stabilizedTipPosition":[35.1505,204.365,37.143],"timeVisible":0.073362,"tipPosition":[28.1157,204.274,-3.09104],"tipVelocity":[-92.3292,-12.811,-600.674],"tool":false,"touchDistance":0.333333,"touchZone":"none","type":1,"width":20.1617},{"bases":[[[0.687975,-0.605015,-0.400808],[0.637174,0.767932,-0.065496],[0.347419,-0.210324,0.913818]],[[0.692369,-0.60766,-0.389069],[-0.153794,0.402544,-0.902389],[0.704963,0.684622,0.185255]],[[0.692369,-0.60766,-0.389069],[-0.713171,-0.65823,-0.241082],[-0.109601,0.444391,-0.889103]],[[0.692369,-0.60766,-0.389069],[-0.478454,-0.790268,0.382829],[-0.540099,-0.0789069,-0.837894]]],"btipPosition":[40.8981,194.679,-0.115747],"carpPosition":[86.9746,225.993,30.6559],"dipPosition":[30.2983,193.13,-16.5601],"direction":[0.109601,-0.444391,0.889103],"extended":false,"handId":382,"id":3822,"length":69.9797,"mcpPosition":[62.5306,240.791,-33.6393],"pipPosition":[27.0433,206.328,-42.9649],"stabilizedTipPosition":[45.8403,195.201,37.7929],"timeVisible":0.073362,"tipPosition":[39.8553,196.324,-1.96921],"tipVelocity":[-82.7104,-4.30418,-616.663],"tool":false,"touchDistance":0.333333,"touchZone":"none","type":2,"width":19.8015},{"bases":[[[0.681599,-0.685529,-0.255878],[0.695448,0.715648,-0.0648006],[0.227541,-0.133782,0.964535]],[[0.677836,-0.68328,-0.271417],[-0.0430357,0.33166,-0.942417],[0.733952,0.650485,0.195406]],[[0.677836,-0.68328,-0.271417],[-0.735209,-0.628668,-0.253465],[0.00255651,0.371355,-0.928487]],[[0.677836,-0.68328,-0.271417],[-0.553533,-0.717253,0.42326],[-0.483879,-0.136663,-0.864398]]],"btipPosition":[56.4936,189.427,-1.4198],"carpPosition":[95.7473,219.406,24.8991],"dipPosition":[47.0516,186.76,-18.2868],"direction":[-0.00255651,-0.371355,0.928487],"extended":false,"handId":382,"id":3823,"length":67.2873,"mcpPosition":[81.3734,227.857,-36.0311],"pipPosition":[47.1256,197.504,-45.1491],"stabilizedTipPosition":[61.6131,188.007,36.0681],"timeVisible":0.073362,"tipPosition":[56.2492,191.027,-3.01928],"tipVelocity":[-79.7545,18.0824,-629.071],"tool":false,"touchDistance":0.333333,"touchZone":"none","type":3,"width":18.8424},{"bases":[[[0.579012,-0.805165,-0.128276],[0.810348,0.585662,-0.0183394],[0.0898923,-0.0933291,0.991569]],[[0.560031,-0.783331,-0.269737],[0.0608426,0.363593,-0.929569],[0.826235,0.504176,0.251283]],[[0.560031,-0.783331,-0.269737],[-0.820206,-0.478358,-0.313744],[0.116734,0.396947,-0.910388]],[[0.560031,-0.783331,-0.269737],[-0.689381,-0.621189,0.372663],[-0.459476,-0.0227511,-0.887899]]],"btipPosition":[71.5129,185.788,-11.1514],"carpPosition":[101.394,206.647,21.5316],"dipPosition":[63.2416,185.378,-27.135],"direction":[-0.116734,-0.396947,0.910388],"extended":false,"handId":382,"id":3824,"length":52.752,"mcpPosition":[96.1374,212.105,-36.4518],"pipPosition":[65.6261,193.486,-45.7312],"stabilizedTipPosition":[75.3642,183.134,26.4395],"timeVisible":0.073362,"tipPosition":[70.9874,187.478,-12.2744],"tipVelocity":[-73.1347,53.2272,-631.836],"tool":false,"touchDistance":0.333333,"touchZone":"none","type":4,"width":16.7373}],"r":[[0.999426,0.0325496,0.00940786],[-0.0323403,0.999243,-0.0216059],[-0.010104,0.0212892,0.999722]],"s":0.914018,"t":[-5.68098,3.01498,-26.1612],"timestamp":261784776723},{"currentFrameRate":27.3777,"devices":[],"gestures":[],"hands":[{"armBasis":[[0.68918,-0.400722,-0.603699],[0.507564,0.861581,0.00753379],[0.517117,-0.311608,0.797177]],"armWidth":65.7594,"confidence":0.460877,"direction":[-0.254708,0.269733,-0.928638],"elbow":[237.185,121.951,257.928],"grabAngle":3.14159,"grabStrength":1,"id":382,"palmNormal":[-0.534522,-0.839541,-0.0972449],"palmPosition":[65.4867,227.857,-26.3823],"palmVelocity":[-144.153,8.52338,-669.21],"palmWidth":91.7607,"pinchDistance":11.7884,"pinchStrength":0.856731,"r":[[0.998065,0.0611316,0.0113389],[-0.0606256,0.997334,-0.0406032],[-0.0137908,0.0398372,0.999111]],"s":0.870037,"sphereCenter":[40.0136,195.361,-44.2371],"sphereRadius":37.131,"stabilizedPalmPosition":[77.5461,222.934,27.9943],"t":[-9.00739,4.0382,-40.9108],"timeVisible":0.094613,"type":"right","wrist":[96.3812,206.798,40.867]}],"id":223558,"interactionBox":{"center":[0,200,0],"size":[235.247,235.247,147.751]},"pointables":[{"bases":[[[0.752665,0.613768,-0.238294],[-0.310102,0.649735,0.694033],[0.580803,-0.448479,0.679363]],[[0.500022,0.732359,-0.462199],[-0.337826,0.656378,0.674567],[0.797403,-0.181156,0.575614]],[[0.500022,0.732359,-0.462199],[-0.751619,0.632104,0.18845],[0.430171,0.253168,0.866521]],[[0.500022,0.732359,-0.462199],[-0.8657,0.408363,-0.289488],[-0.0232646,0.544876,0.838194]]],"btipPosition":[4.87946,203.471,-46.0207],"carpPosition":[59.7701,216.684,34.2986],"dipPosition":[4.31083,216.789,-25.5335],"direction":[-0.430171,-0.253168,-0.866521],"extended":false,"handId":382,"id":3820,"length":54.4289,"mcpPosition":[59.7701,216.684,34.2986],"pipPosition":[19.6286,225.804,5.32202],"stabilizedTipPosition":[6.45292,225.51,-8.17298],"timeVisible":0.094613,"tipPosition":[1.03266,215.345,-40.0484],"tipVelocity":[-68.3656,-286.726,-648.045],"tool":false,"touchDistance":0.608708,"touchZone":"hovering","type":0,"width":21.1074},{"bases":[[[0.751654,-0.419624,-0.508854],[0.47129,0.881444,-0.0307129],[0.461414,-0.216732,0.860305]],[[0.816825,-0.449345,-0.361782],[-0.157375,0.429777,-0.889115],[0.555005,0.783186,0.280337]],[[0.816825,-0.449345,-0.361782],[-0.564451,-0.752031,-0.340358],[-0.119133,0.482221,-0.867911]],[[0.816825,-0.449345,-0.361782],[-0.383449,-0.891441,0.241455],[-0.431004,-0.058501,-0.900452]]],"btipPosition":[25.6784,202.125,-15.1475],"carpPosition":[74.1164,232.314,23.2832],"dipPosition":[17.9877,201.081,-31.2149],"direction":[0.119133,-0.482221,0.867911],"extended":false,"handId":382,"id":3821,"length":61.4169,"mcpPosition":[39.8828,248.394,-40.5452],"pipPosition":[14.9805,213.253,-53.1235],"stabilizedTipPosition":[35.1086,204.356,36.9343],"timeVisible":0.094613,"tipPosition":[25.9668,202.939,-16.5459],"tipVelocity":[-122.349,-76.2167,-671.587],"tool":false,"touchDistance":0.333333,"touchZone":"none","type":1,"width":20.1617},{"bases":[[[0.715651,-0.589123,-0.375204],[0.601597,0.792839,-0.0974032],[0.354859,-0.156014,0.921811]],[[0.719445,-0.590775,-0.365218],[-0.151304,0.379895,-0.912571],[0.677869,0.711804,0.183927]],[[0.719445,-0.590775,-0.365218],[-0.686866,-0.683179,-0.247955],[-0.103024,0.429246,-0.897293]],[[0.719445,-0.590775,-0.365218],[-0.469814,-0.801222,0.370563],[-0.51154,-0.0950155,-0.85399]]],"btipPosition":[37.8929,193.064,-14.2395],"carpPosition":[83.8847,228.801,16.4686],"dipPosition":[27.8535,191.199,-30.9997],"direction":[0.103024,-0.429246,0.897293],"extended":false,"handId":382,"id":3822,"length":69.9797,"mcpPosition":[58.9172,239.778,-48.389],"pipPosition":[24.7938,203.947,-57.6477],"stabilizedTipPosition":[45.8076,195.193,37.6146],"timeVisible":0.094613,"tipPosition":[37.8943,195.291,-15.3031],"tipVelocity":[-135.352,-79.4341,-668.034],"tool":false,"touchDistance":0.333333,"touchZone":"none","type":2,"width":19.8015},{"bases":[[[0.712671,-0.66374,-0.227045],[0.662195,0.743346,-0.094526],[0.231513,-0.0829819,0.969286]],[[0.708928,-0.662348,-0.242315],[-0.0296236,0.315304,-0.948528],[0.704659,0.679616,0.203907]],[[0.708928,-0.662348,-0.242315],[-0.704807,-0.652735,-0.277821],[0.0258467,0.36774,-0.929569]],[[0.708928,-0.662348,-0.242315],[-0.552286,-0.735026,0.393342],[-0.438637,-0.145024,-0.886886]]],"btipPosition":[53.2658,188.108,-15.5537],"carpPosition":[92.9601,222.387,10.9919],"dipPosition":[44.7066,185.278,-32.8596],"direction":[-0.0258467,-0.36774,0.929569],"extended":false,"handId":382,"id":3823,"length":67.2873,"mcpPosition":[78.3353,227.629,-50.2384],"pipPosition":[45.4544,195.917,-59.7532],"stabilizedTipPosition":[61.5808,188.006,35.8938],"timeVisible":0.094613,"tipPosition":[54.2913,190.522,-16.3242],"tipVelocity":[-142.337,-63.8235,-669.845],"tool":false,"touchDistance":0.333333,"touchZone":"none","type":3,"width":18.8424},{"bases":[[[0.6154,-0.782521,-0.0945739],[0.782815,0.620789,-0.0426809],[0.0921092,-0.047768,0.994602]],[[0.596755,-0.768402,-0.231176],[0.081485,0.344639,-0.935192],[0.798275,0.539243,0.268278]],[[0.596755,-0.768402,-0.231176],[-0.787586,-0.505741,-0.352044],[0.153596,0.392155,-0.906985]],[[0.596755,-0.768402,-0.231176],[-0.698173,-0.639216,0.322423],[-0.395522,-0.0310066,-0.917933]]],"btipPosition":[68.3072,185.199,-24.8574],"carpPosition":[99.1897,209.771,8.15931],"dipPosition":[61.1872,184.641,-41.3817],"direction":[-0.153596,-0.392155,0.906986],"extended":false,"handId":382,"id":3824,"length":52.752,"mcpPosition":[93.8035,212.564,-50.0014],"pipPosition":[64.3246,192.651,-59.9084],"stabilizedTipPosition":[75.3439,183.139,26.3106],"timeVisible":0.094613,"tipPosition":[69.3148,187.446,-25.3688],"tipVelocity":[-138.389,-29.3154,-650.813],"tool":false,"touchDistance":0.333333,"touchZone":"none","type":4,"width":16.7373}],"r":[[0.998065,0.0611316,0.0113389],[-0.0606256,0.997334,-0.0406032],[-0.0137908,0.0398372,0.999111]],"s":0.870037,"t":[-9.00739,4.0382,-40.9108],"timestamp":261784797974},{"currentFrameRate":29.3629,"devices":[],"gestures":[],"hands":[{"armBasis":[[0.740851,-0.360926,-0.566456],[0.469147,0.881596,0.0518602],[0.480668,-0.304172,0.822458]],"armWidth":65.7594,"confidence":0.544402,"direction":[-0.275892,0.236508,-0.931637],"elbow":[225.781,126.509,254.676],"grabAngle":3.14159,"grabStrength":1,"id":382,"palmNormal":[-0.477858,-0.874736,-0.080552],"palmPosition":[63.0836,227.583,-36.8755],"palmVelocity":[-113.065,-12.9016,-493.705],"palmWidth":91.7607,"pinchDistance":11.6511,"pinchStrength":0.875078,"r":[[0.995195,0.0972714,0.0112062],[-0.0964488,0.993584,-0.0590668],[-0.0168798,0.0577022,0.998191]],"s":0.834296,"sphereCenter":[40.4445,192.093,-54.6125],"sphereRadius":37.3528,"stabilizedPalmPosition":[77.5002,222.949,27.788],"t":[-11.8721,4.4127,-53.5322],"timeVisible":0.115867,"type":"right","wrist":[94.9018,209.331,30.7317]}],"id":223559,"interactionBox":{"center":[0,200,0],"size":[235.247,235.247,147.751]},"pointables":[{"bases":[[[0.709168,0.658337,-0.252334],[-0.349813,0.639294,0.684787],[0.612137,-0.39736,0.683662]],[[0.443543,0.756873,-0.480014],[-0.385809,0.644655,0.659979],[0.808963,-0.107535,0.57794]],[[0.443543,0.756873,-0.480014],[-0.795284,0.579329,0.178611],[0.413272,0.302526,0.858886]],[[0.443543,0.756873,-0.480014],[-0.894762,0.343055,-0.285859],[-0.0516878,0.556289,0.82938]]],"btipPosition":[4.19546,198.124,-55.9381],"carpPosition":[58.3716,217.08,24.011],"dipPosition":[2.9321,211.721,-35.6664],"direction":[-0.413272,-0.302526,-0.858886],"extended":false,"handId":382,"id":3820,"length":54.4289,"mcpPosition":[58.3716,217.08,24.011],"pipPosition":[17.6481,222.493,-5.08273],"stabilizedTipPosition":[6.19993,223.101,-12.4526],"timeVisible":0.115867,"tipPosition":[-0.230439,210.115,-50.0616],"tipVelocity":[-39.7003,-248.572,-468.946],"tool":false,"touchDistance":0.431666,"touchZone":"hovering","type":0,"width":21.1074},{"bases":[[[0.775825,-0.377252,-0.505743],[0.411455,0.910179,-0.0477511],[0.478331,-0.171044,0.861362]],[[0.834131,-0.397157,-0.382744],[-0.198304,0.431583,-0.880007],[0.514686,0.80994,0.281239]],[[0.834131,-0.397157,-0.382744],[-0.524541,-0.78574,-0.327827],[-0.170538,0.474215,-0.863734]],[[0.834131,-0.397157,-0.382744],[-0.325674,-0.91468,0.239368],[-0.445155,-0.075014,-0.892306]]],"btipPosition":[25.2668,199.158,-26.1365],"carpPosition":[71.6007,233.44,12.6639],"dipPosition":[17.3236,197.819,-42.0586],"direction":[0.170538,-0.474215,0.863734],"extended":false,"handId":382,"id":3821,"length":61.4169,"mcpPosition":[36.112,246.131,-51.2429],"pipPosition":[13.0187,209.79,-63.8618],"stabilizedTipPosition":[35.0771,204.341,36.7545],"timeVisible":0.115867,"tipPosition":[25.2144,200.162,-26.6625],"tipVelocity":[-22.0987,-142.785,-515.46],"tool":false,"touchDistance":0.333333,"touchZone":"none","type":1,"width":20.1617},{"bases":[[[0.75173,-0.546491,-0.36912],[0.547095,0.82932,-0.113643],[0.368223,-0.116515,0.922408]],[[0.745638,-0.544523,-0.384082],[-0.184831,0.384768,-0.904318],[0.640204,0.745284,0.186253]],[[0.745638,-0.544523,-0.384082],[-0.651542,-0.716614,-0.248912],[-0.1397,0.435844,-0.889114]],[[0.745638,-0.544523,-0.384082],[-0.425307,-0.832622,0.354759],[-0.512969,-0.101169,-0.852424]]],"btipPosition":[37.6343,190.193,-25.2832],"carpPosition":[81.5531,230.47,5.85762],"dipPosition":[27.5668,188.207,-42.0127],"direction":[0.1397,-0.435844,0.889114],"extended":false,"handId":382,"id":3822,"length":69.9797,"mcpPosition":[55.6453,238.668,-59.042],"pipPosition":[23.418,201.151,-68.4178],"stabilizedTipPosition":[45.7839,195.181,37.4641],"timeVisible":0.115867,"tipPosition":[37.5273,193.085,-25.5059],"tipVelocity":[-12.4703,-136.369,-519.274],"tool":false,"touchDistance":0.333333,"touchZone":"none","type":2,"width":19.8015},{"bases":[[[0.754328,-0.618633,-0.219733],[0.610864,0.78402,-0.110262],[0.240487,-0.051053,0.969309]],[[0.744567,-0.616225,-0.256686],[-0.0525719,0.329197,-0.942797],[0.665475,0.71547,0.212713]],[[0.744567,-0.616225,-0.256686],[-0.667541,-0.68562,-0.290368],[0.00294311,0.387547,-0.921845]],[[0.744567,-0.616225,-0.256686],[-0.515295,-0.775005,0.365838],[-0.424371,-0.140122,-0.894581]]],"btipPosition":[52.9643,185.944,-26.5907],"carpPosition":[91.0128,224.582,0.440656],"dipPosition":[44.6835,183.21,-44.0467],"direction":[-0.00294311,-0.387547,0.921845],"extended":false,"handId":382,"id":3823,"length":67.2873,"mcpPosition":[75.8211,227.808,-60.7911],"pipPosition":[44.7687,194.422,-70.7168],"stabilizedTipPosition":[61.5625,188.001,35.7781],"timeVisible":0.115867,"tipPosition":[54.06,189.262,-26.6432],"tipVelocity":[-11.1708,-100.76,-520.912],"tool":false,"touchDistance":0.333333,"touchZone":"none","type":3,"width":18.8424},{"bases":[[[0.665721,-0.741366,-0.0848096],[0.739584,0.670644,-0.0570241],[0.0991528,-0.0247617,0.994764]],[[0.643059,-0.729087,-0.234323],[0.0700453,0.360691,-0.930051],[0.762607,0.581664,0.283015]],[[0.643059,-0.729087,-0.234323],[-0.751455,-0.541757,-0.376582],[0.147615,0.418248,-0.896258]],[[0.643059,-0.729087,-0.234323],[-0.675514,-0.68417,0.27494],[-0.360772,-0.0185142,-0.93247]]],"btipPosition":[67.576,184.12,-35.7429],"carpPosition":[98.0566,212.362,-2.21512],"dipPosition":[61.0815,183.787,-52.5289],"direction":[-0.147615,-0.418248,0.896258],"extended":false,"handId":382,"id":3824,"length":52.752,"mcpPosition":[92.2585,213.81,-60.3853],"pipPosition":[64.0968,192.33,-70.8365],"stabilizedTipPosition":[75.3342,183.14,26.2416],"timeVisible":0.115867,"tipPosition":[69.2133,187.157,-35.6922],"tipVelocity":[-27.6337,-48.3133,-514.995],"tool":false,"touchDistance":0.333333,"touchZone":"none","type":4,"width":16.7373}],"r":[[0.995195,0.0972714,0.0112062],[-0.0964488,0.993584,-0.0590668],[-0.0168798,0.0577022,0.998191]],"s":0.834296,"t":[-11.8721,4.4127,-53.5322],"timestamp":261784819228},{"currentFrameRate":31.1226,"devices":[],"gestures":[],"hands":[{"armBasis":[[0.789965,-0.308322,-0.529993],[0.418473,0.902873,0.0984984],[0.448147,-0.299598,0.842262]],"armWidth":65.7594,"confidence":0.61893,"direction":[-0.293667,0.196442,-0.935505],"elbow":[215.441,131.28,250.108],"grabAngle":3.14159,"grabStrength":1,"id":382,"palmNormal":[-0.407698,-0.91092,-0.0632981],"palmPosition":[60.8782,227.807,-47.2452],"palmVelocity":[-102.925,10.4424,-483.955],"palmWidth":91.7607,"pinchDistance":12.1559,"pinchStrength":0.881077,"r":[[0.98986,0.141701,0.00988889],[-0.140522,0.987037,-0.0775278],[-0.0207465,0.0753521,0.996941]],"s":0.808566,"sphereCenter":[41.573,189.419,-64.7584],"sphereRadius":37.7597,"stabilizedPalmPosition":[77.471,222.957,27.6566],"t":[-14.4072,4.71182,-65.0277],"timeVisible":0.137294,"type":"right","wrist":[93.4167,212.857,20.7715]}],"id":223560,"interactionBox":{"center":[0,200,0],"size":[235.247,235.247,147.751]},"pointables":[{"bases":[[[0.655267,0.707088,-0.265804],[-0.398893,0.622703,0.673146],[0.64149,-0.335063,0.690089]],[[0.384077,0.780038,-0.493989],[-0.434937,0.624797,0.648428],[0.814441,-0.034192,0.579237]],[[0.384077,0.780038,-0.493989],[-0.832307,0.52411,0.180482],[0.399688,0.341832,0.85053]],[[0.384077,0.780038,-0.493989],[-0.920938,0.285399,-0.265368],[-0.0660127,0.556855,0.827982]]],"btipPosition":[3.39112,194.059,-65.8469],"carpPosition":[57.0092,218.12,13.8358],"dipPosition":[1.77764,207.669,-45.6093],"direction":[-0.399688,-0.341832,-0.85053],"extended":false,"handId":382,"id":3820,"length":54.4289,"mcpPosition":[57.0092,218.12,13.8358],"pipPosition":[16.0099,219.841,-15.3232],"stabilizedTipPosition":[5.99078,221.397,-15.6583],"timeVisible":0.137294,"tipPosition":[-0.60181,204.626,-60.0835],"tipVelocity":[-41.2968,-189.568,-462.812],"tool":false,"touchDistance":0.266388,"touchZone":"hovering","type":0,"width":21.1074},{"bases":[[[0.803024,-0.324681,-0.499735],[0.338709,0.938605,-0.065548],[0.490336,-0.116628,0.863695]],[[0.851398,-0.335401,-0.403271],[-0.24209,0.430773,-0.869383],[0.465311,0.837819,0.285562]],[[0.851398,-0.335401,-0.403271],[-0.474538,-0.820092,-0.319786],[-0.223463,0.463633,-0.857385]],[[0.851398,-0.335401,-0.403271],[-0.258444,-0.937281,0.233903],[-0.45643,-0.0949216,-0.884682]]],"btipPosition":[25.44,196.303,-37.3021],"carpPosition":[68.912,235.251,2.16161],"dipPosition":[17.2956,194.609,-53.0882],"direction":[0.223463,-0.463633,0.857385],"extended":false,"handId":382,"id":3821,"length":61.4169,"mcpPosition":[32.5326,243.904,-61.9183],"pipPosition":[11.6547,206.312,-74.731],"stabilizedTipPosition":[35.0559,204.326,36.6113],"timeVisible":0.137294,"tipPosition":[25.1308,197.54,-36.8476],"tipVelocity":[5.92289,-137.05,-519.639],"tool":false,"touchDistance":0.333333,"touchZone":"none","type":1,"width":20.1617},{"bases":[[[0.792301,-0.492673,-0.359907],[0.480276,0.867413,-0.130112],[0.376291,-0.0697666,0.923871]],[[0.777861,-0.48976,-0.393785],[-0.217938,0.377493,-0.900001],[0.589436,0.785897,0.1869]],[[0.777861,-0.48976,-0.393785],[-0.602649,-0.758994,-0.24646],[-0.178174,0.429026,-0.885545]],[[0.777861,-0.48976,-0.393785],[-0.366743,-0.862617,0.348413],[-0.510325,-0.126599,-0.850612]]],"btipPosition":[38.2264,188.034,-36.0206],"carpPosition":[79.0665,232.944,-4.60275],"dipPosition":[28.2109,185.55,-52.7146],"direction":[0.178174,-0.429026,0.885545],"extended":false,"handId":382,"id":3822,"length":69.9797,"mcpPosition":[52.5911,237.852,-69.6053],"pipPosition":[22.9194,198.291,-79.0137],"stabilizedTipPosition":[45.7708,195.171,37.361],"timeVisible":0.137294,"tipPosition":[37.9343,191.294,-35.5638],"tipVelocity":[28.1922,-106.11,-500.737],"tool":false,"touchDistance":0.333333,"touchZone":"none","type":2,"width":19.8015},{"bases":[[[0.800564,-0.561548,-0.209189],[0.547406,0.827331,-0.125976],[0.24381,-0.0136593,0.969727]],[[0.785977,-0.559952,-0.262093],[-0.0781196,0.33058,-0.940539],[0.6133,0.759717,0.216085]],[[0.785977,-0.559952,-0.262093],[-0.617616,-0.730388,-0.29169],[-0.0280972,0.391135,-0.919904]],[[0.785977,-0.559952,-0.262093],[-0.461244,-0.813366,0.354526],[-0.411695,-0.15776,-0.897563]]],"btipPosition":[53.7858,184.89,-37.1353],"carpPosition":[88.959,227.715,-9.9223],"dipPosition":[45.7524,181.812,-54.6495],"direction":[0.0280972,-0.391135,0.919904],"extended":false,"handId":382,"id":3823,"length":67.2873,"mcpPosition":[73.5574,228.578,-71.1805],"pipPosition":[44.9395,193.128,-81.2635],"stabilizedTipPosition":[61.5546,187.998,35.7152],"timeVisible":0.137294,"tipPosition":[54.6627,188.715,-36.6576],"tipVelocity":[40.996,-52.8812,-492.744],"tool":false,"touchDistance":0.333333,"touchZone":"none","type":3,"width":18.8424},{"bases":[[[0.721876,-0.688283,-0.0718382],[0.684634,0.725439,-0.0708078],[0.10085,0.00193165,0.9949]],[[0.697168,-0.680089,-0.226793],[0.0575326,0.368404,-0.927884],[0.714596,0.633843,0.295967]],[[0.697168,-0.680089,-0.226793],[-0.704557,-0.591501,-0.392079],[0.1325,0.433134,-0.891537]],[[0.697168,-0.680089,-0.226793],[-0.63559,-0.732686,0.243303],[-0.331636,-0.0254758,-0.943063]]],"btipPosition":[67.9179,184.129,-46.2777],"carpPosition":[96.9405,216.037,-12.358],"dipPosition":[61.9479,183.67,-63.2544],"direction":[-0.1325,-0.433134,0.891537],"extended":false,"handId":382,"id":3824,"length":52.752,"mcpPosition":[91.0432,215.924,-70.536],"pipPosition":[64.6545,192.518,-81.4656],"stabilizedTipPosition":[75.3305,183.14,26.2092],"timeVisible":0.137294,"tipPosition":[69.8501,187.671,-45.7312],"tipVelocity":[21.5867,-0.939448,-493.707],"tool":false,"touchDistance":0.333333,"touchZone":"none","type":4,"width":16.7373}],"r":[[0.98986,0.141701,0.00988889],[-0.140522,0.987037,-0.0775278],[-0.0207465,0.0753521,0.996941]],"s":0.808566,"t":[-14.4072,4.71182,-65.0277],"timestamp":261784840655},{"currentFrameRate":32.6846,"devices":[],"gestures":[],"hands":[{"armBasis":[[0.833551,-0.258336,-0.488318],[0.365097,0.920985,0.135984],[0.414604,-0.291633,0.862005]],"armWidth":65.7594,"confidence":0.684105,"direction":[-0.307228,0.170889,-0.936167],"elbow":[205.213,136.13,245.694],"grabAngle":3.14159,"grabStrength":1,"id":382,"palmNormal":[-0.341029,-0.938178,-0.0593391],"palmPosition":[59.3828,228.129,-57.2569],"palmVelocity":[-69.3939,14.9474,-464.599],"palmWidth":91.7607,"pinchDistance":13.2278,"pinchStrength":0.864603,"r":[[0.981518,0.191203,0.0079615],[-0.189653,0.977435,-0.0930183],[-0.0255672,0.0897892,0.995633]],"s":0.792764,"sphereCenter":[43.405,187.658,-75.0275],"sphereRadius":38.2441,"stabilizedPalmPosition":[77.456,222.962,27.5858],"t":[-16.4224,5.02243,-75.7813],"timeVisible":0.158843,"type":"right","wrist":[92.3221,215.538,10.9816]}],"id":223561,"interactionBox":{"center":[0,200,0],"size":[235.247,235.247,147.751]},"pointables":[{"bases":[[[0.602578,0.751345,-0.269038],[-0.442592,0.595141,0.670761],[0.664088,-0.285112,0.691157]],[[0.32877,0.803621,-0.496089],[-0.477789,0.59464,0.646623],[0.814634,0.0244357,0.579461]],[[0.32877,0.803621,-0.496089],[-0.857944,0.473718,0.198803],[0.394768,0.360256,0.845206]],[[0.32877,0.803621,-0.496089],[-0.942376,0.244693,-0.228153],[-0.0619592,0.542511,0.83776]]],"btipPosition":[2.68127,191.124,-75.8779],"carpPosition":[56.233,218.443,3.86549],"dipPosition":[1.16686,204.384,-55.4013],"direction":[-0.394768,-0.360256,-0.845206],"extended":false,"handId":382,"id":3820,"length":54.4289,"mcpPosition":[56.233,218.443,3.86549],"pipPosition":[15.224,217.212,-25.3048],"stabilizedTipPosition":[5.85023,220.351,-17.7913],"timeVisible":0.158843,"tipPosition":[0.00940475,199.845,-70.0982],"tipVelocity":[-31.8837,-139.919,-462.946],"tool":false,"touchDistance":0.100121,"touchZone":"hovering","type":0,"width":21.1074},{"bases":[[[0.824235,-0.268063,-0.498777],[0.270201,0.960286,-0.0695868],[0.497623,-0.077414,0.863932]],[[0.863265,-0.273637,-0.424143],[-0.285179,0.428919,-0.857147],[0.41647,0.860901,0.292236]],[[0.863265,-0.273637,-