{"frames":172,"data":[{"currentFrameRate":24.2569,"devices":[],"gestures":[],"hands":[],"id":223964,"interactionBox":{"center":[0,200,0],"size":[235.247,235.247,147.751]},"pointables":[],"r":[[-0.0794966,-0.728761,-0.680138],[0.446709,0.583909,-0.677865],[0.891141,-0.357712,0.279125]],"s":-5.62558,"t":[894.675,787.691,741.58],"timestamp":261799746321},{"currentFrameRate":24.2553,"devices":[],"gestures":[],"hands":[],"id":223965,"interactionBox":{"center":[0,200,0],"size":[235.247,235.247,147.751]},"pointables":[],"r":[[-0.0794966,-0.728761,-0.680138],[0.446709,0.583909,-0.677865],[0.891141,-0.357712,0.279125]],"s":-5.62558,"t":[894.675,787.691,741.58],"timestamp":261799787561},{"currentFrameRate":24.2615,"devices":[],"gestures":[],"hands":[],"id":223966,"interactionBox":{"center":[0,200,0],"size":[235.247,235.247,147.751]},"pointables":[],"r":[[-0.0794966,-0.728761,-0.680138],[0.446709,0.583909,-0.677865],[0.891141,-0.357712,0.279125]],"s":-5.62558,"t":[894.675,787.691,741.58],"timestamp":261799828733},{"currentFrameRate":24.2785,"devices":[],"gestures":[],"hands":[],"id":223967,"interactionBox":{"center":[0,200,0],"size":[235.247,235.247,147.751]},"pointables":[],"r":[[-0.0794966,-0.728761,-0.680138],[0.446709,0.583909,-0.677865],[0.891141,-0.357712,0.279125]],"s":-5.62558,"t":[894.675,787.691,741.58],"timestamp":261799869795},{"currentFrameRate":24.2705,"devices":[],"gestures":[],"hands":[],"id":223968,"interactionBox":{"center":[0,200,0],"size":[235.247,235.247,147.751]},"pointables":[],"r":[[-0.0794966,-0.728761,-0.680138],[0.446709,0.583909,-0.677865],[0.891141,-0.357712,0.279125]],"s":-5.62558,"t":[894.675,787.691,741.58],"timestamp":261799911057},{"currentFrameRate":24.2582,"devices":[],"gestures":[],"hands":[],"id":223969,"interactionBox":{"center":[0,200,0],"size":[235.247,235.247,147.751]},"pointables":[],"r":[[-0.0794966,-0.728761,-0.680138],[0.446709,0.583909,-0.677865],[0.891141,-0.357712,0.279125]],"s":-5.62558,"t":[894.675,787.691,741.58],"timestamp":261799952371},{"currentFrameRate":24.2722,"devices":[],"gestures":[],"hands":[],"id":223970,"interactionBox":{"center":[0,200,0],"size":[235.247,235.247,147.751]},"pointables":[],"r":[[-0.0794966,-0.728761,-0.680138],[0.446709,0.583909,-0.677865],[0.891141,-0.357712,0.279125]],"s":-5.62558,"t":[894.675,787.691,741.58],"timestamp":261799993467},{"currentFrameRate":24.2826,"devices":[],"gestures":[],"hands":[],"id":223971,"interactionBox":{"center":[0,200,0],"size":[235.247,235.247,147.751]},"pointables":[],"r":[[-0.0794966,-0.728761,-0.680138],[0.446709,0.583909,-0.677865],[0.891141,-0.357712,0.279125]],"s":-5.62558,"t":[894.675,787.691,741.58],"timestamp":261800034571},{"currentFrameRate":24.2884,"devices":[],"gestures":[],"hands":[],"id":223972,"interactionBox":{"center":[0,200,0],"size":[235.247,235.247,147.751]},"pointables":[],"r":[[-0.0794966,-0.728761,-0.680138],[0.446709,0.583909,-0.677865],[0.891141,-0.357712,0.279125]],"s":-5.62558,"t":[894.675,787.691,741.58],"timestamp":261800075700},{"currentFrameRate":24.2637,"devices":[],"gestures":[],"hands":[],"id":223973,"interactionBox":{"center":[0,200,0],"size":[235.247,235.247,147.751]},"pointables":[],"r":[[-0.0794966,-0.728761,-0.680138],[0.446709,0.583909,-0.677865],[0.891141,-0.357712,0.279125]],"s":-5.62558,"t":[894.675,787.691,741.58],"timestamp":261800117097},{"currentFrameRate":24.2874,"devices":[],"gestures":[],"hands":[],"id":223974,"interactionBox":{"center":[0,200,0],"size":[235.247,235.247,147.751]},"pointables":[],"r":[[-0.0794966,-0.728761,-0.680138],[0.446709,0.583909,-0.677865],[0.891141,-0.357712,0.279125]],"s":-5.62558,"t":[894.675,787.691,741.58],"timestamp":261800158095},{"currentFrameRate":24.2549,"devices":[],"gestures":[],"hands":[],"id":223975,"interactionBox":{"center":[0,200,0],"size":[235.247,235.247,147.751]},"pointables":[],"r":[[-0.0794966,-0.728761,-0.680138],[0.446709,0.583909,-0.677865],[0.891141,-0.357712,0.279125]],"s":-5.62558,"t":[894.675,787.691,741.58],"timestamp":261800199565},{"currentFrameRate":24.2862,"devices":[],"gestures":[],"hands":[],"id":223976,"interactionBox":{"center":[0,200,0],"size":[235.247,235.247,147.751]},"pointables":[],"r":[[-0.0794966,-0.728761,-0.680138],[0.446709,0.583909,-0.677865],[0.891141,-0.357712,0.279125]],"s":-5.62558,"t":[894.675,787.691,741.58],"timestamp":261800240508},{"currentFrameRate":24.2844,"devices":[],"gestures":[],"hands":[{"armBasis":[[0.603855,-0.499149,-0.621458],[0.521569,0.837008,-0.16548],[0.602764,-0.224207,0.765772]],"armWidth":64.2597,"confidence":0,"direction":[-0.308883,0.464064,-0.830203],"elbow":[273.864,120.044,306.683],"grabAngle":3.14159,"grabStrength":1,"id":384,"palmNormal":[-0.681134,-0.717157,-0.147454],"palmPosition":[74.7297,214.876,38.7393],"palmVelocity":[1.19209e-7,1.19209e-7,1.19209e-7],"palmWidth":91.7607,"pinchDistance":25.748,"pinchStrength":0.698435,"r":[[1,5.55112e-18,0],[-5.55112e-18,1,-3.33067e-17],[-1.84889e-34,3.33067e-17,1]],"s":1,"sphereCenter":[44.4798,186.684,15.4464],"sphereRadius":40.7296,"stabilizedPalmPosition":[74.7297,214.876,38.7393],"t":[0,0,0],"timeVisible":0,"type":"right","wrist":[109.739,181.093,98.173]}],"id":223977,"interactionBox":{"center":[0,200,0],"size":[235.247,235.247,147.751]},"pointables":[{"bases":[[[0.816068,0.522779,-0.246445],[-0.109075,0.558054,0.822605],[0.56757,-0.644421,0.512432]],[[0.647911,0.667513,-0.36693],[-0.144946,0.580955,0.800926],[0.747798,-0.465744,0.47316]],[[0.647911,0.667513,-0.36693],[-0.381758,0.70141,0.601901],[0.659145,-0.2499,0.709279]],[[0.647911,0.667513,-0.36693],[-0.573253,0.744511,0.342176],[0.50159,-0.0113559,0.865031]]],"btipPosition":[2.03689,226.574,28.551],"carpPosition":[74.1841,194.267,97.1745],"dipPosition":[13.8753,226.306,48.9673],"direction":[-0.659145,0.2499,-0.709279],"extended":true,"handId":384,"id":3840,"length":52.5578,"mcpPosition":[74.1841,194.267,97.1745],"pipPosition":[36.5396,217.713,73.3554],"stabilizedTipPosition":[4.75973,226.512,33.2467],"timeVisible":0,"tipPosition":[4.75973,226.512,33.2467],"tipVelocity":[1.19209e-7,1.19209e-7,1.19209e-7],"tool":false,"touchDistance":1,"touchZone":"none","type":0,"width":20.4215},{"bases":[[[0.602528,-0.434635,-0.669367],[0.611895,0.790035,0.0378078],[0.512391,-0.432363,0.741969]],[[0.673929,-0.495756,-0.547765],[-0.0518693,0.707849,-0.704456],[0.736973,0.503166,0.451326]],[[0.673929,-0.495756,-0.547765],[-0.738796,-0.451309,-0.500501],[0.000915092,0.741988,-0.670412]],[[0.673929,-0.495756,-0.547765],[-0.575224,-0.817368,0.0320484],[-0.463614,0.293489,-0.836018]]],"btipPosition":[27.7013,196.322,42.8939],"carpPosition":[89.6814,209.188,86.7506],"dipPosition":[19.7131,201.379,28.4891],"direction":[-0.000915092,-0.741988,0.670412],"extended":false,"handId":384,"id":3841,"length":59.3056,"mcpPosition":[51.6657,241.266,31.702],"pipPosition":[19.7354,219.465,12.1477],"stabilizedTipPosition":[25.864,197.486,39.5808],"timeVisible":0,"tipPosition":[25.864,197.486,39.5808],"tipVelocity":[1.19209e-7,1.19209e-7,1.19209e-7],"tool":false,"touchDistance":0.333333,"touchZone":"none","type":1,"width":19.5066},{"bases":[[[0.553013,-0.617323,-0.559543],[0.716052,0.695497,-0.0596204],[0.425965,-0.367691,0.826654]],[[0.577561,-0.638261,-0.508966],[-0.0895759,0.570154,-0.81664],[0.811418,0.51725,0.272126]],[[0.577561,-0.638261,-0.508966],[-0.815818,-0.473722,-0.331705],[-0.0293945,0.606804,-0.794308]],[[0.577561,-0.638261,-0.508966],[-0.631488,-0.744421,0.216933],[-0.517345,0.196114,-0.833003]]],"btipPosition":[39.0638,185.071,45.327],"carpPosition":[97.8289,205.462,78.1523],"dipPosition":[29.2595,188.788,29.5407],"direction":[0.0293945,-0.606804,0.794308],"extended":false,"handId":384,"id":3842,"length":67.574,"mcpPosition":[67.8585,231.332,19.9897],"pipPosition":[28.4165,206.189,6.76207],"stabilizedTipPosition":[36.8088,185.926,41.6962],"timeVisible":0,"tipPosition":[36.8088,185.926,41.6962],"tipVelocity":[1.19209e-7,1.19209e-7,1.19209e-7],"tool":false,"touchDistance":0.333333,"touchZone":"none","type":2,"width":19.1581},{"bases":[[[0.554107,-0.715365,-0.425698],[0.766946,0.637539,-0.0730625],[0.323665,-0.286003,0.901911]],[[0.533702,-0.696928,-0.479014],[-0.0770767,0.523985,-0.848233],[0.842153,0.489624,0.225935]],[[0.533702,-0.696928,-0.479014],[-0.845418,-0.425805,-0.322424],[0.0207399,0.577046,-0.816448]],[[0.533702,-0.696928,-0.479014],[-0.66981,-0.694149,0.263651],[-0.516253,0.180137,-0.837278]]],"btipPosition":[55.7005,175.277,41.9466],"carpPosition":[104.944,198.787,70.516],"dipPosition":[45.9731,178.671,26.1704],"direction":[-0.0207399,-0.577046,0.816449],"extended":false,"handId":384,"id":3843,"length":64.9742,"mcpPosition":[84.4983,216.854,13.5418],"pipPosition":[46.5525,194.792,3.36158],"stabilizedTipPosition":[53.4632,176.058,38.3181],"timeVisible":0,"tipPosition":[53.4632,176.058,38.3181],"tipVelocity":[1.19209e-7,1.19209e-7,1.19209e-7],"tool":false,"touchDistance":0.333333,"touchZone":"none","type":3,"width":18.2302},{"bases":[[[0.453454,-0.839099,-0.300487],[0.869355,0.490723,-0.0584139],[0.196471,-0.234742,0.951995]],[[0.420784,-0.797023,-0.433238],[-0.0234881,0.467844,-0.883499],[0.906857,0.381938,0.17814]],[[0.420784,-0.797023,-0.433238],[-0.889433,-0.268518,-0.369874],[0.178466,0.540974,-0.821887]],[[0.420784,-0.797023,-0.433238],[-0.78044,-0.561508,0.274994],[-0.462443,0.222404,-0.858302]]],"btipPosition":[69.1866,171.626,34.0299],"carpPosition":[108.494,186.055,64.9204],"dipPosition":[61.148,175.492,19.1102],"direction":[-0.178466,-0.540974,0.821887],"extended":false,"handId":384,"id":3844,"length":50.9386,"mcpPosition":[97.0055,199.782,9.25121],"pipPosition":[64.6681,186.163,2.89895],"stabilizedTipPosition":[67.3377,172.515,30.5984],"timeVisible":0,"tipPosition":[67.3377,172.515,30.5984],"tipVelocity":[1.19209e-7,1.19209e-7,1.19209e-7],"tool":false,"touchDistance":0.333333,"touchZone":"none","type":4,"width":16.1934}],"r":[[1,5.55112e-18,0],[-5.55112e-18,1,-3.33067e-17],[-1.84889e-34,3.33067e-17,1]],"s":1,"t":[0,0,0],"timestamp":261800281700},{"currentFrameRate":24.2937,"devices":[],"gestures":[],"hands":[{"armBasis":[[0.579119,-0.460964,-0.672409],[0.57645,0.81477,-0.0620842],[0.576477,-0.351656,0.737572]],"armWidth":65.7594,"confidence":0.213165,"direction":[-0.184117,0.420871,-0.888239],"elbow":[250.036,95.127,278.068],"grabAngle":3.14159,"grabStrength":1,"id":384,"palmNormal":[-0.658899,-0.723419,-0.206197],"palmPosition":[66.0864,223.465,13.0002],"palmVelocity":[-210.331,209.01,-626.347],"palmWidth":91.7607,"pinchDistance":21.176,"pinchStrength":0.659317,"r":[[0.999594,-0.000111624,0.0285085],[0.00040295,0.999948,-0.0102134],[-0.0285059,0.0102207,0.999541]],"s":0.99138,"sphereCenter":[35.3658,199.655,-8.26833],"sphereRadius":38.4046,"stabilizedPalmPosition":[73.4053,216.192,34.7953],"t":[-4.32168,4.29454,-12.8695],"timeVisible":0.041094,"type":"right","wrist":[93.0687,190.878,77.2373]}],"id":223978,"interactionBox":{"center":[0,200,0],"size":[235.247,235.247,147.751]},"pointables":[{"bases":[[[0.846899,0.508941,-0.154082],[-0.220454,0.599732,0.769234],[0.483903,-0.617496,0.620111]],[[0.65232,0.676976,-0.340855],[-0.19975,0.587361,0.784288],[0.731149,-0.443521,0.518373]],[[0.65232,0.676976,-0.340855],[-0.554271,0.732807,0.394685],[0.516974,-0.0685349,0.853253]],[[0.65232,0.676976,-0.340855],[-0.731343,0.680283,-0.0485085],[0.199039,0.280925,0.938864]]],"btipPosition":[-2.99921,223.794,-7.69067],"carpPosition":[57.0807,205.893,71.7353],"dipPosition":[1.86571,230.66,15.2571],"direction":[-0.516974,0.0685349,-0.853253],"extended":false,"handId":384,"id":3840,"length":54.4289,"mcpPosition":[57.0807,205.893,71.7353],"pipPosition":[20.2744,228.22,45.6402],"stabilizedTipPosition":[4.53696,226.474,32.0504],"timeVisible":0.041094,"tipPosition":[-2.11287,230.629,-2.72693],"tipVelocity":[-161.581,-27.7116,-867.753],"tool":false,"touchDistance":1,"touchZone":"none","type":0,"width":21.1074},{"bases":[[[0.688083,-0.468861,-0.553815],[0.60652,0.790592,0.0842486],[0.398341,-0.393869,0.828367]],[[0.746947,-0.530297,-0.401066],[-0.0825543,0.524575,-0.847352],[0.659738,0.666037,0.348052]],[[0.746947,-0.530297,-0.401066],[-0.66465,-0.61152,-0.429283],[-0.0176125,0.587221,-0.809235]],[[0.746947,-0.530297,-0.401066],[-0.516179,-0.842718,0.152923],[-0.419081,0.0927964,-0.903194]]],"btipPosition":[22.7859,203.107,22.3456],"carpPosition":[74.019,220.248,62.8773],"dipPosition":[15.308,204.763,6.22929],"direction":[0.0176125,-0.587221,0.809235],"extended":false,"handId":384,"id":3841,"length":61.4169,"mcpPosition":[44.465,249.47,1.4185],"pipPosition":[14.8634,219.586,-14.1981],"stabilizedTipPosition":[25.6024,197.813,38.439],"timeVisible":0.041094,"tipPosition":[19.3079,204.795,13.3341],"tipVelocity":[-116.757,146.063,-509.61],"tool":false,"touchDistance":0.333333,"touchZone":"none","type":1,"width":20.1617},{"bases":[[[0.622028,-0.645624,-0.443001],[0.722715,0.691105,0.00757298],[0.301271,-0.324874,0.896489]],[[0.629735,-0.653943,-0.419276],[-0.0996642,0.467264,-0.878482],[0.77039,0.594998,0.229078]],[[0.629735,-0.653943,-0.419276],[-0.775953,-0.554892,-0.299986],[-0.0364784,0.51425,-0.856864]],[[0.629735,-0.653943,-0.419276],[-0.569034,-0.755757,0.324086],[-0.528804,0.034494,-0.848043]]],"btipPosition":[34.7597,193.037,23.21],"carpPosition":[83.276,216.08,55.7268],"dipPosition":[24.3814,193.714,6.56647],"direction":[0.0364784,-0.51425,0.856864],"extended":false,"handId":384,"id":3842,"length":69.9797,"mcpPosition":[62.0789,238.938,-7.34927],"pipPosition":[23.2981,208.986,-18.8808],"stabilizedTipPosition":[36.5083,186.418,40.1845],"timeVisible":0.041094,"tipPosition":[29.7846,194.081,15.1073],"tipVelocity":[-107.95,176.825,-543.003],"tool":false,"touchDistance":0.333333,"touchZone":"none","type":2,"width":19.8015},{"bases":[[[0.60332,-0.736644,-0.305549],[0.774545,0.632503,0.00447747],[0.189962,-0.239362,0.952166]],[[0.603975,-0.737471,-0.302243],[-0.00700875,0.374295,-0.927283],[0.796972,0.562175,0.220896]],[[0.603975,-0.737471,-0.302243],[-0.795256,-0.532543,-0.289767],[0.0527377,0.415373,-0.908121]],[[0.603975,-0.737471,-0.302243],[-0.629614,-0.674004,0.386401],[-0.488672,-0.0430803,-0.871403]]],"btipPosition":[50.1728,186.728,22.3509],"carpPosition":[91.3515,209.017,49.5305],"dipPosition":[40.6373,185.888,5.34716],"direction":[-0.0527377,-0.415373,0.908121],"extended":false,"handId":384,"id":3843,"length":67.2873,"mcpPosition":[79.3515,224.137,-10.6184],"pipPosition":[42.1631,197.905,-20.9259],"stabilizedTipPosition":[52.5093,177.881,34.86],"timeVisible":0.041094,"tipPosition":[46.0284,185.405,14.2141],"tipVelocity":[-133.44,254.954,-483.721],"tool":false,"touchDistance":0.333333,"touchZone":"none","type":3,"width":18.8424},{"bases":[[[0.484925,-0.853711,-0.189804],[0.872673,0.48658,0.0410029],[0.05735,-0.18552,0.980965]],[[0.474608,-0.825452,-0.305575],[0.0724486,0.382624,-0.921059],[0.877211,0.415004,0.241399]],[[0.474608,-0.825452,-0.305575],[-0.8657,-0.375009,-0.331558],[0.159092,0.421897,-0.892576]],[[0.474608,-0.825452,-0.305575],[-0.741418,-0.562021,0.366649],[-0.474391,0.0525444,-0.878745]]],"btipPosition":[65.1028,181.971,12.9258],"carpPosition":[95.5601,196.012,45.1523],"dipPosition":[56.563,182.917,-2.89307],"direction":[-0.159092,-0.421897,0.892576],"extended":false,"handId":384,"id":3844,"length":52.752,"mcpPosition":[92.2065,206.86,-12.211],"pipPosition":[59.8127,191.535,-21.1254],"stabilizedTipPosition":[66.8295,173.686,28.0192],"timeVisible":0.041094,"tipPosition":[60.5665,181.142,6.94387],"tipVelocity":[-102.181,235.395,-518.59],"tool":false,"touchDistance":0.333333,"touchZone":"none","type":4,"width":16.7373}],"r":[[0.999594,-0.000111624,0.0285085],[0.00040295,0.999948,-0.0102134],[-0.0285059,0.0102207,0.999541]],"s":0.99138,"t":[-4.32168,4.29454,-12.8695],"timestamp":261800322794},{"currentFrameRate":25.341,"devices":[],"gestures":[],"hands":[{"armBasis":[[0.63502,-0.389658,-0.667021],[0.552035,0.832909,0.038985],[0.540377,-0.392975,0.744018]],"armWidth":65.7594,"confidence":0.366379,"direction":[-0.183684,0.44848,-0.874715],"elbow":[232.506,91.1747,260.519],"grabAngle":3.14159,"grabStrength":1,"id":384,"palmNormal":[-0.613392,-0.747643,-0.25452],"palmPosition":[58.7527,232.446,-5.60447],"palmVelocity":[-230.309,282.044,-584.262],"palmWidth":91.7607,"pinchDistance":17.9291,"pinchStrength":0.643867,"r":[[0.998327,0.0103477,0.0568888],[-0.00979251,0.999902,-0.0100287],[-0.056987,0.00945488,0.99833]],"s":0.977,"sphereCenter":[31.5576,206.54,-29.8317],"sphereRadius":38.4103,"stabilizedPalmPosition":[71.1272,218.719,28.5142],"t":[-10.1494,10.9324,-28.6067],"timeVisible":0.072937,"type":"right","wrist":[85.3682,198.177,57.9331]}],"id":223979,"interactionBox":{"center":[0,200,0],"size":[235.247,235.247,147.751]},"pointables":[{"bases":[[[0.821881,0.559134,-0.108994],[-0.272177,0.553512,0.787112],[0.50043,-0.617247,0.607104]],[[0.617707,0.727704,-0.298137],[-0.257317,0.545272,0.797788],[0.743119,-0.416083,0.524069]],[[0.617707,0.727704,-0.298137],[-0.626547,0.684517,0.37266],[0.475266,-0.0433979,0.878771]],[[0.617707,0.727704,-0.298137],[-0.776088,0.625311,-0.081686],[0.126985,0.281839,0.951021]]],"btipPosition":[-8.23351,227.508,-28.8464],"carpPosition":[49.2027,211.906,52.0721],"dipPosition":[-5.12973,234.397,-5.60149],"direction":[-0.475266,0.0433979,-0.878771],"extended":false,"handId":384,"id":3840,"length":54.4289,"mcpPosition":[49.2027,211.906,52.0721],"pipPosition":[11.7938,232.852,25.6902],"stabilizedTipPosition":[4.263,226.533,30.7881],"timeVisible":0.072937,"tipPosition":[-9.0158,235.434,-23.014],"tipVelocity":[-177.099,116.805,-662.231],"tool":false,"touchDistance":0.911568,"touchZone":"hovering","type":0,"width":21.1074},{"bases":[[[0.726376,-0.407538,-0.553435],[0.560613,0.817154,0.134063],[0.397606,-0.407643,0.822032]],[[0.751009,-0.433525,-0.498038],[-0.183567,0.587453,-0.788164],[0.634263,0.683341,0.361601]],[[0.751009,-0.433525,-0.498038],[-0.642721,-0.652814,-0.400928],[-0.151314,0.6212,-0.768905]],[[0.751009,-0.433525,-0.498038],[-0.399107,-0.89893,0.180661],[-0.526023,0.0630924,-0.848127]]],"btipPosition":[20.8114,210.281,1.62706],"carpPosition":[65.5636,227.504,44.2973],"dipPosition":[11.4252,211.407,-13.5067],"direction":[0.151314,-0.6212,0.768905],"extended":false,"handId":384,"id":3841,"length":61.4169,"mcpPosition":[36.0642,257.748,-16.6915],"pipPosition":[7.60558,227.088,-32.9161],"stabilizedTipPosition":[25.3418,198.29,36.9281],"timeVisible":0.072937,"tipPosition":[14.3116,211.156,-6.12279],"tipVelocity":[-75.7916,221.466,-643.551],"tool":false,"touchDistance":0.333333,"touchZone":"none","type":1,"width":20.1617},{"bases":[[[0.667131,-0.592158,-0.451979],[0.683938,0.727342,0.0565832],[0.295237,-0.346874,0.890232]],[[0.648227,-0.570293,-0.504547],[-0.151716,0.552597,-0.819524],[0.74618,0.607785,0.271686]],[[0.648227,-0.570293,-0.504547],[-0.749744,-0.593759,-0.292119],[-0.132986,0.567641,-0.812464]],[[0.648227,-0.570293,-0.504547],[-0.484036,-0.820128,0.305121],[-0.587802,0.0464314,-0.807671]]],"btipPosition":[32.3636,200.184,0.908462],"carpPosition":[75.2127,224.143,37.2407],"dipPosition":[20.8275,201.095,-14.9428],"direction":[0.132986,-0.567641,0.812464],"extended":false,"handId":384,"id":3842,"length":69.9797,"mcpPosition":[54.4401,248.549,-25.3951],"pipPosition":[16.878,217.953,-39.0715],"stabilizedTipPosition":[36.2239,187.003,38.3892],"timeVisible":0.072937,"tipPosition":[25.1627,200.979,-5.14851],"tipVelocity":[-83.6101,226.156,-694.637],"tool":false,"touchDistance":0.333333,"touchZone":"none","type":2,"width":19.8015},{"bases":[[[0.649837,-0.689883,-0.319018],[0.738917,0.671749,0.0524965],[0.178084,-0.269842,0.946294]],[[0.637989,-0.672461,-0.375188],[-0.0182099,0.473917,-0.880381],[0.76983,0.568506,0.290108]],[[0.637989,-0.672461,-0.375188],[-0.770036,-0.559523,-0.306558],[-0.00377771,0.484489,-0.874789]],[[0.637989,-0.672461,-0.375188],[-0.570696,-0.740019,0.355918],[-0.516987,-0.0129536,-0.855895]]],"btipPosition":[46.8397,194.544,-0.321709],"carpPosition":[83.814,217.79,30.9834],"dipPosition":[36.7517,194.292,-17.0228],"direction":[0.00377771,-0.484489,0.874789],"extended":false,"handId":384,"id":3843,"length":67.2873,"mcpPosition":[72.5644,234.836,-28.7945],"pipPosition":[36.6425,208.309,-42.3315],"stabilizedTipPosition":[51.7772,179.402,31.2847],"timeVisible":0.072937,"tipPosition":[41.3744,193.549,-6.14762],"tipVelocity":[-108.662,249.703,-709.827],"tool":false,"touchDistance":0.333333,"touchZone":"none","type":3,"width":18.8424},{"bases":[[[0.534998,-0.817923,-0.21161],[0.843806,0.529772,0.0856337],[0.0420634,-0.224372,0.973595]],[[0.523245,-0.776746,-0.350543],[0.121497,0.475141,-0.871481],[0.843477,0.413408,0.342987]],[[0.523245,-0.776746,-0.350543],[-0.83983,-0.40023,-0.366744],[0.144569,0.486293,-0.861753]],[[0.523245,-0.776746,-0.350543],[-0.719599,-0.623078,0.306516],[-0.4565,0.0918678,-0.884968]]],"btipPosition":[60.4862,191.494,-9.87848],"carpPosition":[88.8293,205.227,26.1861],"dipPosition":[52.2684,193.148,-25.8093],"direction":[-0.144569,-0.486293,0.861753],"extended":false,"handId":384,"id":3844,"length":52.752,"mcpPosition":[86.3696,218.347,-30.7462],"pipPosition":[55.2215,203.081,-43.4121],"stabilizedTipPosition":[65.9821,175.558,23.7418],"timeVisible":0.072937,"tipPosition":[56.1256,190.448,-13.5678],"tipVelocity":[-142.655,304.159,-716.956],"tool":false,"touchDistance":0.333333,"touchZone":"none","type":4,"width":16.7373}],"r":[[0.998327,0.0103477,0.0568888],[-0.00979251,0.999902,-0.0100287],[-0.056987,0.00945488,0.99833]],"s":0.977,"t":[-10.1494,10.9324,-28.6067],"timestamp":261800354637},{"currentFrameRate":22.665,"devices":[],"gestures":[],"hands":[{"armBasis":[[0.732916,-0.275361,-0.622101],[0.470867,0.86533,0.171722],[0.491037,-0.418785,0.763873]],"armWidth":65.7594,"confidence":0.618393,"direction":[-0.125903,0.464447,-0.876605],"elbow":[207.92,88.9819,246.5],"grabAngle":3.14159,"grabStrength":1,"id":384,"palmNormal":[-0.504445,-0.790844,-0.346557],"palmPosition":[51.7488,237.726,-26.3807],"palmVelocity":[-109.108,82.2443,-323.657],"palmWidth":91.7607,"pinchDistance":15.6446,"pinchStrength":0.846877,"r":[[0.99399,0.0370232,0.10302],[-0.0367643,0.999314,-0.00441216],[-0.103113,0.000598178,0.994669]],"s":0.947567,"sphereCenter":[26.736,207.091,-57.3991],"sphereRadius":40.2041,"stabilizedPalmPosition":[69.7034,220.116,24.4808],"t":[-16.5652,16.891,-46.8633],"timeVisible":0.137129,"type":"right","wrist":[74.2168,203.012,38.5078]}],"id":223980,"interactionBox":{"center":[0,200,0],"size":[235.247,235.247,147.751]},"pointables":[{"bases":[[[0.770355,0.637598,0.0045721],[-0.412737,0.493183,0.76578],[0.486005,-0.59181,0.643086]],[[0.586027,0.787398,-0.191251],[-0.406532,0.489882,0.771199],[0.700931,-0.374193,0.607187]],[[0.586027,0.787398,-0.191251],[-0.703436,0.611522,0.362241],[0.402182,-0.0777501,0.912252]],[[0.586027,0.787398,-0.191251],[-0.809847,0.576973,-0.106066],[0.0268306,0.217042,0.975794]]],"btipPosition":[-12.5105,230.357,-57.7512],"carpPosition":[37.7515,214.057,29.1491],"dipPosition":[-11.8547,235.662,-33.9008],"direction":[-0.402182,0.0777501,-0.912252],"extended":false,"handId":384,"id":3840,"length":54.4289,"mcpPosition":[37.7515,214.057,29.1491],"pipPosition":[2.46636,232.894,-1.41688],"stabilizedTipPosition":[4.17739,226.559,30.3604],"timeVisible":0.137129,"tipPosition":[-13.3591,234.465,-51.6418],"tipVelocity":[-75.3999,38.7132,-448.117],"tool":false,"touchDistance":0.422261,"touchZone":"hovering","type":0,"width":21.1074},{"bases":[[[0.820949,-0.314927,-0.476302],[0.459177,0.859939,0.222848],[0.33941,-0.401654,0.850573]],[[0.746552,-0.237584,-0.621461],[-0.152913,0.847793,-0.507803],[0.647517,0.474131,0.596592]],[[0.746552,-0.237584,-0.621461],[-0.647638,-0.473456,-0.596996],[-0.152398,0.848171,-0.507328]],[[0.746552,-0.237584,-0.621461],[-0.395429,-0.909636,-0.12727],[-0.535066,0.340758,-0.773038]]],"btipPosition":[12.4474,212.457,-39.4665],"carpPosition":[53.2879,231.422,23.8079],"dipPosition":[2.89981,218.537,-53.2604],"direction":[0.152398,-0.848171,0.507328],"extended":false,"handId":384,"id":3841,"length":61.4169,"mcpPosition":[28.1061,261.221,-39.2985],"pipPosition":[-0.947149,239.948,-66.0668],"stabilizedTipPosition":[25.1668,198.471,36.0054],"timeVisible":0.137129,"tipPosition":[10.1334,213.289,-38.7662],"tipVelocity":[-130.875,51.6489,-635.366],"tool":false,"touchDistance":0.333333,"touchZone":"none","type":1,"width":20.1617},{"bases":[[[0.768869,-0.50825,-0.387972],[0.598698,0.78529,0.157735],[0.224502,-0.353556,0.908073]],[[0.754024,-0.486135,-0.441726],[0.0667784,0.725744,-0.684716],[0.653444,0.486794,0.579691]],[[0.754024,-0.486135,-0.441726],[-0.653391,-0.486216,-0.580236],[0.0672987,0.726131,-0.684254]],[[0.754024,-0.486135,-0.441726],[-0.541536,-0.840677,0.000794176],[-0.371735,0.238612,-0.89715]]],"btipPosition":[20.5665,203.391,-37.3096],"carpPosition":[63.9591,229.268,17.8342],"dipPosition":[13.2709,208.074,-54.9169],"direction":[-0.0672987,-0.726131,0.684254],"extended":false,"handId":384,"id":3842,"length":69.9797,"mcpPosition":[48.1634,254.144,-46.0568],"pipPosition":[15.2695,229.639,-75.238],"stabilizedTipPosition":[35.8636,187.366,36.7315],"timeVisible":0.137129,"tipPosition":[19.9296,203.997,-37.243],"tipVelocity":[-168.584,63.4721,-601.663],"tool":false,"touchDistance":0.333333,"touchZone":"none","type":2,"width":19.8015},{"bases":[[[0.746191,-0.612481,-0.260892],[0.658952,0.7353,0.15848],[0.094768,-0.290172,0.952271]],[[0.739166,-0.593979,-0.317525],[0.225354,0.662376,-0.714474],[0.634704,0.45656,0.623461]],[[0.739166,-0.593979,-0.317525],[-0.634524,-0.456032,-0.62403],[0.22586,0.662739,-0.713978]],[[0.739166,-0.593979,-0.317525],[-0.611329,-0.789542,0.0538478],[-0.282684,0.15431,-0.94672]]],"btipPosition":[37.1743,198.849,-37.6748],"carpPosition":[73.7958,224.008,12.4431],"dipPosition":[31.6582,201.86,-56.1482],"direction":[-0.22586,-0.662739,0.713978],"extended":false,"handId":384,"id":3843,"length":67.2873,"mcpPosition":[67.8093,242.338,-47.7123],"pipPosition":[38.1926,221.034,-76.8044],"stabilizedTipPosition":[51.3272,179.973,29.209],"timeVisible":0.137129,"tipPosition":[36.8916,198.715,-37.3051],"tipVelocity":[-134.19,78.7504,-588.246],"tool":false,"touchDistance":0.333333,"touchZone":"none","type":3,"width":18.8424},{"bases":[[[0.632941,-0.754966,-0.171499],[0.772756,0.602542,0.199477],[-0.0472629,-0.258784,0.964778]],[[0.631115,-0.696081,-0.342294],[0.366044,0.656308,-0.659751],[0.68389,0.291084,0.669002]],[[0.631115,-0.696081,-0.342294],[-0.656653,-0.244531,-0.713451],[0.412918,0.675037,-0.611411]],[[0.631115,-0.696081,-0.342294],[-0.702934,-0.699812,0.127067],[-0.32799,0.160416,-0.930961]]],"btipPosition":[55.5065,199.881,-43.9757],"carpPosition":[80.5277,212.174,7.89806],"dipPosition":[49.6021,202.769,-60.7346],"direction":[-0.412918,-0.675037,0.611411],"extended":false,"handId":384,"id":3844,"length":52.752,"mcpPosition":[83.2915,227.307,-48.5186],"pipPosition":[58.0367,216.558,-73.2237],"stabilizedTipPosition":[65.5934,176.379,21.3904],"timeVisible":0.137129,"tipPosition":[54.1541,198.527,-42.475],"tipVelocity":[-69.2866,135.084,-534.143],"tool":false,"touchDistance":0.333333,"touchZone":"none","type":4,"width":16.7373}],"r":[[0.99399,0.0370232,0.10302],[-0.0367643,0.999314,-0.00441216],[-0.103113,0.000598178,0.994669]],"s":0.947567,"t":[-16.5652,16.891,-46.8633],"timestamp":261800418829},{"currentFrameRate":25.1175,"devices":[],"gestures":[],"hands":[{"armBasis":[[0.787533,-0.181305,-0.589],[0.393104,0.883847,0.253542],[0.474617,-0.431211,0.76733]],"armWidth":65.7594,"confidence":0.683063,"direction":[-0.201563,0.488379,-0.849034],"elbow":[201.435,91.229,233.494],"grabAngle":3.14159,"grabStrength":1,"id":384,"palmNormal":[-0.424763,-0.824658,-0.373518],"palmPosition":[45.1475,243.962,-38.2242],"palmVelocity":[-309.297,292.203,-554.915],"palmWidth":91.7607,"pinchDistance":13.8645,"pinchStrength":0.93343,"r":[[0.987622,0.078951,0.135533],[-0.0809421,0.996676,0.00923523],[-0.134353,-0.0200912,0.99073]],"s":0.921128,"sphereCenter":[23.9883,210.121,-71.9641],"sphereRadius":41.4737,"stabilizedPalmPosition":[68.4641,221.319,21.3163],"t":[-23.0737,22.9886,-61.9134],"timeVisible":0.158472,"type":"right","wrist":[72.2029,208.642,24.5602]}],"id":223981,"interactionBox":{"center":[0,200,0],"size":[235.247,235.247,147.751]},"pointables":[{"bases":[[[0.70649,-0.671308,-0.224091],[0.707658,0.674363,0.210844],[0.00957742,-0.307539,0.951487]],[[0.691328,-0.599239,-0.403706],[0.338611,0.762272,-0.55162],[0.638286,0.244651,0.729889]],[[0.691328,-0.599239,-0.403706],[-0.638016,-0.244044,-0.730328],[0.339119,0.762466,-0.551038]],[[0.691328,-0.599239,-0.403706],[-0.675314,-0.734562,-0.0661004],[-0.256937,0.318325,-0.912498]]],"btipPosition":[51.1077,207.815,-60.8733],"carpPosition":[77.5403,220.171,-5.96266],"dipPosition":[46.4824,213.545,-77.2997],"direction":[-0.339119,-0.762466,0.551038],"extended":false,"handId":384,"id":3844,"length":52.752,"mcpPosition":[76.9802,238.154,-61.6021],"pipPosition":[53.4095,229.12,-88.5556],"stabilizedTipPosition":[65.2666,177.067,19.5822],"timeVisible":0.158472,"tipPosition":[51.1073,206.655,-57.8989],"tipVelocity":[-192.316,402.355,-788.13],"tool":false,"touchDistance":0.333333,"touchZone":"none","type":4,"width":16.7373},{"bases":[[[0.695736,0.718071,0.0180486],[-0.441673,0.40785,0.799114],[0.566459,-0.563944,0.600908]],[[0.495422,0.853458,-0.161764],[-0.467393,0.418876,0.778516],[0.732189,-0.310086,0.60642]],[[0.495422,0.853458,-0.161764],[-0.75463,0.515094,0.406463],[0.430223,-0.0792983,0.899233]],[[0.495422,0.853458,-0.161764],[-0.86829,0.491936,-0.0638149],[0.0251143,0.172074,0.984764]]],"btipPosition":[-17.3374,230.53,-70.2462],"carpPosition":[35.4547,216.302,16.3712],"dipPosition":[-16.7235,234.735,-46.1766],"direction":[-0.430223,0.0792983,-0.899233],"extended":false,"handId":384,"id":3840,"length":54.4289,"mcpPosition":[35.4547,216.302,16.3712],"pipPosition":[-1.40396,231.912,-14.1562],"stabilizedTipPosition":[4.13012,226.57,30.1501],"timeVisible":0.158472,"tipPosition":[-19.5328,234.245,-62.4349],"tipVelocity":[-226.608,-3.78037,-583.076],"tool":false,"touchDistance":0.214851,"touchZone":"hovering","type":0,"width":21.1074},{"bases":[[[0.836209,-0.1993,-0.510916],[0.368606,0.894059,0.254534],[0.40606,-0.40117,0.821083]],[[0.774209,-0.143708,-0.616399],[-0.193204,0.873741,-0.446373],[0.602721,0.464677,0.648693]],[[0.774209,-0.143708,-0.616399],[-0.602874,-0.463981,-0.649049],[-0.192724,0.874111,-0.445856]],[[0.774209,-0.143708,-0.616399],[-0.358357,-0.902276,-0.239746],[-0.521709,0.406505,-0.750049]]],"btipPosition":[5.83828,215.108,-53.8508],"carpPosition":[48.8342,235.512,11.5353],"dipPosition":[-3.47095,222.362,-67.2344],"direction":[0.192724,-0.874111,0.445856],"extended":false,"handId":384,"id":3841,"length":61.4169,"mcpPosition":[18.7074,265.276,-49.3831],"pipPosition":[-8.33587,244.427,-78.4891],"stabilizedTipPosition":[25.013,198.602,35.3394],"timeVisible":0.158472,"tipPosition":[5.65762,215.884,-51.97],"tipVelocity":[-307.093,136.866,-669.536],"tool":false,"touchDistance":0.333333,"touchZone":"none","type":1,"width":20.1617},{"bases":[[[0.808208,-0.401143,-0.431143],[0.513496,0.838469,0.182459],[0.288308,-0.368855,0.883643]],[[0.789466,-0.378303,-0.483354],[0.00864926,0.794263,-0.607513],[0.613734,0.47543,0.630315]],[[0.789466,-0.378303,-0.483354],[-0.613727,-0.474797,-0.630799],[0.00913799,0.794641,-0.607011]],[[0.789466,-0.378303,-0.483354],[-0.483135,-0.868709,-0.109202],[-0.378582,0.319736,-0.868587]]],"btipPosition":[15.4764,206.982,-53.6194],"carpPosition":[59.4977,234.837,5.20841],"dipPosition":[8.04645,213.258,-70.6662],"direction":[-0.00913799,-0.794641,0.607011],"extended":false,"handId":384,"id":3842,"length":69.9797,"mcpPosition":[39.2127,260.79,-56.9638],"pipPosition":[8.31783,236.857,-88.6933],"stabilizedTipPosition":[35.6938,187.528,36.0071],"timeVisible":0.158472,"tipPosition":[16.2092,207.679,-51.6741],"tipVelocity":[-239.936,185.425,-758.137],"tool":false,"touchDistance":0.333333,"touchZone":"none","type":2,"width":19.8015},{"bases":[[[0.800802,-0.513109,-0.308928],[0.578855,0.795481,0.179265],[0.153764,-0.32238,0.934038]],[[0.79014,-0.492854,-0.36438],[0.184674,0.758298,-0.625204],[0.584443,0.426707,0.690179]],[[0.79014,-0.492854,-0.36438],[-0.584296,-0.426103,-0.690676],[0.185139,0.758637,-0.624654]],[[0.79014,-0.492854,-0.36438],[-0.560591,-0.821472,-0.104504],[-0.247823,0.286841,-0.925368]]],"btipPosition":[32.1841,203.867,-55.7525],"carpPosition":[69.6893,230.959,-0.672266],"dipPosition":[27.3483,209.464,-73.8092],"direction":[-0.185139,-0.758637,0.624654],"extended":false,"handId":384,"id":3843,"length":67.2873,"mcpPosition":[59.9759,251.323,-59.676],"pipPosition":[32.7046,231.412,-91.8812],"stabilizedTipPosition":[51.1059,180.248,28.2353],"timeVisible":0.158472,"tipPosition":[33.4574,204.386,-53.1993],"tipVelocity":[-226.479,262.982,-842.518],"tool":false,"touchDistance":0.333333,"touchZone":"none","type":3,"width":18.8424}],"r":[[0.987622,0.078951,0.135533],[-0.0809421,0.996676,0.00923523],[-0.134353,-0.0200912,0.99073]],"s":0.921128,"t":[-23.0737,22.9886,-61.9134],"timestamp":261800440172},{"currentFrameRate":27.3053,"devices":[],"gestures":[],"hands":[{"armBasis":[[0.822869,-0.116125,-0.556239],[0.332523,0.89219,0.305656],[0.460776,-0.436477,0.77277]],"armWidth":65.7594,"confidence":0.738834,"direction":[-0.264156,0.435662,-0.860477],"elbow":[192.231,101.159,219.393],"grabAngle":3.14159,"grabStrength":1,"id":384,"palmNormal":[-0.342766,-0.87633,-0.338463],"palmPosition":[36.017,251.048,-54.3207],"palmVelocity":[-425.387,330.138,-749.929],"palmWidth":91.7607,"pinchDistance":16.2903,"pinchStrength":0.932736,"r":[[0.978496,0.132996,0.157661],[-0.136698,0.99053,0.0128246],[-0.154462,-0.0341008,0.98741]],"s":0.901365,"sphereCenter":[19.2811,213.319,-87.5718],"sphereRadius":42.2407,"stabilizedPalmPosition":[66.2149,223.38,16.0731],"t":[-30.8933,29.5804,-77.4867],"timeVisible":0.179936,"type":"right","wrist":[66.7675,220.007,8.9781]}],"id":223982,"interactionBox":{"center":[0,200,0],"size":[235.247,235.247,147.751]},"pointables":[{"bases":[[[0.617802,0.786118,-0.0184163],[-0.469155,0.387297,0.793659],[0.631043,-0.481684,0.608084]],[[0.383804,0.898813,-0.211733],[-0.505639,0.396425,0.766274],[0.772673,-0.187039,0.606624]],[[0.383804,0.898813,-0.211733],[-0.791138,0.438317,0.426589],[0.47623,0.00378322,0.879313]],[[0.383804,0.898813,-0.211733],[-0.920896,0.389484,-0.0159179],[0.0681593,0.201093,0.977198]]],"btipPosition":[-27.4345,228.788,-84.4164],"carpPosition":[30.0859,224.422,1.3171],"dipPosition":[-25.7686,233.703,-60.5316],"direction":[-0.47623,-0.00378322,-0.879313],"extended":false,"handId":384,"id":3840,"length":54.4289,"mcpPosition":[30.0859,224.422,1.3171],"pipPosition":[-8.81075,233.838,-29.2206],"stabilizedTipPosition":[4.13012,226.57,30.1501],"timeVisible":0.179936,"tipPosition":[-27.5849,233.323,-77.2573],"tipVelocity":[-459.149,-73.5521,-662.162],"tool":false,"touchDistance":-0.072026,"touchZone":"hovering","type":0,"width":21.1074},{"bases":[[[0.844367,-0.129468,-0.519887],[0.277891,0.935463,0.218372],[0.458063,-0.328858,0.825851]],[[0.801521,-0.1005,-0.58946],[-0.248763,0.84038,-0.481537],[0.543765,0.532599,0.648582]],[[0.801521,-0.1005,-0.58946],[-0.543963,-0.531929,-0.648965],[-0.24833,0.840804,-0.481021]],[[0.801521,-0.1005,-0.58946],[-0.286912,-0.929526,-0.231651],[-0.524638,0.354796,-0.77387]]],"btipPosition":[-1.42593,217.678,-68.8138],"carpPosition":[41.327,244.732,-4.39168],"dipPosition":[-10.7874,224.009,-82.6226],"direction":[0.24833,-0.840804,0.481021],"extended":false,"handId":384,"id":3841,"length":61.4169,"mcpPosition":[7.34205,269.131,-65.6639],"pipPosition":[-17.056,245.234,-94.7649],"stabilizedTipPosition":[24.6944,198.831,34.1437],"timeVisible":0.179936,"tipPosition":[-0.770689,218.635,-66.7907],"tipVelocity":[-338.997,109.857,-701.678],"tool":false,"touchDistance":0.333333,"touchZone":"none","type":1,"width":20.1617},{"bases":[[[0.838661,-0.330272,-0.433091],[0.42663,0.89266,0.145414],[0.338577,-0.306722,0.889543]],[[0.81685,-0.311285,-0.485652],[-0.0731005,0.779256,-0.622427],[0.5722,0.543931,0.61378]],[[0.81685,-0.311285,-0.485652],[-0.572258,-0.54331,-0.614276],[-0.0726448,0.779689,-0.621938]],[[0.81685,-0.311285,-0.485652],[-0.412344,-0.90384,-0.11422],[-0.403396,0.293557,-0.866658]]],"btipPosition":[9.35258,210.226,-68.8989],"carpPosition":[51.9041,244.943,-10.8937],"dipPosition":[1.43558,215.987,-85.9078],"direction":[0.0726448,-0.779689,0.621938],"extended":false,"handId":384,"id":3842,"length":69.9797,"mcpPosition":[28.0822,266.523,-73.481],"pipPosition":[-0.721836,239.142,-104.378],"stabilizedTipPosition":[35.4224,187.759,34.9584],"timeVisible":0.179936,"tipPosition":[10.5471,211.539,-66.5393],"tipVelocity":[-290.527,145.597,-711.458],"tool":false,"touchDistance":0.333333,"touchZone":"none","type":2,"width":19.8015},{"bases":[[[0.844781,-0.438155,-0.307188],[0.496034,0.85655,0.142382],[0.200736,-0.272658,0.940937]],[[0.831224,-0.421017,-0.363058],[0.107067,0.762063,-0.63859],[0.54553,0.49194,0.678522]],[[0.831224,-0.421017,-0.363058],[-0.545445,-0.491333,-0.67903],[0.107501,0.762454,-0.638049]],[[0.831224,-0.421017,-0.363058],[-0.493207,-0.859821,-0.132117],[-0.256541,0.288881,-0.922353]]],"btipPosition":[26.1102,208.509,-71.4803],"carpPosition":[62.3507,241.935,-16.8369],"dipPosition":[21.1043,214.146,-89.4782],"direction":[-0.107501,-0.762454,0.638049],"extended":false,"handId":384,"id":3843,"length":67.2873,"mcpPosition":[49.6701,259.159,-76.2765],"pipPosition":[24.2145,236.204,-107.938],"stabilizedTipPosition":[50.7334,180.669,26.7559],"timeVisible":0.179936,"tipPosition":[27.9607,209.973,-68.4901],"tipVelocity":[-284.801,216.68,-732.123],"tool":false,"touchDistance":0.333333,"touchZone":"none","type":3,"width":18.8424},{"bases":[[[0.768687,-0.602231,-0.215495],[0.637162,0.750497,0.175437],[0.056075,-0.272161,0.960616]],[[0.743509,-0.538564,-0.396413],[0.268161,0.783157,-0.561031],[0.612604,0.310829,0.726706]],[[0.743509,-0.538564,-0.396413],[-0.598039,-0.27024,-0.754533],[0.299238,0.798072,-0.523008]],[[0.743509,-0.538564,-0.396413],[-0.634173,-0.755934,-0.162444],[-0.212175,0.372173,-0.903587]]],"btipPosition":[43,213.274,-77.9817],"carpPosition":[71.1943,231.839,-21.9218],"dipPosition":[39.1805,219.974,-94.2477],"direction":[-0.299238,-0.798072,0.523008],"extended":false,"handId":384,"id":3844,"length":52.752,"mcpPosition":[67.9153,247.754,-78.0951],"pipPosition":[45.2929,236.276,-104.931],"stabilizedTipPosition":[64.6017,178.152,16.672],"timeVisible":0.179936,"tipPosition":[44.9034,214.064,-74.4548],"tipVelocity":[-369.1,264.717,-795.358],"tool":false,"touchDistance":0.333333,"touchZone":"none","type":4,"width":16.7373}],"r":[[0.978496,0.132996,0.157661],[-0.136698,0.99053,0.0128246],[-0.154462,-0.0341008,0.98741]],"s":0.901365,"t":[-30.8933,29.5804,-77.4867],"timestamp":261800461636},{"currentFrameRate":29.2789,"devices":[],"gestures":[],"hands":[{"armBasis":[[0.834306,-0.113375,-0.539518],[0.311553,0.904333,0.291747],[0.454827,-0.411495,0.789813]],"armWidth":65.7594,"confidence":0.7859,"direction":[-0.296801,0.414397,-0.860339],"elbow":[184.29,112.561,208.826],"grabAngle":3.14159,"grabStrength":1,"id":384,"palmNormal":[-0.320995,-0.891806,-0.318816],"palmPosition":[27.7545,253.712,-69.4534],"palmVelocity":[-386.185,124.508,-707.301],"palmWidth":91.7607,"pinchDistance":16.4383,"pinchStrength":0.919555,"r":[[0.968261,0.182493,0.170783],[-0.187342,0.982214,0.0125804],[-0.165449,-0.0441759,0.985228]],"s":0.8839,"sphereCenter":[11.2244,216.115,-100.75],"sphereRadius":41.1197,"stabilizedPalmPosition":[63.8762,225.224,10.8724],"t":[-38.9342,34.2082,-92.8397],"timeVisible":0.201331,"type":"right","wrist":[60.4469,224.606,-6.22968]}],"id":223983,"interactionBox":{"center":[0,200,0],"size":[235.247,235.247,147.751]},"pointables":[{"bases":[[[0.591096,0.805467,-0.0427591],[-0.464425,0.383206,0.798413],[0.65948,-0.45208,0.60059]],[[0.329926,0.911506,-0.245573],[-0.495366,0.388612,0.776913],[0.803593,-0.134675,0.579742]],[[0.329926,0.911506,-0.245573],[-0.809946