{"frames":212,"data":[{"currentFrameRate":23.8055,"devices":[],"gestures":[],"hands":[],"id":224356,"interactionBox":{"center":[0,200,0],"size":[235.247,235.247,147.751]},"pointables":[],"r":[[-0.0794966,-0.728761,-0.680138],[0.446709,0.583909,-0.677865],[0.891141,-0.357712,0.279125]],"s":-5.62558,"t":[894.675,787.691,741.58],"timestamp":261813883746},{"currentFrameRate":23.8959,"devices":[],"gestures":[],"hands":[],"id":224357,"interactionBox":{"center":[0,200,0],"size":[235.247,235.247,147.751]},"pointables":[],"r":[[-0.0794966,-0.728761,-0.680138],[0.446709,0.583909,-0.677865],[0.891141,-0.357712,0.279125]],"s":-5.62558,"t":[894.675,787.691,741.58],"timestamp":261813924913},{"currentFrameRate":23.9684,"devices":[],"gestures":[],"hands":[],"id":224358,"interactionBox":{"center":[0,200,0],"size":[235.247,235.247,147.751]},"pointables":[],"r":[[-0.0794966,-0.728761,-0.680138],[0.446709,0.583909,-0.677865],[0.891141,-0.357712,0.279125]],"s":-5.62558,"t":[894.675,787.691,741.58],"timestamp":261813966090},{"currentFrameRate":24.0269,"devices":[],"gestures":[],"hands":[],"id":224359,"interactionBox":{"center":[0,200,0],"size":[235.247,235.247,147.751]},"pointables":[],"r":[[-0.0794966,-0.728761,-0.680138],[0.446709,0.583909,-0.677865],[0.891141,-0.357712,0.279125]],"s":-5.62558,"t":[894.675,787.691,741.58],"timestamp":261814007271},{"currentFrameRate":24.0753,"devices":[],"gestures":[],"hands":[],"id":224360,"interactionBox":{"center":[0,200,0],"size":[235.247,235.247,147.751]},"pointables":[],"r":[[-0.0794966,-0.728761,-0.680138],[0.446709,0.583909,-0.677865],[0.891141,-0.357712,0.279125]],"s":-5.62558,"t":[894.675,787.691,741.58],"timestamp":261814048445},{"currentFrameRate":24.1169,"devices":[],"gestures":[],"hands":[],"id":224361,"interactionBox":{"center":[0,200,0],"size":[235.247,235.247,147.751]},"pointables":[],"r":[[-0.0794966,-0.728761,-0.680138],[0.446709,0.583909,-0.677865],[0.891141,-0.357712,0.279125]],"s":-5.62558,"t":[894.675,787.691,741.58],"timestamp":261814089599},{"currentFrameRate":24.1474,"devices":[],"gestures":[],"hands":[],"id":224362,"interactionBox":{"center":[0,200,0],"size":[235.247,235.247,147.751]},"pointables":[],"r":[[-0.0794966,-0.728761,-0.680138],[0.446709,0.583909,-0.677865],[0.891141,-0.357712,0.279125]],"s":-5.62558,"t":[894.675,787.691,741.58],"timestamp":261814130784},{"currentFrameRate":24.1756,"devices":[],"gestures":[],"hands":[],"id":224363,"interactionBox":{"center":[0,200,0],"size":[235.247,235.247,147.751]},"pointables":[],"r":[[-0.0794966,-0.728761,-0.680138],[0.446709,0.583909,-0.677865],[0.891141,-0.357712,0.279125]],"s":-5.62558,"t":[894.675,787.691,741.58],"timestamp":261814171938},{"currentFrameRate":24.1917,"devices":[],"gestures":[],"hands":[],"id":224364,"interactionBox":{"center":[0,200,0],"size":[235.247,235.247,147.751]},"pointables":[],"r":[[-0.0794966,-0.728761,-0.680138],[0.446709,0.583909,-0.677865],[0.891141,-0.357712,0.279125]],"s":-5.62558,"t":[894.675,787.691,741.58],"timestamp":261814213155},{"currentFrameRate":24.2054,"devices":[],"gestures":[],"hands":[],"id":224365,"interactionBox":{"center":[0,200,0],"size":[235.247,235.247,147.751]},"pointables":[],"r":[[-0.0794966,-0.728761,-0.680138],[0.446709,0.583909,-0.677865],[0.891141,-0.357712,0.279125]],"s":-5.62558,"t":[894.675,787.691,741.58],"timestamp":261814254366},{"currentFrameRate":24.2218,"devices":[],"gestures":[],"hands":[],"id":224366,"interactionBox":{"center":[0,200,0],"size":[235.247,235.247,147.751]},"pointables":[],"r":[[-0.0794966,-0.728761,-0.680138],[0.446709,0.583909,-0.677865],[0.891141,-0.357712,0.279125]],"s":-5.62558,"t":[894.675,787.691,741.58],"timestamp":261814295529},{"currentFrameRate":24.2428,"devices":[],"gestures":[],"hands":[],"id":224367,"interactionBox":{"center":[0,200,0],"size":[235.247,235.247,147.751]},"pointables":[],"r":[[-0.0794966,-0.728761,-0.680138],[0.446709,0.583909,-0.677865],[0.891141,-0.357712,0.279125]],"s":-5.62558,"t":[894.675,787.691,741.58],"timestamp":261814336622},{"currentFrameRate":24.2418,"devices":[],"gestures":[],"hands":[],"id":224368,"interactionBox":{"center":[0,200,0],"size":[235.247,235.247,147.751]},"pointables":[],"r":[[-0.0794966,-0.728761,-0.680138],[0.446709,0.583909,-0.677865],[0.891141,-0.357712,0.279125]],"s":-5.62558,"t":[894.675,787.691,741.58],"timestamp":261814377881},{"currentFrameRate":24.2639,"devices":[],"gestures":[],"hands":[{"armBasis":[[0.834555,-0.0618975,-0.547437],[0.329571,0.852354,0.406049],[0.441477,-0.519289,0.731736]],"armWidth":64.2597,"confidence":0,"direction":[-0.467127,0.759786,-0.452237],"elbow":[244.997,24.2955,349.526],"grabAngle":3.14159,"grabStrength":1,"id":385,"palmNormal":[-0.498977,-0.648767,-0.574563],"palmPosition":[81.4953,218.087,115.276],"palmVelocity":[1.19209e-7,1.19209e-7,1.19209e-7],"palmWidth":91.7607,"pinchDistance":6.58824,"pinchStrength":0.633921,"r":[[1,0,1.66533e-17],[1.84889e-34,1,-1.11022e-17],[-1.66533e-17,1.11022e-17,1]],"s":1,"sphereCenter":[60.2012,202.115,83.7576],"sphereRadius":34.1623,"stabilizedPalmPosition":[81.4953,218.087,115.276],"t":[0,0,0],"timeVisible":0,"type":"right","wrist":[124.788,165.691,150.284]}],"id":224369,"interactionBox":{"center":[0,200,0],"size":[235.247,235.247,147.751]},"pointables":[{"bases":[[[0.648873,0.745732,0.151154],[-0.182,-0.0407751,0.982453],[0.738809,-0.664997,0.109265]],[[0.457926,0.880665,0.121382],[-0.51272,0.150091,0.845335],[0.726238,-0.449335,0.520265]],[[0.457926,0.880665,0.121382],[-0.795473,0.344958,0.498224],[0.396897,-0.324705,0.85851]],[[0.457926,0.880665,0.121382],[-0.888107,0.459273,0.0182999],[-0.0396312,-0.11618,0.992437]]],"btipPosition":[40.6401,205.476,72.9451],"carpPosition":[89.9109,168.95,152.078],"dipPosition":[39.7047,202.734,96.3684],"direction":[-0.396897,0.324705,-0.85851],"extended":false,"handId":385,"id":3850,"length":52.5578,"mcpPosition":[89.9109,168.95,152.078],"pipPosition":[53.3518,191.569,125.888],"stabilizedTipPosition":[40.4249,204.845,78.3325],"timeVisible":0,"tipPosition":[40.4249,204.845,78.3325],"tipVelocity":[1.19209e-7,1.19209e-7,1.19209e-7],"tool":false,"touchDistance":1,"touchZone":"none","type":0,"width":20.4215},{"bases":[[[0.641147,0.169701,-0.748419],[0.406966,0.751632,0.519064],[0.650622,-0.637378,0.412844]],[[0.760497,0.0359697,-0.648344],[-0.40837,0.802787,-0.434474],[0.504854,0.595181,0.625206]],[[0.760497,0.0359697,-0.648344],[-0.58979,-0.379435,-0.712865],[-0.271646,0.924519,-0.267344]],[[0.760497,0.0359697,-0.648344],[-0.266397,-0.893287,-0.362038],[-0.59218,0.448046,-0.66976]]],"btipPosition":[47.3265,181.536,113.318],"carpPosition":[100.646,190.289,152.979],"dipPosition":[37.123,189.256,101.778],"direction":[0.271646,-0.924519,0.267344],"extended":false,"handId":385,"id":3851,"length":59.3056,"mcpPosition":[52.3751,237.578,122.349],"pipPosition":[30.5016,211.791,95.2613],"stabilizedTipPosition":[44.9797,183.311,110.664],"timeVisible":0,"tipPosition":[44.9797,183.311,110.664],"tipVelocity":[1.19209e-7,1.19209e-7,1.19209e-7],"tool":false,"touchDistance":0.67773,"touchZone":"none","type":1,"width":19.5066},{"bases":[[[0.644319,-0.0486094,-0.76321],[0.523686,0.755325,0.394],[0.55732,-0.653545,0.512127]],[[0.654481,-0.0606452,-0.753643],[-0.493785,0.720558,-0.486797],[0.572566,0.690737,0.441646]],[[0.654481,-0.0606452,-0.753643],[-0.681703,-0.478448,-0.553506],[-0.327011,0.876019,-0.354477]],[[0.654481,-0.0606452,-0.753643],[-0.269381,-0.95007,-0.157485],[-0.706462,0.306088,-0.638139]]],"btipPosition":[64.5565,175.527,109.19],"carpPosition":[108.834,194.043,144.431],"dipPosition":[51.1682,181.328,97.0964],"direction":[0.327011,-0.876019,0.354477],"extended":false,"handId":385,"id":3852,"length":67.574,"mcpPosition":[69.622,240.025,108.399],"pipPosition":[41.7904,206.45,86.931],"stabilizedTipPosition":[61.4772,176.861,106.408],"timeVisible":0,"tipPosition":[61.4772,176.861,106.408],"tipVelocity":[1.19209e-7,1.19209e-7,1.19209e-7],"tool":false,"touchDistance":0.606806,"touchZone":"none","type":2,"width":19.1581},{"bases":[[[0.677987,-0.201054,-0.707043],[0.585881,0.728704,0.35459],[0.443933,-0.654651,0.611846]],[[0.650147,-0.161437,-0.74246],[-0.439185,0.717544,-0.540599],[0.62002,0.677546,0.395608]],[[0.650147,-0.161437,-0.74246],[-0.717906,-0.45054,-0.530683],[-0.248836,0.878038,-0.408814]],[[0.650147,-0.161437,-0.74246],[-0.373994,-0.918589,-0.12776],[-0.66139,0.360738,-0.657595]]],"btipPosition":[80.2256,174.169,102.292],"carpPosition":[116.792,194.67,134.956],"dipPosition":[67.7635,180.966,89.9013],"direction":[0.248836,-0.878038,0.408814],"extended":false,"handId":385,"id":3853,"length":64.9742,"mcpPosition":[88.7488,236.025,96.3057],"pipPosition":[60.8119,205.496,78.4804],"stabilizedTipPosition":[77.3593,175.733,99.442],"timeVisible":0,"tipPosition":[77.3593,175.733,99.442],"tipVelocity":[1.19209e-7,1.19209e-7,1.19209e-7],"tool":false,"touchDistance":0.490701,"touchZone":"none","type":3,"width":18.2302},{"bases":[[[0.618624,-0.393093,-0.680281],[0.721104,0.627843,0.292956],[0.311951,-0.671783,0.671859]],[[0.575886,-0.308089,-0.757256],[-0.317848,0.769022,-0.554597],[0.753212,0.560077,0.344944]],[[0.575886,-0.308089,-0.757256],[-0.816046,-0.272406,-0.509768],[-0.0492267,0.911524,-0.40829]],[[0.575886,-0.308089,-0.757256],[-0.57003,-0.815293,-0.101801],[-0.586021,0.490285,-0.645136]]],"btipPosition":[88.9385,181.309,91.1967],"carpPosition":[122.881,188.499,123.517],"dipPosition":[78.7518,189.832,79.9824],"direction":[0.0492267,-0.911524,0.40829],"extended":false,"handId":385,"id":3854,"length":50.9386,"mcpPosition":[104.639,227.783,84.2294],"pipPosition":[77.7808,207.811,71.9291],"stabilizedTipPosition":[86.5955,183.27,88.6174],"timeVisible":0,"tipPosition":[86.5955,183.27,88.6174],"tipVelocity":[1.19209e-7,1.19209e-7,1.19209e-7],"tool":false,"touchDistance":0.333333,"touchZone":"none","type":4,"width":16.1934}],"r":[[1,0,1.66533e-17],[1.84889e-34,1,-1.11022e-17],[-1.66533e-17,1.11022e-17,1]],"s":1,"t":[0,0,0],"timestamp":261814418930},{"currentFrameRate":24.2537,"devices":[],"gestures":[],"hands":[{"armBasis":[[0.745014,-0.226888,-0.627277],[0.440066,0.87388,0.206579],[0.501295,-0.429948,0.750898]],"armWidth":65.7594,"confidence":0.214235,"direction":[-0.267588,0.62355,-0.734563],"elbow":[247.612,61.0818,342.364],"grabAngle":3.14159,"grabStrength":1,"id":385,"palmNormal":[-0.534429,-0.730397,-0.425331],"palmPosition":[79.5801,222.678,83.7443],"palmVelocity":[-46.3654,111.129,-763.363],"palmWidth":91.7607,"pinchDistance":15.0989,"pinchStrength":0.521964,"r":[[0.999079,-0.0261575,0.0340167],[0.028227,0.997686,-0.0618532],[-0.0323201,0.0627564,0.997505]],"s":1.04445,"sphereCenter":[58.2322,199.759,53.9184],"sphereRadius":39.2058,"stabilizedPalmPosition":[81.4604,218.171,114.701],"t":[-0.957607,2.29519,-15.7661],"timeVisible":0.041307,"type":"right","wrist":[111.116,178.151,137.904]}],"id":224370,"interactionBox":{"center":[0,200,0],"size":[235.247,235.247,147.751]},"pointables":[{"bases":[[[0.748409,0.66279,0.0243477],[-0.3018,0.307637,0.902373],[0.590593,-0.682692,0.430269]],[[0.544021,0.832851,-0.101988],[-0.35445,0.338278,0.871741],[0.760531,-0.438096,0.479234]],[[0.544021,0.832851,-0.101988],[-0.679912,0.508786,0.528069],[0.491693,-0.217938,0.843055]],[[0.544021,0.832851,-0.101988],[-0.827117,0.552738,0.101777],[0.141138,0.0289868,0.989566]]],"btipPosition":[15.4533,216.773,56.3056],"carpPosition":[74.6968,187.667,134.637],"dipPosition":[18.903,217.482,80.4927],"direction":[-0.491693,0.217938,-0.843055],"extended":false,"handId":385,"id":3850,"length":54.4289,"mcpPosition":[74.6968,187.667,134.637],"pipPosition":[36.4114,209.721,110.513],"stabilizedTipPosition":[19.5273,215.296,64.1025],"timeVisible":0.041307,"tipPosition":[20.6504,214.598,59.1352],"tipVelocity":[-585.33,292.698,-398.572],"tool":false,"touchDistance":1,"touchZone":"none","type":0,"width":21.1074},{"bases":[[[0.745427,-0.170106,-0.644517],[0.469417,0.820444,0.326374],[0.473272,-0.545835,0.691432]],[[0.822211,-0.271403,-0.50031],[-0.253043,0.613058,-0.748417],[0.509842,0.741957,0.435386]],[[0.822211,-0.271403,-0.50031],[-0.551301,-0.598336,-0.58143],[-0.141552,0.753879,-0.641583]],[[0.822211,-0.271403,-0.50031],[-0.338452,-0.93984,-0.0463769],[-0.457625,0.207462,-0.864603]]],"btipPosition":[42.6183,191.006,91.5863],"carpPosition":[88.8687,206.531,130.798],"dipPosition":[34.4526,194.708,76.1586],"direction":[0.141552,-0.753879,0.641583],"extended":false,"handId":385,"id":3851,"length":61.4169,"mcpPosition":[53.7554,247.028,79.4984],"pipPosition":[30.8794,213.738,59.9632],"stabilizedTipPosition":[44.6027,184.071,108.652],"timeVisible":0.041307,"tipPosition":[38.9649,192.958,85.0056],"tipVelocity":[-102.633,206.884,-547.748],"tool":false,"touchDistance":0.333333,"touchZone":"none","type":1,"width":20.1617},{"bases":[[[0.711495,-0.379643,-0.591309],[0.598959,0.767691,0.227814],[0.367454,-0.516258,0.773599]],[[0.712993,-0.381752,-0.588139],[-0.299854,0.592217,-0.747908],[0.633821,0.709609,0.307777]],[[0.712993,-0.381752,-0.588139],[-0.664764,-0.634803,-0.393844],[-0.223002,0.671782,-0.706385]],[[0.712993,-0.381752,-0.588139],[-0.351334,-0.920408,0.171505],[-0.6068,0.0843508,-0.790366]]],"btipPosition":[59.3222,185.171,89.597],"carpPosition":[98.5502,206.174,123.03],"dipPosition":[47.4133,186.826,74.0854],"direction":[0.223002,-0.671782,0.706385],"extended":false,"handId":385,"id":3852,"length":69.9797,"mcpPosition":[72.6965,242.498,68.6003],"pipPosition":[40.7905,206.777,53.1071],"stabilizedTipPosition":[60.9508,177.796,104.217],"timeVisible":0.041307,"tipPosition":[54.345,184.169,84.9026],"tipVelocity":[-118.479,210.376,-493.354],"tool":false,"touchDistance":0.333333,"touchZone":"none","type":2,"width":19.8015},{"bases":[[[0.710624,-0.508261,-0.486502],[0.65967,0.721757,0.20953],[0.24464,-0.469827,0.848182]],[[0.694676,-0.479173,-0.536487],[-0.229422,0.559279,-0.796601],[0.681756,0.676461,0.278585]],[[0.694676,-0.479173,-0.536487],[-0.701813,-0.615047,-0.35941],[-0.157745,0.626187,-0.763549]],[[0.694676,-0.479173,-0.536487],[-0.42061,-0.875618,0.237444],[-0.583535,0.0607052,-0.809816]]],"btipPosition":[76.2457,181.432,86.6197],"carpPosition":[107.562,202.618,115.307],"dipPosition":[64.8591,182.616,70.8177],"direction":[0.157745,-0.626187,0.763549],"extended":false,"handId":385,"id":3853,"length":67.2873,"mcpPosition":[92.1075,232.298,61.7267],"pipPosition":[60.2954,200.732,48.7274],"stabilizedTipPosition":[77.1708,176.034,98.6106],"timeVisible":0.041307,"tipPosition":[70.9734,179.35,81.6523],"tipVelocity":[-90.3618,144.562,-398.402],"tool":false,"touchDistance":0.333333,"touchZone":"none","type":3,"width":18.8424},{"bases":[[[0.615332,-0.671444,-0.412952],[0.781172,0.589555,0.205416],[0.105532,-0.448986,0.887285]],[[0.598261,-0.612828,-0.516262],[-0.122296,0.566899,-0.814659],[0.791914,0.550515,0.264207]],[[0.598261,-0.612828,-0.516262],[-0.80127,-0.463206,-0.37869],[-0.0070634,0.640221,-0.768159]],[[0.598261,-0.612828,-0.516262],[-0.585762,-0.774103,0.240099],[-0.546779,0.158765,-0.822087]]],"btipPosition":[88.345,182.291,76.346],"carpPosition":[113.773,192.301,107.498],"dipPosition":[78.5021,185.149,61.5471],"direction":[0.0070634,-0.640221,0.768159],"extended":false,"handId":385,"id":3854,"length":52.752,"mcpPosition":[107.602,218.556,55.6129],"pipPosition":[78.3578,198.227,45.8562],"stabilizedTipPosition":[86.5948,183.269,88.5963],"timeVisible":0.041307,"tipPosition":[82.9357,181.385,71.0645],"tipVelocity":[-12.4534,-7.77934,-379.479],"tool":false,"touchDistance":0.333333,"touchZone":"none","type":4,"width":16.7373}],"r":[[0.999079,-0.0261575,0.0340167],[0.028227,0.997686,-0.0618532],[-0.0323201,0.0627564,0.997505]],"s":1.04445,"t":[-0.957607,2.29519,-15.7661],"timestamp":261814460237},{"currentFrameRate":25.2872,"devices":[],"gestures":[],"hands":[{"armBasis":[[0.679577,-0.277669,-0.679025],[0.533508,0.822376,0.197653],[0.503532,-0.496586,0.707006]],"armWidth":65.7594,"confidence":0.368129,"direction":[-0.261708,0.575547,-0.774761],"elbow":[242.245,54.2373,311.219],"grabAngle":3.14159,"grabStrength":1,"id":385,"palmNormal":[-0.590467,-0.730462,-0.343183],"palmPosition":[74.0385,232.218,62.8258],"palmVelocity":[-173.1,297.989,-653.416],"palmWidth":91.7607,"pinchDistance":21.2143,"pinchStrength":0.587879,"r":[[0.996844,-0.0563953,0.0558737],[0.0631374,0.989847,-0.127348],[-0.0481246,0.130473,0.990283]],"s":1.07279,"sphereCenter":[46.663,210.421,37.4314],"sphereRadius":38.8453,"stabilizedPalmPosition":[81.4604,218.171,114.701],"t":[-4.20722,8.21271,-34.1084],"timeVisible":0.073321,"type":"right","wrist":[105.139,189.451,118.711]}],"id":224371,"interactionBox":{"center":[0,200,0],"size":[235.247,235.247,147.751]},"pointables":[{"bases":[[[0.784273,0.617708,-0.0579051],[-0.248221,0.397945,0.883191],[0.568597,-0.678289,0.465426]],[[0.55637,0.804916,-0.206308],[-0.224555,0.384694,0.895313],[0.800017,-0.451798,0.39478]],[[0.55637,0.804916,-0.206308],[-0.617814,0.56675,0.545069],[0.55566,-0.1758,0.812611]],[[0.55637,0.804916,-0.206308],[-0.800142,0.585941,0.128243],[0.22411,0.0937251,0.970047]]],"btipPosition":[3.71779,228.572,44.1133],"carpPosition":[69.2549,201.859,116.633],"dipPosition":[9.19549,230.862,67.8233],"direction":[-0.55566,0.1758,-0.812611],"extended":false,"handId":385,"id":3850,"length":54.4289,"mcpPosition":[69.2549,201.859,116.633],"pipPosition":[28.9817,224.602,96.7591],"stabilizedTipPosition":[8.48359,225.772,53.0692],"timeVisible":0.073321,"tipPosition":[10.532,226.898,44.2265],"tipVelocity":[-352.004,379.912,-384.271],"tool":false,"touchDistance":1,"touchZone":"none","type":0,"width":21.1074},{"bases":[[[0.708672,-0.265802,-0.653554],[0.526648,0.815702,0.239315],[0.469495,-0.513789,0.71805]],[[0.780994,-0.353107,-0.515134],[-0.211428,0.626637,-0.750083],[0.587661,0.694725,0.414743]],[[0.780994,-0.353107,-0.515134],[-0.602407,-0.643547,-0.472179],[-0.164783,0.67909,-0.71532]],[[0.780994,-0.353107,-0.515134],[-0.369528,-0.926216,0.0746484],[-0.503485,0.132057,-0.853853]]],"btipPosition":[36.2267,206.933,72.1298],"carpPosition":[84.2838,219.483,110.72],"dipPosition":[27.2427,209.289,56.8938],"direction":[0.164783,-0.67909,0.71532],"extended":false,"handId":385,"id":3851,"length":61.4169,"mcpPosition":[49.4507,257.603,57.4461],"pipPosition":[23.0831,226.431,38.8371],"stabilizedTipPosition":[41.5212,190.977,96.8404],"timeVisible":0.073321,"tipPosition":[32.4431,205.669,68.1546],"tipVelocity":[-205.528,487.829,-606.374],"tool":false,"touchDistance":0.333333,"touchZone":"none","type":1,"width":20.1617},{"bases":[[[0.665353,-0.46791,-0.581692],[0.649056,0.747544,0.141085],[0.368825,-0.471422,0.80108]],[[0.649854,-0.448413,-0.61369],[-0.274413,0.614542,-0.739619],[0.708793,0.649048,0.276312]],[[0.649854,-0.448413,-0.61369],[-0.721694,-0.617329,-0.313149],[-0.238429,0.646398,-0.724791]],[[0.649854,-0.448413,-0.61369],[-0.390611,-0.889673,0.236441],[-0.652007,0.0860616,-0.753313]]],"btipPosition":[51.8613,197.534,68.7131],"carpPosition":[93.6143,217.924,102.676],"dipPosition":[39.0651,199.223,53.9287],"direction":[0.238429,-0.646398,0.724791],"extended":false,"handId":385,"id":3852,"length":69.9797,"mcpPosition":[67.6642,251.092,46.313],"pipPosition":[31.9842,218.42,32.4037],"stabilizedTipPosition":[58.4287,182.015,96.0621],"timeVisible":0.073321,"tipPosition":[47.2522,196.015,67.4946],"tipVelocity":[-239.426,386.426,-647.115],"tool":false,"touchDistance":0.333333,"touchZone":"none","type":2,"width":19.8015},{"bases":[[[0.661543,-0.587196,-0.466435],[0.70636,0.696795,0.12463],[0.251827,-0.41192,0.875731]],[[0.645252,-0.561439,-0.518108],[-0.173336,0.552903,-0.815017],[0.744046,0.615698,0.259444]],[[0.645252,-0.561439,-0.518108],[-0.750223,-0.593736,-0.290935],[-0.144277,0.576423,-0.804314]],[[0.645252,-0.561439,-0.518108],[-0.461678,-0.826898,0.321081],[-0.60869,0.0320215,-0.792762]]],"btipPosition":[67.5259,193.214,66.2825],"carpPosition":[102.101,213.224,94.9702],"dipPosition":[55.6485,193.839,50.8133],"direction":[0.144277,-0.576423,0.804314],"extended":false,"handId":385,"id":3853,"length":67.2873,"mcpPosition":[86.1932,239.245,39.6498],"pipPosition":[51.4744,210.515,27.5436],"stabilizedTipPosition":[74.9249,179.178,92.0987],"timeVisible":0.073321,"tipPosition":[63.3469,190.244,64.2964],"tipVelocity":[-275.899,364.011,-632.868],"tool":false,"touchDistance":0.333333,"touchZone":"none","type":3,"width":18.8424},{"bases":[[[0.560377,-0.73793,-0.376082],[0.82011,0.557834,0.127441],[0.115748,-0.379844,0.917781]],[[0.540583,-0.682311,-0.492161],[-0.0572136,0.553836,-0.830657],[0.839343,0.477198,0.260357]],[[0.540583,-0.682311,-0.492161],[-0.841208,-0.446573,-0.304863],[-0.0117742,0.578814,-0.815375]],[[0.540583,-0.682311,-0.492161],[-0.613177,-0.720086,0.324791],[-0.576007,0.126205,-0.807644]]],"btipPosition":[80.2631,192.449,55.7589],"carpPosition":[107.417,201.954,87.8476],"dipPosition":[69.894,194.72,41.22],"direction":[0.0117742,-0.578814,0.815375],"extended":false,"handId":385,"id":3854,"length":52.752,"mcpPosition":[100.649,224.166,34.1792],"pipPosition":[69.6535,206.544,24.5646],"stabilizedTipPosition":[85.885,184.059,85.6499],"timeVisible":0.073321,"tipPosition":[75.2088,190.468,53.3534],"tipVelocity":[-256.23,313.076,-641.197],"tool":false,"touchDistance":0.333333,"touchZone":"none","type":4,"width":16.7373}],"r":[[0.996844,-0.0563953,0.0558737],[0.0631374,0.989847,-0.127348],[-0.0481246,0.130473,0.990283]],"s":1.07279,"t":[-4.20722,8.21271,-34.1084],"timestamp":261814492251},{"currentFrameRate":27.4932,"devices":[],"gestures":[],"hands":[{"armBasis":[[0.668405,-0.253845,-0.69914],[0.531633,0.820431,0.210378],[0.520193,-0.512304,0.683333]],"armWidth":65.7594,"confidence":0.460416,"direction":[-0.26358,0.52838,-0.807057],"elbow":[240.28,58.052,289.562],"grabAngle":3.14159,"grabStrength":1,"id":385,"palmNormal":[-0.568566,-0.760965,-0.312514],"palmPosition":[67.1926,237.351,45.6385],"palmVelocity":[-323.206,242.342,-811.448],"palmWidth":91.7607,"pinchDistance":19.4456,"pinchStrength":0.653666,"r":[[0.994194,-0.0740078,0.0781071],[0.0876391,0.978107,-0.188751],[-0.0624281,0.1945,0.978914]],"s":1.07936,"sphereCenter":[40.5753,213.186,20.649],"sphereRadius":38.4921,"stabilizedPalmPosition":[80.7664,219.104,111.342],"t":[-9.25494,13.738,-51.8732],"timeVisible":0.094502,"type":"right","wrist":[98.6386,197.546,103.499]}],"id":224372,"interactionBox":{"center":[0,200,0],"size":[235.247,235.247,147.751]},"pointables":[{"bases":[[[0.770683,0.632233,-0.0795609],[-0.270014,0.437105,0.857923],[0.577183,-0.639704,0.507581]],[[0.523615,0.814407,-0.250137],[-0.250471,0.427784,0.868484],[0.814304,-0.3921,0.42798]],[[0.523615,0.814407,-0.250137],[-0.662012,0.573749,0.482236],[0.536252,-0.0869126,0.839571]],[[0.523615,0.814407,-0.250137],[-0.838163,0.54505,0.0200583],[0.152673,0.199153,0.968003]]],"btipPosition":[-1.49171,227.676,25.7831],"carpPosition":[62.3275,209.71,100.884],"dipPosition":[2.23993,232.543,49.4431],"direction":[-0.536252,0.0869126,-0.839571],"extended":false,"handId":385,"id":3850,"length":54.4289,"mcpPosition":[62.3275,209.71,100.884],"pipPosition":[21.3351,229.448,79.339],"stabilizedTipPosition":[5.30039,226.828,45.4423],"timeVisible":0.094502,"tipPosition":[3.20802,229.431,27.3913],"tipVelocity":[-264.911,-14.3253,-865.952],"tool":false,"touchDistance":1,"touchZone":"none","type":0,"width":21.1074},{"bases":[[[0.72395,-0.282432,-0.629388],[0.504322,0.839191,0.203514],[0.470698,-0.464748,0.749969]],[[0.774345,-0.335199,-0.536685],[-0.238044,0.631538,-0.737899],[0.58628,0.699143,0.409236]],[[0.774345,-0.335199,-0.536685],[-0.599244,-0.660861,-0.451851],[-0.203214,0.671494,-0.712601]],[[0.774345,-0.335199,-0.536685],[-0.354731,-0.932308,0.0704784],[-0.52398,0.135804,-0.840834]]],"btipPosition":[30.2845,211.092,53.2497],"carpPosition":[77.033,227.355,94.2621],"dipPosition":[20.9347,213.516,38.2461],"direction":[0.203214,-0.671494,0.712601],"extended":false,"handId":385,"id":3851,"length":61.4169,"mcpPosition":[42.1106,261.836,38.6199],"pipPosition":[15.805,230.466,20.258],"stabilizedTipPosition":[39.8089,193.622,90.8234],"timeVisible":0.094502,"tipPosition":[26.4317,210.358,51.5009],"tipVelocity":[-284.518,197.126,-888.844],"tool":false,"touchDistance":0.333333,"touchZone":"none","type":1,"width":20.1617},{"bases":[[[0.684234,-0.48152,-0.547688],[0.629665,0.768954,0.110595],[0.367893,-0.420533,0.829341]],[[0.666412,-0.461472,-0.585609],[-0.256596,0.595504,-0.761271],[0.700038,0.657585,0.278439]],[[0.666412,-0.461472,-0.585609],[-0.70889,-0.635539,-0.305884],[-0.231021,0.618977,-0.750664]],[[0.666412,-0.461472,-0.585609],[-0.396371,-0.884529,0.245964],[-0.631494,0.0682052,-0.772375]]],"btipPosition":[44.6427,202.367,51.5186],"carpPosition":[86.5121,225.602,86.4346],"dipPosition":[32.2491,203.706,36.36],"direction":[0.231021,-0.618977,0.750664],"extended":false,"handId":385,"id":3852,"length":69.9797,"mcpPosition":[60.6275,255.191,28.083],"pipPosition":[25.3882,222.088,14.0667],"stabilizedTipPosition":[56.3435,184.604,90.042],"timeVisible":0.094502,"tipPosition":[41.2471,201.026,51.3982],"tipVelocity":[-336.433,224.386,-815.852],"tool":false,"touchDistance":0.333333,"touchZone":"none","type":2,"width":19.8015},{"bases":[[[0.681488,-0.594744,-0.426443],[0.688348,0.718789,0.0975639],[0.248497,-0.36003,0.899237]],[[0.665361,-0.572085,-0.479597],[-0.144897,0.531257,-0.834728],[0.732325,0.624887,0.270584]],[[0.665361,-0.572085,-0.479597],[-0.736837,-0.606424,-0.298867],[-0.119862,0.552239,-0.825024]],[[0.665361,-0.572085,-0.479597],[-0.471474,-0.820128,0.324195],[-0.578798,0.0104115,-0.815404]]],"btipPosition":[60.1073,198.117,49.4454],"carpPosition":[95.215,220.712,79.0968],"dipPosition":[48.8132,198.32,33.5343],"direction":[0.119862,-0.552239,0.825024],"extended":false,"handId":385,"id":3853,"length":67.2873,"mcpPosition":[79.5173,243.455,22.2914],"pipPosition":[45.3454,214.297,9.6654],"stabilizedTipPosition":[72.8971,181.388,86.7062],"timeVisible":0.094502,"tipPosition":[57.4529,195.64,48.7174],"tipVelocity":[-343.915,226.9,-799.716],"tool":false,"touchDistance":0.333333,"touchZone":"none","type":3,"width":18.8424},{"bases":[[[0.582503,-0.742951,-0.329719],[0.805197,0.582884,0.109108],[0.111126,-0.329045,0.937753]],[[0.562141,-0.691668,-0.453424],[-0.0247369,0.533941,-0.84516],[0.826671,0.486315,0.28304]],[[0.562141,-0.691668,-0.453424],[-0.826983,-0.463566,-0.318129],[0.00984732,0.553807,-0.832587]],[[0.562141,-0.691668,-0.453424],[-0.621462,-0.715009,0.32023],[-0.545695,0.101771,-0.831781]]],"btipPosition":[73.4868,197.356,39.3331],"carpPosition":[100.89,209.218,72.6412],"dipPosition":[63.6634,199.188,24.3597],"direction":[-0.00984732,-0.553807,0.832587],"extended":false,"handId":385,"id":3854,"length":52.752,"mcpPosition":[94.392,228.459,17.8049],"pipPosition":[63.8645,210.5,7.35271],"stabilizedTipPosition":[85.0263,184.863,82.7347],"timeVisible":0.094502,"tipPosition":[69.6384,195.472,38.1112],"tipVelocity":[-313.999,226.902,-780.217],"tool":false,"touchDistance":0.333333,"touchZone":"none","type":4,"width":16.7373}],"r":[[0.994194,-0.0740078,0.0781071],[0.0876391,0.978107,-0.188751],[-0.0624281,0.1945,0.978914]],"s":1.07936,"t":[-9.25494,13.738,-51.8732],"timestamp":261814513432},{"currentFrameRate":29.4495,"devices":[],"gestures":[],"hands":[{"armBasis":[[0.679696,-0.21777,-0.700421],[0.503602,0.832822,0.229765],[0.533291,-0.508904,0.675735]],"armWidth":65.7594,"confidence":0.544461,"direction":[-0.283676,0.503332,-0.816201],"elbow":[239.652,66.3806,274.024],"grabAngle":3.14159,"grabStrength":1,"id":385,"palmNormal":[-0.530887,-0.791256,-0.303436],"palmPosition":[61.5536,242.72,31.6208],"palmVelocity":[-263.739,251.151,-655.616],"palmWidth":91.7607,"pinchDistance":18.2159,"pinchStrength":0.718311,"r":[[0.992185,-0.0774141,0.097855],[0.0990004,0.965769,-0.239768],[-0.075944,0.247582,0.965886]],"s":1.07296,"sphereCenter":[35.7828,216.545,6.59407],"sphereRadius":38.2047,"stabilizedPalmPosition":[79.7566,220.345,107.152],"t":[-14.5983,19.1856,-67.7644],"timeVisible":0.115883,"type":"right","wrist":[94.4441,204.949,90.03]}],"id":224373,"interactionBox":{"center":[0,200,0],"size":[235.247,235.247,147.751]},"pointables":[{"bases":[[[0.740821,0.666211,-0.0857141],[-0.294542,0.436879,0.84993],[0.60368,-0.6044,0.519876]],[[0.473657,0.839193,-0.267215],[-0.28028,0.431267,0.857585],[0.834921,-0.331306,0.439481]],[[0.473657,0.839193,-0.267215],[-0.706437,0.543204,0.453735],[0.525924,-0.026144,0.85013]],[[0.473657,0.839193,-0.267215],[-0.87428,0.48463,-0.0277303],[0.106229,0.246755,0.963238]]],"btipPosition":[-5.66184,227.294,11.3195],"carpPosition":[57.6922,215.716,87.2585],"dipPosition":[-3.06538,233.325,34.863],"direction":[-0.525924,0.026144,-0.85013],"extended":false,"handId":385,"id":3850,"length":54.4289,"mcpPosition":[57.6922,215.716,87.2585],"pipPosition":[15.662,232.394,65.1348],"stabilizedTipPosition":[3.30771,227.184,39.9232],"timeVisible":0.115883,"tipPosition":[-2.32196,231.167,13.6811],"tipVelocity":[-207.251,-5.33485,-677.725],"tool":false,"touchDistance":1,"touchZone":"none","type":0,"width":21.1074},{"bases":[[[0.739587,-0.257793,-0.621735],[0.463641,0.864755,0.192968],[0.487902,-0.430978,0.759085]],[[0.780895,-0.295921,-0.550122],[-0.257972,0.649289,-0.715454],[0.568906,0.70061,0.430687]],[[0.780895,-0.295921,-0.550122],[-0.577295,-0.678279,-0.454607],[-0.238609,0.672583,-0.700498]],[[0.780895,-0.295921,-0.550122],[-0.325099,-0.944531,0.0466051],[-0.533399,0.14245,-0.833783]]],"btipPosition":[25.4109,214.946,37.3526],"carpPosition":[71.5948,233.926,80.4351],"dipPosition":[15.893,217.488,22.4748],"direction":[0.238609,-0.672583,0.700498],"extended":false,"handId":385,"id":3851,"length":61.4169,"mcpPosition":[35.396,265.901,24.1165],"pipPosition":[9.86987,234.466,4.79216],"stabilizedTipPosition":[38.4806,195.376,86.2674],"timeVisible":0.115883,"tipPosition":[22.2126,214.151,37.2233],"tipVelocity":[-229.749,181.514,-742.165],"tool":false,"touchDistance":0.333333,"touchZone":"none","type":1,"width":20.1617},{"bases":[[[0.708756,-0.457267,-0.537189],[0.592601,0.79905,0.101697],[0.382739,-0.390417,0.837309]],[[0.694277,-0.442675,-0.567466],[-0.243819,0.597175,-0.764156],[0.67715,0.668895,0.306672]],[[0.694277,-0.442675,-0.567466],[-0.683256,-0.653152,-0.326424],[-0.226142,0.614354,-0.755929]],[[0.694277,-0.442675,-0.567466],[-0.388611,-0.894227,0.222125],[-0.605773,0.0663072,-0.79287]]],"btipPosition":[38.7745,206.751,36.3387],"carpPosition":[81.1859,232.5,72.678],"dipPosition":[26.8857,208.052,20.778],"direction":[0.226142,-0.614354,0.755929],"extended":false,"handId":385,"id":3852,"length":69.9797,"mcpPosition":[54.2569,259.969,13.7659],"pipPosition":[20.1697,226.298,-1.67174],"stabilizedTipPosition":[54.5626,186.573,85.0177],"timeVisible":0.115883,"tipPosition":[37.1167,205.566,37.0895],"tipVelocity":[-269.028,204.635,-714.295],"tool":false,"touchDistance":0.333333,"touchZone":"none","type":2,"width":19.8015},{"bases":[[[0.710651,-0.568662,-0.414245],[0.653623,0.751486,0.0896968],[0.260292,-0.334503,0.905735]],[[0.695981,-0.550287,-0.461297],[-0.126011,0.538852,-0.832923],[0.706917,0.637827,0.305689]],[[0.695981,-0.550287,-0.461297],[-0.710357,-0.621493,-0.330363],[-0.104898,0.557612,-0.823447]],[[0.695981,-0.550287,-0.461297],[-0.467063,-0.834878,0.291257],[-0.545401,0.0127451,-0.838078]]],"btipPosition":[54.3934,202.898,34.1519],"carpPosition":[90.1451,227.911,65.455],"dipPosition":[43.7509,203.147,17.7984],"direction":[0.104898,-0.557612,0.823447],"extended":false,"handId":385,"id":3853,"length":67.2873,"mcpPosition":[73.7024,249.042,8.2392],"pipPosition":[40.7161,219.279,-6.02488],"stabilizedTipPosition":[71.0747,183.264,81.8078],"timeVisible":0.115883,"tipPosition":[53.4715,201.008,34.5344],"tipVelocity":[-260.232,224.13,-720.042],"tool":false,"touchDistance":0.333333,"touchZone":"none","type":3,"width":18.8424},{"bases":[[[0.618169,-0.719853,-0.31572],[0.77661,0.621365,0.10384],[0.121428,-0.309381,0.943153]],[[0.594631,-0.668565,-0.446581],[-0.00191364,0.554271,-0.832334],[0.803997,0.495786,0.328307]],[[0.594631,-0.668565,-0.446581],[-0.803647,-0.477829,-0.354726],[0.0237678,0.569824,-0.821423]],[[0.594631,-0.668565,-0.446581],[-0.62026,-0.734879,0.274281],[-0.511558,0.113901,-0.851666]]],"btipPosition":[68.3155,202.691,24.0355],"carpPosition":[96.3829,216.598,59.2011],"dipPosition":[59.1066,204.741,8.70413],"direction":[-0.0237678,-0.569824,0.821423],"extended":false,"handId":385,"id":3854,"length":52.752,"mcpPosition":[89.2822,234.69,4.04899],"pipPosition":[59.5921,216.381,-8.0748],"stabilizedTipPosition":[84.0411,185.82,79.4787],"timeVisible":0.115883,"tipPosition":[66.0154,201.213,24.1469],"tipVelocity":[-235.252,251.883,-719.327],"tool":false,"touchDistance":0.333333,"touchZone":"none","type":4,"width":16.7373}],"r":[[0.992185,-0.0774141,0.097855],[0.0990004,0.965769,-0.239768],[-0.075944,0.247582,0.965886]],"s":1.07296,"t":[-14.5983,19.1856,-67.7644],"timestamp":261814534813},{"currentFrameRate":31.185,"devices":[],"gestures":[],"hands":[{"armBasis":[[0.694958,-0.193648,-0.692483],[0.479098,0.842843,0.245115],[0.536189,-0.502112,0.678517]],"armWidth":65.7594,"confidence":0.619329,"direction":[-0.297721,0.48938,-0.819676],"elbow":[236.01,72.7527,260.87],"grabAngle":3.14159,"grabStrength":1,"id":385,"palmNormal":[-0.500807,-0.811044,-0.302324],"palmPosition":[56.1988,245.956,17.4271],"palmVelocity":[-248.669,150.257,-659.129],"palmWidth":91.7607,"pinchDistance":16.9171,"pinchStrength":0.760523,"r":[[0.990776,-0.0721017,0.114731],[0.101954,0.954375,-0.280666],[-0.0892602,0.289775,0.952923]],"s":1.05978,"sphereCenter":[31.2392,218.625,-7.65793],"sphereRadius":37.8902,"stabilizedPalmPosition":[78.7923,221.394,103.479],"t":[-19.9474,23.5272,-82.8069],"timeVisible":0.137417,"type":"right","wrist":[90.0127,209.471,76.1182]}],"id":224374,"interactionBox":{"center":[0,200,0],"size":[235.247,235.247,147.751]},"pointables":[{"bases":[[[0.716887,0.691949,-0.085325],[-0.313934,0.429652,0.846667],[0.62251,-0.580178,0.525238]],[[0.437926,0.856752,-0.272392],[-0.30846,0.427791,0.849616],[0.844437,-0.288047,0.451614]],[[0.437926,0.856752,-0.272392],[-0.741703,0.515535,0.429069],[0.508033,0.0141338,0.861222]],[[0.437926,0.856752,-0.272392],[-0.896955,0.436865,-0.0679723],[0.060763,0.27409,0.959782]]],"btipPosition":[-9.03635,226.365,-3.69495],"carpPosition":[53.0484,219.067,73.1654],"dipPosition":[-7.55118,233.064,19.7641],"direction":[-0.508033,-0.0141338,-0.861222],"extended":false,"handId":385,"id":3850,"length":54.4289,"mcpPosition":[53.0484,219.067,73.1654],"pipPosition":[10.5391,233.567,50.4309],"stabilizedTipPosition":[2.10939,227.256,36.1071],"timeVisible":0.137417,"tipPosition":[-7.32854,231.54,-0.448605],"tipVelocity":[-168.576,-36.0064,-698.144],"tool":false,"touchDistance":0.795208,"touchZone":"hovering","type":0,"width":21.1074},{"bases":[[[0.751219,-0.233773,-0.617268],[0.431486,0.881618,0.191233],[0.499489,-0.41,0.763158]],[[0.789472,-0.26645,-0.552937],[-0.273063,0.654334,-0.705184],[0.549701,0.707709,0.443821]],[[0.789472,-0.26645,-0.552937],[-0.55314,-0.699305,-0.45278],[-0.266028,0.663308,-0.699465]],[[0.789472,-0.26645,-0.552937],[-0.292889,-0.955218,0.0421208],[-0.539399,0.128696,-0.832158]]],"btipPosition":[20.939,217.359,22.2951],"carpPosition":[66.3216,237.734,66.3242],"dipPosition":[11.3141,219.655,7.44633],"direction":[0.266028,-0.663308,0.699465],"extended":false,"handId":385,"id":3851,"length":61.4169,"mcpPosition":[29.2632,268.153,9.70348],"pipPosition":[4.59876,236.399,-10.2102],"stabilizedTipPosition":[37.5322,196.457,83.0322],"timeVisible":0.137417,"tipPosition":[17.9307,216.132,22.7336],"tipVelocity":[-208.81,109.427,-698.93],"tool":false,"touchDistance":0.333333,"touchZone":"none","type":1,"width":20.1617},{"bases":[[[0.727157,-0.433863,-0.531983],[0.563138,0.820188,0.100832],[0.392579,-0.372901,0.84073]],[[0.715124,-0.422548,-0.556822],[-0.241835,0.597843,-0.764264],[0.65583,0.681203,0.325345]],[[0.715124,-0.422548,-0.556822],[-0.659914,-0.670762,-0.338513],[-0.230457,0.609534,-0.758523]],[[0.715124,-0.422548,-0.556822],[-0.371692,-0.904516,0.209035],[-0.591982,0.0574809,-0.803899]]],"btipPosition":[33.8205,209.335,21.3902],"carpPosition":[75.9936,236.62,58.6166],"dipPosition":[22.2024,210.463,5.61297],"direction":[0.230457,-0.609534,0.758523],"extended":false,"handId":385,"id":3852,"length":69.9797,"mcpPosition":[48.3722,262.856,-0.536203],"pipPosition":[15.3582,228.565,-16.9138],"stabilizedTipPosition":[53.2865,187.828,81.3521],"timeVisible":0.137417,"tipPosition":[32.9365,208.096,22.5583],"tipVelocity":[-227.163,118.149,-696.496],"tool":false,"touchDistance":0.333333,"touchZone":"none","type":2,"width":19.8015},{"bases":[[[0.732468,-0.544596,-0.408542],[0.625879,0.774789,0.0893154],[0.267893,-0.321119,0.908359]],[[0.721276,-0.531443,-0.444217],[-0.113928,0.541571,-0.832899],[0.683213,0.65136,0.330076]],[[0.721276,-0.531443,-0.444217],[-0.685908,-0.637271,-0.351306],[-0.096387,0.558081,-0.824169]],[[0.721276,-0.531443,-0.444217],[-0.456999,-0.847063,0.27136],[-0.520492,0.00728131,-0.853836]]],"btipPosition":[49.2866,205.927,19.1757],"carpPosition":[85.1448,232.324,51.4542],"dipPosition":[39.1302,206.069,2.51478],"direction":[0.096387,-0.558081,0.824169],"extended":false,"handId":385,"id":3853,"length":67.2873,"mcpPosition":[68.2218,252.609,-5.92739],"pipPosition":[36.3416,222.215,-21.3294],"stabilizedTipPosition":[69.7317,184.528,78.1077],"timeVisible":0.137417,"tipPosition":[49.3606,204.172,20.0205],"tipVelocity":[-231.958,139.523,-698.751],"tool":false,"touchDistance":0.333333,"touchZone":"none","type":3,"width":18.8424},{"bases":[[[0.645001,-0.698583,-0.309767],[0.753378,0.649218,0.104583],[0.128047,-0.300828,0.945043]],[[0.622605,-0.653037,-0.431168],[0.0158841,0.561421,-0.827378],[0.782375,0.508281,0.359916]],[[0.622605,-0.653037,-0.431168],[-0.781629,-0.492449,-0.382818],[0.0376659,0.575358,-0.817034]],[[0.622605,-0.653037,-0.431168],[-0.616654,-0.748649,0.24344],[-0.481769,0.114314,-0.86881]]],"btipPosition":[63.3363,206.226,9.05388],"carpPosition":[91.8125,221.215,45.2783],"dipPosition":[54.6637,208.284,-6.58612],"direction":[-0.0376659,-0.575358,0.817034],"extended":false,"handId":385,"id":3854,"length":52.752,"mcpPosition":[84.3248,238.807,-9.98436],"pipPosition":[55.4331,220.037,-23.2754],"stabilizedTipPosition":[83.1906,186.603,76.7053],"timeVisible":0.137417,"tipPosition":[62.1033,204.791,9.73554],"tipVelocity":[-225.495,164.245,-699.016],"tool":false,"touchDistance":0.333333,"touchZone":"none","type":4,"width":16.7373}],"r":[[0.990776,-0.0721017,0.114731],[0.101954,0.954375,-0.280666],[-0.0892602,0.289775,0.952923]],"s":1.05978,"t":[-19.9474,23.5272,-82.8069],"timestamp":261814556347},{"currentFrameRate":32.7722,"devices":[],"gestures":[],"hands":[{"armBasis":[[0.71726,-0.177029,-0.673942],[0.453723,0.852705,0.2589],[0.528841,-0.491482,0.691934]],"armWidth":65.7594,"confidence":0.683866,"direction":[-0.309595,0.479636,-0.821036],"elbow":[230.136,79.3741,250.47],"grabAngle":3.14159,"grabStrength":1,"id":385,"palmNormal":[-0.471784,-0.827165,-0.305316],"palmPosition":[51.6716,248.629,3.11828],"palmVelocity":[-212.135,125.249,-670.486],"palmWidth":91.7607,"pinchDistance":16.2245,"pinchStrength":0.790238,"r":[[0.989777,-0.0606598,0.12908],[0.0986872,0.944684,-0.312782],[-0.102967,0.322323,0.941013]],"s":1.04398,"sphereCenter":[27.6913,220.117,-22.4155],"sphereRadius":37.801,"stabilizedPalmPosition":[78.0542,222.135,100.748],"t":[-24.8855,27.0344,-97.4826],"timeVisible":0.158758,"type":"right","wrist":[86.1399,213.198,62.0656]}],"id":224375,"interactionBox":{"center":[0,200,0],"size":[235.247,235.247,147.751]},"pointables":[{"bases":[[[0.693773,0.715598,-0.0812322],[-0.332604,0.418401,0.845172],[0.638791,-0.559339,0.528286]],[[0.407735,0.871903,-0.271177],[-0.333503,0.41867,0.844684],[0.850016,-0.253969,0.461489]],[[0.407735,0.871903,-0.271177],[-0.766262,0.488241,0.417688],[0.496583,0.0374867,0.867179]],[[0.407735,0.871903,-0.271177],[-0.912531,0.399582,-0.0873013],[0.032239,0.283053,0.958562]]],"btipPosition":[-12.1325,226.148,-18.712],"carpPosition":[49.1283,221.616,58