{"frames":293,"data":[{"currentFrameRate":24.0162,"devices":[],"gestures":[],"hands":[],"id":224781,"interactionBox":{"center":[0,200,0],"size":[235.247,235.247,147.751]},"pointables":[],"r":[[-0.0794966,-0.728761,-0.680138],[0.446709,0.583909,-0.677865],[0.891141,-0.357712,0.279125]],"s":-5.62558,"t":[894.675,787.691,741.58],"timestamp":261829064758},{"currentFrameRate":24.0451,"devices":[],"gestures":[],"hands":[],"id":224782,"interactionBox":{"center":[0,200,0],"size":[235.247,235.247,147.751]},"pointables":[],"r":[[-0.0794966,-0.728761,-0.680138],[0.446709,0.583909,-0.677865],[0.891141,-0.357712,0.279125]],"s":-5.62558,"t":[894.675,787.691,741.58],"timestamp":261829106130},{"currentFrameRate":24.0868,"devices":[],"gestures":[],"hands":[],"id":224783,"interactionBox":{"center":[0,200,0],"size":[235.247,235.247,147.751]},"pointables":[],"r":[[-0.0794966,-0.728761,-0.680138],[0.446709,0.583909,-0.677865],[0.891141,-0.357712,0.279125]],"s":-5.62558,"t":[894.675,787.691,741.58],"timestamp":261829147335},{"currentFrameRate":24.1149,"devices":[],"gestures":[],"hands":[],"id":224784,"interactionBox":{"center":[0,200,0],"size":[235.247,235.247,147.751]},"pointables":[],"r":[[-0.0794966,-0.728761,-0.680138],[0.446709,0.583909,-0.677865],[0.891141,-0.357712,0.279125]],"s":-5.62558,"t":[894.675,787.691,741.58],"timestamp":261829188593},{"currentFrameRate":24.1207,"devices":[],"gestures":[],"hands":[],"id":224785,"interactionBox":{"center":[0,200,0],"size":[235.247,235.247,147.751]},"pointables":[],"r":[[-0.0794966,-0.728761,-0.680138],[0.446709,0.583909,-0.677865],[0.891141,-0.357712,0.279125]],"s":-5.62558,"t":[894.675,787.691,741.58],"timestamp":261829230008},{"currentFrameRate":24.0862,"devices":[],"gestures":[],"hands":[],"id":224786,"interactionBox":{"center":[0,200,0],"size":[235.247,235.247,147.751]},"pointables":[],"r":[[-0.0794966,-0.728761,-0.680138],[0.446709,0.583909,-0.677865],[0.891141,-0.357712,0.279125]],"s":-5.62558,"t":[894.675,787.691,741.58],"timestamp":261829271783},{"currentFrameRate":24.1839,"devices":[],"gestures":[],"hands":[],"id":224787,"interactionBox":{"center":[0,200,0],"size":[235.247,235.247,147.751]},"pointables":[],"r":[[-0.0794966,-0.728761,-0.680138],[0.446709,0.583909,-0.677865],[0.891141,-0.357712,0.279125]],"s":-5.62558,"t":[894.675,787.691,741.58],"timestamp":261829312404},{"currentFrameRate":24.2273,"devices":[],"gestures":[],"hands":[],"id":224788,"interactionBox":{"center":[0,200,0],"size":[235.247,235.247,147.751]},"pointables":[],"r":[[-0.0794966,-0.728761,-0.680138],[0.446709,0.583909,-0.677865],[0.891141,-0.357712,0.279125]],"s":-5.62558,"t":[894.675,787.691,741.58],"timestamp":261829353357},{"currentFrameRate":24.2246,"devices":[],"gestures":[],"hands":[],"id":224789,"interactionBox":{"center":[0,200,0],"size":[235.247,235.247,147.751]},"pointables":[],"r":[[-0.0794966,-0.728761,-0.680138],[0.446709,0.583909,-0.677865],[0.891141,-0.357712,0.279125]],"s":-5.62558,"t":[894.675,787.691,741.58],"timestamp":261829394658},{"currentFrameRate":24.2343,"devices":[],"gestures":[],"hands":[],"id":224790,"interactionBox":{"center":[0,200,0],"size":[235.247,235.247,147.751]},"pointables":[],"r":[[-0.0794966,-0.728761,-0.680138],[0.446709,0.583909,-0.677865],[0.891141,-0.357712,0.279125]],"s":-5.62558,"t":[894.675,787.691,741.58],"timestamp":261829435849},{"currentFrameRate":24.239,"devices":[],"gestures":[],"hands":[],"id":224791,"interactionBox":{"center":[0,200,0],"size":[235.247,235.247,147.751]},"pointables":[],"r":[[-0.0794966,-0.728761,-0.680138],[0.446709,0.583909,-0.677865],[0.891141,-0.357712,0.279125]],"s":-5.62558,"t":[894.675,787.691,741.58],"timestamp":261829477070},{"currentFrameRate":24.2376,"devices":[],"gestures":[],"hands":[],"id":224792,"interactionBox":{"center":[0,200,0],"size":[235.247,235.247,147.751]},"pointables":[],"r":[[-0.0794966,-0.728761,-0.680138],[0.446709,0.583909,-0.677865],[0.891141,-0.357712,0.279125]],"s":-5.62558,"t":[894.675,787.691,741.58],"timestamp":261829518339},{"currentFrameRate":24.2343,"devices":[],"gestures":[],"hands":[{"armBasis":[[0.612487,-0.494372,-0.616811],[0.711879,0.684178,0.158521],[0.34364,-0.536187,0.770983]],"armWidth":64.2597,"confidence":0,"direction":[-0.41544,0.773596,-0.478496],"elbow":[180.895,28.8309,326.488],"grabAngle":2.54542,"grabStrength":0,"id":387,"palmNormal":[-0.787235,-0.569318,-0.236936],"palmPosition":[49.3454,231.149,82.1031],"palmVelocity":[1.19209e-7,1.19209e-7,1.19209e-7],"palmWidth":91.7607,"pinchDistance":62.5892,"pinchStrength":0.53165,"r":[[1,-1.11022e-17,0],[1.11022e-17,1,-2.22045e-17],[2.46519e-34,2.22045e-17,1]],"s":1,"sphereCenter":[11.7781,228.92,66.6293],"sphereRadius":45.5988,"stabilizedPalmPosition":[49.3454,231.149,82.1031],"t":[0,0,0],"timeVisible":0,"type":"right","wrist":[87.3259,174.827,116.559]}],"id":224793,"interactionBox":{"center":[0,200,0],"size":[235.247,235.247,147.751]},"pointables":[{"bases":[[[0.379486,-0.144417,-0.913857],[0.706423,0.683076,0.185401],[0.597458,-0.715927,0.361237]],[[0.458803,-0.242471,-0.854814],[0.764814,0.597468,0.241023],[0.452282,-0.764356,0.459566]],[[0.458803,-0.242471,-0.854814],[0.764814,0.597468,0.241023],[0.452282,-0.764356,0.459566]],[[0.458803,-0.242471,-0.854814],[0.740553,0.63597,0.21708],[0.491,-0.732632,0.471348]]],"btipPosition":[-10.0002,323.291,52.6677],"carpPosition":[73.4071,205.803,118.704],"dipPosition":[-1.5401,310.668,60.7892],"direction":[-0.452282,0.764356,-0.459566],"extended":true,"handId":387,"id":3871,"length":59.3056,"mcpPosition":[29.0801,258.92,91.9024],"pipPosition":[9.48434,292.036,71.9911],"stabilizedTipPosition":[-8.05437,320.388,54.5356],"timeVisible":0,"tipPosition":[-8.05437,320.388,54.5356],"tipVelocity":[1.19209e-7,1.19209e-7,1.19209e-7],"tool":false,"touchDistance":1,"touchZone":"none","type":1,"width":19.5066},{"bases":[[[0.806434,0.548197,-0.221683],[0.147443,0.176638,0.97317],[0.572647,-0.817483,0.0616194]],[[0.663292,0.712216,-0.229767],[-0.0957817,0.385295,0.917809],[0.742206,-0.586768,0.32378]],[[0.663292,0.712216,-0.229767],[-0.327859,0.552549,0.766289],[0.67272,-0.432942,0.600008]],[[0.663292,0.712216,-0.229767],[-0.533052,0.665135,0.522925],[0.525262,-0.224375,0.820827]]],"btipPosition":[-14.231,238.212,69.769],"carpPosition":[58.6601,188.492,126.072],"dipPosition":[-1.83388,232.917,89.142],"direction":[-0.67272,0.432942,-0.600008],"extended":false,"handId":387,"id":3870,"length":52.5578,"mcpPosition":[58.6601,188.492,126.072],"pipPosition":[21.2972,218.03,109.773],"stabilizedTipPosition":[-11.3797,236.994,74.2248],"timeVisible":0,"tipPosition":[-11.3797,236.994,74.2248],"tipVelocity":[1.19209e-7,1.19209e-7,1.19209e-7],"tool":false,"touchDistance":1,"touchZone":"none","type":0,"width":20.4215},{"bases":[[[0.33069,-0.354132,-0.874777],[0.773356,0.632943,0.0361191],[0.540893,-0.688458,0.483178]],[[0.362529,-0.394777,-0.84423],[-0.265726,0.824467,-0.499644],[0.893287,0.40547,0.193991]],[[0.362529,-0.394777,-0.84423],[-0.912939,-0.332564,-0.236521],[-0.187388,0.856476,-0.480972]],[[0.362529,-0.394777,-0.84423],[-0.579112,-0.805165,0.127827],[-0.730207,0.442562,-0.520516]]],"btipPosition":[16.6604,201.408,87.8133],"carpPosition":[78.9265,205.627,107.581],"dipPosition":[2.82215,209.796,77.9489],"direction":[0.187388,-0.856476,0.480972],"extended":false,"handId":387,"id":3872,"length":67.574,"mcpPosition":[40.8699,254.066,73.5856],"pipPosition":[-2.55161,234.357,64.156],"stabilizedTipPosition":[13.4776,203.337,85.5445],"timeVisible":0,"tipPosition":[13.4776,203.337,85.5445],"tipVelocity":[1.19209e-7,1.19209e-7,1.19209e-7],"tool":false,"touchDistance":0.333333,"touchZone":"none","type":2,"width":19.1581},{"bases":[[[0.347437,-0.498284,-0.794356],[0.811854,0.583755,-0.0110879],[0.469234,-0.641049,0.607351]],[[0.318674,-0.458947,-0.829346],[-0.233508,0.809985,-0.537958],[0.918652,0.365092,0.150954]],[[0.318674,-0.458947,-0.829346],[-0.94076,-0.260065,-0.217569],[-0.115831,0.849549,-0.514635]],[[0.318674,-0.458947,-0.829346],[-0.651305,-0.741715,0.160191],[-0.688658,0.489108,-0.53528]]],"btipPosition":[28.4354,193.501,75.7246],"carpPosition":[83.2581,202.405,96.4299],"dipPosition":[15.4596,202.717,65.6387],"direction":[0.115831,-0.849549,0.514635],"extended":false,"handId":387,"id":3873,"length":64.9742,"mcpPosition":[53.6163,242.901,58.0632],"pipPosition":[12.2236,226.451,51.2615],"stabilizedTipPosition":[25.451,195.621,73.4048],"timeVisible":0,"tipPosition":[25.451,195.621,73.4048],"tipVelocity":[1.19209e-7,1.19209e-7,1.19209e-7],"tool":false,"touchDistance":0.333333,"touchZone":"none","type":3,"width":18.2302},{"bases":[[[0.26046,-0.658687,-0.705898],[0.894255,0.440203,-0.0808023],[0.363962,-0.610207,0.703689]],[[0.205793,-0.564756,-0.799187],[-0.14898,0.789067,-0.595968],[0.967189,0.241709,0.0782475]],[[0.205793,-0.564756,-0.799187],[-0.978057,-0.0916006,-0.187122],[0.0324722,0.820158,-0.571214]],[[0.205793,-0.564756,-0.799187],[-0.77178,-0.595775,0.222277],[-0.601668,0.571054,-0.558474]]],"btipPosition":[37.812,193.914,62.6754],"carpPosition":[83.7657,192.954,85.64],"dipPosition":[27.3534,203.841,52.9675],"direction":[-0.0324722,-0.820158,0.571214],"extended":false,"handId":387,"id":3874,"length":50.9386,"mcpPosition":[62.4826,228.637,44.4908],"pipPosition":[27.9939,220.018,41.7006],"stabilizedTipPosition":[35.4065,196.197,60.4426],"timeVisible":0,"tipPosition":[35.4065,196.197,60.4426],"tipVelocity":[1.19209e-7,1.19209e-7,1.19209e-7],"tool":false,"touchDistance":0.333333,"touchZone":"none","type":4,"width":16.1934}],"r":[[1,-1.11022e-17,0],[1.11022e-17,1,-2.22045e-17],[2.46519e-34,2.22045e-17,1]],"s":1,"t":[0,0,0],"timestamp":261829559627},{"currentFrameRate":24.2344,"devices":[],"gestures":[],"hands":[{"armBasis":[[0.690143,-0.440966,-0.573805],[0.576535,0.814266,0.0676667],[0.437391,-0.377518,0.816192]],"armWidth":65.7594,"confidence":0.214014,"direction":[-0.271558,0.702178,-0.658181],"elbow":[198.906,81.9182,324.847],"grabAngle":3.14159,"grabStrength":1,"id":387,"palmNormal":[-0.729127,-0.596485,-0.335528],"palmPosition":[49.1378,235.339,54.1004],"palmVelocity":[-5.0307,101.529,-678.638],"palmWidth":91.7607,"pinchDistance":22.6671,"pinchStrength":1,"r":[[0.998928,0.000138537,0.0462891],[0.00108428,0.999651,-0.0263908],[-0.0462766,0.0264127,0.998579]],"s":0.907032,"sphereCenter":[5.57009,237.396,43.1402],"sphereRadius":42.0264,"stabilizedPalmPosition":[49.3353,231.354,80.7353],"t":[-0.103791,2.0947,-14.0013],"timeVisible":0.041263,"type":"right","wrist":[79.8103,184.711,102.609]}],"id":224794,"interactionBox":{"center":[0,200,0],"size":[235.247,235.247,147.751]},"pointables":[{"bases":[[[0.851945,0.514085,-0.0995254],[-0.0735131,0.305611,0.949314],[0.518445,-0.801448,0.298156]],[[0.75002,0.644333,-0.149349],[-0.179791,0.41591,0.891456],[0.636511,-0.641758,0.427786]],[[0.75002,0.644333,-0.149349],[-0.482842,0.687704,0.542151],[0.452034,-0.334512,0.826902]],[[0.75002,0.644333,-0.149349],[-0.559562,0.738525,0.376127],[0.352649,-0.198532,0.914453]]],"btipPosition":[-9.89058,248.038,30.8862],"carpPosition":[46.8673,198.968,104.217],"dipPosition":[-1.27111,243.185,53.2373],"direction":[-0.452034,0.334512,-0.826902],"extended":false,"handId":387,"id":3870,"length":54.4289,"mcpPosition":[46.8673,198.968,104.217],"pipPosition":[14.8251,231.274,82.6821],"stabilizedTipPosition":[-11.0797,237.852,70.9242],"timeVisible":0.041263,"tipPosition":[-7.94913,242.777,33.4516],"tipVelocity":[84.1329,240.593,-925.716],"tool":false,"touchDistance":1,"touchZone":"none","type":0,"width":21.1074},{"bases":[[[0.573683,-0.265366,-0.774899],[0.665703,0.702252,0.252353],[0.477209,-0.660623,0.579525]],[[0.553431,-0.237784,-0.798231],[0.705023,0.644016,0.296962],[0.443461,-0.727119,0.524061]],[[0.553431,-0.237784,-0.798231],[-0.442899,0.727632,-0.523824],[0.705376,0.643437,0.29738]],[[0.553431,-0.237784,-0.798231],[-0.817758,0.0267609,-0.57494],[0.158073,0.970949,-0.179639]]],"btipPosition":[-12.5052,263.216,27.4373],"carpPosition":[63.4241,215.145,98.249],"dipPosition":[-9.68458,280.541,24.2318],"direction":[-0.705375,-0.643437,-0.29738],"extended":false,"handId":387,"id":3871,"length":61.4169,"mcpPosition":[28.0187,264.158,55.2525],"pipPosition":[8.12114,296.783,31.7386],"stabilizedTipPosition":[-11.4574,272.783,29.6218],"timeVisible":0.041263,"tipPosition":[-10.9867,270.452,25.2192],"tipVelocity":[-92.1426,-1288.99,-674.59],"tool":false,"touchDistance":1,"touchZone":"none","type":1,"width":20.1617},{"bases":[[[0.510933,-0.467981,-0.721069],[0.763422,0.632604,0.130377],[0.395138,-0.617094,0.680486]],[[0.533708,-0.504143,-0.678967],[-0.0584791,0.778952,-0.624351],[0.843645,0.372926,0.386251]],[[0.533708,-0.504143,-0.678967],[-0.843691,-0.372306,-0.386748],[-0.0578073,0.779249,-0.624043]],[[0.533708,-0.504143,-0.678967],[-0.570361,-0.807368,0.151146],[-0.624375,0.306589,-0.718442]]],"btipPosition":[15.0313,208.969,54.1303],"carpPosition":[71.3305,213.483,88.8191],"dipPosition":[2.77745,214.986,40.0303],"direction":[0.0578073,-0.779249,0.624043],"extended":false,"handId":387,"id":3872,"length":69.9797,"mcpPosition":[43.5291,256.901,40.9408],"pipPosition":[1.06068,238.128,21.4973],"stabilizedTipPosition":[13.4298,203.603,84.2344],"timeVisible":0.041263,"tipPosition":[12.5407,208.581,52.4603],"tipVelocity":[-30.649,170.016,-839.91],"tool":false,"touchDistance":0.333333,"touchZone":"none","type":2,"width":19.8015},{"bases":[[[0.504498,-0.600039,-0.620834],[0.810182,0.577559,0.100152],[0.298473,-0.553515,0.777518]],[[0.521488,-0.63215,-0.573093],[-0.000763553,0.671307,-0.741179],[0.853258,0.386954,0.349596]],[[0.521488,-0.63215,-0.573093],[-0.853259,-0.386419,-0.350186],[-0.0000840809,0.671615,-0.740901]],[[0.521488,-0.63215,-0.573093],[-0.615774,-0.743761,0.26008],[-0.590654,0.217268,-0.777124]]],"btipPosition":[30.8541,202.038,50.655],"carpPosition":[77.9957,208.798,79.4849],"dipPosition":[19.3286,206.278,35.4909],"direction":[0.0000840809,-0.671615,0.740901],"extended":false,"handId":387,"id":3873,"length":67.2873,"mcpPosition":[59.141,243.764,30.3686],"pipPosition":[19.3262,225.708,14.0557],"stabilizedTipPosition":[25.5933,196.003,72.048],"timeVisible":0.041263,"tipPosition":[27.1774,200.042,45.4715],"tipVelocity":[66.7004,179.152,-635.863],"tool":false,"touchDistance":0.333333,"touchZone":"none","type":3,"width":18.8424},{"bases":[[[0.394805,-0.747195,-0.534629],[0.901953,0.426014,0.0706665],[0.174957,-0.510109,0.842127]],[[0.425712,-0.849717,-0.311049],[0.209207,0.426868,-0.879782],[0.880342,0.30946,0.359489]],[[0.425712,-0.849717,-0.311049],[-0.867384,-0.285309,-0.40773],[0.25771,0.443374,-0.85849]],[[0.425712,-0.849717,-0.311049],[-0.800322,-0.513978,0.308726],[-0.422202,0.117511,-0.898853]]],"btipPosition":[40.2649,205.216,41.6289],"carpPosition":[80.6691,197.986,70.4318],"dipPosition":[32.6646,207.331,25.4481],"direction":[-0.25771,-0.443374,0.85849],"extended":false,"handId":387,"id":3874,"length":52.752,"mcpPosition":[70.4382,227.816,21.1873],"pipPosition":[37.9288,216.388,7.91202],"stabilizedTipPosition":[35.7199,197.155,58.1719],"timeVisible":0.041263,"tipPosition":[39.0704,201.088,35.9592],"tipVelocity":[75.378,230.353,-546.136],"tool":false,"touchDistance":0.333333,"touchZone":"none","type":4,"width":16.7373}],"r":[[0.998928,0.000138537,0.0462891],[0.00108428,0.999651,-0.0263908],[-0.0462766,0.0264127,0.998579]],"s":0.907032,"t":[-0.103791,2.0947,-14.0013],"timestamp":261829600890},{"currentFrameRate":25.2532,"devices":[],"gestures":[],"hands":[{"armBasis":[[0.636572,-0.454874,-0.622788],[0.600986,0.79866,0.0309598],[0.483313,-0.393995,0.781777]],"armWidth":65.7594,"confidence":0.368625,"direction":[-0.195741,0.637161,-0.74546],"elbow":[204.704,86.8065,297.051],"grabAngle":3.14159,"grabStrength":1,"id":387,"palmNormal":[-0.723893,-0.606696,-0.328479],"palmPosition":[46.6738,241.233,29.6749],"palmVelocity":[-76.5999,183.225,-759.335],"palmWidth":91.7607,"pinchDistance":17.3755,"pinchStrength":0.972554,"r":[[0.995112,-0.00365962,0.0986801],[0.0103943,0.997643,-0.0678199],[-0.0981994,0.0685141,0.992805]],"s":0.769251,"sphereCenter":[14.6252,220.828,0.159829],"sphereRadius":39.8456,"stabilizedPalmPosition":[49.192,231.886,77.9873],"t":[-1.38768,6.08894,-33.2147],"timeVisible":0.07343,"type":"right","wrist":[73.1046,194.086,84.1829]}],"id":224795,"interactionBox":{"center":[0,200,0],"size":[235.247,235.247,147.751]},"pointables":[{"bases":[[[0.875485,0.475702,-0.0850505],[-0.132295,0.40521,0.904601],[0.464783,-0.780713,0.417688]],[[0.744667,0.642956,-0.179103],[-0.189326,0.460809,0.86707],[0.64002,-0.61177,0.464877]],[[0.744667,0.642956,-0.179103],[-0.434785,0.6709,0.600712],[0.506391,-0.369459,0.779146]],[[0.744667,0.642956,-0.179103],[-0.577612,0.755267,0.309736],[0.334417,-0.127198,0.933802]]],"btipPosition":[-19.0802,257.444,8.94223],"carpPosition":[39.3443,210.383,82.9126],"dipPosition":[-10.9064,254.335,31.7663],"direction":[-0.506391,0.369459,-0.779146],"extended":false,"handId":387,"id":3870,"length":54.4289,"mcpPosition":[39.3443,210.383,82.9126],"pipPosition":[7.12544,241.179,59.5105],"stabilizedTipPosition":[-11.9092,240.41,63.2359],"timeVisible":0.07343,"tipPosition":[-13.0414,252.665,9.37406],"tipVelocity":[-288.872,304.89,-678.808],"tool":false,"touchDistance":1,"touchZone":"none","type":0,"width":21.1074},{"bases":[[[0.619305,-0.361609,-0.696922],[0.670783,0.704998,0.230278],[0.408058,-0.610096,0.67917]],[[0.681559,-0.463531,-0.566229],[0.208264,0.864661,-0.457152],[0.7015,0.193651,0.685855]],[[0.681559,-0.463531,-0.566229],[-0.701334,-0.192962,-0.686219],[0.208823,0.864815,-0.456605]],[[0.681559,-0.463531,-0.566229],[-0.543723,-0.838652,0.0320743],[-0.489737,0.286012,-0.823623]]],"btipPosition":[-1.39554,234.997,21.6877],"carpPosition":[56.8874,225.356,76.6281],"dipPosition":[-10.1343,240.101,6.99122],"direction":[-0.208823,-0.864815,0.456605],"extended":false,"handId":387,"id":3871,"length":61.4169,"mcpPosition":[26.6125,270.62,26.2386],"pipPosition":[-4.86298,261.931,-4.53481],"stabilizedTipPosition":[-3.9987,238.869,19.1411],"timeVisible":0.07343,"tipPosition":[-4.21394,241.067,15.0795],"tipVelocity":[262.723,-964.625,-260.904],"tool":false,"touchDistance":0.333333,"touchZone":"none","type":1,"width":20.1617},{"bases":[[[0.545254,-0.555561,-0.627734],[0.774623,0.620148,0.123995],[0.320401,-0.553866,0.768489]],[[0.563485,-0.587774,-0.580522],[-0.00108638,0.702177,-0.712002],[0.826125,0.401833,0.395028]],[[0.563485,-0.587774,-0.580522],[-0.826126,-0.401274,-0.395595],[-0.000428513,0.702496,-0.711687]],[[0.563485,-0.587774,-0.580522],[-0.61619,-0.767089,0.178564],[-0.550268,0.257093,-0.794423]]],"btipPosition":[12.0867,215.319,30.8305],"carpPosition":[65.4041,222.486,68.0589],"dipPosition":[1.28726,220.365,15.2393],"direction":[0.000428513,-0.702496,0.711687],"extended":false,"handId":387,"id":3872,"length":69.9797,"mcpPosition":[42.861,261.456,13.9888],"pipPosition":[1.27453,241.228,-5.89653],"stabilizedTipPosition":[13.3457,203.886,82.9824],"timeVisible":0.07343,"tipPosition":[9.35321,215.612,27.8807],"tipVelocity":[-81.1422,190.47,-735],"tool":false,"touchDistance":0.333333,"touchZone":"none","type":2,"width":19.8015},{"bases":[[[0.526504,-0.67617,-0.515351],[0.821419,0.560899,0.103264],[0.219236,-0.477688,0.850735]],[[0.538703,-0.703597,-0.463411],[0.0882775,0.594157,-0.79949],[0.837858,0.389779,0.382186]],[[0.538703,-0.703597,-0.463411],[-0.837787,-0.389306,-0.382823],[0.0889447,0.594467,-0.799185]],[[0.538703,-0.703597,-0.463411],[-0.682968,-0.686772,0.248795],[-0.493309,0.182468,-0.850501]]],"btipPosition":[26.6716,207.887,27.939],"carpPosition":[72.5644,216.658,59.7968],"dipPosition":[17.0456,211.448,11.3432],"direction":[-0.0889447,-0.594467,0.799185],"extended":false,"handId":387,"id":3873,"length":67.2873,"mcpPosition":[58.7151,246.834,6.0554],"pipPosition":[19.6189,228.646,-11.7782],"stabilizedTipPosition":[25.5614,196.36,70.7028],"timeVisible":0.07343,"tipPosition":[24.1354,206.031,23.0716],"tipVelocity":[-116.443,176.98,-716.425],"tool":false,"touchDistance":0.333333,"touchZone":"none","type":3,"width":18.8424},{"bases":[[[0.405332,-0.810232,-0.423355],[0.90943,0.404481,0.096603],[0.0929682,-0.424168,0.900799]],[[0.415695,-0.890695,-0.184013],[0.312327,0.329818,-0.890883],[0.854195,0.312863,0.415292]],[[0.415695,-0.890695,-0.184013],[-0.853946,-0.3126,-0.416001],[0.313007,0.330067,-0.890552]],[[0.415695,-0.890695,-0.184013],[-0.841584,-0.453414,0.293518],[-0.344869,0.0328489,-0.938076]]],"btipPosition":[38.3324,210.802,19.1954],"carpPosition":[75.4982,204.886,52.1289],"dipPosition":[32.1242,211.394,2.30849],"direction":[-0.313007,-0.330067,0.890552],"extended":false,"handId":387,"id":3874,"length":52.752,"mcpPosition":[70.0617,229.689,-0.546554],"pipPosition":[38.5179,218.136,-15.8825],"stabilizedTipPosition":[35.7608,197.631,56.6938],"timeVisible":0.07343,"tipPosition":[36.7265,205.935,14.4568],"tipVelocity":[-50.1251,162.773,-702.457],"tool":false,"touchDistance":0.333333,"touchZone":"none","type":4,"width":16.7373}],"r":[[0.995112,-0.00365962,0.0986801],[0.0103943,0.997643,-0.0678199],[-0.0981994,0.0685141,0.992805]],"s":0.769251,"t":[-1.38768,6.08894,-33.2147],"timestamp":261829633057},{"currentFrameRate":27.4728,"devices":[],"gestures":[],"hands":[{"armBasis":[[0.600091,-0.443375,-0.665815],[0.605348,0.795807,0.015654],[0.522919,-0.412444,0.745953]],"armWidth":65.7594,"confidence":0.460532,"direction":[-0.171044,0.568543,-0.804676],"elbow":[209.974,91.3283,272.3],"grabAngle":3.14159,"grabStrength":1,"id":387,"palmNormal":[-0.703873,-0.641995,-0.303984],"palmPosition":[42.2034,246.643,10.7439],"palmVelocity":[-211.866,256.412,-897.203],"palmWidth":91.7607,"pinchDistance":22.9376,"pinchStrength":0.690734,"r":[[0.988919,-0.000620059,0.148452],[0.0182513,0.992913,-0.117435],[-0.147327,0.118843,0.981922]],"s":0.668989,"sphereCenter":[10.3147,226.429,-15.4216],"sphereRadius":38.6434,"stabilizedPalmPosition":[48.9156,232.469,75.3276],"t":[-4.26482,10.7912,-52.2869],"timeVisible":0.09453,"type":"right","wrist":[67.5901,203.631,69.1864]}],"id":224796,"interactionBox":{"center":[0,200,0],"size":[235.247,235.247,147.751]},"pointables":[{"bases":[[[0.873609,0.478167,-0.0903463],[-0.173311,0.479208,0.86042],[0.45472,-0.736013,0.501513]],[[0.712592,0.664072,-0.226319],[-0.202425,0.503477,0.839961],[0.671741,-0.552737,0.493198]],[[0.712592,0.664072,-0.226319],[-0.455232,0.683115,0.571068],[0.533832,-0.303911,0.789089]],[[0.712592,0.664072,-0.226319],[-0.616862,0.746719,0.248782],[0.334205,-0.0376725,0.941747]]],"btipPosition":[-28.0056,259.926,-9.84795],"carpPosition":[32.9878,220.359,66.0964],"dipPosition":[-19.8369,259.005,13.1703],"direction":[-0.533832,0.303911,-0.789089],"extended":false,"handId":387,"id":3870,"length":54.4289,"mcpPosition":[32.9878,220.359,66.0964],"pipPosition":[-0.827955,248.184,41.2686],"stabilizedTipPosition":[-13.2167,242.186,57.0016],"timeVisible":0.09453,"tipPosition":[-19.7631,256.869,-10.1714],"tipVelocity":[-423.058,141.474,-888.413],"tool":false,"touchDistance":0.97972,"touchZone":"hovering","type":0,"width":21.1074},{"bases":[[[0.650919,-0.411633,-0.637858],[0.653902,0.730844,0.195651],[0.385638,-0.544449,0.744888]],[[0.719994,-0.52167,-0.457678],[0.0546217,0.70005,-0.712002],[0.691828,0.487638,0.532526]],[[0.719994,-0.52167,-0.457678],[-0.687749,-0.448186,-0.571078],[0.0927895,0.72594,-0.681469]],[[0.719994,-0.52167,-0.457678],[-0.539458,-0.835593,0.103779],[-0.436571,0.172178,-0.883041]]],"btipPosition":[-3.57601,232.087,13.0592],"carpPosition":[50.6292,234.969,59.2592],"dipPosition":[-11.3661,235.159,-2.69756],"direction":[-0.0927895,-0.72594,0.681469],"extended":false,"handId":387,"id":3871,"length":61.4169,"mcpPosition":[22.0177,275.363,3.99394],"pipPosition":[-9.02379,253.484,-19.8998],"stabilizedTipPosition":[-4.73978,235.58,13.887],"timeVisible":0.09453,"tipPosition":[-6.61342,238.286,2.31711],"tipVelocity":[-92.9986,-160.094,-420.494],"tool":false,"touchDistance":0.333333,"touchZone":"none","type":1,"width":20.1617},{"bases":[[[0.57596,-0.599925,-0.555302],[0.762841,0.638601,0.101303],[0.293842,-0.481954,0.825456]],[[0.592544,-0.627745,-0.504805],[-0.00959594,0.621123,-0.783655],[0.805481,0.469194,0.362019]],[[0.592544,-0.627745,-0.504805],[-0.805488,-0.468699,-0.362642],[-0.00895451,0.621496,-0.783366]],[[0.592544,-0.627745,-0.504805],[-0.600479,-0.761936,0.242651],[-0.536952,0.159343,-0.828428]]],"btipPosition":[9.10102,220.197,14.5383],"carpPosition":[59.5186,231.491,51.3171],"dipPosition":[-1.43712,223.324,-1.72025],"direction":[0.00895451,-0.621496,0.783366],"extended":false,"handId":387,"id":3872,"length":69.9797,"mcpPosition":[38.8442,265.401,-6.76109],"pipPosition":[-1.70305,241.782,-24.9848],"stabilizedTipPosition":[13.2625,204.098,82.081],"timeVisible":0.09453,"tipPosition":[5.42863,220.533,9.81003],"tipVelocity":[-138.654,210.277,-779.416],"tool":false,"touchDistance":0.333333,"touchZone":"none","type":2,"width":19.8015},{"bases":[[[0.553768,-0.710731,-0.433823],[0.81102,0.578418,0.0876329],[0.188647,-0.400367,0.896726]],[[0.564083,-0.73346,-0.379271],[0.0972138,0.515119,-0.851588],[0.819975,0.443496,0.361872]],[[0.564083,-0.73346,-0.379271],[-0.819898,-0.443086,-0.36255],[0.0978668,0.515472,-0.8513]],[[0.564083,-0.73346,-0.379271],[-0.682978,-0.672584,0.284908],[-0.46406,0.0983216,-0.88033]]],"btipPosition":[23.1138,212.839,12.1548],"carpPosition":[67.0687,225.073,43.8802],"dipPosition":[14.0586,214.757,-5.02313],"direction":[-0.0978668,-0.515472,0.8513],"extended":false,"handId":387,"id":3873,"length":67.2873,"mcpPosition":[55.1518,250.365,-12.7665],"pipPosition":[16.89,229.67,-29.6522],"stabilizedTipPosition":[25.4851,196.645,69.6498],"timeVisible":0.09453,"tipPosition":[20.3524,210.908,6.43277],"tipVelocity":[-162.394,216.763,-754.413],"tool":false,"touchDistance":0.333333,"touchZone":"none","type":3,"width":18.8424},{"bases":[[[0.430213,-0.838029,-0.335597],[0.900737,0.423173,0.097968],[0.0599153,-0.344431,0.936898]],[[0.43405,-0.885473,-0.165945],[0.298571,0.315182,-0.900842],[0.849974,0.341464,0.401181]],[[0.43405,-0.885473,-0.165945],[-0.849736,-0.341213,-0.401898],[0.299248,0.315454,-0.900522]],[[0.43405,-0.885473,-0.165945],[-0.836089,-0.464534,0.291827],[-0.335492,0.0120778,-0.941966]]],"btipPosition":[35.4642,213.599,3.12588],"carpPosition":[70.4291,212.728,37.3755],"dipPosition":[29.4248,213.816,-13.831],"direction":[-0.299248,-0.315454,0.900522],"extended":false,"handId":387,"id":3874,"length":52.752,"mcpPosition":[66.9254,232.869,-17.4108],"pipPosition":[35.5375,220.26,-32.2257],"stabilizedTipPosition":[35.7379,197.848,55.9121],"timeVisible":0.09453,"tipPosition":[33.3218,210.43,-1.66778],"tipVelocity":[-134.091,128.446,-762.351],"tool":false,"touchDistance":0.333333,"touchZone":"none","type":4,"width":16.7373}],"r":[[0.988919,-0.000620059,0.148452],[0.0182513,0.992913,-0.117435],[-0.147327,0.118843,0.981922]],"s":0.668989,"t":[-4.26482,10.7912,-52.2869],"timestamp":261829654157},{"currentFrameRate":30.9166,"devices":[],"gestures":[],"hands":[{"armBasis":[[0.601091,-0.416965,-0.681784],[0.594661,0.803299,0.0329979],[0.533918,-0.425265,0.730809]],"armWidth":65.7594,"confidence":0.503757,"direction":[-0.175238,0.53011,-0.829624],"elbow":[210.708,93.2114,260.679],"grabAngle":3.14159,"grabStrength":1,"id":387,"palmNormal":[-0.67616,-0.677299,-0.289955],"palmPosition":[39.467,249.45,1.59236],"palmVelocity":[-255.861,262.483,-855.685],"palmWidth":91.7607,"pinchDistance":23.8344,"pinchStrength":0.593884,"r":[[0.981487,0.0117728,0.191169],[0.0201955,0.986184,-0.164419],[-0.190463,0.165235,0.967688]],"s":0.604023,"sphereCenter":[8.25993,228.539,-23.1219],"sphereRadius":38.4506,"stabilizedPalmPosition":[48.7507,232.766,74.0405],"t":[-7.0716,14.546,-66.3988],"timeVisible":0.105225,"type":"right","wrist":[65.3291,209.005,61.6889]}],"id":224797,"interactionBox":{"center":[0,200,0],"size":[235.247,235.247,147.751]},"pointables":[{"bases":[[[0.858541,0.503954,-0.0945382],[-0.205141,0.506578,0.837434],[0.469919,-0.699578,0.5383]],[[0.685487,0.685087,-0.246501],[-0.216121,0.514761,0.829646],[0.695269,-0.515438,0.500924]],[[0.685487,0.685087,-0.246501],[-0.490381,0.684678,0.539205],[0.538176,-0.248739,0.805292]],[[0.685487,0.685087,-0.246501],[-0.658604,0.72779,0.191215],[0.3104,0.0312711,0.950092]]],"btipPosition":[-31.6268,259.111,-19.3251],"carpPosition":[30.1238,225.071,57.789],"dipPosition":[-24.04,259.876,3.89708],"direction":[-0.538176,0.248739,-0.805292],"extended":false,"handId":387,"id":3870,"length":54.4289,"mcpPosition":[30.1238,225.071,57.789],"pipPosition":[-4.87632,251.019,32.5723],"stabilizedTipPosition":[-13.8486,242.834,54.3099],"timeVisible":0.105225,"tipPosition":[-23.1708,256.969,-20.0812],"tipVelocity":[-351.101,-39.9335,-881.745],"tool":false,"touchDistance":0.773627,"touchZone":"hovering","type":0,"width":21.1074},{"bases":[[[0.676029,-0.413899,-0.60965],[0.62523,0.760032,0.177311],[0.389964,-0.501039,0.772585]],[[0.74085,-0.506551,-0.441075],[-0.0376641,0.624319,-0.780261],[0.670613,0.594669,0.443448]],[[0.74085,-0.506551,-0.441075],[-0.67167,-0.558499,-0.486763],[0.000231009,0.656875,-0.753999]],[[0.74085,-0.506551,-0.441075],[-0.489667,-0.856815,0.161539],[-0.459747,0.0963036,-0.882813]]],"btipPosition":[-3.43783,232.189,8.24189],"carpPosition":[47.3865,239.998,50.6733],"dipPosition":[-11.6414,233.908,-7.51078],"direction":[-0.000231009,-0.656875,0.753999],"extended":false,"handId":387,"id":3871,"length":61.4169,"mcpPosition":[18.454,277.171,-6.64693],"pipPosition":[-11.6356,250.489,-26.5439],"stabilizedTipPosition":[-4.86904,234.918,11.8387],"timeVisible":0.105225,"tipPosition":[-7.94442,237.385,-4.18676],"tipVelocity":[4.02683,-19.5005,-450.336],"tool":false,"touchDistance":0.333333,"touchZone":"none","type":1,"width":20.1617},{"bases":[[[0.605941,-0.601247,-0.5209],[0.73893,0.667931,0.0886085],[0.29465,-0.4386,0.849006]],[[0.622519,-0.626466,-0.469053],[-0.0401766,0.572976,-0.818587],[0.781573,0.528431,0.331519]],[[0.622519,-0.626466,-0.469053],[-0.781605,-0.527974,-0.332171],[-0.0395542,0.573397,-0.818322]],[[0.622519,-0.626466,-0.469053],[-0.564022,-0.774635,0.28604],[-0.54254,0.0864909,-0.835566]]],"btipPosition":[8.28004,222.048,7.30758],"carpPosition":[56.5325,236.516,43.0298],"dipPosition":[-2.36775,223.746,-9.09111],"direction":[0.0395542,-0.573397,0.818322],"extended":false,"handId":387,"id":3872,"length":69.9797,"mcpPosition":[35.8013,267.375,-16.7054],"pipPosition":[-3.54244,240.775,-33.3938],"stabilizedTipPosition":[13.2271,204.185,81.7077],"timeVisible":0.105225,"tipPosition":[3.85015,222.115,1.34001],"tipVelocity":[-79.1209,142.338,-679.101],"tool":false,"touchDistance":0.333333,"touchZone":"none","type":2,"width":19.8015},{"bases":[[[0.585257,-0.707867,-0.395472],[0.789349,0.608945,0.0781854],[0.185476,-0.357924,0.915144]],[[0.595326,-0.728056,-0.339885],[0.0775829,0.473124,-0.877573],[0.79973,0.496073,0.338148]],[[0.595326,-0.728056,-0.339885],[-0.799668,-0.495696,-0.338846],[0.0782197,0.473519,-0.877303]],[[0.595326,-0.728056,-0.339885],[-0.654899,-0.684758,0.319709],[-0.465505,0.0322591,-0.884457]]],"btipPosition":[22.2166,215.206,5.03701],"carpPosition":[64.4299,230.073,35.986],"dipPosition":[13.1332,215.836,-12.2215],"direction":[-0.0782197,-0.473519,0.877303],"extended":false,"handId":387,"id":3873,"length":67.2873,"mcpPosition":[52.7133,252.683,-21.8242],"pipPosition":[15.3962,229.535,-37.6029],"stabilizedTipPosition":[25.4474,196.776,69.1668],"timeVisible":0.105225,"tipPosition":[19.0055,213.033,-1.44876],"tipVelocity":[-84.4963,193.686,-667.257],"tool":false,"touchDistance":0.333333,"touchZone":"none","type":3,"width":18.8424},{"bases":[[[0.464268,-0.835355,-0.294342],[0.884034,0.457403,0.0962648],[0.0542176,-0.304901,0.95084]],[[0.466374,-0.849349,-0.247188],[0.232591,0.387348,-0.892111],[0.853462,0.358564,0.3782]],[[0.466374,-0.849349,-0.247188],[-0.853276,-0.358255,-0.37891],[0.233271,0.387634,-0.89181]],[[0.466374,-0.849349,-0.247188],[-0.796188,-0.524812,0.301093],[-0.38546,0.0563867,-0.921]]],"btipPosition":[35.8096,213.259,-4.73191],"carpPosition":[68.3228,217.603,30.0397],"dipPosition":[28.8707,214.274,-21.3114],"direction":[-0.233271,-0.387634,0.89181],"extended":false,"handId":387,"id":3874,"length":52.752,"mcpPosition":[65.1524,235.433,-25.5619],"pipPosition":[33.6356,222.192,-39.5281],"stabilizedTipPosition":[35.7313,197.916,55.6327],"timeVisible":0.105225,"tipPosition":[32.3781,212.648,-9.35696],"tipVelocity":[12.947,-14.6371,-726.6],"tool":false,"touchDistance":0.333333,"touchZone":"none","type":4,"width":16.7373}],"r":[[0.981487,0.0117728,0.191169],[0.0201955,0.986184,-0.164419],[-0.190463,0.165235,0.967688]],"s":0.604023,"t":[-7.0716,14.546,-66.3988],"timestamp":261829664852},{"currentFrameRate":34.1744,"devices":[],"gestures":[],"hands":[{"armBasis":[[0.608468,-0.387514,-0.692532],[0.582057,0.81111,0.0575374],[0.539423,-0.438103,0.719089]],"armWidth":65.7594,"confidence":0.544717,"direction":[-0.18306,0.5032,-0.844559],"elbow":[210.308,94.5117,250.11],"grabAngle":3.14159,"grabStrength":1,"id":387,"palmNormal":[-0.649504,-0.706793,-0.280336],"palmPosition":[36.9412,252.393,-6.74738],"palmVelocity":[-235.461,274.358,-777.454],"palmWidth":91.7607,"pinchDistance":23.748,"pinchStrength":0.53053,"r":[[0.973484,0.0308642,0.226663],[0.0170692,0.978293,-0.206522],[-0.228117,0.204914,0.951826]],"s":0.561005,"sphereCenter":[6.64437,230.52,-30.7336],"sphereRadius":38.4237,"stabilizedPalmPosition":[48.5633,233.077,72.759],"t":[-9.73788,17.8949,-77.6246],"timeVisible":0.115952,"type":"right","wrist":[63.4306,213.801,54.3115]}],"id":224798,"interactionBox":{"center":[0,200,0],"size":[235.247,235.247,147.751]},"pointables":[{"bases":[[[0.842179,0.530284,-0.0976409],[-0.232024,0.519871,0.822131],[0.486723,-0.669726,0.560863]],[[0.655863,0.707783,-0.262464],[-0.230045,0.518552,0.823519],[0.718974,-0.479737,0.502921]],[[0.655863,0.707783,-0.262464],[-0.527824,0.678545,0.51086],[0.539672,-0.19652,0.818617]],[[0.655863,0.707783,-0.262464],[-0.698898,0.700737,0.143212],[0.285281,0.0895082,0.954255]]],"btipPosition":[-34.6294,258.068,-27.8544],"carpPosition":[27.7537,229.108,49.9365],"dipPosition":[-27.6566,260.256,-4.53042],"direction":[-0.539672,0.19652,-0.818617],"extended":false,"handId":387,"id":3870,"length":54.4289,"mcpPosition":[27.7537,229.108,49.9365],"pipPosition":[-8.43967,253.258,24.6193],"stabilizedTipPosition":[-14.4257,243.308,51.9989],"timeVisible":0.115952,"tipPosition":[-26.2605,257.356,-28.7331],"tipVelocity":[-293.081,-66.7713,-792.939],"tool":false,"touchDistance":0.60201,"touchZone":"hovering","type":0,"width":21.1074},{"bases":[[[0.69678,-0.405679,-0.591542],[0.597167,0.784943,0.165093],[0.397352,-0.468283,0.789191]],[[0.757815,-0.484649,-0.436844],[-0.110763,0.564248,-0.818141],[0.643,0.668385,0.373915]],[[0.757815,-0.484649,-0.436844],[-0.646938,-0.645123,-0.406555],[-0.0847816,0.590704,-0.802422]],[[0.757815,-0.484649,-0.436844],[-0.432555,-0.874421,0.219736],[-0.48848,0.0224396,-0.872286]]],"btipPosition":[-2.88635,233.873,3.13104],"carpPosition":[44.5884,244.431,42.6401],"dipPosition":[-11.6027,234.273,-12.4338],"direction":[0.0847816,-0.590704,0.802422],"extended":false,"handId":387,"id":3871,"length":61.4169,"mcpPosition":[15.1078,279.174,-15.9122],"pipPosition":[-13.7428,249.184,-32.6892],"stabilizedTipPosition":[-4.87252,234.768,9.90204],"timeVisible":0.115952,"tipPosition":[-8.86469,237.585,-10.0788],"tipVelocity":[40.4173,128.666,-472.42],"tool":false,"touchDistance":0.333333,"touchZone":"none","type":1,"width":20.1617},{"bases":[[[0.631978,-0.593045,-0.4989],[0.714948,0.694586,0.0799958],[0.299088,-0.407243,0.86296]],[[0.642357,-0.607352,-0.467442],[-0.0794845,0.553832,-0.828826],[0.762273,0.569557,0.307482]],[[0.642357,-0.607352,-0.467442],[-0.762336,-0.569115,-0.308142],[-0.0788774,0.554285,-0.828581]],[[0.642357,-0.607352,-0.467442],[-0.524588,-0.793079,0.309568],[-0.558735,0.0463609,-0.828049]]],"btipPosition":[7.82927,223.684,-0.148675],"carpPosition":[53.9368,241.073,35.1881],"dipPosition":[-3.13638,224.594,-16.3998],"direction":[0.0788774,-0.554285,0.828581],"extended":false,"handId":387,"id":3872,"length":69.9797,"mcpPosition":[32.8933,269.726,-25.5288],"pipPosition":[-5.4789,241.055,-41.0072],"stabilizedTipPosition":[13.1999,204.253,81.4127],"timeVisible":0.115952,"tipPosition":[2.51606,223.87,-6.47867],"tipVelocity":[-48.8374,135.599,-691.929],"tool":false,"touchDistance":0.333333,"touchZone":"none","type":2,"width":19.8015},{"bases":[[[0.613397,-0.697173,-0.371072],[0.767443,0.637105,0.0716157],[0.186483,-0.328705,0.925838]],[[0.622158,-0.713122,-0.323072],[0.0577074,0.453316,-0.88948],[0.780762,0.534754,0.323187]],[[0.622158,-0.713122,-0.323072],[-0.780716,-0.534393,-0.323895],[0.0583291,0.453742,-0.889222]],[[0.622158,-0.713122,-0.323072],[-0.627551,-0.700994,0.338803],[-0.46808,-0.00804447,-0.88365]]],"btipPosition":[21.3636,217.571,-2.20114],"carpPosition":[62.1297,234.729,28.3962],"dipPosition":[12.2299,217.414,-19.4438],"direction":[-0.0583291,-0.453742,0.889222],"extended":false,"handId":387,"id":3873,"length":67.2873,"mcpPosition":[50.3495,255.494,-30.0895],"pipPosition":[13.9175,230.541,-45.1701],"stabilizedTipPosition":[25.4108,196.899,68.721],"timeVisible":0.115952,"tipPosition":[17.8197,215.34,-8.97083],"tipVelocity":[-80.5968,203.549,-674.422],"tool":false,"touchDistance":0.333333,"touchZone":"none","type":3,"width":18.8424},{"bases":[[[0.495565,-0.826152,-0.26812],[0.866946,0.489353,0.0945411],[0.0531003,-0.279297,0.958735]],[[0.494123,-0.819093,-0.291427],[0.192005,0.429743,-0.882301],[0.847925,0.38001,0.369616]],[[0.494123,-0.819093,-0.291427],[-0.847772,-0.379667,-0.370318],[0.19268,0.430046,-0.882006]],[[0.494123,-0.819093,-0.291427],[-0.766333,-0.568655,0.29894],[-0.410581,0.0756168,-0.908683]]],"btipPosition":[35.5482,214.409,-12.53],"carpPosition":[66.5103,222.256,22.8083],"dipPosition":[28.157,215.771,-28.8878],"direction":[-0.19268,-0.430046,0.882006],"extended":false,"handId":387,"id":3874,"length":52.752,"mcpPosition":[63.4052,238.588,-33.255],"pipPosition":[32.0929,224.555,-46.9043],"stabilizedTipPosition":[35.7256,197.967,55.4161],"timeVisible":0.115952,"tipPosition":[31.4747,215.075,-16.7945],"tipVelocity":[-34.0653,114.7,-722.206],"tool":false,"touchDistance":0.333333,"touchZone":"none","type":4,"width":16.7373}],"r":[[0.973484,0.0308642,0.226663],[0.0170692,0.978293,-0.206522],[-0.228117,0.204914,0.951826]],"s":0.561005,"t":[-9.73788,17.8949,-77.6246],"timestamp":261829675579},{"currentFrameRate":37.2539,"devices":[],"gestures":[],"hands":[{"armBasis":[[0.612373,-0.375558,-0.695669],[0.57792,0.813105,0.0697672],[0.539451,-0.444765,0.714967]],"armWidth":65.7594,"confidence":0.583375,"direction":[-0.190631,0.487908,-0.851825],"elbow":[208.403,95.8008,241.543],"grabAngle":3.14159,"grabStrength":1,"id":387,"palmNormal":[-0.637887,-0.721137,-0.270299],"palmPosition":[34.5246,254.458,-14.6259],"palmVelocity":[-224.431,191.716,-731.662],"palmWidth":91.7607,"pinchDistance":23.1039,"pinchStrength":0.489426,"r":[[0.965822,0.0510664,0.254125],[0.0126085,0.969985,-0.242838],[-0.258898,0.237743,0.936189]],"s":0.533775,"sphereCenter":[5.61971,231.16,-38.7735],"sphereRadius":38.6931,"stabilizedPalmPosition":[48.3718,233.369,71.5664],"t":[-12.2794,20.6015,-87.1768],"timeVisible":0.12672,"type":"right","wrist":[61.5178,216.904,46.867]}],"id":224799,"interactionBox":{"center":[0,200,0],"size":[235.247,235.247,147.751]},"pointables":[{"bases":[[[0.833599,0.542296,-0.105012],[-0.240839,0.52792,0.814431],[0.4971,-0.653618,0.57068]],[[0.633977,0.720944,-0.279845],[-0.232628,0.52288,0.820049],[0.737535,-0.454792,0.499205]],[[0.633977,0.720944,-0.279845],[-0.551936,0.67527,0.489262],[0.541701,-0.155724,0.826021]],[[0.633977,0.720944,-0.279845],[-0.727357,0.678796,0.100935],[0.262726,0.139557,0.954725]]],"btipPosition":[-37.1592,256.879,-35.4929],"carpPosition":[25.6793,231.85,42.3861],"dipPosition":[-30.7377,260.29,-12.1574],"direction":[-0.541701,0.155724,-0.826021],"extended":false,"handId":387,"id":3870,"length":54.4289,"mcpPosition":[25.6793,231.85,42.3861],"pipPosition