{"frames":224,"data":[{"currentFrameRate":24.2841,"devices":[],"gestures":[],"hands":[],"id":225451,"interactionBox":{"center":[0,200,0],"size":[235.247,235.247,147.751]},"pointables":[],"r":[[-0.0794966,-0.728761,-0.680138],[0.446709,0.583909,-0.677865],[0.891141,-0.357712,0.279125]],"s":-5.62558,"t":[894.675,787.691,741.58],"timestamp":261850607180},{"currentFrameRate":24.2773,"devices":[],"gestures":[],"hands":[],"id":225452,"interactionBox":{"center":[0,200,0],"size":[235.247,235.247,147.751]},"pointables":[],"r":[[-0.0794966,-0.728761,-0.680138],[0.446709,0.583909,-0.677865],[0.891141,-0.357712,0.279125]],"s":-5.62558,"t":[894.675,787.691,741.58],"timestamp":261850648421},{"currentFrameRate":24.2968,"devices":[],"gestures":[],"hands":[],"id":225453,"interactionBox":{"center":[0,200,0],"size":[235.247,235.247,147.751]},"pointables":[],"r":[[-0.0794966,-0.728761,-0.680138],[0.446709,0.583909,-0.677865],[0.891141,-0.357712,0.279125]],"s":-5.62558,"t":[894.675,787.691,741.58],"timestamp":261850689434},{"currentFrameRate":24.2904,"devices":[],"gestures":[],"hands":[],"id":225454,"interactionBox":{"center":[0,200,0],"size":[235.247,235.247,147.751]},"pointables":[],"r":[[-0.0794966,-0.728761,-0.680138],[0.446709,0.583909,-0.677865],[0.891141,-0.357712,0.279125]],"s":-5.62558,"t":[894.675,787.691,741.58],"timestamp":261850730650},{"currentFrameRate":24.2835,"devices":[],"gestures":[],"hands":[],"id":225455,"interactionBox":{"center":[0,200,0],"size":[235.247,235.247,147.751]},"pointables":[],"r":[[-0.0794966,-0.728761,-0.680138],[0.446709,0.583909,-0.677865],[0.891141,-0.357712,0.279125]],"s":-5.62558,"t":[894.675,787.691,741.58],"timestamp":261850771882},{"currentFrameRate":24.2426,"devices":[],"gestures":[],"hands":[],"id":225456,"interactionBox":{"center":[0,200,0],"size":[235.247,235.247,147.751]},"pointables":[],"r":[[-0.0794966,-0.728761,-0.680138],[0.446709,0.583909,-0.677865],[0.891141,-0.357712,0.279125]],"s":-5.62558,"t":[894.675,787.691,741.58],"timestamp":261850813435},{"currentFrameRate":24.2975,"devices":[],"gestures":[],"hands":[],"id":225457,"interactionBox":{"center":[0,200,0],"size":[235.247,235.247,147.751]},"pointables":[],"r":[[-0.0794966,-0.728761,-0.680138],[0.446709,0.583909,-0.677865],[0.891141,-0.357712,0.279125]],"s":-5.62558,"t":[894.675,787.691,741.58],"timestamp":261850854184},{"currentFrameRate":24.2781,"devices":[],"gestures":[],"hands":[],"id":225458,"interactionBox":{"center":[0,200,0],"size":[235.247,235.247,147.751]},"pointables":[],"r":[[-0.0794966,-0.728761,-0.680138],[0.446709,0.583909,-0.677865],[0.891141,-0.357712,0.279125]],"s":-5.62558,"t":[894.675,787.691,741.58],"timestamp":261850895517},{"currentFrameRate":24.3059,"devices":[],"gestures":[],"hands":[],"id":225459,"interactionBox":{"center":[0,200,0],"size":[235.247,235.247,147.751]},"pointables":[],"r":[[-0.0794966,-0.728761,-0.680138],[0.446709,0.583909,-0.677865],[0.891141,-0.357712,0.279125]],"s":-5.62558,"t":[894.675,787.691,741.58],"timestamp":261850936453},{"currentFrameRate":24.2591,"devices":[],"gestures":[],"hands":[],"id":225460,"interactionBox":{"center":[0,200,0],"size":[235.247,235.247,147.751]},"pointables":[],"r":[[-0.0794966,-0.728761,-0.680138],[0.446709,0.583909,-0.677865],[0.891141,-0.357712,0.279125]],"s":-5.62558,"t":[894.675,787.691,741.58],"timestamp":261850978022},{"currentFrameRate":22.1338,"devices":[],"gestures":[],"hands":[],"id":225461,"interactionBox":{"center":[0,200,0],"size":[235.247,235.247,147.751]},"pointables":[],"r":[[-0.0794966,-0.728761,-0.680138],[0.446709,0.583909,-0.677865],[0.891141,-0.357712,0.279125]],"s":-5.62558,"t":[894.675,787.691,741.58],"timestamp":261851039631},{"currentFrameRate":20.5763,"devices":[],"gestures":[],"hands":[],"id":225462,"interactionBox":{"center":[0,200,0],"size":[235.247,235.247,147.751]},"pointables":[],"r":[[-0.0794966,-0.728761,-0.680138],[0.446709,0.583909,-0.677865],[0.891141,-0.357712,0.279125]],"s":-5.62558,"t":[894.675,787.691,741.58],"timestamp":261851101181},{"currentFrameRate":21.2706,"devices":[],"gestures":[],"hands":[{"armBasis":[[-0.620442,-0.359731,0.696882],[0.12131,-0.921921,-0.367893],[0.774813,-0.143717,0.615638]],"armWidth":64.2597,"confidence":0,"direction":[-0.419195,0.769262,-0.482195],"elbow":[323.11,98.5819,273.895],"grabAngle":1.03631,"grabStrength":0,"id":388,"palmNormal":[0.151265,0.582866,0.798364],"palmPosition":[82.8776,194.842,67.8636],"palmVelocity":[1.19209e-7,1.19209e-7,1.19209e-7],"palmWidth":91.7607,"pinchDistance":44.0133,"pinchStrength":0.515506,"r":[[1,0,3.33067e-17],[0,1,0],[-3.33067e-17,0,1]],"s":1,"sphereCenter":[83.6894,247.263,122.1],"sphereRadius":72.254,"stabilizedPalmPosition":[82.8776,194.842,67.8636],"t":[0,0,0],"timeVisible":0,"type":"right","wrist":[112.139,137.714,106.265]}],"id":225463,"interactionBox":{"center":[0,200,0],"size":[235.247,235.247,147.751]},"pointables":[{"bases":[[[-0.577323,-0.476544,-0.663027],[0.816406,-0.350242,-0.459143],[-0.0134181,-0.806373,0.591256]],[[-0.505046,-0.04751,-0.861784],[0.857386,0.0870133,-0.507265],[0.0990869,-0.995074,-0.00321126]],[[-0.505046,-0.04751,-0.861784],[0.791922,0.371533,-0.484586],[0.343204,-0.927203,-0.150017]],[[-0.505046,-0.04751,-0.861784],[0.650818,0.634853,-0.416409],[0.56689,-0.77117,-0.28971]]],"btipPosition":[96.8274,259.792,105.564],"carpPosition":[126.996,159.617,93.4068],"dipPosition":[110.207,241.591,98.7267],"direction":[-0.343204,0.927203,0.150017],"extended":false,"handId":388,"id":3880,"length":52.5578,"mcpPosition":[126.996,159.617,93.4068],"pipPosition":[122.008,209.71,93.5685],"stabilizedTipPosition":[99.9048,255.606,103.992],"timeVisible":0,"tipPosition":[99.9048,255.606,103.992],"tipVelocity":[1.19209e-7,1.19209e-7,1.19209e-7],"tool":false,"touchDistance":0.566529,"touchZone":"none","type":0,"width":20.4215},{"bases":[[[-0.952881,-0.128855,0.274615],[-0.188596,-0.457406,-0.869029],[0.237589,-0.879873,0.411552]],[[-0.971838,-0.0403866,0.232165],[-0.234614,0.073473,-0.969308],[0.0220892,-0.996479,-0.0808791]],[[-0.971838,-0.0403866,0.232165],[-0.204771,0.632294,-0.747177],[-0.11662,-0.773675,-0.622757]],[[-0.971838,-0.0403866,0.232165],[-0.15309,0.85719,-0.491719],[-0.179151,-0.513414,-0.839233]]],"btipPosition":[99.5533,290.455,78.0043],"carpPosition":[112.208,154.296,75.3943],"dipPosition":[96.4665,281.608,63.5441],"direction":[0.11662,0.773675,0.622757],"extended":false,"handId":388,"id":3881,"length":59.3056,"mcpPosition":[94.5809,219.576,44.8601],"pipPosition":[93.6239,262.75,48.3643],"stabilizedTipPosition":[98.8434,288.42,74.6785],"timeVisible":0,"tipPosition":[98.8434,288.42,74.6785],"tipVelocity":[1.19209e-7,1.19209e-7,1.19209e-7],"tool":false,"touchDistance":0.333333,"touchZone":"none","type":1,"width":19.5066},{"bases":[[[-0.865815,-0.166667,0.47179],[-0.341715,-0.491812,-0.800844],[0.365507,-0.854601,0.368866]],[[-0.873919,-0.147149,0.463262],[-0.450939,-0.110311,-0.885712],[0.181435,-0.982944,0.0300473]],[[-0.873919,-0.147149,0.463262],[-0.485656,0.303724,-0.819689],[-0.0200871,-0.941328,-0.336894]],[[-0.873919,-0.147149,0.463262],[-0.464405,0.534146,-0.706411],[-0.143502,-0.832487,-0.535137]]],"btipPosition":[68.7979,303.13,69.4204],"carpPosition":[100.038,152.451,77.0313],"dipPosition":[66.0783,287.354,59.279],"direction":[0.0200871,0.941328,0.336894],"extended":true,"handId":388,"id":3882,"length":67.574,"mcpPosition":[74.3216,212.579,51.0783],"pipPosition":[65.5023,260.359,49.6178],"stabilizedTipPosition":[68.1724,299.502,67.0879],"timeVisible":0,"tipPosition":[68.1724,299.502,67.0879],"tipVelocity":[1.19209e-7,1.19209e-7,1.19209e-7],"tool":false,"touchDistance":0.333333,"touchZone":"none","type":2,"width":19.1581},{"bases":[[[-0.774351,-0.25306,0.57995],[-0.390875,-0.529455,-0.752924],[0.497592,-0.809715,0.31107]],[[-0.75756,-0.279563,0.58987],[-0.553694,-0.203397,-0.807498],[0.345725,-0.938336,-0.000706879]],[[-0.75756,-0.279563,0.58987],[-0.631671,0.0860934,-0.770441],[0.164603,-0.95626,-0.241813]],[[-0.75756,-0.279563,0.58987],[-0.65034,0.245424,-0.718905],[0.0562111,-0.92823,-0.367735]]],"btipPosition":[36.0831,288.291,75.8812],"carpPosition":[88.7515,150.656,81.8154],"dipPosition":[37.1422,270.801,68.9522],"direction":[-0.164603,0.956259,0.241813],"extended":true,"handId":388,"id":3883,"length":64.9742,"mcpPosition":[57.3183,201.807,62.165],"pipPosition":[41.7407,244.086,62.1968],"stabilizedTipPosition":[36.3267,284.268,74.2875],"timeVisible":0,"tipPosition":[36.3267,284.268,74.2875],"tipVelocity":[1.19209e-7,1.19209e-7,1.19209e-7],"tool":false,"touchDistance":0.333333,"touchZone":"none","type":3,"width":18.2302},{"bases":[[[-0.636256,-0.254091,0.728434],[-0.461049,-0.631812,-0.623095],[0.618556,-0.732291,0.284846]],[[-0.548865,-0.348703,0.759706],[-0.652194,-0.389841,-0.650128],[0.522866,-0.852309,-0.0134515]],[[-0.548865,-0.348703,0.759706],[-0.754187,-0.185357,-0.629956],[0.360485,-0.918721,-0.161251]],[[-0.548865,-0.348703,0.759706],[-0.803025,-0.0324573,-0.59506],[0.232157,-0.936671,-0.262203]]],"btipPosition":[14.1907,257.715,84.8548],"carpPosition":[80.1523,150.098,93.2934],"dipPosition":[18.2263,241.433,80.2969],"direction":[-0.360485,0.918721,0.161251],"extended":true,"handId":388,"id":3884,"length":50.9386,"mcpPosition":[43.9814,192.92,76.6367],"pipPosition":[25.3367,223.312,77.1164],"stabilizedTipPosition":[15.1189,253.971,83.8065],"timeVisible":0,"tipPosition":[15.1189,253.971,83.8065],"tipVelocity":[1.19209e-7,1.19209e-7,1.19209e-7],"tool":false,"touchDistance":0.333333,"touchZone":"none","type":4,"width":16.1934}],"r":[[1,0,3.33067e-17],[0,1,0],[-3.33067e-17,0,1]],"s":1,"t":[0,0,0],"timestamp":261851142318},{"currentFrameRate":21.8271,"devices":[],"gestures":[],"hands":[{"armBasis":[[-0.665626,-0.272349,0.694815],[0.0915987,-0.953807,-0.286116],[0.740643,-0.126802,0.659825]],"armWidth":65.7594,"confidence":0.213828,"direction":[-0.323456,0.796665,-0.510589],"elbow":[306.955,110.505,262.44],"grabAngle":1.27283,"grabStrength":0,"id":388,"palmNormal":[0.152202,0.576373,0.802888],"palmPosition":[82.8609,203.309,42.1867],"palmVelocity":[-0.403668,205.362,-622.832],"palmWidth":91.7607,"pinchDistance":23.7362,"pinchStrength":1,"r":[[0.999787,-0.0167858,0.0120191],[0.0167998,0.999858,-0.00106776],[-0.0119994,0.00126945,0.999927]],"s":1.02614,"sphereCenter":[58.5256,247.151,94.4745],"sphereRadius":67.8077,"stabilizedPalmPosition":[82.8738,196.751,62.075],"t":[-0.00832081,4.23312,-12.8384],"timeVisible":0.041226,"type":"right","wrist":[105.288,145.032,82.7786]}],"id":225464,"interactionBox":{"center":[0,200,0],"size":[235.247,235.247,147.751]},"pointables":[{"bases":[[[-0.575058,-0.4333,-0.693945],[0.809782,-0.422211,-0.407421],[-0.116456,-0.796235,0.593674]],[[-0.445202,0.0101294,-0.895373],[0.895268,-0.0139721,-0.445308],[-0.0170209,-0.999851,-0.00284812]],[[-0.445202,0.0101294,-0.895373],[0.833251,0.370802,-0.410119],[0.327852,-0.928657,-0.173522]],[[-0.445202,0.0101294,-0.895373],[0.751674,0.547621,-0.367556],[0.486602,-0.836665,-0.251416]]],"btipPosition":[99.5458,268.625,82.9877],"carpPosition":[122.257,164.775,70.5204],"dipPosition":[111.439,248.176,76.8426],"direction":[-0.327852,0.928657,0.173522],"extended":false,"handId":388,"id":3880,"length":54.4289,"mcpPosition":[122.257,164.775,70.5204],"pipPosition":[123.114,215.107,70.6637],"stabilizedTipPosition":[100.071,256.188,102.422],"timeVisible":0.041226,"tipPosition":[102.691,262.994,79.3996],"tipVelocity":[57.6472,201.721,-543.769],"tool":false,"touchDistance":0.333333,"touchZone":"none","type":0,"width":21.1074},{"bases":[[[-0.826,-0.181208,0.533749],[-0.388727,-0.502589,-0.772202],[0.408185,-0.845321,0.344698]],[[-0.804415,-0.223511,0.550417],[-0.495276,-0.259313,-0.829131],[0.32805,-0.939574,0.0978954]],[[-0.804415,-0.223511,0.550417],[-0.569299,0.0252932,-0.821741],[0.169747,-0.974373,-0.147591]],[[-0.804415,-0.223511,0.550417],[-0.590374,0.197627,-0.782561],[0.0661342,-0.954456,-0.290929]]],"btipPosition":[36.8547,302.989,40.3055],"carpPosition":[84.149,158.933,56.7014],"dipPosition":[38.1452,284.364,34.6286],"direction":[-0.169747,0.974373,0.147591],"extended":true,"handId":388,"id":3883,"length":67.2873,"mcpPosition":[58.3637,212.332,34.9266],"pipPosition":[43.0561,256.175,30.3586],"stabilizedTipPosition":[36.4834,287.011,67.5835],"timeVisible":0.041226,"tipPosition":[40.8136,297.411,42.5286],"tipVelocity":[20.0079,350.196,-855.957],"tool":false,"touchDistance":0.333333,"touchZone":"none","type":3,"width":18.8424},{"bases":[[[-0.697546,-0.192277,0.69026],[-0.474869,-0.59735,-0.646276],[0.536591,-0.77859,0.325373]],[[-0.615441,-0.299519,0.729055],[-0.602346,-0.417838,-0.68014],[0.508342,-0.857729,0.0767408]],[[-0.615441,-0.299519,0.729055],[-0.602346,-0.417838,-0.68014],[0.508342,-0.857729,0.0767408]],[[-0.615441,-0.299519,0.729055],[-0.755982,-0.0373712,-0.653525],[0.222989,-0.953358,-0.203431]]],"btipPosition":[10.3191,271.103,47.8793],"carpPosition":[74.867,159.217,67.6452],"dipPosition":[14.3332,253.941,44.2172],"direction":[-0.508342,0.857729,-0.0767408],"extended":true,"handId":388,"id":3884,"length":52.752,"mcpPosition":[43.4891,204.746,48.6186],"pipPosition":[24.717,236.42,45.7847],"stabilizedTipPosition":[13.6933,258.819,70.2847],"timeVisible":0.041226,"tipPosition":[15.5297,267.632,50.5039],"tipVelocity":[-94.0326,319.819,-891.9],"tool":false,"touchDistance":-0.329491,"touchZone":"touching","type":4,"width":16.7373},{"bases":[[[-0.974973,-0.0456413,0.217588],[-0.174557,-0.448964,-0.876334],[0.137686,-0.892383,0.429761]],[[-0.978046,-0.0238235,0.207023],[-0.203247,0.328387,-0.922417],[-0.0460083,-0.944243,-0.32602]],[[-0.978046,-0.0238235,0.207023],[-0.112941,0.895485,-0.430523],[-0.175129,-0.444453,-0.878517]],[[-0.978046,-0.0238235,0.207023],[-0.0756759,0.966227,-0.246329],[-0.194163,-0.256587,-0.946818]]],"btipPosition":[107.903,284.899,73.4951],"carpPosition":[108.169,160.526,51.681],"dipPosition":[104.439,280.32,56.6003],"direction":[0.175129,0.444453,0.878517],"extended":false,"handId":388,"id":3881,"length":61.4169,"mcpPosition":[97.9536,226.734,19.7959],"pipPosition":[100.018,269.101,34.424],"stabilizedTipPosition":[101.305,287.057,73.1682],"timeVisible":0.041226,"tipPosition":[106.87,286.922,64.1867],"tipVelocity":[200.434,-110.954,-122.961],"tool":false,"touchDistance":0.333333,"touchZone":"none","type":1,"width":20.1617},{"bases":[[[-0.903268,-0.0885753,0.419834],[-0.33381,-0.4697,-0.817284],[0.269587,-0.878372,0.394698]],[[-0.888757,-0.132113,0.438928],[-0.458379,0.257823,-0.850539],[-0.000798837,-0.957117,-0.2897]],[[-0.888757,-0.132113,0.438928],[-0.321185,0.862671,-0.390691],[-0.327035,-0.488207,-0.809137]],[[-0.888757,-0.132113,0.438928],[-0.176293,0.982429,-0.0612637],[-0.423122,-0.131829,-0.896431]]],"btipPosition":[94.8997,286.792,81.03],"carpPosition":[95.8109,159.724,52.5942],"dipPosition":[86.5956,284.205,63.4368],"direction":[0.327035,0.488207,0.809137],"extended":false,"handId":388,"id":3882,"length":69.9797,"mcpPosition":[76.843,221.526,24.8237],"pipPosition":[76.8832,269.706,39.4069],"stabilizedTipPosition":[91.5109,286.99,76.3939],"timeVisible":0.041226,"tipPosition":[91.3973,288.465,73.2729],"tipVelocity":[601.985,-322.72,240.035],"tool":false,"touchDistance":0.333333,"touchZone":"none","type":2,"width":19.8015}],"r":[[0.999787,-0.0167858,0.0120191],[0.0167998,0.999858,-0.00106776],[-0.0119994,0.00126945,0.999927]],"s":1.02614,"t":[-0.00832081,4.23312,-12.8384],"timestamp":261851183544},{"currentFrameRate":21.1145,"devices":[],"gestures":[],"hands":[{"armBasis":[[-0.647743,-0.517944,0.558716],[0.302661,-0.847947,-0.43518],[0.69916,-0.112783,0.706013]],"armWidth":65.7594,"confidence":0.460333,"direction":[-0.376398,0.564391,-0.734702],"elbow":[308.122,132.192,266.759],"grabAngle":1.92812,"grabStrength":0.301256,"id":388,"palmNormal":[-0.207875,0.721353,0.660634],"palmPosition":[91.0921,207.543,19.869],"palmVelocity":[154.559,79.515,-419.066],"palmWidth":91.7607,"pinchDistance":3.98552,"pinchStrength":1,"r":[[0.997598,0.0313165,0.0617919],[-0.0283403,0.998423,-0.0484668],[-0.0632122,0.0465992,0.996912]],"s":0.935255,"sphereCenter":[62.1681,249.347,48.4587],"sphereRadius":49.2101,"stabilizedPalmPosition":[84.0984,198.359,55.7859],"t":[4.10311,8.467,-30.4166],"timeVisible":0.094482,"type":"right","wrist":[117.75,162.902,74.5211]}],"id":225465,"interactionBox":{"center":[0,200,0],"size":[235.247,235.247,147.751]},"pointables":[{"bases":[[[-0.859394,-0.33019,0.390406],[-0.0394624,-0.718426,-0.694484],[0.509789,-0.612241,0.604381]],[[-0.787608,-0.405348,0.464076],[-0.490873,-0.0424828,-0.870194],[0.372447,-0.913175,-0.165515]],[[-0.787608,-0.405348,0.464076],[-0.614708,0.464931,-0.63716],[0.0425084,-0.787104,-0.615354]],[[-0.787608,-0.405348,0.464076],[-0.589551,0.714738,-0.376269],[-0.179173,-0.569949,-0.801907]]],"btipPosition":[52.6452,283.899,47.268],"carpPosition":[99.9616,168.719,44.2732],"dipPosition":[49.149,272.777,31.6203],"direction":[-0.0425084,0.787104,0.615354],"extended":false,"handId":388,"id":3883,"length":67.2873,"mcpPosition":[67.7579,207.395,6.09416],"pipPosition":[50.3788,250.005,13.8174],"stabilizedTipPosition":[50.8204,281.718,45.2583],"timeVisible":0.094482,"tipPosition":[50.7867,281.422,41.3281],"tipVelocity":[275.829,-326.056,87.6746],"tool":false,"touchDistance":0.333333,"touchZone":"none","type":3,"width":18.8424},{"bases":[[[-0.776202,-0.275557,0.567079],[-0.127454,-0.812285,-0.569165],[0.617467,-0.514064,0.595377]],[[-0.619467,-0.382967,0.685271],[-0.53155,-0.437747,-0.725143],[0.577681,-0.813458,0.0676035]],[[-0.619467,-0.382967,0.685271],[-0.656403,-0.226104,-0.71973],[0.430576,-0.895664,-0.111317]],[[-0.619467,-0.382967,0.685271],[-0.784379,0.337308,-0.520551],[-0.0317933,-0.859977,-0.509342]]],"btipPosition":[22.8001,261.891,26.965],"carpPosition":[88.4629,168.014,52.834],"dipPosition":[22.2278,246.41,17.796],"direction":[-0.430576,0.895664,0.111317],"extended":true,"handId":388,"id":3884,"length":52.752,"mcpPosition":[52.3557,198.075,18.0186],"pipPosition":[31.023,228.114,15.5221],"stabilizedTipPosition":[16.2856,258.678,57.1635],"timeVisible":0.094482,"tipPosition":[20.8168,256.99,21.2654],"tipVelocity":[214.552,-165.712,-416.496],"tool":false,"touchDistance":0.333333,"touchZone":"none","type":4,"width":16.7373},{"bases":[[[-0.250817,-0.696584,-0.672206],[0.966456,-0.219827,-0.132811],[-0.0552551,-0.682969,0.728355]],[[-0.206682,-0.358712,-0.910279],[0.969925,0.0471335,-0.238798],[0.128564,-0.932258,0.338182]],[[-0.206682,-0.358712,-0.910279],[0.875772,0.346994,-0.335586],[0.436241,-0.866557,0.242432]],[[-0.206682,-0.358712,-0.910279],[0.604038,0.685115,-0.407131],[0.769689,-0.63399,0.0750745]]],"btipPosition":[89.7274,281.311,35.992],"carpPosition":[130.546,188.028,63.4838],"dipPosition":[108.54,265.815,37.827],"direction":[-0.436241,0.866557,-0.242432],"extended":false,"handId":388,"id":3880,"length":54.4289,"mcpPosition":[130.546,188.028,63.4838],"pipPosition":[124.074,234.959,46.4596],"stabilizedTipPosition":[99.2436,259.153,93.3442],"timeVisible":0.094482,"tipPosition":[90.3812,276.952,40.0034],"tipVelocity":[-154.481,259.602,-847.985],"tool":false,"touchDistance":-0.405738,"touchZone":"touching","type":0,"width":21.1074},{"bases":[[[-0.953217,-0.300927,0.0286466],[0.173019,-0.620842,-0.764604],[0.247875,-0.723877,0.643863]],[[-0.937819,-0.341042,0.0647034],[-0.183791,0.329714,-0.926018],[0.294477,-0.880329,-0.371893]],[[-0.937819,-0.341042,0.0647034],[-0.341979,0.875746,-0.340763],[0.0595507,-0.341701,-0.93792]],[[-0.937819,-0.341042,0.0647034],[-0.341569,0.939852,0.00308272],[-0.0618629,-0.0192096,-0.9979]]],"btipPosition":[91.2372,278.804,54.1812],"carpPosition":[123.24,176.63,43.7827],"dipPosition":[90.1334,278.461,36.3749],"direction":[-0.0595507,0.341701,0.93792],"extended":false,"handId":388,"id":3881,"length":61.4169,"mcpPosition":[104.849,230.336,-3.98724],"pipPosition":[91.6366,269.835,12.6991],"stabilizedTipPosition":[95.8499,282.653,60.9688],"timeVisible":0.094482,"tipPosition":[89.9446,283.035,44.3998],"tipVelocity":[-302.747,-96.1593,-366.597],"tool":false,"touchDistance":0.333333,"touchZone":"none","type":1,"width":20.1617},{"bases":[[[-0.9264,-0.285682,0.245295],[0.0147758,-0.678521,-0.734432],[0.376252,-0.676753,0.632803]],[[-0.890707,-0.342685,0.298677],[-0.373045,0.175565,-0.911051],[0.259766,-0.9229,-0.284214]],[[-0.890707,-0.342685,0.298677],[-0.447158,0.778731,-0.440032],[-0.0817967,-0.525496,-0.846855]],[[-0.890707,-0.342685,0.298677],[-0.378377,0.923051,-0.0693305],[-0.251936,-0.174766,-0.951833]]],"btipPosition":[79.505,285.407,56.0539],"carpPosition":[111.68,172.297,42.4395],"dipPosition":[74.5605,281.977,37.3734],"direction":[0.0817967,0.525496,0.846855],"extended":false,"handId":388,"id":3882,"length":69.9797,"mcpPosition":[85.2077,219.913,-2.08381],"pipPosition":[72.1313,266.371,12.2233],"stabilizedTipPosition":[83.643,285.57,61.6458],"timeVisible":0.094482,"tipPosition":[75.6938,287.809,45.6277],"tipVelocity":[-274.561,-29.6511,-473.679],"tool":false,"touchDistance":0.333333,"touchZone":"none","type":2,"width":19.8015}],"r":[[0.997598,0.0313165,0.0617919],[-0.0283403,0.998423,-0.0484668],[-0.0632122,0.0465992,0.996912]],"s":0.935255,"t":[4.10311,8.467,-30.4166],"timestamp":261851236800},{"currentFrameRate":22.6067,"devices":[],"gestures":[],"hands":[{"armBasis":[[0.788597,0.182476,-0.587212],[0.023637,0.945253,0.325481],[0.614456,-0.270553,0.74111]],"armWidth":65.7594,"confidence":0.582829,"direction":[-0.716088,0.096137,-0.691357],"elbow":[321.598,140.765,271.554],"grabAngle":2.60802,"grabStrength":0.371201,"id":388,"palmNormal":[0.0855283,-0.970921,-0.2236],"palmPosition":[95.7695,217.769,20.7304],"palmVelocity":[145.798,318.736,26.8534],"palmWidth":91.7607,"pinchDistance":39.1447,"pinchStrength":0.86316,"r":[[0.932814,0.0766847,0.352103],[-0.0333422,0.991271,-0.127557],[-0.358811,0.107247,0.927228]],"s":0.969998,"sphereCenter":[96.3254,167.78,-9.63653],"sphereRadius":51.4732,"stabilizedPalmPosition":[89.4359,207.236,39.7542],"t":[8.4975,15.6966,-38.7749],"timeVisible":0.126563,"type":"right","wrist":[154.289,214.433,69.7592]}],"id":225466,"interactionBox":{"center":[0,200,0],"size":[235.247,235.247,147.751]},"pointables":[{"bases":[[[0.0625298,0.975402,-0.211377],[-0.316306,0.220241,0.922737],[0.946594,0.00916135,0.322298]],[[-0.196181,0.936465,-0.290767],[-0.557287,0.137503,0.818855],[0.806811,0.322685,0.494904]],[[-0.196181,0.936465,-0.290767],[-0.823698,0.00349862,0.567018],[0.53201,0.350743,0.770678]],[[-0.196181,0.936465,-0.290767],[-0.970895,-0.143962,0.191411],[0.137391,0.319856,0.937452]]],"btipPosition":[60.2876,164.687,-1.49439],"carpPosition":[123.205,201.239,73.7752],"dipPosition":[63.6457,172.505,21.4189],"direction":[-0.53201,-0.350743,-0.770678],"extended":false,"handId":388,"id":3880,"length":54.4289,"mcpPosition":[123.205,201.239,73.7752],"pipPosition":[82.5898,184.995,48.8616],"stabilizedTipPosition":[84.0288,222.228,57.6542],"timeVisible":0.126563,"tipPosition":[63.816,160.149,4.86066],"tipVelocity":[-1028.47,-3468.15,-1017.37],"tool":false,"touchDistance":-0.883073,"touchZone":"touching","type":0,"width":21.1074},{"bases":[[[0.692566,0.0732768,-0.717623],[-0.0908273,0.995768,0.0140225],[0.715613,0.0554683,0.696291]],[[0.614459,0.0671166,-0.786089],[-0.514515,0.789429,-0.334777],[0.598092,0.610161,0.519605]],[[0.614459,0.0671166,-0.786089],[-0.788686,0.077938,-0.609836],[0.0203361,0.994696,0.100824]],[[0.614459,0.0671166,-0.786089],[-0.663564,-0.494994,-0.560949],[-0.426758,0.8663,-0.259617]]],"btipPosition":[52.8219,146.51,-17.7727],"carpPosition":[125.508,227.67,55.273],"dipPosition":[44.4464,163.511,-22.868],"direction":[-0.0203361,-0.994696,-0.100824],"extended":false,"handId":388,"id":3882,"length":69.9797,"mcpPosition":[75.1578,223.767,6.28278],"pipPosition":[45.0503,193.052,-19.8737],"stabilizedTipPosition":[63.4816,202.363,12.0293],"timeVisible":0.126563,"tipPosition":[54.8427,148.604,-16.8585],"tipVelocity":[-856.34,-4183.1,-2203.86],"tool":false,"touchDistance":-0.788863,"touchZone":"touching","type":2,"width":19.8015},{"bases":[[[0.562683,0.232277,-0.79337],[-0.206553,0.968777,0.137137],[0.800452,0.0867081,0.593092]],[[0.647211,0.240396,-0.723414],[-0.46334,0.877618,-0.122893],[0.605338,0.414725,0.679389]],[[0.647211,0.240396,-0.723414],[-0.729431,0.470997,-0.496077],[0.221471,0.848747,0.480187]],[[0.647211,0.240396,-0.723414],[-0.693219,-0.209171,-0.689706],[-0.31712,0.94787,0.0312698]]],"btipPosition":[32.9453,159.825,-22.03],"carpPosition":[119.426,223.205,65.1357],"dipPosition":[27.2867,176.739,-21.472],"direction":[-0.221471,-0.848747,-0.480187],"extended":false,"handId":388,"id":3881,"length":61.4169,"mcpPosition":[60.038,216.772,21.1326],"pipPosition":[32.8772,198.164,-9.35071],"stabilizedTipPosition":[52.0144,201.451,4.39056],"timeVisible":0.126563,"tipPosition":[34.7091,162.125,-19.512],"tipVelocity":[-1849.68,-3584.97,-2243.93],"tool":false,"touchDistance":-0.808145,"touchZone":"touching","type":1,"width":20.1617},{"bases":[[[0.795189,0.00536565,-0.606338],[-0.018256,0.999719,-0.0150952],[0.606087,0.0230728,0.795064]],[[0.757415,0.00397246,-0.652922],[-0.606472,0.374751,-0.701251],[0.241897,0.927117,0.286251]],[[0.757415,0.00397246,-0.652922],[-0.268607,-0.90955,-0.317128],[-0.595125,0.415577,-0.687839]],[[0.757415,0.00397246,-0.652922],[0.171443,-0.966104,0.193003],[-0.630024,-0.258122,-0.732423]]],"btipPosition":[113.308,177.726,16.4727],"carpPosition":[133.371,229.432,45.8626],"dipPosition":[101.015,172.69,2.18092],"direction":[0.595125,-0.415577,0.687839],"extended":false,"handId":388,"id":3883,"length":67.2873,"mcpPosition":[95.0844,227.974,-4.36202],"pipPosition":[83.797,184.713,-17.7191],"stabilizedTipPosition":[105.543,185.271,15.8401],"timeVisible":0.126563,"tipPosition":[108.137,174.561,9.77111],"tipVelocity":[1827.87,-3265.89,-950.202],"tool":false,"touchDistance":0.333333,"touchZone":"none","type":3,"width":18.8424},{"bases":[[[0.852005,-0.157257,-0.499358],[0.159266,0.986468,-0.0389174],[0.498721,-0.0463728,0.865521]],[[0.751223,-0.146674,-0.643546],[-0.466892,0.571098,-0.675173],[0.466558,0.807672,0.36054]],[[0.751223,-0.146674,-0.643546],[-0.46693,-0.807217,-0.361078],[-0.466521,0.571741,-0.674886]],[[0.751223,-0.146674,-0.643546],[-0.0559893,-0.985644,0.159286],[-0.65767,-0.0836275,-0.74865]]],"btipPosition":[118.984,187.226,0.910612],"carpPosition":[144.008,224.514,37.5746],"dipPosition":[107.144,185.721,-12.5663],"direction":[0.466521,-0.571741,0.674886],"extended":false,"handId":388,"id":3884,"length":52.752,"mcpPosition":[114.844,227.226,-13.0379],"pipPosition":[97.615,197.4,-26.352],"stabilizedTipPosition":[69.858,220.205,25.3589],"timeVisible":0.126563,"tipPosition":[114.394,186.562,-6.51456],"tipVelocity":[2917.37,-2227.18,-843.027],"tool":false,"touchDistance":0.333333,"touchZone":"none","type":4,"width":16.7373}],"r":[[0.932814,0.0766847,0.352103],[-0.0333422,0.991271,-0.127557],[-0.358811,0.107247,0.927228]],"s":0.969998,"t":[8.4975,15.6966,-38.7749],"timestamp":261851268881},{"currentFrameRate":23.8661,"devices":[],"gestures":[],"hands":[{"armBasis":[[-0.488266,-0.82313,0.28992],[0.558762,-0.550055,-0.620664],[0.670359,-0.141053,0.728507]],"armWidth":65.7594,"confidence":0.683833,"direction":[-0.131492,0.595258,-0.792703],"elbow":[312.479,147.304,265.792],"grabAngle":1.6578,"grabStrength":0.279037,"id":388,"palmNormal":[-0.573125,0.606809,0.550736],"palmPosition":[117.172,233.394,10.9552],"palmVelocity":[665.033,485.517,-303.74],"palmWidth":91.7607,"pinchDistance":49.6671,"pinchStrength":0.378899,"r":[[0.713111,0.0293965,0.700434],[0.276196,0.906532,-0.319241],[-0.644351,0.421112,0.638339]],"s":0.99224,"sphereCenter":[45.8674,266.366,22.7283],"sphereRadius":75.6788,"stabilizedPalmPosition":[108.897,225.59,19.5473],"t":[21.3961,27.1242,-47.8417],"timeVisible":0.158746,"type":"right","wrist":[129.949,185.711,67.4294]}],"id":225467,"interactionBox":{"center":[0,200,0],"size":[235.247,235.247,147.751]},"pointables":[{"bases":[[[0.161481,-0.63855,-0.752448],[0.958583,-0.0797681,0.273413],[-0.234609,-0.765435,0.599222]],[[0.227122,-0.365151,-0.902818],[0.972281,0.032146,0.231595],[-0.0555452,-0.930393,0.362331]],[[0.227122,-0.365151,-0.902818],[0.967319,0.191904,0.165731],[0.112738,-0.910954,0.396804]],[[0.227122,-0.365151,-0.902818],[0.879566,0.474881,0.029203],[0.418067,-0.80072,0.42903]]],"btipPosition":[126.641,312.829,23.1074],"carpPosition":[138.078,213.983,65.9632],"dipPosition":[136.859,293.257,33.5938],"direction":[-0.112738,0.910954,-0.396804],"extended":true,"handId":388,"id":3880,"length":54.4289,"mcpPosition":[138.078,213.983,65.9632],"pipPosition":[140.874,260.82,47.7233],"stabilizedTipPosition":[116.823,285.026,34.2162],"timeVisible":0.158746,"tipPosition":[122.78,305.938,25.6247],"tipVelocity":[2110.78,4407.35,675.623],"tool":false,"touchDistance":-0.496946,"touchZone":"touching","type":0,"width":21.1074},{"bases":[[[-0.87748,-0.478949,-0.0252331],[0.364087,-0.630948,-0.685087],[0.312201,-0.610338,0.728024]],[[-0.823248,-0.562005,0.0800807],[0.307072,-0.559507,-0.769843],[0.477461,-0.609181,0.633189]],[[-0.823248,-0.562005,0.0800807],[-0.319162,0.341559,-0.88401],[0.469466,-0.753318,-0.460558]],[[-0.823248,-0.562005,0.0800807],[-0.468173,0.592372,-0.655675],[0.321055,-0.577275,-0.750784]]],"btipPosition":[59.698,293.428,-12.9005],"carpPosition":[121.546,193.388,34.6606],"dipPosition":[65.9627,282.164,-27.5506],"direction":[-0.469466,0.753318,0.460558],"extended":false,"handId":388,"id":3883,"length":67.2873,"mcpPosition":[101.824,231.943,-11.3291],"pipPosition":[79.5449,260.369,-40.875],"stabilizedTipPosition":[62.6206,287.315,-15.1985],"timeVisible":0.158746,"tipPosition":[62.3891,289.032,-13.5639],"tipVelocity":[-1533.17,3550.61,-915.253],"tool":false,"touchDistance":0.333333,"touchZone":"none","type":3,"width":18.8424},{"bases":[[[-0.883463,-0.435491,0.172743],[0.249317,-0.749188,-0.613643],[0.396653,-0.499064,0.770455]],[[-0.70715,-0.573766,0.413195],[0.0593486,-0.630486,-0.773928],[0.704568,-0.522761,0.479901]],[[-0.70715,-0.573766,0.413195],[-0.328629,-0.250719,-0.910573],[0.626052,-0.7797,-0.01126]],[[-0.70715,-0.573766,0.413195],[-0.662389,0.333151,-0.671008],[0.247345,-0.748199,-0.615644]]],"btipPosition":[41.389,268.129,-13.9129],"carpPosition":[107.843,190.245,37.5497],"dipPosition":[45.8416,254.66,-24.9956],"direction":[-0.626052,0.7797,0.01126],"extended":true,"handId":388,"id":3884,"length":52.752,"mcpPosition":[84.6482,219.428,-7.50369],"pipPosition":[58.6298,238.733,-25.2256],"stabilizedTipPosition":[47.6043,256.552,-8.55156],"timeVisible":0.158746,"tipPosition":[44.8376,263.533,-13.4978],"tipVelocity":[-2294.61,2428.32,-443.491],"tool":false,"touchDistance":0.333333,"touchZone":"none","type":4,"width":16.7373},{"bases":[[[-0.819444,-0.419313,-0.390752],[0.567701,-0.499929,-0.654053],[0.0789045,-0.757791,0.647709]],[[-0.78821,-0.559359,-0.256596],[0.446401,-0.232666,-0.864056],[0.423617,-0.795603,0.433088]],[[-0.78821,-0.559359,-0.256596],[0.0441791,0.364448,-0.930175],[0.613818,-0.74451,-0.262549]],[[-0.78821,-0.559359,-0.256596],[-0.277361,0.695096,-0.663259],[0.549359,-0.451617,-0.703026]]],"btipPosition":[91.2227,322.929,-3.89202],"carpPosition":[141.381,204.157,44.4233],"dipPosition":[101.025,314.871,-16.4366],"direction":[-0.613818,0.74451,0.262549],"extended":false,"handId":388,"id":3881,"length":61.4169,"mcpPosition":[135.527,260.379,-3.63201],"pipPosition":[116.52,296.077,-23.0641],"stabilizedTipPosition":[88.7784,307.519,-5.51164],"timeVisible":0.158746,"tipPosition":[96.1332,321.773,-3.72993],"tipVelocity":[1921.31,4889.55,469.949],"tool":false,"touchDistance":0.333333,"touchZone":"none","type":1,"width":20.1617},{"bases":[[[-0.885943,-0.426427,-0.182388],[0.422586,-0.580138,-0.69632],[0.19112,-0.693974,0.694171]],[[-0.845826,-0.528432,-0.0730567],[0.281732,-0.326199,-0.902342],[0.452996,-0.783807,0.424785]],[[-0.845826,-0.528432,-0.0730567],[-0.0192989,0.167171,-0.985739],[0.533109,-0.832354,-0.151596]],[[-0.845826,-0.528432,-0.0730567],[-0.395499,0.71308,-0.578876],[0.357992,-0.460734,-0.812137]]],"btipPosition":[73.1342,320.643,-11.6678],"carpPosition":[132.243,198.598,38.1157],"dipPosition":[80.1601,311.601,-27.6066],"direction":[-0.533109,0.832354,0.151596],"extended":true,"handId":388,"id":3882,"length":69.9797,"mcpPosition":[118.796,247.425,-10.7255],"pipPosition":[95.9924,286.881,-32.1088],"stabilizedTipPosition":[73.1694,302.263,-11.4954],"timeVisible":0.158746,"tipPosition":[76.6854,317.885,-8.47277],"tipVelocity":[741.218,5224.6,112.2],"tool":false,"touchDistance":0.333333,"touchZone":"none","type":2,"width":19.8015}],"r":[[0.713111,0.0293965,0.700434],[0.276196,0.906532,-0.319241],[-0.644351,0.421112,0.638339]],"s":0.99224,"t":[21.3961,27.1242,-47.8417],"timestamp":261851301064},{"currentFrameRate":26.1945,"devices":[],"gestures":[],"hands":[{"armBasis":[[-0.784953,-0.267988,0.558598],[0.119041,-0.950049,-0.288508],[0.608012,-0.159969,0.777645]],"armWidth":65.7594,"confidence":0.739236,"direction":[-0.100195,0.736981,-0.668446],"elbow":[266.379,163.31,209.094],"grabAngle":2.8509,"grabStrength":1,"id":388,"palmNormal":[-0.0784152,0.663888,0.743709],"palmPosition":[94.2828,261.47,-52.9674],"palmVelocity":[-1071.7,1314.52,-2992.91],"palmWidth":91.7607,"pinchDistance":15.6142,"pinchStrength":1,"r":[[0.498841,0.0349268,0.865989],[0.575282,0.733989,-0.360986],[-0.648235,0.678263,0.346051]],"s":0.931132,"sphereCenter":[77.8842,305.965,-26.6028],"sphereRadius":44.597,"stabilizedPalmPosition":[103.444,238.977,-7.50922],"t":[16.4007,46.8757,-84.3364],"timeVisible":0.180104,"type":"right","wrist":[100.826,206.867,-2.6483]}],"id":225468,"interactionBox":{"center":[0,200,0],"size":[235.247,235.247,147.751]},"pointables":[{"bases":[[[-0.889912,-0.0965705,0.445793],[-0.277895,-0.660222,-0.697769],[0.361706,-0.744836,0.560703]],[[-0.883811,-0.10887,0.455001],[-0.467362,0.161301,-0.869227],[0.0212405,-0.980882,-0.193442]],[[-0.883811,-0.10887,0.455001],[-0.0216126,0.98101,0.192749],[-0.467345,0.16052,-0.86938]],[[-0.883811,-0.10887,0.455001],[0.455051,0.025837,0.890091],[-0.10866,0.99372,0.0267063]]],"btipPosition":[65.7643,279.448,-35.2932],"carpPosition":[76.1975,220.838,-26.9265],"dipPosition":[63.8082,297.337,-34.8124],"direction":[0.467345,-0.16052,0.86938],"extended":false,"handId":388,"id":3884,"length":52.752,"mcpPosition":[55.0463,264.393,-59.7144],"pipPosition":[54.2619,300.615,-52.5709],"stabilizedTipPosition":[59.5099,274.71,-26.4543],"timeVisible":0.180104,"tipPosition":[61.7941,288.208,-36.9751],"tipVelocity":[1072.26,867.665,-876.516],"tool":false,"touchDistance":0.333333,"touchZone":"none","type":4,"width":16.7373},{"bases":[[[-0.348542,-0.501068,-0.792117],[0.872424,-0.482363,-0.0787504],[-0.342629,-0.71851,0.605268]],[[-0.201523,-0.208229,-0.957094],[0.947014,-0.290931,-0.136104],[-0.250107,-0.933809,0.255825]],[[-0.201523,-0.208229,-0.957094],[0.979214,-0.0657735,-0.19187],[-0.0229986,-0.975866,0.217155]],[[-0.201523,-0.208229,-0.957094],[0.921553,0.290754,-0.257297],[0.331856,-0.933865,0.1333]]],"btipPosition":[125.762,330.387,-33.4516],"carpPosition":[120.464,225.804,-9.58261],"dipPosition":[133.873,307.562,-30.1935],"direction":[0.0229986,0.975866,-0.217155],"extended":false,"handId":388,"id":3880,"length":54.4289,"mcpPosition":[120.464,225.804,-9.58261],"pipPosition":[133.054,272.812,-22.4609],"stabilizedTipPosition":[120.334,298.061,12.4698],"timeVisible":0.180104,"tipPosition":[130.317,323.965,-34.928],"tipVelocity":[-63.8536,787.067,-2725.98],"tool":false,"touchDistance":-1,"touchZone":"touching","type":0,"width":21.1074},{"bases":[[[-0.994615,-0.00138997,-0.103629],[0.0875999,-0.54561,-0.833448],[-0.0553828,-0.838038,0.542793]],[[-0.996008,-0.0335627,-0.0827142],[0.0828687,-0.00323628,-0.996555],[0.0331794,-0.999431,0.00600467]],[[-0.996008,-0.0335627,-0.0827142],[-0.0281327,0.997426,-0.065961],[0.0847151,-0.0633707,-0.994388]],[[-0.996008,-0.0335627,-0.0827142],[-0.0668418,0.894576,0.441889],[0.0591631,0.445654,-0.893248]]],"btipPosition":[112.287,320.3,-30.8907],"carpPosition":[112.861,219.633,-31.3901],"dipPosition":[113.343,328.253,-46.8296],"direction":[-0.0847151,0.0633707,0.994388],"extended":false,"handId":388,"id":3881,"length":61.4169,"mcpPosition":[116.97,281.81,-71.6614],"pipPosition":[115.481,326.653,-71.9308],"stabilizedTipPosition":[102.214,315.784,-21.9419],"timeVisible":0.180104,"tipPosition":[111.806,327.617,-38.2947],"tipVelocity":[892.063,49.3382,-1300.65],"tool":false,"touchDistance":0.333333,"touchZone":"none","type":1,"width":20.1617},{"bases":[[[-0.993216,-0.0215655,0.114268],[-0.0830499,-0.556256,-0.82685],[0.0813937,-0.830731,0.550692]],[[-0.996309,0.0282872,0.0810406],[-0.0589233,0.461148,-0.885364],[-0.0624162,-0.886872,-0.45778]],[[-0.996309,0.0282872,0.0810406],[0.0522191,0.949071,0.310706],[-0.0681242,0.313791,-0.947045]],[[-0.996309,0.0282872,0.0810406],[0.0522191,0.949071,0.310706],[-0.0681242,0.313791,-0.947045]]],"btipPosition":[101.602,306.794,-3.40604],"carpPosition":[100.826,219.177,-34.4163],"dipPosition":[100.265,312.952,-21.9926],"direction":[0.0681242,-0.313791,0.947045],"extended":false,"handId":388,"id":3882,"length":69.9797,"mcpPosition":[95.0997,277.627,-73.1624],"pipPosition":[98.2417,322.271,-50.1181],"stabilizedTipPosition":[96.0107,307.093,-8.39755],"timeVisible":0.180104,"tipPosition":[100.328,311.979,-11.1873],"tipVelocity":[1242.82,-484.74,358.309],"tool":false,"touchDistance":0.333333,"touchZone":"none","type":2,"width":19.8015},{"bases":[[[-0.961307,-0.101585,0.256065],[-0.151161,-0.582574,-0.798597],[0.230302,-0.806404,0.544677]],[[-0.966488,-0.0824719,0.243103],[-0.256504,0.272119,-0.927447],[0.0103352,-0.958723,-0.284154]],[[-0.966488,-0.0824719,0.243103],[-0.0105394,0.958939,0.283416],[-0.256495,0.271356,-0.927673]],[[-0.966488,-0.0824719,0.243103],[-0.0105394,0.958939,0.283416],[-0.256495,0.271356,-0.927673]]],"btipPosition":[85.8342,301.625,-10.4218],"carpPosition":[88.4391,219.094,-34.2139],"dipPosition":[80.8292,306.92,-28.5235],"direction":[0.256495,-0.271356,0.927673],"extended":false,"handId":388,"id":3883,"length":67.2873,"mcpPosition":[73.8907,270.035,-68.6215],"pipPosition":[73.4085,314.771,-55.3622],"stabilizedTipPosition":[83.378,301.925,-14.6215],"timeVisible":0.180104,"tipPosition":[82.4161,306.424,-18.7394],"tipVelocity":[1102.36,562.129,78.8818],"tool":false,"touchDistance":0.333333,"touchZone":"none","type":3,"width":18.8424}],"r":[[0.498841,0.0349268,0.865989],[0.575282,0.733989,-0.360986],[-0.648235,0.678263,0.346051]],"s":0.931132,"t":[16.4007,46.8757,-84.3364],"timestamp":261851322422},{"currentFrameRate":28.2764,"devices":[],"gestures":[],"hands":[{"armBasis":[[0.811428,0.0480682,-0.582473],[0.0448823,0.988544,0.144103],[0.582727,-0.143072,0.799975]],"armWidth":65.7594,"confidence":0.786312,"direction":[-0.10215,0.959639,-0.262029],"elbow":[260.604,169.745,188.911],"grabAngle":0.631892,"grabStrength":0,"id":388,"palmNormal":[-0.325251,-0.281149,-0.902866],"palmPosition":[78.8337,274.005,-58.2875],"palmVelocity":[-720.844,584.874,-248.228],"palmWidth":91.7607,"pinchDistance":79.6427,"pinchStrength":0,"r":[[0.0981263,0.182571,0.978284],[0.906997,0.38814,-0.163412],[-0.409546,0.903336,-0.127504]],"s":1.13344,"sphereCenter":[44.4676,300.954,-92.6646],"sphereRadius":66.2447,"stabilizedPalmPosition":[90.0395,258.056,-35.167],"t":[6.17839,63.019,-105.244],"timeVisible":0.201536,"type":"right","wrist":[101.936,208.702,-28.9115]}],"id":225469,"interactionBox":{"center":[0,200,0],"size":[235.247,235.247,147.751]},"pointables":[{"bases":[[[0.649271,0.441542,0.619264],[-0.57126,-0.254415,0.780343],[0.502104,-0.860415,0.0870506]],[[0.44931,0.698701,0.556721],[-0.440505,-0.368875,0.818466],[0.777223,-0.612983,0.142042]],[[0.44931,0.698701,0.556721],[-0.560323,-0.264961,0.784751],[0.695816,-0.664539,0.272449]],[[0.44931,0.698701,0.556721],[-0.70145,-0.110007,0.704178],[0.553252,-0.706906,0.440677]]],"btipPosition":[-14.6022,288.248,-69.4581],"carpPosition":[62.8231,216.449,-41.835],"dipPosition":[-1.07956,270.97,-58.687],"direction":[-0.695816,0.66453