{"frames":345,"data":[{"currentFrameRate":20.054,"devices":[],"gestures":[],"hands":[],"id":225920,"interactionBox":{"center":[0,200,0],"size":[235.247,235.247,147.751]},"pointables":[],"r":[[-0.0794966,-0.728761,-0.680138],[0.446709,0.583909,-0.677865],[0.891141,-0.357712,0.279125]],"s":-5.62558,"t":[894.675,787.691,741.58],"timestamp":261867016529},{"currentFrameRate":20.9322,"devices":[],"gestures":[],"hands":[],"id":225921,"interactionBox":{"center":[0,200,0],"size":[235.247,235.247,147.751]},"pointables":[],"r":[[-0.0794966,-0.728761,-0.680138],[0.446709,0.583909,-0.677865],[0.891141,-0.357712,0.279125]],"s":-5.62558,"t":[894.675,787.691,741.58],"timestamp":261867056734},{"currentFrameRate":21.6274,"devices":[],"gestures":[],"hands":[],"id":225922,"interactionBox":{"center":[0,200,0],"size":[235.247,235.247,147.751]},"pointables":[],"r":[[-0.0794966,-0.728761,-0.680138],[0.446709,0.583909,-0.677865],[0.891141,-0.357712,0.279125]],"s":-5.62558,"t":[894.675,787.691,741.58],"timestamp":261867097175},{"currentFrameRate":22.2228,"devices":[],"gestures":[],"hands":[],"id":225923,"interactionBox":{"center":[0,200,0],"size":[235.247,235.247,147.751]},"pointables":[],"r":[[-0.0794966,-0.728761,-0.680138],[0.446709,0.583909,-0.677865],[0.891141,-0.357712,0.279125]],"s":-5.62558,"t":[894.675,787.691,741.58],"timestamp":261867137338},{"currentFrameRate":22.7011,"devices":[],"gestures":[],"hands":[],"id":225924,"interactionBox":{"center":[0,200,0],"size":[235.247,235.247,147.751]},"pointables":[],"r":[[-0.0794966,-0.728761,-0.680138],[0.446709,0.583909,-0.677865],[0.891141,-0.357712,0.279125]],"s":-5.62558,"t":[894.675,787.691,741.58],"timestamp":261867177586},{"currentFrameRate":23.0822,"devices":[],"gestures":[],"hands":[],"id":225925,"interactionBox":{"center":[0,200,0],"size":[235.247,235.247,147.751]},"pointables":[],"r":[[-0.0794966,-0.728761,-0.680138],[0.446709,0.583909,-0.677865],[0.891141,-0.357712,0.279125]],"s":-5.62558,"t":[894.675,787.691,741.58],"timestamp":261867217930},{"currentFrameRate":23.4015,"devices":[],"gestures":[],"hands":[],"id":225926,"interactionBox":{"center":[0,200,0],"size":[235.247,235.247,147.751]},"pointables":[],"r":[[-0.0794966,-0.728761,-0.680138],[0.446709,0.583909,-0.677865],[0.891141,-0.357712,0.279125]],"s":-5.62558,"t":[894.675,787.691,741.58],"timestamp":261867258200},{"currentFrameRate":23.6485,"devices":[],"gestures":[],"hands":[],"id":225927,"interactionBox":{"center":[0,200,0],"size":[235.247,235.247,147.751]},"pointables":[],"r":[[-0.0794966,-0.728761,-0.680138],[0.446709,0.583909,-0.677865],[0.891141,-0.357712,0.279125]],"s":-5.62558,"t":[894.675,787.691,741.58],"timestamp":261867298601},{"currentFrameRate":19.9488,"devices":[],"gestures":[],"hands":[],"id":225928,"interactionBox":{"center":[0,200,0],"size":[235.247,235.247,147.751]},"pointables":[],"r":[[-0.0794966,-0.728761,-0.680138],[0.446709,0.583909,-0.677865],[0.891141,-0.357712,0.279125]],"s":-5.62558,"t":[894.675,787.691,741.58],"timestamp":261867378985},{"currentFrameRate":20.8333,"devices":[],"gestures":[],"hands":[],"id":225929,"interactionBox":{"center":[0,200,0],"size":[235.247,235.247,147.751]},"pointables":[],"r":[[-0.0794966,-0.728761,-0.680138],[0.446709,0.583909,-0.677865],[0.891141,-0.357712,0.279125]],"s":-5.62558,"t":[894.675,787.691,741.58],"timestamp":261867419329},{"currentFrameRate":21.5365,"devices":[],"gestures":[],"hands":[{"armBasis":[[0.815413,-0.276711,-0.508461],[0.322616,0.946527,0.00226339],[0.480646,-0.165883,0.861082]],"armWidth":64.2597,"confidence":0,"direction":[0.0642094,0.942168,-0.328931],"elbow":[237.303,85.4991,347.327],"grabAngle":0.456836,"grabStrength":0,"id":389,"palmNormal":[-0.64294,-0.21303,-0.735695],"palmPosition":[95.8531,197.416,80.8559],"palmVelocity":[1.19209e-7,1.19209e-7,1.19209e-7],"palmWidth":91.7607,"pinchDistance":55.5296,"pinchStrength":0,"r":[[1,1.11022e-17,1.59595e-17],[-1.11022e-17,1,-2.22045e-17],[-1.59595e-17,2.22045e-17,1]],"s":1,"sphereCenter":[-39.2339,159.536,-57.1886],"sphereRadius":198.326,"stabilizedPalmPosition":[95.8531,197.416,80.8559],"t":[0,0,0],"timeVisible":0,"type":"right","wrist":[106.429,130.667,112.866]}],"id":225930,"interactionBox":{"center":[0,200,0],"size":[235.247,235.247,147.751]},"pointables":[{"bases":[[[0.89471,0.270279,0.355589],[-0.351762,-0.0642074,0.933885],[0.275241,-0.960639,0.0376268]],[[0.886735,0.296809,0.354409],[-0.326465,-0.140729,0.934674],[0.327295,-0.94451,-0.0278914]],[[0.886735,0.296809,0.354409],[-0.446286,0.349727,0.823723],[0.120542,-0.888592,0.442577]],[[0.886735,0.296809,0.354409],[-0.461062,0.623422,0.631481],[-0.0335173,-0.72336,0.689657]]],"btipPosition":[52.0284,242.087,77.4757],"carpPosition":[71.8582,146.913,107.567],"dipPosition":[51.2373,225.014,93.7529],"direction":[-0.120542,0.888592,-0.442576],"extended":false,"handId":389,"id":3890,"length":52.5578,"mcpPosition":[71.8582,146.913,107.567],"pipPosition":[55.3821,194.46,108.971],"stabilizedTipPosition":[51.8464,238.16,81.2195],"timeVisible":0,"tipPosition":[51.8464,238.16,81.2195],"tipVelocity":[1.19209e-7,1.19209e-7,1.19209e-7],"tool":false,"touchDistance":1,"touchZone":"none","type":0,"width":20.4215},{"bases":[[[0.65969,-0.280668,-0.697162],[0.749564,0.312909,0.583302],[0.0544342,-0.907366,0.416802]],[[0.661805,-0.371536,-0.651134],[0.746226,0.409708,0.524676],[0.0718388,-0.833127,0.548397]],[[0.661805,-0.371536,-0.651134],[0.716288,0.5697,0.402957],[0.221238,-0.733078,0.643157]],[[0.661805,-0.371536,-0.651134],[0.685074,0.652448,0.324015],[0.304448,-0.66051,0.686323]]],"btipPosition":[82.356,297.027,19.4218],"carpPosition":[101.792,159.149,106.855],"dipPosition":[88.1256,284.51,32.4284],"direction":[-0.221238,0.733078,-0.643157],"extended":true,"handId":389,"id":3892,"length":67.574,"mcpPosition":[97.9621,222.99,77.5292],"pipPosition":[94.4701,263.487,50.8723],"stabilizedTipPosition":[83.683,294.148,22.4133],"timeVisible":0,"tipPosition":[83.683,294.148,22.4133],"tipVelocity":[1.19209e-7,1.19209e-7,1.19209e-7],"tool":false,"touchDistance":1,"touchZone":"none","type":2,"width":19.1581},{"bases":[[[0.602115,-0.43392,-0.670202],[0.796134,0.262973,0.544992],[-0.0602378,-0.861719,0.503798]],[[0.60308,-0.418712,-0.678951],[0.795528,0.378188,0.473401],[0.0585527,-0.825623,0.561175]],[[0.60308,-0.418712,-0.678951],[0.761356,0.556074,0.333344],[0.237972,-0.717957,0.654146]],[[0.60308,-0.418712,-0.678951],[0.7208,0.650634,0.239004],[0.341675,-0.633526,0.694192]]],"btipPosition":[98.6414,280.354,9.97938],"carpPosition":[110.56,156.723,98.4448],"dipPosition":[105.079,268.417,23.0595],"direction":[-0.237972,0.717957,-0.654146],"extended":true,"handId":389,"id":3893,"length":64.9742,"mcpPosition":[114.366,211.159,66.6196],"pipPosition":[111.727,248.36,41.3342],"stabilizedTipPosition":[100.122,277.608,12.9878],"timeVisible":0,"tipPosition":[100.122,277.608,12.9878],"tipVelocity":[1.19209e-7,1.19209e-7,1.19209e-7],"tool":false,"touchDistance":1,"touchZone":"none","type":3,"width":18.2302},{"bases":[[[0.45122,-0.568184,-0.688163],[0.871622,0.11511,0.476471],[-0.191508,-0.814811,0.547182]],[[0.467478,-0.487586,-0.737377],[0.883474,0.228804,0.408805],[-0.0306125,-0.842561,0.53773]],[[0.467478,-0.487586,-0.737377],[0.864453,0.426604,0.265952],[0.184894,-0.761754,0.620923]],[[0.467478,-0.487586,-0.737377],[0.831242,0.526317,0.178963],[0.300834,-0.6966,0.651343]]],"btipPosition":[118.123,254.62,11.8384],"carpPosition":[114.709,149.794,86.5799],"dipPosition":[123.353,242.511,23.1606],"direction":[-0.184894,0.761754,-0.620923],"extended":true,"handId":389,"id":3894,"length":50.9386,"mcpPosition":[125.908,197.441,54.5827],"pipPosition":[127,227.486,35.408],"stabilizedTipPosition":[119.326,251.835,14.4425],"timeVisible":0,"tipPosition":[119.326,251.835,14.4425],"tipVelocity":[1.19209e-7,1.19209e-7,1.19209e-7],"tool":false,"touchDistance":1,"touchZone":"none","type":4,"width":16.1934},{"bases":[[[0.763166,-0.0968567,-0.638902],[0.626207,0.354895,0.694201],[0.159505,-0.929876,0.331496]],[[0.779097,-0.318571,-0.539926],[0.626125,0.438324,0.644857],[0.0312299,-0.840467,0.540962]],[[0.779097,-0.318571,-0.539926],[0.614255,0.560057,0.555903],[0.125295,-0.764754,0.632022]],[[0.779097,-0.318571,-0.539926],[0.594091,0.650174,0.473635],[0.20016,-0.689772,0.695809]]],"btipPosition":[71.7469,295.107,38.2813],"carpPosition":[91.437,159.177,113.708],"dipPosition":[75.1958,283.222,50.2703],"direction":[-0.125295,0.764754,-0.632022],"extended":true,"handId":389,"id":3891,"length":59.3056,"mcpPosition":[79.6029,228.167,89.1138],"pipPosition":[78.2498,264.581,65.6759],"stabilizedTipPosition":[72.5402,292.374,41.0387],"timeVisible":0,"tipPosition":[72.5402,292.374,41.0387],"tipVelocity":[1.19209e-7,1.19209e-7,1.19209e-7],"tool":false,"touchDistance":1,"touchZone":"none","type":1,"width":19.5066}],"r":[[1,1.11022e-17,1.59595e-17],[-1.11022e-17,1,-2.22045e-17],[-1.59595e-17,2.22045e-17,1]],"s":1,"t":[0,0,0],"timestamp":261867459876},{"currentFrameRate":22.1628,"devices":[],"gestures":[],"hands":[{"armBasis":[[0.835163,-0.218127,-0.504899],[0.305871,0.947143,0.0967614],[0.457105,-0.235245,0.857738]],"armWidth":65.7594,"confidence":0.207747,"direction":[0.047072,0.964516,-0.259796],"elbow":[230.215,69.8094,325.464],"grabAngle":0.390464,"grabStrength":0,"id":389,"palmNormal":[-0.612395,-0.177608,-0.770343],"palmPosition":[94.2957,202.58,64.4824],"palmVelocity":[-38.9195,129.047,-409.152],"palmWidth":91.7607,"pinchDistance":61.5729,"pinchStrength":0,"r":[[0.999962,0.00540476,0.00683629],[-0.00550011,0.999887,0.0140069],[-0.00675981,-0.0140439,0.999879]],"s":1.00902,"sphereCenter":[-55.5684,158.485,-106.971],"sphereRadius":233.085,"stabilizedPalmPosition":[95.8106,197.557,80.409],"t":[-0.77874,2.5821,-8.18672],"timeVisible":0.040018,"type":"right","wrist":[105.751,133.864,91.9133]}],"id":225931,"interactionBox":{"center":[0,200,0],"size":[235.247,235.247,147.751]},"pointables":[{"bases":[[[0.874479,0.268453,0.404003],[-0.379602,-0.139764,0.914532],[0.301974,-0.9531,-0.0203152]],[[0.852057,0.332292,0.404452],[-0.351827,-0.208554,0.912537],[0.387578,-0.91983,-0.0607907]],[[0.852057,0.332292,0.404452],[-0.498148,0.277435,0.82151],[0.160772,-0.90145,0.401921]],[[0.852057,0.332292,0.404452],[-0.522484,0.586796,0.618612],[-0.0317715,-0.738412,0.673601]]],"btipPosition":[46.4875,246.133,59.0415],"carpPosition":[70.9466,149.68,86.7573],"dipPosition":[45.711,228.084,75.5057],"direction":[-0.160772,0.90145,-0.401921],"extended":false,"handId":389,"id":3890,"length":54.4289,"mcpPosition":[70.9466,149.68,86.7573],"pipPosition":[51.4358,195.985,89.8175],"stabilizedTipPosition":[51.6047,238.327,80.4165],"timeVisible":0.040018,"tipPosition":[48.4309,241.989,65.3654],"tipVelocity":[-138.376,95.4947,-459.573],"tool":false,"touchDistance":1,"touchZone":"none","type":0,"width":21.1074},{"bases":[[[0.689744,-0.212587,-0.692142],[0.72089,0.290888,0.629048],[0.0676088,-0.93284,0.35389]],[[0.693038,-0.297337,-0.656726],[0.715864,0.391353,0.578257],[0.0850743,-0.870881,0.484075]],[[0.693038,-0.297337,-0.656726],[0.691793,0.530555,0.489831],[0.202784,-0.79379,0.57339]],[[0.693038,-0.297337,-0.656726],[0.66914,0.604282,0.432544],[0.268237,-0.739211,0.617751]]],"btipPosition":[80.1895,310.295,9.50735],"carpPosition":[100.516,162.74,87.9272],"dipPosition":[85.4539,295.787,21.6312],"direction":[-0.202784,0.79379,-0.57339],"extended":true,"handId":389,"id":3892,"length":69.9797,"mcpPosition":[95.7588,228.373,63.0278],"pipPosition":[91.4762,272.213,38.6599],"stabilizedTipPosition":[82.7611,299.322,18.3272],"timeVisible":0.040018,"tipPosition":[81.2298,303.809,12.5073],"tipVelocity":[-57.0409,320.094,-252.822],"tool":false,"touchDistance":1,"touchZone":"none","type":2,"width":19.8015},{"bases":[[[0.635855,-0.368864,-0.677958],[0.770115,0.245071,0.588951],[-0.0510947,-0.896593,0.439898]],[[0.636565,-0.355049,-0.684635],[0.7687,0.363844,0.52604],[0.0623305,-0.861137,0.504537]],[[0.636565,-0.355049,-0.684635],[0.745714,0.50979,0.428981],[0.196711,-0.783616,0.58928]],[[0.636565,-0.355049,-0.684635],[0.716931,0.599608,0.355639],[0.284243,-0.717224,0.636236]]],"btipPosition":[98.6993,294.642,-1.12226],"carpPosition":[109.618,161.155,79.6726],"dipPosition":[104.246,280.647,11.2926],"direction":[-0.196711,0.783616,-0.58928],"extended":true,"handId":389,"id":3893,"length":67.2873,"mcpPosition":[112.845,217.793,51.884],"pipPosition":[109.937,257.976,28.3412],"stabilizedTipPosition":[100.059,283.546,8.15038],"timeVisible":0.040018,"tipPosition":[98.7767,288.434,2.37283],"tipVelocity":[-3.67504,345.207,-281.24],"tool":false,"touchDistance":1,"touchZone":"none","type":3,"width":18.8424},{"bases":[[[0.489624,-0.505544,-0.710418],[0.852079,0.104535,0.512868],[-0.185014,-0.856445,0.481947]],[[0.503748,-0.429843,-0.749315],[0.863817,0.24297,0.441346],[-0.00764828,-0.869598,0.493702]],[[0.503748,-0.429843,-0.749315],[0.852189,0.389319,0.349577],[0.141459,-0.814657,0.562427]],[[0.503748,-0.429843,-0.749315],[0.83119,0.477441,0.284908],[0.235288,-0.766345,0.597792]]],"btipPosition":[118.324,267.83,-1.16318],"carpPosition":[114.348,155.199,67.5005],"dipPosition":[122.56,254.034,9.59805],"direction":[-0.141459,0.814657,-0.562427],"extended":true,"handId":389,"id":3894,"length":52.752,"mcpPosition":[125.167,205.281,39.3181],"pipPosition":[125.449,237.394,21.0866],"stabilizedTipPosition":[119.317,255.912,10.2676],"timeVisible":0.040018,"tipPosition":[118.471,262.637,2.59557],"tipVelocity":[-0.692225,320.403,-328.118],"tool":false,"touchDistance":1,"touchZone":"none","type":4,"width":16.7373},{"bases":[[[0.78585,-0.0306419,-0.617658],[0.592848,0.321554,0.738332],[0.175986,-0.946395,0.270859]],[[0.805249,-0.248364,-0.538414],[0.591377,0.402227,0.698918],[0.0429782,-0.881209,0.470769]],[[0.805249,-0.248364,-0.538414],[0.582565,0.500492,0.64041],[0.110417,-0.829351,0.547709]],[[0.805249,-0.248364,-0.538414],[0.567035,0.588012,0.576812],[0.173334,-0.769777,0.614327]]],"btipPosition":[69.0836,306.427,28.4016],"carpPosition":[89.9491,162.002,94.4079],"dipPosition":[72.1765,292.692,39.3635],"direction":[-0.110417,0.829351,-0.547709],"extended":true,"handId":389,"id":3891,"length":61.4169,"mcpPosition":[76.8922,232.218,74.3121],"pipPosition":[74.9638,271.756,53.1893],"stabilizedTipPosition":[71.7638,295.455,38.1779],"timeVisible":0.040018,"tipPosition":[69.5634,300.294,30.6985],"tipVelocity":[-68.5987,272.238,-252.783],"tool":false,"touchDistance":1,"touchZone":"none","type":1,"width":20.1617}],"r":[[0.999962,0.00540476,0.00683629],[-0.00550011,0.999887,0.0140069],[-0.00675981,-0.0140439,0.999879]],"s":1.00902,"t":[-0.77874,2.5821,-8.18672],"timestamp":261867499894},{"currentFrameRate":22.655,"devices":[],"gestures":[],"hands":[{"armBasis":[[0.859161,-0.181058,-0.478603],[0.30137,0.934927,0.187315],[0.413544,-0.30517,0.857818]],"armWidth":65.7594,"confidence":0.399195,"direction":[0.0132131,0.970335,-0.241402],"elbow":[220.74,58.9796,305.606],"grabAngle":0.299644,"grabStrength":0,"id":389,"palmNormal":[-0.579719,-0.189273,-0.792529],"palmPosition":[95.0297,211.3,45.9048],"palmVelocity":[18.2511,216.827,-461.91],"palmWidth":91.7607,"pinchDistance":44.8069,"pinchStrength":0,"r":[[0.999658,0.0182046,0.0187924],[-0.018738,0.999415,0.0286105],[-0.0182606,-0.0289529,0.999414]],"s":1.01851,"sphereCenter":[-57.8748,147.473,-169.864],"sphereRadius":273.165,"stabilizedPalmPosition":[95.7794,198.107,79.0277],"t":[-0.801089,8.23344,-21.5689],"timeVisible":0.080237,"type":"right","wrist":[108.137,142.073,72.0333]}],"id":225932,"interactionBox":{"center":[0,200,0],"size":[235.247,235.247,147.751]},"pointables":[{"bases":[[[0.848931,0.298107,0.436403],[-0.401572,-0.172988,0.899342],[0.343593,-0.938726,-0.0271433]],[[0.801264,0.409211,0.43649],[-0.389024,-0.19795,0.899709],[0.454574,-0.890709,0.000582405]],[[0.801264,0.409211,0.43649],[-0.558828,0.251225,0.790315],[0.213748,-0.877173,0.429976]],[[0.801264,0.409211,0.43649],[-0.598218,0.560817,0.572381],[-0.0105663,-0.719744,0.694159]]],"btipPosition":[43.0802,250.707,34.1934],"carpPosition":[73.3166,157.041,66.5002],"dipPosition":[42.8219,233.115,51.1601],"direction":[-0.213748,0.877173,-0.429976],"extended":false,"handId":389,"id":3890,"length":54.4289,"mcpPosition":[73.3166,157.041,66.5002],"pipPosition":[50.4332,201.88,66.4709],"stabilizedTipPosition":[51.4523,238.475,79.6653],"timeVisible":0.080237,"tipPosition":[46.0446,248.029,43.4436],"tipVelocity":[-81.7559,116.337,-614.946],"tool":false,"touchDistance":1,"touchZone":"none","type":0,"width":21.1074},{"bases":[[[0.719628,-0.169835,-0.673269],[0.687553,0.309724,0.656767],[0.0969855,-0.935536,0.339656]],[[0.724854,-0.239068,-0.64609],[0.678544,0.409783,0.609636],[0.119012,-0.880298,0.459252]],[[0.724854,-0.239068,-0.64609],[0.663416,0.494978,0.561139],[0.185649,-0.83537,0.517388]],[[0.724854,-0.239068,-0.64609],[0.649274,0.550574,0.524701],[0.230281,-0.799822,0.554307]]],"btipPosition":[79.3915,321.975,-4.4175],"carpPosition":[102.239,171.332,68.8429],"dipPosition":[83.9109,306.278,6.46124],"direction":[-0.185649,0.83537,-0.517388],"extended":true,"handId":389,"id":3892,"length":69.9797,"mcpPosition":[95.4153,237.156,44.9451],"pipPosition":[89.4244,281.469,21.8267],"stabilizedTipPosition":[81.8739,306.572,10.6202],"timeVisible":0.080237,"tipPosition":[79.4842,314.079,-4.07201],"tipVelocity":[-24.1024,283.625,-353.346],"tool":false,"touchDistance":1,"touchZone":"none","type":2,"width":19.8015},{"bases":[[[0.672165,-0.328517,-0.663529],[0.739951,0.266818,0.617479],[-0.0258114,-0.906027,0.422432]],[[0.672647,-0.299308,-0.676728],[0.735202,0.37391,0.565393],[0.0838086,-0.877842,0.471562]],[[0.672647,-0.299308,-0.676728],[0.722266,0.464392,0.512515],[0.160867,-0.833519,0.528552]],[[0.672647,-0.299308,-0.676728],[0.704058,0.5403,0.460845],[0.227701,-0.786442,0.574161]]],"btipPosition":[100.278,307.951,-14.3267],"carpPosition":[111.655,170.294,60.858],"dipPosition":[104.721,292.605,-3.12303],"direction":[-0.160867,0.833519,-0.528552],"extended":true,"handId":389,"id":3893,"length":67.2873,"mcpPosition":[113.286,227.528,34.1727],"pipPosition":[109.375,268.49,12.1686],"stabilizedTipPosition":[100.684,294.064,-1.87662],"timeVisible":0.080237,"tipPosition":[98.7145,300.089,-13.7564],"tipVelocity":[32.9326,323.185,-335.24],"tool":false,"touchDistance":1,"touchZone":"none","type":3,"width":18.8424},{"bases":[[[0.533097,-0.470712,-0.703021],[0.830283,0.131372,0.541638],[-0.162598,-0.872452,0.460858]],[[0.547778,-0.371612,-0.749562],[0.836539,0.256,0.484423],[0.011871,-0.892395,0.451099]],[[0.547778,-0.371612,-0.749562],[0.830213,0.352149,0.432132],[0.103372,-0.859009,0.501416]],[[0.547778,-0.371612,-0.749562],[0.817175,0.429713,0.38415],[0.179342,-0.822953,0.539059]]],"btipPosition":[120.748,281.109,-14.8114],"carpPosition":[117.018,164.775,48.7424],"dipPosition":[123.976,266.294,-5.10747],"direction":[-0.103372,0.859009,-0.501416],"extended":true,"handId":389,"id":3894,"length":52.752,"mcpPosition":[126.526,215.793,21.7931],"pipPosition":[126.088,248.747,5.13479],"stabilizedTipPosition":[120.245,265.219,0.508376],"timeVisible":0.080237,"tipPosition":[119.197,274.474,-13.7634],"tipVelocity":[54.4942,324.336,-345.394],"tool":false,"touchDistance":1,"touchZone":"none","type":4,"width":16.7373},{"bases":[[[0.805362,0.0146398,-0.592602],[0.554945,0.332821,0.762408],[0.208392,-0.942876,0.259918]],[[0.831405,-0.190717,-0.521912],[0.550865,0.406093,0.729134],[0.0728869,-0.893709,0.442687]],[[0.831405,-0.190717,-0.521912],[0.542433,0.482324,0.687845],[0.120547,-0.85498,0.504457]],[[0.831405,-0.190717,-0.521912],[0.52858,0.561118,0.636985],[0.171371,-0.805465,0.567325]]],"btipPosition":[66.6848,316.03,12.9641],"carpPosition":[91.5172,170.021,74.968],"dipPosition":[69.7427,301.657,23.0873],"direction":[-0.120547,0.85498,-0.504457],"extended":true,"handId":389,"id":3891,"length":61.4169,"mcpPosition":[76.056,239.976,55.6841],"pipPosition":[72.7856,280.075,35.8212],"stabilizedTipPosition":[70.8284,299.146,33.2855],"timeVisible":0.080237,"tipPosition":[67.1777,309.082,13.3639],"tipVelocity":[-59.8441,235.118,-388.633],"tool":false,"touchDistance":1,"touchZone":"none","type":1,"width":20.1617}],"r":[[0.999658,0.0182046,0.0187924],[-0.018738,0.999415,0.0286105],[-0.0182606,-0.0289529,0.999414]],"s":1.01851,"t":[-0.801089,8.23344,-21.5689],"timestamp":261867540113},{"currentFrameRate":25.8429,"devices":[],"gestures":[],"hands":[{"armBasis":[[0.869708,-0.153893,-0.468962],[0.288273,0.929627,0.229549],[0.400633,-0.33483,0.852867]],"armWidth":65.7594,"confidence":0.463433,"direction":[-0.0161251,0.971424,-0.236802],"elbow":[218.958,55.1778,296.171],"grabAngle":0.246959,"grabStrength":0,"id":389,"palmNormal":[-0.562947,-0.204549,-0.800781],"palmPosition":[95.0042,215.53,38.2391],"palmVelocity":[-1.70499,282.084,-511.288],"palmWidth":91.7607,"pinchDistance":54.8365,"pinchStrength":0,"r":[[0.998905,0.0349419,0.0310947],[-0.0362047,0.998502,0.0410199],[-0.0296149,-0.0421007,0.998674]],"s":1.02915,"sphereCenter":[-43.291,148.881,-189.286],"sphereRadius":276.246,"stabilizedPalmPosition":[95.7652,198.425,78.2827],"t":[-0.825045,13.1738,-32.0928],"timeVisible":0.09523,"type":"right","wrist":[109.871,146.348,63.9469]}],"id":225933,"interactionBox":{"center":[0,200,0],"size":[235.247,235.247,147.751]},"pointables":[{"bases":[[[0.832884,0.324064,0.44865],[-0.406979,-0.190743,0.8933],[0.375064,-0.926606,-0.0269792]],[[0.77077,0.453095,0.447903],[-0.396704,-0.208799,0.893884],[0.498536,-0.866665,0.0188091]],[[0.77077,0.453095,0.447903],[-0.584434,0.222911,0.780223],[0.253673,-0.863143,0.436617]],[[0.77077,0.453095,0.447903],[-0.637019,0.536004,0.553991],[0.0109329,-0.712323,0.701766]]],"btipPosition":[40.458,252.249,24.6597],"carpPosition":[74.8547,160.475,58.3064],"dipPosition":[40.7252,234.839,41.8123],"direction":[-0.253673,0.863143,-0.436617],"extended":false,"handId":389,"id":3890,"length":54.4289,"mcpPosition":[74.8547,160.475,58.3064],"pipPosition":[49.7582,204.104,57.3596],"stabilizedTipPosition":[51.389,238.531,79.3696],"timeVisible":0.09523,"tipPosition":[44.2998,250.313,34.4545],"tipVelocity":[-166.83,105.677,-633.026],"tool":false,"touchDistance":1,"touchZone":"none","type":0,"width":21.1074},{"bases":[[[0.733404,-0.142407,-0.664709],[0.668417,0.3292,0.666967],[0.123841,-0.93346,0.336625]],[[0.740112,-0.205352,-0.640363],[0.660788,0.398897,0.635799],[0.124876,-0.893707,0.430923]],[[0.740112,-0.205352,-0.640363],[0.646315,0.480261,0.592981],[0.185771,-0.852748,0.488169]],[[0.740112,-0.205352,-0.640363],[0.633931,0.530831,0.56245],[0.224424,-0.822222,0.523054]]],"btipPosition":[78.3307,327.838,-9.05356],"carpPosition":[103.252,175.711,61.0864],"dipPosition":[82.7352,311.701,1.21181],"direction":[-0.185771,0.852748,-0.488169],"extended":true,"handId":389,"id":3892,"length":69.9797,"mcpPosition":[94.5384,241.388,37.4018],"pipPosition":[88.2523,286.376,15.7095],"stabilizedTipPosition":[81.3217,310.403,6.84156],"timeVisible":0.09523,"tipPosition":[77.2176,319.234,-10.4923],"tipVelocity":[-72.5147,384.302,-318.625],"tool":false,"touchDistance":1,"touchZone":"none","type":2,"width":19.8015},{"bases":[[[0.691146,-0.30263,-0.656302],[0.722715,0.28826,0.628164],[-0.000915329,-0.908472,0.417945]],[[0.690569,-0.264041,-0.673347],[0.718149,0.360865,0.595011],[0.08588,-0.89446,0.438823]],[[0.690569,-0.264041,-0.673347],[0.706674,0.444588,0.550411],[0.154031,-0.855934,0.49361]],[[0.690569,-0.264041,-0.673347],[0.691486,0.513963,0.507631],[0.21204,-0.816164,0.537508]]],"btipPosition":[100.255,314.841,-18.4287],"carpPosition":[112.798,175.026,53.2187],"dipPosition":[104.392,298.915,-7.94031],"direction":[-0.154031,0.855934,-0.49361],"extended":true,"handId":389,"id":3893,"length":67.2873,"mcpPosition":[112.856,232.415,26.8169],"pipPosition":[108.848,274.152,6.34043],"stabilizedTipPosition":[100.858,299.763,-6.58483],"timeVisible":0.09523,"tipPosition":[97.5605,306.17,-19.8349],"tipVelocity":[-6.22946,450.701,-284.57],"tool":false,"touchDistance":0.967392,"touchZone":"hovering","type":3,"width":18.8424},{"bases":[[[0.557417,-0.449183,-0.698227],[0.818476,0.15628,0.552878],[-0.139224,-0.879665,0.454758]],[[0.570827,-0.330428,-0.751647],[0.820957,0.244886,0.515811],[0.0136294,-0.911509,0.411054]],[[0.570827,-0.330428,-0.751647],[0.816043,0.329466,0.474896],[0.0907237,-0.88446,0.457712]],[[0.570827,-0.330428,-0.751647],[0.806614,0.396707,0.438176],[0.153398,-0.856412,0.492978]]],"btipPosition":[121.519,288.333,-18.8478],"carpPosition":[118.496,169.75,41.1482],"dipPosition":[124.281,272.916,-9.97339],"direction":[-0.0907237,0.88446,-0.457712],"extended":true,"handId":389,"id":3894,"length":52.752,"mcpPosition":[126.637,221.189,14.5556],"pipPosition":[126.134,254.85,-0.623867],"stabilizedTipPosition":[120.821,271.121,-4.71361],"timeVisible":0.09523,"tipPosition":[118.74,280.847,-19.9619],"tipVelocity":[44.2922,472.61,-281.944],"tool":false,"touchDistance":0.955583,"touchZone":"hovering","type":4,"width":16.7373},{"bases":[[[0.811897,0.0444191,-0.582108],[0.533779,0.34734,0.770996],[0.236436,-0.936687,0.258295]],[[0.843967,-0.161772,-0.51142],[0.530866,0.388459,0.753181],[0.076822,-0.907155,0.413725]],[[0.843967,-0.161772,-0.51142],[0.521444,0.470977,0.711531],[0.125762,-0.867185,0.481844]],[[0.843967,-0.161772,-0.51142],[0.507369,0.550148,0.66326],[0.17406,-0.819248,0.546385]]],"btipPosition":[65.2333,320.719,7.42725],"carpPosition":[92.5025,174.012,67.0669],"dipPosition":[68.3392,306.101,17.1768],"direction":[-0.125762,0.867185,-0.481844],"extended":true,"handId":389,"id":3891,"length":61.4169,"mcpPosition":[74.9607,243.508,47.9033],"pipPosition":[71.5137,284.211,29.3399],"stabilizedTipPosition":[70.3351,300.987,30.8987],"timeVisible":0.09523,"tipPosition":[64.5797,313.269,6.40839],"tipVelocity":[-96.0766,308.995,-375.027],"tool":false,"touchDistance":1,"touchZone":"none","type":1,"width":20.1617}],"r":[[0.998905,0.0349419,0.0310947],[-0.0362047,0.998502,0.0410199],[-0.0296149,-0.0421007,0.998674]],"s":1.02915,"t":[-0.825045,13.1738,-32.0928],"timestamp":261867555106},{"currentFrameRate":28.7912,"devices":[],"gestures":[],"hands":[{"armBasis":[[0.877902,-0.127284,-0.461613],[0.279871,0.918613,0.278967],[0.388536,-0.374098,0.842075]],"armWidth":65.7594,"confidence":0.52335,"direction":[-0.0352606,0.973325,-0.226704],"elbow":[216.895,47.0516,284.699],"grabAngle":0.213302,"grabStrength":0,"id":389,"palmNormal":[-0.540905,-0.209333,-0.814617],"palmPosition":[95.1534,218.299,30.4789],"palmVelocity":[9.91667,184.006,-515.731],"palmWidth":91.7607,"pinchDistance":60.333,"pinchStrength":0,"r":[[0.997561,0.0530261,0.045385],[-0.0553997,0.99707,0.0527452],[-0.0424551,-0.0551309,0.997576]],"s":1.03771,"sphereCenter":[-22.4094,158.207,-191.793],"sphereRadius":260.715,"stabilizedPalmPosition":[95.7568,198.698,77.6274],"t":[-0.762414,17.0283,-41.2349],"timeVisible":0.110277,"type":"right","wrist":[111.102,148.913,55.4133]}],"id":225934,"interactionBox":{"center":[0,200,0],"size":[235.247,235.247,147.751]},"pointables":[{"bases":[[[0.815072,0.339375,0.469555],[-0.420643,-0.210667,0.882428],[0.398394,-0.916757,-0.0289528]],[[0.743698,0.476996,0.468388],[-0.412205,-0.224406,0.883023],[0.526308,-0.849774,0.0297303]],[[0.743698,0.476996,0.468388],[-0.610408,0.198812,0.76673],[0.272606,-0.856124,0.439019]],[[0.743698,0.476996,0.468388],[-0.668363,0.515549,0.536191],[0.0142844,-0.711817,0.70222]]],"btipPosition":[39.4102,253.206,15.2346],"carpPosition":[75.961,162.545,49.5277],"dipPosition":[39.7593,235.808,32.3983],"direction":[-0.272606,0.856124,-0.439019],"extended":false,"handId":389,"id":3890,"length":54.4289,"mcpPosition":[75.961,162.545,49.5277],"pipPosition":[49.4664,205.323,48.0311],"stabilizedTipPosition":[51.3487,238.568,79.1657],"timeVisible":0.110277,"tipPosition":[43.3787,251.668,25.4884],"tipVelocity":[-68.3838,63.7767,-626.209],"tool":false,"touchDistance":1,"touchZone":"none","type":0,"width":21.1074},{"bases":[[[0.750393,-0.116906,-0.650572],[0.646018,0.338027,0.684397],[0.139901,-0.933847,0.329176]],[[0.757914,-0.177506,-0.627741],[0.639049,0.395379,0.659766],[0.131083,-0.901203,0.413098]],[[0.757914,-0.177506,-0.627741],[0.62595,0.468881,0.623167],[0.18372,-0.865241,0.466481]],[[0.757914,-0.177506,-0.627741],[0.615467,0.513562,0.597875],[0.216257,-0.839491,0.498485]]],"btipPosition":[77.7655,331.683,-14.5237],"carpPosition":[103.908,178.441,53.0686],"dipPosition":[82.0097,315.207,-4.74055],"direction":[-0.18372,0.865241,-0.466481],"extended":true,"handId":389,"id":3892,"length":69.9797,"mcpPosition":[94.0644,244.145,29.9081],"pipPosition":[87.4658,289.511,9.11309],"stabilizedTipPosition":[80.8532,313.579,3.37102],"timeVisible":0.110277,"tipPosition":[76.1559,322.742,-16.9064],"tipVelocity":[-40.0139,250.322,-370.91],"tool":false,"touchDistance":0.909725,"touchZone":"hovering","type":2,"width":19.8015},{"bases":[[[0.711952,-0.278202,-0.644769],[0.702109,0.298869,0.646312],[0.0128964,-0.912842,0.408109]],[[0.710477,-0.233366,-0.6639],[0.697683,0.356902,0.621176],[0.0919855,-0.904523,0.416386]],[[0.710477,-0.233366,-0.6639],[0.687499,0.431568,0.584032],[0.150225,-0.871372,0.467058]],[[0.710477,-0.233366,-0.6639],[0.675026,0.492652,0.549212],[0.198904,-0.838352,0.507546]]],"btipPosition":[100.295,319.519,-23.229],"carpPosition":[113.63,178.079,45.3972],"dipPosition":[104.177,303.16,-13.3253],"direction":[-0.150225,0.871372,-0.467058],"extended":true,"handId":389,"id":3893,"length":67.2873,"mcpPosition":[112.815,235.744,19.6167],"pipPosition":[108.523,277.951,0.187282],"stabilizedTipPosition":[100.961,304.771,-11.0835],"timeVisible":0.110277,"tipPosition":[97.2744,310.438,-25.8088],"tipVelocity":[-1.20624,304.27,-327.958],"tool":false,"touchDistance":0.829965,"touchZone":"hovering","type":3,"width":18.8424},{"bases":[[[0.582799,-0.427516,-0.691069],[0.802659,0.170131,0.571658],[-0.126821,-0.887854,0.442302]],[[0.595144,-0.291546,-0.748869],[0.803291,0.242445,0.544008],[0.0229559,-0.925322,0.378486]],[[0.595144,-0.291546,-0.748869],[0.798724,0.317293,0.511239],[0.0885608,-0.9024,0.4217]],[[0.595144,-0.291546,-0.748869],[0.791267,0.375351,0.48271],[0.140356,-0.879837,0.454078]]],"btipPosition":[121.939,293.44,-23.2351],"carpPosition":[119.707,173.079,33.394],"dipPosition":[124.466,277.601,-15.0609],"direction":[-0.0885608,0.9024,-0.4217],"extended":true,"handId":389,"id":3894,"length":52.752,"mcpPosition":[127.123,224.998,7.52979],"pipPosition":[126.275,259.168,-6.447],"stabilizedTipPosition":[121.36,277.042,-9.99012],"timeVisible":0.110277,"tipPosition":[119.014,285.494,-25.8154],"tipVelocity":[24.334,332.943,-302.275],"tool":false,"touchDistance":0.825134,"touchZone":"hovering","type":4,"width":16.7373},{"bases":[[[0.822494,0.070855,-0.564343],[0.508834,0.35169,0.785749],[0.254148,-0.933431,0.253209]],[[0.858409,-0.138396,-0.493943],[0.506424,0.381932,0.773087],[0.0816604,-0.913769,0.397941]],[[0.858409,-0.138396,-0.493943],[0.496825,0.463954,0.733424],[0.127664,-0.874982,0.467021]],[[0.858409,-0.138396,-0.493943],[0.483855,0.538222,0.690074],[0.170347,-0.831363,0.528978]]],"btipPosition":[64.2995,323.587,0.93321],"carpPosition":[93.0816,176.412,58.8025],"dipPosition":[67.3391,308.753,10.3722],"direction":[-0.127664,0.874982,-0.467021],"extended":true,"handId":389,"id":3891,"length":61.4169,"mcpPosition":[74.2257,245.666,40.0162],"pipPosition":[70.5617,286.665,22.1611],"stabilizedTipPosition":[69.9466,302.384,28.8754],"timeVisible":0.110277,"tipPosition":[63.1345,315.949,-0.641538],"tipVelocity":[-63.0716,187.296,-436.332],"tool":false,"touchDistance":1,"touchZone":"none","type":1,"width":20.1617}],"r":[[0.997561,0.0530261,0.045385],[-0.0553997,0.99707,0.0527452],[-0.0424551,-0.0551309,0.997576]],"s":1.03771,"t":[-0.762414,17.0283,-41.2349],"timestamp":261867570153},{"currentFrameRate":31.5403,"devices":[],"gestures":[],"hands":[{"armBasis":[[0.888092,-0.099869,-0.448685],[0.272895,0.900029,0.339819],[0.369892,-0.424234,0.826562]],"armWidth":65.7594,"confidence":0.578121,"direction":[-0.0485479,0.97261,-0.227318],"elbow":[212.703,34.5782,272.607],"grabAngle":0.1838,"grabStrength":0,"id":389,"palmNormal":[-0.501899,-0.220521,-0.836342],"palmPosition":[95.4515,219.574,22.5976],"palmVelocity":[19.9576,85.3684,-527.603],"palmWidth":91.7607,"pinchDistance":61.5619,"pinchStrength":0,"r":[[0.995275,0.071947,0.0651981],[-0.0759752,0.995207,0.0615666],[-0.0604561,-0.0662291,0.995971]],"s":1.04912,"sphereCenter":[0.0229635,163.314,-197.36],"sphereRadius":248.851,"stabilizedPalmPosition":[95.7545,198.859,77.2008],"t":[-0.582036,19.5932,-49.7466],"timeVisible":0.125215,"type":"right","wrist":[111.987,150.092,47.5451]}],"id":225935,"interactionBox":{"center":[0,200,0],"size":[235.247,235.247,147.751]},"pointables":[{"bases":[[[0.786934,0.357457,0.502951],[-0.451587,-0.221812,0.864215],[0.42048,-0.907207,-0.0131288]],[[0.704552,0.505635,0.497935],[-0.438916,-0.240872,0.865641],[0.557637,-0.82844,0.0522239]],[[0.704552,0.505635,0.497935],[-0.642402,0.156287,0.750262],[0.301538,-0.848474,0.434934]],[[0.704552,0.505635,0.497935],[-0.708642,0.46386,0.531658],[0.0378527,-0.727438,0.685128]]],"btipPosition":[37.0602,253.055,5.94053],"carpPosition":[76.7944,163.358,40.8028],"dipPosition":[37.9854,235.275,22.6865],"direction":[-0.301538,0.848474,-0.434934],"extended":false,"handId":389,"id":3890,"length":54.4289,"mcpPosition":[76.7944,163.358,40.8028],"pipPosition":[48.7227,205.062,38.1738],"stabilizedTipPosition":[51.315,238.593,78.9995],"timeVisible":0.125215,"tipPosition":[42.3166,251.341,14.6804],"tipVelocity":[-148.446,-15.9841,-628.606],"tool":false,"touchDistance":0.926492,"touchZone":"hovering","type":0,"width":21.1074},{"bases":[[[0.779051,-0.0983869,-0.619193],[0.609258,0.351833,0.710646],[0.147934,-0.930878,0.334039]],[[0.78657,-0.154485,-0.597865],[0.60314,0.399805,0.690202],[0.132403,-0.903488,0.40765]],[[0.78657,-0.154485,-0.597865],[0.591939,0.464326,0.658794],[0.175831,-0.872087,0.456671]],[[0.78657,-0.154485,-0.597865],[0.583292,0.503669,0.637251],[0.20268,-0.849972,0.48628]]],"btipPosition":[77.9209,333.451,-21.6271],"carpPosition":[104.194,179.893,45.5022],"dipPosition":[81.8987,316.769,-12.0835],"direction":[-0.175831,0.872087,-0.456671],"extended":true,"handId":389,"id":3892,"length":69.9797,"mcpPosition":[93.7856,245.389,21.9996],"pipPosition":[87.1205,290.87,1.4788],"stabilizedTipPosition":[80.6427,315.252,0.99172],"timeVisible":0.125215,"tipPosition":[76.2748,324.215,-24.8655],"tipVelocity":[6.30318,115.18,-479.214],"tool":false,"touchDistance":0.744709,"touchZone":"hovering","type":2,"width":19.8015},{"bases":[[[0.744169,-0.260542,-0.615085],[0.667766,0.314051,0.674878],[0.0173344,-0.912957,0.407688]],[[0.74218,-0.211388,-0.63599],[0.664127,0.359431,0.655549],[0.0900195,-0.908914,0.407151]],[[0.74218,-0.211388,-0.63599],[0.655522,0.426484,0.62322],[0.139499,-0.879447,0.455097]],[[0.74218,-0.211388,-0.63599],[0.645659,0.479964,0.593935],[0.179702,-0.85144,0.492704]]],"btipPosition":[101.391,321.912,-29.2956],"carpPosition":[114.229,179.77,38.2375],"dipPosition":[104.898,305.297,-19.6815],"direction":[-0.139499,0.879447,-0.455097],"extended":true,"handId":389,"id":3893,"length":67.2873,"mcpPosition":[113.134,237.442,12.4836],"pipPosition":[108.934,279.854,-6.51495],"stabilizedTipPosition":[101.212,307.47,-14.326],"timeVisible":0.125215,"tipPosition":[98.2408,312.53,-32.7764],"tipVelocity":[67.6077,156.217,-410.577],"tool":false,"touchDistance":0.688304,"touchZone":"hovering","type":3,"width":18.8424},{"bases":[[[0.620542,-0.41274,-0.666763],[0.774273,0.187805,0.604343],[-0.124216,-0.891277,0.436114]],[[0.632292,-0.269736,-0.726257],[0.774554,0.240095,0.585167],[0.0165304,-0.932522,0.360735]],[[0.632292,-0.269736,-0.726257],[0.771006,0.310887,0.555786],[0.0758682,-0.911368,0.404539]],[[0.632292,-0.269736,-0.726257],[0.765559,0.361356,0.532299],[0.118857,-0.892561,0.434981]]],"btipPosition":[123.874,296.171,-28.426],"carpPosition":[120.91,174.933,26.4914],"dipPosition":[126.013,280.104,-20.5957],"direction":[-0.0758682,0.911368,-0.404539],"extended":true,"handId":389,"id":3894,"length":52.752,"mcpPosition":[128.174,227.051,0.989018],"pipPosition":[127.563,261.487,-12.3323],"stabilizedTipPosition":[122.075,280.715,-13.9487],"timeVisible":0.125215,"tipPosition":[120.537,287.982,-31.9306],"tipVelocity":[123.545,179.323,-352.793],"tool":false,"touchDistance":0.696903,"touchZone":"hovering","type":4,"width":16.7373},{"bases":[[[0.843152,0.0908585,-0.529943],[0.467738,0.362141,0.806272],[0.265171,-0.927684,0.262842]],[[0.880292,-0.108909,-0.461762],[0.465213,0.389084,0.795104],[0.0930704,-0.914742,0.393174]],[[0.880292,-0.108909,-0.461762],[0.455796,0.46425,0.759422],[0.131665,-0.878983,0.458316]],[[0.880292,-0.108909,-0.461762],[0.444361,0.53027,0.722051],[0.166221,-0.840805,0.515187]]],"btipPosition":[63.0521,324.666,-7.12023],"carpPosition":[93.1914,177.605,50.784],"dipPosition":[66.0181,309.663,2.07263],"direction":[-0.131665,0.878983,-0.458316],"extended":true,"handId":389,"id":3891,"length":61.4169,"mcpPosition":[73.5176,246.432,31.2831],"pipPosition":[69.3417,287.475,13.6419],"stabilizedTipPosition":[69.6901,303.161,27.4765],"timeVisible":0.125215,"tipPosition":[62.5619,316.826,-9.42695],"tipVelocity":[-84.6388,69.6561,-542.913],"tool":false,"touchDistance":0.85634,"touchZone":"hovering","type":1,"width":20.1617}],"r":[[0.995275,0.071947,0.0651981],[-0.0759752,0.995207,0.0615666],[-0.0604561,-0.0662291,0.995971]],"s":1.04912,"t":[-0.582036,19.5932,-49.7466],"timestamp":261867585091},{"currentFrameRate":34.732,"devices":[],"gestures":[],"hands":[{"armBasis":[[0.904329,-0.0816293,-0.418958],[0.269159,0.87085,0.411309],[0.331275,-0.484724,0.809505]],"armWidth":65.7594,"confidence":0.615191,"direction":[-0.047575,0.976725,-0.209152],"elbow":[201.318,16.3962,261.658],"grabAngle":0.184686,"grabStrength":0,"id":389,"palmNormal":[-0.462391,-0.207138,-0.862142],"palmPosition":[95.1733,218.575,17.4583],"palmVelocity":[-25.4478,-91.3198,-470.071],"palmWidth":91.7607,"pinchDistance":62.0193,"pinchStrength":0,"r":[[0.991996,0.0882849,0.0902727],[-0.0948909,0.992902,0.0717075],[-0.0833012,-0.0796996,0.993332]],"s":1.06131,"sphereCenter":[1.50012,158.86,-223.933],"sphereRadius":268.198,"stabilizedPalmPosition":[95.7522,198.936,76.9683],"t":[-0.630957,20.3764,-56.5721],"timeVisible":0.136148,"type":"right","wrist":[111.116,148.38,41.24]}],"id":225936,"interactionBox":{"center":[0,200,0],"size":[235.247,235.247,147.751]},"pointables":[{"bases":[[[0.760574,0.353449,0.544611],[-0.487209,-0.243725,0.838586],[0.429133,-0.903146,-0.0131669]],[[0.676158,0.502429,0.538865],[-0.467925,-0.272094,0.84084],[0.569084,-0.820689,0.0511208]],[[0.676158,0.502429,0.538865],[-0.66615,0.104472,0.738464],[0.314729,-0.858284,0.405333]],[[0.676158,0.502429,0.538865],[-0.735138,0.411636,0.538635],[0.0488094,-0.760342,0.647686]]],"btipPosition":[35.2102,252.295,0.818237],"carpPosition":[76.2581,161.834,33.6558],"dipPosition":[36.4032,233.71,16.649],"direction":[-0.314729,0.858284,-0.405333],"extended":false,"handId":389,"id":3890,"length":54.4289,"mcpPosition":[76.2581,161.834,33.6558],"pipPosition":[47.6102,203.148,31.0823],"stabilizedTipPosition":[51.2879,238.609,78.8719],"timeVisible":0.136148,"tipPosition":[41.1614,249.752,7.34883],"tipVelocity":[-163.584,-86.4979,-487.77],"tool":false,"touchDistance":0.787184,"touchZone":"hovering","type":0,"width":21.1074},{"bases":[[[0.80652,-0.0787725,-0.585935],[0.57396,0.341963,0.744064],[0.141757,-0.936406,0.321013]],[[0.813282,-0.13195,-0.566711],[0.567685,0.393676,0.723017],[0.127698,-0.90973,0.395075]],[[0.813282,-0.13195,-0.566711],[0.556562,0.46052,0.691491],[0.16974,-0.877787,0.447971]],[[0.813282,-0.13195,-0.566711],[0.548692,0.498089,0.67145],[0.193675,-0.857028,0.477487]]],"btipPosition":[78.0233,333.066,-25.2436],"carpPosition":[103.267,178.498,39.9053],"dipPosition":[81.8244,316.246,-15.8725],"direction":[-0.16974,0.877787,-0.447971],"extended":true,"handId":389,"id":3892,"length":69.9797,"mcpPosition":[93.2936,244.382,17.3192],"pipPosition":[86.8653,290.177,-2.56855],"stabilizedTipPosition":[80.5576,315.932,-0.183255],"tim