{"frames":191,"data":[{"currentFrameRate":24.8738,"devices":[],"gestures":[],"hands":[],"id":226494,"interactionBox":{"center":[0,200,0],"size":[235.247,235.247,147.751]},"pointables":[],"r":[[-0.0794966,-0.728761,-0.680138],[0.446709,0.583909,-0.677865],[0.891141,-0.357712,0.279125]],"s":-5.62558,"t":[894.675,787.691,741.58],"timestamp":261882993169},{"currentFrameRate":24.8589,"devices":[],"gestures":[],"hands":[{"armBasis":[[0.615777,-0.708144,-0.345473],[0.739449,0.670797,-0.0569811],[0.272093,-0.220372,0.936697]],"armWidth":64.2597,"confidence":0,"direction":[0.237941,0.701128,-0.672163],"elbow":[179.417,87.3213,413.467],"grabAngle":1.11153,"grabStrength":0,"id":390,"palmNormal":[-0.790944,-0.261788,-0.553059],"palmPosition":[110.106,200.29,104.288],"palmVelocity":[1.19209e-7,1.19209e-7,1.19209e-7],"palmWidth":91.7607,"pinchDistance":69.602,"pinchStrength":0,"r":[[1,-1.11022e-17,-2.77556e-17],[1.11022e-17,1,1.11022e-17],[2.77556e-17,-1.11022e-17,1]],"s":1,"sphereCenter":[45.1716,192.13,43.9351],"sphereRadius":89.8797,"stabilizedPalmPosition":[110.106,200.29,104.288],"t":[0,0,0],"timeVisible":0,"type":"right","wrist":[105.329,147.326,158.417]}],"id":226495,"interactionBox":{"center":[0,200,0],"size":[235.247,235.247,147.751]},"pointables":[{"bases":[[[0.980715,0.104078,0.165424],[-0.192825,0.37722,0.905827],[0.0318753,-0.920257,0.390015]],[[0.961288,0.257804,0.0972715],[-0.147117,0.181714,0.972284],[0.232983,-0.948956,0.212607]],[[0.961288,0.257804,0.0972715],[-0.225585,0.533614,0.815088],[0.158227,-0.805477,0.571113]],[[0.961288,0.257804,0.0972715],[-0.263756,0.75877,0.595567],[0.0797329,-0.598168,0.797394]]],"btipPosition":[60.2345,261.532,100.806],"carpPosition":[79.2854,171.947,149.966],"dipPosition":[62.1164,247.414,119.626],"direction":[-0.158227,0.805477,-0.571113],"extended":true,"handId":390,"id":3900,"length":52.5578,"mcpPosition":[79.2854,171.947,149.966],"pipPosition":[67.5569,219.718,139.263],"stabilizedTipPosition":[60.6674,258.285,105.135],"timeVisible":0,"tipPosition":[60.6674,258.285,105.135],"tipVelocity":[1.19209e-7,1.19209e-7,1.19209e-7],"tool":false,"touchDistance":1,"touchZone":"none","type":0,"width":20.4215},{"bases":[[[0.441689,-0.689675,-0.573811],[0.891438,0.265201,0.367432],[-0.101233,-0.673808,0.731939]],[[0.433563,-0.734944,-0.521422],[0.901116,0.355855,0.247703],[0.00350268,-0.577257,0.816555]],[[0.433563,-0.734944,-0.521422],[0.779289,0.596344,-0.192567],[0.452473,-0.322848,0.831286]],[[0.433563,-0.734944,-0.521422],[0.56543,0.672427,-0.47763],[0.701649,-0.087745,0.707099]]],"btipPosition":[91.4227,260.182,14.2394],"carpPosition":[110.743,173.793,142.669],"dipPosition":[104.72,258.519,27.6398],"direction":[-0.452473,0.322848,-0.831286],"extended":true,"handId":390,"id":3902,"length":67.574,"mcpPosition":[117.866,221.201,91.1704],"pipPosition":[117.695,249.261,51.4788],"stabilizedTipPosition":[94.481,259.799,17.3215],"timeVisible":0,"tipPosition":[94.481,259.799,17.3215],"tipVelocity":[1.19209e-7,1.19209e-7,1.19209e-7],"tool":false,"touchDistance":1,"touchZone":"none","type":2,"width":19.1581},{"bases":[[[0.353512,-0.799331,-0.485901],[0.917036,0.193635,0.348642],[-0.184593,-0.568838,0.801467]],[[0.354722,-0.795562,-0.491176],[0.933706,0.328751,0.141832],[0.048638,-0.508925,0.859436]],[[0.354722,-0.795562,-0.491176],[0.745489,0.55772,-0.36496],[0.564286,-0.236707,0.790918]],[[0.354722,-0.795562,-0.491176],[0.431209,0.605334,-0.669051],[0.829597,0.0255279,0.557779]]],"btipPosition":[95.1551,231.085,13.3638],"carpPosition":[117.082,166.088,135.323],"dipPosition":[110.787,231.566,23.8736],"direction":[-0.564286,0.236707,-0.790918],"extended":true,"handId":390,"id":3903,"length":64.9742,"mcpPosition":[128.742,202.022,84.6937],"pipPosition":[126.551,224.953,45.9692],"stabilizedTipPosition":[98.7503,231.196,15.7811],"timeVisible":0,"tipPosition":[98.7503,231.196,15.7811],"tipVelocity":[1.19209e-7,1.19209e-7,1.19209e-7],"tool":false,"touchDistance":1,"touchZone":"none","type":3,"width":18.2302},{"bases":[[[0.173359,-0.880728,-0.440756],[0.940921,0.0159311,0.338251],[-0.290885,-0.473355,0.831457]],[[0.187601,-0.856115,-0.481531],[0.982084,0.154599,0.107749],[-0.0178012,-0.493118,0.86978]],[[0.187601,-0.856115,-0.481531],[0.817823,0.407665,-0.406171],[0.544033,-0.317609,0.776629]],[[0.187601,-0.856115,-0.481531],[0.52037,0.502411,-0.690505],[0.833079,-0.121036,0.53975]]],"btipPosition":[109.747,208.145,22.5038],"carpPosition":[117.314,154.512,126.841],"dipPosition":[124.228,206.041,31.8862],"direction":[-0.544033,0.317609,-0.776629],"extended":true,"handId":390,"id":3904,"length":50.9386,"mcpPosition":[134.324,182.193,78.22],"pipPosition":[134.959,199.776,47.2047],"stabilizedTipPosition":[113.078,207.661,24.6617],"timeVisible":0,"tipPosition":[113.078,207.661,24.6617],"tipVelocity":[1.19209e-7,1.19209e-7,1.19209e-7],"tool":false,"touchDistance":1,"touchZone":"none","type":4,"width":16.1934},{"bases":[[[0.595677,-0.536103,-0.598133],[0.802948,0.37794,0.460907],[-0.0210349,-0.754821,0.655593]],[[0.584628,-0.650021,-0.485471],[0.810422,0.440041,0.386757],[-0.0377725,-0.619545,0.784052]],[[0.584628,-0.650021,-0.485471],[0.761567,0.645983,0.052178],[0.279689,-0.400223,0.872694]],[[0.584628,-0.650021,-0.485471],[0.634873,0.739105,-0.225078],[0.50512,-0.176625,0.844782]]],"btipPosition":[89.7112,274.924,31.1764],"carpPosition":[102.035,179.281,149.615],"dipPosition":[98.4145,271.881,45.7322],"direction":[-0.279689,0.400223,-0.872694],"extended":true,"handId":390,"id":3901,"length":59.3056,"mcpPosition":[103.595,235.283,100.974],"pipPosition":[105.232,262.126,67.0043],"stabilizedTipPosition":[91.7129,274.225,34.5242],"timeVisible":0,"tipPosition":[91.7129,274.225,34.5242],"tipVelocity":[1.19209e-7,1.19209e-7,1.19209e-7],"tool":false,"touchDistance":1,"touchZone":"none","type":1,"width":19.5066}],"r":[[1,-1.11022e-17,-2.77556e-17],[1.11022e-17,1,1.11022e-17],[2.77556e-17,-1.11022e-17,1]],"s":1,"t":[0,0,0],"timestamp":261883033504},{"currentFrameRate":24.867,"devices":[],"gestures":[],"hands":[{"armBasis":[[0.755517,-0.571385,-0.320491],[0.550461,0.81892,-0.162363],[0.355228,-0.0537498,0.933233]],"armWidth":65.7594,"confidence":0.208438,"direction":[0.166569,0.757937,-0.630703],"elbow":[203.551,140.043,403.877],"grabAngle":0.837284,"grabStrength":0,"id":390,"palmNormal":[-0.715364,-0.347323,-0.606318],"palmPosition":[105.246,208.663,97.2807],"palmVelocity":[-121.041,208.517,-174.514],"palmWidth":91.7607,"pinchDistance":70.6299,"pinchStrength":0,"r":[[0.999521,0.0288113,0.0113122],[-0.028898,0.999554,0.00757032],[-0.0110891,-0.0078936,0.999907]],"s":0.988395,"sphereCenter":[32.2441,181.919,16.5119],"sphereRadius":114.17,"stabilizedPalmPosition":[108.848,202.457,102.474],"t":[-2.43021,4.18649,-3.5038],"timeVisible":0.040155,"type":"right","wrist":[106.827,154.679,149.769]}],"id":226496,"interactionBox":{"center":[0,200,0],"size":[235.247,235.247,147.751]},"pointables":[{"bases":[[[0.945414,0.236359,0.224336],[-0.291225,0.303919,0.907095],[0.14622,-0.922913,0.356163]],[[0.923716,0.336004,0.183984],[-0.233938,0.114453,0.965491],[0.303352,-0.93488,0.184326]],[[0.923716,0.336004,0.183984],[-0.355222,0.571493,0.739739],[0.14341,-0.748663,0.647253]],[[0.923716,0.336004,0.183984],[-0.382781,0.790652,0.477858],[0.015095,-0.511831,0.858954]]],"btipPosition":[55.8859,260.364,86.7215],"carpPosition":[76.6323,174.132,140.043],"dipPosition":[56.2549,247.853,107.716],"direction":[-0.14341,0.748663,-0.647253],"extended":true,"handId":390,"id":3900,"length":54.4289,"mcpPosition":[76.6323,174.132,140.043],"pipPosition":[61.3615,221.195,130.764],"stabilizedTipPosition":[60.5629,258.267,104.832],"timeVisible":0.040155,"tipPosition":[51.6445,258.215,94.7483],"tipVelocity":[-116.961,-19.8839,-338.299],"tool":false,"touchDistance":1,"touchZone":"none","type":0,"width":21.1074},{"bases":[[[0.566001,-0.592141,-0.573595],[0.823505,0.373601,0.426921],[-0.0385019,-0.713996,0.69909]],[[0.55746,-0.672524,-0.486776],[0.828531,0.413462,0.377606],[-0.0526855,-0.613809,0.787695]],[[0.55746,-0.672524,-0.486776],[0.786551,0.61546,0.0504524],[0.265661,-0.411,0.872069]],[[0.55746,-0.672524,-0.486776],[0.657726,0.715545,-0.235355],[0.506592,-0.188964,0.841224]]],"btipPosition":[95.3398,277.861,3.36032],"carpPosition":[107.811,180.812,134.608],"dipPosition":[105.282,274.152,19.87],"direction":[-0.265661,0.411,-0.872069],"extended":true,"handId":390,"id":3902,"length":69.9797,"mcpPosition":[110.52,231.048,85.4208],"pipPosition":[113.172,261.947,45.7689],"stabilizedTipPosition":[96.7239,272.07,10.074],"timeVisible":0.040155,"tipPosition":[92.7067,273.843,9.07334],"tipVelocity":[78.3339,428.556,-253.117],"tool":false,"touchDistance":1,"touchZone":"none","type":2,"width":19.8015},{"bases":[[[0.490466,-0.717225,-0.495007],[0.860192,0.30739,0.406918],[-0.139692,-0.62538,0.767715]],[[0.494502,-0.697797,-0.518215],[0.869174,0.398484,0.292826],[0.00216725,-0.595222,0.803558]],[[0.494502,-0.697797,-0.518215],[0.782719,0.61674,-0.0835627],[0.377914,-0.364295,0.851158]],[[0.494502,-0.697797,-0.518215],[0.584097,0.708308,-0.396397],[0.643661,-0.106669,0.757841]]],"btipPosition":[100.798,254.343,1.94022],"carpPosition":[115.568,174.442,127.346],"dipPosition":[113.358,252.261,16.728],"direction":[-0.377914,0.364295,-0.851158],"extended":true,"handId":390,"id":3903,"length":67.2873,"mcpPosition":[124.392,213.947,78.8488],"pipPosition":[124.291,241.722,41.353],"stabilizedTipPosition":[103.241,251.815,6.28505],"timeVisible":0.040155,"tipPosition":[99.9498,249.152,6.94257],"tipVelocity":[122.936,564.517,-259.984],"tool":false,"touchDistance":1,"touchZone":"none","type":3,"width":18.8424},{"bases":[[[0.322086,-0.82565,-0.463209],[0.910262,0.135626,0.391189],[-0.260162,-0.547638,0.795241]],[[0.350267,-0.756037,-0.55292],[0.933357,0.232275,0.273666],[-0.0784718,-0.611928,0.787011]],[[0.350267,-0.756037,-0.55292],[0.868501,0.483207,-0.110531],[0.350741,-0.441496,0.82587]],[[0.350267,-0.756037,-0.55292],[0.69556,0.605307,-0.387041],[0.627303,-0.249022,0.737888]]],"btipPosition":[117.57,231.541,12.7405],"carpPosition":[117.916,163.418,118.459],"dipPosition":[128.862,227.058,26.0237],"direction":[-0.350741,0.441496,-0.825871],"extended":true,"handId":390,"id":3904,"length":52.752,"mcpPosition":[133.129,195.442,71.9563],"pipPosition":[136.027,218.039,42.8934],"stabilizedTipPosition":[119.67,228.909,16.4166],"timeVisible":0.040155,"tipPosition":[116.275,225.992,16.8657],"tipVelocity":[176.552,569.002,-220.798],"tool":false,"touchDistance":1,"touchZone":"none","type":4,"width":16.7373},{"bases":[[[0.696942,-0.417077,-0.583368],[0.714906,0.46807,0.519443],[0.0564091,-0.779075,0.624388]],[[0.689401,-0.595912,-0.411843],[0.718014,0.486948,0.49733],[-0.0958192,-0.638569,0.763576]],[[0.689401,-0.595912,-0.411843],[0.714305,0.653742,0.249781],[0.120392,-0.466381,0.876353]],[[0.689401,-0.595912,-0.411843],[0.650929,0.759088,-0.00873762],[0.317832,-0.262057,0.911213]]],"btipPosition":[89.4594,287.571,22.2864],"carpPosition":[98.0556,184.669,141.253],"dipPosition":[95.1307,282.895,38.5459],"direction":[-0.120392,0.466381,-0.876353],"extended":true,"handId":390,"id":3901,"length":61.4169,"mcpPosition":[93.8705,242.471,94.9282],"pipPosition":[98.1697,271.122,60.6676],"stabilizedTipPosition":[91.3336,279.128,31.1282],"timeVisible":0.040155,"tipPosition":[85.5425,284.492,27.6465],"tipVelocity":[-23.637,305.597,-211.633],"tool":false,"touchDistance":1,"touchZone":"none","type":1,"width":20.1617}],"r":[[0.999521,0.0288113,0.0113122],[-0.028898,0.999554,0.00757032],[-0.0110891,-0.0078936,0.999907]],"s":0.988395,"t":[-2.43021,4.18649,-3.5038],"timestamp":261883073659},{"currentFrameRate":25.9169,"devices":[],"gestures":[],"hands":[{"armBasis":[[0.766181,-0.505717,-0.396507],[0.540645,0.840796,-0.0276744],[0.347377,-0.193166,0.917615]],"armWidth":65.7594,"confidence":0.358692,"direction":[0.13202,0.78661,-0.603171],"elbow":[200.04,108.51,388.631],"grabAngle":0.585386,"grabStrength":0,"id":390,"palmNormal":[-0.667159,-0.37953,-0.64098],"palmPosition":[101.526,217.748,88.6027],"palmVelocity":[-119.6,292.12,-279.016],"palmWidth":91.7607,"pinchDistance":69.9236,"pinchStrength":0,"r":[[0.997424,0.0660941,0.0278761],[-0.0666277,0.997603,0.0186686],[-0.0265754,-0.0204778,0.999437]],"s":0.980563,"sphereCenter":[4.36589,174.719,-13.4084],"sphereRadius":150.31,"stabilizedPalmPosition":[106.222,207.942,97.4992],"t":[-5.50521,10.8225,-9.59467],"timeVisible":0.071257,"type":"right","wrist":[105.454,161.106,138.777]}],"id":226497,"interactionBox":{"center":[0,200,0],"size":[235.247,235.247,147.751]},"pointables":[{"bases":[[[0.917493,0.296974,0.264598],[-0.343173,0.254707,0.904078],[0.201093,-0.920289,0.335605]],[[0.900853,0.361725,0.240039],[-0.280954,0.0642607,0.957567],[0.330951,-0.930067,0.159518]],[[0.900853,0.361725,0.240039],[-0.413021,0.543829,0.730523],[0.133708,-0.757235,0.63931]],[[0.900853,0.361725,0.240039],[-0.432837,0.79094,0.432511],[-0.0334068,-0.493527,0.869089]]],"btipPosition":[53.4752,265.822,77.3032],"carpPosition":[74.08,179.975,129.341],"dipPosition":[52.6586,253.759,98.5456],"direction":[-0.133708,0.757235,-0.63931],"extended":true,"handId":390,"id":3900,"length":54.4289,"mcpPosition":[74.08,179.975,129.341],"pipPosition":[57.4198,226.795,121.31],"stabilizedTipPosition":[60.3008,258.439,104.017],"timeVisible":0.071257,"tipPosition":[46.6396,263.289,84.7225],"tipVelocity":[-86.2784,178.801,-300.985],"tool":false,"touchDistance":1,"touchZone":"none","type":0,"width":21.1074},{"bases":[[[0.62682,-0.5323,-0.568993],[0.779101,0.418918,0.466379],[-0.00989242,-0.735639,0.677302]],[[0.62112,-0.616604,-0.483746],[0.781238,0.43809,0.444684],[-0.0622697,-0.654123,0.753821]],[[0.62112,-0.616604,-0.483746],[0.768154,0.601367,0.219765],[0.155401,-0.508092,0.847168]],[[0.62112,-0.616604,-0.483746],[0.700683,0.713407,-0.00967807],[0.351076,-0.332941,0.875155]]],"btipPosition":[97.1786,295.354,-2.71995],"carpPosition":[104.853,189.043,125.216],"dipPosition":[104.069,288.819,14.4557],"direction":[-0.155401,0.508092,-0.847168],"extended":true,"handId":390,"id":3902,"length":69.9797,"mcpPosition":[105.549,240.802,77.5618],"pipPosition":[108.684,273.73,39.6151],"stabilizedTipPosition":[98.5305,291.364,2.24012],"timeVisible":0.071257,"tipPosition":[92.1054,288.432,1.57868],"tipVelocity":[36.5507,541.532,-190.57],"tool":false,"touchDistance":1,"touchZone":"none","type":2,"width":19.8015},{"bases":[[[0.397013,-0.785987,-0.473925],[0.884165,0.188993,0.427239],[-0.246236,-0.588647,0.769976]],[[0.429547,-0.688456,-0.584396],[0.897166,0.251619,0.363018],[-0.102877,-0.680233,0.725741]],[[0.429547,-0.688456,-0.584396],[0.881297,0.460756,0.104977],[0.196992,-0.560119,0.80465]],[[0.429547,-0.688456,-0.584396],[0.819368,0.569187,-0.0682807],[0.379638,-0.449506,0.808591]]],"btipPosition":[124.082,251.991,6.14931],"carpPosition":[116.742,172.917,108.967],"dipPosition":[130.916,243.9,20.7053],"direction":[-0.196992,0.560119,-0.80465],"extended":true,"handId":390,"id":3904,"length":52.752,"mcpPosition":[131.141,207.339,63.9419],"pipPosition":[134.94,232.458,37.1416],"stabilizedTipPosition":[125.265,248.752,9.94665],"timeVisible":0.071257,"tipPosition":[119.547,243.912,9.31271],"tipVelocity":[176.42,630.856,-202.509],"tool":false,"touchDistance":1,"touchZone":"none","type":4,"width":16.7373},{"bases":[[[0.744882,-0.348046,-0.569223],[0.660824,0.502491,0.557507],[0.0919914,-0.791433,0.604294]],[[0.742905,-0.543612,-0.390613],[0.661522,0.506965,0.552607],[-0.102377,-0.668934,0.736238]],[[0.742905,-0.543612,-0.390613],[0.667934,0.640554,0.378887],[0.0442411,-0.54238,0.838968]],[[0.742905,-0.543612,-0.390613],[0.637366,0.752784,0.164562],[0.204589,-0.371217,0.905727]]],"btipPosition":[87.6243,301.034,16.4025],"carpPosition":[94.6233,191.986,131.61],"dipPosition":[91.275,294.41,32.564],"direction":[-0.0442411,0.54238,-0.838968],"extended":true,"handId":390,"id":3901,"length":61.4169,"mcpPosition":[87.7982,250.705,86.7761],"pipPosition":[92.3917,280.719,53.742],"stabilizedTipPosition":[89.2415,293.988,23.1023],"timeVisible":0.071257,"tipPosition":[81.6325,295.669,20.3318],"tipVelocity":[-73.9445,418.449,-189.907],"tool":false,"touchDistance":1,"touchZone":"none","type":1,"width":20.1617},{"bases":[[[0.558005,-0.664809,-0.496648],[0.821181,0.356153,0.445888],[-0.119548,-0.656646,0.744664]],[[0.56276,-0.635014,-0.529205],[0.82637,0.416431,0.379075],[-0.0203411,-0.650647,0.759107]],[[0.56276,-0.635014,-0.529205],[0.793396,0.594618,0.130197],[0.231998,-0.493139,0.838446]],[[0.56276,-0.635014,-0.529205],[0.70722,0.70131,-0.0894669],[0.427949,-0.323916,0.843764]]],"btipPosition":[106.735,275.899,-5.1197],"carpPosition":[113.296,183.47,118.064],"dipPosition":[115.086,269.578,11.3447],"direction":[-0.231998,0.493139,-0.838446],"extended":true,"handId":390,"id":3903,"length":67.2873,"mcpPosition":[120.848,224.951,71.0235],"pipPosition":[121.798,255.311,35.602],"stabilizedTipPosition":[108.226,272.651,-0.72905],"timeVisible":0.071257,"tipPosition":[102.818,267.808,-1.04057],"tipVelocity":[159.758,661.737,-214.594],"tool":false,"touchDistance":1,"touchZone":"none","type":3,"width":18.8424}],"r":[[0.997424,0.0660941,0.0278761],[-0.0666277,0.997603,0.0186686],[-0.0265754,-0.0204778,0.999437]],"s":0.980563,"t":[-5.50521,10.8225,-9.59467],"timestamp":261883104761},{"currentFrameRate":28.0861,"devices":[],"gestures":[],"hands":[{"armBasis":[[0.7881,-0.421369,-0.448716],[0.522406,0.843408,0.125519],[0.325561,-0.333333,0.884816]],"armWidth":65.7594,"confidence":0.450932,"direction":[0.1101,0.82574,-0.553202],"elbow":[192.426,73.5064,368.498],"grabAngle":0.499239,"grabStrength":0,"id":390,"palmNormal":[-0.613225,-0.381588,-0.691625],"palmPosition":[98.5668,224.345,81.1592],"palmVelocity":[-141.097,314.519,-354.909],"palmWidth":91.7607,"pinchDistance":69.3235,"pinchStrength":0,"r":[[0.992901,0.107118,0.0517127],[-0.109097,0.99334,0.0370738],[-0.047397,-0.0424523,0.997974]],"s":0.977106,"sphereCenter":[-6.08308,172.469,-39.4546],"sphereRadius":171.092,"stabilizedPalmPosition":[103.92,212.875,92.5846],"t":[-8.52233,17.4387,-16.3619],"timeVisible":0.09223,"type":"right","wrist":[103.78,164.269,127.574]}],"id":226498,"interactionBox":{"center":[0,200,0],"size":[235.247,235.247,147.751]},"pointables":[{"bases":[[[0.884723,0.335281,0.323807],[-0.398233,0.182694,0.898907],[0.242228,-0.924235,0.295154]],[[0.871099,0.382359,0.308203],[-0.334009,0.00118199,0.942569],[0.360035,-0.924013,0.128741]],[[0.871099,0.382359,0.308203],[-0.47195,0.478177,0.740682],[0.13583,-0.790663,0.596994]],[[0.871099,0.382359,0.308203],[-0.488542,0.738728,0.464335],[-0.0501359,-0.555052,0.830304]]],"btipPosition":[49.9733,271.019,70.4215],"carpPosition":[71.7089,182.783,118.455],"dipPosition":[48.7479,257.452,90.7159],"direction":[-0.13583,0.790663,-0.596994],"extended":true,"handId":390,"id":3900,"length":54.4289,"mcpPosition":[71.7089,182.783,118.455],"pipPosition":[53.5846,229.298,111.974],"stabilizedTipPosition":[59.7876,258.897,102.617],"timeVisible":0.09223,"tipPosition":[42.216,266.852,76.8543],"tipVelocity":[-171.453,231.319,-338.518],"tool":false,"touchDistance":1,"touchZone":"none","type":0,"width":21.1074},{"bases":[[[0.683202,-0.461472,-0.565932],[0.730211,0.437285,0.524951],[0.00522333,-0.771898,0.635726]],[[0.67838,-0.55536,-0.481016],[0.732142,0.45628,0.505744],[-0.0613917,-0.695258,0.716133]],[[0.67838,-0.55536,-0.481016],[0.725198,0.611157,0.317137],[0.117851,-0.563971,0.817342]],[[0.67838,-0.55536,-0.481016],[0.679329,0.723496,0.122746],[0.279845,-0.410036,0.868077]]],"btipPosition":[95.7491,307.976,-5.78691],"carpPosition":[102.018,193.871,116.302],"dipPosition":[101.241,299.928,11.2498],"direction":[-0.117851,0.563971,-0.817342],"extended":true,"handId":390,"id":3902,"length":69.9797,"mcpPosition":[101.651,248.181,71.573],"pipPosition":[104.741,283.179,35.5234],"stabilizedTipPosition":[97.2543,303.772,-1.21347],"timeVisible":0.09223,"tipPosition":[89.8542,300.103,-2.24946],"tipVelocity":[-83.4866,585.227,-147.757],"tool":false,"touchDistance":1,"touchZone":"none","type":2,"width":19.8015},{"bases":[[[0.465447,-0.733238,-0.495702],[0.850884,0.216536,0.478653],[-0.243629,-0.644573,0.724687]],[[0.495407,-0.633937,-0.593882],[0.861881,0.273467,0.427056],[-0.10832,-0.723422,0.681856]],[[0.495407,-0.633937,-0.593882],[0.859408,0.457214,0.228852],[0.126454,-0.623761,0.771318]],[[0.495407,-0.633937,-0.593882],[0.825609,0.556186,0.0950104],[0.270078,-0.537383,0.798923]]],"btipPosition":[126.394,266.237,2.10863],"carpPosition":[115.592,179.415,99.8027],"dipPosition":[131.255,256.563,16.4906],"direction":[-0.126454,0.623761,-0.771318],"extended":true,"handId":390,"id":3904,"length":52.752,"mcpPosition":[129.838,217.107,57.4257],"pipPosition":[133.838,243.822,32.246],"stabilizedTipPosition":[127.25,262.234,5.94416],"timeVisible":0.09223,"tipPosition":[120.34,257.621,4.56169],"tipVelocity":[88.5798,661.879,-194.57],"tool":false,"touchDistance":1,"touchZone":"none","type":4,"width":16.7373},{"bases":[[[0.789579,-0.270845,-0.550643],[0.603059,0.508463,0.614642],[0.113509,-0.817379,0.564808]],[[0.79062,-0.483393,-0.375834],[0.603566,0.511914,0.61127],[-0.103089,-0.710123,0.696489]],[[0.79062,-0.483393,-0.375834],[0.612223,0.634214,0.472181],[0.0101105,-0.60341,0.797367]],[[0.79062,-0.483393,-0.375834],[0.597448,0.743419,0.30064],[0.134075,-0.462233,0.876564]]],"btipPosition":[84.9077,311.825,13.4221],"carpPosition":[91.3513,195.839,122.346],"dipPosition":[87.3001,303.577,29.0633],"direction":[-0.0101105,0.60341,-0.797367],"extended":true,"handId":390,"id":3901,"length":61.4169,"mcpPosition":[82.9298,256.483,80.4418],"pipPosition":[87.5553,288.345,49.1912],"stabilizedTipPosition":[86.2701,306.506,18.3253],"timeVisible":0.09223,"tipPosition":[78.0935,305.365,16.3763],"tipVelocity":[-143.33,496.721,-147.81],"tool":false,"touchDistance":1,"touchZone":"none","type":1,"width":20.1617},{"bases":[[[0.619521,-0.601676,-0.504163],[0.776951,0.378368,0.503175],[-0.111989,-0.703437,0.701879]],[[0.623079,-0.576539,-0.52856],[0.781556,0.43241,0.449657],[-0.03069,-0.693271,0.720023]],[[0.623079,-0.576539,-0.52856],[0.763498,0.595055,0.250959],[0.169835,-0.559921,0.810953]],[[0.623079,-0.576539,-0.52856],[0.698616,0.714105,0.044619],[0.351722,-0.397061,0.847723]]],"btipPosition":[107.83,289.95,-8.66382],"carpPosition":[111.1,189.217,109.276],"dipPosition":[114.693,282.203,7.87784],"direction":[-0.169835,0.559922,-0.810953],"extended":true,"handId":390,"id":3903,"length":67.2873,"mcpPosition":[118.174,233.654,64.9375],"pipPosition":[119.606,266.003,31.3397],"stabilizedTipPosition":[109.259,286.209,-4.33759],"timeVisible":0.09223,"tipPosition":[102.573,281.196,-5.37642],"tipVelocity":[35.8797,654.331,-168.138],"tool":false,"touchDistance":1,"touchZone":"none","type":3,"width":18.8424}],"r":[[0.992901,0.107118,0.0517127],[-0.109097,0.99334,0.0370738],[-0.047397,-0.0424523,0.997974]],"s":0.977106,"t":[-8.52233,17.4387,-16.3619],"timestamp":261883125734},{"currentFrameRate":30.0475,"devices":[],"gestures":[],"hands":[{"armBasis":[[0.768016,-0.336645,-0.544813],[0.534527,0.805518,0.255779],[0.35275,-0.487659,0.798596]],"armWidth":65.7594,"confidence":0.534207,"direction":[0.119802,0.862787,-0.491168],"elbow":[197.385,33.5043,332.843],"grabAngle":0.465539,"grabStrength":0,"id":390,"palmNormal":[-0.592697,-0.334739,-0.732571],"palmPosition":[96.4587,230.358,74.15],"palmVelocity":[-100.832,287.623,-335.243],"palmWidth":91.7607,"pinchDistance":68.5891,"pinchStrength":0,"r":[[0.987154,0.139389,0.0780938],[-0.144507,0.987417,0.0642249],[-0.068159,-0.0746849,0.994875]],"s":0.975485,"sphereCenter":[-13.0282,181.247,-59.8185],"sphereRadius":182.942,"stabilizedPalmPosition":[101.718,218.034,87.145],"t":[-11.085,23.7536,-23.2501],"timeVisible":0.113138,"type":"right","wrist":[101.336,166.287,115.396]}],"id":226499,"interactionBox":{"center":[0,200,0],"size":[235.247,235.247,147.751]},"pointables":[{"bases":[[[0.873997,0.315299,0.369751],[-0.422683,0.117903,0.898575],[0.239725,-0.94164,0.236318]],[[0.861499,0.36008,0.357997],[-0.363181,-0.0557486,0.930049],[0.35485,-0.931254,0.082747]],[[0.861499,0.36008,0.357997],[-0.494434,0.434443,0.752857],[0.11556,-0.825592,0.552308]],[[0.861499,0.36008,0.357997],[-0.50448,0.686985,0.523021],[-0.0576091,-0.631184,0.773491]]],"btipPosition":[48.3025,277.894,64.9933],"carpPosition":[68.8726,186.188,107.731],"dipPosition":[46.8944,262.466,83.899],"direction":[-0.11556,0.825592,-0.552308],"extended":true,"handId":390,"id":3900,"length":54.4289,"mcpPosition":[68.8726,186.188,107.731],"pipPosition":[51.0093,233.068,103.566],"stabilizedTipPosition":[58.6417,260.396,99.3886],"timeVisible":0.113138,"tipPosition":[40.3803,272.914,71.2304],"tipVelocity":[-81.9252,308.329,-274.903],"tool":false,"touchDistance":1,"touchZone":"none","type":0,"width":21.1074},{"bases":[[[0.700432,-0.418142,-0.578406],[0.713685,0.402399,0.573348],[-0.00699072,-0.814391,0.580275]],[[0.694363,-0.514237,-0.503408],[0.716468,0.428558,0.550465],[-0.0673298,-0.742898,0.66601]],[[0.694363,-0.514237,-0.503408],[0.712095,0.591924,0.377554],[0.103827,-0.620634,0.777196]],[[0.694363,-0.514237,-0.503408],[0.675749,0.70646,0.21042],[0.247432,-0.486286,0.838036]]],"btipPosition":[95.1054,320.19,-6.72075],"carpPosition":[99.1637,197.518,107.162],"dipPosition":[99.9614,310.646,9.7264],"direction":[-0.103827,0.620634,-0.777196],"extended":true,"handId":390,"id":3902,"length":69.9797,"mcpPosition":[99.6556,254.818,66.3341],"pipPosition":[103.045,292.214,32.8077],"stabilizedTipPosition":[96.3211,316.634,-2.77289],"timeVisible":0.113138,"tipPosition":[89.7042,311.915,-3.94365],"tipVelocity":[-37.7863,567.728,-51.1502],"tool":false,"touchDistance":1,"touchZone":"none","type":2,"width":19.8015},{"bases":[[[0.482479,-0.694998,-0.533096],[0.836797,0.185897,0.514989],[-0.258816,-0.694564,0.671264]],[[0.512579,-0.596592,-0.617528],[0.848289,0.240517,0.47176],[-0.132922,-0.765657,0.629366]],[[0.512579,-0.596592,-0.617528],[0.854665,0.42362,0.300156],[0.0825268,-0.681633,0.727025]],[[0.512579,-0.596592,-0.617528],[0.829838,0.528911,0.177828],[0.220527,-0.603599,0.766183]]],"btipPosition":[127.635,277.982,-1.07707],"carpPosition":[113.248,184.303,90.0606],"dipPosition":[131.605,267.116,12.7155],"direction":[-0.0825268,0.681633,-0.727025],"extended":true,"handId":390,"id":3904,"length":52.752,"mcpPosition":[128.382,224.918,50.8075],"pipPosition":[133.291,253.193,27.5662],"stabilizedTipPosition":[128.434,274.313,2.43523],"timeVisible":0.113138,"tipPosition":[120.785,269.559,0.789193],"tipVelocity":[49.5706,548.638,-158.851],"tool":false,"touchDistance":1,"touchZone":"none","type":4,"width":16.7373},{"bases":[[[0.805274,-0.228635,-0.547046],[0.583821,0.466642,0.664378],[0.103375,-0.854384,0.509256]],[[0.803149,-0.451656,-0.388534],[0.585149,0.475358,0.65699],[-0.112041,-0.755011,0.646069]],[[0.803149,-0.451656,-0.388534],[0.595628,0.594056,0.54067],[-0.0133858,-0.665661,0.746134]],[[0.803149,-0.451656,-0.388534],[0.587982,0.706055,0.39467],[0.0960714,-0.54543,0.832632]]],"btipPosition":[84.312,322.819,12.5803],"carpPosition":[88.3309,199.018,113.044],"dipPosition":[86.0263,313.087,27.4375],"direction":[0.0133858,0.665661,-0.746134],"extended":true,"handId":390,"id":3901,"length":61.4169,"mcpPosition":[80.6613,262.407,75.2604],"pipPosition":[85.6884,296.283,46.2721],"stabilizedTipPosition":[84.9116,318.733,16.3031],"timeVisible":0.113138,"tipPosition":[77.4616,315.783,14.696],"tipVelocity":[-35.9493,509.492,-48.8891],"tool":false,"touchDistance":1,"touchZone":"none","type":1,"width":20.1617},{"bases":[[[0.635962,-0.562565,-0.528274],[0.761318,0.345331,0.548764],[-0.126287,-0.751177,0.647908]],[[0.639979,-0.536023,-0.55055],[0.766969,0.402027,0.500133],[-0.0467467,-0.74233,0.668402]],[[0.639979,-0.536023,-0.55055],[0.755531,0.569516,0.323768],[0.14,-0.623162,0.76946]],[[0.639979,-0.536023,-0.55055],[0.708227,0.689418,0.152042],[0.298061,-0.487218,0.82084]]],"btipPosition":[108.745,303.029,-10.3249],"carpPosition":[108.453,193.402,100.071],"dipPosition":[114.561,293.522,5.69215],"direction":[-0.14,0.623162,-0.76946],"extended":true,"handId":390,"id":3903,"length":67.2873,"mcpPosition":[116.43,240.854,59.1426],"pipPosition":[118.612,275.493,27.9536],"stabilizedTipPosition":[110.018,299.697,-6.46078],"timeVisible":0.113138,"tipPosition":[102.986,293.717,-7.96555],"tipVelocity":[32.2725,606.176,-85.2198],"tool":false,"touchDistance":1,"touchZone":"none","type":3,"width":18.8424}],"r":[[0.987154,0.139389,0.0780938],[-0.144507,0.987417,0.0642249],[-0.068159,-0.0746849,0.994875]],"s":0.975485,"t":[-11.085,23.7536,-23.2501],"timestamp":261883146642},{"currentFrameRate":31.7878,"devices":[],"gestures":[],"hands":[{"armBasis":[[0.744595,-0.246392,-0.620378],[0.530257,0.782863,0.325504],[0.40547,-0.571329,0.713567]],"armWidth":65.7594,"confidence":0.608849,"direction":[0.100628,0.883529,-0.457439],"elbow":[211.823,14.3962,299.397],"grabAngle":0.422627,"grabStrength":0,"id":390,"palmNormal":[-0.585727,-0.319044,-0.745073],"palmPosition":[94.6552,236.07,67.1967],"palmVelocity":[-85.534,270.87,-329.774],"palmWidth":91.7607,"pinchDistance":67.9413,"pinchStrength":0,"r":[[0.980594,0.168059,0.100957],[-0.177462,0.979748,0.0927448],[-0.0833261,-0.108861,0.990558]],"s":0.974691,"sphereCenter":[-20.684,183.366,-77.9784],"sphereRadius":195.768,"stabilizedPalmPosition":[99.7751,222.996,81.6573],"t":[-13.268,29.7667,-30.1709],"timeVisible":0.134223,"type":"right","wrist":[101.419,169.962,105.102]}],"id":226500,"interactionBox":{"center":[0,200,0],"size":[235.247,235.247,147.751]},"pointables":[{"bases":[[[0.867149,0.319781,0.381828],[-0.424572,0.0738427,0.902378],[0.260368,-0.94461,0.199802]],[[0.851508,0.371275,0.370255],[-0.366806,-0.0828024,0.926605],[0.374683,-0.924824,0.0656788]],[[0.851508,0.371275,0.370255],[-0.508515,0.412557,0.755784],[0.127852,-0.831836,0.540095]],[[0.851508,0.371275,0.370255],[-0.522064,0.666062,0.532739],[-0.0488205,-0.646928,0.760986]]],"btipPosition":[45.8402,282.032,57.9025],"carpPosition":[68.0613,190.044,99.0409],"dipPosition":[44.647,266.22,76.5026],"direction":[-0.127852,0.831836,-0.540095],"extended":true,"handId":390,"id":3900,"length":54.4289,"mcpPosition":[68.0613,190.044,99.0409],"pipPosition":[49.1996,236.6,95.7346],"stabilizedTipPosition":[57.5296,261.927,96.2241],"timeVisible":0.134223,"tipPosition":[38.6493,277.588,65.4456],"tipVelocity":[-114.433,192.087,-339.626],"tool":false,"touchDistance":1,"touchZone":"none","type":0,"width":21.1074},{"bases":[[[0.709013,-0.380093,-0.593995],[0.705107,0.39543,0.588607],[0.0111581,-0.83616,0.548371]],[[0.705571,-0.473968,-0.526806],[0.707179,0.423235,0.566366],[-0.0454762,-0.772157,0.633802]],[[0.705571,-0.473968,-0.526806],[0.700522,0.578709,0.41757],[0.106952,-0.663665,0.740345]],[[0.705571,-0.473968,-0.526806],[0.668995,0.69068,0.274604],[0.233701,-0.546183,0.804405]]],"btipPosition":[91.8389,330.175,-9.34673],"carpPosition":[98.0976,202.045,98.9152],"dipPosition":[96.4255,319.456,6.44041],"direction":[-0.106952,0.663665,-0.740345],"extended":true,"handId":390,"id":3902,"length":69.9797,"mcpPosition":[97.3126,260.877,60.3324],"pipPosition":[99.6018,299.746,28.4273],"stabilizedTipPosition":[93.1323,326.939,-5.51097],"timeVisible":0.134223,"tipPosition":[86.6694,321.055,-7.51576],"tipVelocity":[-157.858,460.751,-131.742],"tool":false,"touchDistance":0.936747,"touchZone":"hovering","type":2,"width":19.8015},{"bases":[[[0.497182,-0.663185,-0.55946],[0.832876,0.184083,0.52195],[-0.243162,-0.725464,0.643874]],[[0.523897,-0.566317,-0.636252],[0.843222,0.239186,0.481423],[-0.120456,-0.788717,0.60284]],[[0.523897,-0.566317,-0.636252],[0.847979,0.417265,0.326835],[0.0803934,-0.710756,0.698829]],[[0.523897,-0.566317,-0.636252],[0.825492,0.521717,0.215348],[0.209988,-0.638041,0.740816]]],"btipPosition":[125.701,287.364,-6.20477],"carpPosition":[112.455,189.811,81.319],"dipPosition":[129.481,275.878,7.13113],"direction":[-0.0803934,0.710756,-0.698829],"extended":true,"handId":390,"id":3904,"length":52.752,"mcpPosition":[126.675,232.234,43.6676],"pipPosition":[131.123,261.36,21.4059],"stabilizedTipPosition":[126.782,283.537,-2.50308],"timeVisible":0.134223,"tipPosition":[118.547,278.938,-4.50886],"tipVelocity":[-93.8239,438.191,-248.173],"tool":false,"touchDistance":0.931321,"touchZone":"hovering","type":4,"width":16.7373},{"bases":[[[0.809716,-0.189696,-0.555316],[0.573932,0.453258,0.682027],[0.122324,-0.870961,0.475882]],[[0.812857,-0.416342,-0.407336],[0.574743,0.459838,0.676919],[-0.0945208,-0.784352,0.613072]],[[0.812857,-0.416342,-0.407336],[0.582349,0.567083,0.582482],[-0.0115181,-0.710687,0.703414]],[[0.812857,-0.416342,-0.407336],[0.576482,0.67502,0.460452],[0.0832548,-0.609104,0.788708]]],"btipPosition":[81.2092,331.7,10.2041],"carpPosition":[87.2385,203.08,104.849],"dipPosition":[82.6947,320.832,24.2776],"direction":[0.0115181,0.710687,-0.703414],"extended":true,"handId":390,"id":3901,"length":61.4169,"mcpPosition":[78.1629,267.699,69.5416],"pipPosition":[82.404,302.892,42.0338],"stabilizedTipPosition":[81.8678,328.213,13.7109],"timeVisible":0.134223,"tipPosition":[74.4769,323.836,11.3012],"tipVelocity":[-149.654,408.817,-121.243],"tool":false,"touchDistance":1,"touchZone":"none","type":1,"width":20.1617},{"bases":[[[0.647742,-0.527718,-0.549494],[0.753958,0.340407,0.561846],[-0.109445,-0.778226,0.618373]],[[0.65119,-0.500025,-0.5709],[0.758271,0.397703,0.516583],[-0.0312558,-0.769291,0.638134]],[[0.65119,-0.500025,-0.5709],[0.745852,0.560634,0.359714],[0.1402,-0.660049,0.738024]],[[0.65119,-0.500025,-0.5709],[0.708863,0.669418,0.222244],[0.271043,-0.549413,0.790367]]],"btipPosition":[106.497,313.285,-13.9411],"carpPosition":[107.47,198.41,91.673],"dipPosition":[111.786,302.564,1.48137],"direction":[-0.1402,0.660049,-0.738024],"extended":true,"handId":390,"id":3903,"length":67.2873,"mcpPosition":[114.383,247.571,52.61],"pipPosition":[115.842,283.468,22.8333],"stabilizedTipPosition":[107.876,310.031,-10.1154],"timeVisible":0.134223,"tipPosition":[100.458,303.409,-12.2279],"tipVelocity":[-112.388,473.154,-177.99],"tool":false,"touchDistance":0.882781,"touchZone":"hovering","type":3,"width":18.8424}],"r":[[0.980594,0.168059,0.100957],[-0.177462,0.979748,0.0927448],[-0.0833261,-0.108861,0.990558]],"s":0.974691,"t":[-13.268,29.7667,-30.1709],"timestamp":261883167727},{"currentFrameRate":33.3957,"devices":[],"gestures":[],"hands":[{"armBasis":[[0.740251,-0.166886,-0.65129],[0.512127,0.767593,0.385392],[0.435609,-0.61883,0.653678]],"armWidth":65.7594,"confidence":0.673288,"direction":[0.074168,0.907636,-0.413154],"elbow":[220.296,4.28691,272.673],"grabAngle":0.355607,"grabStrength":0,"id":390,"palmNormal":[-0.574011,-0.299928,-0.761941],"palmPosition":[92.805,240.692,60.4511],"palmVelocity":[-88.8951,222.088,-324.104],"palmWidth":91.7607,"pinchDistance":48.5901,"pinchStrength":0,"r":[[0.973117,0.195216,0.1222],[-0.21015,0.969732,0.124329],[-0.0942305,-0.146667,0.984687]],"s":0.977446,"sphereCenter":[-31.8258,182.579,-102.812],"sphereRadius":216.504,"stabilizedPalmPosition":[98.2311,226.915,76.96],"t":[-15.2847,35.0844,-37.004],"timeVisible":0.155036,"type":"right","wrist":[101.686,172.786,94.6856]}],"id":226501,"interactionBox":{"center":[0,200,0],"size":[235.247,235.247,147.751]},"pointables":[{"bases":[[[0.856031,0.327202,0.400186],[-0.428534,0.016255,0.903379],[0.289083,-0.944814,0.154132]],[[0.834027,0.391661,0.388588],[-0.368161,-0.129491,0.9207],[0.410921,-0.910952,0.036195]],[[0.834027,0.391661,0.388588],[-0.530362,0.375055,0.760296],[0.152036,-0.840199,0.520528]],[[0.834027,0.391661,0.388588],[-0.55011,0.644154,0.531455],[-0.0421605,-0.657014,0.752699]]],"btipPosition":[42.5139,284.192,51.1469],"carpPosition":[67.5831,192.358,89.9017],"dipPosition":[41.4834,268.134,69.5444],"direction":[-0.152036,0.840199,-0.520528],"extended":true,"handId":390,"id":3900,"length":54.4289,"mcpPosition":[67.5831,192.358,89.9017],"pipPosition":[46.8972,238.215,88.0796],"stabilizedTipPosition":[56.5478,263.122,93.5948],"timeVisible":0.155036,"tipPosition":[36.4687,280.499,59.8295],"tipVelocity":[-158.022,101.061,-326.828],"tool":false,"touchDistance":1,"touchZone":"none","type":0,"width":21.1074},{"bases":[[[0.721681,-0.328383,-0.609378],[0.691294,0.38756,0.609844],[0.035908,-0.861372,0.506704]],[[0.721334,-0.419566,-0.551037],[0.692258,0.412233,0.59232],[-0.0213614,-0.80872,0.587805]],[[0.721334,-0.419566,-0.551037],[0.685144,0.548618,0.479162],[0.101269,-0.723176,0.6832]],[[0.721334,-0.419566,-0.551037],[0.663245,0.647599,0.37513],[0.199459,-0.636067,0.745409]]],"btipPosition":[88.8604,340.547,-9.68637],"carpPosition":[97.2335,205.271,90.4735],"dipPosition":[92.7749,328.064,4.94292],"direction":[-0.101269,0.723176,-0.6832],"extended":true,"handId":390,"id":3902,"length":69.9797,"mcpPosition":[94.7071,265.877,54.8223],"pipPosition":[95.7824,306.587,25.2327],"stabilizedTipPosition":[89.8993,337.235,-6.28831],"timeVisible":0.155036,"tipPosition":[83.5888,330.422,-9.40703],"tipVelocity":[-150.538,478.846,-29.114],"tool":false,"touchDistance":0.867316,"touchZone":"hovering","type":2,"width":19.8015},{"bases":[[[0.664919,-0.479837,-0.572397],[0.741881,0.335452,0.58059],[-0.0865769,-0.810696,0.57903]],[[0.667359,-0.453525,-0.590717],[0.744497,0.386175,0.544604],[-0.0188712,-0.803234,0.595365]],[[0.667359,-0.453525,-0.590717],[0.734161,0.533829,0.419564],[0.12506,-0.713682,0.689216]],[[0.667359,-0.453525,-0.590717],[0.707421,0.63397,0.312472],[0.232783,-0.626417,0.743918]]],"btipPosition":[104.918,323.851,-15.7193],"carpPosition":[106.729,202.287,83.0954],"dipPosition":[109.46,311.628,-1.20315],"direction":[-0.12506,0.713682,-0.689216],"extended":true,"handId":390,"id":3903,"length":67.2873,"mcpPosition":[112.198,253.5,46.5177],"pipPosition":[113.078,290.98,18.7367],"stabilizedTipPosition":[106.056,320.503,-12.2701],"timeVisible":0.155036,"tipPosition":[98.24,313.517,-15.0196],"tipVelocity":[-84.1067,491.086,-95.4508],"tool":false,"touchDistance":0.798037,"touchZone":"hovering","type":3,"width":18.8424},{"bases":[[[0.518648,-0.619228,-0.589543],[0.825685,0.183786,0.533354],[-0.221917,-0.7634,0.606608]],[[0.541256,-0.524584,-0.657155],[0.834015,0.235423,0.498994],[-0.107055,-0.818161,0.564935]],[[0.541256,-0.524584,-0.657155],[0.838375,0.39669,0.373851],[0.0645704,-0.753292,0.654509]],[[0.541256,-0.524584,-0.657155],[0.821028,0.498436,0.278343],[0.181535,-0.690198,0.70048]]],"btipPosition":[124.343,297.032,-9.96362],"carpPosition":[112,194.366,72.3499],"dipPosition":[127.611,284.607,2.64617],"direction":[-0.0645704,0.753291,-0.654509],"extended":true,"handId":390,"id":3904,"length":52.752,"mcpPosition":[124.977,239.007,36.8776],"pipPosition":[128.93,269.22,16.0156],"stabilizedTipPosition":[125.279,293.011,-6.56477],"timeVisible":0.155036,"tipPosition":[116.577,288.468,-8.76356],"tipVelocity":[-70.8701,454.145,-188.625],"tool":false,"touchDistance":0.812635,"touchZone":"hovering","type":4,"width":16.7373},{"bases":[[[0.816358,-0.137104,-0.561037],[0.558196,0.436652,0.705516],[0.148249,-0.889122,0.432995]],[[0.826573,-0.366513,-0.427136],[0.558639,0.441829,0.701932],[-0.0685464,-0.818813,0.569953]],[[0.826573,-0.366513,-0.427136],[0.562827,0.535993,0.629235],[-0.00168106,-0.760513,0.649321]],[[0.826573,-0.366513,-0.427136],[0.558267,0.630331,0.539463],[0.0715169,-0.684361,0.725627]]],"btipPosition":[77.1781,339.792,9.37457],"carpPosition":[86.3352,205.678,96.4113],"dipPosition":[78.4542,327.581,22.3225],"direction":[0.00168106,0.760513,-0.649321],"extended":true,"handId":390,"id":3901,"length":61.4169,"mcpPosition":[75.3362,271.644,64.2863],"pipPosition":[78.4118,308.383,38.7132],"stabilizedTipPosition":[77.7307,336.467,12.4326],"timeVisible":0.155036,"tipPosition":[70.7736,331.087,9.20587],"tipVelocity":[-195.994,373.958,-52.2955],"tool":false,"touchDistance":1,"touchZone":"none","type":1,"width":20.1617}],"r":[[0.973117,0.195216,0.1222],[-0.21015,0.969732,0.124329],[-0.0942305,-0.146667,0.984687]],"s":0.977446,"t":[-15.2847,35.0844,-37.004],"timestamp":261883188540},{"currentFrameRate":34.8233,"devic