{"frames":197,"data":[{"currentFrameRate":24.381,"devices":[],"gestures":[],"hands":[],"id":226906,"interactionBox":{"center":[0,200,0],"size":[235.247,235.247,147.751]},"pointables":[],"r":[[-0.0794966,-0.728761,-0.680138],[0.446709,0.583909,-0.677865],[0.891141,-0.357712,0.279125]],"s":-5.62558,"t":[894.675,787.691,741.58],"timestamp":261896711214},{"currentFrameRate":24.4468,"devices":[],"gestures":[],"hands":[],"id":226907,"interactionBox":{"center":[0,200,0],"size":[235.247,235.247,147.751]},"pointables":[],"r":[[-0.0794966,-0.728761,-0.680138],[0.446709,0.583909,-0.677865],[0.891141,-0.357712,0.279125]],"s":-5.62558,"t":[894.675,787.691,741.58],"timestamp":261896751633},{"currentFrameRate":24.544,"devices":[],"gestures":[],"hands":[],"id":226908,"interactionBox":{"center":[0,200,0],"size":[235.247,235.247,147.751]},"pointables":[],"r":[[-0.0794966,-0.728761,-0.680138],[0.446709,0.583909,-0.677865],[0.891141,-0.357712,0.279125]],"s":-5.62558,"t":[894.675,787.691,741.58],"timestamp":261896791661},{"currentFrameRate":24.5993,"devices":[],"gestures":[],"hands":[],"id":226909,"interactionBox":{"center":[0,200,0],"size":[235.247,235.247,147.751]},"pointables":[],"r":[[-0.0794966,-0.728761,-0.680138],[0.446709,0.583909,-0.677865],[0.891141,-0.357712,0.279125]],"s":-5.62558,"t":[894.675,787.691,741.58],"timestamp":261896831907},{"currentFrameRate":24.6325,"devices":[],"gestures":[],"hands":[],"id":226910,"interactionBox":{"center":[0,200,0],"size":[235.247,235.247,147.751]},"pointables":[],"r":[[-0.0794966,-0.728761,-0.680138],[0.446709,0.583909,-0.677865],[0.891141,-0.357712,0.279125]],"s":-5.62558,"t":[894.675,787.691,741.58],"timestamp":261896872260},{"currentFrameRate":24.6682,"devices":[],"gestures":[],"hands":[],"id":226911,"interactionBox":{"center":[0,200,0],"size":[235.247,235.247,147.751]},"pointables":[],"r":[[-0.0794966,-0.728761,-0.680138],[0.446709,0.583909,-0.677865],[0.891141,-0.357712,0.279125]],"s":-5.62558,"t":[894.675,787.691,741.58],"timestamp":261896912537},{"currentFrameRate":24.7344,"devices":[],"gestures":[],"hands":[],"id":226912,"interactionBox":{"center":[0,200,0],"size":[235.247,235.247,147.751]},"pointables":[],"r":[[-0.0794966,-0.728761,-0.680138],[0.446709,0.583909,-0.677865],[0.891141,-0.357712,0.279125]],"s":-5.62558,"t":[894.675,787.691,741.58],"timestamp":261896952483},{"currentFrameRate":24.7492,"devices":[],"gestures":[],"hands":[],"id":226913,"interactionBox":{"center":[0,200,0],"size":[235.247,235.247,147.751]},"pointables":[],"r":[[-0.0794966,-0.728761,-0.680138],[0.446709,0.583909,-0.677865],[0.891141,-0.357712,0.279125]],"s":-5.62558,"t":[894.675,787.691,741.58],"timestamp":261896992780},{"currentFrameRate":24.7609,"devices":[],"gestures":[],"hands":[],"id":226914,"interactionBox":{"center":[0,200,0],"size":[235.247,235.247,147.751]},"pointables":[],"r":[[-0.0794966,-0.728761,-0.680138],[0.446709,0.583909,-0.677865],[0.891141,-0.357712,0.279125]],"s":-5.62558,"t":[894.675,787.691,741.58],"timestamp":261897033081},{"currentFrameRate":24.7922,"devices":[],"gestures":[],"hands":[],"id":226915,"interactionBox":{"center":[0,200,0],"size":[235.247,235.247,147.751]},"pointables":[],"r":[[-0.0794966,-0.728761,-0.680138],[0.446709,0.583909,-0.677865],[0.891141,-0.357712,0.279125]],"s":-5.62558,"t":[894.675,787.691,741.58],"timestamp":261897073188},{"currentFrameRate":24.7845,"devices":[],"gestures":[],"hands":[],"id":226916,"interactionBox":{"center":[0,200,0],"size":[235.247,235.247,147.751]},"pointables":[],"r":[[-0.0794966,-0.728761,-0.680138],[0.446709,0.583909,-0.677865],[0.891141,-0.357712,0.279125]],"s":-5.62558,"t":[894.675,787.691,741.58],"timestamp":261897113592},{"currentFrameRate":24.8239,"devices":[],"gestures":[],"hands":[],"id":226917,"interactionBox":{"center":[0,200,0],"size":[235.247,235.247,147.751]},"pointables":[],"r":[[-0.0794966,-0.728761,-0.680138],[0.446709,0.583909,-0.677865],[0.891141,-0.357712,0.279125]],"s":-5.62558,"t":[894.675,787.691,741.58],"timestamp":261897153589},{"currentFrameRate":24.8345,"devices":[],"gestures":[],"hands":[{"armBasis":[[0.823944,-0.216193,-0.52381],[0.275914,0.960446,0.0376026],[0.494962,-0.175509,0.851005]],"armWidth":64.2597,"confidence":0,"direction":[-0.0793575,0.901601,-0.425227],"elbow":[234.972,84.2685,344.731],"grabAngle":0.118141,"grabStrength":0,"id":391,"palmNormal":[-0.609342,-0.381473,-0.695112],"palmPosition":[80.0751,194.348,75.5424],"palmVelocity":[1.19209e-7,1.19209e-7,1.19209e-7],"palmWidth":91.7607,"pinchDistance":65.2674,"pinchStrength":0,"r":[[1,-5.55112e-18,-5.55112e-18],[5.55112e-18,1,-6.16298e-35],[5.55112e-18,3.08149e-35,1]],"s":1,"sphereCenter":[123.307,245.232,64.8333],"sphereRadius":72.7785,"stabilizedPalmPosition":[80.0751,194.348,75.5424],"t":[0,0,0],"timeVisible":0,"type":"right","wrist":[100.2,132.057,113.013]}],"id":226918,"interactionBox":{"center":[0,200,0],"size":[235.247,235.247,147.751]},"pointables":[{"bases":[[[0.846988,0.435064,0.305499],[-0.331447,-0.0171279,0.943318],[0.415636,-0.900237,0.129693]],[[0.79196,0.53836,0.28804],[-0.256521,-0.134723,0.957103],[0.554072,-0.831876,0.0314052]],[[0.79196,0.53836,0.28804],[-0.499931,0.300926,0.812104],[0.350525,-0.787154,0.507465]],[[0.79196,0.53836,0.28804],[-0.594114,0.570679,0.566881],[0.140808,-0.620076,0.771802]]],"btipPosition":[20.804,227.518,70.5872],"carpPosition":[64.0721,143.94,107.833],"dipPosition":[24.1273,212.883,88.8031],"direction":[-0.350525,0.787154,-0.507465],"extended":true,"handId":391,"id":3910,"length":52.5578,"mcpPosition":[64.0721,143.94,107.833],"pipPosition":[36.1799,185.817,106.252],"stabilizedTipPosition":[21.5683,224.152,74.7768],"timeVisible":0,"tipPosition":[21.5683,224.152,74.7768],"tipVelocity":[1.19209e-7,1.19209e-7,1.19209e-7],"tool":false,"touchDistance":1,"touchZone":"none","type":0,"width":20.4215},{"bases":[[[0.764402,-0.0496706,-0.642823],[0.571346,0.514177,0.639676],[0.298752,-0.856244,0.421418]],[[0.814041,-0.255886,-0.521402],[0.579174,0.424922,0.695701],[0.0435349,-0.868311,0.494106]],[[0.814041,-0.255886,-0.521402],[0.573227,0.49853,0.650291],[0.0935341,-0.828245,0.552505]],[[0.814041,-0.255886,-0.521402],[0.560981,0.578954,0.591703],[0.150459,-0.774167,0.61484]]],"btipPosition":[52.7244,294.208,35.5013],"carpPosition":[81.6482,159.533,112.236],"dipPosition":[55.3168,280.869,46.0951],"direction":[-0.0935341,0.828245,-0.552505],"extended":true,"handId":391,"id":3911,"length":59.3056,"mcpPosition":[59.4829,223.06,80.9703],"pipPosition":[57.5967,260.681,59.5625],"stabilizedTipPosition":[53.3206,291.14,37.9379],"timeVisible":0,"tipPosition":[53.3206,291.14,37.9379],"tipVelocity":[1.19209e-7,1.19209e-7,1.19209e-7],"tool":false,"touchDistance":1,"touchZone":"none","type":1,"width":19.5066},{"bases":[[[0.689061,-0.251818,-0.679546],[0.698772,0.479454,0.530887],[0.192124,-0.840661,0.506337]],[[0.704624,-0.333327,-0.626417],[0.706235,0.41507,0.573541],[0.0688301,-0.846528,0.527875]],[[0.704624,-0.333327,-0.626417],[0.696269,0.494987,0.519806],[0.136803,-0.802422,0.580864]],[[0.704624,-0.333327,-0.626417],[0.684302,0.552742,0.475612],[0.187713,-0.763786,0.617571]]],"btipPosition":[67.4975,298.097,15.5419],"carpPosition":[91.8414,160.314,105.188],"dipPosition":[71.0549,283.622,27.2456],"direction":[-0.136803,0.802422,-0.580864],"extended":true,"handId":391,"id":3912,"length":67.574,"mcpPosition":[78.3238,219.462,69.5624],"pipPosition":[74.9781,260.611,43.9031],"stabilizedTipPosition":[68.3157,294.767,18.2337],"timeVisible":0,"tipPosition":[68.3157,294.767,18.2337],"tipVelocity":[1.19209e-7,1.19209e-7,1.19209e-7],"tool":false,"touchDistance":1,"touchZone":"none","type":2,"width":19.1581},{"bases":[[[0.655173,-0.408205,-0.635701],[0.751985,0.433195,0.49685],[0.0725658,-0.803561,0.590782]],[[0.652558,-0.382651,-0.654023],[0.756543,0.377486,0.533992],[0.0425521,-0.843257,0.535823]],[[0.652558,-0.382651,-0.654023],[0.74564,0.477901,0.464362],[0.13487,-0.790689,0.597178]],[[0.652558,-0.382651,-0.654023],[0.730561,0.546806,0.409003],[0.201118,-0.744702,0.636372]]],"btipPosition":[86.7533,283.218,6.7362],"carpPosition":[100.812,158.34,96.8732],"dipPosition":[90.5428,269.187,18.7269],"direction":[-0.13487,0.790689,-0.597178],"extended":true,"handId":391,"id":3913,"length":64.9742,"mcpPosition":[96.2279,209.102,59.5532],"pipPosition":[94.3106,247.097,35.41],"stabilizedTipPosition":[87.6249,279.991,9.49406],"timeVisible":0,"tipPosition":[87.6249,279.991,9.49406],"tipVelocity":[1.19209e-7,1.19209e-7,1.19209e-7],"tool":false,"touchDistance":1,"touchZone":"none","type":3,"width":18.2302},{"bases":[[[0.525852,-0.564393,-0.636349],[0.848171,0.291725,0.442156],[-0.063911,-0.772242,0.632106]],[[0.529722,-0.468101,-0.707302],[0.845428,0.224382,0.484669],[-0.0681683,-0.854713,0.514606]],[[0.529722,-0.468101,-0.707302],[0.846216,0.348278,0.403264],[0.0575698,-0.812148,0.580605]],[[0.529722,-0.468101,-0.707302],[0.838363,0.415425,0.352944],[0.128617,-0.779938,0.612498]]],"btipPosition":[108.658,256.106,8.27782],"carpPosition":[105.861,150.894,85.6903],"dipPosition":[110.893,242.549,18.9247],"direction":[-0.0575698,0.812148,-0.580605],"extended":true,"handId":391,"id":3914,"length":50.9386,"mcpPosition":[109.598,196.052,48.727],"pipPosition":[112.029,226.53,30.3769],"stabilizedTipPosition":[109.172,252.988,10.7266],"timeVisible":0,"tipPosition":[109.172,252.988,10.7266],"tipVelocity":[1.19209e-7,1.19209e-7,1.19209e-7],"tool":false,"touchDistance":1,"touchZone":"none","type":4,"width":16.1934}],"r":[[1,-5.55112e-18,-5.55112e-18],[5.55112e-18,1,-6.16298e-35],[5.55112e-18,3.08149e-35,1]],"s":1,"t":[0,0,0],"timestamp":261897193779},{"currentFrameRate":24.8385,"devices":[],"gestures":[],"hands":[{"armBasis":[[0.839749,-0.14653,-0.522829],[0.263511,0.951883,0.156464],[0.474745,-0.269162,0.837955]],"armWidth":65.7594,"confidence":0.208821,"direction":[-0.110981,0.914249,-0.389657],"elbow":[228.603,66.7511,323.832],"grabAngle":0.100463,"grabStrength":0,"id":391,"palmNormal":[-0.559484,-0.381522,-0.735812],"palmPosition":[77.4637,203.512,60.6685],"palmVelocity":[-64.9121,227.785,-369.712],"palmWidth":91.7607,"pinchDistance":64.2719,"pinchStrength":0,"r":[[0.999909,0.0104755,0.00847039],[-0.0105473,0.999908,0.00847226],[-0.00838086,-0.00856083,0.999928]],"s":1.00449,"sphereCenter":[124.755,266.572,64.6151],"sphereRadius":82.8137,"stabilizedPalmPosition":[79.7441,195.509,73.6569],"t":[-1.30574,4.58202,-7.43694],"timeVisible":0.040231,"type":"right","wrist":[99.3358,140.04,95.6681]}],"id":226919,"interactionBox":{"center":[0,200,0],"size":[235.247,235.247,147.751]},"pointables":[{"bases":[[[0.809281,0.464778,0.359228],[-0.367519,-0.0764471,0.926869],[0.458251,-0.882121,0.108947]],[[0.740296,0.579197,0.341311],[-0.308258,-0.15873,0.937967],[0.597444,-0.799585,0.0610348]],[[0.740296,0.579197,0.341311],[-0.559267,0.248842,0.790758],[0.373072,-0.776279,0.508143]],[[0.740296,0.579197,0.341311],[-0.653835,0.502183,0.565961],[0.156402,-0.642139,0.750464]]],"btipPosition":[15.7514,234.536,50.5801],"carpPosition":[62.9342,150.948,90.0897],"dipPosition":[19.5741,218.841,68.923],"direction":[-0.373072,0.776279,-0.508143],"extended":true,"handId":391,"id":3910,"length":54.4289,"mcpPosition":[62.9342,150.948,90.0897],"pipPosition":[32.8587,191.199,87.0172],"stabilizedTipPosition":[21.2155,224.636,73.3493],"timeVisible":0.040231,"tipPosition":[17.305,230.38,57.7944],"tipVelocity":[-122.735,168.393,-496.579],"tool":false,"touchDistance":1,"touchZone":"none","type":0,"width":21.1074},{"bases":[[[0.791083,0.0190946,-0.611411],[0.516607,0.514392,0.684484],[0.327575,-0.857343,0.397062]],[[0.84132,-0.156456,-0.517399],[0.529109,0.434158,0.729075],[0.110565,-0.887146,0.448048]],[[0.84132,-0.156456,-0.517399],[0.518283,0.505318,0.689954],[0.153503,-0.848631,0.506223]],[[0.84132,-0.156456,-0.517399],[0.503692,0.574267,0.645378],[0.196152,-0.803579,0.561948]]],"btipPosition":[42.8103,306.402,23.5212],"carpPosition":[79.4499,167.228,95.8895],"dipPosition":[46.3104,292.063,33.5485],"direction":[-0.153503,0.848631,-0.506223],"extended":true,"handId":391,"id":3911,"length":61.4169,"mcpPosition":[55.1462,230.836,66.4304],"pipPosition":[50.1853,270.641,46.327],"stabilizedTipPosition":[48.287,297.345,31.6568],"timeVisible":0.040231,"tipPosition":[46.1909,301.028,26.03],"tipVelocity":[-241.238,297.377,-301.021],"tool":false,"touchDistance":1,"touchZone":"none","type":1,"width":20.1617},{"bases":[[[0.728329,-0.184884,-0.659814],[0.649978,0.491267,0.579815],[0.216947,-0.851161,0.477974]],[[0.741679,-0.243761,-0.624894],[0.659824,0.432652,0.614365],[0.120603,-0.867982,0.481729]],[[0.741679,-0.243761,-0.624894],[0.647158,0.504987,0.571117],[0.176347,-0.827991,0.53229]],[[0.741679,-0.243761,-0.624894],[0.633143,0.562006,0.532239],[0.221455,-0.790398,0.571164]]],"btipPosition":[58.9411,312.537,4.42087],"carpPosition":[89.8598,168.855,89.3181],"dipPosition":[63.2874,297.025,15.6305],"direction":[-0.176347,0.827991,-0.53229],"extended":true,"handId":391,"id":3912,"length":69.9797,"mcpPosition":[74.5956,228.741,55.6883],"pipPosition":[68.5246,272.435,31.4385],"stabilizedTipPosition":[63.1371,303.549,11.2868],"timeVisible":0.040231,"tipPosition":[61.951,306.432,7.16378],"tipVelocity":[-208.172,353.001,-279.253],"tool":false,"touchDistance":1,"touchZone":"none","type":2,"width":19.8015},{"bases":[[[0.701232,-0.344628,-0.624104],[0.706937,0.449419,0.546134],[0.0922708,-0.824169,0.558777]],[[0.696381,-0.307276,-0.648563],[0.712958,0.399615,0.576194],[0.0821245,-0.863649,0.497359]],[[0.696381,-0.307276,-0.648563],[0.703135,0.473091,0.530835],[0.143716,-0.825691,0.545509]],[[0.696381,-0.307276,-0.648563],[0.688521,0.540994,0.482974],[0.202462,-0.782884,0.588305]]],"btipPosition":[81.4801,299.253,-4.45327],"carpPosition":[99.2495,167.726,81.3147],"dipPosition":[85.4307,283.977,7.02635],"direction":[-0.143716,0.825691,-0.545509],"extended":true,"handId":391,"id":3913,"length":67.2873,"mcpPosition":[93.4207,219.789,46.0164],"pipPosition":[89.5886,260.088,22.8086],"stabilizedTipPosition":[84.3589,289.814,2.44149],"timeVisible":0.040231,"tipPosition":[82.8763,292.996,-1.41796],"tipVelocity":[-130.152,391.45,-281.052],"tool":false,"touchDistance":1,"touchZone":"none","type":3,"width":18.8424},{"bases":[[[0.580687,-0.507189,-0.636837],[0.812755,0.315755,0.489621],[-0.0472459,-0.801909,0.595575]],[[0.582191,-0.408448,-0.70301],[0.813012,0.283884,0.508352],[-0.00806207,-0.867514,0.497348]],[[0.582191,-0.408448,-0.70301],[0.811192,0.350253,0.468284],[0.0549619,-0.842907,0.535244]],[[0.582191,-0.408448,-0.70301],[0.803119,0.423646,0.418957],[0.126706,-0.808513,0.574675]]],"btipPosition":[104.795,271.76,-4.4212],"carpPosition":[105.138,161.059,70.0503],"dipPosition":[107.076,257.205,5.92389],"direction":[-0.0549619,0.842907,-0.535244],"extended":true,"handId":391,"id":3914,"length":52.752,"mcpPosition":[107.901,207.952,35.2233],"pipPosition":[108.198,239.987,16.8572],"stabilizedTipPosition":[107.109,261.246,3.89079],"timeVisible":0.040231,"tipPosition":[105.817,266.744,-0.595138],"tipVelocity":[-95.7625,383.385,-317.378],"tool":false,"touchDistance":1,"touchZone":"none","type":4,"width":16.7373}],"r":[[0.999909,0.0104755,0.00847039],[-0.0105473,0.999908,0.00847226],[-0.00838086,-0.00856083,0.999928]],"s":1.00449,"t":[-1.30574,4.58202,-7.43694],"timestamp":261897234010},{"currentFrameRate":25.8802,"devices":[],"gestures":[],"hands":[{"armBasis":[[0.850792,-0.109942,-0.513873],[0.287762,0.915697,0.280521],[0.439711,-0.386538,0.810705]],"armWidth":65.7594,"confidence":0.359518,"direction":[-0.129808,0.92132,-0.366496],"elbow":[216.514,45.2852,297.309],"grabAngle":0.0483434,"grabStrength":0,"id":391,"palmNormal":[-0.533383,-0.376471,-0.757478],"palmPosition":[74.2608,215.217,43.5947],"palmVelocity":[-102.635,375.111,-547.13],"palmWidth":91.7607,"pinchDistance":63.9239,"pinchStrength":0,"r":[[0.99951,0.0244635,0.0195123],[-0.0248659,0.999477,0.020652],[-0.0189969,-0.0211271,0.999596]],"s":1.01344,"sphereCenter":[152.326,323.691,120.005],"sphereRadius":154.105,"stabilizedPalmPosition":[78.6708,199.367,67.7725],"t":[-3.56002,12.7259,-19.6923],"timeVisible":0.071437,"type":"right","wrist":[96.7867,150.534,76.5646]}],"id":226920,"interactionBox":{"center":[0,200,0],"size":[235.247,235.247,147.751]},"pointables":[{"bases":[[[0.788088,0.47741,0.388584],[-0.383495,-0.113005,0.916603],[0.481507,-0.871384,0.0940263]],[[0.697029,0.615686,0.367533],[-0.356046,-0.14773,0.922717],[0.6224,-0.77402,0.11624]],[[0.697029,0.615686,0.367533],[-0.593633,0.208,0.77739],[0.402182,-0.760044,0.510474]],[[0.697029,0.615686,0.367533],[-0.693936,0.45014,0.561985],[0.180565,-0.646764,0.741008]]],"btipPosition":[10.6209,243.288,29.107],"carpPosition":[60.6873,161.451,71.2475],"dipPosition":[15.0343,227.48,47.2187],"direction":[-0.402182,0.760044,-0.510474],"extended":false,"handId":391,"id":3910,"length":54.4289,"mcpPosition":[60.6873,161.451,71.2475],"pipPosition":[29.3554,200.416,65.3959],"stabilizedTipPosition":[20.482,225.786,70.2807],"timeVisible":0.071437,"tipPosition":[12.9837,240.238,38.5388],"tipVelocity":[-160.052,279.62,-689.813],"tool":false,"touchDistance":1,"touchZone":"none","type":0,"width":21.1074},{"bases":[[[0.802193,0.0589144,-0.594151],[0.487681,0.509454,0.708959],[0.344461,-0.858479,0.379949]],[[0.849196,-0.0883968,-0.520626],[0.5052,0.423034,0.752207],[0.15375,-0.901792,0.403897]],[[0.849196,-0.0883968,-0.520626],[0.491356,0.493483,0.717665],[0.193481,-0.865252,0.462498]],[[0.849196,-0.0883968,-0.520626],[0.471621,0.570481,0.672402],[0.237569,-0.81654,0.52614]]],"btipPosition":[35.0246,318.594,10.4599],"carpPosition":[76.6028,178.027,77.8348],"dipPosition":[39.2637,304.023,19.8482],"direction":[-0.193481,0.865252,-0.462498],"extended":true,"handId":391,"id":3911,"length":61.4169,"mcpPosition":[51.0463,241.72,49.6453],"pipPosition":[44.1478,282.182,31.523],"stabilizedTipPosition":[40.6214,308.511,19.7799],"timeVisible":0.071437,"tipPosition":[40.0233,313.167,11.2941],"tipVelocity":[-244.048,388.973,-423.262],"tool":false,"touchDistance":1,"touchZone":"none","type":1,"width":20.1617},{"bases":[[[0.746385,-0.145329,-0.649452],[0.623725,0.493109,0.606474],[0.232112,-0.857743,0.458695]],[[0.756082,-0.183815,-0.628133],[0.63825,0.419473,0.645507],[0.144831,-0.888963,0.434476]],[[0.756082,-0.183815,-0.628133],[0.628602,0.471149,0.618771],[0.182205,-0.862688,0.471774]],[[0.756082,-0.183815,-0.628133],[0.618683,0.513781,0.594356],[0.213471,-0.837998,0.502184]]],"btipPosition":[53.867,327.301,-6.48348],"carpPosition":[87.0895,180.135,71.5276],"dipPosition":[58.0565,310.855,3.37231],"direction":[-0.182205,0.862688,-0.471774],"extended":true,"handId":391,"id":3912,"length":69.9797,"mcpPosition":[70.7584,240.485,39.2543],"pipPosition":[63.4677,285.235,17.3831],"stabilizedTipPosition":[57.0548,318.171,-0.0653138],"timeVisible":0.071437,"tipPosition":[56.3918,320.07,-6.6801],"tipVelocity":[-163.757,466.246,-359.409],"tool":false,"touchDistance":1,"touchZone":"none","type":2,"width":19.8015},{"bases":[[[0.72325,-0.306726,-0.618731],[0.682538,0.453871,0.572837],[0.10512,-0.836612,0.537615]],[[0.715385,-0.254515,-0.650727],[0.692792,0.379523,0.61319],[0.0908997,-0.889486,0.447831]],[[0.715385,-0.254515,-0.650727],[0.688122,0.41829,0.592892],[0.121293,-0.871926,0.474376]],[[0.715385,-0.254515,-0.650727],[0.67588,0.488281,0.552059],[0.17723,-0.834748,0.52133]]],"btipPosition":[78.816,315.37,-15.0631],"carpPosition":[96.6655,179.501,63.6921],"dipPosition":[82.2743,299.081,-4.89034],"direction":[-0.121293,0.871926,-0.474376],"extended":true,"handId":391,"id":3913,"length":67.2873,"mcpPosition":[90.025,232.35,29.7307],"pipPosition":[85.7834,273.855,8.83392],"stabilizedTipPosition":[80.7896,306.211,-8.95987],"timeVisible":0.071437,"tipPosition":[78.6302,307.824,-15.075],"tipVelocity":[-89.001,509.003,-349.625],"tool":false,"touchDistance":1,"touchZone":"none","type":3,"width":18.8424},{"bases":[[[0.607772,-0.472241,-0.638437],[0.793309,0.324931,0.51486],[-0.03569,-0.819395,0.572117]],[[0.607444,-0.365619,-0.70522],[0.794334,0.27206,0.543154],[-0.006725,-0.890116,0.455684]],[[0.607444,-0.365619,-0.70522],[0.794067,0.303699,0.526521],[0.0216686,-0.879824,0.474806]],[[0.607444,-0.365619,-0.70522],[0.789844,0.372552,0.487187],[0.0846068,-0.852952,0.515086]]],"btipPosition":[103.338,287.437,-16.8817],"carpPosition":[102.968,173.325,52.3723],"dipPosition":[104.861,272.083,-7.60928],"direction":[-0.0216686,0.879824,-0.474806],"extended":true,"handId":391,"id":3914,"length":52.752,"mcpPosition":[105.055,221.24,18.917],"pipPosition":[105.304,254.111,2.08942],"stabilizedTipPosition":[104.858,276.159,-8.37685],"timeVisible":0.071437,"tipPosition":[102.295,281.495,-15.1971],"tipVelocity":[-52.2624,496.496,-407.203],"tool":false,"touchDistance":1,"touchZone":"none","type":4,"width":16.7373}],"r":[[0.99951,0.0244635,0.0195123],[-0.0248659,0.999477,0.020652],[-0.0189969,-0.0211271,0.999596]],"s":1.01344,"t":[-3.56002,12.7259,-19.6923],"timestamp":261897265216},{"currentFrameRate":28.0648,"devices":[],"gestures":[],"hands":[{"armBasis":[[0.853589,-0.0695086,-0.516289],[0.284093,0.892831,0.349492],[0.436666,-0.444996,0.781857]],"armWidth":65.7594,"confidence":0.451306,"direction":[-0.154676,0.917375,-0.36674],"elbow":[214.517,38.1917,275.084],"grabAngle":0,"grabStrength":0,"id":391,"palmNormal":[-0.503792,-0.392557,-0.769476],"palmPosition":[71.6066,223.918,29.5636],"palmVelocity":[-127.104,416.64,-671.926],"palmWidth":91.7607,"pinchDistance":65.4499,"pinchStrength":0,"r":[[0.998558,0.0425904,0.0326844],[-0.0435955,0.998578,0.0306806],[-0.0313312,-0.0320613,0.998995]],"s":1.02563,"sphereCenter":[152.107,352.706,139.254],"sphereRadius":186.645,"stabilizedPalmPosition":[77.5656,203.208,61.7945],"t":[-6.01426,21.1479,-32.8355],"timeVisible":0.092319,"type":"right","wrist":[95.6187,159.358,62.1941]}],"id":226921,"interactionBox":{"center":[0,200,0],"size":[235.247,235.247,147.751]},"pointables":[{"bases":[[[0.762406,0.503669,0.406269],[-0.398298,-0.129554,0.908061],[0.509996,-0.854127,0.101838]],[[0.651524,0.656888,0.379493],[-0.378001,-0.152619,0.913139],[0.657748,-0.738381,0.148869]],[[0.651524,0.656888,0.379493],[-0.61897,0.171063,0.76656],[0.438627,-0.734327,0.518045]],[[0.651524,0.656888,0.379493],[-0.727183,0.398235,0.559118],[0.21615,-0.64024,0.737137]]],"btipPosition":[5.35815,248.581,12.8275],"carpPosition":[59.3714,169.613,56.7856],"dipPosition":[10.6413,232.932,30.8446],"direction":[-0.438627,0.734327,-0.518045],"extended":true,"handId":391,"id":3910,"length":54.4289,"mcpPosition":[59.3714,169.613,56.7856],"pipPosition":[26.2601,206.784,49.2914],"stabilizedTipPosition":[19.7819,226.752,67.5974],"timeVisible":0.092319,"tipPosition":[9.1699,246.519,22.3895],"tipVelocity":[-242.445,255.211,-780.637],"tool":false,"touchDistance":1,"touchZone":"none","type":0,"width":21.1074},{"bases":[[[0.811829,0.089221,-0.577039],[0.454432,0.524003,0.720356],[0.366641,-0.84703,0.384856]],[[0.863881,-0.0620127,-0.499865],[0.474499,0.433157,0.766306],[0.168999,-0.899182,0.403621]],[[0.863881,-0.0620127,-0.499865],[0.462707,0.489832,0.738896],[0.199029,-0.869609,0.45185]],[[0.863881,-0.0620127,-0.499865],[0.443684,0.563468,0.696885],[0.238442,-0.823807,0.514283]]],"btipPosition":[30.4854,326.559,-3.49788],"carpPosition":[74.5491,186.719,63.7483],"dipPosition":[34.7401,311.859,5.67884],"direction":[-0.199029,0.869609,-0.45185],"extended":true,"handId":391,"id":3911,"length":61.4169,"mcpPosition":[47.347,249.562,35.1948],"pipPosition":[39.7642,289.908,17.0848],"stabilizedTipPosition":[37.4296,313.623,12.4021],"timeVisible":0.092319,"tipPosition":[34.3561,320.898,-3.05083],"tipVelocity":[-217.202,380.015,-670.741],"tool":false,"touchDistance":1,"touchZone":"none","type":1,"width":20.1617},{"bases":[[[0.764455,-0.116682,-0.63403],[0.593078,0.51282,0.620704],[0.252718,-0.85053,0.461229]],[[0.77628,-0.159634,-0.609842],[0.610694,0.430358,0.664714],[0.156339,-0.888431,0.431566]],[[0.77628,-0.159634,-0.609842],[0.605587,0.457531,0.651099],[0.175084,-0.874747,0.451844]],[[0.77628,-0.159634,-0.609842],[0.599737,0.48501,0.63646],[0.194179,-0.859815,0.472242]]],"btipPosition":[50.4223,336.636,-19.1954],"carpPosition":[85.0839,189.218,57.668],"dipPosition":[54.2333,319.761,-9.92721],"direction":[-0.175084,0.874747,-0.451844],"extended":true,"handId":391,"id":3912,"length":69.9797,"mcpPosition":[67.3029,249.06,25.2164],"pipPosition":[59.4329,293.783,3.49174],"stabilizedTipPosition":[54.4433,324.788,-7.77746],"timeVisible":0.092319,"tipPosition":[51.121,328.933,-20.2292],"tipVelocity":[-169.128,442.299,-615.22],"tool":false,"touchDistance":0.9269,"touchZone":"hovering","type":2,"width":19.8015},{"bases":[[[0.746414,-0.278897,-0.604221],[0.653934,0.475798,0.588206],[0.123438,-0.834166,0.537523]],[[0.737951,-0.229808,-0.63452],[0.667569,0.386358,0.636458],[0.0988888,-0.893262,0.438526]],[[0.737951,-0.229808,-0.63452],[0.665959,0.400133,0.629596],[0.109207,-0.887176,0.448321]],[[0.737951,-0.229808,-0.63452],[0.65769,0.455606,0.599889],[0.151232,-0.860007,0.487357]]],"btipPosition":[76.3153,325.773,-26.865],"carpPosition":[94.8378,188.949,50.0335],"dipPosition":[79.2663,308.992,-17.3552],"direction":[-0.109207,0.887176,-0.448321],"extended":true,"handId":391,"id":3913,"length":67.2873,"mcpPosition":[87.0401,241.643,16.0778],"pipPosition":[82.4257,283.325,-4.38471],"stabilizedTipPosition":[78.8945,314.051,-16.8076],"timeVisible":0.092319,"tipPosition":[74.4701,317.733,-28.0268],"tipVelocity":[-125.342,492.769,-572.474],"tool":false,"touchDistance":0.847964,"touchZone":"hovering","type":3,"width":18.8424},{"bases":[[[0.637306,-0.448324,-0.626775],[0.770387,0.351049,0.53223],[-0.0185829,-0.822052,0.569109]],[[0.634719,-0.343327,-0.692285],[0.772737,0.27866,0.570286],[-0.00288255,-0.896926,0.442172]],[[0.634719,-0.343327,-0.692285],[0.772737,0.27866,0.570286],[-0.00288255,-0.896926,0.442172]],[[0.634719,-0.343327,-0.692285],[0.771671,0.328787,0.544448],[0.0406911,-0.879787,0.473623]]],"btipPosition":[102.11,298.389,-28.3337],"carpPosition":[101.59,183.037,38.8323],"dipPosition":[102.842,282.551,-19.8078],"direction":[0.00288255,0.896926,-0.442172],"extended":true,"handId":391,"id":3914,"length":52.752,"mcpPosition":[102.677,231.108,5.55295],"pipPosition":[102.783,264.23,-10.7757],"stabilizedTipPosition":[103.718,284.373,-16.33],"timeVisible":0.092319,"tipPosition":[99.174,291.95,-28.0821],"tipVelocity":[-67.5299,519.123,-556.64],"tool":false,"touchDistance":0.824389,"touchZone":"hovering","type":4,"width":16.7373}],"r":[[0.998558,0.0425904,0.0326844],[-0.0435955,0.998578,0.0306806],[-0.0313312,-0.0320613,0.998995]],"s":1.02563,"t":[-6.01426,21.1479,-32.8355],"timestamp":261897286098},{"currentFrameRate":27.2755,"devices":[],"gestures":[],"hands":[{"armBasis":[[0.866675,-0.00590939,-0.498839],[0.25159,0.868636,0.426818],[0.430787,-0.495415,0.754312]],"armWidth":65.7594,"confidence":0.60873,"direction":[-0.152483,0.942197,-0.298352],"elbow":[207.851,31.7485,242.607],"grabAngle":0,"grabStrength":0,"id":391,"palmNormal":[-0.463463,-0.334801,-0.820433],"palmPosition":[66.7433,233.299,8.91513],"palmVelocity":[-116.158,224.065,-493.18],"palmWidth":91.7607,"pinchDistance":67.9423,"pinchStrength":0,"r":[[0.996863,0.0587667,0.0530184],[-0.0616342,0.996627,0.0541772],[-0.0496558,-0.057275,0.997123]],"s":1.0469,"sphereCenter":[120.391,344.932,118.047],"sphereRadius":165.553,"stabilizedPalmPosition":[75.8502,207.978,53.4129],"t":[-9.67303,30.0496,-49.7314],"timeVisible":0.134187,"type":"right","wrist":[90.5533,166.644,37.218]}],"id":226922,"interactionBox":{"center":[0,200,0],"size":[235.247,235.247,147.751]},"pointables":[{"bases":[[[0.736031,0.478008,0.47934],[-0.435727,-0.207377,0.875863],[0.518073,-0.853524,0.0556448]],[[0.596457,0.662235,0.453524],[-0.417761,-0.226332,0.879914],[0.685357,-0.714296,0.141659]],[[0.596457,0.662235,0.453524],[-0.626067,0.0302682,0.779182],[0.502274,-0.748685,0.432657]],[[0.596457,0.662235,0.453524],[-0.736602,0.227174,0.637032],[0.318836,-0.714029,0.623303]]],"btipPosition":[-6.01982,256.897,-6.66891],"carpPosition":[54.1596,176.827,31.1033],"dipPosition":[1.77319,239.445,8.56591],"direction":[-0.502274,0.748685,-0.432657],"extended":true,"handId":391,"id":3910,"length":54.4289,"mcpPosition":[54.1596,176.827,31.1033],"pipPosition":[19.6584,212.785,23.9722],"stabilizedTipPosition":[16.7469,230.055,58.6523],"timeVisible":0.134187,"tipPosition":[1.38758,254.711,-0.579389],"tipVelocity":[-257.97,188.724,-480.947],"tool":false,"touchDistance":0.854455,"touchZone":"hovering","type":0,"width":21.1074},{"bases":[[[0.834904,0.145211,-0.530895],[0.414296,0.469207,0.779874],[0.362346,-0.871068,0.331582]],[[0.879743,0.013161,-0.475268],[0.43104,0.399765,0.808945],[0.200642,-0.916523,0.346018]],[[0.879743,0.013161,-0.475268],[0.415671,0.463968,0.782274],[0.230804,-0.885754,0.402701]],[[0.879743,0.013161,-0.475268],[0.399387,0.521892,0.753736],[0.257959,-0.85291,0.453875]]],"btipPosition":[22.4379,336.818,-18.2956],"carpPosition":[68.753,193.49,40.0949],"dipPosition":[27.0408,321.599,-10.1968],"direction":[-0.230804,0.885754,-0.402701],"extended":true,"handId":391,"id":3911,"length":61.4169,"mcpPosition":[41.8695,258.116,15.4939],"pipPosition":[32.867,299.24,-0.0314649],"stabilizedTipPosition":[30.8668,322.9,-1.17992],"timeVisible":0.134187,"tipPosition":[28.351,332.377,-17.247],"tipVelocity":[-190.299,242.175,-359.36],"tool":false,"touchDistance":0.786339,"touchZone":"hovering","type":1,"width":20.1617},{"bases":[[[0.79324,-0.0559388,-0.606335],[0.557337,0.467763,0.685983],[0.245248,-0.882082,0.402225]],[[0.802908,-0.0932212,-0.588768],[0.571059,0.403568,0.71486],[0.170968,-0.910188,0.377263]],[[0.802908,-0.0932212,-0.588768],[0.56376,0.439665,0.699192],[0.193681,-0.893311,0.405565]],[[0.802908,-0.0932212,-0.588768],[0.558107,0.464543,0.687544],[0.209414,-0.88063,0.425013]]],"btipPosition":[43.7812,348.29,-32.9618],"carpPosition":[79.5049,196.596,34.7152],"dipPosition":[47.8912,331.006,-24.6206],"direction":[-0.193681,0.893311,-0.405565],"extended":true,"handId":391,"id":3912,"length":69.9797,"mcpPosition":[62.2495,258.659,6.41507],"pipPosition":[53.6431,304.477,-12.576],"stabilizedTipPosition":[48.6695,336.391,-21.6024],"timeVisible":0.134187,"tipPosition":[46.5102,342.169,-32.8014],"tipVelocity":[-156.978,276.096,-333.898],"tool":false,"touchDistance":0.657849,"touchZone":"hovering","type":2,"width":19.8015},{"bases":[[[0.776397,-0.220236,-0.590511],[0.62012,0.434214,0.653383],[0.11251,-0.873472,0.473696]],[[0.770108,-0.178089,-0.612551],[0.630978,0.353878,0.69039],[0.0938176,-0.91818,0.384894]],[[0.770108,-0.178089,-0.612551],[0.629661,0.366174,0.68516],[0.102281,-0.913346,0.394129]],[[0.770108,-0.178089,-0.612551],[0.622452,0.419919,0.660471],[0.139599,-0.889917,0.434235]]],"btipPosition":[72.4192,338.872,-40.2293],"carpPosition":[89.5874,197.061,27.5302],"dipPosition":[75.1432,321.507,-31.756],"direction":[-0.102281,0.913346,-0.394129],"extended":true,"handId":391,"id":3913,"length":67.2873,"mcpPosition":[82.4801,252.239,-2.39344],"pipPosition":[78.1023,295.083,-20.3534],"stabilizedTipPosition":[75.1185,327.497,-30.6707],"timeVisible":0.134187,"tipPosition":[70.9024,331.801,-40.5349],"tipVelocity":[-94.3022,309.66,-324.895],"tool":false,"touchDistance":0.592461,"touchZone":"hovering","type":3,"width":18.8424},{"bases":[[[0.670995,-0.388548,-0.631503],[0.740816,0.315787,0.592849],[-0.0309299,-0.865626,0.499734]],[[0.670745,-0.300536,-0.67807],[0.741063,0.234023,0.629332],[-0.0304527,-0.924614,0.379686]],[[0.670745,-0.300536,-0.67807],[0.741063,0.234023,0.629332],[-0.0304527,-0.924614,0.379686]],[[0.670745,-0.300536,-0.67807],[0.741671,0.277959,0.610461],[0.00501053,-0.912369,0.409339]]],"btipPosition":[100.38,312.231,-42.1632],"carpPosition":[96.9148,192.157,16.205],"dipPosition":[100.47,295.806,-34.7945],"direction":[0.0304527,0.924614,-0.379686],"extended":true,"handId":391,"id":3914,"length":52.752,"mcpPosition":[98.7235,242.775,-13.0176],"pipPosition":[99.848,276.92,-27.0387],"stabilizedTipPosition":[101.727,298.826,-30.8177],"timeVisible":0.134187,"tipPosition":[96.2968,306.367,-41.6245],"tipVelocity":[-44.8475,327.388,-336.669],"tool":false,"touchDistance":0.563849,"touchZone":"hovering","type":4,"width":16.7373}],"r":[[0.996863,0.0587667,0.0530184],[-0.0616342,0.996627,0.0541772],[-0.0496558,-0.057275,0.997123]],"s":1.0469,"t":[-9.67303,30.0496,-49.7314],"timestamp":261897327966},{"currentFrameRate":29.3129,"devices":[],"gestures":[],"hands":[{"armBasis":[[0.89809,0.0379433,-0.438171],[0.192581,0.861759,0.469344],[0.395407,-0.505897,0.76663]],"armWidth":65.7594,"confidence":0.673562,"direction":[-0.163495,0.947257,-0.275634],"elbow":[196.854,29.6725,234.835],"grabAngle":0.0496741,"grabStrength":0,"id":391,"palmNormal":[-0.396889,-0.318942,-0.860671],"palmPosition":[65.1168,234.271,-1.49496],"palmVelocity":[-77.6634,46.4298,-497.044],"palmWidth":91.7607,"pinchDistance":67.7705,"pinchStrength":0,"r":[[0.993539,0.0770146,0.0833575],[-0.0835976,0.993395,0.0785969],[-0.0767539,-0.0850576,0.993415]],"s":1.06714,"sphereCenter":[86.339,306.529,37.7343],"sphereRadius":89.5685,"stabilizedPalmPosition":[75.4523,208.952,51.3775],"t":[-12.3157,34.9866,-63.3843],"timeVisible":0.155131,"type":"right","wrist":[89.1904,167.422,26.0917]}],"id":226923,"interactionBox":{"center":[0,200,0],"size":[235.247,235.247,147.751]},"pointables":[{"bases":[[[0.686526,0.482714,0.543756],[-0.485579,-0.252251,0.837008],[0.541198,-0.838664,0.0612187]],[[0.539053,0.667368,0.513851],[-0.462026,-0.275805,0.84289],[0.70424,-0.691774,0.159667]],[[0.539053,0.667368,0.513851],[-0.65025,-0.0580241,0.757501],[0.535347,-0.742465,0.402678]],[[0.539053,0.667368,0.513851],[-0.755339,0.113096,0.645501],[0.372672,-0.736091,0.565054]]],"btipPosition":[-10.6558,255.927,-18.3286],"carpPosition":[52.9678,176.673,17.8589],"dipPosition":[-1.54691,237.936,-4.51755],"direction":[-0.535347,0.742465,-0.402678],"extended":true,"handId":391,"id":3910,"length":54.4289,"mcpPosition":[52.9678,176.673,17.8589],"pipPosition":[17.516,211.498,9.8212],"stabilizedTipPosition":[15.7132,230.943,55.6378],"timeVisible":0.155131,"tipPosition":[-1.99096,253.51,-14.7419],"tipVelocity":[-206.9,-52.2373,-572.344],"tool":false,"touchDistance":0.622535,"touchZone":"hovering","type":0,"width":21.1074},{"bases":[[[0.862915,0.189921,-0.468304],[0.346094,0.453155,0.821504],[0.368235,-0.870965,0.325303]],[[0.899645,0.0881391,-0.427633],[0.356944,0.415588,0.836587],[0.251455,-0.905273,0.342421]],[[0.899645,0.0881391,-0.427633],[0.329654,0.505098,0.797624],[0.286298,-0.85855,0.425353]],[[0.899645,0.0881391,-0.427633],[0.304128,0.576242,0.758586],[0.313281,-0.812513,0.491607]]],"btipPosition":[14.956,334.848,-30.6343],"carpPosition":[66.3759,193.439,28.374],"dipPosition":[20.5461,320.349,-21.8622],"direction":[-0.286298,0.85855,-0.425353],"extended":true,"handId":391,"id":3911,"length":61.4169,"mcpPosition":[39.0555,258.059,4.2389],"pipPosition":[27.7731,298.677,-11.1251],"stabilizedTipPosition":[27.9135,324.639,-6.72018],"timeVisible":0.155131,"tipPosition":[22.7843,332.593,-27.292],"tipVelocity":[-346.393,-86.1555,-581.734],"tool":false,"touchDistance":0.558281,"touchZone":"hovering","type":1,"width":20.1617},{"bases":[[[0.833002,-0.00954861,-0.553187],[0.494998,0.459508,0.737448],[0.247152,-0.888123,0.387497]],[[0.839464,-0.0338902,-0.542357],[0.504764,0.418307,0.755138],[0.20128,-0.907673,0.36826]],[[0.839464,-0.0338902,-0.542357],[0.493153,0.466731,0.734141],[0.228255,-0.88375,0.408517]],[[0.839464,-0.0338902,-0.542357],[0.485381,0.495538,0.720311],[0.244347,-0.867925,0.432436]]],"btipPosition":[38.2555,348.526,-42.5825],"carpPosition":[77.3514,197.068,23.8384],"dipPosition":[43.051,331.492,-34.0956],"direction":[-0.228255,0.88375,-0.408517],"extended":true,"handId":391,"id":3912,"length":69.9797,"mcpPosition":[59.962,259.555,-3.42548],"pipPosition":[49.8297,305.246,-21.9634],"stabilizedTipPosition":[46.3482,338.439,-26.346],"timeVisible":0.155131,"tipPosition":[43.1652,344.046,-40.7197],"tipVelocity":[-256.307,14.0261,-457.755],"tool":false,"touchDistance":0.481589,"touchZone":"hovering","type":2,"width":19.8015},{"bases":[[[0.820592,-0.174751,-0.544142],[0.560874,0.429106,0.708018],[0.109767,-0.886189,0.450134]],[[0.814311,-0.131616,-0.565309],[0.569471,0.369519,0.734274],[0.112251,-0.919855,0.375855]],[[0.814311,-0.131616,-0.565309],[0.566324,0.393569,0.724142],[0.12718,-0.909825,0.395025]],[[0.814311,-0.131616,-0.565309],[0.558527,0.442703,0.701471],[0.157939,-0.886956,0.434009]]],"btipPosition":[68.9326,340.635,-48.5033],"carpPosition":[87.8659,198.102,17.3675],"dipPosition":[72.0145,323.328,-40.0344],"direction":[-0.12718,0.909825,-0.395025],"extended":true,"handId":391,"id":3913,"length":67.2873,"mcpPosition":[80.9318,254.083,-11.0677],"pipPosition":[75.694,297.005,-28.6059],"stabilizedTipPosition":[73.7236,329.829,-34.7161],"timeVisible":0.155131,"tipPosition":[69.3329,334.901,-47.0723],"tipVelocity":[-162.543,84.788,-395.101],"tool":false,"touchDistance":0.442423,"touchZone":"hovering","type":3,"width":18.8424},{"bases":[[[0.723753,-0.344626,-0.597841],[0.689158,0.316712,0.651733],[-0.0352606,-0.883701,0.466723]],[[0.724327,-0.275904,-0.631844],[0.688835,0.250709,0.680184],[-0.0292565,-0.927913,0.371648]],[[0.724327,-0.275904,-0.631844],[0.689428,0.281543,0.6674],[-0.00624684,-0.919027,0.394145]],[[0.724327,-0.275904,-0.631844],[0.689201,0.314704,0.652659],[0.0187729,-0.908206,0.418102]]],"btipPosition":[99.016,314.902,-50.1941],"carpPosition":[96.0841,193.838,6.40002],"dipPosition":[99.354,298.553,-42.6675],"direction":[0.00624684,0.919027,-0.394145],"extended":true,"handId":391,"id":3914,"length":52.752,"mcpPosition":[98.146,245.514,-20.8922],"pipPosition":[99.2264,279.78,-34.6165],"stabilizedTipPosition":[101.161,301.47,-34.6065],"timeVisible":0.155131,"tipPosition":[96.0953,310.181,-47.5833],"tipVelocity":[-62.3979,128.364,-381.711],"tool":false,"touchDistance":0.420879,"touchZone":"hovering","type":4,"width":16.7373}],"r":[[0.993539,0.0770146,0.0833575],[-0.0835976,0.993395,0.0785969],[-0.0767539,-0.0850576,0.993415]],"s":1.06714,"t":[-12.3157,34.9866,-63.3843],"timestamp":261897348910},{"currentFrameRate":31.1466,"devices":[],"gestures":[],"hands":[{"armBasis":[[0.91425,0.0133621,-0.404931],[0.195926,0.860238,0.470747],[0.354627,-0.509717,0.783854]],"armWidth":65.7594,"confidence":0.729465,"direction":[-0.142975,0.965887,-0.215919],"elbow":[184.987,30.549,227.169],"grabAngle":0.101822,"grabStrength":0,"id":391,"palmNormal":[-0.41545,-0.25658,-0.872679],"palmPosition":[66.068,237.92,-10.2266],"palmVelocity":[45.4107,174.187,-416.847],"palmWidth":91.7607,"pinchDistance":67.4296,"pinchStrength":0,"r":[[0.990714,0.0850561,0.106075],[-0.0966765,0.989252,0.109704],[-0.0956039,-0.11894,0.988288]],"s":1.09024,"sphereCenter":[61.9657,269.963,-52.7595],"sphereRadius":64.4664,"stabilizedPalmPosition":[75.2038,209.719,49.746],"t":[-13.1614,39.2794,-74.5767],"timeVisible":0.176078,"type":"right","wrist":[88.4269,169.338,13.7352]}],"id":226924,"interactionBox":{"center":[0,200,0],"size":[235.247,235.247,147.751]},"pointables":[{"bases":[[[0.705168,0.432079,0.56218],[-0.48136,-0.290428,0.827009],[0.520606,-0.853791,0.00318532]],[[0.543353,0.641488,0.541536],[-0.468275,-0.303796,0.829715],[0.696768,-0.704415,0.135324]],[[0.543353,0.641488,0.541536],[-0.631567,-0.112624,0.767098],[0.553073,-0.758821,0.343948]],[[0.543353,0.641488,0.541536],[-0.740311,0.0619562,0.669404],[0.395863,-0.764627,0.508564]]],"btipPosition":[-11.7333,260.742,-25.6917],"carpPosition":[52.7122,179.572,5.79845],"dipPosition":[-2.05757,242.053,-13.2613],"direction":[-0.553073,0.758821,-0.343948],"extended":true,"handId":391,"id":3910,"length":54.4289,"mcpPosition":[52.7122,179.572,5.79845],"pipPosition":[17.6366,215.032,-1.01381],"stabilizedTipPosition":[14.6679,232,52.3854],"timeVisible":0.176078,"tipPosition":[-2.18354,259.03,-21.6085],"tipVelocity":[-45.2147,222.193,-366.668],"tool":false,"touchDistance":0.478406,"touchZone":"hovering","type":0,"width":21.1074},{"bases":[[[0.861551,0.1967