{"frames":297,"data":[{"currentFrameRate":23.9894,"devices":[],"gestures":[],"hands":[],"id":227332,"interactionBox":{"center":[0,200,0],"size":[235.247,235.247,147.751]},"pointables":[],"r":[[-0.0794966,-0.728761,-0.680138],[0.446709,0.583909,-0.677865],[0.891141,-0.357712,0.279125]],"s":-5.62558,"t":[894.675,787.691,741.58],"timestamp":261911326034},{"currentFrameRate":24.1374,"devices":[],"gestures":[],"hands":[],"id":227333,"interactionBox":{"center":[0,200,0],"size":[235.247,235.247,147.751]},"pointables":[],"r":[[-0.0794966,-0.728761,-0.680138],[0.446709,0.583909,-0.677865],[0.891141,-0.357712,0.279125]],"s":-5.62558,"t":[894.675,787.691,741.58],"timestamp":261911366357},{"currentFrameRate":24.2858,"devices":[],"gestures":[],"hands":[],"id":227334,"interactionBox":{"center":[0,200,0],"size":[235.247,235.247,147.751]},"pointables":[],"r":[[-0.0794966,-0.728761,-0.680138],[0.446709,0.583909,-0.677865],[0.891141,-0.357712,0.279125]],"s":-5.62558,"t":[894.675,787.691,741.58],"timestamp":261911406430},{"currentFrameRate":24.3568,"devices":[],"gestures":[],"hands":[],"id":227335,"interactionBox":{"center":[0,200,0],"size":[235.247,235.247,147.751]},"pointables":[],"r":[[-0.0794966,-0.728761,-0.680138],[0.446709,0.583909,-0.677865],[0.891141,-0.357712,0.279125]],"s":-5.62558,"t":[894.675,787.691,741.58],"timestamp":261911446960},{"currentFrameRate":24.4791,"devices":[],"gestures":[],"hands":[],"id":227336,"interactionBox":{"center":[0,200,0],"size":[235.247,235.247,147.751]},"pointables":[],"r":[[-0.0794966,-0.728761,-0.680138],[0.446709,0.583909,-0.677865],[0.891141,-0.357712,0.279125]],"s":-5.62558,"t":[894.675,787.691,741.58],"timestamp":261911486909},{"currentFrameRate":24.5302,"devices":[],"gestures":[],"hands":[],"id":227337,"interactionBox":{"center":[0,200,0],"size":[235.247,235.247,147.751]},"pointables":[],"r":[[-0.0794966,-0.728761,-0.680138],[0.446709,0.583909,-0.677865],[0.891141,-0.357712,0.279125]],"s":-5.62558,"t":[894.675,787.691,741.58],"timestamp":261911527299},{"currentFrameRate":24.5936,"devices":[],"gestures":[],"hands":[],"id":227338,"interactionBox":{"center":[0,200,0],"size":[235.247,235.247,147.751]},"pointables":[],"r":[[-0.0794966,-0.728761,-0.680138],[0.446709,0.583909,-0.677865],[0.891141,-0.357712,0.279125]],"s":-5.62558,"t":[894.675,787.691,741.58],"timestamp":261911567494},{"currentFrameRate":24.6389,"devices":[],"gestures":[],"hands":[],"id":227339,"interactionBox":{"center":[0,200,0],"size":[235.247,235.247,147.751]},"pointables":[],"r":[[-0.0794966,-0.728761,-0.680138],[0.446709,0.583909,-0.677865],[0.891141,-0.357712,0.279125]],"s":-5.62558,"t":[894.675,787.691,741.58],"timestamp":261911607749},{"currentFrameRate":24.6629,"devices":[],"gestures":[],"hands":[{"armBasis":[[0.931538,0.0987846,-0.34997],[0.198011,0.669416,0.716013],[0.305006,-0.736291,0.604025]],"armWidth":64.2597,"confidence":0,"direction":[-0.0779402,0.881239,-0.466202],"elbow":[184.297,-82.8028,298.789],"grabAngle":0.39595,"grabStrength":0,"id":392,"palmNormal":[-0.223334,-0.471173,-0.853298],"palmPosition":[84.3415,181.728,95.2181],"palmVelocity":[1.19209e-7,1.19209e-7,1.19209e-7],"palmWidth":91.7607,"pinchDistance":61.0629,"pinchStrength":0,"r":[[1,5.55112e-18,1.80411e-17],[-5.55112e-18,1,-2.00297e-34],[-1.80411e-17,1.00148e-34,1]],"s":1,"sphereCenter":[99.5632,139.718,-18.9682],"sphereRadius":124.174,"stabilizedPalmPosition":[84.3415,181.728,95.2181],"t":[0,0,0],"timeVisible":0,"type":"right","wrist":[101.247,117.68,134.321]}],"id":227340,"interactionBox":{"center":[0,200,0],"size":[235.247,235.247,147.751]},"pointables":[{"bases":[[[0.575525,0.578253,0.578269],[-0.651659,-0.102931,0.751496],[0.494076,-0.809339,0.317584]],[[0.466349,0.727002,0.50397],[-0.856711,0.229254,0.462048],[0.220373,-0.647233,0.729743]],[[0.466349,0.727002,0.50397],[-0.753323,0.0277439,0.657065],[0.463706,-0.686074,0.560606]],[[0.466349,0.727002,0.50397],[-0.783503,0.0749833,0.616847],[0.41066,-0.682528,0.604577]]],"btipPosition":[30.2007,200.692,51.2768],"carpPosition":[66.9309,128.41,121.558],"dipPosition":[39.893,184.583,65.5459],"direction":[-0.463706,0.686074,-0.560606],"extended":true,"handId":392,"id":3920,"length":52.5578,"mcpPosition":[66.9309,128.41,121.558],"pipPosition":[55.8373,160.992,84.822],"stabilizedTipPosition":[32.4299,196.987,54.5587],"timeVisible":0,"tipPosition":[32.4299,196.987,54.5587],"tipVelocity":[1.19209e-7,1.19209e-7,1.19209e-7],"tool":false,"touchDistance":1,"touchZone":"none","type":0,"width":20.4215},{"bases":[[[0.944741,0.110883,-0.308495],[0.185266,0.595764,0.781499],[0.270445,-0.795468,0.5423]],[[0.968324,-0.246157,-0.0419014],[0.17979,0.570888,0.801101],[-0.173276,-0.783258,0.597061]],[[0.968324,-0.246157,-0.0419014],[0.225474,0.789885,0.570301],[-0.107286,-0.561683,0.820367]],[[0.968324,-0.246157,-0.0419014],[0.240001,0.87121,0.428244],[-0.0689103,-0.424735,0.902691]]],"btipPosition":[69.6414,260.868,29.8],"carpPosition":[78.3966,146.905,131.453],"dipPosition":[68.454,253.55,45.3537],"direction":[0.107286,0.561683,-0.820367],"extended":true,"handId":392,"id":3921,"length":59.3056,"mcpPosition":[58.3315,205.923,91.2187],"pipPosition":[65.8389,239.859,65.3502],"stabilizedTipPosition":[69.3683,259.185,33.3774],"timeVisible":0,"tipPosition":[69.3683,259.185,33.3774],"tipVelocity":[1.19209e-7,1.19209e-7,1.19209e-7],"tool":false,"touchDistance":1,"touchZone":"none","type":1,"width":19.5066},{"bases":[[[0.927075,-0.100806,-0.361068],[0.348211,0.588325,0.72981],[0.138856,-0.802317,0.580523]],[[0.929877,-0.31532,-0.189478],[0.351096,0.606936,0.712994],[-0.10982,-0.729521,0.675084]],[[0.929877,-0.31532,-0.189478],[0.365003,0.726647,0.582028],[-0.0458417,-0.610375,0.790785]],[[0.929877,-0.31532,-0.189478],[0.367436,0.821115,0.436762],[0.0178634,-0.475756,0.879396]]],"btipPosition":[86.7037,268.194,15.6803],"carpPosition":[90.1592,149.763,128.683],"dipPosition":[87.0423,259.178,32.3459],"direction":[0.0458417,0.610375,-0.790785],"extended":true,"handId":392,"id":3922,"length":67.574,"mcpPosition":[80.3895,206.213,87.8383],"pipPosition":[85.7277,241.674,55.0234],"stabilizedTipPosition":[86.7816,266.12,19.5134],"timeVisible":0,"tipPosition":[86.7816,266.12,19.5134],"tipVelocity":[1.19209e-7,1.19209e-7,1.19209e-7],"tool":false,"touchDistance":1,"touchZone":"none","type":2,"width":19.1581},{"bases":[[[0.908499,-0.261836,-0.325686],[0.417806,0.553743,0.720283],[-0.00824988,-0.790449,0.612472]],[[0.898272,-0.132934,-0.418852],[0.404936,0.620624,0.671456],[0.17069,-0.772758,0.611319]],[[0.898272,-0.132934,-0.418852],[0.372668,0.73553,0.565786],[0.232866,-0.664322,0.710246]],[[0.898272,-0.132934,-0.418852],[0.345943,0.801681,0.487475],[0.270983,-0.582784,0.766114]]],"btipPosition":[83.0085,264.01,23.9021],"carpPosition":[101.79,149.718,124.414],"dipPosition":[88.1145,253.029,38.3374],"direction":[-0.232866,0.664322,-0.710246],"extended":true,"handId":392,"id":3923,"length":64.9742,"mcpPosition":[102.311,199.651,85.7241],"pipPosition":[94.62,234.47,58.1793],"stabilizedTipPosition":[84.1829,261.484,27.2222],"timeVisible":0,"tipPosition":[84.1829,261.484,27.2222],"tipVelocity":[1.19209e-7,1.19209e-7,1.19209e-7],"tool":false,"touchDistance":1,"touchZone":"none","type":3,"width":18.2302},{"bases":[[[0.819832,-0.439434,-0.367115],[0.551643,0.434253,0.71212],[-0.153509,-0.786335,0.598425]],[[0.8308,-0.210424,-0.515261],[0.52258,0.613495,0.592059],[0.191527,-0.761147,0.619655]],[[0.8308,-0.210424,-0.515261],[0.52258,0.613495,0.592059],[0.191527,-0.761147,0.619655]],[[0.8308,-0.210424,-0.515261],[0.478685,0.742471,0.468612],[0.28396,-0.63597,0.717571]]],"btipPosition":[105.368,242.828,34.4982],"carpPosition":[111.934,143.636,116.284],"dipPosition":[110.304,231.773,46.9716],"direction":[-0.191527,0.761147,-0.619655],"extended":true,"handId":392,"id":3924,"length":50.9386,"mcpPosition":[120.911,189.618,81.29],"pipPosition":[114.081,216.76,59.1939],"stabilizedTipPosition":[106.503,240.285,37.3671],"timeVisible":0,"tipPosition":[106.503,240.285,37.3671],"tipVelocity":[1.19209e-7,1.19209e-7,1.19209e-7],"tool":false,"touchDistance":1,"touchZone":"none","type":4,"width":16.1934}],"r":[[1,5.55112e-18,1.80411e-17],[-5.55112e-18,1,-2.00297e-34],[-1.80411e-17,1.00148e-34,1]],"s":1,"t":[0,0,0],"timestamp":261911648120},{"currentFrameRate":24.7022,"devices":[],"gestures":[],"hands":[{"armBasis":[[0.744553,-0.406339,-0.529651],[0.640415,0.658733,0.394891],[0.188439,-0.633214,0.750687]],"armWidth":65.7594,"confidence":0.208639,"direction":[0.0165463,0.860864,-0.508566],"elbow":[147.114,-38.0986,313.994],"grabAngle":0.695262,"grabStrength":0,"id":392,"palmNormal":[-0.684656,-0.360928,-0.633227],"palmPosition":[86.2119,198.974,69.6385],"palmVelocity":[46.5342,429.056,-636.386],"palmWidth":91.7607,"pinchDistance":62.3279,"pinchStrength":0,"r":[[0.994518,-0.0685536,-0.0789553],[0.066679,0.997432,-0.0261421],[0.0805447,0.0207342,0.996535]],"s":1.04927,"sphereCenter":[25.8809,176.737,-9.84004],"sphereRadius":105.121,"stabilizedPalmPosition":[85.3383,190.919,81.5863],"t":[0.935221,8.62296,-12.7898],"timeVisible":0.040195,"type":"right","wrist":[95.8041,134.317,109.592]}],"id":227341,"interactionBox":{"center":[0,200,0],"size":[235.247,235.247,147.751]},"pointables":[{"bases":[[[0.908822,0.346478,0.23237],[-0.286706,0.114103,0.951199],[0.303055,-0.931093,0.203037]],[[0.821426,0.54023,0.182786],[-0.452384,0.422034,0.785644],[0.347286,-0.728038,0.591061]],[[0.821426,0.54023,0.182786],[-0.34795,0.220778,0.911146],[0.451874,-0.81204,0.369326]],[[0.821426,0.54023,0.182786],[-0.0320285,-0.276296,0.960539],[0.569415,-0.794866,-0.209654]]],"btipPosition":[17.9413,239.312,69.4579],"carpPosition":[65.432,154.319,107.239],"dipPosition":[31.859,219.884,64.3335],"direction":[-0.451874,0.81204,-0.369326],"extended":true,"handId":392,"id":3920,"length":54.4289,"mcpPosition":[65.432,154.319,107.239],"pipPosition":[47.9495,190.969,77.4846],"stabilizedTipPosition":[21.873,232.393,67.3911],"timeVisible":0.040195,"tipPosition":[23.8693,233.673,62.6955],"tipVelocity":[-280.82,941.84,341.351],"tool":false,"touchDistance":1,"touchZone":"none","type":0,"width":21.1074},{"bases":[[[0.567517,-0.5479,-0.614597],[0.823356,0.374856,0.426108],[-0.00307931,-0.747856,0.663854]],[[0.567381,-0.526795,-0.632902],[0.815552,0.465721,0.343481],[0.113811,-0.711049,0.69387]],[[0.567381,-0.526795,-0.632902],[0.756011,0.637884,0.146804],[0.326382,-0.561775,0.760187]],[[0.567381,-0.526795,-0.632902],[0.649971,0.758405,-0.0485743],[0.505585,-0.383808,0.772707]]],"btipPosition":[78.734,266.853,-17.7087],"carpPosition":[103.158,162.69,93.6758],"dipPosition":[88.5995,259.364,-2.63085],"direction":[-0.326382,0.561775,-0.760187],"extended":true,"handId":392,"id":3923,"length":67.2873,"mcpPosition":[103.353,209.932,51.7397],"pipPosition":[98.0422,243.111,19.3623],"stabilizedTipPosition":[84.1273,261.548,26.4968],"timeVisible":0.040195,"tipPosition":[81.8699,269.04,-9.55559],"tipVelocity":[-79.1099,90.7246,-1031.55],"tool":false,"touchDistance":1,"touchZone":"none","type":3,"width":18.8424},{"bases":[[[0.721112,-0.209038,-0.66053],[0.661352,0.491756,0.566383],[0.206424,-0.845269,0.492859]],[[0.748652,-0.479272,-0.45806],[0.662231,0.508146,0.55067],[-0.0311598,-0.715601,0.697814]],[[0.748652,-0.479272,-0.45806],[0.629042,0.731705,0.262514],[0.209349,-0.48467,0.849275]],[[0.748652,-0.479272,-0.45806],[0.524491,0.850778,-0.0329507],[0.405499,-0.21558,0.888311]]],"btipPosition":[58.6008,278.711,4.32662],"carpPosition":[85.0381,167.808,109.492],"dipPosition":[65.8365,274.864,20.1774],"direction":[-0.209349,0.48467,-0.849275],"extended":true,"handId":392,"id":3921,"length":61.4169,"mcpPosition":[69.7229,230.521,72.9256],"pipPosition":[71.121,262.629,41.6155],"stabilizedTipPosition":[64.0784,270.017,18.6145],"timeVisible":0.040195,"tipPosition":[66.0255,277.698,8.4724],"tipVelocity":[-226.477,463.759,-632.046],"tool":false,"touchDistance":1,"touchZone":"none","type":1,"width":20.1617},{"bases":[[[0.61899,-0.402064,-0.674682],[0.778115,0.430659,0.457242],[0.106717,-0.808008,0.579426]],[[0.62395,-0.446197,-0.641556],[0.776764,0.444027,0.44663],[0.0855829,-0.777012,0.623641]],[[0.62395,-0.446197,-0.641556],[0.742102,0.595584,0.307513],[0.244888,-0.667973,0.702739]],[[0.62395,-0.446197,-0.641556],[0.512604,0.853357,-0.0949667],[0.58985,-0.26961,0.761175]]],"btipPosition":[64.2432,287.681,-5.91242],"carpPosition":[94.909,166.587,102.058],"dipPosition":[75.8195,282.389,9.02629],"direction":[-0.244888,0.667973,-0.702739],"extended":true,"handId":392,"id":3922,"length":69.9797,"mcpPosition":[87.4005,223.438,61.2899],"pipPosition":[83.0923,262.552,29.8964],"stabilizedTipPosition":[71.1156,282.155,2.18103],"timeVisible":0.040195,"tipPosition":[72.0582,283.987,-5.17385],"tipVelocity":[-494.485,506.12,-547.08],"tool":false,"touchDistance":1,"touchZone":"none","type":2,"width":19.8015},{"bases":[[[0.41945,-0.685129,-0.595533],[0.898074,0.21752,0.382293],[-0.13238,-0.695186,0.706536]],[[0.439723,-0.464423,-0.768736],[0.88976,0.341865,0.302416],[0.122355,-0.81697,0.563551]],[[0.439723,-0.464423,-0.768736],[0.88976,0.341865,0.302416],[0.122355,-0.81697,0.563551]],[[0.439723,-0.464423,-0.768736],[0.723939,0.689859,-0.00267125],[0.53156,-0.555343,0.639561]]],"btipPosition":[97.8458,251.146,-2.04038],"carpPosition":[106.691,153.64,83.1107],"dipPosition":[107.415,241.149,9.47276],"direction":[-0.122355,0.81697,-0.563551],"extended":true,"handId":392,"id":3924,"length":52.752,"mcpPosition":[114.432,194.292,41.7951],"pipPosition":[109.914,224.461,20.9842],"stabilizedTipPosition":[105.89,241.098,33.8798],"timeVisible":0.040195,"tipPosition":[99.9096,247.432,0.730536],"tipVelocity":[-160.624,212.99,-914.527],"tool":false,"touchDistance":1,"touchZone":"none","type":4,"width":16.7373}],"r":[[0.994518,-0.0685536,-0.0789553],[0.066679,0.997432,-0.0261421],[0.0805447,0.0207342,0.996535]],"s":1.04927,"t":[0.935221,8.62296,-12.7898],"timestamp":261911688315},{"currentFrameRate":24.7183,"devices":[],"gestures":[],"hands":[{"armBasis":[[0.75955,-0.372631,-0.533132],[0.606429,0.702088,0.373252],[0.23522,-0.60681,0.759245]],"armWidth":65.7594,"confidence":0.400505,"direction":[0.0892034,0.838009,-0.538315],"elbow":[152.609,-13.289,296.995],"grabAngle":0.840955,"grabStrength":0,"id":392,"palmNormal":[-0.631979,-0.370116,-0.680894],"palmPosition":[83.1151,215.204,47.2844],"palmVelocity":[-76.7712,402.341,-554.171],"palmWidth":91.7607,"pinchDistance":55.9105,"pinchStrength":0,"r":[[0.984109,-0.130117,-0.120823],[0.123882,0.990613,-0.0577899],[0.127208,0.0419037,0.99099]],"s":1.07256,"sphereCenter":[-0.388968,188.095,-30.4482],"sphereRadius":116.663,"stabilizedPalmPosition":[84.4816,200.277,68.3678],"t":[-0.145568,21.0493,-30.3617],"timeVisible":0.080533,"type":"right","wrist":[88.5619,151.937,90.2624]}],"id":227342,"interactionBox":{"center":[0,200,0],"size":[235.247,235.247,147.751]},"pointables":[{"bases":[[[0.892445,0.333227,0.304141],[-0.371741,0.161152,0.914242],[0.255637,-0.928973,0.267693]],[[0.891711,0.335879,0.303375],[-0.332597,0.0316739,0.942537],[0.306969,-0.941372,0.139956]],[[0.891711,0.335879,0.303375],[-0.440757,0.492059,0.750741],[0.10288,-0.803159,0.586815]],[[0.891711,0.335879,0.303375],[-0.448827,0.742639,0.497033],[-0.0583553,-0.579372,0.812971]]],"btipPosition":[39.9152,262.852,36.6553],"carpPosition":[57.6052,172.702,84.467],"dipPosition":[38.4888,248.691,56.526],"direction":[-0.10288,0.803159,-0.586815],"extended":true,"handId":392,"id":3920,"length":54.4289,"mcpPosition":[57.6052,172.702,84.467],"pipPosition":[42.1522,220.091,77.4216],"stabilizedTipPosition":[36.7455,255.231,45.4228],"timeVisible":0.080533,"tipPosition":[34.6303,257.103,38.8238],"tipVelocity":[457.256,613.586,-670.677],"tool":false,"touchDistance":1,"touchZone":"none","type":0,"width":21.1074},{"bases":[[[0.606954,-0.587247,-0.535489],[0.789939,0.371855,0.487565],[-0.0871968,-0.718933,0.689588]],[[0.610761,-0.547781,-0.571758],[0.774944,0.561787,0.28958],[0.162579,-0.619945,0.767617]],[[0.610761,-0.547781,-0.571758],[0.658606,0.752291,-0.0172104],[0.439556,-0.366051,0.820242]],[[0.610761,-0.547781,-0.571758],[0.510798,0.824317,-0.244106],[0.605026,-0.142962,0.783266]]],"btipPosition":[70.0669,267.276,-44.1497],"carpPosition":[96.6677,179.553,74.2451],"dipPosition":[81.8728,264.487,-28.8658],"direction":[-0.439556,0.366051,-0.820242],"extended":true,"handId":392,"id":3923,"length":67.2873,"mcpPosition":[102.176,224.968,30.6835],"pipPosition":[94.5897,253.896,-5.13521],"stabilizedTipPosition":[83.8939,261.652,25.116],"timeVisible":0.080533,"tipPosition":[77.9937,271.788,-38.6293],"tipVelocity":[-203.799,37.283,-654.311],"tool":false,"touchDistance":0.680428,"touchZone":"hovering","type":3,"width":18.8424},{"bases":[[[0.453862,-0.719823,-0.525227],[0.863898,0.211003,0.457337],[-0.218377,-0.661311,0.71762]],[[0.474868,-0.64386,-0.599954],[0.870256,0.445007,0.21124],[0.130975,-0.622425,0.771643]],[[0.474868,-0.64386,-0.599954],[0.762646,0.641265,-0.084554],[0.439171,-0.417401,0.795554]],[[0.474868,-0.64386,-0.599954],[0.645819,0.71806,-0.259439],[0.597845,-0.264263,0.7568]]],"btipPosition":[89.1198,244.92,-35.9017],"carpPosition":[100.92,169.981,64.4316],"dipPosition":[99.882,240.163,-22.278],"direction":[-0.439171,0.417401,-0.795554],"extended":true,"handId":392,"id":3924,"length":52.752,"mcpPosition":[113.689,208.652,22.4678],"pipPosition":[108.853,231.637,-6.02752],"stabilizedTipPosition":[105.206,241.228,30.6889],"timeVisible":0.080533,"tipPosition":[94.8672,247.974,-30.0332],"tipVelocity":[-209.518,-124.454,-827.406],"tool":false,"touchDistance":0.762453,"touchZone":"hovering","type":4,"width":16.7373},{"bases":[[[0.773883,-0.254547,-0.579923],[0.618858,0.498553,0.607008],[0.134611,-0.828644,0.54335]],[[0.785501,-0.394542,-0.476786],[0.608343,0.633701,0.47785],[0.113608,-0.665401,0.73779]],[[0.785501,-0.394542,-0.476786],[0.53701,0.817463,0.208265],[0.307585,-0.419631,0.853991]],[[0.785501,-0.394542,-0.476786],[0.473596,0.879162,0.0527352],[0.398366,-0.267227,0.877436]]],"btipPosition":[47.3341,292.479,-22.5849],"carpPosition":[77.2913,185.783,88.0454],"dipPosition":[54.4424,287.71,-6.92813],"direction":[-0.307585,0.419631,-0.853991],"extended":true,"handId":392,"id":3921,"length":61.4169,"mcpPosition":[67.3042,247.262,47.7328],"pipPosition":[62.2068,277.118,14.6291],"stabilizedTipPosition":[58.286,278.208,4.20055],"timeVisible":0.080533,"tipPosition":[57.3493,291.526,-18.8361],"tipVelocity":[-280.034,336.064,-668.256],"tool":false,"touchDistance":0.963558,"touchZone":"hovering","type":1,"width":20.1617},{"bases":[[[0.668039,-0.445396,-0.596109],[0.743588,0.430028,0.512009],[0.0282971,-0.785301,0.618467]],[[0.668608,-0.47092,-0.575498],[0.724322,0.587581,0.360702],[0.16829,-0.658014,0.733959]],[[0.668608,-0.47092,-0.575498],[0.617689,0.782622,0.0772195],[0.414033,-0.407109,0.814149]],[[0.668608,-0.47092,-0.575498],[0.521856,0.848481,-0.0880107],[0.529745,-0.241482,0.813054]]],"btipPosition":[54.6249,289.21,-38.9562],"carpPosition":[87.7802,184.004,81.6409],"dipPosition":[65.0216,284.471,-22.9994],"direction":[-0.414033,0.407109,-0.814149],"extended":true,"handId":392,"id":3922,"length":69.9797,"mcpPosition":[85.7892,239.257,38.1263],"pipPosition":[77.3176,272.381,1.17938],"stabilizedTipPosition":[66.6028,284.064,-9.81102],"timeVisible":0.080533,"tipPosition":[63.5296,290.904,-34.2432],"tipVelocity":[-245.17,41.0717,-813.368],"tool":false,"touchDistance":0.753413,"touchZone":"hovering","type":2,"width":19.8015}],"r":[[0.984109,-0.130117,-0.120823],[0.123882,0.990613,-0.0577899],[0.127208,0.0419037,0.99099]],"s":1.07256,"t":[-0.145568,21.0493,-30.3617],"timestamp":261911728653},{"currentFrameRate":28.2234,"devices":[],"gestures":[],"hands":[{"armBasis":[[0.719082,-0.367908,-0.589547],[0.637569,0.686769,0.349077],[0.276454,-0.626891,0.728409]],"armWidth":65.7594,"confidence":0.449445,"direction":[0.106152,0.844823,-0.52441],"elbow":[162.219,-16.7605,282.041],"grabAngle":0.871399,"grabStrength":0,"id":392,"palmNormal":[-0.664359,-0.332141,-0.669559],"palmPosition":[82.2316,218.241,42.2084],"palmVelocity":[-77.8915,267.766,-447.502],"palmWidth":91.7607,"pinchDistance":57.7524,"pinchStrength":0,"r":[[0.969551,-0.186575,-0.15862],[0.175405,0.981088,-0.0818458],[0.17089,0.0515311,0.983942]],"s":1.08822,"sphereCenter":[2.24749,192.886,-35.5929],"sphereRadius":113.254,"stabilizedPalmPosition":[84.2356,202.241,65.5084],"t":[-1.12772,28.781,-41.6857],"timeVisible":0.091876,"type":"right","wrist":[86.9445,153.934,83.7052]}],"id":227343,"interactionBox":{"center":[0,200,0],"size":[235.247,235.247,147.751]},"pointables":[{"bases":[[[0.912643,0.293134,0.284878],[-0.339733,0.156422,0.927423],[0.227298,-0.943188,0.242345]],[[0.897073,0.35014,0.269559],[-0.30056,0.0363134,0.953071],[0.32392,-0.935993,0.137814]],[[0.897073,0.35014,0.269559],[-0.423591,0.507702,0.750206],[0.125822,-0.787173,0.603762]],[[0.897073,0.35014,0.269559],[-0.441063,0.746655,0.497965],[-0.0269102,-0.565604,0.824238]]],"btipPosition":[36.0316,264.956,30.6967],"carpPosition":[56.1604,175.983,79.2795],"dipPosition":[35.3738,251.132,50.8428],"direction":[-0.125822,0.787173,-0.603762],"extended":true,"handId":392,"id":3920,"length":54.4289,"mcpPosition":[56.1604,175.983,79.2795],"pipPosition":[39.8541,223.102,72.3419],"stabilizedTipPosition":[36.4577,257.408,42.066],"timeVisible":0.091876,"tipPosition":[35.3706,262.007,35.7692],"tipVelocity":[-326.796,192.362,-519.719],"tool":false,"touchDistance":1,"touchZone":"none","type":0,"width":21.1074},{"bases":[[[0.568937,-0.598681,-0.563819],[0.81683,0.331859,0.471866],[-0.095389,-0.729006,0.677828]],[[0.572,-0.572072,-0.587835],[0.803765,0.533882,0.262548],[0.163638,-0.622659,0.765192]],[[0.572,-0.572072,-0.587835],[0.677403,0.733572,-0.0547455],[0.462538,-0.366887,0.807126]],[[0.572,-0.572072,-0.587835],[0.53487,0.803464,-0.261457],[0.621877,-0.164862,0.765565]]],"btipPosition":[68.0303,270.502,-48.7344],"carpPosition":[95.1567,181.565,68.0795],"dipPosition":[80.165,267.285,-33.7959],"direction":[-0.462538,0.366887,-0.807126],"extended":true,"handId":392,"id":3923,"length":67.2873,"mcpPosition":[101.182,227.616,25.2607],"pipPosition":[93.5468,256.671,-10.4448],"stabilizedTipPosition":[83.7598,261.736,24.3936],"timeVisible":0.091876,"tipPosition":[76.0694,275.774,-42.8072],"tipVelocity":[-172.882,275.749,-411.192],"tool":false,"touchDistance":0.575757,"touchZone":"hovering","type":3,"width":18.8424},{"bases":[[[0.411236,-0.72558,-0.551742],[0.883719,0.168984,0.436446],[-0.223441,-0.667067,0.710701]],[[0.426746,-0.673841,-0.60318],[0.9011,0.373493,0.220276],[0.0768523,-0.637528,0.766585]],[[0.426746,-0.673841,-0.60318],[0.784116,0.608004,-0.124472],[0.45061,-0.419846,0.787833]],[[0.426746,-0.673841,-0.60318],[0.65606,0.689727,-0.306368],[0.622473,-0.264981,0.736419]]],"btipPosition":[88.583,247.937,-41.2512],"carpPosition":[98.765,172.041,57.9661],"dipPosition":[99.7886,243.167,-27.9945],"direction":[-0.45061,0.419846,-0.787833],"extended":true,"handId":392,"id":3924,"length":52.752,"mcpPosition":[111.831,211.048,16.4069],"pipPosition":[108.993,234.591,-11.9017],"stabilizedTipPosition":[105.005,241.309,29.7027],"timeVisible":0.091876,"tipPosition":[92.8278,251.437,-35.2068],"tipVelocity":[-38.3352,265.708,-479.057],"tool":false,"touchDistance":0.638032,"touchZone":"hovering","type":4,"width":16.7373},{"bases":[[[0.747157,-0.271669,-0.60659],[0.654105,0.462457,0.598565],[0.11791,-0.843996,0.523228]],[[0.755941,-0.427335,-0.495921],[0.641923,0.632466,0.433499],[0.128405,-0.646043,0.752423]],[[0.755941,-0.427335,-0.495921],[0.576541,0.793423,0.19514],[0.310085,-0.433434,0.846157]],[[0.755941,-0.427335,-0.495921],[0.504893,0.862786,0.0261555],[0.416697,-0.270159,0.867974]]],"btipPosition":[46.6517,295.605,-26.8822],"carpPosition":[76.424,188.238,82.5452],"dipPosition":[54.0871,290.784,-11.3943],"direction":[-0.310085,0.433434,-0.846157],"extended":true,"handId":392,"id":3921,"length":61.4169,"mcpPosition":[67.6759,250.856,43.7254],"pipPosition":[61.9146,279.843,9.96515],"stabilizedTipPosition":[57.1381,280.092,1.01738],"timeVisible":0.091876,"tipPosition":[55.9592,296.402,-21.9566],"tipVelocity":[-53.5296,274.554,-382.277],"tool":false,"touchDistance":0.835493,"touchZone":"hovering","type":1,"width":20.1617},{"bases":[[[0.633688,-0.458029,-0.623417],[0.773434,0.391228,0.498739],[0.015461,-0.798217,0.602172]],[[0.633496,-0.504339,-0.586792],[0.754201,0.571869,0.322717],[0.17281,-0.646999,0.74265]],[[0.633496,-0.504339,-0.586792],[0.643943,0.764106,0.0384585],[0.428976,-0.402224,0.808824]],[[0.633496,-0.504339,-0.586792],[0.538136,0.832104,-0.134213],[0.555961,-0.230751,0.798537]]],"btipPosition":[53.217,291.401,-43.6346],"carpPosition":[86.6549,186.196,75.8105],"dipPosition":[64.1282,286.872,-27.9626],"direction":[-0.428976,0.402224,-0.808824],"extended":true,"handId":392,"id":3922,"length":69.9797,"mcpPosition":[85.5671,242.357,33.4424],"pipPosition":[76.868,274.927,-3.942],"stabilizedTipPosition":[65.6766,284.6,-12.3843],"timeVisible":0.091876,"tipPosition":[61.6875,295.013,-37.8428],"tipVelocity":[-113.688,197.386,-418.219],"tool":false,"touchDistance":0.640247,"touchZone":"hovering","type":2,"width":19.8015}],"r":[[0.969551,-0.186575,-0.15862],[0.175405,0.981088,-0.0818458],[0.17089,0.0515311,0.983942]],"s":1.08822,"t":[-1.12772,28.781,-41.6857],"timestamp":261911739996},{"currentFrameRate":31.5531,"devices":[],"gestures":[],"hands":[{"armBasis":[[0.684914,-0.334155,-0.647482],[0.647077,0.68745,0.329704],[0.334939,-0.644789,0.687068]],"armWidth":65.7594,"confidence":0.495285,"direction":[0.100094,0.849272,-0.51838],"elbow":[178.107,-19.7522,264.984],"grabAngle":0.848974,"grabStrength":0,"id":392,"palmNormal":[-0.682121,-0.320721,-0.657153],"palmPosition":[81.173,220.719,37.4412],"palmVelocity":[-94.4663,221.086,-425.416],"palmWidth":91.7607,"pinchDistance":58.6016,"pinchStrength":0,"r":[[0.953344,-0.232653,-0.192374],[0.216477,0.970996,-0.101509],[0.210411,0.0551279,0.976057]],"s":1.1024,"sphereCenter":[-0.97129,194.221,-40.6322],"sphereRadius":114.949,"stabilizedPalmPosition":[83.9586,203.912,62.9698],"t":[-2.1481,33.8857,-49.7313],"timeVisible":0.103082,"type":"right","wrist":[86.9073,155.815,77.9041]}],"id":227344,"interactionBox":{"center":[0,200,0],"size":[235.247,235.247,147.751]},"pointables":[{"bases":[[[0.921118,0.283827,0.266429],[-0.316967,0.1495,0.93658],[0.225995,-0.94715,0.227671]],[[0.893911,0.377092,0.242334],[-0.27363,0.0308561,0.96134],[0.355036,-0.925662,0.130766]],[[0.893911,0.377092,0.242334],[-0.417682,0.504524,0.755644],[0.162684,-0.776696,0.608504]],[[0.893911,0.377092,0.242334],[-0.448245,0.752417,0.482644],[-0.000335199,-0.540065,0.841623]]],"btipPosition":[32.0053,265.731,25.8688],"carpPosition":[55.6626,178.276,74.6906],"dipPosition":[31.9971,252.531,46.4399],"direction":[-0.162684,0.776696,-0.608504],"extended":true,"handId":392,"id":3920,"length":54.4289,"mcpPosition":[55.6626,178.276,74.6906],"pipPosition":[37.79,224.874,68.1078],"stabilizedTipPosition":[35.1748,258.931,38.7635],"timeVisible":0.103082,"tipPosition":[33.9794,264.425,32.1283],"tipVelocity":[-345.966,81.9779,-422.11],"tool":false,"touchDistance":1,"touchZone":"none","type":0,"width":21.1074},{"bases":[[[0.551326,-0.596988,-0.582791],[0.829956,0.321348,0.45597],[-0.0849299,-0.735079,0.672641]],[[0.553315,-0.578018,-0.599781],[0.813231,0.530691,0.238793],[0.180272,-0.619889,0.763702]],[[0.553315,-0.578018,-0.599781],[0.690543,0.72098,-0.0577732],[0.465824,-0.382208,0.798075]],[[0.553315,-0.578018,-0.599781],[0.559578,0.791311,-0.246371],[0.617021,-0.199304,0.761291]]],"btipPosition":[65.8644,274.002,-53.4302],"carpPosition":[94.428,183.694,62.6413],"dipPosition":[77.9043,270.113,-38.5751],"direction":[-0.465824,0.382208,-0.798075],"extended":true,"handId":392,"id":3923,"length":67.2873,"mcpPosition":[99.7931,230.13,20.1502],"pipPosition":[91.3812,259.055,-15.4858],"stabilizedTipPosition":[83.5089,261.924,23.1593],"timeVisible":0.103082,"tipPosition":[73.1785,278.794,-47.0202],"tipVelocity":[-195.225,298.484,-420.751],"tool":false,"touchDistance":0.48079,"touchZone":"hovering","type":3,"width":18.8424},{"bases":[[[0.393028,-0.722887,-0.568298],[0.894818,0.158369,0.417397],[-0.21173,-0.672572,0.709096]],[[0.403804,-0.685827,-0.605461],[0.911759,0.35601,0.204821],[0.0750787,-0.634743,0.769068]],[[0.403804,-0.685827,-0.605461],[0.798734,0.586983,-0.132191],[0.446056,-0.430224,0.78482]],[[0.403804,-0.685827,-0.605461],[0.68371,0.665968,-0.298374],[0.607851,-0.293475,0.737828]]],"btipPosition":[87.2862,251.088,-46.8258],"carpPosition":[97.7312,174.247,52.3531],"dipPosition":[98.2285,245.805,-33.5437],"direction":[-0.446056,0.430224,-0.78482],"extended":true,"handId":392,"id":3924,"length":52.752,"mcpPosition":[110.112,213.577,10.8878],"pipPosition":[107.34,237.017,-17.5125],"stabilizedTipPosition":[104.768,241.442,28.5554],"timeVisible":0.103082,"tipPosition":[90.17,254.143,-40.256],"tipVelocity":[-121.131,270.612,-496.946],"tool":false,"touchDistance":0.52403,"touchZone":"hovering","type":4,"width":16.7373},{"bases":[[[0.730879,-0.270827,-0.626473],[0.67117,0.45181,0.587706],[0.123881,-0.850012,0.51199]],[[0.74106,-0.42926,-0.5163],[0.653945,0.635808,0.410005],[0.152269,-0.64147,0.751884]],[[0.74106,-0.42926,-0.5163],[0.587431,0.786919,0.188899],[0.3252,-0.443276,0.835315]],[[0.74106,-0.42926,-0.5163],[0.50595,0.862515,0.00909601],[0.441412,-0.267963,0.856359]]],"btipPosition":[43.9766,298.171,-30.4841],"carpPosition":[76.0851,190.354,77.6043],"dipPosition":[51.853,293.39,-15.2035],"direction":[-0.3252,0.443276,-0.835315],"extended":true,"handId":392,"id":3921,"length":61.4169,"mcpPosition":[66.8941,253.418,39.6184],"pipPosition":[60.062,282.2,5.88229],"stabilizedTipPosition":[55.7741,282.132,-2.34607],"timeVisible":0.103082,"tipPosition":[53.4414,299.527,-25.4304],"tipVelocity":[-229.67,229.829,-325.682],"tool":false,"touchDistance":0.730533,"touchZone":"hovering","type":1,"width":20.1617},{"bases":[[[0.615698,-0.456204,-0.64249],[0.787628,0.380748,0.484431],[0.0236277,-0.804306,0.593745]],[[0.615889,-0.50945,-0.600951],[0.764182,0.571806,0.298434],[0.19159,-0.643038,0.741482]],[[0.615889,-0.50945,-0.600951],[0.659211,0.750947,0.0389897],[0.431419,-0.420167,0.798334]],[[0.615889,-0.50945,-0.600951],[0.564654,0.817383,-0.114238],[0.549406,-0.268972,0.79108]]],"btipPosition":[51.2401,295.025,-47.7221],"carpPosition":[86.1419,188.307,70.6135],"dipPosition":[62.0226,289.746,-32.1964],"direction":[-0.431419,0.420167,-0.798334],"extended":true,"handId":392,"id":3922,"length":69.9797,"mcpPosition":[84.4795,244.898,28.8382],"pipPosition":[74.835,277.268,-8.48736],"stabilizedTipPosition":[64.5832,285.442,-15.2892],"timeVisible":0.103082,"tipPosition":[59.0404,298.19,-41.4959],"tipVelocity":[-179.058,307.978,-367.762],"tool":false,"touchDistance":0.547738,"touchZone":"hovering","type":2,"width":19.8015}],"r":[[0.953344,-0.232653,-0.192374],[0.216477,0.970996,-0.101509],[0.210411,0.0551279,0.976057]],"s":1.1024,"t":[-2.1481,33.8857,-49.7313],"timestamp":261911751202},{"currentFrameRate":34.8127,"devices":[],"gestures":[],"hands":[{"armBasis":[[0.669901,-0.303808,-0.677446],[0.637484,0.703095,0.315074],[0.380586,-0.64293,0.664677]],"armWidth":65.7594,"confidence":0.53591,"direction":[0.0819084,0.853963,-0.513846],"elbow":[191.059,-17.7523,253.719],"grabAngle":0.781512,"grabStrength":0,"id":392,"palmNormal":[-0.685507,-0.325977,-0.651014],"palmPosition":[79.9698,222.42,32.9],"palmVelocity":[-114.499,161.86,-432.122],"palmWidth":91.7607,"pinchDistance":58.9977,"pinchStrength":0,"r":[[0.938185,-0.26639,-0.221009],[0.245519,0.962234,-0.117586],[0.243986,0.0560553,0.968157]],"s":1.1162,"sphereCenter":[-7.38336,190.349,-49.8947],"sphereRadius":123.207,"stabilizedPalmPosition":[83.6865,205.175,60.918],"t":[-3.25992,37.2885,-56.0247],"timeVisible":0.113591,"type":"right","wrist":[87.4308,157.309,72.7363]}],"id":227345,"interactionBox":{"center":[0,200,0],"size":[235.247,235.247,147.751]},"pointables":[{"bases":[[[0.920231,0.294999,0.257198],[-0.307621,0.138909,0.941315],[0.24196,-0.945347,0.218576]],[[0.885803,0.403054,0.230001],[-0.265799,0.0343833,0.963415],[0.3804,-0.91453,0.137588]],[[0.885803,0.403054,0.230001],[-0.423073,0.49774,0.757142],[0.190688,-0.767986,0.611421]],[[0.885803,0.403054,0.230001],[-0.463173,0.737232,0.491894],[0.0286956,-0.542252,0.839726]]],"btipPosition":[28.8686,266.018,20.9464],"carpPosition":[55.5095,179.38,70.1691],"dipPosition":[29.57,252.765,41.471],"direction":[-0.190688,0.767986,-0.611421],"extended":true,"handId":392,"id":3920,"length":54.4289,"mcpPosition":[55.5095,179.38,70.1691],"pipPosition":[36.3601,225.418,63.2428],"stabilizedTipPosition":[33.8149,259.825,35.8654],"timeVisible":0.113591,"tipPosition":[31.7694,265.214,28.1429],"tipVelocity":[-282.947,26.1517,-469.418],"tool":false,"touchDistance":1,"touchZone":"none","type":0,"width":21.1074},{"bases":[[[0.552492,-0.58536,-0.593385],[0.830864,0.329996,0.448072],[-0.0664687,-0.740578,0.668675]],[[0.553524,-0.572931,-0.604452],[0.811921,0.532845,0.238455],[0.185461,-0.622757,0.760117]],[[0.553524,-0.572931,-0.604452],[0.70375,0.709879,-0.0284052],[0.445362,-0.40966,0.796135]],[[0.553524,-0.572931,-0.604452],[0.603912,0.775898,-0.182407],[0.573499,-0.264069,0.775478]]],"btipPosition":[65.5154,278.268,-58.1846],"carpPosition":[94.0461,185.421,57.6897],"dipPosition":[76.7061,273.115,-43.0527],"direction":[-0.445362,0.40966,-0.796135],"extended":true,"handId":392,"id":3923,"length":67.2873,"mcpPosition":[98.245,232.204,15.4492],"pipPosition":[89.591,261.263,-20.0195],"stabilizedTipPosition":[83.1554,262.272,21.3741],"timeVisible":0.113591,"tipPosition":[69.7803,280.256,-51.7034],"tipVelocity":[-51.7935,378.313,-446.356],"tool":false,"touchDistance":0.395683,"touchZone":"hovering","type":3,"width":18.8424},{"bases":[[[0.396158,-0.713564,-0.577828],[0.897523,0.1682,0.407628],[-0.193678,-0.680099,0.707074]],[[0.404645,-0.681534,-0.609732],[0.911733,0.352248,0.211337],[0.0707436,-0.64143,0.763913]],[[0.404645,-0.681534,-0.609732],[0.816095,0.569973,-0.0954971],[0.412616,-0.458957,0.786833]],[[0.404645,-0.681534,-0.609732],[0.724791,0.645588,-0.24061],[0.55762,-0.344567,0.755204]]],"btipPosition":[87.6025,255.123,-51.9249],"carpPosition":[97.3558,176.089,47.2994],"dipPosition":[97.6405,248.921,-38.33],"direction":[-0.412616,0.458957,-0.786833],"extended":true,"handId":392,"id":3924,"length":52.752,"mcpPosition":[108.681,215.859,5.95229],"pipPosition":[106.069,239.546,-22.2576],"stabilizedTipPosition":[104.478,241.681,27.0463],"timeVisible":0.113591,"tipPosition":[87.9634,255.992,-45.3905],"tipVelocity":[10.3086,363.89,-478.365],"tool":false,"touchDistance":0.429553,"touchZone":"hovering","type":4,"width":16.7373},{"bases":[[[0.726926,-0.256429,-0.637042],[0.671882,0.457351,0.582585],[0.14196,-0.851513,0.50475]],[[0.740655,-0.417068,-0.526767],[0.650916,0.639752,0.408688],[0.16655,-0.645578,0.745312]],[[0.740655,-0.417068,-0.526767],[0.592521,0.775095,0.219425],[0.316779,-0.474639,0.8212]],[[0.740655,-0.417068,-0.526767],[0.513542,0.856958,0.0435634],[0.433249,-0.302783,0.848892]]],"btipPosition":[42.0627,301.251,-33.8497],"carpPosition":[75.7952,191.724,72.9172],"dipPosition":[49.7935,295.848,-18.7023],"direction":[-0.316779,0.474639,-0.8212],"extended":true,"handId":392,"id":3921,"length":61.4169,"mcpPosition":[65.2628,254.901,35.4684],"pipPosition":[57.7899,283.867,2.02715],"stabilizedTipPosition":[54.3462,284.271,-5.69875],"timeVisible":0.113591,"tipPosition":[49.6997,301.112,-29.2339],"tipVelocity":[-185.307,279.433,-323.173],"tool":false,"touchDistance":0.63987,"touchZone":"hovering","type":1,"width":20.1617},{"bases":[[[0.61416,-0.443299,-0.652911],[0.788059,0.388608,0.477438],[0.042079,-0.807756,0.588013]],[[0.615589,-0.502119,-0.607393],[0.761945,0.576019,0.296043],[0.201221,-0.645041,0.737179]],[[0.615589,-0.502119,-0.607393],[0.668416,0.74095,0.0649072],[0.417457,-0.445947,0.791745]],[[0.615589,-0.502119,-0.607393],[0.581685,0.809504,-0.0796661],[0.531689,-0.30427,0.790397]]],"btipPosition":[49.8713,298.385,-51.7145],"carpPosition":[85.7938,189.865,65.792],"dipPosition":[60.3062,292.413,-36.2023],"direction":[-0.417457,0.445947,-0.791745],"extended":true,"handId":392,"id":3922,"length":69.9797,"mcpPosition":[82.8332,246.698,24.42],"pipPosition":[72.7039,279.169,-12.6889],"stabilizedTipPosition":[63.4991,286.461,-18.1827],"timeVisible":0.113591,"tipPosition":[55.3384,299.685,-45.6225],"tipVelocity":[-137.852,304.56,-380.204],"tool":false,"touchDistance":0.466364,"touchZone":"hovering","type":2,"width":19.8015}],"r":[[0.938185,-0.26639,-0.221009],[0.245519,0.962234,-0.117586],[0.243986,0.0560553,0.968157]],"s":1.1162,"t":[-3.25992,37.2885,-56.0247],"timestamp":261911761711},{"currentFrameRate":37.9092,"devices":[],"gestures":[],"hands":[{"armBasis":[[0.66794,-0.284609,-0.687644],[0.621555,0.721506,0.305121],[0.409299,-0.631211,0.658822]],"armWidth":65.7594,"confidence":0.574105,"direction":[0.0669739,0.859283,-0.507097],"elbow":[198.979,-13.0341,246.898],"grabAngle":0.713915,"grabStrength":0,"id":392,"palmNormal":[-0.681666,-0.331725,-0.652143],"palmPosition":[78.7308,224.062,28.1784],"palmVelocity":[-118.191,156.637,-450.405],"palmWidth":91.7607,"pinchDistance":59.134,"pinchStrength":0,"r":[[0.925407,-0.289874,-0.24412],[0.265077,0.955465,-0.129693],[0.270843,0.0553085,0.961033]],"s":1.12875,"sphereCenter":[-14.2136,186.045,-60.7195],"sphereRadius":132.926,"stabilizedPalmPosition":[83.4164,206.204,59.1338],"t":[-4.43533,39.8109,-61.5322],"timeVisible":0.124074,"type":"right","wrist":[87.5318,158.836,67.5094]}],"id":227346,"interactionBox":{"center":[0,200,0],"size":[235.247,235.247,147.751]},"pointables":[{"bases":[[[0.915953,0.307705,0.257581],[-0.307653,0.126349,0.943072],[0.257644,-0.943055,0.210396]],[[0.877303,0.421377,0.229743],[-0.269214,0.0357712,0.962416],[0.397321,-0.90618,0.144822]],[[0.877303,0.421377,0.229743],[-0.433951,0.491979,0.754747],[0.205004,-0.761839,0.614471]],[[0.877303,0.421377,0.229743],[-0.478158,0.726208,0.49395],[0.0412973,-0.543197,0.838589]]],"btipPosition":[26.7415,266.357,15.4833],"carpPosition":[55.052,180.335,65.151],"dipPosition":[27.7509,253.08,35.9801],"direction":[-0.205004,0.761839,-0.614471],"extended":false,"handId":392,"id":3920,"length":54.4289,"mcpPosition":[55.052,180.335,65.151],"pipPosition":[35.0507,225.952,57.8605],"stabilizedTipPosition":[32.6924,260.396,33.2946],"timeVisible":0.124074,"tipPosition":[29.6063,265.885,23.5759],"tipVelocity":[-196.153,31.7936,-521.749],"tool":false,"touchDistance":0.990687,"touchZone":"hovering","type":0,"width":21.1074},{"bases":[[[0.560476,-0.571584,-0.599297],[0.826472,0.33972,0.448925],[-0.0530054,-0.746915,0.662804]],[[0.561038,-0.563136,-0.606724],[0.806961,0.535448,0.249216],[0.184527,-0.629423,0.754836]],[[0.561038,-0.563136,-0.606724],[0.714913,0.699107,0.0121977],[0.417296,-0.440598,0.794819]],[[0.561038,-0.563136,-0.606724],[0.643518,0.757739,-0.10824],[0.520693,-0.329711,0.787508]]],"btipPosition":[65.9624,282.831,-62.8163],"carpPosition":[93.4576,187.097,52.6374],"dipPosition":[76.1227,276.397,-47.4496],"direction":[-0.417296,0.440598,-0.794819],"extended":true,"handId":392,"id":3923,"length":67.2873,"mcpPosition":[96.806,234.28,10.7677],"pipPosition":[88.1956,263.65,-24.4545],"stabilizedTipPosition":[82.6588,262.91,18.6782],"timeVisible":0.124074,"tipPosition":[67.5778,282.214,-56.5409],"tipVelocity":[20.0332,407.119,-436.675],"tool":false,"touchDistance":0.319389,"touchZone":"hovering","type":3,"width":18.8424},{"bases":[[[0.406261,-0.702412,-0.584439],[0.895634,0.17935,0.407029],[-0.181083,-0.688804,0.701967]],[[0.41406,-0.670433,-0.61569],[0.907993,0.351811,0.227546],[0.0640523,-0.65326,0.754419]],[[0.41406,-0.670433,-0.61569],[0.829996,0.555784,-0.0470171],[0.373713,-0.491553,0.786584]],[[0.41406,-0.670433,-0.61569],[0.75687,0.62934,-0.176291],[0.50567,-0.393002,0.768015]]],"btipPosition":[88.3803,259.421,-56.6358],"carpPosition":[96.8932,177.903,42.1648],"dipPosition":[97.4832,252.346,-42.8103],"direction":[-0.37