{"frames":240,"data":[{"currentFrameRate":24.8664,"devices":[],"gestures":[],"hands":[],"id":228146,"interactionBox":{"center":[0,200,0],"size":[235.247,235.247,147.751]},"pointables":[],"r":[[-0.0794966,-0.728761,-0.680138],[0.446709,0.583909,-0.677865],[0.891141,-0.357712,0.279125]],"s":-5.62558,"t":[894.675,787.691,741.58],"timestamp":261935957308},{"currentFrameRate":24.8797,"devices":[],"gestures":[],"hands":[],"id":228147,"interactionBox":{"center":[0,200,0],"size":[235.247,235.247,147.751]},"pointables":[],"r":[[-0.0794966,-0.728761,-0.680138],[0.446709,0.583909,-0.677865],[0.891141,-0.357712,0.279125]],"s":-5.62558,"t":[894.675,787.691,741.58],"timestamp":261935997405},{"currentFrameRate":24.8739,"devices":[],"gestures":[],"hands":[],"id":228148,"interactionBox":{"center":[0,200,0],"size":[235.247,235.247,147.751]},"pointables":[],"r":[[-0.0794966,-0.728761,-0.680138],[0.446709,0.583909,-0.677865],[0.891141,-0.357712,0.279125]],"s":-5.62558,"t":[894.675,787.691,741.58],"timestamp":261936037650},{"currentFrameRate":24.871,"devices":[],"gestures":[],"hands":[],"id":228149,"interactionBox":{"center":[0,200,0],"size":[235.247,235.247,147.751]},"pointables":[],"r":[[-0.0794966,-0.728761,-0.680138],[0.446709,0.583909,-0.677865],[0.891141,-0.357712,0.279125]],"s":-5.62558,"t":[894.675,787.691,741.58],"timestamp":261936077878},{"currentFrameRate":24.8706,"devices":[],"gestures":[],"hands":[],"id":228150,"interactionBox":{"center":[0,200,0],"size":[235.247,235.247,147.751]},"pointables":[],"r":[[-0.0794966,-0.728761,-0.680138],[0.446709,0.583909,-0.677865],[0.891141,-0.357712,0.279125]],"s":-5.62558,"t":[894.675,787.691,741.58],"timestamp":261936118089},{"currentFrameRate":24.8683,"devices":[],"gestures":[],"hands":[],"id":228151,"interactionBox":{"center":[0,200,0],"size":[235.247,235.247,147.751]},"pointables":[],"r":[[-0.0794966,-0.728761,-0.680138],[0.446709,0.583909,-0.677865],[0.891141,-0.357712,0.279125]],"s":-5.62558,"t":[894.675,787.691,741.58],"timestamp":261936158318},{"currentFrameRate":24.8717,"devices":[],"gestures":[],"hands":[],"id":228152,"interactionBox":{"center":[0,200,0],"size":[235.247,235.247,147.751]},"pointables":[],"r":[[-0.0794966,-0.728761,-0.680138],[0.446709,0.583909,-0.677865],[0.891141,-0.357712,0.279125]],"s":-5.62558,"t":[894.675,787.691,741.58],"timestamp":261936198499},{"currentFrameRate":24.8759,"devices":[],"gestures":[],"hands":[{"armBasis":[[0.771914,-0.470646,-0.427366],[0.514122,0.857571,-0.0158059],[0.373935,-0.207517,0.903941]],"armWidth":64.2597,"confidence":0,"direction":[0.284146,0.730696,-0.620762],"elbow":[231.746,117.803,378.636],"grabAngle":1.05556,"grabStrength":0,"id":394,"palmNormal":[-0.468617,-0.459004,-0.754794],"palmPosition":[135.84,227.386,78.5121],"palmVelocity":[1.19209e-7,1.19209e-7,1.19209e-7],"palmWidth":91.7607,"pinchDistance":56.6442,"pinchStrength":0.0103891,"r":[[1,5.55112e-18,5.55112e-18],[-5.55112e-18,1,-2.22045e-17],[-5.55112e-18,2.22045e-17,1]],"s":1,"sphereCenter":[104.387,188.624,-3.87045],"sphereRadius":94.6852,"stabilizedPalmPosition":[135.84,227.386,78.5121],"t":[0,0,0],"timeVisible":0,"type":"right","wrist":[129.929,174.307,132.505]}],"id":228153,"interactionBox":{"center":[0,200,0],"size":[235.247,235.247,147.751]},"pointables":[{"bases":[[[0.811177,0.349768,0.468672],[-0.574495,0.326828,0.750426],[0.1093,-0.877978,0.466055]],[[0.790531,0.459207,0.405203],[-0.564815,0.290917,0.772238],[0.236737,-0.839343,0.489346]],[[0.790531,0.459207,0.405203],[-0.612201,0.610307,0.502727],[-0.0164425,-0.645487,0.763594]],[[0.790531,0.459207,0.405203],[-0.592032,0.742329,0.313761],[-0.156713,-0.487931,0.858699]]],"btipPosition":[91.0519,268.681,42.8355],"carpPosition":[98.7053,192.717,113.992],"dipPosition":[87.3532,257.164,63.1024],"direction":[0.0164425,0.645487,-0.763594],"extended":true,"handId":394,"id":3940,"length":52.5578,"mcpPosition":[98.7053,192.717,113.992],"pipPosition":[86.7879,234.97,89.3581],"stabilizedTipPosition":[90.2012,266.032,47.4969],"timeVisible":0,"tipPosition":[90.2012,266.032,47.4969],"tipVelocity":[1.19209e-7,1.19209e-7,1.19209e-7],"tool":false,"touchDistance":1,"touchZone":"none","type":0,"width":20.4215},{"bases":[[[0.674708,-0.689966,-0.262139],[0.669438,0.422484,0.611032],[-0.310842,-0.587754,0.746942]],[[0.686547,-0.666021,-0.291667],[0.725304,0.599282,0.338816],[-0.0508678,-0.44416,0.894502]],[[0.686547,-0.666021,-0.291667],[0.663127,0.738082,-0.12449],[0.298187,-0.107944,0.948384]],[[0.686547,-0.666021,-0.291667],[0.529536,0.732906,-0.42713],[0.498242,0.138797,0.855857]]],"btipPosition":[143.697,253.947,-16.8359],"carpPosition":[139.487,196.405,113.274],"dipPosition":[153.085,256.562,-0.709588],"direction":[-0.298187,0.107944,-0.948384],"extended":true,"handId":394,"id":3943,"length":64.9742,"mcpPosition":[159.124,233.533,66.0896],"pipPosition":[161.416,253.546,25.7851],"stabilizedTipPosition":[145.856,254.548,-13.1268],"timeVisible":0,"tipPosition":[145.856,254.548,-13.1268],"tipVelocity":[1.19209e-7,1.19209e-7,1.19209e-7],"tool":false,"touchDistance":1,"touchZone":"none","type":3,"width":18.2302},{"bases":[[[0.514249,-0.813613,-0.27126],[0.73612,0.256428,0.626396],[-0.440085,-0.521803,0.730785]],[[0.549993,-0.766019,-0.332749],[0.826721,0.442826,0.347043],[-0.118492,-0.465961,0.876835]],[[0.549993,-0.766019,-0.332749],[0.768059,0.6204,-0.15871],[0.328013,-0.168281,0.929564]],[[0.549993,-0.766019,-0.332749],[0.624485,0.641749,-0.445169],[0.554549,0.0370434,0.831326]]],"btipPosition":[159.16,234.968,-0.277283],"carpPosition":[145.309,185.164,106.509],"dipPosition":[168.799,235.612,14.1735],"direction":[-0.328013,0.168281,-0.929564],"extended":true,"handId":394,"id":3944,"length":50.9386,"mcpPosition":[171.044,215.678,63.7754],"pipPosition":[175.269,232.293,32.5086],"stabilizedTipPosition":[161.377,235.117,3.04639],"timeVisible":0,"tipPosition":[161.377,235.117,3.04639],"tipVelocity":[1.19209e-7,1.19209e-7,1.19209e-7],"tool":false,"touchDistance":1,"touchZone":"none","type":4,"width":16.1934},{"bases":[[[0.872291,-0.375511,-0.31321],[0.484151,0.573365,0.660946],[-0.068609,-0.728178,0.681945]],[[0.842768,-0.508665,-0.176075],[0.523939,0.700195,0.48499],[-0.12341,-0.500986,0.856611]],[[0.842768,-0.508665,-0.176075],[0.532863,0.834671,0.139217],[0.0761497,-0.211152,0.974482]],[[0.842768,-0.508665,-0.176075],[0.502894,0.860693,-0.0794039],[0.191936,-0.021628,0.981169]]],"btipPosition":[123.09,286.793,-7.91543],"carpPosition":[117.816,205.543,120.453],"dipPosition":[126.397,286.421,8.99042],"direction":[-0.0761496,0.211152,-0.974482],"extended":true,"handId":394,"id":3941,"length":59.3056,"mcpPosition":[122.906,259.568,69.8573],"pipPosition":[128.253,281.274,32.7435],"stabilizedTipPosition":[123.85,286.708,-4.02709],"timeVisible":0,"tipPosition":[123.85,286.708,-4.02709],"tipVelocity":[1.19209e-7,1.19209e-7,1.19209e-7],"tool":false,"touchDistance":1,"touchZone":"none","type":1,"width":19.5066},{"bases":[[[0.759599,-0.562644,-0.326252],[0.623028,0.4855,0.613291],[-0.186669,-0.66912,0.719329]],[[0.74188,-0.615251,-0.266607],[0.664201,0.619778,0.417987],[-0.0919296,-0.487177,0.868451]],[[0.74188,-0.615251,-0.266607],[0.633173,0.773655,-0.0234552],[0.220693,-0.151407,0.96352]],[[0.74188,-0.615251,-0.266607],[0.5327,0.782272,-0.322927],[0.40724,0.0975515,0.908096]]],"btipPosition":[132.959,275.599,-20.3313],"carpPosition":[129.403,202.347,117.335],"dipPosition":[140.676,277.448,-3.1218],"direction":[-0.220693,0.151407,-0.96352],"extended":true,"handId":394,"id":3942,"length":67.574,"mcpPosition":[142.537,249.425,66.7236],"pipPosition":[147.005,273.106,24.5093],"stabilizedTipPosition":[134.734,276.025,-16.3731],"timeVisible":0,"tipPosition":[134.734,276.025,-16.3731],"tipVelocity":[1.19209e-7,1.19209e-7,1.19209e-7],"tool":false,"touchDistance":1,"touchZone":"none","type":2,"width":19.1581}],"r":[[1,5.55112e-18,5.55112e-18],[-5.55112e-18,1,-2.22045e-17],[-5.55112e-18,2.22045e-17,1]],"s":1,"t":[0,0,0],"timestamp":261936238668},{"currentFrameRate":24.8637,"devices":[],"gestures":[],"hands":[{"armBasis":[[0.81796,-0.329625,-0.471475],[0.484554,0.836521,0.255811],[0.310077,-0.437698,0.843962]],"armWidth":65.7594,"confidence":0.209209,"direction":[0.268494,0.763954,-0.586758],"elbow":[214.697,71.3254,355.089],"grabAngle":0.59326,"grabStrength":0,"id":394,"palmNormal":[-0.405352,-0.462964,-0.78826],"palmPosition":[135.921,247.552,74.6507],"palmVelocity":[2.00882,500.316,-95.7979],"palmWidth":91.7607,"pinchDistance":56.1178,"pinchStrength":0,"r":[[0.999887,0.0116154,0.00952746],[-0.0116667,0.999918,0.00535422],[-0.00946448,-0.00546477,0.99994]],"s":1.0258,"sphereCenter":[76.8634,189.374,-50.3975],"sphereRadius":152.239,"stabilizedPalmPosition":[135.915,246.205,74.9086],"t":[0.0404858,10.0834,-1.93071],"timeVisible":0.040308,"type":"right","wrist":[130.267,190.505,125.289]}],"id":228154,"interactionBox":{"center":[0,200,0],"size":[235.247,235.247,147.751]},"pointables":[{"bases":[[[0.766582,0.382287,0.515955],[-0.626768,0.270644,0.730694],[0.139695,-0.88352,0.447076]],[[0.764371,0.395663,0.509104],[-0.615007,0.210248,0.759975],[0.193655,-0.894006,0.404043]],[[0.764371,0.395663,0.509104],[-0.637723,0.58039,0.506416],[-0.0951092,-0.711757,0.695957]],[[0.764371,0.395663,0.509104],[-0.580754,0.765496,0.277022],[-0.28011,-0.507412,0.814906]]],"btipPosition":[99.8031,292.506,42.3422],"carpPosition":[99.3186,209.755,107.382],"dipPosition":[92.9566,280.104,62.2602],"direction":[0.0951092,0.711757,-0.695957],"extended":true,"handId":394,"id":3940,"length":54.4289,"mcpPosition":[99.3186,209.755,107.382],"pipPosition":[89.5699,254.759,87.0422],"stabilizedTipPosition":[97.9765,288.913,46.9414],"timeVisible":0.040308,"tipPosition":[93.8164,286.976,44.6982],"tipVelocity":[199.145,586.035,-14.2274],"tool":false,"touchDistance":1,"touchZone":"none","type":0,"width":21.1074},{"bases":[[[0.906518,-0.314836,-0.281253],[0.418366,0.580754,0.698352],[-0.0565277,-0.750735,0.65818]],[[0.888854,-0.419945,-0.183262],[0.429911,0.626039,0.650577],[-0.158478,-0.657055,0.736997]],[[0.888854,-0.419945,-0.183262],[0.458135,0.808278,0.369865],[-0.00719645,-0.412715,0.910832]],[[0.888854,-0.419945,-0.183262],[0.457978,0.826472,0.327414],[0.013965,-0.374953,0.926939]]],"btipPosition":[128.554,325.761,-6.34628],"carpPosition":[117.317,223.472,115.086],"dipPosition":[128.803,319.07,10.1938],"direction":[0.00719645,0.412715,-0.910832],"extended":true,"handId":394,"id":3941,"length":61.4169,"mcpPosition":[121.511,279.171,66.2539],"pipPosition":[128.621,308.652,33.1858],"stabilizedTipPosition":[128.46,323.036,-2.58902],"timeVisible":0.040308,"tipPosition":[126.988,318.385,-4.10277],"tipVelocity":[118.112,930.692,36.8418],"tool":false,"touchDistance":1,"touchZone":"none","type":1,"width":20.1617},{"bases":[[[0.805854,-0.507729,-0.304648],[0.564258,0.502543,0.655029],[-0.179479,-0.699758,0.691466]],[[0.794993,-0.544756,-0.266885],[0.57331,0.530938,0.624035],[-0.198248,-0.649111,0.734406]],[[0.794993,-0.544756,-0.266885],[0.599825,0.640259,0.479874],[-0.0905389,-0.541581,0.835759]],[[0.794993,-0.544756,-0.266885],[0.598434,0.776317,0.198014],[0.0993178,-0.317133,0.943166]]],"btipPosition":[152.551,325.265,-16.5121],"carpPosition":[129.204,221.047,112.439],"dipPosition":[154.5,319.041,1.99831],"direction":[0.0905389,0.541581,-0.835759],"extended":true,"handId":394,"id":3942,"length":69.9797,"mcpPosition":[141.832,270.282,63.7882],"pipPosition":[151.812,302.957,26.8188],"stabilizedTipPosition":[152.4,322.266,-12.3898],"timeVisible":0.040308,"tipPosition":[149.82,319.075,-13.5087],"tipVelocity":[453.158,1186.1,102.173],"tool":false,"touchDistance":1,"touchZone":"none","type":2,"width":19.8015},{"bases":[[[0.725814,-0.6416,-0.248079],[0.614382,0.442421,0.653299],[-0.309401,-0.626589,0.715303]],[[0.746805,-0.593248,-0.300565],[0.632125,0.492781,0.597985],[-0.206641,-0.636572,0.743018]],[[0.746805,-0.593248,-0.300565],[0.662161,0.705326,0.253097],[0.0618464,-0.388037,0.919567]],[[0.746805,-0.593248,-0.300565],[0.643815,0.758196,0.103161],[0.166687,-0.270549,0.948166]]],"btipPosition":[163.945,301.615,-16.2567],"carpPosition":[139.8,215.823,108.706],"dipPosition":[167.198,296.335,2.24489],"direction":[-0.0618464,0.388037,-0.919567],"extended":true,"handId":394,"id":3943,"length":67.2873,"mcpPosition":[159.345,255.405,63.5199],"pipPosition":[168.987,285.109,28.8491],"stabilizedTipPosition":[164.102,298.962,-12.0367],"timeVisible":0.040308,"tipPosition":[161.19,295.539,-12.7907],"tipVelocity":[467.323,1137.55,27.9216],"tool":false,"touchDistance":1,"touchZone":"none","type":3,"width":18.8424},{"bases":[[[0.573568,-0.774031,-0.268134],[0.690028,0.280135,0.667372],[-0.441452,-0.567803,0.69478]],[[0.63392,-0.678895,-0.370468],[0.72398,0.352421,0.593003],[-0.272026,-0.644128,0.714913]],[[0.63392,-0.678895,-0.370468],[0.772723,0.575988,0.266714],[0.0323145,-0.455345,0.889729]],[[0.63392,-0.678895,-0.370468],[0.745921,0.663239,0.060961],[0.204323,-0.314984,0.926842]]],"btipPosition":[178.105,277.105,0.0397371],"carpPosition":[146.583,205.144,101.927],"dipPosition":[181.783,271.435,16.7244],"direction":[-0.0323145,0.455345,-0.889729],"extended":true,"handId":394,"id":3944,"length":52.752,"mcpPosition":[172.398,238.348,61.2991],"pipPosition":[182.443,262.134,34.8986],"stabilizedTipPosition":[178.4,274.526,3.85118],"timeVisible":0.040308,"tipPosition":[174.879,271.094,2.99403],"tipVelocity":[436.001,1009.35,20.6118],"tool":false,"touchDistance":0.390013,"touchZone":"hovering","type":4,"width":16.7373}],"r":[[0.999887,0.0116154,0.00952746],[-0.0116667,0.999918,0.00535422],[-0.00946448,-0.00546477,0.99994]],"s":1.0258,"t":[0.0404858,10.0834,-1.93071],"timestamp":261936278976},{"currentFrameRate":24.871,"devices":[],"gestures":[],"hands":[{"armBasis":[[0.800094,-0.306448,-0.515692],[0.506861,0.805151,0.307935],[0.320844,-0.507761,0.799523]],"armWidth":65.7594,"confidence":0.400195,"direction":[0.291813,0.804707,-0.517003],"elbow":[210.433,66.1291,333.678],"grabAngle":0.454506,"grabStrength":0,"id":394,"palmNormal":[-0.416359,-0.379758,-0.826093],"palmPosition":[130.19,265.439,70.5241],"palmVelocity":[-142.721,445.432,-102.766],"palmWidth":91.7607,"pinchDistance":55.8043,"pinchStrength":0,"r":[[0.999737,0.0149434,0.0174231],[-0.0154143,0.999511,0.0272139],[-0.0170079,-0.0274752,0.999478]],"s":1.0482,"sphereCenter":[94.6058,259.144,-15.0269],"sphereRadius":99.3092,"stabilizedPalmPosition":[130.244,265.257,70.5656],"t":[-2.80476,24.0682,-4.95934],"timeVisible":0.080463,"type":"right","wrist":[123.072,204.386,115.979]}],"id":228155,"interactionBox":{"center":[0,200,0],"size":[235.247,235.247,147.751]},"pointables":[{"bases":[[[0.775849,0.313066,0.547767],[-0.62069,0.223031,0.751666],[0.113152,-0.923172,0.367355]],[[0.770721,0.349621,0.532686],[-0.616846,0.199926,0.761269],[0.159658,-0.915311,0.36975]],[[0.770721,0.349621,0.532686],[-0.633776,0.506859,0.584313],[-0.0657087,-0.787946,0.612228]],[[0.770721,0.349621,0.532686],[-0.59935,0.681547,0.41985],[-0.216262,-0.642853,0.734827]]],"btipPosition":[92.0222,315.816,41.4127],"carpPosition":[92.4337,225.969,99.7872],"dipPosition":[86.7363,300.104,59.3734],"direction":[0.0657087,0.787946,-0.612228],"extended":true,"handId":394,"id":3940,"length":54.4289,"mcpPosition":[92.4337,225.969,99.7872],"pipPosition":[84.3965,272.046,81.1739],"stabilizedTipPosition":[90.8374,312.102,45.5497],"timeVisible":0.080463,"tipPosition":[89.6095,309.276,44.4395],"tipVelocity":[-184.832,561.541,-34.3606],"tool":false,"touchDistance":1,"touchZone":"none","type":0,"width":21.1074},{"bases":[[[0.89787,-0.314734,-0.307851],[0.432979,0.504598,0.746934],[-0.0797446,-0.803943,0.589336]],[[0.891095,-0.364568,-0.270258],[0.420137,0.437589,0.794985],[-0.171564,-0.821952,0.543102]],[[0.891095,-0.364568,-0.270258],[0.453155,0.746958,0.486522],[0.0245005,-0.556006,0.830817]],[[0.891095,-0.364568,-0.270258],[0.453155,0.746958,0.486522],[0.0245005,-0.556006,0.830817]]],"btipPosition":[123.355,358.913,4.78425],"carpPosition":[110.797,238.429,108.674],"dipPosition":[123.793,348.991,19.6091],"direction":[-0.0245005,0.556006,-0.830817],"extended":true,"handId":394,"id":3941,"length":61.4169,"mcpPosition":[116.713,298.076,64.9497],"pipPosition":[124.411,334.956,40.5813],"stabilizedTipPosition":[123.521,356.194,8.05391],"timeVisible":0.080463,"tipPosition":[123.477,349.844,3.2204],"tipVelocity":[-128.377,807.088,267.365],"tool":false,"touchDistance":1,"touchZone":"none","type":1,"width":20.1617},{"bases":[[[0.791785,-0.501835,-0.348193],[0.576685,0.426351,0.696893],[-0.201273,-0.752587,0.626979]],[[0.798542,-0.474308,-0.370625],[0.556574,0.347305,0.754722],[-0.229251,-0.808957,0.541325]],[[0.798542,-0.474308,-0.370625],[0.600378,0.583281,0.54711],[-0.0433204,-0.659405,0.750538]],[[0.798542,-0.474308,-0.370625],[0.596382,0.70689,0.38031],[0.081607,-0.524727,0.84735]]],"btipPosition":[148.003,359.462,-4.45837],"carpPosition":[122.617,235.907,105.825],"dipPosition":[149.605,349.164,12.1716],"direction":[0.0433204,0.659405,-0.750538],"extended":true,"handId":394,"id":3942,"length":69.9797,"mcpPosition":[136.778,288.858,61.7111],"pipPosition":[148.319,329.581,34.4612],"stabilizedTipPosition":[148.431,356.578,-0.807373],"timeVisible":0.080463,"tipPosition":[147.416,350.876,-5.55641],"tipVelocity":[-115.247,828.277,289.41],"tool":false,"touchDistance":1,"touchZone":"none","type":2,"width":19.8015},{"bases":[[[0.707795,-0.637817,-0.30367],[0.625071,0.365199,0.689867],[-0.329109,-0.678099,0.657167]],[[0.751734,-0.51964,-0.406042],[0.606252,0.302237,0.735603],[-0.259528,-0.799141,0.542235]],[[0.751734,-0.51964,-0.406042],[0.658897,0.617412,0.429718],[0.0273964,-0.590573,0.806519]],[[0.751734,-0.51964,-0.406042],[0.650987,0.683145,0.33095],[0.10541,-0.513115,0.851823]]],"btipPosition":[163.119,337.954,-5.12466],"carpPosition":[133.068,230.73,101.646],"dipPosition":[165.176,327.942,11.497],"direction":[-0.0273964,0.590573,-0.806519],"extended":true,"handId":394,"id":3943,"length":67.2873,"mcpPosition":[153.858,273.566,60.1324],"pipPosition":[165.969,310.856,34.8306],"stabilizedTipPosition":[163.598,335.234,-1.42375],"timeVisible":0.080463,"tipPosition":[160.895,329.281,-5.8533],"tipVelocity":[-27.4226,877.869,266.459],"tool":false,"touchDistance":1,"touchZone":"none","type":3,"width":18.8424},{"bases":[[[0.551873,-0.763528,-0.335352],[0.696001,0.200197,0.689568],[-0.459368,-0.613959,0.6419]],[[0.650336,-0.582844,-0.487192],[0.683789,0.169781,0.709653],[-0.330901,-0.794649,0.508957]],[[0.650336,-0.582844,-0.487192],[0.759512,0.486828,0.431439],[-0.0142828,-0.650608,0.759279]],[[0.650336,-0.582844,-0.487192],[0.75264,0.581277,0.309273],[0.102936,-0.567811,0.816697]]],"btipPosition":[177.082,309.259,7.40966],"carpPosition":[139.561,220.5,93.9519],"dipPosition":[178.935,299.037,22.1115],"direction":[0.0142828,0.650608,-0.759279],"extended":true,"handId":394,"id":3944,"length":52.752,"mcpPosition":[166.423,256.403,56.4159],"pipPosition":[178.643,285.747,37.6211],"stabilizedTipPosition":[177.515,306.664,10.7389],"timeVisible":0.080463,"tipPosition":[173.925,300.791,6.23108],"tipVelocity":[-35.9372,774.662,172.18],"tool":false,"touchDistance":0.341069,"touchZone":"hovering","type":4,"width":16.7373}],"r":[[0.999737,0.0149434,0.0174231],[-0.0154143,0.999511,0.0272139],[-0.0170079,-0.0274752,0.999478]],"s":1.0482,"t":[-2.80476,24.0682,-4.95934],"timestamp":261936319131},{"currentFrameRate":26.5258,"devices":[],"gestures":[],"hands":[{"armBasis":[[0.78076,-0.262126,-0.567189],[0.539959,0.739831,0.401365],[0.314416,-0.619628,0.719168]],"armWidth":65.7594,"confidence":0.508721,"direction":[0.317452,0.864892,-0.388827],"elbow":[195.894,44.498,300.328],"grabAngle":0.410352,"grabStrength":0,"id":394,"palmNormal":[-0.439425,-0.229184,-0.868551],"palmPosition":[119.232,280.206,68.883],"palmVelocity":[-420.982,567.331,-63.0504],"palmWidth":91.7607,"pinchDistance":55.7665,"pinchStrength":0,"r":[[0.999735,0.00955486,0.0209602],[-0.0111264,0.997031,0.0761885],[-0.02017,-0.0764014,0.996873]],"s":1.06043,"sphereCenter":[40.4048,255.091,-82.9715],"sphereRadius":176.323,"stabilizedPalmPosition":[119.465,279.89,68.9185],"t":[-9.70626,38.4442,-7.29423],"timeVisible":0.106492,"type":"right","wrist":[110.283,213.215,104.508]}],"id":228156,"interactionBox":{"center":[0,200,0],"size":[235.247,235.247,147.751]},"pointables":[{"bases":[[[0.793119,0.194053,0.577326],[-0.603654,0.124366,0.787486],[0.0810146,-0.973076,0.215778]],[[0.783217,0.276998,0.556636],[-0.607582,0.15096,0.779779],[0.131967,-0.948938,0.286533]],[[0.783217,0.276998,0.556636],[-0.613553,0.489217,0.619855],[-0.100617,-0.827006,0.553116]],[[0.783217,0.276998,0.556636],[-0.567662,0.683798,0.458454],[-0.253636,-0.67505,0.692803]]],"btipPosition":[83.4172,331.748,41.1425],"carpPosition":[80.2783,238.03,92.1959],"dipPosition":[77.2178,315.248,58.076],"direction":[0.100617,0.827006,-0.553115],"extended":false,"handId":394,"id":3940,"length":54.4289,"mcpPosition":[80.2783,238.03,92.1959],"pipPosition":[73.635,285.8,77.7717],"stabilizedTipPosition":[82.0958,327.766,45.0433],"timeVisible":0.106492,"tipPosition":[80.8454,328.635,48.4877],"tipVelocity":[-338.664,605.106,-19.4559],"tool":false,"touchDistance":1,"touchZone":"none","type":0,"width":21.1074},{"bases":[[[0.881687,-0.295027,-0.368222],[0.460056,0.364249,0.809735],[-0.104769,-0.883336,0.456882]],[[0.875792,-0.336198,-0.346352],[0.461403,0.37236,0.805267],[-0.141761,-0.865054,0.481233]],[[0.875792,-0.336198,-0.346352],[0.482348,0.582603,0.654152],[-0.0181385,-0.739963,0.672403]],[[0.875792,-0.336198,-0.346352],[0.482641,0.620042,0.61855],[0.00679795,-0.708885,0.705291]]],"btipPosition":[113.674,383.929,17.5794],"carpPosition":[99.2038,248.25,102.627],"dipPosition":[113.795,371.28,30.1644],"direction":[0.0181385,0.739963,-0.672403],"extended":true,"handId":394,"id":3941,"length":61.4169,"mcpPosition":[106.977,313.787,68.7301],"pipPosition":[113.338,352.601,47.1378],"stabilizedTipPosition":[114.345,379.394,19.6608],"timeVisible":0.106492,"tipPosition":[114.911,375.268,16.4403],"tipVelocity":[-374.737,936.979,471.779],"tool":false,"touchDistance":0.39223,"touchZone":"hovering","type":1,"width":20.1617},{"bases":[[[0.767993,-0.4694,-0.435719],[0.600081,0.289645,0.74566],[-0.223809,-0.834128,0.504123]],[[0.77968,-0.420235,-0.464222],[0.603729,0.307764,0.735386],[-0.166164,-0.85363,0.493665]],[[0.77968,-0.420235,-0.464222],[0.624602,0.469361,0.624158],[-0.0444047,-0.776597,0.628431]],[[0.77968,-0.420235,-0.464222],[0.622963,0.595594,0.507133],[0.0633733,-0.684595,0.726164]]],"btipPosition":[135.073,383.934,5.98776],"carpPosition":[110.886,245.776,99.2229],"dipPosition":[136.317,370.499,20.2393],"direction":[0.0444047,0.776597,-0.628431],"extended":true,"handId":394,"id":3942,"length":69.9797,"mcpPosition":[126.633,304.464,63.7533],"pipPosition":[134.998,347.435,38.9026],"stabilizedTipPosition":[136.045,379.571,8.73716],"timeVisible":0.106492,"tipPosition":[137.852,377.417,7.63535],"tipVelocity":[-499.936,912.473,380.31],"tool":false,"touchDistance":0.385892,"touchZone":"hovering","type":2,"width":19.8015},{"bases":[[[0.67925,-0.607523,-0.411747],[0.645977,0.228631,0.728315],[-0.34833,-0.760687,0.547743]],[[0.730216,-0.463151,-0.502271],[0.64236,0.214995,0.73563],[-0.232722,-0.859807,0.454502]],[[0.730216,-0.463151,-0.502271],[0.68281,0.469352,0.559892],[-0.0235721,-0.751798,0.658972]],[[0.730216,-0.463151,-0.502271],[0.677611,0.58493,0.445757],[0.0873409,-0.665844,0.740961]]],"btipPosition":[152.926,363.858,4.77858],"carpPosition":[121.085,240.942,94.1111],"dipPosition":[154.63,350.866,19.237],"direction":[0.0235721,0.751798,-0.658972],"extended":true,"handId":394,"id":3943,"length":67.2873,"mcpPosition":[143.089,288.995,59.5099],"pipPosition":[153.948,329.115,38.3019],"stabilizedTipPosition":[153.762,359.762,7.69204],"timeVisible":0.106492,"tipPosition":[151.79,354.881,3.56991],"tipVelocity":[-394.73,968.873,361.354],"tool":false,"touchDistance":1,"touchZone":"none","type":3,"width":18.8424},{"bases":[[[0.518236,-0.72085,-0.460225],[0.710432,0.0632464,0.700918],[-0.476149,-0.690199,0.544891]],[[0.623966,-0.517253,-0.585762],[0.717435,0.0820469,0.691777],[-0.309763,-0.851891,0.42229]],[[0.623966,-0.517253,-0.585762],[0.777756,0.338244,0.529799],[-0.0759096,-0.786156,0.613349]],[[0.623966,-0.517253,-0.585762],[0.78085,0.442113,0.441373],[0.0306718,-0.732793,0.67976]]],"btipPosition":[167.375,332.891,12.5759],"carpPosition":[127.094,231.822,84.799],"dipPosition":[167.927,319.699,24.8127],"direction":[0.0759096,0.786156,-0.613349],"extended":true,"handId":394,"id":3944,"length":52.752,"mcpPosition":[154.937,272.182,52.9357],"pipPosition":[166.376,303.641,37.3413],"stabilizedTipPosition":[167.72,329.352,15.2892],"timeVisible":0.106492,"tipPosition":[163.898,324.049,10.5876],"tipVelocity":[-384.419,881.675,176.697],"tool":false,"touchDistance":0.337131,"touchZone":"hovering","type":4,"width":16.7373}],"r":[[0.999735,0.00955486,0.0209602],[-0.0111264,0.997031,0.0761885],[-0.02017,-0.0764014,0.996873]],"s":1.06043,"t":[-9.70626,38.4442,-7.29423],"timestamp":261936345160},{"currentFrameRate":28.6332,"devices":[],"gestures":[],"hands":[{"armBasis":[[0.773243,-0.232702,-0.589868],[0.522157,0.761466,0.384085],[0.359787,-0.604995,0.710306]],"armWidth":65.7594,"confidence":0.585983,"direction":[0.31817,0.903026,-0.288639],"elbow":[199.975,58.8646,290.073],"grabAngle":0.46636,"grabStrength":0,"id":394,"palmNormal":[-0.426929,-0.135361,-0.894096],"palmPosition":[110.468,293.473,67.6581],"palmVelocity":[-417.717,632.366,-58.3838],"palmWidth":91.7607,"pinchDistance":55.2045,"pinchStrength":0,"r":[[0.999636,0.00535763,0.0264592],[-0.00892811,0.990568,0.13673],[-0.0254771,-0.136916,0.990255]],"s":1.05706,"sphereCenter":[31.89,255.353,-128.938],"sphereRadius":215.922,"stabilizedPalmPosition":[110.697,293.128,67.6901],"t":[-17.5389,52.2657,-9.07412],"timeVisible":0.127472,"type":"right","wrist":[102.01,223.597,96.6656]}],"id":228157,"interactionBox":{"center":[0,200,0],"size":[235.247,235.247,147.751]},"pointables":[{"bases":[[[0.784557,0.133222,0.605576],[-0.61447,0.0362341,0.788108],[0.0830506,-0.990424,0.110288]],[[0.767586,0.2583,0.586594],[-0.627686,0.117739,0.769512],[0.1297,-0.958863,0.252506]],[[0.767586,0.2583,0.586594],[-0.633874,0.441494,0.635048],[-0.0949447,-0.859281,0.502614]],[[0.767586,0.2583,0.586594],[-0.596103,0.624,0.505258],[-0.235527,-0.737499,0.632947]]],"btipPosition":[74.0337,345.776,39.6637],"carpPosition":[71.4252,248.883,85.7429],"dipPosition":[68.2769,327.75,55.1342],"direction":[0.0949447,0.859281,-0.502614],"extended":false,"handId":394,"id":3940,"length":54.4289,"mcpPosition":[71.4252,248.883,85.7429],"pipPosition":[64.8961,297.152,73.0316],"stabilizedTipPosition":[72.8654,341.4,43.2522],"timeVisible":0.127472,"tipPosition":[72.2865,343.081,49.4855],"tipVelocity":[-442.409,651.916,-86.5245],"tool":false,"touchDistance":1,"touchZone":"none","type":0,"width":21.1074},{"bases":[[[0.687576,-0.556959,-0.465871],[0.63529,0.150727,0.757422],[-0.351634,-0.816748,0.457467]],[[0.736165,-0.414584,-0.534959],[0.656499,0.245269,0.713339],[-0.16453,-0.876335,0.452732]],[[0.736165,-0.414584,-0.534959],[0.676658,0.46713,0.569143],[0.0139376,-0.780967,0.624416]],[[0.736165,-0.414584,-0.534959],[0.666522,0.58134,0.466683],[0.117514,-0.700117,0.704291]]],"btipPosition":[139.382,380.457,6.6802],"carpPosition":[112.188,251.715,88.5121],"dipPosition":[141.675,366.796,20.4231],"direction":[-0.0139376,0.780967,-0.624416],"extended":true,"handId":394,"id":3943,"length":67.2873,"mcpPosition":[134.401,303.31,59.6137],"pipPosition":[142.078,344.201,38.4882],"stabilizedTipPosition":[140.545,376.509,9.74246],"timeVisible":0.127472,"tipPosition":[142.047,375.875,10.682],"tipVelocity":[-639.1,783.836,82.7954],"tool":false,"touchDistance":0.381007,"touchZone":"hovering","type":3,"width":18.8424},{"bases":[[[0.527773,-0.664943,-0.528495],[0.700921,-0.0104895,0.713162],[-0.479756,-0.746821,0.460536]],[[0.624755,-0.473337,-0.620993],[0.731914,0.0779626,0.676922],[-0.271998,-0.877424,0.39515]],[[0.624755,-0.473337,-0.620993],[0.778929,0.322485,0.537841],[-0.0543193,-0.819729,0.57017]],[[0.624755,-0.473337,-0.620993],[0.777154,0.453939,0.435857],[0.0755855,-0.754911,0.651456]]],"btipPosition":[156.211,350.085,13.4531],"carpPosition":[118.364,243.678,78.3496],"dipPosition":[157.572,336.496,25.1804],"direction":[0.0543193,0.819729,-0.57017],"extended":true,"handId":394,"id":3944,"length":52.752,"mcpPosition":[146.418,287.35,51.4192],"pipPosition":[156.462,319.751,36.827],"stabilizedTipPosition":[156.807,346.515,16.1286],"timeVisible":0.127472,"tipPosition":[155.913,344.501,15.3671],"tipVelocity":[-523.244,815.195,36.2252],"tool":false,"touchDistance":0.348151,"touchZone":"hovering","type":4,"width":16.7373},{"bases":[[[0.887867,-0.250296,-0.386062],[0.447651,0.276072,0.850525],[-0.106302,-0.927974,0.357161]],[[0.873804,-0.337081,-0.35049],[0.467661,0.384993,0.795659],[-0.133265,-0.859161,0.494048]],[[0.873804,-0.337081,-0.35049],[0.483791,0.529793,0.69661],[-0.0491264,-0.778265,0.626012]],[[0.873804,-0.337081,-0.35049],[0.4862,0.592662,0.642153],[-0.00873507,-0.731525,0.681759]]],"btipPosition":[105.424,398.078,20.8398],"carpPosition":[90.162,257.98,97.4733],"dipPosition":[105.268,385.024,33.0049],"direction":[0.0491264,0.778265,-0.626012],"extended":true,"handId":394,"id":3941,"length":61.4169,"mcpPosition":[98.0489,326.829,70.9746],"pipPosition":[104.028,365.379,48.8073],"stabilizedTipPosition":[106.038,393.938,23.3493],"timeVisible":0.127472,"tipPosition":[105.998,394.17,24.9721],"tipVelocity":[-396.262,669.969,150.805],"tool":false,"touchDistance":0.338357,"touchZone":"hovering","type":1,"width":20.1617},{"bases":[[[0.775933,-0.416739,-0.473558],[0.588868,0.209342,0.780647],[-0.226191,-0.884593,0.407839]],[[0.784845,-0.378767,-0.490463],[0.609699,0.330409,0.720484],[-0.110842,-0.864503,0.490254]],[[0.784845,-0.378767,-0.490463],[0.619643,0.469713,0.628818],[-0.0077988,-0.797437,0.603352]],[[0.784845,-0.378767,-0.490463],[0.617427,0.545575,0.566685],[0.052943,-0.747585,0.662053]]],"btipPosition":[122.587,400.043,9.69295],"carpPosition":[101.9,255.931,93.9789],"dipPosition":[123.626,385.371,22.6863],"direction":[0.0077988,0.797437,-0.603352],"extended":true,"handId":394,"id":3942,"length":69.9797,"mcpPosition":[117.815,318.17,65.2837],"pipPosition":[123.395,361.688,40.6048],"stabilizedTipPosition":[123.605,395.66,12.4489],"timeVisible":0.127472,"tipPosition":[126.783,396.753,15.6097],"tipVelocity":[-597.376,754.245,162.812],"tool":false,"touchDistance":0.33826,"touchZone":"hovering","type":2,"width":19.8015}],"r":[[0.999636,0.00535763,0.0264592],[-0.00892811,0.990568,0.13673],[-0.0254771,-0.136916,0.990255]],"s":1.05706,"t":[-17.5389,52.2657,-9.07412],"timestamp":261936366140},{"currentFrameRate":30.5388,"devices":[],"gestures":[],"hands":[{"armBasis":[[0.74964,-0.243984,-0.615234],[0.514205,0.799954,0.309302],[0.416694,-0.548221,0.725135]],"armWidth":65.7594,"confidence":0.653694,"direction":[0.3161,0.927756,-0.198366],"elbow":[206.571,86.4137,288.505],"grabAngle":0.513238,"grabStrength":0,"id":394,"palmNormal":[-0.460806,-0.0326272,-0.886901],"palmPosition":[100.685,307.361,68.0667],"palmVelocity":[-467.673,663.955,19.5338],"palmWidth":91.7607,"pinchDistance":41.9767,"pinchStrength":0,"r":[[0.99973,0.0000312424,0.0232159],[-0.00483064,0.978392,0.206702],[-0.0227078,-0.206758,0.978128]],"s":1.05496,"sphereCenter":[38.9638,288.559,-107.027],"sphereRadius":186.049,"stabilizedPalmPosition":[100.825,307.163,68.0615],"t":[-26.3465,66.1207,-9.75976],"timeVisible":0.14839,"type":"right","wrist":[93.1105,235.687,91.0607]}],"id":228158,"interactionBox":{"center":[0,200,0],"size":[235.247,235.247,147.751]},"pointables":[{"bases":[[[0.807547,0.0606237,0.586679],[-0.584699,-0.0482908,0.809812],[0.077425,-0.996992,-0.00355047]],[[0.775755,0.258762,0.57554],[-0.61019,0.0751183,0.788686],[0.160848,-0.963016,0.216167]],[[0.775755,0.258762,0.57554],[-0.6289,0.391977,0.671445],[-0.0518541,-0.882834,0.466814]],[[0.775755,0.258762,0.57554],[-0.580761,0.649503,0.490777],[-0.246821,-0.714974,0.654134]]],"btipPosition":[61.6845,358.644,39.0523],"carpPosition":[61.9024,261.253,82.5452],"dipPosition":[55.6517,341.168,55.0407],"direction":[0.0518541,0.882834,-0.466814],"extended":false,"handId":394,"id":3940,"length":54.4289,"mcpPosition":[61.9024,261.253,82.5452],"pipPosition":[53.8052,309.732,71.6632],"stabilizedTipPosition":[60.4112,354.504,42.7344],"timeVisible":0.14839,"tipPosition":[61.5133,357.161,51.1826],"tipVelocity":[-593.396,621.214,-23.5354],"tool":false,"touchDistance":1,"touchZone":"none","type":0,"width":21.1074},{"bases":[[[0.664541,-0.505464,-0.550356],[0.664141,0.0619496,0.745037],[-0.342494,-0.860621,0.376867]],[[0.706948,-0.376213,-0.598906],[0.697719,0.232307,0.677659],[-0.115814,-0.896938,0.42672]],[[0.706948,-0.376213,-0.598906],[0.705094,0.44119,0.555152],[0.0553761,-0.814748,0.577164]],[[0.706948,-0.376213,-0.598906],[0.687456,0.564523,0.456857],[0.16622,-0.734696,0.657718]]],"btipPosition":[124.959,397.66,10.8257],"carpPosition":[102.765,263.533,84.0764],"dipPosition":[128.203,383.324,23.6598],"direction":[-0.0553761,0.814748,-0.577164],"extended":true,"handId":394,"id":3943,"length":67.2873,"mcpPosition":[124.401,317.899,60.2695],"pipPosition":[129.805,359.752,40.3579],"stabilizedTipPosition":[126.16,393.816,13.6539],"timeVisible":0.14839,"tipPosition":[129.245,395.074,17.6038],"tipVelocity":[-679.041,814.98,188.187],"tool":false,"touchDistance":0.338431,"touchZone":"hovering","type":3,"width":18.8424},{"bases":[[[0.501503,-0.604915,-0.618525],[0.726531,-0.0937015,0.680715],[-0.469731,-0.790758,0.392498]],[[0.583406,-0.439271,-0.683139],[0.776141,0.0537584,0.628263],[-0.239253,-0.896745,0.372299]],[[0.583406,-0.439271,-0.683139],[0.811921,0.294175,0.504227],[-0.0205298,-0.848824,0.528277]],[[0.583406,-0.439271,-0.683139],[0.80253,0.441066,0.401754],[0.12483,-0.782625,0.609849]]],"btipPosition":[142.96,367.426,14.3901],"carpPosition":[108.485,256.643,72.8595],"dipPosition":[145.207,353.338,25.3684],"direction":[0.0205298,0.848824,-0.528277],"extended":true,"handId":394,"id":3944,"length":52.752,"mcpPosition":[135.953,302.884,49.9077],"pipPosition":[144.788,335.999,36.1593],"stabilizedTipPosition":[143.663,363.939,16.9041],"timeVisible":0.14839,"tipPosition":[144.356,363.783,19.255],"tipVelocity":[-623.735,823.504,36.5604],"tool":false,"touchDistance":0.358141,"touchZone":"hovering","type":4,"width":16.7373},{"bases":[[[0.870601,-0.210708,-0.444586],[0.481278,0.177195,0.858472],[-0.102108,-0.961355,0.255676]],[[0.857591,-0.297867,-0.419302],[0.509094,0.375532,0.774467],[-0.0732268,-0.87764,0.473695]],[[0.857591,-0.297867,-0.419302],[0.509094,0.375532,0.774467],[-0.0732268,-0.87764,0.473695]],[[0.857591,-0.297867,-0.419302],[0.513373,0.545522,0.662461],[0.0314131,-0.783378,0.620751]]],"btipPosition":[93.2945,415.721,31.2427],"carpPosition":[81.1453,268.885,94.5],"dipPosition":[93.8551,401.743,42.3192],"direction":[0.0732268,0.87764,-0.473695],"extended":true,"handId":394,"id":3941,"length":61.4169,"mcpPosition":[88.721,340.21,75.5307],"pipPosition":[92.0066,379.589,54.2766],"stabilizedTipPosition":[94.5331,410.873,32.8719],"timeVisible":0.14839,"tipPosition":[95.2817,412.254,36.5155],"tipVelocity":[-571.993,833.297,485.346],"tool":false,"touchDistance":0.341174,"touchZone":"hovering","type":1,"width":20.1617},{"bases":[[[0.753914,-0.365753,-0.545746],[0.619176,0.117872,0.776355],[-0.219626,-0.923218,0.315331]],[[0.757959,-0.348105,-0.551652],[0.650217,0.335642,0.681588],[-0.0521064,-0.87531,0.480747]],[[0.757959,-0.348105,-0.551652],[0.651881,0.434592,0.621434],[0.0234195,-0.830634,0.556326]],[[0.757959,-0.348105,-0.551652],[0.648684,0.49119,0.581327],[0.068603,-0.798471,0.598112]]],"btipPosition":[108.76,416.529,15.7134],"carpPosition":[92.7267,267.171,90.3605],"dipPosition":[110.107,400.859,27.4519],"direction":[-0.0234195,0.830634,-0.556326],"extended":true,"handId":394,"id":3942,"length":69.9797,"mcpPosition":[108.179,332.128,68.1742],"pipPosition":[110.802,376.19,43.9738],"stabilizedTipPosition":[109.747,412.121,18.1354],"timeVisible":0.14839,"tipPosition":[113.575,414.709,24.0802],"tipVelocity":[-657.615,777.18,274.015],"tool":false,"touchDistance":0.337854,"touchZone":"hovering","type":2,"width":19.8015}],"r":[[0.99973,0.0000312424,0.0232159],[-0.00483064,0.978392,0.206702],[-0.0227078,-0.206758,0.978128]],"s":1.05496,"t":[-26.3465,66.1207,-9.75976],"timestamp":261936387058},{"currentFrameRate":32.2454,"devices":[],"gestures":[],"hands":[{"armBasis":[[0.760886,-0.211834,-0.613334],[0.45915,0.843666,0.278224],[0.458512,-0.493309,0.739197]],"armWidth":65.7594,"confidence":0.712501,"direction":[0.286264,0.949377,-0.129368],"elbow":[208.615,112.12,289.144],"grabAngle":0.598187,"grabStrength":0,"id":394,"palmNormal":[-0.456957,0.0165995,-0.889334],"palmPosition":[88.6762,319.191,69.1452],"palmVelocity":[-572.413,563.864,51.4047],"palmWidth":91.7607,"pinchDistance":47.1346,"pinchStrength":0,"r":[[0.99977,0.00208862,0.0213544],[-0.00789949,0.961175,0.275827],[-0.0199493,-0.275933,0.96097]],"s":1.06324,"sphereCenter":[50.311,311.84,-79.3592],"sphereRadius":151.709,"stabilizedPalmPosition":[88.7696,319.099,69.1368],"t":[-36.755,78.9632,-9.56335],"timeVisible":0.16937,"type":"right","wrist":[83.7683,246.442,87.8702]}],"id":228159,"interactionBox":{"center":[0,200,0],"size":[235.247,235.247,147.751]},"pointables":[{"bases":[[[0.803459,0.0441751,0.593719],[-0.585131,-0.125468,0.801174],[0.109884,-0.991114,-0.07496]],[[0.729847,0.349157,0.587718],[-0.635756,0.0306701,0.771281],[0.251273,-0.936562,0.244363]],[[0.729847,0.349157,0.587718],[-0.681364,0.301903,0.666782],[0.055378,-0.887099,0.458246]],[[0.729847,0.349157,0.587718],[-0.663232,0.570013,0.484984],[-0.165671,-0.743757,0.647594]]],"btipPosition":[40.8033,367.844,35.615],"carpPosition":[51.3751,270.93,80.0624],"dipPosition":[36.754,349.665,51.4436],"direction":[-0.055378,0.887099,-0.458246],"extended":false,"handId":394,"id":3940,"length":54.4289,"mcpPosition":[51.3751,270.93,80.0624],"pipPosition":[38.7259,318.077,67.761],"stabilizedTipPosition":[40.0035,363.604,39.2779],"timeVisible":0.16937,"tipPosition":[44.1923,366.404,48.0439],"tipVelocity":[-973.545,430.82,-165.587],"tool":false,"touchDistance":1,"touchZone":"none","type":0,"width":21.1074},{"bases":[[[0.878274,-0.149845,-0.454071],[0.472788,0.130229,0.8715],[-0.0714563,-0.980095,0.185222]],[[0.875311,-0.183336,-0.447459],[0.481028,0.424715,0.766961],[0.0494306,-0.886569,0.459947]],[[0.875311,-0.183336,-0.447459],[0.481028,0.424715,0.766961],[0.0494306,-0.886569,0.459947]],[[0.875311,-0.183336,-0.447459],[0.446853,0.660317,0.603576],[0.184807,-0.728265,0.659907]]],"btipPosition":[68.863,426.166,34.8709],"carpPosition":[70.3248,278.296,92.6358],"dipPosition":[72.1607,413.171,46.6461],"direction":[-0.0494306,0.886569,-0.459947],"extended":true,"handId":394,"id":3941,"length":61.4169,"mcpPosition":[75.6263,351.012,78.8938],"pipPosition":[73.4084,390.791,58.2565],"stabilizedTipPosition":[70.9606,422.516,37.3262],"timeVisible":0.16937,"tipPosition":[75.3334,424.66,41.7973],"tipVelocity":[-1134.51,508.616,180.597],"tool":false,"touchDistance":0.336528,"touchZone":"hovering","type":1,"width":20.1617},{"bases":[[[0.766992,-0.300872,-0.566744],[0.61278,0.0814718,0.786042],[-0.190325,-0.950178,0.246857]],[[0.772915,-0.269001,-0.574665],[0.633558,0.376762,0.675762],[0.0347314,-0.886391,0.461633]],[[0.772915,-0.269001,-0.574665],[0.627319,0.459927,0.628441],[0.0952526,-0.84623,0.524234]],[[0.772915,-0.269001,-0.574665],[0.60966,0.565822,0.555122],[0.17583,-0.779413,0.601332]]],"btipPosition":[87.3307,429.163,20.4669],"carpPosition":[81.9676,277.261,88.4441],"dipPosition":[90.7815,413.866,32.2685],"direction":[-0.0952526,0.84623,-0.524234],"extended":true,"handId":394,"id":3942,"length":69.9797,"mcpPosition":[95.3586,344.115,71.0755],"pipPosition":[93.6103,388.735,47.8373],"stabilizedTipPosition":[88.8061,425.218,23.0222],"timeVisible":0.16937,"tipPosition":[94.5696,428.303,2