{"frames":206,"data":[{"currentFrameRate":24.8405,"devices":[],"gestures":[],"hands":[],"id":228666,"interactionBox":{"center":[0,200,0],"size":[235.247,235.247,147.751]},"pointables":[],"r":[[-0.0794966,-0.728761,-0.680138],[0.446709,0.583909,-0.677865],[0.891141,-0.357712,0.279125]],"s":-5.62558,"t":[894.675,787.691,741.58],"timestamp":261953761020},{"currentFrameRate":24.8413,"devices":[],"gestures":[],"hands":[],"id":228667,"interactionBox":{"center":[0,200,0],"size":[235.247,235.247,147.751]},"pointables":[],"r":[[-0.0794966,-0.728761,-0.680138],[0.446709,0.583909,-0.677865],[0.891141,-0.357712,0.279125]],"s":-5.62558,"t":[894.675,787.691,741.58],"timestamp":261953801269},{"currentFrameRate":24.8387,"devices":[],"gestures":[],"hands":[],"id":228668,"interactionBox":{"center":[0,200,0],"size":[235.247,235.247,147.751]},"pointables":[],"r":[[-0.0794966,-0.728761,-0.680138],[0.446709,0.583909,-0.677865],[0.891141,-0.357712,0.279125]],"s":-5.62558,"t":[894.675,787.691,741.58],"timestamp":261953841548},{"currentFrameRate":24.8318,"devices":[],"gestures":[],"hands":[],"id":228669,"interactionBox":{"center":[0,200,0],"size":[235.247,235.247,147.751]},"pointables":[],"r":[[-0.0794966,-0.728761,-0.680138],[0.446709,0.583909,-0.677865],[0.891141,-0.357712,0.279125]],"s":-5.62558,"t":[894.675,787.691,741.58],"timestamp":261953881869},{"currentFrameRate":24.8314,"devices":[],"gestures":[],"hands":[],"id":228670,"interactionBox":{"center":[0,200,0],"size":[235.247,235.247,147.751]},"pointables":[],"r":[[-0.0794966,-0.728761,-0.680138],[0.446709,0.583909,-0.677865],[0.891141,-0.357712,0.279125]],"s":-5.62558,"t":[894.675,787.691,741.58],"timestamp":261953922144},{"currentFrameRate":24.8013,"devices":[],"gestures":[],"hands":[],"id":228671,"interactionBox":{"center":[0,200,0],"size":[235.247,235.247,147.751]},"pointables":[],"r":[[-0.0794966,-0.728761,-0.680138],[0.446709,0.583909,-0.677865],[0.891141,-0.357712,0.279125]],"s":-5.62558,"t":[894.675,787.691,741.58],"timestamp":261953962683},{"currentFrameRate":24.8428,"devices":[],"gestures":[],"hands":[],"id":228672,"interactionBox":{"center":[0,200,0],"size":[235.247,235.247,147.751]},"pointables":[],"r":[[-0.0794966,-0.728761,-0.680138],[0.446709,0.583909,-0.677865],[0.891141,-0.357712,0.279125]],"s":-5.62558,"t":[894.675,787.691,741.58],"timestamp":261954002634},{"currentFrameRate":24.8392,"devices":[],"gestures":[],"hands":[],"id":228673,"interactionBox":{"center":[0,200,0],"size":[235.247,235.247,147.751]},"pointables":[],"r":[[-0.0794966,-0.728761,-0.680138],[0.446709,0.583909,-0.677865],[0.891141,-0.357712,0.279125]],"s":-5.62558,"t":[894.675,787.691,741.58],"timestamp":261954042919},{"currentFrameRate":24.8353,"devices":[],"gestures":[],"hands":[],"id":228674,"interactionBox":{"center":[0,200,0],"size":[235.247,235.247,147.751]},"pointables":[],"r":[[-0.0794966,-0.728761,-0.680138],[0.446709,0.583909,-0.677865],[0.891141,-0.357712,0.279125]],"s":-5.62558,"t":[894.675,787.691,741.58],"timestamp":261954083213},{"currentFrameRate":24.8384,"devices":[],"gestures":[],"hands":[],"id":228675,"interactionBox":{"center":[0,200,0],"size":[235.247,235.247,147.751]},"pointables":[],"r":[[-0.0794966,-0.728761,-0.680138],[0.446709,0.583909,-0.677865],[0.891141,-0.357712,0.279125]],"s":-5.62558,"t":[894.675,787.691,741.58],"timestamp":261954123451},{"currentFrameRate":24.8309,"devices":[],"gestures":[],"hands":[],"id":228676,"interactionBox":{"center":[0,200,0],"size":[235.247,235.247,147.751]},"pointables":[],"r":[[-0.0794966,-0.728761,-0.680138],[0.446709,0.583909,-0.677865],[0.891141,-0.357712,0.279125]],"s":-5.62558,"t":[894.675,787.691,741.58],"timestamp":261954163778},{"currentFrameRate":24.82,"devices":[],"gestures":[],"hands":[],"id":228677,"interactionBox":{"center":[0,200,0],"size":[235.247,235.247,147.751]},"pointables":[],"r":[[-0.0794966,-0.728761,-0.680138],[0.446709,0.583909,-0.677865],[0.891141,-0.357712,0.279125]],"s":-5.62558,"t":[894.675,787.691,741.58],"timestamp":261954204147},{"currentFrameRate":24.8124,"devices":[],"gestures":[],"hands":[],"id":228678,"interactionBox":{"center":[0,200,0],"size":[235.247,235.247,147.751]},"pointables":[],"r":[[-0.0794966,-0.728761,-0.680138],[0.446709,0.583909,-0.677865],[0.891141,-0.357712,0.279125]],"s":-5.62558,"t":[894.675,787.691,741.58],"timestamp":261954244505},{"currentFrameRate":24.824,"devices":[],"gestures":[],"hands":[],"id":228679,"interactionBox":{"center":[0,200,0],"size":[235.247,235.247,147.751]},"pointables":[],"r":[[-0.0794966,-0.728761,-0.680138],[0.446709,0.583909,-0.677865],[0.891141,-0.357712,0.279125]],"s":-5.62558,"t":[894.675,787.691,741.58],"timestamp":261954284704},{"currentFrameRate":24.8077,"devices":[],"gestures":[],"hands":[],"id":228680,"interactionBox":{"center":[0,200,0],"size":[235.247,235.247,147.751]},"pointables":[],"r":[[-0.0794966,-0.728761,-0.680138],[0.446709,0.583909,-0.677865],[0.891141,-0.357712,0.279125]],"s":-5.62558,"t":[894.675,787.691,741.58],"timestamp":261954325133},{"currentFrameRate":10.4933,"devices":[],"gestures":[],"hands":[],"id":228681,"interactionBox":{"center":[0,200,0],"size":[235.247,235.247,147.751]},"pointables":[],"r":[[-0.0794966,-0.728761,-0.680138],[0.446709,0.583909,-0.677865],[0.891141,-0.357712,0.279125]],"s":-5.62558,"t":[894.675,787.691,741.58],"timestamp":261954566571},{"currentFrameRate":12.0805,"devices":[],"gestures":[],"hands":[],"id":228682,"interactionBox":{"center":[0,200,0],"size":[235.247,235.247,147.751]},"pointables":[],"r":[[-0.0794966,-0.728761,-0.680138],[0.446709,0.583909,-0.677865],[0.891141,-0.357712,0.279125]],"s":-5.62558,"t":[894.675,787.691,741.58],"timestamp":261954626975},{"currentFrameRate":14.4215,"devices":[],"gestures":[],"hands":[],"id":228683,"interactionBox":{"center":[0,200,0],"size":[235.247,235.247,147.751]},"pointables":[],"r":[[-0.0794966,-0.728761,-0.680138],[0.446709,0.583909,-0.677865],[0.891141,-0.357712,0.279125]],"s":-5.62558,"t":[894.675,787.691,741.58],"timestamp":261954667184},{"currentFrameRate":13.7692,"devices":[],"gestures":[],"hands":[],"id":228684,"interactionBox":{"center":[0,200,0],"size":[235.247,235.247,147.751]},"pointables":[],"r":[[-0.0794966,-0.728761,-0.680138],[0.446709,0.583909,-0.677865],[0.891141,-0.357712,0.279125]],"s":-5.62558,"t":[894.675,787.691,741.58],"timestamp":261954747522},{"currentFrameRate":15.779,"devices":[],"gestures":[],"hands":[],"id":228685,"interactionBox":{"center":[0,200,0],"size":[235.247,235.247,147.751]},"pointables":[],"r":[[-0.0794966,-0.728761,-0.680138],[0.446709,0.583909,-0.677865],[0.891141,-0.357712,0.279125]],"s":-5.62558,"t":[894.675,787.691,741.58],"timestamp":261954788011},{"currentFrameRate":17.4477,"devices":[],"gestures":[],"hands":[],"id":228686,"interactionBox":{"center":[0,200,0],"size":[235.247,235.247,147.751]},"pointables":[],"r":[[-0.0794966,-0.728761,-0.680138],[0.446709,0.583909,-0.677865],[0.891141,-0.357712,0.279125]],"s":-5.62558,"t":[894.675,787.691,741.58],"timestamp":261954828098},{"currentFrameRate":18.7958,"devices":[],"gestures":[],"hands":[],"id":228687,"interactionBox":{"center":[0,200,0],"size":[235.247,235.247,147.751]},"pointables":[],"r":[[-0.0794966,-0.728761,-0.680138],[0.446709,0.583909,-0.677865],[0.891141,-0.357712,0.279125]],"s":-5.62558,"t":[894.675,787.691,741.58],"timestamp":261954868378},{"currentFrameRate":19.9206,"devices":[],"gestures":[],"hands":[],"id":228688,"interactionBox":{"center":[0,200,0],"size":[235.247,235.247,147.751]},"pointables":[],"r":[[-0.0794966,-0.728761,-0.680138],[0.446709,0.583909,-0.677865],[0.891141,-0.357712,0.279125]],"s":-5.62558,"t":[894.675,787.691,741.58],"timestamp":261954908390},{"currentFrameRate":20.8048,"devices":[],"gestures":[],"hands":[],"id":228689,"interactionBox":{"center":[0,200,0],"size":[235.247,235.247,147.751]},"pointables":[],"r":[[-0.0794966,-0.728761,-0.680138],[0.446709,0.583909,-0.677865],[0.891141,-0.357712,0.279125]],"s":-5.62558,"t":[894.675,787.691,741.58],"timestamp":261954948793},{"currentFrameRate":21.5402,"devices":[],"gestures":[],"hands":[],"id":228690,"interactionBox":{"center":[0,200,0],"size":[235.247,235.247,147.751]},"pointables":[],"r":[[-0.0794966,-0.728761,-0.680138],[0.446709,0.583909,-0.677865],[0.891141,-0.357712,0.279125]],"s":-5.62558,"t":[894.675,787.691,741.58],"timestamp":261954989059},{"currentFrameRate":22.1668,"devices":[],"gestures":[],"hands":[{"armBasis":[[-0.980748,0.136509,-0.139636],[0.000157983,0.715622,0.698487],[-0.195276,-0.685018,0.701867]],"armWidth":64.2597,"confidence":0,"direction":[-0.544049,0.838192,0.0380027],"elbow":[-69.1827,3.52994,222.285],"grabAngle":0,"grabStrength":0,"id":395,"palmNormal":[-0.437266,-0.24458,-0.865436],"palmPosition":[-46.5139,257.922,17.1167],"palmVelocity":[1.19209e-7,1.19209e-7,1.19209e-7],"palmWidth":91.7607,"pinchDistance":51.273,"pinchStrength":0,"r":[[1,1.11022e-17,1.73472e-17],[-1.11022e-17,1,1.11022e-17],[-1.73472e-17,-1.11022e-17,1]],"s":1,"sphereCenter":[-87.5097,281.124,37.8486],"sphereRadius":59.4925,"stabilizedPalmPosition":[-46.5139,257.922,17.1167],"t":[0,0,0],"timeVisible":0,"type":"left","wrist":[-16.0116,190.051,31.1754]}],"id":228691,"interactionBox":{"center":[0,200,0],"size":[235.247,235.247,147.751]},"pointables":[{"bases":[[[-0.00321856,0.186166,0.982513],[0.984193,0.174565,-0.0298525],[0.17707,-0.966886,0.183786]],[[0.0433567,-0.0740641,0.996311],[0.993999,-0.0970486,-0.0504706],[-0.100429,-0.99252,-0.0694119]],[[0.0433567,-0.0740641,0.996311],[0.963614,0.266379,-0.0221317],[0.263757,-0.961019,-0.0829185]],[[0.0433567,-0.0740641,0.996311],[0.781336,0.623988,0.0123846],[0.622603,-0.777916,-0.084923]]],"btipPosition":[-21.4917,319.42,7.08796],"carpPosition":[-2.78365,218.052,-1.26171],"dipPosition":[-6.79716,301.06,5.08362],"direction":[-0.263757,0.961019,0.0829185],"extended":true,"handId":395,"id":3950,"length":52.5578,"mcpPosition":[-2.78365,218.052,-1.26171],"pipPosition":[2.27197,268.016,2.23252],"stabilizedTipPosition":[-18.112,315.197,6.62696],"timeVisible":0,"tipPosition":[-18.112,315.197,6.62696],"tipVelocity":[1.19209e-7,1.19209e-7,1.19209e-7],"tool":false,"touchDistance":0.333333,"touchZone":"none","type":0,"width":20.4215},{"bases":[[[-0.797288,-0.339803,0.498865],[0.370705,0.376588,0.848975],[0.476351,-0.86181,0.174282]],[[-0.663819,-0.531877,0.525786],[0.410256,0.328849,0.850617],[0.625328,-0.780362,0.0000904546]],[[-0.663819,-0.531877,0.525786],[0.410256,0.328849,0.850617],[0.625328,-0.780362,0.0000904546]],[[-0.663819,-0.531877,0.525786],[0.410256,0.328849,0.850617],[0.625328,-0.780362,0.0000904546]]],"btipPosition":[-94.3086,358.173,7.3391],"carpPosition":[-5.85667,227.955,20.2773],"dipPosition":[-83.534,344.727,7.34066],"direction":[-0.625328,0.780362,-0.0000904546],"extended":true,"handId":395,"id":3951,"length":59.3056,"mcpPosition":[-41.1984,291.895,7.34679],"pipPosition":[-68.2916,325.705,7.34287],"stabilizedTipPosition":[-91.8305,355.08,7.33946],"timeVisible":0,"tipPosition":[-91.8305,355.08,7.33946],"tipVelocity":[1.19209e-7,1.19209e-7,1.19209e-7],"tool":false,"touchDistance":0.333333,"touchZone":"none","type":1,"width":19.5066},{"bases":[[[-0.777037,-0.512299,0.365737],[0.240946,0.294706,0.924713],[0.581514,-0.806658,0.105562]],[[-0.720417,-0.584135,0.373878],[0.255079,0.278134,0.926054],[0.644929,-0.762514,0.0513718]],[[-0.720417,-0.584135,0.373878],[0.255079,0.278134,0.926054],[0.644929,-0.762514,0.0513718]],[[-0.720417,-0.584135,0.373878],[0.255079,0.278134,0.926054],[0.644929,-0.762514,0.0513718]]],"btipPosition":[-118.278,355.077,15.3882],"carpPosition":[-15.2971,224.94,27.7592],"dipPosition":[-106.056,340.627,16.3617],"direction":[-0.644929,0.762514,-0.0513718],"extended":true,"handId":395,"id":3952,"length":67.574,"mcpPosition":[-56.2119,281.695,20.332],"pipPosition":[-87.561,318.76,17.8349],"stabilizedTipPosition":[-115.467,351.754,15.6121],"timeVisible":0,"tipPosition":[-115.467,351.754,15.6121],"tipVelocity":[1.19209e-7,1.19209e-7,1.19209e-7],"tool":false,"touchDistance":1,"touchZone":"none","type":2,"width":19.1581},{"bases":[[[-0.698931,-0.64617,0.306528],[0.203229,0.231487,0.951374],[0.685707,-0.72724,0.0304731]],[[-0.756514,-0.579726,0.302662],[0.220437,0.209671,0.952599],[0.615706,-0.787373,0.0308265]],[[-0.756514,-0.579726,0.302662],[0.220437,0.209671,0.952599],[0.615706,-0.787373,0.0308265]],[[-0.756514,-0.579726,0.302662],[0.220437,0.209671,0.952599],[0.615706,-0.787373,0.0308265]]],"btipPosition":[-125,337.809,28.2644],"carpPosition":[-25.1391,219.559,33.0205],"dipPosition":[-113.399,322.973,28.8453],"direction":[-0.615706,0.787373,-0.0308265],"extended":true,"handId":395,"id":3953,"length":64.9742,"mcpPosition":[-68.4555,265.499,31.0954],"pipPosition":[-96.198,300.976,29.7065],"stabilizedTipPosition":[-122.332,334.396,28.398],"timeVisible":0,"tipPosition":[-122.332,334.396,28.398],"tipVelocity":[1.19209e-7,1.19209e-7,1.19209e-7],"tool":false,"touchDistance":1,"touchZone":"none","type":3,"width":18.2302},{"bases":[[[-0.638777,-0.755304,0.146559],[0.151822,0.0630007,0.986398],[0.754264,-0.652339,-0.0744287]],[[-0.833147,-0.52879,0.162008],[0.235734,-0.0745531,0.968954],[0.500295,-0.845472,-0.186768]],[[-0.833147,-0.52879,0.162008],[0.125336,0.104783,0.986565],[0.538662,-0.84226,0.0210237]],[[-0.833147,-0.52879,0.162008],[0.125336,0.104783,0.986565],[0.538662,-0.84226,0.0210237]]],"btipPosition":[-117.668,309.445,42.6267],"carpPosition":[-35.7334,209.896,32.3946],"dipPosition":[-108.305,294.804,42.9921],"direction":[-0.538662,0.84226,-0.0210237],"extended":true,"handId":395,"id":3954,"length":50.9386,"mcpPosition":[-79.84,248.042,36.7469],"pipPosition":[-97.6798,278.191,43.4068],"stabilizedTipPosition":[-115.514,306.077,42.7107],"timeVisible":0,"tipPosition":[-115.514,306.077,42.7107],"tipVelocity":[1.19209e-7,1.19209e-7,1.19209e-7],"tool":false,"touchDistance":0.333333,"touchZone":"none","type":4,"width":16.1934}],"r":[[1,1.11022e-17,1.73472e-17],[-1.11022e-17,1,1.11022e-17],[-1.73472e-17,-1.11022e-17,1]],"s":1,"t":[0,0,0],"timestamp":261955029067},{"currentFrameRate":22.6597,"devices":[],"gestures":[],"hands":[{"armBasis":[[-0.808602,-0.552962,-0.200987],[-0.545241,0.575909,0.609132],[0.221077,-0.602131,0.767179]],"armWidth":65.7594,"confidence":0.208695,"direction":[-0.589149,0.805069,0.0690449],"elbow":[66.7639,37.2581,242.637],"grabAngle":0.862287,"grabStrength":0,"id":395,"palmNormal":[0.103245,0.159752,-0.981743],"palmPosition":[-28.8908,267.482,25.9856],"palmVelocity":[438.32,237.791,220.586],"palmWidth":91.7607,"pinchDistance":67.9729,"pinchStrength":0,"r":[[0.994125,-0.0202472,0.106324],[0.0115236,0.996563,0.08203],[-0.107619,-0.0803229,0.990942]],"s":1.04007,"sphereCenter":[-38.3991,295.752,-64.4429],"sphereRadius":97.2176,"stabilizedPalmPosition":[-31.1496,266.257,24.8488],"t":[8.81155,4.78032,4.43444],"timeVisible":0.040206,"type":"left","wrist":[6.56759,201.211,33.744]}],"id":228692,"interactionBox":{"center":[0,200,0],"size":[235.247,235.247,147.751]},"pointables":[{"bases":[[[-0.529789,-0.215666,0.820251],[0.828714,0.0741172,0.554743],[0.180434,-0.97365,-0.139459]],[[-0.557005,0.205867,0.804589],[0.810457,-0.0768601,0.580734],[-0.181395,-0.975557,0.124035]],[[-0.557005,0.205867,0.804589],[0.79548,0.410641,0.44563],[0.238657,-0.888253,0.392492]],[[-0.557005,0.205867,0.804589],[0.797201,-0.139078,0.587476],[-0.232842,-0.968647,0.0866502]]],"btipPosition":[29.1042,338.353,-3.03322],"carpPosition":[22.7798,233.938,19.3047],"dipPosition":[23.413,314.678,-0.915306],"direction":[-0.238657,0.888253,-0.392492],"extended":true,"handId":395,"id":3950,"length":54.4289,"mcpPosition":[22.7798,233.938,19.3047],"pipPosition":[31.9113,283.048,13.0608],"stabilizedTipPosition":[25.941,332.193,-2.17559],"timeVisible":0.040206,"tipPosition":[26.13,332.342,0.214117],"tipVelocity":[1141.8,440.494,-228.151],"tool":false,"touchDistance":0.333333,"touchZone":"hovering","type":0,"width":21.1074},{"bases":[[[-0.888944,-0.427982,-0.163128],[-0.168296,-0.0260269,0.985393],[0.425976,-0.903412,0.0488914]],[[-0.927205,-0.33516,-0.167211],[-0.262921,0.264445,0.927869],[0.266767,-0.904288,0.333315]],[[-0.927205,-0.33516,-0.167211],[-0.349569,0.614015,0.707663],[0.13451,-0.7146,0.686479]],[[-0.927205,-0.33516,-0.167211],[-0.373399,0.862175,0.342386],[-0.0294112,-0.379898,0.924561]]],"btipPosition":[-38.5764,367.248,-14.442],"carpPosition":[7.868,234.829,37.9672],"dipPosition":[-39.1012,360.469,2.05564],"direction":[-0.13451,0.7146,-0.686479],"extended":true,"handId":395,"id":3951,"length":61.4169,"mcpPosition":[-23.7363,301.856,34.3398],"pipPosition":[-35.7058,342.43,19.3844],"stabilizedTipPosition":[-41.9678,365.035,-9.54031],"timeVisible":0.040206,"tipPosition":[-41.2581,365.613,-7.60067],"tipVelocity":[1321.53,263.849,-447.371],"tool":false,"touchDistance":0.333333,"touchZone":"hovering","type":1,"width":20.1617},{"bases":[[[-0.520548,-0.685013,-0.509692],[-0.384289,-0.345104,0.856286],[0.762464,-0.641607,0.0836003]],[[-0.700181,-0.495572,-0.51396],[-0.553127,-0.0786505,0.829376],[0.451439,-0.864998,0.219045]],[[-0.700181,-0.495572,-0.51396],[-0.553127,-0.0786505,0.829376],[0.451439,-0.864998,0.219045]],[[-0.700181,-0.495572,-0.51396],[-0.602265,0.0233637,0.797954],[0.383436,-0.868252,0.314825]]],"btipPosition":[-98.7722,319.268,1.66509],"carpPosition":[-21.3915,216.507,24.7844],"dipPosition":[-91.8698,303.638,7.33245],"direction":[-0.451439,0.864998,-0.219045],"extended":true,"handId":395,"id":3954,"length":52.752,"mcpPosition":[-65.9775,254.026,19.8957],"pipPosition":[-82.6484,285.969,11.8068],"stabilizedTipPosition":[-107.364,310.344,25.0389],"timeVisible":0.040206,"tipPosition":[-99.2518,314.077,8.4151],"tipVelocity":[455.898,238.671,-988.463],"tool":false,"touchDistance":-0.324465,"touchZone":"touching","type":4,"width":16.7373},{"bases":[[[-0.781417,-0.535352,-0.320602],[-0.306767,-0.117836,0.944462],[0.543398,-0.836369,0.0721495]],[[-0.628458,-0.720151,-0.293977],[-0.303165,-0.121276,0.945189],[0.716332,-0.683136,0.142108]],[[-0.628458,-0.720151,-0.293977],[-0.541118,0.133271,0.830319],[0.558777,-0.680897,0.473442]],[[-0.628458,-0.720151,-0.293977],[-0.68623,0.691264,-0.22637],[-0.366236,-0.059471,0.92862]]],"btipPosition":[-87.2931,344.687,-6.8894],"carpPosition":[-3.59376,230.064,37.6259],"dipPosition":[-94.4808,343.52,11.3355],"direction":[-0.558777,0.680897,-0.473442],"extended":true,"handId":395,"id":3952,"length":69.9797,"mcpPosition":[-41.8266,288.91,32.5495],"pipPosition":[-77.8862,323.298,25.3959],"stabilizedTipPosition":[-93.3554,345.638,0.346364],"timeVisible":0.040206,"tipPosition":[-90.5894,347.147,1.97769],"tipVelocity":[659.617,-182.436,-455.398],"tool":false,"touchDistance":1,"touchZone":"none","type":2,"width":19.8015},{"bases":[[[-0.667571,-0.642179,-0.37677],[-0.344333,-0.182385,0.920962],[0.660139,-0.744542,0.0993689]],[[-0.823576,-0.412263,-0.389566],[-0.417401,-0.0245375,0.908391],[0.384055,-0.910734,0.151871]],[[-0.823576,-0.412263,-0.389566],[-0.417401,-0.0245375,0.908391],[0.384055,-0.910734,0.151871]],[[-0.823576,-0.412263,-0.389566],[-0.417401,-0.0245375,0.908391],[0.384055,-0.910734,0.151871]]],"btipPosition":[-92.1829,357.699,13.7502],"carpPosition":[-13.9554,224.049,34.4712],"dipPosition":[-84.6888,339.928,16.7137],"direction":[-0.384055,0.910734,-0.151871],"extended":true,"handId":395,"id":3953,"length":67.2873,"mcpPosition":[-55.6568,271.082,28.1941],"pipPosition":[-73.5776,313.579,21.1075],"stabilizedTipPosition":[-92.7153,352.251,15.4204],"timeVisible":0.040206,"tipPosition":[-95.0601,350.324,16.9902],"tipVelocity":[792.731,477.91,-347.367],"tool":false,"touchDistance":1,"touchZone":"none","type":3,"width":18.8424}],"r":[[0.994125,-0.0202472,0.106324],[0.0115236,0.996563,0.08203],[-0.107619,-0.0803229,0.990942]],"s":1.04007,"t":[8.81155,4.78032,4.43444],"timestamp":261955069273},{"currentFrameRate":24.0287,"devices":[],"gestures":[],"hands":[{"armBasis":[[-0.804243,-0.593999,-0.0189605],[-0.45494,0.594809,0.662746],[0.382392,-0.541634,0.748604]],"armWidth":65.7594,"confidence":0.358903,"direction":[-0.336096,0.940961,-0.040391],"elbow":[139.468,70.7361,241.167],"grabAngle":0.831588,"grabStrength":0,"id":395,"palmNormal":[0.308391,0.069428,-0.948723],"palmPosition":[16.6609,289.987,24.0008],"palmVelocity":[1464.83,723.699,-63.8243],"palmWidth":91.7607,"pinchDistance":65.3492,"pinchStrength":0,"r":[[0.969462,-0.0986955,0.224506],[0.0663559,0.986864,0.147299],[-0.236095,-0.127903,0.963276]],"s":0.983095,"sphereCenter":[22.7978,332.524,16.0757],"sphereRadius":52.8135,"stabilizedPalmPosition":[14.2662,288.799,24.0433],"t":[35.9932,18.4229,5.65929],"timeVisible":0.071303,"type":"left","wrist":[35.3471,218.216,37.3321]}],"id":228693,"interactionBox":{"center":[0,200,0],"size":[235.247,235.247,147.751]},"pointables":[{"bases":[[[-0.699513,-0.0118077,0.714523],[0.709441,-0.13163,0.692363],[-0.0858776,-0.991229,-0.100454]],[[-0.630097,0.321611,0.706784],[0.775447,0.30835,0.551001],[0.0407289,-0.895258,0.443683]],[[-0.630097,0.321611,0.706784],[0.740565,0.522633,0.422397],[0.233541,-0.78957,0.567484]],[[-0.630097,0.321611,0.706784],[0.743082,-0.014477,0.669044],[-0.225404,-0.946761,0.229862]]],"btipPosition":[52.0254,339.254,-21.4173],"carpPosition":[56.8824,242.93,26.7434],"dipPosition":[46.516,316.113,-15.799],"direction":[-0.233541,0.78957,-0.567484],"extended":false,"handId":395,"id":3950,"length":54.4289,"mcpPosition":[56.8824,242.93,26.7434],"pipPosition":[54.8321,287.997,4.4082],"stabilizedTipPosition":[47.0271,333.67,-17.4265],"timeVisible":0.071303,"tipPosition":[54.9753,334.061,-17.208],"tipVelocity":[738.432,32.9095,-565.297],"tool":false,"touchDistance":0.150582,"touchZone":"hovering","type":0,"width":21.1074},{"bases":[[[-0.836632,-0.310507,-0.451255],[-0.482012,0.0259811,0.875779],[0.260212,-0.950216,0.171405]],[[-0.848105,-0.264773,-0.458926],[-0.501116,0.119587,0.857077],[0.17205,-0.956867,0.234105]],[[-0.848105,-0.264773,-0.458926],[-0.501116,0.119587,0.857077],[0.17205,-0.956867,0.234105]],[[-0.848105,-0.264773,-0.458926],[-0.501116,0.119587,0.857077],[0.17205,-0.956867,0.234105]]],"btipPosition":[-7.63823,409.885,4.73178],"carpPosition":[27.817,247.665,40.1233],"dipPosition":[-4.26161,391.106,9.32628],"direction":[-0.17205,0.956867,-0.234105],"extended":true,"handId":395,"id":3952,"length":69.9797,"mcpPosition":[9.50878,314.521,28.0634],"pipPosition":[0.84795,362.689,16.2788],"stabilizedTipPosition":[-14.7059,400.131,5.29496],"timeVisible":0.071303,"tipPosition":[-8.25059,401.406,2.78973],"tipVelocity":[2639.63,1966.35,272.894],"tool":false,"touchDistance":0.385423,"touchZone":"hovering","type":2,"width":19.8015},{"bases":[[[-0.601776,-0.53785,-0.590409],[-0.605522,-0.174779,0.776399],[0.520777,-0.824724,0.220502]],[[-0.728799,-0.270105,-0.629203],[-0.525875,-0.367715,0.766969],[0.438529,-0.889848,-0.125949]],[[-0.728799,-0.270105,-0.629203],[-0.673196,0.114713,0.730512],[0.125137,-0.955973,0.265436]],[[-0.728799,-0.270105,-0.629203],[-0.588914,0.716066,0.374739],[-0.349332,-0.643655,0.680937]]],"btipPosition":[-33.6125,351.181,-1.52267],"carpPosition":[9.30235,238.979,24.4004],"dipPosition":[-39.901,339.594,10.7353],"direction":[-0.125137,0.955973,-0.265436],"extended":true,"handId":395,"id":3954,"length":52.752,"mcpPosition":[-21.1508,287.206,11.5062],"pipPosition":[-37.3449,320.067,16.1573],"stabilizedTipPosition":[-56.4678,337.213,8.32657],"timeVisible":0.071303,"tipPosition":[-34.3229,350.659,-1.85708],"tipVelocity":[1997.81,1056.13,-53.7647],"tool":false,"touchDistance":-0.345431,"touchZone":"touching","type":4,"width":16.7373},{"bases":[[[-0.933705,-0.168625,-0.315849],[-0.331963,0.0771932,0.940128],[0.134148,-0.982653,0.128053]],[[-0.784136,-0.576579,-0.229539],[-0.341515,0.0920833,0.935355],[0.518169,-0.811836,0.269116]],[[-0.784136,-0.576579,-0.229539],[-0.561158,0.500809,0.659008],[0.265015,-0.64556,0.716254]],[[-0.784136,-0.576579,-0.229539],[-0.561158,0.500809,0.659008],[0.265015,-0.64556,0.716254]]],"btipPosition":[-4.68478,386.167,-9.97116],"carpPosition":[39.9362,249.02,42.4653],"dipPosition":[0.0440706,374.648,2.80948],"direction":[-0.265015,0.64556,-0.716254],"extended":true,"handId":395,"id":3951,"length":61.4169,"mcpPosition":[29.9834,321.926,32.9647],"pipPosition":[6.73381,358.352,20.8898],"stabilizedTipPosition":[-5.06785,382.809,-7.12777],"timeVisible":0.071303,"tipPosition":[1.43102,383.765,-7.58889],"tipVelocity":[1128.73,573.331,116.278],"tool":false,"touchDistance":0.336045,"touchZone":"hovering","type":1,"width":20.1617},{"bases":[[[-0.750489,-0.448024,-0.485841],[-0.532014,-0.0265737,0.846319],[0.392082,-0.893626,0.218412]],[[-0.831474,-0.17252,-0.528099],[-0.542227,0.0449675,0.839028],[0.121002,-0.983979,0.130934]],[[-0.831474,-0.17252,-0.528099],[-0.542227,0.0449675,0.839028],[0.121002,-0.983979,0.130934]],[[-0.831474,-0.17252,-0.528099],[-0.121433,0.984015,-0.130266],[-0.54213,0.0441839,0.839132]]],"btipPosition":[-6.48655,374.618,-4.85554],"carpPosition":[16.8498,244.647,35.2134],"dipPosition":[-17.0652,375.48,11.5185],"direction":[-0.121002,0.983979,-0.130934],"extended":true,"handId":395,"id":3953,"length":67.2873,"mcpPosition":[-7.91826,301.097,21.4162],"pipPosition":[-13.5645,347.012,15.3066],"stabilizedTipPosition":[-13.072,373.698,-0.271398],"timeVisible":0.071303,"tipPosition":[-13.5978,379.957,0.577444],"tipVelocity":[2622.1,681.883,-499.126],"tool":false,"touchDistance":0.378117,"touchZone":"hovering","type":3,"width":18.8424}],"r":[[0.969462,-0.0986955,0.224506],[0.0663559,0.986864,0.147299],[-0.236095,-0.127903,0.963276]],"s":0.983095,"t":[35.9932,18.4229,5.65929],"timestamp":261955100370},{"currentFrameRate":26.3853,"devices":[],"gestures":[],"hands":[{"armBasis":[[-0.886708,-0.446666,0.119329],[-0.241072,0.666926,0.705049],[0.394505,-0.596405,0.699047]],"armWidth":65.7594,"confidence":0.451176,"direction":[-0.157053,0.987547,0.00926215],"elbow":[151.519,62.7658,227.36],"grabAngle":0.949673,"grabStrength":0,"id":395,"palmNormal":[0.183726,0.0384308,-0.982226],"palmPosition":[37.183,299.304,26.3999],"palmVelocity":[977.937,443.958,114.325],"palmWidth":91.7607,"pinchDistance":71.1657,"pinchStrength":0,"r":[[0.936859,-0.201372,0.285912],[0.146043,0.968155,0.203342],[-0.317754,-0.148748,0.936433]],"s":0.970312,"sphereCenter":[47.337,339.261,13.6832],"sphereRadius":51.67,"stabilizedPalmPosition":[35.3703,298.473,26.2135],"t":[59.845,29.9024,7.47127],"timeVisible":0.092288,"type":"left","wrist":[44.1007,225.159,37.0187]}],"id":228694,"interactionBox":{"center":[0,200,0],"size":[235.247,235.247,147.751]},"pointables":[{"bases":[[[-0.585442,0.0969393,0.804898],[0.760059,-0.279812,0.586528],[-0.282078,-0.955148,-0.0901343]],[[-0.436294,0.449186,0.779667],[0.885383,0.0597965,0.461001],[-0.160454,-0.891435,0.42379]],[[-0.436294,0.449186,0.779667],[0.87667,0.407418,0.255852],[0.202726,-0.795137,0.571542]],[[-0.436294,0.449186,0.779667],[0.838014,-0.112711,0.53388],[-0.327688,-0.8863,0.327249]]],"btipPosition":[76.7839,340.433,-26.2907],"carpPosition":[67.916,245.581,23.3935],"dipPosition":[68.7745,318.77,-18.292],"direction":[-0.202726,0.795137,-0.571542],"extended":false,"handId":395,"id":3950,"length":54.4289,"mcpPosition":[67.916,245.581,23.3935],"pipPosition":[75.9933,290.456,2.0597],"stabilizedTipPosition":[69.8999,335.129,-23.1823],"timeVisible":0.092288,"tipPosition":[76.5917,336.436,-20.6999],"tipVelocity":[1152.42,72.3881,-206.141],"tool":false,"touchDistance":0.333333,"touchZone":"hovering","type":0,"width":21.1074},{"bases":[[[-0.933403,-0.138004,-0.33123],[-0.344802,0.0893823,0.93441],[0.0993463,-0.98639,0.131014]],[[-0.938556,-0.0487186,-0.341672],[-0.34056,0.291269,0.893969],[-0.0559656,-0.9554,0.289964]],[[-0.938556,-0.0487186,-0.341672],[-0.34056,0.291269,0.893969],[-0.0559656,-0.9554,0.289964]],[[-0.938556,-0.0487186,-0.341672],[-0.34056,0.291269,0.893969],[-0.0559656,-0.9554,0.289964]]],"btipPosition":[40.9302,419.828,2.58434],"carpPosition":[42.3424,255.208,40.7011],"dipPosition":[39.8318,401.077,8.27512],"direction":[0.0559656,0.9554,-0.289964],"extended":true,"handId":395,"id":3952,"length":69.9797,"mcpPosition":[35.3525,324.609,31.4831],"pipPosition":[38.1698,372.703,16.8865],"stabilizedTipPosition":[34.2015,413.716,4.05712],"timeVisible":0.092288,"tipPosition":[35.4519,414.692,6.68636],"tipVelocity":[2265.39,474.088,-90.317],"tool":false,"touchDistance":0.334256,"touchZone":"hovering","type":2,"width":19.8015},{"bases":[[[-0.76625,-0.400673,-0.502317],[-0.51595,-0.0822596,0.85266],[0.382958,-0.912521,0.143696]],[[-0.845198,-0.113109,-0.522347],[-0.508996,-0.127691,0.851245],[0.162983,-0.985343,-0.0503525]],[[-0.845198,-0.113109,-0.522347],[-0.534034,0.217456,0.81702],[-0.0211751,-0.969494,0.244197]],[[-0.845198,-0.113109,-0.522347],[0.0207499,0.969667,-0.243547],[-0.53405,0.216684,0.817214]]],"btipPosition":[2.19996,356.186,1.44273],"carpPosition":[20.5663,250.535,27.6854],"dipPosition":[-7.41382,360.087,16.1539],"direction":[0.0211751,0.969494,-0.244197],"extended":true,"handId":395,"id":3954,"length":52.752,"mcpPosition":[-1.8277,303.896,19.2826],"pipPosition":[-7.84636,340.283,21.1421],"stabilizedTipPosition":[-16.1689,351.397,5.82807],"timeVisible":0.092288,"tipPosition":[-2.25357,362.887,6.39051],"tipVelocity":[1670.13,408.261,168.198],"tool":false,"touchDistance":-0.286277,"touchZone":"touching","type":4,"width":16.7373},{"bases":[[[-0.982944,0.0154173,-0.183257],[-0.180492,0.110208,0.977383],[-0.035265,-0.993789,0.105545]],[[-0.903156,-0.412108,-0.120316],[-0.195389,0.145026,0.969944],[0.382272,-0.899519,0.211503]],[[-0.903156,-0.412108,-0.120316],[-0.195389,0.145026,0.969944],[0.382272,-0.899519,0.211503]],[[-0.903156,-0.412108,-0.120316],[-0.195389,0.145026,0.969944],[0.382272,-0.899519,0.211503]]],"btipPosition":[23.6993,407.088,14.9036],"carpPosition":[54.7058,254.239,41.337],"dipPosition":[30.5205,391.038,18.6775],"direction":[-0.382272,0.899519,-0.211503],"extended":true,"handId":395,"id":3951,"length":61.4169,"mcpPosition":[57.3222,327.971,33.5063],"pipPosition":[40.1701,368.331,24.0165],"stabilizedTipPosition":[20.4997,400.161,12.1721],"timeVisible":0.092288,"tipPosition":[29.018,400.386,9.10028],"tipVelocity":[1375.52,947.319,1086.64],"tool":false,"touchDistance":0.350558,"touchZone":"hovering","type":1,"width":20.1617},{"bases":[[[-0.879944,-0.287998,-0.377831],[-0.407266,0.0478046,0.912058],[0.244609,-0.956437,0.159357]],[[-0.913198,-0.00570385,-0.407476],[-0.403222,0.157417,0.901461],[-0.059002,-0.987516,0.146053]],[[-0.913198,-0.00570385,-0.407476],[-0.403222,0.157417,0.901461],[-0.059002,-0.987516,0.146053]],[[-0.913198,-0.00570385,-0.407476],[0.0586809,0.987641,-0.145335],[-0.403269,0.156631,0.901577]]],"btipPosition":[27.3169,386.416,-1.34225],"carpPosition":[30.4398,254.404,37.3576],"dipPosition":[19.4479,389.472,16.2503],"direction":[0.059002,0.987516,-0.146053],"extended":true,"handId":395,"id":3953,"length":67.2873,"mcpPosition":[14.9878,314.823,27.2909],"pipPosition":[17.7409,360.902,20.4758],"stabilizedTipPosition":[22.4844,386.067,2.47091],"timeVisible":0.092288,"tipPosition":[22.0366,392.781,6.81326],"tipVelocity":[1640.54,586.271,180.774],"tool":false,"touchDistance":0.338194,"touchZone":"hovering","type":3,"width":18.8424}],"r":[[0.936859,-0.201372,0.285912],[0.146043,0.968155,0.203342],[-0.317754,-0.148748,0.936433]],"s":0.970312,"t":[59.845,29.9024,7.47127],"timestamp":261955121355},{"currentFrameRate":28.5116,"devices":[],"gestures":[],"hands":[{"armBasis":[[-0.937485,-0.288626,0.194468],[-0.0731733,0.709749,0.700644],[0.340248,-0.642613,0.686498]],"armWidth":65.7594,"confidence":0.534557,"direction":[-0.0477582,0.994965,0.0881091],"elbow":[148.255,59.521,224.445],"grabAngle":1.36043,"grabStrength":0,"id":395,"palmNormal":[0.0570954,0.0907848,-0.994232],"palmPosition":[56.1923,309.372,31.1598],"palmVelocity":[907.669,480.764,227.28],"palmWidth":91.7607,"pinchDistance":66.5072,"pinchStrength":0.401386,"r":[[0.903405,-0.305284,0.301099],[0.230568,0.93791,0.259158],[-0.36152,-0.164701,0.917702]],"s":0.969845,"sphereCenter":[45.5921,337.784,-31.9965],"sphereRadius":70.8253,"stabilizedPalmPosition":[55.0456,308.772,30.8875],"t":[81.2756,40.6765,10.7572],"timeVisible":0.113231,"type":"left","wrist":[55.6103,234.496,37.5208]}],"id":228695,"interactionBox":{"center":[0,200,0],"size":[235.247,235.247,147.751]},"pointables":[{"bases":[[[-0.461668,0.095867,0.881857],[0.795666,-0.394735,0.459457],[-0.392146,-0.91378,-0.105958]],[[-0.287939,0.420859,0.860214],[0.920935,-0.124643,0.369246],[-0.26262,-0.898522,0.351694]],[[-0.287939,0.420859,0.860214],[0.952162,0.22183,0.210187],[0.102362,-0.879585,0.4646]],[[-0.287939,0.420859,0.860214],[0.932159,-0.0826936,0.352479],[-0.219478,-0.903349,0.368497]]],"btipPosition":[95.2747,351.875,-22.4067],"carpPosition":[80.3348,253.243,20.8482],"dipPosition":[89.9102,329.796,-13.3999],"direction":[-0.102362,0.879585,-0.4646],"extended":false,"handId":395,"id":3950,"length":54.4289,"mcpPosition":[80.3348,253.243,20.8482],"pipPosition":[93.5552,298.475,3.14379],"stabilizedTipPosition":[91.2176,345.432,-20.6681],"timeVisible":0.113231,"tipPosition":[93.1411,345.985,-19.0476],"tipVelocity":[911.958,541.791,196.525],"tool":false,"touchDistance":0.395071,"touchZone":"hovering","type":0,"width":21.1074},{"bases":[[[-0.978,-0.0212905,-0.207517],[-0.208399,0.0553655,0.976476],[0.00930033,-0.998239,0.0585844]],[[-0.96921,0.122192,-0.213777],[-0.179215,0.245314,0.952734],[-0.168859,-0.961712,0.215862]],[[-0.96921,0.122192,-0.213777],[-0.121935,0.516087,0.847812],[-0.213923,-0.847775,0.485298]],[[-0.96921,0.122192,-0.213777],[-0.121935,0.516087,0.847812],[-0.213923,-0.847775,0.485298]]],"btipPosition":[76.8148,424.531,3.10522],"carpPosition":[58.4174,264.068,42.0303],"dipPosition":[72.6164,407.893,12.6296],"direction":[0.213923,0.847775,-0.485298],"extended":true,"handId":395,"id":3952,"length":69.9797,"mcpPosition":[57.763,334.303,37.9084],"pipPosition":[66.2632,382.715,27.0421],"stabilizedTipPosition":[73.0433,420.233,5.21237],"timeVisible":0.113231,"tipPosition":[70.2627,423.015,11.7259],"tipVelocity":[1679.4,247.772,66.9729],"tool":false,"touchDistance":0.334427,"touchZone":"hovering","type":2,"width":19.8015},{"bases":[[[-0.94746,-0.17207,-0.269651],[-0.277338,0.021853,0.960524],[0.159385,-0.984842,0.0684264]],[[-0.959391,0.047298,-0.278086],[-0.186634,0.632776,0.751507],[-0.211511,-0.772889,0.598252]],[[-0.959391,0.047298,-0.278086],[-0.186634,0.632776,0.751507],[-0.211511,-0.772889,0.598252]],[[-0.959391,0.047298,-0.278086],[0.211363,0.773392,-0.597654],[-0.186802,0.632161,0.751983]]],"btipPosition":[55.7288,372.985,-23.9098],"carpPosition":[46.1634,264.682,40.3101],"dipPosition":[52.0838,385.32,-9.23629],"direction":[0.211511,0.772889,-0.598252],"extended":true,"handId":395,"id":3953,"length":67.2873,"mcpPosition":[36.0949,326.895,35.9876],"pipPosition":[45.9645,362.96,8.07187],"stabilizedTipPosition":[22.4844,386.067,2.47091],"timeVisible":0.113231,"tipPosition":[53.8589,380.714,-13.8677],"tipVelocity":[1403.02,-539.404,-1109.63],"tool":false,"touchDistance":0.311711,"touchZone":"hovering","type":3,"width":18.8424},{"bases":[[[-0.863709,-0.286128,-0.414894],[-0.406148,-0.0922712,0.909137],[0.298412,-0.953738,0.0365148]],[[-0.898195,-0.142811,-0.415754],[-0.417896,-0.0160964,0.908352],[0.136415,-0.989619,0.0452224]],[[-0.898195,-0.142811,-0.415754],[-0.417896,-0.0160964,0.908352],[0.136415,-0.989619,0.0452224]],[[-0.898195,-0.142811,-0.415754],[-0.136747,0.989606,-0.044499],[-0.417787,-0.0168845,0.908388]]],"btipPosition":[17.0021,375.345,10.794],"carpPosition":[34.7554,262.51,31.8754],"dipPosition":[9.48127,375.041,27.1465],"direction":[-0.136415,0.989619,-0.0452224],"extended":true,"handId":395,"id":3954,"length":52.752,"mcpPosition":[17.3053,318.281,29.7402],"pipPosition":[12.2678,354.826,28.0702],"stabilizedTipPosition":[7.95118,369.715,12.523],"timeVisible":0.113231,"tipPosition":[18.9366,376.756,18.0265],"tipVelocity":[729.769,868.622,464.535],"tool":false,"touchDistance":0.303017,"touchZone":"touching","type":4,"width":16.7373},{"bases":[[[-0.991088,0.125207,-0.045482],[-0.0386101,0.0567753,0.99764],[-0.127494,-0.990505,0.051435]],[[-0.956206,-0.291983,-0.0203899],[-0.0822633,0.20124,0.976082],[0.280896,-0.935013,0.216446]],[[-0.956206,-0.291983,-0.0203899],[-0.0822633,0.20124,0.976082],[0.280896,-0.935013,0.216446]],[[-0.956206,-0.291983,-0.0203899],[-0.272986,0.864527,0.421986],[0.105585,-0.409072,0.906373]]],"btipPosition":[58.4635,408.187,5.74238],"carpPosition":[70.5825,261.844,40.9069],"dipPosition":[60.3475,400.888,21.9154],"direction":[-0.280896,0.935013,-0.216446],"extended":true,"handId":395,"id":3951,"length":61.4169,"mcpPosition":[80.0416,335.333,37.0908],"pipPosition":[67.4381,377.285,27.3792],"stabilizedTipPosition":[54.9846,405.862,9.73829],"timeVisible":0.113231,"tipPosition":[58.1541,408.297,13.417],"tipVelocity":[1605.72,148.575,-301.265],"tool":false,"touchDistance":0.333333,"touchZone":"hovering","type":1,"width":20.1617}],"r":[[0.903405,-0.305284,0.301099],[0.230568,0.93791,0.259158],[-0.36152,-0.164701,0.917702]],"s":0.969845,"t":[81.2756,40.6765,10.7572],"timestamp":261955142298},{"currentFrameRate":30.4247,"devices":[],"gestures":[],"hands":[{"armBasis":[[-0.963104,-0.173899,0.205403],[0.0125857,0.733272,0.679819],[0.268836,-0.657321,0.704029]],"armWidth":65.7594,"confidence":0.608713,"direction":[0.0416419,0.993933,0.101804],"elbow":[140.412,68.4212,229.475],"grabAngle":1.89377,"grabStrength":0.139435,"id":395,"palmNormal":[0.0343362,0.100409,-0.994354],"palmPosition":[74.5127,321.916,31.8171],"palmVelocity":[874.441,598.704,31.3703],"palmWidth":91.7607,"pinchDistance":53.8295,"pinchStrength":0.607402,"r":[[0.864387,-0.402332,0.301601],[0.312217,0.899626,0.305277],[-0.394151,-0.169712,0.90324]],"s":0.977609,"sphereCenter":[81.691,347.104,-21.2729],"sphereRadius":54.7783,"stabilizedPalmPosition":[73.9185,321.515,31.7887],"t":[101.151,52.3353,12.7288],"timeVisible":0.134182,"type":"left","wrist":[67.2117,247.401,37.7768]}],"id":228696,"interactionBox":{"center":[0,200,0],"size":[235.247,235.247,147.751]},"pointables":[{"bases":[[[-0.424396,0.122209,0.897192],[0.772014,-0.468938,0.429059],[-0.473162,-0.874736,-0.104669]],[[-0.196155,0.466312,0.862598],[0.928108,-0.195599,0.31679],[-0.316447,-0.862725,0.394421]],[[-0.196155,0.466312,0.862598],[0.980572,0.0919002,0.173301],[-0.00153966,-0.879834,0.475279]],[[-0.196155,0.466312,0.862598],[0.972144,0.207575,0.108852],[0.128294,-0.859922,0.49404]]],"btipPosition":[106.206,359.847,-28.8001],"carpPosition":[93.3572,264.069,20.0545],"dipPosition":[109.342,338.829,-16.7247],"direction":[0.00153966,0.879834,-0.475279],"extended":false,"handId":395,"id":3950,"length":54.4289,"mcpPosition":[93.3572,264.069,20.0545],"pipPosition":[109.287,307.499,0.199239],"stabilizedTipPosition":[105.331,354.04,-25.4788],"timeVisible":0.134182,"tipPosition":[110.463,355.559,-21.9513],"tipVelocity":[615.084,392.142,-271.471],"tool":false,"touchDistance":0.319353,"touchZone":"hovering","type":0,"width":21.1074},{"bases":[[[-0.966635,-0.0853929,-0.241507],[-0.244879,0.0313535,0.969046],[0.0751776,-0.995854,0.0512184]],[[-0.969403,-0.0255238,-0.244144],[-0.170302,0.786225,0.594009],[-0.17679,-0.617413,0.766516]],[[-0.969403,-0.0255238,-0.244144],[0.176655,0.618039,-0.766043],[-0.170442,0.785733,0.59462]],[[-0.969403,-0.0255238,-0.244144],[0.176655,0.618039,-0.766043],[-0.170442,0.785733,0.59462]]],"btipPosition":[72.6783,331.783,-27.0773],"carpPosition":[60.921,278.128,40.7314],"dipPosition":[69.3525,347.115,-15.4744],"direction":[0.170442,-0.785733,-0.59462],"extended":false,"handId":395,"id":3953,"length":67.2873,"mcpPosition":[56.1719,341.037,37.4959],"pipPosition":[64.4214,369.847,1.72865],"stabilizedTipPosition":[67.5833,339.755,-22.0539],"timeVisible":0.134182,"tipPosition":[72.5374,342.472,-22.9191],"tipVelocity":[812.51,-1933.71,-184.895],"tool":false,"touchDistance":0.333333,"touchZone":"touching","type":3,"width":18.8424},{"bases":[[[-0.977375,0.211148,-0.0124284],[-0.00299649,0.044931,0.998986],[-0.211492,-0.976421,0.0432817]],[[-0.998619,-0.