{"frames":237,"data":[{"currentFrameRate":24.8738,"devices":[],"gestures":[],"hands":[],"id":229122,"interactionBox":{"center":[0,200,0],"size":[235.247,235.247,147.751]},"pointables":[],"r":[[-0.0794966,-0.728761,-0.680138],[0.446709,0.583909,-0.677865],[0.891141,-0.357712,0.279125]],"s":-5.62558,"t":[894.675,787.691,741.58],"timestamp":261969983866},{"currentFrameRate":24.8701,"devices":[],"gestures":[],"hands":[],"id":229123,"interactionBox":{"center":[0,200,0],"size":[235.247,235.247,147.751]},"pointables":[],"r":[[-0.0794966,-0.728761,-0.680138],[0.446709,0.583909,-0.677865],[0.891141,-0.357712,0.279125]],"s":-5.62558,"t":[894.675,787.691,741.58],"timestamp":261970024102},{"currentFrameRate":24.837,"devices":[],"gestures":[],"hands":[],"id":229124,"interactionBox":{"center":[0,200,0],"size":[235.247,235.247,147.751]},"pointables":[],"r":[[-0.0794966,-0.728761,-0.680138],[0.446709,0.583909,-0.677865],[0.891141,-0.357712,0.279125]],"s":-5.62558,"t":[894.675,787.691,741.58],"timestamp":261970064605},{"currentFrameRate":24.8801,"devices":[],"gestures":[],"hands":[],"id":229125,"interactionBox":{"center":[0,200,0],"size":[235.247,235.247,147.751]},"pointables":[],"r":[[-0.0794966,-0.728761,-0.680138],[0.446709,0.583909,-0.677865],[0.891141,-0.357712,0.279125]],"s":-5.62558,"t":[894.675,787.691,741.58],"timestamp":261970104485},{"currentFrameRate":24.8687,"devices":[],"gestures":[],"hands":[],"id":229126,"interactionBox":{"center":[0,200,0],"size":[235.247,235.247,147.751]},"pointables":[],"r":[[-0.0794966,-0.728761,-0.680138],[0.446709,0.583909,-0.677865],[0.891141,-0.357712,0.279125]],"s":-5.62558,"t":[894.675,787.691,741.58],"timestamp":261970144779},{"currentFrameRate":24.876,"devices":[],"gestures":[],"hands":[{"armBasis":[[0.36459,-0.8751,-0.318236],[0.906988,0.411117,-0.0914114],[0.210827,-0.255309,0.943594]],"armWidth":64.2597,"confidence":0,"direction":[0.427707,0.426385,-0.797034],"elbow":[203.323,84.5641,379.277],"grabAngle":1.38823,"grabStrength":0.245412,"id":397,"palmNormal":[-0.822851,-0.181311,-0.538556],"palmPosition":[165.258,191.214,58.5517],"palmVelocity":[1.19209e-7,1.19209e-7,1.19209e-7],"palmWidth":91.7607,"pinchDistance":57.5205,"pinchStrength":0.0129822,"r":[[1,-1.11022e-17,-2.22045e-17],[1.11022e-17,1,-1.11022e-17],[2.22045e-17,1.11022e-17,1]],"s":1,"sphereCenter":[110.644,184.203,4.45924],"sphereRadius":74.4396,"stabilizedPalmPosition":[165.258,191.214,58.5517],"t":[0,0,0],"timeVisible":0,"type":"right","wrist":[145.917,154.081,122.349]}],"id":229127,"interactionBox":{"center":[0,200,0],"size":[235.247,235.247,147.751]},"pointables":[{"bases":[[[0.969994,-0.111228,0.216195],[-0.100036,0.627877,0.771857],[-0.221596,-0.770324,0.59791]],[[0.993309,0.0180326,0.114068],[-0.106327,0.528282,0.842385],[-0.0450699,-0.848877,0.526665]],[[0.993309,0.0180326,0.114068],[-0.084994,0.782855,0.616372],[-0.0781841,-0.621943,0.77915]],[[0.993309,0.0180326,0.114068],[-0.0617789,0.917491,0.39293],[-0.097571,-0.397349,0.912466]]],"btipPosition":[134.493,257.499,32.1046],"carpPosition":[127.233,184.003,106.944],"dipPosition":[132.19,248.121,53.6404],"direction":[0.0781841,0.621943,-0.77915],"extended":true,"handId":397,"id":3970,"length":52.5578,"mcpPosition":[127.233,184.003,106.944],"pipPosition":[129.502,226.736,80.431],"stabilizedTipPosition":[133.963,255.342,37.0578],"timeVisible":0,"tipPosition":[133.963,255.342,37.0578],"tipVelocity":[1.19209e-7,1.19209e-7,1.19209e-7],"tool":false,"touchDistance":1,"touchZone":"none","type":0,"width":20.4215},{"bases":[[[0.135134,-0.958183,-0.252239],[0.929524,0.0344412,0.367149],[-0.343108,-0.284077,0.895308]],[[0.140357,-0.953733,-0.265881],[0.988572,0.149913,-0.015886],[0.05501,-0.260613,0.963875]],[[0.140357,-0.953733,-0.265881],[0.765924,0.274762,-0.581262],[0.627423,-0.12206,0.769053]],[[0.140357,-0.953733,-0.265881],[0.449868,0.30065,-0.840969],[0.881997,-0.00157515,0.471252]]],"btipPosition":[147.377,198.371,-33.0898],"carpPosition":[162.328,165.243,97.2618],"dipPosition":[163.995,198.341,-24.2104],"direction":[-0.627423,0.12206,-0.769053],"extended":false,"handId":397,"id":3973,"length":64.9742,"mcpPosition":[184.002,183.189,40.7047],"pipPosition":[181.523,194.931,-2.72563],"stabilizedTipPosition":[151.199,198.364,-31.0476],"timeVisible":0,"tipPosition":[151.199,198.364,-31.0476],"tipVelocity":[1.19209e-7,1.19209e-7,1.19209e-7],"tool":false,"touchDistance":1,"touchZone":"none","type":3,"width":18.2302},{"bases":[[[-0.0609397,-0.977053,-0.204095],[0.905238,-0.140244,0.401093],[-0.420512,-0.160312,0.893012]],[[-0.0420578,-0.968898,-0.243859],[0.999115,-0.0408457,-0.0100274],[-0.000245006,-0.244065,0.969759]],[[-0.0420578,-0.968898,-0.243859],[0.794509,0.115557,-0.596156],[0.605794,-0.218821,0.764939]],[[-0.0420578,-0.968898,-0.243859],[0.484434,0.19369,-0.853116],[0.873816,-0.154014,0.461221]]],"btipPosition":[157.061,177.321,-18.0982],"carpPosition":[159.6,152.251,91.8075],"dipPosition":[172.25,174.644,-10.0808],"direction":[-0.605794,0.218821,-0.764939],"extended":false,"handId":397,"id":3974,"length":50.9386,"mcpPosition":[184.19,161.625,39.5875],"pipPosition":[184.199,170.328,5.00715],"stabilizedTipPosition":[160.554,176.706,-16.2542],"timeVisible":0,"tipPosition":[160.554,176.706,-16.2542],"tipVelocity":[1.19209e-7,1.19209e-7,1.19209e-7],"tool":false,"touchDistance":1,"touchZone":"none","type":4,"width":16.1934},{"bases":[[[0.440644,-0.802013,-0.403247],[0.866974,0.263729,0.42285],[-0.232784,-0.535932,0.811535]],[[0.406697,-0.864798,-0.294487],[0.912843,0.39748,0.0934175],[0.0362654,-0.306813,0.951079]],[[0.406697,-0.864798,-0.294487],[0.760661,0.499079,-0.415108],[0.505957,-0.0551813,0.860792]],[[0.406697,-0.864798,-0.294487],[0.532291,0.486294,-0.692953],[0.742472,0.125069,0.658098]]],"btipPosition":[141.691,237.217,-26.9984],"carpPosition":[151.117,184.972,106.739],"dipPosition":[154.484,239.372,-15.6591],"direction":[-0.505957,0.0551813,-0.860792],"extended":true,"handId":397,"id":3971,"length":59.3056,"mcpPosition":[168.388,224.734,46.5295],"pipPosition":[166.817,238.027,5.32277],"stabilizedTipPosition":[144.634,237.713,-24.3904],"timeVisible":0,"tipPosition":[144.634,237.713,-24.3904],"tipVelocity":[1.19209e-7,1.19209e-7,1.19209e-7],"tool":false,"touchDistance":1,"touchZone":"none","type":1,"width":19.5066},{"bases":[[[0.250845,-0.900175,-0.356036],[0.923668,0.112512,0.366304],[-0.289679,-0.420745,0.859686]],[[0.234846,-0.92157,-0.309121],[0.971299,0.234835,0.0378126],[0.0377457,-0.30913,0.950271]],[[0.234846,-0.92157,-0.309121],[0.790002,0.366246,-0.491692],[0.566343,-0.128734,0.814053]],[[0.234846,-0.92157,-0.309121],[0.513437,0.387639,-0.765583],[0.825366,0.0210799,0.564204]]],"btipPosition":[144.821,223.813,-38.6853],"carpPosition":[158.157,175.891,102.03],"dipPosition":[160.462,224.212,-27.993],"direction":[-0.566343,0.128734,-0.814053],"extended":true,"handId":397,"id":3972,"length":67.574,"mcpPosition":[178.538,205.494,41.5432],"pipPosition":[176.704,220.52,-4.64816],"stabilizedTipPosition":[148.418,223.904,-36.2261],"timeVisible":0,"tipPosition":[148.418,223.904,-36.2261],"tipVelocity":[1.19209e-7,1.19209e-7,1.19209e-7],"tool":false,"touchDistance":0.989942,"touchZone":"hovering","type":2,"width":19.1581}],"r":[[1,-1.11022e-17,-2.22045e-17],[1.11022e-17,1,-1.11022e-17],[2.22045e-17,1.11022e-17,1]],"s":1,"t":[0,0,0],"timestamp":261970184925},{"currentFrameRate":24.8794,"devices":[],"gestures":[],"hands":[{"armBasis":[[0.380679,-0.780103,-0.496511],[0.915701,0.392779,0.0849527],[0.128747,-0.486995,0.863863]],"armWidth":65.7594,"confidence":0.208508,"direction":[0.426752,0.439582,-0.790349],"elbow":[182.333,32.0589,344.401],"grabAngle":0.880865,"grabStrength":0,"id":397,"palmNormal":[-0.810808,-0.201137,-0.549668],"palmPosition":[167.287,204.969,47.0534],"palmVelocity":[50.4931,342.423,-286.248],"palmWidth":91.7607,"pinchDistance":62.5813,"pinchStrength":0,"r":[[0.999983,0.00519954,0.00260457],[-0.00520084,0.999986,0.000490486],[-0.00260199,-0.000504024,0.999996]],"s":1.02797,"sphereCenter":[75.7712,188.432,-27.6536],"sphereRadius":119.144,"stabilizedPalmPosition":[166.129,197.117,53.6169],"t":[1.01413,6.87739,-5.74915],"timeVisible":0.040169,"type":"right","wrist":[147.277,164.661,109.183]}],"id":229128,"interactionBox":{"center":[0,200,0],"size":[235.247,235.247,147.751]},"pointables":[{"bases":[[[0.969679,-0.0865768,0.228534],[-0.126336,0.622909,0.772026],[-0.209196,-0.777489,0.593083]],[[0.98845,0.0133778,0.150958],[-0.138162,0.488886,0.861337],[-0.0622783,-0.872245,0.485087]],[[0.98845,0.0133778,0.150958],[-0.0978791,0.816833,0.568511],[-0.115702,-0.57672,0.808707]],[[0.98845,0.0133778,0.150958],[-0.0657115,0.935422,0.347372],[-0.136562,-0.35328,0.925497]]],"btipPosition":[139.431,269.717,19.0908],"carpPosition":[128.838,196.637,94.9282],"dipPosition":[136.093,261.082,41.7118],"direction":[0.115702,0.57672,-0.808707],"extended":true,"handId":397,"id":3970,"length":54.4289,"mcpPosition":[128.838,196.637,94.9282],"pipPosition":[131.973,240.546,70.5087],"stabilizedTipPosition":[135.623,259.717,32.5503],"timeVisible":0.040169,"tipPosition":[135.578,268.181,25.069],"tipVelocity":[117.007,308.416,-317.763],"tool":false,"touchDistance":1,"touchZone":"none","type":0,"width":21.1074},{"bases":[[[0.466558,-0.789159,-0.399441],[0.854266,0.284997,0.43475],[-0.229247,-0.544064,0.807118]],[[0.425366,-0.863979,-0.269452],[0.895615,0.35904,0.262611],[-0.130146,-0.353031,0.926516]],[[0.425366,-0.863979,-0.269452],[0.88365,0.460807,-0.0825848],[0.195517,-0.202973,0.959466]],[[0.425366,-0.863979,-0.269452],[0.801863,0.497833,-0.33042],[0.419618,-0.0755148,0.904554]]],"btipPosition":[163.115,260.903,-46.7767],"carpPosition":[152.69,198.226,95.0375],"dipPosition":[170.603,259.556,-30.6361],"direction":[-0.195517,0.202973,-0.959466],"extended":true,"handId":397,"id":3971,"length":61.4169,"mcpPosition":[169.698,238.592,35.1552],"pipPosition":[175.538,254.432,-6.41639],"stabilizedTipPosition":[161.903,257.271,-40.3525],"timeVisible":0.040169,"tipPosition":[159.533,257.856,-41.0277],"tipVelocity":[502.961,569.611,-464.886],"tool":false,"touchDistance":0.803953,"touchZone":"hovering","type":1,"width":20.1617},{"bases":[[[0.278783,-0.892353,-0.354946],[0.915604,0.135463,0.378575],[-0.289741,-0.43053,0.854807]],[[0.259473,-0.918313,-0.298955],[0.95331,0.194022,0.231422],[-0.154514,-0.345045,0.92578]],[[0.259473,-0.918313,-0.298955],[0.946117,0.303814,-0.112073],[0.193745,-0.253767,0.947663]],[[0.259473,-0.918313,-0.298955],[0.854616,0.362507,-0.37178],[0.449784,-0.159025,0.878866]]],"btipPosition":[173.607,247.663,-61.741],"carpPosition":[160.024,189.345,90.3976],"dipPosition":[182.434,244.542,-44.4925],"direction":[-0.193745,0.253767,-0.947663],"extended":true,"handId":397,"id":3972,"length":69.9797,"mcpPosition":[180.41,219.637,30.2544],"pipPosition":[188.188,237.006,-16.3486],"stabilizedTipPosition":[171.763,243.666,-54.7072],"timeVisible":0.040169,"tipPosition":[170.365,244.933,-55.6659],"tipVelocity":[677.598,573.599,-536.429],"tool":false,"touchDistance":0.34672,"touchZone":"hovering","type":2,"width":19.8015},{"bases":[[[0.163286,-0.953638,-0.252807],[0.923479,0.0575689,0.379305],[-0.347166,-0.295397,0.890065]],[[0.17538,-0.942673,-0.283917],[0.973892,0.123897,0.19022],[-0.144138,-0.309865,0.939791]],[[0.17538,-0.942673,-0.283917],[0.954822,0.233142,-0.18428],[0.239909,-0.238771,0.940974]],[[0.17538,-0.942673,-0.283917],[0.841211,0.293312,-0.454238],[0.511474,-0.15917,0.844428]]],"btipPosition":[176.267,221.956,-58.1212],"carpPosition":[164.532,178.823,85.6583],"dipPosition":[186.247,218.85,-41.6438],"direction":[-0.239909,0.238771,-0.940974],"extended":true,"handId":397,"id":3973,"length":67.2873,"mcpPosition":[186.463,197.483,29.4324],"pipPosition":[193.188,211.942,-14.4203],"stabilizedTipPosition":[174.145,217.549,-50.5728],"timeVisible":0.040169,"tipPosition":[173.429,219.294,-51.8805],"tipVelocity":[681.213,569.531,-579.647],"tool":false,"touchDistance":0.348913,"touchZone":"hovering","type":3,"width":18.8424},{"bases":[[[-0.0328375,-0.977733,-0.207266],[0.90331,-0.117783,0.412502],[-0.427729,-0.17368,0.887064]],[[0.00634158,-0.957799,-0.28737],[0.978673,-0.0530621,0.198452],[-0.205325,-0.2825,0.937035]],[[0.00634158,-0.957799,-0.28737],[0.965664,0.080503,-0.247005],[0.259715,-0.275937,0.925423]],[[0.00634158,-0.957799,-0.28737],[0.850853,0.156149,-0.501664],[0.525366,-0.241328,0.815936]]],"btipPosition":[180.046,196.348,-39.9297],"carpPosition":[162.214,165.779,80.1371],"dipPosition":[189.504,192.004,-25.2415],"direction":[-0.259715,0.275937,-0.925423],"extended":true,"handId":397,"id":3974,"length":52.752,"mcpPosition":[187.226,175.935,28.2648],"pipPosition":[194.809,186.367,-6.33818],"stabilizedTipPosition":[178.211,191.898,-32.795],"timeVisible":0.040169,"tipPosition":[176.669,193.892,-33.9076],"tipVelocity":[539.399,464.118,-505.295],"tool":false,"touchDistance":0.361139,"touchZone":"hovering","type":4,"width":16.7373}],"r":[[0.999983,0.00519954,0.00260457],[-0.00520084,0.999986,0.000490486],[-0.00260199,-0.000504024,0.999996]],"s":1.02797,"t":[1.01413,6.87739,-5.74915],"timestamp":261970225094},{"currentFrameRate":25.9207,"devices":[],"gestures":[],"hands":[{"armBasis":[[0.393123,-0.683217,-0.615361],[0.913774,0.364774,0.178766],[0.102332,-0.632578,0.767707]],"armWidth":65.7594,"confidence":0.359022,"direction":[0.486369,0.48742,-0.725167],"elbow":[174.525,-0.195004,301.059],"grabAngle":0.679749,"grabStrength":0,"id":397,"palmNormal":[-0.774702,-0.14326,-0.615884],"palmPosition":[171.057,217.393,35.1492],"palmVelocity":[120.999,398.702,-382.034],"palmWidth":91.7607,"pinchDistance":63.8596,"pinchStrength":0,"r":[[0.999823,0.00514259,0.0180819],[-0.0054277,0.999861,0.0157545],[-0.0179983,-0.0158499,0.999712]],"s":1.06715,"sphereCenter":[67.5815,203.315,-62.5015],"sphereRadius":144.921,"stabilizedPalmPosition":[168.781,208.029,43.6776],"t":[3.40635,16.5279,-14.5758],"timeVisible":0.071329,"type":"right","wrist":[146.662,172.048,92.0228]}],"id":229129,"interactionBox":{"center":[0,200,0],"size":[235.247,235.247,147.751]},"pointables":[{"bases":[[[0.950422,-0.123351,0.285451],[-0.168558,0.567042,0.806257],[-0.261316,-0.8144,0.518138]],[[0.971207,-0.0441691,0.234107],[-0.192784,0.431629,0.88121],[-0.13997,-0.900969,0.410686]],[[0.971207,-0.0441691,0.234107],[-0.124265,0.744477,0.655982],[-0.203261,-0.666186,0.717552]],[[0.971207,-0.0441691,0.234107],[-0.0731389,0.879931,0.469438],[-0.226733,-0.473044,0.851365]]],"btipPosition":[149.144,287.011,12.5691],"carpPosition":[129.319,206.372,79.6033],"dipPosition":[143.603,275.449,33.3782],"direction":[0.203261,0.666186,-0.717552],"extended":true,"handId":397,"id":3970,"length":54.4289,"mcpPosition":[129.319,206.372,79.6033],"pipPosition":[136.365,251.727,58.9292],"stabilizedTipPosition":[145.263,279.108,20.5897],"timeVisible":0.071329,"tipPosition":[143.29,283.077,16.2229],"tipVelocity":[295.454,533.413,-222.671],"tool":false,"touchDistance":1,"touchZone":"none","type":0,"width":21.1074},{"bases":[[[0.480008,-0.767268,-0.425313],[0.82719,0.234406,0.510696],[-0.292144,-0.596953,0.747194]],[[0.42622,-0.853992,-0.298386],[0.849355,0.264263,0.456903],[-0.311339,-0.448177,0.837977]],[[0.42622,-0.853992,-0.298386],[0.903979,0.38967,0.17601],[-0.0340394,-0.344754,0.938076]],[[0.42622,-0.853992,-0.298386],[0.89229,0.451156,-0.016662],[0.148848,-0.259145,0.9543]]],"btipPosition":[186.978,285.177,-52.3254],"carpPosition":[153.13,207.451,81.418],"dipPosition":[189.634,280.553,-35.2971],"direction":[0.0340394,0.344754,-0.938076],"extended":true,"handId":397,"id":3971,"length":61.4169,"mcpPosition":[174.805,251.741,25.9816],"pipPosition":[188.775,271.85,-11.6173],"stabilizedTipPosition":[185.366,281.79,-47.7117],"timeVisible":0.071329,"tipPosition":[179.467,280.687,-48.7108],"tipVelocity":[730.153,754.807,-171.518],"tool":false,"touchDistance":0.350503,"touchZone":"hovering","type":1,"width":20.1617},{"bases":[[[0.288029,-0.869508,-0.401242],[0.889818,0.0881528,0.44772],[-0.353925,-0.485989,0.799094]],[[0.256734,-0.907854,-0.331495],[0.907471,0.108421,0.405884],[-0.332543,-0.405026,0.851686]],[[0.256734,-0.907854,-0.331495],[0.966298,0.234425,0.106361],[-0.01885,-0.347629,0.937443]],[[0.256734,-0.907854,-0.331495],[0.937547,0.317238,-0.142705],[0.234718,-0.274155,0.932602]]],"btipPosition":[198.215,269.07,-68.6138],"carpPosition":[160.62,198.783,76.6263],"dipPosition":[202.822,263.689,-50.3107],"direction":[0.01885,0.347629,-0.937443],"extended":true,"handId":397,"id":3972,"length":69.9797,"mcpPosition":[185.522,232.977,20.4028],"pipPosition":[202.262,253.365,-22.4703],"stabilizedTipPosition":[196.766,265.629,-63.5198],"timeVisible":0.071329,"tipPosition":[190.759,266.32,-64.143],"tipVelocity":[758.594,670.315,-212.78],"tool":false,"touchDistance":0.332798,"touchZone":"hovering","type":2,"width":19.8015},{"bases":[[[0.164903,-0.935703,-0.311877],[0.896387,0.0102679,0.443154],[-0.411458,-0.35264,0.840445]],[[0.172933,-0.928614,-0.328284],[0.931527,0.0459408,0.360757],[-0.319923,-0.368192,0.872974]],[[0.172933,-0.928614,-0.328284],[0.984759,0.169295,0.0398683],[0.0185545,-0.330175,0.943737]],[[0.172933,-0.928614,-0.328284],[0.945867,0.249519,-0.207549],[0.274646,-0.274621,0.921495]]],"btipPosition":[200.296,242.914,-67.6858],"carpPosition":[165.272,188.546,71.425],"dipPosition":[205.655,237.555,-49.7047],"direction":[-0.0185545,0.330175,-0.943737],"extended":true,"handId":397,"id":3973,"length":67.2873,"mcpPosition":[191.264,210.822,18.3336],"pipPosition":[206.192,228.003,-22.4012],"stabilizedTipPosition":[198.287,238.825,-62.0139],"timeVisible":0.071329,"tipPosition":[193.043,240.282,-62.7016],"tipVelocity":[737.041,655.957,-295.852],"tool":false,"touchDistance":0.332238,"touchZone":"hovering","type":3,"width":18.8424},{"bases":[[[-0.0342177,-0.958976,-0.281415],[0.871227,-0.166589,0.461749],[-0.489687,-0.229376,0.841186]],[[-0.00900114,-0.945918,-0.324282],[0.928998,-0.127897,0.347283],[-0.369976,-0.298131,0.879906]],[[-0.00900114,-0.945918,-0.324282],[0.999892,-0.00474604,-0.0139101],[0.0116188,-0.324372,0.945858]],[[-0.00900114,-0.945918,-0.324282],[0.964328,0.0775869,-0.253085],[0.264557,-0.314992,0.911476]]],"btipPosition":[200.425,212.712,-52.6082],"carpPosition":[163.128,175.993,64.8034],"dipPosition":[205.188,207.042,-36.2002],"direction":[-0.0116188,0.324372,-0.945858],"extended":true,"handId":397,"id":3974,"length":52.752,"mcpPosition":[191.763,189.406,15.6139],"pipPosition":[205.425,200.416,-16.8794],"stabilizedTipPosition":[197.145,207.745,-45.8231],"timeVisible":0.071329,"tipPosition":[193.053,211.778,-47.1037],"tipVelocity":[619.368,515.378,-394.191],"tool":false,"touchDistance":0.329819,"touchZone":"hovering","type":4,"width":16.7373}],"r":[[0.999823,0.00514259,0.0180819],[-0.0054277,0.999861,0.0157545],[-0.0179983,-0.0158499,0.999712]],"s":1.06715,"t":[3.40635,16.5279,-14.5758],"timestamp":261970256254},{"currentFrameRate":27.4441,"devices":[],"gestures":[],"hands":[{"armBasis":[[0.392925,-0.65653,-0.643877],[0.912768,0.363463,0.186411],[0.111641,-0.660956,0.742073]],"armWidth":65.7594,"confidence":0.472288,"direction":[0.543499,0.500678,-0.673743],"elbow":[177.04,2.27592,279.651],"grabAngle":0.584451,"grabStrength":0,"id":397,"palmNormal":[-0.734825,-0.104196,-0.670205],"palmPosition":[174.918,229.111,23.986],"palmVelocity":[148.211,449.807,-428.479],"palmWidth":91.7607,"pinchDistance":65.1942,"pinchStrength":0,"r":[[0.999047,0.00017723,0.0436407],[-0.00170762,0.999385,0.0350333],[-0.0436076,-0.0350744,0.998433]],"s":1.10731,"sphereCenter":[73.8405,217.38,-88.8433],"sphereRadius":154.906,"stabilizedPalmPosition":[171.939,218.875,33.5469],"t":[6.53314,27.2125,-24.5707],"timeVisible":0.097382,"type":"right","wrist":[146.642,182.246,77.5938]}],"id":229130,"interactionBox":{"center":[0,200,0],"size":[235.247,235.247,147.751]},"pointables":[{"bases":[[[0.926578,-0.154901,0.342722],[-0.210037,0.542792,0.81318],[-0.311989,-0.825459,0.470405]],[[0.950095,-0.0829097,0.300742],[-0.242125,0.411908,0.878469],[-0.196712,-0.907446,0.371277]],[[0.950095,-0.0829097,0.300742],[-0.163044,0.689922,0.705283],[-0.265963,-0.71912,0.641973]],[[0.950095,-0.0829097,0.300742],[-0.115092,0.802874,0.584933],[-0.289955,-0.590355,0.753264]]],"btipPosition":[156.557,303.254,5.21664],"carpPosition":[130.097,217.537,65.1779],"dipPosition":[149.47,288.825,23.628],"direction":[0.265963,0.71912,-0.641973],"extended":true,"handId":397,"id":3970,"length":54.4289,"mcpPosition":[130.097,217.537,65.1779],"pipPosition":[140,263.218,46.4877],"stabilizedTipPosition":[152.903,295.573,11.7844],"timeVisible":0.097382,"tipPosition":[150.9,296.844,6.43181],"tipVelocity":[270.883,598.132,-303.38],"tool":false,"touchDistance":1,"touchZone":"none","type":0,"width":21.1074},{"bases":[[[0.491253,-0.763075,-0.419984],[0.796068,0.197663,0.572019],[-0.353478,-0.615342,0.704562]],[[0.420882,-0.859996,-0.288558],[0.799939,0.201878,0.565105],[-0.427734,-0.468671,0.772911]],[[0.420882,-0.859996,-0.288558],[0.883474,0.316469,0.345428],[-0.205747,-0.400318,0.89298]],[[0.420882,-0.859996,-0.288558],[0.906463,0.386669,0.169741],[-0.0343999,-0.333008,0.942296]]],"btipPosition":[204.977,300.734,-57.717],"carpPosition":[153.752,218.005,68.5914],"dipPosition":[204.363,294.792,-40.903],"direction":[0.205747,0.400318,-0.89298],"extended":true,"handId":397,"id":3971,"length":61.4169,"mcpPosition":[179.978,263.658,16.318],"pipPosition":[199.17,284.687,-18.3616],"stabilizedTipPosition":[203.445,298.112,-53.4112],"timeVisible":0.097382,"tipPosition":[195.242,296.528,-55.7988],"tipVelocity":[662.007,585.521,-208.842],"tool":false,"touchDistance":0.332447,"touchZone":"hovering","type":1,"width":20.1617},{"bases":[[[0.296024,-0.861636,-0.412254],[0.859706,0.0522532,0.50811],[-0.416264,-0.50483,0.756221]],[[0.251707,-0.908927,-0.332408],[0.861435,0.0538686,0.505003],[-0.441104,-0.41346,0.796541]],[[0.251707,-0.908927,-0.332408],[0.956478,0.181237,0.228699],[-0.147627,-0.375506,0.914987]],[[0.251707,-0.908927,-0.332408],[0.962901,0.269723,-0.00839245],[0.0972862,-0.317963,0.943098]]],"btipPosition":[215.331,283.061,-74.991],"carpPosition":[161.363,209.336,63.9957],"dipPosition":[217.24,276.82,-56.4819],"direction":[0.147627,0.375506,-0.914987],"extended":true,"handId":397,"id":3972,"length":69.9797,"mcpPosition":[190.651,244.855,10.7888],"pipPosition":[212.856,265.668,-29.3084],"stabilizedTipPosition":[214.192,280.297,-70.1347],"timeVisible":0.097382,"tipPosition":[205.937,281.135,-71.6391],"tipVelocity":[633.153,529.414,-242.959],"tool":false,"touchDistance":0.331683,"touchZone":"hovering","type":2,"width":19.8015},{"bases":[[[0.165885,-0.928005,-0.333599],[0.864951,-0.0255598,0.501206],[-0.473648,-0.371689,0.798439]],[[0.165786,-0.928083,-0.333433],[0.88857,-0.00607,0.458701],[-0.427736,-0.372325,0.82366]],[[0.165786,-0.928083,-0.333433],[0.978765,0.113518,0.170683],[-0.120557,-0.354649,0.927195]],[[0.165786,-0.928083,-0.333433],[0.980078,0.192559,-0.0486681],[0.109374,-0.318722,0.941517]]],"btipPosition":[217.371,256.511,-75.3193],"carpPosition":[166.138,199.178,58.749],"dipPosition":[219.505,250.292,-56.9474],"direction":[0.120557,0.354649,-0.927195],"extended":true,"handId":397,"id":3973,"length":67.2873,"mcpPosition":[196.059,222.658,8.31119],"pipPosition":[216.018,240.032,-30.1225],"stabilizedTipPosition":[215.626,253.224,-70.0564],"timeVisible":0.097382,"tipPosition":[207.957,254.904,-71.2586],"tipVelocity":[626.928,514.32,-289.547],"tool":false,"touchDistance":0.331161,"touchZone":"hovering","type":3,"width":18.8424},{"bases":[[[-0.0352602,-0.947722,-0.317144],[0.834956,-0.202324,0.511775],[-0.549186,-0.246756,0.79844]],[[-0.0245517,-0.942733,-0.332643],[0.880669,-0.177862,0.439075],[-0.473095,-0.282168,0.834603]],[[-0.0245517,-0.942733,-0.332643],[0.990065,-0.0690109,0.122507],[-0.138448,-0.32633,0.935062]],[[-0.0245517,-0.942733,-0.332643],[0.994356,0.0113261,-0.10549],[0.103217,-0.333355,0.937134]]],"btipPosition":[214.734,224.429,-61.9239],"carpPosition":[164.18,186.913,51.5564],"dipPosition":[216.593,218.428,-45.054],"direction":[0.138448,0.32633,-0.935062],"extended":true,"handId":397,"id":3974,"length":52.752,"mcpPosition":[196.294,201.343,4.86659],"pipPosition":[213.764,211.763,-25.9538],"stabilizedTipPosition":[211.43,219.879,-55.5127],"timeVisible":0.097382,"tipPosition":[205.668,225.078,-57.1251],"tipVelocity":[523.585,446.825,-353.489],"tool":false,"touchDistance":0.329335,"touchZone":"hovering","type":4,"width":16.7373}],"r":[[0.999047,0.00017723,0.0436407],[-0.00170762,0.999385,0.0350333],[-0.0436076,-0.0350744,0.998433]],"s":1.10731,"t":[6.53314,27.2125,-24.5707],"timestamp":261970282307},{"currentFrameRate":29.4593,"devices":[],"gestures":[],"hands":[{"armBasis":[[0.390931,-0.647481,-0.654172],[0.915309,0.348271,0.202277],[0.0968591,-0.677847,0.728795]],"armWidth":65.7594,"confidence":0.553595,"direction":[0.59008,0.499842,-0.634005],"elbow":[173.032,6.69294,266.384],"grabAngle":0.564262,"grabStrength":0,"id":397,"palmNormal":[-0.70285,-0.0683564,-0.708046],"palmPosition":[178.43,238.558,16.8258],"palmVelocity":[167.38,450.222,-341.241],"palmWidth":91.7607,"pinchDistance":65.9813,"pinchStrength":0,"r":[[0.997217,-0.0100684,0.0738727],[0.00599135,0.998457,0.0552052],[-0.0743146,-0.054609,0.995739]],"s":1.14211,"sphereCenter":[91.6413,232.187,-98.1616],"sphereRadius":147.991,"stabilizedPalmPosition":[175.012,228.193,25.631],"t":[9.8526,37.2783,-33.1483],"timeVisible":0.118365,"type":"right","wrist":[146.659,191.262,67.9424]}],"id":229131,"interactionBox":{"center":[0,200,0],"size":[235.247,235.247,147.751]},"pointables":[{"bases":[[[0.903644,-0.188761,0.384444],[-0.235668,0.53037,0.814351],[-0.357615,-0.826485,0.434781]],[[0.928455,-0.124685,0.349893],[-0.277038,0.395029,0.875901],[-0.24743,-0.910168,0.332224]],[[0.928455,-0.124685,0.349893],[-0.185581,0.660273,0.727736],[-0.321763,-0.740603,0.589894]],[[0.928455,-0.124685,0.349893],[-0.134207,0.765737,0.628996],[-0.346353,-0.630952,0.694218]]],"btipPosition":[163.679,314.964,0.765155],"carpPosition":[131.3,227.352,55.4628],"dipPosition":[155.213,299.542,17.7333],"direction":[0.321763,0.740603,-0.589894],"extended":true,"handId":397,"id":3970,"length":54.4289,"mcpPosition":[131.3,227.352,55.4628],"pipPosition":[143.756,273.17,38.7385],"stabilizedTipPosition":[159.807,307.963,6.21927],"timeVisible":0.118365,"tipPosition":[157.768,307.848,0.345084],"tipVelocity":[324.283,547.182,-227.967],"tool":false,"touchDistance":1,"touchZone":"none","type":0,"width":21.1074},{"bases":[[[0.490686,-0.767233,-0.413014],[0.77147,0.162199,0.615245],[-0.405046,-0.62052,0.671486]],[[0.408341,-0.86777,-0.283254],[0.758344,0.149764,0.634417],[-0.508107,-0.473863,0.719223]],[[0.408341,-0.86777,-0.283254],[0.861124,0.263243,0.434936],[-0.30286,-0.421519,0.85475]],[[0.408341,-0.86777,-0.283254],[0.905509,0.345851,0.245848],[-0.115375,-0.356879,0.926998]]],"btipPosition":[217.311,311.379,-60.1537],"carpPosition":[154.758,227.071,60.0538],"dipPosition":[215.253,305.011,-43.6126],"direction":[0.30286,0.421519,-0.85475],"extended":true,"handId":397,"id":3971,"length":61.4169,"mcpPosition":[184.809,273.109,10.2344],"pipPosition":[207.608,294.371,-22.0362],"stabilizedTipPosition":[215.841,309.036,-56.1306],"timeVisible":0.118365,"tipPosition":[206.741,307.618,-59.5521],"tipVelocity":[571.984,502.639,-119.117],"tool":false,"touchDistance":0.332593,"touchZone":"hovering","type":1,"width":20.1617},{"bases":[[[0.292697,-0.860348,-0.417289],[0.83424,0.0164914,0.551156],[-0.467304,-0.509441,0.722563]],[[0.240841,-0.910064,-0.337312],[0.823481,0.00766327,0.567292],[-0.513687,-0.414397,0.751266]],[[0.240841,-0.910064,-0.337312],[0.943795,0.138538,0.300099],[-0.226379,-0.390629,0.892279]],[[0.240841,-0.910064,-0.337312],[0.970357,0.232961,0.0643119],[0.0200525,-0.342802,0.939194]]],"btipPosition":[227.418,293.326,-77.9508],"carpPosition":[162.351,218.294,55.6376],"dipPosition":[227.811,286.599,-59.5183],"direction":[0.226379,0.390629,-0.892279],"extended":true,"handId":397,"id":3972,"length":69.9797,"mcpPosition":[195.23,254.137,4.79882],"pipPosition":[221.088,274.998,-33.0193],"stabilizedTipPosition":[226.343,290.774,-73.3984],"timeVisible":0.118365,"tipPosition":[217.224,291.786,-75.5976],"tipVelocity":[559.407,483.903,-141.898],"tool":false,"touchDistance":0.332374,"touchZone":"hovering","type":2,"width":19.8015},{"bases":[[[0.157012,-0.924718,-0.346763],[0.837698,-0.0612669,0.542687],[-0.523077,-0.375691,0.765014]],[[0.151019,-0.928954,-0.33799],[0.850409,-0.0522285,0.523524],[-0.503983,-0.366492,0.782103]],[[0.151019,-0.928954,-0.33799],[0.967754,0.0692034,0.242205],[-0.201607,-0.363669,0.90945]],[[0.151019,-0.928954,-0.33799],[0.987748,0.155406,0.0142127],[0.0393228,-0.335996,0.941042]]],"btipPosition":[228.729,266.035,-79.0993],"carpPosition":[167.103,208.123,50.3957],"dipPosition":[229.496,259.479,-60.7367],"direction":[0.201607,0.363669,-0.90945],"extended":true,"handId":397,"id":3973,"length":67.2873,"mcpPosition":[200.146,231.856,2.06937],"pipPosition":[223.663,248.957,-34.4252],"stabilizedTipPosition":[227.281,263.144,-74.2865],"timeVisible":0.118365,"tipPosition":[218.579,265.37,-75.8692],"tipVelocity":[526.282,450.175,-180.25],"tool":false,"touchDistance":0.331927,"touchZone":"hovering","type":3,"width":18.8424},{"bases":[[[-0.0451681,-0.939065,-0.340759],[0.802396,-0.237298,0.547587],[-0.595081,-0.24869,0.76422]],[[-0.0475673,-0.94006,-0.337675],[0.835886,-0.222534,0.501769],[-0.546838,-0.25839,0.796369]],[[-0.0475673,-0.94006,-0.337675],[0.972731,-0.120424,0.198225],[-0.227007,-0.319037,0.920154]],[[-0.0475673,-0.94006,-0.337675],[0.998549,-0.0362119,-0.0398518],[0.0252353,-0.33908,0.940419]]],"btipPosition":[224.349,232.787,-66.9942],"carpPosition":[165.174,196.081,42.8278],"dipPosition":[224.803,226.683,-50.0651],"direction":[0.227007,0.319037,-0.920154],"extended":true,"handId":397,"id":3974,"length":52.752,"mcpPosition":[199.972,210.624,-1.86099],"pipPosition":[220.166,220.166,-31.2694],"stabilizedTipPosition":[221.491,228.766,-61.3744],"timeVisible":0.118365,"tipPosition":[214.839,234.826,-62.7916],"tipVelocity":[442.801,397.16,-240.988],"tool":false,"touchDistance":0.330878,"touchZone":"hovering","type":4,"width":16.7373}],"r":[[0.997217,-0.0100684,0.0738727],[0.00599135,0.998457,0.0552052],[-0.0743146,-0.054609,0.995739]],"s":1.14211,"t":[9.8526,37.2783,-33.1483],"timestamp":261970303290},{"currentFrameRate":31.2795,"devices":[],"gestures":[],"hands":[{"armBasis":[[0.377451,-0.6473,-0.662219],[0.923432,0.316622,0.216849],[0.0693066,-0.693364,0.717247]],"armWidth":65.7594,"confidence":0.625423,"direction":[0.630579,0.483088,-0.60745],"elbow":[164.289,10.9717,255.019],"grabAngle":0.595211,"grabStrength":0,"id":397,"palmNormal":[-0.680837,-0.0314346,-0.73176],"palmPosition":[180.506,246.452,10.3033],"palmVelocity":[99.0986,376.966,-311.483],"palmWidth":91.7607,"pinchDistance":68.4618,"pinchStrength":0,"r":[[0.99417,-0.0269757,0.104398],[0.0192639,0.997058,0.0741853],[-0.106092,-0.0717416,0.991765]],"s":1.17373,"sphereCenter":[112.997,243.508,-98.9925],"sphereRadius":133.046,"stabilizedPalmPosition":[177.614,236.842,18.3707],"t":[12.5499,46.2581,-40.6983],"timeVisible":0.139305,"type":"right","wrist":[145.418,199.766,59.7221]}],"id":229132,"interactionBox":{"center":[0,200,0],"size":[235.247,235.247,147.751]},"pointables":[{"bases":[[[0.881939,-0.229718,0.411598],[-0.241479,0.529726,0.813067],[-0.404811,-0.816468,0.411714]],[[0.91558,-0.153269,0.371782],[-0.291744,0.383121,0.876415],[-0.276765,-0.910894,0.306062]],[[0.91558,-0.153269,0.371782],[-0.199458,0.629699,0.750797],[-0.349185,-0.76157,0.545969]],[[0.91558,-0.153269,0.371782],[-0.140831,0.743762,0.653441],[-0.37667,-0.650636,0.659389]]],"btipPosition":[167.266,325.577,-3.75751],"carpPosition":[131.693,236.701,47.2077],"dipPosition":[158.059,309.674,12.3593],"direction":[0.349185,0.76157,-0.545969],"extended":true,"handId":397,"id":3970,"length":54.4289,"mcpPosition":[131.693,236.701,47.2077],"pipPosition":[145.625,282.556,31.8004],"stabilizedTipPosition":[164.147,319.304,1.12436],"timeVisible":0.139305,"tipPosition":[163.543,317.633,-4.89127],"tipVelocity":[163.166,501.569,-225.333],"tool":false,"touchDistance":0.937279,"touchZone":"hovering","type":0,"width":21.1074},{"bases":[[[0.473185,-0.781474,-0.406687],[0.756237,0.123525,0.642532],[-0.451886,-0.611588,0.64943]],[[0.38073,-0.881719,-0.278598],[0.726819,0.0990959,0.679642],[-0.571645,-0.46125,0.678579]],[[0.38073,-0.881719,-0.278598],[0.85336,0.219001,0.473091],[-0.35612,-0.417864,0.835804]],[[0.38073,-0.881719,-0.278598],[0.914371,0.314111,0.25546],[-0.137733,-0.352003,0.92581]]],"btipPosition":[225.576,318.318,-63.6797],"carpPosition":[154.953,235.417,52.5683],"dipPosition":[223.119,312.036,-47.1598],"direction":[0.35612,0.417864,-0.835804],"extended":true,"handId":397,"id":3971,"length":61.4169,"mcpPosition":[188.48,280.793,4.3853],"pipPosition":[214.129,301.488,-26.0617],"stabilizedTipPosition":[224.42,316.368,-59.6383],"timeVisible":0.139305,"tipPosition":[214.882,315.333,-63.8686],"tipVelocity":[390.313,332.299,-168.619],"tool":false,"touchDistance":0.331498,"touchZone":"hovering","type":1,"width":20.1617},{"bases":[[[0.271884,-0.866448,-0.418745],[0.815243,-0.0238285,0.578629],[-0.511329,-0.498699,0.699887]],[[0.209979,-0.918999,-0.33369],[0.792656,-0.0397886,0.60837],[-0.572369,-0.392246,0.720095]],[[0.209979,-0.918999,-0.33369],[0.939227,0.0947957,0.32995],[-0.271591,-0.382693,0.883054]],[[0.209979,-0.918999,-0.33369],[0.977516,0.204056,0.0531342],[0.0192612,-0.337344,0.941184]]],"btipPosition":[234.81,299.212,-81.8992],"carpPosition":[162.333,226.393,48.2897],"dipPosition":[235.188,292.592,-63.4277],"direction":[0.271591,0.382693,-0.883054],"extended":true,"handId":397,"id":3972,"length":69.9797,"mcpPosition":[198.309,261.481,-0.953559],"pipPosition":[227.122,281.226,-37.2025],"stabilizedTipPosition":[234.143,297.081,-77.2763],"timeVisible":0.139305,"tipPosition":[225.186,299.065,-79.9082],"tipVelocity":[352.836,282.259,-188.128],"tool":false,"touchDistance":0.331038,"touchZone":"hovering","type":2,"width":19.8015},{"bases":[[[0.131439,-0.926114,-0.353607],[0.815869,-0.101557,0.569248],[-0.5631,-0.363318,0.742239]],[[0.118166,-0.934398,-0.336061],[0.814258,-0.102526,0.571377],[-0.568349,-0.341158,0.748726]],[[0.118166,-0.934398,-0.336061],[0.958764,0.019267,0.28355],[-0.258474,-0.355709,0.898144]],[[0.118166,-0.934398,-0.336061],[0.99252,0.121589,0.010918],[0.0306598,-0.334838,0.941777]]],"btipPosition":[235.819,271.797,-83.1125],"carpPosition":[166.848,216.102,43.0737],"dipPosition":[236.418,265.263,-64.7355],"direction":[0.258474,0.355709,-0.898144],"extended":true,"handId":397,"id":3973,"length":67.2873,"mcpPosition":[202.419,239.053,-3.81399],"pipPosition":[228.94,254.972,-38.7512],"stabilizedTipPosition":[234.922,269.442,-78.3372],"timeVisible":0.139305,"tipPosition":[225.855,272.489,-80.4802],"tipVelocity":[336.763,275.424,-191.493],"tool":false,"touchDistance":0.330913,"touchZone":"hovering","type":3,"width":18.8424},{"bases":[[[-0.0712412,-0.932343,-0.354487],[0.773405,-0.276061,0.570644],[-0.629896,-0.233509,0.740746]],[[-0.0866652,-0.937789,-0.336217],[0.790525,-0.270115,0.549643],[-0.606266,-0.218153,0.764755]],[[-0.0866652,-0.937789,-0.336217],[0.951906,-0.177504,0.249733],[-0.293877,-0.298404,0.90807]],[[-0.0866652,-0.937789,-0.336217],[0.996215,-0.0838393,-0.0229427],[-0.00667279,-0.336933,0.941505]]],"btipPosition":[230.039,238.111,-71.7676],"carpPosition":[164.694,204.239,35.287],"dipPosition":[229.919,232.045,-54.819],"direction":[0.293877,0.298404,-0.90807],"extended":true,"handId":397,"id":3974,"length":52.752,"mcpPosition":[201.528,217.894,-8.0291],"pipPosition":[223.916,225.95,-36.2701],"stabilizedTipPosition":[227.922,234.766,-66.2765],"timeVisible":0.139305,"tipPosition":[220.699,241.523,-68.0788],"tipVelocity":[265.439,254.673,-227.742],"tool":false,"touchDistance":0.33001,"touchZone":"hovering","type":4,"width":16.7373}],"r":[[0.99417,-0.0269757,0.104398],[0.0192639,0.997058,0.0741853],[-0.106092,-0.0717416,0.991765]],"s":1.17373,"t":[12.5499,46.2581,-40.6983],"timestamp":261970324230},{"currentFrameRate":32.9165,"devices":[],"gestures":[],"hands":[{"armBasis":[[0.370239,-0.653841,-0.65986],[0.92819,0.288855,0.234577],[0.0372278,-0.699325,0.713834]],"armWidth":65.7594,"confidence":0.688047,"direction":[0.667122,0.478822,-0.570682],"elbow":[153.203,17.0946,246.841],"grabAngle":0.549123,"grabStrength":0,"id":397,"palmNormal":[-0.655157,0.012494,-0.75539],"palmPosition":[181.22,254.237,5.48279],"palmVelocity":[34.0916,371.555,-230.075],"palmWidth":91.7607,"pinchDistance":70.2088,"pinchStrength":0,"r":[[0.989654,-0.0481953,0.13514],[0.0353718,0.994778,0.0957357],[-0.139049,-0.089965,0.986191]],"s":1.20272,"sphereCenter":[120.602,256.882,-105.53],"sphereRadius":131.759,"stabilizedPalmPosition":[179.51,245.987,11.595],"t":[14.2557,54.6404,-46.8836],"timeVisible":0.160257,"type":"right","wrist":[143.067,207.512,52.4735]}],"id":229133,"interactionBox":{"center":[0,200,0],"size":[235.247,235.247,147.751]},"pointables":[{"bases":[[[0.858844,-0.270975,0.434695],[-0.252712,0.514012,0.819712],[-0.44556,-0.813858,0.372977]],[[0.902226,-0.18081,0.39153],[-0.311553,0.354486,0.881632],[-0.2982,-0.917414,0.263494]],[[0.902226,-0.18081,0.39153],[-0.217299,0.593606,0.774863],[-0.372518,-0.784181,0.496277]],[[0.902226,-0.18081,0.39153],[-0.146496,0.725391,0.672567],[-0.40562,-0.664165,0.627979]]],"btipPosition":[169.029,335.42,-5.90871],"carpPosition":[130.839,245.08,40.3765],"dipPosition":[159.115,319.186,9.44039],"direction":[0.372518,0.784181,-0.496277],"extended":true,"handId":397,"id":3970,"length":54.4289,"mcpPosition":[130.839,245.08,40.3765],"pipPosition":[145.85,291.263,27.1121],"stabilizedTipPosition":[166.417,330.109,-1.93225],"timeVisible":0.160257,"tipPosition":[167.081,327.128,-7.31791],"tipVelocity":[76.391,466.125,-111.101],"tool":false,"touchDistance":0.358765,"touchZone":"hovering","type":0,"width":21.1074},{"bases":[[[0.461545,-0.784966,-0.413285],[0.736633,0.0795283,0.6716],[-0.494315,-0.614413,0.614938]],[[0.370167,-0.878512,-0.301981],[0.693197,0.0448112,0.719354],[-0.618429,-0.475613,0.62557]],[[0.370167,-0.878512,-0.301981],[0.83774,0.175204,0.517199],[-0.401457,-0.444432,0.80082]],[[0.370167,-0.878512,-0.301981],[0.915723,0.290379,0.277726],[-0.156297,-0.379336,0.911962]]],"btipPosition":[231.186,327.773,-63.686],"carpPosition":[153.841,242.86,46.4943],"dipPosition":[228.397,321.004,-47.4131],"direction":[0.401457,0.444432,-0.80082],"extended":true,"handId":397,"id":3971,"length":61.4169,"mcpPosition":[190.515,288.445,0.870402],"pipPosition":[218.263,309.786,-27.1981],"stabilizedTipPosition":[230.326,325.864,-59.9323],"timeVisible":0.160257,"tipPosition":[221.391,324.23,-64.8572],"tipVelocity":[264.108,445.939,-3.01097],"tool":false,"touchDistance":0.333249,"touchZone":"hovering","type":1,"width":20.1617},{"bases":[[[0.258132,-0.862738,-0.434801],[0.793027,-0.0678331,0.605398],[-0.551794,-0.501081,0.666664]],[[0.195543,-0.912848,-0.358429],[0.757956,-0.0912459,0.645893],[-0.622307,-0.397973,0.674056]],[[0.195543,-0.912848,-0.358429],[0.92145,0.0459119,0.385774],[-0.335697,-0.40571,0.850122]],[[0.195543,-0.912848,-0.358429],[0.979007,0.160263,0.125944],[-0.0575244,-0.375531,0.925023]]],"btipPosition":[242.317,308.427,-82.0335],"carpPosition":[161.068,233.719,42.2052],"dipPosition":[241.188,301.057,-63.8791],"direction":[0.335697,0.40571,-0.850122],"extended":true,"handId":397,"id":3972,"length":69.9797,"mcpPosition":[199.892,268.975,-4.70063],"pipPosition":[231.218,289.009,-38.632],"stabilizedTipPosition":[241.666,306.255,-77.8292],"timeVisible":0.160257,"tipPosition":[232.219,307.734,-81.052],"tipVelocity":[341.767,431.599,-9.89109],"tool":false,"touchDistance":0.333175,"touchZone":"hovering","type":2,"width":19.8015},{"bases":[[[0.113596,-0.919488,-0.376348],[0.791449,-0.145237,0.59373],[-0.600587,-0.365306,0.711229]],[[0.102038,-0.926336,-0.362616],[0.774031,-0.15504,0.613871],[-0.624871,-0.343