{"frames":301,"data":[{"currentFrameRate":24.5257,"devices":[],"gestures":[],"hands":[],"id":229567,"interactionBox":{"center":[0,200,0],"size":[235.247,235.247,147.751]},"pointables":[],"r":[[-0.0794966,-0.728761,-0.680138],[0.446709,0.583909,-0.677865],[0.891141,-0.357712,0.279125]],"s":-5.62558,"t":[894.675,787.691,741.58],"timestamp":261984781667},{"currentFrameRate":24.6313,"devices":[],"gestures":[],"hands":[],"id":229568,"interactionBox":{"center":[0,200,0],"size":[235.247,235.247,147.751]},"pointables":[],"r":[[-0.0794966,-0.728761,-0.680138],[0.446709,0.583909,-0.677865],[0.891141,-0.357712,0.279125]],"s":-5.62558,"t":[894.675,787.691,741.58],"timestamp":261984821491},{"currentFrameRate":24.6521,"devices":[],"gestures":[],"hands":[],"id":229569,"interactionBox":{"center":[0,200,0],"size":[235.247,235.247,147.751]},"pointables":[],"r":[[-0.0794966,-0.728761,-0.680138],[0.446709,0.583909,-0.677865],[0.891141,-0.357712,0.279125]],"s":-5.62558,"t":[894.675,787.691,741.58],"timestamp":261984861903},{"currentFrameRate":24.6858,"devices":[],"gestures":[],"hands":[],"id":229570,"interactionBox":{"center":[0,200,0],"size":[235.247,235.247,147.751]},"pointables":[],"r":[[-0.0794966,-0.728761,-0.680138],[0.446709,0.583909,-0.677865],[0.891141,-0.357712,0.279125]],"s":-5.62558,"t":[894.675,787.691,741.58],"timestamp":261984902166},{"currentFrameRate":24.7174,"devices":[],"gestures":[],"hands":[],"id":229571,"interactionBox":{"center":[0,200,0],"size":[235.247,235.247,147.751]},"pointables":[],"r":[[-0.0794966,-0.728761,-0.680138],[0.446709,0.583909,-0.677865],[0.891141,-0.357712,0.279125]],"s":-5.62558,"t":[894.675,787.691,741.58],"timestamp":261984942392},{"currentFrameRate":24.7287,"devices":[],"gestures":[],"hands":[],"id":229572,"interactionBox":{"center":[0,200,0],"size":[235.247,235.247,147.751]},"pointables":[],"r":[[-0.0794966,-0.728761,-0.680138],[0.446709,0.583909,-0.677865],[0.891141,-0.357712,0.279125]],"s":-5.62558,"t":[894.675,787.691,741.58],"timestamp":261984982749},{"currentFrameRate":24.7521,"devices":[],"gestures":[],"hands":[],"id":229573,"interactionBox":{"center":[0,200,0],"size":[235.247,235.247,147.751]},"pointables":[],"r":[[-0.0794966,-0.728761,-0.680138],[0.446709,0.583909,-0.677865],[0.891141,-0.357712,0.279125]],"s":-5.62558,"t":[894.675,787.691,741.58],"timestamp":261985022979},{"currentFrameRate":24.7005,"devices":[],"gestures":[],"hands":[],"id":229574,"interactionBox":{"center":[0,200,0],"size":[235.247,235.247,147.751]},"pointables":[],"r":[[-0.0794966,-0.728761,-0.680138],[0.446709,0.583909,-0.677865],[0.891141,-0.357712,0.279125]],"s":-5.62558,"t":[894.675,787.691,741.58],"timestamp":261985063840},{"currentFrameRate":24.7946,"devices":[],"gestures":[],"hands":[],"id":229575,"interactionBox":{"center":[0,200,0],"size":[235.247,235.247,147.751]},"pointables":[],"r":[[-0.0794966,-0.728761,-0.680138],[0.446709,0.583909,-0.677865],[0.891141,-0.357712,0.279125]],"s":-5.62558,"t":[894.675,787.691,741.58],"timestamp":261985103485},{"currentFrameRate":24.7726,"devices":[],"gestures":[],"hands":[],"id":229576,"interactionBox":{"center":[0,200,0],"size":[235.247,235.247,147.751]},"pointables":[],"r":[[-0.0794966,-0.728761,-0.680138],[0.446709,0.583909,-0.677865],[0.891141,-0.357712,0.279125]],"s":-5.62558,"t":[894.675,787.691,741.58],"timestamp":261985144013},{"currentFrameRate":24.8056,"devices":[],"gestures":[],"hands":[],"id":229577,"interactionBox":{"center":[0,200,0],"size":[235.247,235.247,147.751]},"pointables":[],"r":[[-0.0794966,-0.728761,-0.680138],[0.446709,0.583909,-0.677865],[0.891141,-0.357712,0.279125]],"s":-5.62558,"t":[894.675,787.691,741.58],"timestamp":261985184086},{"currentFrameRate":24.8072,"devices":[],"gestures":[],"hands":[],"id":229578,"interactionBox":{"center":[0,200,0],"size":[235.247,235.247,147.751]},"pointables":[],"r":[[-0.0794966,-0.728761,-0.680138],[0.446709,0.583909,-0.677865],[0.891141,-0.357712,0.279125]],"s":-5.62558,"t":[894.675,787.691,741.58],"timestamp":261985224385},{"currentFrameRate":24.811,"devices":[],"gestures":[],"hands":[],"id":229579,"interactionBox":{"center":[0,200,0],"size":[235.247,235.247,147.751]},"pointables":[],"r":[[-0.0794966,-0.728761,-0.680138],[0.446709,0.583909,-0.677865],[0.891141,-0.357712,0.279125]],"s":-5.62558,"t":[894.675,787.691,741.58],"timestamp":261985264662},{"currentFrameRate":24.79,"devices":[],"gestures":[],"hands":[],"id":229580,"interactionBox":{"center":[0,200,0],"size":[235.247,235.247,147.751]},"pointables":[],"r":[[-0.0794966,-0.728761,-0.680138],[0.446709,0.583909,-0.677865],[0.891141,-0.357712,0.279125]],"s":-5.62558,"t":[894.675,787.691,741.58],"timestamp":261985305154},{"currentFrameRate":24.8021,"devices":[],"gestures":[],"hands":[],"id":229581,"interactionBox":{"center":[0,200,0],"size":[235.247,235.247,147.751]},"pointables":[],"r":[[-0.0794966,-0.728761,-0.680138],[0.446709,0.583909,-0.677865],[0.891141,-0.357712,0.279125]],"s":-5.62558,"t":[894.675,787.691,741.58],"timestamp":261985345385},{"currentFrameRate":24.8123,"devices":[],"gestures":[],"hands":[],"id":229582,"interactionBox":{"center":[0,200,0],"size":[235.247,235.247,147.751]},"pointables":[],"r":[[-0.0794966,-0.728761,-0.680138],[0.446709,0.583909,-0.677865],[0.891141,-0.357712,0.279125]],"s":-5.62558,"t":[894.675,787.691,741.58],"timestamp":261985385613},{"currentFrameRate":24.8264,"devices":[],"gestures":[],"hands":[],"id":229583,"interactionBox":{"center":[0,200,0],"size":[235.247,235.247,147.751]},"pointables":[],"r":[[-0.0794966,-0.728761,-0.680138],[0.446709,0.583909,-0.677865],[0.891141,-0.357712,0.279125]],"s":-5.62558,"t":[894.675,787.691,741.58],"timestamp":261985425790},{"currentFrameRate":24.8135,"devices":[],"gestures":[],"hands":[],"id":229584,"interactionBox":{"center":[0,200,0],"size":[235.247,235.247,147.751]},"pointables":[],"r":[[-0.0794966,-0.728761,-0.680138],[0.446709,0.583909,-0.677865],[0.891141,-0.357712,0.279125]],"s":-5.62558,"t":[894.675,787.691,741.58],"timestamp":261985466185},{"currentFrameRate":24.8105,"devices":[],"gestures":[],"hands":[],"id":229585,"interactionBox":{"center":[0,200,0],"size":[235.247,235.247,147.751]},"pointables":[],"r":[[-0.0794966,-0.728761,-0.680138],[0.446709,0.583909,-0.677865],[0.891141,-0.357712,0.279125]],"s":-5.62558,"t":[894.675,787.691,741.58],"timestamp":261985506512},{"currentFrameRate":24.8355,"devices":[],"gestures":[],"hands":[],"id":229586,"interactionBox":{"center":[0,200,0],"size":[235.247,235.247,147.751]},"pointables":[],"r":[[-0.0794966,-0.728761,-0.680138],[0.446709,0.583909,-0.677865],[0.891141,-0.357712,0.279125]],"s":-5.62558,"t":[894.675,787.691,741.58],"timestamp":261985546595},{"currentFrameRate":24.8237,"devices":[],"gestures":[],"hands":[],"id":229587,"interactionBox":{"center":[0,200,0],"size":[235.247,235.247,147.751]},"pointables":[],"r":[[-0.0794966,-0.728761,-0.680138],[0.446709,0.583909,-0.677865],[0.891141,-0.357712,0.279125]],"s":-5.62558,"t":[894.675,787.691,741.58],"timestamp":261985586965},{"currentFrameRate":24.8401,"devices":[],"gestures":[],"hands":[],"id":229588,"interactionBox":{"center":[0,200,0],"size":[235.247,235.247,147.751]},"pointables":[],"r":[[-0.0794966,-0.728761,-0.680138],[0.446709,0.583909,-0.677865],[0.891141,-0.357712,0.279125]],"s":-5.62558,"t":[894.675,787.691,741.58],"timestamp":261985627103},{"currentFrameRate":24.8251,"devices":[],"gestures":[],"hands":[],"id":229589,"interactionBox":{"center":[0,200,0],"size":[235.247,235.247,147.751]},"pointables":[],"r":[[-0.0794966,-0.728761,-0.680138],[0.446709,0.583909,-0.677865],[0.891141,-0.357712,0.279125]],"s":-5.62558,"t":[894.675,787.691,741.58],"timestamp":261985667494},{"currentFrameRate":24.7879,"devices":[],"gestures":[],"hands":[],"id":229590,"interactionBox":{"center":[0,200,0],"size":[235.247,235.247,147.751]},"pointables":[],"r":[[-0.0794966,-0.728761,-0.680138],[0.446709,0.583909,-0.677865],[0.891141,-0.357712,0.279125]],"s":-5.62558,"t":[894.675,787.691,741.58],"timestamp":261985708107},{"currentFrameRate":24.8098,"devices":[],"gestures":[],"hands":[],"id":229591,"interactionBox":{"center":[0,200,0],"size":[235.247,235.247,147.751]},"pointables":[],"r":[[-0.0794966,-0.728761,-0.680138],[0.446709,0.583909,-0.677865],[0.891141,-0.357712,0.279125]],"s":-5.62558,"t":[894.675,787.691,741.58],"timestamp":261985748254},{"currentFrameRate":24.8092,"devices":[],"gestures":[],"hands":[],"id":229592,"interactionBox":{"center":[0,200,0],"size":[235.247,235.247,147.751]},"pointables":[],"r":[[-0.0794966,-0.728761,-0.680138],[0.446709,0.583909,-0.677865],[0.891141,-0.357712,0.279125]],"s":-5.62558,"t":[894.675,787.691,741.58],"timestamp":261985788566},{"currentFrameRate":24.8327,"devices":[],"gestures":[],"hands":[],"id":229593,"interactionBox":{"center":[0,200,0],"size":[235.247,235.247,147.751]},"pointables":[],"r":[[-0.0794966,-0.728761,-0.680138],[0.446709,0.583909,-0.677865],[0.891141,-0.357712,0.279125]],"s":-5.62558,"t":[894.675,787.691,741.58],"timestamp":261985828665},{"currentFrameRate":24.8477,"devices":[],"gestures":[],"hands":[],"id":229594,"interactionBox":{"center":[0,200,0],"size":[235.247,235.247,147.751]},"pointables":[],"r":[[-0.0794966,-0.728761,-0.680138],[0.446709,0.583909,-0.677865],[0.891141,-0.357712,0.279125]],"s":-5.62558,"t":[894.675,787.691,741.58],"timestamp":261985868801},{"currentFrameRate":24.8449,"devices":[],"gestures":[],"hands":[],"id":229595,"interactionBox":{"center":[0,200,0],"size":[235.247,235.247,147.751]},"pointables":[],"r":[[-0.0794966,-0.728761,-0.680138],[0.446709,0.583909,-0.677865],[0.891141,-0.357712,0.279125]],"s":-5.62558,"t":[894.675,787.691,741.58],"timestamp":261985909071},{"currentFrameRate":24.8361,"devices":[],"gestures":[],"hands":[],"id":229596,"interactionBox":{"center":[0,200,0],"size":[235.247,235.247,147.751]},"pointables":[],"r":[[-0.0794966,-0.728761,-0.680138],[0.446709,0.583909,-0.677865],[0.891141,-0.357712,0.279125]],"s":-5.62558,"t":[894.675,787.691,741.58],"timestamp":261985949399},{"currentFrameRate":24.835,"devices":[],"gestures":[],"hands":[],"id":229597,"interactionBox":{"center":[0,200,0],"size":[235.247,235.247,147.751]},"pointables":[],"r":[[-0.0794966,-0.728761,-0.680138],[0.446709,0.583909,-0.677865],[0.891141,-0.357712,0.279125]],"s":-5.62558,"t":[894.675,787.691,741.58],"timestamp":261985989673},{"currentFrameRate":24.8122,"devices":[],"gestures":[],"hands":[],"id":229598,"interactionBox":{"center":[0,200,0],"size":[235.247,235.247,147.751]},"pointables":[],"r":[[-0.0794966,-0.728761,-0.680138],[0.446709,0.583909,-0.677865],[0.891141,-0.357712,0.279125]],"s":-5.62558,"t":[894.675,787.691,741.58],"timestamp":261986030141},{"currentFrameRate":24.8391,"devices":[],"gestures":[],"hands":[{"armBasis":[[-0.0268435,-0.918487,-0.39454],[0.610043,0.297615,-0.734352],[0.791914,-0.260399,0.552327]],"armWidth":64.2597,"confidence":0,"direction":[-0.78801,0.605294,0.112513],"elbow":[213.408,105.056,201.973],"grabAngle":0,"grabStrength":0,"id":398,"palmNormal":[-0.333538,-0.573328,0.748363],"palmPosition":[-61.1663,220.837,60.828],"palmVelocity":[1.19209e-7,1.19209e-7,1.19209e-7],"palmWidth":91.7607,"pinchDistance":48.2839,"pinchStrength":0,"r":[[1,-2.22045e-17,0],[2.22045e-17,1,-8.32667e-18],[1.84889e-34,8.32667e-18,1]],"s":1,"sphereCenter":[-72.9382,284.949,-19.3566],"sphereRadius":96.3424,"stabilizedPalmPosition":[-61.1663,220.837,60.828],"t":[0,0,0],"timeVisible":0,"type":"right","wrist":[-2.22008,175.959,51.5816]}],"id":229599,"interactionBox":{"center":[0,200,0],"size":[235.247,235.247,147.751]},"pointables":[{"bases":[[[-0.0636761,0.408713,-0.910439],[0.873165,0.464575,0.147487],[0.483247,-0.785572,-0.386456]],[[-0.000577575,0.303571,-0.952809],[0.94551,0.310392,0.0983196],[0.325591,-0.900834,-0.287208]],[[-0.000577575,0.303571,-0.952809],[0.828597,0.53357,0.169496],[0.559844,-0.789397,-0.251846]],[[-0.000577575,0.303571,-0.952809],[0.550918,0.795272,0.253045],[0.834559,-0.524773,-0.167702]]],"btipPosition":[-62.1515,278.546,100.047],"carpPosition":[-6.81412,193.669,72.9709],"dipPosition":[-42.4544,266.161,96.0886],"direction":[-0.559844,0.789397,0.251846],"extended":true,"handId":398,"id":3980,"length":52.5578,"mcpPosition":[-6.81412,193.669,72.9709],"pipPosition":[-23.2045,239.018,87.4291],"stabilizedTipPosition":[-57.6212,275.698,99.1364],"timeVisible":0,"tipPosition":[-57.6212,275.698,99.1364],"tipVelocity":[1.19209e-7,1.19209e-7,1.19209e-7],"tool":false,"touchDistance":0.485606,"touchZone":"none","type":0,"width":20.4215},{"bases":[[[-0.642448,-0.442721,-0.625506],[0.227502,0.669253,-0.707349],[0.731781,-0.596739,-0.32924]],[[-0.484518,-0.552298,-0.678387],[0.646178,0.296768,-0.703123],[0.589657,-0.779035,0.213094]],[[-0.484518,-0.552298,-0.678387],[0.646178,0.296768,-0.703123],[0.589657,-0.779035,0.213094]],[[-0.484518,-0.552298,-0.678387],[0.646178,0.296768,-0.703123],[0.589657,-0.779035,0.213094]]],"btipPosition":[-117.323,317.454,60.4401],"carpPosition":[-12.9496,207.015,54.1113],"dipPosition":[-107.163,304.031,64.1118],"direction":[-0.589657,0.779035,-0.213094],"extended":true,"handId":398,"id":3981,"length":59.3056,"mcpPosition":[-67.2424,251.289,78.5385],"pipPosition":[-92.7901,285.042,69.306],"stabilizedTipPosition":[-114.986,314.367,61.2846],"timeVisible":0,"tipPosition":[-114.986,314.367,61.2846],"tipVelocity":[1.19209e-7,1.19209e-7,1.19209e-7],"tool":false,"touchDistance":1,"touchZone":"none","type":1,"width":19.5066},{"bases":[[[-0.566983,-0.626834,-0.534425],[0.131624,0.571507,-0.809972],[0.813145,-0.529584,-0.241528]],[[-0.634578,-0.579146,-0.511762],[0.378338,0.344617,-0.859127],[0.673922,-0.738802,0.000426746]],[[-0.634578,-0.579146,-0.511762],[0.378338,0.344617,-0.859127],[0.673922,-0.738802,0.000426746]],[[-0.634578,-0.579146,-0.511762],[0.378338,0.344617,-0.859127],[0.673922,-0.738802,0.000426746]]],"btipPosition":[-142.954,311.441,62.3614],"carpPosition":[-20.8857,203.08,45.4089],"dipPosition":[-130.182,297.44,62.3695],"direction":[-0.673922,0.738802,-0.000426746],"extended":true,"handId":398,"id":3982,"length":67.574,"mcpPosition":[-78.0977,240.341,62.4025],"pipPosition":[-110.856,276.254,62.3818],"stabilizedTipPosition":[-140.017,308.221,62.3633],"timeVisible":0,"tipPosition":[-140.017,308.221,62.3633],"tipVelocity":[1.19209e-7,1.19209e-7,1.19209e-7],"tool":false,"touchDistance":0.333333,"touchZone":"none","type":2,"width":19.1581},{"bases":[[[-0.44944,-0.739221,-0.501553],[0.116634,0.508089,-0.853371],[0.885664,-0.442037,-0.142137]],[[-0.691098,-0.575574,-0.437147],[0.394478,0.206417,-0.895421],[0.605616,-0.791269,0.0843969]],[[-0.691098,-0.575574,-0.437147],[0.394478,0.206417,-0.895421],[0.605616,-0.791269,0.0843969]],[[-0.691098,-0.575574,-0.437147],[0.394478,0.206417,-0.895421],[0.605616,-0.791269,0.0843969]]],"btipPosition":[-139.995,296.901,39.5128],"carpPosition":[-28.4289,196.31,38.2847],"dipPosition":[-128.583,281.992,41.103],"direction":[-0.605616,0.791269,-0.0843969],"extended":true,"handId":398,"id":3983,"length":64.9742,"mcpPosition":[-84.3767,224.233,47.2636],"pipPosition":[-111.665,259.886,43.4608],"stabilizedTipPosition":[-137.37,293.472,39.8786],"timeVisible":0,"tipPosition":[-137.37,293.472,39.8786],"tipVelocity":[1.19209e-7,1.19209e-7,1.19209e-7],"tool":false,"touchDistance":1,"touchZone":"none","type":3,"width":18.2302},{"bases":[[[-0.356966,-0.859136,-0.36669],[0.123095,0.345866,-0.930175],[0.925972,-0.377178,-0.017707]],[[-0.614665,-0.7093,-0.34508],[0.481375,0.00925665,-0.876466],[0.624871,-0.704846,0.33575]],[[-0.614665,-0.7093,-0.34508],[0.481375,0.00925665,-0.876466],[0.624871,-0.704846,0.33575]],[[-0.614665,-0.7093,-0.34508],[0.481375,0.00925665,-0.876466],[0.624871,-0.704846,0.33575]]],"btipPosition":[-134.902,257.287,12.4305],"carpPosition":[-35.2854,183.942,35.8262],"dipPosition":[-124.04,245.035,18.2668],"direction":[-0.624871,0.704846,-0.33575],"extended":true,"handId":398,"id":3984,"length":50.9386,"mcpPosition":[-89.4329,205.998,36.8616],"pipPosition":[-111.715,231.132,24.8892],"stabilizedTipPosition":[-132.404,254.469,13.7728],"timeVisible":0,"tipPosition":[-132.404,254.469,13.7728],"tipVelocity":[1.19209e-7,1.19209e-7,1.19209e-7],"tool":false,"touchDistance":1,"touchZone":"none","type":4,"width":16.1934}],"r":[[1,-2.22045e-17,0],[2.22045e-17,1,-8.32667e-18],[1.84889e-34,8.32667e-18,1]],"s":1,"t":[0,0,0],"timestamp":261986070205},{"currentFrameRate":24.831,"devices":[],"gestures":[],"hands":[{"armBasis":[[-0.231914,-0.950107,-0.208596],[0.680292,-0.0051408,-0.732923],[0.695284,-0.311881,0.647542]],"armWidth":65.7594,"confidence":0.209324,"direction":[-0.740452,0.625977,0.244714],"elbow":[194.041,98.5406,214.534],"grabAngle":0.436306,"grabStrength":0,"id":398,"palmNormal":[-0.236652,-0.583601,0.776792],"palmPosition":[-49.5478,230.582,54.4072],"palmVelocity":[288.077,241.613,-159.202],"palmWidth":91.7607,"pinchDistance":63.2898,"pinchStrength":0,"r":[[0.999519,-0.00620104,-0.0303879],[0.0063454,0.999969,0.00465661],[0.0303581,-0.00484719,0.999527]],"s":1.0142,"sphereCenter":[-70.2808,293.963,-4.352],"sphereRadius":85.2934,"stabilizedPalmPosition":[-53.4414,227.316,56.559],"t":[5.80921,4.87224,-3.21038],"timeVisible":0.040331,"type":"right","wrist":[4.72399,183.462,38.2171]}],"id":229600,"interactionBox":{"center":[0,200,0],"size":[235.247,235.247,147.751]},"pointables":[{"bases":[[[-0.185954,0.435991,-0.88053],[0.901077,0.43299,0.0240998],[0.391768,-0.788943,-0.473377]],[[-0.169701,0.403208,-0.899236],[0.937694,0.3468,-0.0214573],[0.303203,-0.846849,-0.436938]],[[-0.169701,0.403208,-0.899236],[0.731944,0.662564,0.158957],[0.659893,-0.631215,-0.407563]],[[-0.169701,0.403208,-0.899236],[0.417445,0.855976,0.305032],[0.892716,-0.323617,-0.313577]]],"btipPosition":[-55.5474,274.431,101.707],"carpPosition":[5.03356,201.414,57.5342],"dipPosition":[-33.7276,266.521,94.0425],"direction":[-0.659893,0.631215,0.407563],"extended":true,"handId":398,"id":3980,"length":54.4289,"mcpPosition":[5.03356,201.414,57.5342],"pipPosition":[-10.2298,244.044,79.5298],"stabilizedTipPosition":[-55.6007,274.818,99.3665],"timeVisible":0.040331,"tipPosition":[-46.3125,276.627,97.5376],"tipVelocity":[175.853,-76.5217,20.0304],"tool":false,"touchDistance":0.49907,"touchZone":"none","type":0,"width":21.1074},{"bases":[[[-0.437904,-0.836999,-0.328136],[-0.00660037,0.367975,-0.929812],[0.898997,-0.405003,-0.166662]],[[-0.684018,-0.679929,-0.264228],[0.251463,0.120235,-0.96037],[0.684753,-0.723353,0.0887341]],[[-0.684018,-0.679929,-0.264228],[-0.684552,0.723449,-0.0894988],[0.252008,0.119659,-0.960299]],[[-0.684018,-0.679929,-0.264228],[-0.351524,-0.0101505,0.936124],[-0.63918,0.733208,-0.232068]]],"btipPosition":[-100.533,228.375,55.1836],"carpPosition":[-29.035,193.623,24.9213],"dipPosition":[-112.039,241.574,51.006],"direction":[-0.252008,-0.119659,0.960299],"extended":false,"handId":398,"id":3984,"length":52.752,"mcpPosition":[-81.6051,217.306,34.6671],"pipPosition":[-106.892,244.018,31.3903],"stabilizedTipPosition":[-113.183,239.303,40.3775],"timeVisible":0.040331,"tipPosition":[-104.843,234.075,51.6745],"tipVelocity":[724.613,-571.725,1002.95],"tool":false,"touchDistance":0.333333,"touchZone":"none","type":4,"width":16.7373},{"bases":[[[-0.744462,-0.404819,-0.530941],[0.141422,0.681567,-0.71796],[0.652516,-0.60958,-0.45015]],[[-0.386526,-0.629664,-0.673884],[0.631319,0.352016,-0.691029],[0.672334,-0.692537,0.261456]],[[-0.386526,-0.629664,-0.673884],[0.534734,0.442321,-0.720008],[0.751437,-0.638651,0.165734]],[[-0.386526,-0.629664,-0.673884],[0.356948,0.571597,-0.738827],[0.850403,-0.526118,0.00382018]]],"btipPosition":[-116.128,317.278,57.5526],"carpPosition":[-3.40683,215.469,40.1377],"dipPosition":[-100.954,307.89,57.6208],"direction":[-0.751437,0.638651,-0.165734],"extended":true,"handId":398,"id":3981,"length":61.4169,"mcpPosition":[-51.8188,260.696,73.5356],"pipPosition":[-81.9856,291.769,61.8044],"stabilizedTipPosition":[-114.959,314.375,61.2418],"timeVisible":0.040331,"tipPosition":[-108.14,318.706,60.1559],"tipVelocity":[58.2186,18.656,-92.1452],"tool":false,"touchDistance":1,"touchZone":"none","type":1,"width":20.1617},{"bases":[[[-0.662588,-0.593673,-0.456651],[0.0278172,0.589767,-0.807094],[0.748468,-0.547474,-0.374258]],[[-0.613561,-0.627344,-0.479565],[0.379926,0.297873,-0.875744],[0.692242,-0.719522,0.0555808]],[[-0.613561,-0.627344,-0.479565],[0.301615,0.37508,-0.876552],[0.729774,-0.682463,-0.0409179]],[[-0.613561,-0.627344,-0.479565],[0.301615,0.37508,-0.876552],[0.729774,-0.682463,-0.0409179]]],"btipPosition":[-136.2,320.43,58.2033],"carpPosition":[-12.6967,212.029,32.6505],"dipPosition":[-121.878,307.036,57.4002],"direction":[-0.729774,0.682463,0.0409179],"extended":true,"handId":398,"id":3982,"length":69.9797,"mcpPosition":[-65.358,250.548,58.9829],"pipPosition":[-100.205,286.768,56.185],"stabilizedTipPosition":[-136.655,312.537,60.3093],"timeVisible":0.040331,"tipPosition":[-129.339,318.549,62.8736],"tipVelocity":[176.3,226.337,-107.727],"tool":false,"touchDistance":0.333333,"touchZone":"none","type":2,"width":19.8015},{"bases":[[[-0.545422,-0.710526,-0.444598],[0.00425253,0.528092,-0.849177],[0.838151,-0.46505,-0.285011]],[[-0.768752,-0.54136,-0.340514],[0.183501,0.323334,-0.928322],[0.612656,-0.776134,-0.149223]],[[-0.768752,-0.54136,-0.340514],[0.183501,0.323334,-0.928322],[0.612656,-0.776134,-0.149223]],[[-0.768752,-0.54136,-0.340514],[0.183501,0.323334,-0.928322],[0.612656,-0.776134,-0.149223]]],"btipPosition":[-132.673,308.891,58.794],"carpPosition":[-21.4592,205.698,26.5976],"dipPosition":[-120.718,293.746,55.8822],"direction":[-0.612656,0.776134,0.149223],"extended":true,"handId":398,"id":3983,"length":67.2873,"mcpPosition":[-74.4057,235.076,44.6019],"pipPosition":[-102.994,271.292,51.565],"stabilizedTipPosition":[-135.123,297.073,45.384],"timeVisible":0.040331,"tipPosition":[-127.779,305.741,52.7531],"tipVelocity":[184.632,295.942,452.399],"tool":false,"touchDistance":0.333333,"touchZone":"none","type":3,"width":18.8424}],"r":[[0.999519,-0.00620104,-0.0303879],[0.0063454,0.999969,0.00465661],[0.0303581,-0.00484719,0.999527]],"s":1.0142,"t":[5.80921,4.87224,-3.21038],"timestamp":261986110536},{"currentFrameRate":24.827,"devices":[],"gestures":[],"hands":[{"armBasis":[[-0.736823,-0.55781,0.382021],[0.159691,-0.69265,-0.703374],[0.656956,-0.457257,0.599437]],"armWidth":65.7594,"confidence":0.400973,"direction":[-0.338154,0.938274,-0.0727554],"elbow":[204.412,69.8534,201.366],"grabAngle":0.45788,"grabStrength":0,"id":398,"palmNormal":[0.0805565,0.105885,0.99111],"palmPosition":[2.90204,264.958,29.6938],"palmVelocity":[1301.23,852.849,-613.113],"palmWidth":91.7607,"pinchDistance":54.5788,"pinchStrength":0.251556,"r":[[0.987061,-0.12065,-0.105611],[0.105464,0.984637,-0.139163],[0.120778,0.126224,0.984622]],"s":1.00383,"sphereCenter":[-40.6818,293.235,33.1956],"sphereRadius":59.1413,"stabilizedPalmPosition":[0.778921,263.54,30.7062],"t":[34.9388,24.4967,-17.1723],"timeVisible":0.080639,"type":"right","wrist":[25.5319,194.358,38.1474]}],"id":229601,"interactionBox":{"center":[0,200,0],"size":[235.247,235.247,147.751]},"pointables":[{"bases":[[[-0.515339,-0.0441226,-0.85585],[0.850548,-0.148521,-0.50449],[-0.104852,-0.987924,0.114067]],[[-0.491825,0.115036,-0.863061],[0.83675,-0.211627,-0.505038],[-0.240744,-0.970557,0.00782672]],[[-0.491825,0.115036,-0.863061],[0.862796,0.197601,-0.465336],[0.117012,-0.973509,-0.196438]],[[-0.491825,0.115036,-0.863061],[0.706105,0.632658,-0.318056],[0.509434,-0.76584,-0.392384]]],"btipPosition":[38.26,320.494,54.2292],"carpPosition":[42.7591,218.252,38.0377],"dipPosition":[50.7117,301.775,44.6385],"direction":[-0.117012,0.973509,0.196438],"extended":true,"handId":398,"id":3980,"length":54.4289,"mcpPosition":[42.7591,218.252,38.0377],"pipPosition":[54.8783,267.11,37.6437],"stabilizedTipPosition":[38.3577,315.006,53.3773],"timeVisible":0.080639,"tipPosition":[40.3299,316.452,44.2724],"tipVelocity":[2273.81,1081.11,-1188.87],"tool":false,"touchDistance":0.333333,"touchZone":"none","type":0,"width":21.1074},{"bases":[[[-0.981102,-0.167074,0.0975924],[-0.105762,0.0406961,-0.993558],[0.162026,-0.985104,-0.057597]],[[-0.812955,-0.578927,0.0628241],[0.0161919,-0.130316,-0.99134],[0.582101,-0.804898,0.115315]],[[-0.812955,-0.578927,0.0628241],[-0.581956,0.803848,-0.123109],[0.0207704,-0.136643,-0.990403]],[[-0.812955,-0.578927,0.0628241],[-0.581956,0.803848,-0.123109],[0.0207704,-0.136643,-0.990403]]],"btipPosition":[-9.13908,338.701,60.3873],"carpPosition":[29.8951,223.611,18.6149],"dipPosition":[-8.76846,336.262,42.7148],"direction":[-0.0207704,0.136643,0.990403],"extended":false,"handId":398,"id":3981,"length":61.4169,"mcpPosition":[17.874,296.698,22.8882],"pipPosition":[-8.24416,332.813,17.7141],"stabilizedTipPosition":[-21.0471,335.449,56.8797],"timeVisible":0.080639,"tipPosition":[-9.6189,339.042,53.41],"tipVelocity":[2569.82,571.122,-30.9048],"tool":false,"touchDistance":0.333333,"touchZone":"none","type":1,"width":20.1617},{"bases":[[[-0.917691,-0.303102,0.256852],[-0.266523,-0.00977321,-0.963779],[0.294634,-0.952908,-0.071815]],[[-0.871549,-0.424522,0.245323],[-0.235186,-0.077062,-0.968891],[0.43022,-0.902132,-0.0326784]],[[-0.871549,-0.424522,0.245323],[-0.267437,-0.00776186,-0.963544],[0.410949,-0.905385,-0.106768]],[[-0.871549,-0.424522,0.245323],[-0.291029,0.045239,-0.955644],[0.394593,-0.904287,-0.162976]]],"btipPosition":[-44.7703,379.307,31.2095],"carpPosition":[17.5654,222.213,18.1423],"dipPosition":[-37.026,361.56,28.0109],"direction":[-0.410949,0.905385,0.106768],"extended":true,"handId":398,"id":3982,"length":69.9797,"mcpPosition":[-3.16467,289.259,23.1951],"pipPosition":[-24.8216,334.672,24.8401],"stabilizedTipPosition":[-44.7161,374.07,31.0239],"timeVisible":0.080639,"tipPosition":[-42.2993,374.656,25.3655],"tipVelocity":[2230.75,1435.84,-683.357],"tool":false,"touchDistance":0.333333,"touchZone":"none","type":2,"width":19.8015},{"bases":[[[-0.84161,-0.438422,0.315402],[-0.321879,-0.0617752,-0.944763],[0.433689,-0.896644,-0.0891281]],[[-0.882014,-0.343164,0.322939],[-0.270036,-0.19355,-0.943196],[0.386176,-0.919117,0.0780477]],[[-0.882014,-0.343164,0.322939],[-0.343705,-0.000325202,-0.939078],[0.322362,-0.939276,-0.11766]],[[-0.882014,-0.343164,0.322939],[-0.379373,0.110614,-0.918608],[0.279511,-0.93274,-0.22775]]],"btipPosition":[-54.4305,364.161,30.3297],"carpPosition":[5.76608,219.256,20.4932],"dipPosition":[-48.9764,345.96,25.8856],"direction":[-0.322362,0.939276,0.11766],"extended":true,"handId":398,"id":3983,"length":67.2873,"mcpPosition":[-21.6303,275.898,26.1234],"pipPosition":[-39.6501,318.786,22.4816],"stabilizedTipPosition":[-64.5004,351.282,31.5292],"timeVisible":0.080639,"tipPosition":[-51.5536,359.275,22.7285],"tipVelocity":[1904.03,1353.75,-714.913],"tool":false,"touchDistance":0.333333,"touchZone":"none","type":3,"width":18.8424},{"bases":[[[-0.720929,-0.522978,0.454704],[-0.409273,-0.208186,-0.888343],[0.559247,-0.826531,-0.0639536]],[[-0.853998,-0.255363,0.453295],[-0.31327,-0.44323,-0.839887],[0.41539,-0.859265,0.29852]],[[-0.853998,-0.255363,0.453295],[-0.46391,-0.0206685,-0.885641],[0.235529,-0.966624,-0.100815]],[[-0.853998,-0.255363,0.453295],[-0.472687,0.016795,-0.88107],[0.21738,-0.966699,-0.13505]]],"btipPosition":[-60.8324,331.105,26.6767],"carpPosition":[-4.0658,213.894,29.4703],"dipPosition":[-56.9192,313.703,24.2456],"direction":[-0.235529,0.966624,0.100815],"extended":true,"handId":398,"id":3984,"length":52.752,"mcpPosition":[-36.7685,262.227,33.21],"pipPosition":[-52.1081,293.958,22.1862],"stabilizedTipPosition":[-65.2831,318.28,27.5504],"timeVisible":0.080639,"tipPosition":[-57.9544,323.245,27.6707],"tipVelocity":[1072.92,2374.01,-697.262],"tool":false,"touchDistance":0.333333,"touchZone":"none","type":4,"width":16.7373}],"r":[[0.987061,-0.12065,-0.105611],[0.105464,0.984637,-0.139163],[0.120778,0.126224,0.984622]],"s":1.00383,"t":[34.9388,24.4967,-17.1723],"timestamp":261986150844},{"currentFrameRate":28.4306,"devices":[],"gestures":[],"hands":[{"armBasis":[[0.853789,0.241664,-0.461132],[0.0836562,0.810545,0.579671],[0.513854,-0.533493,0.671818]],"armWidth":65.7594,"confidence":0.446506,"direction":[-0.209439,0.974174,0.0843841],"elbow":[187.834,67.1752,211.817],"grabAngle":0.636362,"grabStrength":0,"id":398,"palmNormal":[-0.447711,-0.0188161,-0.893981],"palmPosition":[18.9907,282.207,25.7541],"palmVelocity":[1526.58,1636.67,-373.826],"palmWidth":91.7607,"pinchDistance":58.2797,"pinchStrength":0.412236,"r":[[0.904708,-0.416054,-0.091664],[0.386573,0.892121,-0.23384],[0.179065,0.176122,0.967945]],"s":1.01533,"sphereCenter":[-5.37908,306.685,-40.9214],"sphereRadius":76.4684,"stabilizedPalmPosition":[12.1,275.144,27.6278],"t":[57.5479,42.9333,-26.1231],"timeVisible":0.091178,"type":"right","wrist":[47.9188,212.438,28.8901]}],"id":229602,"interactionBox":{"center":[0,200,0],"size":[235.247,235.247,147.751]},"pointables":[{"bases":[[[0.709382,0.297467,0.638976],[-0.417652,-0.55286,0.721049],[0.567753,-0.778369,-0.267951]],[[0.534395,0.492343,0.687038],[-0.534663,-0.432646,0.725915],[0.654643,-0.755259,0.0320337]],[[0.534395,0.492343,0.687038],[-0.751838,-0.094525,0.652537],[0.386214,-0.865254,0.319648]],[[0.534395,0.492343,0.687038],[-0.838603,0.207214,0.503793],[0.105675,-0.845376,0.523614]]],"btipPosition":[-39.4067,310.425,-1.49828],"carpPosition":[9.88372,220.932,24.2947],"dipPosition":[-36.8238,289.763,11.2999],"direction":[-0.386214,0.865254,-0.319648],"extended":false,"handId":398,"id":3980,"length":54.4289,"mcpPosition":[9.88372,220.932,24.2947],"pipPosition":[-23.0713,258.952,22.6821],"stabilizedTipPosition":[-6.66996,309.56,23.0758],"timeVisible":0.091178,"tipPosition":[-40.1865,305.075,12.6799],"tipVelocity":[-7584.83,-997.805,-4799.13],"tool":false,"touchDistance":-0.487004,"touchZone":"touching","type":0,"width":21.1074},{"bases":[[[0.784569,0.0683737,-0.61626],[0.597266,0.183567,0.780754],[0.166508,-0.980626,0.103184]],[[0.740449,0.247909,-0.624721],[0.0930105,0.882751,0.460543],[0.665645,-0.399115,0.630574]],[[0.740449,0.247909,-0.624721],[0.0930105,0.882751,0.460543],[0.665645,-0.399115,0.630574]],[[0.740449,0.247909,-0.624721],[-0.298262,0.954153,0.0251235],[0.602308,0.167728,0.780444]]],"btipPosition":[-28.5526,331.796,-40.022],"carpPosition":[44.0371,242.952,29.3922],"dipPosition":[-16.7997,335.069,-24.7931],"direction":[-0.665645,0.399115,-0.630574],"extended":true,"handId":398,"id":3983,"length":67.2873,"mcpPosition":[33.5187,304.899,22.8741],"pipPosition":[2.45822,323.522,-6.54988],"stabilizedTipPosition":[-52.1403,345.292,9.76813],"timeVisible":0.091178,"tipPosition":[-20.5712,340.358,-27.9921],"tipVelocity":[2592.91,-2602.31,-6246.03],"tool":false,"touchDistance":-0.715737,"touchZone":"touching","type":3,"width":18.8424},{"bases":[[[0.689024,-0.0768595,-0.720651],[0.724373,0.104605,0.681426],[0.0230097,-0.991539,0.12775]],[[0.676349,0.0836494,-0.731816],[0.688691,0.280584,0.668564],[0.26126,-0.956178,0.132164]],[[0.676349,0.0836494,-0.731816],[0.648378,0.403824,0.645393],[0.349512,-0.911004,0.218889]],[[0.676349,0.0836494,-0.731816],[0.648378,0.403824,0.645393],[0.349512,-0.911004,0.218889]]],"btipPosition":[27.15,371.508,-3.58189],"carpPosition":[51.5746,243.208,17.1806],"dipPosition":[33.4418,355.109,0.358474],"direction":[-0.349512,0.911004,-0.218889],"extended":true,"handId":398,"id":3984,"length":52.752,"mcpPosition":[50.229,301.19,9.71022],"pipPosition":[40.5812,336.5,4.82966],"stabilizedTipPosition":[-18.7564,342.79,12.5705],"timeVisible":0.091178,"tipPosition":[31.6797,366.295,4.9327],"tipVelocity":[8400.18,3855.55,-2732.05],"tool":false,"touchDistance":-0.196552,"touchZone":"touching","type":4,"width":16.7373},{"bases":[[[0.821799,0.385385,-0.419673],[0.390479,0.155461,0.907391],[0.414938,-0.909566,-0.0227265]],[[0.864856,0.275856,-0.419436],[0.350814,0.265546,0.898006],[0.3591,-0.92379,0.132885]],[[0.864856,0.275856,-0.419436],[0.280767,0.426828,0.859644],[0.416165,-0.861233,0.291693]],[[0.864856,0.275856,-0.419436],[0.280767,0.426828,0.859644],[0.416165,-0.861233,0.291693]]],"btipPosition":[-41.3062,379.686,22.4098],"carpPosition":[23.5227,233.646,39.2542],"dipPosition":[-33.8803,364.318,27.6147],"direction":[-0.416165,0.861233,-0.291693],"extended":true,"handId":398,"id":3981,"length":61.4169,"mcpPosition":[-7.2627,301.129,40.9403],"pipPosition":[-23.3751,342.578,34.9779],"stabilizedTipPosition":[-29.0093,352.918,42.5989],"timeVisible":0.091178,"tipPosition":[-33.8203,368.905,19.6601],"tipVelocity":[-2898.23,3606.76,-3104.24],"tool":false,"touchDistance":-0.261927,"touchZone":"touching","type":1,"width":20.1617},{"bases":[[[0.791614,0.226769,-0.567383],[0.532807,0.19837,0.822658],[0.299105,-0.953533,0.0362084]],[[0.783156,0.252709,-0.568159],[0.502547,0.280887,0.817649],[0.366216,-0.925873,0.09298]],[[0.783156,0.252709,-0.568159],[0.408226,0.480282,0.776325],[0.469061,-0.839921,0.272973]],[[0.783156,0.252709,-0.568159],[0.375125,0.536707,0.755795],[0.495932,-0.805036,0.325528]]],"btipPosition":[-29.1016,393.628,13.9464],"carpPosition":[34.0415,239.187,35.6701],"dipPosition":[-19.3685,377.828,20.3352],"direction":[-0.469061,0.839921,-0.272973],"extended":true,"handId":398,"id":3982,"length":69.9797,"mcpPosition":[12.9968,306.277,33.1225],"pipPosition":[-5.43824,352.884,28.442],"stabilizedTipPosition":[-33.8191,383.789,21.4972],"timeVisible":0.091178,"tipPosition":[-18.234,393.145,20.5442],"tipVelocity":[1530.14,1401.34,-1428.78],"tool":false,"touchDistance":0.333333,"touchZone":"hovering","type":2,"width":19.8015}],"r":[[0.904708,-0.416054,-0.091664],[0.386573,0.892121,-0.23384],[0.179065,0.176122,0.967945]],"s":1.01533,"t":[57.5479,42.9333,-26.1231],"timestamp":261986161383},{"currentFrameRate":31.8722,"devices":[],"gestures":[],"hands":[{"armBasis":[[0.901826,0.109701,-0.417941],[0.142084,0.838163,0.526587],[0.408071,-0.534273,0.740291]],"armWidth":65.7594,"confidence":0.489153,"direction":[-0.127753,0.990986,0.0403304],"elbow":[163.898,71.5269,231.984],"grabAngle":0.449941,"grabStrength":0,"id":398,"palmNormal":[-0.450161,-0.0217029,-0.892684],"palmPosition":[30.4485,288.718,23.5149],"palmVelocity":[1105.11,627.962,-215.968],"palmWidth":91.7607,"pinchDistance":61.2699,"pinchStrength":0,"r":[[0.767964,-0.63824,-0.0536806],[0.594793,0.74175,-0.309884],[0.237598,0.206051,0.949258]],"s":0.990208,"sphereCenter":[-9.51995,296.136,-131.053],"sphereRadius":160.113,"stabilizedPalmPosition":[24.1398,284.051,24.929],"t":[74.5813,55.407,-31.718],"timeVisible":0.101546,"type":"right","wrist":[52.786,217.002,30.4121]}],"id":229603,"interactionBox":{"center":[0,200,0],"size":[235.247,235.247,147.751]},"pointables":[{"bases":[[[0.733331,0.265981,0.625684],[-0.46007,-0.483433,0.744733],[0.500562,-0.833994,-0.232146]],[[0.552918,0.500288,0.666328],[-0.560681,-0.368169,0.741679],[0.616375,-0.783685,0.0769351]],[[0.552918,0.500288,0.666328],[-0.739376,-0.0741412,0.669199],[0.384195,-0.862679,0.328907]],[[0.552918,0.500288,0.666328],[-0.82493,0.216038,0.52232],[0.117359,-0.838474,0.532154]]],"btipPosition":[-31.2869,319.069,-3.79158],"carpPosition":[16.2908,228.405,24.8002],"dipPosition":[-28.4184,298.575,9.21537],"direction":[-0.384195,0.862679,-0.328907],"extended":false,"handId":398,"id":3980,"length":54.4289,"mcpPosition":[16.2908,228.405,24.8002],"pipPosition":[-14.7378,267.856,20.9273],"stabilizedTipPosition":[-21.5286,312.534,8.26762],"timeVisible":0.101546,"tipPosition":[-27.7528,315.407,6.57627],"tipVelocity":[789.497,837.442,-216.56],"tool":false,"touchDistance":-0.500316,"touchZone":"touching","type":0,"width":21.1074},{"bases":[[[0.785856,-0.0246189,-0.617919],[0.612547,0.168243,0.772322],[0.0849466,-0.985438,0.147295]],[[0.773483,0.0736823,-0.629519],[0.590915,0.275371,0.758281],[0.229223,-0.95851,0.169455]],[[0.773483,0.0736823,-0.629519],[0.528876,0.472345,0.70511],[0.349304,-0.878329,0.326382]],[[0.773483,0.0736823,-0.629519],[0.480796,0.57896,0.658514],[0.412987,-0.81202,0.41239]]],"btipPosition":[17.9387,395.957,-5.76353],"carpPosition":[52.1653,247.724,28.9379],"dipPosition":[25.9973,380.112,2.28346],"direction":[-0.349304,0.878329,-0.326382],"extended":true,"handId":398,"id":3983,"length":67.2873,"mcpPosition":[46.7992,309.975,19.6332],"pipPosition":[36.1031,354.701,11.7261],"stabilizedTipPosition":[-26.8308,361.836,4.9545],"timeVisible":0.101546,"tipPosition":[15.7268,384.749,-8.79127],"tipVelocity":[4402.16,5764.23,3144.93],"tool":false,"touchDistance":-0.283333,"touchZone":"touching","type":3,"width":18.8424},{"bases":[[[0.678321,-0.165965,-0.715777],[0.732402,0.0746388,0.676769],[-0.0588953,-0.983303,0.172182]],[[0.678255,0.00709365,-0.734792],[0.721993,0.179632,0.668175],[0.136732,-0.983708,0.116715]],[[0.678255,0.00709365,-0.734792],[0.677389,0.381527,0.628952],[0.284805,-0.924331,0.253967]],[[0.678255,0.00709365,-0.734792],[0.653807,0.450614,0.607852],[0.335419,-0.892691,0.300993]]],"btipPosition":[46.2038,375.584,-8.25005],"carpPosition":[59.6648,246.807,16.7347],"dipPosition":[52.2419,359.514,-2.83168],"direction":[-0.284805,0.924331,-0.253967],"extended":true,"handId":398,"id":3984,"length":52.752,"mcpPosition":[63.1088,304.306,6.66609],"pipPosition":[58.0595,340.633,2.35603],"stabilizedTipPosition":[16.8838,358.42,2.0559],"timeVisible":0.101546,"tipPosition":[49.7461,370.601,-1.69061],"tipVelocity":[1832.12,400.427,-417.459],"tool":false,"touchDistance":-0.283333,"touchZone":"touching","type":4,"width":16.7373},{"bases":[[[0.849765,0.29671,-0.435732],[0.404487,0.163087,0.899885],[0.338067,-0.940939,0.0185699]],[[0.879868,0.198985,-0.431552],[0.3422,0.364826,0.865911],[0.329745,-0.909564,0.252906]],[[0.879868,0.198985,-0.431552],[0.273913,0.529728,0.80272],[0.388334,-0.824496,0.411586]],[[0.879868,0.198985,-0.431552],[0.23853,0.600506,0.763214],[0.411017,-0.774466,0.480902]]],"btipPosition":[-26.037,385.856,7.49116],"carpPosition":[30.9771,240.602,39.1872],"dipPosition":[-18.7029,372.037,16.0722],"direction":[-0.388334,0.824496,-0.411586],"extended":true,"handId":398,"id":3981,"length":61.4169,"mcpPosition":[5.895,310.413,37.8095],"pipPosition":[-8.90022,351.224,26.4619],"stabilizedTipPosition":[-27.1584,364.741,29.4358],"timeVisible":0.101546,"tipPosition":[-18.7052,380.536,11.8918],"tipVelocity":[1470.69,629.481,-1364.02],"tool":false,"touchDistance":0.292857,"touchZone":"touching","type":1,"width":20.1617},{"bases":[[[0.806137,0.134679,-0.576198],[0.549651,0.190203,0.813454],[0.21915,-0.972463,0.0793035]],[[0.796721,0.17349,-0.57891],[0.509071,0.323593,0.79758],[0.325704,-0.930155,0.169495]],[[0.796721,0.17349,-0.57891],[0.424724,0.520726,0.740577],[0.429936,-0.83591,0.341188]],[[0.796721,0.17349,-0.57891],[0.378736,0.60314,0.701984],[0.470951,-0.778539,0.414827]]],"btipPosition":[-11.9168,400.435,2.98253],"carpPosition":[41.9092,245.086,35.3685],"dipPosition":[-2.67396,385.156,11.1239],"direction":[-0.429936,0.83591,-0.341188],"extended":true,"handId":398,"id":3982,"length":69.9797,"mcpPosition":[26.49,313.508,29.7888],"pipPosition":[10.0944,360.331,21.2565],"stabilizedTipPosition":[-19.62,391.549,11.6628],"timeVisible":0.101546,"tipPosition":[-0.766996,400.651,11.0319],"tipVelocity":[1646.61,668.112,-1018.6],"tool":false,"touchDistance":0.333333,"touchZone":"hovering","type":2,"width":19.8015}],"r":[[0.767964,-0.63824,-0.0536806],[0.594793,0.74175,-0.309884],[0.237598,0.206051,0.949258]],"s":0.990208,"t":[74.5813,55.407,-31.718],"timestamp":261986171751},{"currentFrameRate":35.1239,"devices":[],"gestures":[],"hands":[{"armBasis":[[0.923161,0.034118,-0.382897],[0.180966,0.84021,0.511173],[0.339155,-0.541186,0.769475]],"armWidth":65.7594,"confidence":0.529921,"direction":[-0.074462,0.99695,0.0233846],"elbow":[148.388,72.569,239.963],"grabAngle":0.512978,"grabStrength":0,"id":398,"palmNormal":[-0.443407,-0.0120958,-0.896239],"palmPosition":[38.0647,292.622,21.9793],"palmVelocity":[728.328,373.35,-146.852],"palmWidth":91.7607,"pinchDistance":60.1397,"pinchStrength":0,"r":[[0.612737,-0.790274,-0.00455825],[0.73587,0.572639,-0.361358],[0.288182,0.218063,0.932416]],"s":0.971232,"sphereCenter":[7.34134,307.679,-101.218],"sphereRadius":129.13