{"frames":242,"data":[{"currentFrameRate":25.4016,"devices":[],"gestures":[],"hands":[],"id":230102,"interactionBox":{"center":[0,200,0],"size":[235.247,235.247,147.751]},"pointables":[],"r":[[-0.020113,-0.761857,-0.647433],[0.506356,0.550609,-0.663651],[0.86209,-0.34118,0.374696]],"s":-5.55733,"t":[884.858,792.664,758.259],"timestamp":262000174667},{"currentFrameRate":25.3908,"devices":[],"gestures":[],"hands":[],"id":230103,"interactionBox":{"center":[0,200,0],"size":[235.247,235.247,147.751]},"pointables":[],"r":[[-0.020113,-0.761857,-0.647433],[0.506356,0.550609,-0.663651],[0.86209,-0.34118,0.374696]],"s":-5.55733,"t":[884.858,792.664,758.259],"timestamp":262000214128},{"currentFrameRate":25.3936,"devices":[],"gestures":[],"hands":[],"id":230104,"interactionBox":{"center":[0,200,0],"size":[235.247,235.247,147.751]},"pointables":[],"r":[[-0.020113,-0.761857,-0.647433],[0.506356,0.550609,-0.663651],[0.86209,-0.34118,0.374696]],"s":-5.55733,"t":[884.858,792.664,758.259],"timestamp":262000253488},{"currentFrameRate":25.3736,"devices":[],"gestures":[],"hands":[],"id":230105,"interactionBox":{"center":[0,200,0],"size":[235.247,235.247,147.751]},"pointables":[],"r":[[-0.020113,-0.761857,-0.647433],[0.506356,0.550609,-0.663651],[0.86209,-0.34118,0.374696]],"s":-5.55733,"t":[884.858,792.664,758.259],"timestamp":262000293042},{"currentFrameRate":25.402,"devices":[],"gestures":[],"hands":[],"id":230106,"interactionBox":{"center":[0,200,0],"size":[235.247,235.247,147.751]},"pointables":[],"r":[[-0.020113,-0.761857,-0.647433],[0.506356,0.550609,-0.663651],[0.86209,-0.34118,0.374696]],"s":-5.55733,"t":[884.858,792.664,758.259],"timestamp":262000332206},{"currentFrameRate":25.3995,"devices":[],"gestures":[],"hands":[],"id":230107,"interactionBox":{"center":[0,200,0],"size":[235.247,235.247,147.751]},"pointables":[],"r":[[-0.020113,-0.761857,-0.647433],[0.506356,0.550609,-0.663651],[0.86209,-0.34118,0.374696]],"s":-5.55733,"t":[884.858,792.664,758.259],"timestamp":262000371595},{"currentFrameRate":25.4018,"devices":[],"gestures":[],"hands":[],"id":230108,"interactionBox":{"center":[0,200,0],"size":[235.247,235.247,147.751]},"pointables":[],"r":[[-0.020113,-0.761857,-0.647433],[0.506356,0.550609,-0.663651],[0.86209,-0.34118,0.374696]],"s":-5.55733,"t":[884.858,792.664,758.259],"timestamp":262000410946},{"currentFrameRate":25.4007,"devices":[],"gestures":[],"hands":[],"id":230109,"interactionBox":{"center":[0,200,0],"size":[235.247,235.247,147.751]},"pointables":[],"r":[[-0.020113,-0.761857,-0.647433],[0.506356,0.550609,-0.663651],[0.86209,-0.34118,0.374696]],"s":-5.55733,"t":[884.858,792.664,758.259],"timestamp":262000450323},{"currentFrameRate":25.4077,"devices":[],"gestures":[],"hands":[],"id":230110,"interactionBox":{"center":[0,200,0],"size":[235.247,235.247,147.751]},"pointables":[],"r":[[-0.020113,-0.761857,-0.647433],[0.506356,0.550609,-0.663651],[0.86209,-0.34118,0.374696]],"s":-5.55733,"t":[884.858,792.664,758.259],"timestamp":262000489631},{"currentFrameRate":25.3954,"devices":[],"gestures":[],"hands":[],"id":230111,"interactionBox":{"center":[0,200,0],"size":[235.247,235.247,147.751]},"pointables":[],"r":[[-0.020113,-0.761857,-0.647433],[0.506356,0.550609,-0.663651],[0.86209,-0.34118,0.374696]],"s":-5.55733,"t":[884.858,792.664,758.259],"timestamp":262000529096},{"currentFrameRate":25.3999,"devices":[],"gestures":[],"hands":[],"id":230112,"interactionBox":{"center":[0,200,0],"size":[235.247,235.247,147.751]},"pointables":[],"r":[[-0.020113,-0.761857,-0.647433],[0.506356,0.550609,-0.663651],[0.86209,-0.34118,0.374696]],"s":-5.55733,"t":[884.858,792.664,758.259],"timestamp":262000568434},{"currentFrameRate":25.3742,"devices":[],"gestures":[],"hands":[{"armBasis":[[0.276615,-0.959723,-0.049156],[0.953555,0.267772,0.137949],[-0.11923,-0.0850318,0.989219]],"armWidth":64.2597,"confidence":0,"direction":[0.425087,0.537879,-0.728002],"elbow":[97.0009,107.625,391.083],"grabAngle":2.33454,"grabStrength":0.418739,"id":400,"palmNormal":[-0.853569,-0.0294259,-0.520148],"palmPosition":[152.801,173.537,63.6294],"palmVelocity":[1.19209e-7,1.19209e-7,1.19209e-7],"palmWidth":91.7607,"pinchDistance":49.3887,"pinchStrength":0.300313,"r":[[1,-5.55112e-18,0],[5.55112e-18,1,1.11022e-17],[-6.16298e-35,-1.11022e-17,1]],"s":1,"sphereCenter":[115.543,178.803,19.7399],"sphereRadius":51.8715,"stabilizedPalmPosition":[152.801,173.537,63.6294],"t":[0,0,0],"timeVisible":0,"type":"right","wrist":[129.466,130.778,121.732]}],"id":230113,"interactionBox":{"center":[0,200,0],"size":[235.247,235.247,147.751]},"pointables":[{"bases":[[[0.967605,-0.207746,0.143463],[-0.0265712,0.48129,0.876158],[-0.251066,-0.851587,0.460179]],[[0.997585,-0.0434944,0.054146],[-0.0296037,0.438955,0.898021],[-0.0628265,-0.897456,0.436607]],[[0.997585,-0.0434944,0.054146],[-0.00631109,0.719625,0.694335],[-0.0691645,-0.693,0.717612]],[[0.997585,-0.0434944,0.054146],[0.017646,0.912768,0.408098],[-0.0671727,-0.406157,0.911331]]],"btipPosition":[123.39,238.535,43.6316],"carpPosition":[116.263,159.942,111.794],"dipPosition":[121.804,228.949,65.1406],"direction":[0.0691645,0.693,-0.717612],"extended":true,"handId":400,"id":4000,"length":52.5578,"mcpPosition":[116.263,159.942,111.794],"pipPosition":[119.426,205.12,89.8153],"stabilizedTipPosition":[123.025,236.33,48.5787],"timeVisible":0,"tipPosition":[123.025,236.33,48.5787],"tipVelocity":[1.19209e-7,1.19209e-7,1.19209e-7],"tool":false,"touchDistance":1,"touchZone":"none","type":0,"width":20.4215},{"bases":[[[0.368296,-0.740237,-0.562501],[0.898786,0.128741,0.419058],[-0.237785,-0.659905,0.71273]],[[0.356805,-0.770208,-0.528649],[0.93361,0.313738,0.173032],[0.0325865,-0.555291,0.831017]],[[0.356805,-0.770208,-0.528649],[0.722776,0.58613,-0.366125],[0.591849,-0.25146,0.765822]],[[0.356805,-0.770208,-0.528649],[0.36953,0.636108,-0.677359],[0.857985,0.0463334,0.511581]]],"btipPosition":[127.152,237.824,-5.8034],"carpPosition":[140.132,159.474,110.563],"dipPosition":[141.936,238.622,3.01131],"direction":[-0.591849,0.25146,-0.765822],"extended":true,"handId":400,"id":4001,"length":59.3056,"mcpPosition":[157.774,208.434,57.6832],"pipPosition":[156.362,232.493,21.6783],"stabilizedTipPosition":[130.552,238.008,-3.77601],"timeVisible":0,"tipPosition":[130.552,238.008,-3.77601],"tipVelocity":[1.19209e-7,1.19209e-7,1.19209e-7],"tool":false,"touchDistance":1,"touchZone":"none","type":1,"width":19.5066},{"bases":[[[-0.136129,-0.917796,-0.372987],[0.908178,-0.266036,0.323167],[-0.395829,-0.294746,0.869738]],[[-0.12325,-0.907779,-0.400932],[0.92284,0.043727,-0.382695],[0.364934,-0.417164,0.832345]],[[-0.12325,-0.907779,-0.400932],[0.0379128,0.399411,-0.915988],[0.991651,-0.128096,-0.0148111]],[[-0.12325,-0.907779,-0.400932],[-0.605849,0.388814,-0.694097],[0.785975,0.157357,-0.597898]]],"btipPosition":[122.663,161.477,19.7316],"carpPosition":[145.751,129.574,89.5857],"dipPosition":[136.325,164.212,9.33842],"direction":[-0.991651,0.128096,0.0148111],"extended":false,"handId":400,"id":4004,"length":50.9386,"mcpPosition":[168.898,146.81,38.7266],"pipPosition":[155.885,161.686,9.04628],"stabilizedTipPosition":[125.805,162.106,17.3411],"timeVisible":0,"tipPosition":[125.805,162.106,17.3411],"tipVelocity":[1.19209e-7,1.19209e-7,1.19209e-7],"tool":false,"touchDistance":0.333333,"touchZone":"none","type":4,"width":16.1934},{"bases":[[[0.17413,-0.833616,-0.524179],[0.942673,-0.0127778,0.333473],[-0.284686,-0.552197,0.783602]],[[0.155289,-0.867692,-0.472225],[0.880024,0.338691,-0.332937],[0.448825,-0.363867,0.816184]],[[0.155289,-0.867692,-0.472225],[-0.083275,0.464824,-0.881478],[0.984353,0.176209,-0.0000746824]],[[0.155289,-0.867692,-0.472225],[-0.674638,0.256043,-0.692319],[0.72163,0.426091,-0.545617]]],"btipPosition":[102.649,194.405,19.484],"carpPosition":[146.34,150.994,103.949],"dipPosition":[116.325,202.48,9.14392],"direction":[-0.984353,-0.176209,0.0000746824],"extended":false,"handId":400,"id":4002,"length":67.574,"mcpPosition":[166.371,189.846,48.8154],"pipPosition":[144.554,207.533,9.14177],"stabilizedTipPosition":[105.795,196.262,17.1058],"timeVisible":0,"tipPosition":[105.795,196.262,17.1058],"tipVelocity":[1.19209e-7,1.19209e-7,1.19209e-7],"tool":false,"touchDistance":0.333333,"touchZone":"none","type":2,"width":19.1581},{"bases":[[[0.058777,-0.902439,-0.42679],[0.943149,-0.0898995,0.31998],[-0.327131,-0.421334,0.845851]],[[0.0660176,-0.892873,-0.445444],[0.900547,0.245568,-0.358764],[0.429717,-0.377458,0.820286]],[[0.0660176,-0.892873,-0.445444],[-0.0725152,0.440944,-0.8946],[0.99518,0.0913608,-0.0356368]],[[0.0660176,-0.892873,-0.445444],[-0.662381,0.294653,-0.688789],[0.746252,0.340526,-0.57197]]],"btipPosition":[109.018,175.817,18.5205],"carpPosition":[149.578,141.162,97.141],"dipPosition":[123.079,182.233,7.74326],"direction":[-0.99518,-0.0913608,0.0356368],"extended":false,"handId":400,"id":4003,"length":64.9742,"mcpPosition":[170.244,167.778,43.7082],"pipPosition":[150.881,184.786,6.74769],"stabilizedTipPosition":[112.252,177.293,16.0417],"timeVisible":0,"tipPosition":[112.252,177.293,16.0417],"tipVelocity":[1.19209e-7,1.19209e-7,1.19209e-7],"tool":false,"touchDistance":0.333333,"touchZone":"none","type":3,"width":18.2302}],"r":[[1,-5.55112e-18,0],[5.55112e-18,1,1.11022e-17],[-6.16298e-35,-1.11022e-17,1]],"s":1,"t":[0,0,0],"timestamp":262000608027},{"currentFrameRate":25.3605,"devices":[],"gestures":[],"hands":[{"armBasis":[[0.262981,-0.934463,-0.240042],[0.946294,0.201328,0.252972],[-0.188066,-0.293677,0.937222]],"armWidth":65.7594,"confidence":0.205281,"direction":[0.485065,0.394625,-0.780374],"elbow":[83.8282,77.5932,371.659],"grabAngle":1.80706,"grabStrength":0.618699,"id":400,"palmNormal":[-0.830665,-0.0709973,-0.552227],"palmPosition":[163.178,193.395,54.8163],"palmVelocity":[262.513,502.379,-222.953],"palmWidth":91.7607,"pinchDistance":48.2562,"pinchStrength":0.141031,"r":[[0.999902,-0.00951879,0.0102593],[0.00983623,0.99946,-0.0313489],[-0.0099554,0.0314468,0.999456]],"s":1.00077,"sphereCenter":[118.564,198.747,5.10753],"sphereRadius":62.4327,"stabilizedPalmPosition":[162.353,191.817,55.5169],"t":[5.18844,9.92926,-4.40656],"timeVisible":0.039529,"type":"right","wrist":[135.036,157.558,116.466]}],"id":230114,"interactionBox":{"center":[0,200,0],"size":[235.247,235.247,147.751]},"pointables":[{"bases":[[[0.947607,-0.228128,0.223602],[-0.0377907,0.61501,0.787613],[-0.317194,-0.754798,0.574167]],[[0.985168,-0.109088,0.132452],[-0.0626546,0.489912,0.869517],[-0.159744,-0.86492,0.475811]],[[0.985168,-0.109088,0.132452],[-0.00371372,0.758164,0.652053],[-0.171552,-0.642874,0.746514]],[[0.985168,-0.109088,0.132452],[0.0447383,0.908498,0.415487],[-0.165657,-0.403398,0.899904]]],"btipPosition":[142.103,265.667,30.0463],"carpPosition":[123.904,189.374,102.577],"dipPosition":[138.054,255.807,52.0418],"direction":[0.171552,0.642874,-0.746514],"extended":true,"handId":400,"id":4000,"length":54.4289,"mcpPosition":[123.904,189.374,102.577],"pipPosition":[131.945,232.915,78.6241],"stabilizedTipPosition":[139.636,261.107,36.2457],"timeVisible":0.039529,"tipPosition":[139.41,258.956,31.9255],"tipVelocity":[459.074,684.781,-340.848],"tool":false,"touchDistance":1,"touchZone":"none","type":0,"width":21.1074},{"bases":[[[0.0273444,-0.960516,-0.276876],[0.922088,-0.0827212,0.378036],[-0.386013,-0.265641,0.883419]],[[0.0305773,-0.958257,-0.284267],[0.996678,0.0507095,-0.0637327],[0.0754874,-0.281374,0.956624]],[[0.0305773,-0.958257,-0.284267],[0.623787,0.240514,-0.743669],[0.780996,-0.154583,0.605102]],[[0.0305773,-0.958257,-0.284267],[0.128623,0.285808,-0.949616],[0.991222,-0.00752658,0.131993]]],"btipPosition":[135.66,201.472,-27.7588],"carpPosition":[156.735,166.943,92.7673],"dipPosition":[155.002,201.325,-25.1833],"direction":[-0.780996,0.154583,-0.605102],"extended":false,"handId":400,"id":4003,"length":67.2873,"mcpPosition":[181.12,183.723,36.9612],"pipPosition":[177.597,196.853,-7.67691],"stabilizedTipPosition":[129.573,192.306,-10.8247],"timeVisible":0.039529,"tipPosition":[137.894,199.978,-22.4234],"tipVelocity":[704.715,610.83,-1093.07],"tool":false,"touchDistance":-0.376456,"touchZone":"touching","type":3,"width":18.8424},{"bases":[[[-0.17025,-0.957846,-0.2314],[0.877366,-0.254251,0.406922],[-0.448603,-0.133744,0.883668]],[[-0.173658,-0.958836,-0.22467],[0.984767,-0.167051,-0.0482441],[0.00872693,-0.229626,0.97324]],[[-0.173658,-0.958836,-0.22467],[0.661749,0.055341,-0.74768],[0.729336,-0.278516,0.624898]],[[-0.173658,-0.958836,-0.22467],[0.206822,0.18754,-0.960236],[0.962843,-0.21322,0.16574]]],"btipPosition":[146.285,180.326,-16.4315],"carpPosition":[152.605,154.498,86.9302],"dipPosition":[163.618,176.487,-13.448],"direction":[-0.729336,0.278516,-0.624898],"extended":false,"handId":400,"id":4004,"length":52.752,"mcpPosition":[178.838,162.319,35.2566],"pipPosition":[178.515,170.798,-0.683363],"stabilizedTipPosition":[141.628,173.318,-4.05624],"timeVisible":0.039529,"tipPosition":[147.589,178.725,-10.3811],"tipVelocity":[618.943,438.584,-837.017],"tool":false,"touchDistance":-0.268108,"touchZone":"touching","type":4,"width":16.7373},{"bases":[[[0.35089,-0.836832,-0.420225],[0.8856,0.150737,0.439307],[-0.304282,-0.5263,0.79399]],[[0.325083,-0.876723,-0.354512],[0.939245,0.343,0.0130227],[0.11018,-0.337207,0.934961]],[[0.325083,-0.876723,-0.354512],[0.563079,0.480624,-0.672267],[0.759779,0.0189246,0.649906]],[[0.325083,-0.876723,-0.354512],[0.137057,0.414593,-0.899627],[0.935701,0.243865,0.254938]]],"btipPosition":[129.498,236.93,-19.1547],"carpPosition":[147.741,187.582,102.659],"dipPosition":[146.194,241.282,-14.6056],"direction":[-0.759779,-0.0189246,-0.649906],"extended":false,"handId":400,"id":4001,"length":61.4169,"mcpPosition":[170.317,226.629,43.7504],"pipPosition":[165.373,241.759,1.79991],"stabilizedTipPosition":[130.573,238.007,-3.87942],"timeVisible":0.039529,"tipPosition":[138.383,241.293,-19.8191],"tipVelocity":[70.4654,-1.9355,-362.578],"tool":false,"touchDistance":1,"touchZone":"none","type":1,"width":20.1617},{"bases":[[[0.150406,-0.913596,-0.377783],[0.925278,-0.00450126,0.379263],[-0.348194,-0.406598,0.844653]],[[0.137345,-0.928094,-0.346091],[0.987138,0.157111,-0.0295738],[0.0818218,-0.337577,0.937735]],[[0.137345,-0.928094,-0.346091],[0.650808,0.347953,-0.674817],[0.746717,-0.132556,0.6518]],[[0.137345,-0.928094,-0.346091],[0.157764,0.365438,-0.917369],[0.977879,0.0713949,0.196611]]],"btipPosition":[132.765,226.01,-32.0705],"carpPosition":[153.753,177.873,97.7792],"dipPosition":[151.956,227.411,-28.2118],"direction":[-0.746717,0.132556,-0.6518],"extended":false,"handId":400,"id":4002,"length":69.9797,"mcpPosition":[178.251,206.481,38.3503],"pipPosition":[174.132,223.475,-8.85452],"stabilizedTipPosition":[126.002,215.624,-13.9863],"timeVisible":0.039529,"tipPosition":[135.014,224.408,-26.9911],"tipVelocity":[793.941,760.711,-1221.6],"tool":false,"touchDistance":-0.452664,"touchZone":"touching","type":2,"width":19.8015}],"r":[[0.999902,-0.00951879,0.0102593],[0.00983623,0.99946,-0.0313489],[-0.0099554,0.0314468,0.999456]],"s":1.00077,"t":[5.18844,9.92926,-4.40656],"timestamp":262000647556},{"currentFrameRate":26.4753,"devices":[],"gestures":[],"hands":[{"armBasis":[[0.293304,-0.882523,-0.367595],[0.934683,0.183932,0.304199],[-0.20085,-0.432807,0.878827]],"armWidth":65.7594,"confidence":0.3506,"direction":[0.528174,0.396178,-0.75105],"elbow":[81.7683,52.2957,343.027],"grabAngle":1.51376,"grabStrength":0.431214,"id":400,"palmNormal":[-0.803427,-0.0531219,-0.593029],"palmPosition":[167.674,207.706,44.446],"palmVelocity":[150.007,477.492,-346.011],"palmWidth":91.7607,"pinchDistance":47.0069,"pinchStrength":0.113643,"r":[[0.9994,-0.0197442,0.0284735],[0.0212586,0.99832,-0.0539021],[-0.0273614,0.054475,0.99814]],"s":1.01234,"sphereCenter":[119.498,211.99,-12.7639],"sphereRadius":72.2589,"stabilizedPalmPosition":[166.713,204.837,46.445],"t":[10.0306,22.0493,-11.795],"timeVisible":0.0695,"type":"right","wrist":[136.457,170.143,103.734]}],"id":230115,"interactionBox":{"center":[0,200,0],"size":[235.247,235.247,147.751]},"pointables":[{"bases":[[[0.932266,-0.244031,0.267074],[-0.0680154,0.606845,0.791905],[-0.355322,-0.756431,0.549143]],[[0.96885,-0.149275,0.197604],[-0.103699,0.480063,0.871083],[-0.224894,-0.86444,0.449629]],[[0.96885,-0.149275,0.197604],[-0.000388094,0.797001,0.603978],[-0.24765,-0.58524,0.772116]],[[0.96885,-0.149275,0.197604],[0.0532748,0.904865,0.422352],[-0.241852,-0.398668,0.884631]]],"btipPosition":[152.1,277.824,18.4252],"carpPosition":[126.049,203.724,90.1758],"dipPosition":[146.189,268.079,40.0474],"direction":[0.24765,0.58524,-0.772116],"extended":true,"handId":400,"id":4000,"length":54.4289,"mcpPosition":[126.049,203.724,90.1758],"pipPosition":[137.371,247.24,67.5413],"stabilizedTipPosition":[148.438,272.581,26.0625],"timeVisible":0.0695,"tipPosition":[147.089,274.255,21.7055],"tipVelocity":[319.275,406.519,-390.61],"tool":false,"touchDistance":1,"touchZone":"none","type":0,"width":21.1074},{"bases":[[[0.359622,-0.837104,-0.412225],[0.86493,0.133299,0.483868],[-0.350098,-0.530555,0.771973]],[[0.311853,-0.898128,-0.310024],[0.950112,0.296834,0.0957981],[0.00598685,-0.324432,0.94589]],[[0.311853,-0.898128,-0.310024],[0.664254,0.439393,-0.604731],[0.679348,-0.0173478,0.733611]],[[0.311853,-0.898128,-0.310024],[0.361933,0.413987,-0.835236],[0.878494,0.148262,0.454165]]],"btipPosition":[142.709,253.303,-34.9338],"carpPosition":[149.827,201.591,91.4044],"dipPosition":[158.385,255.949,-26.8298],"direction":[-0.679348,0.0173478,-0.733611],"extended":false,"handId":400,"id":4001,"length":61.4169,"mcpPosition":[175.802,240.954,34.1296],"pipPosition":[175.533,255.511,-8.31132],"stabilizedTipPosition":[136.369,243.864,-14.6288],"timeVisible":0.0695,"tipPosition":[146.958,255.909,-31.4477],"tipVelocity":[432.969,533.208,-499.199],"tool":false,"touchDistance":0.841546,"touchZone":"hovering","type":1,"width":20.1617},{"bases":[[[0.156262,-0.911464,-0.380546],[0.90538,-0.0218225,0.424041],[-0.394803,-0.4108,0.821811]],[[0.13567,-0.931458,-0.337609],[0.983207,0.0845986,0.161702],[-0.122058,-0.353877,0.927293]],[[0.13567,-0.931458,-0.337609],[0.852204,0.283511,-0.439738],[0.505313,-0.228052,0.832257]],[[0.13567,-0.931458,-0.337609],[0.494798,0.358922,-0.791423],[0.858352,-0.0596754,0.509579]]],"btipPosition":[158.007,246.513,-52.5057],"carpPosition":[155.938,191.852,86.7127],"dipPosition":[174.853,245.342,-42.5048],"direction":[-0.505313,0.228052,-0.832257],"extended":true,"handId":400,"id":4002,"length":69.9797,"mcpPosition":[183.716,220.755,28.8909],"pipPosition":[189.86,238.569,-17.7883],"stabilizedTipPosition":[149.092,235.329,-37.2944],"timeVisible":0.0695,"tipPosition":[155.331,243.961,-45.8379],"tipVelocity":[824.229,664.353,-634.698],"tool":false,"touchDistance":-0.721069,"touchZone":"touching","type":2,"width":19.8015},{"bases":[[[0.0277617,-0.957726,-0.286338],[0.901184,-0.099971,0.421751],[-0.432548,-0.269751,0.860312]],[[0.0408581,-0.949111,-0.31228],[0.991247,-0.0007639,0.132015],[-0.125535,-0.31494,0.940773]],[[0.0408581,-0.949111,-0.31228],[0.84398,0.200075,-0.497663],[0.534817,-0.243224,0.809205]],[[0.0408581,-0.949111,-0.31228],[0.478715,0.292928,-0.827662],[0.877019,-0.115676,0.466323]]],"btipPosition":[159.609,221.965,-49.0293],"carpPosition":[159.013,180.935,81.7263],"dipPosition":[176.722,219.708,-39.9299],"direction":[-0.534817,0.243224,-0.809205],"extended":false,"handId":400,"id":4003,"length":67.2873,"mcpPosition":[186.337,197.975,27.3799],"pipPosition":[192.195,212.671,-16.5186],"stabilizedTipPosition":[150.349,210.127,-32.9089],"timeVisible":0.0695,"tipPosition":[157.142,219.234,-42.0785],"tipVelocity":[781.943,667.57,-659.636],"tool":false,"touchDistance":-0.663693,"touchZone":"touching","type":3,"width":18.8424},{"bases":[[[-0.171773,-0.952739,-0.250565],[0.852752,-0.271152,0.446419],[-0.493262,-0.136987,0.859027]],[[-0.148356,-0.945231,-0.290737],[0.967394,-0.199736,0.155736],[-0.205277,-0.258153,0.944044]],[[-0.148356,-0.945231,-0.290737],[0.879861,0.00805614,-0.475162],[0.451481,-0.326301,0.830477]],[[-0.148356,-0.945231,-0.290737],[0.588397,0.151924,-0.794171],[0.794845,-0.288889,0.533633]]],"btipPosition":[167.898,198.024,-36.1148],"carpPosition":[155.005,168.615,75.5499],"dipPosition":[182.207,192.824,-26.5085],"direction":[-0.451481,0.326301,-0.830477],"extended":false,"handId":400,"id":4004,"length":52.752,"mcpPosition":[183.849,176.625,25.3171],"pipPosition":[191.429,186.158,-9.54466],"stabilizedTipPosition":[159.871,187.827,-22.4769],"timeVisible":0.0695,"tipPosition":[164.427,195.627,-28.7324],"tipVelocity":[697.944,580.061,-605.921],"tool":false,"touchDistance":-0.542031,"touchZone":"touching","type":4,"width":16.7373}],"r":[[0.9994,-0.0197442,0.0284735],[0.0212586,0.99832,-0.0539021],[-0.0273614,0.054475,0.99814]],"s":1.01234,"t":[10.0306,22.0493,-11.795],"timestamp":262000677527},{"currentFrameRate":28.6479,"devices":[],"gestures":[],"hands":[{"armBasis":[[0.307361,-0.868642,-0.388574],[0.936748,0.204345,0.28416],[-0.16743,-0.451336,0.876506]],"armWidth":65.7594,"confidence":0.441617,"direction":[0.54472,0.389495,-0.742681],"elbow":[93.7906,57.7014,333.367],"grabAngle":1.36328,"grabStrength":0.334826,"id":400,"palmNormal":[-0.789218,-0.061372,-0.611039],"palmPosition":[171.346,217.954,35.6968],"palmVelocity":[178.919,499.339,-426.334],"palmWidth":91.7607,"pinchDistance":53.3915,"pinchStrength":0.0765568,"r":[[0.998485,-0.0270327,0.0479284],[0.0305286,0.996807,-0.0737759],[-0.045781,0.0751273,0.996122]],"s":1.03004,"sphereCenter":[119.803,221.841,-26.5268],"sphereRadius":79.7291,"stabilizedPalmPosition":[169.672,213.215,39.5803],"t":[14.2876,33.2331,-19.8638],"timeVisible":0.090022,"type":"right","wrist":[139.38,180.594,94.7058]}],"id":230116,"interactionBox":{"center":[0,200,0],"size":[235.247,235.247,147.751]},"pointables":[{"bases":[[[0.926301,-0.2389,0.291365],[-0.0878558,0.615031,0.783593],[-0.366399,-0.751441,0.548715]],[[0.961244,-0.154022,0.228664],[-0.131277,0.473633,0.870883],[-0.242438,-0.86715,0.435058]],[[0.961244,-0.154022,0.228664],[-0.0100787,0.809211,0.587431],[-0.275514,-0.56697,0.776297]],[[0.961244,-0.154022,0.228664],[0.0708515,0.939546,0.335012],[-0.266439,-0.305827,0.914046]]],"btipPosition":[157.199,285.67,8.59652],"carpPosition":[128.672,214.354,80.4815],"dipPosition":[150.687,278.195,30.9377],"direction":[0.275514,0.56697,-0.776297],"extended":true,"handId":400,"id":4000,"length":54.4289,"mcpPosition":[128.672,214.354,80.4815],"pipPosition":[140.876,258.006,58.5805],"stabilizedTipPosition":[152.562,279.037,19.0624],"timeVisible":0.090022,"tipPosition":[151.672,284.178,11.9984],"tipVelocity":[241.724,407.782,-470.877],"tool":false,"touchDistance":1,"touchZone":"none","type":0,"width":21.1074},{"bases":[[[0.37101,-0.840539,-0.394774],[0.85308,0.140539,0.502496],[-0.366886,-0.523205,0.769189]],[[0.319133,-0.902446,-0.289389],[0.938803,0.259268,0.226781],[-0.129628,-0.344052,0.92996]],[[0.319133,-0.902446,-0.289389],[0.786401,0.422577,-0.450558],[0.528893,-0.0837879,0.844542]],[[0.319133,-0.902446,-0.289389],[0.506722,0.420527,-0.752589],[0.800866,0.0935361,0.591493]]],"btipPosition":[157.814,266.993,-48.3796],"carpPosition":[152.419,212.292,82.2878],"dipPosition":[172.105,268.662,-37.8252],"direction":[-0.528893,0.0837879,-0.844542],"extended":false,"handId":400,"id":4001,"length":61.4169,"mcpPosition":[179.639,251.11,25.2196],"pipPosition":[185.456,266.547,-16.5065],"stabilizedTipPosition":[144.962,252.033,-25.5117],"timeVisible":0.090022,"tipPosition":[156.339,266.252,-43.3628],"tipVelocity":[720.538,656.15,-627.728],"tool":false,"touchDistance":0.597491,"touchZone":"hovering","type":1,"width":20.1617},{"bases":[[[0.167129,-0.915058,-0.367065],[0.895261,-0.0151079,0.445287],[-0.413009,-0.403039,0.816691]],[[0.146315,-0.934028,-0.32586],[0.965144,0.0625256,0.25414],[-0.216999,-0.351686,0.91062]],[[0.146315,-0.934028,-0.32586],[0.918767,0.25041,-0.305225],[0.366687,-0.25473,0.894792]],[[0.146315,-0.934028,-0.32586],[0.656677,0.338065,-0.674157],[0.739843,-0.115346,0.662818]]],"btipPosition":[173.231,258.409,-65.0393],"carpPosition":[158.659,202.519,77.8441],"dipPosition":[187.752,256.145,-52.0309],"direction":[-0.366687,0.25473,-0.894792],"extended":true,"handId":400,"id":4002,"length":69.9797,"mcpPosition":[187.718,230.876,20.3826],"pipPosition":[198.641,248.58,-25.4572],"stabilizedTipPosition":[164.05,247.609,-50.7684],"timeVisible":0.090022,"tipPosition":[167.656,255.209,-58.1356],"tipVelocity":[715.793,567.416,-577.033],"tool":false,"touchDistance":-0.854924,"touchZone":"touching","type":2,"width":19.8015},{"bases":[[[0.0365627,-0.960635,-0.275397],[0.891291,-0.0932864,0.443731],[-0.451954,-0.261683,0.852795]],[[0.0503725,-0.952179,-0.301358],[0.974327,-0.0194441,0.224297],[-0.21943,-0.30492,0.926755]],[[0.0503725,-0.952179,-0.301358],[0.910135,0.16801,-0.378717],[0.411237,-0.2552,0.875075]],[[0.0503725,-0.952179,-0.301358],[0.604618,0.269239,-0.749631],[0.794921,-0.144446,0.589267]]],"btipPosition":[173.254,232.518,-60.8838],"carpPosition":[161.874,191.558,73.0474],"dipPosition":[188.766,229.7,-49.3854],"direction":[-0.411237,0.2552,-0.875075],"extended":true,"handId":400,"id":4003,"length":67.2873,"mcpPosition":[190.424,208.088,19.1759],"pipPosition":[200.663,222.317,-24.0685],"stabilizedTipPosition":[163.854,221.219,-45.8309],"timeVisible":0.090022,"tipPosition":[168.075,229.79,-53.8235],"tipVelocity":[646.983,507.951,-550.765],"tool":false,"touchDistance":-0.795199,"touchZone":"touching","type":3,"width":18.8424},{"bases":[[[-0.163765,-0.955758,-0.244351],[0.842674,-0.264315,0.469082],[-0.512915,-0.129089,0.848678]],[[-0.140158,-0.948862,-0.282874],[0.943468,-0.214656,0.252569],[-0.300373,-0.231483,0.925306]],[[-0.140158,-0.948862,-0.282874],[0.938989,-0.0367488,-0.341979],[0.314095,-0.313546,0.896121]],[[-0.140158,-0.948862,-0.282874],[0.7108,0.102465,-0.695891],[0.689289,-0.298601,0.66009]]],"btipPosition":[180.3,207.04,-47.0743],"carpPosition":[158.039,179.163,66.9106],"dipPosition":[192.708,201.664,-35.1916],"direction":[-0.314095,0.313546,-0.896121],"extended":true,"handId":400,"id":4004,"length":52.752,"mcpPosition":[188.032,186.711,17.2831],"pipPosition":[199.124,195.26,-16.8868],"stabilizedTipPosition":[171.659,196.928,-33.547],"timeVisible":0.090022,"tipPosition":[174.279,205.33,-39.7183],"tipVelocity":[583.005,437.36,-508.522],"tool":false,"touchDistance":0.283032,"touchZone":"touching","type":4,"width":16.7373}],"r":[[0.998485,-0.0270327,0.0479284],[0.0305286,0.996807,-0.0737759],[-0.045781,0.0751273,0.996122]],"s":1.03004,"t":[14.2876,33.2331,-19.8638],"timestamp":262000698049},{"currentFrameRate":30.6154,"devices":[],"gestures":[],"hands":[{"armBasis":[[0.334893,-0.842139,-0.422669],[0.934372,0.2389,0.264339],[-0.121635,-0.483455,0.866877]],"armWidth":65.7594,"confidence":0.524168,"direction":[0.564885,0.385453,-0.72961],"elbow":[109.498,58.2779,322.247],"grabAngle":1.23242,"grabStrength":0.292103,"id":400,"palmNormal":[-0.766556,-0.0821676,-0.636899],"palmPosition":[175.389,227.356,27.716],"palmVelocity":[197.535,459.33,-389.896],"palmWidth":91.7607,"pinchDistance":60.7902,"pinchStrength":0,"r":[[0.997068,-0.0295508,0.0705819],[0.0360403,0.995059,-0.0925151],[-0.0674992,0.0947876,0.993207]],"s":1.05703,"sphereCenter":[120.96,229.4,-40.7605],"sphereRadius":87.575,"stabilizedPalmPosition":[173.126,221.757,32.4133],"t":[18.4377,43.526,-27.8886],"timeVisible":0.110491,"type":"right","wrist":[142.618,189.916,86.2074]}],"id":230117,"interactionBox":{"center":[0,200,0],"size":[235.247,235.247,147.751]},"pointables":[{"bases":[[[0.918766,-0.221121,0.32707],[-0.12346,0.625973,0.77001],[-0.375002,-0.747839,0.547823]],[[0.951257,-0.146325,0.271474],[-0.172886,0.475927,0.862325],[-0.255381,-0.867227,0.427432]],[[0.951257,-0.146325,0.271474],[-0.0555139,0.78465,0.617449],[-0.30336,-0.602423,0.738281]],[[0.951257,-0.146325,0.271474],[0.0322547,0.92265,0.384287],[-0.306707,-0.356799,0.882398]]],"btipPosition":[162.39,297.684,1.67633],"carpPosition":[131.235,223.855,71.0501],"dipPosition":[154.893,288.963,23.244],"direction":[0.30336,0.602423,-0.738281],"extended":true,"handId":400,"id":4000,"length":54.4289,"mcpPosition":[131.235,223.855,71.0501],"pipPosition":[144.091,267.512,49.533],"stabilizedTipPosition":[157.527,289.232,11.4503],"timeVisible":0.110491,"tipPosition":[156.754,293.522,3.23856],"tipVelocity":[242.517,572.941,-346.773],"tool":false,"touchDistance":1,"touchZone":"none","type":0,"width":21.1074},{"bases":[[[0.0592219,-0.964233,-0.258356],[0.876491,-0.0736397,0.475752],[-0.477761,-0.254622,0.840781]],[[0.072183,-0.956958,-0.281108],[0.953736,-0.0162465,0.300207],[-0.291852,-0.289773,0.911512]],[[0.072183,-0.956958,-0.281108],[0.947511,0.153808,-0.280297],[0.311469,-0.24612,0.91783]],[[0.072183,-0.956958,-0.281108],[0.688626,0.251703,-0.68003],[0.721515,-0.144492,0.677154]]],"btipPosition":[185.692,240.965,-70.2732],"carpPosition":[164.984,201.419,65.1397],"dipPosition":[199.771,238.145,-57.0599],"direction":[-0.311469,0.24612,-0.91783],"extended":true,"handId":400,"id":4003,"length":67.2873,"mcpPosition":[195.164,217.503,12.0271],"pipPosition":[208.782,231.025,-30.506],"stabilizedTipPosition":[177.711,231.772,-57.6586],"timeVisible":0.110491,"tipPosition":[178.825,238.433,-63.4483],"tipVelocity":[591.547,412.637,-439.443],"tool":false,"touchDistance":0.27272,"touchZone":"touching","type":3,"width":18.8424},{"bases":[[[-0.142113,-0.961711,-0.234341],[0.829357,-0.244921,0.502176],[-0.540343,-0.122987,0.832408]],[[-0.124207,-0.95713,-0.261678],[0.922613,-0.208459,0.324547],[-0.365182,-0.201117,0.908952]],[[-0.124207,-0.95713,-0.261678],[0.969172,-0.0604682,-0.238852],[0.212789,-0.283278,0.935133]],[[-0.124207,-0.95713,-0.261678],[0.78746,0.065374,-0.612889],[0.603721,-0.282187,0.745582]]],"btipPosition":[191.402,214.361,-55.6898],"carpPosition":[161.533,188.876,59.0757],"dipPosition":[202.27,209.281,-42.2681],"direction":[-0.212789,0.283278,-0.935133],"extended":true,"handId":400,"id":4004,"length":52.752,"mcpPosition":[193.131,196.068,10.3995],"pipPosition":[206.616,203.494,-23.1664],"stabilizedTipPosition":[183.729,205.754,-43.8878],"timeVisible":0.110491,"tipPosition":[183.944,213.502,-48.5017],"tipVelocity":[525.058,360.983,-403.613],"tool":false,"touchDistance":0.327628,"touchZone":"hovering","type":4,"width":16.7373},{"bases":[[[0.395954,-0.841296,-0.368023],[0.833073,0.160516,0.529362],[-0.386276,-0.516193,0.764418]],[[0.337614,-0.905602,-0.256713],[0.910309,0.244739,0.333826],[-0.239486,-0.346393,0.907005]],[[0.337614,-0.905602,-0.256713],[0.894088,0.393805,-0.213364],[0.294317,-0.157489,0.942642]],[[0.337614,-0.905602,-0.256713],[0.704673,0.423981,-0.568925],[0.624061,0.0111785,0.781296]]],"btipPosition":[175.77,279.776,-61.4366],"carpPosition":[154.931,222.16,73.7101],"dipPosition":[186.906,279.975,-47.4954],"direction":[-0.294317,0.157489,-0.942642],"extended":true,"handId":400,"id":4001,"length":61.4169,"mcpPosition":[183.59,260.458,16.9958],"pipPosition":[194.335,276,-23.7004],"stabilizedTipPosition":[159.317,263.988,-39.5868],"timeVisible":0.110491,"tipPosition":[170.385,276.996,-55.4008],"tipVelocity":[841.763,607.966,-599.836],"tool":false,"touchDistance":0.386904,"touchZone":"hovering","type":1,"width":20.1617},{"bases":[[[0.192267,-0.918256,-0.346179],[0.879338,0.00460197,0.476176],[-0.435658,-0.395961,0.808342]],[[0.167317,-0.939182,-0.299903],[0.939123,0.0592361,0.338437],[-0.300089,-0.338272,0.891919]],[[0.167317,-0.939182,-0.299903],[0.950695,0.234262,-0.203223],[0.261119,-0.251113,0.932072]],[[0.167317,-0.939182,-0.299903],[0.747682,0.319154,-0.582333],[0.642632,-0.126797,0.75561]]],"btipPosition":[186.846,267.241,-74.6389],"carpPosition":[161.454,212.408,69.6439],"dipPosition":[199.458,264.753,-59.8094],"direction":[-0.261119,0.251113,-0.932072],"extended":true,"handId":400,"id":4002,"length":69.9797,"mcpPosition":[192.107,240.267,12.7699],"pipPosition":[207.213,257.295,-32.1286],"stabilizedTipPosition":[179.156,258.813,-62.7955],"timeVisible":0.110491,"tipPosition":[179.364,264.227,-68.2065],"tipVelocity":[643.693,428.985,-448.521],"tool":false,"touchDistance":0.269893,"touchZone":"touching","type":2,"width":19.8015}],"r":[[0.997068,-0.0295508,0.0705819],[0.0360403,0.995059,-0.0925151],[-0.0674992,0.0947876,0.993207]],"s":1.05703,"t":[18.4377,43.526,-27.8886],"timestamp":262000718518},{"currentFrameRate":32.3731,"devices":[],"gestures":[],"hands":[{"armBasis":[[0.371726,-0.774757,-0.511441],[0.925287,0.264545,0.271773],[-0.0752589,-0.574254,0.81521]],"armWidth":65.7594,"confidence":0.598321,"direction":[0.585996,0.3966,-0.706624],"elbow":[125.184,40.7339,299.836],"grabAngle":1.12841,"grabStrength":0.156388,"id":400,"palmNormal":[-0.739636,-0.0943971,-0.666354],"palmPosition":[179.314,236.302,21.0673],"palmVelocity":[190.613,434.555,-322.939],"palmWidth":91.7607,"pinchDistance":64.6388,"pinchStrength":0,"r":[[0.99495,-0.027742,0.0964627],[0.038063,0.993545,-0.106858],[-0.0928756,0.10999,0.989584]],"s":1.08853,"sphereCenter":[124.256,237.399,-53.4094],"sphereRadius":93.8244,"stabilizedPalmPosition":[176.887,230.598,25.5169],"t":[22.4749,53.1458,-35.2254],"timeVisible":0.131079,"type":"right","wrist":[145.676,197.096,77.8652]}],"id":230118,"interactionBox":{"center":[0,200,0],"size":[235.247,235.247,147.751]},"pointables":[{"bases":[[[0.909083,-0.205618,0.36234],[-0.164288,0.622315,0.765333],[-0.382856,-0.755279,0.531955]],[[0.941058,-0.133679,0.310707],[-0.218097,0.46232,0.859473],[-0.25854,-0.876579,0.405915]],[[0.941058,-0.133679,0.310707],[-0.105842,0.756078,0.645866],[-0.321258,-0.640684,0.697365]],[[0.941058,-0.133679,0.310707],[-0.0136218,0.902866,0.429707],[-0.33797,-0.408611,0.847828]]],"btipPosition":[166.29,308.88,-3.34322],"carpPosition":[133.575,231.952,62.6455],"dipPosition":[158.029,298.893,17.3795],"direction":[0.321258,0.640684,-0.697365],"extended":true,"handId":400,"id":4000,"length":54.4289,"mcpPosition":[133.575,231.952,62.6455],"pipPosition":[146.59,276.079,42.2116],"stabilizedTipPosition":[162.195,301.033,4.63062],"timeVisible":0.131079,"tipPosition":[161.148,302.923,-3.11649],"tipVelocity":[180.914,529.651,-253.249],"tool":false,"touchDistance":0.920143,"touchZone":"hovering","type":0,"width":21.1074},{"bases":[[[0.0861347,-0.962577,-0.256954],[0.858475,-0.0591704,0.509431],[-0.505571,-0.264468,0.821252]],[[0.0984212,-0.955851,-0.276878],[0.925942,-0.0139803,0.377407],[-0.364615,-0.293518,0.883687]],[[0.0984212,-0.955851,-0.276878],[0.9739,0.149701,-0.170613],[0.20453,-0.252859,0.945637]],[[0.0984212,-0.955851,-0.276878],[0.766368,0.250288,-0.591638],[0.634817,-0.15396,0.757168]]],"btipPosition":[198.563,250.842,-77.2188],"carpPosition":[167.916,210.119,58.0279],"dipPosition":[210.95,247.838,-62.4442],"direction":[-0.20453,0.252859,-0.945637],"extended":true,"handId":400,"id":4003,"length":67.2873,"mcpPosition":[199.854,226.826,6.14899],"pipPosition":[216.867,240.522,-35.0857],"stabilizedTipPosition":[192.989,243.619,-68.0768],"timeVisible":0.131079,"tipPosition":[190.268,248.298,-70.9539],"tipVelocity":[606.245,477.679,-319.918],"tool":false,"touchDistance":0.329946,"touchZone":"hovering","type":3,"width":18.8424},{"bases":[[[-0.115995,-0.96362,-0.240793],[0.81336,-0.231297,0.533805],[-0.57008,-0.133932,0.810599]],[[-0.103699,-0.960514,-0.258183],[0.895696,-0.203039,0.395605],[-0.432405,-0.190229,0.881384]],[[-0.103699,-0.960514,-0.258183],[0.988504,-0.0708131,-0.133589],[0.110031,-0.269068,0.956815]],[[-0.103699,-0.960514,-0.258183],[0.852077,0.0481048,-0.521201],[0.513041,-0.27404,0.813444]]],"btipPosition":[202.746,222.815,-62.3168],"carpPosition":[164.925,197.529,51.8199],"dipPosition":[211.982,217.882,-47.6735],"direction":[-0.110031,0.269068,-0.956815],"extended":true,"handId":400,"id":4004,"length":52.752,"mcpPosition":[198.261,205.361,4.41899],"pipPosition":[214.229,212.386,-28.1289],"stabilizedTipPosition":[196.942,215.708,-53.3007],"timeVisible":0.131079,"tipPosition":[194.023,222.513,-55.6685],"tipVelocity":[532.792,412.278,-308.239],"tool":false,"touchDistance":0.330541,"touchZone":"hovering","type":4,"width":16.7373},{"bases":[[[0.42467,-0.833572,-0.353288],[0.808902,0.174092,0.561577],[-0.40661,-0.52426,0.748211]],[[0.36106,-0.900921,-0.240784],[0.872293,0.234977,0.428825],[-0.329759,-0.364865,0.870708]],[[0.36106,-0.900921,-0.240784],[0.924381,0.37985,-0.0351284],[0.12311,-0.209892,0.969943]],[[0.36106,-0.900921,-0.240784],[0.805344,0.431417,-0.406572],[0.470167,-0.047117,0.881319]]],"btipPosition":[190.642,292.072,-68.5655],"carpPosition":[157.175,230.666,66.2241],"dipPosition":[199.031,291.231,-52.8394],"direction":[-0.12311,0.209892,-0.969943],"extended":true,"handId":400,"id":4001,"length":61.4169,"mcpPosition":[187.343,269.562,10.7123],"pipPosition":[202.139,285.933,-28.3553],"stabilizedTipPosition":[177.991,279.65,-53.8289],"timeVisible":0.131079,"tipPosition":[182.896,288.299,-63.2295],"tipVelocity":[691.664,585.634,-326.322],"tool":false,"touchDistance":0.33259,"touchZone":"hovering","type":1,"width":20.1617},{"bases":[[[0.221669,-0.914121,-0.339478],[0.859929,0.0191083,0.510055],[-0.459766,-0.40499,0.790315]],[[0.193291,-0.937064,-0.290774],[0.905189,0.0559831,0.421307],[-0.378513,-0.34464,0.859041]],[[0.193291,-0.937064,-0.290774],[0.968754,0.229222,-0.0947264],[0.155417,-0.263379,0.952091]],[[0.193291,-0.937064,-0.290774],[0.818132,0.317523,-0.479415],[0.54157,-0.145225,0.828017]]],"btipPosition":[200.181,277.552,-80.9712],"carpPosition":[164.022,221.036,62.4039],"dipPosition":[210.809,274.702,-64.7207],"direction":[-0.155417,0.263379,-0.952091],"extended":true,"handId":400,"id":4002,"length":69.9797,"mcpPosition":[196.371,249.531,6.79811],"pipPosition":[215.425,266.88,-36.4453],"stabilizedTipPosition":[195.221,271.191,-72.6784],"timeVisible":0.131079,"tipPosition":[191.264,274.461,-75.3829],"tipVelocity":[625.527,496.771,-291.695],"tool":false,"touchDistance":0.330419,"touchZone":"hovering","type":2,"width":19.8015}],"r":[[0.99495,-0.027742,0.0964627],[0.038063,0.993545,-0.106858],[-0.0928756,0.10999,0.989584]],"s":1.08853,"t":[22.4749,53.1458,-35.2254],"timestamp":262000739106},{"currentFrameRate":34.032,"devices":[],"gestures":[],"hands":[{"armBasis":[[0.402602,-0.689696,-0.601856],[0.914624,0.276473,0.295001],[-0.0370638,-0.66924,0.742121]],"armWidth":65.7594,"confidence":0.662096,"direction":[0.605986,0.412329,-0.680269],"elbow":[137.758,20.7073,272.156],"grabAngle":1.02619,"grabStrength":0.0510786,"id":400,"palmNormal":[-0.714158,-0.0946664,-0.693554],"palmPosition":[182.422,244.346,15.5263],"palmVelocity":[154.453,399.717,-275.36],"palmWidth":91.7607,"pinchDistance":64.3527,"pinchStrength":0,"r":[[0.991975,-0.0238845,0.124156],[0.0383627,0.992559,-0.115566],[-0.120471,0.119401,0.98551]],"s":1.11915,"sphereCenter":[126.791,244.952,-64.9059],"sphereRadius":99.8273,"stabilizedPalmPosition":[180.271,239.004,19.4087],"t":[26.0476,61.9774,-41.6643],"timeVisible":0.151202,"type":"right","wrist":[147.85,202.933,70.086]}],"id":230119,"interactionBox":{"center":[0,200,0],"size":[235.247,235.247,147.751]},"pointables":[{"bases":[[[0.897998,-0.199483,0.392182],[-0.19909,0.610645,0.76647],[-0.392381,-0.766368,0.508643]],[[0.929409,-0.130351,0.345264],[-0.256261,0.445282,0.857936],[-0.265573,-0.885851,0.380445]],[[0.929409,-0.130351,0.345264],[-0.144432,0.73245,0.665324],[-0.339614,-0.668226,0.661919]],[[0.929409,-0.130351,0.345264],[-0.0490519,0.883613,0.465642],[-0.365776,-0.449708,0.814844]]],"btipPosition":[169.686,318.315,-7.25708],"carpPosition":[135.284,238.935,55.3811],"dipPosition":[160.746,307.323,12.6594],"direction":[0.339614,0.668226,-0.661919],"extended":true,"handId":400,"id":4000,"length":54.4289,"mcpPosition":[135.284,238.935,55.3811],"pipPosition":[148.653,283.529,36.2293],"stabilizedTipPosition":[166.155,311.785,-0.694269],"timeVisible":0.151202,"tipPosition":[164.644,311.511,-7.91289],"tipVelocity":[160.988,457.384,-203.711],"tool":false,"touchDistance":0.356665,"touchZone":"hovering","type":0,"width":21.1074},{"bases":[[[0.244775,-0.907103,-0.342416],[0.840865,0.0