{"frames":207,"data":[{"currentFrameRate":24.1607,"devices":[],"gestures":[],"hands":[],"id":230975,"interactionBox":{"center":[0,200,0],"size":[235.247,235.247,147.751]},"pointables":[],"r":[[-0.020113,-0.761857,-0.647433],[0.506356,0.550609,-0.663651],[0.86209,-0.34118,0.374696]],"s":-5.55733,"t":[884.858,792.664,758.259],"timestamp":262027283402},{"currentFrameRate":24.3946,"devices":[],"gestures":[],"hands":[],"id":230976,"interactionBox":{"center":[0,200,0],"size":[235.247,235.247,147.751]},"pointables":[],"r":[[-0.020113,-0.761857,-0.647433],[0.506356,0.550609,-0.663651],[0.86209,-0.34118,0.374696]],"s":-5.55733,"t":[884.858,792.664,758.259],"timestamp":262027322660},{"currentFrameRate":24.5818,"devices":[],"gestures":[],"hands":[],"id":230977,"interactionBox":{"center":[0,200,0],"size":[235.247,235.247,147.751]},"pointables":[],"r":[[-0.020113,-0.761857,-0.647433],[0.506356,0.550609,-0.663651],[0.86209,-0.34118,0.374696]],"s":-5.55733,"t":[884.858,792.664,758.259],"timestamp":262027361962},{"currentFrameRate":24.701,"devices":[],"gestures":[],"hands":[{"armBasis":[[0.604304,-0.553182,-0.573416],[0.506834,0.8222,-0.259051],[0.614765,-0.134081,0.77723]],"armWidth":65.9252,"confidence":0,"direction":[0.16485,0.676628,-0.717634],"elbow":[314.185,118.168,382.247],"grabAngle":1.65234,"grabStrength":0.404799,"id":403,"palmNormal":[-0.657283,-0.467123,-0.591417],"palmPosition":[137.211,206.125,106.305],"palmVelocity":[1.19209e-7,1.19209e-7,1.19209e-7],"palmWidth":94.1389,"pinchDistance":48.4208,"pinchStrength":0.234774,"r":[[1,-5.55112e-18,5.55112e-18],[5.55112e-18,1,6.16298e-35],[-5.55112e-18,-3.08149e-35,1]],"s":1,"sphereCenter":[91.3308,190.128,55.4234],"sphereRadius":66.5388,"stabilizedPalmPosition":[137.211,206.125,106.305],"t":[0,0,0],"timeVisible":0,"type":"right","wrist":[142.454,155.623,165.132]}],"id":230978,"interactionBox":{"center":[0,200,0],"size":[235.247,235.247,147.751]},"pointables":[{"bases":[[[0.91598,0.320801,0.240972],[-0.362229,0.402916,0.840505],[0.172544,-0.857173,0.485266]],[[0.887534,0.424562,0.178972],[-0.3048,0.249736,0.919091],[0.345516,-0.870275,0.351056]],[[0.887534,0.424562,0.178972],[-0.437774,0.655951,0.614883],[0.143659,-0.624079,0.768041]],[[0.887534,0.424562,0.178972],[-0.457605,0.857526,0.235047],[-0.0536814,-0.29051,0.955365]]],"btipPosition":[85.5085,249.089,84.5636],"carpPosition":[107.12,175.095,152.92],"dipPosition":[84.2086,242.055,107.696],"direction":[-0.143659,0.624079,-0.768041],"extended":true,"handId":403,"id":4030,"length":53.92,"mcpPosition":[107.12,175.095,152.92],"pipPosition":[89.2763,220.04,134.789],"stabilizedTipPosition":[85.2095,247.471,89.8841],"timeVisible":0,"tipPosition":[85.2095,247.471,89.8841],"tipVelocity":[1.19209e-7,1.19209e-7,1.19209e-7],"tool":false,"touchDistance":1,"touchZone":"none","type":0,"width":20.9508},{"bases":[[[0.557248,-0.745293,-0.366078],[0.816033,0.410041,0.407378],[-0.15351,-0.525742,0.836678]],[[0.563752,-0.720178,-0.404386],[0.795883,0.604557,0.0328704],[0.220802,-0.340375,0.913998]],[[0.563752,-0.720178,-0.404386],[0.464353,0.68126,-0.565916],[0.683052,0.131259,0.718478]],[[0.563752,-0.720178,-0.404386],[0.0688762,0.52889,-0.845891],[0.823067,0.44902,0.347766]]],"btipPosition":[111.974,213.473,18.3586],"carpPosition":[147.72,176.109,142.147],"dipPosition":[127.885,222.153,25.0812],"direction":[-0.683052,-0.131259,-0.718478],"extended":false,"handId":403,"id":4033,"length":66.6582,"mcpPosition":[157.668,210.181,87.9236],"pipPosition":[147.461,225.915,45.6732],"stabilizedTipPosition":[115.634,215.469,19.9048],"timeVisible":0,"tipPosition":[115.634,215.469,19.9048],"tipVelocity":[1.19209e-7,1.19209e-7,1.19209e-7],"tool":false,"touchDistance":1,"touchZone":"none","type":3,"width":18.7026},{"bases":[[[0.393192,-0.85857,-0.329026],[0.875982,0.241059,0.417788],[-0.279386,-0.452492,0.846874]],[[0.417347,-0.813038,-0.405944],[0.895807,0.443192,0.0333316],[0.152811,-0.377558,0.91329]],[[0.417347,-0.813038,-0.405944],[0.526967,0.580456,-0.620787],[0.740356,0.0451645,0.670696]],[[0.417347,-0.813038,-0.405944],[0.106533,0.4874,-0.866656],[0.902481,0.31845,0.29003]]],"btipPosition":[131.374,198.226,31.8287],"carpPosition":[151.279,163.861,134.789],"dipPosition":[147.468,203.905,37.0009],"direction":[-0.740356,-0.0451645,-0.670696],"extended":false,"handId":403,"id":4034,"length":52.2588,"mcpPosition":[168.04,191.006,83.9837],"pipPosition":[162.45,204.819,50.5729],"stabilizedTipPosition":[135.076,199.532,33.0183],"timeVisible":0,"tipPosition":[135.076,199.532,33.0183],"tipVelocity":[1.19209e-7,1.19209e-7,1.19209e-7],"tool":false,"touchDistance":1,"touchZone":"none","type":4,"width":16.6131},{"bases":[[[0.752632,-0.447497,-0.483003],[0.655802,0.575078,0.48909],[0.0588978,-0.684859,0.726291]],[[0.754885,-0.506826,-0.416265],[0.58111,0.811125,0.0662368],[0.304072,-0.291897,0.906828]],[[0.754885,-0.506826,-0.416265],[0.265053,0.8163,-0.513226],[0.599913,0.277094,0.750548]],[[0.754885,-0.506826,-0.416265],[-0.0502371,0.58814,-0.807197],[0.65393,0.630253,0.418517]]],"btipPosition":[83.8186,234.319,32.114],"carpPosition":[128.379,187.286,153.871],"dipPosition":[95.3781,245.46,39.5121],"direction":[-0.599913,-0.277094,-0.750548],"extended":false,"handId":403,"id":4031,"length":60.8427,"mcpPosition":[123.896,239.414,98.5887],"pipPosition":[110.38,252.389,58.281],"stabilizedTipPosition":[86.4773,236.881,33.8156],"timeVisible":0,"tipPosition":[86.4773,236.881,33.8156],"tipVelocity":[1.19209e-7,1.19209e-7,1.19209e-7],"tool":false,"touchDistance":1,"touchZone":"none","type":1,"width":20.0122},{"bases":[[[0.63077,-0.627346,-0.456691],[0.774736,0.475968,0.416219],[-0.0437424,-0.616353,0.786254]],[[0.629379,-0.643563,-0.435556],[0.730144,0.681609,0.0479347],[0.26603,-0.348188,0.898885]],[[0.629379,-0.643563,-0.435556],[0.424902,0.754281,-0.500518],[0.650647,0.129947,0.74818]],[[0.629379,-0.643563,-0.435556],[0.0503965,0.593112,-0.803541],[0.775463,0.483781,0.405725]]],"btipPosition":[94.6546,231.701,16.7228],"carpPosition":[138.983,183.077,148.203],"dipPosition":[109.731,241.107,24.611],"direction":[-0.650647,-0.129947,-0.74818],"extended":false,"handId":403,"id":4032,"length":69.3253,"mcpPosition":[142.14,227.567,91.4489],"pipPosition":[128.874,244.93,46.6228],"stabilizedTipPosition":[98.1223,233.865,18.5371],"timeVisible":0,"tipPosition":[98.1223,233.865,18.5371],"tipVelocity":[1.19209e-7,1.19209e-7,1.19209e-7],"tool":false,"touchDistance":1,"touchZone":"none","type":2,"width":19.6546}],"r":[[1,-5.55112e-18,5.55112e-18],[5.55112e-18,1,6.16298e-35],[-5.55112e-18,-3.08149e-35,1]],"s":1,"t":[0,0,0],"timestamp":262027401574},{"currentFrameRate":24.8501,"devices":[],"gestures":[],"hands":[{"armBasis":[[0.72158,-0.342015,-0.601953],[0.60937,0.726443,0.317724],[0.328619,-0.596075,0.732601]],"armWidth":67.1952,"confidence":0.203393,"direction":[0.144175,0.683204,-0.715853],"elbow":[227.371,1.38904,361.98],"grabAngle":0.700038,"grabStrength":0,"id":403,"palmNormal":[-0.597231,-0.516725,-0.613442],"palmPosition":[132.613,222.555,100.553],"palmVelocity":[-117.437,419.609,-146.902],"palmWidth":94.1389,"pinchDistance":59.2362,"pinchStrength":0,"r":[[0.999862,0.0145717,0.00798834],[-0.0145594,0.999893,-0.00159552],[-0.00801074,0.001479,0.999967]],"s":1.05794,"sphereCenter":[43.421,156.751,5.80371],"sphereRadius":147.15,"stabilizedPalmPosition":[133.571,219.13,101.752],"t":[-2.29912,8.2149,-2.87598],"timeVisible":0.039155,"type":"right","wrist":[135.573,167.899,157.332]}],"id":230979,"interactionBox":{"center":[0,200,0],"size":[235.247,235.247,147.751]},"pointables":[{"bases":[[[0.879806,0.387862,0.27478],[-0.424163,0.379708,0.822136],[0.214539,-0.839872,0.498586]],[[0.860235,0.452637,0.234767],[-0.386692,0.279007,0.87899],[0.332362,-0.846921,0.415043]],[[0.860235,0.452637,0.234767],[-0.493745,0.624474,0.605184],[0.127323,-0.636516,0.760682]],[[0.860235,0.452637,0.234767],[-0.509561,0.779849,0.363571],[-0.0185169,-0.432384,0.901499]]],"btipPosition":[81.8543,265.764,76.8913],"carpPosition":[102.995,189.652,146.175],"dipPosition":[81.4135,255.469,98.3552],"direction":[-0.127323,0.636516,-0.760682],"extended":true,"handId":403,"id":4030,"length":53.0192,"mcpPosition":[102.995,189.652,146.175],"pipPosition":[85.8298,233.391,124.74],"stabilizedTipPosition":[82.8093,258.53,84.2899],"timeVisible":0.039155,"tipPosition":[79.3265,260.84,81.7635],"tipVelocity":[-88.2787,406.711,-205.749],"tool":false,"touchDistance":1,"touchZone":"none","type":0,"width":21.5316},{"bases":[[[0.802011,-0.393937,-0.44899],[0.592055,0.623767,0.510279],[0.0790475,-0.675077,0.7335]],[[0.805786,-0.468716,-0.361959],[0.584793,0.726186,0.361484],[0.0934158,-0.50295,0.859253]],[[0.805786,-0.468716,-0.361959],[0.526024,0.847255,0.0738766],[0.272044,-0.249928,0.929262]],[[0.805786,-0.468716,-0.361959],[0.449014,0.882066,-0.142639],[0.386128,-0.0475885,0.921217]]],"btipPosition":[99.7561,283.702,15.6292],"carpPosition":[123.257,203.363,147.877],"dipPosition":[106.468,282.875,31.6414],"direction":[-0.272044,0.249928,-0.929262],"extended":true,"handId":403,"id":4031,"length":59.8263,"mcpPosition":[117.24,254.747,92.0462],"pipPosition":[113.157,276.729,54.4912],"stabilizedTipPosition":[100.393,280.658,20.1996],"timeVisible":0.039155,"tipPosition":[98.8317,278.942,20.1824],"tipVelocity":[378.559,1190.92,-370.415],"tool":false,"touchDistance":1,"touchZone":"none","type":1,"width":20.567},{"bases":[[[0.692556,-0.582047,-0.426131],[0.720713,0.533215,0.443006],[-0.0306308,-0.613925,0.78877]],[[0.690089,-0.612629,-0.385307],[0.723708,0.587647,0.361824],[0.00476045,-0.528541,0.848894]],[[0.690089,-0.612629,-0.385307],[0.697561,0.704896,0.128571],[0.192835,-0.3575,0.913788]],[[0.690089,-0.612629,-0.385307],[0.636434,0.767178,-0.0799347],[0.34457,-0.190061,0.91932]]],"btipPosition":[124.17,284.116,0.0990056],"carpPosition":[134.358,199.909,142.67],"dipPosition":[130.757,280.483,17.6742],"direction":[-0.192835,0.3575,-0.913788],"extended":true,"handId":403,"id":4032,"length":68.1673,"mcpPosition":[136.569,244.223,85.735],"pipPosition":[136.336,270.14,44.1091],"stabilizedTipPosition":[124.188,280.596,4.92319],"timeVisible":0.039155,"tipPosition":[122.739,279.768,4.81131],"tipVelocity":[703.944,1262.05,-367.661],"tool":false,"touchDistance":1,"touchZone":"none","type":2,"width":20.1995},{"bases":[[[0.624186,-0.704575,-0.337587],[0.767008,0.470425,0.436347],[-0.14863,-0.531294,0.834048]],[[0.630771,-0.677448,-0.378407],[0.775452,0.532506,0.339282],[-0.0283422,-0.507446,0.861217]],[[0.630771,-0.677448,-0.378407],[0.750829,0.655968,0.0772083],[0.195919,-0.33282,0.922414]],[[0.630771,-0.677448,-0.378407],[0.681867,0.716672,-0.146421],[0.370387,-0.165665,0.913985]]],"btipPosition":[142.174,263.59,0.457559],"carpPosition":[143.815,193.565,137.024],"dipPosition":[149.214,260.441,17.8303],"direction":[-0.195919,0.33282,-0.922414],"extended":true,"handId":403,"id":4033,"length":65.5447,"mcpPosition":[153.448,227.997,82.9711],"pipPosition":[154.736,251.062,43.8257],"stabilizedTipPosition":[142.149,260.098,5.35571],"timeVisible":0.039155,"tipPosition":[140.618,259.358,5.39245],"tipVelocity":[719.187,1210.49,-394.625],"tool":false,"touchDistance":1,"touchZone":"none","type":3,"width":19.2211},{"bases":[[[0.467419,-0.829309,-0.306212],[0.83859,0.306312,0.450489],[-0.279798,-0.467353,0.838626]],[[0.496456,-0.770159,-0.400484],[0.863908,0.393277,0.314636],[-0.0848188,-0.502184,0.860591]],[[0.496456,-0.770159,-0.400484],[0.835756,0.548763,-0.0192742],[0.234615,-0.325138,0.916101]],[[0.496456,-0.770159,-0.400484],[0.731404,0.6196,-0.284858],[0.467526,-0.151496,0.870901]]],"btipPosition":[155.519,236.799,15.1446],"carpPosition":[148.549,181.571,129.912],"dipPosition":[163.717,234.143,30.4162],"direction":[-0.234615,0.325138,-0.916101],"extended":true,"handId":403,"id":4034,"length":51.3858,"mcpPosition":[165.334,209.609,79.6014],"pipPosition":[168.385,227.673,48.6444],"stabilizedTipPosition":[155.873,233.675,19.6419],"timeVisible":0.039155,"tipPosition":[153.217,232.491,20.1972],"tipVelocity":[570.258,936.188,-366.779],"tool":false,"touchDistance":1,"touchZone":"none","type":4,"width":17.0737}],"r":[[0.999862,0.0145717,0.00798834],[-0.0145594,0.999893,-0.00159552],[-0.00801074,0.001479,0.999967]],"s":1.05794,"t":[-2.29912,8.2149,-2.87598],"timestamp":262027440729},{"currentFrameRate":25.4521,"devices":[],"gestures":[],"hands":[{"armBasis":[[0.811947,-0.155951,-0.562513],[0.504193,0.672982,0.541189],[0.294162,-0.723031,0.625056]],"armWidth":67.1952,"confidence":0.371748,"direction":[0.107005,0.72669,-0.67858],"elbow":[217.784,-19.9618,319.172],"grabAngle":0.378644,"grabStrength":0,"id":403,"palmNormal":[-0.493061,-0.553881,-0.6709],"palmPosition":[130.441,239.882,91.1402],"palmVelocity":[-62.1179,495.597,-269.224],"palmWidth":94.1389,"pinchDistance":56.9306,"pinchStrength":0,"r":[[0.998401,0.0491852,0.0278682],[-0.0493242,0.998773,0.00432452],[-0.0276214,-0.00569218,0.999602]],"s":1.10959,"sphereCenter":[59.326,153.474,-36.5994],"sphereRadius":174.534,"stabilizedPalmPosition":[130.706,238.125,92.0387],"t":[-4.53456,20.9859,-9.02027],"timeVisible":0.074117,"type":"right","wrist":[135.611,182.013,144.566]}],"id":230980,"interactionBox":{"center":[0,200,0],"size":[235.247,235.247,147.751]},"pointables":[{"bases":[[[0.809313,0.473684,0.347327],[-0.516107,0.291146,0.805523],[0.28044,-0.831178,0.4801]],[[0.798339,0.504227,0.329257],[-0.495583,0.23947,0.834896],[0.34213,-0.829704,0.441064]],[[0.798339,0.504227,0.329257],[-0.589341,0.541746,0.599323],[0.123821,-0.672508,0.729658]],[[0.798339,0.504227,0.329257],[-0.601728,0.64607,0.469593],[0.0240585,-0.573018,0.81919]]],"btipPosition":[79.5852,281.598,65.8257],"carpPosition":[102.122,201.778,133.418],"dipPosition":[80.158,267.955,85.3298],"direction":[-0.123821,0.672508,-0.729658],"extended":true,"handId":403,"id":4030,"length":53.0192,"mcpPosition":[102.122,201.778,133.418],"pipPosition":[84.4529,244.628,110.639],"stabilizedTipPosition":[80.2994,274.706,72.9447],"timeVisible":0.074117,"tipPosition":[75.6549,274.067,70.2812],"tipVelocity":[-58.2345,430.859,-329.398],"tool":false,"touchDistance":1,"touchZone":"none","type":0,"width":21.5316},{"bases":[[[0.869099,-0.278589,-0.408725],[0.48175,0.664141,0.571694],[0.112183,-0.693761,0.711414]],[[0.876195,-0.375605,-0.302],[0.481957,0.68219,0.549849],[-0.000504637,-0.627326,0.778757]],[[0.876195,-0.375605,-0.302],[0.474434,0.782473,0.403296],[0.0848266,-0.496645,0.863799]],[[0.876195,-0.375605,-0.302],[0.460053,0.838574,0.291798],[0.143648,-0.394607,0.907552]]],"btipPosition":[107.387,316.932,11.781],"carpPosition":[120.486,217.637,136.982],"dipPosition":[109.883,310.073,27.5557],"direction":[-0.0848266,0.496645,-0.863799],"extended":true,"handId":403,"id":4031,"length":59.8263,"mcpPosition":[111.947,270.443,82.8326],"pipPosition":[111.969,297.861,48.7957],"stabilizedTipPosition":[107.801,314.623,15.5102],"timeVisible":0.074117,"tipPosition":[103.683,308.657,13.8669],"tipVelocity":[190.522,910.791,-111.631],"tool":false,"touchDistance":1,"touchZone":"none","type":1,"width":20.567},{"bases":[[[0.781319,-0.478868,-0.400283],[0.624092,0.592089,0.509844],[-0.00714487,-0.648164,0.761467]],[[0.779251,-0.51946,-0.350613],[0.620477,0.560752,0.548238],[-0.0881807,-0.644763,0.759279]],[[0.779251,-0.51946,-0.350613],[0.626655,0.653353,0.424774],[0.00842134,-0.550719,0.834648]],[[0.779251,-0.51946,-0.350613],[0.618651,0.727024,0.297836],[0.100191,-0.448996,0.887899]]],"btipPosition":[134.9,318.636,-0.911451],"carpPosition":[132.219,215.719,132.405],"dipPosition":[136.815,310.053,16.063],"direction":[-0.00842134,0.550719,-0.834648],"extended":true,"handId":403,"id":4032,"length":68.1673,"mcpPosition":[132.735,262.505,77.4402],"pipPosition":[137.059,294.121,40.2086],"stabilizedTipPosition":[135.152,316.055,3.02515],"timeVisible":0.074117,"tipPosition":[130.176,311.04,1.04445],"tipVelocity":[276.152,954.8,-32.8533],"tool":false,"touchDistance":1,"touchZone":"none","type":2,"width":20.1995},{"bases":[[[0.722466,-0.612294,-0.321152],[0.677773,0.535399,0.503957],[-0.136625,-0.58176,0.801804]],[[0.727944,-0.585136,-0.357371],[0.673115,0.510735,0.534852],[-0.130439,-0.629893,0.76565]],[[0.727944,-0.585136,-0.357371],[0.685046,0.599072,0.414517],[-0.0284581,-0.54656,0.836936]],[[0.727944,-0.585136,-0.357371],[0.682064,0.671145,0.290436],[0.069903,-0.455171,0.887656]]],"btipPosition":[156.945,301.152,-0.0528161],"carpPosition":[142.688,210.764,127.171],"dipPosition":[158.274,292.5,16.8195],"direction":[0.0284581,0.54656,-0.836936],"extended":true,"handId":403,"id":4033,"length":65.5447,"mcpPosition":[151.543,248.466,75.2075],"pipPosition":[157.472,277.097,40.4059],"stabilizedTipPosition":[156.979,298.46,3.85525],"timeVisible":0.074117,"tipPosition":[151.895,293.722,2.07579],"tipVelocity":[384.904,1038.15,-17.8903],"tool":false,"touchDistance":1,"touchZone":"none","type":3,"width":19.2211},{"bases":[[[0.579812,-0.755501,-0.305017],[0.767141,0.380133,0.516715],[-0.274432,-0.533589,0.799981]],[[0.613272,-0.670843,-0.416973],[0.774632,0.407607,0.483531],[-0.154412,-0.619537,0.769631]],[[0.613272,-0.670843,-0.416973],[0.787224,0.5623,0.253175],[0.0646231,-0.483516,0.872947]],[[0.613272,-0.670843,-0.416973],[0.715883,0.695143,-0.0654743],[0.333779,-0.258351,0.906557]]],"btipPosition":[164.111,268.173,11.0047],"carpPosition":[149.232,199.725,119.949],"dipPosition":[169.964,263.643,26.9016],"direction":[-0.0646231,0.483516,-0.872947],"extended":true,"handId":403,"id":4034,"length":51.3858,"mcpPosition":[165.695,231.736,71.9561],"pipPosition":[171.25,254.022,44.2711],"stabilizedTipPosition":[165.229,266.336,14.7794],"timeVisible":0.074117,"tipPosition":[159.751,261.086,13.6597],"tipVelocity":[230.335,885.045,-114.298],"tool":false,"touchDistance":0.389301,"touchZone":"hovering","type":4,"width":17.0737}],"r":[[0.998401,0.0491852,0.0278682],[-0.0493242,0.998773,0.00432452],[-0.0276214,-0.00569218,0.999602]],"s":1.10959,"t":[-4.53456,20.9859,-9.02027],"timestamp":262027475691},{"currentFrameRate":27.7169,"devices":[],"gestures":[],"hands":[{"armBasis":[[0.838357,-0.0843811,-0.538551],[0.453394,0.656424,0.602944],[0.302641,-0.749658,0.588575]],"armWidth":67.1952,"confidence":0.461246,"direction":[0.0831588,0.766312,-0.637064],"elbow":[220.263,-17.787,296.925],"grabAngle":0.322008,"grabStrength":0,"id":403,"palmNormal":[-0.445872,-0.54311,-0.711498],"palmPosition":[128.846,251.987,82.1149],"palmVelocity":[-77.4753,588.034,-438.44],"palmWidth":94.1389,"pinchDistance":62.2447,"pinchStrength":0,"r":[[0.99496,0.0870706,0.0497405],[-0.0880841,0.99594,0.0185574],[-0.0479227,-0.0228452,0.99859]],"s":1.14591,"sphereCenter":[83.0175,169.291,-51.999],"sphereRadius":169.109,"stabilizedPalmPosition":[129.374,248.057,84.9282],"t":[-6.4497,33.4237,-16.6051],"timeVisible":0.094702,"type":"right","wrist":[135.722,191.626,132.51]}],"id":230981,"interactionBox":{"center":[0,200,0],"size":[235.247,235.247,147.751]},"pointables":[{"bases":[[[0.773654,0.497195,0.392755],[-0.550306,0.220041,0.805447],[0.314042,-0.839273,0.443845]],[[0.754368,0.544515,0.366651],[-0.541503,0.200431,0.816457],[0.371085,-0.814452,0.446055]],[[0.754368,0.544515,0.366651],[-0.641118,0.491104,0.589732],[0.141054,-0.679942,0.719571]],[[0.754368,0.544515,0.366651],[-0.654396,0.579605,0.485617],[0.0519128,-0.606269,0.793564]]],"btipPosition":[76.3656,290.318,54.7096],"carpPosition":[101.659,210.236,121.599],"dipPosition":[77.6016,275.883,73.6036],"direction":[-0.141054,0.679942,-0.719571],"extended":true,"handId":403,"id":4030,"length":53.0192,"mcpPosition":[101.659,210.236,121.599],"pipPosition":[82.4943,252.299,98.5628],"stabilizedTipPosition":[78.4989,280.77,66.092],"timeVisible":0.094702,"tipPosition":[73.5388,284.789,61.0994],"tipVelocity":[-148.994,414.772,-546.827],"tool":false,"touchDistance":1,"touchZone":"none","type":0,"width":21.5316},{"bases":[[[0.892536,-0.209679,-0.399268],[0.430903,0.657711,0.617851],[0.133052,-0.723499,0.677382]],[[0.902107,-0.331359,-0.276413],[0.430452,0.646139,0.63025],[-0.0302375,-0.687536,0.725521]],[[0.902107,-0.331359,-0.276413],[0.429358,0.753201,0.498338],[0.0430661,-0.568234,0.821739]],[[0.902107,-0.331359,-0.276413],[0.418582,0.827608,0.373972],[0.104843,-0.453064,0.885291]]],"btipPosition":[107.349,333.81,7.60286],"carpPosition":[119.036,226.843,126.466],"dipPosition":[109.172,325.935,22.9906],"direction":[-0.0430661,0.568234,-0.821739],"extended":true,"handId":403,"id":4031,"length":59.8263,"mcpPosition":[108.909,281.913,74.9066],"pipPosition":[110.231,311.962,43.1965],"stabilizedTipPosition":[107.771,330.688,11.4716],"timeVisible":0.094702,"tipPosition":[102.015,325.326,8.60649],"tipVelocity":[-9.34478,808.546,-207.292],"tool":false,"touchDistance":1,"touchZone":"none","type":1,"width":20.567},{"bases":[[[0.815682,-0.41453,-0.403519],[0.57841,0.59675,0.556177],[0.0102484,-0.687063,0.726526]],[[0.814022,-0.466545,-0.345983],[0.573691,0.552677,0.604505],[-0.0908117,-0.690568,0.717544]],[[0.814022,-0.466545,-0.345983],[0.580799,0.660329,0.476065],[0.00635705,-0.588474,0.808491]],[[0.814022,-0.466545,-0.345983],[0.572661,0.744226,0.343784],[0.0970991,-0.477978,0.872988]]],"btipPosition":[132.635,335.418,-5.59624],"carpPosition":[130.962,225.8,122.11],"dipPosition":[134.492,326.28,11.0932],"direction":[-0.00635705,0.588474,-0.808491],"extended":true,"handId":403,"id":4032,"length":68.1673,"mcpPosition":[130.223,275.394,69.6671],"pipPosition":[134.676,309.256,34.482],"stabilizedTipPosition":[133.209,332.108,-1.42292],"timeVisible":0.094702,"tipPosition":[127.388,328.207,-3.94598],"tipVelocity":[-110.653,809.039,-230.768],"tool":false,"touchDistance":1,"touchZone":"none","type":2,"width":20.1995},{"bases":[[[0.76236,-0.554916,-0.332978],[0.63524,0.543402,0.548802],[-0.123598,-0.629906,0.766774]],[[0.765696,-0.535959,-0.355609],[0.628427,0.505544,0.59119],[-0.137077,-0.676146,0.723904]],[[0.765696,-0.535959,-0.355609],[0.642344,0.608602,0.465831],[-0.0332419,-0.585108,0.810274]],[[0.765696,-0.535959,-0.355609],[0.639888,0.690803,0.336652],[0.0652241,-0.485323,0.871899]]],"btipPosition":[155.747,318.966,-5.09751],"carpPosition":[141.809,221.696,116.907],"dipPosition":[156.987,309.742,11.4753],"direction":[0.0332419,0.585108,-0.810274],"extended":true,"handId":403,"id":4033,"length":65.5447,"mcpPosition":[149.819,262.519,67.2144],"pipPosition":[156.05,293.252,34.3103],"stabilizedTipPosition":[156.101,315.499,-0.909419],"timeVisible":0.094702,"tipPosition":[150.094,312.072,-3.23129],"tipVelocity":[-59.1913,859.01,-248.413],"tool":false,"touchDistance":1,"touchZone":"none","type":3,"width":19.2211},{"bases":[[[0.627421,-0.706198,-0.328065],[0.73265,0.392677,0.555903],[-0.263754,-0.589142,0.76377]],[[0.655061,-0.628509,-0.41937],[0.733689,0.396491,0.551811],[-0.180541,-0.669157,0.720856]],[[0.655061,-0.628509,-0.41937],[0.755562,0.541577,0.368538],[-0.00450829,-0.558275,0.829643]],[[0.655061,-0.628509,-0.41937],[0.736697,0.654581,0.16971],[0.167848,-0.420119,0.891811]]],"btipPosition":[168.581,289.311,5.40502],"carpPosition":[149.117,211.422,109.302],"dipPosition":[171.525,281.944,21.0433],"direction":[0.00450829,0.558275,-0.829643],"extended":true,"handId":403,"id":4034,"length":51.3858,"mcpPosition":[164.94,246.765,63.4817],"pipPosition":[171.435,270.836,37.5512],"stabilizedTipPosition":[168.926,285.861,9.47848],"timeVisible":0.094702,"tipPosition":[161.908,281.43,7.34447],"tipVelocity":[184.647,995.179,-274.917],"tool":false,"touchDistance":0.333092,"touchZone":"hovering","type":4,"width":17.0737}],"r":[[0.99496,0.0870706,0.0497405],[-0.0880841,0.99594,0.0185574],[-0.0479227,-0.0228452,0.99859]],"s":1.14591,"t":[-6.4497,33.4237,-16.6051],"timestamp":262027496276},{"currentFrameRate":29.7816,"devices":[],"gestures":[],"hands":[{"armBasis":[[0.836966,-0.0500935,-0.544958],[0.415039,0.707155,0.572429],[0.356694,-0.705282,0.612655]],"armWidth":67.1952,"confidence":0.541646,"direction":[0.0826469,0.8171,-0.570541],"elbow":[234.351,2.4589,290.169],"grabAngle":0.290881,"grabStrength":0,"id":403,"palmNormal":[-0.408444,-0.494436,-0.767272],"palmPosition":[127.188,262.723,72.4556],"palmVelocity":[-81.1849,525.687,-472.963],"palmWidth":94.1389,"pinchDistance":58.0123,"pinchStrength":0,"r":[[0.989768,0.120945,0.075707],[-0.124533,0.991213,0.0446008],[-0.0696475,-0.0535725,0.996132]],"s":1.17191,"sphereCenter":[99.2284,187.984,-70.9231],"sphereRadius":168.976,"stabilizedPalmPosition":[127.986,257.372,77.0065],"t":[-8.23629,45.0107,-25.2271],"timeVisible":0.115125,"type":"right","wrist":[134.71,199.475,119.028]}],"id":230982,"interactionBox":{"center":[0,200,0],"size":[235.247,235.247,147.751]},"pointables":[{"bases":[[[0.747244,0.48239,0.457085],[-0.581177,0.140812,0.801502],[0.322273,-0.864564,0.385575]],[[0.717708,0.552932,0.423275],[-0.586232,0.151733,0.795807],[0.375802,-0.819295,0.433046]],[[0.717708,0.552932,0.423275],[-0.680846,0.42968,0.593147],[0.146097,-0.713892,0.684846]],[[0.717708,0.552932,0.423275],[-0.693944,0.517506,0.500629],[0.057766,-0.653034,0.755122]]],"btipPosition":[74.0462,299.894,43.4372],"carpPosition":[99.8975,217.271,107.535],"dipPosition":[75.4215,284.345,61.416],"direction":[-0.146097,0.713892,-0.684846],"extended":true,"handId":403,"id":4030,"length":53.0192,"mcpPosition":[99.8975,217.271,107.535],"pipPosition":[80.4891,259.583,85.1707],"stabilizedTipPosition":[76.8369,287.017,58.6507],"timeVisible":0.115125,"tipPosition":[72.2425,295.878,51.3405],"tipVelocity":[-112.001,456.329,-562.25],"tool":false,"touchDistance":1,"touchZone":"none","type":0,"width":21.5316},{"bases":[[[0.910006,-0.155046,-0.384514],[0.39337,0.615837,0.682645],[0.130957,-0.772467,0.621406]],[[0.918563,-0.294567,-0.263578],[0.391506,0.58613,0.709348],[-0.0544593,-0.754773,0.653722]],[[0.918563,-0.294567,-0.263578],[0.395223,0.695291,0.600308],[0.00643286,-0.655592,0.755088]],[[0.918563,-0.294567,-0.263578],[0.389311,0.789607,0.474297],[0.068411,-0.538285,0.839982]]],"btipPosition":[107.726,351.108,5.25927],"carpPosition":[116.661,233.845,114.297],"dipPosition":[108.915,341.751,19.8595],"direction":[-0.00643286,0.655592,-0.755088],"extended":true,"handId":403,"id":4031,"length":59.8263,"mcpPosition":[106.693,292.642,66.9984],"pipPosition":[109.073,325.631,38.4264],"stabilizedTipPosition":[107.988,348.062,8.75695],"timeVisible":0.115125,"tipPosition":[101.802,342.251,4.84196],"tipVelocity":[11.3021,830.288,-123.622],"tool":false,"touchDistance":1,"touchZone":"none","type":1,"width":20.567},{"bases":[[[0.838849,-0.360682,-0.407727],[0.544334,0.56365,0.621288],[0.00572813,-0.743106,0.669149]],[[0.836427,-0.421146,-0.35075],[0.53923,0.517808,0.664158],[-0.098087,-0.744655,0.660203]],[[0.836427,-0.421146,-0.35075],[0.548077,0.641233,0.537059],[-0.00126797,-0.641448,0.767165]],[[0.836427,-0.421146,-0.35075],[0.541043,0.736675,0.405688],[0.0875346,-0.529099,0.844033]]],"btipPosition":[131.501,352.272,-8.72846],"carpPosition":[128.742,233.447,110.275],"dipPosition":[133.175,342.157,7.40739],"direction":[0.00126797,0.641448,-0.767165],"extended":true,"handId":403,"id":4032,"length":68.1673,"mcpPosition":[128.328,287.086,61.9741],"pipPosition":[133.138,323.601,29.6007],"stabilizedTipPosition":[131.951,349.076,-4.84191],"timeVisible":0.115125,"tipPosition":[126.719,345.845,-7.10313],"tipVelocity":[-57.5818,814.255,-159.601],"tool":false,"touchDistance":1,"touchZone":"none","type":2,"width":20.1995},{"bases":[[[0.787112,-0.507562,-0.350479],[0.60278,0.512465,0.611584],[-0.130809,-0.692647,0.709316]],[[0.790508,-0.487693,-0.370476],[0.595621,0.471345,0.650438],[-0.142592,-0.73484,0.663082]],[[0.790508,-0.487693,-0.370476],[0.611118,0.588215,0.529659],[-0.0403913,-0.645104,0.763026]],[[0.790508,-0.487693,-0.370476],[0.609967,0.681357,0.404591],[0.0551103,-0.54581,0.836094]]],"btipPosition":[154.903,336.886,-8.37563],"carpPosition":[139.854,230.041,105.129],"dipPosition":[155.951,326.511,7.51659],"direction":[0.0403913,0.645104,-0.763026],"extended":true,"handId":403,"id":4033,"length":65.5447,"mcpPosition":[148.331,274.93,59.1596],"pipPosition":[154.812,308.331,29.0201],"stabilizedTipPosition":[155.193,333.535,-4.5269],"timeVisible":0.115125,"tipPosition":[149.624,330.107,-6.99478],"tipVelocity":[-43.4739,864.459,-168.176],"tool":false,"touchDistance":1,"touchZone":"none","type":3,"width":19.2211},{"bases":[[[0.656193,-0.661967,-0.36223],[0.703926,0.364062,0.609874],[-0.271843,-0.655178,0.704871]],[[0.682082,-0.585996,-0.437462],[0.700209,0.350842,0.621786],[-0.210884,-0.730423,0.649623]],[[0.682082,-0.585996,-0.437462],[0.728493,0.492353,0.476327],[-0.0637399,-0.643582,0.762719]],[[0.682082,-0.585996,-0.437462],[0.729402,0.587968,0.349665],[0.0523113,-0.557586,0.828469]]],"btipPosition":[171.917,308.758,1.6172],"carpPosition":[147.672,220.595,96.9757],"dipPosition":[172.834,298.981,16.1448],"direction":[0.0637399,0.643582,-0.762719],"extended":true,"handId":403,"id":4034,"length":51.3858,"mcpPosition":[163.98,259.9,54.6891],"pipPosition":[171.566,286.175,31.3211],"stabilizedTipPosition":[171.941,305.303,5.22258],"timeVisible":0.115125,"tipPosition":[163.928,300.478,2.16362],"tipVelocity":[140.509,925.049,-197.977],"tool":false,"touchDistance":0.332706,"touchZone":"hovering","type":4,"width":17.0737}],"r":[[0.989768,0.120945,0.075707],[-0.124533,0.991213,0.0446008],[-0.0696475,-0.0535725,0.996132]],"s":1.17191,"t":[-8.23629,45.0107,-25.2271],"timestamp":262027516699},{"currentFrameRate":31.6267,"devices":[],"gestures":[],"hands":[{"armBasis":[[0.849505,-0.0272582,-0.526877],[0.363563,0.753932,0.547182],[0.382314,-0.656386,0.650379]],"armWidth":67.1952,"confidence":0.613637,"direction":[0.0635146,0.834876,-0.546761],"elbow":[241.401,24.3786,290.607],"grabAngle":0.237722,"grabStrength":0,"id":403,"palmNormal":[-0.364643,-0.490573,-0.791438],"palmPosition":[125.521,271.345,63.1991],"palmVelocity":[-81.118,419.601,-450.458],"palmWidth":94.1389,"pinchDistance":58.8111,"pinchStrength":0,"r":[[0.98243,0.155229,0.103611],[-0.162788,0.984249,0.068948],[-0.0912766,-0.0846033,0.992225]],"s":1.18998,"sphereCenter":[110.492,197.226,-84.7774],"sphereRadius":170.935,"stabilizedPalmPosition":[126.661,264.884,69.584],"t":[-9.96303,55.1154,-34.1664],"timeVisible":0.135674,"type":"right","wrist":[134.604,207.736,108.927]}],"id":230983,"interactionBox":{"center":[0,200,0],"size":[235.247,235.247,147.751]},"pointables":[{"bases":[[[0.712359,0.501238,0.491228],[-0.609351,0.0944775,0.787252],[0.348191,-0.860136,0.372732]],[[0.672556,0.587455,0.450073],[-0.622879,0.120952,0.772912],[0.399613,-0.800167,0.44726]],[[0.672556,0.587455,0.450073],[-0.723352,0.393386,0.567459],[0.156304,-0.707209,0.689511]],[[0.672556,0.587455,0.450073],[-0.738069,0.488025,0.465924],[0.0540623,-0.645545,0.761806]]],"btipPosition":[71.8831,305.076,31.1274],"carpPosition":[99.2299,223.852,96.2806],"dipPosition":[73.1702,289.707,49.2653],"direction":[-0.156304,0.707209,-0.689511],"extended":false,"handId":403,"id":4030,"length":53.0192,"mcpPosition":[99.2299,223.852,96.2806],"pipPosition":[78.5918,265.176,73.1818],"stabilizedTipPosition":[75.6488,290.722,52.6943],"timeVisible":0.135674,"tipPosition":[70.2217,302.497,40.2921],"tipVelocity":[-106.254,254.215,-597.268],"tool":false,"touchDistance":1,"touchZone":"none","type":0,"width":21.5316},{"bases":[[[0.926455,-0.105919,-0.361196],[0.346759,0.613451,0.709533],[0.146423,-0.782598,0.605063]],[[0.937155,-0.257817,-0.235097],[0.344305,0.574187,0.742808],[-0.0565188,-0.777071,0.62687]],[[0.937155,-0.257817,-0.235097],[0.348549,0.660983,0.664541],[-0.0159347,-0.704721,0.709306]],[[0.937155,-0.257817,-0.235097],[0.347561,0.749048,0.564029],[0.0306828,-0.610293,0.791581]]],"btipPosition":[106.245,362.403,-0.695241],"carpPosition":[115.062,240.935,103.958],"dipPosition":[106.779,351.795,13.0637],"direction":[0.0159347,0.704721,-0.709306],"extended":true,"handId":403,"id":4031,"length":59.8263,"mcpPosition":[103.917,300.503,57.9033],"pipPosition":[106.387,334.467,30.5049],"stabilizedTipPosition":[106.497,359.018,2.9687],"timeVisible":0.135674,"tipPosition":[99.9512,352.923,-2.15394],"tipVelocity":[-79.3868,535.672,-299.187],"tool":false,"touchDistance":0.977874,"touchZone":"hovering","type":1,"width":20.567},{"bases":[[[0.86494,-0.313693,-0.391759],[0.501526,0.569382,0.651365],[0.0187316,-0.759869,0.649806]],[[0.863437,-0.376673,-0.335549],[0.498096,0.531304,0.685285],[-0.0798497,-0.758837,0.646367]],[[0.863437,-0.376673,-0.335549],[0.504452,0.647217,0.571523],[0.00189607,-0.662743,0.748845]],[[0.863437,-0.376673,-0.335549],[0.500736,0.720595,0.47959],[0.0611466,-0.582118,0.810802]]],"btipPosition":[128.598,363.518,-15.4764],"carpPosition":[127.259,241.158,100.287],"dipPosition":[129.767,352.39,0.0241237],"direction":[-0.00189607,0.662743,-0.748845],"extended":true,"handId":403,"id":4032,"length":68.1673,"mcpPosition":[125.907,296.007,53.3824],"pipPosition":[129.822,333.217,21.6875],"stabilizedTipPosition":[129.141,359.903,-11.2835],"timeVisible":0.135674,"tipPosition":[123.838,356.568,-14.1402],"tipVelocity":[-146.93,535.94,-335.495],"tool":false,"touchDistance":0.846743,"touchZone":"hovering","type":2,"width":20.1995},{"bases":[[[0.817984,-0.464119,-0.339845],[0.562382,0.521002,0.642094],[-0.120948,-0.716346,0.687183]],[[0.82139,-0.441309,-0.361336],[0.557562,0.487785,0.671707],[-0.120176,-0.753201,0.646719]],[[0.82139,-0.441309,-0.361336],[0.569621,0.602323,0.559231],[-0.0291525,-0.665171,0.746121]],[[0.82139,-0.441309,-0.361336],[0.568927,0.678911,0.464115],[0.0404969,-0.586793,0.808723]]],"btipPosition":[152.002,348.926,-14.9424],"carpPosition":[138.65,238.366,95.3873],"dipPosition":[152.772,337.772,0.429586],"direction":[0.0291525,0.665171,-0.746121],"extended":true,"handId":403,"id":4033,"length":65.5447,"mcpPosition":[146.488,284.791,50.8525],"pipPosition":[151.95,319.026,21.4567],"stabilizedTipPosition":[152.421,345.332,-10.8552],"timeVisible":0.135674,"tipPosition":[147.411,341.848,-13.7395],"tipVelocity":[-144.287,577.194,-325.388],"tool":false,"touchDistance":0.850526,"touchZone":"hovering","type":3,"width":19.2211},{"bases":[[[0.694247,-0.623571,-0.359417],[0.669852,0.377124,0.63959],[-0.263285,-0.68479,0.679517]],[[0.718406,-0.546825,-0.429971],[0.664876,0.358034,0.655555],[-0.204529,-0.756832,0.620784]],[[0.718406,-0.546825,-0.429971],[0.69071,0.487405,0.534188],[-0.0825371,-0.680749,0.727852]],[[0.718406,-0.546825,-0.429971],[0.695584,0.571297,0.435641],[0.00742206,-0.612048,0.790786]]],"btipPosition":[171.762,322.066,-4.21479],"carpPosition":[147.098,229.482,87.2307],"dipPosition":[171.892,311.334,9.65197],"direction":[0.0825371,0.680749,-0.727852],"extended":true,"handId":403,"id":4034,"length":51.3858,"mcpPosition":[162.893,270.564,46.4652],"pipPosition":[170.25,297.789,24.1345],"stabilizedTipPosition":[171.803,318.579,-0.579921],"timeVisible":0.135674,"tipPosition":[163.577,313.26,-4.55835],"tipVelocity":[-16.341,636.949,-291.205],"tool":false,"touchDistance":0.330657,"touchZone":"hovering","type":4,"width":17.0737}],"r":[[0.98243,0.155229,0.103611],[-0.162788,0.984249,0.068948],[-0.0912766,-0.0846033,0.992225]],"s":1.18998,"t":[-9.96303,55.1154,-34.1664],"timestamp":262027537248},{"currentFrameRate":33.2893,"devices":[],"gestures":[],"hands":[{"armBasis":[[0.874729,0.00480638,-0.484589],[0.308081,0.766362,0.563715],[0.37408,-0.642391,0.668878]],"armWidth":67.1952,"confidence":0.676729,"direction":[0.0453291,0.838952,-0.542314],"elbow":[239.019,35.4225,287.398],"grabAngle":0.202399,"grabStrength":0,"id":403,"palmNormal":[-0.312037,-0.503818,-0.805481],"palmPosition":[124.391,278.163,54.5952],"palmVelocity":[-54.9588,331.571,-418.436],"palmWidth":94.1389,"pinchDistance":59.8538,"pinchStrength":0,"r":[[0.972474,0.190686,0.133917],[-0.203176,0.975298,0.0866779],[-0.114081,-0.111501,0.987195]],"s":1.20328,"sphereCenter":[132.074,221.204,-74.055],"sphereRadius":146.017,"stabilizedPalmPosition":[125.69,270.566,63.1702],"t":[-11.3914,63.5766,-42.9379],"timeVisible":0.156236,"type":"right","wrist":[134.522,214.87,100.551]}],"id":230984,"interactionBox":{"center":[0,200,0],"size":[235.247,235.247,147.751]},"pointables":[{"bases":[[[0.66981,0.531548,0.51847],[-0.641882,0.0634745,0.764171],[0.373284,-0.844646,0.383707]],[[0.619889,0.629558,0.468396],[-0.660819,0.0969355,0.744259],[0.42315,-0.770883,0.476113]],[[0.619889,0.629558,0.468396],[-0.767437,0.36192,0.529202],[0.163641,-0.687511,0.707496]],[[0.619889,0.629558,0.468396],[-0.783476,0.463389,0.414047],[0.0436168,-0.623641,0.780493]]],"btipPosition":[70.5324,307.897,18.8646],"carpPosition":[99.1005,229.39,86.5767],"dipPosition":[71.5708,293.049,37.4474],"direction":[-0.163641,0.687511,-0.707496],"extended":false,"handId":403,"id":4030,"length":53.0192,"mcpPosition":[99.1005,229.39,86.5767],"pipPosition":[77.2469,269.202,61.9878],"stabilizedTipPosition":[74.9774,292.616,48.6258],"timeVisible":0.156236,"tipPosition":[68.8965,306.516,28.8272],"tipVelocity":[-68.4705,143.024,-591.406],"tool":false,"touchDistance":0.892188,"touchZone":"hovering","type":0,"width":21.5316},{"bases":[[[0.943127,-0.0619516,-0.32661],[0.291578,0.626052,0.723216],[0.159671,-0.777317,0.60851]],[[0.955318,-0.228913,-0.186995],[0.288493,0.584386,0.758462],[-0.0643446,-0.778519,0.624314]],[[0.955318,-0.228913,-0.186995],[0.291419,0.623627,0.725372],[-0.0494317,-0.747454,0.662472]],[[0.955318,-0.228913,-0.186995],[0.295461,0.721478,0.626237],[-0.00844068,-0.653505,0.756876]]],"btipPosition":[105.855,370.084,-8.17523],"carpPosition":[113.834,247.153,94.8739],"dipPosition":[105.708,358.725,4.98047],"direction":[0.0494317,0.747454,-0.662472],"extended":true,"handId":403,"id":4031,"length":59.8263,"mcpPosition":[101.68,306.319,48.5567],"pipPosition":[104.493,340.345,21.2701],"stabilizedTipPosition":[105.961,365.718,-3.46564],"timeVisible":0.156236,"tipPosition":[99.0385,360.305,-10.3527],"tipVelocity":[-26.6012,365.136,-370.525],"tool":false,"touchDistance":0.356624,"touchZone":"hovering","type":1,"width":20.567},{"bases":[[[0.892409,-0.272213,-0.359869],[0.450262,0.589348,0.670771],[0.029495,-0.760638,0.648506]],[[0.891552,-0.337949,-0.301537],[0.446992,0.549201,0.7061],[-0.073021,-0.76431,0.640702]],[[0.891552,-0.337949,-0.301537],[0.452917,0.666256,0.592427],[0.000691147,-0.664751,0.747065]],[[0.891552,-0.337949,-0.301537],[0.45086,0.72561,0.519823],[0.0431249,-0.599401,0.799287]]],"btipPosition":[126.743,371.021,-23.4595],"carpPosition":[126.136,247.949,91.6607],"dipPosition":[127.567,359.562,-8.17908],"direction":[-0.000691147,0.664751,-0.747065],"extended":true,"handId":403,"id":4032,"length":68.1673,"mcpPosition":[124.007,302.853,44.8499],"pipPosition":[127.587,340.332,13.4328],"stabilizedTipPosition":[127.428,366.481,-18.0001],"timeVisible":0.156236,"tipPosition":[121.881,363.707,-22.472],"tipVelocity":[-94.0921,361.196,-390.706],"tool":false,"touchDistance":0.350411,"touchZone":"hovering","type":2,"width":20.1995},{"bases":[[[0.850524,-0.424828,-0.310048],[0.51358,0.543845,0.663677],[-0.11333,-0.723708,0.680737]],[[0.853176,-0.405925,-0.32759],[0.509009,0.510604,0.69296],[-0.114021,-0.757963,0.642255]],[[0.853176,-0.405925,-0.32759],[0.520833,0.628379,0.577818],[-0.0287,-0.6636,0.747537]],[[0.853176,-0.405925,-0.32759],[0.520922,0.695597,0.494758],[0.0270363,-0.592764,0.804922]]],"btipPosition":[150.639,357.023,-22.4931],"carpPosition":[137.817,245.7,87.1835],"dipPosition":[151.153,345.756,-7.19341],"direction":[0.0287,0.6636,-0.747537],"extended":true,"handId":403,"id":4033,"length":65.5447,"mcpPosition":[145.162,292.602,43.0664],"pipPosition":[150.344,327.054,13.8736],"stabilizedTipPosition":[151.074,352.702,-17.4312],"timeVisible":0.156236,"tipPosition":[146.016,350.029,-21.2547],"tipVelocity":[-69.1435,392.529,-368.027],"tool":false,"touchDistance":0.685296,"touchZone":"hovering","type":3,"width":19.2211},{"bases":[[[0.735063,-0.589714,-0.334544],[0.627572,0.40506,0.664891],[-0.256585,-0.698687,0.667832]],[[0.757685,-0.514175,-0.401917],[0.621194,0.3794,0.685692],[-0.200078,-0.769207,0.606868]],[[0.757685,-0.514175,-0.401917],[0.64586,0.502357,0.574894],[-0.0936901,-0.695171,0.712713]],[[0.757685,-0.