{"frames":201,"data":[{"currentFrameRate":23.0884,"devices":[],"gestures":[],"hands":[],"id":231423,"interactionBox":{"center":[0,200,0],"size":[235.247,235.247,147.751]},"pointables":[],"r":[[-0.020113,-0.761857,-0.647433],[0.506356,0.550609,-0.663651],[0.86209,-0.34118,0.374696]],"s":-5.55733,"t":[884.858,792.664,758.259],"timestamp":262042541578},{"currentFrameRate":23.4979,"devices":[],"gestures":[],"hands":[{"armBasis":[[0.833685,-0.434279,-0.341132],[0.461848,0.886959,-0.000446615],[0.302764,-0.157179,0.940015]],"armWidth":62.4508,"confidence":0,"direction":[0.221033,0.673251,-0.705604],"elbow":[220.788,115.992,384.783],"grabAngle":1.47834,"grabStrength":0.413991,"id":404,"palmNormal":[-0.429933,-0.582139,-0.690125],"palmPosition":[143.07,203.686,78.0886],"palmVelocity":[1.19209e-7,1.19209e-7,1.19209e-7],"palmWidth":89.1776,"pinchDistance":58.2712,"pinchStrength":0.0716601,"r":[[1,2.22045e-17,5.55112e-18],[-2.22045e-17,1,-1.11022e-17],[-5.55112e-18,1.11022e-17,1]],"s":1,"sphereCenter":[115.582,176.672,17.0967],"sphereRadius":70.7924,"stabilizedPalmPosition":[143.07,203.686,78.0886],"t":[0,0,0],"timeVisible":0,"type":"right","wrist":[140.67,157.585,136.034]}],"id":231424,"interactionBox":{"center":[0,200,0],"size":[235.247,235.247,147.751]},"pointables":[{"bases":[[[0.779928,0.4686,0.414882],[-0.598495,0.364502,0.713401],[0.183074,-0.804706,0.56474]],[[0.705663,0.661436,0.254052],[-0.513894,0.230923,0.826189],[0.487805,-0.713566,0.502861]],[[0.705663,0.661436,0.254052],[-0.683017,0.539625,0.492231],[0.188487,-0.520871,0.832566]],[[0.705663,0.661436,0.254052],[-0.697378,0.711773,0.0839236],[-0.125317,-0.236392,0.963543]]],"btipPosition":[82.6926,229.169,42.1826],"carpPosition":[109.982,171.431,116.707],"dipPosition":[79.8181,223.747,64.2838],"direction":[-0.188487,0.520871,-0.832566],"extended":true,"handId":404,"id":4040,"length":51.0783,"mcpPosition":[109.982,171.431,116.707],"pipPosition":[86.1167,206.341,92.1052],"stabilizedTipPosition":[82.0315,227.922,47.2659],"timeVisible":0,"tipPosition":[82.0315,227.922,47.2659],"tipVelocity":[1.19209e-7,1.19209e-7,1.19209e-7],"tool":false,"touchDistance":1,"touchZone":"none","type":0,"width":19.8467},{"bases":[[[0.729539,-0.657877,-0.187004],[0.632854,0.54564,0.549338],[-0.25936,-0.51911,0.814406]],[[0.744572,-0.623492,-0.238475],[0.667105,0.682047,0.299639],[-0.0241719,-0.382191,0.923767]],[[0.744572,-0.623492,-0.238475],[0.529383,0.769131,-0.358038],[0.406652,0.140341,0.902739]],[[0.744572,-0.623492,-0.238475],[0.237212,0.581052,-0.77853],[0.623974,0.523102,0.580535]]],"btipPosition":[143.691,213.392,-10.4557],"carpPosition":[149.177,178.176,115.134],"dipPosition":[155.117,222.971,0.174942],"direction":[-0.406652,-0.140341,-0.902739],"extended":false,"handId":404,"id":4043,"length":63.1452,"mcpPosition":[165.099,210.045,65.136],"pipPosition":[166.158,226.781,24.6845],"stabilizedTipPosition":[146.319,215.595,-8.01067],"timeVisible":0,"tipPosition":[146.319,215.595,-8.01067],"tipVelocity":[1.19209e-7,1.19209e-7,1.19209e-7],"tool":false,"touchDistance":1,"touchZone":"none","type":3,"width":17.717},{"bases":[[[0.579957,-0.794588,-0.179667],[0.713203,0.388654,0.583343],[-0.393689,-0.466453,0.792105]],[[0.611071,-0.752451,-0.245782],[0.783166,0.529559,0.325911],[-0.115076,-0.391643,0.912893]],[[0.611071,-0.752451,-0.245782],[0.67903,0.657861,-0.325788],[0.40683,0.0321863,0.912937]],[[0.611071,-0.752451,-0.245782],[0.37402,0.548111,-0.748119],[0.697639,0.365227,0.616367]]],"btipPosition":[162.493,200.352,5.25949],"carpPosition":[155.716,167.058,109.824],"dipPosition":[174.279,206.522,15.6721],"direction":[-0.40683,-0.0321863,-0.912937],"extended":false,"handId":404,"id":4044,"length":49.5046,"mcpPosition":[178.089,193.566,64.8086],"pipPosition":[182.077,207.139,33.1724],"stabilizedTipPosition":[165.204,201.771,7.65439],"timeVisible":0,"tipPosition":[165.204,201.771,7.65439],"tipVelocity":[1.19209e-7,1.19209e-7,1.19209e-7],"tool":false,"touchDistance":1,"touchZone":"none","type":4,"width":15.7376},{"bases":[[[0.900071,-0.33639,-0.276971],[0.435696,0.685506,0.58331],[-0.00635486,-0.645696,0.763568]],[[0.895147,-0.39785,-0.201066],[0.443975,0.836149,0.322088],[0.0399782,-0.377584,0.925112]],[[0.895147,-0.39785,-0.201066],[0.329729,0.894483,-0.30196],[0.299984,0.204002,0.931876]],[[0.895147,-0.39785,-0.201066],[0.157254,0.703886,-0.692687],[0.417113,0.588439,0.692645]]],"btipPosition":[112.142,233.814,-6.42204],"carpPosition":[127.459,186.044,121.261],"dipPosition":[119.127,243.668,5.17649],"direction":[-0.299984,-0.204002,-0.931876],"extended":true,"handId":404,"id":4041,"length":57.6362,"mcpPosition":[127.917,232.602,66.205],"pipPosition":[126.233,248.501,27.2517],"stabilizedTipPosition":[113.749,236.081,-3.75438],"timeVisible":0,"tipPosition":[113.749,236.081,-3.75438],"tipVelocity":[1.19209e-7,1.19209e-7,1.19209e-7],"tool":false,"touchDistance":1,"touchZone":"none","type":1,"width":18.9575},{"bases":[[[0.803386,-0.532434,-0.266618],[0.581346,0.604424,0.54471],[-0.128871,-0.59261,0.795114]],[[0.800729,-0.543854,-0.25111],[0.598915,0.734944,0.318054],[0.011577,-0.405069,0.914213]],[[0.800729,-0.543854,-0.25111],[0.46994,0.830271,-0.299677],[0.37147,0.121953,0.920401]],[[0.800729,-0.543854,-0.25111],[0.223867,0.660507,-0.716669],[0.555623,0.517642,0.650638]]],"btipPosition":[126.613,230.27,-16.7037],"carpPosition":[138.934,183.545,118.487],"dipPosition":[136.847,239.803,-4.7205],"direction":[-0.37147,-0.121953,-0.920401],"extended":true,"handId":404,"id":4042,"length":65.6718,"mcpPosition":[147.746,224.067,64.1188],"pipPosition":[147.2,243.202,20.9311],"stabilizedTipPosition":[128.967,232.462,-13.9476],"timeVisible":0,"tipPosition":[128.967,232.462,-13.9476],"tipVelocity":[1.19209e-7,1.19209e-7,1.19209e-7],"tool":false,"touchDistance":1,"touchZone":"none","type":2,"width":18.6188}],"r":[[1,2.22045e-17,5.55112e-18],[-2.22045e-17,1,-1.11022e-17],[-5.55112e-18,1.11022e-17,1]],"s":1,"t":[0,0,0],"timestamp":262042580983},{"currentFrameRate":23.839,"devices":[],"gestures":[],"hands":[{"armBasis":[[0.839852,-0.312646,-0.443735],[0.404245,0.905805,0.1269],[0.362263,-0.285955,0.887128]],"armWidth":65.2663,"confidence":0.204423,"direction":[0.138777,0.685185,-0.715026],"elbow":[232.972,89.2558,372.013],"grabAngle":0.805064,"grabStrength":0,"id":404,"palmNormal":[-0.398517,-0.622335,-0.673709],"palmPosition":[133.486,212.277,79.9828],"palmVelocity":[-243.5,218.286,48.1268],"palmWidth":89.1776,"pinchDistance":60.3184,"pinchStrength":0,"r":[[0.999826,0.0175571,-0.00636894],[-0.0175627,0.999845,-0.000818122],[0.00635359,0.000929835,0.999979]],"s":1.04791,"sphereCenter":[93.3667,137.41,-18.6234],"sphereRadius":132.322,"stabilizedPalmPosition":[137.184,208.962,79.2519],"t":[-4.79195,4.29575,0.94711],"timeVisible":0.039359,"type":"right","wrist":[137.109,164.926,137.259]}],"id":231425,"interactionBox":{"center":[0,200,0],"size":[235.247,235.247,147.751]},"pointables":[{"bases":[[[0.748338,0.53805,0.387934],[-0.605564,0.315484,0.73059],[0.270706,-0.781647,0.561912]],[[0.6988,0.650056,0.298507],[-0.556349,0.231617,0.798016],[0.449615,-0.723727,0.523512]],[[0.6988,0.650056,0.298507],[-0.688146,0.497,0.528627],[0.195279,-0.574821,0.794637]],[[0.6988,0.650056,0.298507],[-0.714204,0.610786,0.341837],[0.039889,-0.45207,0.89109]]],"btipPosition":[75.3681,241.63,48.5357],"carpPosition":[104.588,177.511,119.766],"dipPosition":[76.2563,231.564,68.377],"direction":[-0.195279,0.574821,-0.794637],"extended":true,"handId":404,"id":4040,"length":49.5839,"mcpPosition":[104.588,177.511,119.766],"pipPosition":[82.5909,212.918,94.1541],"stabilizedTipPosition":[78.5507,234.062,50.4094],"timeVisible":0.039359,"tipPosition":[72.4553,234.886,52.0105],"tipVelocity":[-164.106,289.457,148.207],"tool":false,"touchDistance":1,"touchZone":"none","type":0,"width":21.1342},{"bases":[[[0.917031,-0.258029,-0.304096],[0.391822,0.725073,0.566343],[0.0743586,-0.638506,0.766016]],[[0.918264,-0.346433,-0.191767],[0.395824,0.79002,0.468179],[-0.0106927,-0.505818,0.862574]],[[0.918264,-0.346433,-0.191767],[0.385948,0.891322,0.237884],[0.0885155,-0.292453,0.952175]],[[0.918264,-0.346433,-0.191767],[0.351463,0.936165,-0.00825579],[0.182386,-0.0598181,0.981406]]],"btipPosition":[110.922,268.043,-4.63732],"carpPosition":[120.847,193.631,123.702],"dipPosition":[113.887,267.071,11.3158],"direction":[-0.0885155,0.292453,-0.952175],"extended":true,"handId":404,"id":4041,"length":55.9499,"mcpPosition":[115.485,239.67,68.4694],"pipPosition":[115.922,260.345,33.2119],"stabilizedTipPosition":[111.684,266.632,-1.07237],"timeVisible":0.039359,"tipPosition":[109,262.416,-0.978181],"tipVelocity":[-54.5054,806.387,70.7913],"tool":false,"touchDistance":1,"touchZone":"none","type":1,"width":20.1874},{"bases":[[[0.838324,-0.461723,-0.289871],[0.542753,0.656818,0.523459],[-0.0513009,-0.596157,0.801227]],[[0.835626,-0.48503,-0.257828],[0.546971,0.691558,0.471774],[-0.0505212,-0.535251,0.843181]],[[0.835626,-0.48503,-0.257828],[0.542103,0.803915,0.244631],[0.0886186,-0.34419,0.934709]],[[0.835626,-0.48503,-0.257828],[0.499341,0.866331,-0.0113816],[0.228885,-0.119233,0.966124]]],"btipPosition":[131.74,268.883,-15.4401],"carpPosition":[132.405,192.129,120.575],"dipPosition":[135.832,266.751,1.83312],"direction":[-0.0886186,0.34419,-0.934709],"extended":true,"handId":404,"id":4042,"length":63.7504,"mcpPosition":[135.913,232.893,65.7881],"pipPosition":[138.23,257.439,27.1213],"stabilizedTipPosition":[132.545,267.075,-11.5582],"timeVisible":0.039359,"tipPosition":[129.664,263.65,-11.5008],"tipVelocity":[94.3657,912.88,63.0191],"tool":false,"touchDistance":1,"touchZone":"none","type":2,"width":19.8267},{"bases":[[[0.778321,-0.592611,-0.207434],[0.599349,0.602812,0.526686],[-0.187076,-0.534256,0.824362]],[[0.785892,-0.568186,-0.244004],[0.608662,0.641168,0.467368],[-0.109104,-0.515817,0.849723]],[[0.785892,-0.568186,-0.244004],[0.617702,0.739598,0.267281],[0.0285995,-0.360776,0.932214]],[[0.785892,-0.568186,-0.244004],[0.601396,0.794109,0.0878288],[0.143863,-0.215767,0.965789]]],"btipPosition":[155.781,255.726,-11.5479],"carpPosition":[142.969,187.656,116.919],"dipPosition":[158.339,251.89,5.62007],"direction":[-0.0285995,0.360776,-0.932214],"extended":true,"handId":404,"id":4043,"length":61.2977,"mcpPosition":[154.454,220.455,66.3098],"pipPosition":[159.092,242.382,30.1894],"stabilizedTipPosition":[156.013,253.451,-7.61385],"timeVisible":0.039359,"tipPosition":[153.174,250.609,-7.41146],"tipVelocity":[255.351,997.206,10.4528],"tool":false,"touchDistance":1,"touchZone":"none","type":3,"width":18.8664},{"bases":[[[0.641637,-0.741863,-0.194782],[0.694212,0.453717,0.558758],[-0.326146,-0.493741,0.806132]],[[0.67333,-0.683702,-0.281385],[0.719971,0.519794,0.459844],[-0.168134,-0.512216,0.842239]],[[0.67333,-0.683702,-0.281385],[0.731416,0.671563,0.118468],[0.107971,-0.285578,0.952254]],[[0.67333,-0.683702,-0.281385],[0.283167,0.590046,-0.756083],[0.682966,0.429415,0.590898]]],"btipPosition":[161.273,220.681,9.89266],"carpPosition":[150.291,177.118,111.449],"dipPosition":[172.473,227.723,19.5829],"direction":[-0.107971,0.285578,-0.952254],"extended":true,"handId":404,"id":4044,"length":48.0563,"mcpPosition":[168.826,205.178,65.6366],"pipPosition":[174.482,222.409,37.3028],"stabilizedTipPosition":[163.931,221.056,11.8506],"timeVisible":0.039359,"tipPosition":[159.616,218.024,10.8012],"tipVelocity":[-34.4256,521.617,113.494],"tool":false,"touchDistance":1,"touchZone":"none","type":4,"width":16.7586}],"r":[[0.999826,0.0175571,-0.00636894],[-0.0175627,0.999845,-0.000818122],[0.00635359,0.000929835,0.999979]],"s":1.04791,"t":[-4.79195,4.29575,0.94711],"timestamp":262042620342},{"currentFrameRate":25.07,"devices":[],"gestures":[],"hands":[{"armBasis":[[0.897923,-0.0616514,-0.435813],[0.311539,0.788471,0.530336],[0.31093,-0.611974,0.727193]],"armWidth":65.2663,"confidence":0.353701,"direction":[0.0957159,0.731997,-0.674551],"elbow":[218.297,11.3807,320.401],"grabAngle":0.374821,"grabStrength":0,"id":404,"palmNormal":[-0.297057,-0.625777,-0.721221],"palmPosition":[130.396,225.988,75.2046],"palmVelocity":[-100.276,444.966,-155.072],"palmWidth":89.1776,"pinchDistance":57.3786,"pinchStrength":0,"r":[[0.998593,0.0530165,-0.00111423],[-0.0530064,0.998564,0.00770057],[0.00152088,-0.00763067,0.99997]],"s":1.09391,"sphereCenter":[135.059,178.602,-14.4662],"sphereRadius":107.901,"stabilizedPalmPosition":[130.945,224.612,75.5317],"t":[-8.73284,13.299,-0.968452],"timeVisible":0.070172,"type":"right","wrist":[136.018,173.322,127.969]}],"id":231426,"interactionBox":{"center":[0,200,0],"size":[235.247,235.247,147.751]},"pointables":[{"bases":[[[0.666671,0.594138,0.450056],[-0.669101,0.211005,0.712587],[0.328411,-0.776194,0.538209]],[[0.623055,0.681934,0.383104],[-0.658556,0.193083,0.727339],[0.422027,-0.705468,0.569393]],[[0.623055,0.681934,0.383104],[-0.758246,0.406351,0.509845],[0.192006,-0.608148,0.770253]],[[0.623055,0.681934,0.383104],[-0.776754,0.481854,0.405548],[0.0919572,-0.550256,0.829917]]],"btipPosition":[74.7532,252.827,40.4896],"carpPosition":[103.676,186.333,111.812],"dipPosition":[76.8008,240.575,58.9688],"direction":[-0.192006,0.608148,-0.770253],"extended":true,"handId":404,"id":4040,"length":49.5839,"mcpPosition":[103.676,186.333,111.812],"pipPosition":[83.0292,220.847,83.9549],"stabilizedTipPosition":[76.5495,243.655,46.9987],"timeVisible":0.070172,"tipPosition":[70.3749,245.141,45.1017],"tipVelocity":[-11.3021,347.051,-271.292],"tool":false,"touchDistance":1,"touchZone":"none","type":0,"width":21.1342},{"bases":[[[0.952634,-0.142684,-0.26857],[0.284105,0.732607,0.618523],[0.108503,-0.665528,0.738444]],[[0.957888,-0.244907,-0.149905],[0.284472,0.738346,0.61149],[-0.0390765,-0.628383,0.776922]],[[0.957888,-0.244907,-0.149905],[0.283885,0.886139,0.366287],[0.0431305,-0.393418,0.918348]],[[0.957888,-0.244907,-0.149905],[0.25714,0.963961,0.068245],[0.127789,-0.103918,0.986342]]],"btipPosition":[108.587,288.281,-4.83965],"carpPosition":[117.883,203.872,117.313],"dipPosition":[110.664,286.592,11.1937],"direction":[-0.0431305,0.393418,-0.918348],"extended":true,"handId":404,"id":4041,"length":55.9499,"mcpPosition":[110.059,251.86,64.0684],"pipPosition":[111.656,277.545,32.3119],"stabilizedTipPosition":[109.126,287.394,-1.15011],"timeVisible":0.070172,"tipPosition":[105.87,280.795,-3.39673],"tipVelocity":[-82.3891,651.455,-5.96731],"tool":false,"touchDistance":1,"touchZone":"none","type":1,"width":20.1874},{"bases":[[[0.89605,-0.354075,-0.267816],[0.443382,0.683149,0.580276],[-0.0225029,-0.638701,0.769126]],[[0.893549,-0.387856,-0.226134],[0.436196,0.630706,0.641828],[-0.106313,-0.672144,0.732749]],[[0.893549,-0.387856,-0.226134],[0.447831,0.73421,0.510278],[-0.0318844,-0.557228,0.829747]],[[0.893549,-0.387856,-0.226134],[0.446169,0.823241,0.351008],[0.0500226,-0.414537,0.908657]]],"btipPosition":[136.049,300.759,-10.1756],"carpPosition":[129.667,203.776,114.713],"dipPosition":[136.943,293.348,6.07013],"direction":[0.0318844,0.557228,-0.829747],"extended":true,"handId":404,"id":4042,"length":63.7504,"mcpPosition":[131.205,247.449,62.1212],"pipPosition":[136.081,278.272,28.5186],"stabilizedTipPosition":[136.152,298.17,-6.58076],"timeVisible":0.070172,"tipPosition":[132.012,292.256,-9.28854],"tipVelocity":[115.974,995.109,163.183],"tool":false,"touchDistance":1,"touchZone":"none","type":2,"width":19.8267},{"bases":[[[0.846981,-0.49469,-0.19469],[0.505325,0.635397,0.583881],[-0.165135,-0.592918,0.788149]],[[0.851823,-0.475502,-0.219762],[0.488411,0.569308,0.66132],[-0.189347,-0.670661,0.71719]],[[0.851823,-0.475502,-0.219762],[0.509482,0.654542,0.558572],[-0.121759,-0.587769,0.799814]],[[0.851823,-0.475502,-0.219762],[0.521758,0.732907,0.436595],[-0.0465369,-0.486564,0.872405]]],"btipPosition":[163.035,289.7,-4.06314],"carpPosition":[140.812,200.65,111.398],"dipPosition":[162.208,281.05,11.4448],"direction":[0.121759,0.58777,-0.799814],"extended":true,"handId":404,"id":4043,"length":61.2977,"mcpPosition":[150.95,237.05,63.0113],"pipPosition":[158.999,265.559,32.5246],"stabilizedTipPosition":[162.638,286.672,-0.71197],"timeVisible":0.070172,"tipPosition":[158.173,281.621,-3.60482],"tipVelocity":[210.151,1066.64,230.518],"tool":false,"touchDistance":1,"touchZone":"none","type":3,"width":18.8664},{"bases":[[[0.726961,-0.658129,-0.195942],[0.614322,0.495824,0.613814],[-0.306816,-0.56659,0.764748]],[[0.753479,-0.599573,-0.269782],[0.599702,0.458556,0.655808],[-0.269494,-0.655926,0.705077]],[[0.753479,-0.599573,-0.269782],[0.639478,0.572975,0.512608],[-0.152767,-0.558759,0.815138]],[[0.753479,-0.599573,-0.269782],[0.655316,0.718077,0.234363],[0.0532069,-0.35338,0.933966]]],"btipPosition":[177.954,261.708,8.16103],"carpPosition":[149.481,191.249,105.826],"dipPosition":[178.827,255.913,23.4773],"direction":[0.152767,0.558759,-0.815138],"extended":true,"handId":404,"id":4044,"length":48.0563,"mcpPosition":[166.918,223.449,62.3653],"pipPosition":[175.984,245.515,38.6457],"stabilizedTipPosition":[177.741,259.23,11.6886],"timeVisible":0.070172,"tipPosition":[172.769,254.137,10.5945],"tipVelocity":[464.283,1235.64,-14.2031],"tool":false,"touchDistance":0.38927,"touchZone":"hovering","type":4,"width":16.7586}],"r":[[0.998593,0.0530165,-0.00111423],[-0.0530064,0.998564,0.00770057],[0.00152088,-0.00763067,0.99997]],"s":1.09391,"t":[-8.73284,13.299,-0.968452],"timestamp":262042651155},{"currentFrameRate":27.4263,"devices":[],"gestures":[],"hands":[{"armBasis":[[0.901454,-0.00503432,-0.432846],[0.284565,0.760398,0.583796],[0.326196,-0.649438,0.686896]],"armWidth":65.2663,"confidence":0.44291,"direction":[0.09914,0.770001,-0.630294],"elbow":[219.845,8.18486,299.035],"grabAngle":0.348134,"grabStrength":0,"id":404,"palmNormal":[-0.268433,-0.589237,-0.762066],"palmPosition":[128.013,235.538,67.4887],"palmVelocity":[-118.261,473.821,-382.827],"palmWidth":89.1776,"pinchDistance":57.5272,"pinchStrength":0,"r":[[0.99638,0.0845401,0.00894603],[-0.0847411,0.996085,0.025174],[-0.00678279,-0.025841,0.999643]],"s":1.13428,"sphereCenter":[147.306,199.383,-18.0293],"sphereRadius":101.333,"stabilizedPalmPosition":[128.643,233.189,69.2176],"t":[-11.8951,22.5755,-5.78417],"timeVisible":0.090327,"type":"right","wrist":[133.526,180.04,117.267]}],"id":231427,"interactionBox":{"center":[0,200,0],"size":[235.247,235.247,147.751]},"pointables":[{"bases":[[[0.645009,0.578798,0.498955],[-0.689784,0.159978,0.70612],[0.328878,-0.799625,0.502433]],[[0.586188,0.695827,0.414981],[-0.697597,0.173022,0.695285],[0.411997,-0.697057,0.58683]],[[0.586188,0.695827,0.414981],[-0.785766,0.363504,0.500435],[0.197369,-0.619427,0.759839]],[[0.586188,0.695827,0.414981],[-0.802748,0.429639,0.413529],[0.109453,-0.575531,0.810422]]],"btipPosition":[72.1194,260.482,29.7527],"carpPosition":[101.115,193.471,101.156],"dipPosition":[74.5566,247.667,47.7978],"direction":[-0.197369,0.619427,-0.759839],"extended":true,"handId":404,"id":4040,"length":49.5839,"mcpPosition":[101.115,193.471,101.156],"pipPosition":[80.959,227.574,72.4461],"stabilizedTipPosition":[74.902,249.565,41.423],"timeVisible":0.090327,"tipPosition":[69.3985,255.869,36.2779],"tipVelocity":[-126.23,373.403,-537.672],"tool":false,"touchDistance":1,"touchZone":"none","type":0,"width":21.1342},{"bases":[[[0.961226,-0.111984,-0.251999],[0.256096,0.701414,0.665157],[0.102269,-0.703902,0.702896]],[[0.965885,-0.213075,-0.147191],[0.256904,0.716693,0.648345],[-0.0326555,-0.664041,0.746983]],[[0.965885,-0.213075,-0.147191],[0.258169,0.836945,0.482568],[0.0203676,-0.504106,0.863402]],[[0.965885,-0.213075,-0.147191],[0.224233,0.97245,0.0637173],[0.129559,-0.0945487,0.987054]]],"btipPosition":[106.26,301.93,-9.13638],"carpPosition":[114.873,210.904,107.978],"dipPosition":[108.366,300.393,6.90854],"direction":[-0.0203676,0.504106,-0.863402],"extended":true,"handId":404,"id":4041,"length":55.9499,"mcpPosition":[107.499,261.658,57.296],"pipPosition":[108.834,288.801,26.7632],"stabilizedTipPosition":[106.915,300.562,-5.1386],"timeVisible":0.090327,"tipPosition":[104.566,294.652,-8.37323],"tipVelocity":[-115.155,678.939,-213.052],"tool":false,"touchDistance":1,"touchZone":"none","type":1,"width":20.1874},{"bases":[[[0.908369,-0.323976,-0.264394],[0.417099,0.65676,0.628248],[-0.0298937,-0.68096,0.73171]],[[0.904694,-0.366141,-0.217876],[0.408267,0.598742,0.689076],[-0.121848,-0.712355,0.691161]],[[0.904694,-0.366141,-0.217876],[0.423099,0.711849,0.560587],[-0.0501592,-0.599343,0.798919]],[[0.904694,-0.366141,-0.217876],[0.425023,0.811257,0.40152],[0.0297404,-0.455855,0.889557]]],"btipPosition":[135.174,314.739,-13.574],"carpPosition":[126.717,211.144,105.673],"dipPosition":[135.706,306.589,2.33023],"direction":[0.0501592,0.599343,-0.798919],"extended":true,"handId":404,"id":4042,"length":63.7504,"mcpPosition":[128.761,257.707,55.6401],"pipPosition":[134.349,290.374,23.9447],"stabilizedTipPosition":[135.357,311.821,-9.67916],"timeVisible":0.090327,"tipPosition":[130.752,306.768,-12.9685],"tipVelocity":[-47.5523,685.184,-172.512],"tool":false,"touchDistance":1,"touchZone":"none","type":2,"width":19.8267},{"bases":[[[0.860025,-0.469235,-0.200438],[0.479766,0.609893,0.630758],[-0.173728,-0.638631,0.749646]],[[0.86397,-0.453676,-0.218483],[0.457623,0.52639,0.716586],[-0.210091,-0.719091,0.662397]],[[0.86397,-0.453676,-0.218483],[0.481117,0.615691,0.62406],[-0.148603,-0.644284,0.75021]],[[0.86397,-0.453676,-0.218483],[0.498492,0.709291,0.498409],[-0.0711482,-0.539522,0.83896]]],"btipPosition":[162.77,304.735,-6.39438],"carpPosition":[137.992,208.389,102.471],"dipPosition":[161.505,295.144,8.51905],"direction":[0.148603,0.644284,-0.75021],"extended":true,"handId":404,"id":4043,"length":61.2977,"mcpPosition":[148.658,247.596,56.449],"pipPosition":[157.589,278.164,28.2915],"stabilizedTipPosition":[162.49,301.475,-2.81454],"timeVisible":0.090327,"tipPosition":[157.3,296.608,-6.93579],"tipVelocity":[-18.1471,735.245,-122.45],"tool":false,"touchDistance":1,"touchZone":"none","type":3,"width":18.8664},{"bases":[[[0.742965,-0.634274,-0.213773],[0.590445,0.470651,0.655639],[-0.315242,-0.613338,0.724182]],[[0.760847,-0.595592,-0.257646],[0.561653,0.405518,0.72118],[-0.325049,-0.693416,0.643054]],[[0.760847,-0.595592,-0.257646],[0.605914,0.509871,0.610656],[-0.232336,-0.620727,0.748811]],[[0.760847,-0.595592,-0.257646],[0.641597,0.630894,0.436265],[-0.0972889,-0.497236,0.862144]]],"btipPosition":[181.728,277.345,5.7463],"carpPosition":[146.959,199.457,96.6073],"dipPosition":[180.132,269.191,19.8848],"direction":[0.232336,0.620727,-0.748811],"extended":true,"handId":404,"id":4044,"length":48.0563,"mcpPosition":[164.874,234.313,55.4519],"pipPosition":[175.809,257.64,33.819],"stabilizedTipPosition":[181.124,274.407,9.17417],"timeVisible":0.090327,"tipPosition":[174.142,269.99,6.54571],"tipVelocity":[159.06,748.936,-133.248],"tool":false,"touchDistance":0.333836,"touchZone":"hovering","type":4,"width":16.7586}],"r":[[0.99638,0.0845401,0.00894603],[-0.0847411,0.996085,0.025174],[-0.00678279,-0.025841,0.999643]],"s":1.13428,"t":[-11.8951,22.5755,-5.78417],"timestamp":262042671310},{"currentFrameRate":29.507,"devices":[],"gestures":[],"hands":[{"armBasis":[[0.897623,0.0298109,-0.439755],[0.25614,0.776669,0.57548],[0.3587,-0.629203,0.68952]],"armWidth":65.2663,"confidence":0.5255,"direction":[0.0885613,0.760607,-0.643144],"elbow":[226.074,20.958,291.86],"grabAngle":0.23351,"grabStrength":0,"id":404,"palmNormal":[-0.241861,-0.609937,-0.754639],"palmPosition":[124.658,241.925,58.6254],"palmVelocity":[-163.564,311.342,-432.084],"palmWidth":89.1776,"pinchDistance":58.8969,"pinchStrength":0,"r":[[0.993192,0.114764,0.0199628],[-0.115409,0.992705,0.0349058],[-0.0158112,-0.036972,0.999191]],"s":1.17298,"sphereCenter":[158.93,265.817,29.0372],"sphereRadius":60.1439,"stabilizedPalmPosition":[126.144,238.666,62.5768],"t":[-15.1538,30.4071,-12.6237],"timeVisible":0.11084,"type":"right","wrist":[131.155,187.459,109.397]}],"id":231428,"interactionBox":{"center":[0,200,0],"size":[235.247,235.247,147.751]},"pointables":[{"bases":[[[0.622429,0.604477,0.497182],[-0.70404,0.154907,0.69306],[0.341921,-0.781416,0.521995]],[[0.549658,0.736812,0.39368],[-0.723072,0.183603,0.665925],[0.418381,-0.650691,0.633687]],[[0.549658,0.736812,0.39368],[-0.806482,0.345125,0.480079],[0.217859,-0.581375,0.783926]],[[0.549658,0.736812,0.39368],[-0.822715,0.395665,0.408152],[0.144966,-0.548231,0.823667]]],"btipPosition":[67.5953,262.698,17.9158],"carpPosition":[98.3588,199.797,92.6876],"dipPosition":[70.8231,250.49,36.2559],"direction":[-0.217859,0.581375,-0.783926],"extended":true,"handId":404,"id":4040,"length":49.5839,"mcpPosition":[98.3588,199.797,92.6876],"pipPosition":[77.8902,231.631,61.6855],"stabilizedTipPosition":[73.1714,252.287,36.3377],"timeVisible":0.11084,"tipPosition":[66.3839,260.103,25.5447],"tipVelocity":[-211.686,114.819,-573.736],"tool":false,"touchDistance":1,"touchZone":"none","type":0,"width":21.1342},{"bases":[[[0.967413,-0.0915188,-0.236084],[0.228069,0.719955,0.655477],[0.109982,-0.68796,0.717367]],[[0.973299,-0.186524,-0.133782],[0.227916,0.716093,0.659747],[-0.0272581,-0.672622,0.739484]],[[0.973299,-0.186524,-0.133782],[0.22954,0.792226,0.565412],[0.000522789,-0.581023,0.813887]],[[0.973299,-0.186524,-0.133782],[0.216163,0.940865,0.260858],[0.0772145,-0.282811,0.956063]]],"btipPosition":[103.477,312.761,-16.8312],"carpPosition":[111.561,217.705,99.3773],"dipPosition":[104.733,308.164,-1.2901],"direction":[-0.000522789,0.581023,-0.813887],"extended":true,"handId":404,"id":4041,"length":55.9499,"mcpPosition":[103.63,267.31,47.6522],"pipPosition":[104.745,294.803,17.426],"stabilizedTipPosition":[104.2,310.167,-12.1369],"timeVisible":0.11084,"tipPosition":[101.755,303.039,-16.9427],"tipVelocity":[-145.174,493.71,-380.77],"tool":false,"touchDistance":0.936807,"touchZone":"hovering","type":1,"width":20.1874},{"bases":[[[0.920228,-0.305008,-0.245256],[0.390698,0.678839,0.621718],[-0.0231399,-0.667943,0.743853]],[[0.915946,-0.353927,-0.189151],[0.37614,0.592895,0.712035],[-0.139862,-0.723333,0.676186]],[[0.915946,-0.353927,-0.189151],[0.391631,0.685506,0.613764],[-0.0875637,-0.636253,0.766495]],[[0.915946,-0.353927,-0.189151],[0.401116,0.793149,0.45828],[-0.0121729,-0.495632,0.868448]]],"btipPosition":[134.009,323.129,-20.8979],"carpPosition":[123.427,218.211,97.2383],"dipPosition":[133.792,314.268,-5.37102],"direction":[0.0875637,0.636253,-0.766495],"extended":true,"handId":404,"id":4042,"length":63.7504,"mcpPosition":[125.009,263.884,46.3749],"pipPosition":[131.423,297.054,15.3662],"stabilizedTipPosition":[134.196,319.521,-16.0317],"timeVisible":0.11084,"tipPosition":[128.684,314.228,-21.5551],"tipVelocity":[-65.1709,401.044,-361.265],"tool":false,"touchDistance":0.913504,"touchZone":"hovering","type":2,"width":19.8267},{"bases":[[[0.874704,-0.450277,-0.179284],[0.454509,0.633674,0.626002],[-0.168267,-0.629053,0.758933]],[[0.876981,-0.441399,-0.189923],[0.424503,0.526451,0.736645],[-0.225169,-0.726647,0.649063]],[[0.876981,-0.441399,-0.189923],[0.445789,0.5998,0.664464],[-0.179378,-0.667388,0.722784]],[[0.876981,-0.441399,-0.189923],[0.468892,0.699634,0.539122],[-0.105092,-0.561854,0.820534]]],"btipPosition":[161.313,312.777,-13.5685],"carpPosition":[134.816,215.692,94.2504],"dipPosition":[159.445,302.79,1.01741],"direction":[0.179378,0.667388,-0.722784],"extended":true,"handId":404,"id":4043,"length":61.2977,"mcpPosition":[145.146,254.311,47.6577],"pipPosition":[154.718,285.2,20.067],"stabilizedTipPosition":[161.149,308.991,-8.99035],"timeVisible":0.11084,"tipPosition":[155.087,304.141,-15.1247],"tipVelocity":[-77.7729,387.611,-353.407],"tool":false,"touchDistance":0.990557,"touchZone":"hovering","type":3,"width":18.8664},{"bases":[[[0.762148,-0.618527,-0.191193],[0.568361,0.497844,0.65507],[-0.309994,-0.607927,0.730977]],[[0.772349,-0.597274,-0.216196],[0.524366,0.407426,0.747693],[-0.358494,-0.690846,0.627865]],[[0.772349,-0.597274,-0.216196],[0.564671,0.489726,0.664316],[-0.290902,-0.635163,0.715503]],[[0.772349,-0.597274,-0.216196],[0.607702,0.595743,0.525155],[-0.184864,-0.536986,0.823087]]],"btipPosition":[182.217,285.305,-0.792383],"carpPosition":[144.095,206.89,88.6836],"dipPosition":[179.185,276.499,12.7056],"direction":[0.290902,0.635163,-0.715503],"extended":true,"handId":404,"id":4044,"length":48.0563,"mcpPosition":[161.712,241.439,47.142],"pipPosition":[173.772,264.68,26.02],"stabilizedTipPosition":[181.458,281.894,3.38431],"timeVisible":0.11084,"tipPosition":[173.367,278.089,-1.17898],"tipVelocity":[7.73983,380.748,-325.94],"tool":false,"touchDistance":0.328325,"touchZone":"hovering","type":4,"width":16.7586}],"r":[[0.993192,0.114764,0.0199628],[-0.115409,0.992705,0.0349058],[-0.0158112,-0.036972,0.999191]],"s":1.17298,"t":[-15.1538,30.4071,-12.6237],"timestamp":262042691823},{"currentFrameRate":31.3787,"devices":[],"gestures":[],"hands":[{"armBasis":[[0.899305,0.0611066,-0.433033],[0.217728,0.796185,0.564522],[0.37927,-0.60196,0.702708]],"armWidth":65.2663,"confidence":0.599375,"direction":[0.0832458,0.746782,-0.659839],"elbow":[227.463,34.2851,288.577],"grabAngle":0.169333,"grabStrength":0,"id":404,"palmNormal":[-0.203696,-0.635406,-0.744827],"palmPosition":[120.125,246.596,50.4226],"palmVelocity":[-220.544,227.286,-399.143],"palmWidth":89.1776,"pinchDistance":60.8342,"pinchStrength":0,"r":[[0.98889,0.144816,0.0335526],[-0.14602,0.988599,0.0367493],[-0.0278482,-0.0412403,0.998761]],"s":1.20579,"sphereCenter":[152.702,324.077,67.7],"sphereRadius":89.4084,"stabilizedPalmPosition":[123.185,242.564,56.6021],"t":[-19.0493,36.6584,-20.1449],"timeVisible":0.131391,"type":"right","wrist":[127.1,193.577,102.626]}],"id":231429,"interactionBox":{"center":[0,200,0],"size":[235.247,235.247,147.751]},"pointables":[{"bases":[[[0.590969,0.63501,0.497511],[-0.72646,0.15079,0.670462],[0.350731,-0.757644,0.550421]],[[0.509663,0.772668,0.378454],[-0.747037,0.179198,0.640174],[0.426824,-0.608993,0.668542]],[[0.509663,0.772668,0.378454],[-0.829187,0.323759,0.455664],[0.229549,-0.546045,0.805694]],[[0.509663,0.772668,0.378454],[-0.845581,0.368621,0.386149],[0.158858,-0.51682,0.841226]]],"btipPosition":[62.3139,263.568,7.28367],"carpPosition":[94.179,204.553,84.8578],"dipPosition":[65.8511,252.06,26.0147],"direction":[-0.229549,0.546045,-0.805694],"extended":true,"handId":404,"id":4040,"length":49.5839,"mcpPosition":[94.179,204.553,84.8578],"pipPosition":[73.2974,234.347,52.1505],"stabilizedTipPosition":[71.3742,253.832,31.9098],"timeVisible":0.131391,"tipPosition":[62.331,262.065,15.0146],"tipVelocity":[-253.527,50.1674,-512.977],"tool":false,"touchDistance":0.977889,"touchZone":"hovering","type":0,"width":21.1342},{"bases":[[[0.975617,-0.0682359,-0.208601],[0.18932,0.742473,0.642567],[0.111035,-0.666392,0.737288]],[[0.981617,-0.159232,-0.105225],[0.187688,0.705279,0.683633],[-0.0346436,-0.690815,0.722201]],[[0.981617,-0.159232,-0.105225],[0.190055,0.764957,0.615402],[-0.0174995,-0.624088,0.781158]],[[0.981617,-0.159232,-0.105225],[0.188143,0.899978,0.393245],[0.0320827,-0.405813,0.913393]]],"btipPosition":[99.9575,320.244,-24.065],"carpPosition":[106.667,223.009,91.4273],"dipPosition":[100.479,313.647,-9.21747],"direction":[0.0174995,0.624088,-0.781158],"extended":true,"handId":404,"id":4041,"length":55.9499,"mcpPosition":[98.6605,271.059,38.2657],"pipPosition":[100.077,299.296,8.74596],"stabilizedTipPosition":[101.104,316.596,-18.5307],"timeVisible":0.131391,"tipPosition":[98.236,309.167,-25.2803],"tipVelocity":[-179.488,341.705,-359.753],"tool":false,"touchDistance":0.765561,"touchZone":"hovering","type":1,"width":20.1874},{"bases":[[[0.934984,-0.283208,-0.213538],[0.353926,0.705437,0.614081],[-0.0232745,-0.649732,0.759807]],[[0.930155,-0.334086,-0.152308],[0.336326,0.608852,0.718459],[-0.147294,-0.719504,0.678689]],[[0.930155,-0.334086,-0.152308],[0.352635,0.697313,0.624022],[-0.102271,-0.634147,0.76642]],[[0.930155,-0.334086,-0.152308],[0.365592,0.804358,0.468349],[-0.0339586,-0.49132,0.870317]]],"btipPosition":[130.286,327.181,-29.7899],"carpPosition":[118.565,223.818,89.5833],"dipPosition":[129.678,318.397,-14.2296],"direction":[0.102271,0.634147,-0.76642],"extended":true,"handId":404,"id":4042,"length":63.7504,"mcpPosition":[120.157,268.245,37.629],"pipPosition":[126.912,301.241,6.50554],"stabilizedTipPosition":[131.723,322.965,-22.247],"timeVisible":0.131391,"tipPosition":[124.82,317.888,-30.8659],"tipVelocity":[-185.559,198.04,-432.308],"tool":false,"touchDistance":0.722222,"touchZone":"hovering","type":2,"width":19.8267},{"bases":[[[0.892009,-0.428102,-0.145079],[0.418899,0.662329,0.621163],[-0.169831,-0.614857,0.770135]],[[0.893683,-0.421856,-0.152867],[0.384555,0.544566,0.745363],[-0.23119,-0.724904,0.648896]],[[0.893683,-0.421856,-0.152867],[0.407527,0.62056,0.669946],[-0.187758,-0.661017,0.726501]],[[0.893683,-0.421856,-0.152867],[0.433327,0.723019,0.538025],[-0.116443,-0.547065,0.828952]]],"btipPosition":[157.371,317.278,-21.7912],"carpPosition":[130.099,221.57,86.9558],"dipPosition":[155.301,307.553,-7.05572],"direction":[0.187758,0.661017,-0.726501],"extended":true,"handId":404,"id":4043,"length":61.2977,"mcpPosition":[140.525,259.317,39.6754],"pipPosition":[150.353,290.132,12.0919],"stabilizedTipPosition":[158.4,312.901,-15.0723],"timeVisible":0.131391,"tipPosition":[151.142,308.406,-23.6441],"tipVelocity":[-194.084,221.944,-398.44],"tool":false,"touchDistance":0.802009,"touchZone":"hovering","type":3,"width":18.8664},{"bases":[[[0.7848,-0.599899,-0.155596],[0.535879,0.53074,0.656619],[-0.311324,-0.598695,0.737998]],[[0.791072,-0.587387,-0.170828],[0.480395,0.423637,0.767953],[-0.378717,-0.689571,0.617305]],[[0.791072,-0.587387,-0.170828],[0.517601,0.49389,0.698686],[-0.326029,-0.641131,0.694734]],[[0.791072,-0.587387,-0.170828],[0.562801,0.589421,0.579515],[-0.239711,-0.55458,0.796856]]],"btipPosition":[180.208,291.162,-6.84606],"carpPosition":[139.777,212.915,81.857],"dipPosition":[176.277,282.067,6.22176],"direction":[0.326029,0.641131,-0.694734],"extended":true,"handId":404,"id":4044,"length":48.0563,"mcpPosition":[157.47,246.939,39.9164],"pipPosition":[170.21,270.137,19.1496],"stabilizedTipPosition":[179.905,287.067,-1.82355],"timeVisible":0.131391,"tipPosition":[170.933,283.74,-8.17373],"tipVelocity":[-107.801,281.759,-299.383],"tool":false,"touchDistance":0.327956,"touchZone":"hovering","type":4,"width":16.7586}],"r":[[0.98889,0.144816,0.0335526],[-0.14602,0.988599,0.0367493],[-0.0278482,-0.0412403,0.998761]],"s":1.20579,"t":[-19.0493,36.6584,-20.1449],"timestamp":262042712374},{"currentFrameRate":33.0753,"devices":[],"gestures":[],"hands":[{"armBasis":[[0.90596,0.0941432,-0.412762],[0.172655,0.808044,0.563255],[0.386557,-0.581552,0.715801]],"armWidth":65.2663,"confidence":0.664126,"direction":[0.0810919,0.719684,-0.68955],"elbow":[224.359,44.266,286.949],"grabAngle":0.143954,"grabStrength":0,"id":404,"palmNormal":[-0.159313,-0.673575,-0.721746],"palmPosition":[115,248.856,43.0915],"palmVelocity":[-250.012,110.255,-357.633],"palmWidth":89.1776,"pinchDistance":62.7843,"pinchStrength":0,"r":[[0.983248,0.175475,0.0493078],[-0.176987,0.98381,0.0281652],[-0.0435672,-0.0364202,0.998386]],"s":1.23357,"sphereCenter":[139.771,346.522,72.295],"sphereRadius":107.429,"stabilizedPalmPosition":[120.038,244.983,51.4068],"t":[-23.5596,40.9141,-27.571],"timeVisible":0.15189,"type":"right","wrist":[122.068,198.157,97.5326]}],"id":231430,"interactionBox":{"center":[0,200,0],"size":[235.247,235.247,147.751]},"pointables":[{"bases":[[[0.554233,0.675141,0.486838],[-0.752231,0.155877,0.640196],[0.356335,-0.721032,0.594254]],[[0.462027,0.817502,0.343834],[-0.772086,0.180014,0.60949],[0.436364,-0.54707,0.714353]],[[0.462027,0.817502,0.343834],[-0.849017,0.295664,0.437896],[0.256322,-0.494241,0.830678]],[[0.462027,0.817502,0.343834],[-0.87094,0.3451,0.349815],[0.167317,-0.461082,0.87144]]],"btipPosition":[55.8964,260.586,-2.75534],"carpPosition":[89.2851,207.522,78.5432],"dipPosition":[59.622,250.319,16.6485],"direction":[-0.256322,0.494241,-0.830678],"extended":true,"handId":404,"id":4040,"length":49.5839,"mcpPosition":[89.2851,207.522,78.5432],"pipPosition":[67.9367,234.286,43.5947],"stabilizedTipPosition":[68.9332,254.565,26.8674],"timeVisible":0.15189,"tipPosition":[57.7523,260.467,4.72124],"tipVelocity":[-310.949,-131.545,-482.184],"tool":false,"touchDistance":0.765169,"touchZone":"hovering","type":0,"width":21.1342},{"bases":[[[0.98354,-0.0451551,-0.174958],[0.144903,0.775559,0.61442],[0.107946,-0.629658,0.769336]],[[0.988869,-0.134724,-0.0631555],[0.14279,0.739917,0.657369],[-0.0418333,-0.659069,0.750918]],[[0.988869,-0.134724,-0.0631555],[0.145525,0.787244,0.599224],[-0.0310109,-0.601745,0.798086]],[[0.988869,-0.134724,-0.0631555],[0.148737,0.883448,0.444294],[-0.0040624,-0.448742,0.893652]]],"btipPosition":[95.6717,320.119,-34.3768],"carpPosition":[100.966,226.647,84.6685],"dipPosition":[95.6057,312.825,-19.8501],"direction":[0.0310109,0.601745,-0.798086],"extended":true,"handId":404,"id":4041,"length":55.9499,"mcpPosition":[93.1826,272.048,29.1962],"pipPosition":[94.8925,298.987,-1.49742],"stabilizedTipPosition":[98.4651,317.49,-24.5882],"timeVisible":0.15189,"tipPosition":[93.8254,308.426,-35.4763],"tipVelocity":[-215.665,-13.8985,-506.638],"tool":false,"touchDistance":0.566554,"touchZone":"hovering","type":1,"width":20.1874},{"bases":[[[0.949871,-0.261357,-0.171572],[0.311431,0.742747,0.592737],[-0.0274812,-0.616457,0.786909]],[[0.944363,-0.311341,-0.106044],[0.291118,0.641187,0.71002],[-0.153064,-0.701388,0.696151]],[[0.944363,-0.311341,-0.106044],[0.307806,0.722971,0.618522],[-0.115904,-0.61675,0.778579]],[[0.944363,-0.311341,-0.106044],[0.324001,0.825134,0.462793],[-0.0565857,-0.471403,0.8801]]],"btipPosition":[125.933,327.196,-39.3703],"carpPosition":[112.887,227.765,83.1608],"dipPosition":[124.921,318.768,-23.6351],"direction":[0.115904,0.61675,-0.778579],"extended":true,"handId":404,"id":4042,"length":63.7504,"mcpPosition":[114.766,269.918,29.3532],"pipPosition":[121.785,302.082,-2.57098],"stabilizedTipPosition":[129.368,323.862,-27.5283],"timeVisible":0.15189,"tipPosition":[120.595,317.437,-40.6222],"tipVelocity":[-216.877,4.70722,-465.398],"tool":false,"touchDistance":0.54023,"touchZone":"hovering","type":2,"width":19.8267},{"bases":[[[0.909276,-0.404468,-0.0980935],[0.377464,0.702147,0.603747],[-0.17532,-0.586,0.791118]],[[0.910092,-0.401704,-0.101818],[0.339386,0.5815,0.739375],[-0.237802,-0.707455,0.665551]],[[0.910092,-0.401704,-0.101818],[0.364645,0.659527,0.657312],[-0.196893,-0.635341,0.746709]],[[0.910092,-0.401704,-0.101818],[0.393912,0.762257,0.513611],[-0.128708,-0.507541,0.85196]]],"btipPosition":[152.914,317.601,-30.6894],"carpPosition":[124.565,225.785,80.9954],"dipPosition":[150.626,308.579,-15.5448],"direction":[0.196893,0.635341,-0.746709],"extended":true,"handId":404,"id":4043,"length":61.2977,"mcpPosition":[135.328,261.761,32.4269],"pipPosition":[145.437,291.834,4.13535],"stabilizedTipPosition":[155.82,314.027,-20.279],"timeVisible":0.15189,"tipPosition":[146.704,308.68,-32.4198],"tipVelocity":[-219.883,23.6267,-429.487],"tool":false,"touchDistance":0.623081,"touchZone":"hovering","type":3,"width":18.8664},{"bases":[[[0.807923,-0.57999,-0.10427],[0.497313,0.576141,0.648646],[-0.316134,-0.575911,0.753914]],[[0.811187,-0.573932,-0.112154],[0.440233,0.473091,0.763138],[-0.38493,-0.668421,0.636429]],[[0.811187,-0.573932,-0.112154],[0.481007,0.545771,0.686124],[-0.332578,-0.610521,0.718788]],[[0.811187,-0.573932,-0.112154],[0.528037,0.636452,0.562233],[-0.251303,-0.515298,0.819338]]],"btipPosition":[175.896,292.266,-14.4769],"carpPosition":[134.671,217.239,76.5902],"dipPosition":[171.775,283.816,-1.04043],"direction":[0.332578,0.610521,-0.718788],"extended":true,"handId":404,"id":4044,"length":48.0563,"mcpPosition":[152.637,249.969,33.7452],"pipPosition":[165.586,272.455,12.335],"stabilizedTipPosition":[177.382,288.724,-6.69237],"timeVisible":0.15189,"tipPosition":[166.875,285.303,-15.3085],"tipVelocity":[-212.478,61.0934,-368.119],"tool":false,"touchDistance":0.326776,"touchZone":"hovering","type":4,"width":16.7586}],