{"frames":321,"data":[{"currentFrameRate":25.3797,"devices":[],"gestures":[],"hands":[],"id":231876,"interactionBox":{"center":[0,200,0],"size":[235.247,235.247,147.751]},"pointables":[],"r":[[-0.020113,-0.761857,-0.647433],[0.506356,0.550609,-0.663651],[0.86209,-0.34118,0.374696]],"s":-5.55733,"t":[884.858,792.664,758.259],"timestamp":262058017623},{"currentFrameRate":25.4054,"devices":[],"gestures":[],"hands":[],"id":231877,"interactionBox":{"center":[0,200,0],"size":[235.247,235.247,147.751]},"pointables":[],"r":[[-0.020113,-0.761857,-0.647433],[0.506356,0.550609,-0.663651],[0.86209,-0.34118,0.374696]],"s":-5.55733,"t":[884.858,792.664,758.259],"timestamp":262058056802},{"currentFrameRate":25.3873,"devices":[],"gestures":[],"hands":[],"id":231878,"interactionBox":{"center":[0,200,0],"size":[235.247,235.247,147.751]},"pointables":[],"r":[[-0.020113,-0.761857,-0.647433],[0.506356,0.550609,-0.663651],[0.86209,-0.34118,0.374696]],"s":-5.55733,"t":[884.858,792.664,758.259],"timestamp":262058096321},{"currentFrameRate":25.393,"devices":[],"gestures":[],"hands":[],"id":231879,"interactionBox":{"center":[0,200,0],"size":[235.247,235.247,147.751]},"pointables":[],"r":[[-0.020113,-0.761857,-0.647433],[0.506356,0.550609,-0.663651],[0.86209,-0.34118,0.374696]],"s":-5.55733,"t":[884.858,792.664,758.259],"timestamp":262058135661},{"currentFrameRate":25.3854,"devices":[],"gestures":[],"hands":[{"armBasis":[[0.510478,-0.683588,-0.521651],[-0.854302,-0.334126,-0.398155],[-0.0978763,-0.648897,0.754555]],"armWidth":64.7658,"confidence":0,"direction":[-0.12104,0.730214,-0.672411],"elbow":[104.192,-18.8763,339.003],"grabAngle":0.54985,"grabStrength":0,"id":405,"palmNormal":[0.845777,0.430463,0.31522],"palmPosition":[123.84,220.537,85.8105],"palmVelocity":[1.19209e-7,1.19209e-7,1.19209e-7],"palmWidth":92.4834,"pinchDistance":57.9111,"pinchStrength":0,"r":[[1,-1.11022e-17,-1.38778e-17],[1.11022e-17,1,-2.22045e-17],[1.38778e-17,2.22045e-17,1]],"s":1,"sphereCenter":[107.809,210.061,12.155],"sphereRadius":78.6131,"stabilizedPalmPosition":[123.84,220.537,85.8105],"t":[0,0,0],"timeVisible":0,"type":"left","wrist":[131.052,159.201,131.929]}],"id":231880,"interactionBox":{"center":[0,200,0],"size":[235.247,235.247,147.751]},"pointables":[{"bases":[[[-0.571009,-0.456023,-0.682636],[-0.749197,-0.0504982,0.660419],[0.335638,-0.888534,0.312816]],[[-0.63007,-0.25313,-0.734123],[-0.769711,0.328667,0.547287],[-0.102747,-0.909892,0.40192]],[[-0.63007,-0.25313,-0.734123],[-0.691388,0.613281,0.381929],[-0.353546,-0.748206,0.561421]],[[-0.63007,-0.25313,-0.734123],[-0.604813,0.752908,0.259481],[-0.487045,-0.607498,0.627481]]],"btipPosition":[154.496,278.562,86.5733],"carpPosition":[125.445,192.017,141.348],"dipPosition":[142.91,264.111,101.5],"direction":[0.353546,0.748206,-0.561421],"extended":false,"handId":405,"id":4050,"length":52.9717,"mcpPosition":[125.445,192.017,141.348],"pipPosition":[130.658,238.182,120.956],"stabilizedTipPosition":[151.831,275.238,90.0064],"timeVisible":0,"tipPosition":[151.831,275.238,90.0064],"tipVelocity":[1.19209e-7,1.19209e-7,1.19209e-7],"tool":false,"touchDistance":1,"touchZone":"none","type":0,"width":20.5824},{"bases":[[[0.638609,-0.455423,-0.620297],[-0.769472,-0.387889,-0.5074],[0.00952464,-0.801331,0.598145]],[[0.614782,-0.665126,-0.423852],[-0.783838,-0.4557,-0.421824],[-0.0874166,-0.591561,0.801507]],[[0.614782,-0.665126,-0.423852],[-0.783838,-0.4557,-0.421824],[-0.0874166,-0.591561,0.801507]],[[0.614782,-0.665126,-0.423852],[-0.665418,-0.148925,-0.731465],[-0.423394,-0.73173,0.534143]]],"btipPosition":[130.343,298.965,-3.32181],"carpPosition":[116.122,182.085,111.73],"dipPosition":[122.256,284.989,6.88055],"direction":[0.0874166,0.591561,-0.801507],"extended":true,"handId":405,"id":4052,"length":68.1062,"mcpPosition":[115.446,238.91,69.3136],"pipPosition":[119.729,267.891,30.0466],"stabilizedTipPosition":[128.483,295.751,-0.975267],"timeVisible":0,"tipPosition":[128.483,295.751,-0.975267],"tipVelocity":[1.19209e-7,1.19209e-7,1.19209e-7],"tool":false,"touchDistance":1,"touchZone":"none","type":2,"width":19.309},{"bases":[[[0.78615,-0.536177,-0.30738],[-0.608511,-0.584534,-0.536688],[-0.108085,-0.608961,0.785801]],[[0.783311,-0.334188,-0.524158],[-0.611115,-0.568417,-0.550855],[0.113851,-0.751811,0.649475]],[[0.783311,-0.334188,-0.524158],[-0.611115,-0.568417,-0.550855],[0.113851,-0.751811,0.649475]],[[0.783311,-0.334188,-0.524158],[-0.484343,0.200443,-0.851607],[-0.389661,-0.920946,0.00485235]]],"btipPosition":[143.176,265.855,16.3129],"carpPosition":[136.334,171.865,98.9639],"dipPosition":[136.349,249.72,16.3979],"direction":[-0.113851,0.751811,-0.649475],"extended":true,"handId":405,"id":4054,"length":51.3398,"mcpPosition":[142.704,207.755,52.6512],"pipPosition":[138.613,234.775,29.3094],"stabilizedTipPosition":[141.606,262.144,16.3325],"timeVisible":0,"tipPosition":[141.606,262.144,16.3325],"tipVelocity":[1.19209e-7,1.19209e-7,1.19209e-7],"tool":false,"touchDistance":1,"touchZone":"none","type":4,"width":16.321},{"bases":[[[0.491926,-0.400419,-0.773094],[-0.867062,-0.305703,-0.393382],[0.0788198,-0.863835,0.497571]],[[0.479717,-0.725388,-0.493644],[-0.849464,-0.243062,-0.468329],[-0.219734,-0.643998,0.732792]],[[0.479717,-0.725388,-0.493644],[-0.849464,-0.243062,-0.468329],[-0.219734,-0.643998,0.732792]],[[0.479717,-0.725388,-0.493644],[-0.849464,-0.243062,-0.468329],[-0.219734,-0.643998,0.732792]]],"btipPosition":[124.494,306.776,22.3456],"carpPosition":[111.579,187.054,122.28],"dipPosition":[120.678,295.592,35.0713],"direction":[0.219734,0.643998,-0.732792],"extended":true,"handId":405,"id":4051,"length":59.7727,"mcpPosition":[105.685,251.649,85.0731],"pipPosition":[115.28,279.771,53.0738],"stabilizedTipPosition":[123.617,304.203,25.2725],"timeVisible":0,"tipPosition":[123.617,304.203,25.2725],"tipVelocity":[1.19209e-7,1.19209e-7,1.19209e-7],"tool":false,"touchDistance":1,"touchZone":"none","type":1,"width":19.6603},{"bases":[[[0.689227,-0.537837,-0.485487],[-0.721185,-0.444783,-0.531094],[-0.0697057,-0.71617,0.694436]],[[0.679043,-0.302172,-0.669023],[-0.682306,-0.596037,-0.423318],[0.270848,-0.74393,0.610909]],[[0.679043,-0.302172,-0.669023],[-0.682306,-0.596037,-0.423318],[0.270848,-0.74393,0.610909]],[[0.679043,-0.302172,-0.669023],[-0.569175,0.358846,-0.739776],[-0.463616,-0.883132,-0.0716831]]],"btipPosition":[116.661,293.838,15.263],"carpPosition":[123.345,176.739,103.059],"dipPosition":[107.857,277.067,13.9017],"direction":[-0.270847,0.74393,-0.610909],"extended":true,"handId":405,"id":4053,"length":65.4859,"mcpPosition":[127.783,222.336,58.846],"pipPosition":[115.483,256.12,31.1028],"stabilizedTipPosition":[114.636,289.981,14.9499],"timeVisible":0,"tipPosition":[114.636,289.981,14.9499],"tipVelocity":[1.19209e-7,1.19209e-7,1.19209e-7],"tool":false,"touchDistance":1,"touchZone":"none","type":3,"width":18.3737}],"r":[[1,-1.11022e-17,-1.38778e-17],[1.11022e-17,1,-2.22045e-17],[1.38778e-17,2.22045e-17,1]],"s":1,"t":[0,0,0],"timestamp":262058175108},{"currentFrameRate":25.4009,"devices":[],"gestures":[],"hands":[{"armBasis":[[-0.917588,0.299724,0.261147],[0.391192,0.797652,0.459042],[0.0707186,-0.52337,0.849166]],"armWidth":66.3212,"confidence":0.203913,"direction":[0.142175,0.859465,-0.491026],"elbow":[128.548,21.4359,359.133],"grabAngle":1.19158,"grabStrength":0,"id":405,"palmNormal":[-0.371019,-0.413628,-0.831419],"palmPosition":[123.239,223.849,78.2103],"palmVelocity":[-15.3241,84.3594,-193.596],"palmWidth":92.4834,"pinchDistance":38.6822,"pinchStrength":0.399531,"r":[[0.983379,-0.0917342,-0.156687],[0.0613696,0.980122,-0.188663],[0.170879,0.175912,0.969461]],"s":1.01822,"sphereCenter":[99.0793,201.993,7.57908],"sphereRadius":73.5981,"stabilizedPalmPosition":[123.832,220.584,85.7038],"t":[-0.300797,1.65589,-3.8001],"timeVisible":0.039258,"type":"left","wrist":[109.14,165.065,126.095]}],"id":231881,"interactionBox":{"center":[0,200,0],"size":[235.247,235.247,147.751]},"pointables":[{"bases":[[[-0.00967855,0.658544,0.75248],[0.84898,-0.392188,0.354149],[-0.528336,-0.642268,0.555295]],[[0.0840029,0.761841,0.642294],[0.926766,-0.296564,0.230554],[-0.366127,-0.575889,0.73096]],[[0.0840029,0.761841,0.642294],[0.940013,0.153288,-0.304759],[0.330633,-0.629366,0.703264]],[[0.0840029,0.761841,0.642294],[0.183381,0.621744,-0.761449],[0.979446,-0.181749,0.087479]]],"btipPosition":[116.475,219.429,32.8486],"carpPosition":[131.978,164.586,95.8719],"dipPosition":[139.319,215.19,34.889],"direction":[-0.330633,0.629366,-0.703264],"extended":false,"handId":405,"id":4050,"length":51.9383,"mcpPosition":[131.978,164.586,95.8719],"pipPosition":[150.554,193.805,58.7853],"stabilizedTipPosition":[129.73,233.546,48.3849],"timeVisible":0.039258,"tipPosition":[123.094,221.446,27.8945],"tipVelocity":[-766.769,-1446.43,-1444],"tool":false,"touchDistance":1,"touchZone":"none","type":0,"width":21.2937},{"bases":[[[-0.880778,0.440428,0.173934],[0.410561,0.527253,0.743938],[-0.235944,-0.726654,0.645216]],[[-0.880721,0.440604,0.173778],[0.46895,0.862675,0.189414],[0.0664569,-0.248314,0.966397]],[[-0.880721,0.440604,0.173778],[0.348097,0.850946,-0.393345],[0.321185,0.285935,0.902819]],[[-0.880721,0.440604,0.173778],[0.198661,0.676713,-0.708938],[0.429959,0.589854,0.683526]]],"btipPosition":[133.115,232.654,-13.8225],"carpPosition":[133.375,184.617,109.187],"dipPosition":[140.436,242.698,-2.18393],"direction":[-0.321185,-0.285935,-0.902819],"extended":false,"handId":405,"id":4051,"length":58.6066,"mcpPosition":[151.018,238.954,60.9399],"pipPosition":[148.173,249.585,19.563],"stabilizedTipPosition":[133.473,243.177,-6.826],"timeVisible":0.039258,"tipPosition":[134.814,237.887,-10.1009],"tipVelocity":[284.839,-1763.69,-927.661],"tool":false,"touchDistance":1,"touchZone":"none","type":1,"width":20.3397},{"bases":[[[-0.961556,0.241825,0.130117],[0.250465,0.578041,0.776618],[-0.112593,-0.779352,0.616388]],[[-0.961723,0.240665,0.131034],[0.272956,0.883537,0.3806],[0.0241761,-0.401799,0.915409]],[[-0.961723,0.240665,0.131034],[0.238066,0.970604,-0.035389],[0.135699,0.00283964,0.990746]],[[-0.961723,0.240665,0.131034],[0.188156,0.927602,-0.322726],[0.199216,0.285718,0.937378]]],"btipPosition":[122.568,260.552,-21.0727],"carpPosition":[123.322,191.417,112.242],"dipPosition":[126.299,265.903,-3.51771],"direction":[-0.135699,-0.00283964,-0.990746],"extended":true,"handId":405,"id":4052,"length":66.7775,"mcpPosition":[131.306,246.683,68.5316],"pipPosition":[130.145,265.984,24.5593],"stabilizedTipPosition":[123.942,265.248,-15.3971],"timeVisible":0.039258,"tipPosition":[123.151,264.42,-15.4118],"tipVelocity":[-128.796,-865.246,-409.084],"tool":false,"touchDistance":1,"touchZone":"none","type":2,"width":19.9763},{"bases":[[[-0.983771,0.0802334,0.160488],[0.177409,0.568703,0.803183],[0.0268277,-0.818621,0.573707]],[[-0.984041,0.113896,0.136712],[0.170477,0.823616,0.54092],[0.05099,-0.555594,0.829889]],[[-0.984041,0.113896,0.136712],[0.145269,0.957913,0.247588],[0.102759,-0.263497,0.959171]],[[-0.984041,0.113896,0.136712],[0.102363,0.99079,-0.0886349],[0.145548,0.0732261,0.986638]]],"btipPosition":[102.172,278.37,-4.27578],"carpPosition":[111.697,195.6,114.055],"dipPosition":[104.882,279.734,14.0956],"direction":[-0.102759,0.263497,-0.959171],"extended":true,"handId":405,"id":4053,"length":64.2084,"mcpPosition":[109.989,247.72,77.5282],"pipPosition":[107.719,272.459,40.5758],"stabilizedTipPosition":[108.549,284.173,7.23844],"timeVisible":0.039258,"tipPosition":[105.097,281.235,2.39275],"tipVelocity":[-301.622,-287.762,-382.094],"tool":false,"touchDistance":1,"touchZone":"none","type":3,"width":19.0087},{"bases":[[[-0.989754,-0.110129,0.0908795],[0.0239055,0.499686,0.865877],[0.140769,-0.859177,0.491934]],[[-0.991892,-0.0962838,0.0829488],[-0.0119269,0.720338,0.693521],[0.126526,-0.686908,0.715645]],[[-0.991892,-0.0962838,0.0829488],[-0.0520332,0.903157,0.426145],[0.115947,-0.418373,0.900844]],[[-0.991892,-0.0962838,0.0829488],[-0.0769509,0.974463,0.21095],[0.101142,-0.202857,0.973971]]],"btipPosition":[80.7037,280.525,23.5465],"carpPosition":[97.4562,194.043,112.048],"dipPosition":[82.4411,277.04,40.2773],"direction":[-0.115947,0.418373,-0.900844],"extended":true,"handId":405,"id":4054,"length":50.3382,"mcpPosition":[89.1597,244.68,83.0547],"pipPosition":[84.7012,268.885,57.8365],"stabilizedTipPosition":[83.7721,278.948,26.9066],"timeVisible":0.039258,"tipPosition":[85.2471,283.008,30.5633],"tipVelocity":[-1541.15,447.79,281.779],"tool":false,"touchDistance":1,"touchZone":"none","type":4,"width":16.885}],"r":[[0.983379,-0.0917342,-0.156687],[0.0613696,0.980122,-0.188663],[0.170879,0.175912,0.969461]],"s":1.01822,"t":[-0.300797,1.65589,-3.8001],"timestamp":262058214366},{"currentFrameRate":25.4103,"devices":[],"gestures":[],"hands":[{"armBasis":[[-0.951065,0.207403,0.229039],[0.296978,0.818239,0.492229],[0.0853188,-0.536162,0.839793]],"armWidth":66.3212,"confidence":0.391675,"direction":[0.0386426,0.853245,-0.520077],"elbow":[138.618,34.2097,348.924],"grabAngle":1.11289,"grabStrength":0,"id":405,"palmNormal":[-0.313568,-0.483822,-0.817063],"palmPosition":[122.772,240.234,69.0457],"palmVelocity":[-11.882,417.053,-233.271],"palmWidth":92.4834,"pinchDistance":40.5243,"pinchStrength":0,"r":[[0.951015,-0.163059,-0.262645],[0.0641412,0.935172,-0.348338],[0.302418,0.314429,0.899821]],"s":1.05852,"sphereCenter":[97.5586,207.53,-8.23885],"sphereRadius":84.6622,"stabilizedPalmPosition":[123.34,229.706,77.9707],"t":[-0.684599,10.6762,-10.2824],"timeVisible":0.078545,"type":"left","wrist":[115.204,181.349,118.459]}],"id":231882,"interactionBox":{"center":[0,200,0],"size":[235.247,235.247,147.751]},"pointables":[{"bases":[[[-0.0937816,0.677567,0.729457],[0.888723,-0.273275,0.368093],[-0.44875,-0.682806,0.576541]],[[-0.0109812,0.789997,0.613013],[0.957621,-0.168152,0.233854],[-0.287823,-0.589601,0.754671]],[[-0.0109812,0.789997,0.613013],[0.883206,0.295113,-0.364494],[0.468857,-0.537414,0.70097]],[[-0.0109812,0.789997,0.613013],[0.133731,0.608703,-0.782047],[0.990957,-0.0733911,0.112331]]],"btipPosition":[114.151,233.003,24.0076],"carpPosition":[138.592,183.116,88.7356],"dipPosition":[137.264,231.291,26.6276],"direction":[-0.468857,0.537414,-0.70097],"extended":false,"handId":405,"id":4050,"length":51.9383,"mcpPosition":[138.592,183.116,88.7356],"pipPosition":[153.195,213.03,50.4459],"stabilizedTipPosition":[121.422,232.788,29.1396],"timeVisible":0.078545,"tipPosition":[122.564,235.547,19.7913],"tipVelocity":[-57.5741,360.303,-221.644],"tool":false,"touchDistance":1,"touchZone":"none","type":0,"width":21.2937},{"bases":[[[-0.928822,0.335151,0.158],[0.339381,0.598395,0.725771],[-0.148697,-0.727734,0.669546]],[[-0.894222,0.444647,0.0515412],[0.446529,0.87805,0.172163],[-0.0312961,-0.176967,0.983719]],[[-0.894222,0.444647,0.0515412],[0.446205,0.89462,0.023574],[0.0356277,-0.0440783,0.998393]],[[-0.894222,0.444647,0.0515412],[0.412853,0.863768,-0.28889],[0.172974,0.237053,0.955974]]],"btipPosition":[146.122,262.627,-31.1542],"carpPosition":[137.467,203.607,101.358],"dipPosition":[149.067,266.664,-14.8766],"direction":[-0.0356277,0.0440783,-0.998393],"extended":true,"handId":405,"id":4051,"length":58.6066,"mcpPosition":[148.586,258.025,51.291],"pipPosition":[149.926,265.602,9.17247],"stabilizedTipPosition":[145.671,261.83,-25.6675],"timeVisible":0.078545,"tipPosition":[142.528,260.161,-25.0212],"tipVelocity":[305.462,727.758,-413.999],"tool":false,"touchDistance":0.876778,"touchZone":"hovering","type":1,"width":20.3397},{"bases":[[[-0.984528,0.126795,0.120948],[0.17412,0.630319,0.756558],[-0.0196918,-0.765912,0.642644]],[[-0.981279,0.175276,0.0798096],[0.19259,0.894378,0.403729],[0.000616079,-0.411541,0.911391]],[[-0.981279,0.175276,0.0798096],[0.185936,0.970191,0.155427],[0.050188,-0.167357,0.984618]],[[-0.981279,0.175276,0.0798096],[0.138391,0.929923,-0.340722],[0.133937,0.323298,0.936771]]],"btipPosition":[124.079,281.998,-30.6294],"carpPosition":[126.643,209.228,104.169],"dipPosition":[126.588,288.052,-13.0858],"direction":[-0.050188,0.167357,-0.984618],"extended":true,"handId":405,"id":4052,"length":66.7775,"mcpPosition":[128.04,263.541,58.5969],"pipPosition":[128.01,283.31,14.8176],"stabilizedTipPosition":[124.616,282.365,-25.9615],"timeVisible":0.078545,"tipPosition":[121.276,280.196,-26.237],"tipVelocity":[31.3062,549.984,-243.32],"tool":false,"touchDistance":0.933287,"touchZone":"hovering","type":2,"width":19.9763},{"bases":[[[-0.987,-0.0351765,0.156821],[0.102618,0.61303,0.783367],[0.123692,-0.789276,0.601451]],[[-0.988085,-0.0279955,0.151344],[0.0678788,0.803259,0.59175],[0.138135,-0.594972,0.791788]],[[-0.988085,-0.0279955,0.151344],[0.01091,0.968105,0.250308],[0.153524,-0.248977,0.956264]],[[-0.988085,-0.0279955,0.151344],[-0.0639009,0.969182,-0.237914],[0.140019,0.24475,0.959423]]],"btipPosition":[93.7143,291.079,-11.9856],"carpPosition":[114.586,212.019,105.828],"dipPosition":[96.3215,295.636,5.87897],"direction":[-0.153524,0.248977,-0.956264],"extended":true,"handId":405,"id":4053,"length":64.2084,"mcpPosition":[106.711,262.27,67.5348],"pipPosition":[100.56,288.763,32.2789],"stabilizedTipPosition":[96.4603,290.928,-5.59775],"timeVisible":0.078545,"tipPosition":[97.1708,292.307,-8.49843],"tipVelocity":[-215.873,342.18,-199.211],"tool":false,"touchDistance":1,"touchZone":"none","type":3,"width":19.0087},{"bases":[[[-0.969348,-0.227094,0.0937738],[-0.0416234,0.527941,0.84826],[0.242142,-0.818356,0.521211]],[[-0.957343,-0.264047,0.117362],[-0.0989171,0.681096,0.725481],[0.271496,-0.682925,0.678162]],[[-0.957343,-0.264047,0.117362],[-0.203156,0.903892,0.37644],[0.20548,-0.336539,0.918977]],[[-0.957343,-0.264047,0.117362],[-0.260152,0.964392,0.0476291],[0.125759,-0.0150655,0.991946]]],"btipPosition":[70.6482,287.78,14.2953],"carpPosition":[100.652,208.665,103.863],"dipPosition":[72.8085,287.522,31.3348],"direction":[-0.20548,0.336539,-0.918977],"extended":true,"handId":405,"id":4054,"length":50.3382,"mcpPosition":[86.3808,256.897,73.1449],"pipPosition":[76.8137,280.962,49.2475],"stabilizedTipPosition":[72.2922,286.924,19.0041],"timeVisible":0.078545,"tipPosition":[76.5354,291.557,19.1103],"tipVelocity":[-253.474,203.565,-233.67],"tool":false,"touchDistance":1,"touchZone":"none","type":4,"width":16.885}],"r":[[0.951015,-0.163059,-0.262645],[0.0641412,0.935172,-0.348338],[0.302418,0.314429,0.899821]],"s":1.05852,"t":[-0.684599,10.6762,-10.2824],"timestamp":262058253653},{"currentFrameRate":29.0086,"devices":[],"gestures":[],"hands":[{"armBasis":[[-0.973688,0.150693,0.170946],[0.211182,0.878569,0.42839],[0.0856326,-0.453219,0.887277]],"armWidth":66.3212,"confidence":0.43683,"direction":[-0.0548821,0.888586,-0.455414],"elbow":[143.41,59.5642,357.264],"grabAngle":1.06463,"grabStrength":0,"id":405,"palmNormal":[-0.296371,-0.450044,-0.842392],"palmPosition":[121.363,245.526,67.354],"palmVelocity":[-136.113,511.284,-163.433],"palmWidth":92.4834,"pinchDistance":46.0109,"pinchStrength":0,"r":[[0.91556,-0.211461,-0.342103],[0.0346028,0.888881,-0.456829],[0.40069,0.406417,0.821141]],"s":1.07779,"sphereCenter":[99.1142,216.544,-11.1255],"sphereRadius":83.6757,"stabilizedPalmPosition":[122.839,233.712,75.2819],"t":[-1.58095,17.8325,-14.3694],"timeVisible":0.088896,"type":"left","wrist":[119.91,183.942,113.768]}],"id":231883,"interactionBox":{"center":[0,200,0],"size":[235.247,235.247,147.751]},"pointables":[{"bases":[[[-0.129311,0.611632,0.780503],[0.921326,-0.216935,0.32264],[-0.366655,-0.760819,0.535461]],[[-0.0496327,0.757442,0.651013],[0.991557,-0.0408126,0.12308],[-0.119796,-0.651626,0.749021]],[[-0.0496327,0.757442,0.651013],[0.789161,0.429261,-0.439272],[0.612177,-0.491952,0.619049]],[[-0.0496327,0.757442,0.651013],[0.127809,0.651274,-0.748002],[0.990556,-0.0460803,0.129133]]],"btipPosition":[105.029,239.669,20.2214],"carpPosition":[142.855,188.816,82.271],"dipPosition":[128.132,238.594,23.2332],"direction":[-0.612177,0.491952,-0.619049],"extended":false,"handId":405,"id":4050,"length":51.9383,"mcpPosition":[142.855,188.816,82.271],"pipPosition":[148.933,221.878,44.268],"stabilizedTipPosition":[116.991,235.441,25.8496],"timeVisible":0.088896,"tipPosition":[116.784,242.777,18.8951],"tipVelocity":[-881.549,658.113,-357.075],"tool":false,"touchDistance":1,"touchZone":"none","type":0,"width":21.2937},{"bases":[[[-0.949174,0.236675,0.207496],[0.308814,0.572797,0.759301],[-0.0608542,-0.784786,0.616772]],[[-0.939133,0.30999,0.148105],[0.340151,0.899515,0.274173],[0.0482321,-0.307863,0.950207]],[[-0.939133,0.30999,0.148105],[0.314109,0.949375,0.00468141],[0.139156,-0.0509177,0.988961]],[[-0.939133,0.30999,0.148105],[0.288277,0.945548,-0.151113],[0.186884,0.0992195,0.977359]]],"btipPosition":[136.283,279.555,-30.8466],"carpPosition":[140.332,208.152,96.4211],"dipPosition":[139.465,281.244,-14.2049],"direction":[-0.139156,0.0509177,-0.988961],"extended":true,"handId":405,"id":4051,"length":58.6066,"mcpPosition":[144.882,266.836,50.3007],"pipPosition":[142.817,280.018,9.61699],"stabilizedTipPosition":[141.022,271.56,-26.3935],"timeVisible":0.088896,"tipPosition":[136.291,275.116,-25.7577],"tipVelocity":[-945.269,1583.2,37.8074],"tool":false,"touchDistance":0.828304,"touchZone":"hovering","type":1,"width":20.3397},{"bases":[[[-0.987313,0.0273325,0.156414],[0.142489,0.587194,0.796806],[0.0700666,-0.808984,0.583639]],[[-0.989492,0.0645365,0.129386],[0.119039,0.871545,0.475645],[0.0820696,-0.486049,0.870069]],[[-0.989492,0.0645365,0.129386],[0.0871573,0.980233,0.177612],[0.115366,-0.187022,0.975558]],[[-0.989492,0.0645365,0.129386],[0.0237125,0.955176,-0.295089],[0.142631,0.28892,0.946669]]],"btipPosition":[114.3,293.148,-28.6231],"carpPosition":[129.151,212.544,99.9346],"dipPosition":[116.971,298.559,-10.8941],"direction":[-0.115366,0.187022,-0.975558],"extended":true,"handId":405,"id":4052,"length":66.7775,"mcpPosition":[124.183,269.911,58.5469],"pipPosition":[120.24,293.259,16.7525],"stabilizedTipPosition":[118.976,289.357,-25.1382],"timeVisible":0.088896,"tipPosition":[113.314,292.22,-24.5821],"tipVelocity":[-941.194,1062.93,197.946],"tool":false,"touchDistance":0.904025,"touchZone":"hovering","type":2,"width":19.9763},{"bases":[[[-0.974155,-0.136358,0.180082],[0.0737463,0.561559,0.824144],[0.213505,-0.816124,0.536989]],[[-0.981708,-0.104576,0.159102],[0.022089,0.767448,0.64073],[0.189107,-0.632524,0.7511]],[[-0.981708,-0.104576,0.159102],[-0.0371132,0.924729,0.378812],[0.18674,-0.365978,0.911695]],[[-0.981708,-0.104576,0.159102],[-0.121614,0.987385,-0.1014],[0.146491,0.118894,0.982041]]],"btipPosition":[87.0585,302.11,-8.96796],"carpPosition":[116.955,214.095,102.121],"dipPosition":[89.7862,304.324,9.31781],"direction":[-0.18674,0.365978,-0.911695],"extended":true,"handId":405,"id":4053,"length":64.2084,"mcpPosition":[103.362,266.056,67.9315],"pipPosition":[94.9416,294.221,34.4873],"stabilizedTipPosition":[92.5665,296.116,-5.22697],"timeVisible":0.088896,"tipPosition":[88.4813,300.886,-5.24723],"tipVelocity":[-640.337,1013.67,300.893],"tool":false,"touchDistance":1,"touchZone":"none","type":3,"width":19.0087},{"bases":[[[-0.941601,-0.320797,0.102357],[-0.060097,0.45919,0.886303],[0.331325,-0.828392,0.451653]],[[-0.944122,-0.314415,0.0988797],[-0.126101,0.621753,0.772995],[0.30452,-0.717333,0.626659]],[[-0.944122,-0.314415,0.0988797],[-0.226879,0.837568,0.496996],[0.239082,-0.446791,0.862101]],[[-0.944122,-0.314415,0.0988797],[-0.291785,0.936832,0.192893],[0.153282,-0.153263,0.976225]]],"btipPosition":[65.7661,295.077,18.0081],"carpPosition":[103.317,209.635,100.283],"dipPosition":[68.3992,292.444,34.7777],"direction":[-0.239082,0.446791,-0.862101],"extended":true,"handId":405,"id":4054,"length":50.3382,"mcpPosition":[83.7902,258.458,73.6642],"pipPosition":[73.0594,283.736,51.5817],"stabilizedTipPosition":[69.3865,290.628,20.4083],"timeVisible":0.088896,"tipPosition":[68.5612,295.613,22.5086],"tipVelocity":[-461.15,652.175,352.696],"tool":false,"touchDistance":1,"touchZone":"none","type":4,"width":16.885}],"r":[[0.91556,-0.211461,-0.342103],[0.0346028,0.888881,-0.456829],[0.40069,0.406417,0.821141]],"s":1.07779,"t":[-1.58095,17.8325,-14.3694],"timestamp":262058264004},{"currentFrameRate":32.4433,"devices":[],"gestures":[],"hands":[{"armBasis":[[-0.984525,0.0483173,0.168454],[0.115054,0.903277,0.413344],[0.132189,-0.426328,0.894858]],"armWidth":66.3212,"confidence":0.479346,"direction":[-0.0535691,0.897131,-0.438504],"elbow":[155.85,68.528,355.52],"grabAngle":1.01537,"grabStrength":0,"id":405,"palmNormal":[-0.189736,-0.44028,-0.877584],"palmPosition":[121.235,247.944,65.014],"palmVelocity":[-12.4983,236.612,-229.011],"palmWidth":92.4834,"pinchDistance":44.3193,"pinchStrength":0,"r":[[0.890637,-0.247146,-0.381686],[0.00617159,0.84589,-0.533322],[0.454673,0.472641,0.754906]],"s":1.09609,"sphereCenter":[108.315,218.659,-18.5207],"sphereRadius":86.7151,"stabilizedPalmPosition":[122.46,237.073,72.8569],"t":[-2.09298,22.6195,-17.583],"timeVisible":0.099114,"type":"left","wrist":[119.573,185.526,109.943]}],"id":231884,"interactionBox":{"center":[0,200,0],"size":[235.247,235.247,147.751]},"pointables":[{"bases":[[[-0.235248,0.583419,0.777355],[0.894757,-0.182344,0.407629],[-0.379564,-0.791437,0.479122]],[[-0.157586,0.725172,0.670293],[0.963373,-0.0362477,0.265704],[-0.216977,-0.687614,0.692899]],[[-0.157586,0.725172,0.670293],[0.837471,0.457815,-0.298409],[0.523268,-0.514326,0.679455]],[[-0.157586,0.725172,0.670293],[-0.0462121,0.672615,-0.738548],[0.986423,0.14736,0.0724827]]],"btipPosition":[114.145,240.842,20.7795],"carpPosition":[143.924,191.915,80.7129],"dipPosition":[137.152,244.279,22.4701],"direction":[-0.523268,0.514326,-0.679455],"extended":false,"handId":405,"id":4050,"length":51.9383,"mcpPosition":[143.924,191.915,80.7129],"pipPosition":[154.932,226.803,45.5574],"stabilizedTipPosition":[118.112,238.278,23.7043],"timeVisible":0.099114,"tipPosition":[120.988,245.019,17.6334],"tipVelocity":[890.05,216.379,24.8841],"tool":false,"touchDistance":1,"touchZone":"none","type":0,"width":21.2937},{"bases":[[[-0.975449,0.186305,0.117426],[0.204221,0.565699,0.798924],[-0.0824156,-0.80329,0.589858]],[[-0.968702,0.234417,0.0816342],[0.248074,0.902785,0.351339],[-0.00866166,-0.360594,0.932683]],[[-0.968702,0.234417,0.0816342],[0.235713,0.971801,0.00647812],[0.0778136,-0.0255176,0.996641]],[[-0.968702,0.234417,0.0816342],[0.223342,0.966631,-0.125475],[0.108324,0.103316,0.988732]]],"btipPosition":[141.89,285.082,-29.9097],"carpPosition":[139.075,210.719,94.9738],"dipPosition":[143.734,286.841,-13.0744],"direction":[-0.0778136,0.0255176,-0.996641],"extended":true,"handId":405,"id":4051,"length":58.6066,"mcpPosition":[145.238,270.787,50.8659],"pipPosition":[145.609,286.226,10.9325],"stabilizedTipPosition":[141.775,279.671,-26.1862],"timeVisible":0.099114,"tipPosition":[143.579,281.314,-25.5351],"tipVelocity":[518.601,542.456,96.0482],"tool":false,"touchDistance":0.793528,"touchZone":"hovering","type":1,"width":20.3397},{"bases":[[[-0.998042,-0.0231214,0.0581093],[0.0345102,0.571278,0.820031],[0.0521569,-0.820431,0.569362]],[[-0.999404,0.0200604,0.0280837],[0.031725,0.854364,0.518706],[0.0135883,-0.519288,0.854491]],[[-0.999404,0.0200604,0.0280837],[0.0260155,0.972588,0.231075],[0.0226784,-0.231668,0.972531]],[[-0.999404,0.0200604,0.0280837],[0.0142529,0.980993,-0.19352],[0.031432,0.193004,0.980694]]],"btipPosition":[121.818,300.56,-29.8916],"carpPosition":[127.401,214.486,97.4567],"dipPosition":[122.407,304.175,-11.5254],"direction":[-0.0226784,0.231668,-0.972531],"extended":true,"handId":405,"id":4052,"length":66.7775,"mcpPosition":[123.702,272.665,57.0815],"pipPosition":[123.05,297.609,16.0354],"stabilizedTipPosition":[120.833,296.863,-25.4683],"timeVisible":0.099114,"tipPosition":[120.249,297.374,-26.1173],"tipVelocity":[688.946,684.947,-109.801],"tool":false,"touchDistance":0.830127,"touchZone":"hovering","type":2,"width":19.9763},{"bases":[[[-0.979232,-0.186602,0.0792784],[-0.0352386,0.541722,0.839819],[0.199658,-0.819584,0.537047]],[[-0.989903,-0.134368,0.0451374],[-0.070776,0.744442,0.663925],[0.122812,-0.654027,0.746436]],[[-0.989903,-0.134368,0.0451374],[-0.10163,0.894776,0.434795],[0.0988103,-0.425817,0.899398]],[[-0.989903,-0.134368,0.0451374],[-0.134766,0.99086,-0.00587831],[0.043935,0.0119019,0.998963]]],"btipPosition":[93.2617,308.243,-12.4057],"carpPosition":[114.988,215.405,98.4544],"dipPosition":[94.0798,308.464,6.19519],"direction":[-0.0988103,0.425817,-0.899398],"extended":true,"handId":405,"id":4053,"length":64.2084,"mcpPosition":[102.276,267.587,64.2617],"pipPosition":[96.8077,296.708,31.0252],"stabilizedTipPosition":[92.9792,301.806,-6.58229],"timeVisible":0.099114,"tipPosition":[93.0456,304.509,-9.02992],"tipVelocity":[564.104,555.28,-329.345],"tool":false,"touchDistance":1,"touchZone":"none","type":3,"width":19.0087},{"bases":[[[-0.930169,-0.367131,0.00104342],[-0.169337,0.431553,0.886051],[0.325747,-0.824,0.463586]],[[-0.940922,-0.338289,-0.0150594],[-0.228062,0.600208,0.766641],[0.250307,-0.724783,0.6419]],[[-0.940922,-0.338289,-0.0150594],[-0.297362,0.804175,0.514663],[0.161994,-0.488736,0.85726]],[[-0.940922,-0.338289,-0.0150594],[-0.331664,0.911701,0.242486],[0.0683006,-0.233155,0.970038]]],"btipPosition":[69.4826,298,11.8563],"carpPosition":[101.832,210.364,95.1711],"dipPosition":[70.6558,293.995,28.5196],"direction":[-0.161994,0.488736,-0.85726],"extended":true,"handId":405,"id":4054,"length":50.3382,"mcpPosition":[82.6339,258.928,67.8488],"pipPosition":[73.8134,284.469,45.2293],"stabilizedTipPosition":[69.5319,293.192,18.5324],"timeVisible":0.099114,"tipPosition":[70.5816,296.754,16.2133],"tipVelocity":[330.857,255.17,-604.449],"tool":false,"touchDistance":1,"touchZone":"none","type":4,"width":16.885}],"r":[[0.890637,-0.247146,-0.381686],[0.00617159,0.84589,-0.533322],[0.454673,0.472641,0.754906]],"s":1.09609,"t":[-2.09298,22.6195,-17.583],"timestamp":262058274222},{"currentFrameRate":35.6922,"devices":[],"gestures":[],"hands":[{"armBasis":[[-0.981338,-0.00449508,0.19224],[0.0807727,0.897617,0.433313],[0.174506,-0.440754,0.880502]],"armWidth":66.3212,"confidence":0.520033,"direction":[-0.0465667,0.893136,-0.447371],"elbow":[166.589,66.6516,348.359],"grabAngle":0.990292,"grabStrength":0,"id":405,"palmNormal":[-0.136654,-0.449342,-0.882846],"palmPosition":[120.649,249.954,61.799],"palmVelocity":[-56.9358,195.219,-312.195],"palmWidth":92.4834,"pinchDistance":40.1184,"pinchStrength":0.170129,"r":[[0.873845,-0.275811,-0.400405],[-0.0167182,0.805998,-0.591682],[0.485918,0.523732,0.699706]],"s":1.10197,"sphereCenter":[107.862,217.055,-27.5345],"sphereRadius":93.7219,"stabilizedPalmPosition":[122.109,239.573,70.7111],"t":[-2.64216,26.0182,-20.7972],"timeVisible":0.109412,"type":"left","wrist":[118.699,187.608,106.721]}],"id":231885,"interactionBox":{"center":[0,200,0],"size":[235.247,235.247,147.751]},"pointables":[{"bases":[[[-0.285041,0.584241,0.759878],[0.87565,-0.163722,0.454349],[-0.389858,-0.794895,0.464922]],[[-0.223163,0.697149,0.681309],[0.921294,-0.0774941,0.381067],[-0.318458,-0.712726,0.624985]],[[-0.223163,0.697149,0.681309],[0.970001,0.227952,0.0844727],[0.0964159,-0.679721,0.727106]],[[-0.223163,0.697149,0.681309],[0.0698553,0.708576,-0.702169],[0.972275,0.109105,0.206828]]],"btipPosition":[133.677,251.155,17.8195],"carpPosition":[143.473,194.442,79.0597],"dipPosition":[156.354,253.7,22.6435],"direction":[-0.0964159,0.679721,-0.727106],"extended":false,"handId":405,"id":4050,"length":51.9383,"mcpPosition":[143.473,194.442,79.0597],"pipPosition":[159.63,230.604,47.3499],"stabilizedTipPosition":[128.88,245.254,21.2299],"timeVisible":0.109412,"tipPosition":[132.009,249.579,17.0203],"tipVelocity":[1889.28,981.566,-217.454],"tool":false,"touchDistance":1,"touchZone":"none","type":0,"width":21.2937},{"bases":[[[-0.983295,0.169699,0.0658308],[0.152978,0.574479,0.804097],[-0.0986358,-0.800735,0.590842]],[[-0.983109,0.171193,0.0647277],[0.182514,0.890725,0.416289],[-0.0136112,-0.421071,0.906925]],[[-0.983109,0.171193,0.0647277],[0.169526,0.985055,-0.0304626],[0.0689753,0.018975,0.997438]],[[-0.983109,0.171193,0.0647277],[0.155485,0.967783,-0.198042],[0.0965458,0.184632,0.978054]]],"btipPosition":[142.223,287.555,-30.7796],"carpPosition":[137.57,213.25,92.9121],"dipPosition":[143.867,290.698,-14.1261],"direction":[-0.0689753,-0.018975,-0.997438],"extended":true,"handId":405,"id":4051,"length":58.6066,"mcpPosition":[144.946,273.127,48.7306],"pipPosition":[145.529,291.156,9.90002],"stabilizedTipPosition":[142.28,284.933,-26.6528],"timeVisible":0.109412,"tipPosition":[146.182,284.113,-27.581],"tipVelocity":[27.8863,271.079,-88.5321],"tool":false,"touchDistance":0.733833,"touchZone":"hovering","type":1,"width":20.3397},{"bases":[[[-0.999156,-0.0404815,0.0070006],[-0.0176645,0.577179,0.816427],[0.0370907,-0.815614,0.577406]],[[-0.999745,0.00127816,-0.0225344],[-0.0112756,0.836599,0.547699],[-0.0195523,-0.547814,0.836372]],[[-0.999745,0.00127816,-0.0225344],[-0.00471277,0.964568,0.263794],[-0.0220731,-0.263833,0.964316]],[[-0.999745,0.00127816,-0.0225344],[0.00504114,0.985819,-0.167736],[-0.0220004,0.167806,0.985574]]],"btipPosition":[125.067,305.311,-32.1424],"carpPosition":[125.72,216.825,94.7646],"dipPosition":[124.655,308.454,-13.6848],"direction":[0.0220731,0.263833,-0.964316],"extended":true,"handId":405,"id":4052,"length":66.7775,"mcpPosition":[123.09,274.663,53.8189],"pipPosition":[124.029,300.977,13.6432],"stabilizedTipPosition":[123.47,302.705,-27.0155],"timeVisible":0.109412,"tipPosition":[123.768,300.124,-29.3048],"tipVelocity":[293.069,450.849,-216.524],"tool":false,"touchDistance":0.747001,"touchZone":"hovering","type":2,"width":19.9763},{"bases":[[[-0.978614,-0.203459,0.0303286],[-0.0878131,0.546517,0.832831],[0.186022,-0.812357,0.552696]],[[-0.990847,-0.133971,-0.0165603],[-0.111053,0.739239,0.664224],[0.0767447,-0.659983,0.74735]],[[-0.990847,-0.133971,-0.0165603],[-0.127445,0.88796,0.441911],[0.0444984,-0.439977,0.896906]],[[-0.990847,-0.133971,-0.0165603],[-0.134814,0.98835,0.0706394],[-0.00690373,-0.0722253,0.997364]]],"btipPosition":[96.8971,312.13,-16.6813],"carpPosition":[113.258,217.53,95.1173],"dipPosition":[96.7686,310.785,1.88975],"direction":[-0.0444984,0.439977,-0.896906],"extended":true,"handId":405,"id":4053,"length":64.2084,"mcpPosition":[101.414,269.251,59.9282],"pipPosition":[97.9971,298.638,26.6509],"stabilizedTipPosition":[94.6654,306.149,-9.1094],"timeVisible":0.109412,"tipPosition":[95.5732,306.54,-13.7549],"tipVelocity":[331.882,342.505,-415.859],"tool":false,"touchDistance":0.869304,"touchZone":"hovering","type":3,"width":19.0087},{"bases":[[[-0.922455,-0.383598,-0.0439342],[-0.222172,0.434288,0.872945],[0.31578,-0.815013,0.485836]],[[-0.941661,-0.327726,-0.0766185],[-0.269335,0.597265,0.755469],[0.201825,-0.732031,0.650689]],[[-0.941661,-0.327726,-0.0766185],[-0.318463,0.793973,0.51787],[0.108886,-0.512058,0.852022]],[[-0.941661,-0.327726,-0.0766185],[-0.33589,0.900708,0.275505],[0.0212793,-0.285168,0.958241]]],"btipPosition":[72.1674,300.944,6.57003],"carpPosition":[100.378,212.235,91.2011],"dipPosition":[72.5329,296.046,23.0306],"direction":[-0.108886,0.512058,-0.852022],"extended":true,"handId":405,"id":4054,"length":50.3382,"mcpPosition":[81.7673,260.269,62.5674],"pipPosition":[74.6553,286.065,39.6382],"stabilizedTipPosition":[70.4289,295.377,15.8356],"timeVisible":0.109412,"tipPosition":[71.8047,297.863,10.1371],"tipVelocity":[242.674,265.939,-517.859],"tool":false,"touchDistance":1,"touchZone":"none","type":4,"width":16.885}],"r":[[0.873845,-0.275811,-0.400405],[-0.0167182,0.805998,-0.591682],[0.485918,0.523732,0.699706]],"s":1.10197,"t":[-2.64216,26.0182,-20.7972],"timestamp":262058284520},{"currentFrameRate":38.7797,"devices":[],"gestures":[],"hands":[{"armBasis":[[-0.974895,-0.0357343,0.219777],[0.0732437,0.880643,0.468084],[0.210272,-0.47243,0.855918]],"armWidth":66.3212,"confidence":0.558439,"direction":[-0.0468968,0.884049,-0.465035],"elbow":[175.631,59.8411,338.649],"grabAngle":0.95703,"grabStrength":0,"id":405,"palmNormal":[-0.119708,-0.467166,-0.876029],"palmPosition":[119.555,251.434,58.2203],"palmVelocity":[-106.37,143.947,-347.986],"palmWidth":92.4834,"pinchDistance":39.1049,"pinchStrength":0.157117,"r":[[0.861552,-0.299884,-0.409632],[-0.0360521,0.768708,-0.638583],[0.506388,0.564941,0.65147]],"s":1.10383,"sphereCenter":[113.418,214.12,-36.3385],"sphereRadius":100.228,"stabilizedPalmPosition":[121.728,241.343,68.8469],"t":[-3.4637,28.4577,-24.1937],"timeVisible":0.119696,"type":"left","wrist":[117.926,189.491,103.758]}],"id":231886,"interactionBox":{"center":[0,200,0],"size":[235.247,235.247,147.751]},"pointables":[{"bases":[[[-0.301139,0.596221,0.744201],[0.869952,-0.147828,0.470457],[-0.390511,-0.789092,0.474167]],[[-0.255501,0.680859,0.686404],[0.894535,-0.10286,0.435002],[-0.366779,-0.725156,0.582772]],[[-0.255501,0.680859,0.686404],[0.965913,0.149202,0.211546],[-0.0416197,-0.717056,0.695772]],[[-0.255501,0.680859,0.686404],[0.205188,0.731982,-0.649692],[0.944784,0.0251553,0.326726]]],"btipPosition":[140.543,257.021,16.0502],"carpPosition":[142.556,196.451,76.8804],"dipPosition":[162.579,257.608,23.6706],"direction":[0.0416197,0.717056,-0.695772],"extended":false,"handId":405,"id":4050,"length":51.9383,"mcpPosition":[142.556,196.451,76.8804],"pipPosition":[161.165,233.243,47.3123],"stabilizedTipPosition":[138.404,252.029,19.2792],"timeVisible":0.119696,"tipPosition":[136.803,252.848,15.1818],"tipVelocity":[653.334,526.608,-109.502],"tool":false,"touchDistance":1,"touchZone":"none","type":0,"width":21.2937},{"bases":[[[-0.985497,0.162812,0.0478427],[0.136226,0.590912,0.795151],[-0.101189,-0.790136,0.604521]],[[-0.988282,0.13685,0.0676131],[0.152565,0.871501,0.466058],[-0.00485528,-0.470911,0.882167]],[[-0.988282,0.13685,0.0676131],[0.138594,0.990109,0.0217909],[0.0639623,-0.0309063,0.997474]],[[-0.988282,0.13685,0.0676131],[0.118906,0.967962,-0.221159],[0.0957125,0.210528,0.972891]]],"btipPosition":[140.899,291.876,-33.2873],"carpPosition":[136.295,215.47,90.2802],"dipPosition":[142.529,295.461,-16.7217],"direction":[-0.0639623,0.0309063,-0.997474],"extended":true,"handId":405,"id":4051,"length":58.6066,"mcpPosition":[143.862,274.554,45.0758],"pipPosition":[144.07,294.716,7.30531],"stabilizedTipPosition":[141.676,289.597,-28.3487],"timeVisible":0.119696,"tipPosition":[144.966,286.205,-30.9325],"tipVelocity":[-129.066,430.079,-245.807],"tool":false,"touchDistance":0.655865,"touchZone":"hovering","type":1,"width":20.3397},{"bases":[[[-0.998794,-0.0485729,-0.00718365],[-0.0346002,0.59244,0.804871],[0.0348391,-0.804149,0.593406]],[[-0.999302,-0.00915935,-0.0362166],[-0.0281081,0.822929,0.567449],[-0.0246062,-0.568071,0.822612]],[[-0.999302,-0.00915935,-0.0362166],[-0.0193621,0.956085,0.292449],[-0.0319475,-0.292946,0.955595]],[[-0.999302,-0.00915935,-0.0362166],[-0.00279121,0.985073,-0.172114],[-0.0372524,0.171893,0.984411]]],"btipPosition":[124.705,308.376,-35.2254],"carpPosition":[124.39,218.981,91.8864],"dipPosition":[124.007,311.596,-16.7895],"direction":[0.0319475,0.292946,-0.955595],"extended":true,"handId":405,"id":4052,"length":66.7775,"mcpPosition":[121.92,276.006,49.8061],"pipPosition":[123.102,303.294,10.2913],"stabilizedTipPosition":[124.069,306.282,-29.2298],"timeVisible":0.119696,"tipPosition":[123.826,301.68,-33.229],"tipVelocity":[-41.5735,299.739,-300.268],"tool":false,"touchDistance":0.659315,"touchZone":"hovering","type":2,"width":19.9763},{"bases":[[[-0.977311,-0.210902,0.0195652],[-0.104743,0.561519,0.820808],[0.184096,-0.800135,0.57087]],[[-0.991217,-0.125943,-0.0403307],[-0.120939,0.739933,0.661719],[0.0534966,-0.660785,0.748666]],[[-0.991217,-0.125943,-0.0403307],[-0.130711,0.886783,0.443317],[0.0200678,-0.444695,0.895457]],[[-0.991217,-0.125943,-0.0403307],[-0.130217,0.982712,0.131607],[-0.0230586,-0.135703,0.990481]]],"btipPosition":[97.6913,314.76,-20.8073],"carpPosition":[111.919,219.59,92.0388],"dipPosition":[97.262,312.233,-2.36439],"direction":[-0.0200678,0.444695,-0.895457],"extended":true,"handId":405,"id":4053,"length":64.2084,"mcpPosition":[100.198,270.534,55.6926],"pipPosition":[97.816