{"frames":212,"data":[{"currentFrameRate":25.3941,"devices":[],"gestures":[],"hands":[],"id":232415,"interactionBox":{"center":[0,200,0],"size":[235.247,235.247,147.751]},"pointables":[],"r":[[-0.020113,-0.761857,-0.647433],[0.506356,0.550609,-0.663651],[0.86209,-0.34118,0.374696]],"s":-5.55733,"t":[884.858,792.664,758.259],"timestamp":262072753189},{"currentFrameRate":25.3911,"devices":[],"gestures":[],"hands":[],"id":232416,"interactionBox":{"center":[0,200,0],"size":[235.247,235.247,147.751]},"pointables":[],"r":[[-0.020113,-0.761857,-0.647433],[0.506356,0.550609,-0.663651],[0.86209,-0.34118,0.374696]],"s":-5.55733,"t":[884.858,792.664,758.259],"timestamp":262072792594},{"currentFrameRate":25.3971,"devices":[],"gestures":[],"hands":[],"id":232417,"interactionBox":{"center":[0,200,0],"size":[235.247,235.247,147.751]},"pointables":[],"r":[[-0.020113,-0.761857,-0.647433],[0.506356,0.550609,-0.663651],[0.86209,-0.34118,0.374696]],"s":-5.55733,"t":[884.858,792.664,758.259],"timestamp":262072831926},{"currentFrameRate":25.3963,"devices":[],"gestures":[],"hands":[],"id":232418,"interactionBox":{"center":[0,200,0],"size":[235.247,235.247,147.751]},"pointables":[],"r":[[-0.020113,-0.761857,-0.647433],[0.506356,0.550609,-0.663651],[0.86209,-0.34118,0.374696]],"s":-5.55733,"t":[884.858,792.664,758.259],"timestamp":262072871307},{"currentFrameRate":25.3626,"devices":[],"gestures":[],"hands":[],"id":232419,"interactionBox":{"center":[0,200,0],"size":[235.247,235.247,147.751]},"pointables":[],"r":[[-0.020113,-0.761857,-0.647433],[0.506356,0.550609,-0.663651],[0.86209,-0.34118,0.374696]],"s":-5.55733,"t":[884.858,792.664,758.259],"timestamp":262072910976},{"currentFrameRate":25.4037,"devices":[],"gestures":[],"hands":[],"id":232420,"interactionBox":{"center":[0,200,0],"size":[235.247,235.247,147.751]},"pointables":[],"r":[[-0.020113,-0.761857,-0.647433],[0.506356,0.550609,-0.663651],[0.86209,-0.34118,0.374696]],"s":-5.55733,"t":[884.858,792.664,758.259],"timestamp":262072950047},{"currentFrameRate":25.3732,"devices":[],"gestures":[],"hands":[],"id":232421,"interactionBox":{"center":[0,200,0],"size":[235.247,235.247,147.751]},"pointables":[],"r":[[-0.020113,-0.761857,-0.647433],[0.506356,0.550609,-0.663651],[0.86209,-0.34118,0.374696]],"s":-5.55733,"t":[884.858,792.664,758.259],"timestamp":262072989676},{"currentFrameRate":25.4047,"devices":[],"gestures":[],"hands":[],"id":232422,"interactionBox":{"center":[0,200,0],"size":[235.247,235.247,147.751]},"pointables":[],"r":[[-0.020113,-0.761857,-0.647433],[0.506356,0.550609,-0.663651],[0.86209,-0.34118,0.374696]],"s":-5.55733,"t":[884.858,792.664,758.259],"timestamp":262073028814},{"currentFrameRate":25.4107,"devices":[],"gestures":[],"hands":[{"armBasis":[[0.651554,-0.641468,-0.404964],[0.719128,0.692238,0.0605051],[0.24152,-0.330644,0.912328]],"armWidth":64.9842,"confidence":0,"direction":[0.121041,0.508027,-0.852794],"elbow":[196.146,44.3939,387.141],"grabAngle":1.29009,"grabStrength":0.147689,"id":407,"palmNormal":[-0.729121,-0.537478,-0.423675],"palmPosition":[126.504,175.717,69.6094],"palmVelocity":[1.19209e-7,1.19209e-7,1.19209e-7],"palmWidth":92.7952,"pinchDistance":65.7385,"pinchStrength":0,"r":[[1,-6.93889e-18,-1.66533e-17],[6.93889e-18,1,-2.22045e-17],[1.66533e-17,2.22045e-17,1]],"s":1,"sphereCenter":[76.0289,140.753,16.6486],"sphereRadius":81.7893,"stabilizedPalmPosition":[126.504,175.717,69.6094],"t":[0,0,0],"timeVisible":0,"type":"right","wrist":[129.642,135.439,135.926]}],"id":232423,"interactionBox":{"center":[0,200,0],"size":[235.247,235.247,147.751]},"pointables":[{"bases":[[[0.946818,0.309025,0.0896637],[-0.263271,0.583787,0.768037],[0.184998,-0.750797,0.634097]],[[0.90766,0.419633,-0.00783291],[-0.203473,0.456279,0.866261],[0.367086,-0.784677,0.49953]],[[0.90766,0.419633,-0.00783291],[-0.349486,0.766004,0.539534],[0.232406,-0.486976,0.841928]],[[0.90766,0.419633,-0.00783291],[-0.412465,0.895295,0.168283],[0.0776299,-0.149513,0.985708]]],"btipPosition":[71.6277,217.198,45.0218],"carpPosition":[100.249,156.75,123.254],"dipPosition":[73.4806,213.63,68.5486],"direction":[-0.232406,0.486976,-0.841928],"extended":true,"handId":407,"id":4070,"length":53.1503,"mcpPosition":[100.249,156.75,123.254],"pipPosition":[81.5618,196.697,97.8241],"stabilizedTipPosition":[72.0539,216.378,50.433],"timeVisible":0,"tipPosition":[72.0539,216.378,50.433],"tipVelocity":[1.19209e-7,1.19209e-7,1.19209e-7],"tool":false,"touchDistance":1,"touchZone":"none","type":0,"width":20.6517},{"bases":[[[0.558671,-0.74175,-0.371071],[0.829347,0.504141,0.240886],[0.00839443,-0.442323,0.896817]],[[0.55667,-0.782575,-0.278739],[0.827827,0.550609,0.107388],[0.0694373,-0.290528,0.954344]],[[0.55667,-0.782575,-0.278739],[0.663033,0.620692,-0.418484],[0.500506,0.0481439,0.864393]],[[0.55667,-0.782575,-0.278739],[0.345964,0.523442,-0.778664],[0.755267,0.337025,0.562127]]],"btipPosition":[98.3439,199.589,-32.1798],"carpPosition":[131.344,161.691,114.384],"dipPosition":[112.818,206.048,-21.4067],"direction":[-0.500506,-0.0481439,-0.864393],"extended":true,"handId":407,"id":4072,"length":68.3358,"mcpPosition":[130.747,193.163,50.5735],"pipPosition":[127.333,207.444,3.66115],"stabilizedTipPosition":[101.673,201.075,-29.702],"timeVisible":0,"tipPosition":[101.673,201.075,-29.702],"tipVelocity":[1.19209e-7,1.19209e-7,1.19209e-7],"tool":false,"touchDistance":1,"touchZone":"none","type":2,"width":19.3741},{"bases":[[[0.489697,-0.834636,-0.252148],[0.866987,0.435501,0.242225],[-0.0923592,-0.337227,0.936882]],[[0.489884,-0.83395,-0.25405],[0.861721,0.507367,-0.00383889],[0.132098,-0.21704,0.967184]],[[0.489884,-0.83395,-0.25405],[0.59499,0.532822,-0.601737],[0.637182,0.143624,0.757213]],[[0.489884,-0.83395,-0.25405],[0.195499,0.38908,-0.900221],[0.849584,0.391337,0.35364]]],"btipPosition":[104.755,173.194,-22.8237],"carpPosition":[139.064,153.276,109.229],"dipPosition":[120.943,180.651,-16.0852],"direction":[-0.637182,-0.143624,-0.757213],"extended":true,"handId":407,"id":4073,"length":65.7067,"mcpPosition":[144.964,174.819,49.3779],"pipPosition":[138.945,184.709,5.30725],"stabilizedTipPosition":[108.478,174.909,-21.2739],"timeVisible":0,"tipPosition":[108.478,174.909,-21.2739],"tipVelocity":[1.19209e-7,1.19209e-7,1.19209e-7],"tool":false,"touchDistance":1,"touchZone":"none","type":3,"width":18.4357},{"bases":[[[0.325689,-0.928464,-0.178553],[0.92101,0.268867,0.281872],[-0.213701,-0.256252,0.942691]],[[0.339834,-0.908274,-0.244032],[0.939689,0.338596,0.0483553],[0.0387084,-0.245747,0.968561]],[[0.339834,-0.908274,-0.244032],[0.702473,0.417664,-0.576271],[0.625335,0.0244108,0.779974]],[[0.339834,-0.908274,-0.244032],[0.290128,0.348063,-0.891447],[0.894616,0.232144,0.381799]]],"btipPosition":[124.422,159.258,-8.61016],"carpPosition":[141.381,139.81,104.333],"dipPosition":[140.149,163.338,-1.8986],"direction":[-0.625335,-0.0244108,-0.779974],"extended":true,"handId":407,"id":4074,"length":51.5128,"mcpPosition":[154.018,154.963,48.5864],"pipPosition":[152.622,163.825,13.6594],"stabilizedTipPosition":[128.039,160.196,-7.0665],"timeVisible":0,"tipPosition":[128.039,160.196,-7.0665],"tipVelocity":[1.19209e-7,1.19209e-7,1.19209e-7],"tool":false,"touchDistance":1,"touchZone":"none","type":4,"width":16.376},{"bases":[[[0.684356,-0.578218,-0.444207],[0.721978,0.622586,0.301885],[0.102002,-0.527304,0.843532]],[[0.691572,-0.663083,-0.286443],[0.721296,0.654961,0.225296],[0.0382192,-0.362419,0.931231]],[[0.691572,-0.663083,-0.286443],[0.618953,0.74844,-0.238189],[0.372325,-0.0125701,0.928017]],[[0.691572,-0.663083,-0.286443],[0.377776,0.670047,-0.639002],[0.615641,0.333704,0.713882]]],"btipPosition":[92.4177,217.414,-19.521],"carpPosition":[121.65,167.476,119.885],"dipPosition":[103.145,223.228,-7.08193],"direction":[-0.372325,0.0125701,-0.928017],"extended":true,"handId":407,"id":4071,"length":59.9742,"mcpPosition":[113.997,207.039,56.5953],"pipPosition":[112.323,222.919,15.7936],"stabilizedTipPosition":[94.885,218.751,-16.66],"timeVisible":0,"tipPosition":[94.885,218.751,-16.66],"tipVelocity":[1.19209e-7,1.19209e-7,1.19209e-7],"tool":false,"touchDistance":1,"touchZone":"none","type":1,"width":19.7265}],"r":[[1,-6.93889e-18,-1.66533e-17],[6.93889e-18,1,-2.22045e-17],[1.66533e-17,2.22045e-17,1]],"s":1,"t":[0,0,0],"timestamp":262073068125},{"currentFrameRate":25.4055,"devices":[],"gestures":[],"hands":[{"armBasis":[[0.765038,-0.434841,-0.475006],[0.543864,0.831261,0.114968],[0.344861,-0.346293,0.87244]],"armWidth":66.6902,"confidence":0.204625,"direction":[0.0950101,0.593787,-0.798993],"elbow":[227.604,55.7082,369.423],"grabAngle":0.429414,"grabStrength":0,"id":407,"palmNormal":[-0.561858,-0.630575,-0.535435],"palmPosition":[126.166,195.579,65.9191],"palmVelocity":[-8.55807,504.12,-93.667],"palmWidth":92.7952,"pinchDistance":60.7571,"pinchStrength":0,"r":[[0.998992,0.0391549,0.0219519],[-0.0394526,0.999133,0.0132974],[-0.0214122,-0.01415,0.999671]],"s":1.01731,"sphereCenter":[36.6602,103.441,-32.1597],"sphereRadius":166.059,"stabilizedPalmPosition":[126.191,194.12,66.1901],"t":[-0.16859,9.93091,-1.84519],"timeVisible":0.039399,"type":"right","wrist":[132.644,151.062,129.191]}],"id":232424,"interactionBox":{"center":[0,200,0],"size":[235.247,235.247,147.751]},"pointables":[{"bases":[[[0.851754,0.478755,0.212857],[-0.447156,0.452498,0.771555],[0.273069,-0.752356,0.599495]],[[0.840381,0.507914,0.189165],[-0.398935,0.343405,0.850249],[0.366894,-0.789998,0.491215]],[[0.840381,0.507914,0.189165],[-0.522349,0.665867,0.532703],[0.144609,-0.546484,0.82489]],[[0.840381,0.507914,0.189165],[-0.541992,0.78609,0.297165],[0.00223378,-0.352258,0.9359]]],"btipPosition":[75.7462,234.267,40.1719],"carpPosition":[99.3862,167.284,115.001],"dipPosition":[75.7982,226.057,61.9849],"direction":[-0.144609,0.546484,-0.82489],"extended":true,"handId":407,"id":4070,"length":51.9011,"mcpPosition":[99.3862,167.284,115.001],"pipPosition":[80.7084,207.501,89.9938],"stabilizedTipPosition":[74.8976,228.661,46.4072],"timeVisible":0.039399,"tipPosition":[71.1172,229.306,44.3975],"tipVelocity":[94.0192,406.128,-133.102],"tool":false,"touchDistance":1,"touchZone":"none","type":0,"width":21.4319},{"bases":[[[0.826046,-0.392999,-0.403979],[0.549068,0.722879,0.419488],[0.12717,-0.568329,0.812915]],[[0.83495,-0.496765,-0.236821],[0.548255,0.713554,0.436185],[-0.0476967,-0.49403,0.868135]],[[0.83495,-0.496765,-0.236821],[0.539293,0.824313,0.172253],[0.109645,-0.271539,0.956161]],[[0.83495,-0.496765,-0.236821],[0.493093,0.866392,-0.0788979],[0.244373,-0.0508989,0.968345]]],"btipPosition":[104.088,253.408,-22.92],"carpPosition":[118.386,182.227,114.707],"dipPosition":[108.246,252.542,-6.44357],"direction":[-0.109645,0.271539,-0.956161],"extended":true,"handId":407,"id":4071,"length":58.5646,"mcpPosition":[108.845,224.869,53.7149],"pipPosition":[110.886,246.006,16.5718],"stabilizedTipPosition":[104.674,251.952,-19.0403],"timeVisible":0.039399,"tipPosition":[101.359,248.11,-19.532],"tipVelocity":[257.87,874.577,-62.7019],"tool":false,"touchDistance":1,"touchZone":"none","type":1,"width":20.4718},{"bases":[[[0.729846,-0.583606,-0.355991],[0.683475,0.633378,0.362897],[0.0136882,-0.50817,0.861148]],[[0.728115,-0.626978,-0.277032],[0.681437,0.618401,0.391438],[-0.074106,-0.473792,0.877513]],[[0.728115,-0.626978,-0.277032],[0.683416,0.695171,0.222892],[0.052836,-0.351619,0.934651]],[[0.728115,-0.626978,-0.277032],[0.668801,0.738365,0.0867239],[0.150177,-0.248425,0.956939]]],"btipPosition":[127.801,252.448,-37.8425],"carpPosition":[129.525,178.942,109.929],"dipPosition":[130.612,247.799,-19.934],"direction":[-0.052836,0.351619,-0.934651],"extended":true,"handId":407,"id":4072,"length":66.7297,"mcpPosition":[128.551,215.099,48.6562],"pipPosition":[132.108,237.842,6.53436],"stabilizedTipPosition":[127.469,249.541,-33.5766],"timeVisible":0.039399,"tipPosition":[124.913,247.057,-33.7066],"tipVelocity":[679.577,1276.79,-102.072],"tool":false,"touchDistance":0.952033,"touchZone":"hovering","type":2,"width":20.106},{"bases":[[[0.670291,-0.698101,-0.251723],[0.733961,0.573541,0.363803],[-0.109597,-0.428609,0.896818]],[[0.674991,-0.675439,-0.296932],[0.735306,0.582573,0.346315],[-0.0609299,-0.452095,0.889886]],[[0.674991,-0.675439,-0.296932],[0.732355,0.662254,0.158353],[0.0896867,-0.324347,0.941677]],[[0.674991,-0.675439,-0.296932],[0.704515,0.709577,-0.0125771],[0.219191,-0.200704,0.954816]]],"btipPosition":[142.4,232.852,-35.5283],"carpPosition":[139.24,172.672,105.103],"dipPosition":[146.478,229.117,-17.7622],"direction":[-0.0896867,0.324347,-0.941677],"extended":true,"handId":407,"id":4073,"length":64.1624,"mcpPosition":[146.242,200.053,47.8119],"pipPosition":[148.953,220.169,8.2164],"stabilizedTipPosition":[141.899,229.636,-31.0222],"timeVisible":0.039399,"tipPosition":[140.226,228.068,-30.821],"tipVelocity":[884.792,1448.85,-258.083],"tool":false,"touchDistance":0.973613,"touchZone":"hovering","type":3,"width":19.1321},{"bases":[[[0.522554,-0.828121,-0.202862],[0.816695,0.417844,0.398015],[-0.24484,-0.37366,0.894668]],[[0.556445,-0.752963,-0.351306],[0.823757,0.444673,0.351696],[-0.108598,-0.48509,0.867695]],[[0.556445,-0.752963,-0.351306],[0.822089,0.560281,0.101268],[0.120579,-0.345154,0.930768]],[[0.556445,-0.752963,-0.351306],[0.792814,0.607673,-0.0466767],[0.248625,-0.252547,0.935097]]],"btipPosition":[156.376,210.628,-18.0312],"carpPosition":[144.69,160.392,99.6109],"dipPosition":[160.644,206.293,-1.97966],"direction":[-0.120579,0.345154,-0.930768],"extended":true,"handId":407,"id":4074,"length":50.3021,"mcpPosition":[159.169,182.489,46.7041],"pipPosition":[162.993,199.57,16.1499],"stabilizedTipPosition":[156.203,207.683,-14.0527],"timeVisible":0.039399,"tipPosition":[153.467,205.151,-13.6651],"tipVelocity":[744.141,1254.73,-184.594],"tool":false,"touchDistance":1,"touchZone":"none","type":4,"width":16.9947}],"r":[[0.998992,0.0391549,0.0219519],[-0.0394526,0.999133,0.0132974],[-0.0214122,-0.01415,0.999671]],"s":1.01731,"t":[-0.16859,9.93091,-1.84519],"timestamp":262073107524},{"currentFrameRate":25.9212,"devices":[],"gestures":[],"hands":[{"armBasis":[[0.825651,-0.248459,-0.506525],[0.441453,0.843568,0.305797],[0.351311,-0.476089,0.806176]],"armWidth":66.6902,"confidence":0.372747,"direction":[0.0729353,0.639457,-0.765359],"elbow":[230.852,36.8492,343.067],"grabAngle":0.360769,"grabStrength":0,"id":407,"palmNormal":[-0.442826,-0.666847,-0.59935],"palmPosition":[126.086,215.816,60.3359],"palmVelocity":[-2.3081,579.232,-159.802],"palmWidth":92.4987,"pinchDistance":57.7214,"pinchStrength":0,"r":[[0.994067,0.0941428,0.0544865],[-0.0959117,0.994913,0.0308114],[-0.0513086,-0.0358544,0.998039]],"s":1.02837,"sphereCenter":[74.5281,115.12,-50.8196],"sphereRadius":163.231,"stabilizedPalmPosition":[126.088,215.27,60.4832],"t":[-0.293205,25.015,-5.55938],"timeVisible":0.074337,"type":"right","wrist":[134.116,167.943,121.081]}],"id":232425,"interactionBox":{"center":[0,200,0],"size":[235.247,235.247,147.751]},"pointables":[{"bases":[[[0.769905,0.567253,0.292353],[-0.549619,0.356608,0.75548],[0.324293,-0.74233,0.586327]],[[0.753825,0.601491,0.264494],[-0.525729,0.310654,0.791898],[0.394154,-0.736004,0.5504]],[[0.753825,0.601491,0.264494],[-0.643275,0.593497,0.483692],[0.13396,-0.534761,0.834317]],[[0.753825,0.601491,0.264494],[-0.656608,0.674379,0.337756],[0.0247884,-0.428277,0.903307]]],"btipPosition":[74.6621,247.719,28.7887],"carpPosition":[99.854,182.111,106.191],"dipPosition":[75.2398,237.738,49.842],"direction":[-0.13396,0.534761,-0.834317],"extended":true,"handId":407,"id":4070,"length":51.9011,"mcpPosition":[99.854,182.111,106.191],"pipPosition":[79.7884,219.58,78.1711],"stabilizedTipPosition":[74.8176,241.716,36.4569],"timeVisible":0.074337,"tipPosition":[70.3644,244.111,35.633],"tipVelocity":[-27.5687,373.379,-330.811],"tool":false,"touchDistance":1,"touchZone":"none","type":0,"width":21.4319},{"bases":[[[0.893196,-0.269837,-0.359708],[0.426335,0.76251,0.486638],[0.142968,-0.588019,0.796112]],[[0.903633,-0.383429,-0.190864],[0.425367,0.751273,0.504629],[-0.0500985,-0.537187,0.841974]],[[0.903633,-0.383429,-0.190864],[0.424506,0.861013,0.280092],[0.056941,-0.334124,0.940808]],[[0.903633,-0.383429,-0.190864],[0.41165,0.900557,0.139789],[0.118285,-0.204887,0.971612]]],"btipPosition":[104.864,277.871,-27.0719],"carpPosition":[116.797,199.381,107.671],"dipPosition":[106.877,274.385,-10.5399],"direction":[-0.056941,0.334124,-0.940808],"extended":true,"handId":407,"id":4071,"length":58.5646,"mcpPosition":[106.104,243.359,48.1297],"pipPosition":[108.248,266.342,12.1059],"stabilizedTipPosition":[105.317,276.689,-23.2055],"timeVisible":0.074337,"tipPosition":[101.466,270.521,-24.2454],"tipVelocity":[8.08431,682.943,-118.47],"tool":false,"touchDistance":1,"touchZone":"none","type":1,"width":20.4718},{"bases":[[[0.818445,-0.472809,-0.326497],[0.574238,0.692819,0.43618],[0.0199737,-0.544476,0.838538]],[[0.816762,-0.521331,-0.247212],[0.569416,0.659201,0.491141],[-0.0930849,-0.541912,0.835264]],[[0.816762,-0.521331,-0.247212],[0.576636,0.752228,0.318816],[0.019751,-0.402948,0.91501]],[[0.816762,-0.521331,-0.247212],[0.566912,0.804792,0.175843],[0.107282,-0.283769,0.952872]]],"btipPosition":[129.061,279.04,-39.7427],"carpPosition":[128.576,197.689,103.569],"dipPosition":[131.069,273.729,-21.9103],"direction":[-0.019751,0.402948,-0.91501],"extended":true,"handId":407,"id":4072,"length":66.7297,"mcpPosition":[127.16,236.306,44.0956],"pipPosition":[131.628,262.318,4.00181],"stabilizedTipPosition":[129.498,277.476,-35.6162],"timeVisible":0.074337,"tipPosition":[125.648,272.478,-36.7631],"tipVelocity":[30.7656,756.756,-54.8895],"tool":false,"touchDistance":0.861397,"touchZone":"hovering","type":2,"width":20.106},{"bases":[[[0.76683,-0.598653,-0.231487],[0.631589,0.639558,0.438247],[-0.114309,-0.482265,0.868535]],[[0.769957,-0.583681,-0.257843],[0.627896,0.621079,0.469051],[-0.113635,-0.523047,0.844694]],[[0.769957,-0.583681,-0.257843],[0.637949,0.712796,0.291449],[0.0136762,-0.388894,0.921181]],[[0.769957,-0.583681,-0.257843],[0.628345,0.763905,0.147075],[0.111123,-0.275256,0.954927]]],"btipPosition":[149.209,262.694,-36.8627],"carpPosition":[139.319,192.861,99.2105],"dipPosition":[151.276,257.572,-19.0945],"direction":[-0.0136762,0.388894,-0.921181],"extended":true,"handId":407,"id":4073,"length":64.1624,"mcpPosition":[146.598,223.571,43.9034],"pipPosition":[151.654,246.844,6.31866],"stabilizedTipPosition":[149.581,261.094,-32.7528],"timeVisible":0.074337,"tipPosition":[144.526,256.577,-33.4619],"tipVelocity":[181.649,845.023,-38.1792],"tool":false,"touchDistance":0.889576,"touchZone":"hovering","type":3,"width":19.1321},{"bases":[[[0.633478,-0.747835,-0.198615],[0.730574,0.493524,0.471907],[-0.254888,-0.444046,0.858985]],[[0.665655,-0.66879,-0.331094],[0.737203,0.520398,0.43095],[-0.115915,-0.530947,0.83944]],[[0.665655,-0.66879,-0.331094],[0.742088,0.640065,0.199052],[0.0787977,-0.378201,0.922364]],[[0.665655,-0.66879,-0.331094],[0.721283,0.690411,0.0555273],[0.191455,-0.275775,0.941963]]],"btipPosition":[160.909,238.572,-20.6882],"carpPosition":[146.624,181.6,93.6407],"dipPosition":[164.196,233.838,-4.5188],"direction":[-0.0787977,0.378201,-0.922364],"extended":true,"handId":407,"id":4074,"length":50.3021,"mcpPosition":[161.649,207.775,43.0063],"pipPosition":[165.731,226.471,13.447],"stabilizedTipPosition":[161.592,237.082,-16.9299],"timeVisible":0.074337,"tipPosition":[157.496,232.888,-16.6676],"tipVelocity":[123.289,797.183,-75.2732],"tool":false,"touchDistance":1,"touchZone":"none","type":4,"width":16.9947}],"r":[[0.994067,0.0941428,0.0544865],[-0.0959117,0.994913,0.0308114],[-0.0513086,-0.0358544,0.998039]],"s":1.02837,"t":[-0.293205,25.015,-5.55938],"timestamp":262073142462},{"currentFrameRate":27.518,"devices":[],"gestures":[],"hands":[{"armBasis":[[0.872899,-0.0892126,-0.479676],[0.346992,0.804658,0.481791],[0.342993,-0.586998,0.733341]],"armWidth":66.6208,"confidence":0.482145,"direction":[0.0865312,0.714464,-0.694301],"elbow":[225.449,14.5726,309.792],"grabAngle":0.423031,"grabStrength":0,"id":407,"palmNormal":[-0.336115,-0.635117,-0.695452],"palmPosition":[124.422,229.061,52.6874],"palmVelocity":[-65.3218,520.065,-300.318],"palmWidth":92.2615,"pinchDistance":57.813,"pinchStrength":0,"r":[[0.983455,0.1503,0.101128],[-0.156792,0.985832,0.0596],[-0.0907372,-0.0744699,0.993087]],"s":1.0362,"sphereCenter":[87.7003,113.031,-85.4867],"sphereRadius":187.293,"stabilizedPalmPosition":[124.58,227.756,53.4248],"t":[-1.18732,39.1795,-11.2407],"timeVisible":0.099805,"type":"right","wrist":[131.305,175.69,108.507]}],"id":232426,"interactionBox":{"center":[0,200,0],"size":[235.247,235.247,147.751]},"pointables":[{"bases":[[[0.694899,0.58936,0.412032],[-0.63822,0.241445,0.731012],[0.331346,-0.770947,0.543921]],[[0.667722,0.646219,0.369524],[-0.630451,0.226959,0.742308],[0.395827,-0.728622,0.558955]],[[0.667722,0.646219,0.369524],[-0.731778,0.478746,0.485081],[0.13656,-0.594309,0.792558]],[[0.667722,0.646219,0.369524],[-0.74317,0.550032,0.381002],[0.0429603,-0.529023,0.84752]]],"btipPosition":[71.5397,258.776,17.6976],"carpPosition":[97.245,189.403,92.5671],"dipPosition":[72.5376,246.488,37.3833],"direction":[-0.13656,0.594309,-0.792558],"extended":true,"handId":407,"id":4070,"length":51.7242,"mcpPosition":[97.245,189.403,92.5671],"pipPosition":[77.1586,226.377,64.2027],"stabilizedTipPosition":[73.022,250.1,28.0738],"timeVisible":0.099805,"tipPosition":[69.4123,255.657,25.0532],"tipVelocity":[-118.805,413.31,-447.843],"tool":false,"touchDistance":1,"touchZone":"none","type":0,"width":21.4292},{"bases":[[[0.939052,-0.169416,-0.29913],[0.321692,0.739881,0.590839],[0.121223,-0.651056,0.749287]],[[0.943754,-0.300932,-0.136999],[0.322828,0.749029,0.578565],[-0.0714922,-0.59025,0.804048]],[[0.943754,-0.300932,-0.136999],[0.330609,0.865258,0.376863],[0.00512985,-0.400959,0.916082]],[[0.943754,-0.300932,-0.136999],[0.327322,0.908921,0.25831],[0.0467879,-0.288623,0.956299]]],"btipPosition":[105.623,295.765,-31.194],"carpPosition":[112.534,207.518,97.1764],"dipPosition":[106.416,290.871,-14.978],"direction":[-0.00512985,0.400959,-0.916082],"extended":true,"handId":407,"id":4071,"length":58.365,"mcpPosition":[103.491,256.085,41.2813],"pipPosition":[106.539,281.253,6.99743],"stabilizedTipPosition":[105.791,294.124,-27.342],"timeVisible":0.099805,"tipPosition":[103.177,290.461,-28.3585],"tipVelocity":[18.7591,689.905,-164.709],"tool":false,"touchDistance":0.877141,"touchZone":"hovering","type":1,"width":20.4691},{"bases":[[[0.878104,-0.379452,-0.29146],[0.478402,0.686114,0.548068],[-0.00799046,-0.620697,0.78401]],[[0.872788,-0.440313,-0.210628],[0.475389,0.669006,0.571346],[-0.11066,-0.598795,0.793221]],[[0.872788,-0.440313,-0.210628],[0.488089,0.784644,0.382233],[-0.00303377,-0.436414,0.899741]],[[0.872788,-0.440313,-0.210628],[0.482233,0.844578,0.232678],[0.075441,-0.304651,0.949472]]],"btipPosition":[129.208,297.632,-42.463],"carpPosition":[124.67,207.078,94.0472],"dipPosition":[130.615,291.95,-24.7548],"direction":[0.00303377,0.436414,-0.899741],"extended":true,"handId":407,"id":4072,"length":66.5022,"mcpPosition":[125.236,250.988,38.584],"pipPosition":[130.529,279.633,0.638101],"stabilizedTipPosition":[129.531,295.951,-38.3351],"timeVisible":0.099805,"tipPosition":[128.169,295.126,-38.4757],"tipVelocity":[0.355158,726.646,-107.932],"tool":false,"touchDistance":0.767358,"touchZone":"hovering","type":2,"width":20.1034},{"bases":[[[0.828778,-0.517292,-0.213391],[0.539418,0.637114,0.550558],[-0.148844,-0.571397,0.807063]],[[0.830115,-0.512004,-0.220819],[0.537773,0.630504,0.559701],[-0.147342,-0.583366,0.798733]],[[0.830115,-0.512004,-0.220819],[0.557171,0.746284,0.36417],[-0.021663,-0.425337,0.904776]],[[0.830115,-0.512004,-0.220819],[0.552156,0.809981,0.197624],[0.0776749,-0.285977,0.955083]]],"btipPosition":[151.193,282.647,-38.9818],"carpPosition":[136.05,203.489,90.2836],"dipPosition":[152.634,277.344,-21.2713],"direction":[0.021663,0.425337,-0.904776],"extended":true,"handId":407,"id":4073,"length":63.9437,"mcpPosition":[145.504,239.781,39.0227],"pipPosition":[152.038,265.65,3.60422],"stabilizedTipPosition":[151.487,281.029,-34.8662],"timeVisible":0.099805,"tipPosition":[148.381,280.298,-34.9313],"tipVelocity":[72.2543,781.799,-83.7271],"tool":false,"touchDistance":0.801966,"touchZone":"hovering","type":3,"width":19.1297},{"bases":[[[0.705385,-0.678059,-0.206563],[0.646473,0.495899,0.57979],[-0.290697,-0.542512,0.788147]],[[0.735617,-0.606696,-0.30131],[0.658406,0.53578,0.528622],[-0.159277,-0.587247,0.793582]],[[0.735617,-0.606696,-0.30131],[0.676193,0.684186,0.273228],[0.0403855,-0.404734,0.913542]],[[0.735617,-0.606696,-0.30131],[0.654122,0.751799,0.0832005],[0.176047,-0.258297,0.94989]]],"btipPosition":[163.526,258.187,-23.7457],"carpPosition":[144.64,193.406,84.4262],"dipPosition":[166.537,253.768,-7.49588],"direction":[-0.0403855,0.404734,-0.913542],"extended":true,"handId":407,"id":4074,"length":50.1307,"mcpPosition":[161.732,225.303,38.0867],"pipPosition":[167.321,245.912,10.2375],"stabilizedTipPosition":[164.162,256.737,-19.9419],"timeVisible":0.099805,"tipPosition":[161.508,256.035,-19.4011],"tipVelocity":[100.249,773.035,-119.328],"tool":false,"touchDistance":0.961407,"touchZone":"hovering","type":4,"width":16.9925}],"r":[[0.983455,0.1503,0.101128],[-0.156792,0.985832,0.0596],[-0.0907372,-0.0744699,0.993087]],"s":1.0362,"t":[-1.18732,39.1795,-11.2407],"timestamp":262073167930},{"currentFrameRate":29.5913,"devices":[],"gestures":[],"hands":[{"armBasis":[[0.886183,-0.0413579,-0.461486],[0.313445,0.787017,0.531372],[0.341221,-0.615544,0.710404]],"armWidth":66.5646,"confidence":0.56065,"direction":[0.0853018,0.748385,-0.657757],"elbow":[223.543,13.1944,292.982],"grabAngle":0.419411,"grabStrength":0,"id":407,"palmNormal":[-0.301621,-0.609791,-0.732926],"palmPosition":[123.259,237.366,45.2323],"palmVelocity":[-56.7274,405.08,-363.626],"palmWidth":92.0718,"pinchDistance":47.541,"pinchStrength":0,"r":[[0.969407,0.197242,0.146099],[-0.211396,0.973381,0.0885507],[-0.124744,-0.116726,0.985299]],"s":1.04378,"sphereCenter":[93.1107,109.256,-110.95],"sphereRadius":206.521,"stabilizedPalmPosition":[123.59,234.96,47.2834],"t":[-2.21589,50.4142,-17.8089],"timeVisible":0.120307,"type":"right","wrist":[130.126,181.714,98.4919]}],"id":232427,"interactionBox":{"center":[0,200,0],"size":[235.247,235.247,147.751]},"pointables":[{"bases":[[[0.668542,0.586457,0.457297],[-0.662637,0.19062,0.724276],[0.337587,-0.787231,0.516045]],[[0.624474,0.674498,0.393808],[-0.665256,0.195158,0.720658],[0.409228,-0.712015,0.570585]],[[0.624474,0.674498,0.393808],[-0.763799,0.422003,0.488389],[0.163229,-0.605777,0.778711]],[[0.624474,0.674498,0.393808],[-0.777891,0.491832,0.391135],[0.0701323,-0.550594,0.831822]]],"btipPosition":[68.3546,264.546,7.96552],"carpPosition":[96.2007,195.31,82.3928],"dipPosition":[69.9791,251.792,27.2338],"direction":[-0.163229,0.605777,-0.778711],"extended":true,"handId":407,"id":4070,"length":51.5827,"mcpPosition":[96.2007,195.31,82.3928],"pipPosition":[75.4875,231.349,53.5126],"stabilizedTipPosition":[71.4271,254.376,22.251],"timeVisible":0.120307,"tipPosition":[68.3865,263.349,16.2897],"tipVelocity":[-148.326,276.193,-479.372],"tool":false,"touchDistance":1,"touchZone":"none","type":0,"width":21.4266},{"bases":[[[0.950446,-0.131554,-0.281685],[0.287107,0.718982,0.632957],[0.119259,-0.682465,0.721124]],[[0.954436,-0.270854,-0.125262],[0.290193,0.744544,0.6012],[-0.0695746,-0.610157,0.78922]],[[0.954436,-0.270854,-0.125262],[0.298401,0.861943,0.409891],[-0.00305216,-0.428593,0.903492]],[[0.954436,-0.270854,-0.125262],[0.296896,0.904195,0.307058],[0.0300932,-0.330257,0.943411]]],"btipPosition":[104.498,306.08,-36.5547],"carpPosition":[110.854,213.491,88.2563],"dipPosition":[105.007,300.495,-20.601],"direction":[0.00305216,0.428593,-0.903493],"extended":true,"handId":407,"id":4071,"length":58.2054,"mcpPosition":[101.976,264.297,34.5728],"pipPosition":[104.934,290.242,1.0132],"stabilizedTipPosition":[104.715,303.896,-32.4182],"timeVisible":0.120307,"tipPosition":[102.675,302.244,-33.3531],"tipVelocity":[-58.0201,495.367,-264.413],"tool":false,"touchDistance":0.741445,"touchZone":"hovering","type":1,"width":20.4667},{"bases":[[[0.894856,-0.343177,-0.285418],[0.446206,0.671233,0.591901],[-0.0115448,-0.657021,0.753784]],[[0.889059,-0.408112,-0.207409],[0.446149,0.670885,0.592338],[-0.102593,-0.619159,0.778535]],[[0.889059,-0.408112,-0.207409],[0.457764,0.787473,0.412721],[-0.00510724,-0.461878,0.886929]],[[0.889059,-0.408112,-0.207409],[0.452775,0.850783,0.266764],[0.0675905,-0.331079,0.941179]]],"btipPosition":[127.633,308.586,-47.3851],"carpPosition":[123.037,213.506,85.44],"dipPosition":[128.89,302.428,-29.8796],"direction":[0.00510724,0.461878,-0.886929],"extended":true,"handId":407,"id":4072,"length":66.3203,"mcpPosition":[123.852,259.89,32.2247],"pipPosition":[128.747,289.428,-4.91675],"stabilizedTipPosition":[128.015,306.52,-43.0682],"timeVisible":0.120307,"tipPosition":[127.624,307.658,-42.724],"tipVelocity":[-78.4928,528.951,-242.354],"tool":false,"touchDistance":0.649425,"touchZone":"hovering","type":2,"width":20.101},{"bases":[[[0.847203,-0.485739,-0.215184],[0.508404,0.623713,0.593724],[-0.154182,-0.612405,0.775363]],[[0.848448,-0.480664,-0.221581],[0.509585,0.628707,0.58741],[-0.143037,-0.611301,0.778365]],[[0.848448,-0.480664,-0.221581],[0.528784,0.751689,0.394147],[-0.0228925,-0.451582,0.891936]],[[0.848448,-0.480664,-0.221581],[0.52516,0.81665,0.239354],[0.0659049,-0.319445,0.94531]]],"btipPosition":[150.072,294.535,-43.6801],"carpPosition":[134.565,210.396,81.8238],"dipPosition":[151.291,288.628,-26.1988],"direction":[0.0228925,0.451582,-0.891936],"extended":true,"handId":407,"id":4073,"length":63.7688,"mcpPosition":[144.338,249.213,32.6776],"pipPosition":[150.663,276.246,-1.74336],"stabilizedTipPosition":[150.409,292.566,-39.4186],"timeVisible":0.120307,"tipPosition":[148.307,293.257,-39.283],"tipVelocity":[-57.1715,573.085,-231.735],"tool":false,"touchDistance":0.683838,"touchZone":"hovering","type":3,"width":19.1274},{"bases":[[[0.727937,-0.649688,-0.21912],[0.618354,0.483998,0.61918],[-0.29622,-0.586218,0.754057]],[[0.753572,-0.588795,-0.292319],[0.63287,0.529555,0.564842],[-0.177777,-0.610649,0.771689]],[[0.753572,-0.588795,-0.292319],[0.657363,0.676287,0.332431],[0.00195797,-0.44267,0.896683]],[[0.753572,-0.588795,-0.292319],[0.64745,0.74173,0.175058],[0.113748,-0.321181,0.940162]]],"btipPosition":[165.159,270.662,-28.9024],"carpPosition":[143.535,200.846,75.7464],"dipPosition":[167.099,265.183,-12.863],"direction":[-0.00195797,0.44267,-0.896683],"extended":true,"handId":407,"id":4074,"length":49.9935,"mcpPosition":[160.915,235.242,31.5024],"pipPosition":[167.137,256.613,4.49549],"stabilizedTipPosition":[165.524,268.693,-24.9182],"timeVisible":0.120307,"tipPosition":[161.839,268.707,-24.5813],"tipVelocity":[67.6271,596.574,-253.881],"tool":false,"touchDistance":0.357693,"touchZone":"hovering","type":4,"width":16.9905}],"r":[[0.969407,0.197242,0.146099],[-0.211396,0.973381,0.0885507],[-0.124744,-0.116726,0.985299]],"s":1.04378,"t":[-2.21589,50.4142,-17.8089],"timestamp":262073188432},{"currentFrameRate":29.991,"devices":[],"gestures":[],"hands":[{"armBasis":[[0.942863,-0.0287412,-0.331938],[0.275008,0.629573,0.726642],[0.188095,-0.77641,0.601505]],"armWidth":66.5192,"confidence":0.662048,"direction":[-0.366408,0.0507811,-0.929067],"elbow":[208.47,38.3801,265.875],"grabAngle":0.258246,"grabStrength":0,"id":407,"palmNormal":[-0.00364944,-0.99858,-0.0531413],"palmPosition":[123.229,258.69,35.0429],"palmVelocity":[-0.959953,690.568,-329.979],"palmWidth":91.92,"pinchDistance":56.8025,"pinchStrength":0,"r":[[0.946127,0.314367,0.0775739],[-0.315975,0.948724,0.00908111],[-0.0707415,-0.0331033,0.996945]],"s":1.06848,"sphereCenter":[167.819,181.015,-16.3964],"sphereRadius":108.718,"stabilizedPalmPosition":[123.265,256.335,36.2575],"t":[-2.745,66.6936,-26.1877],"timeVisible":0.151186,"type":"right","wrist":[157.081,250.503,101.538]}],"id":232428,"interactionBox":{"center":[0,200,0],"size":[235.247,235.247,147.751]},"pointables":[{"bases":[[[0.306175,0.909537,-0.281067],[-0.60419,0.413819,0.680961],[0.735671,-0.0386757,0.676234]],[[0.196035,0.905505,-0.37634],[-0.687633,0.400552,0.605574],[0.699093,0.14007,0.701177]],[[0.196035,0.905505,-0.37634],[-0.819837,0.361906,0.443725],[0.537995,0.221552,0.813312]],[[0.196035,0.905505,-0.37634],[-0.916451,0.30571,0.258186],[0.348839,0.294284,0.88978]]],"btipPosition":[63.3415,227.514,13.045],"carpPosition":[124.832,248.852,96.414],"dipPosition":[71.4043,234.316,33.6106],"direction":[-0.537995,-0.221552,-0.813312],"extended":true,"handId":407,"id":4070,"length":51.4696,"mcpPosition":[124.832,248.852,96.414],"pipPosition":[89.5199,241.776,60.9968],"stabilizedTipPosition":[66.6083,234.813,18.7896],"timeVisible":0.151186,"tipPosition":[62.1805,234.767,20.7046],"tipVelocity":[-114.392,-1053.58,174.159],"tool":false,"touchDistance":1,"touchZone":"none","type":0,"width":21.4244},{"bases":[[[0.855717,0.0243788,-0.516869],[-0.0731468,0.994558,-0.0741907],[0.512247,0.101294,0.852844]],[[0.934564,0.0423824,-0.35326],[-0.0836022,0.99124,-0.102249],[0.345832,0.125092,0.929921]],[[0.934564,0.0423824,-0.35326],[-0.180873,0.911605,-0.369136],[0.306389,0.408877,0.85962]],[[0.934564,0.0423824,-0.35326],[-0.254156,0.774345,-0.579477],[0.248986,0.631342,0.734447]]],"btipPosition":[64.2081,236.029,-51.4392],"carpPosition":[128.467,269.278,84.3136],"dipPosition":[68.4094,246.682,-39.0464],"direction":[-0.306389,-0.408877,-0.859619],"extended":true,"handId":407,"id":4071,"length":58.0777,"mcpPosition":[90.3964,261.75,20.9289],"pipPosition":[75.723,256.442,-18.5269],"stabilizedTipPosition":[65.5808,239.152,-48.4226],"timeVisible":0.151186,"tipPosition":[65.6631,238.961,-49.1985],"tipVelocity":[-1277.28,-2147.62,-508.549],"tool":false,"touchDistance":0.465081,"touchZone":"hovering","type":1,"width":20.4646},{"bases":[[[0.916904,-0.132068,-0.376623],[0.0838395,0.986344,-0.141763],[0.390202,0.0984076,0.915455]],[[0.957828,-0.119006,-0.261541],[0.0808631,0.985055,-0.152077],[0.275731,0.124515,0.953136]],[[0.957828,-0.119006,-0.261541],[0.0473928,0.963167,-0.264694],[0.283408,0.241136,0.928188]],[[0.957828,-0.119006,-0.261541],[0.0473928,0.963167,-0.264694],[0.283408,0.241136,0.928188]]],"btipPosition":[84.7548,247.122,-75.8817],"carpPosition":[138.601,271.232,77.3048],"dipPosition":[90.0145,251.597,-58.6557],"direction":[-0.283408,-0.241136,-0.928188],"extended":true,"handId":407,"id":4072,"length":66.1749,"mcpPosition":[111.099,264.296,12.7825],"pipPosition":[97.9736,258.369,-32.5889],"stabilizedTipPosition":[86.6285,249.073,-71.4642],"timeVisible":0.151186,"tipPosition":[84.2679,245.285,-70.1479],"tipVelocity":[-1358.78,-1911.27,-924.929],"tool":false,"touchDistance":0.333333,"touchZone":"hovering","type":2,"width":20.099},{"bases":[[[0.955385,-0.190123,-0.226035],[0.16153,0.977022,-0.139054],[0.247279,0.0963389,0.964143]],[[0.949748,-0.192185,-0.24707],[0.143792,0.968983,-0.200987],[0.278034,0.15536,0.947924]],[[0.949748,-0.192185,-0.24707],[0.143792,0.968983,-0.200987],[0.278034,0.15536,0.947924]],[[0.949748,-0.192185,-0.24707],[0.0929958,0.926927,-0.363536],[0.298882,0.322291,0.898219]]],"btipPosition":[108.677,247.268,-73.5835],"carpPosition":[149.715,270.417,71.7626],"dipPosition":[114.192,253.215,-57.0094],"direction":[-0.278034,-0.15536,-0.947924],"extended":true,"handId":407,"id":4073,"length":63.6289,"mcpPosition":[134.067,264.32,10.7514],"pipPosition":[121.799,257.465,-31.0759],"stabilizedTipPosition":[110.894,249.665,-69.0599],"timeVisible":0.151186,"tipPosition":[109.171,245.09,-67.9199],"tipVelocity":[-1308.55,-1442.42,-975.162],"tool":false,"touchDistance":0.333333,"touchZone":"hovering","type":3,"width":19.1254},{"bases":[[[0.937674,-0.336497,-0.0868234],[0.329369,0.940204,-0.0867884],[0.110836,0.0527823,0.992436]],[[0.908229,-0.340609,-0.243115],[0.401386,0.873369,0.275891],[0.118358,-0.348156,0.929935]],[[0.908229,-0.340609,-0.243115],[0.353227,0.935495,0.00893954],[0.224388,-0.093994,0.969956]],[[0.908229,-0.340609,-0.243115],[0.309549,0.937764,-0.157412],[0.281601,0.0677102,0.95714]]],"btipPosition":[142.005,272.671,-56.4747],"carpPosition":[161.758,262.943,69.1628],"dipPosition":[146.799,273.824,-40.1814],"direction":[-0.224388,0.093994,-0.969956],"extended":true,"handId":407,"id":4074,"length":49.8839,"mcpPosition":[155.266,259.851,11.028],"pipPosition":[151.133,272.008,-21.4457],"stabilizedTipPosition":[165.524,268.693,-24.9182],"timeVisible":0.151186,"tipPosition":[141.203,266.391,-51.7948],"tipVelocity":[-728.57,114.472,-891.023],"tool":false,"touchDistance":0.309123,"touchZone":"hovering","type":4,"width":16.9887}],"r":[[0.946127,0.314367,0.0775739],[-0.315975,0.948724,0.00908111],[-0.0707415,-0.0331033,0.996945]],"s":1.06848,"t":[-2.745,66.6936,-26.1877],"timestamp":262073219311},{"currentFrameRate":30.3609,"devices":[],"gestures":[],"hands":[{"armBasis":[[0.910258,-0.0422171,-0.411884],[0.307036,0.73622,0.603083],[0.277777,-0.675424,0.683112]],"armWidth":66.4826,"confidence":0.743424,"direction":[0.0581924,0.714375,-0.697339],"elbow":[207.553,22.4879,271.031],"grabAngle":0.454588,"grabStrength":0,"id":407,"palmNormal":[-0.302167,-0.653152,-0.694325],"palmPosition":[123.885,260.155,29.7222],"palmVelocity":[21.3513,47.7686,-173.407],"palmWidth":91.7986,"pinchDistance":67.8408,"pinchStrength":0,"r":[[0.951848,0.297356,0.0746016],[-0.302642,0.950239,0.0738459],[-0.0489309,-0.0928676,0.994475]],"s":1.10029,"sphereCenter":[129.728,175.891,-80.7567],"sphereRadius":142.028,"stabilizedPalmPosition":[123.57,258.217,33.0388],"t":[-2.68199,75.5662,-33.0375],"timeVisible":0.181869,"type":"right","wrist":[131.787,206.716,84.7057]}],"id":232429,"interactionBox":{"center":[0,200,0],"size":[235.247,235.247,147.751]},"pointables":[{"bases":[[[0.664494,0.622546,0.413382],[-0.65332,0.215401,0.725793],[0.362796,-0.752355,0.549855]],[[0.534033,0.810648,0.240123],[-0.648976,0.211008,0.730962],[0.541885,-0.546192,0.638776]],[[0.534033,0.810648,0.240123],[-0.785321,0.370412,0.49605],[0.313177,-0.453481,0.834431]],[[0.534033,0.810648,0.240123],[-0.832779,0.455347,0.314862],[0.145903,-0.368117,0.918261]]],"btipPosition":[57.2365,271.018,-12.0653],"carpPosition":[98.4558,219.738,69.3813],"dipPosition":[60.6029,262.524,9.12132],"direction":[-0.313177,0.453481,-0.834431],"extended":true,"handId":407,"id":4070,"length":51.3791,"mcpPosition":[98.4558,219.738,69.3813],"pipPosition":[71.1298,247.281,37.1693],"stabilizedTipPosition":[59.8076,261.906,-1.7623],"timeVisible":0.181869,"tipPosition":[62.4901,274.186,-5.21125],"tipVelocity":[-234.174,1303.17,-813.723],"tool":false,"touchDistance":0.666856,"touchZone":"hovering","type":0,"width":21.4225},{"bases":[[[0.94774,-0.127607,-0.292412],[0.283636,0.756647,0.589098],[0.146079,-0.64125,0.753299]],[[0.958932,-0.223274,-0.174924],[0.283238,0.786476,0.548845],[0.0150304,-0.575851,0.817417]],[[0.958932,-0.223274,-0.174924],[0.268434,0.913592,0.305437],[0.0916129,-0.339849,0.936007]],[[0.958932,-0.223274,-0.174924],[0.248173,0.959078,0.136305],[0.137332,-0.174119,0.975101]]],"btipPosition":[96.8164,321.396,-55.2266],"carpPosition":[112.792,238.379,74.0353],"dipPosition":[99.1296,318.463,-38.8021],"direction":[-0.0916129,0.339849,-0.936007],"extended":true,"handId":407,"id":4071,"length":57.9756,"mcpPosition":[101.949,285.975,18.1229],"pipPosition":[101.313,310.365,-16.4985],"stabilizedTipPosition":[97.2551,320.481,-51.4401],"timeVisible":0.181869,"tipPosition":[99.8994,320.339,-51.6653],"tipVelocity":[1048.6,2680.37,-93.2155],"tool":false,"touchDistance":0.409005,"touchZone":"hovering","type":1,"width":20.4628},{"bases":[[[0.89643,-0.340177,-0.284064],[0.442917,0.709918,0.547577],[0.015389,-0.616681,0.787063]],[[0.894237,-0.393766,-0.212812],[0.439947,0.68574,0.579833],[-0.082385,-0.612134,0.78645]],[[0.894237,-0.393766,-0.212812],[0.447425,0.799499,0.400765],[0.0123353,-0.453596,0.891122]],[[0.894237,-0.393766,-0.212812],[0.438149,0.867256,0.236417],[0.0914694,-0.304