{"frames":248,"data":[{"currentFrameRate":25.3872,"devices":[],"gestures":[],"hands":[],"id":232852,"interactionBox":{"center":[0,200,0],"size":[235.247,235.247,147.751]},"pointables":[],"r":[[-0.020113,-0.761857,-0.647433],[0.506356,0.550609,-0.663651],[0.86209,-0.34118,0.374696]],"s":-5.55733,"t":[884.858,792.664,758.259],"timestamp":262087571720},{"currentFrameRate":25.3805,"devices":[],"gestures":[],"hands":[],"id":232853,"interactionBox":{"center":[0,200,0],"size":[235.247,235.247,147.751]},"pointables":[],"r":[[-0.020113,-0.761857,-0.647433],[0.506356,0.550609,-0.663651],[0.86209,-0.34118,0.374696]],"s":-5.55733,"t":[884.858,792.664,758.259],"timestamp":262087611168},{"currentFrameRate":25.3501,"devices":[],"gestures":[],"hands":[],"id":232854,"interactionBox":{"center":[0,200,0],"size":[235.247,235.247,147.751]},"pointables":[],"r":[[-0.020113,-0.761857,-0.647433],[0.506356,0.550609,-0.663651],[0.86209,-0.34118,0.374696]],"s":-5.55733,"t":[884.858,792.664,758.259],"timestamp":262087650832},{"currentFrameRate":25.4014,"devices":[],"gestures":[],"hands":[],"id":232855,"interactionBox":{"center":[0,200,0],"size":[235.247,235.247,147.751]},"pointables":[],"r":[[-0.020113,-0.761857,-0.647433],[0.506356,0.550609,-0.663651],[0.86209,-0.34118,0.374696]],"s":-5.55733,"t":[884.858,792.664,758.259],"timestamp":262087689834},{"currentFrameRate":25.3901,"devices":[],"gestures":[],"hands":[],"id":232856,"interactionBox":{"center":[0,200,0],"size":[235.247,235.247,147.751]},"pointables":[],"r":[[-0.020113,-0.761857,-0.647433],[0.506356,0.550609,-0.663651],[0.86209,-0.34118,0.374696]],"s":-5.55733,"t":[884.858,792.664,758.259],"timestamp":262087729300},{"currentFrameRate":25.3857,"devices":[],"gestures":[],"hands":[],"id":232857,"interactionBox":{"center":[0,200,0],"size":[235.247,235.247,147.751]},"pointables":[],"r":[[-0.020113,-0.761857,-0.647433],[0.506356,0.550609,-0.663651],[0.86209,-0.34118,0.374696]],"s":-5.55733,"t":[884.858,792.664,758.259],"timestamp":262087768724},{"currentFrameRate":25.387,"devices":[],"gestures":[],"hands":[],"id":232858,"interactionBox":{"center":[0,200,0],"size":[235.247,235.247,147.751]},"pointables":[],"r":[[-0.020113,-0.761857,-0.647433],[0.506356,0.550609,-0.663651],[0.86209,-0.34118,0.374696]],"s":-5.55733,"t":[884.858,792.664,758.259],"timestamp":262087808105},{"currentFrameRate":25.407,"devices":[],"gestures":[],"hands":[],"id":232859,"interactionBox":{"center":[0,200,0],"size":[235.247,235.247,147.751]},"pointables":[],"r":[[-0.020113,-0.761857,-0.647433],[0.506356,0.550609,-0.663651],[0.86209,-0.34118,0.374696]],"s":-5.55733,"t":[884.858,792.664,758.259],"timestamp":262087847322},{"currentFrameRate":25.3771,"devices":[],"gestures":[],"hands":[{"armBasis":[[0.427441,-0.806637,-0.408204],[0.835897,0.524621,-0.161394],[0.344339,-0.27223,0.898511]],"armWidth":63.3273,"confidence":0,"direction":[0.235647,0.484129,-0.842668],"elbow":[228.117,96.6102,363.1],"grabAngle":3.14159,"grabStrength":1,"id":408,"palmNormal":[-0.861622,-0.297001,-0.41158],"palmPosition":[140.033,209.14,57.9791],"palmVelocity":[1.19209e-7,1.19209e-7,1.19209e-7],"palmWidth":90.4292,"pinchDistance":24.3754,"pinchStrength":0.451813,"r":[[1,-1.38778e-17,-2.22045e-17],[1.38778e-17,1,-6.16298e-34],[2.22045e-17,3.08149e-34,1]],"s":1,"sphereCenter":[105.818,203.19,25.8412],"sphereRadius":39.8427,"stabilizedPalmPosition":[140.033,209.14,57.9791],"t":[0,0,0],"timeVisible":0,"type":"right","wrist":[135.718,169.659,121.997]}],"id":232860,"interactionBox":{"center":[0,200,0],"size":[235.247,235.247,147.751]},"pointables":[{"bases":[[[0.99753,0.0289218,0.0640042],[-0.0684146,0.60627,0.792311],[-0.0158887,-0.794733,0.606751]],[[0.986098,0.161636,-0.038535],[-0.0612573,0.569188,0.819923],[0.154463,-0.806163,0.571176]],[[0.986098,0.161636,-0.038535],[-0.114079,0.827154,0.550275],[0.120819,-0.538229,0.834094]],[[0.986098,0.161636,-0.038535],[-0.146635,0.955555,0.255757],[0.078162,-0.246551,0.965973]]],"btipPosition":[98.1305,260.649,31.556],"carpPosition":[111.705,196.683,110.624],"dipPosition":[99.9485,254.915,54.0239],"direction":[-0.120819,0.538229,-0.834094],"extended":true,"handId":408,"id":4080,"length":51.7952,"mcpPosition":[111.705,196.683,110.624],"pipPosition":[104.042,236.677,82.2875],"stabilizedTipPosition":[98.5486,259.33,36.7236],"timeVisible":0,"tipPosition":[98.5486,259.33,36.7236],"tipVelocity":[1.19209e-7,1.19209e-7,1.19209e-7],"tool":false,"touchDistance":1,"touchZone":"none","type":0,"width":20.1252},{"bases":[[[0.482714,-0.730079,-0.483706],[0.875353,0.38501,0.292445],[-0.027276,-0.564581,0.824927]],[[0.481053,-0.632974,-0.606574],[0.381672,0.774088,-0.505089],[0.789249,0.0114624,0.613966]],[[0.481053,-0.632974,-0.606574],[-0.704425,0.132807,-0.697243],[0.521894,0.762697,-0.381996]],[[0.481053,-0.632974,-0.606574],[-0.875867,-0.316987,-0.363837],[0.0380235,0.706302,-0.706888]]],"btipPosition":[89.6713,211.482,41.5266],"carpPosition":[134.558,201.006,106.878],"dipPosition":[90.317,223.475,29.5234],"direction":[-0.521894,-0.762697,0.381996],"extended":false,"handId":408,"id":4081,"length":58.4451,"mcpPosition":[136.553,242.286,46.5622],"pipPosition":[102.854,241.796,20.3474],"stabilizedTipPosition":[89.8198,214.24,38.7659],"timeVisible":0,"tipPosition":[89.8198,214.24,38.7659],"tipVelocity":[1.19209e-7,1.19209e-7,1.19209e-7],"tool":false,"touchDistance":0.333333,"touchZone":"none","type":1,"width":19.2236},{"bases":[[[0.318245,-0.85451,-0.410528],[0.943548,0.24355,0.224499],[-0.0918519,-0.458799,0.88378]],[[0.32318,-0.82546,-0.462785],[0.458094,0.564372,-0.686756],[0.828073,0.00994701,0.560532]],[[0.32318,-0.82546,-0.462785],[-0.740842,0.0835907,-0.666457],[0.588819,0.558236,-0.584521]],[[0.32318,-0.82546,-0.462785],[-0.946292,-0.277074,-0.166619],[0.00931212,0.491777,-0.870671]]],"btipPosition":[91.7857,199.524,45.683],"carpPosition":[141.899,193.149,101.034],"dipPosition":[91.9596,208.709,29.4222],"direction":[-0.588819,-0.558236,0.584521],"extended":false,"handId":408,"id":4082,"length":66.5935,"mcpPosition":[148.268,224.962,39.7544],"pipPosition":[108.6,224.485,12.903],"stabilizedTipPosition":[91.8257,201.637,41.9431],"timeVisible":0,"tipPosition":[91.8257,201.637,41.9431],"tipVelocity":[1.19209e-7,1.19209e-7,1.19209e-7],"tool":false,"touchDistance":0.333333,"touchZone":"none","type":2,"width":18.8801},{"bases":[[[0.229219,-0.928624,-0.291746],[0.960465,0.167128,0.222653],[-0.158002,-0.331249,0.93022]],[[0.238281,-0.90709,-0.347001],[0.519939,0.420923,-0.743294],[0.820296,-0.00330656,0.57193]],[[0.238281,-0.90709,-0.347001],[-0.702155,0.085941,-0.706818],[0.670969,0.41207,-0.61644]],[[0.238281,-0.90709,-0.347001],[-0.96923,-0.199379,-0.144365],[0.0617674,0.370723,-0.926687]]],"btipPosition":[100.477,185.899,46.3994],"carpPosition":[146.685,183.36,95.5265],"dipPosition":[101.624,192.783,29.1919],"direction":[-0.670969,-0.41207,0.61644],"extended":false,"handId":408,"id":4083,"length":64.0314,"mcpPosition":[156.521,203.981,37.6166],"pipPosition":[120.096,204.128,12.2205],"stabilizedTipPosition":[100.74,187.483,42.4417],"timeVisible":0,"tipPosition":[100.74,187.483,42.4417],"tipVelocity":[1.19209e-7,1.19209e-7,1.19209e-7],"tool":false,"touchDistance":0.333333,"touchZone":"none","type":3,"width":17.9656},{"bases":[[[0.0475227,-0.975485,-0.214874],[0.966667,-0.0092679,0.255868],[-0.251587,-0.219871,0.942529]],[[0.0791449,-0.939585,-0.333042],[0.603658,0.311042,-0.734063],[0.793305,-0.142946,0.591806]],[[0.0791449,-0.939585,-0.333042],[-0.632171,0.211012,-0.745542],[0.770776,0.269545,-0.577278]],[[0.0791449,-0.939585,-0.333042],[-0.981684,-0.0153811,-0.189896],[0.173301,0.341971,-0.923592]]],"btipPosition":[113.715,176.904,42.2587],"carpPosition":[145.046,170.307,90.3285],"dipPosition":[116.684,182.762,26.4371],"direction":[-0.770776,-0.269545,0.577278],"extended":false,"handId":408,"id":4084,"length":50.1994,"mcpPosition":[159.544,182.978,36.0126],"pipPosition":[131.666,188.001,15.2158],"stabilizedTipPosition":[114.398,178.251,38.6198],"timeVisible":0,"tipPosition":[114.398,178.251,38.6198],"tipVelocity":[1.19209e-7,1.19209e-7,1.19209e-7],"tool":false,"touchDistance":0.333333,"touchZone":"none","type":4,"width":15.9585}],"r":[[1,-1.38778e-17,-2.22045e-17],[1.38778e-17,1,-6.16298e-34],[2.22045e-17,3.08149e-34,1]],"s":1,"t":[0,0,0],"timestamp":262087886940},{"currentFrameRate":25.3962,"devices":[],"gestures":[],"hands":[{"armBasis":[[0.433272,-0.703768,-0.563015],[0.849871,0.52697,-0.00468713],[0.299991,-0.476459,0.826434]],"armWidth":64.0692,"confidence":0.203822,"direction":[0.217969,0.431765,-0.875254],"elbow":[219.675,59.919,336.167],"grabAngle":2.99673,"grabStrength":1,"id":408,"palmNormal":[-0.835022,-0.381729,-0.396258],"palmPosition":[142.55,225.593,48.9117],"palmVelocity":[64.1586,419.273,-231.074],"palmWidth":90.4292,"pinchDistance":29.54,"pinchStrength":0.591794,"r":[[0.999918,0.0126604,0.00210203],[-0.0126262,0.999799,-0.0155712],[-0.00229874,0.0155433,0.999877]],"s":1.01129,"sphereCenter":[103.084,221.562,16.1847],"sphereRadius":43.0002,"stabilizedPalmPosition":[141.769,220.487,51.7254],"t":[1.25879,8.22613,-4.53366],"timeVisible":0.03924,"type":"right","wrist":[139.177,187.77,114.406]}],"id":232861,"interactionBox":{"center":[0,200,0],"size":[235.247,235.247,147.751]},"pointables":[{"bases":[[[0.992691,0.0968298,0.0720375],[-0.118214,0.659913,0.741984],[0.0243077,-0.745077,0.666536]],[[0.980814,0.194245,-0.0164942],[-0.0940011,0.545373,0.832906],[0.170783,-0.815376,0.553169]],[[0.980814,0.194245,-0.0164942],[-0.159761,0.849403,0.502982],[0.111712,-0.490697,0.86414]],[[0.980814,0.194245,-0.0164942],[-0.190186,0.972026,0.13782],[0.0428035,-0.132039,0.99032]]],"btipPosition":[100.994,275.607,22.3055],"carpPosition":[114.248,215.457,102.065],"dipPosition":[101.99,272.536,45.3401],"direction":[-0.111712,0.490697,-0.86414],"extended":true,"handId":408,"id":4080,"length":51.7962,"mcpPosition":[114.248,215.457,102.065],"pipPosition":[105.775,255.908,74.6225],"stabilizedTipPosition":[100.24,269.178,30.9552],"timeVisible":0.03924,"tipPosition":[99.2928,272.46,24.7644],"tipVelocity":[68.1535,396.789,-232.42],"tool":false,"touchDistance":1,"touchZone":"none","type":0,"width":20.4645},{"bases":[[[0.534626,-0.733133,-0.420348],[0.845076,0.460999,0.270789],[-0.00474429,-0.499996,0.866015]],[[0.529545,-0.651911,-0.542765],[0.568106,0.747704,-0.343793],[0.629951,-0.126294,0.766298]],[[0.529545,-0.651911,-0.542765],[-0.532418,0.242692,-0.810945],[0.660389,0.71841,-0.218573]],[[0.529545,-0.651911,-0.542765],[-0.845159,-0.350604,-0.403464],[0.0727268,0.672375,-0.736629]]],"btipPosition":[93.1921,234.192,19.9543],"carpPosition":[136.842,220.916,98.2348],"dipPosition":[94.427,245.609,7.44589],"direction":[-0.660389,-0.71841,0.218573],"extended":false,"handId":408,"id":4081,"length":58.4463,"mcpPosition":[137.189,257.474,34.9151],"pipPosition":[110.291,262.867,2.19534],"stabilizedTipPosition":[92.402,230.185,23.4488],"timeVisible":0.03924,"tipPosition":[93.0646,232.612,21.6525],"tipVelocity":[93.1775,575.359,-552.714],"tool":false,"touchDistance":0.333333,"touchZone":"none","type":1,"width":19.5477},{"bases":[[[0.377119,-0.861719,-0.339444],[0.922985,0.319329,0.214773],[-0.07668,-0.394297,0.915779]],[[0.381038,-0.836525,-0.393747],[0.665296,0.543811,-0.511518],[0.642021,-0.0670506,0.763749]],[[0.381038,-0.836525,-0.393747],[-0.522185,0.15673,-0.838307],[0.762976,0.525036,-0.3771]],[[0.381038,-0.836525,-0.393747],[-0.901039,-0.240536,-0.360932],[0.207218,0.49231,-0.845394]]],"btipPosition":[93.8745,219.632,19.4587],"carpPosition":[144.746,213.114,93.0972],"dipPosition":[97.7447,228.827,3.66961],"direction":[-0.762976,-0.525036,0.3771],"extended":false,"handId":408,"id":4082,"length":66.5948,"mcpPosition":[150.063,240.453,29.599],"pipPosition":[119.308,243.665,-6.9879],"stabilizedTipPosition":[93.4478,212.736,27.5293],"timeVisible":0.03924,"tipPosition":[94.896,219.098,21.5829],"tipVelocity":[74.8978,512.498,-665.542],"tool":false,"touchDistance":0.333333,"touchZone":"none","type":2,"width":19.1984},{"bases":[[[0.291065,-0.931955,-0.216198],[0.944655,0.244215,0.219056],[-0.151352,-0.267992,0.951458]],[[0.299617,-0.914208,-0.272862],[0.734304,0.403569,-0.545829],[0.60912,-0.0368241,0.792223]],[[0.299617,-0.914208,-0.272862],[-0.473589,0.105761,-0.874373],[0.828217,0.391202,-0.401271]],[[0.299617,-0.914208,-0.272862],[-0.922736,-0.204993,-0.326398],[0.242461,0.349574,-0.904992]]],"btipPosition":[105.286,204.308,21.8606],"carpPosition":[150.217,203.251,88.4187],"dipPosition":[109.788,210.8,5.05564],"direction":[-0.828217,-0.391202,0.401271],"extended":false,"handId":408,"id":4083,"length":64.0327,"mcpPosition":[159.639,219.935,29.1867],"pipPosition":[132.591,221.57,-5.99208],"stabilizedTipPosition":[103.58,196.804,30.0025],"timeVisible":0.03924,"tipPosition":[105.822,203.854,23.9721],"tipVelocity":[142.234,466.84,-622.991],"tool":false,"touchDistance":0.333333,"touchZone":"none","type":3,"width":18.2685},{"bases":[[[0.111479,-0.984163,-0.137827],[0.961319,0.0716463,0.265956],[-0.251869,-0.162144,0.954081]],[[0.158889,-0.932972,-0.322983],[0.804392,0.312013,-0.50557],[0.572458,-0.179475,0.800051]],[[0.158889,-0.932972,-0.322983],[-0.419513,0.232338,-0.877512],[0.893736,0.274922,-0.354478]],[[0.158889,-0.932972,-0.322983],[-0.92662,-0.0280031,-0.374954],[0.340777,0.358858,-0.86896]]],"btipPosition":[120.66,193.92,22.9146],"carpPosition":[149.474,189.76,84.2349],"dipPosition":[126.498,200.067,8.02847],"direction":[-0.893736,-0.274922,0.354478],"extended":false,"handId":408,"id":4084,"length":50.2005,"mcpPosition":[163.988,199.104,29.2533],"pipPosition":[143.871,205.411,1.1379],"stabilizedTipPosition":[118.78,188.095,27.5969],"timeVisible":0.03924,"tipPosition":[120.723,193.7,25.0681],"tipVelocity":[193.814,435.336,-487.487],"tool":false,"touchDistance":0.333333,"touchZone":"none","type":4,"width":16.2275}],"r":[[0.999918,0.0126604,0.00210203],[-0.0126262,0.999799,-0.0155712],[-0.00229874,0.0155433,0.999877]],"s":1.01129,"t":[1.25879,8.22613,-4.53366],"timestamp":262087926180},{"currentFrameRate":25.9359,"devices":[],"gestures":[],"hands":[{"armBasis":[[0.562384,-0.533603,-0.631658],[0.767693,0.620751,0.159111],[0.3072,-0.574401,0.758743]],"armWidth":64.0692,"confidence":0.371158,"direction":[0.1929,0.448174,-0.872886],"elbow":[225.56,48.1671,308.155],"grabAngle":2.49142,"grabStrength":1,"id":408,"palmNormal":[-0.743627,-0.513613,-0.428044],"palmPosition":[144.165,241.069,39.4901],"palmVelocity":[46.4601,445.419,-271.148],"palmWidth":90.4292,"pinchDistance":32.834,"pinchStrength":0.563389,"r":[[0.998437,0.0542696,0.013359],[-0.0538105,0.998018,-0.0326127],[-0.0151024,0.0318429,0.999379]],"s":1.0364,"sphereCenter":[105.414,229.99,2.5741],"sphereRadius":47.7207,"stabilizedPalmPosition":[143.81,238.017,41.3046],"t":[2.69536,20.0777,-11.5113],"timeVisible":0.073987,"type":"right","wrist":[143.127,202.3,104.557]}],"id":232862,"interactionBox":{"center":[0,200,0],"size":[235.247,235.247,147.751]},"pointables":[{"bases":[[[0.960361,0.25242,0.118285],[-0.257921,0.643632,0.720565],[0.105753,-0.722511,0.683224]],[[0.944693,0.324362,0.0484163],[-0.224307,0.531349,0.816918],[0.239251,-0.782597,0.574718]],[[0.944693,0.324362,0.0484163],[-0.310385,0.83661,0.451381],[0.105905,-0.441445,0.891017]],[[0.944693,0.324362,0.0484163],[-0.325257,0.945553,0.0117143],[-0.0419805,-0.0268141,0.998759]]],"btipPosition":[100.598,281.779,9.47272],"carpPosition":[115.08,227.372,91.4086],"dipPosition":[99.6218,281.156,32.7037],"direction":[-0.105905,0.441445,-0.891017],"extended":true,"handId":408,"id":4080,"length":51.7962,"mcpPosition":[115.08,227.372,91.4086],"pipPosition":[103.211,266.197,62.8968],"stabilizedTipPosition":[100.281,273.01,25.9909],"timeVisible":0.073987,"tipPosition":[96.5087,280.529,12.7927],"tipVelocity":[-24.4403,193.846,-368.02],"tool":false,"touchDistance":1,"touchZone":"none","type":0,"width":20.4645},{"bases":[[[0.443678,-0.877701,-0.181082],[0.882384,0.392509,0.25949],[-0.156678,-0.274914,0.948617]],[[0.45494,-0.852467,-0.257546],[0.792226,0.51951,-0.320136],[0.406703,-0.058392,0.911692]],[[0.45494,-0.852467,-0.257546],[-0.103236,0.236772,-0.966065],[0.884518,0.466089,0.0197116]],[[0.45494,-0.852467,-0.257546],[-0.667778,-0.135234,-0.731973],[0.589153,0.504987,-0.630782]]],"btipPosition":[109.571,218.268,-8.56022],"carpPosition":[153.169,220.77,79.8083],"dipPosition":[120.511,227.645,-20.2734],"direction":[-0.884518,-0.466089,-0.0197116],"extended":false,"handId":408,"id":4083,"length":64.0327,"mcpPosition":[162.923,237.885,20.7532],"pipPosition":[144.864,240.478,-19.7307],"stabilizedTipPosition":[106.174,204.006,17.4231],"timeVisible":0.073987,"tipPosition":[112.265,218.095,-3.02031],"tipVelocity":[165.93,420.858,-841.792],"tool":false,"touchDistance":-0.204162,"touchZone":"touching","type":3,"width":18.2685},{"bases":[[[0.270627,-0.956328,-0.110442],[0.923318,0.225376,0.310948],[-0.272477,-0.186125,0.943988]],[[0.313919,-0.90934,-0.273049],[0.878922,0.387094,-0.278667],[0.359098,-0.152509,0.920755]],[[0.313919,-0.90934,-0.273049],[-0.0611872,0.267612,-0.961582],[0.947476,0.318566,0.0283687]],[[0.313919,-0.90934,-0.273049],[-0.666683,-0.00635376,-0.745314],[0.676009,0.416005,-0.608237]]],"btipPosition":[127.842,210.038,-0.996678],"carpPosition":[154.758,207.272,75.8923],"dipPosition":[139.423,217.165,-11.4163],"direction":[-0.947476,-0.318566,-0.0283687],"extended":false,"handId":408,"id":4084,"length":50.2005,"mcpPosition":[170.46,217.998,21.4923],"pipPosition":[157.841,223.357,-10.8649],"stabilizedTipPosition":[124.385,199.367,12.7837],"timeVisible":0.073987,"tipPosition":[129.77,209.085,4.87694],"tipVelocity":[244.708,470.362,-658.588],"tool":false,"touchDistance":-0.0980659,"touchZone":"touching","type":4,"width":16.2275},{"bases":[[[0.663464,-0.646034,-0.377433],[0.747664,0.591692,0.301495],[0.0285479,-0.482224,0.875583]],[[0.661863,-0.626903,-0.41101],[0.612219,0.768448,-0.186217],[0.43258,-0.128378,0.892409]],[[0.661863,-0.626903,-0.41101],[-0.159306,0.418135,-0.894307],[0.732501,0.657386,0.176879]],[[0.661863,-0.626903,-0.41101],[-0.592795,-0.102109,-0.798854],[0.458836,0.772377,-0.439208]]],"btipPosition":[90.768,248.087,-10.348],"carpPosition":[136.713,236.255,88.5667],"dipPosition":[98.5594,261.203,-17.806],"direction":[-0.732501,-0.657386,-0.176879],"extended":false,"handId":408,"id":4081,"length":58.4463,"mcpPosition":[134.626,271.513,24.5475],"pipPosition":[116.155,276.995,-13.5571],"stabilizedTipPosition":[92.458,237.594,10.8722],"timeVisible":0.073987,"tipPosition":[93.6257,247.243,-4.59721],"tipVelocity":[-26.3645,411.154,-838.654],"tool":false,"touchDistance":-0.202345,"touchZone":"touching","type":1,"width":19.5477},{"bases":[[[0.523976,-0.796585,-0.301499],[0.849512,0.463223,0.252495],[-0.0614726,-0.388428,0.919426]],[[0.527273,-0.761529,-0.376905],[0.717879,0.636555,-0.281864],[0.454568,-0.121953,0.882324]],[[0.527273,-0.761529,-0.376905],[-0.126418,0.368332,-0.921059],[0.840239,0.533297,0.0979405]],[[0.527273,-0.761529,-0.376905],[-0.624212,-0.0462059,-0.779887],[0.576491,0.646482,-0.499719]]],"btipPosition":[93.9663,235.346,-15.4582],"carpPosition":[145.993,229.717,83.995],"dipPosition":[104.733,247.42,-24.7912],"direction":[-0.840239,-0.533297,-0.0979405],"extended":false,"handId":408,"id":4082,"length":66.5948,"mcpPosition":[150.256,256.65,20.2439],"pipPosition":[128.48,262.492,-22.0232],"stabilizedTipPosition":[94.3017,219.975,14.6604],"timeVisible":0.073987,"tipPosition":[97.2969,235.042,-10.0955],"tipVelocity":[48.2924,471.294,-962.154],"tool":false,"touchDistance":-0.273866,"touchZone":"touching","type":2,"width":19.1984}],"r":[[0.998437,0.0542696,0.013359],[-0.0538105,0.998018,-0.0326127],[-0.0151024,0.0318429,0.999379]],"s":1.0364,"t":[2.69536,20.0777,-11.5113],"timestamp":262087960927},{"currentFrameRate":28.1651,"devices":[],"gestures":[],"hands":[{"armBasis":[[0.675261,-0.389548,-0.626318],[0.679885,0.657968,0.323781],[0.285968,-0.644462,0.709148]],"armWidth":64.0692,"confidence":0.460325,"direction":[0.184163,0.474874,-0.860569],"elbow":[221.336,37.2188,286.466],"grabAngle":2.20757,"grabStrength":1,"id":408,"palmNormal":[-0.658985,-0.589958,-0.466571],"palmPosition":[144.998,250.496,32.0822],"palmVelocity":[40.6762,460.008,-361.486],"palmWidth":90.4292,"pinchDistance":37.7731,"pinchStrength":0.466932,"r":[[0.99342,0.110007,0.0318513],[-0.108472,0.993014,-0.0464541],[-0.036739,0.0426934,0.998412]],"s":1.06914,"sphereCenter":[109.913,231.721,-9.22824],"sphereRadius":51.9954,"stabilizedPalmPosition":[144.562,245.913,35.4695],"t":[3.83044,30.7169,-18.7041],"timeVisible":0.09448,"type":"right","wrist":[144.601,210.151,96.176]}],"id":232863,"interactionBox":{"center":[0,200,0],"size":[235.247,235.247,147.751]},"pointables":[{"bases":[[[0.918803,0.357561,0.167185],[-0.364071,0.604063,0.708915],[0.15249,-0.712221,0.685192]],[[0.897999,0.429591,0.0951252],[-0.325658,0.503542,0.800245],[0.295878,-0.749598,0.59208]],[[0.897999,0.429591,0.0951252],[-0.425172,0.791576,0.438904],[0.11325,-0.43458,0.893485]],[[0.897999,0.429591,0.0951252],[-0.436031,0.897821,0.061601],[-0.0589422,-0.0967952,0.993558]]],"btipPosition":[97.9625,287.317,-0.331065],"carpPosition":[115.108,233.152,82.4287],"dipPosition":[96.5915,285.065,22.7789],"direction":[-0.11325,0.43458,-0.893485],"extended":true,"handId":408,"id":4080,"length":51.7962,"mcpPosition":[115.108,233.152,82.4287],"pipPosition":[100.429,270.339,53.0557],"stabilizedTipPosition":[99.8669,275.179,22.6872],"timeVisible":0.09448,"tipPosition":[94.7701,284.732,3.2741],"tipVelocity":[-133.046,251.934,-479.755],"tool":false,"touchDistance":1,"touchZone":"none","type":0,"width":20.4645},{"bases":[[[0.54808,-0.820667,-0.161596],[0.818661,0.486727,0.304778],[-0.171469,-0.299335,0.938614]],[[0.559758,-0.794895,-0.234121],[0.771493,0.603029,-0.202866],[0.302439,-0.0670666,0.950806]],[[0.559758,-0.794895,-0.234121],[0.102113,0.346545,-0.932459],[0.822341,0.498045,0.27515]],[[0.559758,-0.794895,-0.234121],[-0.431677,-0.0385508,-0.901204],[0.707337,0.605521,-0.364717]]],"btipPosition":[115.695,227.629,-28.7243],"carpPosition":[154.225,230.973,72.7317],"dipPosition":[128.83,238.874,-35.4968],"direction":[-0.822341,-0.498045,-0.27515],"extended":false,"handId":408,"id":4083,"length":64.0327,"mcpPosition":[164.9,249.607,14.2993],"pipPosition":[151.47,252.586,-27.9214],"stabilizedTipPosition":[108.069,207.967,10.214],"timeVisible":0.09448,"tipPosition":[118.342,227.083,-20.3404],"tipVelocity":[323.456,477.754,-928.5],"tool":false,"touchDistance":-0.497496,"touchZone":"touching","type":3,"width":18.2685},{"bases":[[[0.3817,-0.918861,-0.0999971],[0.875555,0.324788,0.357653],[-0.296156,-0.224069,0.928485]],[[0.408,-0.893548,-0.187369],[0.885064,0.437469,-0.159008],[0.22405,-0.100958,0.969334]],[[0.408,-0.893548,-0.187369],[0.196383,0.286316,-0.937793],[0.891611,0.345824,0.292295]],[[0.408,-0.893548,-0.187369],[-0.390519,0.0147022,-0.920478],[0.825246,0.448726,-0.342949]]],"btipPosition":[135.239,219.825,-18.5236],"carpPosition":[157.515,217.774,68.8541],"dipPosition":[149.377,227.512,-24.3987],"direction":[-0.891611,-0.345824,-0.292295],"extended":false,"handId":408,"id":4084,"length":50.2005,"mcpPosition":[174.582,230.686,15.3475],"pipPosition":[166.708,234.234,-18.7168],"stabilizedTipPosition":[128.125,205.26,4.1242],"timeVisible":0.09448,"tipPosition":[137.006,219.074,-9.89875],"tipVelocity":[389.648,483.851,-804.259],"tool":false,"touchDistance":-0.363818,"touchZone":"touching","type":4,"width":16.2275},{"bases":[[[0.749831,-0.564024,-0.345877],[0.660462,0.669138,0.340653],[0.0393036,-0.483871,0.874257]],[[0.750377,-0.571938,-0.331391],[0.585835,0.807628,-0.0673404],[0.306155,-0.14361,0.941087]],[[0.750377,-0.571938,-0.331391],[0.0507013,0.549664,-0.833846],[0.659062,0.608897,0.441454]],[[0.750377,-0.571938,-0.331391],[-0.356277,0.0723406,-0.931576],[0.556777,0.8171,-0.149486]]],"btipPosition":[94.4851,257.441,-31.4652],"carpPosition":[135.718,244.432,80.7063],"dipPosition":[103.94,271.316,-34.0035],"direction":[-0.659062,-0.608897,-0.441454],"extended":false,"handId":408,"id":4081,"length":58.4463,"mcpPosition":[132.844,279.81,16.784],"pipPosition":[119.771,285.942,-23.399],"stabilizedTipPosition":[93.1165,241.204,4.14511],"timeVisible":0.09448,"tipPosition":[96.4879,255.813,-22.9151],"tipVelocity":[200.047,464.934,-975.243],"tool":false,"touchDistance":-0.510229,"touchZone":"touching","type":1,"width":19.5477},{"bases":[[[0.624594,-0.729963,-0.277553],[0.778424,0.553365,0.296385],[-0.0627621,-0.401175,0.913849]],[[0.626557,-0.71387,-0.312757],[0.705701,0.689957,-0.161077],[0.330776,-0.119789,0.936076]],[[0.626557,-0.71387,-0.312757],[0.0871284,0.462933,-0.882101],[0.77449,0.525436,0.352252]],[[0.626557,-0.71387,-0.312757],[-0.398312,0.0516291,-0.915796],[0.669906,0.698373,-0.251994]]],"btipPosition":[99.9954,244.681,-36.8717],"carpPosition":[145.889,239.019,76.5837],"dipPosition":[112.507,257.724,-41.5781],"direction":[-0.77449,-0.525436,-0.352252],"extended":false,"handId":408,"id":4082,"length":66.5948,"mcpPosition":[150.241,266.836,13.2192],"pipPosition":[134.395,272.574,-31.6228],"stabilizedTipPosition":[95.4481,223.68,7.62314],"timeVisible":0.09448,"tipPosition":[102.231,243.595,-28.6729],"tipVelocity":[313.784,466.401,-992.993],"tool":false,"touchDistance":-0.580054,"touchZone":"touching","type":2,"width":19.1984}],"r":[[0.99342,0.110007,0.0318513],[-0.108472,0.993014,-0.0464541],[-0.036739,0.0426934,0.998412]],"s":1.06914,"t":[3.83044,30.7169,-18.7041],"timestamp":262087981420},{"currentFrameRate":30.1624,"devices":[],"gestures":[],"hands":[{"armBasis":[[0.78308,-0.260951,-0.564527],[0.565363,0.676907,0.47134],[0.259136,-0.68826,0.677604]],"armWidth":64.0692,"confidence":0.541452,"direction":[0.167142,0.4704,-0.86648],"elbow":[216.178,33.8192,272.704],"grabAngle":1.89899,"grabStrength":0.740124,"id":408,"palmNormal":[-0.564615,-0.674794,-0.47525],"palmPosition":[146.044,258.03,26.3436],"palmVelocity":[50.751,365.812,-278.666],"palmWidth":90.4292,"pinchDistance":44.5019,"pinchStrength":0.356996,"r":[[0.982617,0.177716,0.0536822],[-0.174128,0.982546,-0.0654433],[-0.0643756,0.054958,0.996411]],"s":1.1081,"sphereCenter":[114.958,228.054,-18.6602],"sphereRadius":58.4911,"stabilizedPalmPosition":[145.464,253.29,29.9134],"t":[4.92053,39.8032,-25.1697],"timeVisible":0.115073,"type":"right","wrist":[146.643,218.504,90.8788]}],"id":232864,"interactionBox":{"center":[0,200,0],"size":[235.247,235.247,147.751]},"pointables":[{"bases":[[[0.862861,0.466517,0.194508],[-0.463203,0.575852,0.673674],[0.202272,-0.671384,0.712973]],[[0.832816,0.542781,0.10866],[-0.423047,0.497494,0.757318],[0.357,-0.676675,0.643943]],[[0.832816,0.542781,0.10866],[-0.536776,0.743911,0.39808],[0.135237,-0.389853,0.910893]],[[0.832816,0.542781,0.10866],[-0.551535,0.830374,0.0792984],[-0.0471865,-0.125971,0.990911]]],"btipPosition":[94.8965,288.353,-9.95795],"carpPosition":[116.092,238.643,75.9031],"dipPosition":[93.7989,285.423,13.0905],"direction":[-0.135237,0.389853,-0.910893],"extended":true,"handId":408,"id":4080,"length":51.7962,"mcpPosition":[116.092,238.643,75.9031],"pipPosition":[98.3816,272.212,43.9571],"stabilizedTipPosition":[99.4288,276.227,20.3935],"timeVisible":0.115073,"tipPosition":[93.6767,285.642,-5.51585],"tipVelocity":[-145.835,42.7426,-468.171],"tool":false,"touchDistance":0.949628,"touchZone":"hovering","type":0,"width":20.4645},{"bases":[[[0.645862,-0.755109,-0.11257],[0.742331,0.586685,0.323645],[-0.178345,-0.292594,0.939458]],[[0.654049,-0.739359,-0.159898],[0.729726,0.672375,-0.124144],[0.199299,-0.0354854,0.979296]],[[0.654049,-0.739359,-0.159898],[0.295351,0.4442,-0.845845],[0.69641,0.505998,0.5089]],[[0.654049,-0.739359,-0.159898],[-0.159729,0.0716281,-0.984559],[0.739396,0.66949,-0.0712484]]],"btipPosition":[124.95,234.215,-46.7214],"carpPosition":[155.601,240.787,67.9373],"dipPosition":[138.68,246.646,-48.0444],"direction":[-0.69641,-0.505998,-0.5089],"extended":false,"handId":408,"id":4083,"length":64.0327,"mcpPosition":[166.704,259.002,9.45232],"pipPosition":[157.854,260.578,-34.0335],"stabilizedTipPosition":[110.75,211.861,2.55648],"timeVisible":0.115073,"tipPosition":[126.337,233.577,-36.3725],"tipVelocity":[456.087,333.041,-813.077],"tool":false,"touchDistance":-0.727235,"touchZone":"touching","type":3,"width":18.2685},{"bases":[[[0.489288,-0.870386,-0.0549986],[0.815057,0.433925,0.383916],[-0.31029,-0.232672,0.921729]],[[0.508671,-0.853163,-0.115617],[0.853517,0.517326,-0.0623117],[0.112974,-0.0669848,0.991337]],[[0.508671,-0.853163,-0.115617],[0.435033,0.370581,-0.820619],[0.742967,0.367128,0.559658]],[[0.508671,-0.853163,-0.115617],[-0.0432672,0.108787,-0.993123],[0.859873,0.510175,0.0184228]]],"btipPosition":[145.302,227.85,-34.5325],"carpPosition":[160.564,227.964,64.617],"dipPosition":[160.033,236.59,-34.2169],"direction":[-0.742967,-0.367128,-0.559658],"extended":false,"handId":408,"id":4084,"length":50.2005,"mcpPosition":[178.445,241.373,11.4997],"pipPosition":[174.475,243.727,-23.3378],"stabilizedTipPosition":[133.308,211.46,-5.59998],"timeVisible":0.115073,"tipPosition":[145.927,227.088,-23.7588],"tipVelocity":[495.292,401.485,-708.25],"tool":false,"touchDistance":-0.574544,"touchZone":"touching","type":4,"width":16.2275},{"bases":[[[0.824843,-0.481608,-0.296123],[0.562679,0.750281,0.347088],[0.055015,-0.452916,0.889854]],[[0.826644,-0.507044,-0.244059],[0.522778,0.852469,-0.000358867],[0.208235,-0.127292,0.96976]],[[0.826644,-0.507044,-0.244059],[0.19172,0.661533,-0.724995],[0.529058,0.552522,0.644063]],[[0.826644,-0.507044,-0.244059],[-0.125586,0.25654,-0.95834],[0.548532,0.822857,0.14839]]],"btipPosition":[100.383,263.505,-49.7623],"carpPosition":[135.321,252.2,74.6991],"dipPosition":[109.698,277.478,-47.2426],"direction":[-0.529058,-0.552522,-0.644063],"extended":false,"handId":408,"id":4081,"length":58.4463,"mcpPosition":[131.298,285.315,9.63636],"pipPosition":[122.407,290.751,-31.7709],"stabilizedTipPosition":[94.1467,243.998,-1.69344],"timeVisible":0.115073,"tipPosition":[101.084,261.168,-39.4665],"tipVelocity":[284.854,295.597,-832.02],"tool":false,"touchDistance":-0.744546,"touchZone":"touching","type":1,"width":19.5477},{"bases":[[[0.716602,-0.659171,-0.22798],[0.6951,0.647932,0.311481],[-0.0576035,-0.381677,0.922499]],[[0.716988,-0.656482,-0.234435],[0.659922,0.74757,-0.0751166],[0.224569,-0.100851,0.969225]],[[0.716988,-0.656482,-0.234435],[0.258159,0.562458,-0.78549],[0.64752,0.502665,0.572753]],[[0.716988,-0.656482,-0.234435],[-0.165906,0.165941,-0.97208],[0.677055,0.735863,0.0100636]]],"btipPosition":[108.517,251.251,-55.5887],"carpPosition":[146.226,247.904,71.1805],"dipPosition":[121.162,264.994,-55.4007],"direction":[-0.64752,-0.502665,-0.572753],"extended":false,"handId":408,"id":4082,"length":66.5948,"mcpPosition":[150.22,274.369,7.21631],"pipPosition":[139.462,279.2,-39.2138],"stabilizedTipPosition":[97.2215,227.091,0.611686],"timeVisible":0.115073,"tipPosition":[109.301,249.515,-45.7501],"tipVelocity":[415.289,326.83,-854.237],"tool":false,"touchDistance":-0.814251,"touchZone":"touching","type":2,"width":19.1984}],"r":[[0.982617,0.177716,0.0536822],[-0.174128,0.982546,-0.0654433],[-0.0643756,0.054958,0.996411]],"s":1.1081,"t":[4.92053,39.8032,-25.1697],"timestamp":262088002013},{"currentFrameRate":31.9785,"devices":[],"gestures":[],"hands":[{"armBasis":[[0.844236,-0.182937,-0.503786],[0.476454,0.686648,0.549095],[0.245474,-0.703597,0.666854]],"armWidth":64.0692,"confidence":0.613285,"direction":[0.158872,0.470315,-0.86808],"elbow":[212.504,35.017,263.691],"grabAngle":1.60129,"grabStrength":0.416987,"id":408,"palmNormal":[-0.490345,-0.725555,-0.482837],"palmPosition":[145.602,262.776,19.9287],"palmVelocity":[-21.5397,231.618,-313.016],"palmWidth":90.4292,"pinchDistance":50.9816,"pinchStrength":0.229977,"r":[[0.965859,0.247618,0.0761689],[-0.241026,0.966678,-0.0862548],[-0.0949891,0.0649513,0.993357]],"s":1.1495,"sphereCenter":[118.09,219.807,-30.0606],"sphereRadius":69.1668,"stabilizedPalmPosition":[145.528,257.684,25.2885],"t":[5.24486,46.7197,-31.6101],"timeVisible":0.135567,"type":"right","wrist":[146.634,223.817,84.7498]}],"id":232865,"interactionBox":{"center":[0,200,0],"size":[235.247,235.247,147.751]},"pointables":[{"bases":[[[0.814403,0.538579,0.216057],[-0.532362,0.545234,0.647542],[0.230951,-0.642381,0.730759]],[[0.774214,0.622938,0.111986],[-0.495154,0.485928,0.720206],[0.394226,-0.613044,0.684663]],[[0.774214,0.622938,0.111986],[-0.617683,0.705057,0.34837],[0.138057,-0.338885,0.930643]],[[0.774214,0.622938,0.111986],[-0.631298,0.772716,0.066133],[-0.0453366,-0.121898,0.991507]]],"btipPosition":[92.4096,286.423,-19.8113],"carpPosition":[115.591,241.691,68.753],"dipPosition":[91.3551,283.588,3.25103],"direction":[-0.138057,0.338885,-0.930643],"extended":true,"handId":408,"id":4080,"length":51.7962,"mcpPosition":[115.591,241.691,68.753],"pipPosition":[96.0333,272.104,34.787],"stabilizedTipPosition":[99.0988,276.661,18.8075],"timeVisible":0.135567,"tipPosition":[92.299,285.572,-14.2194],"tipVelocity":[-120.861,-93.1022,-480.634],"tool":false,"touchDistance":0.740247,"touchZone":"hovering","type":0,"width":20.4645},{"bases":[[[0.70898,-0.700952,-0.0775477],[0.679943,0.650233,0.338931],[-0.18715,-0.293023,0.93761]],[[0.714946,-0.69056,-0.109455],[0.694453,0.719529,-0.00348834],[0.0811649,-0.0735173,0.993986]],[[0.714946,-0.69056,-0.109455],[0.462722,0.584681,-0.66636],[0.524158,0.425764,0.737552]],[[0.714946,-0.69056,-0.109455],[0.0514288,0.208063,-0.976762],[0.697286,0.692703,0.184269]]],"btipPosition":[135.718,243.886,-64.1242],"carpPosition":[155.05,246.965,62.1117],"dipPosition":[148.666,256.749,-60.7024],"direction":[-0.524158,-0.425764,-0.737553],"extended":false,"handId":408,"id":4083,"length":64.0327,"mcpPosition":[166.701,265.206,3.74181],"pipPosition":[163.097,268.471,-40.3963],"stabilizedTipPosition":[114.829,216.967,-7.06199],"timeVisible":0.135567,"tipPosition":[134.744,241.755,-53.8762],"tipVelocity":[516.643,476.75,-795.916],"tool":false,"touchDistance":-0.927517,"touchZone":"touching","type":3,"width":18.2685},{"bases":[[[0.560396,-0.827893,-0.0234364],[0.762715,0.504834,0.404238],[-0.322835,-0.244409,0.914353]],[[0.580939,-0.809476,-0.0851966],[0.813935,0.577171,0.0662087],[-0.0044213,-0.107808,0.994162]],[[0.580939,-0.809476,-0.0851966],[0.626015,0.511249,-0.588838],[0.520207,0.288745,0.803748]],[[0.580939,-0.809476,-0.0851966],[0.2829,0.298951,-0.91137],[0.763202,0.505349,0.402673]]],"btipPosition":[156.732,238.152,-50.9698],"carpPosition":[161.159,234.548,59.1812],"dipPosition":[169.807,246.809,-44.0716],"direction":[-0.520207,-0.288745,-0.803748],"extended":false,"handId":408,"id":4084,"length":50.2005,"mcpPosition":[179.764,248.633,6.48899],"pipPosition":[179.919,252.422,-28.4478],"stabilizedTipPosition":[140.162,218.898,-16.954],"timeVisible":0.135567,"tipPosition":[154.918,235.82,-39.7996],"tipVelocity":[539.14,501.722,-728.181],"tool":false,"touchDistance":-0.769273,"touchZone":"touching","type":4,"width":16.2275},{"bases":[[[0.871436,-0.416269,-0.259461],[0.486809,0.798817,0.353425],[0.0601418,-0.434295,0.898761]],[[0.872676,-0.462418,-0.156863],[0.476735,0.876349,0.0688217],[0.105643,-0.134841,0.985219]],[[0.872676,-0.462418,-0.156863],[0.315516,0.77917,-0.541612],[0.372675,0.423159,0.825863]],[[0.872676,-0.462418,-0.156863],[0.085578,0.461108,-0.883207],[0.480742,0.75733,0.441971]]],"btipPosition":[107.654,271.252,-67.1454],"carpPosition":[133.678,256.766,67.9797],"dipPosition":[115.817,284.112,-59.6404],"direction":[-0.372675,-0.423159,-0.825863],"extended":true,"handId":408,"id":4081,"length":58.4463,"mcpPosition":[129.281,288.52,2.26579],"pipPosition":[124.77,294.277,-39.8016],"stabilizedTipPosition":[95.6075,246.867,-7.74451],"timeVisible":0.135567,"tipPosition":[106.205,267.719,-56.3863],"tipVelocity":[341.862,365.511,-792.254],"tool":false,"touchDistance":-0.941972,"touchZone":"touching","type":1,"width":19.5477},{"bases":[[[0.775706,-0.601156,-0.192073],[0.628329,0.707213,0.324118],[-0.0590092,-0.372105,0.926313]],[[0.77362,-0.611904,-0.164576],[0.624918,0.779746,0.0383995],[0.104831,-0.132553,0.985617]],[[0.77362,-0.611904,-0.164576],[0.401961,0.67469,-0.619049],[0.489836,0.412755,0.767915]],[[0.77362,-0.611904,-0.164576],[0.0461477,0.313446,-0.948484],[0.631967,0.726172,0.270726]]],"btipPosition":[118.439,260.255,-73.2923],"carpPosition":[145.016,253.332,64.9105],"dipPosition":[130.242,273.818,-68.2361],"direction":[-0.489836,-0.412755,-0.767915],"extended":false,"handId":408,"id":4082,"length":66.5948,"mcpPosition":[149.107,279.133,0.681836],"pipPosition":[144.085,285.483,-46.5335],"stabilizedTipPosition":[100.01,231.32,-7.86517],"timeVisible":0.135567,"tipPosition":[117.039,257.302,-63.3804],"tipVelocity":[474.697,437.357,-809.207],"tool":false,"touchDistance":-1,"touchZone":"touching","type":2,"width":19.1984}],"r":[[0.965859,0.247618,0.0761689],[-0.241026,0.966678,-0.0862548],[-0.0949891,0.0649513,0.993357]],"s":1.1495,"t":[5.24486,46.7197,-31.6101],"timestamp":262088022507},{"currentFrameRate":33.6109,"devices":[],"gestures":[],"hands":[{"armBasis":[[0.878504,-0.135713,-0.458053],[0.411297,0.702618,0.580657],[0.243033,-0.698506,0.673071]],"armWidth":64.0692,"confidence":0.676347,"direction":[0.155057,0.487933,-0.858999],"elbow":[209.622,37.9459,258.124],"grabAngle":1.19009,"grabStrength":0.0917314,"id":408,"palmNormal":[-0.42741,-0.750791,-0.50362],"palmPosition":[143.173,264.846,12.9957],"palmVelocity":[-118.278,100.771,-337.618],"palmWidth":90.4292,"pinchDistance":56.0505,"pinchStrength":0.0591053,"r":[[0.943926,0.314858,0.0993396],[-0.304828,0.946701,-0.104101],[-0.126822,0.0679819,0.989593]],"s":1.20591,"sphereCenter":[113.53,200.332,-47.2635],"sphereRadius":92.4111,"stabilizedPalmPosition":[144.838,259.781,21.6891],"t":[4.1926,51.2126,-38.2967],"timeVisible":0.156102,"type":"right","wrist":[144.408,225.38,77.5152]}],"id":232866,"interactionBox":{"center":[0,200,0],"size":[235.247,235.247,147.751]},"pointables":[{"bases":[[[0.770944,0.587578,0.245759],[-0.586168,0.503664,0.63461],[0.249103,-0.633304,0.732716]],[[0.725507,0.674955,0.134443],[-0.554048,0.456933,0.695876],[0.408253,-0.579351,0.705466]],[[0.725507,0.674955,0.134443],[-0.674562,0.658697,0.333293],[0.1364,-0.332497,0.933189]],[[0.725507,0.674955,0.134443],[-0.687439,0.719999,0.0950188],[-0.0326656,-0.161358,0.986355]]],"btipPosition":[88.9691,285.169,-28.8767],"carpPosition":[113.085,241.407,60.6861],"dipPosition":[88.2093,281.415,-5.93419],"direction":[-0.1364,0.332497,-0.933189],"extended":true,"handId":408,"id":4080,"length":51.7962,"mcpPosition":[113.085,241.407,60.6861],"pipPosition":[92.8314,270.148,25.688],"stabilizedTipPosition":[98.79,276.89,17.5363],"timeVisible":0.156102,"tipPosition":[89.5438,284.493,-22.7019],"tipVelocity":[-164.245,-71.3783,-442.803],"tool":false,"touchDistance":0.563161,"touchZone":"hovering","type":0,"width":20.4645},{"bases":[[[0.754713,-0.653256,-0.0605446],[0.625831,0.689183,0.365187],[-0.196834,-0.313502,0.928963]],[[0.758554,-0.646754,-0.0793979],[0.651099,0.747491,0.131629],[-0.0257823,-0.151544,0.988114]],[[0.758554,-0.646754,-0.0793979],[0.588881,0.732586,-0.341375],[0.278952,0.212196,0.936568]],[[0.758554,-0.646754,-0.0793979],[0.3421,0.498985,-0.796229],[0.554583,0.576821,0.599762]]],"btipPosition":[147.73,258.957,-83.2987],"carpPosition":[152.31,249.264,55.3328],"dipPosition":[158.028,269.668,-72.1616],"direction":[-0.278952,-0.212196,-0.936568],"extended":true,"handId":408,"id":4083,"length":64.0327,"mcpPosition":[164.563,268.781,-2.49879],"pipPosition":[165.708,275.51,-46.3761],"stabilizedTipPosition":[121.21,225.01,-20.3913],"timeVisible":0.156102,"tipPosition":[144.797,254.836,-73.4274],"tipVelocity":[555.264,709.811,-847.333],"tool":false,"touchDistance":-1,"touchZone":"touching","type":3,"width":18.2685},{"bases":[[[0.613009,-0.789983,-0.0121219],[0.715733,0.548765,0.431952],[-0.334583,-0.273467,0.901815]],[[0.633398,-0.770606,-0.0705234],[0.766463,0.612219,0.194223],[-0.106493,-0.177074,0.978419]],[[0.633