{"frames":181,"data":[{"currentFrameRate":25.3843,"devices":[],"gestures":[],"hands":[],"id":233435,"interactionBox":{"center":[0,200,0],"size":[235.247,235.247,147.751]},"pointables":[],"r":[[-0.020113,-0.761857,-0.647433],[0.506356,0.550609,-0.663651],[0.86209,-0.34118,0.374696]],"s":-5.55733,"t":[884.858,792.664,758.259],"timestamp":262106309275},{"currentFrameRate":25.3768,"devices":[],"gestures":[],"hands":[],"id":233436,"interactionBox":{"center":[0,200,0],"size":[235.247,235.247,147.751]},"pointables":[],"r":[[-0.020113,-0.761857,-0.647433],[0.506356,0.550609,-0.663651],[0.86209,-0.34118,0.374696]],"s":-5.55733,"t":[884.858,792.664,758.259],"timestamp":262106348734},{"currentFrameRate":25.4009,"devices":[],"gestures":[],"hands":[],"id":233437,"interactionBox":{"center":[0,200,0],"size":[235.247,235.247,147.751]},"pointables":[],"r":[[-0.020113,-0.761857,-0.647433],[0.506356,0.550609,-0.663651],[0.86209,-0.34118,0.374696]],"s":-5.55733,"t":[884.858,792.664,758.259],"timestamp":262106387931},{"currentFrameRate":23.2383,"devices":[],"gestures":[],"hands":[],"id":233438,"interactionBox":{"center":[0,200,0],"size":[235.247,235.247,147.751]},"pointables":[],"r":[[-0.020113,-0.761857,-0.647433],[0.506356,0.550609,-0.663651],[0.86209,-0.34118,0.374696]],"s":-5.55733,"t":[884.858,792.664,758.259],"timestamp":262106446991},{"currentFrameRate":21.6311,"devices":[],"gestures":[],"hands":[],"id":233439,"interactionBox":{"center":[0,200,0],"size":[235.247,235.247,147.751]},"pointables":[],"r":[[-0.020113,-0.761857,-0.647433],[0.506356,0.550609,-0.663651],[0.86209,-0.34118,0.374696]],"s":-5.55733,"t":[884.858,792.664,758.259],"timestamp":262106506015},{"currentFrameRate":22.3032,"devices":[],"gestures":[],"hands":[{"armBasis":[[0.472018,-0.333054,-0.816256],[0.398525,0.906499,-0.13942],[0.78637,-0.25949,0.560614]],"armWidth":65.4574,"confidence":0,"direction":[-0.772635,0.480119,-0.415356],"elbow":[247.473,123.414,207.151],"grabAngle":3.06565,"grabStrength":1,"id":409,"palmNormal":[-0.551171,-0.831966,0.0635871],"palmPosition":[-35.8581,228.783,25.081],"palmVelocity":[1.19209e-7,1.19209e-7,1.19209e-7],"palmWidth":93.471,"pinchDistance":12.2782,"pinchStrength":1,"r":[[1,2.22045e-17,1.11022e-17],[-2.22045e-17,1,-1.66533e-17],[-1.11022e-17,1.66533e-17,1]],"s":1,"sphereCenter":[-67.5987,188.829,0.971871],"sphereRadius":47.2976,"stabilizedPalmPosition":[-35.8581,228.783,25.081],"t":[0,0,0],"timeVisible":0,"type":"right","wrist":[29.3643,195.387,51.6577]}],"id":233440,"interactionBox":{"center":[0,200,0],"size":[235.247,235.247,147.751]},"pointables":[{"bases":[[[0.313633,-0.664908,-0.677887],[0.62097,0.683711,-0.383321],[0.718352,-0.300726,0.627323]],[[0.178418,-0.599487,-0.780245],[-0.290962,0.725361,-0.623853],[0.939951,0.338328,-0.0450104]],[[0.178418,-0.599487,-0.780245],[-0.940183,-0.33775,0.0445136],[-0.290213,0.72563,-0.623888]],[[0.178418,-0.599487,-0.780245],[-0.525164,-0.728597,0.439716],[-0.832088,0.331303,-0.444824]]],"btipPosition":[-45.4242,190.329,7.06842],"carpPosition":[10.9429,205.151,22.3892],"dipPosition":[-60.1578,196.196,-0.807982],"direction":[0.290213,-0.72563,0.623888],"extended":false,"handId":409,"id":4094,"length":51.888,"mcpPosition":[-31.8466,223.064,-14.9781],"pipPosition":[-65.9888,210.775,-13.3432],"stabilizedTipPosition":[-48.8129,191.678,5.25685],"timeVisible":0,"tipPosition":[-48.8129,191.678,5.25685],"tipVelocity":[1.19209e-7,1.19209e-7,1.19209e-7],"tool":false,"touchDistance":0.333333,"touchZone":"none","type":4,"width":16.4953},{"bases":[[[0.468984,0.725928,-0.503072],[0.294486,0.408476,0.863959],[0.832665,-0.553331,-0.0222073]],[[0.278955,0.827934,-0.486528],[0.000356973,0.50655,0.862211],[0.960304,-0.240692,0.141009]],[[0.278955,0.827934,-0.486528],[-0.200206,0.545647,0.813749],[0.939203,-0.129594,0.317969]],[[0.278955,0.827934,-0.486528],[-0.370512,0.560203,0.740873],[0.885948,-0.0264059,0.463032]]],"btipPosition":[-104.149,218.406,39.9742],"carpPosition":[-0.71009,200.89,69.474],"dipPosition":[-82.849,217.771,51.1063],"direction":[-0.939203,0.129594,-0.317969],"extended":false,"handId":409,"id":4090,"length":53.5374,"mcpPosition":[-0.71009,200.89,69.474],"pipPosition":[-49.9532,213.232,62.2432],"stabilizedTipPosition":[-99.2498,218.26,42.5346],"timeVisible":0,"tipPosition":[-99.2498,218.26,42.5346],"tipVelocity":[1.19209e-7,1.19209e-7,1.19209e-7],"tool":false,"touchDistance":1,"touchZone":"none","type":0,"width":20.8021},{"bases":[[[0.180834,-0.193502,-0.964291],[0.42424,0.899897,-0.101022],[0.88731,-0.390823,0.244823]],[[0.473876,-0.315684,-0.822062],[-0.0481404,0.92285,-0.382139],[0.879275,0.220661,0.422119]],[[0.473876,-0.315684,-0.822062],[-0.879313,-0.219926,-0.422423],[-0.0474402,0.923025,-0.381803]],[[0.473876,-0.315684,-0.822062],[-0.736275,-0.654134,-0.173227],[-0.483054,0.687351,-0.542409]]],"btipPosition":[-91.7304,205.391,37.9804],"carpPosition":[4.47814,220.575,56.1127],"dipPosition":[-100.209,217.455,28.4603],"direction":[0.0474402,-0.923025,0.381803],"extended":false,"handId":409,"id":4091,"length":60.411,"mcpPosition":[-62.5808,250.112,37.6101],"pipPosition":[-101.387,240.373,18.9803],"stabilizedTipPosition":[-93.6804,208.166,35.7907],"timeVisible":0,"tipPosition":[-93.6804,208.166,35.7907],"tipVelocity":[1.19209e-7,1.19209e-7,1.19209e-7],"tool":false,"touchDistance":0.333333,"touchZone":"none","type":1,"width":19.8702},{"bases":[[[0.22406,-0.39508,-0.890903],[0.468083,0.845429,-0.257193],[0.854807,-0.359389,0.374357]],[[0.234621,-0.399498,-0.886202],[-0.541474,0.703414,-0.460451],[0.807316,0.587887,-0.0512817]],[[0.234621,-0.399498,-0.886202],[-0.807747,-0.587326,0.050915],[-0.540831,0.703882,-0.460492]],[[0.234621,-0.399498,-0.886202],[-0.421267,-0.863382,0.27768],[-0.876063,0.308178,-0.370863]]],"btipPosition":[-61.582,190.102,40.0417],"carpPosition":[6.94584,219.964,43.7218],"dipPosition":[-78.4939,196.051,32.8824],"direction":[0.540831,-0.703882,0.460492],"extended":false,"handId":409,"id":4092,"length":68.8335,"mcpPosition":[-54.3185,245.721,16.8915],"pipPosition":[-94.2925,216.612,19.4307],"stabilizedTipPosition":[-65.4717,191.47,38.3951],"timeVisible":0,"tipPosition":[-65.4717,191.47,38.3951],"tipVelocity":[1.19209e-7,1.19209e-7,1.19209e-7],"tool":false,"touchDistance":0.333333,"touchZone":"none","type":2,"width":19.5152},{"bases":[[[0.311482,-0.506262,-0.804163],[0.509905,0.803155,-0.308122],[0.801857,-0.314072,0.508314]],[[0.262839,-0.486518,-0.833196],[-0.450185,0.701955,-0.551899],[0.853375,0.520153,-0.0345218]],[[0.262839,-0.486518,-0.833196],[-0.853733,-0.519594,0.0340823],[-0.449506,0.702369,-0.551926]],[[0.262839,-0.486518,-0.833196],[-0.502029,-0.806414,0.31251],[-0.823943,0.336149,-0.456204]]],"btipPosition":[-52.6878,185.984,25.3183],"carpPosition":[9.47215,216.087,31.9803],"dipPosition":[-68.5021,192.436,16.5622],"direction":[0.449506,-0.702369,0.551926],"extended":false,"handId":409,"id":4093,"length":66.1852,"mcpPosition":[-42.1258,236.297,-0.728651],"pipPosition":[-81.2939,212.423,0.855828],"stabilizedTipPosition":[-56.3251,187.468,23.3044],"timeVisible":0,"tipPosition":[-56.3251,187.468,23.3044],"tipVelocity":[1.19209e-7,1.19209e-7,1.19209e-7],"tool":false,"touchDistance":0.333333,"touchZone":"none","type":3,"width":18.5699}],"r":[[1,2.22045e-17,1.11022e-17],[-2.22045e-17,1,-1.66533e-17],[-1.11022e-17,1.66533e-17,1]],"s":1,"t":[0,0,0],"timestamp":262106545403},{"currentFrameRate":22.8604,"devices":[],"gestures":[],"hands":[{"armBasis":[[0.244094,-0.541496,-0.804488],[0.491868,0.784084,-0.378521],[0.835754,-0.303307,0.457734]],"armWidth":66.9278,"confidence":0.204297,"direction":[-0.755318,0.51903,-0.400128],"elbow":[233.863,133.18,166.399],"grabAngle":3.14159,"grabStrength":1,"id":409,"palmNormal":[-0.644394,-0.6994,0.309185],"palmPosition":[-61.4147,256.03,15.7876],"palmVelocity":[-649.732,692.691,-236.269],"palmWidth":93.471,"pinchDistance":21.5958,"pinchStrength":0.560688,"r":[[0.999058,-0.0341957,-0.026711],[0.0330494,0.998561,-0.0422378],[0.0281169,0.0413152,0.99875]],"s":1.00381,"sphereCenter":[-97.1855,235.68,18.9459],"sphereRadius":38.981,"stabilizedPalmPosition":[-60.074,254.601,16.2751],"t":[-12.7783,13.6232,-4.64671],"timeVisible":0.039334,"type":"right","wrist":[2.05685,217.306,39.4411]}],"id":233441,"interactionBox":{"center":[0,200,0],"size":[235.247,235.247,147.751]},"pointables":[{"bases":[[[0.477012,0.529115,-0.701781],[0.486885,0.505677,0.712204],[0.731712,-0.681417,-0.0164041]],[[0.219512,0.71837,-0.660121],[0.457482,0.521829,0.720003],[0.861699,-0.460043,-0.214093]],[[0.219512,0.71837,-0.660121],[0.0364193,0.670118,0.74136],[0.97493,-0.186779,0.120937]],[[0.219512,0.71837,-0.660121],[-0.380915,0.686027,0.619895],[0.898175,0.115375,0.424229]]],"btipPosition":[-121.947,258.544,56.9394],"carpPosition":[-23.7109,231.3,59.958],"dipPosition":[-101.009,261.234,66.8291],"direction":[-0.97493,0.186779,-0.120937],"extended":false,"handId":409,"id":4090,"length":51.9129,"mcpPosition":[-23.7109,231.3,59.958],"pipPosition":[-67.8976,254.89,70.9364],"stabilizedTipPosition":[-115.772,256.053,57.9457],"timeVisible":0.039334,"tipPosition":[-118.935,259.436,53.2252],"tipVelocity":[-454.605,1039.88,424.047],"tool":false,"touchDistance":1,"touchZone":"none","type":0,"width":21.4746},{"bases":[[[-0.00914052,-0.397251,-0.917664],[0.523838,0.779801,-0.342789],[0.851769,-0.483841,0.200968]],[[0.0803451,-0.445858,-0.89149],[-0.754147,0.557633,-0.346855],[0.651773,0.700182,-0.291439]],[[0.0803451,-0.445858,-0.89149],[-0.759646,-0.606454,0.234841],[-0.645354,0.658349,-0.38742]],[[0.0803451,-0.445858,-0.89149],[-0.188426,-0.88505,0.425656],[-0.978795,0.13378,-0.155121]]],"btipPosition":[-78.1506,235.458,51.4527],"carpPosition":[-18.0808,246.983,42.2013],"dipPosition":[-94.8086,237.735,48.8127],"direction":[0.645354,-0.658349,0.38742],"extended":false,"handId":409,"id":4091,"length":58.5779,"mcpPosition":[-82.4538,283.549,27.0131],"pipPosition":[-110.346,253.585,39.4851],"stabilizedTipPosition":[-83.2837,232.886,49.1703],"timeVisible":0.039334,"tipPosition":[-86.6451,237.485,49.2493],"tipVelocity":[297.415,707.175,382.741],"tool":false,"touchDistance":0.333333,"touchZone":"none","type":1,"width":20.5125},{"bases":[[[0.0168538,-0.586045,-0.810103],[0.533325,0.690603,-0.488501],[0.845743,-0.423815,0.324192]],[[0.0529546,-0.603609,-0.79552],[-0.779471,0.472972,-0.410759],[0.624196,0.641836,-0.44545]],[[0.0529546,-0.603609,-0.79552],[-0.671199,-0.611362,0.419199],[-0.739383,0.511754,-0.437516]],[[0.0529546,-0.603609,-0.79552],[-0.0232505,-0.797167,0.603311],[-0.998326,-0.0134519,-0.0562479]]],"btipPosition":[-68.7477,228.983,41.5954],"carpPosition":[-17.7946,243.668,29.9976],"dipPosition":[-87.435,228.732,40.5425],"direction":[0.739383,-0.511754,0.437516],"extended":false,"handId":409,"id":4092,"length":66.7448,"mcpPosition":[-78.4093,274.043,6.76266],"pipPosition":[-108.378,243.227,28.1497],"stabilizedTipPosition":[-72.7647,227.536,41.2435],"timeVisible":0.039334,"tipPosition":[-79.3664,228.464,41.0695],"tipVelocity":[-192.557,952.244,75.206],"tool":false,"touchDistance":0.333333,"touchZone":"none","type":2,"width":20.146},{"bases":[[[0.100876,-0.692407,-0.71442],[0.559855,0.633105,-0.534547],[0.822427,-0.346049,0.451512]],[[0.051378,-0.670411,-0.740209],[-0.762606,0.452228,-0.462517],[0.64482,0.588251,-0.488025]],[[0.051378,-0.670411,-0.740209],[-0.693102,-0.55756,0.456877],[-0.719006,0.489567,-0.493309]],[[0.051378,-0.670411,-0.740209],[-0.0464323,-0.74199,0.668801],[-0.997599,0.000007992,-0.0692507]]],"btipPosition":[-61.0153,219.883,26.666],"carpPosition":[-17.8024,237.305,19.0992],"dipPosition":[-79.5816,219.883,25.3772],"direction":[0.719006,-0.489567,0.493309],"extended":false,"handId":409,"id":4093,"length":64.1769,"mcpPosition":[-70.724,259.572,-9.95472],"pipPosition":[-99.4218,233.392,11.7649],"stabilizedTipPosition":[-64.9477,218.661,26.254],"timeVisible":0.039334,"tipPosition":[-71.5974,219.69,26.1062],"tipVelocity":[-227.803,824.096,77.9281],"tool":false,"touchDistance":0.333333,"touchZone":"none","type":3,"width":19.1702},{"bases":[[[0.101484,-0.822831,-0.559152],[0.639174,0.484627,-0.597154],[0.762337,-0.296794,0.575114]],[[0.00620854,-0.779697,-0.626126],[-0.696812,0.445719,-0.56195],[0.717227,0.439781,-0.540535]],[[0.00620854,-0.779697,-0.626126],[-0.791977,-0.386111,0.472959],[-0.610519,0.492941,-0.619899]],[[0.00620854,-0.779697,-0.626126],[-0.194776,-0.615089,0.764021],[-0.980828,0.117211,-0.155685]]],"btipPosition":[-61.414,215.262,11.4339],"carpPosition":[-19.4776,224.689,11.9028],"dipPosition":[-78.2543,217.274,8.76084],"direction":[0.610519,-0.492941,0.619899],"extended":false,"handId":409,"id":4094,"length":50.3135,"mcpPosition":[-64.8871,242.368,-22.3546],"pipPosition":[-90.1487,226.878,-3.31631],"stabilizedTipPosition":[-64.5418,214.637,10.5674],"timeVisible":0.039334,"tipPosition":[-71.3004,216.743,9.16571],"tipVelocity":[-418.832,611.335,141.41],"tool":false,"touchDistance":0.333333,"touchZone":"none","type":4,"width":17.0285}],"r":[[0.999058,-0.0341957,-0.026711],[0.0330494,0.998561,-0.0422378],[0.0281169,0.0413152,0.99875]],"s":1.00381,"t":[-12.7783,13.6232,-4.64671],"timestamp":262106584737},{"currentFrameRate":23.7743,"devices":[],"gestures":[],"hands":[{"armBasis":[[0.199449,-0.451258,-0.86982],[0.449389,0.830928,-0.328036],[0.870787,-0.325461,0.368518]],"armWidth":66.9278,"confidence":0.372887,"direction":[-0.78553,0.507304,-0.35438],"elbow":[219.669,148.073,141.177],"grabAngle":3.14159,"grabStrength":1,"id":409,"palmNormal":[-0.604951,-0.750108,0.267156],"palmPosition":[-87.6038,275.764,19.4473],"palmVelocity":[-747.535,563.299,104.463],"palmWidth":93.471,"pinchDistance":20.3154,"pinchStrength":0.526235,"r":[[0.997404,-0.052146,-0.049669],[0.0489837,0.996818,-0.0628881],[0.0527903,0.0602919,0.996784]],"s":0.998249,"sphereCenter":[-121.705,252.976,20.0842],"sphereRadius":38.8112,"stabilizedPalmPosition":[-87.1102,275.385,19.3905],"t":[-32.262,30.302,-5.14018],"timeVisible":0.074368,"type":"right","wrist":[-21.8538,238.344,38.964]}],"id":233442,"interactionBox":{"center":[0,200,0],"size":[235.247,235.247,147.751]},"pointables":[{"bases":[[[0.440232,0.599194,-0.668702],[0.472247,0.478903,0.740023],[0.763661,-0.641575,-0.0721394]],[[0.133879,0.790828,-0.597216],[0.403965,0.506749,0.761589],[0.904925,-0.343215,-0.251624]],[[0.133879,0.790828,-0.597216],[-0.0509365,0.607336,0.79281],[0.989688,-0.0757204,0.121591]],[[0.133879,0.790828,-0.597216],[-0.452617,0.584909,0.673067],[0.881598,0.180201,0.436249]]],"btipPosition":[-148.657,265.919,59.9594],"carpPosition":[-48.0896,249.949,61.356],"dipPosition":[-128.105,270.12,70.1294],"direction":[-0.989688,0.0757204,-0.121591],"extended":false,"handId":409,"id":4090,"length":51.9129,"mcpPosition":[-48.0896,249.949,61.356],"pipPosition":[-94.493,267.548,74.2589],"stabilizedTipPosition":[-143.207,266.607,62.1867],"timeVisible":0.074368,"tipPosition":[-144.415,271.435,59.2332],"tipVelocity":[-764.942,220.42,88.0422],"tool":false,"touchDistance":1,"touchZone":"none","type":0,"width":21.4746},{"bases":[[[-0.00344781,-0.333042,-0.942906],[0.480141,0.826561,-0.293703],[0.877184,-0.453741,0.157057]],[[0.012448,-0.341209,-0.939905],[-0.820714,0.533474,-0.204534],[0.571204,0.773939,-0.273395]],[[0.012448,-0.341209,-0.939905],[-0.697484,-0.676501,0.23635],[-0.716492,0.652627,-0.246409]],[[0.012448,-0.341209,-0.939905],[-0.116198,-0.934103,0.337564],[-0.993148,0.105013,-0.0512756]]],"btipPosition":[-100.079,250.748,51.305],"carpPosition":[-43.4935,267.077,44.6697],"dipPosition":[-116.981,252.536,50.4324],"direction":[0.716492,-0.652627,0.246409],"extended":false,"handId":409,"id":4091,"length":58.5779,"mcpPosition":[-109.787,301.369,32.8],"pipPosition":[-134.232,268.248,44.4998],"stabilizedTipPosition":[-103.25,250.527,51.0373],"timeVisible":0.074368,"tipPosition":[-109.847,253.193,51.6743],"tipVelocity":[-627.525,433.231,7.38767],"tool":false,"touchDistance":0.333333,"touchZone":"none","type":1,"width":20.5125},{"bases":[[[0.0332931,-0.527278,-0.84904],[0.491788,0.748194,-0.445365],[0.870078,-0.40272,0.284219]],[[0.0854066,-0.550478,-0.83047],[-0.816102,0.439503,-0.375254],[0.571562,0.709797,-0.411709]],[[0.0854066,-0.550478,-0.83047],[-0.619291,-0.682276,0.388559],[-0.780503,0.481117,-0.399177]],[[0.0854066,-0.550478,-0.83047],[0.027649,-0.831885,0.554259],[-0.995962,-0.0702991,-0.0558283]]],"btipPosition":[-92.2775,247.102,44.0114],"carpPosition":[-43.2278,264.63,32.2625],"dipPosition":[-110.921,245.786,42.9664],"direction":[0.780503,-0.481117,0.399177],"extended":false,"handId":409,"id":4092,"length":66.7448,"mcpPosition":[-105.587,293.493,11.8924],"pipPosition":[-133.029,259.414,31.6595],"stabilizedTipPosition":[-96.2748,246.564,43.7402],"timeVisible":0.074368,"tipPosition":[-103.274,245.751,43.0158],"tipVelocity":[-671.337,510.181,69.0126],"tool":false,"touchDistance":0.333333,"touchZone":"none","type":2,"width":20.146},{"bases":[[[0.123801,-0.635686,-0.761956],[0.520396,0.695391,-0.4956],[0.844903,-0.335163,0.416898]],[[0.0729144,-0.614445,-0.785583],[-0.796205,0.438495,-0.416869],[0.600617,0.655881,-0.457251]],[[0.0729144,-0.614445,-0.785583],[-0.623679,-0.642757,0.444846],[-0.778272,0.457516,-0.430082]],[[0.0729144,-0.614445,-0.785583],[-0.00169256,-0.787755,0.615986],[-0.997337,-0.0435846,-0.0584787]]],"btipPosition":[-84.1495,239.603,27.4281],"carpPosition":[-43.0881,259.039,20.9487],"dipPosition":[-102.711,238.792,26.3398],"direction":[0.778273,-0.457516,0.430082],"extended":false,"handId":409,"id":4093,"length":64.1769,"mcpPosition":[-97.4559,280.606,-5.87789],"pipPosition":[-124.187,251.416,14.4722],"stabilizedTipPosition":[-88.1439,239.173,27.167],"timeVisible":0.074368,"tipPosition":[-95.2302,238.43,27.3168],"tipVelocity":[-660.304,557.558,23.0693],"tool":false,"touchDistance":0.333333,"touchZone":"none","type":3,"width":19.1702},{"bases":[[[0.13306,-0.776307,-0.616151],[0.605903,0.555692,-0.569287],[0.784332,-0.297579,0.544307]],[[0.0347413,-0.733399,-0.67891],[-0.725419,0.448762,-0.521901],[0.68743,0.510626,-0.516431]],[[0.0347413,-0.733399,-0.67891],[-0.738224,-0.476739,0.477226],[-0.67366,0.484609,-0.557976]],[[0.0347413,-0.733399,-0.67891],[-0.136167,-0.676459,0.723783],[-0.990077,0.0673001,-0.123366]]],"btipPosition":[-85.0627,236.026,11.6678],"carpPosition":[-44.2545,246.882,12.912],"dipPosition":[-102.062,237.181,9.54968],"direction":[0.67366,-0.484609,0.557976],"extended":false,"handId":409,"id":4094,"length":50.3135,"mcpPosition":[-90.9742,264.608,-19.5103],"pipPosition":[-115.186,246.623,-1.32104],"stabilizedTipPosition":[-88.632,235.99,11.1721],"timeVisible":0.074368,"tipPosition":[-95.2436,236.568,10.2831],"tipVelocity":[-676.063,587.055,10.3206],"tool":false,"touchDistance":0.333333,"touchZone":"none","type":4,"width":17.0285}],"r":[[0.997404,-0.052146,-0.049669],[0.0489837,0.996818,-0.0628881],[0.0527903,0.0602919,0.996784]],"s":0.998249,"t":[-32.262,30.302,-5.14018],"timestamp":262106619771},{"currentFrameRate":26.2254,"devices":[],"gestures":[],"hands":[{"armBasis":[[0.165249,-0.454141,-0.875471],[0.405096,0.840593,-0.359584],[0.899216,-0.295229,0.322878]],"armWidth":66.9278,"confidence":0.461544,"direction":[-0.805836,0.503519,-0.311603],"elbow":[213.66,165.03,129.866],"grabAngle":3.14159,"grabStrength":1,"id":409,"palmNormal":[-0.586336,-0.752012,0.301144],"palmPosition":[-102.741,283.76,24.3345],"palmVelocity":[-741.811,391.836,239.496],"palmWidth":93.471,"pinchDistance":18.942,"pinchStrength":0.526926,"r":[[0.994713,-0.066061,-0.0786232],[0.059713,0.994963,-0.0805225],[0.0835466,0.075402,0.993647]],"s":0.989127,"sphereCenter":[-136.517,260.436,26.2347],"sphereRadius":38.6838,"stabilizedPalmPosition":[-101.57,283.133,23.9642],"t":[-49.5725,42.6394,-2.94334],"timeVisible":0.094774,"type":"right","wrist":[-35.7485,246.915,40.3119]}],"id":233443,"interactionBox":{"center":[0,200,0],"size":[235.247,235.247,147.751]},"pointables":[{"bases":[[[0.400467,0.599703,-0.692808],[0.510152,0.482145,0.712236],[0.761164,-0.638665,-0.112856]],[[0.0967216,0.790688,-0.604531],[0.436907,0.512004,0.73957],[0.894291,-0.335657,-0.295935]],[[0.0967216,0.790688,-0.604531],[-0.0456591,0.610264,0.790881],[0.994264,-0.0488929,0.0951279]],[[0.0967216,0.790688,-0.604531],[-0.467915,0.572197,0.673533],[0.878465,0.217724,0.425318]]],"btipPosition":[-160.989,271.976,66.0848],"carpPosition":[-60.8841,258.179,64.0556],"dipPosition":[-140.51,277.052,76],"direction":[-0.994264,0.0488929,-0.0951279],"extended":false,"handId":409,"id":4090,"length":51.9129,"mcpPosition":[-60.8841,258.179,64.0556],"pipPosition":[-106.742,275.391,79.2307],"stabilizedTipPosition":[-154.748,272.378,67.6419],"timeVisible":0.094774,"tipPosition":[-157.123,278.381,67.3555],"tipVelocity":[-605.136,306.696,297.306],"tool":false,"touchDistance":1,"touchZone":"none","type":0,"width":21.4746},{"bases":[[[-0.0537779,-0.334796,-0.940755],[0.459948,0.827919,-0.320933],[0.886316,-0.449957,0.109465]],[[-0.016131,-0.353583,-0.935264],[-0.848686,0.499399,-0.174163],[0.528651,0.790936,-0.308136]],[[-0.016131,-0.353583,-0.935264],[-0.63848,-0.716202,0.281777],[-0.769469,0.601693,-0.214202]],[[-0.016131,-0.353583,-0.935264],[-0.0263165,-0.934912,0.353903],[-0.999524,0.0303217,0.00577599]]],"btipPosition":[-111.35,260.45,57.087],"carpPosition":[-57.2794,275.295,47.1145],"dipPosition":[-128.361,260.966,57.1853],"direction":[0.769469,-0.601693,0.214202],"extended":false,"handId":409,"id":4091,"length":58.5779,"mcpPosition":[-124.263,309.301,38.8416],"pipPosition":[-146.887,275.453,52.0282],"stabilizedTipPosition":[-113.724,259.283,56.3318],"timeVisible":0.094774,"tipPosition":[-121.954,261.074,57.6734],"tipVelocity":[-553.565,461.126,294.293],"tool":false,"touchDistance":0.333333,"touchZone":"none","type":1,"width":20.5125},{"bases":[[[-0.0111556,-0.528711,-0.848729],[0.463582,0.749319,-0.472877],[0.885984,-0.39873,0.236741]],[[-0.0145968,-0.527158,-0.849642],[-0.837365,0.470829,-0.277739],[0.546449,0.707407,-0.448296]],[[-0.0145968,-0.527158,-0.849642],[-0.608793,-0.66939,0.42578],[-0.793195,0.523471,-0.311159]],[[-0.0145968,-0.527158,-0.849642],[0.040644,-0.849343,0.526274],[-0.999067,-0.026851,0.0338235]]],"btipPosition":[-106.251,253.114,47.4523],"carpPosition":[-57.6844,272.826,34.7154],"dipPosition":[-124.952,252.611,48.0855],"direction":[0.793195,-0.523471,0.311159],"extended":false,"handId":409,"id":4092,"length":66.7448,"mcpPosition":[-121.183,301.403,17.7481],"pipPosition":[-147.419,267.439,39.2718],"stabilizedTipPosition":[-109.731,252.628,47.3763],"timeVisible":0.094774,"tipPosition":[-116.054,253.624,48.6069],"tipVelocity":[-685.414,303.782,187.54],"tool":false,"touchDistance":0.333333,"touchZone":"none","type":2,"width":20.146},{"bases":[[[0.084431,-0.636597,-0.766561],[0.489607,0.696538,-0.524519],[0.867846,-0.331028,0.370492]],[[0.0322396,-0.615602,-0.787398],[-0.81639,0.438267,-0.376071],[0.5766,0.654948,-0.488442]],[[0.0322396,-0.615602,-0.787398],[-0.611769,-0.635145,0.471519],[-0.790379,0.466504,-0.397083]],[[0.0322396,-0.615602,-0.787398],[0.00594119,-0.787675,0.616062],[-0.999463,-0.0245397,-0.0217369]]],"btipPosition":[-99.2376,246.952,32.6795],"carpPosition":[-58.1424,267.215,23.4201],"dipPosition":[-117.839,246.495,32.2749],"direction":[0.790379,-0.466504,0.397083],"extended":false,"handId":409,"id":4093,"length":64.1769,"mcpPosition":[-113.987,288.516,-0.42031],"pipPosition":[-139.648,259.368,21.3179],"stabilizedTipPosition":[-102.52,246.35,32.2355],"timeVisible":0.094774,"tipPosition":[-109.415,246.436,32.6663],"tipVelocity":[-739.84,364.124,265.049],"tool":false,"touchDistance":0.333333,"touchZone":"none","type":3,"width":19.1702},{"bases":[[[0.102242,-0.77691,-0.621255],[0.571515,0.557044,-0.602555],[0.814198,-0.29345,0.500968]],[[-0.000202386,-0.734198,-0.678935],[-0.750354,0.448912,-0.485228],[0.661036,0.509344,-0.550999]],[[-0.000202386,-0.734198,-0.678935],[-0.718774,-0.471919,0.510545],[-0.695244,0.488104,-0.527627]],[[-0.000202386,-0.734198,-0.678935],[-0.1143,-0.674469,0.729402],[-0.993446,0.0777497,-0.0837821]]],"btipPosition":[-100.877,243.734,16.7632],"carpPosition":[-59.6981,255.038,15.4793],"dipPosition":[-117.934,245.069,15.3247],"direction":[0.695244,-0.488104,0.527627],"extended":false,"handId":409,"id":4094,"length":50.3135,"mcpPosition":[-108.197,272.518,-14.3616],"pipPosition":[-131.479,254.578,5.04527],"stabilizedTipPosition":[-103.711,243.499,16.078],"timeVisible":0.094774,"tipPosition":[-110.518,244.501,15.692],"tipVelocity":[-775.649,379.758,257.362],"tool":false,"touchDistance":0.333333,"touchZone":"none","type":4,"width":17.0285}],"r":[[0.994713,-0.066061,-0.0786232],[0.059713,0.994963,-0.0805225],[0.0835466,0.075402,0.993647]],"s":0.989127,"t":[-49.5725,42.6394,-2.94334],"timestamp":262106640177},{"currentFrameRate":27.1172,"devices":[],"gestures":[],"hands":[{"armBasis":[[0.17612,-0.481812,-0.858393],[0.441999,0.817881,-0.368386],[0.879556,-0.314529,0.357006]],"armWidth":66.9278,"confidence":0.579365,"direction":[-0.854762,0.439327,-0.276358],"elbow":[197.8,176.8,139.055],"grabAngle":3.14159,"grabStrength":1,"id":409,"palmNormal":[-0.515009,-0.784002,0.346565],"palmPosition":[-115.657,296.751,26.2155],"palmVelocity":[-419.402,421.841,61.0801],"palmWidth":93.471,"pinchDistance":19.1577,"pinchStrength":0.402379,"r":[[0.991625,-0.0640493,-0.11215],[0.0529649,0.99366,-0.0991703],[0.117791,0.0923997,0.98873]],"s":0.97144,"sphereCenter":[-148.258,273.633,33.9679],"sphereRadius":36.893,"stabilizedPalmPosition":[-115.568,296.665,26.2013],"t":[-64.6858,55.3036,-0.904403],"timeVisible":0.12557,"type":"right","wrist":[-46.1554,264.038,40.0354]}],"id":233444,"interactionBox":{"center":[0,200,0],"size":[235.247,235.247,147.751]},"pointables":[{"bases":[[[0.319764,0.610485,-0.724609],[0.512065,0.532111,0.674275],[0.797208,-0.586656,-0.142458]],[[-0.020609,0.792388,-0.609669],[0.310276,0.584759,0.749524],[0.950423,-0.173719,-0.25791]],[[-0.020609,0.792388,-0.609669],[-0.0270279,0.609134,0.792606],[0.999422,0.0328129,0.00886299]],[[-0.020609,0.792388,-0.609669],[0.331709,0.580677,0.743494],[0.943157,-0.18691,-0.27481]]],"btipPosition":[-174.713,287.178,83.3868],"carpPosition":[-70.0469,275.027,64.0561],"dipPosition":[-152.726,282.82,76.9804],"direction":[-0.999422,-0.0328129,-0.00886299],"extended":false,"handId":409,"id":4090,"length":51.9129,"mcpPosition":[-70.0469,275.027,64.0561],"pipPosition":[-118.783,283.935,77.2814],"stabilizedTipPosition":[-168.228,284.854,80.5462],"timeVisible":0.12557,"tipPosition":[-168.275,287.499,76.5613],"tipVelocity":[-434.393,423.167,439.929],"tool":false,"touchDistance":0.333333,"touchZone":"none","type":0,"width":21.4746},{"bases":[[[-0.0800202,-0.358567,-0.930068],[0.382711,0.850496,-0.360817],[0.920396,-0.38482,0.0691707]],[[-0.196584,-0.30664,-0.931304],[-0.843008,0.5379,0.000837888],[0.500691,0.785262,-0.364242]],[[-0.196584,-0.30664,-0.931304],[-0.722689,-0.5966,0.348984],[-0.662628,0.741648,-0.104323]],[[-0.196584,-0.30664,-0.931304],[-0.157286,-0.927675,0.338645],[-0.967789,0.213053,0.134136]]],"btipPosition":[-127.126,265.966,57.2191],"carpPosition":[-68.5642,291.97,46.6302],"dipPosition":[-143.597,269.592,59.5019],"direction":[0.662628,-0.741648,0.104323],"extended":false,"handId":409,"id":4091,"length":58.5779,"mcpPosition":[-138.124,321.053,41.4026],"pipPosition":[-159.551,287.448,56.9902],"stabilizedTipPosition":[-130.684,266.699,57.7252],"timeVisible":0.12557,"tipPosition":[-131.202,270.611,59.5685],"tipVelocity":[-508.25,202.331,20.6031],"tool":false,"touchDistance":0.333333,"touchZone":"none","type":1,"width":20.5125},{"bases":[[[-0.0189981,-0.546961,-0.836942],[0.383787,0.768977,-0.511256],[0.923226,-0.330921,0.195307]],[[0.0362334,-0.565768,-0.823768],[-0.795331,0.482785,-0.366561],[0.605092,0.66845,-0.432479]],[[0.0362334,-0.565768,-0.823768],[-0.605725,-0.668065,0.432187],[-0.794849,0.483317,-0.366906]],[[0.0362334,-0.565768,-0.823768],[0.0552817,-0.821913,0.566925],[-0.997813,-0.066081,0.00149591]]],"btipPosition":[-123.481,268.374,51.4508],"carpPosition":[-69.4532,289.203,34.3195],"dipPosition":[-142.159,267.137,51.4788],"direction":[0.794849,-0.483317,0.366906],"extended":false,"handId":409,"id":4092,"length":66.7448,"mcpPosition":[-135.621,312.921,20.3218],"pipPosition":[-164.673,280.827,41.0861],"stabilizedTipPosition":[-127.682,268.008,51.4357],"timeVisible":0.12557,"tipPosition":[-126.392,267.006,51.6242],"tipVelocity":[-559.32,490.03,125.318],"tool":false,"touchDistance":0.333333,"touchZone":"none","type":2,"width":20.146},{"bases":[[[0.0881922,-0.646099,-0.758141],[0.410684,0.716993,-0.563258],[0.907503,-0.261681,0.328576]],[[0.142451,-0.660628,-0.737074],[-0.854415,0.293859,-0.42851],[0.499682,0.690809,-0.52259]],[[0.142451,-0.660628,-0.737074],[-0.534647,-0.678043,0.504391],[-0.832983,0.322224,-0.449791]],[[0.142451,-0.660628,-0.737074],[0.0320147,-0.741204,0.670516],[-0.989284,-0.119113,-0.0844354]]],"btipPosition":[-109.352,262.744,39.2693],"carpPosition":[-70.1149,283.325,23.1716],"dipPosition":[-127.764,260.527,37.6979],"direction":[0.832983,-0.322224,0.449791],"extended":false,"handId":409,"id":4093,"length":64.1769,"mcpPosition":[-128.511,300.163,2.02844],"pipPosition":[-150.749,269.419,25.2864],"stabilizedTipPosition":[-113.435,262.016,38.8161],"timeVisible":0.12557,"tipPosition":[-117.873,259.967,36.3864],"tipVelocity":[-327.034,499.669,205.269],"tool":false,"touchDistance":0.333333,"touchZone":"none","type":3,"width":19.1702},{"bases":[[[0.123556,-0.78157,-0.611459],[0.497953,0.581818,-0.643064],[0.858357,-0.225023,0.461072]],[[0.29354,-0.810847,-0.50632],[-0.772177,0.111115,-0.625616],[0.563539,0.574613,-0.593501]],[[0.29354,-0.810847,-0.50632],[-0.574569,-0.572958,0.584457],[-0.764005,0.119355,-0.634074]],[[0.29354,-0.810847,-0.50632],[0.116246,-0.495446,0.860826],[-0.948852,-0.311545,-0.0511757]]],"btipPosition":[-111.03,267.085,22.2253],"carpPosition":[-71.2286,270.896,15.5539],"dipPosition":[-127.322,261.736,21.3467],"direction":[0.764005,-0.119355,0.634074],"extended":false,"handId":409,"id":4094,"length":50.3135,"mcpPosition":[-122.358,284.299,-11.9105],"pipPosition":[-142.206,264.061,8.99334],"stabilizedTipPosition":[-114.682,265.663,21.9723],"timeVisible":0.12557,"tipPosition":[-118.331,260.798,20.175],"tipVelocity":[-323.967,708.319,181.545],"tool":false,"touchDistance":0.333333,"touchZone":"none","type":4,"width":17.0285}],"r":[[0.991625,-0.0640493,-0.11215],[0.0529649,0.99366,-0.0991703],[0.117791,0.0923997,0.98873]],"s":0.97144,"t":[-64.6858,55.3036,-0.904403],"timestamp":262106670973},{"currentFrameRate":27.9109,"devices":[],"gestures":[],"hands":[{"armBasis":[[0.156435,-0.445259,-0.88163],[0.375859,0.852299,-0.363754],[0.913377,-0.274465,0.300684]],"armWidth":66.9278,"confidence":0.676447,"direction":[-0.809809,0.551622,-0.199803],"elbow":[191.585,182.175,131.039],"grabAngle":3.14159,"grabStrength":1,"id":409,"palmNormal":[-0.585859,-0.742172,0.3255],"palmPosition":[-128.384,297.867,39.6163],"palmVelocity":[-416.351,36.495,438.407],"palmWidth":93.471,"pinchDistance":16.9617,"pinchStrength":0.421671,"r":[[0.984975,-0.0839875,-0.150898],[0.0689841,0.992384,-0.102057],[0.15832,0.0901141,0.983267]],"s":0.98291,"sphereCenter":[-162.431,277.994,47.6625],"sphereRadius":37.2894,"stabilizedPalmPosition":[-126.995,297.737,38.1631],"t":[-78.6057,62.1934,6.81546],"timeVisible":0.156137,"type":"right","wrist":[-61.7508,258.301,47.6402]}],"id":233445,"interactionBox":{"center":[0,200,0],"size":[235.247,235.247,147.751]},"pointables":[{"bases":[[[0.353408,0.618286,-0.702016],[0.603206,0.422975,0.676191],[0.715015,-0.662431,-0.223471]],[[0.0649338,0.81894,-0.570193],[0.425643,0.494082,0.758097],[0.902559,-0.291925,-0.316493]],[[0.0649338,0.81894,-0.570193],[0.0822373,0.565064,0.820938],[0.994495,-0.100198,-0.0306557]],[[0.0649338,0.81894,-0.570193],[0.331417,0.521267,0.786412],[0.941247,-0.240037,-0.237563]]],"btipPosition":[-185.844,292.522,96.2059],"carpPosition":[-83.844,268.554,73.3973],"dipPosition":[-163.902,286.927,90.6678],"direction":[-0.994495,0.100198,0.0306557],"extended":false,"handId":409,"id":4090,"length":51.9129,"mcpPosition":[-83.844,268.554,73.3973],"pipPosition":[-130.126,283.524,89.6267],"stabilizedTipPosition":[-177.617,289.621,91.2922],"timeVisible":0.156137,"tipPosition":[-179.485,291.238,92.6599],"tipVelocity":[-364.482,165.54,425.911],"tool":false,"touchDistance":0.337443,"touchZone":"none","type":0,"width":21.4746},{"bases":[[[-0.166789,-0.282627,-0.944618],[0.461734,0.824108,-0.328098],[0.871196,-0.490886,-0.00695358]],[[-0.00754477,-0.366227,-0.930495],[-0.850197,0.4922,-0.186828],[0.526411,0.789694,-0.315078]],[[-0.00754477,-0.366227,-0.930495],[-0.692877,-0.669026,0.268935],[-0.721016,0.646748,-0.248702]],[[-0.00754477,-0.366227,-0.930495],[-0.131684,-0.922054,0.363972],[-0.991263,0.125278,-0.0412696]]],"btipPosition":[-135.376,271.973,77.705],"carpPosition":[-81.2368,286.372,57.0057],"dipPosition":[-152.246,274.105,77.0027],"direction":[0.721016,-0.646748,0.248702],"extended":false,"handId":409,"id":4091,"length":58.5779,"mcpPosition":[-147.078,323.471,57.5312],"pipPosition":[-169.606,289.676,71.0149],"stabilizedTipPosition":[-136.884,270.868,72.0584],"timeVisible":0.156137,"tipPosition":[-142.384,271.931,74.6971],"tipVelocity":[-272.895,185.262,647.736],"tool":false,"touchDistance":0.333333,"touchZone":"none","type":1,"width":20.5125},{"bases":[[[-0.123808,-0.482671,-0.867007],[0.445904,0.753485,-0.483147],[0.886477,-0.446419,0.121937]],[[-0.0724404,-0.50763,-0.858524],[-0.792283,0.552159,-0.259631],[0.605838,0.661387,-0.442186]],[[-0.0724404,-0.50763,-0.858524],[-0.62974,-0.644224,0.434054],[-0.773421,0.57209,-0.273007]],[[-0.0724404,-0.50763,-0.858524],[0.0580167,-0.861473,0.504479],[-0.995684,-0.0132641,0.0918565]]],"btipPosition":[-135.12,268.857,63.1209],"carpPosition":[-83.0436,284.573,44.6162],"dipPosition":[-153.758,268.609,64.8403],"direction":[0.773421,-0.57209,0.273007],"extended":false,"handId":409,"id":4092,"length":66.7448,"mcpPosition":[-146.578,316.568,35.8769],"pipPosition":[-175.665,284.814,57.1072],"stabilizedTipPosition":[-138.219,268.72,62.2922],"timeVisible":0.156137,"tipPosition":[-140.936,268.039,63.6548],"tipVelocity":[-380.475,23.2588,394.513],"tool":false,"touchDistance":0.333333,"touchZone":"none","type":2,"width":20.146},{"bases":[[[-0.0252658,-0.598522,-0.800708],[0.463951,0.70246,-0.539722],[0.885501,-0.385125,0.259937]],[[0.0278778,-0.620539,-0.78368],[-0.830482,0.42196,-0.363662],[0.556348,0.66097,-0.503583]],[[0.0278778,-0.620539,-0.78368],[-0.603985,-0.63515,0.481443],[-0.796508,0.459909,-0.392503]],[[0.0278778,-0.620539,-0.78368],[0.0172991,-0.783568,0.621066],[-0.999462,-0.0308709,-0.0111094]]],"btipPosition":[-126.094,262.834,49.9017],"carpPosition":[-84.9331,279.585,33.1786],"dipPosition":[-144.695,262.26,49.6949],"direction":[0.796508,-0.459909,0.392503],"extended":false,"handId":409,"id":4093,"length":64.1769,"mcpPosition":[-141.913,304.367,16.4522],"pipPosition":[-166.674,274.95,38.8642],"stabilizedTipPosition":[-129.539,262.668,49.3114],"timeVisible":0.156137,"tipPosition":[-134.229,261.037,47.6783],"tipVelocity":[-549.119,15.3016,358.106],"tool":false,"touchDistance":0.333333,"touchZone":"none","type":3,"width":19.1702},{"bases":[[[0.00108259,-0.746858,-0.664983],[0.53077,0.564013,-0.632592],[0.847515,-0.352268,0.39702]],[[0.00856441,-0.749939,-0.661452],[-0.781357,0.407774,-0.472441],[0.624025,0.520877,-0.582478]],[[0.00856441,-0.749939,-0.661452],[-0.658226,-0.502187,0.560845],[-0.752772,0.430581,-0.49793]],[[0.00856441,-0.749939,-0.661452],[0.00711877,-0.661414,0.749987],[-0.999938,-0.0111319,-0.000325982]]],"btipPosition":[-128.495,262.354,31.4488],"carpPosition":[-87.8668,267.914,24.8758],"dipPosition":[-145.663,262.163,31.4432],"direction":[0.752772,-0.430581,0.49793],"extended":false,"handId":409,"id":4094,"length":50.3135,"mcpPosition":[-138.35,288.897,1.22678],"pipPosition":[-160.329,270.551,21.7423],"stabilizedTipPosition":[-132.025,262.389,31.2245],"timeVisible":0.156137,"tipPosition":[-134.623,262.759,31.489],"tipVelocity":[-577.95,-115.96,308.316],"tool":false,"touchDistance":0.333333,"touchZone":"none","type":4,"width":17.0285}],"r":[[0.984975,-0.0839875,-0.150898],[0.0689841,0.992384,-0.102057],[0.15832,0.0901141,0.983267]],"s":0.98291,"t":[-78.6057,62.1934,6.81546],"timestamp":262106701540},{"currentFrameRate":29.9317,"devices":[],"gestures":[],"hands":[{"armBasis":[[0.113154,-0.414795,-0.902852],[0.323721,0.874496,-0.361195],[0.939362,-0.251402,0.23323]],"armWidth":66.9278,"confidence":0.731095,"direction":[-0.831555,0.540989,-0.125886],"elbow":[187.247,192.758,117.857],"grabAngle":3.14159,"grabStrength":1,"id":409,"palmNormal":[-0.548411,-0.763717,0.340562],"palmPosition":[-141.084,300.778,50.9532],"palmVelocity":[-616.383,141.285,550.225],"palmWidth":93.471,"pinchDistance":21.1489,"pinchStrength":0.537927,"r":[[0.97608,-0.0948625,-0.195625],[0.0765157,0.99211,-0.0993154],[0.203503,0.0819713,0.975637]],"s":0.983881,"sphereCenter":[-175.775,276.138,54.975],"sphereRadius":39.3807,"stabilizedPalmPosition":[-136.728,299.838,46.9988],"t":[-91.9156,67.0939,16.3438],"timeVisible":0.176741,"type":"right","wrist":[-73.2958,262.488,53.1674]}],"id":233446,"interactionBox":{"center":[0,200,0],"size":[235.247,235.247,147.751]},"pointables":[{"bases":[[[0.292799,0.646915,-0.704109],[0.640685,0.413891,0.646697],[0.709783,-0.640464,-0.293282]],[[0.00158651,0.841553,-0.540173],[0.528731,0.457787,0.714755],[0.848788,-0.28674,-0.444228]],[[0.00158651,0.841553,-0.540173],[0.164578,0.532588,0.830219],[0.986363,-0.0902176,-0.137656]],[[0.00158651,0.841553,-0.540173],[-0.202749,0.529225,0.823902],[0.97923,0.108212,0.171463]]],"btipPosition":[-193.645,286.584,104.094],"carpPosition":[-93.7926,271.339,80.6366],"dipPosition":[-170.817,289.107,108.091],"direction":[-0.986363,0.0902176,0.137656],"extended":false,"handId":409,"id":4090,"length":51.9129,"mcpPosition":[-93.7926,271.339,80.6366],"pipPosition":[-137.317,286.043,103.416],"stabilizedTipPosition":[-182.893,288.418,98.0088],"timeVisible":0.176741,"tipPosition":[-188.31,290.11,106.462],"tipVelocity":[-368.71,-197.574,489.28],"tool":false,"touchDistance":0.345844,"touchZone":"none","type":0,"width":21.4746},{"bases":[[[-0.226468,-0.2564,-0.939666],[0.422936,0.843151,-0.331996],[0.877404,-0.472604,-0.0825058]],[[-0.0909223,-0.325042,-0.941319],[-0.844356,0.526331,-0.100188],[0.528011,0.785699,-0.322307]],[[-0.0909223,-0.325042,-0.941319],[-0.626902,-0.715758,0.307708],[-0.773775,0.618092,-0.138691]],[[-0.0909223,-0.325042,-0.941319],[-0.0244965,-0.944218,0.32841],[-0.995557,0.0529188,0.077888]]],"btipPosition":[-145.981,276.02,86.7342],"carpPosition":[-92.6475,289.708,64.6922],"dipPosition":[-162.924,276.921,88.0598],"direction":[0.773775,-0.618092,0.138691],"extended":false,"handId":409,"id":4091,"length":58.5779,"mcpPosition":[-158.958,325.425,70.9277],"pipPosition":[-181.554,291.802,84.7207],"stabilizedTipPosition":[-143.937,273.777,80.1902],"timeVisible":0.176741,"tipPosition":[-151.763,273.954,86.2195],"tipVelocity":[-515.522,182.685,460.863],"tool":false,"touchDistance":0.333333,"touchZone":"none","type":1,"width":20.5125},{"bases":[[[-0.174605,-0.457848,-0.871716],[0.39772,0.777085,-0.487809],[0.900739,-0.431873,0.0464128]],[[-0.19783,-0.446532,-0.872624],[-0.802274,0.585258,-0.117602],[0.563223,0.676818,-0.474022]],[[-0.19783,-0.446532,-0.872624],[-0.582553,-0.662396,0.471024],[-0.78835,0.601532,-0.129087]],[[-0.19783,-0.446532,-0.872624],[0.072201,-0.894438,0.441326],[-0.977574,0.0243029,0.209186]]],"btipPosition":[-146.241,269.224,71.5768],"carpPosition":[-95.2727,288.26,52.4036],"dipPosition":[-164.54,269.678,75.4925],"direction":[0.78835,-0.601532,0.129087],"extended":false,"handId":409,"id":4092,"length":66.7448,"mcpPosition":[-159.829,319.213,49.0772],"pipPosition":[-186.871,286.717,71.836],"stabilizedTipPosition":[-146.953,269.154,69.5651],"timeVisible":0.176741,"tipPosition":[-151.255,269.868,74.453],"tipVelocity":[-535.983,25.6299,434.919],"tool":false,"touchDistance":0.333333,"touchZone":"none","type