{"frames":222,"data":[{"currentFrameRate":21.6226,"devices":[],"gestures":[],"hands":[],"id":233852,"interactionBox":{"center":[0,200,0],"size":[235.247,235.247,147.751]},"pointables":[],"r":[[-0.020113,-0.761857,-0.647433],[0.506356,0.550609,-0.663651],[0.86209,-0.34118,0.374696]],"s":-5.55733,"t":[884.858,792.664,758.259],"timestamp":262120778952},{"currentFrameRate":22.2818,"devices":[],"gestures":[],"hands":[],"id":233853,"interactionBox":{"center":[0,200,0],"size":[235.247,235.247,147.751]},"pointables":[],"r":[[-0.020113,-0.761857,-0.647433],[0.506356,0.550609,-0.663651],[0.86209,-0.34118,0.374696]],"s":-5.55733,"t":[884.858,792.664,758.259],"timestamp":262120818484},{"currentFrameRate":22.8484,"devices":[],"gestures":[],"hands":[],"id":233854,"interactionBox":{"center":[0,200,0],"size":[235.247,235.247,147.751]},"pointables":[],"r":[[-0.020113,-0.761857,-0.647433],[0.506356,0.550609,-0.663651],[0.86209,-0.34118,0.374696]],"s":-5.55733,"t":[884.858,792.664,758.259],"timestamp":262120857764},{"currentFrameRate":23.2813,"devices":[],"gestures":[],"hands":[],"id":233855,"interactionBox":{"center":[0,200,0],"size":[235.247,235.247,147.751]},"pointables":[],"r":[[-0.020113,-0.761857,-0.647433],[0.506356,0.550609,-0.663651],[0.86209,-0.34118,0.374696]],"s":-5.55733,"t":[884.858,792.664,758.259],"timestamp":262120897356},{"currentFrameRate":23.6484,"devices":[],"gestures":[],"hands":[],"id":233856,"interactionBox":{"center":[0,200,0],"size":[235.247,235.247,147.751]},"pointables":[],"r":[[-0.020113,-0.761857,-0.647433],[0.506356,0.550609,-0.663651],[0.86209,-0.34118,0.374696]],"s":-5.55733,"t":[884.858,792.664,758.259],"timestamp":262120936834},{"currentFrameRate":23.9844,"devices":[],"gestures":[],"hands":[],"id":233857,"interactionBox":{"center":[0,200,0],"size":[235.247,235.247,147.751]},"pointables":[],"r":[[-0.020113,-0.761857,-0.647433],[0.506356,0.550609,-0.663651],[0.86209,-0.34118,0.374696]],"s":-5.55733,"t":[884.858,792.664,758.259],"timestamp":262120975992},{"currentFrameRate":24.2447,"devices":[],"gestures":[],"hands":[],"id":233858,"interactionBox":{"center":[0,200,0],"size":[235.247,235.247,147.751]},"pointables":[],"r":[[-0.020113,-0.761857,-0.647433],[0.506356,0.550609,-0.663651],[0.86209,-0.34118,0.374696]],"s":-5.55733,"t":[884.858,792.664,758.259],"timestamp":262121015296},{"currentFrameRate":24.4666,"devices":[],"gestures":[],"hands":[],"id":233859,"interactionBox":{"center":[0,200,0],"size":[235.247,235.247,147.751]},"pointables":[],"r":[[-0.020113,-0.761857,-0.647433],[0.506356,0.550609,-0.663651],[0.86209,-0.34118,0.374696]],"s":-5.55733,"t":[884.858,792.664,758.259],"timestamp":262121054526},{"currentFrameRate":24.6319,"devices":[],"gestures":[],"hands":[],"id":233860,"interactionBox":{"center":[0,200,0],"size":[235.247,235.247,147.751]},"pointables":[],"r":[[-0.020113,-0.761857,-0.647433],[0.506356,0.550609,-0.663651],[0.86209,-0.34118,0.374696]],"s":-5.55733,"t":[884.858,792.664,758.259],"timestamp":262121093910},{"currentFrameRate":24.768,"devices":[],"gestures":[],"hands":[],"id":233861,"interactionBox":{"center":[0,200,0],"size":[235.247,235.247,147.751]},"pointables":[],"r":[[-0.020113,-0.761857,-0.647433],[0.506356,0.550609,-0.663651],[0.86209,-0.34118,0.374696]],"s":-5.55733,"t":[884.858,792.664,758.259],"timestamp":262121133290},{"currentFrameRate":24.8472,"devices":[],"gestures":[],"hands":[{"armBasis":[[0.503077,-0.745129,-0.437831],[0.643456,0.661139,-0.385823],[0.576955,-0.0876262,0.812062]],"armWidth":65.4574,"confidence":0,"direction":[-0.0426712,0.595098,-0.80252],"elbow":[292.251,92.3351,273.706],"grabAngle":2.96006,"grabStrength":1,"id":410,"palmNormal":[-0.911878,-0.351414,-0.212101],"palmPosition":[115.22,161.899,-11.8902],"palmVelocity":[1.19209e-7,1.19209e-7,1.19209e-7],"palmWidth":93.471,"pinchDistance":21.8839,"pinchStrength":0.824077,"r":[[1,-2.77556e-18,4.16334e-18],[2.77556e-18,1,-3.33067e-17],[-4.16334e-18,3.33067e-17,1]],"s":1,"sphereCenter":[71.6807,154.395,-36.1412],"sphereRadius":40.7876,"stabilizedPalmPosition":[115.22,161.899,-11.8902],"t":[0,0,0],"timeVisible":0,"type":"right","wrist":[132.226,116.639,48.4707]}],"id":233862,"interactionBox":{"center":[0,200,0],"size":[235.247,235.247,147.751]},"pointables":[{"bases":[[[0.971555,0.139605,-0.191287],[0.0959106,0.506576,0.856844],[0.216521,-0.850818,0.478777]],[[0.914,0.296096,-0.277364],[0.113869,0.468948,0.875855],[0.389407,-0.832114,0.394902]],[[0.914,0.296096,-0.277364],[-0.10799,0.836533,0.537169],[0.391078,-0.46102,0.796567]],[[0.914,0.296096,-0.277364],[-0.282252,0.955151,0.0895509],[0.29144,-0.00356284,0.956582]]],"btipPosition":[62.236,198.865,-25.1469],"carpPosition":[102.909,139.962,46.001],"dipPosition":[69.2428,198.779,-2.14903],"direction":[-0.391078,0.46102,-0.796567],"extended":false,"handId":410,"id":4100,"length":53.5374,"mcpPosition":[102.909,139.962,46.001],"pipPosition":[82.9404,182.632,25.7509],"stabilizedTipPosition":[63.8476,198.845,-19.8574],"timeVisible":0,"tipPosition":[63.8476,198.845,-19.8574],"tipVelocity":[1.19209e-7,1.19209e-7,1.19209e-7],"tool":false,"touchDistance":1,"touchZone":"none","type":0,"width":20.8021},{"bases":[[[0.395277,-0.612571,-0.68448],[0.885381,0.452551,0.106287],[0.244654,-0.648039,0.721242]],[[0.427942,-0.704166,-0.566582],[0.353591,0.707359,-0.61206],[0.831769,0.0615877,0.551695]],[[0.427942,-0.704166,-0.566582],[-0.754578,0.0666847,-0.652814],[0.497472,0.706897,-0.502811]],[[0.427942,-0.704166,-0.566582],[-0.903772,-0.338828,-0.261517],[-0.0078222,0.623975,-0.781405]]],"btipPosition":[56.7247,165.329,-15.8378],"carpPosition":[124.138,147.574,36.8196],"dipPosition":[56.5874,176.28,-29.5526],"direction":[-0.497472,-0.706897,0.502811],"extended":false,"handId":410,"id":4101,"length":60.411,"mcpPosition":[105.649,196.55,-17.6887],"pipPosition":[68.9394,193.832,-42.0372],"stabilizedTipPosition":[56.6932,167.847,-18.9922],"timeVisible":0,"tipPosition":[56.6932,167.847,-18.9922],"tipVelocity":[1.19209e-7,1.19209e-7,1.19209e-7],"tool":false,"touchDistance":0.333333,"touchZone":"none","type":1,"width":19.8702},{"bases":[[[0.26793,-0.762605,-0.588767],[0.944618,0.328136,0.00484641],[0.1895,-0.557459,0.808288]],[[0.275303,-0.784313,-0.555934],[0.390426,0.619659,-0.680875],[0.878508,-0.0296041,0.47681]],[[0.275303,-0.784313,-0.555934],[-0.804117,0.129065,-0.580291],[0.526881,0.606791,-0.595147]],[[0.275303,-0.784313,-0.555934],[-0.960108,-0.25378,-0.117419],[-0.0489915,0.566082,-0.822892]]],"btipPosition":[58.9588,153.859,-20.2645],"carpPosition":[130.485,141.093,28.0041],"dipPosition":[58.013,164.786,-36.1499],"direction":[-0.526881,-0.606791,0.595147],"extended":false,"handId":410,"id":4102,"length":68.8335,"mcpPosition":[116.903,181.046,-29.9261],"pipPosition":[73.4042,182.512,-53.5352],"stabilizedTipPosition":[58.7413,156.372,-23.9181],"timeVisible":0,"tipPosition":[58.7413,156.372,-23.9181],"tipVelocity":[1.19209e-7,1.19209e-7,1.19209e-7],"tool":false,"touchDistance":0.333333,"touchZone":"none","type":2,"width":19.5152},{"bases":[[[0.22092,-0.858879,-0.462083],[0.966906,0.254875,-0.0114668],[0.127622,-0.444257,0.886763]],[[0.222069,-0.862875,-0.454018],[0.455771,0.503505,-0.734],[0.86195,-0.0439299,0.505086]],[[0.222069,-0.862875,-0.454018],[-0.759446,0.13896,-0.635557],[0.611496,0.485939,-0.624448]],[[0.222069,-0.862875,-0.454018],[-0.972221,-0.16063,-0.170248],[0.073974,0.479213,-0.874576]]],"btipPosition":[67.9681,139.866,-25.7539],"carpPosition":[134.563,132.289,19.9336],"dipPosition":[69.3879,149.064,-42.54],"direction":[-0.611496,-0.485939,0.624448],"extended":false,"handId":410,"id":4103,"length":66.1852,"mcpPosition":[126.351,160.876,-37.1278],"pipPosition":[86.7895,162.893,-60.3101],"stabilizedTipPosition":[68.2947,141.982,-29.6147],"timeVisible":0,"tipPosition":[68.2947,141.982,-29.6147],"tipVelocity":[1.19209e-7,1.19209e-7,1.19209e-7],"tool":false,"touchDistance":0.333333,"touchZone":"none","type":3,"width":18.5699},{"bases":[[[0.0713879,-0.934752,-0.348055],[0.996947,0.0779285,-0.00480913],[0.0316187,-0.346649,0.937462]],[[0.0693079,-0.911661,-0.405057],[0.52915,0.377803,-0.75978],[0.845693,-0.161677,0.50859]],[[0.0693079,-0.911661,-0.405057],[-0.713811,0.238327,-0.658539],[0.696901,0.334776,-0.634235]],[[0.0693079,-0.911661,-0.405057],[-0.985569,0.000282034,-0.169272],[0.154433,0.410944,-0.898485]]],"btipPosition":[83.3096,131.856,-32.2362],"carpPosition":[132.648,119.338,13.4262],"dipPosition":[86.0441,139.133,-48.1455],"direction":[-0.696901,-0.334776,0.634235],"extended":false,"handId":410,"id":4104,"length":51.888,"mcpPosition":[130.765,139.986,-42.4149],"pipPosition":[100.046,145.859,-60.8886],"stabilizedTipPosition":[83.9386,133.53,-35.8953],"timeVisible":0,"tipPosition":[83.9386,133.53,-35.8953],"tipVelocity":[1.19209e-7,1.19209e-7,1.19209e-7],"tool":false,"touchDistance":0.333333,"touchZone":"none","type":4,"width":16.4953}],"r":[[1,-2.77556e-18,4.16334e-18],[2.77556e-18,1,-3.33067e-17],[-4.16334e-18,3.33067e-17,1]],"s":1,"t":[0,0,0],"timestamp":262121172960},{"currentFrameRate":24.9875,"devices":[],"gestures":[],"hands":[{"armBasis":[[0.515165,-0.631162,-0.579862],[0.655634,0.725952,-0.207695],[0.552041,-0.27318,0.787797]],"armWidth":66.9278,"confidence":0.202625,"direction":[-0.194199,0.540998,-0.818296],"elbow":[280.656,65.0939,263.1],"grabAngle":2.79912,"grabStrength":1,"id":410,"palmNormal":[-0.822196,-0.544757,-0.165029],"palmPosition":[100.434,182.742,-15.5014],"palmVelocity":[-379.098,534.412,-92.5895],"palmWidth":93.471,"pinchDistance":32.8841,"pinchStrength":0.747695,"r":[[0.999062,0.0425783,-0.00790391],[-0.042628,0.999072,-0.00623085],[0.00763127,0.00656194,0.999949]],"s":1.04472,"sphereCenter":[55.1198,168.371,-38.3383],"sphereRadius":44.9534,"stabilizedPalmPosition":[101.062,181.857,-15.3481],"t":[-7.39297,10.4218,-1.80563],"timeVisible":0.039003,"type":"right","wrist":[127.541,140.864,44.5956]}],"id":233863,"interactionBox":{"center":[0,200,0],"size":[235.247,235.247,147.751]},"pointables":[{"bases":[[[0.912803,0.334975,-0.233629],[0.0128794,0.548163,0.836272],[0.408197,-0.766361,0.496051]],[[0.852196,0.431479,-0.295952],[0.0573784,0.485154,0.872544],[0.520067,-0.76056,0.388689]],[[0.852196,0.431479,-0.295952],[-0.14465,0.737876,0.659254],[0.50283,-0.519005,0.691228]],[[0.852196,0.431479,-0.295952],[-0.384715,0.900098,0.204495],[0.354621,-0.0604129,0.933056]]],"btipPosition":[42.9245,218.987,-21.6766],"carpPosition":[94.9372,160.951,43.4823],"dipPosition":[51.1915,217.578,0.0750523],"direction":[-0.50283,0.519005,-0.691228],"extended":true,"handId":410,"id":4100,"length":51.9129,"mcpPosition":[94.9372,160.951,43.4823],"pipPosition":[68.2689,199.952,23.5509],"stabilizedTipPosition":[45.6001,217.856,-16.8033],"timeVisible":0.039003,"tipPosition":[43.5829,213.56,-19.403],"tipVelocity":[-487.698,508.095,81.6274],"tool":false,"touchDistance":1,"touchZone":"none","type":0,"width":21.4746},{"bases":[[[0.49485,-0.54082,-0.680174],[0.771374,0.633801,0.0572535],[0.400131,-0.553001,0.730811]],[[0.511612,-0.564118,-0.648093],[0.44781,0.818804,-0.359203],[0.733294,-0.106451,0.671527]],[[0.511612,-0.564118,-0.648093],[-0.618743,0.281468,-0.733439],[0.596164,0.776239,-0.205041]],[[0.511612,-0.564118,-0.648093],[-0.856725,-0.392324,-0.334818],[-0.0653857,0.726535,-0.684012]]],"btipPosition":[38.8889,187.827,-34.1511],"carpPosition":[113.751,172.531,33.2404],"dipPosition":[37.7761,200.191,-45.7923],"direction":[-0.596164,-0.776239,0.205041],"extended":false,"handId":410,"id":4101,"length":58.5779,"mcpPosition":[83.5104,214.325,-21.9911],"pipPosition":[52.1294,218.88,-50.7288],"stabilizedTipPosition":[41.4294,187.137,-34.0669],"timeVisible":0.039003,"tipPosition":[39.5294,186.465,-32.1844],"tipVelocity":[-463.047,585.159,-457.307],"tool":false,"touchDistance":0.333333,"touchZone":"none","type":1,"width":20.5125},{"bases":[[[0.40556,-0.710631,-0.574913],[0.852527,0.52095,-0.0425314],[0.329725,-0.47288,0.817108]],[[0.38621,-0.682672,-0.620324],[0.378854,0.730559,-0.568114],[0.841018,-0.0156006,0.540781]],[[0.38621,-0.682672,-0.620324],[-0.780674,0.116291,-0.614023],[0.491314,0.721412,-0.488031]],[[0.38621,-0.682672,-0.620324],[-0.918585,-0.345831,-0.191316],[-0.0839214,0.643708,-0.760655]]],"btipPosition":[44.693,169.364,-32.0771],"carpPosition":[121.049,167.207,24.3873],"dipPosition":[43.1221,181.413,-46.3156],"direction":[-0.491314,-0.721412,0.488031],"extended":false,"handId":410,"id":4102,"length":66.7449,"mcpPosition":[97.4179,201.098,-34.1751],"pipPosition":[57.0387,201.847,-60.1392],"stabilizedTipPosition":[46.1494,170.147,-33.9096],"timeVisible":0.039003,"tipPosition":[45.1467,168.765,-30.5838],"tipVelocity":[-369.448,404.153,-293.153],"tool":false,"touchDistance":0.333333,"touchZone":"none","type":2,"width":20.146},{"bases":[[[0.384233,-0.809709,-0.443549],[0.8894,0.453507,-0.0574283],[0.247653,-0.372427,0.894408]],[[0.368691,-0.78592,-0.496384],[0.460686,0.618298,-0.63677],[0.807363,0.00609409,0.590023]],[[0.368691,-0.78592,-0.496384],[-0.70971,0.106867,-0.696341],[0.600315,0.609023,-0.518375]],[[0.368691,-0.78592,-0.496384],[-0.929532,-0.308176,-0.202482],[0.00616099,0.536057,-0.844159]]],"btipPosition":[58.1056,156.075,-37.3583],"carpPosition":[126.653,159.163,16.4395],"dipPosition":[58.2203,166.052,-53.069],"direction":[-0.600315,-0.609023,0.518375],"extended":false,"handId":410,"id":4103,"length":64.1769,"mcpPosition":[110.717,183.128,-41.1138],"pipPosition":[74.7853,182.857,-67.3729],"stabilizedTipPosition":[60.276,154.912,-38.5758],"timeVisible":0.039003,"tipPosition":[58.2134,155.567,-35.9519],"tipVelocity":[-260.562,420.168,-291.184],"tool":false,"touchDistance":0.333333,"touchZone":"none","type":3,"width":19.1702},{"bases":[[[0.258041,-0.911099,-0.321424],[0.956698,0.28735,-0.0464713],[0.134701,-0.295514,0.945795]],[[0.239542,-0.867903,-0.43516],[0.595664,0.485316,-0.640041],[0.766684,-0.105892,0.633232]],[[0.239542,-0.867903,-0.43516],[-0.588667,0.226593,-0.775969],[0.772069,0.442042,-0.456627]],[[0.239542,-0.867903,-0.43516],[-0.948219,-0.112849,-0.296894],[0.208567,0.483746,-0.849994]]],"btipPosition":[73.6888,150.273,-44.7329],"carpPosition":[127.339,145.858,10.4175],"dipPosition":[77.2698,158.578,-59.3269],"direction":[-0.772069,-0.442042,0.456627],"extended":false,"handId":410,"id":4104,"length":50.3135,"mcpPosition":[119.315,163.461,-45.9199],"pipPosition":[92.3115,167.191,-68.2231],"stabilizedTipPosition":[75.9185,149.401,-46.2705],"timeVisible":0.039003,"tipPosition":[74.838,149.876,-42.8312],"tipVelocity":[-241.678,478.253,-312.647],"tool":false,"touchDistance":0.333333,"touchZone":"none","type":4,"width":17.0285}],"r":[[0.999062,0.0425783,-0.00790391],[-0.042628,0.999072,-0.00623085],[0.00763127,0.00656194,0.999949]],"s":1.04472,"t":[-7.39297,10.4218,-1.80563],"timestamp":262121211963},{"currentFrameRate":25.5596,"devices":[],"gestures":[],"hands":[{"armBasis":[[0.472799,-0.569471,-0.672432],[0.675702,0.724116,-0.138144],[0.565587,-0.389049,0.727153]],"armWidth":66.9278,"confidence":0.371367,"direction":[-0.343583,0.479329,-0.807585],"elbow":[272.838,56.1652,237.394],"grabAngle":2.60387,"grabStrength":1,"id":410,"palmNormal":[-0.773625,-0.631974,-0.0459634],"palmPosition":[79.1357,202.338,-21.8539],"palmVelocity":[-608.013,559.407,-181.343],"palmWidth":93.471,"pinchDistance":36.9917,"pinchStrength":0.726141,"r":[[0.994567,0.0966224,-0.0387386],[-0.0973353,0.995107,-0.0169553],[0.0369108,0.0206338,0.999106]],"s":1.10087,"sphereCenter":[32.2216,182.503,-40.2497],"sphereRadius":48.3767,"stabilizedPalmPosition":[79.556,201.946,-21.7292],"t":[-21.7388,25.4308,-5.88467],"timeVisible":0.074033,"type":"right","wrist":[115.966,164.073,35.7095]}],"id":233864,"interactionBox":{"center":[0,200,0],"size":[235.247,235.247,147.751]},"pointables":[{"bases":[[[0.839145,0.413737,-0.353067],[0.051588,0.585663,0.808911],[0.541455,-0.697008,0.470112]],[[0.754263,0.50803,-0.415923],[0.0700936,0.567552,0.820349],[0.65282,-0.647913,0.392474]],[[0.754263,0.50803,-0.415923],[-0.161061,0.757287,0.63291],[0.636511,-0.410392,0.653018]],[[0.754263,0.50803,-0.415923],[-0.491063,0.856996,0.156251],[0.435825,0.0863902,0.895876]]],"btipPosition":[17.5771,228.071,-25.0963],"carpPosition":[82.8304,182.922,38.0922],"dipPosition":[27.7372,230.084,-4.21142],"direction":[-0.636511,0.410392,-0.653018],"extended":true,"handId":410,"id":4100,"length":51.9129,"mcpPosition":[82.8304,182.922,38.0922],"pipPosition":[49.3547,216.147,17.9667],"stabilizedTipPosition":[20.285,228.379,-20.2424],"timeVisible":0.074033,"tipPosition":[19.4451,227.44,-20.0665],"tipVelocity":[-711.161,281.789,-103.313],"tool":false,"touchDistance":1,"touchZone":"none","type":0,"width":21.4746},{"bases":[[[0.467158,-0.519851,-0.715205],[0.701562,0.710244,-0.057998],[0.538121,-0.474666,0.696504]],[[0.47427,-0.526114,-0.705884],[0.564102,0.797182,-0.215152],[0.675912,-0.29615,0.674861]],[[0.47427,-0.526114,-0.705884],[-0.284464,0.667208,-0.688414],[0.833155,0.527293,0.166776]],[[0.47427,-0.526114,-0.705884],[-0.871635,-0.167882,-0.460508],[0.123775,0.833678,-0.538201]]],"btipPosition":[7.24439,217.503,-51.108],"carpPosition":[99.0042,195.84,25.2669],"dipPosition":[9.35089,231.692,-60.2676],"direction":[-0.833155,-0.527293,-0.166776],"extended":false,"handId":410,"id":4101,"length":58.5779,"mcpPosition":[58.3354,231.713,-27.3718],"pipPosition":[29.41,244.387,-56.2523],"stabilizedTipPosition":[10.8573,217.645,-51.4372],"timeVisible":0.074033,"tipPosition":[9.93075,215.429,-47.7943],"tipVelocity":[-882.217,859.156,-467.773],"tool":false,"touchDistance":0.333333,"touchZone":"hovering","type":1,"width":20.5125},{"bases":[[[0.409076,-0.692612,-0.594093],[0.782085,0.601539,-0.162771],[0.470107,-0.398045,0.787756]],[[0.38015,-0.667497,-0.640261],[0.347807,0.744587,-0.569754],[0.857039,-0.00609518,0.515215]],[[0.38015,-0.667497,-0.640261],[-0.787278,0.129815,-0.602778],[0.485468,0.733209,-0.476157]],[[0.38015,-0.667497,-0.640261],[-0.913419,-0.379782,-0.146398],[-0.145439,0.640479,-0.754078]]],"btipPosition":[19.8812,186.928,-37.798],"carpPosition":[105.751,190.864,15.7947],"dipPosition":[17.1588,198.917,-51.9133],"direction":[-0.485468,-0.733209,0.476157],"extended":false,"handId":410,"id":4102,"length":66.7449,"mcpPosition":[72.0582,219.392,-40.664],"pipPosition":[30.9098,219.685,-65.4007],"stabilizedTipPosition":[20.538,188.753,-40.7042],"timeVisible":0.074033,"tipPosition":[22.1942,185.271,-34.3809],"tipVelocity":[-715.862,500.998,-162.506],"tool":false,"touchDistance":0.333333,"touchZone":"none","type":2,"width":20.146},{"bases":[[[0.413668,-0.787001,-0.45772],[0.8239,0.537522,-0.179606],[0.387385,-0.302819,0.870766]],[[0.388696,-0.766577,-0.51115],[0.440146,0.641868,-0.627915],[0.809436,0.0190878,0.586897]],[[0.388696,-0.766577,-0.51115],[-0.70608,0.108575,-0.699759],[0.591917,0.632907,-0.499062]],[[0.388696,-0.766577,-0.51115],[-0.920821,-0.342274,-0.186913],[-0.0316696,0.54333,-0.838921]]],"btipPosition":[34.5199,174.118,-45.2482],"carpPosition":[111.215,183.058,7.51957],"dipPosition":[33.9305,184.23,-60.8614],"direction":[-0.591917,-0.632906,0.499062],"extended":false,"handId":410,"id":4103,"length":64.1769,"mcpPosition":[86.2879,202.544,-48.5125],"pipPosition":[50.2638,201.695,-74.6325],"stabilizedTipPosition":[36.0746,175.038,-48.1692],"timeVisible":0.074033,"tipPosition":[36.4366,172.788,-41.4985],"tipVelocity":[-677.923,515.969,-224.593],"tool":false,"touchDistance":0.333333,"touchZone":"none","type":3,"width":19.1702},{"bases":[[[0.313867,-0.894683,-0.317852],[0.909177,0.379692,-0.170971],[0.273651,-0.235322,0.932598]],[[0.261398,-0.84001,-0.475451],[0.566934,0.532273,-0.628706],[0.781189,-0.105207,0.615366]],[[0.261398,-0.84001,-0.475451],[-0.587063,0.252637,-0.769111],[0.766178,0.480164,-0.4271]],[[0.261398,-0.84001,-0.475451],[-0.948995,-0.133694,-0.285541],[0.176292,0.525841,-0.832113]]],"btipPosition":[50.8319,168.959,-52.6874],"carpPosition":[112.601,169.62,1.92995],"dipPosition":[53.8588,177.988,-66.9744],"direction":[-0.766178,-0.480164,0.4271],"extended":false,"handId":410,"id":4104,"length":50.3135,"mcpPosition":[96.3002,183.637,-53.6214],"pipPosition":[68.7858,187.343,-75.2953],"stabilizedTipPosition":[53.1055,169.637,-55.3459],"timeVisible":0.074033,"tipPosition":[53.2348,167.648,-48.7015],"tipVelocity":[-656.132,538.19,-225.061],"tool":false,"touchDistance":0.333333,"touchZone":"none","type":4,"width":17.0285}],"r":[[0.994567,0.0966224,-0.0387386],[-0.0973353,0.995107,-0.0169553],[0.0369108,0.0206338,0.999106]],"s":1.10087,"t":[-21.7388,25.4308,-5.88467],"timestamp":262121246993},{"currentFrameRate":27.8338,"devices":[],"gestures":[],"hands":[{"armBasis":[[0.455519,-0.527955,-0.716775],[0.681521,0.724827,-0.10077],[0.57274,-0.442595,0.689985]],"armWidth":66.9278,"confidence":0.460246,"direction":[-0.472429,0.479383,-0.739596],"elbow":[263.587,55.8832,215.627],"grabAngle":2.02486,"grabStrength":0,"id":410,"palmNormal":[-0.732451,-0.680287,0.0269242],"palmPosition":[59.8185,216.804,-27.2785],"palmVelocity":[-945.62,708.126,-265.55],"palmWidth":93.471,"pinchDistance":57.9125,"pinchStrength":0.563693,"r":[[0.984356,0.152708,-0.0878888],[-0.154517,0.987889,-0.0141152],[0.0846689,0.0274746,0.99603]],"s":1.25879,"sphereCenter":[13.127,204.691,-39.8856],"sphereRadius":50.9139,"stabilizedPalmPosition":[61.1991,215.765,-26.8904],"t":[-38.5703,40.168,-10.6365],"timeVisible":0.094461,"type":"right","wrist":[104.73,178.642,24.2511]}],"id":233865,"interactionBox":{"center":[0,200,0],"size":[235.247,235.247,147.751]},"pointables":[{"bases":[[[0.760206,0.478905,-0.439018],[0.1174,0.563356,0.817831],[0.638987,-0.67326,0.372043]],[[0.66038,0.570774,-0.487971],[0.108265,0.570664,0.814016],[0.743086,-0.590389,0.31506]],[[0.66038,0.570774,-0.487971],[-0.138807,0.731405,0.667667],[0.737991,-0.37318,0.562232]],[[0.66038,0.570774,-0.487971],[-0.475978,0.820766,0.315892],[0.580813,0.0236548,0.813693]]],"btipPosition":[-4.41607,238.29,-23.2633],"carpPosition":[72.2925,195.893,30.9564],"dipPosition":[9.12398,238.842,-4.2943],"direction":[-0.737991,0.37318,-0.562232],"extended":true,"handId":410,"id":4100,"length":51.9129,"mcpPosition":[72.2925,195.893,30.9564],"pipPosition":[34.188,226.168,14.8005],"stabilizedTipPosition":[-0.234044,237.921,-18.9668],"timeVisible":0.094461,"tipPosition":[-0.687601,237.893,-17.3183],"tipVelocity":[-1038.56,483.812,68.1578],"tool":false,"touchDistance":1,"touchZone":"none","type":0,"width":21.4746},{"bases":[[[0.403949,-0.466078,-0.787144],[0.643053,0.756672,-0.118031],[0.650621,-0.458497,0.60537]],[[0.429686,-0.484069,-0.762264],[0.730688,0.682374,-0.0214487],[0.530532,-0.547761,0.64691]],[[0.429686,-0.484069,-0.762264],[0.657745,0.746156,-0.103071],[0.618661,-0.457087,0.639007]],[[0.429686,-0.484069,-0.762264],[0.58165,0.794082,-0.1764],[0.69069,-0.367574,0.622765]]],"btipPosition":[-12.6512,285.587,-82.7052],"carpPosition":[85.8735,210.234,16.7138],"dipPosition":[-0.89643,279.331,-72.1064],"direction":[-0.618661,0.457087,-0.639007],"extended":true,"handId":410,"id":4101,"length":58.5779,"mcpPosition":[36.7024,244.885,-29.0374],"pipPosition":[13.9985,268.326,-56.7217],"stabilizedTipPosition":[10.8573,217.645,-51.4372],"timeVisible":0.094461,"tipPosition":[-10.2466,278.052,-76.4487],"tipVelocity":[-865.307,3102.65,-1324.3],"tool":false,"touchDistance":-0.167547,"touchZone":"hovering","type":1,"width":20.5125},{"bases":[[[0.372554,-0.645857,-0.666388],[0.716216,0.656733,-0.236088],[0.590118,-0.389322,0.707241]],[[0.335012,-0.62031,-0.709212],[0.237149,0.783989,-0.573691],[0.911881,0.0240042,0.409752]],[[0.335012,-0.62031,-0.709212],[-0.846537,0.132327,-0.51562],[0.413692,0.773114,-0.480785]],[[0.335012,-0.62031,-0.709212],[-0.902677,-0.427057,-0.0528761],[-0.270074,0.657904,-0.703009]]],"btipPosition":[-1.07902,198.539,-37.292],"carpPosition":[91.6589,206.002,6.29157],"dipPosition":[-6.13444,210.854,-50.4513],"direction":[-0.413692,-0.773114,0.480785],"extended":false,"handId":410,"id":4102,"length":66.7449,"mcpPosition":[49.365,233.905,-44.3966],"pipPosition":[5.58355,232.752,-64.0697],"stabilizedTipPosition":[0.0703073,200.09,-40.3577],"timeVisible":0.094461,"tipPosition":[2.40207,196.875,-33.9506],"tipVelocity":[-1052.32,572.06,35.5357],"tool":false,"touchDistance":0.333333,"touchZone":"none","type":2,"width":20.146},{"bases":[[[0.400275,-0.743767,-0.535342],[0.759449,0.596165,-0.26043],[0.512851,-0.302321,0.803483]],[[0.364644,-0.721598,-0.588499],[0.328297,0.691061,-0.643938],[0.871353,0.0416057,0.48889]],[[0.364644,-0.721598,-0.588499],[-0.774214,0.116178,-0.622169],[0.517327,0.682495,-0.516308]],[[0.364644,-0.721598,-0.588499],[-0.919632,-0.378176,-0.106114],[-0.145985,0.579897,-0.801504]]],"btipPosition":[13.1638,186.804,-47.1883],"carpPosition":[96.5026,198.827,-2.89141],"dipPosition":[10.4469,197.596,-62.1051],"direction":[-0.517327,-0.682495,0.516308],"extended":false,"handId":410,"id":4103,"length":64.1769,"mcpPosition":[63.5017,218.281,-54.5939],"pipPosition":[24.7219,216.429,-76.352],"stabilizedTipPosition":[15.4742,187.509,-50.3136],"timeVisible":0.094461,"tipPosition":[16.4289,185.529,-43.4048],"tipVelocity":[-1069.38,628.656,-87.1321],"tool":false,"touchDistance":0.333333,"touchZone":"none","type":3,"width":19.1702},{"bases":[[[0.32592,-0.861969,-0.388311],[0.854767,0.444158,-0.268509],[0.403918,-0.244403,0.881543]],[[0.269274,-0.821783,-0.50216],[0.474201,0.566968,-0.673559],[0.838227,-0.0567527,0.54236]],[[0.269274,-0.821783,-0.50216],[-0.66175,0.220946,-0.716428],[0.699699,0.52522,-0.48432]],[[0.269274,-0.821783,-0.50216],[-0.96115,-0.196463,-0.193888],[0.0606775,0.53486,-0.842759]]],"btipPosition":[29.7419,182.824,-56.8243],"carpPosition":[97.9987,185.683,-9.11701],"dipPosition":[30.7837,192.008,-71.294],"direction":[-0.699699,-0.52522,0.48432],"extended":false,"handId":410,"id":4104,"length":50.3135,"mcpPosition":[73.9389,200.241,-61.6272],"pipPosition":[44.4156,202.24,-80.7298],"stabilizedTipPosition":[33.0133,182.931,-59.5221],"timeVisible":0.094461,"tipPosition":[32.6811,181.589,-52.6565],"tipVelocity":[-1054.76,680.471,-204.568],"tool":false,"touchDistance":0.333333,"touchZone":"none","type":4,"width":17.0285}],"r":[[0.984356,0.152708,-0.0878888],[-0.154517,0.987889,-0.0141152],[0.0846689,0.0274746,0.99603]],"s":1.25879,"t":[-38.5703,40.168,-10.6365],"timestamp":262121267421},{"currentFrameRate":29.8743,"devices":[],"gestures":[],"hands":[{"armBasis":[[0.479103,-0.458288,-0.748621],[0.654937,0.754475,-0.0427248],[0.584396,-0.469829,0.661621]],"armWidth":66.9278,"confidence":0.541094,"direction":[-0.510398,0.483764,-0.710961],"elbow":[255.073,59.4535,201.642],"grabAngle":1.97296,"grabStrength":0,"id":410,"palmNormal":[-0.687398,-0.726281,-0.000705774],"palmPosition":[45.4161,227.793,-31.0454],"palmVelocity":[-702.01,535.647,-183.607],"palmWidth":93.471,"pinchDistance":62.8921,"pinchStrength":0.641923,"r":[[0.969363,0.210255,-0.126994],[-0.211914,0.977288,0.000456548],[0.124205,0.0264692,0.991903]],"s":1.37776,"sphereCenter":[2.92128,217.759,-44.7688],"sphereRadius":49.143,"stabilizedPalmPosition":[46.1753,227.215,-30.8455],"t":[-54.1873,53.0313,-14.8959],"timeVisible":0.114977,"type":"right","wrist":[92.9842,189.766,18.1333]}],"id":233866,"interactionBox":{"center":[0,200,0],"size":[235.247,235.247,147.751]},"pointables":[{"bases":[[[0.72315,0.547491,-0.421079],[0.0907685,0.52903,0.843735],[0.684701,-0.648368,0.332873]],[[0.607371,0.642013,-0.467889],[0.048827,0.557688,0.828613],[0.792917,-0.526121,0.307376]],[[0.607371,0.642013,-0.467889],[-0.222485,0.702869,0.67563],[0.762628,-0.30626,0.56974]],[[0.607371,0.642013,-0.467889],[-0.537796,0.765779,0.352645],[0.584702,0.0374426,0.810383]]],"btipPosition":[-20.3293,241.407,-28.028],"carpPosition":[59.8619,204.9,25.9755],"dipPosition":[-6.6986,242.28,-9.13612],"direction":[-0.762628,0.30626,-0.56974],"extended":false,"handId":410,"id":4100,"length":51.9129,"mcpPosition":[59.8619,204.9,25.9755],"pipPosition":[19.2021,231.879,10.2137],"stabilizedTipPosition":[-16.4729,241.451,-23.4823],"timeVisible":0.114977,"tipPosition":[-16.4251,243.785,-20.5188],"tipVelocity":[-774.634,155.538,-233.106],"tool":false,"touchDistance":0.863129,"touchZone":"hovering","type":0,"width":21.4746},{"bases":[[[0.423666,-0.400195,-0.81262],[0.592286,0.801152,-0.085754],[0.68535,-0.444972,0.576451]],[[0.471606,-0.431,-0.769303],[0.748153,0.657344,0.0903652],[0.466749,-0.618173,0.632461]],[[0.471606,-0.431,-0.769303],[0.683903,0.729497,0.0105542],[0.556655,-0.531106,0.638797]],[[0.471606,-0.431,-0.769303],[0.62985,0.77522,-0.0481982],[0.617153,-0.461815,0.637063]]],"btipPosition":[-23.3356,301.49,-84.5052],"carpPosition":[72.3399,220.76,12.3482],"dipPosition":[-12.8323,293.63,-73.6631],"direction":[-0.556655,0.531106,-0.638797],"extended":true,"handId":410,"id":4101,"length":58.5779,"mcpPosition":[20.5441,254.389,-31.2174],"pipPosition":[0.569752,280.844,-58.2834],"stabilizedTipPosition":[-16.8516,289.18,-78.0973],"timeVisible":0.114977,"tipPosition":[-25.2762,292.681,-79.0428],"tipVelocity":[-534.812,757.194,-85.0087],"tool":false,"touchDistance":-0.267994,"touchZone":"hovering","type":1,"width":20.5125},{"bases":[[[0.405145,-0.587307,-0.700662],[0.670288,0.711996,-0.209226],[0.621749,-0.384879,0.682127]],[[0.371337,-0.565898,-0.736118],[0.151628,0.819121,-0.553218],[0.916034,0.0938144,0.389975]],[[0.371337,-0.565898,-0.736118],[-0.852407,0.106547,-0.511908],[0.368119,0.817562,-0.44281]],[[0.371337,-0.565898,-0.736118],[-0.879619,-0.468247,-0.0837569],[-0.297287,0.678605,-0.671652]]],"btipPosition":[-15.1419,204.642,-40.8155],"carpPosition":[78.2622,217.423,1.68111],"dipPosition":[-20.7067,217.345,-53.3879],"direction":[-0.368119,-0.817562,0.44281],"extended":false,"handId":410,"id":4102,"length":66.7449,"mcpPosition":[33.7012,245.007,-47.2071],"pipPosition":[-10.2796,240.503,-65.9307],"stabilizedTipPosition":[-15.2733,207.044,-43.4739],"timeVisible":0.114977,"tipPosition":[-11.3185,204.907,-38.8181],"tipVelocity":[-691.171,301.856,-165.167],"tool":false,"touchDistance":0.333333,"touchZone":"none","type":2,"width":20.146},{"bases":[[[0.440535,-0.689535,-0.574866],[0.716999,0.655585,-0.236899],[0.540223,-0.307816,0.783204]],[[0.407091,-0.669677,-0.621136],[0.253801,0.73619,-0.627383],[0.877418,0.0977565,0.469661]],[[0.407091,-0.669677,-0.621136],[-0.785932,0.0896705,-0.611776],[0.46539,0.737219,-0.489817]],[[0.407091,-0.669677,-0.621136],[-0.897336,-0.420156,-0.135121],[-0.170486,0.612374,-0.771967]]],"btipPosition":[-0.0348709,194.747,-51.3032],"carpPosition":[83.446,211.03,-7.88628],"dipPosition":[-3.2078,206.144,-65.6703],"direction":[-0.46539,-0.737219,0.489817],"extended":false,"handId":410,"id":4103,"length":64.1769,"mcpPosition":[48.6837,230.837,-58.2839],"pipPosition":[9.63409,226.487,-79.1862],"stabilizedTipPosition":[0.688037,196.486,-54.2235],"timeVisible":0.114977,"tipPosition":[3.50779,194.871,-48.8885],"tipVelocity":[-648.45,393.944,-194.406],"tool":false,"touchDistance":0.333333,"touchZone":"none","type":3,"width":19.1702},{"bases":[[[0.375534,-0.819306,-0.433257],[0.821682,0.510568,-0.253296],[0.428735,-0.260878,0.864945]],[[0.328452,-0.787393,-0.521662],[0.416472,0.616447,-0.66824],[0.847744,0.00222741,0.5304]],[[0.328452,-0.787393,-0.521662],[-0.680123,0.186078,-0.709089],[0.655402,0.587696,-0.474407]],[[0.328452,-0.787393,-0.521662],[-0.943787,-0.251831,-0.214121],[0.0372272,0.562666,-0.825846]]],"btipPosition":[16.8978,192.68,-61.5487],"carpPosition":[85.7024,198.329,-14.7678],"dipPosition":[17.5369,202.341,-75.7281],"direction":[-0.655402,-0.587696,0.474407],"extended":false,"handId":410,"id":4104,"length":50.3135,"mcpPosition":[60.1643,213.869,-66.2894],"pipPosition":[30.3058,213.79,-84.9707],"stabilizedTipPosition":[18.6078,193.73,-64.2924],"timeVisible":0.114977,"tipPosition":[20.0853,192.36,-58.3264],"tipVelocity":[-630.569,485.736,-227.026],"tool":false,"touchDistance":0.333333,"touchZone":"none","type":4,"width":17.0285}],"r":[[0.969363,0.210255,-0.126994],[-0.211914,0.977288,0.000456548],[0.124205,0.0264692,0.991903]],"s":1.37776,"t":[-54.1873,53.0313,-14.8959],"timestamp":262121287937},{"currentFrameRate":31.7165,"devices":[],"gestures":[],"hands":[{"armBasis":[[0.476242,-0.416765,-0.774274],[0.636437,0.770969,-0.0235254],[0.606746,-0.481573,0.632413]],"armWidth":66.9278,"confidence":0.613012,"direction":[-0.575041,0.475313,-0.665886],"elbow":[252.587,66.0922,188.406],"grabAngle":1.94606,"grabStrength":0,"id":410,"palmNormal":[-0.645802,-0.763398,0.01278],"palmPosition":[32.486,236.685,-32.4495],"palmVelocity":[-630.52,433.613,-68.4712],"palmWidth":93.471,"pinchDistance":64.1324,"pinchStrength":0.719075,"r":[[0.94913,0.267272,-0.166485],[-0.267302,0.963347,0.022651],[0.166437,0.0230031,0.985784]],"s":1.45887,"sphereCenter":[-8.82197,223.349,-45.8689],"sphereRadius":48.9017,"stabilizedPalmPosition":[32.8753,236.416,-32.4039],"t":[-68.4608,63.909,-17.7276],"timeVisible":0.135484,"type":"right","wrist":[84.2988,199.662,12.9987]}],"id":233867,"interactionBox":{"center":[0,200,0],"size":[235.247,235.247,147.751]},"pointables":[{"bases":[[[0.667523,0.599552,-0.441533],[0.109013,0.507905,0.854487],[0.736566,-0.618522,0.273679]],[[0.530168,0.697434,-0.48219],[0.0337785,0.550868,0.833908],[0.84722,-0.458399,0.268494]],[[0.530168,0.697434,-0.48219],[-0.262793,0.675849,0.688598],[0.80614,-0.238356,0.541595]],[[0.530168,0.697434,-0.48219],[-0.582608,0.712826,0.390445],[0.616027,0.0739264,0.784248]]],"btipPosition":[-33.8523,242.828,-27.5258],"carpPosition":[51.3315,212.95,22.9187],"dipPosition":[-19.4913,244.551,-9.24325],"direction":[-0.80614,0.238356,-0.541595],"extended":false,"handId":410,"id":4100,"length":51.9129,"mcpPosition":[51.3315,212.95,22.9187],"pipPosition":[7.88724,236.456,9.15065],"stabilizedTipPosition":[-30.2115,243.182,-23.3247],"timeVisible":0.135484,"tipPosition":[-29.6952,247.585,-19.2462],"tipVelocity":[-651.24,78.8101,17.653],"tool":false,"touchDistance":0.81558,"touchZone":"hovering","type":0,"width":21.4746},{"bases":[[[0.398581,-0.351365,-0.847158],[0.542057,0.835353,-0.0914353],[0.739802,-0.422763,0.523415]],[[0.461567,-0.386888,-0.798294],[0.725885,0.682012,0.0891681],[0.509948,-0.620627,0.595631]],[[0.461567,-0.386888,-0.798294],[0.620142,0.784195,-0.0214939],[0.634334,-0.485135,0.601884]],[[0.461567,-0.386888,-0.798294],[0.575295,0.815546,-0.0626184],[0.675272,-0.430352,0.599004]]],"btipPosition":[-42.3548,307.399,-80.5706],"carpPosition":[62.1438,229.885,9.16206],"dipPosition":[-30.8625,300.075,-70.3762],"direction":[-0.634334,0.485135,-0.601884],"extended":true,"handId":410,"id":4101,"length":58.5779,"mcpPosition":[6.23283,261.835,-30.3954],"pipPosition":[-15.5902,288.395,-55.8852],"stabilizedTipPosition":[-37.7708,304.311,-78.2149],"timeVisible":0.135484,"tipPosition":[-43.8637,299.432,-74.6748],"tipVelocity":[-916.36,294.16,184.605],"tool":false,"touchDistance":-0.27114,"touchZone":"hovering","type":1,"width":20.5125},{"bases":[[[0.39658,-0.542476,-0.74057],[0.617749,0.75444,-0.221827],[0.679052,-0.369514,0.634309]],[[0.368816,-0.527101,-0.765597],[0.0650706,0.836284,-0.544421],[0.927222,0.150973,0.342734]],[[0.368816,-0.527101,-0.765597],[-0.873079,0.0861507,-0.479907],[0.318916,0.845424,-0.428427]],[[0.368816,-0.527101,-0.765597],[-0.868674,-0.488529,-0.082127],[-0.330728,0.695344,-0.638056]]],"btipPosition":[-28.397,209.477,-39.7527],"carpPosition":[67.6315,227.205,-1.91502],"dipPosition":[-34.5878,222.493,-51.6962],"direction":[-0.318916,-0.845424,0.428427],"extended":false,"handId":410,"id":4102,"length":66.7449,"mcpPosition":[18.9636,253.688,-47.3762],"pipPosition":[-25.5544,246.44,-63.8316],"stabilizedTipPosition":[-29.2222,212.247,-42.5398],"timeVisible":0.135484,"tipPosition":[-23.8397,211.029,-38.2808],"tipVelocity":[-653.391,239.25,58.8822],"tool":false,"touchDistance":0.333333,"touchZone":"none","type":2,"width":20.146},{"bases":[[[0.444481,-0.646259,-0.620311],[0.665836,0.70159,-0.253837],[0.599249,-0.300199,0.742146]],[[0.418534,-0.632876,-0.651381],[0.16874,0.758921,-0.62894],[0.892388,0.153319,0.424426]],[[0.418534,-0.632876,-0.651381],[-0.807782,0.0684141,-0.585498],[0.415111,0.771225,-0.482592]],[[0.418534,-0.632876,-0.651381],[-0.885433,-0.44393,-0.137602],[-0.202082,0.634346,-0.746169]]],"btipPosition":[-13.3591,200.808,-51.3961],"carpPosition":[72.6109,221.402,-11.9549],"dipPosition":[-17.12,212.614,-65.2831],"direction":[-0.415111,-0.771225,0.482592],"extended":false,"handId":410,"id":4103,"length":64.1769,"mcpPosition":[34.0504,240.719,-59.7105],"pipPosition":[-5.66549,233.895,-78.5997],"stabilizedTipPosition":[-13.4559,203.161,-54.5712],"timeVisible":0.135484,"tipPosition":[-8.98873,202.137,-49.5308],"tipVelocity":[-656.333,300.163,0.852958],"tool":false,"touchDistance":0.333333,"touchZone":"none","type":3,"width":19.1702},{"bases":[[[0.394684,-0.78364,-0.479721],[0.777172,0.563236,-0.280658],[0.490131,-0.262055,0.831324]],[[0.34917,-0.757002,-0.552294],[0.334485,0.651251,-0.68117],[0.875329,0.0531101,0.480603]],[[0.34917,-0.757002,-0.552294],[-0.722222,0.158131,-0.673343],[0.597056,0.63399,-0.491509]],[[0.34917,-0.757002,-0.552294],[-0.937052,-0.284474,-0.202506],[-0.00381586,0.588237,-0.808679]]],"btipPosition":[3.57381,200.346,-62.3485],"carpPosition":[75.1658,209.059,-19.3627],"dipPosition":[3.5083,210.446,-76.2331],"direction":[-0.597056,-0.63399,0.491509],"extended":false,"handId":410,"id":4104,"length":50.3135,"mcpPosition":[45.9705,224.668,-68.8815],"pipPosition":[15.1404,222.798,-85.8089],"stabilizedTipPosition":[4.4182,202.159,-65.4706],"timeVisible":0.135484,"tipPosition":[7.41683,200.818,-59.7838],"tipVelocity":[-657.631,378.756,-35.695],"tool":false,"touchDistance":0.333333,"touchZone":"none","type":4,"width":17.0285}],"r":[[0.94913,0.267272,-0.166485],[-0.267302,0.963347,0.022651],[0.166437,0.0230031,0.985784]],"s":1.45887,"t":[-68.4608,63.909,-17.7276],"timestamp":262121308444},{"currentFrameRate":33.3279,"devices":[],"gestures":[],"hands":[{"armBasis":[[0.464361,-0.386754,-0.796737],[0.612987,0.789663,-0.0260538],[0.63923,-0.476291,0.603764]],"armWidth":66.9278,"confidence":0.676969,"direction":[-0.611252,0.477012,-0.63153],"elbow":[251.428,75.7788,176.668],"grabAngle":1.95221,"grabStrength":0,"id":410,"palmNormal":[-0.624367,-0.780999,0.0144092],"palmPosition":[19.7667,244.614,-33.3984],"palmVelocity":[-610.451,380.53,-45.5404],"palmWidth":93.471,"pinchDistance":65.0626,"pinchStrength":0.803208,"r":[[0.926214,0.31834,-0.201957],[-0.31498,0.947809,0.0494482],[0.207158,0.0178128,0.978145]],"s":1.51142,"sphereCenter":[-20.1388,227.517,-48.5674],"sphereRadius":49.0408,"stabilizedPalmPosition":[19.9647,244.49,-33.3834],"t":[-81.9572,73.3122,-19.6179],"timeVisible":0.15632,"type":"right","wrist":[74.1297,207.884,9.2073]}],"id":233868,"interactionBox":{"center":[0,200,0],"size":[235.247,235.247,147.751]},"pointables":[{"bases":[[[0.634881,0.629415,-0.448065],[0.126364,0.487536,0.86391],[0.762206,-0.6051,0.229992]],[[0.475629,0.734479,-0.484063],[0.0168322,0.542593,0.839827],[0.879485,-0.407594,0.24571]],[[0.475629,0.734479,-0.484063],[-0.296408,0.651931,0.697945],[0.828202,-0.188483,0.527783]],[[0.475629,0.734479,-0.484063],[-0.622069,0.669923,0.405257],[0.621938,0.108369,0.775532]]],"btipPosition":[-46.4931,244.702,-28.0218],"carpPosition":[41.2323,219.926,20.5821],"dipPosition":[-31.9944,247.228,-9.94243],"direction":[-0.828202,0.188483,-0.527783],"extended":false,"handId":410,"id":4100,"length":51.9129,"mcpPosition":[41.2323,219.926,20.5821],"pipPosition":[-3.86657,240.827,7.9824],"stabilizedTipPosition":[-42.9972,245.257,-23.8568],"timeVisible":0.15632,"tipPosition":[-42.4006,251.489,-19.1679],"tipVelocity":[-605.164,98.8115,-26.0473],"tool":false,"touchDistance":0.759214,"touchZone":"hovering","type":0,"width":21.4746},{"bases":[[[0.376816,-0.3173,-0.870248],[0.515959,0.852154,-0.0872932],[0.769283,-0.416119,0.484819]],[[0.456967,-0.360004,-0.813375],[0.697142,0.712878,0.0761426],[0.552425,-0.601833,0.576736]],[[0.456967,-0.360004,-0.813375],[0.595206,0.803295,-0.0211459],[0.660992,-0.474462,0.581356]],[[0.456967,-0.360004,-0.813375],[0.507436,0