{"frames":310,"data":[{"currentFrameRate":25.925,"devices":[],"gestures":[],"hands":[],"id":234312,"interactionBox":{"center":[0,200,0],"size":[235.247,235.247,147.751]},"pointables":[],"r":[[-0.020113,-0.761857,-0.647433],[0.506356,0.550609,-0.663651],[0.86209,-0.34118,0.374696]],"s":-5.55733,"t":[884.858,792.664,758.259],"timestamp":262136173806},{"currentFrameRate":25.9131,"devices":[],"gestures":[],"hands":[],"id":234313,"interactionBox":{"center":[0,200,0],"size":[235.247,235.247,147.751]},"pointables":[],"r":[[-0.020113,-0.761857,-0.647433],[0.506356,0.550609,-0.663651],[0.86209,-0.34118,0.374696]],"s":-5.55733,"t":[884.858,792.664,758.259],"timestamp":262136212480},{"currentFrameRate":25.9187,"devices":[],"gestures":[],"hands":[],"id":234314,"interactionBox":{"center":[0,200,0],"size":[235.247,235.247,147.751]},"pointables":[],"r":[[-0.020113,-0.761857,-0.647433],[0.506356,0.550609,-0.663651],[0.86209,-0.34118,0.374696]],"s":-5.55733,"t":[884.858,792.664,758.259],"timestamp":262136251023},{"currentFrameRate":25.9168,"devices":[],"gestures":[],"hands":[],"id":234315,"interactionBox":{"center":[0,200,0],"size":[235.247,235.247,147.751]},"pointables":[],"r":[[-0.020113,-0.761857,-0.647433],[0.506356,0.550609,-0.663651],[0.86209,-0.34118,0.374696]],"s":-5.55733,"t":[884.858,792.664,758.259],"timestamp":262136289621},{"currentFrameRate":25.9127,"devices":[],"gestures":[],"hands":[],"id":234316,"interactionBox":{"center":[0,200,0],"size":[235.247,235.247,147.751]},"pointables":[],"r":[[-0.020113,-0.761857,-0.647433],[0.506356,0.550609,-0.663651],[0.86209,-0.34118,0.374696]],"s":-5.55733,"t":[884.858,792.664,758.259],"timestamp":262136328241},{"currentFrameRate":25.9104,"devices":[],"gestures":[],"hands":[],"id":234317,"interactionBox":{"center":[0,200,0],"size":[235.247,235.247,147.751]},"pointables":[],"r":[[-0.020113,-0.761857,-0.647433],[0.506356,0.550609,-0.663651],[0.86209,-0.34118,0.374696]],"s":-5.55733,"t":[884.858,792.664,758.259],"timestamp":262136366852},{"currentFrameRate":25.9104,"devices":[],"gestures":[],"hands":[],"id":234318,"interactionBox":{"center":[0,200,0],"size":[235.247,235.247,147.751]},"pointables":[],"r":[[-0.020113,-0.761857,-0.647433],[0.506356,0.550609,-0.663651],[0.86209,-0.34118,0.374696]],"s":-5.55733,"t":[884.858,792.664,758.259],"timestamp":262136405446},{"currentFrameRate":25.8439,"devices":[],"gestures":[],"hands":[],"id":234319,"interactionBox":{"center":[0,200,0],"size":[235.247,235.247,147.751]},"pointables":[],"r":[[-0.020113,-0.761857,-0.647433],[0.506356,0.550609,-0.663651],[0.86209,-0.34118,0.374696]],"s":-5.55733,"t":[884.858,792.664,758.259],"timestamp":262136444606},{"currentFrameRate":25.8649,"devices":[],"gestures":[],"hands":[{"armBasis":[[-0.44145,0.838178,0.32028],[-0.887244,-0.461008,-0.0164456],[0.133867,-0.291426,0.94718]],"armWidth":65.4574,"confidence":0,"direction":[-0.481288,0.0406259,-0.87562],"elbow":[161.485,93.0539,299.038],"grabAngle":2.22091,"grabStrength":0.868002,"id":411,"palmNormal":[0.754526,0.527633,-0.390248],"palmPosition":[97.5079,175.609,-36.9243],"palmVelocity":[1.19209e-7,1.19209e-7,1.19209e-7],"palmWidth":93.471,"pinchDistance":24.9383,"pinchStrength":0.990961,"r":[[1,1.38778e-18,2.22045e-17],[-1.38778e-18,1,-6.16298e-35],[-2.22045e-17,3.08149e-35,1]],"s":1,"sphereCenter":[127.806,191.917,-75.0835],"sphereRadius":43.3142,"stabilizedPalmPosition":[97.5079,175.609,-36.9243],"t":[0,0,0],"timeVisible":0,"type":"right","wrist":[124.356,173.884,36.3265]}],"id":234320,"interactionBox":{"center":[0,200,0],"size":[235.247,235.247,147.751]},"pointables":[{"bases":[[[-0.948314,-0.122568,0.292708],[0.209456,-0.934688,0.287206],[0.238388,0.333671,0.91205]],[[-0.975748,-0.180689,0.123564],[0.14706,-0.95922,-0.241393],[0.162142,-0.217367,0.962529]],[[-0.975748,-0.180689,0.123564],[0.188408,-0.980614,0.0538355],[0.111441,0.0758102,0.990875]],[[-0.975748,-0.180689,0.123564],[0.182483,-0.983204,0.00326022],[0.120899,0.0257294,0.992331]]],"btipPosition":[125.368,166.393,-101.897],"carpPosition":[140.493,158.521,6.02276],"dipPosition":[128.275,167.012,-78.0401],"direction":[-0.111441,-0.0758102,-0.990875],"extended":true,"handId":411,"id":4110,"length":53.5374,"mcpPosition":[140.493,158.521,6.02276],"pipPosition":[132.178,169.667,-43.3344],"stabilizedTipPosition":[126.037,166.535,-96.4103],"timeVisible":0,"tipPosition":[126.037,166.535,-96.4103],"tipVelocity":[1.19209e-7,1.19209e-7,1.19209e-7],"tool":false,"touchDistance":0.0598285,"touchZone":"hovering","type":0,"width":20.8021},{"bases":[[[-0.520628,0.843276,0.133539],[-0.805447,-0.536988,0.250796],[0.283199,0.0230132,0.958785]],[[-0.379601,0.792394,0.477509],[-0.91942,-0.380473,-0.0995345],[0.102809,-0.476815,0.872971]],[[-0.379601,0.792394,0.477509],[-0.325611,0.368687,-0.870659],[-0.865956,-0.485985,0.118058]],[[-0.379601,0.792394,0.477509],[0.112024,0.551713,-0.826476],[-0.918343,-0.260239,-0.298198]]],"btipPosition":[128.029,191.338,-102.091],"carpPosition":[116.35,155.399,6.59442],"dipPosition":[111.911,186.77,-107.325],"direction":[0.865956,0.485985,-0.118058],"extended":false,"handId":411,"id":4111,"length":60.411,"mcpPosition":[94.9471,153.66,-65.8663],"pipPosition":[90.4098,174.704,-104.394],"stabilizedTipPosition":[124.322,190.287,-103.295],"timeVisible":0,"tipPosition":[124.322,190.287,-103.295],"tipVelocity":[1.19209e-7,1.19209e-7,1.19209e-7],"tool":false,"touchDistance":-0.0549192,"touchZone":"touching","type":1,"width":19.8702},{"bases":[[[-0.332592,0.917737,0.217122],[-0.875457,-0.386056,0.290751],[0.350654,-0.0933795,0.931838]],[[-0.359931,0.922287,0.140843],[-0.910753,-0.314575,-0.267529],[-0.202433,-0.224565,0.953201]],[[-0.359931,0.922287,0.140843],[-0.0934013,0.114582,-0.989013],[-0.928292,-0.369131,0.044901]],[[-0.359931,0.922287,0.140843],[0.19699,0.222683,-0.954781],[-0.911945,-0.315911,-0.261832]]],"btipPosition":[137.869,199.691,-102.116],"carpPosition":[108.256,164.998,8.12375],"dipPosition":[120.265,193.593,-107.17],"direction":[0.928292,0.369132,-0.044901],"extended":false,"handId":411,"id":4112,"length":68.8335,"mcpPosition":[83.1241,171.691,-58.6614],"pipPosition":[93.1475,182.81,-105.859],"stabilizedTipPosition":[133.82,198.289,-103.278],"timeVisible":0,"tipPosition":[133.82,198.289,-103.278],"tipVelocity":[1.19209e-7,1.19209e-7,1.19209e-7],"tool":false,"touchDistance":-0.0546411,"touchZone":"touching","type":2,"width":19.5152},{"bases":[[[-0.210417,0.920466,0.329343],[-0.885358,-0.322281,0.335077],[0.414568,-0.221081,0.882755]],[[-0.242116,0.934908,0.259475],[-0.958658,-0.1893,-0.21246],[-0.149512,-0.300188,0.94209]],[[-0.242116,0.934908,0.259475],[-0.138242,0.231463,-0.962971],[-0.960348,-0.269021,0.0732024]],[[-0.242116,0.934908,0.259475],[0.324789,0.330099,-0.886311],[-0.914271,-0.130315,-0.38357]]],"btipPosition":[128.036,214.406,-84.4305],"carpPosition":[102.974,176.245,10.334],"dipPosition":[110.488,211.904,-91.7926],"direction":[0.960348,0.269021,-0.0732024],"extended":false,"handId":411,"id":4113,"length":66.1852,"mcpPosition":[76.297,190.471,-46.4695],"pipPosition":[83.1593,204.249,-89.7094],"stabilizedTipPosition":[124,213.83,-86.1238],"timeVisible":0,"tipPosition":[124,213.83,-86.1238],"tipVelocity":[1.19209e-7,1.19209e-7,1.19209e-7],"tool":false,"touchDistance":0.23127,"touchZone":"hovering","type":3,"width":18.5699},{"bases":[[[-0.011822,0.929205,0.369377],[-0.867179,-0.193449,0.458887],[0.497856,-0.314891,0.808074]],[[-0.122885,0.976096,0.179263],[-0.986178,-0.0998755,-0.132201],[-0.111137,-0.193031,0.974878]],[[-0.122885,0.976096,0.179263],[-0.508343,0.0932264,-0.856094],[-0.852342,-0.196328,0.484736]],[[-0.122885,0.976096,0.179263],[0.127081,0.194622,-0.972611],[-0.984251,-0.0967388,-0.14796]]],"btipPosition":[113.412,221.982,-77.748],"carpPosition":[104.477,190.556,12.9163],"dipPosition":[95.9839,220.269,-80.3679],"direction":[0.852342,0.196328,-0.484736],"extended":false,"handId":411,"id":4114,"length":51.888,"mcpPosition":[74.8217,209.313,-35.2177],"pipPosition":[78.8586,216.325,-70.6285],"stabilizedTipPosition":[109.403,221.588,-78.3505],"timeVisible":0,"tipPosition":[109.403,221.588,-78.3505],"tipVelocity":[1.19209e-7,1.19209e-7,1.19209e-7],"tool":false,"touchDistance":0.358075,"touchZone":"hovering","type":4,"width":16.4953}],"r":[[1,1.38778e-18,2.22045e-17],[-1.38778e-18,1,-6.16298e-35],[-2.22045e-17,3.08149e-35,1]],"s":1,"t":[0,0,0],"timestamp":262136483121},{"currentFrameRate":25.8589,"devices":[],"gestures":[],"hands":[{"armBasis":[[0.563272,-0.82044,-0.0980006],[0.808993,0.571729,-0.136592],[0.168095,-0.00234346,0.985768]],"armWidth":66.9278,"confidence":0.201165,"direction":[-0.17279,0.444958,-0.878724],"elbow":[158.907,151.735,296.293],"grabAngle":3.14159,"grabStrength":1,"id":411,"palmNormal":[-0.873933,-0.480746,-0.0715866],"palmPosition":[91.3789,185.948,-43.7323],"palmVelocity":[-158.315,267.046,-175.853],"palmWidth":93.471,"pinchDistance":38.2753,"pinchStrength":0.352925,"r":[[0.98157,-0.0730712,0.176581],[0.0966765,0.98692,-0.129002],[-0.164845,0.143696,0.975796]],"s":1.08239,"sphereCenter":[48.9642,179.963,-58.12],"sphereRadius":40.1513,"stabilizedPalmPosition":[94.8683,180.062,-39.8563],"t":[-3.0645,5.1692,-3.40399],"timeVisible":0.038714,"type":"right","wrist":[112.284,152.385,22.8784]}],"id":234321,"interactionBox":{"center":[0,200,0],"size":[235.247,235.247,147.751]},"pointables":[{"bases":[[[0.93076,0.212776,-0.297343],[0.0926541,0.649428,0.754757],[0.353697,-0.730048,0.584747]],[[0.865251,0.322576,-0.383778],[0.169931,0.531485,0.829848],[0.471661,-0.783242,0.405052]],[[0.865251,0.322576,-0.383778],[-0.0400252,0.807509,0.588495],[0.499739,-0.493835,0.711609]],[[0.865251,0.322576,-0.383778],[-0.20772,0.927376,0.311169],[0.456282,-0.189522,0.869418]]],"btipPosition":[34.2116,234.065,-47.4564],"carpPosition":[86.0071,172.711,17.7502],"dipPosition":[44.8486,229.647,-27.1883],"direction":[-0.499739,0.493835,-0.711609],"extended":true,"handId":411,"id":4110,"length":51.9129,"mcpPosition":[86.0071,172.711,17.7502],"pipPosition":[61.8209,212.875,-3.02029],"stabilizedTipPosition":[46.5201,225.71,-48.7107],"timeVisible":0.038714,"tipPosition":[35.8828,228.646,-46.858],"tipVelocity":[-2308.7,1718.07,1384.91],"tool":false,"touchDistance":0.891412,"touchZone":"hovering","type":0,"width":21.4746},{"bases":[[[0.418835,-0.67014,-0.612772],[0.827681,0.559315,-0.0459509],[0.373526,-0.487934,0.788923]],[[0.447253,-0.706872,-0.547993],[-0.0893151,0.574329,-0.813738],[0.889937,0.412891,0.193736]],[[0.447253,-0.706872,-0.547993],[-0.892446,-0.393258,-0.221108],[-0.0592078,0.587946,-0.806731]],[[0.447253,-0.706872,-0.547993],[-0.622117,-0.68606,0.377217],[-0.6426,0.172205,-0.746599]]],"btipPosition":[51.4738,183.119,-30.166],"carpPosition":[105.426,180.999,5.61896],"dipPosition":[40.5375,186.05,-42.8723],"direction":[0.0592078,-0.587946,0.806731],"extended":false,"handId":411,"id":4111,"length":58.5779,"mcpPosition":[77.1965,217.875,-54.0044],"pipPosition":[39.112,200.205,-62.2952],"stabilizedTipPosition":[70.7507,185.671,-53.3895],"timeVisible":0.038714,"tipPosition":[47.1779,184.689,-37.0061],"tipVelocity":[-1946.68,-167.752,1813.47],"tool":false,"touchDistance":0.333333,"touchZone":"none","type":1,"width":20.5125},{"bases":[[[0.318172,-0.815365,-0.48368],[0.894574,0.427119,-0.131554],[0.313853,-0.390831,0.865302]],[[0.336419,-0.837334,-0.430922],[0.0134774,0.461829,-0.886867],[0.941616,0.292551,0.166653]],[[0.336419,-0.837334,-0.430922],[-0.941524,-0.289909,-0.171714],[0.0188534,0.463491,-0.885901]],[[0.336419,-0.837334,-0.430922],[-0.718926,-0.523923,0.456783],[-0.608249,0.156131,-0.778239]]],"btipPosition":[55.0367,171.8,-32.9632],"carpPosition":[111.888,173.887,-2.6064],"dipPosition":[43.6511,174.723,-47.5308],"direction":[-0.0188534,-0.463491,0.885901],"extended":false,"handId":411,"id":4112,"length":66.7449,"mcpPosition":[89.3942,201.898,-64.6229],"pipPosition":[44.1851,187.851,-72.6243],"stabilizedTipPosition":[70.9872,178.362,-51.5895],"timeVisible":0.038714,"tipPosition":[49.8607,173.462,-39.5547],"tipVelocity":[-2102.65,-666.841,1729.73],"tool":false,"touchDistance":0.333333,"touchZone":"none","type":2,"width":20.146},{"bases":[[[0.292542,-0.893855,-0.339769],[0.924569,0.355097,-0.138124],[0.244113,-0.273733,0.930311]],[[0.303004,-0.905038,-0.298488],[0.133437,0.350419,-0.927039],[0.943601,0.241067,0.226944]],[[0.303004,-0.905038,-0.298488],[-0.936808,-0.225398,-0.267556],[0.174869,0.360696,-0.916143]],[[0.303004,-0.905038,-0.298488],[-0.835802,-0.40285,0.373024],[-0.457847,0.136449,-0.878498]]],"btipPosition":[62.439,158.764,-37.8656],"carpPosition":[116.447,164.372,-9.53142],"dipPosition":[53.918,161.304,-54.2153],"direction":[-0.174869,-0.360696,0.916143],"extended":false,"handId":411,"id":4113,"length":64.1769,"mcpPosition":[100.738,181.986,-69.3951],"pipPosition":[58.7434,171.257,-79.4953],"stabilizedTipPosition":[68.5572,166.277,-47.2848],"timeVisible":0.038714,"tipPosition":[57.9156,160.141,-45.7193],"tipVelocity":[-1640.78,-1407.29,1149.4],"tool":false,"touchDistance":0.333333,"touchZone":"none","type":3,"width":19.1702},{"bases":[[[0.162015,-0.965832,-0.202288],[0.976725,0.186159,-0.106551],[0.140568,-0.180317,0.973512]],[[0.156881,-0.958761,-0.236994],[0.460419,0.283293,-0.841285],[0.873729,0.0228653,0.485875]],[[0.156881,-0.958761,-0.236994],[-0.661859,0.0760439,-0.745762],[0.733029,0.273852,-0.622634]],[[0.156881,-0.958761,-0.236994],[-0.661859,0.0760439,-0.745762],[0.733029,0.273852,-0.622634]]],"btipPosition":[49.6839,150.285,-66.0112],"carpPosition":[115.698,150.387,-13.7304],"dipPosition":[62.2696,154.987,-76.7016],"direction":[-0.733029,-0.273852,0.622634],"extended":false,"handId":411,"id":4114,"length":50.3135,"mcpPosition":[107.325,161.128,-71.7189],"pipPosition":[76.5508,160.323,-88.832],"stabilizedTipPosition":[54.9536,154.302,-68.883],"timeVisible":0.038714,"tipPosition":[52.5726,154.18,-74.172],"tipVelocity":[-1467.81,-1813.86,255.219],"tool":false,"touchDistance":0.333333,"touchZone":"none","type":4,"width":17.0285}],"r":[[0.98157,-0.0730712,0.176581],[0.0966765,0.98692,-0.129002],[-0.164845,0.143696,0.975796]],"s":1.08239,"t":[-3.0645,5.1692,-3.40399],"timestamp":262136521835},{"currentFrameRate":26.9291,"devices":[],"gestures":[],"hands":[{"armBasis":[[0.750115,-0.623818,-0.219495],[0.605289,0.781344,-0.152078],[0.26637,-0.0187818,0.963688]],"armWidth":66.9278,"confidence":0.345888,"direction":[-0.346446,0.514053,-0.784681],"elbow":[177.712,159.97,282.491],"grabAngle":3.14159,"grabStrength":1,"id":411,"palmNormal":[-0.750415,-0.653811,-0.0970003],"palmPosition":[69.8213,201.274,-44.0878],"palmVelocity":[-724.187,514.868,-11.9419],"palmWidth":93.471,"pinchDistance":32.3386,"pinchStrength":0.393433,"r":[[0.948418,-0.0717246,0.308802],[0.13469,0.972951,-0.187685],[-0.286987,0.219597,0.932425]],"s":1.13005,"sphereCenter":[30.3226,184.995,-58.7655],"sphereRadius":39.6858,"stabilizedPalmPosition":[71.8854,199.526,-43.7391],"t":[-15.3756,15.4171,-5.28373],"timeVisible":0.068482,"type":"right","wrist":[103.831,165.179,15.2006]}],"id":234322,"interactionBox":{"center":[0,200,0],"size":[235.247,235.247,147.751]},"pointables":[{"bases":[[[0.830096,0.461671,-0.31273],[0.0177863,0.538623,0.842359],[0.557336,-0.704801,0.438898]],[[0.813725,0.481748,-0.325222],[0.0711321,0.472782,0.878304],[0.57688,-0.737832,0.350447]],[[0.813725,0.481748,-0.325222],[-0.172742,0.734676,0.656057],[0.554988,-0.477671,0.681043]],[[0.813725,0.481748,-0.325222],[-0.38316,0.865326,0.323109],[0.437081,-0.13831,0.888724]]],"btipPosition":[14.5655,235.794,-47.1295],"carpPosition":[73.1853,178.512,14.689],"dipPosition":[24.7548,232.57,-26.4114],"direction":[-0.554988,0.477671,-0.681043],"extended":true,"handId":411,"id":4110,"length":51.9129,"mcpPosition":[73.1853,178.512,14.689],"pipPosition":[43.6036,216.347,-3.28145],"stabilizedTipPosition":[18.8931,234.426,-42.7896],"timeVisible":0.068482,"tipPosition":[12.2979,232.877,-40.0903],"tipVelocity":[-663.432,67.3089,14.4586],"tool":false,"touchDistance":0.842061,"touchZone":"hovering","type":0,"width":21.4746},{"bases":[[[0.496736,-0.461039,-0.735321],[0.67743,0.735578,-0.00357097],[0.542532,-0.496355,0.67771]],[[0.527805,-0.489452,-0.69416],[-0.259186,0.685476,-0.680401],[0.808854,0.539036,0.234939]],[[0.527805,-0.489452,-0.69416],[-0.80906,-0.538489,-0.235481],[-0.258542,0.685905,-0.680213]],[[0.527805,-0.489452,-0.69416],[-0.509124,-0.836486,0.202692],[-0.679863,0.246432,-0.690693]]],"btipPosition":[31.2924,186.431,-30.2015],"carpPosition":[89.114,192.695,2.93926],"dipPosition":[19.7218,190.625,-41.9564],"direction":[0.258542,-0.685905,0.680213],"extended":false,"handId":411,"id":4111,"length":58.5779,"mcpPosition":[48.1118,230.207,-48.2791],"pipPosition":[13.4972,207.139,-58.3332],"stabilizedTipPosition":[35.4234,187.118,-36.2085],"timeVisible":0.068482,"tipPosition":[27.8898,188.728,-34.8277],"tipVelocity":[-682.858,121.039,6.15949],"tool":false,"touchDistance":0.333333,"touchZone":"none","type":1,"width":20.5125},{"bases":[[[0.442655,-0.642457,-0.625544],[0.763404,0.635969,-0.112954],[0.470395,-0.427543,0.771969]],[[0.442792,-0.642582,-0.625319],[-0.225244,0.595331,-0.771263],[0.867871,0.482359,0.11887]],[[0.442792,-0.642582,-0.625319],[-0.872564,-0.469299,-0.135614],[-0.206318,0.605679,-0.768496]],[[0.442792,-0.642582,-0.625319],[-0.551696,-0.745022,0.37493],[-0.7068,0.17897,-0.6844]]],"btipPosition":[39.8786,175.489,-33.1336],"carpPosition":[96.186,188.513,-6.67813],"dipPosition":[26.6482,178.839,-45.9447],"direction":[0.206318,-0.605679,0.768496],"extended":false,"handId":411,"id":4112,"length":66.7449,"mcpPosition":[62.4726,219.155,-62.0054],"pipPosition":[20.8042,195.996,-67.7126],"stabilizedTipPosition":[41.2376,176.531,-38.0793],"timeVisible":0.068482,"tipPosition":[33.225,178.683,-39.061],"tipVelocity":[-523.461,127.23,7.84652],"tool":false,"touchDistance":0.333333,"touchZone":"none","type":2,"width":20.146},{"bases":[[[0.448236,-0.744473,-0.494818],[0.807685,0.57449,-0.132692],[0.383053,-0.340179,0.858806]],[[0.470399,-0.763532,-0.44243],[-0.067706,0.468658,-0.880781],[0.879853,0.444274,0.168761]],[[0.470399,-0.763532,-0.44243],[-0.880682,-0.437942,-0.180571],[-0.055887,0.47458,-0.878436]],[[0.470399,-0.763532,-0.44243],[-0.690248,-0.630725,0.354602],[-0.549802,0.138582,-0.823719]]],"btipPosition":[50.0224,167.836,-38.4923],"carpPosition":[102.055,181.393,-15.2889],"dipPosition":[39.79,170.415,-53.8226],"direction":[0.055887,-0.47458,0.878436],"extended":false,"handId":411,"id":4113,"length":64.1769,"mcpPosition":[77.4058,203.283,-70.5513],"pipPosition":[38.2478,183.51,-78.062],"stabilizedTipPosition":[49.2562,168.265,-42.4185],"timeVisible":0.068482,"tipPosition":[43.659,168.905,-47.1194],"tipVelocity":[-430.338,305.038,-13.1774],"tool":false,"touchDistance":0.333333,"touchZone":"none","type":3,"width":19.1702},{"bases":[[[0.349902,-0.863461,-0.363323],[0.898217,0.419377,-0.13164],[0.266036,-0.280281,0.922316]],[[0.376368,-0.888501,-0.262512],[0.335978,0.394952,-0.855062],[0.863404,0.233619,0.447165]],[[0.376368,-0.888501,-0.262512],[-0.752564,-0.127928,-0.645974],[0.540366,0.440681,-0.716802]],[[0.376368,-0.888501,-0.262512],[-0.886542,-0.427674,0.176461],[-0.269055,0.166314,-0.948656]]],"btipPosition":[51.8321,165.385,-62.0577],"carpPosition":[103.997,168.36,-21.6221],"dipPosition":[47.2126,168.241,-78.3456],"direction":[-0.540366,-0.440681,0.716802],"extended":false,"handId":411,"id":4114,"length":50.3135,"mcpPosition":[88.1503,185.055,-76.561],"pipPosition":[57.7402,176.827,-92.3107],"stabilizedTipPosition":[50.9183,165.625,-65.9133],"timeVisible":0.068482,"tipPosition":[44.652,166.069,-70.4926],"tipVelocity":[-60.7695,492.991,89.5622],"tool":false,"touchDistance":0.333333,"touchZone":"none","type":4,"width":17.0285}],"r":[[0.948418,-0.0717246,0.308802],[0.13469,0.972951,-0.187685],[-0.286987,0.219597,0.932425]],"s":1.13005,"t":[-15.3756,15.4171,-5.28373],"timestamp":262136551603},{"currentFrameRate":30.4906,"devices":[],"gestures":[],"hands":[{"armBasis":[[0.63467,-0.726468,-0.26351],[0.6953,0.685631,-0.215562],[0.33727,-0.0464076,0.940263]],"armWidth":66.9278,"confidence":0.391662,"direction":[-0.300851,0.520514,-0.799095],"elbow":[189.78,151.862,273.326],"grabAngle":3.14159,"grabStrength":1,"id":411,"palmNormal":[-0.835477,-0.547892,-0.042337],"palmPosition":[64.9287,202.797,-47.2064],"palmVelocity":[-486.344,151.377,-310],"palmWidth":93.471,"pinchDistance":22.2431,"pinchStrength":0.648189,"r":[[0.909991,-0.0846353,0.405898],[0.195579,0.950813,-0.240216],[-0.365602,0.29798,0.881784]],"s":1.13847,"sphereCenter":[24.2516,188.561,-61.7304],"sphereRadius":38.7191,"stabilizedPalmPosition":[68.0284,201.34,-45.6614],"t":[-23.9774,21.3025,-7.7829],"timeVisible":0.078542,"type":"right","wrist":[96.2342,164.734,12.5328]}],"id":234323,"interactionBox":{"center":[0,200,0],"size":[235.247,235.247,147.751]},"pointables":[{"bases":[[[0.873612,0.328093,-0.359384],[0.12096,0.568937,0.813437],[0.47135,-0.754099,0.457344]],[[0.794583,0.435675,-0.422878],[0.147851,0.53668,0.830731],[0.588879,-0.722608,0.362022]],[[0.794583,0.435675,-0.422878],[-0.15094,0.816368,0.557459],[0.588095,-0.379118,0.714432]],[[0.794583,0.435675,-0.422878],[-0.357104,0.898631,0.254831],[0.491035,-0.0514729,0.869618]]],"btipPosition":[5.63035,233.627,-50.5854],"carpPosition":[67.2476,182.497,12.5153],"dipPosition":[17.0775,232.427,-30.3126],"direction":[-0.588095,0.379118,-0.714432],"extended":false,"handId":411,"id":4110,"length":51.9129,"mcpPosition":[67.2476,182.497,12.5153],"pipPosition":[37.0506,219.551,-6.04873],"stabilizedTipPosition":[12.3973,233.769,-44.7041],"timeVisible":0.078542,"tipPosition":[10.445,237.975,-44.4611],"tipVelocity":[-859.431,-169.15,-353.709],"tool":false,"touchDistance":0.737813,"touchZone":"hovering","type":0,"width":21.4746},{"bases":[[[0.402813,-0.558197,-0.725368],[0.770786,0.634258,-0.06005],[0.49359,-0.534914,0.685737]],[[0.422112,-0.579015,-0.697541],[-0.0981849,0.735724,-0.670127],[0.901211,0.351356,0.253708]],[[0.422112,-0.579015,-0.697541],[-0.901289,-0.350771,-0.254241],[-0.0974672,0.736004,-0.669924]],[[0.422112,-0.579015,-0.697541],[-0.663252,-0.721789,0.197781],[-0.617995,0.37916,-0.688709]]],"btipPosition":[21.5262,195.015,-35.2191],"carpPosition":[84.5324,193.798,-0.386941],"dipPosition":[11.0086,201.468,-46.9402],"direction":[0.0974672,-0.736004,0.669924],"extended":false,"handId":411,"id":4111,"length":58.5779,"mcpPosition":[47.229,234.224,-52.212],"pipPosition":[8.66199,219.188,-63.0693],"stabilizedTipPosition":[27.4338,191.712,-37.0441],"timeVisible":0.078542,"tipPosition":[21.2678,196.563,-36.5891],"tipVelocity":[-946.717,904.868,-497.993],"tool":false,"touchDistance":0.333333,"touchZone":"none","type":1,"width":20.5125},{"bases":[[[0.328454,-0.725225,-0.605117],[0.838439,0.51886,-0.166748],[0.4349,-0.452584,0.778479]],[[0.336683,-0.73372,-0.590169],[-0.122561,0.587282,-0.80005],[0.933608,0.341695,0.107803]],[[0.336683,-0.73372,-0.590169],[-0.93414,-0.339099,-0.111333],[-0.118439,0.588784,-0.799566]],[[0.336683,-0.73372,-0.590169],[-0.649029,-0.634919,0.419093],[-0.682206,0.241935,-0.689972]]],"btipPosition":[30.7527,183.071,-35.3897],"carpPosition":[90.622,188.246,-9.98342],"dipPosition":[17.9828,187.599,-48.3051],"direction":[0.118439,-0.588784,0.799566],"extended":false,"handId":411,"id":4112,"length":66.7449,"mcpPosition":[59.4525,220.683,-65.7773],"pipPosition":[14.6279,204.277,-70.9531],"stabilizedTipPosition":[33.9048,180.673,-38.2328],"timeVisible":0.078542,"tipPosition":[26.0581,185.511,-39.7846],"tipVelocity":[-896.617,780.56,-226.649],"tool":false,"touchDistance":0.333333,"touchZone":"none","type":2,"width":20.146},{"bases":[[[0.324727,-0.820959,-0.469658],[0.873199,0.451028,-0.184653],[0.363422,-0.350143,0.863322]],[[0.345935,-0.840478,-0.417045],[-0.00417832,0.443104,-0.896461],[0.938249,0.31186,0.149773]],[[0.345935,-0.840478,-0.417045],[-0.93797,-0.298773,-0.175917],[0.0232525,0.452031,-0.891699]],[[0.345935,-0.840478,-0.417045],[-0.763363,-0.510559,0.395735],[-0.545532,0.181458,-0.81821]]],"btipPosition":[39.5246,172.801,-40.7784],"carpPosition":[95.1557,179.999,-18.3928],"dipPosition":[29.3717,176.178,-56.0061],"direction":[-0.0232525,-0.452031,0.891699],"extended":false,"handId":411,"id":4113,"length":64.1769,"mcpPosition":[71.7702,202.531,-73.9459],"pipPosition":[30.0133,188.651,-80.6115],"stabilizedTipPosition":[41.7631,171.564,-43.5749],"timeVisible":0.078542,"tipPosition":[34.8251,174.16,-47.4311],"tipVelocity":[-1041.7,511.782,-224.9],"tool":false,"touchDistance":0.333333,"touchZone":"none","type":3,"width":19.1702},{"bases":[[[0.215835,-0.919129,-0.329572],[0.94173,0.28513,-0.178452],[0.257991,-0.271852,0.927112]],[[0.222365,-0.925783,-0.305744],[0.240078,0.355933,-0.903147],[0.944943,0.127426,0.301407]],[[0.222365,-0.925783,-0.305744],[-0.887978,-0.0628297,-0.455573],[0.402552,0.372798,-0.836047]],[[0.222365,-0.925783,-0.305744],[-0.882644,-0.324355,0.340195],[-0.414116,0.194216,-0.889262]]],"btipPosition":[45.6956,167.655,-58.4026],"carpPosition":[95.0776,166.547,-24.1185],"dipPosition":[38.5854,170.989,-73.6708],"direction":[-0.402552,-0.372798,0.836047],"extended":false,"handId":411,"id":4114,"length":50.3135,"mcpPosition":[79.7101,182.74,-79.3431],"pipPosition":[46.4281,178.252,-89.959],"stabilizedTipPosition":[46.4141,167.462,-63.2869],"timeVisible":0.078542,"tipPosition":[37.064,169.713,-68.4623],"tipVelocity":[-666.937,236.522,386.642],"tool":false,"touchDistance":0.333333,"touchZone":"none","type":4,"width":17.0285}],"r":[[0.909991,-0.0846353,0.405898],[0.195579,0.950813,-0.240216],[-0.365602,0.29798,0.881784]],"s":1.13847,"t":[-23.9774,21.3025,-7.7829],"timestamp":262136561663},{"currentFrameRate":33.8877,"devices":[],"gestures":[],"hands":[{"armBasis":[[0.57195,-0.728895,-0.376279],[0.712785,0.668642,-0.21179],[0.405968,-0.147073,0.901975]],"armWidth":66.9278,"confidence":0.435251,"direction":[-0.325899,0.524701,-0.786434],"elbow":[204.065,127.86,258.77],"grabAngle":3.14159,"grabStrength":1,"id":411,"palmNormal":[-0.840585,-0.541524,-0.0129603],"palmPosition":[57.9783,208.108,-49.3746],"palmVelocity":[-696.147,531.917,-217.169],"palmWidth":93.471,"pinchDistance":26.0955,"pinchStrength":0.652285,"r":[[0.875485,-0.0899878,0.474794],[0.245906,0.928749,-0.277407],[-0.416001,0.35962,0.835234]],"s":1.15232,"sphereCenter":[16.0237,193.592,-63.0202],"sphereRadius":39.5766,"stabilizedPalmPosition":[62.118,205.32,-47.8451],"t":[-31.7535,26.9005,-10.1166],"timeVisible":0.088526,"type":"right","wrist":[91.4649,168.652,8.59678]}],"id":234324,"interactionBox":{"center":[0,200,0],"size":[235.247,235.247,147.751]},"pointables":[{"bases":[[[0.862355,0.322429,-0.390363],[0.154896,0.566026,0.809705],[0.482028,-0.758718,0.438173]],[[0.774168,0.439617,-0.455413],[0.181784,0.534752,0.825224],[0.606316,-0.721649,0.334073]],[[0.774168,0.439617,-0.455413],[-0.0874411,0.786852,0.610916],[0.626912,-0.43313,0.647596]],[[0.774168,0.439617,-0.455413],[-0.306419,0.889836,0.338082],[0.55387,-0.122185,0.823589]]],"btipPosition":[-2.97052,242.208,-48.1463],"carpPosition":[62.324,187.645,10.1782],"dipPosition":[9.94141,239.36,-28.9466],"direction":[-0.626912,0.43313,-0.647596],"extended":true,"handId":411,"id":4110,"length":51.9129,"mcpPosition":[62.324,187.645,10.1782],"pipPosition":[31.2329,224.65,-6.9526],"stabilizedTipPosition":[4.39737,238.792,-44.0758],"timeVisible":0.088526,"tipPosition":[3.12675,243.263,-44.3985],"tipVelocity":[-827.721,821.561,219.581],"tool":false,"touchDistance":0.73025,"touchZone":"hovering","type":0,"width":21.4746},{"bases":[[[0.371812,-0.559418,-0.740815],[0.772851,0.628622,-0.0868061],[0.514254,-0.540265,0.666076]],[[0.398164,-0.586872,-0.705015],[-0.0342358,0.758522,-0.650747],[0.916675,0.283241,0.281924]],[[0.398164,-0.586872,-0.705015],[-0.916702,-0.282637,-0.282442],[-0.0335058,0.758747,-0.650523]],[[0.398164,-0.586872,-0.705015],[-0.696559,-0.693526,0.183921],[-0.596885,0.417854,-0.684928]]],"btipPosition":[12.082,202.178,-38.4078],"carpPosition":[79.2108,198.847,-3.3226],"dipPosition":[1.92364,209.289,-50.0645],"direction":[0.0335058,-0.758747,0.650523],"extended":false,"handId":411,"id":4111,"length":58.5779,"mcpPosition":[40.3458,239.678,-53.6617],"pipPosition":[1.11695,227.557,-65.7265],"stabilizedTipPosition":[18.113,198.089,-39.1755],"timeVisible":0.088526,"tipPosition":[13.6134,202.531,-38.032],"tipVelocity":[-937.662,732.634,-317.899],"tool":false,"touchDistance":0.333333,"touchZone":"none","type":1,"width":20.5125},{"bases":[[[0.300634,-0.72618,-0.61829],[0.835687,0.512982,-0.196155],[0.459616,-0.457725,0.761079]],[[0.305219,-0.730724,-0.610643],[-0.11006,0.609876,-0.784817],[0.945901,0.306748,0.105722]],[[0.305219,-0.730724,-0.610643],[-0.946366,-0.304118,-0.109102],[-0.105984,0.611192,-0.784355]],[[0.305219,-0.730724,-0.610643],[-0.667911,-0.621337,0.409678],[-0.678776,0.282813,-0.677702]]],"btipPosition":[22.2558,188.745,-37.8672],"carpPosition":[84.9036,193.274,-13.1473],"dipPosition":[9.55001,194.039,-50.5528],"direction":[0.105984,-0.611192,0.784355],"extended":false,"handId":411,"id":4112,"length":66.7449,"mcpPosition":[51.9628,226.079,-67.694],"pipPosition":[6.54797,211.351,-72.77],"stabilizedTipPosition":[25.424,186.08,-39.7182],"timeVisible":0.088526,"tipPosition":[19.2831,190.941,-40.6032],"tipVelocity":[-849.577,585.98,-242.85],"tool":false,"touchDistance":0.333333,"touchZone":"none","type":2,"width":20.146},{"bases":[[[0.301135,-0.822213,-0.482994],[0.869256,0.444936,-0.215467],[0.392061,-0.35496,0.8487]],[[0.324103,-0.842019,-0.431233],[0.00236749,0.456559,-0.88969],[0.946019,0.28733,0.149965]],[[0.324103,-0.842019,-0.431233],[-0.945395,-0.271695,-0.180025],[0.0344208,0.466032,-0.884098]],[[0.324103,-0.842019,-0.431233],[-0.7718,-0.498949,0.394176],[-0.547067,0.205072,-0.811581]]],"btipPosition":[30.9652,178.391,-43.521],"carpPosition":[89.0646,185.014,-21.7347],"dipPosition":[20.7837,182.208,-58.6254],"direction":[-0.0344208,-0.466032,0.884098],"extended":false,"handId":411,"id":4113,"length":64.1769,"mcpPosition":[63.8362,207.855,-76.3468],"pipPosition":[21.7335,195.068,-83.021],"stabilizedTipPosition":[33.2688,176.545,-45.7859],"timeVisible":0.088526,"tipPosition":[27.7899,179.644,-48.3655],"tipVelocity":[-857.97,570.095,-271.857],"tool":false,"touchDistance":0.333333,"touchZone":"none","type":3,"width":19.1702},{"bases":[[[0.196694,-0.919908,-0.339234],[0.936711,0.278516,-0.212134],[0.289626,-0.276039,0.916471]],[[0.195844,-0.919095,-0.341921],[0.191768,0.377836,-0.905795],[0.961702,0.111825,0.25025]],[[0.195844,-0.919095,-0.341921],[-0.928726,-0.0618995,-0.365564],[0.314824,0.389144,-0.86571]],[[0.195844,-0.919095,-0.341921],[-0.881929,-0.317532,0.348388],[-0.428772,0.23332,-0.872764]]],"btipPosition":[38.7798,172.494,-59.0366],"carpPosition":[88.6757,171.577,-27.4828],"dipPosition":[31.418,176.5,-74.0216],"direction":[-0.314824,-0.389144,0.86571],"extended":false,"handId":411,"id":4114,"length":50.3135,"mcpPosition":[71.4237,188.02,-82.0736],"pipPosition":[37.5515,184.081,-90.8877],"stabilizedTipPosition":[39.9395,171.594,-62.729],"timeVisible":0.088526,"tipPosition":[29.7357,175.138,-69.1028],"tipVelocity":[-698.488,500.136,-56.9781],"tool":false,"touchDistance":0.333333,"touchZone":"none","type":4,"width":17.0285}],"r":[[0.875485,-0.0899878,0.474794],[0.245906,0.928749,-0.277407],[-0.416001,0.35962,0.835234]],"s":1.15232,"t":[-31.7535,26.9005,-10.1166],"timestamp":262136571647},{"currentFrameRate":37.0916,"devices":[],"gestures":[],"hands":[{"armBasis":[[0.499055,-0.704413,-0.504724],[0.718338,0.662054,-0.213719],[0.484701,-0.255905,0.836408]],"armWidth":66.9278,"confidence":0.477514,"direction":[-0.357022,0.521693,-0.774836],"elbow":[221.448,102.707,237.727],"grabAngle":3.14159,"grabStrength":1,"id":411,"palmNormal":[-0.836766,-0.547295,0.0170668],"palmPosition":[50.7953,214.047,-50.3003],"palmVelocity":[-708.593,585.88,-91.3239],"palmWidth":93.471,"pinchDistance":26.5646,"pinchStrength":0.684365,"r":[[0.848072,-0.0892888,0.522305],[0.283759,0.908979,-0.305351],[-0.447499,0.407168,0.796215]],"s":1.16508,"sphereCenter":[8.56442,198.025,-63.3408],"sphereRadius":39.9892,"stabilizedPalmPosition":[54.8802,210.898,-49.4146],"t":[-39.233,32.669,-11.7463],"timeVisible":0.098663,"type":"right","wrist":[87.0108,173.685,5.73975]}],"id":234325,"interactionBox":{"center":[0,200,0],"size":[235.247,235.247,147.751]},"pointables":[{"bases":[[[0.845819,0.327966,-0.420748],[0.179428,0.567857,0.803333],[0.502391,-0.754968,0.421458]],[[0.749328,0.450212,-0.485609],[0.195337,0.55042,0.811715],[0.632733,-0.703099,0.324502]],[[0.749328,0.450212,-0.485609],[-0.0666232,0.780863,0.621139],[0.658839,-0.433084,0.615117]],[[0.749328,0.450212,-0.485609],[-0.291526,0.882721,0.368532],[0.594575,-0.134584,0.792696]]],"btipPosition":[-11.3044,247.571,-46.9335],"carpPosition":[57.378,193.671,9.07702],"dipPosition":[2.55647,244.434,-28.4539],"direction":[-0.658839,0.433084,-0.615117],"extended":true,"handId":411,"id":4110,"length":51.9129,"mcpPosition":[57.378,193.671,9.07702],"pipPosition":[24.9323,229.725,-7.56302],"stabilizedTipPosition":[-4.24346,244.356,-43.1142],"timeVisible":0.098663,"tipPosition":[-4.33312,248.709,-43.3745],"tipVelocity":[-800.594,522.501,103.301],"tool":false,"touchDistance":0.706266,"touchZone":"hovering","type":0,"width":21.4746},{"bases":[[[0.349322,-0.557566,-0.753057],[0.764959,0.63383,-0.114447],[0.541121,-0.536079,0.647926]],[[0.382774,-0.590284,-0.710667],[-0.0135897,0.765571,-0.643208],[0.923742,0.255861,0.285019]],[[0.382774,-0.590284,-0.710667],[-0.923753,-0.255251,-0.285531],[-0.0128541,0.765775,-0.64298]],[[0.382774,-0.590284,-0.710667],[-0.715436,-0.67609,0.176221],[-0.584496,0.440984,-0.6811]]],"btipPosition":[3.53107,208.6,-39.1113],"carpPosition":[73.7009,204.977,-5.01869],"dipPosition":[-6.4164,216.105,-50.7029],"direction":[0.0128541,-0.765775,0.64298],"extended":false,"handId":411,"id":4111,"length":58.5779,"mcpPosition":[32.8054,245.491,-53.986],"pipPosition":[-6.72588,234.542,-66.1833],"stabilizedTipPosition":[8.25272,205.241,-40.6963],"timeVisible":0.098663,"tipPosition":[6.11819,208.473,-38.0005],"tipVelocity":[-838.748,642.451,-67.9259],"tool":false,"touchDistance":0.333333,"touchZone":"none","type":1,"width":20.5125},{"bases":[[[0.283659,-0.724694,-0.627978],[0.824698,0.518518,-0.225859],[0.489297,-0.453825,0.744736]],[[0.281986,-0.72314,-0.630517],[-0.133699,0.621156,-0.772198],[0.950057,0.302049,0.078474]],[[0.281986,-0.72314,-0.630517],[-0.950844,-0.298307,-0.0831177],[-0.127982,0.622962,-0.771712]],[[0.281986,-0.72314,-0.630517],[-0.663364,-0.62174,0.416398],[-0.693132,0.300844,-0.655027]]],"btipPosition":[14.9994,194.18,-38.0568],"carpPosition":[79.0822,199.433,-15.0339],"dipPosition":[2.02491,199.811,-50.318],"direction":[0.127982,-0.622962,0.771712],"extended":false,"handId":411,"id":4112,"length":66.7449,"mcpPosition":[44.0141,231.959,-68.4093],"pipPosition":[-1.60022,217.457,-72.177],"stabilizedTipPosition":[16.8946,192.056,-40.4552],"timeVisible":0.098663,"tipPosition":[12.5249,196.564,-40.1951],"tipVelocity":[-721.928,543.755,-9.07473],"tool":false,"touchDistance":0.333333,"touchZone":"none","type":2,"width":20.146},{"bases":[[[0.289589,-0.820592,-0.492714],[0.858034,0.450686,-0.246293],[0.424165,-0.351442,0.834609]],[[0.309893,-0.836726,-0.451504],[-0.0227162,0.46823,-0.883315],[0.9505,0.28399,0.126094]],[[0.309893,-0.836726,-0.451504],[-0.950717,-0.267606,-0.156605],[0.0102104,0.477783,-0.878419]],[[0.309893,-0.836726,-0.451504],[-0.760731,-0.503063,0.410142],[-0.570311,0.216373,-0.792419]]],"btipPosition":[23.7308,183.959,-44.0872],"carpPosition":[82.9948,191.194,-23.7566],"dipPosition":[13.1168,187.986,-58.8349],"direction":[-0.0102104,-0.477783,0.878419],"extended":false,"handId":411,"id":4113,"length":64.1769,"mcpPosition":[55.7007,213.809,-77.4621],"pipPosition":[13.3985,201.17,-83.0739],"stabilizedTipPosition":[24.9567,182.332,-46.9608],"timeVisible":0.098663,"tipPosition":[20.8793,185.353,-48.1716],"tipVelocity":[-723.473,553.989,-47.7636],"tool":false,"touchDistance":0.333333,"touchZone":"none","type":3,"width":19.1702},{"bases":[[[0.190956,-0.918863,-0.345293],[0.926711,0.284736,-0.24522],[0.32364,-0.27316,0.905892]],[[0.185624,-0.91426,-0.3601],[0.155482,0.38918,-0.907945],[0.970242,0.112547,0.214392]],[[0.185624,-0.91426,-0.3601],[-0.947792,-0.0698839,-0.311138],[0.259296,0.399054,-0.879501]],[[0.185624,-0.91426,-0.3601],[-0.877436,-0.319186,0.358086],[-0.442322,0.249495,-0.861454]]],"btipPosition":[31.5879,177.998,-59.064],"carpPosition":[82.4963,177.749,-29.4778],"dipPosition":[23.9935,182.281,-73.8547],"direction":[-0.259296,-0.399054,0.879501],"extended":false,"handId":411,"id":4114,"length":50.3135,"mcpPosition":[63.2182,194.02,-83.4384],"pipPosition":[29.0452,190.056,-90.9896],"stabilizedTipPosition":[32.4942,177.042,-62.535],"timeVisible":0.098663,"tipPosition":[22.2614,180.826,-68.8634],"tipVelocity":[-714.743,549.275,1.70674],"tool":false,"touchDistance":0.333333,"touchZone":"none","type":4,"width":17.0285}],"r":[[0.848072,-0.0892888,0.522305],[0.283759,0.908979,-0.305351],[-0.447499,0.407168,0.796215]],"s":1.16508,"t":[-39.233,32.669,-11.7463],"timestamp":262136581784},{"currentFrameRate":40.1636,"devices":[],"gestures":[],"hands":[{"armBasis":[[0.46687,-0.663567,-0.584561],[0.699089,0.681766,-0.215571],[0.541579,-0.308016,0.782188]],"armWidth":66.9278,"confidence":0.517122,"direction":[-0.39348,0.513301,-0.762689],"elbow":[232.477,93.6715,220.62],"grabAngle":3.14159,"grabStrength":1,"id":411,"palmNormal":[-0.816978,-0.575663,0.0340585],"palmPosition":[43.0506,219.193,-50.7083],"palmVelocity":[-775.018,515.019,-40.8221],"palmWidth":93.471,"pinchDistance":27.3051,"pinchStrength":0.723255,"r":[[0.827714,-0.0816271,0.555181],[0.306772,0.894255,-0.325882],[-0.469873,0.440051,0.765228]],"s":1.17981,"sphereCenter":[1.1569,200.96,-63.4805],"sphereRadius":40.3787,"stabilizedPalmPosition":[46.875,216.512,-50.29],"t":[-46.8452,38.1266,-12.7651],"timeVisible":0.108656,"type":"right","wrist":[82.2632,179.104,3.67065]}],"id":234326,"interactionBox":{"center":[0,200,0],"size":[235.247,235.247,147.751]},"pointables":[{"bases":[[[0.823584,0.358924,-0.439184],[0.179648,0.569374,0.80221],[0.537992,-0.739586,0.404447]],[[0.72182,0.477749,-0.500732],[0.186435,0.562542,0.805474],[0.666497,-0.674761,0.316984]],[[0.72182,0.477749,-0.500732],[-0.0726184,0.771805,0.631699],[0.688261,-0.419611,0.591797]],[[0.72182,0.477749,-0.500732],[-0.302156,0.868462,0.393035],[0.622638,-0.132401,0.771227]]],"btipPosition":[-20.2892,250.677,-45.9678],"carpPosition":[51.778,198.739,8.36466],"dipPosition":[-5.77412,247.591,-27.9888],"direction":[-0.688261,0.419611,-0.591797],"extended":true,"handId":411,"id":4110,"length":51.9129,"mcpPosition":[51.778,198.739,8.36466],"pipPosition":[17.6009,233.34,-7.88987],"stabilizedTipPosition":[-13.4104,248.404,-42.1897],"timeVisible":0.108656,"tipPosition":[-13.1492,251.859,-42.2182],"tipVelocity":[-884.053,311.997,85.1144],"tool":false,"touchDistance":0.681731,"touchZone":"hovering","type":0,"width":21.4746},{"bases":[[[0.349519,-0.541281,-0.764756],[0.739898,0.660209,-0.129127],[0.574793,-0.520709,0.631249]],[[0.393892,-0.580775,-0.712425],[0.00871846,0.777412,-0.628932],[0.919116,0.24152,0.311279]],[[0.393892,-0.580775,-0.712425],[-0.919108,-0.240901,-0.31178],[0.00945038,0.777604,-0.628684]],[[0.393892,-0.580775,-0.712425],[-0.723404,-0.67404,0.149521],[-0.567041,0.456476,-0.685634]]],"btipPosition":[-5.99484,213.198,-40.2774],"carpPosition":[67.3558,210.671,-6.05429],"dipPosition":[-15.6453,220.966,-51.9462],"direction":[-0.00945038,-0.777604,0.628684],"extended":false,"handId":411,"id":4111,"length":58.5779,"mcpPosition":[23.9155,250.024,-53.7613],"pipPosition":[-15.4177,239.688,-67.0824],"stabilizedTipPosition":[-2.02824,211.324,-42.1104],"timeVisible":0.108656,"tipPosition":[-2.3229,212.539,-38.325],"tipVelocity":[-946.422,466.159,-118.467],"tool":false,"touchDistance":0.333333,"touchZone":"none","type":1,"width":20.5125},{"bases":[[[0.292672,-0.71122,-0.639147],[0.