{"frames":197,"data":[{"currentFrameRate":25.9587,"devices":[],"gestures":[],"hands":[],"id":234867,"interactionBox":{"center":[0,200,0],"size":[235.247,235.247,147.751]},"pointables":[],"r":[[-0.020113,-0.761857,-0.647433],[0.506356,0.550609,-0.663651],[0.86209,-0.34118,0.374696]],"s":-5.55733,"t":[884.858,792.664,758.259],"timestamp":262152024907},{"currentFrameRate":25.9535,"devices":[],"gestures":[],"hands":[],"id":234868,"interactionBox":{"center":[0,200,0],"size":[235.247,235.247,147.751]},"pointables":[],"r":[[-0.020113,-0.761857,-0.647433],[0.506356,0.550609,-0.663651],[0.86209,-0.34118,0.374696]],"s":-5.55733,"t":[884.858,792.664,758.259],"timestamp":262152063474},{"currentFrameRate":25.9412,"devices":[],"gestures":[],"hands":[],"id":234869,"interactionBox":{"center":[0,200,0],"size":[235.247,235.247,147.751]},"pointables":[],"r":[[-0.020113,-0.761857,-0.647433],[0.506356,0.550609,-0.663651],[0.86209,-0.34118,0.374696]],"s":-5.55733,"t":[884.858,792.664,758.259],"timestamp":262152102109},{"currentFrameRate":21.8106,"devices":[],"gestures":[],"hands":[{"armBasis":[[0.23726,-0.928908,-0.284319],[0.955418,0.276075,-0.104689],[0.17574,-0.246805,0.952997]],"armWidth":65.4574,"confidence":0,"direction":[-0.119346,0.324559,-0.938306],"elbow":[179.438,26.4602,319.805],"grabAngle":3.14159,"grabStrength":1,"id":412,"palmNormal":[-0.966864,-0.252809,0.0355318],"palmPosition":[114.738,125.28,-14.7263],"palmVelocity":[1.19209e-7,1.19209e-7,1.19209e-7],"palmWidth":93.471,"pinchDistance":16.7164,"pinchStrength":0.56753,"r":[[1,1.11022e-17,0],[-1.11022e-17,1,-2.22045e-17],[-2.46519e-34,2.22045e-17,1]],"s":1,"sphereCenter":[74.8471,121.783,-26.3347],"sphereRadius":37.6088,"stabilizedPalmPosition":[114.738,125.28,-14.7263],"t":[0,0,0],"timeVisible":0,"type":"right","wrist":[130.694,94.9145,55.4804]}],"id":234870,"interactionBox":{"center":[0,200,0],"size":[235.247,235.247,147.751]},"pointables":[{"bases":[[[0.932314,-0.0773153,-0.35329],[0.297345,0.719929,0.627127],[0.205857,-0.689728,0.694189]],[[0.855186,0.0912473,-0.510227],[0.284828,0.739701,0.609684],[0.433047,-0.66672,0.606592]],[[0.855186,0.0912473,-0.510227],[0.0401232,0.969774,0.240681],[0.516766,-0.226299,0.825676]],[[0.855186,0.0912473,-0.510227],[-0.206281,0.962983,-0.173529],[0.475505,0.253649,0.842352]]],"btipPosition":[58.762,160.024,-32.0378],"carpPosition":[110.5,124.008,48.2386],"dipPosition":[70.1939,166.122,-11.7862],"direction":[-0.516766,0.226299,-0.825676],"extended":false,"handId":412,"id":4120,"length":53.5374,"mcpPosition":[110.5,124.008,48.2386],"pipPosition":[88.2938,158.196,17.1334],"stabilizedTipPosition":[61.3913,161.427,-27.3799],"timeVisible":0,"tipPosition":[61.3913,161.427,-27.3799],"tipVelocity":[1.19209e-7,1.19209e-7,1.19209e-7],"tool":false,"touchDistance":1,"touchZone":"none","type":0,"width":20.8021},{"bases":[[[0.202438,-0.844021,-0.496637],[0.933093,0.320175,-0.163784],[0.297248,-0.430252,0.852365]],[[0.25595,-0.911139,-0.322978],[-0.111624,0.304015,-0.946105],[0.960224,0.278208,-0.0238926]],[[0.25595,-0.911139,-0.322978],[-0.964377,-0.217565,-0.150477],[0.0668367,0.349987,-0.934367]],[[0.25595,-0.911139,-0.322978],[-0.723282,-0.402168,0.561359],[-0.641367,0.0899241,-0.761946]]],"btipPosition":[75.2331,135.072,7.57045],"carpPosition":[130.479,125.102,34.3609],"dipPosition":[63.9762,136.65,-5.80282],"direction":[-0.0668367,-0.349987,0.934367],"extended":false,"handId":412,"id":4121,"length":60.411,"mcpPosition":[108.014,157.618,-30.0571],"pipPosition":[65.6357,145.34,-29.0026],"stabilizedTipPosition":[72.644,135.435,4.4946],"timeVisible":0,"tipPosition":[72.644,135.435,4.4946],"tipVelocity":[1.19209e-7,1.19209e-7,1.19209e-7],"tool":false,"touchDistance":0.333333,"touchZone":"none","type":1,"width":19.8702},{"bases":[[[0.0786803,-0.936522,-0.341666],[0.960184,0.16335,-0.226635],[0.26806,-0.310231,0.912086]],[[0.0946127,-0.95344,-0.286359],[-0.194281,0.264435,-0.944632],[0.976373,0.145008,-0.160216]],[[0.0946127,-0.95344,-0.286359],[-0.995204,-0.097767,-0.00329653],[-0.0248534,0.285297,-0.958117]],[[0.0946127,-0.95344,-0.286359],[-0.700866,-0.268076,0.661001],[-0.70699,0.13816,-0.693597]]],"btipPosition":[81.281,119.414,11.2856],"carpPosition":[134.464,115.361,27.3443],"dipPosition":[67.633,122.081,-2.10387],"direction":[0.0248534,-0.285297,0.958117],"extended":false,"handId":412,"id":4122,"length":68.8335,"mcpPosition":[115.252,137.595,-38.0252],"pipPosition":[66.907,130.415,-30.0921],"stabilizedTipPosition":[78.1419,120.027,8.20602],"timeVisible":0,"tipPosition":[78.1419,120.027,8.20602],"tipVelocity":[1.19209e-7,1.19209e-7,1.19209e-7],"tool":false,"touchDistance":0.333333,"touchZone":"none","type":2,"width":19.5152},{"bases":[[[0.0446619,-0.981599,-0.185658],[0.971407,0.0860499,-0.221276],[0.23318,-0.170467,0.957376]],[[0.0585639,-0.990054,-0.127916],[-0.160791,0.117108,-0.980016],[0.985249,0.0779613,-0.152334]],[[0.0585639,-0.990054,-0.127916],[-0.997144,-0.0518938,-0.0548724],[0.0476886,0.130764,-0.990266]],[[0.0585639,-0.990054,-0.127916],[-0.775557,-0.125801,0.618616],[-0.628555,0.0629772,-0.775211]]],"btipPosition":[86.5955,106.473,10.5213],"carpPosition":[136.114,104.012,22.0753],"dipPosition":[74.5313,107.682,-4.35772],"direction":[-0.0476886,-0.130764,0.990266],"extended":false,"handId":412,"id":4123,"length":66.1852,"mcpPosition":[121.109,114.981,-39.5299],"pipPosition":[75.8884,111.403,-32.5381],"stabilizedTipPosition":[83.8207,106.751,7.09909],"timeVisible":0,"tipPosition":[83.8207,106.751,7.09909],"tipVelocity":[1.19209e-7,1.19209e-7,1.19209e-7],"tool":false,"touchDistance":0.333333,"touchZone":"none","type":3,"width":18.5699},{"bases":[[[-0.0897729,-0.995365,-0.0344737],[0.983288,-0.0830728,-0.162002],[0.158387,-0.048441,0.986188]],[[-0.0565168,-0.985148,0.162139],[-0.103076,-0.155773,-0.9824],[0.993067,-0.0722348,-0.0927417]],[[-0.0565168,-0.985148,0.162139],[-0.97769,0.0217031,-0.208927],[0.202305,-0.170329,-0.964397]],[[-0.0565168,-0.985148,0.162139],[-0.841926,0.134313,0.522609],[-0.536625,-0.106973,-0.837013]]],"btipPosition":[91.6633,100.99,-0.773264],"carpPosition":[131.732,90.1645,20.404],"dipPosition":[82.1614,99.096,-15.5941],"direction":[-0.202305,0.170329,0.964397],"extended":false,"handId":412,"id":4124,"length":51.888,"mcpPosition":[122.298,93.0499,-38.3395],"pipPosition":[86.2262,95.6737,-34.9708],"stabilizedTipPosition":[89.4779,100.554,-4.18205],"timeVisible":0,"tipPosition":[89.4779,100.554,-4.18205],"tipVelocity":[1.19209e-7,1.19209e-7,1.19209e-7],"tool":false,"touchDistance":0.333333,"touchZone":"none","type":4,"width":16.4953}],"r":[[1,1.11022e-17,0],[-1.11022e-17,1,-2.22045e-17],[-2.46519e-34,2.22045e-17,1]],"s":1,"t":[0,0,0],"timestamp":262152179123},{"currentFrameRate":22.5416,"devices":[],"gestures":[],"hands":[{"armBasis":[[0.507796,-0.790701,-0.341956],[0.831008,0.554228,-0.0475101],[0.227088,-0.260043,0.938514]],"armWidth":66.9278,"confidence":0.200007,"direction":[-0.121208,0.5315,-0.838341],"elbow":[171.942,34.5782,294.187],"grabAngle":3.14159,"grabStrength":1,"id":412,"palmNormal":[-0.8838,-0.442273,-0.152617],"palmPosition":[90.8613,148.77,-29.1567],"palmVelocity":[-620.416,610.355,-374.961],"palmWidth":93.471,"pinchDistance":27.0171,"pinchStrength":0.502131,"r":[[0.998844,0.0404178,0.0260219],[-0.0416637,0.997916,0.0492647],[-0.0239765,-0.0502919,0.998447]],"s":1.03003,"sphereCenter":[54.0416,142.45,-46.4769],"sphereRadius":38.9179,"stabilizedPalmPosition":[93.1757,146.493,-27.7579],"t":[-11.9383,11.7448,-7.21518],"timeVisible":0.038485,"type":"right","wrist":[108.957,106.704,33.8788]}],"id":234871,"interactionBox":{"center":[0,200,0],"size":[235.247,235.247,147.751]},"pointables":[{"bases":[[[0.948683,0.208591,-0.237676],[0.0788708,0.57177,0.816614],[0.306235,-0.793453,0.525977]],[[0.842452,0.399723,-0.361242],[0.120658,0.513487,0.849572],[0.525087,-0.759311,0.384358]],[[0.842452,0.399723,-0.361242],[-0.146983,0.815574,0.559674],[0.518334,-0.418402,0.745834]],[[0.842452,0.399723,-0.361242],[-0.358243,0.916395,0.178556],[0.402413,-0.0210129,0.915217]]],"btipPosition":[28.5218,183.61,-35.868],"carpPosition":[82.4326,129.973,30.5075],"dipPosition":[37.903,183.12,-14.5323],"direction":[-0.518334,0.418402,-0.745834],"extended":false,"handId":412,"id":4120,"length":51.9129,"mcpPosition":[82.4326,129.973,30.5075],"pipPosition":[55.5069,168.91,10.7981],"stabilizedTipPosition":[31.9749,182.566,-30.8098],"timeVisible":0.038485,"tipPosition":[31.208,179.559,-35.1202],"tipVelocity":[-798.021,573.479,-93.0472],"tool":false,"touchDistance":0.989991,"touchZone":"hovering","type":0,"width":21.4746},{"bases":[[[0.425126,-0.622932,-0.656676],[0.845042,0.533097,0.0413688],[0.324302,-0.572506,0.753037]],[[0.478933,-0.720238,-0.501877],[-0.125098,0.509879,-0.851101],[0.868892,0.470405,0.154097]],[[0.478933,-0.720238,-0.501877],[-0.875177,-0.43634,-0.208981],[-0.068473,0.539319,-0.839313]],[[0.478933,-0.720238,-0.501877],[-0.652918,-0.674411,0.344771],[-0.586788,0.162562,-0.793255]]],"btipPosition":[52.5385,146.099,-9.77637],"carpPosition":[102.597,138.714,20.0217],"dipPosition":[42.552,148.866,-23.2767],"direction":[0.068473,-0.539319,0.839313],"extended":false,"handId":412,"id":4121,"length":58.5779,"mcpPosition":[78.0874,181.982,-36.8895],"pipPosition":[40.9035,161.851,-43.484],"stabilizedTipPosition":[54.5263,144.574,-9.55815],"timeVisible":0.038485,"tipPosition":[47.2676,145.259,-13.4647],"tipVelocity":[-582.107,293.652,-451.502],"tool":false,"touchDistance":0.333333,"touchZone":"none","type":1,"width":20.5125},{"bases":[[[0.314702,-0.776244,-0.546267],[0.911664,0.40741,-0.053723],[0.264257,-0.481105,0.835886]],[[0.311383,-0.770187,-0.556644],[-0.125777,0.547209,-0.827492],[0.941924,0.32768,0.0735199]],[[0.311383,-0.770187,-0.556644],[-0.947714,-0.294745,-0.122329],[-0.0698522,0.56563,-0.821695]],[[0.311383,-0.770187,-0.556644],[-0.705351,-0.579856,0.407735],[-0.636805,0.265667,-0.723809]]],"btipPosition":[58.9333,129.952,-15.1931],"carpPosition":[109.198,132.198,11.4214],"dipPosition":[47.0132,134.925,-28.7418],"direction":[0.0698522,-0.56563,0.821695],"extended":false,"handId":412,"id":4122,"length":66.7449,"mcpPosition":[90.2585,166.679,-48.4868],"pipPosition":[45.0346,150.946,-52.0167],"stabilizedTipPosition":[63.8804,127.218,-9.02155],"timeVisible":0.038485,"tipPosition":[55.2391,130.573,-14.6395],"tipVelocity":[-570.358,287.597,-688.979],"tool":false,"touchDistance":0.333333,"touchZone":"none","type":2,"width":20.146},{"bases":[[[0.280533,-0.867071,-0.411691],[0.939778,0.335365,-0.0659404],[0.195242,-0.3684,0.908935]],[[0.26832,-0.84342,-0.465454],[-0.0622255,0.466988,-0.882072],[0.961318,0.265641,0.0728202]],[[0.26832,-0.84342,-0.465454],[-0.962223,-0.211495,-0.171456],[0.0461678,0.493875,-0.868306]],[[0.26832,-0.84342,-0.465454],[-0.784508,-0.471719,0.402527],[-0.559063,0.257146,-0.788242]]],"btipPosition":[67.5542,116.702,-19.2919],"carpPosition":[113.77,123.232,3.80719],"dipPosition":[57.1494,121.488,-33.9619],"direction":[-0.0461679,-0.493875,0.868306],"extended":false,"handId":412,"id":4123,"length":64.1769,"mcpPosition":[101.207,146.938,-54.6809],"pipPosition":[58.4234,135.115,-57.9218],"stabilizedTipPosition":[73.4802,112.875,-9.39564],"timeVisible":0.038485,"tipPosition":[64.0293,118.788,-18.6765],"tipVelocity":[-484.855,287.157,-773.42],"tool":false,"touchDistance":0.333333,"touchZone":"none","type":3,"width":19.1702},{"bases":[[[0.142084,-0.947295,-0.287132],[0.985503,0.162548,-0.0486076],[0.0927185,-0.276063,0.956657]],[[0.129005,-0.904015,-0.407571],[0.0319592,0.414582,-0.90945],[0.991129,0.104298,0.0823747]],[[0.129005,-0.904015,-0.407571],[-0.973248,-0.0366245,-0.226818],[0.19012,0.425929,-0.884556]],[[0.129005,-0.904015,-0.407571],[-0.878043,-0.295147,0.376734],[-0.460867,0.309265,-0.83184]]],"btipPosition":[76.5696,108.902,-30.1089],"carpPosition":[112.792,109.74,-1.73867],"dipPosition":[68.6568,114.212,-44.3912],"direction":[-0.19012,-0.425929,0.884556],"extended":false,"handId":412,"id":4124,"length":50.3135,"mcpPosition":[107.269,126.184,-58.7231],"pipPosition":[72.3608,122.51,-61.6245],"stabilizedTipPosition":[84.0435,104.085,-14.9606],"timeVisible":0.038485,"tipPosition":[72.7941,114.223,-30.5981],"tipVelocity":[-382.7,248.645,-759.043],"tool":false,"touchDistance":0.333333,"touchZone":"none","type":4,"width":17.0285}],"r":[[0.998844,0.0404178,0.0260219],[-0.0416637,0.997916,0.0492647],[-0.0239765,-0.0502919,0.998447]],"s":1.03003,"t":[-11.9383,11.7448,-7.21518],"timestamp":262152217608},{"currentFrameRate":23.5957,"devices":[],"gestures":[],"hands":[{"armBasis":[[0.543612,-0.665363,-0.511643],[0.763292,0.645431,-0.0283617],[0.349101,-0.375115,0.85873]],"armWidth":66.9278,"confidence":0.365206,"direction":[-0.272486,0.406044,-0.872284],"elbow":[200.695,29.5624,263.301],"grabAngle":3.14159,"grabStrength":1,"id":412,"palmNormal":[-0.787221,-0.615338,-0.0405237],"palmPosition":[74.0243,167.363,-38.851],"palmVelocity":[-492.382,543.748,-283.501],"palmWidth":93.471,"pinchDistance":34.4316,"pinchStrength":0.330661,"r":[[0.993411,0.110063,0.0319462],[-0.112067,0.991248,0.0697672],[-0.0239878,-0.0728876,0.997052]],"s":1.04761,"sphereCenter":[35.1706,154.553,-51.8302],"sphereRadius":39.6704,"stabilizedPalmPosition":[75.3467,165.922,-38.085],"t":[-26.326,26.9139,-15.6699],"timeVisible":0.07268,"type":"right","wrist":[103.867,133.605,25.1221]}],"id":234872,"interactionBox":{"center":[0,200,0],"size":[235.247,235.247,147.751]},"pointables":[{"bases":[[[0.873549,0.357732,-0.330061],[0.0131822,0.660473,0.750734],[0.486558,-0.660154,0.572239]],[[0.753592,0.486913,-0.441604],[0.124705,0.553704,0.823323],[0.645405,-0.67552,0.356547]],[[0.753592,0.486913,-0.441604],[-0.185207,0.801862,0.568081],[0.630712,-0.346313,0.694457]],[[0.753592,0.486913,-0.441604],[-0.429323,0.873303,0.230271],[0.497776,0.0160602,0.867157]]],"btipPosition":[6.86812,199.838,-39.2955],"carpPosition":[72.9884,153.811,22.7886],"dipPosition":[18.4724,200.213,-19.0801],"direction":[-0.630711,0.346313,-0.694457],"extended":true,"handId":412,"id":4120,"length":51.9129,"mcpPosition":[72.9884,153.811,22.7886],"pipPosition":[39.8929,188.451,4.50535],"stabilizedTipPosition":[9.90728,199.638,-34.5827],"timeVisible":0.07268,"tipPosition":[9.38732,192.607,-38.8589],"tipVelocity":[-618.288,480.405,-107.769],"tool":false,"touchDistance":0.869048,"touchZone":"hovering","type":0,"width":21.4746},{"bases":[[[0.4996,-0.597871,-0.626857],[0.724886,0.684736,-0.0753453],[0.474278,-0.416758,0.775482]],[[0.465956,-0.567934,-0.678481],[-0.343789,0.590354,-0.730268],[0.815288,0.573526,0.0798293]],[[0.465956,-0.567934,-0.678481],[-0.815562,-0.573056,-0.0804108],[-0.343139,0.590811,-0.730204]],[[0.465956,-0.567934,-0.678481],[-0.412472,-0.817818,0.401299],[-0.782785,0.0928664,-0.615324]]],"btipPosition":[41.2389,156.185,-23.9946],"carpPosition":[90.3892,165.037,9.97666],"dipPosition":[27.9167,157.765,-34.4667],"direction":[0.343139,-0.590811,0.730204],"extended":false,"handId":412,"id":4121,"length":58.5779,"mcpPosition":[54.5453,196.534,-48.6309],"pipPosition":[19.6553,171.99,-52.0471],"stabilizedTipPosition":[43.0369,152.988,-21.3943],"timeVisible":0.07268,"tipPosition":[35.0179,157.044,-22.2253],"tipVelocity":[-352.884,286.96,-395.43],"tool":false,"touchDistance":0.333333,"touchZone":"none","type":1,"width":20.5125},{"bases":[[[0.428139,-0.756592,-0.494233],[0.80915,0.564485,-0.163194],[0.402458,-0.330039,0.853874]],[[0.403235,-0.73544,-0.544545],[-0.220579,0.499407,-0.837817],[0.888114,0.457953,0.0391555]],[[0.403235,-0.73544,-0.544545],[-0.888289,-0.457555,-0.0398227],[-0.219872,0.499771,-0.837786]],[[0.403235,-0.73544,-0.544545],[-0.559892,-0.668967,0.48888],[-0.723825,0.107753,-0.681518]]],"btipPosition":[45.9136,144.499,-25.0579],"carpPosition":[97.6212,159.005,1.53179],"dipPosition":[32.3645,146.516,-37.815],"direction":[0.219872,-0.499771,0.837786],"extended":false,"handId":412,"id":4122,"length":66.7449,"mcpPosition":[68.7769,182.659,-59.6657],"pipPosition":[26.1366,160.672,-61.5456],"stabilizedTipPosition":[47.9707,140.609,-23.337],"timeVisible":0.07268,"tipPosition":[43.3899,144.551,-21.9571],"tipVelocity":[-391.707,405.533,-283.162],"tool":false,"touchDistance":0.333333,"touchZone":"none","type":2,"width":20.146},{"bases":[[[0.420474,-0.837299,-0.349473],[0.850088,0.498179,-0.170785],[0.317099,-0.225272,0.92125]],[[0.400703,-0.822285,-0.404086],[-0.0964868,0.400717,-0.911107],[0.911113,0.404072,0.0812287]],[[0.400703,-0.822285,-0.404086],[-0.912105,-0.399707,-0.091094],[-0.086611,0.405071,-0.910174]],[[0.400703,-0.822285,-0.404086],[-0.658155,-0.565162,0.497418],[-0.637393,0.0666345,-0.767652]]],"btipPosition":[56.7057,134.399,-29.039],"carpPosition":[103.407,150.304,-5.5454],"dipPosition":[44.8431,135.639,-43.3259],"direction":[0.086611,-0.405071,0.910174],"extended":false,"handId":412,"id":4123,"length":64.1769,"mcpPosition":[83.0024,164.8,-64.826],"pipPosition":[42.4532,146.817,-68.441],"stabilizedTipPosition":[59.6319,128.361,-25.677],"timeVisible":0.07268,"tipPosition":[54.184,134.297,-26.0456],"tipVelocity":[-327.06,493.693,-282.469],"tool":false,"touchDistance":0.333333,"touchZone":"none","type":3,"width":19.1702},{"bases":[[[0.308071,-0.928471,-0.207445],[0.929792,0.340011,-0.140996],[0.201445,-0.149444,0.968032]],[[0.27361,-0.894661,-0.353157],[0.0887101,0.389075,-0.916925],[0.957741,0.219551,0.18582]],[[0.27361,-0.894661,-0.353157],[-0.950708,-0.195853,-0.240407],[0.145916,0.401527,-0.904149]],[[0.27361,-0.894661,-0.353157],[-0.853979,-0.394899,0.338783],[-0.442557,0.208894,-0.87207]]],"btipPosition":[63.7946,126.115,-41.328],"carpPosition":[104.771,136.356,-9.70919],"dipPosition":[56.1961,129.702,-56.301],"direction":[-0.145916,-0.401527,0.904149],"extended":false,"handId":412,"id":4124,"length":50.3135,"mcpPosition":[92.7716,145.258,-67.3713],"pipPosition":[59.0389,137.525,-73.9161],"stabilizedTipPosition":[69.961,118.717,-34.0461],"timeVisible":0.07268,"tipPosition":[62.6668,128.898,-39.048],"tipVelocity":[-371.48,491.789,-332.739],"tool":false,"touchDistance":0.333333,"touchZone":"none","type":4,"width":17.0285}],"r":[[0.993411,0.110063,0.0319462],[-0.112067,0.991248,0.0697672],[-0.0239878,-0.0728876,0.997052]],"s":1.04761,"t":[-26.326,26.9139,-15.6699],"timestamp":262152251803},{"currentFrameRate":26.0942,"devices":[],"gestures":[],"hands":[{"armBasis":[[0.511054,-0.592529,-0.622682],[0.733693,0.678112,-0.0431099],[0.447792,-0.434826,0.781286]],"armWidth":66.9278,"confidence":0.453464,"direction":[-0.37321,0.391796,-0.840958],"elbow":[220.866,23.7417,233.526],"grabAngle":3.14159,"grabStrength":1,"id":412,"palmNormal":[-0.74448,-0.667361,0.0194753],"palmPosition":[59.2031,177.261,-43.5253],"palmVelocity":[-735.399,491.109,-231.929],"palmWidth":93.471,"pinchDistance":36.5335,"pinchStrength":0.320568,"r":[[0.98367,0.178737,0.0211172],[-0.179922,0.979552,0.0900333],[-0.00459311,-0.0923626,0.995715]],"s":1.06385,"sphereCenter":[19.6721,161.791,-53.2688],"sphereRadius":39.961,"stabilizedPalmPosition":[61.6088,175.571,-42.7145],"t":[-40.9305,39.4473,-22.2344],"timeVisible":0.092834,"type":"right","wrist":[96.6659,144.346,16.8266]}],"id":234873,"interactionBox":{"center":[0,200,0],"size":[235.247,235.247,147.751]},"pointables":[{"bases":[[[0.815821,0.418502,-0.399114],[0.0330647,0.655261,0.754679],[0.577358,-0.62888,0.520738]],[[0.67715,0.540686,-0.499126],[0.1584,0.555295,0.816429],[0.718594,-0.631906,0.290373]],[[0.67715,0.540686,-0.499126],[-0.167368,0.773694,0.611052],[0.716558,-0.330236,0.614401]],[[0.67715,0.540686,-0.499126],[-0.431354,0.841207,0.326045],[0.596156,-0.00548149,0.80285]]],"btipPosition":[-10.6975,207.043,-36.6606],"carpPosition":[64.3849,163.296,17.8122],"dipPosition":[3.20023,206.915,-17.9443],"direction":[-0.716558,0.330236,-0.614401],"extended":true,"handId":412,"id":4120,"length":51.9129,"mcpPosition":[64.3849,163.296,17.8122],"pipPosition":[27.5363,195.699,2.92224],"stabilizedTipPosition":[-6.53322,206.603,-32.4796],"timeVisible":0.092834,"tipPosition":[-6.84786,199.199,-37.0227],"tipVelocity":[-845.397,351.731,113.632],"tool":false,"touchDistance":0.849829,"touchZone":"hovering","type":0,"width":21.4746},{"bases":[[[0.483071,-0.55857,-0.674272],[0.667879,0.733046,-0.128769],[0.566199,-0.388127,0.72717]],[[0.46002,-0.542587,-0.702838],[-0.400144,0.579943,-0.709613],[0.792633,0.607673,0.0496725]],[[0.46002,-0.542587,-0.702838],[-0.792951,-0.607211,-0.0502376],[-0.399513,0.580426,-0.709574]],[[0.46002,-0.542587,-0.702838],[-0.385784,-0.835085,0.392178],[-0.79972,0.0907335,-0.593477]]],"btipPosition":[26.3409,163.569,-26.2012],"carpPosition":[79.8231,175.76,3.69675],"dipPosition":[12.7306,165.114,-36.3015],"direction":[0.399513,-0.580426,0.709574],"extended":false,"handId":412,"id":4121,"length":58.5779,"mcpPosition":[37.0323,205.093,-51.2595],"pipPosition":[3.11187,179.088,-53.3853],"stabilizedTipPosition":[29.8689,160.252,-26.1298],"timeVisible":0.092834,"tipPosition":[22.641,164.167,-24.3808],"tipVelocity":[-742.495,365.995,-105.245],"tool":false,"touchDistance":0.333333,"touchZone":"none","type":1,"width":20.5125},{"bases":[[[0.434142,-0.722599,-0.537932],[0.752201,0.619361,-0.224912],[0.495696,-0.306989,0.812431]],[[0.403637,-0.702891,-0.58568],[-0.297217,0.504689,-0.810525],[0.865297,0.501232,-0.00519995]],[[0.403637,-0.702891,-0.58568],[-0.865534,-0.50083,0.0045545],[-0.296528,0.505088,-0.810529]],[[0.403637,-0.702891,-0.58568],[-0.505783,-0.70486,0.497348],[-0.762404,0.0954793,-0.640018]]],"btipPosition":[32.292,152.13,-28.4443],"carpPosition":[86.6931,170.288,-5.4056],"dipPosition":[18.0208,153.917,-40.4246],"direction":[0.296528,-0.505088,0.810529],"extended":false,"handId":412,"id":4122,"length":66.7449,"mcpPosition":[51.1664,192.29,-63.6328],"pipPosition":[9.62157,168.224,-63.3831],"stabilizedTipPosition":[34.8078,148.892,-28.7954],"timeVisible":0.092834,"tipPosition":[31.4364,152.335,-25.1196],"tipVelocity":[-684.115,376.036,-159.16],"tool":false,"touchDistance":0.333333,"touchZone":"none","type":2,"width":20.146},{"bases":[[[0.444408,-0.80452,-0.394017],[0.796715,0.55605,-0.236757],[0.409569,-0.208702,0.888086]],[[0.419049,-0.790557,-0.446561],[-0.179391,0.410044,-0.89425],[0.890065,0.454844,0.0300095]],[[0.419049,-0.790557,-0.446561],[-0.895072,-0.442268,-0.0569716],[-0.15246,0.423578,-0.892937]],[[0.419049,-0.790557,-0.446561],[-0.6062,-0.609754,0.510609],[-0.675958,0.056735,-0.734753]]],"btipPosition":[43.2429,142.487,-33.2217],"carpPosition":[92.423,162.045,-13.0537],"dipPosition":[30.6626,143.543,-46.8963],"direction":[0.15246,-0.423578,0.892937],"extended":false,"handId":412,"id":4123,"length":64.1769,"mcpPosition":[66.0681,175.474,-70.2003],"pipPosition":[26.4556,155.231,-71.5358],"stabilizedTipPosition":[47.0992,137.7,-32.6249],"timeVisible":0.092834,"tipPosition":[42.5291,142.829,-30.2623],"tipVelocity":[-676.187,399.215,-200.549],"tool":false,"touchDistance":0.333333,"touchZone":"none","type":3,"width":19.1702},{"bases":[[[0.351034,-0.90401,-0.244011],[0.889171,0.403511,-0.215762],[0.293512,-0.141227,0.945466]],[[0.301396,-0.871274,-0.387354],[-0.00391618,0.40511,-0.91426],[0.953491,0.277071,0.118686]],[[0.301396,-0.871274,-0.387354],[-0.949075,-0.235039,-0.209792],[0.0917433,0.430858,-0.897744]],[[0.301396,-0.871274,-0.387354],[-0.809203,-0.448601,0.379405],[-0.504333,0.199097,-0.840243]]],"btipPosition":[50.1671,135.088,-46.0657],"carpPosition":[94.3619,148.247,-17.4844],"dipPosition":[41.508,138.507,-60.4923],"direction":[-0.0917433,-0.430858,0.897744],"extended":false,"handId":412,"id":4124,"length":50.3135,"mcpPosition":[76.8784,156.66,-73.8023],"pipPosition":[43.2954,146.901,-77.9825],"stabilizedTipPosition":[57.0515,128.884,-43.1348],"timeVisible":0.092834,"tipPosition":[50.2819,137.91,-43.769],"tipVelocity":[-688.269,443.304,-228.839],"tool":false,"touchDistance":0.333333,"touchZone":"none","type":4,"width":17.0285}],"r":[[0.98367,0.178737,0.0211172],[-0.179922,0.979552,0.0900333],[-0.00459311,-0.0923626,0.995715]],"s":1.06385,"t":[-40.9305,39.4473,-22.2344],"timestamp":262152271957},{"currentFrameRate":28.3612,"devices":[],"gestures":[],"hands":[{"armBasis":[[0.454928,-0.570423,-0.683855],[0.723538,0.684447,-0.08959],[0.519167,-0.454038,0.724096]],"armWidth":66.9278,"confidence":0.533371,"direction":[-0.449697,0.359272,-0.817738],"elbow":[232.835,29.4251,209.814],"grabAngle":3.14159,"grabStrength":1,"id":412,"palmNormal":[-0.720759,-0.686691,0.0946694],"palmPosition":[45.7834,186.238,-48.6732],"palmVelocity":[-668.243,446.996,-256.347],"palmWidth":93.471,"pinchDistance":32.4772,"pinchStrength":0.411717,"r":[[0.971091,0.238693,-0.0029335],[-0.237078,0.965809,0.104912],[0.027875,-0.101184,0.994477]],"s":1.06906,"sphereCenter":[7.18878,167.964,-55.8381],"sphereRadius":39.4524,"stabilizedPalmPosition":[47.6654,184.969,-47.9646],"t":[-54.9425,50.2024,-28.0907],"timeVisible":0.112916,"type":"right","wrist":[88.8381,155.358,8.97705]}],"id":234874,"interactionBox":{"center":[0,200,0],"size":[235.247,235.247,147.751]},"pointables":[{"bases":[[[0.769189,0.429999,-0.472704],[0.0732887,0.675488,0.73372],[0.634805,-0.599013,0.488064]],[[0.605465,0.55447,-0.570942],[0.182448,0.601576,0.777701],[0.774677,-0.575038,0.263071]],[[0.605465,0.55447,-0.570942],[-0.180792,0.794446,0.579802],[0.775065,-0.247828,0.581253]],[[0.605465,0.55447,-0.570942],[-0.493912,0.824298,0.276738],[0.624069,0.11444,0.772943]]],"btipPosition":[-24.4017,209.269,-38.8754],"carpPosition":[56.1943,174.033,12.3744],"dipPosition":[-9.85326,211.937,-20.8563],"direction":[-0.775065,0.247828,-0.581253],"extended":true,"handId":412,"id":4120,"length":51.9129,"mcpPosition":[56.1943,174.033,12.3744],"pipPosition":[16.4699,203.52,-1.11553],"stabilizedTipPosition":[-20.506,209.758,-34.6458],"timeVisible":0.112916,"tipPosition":[-20.3963,207.405,-36.7476],"tipVelocity":[-674.96,142.877,-118.273],"tool":false,"touchDistance":0.762552,"touchZone":"hovering","type":0,"width":21.4746},{"bases":[[[0.444527,-0.562671,-0.696991],[0.633885,0.747371,-0.199063],[0.632918,-0.353324,0.688895]],[[0.440391,-0.560355,-0.701468],[-0.453054,0.535835,-0.712476],[0.775111,0.631571,-0.0178941]],[[0.440391,-0.560355,-0.701468],[-0.775472,-0.631145,0.0173267],[-0.452437,0.536338,-0.71249]],[[0.440391,-0.560355,-0.701468],[-0.342954,-0.82706,0.445371],[-0.829722,0.0444338,-0.556406]]],"btipPosition":[14.1093,172.545,-27.8944],"carpPosition":[70.0993,186.539,-3.21989],"dipPosition":[-0.0116162,173.301,-37.3638],"direction":[0.452437,-0.536338,0.71249],"extended":false,"handId":412,"id":4121,"length":58.5779,"mcpPosition":[22.2661,213.242,-55.2836],"pipPosition":[-10.9045,186.214,-54.5178],"stabilizedTipPosition":[15.0499,169.972,-29.2036],"timeVisible":0.112916,"tipPosition":[11.2232,172.66,-26.5788],"tipVelocity":[-614.93,437.912,-77.0895],"tool":false,"touchDistance":0.333333,"touchZone":"none","type":1,"width":20.5125},{"bases":[[[0.411331,-0.724342,-0.553295],[0.713654,0.633547,-0.298859],[0.567015,-0.271931,0.777527]],[[0.37659,-0.706733,-0.598923],[-0.377268,0.473474,-0.795921],[0.846078,0.525691,-0.0883219]],[[0.37659,-0.706733,-0.598923],[-0.846378,-0.525314,0.0876881],[-0.376595,0.473893,-0.795991]],[[0.37659,-0.706733,-0.598923],[-0.43318,-0.705826,0.560504],[-0.818862,0.0483606,-0.571949]]],"btipPosition":[21.1221,160.941,-30.9385],"carpPosition":[76.3871,181.019,-12.7063],"dipPosition":[5.7941,161.846,-41.6446],"direction":[0.376595,-0.473893,0.795991],"extended":false,"handId":412,"id":4122,"length":66.7449,"mcpPosition":[35.749,200.509,-68.4319],"pipPosition":[-4.87308,175.269,-64.1914],"stabilizedTipPosition":[21.1094,158.647,-32.4609],"timeVisible":0.112916,"tipPosition":[20.2555,161.056,-27.6138],"tipVelocity":[-568.319,428.617,-109.608],"tool":false,"touchDistance":0.333333,"touchZone":"none","type":2,"width":20.146},{"bases":[[[0.435312,-0.802149,-0.408731],[0.758929,0.571186,-0.312687],[0.484283,-0.174081,0.857418]],[[0.405489,-0.790267,-0.459409],[-0.266645,0.378465,-0.886377],[0.874345,0.481916,-0.0572573]],[[0.405489,-0.790267,-0.459409],[-0.879582,-0.474127,0.0392368],[-0.248826,0.388178,-0.887358]],[[0.405489,-0.790267,-0.459409],[-0.524425,-0.612762,0.591186],[-0.748703,0.00120644,-0.662904]]],"btipPosition":[32.4596,151.758,-36.3882],"carpPosition":[81.7349,172.738,-20.5863],"dipPosition":[18.5255,151.781,-48.7256],"direction":[0.248826,-0.388178,0.887358],"extended":false,"handId":412,"id":4123,"length":64.1769,"mcpPosition":[50.5723,183.94,-75.7595],"pipPosition":[11.6594,162.492,-73.2112],"stabilizedTipPosition":[33.5741,148.359,-37.628],"timeVisible":0.112916,"tipPosition":[31.1258,151.725,-33.5963],"tipVelocity":[-552.466,449.821,-142.365],"tool":false,"touchDistance":0.333333,"touchZone":"none","type":3,"width":19.1702},{"bases":[[[0.357016,-0.900181,-0.249426],[0.857181,0.42183,-0.295466],[0.371188,-0.108317,0.922218]],[[0.296539,-0.873311,-0.386514],[-0.110566,0.370603,-0.922187],[0.948599,0.316199,0.0133393]],[[0.296539,-0.873311,-0.386514],[-0.95472,-0.281236,-0.0970332],[-0.0239617,0.397787,-0.917165]],[[0.296539,-0.873311,-0.386514],[-0.73408,-0.467318,0.492688],[-0.610894,0.137631,-0.779657]]],"btipPosition":[39.1559,144.09,-48.9731],"carpPosition":[83.7214,158.887,-24.8251],"dipPosition":[28.6672,146.453,-62.3594],"direction":[0.0239617,-0.397787,0.917165],"extended":false,"handId":412,"id":4124,"length":50.3135,"mcpPosition":[61.6111,165.339,-79.7582],"pipPosition":[28.2004,154.202,-80.228],"stabilizedTipPosition":[42.4764,140.187,-49.5347],"timeVisible":0.112916,"tipPosition":[37.9188,146.494,-47.6664],"tipVelocity":[-569.267,436.13,-132.861],"tool":false,"touchDistance":0.333333,"touchZone":"none","type":4,"width":17.0285}],"r":[[0.971091,0.238693,-0.0029335],[-0.237078,0.965809,0.104912],[0.027875,-0.101184,0.994477]],"s":1.06906,"t":[-54.9425,50.2024,-28.0907],"timestamp":262152292039},{"currentFrameRate":30.4,"devices":[],"gestures":[],"hands":[{"armBasis":[[0.465703,-0.527508,-0.710532],[0.695443,0.71468,-0.0747742],[0.547247,-0.459312,0.699681]],"armWidth":66.9278,"confidence":0.605032,"direction":[-0.49409,0.386273,-0.778889],"elbow":[231.092,36.5395,196.968],"grabAngle":3.14159,"grabStrength":1,"id":412,"palmNormal":[-0.690873,-0.718307,0.0820285],"palmPosition":[33.1247,196.104,-51.5048],"palmVelocity":[-627.911,489.415,-140.454],"palmWidth":93.471,"pinchDistance":30.1081,"pinchStrength":0.470323,"r":[[0.955572,0.293622,-0.0258499],[-0.287975,0.948692,0.130593],[0.0628684,-0.117347,0.991099]],"s":1.07242,"sphereCenter":[-3.7492,176.048,-59.0528],"sphereRadius":39.109,"stabilizedPalmPosition":[34.2583,195.236,-51.2288],"t":[-68.2779,60.5132,-32.4346],"timeVisible":0.133076,"type":"right","wrist":[79.306,163.935,2.90286]}],"id":234875,"interactionBox":{"center":[0,200,0],"size":[235.247,235.247,147.751]},"pointables":[{"bases":[[[0.733907,0.485003,-0.475555],[0.0770265,0.636177,0.767688],[0.674869,-0.600042,0.429537]],[[0.547755,0.616366,-0.565737],[0.168727,0.580925,0.796277],[0.819449,-0.53162,0.214206]],[[0.547755,0.616366,-0.565737],[-0.227657,0.760493,0.608131],[0.80507,-0.204313,0.556883]],[[0.547755,0.616366,-0.565737],[-0.544237,0.776081,0.318597],[0.63543,0.133382,0.760551]]],"btipPosition":[-37.8285,212.042,-39.3014],"carpPosition":[46.3472,180.952,8.32617],"dipPosition":[-23.0152,215.152,-21.5712],"direction":[-0.80507,0.204313,-0.556883],"extended":true,"handId":412,"id":4120,"length":51.9129,"mcpPosition":[46.3472,180.952,8.32617],"pipPosition":[4.327,208.213,-2.65806],"stabilizedTipPosition":[-34.1229,212.693,-35.211],"timeVisible":0.133076,"tipPosition":[-33.5197,213.729,-35.8052],"tipVelocity":[-662.988,142.614,-24.4263],"tool":false,"touchDistance":0.712243,"touchZone":"hovering","type":0,"width":21.4746},{"bases":[[[0.437345,-0.505573,-0.743724],[0.597831,0.781259,-0.179535],[0.671809,-0.366102,0.643927]],[[0.478822,-0.527645,-0.701656],[-0.48808,0.504337,-0.712336],[0.729731,0.683546,-0.016045]],[[0.478822,-0.527645,-0.701656],[-0.730119,-0.683144,0.0154778],[-0.487499,0.504881,-0.712348]],[[0.478822,-0.527645,-0.701656],[-0.28609,-0.849386,0.443504],[-0.829989,-0.0116229,-0.557659]]],"btipPosition":[3.02786,181.291,-28.372],"carpPosition":[59.1663,194.832,-7.03479],"dipPosition":[-11.0976,181.093,-37.8628],"direction":[0.487499,-0.504881,0.712348],"extended":false,"handId":412,"id":4121,"length":58.5779,"mcpPosition":[8.39391,222.501,-55.7],"pipPosition":[-22.8347,193.249,-55.0133],"stabilizedTipPosition":[1.84212,179.722,-30.3724],"timeVisible":0.133076,"tipPosition":[-0.0524274,180.157,-29.1646],"tipVelocity":[-549.728,422.945,-23.9344],"tool":false,"touchDistance":0.333333,"touchZone":"none","type":1,"width":20.5125},{"bases":[[[0.415721,-0.676115,-0.608313],[0.677767,0.676311,-0.288505],[0.606471,-0.292357,0.739405]],[[0.378607,-0.657367,-0.651556],[-0.449886,0.4845,-0.750242],[0.808863,0.577173,-0.112305]],[[0.378607,-0.657367,-0.651556],[-0.809221,-0.576787,0.111708],[-0.449242,0.484959,-0.750331]],[[0.378607,-0.657367,-0.651556],[-0.34625,-0.753441,0.558961],[-0.858352,0.0139747,-0.512872]]],"btipPosition":[11.7685,169.337,-33.7923],"carpPosition":[65.2776,190.094,-17.0446],"dipPosition":[-4.29871,169.599,-43.3926],"direction":[0.449242,-0.484959,0.750331],"extended":false,"handId":412,"id":4122,"length":66.7449,"mcpPosition":[21.8117,211.047,-70.038],"pipPosition":[-17.0237,183.336,-64.646],"stabilizedTipPosition":[9.87074,167.915,-35.5123],"timeVisible":0.133076,"tipPosition":[9.23864,168.886,-31.5148],"tipVelocity":[-472.403,409.171,-128.943],"tool":false,"touchDistance":0.333333,"touchZone":"none","type":2,"width":20.146},{"bases":[[[0.448154,-0.760815,-0.469382],[0.724724,0.616613,-0.307511],[0.523386,-0.20236,0.827718]],[[0.415963,-0.747311,-0.51817],[-0.343033,0.398767,-0.850478],[0.842201,0.531517,-0.0904801]],[[0.415963,-0.747311,-0.51817],[-0.850143,-0.521856,0.0701716],[-0.32285,0.41133,-0.852394]],[[0.415963,-0.747311,-0.51817],[-0.447457,-0.664251,0.598793],[-0.79168,-0.0172167,-0.610694]]],"btipPosition":[23.0956,160.811,-39.9225],"carpPosition":[70.6141,182.475,-25.5738],"dipPosition":[8.36162,160.491,-51.2882],"direction":[0.32285,-0.41133,0.852394],"extended":false,"handId":412,"id":4123,"length":64.1769,"mcpPosition":[36.9353,195.496,-78.8358],"pipPosition":[-0.547061,171.841,-74.809],"stabilizedTipPosition":[22.0785,158.621,-41.6971],"timeVisible":0.133076,"tipPosition":[20.2737,160.317,-38.3723],"tipVelocity":[-473.609,445.154,-164.226],"tool":false,"touchDistance":0.333333,"touchZone":"none","type":3,"width":19.1702},{"bases":[[[0.379771,-0.870476,-0.313122],[0.82898,0.470455,-0.302431],[0.410569,-0.144718,0.900272]],[[0.315858,-0.840078,-0.441025],[-0.205196,0.393338,-0.896203],[0.926352,0.373569,-0.048142]],[[0.315858,-0.840078,-0.441025],[-0.942188,-0.33252,-0.0413914],[-0.111878,0.428602,-0.89654]],[[0.315858,-0.840078,-0.441025],[-0.663872,-0.527766,0.529847],[-0.67787,0.125428,-0.724403]]],"btipPosition":[29.6752,153.927,-52.6883],"carpPosition":[72.9401,168.968,-30.6625],"dipPosition":[18.0365,156.08,-65.126],"direction":[0.111878,-0.428602,0.89654],"extended":false,"handId":412,"id":4124,"length":50.3135,"mcpPosition":[48.4841,177.588,-84.2884],"pipPosition":[15.8569,164.43,-82.5928],"stabilizedTipPosition":[30.0867,151.582,-54.3489],"timeVisible":0.133076,"tipPosition":[26.7954,155.886,-52.8449],"tipVelocity":[-483.393,485.559,-173.464],"tool":false,"touchDistance":0.333333,"touchZone":"none","type":4,"width":17.0285}],"r":[[0.955572,0.293622,-0.0258499],[-0.287975,0.948692,0.130593],[0.0628684,-0.117347,0.991099]],"s":1.07242,"t":[-68.2779,60.5132,-32.4346],"timestamp":262152312199},{"currentFrameRate":32.2683,"devices":[],"gestures":[],"hands":[{"armBasis":[[0.480155,-0.473369,-0.738494],[0.661486,0.748317,-0.0495797],[0.576097,-0.464697,0.672435]],"armWidth":66.9278,"confidence":0.667569,"direction":[-0.549299,0.375377,-0.746567],"elbow":[229.954,43.7932,185.683],"grabAngle":3.14159,"grabStrength":1,"id":412,"palmNormal":[-0.637185,-0.766165,0.0835889],"palmPosition":[20.1268,203.527,-52.4708],"palmVelocity":[-650.286,371.351,-48.3283],"palmWidth":93.471,"pinchDistance":28.9631,"pinchStrength":0.503096,"r":[[0.935435,0.350212,-0.0480989],[-0.338825,0.927061,0.160487],[0.100795,-0.133828,0.985865]],"s":1.07935,"sphereCenter":[-14.6803,181.121,-59.6638],"sphereRadius":38.9222,"stabilizedPalmPosition":[20.8009,203.131,-52.4115],"t":[-81.4445,69.3798,-35.0895],"timeVisible":0.153064,"type":"right","wrist":[70.1667,172.683,-0.82521]}],"id":234876,"interactionBox":{"center":[0,200,0],"size":[235.247,235.247,147.751]},"pointables":[{"bases":[[[0.680272,0.548629,-0.486041],[0.0642452,0.615937,0.785171],[0.730139,-0.565356,0.383758]],[[0.479055,0.671177,-0.565711],[0.141608,0.576941,0.804417],[0.866287,-0.465469,0.181342]],[[0.479055,0.671177,-0.565711],[-0.27639,0.72703,0.628519],[0.833136,-0.144738,0.533794]],[[0.479055,0.671177,-0.565711],[-0.59373,0.722443,0.354347],[0.646523,0.166128,0.744587]]],"btipPosition":[-51.101,212.387,-38.501],"carpPosition":[36.6883,187.475,6.28492],"dipPosition":[-36.0291,216.26,-21.143],"direction":[-0.833136,0.144738,-0.533794],"extended":true,"handId":412,"id":4120,"length":51.9129,"mcpPosition":[36.6883,187.475,6.28492],"pipPosition":[-7.73374,211.344,-3.01407],"stabilizedTipPosition":[-47.46,213.27,-34.5177],"timeVisible":0.153064,"tipPosition":[-46.9812,215.683,-33.8227],"tipVelocity":[-661.049,26.0151,35.7584],"tool":false,"touchDistance":0.685073,"touchZone":"hovering","type":0,"width":21.4746},{"bases":[[[0.440713,-0.451185,-0.776018],[0.536344,0.825573,-0.175399],[0.719797,-0.338912,0.605831]],[[0.544175,-0.497116,-0.675833],[-0.528255,0.422794,-0.736337],[0.651783,0.757708,-0.0325297]],[[0.544175,-0.497116,-0.675833],[-0.652203,-0.757371,0.0319433],[-0.527736,0.423398,-0.736362]],[[0.544175,-0.497116,-0.675833],[-0.196229,-0.858621,0.473565],[-0.815701,-0.125084,-0.564788]]],"btipPosition":[-7.77549,187.792,-26.1223],"carpPosition":[47.9283,202.669,-9.06912],"dipPosition":[-21.6578,185.663,-35.7344],"direction":[0.527736,-0.423398,0.736362],"extended":false,"handId":412,"id":4121,"length":58.5779,"mcpPosition":[-6.47078,228.283,-54.8552],"pipPosition":[-34.3636,195.857,-53.4631],"stabilizedTipPosition":[-9.79353,186.607,-28.5201],"timeVisible":0.153064,"tipPosition":[-10.9904,185.108,-29.2667],"tipVelocity":[-537.694,303.042,111.158],"tool":false,"touchDistance":0.333333,"touchZone":"none","type":1,"width":20.5125},{"bases":[[[0.435974,-0.62691,-0.645686],[0.618803,0.729768,-0.290725],[0.653459,-0.272804,0.706094]],[[0.396006,-0.609424,-0.686864],[-0.535646,0.454249,-0.711857],[0.74583,0.649816,-0.14655]],[[0.396006,-0.609424,-0.686864],[-0.746257,-0.649454,0.145983],[-0.535052,0.454766,-0.711974]],[[0.396006,-0.609424,-0.686864],[-0.23355,-0.790263,0.566514],[-0.888051,-0.0639255,-0.45528]]],"btipPosition":[3.08126,175.341,-34.3334],"carpPosition":[53.9452,198.673,-19.4527],"dipPosition":[-13.5418,174.144,-42.8556],"direction":[0.535052,-0.454766,0.711974],"extended":false,"handId":412,"id":4122,"length":66.7449,"mcpPosition":[7.11158,218.224,-70.0587],"pipPosition":[-28.6974,187.025,-63.0225],"stabilizedTipPosition":[0.156879,174.46,-36.2273],"timeVisible":0.153064,"tipPosition":[-1.02948,174.236,-32.9541],"tipVelocity":[-441.018,283.555,-14.6635],"tool":false,"touchDistance":0.333333,"touchZone":"none","type":2,"width":20.146},{"bases":[[[0.479487,-0.71344,-0.510975],[0.668886,0.674045,-0.313457],[0.568053,-0.191485,0.800406]],[[0.444562,-0.700674,-0.558051],[-0.427714,0.381343,-0.819535],[0.787036,0.603021,-0.130158]],[[0.444562,-0.700674,-0.558051],[-0.801785,-0.589041,0.100855],[-0.399381,0.4026,-0.823655]],[[0.444562,-0.700674,-0.558051],[-0.355843,-0.709876,0.607826],[-0.822034,-0.0716377,-0.564914]]],"btipPosition":[14.1811,167.413,-40.8956],"carpPosition":[59.4419,191.705,-28.4253],"dipPosition":[-1.11785,166.079,-51.4093],"direction":[0.399381,-0.4026,0.823655],"extended":false,"handId":412,"id":4123,"length":64.1769,"mcpPosition":[22.8888,204.026,-79.9298],"pipPosition":[-12.1383,177.189,-74.1371],"sta