{"frames":208,"data":[{"currentFrameRate":25.3307,"devices":[],"gestures":[],"hands":[],"id":235424,"interactionBox":{"center":[0,200,0],"size":[235.247,235.247,147.751]},"pointables":[],"r":[[-0.020113,-0.761857,-0.647433],[0.506356,0.550609,-0.663651],[0.86209,-0.34118,0.374696]],"s":-5.55733,"t":[884.858,792.664,758.259],"timestamp":262171051819},{"currentFrameRate":25.4226,"devices":[],"gestures":[],"hands":[],"id":235425,"interactionBox":{"center":[0,200,0],"size":[235.247,235.247,147.751]},"pointables":[],"r":[[-0.020113,-0.761857,-0.647433],[0.506356,0.550609,-0.663651],[0.86209,-0.34118,0.374696]],"s":-5.55733,"t":[884.858,792.664,758.259],"timestamp":262171090499},{"currentFrameRate":25.4898,"devices":[],"gestures":[],"hands":[],"id":235426,"interactionBox":{"center":[0,200,0],"size":[235.247,235.247,147.751]},"pointables":[],"r":[[-0.020113,-0.761857,-0.647433],[0.506356,0.550609,-0.663651],[0.86209,-0.34118,0.374696]],"s":-5.55733,"t":[884.858,792.664,758.259],"timestamp":262171129252},{"currentFrameRate":25.5982,"devices":[],"gestures":[],"hands":[],"id":235427,"interactionBox":{"center":[0,200,0],"size":[235.247,235.247,147.751]},"pointables":[],"r":[[-0.020113,-0.761857,-0.647433],[0.506356,0.550609,-0.663651],[0.86209,-0.34118,0.374696]],"s":-5.55733,"t":[884.858,792.664,758.259],"timestamp":262171167549},{"currentFrameRate":25.6459,"devices":[],"gestures":[],"hands":[],"id":235428,"interactionBox":{"center":[0,200,0],"size":[235.247,235.247,147.751]},"pointables":[],"r":[[-0.020113,-0.761857,-0.647433],[0.506356,0.550609,-0.663651],[0.86209,-0.34118,0.374696]],"s":-5.55733,"t":[884.858,792.664,758.259],"timestamp":262171206205},{"currentFrameRate":25.6943,"devices":[],"gestures":[],"hands":[],"id":235429,"interactionBox":{"center":[0,200,0],"size":[235.247,235.247,147.751]},"pointables":[],"r":[[-0.020113,-0.761857,-0.647433],[0.506356,0.550609,-0.663651],[0.86209,-0.34118,0.374696]],"s":-5.55733,"t":[884.858,792.664,758.259],"timestamp":262171244782},{"currentFrameRate":25.7196,"devices":[],"gestures":[],"hands":[],"id":235430,"interactionBox":{"center":[0,200,0],"size":[235.247,235.247,147.751]},"pointables":[],"r":[[-0.020113,-0.761857,-0.647433],[0.506356,0.550609,-0.663651],[0.86209,-0.34118,0.374696]],"s":-5.55733,"t":[884.858,792.664,758.259],"timestamp":262171283485},{"currentFrameRate":25.7664,"devices":[],"gestures":[],"hands":[],"id":235431,"interactionBox":{"center":[0,200,0],"size":[235.247,235.247,147.751]},"pointables":[],"r":[[-0.020113,-0.761857,-0.647433],[0.506356,0.550609,-0.663651],[0.86209,-0.34118,0.374696]],"s":-5.55733,"t":[884.858,792.664,758.259],"timestamp":262171321966},{"currentFrameRate":25.7874,"devices":[],"gestures":[],"hands":[],"id":235432,"interactionBox":{"center":[0,200,0],"size":[235.247,235.247,147.751]},"pointables":[],"r":[[-0.020113,-0.761857,-0.647433],[0.506356,0.550609,-0.663651],[0.86209,-0.34118,0.374696]],"s":-5.55733,"t":[884.858,792.664,758.259],"timestamp":262171360597},{"currentFrameRate":25.8095,"devices":[],"gestures":[],"hands":[],"id":235433,"interactionBox":{"center":[0,200,0],"size":[235.247,235.247,147.751]},"pointables":[],"r":[[-0.020113,-0.761857,-0.647433],[0.506356,0.550609,-0.663651],[0.86209,-0.34118,0.374696]],"s":-5.55733,"t":[884.858,792.664,758.259],"timestamp":262171399187},{"currentFrameRate":25.8079,"devices":[],"gestures":[],"hands":[],"id":235434,"interactionBox":{"center":[0,200,0],"size":[235.247,235.247,147.751]},"pointables":[],"r":[[-0.020113,-0.761857,-0.647433],[0.506356,0.550609,-0.663651],[0.86209,-0.34118,0.374696]],"s":-5.55733,"t":[884.858,792.664,758.259],"timestamp":262171437946},{"currentFrameRate":25.8423,"devices":[],"gestures":[],"hands":[],"id":235435,"interactionBox":{"center":[0,200,0],"size":[235.247,235.247,147.751]},"pointables":[],"r":[[-0.020113,-0.761857,-0.647433],[0.506356,0.550609,-0.663651],[0.86209,-0.34118,0.374696]],"s":-5.55733,"t":[884.858,792.664,758.259],"timestamp":262171476401},{"currentFrameRate":25.8526,"devices":[],"gestures":[],"hands":[],"id":235436,"interactionBox":{"center":[0,200,0],"size":[235.247,235.247,147.751]},"pointables":[],"r":[[-0.020113,-0.761857,-0.647433],[0.506356,0.550609,-0.663651],[0.86209,-0.34118,0.374696]],"s":-5.55733,"t":[884.858,792.664,758.259],"timestamp":262171515009},{"currentFrameRate":25.8625,"devices":[],"gestures":[],"hands":[{"armBasis":[[0.381771,-0.684851,-0.620669],[0.529566,0.712457,-0.460397],[0.757503,-0.152919,0.634669]],"armWidth":65.4574,"confidence":0,"direction":[-0.534309,0.381326,-0.754391],"elbow":[271.101,128.41,207.688],"grabAngle":3.14159,"grabStrength":1,"id":413,"palmNormal":[-0.752902,-0.620393,0.219662],"palmPosition":[10.4642,200.606,-20.0142],"palmVelocity":[1.19209e-7,1.19209e-7,1.19209e-7],"palmWidth":93.471,"pinchDistance":34.1588,"pinchStrength":0.386769,"r":[[1,1.11022e-17,2.22045e-17],[-1.11022e-17,1,-2.22045e-17],[-2.22045e-17,2.22045e-17,1]],"s":1,"sphereCenter":[-29.2135,182.103,-22.5936],"sphereRadius":40.7462,"stabilizedPalmPosition":[10.4642,200.606,-20.0142],"t":[0,0,0],"timeVisible":0,"type":"right","wrist":[60.9987,170.824,31.655]}],"id":235437,"interactionBox":{"center":[0,200,0],"size":[235.247,235.247,147.751]},"pointables":[{"bases":[[[0.723779,0.353522,-0.592593],[0.235983,0.680195,0.694007],[0.648426,-0.64215,0.408886]],[[0.50549,0.524024,-0.685477],[0.294071,0.642253,0.707837],[0.811174,-0.559383,0.170552]],[[0.50549,0.524024,-0.685477],[-0.0310837,0.804994,0.592469],[0.862273,-0.27818,0.423205]],[[0.50549,0.524024,-0.685477],[-0.285433,0.851278,0.440288],[0.814253,-0.0269034,0.579886]]],"btipPosition":[-62.6475,227.761,1.70928],"carpPosition":[28.7258,188.686,39.2193],"dipPosition":[-43.0714,227.114,15.6508],"direction":[-0.862273,0.27818,-0.423205],"extended":true,"handId":413,"id":4130,"length":53.5374,"mcpPosition":[28.7258,188.686,39.2193],"pipPosition":[-12.8701,217.371,30.4736],"stabilizedTipPosition":[-58.145,227.612,4.91582],"timeVisible":0,"tipPosition":[-58.145,227.612,4.91582],"tipVelocity":[1.19209e-7,1.19209e-7,1.19209e-7],"tool":false,"touchDistance":1,"touchZone":"none","type":0,"width":20.8021},{"bases":[[[0.289089,-0.611595,-0.736464],[0.656868,0.686362,-0.312142],[0.696385,-0.393522,0.600157]],[[0.3123,-0.624458,-0.715906],[-0.458943,0.560647,-0.689236],[0.831769,0.543808,-0.111501]],[[0.3123,-0.624458,-0.715906],[-0.832134,-0.543362,0.110952],[-0.458281,0.561079,-0.689325]],[[0.3123,-0.624458,-0.715906],[-0.400739,-0.769863,0.496709],[-0.861323,0.131769,-0.490673]]],"btipPosition":[-21.6831,189.158,6.68088],"carpPosition":[41.1594,199.661,21.3895],"dipPosition":[-36.8006,191.47,-1.93114],"direction":[0.458281,-0.561079,0.689325],"extended":false,"handId":413,"id":4131,"length":60.411,"mcpPosition":[-11.4703,229.402,-23.9677],"pipPosition":[-48.1795,205.402,-19.0467],"stabilizedTipPosition":[-25.1602,189.689,4.70012],"timeVisible":0,"tipPosition":[-25.1602,189.689,4.70012],"tipVelocity":[1.19209e-7,1.19209e-7,1.19209e-7],"tool":false,"touchDistance":0.333333,"touchZone":"none","type":1,"width":19.8702},{"bases":[[[0.264272,-0.767125,-0.584534],[0.711415,0.564277,-0.418905],[0.651191,-0.305141,0.694866]],[[0.224748,-0.747447,-0.625149],[-0.513703,0.454279,-0.727832],[0.828008,0.48472,-0.281868]],[[0.224748,-0.747447,-0.625149],[-0.828417,-0.484358,0.281288],[-0.513044,0.454665,-0.728056]],[[0.224748,-0.747447,-0.625149],[-0.31098,-0.663032,0.68094],[-0.923461,0.0413686,-0.381456]]],"btipPosition":[-9.35181,177.235,4.05202],"carpPosition":[45.504,193.447,11.2652],"dipPosition":[-27.1787,178.034,-3.31175],"direction":[0.513044,-0.454665,0.728056],"extended":false,"handId":413,"id":4132,"length":68.8335,"mcpPosition":[-1.16704,215.316,-38.5361],"pipPosition":[-42.1656,191.316,-24.5796],"stabilizedTipPosition":[-13.452,177.419,2.35836],"timeVisible":0,"tipPosition":[-13.452,177.419,2.35836],"tipVelocity":[1.19209e-7,1.19209e-7,1.19209e-7],"tool":false,"touchDistance":0.333333,"touchZone":"none","type":2,"width":19.5152},{"bases":[[[0.302833,-0.844008,-0.442654],[0.748874,0.498012,-0.437232],[0.589475,-0.199084,0.78287]],[[0.266941,-0.830551,-0.488802],[-0.46844,0.331431,-0.818974],[0.842203,0.447592,-0.300591]],[[0.266941,-0.830551,-0.488802],[-0.863604,-0.431261,0.261156],[-0.427705,0.352418,-0.832388]],[[0.266941,-0.830551,-0.488802],[-0.35667,-0.556335,0.750518],[-0.895281,-0.0260027,-0.444741]]],"btipPosition":[1.70001,167.33,-1.40447],"carpPosition":[48.932,184.592,2.95145],"dipPosition":[-15.4835,166.83,-9.94059],"direction":[0.427705,-0.352418,0.832388],"extended":false,"handId":413,"id":4133,"length":66.1852,"mcpPosition":[11.0005,197.403,-47.4246],"pipPosition":[-27.6549,176.859,-33.6282],"stabilizedTipPosition":[-2.2522,167.215,-3.36778],"timeVisible":0,"tipPosition":[-2.2522,167.215,-3.36778],"tipVelocity":[1.19209e-7,1.19209e-7,1.19209e-7],"tool":false,"touchDistance":0.333333,"touchZone":"none","type":3,"width":18.5699},{"bases":[[[0.241096,-0.931983,-0.270702],[0.835976,0.341117,-0.429864],[0.492968,-0.122661,0.861358]],[[0.176801,-0.908981,-0.377486],[-0.408754,0.28108,-0.868282],[0.895356,0.307812,-0.321854]],[[0.176801,-0.908981,-0.377486],[-0.943282,-0.265981,0.198677],[-0.280997,0.320949,-0.904451]],[[0.176801,-0.908981,-0.377486],[-0.503425,-0.413078,0.7589],[-0.845757,0.0558612,-0.530636]]],"btipPosition":[7.86106,159.234,-13.1493],"carpPosition":[49.1261,170.546,-1.1004],"dipPosition":[-7.11458,160.223,-22.5451],"direction":[0.280997,-0.320949,0.904451],"extended":false,"handId":413,"id":4134,"length":51.888,"mcpPosition":[19.7619,177.852,-52.4083],"pipPosition":[-12.7604,166.672,-40.7174],"stabilizedTipPosition":[4.41667,159.461,-15.3103],"timeVisible":0,"tipPosition":[4.41667,159.461,-15.3103],"tipVelocity":[1.19209e-7,1.19209e-7,1.19209e-7],"tool":false,"touchDistance":0.333333,"touchZone":"none","type":4,"width":16.4953}],"r":[[1,1.11022e-17,2.22045e-17],[-1.11022e-17,1,-2.22045e-17],[-2.22045e-17,2.22045e-17,1]],"s":1,"t":[0,0,0],"timestamp":262171553606},{"currentFrameRate":25.8663,"devices":[],"gestures":[],"hands":[{"armBasis":[[0.363281,-0.62399,-0.691856],[0.525544,0.750415,-0.400851],[0.769305,-0.217979,0.600545]],"armWidth":66.9278,"confidence":0.200761,"direction":[-0.573315,0.508763,-0.642239],"elbow":[254.811,112.479,196.701],"grabAngle":3.14159,"grabStrength":1,"id":413,"palmNormal":[-0.764237,-0.61465,0.195313],"palmPosition":[-11.2058,211.345,-12.831],"palmVelocity":[-560.903,277.964,185.929],"palmWidth":93.471,"pinchDistance":22.0265,"pinchStrength":0.623416,"r":[[0.999809,-0.00814503,-0.0177554],[0.00864857,0.999557,0.0284699],[0.0175157,-0.028618,0.999437]],"s":0.977439,"sphereCenter":[-48.8023,194.716,-16.3021],"sphereRadius":38.22,"stabilizedPalmPosition":[-9.80619,210.651,-13.295],"t":[-10.835,5.36944,3.59159],"timeVisible":0.038634,"type":"right","wrist":[41.4354,172.938,30.1328]}],"id":235438,"interactionBox":{"center":[0,200,0],"size":[235.247,235.247,147.751]},"pointables":[{"bases":[[[0.690544,0.406471,-0.598273],[0.327799,0.561457,0.759812],[0.644746,-0.720797,0.25447]],[[0.456345,0.610103,-0.647707],[0.287978,0.587478,0.756266],[0.841913,-0.531643,0.0923964]],[[0.456345,0.610103,-0.647707],[-0.0963314,0.757518,0.645668],[0.884573,-0.232253,0.404461]],[[0.456345,0.610103,-0.647707],[-0.441398,0.787261,0.430566],[0.772604,0.0894102,0.628561]]],"btipPosition":[-80.0376,223.241,9.128],"carpPosition":[11.188,190.175,42.2557],"dipPosition":[-62.0265,225.325,23.7812],"direction":[-0.884573,0.232253,-0.404462],"extended":false,"handId":413,"id":4130,"length":51.9129,"mcpPosition":[11.188,190.175,42.2557],"pipPosition":[-31.9842,217.437,37.5177],"stabilizedTipPosition":[-72.5604,224.451,11.0738],"timeVisible":0.038634,"tipPosition":[-75.94,228.892,16.0178],"tipVelocity":[-459.442,-100.743,196.263],"tool":false,"touchDistance":1,"touchZone":"none","type":0,"width":21.4746},{"bases":[[[0.19493,-0.508819,-0.838514],[0.664587,0.697262,-0.268609],[0.721337,-0.504905,0.474072]],[[0.338748,-0.601567,-0.723441],[-0.506107,0.531682,-0.679095],[0.793162,0.596181,-0.124351]],[[0.338748,-0.601567,-0.723441],[-0.809703,-0.577997,0.101486],[-0.479197,0.551394,-0.682886]],[[0.338748,-0.601567,-0.723441],[-0.366607,-0.792522,0.487349],[-0.866516,0.10013,-0.489004]]],"btipPosition":[-39.49,200.785,19.3886],"carpPosition":[22.6842,203.119,25.1318],"dipPosition":[-54.2372,202.489,11.0663],"direction":[0.479197,-0.551394,0.682886],"extended":false,"handId":413,"id":4131,"length":58.5779,"mcpPosition":[-31.8312,241.278,-10.6964],"pipPosition":[-65.7743,215.765,-5.37486],"stabilizedTipPosition":[-40.1391,199.399,15.4974],"timeVisible":0.038634,"tipPosition":[-44.5107,199.236,14.4525],"tipVelocity":[-458.707,297.343,330.652],"tool":false,"touchDistance":0.333333,"touchZone":"none","type":1,"width":20.5125},{"bases":[[[0.174422,-0.683716,-0.708596],[0.70365,0.589947,-0.396029],[0.688806,-0.429527,0.583997]],[[0.215412,-0.708242,-0.672302],[-0.55027,0.480716,-0.682726],[0.806722,0.517015,-0.286173]],[[0.215412,-0.708242,-0.672302],[-0.81582,-0.508896,0.274704],[-0.536689,0.489304,-0.687421]],[[0.215412,-0.708242,-0.672302],[-0.297703,-0.703321,0.645533],[-0.930038,0.0610909,-0.362349]]],"btipPosition":[-29.6395,189.236,12.0216],"carpPosition":[25.849,198.277,13.8829],"dipPosition":[-47.0485,190.379,5.23891],"direction":[0.536689,-0.489304,0.687421],"extended":false,"handId":413,"id":4132,"length":66.7449,"mcpPosition":[-23.5179,229.062,-27.9723],"pipPosition":[-62.2505,204.239,-14.2325],"stabilizedTipPosition":[-32.1471,188.603,9.861],"timeVisible":0.038634,"tipPosition":[-34.2249,186.932,8.62728],"tipVelocity":[-522.638,312.663,209.743],"tool":false,"touchDistance":0.333333,"touchZone":"none","type":2,"width":20.146},{"bases":[[[0.220341,-0.781987,-0.583049],[0.735912,0.525598,-0.426825],[0.640221,-0.335026,0.691285]],[[0.242138,-0.793002,-0.559032],[-0.508458,0.387009,-0.769217],[0.826341,0.470501,-0.309499]],[[0.242138,-0.793002,-0.559032],[-0.848641,-0.452387,0.274145],[-0.470296,0.408036,-0.782514]],[[0.242138,-0.793002,-0.559032],[-0.353814,-0.60867,0.710166],[-0.903429,0.0258351,-0.427958]]],"btipPosition":[-20.0726,179.477,2.97467],"carpPosition":[28.1098,190.599,4.12581],"dipPosition":[-36.8864,179.958,-4.99008],"direction":[0.470296,-0.408036,0.782514],"extended":false,"handId":413,"id":4133,"length":64.1769,"mcpPosition":[-13.0872,212.157,-40.357],"pipPosition":[-49.8636,191.217,-26.5827],"stabilizedTipPosition":[-22.8986,178.994,0.926247],"timeVisible":0.038634,"tipPosition":[-24.2048,177.05,0.201248],"tipVelocity":[-561.359,320.266,116.751],"tool":false,"touchDistance":0.333333,"touchZone":"none","type":3,"width":19.1702},{"bases":[[[0.168315,-0.89153,-0.420529],[0.814876,0.365895,-0.449553],[0.554659,-0.267013,0.788072]],[[0.0959235,-0.850011,-0.517957],[-0.451847,0.426471,-0.783554],[0.886923,0.309198,-0.343166]],[[0.0959235,-0.850011,-0.517957],[-0.924636,-0.26877,0.269836],[-0.368575,0.453038,-0.811732]],[[0.0959235,-0.850011,-0.517957],[-0.477731,-0.495823,0.725213],[-0.873254,0.177879,-0.453637]]],"btipPosition":[-14.8777,170.432,-13.132],"carpPosition":[27.2257,177.298,-1.87943],"dipPosition":[-29.871,173.486,-20.9207],"direction":[0.368575,-0.453038,0.811732],"extended":false,"handId":413,"id":4134,"length":50.3135,"mcpPosition":[-5.81328,193.203,-48.8219],"pipPosition":[-37.0518,182.313,-36.7352],"stabilizedTipPosition":[-17.4383,170.679,-14.9385],"timeVisible":0.038634,"tipPosition":[-18.9438,170.336,-13.657],"tipVelocity":[-588.674,302.154,10.0152],"tool":false,"touchDistance":0.333333,"touchZone":"none","type":4,"width":17.0285}],"r":[[0.999809,-0.00814503,-0.0177554],[0.00864857,0.999557,0.0284699],[0.0175157,-0.028618,0.999437]],"s":0.977439,"t":[-10.835,5.36944,3.59159],"timestamp":262171592240},{"currentFrameRate":26.9203,"devices":[],"gestures":[],"hands":[{"armBasis":[[0.319475,-0.60769,-0.727082],[0.519373,0.754068,-0.402036],[0.792582,-0.249186,0.556524]],"armWidth":66.9278,"confidence":0.346087,"direction":[-0.622307,0.515801,-0.588799],"elbow":[246.66,115.933,183.544],"grabAngle":3.14159,"grabStrength":1,"id":413,"palmNormal":[-0.742365,-0.627448,0.234954],"palmPosition":[-28.8309,224.04,-9.24901],"palmVelocity":[-589.648,424.738,119.836],"palmWidth":93.471,"pinchDistance":20.631,"pinchStrength":0.628457,"r":[[0.998859,-0.0118725,-0.0462569],[0.0144325,0.998359,0.0554099],[0.0455232,-0.0560143,0.997392]],"s":0.964562,"sphereCenter":[-65.5247,205.448,-12.3911],"sphereRadius":38.4157,"stabilizedPalmPosition":[-27.9236,223.402,-9.44198],"t":[-25.065,14.4021,7.17839],"timeVisible":0.068525,"type":"right","wrist":[26.8281,185.048,29.1849]}],"id":235439,"interactionBox":{"center":[0,200,0],"size":[235.247,235.247,147.751]},"pointables":[{"bases":[[[0.642455,0.427131,-0.636248],[0.375069,0.548754,0.747122],[0.668263,-0.718629,0.192346]],[[0.375139,0.647165,-0.663663],[0.286248,0.600083,0.746969],[0.881665,-0.470189,0.0398649]],[[0.375139,0.647165,-0.663663],[-0.0842578,0.736792,0.670849],[0.923131,-0.195743,0.330928]],[[0.375139,0.647165,-0.663663],[-0.453157,0.752602,0.477744],[0.808653,0.121524,0.575597]]],"btipPosition":[-97.8043,229.878,16.9377],"carpPosition":[-2.39036,201.953,43.6395],"dipPosition":[-78.9528,232.711,30.3562],"direction":[-0.923131,0.195743,-0.330928],"extended":false,"handId":413,"id":4130,"length":51.9129,"mcpPosition":[-2.39036,201.953,43.6395],"pipPosition":[-47.601,226.063,41.5953],"stabilizedTipPosition":[-91.3187,229.905,19.1037],"timeVisible":0.068525,"tipPosition":[-92.0592,237.596,23.2666],"tipVelocity":[-587.918,227.82,251.772],"tool":false,"touchDistance":1,"touchZone":"none","type":0,"width":21.4746},{"bases":[[[0.140241,-0.488432,-0.861259],[0.636966,0.710463,-0.299195],[0.758029,-0.506633,0.41075]],[[0.291456,-0.58125,-0.759738],[-0.566405,0.535165,-0.626725],[0.770869,0.612982,-0.173246]],[[0.291456,-0.58125,-0.759738],[-0.784832,-0.599367,0.157474],[-0.546894,0.55037,-0.630873]],[[0.291456,-0.58125,-0.759738],[-0.290461,-0.810495,0.508655],[-0.91142,0.0724243,-0.405054]]],"btipPosition":[-53.8617,212.966,24.4941],"carpPosition":[7.73744,215.393,26.0403],"dipPosition":[-69.3731,214.199,17.6005],"direction":[0.546894,-0.55037,0.630873],"extended":false,"handId":413,"id":4131,"length":58.5779,"mcpPosition":[-49.551,253.682,-5.0024],"pipPosition":[-82.5401,227.45,2.41162],"stabilizedTipPosition":[-55.3708,211.601,22.0262],"timeVisible":0.068525,"tipPosition":[-59.8615,211.092,20.1938],"tipVelocity":[-486.684,403.891,181.796],"tool":false,"touchDistance":0.333333,"touchZone":"none","type":1,"width":20.5125},{"bases":[[[0.130708,-0.666301,-0.734138],[0.667993,0.606364,-0.431403],[0.732599,-0.434011,0.524341]],[[0.174402,-0.691127,-0.701375],[-0.61896,0.477027,-0.623966],[0.765815,0.542944,-0.344586]],[[0.174402,-0.691127,-0.701375],[-0.768657,-0.540742,0.341709],[-0.615427,0.479522,-0.625546]],[[0.174402,-0.691127,-0.701375],[-0.197509,-0.722369,0.662702],[-0.964663,0.0229507,-0.262486]]],"btipPosition":[-43.6373,201.856,16.0885],"carpPosition":[10.1474,210.83,14.4916],"dipPosition":[-61.6945,202.285,11.1751],"direction":[0.615427,-0.479522,0.625546],"extended":false,"handId":413,"id":4132,"length":66.7449,"mcpPosition":[-42.3582,241.936,-23.0881],"pipPosition":[-79.1267,215.868,-6.54377],"stabilizedTipPosition":[-46.8325,201.137,14.6462],"timeVisible":0.068525,"tipPosition":[-49.8032,199.22,13.406],"tipVelocity":[-473.281,416.708,150.44],"tool":false,"touchDistance":0.333333,"touchZone":"none","type":2,"width":20.146},{"bases":[[[0.186361,-0.766709,-0.614351],[0.698638,0.543066,-0.465817],[0.690779,-0.342399,0.636858]],[[0.178649,-0.762845,-0.621411],[-0.5872,0.424103,-0.689443],[0.789481,0.488062,-0.372177]],[[0.178649,-0.762845,-0.621411],[-0.80545,-0.476122,0.352928],[-0.565097,0.437465,-0.699492]],[[0.178649,-0.762845,-0.621411],[-0.246842,-0.646122,0.722215],[-0.952446,0.0243668,-0.303731]]],"btipPosition":[-34.4777,191.176,4.96904],"carpPosition":[11.7893,203.389,4.43131],"dipPosition":[-52.2037,191.629,-0.683724],"direction":[0.565097,-0.437465,0.699492],"extended":false,"handId":413,"id":4133,"length":64.1769,"mcpPosition":[-32.6609,225.422,-36.5492],"pipPosition":[-67.7969,203.701,-19.9854],"stabilizedTipPosition":[-37.9961,190.842,3.57105],"timeVisible":0.068525,"tipPosition":[-40.2766,189.581,3.87106],"tipVelocity":[-488.941,391.158,84.5111],"tool":false,"touchDistance":0.333333,"touchZone":"none","type":3,"width":19.1702},{"bases":[[[0.147044,-0.880305,-0.451045],[0.777384,0.384806,-0.497593],[0.611598,-0.277467,0.740919]],[[0.0678195,-0.837715,-0.54188],[-0.513495,0.436363,-0.738858],[0.855409,0.328362,-0.400568]],[[0.0678195,-0.837715,-0.54188],[-0.890085,-0.296168,0.346458],[-0.450721,0.458823,-0.765723]],[[0.0678195,-0.837715,-0.54188],[-0.386318,-0.522812,0.759886],[-0.919869,0.157803,-0.359081]]],"btipPosition":[-31.3687,183.525,-10.7326],"carpPosition":[10.6155,190.211,-1.79077],"dipPosition":[-47.1624,186.234,-16.8979],"direction":[0.450721,-0.458823,0.765723],"extended":false,"handId":413,"id":4134,"length":50.3135,"mcpPosition":[-25.8151,206.739,-45.9245],"pipPosition":[-55.9436,195.173,-31.816],"stabilizedTipPosition":[-34.4747,183.744,-12.2342],"timeVisible":0.068525,"tipPosition":[-36.1324,183.039,-10.5344],"tipVelocity":[-557.864,435.361,92.7612],"tool":false,"touchDistance":0.333333,"touchZone":"none","type":4,"width":17.0285}],"r":[[0.998859,-0.0118725,-0.0462569],[0.0144325,0.998359,0.0554099],[0.0455232,-0.0560143,0.997392]],"s":0.964562,"t":[-25.065,14.4021,7.17839],"timestamp":262171622131},{"currentFrameRate":30.0614,"devices":[],"gestures":[],"hands":[{"armBasis":[[0.321091,-0.569756,-0.756491],[0.491881,0.782928,-0.38089],[0.809292,-0.249803,0.531644]],"armWidth":66.9278,"confidence":0.405222,"direction":[-0.639753,0.550261,-0.53659],"elbow":[244.998,118.135,175.376],"grabAngle":3.14159,"grabStrength":1,"id":413,"palmNormal":[-0.735746,-0.640343,0.22054],"palmPosition":[-36.2841,228.312,-6.52279],"palmVelocity":[-569.949,326.626,208.474],"palmWidth":93.471,"pinchDistance":20.0444,"pinchStrength":0.648468,"r":[[0.997043,-0.0136873,-0.0756184],[0.0203946,0.995854,0.0886526],[0.0740915,-0.0899326,0.993188]],"s":0.960115,"sphereCenter":[-72.7681,208.537,-11.2799],"sphereRadius":38.9829,"stabilizedPalmPosition":[-34.2753,227.132,-7.22421],"t":[-35.9067,21.054,10.3349],"timeVisible":0.081602,"type":"right","wrist":[20.531,187.421,27.9182]}],"id":235440,"interactionBox":{"center":[0,200,0],"size":[235.247,235.247,147.751]},"pointables":[{"bases":[[[0.622666,0.464476,-0.629721],[0.399846,0.5029,0.7663],[0.672614,-0.72894,0.12742]],[[0.355181,0.685706,-0.635338],[0.298484,0.560884,0.772215],[0.885864,-0.463914,-0.0054566]],[[0.355181,0.685706,-0.635338],[-0.0647644,0.69607,0.715047],[0.932551,-0.212824,0.29164]],[[0.355181,0.685706,-0.635338],[-0.437776,0.722529,0.535074],[0.825953,0.0880877,0.556814]]],"btipPosition":[-104.565,232.051,21.4671],"carpPosition":[-8.2125,203.088,44.0727],"dipPosition":[-85.3102,234.105,34.4477],"direction":[-0.932551,0.212824,-0.29164],"extended":false,"handId":413,"id":4130,"length":51.9129,"mcpPosition":[-8.2125,203.088,44.0727],"pipPosition":[-53.6384,226.877,44.3525],"stabilizedTipPosition":[-96.7029,231.504,22.3698],"timeVisible":0.081602,"tipPosition":[-98.5104,239.486,28.5137],"tipVelocity":[-509.895,152.451,338.662],"tool":false,"touchDistance":1,"touchZone":"none","type":0,"width":21.4746},{"bases":[[[0.111676,-0.435888,-0.893046],[0.628517,0.727073,-0.276281],[0.769737,-0.53044,0.355159]],[[0.268279,-0.536063,-0.800414],[-0.570054,0.581446,-0.580481],[0.776572,0.61201,-0.149595]],[[0.268279,-0.536063,-0.800414],[-0.788435,-0.599598,0.137307],[-0.553532,0.594238,-0.58351]],[[0.268279,-0.536063,-0.800414],[-0.271517,-0.839265,0.471077],[-0.924286,0.0909457,-0.370707]]],"btipPosition":[-60.9742,215.602,26.9142],"carpPosition":[1.37513,217.559,26.996],"dipPosition":[-76.7045,217.149,20.6051],"direction":[0.553532,-0.594238,0.58351],"extended":false,"handId":413,"id":4131,"length":58.5779,"mcpPosition":[-56.7982,257.647,0.154641],"pipPosition":[-90.0314,231.456,6.55652],"stabilizedTipPosition":[-61.333,214.418,24.2484],"timeVisible":0.081602,"tipPosition":[-66.2841,213.754,23.2028],"tipVelocity":[-547.743,207.064,195.343],"tool":false,"touchDistance":0.333333,"touchZone":"none","type":1,"width":20.5125},{"bases":[[[0.10585,-0.621063,-0.77658],[0.655095,0.631092,-0.415419],[0.748095,-0.464762,0.473657]],[[0.126699,-0.6338,-0.76305],[-0.649384,0.528496,-0.546802],[0.749832,0.564792,-0.344619]],[[0.126699,-0.6338,-0.76305],[-0.750349,-0.564371,0.344183],[-0.648786,0.528946,-0.547076]],[[0.126699,-0.6338,-0.76305],[-0.159731,-0.772246,0.614916],[-0.978996,0.0439736,-0.199081]]],"btipPosition":[-49.5089,204.084,16.9448],"carpPosition":[3.40582,213.697,15.1233],"dipPosition":[-67.8344,204.907,13.2183],"direction":[0.648786,-0.528946,0.547076],"extended":false,"handId":413,"id":4132,"length":66.7449,"mcpPosition":[-50.2104,247.007,-18.8238],"pipPosition":[-86.2115,219.89,-2.27788],"stabilizedTipPosition":[-52.0184,203.497,15.731],"timeVisible":0.081602,"tipPosition":[-56.3498,202.342,15.327],"tipVelocity":[-453.722,177.321,86.3586],"tool":false,"touchDistance":0.333333,"touchZone":"none","type":2,"width":20.146},{"bases":[[[0.165097,-0.728483,-0.664873],[0.684498,0.56997,-0.45453],[0.710075,-0.380062,0.592745]],[[0.122221,-0.704382,-0.699219],[-0.623293,0.493778,-0.606374],[0.772378,0.50993,-0.378686]],[[0.122221,-0.704382,-0.699219],[-0.784623,-0.500008,0.36655],[-0.607806,0.503824,-0.613786]],[[0.122221,-0.704382,-0.699219],[-0.197583,-0.707668,0.678356],[-0.972637,0.055244,-0.225666]]],"btipPosition":[-40.4826,193.704,4.43565],"carpPosition":[4.71053,206.873,4.58754],"dipPosition":[-58.5844,194.732,0.235774],"direction":[0.607806,-0.503824,0.613786],"extended":false,"handId":413,"id":4133,"length":64.1769,"mcpPosition":[-40.9813,231.329,-33.5544],"pipPosition":[-75.3562,208.635,-16.701],"stabilizedTipPosition":[-43.4038,193.362,3.48862],"timeVisible":0.081602,"tipPosition":[-47.0734,193.218,4.71258],"tipVelocity":[-465.809,203.443,-15.2344],"tool":false,"touchDistance":0.333333,"touchZone":"none","type":3,"width":19.1702},{"bases":[[[0.130788,-0.851669,-0.507498],[0.76187,0.413894,-0.498243],[0.634389,-0.321483,0.702993]],[[0.0494946,-0.804165,-0.592342],[-0.543556,0.475862,-0.69145],[0.837913,0.356194,-0.413556]],[[0.0494946,-0.804165,-0.592342],[-0.87213,-0.323837,0.366769],[-0.486765,0.498446,-0.717364]],[[0.0494946,-0.804165,-0.592342],[-0.344216,-0.570469,0.745708],[-0.937585,0.166985,-0.305042]]],"btipPosition":[-38.4071,188.118,-10.4682],"carpPosition":[3.31206,194.092,-2.37287],"dipPosition":[-54.505,190.985,-15.7056],"direction":[0.486765,-0.498446,0.717364],"extended":false,"handId":413,"id":4134,"length":50.3135,"mcpPosition":[-34.4761,213.242,-44.2475],"pipPosition":[-63.9883,200.696,-29.6816],"stabilizedTipPosition":[-40.7857,187.905,-11.7702],"timeVisible":0.081602,"tipPosition":[-43.6509,187.507,-10.0867],"tipVelocity":[-543.577,353.992,36.5401],"tool":false,"touchDistance":0.333333,"touchZone":"none","type":4,"width":17.0285}],"r":[[0.997043,-0.0136873,-0.0756184],[0.0203946,0.995854,0.0886526],[0.0740915,-0.0899326,0.993188]],"s":0.960115,"t":[-35.9067,21.054,10.3349],"timestamp":262171635208},{"currentFrameRate":32.9997,"devices":[],"gestures":[],"hands":[{"armBasis":[[0.310598,-0.555851,-0.771076],[0.4696,0.79502,-0.383952],[0.826441,-0.242843,0.50796]],"armWidth":66.9278,"confidence":0.461221,"direction":[-0.662415,0.554414,-0.503817],"elbow":[243.931,123.661,168.61],"grabAngle":3.14159,"grabStrength":1,"id":413,"palmNormal":[-0.72241,-0.65078,0.233685],"palmPosition":[-43.5772,231.931,-4.08146],"palmVelocity":[-556.974,276.42,186.447],"palmWidth":93.471,"pinchDistance":19.4665,"pinchStrength":0.64697,"r":[[0.99429,-0.0122964,-0.106],[0.0249198,0.992629,0.118601],[0.10376,-0.120566,0.987268]],"s":0.954101,"sphereCenter":[-79.9766,211.244,-8.78069],"sphereRadius":39.2097,"stabilizedPalmPosition":[-41.5584,230.89,-4.76351],"t":[-44.974,26.1897,13.1338],"timeVisible":0.094696,"type":"right","wrist":[14.7077,191.017,27.7208]}],"id":235441,"interactionBox":{"center":[0,200,0],"size":[235.247,235.247,147.751]},"pointables":[{"bases":[[[0.596686,0.481512,-0.641959],[0.421986,0.492164,0.761382],[0.682564,-0.725204,0.0904762]],[[0.325069,0.701839,-0.63384],[0.319069,0.549545,0.772137],[0.890239,-0.453237,-0.0452955]],[[0.325069,0.701839,-0.63384],[-0.0575747,0.683684,0.727503],[0.943936,-0.199995,0.262653]],[[0.325069,0.701839,-0.63384],[-0.442977,0.705167,0.553634],[0.835525,0.100807,0.540126]]],"btipPosition":[-110.753,233.709,25.8457],"carpPosition":[-13.5665,206.025,45.0349],"dipPosition":[-91.2752,236.059,38.4373],"direction":[-0.943936,0.199995,-0.262653],"extended":false,"handId":413,"id":4130,"length":51.9129,"mcpPosition":[-13.5665,206.025,45.0349],"pipPosition":[-59.2168,229.267,47.3576],"stabilizedTipPosition":[-102.325,233.117,26.1134],"timeVisible":0.094696,"tipPosition":[-104.733,241.487,33.0324],"tipVelocity":[-468.674,131.823,327.566],"tool":false,"touchDistance":1,"touchZone":"none","type":0,"width":21.4746},{"bases":[[[0.0842796,-0.418307,-0.904387],[0.61261,0.737575,-0.284063],[0.785879,-0.530096,0.318422]],[[0.224249,-0.506826,-0.83237],[-0.604106,0.597923,-0.526825],[0.764701,0.62098,-0.172093]],[[0.224249,-0.506826,-0.83237],[-0.779823,-0.605567,0.158635],[-0.584456,0.613527,-0.531033]],[[0.224249,-0.506826,-0.83237],[-0.244806,-0.856031,0.45528],[-0.943283,0.101673,-0.316039]]],"btipPosition":[-66.6875,217.88,29.3764],"carpPosition":[-4.69413,220.893,27.9129],"dipPosition":[-82.7411,219.61,23.9978],"direction":[0.584456,-0.613527,0.531033],"extended":false,"handId":413,"id":4131,"length":58.5779,"mcpPosition":[-64.0874,260.956,3.84796],"pipPosition":[-96.8125,234.381,11.2126],"stabilizedTipPosition":[-67.3492,216.984,26.8359],"timeVisible":0.094696,"tipPosition":[-72.3166,216.642,26.4625],"tipVelocity":[-442.011,177.177,204.388],"tool":false,"touchDistance":0.333333,"touchZone":"none","type":1,"width":20.5125},{"bases":[[[0.0840015,-0.605648,-0.791286],[0.635145,0.64442,-0.425811],[0.767812,-0.466813,0.438806]],[[0.0655298,-0.594257,-0.801601],[-0.678525,0.562483,-0.472458],[0.731648,0.574866,-0.366359]],[[0.0655298,-0.594257,-0.801601],[-0.733069,-0.573686,0.365368],[-0.67699,0.563686,-0.473225]],[[0.0655298,-0.594257,-0.801601],[-0.128883,-0.801639,0.58375],[-0.989492,0.0650595,-0.129121]]],"btipPosition":[-55.5033,205.941,17.8685],"carpPosition":[-3.04383,217.27,15.9069],"dipPosition":[-74.0252,207.159,15.4515],"direction":[0.67699,-0.563686,0.473225],"extended":false,"handId":413,"id":4132,"length":66.7449,"mcpPosition":[-58.0732,250.726,-15.5425],"pipPosition":[-93.2012,223.126,2.04723],"stabilizedTipPosition":[-58.1442,205.652,16.9819],"timeVisible":0.094696,"tipPosition":[-62.3532,205.475,17.8866],"tipVelocity":[-461.247,148.787,93.5464],"tool":false,"touchDistance":0.333333,"touchZone":"none","type":2,"width":20.146},{"bases":[[[0.147955,-0.714586,-0.683722],[0.663676,0.584293,-0.467051],[0.733242,-0.384667,0.560703]],[[0.103721,-0.690234,-0.716114],[-0.648804,0.498762,-0.574709],[0.753854,0.524227,-0.396095]],[[0.103721,-0.690234,-0.716114],[-0.766243,-0.514497,0.384922],[-0.634124,0.508793,-0.582251]],[[0.103721,-0.690234,-0.716114],[-0.167553,-0.721833,0.671479],[-0.980392,0.0503409,-0.19052]]],"btipPosition":[-47.0375,197.099,6.3667],"carpPosition":[-2.04856,210.653,5.20618],"dipPosition":[-65.2837,198.036,2.82092],"direction":[0.634124,-0.508793,0.582251],"extended":false,"handId":413,"id":4133,"length":64.1769,"mcpPosition":[-49.2312,235.406,-30.8739],"pipPosition":[-82.7816,212.075,-13.2456],"stabilizedTipPosition":[-49.9065,196.644,5.20147],"timeVisible":0.094696,"tipPosition":[-53.6718,196.546,6.85165],"tipVelocity":[-503.139,257.656,158.965],"tool":false,"touchDistance":0.333333,"touchZone":"none","type":3,"width":19.1702},{"bases":[[[0.12012,-0.840958,-0.527599],[0.740764,0.42974,-0.516325],[0.660938,-0.328806,0.674572]],[[0.0353293,-0.792468,-0.608889],[-0.568745,0.485039,-0.664278],[0.821754,0.369771,-0.433577]],[[0.0353293,-0.792468,-0.608889],[-0.857013,-0.337434,0.389444],[-0.514082,0.508067,-0.691077]],[[0.0353293,-0.792468,-0.608889],[-0.315942,-0.586878,0.74549],[-0.948121,0.166036,-0.271108]]],"btipPosition":[-45.6008,191.804,-8.73263],"carpPosition":[-3.58232,197.991,-1.94064],"dipPosition":[-61.8795,194.655,-13.3874],"direction":[0.514082,-0.508067,0.691077],"extended":false,"handId":413,"id":4134,"length":50.3135,"mcpPosition":[-42.952,217.577,-42.1224],"pipPosition":[-71.8951,204.553,-26.8513],"stabilizedTipPosition":[-48.0456,191.768,-10.1018],"timeVisible":0.094696,"tipPosition":[-50.7195,191.144,-8.16568],"tipVelocity":[-552.564,281.242,142.781],"tool":false,"touchDistance":0.333333,"touchZone":"none","type":4,"width":17.0285}],"r":[[0.99429,-0.0122964,-0.106],[0.0249198,0.992629,0.118601],[0.10376,-0.120566,0.987268]],"s":0.954101,"t":[-44.974,26.1897,13.1338],"timestamp":262171648302},{"currentFrameRate":35.7508,"devices":[],"gestures":[],"hands":[{"armBasis":[[0.305765,-0.537251,-0.786047],[0.44772,0.809745,-0.379289],[0.840271,-0.235956,0.488129]],"armWidth":66.9278,"confidence":0.513772,"direction":[-0.684372,0.55323,-0.474943],"elbow":[242.034,130.003,163.291],"grabAngle":3.14159,"grabStrength":1,"id":413,"palmNormal":[-0.705388,-0.667237,0.239213],"palmPosition":[-50.7506,235.977,-1.60665],"palmVelocity":[-547.839,309.004,189.004],"palmWidth":93.471,"pinchDistance":18.9942,"pinchStrength":0.628686,"r":[[0.990765,-0.00670187,-0.135422],[0.0266787,0.988888,0.146246],[0.132937,-0.148508,0.979935]],"s":0.945338,"sphereCenter":[-86.949,214.279,-6.38797],"sphereRadius":39.3952,"stabilizedPalmPosition":[-48.9307,234.97,-2.23165],"t":[-53.0944,30.7806,15.7707],"timeVisible":0.10779,"type":"right","wrist":[8.97489,195.448,27.9024]}],"id":235442,"interactionBox":{"center":[0,200,0],"size":[235.247,235.247,147.751]},"pointables":[{"bases":[[[0.571641,0.50406,-0.647418],[0.434013,0.483866,0.759938],[0.696318,-0.7154,0.0578293]],[[0.296086,0.720059,-0.627574],[0.333062,0.537964,0.77438],[0.895211,-0.438304,-0.0805411]],[[0.296086,0.720059,-0.627574],[-0.0566123,0.669109,0.741005],[0.953482,-0.183873,0.238878]],[[0.296086,0.720059,-0.627574],[-0.452736,0.684337,0.571588],[0.841049,0.114886,0.528619]]],"btipPosition":[-116.931,235.644,29.865],"carpPosition":[-19.0363,209.602,46.1712],"dipPosition":[-97.3241,238.322,42.1883],"direction":[-0.953482,0.183873,-0.238878],"extended":false,"handId":413,"id":4130,"length":51.9129,"mcpPosition":[-19.0363,209.602,46.1712],"pipPosition":[-64.9415,232.078,50.3012],"stabilizedTipPosition":[-108.174,234.938,29.9287],"timeVisible":0.10779,"tipPosition":[-111.085,243.569,37.1556],"tipVelocity":[-469.536,153.553,302.246],"tool":false,"touchDistance":1,"touchZone":"none","type":0,"width":21.4746},{"bases":[[[0.0670323,-0.398761,-0.914602],[0.592908,0.753178,-0.284927],[0.802475,-0.523175,0.286916]],[[0.167737,-0.461579,-0.871097],[-0.646917,0.615217,-0.450562],[0.743884,0.639103,-0.195409]],[[0.167737,-0.461579,-0.871097],[-0.765588,-0.617673,0.179874],[-0.621079,0.63673,-0.456986]],[[0.167737,-0.461579,-0.871097],[-0.218551,-0.879039,0.423704],[-0.961301,0.119308,-0.248326]]],"btipPosition":[-72.0295,219.782,31.0361],"carpPosition":[-10.8611,224.954,29.1289],"dipPosition":[-88.3898,221.813,26.8099],"direction":[0.621079,-0.63673,0.456986],"extended":false,"handId":413,"id":4131,"length":58.5779,"mcpPosition":[-71.5087,264.493,7.44503],"pipPosition":[-103.343,237.143,15.8075],"stabilizedTipPosition":[-73.2352,219.26,29.0864],"timeVisible":0.10779,"tipPosition":[-78.1746,219.667,29.427],"tipVelocity":[-413.362,150.587,146.995],"tool":false,"touchDistance":0.333333,"touchZone":"none","type":1,"width":20.5125},{"bases":[[[0.0727682,-0.588295,-0.805366],[0.613179,0.66325,-0.429081],[0.786585,-0.46261,0.408994]],[[0.0254705,-0.559496,-0.828441],[-0.702112,0.579899,-0.413227],[0.711611,0.592183,-0.378059]],[[0.0254705,-0.559496,-0.828441],[-0.715514,-0.588942,0.375749],[-0.698134,0.583191,-0.415328]],[[0.0254705,-0.559496,-0.828441],[-0.102794,-0.825783,0.554541],[-0.994377,0.0710341,-0.0785458]]],"btipPosition":[-61.6237,208.472,19.0859],"carpPosition":[-9.47116,221.598,17.0126],"dipPosition":[-80.2371,209.802,17.6157],"direction":[0.698134,-0.583191,0.415328],"extended":false,"handId":413,"id":4132,"length":66.7449,"mcpPosition":[-65.846,254.753,-12.3001],"pipPosition":[-100.012,226.321,5.85135],"stabilizedTipPosition":[-64.5079,208.215,18.4299],"timeVisible":0.10779,"tipPosition":[-68.3107,208.78,20.1836],"tipVelocity":[-469.03,195.25,109.607],"tool":false,"touchDistance":0.333333,"touchZone":"none","type":2,"width":20.146},{"bases":[[[0.141295,-0.698273,-0.701748],[0.641573,0.60444,-0.472267],[0.753936,-0.383494,0.533398]],[[0.0958318,-0.674021,-0.73247],[-0.670976,0.499806,-0.547709],[0.73526,0.543958,-0.404355]],[[0.0958318,-0.674021,-0.73247],[-0.749076,-0.53343,0.392859],[-0.655516,0.511027,-0.556012]],[[0.0958318,-0.674021,-0.73247],[-0.142588,-0.737563,0.660052],[-0.985132,0.0411876,-0.166789]]],"btipPosition":[-53.4677,200.813,8.27666],"carpPosition":[-8.6531,215.213,6.15721],"dipPosition":[-71.802,201.58,5.17254],"direction":[0.655516,-0.511027,0.556012],"extended":false,"handId":413,"id":4133,"length":64.1769,"mcpPosition":[-57.1674,239.89,-28.1659],"pipPosition":[-89.8902,215.681,-10.17],"stabilizedTipPosition":[-56.4862,200.32,7.19891],"timeVisible":0.10779,"tipPosition":[-59.9621,200.224,8.85432],"tipVelocity":[-492.622,280.701,153.623],"tool":false,"touchDistance":0.333333,"touchZone":"none","type":3,"width":19.1702},{"bases":[[[0.119644,-0.828173,-0.547553],[0.719811,0.452203,-0.526673],[0.683782,-0.331122,0.650231]],[[0.0316082,-0.779273,-0.625887],[-0.590492,0.490676,-0.640747],[0.806425,0.389834,-0.444645]],[[0.0316082,-0.779273,-0.625887],[-0.843558,-0.356677,0.401487],[-0.536108,0.515281,-0.668636]],[[0.0316082,-0.779273,-0.625887],[-0.293604,-0.605812,0.739452],[-0.955405,0.16039,-0.247946]]],"btipPosition":[-52.4564,195.873,-6.99025],"carpPosition":[-10.1713,202.672,-1.20309],"dipPosition":[-68.8602,198.626,-11.2474],"direction":[0.536108,-0.515281,0.668636],"extended":false,"handId":413,"id":4134,"length":50.3135,"mcpPosition":[-50.9017,222.396,-39.9349],"pipPosition":[-79.3049,208.665,-24.274],"stabilizedTipPosition":[-55.1314,195.87,-8.25546],"timeVisible":0.10779,"tipPosition":[-57.3257,195.184,-6.353],"tipVelocity":[-525.764,308.999,140.053],"tool":false,"touchDistance":0.333333,"touchZone":"none","type":4,"width":17.0285}],"r":[[0.990765,-0.00670187,-0.135422],[0.0266787,0.988888,0.146246],[0.132937,-0.148508,0.979935]],"s":0.945338,"t":[-53.0944,30.7806,15.7707],"timestamp":262171661396},{"currentFrameRate":38.7564,"devices":[],"gestures":[],"hands":[{"armBasis":[[0.305566,-0.518318,-0.798734],[0.42942,0.823719,-0.370251],[0.84984,-0.229857,0.474276]],"armWidth":66.9278,"confidence":0.554117,"direction":[-0.699924,0.553739,-0.451088],"elbow":[239.821,135.483,159.563],"grabAngle":3.14159,"grabStrength":1,"id":413,"palmNormal":[-0.692205,-0.681527,0.237432],"palmPosition":[-56.6441,239.511,0.350042],"palmVelocity":[-549.874,329.74,182.561],"palmWidth":93.471,"pinchDistance":18.797,"pinchStrength":0.611412,"r":[[0.986752,0.00167165,-0.162227],[0.0266564,0.984686,0.172285],[0.160031,-0.174327,0.971597]],"s":0.93537,"sphereCenter":[-92.7458,217.333,-4.31855],"sphereRadius":39.4249,"stabilizedPalmPosition":[-54.7248,238.381,-0.292354],"t":[-60.1013,34.8432,18.0675],"timeVisible":0.118508,"type":"right","wrist":[4.10752,199.236,28.0171]}],"id":235443,"interactionBox":{"center":[0,200,0],"size":[235.247,235.247,147.751]},"pointables":[{"bases":[[[0.553352,0.52511,-0.646577],[0.441113,0.47372,0.762239],[0.706556,-0.707,0.0305012]],[[0.276059,0.736534,-0.617503],[0.344869,0.52378,0.778922],[0.897138,-0.427986,-0.109413]],[[0.276059,0.736534,-0.61750