{"frames":215,"data":[{"currentFrameRate":25.9581,"devices":[],"gestures":[],"hands":[],"id":236117,"interactionBox":{"center":[0,200,0],"size":[235.247,235.247,147.751]},"pointables":[],"r":[[-0.020113,-0.761857,-0.647433],[0.506356,0.550609,-0.663651],[0.86209,-0.34118,0.374696]],"s":-5.55733,"t":[884.858,792.664,758.259],"timestamp":262190576717},{"currentFrameRate":21.8113,"devices":[],"gestures":[],"hands":[],"id":236118,"interactionBox":{"center":[0,200,0],"size":[235.247,235.247,147.751]},"pointables":[],"r":[[-0.020113,-0.761857,-0.647433],[0.506356,0.550609,-0.663651],[0.86209,-0.34118,0.374696]],"s":-5.55733,"t":[884.858,792.664,758.259],"timestamp":262190653843},{"currentFrameRate":22.5397,"devices":[],"gestures":[],"hands":[],"id":236119,"interactionBox":{"center":[0,200,0],"size":[235.247,235.247,147.751]},"pointables":[],"r":[[-0.020113,-0.761857,-0.647433],[0.506356,0.550609,-0.663651],[0.86209,-0.34118,0.374696]],"s":-5.55733,"t":[884.858,792.664,758.259],"timestamp":262190692352},{"currentFrameRate":23.1368,"devices":[],"gestures":[],"hands":[{"armBasis":[[0.742706,-0.641309,-0.19264],[0.640481,0.764297,-0.0750691],[0.195377,-0.0676282,0.978394]],"armWidth":65.4574,"confidence":0,"direction":[-0.0179122,0.608989,-0.792976],"elbow":[150.282,45.5252,352.754],"grabAngle":2.86235,"grabStrength":0,"id":414,"palmNormal":[-0.757124,-0.526262,-0.387055],"palmPosition":[84.1448,108.244,18.7652],"palmVelocity":[1.19209e-7,1.19209e-7,1.19209e-7],"palmWidth":93.471,"pinchDistance":50.7125,"pinchStrength":0.240741,"r":[[1,2.70617e-17,1.35308e-17],[-2.70617e-17,1,-3.33067e-17],[-1.35308e-17,3.33067e-17,1]],"s":1,"sphereCenter":[54.8314,83.0693,-21.9702],"sphereRadius":53.7585,"stabilizedPalmPosition":[84.1448,108.244,18.7652],"t":[0,0,0],"timeVisible":0,"type":"right","wrist":[96.0922,64.2827,81.3852]}],"id":236120,"interactionBox":{"center":[0,200,0],"size":[235.247,235.247,147.751]},"pointables":[{"bases":[[[0.936473,0.350734,0.00212666],[-0.179964,0.475288,0.861228],[0.301051,-0.806899,0.508214]],[[0.850915,0.514474,-0.106115],[-0.233863,0.551898,0.800448],[0.470375,-0.656296,0.589935]],[[0.850915,0.514474,-0.106115],[-0.333262,0.684857,0.648003],[0.406055,-0.516031,0.754209]],[[0.850915,0.514474,-0.106115],[-0.427909,0.79603,0.428053],[0.304694,-0.318829,0.897502]]],"btipPosition":[20.4832,140.944,-5.18583],"carpPosition":[66.151,81.5507,73.0591],"dipPosition":[27.8086,133.279,16.3917],"direction":[-0.406055,0.516031,-0.754209],"extended":true,"handId":414,"id":4140,"length":53.5374,"mcpPosition":[66.151,81.5507,73.0591],"pipPosition":[42.0308,115.205,42.8081],"stabilizedTipPosition":[22.1681,139.181,-0.223003],"timeVisible":0,"tipPosition":[22.1681,139.181,-0.223003],"tipVelocity":[1.19209e-7,1.19209e-7,1.19209e-7],"tool":false,"touchDistance":1,"touchZone":"none","type":0,"width":20.8021},{"bases":[[[0.640747,-0.482773,-0.59697],[0.729864,0.624275,0.278531],[0.238206,-0.614175,0.752361]],[[0.658924,-0.534006,-0.529771],[0.640411,0.767697,0.0227036],[0.39458,-0.354231,0.847837]],[[0.658924,-0.534006,-0.529771],[0.440597,0.844821,-0.303564],[0.609667,-0.0333901,0.791954]],[[0.658924,-0.534006,-0.529771],[0.22727,0.812705,-0.536525],[0.717055,0.233128,0.656874]]],"btipPosition":[23.4326,152.686,-57.2524],"carpPosition":[86.5725,93.8988,68.2189],"dipPosition":[36.018,156.778,-45.7233],"direction":[-0.609667,0.0333901,-0.791954],"extended":true,"handId":414,"id":4141,"length":60.411,"mcpPosition":[68.57,140.315,11.3587],"pipPosition":[51.1557,155.949,-26.0596],"stabilizedTipPosition":[26.3272,153.627,-54.6007],"timeVisible":0,"tipPosition":[26.3272,153.627,-54.6007],"tipVelocity":[1.19209e-7,1.19209e-7,1.19209e-7],"tool":false,"touchDistance":0.714322,"touchZone":"hovering","type":1,"width":19.8702},{"bases":[[[0.533164,-0.660615,-0.528512],[0.832735,0.520034,0.190047],[0.149296,-0.541436,0.82738]],[[0.523252,-0.626959,-0.577174],[0.11111,0.721704,-0.683227],[0.844904,0.29337,0.447294]],[[0.523252,-0.626959,-0.577174],[-0.841639,-0.274012,-0.465362],[0.133611,0.729273,-0.67105]],[[0.523252,-0.626959,-0.577174],[-0.743848,-0.666503,0.0496392],[-0.41581,0.403356,-0.815111]]],"btipPosition":[47.3111,84.51,14.6724],"carpPosition":[95.7224,89.3212,60.7808],"dipPosition":[39.2841,92.2966,-1.06283],"direction":[-0.133611,-0.729273,0.67105],"extended":false,"handId":414,"id":4142,"length":68.8335,"mcpPosition":[85.0223,128.126,1.48221],"pipPosition":[43.1871,113.6,-20.6654],"stabilizedTipPosition":[45.4649,86.3009,11.0533],"timeVisible":0,"tipPosition":[45.4649,86.3009,11.0533],"tipVelocity":[1.19209e-7,1.19209e-7,1.19209e-7],"tool":false,"touchDistance":0.333333,"touchZone":"none","type":2,"width":19.5152},{"bases":[[[0.48502,-0.770401,-0.413808],[0.873034,0.453982,0.17808],[0.0506686,-0.447641,0.892777]],[[0.481109,-0.742173,-0.466598],[0.134347,0.588376,-0.797348],[0.866305,0.320925,0.382782]],[[0.481109,-0.742173,-0.466598],[-0.848829,-0.261326,-0.459562],[0.21914,0.617162,-0.755704]],[[0.481109,-0.742173,-0.466598],[-0.78184,-0.604011,0.154586],[-0.39656,0.290432,-0.870856]]],"btipPosition":[61.4155,72.9002,16.825],"carpPosition":[103.062,81.9624,53.6222],"dipPosition":[53.8042,78.4746,0.110243],"direction":[-0.21914,-0.617162,0.755704],"extended":false,"handId":414,"id":4143,"length":66.1852,"mcpPosition":[99.8018,110.767,-3.8262],"pipPosition":[60.0403,96.0373,-21.3951],"stabilizedTipPosition":[59.6649,74.1823,12.9806],"timeVisible":0,"tipPosition":[59.6649,74.1823,12.9806],"tipVelocity":[1.19209e-7,1.19209e-7,1.19209e-7],"tool":false,"touchDistance":0.333333,"touchZone":"none","type":3,"width":18.5699},{"bases":[[[0.336663,-0.881383,-0.331395],[0.938868,0.287286,0.18972],[-0.0720107,-0.375008,0.92422]],[[0.343427,-0.820221,-0.457488],[0.247543,0.548943,-0.798363],[0.905969,0.160932,0.391562]],[[0.343427,-0.820221,-0.457488],[-0.836222,-0.0453011,-0.546517],[0.42754,0.57025,-0.701444]],[[0.343427,-0.820221,-0.457488],[-0.895758,-0.432463,0.102927],[-0.282269,0.37445,-0.883239]]],"btipPosition":[73.0535,67.6179,7.26994],"carpPosition":[105.264,69.2135,46.8123],"dipPosition":[68.0554,74.2483,-8.36939],"direction":[-0.42754,-0.57025,0.701445],"extended":false,"handId":414,"id":4144,"length":51.888,"mcpPosition":[109.553,91.5514,-8.24004],"pipPosition":[76.6456,85.7058,-22.4629],"stabilizedTipPosition":[71.9039,69.1429,3.6729],"timeVisible":0,"tipPosition":[71.9039,69.1429,3.6729],"tipVelocity":[1.19209e-7,1.19209e-7,1.19209e-7],"tool":false,"touchDistance":0.333333,"touchZone":"none","type":4,"width":16.4953}],"r":[[1,2.70617e-17,1.35308e-17],[-2.70617e-17,1,-3.33067e-17],[-1.35308e-17,3.33067e-17,1]],"s":1,"t":[0,0,0],"timestamp":262190730895},{"currentFrameRate":23.6338,"devices":[],"gestures":[],"hands":[{"armBasis":[[0.855344,-0.368403,-0.364233],[0.417361,0.906541,0.0631869],[0.306914,-0.206063,0.929162]],"armWidth":66.9278,"confidence":0.200083,"direction":[-0.0518316,0.604653,-0.794801],"elbow":[176.509,34.7551,341.191],"grabAngle":2.65661,"grabStrength":0,"id":414,"palmNormal":[-0.502733,-0.703469,-0.502386],"palmPosition":[75.4129,134.533,20.0911],"palmVelocity":[-226.803,682.831,34.4401],"palmWidth":93.471,"pinchDistance":54.5742,"pinchStrength":0.235406,"r":[[0.997822,0.0560662,0.0347647],[-0.055977,0.998426,-0.00353677],[-0.0349083,0.00158305,0.999389]],"s":1.0127,"sphereCenter":[57.9743,110.206,-20.8376],"sphereRadius":50.9409,"stabilizedPalmPosition":[75.7646,133.475,20.0377],"t":[-4.36596,13.1445,0.662973],"timeVisible":0.0385,"type":"right","wrist":[91.3823,91.9092,83.477]}],"id":236121,"interactionBox":{"center":[0,200,0],"size":[235.247,235.247,147.751]},"pointables":[{"bases":[[[0.786767,0.59688,0.157263],[-0.449388,0.379244,0.808841],[0.42314,-0.707042,0.566608]],[[0.721785,0.687639,0.0786045],[-0.498933,0.438241,0.74767],[0.47968,-0.578875,0.659402]],[[0.721785,0.687639,0.0786045],[-0.622482,0.595316,0.50805],[0.302561,-0.415633,0.857733]],[[0.721785,0.687639,0.0786045],[-0.684775,0.693008,0.225439],[0.100547,-0.216545,0.971081]]],"btipPosition":[19.3937,151.046,-14.6476],"carpPosition":[56.6108,102.198,70.9345],"dipPosition":[21.7377,145.998,7.99046],"direction":[-0.302561,0.415633,-0.857733],"extended":false,"handId":414,"id":4140,"length":51.9129,"mcpPosition":[56.6108,102.198,70.9345],"pipPosition":[32.0134,131.882,37.1212],"stabilizedTipPosition":[21.5262,142.255,-2.87019],"timeVisible":0.0385,"tipPosition":[15.0142,148.568,-9.66782],"tipVelocity":[-58.0586,278.015,-239.425],"tool":false,"touchDistance":1,"touchZone":"none","type":0,"width":21.4746},{"bases":[[[0.841934,-0.266708,-0.469057],[0.4681,0.79341,0.389079],[0.268383,-0.547144,0.792845]],[[0.865471,-0.322717,-0.383162],[0.429426,0.871803,0.235697],[0.257978,-0.368529,0.893103]],[[0.865471,-0.322717,-0.383162],[0.384112,0.918486,0.0940259],[0.321585,-0.228554,0.918883]],[[0.865471,-0.322717,-0.383162],[0.321548,0.944369,-0.0690927],[0.384144,-0.0634071,0.921093]]],"btipPosition":[27.6849,183.583,-66.4705],"carpPosition":[73.2884,119.88,69.4684],"dipPosition":[34.2226,182.504,-50.7945],"direction":[-0.321585,0.228554,-0.918883],"extended":true,"handId":414,"id":4141,"length":58.5779,"mcpPosition":[53.0052,161.23,9.54862],"pipPosition":[41.9651,177.001,-28.6714],"stabilizedTipPosition":[29.0114,181.496,-62.3536],"timeVisible":0.0385,"tipPosition":[26.5664,177.537,-62.8838],"tipVelocity":[74.319,771.626,-214.657],"tool":false,"touchDistance":0.552259,"touchZone":"hovering","type":1,"width":20.5125},{"bases":[[[0.778234,-0.469501,-0.417038],[0.609479,0.724693,0.321491],[0.151284,-0.504371,0.850131]],[[0.785906,-0.4989,-0.36531],[0.0644291,0.653639,-0.754059],[0.614981,0.569083,0.545842]],[[0.785906,-0.4989,-0.36531],[-0.60213,-0.483051,-0.63569],[0.140682,0.719556,-0.680035]],[[0.785906,-0.4989,-0.36531],[-0.585509,-0.790381,-0.180214],[-0.198825,0.355524,-0.913275]]],"btipPosition":[43.8473,100.05,13.0209],"carpPosition":[84.4796,118.261,63.7997],"dipPosition":[40.1256,106.705,-4.07438],"direction":[-0.140682,-0.719556,0.680035],"extended":false,"handId":414,"id":4142,"length":66.7449,"mcpPosition":[73.6371,154.409,2.87047],"pipPosition":[44.1105,127.086,-23.3366],"stabilizedTipPosition":[43.57,98.0056,9.54854],"timeVisible":0.0385,"tipPosition":[45.453,102.608,6.95023],"tipVelocity":[-64.2485,396.866,-51.0213],"tool":false,"touchDistance":0.333333,"touchZone":"none","type":2,"width":20.146},{"bases":[[[0.74384,-0.591891,-0.310429],[0.668035,0.67285,0.31781],[0.020763,-0.443777,0.895897]],[[0.744099,-0.607931,-0.277014],[0.164901,0.568952,-0.805668],[0.647398,0.553817,0.523605]],[[0.744099,-0.607931,-0.277014],[-0.624166,-0.484782,-0.612702],[0.238189,0.628813,-0.740176]],[[0.744099,-0.607931,-0.277014],[-0.646756,-0.759416,-0.0706743],[-0.167404,0.231749,-0.958263]]],"btipPosition":[61.0834,95.7041,15.4497],"carpPosition":[94.689,113.46,58.1434],"dipPosition":[57.9679,100.017,-2.38463],"direction":[-0.238189,-0.628813,0.740176],"extended":false,"handId":414,"id":4143,"length":64.1769,"mcpPosition":[93.353,142.016,0.494223],"pipPosition":[64.5404,117.369,-22.8089],"stabilizedTipPosition":[60.338,95.7711,11.4149],"timeVisible":0.0385,"tipPosition":[62.3585,95.4641,10.8737],"tipVelocity":[18.2321,584.774,-42.4104],"tool":false,"touchDistance":0.333333,"touchZone":"none","type":3,"width":19.1702},{"bases":[[[0.620572,-0.742259,-0.252868],[0.774789,0.53073,0.343552],[-0.1208,-0.409118,0.90445]],[[0.631428,-0.676796,-0.37848],[0.226535,0.627795,-0.744685],[0.741607,0.384476,0.549725]],[[0.631428,-0.676796,-0.37848],[-0.714224,-0.317536,-0.623742],[0.301965,0.664167,-0.683885]],[[0.631428,-0.676796,-0.37848],[-0.755037,-0.647824,-0.101212],[-0.176688,0.349674,-0.920059]]],"btipPosition":[79.7133,93.9303,7.92423],"carpPosition":[101.487,102.046,52.0402],"dipPosition":[76.6797,99.934,-7.87274],"direction":[-0.301965,-0.664167,0.683885],"extended":false,"handId":414,"id":4144,"length":50.3135,"mcpPosition":[108.683,126.415,-1.83454],"pipPosition":[82.5627,112.874,-21.1965],"stabilizedTipPosition":[78.7326,94.2697,4.26633],"timeVisible":0.0385,"tipPosition":[77.5492,94.2289,3.87002],"tipVelocity":[184.719,679.695,16.0527],"tool":false,"touchDistance":0.333333,"touchZone":"none","type":4,"width":17.0285}],"r":[[0.997822,0.0560662,0.0347647],[-0.055977,0.998426,-0.00353677],[-0.0349083,0.00158305,0.999389]],"s":1.0127,"t":[-4.36596,13.1445,0.662973],"timestamp":262190769395},{"currentFrameRate":25.0025,"devices":[],"gestures":[],"hands":[{"armBasis":[[0.849958,-0.27763,-0.447765],[0.433341,0.851772,0.294449],[0.299646,-0.444304,0.844279]],"armWidth":66.9278,"confidence":0.345298,"direction":[-0.0570158,0.700976,-0.710902],"elbow":[166.072,-17.1455,305.978],"grabAngle":2.67082,"grabStrength":0,"id":414,"palmNormal":[-0.487286,-0.641024,-0.592993],"palmPosition":[66.7836,157.514,15.1316],"palmVelocity":[-289.042,769.755,-166.122],"palmWidth":93.471,"pinchDistance":53.302,"pinchStrength":0.488943,"r":[[0.992507,0.103135,0.0655143],[-0.104495,0.994368,0.0176751],[-0.0633224,-0.0243886,0.997695]],"s":1.00254,"sphereCenter":[54.607,137.859,-28.7585],"sphereRadius":49.5683,"stabilizedPalmPosition":[67.1005,156.666,15.3047],"t":[-10.8636,31.2073,-1.48533],"timeVisible":0.068355,"type":"right","wrist":[82.9617,106.088,71.8074]}],"id":236122,"interactionBox":{"center":[0,200,0],"size":[235.247,235.247,147.751]},"pointables":[{"bases":[[[0.849436,-0.190469,-0.492118],[0.451854,0.744225,0.491891],[0.272556,-0.640196,0.718236]],[[0.882106,-0.290468,-0.370833],[0.43413,0.806829,0.400696],[0.18281,-0.514446,0.83781]],[[0.882106,-0.290468,-0.370833],[0.388022,0.89441,0.222417],[0.267072,-0.340087,0.901673]],[[0.882106,-0.290468,-0.370833],[0.346898,0.933155,0.0942461],[0.318669,-0.211776,0.923905]]],"btipPosition":[24.3132,218.787,-65.3724],"carpPosition":[64.5886,136.596,62.1951],"dipPosition":[29.7366,215.183,-49.6485],"direction":[-0.267072,0.340087,-0.901673],"extended":true,"handId":414,"id":4141,"length":58.5779,"mcpPosition":[43.99,184.98,7.91402],"pipPosition":[36.1667,206.995,-27.9398],"stabilizedTipPosition":[25.6978,216.51,-61.7796],"timeVisible":0.068355,"tipPosition":[20.1054,212.429,-61.9601],"tipVelocity":[-121.517,1159.72,37.1515],"tool":false,"touchDistance":0.547004,"touchZone":"hovering","type":1,"width":20.5125},{"bases":[[[0.775357,0.584342,0.239513],[-0.461109,0.264689,0.846947],[0.43151,-0.767127,0.474674]],[[0.673949,0.725346,0.140236],[-0.582506,0.404976,0.704756],[0.454399,-0.556658,0.695452]],[[0.673949,0.725346,0.140236],[-0.709346,0.58229,0.397199],[0.206449,-0.367168,0.906955]],[[0.673949,0.725346,0.140236],[-0.735937,0.675782,0.0414229],[-0.0647229,-0.131122,0.989251]]],"btipPosition":[19.4041,162.677,-28.2947],"carpPosition":[48.2078,118.605,61.2312],"dipPosition":[17.8953,159.62,-5.23307],"direction":[-0.206449,0.367168,-0.906955],"extended":false,"handId":414,"id":4140,"length":51.9129,"mcpPosition":[48.2078,118.605,61.2312],"pipPosition":[24.9068,147.15,25.5694],"stabilizedTipPosition":[20.5686,149.902,-10.6731],"timeVisible":0.068355,"tipPosition":[14.5998,166.291,-19.5216],"tipVelocity":[-29.3321,404.92,-453.85],"tool":false,"touchDistance":0.974937,"touchZone":"hovering","type":0,"width":21.4746},{"bases":[[[0.78889,-0.399274,-0.467154],[0.59483,0.687074,0.417261],[0.154368,-0.60705,0.779526]],[[0.796727,-0.434957,-0.41957],[0.0526778,0.741602,-0.668768],[0.602039,0.510724,0.613767]],[[0.796727,-0.434957,-0.41957],[-0.591406,-0.418288,-0.689401],[0.124358,0.797401,-0.590497]],[[0.796727,-0.434957,-0.41957],[-0.561699,-0.789122,-0.248557],[-0.22298,0.433704,-0.87303]]],"btipPosition":[36.5253,124.183,4.19357],"carpPosition":[75.8428,135.902,56.4628],"dipPosition":[32.3514,132.302,-12.1483],"direction":[-0.124358,-0.797401,0.590497],"extended":false,"handId":414,"id":4142,"length":66.7449,"mcpPosition":[64.7792,179.409,0.593915],"pipPosition":[35.8739,154.888,-28.8744],"stabilizedTipPosition":[35.9965,124.54,0.925852],"timeVisible":0.068355,"tipPosition":[37.3446,127.002,-2.09575],"tipVelocity":[-248.736,819.641,-289.869],"tool":false,"touchDistance":0.333333,"touchZone":"none","type":2,"width":20.146},{"bases":[[[0.755908,-0.534905,-0.377465],[0.654291,0.63709,0.407456],[0.0225293,-0.554971,0.831565]],[[0.756026,-0.563968,-0.332213],[0.176996,0.66479,-0.725759],[0.630157,0.489892,0.602419]],[[0.756026,-0.563968,-0.332213],[-0.612642,-0.431033,-0.66248],[0.230423,0.70438,-0.671383]],[[0.756026,-0.563968,-0.332213],[-0.626543,-0.770403,-0.117996],[-0.189392,0.297353,-0.935795]]],"btipPosition":[53.8414,120.973,5.9471],"carpPosition":[86.1698,132.035,50.3252],"dipPosition":[50.3166,126.507,-11.469],"direction":[-0.230423,-0.70438,0.671383],"extended":false,"handId":414,"id":4143,"length":64.1769,"mcpPosition":[84.7201,167.746,-3.18432],"pipPosition":[56.6748,145.943,-29.9951],"stabilizedTipPosition":[53.4235,120.822,2.45064],"timeVisible":0.068355,"tipPosition":[54.3233,119.992,0.961015],"tipVelocity":[-245.726,855.788,-315.069],"tool":false,"touchDistance":0.333333,"touchZone":"none","type":3,"width":19.1702},{"bases":[[[0.634866,-0.693406,-0.340784],[0.763299,0.494587,0.415641],[-0.119661,-0.523997,0.843273]],[[0.641483,-0.656547,-0.396794],[0.28093,0.682358,-0.674882],[0.713847,0.321454,0.622165]],[[0.641483,-0.656547,-0.396794],[-0.687182,-0.261869,-0.677647],[0.340999,0.707368,-0.619152]],[[0.641483,-0.656547,-0.396794],[-0.754694,-0.632884,-0.172898],[-0.137608,0.410369,-0.901477]]],"btipPosition":[70.9073,120.676,-1.73879],"carpPosition":[93.2029,121.612,42.8647],"dipPosition":[68.5446,127.722,-17.2167],"direction":[-0.340999,-0.707368,0.619152],"extended":false,"handId":414,"id":4144,"length":50.3135,"mcpPosition":[100.331,152.825,-7.36594],"pipPosition":[75.1881,141.503,-29.2793],"stabilizedTipPosition":[70.7852,120.885,-4.81718],"timeVisible":0.068355,"tipPosition":[69.789,119.962,-6.02647],"tipVelocity":[-289.792,903.873,-321.207],"tool":false,"touchDistance":0.333333,"touchZone":"none","type":4,"width":17.0285}],"r":[[0.992507,0.103135,0.0655143],[-0.104495,0.994368,0.0176751],[-0.0633224,-0.0243886,0.997695]],"s":1.00254,"t":[-10.8636,31.2073,-1.48533],"timestamp":262190799250},{"currentFrameRate":27.3713,"devices":[],"gestures":[],"hands":[{"armBasis":[[0.892276,-0.1352,-0.430771],[0.32079,0.861237,0.394164],[0.317705,-0.48989,0.811832]],"armWidth":66.9278,"confidence":0.434974,"direction":[-0.083341,0.756931,-0.648159],"elbow":[168.285,-20.4475,291.631],"grabAngle":2.65953,"grabStrength":0,"id":414,"palmNormal":[-0.378407,-0.625742,-0.682096],"palmPosition":[62.1075,170.222,13.6119],"palmVelocity":[-232.573,632.029,-75.5812],"palmWidth":93.471,"pinchDistance":57.3297,"pinchStrength":0.632772,"r":[[0.981591,0.157956,0.107376],[-0.163959,0.985223,0.0495287],[-0.0979658,-0.0662221,0.992984]],"s":0.983314,"sphereCenter":[53.6421,154.596,-31.5955],"sphereRadius":48.1228,"stabilizedPalmPosition":[62.4332,169.338,13.7224],"t":[-16.4505,46.5924,-3.31931],"timeVisible":0.088461,"type":"right","wrist":[80.1658,115.429,66.4594]}],"id":236123,"interactionBox":{"center":[0,200,0],"size":[235.247,235.247,147.751]},"pointables":[{"bases":[[[0.8948,-0.058656,-0.442598],[0.339072,0.734201,0.588199],[0.290455,-0.676393,0.676852]],[[0.929964,-0.167133,-0.327466],[0.326526,0.784809,0.526741],[0.168962,-0.596776,0.784417]],[[0.929964,-0.167133,-0.327466],[0.275446,0.906676,0.31948],[0.24351,-0.387304,0.889212]],[[0.929964,-0.167133,-0.327466],[0.234379,0.955746,0.17781],[0.283256,-0.242108,0.927981]]],"btipPosition":[19.1832,234.881,-63.5843],"carpPosition":[59.0486,144.778,58.3399],"dipPosition":[24.0039,230.76,-47.7911],"direction":[-0.24351,0.387304,-0.889212],"extended":true,"handId":414,"id":4141,"length":58.5779,"mcpPosition":[37.0974,195.897,7.18645],"pipPosition":[29.8667,221.435,-26.3824],"stabilizedTipPosition":[20.673,232.705,-60.0807],"timeVisible":0.088461,"tipPosition":[15.3451,227.786,-61.474],"tipVelocity":[-262.044,794.518,89.7227],"tool":false,"touchDistance":0.552696,"touchZone":"hovering","type":1,"width":20.5125},{"bases":[[[0.693157,0.631562,0.347366],[-0.54017,0.136077,0.830482],[0.477232,-0.76329,0.435474]],[[0.5829,0.772285,0.252594],[-0.669914,0.280846,0.68727],[0.459828,-0.569826,0.68107]],[[0.5829,0.772285,0.252594],[-0.807318,0.515254,0.287665],[0.0920095,-0.371604,0.923821]],[[0.5829,0.772285,0.252594],[-0.761758,0.627571,-0.160868],[-0.282757,-0.0986453,0.954106]]],"btipPosition":[24.6133,169.59,-33.973],"carpPosition":[44.7259,125.45,54.5689],"dipPosition":[18.0216,167.29,-11.7307],"direction":[-0.0920095,0.371604,-0.923821],"extended":false,"handId":414,"id":4140,"length":51.9129,"mcpPosition":[44.7259,125.45,54.5689],"pipPosition":[21.1465,154.67,19.6445],"stabilizedTipPosition":[21.5716,157.501,-17.8858],"timeVisible":0.088461,"tipPosition":[15.9506,174.109,-25.7653],"tipVelocity":[200.94,352.497,-291.792],"tool":false,"touchDistance":0.822776,"touchZone":"hovering","type":0,"width":21.4746},{"bases":[[[0.854812,-0.273798,-0.440829],[0.491762,0.698687,0.519622],[0.16573,-0.660962,0.73189]],[[0.863212,-0.312939,-0.396149],[0.0299181,0.815031,-0.578645],[0.503954,0.487641,0.712907]],[[0.863212,-0.312939,-0.396149],[-0.497543,-0.394404,-0.77259],[0.0855313,0.864011,-0.496155]],[[0.863212,-0.312939,-0.396149],[-0.466701,-0.793867,-0.389827],[-0.192497,0.521386,-0.831325]]],"btipPosition":[35.7691,135.463,-3.64725],"carpPosition":[70.6624,145.737,53.4207],"dipPosition":[32.1658,145.222,-19.2085],"direction":[-0.0855313,-0.864011,0.496155],"extended":false,"handId":414,"id":4142,"length":66.7449,"mcpPosition":[58.7845,193.108,0.965933],"pipPosition":[34.5885,169.696,-33.2623],"stabilizedTipPosition":[35.136,135.268,-5.71609],"timeVisible":0.088461,"tipPosition":[37.0098,138.691,-8.3039],"tipVelocity":[-31.0829,579.762,-381.044],"tool":false,"touchDistance":0.333333,"touchZone":"none","type":2,"width":20.146},{"bases":[[[0.830364,-0.419966,-0.366229],[0.55661,0.655914,0.509866],[0.0260888,-0.627221,0.778404]],[[0.829496,-0.404746,-0.384861],[0.121283,0.803173,-0.583269],[0.545186,0.437142,0.715317]],[[0.829496,-0.404746,-0.384861],[-0.538701,-0.397895,-0.742617],[0.147437,0.823323,-0.548089]],[[0.829496,-0.404746,-0.384861],[-0.516547,-0.818015,-0.253041],[-0.212405,0.408695,-0.887611]]],"btipPosition":[55.6548,134.082,-2.5323],"carpPosition":[81.7124,143.502,47.7485],"dipPosition":[51.7017,141.689,-19.0517],"direction":[-0.147437,-0.823323,0.548089],"extended":false,"handId":414,"id":4143,"length":64.1769,"mcpPosition":[80.0337,183.862,-2.34024],"pipPosition":[55.7701,164.407,-34.1756],"stabilizedTipPosition":[54.5177,133.245,-4.81809],"timeVisible":0.088461,"tipPosition":[54.5989,133.688,-5.02083],"tipVelocity":[85.2929,675.724,-411.477],"tool":false,"touchDistance":0.333333,"touchZone":"none","type":3,"width":19.1702},{"bases":[[[0.724344,-0.592301,-0.352853],[0.679089,0.524601,0.51345],[-0.11901,-0.611533,0.782217]],[[0.732476,-0.530134,-0.427126],[0.260827,0.798048,-0.54322],[0.628847,0.28649,0.722824]],[[0.732476,-0.530134,-0.427126],[-0.612249,-0.238596,-0.753806],[0.297707,0.813652,-0.49934]],[[0.732476,-0.530134,-0.427126],[-0.66863,-0.678255,-0.304803],[-0.128114,0.50885,-0.851269]]],"btipPosition":[71.6012,136.326,-7.77242],"carpPosition":[90.2613,134.578,39.9358],"dipPosition":[69.4015,145.062,-22.3883],"direction":[-0.297707,-0.813652,0.49934],"extended":false,"handId":414,"id":4144,"length":50.3135,"mcpPosition":[97.3503,171.005,-6.65794],"pipPosition":[75.2016,160.914,-32.1166],"stabilizedTipPosition":[71.0596,136.33,-10.4082],"timeVisible":0.088461,"tipPosition":[70.4505,135.67,-10.5811],"tipVelocity":[36.3755,797.717,-290.229],"tool":false,"touchDistance":0.333333,"touchZone":"none","type":4,"width":17.0285}],"r":[[0.981591,0.157956,0.107376],[-0.163959,0.985223,0.0495287],[-0.0979658,-0.0662221,0.992984]],"s":0.983314,"t":[-16.4505,46.5924,-3.31931],"timestamp":262190819356},{"currentFrameRate":29.5114,"devices":[],"gestures":[],"hands":[{"armBasis":[[0.88634,-0.103748,-0.451263],[0.316924,0.846453,0.427875],[0.337582,-0.522259,0.783125]],"armWidth":66.9278,"confidence":0.516813,"direction":[-0.094525,0.798648,-0.594329],"elbow":[171.862,-20.1417,279.815],"grabAngle":2.64897,"grabStrength":0,"id":414,"palmNormal":[-0.384706,-0.579929,-0.718112],"palmPosition":[59.1888,182.68,13.6651],"palmVelocity":[-145.097,619.328,2.64494],"palmWidth":93.471,"pinchDistance":60.8839,"pinchStrength":0.831532,"r":[[0.969607,0.199428,0.141742],[-0.212839,0.97324,0.0866267],[-0.120673,-0.114162,0.986106]],"s":0.954762,"sphereCenter":[47.0052,171.967,-30.272],"sphereRadius":46.0746,"stabilizedPalmPosition":[59.3114,182.176,13.6673],"t":[-20.7032,60.5139,-4.20969],"timeVisible":0.108576,"type":"right","wrist":[78.2295,124.713,62.6055]}],"id":236124,"interactionBox":{"center":[0,200,0],"size":[235.247,235.247,147.751]},"pointables":[{"bases":[[[0.889281,-0.0243854,-0.456711],[0.343758,0.694307,0.632273],[0.301679,-0.719266,0.625816]],[[0.926977,-0.143236,-0.346694],[0.335079,0.731653,0.593638],[0.168629,-0.666459,0.726221]],[[0.926977,-0.143236,-0.346694],[0.277388,0.883924,0.376476],[0.252527,-0.445153,0.859109]],[[0.926977,-0.143236,-0.346694],[0.234877,0.942258,0.238711],[0.292483,-0.30271,0.907094]]],"btipPosition":[15.7264,253.003,-57.894],"carpPosition":[56.8,154.254,56.6025],"dipPosition":[20.7042,247.851,-42.4563],"direction":[-0.252527,0.445153,-0.859109],"extended":true,"handId":414,"id":4141,"length":58.5779,"mcpPosition":[34.0005,208.613,9.30606],"pipPosition":[26.784,237.134,-21.7723],"stabilizedTipPosition":[17.1007,250.665,-54.6896],"timeVisible":0.108576,"tipPosition":[11.6662,245.48,-56.5811],"tipVelocity":[-170.055,889.147,278.825],"tool":false,"touchDistance":0.614889,"touchZone":"hovering","type":1,"width":20.5125},{"bases":[[[0.695122,0.609856,0.380633],[-0.530016,0.0770487,0.84448],[0.485684,-0.788758,0.376791]],[[0.563349,0.776335,0.28274],[-0.674724,0.234772,0.699736],[0.47685,-0.584967,0.65607]],[[0.563349,0.776335,0.28274],[-0.825134,0.511107,0.240675],[0.0423339,-0.368882,0.928512]],[[0.563349,0.776335,0.28274],[-0.7295,0.628035,-0.270928],[-0.387901,-0.0536319,0.920139]]],"btipPosition":[25.6571,178.933,-34.9166],"carpPosition":[42.5043,135.158,51.7109],"dipPosition":[16.6143,177.683,-13.4661],"direction":[-0.0423339,0.368882,-0.928512],"extended":false,"handId":414,"id":4140,"length":51.9129,"mcpPosition":[42.5043,135.158,51.7109],"pipPosition":[18.0521,165.154,18.0685],"stabilizedTipPosition":[22.7792,170.232,-25.1696],"timeVisible":0.108576,"tipPosition":[16.3168,185.447,-26.5662],"tipVelocity":[23.8668,476.487,-55.96],"tool":false,"touchDistance":0.756947,"touchZone":"hovering","type":0,"width":21.4746},{"bases":[[[0.850143,-0.239339,-0.469013],[0.495692,0.664229,0.559544],[0.177611,-0.708179,0.683328]],[[0.859264,-0.281374,-0.427194],[0.0581407,0.883434,-0.464935],[0.508218,0.374664,0.775462]],[[0.859264,-0.281374,-0.427194],[-0.503453,-0.317338,-0.803636],[0.0905575,0.905608,-0.414336]],[[0.859264,-0.281374,-0.427194],[-0.466288,-0.774235,-0.427944],[-0.210336,0.566912,-0.796473]]],"btipPosition":[32.5882,152.102,-7.94627],"carpPosition":[68.3462,155.598,51.6146],"dipPosition":[28.651,162.713,-22.8552],"direction":[-0.0905575,-0.905608,0.414336],"extended":false,"handId":414,"id":4142,"length":66.7449,"mcpPosition":[55.6167,206.354,2.64028],"pipPosition":[31.2161,188.365,-34.5914],"stabilizedTipPosition":[32.1349,152.018,-10.6342],"timeVisible":0.108576,"tipPosition":[33.45,153.007,-10.311],"tipVelocity":[-161.954,836.933,-206.263],"tool":false,"touchDistance":0.333333,"touchZone":"none","type":2,"width":20.146},{"bases":[[[0.827212,-0.390332,-0.404181],[0.560574,0.622518,0.546103],[0.038448,-0.678316,0.733764]],[[0.827264,-0.391265,-0.40317],[0.156279,0.849562,-0.503806],[0.53964,0.353774,0.763959]],[[0.827264,-0.391265,-0.40317],[-0.535356,-0.33137,-0.776909],[0.170379,0.858549,-0.483596]],[[0.827264,-0.391265,-0.40317],[-0.527408,-0.788123,-0.317336],[-0.193585,0.475156,-0.858342]]],"btipPosition":[51.7417,149.173,-6.23102],"carpPosition":[79.3311,153.804,45.6664],"dipPosition":[48.1389,158.016,-22.2057],"direction":[-0.170379,-0.858549,0.483596],"extended":false,"handId":414,"id":4143,"length":64.1769,"mcpPosition":[76.8571,197.452,-1.54985],"pipPosition":[52.8403,181.707,-35.55],"stabilizedTipPosition":[51.345,149.055,-9.29562],"timeVisible":0.108576,"tipPosition":[51.4926,147.959,-7.65207],"tipVelocity":[-190.529,764.38,-177.65],"tool":false,"touchDistance":0.333333,"touchZone":"none","type":3,"width":19.1702},{"bases":[[[0.722032,-0.563673,-0.401178],[0.683591,0.491839,0.539257],[-0.10665,-0.663602,0.740445]],[[0.726886,-0.525471,-0.442173],[0.312879,0.826541,-0.467907],[0.611346,0.201768,0.76521]],[[0.726886,-0.525471,-0.442173],[-0.599967,-0.172582,-0.781188],[0.33418,0.833124,-0.440713]],[[0.726886,-0.525471,-0.442173],[-0.680688,-0.636677,-0.362361],[-0.0911114,0.564377,-0.820474]]],"btipPosition":[67.6875,151.969,-11.2227],"carpPosition":[87.8134,145.469,37.1611],"dipPosition":[66.1232,161.66,-25.3098],"direction":[-0.33418,-0.833124,0.440713],"extended":false,"handId":414,"id":4144,"length":50.3135,"mcpPosition":[94.1661,184.997,-6.94442],"pipPosition":[72.6338,177.891,-33.896],"stabilizedTipPosition":[67.6216,152.791,-14.1435],"timeVisible":0.108576,"tipPosition":[67.3505,150.429,-13.1101],"tipVelocity":[-187.299,788.614,-165.482],"tool":false,"touchDistance":0.333333,"touchZone":"none","type":4,"width":17.0285}],"r":[[0.969607,0.199428,0.141742],[-0.212839,0.97324,0.0866267],[-0.120673,-0.114162,0.986106]],"s":0.954762,"t":[-20.7032,60.5139,-4.20969],"timestamp":262190839471},{"currentFrameRate":31.4461,"devices":[],"gestures":[],"hands":[{"armBasis":[[0.890806,-0.052008,-0.451398],[0.279743,0.845612,0.454626],[0.358064,-0.531259,0.767824]],"armWidth":66.9278,"confidence":0.590183,"direction":[-0.137346,0.817188,-0.559768],"elbow":[177.88,-12.1454,271.64],"grabAngle":2.64723,"grabStrength":0,"id":414,"palmNormal":[-0.364559,-0.56716,-0.73853],"palmPosition":[56.4987,194.12,12.2284],"palmVelocity":[-133.739,568.741,-71.4241],"palmWidth":93.471,"pinchDistance":63.582,"pinchStrength":0.939668,"r":[[0.956021,0.238698,0.170431],[-0.261014,0.957442,0.123195],[-0.133771,-0.162262,0.977638]],"s":0.928436,"sphereCenter":[41.575,186.325,-29.7693],"sphereRadius":44.8072,"stabilizedPalmPosition":[56.5656,193.836,12.2626],"t":[-24.1747,73.1948,-5.37323],"timeVisible":0.128691,"type":"right","wrist":[78.5671,135.206,58.6744]}],"id":236125,"interactionBox":{"center":[0,200,0],"size":[235.247,235.247,147.751]},"pointables":[{"bases":[[[0.88486,0.0360304,-0.464461],[0.317501,0.682943,0.657862],[0.340903,-0.729583,0.592869]],[[0.92832,-0.0823451,-0.362548],[0.311661,0.704044,0.638114],[0.202704,-0.705366,0.679242]],[[0.92832,-0.0823451,-0.362548],[0.246886,0.865647,0.435549],[0.277973,-0.493837,0.823927]],[[0.92832,-0.0823451,-0.362548],[0.198634,0.934168,0.296436],[0.31427,-0.347202,0.883564]]],"btipPosition":[9.3779,266.99,-54.7863],"carpPosition":[55.8575,163.867,53.9623],"dipPosition":[14.7264,261.081,-39.749],"direction":[-0.277973,0.493837,-0.823927],"extended":true,"handId":414,"id":4141,"length":58.5779,"mcpPosition":[30.0936,219.006,9.15587],"pipPosition":[21.4189,249.192,-19.9121],"stabilizedTipPosition":[10.8834,264.997,-51.4703],"timeVisible":0.128691,"tipPosition":[6.06626,258.491,-54.5046],"tipVelocity":[-311.372,686.714,149.92],"tool":false,"touchDistance":0.631968,"touchZone":"hovering","type":1,"width":20.5125},{"bases":[[[0.669877,0.625444,0.400107],[-0.524575,0.0173218,0.851188],[0.52544,-0.780077,0.339695]],[[0.51992,0.798223,0.304175],[-0.693184,0.186167,0.696303],[0.499178,-0.572871,0.650108]],[[0.51992,0.798223,0.304175],[-0.85421,0.48465,0.188254],[0.00284989,-0.357706,0.93383]],[[0.51992,0.798223,0.304175],[-0.696157,0.602299,-0.390642],[-0.495024,-0.008651,0.868836]]],"btipPosition":[28.26,186.069,-36.9118],"carpPosition":[42.4139,144.343,48.3946],"dipPosition":[16.7199,185.867,-16.6572],"direction":[-0.00284989,0.357706,-0.93383],"extended":false,"handId":414,"id":4140,"length":51.9129,"mcpPosition":[42.4139,144.343,48.3946],"pipPosition":[16.8167,173.719,15.0579],"stabilizedTipPosition":[24.7741,181.376,-30.1689],"timeVisible":0.128691,"tipPosition":[17.215,193.104,-29.057],"tipVelocity":[100.846,366.753,-112.864],"tool":false,"touchDistance":0.680532,"touchZone":"hovering","type":0,"width":21.4746},{"bases":[[[0.855604,-0.179827,-0.485391],[0.469934,0.663019,0.582725],[0.217033,-0.726683,0.651788]],[[0.867079,-0.223078,-0.445433],[0.0222442,0.910582,-0.412729],[0.497674,0.34796,0.794508]],[[0.867079,-0.223078,-0.445433],[-0.496711,-0.318728,-0.807273],[0.0381126,0.921221,-0.387168]],[[0.867079,-0.223078,-0.445433],[-0.423734,-0.800436,-0.423972],[-0.261962,0.556362,-0.788566]]],"btipPosition":[31.6534,164.821,-10.1903],"carpPosition":[67.2787,165.954,48.9422],"dipPosition":[26.7498,175.235,-24.9512],"direction":[-0.0381126,-0.921221,0.387168],"extended":false,"handId":414,"id":4142,"length":66.7449,"mcpPosition":[51.7238,218.035,2.22829],"pipPosition":[27.8294,201.329,-35.9178],"stabilizedTipPosition":[30.6646,165.904,-13.3304],"timeVisible":0.128691,"tipPosition":[31.794,164.564,-12.8328],"tipVelocity":[-57.5234,630.072,-109.866],"tool":false,"touchDistance":0.333333,"touchZone":"none","type":2,"width":20.146},{"bases":[[[0.84034,-0.33427,-0.426722],[0.536541,0.624973,0.567037],[0.0771462,-0.705458,0.70454]],[[0.840431,-0.335106,-0.425887],[0.122627,0.883102,-0.452873],[0.527862,0.328383,0.783279]],[[0.840431,-0.335106,-0.425887],[-0.527764,-0.32768,-0.78364],[0.123048,0.883363,-0.452249]],[[0.840431,-0.335106,-0.425887],[-0.498266,-0.786855,-0.36413],[-0.213089,0.518231,-0.828269]]],"btipPosition":[50.3889,161.681,-9.46522],"carpPosition":[78.2752,164.921,42.8362],"dipPosition":[46.4231,171.326,-24.8802],"direction":[-0.123048,-0.883363,0.452249],"extended":false,"handId":414,"id":4143,"length":64.1769,"mcpPosition":[73.311,210.316,-2.49951],"pipPosition":[49.8184,195.701,-37.3595],"stabilizedTipPosition":[49.6385,162.614,-12.6891],"timeVisible":0.128691,"tipPosition":[50.1722,160.175,-10.5775],"tipVelocity":[-71.4066,630.979,-154.386],"tool":false,"touchDistance":0.333333,"touchZone":"none","type":3,"width":19.1702},{"bases":[[[0.74334,-0.512311,-0.430097],[0.665407,0.500577,0.553766],[-0.0684035,-0.697826,0.712994]],[[0.745701,-0.479645,-0.462462],[0.288803,0.858187,-0.42439],[0.600436,0.182908,0.778474]],[[0.745701,-0.479645,-0.462462],[-0.598996,-0.17865,-0.780569],[0.291776,0.859084,-0.420525]],[[0.745701,-0.479645,-0.462462],[-0.656175,-0.649109,-0.384828],[-0.115608,0.590423,-0.798772]]],"btipPosition":[66.2763,165.6,-14.0585],"carpPosition":[87.0494,157.35,33.9233],"dipPosition":[64.2914,175.737,-27.773],"direction":[-0.291776,-0.859084,0.420525],"extended":false,"handId":414,"id":4144,"length":50.3135,"mcpPosition":[91.1239,198.917,-8.54708],"pipPosition":[69.9759,192.474,-35.9658],"stabilizedTipPosition":[65.9179,167.107,-17.0456],"timeVisible":0.128691,"tipPosition":[65.876,163.627,-15.9909],"tipVelocity":[-74.9672,682.746,-136.717],"tool":false,"touchDistance":0.333333,"touchZone":"none","type":4,"width":17.0285}],"r":[[0.956021,0.238698,0.170431],[-0.261014,0.957442,0.123195],[-0.133771,-0.162262,0.977638]],"s":0.928436,"t":[-24.1747,73.1948,-5.37323],"timestamp":262190859586},{"currentFrameRate":33.1976,"devices":[],"gestures":[],"hands":[{"armBasis":[[0.88727,-0.044461,-0.459102],[0.277666,0.846273,0.454668],[0.368311,-0.530891,0.763218]],"armWidth":66.9278,"confidence":0.654899,"direction":[-0.165169,0.84406,-0.510179],"elbow":[179.544,-2.48214,265.611],"grabAngle":2.63618,"grabStrength":0,"id":414,"palmNormal":[-0.388746,-0.531121,-0.752853],"palmPosition":[53.3283,205.469,11.0367],"palmVelocity":[-157.74,564.64,-59.2927],"palmWidth":93.471,"pinchDistance":66.6085,"pinchStrength":0.879222,"r":[[0.9444,0.268625,0.189601],[-0.30009,0.939852,0.163169],[-0.134365,-0.210994,0.968208]],"s":0.912299,"sphereCenter":[33.9064,201.316,-27.9783],"sphereRadius":44.2263,"stabilizedPalmPosition":[53.3758,205.298,11.0547],"t":[-27.4956,85.2095,-6.55086],"timeVisible":0.14879,"type":"right","wrist":[77.3887,144.767,53.9233]}],"id":236126,"interactionBox":{"center":[0,200,0],"size":[235.247,235.247,147.751]},"pointables":[{"bases":[[[0.865819,0.0687878,-0.495606],[0.337715,0.650519,0.680275],[0.369195,-0.756369,0.540001]],[[0.911539,-0.0458853,-0.408646],[0.336716,0.653732,0.677685],[0.236049,-0.755334,0.611353]],[[0.911539,-0.0458853,-0.408646],[0.271124,0.814224,0.513352],[0.309174,-0.578734,0.754638]],[[0.911539,-0.0458853,-0.408646],[0.212171,0.903742,0.371797],[0.35225,-0.42561,0.833532]]],"btipPosition":[3.09688,283.729,-48.2178],"carpPosition":[54.5393,173.065,51.1102],"dipPosition":[9.09179,276.486,-34.032],"direction":[-0.309174,0.578734,-0.754638],"extended":true,"handId":414,"id":4141,"length":58.5779,"mcpPosition":[26.6371,230.228,10.2993],"pipPosition":[16.5355,262.552,-15.8634],"stabilizedTipPosition":[4.77118,281.276,-45.2555],"timeVisible":0.14879,"tipPosition":[0.649783,274.366,-49.3121],"tipVelocity":[-305.108,817.545,317.06],"tool":false,"touchDistance":0.697693,"touchZone":"hovering","type":1,"width":20.5125},{"bases":[[[0.680215,0.609983,0.406483],[-0.491169,-0.0323417,0.870464],[0.544114,-0.791754,0.277605]],[[0.514551,0.795551,0.319899],[-0.681975,0.153553,0.715075],[0.519757,-0.586106,0.621557]],[[0.514551,0.795551,0.319899],[-0.857141,0.487393,0.166605],[-0.0233742,-0.359925,0.932688]],[[0.514551,0.795551,0.319899],[-0.677686,0.605882,-0.416712],[-0.525337,-0.00237194,0.850891]]],"btipPosition":[27.4246,196.065,-38.3438],"carpPosition":[41.0364,153.731,45.0414],"dipPosition":[15.1778,196.01,-18.5076],"direction":[0.0233742,0.359925,-0.932688],"extended":false,"handId":414,"id":4140,"length":51.9129,"mcpPosition":[41.0364,153.731,45.0414],"pipPosition":[14.3839,183.786,13.1688],"stabilizedTipPosition":[24.6402,193.193,-33.0775],"timeVisible":0.14879,"tipPosition":[15.8113,203.442,-30.0992],"tipVelocity":[-49.6546,499.031,-76.0361],"tool":false,"touchDistance":0.622888,"touchZone":"hovering","type":0,"width":21.4746},{"bases":[[[0.837395,-0.145945,-0.526753],[0.487254,0.636019,0.598384],[0.247694,-0.757747,0.603712]],[[0.850741,-0.19112,-0.489604],[-0.0539868,0.894838,-0.443113],[0.522805,0.403407,0.750958]],[[0.850741,-0.19112,-0.489604],[-0.525584,-0.308594,-0.792799],[0.000430603,0.931795,-0.362984]],[[0.850741,-0.19112,-0.489604],[-0.412432,-0.820183,-0.396483],[-0.325789,0.539233,-0.776588]]],"btipPosition":[28.9732,173.973,-8.73359],"carpPosition":[65.7404,175.521,45.7715],"dipPosition":[22.8749,184.067,-23.2703],"direction":[-0.000430603,-0.931795,0.362984],"extended":false,"handId":414,"id":4142,"length":66.7449,"mcpPosition":[47.9881,229.829,2.50327],"pipPosition":[22.8871,210.46,-33.5519],"stabilizedTipPosition":[27.7449,175.709,-12.1476],"timeVisible":0.14879,"tipPosition":[27.8094,176.846,-13.9483],"tipVelocity":[-147.02,451.693,75.0407],"tool":false,"touchDistance":0.333333,"touchZone":"none","type":2,"width":20.146},{"bases":[[[0.825589,-0.303391,-0.475771],[0.553485,0.599487,0.578161],[0.10981,-0.740655,0.662852]],[[0.82738,-0.316276,-0.464125],[0.131761,0.912613,-0.387011],[0.545968,0.259051,0.79675]],[[0.82738,-0.316276,-0.464125],[-0.545863,-0.258325,-0.797058],[0.132196,0.912819,-0.386376]],[[0.82738,-0.316276,-0.464125],[-0.52132,-0.739935,-0.425114],[-0.208969,0.593688,-0.777089]]],"btipPosition":[45.3753,174.808,-13.7875],"carpPosition":[76.4984,174.915,39.2011],"dipPosition":[41.4862,185.857,-28.25],"direction":[-0.132196,-0.912819,0.386376],"extended":false,"handId":414,"id":4143,"length":64.1769,"mcpPosition":[69.4324,222.575,-3.45206],"pipPosition":[45.134,211.045,-38.9116],"stabilizedTipPosition":[44.8378,176.329,-16.8076],"timeVisible":0.14879,"tipPosition":[46.1328,173.3,-13.7591],"tipVelocity":[-248.565,669.188,-204.15],"tool":false,"touchDistance":0.333333,"touchZone":"none","type":3,"width":19.1702},{"ba