{"frames":334,"data":[{"currentFrameRate":24.7465,"devices":[],"gestures":[],"hands":[],"id":236575,"interactionBox":{"center":[0,200,0],"size":[235.247,235.247,147.751]},"pointables":[],"r":[[-0.020113,-0.761857,-0.647433],[0.506356,0.550609,-0.663651],[0.86209,-0.34118,0.374696]],"s":-5.55733,"t":[884.858,792.664,758.259],"timestamp":262205983362},{"currentFrameRate":24.9627,"devices":[],"gestures":[],"hands":[],"id":236576,"interactionBox":{"center":[0,200,0],"size":[235.247,235.247,147.751]},"pointables":[],"r":[[-0.020113,-0.761857,-0.647433],[0.506356,0.550609,-0.663651],[0.86209,-0.34118,0.374696]],"s":-5.55733,"t":[884.858,792.664,758.259],"timestamp":262206021851},{"currentFrameRate":21.1699,"devices":[],"gestures":[],"hands":[],"id":236577,"interactionBox":{"center":[0,200,0],"size":[235.247,235.247,147.751]},"pointables":[],"r":[[-0.020113,-0.761857,-0.647433],[0.506356,0.550609,-0.663651],[0.86209,-0.34118,0.374696]],"s":-5.55733,"t":[884.858,792.664,758.259],"timestamp":262206098590},{"currentFrameRate":22.0119,"devices":[],"gestures":[],"hands":[],"id":236578,"interactionBox":{"center":[0,200,0],"size":[235.247,235.247,147.751]},"pointables":[],"r":[[-0.020113,-0.761857,-0.647433],[0.506356,0.550609,-0.663651],[0.86209,-0.34118,0.374696]],"s":-5.55733,"t":[884.858,792.664,758.259],"timestamp":262206137088},{"currentFrameRate":20.8298,"devices":[],"gestures":[],"hands":[],"id":236579,"interactionBox":{"center":[0,200,0],"size":[235.247,235.247,147.751]},"pointables":[],"r":[[-0.020113,-0.761857,-0.647433],[0.506356,0.550609,-0.663651],[0.86209,-0.34118,0.374696]],"s":-5.55733,"t":[884.858,792.664,758.259],"timestamp":262206194897},{"currentFrameRate":19.9213,"devices":[],"gestures":[],"hands":[{"armBasis":[[0.839643,-0.092676,-0.535174],[0.20273,0.967599,0.150507],[0.503886,-0.234868,0.831226]],"armWidth":65.4574,"confidence":0,"direction":[-0.15674,0.617371,-0.770899],"elbow":[237.174,35.7767,332.345],"grabAngle":3.13373,"grabStrength":1,"id":416,"palmNormal":[-0.305845,-0.772519,-0.556483],"palmPosition":[72.4195,142.694,40.5798],"palmVelocity":[1.19209e-7,1.19209e-7,1.19209e-7],"palmWidth":93.471,"pinchDistance":18.6687,"pinchStrength":0.891366,"r":[[1,1.38778e-17,0],[-1.38778e-17,1,1.11022e-17],[1.54074e-34,-1.11022e-17,1]],"s":1,"sphereCenter":[67.3903,114.511,-0.877995],"sphereRadius":44.0666,"stabilizedPalmPosition":[72.4195,142.694,40.5798],"t":[0,0,0],"timeVisible":0,"type":"right","wrist":[97.4156,100.92,101.794]}],"id":236580,"interactionBox":{"center":[0,200,0],"size":[235.247,235.247,147.751]},"pointables":[{"bases":[[[0.620858,0.751654,0.222602],[-0.557826,0.224097,0.799131],[0.550785,-0.62032,0.558425]],[[0.326909,0.944346,-0.0366234],[-0.727532,0.276209,0.628018],[0.603182,-0.17866,0.777337]],[[0.326909,0.944346,-0.0366234],[-0.845799,0.309643,0.434447],[0.421609,-0.111049,0.899952]],[[0.326909,0.944346,-0.0366234],[-0.925543,0.327753,0.189602],[0.191053,-0.0280861,0.981178]]],"btipPosition":[9.19076,118.048,-5.97314],"carpPosition":[59.4813,104.322,88.998],"dipPosition":[13.784,117.373,17.6161],"direction":[-0.421609,0.111049,-0.899952],"extended":false,"handId":416,"id":4160,"length":53.5374,"mcpPosition":[59.4813,104.322,88.998],"pipPosition":[28.551,113.483,49.1371],"stabilizedTipPosition":[10.2472,117.892,-0.547621],"timeVisible":0,"tipPosition":[10.2472,117.892,-0.547621],"tipVelocity":[1.19209e-7,1.19209e-7,1.19209e-7],"tool":false,"touchDistance":1,"touchZone":"none","type":0,"width":20.8021},{"bases":[[[0.899442,-0.0427856,-0.43494],[0.256151,0.857953,0.445313],[0.354105,-0.511944,0.782639]],[[0.895295,-0.0368737,-0.443945],[-0.21246,0.84058,-0.498283],[0.391545,0.540431,0.744733]],[[0.895295,-0.0368737,-0.443945],[-0.432146,-0.313835,-0.845433],[-0.108151,0.948761,-0.29691]],[[0.895295,-0.0368737,-0.443945],[-0.310405,-0.766444,-0.562327],[-0.319524,0.641252,-0.697639]]],"btipPosition":[35.9337,105.421,16.7346],"carpPosition":[71.6824,125.394,89.1342],"dipPosition":[30.3256,116.676,4.49003],"direction":[0.108151,-0.948761,0.29691],"extended":false,"handId":416,"id":4161,"length":60.411,"mcpPosition":[44.9207,164.085,29.9859],"pipPosition":[27.6403,140.233,-2.88208],"stabilizedTipPosition":[34.6439,108.01,13.9184],"timeVisible":0,"tipPosition":[34.6439,108.01,13.9184],"tipVelocity":[1.19209e-7,1.19209e-7,1.19209e-7],"tool":false,"touchDistance":0.333333,"touchZone":"none","type":1,"width":19.8702},{"bases":[[[0.882079,-0.257187,-0.394704],[0.412236,0.82692,0.382445],[0.228029,-0.500058,0.835431]],[[0.865092,-0.223597,-0.449021],[0.0279186,0.91523,-0.401963],[0.500836,0.335199,0.798001]],[[0.865092,-0.223597,-0.449021],[-0.417866,0.173968,-0.891697],[0.277496,0.959031,0.0570649]],[[0.865092,-0.223597,-0.449021],[-0.497687,-0.270826,-0.823991],[0.0626348,0.9363,-0.345571]]],"btipPosition":[32.7139,99.8214,-10.3873],"carpPosition":[83.1707,126.669,83.9969],"dipPosition":[33.923,117.896,-17.0584],"direction":[-0.277496,-0.959031,-0.057065],"extended":false,"handId":416,"id":4162,"length":68.8335,"mcpPosition":[66.8278,162.508,24.1213],"pipPosition":[42.0291,145.911,-15.3914],"stabilizedTipPosition":[32.992,103.979,-11.9217],"timeVisible":0,"tipPosition":[32.992,103.979,-11.9217],"tipVelocity":[1.19209e-7,1.19209e-7,1.19209e-7],"tool":false,"touchDistance":1,"touchZone":"none","type":2,"width":19.5152},{"bases":[[[0.872419,-0.389571,-0.295161],[0.481263,0.79007,0.379705],[0.0852757,-0.473311,0.876758]],[[0.865735,-0.360489,-0.347204],[-0.0860393,0.576192,-0.812773],[0.493051,0.73352,0.467813]],[[0.865735,-0.360489,-0.347204],[-0.500072,-0.594266,-0.629901],[0.0207407,0.718955,-0.694748]],[[0.865735,-0.360489,-0.347204],[-0.378214,-0.925545,0.0179016],[-0.327806,0.115819,-0.937619]]],"btipPosition":[72.0213,98.7327,38.5674],"carpPosition":[94.4371,124.626,78.6899],"dipPosition":[65.7295,100.956,20.5713],"direction":[-0.0207407,-0.718955,0.694748],"extended":false,"handId":416,"id":4163,"length":66.1852,"mcpPosition":[88.9498,155.082,22.2723],"pipPosition":[66.3198,121.415,0.800634],"stabilizedTipPosition":[70.5742,99.2439,34.4283],"timeVisible":0,"tipPosition":[70.5742,99.2439,34.4283],"tipVelocity":[1.19209e-7,1.19209e-7,1.19209e-7],"tool":false,"touchDistance":0.333333,"touchZone":"none","type":3,"width":18.5699},{"bases":[[[0.784833,-0.566885,-0.250356],[0.616727,0.674919,0.405132],[-0.0606935,-0.472362,0.879312]],[[0.786237,-0.503009,-0.358905],[0.0363553,0.617472,-0.785752],[0.616854,0.60474,0.503767]],[[0.786237,-0.503009,-0.358905],[-0.596088,-0.46436,-0.655019],[0.162819,0.728939,-0.664935]],[[0.786237,-0.503009,-0.358905],[-0.546787,-0.836902,-0.0248955],[-0.287845,0.215818,-0.933042]]],"btipPosition":[86.9641,103.1,31.6919],"carpPosition":[103.93,115.397,72.4867],"dipPosition":[81.8673,106.922,15.1708],"direction":[-0.162819,-0.728939,0.664935],"extended":false,"handId":416,"id":4164,"length":51.888,"mcpPosition":[107.545,143.534,20.1093],"pipPosition":[85.1386,121.568,1.81083],"stabilizedTipPosition":[85.7918,103.979,27.8921],"timeVisible":0,"tipPosition":[85.7918,103.979,27.8921],"tipVelocity":[1.19209e-7,1.19209e-7,1.19209e-7],"tool":false,"touchDistance":0.333333,"touchZone":"none","type":4,"width":16.4953}],"r":[[1,1.38778e-17,0],[-1.38778e-17,1,1.11022e-17],[1.54074e-34,-1.11022e-17,1]],"s":1,"t":[0,0,0],"timestamp":262206252964},{"currentFrameRate":14.8838,"devices":[],"gestures":[],"hands":[{"armBasis":[[-0.771513,-0.517129,0.370602],[0.297123,-0.807953,-0.508852],[0.562571,-0.282471,0.776997]],"armWidth":66.9278,"confidence":0.550096,"direction":[-0.469917,0.334652,-0.816815],"elbow":[262.55,60.1603,319.917],"grabAngle":0.698896,"grabStrength":0,"id":416,"palmNormal":[-0.299774,0.80985,0.50426],"palmPosition":[74.1447,171.296,41.4288],"palmVelocity":[14.6933,243.602,7.23069],"palmWidth":93.471,"pinchDistance":58.1165,"pinchStrength":0.12402,"r":[[0.973901,-0.216493,0.068167],[0.226621,0.944183,-0.239085],[-0.0126019,0.248293,0.968603]],"s":1.03846,"sphereCenter":[26.5049,248.339,87.6896],"sphereRadius":99.9244,"stabilizedPalmPosition":[74.143,171.268,41.428],"t":[0.86257,14.3007,0.424478],"timeVisible":0.11741,"type":"right","wrist":[106.514,138.507,104.407]}],"id":236581,"interactionBox":{"center":[0,200,0],"size":[235.247,235.247,147.751]},"pointables":[{"bases":[[[-0.15766,-0.852933,-0.497642],[0.985635,-0.105013,-0.132276],[0.0605632,-0.511348,0.857237]],[[-0.168808,-0.637259,-0.751934],[0.935822,0.135865,-0.325235],[0.309421,-0.758579,0.573425]],[[-0.168808,-0.637259,-0.751934],[0.754083,0.407763,-0.514867],[0.634714,-0.653935,0.411712]],[[-0.168808,-0.637259,-0.751934],[0.459904,0.623821,-0.631931],[0.871776,-0.452492,0.187772]]],"btipPosition":[59.9351,238.94,39.1903],"carpPosition":[117.681,167.283,86.9549],"dipPosition":[80.2581,228.392,43.5676],"direction":[-0.634714,0.653935,-0.411712],"extended":false,"handId":416,"id":4160,"length":51.9129,"mcpPosition":[117.681,167.283,86.9549],"pipPosition":[101.815,206.182,57.5504],"stabilizedTipPosition":[64.6093,236.514,40.197],"timeVisible":0.11741,"tipPosition":[68.721,240.451,39.8733],"tipVelocity":[463.011,1010.32,347.029],"tool":false,"touchDistance":1,"touchZone":"none","type":0,"width":21.4746},{"bases":[[[-0.897363,-0.418791,0.139119],[0.248418,-0.739952,-0.625108],[0.364731,-0.526388,0.768041]],[[-0.85628,-0.46945,0.215411],[0.111863,-0.575701,-0.809972],[0.504254,-0.669466,0.545475]],[[-0.85628,-0.46945,0.215411],[-0.0858046,-0.281967,-0.955579],[0.509335,-0.836727,0.201162]],[[-0.85628,-0.46945,0.215411],[-0.199287,-0.0844796,-0.976293],[0.476519,-0.878908,-0.0212169]]],"btipPosition":[42.1417,254.238,-15.7013],"carpPosition":[111.658,150.703,70.1694],"dipPosition":[50.2515,239.28,-16.0624],"direction":[-0.509335,0.836727,-0.201162],"extended":true,"handId":416,"id":4161,"length":58.5779,"mcpPosition":[84.0937,190.485,12.1242],"pipPosition":[62.5143,219.135,-11.2192],"stabilizedTipPosition":[44.007,250.797,-15.7843],"timeVisible":0.11741,"tipPosition":[44.3276,250.541,-14.9998],"tipVelocity":[79.7468,1216.14,-252.983],"tool":false,"touchDistance":-0.211712,"touchZone":"touching","type":1,"width":20.5125},{"bases":[[[-0.868949,-0.353737,0.346119],[0.101079,-0.811478,-0.575575],[0.48447,-0.465159,0.740888]],[[-0.850338,-0.370785,0.373422],[-0.0222333,-0.683661,-0.729461],[0.525767,-0.628591,0.573099]],[[-0.850338,-0.370785,0.373422],[-0.136784,-0.529482,-0.837221],[0.508149,-0.762999,0.399521]],[[-0.850338,-0.370785,0.373422],[-0.191734,-0.442533,-0.876015],[0.490065,-0.816507,0.30521]]],"btipPosition":[17.1113,244.902,-27.2929],"carpPosition":[100.643,144.487,70.3523],"dipPosition":[26.2846,229.618,-21.5798],"direction":[-0.508149,0.762999,-0.399521],"extended":true,"handId":416,"id":4162,"length":66.7449,"mcpPosition":[65.9213,177.825,17.2525],"pipPosition":[40.6781,208.005,-10.2632],"stabilizedTipPosition":[19.2211,241.386,-25.9789],"timeVisible":0.11741,"tipPosition":[19.525,241.407,-25.2868],"tipVelocity":[-117.288,1170.32,-119.728],"tool":false,"touchDistance":1,"touchZone":"none","type":2,"width":20.146},{"bases":[[[-0.793315,-0.356148,0.493772],[0.0541309,-0.849092,-0.525464],[0.6064,-0.39013,0.692876]],[[-0.836912,-0.325617,0.439946],[-0.109154,-0.688354,-0.717115],[0.536343,-0.648184,0.540549]],[[-0.836912,-0.325617,0.439946],[-0.22307,-0.531092,-0.817424],[0.499818,-0.78225,0.371842]],[[-0.836912,-0.325617,0.439946],[-0.272129,-0.449862,-0.850629],[0.474894,-0.831624,0.287885]]],"btipPosition":[3.89542,230.701,-10.7187],"carpPosition":[89.4163,139.686,73.5421],"dipPosition":[12.7337,215.223,-5.36083],"direction":[-0.499818,0.78225,-0.371842],"extended":true,"handId":416,"id":4163,"length":64.1769,"mcpPosition":[50.3956,164.79,28.957],"pipPosition":[26.5256,193.638,4.89971],"stabilizedTipPosition":[5.92828,227.141,-9.48633],"timeVisible":0.11741,"tipPosition":[6.10059,227.041,-9.2363],"tipVelocity":[-550.6,1089.32,-374.029],"tool":false,"touchDistance":-0.387054,"touchZone":"touching","type":3,"width":19.1702},{"bases":[[[-0.715764,-0.253684,0.650635],[-0.0165575,-0.925259,-0.378976],[0.698146,-0.28203,0.658067]],[[-0.801685,-0.214221,0.558042],[-0.230063,-0.751076,-0.618834],[0.551699,-0.624495,0.552842]],[[-0.801685,-0.214221,0.558042],[-0.359911,-0.572384,-0.736777],[0.477248,-0.791508,0.381771]],[[-0.801685,-0.214221,0.558042],[-0.402969,-0.495848,-0.769253],[0.441495,-0.841572,0.31119]]],"btipPosition":[0.212969,207.883,11.3469],"carpPosition":[78.1086,139.218,82.798],"dipPosition":[7.79321,193.434,16.6898],"direction":[-0.477248,0.791508,-0.381771],"extended":true,"handId":416,"id":4164,"length":50.3135,"mcpPosition":[36.5227,156.018,43.5994],"pipPosition":[17.0912,178.013,24.1277],"stabilizedTipPosition":[1.95643,204.56,12.5757],"timeVisible":0.11741,"tipPosition":[2.44117,204.345,13.1869],"tipVelocity":[-714.04,856.661,-130.452],"tool":false,"touchDistance":0.333333,"touchZone":"hovering","type":4,"width":17.0285}],"r":[[0.973901,-0.216493,0.068167],[0.226621,0.944183,-0.239085],[-0.0126019,0.248293,0.968603]],"s":1.03846,"t":[0.86257,14.3007,0.424478],"timestamp":262206370374},{"currentFrameRate":17.47,"devices":[],"gestures":[],"hands":[{"armBasis":[[0.838012,0.16037,-0.521553],[0.0156183,0.948393,0.316713],[0.545428,-0.273555,0.79226]],"armWidth":66.9278,"confidence":0.650469,"direction":[-0.251199,0.861046,-0.442152],"elbow":[232.104,77.5388,271.901],"grabAngle":2.88746,"grabStrength":0,"id":416,"palmNormal":[-0.249457,-0.498958,-0.829947],"palmPosition":[48.9357,211.756,11.8553],"palmVelocity":[-842.687,1352.52,-988.585],"palmWidth":93.471,"pinchDistance":60.8957,"pinchStrength":0.655825,"r":[[0.782583,-0.475915,0.401334],[0.621662,0.631748,-0.463065],[-0.0331629,0.611882,0.790254]],"s":1.10515,"sphereCenter":[40.4729,207.791,-36.0697],"sphereRadius":47.9538,"stabilizedPalmPosition":[49.6012,210.687,12.6361],"t":[-11.3106,41.6814,-14.15],"timeVisible":0.147325,"type":"right","wrist":[80.8233,153.412,52.1578]}],"id":236582,"interactionBox":{"center":[0,200,0],"size":[235.247,235.247,147.751]},"pointables":[{"bases":[[[0.550441,0.653808,0.519181],[-0.54308,-0.191913,0.817456],[0.634097,-0.731918,0.249433]],[[0.371256,0.818325,0.438762],[-0.724811,-0.0399422,0.687789],[0.580361,-0.573366,0.578302]],[[0.371256,0.818325,0.438762],[-0.848001,0.106329,0.519219],[0.378237,-0.564834,0.733416]],[[0.371256,0.818325,0.438762],[-0.922621,0.271883,0.273587],[0.104591,-0.506382,0.855943]]],"btipPosition":[-3.01686,215.927,-34.8076],"carpPosition":[42.0274,155.537,39.7095],"dipPosition":[-0.57861,204.122,-14.8537],"direction":[-0.378237,0.564834,-0.733416],"extended":false,"handId":416,"id":4160,"length":51.9129,"mcpPosition":[42.0274,155.537,39.7095],"pipPosition":[12.2673,184.939,10.0549],"stabilizedTipPosition":[7.41987,216.643,-19.849],"timeVisible":0.147325,"tipPosition":[-1.07328,208.957,-33.3964],"tipVelocity":[-2241.87,-778.956,-2353.85],"tool":false,"touchDistance":0.792504,"touchZone":"hovering","type":0,"width":21.4746},{"bases":[[[0.879785,0.241362,-0.409541],[0.186669,0.616907,0.764579],[0.437188,-0.749113,0.49769]],[[0.919191,0.165023,-0.357567],[0.179097,0.633469,0.752756],[0.35073,-0.755966,0.552724]],[[0.919191,0.165023,-0.357567],[0.0770923,0.814997,0.574314],[0.386192,-0.55547,0.736416]],[[0.919191,0.165023,-0.357567],[-0.00610274,0.913827,0.406058],[0.393764,-0.371063,0.840989]]],"btipPosition":[-12.024,284.492,-44.6076],"carpPosition":[52.0256,175.838,48.7019],"dipPosition":[-5.32255,278.177,-30.2949],"direction":[-0.386192,0.55547,-0.736416],"extended":true,"handId":416,"id":4161,"length":58.5779,"mcpPosition":[18.9848,232.452,11.0887],"pipPosition":[3.97541,264.804,-12.565],"stabilizedTipPosition":[-9.63913,282.541,-40.9205],"timeVisible":0.147325,"tipPosition":[-10.7074,277.112,-44.6387],"tipVelocity":[-1821.48,1077.8,-853.465],"tool":false,"touchDistance":-0.601845,"touchZone":"touching","type":1,"width":20.5125},{"bases":[[[0.885962,0.0292069,-0.462837],[0.342273,0.632234,0.695075],[0.312922,-0.774227,0.550139]],[[0.874353,0.0565425,-0.481985],[-0.19051,0.95345,-0.233748],[0.446332,0.296201,0.844424]],[[0.874353,0.0565425,-0.481985],[-0.446483,-0.295442,-0.84461],[-0.190155,0.953686,-0.233075]],[[0.874353,0.0565425,-0.481985],[0.189799,-0.953921,0.232403],[-0.446635,-0.294682,-0.844796]]],"btipPosition":[32.9861,200.16,-12.9427],"carpPosition":[63.0961,180.39,44.6132],"dipPosition":[24.6257,194.644,-28.7562],"direction":[0.190155,-0.953686,0.233075],"extended":false,"handId":416,"id":4162,"length":66.7449,"mcpPosition":[40.6689,235.879,5.18458],"pipPosition":[19.2395,221.658,-35.3581],"stabilizedTipPosition":[31.0279,199.018,-16.6078],"timeVisible":0.147325,"tipPosition":[30.2984,201.422,-18.0594],"tipVelocity":[395.858,-1420.51,314.193],"tool":false,"touchDistance":0.333333,"touchZone":"none","type":2,"width":20.146},{"bases":[[[0.894015,-0.132789,-0.427907],[0.414497,0.607702,0.677414],[0.170087,-0.782984,0.598336]],[[0.884961,-0.0955742,-0.455752],[-0.0020447,0.977904,-0.209043],[0.465661,0.185927,0.865211]],[[0.884961,-0.0955742,-0.455752],[-0.465663,-0.185148,-0.865378],[-0.00167388,0.978052,-0.208354]],[[0.884961,-0.0955742,-0.455752],[-0.279941,-0.891303,-0.356667],[-0.372125,0.44322,-0.815524]]],"btipPosition":[49.5778,188.866,-17.1009],"carpPosition":[74.275,181.994,38.9801],"dipPosition":[42.6522,197.115,-32.2787],"direction":[0.00167388,-0.978052,0.208354],"extended":false,"handId":416,"id":4163,"length":64.1769,"mcpPosition":[63.3303,232.378,0.478384],"pipPosition":[42.606,224.103,-38.028],"stabilizedTipPosition":[47.4695,191.209,-20.4557],"timeVisible":0.147325,"tipPosition":[47.4088,193.424,-22.1109],"tipVelocity":[1405.87,-1216.04,-371.234],"tool":false,"touchDistance":0.333333,"touchZone":"none","type":3,"width":19.1702},{"bases":[[[0.826833,-0.321091,-0.461787],[0.561891,0.508073,0.652795],[0.0250144,-0.799226,0.60051]],[[0.820412,-0.241297,-0.518363],[0.204117,0.970451,-0.128688],[0.534098,-0.000229542,0.845422]],[[0.820412,-0.241297,-0.518363],[-0.50453,0.121052,-0.854866],[0.269026,0.962872,-0.0224289]],[[0.820412,-0.241297,-0.518363],[-0.564044,-0.490114,-0.664562],[-0.0937001,0.837594,-0.538197]]],"btipPosition":[60.4464,191.767,-26.3512],"carpPosition":[84.3804,177.292,29.5181],"dipPosition":[58.8376,206.148,-35.5917],"direction":[-0.269026,-0.962872,0.0224289],"extended":false,"handId":416,"id":4164,"length":50.3135,"mcpPosition":[82.8904,224.899,-6.25196],"pipPosition":[64.0788,224.907,-36.0287],"stabilizedTipPosition":[57.6817,195.466,-26.7851],"timeVisible":0.147325,"tipPosition":[59.8761,198.833,-30.3082],"tipVelocity":[1942.83,-317.063,-1372.3],"tool":false,"touchDistance":0.333333,"touchZone":"none","type":4,"width":17.0285}],"r":[[0.782583,-0.475915,0.401334],[0.621662,0.631748,-0.463065],[-0.0331629,0.611882,0.790254]],"s":1.10515,"t":[-11.3106,41.6814,-14.15],"timestamp":262206400289},{"currentFrameRate":21.5144,"devices":[],"gestures":[],"hands":[{"armBasis":[[0.845168,0.163158,-0.50899],[0.031468,0.935431,0.352107],[0.533574,-0.313606,0.785462]],"armWidth":66.9278,"confidence":0.679773,"direction":[-0.263066,0.85493,-0.447091],"elbow":[230.475,78.3227,269.399],"grabAngle":2.65252,"grabStrength":0,"id":416,"palmNormal":[-0.256376,-0.508699,-0.821886],"palmPosition":[50.0459,223.499,11.279],"palmVelocity":[111.238,1176.47,-57.7401],"palmWidth":93.471,"pinchDistance":59.1565,"pinchStrength":0.479258,"r":[[0.529853,-0.507441,0.679529],[0.845681,0.255787,-0.468398],[0.0638694,0.822847,0.564663]],"s":1.17416,"sphereCenter":[41.8033,218.913,-36.0715],"sphereRadius":48.5222,"stabilizedPalmPosition":[49.9296,220.146,11.6341],"t":[-16.8421,61.2429,-21.7255],"timeVisible":0.157306,"type":"right","wrist":[82.4823,165.305,51.5419]}],"id":236583,"interactionBox":{"center":[0,200,0],"size":[235.247,235.247,147.751]},"pointables":[{"bases":[[[0.872717,0.243689,-0.423061],[0.191905,0.625561,0.756205],[0.448929,-0.741141,0.499173]],[[0.917275,0.159654,-0.364852],[0.179125,0.652839,0.736013],[0.355697,-0.740481,0.570235]],[[0.917275,0.159654,-0.364852],[0.0902242,0.809001,0.580841],[0.387899,-0.565709,0.727672]],[[0.917275,0.159654,-0.364852],[0.0342397,0.881121,0.471649],[0.396779,-0.445124,0.802764]]],"btipPosition":[-11.3757,296.856,-44.8859],"carpPosition":[53.8661,187.96,48.424],"dipPosition":[-4.62298,289.281,-31.2238],"direction":[-0.387899,0.565709,-0.727672],"extended":true,"handId":416,"id":4161,"length":58.5779,"mcpPosition":[19.938,243.972,10.6987],"pipPosition":[4.7161,275.66,-13.7043],"stabilizedTipPosition":[-9.78259,292.372,-41.5641],"timeVisible":0.157306,"tipPosition":[-10.6995,288.526,-44.77],"tipVelocity":[66.1312,1209.68,-42.871],"tool":false,"touchDistance":-0.576412,"touchZone":"touching","type":1,"width":20.5125},{"bases":[[[0.552243,0.662697,0.505827],[-0.531211,-0.187908,0.826139],[0.642528,-0.72493,0.248261]],[[0.387005,0.813606,0.433904],[-0.713259,-0.0340812,0.700072],[0.58437,-0.580417,0.567122]],[[0.387005,0.813606,0.433904],[-0.837763,0.11367,0.534072],[0.385202,-0.570197,0.725599]],[[0.387005,0.813606,0.433904],[-0.914533,0.278611,0.293266],[0.117713,-0.510315,0.851893]]],"btipPosition":[-1.89027,228.527,-33.8295],"carpPosition":[43.9021,167.502,39.7544],"dipPosition":[0.853876,216.631,-13.97],"direction":[-0.385202,0.570197,-0.725599],"extended":false,"handId":416,"id":4160,"length":51.9129,"mcpPosition":[43.9021,167.502,39.7544],"pipPosition":[13.9363,197.266,10.6732],"stabilizedTipPosition":[2.84667,221.463,-24.8089],"timeVisible":0.157306,"tipPosition":[-0.599173,220.58,-32.8371],"tipVelocity":[119.922,1260.35,95.82],"tool":false,"touchDistance":0.760932,"touchZone":"hovering","type":0,"width":21.4746},{"bases":[[[0.879758,0.0310803,-0.474405],[0.346495,0.64133,0.684571],[0.325527,-0.766635,0.553446]],[[0.869903,0.0533965,-0.490324],[-0.216923,0.934233,-0.283113],[0.44296,0.352644,0.824275]],[[0.869903,0.0533965,-0.490324],[-0.45289,-0.307255,-0.83695],[-0.195345,0.950128,-0.2431]],[[0.869903,0.0533965,-0.490324],[-0.240617,-0.821855,-0.516389],[-0.430549,0.567189,-0.702086]]],"btipPosition":[33.8447,193.035,-15.0624],"carpPosition":[64.8503,192.551,44.1506],"dipPosition":[25.7854,203.652,-28.2045],"direction":[0.195345,-0.950128,0.2431],"extended":false,"handId":416,"id":4162,"length":66.7449,"mcpPosition":[41.5197,247.496,4.4849],"pipPosition":[20.2522,230.565,-35.0904],"stabilizedTipPosition":[31.8315,196.064,-17.8403],"timeVisible":0.157306,"tipPosition":[31.5449,204.168,-18.1905],"tipVelocity":[92.9601,-342.081,-150.811],"tool":false,"touchDistance":0.333333,"touchZone":"none","type":2,"width":20.146},{"bases":[[[0.889432,-0.13051,-0.438038],[0.418665,0.617146,0.666221],[0.183384,-0.77595,0.60355]],[[0.878334,-0.0887649,-0.469734],[-0.0693712,0.948542,-0.308959],[0.472987,0.303955,0.826979]],[[0.878334,-0.0887649,-0.469734],[-0.475208,-0.269049,-0.837729],[-0.0520206,0.959027,-0.278497]],[[0.878334,-0.0887649,-0.469734],[-0.343571,-0.800445,-0.49117],[-0.332397,0.592798,-0.733555]]],"btipPosition":[50.7155,193.088,-15.9454],"carpPosition":[75.9445,194.181,38.3596],"dipPosition":[44.5292,204.121,-29.5976],"direction":[0.0520206,-0.959027,0.278497],"extended":false,"handId":416,"id":4163,"length":64.1769,"mcpPosition":[64.1441,244.112,-0.477571],"pipPosition":[43.0938,230.584,-37.2824],"stabilizedTipPosition":[48.8861,194.641,-19.391],"timeVisible":0.157306,"tipPosition":[48.5556,201.949,-21.4232],"tipVelocity":[131.023,487.203,150.93],"tool":false,"touchDistance":0.333333,"touchZone":"none","type":3,"width":19.1702},{"bases":[[[0.823196,-0.319605,-0.469256],[0.566453,0.51834,0.640667],[0.0384736,-0.793206,0.607737]],[[0.822274,-0.303866,-0.481176],[0.152413,0.932216,-0.328244],[0.548302,0.196569,0.81285]],[[0.822274,-0.303866,-0.481176],[-0.533809,-0.11875,-0.837226],[0.197264,0.945285,-0.259851]],[[0.822274,-0.303866,-0.481176],[-0.538288,-0.68969,-0.484329],[-0.184691,0.657263,-0.730681]]],"btipPosition":[63.6868,200.084,-18.4078],"carpPosition":[85.9625,189.461,28.8143],"dipPosition":[60.5157,211.369,-30.9533],"direction":[-0.197264,-0.945285,0.259851],"extended":false,"handId":416,"id":4164,"length":50.3135,"mcpPosition":[83.6708,236.709,-7.38628],"pipPosition":[64.3589,229.786,-36.0158],"stabilizedTipPosition":[60.7799,199.702,-23.5601],"timeVisible":0.157306,"tipPosition":[61.4413,207.43,-27.3209],"tipVelocity":[288.661,761.944,719.689],"tool":false,"touchDistance":0.333333,"touchZone":"none","type":4,"width":17.0285}],"r":[[0.529853,-0.507441,0.679529],[0.845681,0.255787,-0.468398],[0.0638694,0.822847,0.564663]],"s":1.17416,"t":[-16.8421,61.2429,-21.7255],"timestamp":262206410270},{"currentFrameRate":25.3577,"devices":[],"gestures":[],"hands":[{"armBasis":[[0.855369,0.169427,-0.48953],[0.034685,0.924149,0.380455],[0.516857,-0.342409,0.784611]],"armWidth":66.9278,"confidence":0.707001,"direction":[-0.265561,0.856292,-0.442991],"elbow":[225.396,74.0051,267.865],"grabAngle":2.6225,"grabStrength":0,"id":416,"palmNormal":[-0.250285,-0.504968,-0.826054],"palmPosition":[49.7007,227.491,10.2881],"palmVelocity":[-34.6642,400.851,-99.4835],"palmWidth":93.471,"pinchDistance":59.6655,"pinchStrength":0.469765,"r":[[0.298329,-0.414838,0.859598],[0.933474,-0.0610201,-0.353416],[0.199063,0.907847,0.369037]],"s":1.22717,"sphereCenter":[40.6066,223.853,-35.8057],"sphereRadius":48.0914,"stabilizedPalmPosition":[49.7568,225.691,10.618],"t":[-19.7805,73.0199,-26.0086],"timeVisible":0.167266,"type":"right","wrist":[82.0397,168.976,50.2442]}],"id":236584,"interactionBox":{"center":[0,200,0],"size":[235.247,235.247,147.751]},"pointables":[{"bases":[[[0.873234,0.250726,-0.41785],[0.185493,0.621899,0.760812],[0.450616,-0.741875,0.496555]],[[0.920039,0.162027,-0.356757],[0.179988,0.633987,0.752107],[0.348041,-0.756179,0.55413]],[[0.920039,0.162027,-0.356757],[0.103865,0.777075,0.620779],[0.37781,-0.608195,0.69811]],[[0.920039,0.162027,-0.356757],[0.0578899,0.844295,0.532742],[0.387527,-0.510796,0.767405]]],"btipPosition":[-11.095,303.51,-43.8775],"carpPosition":[53.5463,191.746,47.2319],"dipPosition":[-4.49972,294.817,-30.8171],"direction":[-0.37781,0.608195,-0.69811],"extended":true,"handId":416,"id":4161,"length":58.5779,"mcpPosition":[19.4908,247.813,9.70443],"pipPosition":[4.59645,280.174,-14.0094],"stabilizedTipPosition":[-9.61815,299.72,-41.0089],"timeVisible":0.167266,"tipPosition":[-10.8796,294.046,-44.8286],"tipVelocity":[24.5489,642.254,87.3513],"tool":false,"touchDistance":-0.534054,"touchZone":"touching","type":1,"width":20.5125},{"bases":[[[0.54669,0.662405,0.512201],[-0.533725,-0.195667,0.82271],[0.645188,-0.723142,0.246573]],[[0.382946,0.811477,0.441427],[-0.712616,-0.0445684,0.700137],[0.587819,-0.582683,0.561204]],[[0.382946,0.811477,0.441427],[-0.84473,0.11421,0.522865],[0.373877,-0.573116,0.729215]],[[0.382946,0.811477,0.441427],[-0.918399,0.282981,0.276523],[0.0994766,-0.5113,0.853626]]],"btipPosition":[-1.43523,232.554,-35.0481],"carpPosition":[43.7242,171.291,38.3955],"dipPosition":[0.883795,220.635,-15.1482],"direction":[-0.373877,0.573116,-0.729215],"extended":false,"handId":416,"id":4160,"length":51.9129,"mcpPosition":[43.7242,171.291,38.3955],"pipPosition":[13.5816,201.17,9.61775],"stabilizedTipPosition":[0.751448,226.13,-27.9738],"timeVisible":0.167266,"tipPosition":[-0.747509,224.766,-33.9346],"tipVelocity":[35.8701,403.793,-121.415],"tool":false,"touchDistance":0.700033,"touchZone":"hovering","type":0,"width":21.4746},{"bases":[[[0.881583,0.0384743,-0.470458],[0.340301,0.638895,0.689933],[0.327118,-0.768331,0.550146]],[[0.875931,0.0514489,-0.479685],[-0.213763,0.932754,-0.2903],[0.432493,0.356822,0.828026]],[[0.875931,0.0514489,-0.479685],[-0.439739,-0.323818,-0.837718],[-0.19843,0.944719,-0.261018]],[[0.875931,0.0514489,-0.479685],[-0.293578,-0.732159,-0.614617],[-0.382827,0.679188,-0.626217]]],"btipPosition":[33.1018,194.881,-17.0359],"carpPosition":[64.5247,196.42,43.0333],"dipPosition":[25.9358,207.595,-28.7578],"direction":[0.19843,-0.944719,0.261018],"extended":false,"handId":416,"id":4162,"length":66.7449,"mcpPosition":[41.0801,251.486,3.60412],"pipPosition":[20.3151,234.354,-36.1513],"stabilizedTipPosition":[31.5408,197.404,-19.2956],"timeVisible":0.167266,"tipPosition":[31.4271,207.097,-19.4162],"tipVelocity":[-53.9638,233.732,-165.348],"tool":false,"touchDistance":0.333333,"touchZone":"none","type":2,"width":20.146},{"bases":[[[0.891934,-0.123284,-0.435034],[0.412671,0.615193,0.671744],[0.184815,-0.778677,0.599587]],[[0.883458,-0.0907279,-0.459643],[-0.0707982,0.943951,-0.322403],[0.463131,0.317371,0.827518]],[[0.883458,-0.0907279,-0.459643],[-0.463355,-0.314359,-0.828542],[-0.0693208,0.944959,-0.319762]],[[0.883458,-0.0907279,-0.459643],[-0.326719,-0.822463,-0.465627],[-0.335794,0.561536,-0.756254]]],"btipPosition":[51.293,197.597,-15.2132],"carpPosition":[75.6348,198.141,37.2997],"dipPosition":[45.0435,208.048,-29.2879],"direction":[0.0693208,-0.944959,0.319762],"extended":false,"handId":416,"id":4163,"length":64.1769,"mcpPosition":[63.7424,248.247,-1.28253],"pipPosition":[43.1307,234.123,-38.1113],"stabilizedTipPosition":[49.6608,198.924,-18.6393],"timeVisible":0.167266,"tipPosition":[48.6175,205.439,-22.086],"tipVelocity":[56.5199,439.242,63.7576],"tool":false,"touchDistance":0.333333,"touchZone":"none","type":3,"width":19.1702},{"bases":[[[0.826801,-0.312521,-0.467686],[0.561072,0.517301,0.646218],[0.0399782,-0.7967,0.603052]],[[0.827033,-0.317436,-0.463952],[0.170561,0.9281,-0.330967],[0.535655,0.194589,0.821711]],[[0.827033,-0.317436,-0.463952],[-0.527914,-0.154931,-0.835047],[0.193193,0.935538,-0.295712]],[[0.827033,-0.317436,-0.463952],[-0.528496,-0.720334,-0.449234],[-0.191598,0.616728,-0.763503]]],"btipPosition":[63.9952,205.318,-18.2245],"carpPosition":[85.7172,193.531,27.7685],"dipPosition":[60.7055,215.907,-31.3334],"direction":[-0.193193,-0.935538,0.295712],"extended":false,"handId":416,"id":4164,"length":50.3135,"mcpPosition":[83.3358,240.987,-8.15303],"pipPosition":[64.4694,234.133,-37.0946],"stabilizedTipPosition":[62.3379,204.804,-22.0896],"timeVisible":0.167266,"tipPosition":[61.5069,211.372,-27.739],"tipVelocity":[28.2231,509.389,5.39552],"tool":false,"touchDistance":0.333333,"touchZone":"none","type":4,"width":17.0285}],"r":[[0.298329,-0.414838,0.859598],[0.933474,-0.0610201,-0.353416],[0.199063,0.907847,0.369037]],"s":1.22717,"t":[-19.7805,73.0199,-26.0086],"timestamp":262206420230},{"currentFrameRate":28.9911,"devices":[],"gestures":[],"hands":[{"armBasis":[[0.871251,0.155058,-0.465702],[0.0543391,0.912488,0.405478],[0.48782,-0.378579,0.786581]],"armWidth":66.9278,"confidence":0.732641,"direction":[-0.261845,0.861311,-0.435408],"elbow":[216.434,67.3574,266.566],"grabAngle":2.61071,"grabStrength":0,"id":416,"palmNormal":[-0.261544,-0.497594,-0.82704],"palmPosition":[49.3951,231.643,9.05433],"palmVelocity":[-30.2319,410.754,-122.071],"palmWidth":93.471,"pinchDistance":59.9342,"pinchStrength":0.471811,"r":[[0.116578,-0.276582,0.953893],[0.935222,-0.292727,-0.199173],[0.334318,0.915321,0.22454]],"s":1.26629,"sphereCenter":[39.4367,228.717,-36.2915],"sphereRadius":47.8596,"stabilizedPalmPosition":[49.4786,230.269,9.41524],"t":[-21.4024,80.9842,-28.767],"timeVisible":0.177373,"type":"right","wrist":[81.1316,172.361,48.3988]}],"id":236585,"interactionBox":{"center":[0,200,0],"size":[235.247,235.247,147.751]},"pointables":[{"bases":[[[0.871843,0.245836,-0.423621],[0.197221,0.615485,0.763074],[0.448323,-0.748828,0.488122]],[[0.92033,0.151946,-0.360423],[0.194936,0.620692,0.759435],[0.339105,-0.769191,0.541622]],[[0.92033,0.151946,-0.360423],[0.126019,0.757142,0.64098],[0.370286,-0.635334,0.677672]],[[0.92033,0.151946,-0.360423],[0.0831035,0.824465,0.559778],[0.382212,-0.545133,0.746152]]],"btipPosition":[-10.5735,309.718,-43.3415],"carpPosition":[53.2405,195.634,45.7415],"dipPosition":[-4.06867,300.441,-30.6428],"direction":[-0.370286,0.635334,-0.677672],"extended":true,"handId":416,"id":4161,"length":58.5779,"mcpPosition":[19.3582,252.227,8.85139],"pipPosition":[4.84634,285.144,-14.3271],"stabilizedTipPosition":[-9.16801,306.266,-40.5193],"timeVisible":0.177373,"tipPosition":[-10.8921,299.808,-44.7224],"tipVelocity":[49.5399,600.947,44.8016],"tool":false,"touchDistance":-0.50219,"touchZone":"touching","type":1,"width":20.5125},{"bases":[[[0.556663,0.654449,0.511687],[-0.528495,-0.196243,0.825943],[0.640952,-0.730196,0.236632]],[[0.394425,0.80477,0.443592],[-0.706292,-0.0433175,0.706594],[0.587861,-0.592004,0.551317]],[[0.394425,0.80477,0.443592],[-0.842964,0.124688,0.523321],[0.365842,-0.580343,0.727572]],[[0.394425,0.80477,0.443592],[-0.914815,0.298255,0.272321],[0.086852,-0.513215,0.853854]]],"btipPosition":[-1.42607,237.352,-36.025],"carpPosition":[43.1683,175.321,36.8612],"dipPosition":[0.598642,225.388,-16.1198],"direction":[-0.365842,0.580343,-0.727572],"extended":false,"handId":416,"id":4160,"length":51.9129,"mcpPosition":[43.1683,175.321,36.8612],"pipPosition":[13.0236,205.678,8.59041],"stabilizedTipPosition":[-0.283834,231.253,-30.0742],"timeVisible":0.177373,"tipPosition":[-1.42449,229.82,-34.6314],"tipVelocity":[-5.79161,473.641,-96.533],"tool":false,"touchDistance":0.648728,"touchZone":"hovering","type":0,"width":21.4746},{"bases":[[[0.877916,0.0338549,-0.477616],[0.351572,0.631596,0.691002],[0.325054,-0.774558,0.542586]],[[0.877652,0.0344838,-0.478057],[-0.197309,0.934969,-0.294791],[0.436803,0.353049,0.827381]],[[0.877652,0.0344838,-0.478057],[-0.441907,-0.328,-0.834946],[-0.185595,0.944048,-0.272631]],[[0.877652,0.0344838,-0.478057],[-0.332726,-0.674089,-0.659468],[-0.344994,0.737845,-0.580141]]],"btipPosition":[31.6697,198.25,-18.5501],"carpPosition":[64.2234,200.24,41.4798],"dipPosition":[25.2119,212.061,-29.4096],"direction":[0.185595,-0.944048,0.272631],"extended":false,"handId":416,"id":4162,"length":66.7449,"mcpPosition":[40.9267,255.752,2.59245],"pipPosition":[19.9548,238.802,-37.132],"stabilizedTipPosition":[30.4891,200.522,-20.6541],"timeVisible":0.177373,"tipPosition":[30.6662,210.963,-20.6477],"tipVelocity":[-125.578,358.264,-130.194],"tool":false,"touchDistance":0.333333,"touchZone":"none","type":2,"width":20.146},{"bases":[[[0.887164,-0.128206,-0.443287],[0.42358,0.607388,0.672057],[0.183085,-0.783992,0.593158]],[[0.88104,-0.103757,-0.461523],[-0.0620727,0.941854,-0.330239],[0.468952,0.319602,0.82337]],[[0.88104,-0.103757,-0.461523],[-0.469001,-0.318852,-0.823633],[-0.0616993,0.942108,-0.329583]],[[0.88104,-0.103757,-0.461523],[-0.336108,-0.823844,-0.456412],[-0.332867,0.557239,-0.760713]]],"btipPosition":[50.5452,201.759,-15.897],"carpPosition":[75.2996,201.902,35.6637],"dipPosition":[44.3502,212.13,-30.0546],"direction":[0.0616993,-0.942108,0.329583],"extended":false,"handId":416,"id":4163,"length":64.1769,"mcpPosition":[63.5185,252.35,-2.50488],"pipPosition":[42.6477,238.126,-39.1491],"stabilizedTipPosition":[49.2164,203.216,-19.0619],"timeVisible":0.177373,"tipPosition":[47.9093,209.543,-23.2472],"tipVelocity":[-72.7447,409.951,-69.5415],"tool":false,"touchDistance":0.333333,"touchZone":"none","type":3,"width":19.1702},{"bases":[[[0.820127,-0.316667,-0.476565],[0.57091,0.508387,0.644674],[0.0381325,-0.80079,0.59773]],[[0.820772,-0.334377,-0.46317],[0.184539,0.922518,-0.338978],[0.540629,0.19275,0.818882]],[[0.820772,-0.334377,-0.46317],[-0.536541,-0.172895,-0.825973],[0.196106,0.926444,-0.321315]],[[0.820772,-0.334377,-0.46317],[-0.533996,-0.737119,-0.414131],[-0.202936,0.587237,-0.783562]]],"btipPosition":[63.6123,210.044,-18.7137],"carpPosition":[85.2616,197.265,26.0194],"dipPosition":[60.128,220.126,-32.1671],"direction":[-0.196106,-0.926444,0.321315],"extended":false,"handId":416,"id":4164,"length":50.3135,"mcpPosition":[82.9902,244.965,-9.5851],"pipPosition":[63.9486,238.176,-38.4271],"stabilizedTipPosition":[62.659,209.935,-21.8984],"timeVisible":0.177373,"tipPosition":[60.8752,215.451,-28.6995],"tipVelocity":[-42.3104,456.064,-56.2428],"tool":false,"touchDistance":0.333333,"touchZone":"none","type":4,"width":17.0285}],"r":[[0.116578,-0.276582,0.953893],[0.935222,-0.292727,-0.199173],[0.334318,0.915321,0.22454]],"s":1.26629,"t":[-21.4024,80.9842,-28.767],"timestamp":262206430337},{"currentFrameRate":32.4176,"devices":[],"gestures":[],"hands":[{"armBasis":[[0.894728,0.137437,-0.424939],[0.0748601,0.891861,0.446073],[0.440293,-0.430925,0.787684]],"armWidth":66.9278,"confidence":0.756743,"direction":[-0.25676,0.870167,-0.420576],"elbow":[201.899,55.5177,264.653],"grabAngle":2.62032,"grabStrength":0,"id":416,"palmNormal":[-0.268822,-0.482293,-0.833744],"palmPosition":[48.9646,235.513,7.89522],"palmVelocity":[-41.8919,376.623,-112.776],"palmWidth":93.471,"pinchDistance":59.9115,"pinchStrength":0.462248,"r":[[-0.0161551,-0.13652,0.990506],[0.892106,-0.449335,-0.0473812],[0.451538,0.88287,0.12905]],"s":1.29502,"sphereCenter":[38.9922,233.605,-37.2401],"sphereRadius":47.8706,"stabilizedPalmPosition":[49.0761,234.375,8.22515],"t":[-22.4287,86.9018,-30.7258],"timeVisible":0.187651,"type":"right","wrist":[79.7785,175.04,46.1791]}],"id":236586,"interactionBox":{"center":[0,200,0],"size":[235.247,235.247,147.751]},"pointables":[{"bases":[[[0.872047,0.245681,-0.42329],[0.205179,0.60169,0.771927],[0.444337,-0.760007,0.474293]],[[0.922484,0.14462,-0.357923],[0.203851,0.604871,0.769789],[0.327825,-0.783081,0.528503]],[[0.922484,0.14462,-0.357923],[0.142389,0.73433,0.66369],[0.358817,-0.663208,0.656815]],[[0.922484,0.14462,-0.357923],[0.101332,0.803948,0.586003],[0.372499,-0.576847,0.726974]]],"btipPosition":[-9.91624,315.631,-42.6585],"carpPosition":[52.6723,198.896,43.9894],"dipPosition":[-3.57671,305.813,-30.2862],"direction":[-0.358817,0.663208,-0.656815],"extended":true,"handId":416,"id":4161,"length":58.5779,"mcpPosition":[19.0913,256.334,8.14442],"pipPosition":[5.06218,289.846,-14.4727],"stabilizedTipPosition":[-8.55979,312.355,-39.914],"timeVisible":0.187651,"tipPosition":[-10.8397,305.517,-44.2478],"tipVelocity":[60.249,563.181,59.1482],"tool":false,"touchDistance":-0.471185,"touchZone":"touching","type":1,"width":20.5125},{"bases":[[[0.5639,0.641821,0.519696],[-0.526694,-0.205201,0.824915],[0.63609,-0.73889,0.222331]],[[0.404683,0.792873,0.455614],[-0.701233,-0.050728,0.711125],[0.586944,-0.607272,0.53546]],[[0.404683,0.792873,0.455614],[-0.840254,0.125806,0.527396],[0.360839,-0.596259,0.717126]],[[0.404683,0.792873,0.455614],[-0.911001,0.306275,0.276175],[0.0794285,-0.526828,0.846253]]],"btipPosition":[-1.80086,242.479,-36.7116],"carpPosition":[42.4035,178.807,34.8296],"dipPosition":[0.0507997,230.197,-16.9835],"direction":[-0.360839,0.596259,-0.717126],"extended":false,"handId":416,"id":4160,"length":51.9129,"mcpPosition":[42.4035,178.807,34.8296],"pipPosition":[12.3058,209.947,7.37188],"stabilizedTipPosition":[-0.996698,236.741,-31.4461],"timeVisible":0.187651,"tipPosition":[-2.03215,234.872,-35.5413],"tipVelocity":[-40.3373,491.729,-70.7633],"tool":false,"touchDistance":0.606279,"touchZone":"hovering","type":0,"width":21.4746},{"bases":[[[0.87622,0.034545,-0.480671],[0.35936,0.617731,0.699477],[0.321089,-0.78563,0.528854]],[[0.879365,0.0267439,-0.475397],[-0.187015,0.937586,-0.293186],[0.437885,0.346723,0.829482]],[[0.879365,0.0267439,-0.475397],[-0.441589,-0.327627,-0.83526],[-0.178091,0.944429,-0.276294]],[[0.879365,0.0267439,-0.475397],[-0.338147,-0.667841,-0.663057],[-0.335222,0.743824,-0.578232]]],"btipPosition":[30.9572,202.467,-19.3229],"carpPosition":[63.6742,203.483,39.7557],"dipPosition":[24.6823,216.391,-30.1466],"direction":[0.178091,-0.944429,0.276294],"extended":false,"handId":416,"id":4162,"length":66.7449,"mcpPosition":[40.6616,259.789,1.8525],"pipPosition":[19.6378,243.142,-37.9728],"stabilizedTipPosition":[29.7071,204.65,-21.5829],"timeVisible":0.187651,"tipPosition":[29.929,214.937,-22.0405],"tipVelocity":[-65.226,412.86,-74.3887],"tool":false,"touchDistance":0.333333,"touchZone":"none","type":2,"width":20.146},{"bases":[[[0.884321,-0.12811,-0.448959],[0.431097,0.593261,0.67985],[0.179255,-0.794751,0.579861]],[[0.880759,-0.112999,-0.459886],[-0.0517328,0.942344,-0.330622],[0.470731,0.31499,0.824132]],[[0.880759,-0.112999,-0.459886],[-0.