{"frames":257,"data":[{"currentFrameRate":25.8711,"devices":[],"gestures":[],"hands":[],"id":237175,"interactionBox":{"center":[0,200,0],"size":[235.247,235.247,147.751]},"pointables":[],"r":[[-0.020113,-0.761857,-0.647433],[0.506356,0.550609,-0.663651],[0.86209,-0.34118,0.374696]],"s":-5.55733,"t":[884.858,792.664,758.259],"timestamp":262223687220},{"currentFrameRate":25.8793,"devices":[],"gestures":[],"hands":[],"id":237176,"interactionBox":{"center":[0,200,0],"size":[235.247,235.247,147.751]},"pointables":[],"r":[[-0.020113,-0.761857,-0.647433],[0.506356,0.550609,-0.663651],[0.86209,-0.34118,0.374696]],"s":-5.55733,"t":[884.858,792.664,758.259],"timestamp":262223725804},{"currentFrameRate":25.8947,"devices":[],"gestures":[],"hands":[],"id":237177,"interactionBox":{"center":[0,200,0],"size":[235.247,235.247,147.751]},"pointables":[],"r":[[-0.020113,-0.761857,-0.647433],[0.506356,0.550609,-0.663651],[0.86209,-0.34118,0.374696]],"s":-5.55733,"t":[884.858,792.664,758.259],"timestamp":262223764314},{"currentFrameRate":25.9013,"devices":[],"gestures":[],"hands":[],"id":237178,"interactionBox":{"center":[0,200,0],"size":[235.247,235.247,147.751]},"pointables":[],"r":[[-0.020113,-0.761857,-0.647433],[0.506356,0.550609,-0.663651],[0.86209,-0.34118,0.374696]],"s":-5.55733,"t":[884.858,792.664,758.259],"timestamp":262223802876},{"currentFrameRate":25.9058,"devices":[],"gestures":[],"hands":[{"armBasis":[[0.78533,-0.349714,-0.510839],[0.334885,0.933989,-0.124567],[0.520681,-0.0732464,0.850604]],"armWidth":65.4574,"confidence":0,"direction":[0.0168217,0.637941,-0.769902],"elbow":[242.09,67.9188,336.328],"grabAngle":3.14037,"grabStrength":0.469764,"id":417,"palmNormal":[-0.450883,-0.682434,-0.575316],"palmPosition":[83.5409,131.964,37.7623],"palmVelocity":[1.19209e-7,1.19209e-7,1.19209e-7],"palmWidth":93.471,"pinchDistance":25.4415,"pinchStrength":0.822316,"r":[[1,-3.46945e-18,4.16334e-18],[3.46945e-18,1,-1.11022e-17],[-4.16334e-18,1.11022e-17,1]],"s":1,"sphereCenter":[78.0005,101.466,-5.6509],"sphereRadius":49.2117,"stabilizedPalmPosition":[83.5409,131.964,37.7623],"t":[0,0,0],"timeVisible":0,"type":"right","wrist":[97.6729,88.2345,100.403]}],"id":237179,"interactionBox":{"center":[0,200,0],"size":[235.247,235.247,147.751]},"pointables":[{"bases":[[[0.88258,-0.244637,-0.401505],[0.426127,0.77706,0.463243],[0.198667,-0.579941,0.790063]],[[0.893576,-0.281612,-0.349595],[0.241856,0.958081,-0.15358],[0.37819,0.0526832,0.924228]],[[0.893576,-0.281612,-0.349595],[-0.0279376,0.742365,-0.669413],[0.448042,0.607938,0.655492]],[[0.893576,-0.281612,-0.349595],[-0.206809,0.432954,-0.877371],[0.398437,0.856297,0.328637]]],"btipPosition":[27.2128,126.59,-36.4655],"carpPosition":[77.036,115.21,86.0773],"dipPosition":[34.206,141.62,-30.6974],"direction":[-0.448042,-0.607938,-0.655492],"extended":false,"handId":417,"id":4171,"length":60.411,"mcpPosition":[62.0216,159.04,26.3678],"pipPosition":[45.3306,156.714,-14.4219],"stabilizedTipPosition":[28.8212,130.047,-35.1388],"timeVisible":0,"tipPosition":[28.8212,130.047,-35.1388],"tipVelocity":[1.19209e-7,1.19209e-7,1.19209e-7],"tool":false,"touchDistance":1,"touchZone":"none","type":1,"width":19.8702},{"bases":[[[0.765674,0.591289,0.25322],[-0.523141,0.34339,0.780004],[0.374255,-0.729699,0.572252]],[[0.671057,0.730163,0.128624],[-0.639417,0.482157,0.598891],[0.375271,-0.484135,0.790434]],[[0.671057,0.730163,0.128624],[-0.702728,0.571103,0.424282],[0.236337,-0.375105,0.896349]],[[0.671057,0.730163,0.128624],[-0.740623,0.652216,0.16153],[0.0340525,-0.203658,0.97845]]],"btipPosition":[32.0605,140.307,-10.1787],"carpPosition":[60.4004,97.4464,85.2722],"dipPosition":[32.8792,135.41,13.3449],"direction":[-0.236337,0.375105,-0.896349],"extended":false,"handId":417,"id":4170,"length":53.5374,"mcpPosition":[60.4004,97.4464,85.2722],"pipPosition":[41.157,122.272,44.7398],"stabilizedTipPosition":[32.2488,139.18,-4.76827],"timeVisible":0,"tipPosition":[32.2488,139.18,-4.76827],"tipVelocity":[1.19209e-7,1.19209e-7,1.19209e-7],"tool":false,"touchDistance":1,"touchZone":"none","type":0,"width":20.8021},{"bases":[[[0.815643,-0.449601,-0.364122],[0.573462,0.711593,0.405928],[0.0766011,-0.539902,0.838235]],[[0.818769,-0.481167,-0.313203],[0.01308,0.561025,-0.827696],[0.573974,0.673595,0.465643]],[[0.818769,-0.481167,-0.313203],[-0.543194,-0.472596,-0.693969],[0.185896,0.73833,-0.648314]],[[0.818769,-0.481167,-0.313203],[-0.507484,-0.861656,-0.00291144],[-0.268472,0.161329,-0.949682]]],"btipPosition":[54.5468,94.5187,35.5239],"carpPosition":[88.7046,113.859,81.3853],"dipPosition":[49.3641,97.6331,17.1909],"direction":[-0.185896,-0.73833,0.648314],"extended":false,"handId":417,"id":4172,"length":68.8335,"mcpPosition":[83.2146,152.554,21.3087],"pipPosition":[54.7944,119.201,-1.74748],"stabilizedTipPosition":[53.3547,95.2351,31.3073],"timeVisible":0,"tipPosition":[53.3547,95.2351,31.3073],"tipVelocity":[1.19209e-7,1.19209e-7,1.19209e-7],"tool":false,"touchDistance":0.333333,"touchZone":"none","type":2,"width":19.5152},{"bases":[[[0.772459,-0.576507,-0.266358],[0.63242,0.660079,0.40539],[-0.0578928,-0.481597,0.874478]],[[0.774541,-0.546591,-0.318316],[0.0561758,0.560702,-0.82611],[0.630024,0.621974,0.464991]],[[0.774541,-0.546591,-0.318316],[-0.594097,-0.455918,-0.662712],[0.217107,0.702408,-0.677855]],[[0.774541,-0.546591,-0.318316],[-0.558172,-0.827366,0.0625278],[-0.297541,0.129245,-0.94592]]],"btipPosition":[73.7545,89.2991,36.314],"carpPosition":[99.4134,109.326,76.4816],"dipPosition":[68.0436,91.7797,18.1585],"direction":[-0.217107,-0.702408,0.677855],"extended":false,"handId":417,"id":4173,"length":66.1852,"mcpPosition":[103.139,140.316,20.2107],"pipPosition":[74.2219,111.768,-1.13146],"stabilizedTipPosition":[72.441,89.8696,32.1382],"timeVisible":0,"tipPosition":[72.441,89.8696,32.1382],"tipVelocity":[1.19209e-7,1.19209e-7,1.19209e-7],"tool":false,"touchDistance":0.333333,"touchZone":"none","type":3,"width":18.5699},{"bases":[[[0.645384,-0.729458,-0.226652],[0.737251,0.517217,0.434681],[-0.199853,-0.447636,0.871597]],[[0.665171,-0.66838,-0.33289],[0.195611,0.58623,-0.786175],[0.720613,0.457824,0.520686]],[[0.665171,-0.66838,-0.33289],[-0.646856,-0.293102,-0.704038],[0.372994,0.683637,-0.627308]],[[0.665171,-0.66838,-0.33289],[-0.713016,-0.700933,-0.0173887],[-0.221711,0.248922,-0.942805]]],"btipPosition":[88.9665,90.0881,29.0105],"carpPosition":[106.805,98.1972,70.5433],"dipPosition":[85.0407,94.4957,12.3165],"direction":[-0.372994,-0.683637,0.627308],"extended":false,"handId":417,"id":4174,"length":51.888,"mcpPosition":[118.71,124.861,18.6256],"pipPosition":[92.5349,108.231,-0.287464],"stabilizedTipPosition":[88.0635,91.1019,25.1709],"timeVisible":0,"tipPosition":[88.0635,91.1019,25.1709],"tipVelocity":[1.19209e-7,1.19209e-7,1.19209e-7],"tool":false,"touchDistance":0.333333,"touchZone":"none","type":4,"width":16.4953}],"r":[[1,-3.46945e-18,4.16334e-18],[3.46945e-18,1,-1.11022e-17],[-4.16334e-18,1.11022e-17,1]],"s":1,"t":[0,0,0],"timestamp":262223841446},{"currentFrameRate":25.8879,"devices":[],"gestures":[],"hands":[{"armBasis":[[0.805036,-0.10465,-0.583923],[0.189127,0.97823,0.0854258],[0.562271,-0.179207,0.807302]],"armWidth":66.9278,"confidence":0.201362,"direction":[-0.106669,0.695088,-0.710967],"elbow":[259.689,65.8965,320.069],"grabAngle":2.68707,"grabStrength":0,"id":417,"palmNormal":[-0.316002,-0.701673,-0.638591],"palmPosition":[81.1198,162.616,38.2231],"palmVelocity":[-62.474,790.953,11.8902],"palmWidth":93.471,"pinchDistance":55.5683,"pinchStrength":0.365009,"r":[[0.999283,0.0377803,0.00263858],[-0.0378208,0.999131,0.0175258],[-0.00197416,-0.017613,0.999843]],"s":1.03378,"sphereCenter":[74.2301,141.319,-7.11574],"sphereRadius":49.9973,"stabilizedPalmPosition":[81.2129,161.438,38.2053],"t":[-1.21053,15.3259,0.23039],"timeVisible":0.038753,"type":"right","wrist":[103.736,115.602,96.1538]}],"id":237180,"interactionBox":{"center":[0,200,0],"size":[235.247,235.247,147.751]},"pointables":[{"bases":[[[0.641183,0.700235,0.313936],[-0.575764,0.168519,0.80006],[0.507326,-0.693738,0.511222]],[[0.53609,0.816642,0.213786],[-0.684232,0.272037,0.676626],[0.494403,-0.509011,0.704608]],[[0.53609,0.816642,0.213786],[-0.797174,0.406433,0.44646],[0.277708,-0.409767,0.86889]],[[0.53609,0.816642,0.213786],[-0.844161,0.518715,0.135377],[-0.000339772,-0.253044,0.967455]]],"btipPosition":[30.306,166.22,-5.96578],"carpPosition":[65.0821,120.303,82.2288],"dipPosition":[30.2981,160.321,16.5877],"direction":[-0.277708,0.409767,-0.86889],"extended":false,"handId":417,"id":4170,"length":51.9129,"mcpPosition":[65.0821,120.303,82.2288],"pipPosition":[39.7297,146.404,46.0974],"stabilizedTipPosition":[30.3915,163.71,-0.957651],"timeVisible":0.038753,"tipPosition":[29.465,164.001,-3.45522],"tipVelocity":[-50.1813,662.721,102.955],"tool":false,"touchDistance":1,"touchZone":"none","type":0,"width":21.4746},{"bases":[[[0.91145,-0.03762,-0.409688],[0.273426,0.799455,0.534892],[0.307404,-0.599547,0.738949]],[[0.941169,-0.107548,-0.320365],[0.236811,0.886203,0.398201],[0.241082,-0.450641,0.859536]],[[0.941169,-0.107548,-0.320365],[0.181498,0.960544,0.210745],[0.285059,-0.256492,0.923555]],[[0.941169,-0.107548,-0.320365],[0.136139,0.988342,0.0681575],[0.3093,-0.107762,0.944839]]],"btipPosition":[32.3914,213.346,-46.145],"carpPosition":[78.0678,140.74,84.8008],"dipPosition":[37.6554,211.512,-30.0649],"direction":[-0.285059,0.256492,-0.923555],"extended":true,"handId":417,"id":4171,"length":58.5779,"mcpPosition":[54.8355,186.051,28.9542],"pipPosition":[44.5185,205.336,-7.82935],"stabilizedTipPosition":[33.4088,209.571,-42.151],"timeVisible":0.038753,"tipPosition":[33.167,208.936,-41.9368],"tipVelocity":[123.369,2138.59,-188.572],"tool":false,"touchDistance":0.829343,"touchZone":"hovering","type":1,"width":20.5125},{"bases":[[[0.884545,-0.254008,-0.39123],[0.430264,0.768229,0.474023],[0.180148,-0.587626,0.788823]],[[0.893755,-0.288787,-0.343225],[-0.012979,0.748209,-0.663336],[0.448367,0.597315,0.664968]],[[0.893755,-0.288787,-0.343225],[-0.446355,-0.496915,-0.744206],[0.0443638,0.818338,-0.573022]],[[0.893755,-0.288787,-0.343225],[-0.378427,-0.896264,-0.23131],[-0.24082,0.33662,-0.910325]]],"btipPosition":[58.5777,125.986,24.9719],"carpPosition":[89.7648,142.03,80.1626],"dipPosition":[54.0699,132.288,7.93183],"direction":[-0.0443638,-0.818338,0.573022],"extended":false,"handId":417,"id":4172,"length":66.7449,"mcpPosition":[76.8536,184.146,23.6273],"pipPosition":[55.3265,155.467,-8.29924],"stabilizedTipPosition":[57.2588,125.266,21.7437],"timeVisible":0.038753,"tipPosition":[58.0179,124.133,25.0738],"tipVelocity":[108.021,830.92,-264.616],"tool":false,"touchDistance":0.333333,"touchZone":"none","type":2,"width":20.146},{"bases":[[[0.866445,-0.394898,-0.305497],[0.497885,0.728994,0.469764],[0.0371962,-0.559127,0.828247]],[[0.867223,-0.414807,-0.275427],[0.126695,0.718778,-0.683599],[0.481532,0.557937,0.675894]],[[0.867223,-0.414807,-0.275427],[-0.464034,-0.472726,-0.749135],[0.180545,0.777474,-0.602443]],[[0.867223,-0.414807,-0.275427],[-0.476359,-0.852195,-0.216441],[-0.144936,0.318904,-0.93664]]],"btipPosition":[75.0105,123.805,25.7018],"carpPosition":[101.119,140.046,75.0231],"dipPosition":[72.3131,129.74,8.26997],"direction":[-0.180545,-0.777474,0.602443],"extended":false,"handId":417,"id":4173,"length":64.1769,"mcpPosition":[98.7257,176.025,21.7271],"pipPosition":[77.295,151.194,-8.35375],"stabilizedTipPosition":[74.2663,122.927,22.3562],"timeVisible":0.038753,"tipPosition":[76.4625,122.233,25.6136],"tipVelocity":[50.2969,910.913,-269.546],"tool":false,"touchDistance":0.333333,"touchZone":"none","type":3,"width":19.1702},{"bases":[[[0.770672,-0.571943,-0.280974],[0.627905,0.606418,0.487846],[-0.108632,-0.552394,0.826475]],[[0.773582,-0.555127,-0.305622],[0.264476,0.721101,-0.640364],[0.575868,0.414544,0.704648]],[[0.773582,-0.555127,-0.305622],[-0.542814,-0.331617,-0.771611],[0.326993,0.7628,-0.557864]],[[0.773582,-0.555127,-0.305622],[-0.630745,-0.721005,-0.286901],[-0.0610883,0.414711,-0.9079]]],"btipPosition":[91.3243,127.399,20.6417],"carpPosition":[110.458,131.077,68.2335],"dipPosition":[90.2754,134.519,5.05353],"direction":[-0.326993,-0.7628,0.557864],"extended":false,"handId":417,"id":4174,"length":50.3135,"mcpPosition":[116.929,163.981,19.0035],"pipPosition":[96.646,149.38,-5.81502],"stabilizedTipPosition":[90.9289,127.101,17.4705],"timeVisible":0.038753,"tipPosition":[92.457,126.204,20.3301],"tipVelocity":[77.9166,978.883,-209.389],"tool":false,"touchDistance":0.333333,"touchZone":"none","type":4,"width":17.0285}],"r":[[0.999283,0.0377803,0.00263858],[-0.0378208,0.999131,0.0175258],[-0.00197416,-0.017613,0.999843]],"s":1.03378,"t":[-1.21053,15.3259,0.23039],"timestamp":262223880199},{"currentFrameRate":26.4456,"devices":[],"gestures":[],"hands":[{"armBasis":[[0.83827,0.0347956,-0.544144],[0.126696,0.958217,0.256453],[0.530331,-0.283917,0.798836]],"armWidth":66.9278,"confidence":0.365288,"direction":[-0.177208,0.720725,-0.670189],"elbow":[246.64,54.0295,306.376],"grabAngle":2.65412,"grabStrength":0,"id":417,"palmNormal":[-0.247239,-0.691729,-0.678516],"palmPosition":[72.9616,181.683,29.956],"palmVelocity":[-240.335,561.709,-243.542],"palmWidth":93.471,"pinchDistance":50.5965,"pinchStrength":0.452578,"r":[[0.996134,0.0876271,0.00618102],[-0.0878123,0.995213,0.0429],[-0.00239222,-0.043277,0.99906]],"s":1.05073,"sphereCenter":[71.6431,162.697,-17.8973],"sphereRadius":50.9666,"stabilizedPalmPosition":[73.2817,180.898,30.2761],"t":[-5.89488,32.5225,-3.78793],"timeVisible":0.072698,"type":"right","wrist":[99.5459,132.777,84.8087]}],"id":237181,"interactionBox":{"center":[0,200,0],"size":[235.247,235.247,147.751]},"pointables":[{"bases":[[[0.569886,0.741046,0.355078],[-0.58693,0.0646618,0.807051],[0.575102,-0.668333,0.471792]],[[0.430558,0.869098,0.243491],[-0.720414,0.168407,0.672787],[0.543712,-0.465088,0.69862]],[[0.430558,0.869098,0.243491],[-0.851084,0.30114,0.430082],[0.300459,-0.392407,0.869334]],[[0.430558,0.869098,0.243491],[-0.902424,0.419259,0.0992579],[-0.0158211,-0.262469,0.964811]]],"btipPosition":[23.6145,178.835,-16.4158],"carpPosition":[61.3308,135.54,71.4252],"dipPosition":[23.2457,172.716,6.07614],"direction":[-0.300459,0.392407,-0.869334],"extended":false,"handId":417,"id":4170,"length":51.9129,"mcpPosition":[61.3308,135.54,71.4252],"pipPosition":[33.45,159.389,35.6009],"stabilizedTipPosition":[24.364,175.76,-9.99201],"timeVisible":0.072698,"tipPosition":[21.8542,179.601,-11.5806],"tipVelocity":[-199.573,370.158,-308.268],"tool":false,"touchDistance":1,"touchZone":"none","type":0,"width":21.4746},{"bases":[[[0.909335,0.0761986,-0.409027],[0.194863,0.790603,0.580495],[0.367611,-0.607569,0.704075]],[[0.95232,-0.0108439,-0.304909],[0.177459,0.83262,0.524645],[0.248184,-0.553739,0.794845]],[[0.95232,-0.0108439,-0.304909],[0.104542,0.950469,0.292711],[0.286633,-0.310631,0.906284]],[[0.95232,-0.0108439,-0.304909],[0.0267291,0.998491,0.047972],[0.303929,-0.0538346,0.951172]]],"btipPosition":[21.7648,234.99,-50.0383],"carpPosition":[72.2417,156.98,75.1954],"dipPosition":[26.9373,234.074,-33.8504],"direction":[-0.286633,0.310631,-0.906284],"extended":true,"handId":417,"id":4171,"length":58.5779,"mcpPosition":[44.4593,202.898,21.9845],"pipPosition":[33.8383,226.595,-12.0306],"stabilizedTipPosition":[23.14,234.332,-46.2411],"timeVisible":0.072698,"tipPosition":[21.0177,229.301,-47.2347],"tipVelocity":[-313.675,643.844,-113.963],"tool":false,"touchDistance":0.721715,"touchZone":"hovering","type":1,"width":20.5125},{"bases":[[[0.904008,-0.142489,-0.403071],[0.353815,0.778573,0.518304],[0.239967,-0.611164,0.754251]],[[0.903801,-0.141963,-0.40372],[-0.123334,0.816944,-0.563375],[0.409795,0.558971,0.720846]],[[0.903801,-0.141963,-0.40372],[-0.422002,-0.452408,-0.785647],[-0.071113,0.880439,-0.468796]],[[0.903801,-0.141963,-0.40372],[-0.290124,-0.89675,-0.334166],[-0.314596,0.419148,-0.851671]]],"btipPosition":[54.7679,143.864,11.2204],"carpPosition":[83.7385,159.684,70.6663],"dipPosition":[48.8791,151.71,-4.72176],"direction":[0.071113,-0.880439,0.468796],"extended":false,"handId":417,"id":4172,"length":66.7449,"mcpPosition":[66.54,203.486,16.6089],"pipPosition":[46.8648,176.649,-18.0006],"stabilizedTipPosition":[53.9606,142.766,9.57252],"timeVisible":0.072698,"tipPosition":[53.672,142.629,13.243],"tipVelocity":[-121.59,537.139,-397.672],"tool":false,"touchDistance":0.333333,"touchZone":"none","type":2,"width":20.146},{"bases":[[[0.900207,-0.289158,-0.325601],[0.424967,0.746524,0.511962],[0.0950306,-0.599241,0.794908]],[[0.897944,-0.276146,-0.342696],[0.0282723,0.813244,-0.581236],[0.439201,0.512228,0.738055]],[[0.897944,-0.276146,-0.342696],[-0.434275,-0.429561,-0.791759],[0.0714322,0.859779,-0.505645]],[[0.897944,-0.276146,-0.342696],[-0.391599,-0.856691,-0.335755],[-0.200867,0.435688,-0.877399]]],"btipPosition":[71.3217,143.06,11.7322],"carpPosition":[95.2161,159.13,65.4482],"dipPosition":[67.5833,151.168,-4.59709],"direction":[-0.0714322,-0.859779,0.505645],"extended":false,"handId":417,"id":4173,"length":64.1769,"mcpPosition":[89.1011,197.69,14.2975],"pipPosition":[69.5544,174.893,-18.5498],"stabilizedTipPosition":[70.9397,142.162,9.78272],"timeVisible":0.072698,"tipPosition":[71.922,142.432,13.6623],"tipVelocity":[-115.725,581.957,-404.066],"tool":false,"touchDistance":0.333333,"touchZone":"none","type":3,"width":19.1702},{"bases":[[[0.822481,-0.475916,-0.311495],[0.566524,0.636567,0.52329],[-0.0507546,-0.606866,0.793182]],[[0.823107,-0.467433,-0.322493],[0.231083,0.794431,-0.561677],[0.518744,0.387797,0.761917]],[[0.823107,-0.467433,-0.322493],[-0.487529,-0.290417,-0.823391],[0.291222,0.834964,-0.466931]],[[0.823107,-0.467433,-0.322493],[-0.566155,-0.719756,-0.40177],[-0.0443159,0.513281,-0.857076]]],"btipPosition":[85.2125,148.942,7.90752],"carpPosition":[105.373,151.532,58.1775],"dipPosition":[84.4516,157.755,-6.80804],"direction":[-0.291222,-0.834964,0.466931],"extended":false,"handId":417,"id":4174,"length":50.3135,"mcpPosition":[108.396,187.68,10.9306],"pipPosition":[90.1253,174.022,-15.905],"stabilizedTipPosition":[85.4979,149.104,5.53473],"timeVisible":0.072698,"tipPosition":[87.3447,148.184,9.15346],"tipVelocity":[-178.098,646.111,-369.23],"tool":false,"touchDistance":0.333333,"touchZone":"none","type":4,"width":17.0285}],"r":[[0.996134,0.0876271,0.00618102],[-0.0878123,0.995213,0.0429],[-0.00239222,-0.043277,0.99906]],"s":1.05073,"t":[-5.89488,32.5225,-3.78793],"timestamp":262223914144},{"currentFrameRate":28.0476,"devices":[],"gestures":[],"hands":[{"armBasis":[[0.859792,0.0828762,-0.503875],[0.11208,0.932053,0.34455],[0.498193,-0.352716,0.792083]],"armWidth":66.9278,"confidence":0.473327,"direction":[-0.219855,0.734913,-0.641535],"elbow":[236.305,48.0079,296.867],"grabAngle":2.65759,"grabStrength":0,"id":417,"palmNormal":[-0.232273,-0.678148,-0.697255],"palmPosition":[69.2559,196.018,24.5771],"palmVelocity":[-148.598,574.82,-215.693],"palmWidth":93.471,"pinchDistance":53.2767,"pinchStrength":0.488057,"r":[[0.99076,0.13545,0.00692883],[-0.135601,0.988274,0.070194],[0.00266021,-0.070485,0.997509]],"s":1.06173,"sphereCenter":[71.9636,178.514,-25.6057],"sphereRadius":52.7791,"stabilizedPalmPosition":[69.5447,194.933,24.986],"t":[-10.0899,48.2882,-8.48657],"timeVisible":0.097636,"type":"right","wrist":[98.1253,145.838,77.1732]}],"id":237182,"interactionBox":{"center":[0,200,0],"size":[235.247,235.247,147.751]},"pointables":[{"bases":[[[0.897112,0.127616,-0.42297],[0.173955,0.778008,0.603691],[0.406115,-0.615156,0.675761]],[[0.955079,0.0160679,-0.295915],[0.165011,0.800586,0.57605],[0.246162,-0.599003,0.761971]],[[0.955079,0.0160679,-0.295915],[0.0966337,0.927067,0.362228],[0.280154,-0.374552,0.883869]],[[0.955079,0.0160679,-0.295915],[0.041256,0.981597,0.186455],[0.293466,-0.190288,0.93684]]],"btipPosition":[17.4832,254.178,-51.9601],"carpPosition":[70.4495,169.797,68.9434],"dipPosition":[22.4777,250.939,-36.0161],"direction":[-0.280154,0.374552,-0.883869],"extended":true,"handId":417,"id":4171,"length":58.5779,"mcpPosition":[39.7571,216.288,17.8723],"pipPosition":[29.2227,241.922,-14.736],"stabilizedTipPosition":[18.742,252.967,-48.2429],"timeVisible":0.097636,"tipPosition":[15.1496,246.531,-49.5056],"tipVelocity":[-173.33,748.016,-79.3128],"tool":false,"touchDistance":0.653208,"touchZone":"hovering","type":1,"width":20.5125},{"bases":[[[0.546113,0.751683,0.369775],[-0.572846,0.0130194,0.81956],[0.611235,-0.659396,0.437709]],[[0.417648,0.864977,0.278182],[-0.710912,0.12042,0.692895],[0.565839,-0.487149,0.665216]],[[0.417648,0.864977,0.278182],[-0.859434,0.276718,0.429884],[0.294862,-0.41862,0.858961]],[[0.417648,0.864977,0.278182],[-0.908148,0.407142,0.0974846],[-0.0289376,-0.293345,0.955569]]],"btipPosition":[21.9954,194.098,-20.9208],"carpPosition":[60.3505,148.061,64.6394],"dipPosition":[21.3208,187.259,1.3556],"direction":[-0.294862,0.41862,-0.858961],"extended":false,"handId":417,"id":4170,"length":51.9129,"mcpPosition":[60.3505,148.061,64.6394],"pipPosition":[31.335,173.042,30.5281],"stabilizedTipPosition":[22.1803,190.266,-15.015],"timeVisible":0.097636,"tipPosition":[18.2184,193.097,-16.0065],"tipVelocity":[-67.7445,605.377,-182.639],"tool":false,"touchDistance":0.994883,"touchZone":"hovering","type":0,"width":21.4746},{"bases":[[[0.900844,-0.0911809,-0.424459],[0.331992,0.774688,0.538182],[0.279752,-0.625735,0.728145]],[[0.894404,-0.0772515,-0.440537],[-0.176098,0.844588,-0.505629],[0.411133,0.529814,0.741799]],[[0.894404,-0.0772515,-0.440537],[-0.422401,-0.469694,-0.775219],[-0.147031,0.879443,-0.452727]],[[0.894404,-0.0772515,-0.440537],[-0.239242,-0.914847,-0.325297],[-0.377895,0.396342,-0.836725]]],"btipPosition":[53.1825,160.206,4.9817],"carpPosition":[81.7335,173.126,64.2975],"dipPosition":[46.1088,167.625,-10.6806],"direction":[0.147031,-0.879443,0.452727],"extended":false,"handId":417,"id":4172,"length":66.7449,"mcpPosition":[61.6835,217.973,12.1111],"pipPosition":[41.9441,192.536,-23.5043],"stabilizedTipPosition":[51.9613,158.682,2.7617],"timeVisible":0.097636,"tipPosition":[51.2868,157.429,6.19392],"tipVelocity":[-74.5022,651.355,-247.587],"tool":false,"touchDistance":0.333333,"touchZone":"none","type":2,"width":20.146},{"bases":[[[0.904586,-0.240407,-0.352035],[0.404253,0.745852,0.529418],[0.13529,-0.621215,0.771873]],[[0.897995,-0.213702,-0.384626],[-0.0233775,0.849731,-0.526698],[0.439384,0.481964,0.758058]],[[0.897995,-0.213702,-0.384626],[-0.440003,-0.439231,-0.783245],[-0.00155874,0.872587,-0.488456]],[[0.897995,-0.213702,-0.384626],[-0.346642,-0.881988,-0.319274],[-0.271006,0.420034,-0.866099]]],"btipPosition":[69.9438,159.854,5.04263],"carpPosition":[93.1177,173.225,58.8512],"dipPosition":[64.9001,167.671,-11.0764],"direction":[0.00155874,-0.872587,0.488456],"extended":false,"handId":417,"id":4173,"length":64.1769,"mcpPosition":[84.412,213.199,9.18272],"pipPosition":[64.8571,191.749,-24.5548],"stabilizedTipPosition":[69.1278,158.542,2.68321],"timeVisible":0.097636,"tipPosition":[69.4105,157.845,6.28985],"tipVelocity":[-67.2885,670.753,-266.31],"tool":false,"touchDistance":0.333333,"touchZone":"none","type":3,"width":19.1702},{"bases":[[[0.834852,-0.4306,-0.342937],[0.550382,0.641548,0.534318],[-0.0100671,-0.634823,0.772592]],[[0.834299,-0.398071,-0.381425],[0.173776,0.84646,-0.503296],[0.523208,0.353617,0.775376]],[[0.834299,-0.398071,-0.381425],[-0.507021,-0.282308,-0.814391],[0.216506,0.872836,-0.437359]],[[0.834299,-0.398071,-0.381425],[-0.534673,-0.752909,-0.383736],[-0.134424,0.524088,-0.840989]]],"btipPosition":[83.6907,165.66,0.765612],"carpPosition":[103.429,166.305,51.1355],"dipPosition":[81.3827,174.659,-13.6737],"direction":[-0.216506,-0.872836,0.437359],"extended":false,"handId":417,"id":4174,"length":50.3135,"mcpPosition":[104.029,204.119,5.11507],"pipPosition":[85.6008,191.664,-22.1946],"stabilizedTipPosition":[83.4486,165.43,-1.55637],"timeVisible":0.097636,"tipPosition":[84.4399,164.239,1.89122],"tipVelocity":[-75.2933,672.117,-283.839],"tool":false,"touchDistance":0.333333,"touchZone":"none","type":4,"width":17.0285}],"r":[[0.99076,0.13545,0.00692883],[-0.135601,0.988274,0.070194],[0.00266021,-0.070485,0.997509]],"s":1.06173,"t":[-10.0899,48.2882,-8.48657],"timestamp":262223939082},{"currentFrameRate":30.1138,"devices":[],"gestures":[],"hands":[{"armBasis":[[0.868334,0.0518772,-0.49326],[0.155461,0.91593,0.370005],[0.470986,-0.39797,0.787268]],"armWidth":66.9278,"confidence":0.551582,"direction":[-0.23543,0.746188,-0.622717],"elbow":[227.677,44.9761,290.232],"grabAngle":2.63738,"grabStrength":0,"id":417,"palmNormal":[-0.278835,-0.66565,-0.692214],"palmPosition":[67.4102,206.91,21.057],"palmVelocity":[-91.4666,539.772,-174.44],"palmWidth":93.471,"pinchDistance":58.2712,"pinchStrength":0.59427,"r":[[0.985512,0.169606,-0.00064692],[-0.168774,0.981041,0.0952579],[0.016791,-0.0937686,0.995452]],"s":1.06324,"sphereCenter":[68.794,189.849,-29.8668],"sphereRadius":52.9737,"stabilizedPalmPosition":[67.6155,205.758,21.435],"t":[-13.1103,61.6171,-12.5959],"timeVisible":0.117815,"type":"right","wrist":[97.043,155.358,71.8736]}],"id":237183,"interactionBox":{"center":[0,200,0],"size":[235.247,235.247,147.751]},"pointables":[{"bases":[[[0.878287,0.114771,-0.464154],[0.218133,0.76767,0.602579],[0.425476,-0.630485,0.649199]],[[0.946227,-0.0152198,-0.323144],[0.212123,0.78337,0.584239],[0.244249,-0.62137,0.744474]],[[0.946227,-0.0152198,-0.323144],[0.143873,0.914468,0.378217],[0.289749,-0.404371,0.867485]],[[0.946227,-0.0152198,-0.323144],[0.09847,0.965044,0.242886],[0.308152,-0.261645,0.91465]]],"btipPosition":[15.3646,268.606,-52.3302],"carpPosition":[70.1932,180.177,65.0449],"dipPosition":[20.609,264.153,-36.7639],"direction":[-0.289749,0.404371,-0.867485],"extended":true,"handId":417,"id":4171,"length":58.5779,"mcpPosition":[38.0376,227.826,15.9813],"pipPosition":[27.585,254.417,-15.8783],"stabilizedTipPosition":[16.6329,267.164,-48.7355],"timeVisible":0.117815,"tipPosition":[11.7051,260.528,-49.667],"tipVelocity":[-102.143,701.157,-22.6469],"tool":false,"touchDistance":0.614366,"touchZone":"hovering","type":1,"width":20.5125},{"bases":[[[0.578103,0.736688,0.350837],[-0.532711,0.0150624,0.846163],[0.618074,-0.676064,0.40115]],[[0.446161,0.85461,0.265673],[-0.678402,0.129343,0.723216],[0.583704,-0.502904,0.637477]],[[0.446161,0.85461,0.265673],[-0.851599,0.314136,0.419639],[0.275171,-0.413474,0.86794]],[[0.446161,0.85461,0.265673],[-0.892152,0.448181,0.0565495],[-0.0707418,-0.262251,0.962403]]],"btipPosition":[21.8385,204.637,-23.5941],"carpPosition":[59.4664,158.692,61.008],"dipPosition":[20.1893,198.523,-1.15836],"direction":[-0.275171,0.413474,-0.86794],"extended":false,"handId":417,"id":4170,"length":51.9129,"mcpPosition":[59.4664,158.692,61.008],"pipPosition":[29.5348,184.481,28.3191],"stabilizedTipPosition":[21.56,201.418,-17.9559],"timeVisible":0.117815,"tipPosition":[15.9981,204.951,-17.3653],"tipVelocity":[-18.885,530.546,-130.663],"tool":false,"touchDistance":0.889178,"touchZone":"hovering","type":0,"width":21.4746},{"bases":[[[0.877554,-0.104027,-0.468056],[0.372766,0.761993,0.52954],[0.301569,-0.639175,0.707468]],[[0.874803,-0.0982665,-0.474409],[-0.155343,0.87062,-0.466786],[0.458899,0.482042,0.746356]],[[0.874803,-0.0982665,-0.474409],[-0.467928,-0.425135,-0.774793],[-0.125551,0.89978,-0.417891]],[[0.874803,-0.0982665,-0.474409],[-0.289814,-0.890834,-0.34989],[-0.388237,0.443576,-0.807783]]],"btipPosition":[48.4843,172.213,0.316633],"carpPosition":[81.3071,183.337,59.8978],"dipPosition":[41.2171,180.516,-14.804],"direction":[0.125551,-0.89978,0.417891],"extended":false,"handId":417,"id":4172,"length":66.7449,"mcpPosition":[59.6936,229.147,9.19334],"pipPosition":[37.6608,206.003,-26.6409],"stabilizedTipPosition":[47.7712,171.249,-2.05861],"timeVisible":0.117815,"tipPosition":[47.6904,169.533,2.38231],"tipVelocity":[-235.031,605.111,-225.009],"tool":false,"touchDistance":0.333333,"touchZone":"none","type":2,"width":20.146},{"bases":[[[0.881753,-0.254098,-0.397423],[0.443934,0.73185,0.517029],[0.159478,-0.632322,0.758114]],[[0.871881,-0.219663,-0.437689],[-0.0300217,0.868101,-0.495478],[0.488796,0.445138,0.750287]],[[0.871881,-0.219663,-0.437689],[-0.489629,-0.408039,-0.770564],[-0.00932944,0.886145,-0.463315]],[[0.871881,-0.219663,-0.437689],[-0.376917,-0.871622,-0.313382],[-0.312661,0.438204,-0.842746]]],"btipPosition":[66.4785,171.544,0.207762],"carpPosition":[92.4182,183.274,53.9134],"dipPosition":[60.6595,179.699,-15.4766],"direction":[0.00932944,-0.886145,0.463315],"extended":false,"handId":417,"id":4173,"length":64.1769,"mcpPosition":[82.1561,223.963,5.13037],"pipPosition":[60.4021,204.152,-28.2613],"stabilizedTipPosition":[65.885,170.641,-2.26347],"timeVisible":0.117815,"tipPosition":[65.872,169.256,1.99421],"tipVelocity":[-180.567,583.168,-234.645],"tool":false,"touchDistance":0.333333,"touchZone":"none","type":3,"width":19.1702},{"bases":[[[0.808732,-0.442981,-0.386937],[0.588009,0.62466,0.513853],[0.0140772,-0.643092,0.765659]],[[0.805785,-0.39709,-0.439352],[0.164568,0.86281,-0.477992],[0.568883,0.312856,0.760588]],[[0.805785,-0.39709,-0.439352],[-0.556046,-0.252031,-0.792019],[0.203773,0.882497,-0.423883]],[[0.805785,-0.39709,-0.439352],[-0.562164,-0.746188,-0.356616],[-0.18623,0.534344,-0.824497]]],"btipPosition":[80.5611,177.159,-4.33968],"carpPosition":[102.209,176.24,45.6421],"dipPosition":[77.3636,186.334,-18.4959],"direction":[-0.203773,-0.882497,0.423883],"extended":false,"handId":417,"id":4174,"length":50.3135,"mcpPosition":[101.37,214.546,0.0346265],"pipPosition":[81.3336,203.527,-26.7542],"stabilizedTipPosition":[80.4175,177.008,-6.60895],"timeVisible":0.117815,"tipPosition":[80.7924,175.345,-2.94943],"tipVelocity":[-165.232,571.854,-249.773],"tool":false,"touchDistance":0.333333,"touchZone":"none","type":4,"width":17.0285}],"r":[[0.985512,0.169606,-0.00064692],[-0.168774,0.981041,0.0952579],[0.016791,-0.0937686,0.995452]],"s":1.06324,"t":[-13.1103,61.6171,-12.5959],"timestamp":262223959261},{"currentFrameRate":31.992,"devices":[],"gestures":[],"hands":[{"armBasis":[[0.876036,0.0518509,-0.479451],[0.163506,0.903379,0.39645],[0.453682,-0.425697,0.782914]],"armWidth":66.9278,"confidence":0.620963,"direction":[-0.24016,0.777966,-0.580596],"elbow":[221.411,43.4526,284.24],"grabAngle":2.61448,"grabStrength":0,"id":417,"palmNormal":[-0.296908,-0.628306,-0.719081],"palmPosition":[65.7907,215.61,19.1395],"palmVelocity":[-80.5467,432.685,-95.3727],"palmWidth":93.471,"pinchDistance":59.8871,"pinchStrength":0.767423,"r":[[0.980693,0.195392,-0.00794462],[-0.192867,0.973131,0.125769],[0.0323055,-0.121809,0.992028]],"s":1.05449,"sphereCenter":[63.6195,202.123,-30.4947],"sphereRadius":50.6276,"stabilizedPalmPosition":[65.9153,214.937,19.2962],"t":[-15.4302,72.6313,-15.6093],"timeVisible":0.137921,"type":"right","wrist":[95.5765,161.525,67.0895]}],"id":237184,"interactionBox":{"center":[0,200,0],"size":[235.247,235.247,147.751]},"pointables":[{"bases":[[[0.870769,0.130929,-0.47394],[0.235484,0.735112,0.635734],[0.431635,-0.665182,0.609281]],[[0.942805,-0.0139898,-0.333051],[0.231953,0.745102,0.625317],[0.239409,-0.666804,0.705731]],[[0.942805,-0.0139898,-0.333051],[0.168333,0.882351,0.439456],[0.28772,-0.470385,0.83424]],[[0.942805,-0.0139898,-0.333051],[0.12966,0.93583,0.327735],[0.307094,-0.352174,0.884119]]],"btipPosition":[14.1132,282.831,-49.6885],"carpPosition":[69.1332,186.705,61.6917],"dipPosition":[19.3396,276.837,-34.6418],"direction":[-0.28772,0.470385,-0.83424],"extended":true,"handId":417,"id":4171,"length":58.5779,"mcpPosition":[36.5122,236.977,15.6449],"pipPosition":[26.2668,265.512,-14.5566],"stabilizedTipPosition":[15.3426,281.156,-46.2798],"timeVisible":0.137921,"tipPosition":[9.95455,274.023,-47.6349],"tipVelocity":[-62.446,689.871,125.443],"tool":false,"touchDistance":0.624095,"touchZone":"hovering","type":1,"width":20.5125},{"bases":[[[0.5906,0.713905,0.376206],[-0.517294,-0.022876,0.855502],[0.619354,-0.699869,0.355788]],[[0.447484,0.844872,0.29317],[-0.672784,0.102069,0.732765],[0.589169,-0.525141,0.61409]],[[0.447484,0.844872,0.29317],[-0.867982,0.331384,0.369854],[0.215327,-0.41997,0.881623]],[[0.447484,0.844872,0.29317],[-0.879004,0.475886,-0.0297534],[-0.164653,-0.244384,0.955597]]],"btipPosition":[24.4655,212.419,-26.9151],"carpPosition":[58.1519,165.53,56.7939],"dipPosition":[20.6271,206.722,-4.63798],"direction":[-0.215327,0.41997,-0.881623],"extended":false,"handId":417,"id":4170,"length":51.9129,"mcpPosition":[58.1519,165.53,56.7939],"pipPosition":[27.9401,192.459,25.3041],"stabilizedTipPosition":[23.3206,209.853,-21.2944],"timeVisible":0.137921,"tipPosition":[16.6608,214.497,-19.4083],"tipVelocity":[105.616,391.836,-166.987],"tool":false,"touchDistance":0.783232,"touchZone":"hovering","type":0,"width":21.4746},{"bases":[[[0.86809,-0.0873936,-0.488653],[0.388727,0.731882,0.559679],[0.308724,-0.675804,0.669312]],[[0.885041,-0.12776,-0.447639],[-0.0723473,0.912168,-0.403381],[0.459858,0.389394,0.798062]],[[0.885041,-0.12776,-0.447639],[-0.461717,-0.363489,-0.809131],[-0.059337,0.922796,-0.380692]],[[0.885041,-0.12776,-0.447639],[-0.326536,-0.855731,-0.401371],[-0.331779,0.5014,-0.799075]]],"btipPosition":[43.8658,184.247,-4.04139],"carpPosition":[80.1797,190.031,56.5043],"dipPosition":[37.6553,193.632,-18.999],"direction":[0.059337,-0.922796,0.380692],"extended":false,"handId":417,"id":4172,"length":66.7449,"mcpPosition":[58.0534,238.466,8.53452],"pipPosition":[35.9746,219.771,-29.7822],"stabilizedTipPosition":[43.225,184.167,-6.68081],"timeVisible":0.137921,"tipPosition":[44.8693,180.658,-2.1933],"tipVelocity":[-217.62,610.888,-214.888],"tool":false,"touchDistance":0.333333,"touchZone":"none","type":2,"width":20.146},{"bases":[[[0.872269,-0.240813,-0.425623],[0.459398,0.701852,0.544387],[0.167629,-0.670383,0.722833]],[[0.863864,-0.210473,-0.457646],[-0.0145672,0.897705,-0.440356],[0.503514,0.387075,0.772429]],[[0.863864,-0.210473,-0.457646],[-0.503676,-0.348325,-0.790557],[0.00698192,0.913439,-0.406916]],[[0.863864,-0.210473,-0.457646],[-0.396376,-0.844672,-0.359742],[-0.310845,0.492168,-0.813109]]],"btipPosition":[63.5776,181.726,-4.2074],"carpPosition":[91.1807,190.18,50.3213],"dipPosition":[57.7925,190.886,-19.3402],"direction":[-0.00698192,-0.913439,0.406916],"extended":false,"handId":417,"id":4173,"length":64.1769,"mcpPosition":[80.3941,233.318,3.8085],"pipPosition":[57.9851,216.091,-30.5686],"stabilizedTipPosition":[62.8346,181.702,-6.81186],"timeVisible":0.137921,"tipPosition":[63.4983,179.287,-2.13063],"tipVelocity":[-143.892,517.916,-213.284],"tool":false,"touchDistance":0.333333,"touchZone":"none","type":3,"width":19.1702},{"bases":[[[0.797831,-0.429418,-0.423161],[0.602468,0.59385,0.533268],[0.0222994,-0.680399,0.732503]],[[0.794741,-0.384729,-0.469436],[0.177768,0.887066,-0.426043],[0.580332,0.255143,0.77338]],[[0.794741,-0.384729,-0.469436],[-0.567459,-0.196565,-0.799595],[0.215353,0.901857,-0.374536]],[[0.794741,-0.384729,-0.469436],[-0.576778,-0.719543,-0.386762],[-0.188981,0.578136,-0.793753]]],"btipPosition":[78.0415,187.536,-8.41284],"carpPosition":[100.761,183.49,41.5337],"dipPosition":[74.7968,197.462,-22.0412],"direction":[-0.215353,-0.901857,0.374536],"extended":false,"handId":417,"id":4174,"length":50.3135,"mcpPosition":[99.4323,224.019,-2.09873],"pipPosition":[78.9924,215.033,-29.3381],"stabilizedTipPosition":[77.7247,188.057,-10.868],"timeVisible":0.137921,"tipPosition":[78.4159,185.383,-6.86294],"tipVelocity":[-125.854,524.695,-196.546],"tool":false,"touchDistance":0.333333,"touchZone":"none","type":4,"width":17.0285}],"r":[[0.980693,0.195392,-0.00794462],[-0.192867,0.973131,0.125769],[0.0323055,-0.121809,0.992028]],"s":1.05449,"t":[-15.4302,72.6313,-15.6093],"timestamp":262223979367},{"currentFrameRate":33.6761,"devices":[],"gestures":[],"hands":[{"armBasis":[[0.882916,0.0425044,-0.467604],[0.175371,0.893968,0.41239],[0.435551,-0.44611,0.781845]],"armWidth":66.9278,"confidence":0.682065,"direction":[-0.236549,0.806982,-0.541133],"elbow":[214.929,43.1609,279.537],"grabAngle":2.58854,"grabStrength":0,"id":417,"palmNormal":[-0.318599,-0.590569,-0.741433],"palmPosition":[64.722,223.332,17.3676],"palmVelocity":[-52.9161,382.346,-87.7347],"palmWidth":93.471,"pinchDistance":61.3196,"pinchStrength":0.93242,"r":[[0.976931,0.213052,-0.0146468],[-0.208062,0.965015,0.159551],[0.048127,-0.152822,0.987081]],"s":1.03676,"sphereCenter":[58.9002,212.692,-31.1561],"sphereRadius":48.736,"stabilizedPalmPosition":[64.7809,222.918,17.4627],"t":[-17.1245,81.9993,-18.002],"timeVisible":0.158117,"type":"right","wrist":[94.1239,166.895,62.6831]}],"id":237185,"interactionBox":{"center":[0,200,0],"size":[235.247,235.247,147.751]},"pointables":[{"bases":[[[0.865152,0.138432,-0.482026],[0.257621,0.70197,0.663981],[0.430284,-0.698624,0.571647]],[[0.937878,-0.0163752,-0.346579],[0.255139,0.709489,0.656909],[0.235137,-0.704526,0.669592]],[[0.937878,-0.0163752,-0.346579],[0.188879,0.862003,0.470398],[0.29105,-0.506638,0.811547]],[[0.937878,-0.0163752,-0.346579],[0.15197,0.917362,0.367902],[0.311914,-0.397716,0.862862]]],"btipPosition":[13.3684,294.408,-47.5588],"carpPosition":[68.2657,192.492,58.5225],"dipPosition":[18.6768,287.639,-32.8739],"direction":[-0.29105,0.506638,-0.811547],"extended":true,"handId":417,"id":4171,"length":58.5779,"mcpPosition":[35.7467,245.291,15.3199],"pipPosition":[25.6841,275.441,-13.335],"stabilizedTipPosition":[14.6006,292.676,-44.2127],"timeVisible":0.158117,"tipPosition":[8.90874,285.7,-45.7578],"tipVelocity":[-35.9476,564.4,101.332],"tool":false,"touchDistance":0.625716,"touchZone":"hovering","type":1,"width":20.5125},{"bases":[[[0.608166,0.686889,0.397893],[-0.503921,-0.0532243,0.862108],[0.61335,-0.724811,0.313769]],[[0.456874,0.830621,0.318333],[-0.667482,0.0835681,0.739922],[0.587992,-0.550532,0.592604]],[[0.456874,0.830621,0.318333],[-0.874816,0.354733,0.329943],[0.161134,-0.429225,0.888708]],[[0.456874,0.830621,0.318333],[-0.845005,0.517066,-0.136413],[-0.277907,-0.20667,0.938113]]],"btipPosition":[27.716,219.361,-29.5746],"carpPosition":[56.8613,171.735,52.8656],"dipPosition":[21.2373,214.543,-7.7051],"direction":[-0.161134,0.429225,-0.888708],"extended":false,"handId":417,"id":4170,"length":51.9129,"mcpPosition":[56.8613,171.735,52.8656],"pipPosition":[26.7099,199.965,22.4776],"stabilizedTipPosition":[25.9051,217.325,-24.1857],"timeVisible":0.158117,"tipPosition":[18.2414,222.846,-21.5816],"tipVelocity":[130.878,353.716,-136.327],"tool":false,"touchDistance":0.696943,"touchZone":"hovering","type":0,"width":21.4746},{"bases":[[[0.858651,-0.0789381,-0.506445],[0.40956,0.699759,0.585319],[0.308186,-0.710005,0.633179]],[[0.875586,-0.121371,-0.467566],[-0.0334166,0.950384,-0.309278],[0.481905,0.286424,0.828088]],[[0.875586,-0.121371,-0.467566],[-0.482338,-0.272624,-0.832482],[-0.0264306,0.954435,-0.297247]],[[0.875586,-0.121371,-0.467566],[-0.363488,-0.803041,-0.472231],[-0.31816,0.583433,-0.747248]]],"btipPosition":[40.7605,195.053,-9.42521],"carpPosition":[79.2814,195.875,53.3061],"dipPosition":[34.805,205.975,-23.4127],"direction":[0.0264306,-0.954435,0.297247],"extended":false,"handId":417,"id":4172,"length":66.7449,"mcpPosition":[57.1936,246.761,7.926],"pipPosition":[34.0563,233.009,-31.8323],"stabilizedTipPosition":[39.9305,195.679,-11.8031],"timeVisible":0.158117,"tipPosition":[42.2344,191.184,-6.56284],"tipVelocity":[-150.855,552.58,-255.53],"tool":false,"touchDistance":0.333333,"touchZone":"none","type":2,"width":20.146},{"bases":[[[0.861311,-0.235085,-0.450421],[0.479476,0.669341,0.567526],[0.168068,-0.704782,0.689228]],[[0.854696,-0.209541,-0.47496],[0.014442,0.924161,-0.381729],[0.518928,0.319403,0.792903]],[[0.854696,-0.209541,-0.47496],[-0.518065,-0.285755,-0.806196],[0.0332085,0.935113,-0.35279]],[[0.854696,-0.209541,-0.47496],[-0.42789,-0.802412,-0.415988],[-0.293947,0.558774,-0.775478]]],"btipPosition":[60.828,191.063,-8.51756],"carpPosition":[90.1835,196.129,46.9539],"dipPosition":[55.3574,201.462,-22.95],"direction":[-0.0332085,-0.935113,0.35279],"extended":false,"handId":417,"id":4173,"length":64.1769