{"frames":357,"data":[{"currentFrameRate":25.8805,"devices":[],"gestures":[],"hands":[],"id":237681,"interactionBox":{"center":[0,200,0],"size":[235.247,235.247,147.751]},"pointables":[],"r":[[-0.020113,-0.761857,-0.647433],[0.506356,0.550609,-0.663651],[0.86209,-0.34118,0.374696]],"s":-5.55733,"t":[884.858,792.664,758.259],"timestamp":262240701752},{"currentFrameRate":25.8998,"devices":[],"gestures":[],"hands":[],"id":237682,"interactionBox":{"center":[0,200,0],"size":[235.247,235.247,147.751]},"pointables":[],"r":[[-0.020113,-0.761857,-0.647433],[0.506356,0.550609,-0.663651],[0.86209,-0.34118,0.374696]],"s":-5.55733,"t":[884.858,792.664,758.259],"timestamp":262240740227},{"currentFrameRate":25.9025,"devices":[],"gestures":[],"hands":[],"id":237683,"interactionBox":{"center":[0,200,0],"size":[235.247,235.247,147.751]},"pointables":[],"r":[[-0.020113,-0.761857,-0.647433],[0.506356,0.550609,-0.663651],[0.86209,-0.34118,0.374696]],"s":-5.55733,"t":[884.858,792.664,758.259],"timestamp":262240778815},{"currentFrameRate":25.8854,"devices":[],"gestures":[],"hands":[],"id":237684,"interactionBox":{"center":[0,200,0],"size":[235.247,235.247,147.751]},"pointables":[],"r":[[-0.020113,-0.761857,-0.647433],[0.506356,0.550609,-0.663651],[0.86209,-0.34118,0.374696]],"s":-5.55733,"t":[884.858,792.664,758.259],"timestamp":262240817566},{"currentFrameRate":25.8769,"devices":[],"gestures":[],"hands":[],"id":237685,"interactionBox":{"center":[0,200,0],"size":[235.247,235.247,147.751]},"pointables":[],"r":[[-0.020113,-0.761857,-0.647433],[0.506356,0.550609,-0.663651],[0.86209,-0.34118,0.374696]],"s":-5.55733,"t":[884.858,792.664,758.259],"timestamp":262240856270},{"currentFrameRate":25.9143,"devices":[],"gestures":[],"hands":[{"armBasis":[[0.420898,0.81617,0.395869],[-0.670752,-0.0137719,0.741554],[0.610686,-0.577648,0.541651]],"armWidth":65.4574,"confidence":0,"direction":[-0.710121,0.28701,-0.642926],"elbow":[272.993,-41.7721,274.666],"grabAngle":1.28472,"grabStrength":0.0824563,"id":420,"palmNormal":[0.673885,0.0125084,-0.738731],"palmPosition":[50.7644,136.643,70.5877],"palmVelocity":[1.19209e-7,1.19209e-7,1.19209e-7],"palmWidth":93.471,"pinchDistance":52.0626,"pinchStrength":0.586451,"r":[[1,0,2.22045e-17],[1.2326e-34,1,-5.55112e-18],[-2.22045e-17,5.55112e-18,1]],"s":1,"sphereCenter":[98.4625,162.532,10.7054],"sphereRadius":75.4825,"stabilizedPalmPosition":[50.7644,136.643,70.5877],"t":[0,0,0],"timeVisible":0,"type":"right","wrist":[103.612,118.446,124.432]}],"id":237686,"interactionBox":{"center":[0,200,0],"size":[235.247,235.247,147.751]},"pointables":[{"bases":[[[-0.659227,0.430252,0.616688],[-0.188398,-0.888472,0.418477],[0.72796,0.159688,0.666763]],[[-0.794404,0.388401,0.466976],[-0.427658,-0.90362,0.0240556],[0.431312,-0.180596,0.883943]],[[-0.794404,0.388401,0.466976],[-0.508176,-0.846119,-0.160746],[0.332684,-0.365003,0.869537]],[[-0.794404,0.388401,0.466976],[-0.597878,-0.635562,-0.48847],[0.10707,-0.667237,0.737109]]],"btipPosition":[56.4186,137.332,5.7502],"carpPosition":[92.7622,99.2454,99.2548],"dipPosition":[58.9927,121.29,23.4716],"direction":[-0.332684,0.365003,-0.869537],"extended":false,"handId":420,"id":4200,"length":53.5374,"mcpPosition":[92.7622,99.2454,99.2548],"pipPosition":[70.6451,108.506,53.9274],"stabilizedTipPosition":[57.0106,133.642,9.82612],"timeVisible":0,"tipPosition":[57.0106,133.642,9.82612],"tipVelocity":[1.19209e-7,1.19209e-7,1.19209e-7],"tool":false,"touchDistance":1,"touchZone":"none","type":0,"width":20.8021},{"bases":[[[0.609415,0.784796,0.112735],[-0.563778,0.328962,0.757587],[0.557465,-0.525242,0.642925]],[[0.465025,0.884482,-0.0380024],[-0.84245,0.455303,0.288056],[0.272083,-0.101938,0.956859]],[[0.465025,0.884482,-0.0380024],[-0.870286,0.448847,-0.202827],[-0.162339,0.127392,0.978477]],[[0.465025,0.884482,-0.0380024],[-0.766022,0.380482,-0.518116],[-0.443805,0.270048,0.854466]]],"btipPosition":[52.3339,173.654,2.03345],"carpPosition":[84.3029,146.006,109.876],"dipPosition":[44.4756,178.436,17.1633],"direction":[0.162339,-0.127392,-0.978477],"extended":false,"handId":420,"id":4204,"length":51.888,"mcpPosition":[51.0968,177.293,71.5793],"pipPosition":[41.2138,180.995,36.823],"stabilizedTipPosition":[50.5265,174.754,5.51332],"timeVisible":0,"tipPosition":[50.5265,174.754,5.51332],"tipVelocity":[1.19209e-7,1.19209e-7,1.19209e-7],"tool":false,"touchDistance":1,"touchZone":"none","type":4,"width":16.4953},{"bases":[[[0.0818547,0.992438,0.0914737],[-0.775354,0.00574407,0.631501],[0.6262,-0.122616,0.76996]],[[0.325523,0.860517,0.391849],[-0.872437,0.113577,0.475347],[0.364539,-0.4966,0.787718]],[[0.325523,0.860517,0.391849],[-0.944172,0.318064,0.0858763],[-0.0507351,-0.397927,0.916013]],[[0.325523,0.860517,0.391849],[-0.848695,0.448608,-0.28012],[-0.416834,-0.241375,0.876349]]],"btipPosition":[18.2723,155.385,-22.3784],"carpPosition":[73.1104,110.085,108.702],"dipPosition":[10.9562,151.149,-6.99718],"direction":[0.0507351,0.397927,-0.916013],"extended":true,"handId":420,"id":4201,"length":60.411,"mcpPosition":[25.785,119.352,50.5119],"pipPosition":[9.69649,141.269,15.7469],"stabilizedTipPosition":[16.5896,154.411,-18.8407],"timeVisible":0,"tipPosition":[16.5896,154.411,-18.8407],"tipVelocity":[1.19209e-7,1.19209e-7,1.19209e-7],"tool":false,"touchDistance":1,"touchZone":"none","type":1,"width":19.8702},{"bases":[[[0.296676,0.951129,0.0856523],[-0.736417,0.170751,0.654626],[0.608008,-0.257287,0.751085]],[[0.364397,0.915379,0.17116],[-0.89767,0.296368,0.326122],[0.247799,-0.272483,0.929704]],[[0.364397,0.915379,0.17116],[-0.907256,0.390411,-0.156418],[-0.210005,-0.0982874,0.972747]],[[0.364397,0.915379,0.17116],[-0.729468,0.394829,-0.558558],[-0.578871,0.078681,0.811614]]],"btipPosition":[33.8634,155.872,-33.4628],"carpPosition":[72.3999,122.588,110.485],"dipPosition":[22.6887,157.39,-17.795],"direction":[0.210005,0.0982874,-0.972747],"extended":true,"handId":420,"id":4202,"length":68.8335,"mcpPosition":[28.8237,141.027,56.6546],"pipPosition":[16.554,154.519,10.6206],"stabilizedTipPosition":[31.2932,156.221,-29.8592],"timeVisible":0,"tipPosition":[31.2932,156.221,-29.8592],"tipVelocity":[1.19209e-7,1.19209e-7,1.19209e-7],"tool":false,"touchDistance":1,"touchZone":"none","type":2,"width":19.5152},{"bases":[[[0.43758,0.887304,0.145653],[-0.693581,0.22998,0.682682],[0.572249,-0.39975,0.716052]],[[0.329743,0.943917,0.0170227],[-0.908934,0.312545,0.27596],[0.255163,-0.106468,0.961019]],[[0.329743,0.943917,0.0170227],[-0.916524,0.324393,-0.233994],[-0.226393,0.0615562,0.972089]],[[0.329743,0.943917,0.0170227],[-0.783229,0.283587,-0.553291],[-0.527088,0.169111,0.832814]]],"btipPosition":[42.9568,160.519,-22.2996],"carpPosition":[74.932,134.907,111.533],"dipPosition":[32.8401,163.765,-6.31504],"direction":[0.226393,-0.0615562,-0.972089],"extended":true,"handId":420,"id":4203,"length":66.1852,"mcpPosition":[38.109,160.63,65.4567],"pipPosition":[26.3976,165.517,21.348],"stabilizedTipPosition":[40.6299,161.266,-18.6232],"timeVisible":0,"tipPosition":[40.6299,161.266,-18.6232],"tipVelocity":[1.19209e-7,1.19209e-7,1.19209e-7],"tool":false,"touchDistance":1,"touchZone":"none","type":3,"width":18.5699}],"r":[[1,0,2.22045e-17],[1.2326e-34,1,-5.55112e-18],[-2.22045e-17,5.55112e-18,1]],"s":1,"t":[0,0,0],"timestamp":262240894597},{"currentFrameRate":25.8877,"devices":[],"gestures":[],"hands":[{"armBasis":[[0.870897,0.392293,-0.29605],[-0.162654,0.798501,0.579603],[0.46377,-0.45662,0.75922]],"armWidth":66.9278,"confidence":0.201675,"direction":[-0.49458,0.585759,-0.642088],"elbow":[222.556,-5.65467,302.461],"grabAngle":2.5376,"grabStrength":0,"id":420,"palmNormal":[0.0767979,-0.706427,-0.703608],"palmPosition":[49.3753,158.852,39.9176],"palmVelocity":[-35.7865,572.19,-790.163],"palmWidth":93.471,"pinchDistance":61.498,"pinchStrength":0.68437,"r":[[0.984533,-0.174345,-0.0172593],[0.171609,0.979512,-0.105389],[0.0352798,0.100797,0.994281]],"s":1.20662,"sphereCenter":[58.8121,145.923,-8.47524],"sphereRadius":50.8278,"stabilizedPalmPosition":[49.995,148.944,53.6007],"t":[-0.694527,11.1048,-15.3351],"timeVisible":0.038815,"type":"right","wrist":[93.9235,120.994,91.8827]}],"id":237687,"interactionBox":{"center":[0,200,0],"size":[235.247,235.247,147.751]},"pointables":[{"bases":[[[0.770402,0.490011,-0.407886],[-0.169835,0.774374,0.609509],[0.614522,-0.400293,0.6798]],[[0.880957,0.396497,-0.258272],[-0.149825,0.751443,0.642562],[0.44885,-0.527374,0.721395]],[[0.880957,0.396497,-0.258272],[-0.249131,0.852667,0.459231],[0.402304,-0.340219,0.849943]],[[0.880957,0.396497,-0.258272],[-0.322516,0.902505,0.285426],[0.346262,-0.168152,0.922945]]],"btipPosition":[-20.5499,198.867,-34.2259],"carpPosition":[60.6802,134.993,84.193],"dipPosition":[-14.6569,196.006,-18.5184],"direction":[-0.402304,0.340219,-0.849943],"extended":true,"handId":420,"id":4201,"length":58.5779,"mcpPosition":[14.2373,165.246,32.8167],"pipPosition":[-4.97107,187.814,1.94487],"stabilizedTipPosition":[-17.4035,196.017,-30.0239],"timeVisible":0.038815,"tipPosition":[-15.4995,194.47,-32.8386],"tipVelocity":[-921.915,1128.38,-303.296],"tool":false,"touchDistance":0.982397,"touchZone":"hovering","type":1,"width":20.5125},{"bases":[[[0.18317,0.90602,0.381544],[-0.538065,-0.232423,0.810226],[0.822761,-0.353704,0.444925]],[[0.000307817,0.961178,0.275929],[-0.783469,-0.171239,0.597372],[0.621431,-0.216366,0.753]],[[0.000307817,0.961178,0.275929],[-0.938862,-0.0947227,0.331006],[0.344293,-0.259162,0.902384]],[[0.000307817,0.961178,0.275929],[-0.991571,0.0360438,-0.124449],[-0.129564,-0.273565,0.953087]]],"btipPosition":[19.9477,137.347,-11.8387],"carpPosition":[60.4865,111.073,79.64],"dipPosition":[16.9273,130.97,10.3799],"direction":[-0.344293,0.259162,-0.902385],"extended":false,"handId":420,"id":4200,"length":51.9129,"mcpPosition":[60.4865,111.073,79.64],"pipPosition":[28.6204,122.168,41.0271],"stabilizedTipPosition":[22.8935,135.665,-5.13227],"timeVisible":0.038815,"tipPosition":[22.4124,137.457,-9.98762],"tipVelocity":[-972.758,57.658,-426.498],"tool":false,"touchDistance":1,"touchZone":"none","type":0,"width":21.4746},{"bases":[[[0.863932,0.292185,-0.410182],[-0.0236119,0.837091,0.546553],[0.503055,-0.4625,0.730089]],[[0.846454,0.307635,-0.4346],[-0.508101,0.710729,-0.486515],[0.159214,0.632633,0.757909]],[[0.846454,0.307635,-0.4346],[-0.272574,-0.450805,-0.849987],[-0.457405,0.837935,-0.297733]],[[0.846454,0.307635,-0.4346],[0.0665248,-0.870913,-0.486914],[-0.52829,0.383239,-0.757653]]],"btipPosition":[48.7981,114.586,13.6446],"carpPosition":[69.6514,142.721,79.7436],"dipPosition":[38.9092,121.76,-0.53762],"direction":[0.457405,-0.837935,0.297733],"extended":false,"handId":420,"id":4202,"length":66.7449,"mcpPosition":[33.5972,175.869,27.4179],"pipPosition":[25.953,145.495,-8.97101],"stabilizedTipPosition":[42.0527,127.974,-1.43057],"timeVisible":0.038815,"tipPosition":[45.4753,117.488,8.60214],"tipVelocity":[392.385,-1030.14,1036.76],"tool":false,"touchDistance":0.333333,"touchZone":"none","type":2,"width":20.146},{"bases":[[[0.927849,0.156999,-0.338299],[0.0542208,0.840657,0.538846],[0.368992,-0.518311,0.771491]],[[0.904054,0.187797,-0.383952],[-0.383126,0.754276,-0.533181],[0.189476,0.629127,0.753856]],[[0.904054,0.187797,-0.383952],[-0.258039,-0.476324,-0.840554],[-0.340739,0.858981,-0.382164]],[[0.904054,0.187797,-0.383952],[0.0168,-0.913223,-0.407114],[-0.427089,0.361602,-0.828757]]],"btipPosition":[65.2292,122.475,17.2578],"carpPosition":[80.0549,147.554,74.4827],"dipPosition":[57.2806,129.205,1.83372],"direction":[0.340739,-0.858981,0.382164],"extended":false,"handId":420,"id":4203,"length":64.1769,"mcpPosition":[56.311,180.907,24.8388],"pipPosition":[47.8783,152.907,-8.71164],"stabilizedTipPosition":[58.6469,131.798,6.95973],"timeVisible":0.038815,"tipPosition":[62.0785,125.166,11.7329],"tipVelocity":[586.657,-959.493,833.013],"tool":false,"touchDistance":0.333333,"touchZone":"none","type":3,"width":19.1702},{"bases":[[[0.942521,-0.0451183,-0.331086],[0.23026,0.805726,0.545697],[0.242143,-0.590567,0.769803]],[[0.900097,0.0367977,-0.434134],[-0.257781,0.848286,-0.462559],[0.351248,0.528259,0.773025]],[[0.900097,0.0367977,-0.434134],[-0.390968,-0.371522,-0.84209],[-0.192277,0.927695,-0.320019]],[[0.900097,0.0367977,-0.434134],[-0.193987,-0.858365,-0.474952],[-0.390122,0.511718,-0.765473]]],"btipPosition":[76.051,135.285,13.2039],"carpPosition":[92.4017,145.573,66.9075],"dipPosition":[69.3528,144.071,0.0611244],"direction":[0.192277,-0.927695,0.320019],"extended":false,"handId":420,"id":4204,"length":50.3135,"mcpPosition":[77.9782,180.751,21.0532],"pipPosition":[65.6068,162.145,-6.17363],"stabilizedTipPosition":[73.5268,138.842,9.98963],"timeVisible":0.038815,"tipPosition":[72.7439,139.085,7.2586],"tipVelocity":[617.904,-964.786,120.257],"tool":false,"touchDistance":0.333333,"touchZone":"none","type":4,"width":17.0285}],"r":[[0.984533,-0.174345,-0.0172593],[0.171609,0.979512,-0.105389],[0.0352798,0.100797,0.994281]],"s":1.20662,"t":[-0.694527,11.1048,-15.3351],"timestamp":262240933412},{"currentFrameRate":25.9152,"devices":[],"gestures":[],"hands":[{"armBasis":[[0.889577,0.139599,-0.434932],[0.132564,0.832281,0.538271],[0.437127,-0.536489,0.721872]],"armWidth":66.9278,"confidence":0.385705,"direction":[-0.333239,0.742203,-0.581453],"elbow":[205.862,-14.1294,275.79],"grabAngle":2.56287,"grabStrength":0,"id":420,"palmNormal":[-0.227245,-0.661747,-0.714458],"palmPosition":[49.3342,186.395,28.5994],"palmVelocity":[-1.07121,717.357,-294.783],"palmWidth":93.471,"pinchDistance":59.6469,"pinchStrength":0.570645,"r":[[0.926895,-0.373494,-0.0369933],[0.360211,0.912932,-0.19184],[0.105423,0.16449,0.980729]],"s":1.35282,"sphereCenter":[31.029,173.607,-10.7915],"sphereRadius":45.852,"stabilizedPalmPosition":[49.4699,178.704,33.7337],"t":[-1.06235,30.4286,-28.6617],"timeVisible":0.07721,"type":"right","wrist":[84.6193,134.672,75.5702]}],"id":237688,"interactionBox":{"center":[0,200,0],"size":[235.247,235.247,147.751]},"pointables":[{"bases":[[[0.846106,0.229066,-0.481284],[0.153209,0.760322,0.631218],[0.510522,-0.607814,0.608218]],[[0.896388,0.161939,-0.412631],[0.157355,0.754003,0.637745],[0.4144,-0.636596,0.650398]],[[0.896388,0.161939,-0.412631],[0.0500833,0.887918,0.457267],[0.440431,-0.430554,0.787809]],[[0.896388,0.161939,-0.412631],[-0.0182254,0.943556,0.33071],[0.442895,-0.288924,0.848744]]],"btipPosition":[-18.1293,246.727,-35.9852],"carpPosition":[56.3293,158.264,71.2268],"dipPosition":[-10.5917,241.809,-21.5405],"direction":[-0.440431,0.430554,-0.787809],"extended":true,"handId":420,"id":4201,"length":58.5779,"mcpPosition":[17.7463,204.2,25.2604],"pipPosition":[0.0121366,231.443,-2.5732],"stabilizedTipPosition":[-16.4042,245.173,-32.6404],"timeVisible":0.07721,"tipPosition":[-10.717,244.846,-35.0368],"tipVelocity":[72.8978,1234.18,-53.3864],"tool":false,"touchDistance":0.886744,"touchZone":"hovering","type":1,"width":20.5125},{"bases":[[[0.506441,0.779348,0.368965],[-0.504746,-0.0789834,0.859647],[0.699106,-0.621594,0.353372]],[[0.360668,0.885437,0.293121],[-0.663975,0.023035,0.7474],[0.655023,-0.464188,0.596216]],[[0.360668,0.885437,0.293121],[-0.90873,0.262813,0.324252],[0.210069,-0.383315,0.899411]],[[0.360668,0.885437,0.293121],[-0.891351,0.419748,-0.171187],[-0.274612,-0.199532,0.940625]]],"btipPosition":[13.525,177.409,-16.5557],"carpPosition":[47.8463,135.936,66.4918],"dipPosition":[7.12315,172.757,5.37235],"direction":[-0.210069,0.383315,-0.899411],"extended":false,"handId":420,"id":4200,"length":51.9129,"mcpPosition":[47.8463,135.936,66.4918],"pipPosition":[14.2576,159.739,35.9186],"stabilizedTipPosition":[12.266,175.538,-11.3867],"timeVisible":0.07721,"tipPosition":[12.1688,176.94,-16.684],"tipVelocity":[-187.537,1053.75,-124.596],"tool":false,"touchDistance":1,"touchZone":"none","type":0,"width":21.4746},{"bases":[[[0.868701,0.0118472,-0.495195],[0.305219,0.774574,0.553965],[0.390128,-0.632372,0.669257]],[[0.890532,-0.0260937,-0.454172],[-0.276279,0.762134,-0.58551],[0.361418,0.646894,0.671495]],[[0.890532,-0.0260937,-0.454172],[-0.428598,-0.382799,-0.818394],[-0.152502,0.923463,-0.352078]],[[0.890532,-0.0260937,-0.454172],[-0.274308,-0.827244,-0.490329],[-0.362917,0.561236,-0.743845]]],"btipPosition":[32.6754,140.429,9.63093],"carpPosition":[66.8755,162.828,65.9403],"dipPosition":[25.8821,150.934,-4.29283],"direction":[0.152502,-0.923463,0.352078],"extended":false,"handId":420,"id":4202,"length":66.7449,"mcpPosition":[38.9149,208.15,17.9744],"pipPosition":[21.5624,177.092,-14.2656],"stabilizedTipPosition":[31.9185,141.75,5.84974],"timeVisible":0.07721,"tipPosition":[29.9656,146.861,1.37012],"tipVelocity":[-401.372,693.034,-102.988],"tool":false,"touchDistance":0.333333,"touchZone":"none","type":2,"width":20.146},{"bases":[[[0.891146,-0.139765,-0.431652],[0.378784,0.752888,0.538222],[0.249761,-0.643137,0.723874]],[[0.904023,-0.17648,-0.389356],[-0.0397929,0.872111,-0.487687],[0.425629,0.456374,0.781385]],[[0.904023,-0.17648,-0.389356],[-0.427444,-0.385711,-0.81763],[-0.00588361,0.905583,-0.424127]],[[0.904023,-0.17648,-0.389356],[-0.328112,-0.870282,-0.367358],[-0.274018,0.459853,-0.84466]]],"btipPosition":[47.9861,151.753,5.73769],"carpPosition":[77.7383,164.226,59.6699],"dipPosition":[42.8863,160.311,-9.98231],"direction":[0.00588361,-0.905583,0.424127],"extended":false,"handId":420,"id":4203,"length":64.1769,"mcpPosition":[61.6667,205.611,13.0901],"pipPosition":[42.724,185.3,-21.6856],"stabilizedTipPosition":[47.7625,151.963,2.51017],"timeVisible":0.07721,"tipPosition":[47.3378,152.155,-0.305021],"tipVelocity":[-432.032,773.503,-301.814],"tool":false,"touchDistance":0.333333,"touchZone":"none","type":3,"width":19.1702},{"bases":[[[0.839146,-0.335727,-0.427927],[0.533347,0.662186,0.526356],[0.106656,-0.669923,0.73473]],[[0.841748,-0.353915,-0.407682],[0.145566,0.875965,-0.459888],[0.519876,0.327765,0.788859]],[[0.841748,-0.353915,-0.407682],[-0.507721,-0.262252,-0.820636],[0.18352,0.897757,-0.40044]],[[0.841748,-0.353915,-0.407682],[-0.517906,-0.742569,-0.424694],[-0.152426,0.568626,-0.808351]]],"btipPosition":[62.3429,159.762,0.961561],"carpPosition":[87.9649,158.655,50.8307],"dipPosition":[59.7258,169.525,-12.9174],"direction":[-0.18352,-0.897757,0.40044],"extended":false,"handId":420,"id":4204,"length":50.3135,"mcpPosition":[81.6118,198.56,7.06556],"pipPosition":[63.3012,187.016,-20.719],"stabilizedTipPosition":[62.114,161.274,-1.84383],"timeVisible":0.07721,"tipPosition":[61.6891,161.617,-5.63379],"tipVelocity":[-332.582,643.358,-323.263],"tool":false,"touchDistance":0.333333,"touchZone":"none","type":4,"width":17.0285}],"r":[[0.926895,-0.373494,-0.0369933],[0.360211,0.912932,-0.19184],[0.105423,0.16449,0.980729]],"s":1.35282,"t":[-1.06235,30.4286,-28.6617],"timestamp":262240971807},{"currentFrameRate":29.5085,"devices":[],"gestures":[],"hands":[{"armBasis":[[0.866615,0.0537913,-0.49607],[0.226896,0.842961,0.487786],[0.444406,-0.535279,0.718318]],"armWidth":66.9278,"confidence":0.430461,"direction":[-0.292044,0.78636,-0.544378],"elbow":[205.633,-11.5997,270.009],"grabAngle":2.67898,"grabStrength":0,"id":420,"palmNormal":[-0.342921,-0.617442,-0.707934],"palmPosition":[49.3661,192.472,26.7417],"palmVelocity":[3.13006,595.922,-182.18],"palmWidth":93.471,"pinchDistance":60.2039,"pinchStrength":0.731055,"r":[[0.840046,-0.540007,-0.0521051],[0.509981,0.818779,-0.263667],[0.185045,0.19492,0.963205]],"s":1.45267,"sphereCenter":[30.5324,182.524,-13.1096],"sphereRadius":45.3638,"stabilizedPalmPosition":[49.4294,184.08,31.0032],"t":[-1.23031,43.1289,-36.2539],"timeVisible":0.087407,"type":"right","wrist":[82.3717,136.866,70.7752]}],"id":237689,"interactionBox":{"center":[0,200,0],"size":[235.247,235.247,147.751]},"pointables":[{"bases":[[[0.831104,0.151816,-0.534994],[0.274183,0.725104,0.631702],[0.483829,-0.671696,0.561012]],[[0.883764,0.069022,-0.462815],[0.263239,0.744381,0.613679],[0.386868,-0.664178,0.639688]],[[0.883764,0.069022,-0.462815],[0.159887,0.884991,0.437294],[0.43977,-0.460463,0.771088]],[[0.883764,0.069022,-0.462815],[0.0874014,0.947307,0.308174],[0.459698,-0.312803,0.831163]]],"btipPosition":[-15.3027,258.355,-34.1814],"carpPosition":[56.2303,162.758,68.3028],"dipPosition":[-7.47911,253.031,-20.036],"direction":[-0.43977,0.460463,-0.771088],"extended":true,"handId":420,"id":4201,"length":58.5779,"mcpPosition":[19.6647,213.522,25.904],"pipPosition":[3.10881,241.945,-1.47122],"stabilizedTipPosition":[-14.2331,254.122,-31.3588],"timeVisible":0.087407,"tipPosition":[-9.29697,258.108,-31.4636],"tipVelocity":[283.651,1131.17,170.145],"tool":false,"touchDistance":0.857427,"touchZone":"hovering","type":1,"width":20.5125},{"bases":[[[0.608996,0.713777,0.345899],[-0.451197,-0.0469115,0.89119],[0.652338,-0.6988,0.293485]],[[0.451888,0.84912,0.273482],[-0.628802,0.0857294,0.772825],[0.632776,-0.521197,0.572668]],[[0.451888,0.84912,0.273482],[-0.862787,0.338099,0.375882],[0.226705,-0.405813,0.885393]],[[0.451888,0.84912,0.273482],[-0.877387,0.478449,-0.0357574],[-0.161209,-0.223791,0.961212]]],"btipPosition":[8.76603,187.271,-18.0488],"carpPosition":[45.1553,141.545,63.795],"dipPosition":[5.00788,182.054,4.3592],"direction":[-0.226705,0.405813,-0.885393],"extended":false,"handId":420,"id":4200,"length":51.9129,"mcpPosition":[45.1553,141.545,63.795],"pipPosition":[12.7073,168.272,34.4293],"stabilizedTipPosition":[9.26899,182.771,-12.4224],"timeVisible":0.087407,"tipPosition":[8.37174,187.72,-15.5599],"tipVelocity":[-407.07,954.423,-135.6],"tool":false,"touchDistance":1,"touchZone":"none","type":0,"width":21.4746},{"bases":[[[0.829829,-0.0661806,-0.554079],[0.421299,0.725409,0.544325],[0.36591,-0.68513,0.629847]],[[0.850278,-0.107145,-0.515314],[-0.162906,0.877413,-0.45123],[0.50049,0.467619,0.72859]],[[0.850278,-0.107145,-0.515314],[-0.509468,-0.413412,-0.754674],[-0.132178,0.904218,-0.406101]],[[0.850278,-0.107145,-0.515314],[-0.286929,-0.915146,-0.28316],[-0.441248,0.388622,-0.808871]]],"btipPosition":[28.5656,160.097,8.89498],"carpPosition":[66.8166,166.332,62.3736],"dipPosition":[20.306,167.372,-6.24598],"direction":[0.132178,-0.904218,0.406101],"extended":false,"handId":420,"id":4202,"length":66.7449,"mcpPosition":[40.5917,215.435,17.2322],"pipPosition":[16.5621,192.984,-17.749],"stabilizedTipPosition":[29.0019,152.867,5.60698],"timeVisible":0.087407,"tipPosition":[25.1906,158.246,2.36669],"tipVelocity":[-436.113,1855.97,-99.628],"tool":false,"touchDistance":0.333333,"touchZone":"none","type":2,"width":20.146},{"bases":[[[0.840495,-0.220777,-0.494799],[0.49096,0.696616,0.523148],[0.229186,-0.68263,0.693895]],[[0.844038,-0.231617,-0.483688],[-0.0428538,0.869911,-0.491343],[0.534569,0.43544,0.724312]],[[0.844038,-0.231617,-0.483688],[-0.536163,-0.383635,-0.7519],[-0.0114063,0.893967,-0.447987]],[[0.844038,-0.231617,-0.483688],[-0.412099,-0.857288,-0.308597],[-0.343183,0.459795,-0.819032]]],"btipPosition":[45.4819,158.07,6.10641],"carpPosition":[77.319,166.749,55.3881],"dipPosition":[39.0949,166.628,-9.13665],"direction":[0.0114063,-0.893967,0.447987],"extended":false,"handId":420,"id":4203,"length":64.1769,"mcpPosition":[62.5713,210.675,10.7373],"pipPosition":[38.7802,191.296,-21.4983],"stabilizedTipPosition":[45.7223,156.357,2.55932],"timeVisible":0.087407,"tipPosition":[42.2739,159.463,-1.52239],"tipVelocity":[-274.614,619.508,46.9169],"tool":false,"touchDistance":0.333333,"touchZone":"none","type":3,"width":19.1702},{"bases":[[[0.76862,-0.410346,-0.490755],[0.634017,0.590733,0.499055],[0.0851201,-0.69473,0.714216]],[[0.768221,-0.407151,-0.494029],[0.137822,0.858786,-0.493449],[0.625173,0.31099,0.715852]],[[0.768221,-0.407151,-0.494029],[-0.615217,-0.256112,-0.745597],[0.177043,0.876718,-0.447237]],[[0.768221,-0.407151,-0.494029],[-0.599121,-0.729174,-0.330696],[-0.22559,0.550031,-0.804099]]],"btipPosition":[59.6214,164.268,0.530586],"carpPosition":[86.287,160.364,45.7676],"dipPosition":[55.7481,173.712,-13.2754],"direction":[-0.177043,-0.876718,0.447237],"extended":false,"handId":420,"id":4204,"length":50.3135,"mcpPosition":[81.2167,201.746,3.22445],"pipPosition":[59.1974,190.793,-21.9887],"stabilizedTipPosition":[59.9259,164.615,-2.36181],"timeVisible":0.087407,"tipPosition":[57.0917,167.203,-7.57067],"tipVelocity":[-295.223,434.707,-40.6183],"tool":false,"touchDistance":0.333333,"touchZone":"none","type":4,"width":17.0285}],"r":[[0.840046,-0.540007,-0.0521051],[0.509981,0.818779,-0.263667],[0.185045,0.19492,0.963205]],"s":1.45267,"t":[-1.23031,43.1289,-36.2539],"timestamp":262240982004},{"currentFrameRate":32.9642,"devices":[],"gestures":[],"hands":[{"armBasis":[[0.856105,0.030273,-0.515914],[0.25347,0.845372,0.470212],[0.450374,-0.533319,0.716054]],"armWidth":66.9278,"confidence":0.472046,"direction":[-0.263166,0.808164,-0.526891],"elbow":[206.101,-7.75928,266.702],"grabAngle":2.69094,"grabStrength":0,"id":420,"palmNormal":[-0.377084,-0.588863,-0.714877],"palmPosition":[49.8941,197.626,25.2457],"palmVelocity":[53.2463,519.855,-150.863],"palmWidth":93.471,"pinchDistance":60.7014,"pinchStrength":0.851361,"r":[[0.743012,-0.666867,-0.0567579],[0.619235,0.717156,-0.319743],[0.25393,0.202426,0.945803]],"s":1.52169,"sphereCenter":[29.4723,189.431,-14.2567],"sphereRadius":45.2456,"stabilizedPalmPosition":[49.6276,189.859,28.547],"t":[-1.05029,52.0564,-40.798],"timeVisible":0.097323,"type":"right","wrist":[81.1849,140.163,68.0955]}],"id":237690,"interactionBox":{"center":[0,200,0],"size":[235.247,235.247,147.751]},"pointables":[{"bases":[[[0.831212,0.125292,-0.541654],[0.312311,0.700792,0.641368],[0.459945,-0.702277,0.543376]],[[0.876217,0.0483395,-0.479487],[0.295437,0.732184,0.613697],[0.380738,-0.67939,0.62727]],[[0.876217,0.0483395,-0.479487],[0.197952,0.871044,0.449552],[0.439385,-0.488821,0.753654]],[[0.876217,0.0483395,-0.479487],[0.137943,0.928169,0.345651],[0.461753,-0.369007,0.806609]]],"btipPosition":[-13.5969,267.084,-33.5935],"carpPosition":[55.8944,166.886,66.1889],"dipPosition":[-5.7384,260.804,-19.8659],"direction":[-0.439385,0.488821,-0.753654],"extended":true,"handId":420,"id":4201,"length":58.5779,"mcpPosition":[21.1338,219.961,25.1229],"pipPosition":[4.84026,249.035,-1.72087],"stabilizedTipPosition":[-12.3515,262.99,-30.6483],"timeVisible":0.097323,"tipPosition":[-6.84056,266.725,-31.0577],"tipVelocity":[172.83,858.126,49.6009],"tool":false,"touchDistance":0.812396,"touchZone":"hovering","type":1,"width":20.5125},{"bases":[[[0.643252,0.680148,0.351604],[-0.443319,-0.0435594,0.895305],[0.624256,-0.731779,0.273503]],[[0.479101,0.832659,0.277743],[-0.619055,0.0962079,0.779432],[0.62228,-0.545366,0.561555]],[[0.479101,0.832659,0.277743],[-0.849756,0.360697,0.384463],[0.219945,-0.420211,0.880367]],[[0.479101,0.832659,0.277743],[-0.86302,0.504597,-0.0240608],[-0.160183,-0.22817,0.960354]]],"btipPosition":[8.21021,193.817,-19.6531],"carpPosition":[43.8556,146.261,61.4301],"dipPosition":[4.47599,188.498,2.73486],"direction":[-0.219945,0.420211,-0.880367],"extended":false,"handId":420,"id":4200,"length":51.9129,"mcpPosition":[43.8556,146.261,61.4301],"pipPosition":[11.9459,174.227,32.6343],"stabilizedTipPosition":[7.92582,189.651,-13.8803],"timeVisible":0.097323,"tipPosition":[8.20791,195.207,-16.487],"tipVelocity":[-55.4977,657.808,-162.256],"tool":false,"touchDistance":0.935409,"touchZone":"hovering","type":0,"width":21.4746},{"bases":[[[0.820208,-0.0920565,-0.56461],[0.458363,0.696297,0.552336],[0.34229,-0.711826,0.613303]],[[0.839257,-0.134575,-0.526818],[-0.0755188,0.930648,-0.358039],[0.538465,0.340271,0.77089]],[[0.839257,-0.134575,-0.526818],[-0.538525,-0.33953,-0.771175],[-0.0750899,0.930918,-0.357425]],[[0.839257,-0.134575,-0.526818],[-0.328393,-0.897672,-0.293843],[-0.433366,0.419613,-0.797571]]],"btipPosition":[26.4172,170.56,4.28985],"carpPosition":[66.5632,170.104,60.204],"dipPosition":[18.3052,178.415,-10.6396],"direction":[0.0750899,-0.930918,0.357425],"extended":false,"handId":420,"id":4202,"length":66.7449,"mcpPosition":[42.0311,221.121,16.2483],"pipPosition":[16.1782,204.783,-20.7638],"stabilizedTipPosition":[26.51,163.785,2.94687],"timeVisible":0.097323,"tipPosition":[24.1291,166.797,0.620275],"tipVelocity":[-213.24,1068.63,-459.508],"tool":false,"touchDistance":0.333333,"touchZone":"none","type":2,"width":20.146},{"bases":[[[0.824736,-0.24803,-0.508224],[0.52647,0.664894,0.529855],[0.206495,-0.704554,0.678942]],[[0.824099,-0.245867,-0.510305],[-0.0406951,0.872861,-0.486268],[0.564983,0.4215,0.709318]],[[0.824099,-0.245867,-0.510305],[-0.566333,-0.375676,-0.733577],[-0.0113465,0.893542,-0.448837]],[[0.824099,-0.245867,-0.510305],[-0.43823,-0.847551,-0.299351],[-0.358909,0.470325,-0.806212]]],"btipPosition":[45.5595,163.36,5.24023],"carpPosition":[76.9989,170.192,53.1075],"dipPosition":[38.8798,172.113,-9.76424],"direction":[0.0113465,-0.893542,0.448837],"extended":false,"handId":420,"id":4203,"length":64.1769,"mcpPosition":[63.7114,215.528,9.41896],"pipPosition":[38.5667,196.769,-22.1494],"stabilizedTipPosition":[44.737,161.585,2.11274],"timeVisible":0.097323,"tipPosition":[41.3738,165.469,-2.96739],"tipVelocity":[1.03426,537.978,-81.8175],"tool":false,"touchDistance":0.333333,"touchZone":"none","type":3,"width":19.1702},{"bases":[[[0.744692,-0.434335,-0.506742],[0.664498,0.553347,0.502244],[0.0622616,-0.710746,0.700688]],[[0.744293,-0.42994,-0.511057],[0.146954,0.851901,-0.502663],[0.651485,0.299026,0.697245]],[[0.744293,-0.42994,-0.511057],[-0.641481,-0.247314,-0.726181],[0.185823,0.868325,-0.459872]],[[0.744293,-0.42994,-0.511057],[-0.624596,-0.719035,-0.304742],[-0.236447,0.546022,-0.803712]]],"btipPosition":[59.3612,169.112,-0.263421],"carpPosition":[85.5765,163.599,43.2729],"dipPosition":[55.3015,178.487,-14.0628],"direction":[-0.185823,-0.868325,0.459872],"extended":false,"handId":420,"id":4204,"length":50.3135,"mcpPosition":[81.8679,205.936,1.53559],"pipPosition":[58.9218,195.404,-23.0222],"stabilizedTipPosition":[58.9186,169.088,-3.08479],"timeVisible":0.097323,"tipPosition":[56.35,172.551,-9.03916],"tipVelocity":[-30.5635,486.856,-79.9191],"tool":false,"touchDistance":0.333333,"touchZone":"none","type":4,"width":17.0285}],"r":[[0.743012,-0.666867,-0.0567579],[0.619235,0.717156,-0.319743],[0.25393,0.202426,0.945803]],"s":1.52169,"t":[-1.05029,52.0564,-40.798],"timestamp":262240991920},{"currentFrameRate":36.2206,"devices":[],"gestures":[],"hands":[{"armBasis":[[0.856936,0.0267916,-0.514725],[0.256399,0.844159,0.470802],[0.447124,-0.535423,0.716522]],"armWidth":66.9278,"confidence":0.512339,"direction":[-0.250089,0.827271,-0.503068],"elbow":[204.911,-4.55953,264.306],"grabAngle":2.67329,"grabStrength":0,"id":420,"palmNormal":[-0.387705,-0.561669,-0.730898],"palmPosition":[50.4508,202.89,24.2043],"palmVelocity":[55.126,521.225,-103.131],"palmWidth":93.471,"pinchDistance":61.1434,"pinchStrength":1,"r":[[0.649081,-0.758579,-0.0570221],[0.695281,0.621993,-0.360152],[0.308671,0.194121,0.931149]],"s":1.56652,"sphereCenter":[28.5413,196.412,-15.1262],"sphereRadius":45.2479,"stabilizedPalmPosition":[50.0258,196.162,26.4464],"t":[-0.681953,59.1519,-43.5907],"timeVisible":0.107421,"type":"right","wrist":[80.8963,143.946,65.5697]}],"id":237691,"interactionBox":{"center":[0,200,0],"size":[235.247,235.247,147.751]},"pointables":[{"bases":[[[0.832623,0.126822,-0.539124],[0.324747,0.676736,0.660733],[0.44864,-0.725221,0.522281]],[[0.871431,0.0574473,-0.487142],[0.304085,0.715993,0.6284],[0.38489,-0.69574,0.606469]],[[0.871431,0.0574473,-0.487142],[0.212938,0.850357,0.481197],[0.441888,-0.523062,0.728794]],[[0.871431,0.0574473,-0.487142],[0.159867,0.905631,0.392779],[0.463735,-0.420158,0.780011]]],"btipPosition":[-12.9321,275.216,-32.0078],"carpPosition":[55.9766,170.889,64.2389],"dipPosition":[-5.0398,268.065,-18.7329],"direction":[-0.441888,0.523062,-0.728794],"extended":true,"handId":420,"id":4201,"length":58.5779,"mcpPosition":[22.0704,225.698,24.7673],"pipPosition":[5.59911,255.472,-1.18641],"stabilizedTipPosition":[-11.3686,271.414,-29.2999],"timeVisible":0.107421,"tipPosition":[-5.57225,274.456,-29.934],"tipVelocity":[66.6099,785.491,146.717],"tool":false,"touchDistance":0.786713,"touchZone":"hovering","type":1,"width":20.5125},{"bases":[[[0.654984,0.658869,0.369983],[-0.443032,-0.0618079,0.894373],[0.612142,-0.749714,0.251417]],[[0.484321,0.823013,0.296788],[-0.619478,0.0830501,0.780609],[0.617803,-0.561919,0.550061]],[[0.484321,0.823013,0.296788],[-0.848446,0.359059,0.388866],[0.213477,-0.440144,0.872181]],[[0.484321,0.823013,0.296788],[-0.857149,0.514333,-0.0275165],[-0.175294,-0.241064,0.954547]]],"btipPosition":[8.74338,199.998,-21.1717],"carpPosition":[43.5872,150.615,58.9088],"dipPosition":[4.65689,194.378,1.08095],"direction":[-0.213477,0.440144,-0.872181],"extended":false,"handId":420,"id":4200,"length":51.9129,"mcpPosition":[43.5872,150.615,58.9088],"pipPosition":[11.9071,179.43,30.7024],"stabilizedTipPosition":[7.83679,196.24,-15.462],"timeVisible":0.107421,"tipPosition":[8.62464,202.119,-17.4155],"tipVelocity":[44.776,605.176,-153.463],"tool":false,"touchDistance":0.851956,"touchZone":"hovering","type":0,"width":21.4746},{"bases":[[[0.817938,-0.0895615,-0.568292],[0.470608,0.672348,0.571382],[0.330916,-0.734798,0.592087]],[[0.83631,-0.133462,-0.531765],[0.0115146,0.97398,-0.226339],[0.548136,0.183167,0.816086]],[[0.83631,-0.133462,-0.531765],[-0.548127,-0.182391,-0.816266],[0.0119511,0.974126,-0.225689]],[[0.83631,-0.133462,-0.531765],[-0.37968,-0.840682,-0.38613],[-0.395512,0.524825,-0.753743]]],"btipPosition":[23.7224,180.551,-2.78313],"carpPosition":[66.6916,174.098,58.3323],"dipPosition":[16.319,190.375,-16.8922],"direction":[-0.0119511,-0.974126,0.225689],"extended":false,"handId":420,"id":4202,"length":66.7449,"mcpPosition":[42.9747,226.761,15.8972],"pipPosition":[16.6575,217.967,-23.2849],"stabilizedTipPosition":[24.0545,174.189,-1.96106],"timeVisible":0.107421,"tipPosition":[23.4627,176.295,-2.78686],"tipVelocity":[-250.725,1034.21,-681.748],"tool":false,"touchDistance":0.333333,"touchZone":"none","type":2,"width":20.146},{"bases":[[[0.819901,-0.247145,-0.516412],[0.538152,0.640464,0.547903],[0.195332,-0.727135,0.658119]],[[0.81786,-0.239693,-0.523118],[-0.0397398,0.883412,-0.46691],[0.574044,0.402655,0.712981]],[[0.81786,-0.239693,-0.523118],[-0.57529,-0.359763,-0.734583],[-0.0121245,0.90173,-0.432129]],[[0.81786,-0.239693,-0.523118],[-0.446058,-0.838406,-0.313223],[-0.363508,0.489513,-0.792615]]],"btipPosition":[46.1024,169.091,3.82063],"carpPosition":[77.1197,174.215,51.2251],"dipPosition":[39.3371,178.202,-10.9308],"direction":[0.0121245,-0.90173,0.432129],"extended":false,"handId":420,"id":4203,"length":64.1769,"mcpPosition":[64.5505,221.004,8.87648],"pipPosition":[39.0026,203.084,-22.8549],"stabilizedTipPosition":[44.6184,167.558,1.06464],"timeVisible":0.107421,"tipPosition":[41.5271,171.677,-4.62755],"tipVelocity":[51.8133,575.732,-134.819],"tool":false,"touchDistance":0.333333,"touchZone":"none","type":3,"width":19.1702},{"bases":[[[0.736734,-0.432045,-0.520155],[0.674254,0.527454,0.516889],[0.0510385,-0.731526,0.679901]],[[0.736931,-0.434957,-0.517441],[0.156466,0.854452,-0.495409],[0.65761,0.284121,0.697728]],[[0.736931,-0.434957,-0.517441],[-0.64755,-0.234632,-0.725001],[0.193936,0.869345,-0.454564]],[[0.736931,-0.434957,-0.517441],[-0.632868,-0.712912,-0.302052],[-0.23751,0.550063,-0.800637]]],"btipPosition":[59.6723,174.95,-1.27936],"carpPosition":[85.5747,167.764,41.192],"dipPosition":[55.5944,184.395,-15.0259],"direction":[-0.193936,-0.869345,0.454564],"extended":false,"handId":420,"id":4204,"length":50.3135,"mcpPosition":[82.5345,211.339,0.692864],"pipPosition":[59.3727,201.332,-23.8819],"stabilizedTipPosition":[58.7876,174.801,-4.04913],"timeVisible":0.107421,"tipPosition":[56.5675,178.621,-10.4616],"tipVelocity":[30.3905,579.77,-99.4058],"tool":false,"touchDistance":0.333333,"touchZone":"none","type":4,"width":17.0285}],"r":[[0.649081,-0.758579,-0.0570221],[0.695281,0.621993,-0.360152],[0.308671,0.194121,0.931149]],"s":1.56652,"t":[-0.681953,59.1519,-43.5907],"timestamp":262241002018},{"currentFrameRate":39.3387,"devices":[],"gestures":[],"hands":[{"armBasis":[[0.870894,0.069396,-0.486547],[0.212743,0.839194,0.500494],[0.443039,-0.539387,0.716085]],"armWidth":66.9278,"confidence":0.550041,"direction":[-0.246027,0.849791,-0.466183],"elbow":[203.872,-3.41648,262.104],"grabAngle":2.62266,"grabStrength":0,"id":420,"palmNormal":[-0.351665,-0.526453,-0.774066],"palmPosition":[50.8672,206.593,24.0952],"palmVelocity":[41.7574,371.243,-10.9374],"palmWidth":93.471,"pinchDistance":60.7951,"pinchStrength":1,"r":[[0.568643,-0.82066,-0.0562308],[0.747848,0.544239,-0.380167],[0.342591,0.174127,0.923207]],"s":1.58885,"sphereCenter":[29.4039,202.243,-16.7122],"sphereRadius":45.6369,"stabilizedPalmPosition":[50.4758,201.74,25.1891],"t":[-0.289539,64.551,-45.0416],"timeVisible":0.117395,"type":"right","wrist":[80.9893,146.189,63.4894]}],"id":237692,"interactionBox":{"center":[0,200,0],"size":[235.247,235.247,147.751]},"pointables":[{"bases":[[[0.849087,0.168806,-0.500555],[0.289301,0.644238,0.707999],[0.441991,-0.745964,0.498178]],[[0.882456,0.107099,-0.458041],[0.264919,0.691476,0.672071],[0.388702,-0.714417,0.581824]],[[0.882456,0.107099,-0.458041],[0.180988,0.821471,0.540767],[0.434183,-0.560103,0.705528]],[[0.882456,0.107099,-0.458041],[0.129348,0.880952,0.455185],[0.452262,-0.460927,0.763548]]],"btipPosition":[-12.6853,280.807,-30.0234],"carpPosition":[55.5033,172.528,62.5067],"dipPosition":[-4.98829,272.963,-17.0287],"direction":[-0.434183,0.560103,-0.705528],"extended":true,"handId":420,"id":4201,"length":58.5779,"mcpPosition":[22.0995,228.904,24.8567],"pipPosition":[5.46511,259.478,-0.0423232],"stabilizedTipPosition":[-11.0107,277.401,-27.5127],"timeVisible":0.117395,"tipPosition":[-4.81357,280.097,-28.0223],"tipVelocity":[20.24,544.581,192.498],"tool":false,"touchDistance":0.770174,"touchZone":"hovering","type":1,"width":20.5125},{"bases":[[[0.629983,0.64736,0.429006],[-0.473619,-0.117534,0.872852],[0.615472,-0.753068,0.232557]],[[0.459991,0.812133,0.358954],[-0.645442,0.0282124,0.763288],[0.609765,-0.582789,0.537162]],[[0.459991,0.812133,0.358954],[-0.86827,0.32683,0.373214],[0.185782,-0.483344,0.85549]],[[0.459991,0.812133,0.358954],[-0.851575,0.517987,-0.0806732],[-0.251451,-0.268567,0.929862]]],"btipPosition":[11.9449,204.954,-22.6448],"carpPosition":[43.6605,152.392,55.632],"dipPosition":[6.08298,198.693,-0.967608],"direction":[-0.185782,0.483344,-0.85549],"extended":false,"handId":420,"id":4200,"length":51.9129,"mcpPosition":[43.6605,152.392,55.632],"pipPosition":[12.3926,182.277,28.087],"stabilizedTipPosition":[9.87158,201.603,-17.0818],"timeVisible":0.117395,"tipPosition":[10.5771,207.236,-18.9272],"tipVelocity":[280.042,482.098,-160.965],"tool":false,"touchDistance":0.776012,"touchZone":"hovering","type":0,"width":21.4746},{"bases":[[[0.839152,-0.0458447,-0.541961],[0.438318,0.646968,0.623947],[0.322027,-0.761138,0.562999]],[[0.856952,-0.0914031,-0.507226],[0.124205,0.991768,0.0311236],[0.500206,-0.0896713,0.861251]],[[0.856952,-0.0914031,-0.507226],[-0.500107,0.090461,-0.861226],[0.124603,0.991697,0.0318094]],[[0.856952,-0.0914031,-0.507226],[-0.408747,-0.719999,-0.560827],[-0.313941,0.687929,-0.654366]]],"btipPosition":[21.6177,194.107,-13.1732],"carpPosition":[66.3663,176.218,57.1799],"dipPosition":[15.7411,206.984,-25.422],"direction":[-0.124603,-0.991697,-0.0318094],"extended":false,"handId":420,"id":4202,"length":66.7449,"mcpPosition":[43.2865,230.769,16.8296],"pipPosition":[19.2705,235.074,-24.521],"stabilizedTipPosition":[22.0918,186.042,-9.22925],"timeVisible":0.117395,"tipPosition":[23.0089,188.411,-10.1736],"tipVelocity":[-175.813,1429.57,-998.814],"tool":false,"touchDistance":0.322999,"touchZone":"hovering","type":2,"width":20.146},{"bases":[[[0.841949,-0.205993,-0.498687],[0.507193,0.617446,0.601261],[0.184057,-0.759162,0.624336]],[[0.838456,-0.192129,-0.509978],[-0.0431029,0.909481,-0.413505],[0.543261,0.368687,0.754279]],[[0.838456,-0.192129,-0.509978],[-0.54485,-0.315037,-0.777103],[-0.0113574,0.929429,-0.368827]],[[0.838456,-0.192129,-0.509978],[-0.426033,-0.81463,-0.393539],[