{"frames":241,"data":[{"currentFrameRate":26.3813,"devices":[],"gestures":[],"hands":[],"id":238264,"interactionBox":{"center":[0,200,0],"size":[235.247,235.247,147.751]},"pointables":[],"r":[[-0.020113,-0.761857,-0.647433],[0.506356,0.550609,-0.663651],[0.86209,-0.34118,0.374696]],"s":-5.55733,"t":[884.858,792.664,758.259],"timestamp":262256581766},{"currentFrameRate":26.3956,"devices":[],"gestures":[],"hands":[],"id":238265,"interactionBox":{"center":[0,200,0],"size":[235.247,235.247,147.751]},"pointables":[],"r":[[-0.020113,-0.761857,-0.647433],[0.506356,0.550609,-0.663651],[0.86209,-0.34118,0.374696]],"s":-5.55733,"t":[884.858,792.664,758.259],"timestamp":262256619553},{"currentFrameRate":26.4184,"devices":[],"gestures":[],"hands":[],"id":238266,"interactionBox":{"center":[0,200,0],"size":[235.247,235.247,147.751]},"pointables":[],"r":[[-0.020113,-0.761857,-0.647433],[0.506356,0.550609,-0.663651],[0.86209,-0.34118,0.374696]],"s":-5.55733,"t":[884.858,792.664,758.259],"timestamp":262256657248},{"currentFrameRate":26.4476,"devices":[],"gestures":[],"hands":[],"id":238267,"interactionBox":{"center":[0,200,0],"size":[235.247,235.247,147.751]},"pointables":[],"r":[[-0.020113,-0.761857,-0.647433],[0.506356,0.550609,-0.663651],[0.86209,-0.34118,0.374696]],"s":-5.55733,"t":[884.858,792.664,758.259],"timestamp":262256694858},{"currentFrameRate":26.4559,"devices":[],"gestures":[],"hands":[],"id":238268,"interactionBox":{"center":[0,200,0],"size":[235.247,235.247,147.751]},"pointables":[],"r":[[-0.020113,-0.761857,-0.647433],[0.506356,0.550609,-0.663651],[0.86209,-0.34118,0.374696]],"s":-5.55733,"t":[884.858,792.664,758.259],"timestamp":262256732600},{"currentFrameRate":26.436,"devices":[],"gestures":[],"hands":[],"id":238269,"interactionBox":{"center":[0,200,0],"size":[235.247,235.247,147.751]},"pointables":[],"r":[[-0.020113,-0.761857,-0.647433],[0.506356,0.550609,-0.663651],[0.86209,-0.34118,0.374696]],"s":-5.55733,"t":[884.858,792.664,758.259],"timestamp":262256770564},{"currentFrameRate":26.4558,"devices":[],"gestures":[],"hands":[],"id":238270,"interactionBox":{"center":[0,200,0],"size":[235.247,235.247,147.751]},"pointables":[],"r":[[-0.020113,-0.761857,-0.647433],[0.506356,0.550609,-0.663651],[0.86209,-0.34118,0.374696]],"s":-5.55733,"t":[884.858,792.664,758.259],"timestamp":262256808227},{"currentFrameRate":22.3433,"devices":[],"gestures":[],"hands":[],"id":238271,"interactionBox":{"center":[0,200,0],"size":[235.247,235.247,147.751]},"pointables":[],"r":[[-0.020113,-0.761857,-0.647433],[0.506356,0.550609,-0.663651],[0.86209,-0.34118,0.374696]],"s":-5.55733,"t":[884.858,792.664,758.259],"timestamp":262256883414},{"currentFrameRate":23.0517,"devices":[],"gestures":[],"hands":[{"armBasis":[[0.935766,-0.319775,-0.148611],[-0.352607,-0.852355,-0.386211],[0.00316833,-0.413805,0.91036]],"armWidth":65.4574,"confidence":0,"direction":[-0.187924,0.288051,-0.938995],"elbow":[118.244,-9.91341,360.879],"grabAngle":0,"grabStrength":0,"id":421,"palmNormal":[0.323632,0.920798,0.2177],"palmPosition":[98.9817,134.821,38.6937],"palmVelocity":[1.19209e-7,1.19209e-7,1.19209e-7],"palmWidth":93.471,"pinchDistance":40.7533,"pinchStrength":0,"r":[[1,1.66533e-17,5.55112e-18],[-1.66533e-17,1,1.11022e-17],[-5.55112e-18,-1.11022e-17,1]],"s":1,"sphereCenter":[82.6877,63.824,-21.2561],"sphereRadius":87.6796,"stabilizedPalmPosition":[98.9817,134.821,38.6937],"t":[0,0,0],"timeVisible":0,"type":"left","wrist":[117.365,104.86,108.38]}],"id":238272,"interactionBox":{"center":[0,200,0],"size":[235.247,235.247,147.751]},"pointables":[{"bases":[[[0.882616,-0.21088,-0.420142],[-0.370629,-0.861938,-0.345973],[0.289177,-0.461078,0.838918]],[[0.919493,-0.287968,-0.267595],[-0.339964,-0.924295,-0.1735],[0.197374,-0.250505,0.947782]],[[0.919493,-0.287968,-0.267595],[-0.339964,-0.924295,-0.1735],[0.197374,-0.250505,0.947782]],[[0.919493,-0.287968,-0.267595],[-0.339964,-0.924295,-0.1735],[0.197374,-0.250505,0.947782]]],"btipPosition":[52.5118,168.612,-61.0549],"carpPosition":[91.4424,112.093,84.344],"dipPosition":[55.976,164.215,-44.4199],"direction":[-0.197374,0.250505,-0.947782],"extended":true,"handId":421,"id":4211,"length":60.411,"mcpPosition":[69.5876,146.94,20.9423],"pipPosition":[60.8767,157.995,-20.887],"stabilizedTipPosition":[53.3086,167.601,-57.2288],"timeVisible":0,"tipPosition":[53.3086,167.601,-57.2288],"tipVelocity":[1.19209e-7,1.19209e-7,1.19209e-7],"tool":false,"touchDistance":0.674901,"touchZone":"hovering","type":1,"width":19.8702},{"bases":[[[0.963734,-0.121184,-0.237761],[-0.209638,-0.895094,-0.39352],[0.16513,-0.429092,0.888038]],[[0.871891,0.0110337,-0.489575],[0.0768655,-0.990437,0.114569],[0.483629,0.137523,0.864402]],[[0.871891,0.0110337,-0.489575],[0.0768655,-0.990437,0.114569],[0.483629,0.137523,0.864402]],[[0.871891,0.0110337,-0.489575],[0.0768655,-0.990437,0.114569],[0.483629,0.137523,0.864402]]],"btipPosition":[42.4179,125.498,-70.4099],"carpPosition":[101.663,108.226,77.9741],"dipPosition":[51.7541,128.153,-53.7231],"direction":[-0.483629,-0.137523,-0.864402],"extended":true,"handId":421,"id":4212,"length":68.8335,"mcpPosition":[89.8285,138.98,14.3281],"pipPosition":[65.8817,132.17,-28.4724],"stabilizedTipPosition":[44.5652,126.109,-66.5719],"timeVisible":0,"tipPosition":[44.5652,126.109,-66.5719],"tipVelocity":[1.19209e-7,1.19209e-7,1.19209e-7],"tool":false,"touchDistance":0.534754,"touchZone":"hovering","type":2,"width":19.5152},{"bases":[[[0.990573,-0.115185,-0.0741411],[-0.134877,-0.914688,-0.380992],[0.0239314,-0.3874,0.921601]],[[0.939259,0.00444444,-0.343181],[0.066881,-0.983117,0.170316],[0.336631,0.182923,0.923699]],[[0.939259,0.00444444,-0.343181],[0.066881,-0.983117,0.170316],[0.336631,0.182923,0.923699]],[[0.939259,0.00444444,-0.343181],[0.066881,-0.983117,0.170316],[0.336631,0.182923,0.923699]]],"btipPosition":[80.4017,114.055,-71.838],"carpPosition":[113.433,106.238,73.8759],"dipPosition":[86.8628,117.565,-54.109],"direction":[-0.336631,-0.182923,-0.923699],"extended":true,"handId":421,"id":4213,"length":66.1852,"mcpPosition":[111.893,131.167,14.5728],"pipPosition":[96.4425,122.771,-27.823],"stabilizedTipPosition":[81.8878,114.862,-67.7603],"timeVisible":0,"tipPosition":[81.8878,114.862,-67.7603],"tipVelocity":[1.19209e-7,1.19209e-7,1.19209e-7],"tool":false,"touchDistance":0.516928,"touchZone":"hovering","type":3,"width":18.5699},{"bases":[[[0.995263,-0.00652115,0.0969994],[0.0234833,-0.952076,-0.304958],[-0.0943395,-0.305791,0.947413]],[[0.97869,0.0841375,-0.187313],[0.134565,-0.951821,0.27555],[0.155104,0.294884,0.942861]],[[0.97869,0.0841375,-0.187313],[0.134565,-0.951821,0.27555],[0.155104,0.294884,0.942861]],[[0.97869,0.0841375,-0.187313],[0.134565,-0.951821,0.27555],[0.155104,0.294884,0.942861]]],"btipPosition":[121.813,105.763,-51.7671],"carpPosition":[127.69,109.406,74.5537],"dipPosition":[124.559,110.984,-35.0721],"direction":[-0.155104,-0.294884,-0.94286],"extended":true,"handId":421,"id":4214,"length":51.888,"mcpPosition":[133.31,127.62,18.1198],"pipPosition":[127.676,116.909,-16.128],"stabilizedTipPosition":[122.445,106.964,-47.9273],"timeVisible":0,"tipPosition":[122.445,106.964,-47.9273],"tipVelocity":[1.19209e-7,1.19209e-7,1.19209e-7],"tool":false,"touchDistance":0.814424,"touchZone":"hovering","type":4,"width":16.4953},{"bases":[[[0.0470215,-0.8732,-0.485088],[-0.817705,-0.312567,0.483385],[0.573714,-0.37393,0.728717]],[[0.12636,-0.916721,-0.379019],[-0.7005,-0.352994,0.620238],[0.702377,-0.18713,0.686767]],[[0.12636,-0.916721,-0.379019],[-0.942841,-0.229757,0.241375],[0.308356,-0.326855,0.893355]],[[0.12636,-0.916721,-0.379019],[-0.971404,-0.0369251,-0.234543],[-0.201015,-0.397818,0.895173]]],"btipPosition":[50.341,160.21,13.2165],"carpPosition":[92.3255,129.602,101.245],"dipPosition":[45.5083,150.645,34.7381],"direction":[-0.308356,0.326855,-0.893354],"extended":true,"handId":421,"id":4210,"length":53.5374,"mcpPosition":[92.3255,129.602,101.245],"pipPosition":[56.3085,139.197,66.028],"stabilizedTipPosition":[49.2295,158.01,18.1665],"timeVisible":0,"tipPosition":[49.2295,158.01,18.1665],"tipVelocity":[1.19209e-7,1.19209e-7,1.19209e-7],"tool":false,"touchDistance":1,"touchZone":"none","type":0,"width":20.8021}],"r":[[1,1.66533e-17,5.55112e-18],[-1.66533e-17,1,1.11022e-17],[-5.55112e-18,-1.11022e-17,1]],"s":1,"t":[0,0,0],"timestamp":262256921214},{"currentFrameRate":23.6337,"devices":[],"gestures":[],"hands":[{"armBasis":[[0.566181,-0.805371,-0.175545],[-0.817219,-0.520636,-0.247166],[-0.107665,-0.283399,0.952939]],"armWidth":66.9278,"confidence":0.196748,"direction":[-0.433343,0.0413824,-0.900278],"elbow":[95.5557,44.5704,364.349],"grabAngle":1.39354,"grabStrength":0,"id":421,"palmNormal":[0.693294,0.65355,-0.303671],"palmPosition":[96.1625,138.063,29.6587],"palmVelocity":[-74.5022,85.6535,-238.76],"palmWidth":92.7085,"pinchDistance":56.2176,"pinchStrength":1,"r":[[0.993766,-0.102071,-0.0448305],[0.0974534,0.990666,-0.0953069],[0.0541402,0.0903439,0.994438]],"s":0.937236,"sphereCenter":[59.4506,213.861,19.8409],"sphereRadius":87.0021,"stabilizedPalmPosition":[98.9152,134.898,38.4806],"t":[-1.40962,1.62061,-4.51746],"timeVisible":0.037841,"type":"left","wrist":[125.418,123.175,100.04]}],"id":238273,"interactionBox":{"center":[0,200,0],"size":[235.247,235.247,147.751]},"pointables":[{"bases":[[[0.494876,-0.738074,-0.458632],[-0.763335,-0.621444,0.176428],[0.415232,-0.26278,0.870936]],[[0.522164,-0.754345,-0.397881],[-0.845203,-0.520033,-0.123278],[0.113917,-0.400661,0.909117]],[[0.522164,-0.754345,-0.397881],[-0.845203,-0.520033,-0.123278],[0.113917,-0.400661,0.909117]],[[0.522164,-0.754345,-0.397881],[-0.614423,-0.00918909,-0.788923],[-0.591464,-0.656414,0.468285]]],"btipPosition":[71.134,195.076,-53.5306],"carpPosition":[99.811,137.414,80.5169],"dipPosition":[61.0679,183.905,-45.5609],"direction":[-0.113917,0.400661,-0.909117],"extended":true,"handId":421,"id":4211,"length":58.5779,"mcpPosition":[68.6856,157.112,15.2323],"pipPosition":[63.8106,174.258,-23.673],"stabilizedTipPosition":[67.9888,191.174,-51.9936],"timeVisible":0.037841,"tipPosition":[65.53,189.531,-52.2491],"tipVelocity":[409.878,658.17,146.17],"tool":false,"touchDistance":0.723713,"touchZone":"hovering","type":1,"width":20.5125},{"bases":[[[0.760155,-0.608584,-0.227573],[-0.598624,-0.792162,0.118862],[0.252613,-0.0458771,0.966479]],[[0.651552,-0.567845,-0.503023],[-0.570427,-0.80386,0.16859],[0.500093,-0.177093,0.84767]],[[0.651552,-0.567845,-0.503023],[-0.570427,-0.80386,0.16859],[0.500093,-0.177093,0.84767]],[[0.651552,-0.567845,-0.503023],[-0.758026,-0.461463,-0.460921],[-0.0296051,-0.681619,0.731108]]],"btipPosition":[60.419,146.781,-67.0125],"carpPosition":[112.047,118.399,69.394],"dipPosition":[59.868,134.095,-53.4058],"direction":[-0.500093,0.177093,-0.84767],"extended":true,"handId":421,"id":4213,"length":64.1769,"mcpPosition":[95.9243,121.327,7.71037],"pipPosition":[73.6675,129.208,-30.0153],"stabilizedTipPosition":[61.2952,142.516,-64.0631],"timeVisible":0.037841,"tipPosition":[58.1602,140.458,-62.8013],"tipVelocity":[-570.69,766.387,102.464],"tool":false,"touchDistance":0.556729,"touchZone":"hovering","type":3,"width":19.1702},{"bases":[[[0.872674,-0.470493,-0.130675],[-0.44842,-0.878096,0.166935],[0.193287,0.0870832,0.97727]],[[0.817011,-0.478419,-0.321884],[-0.569574,-0.582567,-0.579828],[-0.0898816,-0.657063,0.748458]],[[0.817011,-0.478419,-0.321884],[-0.569574,-0.582567,-0.579828],[-0.0898816,-0.657063,0.748458]],[[0.817011,-0.478419,-0.321884],[-0.569574,-0.582567,-0.579828],[-0.0898816,-0.657063,0.748458]]],"btipPosition":[120.52,156.105,-46.0806],"carpPosition":[125.479,114.025,65.4509],"dipPosition":[118.977,144.824,-33.2299],"direction":[0.0898816,0.657063,-0.748458],"extended":true,"handId":421,"id":4214,"length":50.3135,"mcpPosition":[114.06,108.88,7.71347],"pipPosition":[117.226,132.023,-18.6481],"stabilizedTipPosition":[120.27,151.361,-43.3467],"timeVisible":0.037841,"tipPosition":[118.84,151.47,-42.9722],"tipVelocity":[-60.24,1230.06,126.909],"tool":false,"touchDistance":0.838351,"touchZone":"hovering","type":4,"width":17.0285},{"bases":[[[-0.472956,-0.88059,-0.02957],[-0.604341,0.299797,0.738169],[0.641159,-0.366992,0.673967]],[[-0.626005,-0.751794,-0.207181],[-0.779721,0.60765,0.150986],[-0.0123829,-0.256061,0.966581]],[[-0.626005,-0.751794,-0.207181],[-0.763713,0.537326,0.357803],[0.15767,-0.382213,0.910524]],[[-0.626005,-0.751794,-0.207181],[-0.733935,0.478209,0.482344],[0.263548,-0.454007,0.851129]]],"btipPosition":[103.122,192.882,-12.896],"carpPosition":[113.986,156.187,87.4344],"dipPosition":[109.266,182.298,6.94574],"direction":[-0.15767,0.382213,-0.910524],"extended":true,"handId":421,"id":4210,"length":51.9129,"mcpPosition":[113.986,156.187,87.4344],"pipPosition":[114.621,169.317,37.8694],"stabilizedTipPosition":[99.1734,187.303,-5.76352],"timeVisible":0.037841,"tipPosition":[100.829,189.332,-6.81055],"tipVelocity":[1461.52,857.208,-700.269],"tool":false,"touchDistance":1,"touchZone":"none","type":0,"width":21.4746},{"bases":[[[0.669256,-0.649963,-0.360061],[-0.659379,-0.742896,0.11543],[0.342513,-0.160165,0.92576]],[[0.688591,-0.658398,-0.303901],[-0.721747,-0.581717,-0.375082],[-0.0701691,-0.477617,0.875761]],[[0.688591,-0.658398,-0.303901],[0.0695943,0.477154,-0.87606],[-0.721803,-0.582097,-0.374384]],[[0.688591,-0.658398,-0.303901],[0.524564,0.741619,-0.418131],[-0.500675,-0.128506,-0.856044]]],"btipPosition":[113.312,180.393,-6.67177],"carpPosition":[104.473,127.183,74.5552],"dipPosition":[103.94,177.988,-22.6957],"direction":[0.721803,0.582097,0.374384],"extended":false,"handId":421,"id":4212,"length":66.7449,"mcpPosition":[80.1253,138.568,8.74692],"pipPosition":[83.4942,161.5,-33.3003],"stabilizedTipPosition":[99.0274,170.054,-20.596],"timeVisible":0.037841,"tipPosition":[109.835,179.171,-10.7903],"tipVelocity":[1759.75,1419.92,1485.55],"tool":false,"touchDistance":0.333333,"touchZone":"none","type":2,"width":20.146}],"r":[[0.993766,-0.102071,-0.0448305],[0.0974534,0.990666,-0.0953069],[0.0541402,0.0903439,0.994438]],"s":0.937236,"t":[-1.40962,1.62061,-4.51746],"timestamp":262256959055},{"currentFrameRate":25.0907,"devices":[],"gestures":[],"hands":[{"armBasis":[[0.231069,-0.940242,-0.250104],[-0.968997,-0.199288,-0.146044],[-0.0874736,-0.276097,0.957141]],"armWidth":66.6758,"confidence":0.338614,"direction":[-0.439666,0.274659,-0.855135],"elbow":[95.3373,55.4384,353.474],"grabAngle":1.19324,"grabStrength":0,"id":421,"palmNormal":[0.864809,0.386505,-0.320499],"palmPosition":[93.1108,161.335,24.1673],"palmVelocity":[-104.95,800.368,-188.86],"palmWidth":92.0985,"pinchDistance":55.5272,"pinchStrength":1,"r":[[0.96227,-0.256351,-0.091222],[0.239438,0.95702,-0.163656],[0.129255,0.135639,0.982291]],"s":0.920972,"sphereCenter":[79.3034,164.068,-10.4787],"sphereRadius":47.8946,"stabilizedPalmPosition":[95.2816,151.448,29.5203],"t":[-3.64024,14.0671,-9.52193],"timeVisible":0.066918,"type":"left","wrist":[119.401,131.392,90.165]}],"id":238274,"interactionBox":{"center":[0,200,0],"size":[235.247,235.247,147.751]},"pointables":[{"bases":[[[0.165223,-0.821826,-0.545255],[-0.925575,-0.320136,0.202052],[0.340607,-0.471291,0.813555]],[[0.233252,-0.902651,-0.361684],[-0.951227,-0.289022,0.107858],[0.201893,-0.318886,0.926041]],[[0.233252,-0.902651,-0.361684],[-0.972334,-0.211667,-0.0988064],[-0.0126309,-0.374725,0.92705]],[[0.233252,-0.902651,-0.361684],[0.0118566,0.374556,-0.927128],[-0.972344,-0.211966,-0.0980682]]],"btipPosition":[82.0257,216.187,-46.7313],"carpPosition":[99.1858,154.845,74.0652],"dipPosition":[65.4955,212.583,-48.3985],"direction":[0.0126309,0.374725,-0.92705],"extended":true,"handId":421,"id":4211,"length":58.514,"mcpPosition":[73.8223,189.94,13.4831],"pipPosition":[65.1918,203.571,-26.1032],"stabilizedTipPosition":[77.7593,214.261,-47.3362],"timeVisible":0.066918,"tipPosition":[78.3992,220.52,-48.9277],"tipVelocity":[323.451,785.898,157.609],"tool":false,"touchDistance":0.753417,"touchZone":"hovering","type":1,"width":20.4736},{"bases":[[[0.472261,-0.817262,-0.330231],[-0.837852,-0.532582,0.119838],[0.273814,-0.22009,0.936262]],[[0.483412,-0.825833,-0.290367],[-0.700502,-0.563857,0.437449],[0.524985,0.00806567,0.851073]],[[0.483412,-0.825833,-0.290367],[-0.700502,-0.563857,0.437449],[0.524985,0.00806567,0.851073]],[[0.483412,-0.825833,-0.290367],[-0.868436,-0.410683,-0.277774],[-0.110146,-0.386444,0.915712]]],"btipPosition":[49.8381,154.556,-76.8226],"carpPosition":[102.961,133.998,60.8577],"dipPosition":[47.7904,147.372,-59.7988],"direction":[-0.524985,-0.00806567,-0.851073],"extended":true,"handId":421,"id":4213,"length":64.1069,"mcpPosition":[85.6,147.953,1.49573],"pipPosition":[62.2609,147.594,-36.3401],"stabilizedTipPosition":[50.865,151.599,-71.7965],"timeVisible":0.066918,"tipPosition":[50.041,158.448,-71.4485],"tipVelocity":[-375.734,310.922,-310.352],"tool":false,"touchDistance":0.399028,"touchZone":"hovering","type":3,"width":19.1338},{"bases":[[[-0.761726,-0.646393,-0.0441626],[-0.410319,0.428533,0.804983],[0.50141,-0.631297,0.591652]],[[-0.842223,-0.516576,-0.154302],[-0.53912,0.805311,0.246624],[0.00313872,-0.2909,0.956748]],[[-0.842223,-0.516576,-0.154302],[-0.531771,0.748853,0.395525],[0.0887689,-0.415174,0.905401]],[[-0.842223,-0.516576,-0.154302],[-0.503699,0.856,-0.116409],[-0.192217,0.0203207,0.981142]]],"btipPosition":[120.689,194.96,-21.4715],"carpPosition":[119.384,166.553,80.7528],"dipPosition":[116.213,195.433,1.37614],"direction":[-0.0887689,0.415174,-0.905401],"extended":true,"handId":421,"id":4210,"length":51.8562,"mcpPosition":[119.384,166.553,80.7528],"pipPosition":[119.224,181.348,32.0922],"stabilizedTipPosition":[116.854,194.005,-14.7849],"timeVisible":0.066918,"tipPosition":[117.415,201.225,-13.4587],"tipVelocity":[520.154,158.934,-271.148],"tool":false,"touchDistance":1,"touchZone":"none","type":0,"width":21.4338},{"bases":[[[0.365072,-0.811246,-0.45673],[-0.876614,-0.464736,0.124773],[0.313481,-0.354825,0.880812]],[[0.391982,-0.840067,-0.375017],[-0.911654,-0.409393,-0.0358233],[0.123435,-0.355928,0.926326]],[[0.391982,-0.840067,-0.375017],[-0.124161,0.355602,-0.926354],[-0.911556,-0.409677,-0.0350856]],[[0.391982,-0.840067,-0.375017],[0.475915,0.534021,-0.698804],[-0.787309,-0.0954424,-0.609127]]],"btipPosition":[111.904,199.81,-27.0957],"carpPosition":[99.448,144.306,67.1495],"dipPosition":[97.1827,198.025,-38.4852],"direction":[0.911556,0.409677,0.0350856],"extended":false,"handId":421,"id":4212,"length":66.672,"mcpPosition":[77.3106,169.363,4.94842],"pipPosition":[71.3907,186.433,-39.478],"stabilizedTipPosition":[104.978,188.453,-26.3138],"timeVisible":0.066918,"tipPosition":[111.95,199.014,-24.5023],"tipVelocity":[-90.723,672.668,-665.749],"tool":false,"touchDistance":0.333333,"touchZone":"none","type":2,"width":20.1078},{"bases":[[[0.63268,-0.737934,-0.23488],[-0.726694,-0.670551,0.149259],[0.267642,-0.0762532,0.960496]],[[0.527209,-0.683674,-0.50462],[-0.74186,-0.659911,0.118998],[0.41436,-0.31162,0.855101]],[[0.527209,-0.683674,-0.50462],[-0.74186,-0.659911,0.118998],[0.41436,-0.31162,0.855101]],[[0.527209,-0.683674,-0.50462],[-0.74186,-0.659911,0.118998],[0.41436,-0.31162,0.855101]]],"btipPosition":[68.0843,152.412,-62.2233],"carpPosition":[113.541,125.564,55.5415],"dipPosition":[75.1909,147.067,-47.5576],"direction":[-0.41436,0.31162,-0.855101],"extended":true,"handId":421,"id":4214,"length":50.2586,"mcpPosition":[97.8331,130.039,-0.831552],"pipPosition":[83.2548,141.003,-30.9163],"stabilizedTipPosition":[72.474,151.192,-58.0052],"timeVisible":0.066918,"tipPosition":[74.1797,153.26,-57.893],"tipVelocity":[-1734.92,-80.0582,-540.814],"tool":false,"touchDistance":0.55197,"touchZone":"hovering","type":4,"width":16.9962}],"r":[[0.96227,-0.256351,-0.091222],[0.239438,0.95702,-0.163656],[0.129255,0.135639,0.982291]],"s":0.920972,"t":[-3.64024,14.0671,-9.52193],"timestamp":262256988132},{"currentFrameRate":27.512,"devices":[],"gestures":[],"hands":[{"armBasis":[[-0.550376,-0.827418,-0.111651],[-0.834907,0.546057,0.0689314],[-0.0039326,-0.131156,0.991354]],"armWidth":66.4706,"confidence":0.426728,"direction":[-0.454819,0.496686,-0.739218],"elbow":[101.415,84.7496,350.612],"grabAngle":1.93614,"grabStrength":0.343884,"id":421,"palmNormal":[0.702519,-0.310059,-0.64057],"palmPosition":[79.7241,159.882,18.1218],"palmVelocity":[-682.264,-74.0419,-308.111],"palmWidth":91.6105,"pinchDistance":57.5631,"pinchStrength":1,"r":[[0.84363,-0.512291,-0.160769],[0.455783,0.841554,-0.289911],[0.283814,0.171302,0.943454]],"s":0.831088,"sphereCenter":[89.9645,132.892,-36.1629],"sphereRadius":58.0517,"stabilizedPalmPosition":[86.3783,156.275,22.9971],"t":[-11.4489,19.5639,-15.0469],"timeVisible":0.086539,"type":"left","wrist":[102.49,120.593,79.6851]}],"id":238275,"interactionBox":{"center":[0,200,0],"size":[235.247,235.247,147.751]},"pointables":[{"bases":[[[-0.615957,-0.715756,-0.329075],[-0.747624,0.399451,0.530563],[0.248304,-0.572828,0.781161]],[[-0.562671,-0.805364,-0.186524],[-0.749778,0.402136,0.525471],[0.348187,-0.435519,0.830114]],[[-0.562671,-0.805364,-0.186524],[-0.814543,0.578636,-0.041243],[-0.141145,-0.128725,0.981584]],[[-0.562671,-0.805364,-0.186524],[-0.814543,0.578636,-0.041243],[-0.141145,-0.128725,0.981584]]],"btipPosition":[71.467,217.552,-69.6283],"carpPosition":[98.9414,151.242,63.946],"dipPosition":[69.0696,215.366,-52.9558],"direction":[0.141145,0.128725,-0.981584],"extended":true,"handId":421,"id":4211,"length":58.4622,"mcpPosition":[80.5492,193.672,6.08438],"pipPosition":[65.6781,212.273,-29.3699],"stabilizedTipPosition":[73.6733,215.926,-58.3562],"timeVisible":0.086539,"tipPosition":[74.8524,214.903,-63.3806],"tipVelocity":[-372.465,86.2025,-951.982],"tool":false,"touchDistance":0.431226,"touchZone":"hovering","type":1,"width":20.4409},{"bases":[[[-0.93736,0.0480374,0.345035],[0.303838,0.597237,0.742288],[0.17041,-0.800625,0.574421]],[[-0.952025,0.220162,0.212549],[0.302169,0.786139,0.539147],[0.0483935,-0.577507,0.81495]],[[-0.952025,0.220162,0.212549],[0.274157,0.922198,0.272745],[0.135964,-0.317932,0.938314]],[[-0.952025,0.220162,0.212549],[0.187566,0.968604,-0.16317],[0.2418,0.115475,0.963431]]],"btipPosition":[109.658,183.386,-34.1158],"carpPosition":[122.338,146.118,61.28],"dipPosition":[115.284,186.073,-11.7004],"direction":[-0.135964,0.317932,-0.938314],"extended":false,"handId":421,"id":4210,"length":51.8103,"mcpPosition":[122.338,146.118,61.28],"pipPosition":[119.893,175.296,20.1041],"stabilizedTipPosition":[113.012,187.495,-24.0127],"timeVisible":0.086539,"tipPosition":[109.426,179.832,-30.759],"tipVelocity":[-443.762,-563.922,-649.493],"tool":false,"touchDistance":0.787231,"touchZone":"hovering","type":0,"width":21.3996},{"bases":[[[-0.44021,-0.844105,-0.306106],[-0.835363,0.260021,0.484312],[0.329216,-0.468909,0.819598]],[[-0.419677,-0.870704,-0.256409],[-0.880489,0.459144,-0.118006],[-0.220477,-0.176241,0.959338]],[[-0.419677,-0.870704,-0.256409],[0.219775,0.176606,-0.959432],[-0.880665,0.459004,-0.117242]],[[-0.419677,-0.870704,-0.256409],[0.579537,-0.0396304,-0.813982],[-0.698576,0.490208,-0.521237]]],"btipPosition":[115.271,162.645,-30.15],"carpPosition":[89.8857,143.396,60.3387],"dipPosition":[102.221,171.803,-39.8875],"direction":[0.880665,-0.459004,0.117242],"extended":false,"handId":421,"id":4212,"length":66.6129,"mcpPosition":[66.7603,176.334,2.76705],"pipPosition":[77.3249,184.779,-43.2019],"stabilizedTipPosition":[109.664,173.22,-30.2187],"timeVisible":0.086539,"tipPosition":[108.008,167.466,-35.1541],"tipVelocity":[191.207,-1765.83,-136.299],"tool":false,"touchDistance":0.333333,"touchZone":"none","type":2,"width":20.0757},{"bases":[[[-0.322731,-0.921093,-0.217791],[-0.853759,0.183968,0.487084],[0.408583,-0.343139,0.845763]],[[-0.33709,-0.908276,-0.2478],[-0.928404,0.276988,0.247675],[0.15632,-0.313547,0.936617]],[[-0.33709,-0.908276,-0.2478],[-0.157059,0.313768,-0.93642],[-0.928279,0.276738,0.248421]],[[-0.33709,-0.908276,-0.2478],[0.395898,0.102051,-0.912606],[-0.854187,0.405734,-0.325185]]],"btipPosition":[92.1085,153.928,-39.4087],"carpPosition":[83.3899,133.518,56.3344],"dipPosition":[76.2426,161.464,-45.4488],"direction":[0.92828,-0.276738,-0.248421],"extended":false,"handId":421,"id":4213,"length":64.0501,"mcpPosition":[57.6217,155.158,2.99448],"pipPosition":[50.6784,169.085,-38.6075],"stabilizedTipPosition":[76.5744,154.377,-50.5977],"timeVisible":0.086539,"tipPosition":[83.3143,157.748,-41.9027],"tipVelocity":[1992.37,140.546,1636.47],"tool":false,"touchDistance":0.874096,"touchZone":"hovering","type":3,"width":19.1033},{"bases":[[[-0.127741,-0.972267,-0.195906],[-0.854088,0.00742208,0.520075],[0.504198,-0.233756,0.83135]],[[-0.230255,-0.901979,-0.365261],[-0.972238,0.197153,0.126032],[0.0416663,-0.384141,0.922334]],[[-0.230255,-0.901979,-0.365261],[-0.0424405,0.384297,-0.922233],[-0.972204,0.196847,0.126767]],[[-0.230255,-0.901979,-0.365261],[-0.0424405,0.384297,-0.922233],[-0.972204,0.196847,0.126767]]],"btipPosition":[87.841,140.152,-34.8298],"carpPosition":[83.1782,120.202,50.7635],"dipPosition":[71.1817,143.525,-32.6575],"direction":[0.972204,-0.196847,-0.126767],"extended":false,"handId":421,"id":4214,"length":50.2141,"mcpPosition":[53.7429,133.849,2.22878],"pipPosition":[52.2782,147.352,-30.1927],"stabilizedTipPosition":[80.1688,144.345,-42.2124],"timeVisible":0.086539,"tipPosition":[78.6754,143.46,-35.8915],"tipVelocity":[728.329,-522.655,1249.68],"tool":false,"touchDistance":0.897907,"touchZone":"hovering","type":4,"width":16.969}],"r":[[0.84363,-0.512291,-0.160769],[0.455783,0.841554,-0.289911],[0.283814,0.171302,0.943454]],"s":0.831088,"t":[-11.4489,19.5639,-15.0469],"timestamp":262257007753},{"currentFrameRate":29.6937,"devices":[],"gestures":[],"hands":[{"armBasis":[[-0.83487,-0.550446,0.000488434],[-0.548901,0.832592,0.0741506],[0.0412226,-0.0616381,0.997247]],"armWidth":66.3043,"confidence":0.507775,"direction":[-0.385905,0.625605,-0.678009],"elbow":[106.625,108.722,344.735],"grabAngle":2.23931,"grabStrength":0,"id":421,"palmNormal":[0.390653,-0.554977,-0.734432],"palmPosition":[77.5589,169.318,14.2347],"palmVelocity":[-109.852,478.735,-197.208],"palmWidth":91.2201,"pinchDistance":58.1879,"pinchStrength":1,"r":[[0.634384,-0.744774,-0.207049],[0.625744,0.652023,-0.428148],[0.453874,0.142051,0.87967]],"s":0.809197,"sphereCenter":[71.8795,140.098,-38.7798],"sphereRadius":56.5148,"stabilizedPalmPosition":[80.5938,164.83,17.25],"t":[-16.4359,27.0305,-19.7529],"timeVisible":0.10625,"type":"left","wrist":[95.4194,125.478,73.6419]}],"id":238276,"interactionBox":{"center":[0,200,0],"size":[235.247,235.247,147.751]},"pointables":[{"bases":[[[-0.888674,-0.435463,-0.143636],[-0.421948,0.653978,0.627911],[0.179497,-0.618615,0.764916]],[[-0.842089,-0.539322,-0.00416068],[-0.443322,0.687762,0.574847],[0.307166,-0.485917,0.81825]],[[-0.842089,-0.539322,-0.00416068],[-0.508104,0.790712,0.341474],[0.180875,-0.289666,0.939882]],[[-0.842089,-0.539322,-0.00416068],[-0.508104,0.790712,0.341474],[0.180875,-0.289666,0.939882]]],"btipPosition":[67.5389,232.704,-73.9159],"carpPosition":[101.301,154.467,55.9439],"dipPosition":[70.6089,227.787,-57.9632],"direction":[-0.180875,0.289666,-0.939882],"extended":true,"handId":421,"id":4211,"length":58.4203,"mcpPosition":[88.0616,200.093,-0.472945],"pipPosition":[74.9519,220.832,-35.3955],"stabilizedTipPosition":[69.8806,226.858,-66.664],"timeVisible":0.10625,"tipPosition":[73.1848,225.364,-69.5897],"tipVelocity":[-135.491,736.826,-225.922],"tool":false,"touchDistance":0.354639,"touchZone":"hovering","type":1,"width":20.4138},{"bases":[[[-0.761014,0.397834,0.512432],[0.648501,0.4453,0.617377],[-0.0174275,-0.802145,0.596875]],[[-0.736948,0.57042,0.362669],[0.674647,0.587404,0.446999],[-0.0419444,-0.574088,0.817718]],[[-0.736948,0.57042,0.362669],[0.630792,0.773164,0.0657133],[0.242918,-0.277196,0.929598]],[[-0.736948,0.57042,0.362669],[0.501911,0.821152,-0.271652],[0.452762,0.0181659,0.891446]]],"btipPosition":[103.346,178.878,-44.0323],"carpPosition":[119.992,141.058,49.2768],"dipPosition":[113.872,179.3,-23.3066],"direction":[-0.242918,0.277196,-0.929598],"extended":false,"handId":421,"id":4210,"length":51.7732,"mcpPosition":[119.992,141.058,49.2768],"pipPosition":[122.1,169.911,8.17987],"stabilizedTipPosition":[109.471,183.331,-31.4674],"timeVisible":0.10625,"tipPosition":[101.912,176.563,-40.7967],"tipVelocity":[-263.088,-255.158,-522.812],"tool":false,"touchDistance":0.587264,"touchZone":"hovering","type":0,"width":21.3712},{"bases":[[[-0.771213,-0.6201,-0.143897],[-0.562071,0.557203,0.611229],[0.298844,-0.552268,0.778262]],[[-0.751905,-0.652101,-0.0969707],[-0.653797,0.756467,-0.0175284],[-0.0847854,-0.0502194,0.995133]],[[-0.751905,-0.652101,-0.0969707],[0.0842647,0.0508218,-0.995147],[-0.653864,0.756427,-0.016736]],[[-0.751905,-0.652101,-0.0969707],[0.440803,-0.387897,-0.809462],[-0.490236,0.651383,-0.57911]]],"btipPosition":[100.32,158.089,-35.988],"carpPosition":[89.5395,150.584,54.8134],"dipPosition":[91.1679,170.249,-46.7989],"direction":[0.653864,-0.756427,0.016736],"extended":false,"handId":421,"id":4212,"length":66.5652,"mcpPosition":[68.637,189.212,0.378251],"pipPosition":[72.6968,191.617,-47.2717],"stabilizedTipPosition":[101.581,164.512,-36.0472],"timeVisible":0.10625,"tipPosition":[95.5039,164.532,-42.8753],"tipVelocity":[-713.047,-196.155,-308.705],"tool":false,"touchDistance":0.333333,"touchZone":"none","type":2,"width":20.0491},{"bases":[[[-0.674249,-0.734841,-0.0734661],[-0.605921,0.493587,0.623884],[0.422194,-0.465168,0.778056]],[[-0.663358,-0.746368,-0.0537687],[-0.747504,0.664255,0.00156261],[-0.0345498,-0.0412289,0.998552]],[[-0.663358,-0.746368,-0.0537687],[0.0339546,0.0417578,-0.998551],[-0.747531,0.664222,0.00235779]],[[-0.663358,-0.746368,-0.0537687],[0.456914,-0.347096,-0.818995],[-0.592609,0.567855,-0.571275]]],"btipPosition":[85.8585,146.096,-29.6659],"carpPosition":[79.2669,143.873,52.9774],"dipPosition":[74.8591,156.636,-40.2693],"direction":[0.747531,-0.664222,-0.00235779],"extended":false,"handId":421,"id":4213,"length":64.0042,"mcpPosition":[52.7538,173.085,4.11669],"pipPosition":[54.2873,174.915,-40.2044],"stabilizedTipPosition":[80.5558,150.924,-39.6966],"timeVisible":0.10625,"tipPosition":[77.9741,154.291,-36.4587],"tipVelocity":[-260.298,-362.3,441.036],"tool":false,"touchDistance":0.333333,"touchZone":"none","type":3,"width":19.0779},{"bases":[[[-0.511407,-0.855126,-0.0849879],[-0.663719,0.330235,0.671135],[0.545839,-0.399631,0.736448]],[[-0.559432,-0.814755,-0.152347],[-0.826798,0.56153,0.0330015],[-0.0586595,-0.144423,0.987776]],[[-0.559432,-0.814755,-0.152347],[0.0580011,0.14487,-0.987749],[-0.826844,0.561415,0.0337881]],[[-0.559432,-0.814755,-0.152347],[0.537761,-0.2169,-0.814719],[-0.630752,0.537707,-0.559484]]],"btipPosition":[70.2899,139.826,-19.8725],"carpPosition":[73.0939,131.638,48.7119],"dipPosition":[59.4894,149.034,-29.4527],"direction":[0.826844,-0.561415,-0.0337881],"extended":false,"handId":421,"id":4214,"length":50.1781,"mcpPosition":[41.3633,154.869,5.90081],"pipPosition":[43.4238,159.942,-28.7962],"stabilizedTipPosition":[72.3426,142.825,-29.4652],"timeVisible":0.10625,"tipPosition":[64.312,146.963,-28.235],"tipVelocity":[-822.056,51.5626,621.695],"tool":false,"touchDistance":1,"touchZone":"none","type":4,"width":16.9465}],"r":[[0.634384,-0.744774,-0.207049],[0.625744,0.652023,-0.428148],[0.453874,0.142051,0.87967]],"s":0.809197,"t":[-16.4359,27.0305,-19.7529],"timestamp":262257027464},{"currentFrameRate":31.6691,"devices":[],"gestures":[],"hands":[{"armBasis":[[-0.872503,-0.486035,0.0500821],[-0.482773,0.873336,0.0649164],[0.0752901,-0.0324615,0.996633]],"armWidth":66.1698,"confidence":0.580752,"direction":[-0.341904,0.670278,-0.658658],"elbow":[110.94,121.664,336.873],"grabAngle":2.37179,"grabStrength":0,"id":421,"palmNormal":[0.34084,-0.564721,-0.751611],"palmPosition":[75.3259,176.215,9.04231],"palmVelocity":[-113.253,349.761,-263.344],"palmWidth":90.9078,"pinchDistance":47.6928,"pinchStrength":1,"r":[[0.407044,-0.889073,-0.20944],[0.711538,0.452412,-0.537621],[0.572738,0.0698106,0.816761]],"s":0.786765,"sphereCenter":[70.5321,148.551,-44.5446],"sphereRadius":55.1172,"stabilizedPalmPosition":[77.2573,172.041,12.0516],"t":[-20.0459,34.2119,-24.7021],"timeVisible":0.125967,"type":"left","wrist":[90.5605,130.451,67.1016]}],"id":238277,"interactionBox":{"center":[0,200,0],"size":[235.247,235.247,147.751]},"pointables":[{"bases":[[[-0.920719,-0.362099,-0.145465],[-0.365255,0.668483,0.647858],[0.137348,-0.649627,0.747743]],[[-0.880784,-0.47345,-0.00805403],[-0.41102,0.755975,0.509474],[0.235122,-0.452047,0.860448]],[[-0.880784,-0.47345,-0.00805403],[-0.459401,0.850278,0.256862],[0.114763,-0.22994,0.966415]],[[-0.880784,-0.47345,-0.00805403],[-0.459401,0.850278,0.256862],[0.114763,-0.22994,0.966415]]],"btipPosition":[73.2687,235.023,-81.2383],"carpPosition":[98.0941,158.573,50.0104],"dipPosition":[75.2155,231.122,-64.8448],"direction":[-0.114763,0.22994,-0.966415],"extended":true,"handId":421,"id":4211,"length":58.3865,"mcpPosition":[87.9985,206.322,-4.9511],"pipPosition":[77.9695,225.604,-41.6534],"stabilizedTipPosition":[72.026,230.923,-72.7065],"timeVisible":0.125967,"tipPosition":[74.2607,234.364,-74.9778],"tipVelocity":[277.501,129.465,-366.233],"tool":false,"touchDistance":0.234289,"touchZone":"hovering","type":1,"width":20.3915},{"bases":[[[-0.723971,0.44215,0.5295],[0.685799,0.378454,0.621653],[-0.0744725,-0.813189,0.577216]],[[-0.690033,0.609666,0.390079],[0.715394,0.492716,0.495421],[-0.109844,-0.620917,0.776142]],[[-0.690033,0.609666,0.390079],[0.67843,0.732594,0.0551199],[0.252165,-0.302676,0.91913]],[[-0.690033,0.609666,0.390079],[0.537621,0.792579,-0.287719],[0.484581,-0.011179,0.874675]]],"btipPosition":[101.26,185.62,-47.4617],"carpPosition":[115.559,144.041,42.8174],"dipPosition":[112.52,185.36,-27.1377],"direction":[-0.252165,0.302676,-0.91913],"extended":false,"handId":421,"id":4210,"length":51.7433,"mcpPosition":[115.559,144.041,42.8174],"pipPosition":[121.056,175.114,3.97623],"stabilizedTipPosition":[106.331,184.576,-37.7899],"timeVisible":0.125967,"tipPosition":[100.175,183.232,-45.6795],"tipVelocity":[-97.2131,334.009,-178.617],"tool":false,"touchDistance":0.509044,"touchZone":"hovering","type":0,"width":21.3479},{"bases":[[[-0.81785,-0.555156,-0.151403],[-0.512551,0.583217,0.630198],[0.261557,-0.593009,0.76153]],[[-0.800694,-0.589716,-0.105466],[-0.589255,0.807013,-0.0388352],[-0.108014,-0.0310513,0.993664]],[[-0.800694,-0.589716,-0.105466],[0.0654927,0.0888262,-0.993892],[-0.595482,0.802711,0.0325006]],[[-0.800694,-0.589716,-0.105466],[0.447067,-0.47101,-0.760448],[-0.398773,0.656037,-0.640778]]],"btipPosition":[97.3076,163.572,-40.6923],"carpPosition":[86.1182,155.653,48.9045],"dipPosition":[89.8675,175.812,-52.6476],"direction":[0.595482,-0.802711,-0.0325006],"extended":false,"handId":421,"id":4212,"length":66.5267,"mcpPosition":[67.8863,196.989,-4.17791],"pipPosition":[73.0554,198.475,-51.73],"stabilizedTipPosition":[97.7096,165.725,-40.8309],"timeVisible":0.125967,"tipPosition":[92.6928,171.022,-47.8836],"tipVelocity":[-132.802,279.054,-251.943],"tool":false,"touchDistance":0.257079,"touchZone":"hovering","type":2,"width":20.0271},{"bases":[[[-0.729465,-0.678747,-0.0847606],[-0.561074,0.522862,0.641725],[0.391251,-0.515673,0.762237]],[[-0.704691,-0.708447,-0.0389013],[-0.704902,0.705299,-0.0752765],[-0.0807665,0.0256251,0.996404]],[[-0.704691,-0.708447,-0.0389013],[0.0802051,-0.0250634,-0.996463],[-0.704966,0.705319,-0.074483]],[[-0.704691,-0.708447,-0.0389013],[0.513177,-0.47106,-0.717462],[-0.489959,0.525553,-0.69551]]],"btipPosition":[82.9706,151.82,-29.9432],"carpPosition":[75.3956,149.833,47.0099],"dipPosition":[73.8817,161.57,-42.8451],"direction":[0.704966,-0.705319,0.074483],"extended":false,"handId":421,"id":4213,"length":63.9672,"mcpPosition":[50.9098,182.105,-0.69342],"pipPosition":[54.4926,180.968,-44.8936],"stabilizedTipPosition":[80.7892,153.183,-34.8134],"timeVisible":0.125967,"tipPosition":[76.1362,160.02,-39.3475],"tipVelocity":[-124.18,281.116,-40.8739],"tool":false,"touchDistance":0.333333,"touchZone":"none","type":3,"width":19.0571},{"bases":[[[-0.576479,-0.810867,-0.100829],[-0.630917,0.363301,0.685533],[0.519245,-0.45881,0.721025]],[[-0.604864,-0.783681,-0.141361],[-0.793902,0.607291,0.0302782],[-0.0621186,-0.130541,0.989495]],[[-0.604864,-0.783681,-0.141361],[-0.0845803,0.239735,-0.967147],[-0.791824,0.573036,0.211291]],[[-0.604864,-0.783681,-0.141361],[0.582067,-0.313952,-0.750088],[-0.54345,0.535983,-0.646053]]],"btipPosition":[65.0748,149.136,-27.0334],"carpPosition":[68.2989,138.273,42.5217],"dipPosition":[55.7745,158.309,-38.0896],"direction":[0.791824,-0.573036,-0.211291],"extended":false,"handId":421,"id":4214,"length":50.1491,"mcpPosition":[38.2175,164.853,0.750723],"pipPosition":[40.3983,169.436,-33.9865],"stabilizedTipPosition":[66.5475,148.013,-29.5337],"timeVisible":0.125967,"tipPosition":[60.3871,155.472,-33.3411],"tipVelocity":[-246.999,471.767,-380.403],"tool":false,"touchDistance":0.843564,"touchZone":"hovering","type":4,"width":16.928}],"r":[[0.407044,-0.889073,-0.20944],[0.711538,0.452412,-0.537621],[0.572738,0.0698106,0.816761]],"s":0.786765,"t":[-20.0459,34.2119,-24.7021],"timestamp":262257047181},{"currentFrameRate":33.4807,"devices":[],"gestures":[],"hands":[{"armBasis":[[-0.888165,-0.451148,0.0873403],[-0.445984,0.892081,0.0727338],[0.110728,-0.0256472,0.99352]],"armWidth":66.0613,"confidence":0.645018,"direction":[-0.313009,0.719542,-0.619907],"elbow":[116.825,129.369,327.833],"grabAngle":2.48158,"grabStrength":0,"id":421,"palmNormal":[0.318507,-0.535381,-0.782254],"palmPosition":[73.2516,184.968,4.41583],"palmVelocity":[-105.967,447.153,-236.347],"palmWidth":90.6579,"pinchDistance":51.5639,"pinchStrength":1,"r":[[0.196145,-0.961088,-0.194516],[0.738747,0.275279,-0.615203],[0.644811,-0.023029,0.763995]],"s":0.753831,"sphereCenter":[69.8999,159.775,-50.57],"sphereRadius":53.9425,"stabilizedPalmPosition":[74.5782,180.686,6.94467],"t":[-22.888,42.1791,-29.49],"timeVisible":0.145542,"type":"left","wrist":[86.9549,136.288,59.8252]}],"id":238278,"interactionBox":{"center":[0,200,0],"size":[235.247,235.247,147.751]},"pointables":[{"bases":[[[-0.934603,-0.315205,-0.164809],[-0.33847,0.645695,0.684482],[0.109336,-0.695502,0.710157]],[[-0.904041,-0.424945,-0.0461747],[-0.399188,0.80071,0.446668],[0.152837,-0.422239,0.893507]],[[-0.904041,-0.424945,-0.0461747],[-0.427178,0.894359,0.132821],[0.0151451,-0.139801,0.990064]],[[-0.904041,-0.424945,-0.0461747],[-0.425567,0.904917,0.00411175],[-0.040037,-0.0233676,0.998925]]],"btipPosition":[80.9256,236.911,-86.6193],"carpPosition":[95.1406,164.179,44.2156],"dipPosition":[80.2467,236.515,-69.6822],"direction":[-0.0151451,0.139801,-0.990064],"extended":true,"handId":421,"id":4211,"length":58.3593,"mcpPosition":[87.1262,215.16,-7.83968],"pipPosition":[80.61,233.162,-45.9343],"stabilizedTipPosition":[76.9293,234.23,-78.3241],"timeVisible":0.145542,"tipPosition":[77.8531,242.065,-79.5937],"tipVelocity":[360.306,137.644,-268.503],"tool":false,"touchDistance":0.179706,"touchZone":"hovering","type":1,"width":20.3732},{"bases":[[[-0.706004,0.441286,0.553917],[0.699806,0.314576,0.641338],[-0.108764,-0.840422,0.530906]],[[-0.665871,0.612327,0.42623],[0.731494,0.423464,0.534411],[-0.146741,-0.667633,0.729885]],[[-0.665871,0.612327,0.42623],[0.708102,0.69862,0.102577],[0.234962,-0.370117,0.89878]],[[-0.665871,0.612327,0.42623],[0.556605,0.788146,-0.262712],[0.496797,-0.0623095,0.865627]]],"btipPosition":[99.7712,196.717,-50.7156],"carpPosition":[111.941,149.451,36.2009],"dipPosition":[111.309,195.27,-30.6112],"direction":[-0.234962,0.370117,-0.89878],"extended":false,"handId":421,"id":4210,"length":51.7191,"mcpPosition":[111.941,149.451,36.2009],"pipPosition":[119.26,182.747,-0.200335],"stabilizedTipPosition":[103.737,192.419,-43.304],"timeVisible":0.145542,"tipPosition":[98.671,194.134,-49.6416],"tipVelocity":[-72.7879,552.961,-168.807],"tool":false,"touchDistance":0.441907,"touchZone":"hovering","type":0,"width":21.3288},{"bas