{"frames":310,"data":[{"currentFrameRate":26.5361,"devices":[],"gestures":[],"hands":[],"id":238939,"interactionBox":{"center":[0,200,0],"size":[235.247,235.247,147.751]},"pointables":[],"r":[[-0.020113,-0.761857,-0.647433],[0.506356,0.550609,-0.663651],[0.86209,-0.34118,0.374696]],"s":-5.55733,"t":[884.858,792.664,758.259],"timestamp":262279497795},{"currentFrameRate":26.5126,"devices":[],"gestures":[],"hands":[],"id":238940,"interactionBox":{"center":[0,200,0],"size":[235.247,235.247,147.751]},"pointables":[],"r":[[-0.020113,-0.761857,-0.647433],[0.506356,0.550609,-0.663651],[0.86209,-0.34118,0.374696]],"s":-5.55733,"t":[884.858,792.664,758.259],"timestamp":262279535674},{"currentFrameRate":22.3692,"devices":[],"gestures":[],"hands":[],"id":238941,"interactionBox":{"center":[0,200,0],"size":[235.247,235.247,147.751]},"pointables":[],"r":[[-0.020113,-0.761857,-0.647433],[0.506356,0.550609,-0.663651],[0.86209,-0.34118,0.374696]],"s":-5.55733,"t":[884.858,792.664,758.259],"timestamp":262279610992},{"currentFrameRate":23.0818,"devices":[],"gestures":[],"hands":[],"id":238942,"interactionBox":{"center":[0,200,0],"size":[235.247,235.247,147.751]},"pointables":[],"r":[[-0.020113,-0.761857,-0.647433],[0.506356,0.550609,-0.663651],[0.86209,-0.34118,0.374696]],"s":-5.55733,"t":[884.858,792.664,758.259],"timestamp":262279648709},{"currentFrameRate":23.669,"devices":[],"gestures":[],"hands":[],"id":238943,"interactionBox":{"center":[0,200,0],"size":[235.247,235.247,147.751]},"pointables":[],"r":[[-0.020113,-0.761857,-0.647433],[0.506356,0.550609,-0.663651],[0.86209,-0.34118,0.374696]],"s":-5.55733,"t":[884.858,792.664,758.259],"timestamp":262279686452},{"currentFrameRate":24.156,"devices":[],"gestures":[],"hands":[],"id":238944,"interactionBox":{"center":[0,200,0],"size":[235.247,235.247,147.751]},"pointables":[],"r":[[-0.020113,-0.761857,-0.647433],[0.506356,0.550609,-0.663651],[0.86209,-0.34118,0.374696]],"s":-5.55733,"t":[884.858,792.664,758.259],"timestamp":262279724188},{"currentFrameRate":24.5577,"devices":[],"gestures":[],"hands":[],"id":238945,"interactionBox":{"center":[0,200,0],"size":[235.247,235.247,147.751]},"pointables":[],"r":[[-0.020113,-0.761857,-0.647433],[0.506356,0.550609,-0.663651],[0.86209,-0.34118,0.374696]],"s":-5.55733,"t":[884.858,792.664,758.259],"timestamp":262279761937},{"currentFrameRate":24.908,"devices":[],"gestures":[],"hands":[],"id":238946,"interactionBox":{"center":[0,200,0],"size":[235.247,235.247,147.751]},"pointables":[],"r":[[-0.020113,-0.761857,-0.647433],[0.506356,0.550609,-0.663651],[0.86209,-0.34118,0.374696]],"s":-5.55733,"t":[884.858,792.664,758.259],"timestamp":262279799528},{"currentFrameRate":25.176,"devices":[],"gestures":[],"hands":[],"id":238947,"interactionBox":{"center":[0,200,0],"size":[235.247,235.247,147.751]},"pointables":[],"r":[[-0.020113,-0.761857,-0.647433],[0.506356,0.550609,-0.663651],[0.86209,-0.34118,0.374696]],"s":-5.55733,"t":[884.858,792.664,758.259],"timestamp":262279837315},{"currentFrameRate":25.4115,"devices":[],"gestures":[],"hands":[],"id":238948,"interactionBox":{"center":[0,200,0],"size":[235.247,235.247,147.751]},"pointables":[],"r":[[-0.020113,-0.761857,-0.647433],[0.506356,0.550609,-0.663651],[0.86209,-0.34118,0.374696]],"s":-5.55733,"t":[884.858,792.664,758.259],"timestamp":262279874983},{"currentFrameRate":25.5721,"devices":[],"gestures":[],"hands":[],"id":238949,"interactionBox":{"center":[0,200,0],"size":[235.247,235.247,147.751]},"pointables":[],"r":[[-0.020113,-0.761857,-0.647433],[0.506356,0.550609,-0.663651],[0.86209,-0.34118,0.374696]],"s":-5.55733,"t":[884.858,792.664,758.259],"timestamp":262279912948},{"currentFrameRate":19.9843,"devices":[],"gestures":[],"hands":[],"id":238950,"interactionBox":{"center":[0,200,0],"size":[235.247,235.247,147.751]},"pointables":[],"r":[[-0.020113,-0.761857,-0.647433],[0.506356,0.550609,-0.663651],[0.86209,-0.34118,0.374696]],"s":-5.55733,"t":[884.858,792.664,758.259],"timestamp":262280007034},{"currentFrameRate":21.1046,"devices":[],"gestures":[],"hands":[],"id":238951,"interactionBox":{"center":[0,200,0],"size":[235.247,235.247,147.751]},"pointables":[],"r":[[-0.020113,-0.761857,-0.647433],[0.506356,0.550609,-0.663651],[0.86209,-0.34118,0.374696]],"s":-5.55733,"t":[884.858,792.664,758.259],"timestamp":262280044782},{"currentFrameRate":22.0055,"devices":[],"gestures":[],"hands":[],"id":238952,"interactionBox":{"center":[0,200,0],"size":[235.247,235.247,147.751]},"pointables":[],"r":[[-0.020113,-0.761857,-0.647433],[0.506356,0.550609,-0.663651],[0.86209,-0.34118,0.374696]],"s":-5.55733,"t":[884.858,792.664,758.259],"timestamp":262280082798},{"currentFrameRate":22.8023,"devices":[],"gestures":[],"hands":[],"id":238953,"interactionBox":{"center":[0,200,0],"size":[235.247,235.247,147.751]},"pointables":[],"r":[[-0.020113,-0.761857,-0.647433],[0.506356,0.550609,-0.663651],[0.86209,-0.34118,0.374696]],"s":-5.55733,"t":[884.858,792.664,758.259],"timestamp":262280120304},{"currentFrameRate":23.4391,"devices":[],"gestures":[],"hands":[],"id":238954,"interactionBox":{"center":[0,200,0],"size":[235.247,235.247,147.751]},"pointables":[],"r":[[-0.020113,-0.761857,-0.647433],[0.506356,0.550609,-0.663651],[0.86209,-0.34118,0.374696]],"s":-5.55733,"t":[884.858,792.664,758.259],"timestamp":262280158033},{"currentFrameRate":23.967,"devices":[],"gestures":[],"hands":[],"id":238955,"interactionBox":{"center":[0,200,0],"size":[235.247,235.247,147.751]},"pointables":[],"r":[[-0.020113,-0.761857,-0.647433],[0.506356,0.550609,-0.663651],[0.86209,-0.34118,0.374696]],"s":-5.55733,"t":[884.858,792.664,758.259],"timestamp":262280195756},{"currentFrameRate":24.3978,"devices":[],"gestures":[],"hands":[{"armBasis":[[-0.707685,-0.588147,0.391491],[0.438007,-0.799992,-0.410076],[0.554375,-0.118729,0.823755]],"armWidth":62.7876,"confidence":0,"direction":[-0.134967,0.762618,-0.632611],"elbow":[203.688,95.2099,297.274],"grabAngle":0.121483,"grabStrength":0,"id":422,"palmNormal":[-0.419544,0.534413,0.733748],"palmPosition":[45.9836,182.603,32.5609],"palmVelocity":[1.19209e-7,1.19209e-7,1.19209e-7],"palmWidth":89.6585,"pinchDistance":62.8986,"pinchStrength":0,"r":[[1,8.32667e-18,8.32667e-18],[-8.32667e-18,1,-1.11022e-17],[-8.32667e-18,1.11022e-17,1]],"s":1,"sphereCenter":[67.4514,176.569,-57.2141],"sphereRadius":94.3851,"stabilizedPalmPosition":[45.9836,182.603,32.5609],"t":[0,0,0],"timeVisible":0,"type":"right","wrist":[56.1974,126.798,78.115]}],"id":238956,"interactionBox":{"center":[0,200,0],"size":[235.247,235.247,147.751]},"pointables":[{"bases":[[[-0.0122954,-0.475831,-0.879451],[0.962718,-0.243321,0.11819],[-0.270227,-0.84521,0.461083]],[[0.0275722,-0.346381,-0.937689],[0.987434,-0.136585,0.0794892],[-0.155608,-0.928097,0.338262]],[[0.0275722,-0.346381,-0.937689],[0.961039,0.267279,-0.0704737],[0.275035,-0.899212,0.340255]],[[0.0275722,-0.346381,-0.937689],[0.681806,0.692501,-0.235761],[0.731014,-0.632821,0.255258]]],"btipPosition":[50.9703,240.819,44.1843],"carpPosition":[69.4146,150.365,78.1404],"dipPosition":[67.8283,226.226,50.0708],"direction":[-0.275035,0.899212,-0.340255],"extended":false,"handId":422,"id":4220,"length":51.3537,"mcpPosition":[69.4146,150.365,78.1404],"pipPosition":[77.0686,196.015,61.5023],"stabilizedTipPosition":[54.8476,237.463,45.5382],"timeVisible":0,"tipPosition":[54.8476,237.463,45.5382],"tipVelocity":[1.19209e-7,1.19209e-7,1.19209e-7],"tool":false,"touchDistance":1,"touchZone":"none","type":0,"width":19.9537},{"bases":[[[-0.910514,-0.360888,0.201804],[0.0742445,-0.622829,-0.778827],[0.406759,-0.69415,0.593888]],[[-0.98864,-0.148318,0.0243645],[0.0616351,-0.547888,-0.834278],[0.137087,-0.823298,0.550806]],[[-0.98864,-0.148318,0.0243645],[0.0335857,-0.37599,-0.926015],[0.146506,-0.914677,0.3767]],[[-0.98864,-0.148318,0.0243645],[0.0204294,-0.293193,-0.955835],[0.148911,-0.944478,0.292892]]],"btipPosition":[0.700322,239.148,-14.734],"carpPosition":[34.0703,137.132,50.6245],"dipPosition":[3.22951,223.106,-9.75934],"direction":[-0.146506,0.914677,-0.3767],"extended":true,"handId":422,"id":4224,"length":49.7716,"mcpPosition":[10.8294,176.793,16.6917],"pipPosition":[6.05305,205.478,-2.49936],"stabilizedTipPosition":[1.28204,235.458,-13.5898],"timeVisible":0,"tipPosition":[1.28204,235.458,-13.5898],"tipVelocity":[1.19209e-7,1.19209e-7,1.19209e-7],"tool":false,"touchDistance":1,"touchZone":"none","type":4,"width":15.8225},{"bases":[[[-0.907563,-0.231221,-0.350522],[0.417522,-0.407902,-0.811967],[0.044765,-0.883263,0.466737]],[[-0.831003,-0.532876,-0.159614],[0.505907,-0.604688,-0.615151],[0.231283,-0.591943,0.772083]],[[-0.831003,-0.532876,-0.159614],[0.455064,-0.486205,-0.746004],[0.319923,-0.692566,0.64653]],[[-0.831003,-0.532876,-0.159614],[0.433671,-0.440915,-0.785827],[0.348372,-0.722244,0.597494]]],"btipPosition":[42.4204,262.956,-36.6143],"carpPosition":[68.9411,145.213,55.3634],"dipPosition":[48.2854,250.797,-26.5551],"direction":[-0.319923,0.692566,-0.64653],"extended":true,"handId":422,"id":4221,"length":57.947,"mcpPosition":[65.696,209.243,21.5282],"pipPosition":[55.9049,234.302,-11.1569],"stabilizedTipPosition":[43.7693,260.16,-34.3007],"timeVisible":0,"tipPosition":[43.7693,260.16,-34.3007],"tipVelocity":[1.19209e-7,1.19209e-7,1.19209e-7],"tool":false,"touchDistance":1,"touchZone":"none","type":1,"width":19.0597},{"bases":[[[-0.950962,-0.275479,-0.140651],[0.258959,-0.460413,-0.849094],[0.16915,-0.843879,0.509173]],[[-0.943328,-0.309444,-0.119905],[0.283071,-0.561694,-0.777413],[0.173215,-0.767297,0.617456]],[[-0.943328,-0.309444,-0.119905],[0.264647,-0.48344,-0.834415],[0.200237,-0.818859,0.537936]],[[-0.943328,-0.309444,-0.119905],[0.260261,-0.465644,-0.845837],[0.205906,-0.829108,0.519791]]],"btipPosition":[29.4435,275.02,-39.505],"carpPosition":[58.7224,142.266,49.5233],"dipPosition":[33.2562,259.668,-29.8801],"direction":[-0.200237,0.818859,-0.537936],"extended":true,"handId":422,"id":4222,"length":66.0259,"mcpPosition":[47.0938,200.28,14.5192],"pipPosition":[38.8669,236.723,-14.8069],"stabilizedTipPosition":[30.3204,271.489,-37.2913],"timeVisible":0,"tipPosition":[30.3204,271.489,-37.2913],"tipVelocity":[1.19209e-7,1.19209e-7,1.19209e-7],"tool":false,"touchDistance":0.973964,"touchZone":"hovering","type":2,"width":18.7192},{"bases":[[[-0.932503,-0.361163,0.000222441],[0.195615,-0.505585,-0.840309],[0.303601,-0.783547,0.542108]],[[-0.977827,-0.165874,-0.127827],[0.19633,-0.513764,-0.835165],[0.0728593,-0.841743,0.534939]],[[-0.977827,-0.165874,-0.127827],[0.181516,-0.366943,-0.912362],[0.104432,-0.915335,0.388916]],[[-0.977827,-0.165874,-0.127827],[0.181516,-0.366943,-0.912362],[0.104432,-0.915335,0.388916]]],"btipPosition":[20.6399,266.48,-28.124],"carpPosition":[47.3602,139.221,46.6642],"dipPosition":[22.5626,249.628,-20.9638],"direction":[-0.104432,0.915335,-0.388916],"extended":true,"handId":422,"id":4223,"length":63.4857,"mcpPosition":[28.6209,187.584,13.2034],"pipPosition":[25.4132,224.643,-10.3477],"stabilizedTipPosition":[21.0821,262.604,-26.4771],"timeVisible":0,"tipPosition":[21.0821,262.604,-26.4771],"tipVelocity":[1.19209e-7,1.19209e-7,1.19209e-7],"tool":false,"touchDistance":1,"touchZone":"none","type":3,"width":17.8125}],"r":[[1,8.32667e-18,8.32667e-18],[-8.32667e-18,1,-1.11022e-17],[-8.32667e-18,1.11022e-17,1]],"s":1,"t":[0,0,0],"timestamp":262280233536},{"currentFrameRate":24.7609,"devices":[],"gestures":[],"hands":[{"armBasis":[[-0.635474,-0.716298,0.288253],[0.556164,-0.683601,-0.472622],[0.535588,-0.140023,0.83279]],"armWidth":65.6192,"confidence":0.196145,"direction":[-0.0976675,0.82926,-0.550263],"elbow":[199.901,88.9957,292.435],"grabAngle":0.47017,"grabStrength":0,"id":422,"palmNormal":[-0.55859,0.411925,0.719927],"palmPosition":[48.5478,186.401,31.5139],"palmVelocity":[67.9777,100.705,-27.7564],"palmWidth":89.6585,"pinchDistance":64.8149,"pinchStrength":0,"r":[[0.999477,0.0108796,0.0304472],[-0.0116119,0.999645,0.0239783],[-0.0301755,-0.0243193,0.999249]],"s":1.03313,"sphereCenter":[27.8414,220.593,18.5097],"sphereRadius":52.3266,"stabilizedPalmPosition":[46.2548,183.004,32.4502],"t":[1.28213,1.8994,-0.523513],"timeVisible":0.037722,"type":"right","wrist":[57.4082,126.249,70.8717]}],"id":238957,"interactionBox":{"center":[0,200,0],"size":[235.247,235.247,147.751]},"pointables":[{"bases":[[[0.149116,-0.358601,-0.921504],[0.950813,-0.203891,0.233202],[-0.271513,-0.910952,0.310559]],[[0.190522,-0.208679,-0.959247],[0.940416,-0.241539,0.239327],[-0.281638,-0.947688,0.150226]],[[0.190522,-0.208679,-0.959247],[0.948383,0.291472,0.124956],[0.253517,-0.93354,0.253439]],[[0.190522,-0.208679,-0.959247],[0.646308,0.762158,-0.0374356],[0.738909,-0.612837,0.280078]]],"btipPosition":[55.6207,242.231,53.5096],"carpPosition":[67.4583,149.883,75.9505],"dipPosition":[72.7495,228.025,60.0022],"direction":[-0.253517,0.93354,-0.253439],"extended":false,"handId":422,"id":4220,"length":51.6212,"mcpPosition":[67.4583,149.883,75.9505],"pipPosition":[81.3112,196.497,68.5613],"stabilizedTipPosition":[55.0025,237.512,45.8493],"timeVisible":0.037722,"tipPosition":[54.8045,239.297,53.3251],"tipVelocity":[124.933,39.7831,250.908],"tool":false,"touchDistance":1,"touchZone":"none","type":0,"width":21.2486},{"bases":[[[-0.898198,-0.30629,-0.315321],[0.411324,-0.332518,-0.848672],[0.15509,-0.891974,0.424651]],[[-0.893476,-0.331278,-0.303242],[0.428379,-0.425855,-0.796956],[0.134877,-0.841964,0.522403]],[[-0.893476,-0.331278,-0.303242],[0.394644,-0.256829,-0.88221],[0.214375,-0.907906,0.360207]],[[-0.893476,-0.331278,-0.303242],[0.350327,-0.0916021,-0.932137],[0.281019,-0.939076,0.1979]]],"btipPosition":[33.2451,289.538,-22.6816],"carpPosition":[61.6154,144.968,45.282],"dipPosition":[38.4759,272.058,-18.998],"direction":[-0.214375,0.907906,-0.360207],"extended":true,"handId":422,"id":4222,"length":66.3698,"mcpPosition":[50.9534,206.289,16.0885],"pipPosition":[44.514,246.486,-8.8523],"stabilizedTipPosition":[31.945,277.01,-31.2079],"timeVisible":0.037722,"tipPosition":[35.8075,283.71,-26.0931],"tipVelocity":[109.427,371.891,409.759],"tool":false,"touchDistance":1,"touchZone":"none","type":2,"width":19.934},{"bases":[[[-0.89402,-0.408269,-0.184513],[0.350835,-0.381816,-0.855062],[0.278645,-0.829176,0.484586]],[[-0.915278,-0.332825,-0.226924],[0.334779,-0.31519,-0.888019],[0.224031,-0.888753,0.39991]],[[-0.915278,-0.332825,-0.226924],[0.220817,0.0566059,-0.973671],[0.336907,-0.941288,0.0216834]],[[-0.915278,-0.332825,-0.226924],[0.0965051,0.365756,-0.925694],[0.391093,-0.869166,-0.302649]]],"btipPosition":[7.43976,274.129,-2.21481],"carpPosition":[51.0353,141.705,40.3875],"dipPosition":[14.6775,258.044,-7.81578],"direction":[-0.336907,0.941288,-0.0216834],"extended":true,"handId":422,"id":4223,"length":63.8164,"mcpPosition":[33.8364,192.884,10.4772],"pipPosition":[23.9219,232.216,-7.22081],"stabilizedTipPosition":[17.8346,264.726,-20.2482],"timeVisible":0.037722,"tipPosition":[13.6037,270.798,-7.90265],"tipVelocity":[-317.525,207.442,609.037],"tool":false,"touchDistance":1,"touchZone":"none","type":3,"width":18.9685},{"bases":[[[-0.828379,-0.233089,-0.50937],[0.558643,-0.276694,-0.781894],[0.041311,-0.932261,0.359421]],[[-0.798555,-0.434167,-0.416905],[0.599445,-0.510854,-0.616193],[0.054553,-0.741975,0.668204]],[[-0.798555,-0.434167,-0.416905],[0.588557,-0.418061,-0.691973],[0.12614,-0.79795,0.589376]],[[-0.798555,-0.434167,-0.416905],[0.556764,-0.269574,-0.785712],[0.228743,-0.859552,0.456998]]],"btipPosition":[58.4378,280.495,-23.4185],"carpPosition":[70.645,147.689,52.916],"dipPosition":[62.3089,265.949,-15.6846],"direction":[-0.12614,0.79795,-0.589376],"extended":true,"handId":422,"id":4221,"length":58.2488,"mcpPosition":[67.6502,215.271,26.8604],"pipPosition":[65.3288,246.845,-1.57447],"stabilizedTipPosition":[57.1233,274.742,-23.4338],"timeVisible":0.037722,"tipPosition":[54.7542,274.369,-23.4395],"tipVelocity":[412.46,450.399,335.64],"tool":false,"touchDistance":1,"touchZone":"none","type":1,"width":20.2967},{"bases":[[[-0.901357,-0.432756,0.016647],[0.230742,-0.512414,-0.827158],[0.366488,-0.741724,0.561723]],[[-0.96849,-0.202841,-0.14451],[0.221854,-0.438974,-0.870679],[0.113173,-0.875304,0.470143]],[[-0.96849,-0.202841,-0.14451],[0.157707,-0.0503936,-0.986199],[0.192759,-0.977914,0.0807951]],[[-0.96849,-0.202841,-0.14451],[0.0948375,0.236159,-0.967075],[0.23029,-0.950308,-0.20948]]],"btipPosition":[4.93185,246.609,-4.54457],"carpPosition":[37.5015,138.404,42.0051],"dipPosition":[8.8636,230.385,-8.12104],"direction":[-0.192759,0.977914,-0.0807951],"extended":true,"handId":422,"id":4224,"length":50.0309,"mcpPosition":[16.5616,180.784,9.91015],"pipPosition":[12.5979,211.44,-6.5558],"stabilizedTipPosition":[2.08168,236.761,-12.146],"timeVisible":0.037722,"tipPosition":[6.63193,242.521,-10.4553],"tipVelocity":[120.728,196.686,217.98],"tool":false,"touchDistance":1,"touchZone":"none","type":4,"width":16.8493}],"r":[[0.999477,0.0108796,0.0304472],[-0.0116119,0.999645,0.0239783],[-0.0301755,-0.0243193,0.999249]],"s":1.03313,"t":[1.28213,1.8994,-0.523513],"timestamp":262280271258},{"currentFrameRate":26.0522,"devices":[],"gestures":[],"hands":[{"armBasis":[[-0.691058,-0.654655,0.306376],[0.488376,-0.735388,-0.469779],[0.532848,-0.175018,0.827914]],"armWidth":65.6192,"confidence":0.338562,"direction":[-0.126152,0.821912,-0.555469],"elbow":[200.897,85.8581,291.803],"grabAngle":0.516712,"grabStrength":0,"id":422,"palmNormal":[-0.478272,0.440176,0.759935],"palmPosition":[49.2406,192.352,31.6446],"palmVelocity":[23.7356,203.876,4.47877],"palmWidth":89.6585,"pinchDistance":66.3205,"pinchStrength":0,"r":[[0.999242,0.0134486,0.0365319],[-0.0148755,0.999126,0.0390731],[-0.0359745,-0.0395869,0.998568]],"s":1.05561,"sphereCenter":[13.8026,236.194,48.0374],"sphereRadius":66.2718,"stabilizedPalmPosition":[47.1219,185.719,32.2162],"t":[2.26955,5.82416,-0.719912],"timeVisible":0.066907,"type":"right","wrist":[59.1335,132.421,71.537]}],"id":238958,"interactionBox":{"center":[0,200,0],"size":[235.247,235.247,147.751]},"pointables":[{"bases":[[[0.0534384,-0.378803,-0.923933],[0.962572,-0.226657,0.1486],[-0.265706,-0.897293,0.352513]],[[0.105393,-0.192099,-0.9757],[0.950864,-0.267766,0.155429],[-0.291117,-0.944139,0.154439]],[[0.105393,-0.192099,-0.9757],[0.946864,0.319207,0.0394321],[0.303875,-0.928011,0.215534]],[[0.105393,-0.192099,-0.9757],[0.643055,0.76158,-0.0804807],[0.758533,-0.618946,0.203795]]],"btipPosition":[57.6836,248.225,55.2738],"carpPosition":[71.2105,156.097,74.8734],"dipPosition":[75.2673,233.877,59.998],"direction":[-0.303875,0.928011,-0.215534],"extended":false,"handId":422,"id":4220,"length":51.6212,"mcpPosition":[71.2105,156.097,74.8734],"pipPosition":[85.5297,202.537,67.277],"stabilizedTipPosition":[56.0136,238.627,47.4296],"timeVisible":0.066907,"tipPosition":[59.5322,245.312,52.7583],"tipVelocity":[74.2679,204.271,46.5118],"tool":false,"touchDistance":1,"touchZone":"none","type":0,"width":21.2486},{"bases":[[[-0.877947,-0.2184,-0.426041],[0.47618,-0.306109,-0.824348],[0.0496222,-0.926606,0.372745]],[[-0.844798,-0.419445,-0.332238],[0.519316,-0.493083,-0.697983],[0.128944,-0.762191,0.63438]],[[-0.844798,-0.419445,-0.332238],[0.503849,-0.414529,-0.757827],[0.180144,-0.807609,0.56153]],[[-0.844798,-0.419445,-0.332238],[0.47476,-0.301162,-0.826985],[0.246817,-0.856369,0.453557]]],"btipPosition":[54.6141,286.843,-23.4441],"carpPosition":[72.1883,153.409,51.692],"dipPosition":[58.7911,272.351,-15.7684],"direction":[-0.180144,0.807609,-0.56153],"extended":true,"handId":422,"id":4221,"length":58.2488,"mcpPosition":[68.591,220.582,24.6706],"pipPosition":[63.1039,253.016,-2.32498],"stabilizedTipPosition":[55.7072,282.761,-21.8287],"timeVisible":0.066907,"tipPosition":[53.25,280.011,-24.6548],"tipVelocity":[-128.603,217.939,-1.33674],"tool":false,"touchDistance":1,"touchZone":"none","type":1,"width":20.2967},{"bases":[[[-0.931398,-0.286174,-0.224949],[0.321871,-0.358895,-0.876124],[0.169991,-0.888425,0.426385]],[[-0.926845,-0.308351,-0.214192],[0.322993,-0.364026,-0.873591],[0.191401,-0.878866,0.436991]],[[-0.926845,-0.308351,-0.214192],[0.27098,-0.154541,-0.950098],[0.259862,-0.938636,0.226793]],[[-0.926845,-0.308351,-0.214192],[0.205247,0.0615692,-0.976772],[0.314376,-0.949278,0.00622293]]],"btipPosition":[28.4253,297.955,-11.7002],"carpPosition":[62.4206,150.812,44.9793],"dipPosition":[34.2769,280.286,-11.5843],"direction":[-0.259862,0.938636,-0.226793],"extended":true,"handId":422,"id":4222,"length":66.3698,"mcpPosition":[50.7342,211.889,15.6666],"pipPosition":[41.5963,253.848,-5.19643],"stabilizedTipPosition":[31.1572,283.128,-24.1282],"timeVisible":0.066907,"tipPosition":[31.8319,291.373,-19.2327],"tipVelocity":[-160.254,286.916,348.153],"tool":false,"touchDistance":1,"touchZone":"none","type":2,"width":19.934},{"bases":[[[-0.917827,-0.385919,-0.0930612],[0.259759,-0.406561,-0.875918],[0.300199,-0.828115,0.473399]],[[-0.936764,-0.32637,-0.126317],[0.233338,-0.313481,-0.92048],[0.260819,-0.891747,0.369812]],[[-0.936764,-0.32637,-0.126317],[0.103829,0.0855052,-0.990913],[0.334205,-0.941367,-0.0462117]],[[-0.936764,-0.32637,-0.126317],[0.00558204,0.346964,-0.937862],[0.349918,-0.87926,-0.323202]]],"btipPosition":[5.63138,280.445,2.81109],"carpPosition":[51.3492,147.765,41.1476],"dipPosition":[12.1071,264.173,-3.17024],"direction":[-0.334205,0.941367,0.0462117],"extended":true,"handId":422,"id":4223,"length":63.8164,"mcpPosition":[32.8199,198.879,11.9278],"pipPosition":[21.2773,238.343,-4.43824],"stabilizedTipPosition":[14.7479,268.177,-14.0009],"timeVisible":0.066907,"tipPosition":[11.9245,276.944,-4.64386],"tipVelocity":[-67.9678,214.944,169.211],"tool":false,"touchDistance":0.333333,"touchZone":"none","type":3,"width":18.9685},{"bases":[[[-0.907132,-0.406654,0.10837],[0.139336,-0.533191,-0.834442],[0.397111,-0.741849,0.540336]],[[-0.977282,-0.209946,-0.0290363],[0.11783,-0.424319,-0.897814],[0.176172,-0.880838,0.439417]],[[-0.977282,-0.209946,-0.0290363],[0.0481482,-0.0865018,-0.995088],[0.206403,-0.973879,0.0946452]],[[-0.977282,-0.209946,-0.0290363],[-0.0151596,0.205891,-0.978458],[0.211402,-0.955789,-0.204396]]],"btipPosition":[1.47298,253.3,-0.534625],"carpPosition":[37.9406,144.878,44.0721],"dipPosition":[5.08225,236.982,-4.02428],"direction":[-0.206403,0.973879,-0.0946452],"extended":true,"handId":422,"id":4224,"length":50.0309,"mcpPosition":[15.251,187.265,13.1991],"pipPosition":[9.08089,218.115,-2.19073],"stabilizedTipPosition":[2.14768,240.572,-8.92447],"timeVisible":0.066907,"tipPosition":[4.67364,248.997,-6.43447],"tipVelocity":[-121.057,228.514,138.082],"tool":false,"touchDistance":1,"touchZone":"none","type":4,"width":16.8493}],"r":[[0.999242,0.0134486,0.0365319],[-0.0148755,0.999126,0.0390731],[-0.0359745,-0.0395869,0.998568]],"s":1.05561,"t":[2.26955,5.82416,-0.719912],"timestamp":262280300443},{"currentFrameRate":27.1067,"devices":[],"gestures":[],"hands":[{"armBasis":[[-0.721941,-0.628461,0.289547],[0.453297,-0.745701,-0.488315],[0.522802,-0.221284,0.823232]],"armWidth":65.6192,"confidence":0.469023,"direction":[-0.161346,0.818984,-0.550665],"elbow":[199.803,80.7922,289.508],"grabAngle":0.508483,"grabStrength":0,"id":422,"palmNormal":[-0.42463,0.446076,0.787849],"palmPosition":[49.1571,199.794,30.8416],"palmVelocity":[-2.8133,250.765,-27.0558],"palmWidth":89.6585,"pinchDistance":66.7017,"pinchStrength":0,"r":[[0.9995,0.0148838,0.0278901],[-0.0162687,0.998611,0.0501068],[-0.0271056,-0.0505355,0.998354]],"s":1.06922,"sphereCenter":[4.43537,249.24,68.8897],"sphereRadius":82.307,"stabilizedPalmPosition":[48.2758,193.699,31.4369],"t":[2.72152,11.5078,-1.21961],"timeVisible":0.096586,"type":"right","wrist":[60.7117,139.665,70.4884]}],"id":238959,"interactionBox":{"center":[0,200,0],"size":[235.247,235.247,147.751]},"pointables":[{"bases":[[[-0.010169,-0.384415,-0.923104],[0.969838,-0.228625,0.0845242],[-0.243537,-0.894402,0.375145]],[[0.0410816,-0.188492,-0.981215],[0.956232,-0.277332,0.0933111],[-0.289711,-0.942103,0.168849]],[[0.0410816,-0.188492,-0.981215],[0.950019,0.311545,-0.0200725],[0.309476,-0.931349,0.19187]],[[0.0410816,-0.188492,-0.981215],[0.654984,0.746684,-0.116015],[0.754525,-0.637914,0.154134]]],"btipPosition":[60.2166,256.311,54.3475],"carpPosition":[73.9089,163.731,72.7055],"dipPosition":[77.7074,241.523,57.9206],"direction":[-0.309476,0.931349,-0.19187],"extended":false,"handId":422,"id":4220,"length":51.6212,"mcpPosition":[73.9089,163.731,72.7055],"pipPosition":[88.1589,210.07,64.4003],"stabilizedTipPosition":[59.5966,244.848,50.8008],"timeVisible":0.096586,"tipPosition":[61.2447,252.852,51.2241],"tipVelocity":[84.6258,269.039,-40.1312],"tool":false,"touchDistance":1,"touchZone":"none","type":0,"width":21.2486},{"bases":[[[-0.905318,-0.218312,-0.364335],[0.418526,-0.312387,-0.85279],[0.0723608,-0.924529,0.374178]],[[-0.863649,-0.427391,-0.267297],[0.465218,-0.47157,-0.749129],[0.194122,-0.771336,0.606101]],[[-0.863649,-0.427391,-0.267297],[0.443484,-0.392108,-0.805961],[0.239652,-0.814609,0.528185]],[[-0.863649,-0.427391,-0.267297],[0.406421,-0.276666,-0.870792],[0.298217,-0.860693,0.412643]]],"btipPosition":[49.0184,294.817,-23.018],"carpPosition":[73.309,160.903,49.5279],"dipPosition":[54.0652,280.251,-16.0348],"direction":[-0.239652,0.814609,-0.528185],"extended":true,"handId":422,"id":4221,"length":58.2488,"mcpPosition":[68.0634,227.925,22.4025],"pipPosition":[59.8027,260.748,-3.38962],"stabilizedTipPosition":[50.3314,291.227,-21.4234],"timeVisible":0.096586,"tipPosition":[49.6743,287.841,-25.3383],"tipVelocity":[-181.8,268.08,8.99026],"tool":false,"touchDistance":0.990362,"touchZone":"hovering","type":1,"width":20.2967},{"bases":[[[-0.945213,-0.284738,-0.159679],[0.260933,-0.36502,-0.893686],[0.19618,-0.886389,0.419319]],[[-0.939468,-0.308974,-0.148102],[0.248605,-0.317229,-0.915184],[0.235786,-0.896605,0.374839]],[[-0.939468,-0.308974,-0.148102],[0.176166,-0.0648371,-0.982223],[0.293879,-0.948858,0.115343]],[[-0.939468,-0.308974,-0.148102],[0.0936395,0.184264,-0.978406],[0.329592,-0.93305,-0.144178]]],"btipPosition":[23.9468,306.131,-3.78054],"carpPosition":[63.1029,158.295,43.5073],"dipPosition":[30.0816,288.764,-6.46418],"direction":[-0.293879,0.948858,-0.115343],"extended":true,"handId":422,"id":4222,"length":66.3698,"mcpPosition":[49.6161,219.232,14.6803],"pipPosition":[38.3591,262.038,-3.2154],"stabilizedTipPosition":[28.4308,292.064,-14.8527],"timeVisible":0.096586,"tipPosition":[27.3944,299.892,-13.7899],"tipVelocity":[-148.704,277.82,245.148],"tool":false,"touchDistance":1,"touchZone":"none","type":2,"width":19.934},{"bases":[[[-0.923004,-0.383741,-0.0284047],[0.198856,-0.4125,-0.888988],[0.329424,-0.826188,0.457049]],[[-0.941717,-0.331577,-0.0567953],[0.16621,-0.311817,-0.935492],[0.292478,-0.890408,0.348755]],[[-0.941717,-0.331577,-0.0567953],[0.0628484,-0.00755185,-0.997995],[0.330483,-0.943398,0.0279508]],[[-0.941717,-0.331577,-0.0567953],[-0.0294758,0.249508,-0.967924],[0.335113,-0.909836,-0.24474]]],"btipPosition":[3.2432,288.382,0.56954],"carpPosition":[51.7899,155.258,40.452],"dipPosition":[9.44496,271.544,-3.95974],"direction":[-0.330483,0.943398,-0.0279508],"extended":true,"handId":422,"id":4223,"length":63.8164,"mcpPosition":[31.4567,206.253,12.2414],"pipPosition":[18.513,245.658,-3.1928],"stabilizedTipPosition":[9.14624,277.254,-6.48148],"timeVisible":0.096586,"tipPosition":[8.65553,284.328,-2.76185],"tipVelocity":[-82.5902,263.035,-64.2736],"tool":false,"touchDistance":0.306885,"touchZone":"hovering","type":3,"width":18.9685},{"bases":[[[-0.898757,-0.403317,0.171964],[0.0811919,-0.538525,-0.838689],[0.430864,-0.739815,0.516749]],[[-0.972743,-0.226192,0.0510694],[0.0470124,-0.408033,-0.911756],[0.22707,-0.884503,0.407545]],[[-0.972743,-0.226192,0.0510694],[-0.0250666,-0.116374,-0.992889],[0.230527,-0.967106,0.107532]],[[-0.972743,-0.226192,0.0510694],[-0.0741217,0.0946197,-0.99275],[0.21972,-0.969476,-0.108806]]],"btipPosition":[-2.1856,260.965,0.269895],"carpPosition":[38.6026,152.429,44.2943],"dipPosition":[1.5657,244.413,-1.58776],"direction":[-0.230527,0.967106,-0.107532],"extended":true,"handId":422,"id":4224,"length":50.0309,"mcpPosition":[13.9844,194.699,14.769],"pipPosition":[6.03169,225.678,0.495455],"stabilizedTipPosition":[0.125201,250.238,-3.81529],"timeVisible":0.096586,"tipPosition":[1.85707,256.436,-3.99329],"tipVelocity":[-122.171,256.455,39.7547],"tool":false,"touchDistance":1,"touchZone":"none","type":4,"width":16.8493}],"r":[[0.9995,0.0148838,0.0278901],[-0.0162687,0.998611,0.0501068],[-0.0271056,-0.0505355,0.998354]],"s":1.06922,"t":[2.72152,11.5078,-1.21961],"timestamp":262280330122},{"currentFrameRate":30.5069,"devices":[],"gestures":[],"hands":[{"armBasis":[[-0.726715,-0.632311,0.268456],[0.45049,-0.733706,-0.508659],[0.518598,-0.248713,0.818045]],"armWidth":65.6192,"confidence":0.513527,"direction":[-0.169731,0.815905,-0.552712],"elbow":[199.394,76.0111,287.81],"grabAngle":0.485526,"grabStrength":0,"id":422,"palmNormal":[-0.417377,0.448551,0.790315],"palmPosition":[49.4724,202.381,30.485],"palmVelocity":[28.3038,232.184,-32.0103],"palmWidth":89.6585,"pinchDistance":65.676,"pinchStrength":0,"r":[[0.999683,0.0167153,0.0188033],[-0.0177814,0.998156,0.058038],[-0.0177985,-0.058354,0.998137]],"s":1.07442,"sphereCenter":[4.02185,251.33,68.5532],"sphereRadius":82.3882,"stabilizedPalmPosition":[48.6525,196.432,31.1372],"t":[3.10517,15.643,-1.64777],"timeVisible":0.107727,"type":"right","wrist":[61.4213,142.181,70.1701]}],"id":238960,"interactionBox":{"center":[0,200,0],"size":[235.247,235.247,147.751]},"pointables":[{"bases":[[[-0.0190436,-0.388794,-0.921128],[0.97137,-0.225404,0.075057],[-0.236807,-0.893327,0.381955]],[[0.0288839,-0.201541,-0.979054],[0.965479,-0.24804,0.079543],[-0.258876,-0.947554,0.187419]],[[0.0288839,-0.201541,-0.979054],[0.945496,0.32333,-0.0386643],[0.32435,-0.924575,0.199895]],[[0.0288839,-0.201541,-0.979054],[0.646791,0.750549,-0.135421],[0.762121,-0.629332,0.152033]]],"btipPosition":[58.896,259.008,52.7524],"carpPosition":[74.7834,166.588,72.2461],"dipPosition":[76.5629,244.42,56.2767],"direction":[-0.32435,0.924575,-0.199895],"extended":false,"handId":422,"id":4220,"length":51.6212,"mcpPosition":[74.7834,166.588,72.2461],"pipPosition":[87.5168,213.195,63.0275],"stabilizedTipPosition":[60.3558,247.287,51.4244],"timeVisible":0.107727,"tipPosition":[61.7741,255.579,50.8332],"tipVelocity":[-114.895,246.201,-144.18],"tool":false,"touchDistance":1,"touchZone":"none","type":0,"width":21.2486},{"bases":[[[-0.908566,-0.222659,-0.353455],[0.410174,-0.315188,-0.855812],[0.0791497,-0.922539,0.377699]],[[-0.865083,-0.431584,-0.255669],[0.460183,-0.479931,-0.746926],[0.199657,-0.763807,0.613788]],[[-0.865083,-0.431584,-0.255669],[0.439639,-0.406881,-0.800728],[0.241554,-0.805098,0.541727]],[[-0.865083,-0.431584,-0.255669],[0.408407,-0.310034,-0.858535],[0.291264,-0.847121,0.444467]]],"btipPosition":[48.9944,296.64,-24.9011],"carpPosition":[73.9406,163.649,49.0899],"dipPosition":[53.9235,282.304,-17.3793],"direction":[-0.241554,0.805098,-0.541727],"extended":true,"handId":422,"id":4221,"length":58.2488,"mcpPosition":[68.2028,230.526,21.7094],"pipPosition":[59.7065,263.03,-4.40991],"stabilizedTipPosition":[50.1991,292.604,-22.5606],"timeVisible":0.107727,"tipPosition":[49.193,290.394,-25.8957],"tipVelocity":[-4.58799,168.438,-157.905],"tool":false,"touchDistance":0.898271,"touchZone":"hovering","type":1,"width":20.2967},{"bases":[[[-0.946043,-0.288235,-0.148068],[0.252303,-0.368472,-0.894747],[0.203338,-0.883827,0.421313]],[[-0.9392,-0.315812,-0.134782],[0.236856,-0.311673,-0.920195],[0.248601,-0.896171,0.367526]],[[-0.9392,-0.315812,-0.134782],[0.14841,-0.0193877,-0.988736],[0.309642,-0.948624,0.0650785]],[[-0.9392,-0.315812,-0.134782],[0.0614247,0.231666,-0.970854],[0.337832,-0.920105,-0.198182]]],"btipPosition":[22.8201,308.374,-1.46198],"carpPosition":[63.6775,160.983,43.1928],"dipPosition":[29.1083,291.248,-5.15084],"direction":[-0.309642,0.948624,-0.0650785],"extended":true,"handId":422,"id":4222,"length":66.3698,"mcpPosition":[49.6986,221.743,14.2288],"pipPosition":[37.8298,264.529,-3.31783],"stabilizedTipPosition":[27.5359,294.723,-12.1575],"timeVisible":0.107727,"tipPosition":[26.5138,302.553,-12.487],"tipVelocity":[-97.9621,206.327,187.358],"tool":false,"touchDistance":1,"touchZone":"none","type":2,"width":19.934},{"bases":[[[-0.922118,-0.386553,-0.0165806],[0.190421,-0.41611,-0.889153],[0.336805,-0.823061,0.45731]],[[-0.944526,-0.324546,-0.0503979],[0.159216,-0.318243,-0.934544],[0.287263,-0.890725,0.352262]],[[-0.944526,-0.324546,-0.0503979],[0.0610649,-0.0227599,-0.997874],[0.322709,-0.945596,0.0413156]],[[-0.944526,-0.324546,-0.0503979],[-0.0185352,0.205877,-0.978402],[0.327912,-0.923193,-0.200472]]],"btipPosition":[3.91617,291.151,-0.964999],"carpPosition":[52.341,157.899,40.2748],"dipPosition":[9.98467,274.066,-4.67503],"direction":[-0.322709,0.945596,-0.0413156],"extended":true,"handId":422,"id":4223,"length":63.8164,"mcpPosition":[31.5523,208.701,12.048],"pipPosition":[18.8394,248.12,-3.54138],"stabilizedTipPosition":[8.02645,280.165,-5.11962],"timeVisible":0.107727,"tipPosition":[8.08571,286.689,-2.95997],"tipVelocity":[57.6539,243.437,-120.825],"tool":false,"touchDistance":0.29027,"touchZone":"hovering","type":3,"width":18.9685},{"bases":[[[-0.895642,-0.405112,0.183603],[0.0736831,-0.542237,-0.836988],[0.438631,-0.736113,0.5155]],[[-0.974905,-0.215952,0.0540787],[0.0415306,-0.415079,-0.908837],[0.218712,-0.883784,0.413631]],[[-0.974905,-0.215952,0.0540787],[-0.0220348,-0.148121,-0.988724],[0.221527,-0.965104,0.139646]],[[-0.974905,-0.215952,0.0540787],[-0.0611479,0.0261837,-0.997785],[0.214058,-0.976053,-0.0387316]]],"btipPosition":[-1.46355,263.422,-1.71145],"carpPosition":[39.2046,155.049,44.2733],"dipPosition":[2.19106,246.758,-2.37272],"direction":[-0.221527,0.965104,-0.139646],"extended":true,"handId":422,"id":4224,"length":50.0309,"mcpPosition":[14.1427,197.108,14.8194],"pipPosition":[6.48271,228.061,0.332638],"stabilizedTipPosition":[-0.0851825,252.868,-3.26648],"timeVisible":0.107727,"tipPosition":[1.37985,258.817,-3.85099],"tipVelocity":[62.8137,218.223,-153.144],"tool":false,"touchDistance":1,"touchZone":"none","type":4,"width":16.8493}],"r":[[0.999683,0.0167153,0.0188033],[-0.0177814,0.998156,0.058038],[-0.0177985,-0.058354,0.998137]],"s":1.07442,"t":[3.10517,15.643,-1.64777],"timestamp":262280341263},{"currentFrameRate":33.6728,"devices":[],"gestures":[],"hands":[{"armBasis":[[-0.735746,-0.62939,0.250093],[0.441135,-0.725555,-0.528176],[0.513884,-0.278279,0.81147]],"armWidth":65.6192,"confidence":0.556558,"direction":[-0.181147,0.812182,-0.554568],"elbow":[198.911,70.2818,285.742],"grabAngle":0.465467,"grabStrength":0,"id":422,"palmNormal":[-0.402559,0.453257,0.795302],"palmPosition":[49.7152,204.561,30.1104],"palmVelocity":[21.203,190.368,-32.7141],"palmWidth":89.6585,"pinchDistance":65.2423,"pinchStrength":0,"r":[[0.999801,0.0184385,0.00767789],[-0.0188872,0.997824,0.0631776],[-0.00649628,-0.06331,0.997973]],"s":1.07661,"sphereCenter":[3.79962,254.028,70.517],"sphereRadius":83.9884,"stabilizedPalmPosition":[49.022,199.259,30.7802],"t":[3.41839,18.8005,-2.04915],"timeVisible":0.119178,"type":"right","wrist":[62.1922,144.318,69.8512]}],"id":238961,"interactionBox":{"center":[0,200,0],"size":[235.247,235.247,147.751]},"pointables":[{"bases":[[[-0.0363555,-0.394727,-0.918079],[0.97286,-0.224057,0.0578086],[-0.228521,-0.89106,0.39216]],[[0.00964873,-0.210329,-0.977583],[0.97017,-0.234855,0.0601052],[-0.242232,-0.949002,0.201789]],[[0.00964873,-0.210329,-0.977583],[0.942498,0.328527,-0.0613809],[0.334072,-0.920778,0.201405]],[[0.00964873,-0.210329,-0.977583],[0.640855,0.751764,-0.155419],[0.767601,-0.62499,0.142044]]],"btipPosition":[58.6989,261.322,51.5858],"carpPosition":[75.8604,169.059,71.6058],"dipPosition":[76.4929,246.834,54.8786],"direction":[-0.334073,0.920778,-0.201405],"extended":false,"handId":422,"id":4220,"length":51.6212,"mcpPosition":[75.8604,169.059,71.6058],"pipPosition":[87.7751,215.738,61.6804],"stabilizedTipPosition":[60.9537,249.914,51.6499],"timeVisible":0.119178,"tipPosition":[62.3754,257.904,50.0069],"tipVelocity":[-14.6594,204.1,-106.529],"tool":false,"touchDistance":1,"touchZone":"none","type":0,"width":21.2486},{"bases":[[[-0.914968,-0.225731,-0.334483],[0.393964,-0.320324,-0.861501],[0.0873249,-0.920021,0.382016]],[[-0.869592,-0.43345,-0.236498],[0.446143,-0.484491,-0.752479],[0.21158,-0.759862,0.61469]],[[-0.869592,-0.43345,-0.236498],[0.424886,-0.412847,-0.805624],[0.25156,-0.801048,0.543175]],[[-0.869592,-0.43345,-0.236498],[0.395566,-0.324868,-0.859062],[0.295529,-0.840584,0.453961]]],"btipPosition":[48.2175,298.404,-26.0483],"carpPosition":[74.5755,165.971,48.4894],"dipPosition":[53.2189,284.179,-18.3658],"direction":[-0.25156,0.801048,-0.543175],"extended":true,"handId":422,"id":4221,"length":58.2488,"mcpPosition":[68.245,232.666,20.7958],"pipPosition":[59.2414,265.001,-5.36182],"stabilizedTipPosition":[49.6642,294.231,-23.668],"timeVisible":0.119178,"tipPosition":[48.2778,292.247,-26.7849],"tipVelocity":[-66.3893,156.264,-96.9588],"tool":false,"touchDistance":0.825123,"touchZone":"hovering","type":1,"width":20.2967},{"bases":[[[-0.948423,-0.290017,-0.127997],[0.235428,-0.373996,-0.897051],[0.21229,-0.880918,0.422985]],[[-0.94085,-0.319112,-0.113879],[0.215944,-0.305759,-0.927297],[0.261092,-0.897039,0.356584]],[[-0.94085,-0.319112,-0.113879],[0.11966,0.00150211,-0.992814],[0.31699,-0.947716,0.0367715]],[[-0.94085,-0.319112,-0.113879],[0.030583,0.254748,-0.966524],[0.33744,-0.912837,-0.22992]]],"btipPosition":[21.9349,310.33,-0.0513555],"carpPosition":[64.2036,163.258,42.8079],"dipPosition":[28.2158,293.339,-4.33097],"direction":[-0.31699,0.947716,-0.0367715],"extended":true,"handId":422,"id":4222,"length":66.3698,"mcpPosition":[49.6094,223.819,13.7289],"pipPosition":[37.1442,266.645,-3.29526],"stabilizedTipPosition":[26.5367,297.535,-9.48386],"timeVisible":0.119178,"tipPosition":[25.5617,304.654,-11.721],"tipVelocity":[-77.4536,173.508,111.322],"tool":false,"touchDistance":1,"touchZone":"none","type":2,"width":19.934},{"bases":[[[-0.921877,-0.387466,0.003634],[0.173713,-0.421652,-0.889962],[0.346363,-0.819804,0.456019]],[[-0.945948,-0.322763,-0.0317199],[0.141317,-0.322175,-0.936073],[0.291911,-0.889959,0.350373]],[[-0.945948,-0.322763,-0.0317199],[0.047854,-0.0421738,-0.997964],[0.320768,-0.94554,0.0553397]],[[-0.945948,-0.322763,-0.0317199],[-0.0190762,0.153009,-0.988041],[0.323757,-0.93403,-0.150896]]],"btipPosition":[3.72597,293.361,-2.25047],"carpPosition":[52.8163,160.145,40.1283],"dipPosition":[9.71757,276.076,-5.04302],"direction":[-0.320768,0.94554,-0.0553397],"extended":true,"handId":422,"id":4223,"length":63.8164,"mcpPosition":[31.4376,210.746,11.9812],"pipPosition":[18.5191,250.131,-3.52456],"stabilizedTipPosition":[7.10892,283.06,-4.42047],"timeVisible":0.119178,"tipPosition":[7.44132,288.667,-3.06064],"tipVelocity":[-18.1546,189.006,-93.8302],"tool":false,"touchDistance":0.27633,"touchZone":"hovering","type":3,"width":18.9685},{"bases":[[[-0.891538,-0.404714,0.203386],[0.058126,-0.547545,-0.834755],[0.4492,-0.732394,0.511681]],[[-0.974505,-0.21263,0.0716145],[0.0242472,-0.417121,-0.908527],[0.223053,-0.883628,0.411643]],[[-0.974505,-0.21263,0.0716145],[-0.0346572,-0.1727,-0.984365],[0.221674,-0.96175,0.160927]],[[-0.974505,-0.21263,0.0716145],[-0.0670117,-0.0287851,-0.997337],[0.214126,-0.976709,0.0138025]]],"btipPosition":[-1.66605,265.411,-2.60921],"carpPosition":[39.7621,157.31,44.3969],"dipPosition":[1.98972,248.736,-2.37356],"direction":[-0.221674,0.96175,-0.160927],"extended":true,"handId":422,"id":4224,"length":50.0309,"mcpPosition":[14.0962,199.156,15.1612],"pipPosition":[6.2842,230.104,0.744084],"stabilizedTipPosition":[-0.313001,255.548,-3.04746],"timeVisible":0.119178,"tipPosition":[0.810759,260.783,-3.59002],"tipVelocity":[-17.6608,173.452,-60.3851],"tool":false,"touchDistance":1,"touchZone":"none","type":4,"width":16.8493}],"r":[[0.999801,0.0184385,0.00767789],[-0.0188872,0.997824,0.0631776],[-0.00649628,-0.06331,0.997973]],"s":1.07661,