{"frames":224,"data":[{"currentFrameRate":26.5098,"devices":[],"gestures":[],"hands":[],"id":239489,"interactionBox":{"center":[0,200,0],"size":[235.247,235.247,147.751]},"pointables":[],"r":[[-0.020113,-0.761857,-0.647433],[0.506356,0.550609,-0.663651],[0.86209,-0.34118,0.374696]],"s":-5.55733,"t":[884.858,792.664,758.259],"timestamp":262294598325},{"currentFrameRate":26.4597,"devices":[],"gestures":[],"hands":[],"id":239490,"interactionBox":{"center":[0,200,0],"size":[235.247,235.247,147.751]},"pointables":[],"r":[[-0.020113,-0.761857,-0.647433],[0.506356,0.550609,-0.663651],[0.86209,-0.34118,0.374696]],"s":-5.55733,"t":[884.858,792.664,758.259],"timestamp":262294636462},{"currentFrameRate":26.515,"devices":[],"gestures":[],"hands":[],"id":239491,"interactionBox":{"center":[0,200,0],"size":[235.247,235.247,147.751]},"pointables":[],"r":[[-0.020113,-0.761857,-0.647433],[0.506356,0.550609,-0.663651],[0.86209,-0.34118,0.374696]],"s":-5.55733,"t":[884.858,792.664,758.259],"timestamp":262294673797},{"currentFrameRate":22.3633,"devices":[],"gestures":[],"hands":[],"id":239492,"interactionBox":{"center":[0,200,0],"size":[235.247,235.247,147.751]},"pointables":[],"r":[[-0.020113,-0.761857,-0.647433],[0.506356,0.550609,-0.663651],[0.86209,-0.34118,0.374696]],"s":-5.55733,"t":[884.858,792.664,758.259],"timestamp":262294749190},{"currentFrameRate":23.073,"devices":[],"gestures":[],"hands":[],"id":239493,"interactionBox":{"center":[0,200,0],"size":[235.247,235.247,147.751]},"pointables":[],"r":[[-0.020113,-0.761857,-0.647433],[0.506356,0.550609,-0.663651],[0.86209,-0.34118,0.374696]],"s":-5.55733,"t":[884.858,792.664,758.259],"timestamp":262294786945},{"currentFrameRate":23.6616,"devices":[],"gestures":[],"hands":[],"id":239494,"interactionBox":{"center":[0,200,0],"size":[235.247,235.247,147.751]},"pointables":[],"r":[[-0.020113,-0.761857,-0.647433],[0.506356,0.550609,-0.663651],[0.86209,-0.34118,0.374696]],"s":-5.55733,"t":[884.858,792.664,758.259],"timestamp":262294824689},{"currentFrameRate":24.1569,"devices":[],"gestures":[],"hands":[],"id":239495,"interactionBox":{"center":[0,200,0],"size":[235.247,235.247,147.751]},"pointables":[],"r":[[-0.020113,-0.761857,-0.647433],[0.506356,0.550609,-0.663651],[0.86209,-0.34118,0.374696]],"s":-5.55733,"t":[884.858,792.664,758.259],"timestamp":262294862360},{"currentFrameRate":24.5357,"devices":[],"gestures":[],"hands":[],"id":239496,"interactionBox":{"center":[0,200,0],"size":[235.247,235.247,147.751]},"pointables":[],"r":[[-0.020113,-0.761857,-0.647433],[0.506356,0.550609,-0.663651],[0.86209,-0.34118,0.374696]],"s":-5.55733,"t":[884.858,792.664,758.259],"timestamp":262294900314},{"currentFrameRate":24.9025,"devices":[],"gestures":[],"hands":[],"id":239497,"interactionBox":{"center":[0,200,0],"size":[235.247,235.247,147.751]},"pointables":[],"r":[[-0.020113,-0.761857,-0.647433],[0.506356,0.550609,-0.663651],[0.86209,-0.34118,0.374696]],"s":-5.55733,"t":[884.858,792.664,758.259],"timestamp":262294937793},{"currentFrameRate":25.1804,"devices":[],"gestures":[],"hands":[],"id":239498,"interactionBox":{"center":[0,200,0],"size":[235.247,235.247,147.751]},"pointables":[],"r":[[-0.020113,-0.761857,-0.647433],[0.506356,0.550609,-0.663651],[0.86209,-0.34118,0.374696]],"s":-5.55733,"t":[884.858,792.664,758.259],"timestamp":262294975501},{"currentFrameRate":25.4097,"devices":[],"gestures":[],"hands":[],"id":239499,"interactionBox":{"center":[0,200,0],"size":[235.247,235.247,147.751]},"pointables":[],"r":[[-0.020113,-0.761857,-0.647433],[0.506356,0.550609,-0.663651],[0.86209,-0.34118,0.374696]],"s":-5.55733,"t":[884.858,792.664,758.259],"timestamp":262295013216},{"currentFrameRate":25.588,"devices":[],"gestures":[],"hands":[],"id":239500,"interactionBox":{"center":[0,200,0],"size":[235.247,235.247,147.751]},"pointables":[],"r":[[-0.020113,-0.761857,-0.647433],[0.506356,0.550609,-0.663651],[0.86209,-0.34118,0.374696]],"s":-5.55733,"t":[884.858,792.664,758.259],"timestamp":262295051031},{"currentFrameRate":25.7265,"devices":[],"gestures":[],"hands":[],"id":239501,"interactionBox":{"center":[0,200,0],"size":[235.247,235.247,147.751]},"pointables":[],"r":[[-0.020113,-0.761857,-0.647433],[0.506356,0.550609,-0.663651],[0.86209,-0.34118,0.374696]],"s":-5.55733,"t":[884.858,792.664,758.259],"timestamp":262295088924},{"currentFrameRate":25.9001,"devices":[],"gestures":[],"hands":[{"armBasis":[[0.760459,0.193641,-0.619844],[-0.011259,0.958295,0.28556],[0.649289,-0.210178,0.730924]],"armWidth":62.7876,"confidence":0,"direction":[-0.193772,0.623264,-0.757624],"elbow":[244.501,45.1677,283.645],"grabAngle":2.19235,"grabStrength":0.00322938,"id":423,"palmNormal":[-0.0681778,-0.778949,-0.62337],"palmPosition":[44.3771,139.736,31.0208],"palmVelocity":[1.19209e-7,1.19209e-7,1.19209e-7],"palmWidth":89.6585,"pinchDistance":50.982,"pinchStrength":0.804841,"r":[[1,0,5.55112e-18],[0,1,0],[-5.55112e-18,0,1]],"s":1,"sphereCenter":[46.7657,108.869,-17.1685],"sphereRadius":51.3467,"stabilizedPalmPosition":[44.3771,139.736,31.0208],"t":[0,0,0],"timeVisible":0,"type":"right","wrist":[71.7584,101.085,89.1836]}],"id":239502,"interactionBox":{"center":[0,200,0],"size":[235.247,235.247,147.751]},"pointables":[{"bases":[[[0.416985,0.846154,0.331885],[-0.681519,0.0494766,0.730126],[0.601378,-0.530638,0.597301]],[[0.242833,0.956471,0.161852],[-0.876302,0.144722,0.459511],[0.416085,-0.253415,0.8733]],[[0.242833,0.956471,0.161852],[-0.969958,0.236887,0.0553709],[0.01462,-0.170435,0.98526]],[[0.242833,0.956471,0.161852],[-0.894387,0.285357,-0.344446],[-0.375638,-0.0611153,0.924749]]],"btipPosition":[22.4704,117.674,-23.4934],"carpPosition":[34.7649,98.0739,73.8889],"dipPosition":[13.8077,116.265,-2.16769],"direction":[-0.01462,0.170435,-0.98526],"extended":false,"handId":423,"id":4230,"length":51.3537,"mcpPosition":[34.7649,98.0739,73.8889],"pipPosition":[14.2989,110.539,30.9338],"stabilizedTipPosition":[20.478,117.35,-18.5885],"timeVisible":0,"tipPosition":[20.478,117.35,-18.5885],"tipVelocity":[1.19209e-7,1.19209e-7,1.19209e-7],"tool":false,"touchDistance":1,"touchZone":"none","type":0,"width":19.9537},{"bases":[[[0.932246,0.172804,-0.317892],[0.0147117,0.859752,0.5105],[0.361525,-0.480588,0.798958]],[[0.982907,0.0812685,-0.165193],[-0.0334495,0.961193,0.273843],[0.181037,-0.263636,0.947482]],[[0.982907,0.0812685,-0.165193],[-0.101606,0.987725,-0.118638],[0.153524,0.133395,0.9791]],[[0.982907,0.0812685,-0.165193],[-0.1274,0.948,-0.291659],[0.1329,0.307719,0.94215]]],"btipPosition":[2.04736,157.846,-60.8359],"carpPosition":[41.8133,120.203,76.374],"dipPosition":[4.28481,163.026,-44.9743],"direction":[-0.153524,-0.133395,-0.9791],"extended":true,"handId":423,"id":4231,"length":57.947,"mcpPosition":[15.6052,155.042,18.4551],"pipPosition":[7.94124,166.203,-21.6554],"stabilizedTipPosition":[2.56197,159.037,-57.1878],"timeVisible":0,"tipPosition":[2.56197,159.037,-57.1878],"tipVelocity":[1.19209e-7,1.19209e-7,1.19209e-7],"tool":false,"touchDistance":0.675517,"touchZone":"hovering","type":1,"width":19.0597},{"bases":[[[0.95626,-0.0428292,-0.289366],[0.180041,0.865829,0.466824],[0.230548,-0.498503,0.835669]],[[0.936349,-0.00544229,-0.351029],[0.0336919,0.996658,0.0744192],[0.349451,-0.0815091,0.933402]],[[0.936349,-0.00544229,-0.351029],[-0.232674,0.739128,-0.632101],[0.262896,0.673542,0.690816]],[[0.936349,-0.00544229,-0.351029],[-0.348267,0.11174,-0.930712],[0.044289,0.993723,0.102732]]],"btipPosition":[12.1842,124.867,-50.09],"carpPosition":[52.8175,123.998,72.951],"dipPosition":[13.0043,143.267,-48.1877],"direction":[-0.262896,-0.673542,-0.690816],"extended":false,"handId":423,"id":4232,"length":66.0259,"mcpPosition":[36.968,158.269,15.5012],"pipPosition":[20.3708,162.14,-28.8308],"stabilizedTipPosition":[12.3729,129.099,-49.6524],"timeVisible":0,"tipPosition":[12.3729,129.099,-49.6524],"tipVelocity":[1.19209e-7,1.19209e-7,1.19209e-7],"tool":false,"touchDistance":0.788547,"touchZone":"hovering","type":2,"width":18.7192},{"bases":[[[0.963453,-0.180868,-0.197599],[0.255159,0.844224,0.471359],[0.081564,-0.504551,0.859521]],[[0.956828,-0.150288,-0.248784],[0.0412663,0.917516,-0.395552],[0.28771,0.368209,0.884107]],[[0.956828,-0.150288,-0.248784],[-0.27703,-0.212563,-0.937055],[0.0879458,0.965521,-0.245021]],[[0.956828,-0.150288,-0.248784],[-0.27509,-0.744588,-0.608205],[-0.0938355,0.650386,-0.753786]]],"btipPosition":[45.9357,101.256,-2.20621],"carpPosition":[64.3098,124.654,69.2039],"dipPosition":[44.2082,113.23,-16.0839],"direction":[-0.0879458,-0.965521,0.245021],"extended":false,"handId":423,"id":4233,"length":63.4857,"mcpPosition":[59.2754,155.796,16.1514],"pipPosition":[46.6088,139.585,-22.7721],"stabilizedTipPosition":[45.5384,104.01,-5.39807],"timeVisible":0,"tipPosition":[45.5384,104.01,-5.39807],"tipVelocity":[1.19209e-7,1.19209e-7,1.19209e-7],"tool":false,"touchDistance":0.333333,"touchZone":"none","type":3,"width":17.8125},{"bases":[[[0.910925,-0.375036,-0.171938],[0.408102,0.757901,0.508959],[-0.060566,-0.533792,0.843444]],[[0.91071,-0.299062,-0.284901],[0.197521,0.921103,-0.335493],[0.362756,0.249263,0.897929]],[[0.91071,-0.299062,-0.284901],[-0.327259,-0.101603,-0.939457],[0.252009,0.948809,-0.190402]],[[0.91071,-0.299062,-0.284901],[-0.412997,-0.648769,-0.639166],[0.00631533,0.699758,-0.714352]]],"btipPosition":[61.5718,109.933,0.419832],"carpPosition":[75.7144,118.29,64.0944],"dipPosition":[61.679,121.818,-11.7131],"direction":[-0.252009,-0.948809,0.190402],"extended":false,"handId":423,"id":4234,"length":49.7716,"mcpPosition":[79.1749,148.789,15.9028],"pipPosition":[66.5359,140.104,-15.3827],"stabilizedTipPosition":[61.5964,112.666,-2.37075],"timeVisible":0,"tipPosition":[61.5964,112.666,-2.37075],"tipVelocity":[1.19209e-7,1.19209e-7,1.19209e-7],"tool":false,"touchDistance":0.333333,"touchZone":"none","type":4,"width":15.8225}],"r":[[1,0,5.55112e-18],[0,1,0],[-5.55112e-18,0,1]],"s":1,"t":[0,0,0],"timestamp":262295126315},{"currentFrameRate":26.0023,"devices":[],"gestures":[],"hands":[{"armBasis":[[0.781086,0.223168,-0.583181],[-0.0159185,0.940765,0.338685],[0.62422,-0.255259,0.738371]],"armWidth":65.6192,"confidence":0.196257,"direction":[-0.227771,0.6932,-0.683809],"elbow":[235.852,48.0192,275.759],"grabAngle":2.1329,"grabStrength":0,"id":423,"palmNormal":[-0.089108,-0.714161,-0.694287],"palmPosition":[40.5031,159.615,25.8129],"palmVelocity":[-102.638,526.672,-137.981],"palmWidth":89.6585,"pinchDistance":69.9034,"pinchStrength":0.939064,"r":[[0.999966,0.00190018,-0.00796314],[-0.00174186,0.999802,0.0198415],[0.00799926,-0.019827,0.999771]],"s":1.05401,"sphereCenter":[16.5169,144.943,-13.948],"sphereRadius":48.4715,"stabilizedPalmPosition":[40.7903,158.141,26.199],"t":[-1.93699,9.93936,-2.60397],"timeVisible":0.037744,"type":"right","wrist":[69.7793,115.931,79.3159]}],"id":239503,"interactionBox":{"center":[0,200,0],"size":[235.247,235.247,147.751]},"pointables":[{"bases":[[[0.91762,0.212215,-0.336061],[0.0306639,0.805208,0.592199],[0.396273,-0.553719,0.732368]],[[0.95897,0.143366,-0.244588],[0.0335287,0.799315,0.599977],[0.281519,-0.58356,0.761712]],[[0.95897,0.143366,-0.244588],[0.00278675,0.857911,0.513791],[0.283495,-0.493392,0.822311]],[[0.95897,0.143366,-0.244588],[-0.0340393,0.914702,0.402694],[0.281458,-0.377845,0.882051]]],"btipPosition":[-12.3687,218.853,-51.0466],"carpPosition":[39.8884,135.673,69.0729],"dipPosition":[-7.60555,212.459,-36.1195],"direction":[-0.283495,0.493392,-0.822311],"extended":true,"handId":423,"id":4231,"length":58.2488,"mcpPosition":[11.1614,175.814,15.9814],"pipPosition":[-0.818461,200.647,-16.4327],"stabilizedTipPosition":[-10.5662,214.401,-48.1027],"timeVisible":0.037744,"tipPosition":[-10.1435,211.97,-49.5284],"tipVelocity":[-366.553,1545.82,253.666],"tool":false,"touchDistance":0.784914,"touchZone":"hovering","type":1,"width":20.2967},{"bases":[[[0.943959,-0.00494384,-0.330025],[0.19405,0.817141,0.542794],[0.266993,-0.576416,0.772307]],[[0.94316,-0.00322765,-0.332323],[0.0440378,0.992349,0.115345],[0.329408,-0.123424,0.936086]],[[0.94316,-0.00322765,-0.332323],[-0.178614,0.838335,-0.515065],[0.28026,0.545146,0.790108]],[[0.94316,-0.00322765,-0.332323],[-0.330375,-0.117638,-0.93649],[-0.036071,0.993051,-0.112018]]],"btipPosition":[9.41943,151.573,-52.3467],"carpPosition":[50.7236,139.892,65.6076],"dipPosition":[8.74803,170.057,-54.4317],"direction":[-0.28026,-0.545146,-0.790108],"extended":false,"handId":423,"id":4232,"length":66.3698,"mcpPosition":[32.3686,179.519,12.5137],"pipPosition":[16.6419,185.412,-32.1774],"stabilizedTipPosition":[9.41325,154.549,-52.6749],"timeVisible":0.037744,"tipPosition":[6.26076,156.487,-53.8545],"tipVelocity":[-82.3405,708.07,-84.0883],"tool":false,"touchDistance":0.695418,"touchZone":"hovering","type":2,"width":19.934},{"bases":[[[0.425431,0.813146,0.397244],[-0.65161,-0.0293792,0.757985],[0.628023,-0.581318,0.517355]],[[0.205502,0.955044,0.21368],[-0.917682,0.112185,0.38115],[0.340043,-0.274417,0.899481]],[[0.205502,0.955044,0.21368],[-0.973017,0.222794,-0.0599999],[-0.104909,-0.195584,0.97506]],[[0.205502,0.955044,0.21368],[-0.833413,0.285237,-0.473353],[-0.513022,-0.0808082,0.854563]]],"btipPosition":[31.5769,135.808,-32.2925],"carpPosition":[32.8672,113.832,64.6896],"dipPosition":[19.6844,133.935,-12.4827],"direction":[0.104909,0.195584,-0.97506],"extended":false,"handId":423,"id":4230,"length":51.6212,"mcpPosition":[32.8672,113.832,64.6896],"pipPosition":[16.1414,127.329,20.4467],"stabilizedTipPosition":[27.6892,132.893,-26.4758],"timeVisible":0.037744,"tipPosition":[23.29,137.989,-26.5727],"tipVelocity":[221.589,477.613,-242.363],"tool":false,"touchDistance":1,"touchZone":"none","type":0,"width":21.2486},{"bases":[[[0.955629,-0.1513,-0.252749],[0.269408,0.795909,0.542171],[0.119135,-0.586206,0.801354]],[[0.955628,-0.151297,-0.252753],[0.0339309,0.908848,-0.415745],[0.292615,0.388722,0.873654]],[[0.955628,-0.151297,-0.252753],[-0.286195,-0.27365,-0.918264],[0.0697648,0.949855,-0.304808]],[[0.955628,-0.151297,-0.252753],[-0.280834,-0.726931,-0.626661],[-0.0889217,0.669837,-0.737165]]],"btipPosition":[41.4791,121.544,-4.63072],"carpPosition":[62.0508,141.024,61.4893],"dipPosition":[39.8334,133.94,-18.2731],"direction":[-0.0697648,-0.949855,0.304808],"extended":false,"handId":423,"id":4233,"length":63.8164,"mcpPosition":[54.6974,177.206,12.027],"pipPosition":[41.7477,160.003,-26.6366],"stabilizedTipPosition":[41.311,123.429,-7.65609],"timeVisible":0.037744,"tipPosition":[40.6404,126.499,-11.7566],"tipVelocity":[-117.576,540.091,-62.8017],"tool":false,"touchDistance":0.333333,"touchZone":"none","type":3,"width":18.9685},{"bases":[[[0.905256,-0.347543,-0.244387],[0.424223,0.707749,0.564912],[-0.023367,-0.615065,0.78813]],[[0.90509,-0.351438,-0.239382],[0.263369,0.905295,-0.333284],[0.33384,0.238606,0.911931]],[[0.90509,-0.351438,-0.239382],[-0.293366,-0.108562,-0.949816],[0.307814,0.929896,-0.201358]],[[0.90509,-0.351438,-0.239382],[-0.412814,-0.591222,-0.69285],[0.101966,0.725912,-0.680187]]],"btipPosition":[55.2125,131.682,-6.13187],"carpPosition":[73.2737,135.304,55.3243],"dipPosition":[56.9534,144.075,-17.7447],"direction":[-0.307814,-0.929896,0.201358],"extended":false,"handId":423,"id":4234,"length":50.0309,"mcpPosition":[74.6088,170.447,10.2932],"pipPosition":[62.9166,162.09,-21.6456],"stabilizedTipPosition":[56.0202,133.044,-8.36501],"timeVisible":0.037744,"tipPosition":[56.3603,135.883,-10.4428],"tipVelocity":[-158.529,579.322,-170.413],"tool":false,"touchDistance":0.333333,"touchZone":"none","type":4,"width":16.8493}],"r":[[0.999966,0.00190018,-0.00796314],[-0.00174186,0.999802,0.0198415],[0.00799926,-0.019827,0.999771]],"s":1.05401,"t":[-1.93699,9.93936,-2.60397],"timestamp":262295164059},{"currentFrameRate":24.3245,"devices":[],"gestures":[],"hands":[{"armBasis":[[0.796275,0.181342,-0.577114],[0.033295,0.939427,0.341128],[0.604018,-0.290847,0.742005]],"armWidth":65.6192,"confidence":0.445384,"direction":[-0.180727,0.730035,-0.65908],"elbow":[227.344,56.4102,270.055],"grabAngle":2.36039,"grabStrength":0,"id":423,"palmNormal":[-0.129723,-0.681953,-0.7198],"palmPosition":[40.3765,180.815,20.478],"palmVelocity":[-2.38267,398.751,-100.34],"palmWidth":89.6585,"pinchDistance":75.4566,"pinchStrength":1,"r":[[0.999867,-0.00885511,-0.0137035],[0.00943598,0.999034,0.042921],[0.0133102,-0.0430446,0.998984]],"s":1.07958,"sphereCenter":[9.70566,173.632,-13.3695],"sphereRadius":48.1364,"stabilizedPalmPosition":[40.3773,180.769,20.4897],"t":[-2.96883,25.5094,-6.57341],"timeVisible":0.090912,"type":"right","wrist":[66.6454,133.79,72.6455]}],"id":239504,"interactionBox":{"center":[0,200,0],"size":[235.247,235.247,147.751]},"pointables":[{"bases":[[[0.930756,0.16653,-0.325516],[0.077577,0.780054,0.620884],[0.357316,-0.603144,0.713121]],[[0.962115,0.104691,-0.251742],[0.102774,0.715965,0.69053],[0.252531,-0.690242,0.678082]],[[0.962115,0.104691,-0.251742],[0.0696721,0.798275,0.59825],[0.263591,-0.593125,0.760738]],[[0.962115,0.104691,-0.251742],[0.0365283,0.865518,0.499544],[0.270185,-0.489815,0.828904]]],"btipPosition":[-9.48018,251.013,-49.9457],"carpPosition":[38.052,155.428,62.8463],"dipPosition":[-4.90777,242.724,-35.9179],"direction":[-0.263591,0.593125,-0.760738],"extended":true,"handId":423,"id":4231,"length":58.2488,"mcpPosition":[12.149,199.152,11.15],"pipPosition":[1.4028,228.524,-17.7053],"stabilizedTipPosition":[-8.42945,249.092,-46.7199],"timeVisible":0.090912,"tipPosition":[-7.17844,242.376,-50.9054],"tipVelocity":[53.5035,596.679,16.8161],"tool":false,"touchDistance":0.753167,"touchZone":"hovering","type":1,"width":20.2967},{"bases":[[[0.473076,0.770354,0.427498],[-0.656081,-0.0158128,0.754525],[0.588011,-0.637421,0.497934]],[[0.247453,0.940002,0.234867],[-0.932194,0.164887,0.322223],[0.264164,-0.298677,0.917066]],[[0.247453,0.940002,0.234867],[-0.95844,0.273003,-0.0828345],[-0.141984,-0.204609,0.968492]],[[0.247453,0.940002,0.234867],[-0.807997,0.33398,-0.485385],[-0.534704,-0.069662,0.842163]]],"btipPosition":[33.9067,157.453,-39.6787],"carpPosition":[29.71,134.237,57.6591],"dipPosition":[21.5116,155.838,-20.1563],"direction":[0.141984,0.204609,-0.968492],"extended":false,"handId":423,"id":4230,"length":51.6212,"mcpPosition":[29.71,134.237,57.6591],"pipPosition":[16.7165,148.928,12.5513],"stabilizedTipPosition":[31.0286,156.886,-35.1183],"timeVisible":0.090912,"tipPosition":[24.3235,160.932,-33.3146],"tipVelocity":[41.6452,408.218,-140.165],"tool":false,"touchDistance":0.844204,"touchZone":"hovering","type":0,"width":21.2486},{"bases":[[[0.94352,-0.0519244,-0.327222],[0.241642,0.783547,0.572419],[0.226672,-0.619159,0.751839]],[[0.942612,-0.0494663,-0.330204],[-0.0359631,0.968169,-0.247698],[0.331946,0.245359,0.91083]],[[0.942612,-0.0494663,-0.330204],[-0.328647,0.0370959,-0.943724],[0.0589317,0.998087,0.0187101]],[[0.942612,-0.0494663,-0.330204],[-0.241881,-0.782901,-0.573201],[-0.230163,0.620176,-0.749938]]],"btipPosition":[20.3395,150.28,-22.1733],"carpPosition":[49.1462,159.085,59.5668],"dipPosition":[16.0554,161.824,-36.1322],"direction":[-0.0589317,-0.998087,-0.0187101],"extended":false,"handId":423,"id":4232,"length":66.3698,"mcpPosition":[33.5632,201.65,7.88005],"pipPosition":[17.7152,189.936,-35.6052],"stabilizedTipPosition":[14.2924,153.757,-39.28],"timeVisible":0.090912,"tipPosition":[18.1516,155.7,-28.5413],"tipVelocity":[189.76,-54.3312,516.146],"tool":false,"touchDistance":1,"touchZone":"none","type":2,"width":19.934},{"bases":[[[0.945674,-0.201391,-0.255231],[0.315537,0.757698,0.571253],[0.0783425,-0.620754,0.780082]],[[0.943358,-0.185434,-0.275117],[0.035385,0.88073,-0.472295],[0.329883,0.435809,0.837405]],[[0.943358,-0.185434,-0.275117],[-0.321427,-0.305317,-0.896363],[0.0822181,0.934021,-0.347627]],[[0.943358,-0.185434,-0.275117],[-0.316519,-0.751576,-0.578748],[-0.0994521,0.633046,-0.767699]]],"btipPosition":[40.6928,141.34,-5.93772],"carpPosition":[60.5429,159.655,55.5251],"dipPosition":[38.8523,153.055,-20.1451],"direction":[-0.0822181,-0.934021,0.347627],"extended":false,"handId":423,"id":4233,"length":63.8164,"mcpPosition":[55.7073,197.97,7.37588],"pipPosition":[41.1083,178.684,-29.6836],"stabilizedTipPosition":[40.27,144.025,-9.20476],"timeVisible":0.090912,"tipPosition":[39.1687,147.491,-15.3587],"tipVelocity":[-15.6309,369.376,-27.0269],"tool":false,"touchDistance":0.333333,"touchZone":"none","type":3,"width":18.9685},{"bases":[[[0.883163,-0.39429,-0.254085],[0.464456,0.659312,0.59126],[-0.0656068,-0.64019,0.76541]],[[0.882206,-0.402819,-0.243823],[0.283918,0.868172,-0.407024],[0.375637,0.289853,0.880274]],[[0.882206,-0.402819,-0.243823],[-0.318157,-0.128222,-0.939327],[0.347115,0.906254,-0.241278]],[[0.882206,-0.402819,-0.243823],[-0.450964,-0.573873,-0.683594],[0.135441,0.713026,-0.687931]]],"btipPosition":[52.9759,150.168,-8.95256],"carpPosition":[71.4204,153.472,49.1911],"dipPosition":[55.2883,162.342,-20.6976],"direction":[-0.347115,-0.906254,0.241278],"extended":false,"handId":423,"id":4234,"length":50.0309,"mcpPosition":[75.1689,190.05,5.45816],"pipPosition":[62.0129,179.899,-25.3719],"stabilizedTipPosition":[53.5105,152.946,-11.6503],"timeVisible":0.090912,"tipPosition":[54.5529,156.298,-15.2976],"tipVelocity":[-39.5947,346.75,-53.6243],"tool":false,"touchDistance":0.333333,"touchZone":"none","type":4,"width":16.8493}],"r":[[0.999867,-0.00885511,-0.0137035],[0.00943598,0.999034,0.042921],[0.0133102,-0.0430446,0.998984]],"s":1.07958,"t":[-2.96883,25.5094,-6.57341],"timestamp":262295217227},{"currentFrameRate":26.817,"devices":[],"gestures":[],"hands":[{"armBasis":[[0.808123,0.18859,-0.558007],[0.0272188,0.934388,0.355216],[0.588385,-0.302246,0.749967]],"armWidth":65.6192,"confidence":0.524355,"direction":[-0.159004,0.79502,-0.585373],"elbow":[220.86,55.3702,264.309],"grabAngle":2.43072,"grabStrength":0,"id":423,"palmNormal":[-0.131645,-0.604694,-0.785503],"palmPosition":[39.5027,187.555,16.7045],"palmVelocity":[-44.5164,343.351,-192.25],"palmWidth":89.6585,"pinchDistance":75.9513,"pinchStrength":0.892513,"r":[[0.999651,-0.0207922,-0.0162795],[0.0220478,0.996455,0.0811881],[0.0145337,-0.0815187,0.996566]],"s":1.1022,"sphereCenter":[10.4443,184.549,-17.3836],"sphereRadius":47.4833,"stabilizedPalmPosition":[39.6164,186.672,17.1966],"t":[-3.92163,36.6641,-10.4449],"timeVisible":0.11054,"type":"right","wrist":[64.3209,135.783,64.781]}],"id":239505,"interactionBox":{"center":[0,200,0],"size":[235.247,235.247,147.751]},"pointables":[{"bases":[[[0.937874,0.180643,-0.296244],[0.0825664,0.713072,0.696212],[0.337009,-0.677419,0.653857]],[[0.967368,0.110573,-0.227975],[0.107044,0.637162,0.763261],[0.229653,-0.762757,0.604533]],[[0.967368,0.110573,-0.227975],[0.0731935,0.739442,0.66923],[0.242573,-0.664078,0.707219]],[[0.967368,0.110573,-0.227975],[0.045957,0.808257,0.587034],[0.249173,-0.578355,0.7768]]],"btipPosition":[-8.06927,265.392,-46.8935],"carpPosition":[36.1584,158.139,56.3094],"dipPosition":[-3.85245,255.604,-33.7475],"direction":[-0.242573,0.664078,-0.707219],"extended":true,"handId":423,"id":4231,"length":58.2488,"mcpPosition":[11.7277,207.247,8.90929],"pipPosition":[1.95494,239.706,-16.8162],"stabilizedTipPosition":[-7.1546,262.558,-43.9882],"timeVisible":0.11054,"tipPosition":[-6.00614,256.822,-48.724],"tipVelocity":[67.7157,714.995,145.168],"tool":false,"touchDistance":0.753924,"touchZone":"hovering","type":1,"width":20.2967},{"bases":[[[0.48045,0.715239,0.507544],[-0.666533,-0.0783389,0.741348],[0.570001,-0.694476,0.439092]],[[0.273318,0.899533,0.34079],[-0.935396,0.165915,0.31226],[0.224346,-0.40412,0.886767]],[[0.273318,0.899533,0.34079],[-0.939878,0.325146,-0.104445],[-0.204758,-0.291755,0.93432]],[[0.273318,0.899533,0.34079],[-0.74341,0.422358,-0.51861],[-0.610442,-0.111601,0.78416]]],"btipPosition":[37.5533,170.043,-44.406],"carpPosition":[27.5224,137.725,48.9429],"dipPosition":[23.4025,167.456,-26.2282],"direction":[0.204758,0.291755,-0.93432],"extended":false,"handId":423,"id":4230,"length":51.6212,"mcpPosition":[27.5224,137.725,48.9429],"pipPosition":[16.4875,157.603,5.32537],"stabilizedTipPosition":[33.8127,167.581,-39.4662],"timeVisible":0.11054,"tipPosition":[26.1009,172.551,-39.2527],"tipVelocity":[165.213,630.067,-256.6],"tool":false,"touchDistance":0.717569,"touchZone":"hovering","type":0,"width":21.2486},{"bases":[[[0.946873,-0.0367656,-0.319499],[0.247315,0.718301,0.650292],[0.205588,-0.694761,0.689232]],[[0.938491,-0.0106667,-0.34514],[-0.106491,0.941863,-0.318674],[0.328474,0.335827,0.882794]],[[0.938491,-0.0106667,-0.34514],[-0.332,-0.302647,-0.89341],[-0.0949256,0.953043,-0.287572]],[[0.938491,-0.0106667,-0.34514],[-0.182834,-0.863264,-0.470476],[-0.292928,0.50464,-0.812115]]],"btipPosition":[25.6686,157.389,-12.7714],"carpPosition":[47.3582,161.897,53.5419],"dipPosition":[20.2162,166.782,-27.8877],"direction":[0.0949256,-0.953043,0.287572],"extended":false,"handId":423,"id":4232,"length":66.3698,"mcpPosition":[33.2247,209.659,6.15925],"pipPosition":[17.5425,193.626,-35.9875],"stabilizedTipPosition":[16.4929,155.017,-34.2729],"timeVisible":0.11054,"tipPosition":[21.6574,162.865,-23.6786],"tipVelocity":[257.817,336.981,465.44],"tool":false,"touchDistance":0.333333,"touchZone":"none","type":2,"width":19.934},{"bases":[[[0.945451,-0.192648,-0.262697],[0.320761,0.691325,0.647443],[0.0568804,-0.696388,0.715408]],[[0.945765,-0.196686,-0.258541],[0.0836991,0.916542,-0.391083],[0.313884,0.348233,0.883295]],[[0.945765,-0.196686,-0.258541],[-0.301587,-0.235848,-0.923808],[0.120723,0.951678,-0.282374]],[[0.945765,-0.196686,-0.258541],[-0.319873,-0.702657,-0.635574],[-0.0566575,0.683804,-0.727463]]],"btipPosition":[39.1516,151.457,-12.3239],"carpPosition":[58.8174,162.653,49.713],"dipPosition":[38.1031,164.112,-25.7866],"direction":[-0.120723,-0.951678,0.282374],"extended":false,"handId":423,"id":4233,"length":63.8164,"mcpPosition":[55.3065,205.636,5.55569],"pipPosition":[41.4156,190.225,-33.5347],"stabilizedTipPosition":[39.0435,153.356,-14.812],"timeVisible":0.11054,"tipPosition":[38.2613,157.706,-21.7655],"tipVelocity":[-69.2423,526.472,-316.633],"tool":false,"touchDistance":0.333333,"touchZone":"none","type":3,"width":18.9685},{"bases":[[[0.879597,-0.383513,-0.281472],[0.467665,0.588687,0.659346],[-0.0871694,-0.711594,0.697163]],[[0.877933,-0.395934,-0.269202],[0.308066,0.897556,-0.315419],[0.366509,0.193984,0.909968]],[[0.877933,-0.395934,-0.269202],[-0.306976,-0.0340047,-0.95111],[0.367423,0.917649,-0.151396]],[[0.877933,-0.395934,-0.269202],[-0.453845,-0.509104,-0.731326],[0.152505,0.764231,-0.626652]]],"btipPosition":[52.0943,159.965,-15.1458],"carpPosition":[69.6719,156.926,42.9259],"dipPosition":[54.6981,173.013,-25.8447],"direction":[-0.367423,-0.917649,0.151396],"extended":false,"handId":423,"id":4234,"length":50.0309,"mcpPosition":[74.6525,197.585,3.09237],"pipPosition":[61.8161,190.791,-28.7777],"stabilizedTipPosition":[52.7914,161.763,-16.8911],"timeVisible":0.11054,"tipPosition":[53.7178,166.369,-21.0801],"tipVelocity":[-41.4974,509.372,-303.273],"tool":false,"touchDistance":0.333333,"touchZone":"none","type":4,"width":16.8493}],"r":[[0.999651,-0.0207922,-0.0162795],[0.0220478,0.996455,0.0811881],[0.0145337,-0.0815187,0.996566]],"s":1.1022,"t":[-3.92163,36.6641,-10.4449],"timestamp":262295236855},{"currentFrameRate":29.0667,"devices":[],"gestures":[],"hands":[{"armBasis":[[0.811988,0.140674,-0.566469],[0.0683351,0.940935,0.331619],[0.579661,-0.30798,0.754415]],"armWidth":65.6192,"confidence":0.595448,"direction":[-0.117284,0.82079,-0.55906],"elbow":[216.328,56.3844,261.862],"grabAngle":2.41802,"grabStrength":0,"id":423,"palmNormal":[-0.167073,-0.571229,-0.803607],"palmPosition":[39.8587,192.428,14.5407],"palmVelocity":[18.0802,247.462,-109.881],"palmWidth":89.6585,"pinchDistance":75.0792,"pinchStrength":0.877434,"r":[[0.99896,-0.0410391,-0.0198445],[0.0431,0.992081,0.117972],[0.014846,-0.118704,0.992819]],"s":1.1131,"sphereCenter":[14.6744,189.772,-21.8218],"sphereRadius":45.6406,"stabilizedPalmPosition":[39.8276,191.689,14.8816],"t":[-4.22001,44.678,-13.4625],"timeVisible":0.130232,"type":"right","wrist":[62.1095,138.322,61.1508]}],"id":239506,"interactionBox":{"center":[0,200,0],"size":[235.247,235.247,147.751]},"pointables":[{"bases":[[[0.945354,0.138647,-0.295097],[0.123691,0.684916,0.718046],[0.301671,-0.715309,0.630339]],[[0.974687,0.0519502,-0.217454],[0.132683,0.64842,0.749631],[0.179945,-0.759508,0.625114]],[[0.974687,0.0519502,-0.217454],[0.0900519,0.799019,0.594525],[0.204635,-0.599058,0.774115]],[[0.974687,0.0519502,-0.217454],[0.0866939,0.808707,0.581788],[0.20608,-0.585913,0.783733]]],"btipPosition":[-2.8691,270.421,-50.8833],"carpPosition":[35.0441,161.988,53.2093],"dipPosition":[0.618456,260.505,-37.62],"direction":[-0.204635,0.599058,-0.774115],"extended":true,"handId":423,"id":4231,"length":58.2488,"mcpPosition":[13.175,213.843,7.51413],"pipPosition":[5.51758,246.163,-19.0871],"stabilizedTipPosition":[-2.44712,267.723,-47.5455],"timeVisible":0.130232,"tipPosition":[-2.03153,266.753,-48.2427],"tipVelocity":[255.558,253.884,-201.24],"tool":false,"touchDistance":0.652423,"touchZone":"hovering","type":1,"width":20.2967},{"bases":[[[0.520473,0.671426,0.527536],[-0.667359,-0.0655446,0.741846],[0.532672,-0.738167,0.413968]],[[0.316985,0.876384,0.362589],[-0.928297,0.208333,0.307998],[0.194385,-0.434221,0.879583]],[[0.316985,0.876384,0.362589],[-0.92214,0.374177,-0.098231],[-0.221761,-0.30322,0.926758]],[[0.316985,0.876384,0.362589],[-0.713709,0.472192,-0.517352],[-0.624611,-0.0947902,0.775162]]],"btipPosition":[37.6889,176.117,-47.2885],"carpPosition":[25.2817,142.321,45.243],"dipPosition":[23.2097,173.919,-29.3193],"direction":[0.221761,0.30322,-0.926758],"extended":false,"handId":423,"id":4230,"length":51.6212,"mcpPosition":[25.2817,142.321,45.243],"pipPosition":[15.7204,163.679,1.97884],"stabilizedTipPosition":[34.2769,174.408,-42.6029],"timeVisible":0.130232,"tipPosition":[26.1647,179.631,-41.9016],"tipVelocity":[3.05114,312.988,-148.819],"tool":false,"touchDistance":0.635187,"touchZone":"hovering","type":0,"width":21.2486},{"bases":[[[0.942389,-0.0780756,-0.325279],[0.288327,0.682625,0.671484],[0.169617,-0.726586,0.66581]],[[0.934731,-0.0485319,-0.352025],[-0.0845727,0.931783,-0.353026],[0.345144,0.359756,0.866863]],[[0.934731,-0.0485319,-0.352025],[-0.349672,-0.302076,-0.886837],[-0.0632984,0.952048,-0.29933]],[[0.934731,-0.0485319,-0.352025],[-0.244052,-0.807726,-0.536673],[-0.258294,0.587557,-0.766851]]],"btipPosition":[24.875,160.239,-13.9479],"carpPosition":[46.4231,165.216,50.506],"dipPosition":[20.0673,171.176,-28.2217],"direction":[0.0632984,-0.952048,0.29933],"extended":false,"handId":423,"id":4232,"length":66.3698,"mcpPosition":[34.7624,215.167,4.73348],"pipPosition":[18.2844,197.991,-36.6527],"stabilizedTipPosition":[19.1913,157.886,-27.9531],"timeVisible":0.130232,"tipPosition":[21.2907,168.385,-24.3965],"tipVelocity":[-32.7715,162.751,-49.905],"tool":false,"touchDistance":0.333333,"touchZone":"none","type":2,"width":19.934},{"bases":[[[0.932644,-0.235383,-0.273442],[0.36018,0.651793,0.66741],[0.0211304,-0.720944,0.692671]],[[0.93233,-0.276136,-0.233474],[0.180225,0.914586,-0.362011],[0.313496,0.295436,0.902462]],[[0.93233,-0.276136,-0.233474],[-0.290574,-0.18779,-0.938244],[0.215238,0.942594,-0.25532]],[[0.93233,-0.276136,-0.233474],[-0.360622,-0.662341,-0.656701],[0.026699,0.696458,-0.717101]]],"btipPosition":[36.3157,158.141,-15.7707],"carpPosition":[57.8938,165.469,46.6452],"dipPosition":[36.8098,171.03,-29.0417],"direction":[-0.215238,-0.942594,0.25532],"extended":false,"handId":423,"id":4233,"length":63.8164,"mcpPosition":[56.5895,209.968,3.8912],"pipPosition":[42.7157,196.893,-36.0474],"stabilizedTipPosition":[36.7147,160.259,-18.3852],"timeVisible":0.130232,"tipPosition":[36.8291,163.722,-24.3958],"tipVelocity":[-125.994,342.14,-172.796],"tool":false,"touchDistance":0.333333,"touchZone":"none","type":3,"width":18.9685},{"bases":[[[0.856402,-0.42168,-0.297927],[0.501297,0.540976,0.675312],[-0.123594,-0.727689,0.67468]],[[0.850565,-0.451385,-0.269798],[0.376936,0.881065,-0.285734],[0.366686,0.141338,0.919546]],[[0.850565,-0.451385,-0.269798],[-0.289491,0.026399,-0.956817],[0.439015,0.891939,-0.108218]],[[0.850565,-0.451385,-0.269798],[-0.473028,-0.432581,-0.76754],[0.229747,0.780465,-0.581456]]],"btipPosition":[50.1886,165.403,-19.1056],"carpPosition":[68.3968,159.38,39.6252],"dipPosition":[54.111,178.728,-29.0328],"direction":[-0.439015,-0.891939,0.108218],"extended":false,"handId":423,"id":4234,"length":50.0309,"mcpPosition":[75.4586,200.957,1.07621],"pipPosition":[62.6161,196.007,-31.1293],"stabilizedTipPosition":[51.3782,167.334,-20.6286],"timeVisible":0.130232,"tipPosition":[52.6692,171.521,-23.8125],"tipVelocity":[-81.3769,279.363,-192.072],"tool":false,"touchDistance":0.333333,"touchZone":"none","type":4,"width":16.8493}],"r":[[0.99896,-0.0410391,-0.0198445],[0.0431,0.992081,0.117972],[0.014846,-0.118704,0.992819]],"s":1.1131,"t":[-4.22001,44.678,-13.4625],"timestamp":262295256547},{"currentFrameRate":31.106,"devices":[],"gestures":[],"hands":[{"armBasis":[[0.818831,0.122038,-0.560912],[0.0843756,0.940939,0.327894],[0.5678,-0.315817,0.760173]],"armWidth":65.6192,"confidence":0.658271,"direction":[-0.0770834,0.858606,-0.506808],"elbow":[211.243,55.9654,258.762],"grabAngle":2.40183,"grabStrength":0,"id":423,"palmNormal":[-0.172645,-0.512137,-0.841374],"palmPosition":[40.5253,197.22,12.7563],"palmVelocity":[33.864,243.469,-90.6593],"palmWidth":89.6585,"pinchDistance":75.7874,"pinchStrength":1,"r":[[0.99772,-0.0642847,-0.020568],[0.0667553,0.984842,0.160096],[0.00996454,-0.161104,0.986887]],"s":1.1117,"sphereCenter":[18.6626,196.774,-25.7903],"sphereRadius":44.6203,"stabilizedPalmPosition":[40.4461,196.592,12.9975],"t":[-4.03593,51.081,-15.8635],"timeVisible":0.149915,"type":"right","wrist":[60.1809,139.988,56.5188]}],"id":239507,"interactionBox":{"center":[0,200,0],"size":[235.247,235.247,147.751]},"pointables":[{"bases":[[[0.955081,0.121841,-0.27014],[0.135005,0.632592,0.762628],[0.263808,-0.764841,0.587727]],[[0.9808,0.0239997,-0.193535],[0.139362,0.607946,0.781652],[0.136418,-0.793616,0.592929]],[[0.9808,0.0239997,-0.193535],[0.0984993,0.795547,0.597831],[0.168314,-0.605416,0.777909]],[[0.9808,0.0239997,-0.193535],[0.0984993,0.795547,0.597831],[0.168314,-0.605416,0.777909]]],"btipPosition":[2.08613,278.532,-50.3278],"carpPosition":[33.8935,164.575,49.2985],"dipPosition":[4.93455,268.286,-37.163],"direction":[-0.168314,0.605416,-0.777909],"extended":true,"handId":423,"id":4231,"length":58.2488,"mcpPosition":[14.7693,220.021,6.69232],"pipPosition":[8.96411,253.792,-18.5393],"stabilizedTipPosition":[2.50684,275.794,-47.311],"timeVisible":0.149915,"tipPosition":[2.56371,276.787,-46.0347],"tipVelocity":[244.283,408.233,27.0731],"tool":false,"touchDistance":0.628507,"touchZone":"hovering","type":1,"width":20.2967},{"bases":[[[0.534516,0.6165,0.578118],[-0.682986,-0.0878268,0.725132],[0.497818,-0.782442,0.374116]],[[0.331129,0.847645,0.414549],[-0.928822,0.215395,0.301489],[0.166264,-0.484874,0.858635]],[[0.331129,0.847645,0.414549],[-0.903755,0.411203,-0.118912],[-0.271259,-0.335275,0.902225]],[[0.331129,0.847645,0.414549],[-0.650435,0.523324,-0.550515],[-0.683585,-0.0873454,0.724626]]],"btipPosition":[40.4051,183.031,-49.5781],"carpPosition":[23.5759,145.834,39.9231],"dipPosition":[24.5587,181.007,-32.7804],"direction":[0.271259,0.335275,-0.902225],"extended":false,"handId":423,"id":4230,"length":51.6212,"mcpPosition":[23.5759,145.834,39.9231],"pipPosition":[15.3979,169.684,-2.31074],"stabilizedTipPosition":[36.4487,181.542,-45.3241],"timeVisible":0.149915,"tipPosition":[28.658,187.782,-44.7543],"tipVelocity":[122.02,353.317,-130.011],"tool":false,"touchDistance":0.566617,"touchZone":"hovering","type":0,"width":21.2486},{"bases":[[[0.944838,-0.0922506,-0.314277],[0.300288,0.627138,0.718696],[0.130795,-0.773426,0.620246]],[[0.941589,-0.074484,-0.328423],[-0.0231867,0.958581,-0.283876],[0.335964,0.27491,0.900862]],[[0.941589,-0.074484,-0.328423],[-0.336746,-0.218178,-0.91597],[-0.00342944,0.973062,-0.230516]],[[0.941589,-0.074484,-0.328423],[-0.25586,-0.792323,-0.553859],[-0.218963,0.605538,-0.7651]]],"btipPosition":[24.571,168.91,-17.9214],"carpPosition":[45.4303,167.542,46.9941],"dipPosition":[20.4953,180.181,-32.1626],"direction":[0.00342943,-0.973063,0.230516],"extended":false,"handId":423,"id":4232,"length":66.3698,"mcpPosition":[36.4385,220.713,4.35404],"pipPosition":[20.3987,207.588,-38.6554],"stabilizedTipPosition":[21.3099,164.38,-24.7309],"timeVisible":0.149915,"tipPosition":[21.9734,176.024,-27.4011],"tipVelocity":[-6.89153,444.407,-201.493],"tool":false,"touchDistance":0.333333,"touchZone":"none","type":2,"width":19.934},{"bases":[[[0.928444,-0.252073,-0.272855],[0.371042,0.59397,0.713812],[-0.0178648,-0.763975,0.644998]],[[0.925702,-0.297431,-0.233688],[0.247867,0.943669,-0.219203],[0.285722,0.144993,0.94728]],[[0.925702,-0.297431,-0.233688],[-0.25094,-0.0206323,-0.967783],[0.283027,0.95452,-0.0937366]],[[0.925702,-0.297431,-0.233688],[-0.361814,-0.516121,-0.776344],[0.110297,0.803215,-0.585389]]],"btipPosition":[35.6233,167.296,-24.9833],"carpPosition":[56.9724,167.613,43.3446],"dipPosition":[37.6645,182.16,-35.8168],"direction":[-0.283027,-0.95452,0.0937366],"extended":false,"handId":423,"id":4233,"length":63.8164,"mcpPosition":[58.0751,214.768,3.53316],"pipPosition":[45.4304,208.351,-38.3888],"stabilizedTipPosition":[36.2262,168.472,-25.5256],"timeVisible":0.149915,"tipPosition":[36.8734,171.055,-27.8463],"tipVelocity":[-17.1003,488.201,-439.569],"tool":false,"touchDistance":0.333333,"touchZone":"none","type":3,"width":18.9685},{"bases":[[[0.845982,-0.433454,-0.310537],[0.507886,0.477688,0.716844],[-0.162379,-0.764154,0.62426]],[[0.835936,-0.474238,-0.276241],[0.431825,0.878988,-0.202257],[0.338731,0.0497861,0.939565]],[[0.835936,-0.474238,-0.276241],[-0.235483,0.14472,-0.961043],[0.495741,0.868421,0.00930143]],[[0.835936,-0.474238,-0.276241],[-0.459341,-0.329089,-0.825049],[0.300362,0.816577,-0.492934]]],"btipPosition":[50.0594,172.749,-24.2208],"carpPosition":[67.3771,161.596,36.1183],"dipPosition":[55.1874,186.69,-32.6367],"direction":[-0.495741,-0.868421,-0.00930143],"extended":false,"handId":423,"id":4234,"length":50.0309,"mcpPosition":[76.6549,205.258,0.45011],"pipPosition":[64.7914,203.514,-32.4565],"stabilizedTipPosition":[51.2675,174.181,-25.0186],"timeVisible":0.149915,"tipPosition":[53.048,178.067,-26.595],"tipVelocity":[7.52338,380.417,-242.222],"tool":false,"touchDistance":0.333333,"touchZone":"none","type":4,"width":16.8493}],"r":[[0.99772,-0.0642847,-0.020568],[0.0667553,0.984842,0.160096],[0.00996454,-0.161104,0.986887]],"s":1.1117,"t":[-4.03593,51.081,-15.8635],"timestamp":262295276230},{"currentFrameRate":32.9566,"devices":[],"gestures":[],"hands":[{"armBasis":[[0.826418,0.113477,-0.551504],[0.0946487,0.937546,0.334738],[0.555045,-0.328832,0.764064]],"armWidth":65.6192,"confidence":0.713043,"direction":[-0.0465691,0.884361,-0.464474],"elbow":[206.357,53.2798,256.431],"grabAngle":2.44833,"grabStrength":0,"id":423,"palmNormal":[-0.169324,-0.465239,-0.86884],"palmPosition":[41.0912,200.251,11.7263],"palmVelocity":[28.7777,154.139,-52.3793],"palmWidth":89.6585,"pinchDistance":73.8851,"pinchStrength":1,"r":[[0.995969,-0.0876446,-0.019087],[0.0896957,0.974939,0.203588],[0.000765239,-0.204479,0.978871]],"s":1.08895,"sphereCenter":[25.0513,199.826,-30.0173],"sphereRadius":43.1705,"stabilizedPalmPosition":[41.0288,199.897,11.8493],"t":[-3.66095,55.798,-17.579],"timeVisible":0.169579,"type":"right","wrist":[58.6875,140.765,53.1529]}],"id":239508,"interactionBox":{"center":[0,200,0],"size":[235.247,235.247,147.751]},"pointables":[{"bases":[[[0.962665,0.110843,-0.246962],[0.136121,0.590367,0.795574],[0.233982,-0.799488,0.553237]],[[0.986741,-0.00913974,-0.162047],[0.133616,0.612532,0.779071],[0.0921383,-0.790393,0.605631]],[[0.986741,-0.00913974,-0.162047],[0.113013,0.7553,0.645561],[0.116494,-0.655315,0.746318]],[[0.986741,-0.00913974,-0.162047],[0.0333948,0.988484,0.147596],[0.158832,-0.151051,0.975682]]],"btipPosition":[6.62046,27