{"frames":194,"data":[{"currentFrameRate":26.5097,"devices":[],"gestures":[],"hands":[],"id":239950,"interactionBox":{"center":[0,200,0],"size":[235.247,235.247,147.751]},"pointables":[],"r":[[-0.020113,-0.761857,-0.647433],[0.506356,0.550609,-0.663651],[0.86209,-0.34118,0.374696]],"s":-5.55733,"t":[884.858,792.664,758.259],"timestamp":262309773204},{"currentFrameRate":26.5258,"devices":[],"gestures":[],"hands":[],"id":239951,"interactionBox":{"center":[0,200,0],"size":[235.247,235.247,147.751]},"pointables":[],"r":[[-0.020113,-0.761857,-0.647433],[0.506356,0.550609,-0.663651],[0.86209,-0.34118,0.374696]],"s":-5.55733,"t":[884.858,792.664,758.259],"timestamp":262309810793},{"currentFrameRate":26.5262,"devices":[],"gestures":[],"hands":[],"id":239952,"interactionBox":{"center":[0,200,0],"size":[235.247,235.247,147.751]},"pointables":[],"r":[[-0.020113,-0.761857,-0.647433],[0.506356,0.550609,-0.663651],[0.86209,-0.34118,0.374696]],"s":-5.55733,"t":[884.858,792.664,758.259],"timestamp":262309848489},{"currentFrameRate":26.5134,"devices":[],"gestures":[],"hands":[],"id":239953,"interactionBox":{"center":[0,200,0],"size":[235.247,235.247,147.751]},"pointables":[],"r":[[-0.020113,-0.761857,-0.647433],[0.506356,0.550609,-0.663651],[0.86209,-0.34118,0.374696]],"s":-5.55733,"t":[884.858,792.664,758.259],"timestamp":262309886293},{"currentFrameRate":26.5207,"devices":[],"gestures":[],"hands":[],"id":239954,"interactionBox":{"center":[0,200,0],"size":[235.247,235.247,147.751]},"pointables":[],"r":[[-0.020113,-0.761857,-0.647433],[0.506356,0.550609,-0.663651],[0.86209,-0.34118,0.374696]],"s":-5.55733,"t":[884.858,792.664,758.259],"timestamp":262309923950},{"currentFrameRate":26.5201,"devices":[],"gestures":[],"hands":[],"id":239955,"interactionBox":{"center":[0,200,0],"size":[235.247,235.247,147.751]},"pointables":[],"r":[[-0.020113,-0.761857,-0.647433],[0.506356,0.550609,-0.663651],[0.86209,-0.34118,0.374696]],"s":-5.55733,"t":[884.858,792.664,758.259],"timestamp":262309961661},{"currentFrameRate":26.4961,"devices":[],"gestures":[],"hands":[],"id":239956,"interactionBox":{"center":[0,200,0],"size":[235.247,235.247,147.751]},"pointables":[],"r":[[-0.020113,-0.761857,-0.647433],[0.506356,0.550609,-0.663651],[0.86209,-0.34118,0.374696]],"s":-5.55733,"t":[884.858,792.664,758.259],"timestamp":262309999567},{"currentFrameRate":26.5256,"devices":[],"gestures":[],"hands":[],"id":239957,"interactionBox":{"center":[0,200,0],"size":[235.247,235.247,147.751]},"pointables":[],"r":[[-0.020113,-0.761857,-0.647433],[0.506356,0.550609,-0.663651],[0.86209,-0.34118,0.374696]],"s":-5.55733,"t":[884.858,792.664,758.259],"timestamp":262310037064},{"currentFrameRate":26.521,"devices":[],"gestures":[],"hands":[],"id":239958,"interactionBox":{"center":[0,200,0],"size":[235.247,235.247,147.751]},"pointables":[],"r":[[-0.020113,-0.761857,-0.647433],[0.506356,0.550609,-0.663651],[0.86209,-0.34118,0.374696]],"s":-5.55733,"t":[884.858,792.664,758.259],"timestamp":262310074802},{"currentFrameRate":26.5254,"devices":[],"gestures":[],"hands":[{"armBasis":[[0.133102,0.654551,0.744209],[-0.841464,-0.32211,0.433801],[0.523662,-0.683965,0.507907]],"armWidth":62.7876,"confidence":0,"direction":[-0.425578,0.363415,-0.828741],"elbow":[208.65,-61.6385,239.679],"grabAngle":1.29082,"grabStrength":0.00749414,"id":424,"palmNormal":[0.898202,0.281039,-0.338008],"palmPosition":[40.9503,145.65,41.0411],"palmVelocity":[1.19209e-7,1.19209e-7,1.19209e-7],"palmWidth":89.6585,"pinchDistance":28.8564,"pinchStrength":0.896508,"r":[[1,-5.55112e-18,1.11022e-17],[5.55112e-18,1,1.11022e-17],[-1.11022e-17,-1.11022e-17,1]],"s":1,"sphereCenter":[94.2802,168.928,9.37326],"sphereRadius":59.4257,"stabilizedPalmPosition":[40.9503,145.65,41.0411],"t":[0,0,0],"timeVisible":0,"type":"right","wrist":[69.3301,120.33,104.551]}],"id":239959,"interactionBox":{"center":[0,200,0],"size":[235.247,235.247,147.751]},"pointables":[{"bases":[[[-0.930713,0.176965,0.320088],[-0.147016,-0.982352,0.115632],[0.334902,0.0605625,0.940304]],[[-0.97631,0.162878,0.142443],[-0.207244,-0.89314,-0.399187],[0.0622024,-0.419251,0.905737]],[[-0.97631,0.162878,0.142443],[-0.216177,-0.705906,-0.674511],[-0.00931209,-0.689324,0.724393]],[[-0.97631,0.162878,0.142443],[-0.210569,-0.563679,-0.798703],[-0.0497994,-0.809775,0.584623]]],"btipPosition":[71.4324,171.058,-5.77451],"carpPosition":[73.0306,108.603,76.5954],"dipPosition":[70.2839,152.384,7.70756],"direction":[0.00931208,0.689324,-0.724393],"extended":false,"handId":424,"id":4240,"length":51.3537,"mcpPosition":[73.0306,108.603,76.5954],"pipPosition":[69.9711,129.225,32.0448],"stabilizedTipPosition":[71.1682,166.763,-2.67363],"timeVisible":0,"tipPosition":[71.1682,166.763,-2.67363],"tipVelocity":[1.19209e-7,1.19209e-7,1.19209e-7],"tool":false,"touchDistance":1,"touchZone":"none","type":0,"width":19.9537},{"bases":[[[-0.179964,0.936635,0.300545],[-0.947758,-0.246909,0.201969],[0.263378,-0.248497,0.932138]],[[-0.0868703,0.808997,0.581358],[-0.921805,0.15603,-0.354867],[-0.377796,-0.566726,0.732183]],[[-0.0868703,0.808997,0.581358],[-0.588793,0.429039,-0.685017],[-0.803602,-0.401807,0.439061]],[[-0.0868703,0.808997,0.581358],[-0.146481,0.566849,-0.810695],[-0.985392,-0.155583,0.0692601]]],"btipPosition":[82.9919,168.274,-32.2781],"carpPosition":[50.3627,114.079,77.9144],"dipPosition":[66.4023,165.655,-31.1121],"direction":[0.803602,0.401807,-0.439061],"extended":false,"handId":424,"id":4241,"length":57.947,"mcpPosition":[31.2696,132.093,10.3409],"pipPosition":[47.2631,156.085,-20.6551],"stabilizedTipPosition":[79.1763,167.671,-32.01],"timeVisible":0,"tipPosition":[79.1763,167.671,-32.01],"tipVelocity":[1.19209e-7,1.19209e-7,1.19209e-7],"tool":false,"touchDistance":1,"touchZone":"none","type":1,"width":19.0597},{"bases":[[[0.323108,0.791378,0.518962],[-0.8824,0.0537504,0.46742],[0.342011,-0.608959,0.715679]],[[0.244151,0.901538,0.357239],[-0.923315,0.32873,-0.198562],[-0.296447,-0.281365,0.912663]],[[0.244151,0.901538,0.357239],[-0.703363,0.418237,-0.574768],[-0.667586,-0.110939,0.736221]],[[0.244151,0.901538,0.357239],[-0.403559,0.429432,-0.807917],[-0.881777,0.0530866,0.468669]]],"btipPosition":[70.5763,193.855,-4.71374],"carpPosition":[51.9462,148.022,90.1256],"dipPosition":[55.5997,194.757,3.24641],"direction":[0.667586,0.110939,-0.736221],"extended":false,"handId":424,"id":4244,"length":49.7716,"mcpPosition":[32.4048,182.816,49.2341],"pipPosition":[42.7335,192.619,17.4353],"stabilizedTipPosition":[67.1316,194.063,-2.8829],"timeVisible":0,"tipPosition":[67.1316,194.063,-2.8829],"tipVelocity":[1.19209e-7,1.19209e-7,1.19209e-7],"tool":false,"touchDistance":1,"touchZone":"none","type":4,"width":15.8225},{"bases":[[[0.021498,0.922727,0.384854],[-0.958526,-0.0904004,0.270288],[0.284193,-0.374703,0.882515]],[[0.0710267,0.842672,0.533723],[-0.9898,0.125788,-0.0668812],[-0.123495,-0.523528,0.843011]],[[0.0710267,0.842672,0.533723],[-0.939315,0.236543,-0.248465],[-0.335622,-0.483686,0.808335]],[[0.0710267,0.842672,0.533723],[-0.793498,0.371959,-0.481672],[-0.604414,-0.389296,0.695077]]],"btipPosition":[53.3842,196.437,-54.9102],"carpPosition":[46.4601,125.051,81.3194],"dipPosition":[42.1923,189.229,-42.0395],"direction":[0.335622,0.483686,-0.808335],"extended":true,"handId":424,"id":4242,"length":66.0259,"mcpPosition":[26.9226,150.811,20.6491],"pipPosition":[32.788,175.676,-19.3897],"stabilizedTipPosition":[50.8101,194.779,-51.95],"timeVisible":0,"tipPosition":[50.8101,194.779,-51.95],"tipVelocity":[1.19209e-7,1.19209e-7,1.19209e-7],"tool":false,"touchDistance":0.754084,"touchZone":"hovering","type":2,"width":18.7192},{"bases":[[[0.135281,0.861701,0.48905],[-0.944993,-0.0361434,0.325088],[0.297805,-0.506127,0.809412]],[[0.0738874,0.944599,0.319802],[-0.951414,0.162887,-0.261303],[-0.298918,-0.284958,0.91074]],[[0.0738874,0.944599,0.319802],[-0.87134,0.217131,-0.440024],[-0.485085,-0.246144,0.83911]],[[0.0738874,0.944599,0.319802],[-0.822474,0.239072,-0.516121],[-0.563983,-0.224894,0.794572]]],"btipPosition":[64.042,191.034,-42.1073],"carpPosition":[45.6389,136.389,85.4817],"dipPosition":[53.6587,186.893,-27.4788],"direction":[0.485085,0.246144,-0.83911],"extended":true,"handId":424,"id":4243,"length":63.4857,"mcpPosition":[27.2574,167.629,35.5221],"pipPosition":[40.4175,180.174,-4.57393],"stabilizedTipPosition":[61.6538,190.081,-38.7428],"timeVisible":0,"tipPosition":[61.6538,190.081,-38.7428],"tipVelocity":[1.19209e-7,1.19209e-7,1.19209e-7],"tool":false,"touchDistance":0.952192,"touchZone":"hovering","type":3,"width":17.8125}],"r":[[1,-5.55112e-18,1.11022e-17],[5.55112e-18,1,1.11022e-17],[-1.11022e-17,-1.11022e-17,1]],"s":1,"t":[0,0,0],"timestamp":262310112471},{"currentFrameRate":26.5227,"devices":[],"gestures":[],"hands":[{"armBasis":[[0.866668,-0.0125708,-0.498727],[0.258528,0.866298,0.427424],[0.426673,-0.499369,0.754043]],"armWidth":65.6192,"confidence":0.196145,"direction":[-0.129901,0.678157,-0.723346],"elbow":[190.38,-17.0712,280.94],"grabAngle":1.19931,"grabStrength":0,"id":424,"palmNormal":[-0.299423,-0.722298,-0.623403],"palmPosition":[55.563,162.539,25.4493],"palmVelocity":[387.378,447.712,-413.333],"palmWidth":89.6585,"pinchDistance":67.9578,"pinchStrength":0.948403,"r":[[0.96841,-0.242596,-0.0577063],[0.229241,0.957167,-0.176862],[0.0981407,0.158046,0.982542]],"s":1.23518,"sphereCenter":[40.121,157.97,-17.1979],"sphereRadius":51.4231,"stabilizedPalmPosition":[52.6394,159.16,28.5687],"t":[7.30634,8.44429,-7.79588],"timeVisible":0.037722,"type":"right","wrist":[76.8641,115.786,80.3278]}],"id":239960,"interactionBox":{"center":[0,200,0],"size":[235.247,235.247,147.751]},"pointables":[{"bases":[[[0.622825,0.723806,0.296975],[-0.576118,0.167496,0.80002],[0.529317,-0.669365,0.521319]],[[0.477269,0.863526,0.162904],[-0.77232,0.323756,0.546538],[0.419209,-0.38666,0.821437]],[[0.477269,0.863526,0.162904],[-0.864314,0.49476,-0.0904082],[-0.158668,-0.0976509,0.982491]],[[0.477269,0.863526,0.162904],[-0.650966,0.471952,-0.594563],[-0.590303,0.177722,0.787374]]],"btipPosition":[39.9712,140.543,-23.3301],"carpPosition":[41.5484,122.347,68.5067],"dipPosition":[26.2872,144.663,-5.07781],"direction":[0.158668,0.0976509,-0.982491],"extended":false,"handId":424,"id":4240,"length":51.6212,"mcpPosition":[41.5484,122.347,68.5067],"pipPosition":[20.9287,141.365,28.1026],"stabilizedTipPosition":[39.935,143.78,-17.6412],"timeVisible":0.037722,"tipPosition":[35.0425,145.644,-22.4662],"tipVelocity":[-910.459,-669.955,-436.309],"tool":false,"touchDistance":1,"touchZone":"none","type":0,"width":21.2486},{"bases":[[[0.875627,-0.376169,-0.302943],[0.479585,0.751494,0.453051],[0.0572358,-0.541991,0.838433]],[[0.872402,-0.352787,-0.338314],[0.33631,0.935505,-0.108291],[0.354698,-0.0193047,0.934782]],[[0.872402,-0.352787,-0.338314],[0.33631,0.935505,-0.108291],[0.354698,-0.0193047,0.934782]],[[0.872402,-0.352787,-0.338314],[-0.0676339,0.598362,-0.798366],[0.484087,0.719378,0.498152]]],"btipPosition":[37.6108,163.637,-66.9477],"carpPosition":[75.532,142.113,61.0405],"dipPosition":[46.5696,176.95,-57.7286],"direction":[-0.354698,0.0193047,-0.934782],"extended":true,"handId":424,"id":4243,"length":63.8164,"mcpPosition":[71.9993,175.566,9.28955],"pipPosition":[56.3021,176.42,-32.0793],"stabilizedTipPosition":[45.131,172.506,-58.3489],"timeVisible":0.037722,"tipPosition":[34.5644,168.581,-64.5705],"tipVelocity":[-582.75,-619.855,-691.493],"tool":false,"touchDistance":0.499038,"touchZone":"hovering","type":3,"width":18.9685},{"bases":[[[0.785008,-0.555333,-0.274532],[0.613098,0.632982,0.472699],[-0.0887317,-0.539388,0.837369]],[[0.787245,-0.439529,-0.432505],[0.347445,0.895622,-0.277748],[0.509439,0.068384,0.857785]],[[0.787245,-0.439529,-0.432505],[-0.430534,0.110353,-0.895803],[0.441459,0.891424,-0.102357]],[[0.787245,-0.439529,-0.432505],[-0.582286,-0.299027,-0.755993],[0.20295,0.846993,-0.491339]]],"btipPosition":[59.905,130.335,-12.8751],"carpPosition":[84.6947,133.642,54.6403],"dipPosition":[63.37,144.796,-21.2637],"direction":[-0.441459,-0.891424,0.102357],"extended":false,"handId":424,"id":4244,"length":50.0309,"mcpPosition":[89.7646,164.461,6.79576],"pipPosition":[71.9224,162.066,-23.2467],"stabilizedTipPosition":[61.0565,136.992,-14.1471],"timeVisible":0.037722,"tipPosition":[59.5777,136.548,-19.5942],"tipVelocity":[-170.449,-1601.23,-316.037],"tool":false,"touchDistance":0.333333,"touchZone":"none","type":4,"width":16.8493},{"bases":[[[0.910007,-0.0198171,-0.41412],[0.253572,0.816854,0.518122],[0.328008,-0.576503,0.748368]],[[0.956636,-0.132391,-0.25946],[0.268049,0.748732,0.606259],[0.114003,-0.649518,0.751751]],[[0.956636,-0.132391,-0.25946],[0.243863,0.851159,0.464822],[0.159304,-0.507938,0.846535]],[[0.956636,-0.132391,-0.25946],[0.218327,0.915539,0.33782],[0.192821,-0.379818,0.904742]]],"btipPosition":[17.7533,230.356,-51.2879],"carpPosition":[53.4599,142.336,70.5316],"dipPosition":[21.0165,223.929,-35.9767],"direction":[-0.159304,0.507938,-0.846535],"extended":true,"handId":424,"id":4241,"length":58.2488,"mcpPosition":[29.6816,184.128,16.2801],"pipPosition":[24.8303,211.768,-15.71],"stabilizedTipPosition":[21.7563,225.597,-46.9217],"timeVisible":0.037722,"tipPosition":[18.2796,225.819,-47.7719],"tipVelocity":[-1608.41,1622.57,-417.698],"tool":false,"touchDistance":0.744853,"touchZone":"hovering","type":1,"width":20.2967},{"bases":[[[0.889305,-0.236484,-0.391424],[0.410909,0.788889,0.456955],[0.200727,-0.567212,0.798736]],[[0.892501,-0.245826,-0.378169],[0.423833,0.743895,0.516706],[0.154298,-0.621441,0.768116]],[[0.892501,-0.245826,-0.378169],[0.369578,0.879196,0.300709],[0.258563,-0.408146,0.875535]],[[0.892501,-0.245826,-0.378169],[0.314512,0.940153,0.131125],[0.323303,-0.235968,0.916403]]],"btipPosition":[30.1508,228.354,-67.3047],"carpPosition":[64.6173,143.803,65.9958],"dipPosition":[36.1686,223.962,-50.2473],"direction":[-0.258563,0.408146,-0.875535],"extended":true,"handId":424,"id":4242,"length":66.3698,"mcpPosition":[50.8179,182.797,11.085],"pipPosition":[43.4513,212.466,-25.5867],"stabilizedTipPosition":[32.9162,225.01,-62.5623],"timeVisible":0.037722,"tipPosition":[31.199,222.484,-64.6207],"tipVelocity":[-510.98,863.282,-303.047],"tool":false,"touchDistance":0.540536,"touchZone":"hovering","type":2,"width":19.934}],"r":[[0.96841,-0.242596,-0.0577063],[0.229241,0.957167,-0.176862],[0.0981407,0.158046,0.982542]],"s":1.23518,"t":[7.30634,8.44429,-7.79588],"timestamp":262310150193},{"currentFrameRate":27.0407,"devices":[],"gestures":[],"hands":[{"armBasis":[[0.880366,0.00854106,-0.474218],[0.197181,0.902748,0.382317],[0.431365,-0.430086,0.793064]],"armWidth":65.6192,"confidence":0.358361,"direction":[-0.112362,0.712487,-0.692631],"elbow":[185.6,10.8,281.024],"grabAngle":1.20705,"grabStrength":0,"id":424,"palmNormal":[-0.253863,-0.694496,-0.673223],"palmPosition":[50.63,173.393,16.051],"palmVelocity":[-147.414,324.349,-280.858],"palmWidth":89.6585,"pinchDistance":73.5516,"pinchStrength":1,"r":[[0.901493,-0.428492,-0.0608671],[0.390875,0.866468,-0.310565],[0.185814,0.256181,0.948601]],"s":1.40736,"sphereCenter":[33.4191,161.658,-31.2442],"sphereRadius":54.5844,"stabilizedPalmPosition":[51.1803,169.495,19.4789],"t":[8.49304,18.0933,-16.393],"timeVisible":0.071185,"type":"right","wrist":[70.8355,125.224,70.0303]}],"id":239961,"interactionBox":{"center":[0,200,0],"size":[235.247,235.247,147.751]},"pointables":[{"bases":[[[0.911483,-0.197082,-0.36105],[0.371266,0.772055,0.515841],[0.177088,-0.604226,0.776885]],[[0.92083,-0.234762,-0.311382],[0.36692,0.792012,0.487941],[0.132068,-0.563563,0.815448]],[[0.92083,-0.234762,-0.311382],[0.315551,0.917729,0.24125],[0.229127,-0.320408,0.919152]],[[0.92083,-0.234762,-0.311382],[0.298977,0.937662,0.177206],[0.25037,-0.256273,0.933616]]],"btipPosition":[28.66,234.977,-79.6522],"carpPosition":[58.2534,152.738,55.9547],"dipPosition":[33.3202,230.207,-62.2744],"direction":[-0.229127,0.320408,-0.919152],"extended":true,"handId":424,"id":4242,"length":66.3698,"mcpPosition":[46.0791,194.277,2.54613],"pipPosition":[39.7739,221.183,-36.3854],"stabilizedTipPosition":[31.0679,230.159,-70.1618],"timeVisible":0.071185,"tipPosition":[29.347,235.847,-73.5743],"tipVelocity":[-53.8814,195.327,-366.789],"tool":false,"touchDistance":0.335708,"touchZone":"hovering","type":2,"width":19.934},{"bases":[[[0.89701,-0.341487,-0.280642],[0.440895,0.736347,0.51323],[0.0313886,-0.584106,0.81107]],[[0.89689,-0.383508,-0.22025],[0.367889,0.923374,-0.109717],[0.24545,0.0173768,0.969253]],[[0.89689,-0.383508,-0.22025],[0.367889,0.923374,-0.109717],[0.24545,0.0173768,0.969253]],[[0.89689,-0.383508,-0.22025],[0.141055,0.720067,-0.679417],[0.419156,0.578295,0.699917]]],"btipPosition":[42.1274,175.642,-81.0694],"carpPosition":[69.4193,151.537,51.4352],"dipPosition":[49.8846,186.345,-68.1164],"direction":[-0.24545,-0.0173768,-0.969253],"extended":true,"handId":424,"id":4243,"length":63.8164,"mcpPosition":[67.4819,187.59,1.37316],"pipPosition":[56.6194,186.821,-41.5213],"stabilizedTipPosition":[44.4259,175.743,-69.7627],"timeVisible":0.071185,"tipPosition":[37.4003,181.669,-75.7661],"tipVelocity":[126.714,340.818,-396.347],"tool":false,"touchDistance":0.277989,"touchZone":"hovering","type":3,"width":18.9685},{"bases":[[[0.591716,0.71989,0.36281],[-0.615777,0.113161,0.779752],[0.52028,-0.684802,0.510251]],[[0.405339,0.894132,0.190339],[-0.869774,0.313109,0.381387],[0.281413,-0.320143,0.904608]],[[0.405339,0.894132,0.190339],[-0.872338,0.440576,-0.211943],[-0.273364,-0.0801315,0.958567]],[[0.405339,0.894132,0.190339],[-0.587731,0.414363,-0.694893],[-0.700195,0.169799,0.693466]]],"btipPosition":[47.2174,145.223,-36.6721],"carpPosition":[35.596,130.706,56.2708],"dipPosition":[30.986,149.16,-20.5967],"direction":[0.273364,0.0801315,-0.958567],"extended":false,"handId":424,"id":4240,"length":51.6212,"mcpPosition":[35.596,130.706,56.2708],"pipPosition":[21.754,146.453,11.7757],"stabilizedTipPosition":[41.9662,145.124,-26.4167],"timeVisible":0.071185,"tipPosition":[38.364,152.07,-33.2633],"tipVelocity":[199.035,138.596,-413.671],"tool":false,"touchDistance":0.84302,"touchZone":"hovering","type":0,"width":21.2486},{"bases":[[[0.928188,0.0208618,-0.371527],[0.210695,0.793498,0.570937],[0.306717,-0.608215,0.732119]],[[0.966946,-0.0833713,-0.240966],[0.214748,0.775786,0.593328],[0.137471,-0.625464,0.768047]],[[0.966946,-0.0833713,-0.240966],[0.178018,0.89732,0.40389],[0.18255,-0.433436,0.882501]],[[0.966946,-0.0833713,-0.240966],[0.146868,0.95463,0.25906],[0.208435,-0.285887,0.93532]]],"btipPosition":[10.9547,236.726,-62.8324],"carpPosition":[46.9374,150.804,59.8813],"dipPosition":[14.4821,231.888,-47.0037],"direction":[-0.18255,0.433436,-0.882501],"extended":true,"handId":424,"id":4241,"length":58.2488,"mcpPosition":[24.7025,194.895,6.80773],"pipPosition":[18.8525,221.511,-25.8759],"stabilizedTipPosition":[14.4613,232.911,-55.8814],"timeVisible":0.071185,"tipPosition":[13.8007,237.956,-57.0344],"tipVelocity":[-201.351,201.275,-341.434],"tool":false,"touchDistance":0.53232,"touchZone":"hovering","type":1,"width":20.2967},{"bases":[[[0.809352,-0.523736,-0.2658],[0.576075,0.619753,0.532958],[-0.114399,-0.584472,0.803309]],[[0.808492,-0.528007,-0.259903],[0.436603,0.83427,-0.336706],[0.394613,0.15875,0.90503]],[[0.808492,-0.528007,-0.259903],[-0.285545,0.0342085,-0.957755],[0.514592,0.848551,-0.123113]],[[0.808492,-0.528007,-0.259903],[-0.489393,-0.357928,-0.795225],[0.326858,0.770127,-0.547785]]],"btipPosition":[56.2242,141.854,-20.8162],"carpPosition":[79.0581,143.607,45.0419],"dipPosition":[61.8046,155.003,-30.1686],"direction":[-0.514592,-0.84855,0.123113],"extended":false,"handId":424,"id":4244,"length":50.0309,"mcpPosition":[85.5944,177.002,-0.85653],"pipPosition":[71.7738,171.442,-32.5536],"stabilizedTipPosition":[57.9393,143.919,-21.8946],"timeVisible":0.071185,"tipPosition":[57.3363,148.973,-28.7343],"tipVelocity":[-95.4569,335.212,-243.935],"tool":false,"touchDistance":0.333333,"touchZone":"none","type":4,"width":16.8493}],"r":[[0.901493,-0.428492,-0.0608671],[0.390875,0.866468,-0.310565],[0.185814,0.256181,0.948601]],"s":1.40736,"t":[8.49304,18.0933,-16.393],"timestamp":262310183656},{"currentFrameRate":28.6344,"devices":[],"gestures":[],"hands":[{"armBasis":[[0.881453,0.0957566,-0.462462],[0.135816,0.886466,0.442416],[0.452321,-0.452779,0.768373]],"armWidth":65.6192,"confidence":0.465181,"direction":[-0.134926,0.732214,-0.667576],"elbow":[191.204,8.27248,271.466],"grabAngle":1.25588,"grabStrength":0,"id":424,"palmNormal":[-0.192206,-0.680281,-0.707301],"palmPosition":[49.1633,177.966,14.5995],"palmVelocity":[-59.9439,186.888,-59.3229],"palmWidth":89.6585,"pinchDistance":72.9147,"pinchStrength":1,"r":[[0.830294,-0.555937,-0.0393158],[0.495665,0.768847,-0.403969],[0.254809,0.315926,0.913927]],"s":1.5273,"sphereCenter":[33.9961,165.211,-34.3183],"sphereRadius":54.8426,"stabilizedPalmPosition":[49.6694,175.84,15.8239],"t":[8.35304,25.2042,-21.4173],"timeVisible":0.095653,"type":"right","wrist":[70.8646,128.734,67.0409]}],"id":239962,"interactionBox":{"center":[0,200,0],"size":[235.247,235.247,147.751]},"pointables":[{"bases":[[[0.53673,0.73811,0.408797],[-0.643673,0.0449343,0.76398],[0.545532,-0.673183,0.499219]],[[0.331416,0.916179,0.225341],[-0.898705,0.233843,0.371008],[0.287216,-0.325473,0.900874]],[[0.331416,0.916179,0.225341],[-0.911471,0.372593,-0.17434],[-0.243687,-0.147613,0.958555]],[[0.331416,0.916179,0.225341],[-0.667374,0.396469,-0.630415],[-0.666914,0.0585431,0.742831]]],"btipPosition":[45.1285,152.506,-41.2621],"carpPosition":[35.5662,132.869,52.6411],"dipPosition":[29.6686,153.863,-24.0424],"direction":[0.243687,0.147613,-0.958555],"extended":false,"handId":424,"id":4240,"length":51.6212,"mcpPosition":[35.5662,132.869,52.6411],"pipPosition":[21.4389,148.878,8.32963],"stabilizedTipPosition":[41.7542,149.27,-32.2827],"timeVisible":0.095653,"tipPosition":[40.0528,156.848,-36.1801],"tipVelocity":[-78.1187,273.383,-176.836],"tool":false,"touchDistance":0.727149,"touchZone":"hovering","type":0,"width":21.2486},{"bases":[[[0.935581,0.0905282,-0.34131],[0.146139,0.780648,0.607645],[0.321452,-0.618379,0.71713]],[[0.976416,-0.0151497,-0.215365],[0.148561,0.770965,0.619308],[0.156657,-0.636698,0.755033]],[[0.976416,-0.0151497,-0.215365],[0.117154,0.875076,0.469592],[0.181347,-0.483748,0.856213]],[[0.976416,-0.0151497,-0.215365],[0.0949835,0.925953,0.365498],[0.193881,-0.377334,0.905555]]],"btipPosition":[7.97979,243.324,-62.5581],"carpPosition":[45.5719,153.435,57.382],"dipPosition":[11.2609,236.938,-47.2332],"direction":[-0.181347,0.483748,-0.856213],"extended":true,"handId":424,"id":4241,"length":58.2488,"mcpPosition":[22.2689,198.263,5.39508],"pipPosition":[15.6025,225.357,-26.7348],"stabilizedTipPosition":[9.92834,239.991,-58.3763],"timeVisible":0.095653,"tipPosition":[10.5122,243.076,-57.1735],"tipVelocity":[-123.901,255.118,6.47365],"tool":false,"touchDistance":0.514797,"touchZone":"hovering","type":1,"width":20.2967},{"bases":[[[0.931696,-0.128266,-0.33984],[0.309228,0.770949,0.556791],[0.190581,-0.623848,0.757953]],[[0.942695,-0.171348,-0.286296],[0.293306,0.834606,0.466267],[0.159051,-0.52352,0.837036]],[[0.942695,-0.171348,-0.286296],[0.241252,0.942784,0.23012],[0.230485,-0.286002,0.930096]],[[0.942695,-0.171348,-0.286296],[0.231783,0.953528,0.192512],[0.240005,-0.247839,0.938602]]],"btipPosition":[25.2053,236.74,-81.8488],"carpPosition":[56.8599,156.19,53.8884],"dipPosition":[29.6726,232.127,-64.3782],"direction":[-0.230485,0.286002,-0.930096],"extended":true,"handId":424,"id":4242,"length":66.3698,"mcpPosition":[43.758,199.077,1.78135],"pipPosition":[36.1645,224.072,-38.1808],"stabilizedTipPosition":[28.3196,233.297,-74.5208],"timeVisible":0.095653,"tipPosition":[26.6012,240.544,-74.5648],"tipVelocity":[-143.006,73.5232,-88.8999],"tool":false,"touchDistance":0.300606,"touchZone":"hovering","type":2,"width":19.934},{"bases":[[[0.923607,-0.276423,-0.265596],[0.380921,0.739535,0.554966],[0.0430124,-0.613742,0.788334]],[[0.924275,-0.320666,-0.207097],[0.311099,0.94716,-0.0781341],[0.221209,0.00778978,0.975195]],[[0.924275,-0.320666,-0.207097],[0.311099,0.94716,-0.0781341],[0.221209,0.00778978,0.975195]],[[0.924275,-0.320666,-0.207097],[0.0499841,0.639521,-0.767147],[0.378441,0.698703,0.607121]]],"btipPosition":[42.6854,180.226,-80.134],"carpPosition":[68.2033,155.833,49.676],"dipPosition":[49.689,193.157,-68.8983],"direction":[-0.221209,-0.00778978,-0.975195],"extended":true,"handId":424,"id":4243,"length":63.8164,"mcpPosition":[65.5484,193.715,1.01732],"pipPosition":[55.7588,193.37,-42.1401],"stabilizedTipPosition":[44.3372,180.849,-75.0947],"timeVisible":0.095653,"tipPosition":[39.3522,187.977,-77.2656],"tipVelocity":[15.7221,208.284,22.0899],"tool":false,"touchDistance":0.291988,"touchZone":"hovering","type":3,"width":18.9685},{"bases":[[[0.846657,-0.463966,-0.260591],[0.522232,0.630391,0.574353],[-0.102206,-0.622369,0.776022]],[[0.837556,-0.505918,-0.206271],[0.421499,0.838549,-0.345216],[0.347619,0.202195,0.915575]],[[0.837556,-0.505918,-0.206271],[-0.244257,-0.00902195,-0.969669],[0.488712,0.862534,-0.13113]],[[0.837556,-0.505918,-0.206271],[-0.442558,-0.40684,-0.799139],[0.32038,0.76061,-0.564649]]],"btipPosition":[57.2083,147.533,-20.9422],"carpPosition":[78.481,148.75,43.2829],"dipPosition":[62.6781,160.519,-30.5825],"direction":[-0.488712,-0.862534,0.13113],"extended":false,"handId":424,"id":4244,"length":50.0309,"mcpPosition":[84.3207,184.31,-1.05641],"pipPosition":[72.1459,177.228,-33.1229],"stabilizedTipPosition":[58.4096,149.809,-23.0233],"timeVisible":0.095653,"tipPosition":[58.5908,155.074,-29.779],"tipVelocity":[39.1804,230.542,-7.85434],"tool":false,"touchDistance":0.333333,"touchZone":"none","type":4,"width":16.8493}],"r":[[0.830294,-0.555937,-0.0393158],[0.495665,0.768847,-0.403969],[0.254809,0.315926,0.913927]],"s":1.5273,"t":[8.35304,25.2042,-21.4173],"timestamp":262310208124},{"currentFrameRate":30.7063,"devices":[],"gestures":[],"hands":[{"armBasis":[[0.882113,0.142262,-0.449042],[0.106114,0.868781,0.483694],[0.45893,-0.474322,0.751266]],"armWidth":65.6192,"confidence":0.542642,"direction":[-0.135703,0.76249,-0.632609],"elbow":[191.598,4.50922,262.713],"grabAngle":1.21286,"grabStrength":0,"id":424,"palmNormal":[-0.162322,-0.646998,-0.745013],"palmPosition":[47.7532,182.039,12.4828],"palmVelocity":[-71.4341,206.344,-107.225],"palmWidth":89.6585,"pinchDistance":71.6266,"pinchStrength":0.959833,"r":[[0.763966,-0.645136,-0.0124787],[0.567303,0.680759,-0.463394],[0.307447,0.346938,0.886064]],"s":1.61005,"sphereCenter":[32.671,169.291,-37.3295],"sphereRadius":54.452,"stabilizedPalmPosition":[48.3126,180.229,13.4582],"t":[7.57798,30.7962,-24.9878],"timeVisible":0.115393,"type":"right","wrist":[69.4999,130.702,62.839]}],"id":239963,"interactionBox":{"center":[0,200,0],"size":[235.247,235.247,147.751]},"pointables":[{"bases":[[[0.511993,0.726841,0.457783],[-0.661022,-0.00694985,0.750334],[0.548556,-0.68677,0.4769]],[[0.306299,0.910355,0.278272],[-0.908885,0.192758,0.369828],[0.283036,-0.366195,0.886449]],[[0.306299,0.910355,0.278272],[-0.925177,0.353508,-0.138127],[-0.224116,-0.215143,0.950519]],[[0.306299,0.910355,0.278272],[-0.703388,0.41341,-0.578219],[-0.641425,-0.0186256,0.76696]]],"btipPosition":[42.7973,160.507,-45.6077],"carpPosition":[34.2813,134.797,47.8739],"dipPosition":[27.9283,160.075,-27.8286],"direction":[0.224116,0.215143,-0.950519],"extended":false,"handId":424,"id":4240,"length":51.6212,"mcpPosition":[34.2813,134.797,47.8739],"pipPosition":[20.3596,152.809,4.27201],"stabilizedTipPosition":[40.4861,155.212,-37.2103],"timeVisible":0.115393,"tipPosition":[40.0695,162.889,-39.8195],"tipVelocity":[-111.21,384.486,-213.623],"tool":false,"touchDistance":0.624513,"touchZone":"hovering","type":0,"width":21.2486},{"bases":[[[0.940702,0.12646,-0.314782],[0.116339,0.751382,0.649531],[0.318661,-0.647636,0.692114]],[[0.980987,0.0153492,-0.193463],[0.116484,0.750766,0.650217],[0.155226,-0.66039,0.734704]],[[0.980987,0.0153492,-0.193463],[0.0887038,0.851183,0.51732],[0.172613,-0.524645,0.833638]],[[0.980987,0.0153492,-0.193463],[0.0697343,0.902411,0.425196],[0.18111,-0.430603,0.884184]]],"btipPosition":[6.84165,250.189,-62.4828],"carpPosition":[43.7453,155.29,53.8767],"dipPosition":[9.90662,242.902,-47.5195],"direction":[-0.172613,0.524645,-0.833638],"extended":true,"handId":424,"id":4241,"length":58.2488,"mcpPosition":[20.6446,202.239,3.7032],"pipPosition":[14.0391,230.342,-27.5616],"stabilizedTipPosition":[7.97609,246.976,-58.9213],"timeVisible":0.115393,"tipPosition":[9.26851,249.905,-56.8336],"tipVelocity":[-60.1746,337.271,-0.39703],"tool":false,"touchDistance":0.496533,"touchZone":"hovering","type":1,"width":20.2967},{"bases":[[[0.941397,-0.092158,-0.324466],[0.280669,0.747543,0.602],[0.187074,-0.657788,0.729601]],[[0.952289,-0.138549,-0.271938],[0.25219,0.859048,0.445462],[0.171889,-0.492788,0.853003]],[[0.952289,-0.138549,-0.271938],[0.203943,0.951757,0.229272],[0.227053,-0.273793,0.934604]],[[0.952289,-0.138549,-0.271938],[0.203943,0.951757,0.229272],[0.227053,-0.273793,0.934604]]],"btipPosition":[23.3577,240,-83.8166],"carpPosition":[55.0464,158.444,50.7862],"dipPosition":[27.5839,234.904,-66.4204],"direction":[-0.227053,0.273793,-0.934604],"extended":true,"handId":424,"id":4242,"length":66.3698,"mcpPosition":[42.1856,203.665,0.628311],"pipPosition":[33.9792,227.192,-40.0961],"stabilizedTipPosition":[26.1082,236.362,-77.4554],"timeVisible":0.115393,"tipPosition":[25.3857,245.715,-75.6538],"tipVelocity":[-96.4045,159.509,-100.556],"tool":false,"touchDistance":0.27127,"touchZone":"hovering","type":2,"width":19.934},{"bases":[[[0.934811,-0.244042,-0.258015],[0.353031,0.717699,0.600231],[0.0386958,-0.65219,0.757067]],[[0.93507,-0.292478,-0.200252],[0.290429,0.956051,-0.0402098],[0.203212,-0.0205601,0.978919]],[[0.93507,-0.292478,-0.200252],[0.123769,0.798791,-0.588739],[0.332153,0.525727,0.783126]],[[0.93507,-0.292478,-0.200252],[0.123769,0.798791,-0.588739],[0.332153,0.525727,0.783126]]],"btipPosition":[39.8417,175.54,-79.2098],"carpPosition":[66.4841,158.529,46.822],"dipPosition":[45.9887,185.269,-64.7169],"direction":[-0.332153,-0.525727,-0.783126],"extended":false,"handId":424,"id":4243,"length":63.8164,"mcpPosition":[64.0957,198.784,0.0932881],"pipPosition":[55.1025,199.694,-43.2289],"stabilizedTipPosition":[42.1458,178.665,-75.6506],"timeVisible":0.115393,"tipPosition":[40.5806,186.147,-77.2524],"tipVelocity":[-154.042,-274.709,84.7663],"tool":false,"touchDistance":0.322612,"touchZone":"hovering","type":3,"width":18.9685},{"bases":[[[0.86174,-0.433093,-0.264264],[0.496153,0.610547,0.617305],[-0.106005,-0.663071,0.741013]],[[0.850657,-0.484176,-0.204833],[0.414948,0.857593,-0.303895],[0.322802,0.173516,0.930425]],[[0.850657,-0.484176,-0.204833],[-0.223491,0.0196141,-0.974509],[0.475851,0.874751,-0.0915242]],[[0.850657,-0.484176,-0.204833],[-0.421119,-0.394319,-0.816806],[0.314708,0.781081,-0.539326]]],"btipPosition":[57.2056,153.514,-23.6285],"carpPosition":[77.0461,151.988,40.316],"dipPosition":[62.5786,166.85,-32.8364],"direction":[-0.475851,-0.874751,0.0915242],"extended":false,"handId":424,"id":4244,"length":50.0309,"mcpPosition":[83.1029,189.873,-2.02298],"pipPosition":[71.7973,183.796,-34.6095],"stabilizedTipPosition":[58.4366,155.547,-25.3303],"timeVisible":0.115393,"tipPosition":[58.6206,161.416,-32.4667],"tipVelocity":[-1.26268,307.099,-131.047],"tool":false,"touchDistance":0.333333,"touchZone":"none","type":4,"width":16.8493}],"r":[[0.763966,-0.645136,-0.0124787],[0.567303,0.680759,-0.463394],[0.307447,0.346938,0.886064]],"s":1.61005,"t":[7.57798,30.7962,-24.9878],"timestamp":262310227864},{"currentFrameRate":32.6088,"devices":[],"gestures":[],"hands":[{"armBasis":[[0.881189,0.174871,-0.439234],[0.0860889,0.854189,0.512787],[0.46486,-0.489675,0.737647]],"armWidth":65.6192,"confidence":0.611293,"direction":[-0.135535,0.794792,-0.591554],"elbow":[191.912,2.56816,254.935],"grabAngle":1.36436,"grabStrength":0,"id":424,"palmNormal":[-0.145376,-0.606555,-0.781638],"palmPosition":[46.4697,186.472,10.8093],"palmVelocity":[-65.5901,226.52,-85.5214],"palmWidth":89.6585,"pinchDistance":71.089,"pinchStrength":1,"r":[[0.705812,-0.708333,0.00972583],[0.617602,0.608563,-0.498216],[0.346984,0.357653,0.866999]],"s":1.66371,"sphereCenter":[31.9885,175.703,-38.9536],"sphereRadius":52.6158,"stabilizedPalmPosition":[46.9045,184.999,11.4343],"t":[6.54869,35.8086,-27.6098],"timeVisible":0.134962,"type":"right","wrist":[68.2368,132.846,58.6843]}],"id":239964,"interactionBox":{"center":[0,200,0],"size":[235.247,235.247,147.751]},"pointables":[{"bases":[[[0.943379,0.153105,-0.294269],[0.0995379,0.715573,0.69141],[0.316429,-0.681552,0.659817]],[[0.981976,0.0415584,-0.18438],[0.0961896,0.729859,0.676797],[0.162698,-0.682334,0.712706]],[[0.981976,0.0415584,-0.18438],[0.0663744,0.83757,0.542284],[0.176967,-0.544748,0.819715]],[[0.981976,0.0415584,-0.18438],[0.0521291,0.878138,0.47556],[0.181674,-0.4766,0.860144]]],"btipPosition":[5.02814,256.994,-61.7316],"carpPosition":[42.2018,157.443,50.6103],"dipPosition":[8.10266,248.928,-47.1751],"direction":[-0.176967,0.544748,-0.819715],"extended":true,"handId":424,"id":4241,"length":58.2488,"mcpPosition":[19.2629,206.851,2.77815],"pipPosition":[12.3394,235.887,-27.5505],"stabilizedTipPosition":[5.99736,254.184,-58.4465],"timeVisible":0.134962,"tipPosition":[7.92198,257.4,-55.5311],"tipVelocity":[-92.5604,338.588,33.6054],"tool":false,"touchDistance":0.490077,"touchZone":"hovering","type":1,"width":20.2967},{"bases":[[[0.946573,-0.0646286,-0.315947],[0.264517,0.716019,0.646024],[0.184473,-0.695083,0.694859]],[[0.956951,-0.111888,-0.267817],[0.216746,0.889168,0.402991],[0.193044,-0.443691,0.875141]],[[0.956951,-0.111888,-0.267817],[0.164192,0.969565,0.181619],[0.239344,-0.217774,0.946197]],[[0.956951,-0.111888,-0.267817],[0.164192,0.969565,0.181619],[0.239344,-0.217774,0.946197]]],"btipPosition":[20.4133,240.032,-85.9587],"carpPosition":[53.5081,160.876,47.8551],"dipPosition":[24.8683,235.978,-68.3467],"direction":[-0.239344,0.217774,-0.946197],"extended":true,"handId":424,"id":4242,"length":66.3698,"mcpPosition":[40.8261,208.661,0.0855324],"pipPosition":[31.6097,229.844,-41.6959],"stabilizedTipPosition":[23.54,237.867,-79.9039],"timeVisible":0.134962,"tipPosition":[23.2309,247.969,-77.4032],"tipVelocity":[-147.774,13.8638,-106.925],"tool":false,"touchDistance":0.236681,"touchZone":"hovering","type":2,"width":19.934},{"bases":[[[0.869822,-0.40915,-0.275691],[0.481251,0.580568,0.656763],[-0.108657,-0.703944,0.701895]],[[0.8579,-0.465806,-0.216871],[0.408556,0.874369,-0.261843],[0.311593,0.136031,0.940428]],[[0.8579,-0.465806,-0.216871],[-0.218504,0.0512736,-0.974488],[0.465042,0.8834,-0.057793]],[[0.8579,-0.465806,-0.216871],[-0.416174,-0.3824,-0.824966],[0.301343,0.797995,-0.521917]]],"btipPosition":[56.855,159.948,-25.6585],"carpPosition":[75.7138,155.229,37.352],"dipPosition":[61.9999,173.572,-34.5692],"direction":[-0.465042,-0.8834,0.057793],"extended":false,"handId":424,"id":4244,"length":50.0309,"mcpPosition":[81.9221,195.45,-2.75193],"pipPosition":[71.0091,190.686,-35.6888],"stabilizedTipPosition":[58.0868,162.164,-27.4186],"timeVisible":0.134962,"tipPosition":[58.1499,168.151,-34.6178],"tipVelocity":[-20.5974,332.142,-100.241],"tool":false,"touchDistance":0.333333,"touchZone":"none","type":4,"width":16.8493},{"bases":[[[0.49795,0.705633,0.504111],[-0.670829,-0.0549681,0.739572],[0.549577,-0.706442,0.445988]],[[0.283884,0.90226,0.324556],[-0.916858,0.156344,0.367326],[0.280682,-0.40185,0.871628]],[[0.283884,0.90226,0.324556],[-0.93705,0.332832,-0.105646],[-0.203343,-0.274134,0.939948]],[[0.283884,0.90226,0.324556],[-0.732526,0.422485,-0.533772],[-0.618721,-0.086217,0.780866]]],"btipPosition":[40.4451,168.24,-49.3587],"carpPosition":[33.0411,137.218,43.3592],"dipPosition":[26.1024,166.241,-31.2573],"direction":[0.203343,0.274134,-0.939948],"extended":false,"handId":424,"id":4240,"length":51.6212,"mcpPosition":[33.0411,137.218,43.3592],"pipPosition":[19.2352,156.983,0.486345],"stabilizedTipPosition":[38.4806,162.759,-42.0052],"timeVisible":0.134962,"tipPosition":[39.3745,169.862,-42.8945],"tipVelocity":[-114.016,376.756,-187.894],"tool":false,"touchDistance":0.540242,"touchZone":"hovering","type":0,"width":21.2486},{"bases":[[[0.940751,-0.220003,-0.258045],[0.337216,0.687049,0.643622],[0.0356906,-0.692504,0.72053]],[[0.940692,-0.272919,-0.201528],[0.271157,0.96183,-0.0368488],[0.203892,-0.0199823,0.978789]],[[0.940692,-0.272919,-0.201528],[-0.0282814,0.528869,-0.848232],[0.33808,0.803625,0.489784]],[[0.940692,-0.272919,-0.201528],[-0.0282814,0.528869,-0.848232],[0.33808,0.803625,0.489784]]],"btipPosition":[38.2365,168,-66.2327],"carpPosition":[64.9959,161.295,44.0606],"dipPosition":[44.4932,182.873,-57.1685],"direction":[-0.33808,-0.803625,-0.489784],"extended":false,"handId":424,"id":4243,"length":63.8164,"mcpPosition":[62.793,204.039,-0.412923],"pipPosition":[53.7697,204.923,-43.7294],"stabilizedTipPosition":[40.9267,175.09,-69.974],"timeVisible":0.134962,"tipPosition":[39.9466,179.862,-69.2449],"tipVelocity":[-80.7345,-324.826,599.344],"tool":false,"touchDistance":0.499613,"touchZone":"hovering","type":3,"width":18.9685}],"r":[[0.705812,-0.708333,0.00972583],[0.617602,0.608563,-0.498216],[0.346984,0.357653,0.866999]],"s":1.66371,"t":[6.54869,35.8086,-27.6098],"timestamp":262310247433},{"currentFrameRate":34.3268,"devices":[],"gestures":[],"hands":[{"armBasis":[[0.878881,0.193139,-0.436193],[0.0741396,0.847962,0.524846],[0.471244,-0.493617,0.730939]],"armWidth":65.6192,"confidence":0.671953,"direction":[-0.114002,0.842852,-0.525932],"elbow":[191.596,2.74526,248.209],"grabAngle":1.5004,"grabStrength":0,"id":424,"palmNormal":[-0.13646,-0.537651,-0.832052],"palmPosition":[45.7151,191.229,9.64994],"palmVelocity":[-38.4786,242.576,-59.1161],"palmWidth":89.6585,"pinchDistance":69.4006,"pinchStrength":1,"r":[[0.653465,-0.756662,0.0211251],[0.657288,0.55336,-0.511631],[0.375442,0.348218,0.858946]],"s":1.68661,"sphereCenter":[33.2756,182.105,-42.1266],"sphereRadius":51.845,"stabilizedPalmPosition":[45.9154,190.179,9.95049],"t":[5.65674,40.6934,-29.5005],"timeVisible":0.154573,"type":"right","wrist":[66.2219,134.072,53.7438]}],"id":239965,"interactionBox":{"center":[0,200,0],"size":[235.247,235.247,147.751]},"pointables":[{"bases":[[[0.950953,0.164276,-0.262111],[0.0937694,0.654381,0.750328],[0.294781,-0.738105,0.606882]],[[0.984344,0.052041,-0.168401],[0.081889,0.71102,0.698387],[0.156081,-0.701243,0.695627]],[[0.984344,0.052041,-0.168401],[0.0521358,0.826701,0.560221],[0.168372,-0.56023,0.811044]],[[0.984344,0.052041,-0.168401],[0.041999,0.858648,0.510842],[0.171182,-0.509917,0.843019]]],"btipPosition":[5.35088,264.45,-60.4718],"carpPosition":[40.2903,159.06,46.8084],"dipPosition":[8.24784,255.821,-46.2051],"direction":[-0.168372,0.56023,-0.811044],"extended":true,"handId":424,"id":4241,"length":58.2488,"mcpPosition":[18.9207,212.568,2.81374],"pipPosition":[12.2788,242.408,-26.7881],"stabilizedTipPosition":[6.01564,261.823,-57.2879],"timeVisible":0.154573,"tipPosition":[8.53727,266.564,-52.7679],"tipVelocity":[14.3747,373.587,60.8405],"tool":false,"touchDistance":0.4923,"touchZone":"hovering","type":1,"width":20.2967},{"bases":[[[0.952024,-0.0509344,-0.301756],[0.259638,0.65637,0.708355],[0.161984,-0.752718,0.638104]],[[0.961119,-0.104222,-0.255713],[0.204341,0.891297,0.404765],[0.18573,-0.44128,0.877939]],[[0.961119,-0.104222,-0.255713],[0.119575,0.991796,0.045203],[0.248904,-0.0740223,0.965695]],[[0.961119,-0.104222,-0.255713],[0.119575,0.991796,0.045203],[0.248904,-0.0740223,0.965695]]],"btipPosition":[20.0436,238.836,-86.3889],"carpPosition":[51.6904,162.558,44.5687],"dipPosition":[24.6766,237.458,-68.414],"direction":[-0.248904,0.0740223,-0.965695],"extended":true,"handId":424,"id":4242,"length":66.3698,"mcpPosition":[40.5545,214.305,0.700971],"pipPosition":[31.6872,235.373,-41.214],"stabilizedTipPosition":[22.0691,238.262,-81.3264],"timeVisible":0.154573,"tipPosition":[22.9489,248.698,-78.1689],"tipVelocity":[-16.7639,-29.6066,-17.6