{"frames":342,"data":[{"currentFrameRate":26.5111,"devices":[],"gestures":[],"hands":[],"id":240356,"interactionBox":{"center":[0,200,0],"size":[235.247,235.247,147.751]},"pointables":[],"r":[[-0.020113,-0.761857,-0.647433],[0.506356,0.550609,-0.663651],[0.86209,-0.34118,0.374696]],"s":-5.55733,"t":[884.858,792.664,758.259],"timestamp":262322595588},{"currentFrameRate":26.5041,"devices":[],"gestures":[],"hands":[],"id":240357,"interactionBox":{"center":[0,200,0],"size":[235.247,235.247,147.751]},"pointables":[],"r":[[-0.020113,-0.761857,-0.647433],[0.506356,0.550609,-0.663651],[0.86209,-0.34118,0.374696]],"s":-5.55733,"t":[884.858,792.664,758.259],"timestamp":262322633366},{"currentFrameRate":26.5058,"devices":[],"gestures":[],"hands":[],"id":240358,"interactionBox":{"center":[0,200,0],"size":[235.247,235.247,147.751]},"pointables":[],"r":[[-0.020113,-0.761857,-0.647433],[0.506356,0.550609,-0.663651],[0.86209,-0.34118,0.374696]],"s":-5.55733,"t":[884.858,792.664,758.259],"timestamp":262322671082},{"currentFrameRate":26.516,"devices":[],"gestures":[],"hands":[],"id":240359,"interactionBox":{"center":[0,200,0],"size":[235.247,235.247,147.751]},"pointables":[],"r":[[-0.020113,-0.761857,-0.647433],[0.506356,0.550609,-0.663651],[0.86209,-0.34118,0.374696]],"s":-5.55733,"t":[884.858,792.664,758.259],"timestamp":262322708725},{"currentFrameRate":26.5164,"devices":[],"gestures":[],"hands":[],"id":240360,"interactionBox":{"center":[0,200,0],"size":[235.247,235.247,147.751]},"pointables":[],"r":[[-0.020113,-0.761857,-0.647433],[0.506356,0.550609,-0.663651],[0.86209,-0.34118,0.374696]],"s":-5.55733,"t":[884.858,792.664,758.259],"timestamp":262322746435},{"currentFrameRate":26.5137,"devices":[],"gestures":[],"hands":[],"id":240361,"interactionBox":{"center":[0,200,0],"size":[235.247,235.247,147.751]},"pointables":[],"r":[[-0.020113,-0.761857,-0.647433],[0.506356,0.550609,-0.663651],[0.86209,-0.34118,0.374696]],"s":-5.55733,"t":[884.858,792.664,758.259],"timestamp":262322784170},{"currentFrameRate":26.5114,"devices":[],"gestures":[],"hands":[],"id":240362,"interactionBox":{"center":[0,200,0],"size":[235.247,235.247,147.751]},"pointables":[],"r":[[-0.020113,-0.761857,-0.647433],[0.506356,0.550609,-0.663651],[0.86209,-0.34118,0.374696]],"s":-5.55733,"t":[884.858,792.664,758.259],"timestamp":262322821905},{"currentFrameRate":26.4823,"devices":[],"gestures":[],"hands":[],"id":240363,"interactionBox":{"center":[0,200,0],"size":[235.247,235.247,147.751]},"pointables":[],"r":[[-0.020113,-0.761857,-0.647433],[0.506356,0.550609,-0.663651],[0.86209,-0.34118,0.374696]],"s":-5.55733,"t":[884.858,792.664,758.259],"timestamp":262322859866},{"currentFrameRate":26.5334,"devices":[],"gestures":[],"hands":[],"id":240364,"interactionBox":{"center":[0,200,0],"size":[235.247,235.247,147.751]},"pointables":[],"r":[[-0.020113,-0.761857,-0.647433],[0.506356,0.550609,-0.663651],[0.86209,-0.34118,0.374696]],"s":-5.55733,"t":[884.858,792.664,758.259],"timestamp":262322897204},{"currentFrameRate":26.521,"devices":[],"gestures":[],"hands":[],"id":240365,"interactionBox":{"center":[0,200,0],"size":[235.247,235.247,147.751]},"pointables":[],"r":[[-0.020113,-0.761857,-0.647433],[0.506356,0.550609,-0.663651],[0.86209,-0.34118,0.374696]],"s":-5.55733,"t":[884.858,792.664,758.259],"timestamp":262322934995},{"currentFrameRate":26.4866,"devices":[],"gestures":[],"hands":[{"armBasis":[[0.782375,-0.473768,-0.404268],[0.459635,0.877238,-0.138522],[0.420267,-0.0774397,0.90409]],"armWidth":62.7876,"confidence":0,"direction":[-0.0720913,0.609183,-0.789746],"elbow":[192.829,99.7726,333.948],"grabAngle":1.72199,"grabStrength":0,"id":426,"palmNormal":[-0.636018,-0.638009,-0.434079],"palmPosition":[63.1667,161.332,33.7555],"palmVelocity":[1.19209e-7,1.19209e-7,1.19209e-7],"palmWidth":89.6585,"pinchDistance":68.6993,"pinchStrength":1,"r":[[1,8.32667e-18,1.249e-17],[-8.32667e-18,1,-4.44089e-17],[-1.249e-17,4.44089e-17,1]],"s":1,"sphereCenter":[31.2257,139.923,-4.84388],"sphereRadius":51.1873,"stabilizedPalmPosition":[63.1667,161.332,33.7555],"t":[0,0,0],"timeVisible":0,"type":"right","wrist":[81.0171,120.375,93.4158]}],"id":240366,"interactionBox":{"center":[0,200,0],"size":[235.247,235.247,147.751]},"pointables":[{"bases":[[[0.664753,-0.556126,-0.498825],[0.722945,0.647169,0.241913],[0.18829,-0.521436,0.832257]],[[0.67738,-0.594983,-0.43261],[0.666344,0.745423,0.0181562],[0.311675,-0.300566,0.901398]],[[0.67738,-0.594983,-0.43261],[0.428295,0.797105,-0.425661],[0.598096,0.103049,0.794772]],[[0.67738,-0.594983,-0.43261],[0.212031,0.721033,-0.659663],[0.704414,0.355116,0.614568]]],"btipPosition":[17.2046,185.332,-59.1141],"carpPosition":[74.7544,144.673,74.5627],"dipPosition":[30.2482,191.908,-47.7342],"direction":[-0.598096,-0.103049,-0.794772],"extended":true,"handId":426,"id":4262,"length":66.0259,"mcpPosition":[61.8101,180.52,17.3475],"pipPosition":[47.0071,194.796,-25.4645],"stabilizedTipPosition":[20.2046,186.845,-56.4967],"timeVisible":0,"tipPosition":[20.2046,186.845,-56.4967],"tipVelocity":[1.19209e-7,1.19209e-7,1.19209e-7],"tool":false,"touchDistance":0.685882,"touchZone":"hovering","type":2,"width":18.7192},{"bases":[[[0.863966,0.499995,0.0597297],[-0.305752,0.426642,0.851171],[0.400098,-0.753646,0.521479]],[[0.713963,0.694181,-0.091487],[-0.568491,0.650986,0.503027],[0.408748,-0.307133,0.859415]],[[0.713963,0.694181,-0.091487],[-0.697614,0.694063,-0.177795],[-0.0599242,0.190762,0.979806]],[[0.713963,0.694181,-0.091487],[-0.536242,0.458091,-0.708941],[-0.450224,0.555217,0.699309]]],"btipPosition":[39.6641,128.377,-6.72803],"carpPosition":[47.3733,132.483,84.5892],"dipPosition":[29.2814,141.181,9.39881],"direction":[0.0599242,-0.190762,-0.979806],"extended":false,"handId":426,"id":4260,"length":51.3537,"mcpPosition":[47.3733,132.483,84.5892],"pipPosition":[27.2682,147.59,42.317],"stabilizedTipPosition":[37.2761,131.322,-3.01886],"timeVisible":0,"tipPosition":[37.2761,131.322,-3.01886],"tipVelocity":[1.19209e-7,1.19209e-7,1.19209e-7],"tool":false,"touchDistance":1,"touchZone":"none","type":0,"width":19.9537},{"bases":[[[0.745288,-0.36203,-0.559893],[0.599304,0.731765,0.324584],[0.292201,-0.577455,0.762342]],[[0.788249,-0.468705,-0.398722],[0.577556,0.78711,0.216532],[0.212348,-0.400966,0.891142]],[[0.788249,-0.468705,-0.398722],[0.454494,0.880266,-0.136261],[0.414847,-0.0738086,0.906892]],[[0.788249,-0.468705,-0.398722],[0.342977,0.872613,-0.347727],[0.510911,0.137343,0.848591]]],"btipPosition":[16.3196,205.737,-47.6946],"carpPosition":[64.9734,147.456,81.181],"dipPosition":[24.9211,208.049,-33.4081],"direction":[-0.414847,0.0738086,-0.906892],"extended":true,"handId":426,"id":4261,"length":57.947,"mcpPosition":[43.7909,189.317,25.9165],"pipPosition":[34.8014,206.291,-11.8089],"stabilizedTipPosition":[18.298,206.269,-44.4087],"timeVisible":0,"tipPosition":[18.298,206.269,-44.4087],"tipVelocity":[1.19209e-7,1.19209e-7,1.19209e-7],"tool":false,"touchDistance":0.867203,"touchZone":"hovering","type":1,"width":19.0597},{"bases":[[[0.628814,-0.673992,-0.387722],[0.774225,0.588831,0.232064],[0.0718939,-0.446109,0.892086]],[[0.630921,-0.688992,-0.356692],[0.516095,0.715981,-0.470125],[0.579297,0.112524,0.807312]],[[0.630921,-0.688992,-0.356692],[-0.259146,0.246195,-0.933933],[0.731288,0.681673,-0.02322]],[[0.630921,-0.688992,-0.356692],[-0.573478,-0.104494,-0.81253],[0.522554,0.717197,-0.461049]]],"btipPosition":[23.7274,129.74,-13.3873],"carpPosition":[83.2512,138.97,68.0958],"dipPosition":[33.3479,142.944,-21.8755],"direction":[-0.731288,-0.681673,0.02322],"extended":false,"handId":426,"id":4263,"length":63.4857,"mcpPosition":[78.8136,166.505,13.0332],"pipPosition":[53.3096,161.551,-22.5094],"stabilizedTipPosition":[25.9401,132.777,-15.3396],"timeVisible":0,"tipPosition":[25.9401,132.777,-15.3396],"tipVelocity":[1.19209e-7,1.19209e-7,1.19209e-7],"tool":false,"touchDistance":0.333333,"touchZone":"none","type":3,"width":17.8125},{"bases":[[[0.496282,-0.809059,-0.314845],[0.865893,0.435091,0.24683],[-0.0627133,-0.39512,0.916487]],[[0.498173,-0.794731,-0.346737],[0.471996,0.584007,-0.660421],[0.727353,0.165345,0.666047]],[[0.498173,-0.794731,-0.346737],[-0.441309,0.111827,-0.89036],[0.746371,0.596572,-0.295012]],[[0.498173,-0.794731,-0.346737],[-0.766293,-0.216412,-0.604947],[0.405732,0.56707,-0.716807]]],"btipPosition":[44.695,123.037,3.93294],"carpPosition":[87.7297,127.351,61.6439],"dipPosition":[51.5862,132.669,-8.24172],"direction":[-0.746371,-0.596572,0.295012],"extended":false,"handId":426,"id":4264,"length":49.7716,"mcpPosition":[91.313,149.927,9.27887],"pipPosition":[65.9707,144.166,-13.9274],"stabilizedTipPosition":[46.28,125.252,1.13277],"timeVisible":0,"tipPosition":[46.28,125.252,1.13277],"tipVelocity":[1.19209e-7,1.19209e-7,1.19209e-7],"tool":false,"touchDistance":0.333333,"touchZone":"none","type":4,"width":15.8225}],"r":[[1,8.32667e-18,1.249e-17],[-8.32667e-18,1,-4.44089e-17],[-1.249e-17,4.44089e-17,1]],"s":1,"t":[0,0,0],"timestamp":262322972986},{"currentFrameRate":26.5245,"devices":[],"gestures":[],"hands":[{"armBasis":[[0.848312,-0.219939,-0.481657],[0.263475,0.964376,0.0236778],[0.459291,-0.146991,0.87604]],"armWidth":65.6192,"confidence":0.194722,"direction":[-0.104501,0.642367,-0.759239],"elbow":[198.715,85.3754,317.85],"grabAngle":1.75123,"grabStrength":0,"id":426,"palmNormal":[-0.395,-0.727431,-0.561088],"palmPosition":[56.1123,166.214,26.1642],"palmVelocity":[-188.415,130.391,-202.753],"palmWidth":89.6585,"pinchDistance":68.7327,"pinchStrength":1,"r":[[0.99841,0.0464957,0.0318541],[-0.0468435,0.99885,0.0102605],[-0.0313404,-0.0117364,0.99944]],"s":1.06149,"sphereCenter":[34.767,148.158,-16.3579],"sphereRadius":51.4687,"stabilizedPalmPosition":[61.8901,162.216,32.3818],"t":[-3.52723,2.44099,-3.79564],"timeVisible":0.037441,"type":"right","wrist":[76.521,124.482,84.7803]}],"id":240367,"interactionBox":{"center":[0,200,0],"size":[235.247,235.247,147.751]},"pointables":[{"bases":[[[0.882215,-0.129986,-0.452549],[0.352616,0.819328,0.452066],[0.312024,-0.558395,0.768658]],[[0.921599,-0.220313,-0.319558],[0.342796,0.848166,0.403864],[0.182062,-0.481744,0.857191]],[[0.921599,-0.220313,-0.319558],[0.294167,0.933567,0.20474],[0.253222,-0.282691,0.925183]],[[0.921599,-0.220313,-0.319558],[0.269491,0.955707,0.118313],[0.279338,-0.195155,0.940151]]],"btipPosition":[13.3252,220.11,-57.7481],"carpPosition":[54.4819,149.06,72.5114],"dipPosition":[18.0525,216.808,-41.8377],"direction":[-0.253222,0.282691,-0.925183],"extended":true,"handId":426,"id":4261,"length":58.2488,"mcpPosition":[31.8623,189.539,16.789],"pipPosition":[24.1148,210.04,-19.6881],"stabilizedTipPosition":[16.4867,212.367,-48.9213],"timeVisible":0.037441,"tipPosition":[13.8901,213.417,-54.8297],"tipVelocity":[-103.777,349.396,-258.541],"tool":false,"touchDistance":0.668615,"touchZone":"hovering","type":1,"width":20.2967},{"bases":[[[0.843134,-0.34199,-0.414931],[0.503453,0.773099,0.385815],[0.188837,-0.534192,0.824002]],[[0.855065,-0.381673,-0.350983],[0.482464,0.833634,0.268854],[0.189977,-0.399225,0.896955]],[[0.855065,-0.381673,-0.350983],[0.389982,0.919475,-0.0497972],[0.341726,-0.0942973,0.935057]],[[0.855065,-0.381673,-0.350983],[0.31108,0.919146,-0.241662],[0.41484,0.097453,0.90466]]],"btipPosition":[26.0823,205.824,-75.2547],"carpPosition":[65.4811,149.198,67.3918],"dipPosition":[33.8039,207.638,-58.4158],"direction":[-0.341726,0.0942973,-0.935057],"extended":true,"handId":426,"id":4262,"length":66.3698,"mcpPosition":[52.4991,185.922,10.7441],"pipPosition":[43.4291,204.982,-32.0788],"stabilizedTipPosition":[26.2585,202.187,-68.2704],"timeVisible":0.037441,"tipPosition":[25.6929,200.334,-70.3464],"tipVelocity":[204.419,518.057,-397.559],"tool":false,"touchDistance":0.427352,"touchZone":"hovering","type":2,"width":19.934},{"bases":[[[0.700183,0.678896,0.221009],[-0.517117,0.268793,0.812613],[0.492274,-0.683265,0.539273]],[[0.553679,0.829059,0.0781086],[-0.763844,0.468282,0.444133],[0.331636,-0.30557,0.892549]],[[0.553679,0.829059,0.0781086],[-0.804111,0.556672,-0.208617],[-0.216437,0.0526988,0.974873]],[[0.553679,0.829059,0.0781086],[-0.549398,0.43417,-0.713904],[-0.625781,0.352361,0.695874]]],"btipPosition":[46.2231,135.271,-20.6295],"carpPosition":[40.7195,130.188,72.3268],"dipPosition":[31.7167,143.439,-4.49829],"direction":[0.216437,-0.0526988,-0.974873],"extended":false,"handId":426,"id":4260,"length":51.6212,"mcpPosition":[40.7195,130.188,72.3268],"pipPosition":[24.4073,145.219,28.4248],"stabilizedTipPosition":[37.7852,131.851,-4.2803],"timeVisible":0.037441,"tipPosition":[43.5608,134.868,-15.9418],"tipVelocity":[149.85,155.642,-371.263],"tool":false,"touchDistance":1,"touchZone":"none","type":0,"width":21.2486},{"bases":[[[0.821366,-0.474173,-0.317045],[0.568168,0.729267,0.381255],[0.0504296,-0.493285,0.868405]],[[0.818359,-0.452051,-0.354879],[0.236979,0.827982,-0.508219],[0.523575,0.331807,0.784713]],[[0.818359,-0.452051,-0.354879],[-0.4822,-0.20412,-0.85195],[0.312686,0.868323,-0.385022]],[[0.818359,-0.452051,-0.354879],[-0.573997,-0.612191,-0.543829],[0.0285846,0.648747,-0.760467]]],"btipPosition":[40.5391,126.127,-1.62057],"carpPosition":[75.9314,146.196,62.0697],"dipPosition":[41.0681,138.133,-15.6941],"direction":[-0.312686,-0.868323,0.385022],"extended":false,"handId":426,"id":4263,"length":63.8164,"mcpPosition":[72.8187,176.643,8.46885],"pipPosition":[49.6479,161.959,-26.2587],"stabilizedTipPosition":[34.1377,130.612,-9.5024],"timeVisible":0.037441,"tipPosition":[39.1194,130.164,-10.7807],"tipVelocity":[393.17,-103.836,279.964],"tool":false,"touchDistance":0.333333,"touchZone":"none","type":3,"width":18.9685},{"bases":[[[0.716438,-0.642013,-0.273013],[0.691212,0.600173,0.402516],[-0.0945651,-0.477087,0.873753]],[[0.722221,-0.592957,-0.356089],[0.357207,0.760619,-0.54209],[0.592284,0.264311,0.761144]],[[0.722221,-0.592957,-0.356089],[-0.523674,-0.132453,-0.841559],[0.451843,0.794266,-0.406177]],[[0.722221,-0.592957,-0.356089],[-0.681522,-0.522246,-0.512627],[0.118,0.612913,-0.78129]]],"btipPosition":[57.8421,128.683,0.453052],"carpPosition":[83.9508,136.533,55.8263],"dipPosition":[59.8567,139.148,-12.8859],"direction":[-0.451843,-0.794266,0.406177],"extended":false,"handId":426,"id":4264,"length":50.0309,"mcpPosition":[89.354,163.792,5.90294],"pipPosition":[68.6103,154.535,-20.7548],"stabilizedTipPosition":[53.6258,128.818,-1.15653],"timeVisible":0.037441,"tipPosition":[55.4694,130.585,-7.03104],"tipVelocity":[321.185,155.918,-100.096],"tool":false,"touchDistance":0.333333,"touchZone":"none","type":4,"width":16.8493}],"r":[[0.99841,0.0464957,0.0318541],[-0.0468435,0.99885,0.0102605],[-0.0313404,-0.0117364,0.99944]],"s":1.06149,"t":[-3.52723,2.44099,-3.79564],"timestamp":262323010427},{"currentFrameRate":27.5814,"devices":[],"gestures":[],"hands":[{"armBasis":[[0.849018,-0.121569,-0.514188],[0.205576,0.972494,0.109517],[0.486731,-0.198687,0.850657]],"armWidth":65.6192,"confidence":0.33705,"direction":[-0.121844,0.649091,-0.75089],"elbow":[201.886,77.4984,305.079],"grabAngle":1.68321,"grabStrength":0,"id":426,"palmNormal":[-0.316311,-0.742475,-0.59049],"palmPosition":[50.7194,172.419,20.684],"palmVelocity":[-185.056,212.922,-188.05],"palmWidth":89.6585,"pinchDistance":67.671,"pinchStrength":1,"r":[[0.992987,0.0979765,0.0661694],[-0.0995287,0.994822,0.020576],[-0.0638108,-0.0270175,0.997596]],"s":1.10361,"sphereCenter":[36.3005,156.588,-23.5094],"sphereRadius":50.9626,"stabilizedPalmPosition":[58.5459,165.27,28.8798],"t":[-7.98729,6.76396,-8.43354],"timeVisible":0.066583,"type":"right","wrist":[72.3917,130.359,78.7628]}],"id":240368,"interactionBox":{"center":[0,200,0],"size":[235.247,235.247,147.751]},"pointables":[{"bases":[[[0.882466,-0.269319,-0.385644],[0.42799,0.799858,0.420776],[0.195137,-0.536372,0.821113]],[[0.894319,-0.307609,-0.324916],[0.418875,0.830875,0.366321],[0.157281,-0.463707,0.871917]],[[0.894319,-0.307609,-0.324916],[0.347197,0.935153,0.0703055],[0.28222,-0.175685,0.943126]],[[0.894319,-0.307609,-0.324916],[0.297851,0.951195,-0.0807035],[0.333883,-0.0246019,0.942293]]],"btipPosition":[24.5859,219.678,-80.2363],"carpPosition":[59.6738,155.259,61.944],"dipPosition":[30.8007,219.22,-62.6969],"direction":[-0.28222,0.175685,-0.943126],"extended":true,"handId":426,"id":4262,"length":66.3698,"mcpPosition":[46.2587,192.133,5.49484],"pipPosition":[38.7497,214.271,-36.1326],"stabilizedTipPosition":[26.0574,216.56,-74.8279],"timeVisible":0.066583,"tipPosition":[23.3493,211.291,-76.302],"tipVelocity":[-63.2413,457.449,-165.413],"tool":false,"touchDistance":0.345643,"touchZone":"hovering","type":2,"width":19.934},{"bases":[[[0.637716,0.724125,0.262606],[-0.568139,0.211975,0.795164],[0.520132,-0.656285,0.546583]],[[0.491257,0.862561,0.121057],[-0.794311,0.386618,0.468612],[0.357404,-0.326366,0.87507]],[[0.491257,0.862561,0.121057],[-0.843024,0.505806,-0.182949],[-0.219037,-0.0121793,0.975641]],[[0.491257,0.862561,0.121057],[-0.597758,0.434955,-0.673424],[-0.633524,0.258461,0.729277]]],"btipPosition":[40.7359,144.832,-27.4094],"carpPosition":[36.2325,134.359,65.4874],"dipPosition":[26.05,150.823,-10.5039],"direction":[0.219037,0.0121793,-0.975641],"extended":false,"handId":426,"id":4260,"length":51.6212,"mcpPosition":[36.2325,134.359,65.4874],"pipPosition":[18.6528,150.412,22.4452],"stabilizedTipPosition":[37.6633,135.949,-9.77121],"timeVisible":0.066583,"tipPosition":[40.9408,142.511,-22.7634],"tipVelocity":[-189.708,310.914,-226.539],"tool":false,"touchDistance":0.981971,"touchZone":"hovering","type":0,"width":21.2486},{"bases":[[[0.906985,-0.0542326,-0.417658],[0.271561,0.833304,0.481518],[0.321922,-0.550149,0.770521]],[[0.950437,-0.153491,-0.270389],[0.271057,0.835064,0.478745],[0.152309,-0.528307,0.83528]],[[0.950437,-0.153491,-0.270389],[0.234701,0.92457,0.300143],[0.203924,-0.348728,0.91477]],[[0.950437,-0.153491,-0.270389],[0.207402,0.960877,0.183574],[0.231633,-0.230555,0.945088]]],"btipPosition":[9.89846,228.807,-62.6999],"carpPosition":[48.519,154.193,66.5965],"dipPosition":[13.8185,224.905,-46.7059],"direction":[-0.203924,0.348728,-0.91477],"extended":true,"handId":426,"id":4261,"length":58.2488,"mcpPosition":[25.1819,194.075,10.7391],"pipPosition":[18.7006,216.556,-24.8056],"stabilizedTipPosition":[13.1914,221.374,-54.774],"timeVisible":0.066583,"tipPosition":[8.99195,220.627,-60.5724],"tipVelocity":[-123.958,293.697,-169.259],"tool":false,"touchDistance":0.561099,"touchZone":"hovering","type":1,"width":20.2967},{"bases":[[[0.866772,-0.404841,-0.291222],[0.495947,0.761066,0.418109],[0.0523721,-0.506836,0.86045]],[[0.862072,-0.37372,-0.342294],[0.22867,0.889603,-0.395369],[0.452263,0.262564,0.85236]],[[0.862072,-0.37372,-0.342294],[-0.437642,-0.208409,-0.874663],[0.255542,0.903825,-0.343219]],[[0.862072,-0.37372,-0.342294],[-0.506564,-0.655443,-0.560168],[-0.0150083,0.656299,-0.754352]]],"btipPosition":[40.5443,135.876,-10.4452],"carpPosition":[70.5259,153.158,57.008],"dipPosition":[40.2665,148.022,-24.4056],"direction":[-0.255542,-0.903825,0.343219],"extended":false,"handId":426,"id":4263,"length":63.8164,"mcpPosition":[67.2933,184.441,3.89816],"pipPosition":[47.2783,172.822,-33.8231],"stabilizedTipPosition":[37.4832,134.862,-11.6933],"timeVisible":0.066583,"tipPosition":[38.6115,136.68,-16.6099],"tipVelocity":[-6.18924,335.624,-301.922],"tool":false,"touchDistance":0.333333,"touchZone":"none","type":3,"width":18.9685},{"bases":[[[0.773068,-0.580928,-0.254731],[0.62739,0.641046,0.442088],[-0.0935273,-0.50158,0.860041]],[[0.778573,-0.505935,-0.371287],[0.341197,0.837824,-0.426187],[0.526696,0.205136,0.824931]],[[0.778573,-0.505935,-0.371287],[-0.464036,-0.0658257,-0.883367],[0.422486,0.860056,-0.286022]],[[0.778573,-0.505935,-0.371287],[-0.611264,-0.477465,-0.631176],[0.142057,0.718371,-0.681001]]],"btipPosition":[55.7807,136.802,-9.93714],"carpPosition":[79.4937,144.255,50.9267],"dipPosition":[58.2061,149.067,-21.5639],"direction":[-0.422486,-0.860056,0.286022],"extended":false,"handId":426,"id":4264,"length":50.0309,"mcpPosition":[84.8375,172.913,1.78678],"pipPosition":[66.3909,165.729,-27.105],"stabilizedTipPosition":[54.9389,134.048,-6.70131],"timeVisible":0.066583,"tipPosition":[54.6249,138.054,-13.0333],"tipVelocity":[-67.4941,292.803,-343.023],"tool":false,"touchDistance":0.333333,"touchZone":"none","type":4,"width":16.8493}],"r":[[0.992987,0.0979765,0.0661694],[-0.0995287,0.994822,0.020576],[-0.0638108,-0.0270175,0.997596]],"s":1.10361,"t":[-7.98729,6.76396,-8.43354],"timestamp":262323039569},{"currentFrameRate":29.7565,"devices":[],"gestures":[],"hands":[{"armBasis":[[0.852986,-0.0611499,-0.518339],[0.167668,0.972578,0.161179],[0.494269,-0.224393,0.839849]],"armWidth":65.6192,"confidence":0.425672,"direction":[-0.151017,0.636666,-0.756208],"elbow":[200.879,76.843,296.146],"grabAngle":1.62134,"grabStrength":0,"id":426,"palmNormal":[-0.27104,-0.762333,-0.587696],"palmPosition":[45.914,177.568,14.4781],"palmVelocity":[-243.792,261.21,-314.846],"palmWidth":89.6585,"pinchDistance":70.0712,"pinchStrength":1,"r":[[0.984185,0.149332,0.0952856],[-0.15241,0.987979,0.0258493],[-0.0902801,-0.039963,0.995114]],"s":1.13635,"sphereCenter":[33.7835,164.341,-28.8039],"sphereRadius":50.0072,"stabilizedPalmPosition":[54.8399,168.878,24.6546],"t":[-12.62,11.4998,-13.8554],"timeVisible":0.086294,"type":"right","wrist":[69.3789,136.542,72.7045]}],"id":240369,"interactionBox":{"center":[0,200,0],"size":[235.247,235.247,147.751]},"pointables":[{"bases":[[[0.911796,-0.00766347,-0.410572],[0.22228,0.849896,0.477775],[0.345282,-0.526895,0.776635]],[[0.961237,-0.109034,-0.253249],[0.229209,0.826513,0.51414],[0.153255,-0.552257,0.819466]],[[0.961237,-0.109034,-0.253249],[0.196153,0.915913,0.350182],[0.193773,-0.386283,0.901797]],[[0.961237,-0.109034,-0.253249],[0.163463,0.965024,0.20496],[0.222044,-0.238412,0.94544]]],"btipPosition":[4.40013,234.525,-68.2649],"carpPosition":[44.3491,159.546,60.4972],"dipPosition":[8.15784,230.491,-52.2649],"direction":[-0.193773,0.386283,-0.901797],"extended":true,"handId":426,"id":4261,"length":58.2488,"mcpPosition":[19.3186,197.742,4.19654],"pipPosition":[12.7969,221.243,-30.6752],"stabilizedTipPosition":[8.81182,228.127,-60.1944],"timeVisible":0.086294,"tipPosition":[2.91541,225.229,-66.8007],"tipVelocity":[-280.841,288.57,-282.258],"tool":false,"touchDistance":0.454869,"touchZone":"hovering","type":1,"width":20.2967},{"bases":[[[0.898719,-0.223552,-0.377264],[0.380757,0.82459,0.41842],[0.217549,-0.519688,0.826194]],[[0.913919,-0.266777,-0.305911],[0.375313,0.842423,0.386606],[0.154569,-0.468139,0.870031]],[[0.913919,-0.266777,-0.305911],[0.320052,0.937163,0.138892],[0.249636,-0.224844,0.941874]],[[0.913919,-0.266777,-0.305911],[0.280223,0.959935,0.0000440585],[0.293643,-0.0857638,0.95206]]],"btipPosition":[20.633,227.192,-86.6662],"carpPosition":[55.4654,161.185,55.9198],"dipPosition":[26.0987,225.595,-68.9451],"direction":[-0.249636,0.224844,-0.941874],"extended":true,"handId":426,"id":4262,"length":66.3698,"mcpPosition":[40.5095,196.912,-0.878586],"pipPosition":[33.13,219.262,-42.416],"stabilizedTipPosition":[23.3468,223.236,-79.8769],"timeVisible":0.086294,"tipPosition":[18.4294,217.503,-82.8737],"tipVelocity":[-209.285,367.925,-324.089],"tool":false,"touchDistance":0.255396,"touchZone":"hovering","type":2,"width":19.934},{"bases":[[[0.595495,0.759322,0.262326],[-0.584926,0.185983,0.789475],[0.550678,-0.62357,0.5549]],[[0.441509,0.889521,0.117564],[-0.826401,0.352104,0.439412],[0.349472,-0.29116,0.890559]],[[0.441509,0.889521,0.117564],[-0.861427,0.456881,-0.221819],[-0.251026,-0.00333778,0.967975]],[[0.441509,0.889521,0.117564],[-0.592895,0.387573,-0.705877],[-0.673457,0.241948,0.69851]]],"btipPosition":[40.0637,147.894,-33.2529],"carpPosition":[33.1641,139.068,59.4336],"dipPosition":[24.4521,153.502,-17.0606],"direction":[0.251026,0.00333778,-0.967975],"extended":false,"handId":426,"id":4260,"length":51.6212,"mcpPosition":[33.1641,139.068,59.4336],"pipPosition":[15.9746,153.39,15.6296],"stabilizedTipPosition":[37.5086,137.669,-12.3397],"timeVisible":0.086294,"tipPosition":[37.8689,147.227,-28.935],"tipVelocity":[-44.9047,150.862,-304.781],"tool":false,"touchDistance":0.826994,"touchZone":"hovering","type":0,"width":21.2486},{"bases":[[[0.889661,-0.359112,-0.282032],[0.450734,0.789525,0.416521],[0.0730935,-0.497684,0.864273]],[[0.885872,-0.3382,-0.317572],[0.219022,0.908318,-0.356354],[0.408975,0.246129,0.878726]],[[0.885872,-0.3382,-0.317572],[-0.392134,-0.180053,-0.902115],[0.247916,0.923689,-0.292124]],[[0.885872,-0.3382,-0.317572],[-0.463926,-0.643068,-0.609291],[0.00184223,0.687084,-0.726576]]],"btipPosition":[37.0058,141.41,-19.6934],"carpPosition":[66.4532,159.644,51.0787],"dipPosition":[37.0399,154.125,-33.1398],"direction":[-0.247916,-0.923689,0.292124],"extended":false,"handId":426,"id":4263,"length":63.8164,"mcpPosition":[61.9417,190.363,-2.26717],"pipPosition":[43.8424,179.47,-41.1553],"stabilizedTipPosition":[37.3218,138.119,-15.5073],"timeVisible":0.086294,"tipPosition":[36.2359,141.633,-22.6827],"tipVelocity":[-175.88,287.392,-463.191],"tool":false,"touchDistance":0.333333,"touchZone":"none","type":3,"width":18.9685},{"bases":[[[0.805355,-0.539783,-0.245025],[0.588297,0.676967,0.442293],[-0.0728689,-0.50035,0.862751]],[[0.808195,-0.473972,-0.349531],[0.329452,0.855833,-0.398761],[0.488142,0.207123,0.847831]],[[0.808195,-0.473972,-0.349531],[-0.429521,-0.068349,-0.900467],[0.402906,0.877883,-0.25882]],[[0.808195,-0.473972,-0.349531],[-0.568055,-0.470844,-0.674996],[0.155354,0.744081,-0.649775]]],"btipPosition":[52.5463,142.824,-17.7559],"carpPosition":[75.937,151.201,45.1249],"dipPosition":[55.1987,155.528,-28.8495],"direction":[-0.402906,-0.877883,0.25882],"extended":false,"handId":426,"id":4264,"length":50.0309,"mcpPosition":[80.1005,179.789,-4.16983],"pipPosition":[63.0041,172.535,-33.8636],"stabilizedTipPosition":[54.2901,138.307,-11.6541],"timeVisible":0.086294,"tipPosition":[52.0834,143.549,-19.1334],"tipVelocity":[-161.444,310.649,-390.448],"tool":false,"touchDistance":0.333333,"touchZone":"none","type":4,"width":16.8493}],"r":[[0.984185,0.149332,0.0952856],[-0.15241,0.987979,0.0258493],[-0.0902801,-0.039963,0.995114]],"s":1.13635,"t":[-12.62,11.4998,-13.8554],"timestamp":262323059280},{"currentFrameRate":31.7323,"devices":[],"gestures":[],"hands":[{"armBasis":[[0.845267,-0.0587775,-0.531102],[0.189649,0.962224,0.195343],[0.499557,-0.26584,0.824483]],"armWidth":65.6192,"confidence":0.506672,"direction":[-0.137296,0.643782,-0.752791],"elbow":[199.116,70.3937,287.279],"grabAngle":1.61383,"grabStrength":0,"id":426,"palmNormal":[-0.280421,-0.754159,-0.593808],"palmPosition":[43.5476,183.175,10.0726],"palmVelocity":[-120.28,285.017,-223.928],"palmWidth":89.6585,"pinchDistance":72.3541,"pinchStrength":1,"r":[[0.975106,0.186587,0.119809],[-0.191404,0.981054,0.0299446],[-0.111952,-0.0521312,0.992345]],"s":1.16608,"sphereCenter":[30.7216,172.596,-32.1622],"sphereRadius":49.5463,"stabilizedPalmPosition":[50.8362,173.947,19.4846],"t":[-16.1196,16.6714,-18.7692],"timeVisible":0.105968,"type":"right","wrist":[66.2095,141.12,67.9261]}],"id":240370,"interactionBox":{"center":[0,200,0],"size":[235.247,235.247,147.751]},"pointables":[{"bases":[[[0.913468,-0.0196392,-0.406436],[0.23358,0.843186,0.48423],[0.333191,-0.537264,0.774811]],[[0.95933,-0.118658,-0.256138],[0.243208,0.808051,0.536567],[0.143305,-0.577039,0.804046]],[[0.95933,-0.118658,-0.256138],[0.210854,0.904496,0.370711],[0.187688,-0.409642,0.89273]],[[0.95933,-0.118658,-0.256138],[0.175162,0.961774,0.210499],[0.221369,-0.246804,0.943442]]],"btipPosition":[2.98802,242.376,-71.7553],"carpPosition":[41.48,164.889,55.9674],"dipPosition":[6.73432,238.199,-55.7892],"direction":[-0.187688,0.409642,-0.89273],"extended":true,"handId":426,"id":4261,"length":58.2488,"mcpPosition":[17.3259,203.837,-0.200975],"pipPosition":[11.2277,228.392,-34.4165],"stabilizedTipPosition":[5.43868,237.16,-65.5569],"timeVisible":0.105968,"tipPosition":[1.87516,232.814,-70.8441],"tipVelocity":[-71.9087,397.38,-177.809],"tool":false,"touchDistance":0.390242,"touchZone":"hovering","type":1,"width":20.2967},{"bases":[[[0.896792,-0.235498,-0.374574],[0.391908,0.815726,0.425439],[0.20536,-0.528329,0.82383]],[[0.911703,-0.282373,-0.298433],[0.387795,0.831347,0.398093],[0.135691,-0.478674,0.867444]],[[0.911703,-0.282373,-0.298433],[0.341505,0.924675,0.168374],[0.228409,-0.255424,0.939461]],[[0.911703,-0.282373,-0.298433],[0.310998,0.948977,0.0521804],[0.268472,-0.140385,0.953003]]],"btipPosition":[20.6156,235.361,-90.798],"carpPosition":[52.6423,166.379,51.4516],"dipPosition":[25.6128,232.748,-73.0593],"direction":[-0.228409,0.255424,-0.939461],"extended":true,"handId":426,"id":4262,"length":66.3698,"mcpPosition":[38.5245,202.701,-5.1843],"pipPosition":[32.0463,225.554,-46.5982],"stabilizedTipPosition":[22.2672,231.101,-84.5462],"timeVisible":0.105968,"tipPosition":[17.6319,225.248,-87.1019],"tipVelocity":[-6.35941,403.348,-209.809],"tool":false,"touchDistance":0.222482,"touchZone":"hovering","type":2,"width":19.934},{"bases":[[[0.606306,0.748024,0.269914],[-0.58557,0.190303,0.787968],[0.538053,-0.635803,0.553402]],[[0.441032,0.890386,0.11271],[-0.833865,0.360079,0.418344],[0.331903,-0.278488,0.901268]],[[0.441032,0.890386,0.11271],[-0.857562,0.455116,-0.239702],[-0.264723,0.0090603,0.964282]],[[0.441032,0.890386,0.11271],[-0.586274,0.380903,-0.714979],[-0.679539,0.24925,0.690001]]],"btipPosition":[38.342,152.214,-38.17],"carpPosition":[29.9746,144.6,54.7213],"dipPosition":[22.5894,157.992,-22.1749],"direction":[0.264723,-0.0090603,-0.964282],"extended":false,"handId":426,"id":4260,"length":51.6212,"mcpPosition":[29.9746,144.6,54.7213],"pipPosition":[13.6493,158.298,10.3905],"stabilizedTipPosition":[37.1205,139.877,-15.421],"timeVisible":0.105968,"tipPosition":[35.1638,153.278,-33.6779],"tipVelocity":[-89.1596,221.591,-252.234],"tool":false,"touchDistance":0.703191,"touchZone":"hovering","type":0,"width":21.2486},{"bases":[[[0.885125,-0.371497,-0.280256],[0.461325,0.779559,0.423635],[0.0610966,-0.50426,0.861388]],[[0.882137,-0.351918,-0.313032],[0.217687,0.894008,-0.391614],[0.417669,0.277314,0.865245]],[[0.882137,-0.351918,-0.313032],[-0.391206,-0.177351,-0.903053],[0.262284,0.919076,-0.29412]],[[0.882137,-0.351918,-0.313032],[-0.47021,-0.619691,-0.6284],[0.0271621,0.701525,-0.712127]]],"btipPosition":[33.6722,145.344,-23.559],"carpPosition":[63.6267,164.693,46.651],"dipPosition":[34.1749,158.327,-36.738],"direction":[-0.262284,-0.919076,0.29412],"extended":false,"handId":426,"id":4263,"length":63.8164,"mcpPosition":[59.8556,195.818,-6.51678],"pipPosition":[41.3716,183.545,-44.8083],"stabilizedTipPosition":[35.9826,141.988,-19.7071],"timeVisible":0.105968,"tipPosition":[33.5134,147.729,-27.259],"tipVelocity":[-163.965,203.115,-193.358],"tool":false,"touchDistance":0.333333,"touchZone":"none","type":3,"width":18.9685},{"bases":[[[0.797774,-0.551028,-0.244795],[0.596952,0.664654,0.449314],[-0.084881,-0.504582,0.859181]],[[0.802277,-0.494331,-0.334646],[0.342273,0.840214,-0.420582],[0.489081,0.222883,0.843281]],[[0.802277,-0.494331,-0.334646],[-0.428805,-0.0872173,-0.899177],[0.415304,0.864887,-0.281944]],[[0.802277,-0.494331,-0.334646],[-0.573844,-0.48418,-0.660509],[0.164481,0.721946,-0.672116]]],"btipPosition":[49.8689,148.081,-21.0014],"carpPosition":[73.0022,156.138,40.6866],"dipPosition":[52.6771,160.407,-32.4765],"direction":[-0.415304,-0.864887,0.281944],"extended":false,"handId":426,"id":4264,"length":50.0309,"mcpPosition":[77.8521,184.968,-8.40413],"pipPosition":[60.7228,177.162,-37.9386],"stabilizedTipPosition":[52.6089,143.922,-16.9919],"timeVisible":0.105968,"tipPosition":[49.4308,149.415,-23.7206],"tipVelocity":[-134.264,262.758,-169.425],"tool":false,"touchDistance":0.333333,"touchZone":"none","type":4,"width":16.8493}],"r":[[0.975106,0.186587,0.119809],[-0.191404,0.981054,0.0299446],[-0.111952,-0.0521312,0.992345]],"s":1.16608,"t":[-16.1196,16.6714,-18.7692],"timestamp":262323078954},{"currentFrameRate":30.2985,"devices":[],"gestures":[],"hands":[{"armBasis":[[0.833812,-0.0170185,-0.551786],[0.163347,0.962373,0.217154],[0.527328,-0.271198,0.805218]],"armWidth":65.6192,"confidence":0.650986,"direction":[-0.17373,0.659259,-0.731571],"elbow":[201.152,72.5648,274.61],"grabAngle":1.49968,"grabStrength":0,"id":426,"palmNormal":[-0.269492,-0.746337,-0.608568],"palmPosition":[35.6133,187.575,4.21218],"palmVelocity":[-191.064,105.942,-141.122],"palmWidth":89.6585,"pinchDistance":75.989,"pinchStrength":1,"r":[[0.965571,0.221474,0.136462],[-0.228589,0.972754,0.0386897],[-0.124175,-0.0685513,0.98989]],"s":1.18217,"sphereCenter":[22.8958,185.146,-35.633],"sphereRadius":48.4468,"stabilizedPalmPosition":[40.6057,183.106,9.22079],"t":[-21.8365,21.457,-24.1562],"timeVisible":0.147495,"type":"right","wrist":[60.8566,144.717,60.3822]}],"id":240371,"interactionBox":{"center":[0,200,0],"size":[235.247,235.247,147.751]},"pointables":[{"bases":[[[0.904586,0.020563,-0.425795],[0.217513,0.836764,0.502509],[0.366623,-0.547178,0.752452]],[[0.95758,-0.083241,-0.275882],[0.238696,0.765487,0.597539],[0.161445,-0.638044,0.752885]],[[0.95758,-0.083241,-0.275882],[0.204284,0.871325,0.446163],[0.203244,-0.483595,0.851368]],[[0.95758,-0.083241,-0.275882],[0.15975,0.950137,0.267806],[0.239833,-0.300518,0.92313]]],"btipPosition":[-7.25473,251.475,-72.9768],"carpPosition":[35.1176,167.993,49.6139],"dipPosition":[-3.19597,246.389,-57.3544],"direction":[-0.203244,0.483595,-0.851368],"extended":true,"handId":426,"id":4261,"length":58.2488,"mcpPosition":[8.54001,207.66,-4.93357],"pipPosition":[1.66985,234.811,-36.972],"stabilizedTipPosition":[-6.1661,250.132,-69.3332],"timeVisible":0.147495,"tipPosition":[-8.59566,241.069,-73.164],"tipVelocity":[-244.922,214.065,-31.3187],"tool":false,"touchDistance":0.365042,"touchZone":"hovering","type":1,"width":20.2967},{"bases":[[[0.895378,-0.196503,-0.399606],[0.375309,0.815977,0.439687],[0.23967,-0.543661,0.804357]],[[0.914749,-0.249507,-0.317775],[0.384237,0.780366,0.493347],[0.124887,-0.573389,0.809709]],[[0.914749,-0.249507,-0.317775],[0.341587,0.897641,0.278494],[0.215761,-0.3633,0.906344]],[[0.914749,-0.249507,-0.317775],[0.298231,0.947606,0.114458],[0.272567,-0.199471,0.941232]]],"btipPosition":[12.5374,248.657,-92.0932],"carpPosition":[46.127,169.961,44.9094],"dipPosition":[17.6108,244.944,-74.5736],"direction":[-0.215761,0.3633,-0.906344],"extended":true,"handId":426,"id":4262,"length":66.3698,"mcpPosition":[29.6504,207.336,-10.3878],"pipPosition":[23.688,234.711,-49.0453],"stabilizedTipPosition":[13.8132,247.591,-88.0189],"timeVisible":0.147495,"tipPosition":[9.23046,237.923,-89.951],"tipVelocity":[-194.107,314.089,-32.4017],"tool":false,"touchDistance":0.235749,"touchZone":"hovering","type":2,"width":19.934},{"bases":[[[0.588292,0.759397,0.277899],[-0.573982,0.150066,0.805],[0.569612,-0.633084,0.524163]],[[0.408272,0.904607,0.122472],[-0.854605,0.331603,0.399612],[0.32088,-0.267815,0.908466]],[[0.408272,0.904607,0.122472],[-0.872847,0.426133,-0.2378],[-0.267305,-0.00981215,0.963562]],[[0.408272,0.904607,0.122472],[-0.603062,0.367996,-0.707739],[-0.685295,0.215092,0.695777]]],"btipPosition":[33.3595,155.907,-45.3104],"carpPosition":[24.2293,147.389,48.0445],"dipPosition":[17.4735,160.893,-29.1814],"direction":[0.267305,0.00981215,-0.963562],"extended":false,"handId":426,"id":4260,"length":51.6212,"mcpPosition":[24.2293,147.389,48.0445],"pipPosition":[8.44616,160.562,3.35968],"stabilizedTipPosition":[35.5014,143.628,-21.1379],"timeVisible":0.147495,"tipPosition":[27.731,158.301,-40.462],"tipVelocity":[-120.721,84.5421,-171.205],"tool":false,"touchDistance":0.559561,"touchZone":"hovering","type":0,"width":21.2486},{"bases":[[[0.890031,-0.335314,-0.308884],[0.44577,0.782106,0.43543],[0.0955739,-0.525237,0.845572]],[[0.890154,-0.335995,-0.307787],[0.295192,0.939793,-0.172196],[0.347113,0.0624247,0.935744]],[[0.890154,-0.335995,-0.307787],[-0.234743,0.240789,-0.941762],[0.390539,0.910565,0.135467]],[[0.890154,-0.335995,-0.307787],[-0.431199,-0.402812,-0.807348],[0.147285,0.851381,-0.503445]]],"btipPosition":[22.3496,157.674,-48.1674],"carpPosition":[57.0519,168.758,39.8357],"dipPosition":[25.0753,173.43,-57.4844],"direction":[-0.390539,-0.910565,-0.135467],"extended":false,"handId":426,"id":4263,"length":63.8164,"mcpPosition":[51.1527,201.177,-12.3559],"pipPosition":[35.7912,198.414,-53.7673],"stabilizedTipPosition":[30.0931,150.732,-33.565],"timeVisible":0.147495,"tipPosition":[23.9347,158.516,-44.8964],"tipVelocity":[-260.344,312.256,-571.196],"tool":false,"touchDistance":-0.112001,"touchZone":"touching","type":3,"width":18.9685},{"bases":[[[0.80914,-0.518438,-0.276613],[0.585456,0.670935,0.455069],[-0.0503353,-0.530159,0.846403]],[[0.81015,-0.504941,-0.297811],[0.391925,0.844325,-0.36539],[0.43595,0.179302,0.881929]],[[0.81015,-0.504941,-0.297811],[-0.369763,-0.0459435,-0.927989],[0.454898,0.86193,-0.22393]],[[0.81015,-0.504941,-0.297811],[-0.533656,-0.424988,-0.731161],[0.242627,0.751278,-0.61377]]],"btipPosition":[41.2116,155.158,-30.9902],"carpPosition":[66.5591,160.671,33.4414],"dipPosition":[45.354,167.984,-41.4691],"direction":[-0.454898,-0.86193,0.22393],"extended":false,"handId":426,"id":4264,"length":50.0309,"mcpPosition":[69.4351,190.962,-14.9192],"pipPosition":[54.1667,184.682,-45.8073],"stabilizedTipPosition":[45.5349,153.53,-28.1052],"timeVisible":0.147495,"tipPosition":[41.8843,155.571,-31.1689],"tipVelocity":[-201.087,173.193,-235.019],"tool":false,"touchDistance":0.333333,"touchZone":"none","type":4,"width":16.8493}],"r":[[0.965571,0.221474,0.136462],[-0.228589,0.972754,0.0386897],[-0.124175,-0.0685513,0.98989]],"s":1.18217,"t":[-21.8365,21.457,-24.1562],"timestamp":262323120481},{"currentFrameRate":33.6419,"devices":[],"gestures":[],"hands":[{"armBasis":[[0.834071,0.00731487,-0.551608],[0.147732,0.960429,0.236118],[0.531508,-0.278429,0.799985]],"armWidth":65.6192,"confidence":0.681402,"direction":[-0.174307,0.661792,-0.729143],"elbow":[201.584,71.7043,272.616],"grabAngle":1.45624,"grabStrength":0,"id":426,"palmNormal":[-0.249158,-0.746024,-0.61755],"palmPosition":[34.8974,188.749,3.69596],"palmVelocity":[-68.9173,113.064,-49.6979],"palmWidth":89.6585,"pinchDistance":75.7785,"pinchStrength":1,"r":[[0.955615,0.251794,0.152967],[-0.261393,0.964139,0.0459309],[-0.135916,-0.0838766,0.987163]],"s":1.18853,"sphereCenter":[22.8568,187.299,-36.2718],"sphereRadius":48.4811,"stabilizedPalmPosition":[39.1055,184.589,7.76882],"t":[-25.0529,24.4369,-27.1079],"timeVisible":0.157882,"type":"right","wrist":[60.1768,145.78,59.7803]}],"id":240372,"interactionBox":{"center":[0,200,0],"size":[235.247,235.247,147.751]},"pointables":[{"bases":[[[0.909857,0.0381387,-0.413166],[0.197184,0.836391,0.511438],[0.365073,-0.546805,0.753476]],[[0.962051,-0.0647143,-0.265086],[0.219646,0.760078,0.611585],[0.161908,-0.646601,0.745448]],[[0.962051,-0.0647143,-0.265086],[0.183158,0.873254,0.451532],[0.202267,-0.48295,0.851967]],[[0.962051,-0.0647143,-0.265086],[0.139294,0.951831,0.273159],[0.23464,-0.299718,0.924724]]],"btipPosition":[-8.07082,252.617,-73.4448],"carpPosition":[34.0976,168.827,48.945],"dipPosition":[-4.09995,247.545,-57.7954],"direction":[-0.202267,0.48295,-0.851967],"extended":true,"handId":426,"id":4261,"length":58.2488,"mcpPosition":[7.63233,208.467,-5.67669],"pipPosition":[0.742469,235.982,-37.3987],"stabilizedTipPosition":[-6.83974,251.028,-69.6812],"timeVisible":0.157882,"tipPosition":[-9.07581,242.247,-73.8317],"tipVelocity":[-80.5146,110.254,-44.4557],"tool":false,"touchDistance":0.354945,"touchZone":"hovering","type":1,"width":20.2967},{"bases":[[[0.903779,-0.179234,-0.388663],[0.356135,0.81859,0.450643],[0.237385,-0.545698,0.803656]],[[0.921467,-0.22759,-0.314803],[0.366785,0.776648,0.512139],[0.127933,-0.587385,0.799132]],[[0.921467,-0.22759,-0.314803],[0.323503,0.898226,0.297549],[0.215045,-0.376022,0.901312]],[[0.921467,-0.22759,-0.314803],[0.278365,0.952113,0.126468],[0.270945,-0.204166,0.940694]]],"btipPosition":[11.6095,250.955,-91.8912],"carpPosition":[45.1371,171.005,44.4065],"dipPosition":[