{"frames":232,"data":[{"currentFrameRate":26.5353,"devices":[],"gestures":[],"hands":[],"id":240934,"interactionBox":{"center":[0,200,0],"size":[235.247,235.247,147.751]},"pointables":[],"r":[[-0.020113,-0.761857,-0.647433],[0.506356,0.550609,-0.663651],[0.86209,-0.34118,0.374696]],"s":-5.55733,"t":[884.858,792.664,758.259],"timestamp":262337705999},{"currentFrameRate":26.528,"devices":[],"gestures":[],"hands":[],"id":240935,"interactionBox":{"center":[0,200,0],"size":[235.247,235.247,147.751]},"pointables":[],"r":[[-0.020113,-0.761857,-0.647433],[0.506356,0.550609,-0.663651],[0.86209,-0.34118,0.374696]],"s":-5.55733,"t":[884.858,792.664,758.259],"timestamp":262337743745},{"currentFrameRate":26.5264,"devices":[],"gestures":[],"hands":[],"id":240936,"interactionBox":{"center":[0,200,0],"size":[235.247,235.247,147.751]},"pointables":[],"r":[[-0.020113,-0.761857,-0.647433],[0.506356,0.550609,-0.663651],[0.86209,-0.34118,0.374696]],"s":-5.55733,"t":[884.858,792.664,758.259],"timestamp":262337781454},{"currentFrameRate":26.523,"devices":[],"gestures":[],"hands":[],"id":240937,"interactionBox":{"center":[0,200,0],"size":[235.247,235.247,147.751]},"pointables":[],"r":[[-0.020113,-0.761857,-0.647433],[0.506356,0.550609,-0.663651],[0.86209,-0.34118,0.374696]],"s":-5.55733,"t":[884.858,792.664,758.259],"timestamp":262337819181},{"currentFrameRate":26.5172,"devices":[],"gestures":[],"hands":[],"id":240938,"interactionBox":{"center":[0,200,0],"size":[235.247,235.247,147.751]},"pointables":[],"r":[[-0.020113,-0.761857,-0.647433],[0.506356,0.550609,-0.663651],[0.86209,-0.34118,0.374696]],"s":-5.55733,"t":[884.858,792.664,758.259],"timestamp":262337856932},{"currentFrameRate":26.5169,"devices":[],"gestures":[],"hands":[],"id":240939,"interactionBox":{"center":[0,200,0],"size":[235.247,235.247,147.751]},"pointables":[],"r":[[-0.020113,-0.761857,-0.647433],[0.506356,0.550609,-0.663651],[0.86209,-0.34118,0.374696]],"s":-5.55733,"t":[884.858,792.664,758.259],"timestamp":262337894646},{"currentFrameRate":26.5189,"devices":[],"gestures":[],"hands":[],"id":240940,"interactionBox":{"center":[0,200,0],"size":[235.247,235.247,147.751]},"pointables":[],"r":[[-0.020113,-0.761857,-0.647433],[0.506356,0.550609,-0.663651],[0.86209,-0.34118,0.374696]],"s":-5.55733,"t":[884.858,792.664,758.259],"timestamp":262337932341},{"currentFrameRate":26.5194,"devices":[],"gestures":[],"hands":[],"id":240941,"interactionBox":{"center":[0,200,0],"size":[235.247,235.247,147.751]},"pointables":[],"r":[[-0.020113,-0.761857,-0.647433],[0.506356,0.550609,-0.663651],[0.86209,-0.34118,0.374696]],"s":-5.55733,"t":[884.858,792.664,758.259],"timestamp":262337970046},{"currentFrameRate":26.5128,"devices":[],"gestures":[],"hands":[],"id":240942,"interactionBox":{"center":[0,200,0],"size":[235.247,235.247,147.751]},"pointables":[],"r":[[-0.020113,-0.761857,-0.647433],[0.506356,0.550609,-0.663651],[0.86209,-0.34118,0.374696]],"s":-5.55733,"t":[884.858,792.664,758.259],"timestamp":262338007809},{"currentFrameRate":26.5271,"devices":[],"gestures":[],"hands":[],"id":240943,"interactionBox":{"center":[0,200,0],"size":[235.247,235.247,147.751]},"pointables":[],"r":[[-0.020113,-0.761857,-0.647433],[0.506356,0.550609,-0.663651],[0.86209,-0.34118,0.374696]],"s":-5.55733,"t":[884.858,792.664,758.259],"timestamp":262338045408},{"currentFrameRate":26.5211,"devices":[],"gestures":[],"hands":[],"id":240944,"interactionBox":{"center":[0,200,0],"size":[235.247,235.247,147.751]},"pointables":[],"r":[[-0.020113,-0.761857,-0.647433],[0.506356,0.550609,-0.663651],[0.86209,-0.34118,0.374696]],"s":-5.55733,"t":[884.858,792.664,758.259],"timestamp":262338083155},{"currentFrameRate":26.5172,"devices":[],"gestures":[],"hands":[],"id":240945,"interactionBox":{"center":[0,200,0],"size":[235.247,235.247,147.751]},"pointables":[],"r":[[-0.020113,-0.761857,-0.647433],[0.506356,0.550609,-0.663651],[0.86209,-0.34118,0.374696]],"s":-5.55733,"t":[884.858,792.664,758.259],"timestamp":262338120893},{"currentFrameRate":26.4775,"devices":[],"gestures":[],"hands":[],"id":240946,"interactionBox":{"center":[0,200,0],"size":[235.247,235.247,147.751]},"pointables":[],"r":[[-0.020113,-0.761857,-0.647433],[0.506356,0.550609,-0.663651],[0.86209,-0.34118,0.374696]],"s":-5.55733,"t":[884.858,792.664,758.259],"timestamp":262338158933},{"currentFrameRate":26.5007,"devices":[],"gestures":[],"hands":[{"armBasis":[[0.749844,-0.514376,-0.416114],[0.483411,0.855356,-0.186228],[0.451716,-0.0615122,0.890039]],"armWidth":62.7876,"confidence":0,"direction":[-0.138038,0.506512,-0.851112],"elbow":[194.512,98.6981,326.354],"grabAngle":2.22167,"grabStrength":0.204319,"id":427,"palmNormal":[-0.653143,-0.692555,-0.306222],"palmPosition":[52.092,149.208,26.9117],"palmVelocity":[1.19209e-7,1.19209e-7,1.19209e-7],"palmWidth":89.6585,"pinchDistance":65.6025,"pinchStrength":1,"r":[[1,2.77556e-18,2.77556e-18],[-2.77556e-18,1,-1.11022e-17],[-2.77556e-18,1.11022e-17,1]],"s":1,"sphereCenter":[14.8502,127.096,-0.165121],"sphereRadius":45.2771,"stabilizedPalmPosition":[52.092,149.208,26.9117],"t":[0,0,0],"timeVisible":0,"type":"right","wrist":[74.3335,115.063,89.5602]}],"id":240947,"interactionBox":{"center":[0,200,0],"size":[235.247,235.247,147.751]},"pointables":[{"bases":[[[0.638244,-0.607126,-0.473332],[0.726263,0.678775,0.108658],[0.255317,-0.413114,0.874157]],[[0.649082,-0.625092,-0.433535],[0.522669,0.780541,-0.342889],[0.552729,-0.00403247,0.833351]],[[0.649082,-0.625092,-0.433535],[0.00876345,0.576009,-0.817397],[0.760668,0.526758,0.379355]],[[0.649082,-0.625092,-0.433535],[-0.343591,0.267559,-0.900198],[0.678703,0.733261,-0.0411083]]],"btipPosition":[-10.8867,138.068,-41.0283],"carpPosition":[66.7992,137.814,68.5159],"dipPosition":[1.68089,151.646,-41.7895],"direction":[-0.760668,-0.526758,-0.379355],"extended":false,"handId":427,"id":4272,"length":66.0259,"mcpPosition":[49.2469,166.214,8.42018],"pipPosition":[22.995,166.406,-31.1599],"stabilizedTipPosition":[-7.99613,141.191,-41.2034],"timeVisible":0,"tipPosition":[-7.99613,141.191,-41.2034],"tipVelocity":[1.19209e-7,1.19209e-7,1.19209e-7],"tool":false,"touchDistance":0.915283,"touchZone":"hovering","type":2,"width":18.7192},{"bases":[[[0.487623,-0.83702,-0.248236],[0.873012,0.470264,0.129234],[0.00856543,-0.27973,0.96004]],[[0.485517,-0.863073,-0.139205],[0.292543,0.310448,-0.904456],[0.823828,0.398405,0.403213]],[[0.485517,-0.863073,-0.139205],[-0.617982,-0.226199,-0.752949],[0.618362,0.451596,-0.643187]],[[0.485517,-0.863073,-0.139205],[-0.87123,-0.464506,-0.15872],[0.0723256,0.198341,-0.977461]]],"btipPosition":[36.8128,109.183,17.0128],"carpPosition":[79.1517,119.154,56.9174],"dipPosition":[38.0412,112.552,0.411079],"direction":[-0.618362,-0.451596,0.643187],"extended":false,"handId":427,"id":4274,"length":49.7716,"mcpPosition":[78.6623,135.137,2.06387],"pipPosition":[49.9587,121.256,-11.9848],"stabilizedTipPosition":[37.0954,109.958,13.1944],"timeVisible":0,"tipPosition":[37.0954,109.958,13.1944],"tipVelocity":[1.19209e-7,1.19209e-7,1.19209e-7],"tool":false,"touchDistance":0.333333,"touchZone":"none","type":4,"width":15.8225},{"bases":[[[0.856857,0.511595,-0.0637778],[-0.253241,0.525411,0.812288],[0.449072,-0.679863,0.579759]],[[0.705465,0.674845,-0.216571],[-0.576271,0.724054,0.379022],[0.41259,-0.142583,0.899688]],[[0.705465,0.674845,-0.216571],[-0.708655,0.666768,-0.230712],[-0.0112922,0.316234,0.948614]],[[0.705465,0.674845,-0.216571],[-0.590206,0.390196,-0.706685],[-0.392398,0.626363,0.673567]]],"btipPosition":[29.5438,108.641,-9.76717],"carpPosition":[40.4095,126.697,81.8894],"dipPosition":[20.4947,123.086,5.76606],"direction":[0.0112922,-0.316234,-0.948614],"extended":false,"handId":427,"id":4270,"length":51.3537,"mcpPosition":[40.4095,126.697,81.8894],"pipPosition":[20.1153,133.71,37.6363],"stabilizedTipPosition":[27.4625,111.963,-6.19453],"timeVisible":0,"tipPosition":[27.4625,111.963,-6.19453],"tipVelocity":[1.19209e-7,1.19209e-7,1.19209e-7],"tool":false,"touchDistance":1,"touchZone":"none","type":0,"width":19.9537},{"bases":[[[0.7108,-0.421291,-0.563273],[0.607186,0.771755,0.188993],[0.355088,-0.476348,0.804366]],[[0.758164,-0.491581,-0.42841],[0.512037,0.855627,-0.0756337],[0.403739,-0.162019,0.900413]],[[0.758164,-0.491581,-0.42841],[0.242177,0.822294,-0.51496],[0.605423,0.286673,0.742483]],[[0.758164,-0.491581,-0.42841],[-0.000552321,0.656522,-0.754307],[0.652064,0.572125,0.49748]]],"btipPosition":[-10.7748,166.23,-47.0611],"carpPosition":[57.4554,141.299,75.4265],"dipPosition":[0.203033,175.862,-38.6858],"direction":[-0.605423,-0.286673,-0.742483],"extended":true,"handId":427,"id":4271,"length":57.947,"mcpPosition":[31.714,175.831,17.1156],"pipPosition":[14.6222,182.69,-21.0023],"stabilizedTipPosition":[-8.24993,168.446,-45.1348],"timeVisible":0,"tipPosition":[-8.24993,168.446,-45.1348],"tipVelocity":[1.19209e-7,1.19209e-7,1.19209e-7],"tool":false,"touchDistance":0.856311,"touchZone":"hovering","type":1,"width":19.0597},{"bases":[[[0.612283,-0.710731,-0.346368],[0.777776,0.620149,0.102374],[0.14204,-0.332079,0.932496]],[[0.619698,-0.729365,-0.289829],[0.261873,0.540276,-0.799702],[0.739863,0.419676,0.525809]],[[0.619698,-0.729365,-0.289829],[-0.568718,-0.162823,-0.806256],[0.540864,0.664466,-0.515704]],[[0.619698,-0.729365,-0.289829],[-0.773804,-0.506088,-0.380922],[0.131152,0.460328,-0.878008]]],"btipPosition":[16.4068,106.844,11.7396],"carpPosition":[74.9254,131.436,62.2039],"dipPosition":[18.8214,115.319,-4.42501],"direction":[-0.540864,-0.664466,0.515704],"extended":false,"handId":427,"id":4273,"length":63.4857,"mcpPosition":[66.1582,151.933,4.64716],"pipPosition":[33.5851,133.457,-18.502],"stabilizedTipPosition":[16.9622,108.794,8.02177],"timeVisible":0,"tipPosition":[16.9622,108.794,8.02177],"tipVelocity":[1.19209e-7,1.19209e-7,1.19209e-7],"tool":false,"touchDistance":0.333333,"touchZone":"none","type":3,"width":17.8125}],"r":[[1,2.77556e-18,2.77556e-18],[-2.77556e-18,1,-1.11022e-17],[-2.77556e-18,1.11022e-17,1]],"s":1,"t":[0,0,0],"timestamp":262338196509},{"currentFrameRate":26.5188,"devices":[],"gestures":[],"hands":[{"armBasis":[[0.797253,-0.360584,-0.484115],[0.393181,0.918724,-0.0367931],[0.458035,-0.161012,0.874231]],"armWidth":65.6192,"confidence":0.195451,"direction":[-0.168164,0.529987,-0.831165],"elbow":[196.915,82.6123,316.168],"grabAngle":1.72888,"grabStrength":0,"id":427,"palmNormal":[-0.525684,-0.761488,-0.379199],"palmPosition":[50.7486,160.778,22.1201],"palmVelocity":[-35.7434,307.827,-127.489],"palmWidth":89.6585,"pinchDistance":69.447,"pinchStrength":1,"r":[[0.999498,0.0293321,0.0119491],[-0.0294536,0.999515,0.0101249],[-0.0116463,-0.0104718,0.999877]],"s":1.07989,"sphereCenter":[17.4316,141.424,-11.2527],"sphereRadius":51.2761,"stabilizedPalmPosition":[51.4692,154.572,24.6901],"t":[-0.671708,5.78484,-2.39583],"timeVisible":0.037585,"type":"right","wrist":[75.0549,125.449,83.5802]}],"id":240948,"interactionBox":{"center":[0,200,0],"size":[235.247,235.247,147.751]},"pointables":[{"bases":[[[0.793819,-0.278879,-0.540442],[0.474507,0.83986,0.263588],[0.380386,-0.465685,0.799027]],[[0.835727,-0.335803,-0.434508],[0.46936,0.847537,0.247754],[0.285065,-0.410995,0.865922]],[[0.835727,-0.335803,-0.434508],[0.397194,0.916023,0.056022],[0.379207,-0.219403,0.898924]],[[0.835727,-0.335803,-0.434508],[0.299506,0.941927,-0.151888],[0.460279,-0.00320123,0.887769]]],"btipPosition":[-1.84564,207.457,-60.9104],"carpPosition":[54.7284,150.902,70.407],"dipPosition":[5.94379,207.403,-45.8865],"direction":[-0.379207,0.219403,-0.898924],"extended":true,"handId":427,"id":4271,"length":58.2488,"mcpPosition":[27.153,184.661,12.4831],"pipPosition":[15.0223,202.15,-24.3655],"stabilizedTipPosition":[-0.660761,204.558,-56.5429],"timeVisible":0.037585,"tipPosition":[-1.42375,201.882,-56.572],"tipVelocity":[218.062,1037.62,-327.793],"tool":false,"touchDistance":0.619212,"touchZone":"hovering","type":1,"width":20.2967},{"bases":[[[0.745312,-0.478293,-0.464485],[0.610117,0.770193,0.185903],[0.268827,-0.421946,0.865848]],[[0.758819,-0.500515,-0.416748],[0.56905,0.820757,0.0504003],[0.316823,-0.275395,0.907624]],[[0.758819,-0.500515,-0.416748],[0.326484,0.845986,-0.421564],[0.563562,0.183829,0.80536]],[[0.758819,-0.500515,-0.416748],[0.326484,0.845986,-0.421564],[0.563562,0.183829,0.80536]]],"btipPosition":[4.86111,182.79,-76.6326],"carpPosition":[64.8314,149.234,63.8986],"dipPosition":[15.351,186.211,-61.642],"direction":[-0.563562,-0.183829,-0.80536],"extended":true,"handId":427,"id":4272,"length":66.3698,"mcpPosition":[46.3503,178.241,4.37411],"pipPosition":[31.2244,191.389,-38.9581],"stabilizedTipPosition":[4.1263,174.84,-66.5926],"timeVisible":0.037585,"tipPosition":[5.9965,179.51,-70.5037],"tipVelocity":[406.277,1127.74,-850.908],"tool":false,"touchDistance":0.377367,"touchZone":"hovering","type":2,"width":19.934},{"bases":[[[0.772928,0.634353,0.0133398],[-0.37039,0.434032,0.821236],[0.515164,-0.639697,0.570433]],[[0.62617,0.769701,-0.124383],[-0.643596,0.600305,0.474783],[0.440109,-0.217243,0.871269]],[[0.62617,0.769701,-0.124383],[-0.776673,0.601749,-0.18622],[-0.0684864,0.21321,0.974603]],[[0.62617,0.769701,-0.124383],[-0.61348,0.387922,-0.687865],[-0.4812,0.507027,0.715101]]],"btipPosition":[31.5658,125.339,-17.2497],"carpPosition":[39.7458,133.607,75.0965],"dipPosition":[20.411,137.093,-0.672753],"direction":[0.0684864,-0.21321,-0.974603],"extended":false,"handId":427,"id":4270,"length":51.6212,"mcpPosition":[39.7458,133.607,75.0965],"pipPosition":[18.0981,144.293,32.2412],"stabilizedTipPosition":[28.5496,123.331,-11.3147],"timeVisible":0.037585,"tipPosition":[31.9502,124.462,-13.9375],"tipVelocity":[40.9122,427.802,-192.696],"tool":false,"touchDistance":1,"touchZone":"none","type":0,"width":21.2486},{"bases":[[[0.72862,-0.591863,-0.34469],[0.670066,0.72021,0.17975],[0.141862,-0.361934,0.921346]],[[0.728883,-0.592536,-0.342974],[0.281077,0.715777,-0.639264],[0.62428,0.369547,0.688266]],[[0.728883,-0.592536,-0.342974],[-0.541684,-0.192744,-0.818186],[0.418698,0.782145,-0.461455]],[[0.728883,-0.592536,-0.342974],[-0.683521,-0.601191,-0.413967],[0.0390975,0.536164,-0.843208]]],"btipPosition":[25.5374,119.098,-1.29281],"carpPosition":[74.1333,144.496,57.7685],"dipPosition":[26.261,129.021,-16.8976],"direction":[-0.418698,-0.782145,0.461455],"extended":false,"handId":427,"id":4273,"length":63.8164,"mcpPosition":[65.3771,166.836,0.89988],"pipPosition":[37.7495,150.482,-29.5594],"stabilizedTipPosition":[21.3258,115.077,1.58058],"timeVisible":0.037585,"tipPosition":[23.9698,118.388,-2.22413],"tipVelocity":[232.584,334.893,-343.32],"tool":false,"touchDistance":0.333333,"touchZone":"none","type":3,"width":18.9685},{"bases":[[[0.619345,-0.740584,-0.260667],[0.785119,0.584562,0.204637],[0.00082484,-0.331396,0.943491]],[[0.616556,-0.706362,-0.347723],[0.338506,0.636586,-0.692944],[0.710826,0.309532,0.631599]],[[0.616556,-0.706362,-0.347723],[-0.57135,-0.097562,-0.814887],[0.541681,0.701095,-0.463733]],[[0.616556,-0.706362,-0.347723],[-0.774048,-0.463117,-0.431709],[0.143906,0.535327,-0.832296]]],"btipPosition":[42.5206,118.669,-0.705029],"carpPosition":[80.414,133.297,52.1299],"dipPosition":[44.9775,127.809,-14.9148],"direction":[-0.541681,-0.701095,0.463733],"extended":false,"handId":427,"id":4274,"length":50.0309,"mcpPosition":[80.3669,152.232,-1.77809],"pipPosition":[55.4715,141.391,-23.8987],"stabilizedTipPosition":[38.5107,112.513,9.13817],"timeVisible":0.037585,"tipPosition":[42.767,120.693,1.32277],"tipVelocity":[159.381,287.691,-456.77],"tool":false,"touchDistance":0.333333,"touchZone":"none","type":4,"width":16.8493}],"r":[[0.999498,0.0293321,0.0119491],[-0.0294536,0.999515,0.0101249],[-0.0116463,-0.0104718,0.999877]],"s":1.07989,"t":[-0.671708,5.78484,-2.39583],"timestamp":262338234094},{"currentFrameRate":27.0173,"devices":[],"gestures":[],"hands":[{"armBasis":[[0.858956,-0.153988,-0.488347],[0.230219,0.968019,0.099694],[0.457377,-0.19806,0.866936]],"armWidth":65.6192,"confidence":0.358481,"direction":[-0.152384,0.58254,-0.79839],"elbow":[193.368,79.7977,306.701],"grabAngle":1.72946,"grabStrength":0,"id":427,"palmNormal":[-0.334307,-0.790588,-0.51304],"palmPosition":[48.4678,170.115,15.4623],"palmVelocity":[-67.8302,277.671,-197.994],"palmWidth":89.6585,"pinchDistance":70.0026,"pinchStrength":1,"r":[[0.995133,0.0845913,0.0505414],[-0.0863762,0.995674,0.0342374],[-0.0474266,-0.0384363,0.998135]],"s":1.15537,"sphereCenter":[29.7354,155.915,-24.0293],"sphereRadius":49.8943,"stabilizedPalmPosition":[49.7754,163.343,19.4827],"t":[-2.14799,13.3457,-6.92261],"timeVisible":0.071211,"type":"right","wrist":[71.6829,132.491,76.0534]}],"id":240949,"interactionBox":{"center":[0,200,0],"size":[235.247,235.247,147.751]},"pointables":[{"bases":[[[0.891274,-0.0882399,-0.444796],[0.28516,0.871729,0.398462],[0.352581,-0.481977,0.802112]],[[0.932551,-0.156292,-0.325455],[0.293483,0.853182,0.431217],[0.210277,-0.497647,0.841505]],[[0.932551,-0.156292,-0.325455],[0.233866,0.94826,0.214733],[0.275055,-0.276363,0.920852]],[[0.932551,-0.156292,-0.325455],[0.184789,0.981044,0.0583651],[0.310164,-0.114569,0.943754]]],"btipPosition":[1.69895,220.537,-69.165],"carpPosition":[48.0408,155.864,62.8094],"dipPosition":[6.94794,218.598,-53.1936],"direction":[-0.275055,0.276363,-0.920852],"extended":true,"handId":427,"id":4271,"length":58.2488,"mcpPosition":[22.4811,190.804,4.66187],"pipPosition":[13.533,211.981,-31.1477],"stabilizedTipPosition":[2.5017,218.329,-64.4768],"timeVisible":0.071211,"tipPosition":[0.865296,212.907,-65.8855],"tipVelocity":[88.0355,376.078,-239.003],"tool":false,"touchDistance":0.470073,"touchZone":"hovering","type":1,"width":20.2967},{"bases":[[[0.868956,-0.299853,-0.393706],[0.439407,0.833468,0.335041],[0.227678,-0.464133,0.856004]],[[0.884019,-0.335009,-0.326005],[0.438273,0.836541,0.328809],[0.162563,-0.433553,0.886344]],[[0.884019,-0.335009,-0.326005],[0.353957,0.935261,-0.00127591],[0.305327,-0.114264,0.945367]],[[0.884019,-0.335009,-0.326005],[0.299204,0.94135,-0.156005],[0.359148,0.0403693,0.932407]]],"btipPosition":[20.3138,211.621,-87.4733],"carpPosition":[59.0121,156.547,57.6735],"dipPosition":[26.9988,212.372,-70.1179],"direction":[-0.305327,0.114264,-0.945367],"extended":true,"handId":427,"id":4272,"length":66.3698,"mcpPosition":[43.3599,188.455,-1.17427],"pipPosition":[35.5987,209.154,-43.4905],"stabilizedTipPosition":[19.8801,207.684,-81.6033],"timeVisible":0.071211,"tipPosition":[18.6827,204.404,-82.4478],"tipVelocity":[433.522,839.143,-306.215],"tool":false,"touchDistance":0.306988,"touchZone":"hovering","type":2,"width":19.934},{"bases":[[[0.643533,0.744852,0.176241],[-0.539533,0.278105,0.794709],[0.542927,-0.60651,0.580842]],[[0.485351,0.873999,0.0236552],[-0.783421,0.42272,0.455586],[0.388183,-0.239651,0.889877]],[[0.485351,0.873999,0.0236552],[-0.853055,0.479304,-0.206312],[-0.191654,0.0799544,0.9782]],[[0.485351,0.873999,0.0236552],[-0.605093,0.355305,-0.712475],[-0.631108,0.331487,0.701298]]],"btipPosition":[37.8236,137.393,-29.2151],"carpPosition":[35.8149,135.99,63.8479],"dipPosition":[23.1938,145.077,-12.9581],"direction":[0.191654,-0.0799544,-0.9782],"extended":false,"handId":427,"id":4270,"length":51.6212,"mcpPosition":[35.8149,135.99,63.8479],"pipPosition":[16.7213,147.777,20.0773],"stabilizedTipPosition":[32.6509,134.317,-21.1435],"timeVisible":0.071211,"tipPosition":[39.7626,136.021,-25.7821],"tipVelocity":[162.331,330.633,-358.026],"tool":false,"touchDistance":0.951712,"touchZone":"hovering","type":0,"width":21.2486},{"bases":[[[0.857376,-0.426857,-0.287576],[0.507401,0.794695,0.333174],[0.0863174,-0.431571,0.89794]],[[0.851732,-0.403854,-0.333847],[0.180104,0.823965,-0.537256],[0.492052,0.397471,0.774533]],[[0.851732,-0.403854,-0.333847],[-0.478375,-0.339366,-0.809931],[0.213798,0.849549,-0.482242]],[[0.851732,-0.403854,-0.333847],[-0.515414,-0.760462,-0.395027],[-0.0943448,0.508527,-0.855862]]],"btipPosition":[38.4613,130.376,-8.09356],"carpPosition":[69.6852,154.05,52.5362],"dipPosition":[36.7153,139.787,-23.9326],"direction":[-0.213798,-0.849549,0.482242],"extended":false,"handId":427,"id":4273,"length":63.8164,"mcpPosition":[64.3574,180.688,-2.88765],"pipPosition":[42.5816,163.098,-37.1647],"stabilizedTipPosition":[35.3059,129.667,-9.54504],"timeVisible":0.071211,"tipPosition":[34.7339,129.017,-14.338],"tipVelocity":[367.449,331.891,-203.848],"tool":false,"touchDistance":0.333333,"touchZone":"none","type":3,"width":18.9685},{"bases":[[[0.765902,-0.599337,-0.232786],[0.640197,0.677357,0.362402],[-0.0595216,-0.426594,0.902483]],[[0.768098,-0.556293,-0.317119],[0.319184,0.76195,-0.563519],[0.555111,0.331619,0.762811]],[[0.768098,-0.556293,-0.317119],[-0.48768,-0.187272,-0.8527],[0.414963,0.80961,-0.415136]],[[0.768098,-0.556293,-0.317119],[-0.630569,-0.570963,-0.525722],[0.111392,0.603771,-0.789336]]],"btipPosition":[52.4834,131.441,-9.85512],"carpPosition":[78.4652,144.674,46.9071],"dipPosition":[54.3852,141.75,-23.3315],"direction":[-0.414963,-0.80961,0.415136],"extended":false,"handId":427,"id":4274,"length":50.0309,"mcpPosition":[81.866,169.049,-4.65777],"pipPosition":[62.4242,157.434,-31.3739],"stabilizedTipPosition":[48.155,126.768,-5.64796],"timeVisible":0.071211,"tipPosition":[50.6702,132.094,-10.1612],"tipVelocity":[292.485,387.833,-267.097],"tool":false,"touchDistance":0.333333,"touchZone":"none","type":4,"width":16.8493}],"r":[[0.995133,0.0845913,0.0505414],[-0.0863762,0.995674,0.0342374],[-0.0474266,-0.0384363,0.998135]],"s":1.15537,"t":[-2.14799,13.3457,-6.92261],"timestamp":262338267720},{"currentFrameRate":29.2828,"devices":[],"gestures":[],"hands":[{"armBasis":[[0.871354,-0.063319,-0.486553],[0.171454,0.968418,0.181025],[0.459724,-0.241158,0.854691]],"armWidth":65.6192,"confidence":0.444255,"direction":[-0.151973,0.625773,-0.765057],"elbow":[193.327,73.3559,299.424],"grabAngle":1.71196,"grabStrength":0,"id":427,"palmNormal":[-0.265852,-0.771402,-0.578153],"palmPosition":[47.9255,177.926,13.1911],"palmVelocity":[-27.902,401.96,-116.867],"palmWidth":89.6585,"pinchDistance":71.8262,"pinchStrength":1,"r":[[0.986106,0.137902,0.0926165],[-0.144092,0.987504,0.0638265],[-0.0826573,-0.076285,0.993654]],"s":1.21525,"sphereCenter":[34.4413,167.524,-27.7882],"sphereRadius":49.4678,"stabilizedPalmPosition":[48.6588,172.145,15.6852],"t":[-3.15726,21.032,-10.3216],"timeVisible":0.090645,"type":"right","wrist":[71.0177,137.516,72.0348]}],"id":240950,"interactionBox":{"center":[0,200,0],"size":[235.247,235.247,147.751]},"pointables":[{"bases":[[[0.912929,-0.00881988,-0.408024],[0.216977,0.857255,0.466942],[0.345662,-0.514817,0.784526]],[[0.95508,-0.0875174,-0.28313],[0.226693,0.831115,0.507797],[0.190873,-0.54917,0.813621]],[[0.95508,-0.0875174,-0.28313],[0.17735,0.934222,0.309479],[0.237422,-0.34579,0.907778]],[[0.95508,-0.0875174,-0.28313],[0.13696,0.977599,0.159822],[0.262801,-0.191421,0.945671]]],"btipPosition":[3.00918,232.722,-69.7895],"carpPosition":[46.3212,160.514,59.4429],"dipPosition":[7.45663,229.482,-53.7857],"direction":[-0.237422,0.34579,-0.907778],"extended":true,"handId":427,"id":4271,"length":58.2488,"mcpPosition":[21.2631,197.834,2.57027],"pipPosition":[13.1407,221.204,-32.0528],"stabilizedTipPosition":[3.74907,229.453,-65.8068],"timeVisible":0.090645,"tipPosition":[1.67985,224.305,-67.1898],"tipVelocity":[57.9335,611.62,-31.7484],"tool":false,"touchDistance":0.447144,"touchZone":"hovering","type":1,"width":20.2967},{"bases":[[[0.90078,-0.224303,-0.371864],[0.375731,0.831912,0.40835],[0.217764,-0.507554,0.833647]],[[0.916722,-0.269068,-0.295335],[0.377327,0.826055,0.418638],[0.131321,-0.495213,0.858789]],[[0.916722,-0.269068,-0.295335],[0.323308,0.933889,0.152719],[0.234719,-0.235485,0.943109]],[[0.916722,-0.269068,-0.295335],[0.269837,0.962117,-0.0389719],[0.294633,-0.0439659,0.954598]]],"btipPosition":[24.1066,228.131,-87.7703],"carpPosition":[57.442,162.145,54.8735],"dipPosition":[29.5907,227.313,-70.0019],"direction":[-0.234719,0.235485,-0.943109],"extended":true,"handId":427,"id":4272,"length":66.3698,"mcpPosition":[42.4714,197.038,-2.43734],"pipPosition":[36.2018,220.68,-43.4381],"stabilizedTipPosition":[24.3705,224.261,-83.3054],"timeVisible":0.090645,"tipPosition":[21.4735,219.445,-83.5833],"tipVelocity":[180.948,830.989,-10.3941],"tool":false,"touchDistance":0.325917,"touchZone":"hovering","type":2,"width":19.934},{"bases":[[[0.591196,0.765583,0.253711],[-0.587929,0.193741,0.785369],[0.552111,-0.613471,0.564648]],[[0.414575,0.905858,0.086887],[-0.833074,0.339365,0.436829],[0.366219,-0.253482,0.895338]],[[0.414575,0.905858,0.086887],[-0.876823,0.42318,-0.228255],[-0.243536,0.0184444,0.969717]],[[0.414575,0.905858,0.086887],[-0.603988,0.345318,-0.718299],[-0.68068,0.24531,0.690288]]],"btipPosition":[41.2262,146.13,-34.1658],"carpPosition":[35.2358,139.971,58.624],"dipPosition":[25.4472,151.816,-18.164],"direction":[0.243536,-0.0184444,-0.969716],"extended":false,"handId":427,"id":4270,"length":51.6212,"mcpPosition":[35.2358,139.971,58.624],"pipPosition":[17.2226,152.439,14.5849],"stabilizedTipPosition":[35.5195,141.926,-26.5614],"timeVisible":0.090645,"tipPosition":[42.4199,146.384,-30.532],"tipVelocity":[161.485,425.921,-257.764],"tool":false,"touchDistance":0.814733,"touchZone":"hovering","type":0,"width":21.2486},{"bases":[[[0.892104,-0.35862,-0.274851],[0.445878,0.797156,0.407105],[0.0731031,-0.48573,0.871047]],[[0.886264,-0.329447,-0.325579],[0.140131,0.860691,-0.489463],[0.441475,0.388169,0.808965]],[[0.886264,-0.329447,-0.325579],[-0.428014,-0.313848,-0.847528],[0.177033,0.890486,-0.41916]],[[0.886264,-0.329447,-0.325579],[-0.455214,-0.749345,-0.480898],[-0.0855406,0.57441,-0.814086]]],"btipPosition":[41.1258,138.329,-12.9153],"carpPosition":[68.4501,160.591,50.0824],"dipPosition":[39.5428,148.96,-27.9812],"direction":[-0.177033,-0.890486,0.41916],"extended":false,"handId":427,"id":4273,"length":63.8164,"mcpPosition":[63.9379,190.572,-3.68155],"pipPosition":[44.4004,173.394,-39.4824],"stabilizedTipPosition":[38.9897,137.166,-14.1603],"timeVisible":0.090645,"tipPosition":[38.0722,138.413,-19.5794],"tipVelocity":[139.038,423.675,-238.958],"tool":false,"touchDistance":0.333333,"touchZone":"none","type":3,"width":18.9685},{"bases":[[[0.808551,-0.539178,-0.235651],[0.5839,0.685608,0.434745],[-0.0728404,-0.48911,0.869175]],[[0.811695,-0.483437,-0.32778],[0.28239,0.816055,-0.504291],[0.511279,0.316769,0.798906]],[[0.811695,-0.483437,-0.32778],[-0.460523,-0.184528,-0.868255],[0.359262,0.855709,-0.372415]],[[0.811695,-0.483437,-0.32778],[-0.577912,-0.583383,-0.570686],[0.0846691,0.652651,-0.752913]]],"btipPosition":[55.8392,141.246,-13.3056],"carpPosition":[77.9896,152.114,44.2672],"dipPosition":[57.2848,152.389,-26.1601],"direction":[-0.359262,-0.855709,0.372415],"extended":false,"handId":427,"id":4274,"length":50.0309,"mcpPosition":[82.1515,180.061,-5.39459],"pipPosition":[64.2448,168.966,-33.3749],"stabilizedTipPosition":[52.9132,136.882,-11.9479],"timeVisible":0.090645,"tipPosition":[53.612,142.037,-14.8294],"tipVelocity":[167.281,514.381,-170.188],"tool":false,"touchDistance":0.333333,"touchZone":"none","type":4,"width":16.8493}],"r":[[0.986106,0.137902,0.0926165],[-0.144092,0.987504,0.0638265],[-0.0826573,-0.076285,0.993654]],"s":1.21525,"t":[-3.15726,21.032,-10.3216],"timestamp":262338287154},{"currentFrameRate":31.3057,"devices":[],"gestures":[],"hands":[{"armBasis":[[0.873178,-0.0325912,-0.486311],[0.170388,0.955219,0.241919],[0.456649,-0.2941,0.839629]],"armWidth":65.6192,"confidence":0.523442,"direction":[-0.135234,0.658414,-0.740407],"elbow":[191.4,63.2841,292.764],"grabAngle":1.68218,"grabStrength":0,"id":427,"palmNormal":[-0.252225,-0.74553,-0.616902],"palmPosition":[47.9411,184.629,12.0067],"palmVelocity":[0.79435,340.995,-60.257],"palmWidth":89.6585,"pinchDistance":73.488,"pinchStrength":1,"r":[[0.974994,0.178054,0.132979],[-0.191171,0.977109,0.0933395],[-0.113316,-0.116427,0.986714]],"s":1.26435,"sphereCenter":[36.4847,179.006,-28.5662],"sphereRadius":49.0947,"stabilizedPalmPosition":[48.1107,181.68,12.8758],"t":[-3.65408,28.2265,-12.6133],"timeVisible":0.110301,"type":"right","wrist":[69.9094,141.529,69.3815]}],"id":240951,"interactionBox":{"center":[0,200,0],"size":[235.247,235.247,147.751]},"pointables":[{"bases":[[[0.921864,0.00869308,-0.387417],[0.205794,0.836138,0.508451],[0.328354,-0.54845,0.769016]],[[0.962528,-0.0791826,-0.259365],[0.217037,0.798358,0.561711],[0.162589,-0.596955,0.785627]],[[0.962528,-0.0791826,-0.259365],[0.176177,0.90968,0.376089],[0.20616,-0.407691,0.889543]],[[0.962528,-0.0791826,-0.259365],[0.140773,0.963356,0.228315],[0.231782,-0.256272,0.938404]]],"btipPosition":[5.73187,244.485,-68.9455],"carpPosition":[45.3122,165.226,57.4118],"dipPosition":[9.65439,240.148,-53.0646],"direction":[-0.20616,0.407691,-0.889543],"extended":true,"handId":427,"id":4271,"length":58.2488,"mcpPosition":[21.5088,204.985,1.66348],"pipPosition":[14.59,230.388,-31.7683],"stabilizedTipPosition":[6.30496,241.887,-65.3515],"timeVisible":0.110301,"tipPosition":[3.81059,235.417,-67.0917],"tipVelocity":[132.375,585.623,41.5006],"tool":false,"touchDistance":0.447999,"touchZone":"hovering","type":1,"width":20.2967},{"bases":[[[0.90907,-0.208154,-0.360922],[0.365842,0.813326,0.452394],[0.19938,-0.543298,0.815522]],[[0.924022,-0.259398,-0.280884],[0.368497,0.800093,0.473351],[0.101947,-0.540892,0.834891]],[[0.924022,-0.259398,-0.280884],[0.340801,0.891812,0.297533],[0.173316,-0.370653,0.912457]],[[0.924022,-0.259398,-0.280884],[0.296981,0.949634,0.0999828],[0.240802,-0.175804,0.954519]]],"btipPosition":[28.5937,243.937,-86.2236],"carpPosition":[56.5315,167.051,53.1683],"dipPosition":[33.0759,240.665,-68.4567],"direction":[-0.173316,0.370653,-0.912457],"extended":true,"handId":427,"id":4272,"length":66.3698,"mcpPosition":[42.8248,204.402,-2.89641],"pipPosition":[37.9576,230.225,-42.7562],"stabilizedTipPosition":[29.0284,241.037,-82.2697],"timeVisible":0.110301,"tipPosition":[25.2102,233.696,-83.1012],"tipVelocity":[216.561,775.411,78.671],"tool":false,"touchDistance":0.349854,"touchZone":"hovering","type":2,"width":19.934},{"bases":[[[0.584774,0.753723,0.299901],[-0.605556,0.159609,0.779633],[0.539761,-0.637516,0.549757]],[[0.399398,0.908317,0.124266],[-0.853389,0.318824,0.412406],[0.334976,-0.270761,0.902485]],[[0.399398,0.908317,0.124266],[-0.878477,0.417949,-0.231509],[-0.26222,-0.0167009,0.964863]],[[0.399398,0.908317,0.124266],[-0.600939,0.361751,-0.712748],[-0.692354,0.209993,0.690325]]],"btipPosition":[42.6923,153.755,-37.5247],"carpPosition":[34.2635,144.741,55.4537],"dipPosition":[26.6426,158.623,-21.5221],"direction":[0.26222,0.0167009,-0.964863],"extended":false,"handId":427,"id":4270,"length":51.6212,"mcpPosition":[34.2635,144.741,55.4537],"pipPosition":[17.787,158.059,11.063],"stabilizedTipPosition":[37.7904,150.372,-31.3119],"timeVisible":0.110301,"tipPosition":[43.0498,155.002,-33.2171],"tipVelocity":[71.418,378.355,-170.873],"tool":false,"touchDistance":0.716213,"touchZone":"hovering","type":0,"width":21.2486},{"bases":[[[0.898319,-0.346552,-0.270047],[0.436025,0.778643,0.451218],[0.0538995,-0.523085,0.850575]],[[0.89347,-0.314562,-0.320565],[0.137132,0.870745,-0.472227],[0.427674,0.377961,0.821121]],[[0.89347,-0.314562,-0.320565],[-0.41226,-0.291229,-0.863266],[0.178193,0.903458,-0.389886]],[[0.89347,-0.314562,-0.320565],[-0.443768,-0.728204,-0.522293],[-0.069143,0.608909,-0.790221]]],"btipPosition":[41.7821,145.206,-14.9542],"carpPosition":[67.6455,165.705,48.5628],"dipPosition":[40.5025,156.475,-29.5784],"direction":[-0.178193,-0.903458,0.389886],"extended":false,"handId":427,"id":4273,"length":63.8164,"mcpPosition":[64.3186,197.991,-3.93756],"pipPosition":[45.3919,181.265,-40.2764],"stabilizedTipPosition":[40.8988,145.291,-17.3375],"timeVisible":0.110301,"tipPosition":[39.0855,146.684,-22.2812],"tipVelocity":[36.9359,357.322,-98.5601],"tool":false,"touchDistance":0.333333,"touchZone":"none","type":3,"width":18.9685},{"bases":[[[0.814044,-0.528622,-0.240604],[0.573476,0.665969,0.477085],[-0.0919626,-0.526349,0.845281]],[[0.819217,-0.468267,-0.331074],[0.291587,0.83722,-0.462644],[0.493822,0.28247,0.822405]],[[0.819217,-0.468267,-0.331074],[-0.446496,-0.158505,-0.880635],[0.359895,0.869254,-0.338929]],[[0.819217,-0.468267,-0.331074],[-0.564795,-0.55867,-0.607367],[0.099449,0.684554,-0.722146]]],"btipPosition":[56.6086,149.14,-15.6036],"carpPosition":[77.3196,157.486,42.601],"dipPosition":[58.3065,160.827,-27.9328],"direction":[-0.359895,-0.869254,0.338929],"extended":false,"handId":427,"id":4274,"length":50.0309,"mcpPosition":[82.574,187.56,-5.69556],"pipPosition":[65.2787,177.667,-34.4989],"stabilizedTipPosition":[55.7894,147.403,-16.5174],"timeVisible":0.110301,"tipPosition":[54.335,150.024,-17.4297],"tipVelocity":[42.0934,407.968,-110.764],"tool":false,"touchDistance":0.333333,"touchZone":"none","type":4,"width":16.8493}],"r":[[0.974994,0.178054,0.132979],[-0.191171,0.977109,0.0933395],[-0.113316,-0.116427,0.986714]],"s":1.26435,"t":[-3.65408,28.2265,-12.6133],"timestamp":262338306810},{"currentFrameRate":33.1302,"devices":[],"gestures":[],"hands":[{"armBasis":[[0.878626,0.0150472,-0.477274],[0.151887,0.938786,0.309211],[0.452711,-0.344172,0.822556]],"armWidth":65.6192,"confidence":0.594703,"direction":[-0.128507,0.700086,-0.7024],"elbow":[189.05,52.0107,284.865],"grabAngle":1.64489,"grabStrength":0,"id":427,"palmNormal":[-0.226972,-0.710236,-0.66637],"palmPosition":[47.1661,189.831,10.9401],"palmVelocity":[-39.3173,263.921,-54.1109],"palmWidth":89.6585,"pinchDistance":75.238,"pinchStrength":1,"r":[[0.962421,0.209576,0.172693],[-0.232625,0.964357,0.126103],[-0.14011,-0.161537,0.97687]],"s":1.29928,"sphereCenter":[35.3827,188.943,-28.7982],"sphereRadius":48.8076,"stabilizedPalmPosition":[47.3197,188.506,11.2548],"t":[-4.29001,34.4249,-14.2925],"timeVisible":0.130013,"type":"right","wrist":[68.6062,143.577,66.0245]}],"id":240952,"interactionBox":{"center":[0,200,0],"size":[235.247,235.247,147.751]},"pointables":[{"bases":[[[0.930105,0.0448013,-0.364552],[0.181624,0.806593,0.562513],[0.319247,-0.589407,0.742079]],[[0.970123,-0.0533976,-0.236665],[0.195199,0.751091,0.630682],[0.14408,-0.658036,0.739074]],[[0.970123,-0.0533976,-0.236665],[0.159149,0.876335,0.454652],[0.183121,-0.478734,0.858651]],[[0.970123,-0.0533976,-0.236665],[0.126161,0.944248,0.304104],[0.207232,-0.324876,0.922773]]],"btipPosition":[6.64553,255.372,-66.3979],"carpPosition":[43.811,167.682,55.0215],"dipPosition":[10.1526,249.874,-50.7815],"direction":[-0.183121,0.478734,-0.858651],"extended":true,"handId":427,"id":4271,"length":58.2488,"mcpPosition":[20.6679,210.41,1.22597],"pipPosition":[14.5366,238.413,-30.2247],"stabilizedTipPosition":[7.35774,253.102,-63.0156],"timeVisible":0.130013,"tipPosition":[4.43305,245.732,-65.6213],"tipVelocity":[41.5027,538.728,126.156],"tool":false,"touchDistance":0.473835,"touchZone":"hovering","type":1,"width":20.2967},{"bases":[[[0.920003,-0.173407,-0.351461],[0.343219,0.789419,0.508939],[0.189196,-0.588853,0.785784]],[[0.93362,-0.227468,-0.27679],[0.347659,0.761817,0.546597],[0.0865298,-0.606542,0.790329]],[[0.93362,-0.227468,-0.27679],[0.32251,0.870054,0.372818],[0.156018,-0.437338,0.88566]],[[0.93362,-0.227468,-0.27679],[0.282491,0.942564,0.178246],[0.220347,-0.244604,0.944254]]],"btipPosition":[29.4603,256.226,-83.1154],"carpPosition":[55.094,169.915,51.1587],"dipPosition":[33.5618,251.673,-65.5396],"direction":[-0.156018,0.437338,-0.88566],"extended":true,"handId":427,"id":4272,"length":66.3698,"mcpPosition":[42.0873,210.397,-2.86163],"pipPosition":[37.9562,239.355,-40.5939],"stabilizedTipPosition":[30.2875,253.984,-79.3431],"timeVisible":0.130013,"tipPosition":[26.3189,245.395,-81.2876],"tipVelocity":[39.5206,608.478,155.448],"tool":false,"touchDistance":0.394165,"touchZone":"hovering","type":2,"width":19.934},{"bases":[[[0.566402,0.74217,0.358291],[-0.62528,0.103796,0.773467],[0.536855,-0.662126,0.522855]],[[0.372651,0.910531,0.179066],[-0.876384,0.281877,0.390509],[0.305096,-0.302454,0.903016]],[[0.372651,0.910531,0.179066],[-0.883541,0.407134,-0.23151],[-0.283701,-0.0719396,0.95621]],[[0.372651,0.910531,0.179066],[-0.599228,0.383453,-0.702773],[-0.70856,0.154588,0.68851]]],"btipPosition":[44.1202,160.926,-41.0935],"carpPosition":[33.1206,147.203,51.5766],"dipPosition":[27.6949,164.509,-25.133],"direction":[0.283701,0.0719396,-0.95621],"extended":false,"handId":427,"id":4270,"length":51.6212,"mcpPosition":[33.1206,147.203,51.5766],"pipPosition":[18.1138,162.08,7.15981],"stabilizedTipPosition":[39.5463,158.201,-35.5163],"timeVisible":0.130013,"tipPosition":[43.4543,162.831,-36.1996],"tipVelocity":[68.0578,348.8,-181.542],"tool":false,"touchDistance":0.624247,"touchZone":"hovering","type":0,"width":21.2486},{"bases":[[[0.909309,-0.317185,-0.269355],[0.413928,0.755839,0.507318],[0.0426754,-0.572802,0.818582]],[[0.908292,-0.305845,-0.28542],[0.182849,0.903897,-0.3867],[0.37626,0.299047,0.876926]],[[0.908292,-0.305845,-0.28542],[-0.355798,-0.205928,-0.911593],[0.22003,0.929544,-0.295862]],[[0.908292,-0.305845,-0.28542],[-0.418237,-0.649025,-0.635487],[0.00911591,0.696581,-0.71742]]],"btipPosition":[40.8363,152.727,-21.1977],"carpPosition":[66.3278,169.003,46.7414],"dipPosition":[41.005,165.618,-34.4747],"direction":[-0.22003,-0.929544,0.295862],"extended":false,"handId":427,"id":4273,"length":63.8164,"mcpPosition":[63.6938,204.358,-3.7843],"pipPosition":[47.0423,191.124,-42.5928],"stabilizedTipPosition":[40.8819,152.69,-22.2557],"timeVisible":0.130013,"tipPosition":[39.8651,154.213,-25.5102],"tipVelocity":[-31.0821,400.465,-301.019],"tool":false,"touchDistance":0.333333,"touchZone":"none","type":3,"width":18.9685},{"bases":[[[0.82716,-0.501845,-0.252898],[0.552453,0.643709,0.529561],[-0.102965,-0.577746,0.809696]],[[0.832304,-0.46064,-0.308352],[0.324233,0.855743,-0.403208],[0.449604,0.235614,0.861593]],[[0.832304,-0.46064,-0.308352],[-0.400595,-0.115353,-0.908965],[0.383136,0.880059,-0.280539]],[[0.832304,-0.46064,-0.308352],[-0.531284,-0.50421,-0.680815],[0.158137,0.730468,-0.664387]]],"btipPosition":[56.2709,156.532,-19.1377],"carpPosition":[76.2569,161.294,40.5234],"dipPosition":[58.9708,169.003,-30.4808],"direction":[-0.383136,-0.880059,0.280539],"extended":false,"handId":427,"id":4274,"length":50.0309,"mcpPosition":[82.1399,194.305,-5.73992],"pipPosition":[66.3933,186.053,-35.9157],"stabilizedTipPosition":[56.6131,156.366,-20.424],"timeVisible":0.130013,"tipPosition":[54.8561,157.28,-20.4402],"tipVelocity":[-5.43808,384.157,-167.784],"tool":false,"touchDistance":0.333333,"touchZone":"none","type":4,"width":16.8493}],"r":[[0.962421,0.209576,0.172693],[-0.232625,0.964357,0.126103],[-0.14011,-0.161537,0.97687]],"s":1.29928,"t":[-4.29001,34.4249,-14.2925],"timestamp":262338326522},{"currentFrameRate":34.7964,"devices":[],"gestures":[],"hands":[{"armBasis":[[0.88067,0.0201942,-0.4733],[0.167514,0.921269,0.351002],[0.443125,-0.388401,0.807951]],"armWidth":65.6192,"confidence":0.657458,"direction":[-0.116899,0.731252,-0.672015],"elbow":[185.401,41.3294,278.586],"grabAngle":1.60793,"grabStrength":0,"id":427,"palmNormal":[-0.238239,-0.677545,-0.695827],"palmPosition":[46.8828,193.574,10.5648],"palmVelocity":[-14.4317,190.661,-19.1172],"palmWidth":89.6585,"pinchDistance":76.9974,"pinchStrength":1,"r":[[0.951319,0.228528,0.206804],[-0.263143,0.951573,0.158951],[-0.160464,-0.205631,0.965384]],"s":1.32791,"sphereCenter":[33.3179,198.596,-26.6366],"sphereRadius":48.8623,"stabilizedPalmPosition":[46.9402,192.908,10.6555],"t":[-4.74962,39.3955,-15.3197],"timeVisible":0.149643,"type":"right","wrist":[67.508,144.663,63.631]}],"id":240953,"interactionBox":{"center":[0,200,0],"size":[235.247,235.247,147.751]},"pointables":[{"bases":[[[0.930831,0.0451379,-0.362652],[0.194495,0.778945,0.596168],[0.309396,-0.625466,0.716287]],[[0.968389,-0.0557071,-0.243143],[0.211645,0.699373,0.682704],[0.132016,-0.712583,0.689055]],[[0.968389,-0.0557071,-0.243143],[0.181174,0.82708,0.532085],[0.171458,-0.559316,0.811029]],[[0.968389,-0.0557071,-0.243143],[0.150821,0.907151,0.392849],[0.198683,-0.417102,0.886877]]],"btipPositi