{"frames":325,"data":[{"currentFrameRate":26.5465,"devices":[],"gestures":[],"hands":[],"id":241658,"interactionBox":{"center":[0,200,0],"size":[235.247,235.247,147.751]},"pointables":[],"r":[[-0.020113,-0.761857,-0.647433],[0.506356,0.550609,-0.663651],[0.86209,-0.34118,0.374696]],"s":-5.55733,"t":[884.858,792.664,758.259],"timestamp":262362653957},{"currentFrameRate":26.5093,"devices":[],"gestures":[],"hands":[],"id":241659,"interactionBox":{"center":[0,200,0],"size":[235.247,235.247,147.751]},"pointables":[],"r":[[-0.020113,-0.761857,-0.647433],[0.506356,0.550609,-0.663651],[0.86209,-0.34118,0.374696]],"s":-5.55733,"t":[884.858,792.664,758.259],"timestamp":262362691934},{"currentFrameRate":26.5052,"devices":[],"gestures":[],"hands":[],"id":241660,"interactionBox":{"center":[0,200,0],"size":[235.247,235.247,147.751]},"pointables":[],"r":[[-0.020113,-0.761857,-0.647433],[0.506356,0.550609,-0.663651],[0.86209,-0.34118,0.374696]],"s":-5.55733,"t":[884.858,792.664,758.259],"timestamp":262362729691},{"currentFrameRate":26.5084,"devices":[],"gestures":[],"hands":[],"id":241661,"interactionBox":{"center":[0,200,0],"size":[235.247,235.247,147.751]},"pointables":[],"r":[[-0.020113,-0.761857,-0.647433],[0.506356,0.550609,-0.663651],[0.86209,-0.34118,0.374696]],"s":-5.55733,"t":[884.858,792.664,758.259],"timestamp":262362767393},{"currentFrameRate":26.5069,"devices":[],"gestures":[],"hands":[],"id":241662,"interactionBox":{"center":[0,200,0],"size":[235.247,235.247,147.751]},"pointables":[],"r":[[-0.020113,-0.761857,-0.647433],[0.506356,0.550609,-0.663651],[0.86209,-0.34118,0.374696]],"s":-5.55733,"t":[884.858,792.664,758.259],"timestamp":262362805129},{"currentFrameRate":26.5144,"devices":[],"gestures":[],"hands":[],"id":241663,"interactionBox":{"center":[0,200,0],"size":[235.247,235.247,147.751]},"pointables":[],"r":[[-0.020113,-0.761857,-0.647433],[0.506356,0.550609,-0.663651],[0.86209,-0.34118,0.374696]],"s":-5.55733,"t":[884.858,792.664,758.259],"timestamp":262362842793},{"currentFrameRate":26.4812,"devices":[],"gestures":[],"hands":[],"id":241664,"interactionBox":{"center":[0,200,0],"size":[235.247,235.247,147.751]},"pointables":[],"r":[[-0.020113,-0.761857,-0.647433],[0.506356,0.550609,-0.663651],[0.86209,-0.34118,0.374696]],"s":-5.55733,"t":[884.858,792.664,758.259],"timestamp":262362880783},{"currentFrameRate":26.516,"devices":[],"gestures":[],"hands":[],"id":241665,"interactionBox":{"center":[0,200,0],"size":[235.247,235.247,147.751]},"pointables":[],"r":[[-0.020113,-0.761857,-0.647433],[0.506356,0.550609,-0.663651],[0.86209,-0.34118,0.374696]],"s":-5.55733,"t":[884.858,792.664,758.259],"timestamp":262362918258},{"currentFrameRate":26.5156,"devices":[],"gestures":[],"hands":[],"id":241666,"interactionBox":{"center":[0,200,0],"size":[235.247,235.247,147.751]},"pointables":[],"r":[[-0.020113,-0.761857,-0.647433],[0.506356,0.550609,-0.663651],[0.86209,-0.34118,0.374696]],"s":-5.55733,"t":[884.858,792.664,758.259],"timestamp":262362955974},{"currentFrameRate":26.5159,"devices":[],"gestures":[],"hands":[],"id":241667,"interactionBox":{"center":[0,200,0],"size":[235.247,235.247,147.751]},"pointables":[],"r":[[-0.020113,-0.761857,-0.647433],[0.506356,0.550609,-0.663651],[0.86209,-0.34118,0.374696]],"s":-5.55733,"t":[884.858,792.664,758.259],"timestamp":262362993685},{"currentFrameRate":26.5201,"devices":[],"gestures":[],"hands":[],"id":241668,"interactionBox":{"center":[0,200,0],"size":[235.247,235.247,147.751]},"pointables":[],"r":[[-0.020113,-0.761857,-0.647433],[0.506356,0.550609,-0.663651],[0.86209,-0.34118,0.374696]],"s":-5.55733,"t":[884.858,792.664,758.259],"timestamp":262363031364},{"currentFrameRate":26.5258,"devices":[],"gestures":[],"hands":[],"id":241669,"interactionBox":{"center":[0,200,0],"size":[235.247,235.247,147.751]},"pointables":[],"r":[[-0.020113,-0.761857,-0.647433],[0.506356,0.550609,-0.663651],[0.86209,-0.34118,0.374696]],"s":-5.55733,"t":[884.858,792.664,758.259],"timestamp":262363069024},{"currentFrameRate":26.5022,"devices":[],"gestures":[],"hands":[],"id":241670,"interactionBox":{"center":[0,200,0],"size":[235.247,235.247,147.751]},"pointables":[],"r":[[-0.020113,-0.761857,-0.647433],[0.506356,0.550609,-0.663651],[0.86209,-0.34118,0.374696]],"s":-5.55733,"t":[884.858,792.664,758.259],"timestamp":262363106918},{"currentFrameRate":26.5016,"devices":[],"gestures":[],"hands":[{"armBasis":[[0.963895,0.0292212,-0.264674],[0.107063,0.867552,0.485685],[0.243811,-0.496486,0.833101]],"armWidth":62.7876,"confidence":0,"direction":[-0.236461,0.726145,-0.645601],"elbow":[122.992,-19.2059,317.086],"grabAngle":1.17891,"grabStrength":0,"id":428,"palmNormal":[-0.183857,-0.685879,-0.704107],"palmPosition":[32.427,161.4,44.3997],"palmVelocity":[1.19209e-7,1.19209e-7,1.19209e-7],"palmWidth":89.6585,"pinchDistance":73.3408,"pinchStrength":1,"r":[[1,-1.11022e-17,5.55112e-18],[1.11022e-17,1,-2.22045e-17],[-5.55112e-18,2.22045e-17,1]],"s":1,"sphereCenter":[6.4933,154.077,1.97857],"sphereRadius":54.8186,"stabilizedPalmPosition":[32.427,161.4,44.3997],"t":[0,0,0],"timeVisible":0,"type":"right","wrist":[58.1262,112.884,95.4404]}],"id":241671,"interactionBox":{"center":[0,200,0],"size":[235.247,235.247,147.751]},"pointables":[{"bases":[[[0.900841,0.169038,-0.39989],[0.123481,0.783287,0.609273],[0.416219,-0.598237,0.684744]],[[0.939489,0.105433,-0.325952],[0.117329,0.794894,0.595296],[0.321861,-0.597518,0.734424]],[[0.939489,0.105433,-0.325952],[0.081404,0.855506,0.511355],[0.332767,-0.506946,0.795155]],[[0.939489,0.105433,-0.325952],[0.0358656,0.915964,0.399655],[0.340697,-0.387162,0.856756]]],"btipPosition":[-23.8306,223.456,-27.1647],"carpPosition":[33.6292,136.201,86.9273],"dipPosition":[-18.0947,216.938,-12.7407],"direction":[-0.332767,0.506946,-0.795155],"extended":true,"handId":428,"id":4281,"length":57.947,"mcpPosition":[3.45625,179.569,37.2881],"pipPosition":[-10.1693,204.865,6.19725],"stabilizedTipPosition":[-22.5113,221.957,-23.8472],"timeVisible":0,"tipPosition":[-22.5113,221.957,-23.8472],"tipVelocity":[1.19209e-7,1.19209e-7,1.19209e-7],"tool":false,"touchDistance":1,"touchZone":"none","type":1,"width":19.0597},{"bases":[[[0.914453,-0.0493647,-0.40167],[0.283109,0.787264,0.547781],[0.289179,-0.614636,0.733892]],[[0.941983,-0.12086,-0.313146],[0.28699,0.773837,0.564636],[0.174082,-0.621747,0.763627]],[[0.941983,-0.12086,-0.313146],[0.257287,0.859137,0.442365],[0.215571,-0.497269,0.840389]],[[0.941983,-0.12086,-0.313146],[0.21619,0.93211,0.290575],[0.256767,-0.341416,0.90416]]],"btipPosition":[5.464,231.931,-44.2596],"carpPosition":[44.4072,139.891,82.7521],"dipPosition":[10.2186,225.609,-27.5172],"direction":[-0.215571,0.497269,-0.840389],"extended":true,"handId":428,"id":4282,"length":66.0259,"mcpPosition":[24.527,182.146,32.2992],"pipPosition":[16.2589,211.676,-3.96931],"stabilizedTipPosition":[6.55755,230.477,-40.4088],"timeVisible":0,"tipPosition":[6.55755,230.477,-40.4088],"tipVelocity":[1.19209e-7,1.19209e-7,1.19209e-7],"tool":false,"touchDistance":0.927201,"touchZone":"hovering","type":2,"width":18.7192},{"bases":[[[0.92308,-0.198481,-0.329437],[0.356793,0.761731,0.540799],[0.143604,-0.616742,0.773956]],[[0.927198,-0.218091,-0.304533],[0.267904,0.954328,0.132234],[0.261786,-0.204192,0.943278]],[[0.927198,-0.218091,-0.304533],[0.0206687,0.841567,-0.539758],[0.374001,0.494168,0.784806]],[[0.927198,-0.218091,-0.304533],[-0.129385,0.576498,-0.80679],[0.351516,0.787456,0.50631]]],"btipPosition":[18.3704,159.563,-42.2374],"carpPosition":[55.44,140.492,77.8063],"dipPosition":[24.842,174.06,-32.9159],"direction":[-0.374001,-0.494168,-0.784806],"extended":false,"handId":428,"id":4283,"length":63.4857,"mcpPosition":[46.5763,178.56,30.0352],"pipPosition":[35.051,187.549,-11.4934],"stabilizedTipPosition":[19.8588,162.897,-40.0935],"timeVisible":0,"tipPosition":[19.8588,162.897,-40.0935],"tipVelocity":[1.19209e-7,1.19209e-7,1.19209e-7],"tool":false,"touchDistance":0.931931,"touchZone":"hovering","type":3,"width":17.8125},{"bases":[[[0.502228,0.774396,0.38481],[-0.593338,-0.0151197,0.804811],[0.62906,-0.632521,0.451885]],[[0.372102,0.881433,0.290887],[-0.906248,0.277261,0.319125],[0.200636,-0.382363,0.901967]],[[0.372102,0.881433,0.290887],[-0.885329,0.431174,-0.174016],[-0.278806,-0.192779,0.940799]],[[0.372102,0.881433,0.290887],[-0.646014,0.470964,-0.600716],[-0.666488,0.0356104,0.744665]]],"btipPosition":[39.8658,139.413,-10.6275],"carpPosition":[24.9976,114.95,82.5182],"dipPosition":[24.4959,140.234,6.54532],"direction":[0.278806,0.192779,-0.940799],"extended":false,"handId":428,"id":4280,"length":51.3537,"mcpPosition":[24.9976,114.95,82.5182],"pipPosition":[15.1289,133.758,38.153],"stabilizedTipPosition":[36.3307,139.602,-6.67774],"timeVisible":0,"tipPosition":[36.3307,139.602,-6.67774],"tipVelocity":[1.19209e-7,1.19209e-7,1.19209e-7],"tool":false,"touchDistance":1,"touchZone":"none","type":0,"width":19.9537},{"bases":[[[0.86177,-0.391642,-0.322443],[0.507299,0.664087,0.549215],[-0.000965633,-0.636871,0.770969]],[[0.861763,-0.388345,-0.326424],[0.339385,0.919567,-0.198024],[0.37707,0.0598666,0.924248]],[[0.861763,-0.388345,-0.326424],[-0.225232,0.28367,-0.932096],[0.454571,0.876767,0.156989]],[[0.861763,-0.388345,-0.326424],[-0.41844,-0.180317,-0.890165],[0.286831,0.9037,-0.31789]]],"btipPosition":[39.088,136.383,-3.23292],"carpPosition":[65.8031,134.326,70.6465],"dipPosition":[43.9597,151.732,-8.63214],"direction":[-0.454571,-0.876767,-0.156989],"extended":false,"handId":428,"id":4284,"length":49.7716,"mcpPosition":[65.8583,170.715,26.5959],"pipPosition":[52.7205,168.629,-5.60656],"stabilizedTipPosition":[40.2085,139.913,-4.47474],"timeVisible":0,"tipPosition":[40.2085,139.913,-4.47474],"tipVelocity":[1.19209e-7,1.19209e-7,1.19209e-7],"tool":false,"touchDistance":1,"touchZone":"none","type":4,"width":15.8225}],"r":[[1,-1.11022e-17,5.55112e-18],[1.11022e-17,1,-2.22045e-17],[-5.55112e-18,2.22045e-17,1]],"s":1,"t":[0,0,0],"timestamp":262363144656},{"currentFrameRate":26.5108,"devices":[],"gestures":[],"hands":[{"armBasis":[[0.960028,0.051217,-0.27518],[0.0613925,0.920648,0.385535],[0.27309,-0.387018,0.880704]],"armWidth":65.6192,"confidence":0.195816,"direction":[-0.2263,0.702161,-0.675099],"elbow":[131.298,16.8159,325.29],"grabAngle":1.4042,"grabStrength":0,"id":428,"palmNormal":[-0.156917,-0.710306,-0.68618],"palmPosition":[33.3,165.554,37.3094],"palmVelocity":[23.1824,110.327,-188.286],"palmWidth":89.6585,"pinchDistance":76.6146,"pinchStrength":1,"r":[[0.999982,0.00232875,0.00546215],[-0.00229319,0.999976,-0.00650789],[-0.00547717,0.00649525,0.999964]],"s":1.01513,"sphereCenter":[5.01294,169.501,3.17841],"sphereRadius":52.2971,"stabilizedPalmPosition":[32.4512,161.515,44.203],"t":[0.436491,2.07729,-3.54515],"timeVisible":0.037657,"type":"right","wrist":[58.6428,119.782,90.9798]}],"id":241672,"interactionBox":{"center":[0,200,0],"size":[235.247,235.247,147.751]},"pointables":[{"bases":[[[0.909692,0.166541,-0.380427],[0.0981448,0.803899,0.586613],[0.40352,-0.570974,0.714955]],[[0.933033,0.130698,-0.335213],[0.130129,0.74603,0.653074],[0.335434,-0.65296,0.679063]],[[0.933033,0.130698,-0.335213],[0.0541759,0.87003,0.490014],[0.355689,-0.475359,0.804686]],[[0.933033,0.130698,-0.335213],[-0.00236461,0.933895,0.35754],[0.359783,-0.332804,0.871664]]],"btipPosition":[-24.5349,227.946,-34.0912],"carpPosition":[33.5958,141.755,80.6512],"dipPosition":[-18.4462,222.314,-19.3398],"direction":[-0.355689,0.475359,-0.804686],"extended":true,"handId":428,"id":4281,"length":58.2488,"mcpPosition":[4.34342,183.147,28.822],"pipPosition":[-9.93074,210.933,-0.0750336],"stabilizedTipPosition":[-22.5353,222.138,-24.1106],"timeVisible":0.037657,"tipPosition":[-21.2151,224.275,-33.2374],"tipVelocity":[-16.5494,124.625,-181.937],"tool":false,"touchDistance":0.988628,"touchZone":"hovering","type":1,"width":20.2967},{"bases":[[[0.925696,-0.0516324,-0.374729],[0.259361,0.80775,0.529406],[0.275353,-0.587259,0.761122]],[[0.942785,-0.0928515,-0.32021],[0.271115,0.772498,0.574233],[0.194043,-0.628192,0.753473]],[[0.942785,-0.0928515,-0.32021],[0.247202,0.839135,0.484504],[0.223713,-0.53594,0.814077]],[[0.942785,-0.0928515,-0.32021],[0.201589,0.923741,0.325675],[0.265552,-0.371593,0.889607]]],"btipPosition":[5.00709,237.81,-51.1317],"carpPosition":[44.4449,145.434,76.6541],"dipPosition":[9.94993,230.893,-34.573],"direction":[-0.223713,0.53594,-0.814077],"extended":true,"handId":428,"id":4282,"length":66.3698,"mcpPosition":[25.5152,185.806,24.3291],"pipPosition":[16.2511,215.798,-11.6435],"stabilizedTipPosition":[6.53037,230.855,-40.8632],"timeVisible":0.037657,"tipPosition":[8.09476,233.085,-49.3756],"tipVelocity":[-10.9836,152.473,-183.614],"tool":false,"touchDistance":0.764099,"touchZone":"hovering","type":2,"width":19.934},{"bases":[[[0.933923,-0.198233,-0.297474],[0.333481,0.782865,0.525274],[0.128755,-0.589768,0.797243]],[[0.936587,-0.211472,-0.279435],[0.264365,0.949805,0.167277],[0.230034,-0.230542,0.945481]],[[0.936587,-0.211472,-0.279435],[-0.113213,0.572042,-0.812373],[0.331643,0.792494,0.511826]],[[0.936587,-0.211472,-0.279435],[-0.309683,-0.126263,-0.942419],[0.164013,0.969194,-0.183746]]],"btipPosition":[25.3406,152.927,-29.6998],"carpPosition":[55.6032,146.003,71.9945],"dipPosition":[28.3759,170.863,-33.1003],"direction":[-0.331643,-0.792494,-0.511826],"extended":false,"handId":428,"id":4283,"length":63.8164,"mcpPosition":[47.656,182.406,22.786],"pipPosition":[37.4758,192.609,-19.0564],"stabilizedTipPosition":[20.7467,162.057,-38.7125],"timeVisible":0.037657,"tipPosition":[25.0233,159.482,-36.282],"tipVelocity":[164.11,-155.206,255.24],"tool":false,"touchDistance":1,"touchZone":"none","type":3,"width":18.9685},{"bases":[[[0.483031,0.792189,0.372985],[-0.615184,0.00391567,0.788373],[0.62308,-0.610264,0.489234]],[[0.320533,0.91485,0.245575],[-0.917594,0.235536,0.320225],[0.235116,-0.327981,0.914958]],[[0.320533,0.91485,0.245575],[-0.906716,0.371348,-0.199918],[-0.274089,-0.158586,0.948539]],[[0.320533,0.91485,0.245575],[-0.675569,0.402515,-0.617728],[-0.663976,0.0320994,0.747064]]],"btipPosition":[38.4021,141.018,-17.6541],"carpPosition":[25.3185,120.274,76.7017],"dipPosition":[23.0103,141.762,-0.336198],"direction":[0.274089,0.158586,-0.948539],"extended":false,"handId":428,"id":4280,"length":51.6212,"mcpPosition":[25.3185,120.274,76.7017],"pipPosition":[13.7538,136.406,31.6975],"stabilizedTipPosition":[36.3221,139.611,-6.71867],"timeVisible":0.037657,"tipPosition":[37.9103,141.938,-13.0864],"tipVelocity":[-39.0046,42.1485,-185.709],"tool":false,"touchDistance":1,"touchZone":"none","type":0,"width":21.2486},{"bases":[[[0.874524,-0.391769,-0.285877],[0.484737,0.687302,0.540968],[-0.0154512,-0.611665,0.790966]],[[0.87061,-0.31969,-0.373947],[0.228743,0.935978,-0.267623],[0.435563,0.147457,0.887999]],[[0.87061,-0.31969,-0.373947],[-0.36253,0.0969539,-0.926915],[0.332581,0.942549,-0.0314879]],[[0.87061,-0.31969,-0.373947],[-0.480097,-0.386067,-0.787692],[0.107448,0.865304,-0.489596]]],"btipPosition":[43.5766,136.482,-2.00015],"carpPosition":[66.2262,139.731,65.3248],"dipPosition":[45.4111,151.255,-10.359],"direction":[-0.332581,-0.942549,0.0314879],"extended":false,"handId":428,"id":4284,"length":50.0309,"mcpPosition":[67.109,174.68,20.1316],"pipPosition":[51.8542,169.515,-10.9691],"stabilizedTipPosition":[40.5067,139.91,-4.43131],"timeVisible":0.037657,"tipPosition":[43.1546,141.594,-8.14368],"tipVelocity":[100.647,-0.880483,14.6598],"tool":false,"touchDistance":0.333333,"touchZone":"none","type":4,"width":16.8493}],"r":[[0.999982,0.00232875,0.00546215],[-0.00229319,0.999976,-0.00650789],[-0.00547717,0.00649525,0.999964]],"s":1.01513,"t":[0.436491,2.07729,-3.54515],"timestamp":262363182313},{"currentFrameRate":27.033,"devices":[],"gestures":[],"hands":[{"armBasis":[[0.929093,0.117976,-0.350525],[0.0314262,0.919149,0.392654],[0.368508,-0.375828,0.850268]],"armWidth":65.6192,"confidence":0.357976,"direction":[-0.234319,0.69865,-0.676005],"elbow":[158.064,25.4346,309.784],"grabAngle":1.36697,"grabStrength":0,"id":428,"palmNormal":[-0.126952,-0.7114,-0.691226],"palmPosition":[33.2333,170.657,30.015],"palmVelocity":[-1.99387,152.578,-218.106],"palmWidth":89.6585,"pinchDistance":78.8355,"pinchStrength":1,"r":[[0.99987,0.00956198,0.0130074],[-0.00941927,0.999895,-0.0109884],[-0.0131111,0.0108645,0.999855]],"s":1.03225,"sphereCenter":[9.16839,182.595,-0.848529],"sphereRadius":51.5861,"stabilizedPalmPosition":[32.4815,161.868,43.6546],"t":[0.621394,5.66735,-8.9649],"timeVisible":0.071101,"type":"right","wrist":[60.0226,125.423,83.5707]}],"id":241673,"interactionBox":{"center":[0,200,0],"size":[235.247,235.247,147.751]},"pointables":[{"bases":[[[0.910809,0.192371,-0.365267],[0.0672765,0.8038,0.591084],[0.407309,-0.562938,0.719166]],[[0.938591,0.14995,-0.310743],[0.125702,0.690115,0.712699],[0.321318,-0.707994,0.628887]],[[0.938591,0.14995,-0.310743],[0.0565082,0.821656,0.567175],[0.340372,-0.549905,0.762726]],[[0.938591,0.14995,-0.310743],[-0.00269738,0.903785,0.427978],[0.345021,-0.400858,0.848689]]],"btipPosition":[-23.7074,237.582,-38.2518],"carpPosition":[33.4808,146.695,73.2674],"dipPosition":[-17.8685,230.798,-23.8892],"direction":[-0.340372,0.549905,-0.762726],"extended":true,"handId":428,"id":4281,"length":58.2488,"mcpPosition":[3.95372,187.504,21.1329],"pipPosition":[-9.71973,217.633,-5.62896],"stabilizedTipPosition":[-22.4904,225.781,-26.955],"timeVisible":0.071101,"tipPosition":[-21.9378,230.899,-39.0201],"tipVelocity":[23.026,280.198,-127.078],"tool":false,"touchDistance":0.859348,"touchZone":"hovering","type":1,"width":20.2967},{"bases":[[[0.932561,-0.0253189,-0.360125],[0.229217,0.812196,0.536467],[0.278909,-0.582835,0.763226]],[[0.948255,-0.0619229,-0.311413],[0.262062,0.706395,0.657518],[0.179265,-0.705104,0.68607]],[[0.948255,-0.0619229,-0.311413],[0.222178,0.830076,0.511479],[0.226824,-0.554201,0.800882]],[[0.948255,-0.0619229,-0.311413],[0.174528,0.920991,0.348303],[0.265241,-0.384631,0.884142]]],"btipPosition":[5.2307,247.18,-54.7817],"carpPosition":[44.2893,150.679,69.4573],"dipPosition":[10.1677,240.021,-38.3248],"direction":[-0.226824,0.554201,-0.800882],"extended":true,"handId":428,"id":4282,"length":66.3698,"mcpPosition":[25.1151,190.747,16.9877],"pipPosition":[16.5565,224.411,-15.7669],"stabilizedTipPosition":[6.47862,235.482,-44.0578],"timeVisible":0.071101,"tipPosition":[7.21258,240.273,-54.9751],"tipVelocity":[6.64608,278.502,-109.838],"tool":false,"touchDistance":0.665921,"touchZone":"hovering","type":2,"width":19.934},{"bases":[[[0.943489,-0.171966,-0.283294],[0.304033,0.789318,0.533424],[0.131878,-0.58941,0.796997]],[[0.949336,-0.204278,-0.238813],[0.26909,0.920921,0.281948],[0.162332,-0.331925,0.929233]],[[0.949336,-0.204278,-0.238813],[0.000692275,0.761272,-0.648432],[0.314262,0.615415,0.722844]],[[0.949336,-0.204278,-0.238813],[-0.232536,0.054562,-0.971056],[0.211396,0.977391,0.00429554]]],"btipPosition":[27.6415,167.661,-45.2519],"carpPosition":[55.5007,151.566,64.9782],"dipPosition":[31.5537,185.75,-45.1724],"direction":[-0.314262,-0.615415,-0.722844],"extended":false,"handId":428,"id":4283,"length":63.8164,"mcpPosition":[47.3607,187.946,15.7849],"pipPosition":[40.1767,202.636,-25.3384],"stabilizedTipPosition":[24.0111,166.147,-41.4436],"timeVisible":0.071101,"tipPosition":[27.4485,168.354,-44.5],"tipVelocity":[74.8277,441.612,-441.088],"tool":false,"touchDistance":0.726678,"touchZone":"hovering","type":3,"width":18.9685},{"bases":[[[0.455671,0.803266,0.383572],[-0.627467,-0.0157928,0.778483],[0.631387,-0.595411,0.496827]],[[0.292105,0.922001,0.254144],[-0.927729,0.208602,0.309522],[0.232364,-0.32619,0.916301]],[[0.292105,0.922001,0.254144],[-0.90885,0.350342,-0.226391],[-0.297771,-0.164849,0.940297]],[[0.292105,0.922001,0.254144],[-0.653826,0.386453,-0.650512],[-0.697987,0.0238515,0.715713]]],"btipPosition":[40.6526,146.076,-24.3099],"carpPosition":[25.8455,125.017,69.1068],"dipPosition":[24.4723,146.629,-7.71881],"direction":[0.297771,0.164849,-0.940297],"extended":false,"handId":428,"id":4280,"length":51.6212,"mcpPosition":[25.8455,125.017,69.1068],"pipPosition":[14.4161,141.061,24.0366],"stabilizedTipPosition":[36.3392,139.796,-7.10394],"timeVisible":0.071101,"tipPosition":[39.1323,147.311,-20.3946],"tipVelocity":[61.8698,149.911,-204.013],"tool":false,"touchDistance":1,"touchZone":"none","type":0,"width":21.2486},{"bases":[[[0.88912,-0.367067,-0.273363],[0.457527,0.697768,0.55117],[-0.0115724,-0.615128,0.788342]],[[0.885633,-0.302163,-0.352634],[0.22355,0.942987,-0.24658],[0.407037,0.139548,0.902689]],[[0.885633,-0.302163,-0.352634],[-0.363835,0.0203972,-0.93124],[0.288579,0.953038,-0.0918731]],[[0.885633,-0.302163,-0.352634],[-0.462965,-0.515148,-0.721308],[0.0362941,0.802072,-0.596123]]],"btipPosition":[46.5872,143.71,-6.24566],"carpPosition":[66.3921,145.608,58.4552],"dipPosition":[47.2069,157.404,-16.4233],"direction":[-0.288579,-0.953038,0.0918731],"extended":false,"handId":428,"id":4284,"length":50.0309,"mcpPosition":[67.0533,180.754,13.412],"pipPosition":[52.7975,175.867,-18.2032],"stabilizedTipPosition":[42.2785,141.889,-5.6144],"timeVisible":0.071101,"tipPosition":[44.8783,147.101,-14.0769],"tipVelocity":[81.6648,208.688,-139.452],"tool":false,"touchDistance":0.333333,"touchZone":"none","type":4,"width":16.8493}],"r":[[0.99987,0.00956198,0.0130074],[-0.00941927,0.999895,-0.0109884],[-0.0131111,0.0108645,0.999855]],"s":1.03225,"t":[0.621394,5.66735,-8.9649],"timestamp":262363215757},{"currentFrameRate":29.2707,"devices":[],"gestures":[],"hands":[{"armBasis":[[0.895883,0.137463,-0.42249],[0.0560161,0.908396,0.414342],[0.440745,-0.394868,0.806116]],"armWidth":65.6192,"confidence":0.444619,"direction":[-0.226263,0.694187,-0.683308],"elbow":[178.35,22.684,293.67],"grabAngle":1.27571,"grabStrength":0,"id":428,"palmNormal":[-0.139839,-0.717383,-0.6825],"palmPosition":[33.9796,172.994,25.73],"palmVelocity":[38.0184,119.047,-218.287],"palmWidth":89.6585,"pinchDistance":79.9795,"pinchStrength":1,"r":[[0.999754,0.0124364,0.0183444],[-0.012126,0.999783,-0.0169321],[-0.018551,0.0167055,0.999688]],"s":1.04936,"sphereCenter":[16.9639,191.075,-3.82849],"sphereRadius":50.9038,"stabilizedPalmPosition":[32.5104,162.083,43.3081],"t":[1.087,8.63083,-13.8173],"timeVisible":0.090731,"type":"right","wrist":[61.0908,127.738,79.2033]}],"id":241674,"interactionBox":{"center":[0,200,0],"size":[235.247,235.247,147.751]},"pointables":[{"bases":[[[0.912301,0.174591,-0.370438],[0.0811949,0.809494,0.581486],[0.401389,-0.560569,0.724327]],[[0.942538,0.127338,-0.308879],[0.151601,0.660849,0.735048],[0.297722,-0.739637,0.603571]],[[0.942538,0.127338,-0.308879],[0.0829254,0.80642,0.5855],[0.323643,-0.57747,0.749522]],[[0.942538,0.127338,-0.308879],[0.0184183,0.903307,0.4286],[0.33359,-0.409661,0.849056]]],"btipPosition":[-21.1406,242.403,-41.2494],"carpPosition":[34.0204,149.533,69.2568],"dipPosition":[-15.4952,235.47,-26.8806],"direction":[-0.323643,0.57747,-0.749522],"extended":true,"handId":428,"id":4281,"length":58.2488,"mcpPosition":[4.92244,190.17,16.7481],"pipPosition":[-7.7469,221.645,-8.93641],"stabilizedTipPosition":[-21.8302,229.528,-29.6947],"timeVisible":0.090731,"tipPosition":[-20.4037,234.631,-42.7441],"tipVelocity":[128.492,243.864,-152.63],"tool":false,"touchDistance":0.761805,"touchZone":"hovering","type":1,"width":20.2967},{"bases":[[[0.930845,-0.0433235,-0.362838],[0.243054,0.814853,0.52625],[0.272861,-0.578046,0.769032]],[[0.947807,-0.084083,-0.307559],[0.280643,0.677831,0.679547],[0.151335,-0.730394,0.66605]],[[0.947807,-0.084083,-0.307559],[0.246745,0.804352,0.540495],[0.20194,-0.588173,0.783117]],[[0.947807,-0.084083,-0.307559],[0.20189,0.904862,0.374787],[0.246786,-0.417318,0.87461]]],"btipPosition":[8.60867,252.256,-57.6391],"carpPosition":[44.8736,153.312,65.3655],"dipPosition":[13.2022,244.488,-41.3595],"direction":[-0.20194,0.588173,-0.783117],"extended":true,"handId":428,"id":4282,"length":66.3698,"mcpPosition":[26.1152,193.051,12.4968],"pipPosition":[18.8901,227.921,-19.3021],"stabilizedTipPosition":[7.48342,240.208,-47.1596],"timeVisible":0.090731,"tipPosition":[8.92308,243.948,-58.5796],"tipVelocity":[168.057,251.451,-147.639],"tool":false,"touchDistance":0.58919,"touchZone":"hovering","type":2,"width":19.934},{"bases":[[[0.939864,-0.189219,-0.284345],[0.317512,0.790834,0.523228],[0.125865,-0.582047,0.803355]],[[0.946775,-0.233579,-0.22149],[0.304118,0.874577,0.37766],[0.105497,-0.424918,0.899064]],[[0.946775,-0.233579,-0.22149],[0.159981,0.938525,-0.305903],[0.279327,0.254187,0.92594]],[[0.946775,-0.233579,-0.22149],[-0.125823,0.364797,-0.922546],[0.296287,0.901312,0.315991]]],"btipPosition":[30.4962,185.056,-59.7886],"carpPosition":[56.0815,153.98,60.84],"dipPosition":[35.9795,201.736,-53.9407],"direction":[-0.279327,-0.254187,-0.92594],"extended":true,"handId":428,"id":4283,"length":63.8164,"mcpPosition":[48.3126,189.906,11.2542],"pipPosition":[43.6439,208.711,-28.534],"stabilizedTipPosition":[27.0106,174.954,-48.0262],"timeVisible":0.090731,"tipPosition":[30.2553,181.491,-54.6566],"tipVelocity":[163.836,869.623,-672.946],"tool":false,"touchDistance":0.489194,"touchZone":"hovering","type":3,"width":18.9685},{"bases":[[[0.468826,0.800795,0.372733],[-0.624962,0.00252802,0.780651],[0.624199,-0.598933,0.501652]],[[0.309668,0.918756,0.244934],[-0.922407,0.227739,0.311931],[0.230808,-0.322524,0.91799]],[[0.309668,0.918756,0.244934],[-0.899849,0.366396,-0.236695],[-0.307208,-0.147107,0.940204]],[[0.309668,0.918756,0.244934],[-0.634343,0.391511,-0.666579],[-0.708318,0.0510459,0.704045]]],"btipPosition":[41.4926,147.572,-27.8532],"carpPosition":[26.0507,127.924,65.3731],"dipPosition":[25.0729,148.756,-11.5325],"direction":[0.307208,0.147107,-0.940204],"extended":false,"handId":428,"id":4280,"length":51.6212,"mcpPosition":[26.0507,127.924,65.3731],"pipPosition":[14.698,143.788,20.2197],"stabilizedTipPosition":[36.3559,139.894,-7.31089],"timeVisible":0.090731,"tipPosition":[39.285,148.93,-24.4092],"tipVelocity":[39.9873,83.638,-183.669],"tool":false,"touchDistance":0.903953,"touchZone":"hovering","type":0,"width":21.2486},{"bases":[[[0.882646,-0.383363,-0.271972],[0.469694,0.697226,0.541538],[-0.0179792,-0.60573,0.795467]],[[0.879789,-0.318806,-0.35261],[0.233888,0.936081,-0.262773],[0.413845,0.148714,0.898118]],[[0.879789,-0.318806,-0.35261],[-0.362463,0.030018,-0.931514],[0.307557,0.947344,-0.0891461]],[[0.879789,-0.318806,-0.35261],[-0.474427,-0.542314,-0.693408],[0.0298374,0.77734,-0.628372]]],"btipPosition":[46.9264,145.562,-10.0989],"carpPosition":[66.8611,147.786,54.3512],"dipPosition":[47.4358,158.834,-20.8271],"direction":[-0.307557,-0.947344,0.0891461],"extended":false,"handId":428,"id":4284,"length":50.0309,"mcpPosition":[67.8883,182.395,8.9009],"pipPosition":[53.3941,177.187,-22.5541],"stabilizedTipPosition":[42.7604,142.569,-6.31741],"timeVisible":0.090731,"tipPosition":[45.1371,148.758,-18.0835],"tipVelocity":[15.9862,89.4251,-202.744],"tool":false,"touchDistance":0.333333,"touchZone":"none","type":4,"width":16.8493}],"r":[[0.999754,0.0124364,0.0183444],[-0.012126,0.999783,-0.0169321],[-0.018551,0.0167055,0.999688]],"s":1.04936,"t":[1.087,8.63083,-13.8173],"timestamp":262363235387},{"currentFrameRate":28.2465,"devices":[],"gestures":[],"hands":[{"armBasis":[[0.881018,0.122701,-0.456893],[0.0923917,0.902556,0.420543],[0.463973,-0.412719,0.783832]],"armWidth":65.6192,"confidence":0.603628,"direction":[-0.16974,0.755546,-0.632723],"elbow":[182.54,15.1188,275.003],"grabAngle":0.873309,"grabStrength":0,"id":428,"palmNormal":[-0.174929,-0.654944,-0.735152],"palmPosition":[35.0956,175.032,15.9749],"palmVelocity":[26.6173,48.6058,-232.68],"palmWidth":89.6585,"pinchDistance":81.7271,"pinchStrength":1,"r":[[0.999685,0.00133499,0.0250633],[-0.00116108,0.999975,-0.00695226],[-0.025072,0.00692097,0.999662]],"s":1.07742,"sphereCenter":[40.8613,225.167,6.20151],"sphereRadius":61.751,"stabilizedPalmPosition":[32.5352,162.207,43.0468],"t":[1.87776,11.1315,-21.121],"timeVisible":0.132656,"type":"right","wrist":[59.1005,124.922,66.4653]}],"id":241675,"interactionBox":{"center":[0,200,0],"size":[235.247,235.247,147.751]},"pointables":[{"bases":[[[0.927572,0.14076,-0.346118],[0.124017,0.757833,0.640553],[0.352464,-0.637083,0.685488]],[[0.955211,0.0836182,-0.283865],[0.19602,0.539834,0.81863],[0.221692,-0.837608,0.499265]],[[0.955211,0.0836182,-0.283865],[0.151334,0.686296,0.711404],[0.254302,-0.722499,0.642904]],[[0.955211,0.0836182,-0.283865],[0.0899752,0.831768,0.547783],[0.281915,-0.548789,0.786991]]],"btipPosition":[-12.9322,256.919,-42.0007],"carpPosition":[32.9121,148.507,57.6483],"dipPosition":[-8.16124,247.632,-28.6823],"direction":[-0.254302,0.722499,-0.642904],"extended":true,"handId":428,"id":4281,"length":58.2488,"mcpPosition":[7.36089,194.691,7.95519],"pipPosition":[-2.07306,230.335,-13.2906],"stabilizedTipPosition":[-12.4163,253.314,-38.3998],"timeVisible":0.132656,"tipPosition":[-13.3574,248.068,-45.3781],"tipVelocity":[190.991,333.335,-23.6836],"tool":false,"touchDistance":0.704064,"touchZone":"hovering","type":1,"width":20.2967},{"bases":[[[0.931839,-0.0778746,-0.354417],[0.286756,0.75655,0.587711],[0.222366,-0.649283,0.727313]],[[0.945325,-0.123982,-0.301644],[0.316003,0.576914,0.753201],[0.0806394,-0.807341,0.58455]],[[0.945325,-0.123982,-0.301644],[0.29339,0.727203,0.620562],[0.142418,-0.675132,0.723818]],[[0.945325,-0.123982,-0.301644],[0.25666,0.853472,0.453555],[0.201212,-0.506177,0.838629]]],"btipPosition":[17.1552,263.456,-59.735],"carpPosition":[44.0488,151.838,54.1705],"dipPosition":[20.9004,254.034,-44.1252],"direction":[-0.142418,0.675132,-0.723818],"extended":true,"handId":428,"id":4282,"length":66.3698,"mcpPosition":[28.7617,196.474,4.16988],"pipPosition":[24.9118,235.018,-23.738],"stabilizedTipPosition":[17.1227,259.5,-55.3823],"timeVisible":0.132656,"tipPosition":[16.3703,254.701,-62.0201],"tipVelocity":[199.198,258.072,-53.6667],"tool":false,"touchDistance":0.529854,"touchZone":"hovering","type":2,"width":19.934},{"bases":[[[0.930119,-0.229382,-0.286813],[0.359542,0.727969,0.583773],[0.0748841,-0.6461,0.759571]],[[0.933067,-0.273288,-0.233878],[0.359005,0.667085,0.652774],[-0.022379,-0.693045,0.720547]],[[0.933067,-0.273288,-0.233878],[0.359426,0.733809,0.576487],[0.0140746,-0.621963,0.78292]],[[0.933067,-0.273288,-0.233878],[0.337697,0.889468,0.307908],[0.123879,-0.366279,0.922222]]],"btipPosition":[49.0378,246.49,-67.4859],"carpPosition":[55.3483,152.096,49.8347],"dipPosition":[51.3304,239.712,-50.4188],"direction":[-0.0140746,0.621963,-0.78292],"extended":true,"handId":428,"id":4283,"length":63.8164,"mcpPosition":[50.7262,191.975,2.95146],"pipPosition":[51.7166,222.646,-28.9364],"stabilizedTipPosition":[48.033,240.178,-62.5053],"timeVisible":0.132656,"tipPosition":[48.1591,240.168,-63.5641],"tipVelocity":[424.751,1336.64,-122.05],"tool":false,"touchDistance":0.396854,"touchZone":"hovering","type":3,"width":18.9685},{"bases":[[[0.5136,0.738906,0.436157],[-0.636047,-0.0133127,0.771536],[0.575899,-0.673677,0.463141]],[[0.380984,0.86407,0.328989],[-0.907752,0.281987,0.310595],[0.175605,-0.416972,0.891794]],[[0.380984,0.86407,0.328989],[-0.849886,0.467396,-0.243381],[-0.364067,-0.186879,0.912432]],[[0.380984,0.86407,0.328989],[-0.559215,0.498712,-0.662242],[-0.736295,0.0683283,0.673202]]],"btipPosition":[44.3496,153.047,-38.1956],"carpPosition":[23.6238,127.81,52.0892],"dipPosition":[27.2814,154.631,-22.59],"direction":[0.364067,0.186879,-0.912432],"extended":false,"handId":428,"id":4280,"length":51.6212,"mcpPosition":[23.6238,127.81,52.0892],"pipPosition":[14.9863,148.319,8.22439],"stabilizedTipPosition":[36.4666,140.261,-8.05324],"timeVisible":0.132656,"tipPosition":[39.7645,154.239,-35.5638],"tipVelocity":[64.5886,132.769,-250.612],"tool":false,"touchDistance":0.689287,"touchZone":"hovering","type":0,"width":21.2486},{"bases":[[[0.860257,-0.419727,-0.28946],[0.505026,0.623469,0.596854],[-0.0700457,-0.659633,0.748317]],[[0.861254,-0.318771,-0.395762],[0.356063,0.934193,0.0224057],[0.362576,-0.160213,0.91808]],[[0.861254,-0.318771,-0.395762],[-0.255808,0.400968,-0.879652],[0.439095,0.858842,0.263791]],[[0.861254,-0.318771,-0.395762],[-0.502417,-0.417226,-0.757297],[0.076282,0.851062,-0.519494]]],"btipPosition":[47.3024,157.827,-28.122],"carpPosition":[65.8078,145.695,43.0296],"dipPosition":[48.6048,172.357,-36.9913],"direction":[-0.439095,-0.858842,-0.263791],"extended":false,"handId":428,"id":4284,"length":50.0309,"mcpPosition":[69.8099,183.385,0.273258],"pipPosition":[57.1114,188.996,-31.8809],"stabilizedTipPosition":[44.0894,147.675,-12.8625],"timeVisible":0.132656,"tipPosition":[46.4367,157.103,-29.7532],"tipVelocity":[13.3189,299.452,-419.691],"tool":false,"touchDistance":0.0400743,"touchZone":"hovering","type":4,"width":16.8493}],"r":[[0.999685,0.00133499,0.0250633],[-0.00116108,0.999975,-0.00695226],[-0.025072,0.00692097,0.999662]],"s":1.07742,"t":[1.87776,11.1315,-21.121],"timestamp":262363277312},{"currentFrameRate":31.7446,"devices":[],"gestures":[],"hands":[{"armBasis":[[0.883302,0.145563,-0.445633],[0.0747069,0.894721,0.440333],[0.462814,-0.422239,0.779434]],"armWidth":65.6192,"confidence":0.6362,"direction":[-0.165988,0.755921,-0.633271],"elbow":[182.154,11.8395,272.787],"grabAngle":0.738983,"grabStrength":0,"id":428,"palmNormal":[-0.150211,-0.654067,-0.741372],"palmPosition":[35.3465,174.303,14.7689],"palmVelocity":[24.979,-72.538,-120.043],"palmWidth":89.6585,"pinchDistance":81.0825,"pinchStrength":1,"r":[[0.999385,-0.00497973,0.0347007],[0.00491752,0.999986,0.00187778],[-0.0347096,-0.00170598,0.999396]],"s":1.08249,"sphereCenter":[45.3127,229.407,8.56045],"sphereRadius":65.0222,"stabilizedPalmPosition":[32.5418,162.236,42.9795],"t":[2.39863,12.0174,-25.3759],"timeVisible":0.142703,"type":"right","wrist":[59.0231,124.176,65.4195]}],"id":241676,"interactionBox":{"center":[0,200,0],"size":[235.247,235.247,147.751]},"pointables":[{"bases":[[[0.932915,0.154458,-0.325289],[0.100001,0.756677,0.646096],[0.345933,-0.635282,0.690469]],[[0.964128,0.0867744,-0.250852],[0.16919,0.527294,0.832668],[0.204527,-0.845241,0.493697]],[[0.964128,0.0867744,-0.250852],[0.135167,0.652844,0.745335],[0.228443,-0.752506,0.617697]],[[0.964128,0.0867744,-0.250852],[0.07644,0.814252,0.575456],[0.254191,-0.573989,0.778411]]],"btipPosition":[-10.9406,257.326,-42.745],"carpPosition":[32.6115,147.575,56.2795],"dipPosition":[-6.63885,247.613,-29.5717],"direction":[-0.228443,0.752506,-0.617697],"extended":true,"handId":428,"id":4281,"length":58.2488,"mcpPosition":[7.53373,193.629,6.22531],"pipPosition":[-1.16975,229.597,-14.7836],"stabilizedTipPosition":[-11.1908,254.198,-39.0537],"timeVisible":0.142703,"tipPosition":[-12.3532,248.055,-46.3032],"tipVelocity":[187.484,30.7463,-77.4035],"tool":false,"touchDistance":0.655326,"touchZone":"hovering","type":1,"width":20.2967},{"bases":[[[0.940266,-0.0640638,-0.334359],[0.263853,0.757765,0.596803],[0.215132,-0.649375,0.729404]],[[0.954576,-0.116333,-0.274319],[0.287879,0.59759,0.748339],[0.0768736,-0.793317,0.603936]],[[0.954576,-0.116333,-0.274319],[0.271837,0.717012,0.641871],[0.122019,-0.687285,0.716066]],[[0.954576,-0.116333,-0.274319],[0.244555,0.831835,0.498239],[0.170226,-0.542694,0.8225]]],"btipPosition":[18.7107,263.044,-61.3981],"carpPosition":[43.7758,151.067,53.0581],"dipPosition":[21.8792,252.943,-46.0885],"direction":[-0.122019,0.687285,-0.716066],"extended":true,"handId":428,"id":4282,"length":66.3698,"mcpPosition":[28.9861,195.71,2.91374],"pipPosition":[25.316,233.584,-25.9196],"stabilizedTipPosition":[17.9784,259.951,-56.3037],"timeVisible":0.142703,"tipPosition":[17.3867,254.431,-62.9888],"tipVelocity":[141.621,-56.5491,-172.405],"tool":false,"touchDistance":0.48422,"touchZone":"hovering","type":2,"width":19.934},{"bases":[[[0.939092,-0.215866,-0.267408],[0.33708,0.730165,0.594337],[0.0669547,-0.648275,0.758456]],[[0.94136,-0.251472,-0.224952],[0.336984,0.667461,0.664032],[-0.0168382,-0.700898,0.713063]],[[0.94136,-0.251472,-0.224952],[0.33684,0.73897,0.583492],[0.0195013,-0.625049,0.780342]],[[0.94136,-0.251472,-0.224952],[0.322883,0.864901,0.384308],[0.0979192,-0.434405,0.895379]]],"btipPosition":[49.4276,247.714,-67.3828],"carpPosition":[55.1623,151.492,48.9703],"dipPosition":[51.2398,239.675,-50.8125],"direction":[-0.0195013,0.625049,-0.780342],"extended":true,"handId":428,"id":4283,"length":63.8164,"mcpPosition":[51.0297,191.506,2.15583],"pipPosition":[51.7749,222.525,-29.4008],"stabilizedTipPosition":[48.9956,243.2,-63.072],"timeVisible":0.142703,"tipPosition":[49.3193,240.479,-64.1508],"tipVelocity":[27.8018,92.983,-1.11019],"tool":false,"touchDistance":0.390335,"touchZone":"hovering","type":3,"width":18.9685},{"bases":[[[0.494148,0.743761,0.450153],[-0.652413,-0.0249826,0.757452],[0.574609,-0.667979,0.472894]],[[0.368283,0.863061,0.345678],[-0.914577,0.269494,0.301533],[0.167083,-0.427199,0.888586]],[[0.368283,0.863061,0.345678],[-0.849629,0.463397,-0.251782],[-0.377489,-0.200971,0.903943]],[[0.368283,0.863061,0.345678],[-0.543257,0.501502,-0.673326],[-0.75448,0.060183,0.653558]]],"btipPosition":[45.7418,153.185,-38.9473],"carpPosition":[23.7219,126.781,50.4376],"dipPosition":[28.252,154.58,-23.797],"direction":[0.377489,0.200971,-0.903943],"extended":false,"handId":428,"id":4280,"length":51.6212,"mcpPosition":[23.7219,126.781,50.4376],"pipPosition":[15.5035,147.793,6.73066],"stabilizedTipPosition":[36.5193,140.394,-8.32832],"timeVisible":0.142703,"tipPosition":[41.423,153.78,-36.6807],"tipVelocity":[128.91,9.4844,-85.2389],"tool":false,"touchDistance":0.640845,"touchZone":"hovering","type":0,"width":21.2486},{"bases":[[[0.871839,-0.407104,-0.272329],[0.483621,0.62754,0.610167],[-0.077504,-0.663672,0.743998]],[[0.874163,-0.311133,-0.372874],[0.406672,0.888665,0.211879],[0.265437,-0.336854,0.903367]],[[0.874163,-0.311133,-0.372874],[-0.0244523,0.738638,-0.673659],[0.485017,0.598006,0.638082]],[[0.874163,-0.311133,-0.372874],[-0.410354,-0.0626283,-0.909773],[0.259708,0.9483,-0.182422]]],"btipPosition":[47.1528,167.202,-41.0263],"carpPosition":[65.8512,145.26,42.3692],"dipPosition":[51.5868,183.392,-44.1408],"direction":[-0.485016,-0.598006,-0.638082],"extended":false,"handId":428,"id":4284,"length":50.0309,"mcpPosition":[70.2796,183.18,-0.140398],"pipPosition":[60.9831,194.978,-31.7793],"stabilizedTipPosition":[44.0894,147.675,-12.8625],"timeVisible":0.142703,"tipPosition":[48.0425,163.754,-36.2041],"tipVelocity":[56.8028,971.102,-1152.66],"tool":false,"touchDistance":-0.202938,"touchZone":"hovering","type":4,"width":16.8493}],"r":[[0.999385,-0.00497973,0.0347007],[0.00491752,0.999986,0.00187778],[-0.0347096,-0.00170598,0.999396]],"s":1.08249,"t":[2.39863,12.0174,-25.3759],"timestamp":262363287359},{"currentFrameRate":34.9553,"devices":[],"gestures":[],"hands":[{"armBasis":[[0.884072,0.135523,-0.447269],[0.0842605,0.895128,0.437774],[0.459691,-0.424711,0.779939]],"armWidth":65.6192,"confidence":0.668701,"direction":[-0.160486,0.749218,-0.642586],"elbow":[181.402,11.2022,272.36],"grabAngle":0.640983,"grabStrength":0,"id":428,"palmNormal":[-0.15601,-0.662096,-0.733001],"palmPosition":[35.7942,173.953,13.6627],"palmVelocity":[41.652,-32.5352,-102.906],"palmWidth":89.6585,"pinchDistance":81.4391,"pinchStrength":0.971611,"r":[[0.99904,-0.0116018,0.0422339],[0.0113381,0.999915,0.00647874],[-0.0423055,-0.00599367,0.999087]],"s":1.08225,"sphereCenter":[48.3703,234.038,11.1154],"sphereRadius":69.0474,"stabilizedPalmPosition":[32.5492,162.263,42.9131],"t":[2.88292,12.2855,-28.0564],"timeVisible":0.153452,"type":"right","wrist":[59.102,124.196,64.8585]}],"id":241677,"interactionBox":{"center":[0,200,0],"size":[235.247,235.247,147.751]},"pointables":[{"bases":[[[0.500412,0.745389,0.440434],[-0.651975,-0.0102873,0.758171],[0.569663,-0.66655,0.480827]],[[0.379112,0.861529,0.3377],[-0.910897,0.283201,0.300106],[0.162913,-0.421383,0.89213]],[[0.379112,0.861529,0.3377],[-0.844072,0.471524,-0.255358],[-0.379232,-0.188234,0.905953]],[[0.379112,0.861529,0.3377],[-0.531661,0.50149,-0.682528],[-0.757371,0.0792124,0.648163]]],"btipPosition":[46.172,152.223,-39.568