{"frames":241,"data":[{"currentFrameRate":26.5089,"devices":[],"gestures":[],"hands":[],"id":242221,"interactionBox":{"center":[0,200,0],"size":[235.247,235.247,147.751]},"pointables":[],"r":[[-0.020113,-0.761857,-0.647433],[0.506356,0.550609,-0.663651],[0.86209,-0.34118,0.374696]],"s":-5.55733,"t":[884.858,792.664,758.259],"timestamp":262377845123},{"currentFrameRate":26.5175,"devices":[],"gestures":[],"hands":[],"id":242222,"interactionBox":{"center":[0,200,0],"size":[235.247,235.247,147.751]},"pointables":[],"r":[[-0.020113,-0.761857,-0.647433],[0.506356,0.550609,-0.663651],[0.86209,-0.34118,0.374696]],"s":-5.55733,"t":[884.858,792.664,758.259],"timestamp":262377882775},{"currentFrameRate":26.5188,"devices":[],"gestures":[],"hands":[],"id":242223,"interactionBox":{"center":[0,200,0],"size":[235.247,235.247,147.751]},"pointables":[],"r":[[-0.020113,-0.761857,-0.647433],[0.506356,0.550609,-0.663651],[0.86209,-0.34118,0.374696]],"s":-5.55733,"t":[884.858,792.664,758.259],"timestamp":262377920475},{"currentFrameRate":26.5245,"devices":[],"gestures":[],"hands":[],"id":242224,"interactionBox":{"center":[0,200,0],"size":[235.247,235.247,147.751]},"pointables":[],"r":[[-0.020113,-0.761857,-0.647433],[0.506356,0.550609,-0.663651],[0.86209,-0.34118,0.374696]],"s":-5.55733,"t":[884.858,792.664,758.259],"timestamp":262377958137},{"currentFrameRate":26.5154,"devices":[],"gestures":[],"hands":[],"id":242225,"interactionBox":{"center":[0,200,0],"size":[235.247,235.247,147.751]},"pointables":[],"r":[[-0.020113,-0.761857,-0.647433],[0.506356,0.550609,-0.663651],[0.86209,-0.34118,0.374696]],"s":-5.55733,"t":[884.858,792.664,758.259],"timestamp":262377995913},{"currentFrameRate":26.5169,"devices":[],"gestures":[],"hands":[],"id":242226,"interactionBox":{"center":[0,200,0],"size":[235.247,235.247,147.751]},"pointables":[],"r":[[-0.020113,-0.761857,-0.647433],[0.506356,0.550609,-0.663651],[0.86209,-0.34118,0.374696]],"s":-5.55733,"t":[884.858,792.664,758.259],"timestamp":262378033615},{"currentFrameRate":26.5177,"devices":[],"gestures":[],"hands":[],"id":242227,"interactionBox":{"center":[0,200,0],"size":[235.247,235.247,147.751]},"pointables":[],"r":[[-0.020113,-0.761857,-0.647433],[0.506356,0.550609,-0.663651],[0.86209,-0.34118,0.374696]],"s":-5.55733,"t":[884.858,792.664,758.259],"timestamp":262378071320},{"currentFrameRate":26.5059,"devices":[],"gestures":[],"hands":[],"id":242228,"interactionBox":{"center":[0,200,0],"size":[235.247,235.247,147.751]},"pointables":[],"r":[[-0.020113,-0.761857,-0.647433],[0.506356,0.550609,-0.663651],[0.86209,-0.34118,0.374696]],"s":-5.55733,"t":[884.858,792.664,758.259],"timestamp":262378109128},{"currentFrameRate":22.3635,"devices":[],"gestures":[],"hands":[],"id":242229,"interactionBox":{"center":[0,200,0],"size":[235.247,235.247,147.751]},"pointables":[],"r":[[-0.020113,-0.761857,-0.647433],[0.506356,0.550609,-0.663651],[0.86209,-0.34118,0.374696]],"s":-5.55733,"t":[884.858,792.664,758.259],"timestamp":262378184457},{"currentFrameRate":23.0768,"devices":[],"gestures":[],"hands":[],"id":242230,"interactionBox":{"center":[0,200,0],"size":[235.247,235.247,147.751]},"pointables":[],"r":[[-0.020113,-0.761857,-0.647433],[0.506356,0.550609,-0.663651],[0.86209,-0.34118,0.374696]],"s":-5.55733,"t":[884.858,792.664,758.259],"timestamp":262378222177},{"currentFrameRate":23.6681,"devices":[],"gestures":[],"hands":[],"id":242231,"interactionBox":{"center":[0,200,0],"size":[235.247,235.247,147.751]},"pointables":[],"r":[[-0.020113,-0.761857,-0.647433],[0.506356,0.550609,-0.663651],[0.86209,-0.34118,0.374696]],"s":-5.55733,"t":[884.858,792.664,758.259],"timestamp":262378259890},{"currentFrameRate":24.1395,"devices":[],"gestures":[],"hands":[],"id":242232,"interactionBox":{"center":[0,200,0],"size":[235.247,235.247,147.751]},"pointables":[],"r":[[-0.020113,-0.761857,-0.647433],[0.506356,0.550609,-0.663651],[0.86209,-0.34118,0.374696]],"s":-5.55733,"t":[884.858,792.664,758.259],"timestamp":262378297770},{"currentFrameRate":24.564,"devices":[],"gestures":[],"hands":[{"armBasis":[[0.94974,0.0978673,-0.297347],[0.0182793,0.930914,0.364782],[0.312504,-0.351883,0.882337]],"armWidth":62.7876,"confidence":0,"direction":[-0.301159,0.690944,-0.657191],"elbow":[141.887,38.8998,330.409],"grabAngle":0.920231,"grabStrength":0,"id":429,"palmNormal":[-0.15057,-0.714997,-0.682721],"palmPosition":[28.3367,176.773,43.4531],"palmVelocity":[1.19209e-7,1.19209e-7,1.19209e-7],"palmWidth":89.6585,"pinchDistance":75.7631,"pinchStrength":1,"r":[[1,-5.55112e-18,1.66533e-17],[5.55112e-18,1,1.11022e-17],[-1.66533e-17,-1.11022e-17,1]],"s":1,"sphereCenter":[22.9784,178.511,-0.333946],"sphereRadius":51.1958,"stabilizedPalmPosition":[28.3367,176.773,43.4531],"t":[0,0,0],"timeVisible":0,"type":"right","wrist":[58.7451,132.518,95.6636]}],"id":242233,"interactionBox":{"center":[0,200,0],"size":[235.247,235.247,147.751]},"pointables":[{"bases":[[[0.877679,0.221151,-0.425173],[0.0814119,0.80547,0.587018],[0.472283,-0.549827,0.68894]],[[0.959075,0.0969474,-0.266037],[0.111623,0.73402,0.669891],[0.260221,-0.672172,0.693159]],[[0.959075,0.0969474,-0.266037],[0.0655414,0.838032,0.54167],[0.275461,-0.536939,0.797382]],[[0.959075,0.0969474,-0.266037],[0.024656,0.907396,0.419553],[0.282075,-0.408943,0.867871]]],"btipPosition":[-24.3167,240.814,-26.3516],"carpPosition":[32.2462,152.827,86.5379],"dipPosition":[-19.5678,233.929,-11.7405],"direction":[-0.275461,0.536938,-0.797382],"extended":true,"handId":429,"id":4291,"length":57.947,"mcpPosition":[-1.99107,192.686,36.5946],"pipPosition":[-13.0072,221.141,7.25054],"stabilizedTipPosition":[-23.2244,239.231,-22.991],"timeVisible":0,"tipPosition":[-23.2244,239.231,-22.991],"tipVelocity":[1.19209e-7,1.19209e-7,1.19209e-7],"tool":false,"touchDistance":1,"touchZone":"none","type":1,"width":19.0597},{"bases":[[[0.906592,0.00425882,-0.421986],[0.238971,0.818996,0.521669],[0.347827,-0.573784,0.741477]],[[0.944297,-0.0708242,-0.321382],[0.262527,0.751004,0.605866],[0.198449,-0.656489,0.727764]],[[0.944297,-0.0708242,-0.321382],[0.221002,0.860072,0.45982],[0.243845,-0.505233,0.827816]],[[0.944297,-0.0708242,-0.321382],[0.182027,0.925988,0.330775],[0.274169,-0.37085,0.8873]]],"btipPosition":[-2.60378,248.802,-43.1459],"carpPosition":[42.643,157.152,82.0195],"dipPosition":[2.47301,241.934,-26.7158],"direction":[-0.243845,0.505233,-0.827816],"extended":true,"handId":429,"id":4292,"length":66.0259,"mcpPosition":[18.731,196.598,31.0451],"pipPosition":[9.30562,227.778,-3.52011],"stabilizedTipPosition":[-1.43612,247.222,-39.367],"timeVisible":0,"tipPosition":[-1.43612,247.222,-39.367],"tipVelocity":[1.19209e-7,1.19209e-7,1.19209e-7],"tool":false,"touchDistance":0.942829,"touchZone":"hovering","type":2,"width":18.7192},{"bases":[[[0.927285,-0.141976,-0.346389],[0.314099,0.798499,0.513558],[0.203678,-0.585015,0.78503]],[[0.941368,-0.191774,-0.277576],[0.279601,0.903885,0.323753],[0.188809,-0.382381,0.904509]],[[0.941368,-0.191774,-0.277576],[0.213912,0.975494,0.0515017],[0.260897,-0.107859,0.959322]],[[0.941368,-0.191774,-0.277576],[0.147724,0.973972,-0.171917],[0.30332,0.120832,0.945196]]],"btipPosition":[19.9045,212.057,-55.0646],"carpPosition":[53.4946,158.394,76.7997],"dipPosition":[25.4888,214.281,-37.663],"direction":[-0.260897,0.107859,-0.959322],"extended":true,"handId":429,"id":4293,"length":63.4857,"mcpPosition":[40.9229,194.503,28.345],"pipPosition":[32.6104,211.337,-11.4767],"stabilizedTipPosition":[21.1889,212.568,-51.0622],"timeVisible":0,"tipPosition":[21.1889,212.568,-51.0622],"tipVelocity":[1.19209e-7,1.19209e-7,1.19209e-7],"tool":false,"touchDistance":0.7674,"touchZone":"hovering","type":3,"width":17.8125},{"bases":[[[0.45481,0.817256,0.353894],[-0.572935,-0.0357289,0.818822],[0.681831,-0.575166,0.451984]],[[0.336146,0.900915,0.274514],[-0.906868,0.230963,0.352485],[0.254157,-0.367435,0.894649]],[[0.336146,0.900915,0.274514],[-0.886926,0.400859,-0.22951],[-0.316811,-0.166325,0.933792]],[[0.336146,0.900915,0.274514],[-0.569909,0.42663,-0.702276],[-0.749807,0.079619,0.656849]]],"btipPosition":[40.4711,152.743,-7.67397],"carpPosition":[25.0372,130.918,82.8512],"dipPosition":[23.1798,154.579,7.47371],"direction":[0.316811,0.166325,-0.933792],"extended":false,"handId":429,"id":4290,"length":51.3537,"mcpPosition":[25.0372,130.918,82.8512],"pipPosition":[12.536,148.991,38.846],"stabilizedTipPosition":[36.4941,153.166,-4.19001],"timeVisible":0,"tipPosition":[36.4941,153.166,-4.19001],"tipVelocity":[1.19209e-7,1.19209e-7,1.19209e-7],"tool":false,"touchDistance":1,"touchZone":"none","type":0,"width":19.9537},{"bases":[[[0.879896,-0.338701,-0.333264],[0.471254,0.711853,0.520755],[0.0608543,-0.615261,0.785971]],[[0.879198,-0.332131,-0.341614],[0.337797,0.940158,-0.0446847],[0.336012,-0.0761094,0.938778]],[[0.879198,-0.332131,-0.341614],[-0.26013,0.266087,-0.928187],[0.399179,0.904924,0.147546]],[[0.879198,-0.332131,-0.341614],[-0.420905,-0.205433,-0.883536],[0.223271,0.92059,-0.320412]]],"btipPosition":[37.4363,157.514,-5.4711],"carpPosition":[64.1059,152.784,69.5469],"dipPosition":[41.2284,173.149,-10.9132],"direction":[-0.399179,-0.904924,-0.147546],"extended":false,"handId":429,"id":4294,"length":49.7716,"mcpPosition":[60.6289,187.938,24.6391],"pipPosition":[48.9216,190.59,-8.06956],"stabilizedTipPosition":[38.3085,161.11,-6.72277],"timeVisible":0,"tipPosition":[38.3085,161.11,-6.72277],"tipVelocity":[1.19209e-7,1.19209e-7,1.19209e-7],"tool":false,"touchDistance":1,"touchZone":"none","type":4,"width":15.8225}],"r":[[1,-5.55112e-18,1.66533e-17],[5.55112e-18,1,1.11022e-17],[-1.66533e-17,-1.11022e-17,1]],"s":1,"t":[0,0,0],"timestamp":262378335339},{"currentFrameRate":24.8846,"devices":[],"gestures":[],"hands":[{"armBasis":[[0.90528,0.0507757,-0.42177],[0.127076,0.915004,0.382909],[0.405364,-0.400236,0.821883]],"armWidth":65.6192,"confidence":0.196768,"direction":[-0.272013,0.702934,-0.657186],"elbow":[167.837,34.0105,306.37],"grabAngle":1.21813,"grabStrength":0,"id":429,"palmNormal":[-0.239991,-0.710912,-0.661066],"palmPosition":[30.1608,186.649,36.6298],"palmVelocity":[48.2005,260.957,-180.298],"palmWidth":89.6585,"pinchDistance":76.1573,"pinchStrength":1,"r":[[0.999821,-0.0167806,-0.00870238],[0.0167462,0.999852,-0.0040105],[0.00876839,0.00386405,0.999954]],"s":1.00293,"sphereCenter":[-0.295252,182.325,-1.40376],"sphereRadius":55.2163,"stabilizedPalmPosition":[28.8652,179.635,41.476],"t":[0.912073,4.93795,-3.41168],"timeVisible":0.037845,"type":"right","wrist":[59.9906,140.493,87.7088]}],"id":242234,"interactionBox":{"center":[0,200,0],"size":[235.247,235.247,147.751]},"pointables":[{"bases":[[[0.872986,0.13981,-0.467278],[0.174348,0.805289,0.566667],[0.45552,-0.576161,0.678631]],[[0.901404,0.1011,-0.42101],[0.211208,0.746153,0.631385],[0.377971,-0.658054,0.651232]],[[0.901404,0.1011,-0.42101],[0.108823,0.888245,0.446295],[0.41908,-0.448107,0.789665]],[[0.901404,0.1011,-0.42101],[0.017755,0.962909,0.269243],[0.432615,-0.250172,0.866175]]],"btipPosition":[-32.4573,247.899,-30.4975],"carpPosition":[34.0033,163.167,79.9749],"dipPosition":[-25.1361,243.665,-15.839],"direction":[-0.41908,0.448107,-0.789665],"extended":true,"handId":429,"id":4291,"length":58.2488,"mcpPosition":[0.981312,204.934,30.7789],"pipPosition":[-15.103,232.937,3.06623],"stabilizedTipPosition":[-26.3911,242.458,-24.7256],"timeVisible":0.037845,"tipPosition":[-25.3642,249.305,-27.8694],"tipVelocity":[-199.472,203.316,-109.261],"tool":false,"touchDistance":1,"touchZone":"none","type":1,"width":20.2967},{"bases":[[[0.883903,-0.0786613,-0.461007],[0.329385,0.804488,0.494272],[0.331994,-0.588737,0.736999]],[[0.904874,-0.119463,-0.408572],[0.343389,0.772085,0.53476],[0.251568,-0.62419,0.739663]],[[0.904874,-0.119463,-0.408572],[0.28784,0.878835,0.380522],[0.313609,-0.461928,0.829621]],[[0.904874,-0.119463,-0.408572],[0.223289,0.950373,0.216641],[0.362415,-0.287262,0.886643]]],"btipPosition":[-5.90365,255.162,-50.9277],"carpPosition":[44.5095,166.53,74.923],"dipPosition":[0.842152,249.815,-34.4242],"direction":[-0.313609,0.461928,-0.829621],"extended":true,"handId":429,"id":4292,"length":66.3698,"mcpPosition":[21.6858,207.004,24.2564],"pipPosition":[9.67533,236.804,-11.0569],"stabilizedTipPosition":[-1.77126,247.993,-40.2594],"timeVisible":0.037845,"tipPosition":[-0.138123,256.373,-46.578],"tipVelocity":[-77.0511,177.304,-205.177],"tool":false,"touchDistance":0.765405,"touchZone":"hovering","type":2,"width":19.934},{"bases":[[[0.895763,-0.224862,-0.383467],[0.40211,0.777634,0.483314],[0.189518,-0.58713,0.786995]],[[0.901357,-0.243495,-0.358142],[0.337625,0.913003,0.228986],[0.271228,-0.327316,0.905152]],[[0.901357,-0.243495,-0.358142],[0.0999238,0.921588,-0.375088],[0.421391,0.302301,0.855011]],[[0.901357,-0.243495,-0.358142],[-0.0695099,0.73491,-0.674592],[0.427462,0.632943,0.645492]]],"btipPosition":[12.0065,197.489,-54.8274],"carpPosition":[55.1807,166.772,69.2124],"dipPosition":[19.9173,209.202,-42.8816],"direction":[-0.421391,-0.302301,-0.855011],"extended":true,"handId":429,"id":4293,"length":63.8164,"mcpPosition":[43.483,203.012,20.6365],"pipPosition":[31.4798,217.497,-19.4211],"stabilizedTipPosition":[15.9331,203.727,-51.7886],"timeVisible":0.037845,"tipPosition":[15.9725,205.912,-53.7304],"tipVelocity":[-194.553,-327.272,-26.8891],"tool":false,"touchDistance":0.708729,"touchZone":"hovering","type":3,"width":18.9685},{"bases":[[[0.536565,0.781917,0.317339],[-0.536492,0.0258138,0.84351],[0.651363,-0.622848,0.433343]],[[0.384081,0.89748,0.216819],[-0.861062,0.263417,0.434952],[0.333247,-0.353752,0.87396]],[[0.384081,0.89748,0.216819],[-0.89178,0.42143,-0.164697],[-0.239186,-0.130098,0.962218]],[[0.384081,0.89748,0.216819],[-0.648606,0.429395,-0.628434],[-0.657109,0.10074,0.747034]]],"btipPosition":[31.7603,161.34,-15.7557],"carpPosition":[24.8414,141.882,77.0448],"dipPosition":[16.5277,163.676,1.56151],"direction":[0.239186,0.130098,-0.962218],"extended":false,"handId":429,"id":4290,"length":51.6212,"mcpPosition":[24.8414,141.882,77.0448],"pipPosition":[8.44998,159.282,34.0572],"stabilizedTipPosition":[33.151,156.701,-7.26745],"timeVisible":0.037845,"tipPosition":[32.3054,161.733,-11.1352],"tipVelocity":[-217.659,230.201,-200.362],"tool":false,"touchDistance":1,"touchZone":"none","type":0,"width":21.2486},{"bases":[[[0.832841,-0.416681,-0.364354],[0.551692,0.678246,0.485405],[0.0448631,-0.605276,0.79475]],[[0.830156,-0.390384,-0.398047],[0.294108,0.913162,-0.282198],[0.473647,0.1172,0.872882]],[[0.830156,-0.390384,-0.398047],[-0.393316,0.0959421,-0.914384],[0.39515,0.915639,-0.0738971]],[[0.830156,-0.390384,-0.398047],[-0.548344,-0.442621,-0.709511],[0.100798,0.807271,-0.581509]]],"btipPosition":[36.4243,159.132,-3.00187],"carpPosition":[64.9524,160.175,61.619],"dipPosition":[38.1452,172.915,-12.93],"direction":[-0.39515,-0.915639,0.0738971],"extended":false,"handId":429,"id":4294,"length":50.0309,"mcpPosition":[62.3891,194.758,16.2096],"pipPosition":[45.8004,190.653,-14.3616],"stabilizedTipPosition":[38.2857,161.128,-6.70075],"timeVisible":0.037845,"tipPosition":[36.6708,165.94,-9.55869],"tipVelocity":[-39.3289,31.5058,37.982],"tool":false,"touchDistance":0.333333,"touchZone":"none","type":4,"width":16.8493}],"r":[[0.999821,-0.0167806,-0.00870238],[0.0167462,0.999852,-0.0040105],[0.00876839,0.00386405,0.999954]],"s":1.00293,"t":[0.912073,4.93795,-3.41168],"timestamp":262378373184},{"currentFrameRate":25.1857,"devices":[],"gestures":[],"hands":[{"armBasis":[[0.881492,0.0756961,-0.466092],[0.137857,0.90281,0.407344],[0.451627,-0.423324,0.785385]],"armWidth":65.6192,"confidence":0.377455,"direction":[-0.278579,0.702841,-0.654529],"elbow":[178.507,35.0786,288.168],"grabAngle":0.975123,"grabStrength":0,"id":429,"palmNormal":[-0.243236,-0.710921,-0.65987],"palmPosition":[27.6194,194.067,28.7838],"palmVelocity":[-67.7138,197.642,-209.049],"palmWidth":89.6585,"pinchDistance":78.1949,"pinchStrength":1,"r":[[0.999411,-0.0297519,-0.017105],[0.0296325,0.999535,-0.00718725],[0.0173108,0.00667615,0.999828]],"s":1.02733,"sphereCenter":[2.37814,201.454,-5.59955],"sphereRadius":53.2531,"stabilizedPalmPosition":[28.4969,183.901,37.7241],"t":[0.0973929,11.1159,-9.04054],"timeVisible":0.075377,"type":"right","wrist":[58.3519,147.704,79.2175]}],"id":242235,"interactionBox":{"center":[0,200,0],"size":[235.247,235.247,147.751]},"pointables":[{"bases":[[[0.869138,0.142279,-0.473662],[0.176666,0.805222,0.566045],[0.46194,-0.575651,0.674713]],[[0.884137,0.122899,-0.450775],[0.232196,0.721637,0.65217],[0.405447,-0.681276,0.609489]],[[0.884137,0.122899,-0.450775],[0.118687,0.874061,0.471095],[0.451902,-0.470013,0.758203]],[[0.884137,0.122899,-0.450775],[0.0193274,0.954339,0.2981],[0.466828,-0.272273,0.841391]]],"btipPosition":[-37.6189,257.139,-35.1607],"carpPosition":[31.8411,170.557,72.0787],"dipPosition":[-29.7186,252.531,-20.9216],"direction":[-0.451902,0.470013,-0.758203],"extended":true,"handId":429,"id":4291,"length":58.2488,"mcpPosition":[-1.64626,212.288,23.1667],"pipPosition":[-18.8997,241.279,-2.76961],"stabilizedTipPosition":[-32.751,251.664,-29.5645],"timeVisible":0.075377,"tipPosition":[-30.0683,256.526,-34.5358],"tipVelocity":[-133.976,243.901,-126.816],"tool":false,"touchDistance":0.898775,"touchZone":"hovering","type":1,"width":20.2967},{"bases":[[[0.88062,-0.0761706,-0.467661],[0.33116,0.80485,0.492493],[0.338884,-0.58857,0.733991]],[[0.900048,-0.112745,-0.420955],[0.357035,0.744643,0.563943],[0.24988,-0.657872,0.710468]],[[0.900048,-0.112745,-0.420955],[0.311209,0.842472,0.43976],[0.305062,-0.52681,0.793352]],[[0.900048,-0.112745,-0.420955],[0.248255,0.926545,0.282639],[0.358167,-0.358892,0.861924]]],"btipPosition":[-8.18505,267.339,-55.817],"carpPosition":[42.3013,173.95,66.9514],"dipPosition":[-1.51832,260.659,-39.7737],"direction":[-0.305062,0.52681,-0.793352],"extended":true,"handId":429,"id":4292,"length":66.3698,"mcpPosition":[19.004,214.412,16.4916],"pipPosition":[7.07413,245.82,-17.4279],"stabilizedTipPosition":[-4.26402,257.09,-46.321],"timeVisible":0.075377,"tipPosition":[-4.36923,264.36,-53.5655],"tipVelocity":[-61.2701,316.273,-133.091],"tool":false,"touchDistance":0.647271,"touchZone":"hovering","type":2,"width":19.934},{"bases":[[[0.893404,-0.222408,-0.390338],[0.403864,0.778179,0.48097],[0.196781,-0.587344,0.785051]],[[0.903024,-0.254959,-0.345751],[0.384223,0.839328,0.384579],[0.192147,-0.480129,0.855895]],[[0.903024,-0.254959,-0.345751],[0.323315,0.933312,0.156196],[0.28287,-0.252835,0.925235]],[[0.903024,-0.254959,-0.345751],[0.286983,0.95693,0.0438893],[0.319669,-0.138858,0.937299]]],"btipPosition":[18.6019,241.23,-67.9056],"carpPosition":[52.929,174.222,61.1615],"dipPosition":[24.5179,238.66,-50.5595],"direction":[-0.28287,0.252835,-0.925235],"extended":true,"handId":429,"id":4293,"length":63.8164,"mcpPosition":[40.783,210.475,12.7056],"pipPosition":[32.2795,231.723,-25.1722],"stabilizedTipPosition":[19.8939,240.01,-63.7093],"timeVisible":0.075377,"tipPosition":[18.7594,236.115,-63.507],"tipVelocity":[163.503,1077.91,-315.362],"tool":false,"touchDistance":0.493647,"touchZone":"hovering","type":3,"width":18.9685},{"bases":[[[0.537065,0.782921,0.313999],[-0.530237,0.0238252,0.847514],[0.656056,-0.621665,0.42793]],[[0.383113,0.898467,0.214432],[-0.862391,0.264746,0.4315],[0.330918,-0.350237,0.876257]],[[0.383113,0.898467,0.214432],[-0.891168,0.42059,-0.170069],[-0.242989,-0.12594,0.961819]],[[0.383113,0.898467,0.214432],[-0.649695,0.427121,-0.628859],[-0.656598,0.101608,0.747365]]],"btipPosition":[29.8581,168.378,-23.709],"carpPosition":[22.7081,149.253,69.1987],"dipPosition":[14.6373,170.734,-6.3841],"direction":[0.242989,0.12594,-0.961819],"extended":false,"handId":429,"id":4290,"length":51.6212,"mcpPosition":[22.7081,149.253,69.1987],"pipPosition":[6.43117,166.48,26.0981],"stabilizedTipPosition":[30.9251,160.705,-11.3488],"timeVisible":0.075377,"tipPosition":[29.2607,169.178,-19.0642],"tipVelocity":[-50.6103,187.638,-211.86],"tool":false,"touchDistance":1,"touchZone":"none","type":0,"width":21.2486},{"bases":[[[0.831081,-0.414392,-0.370922],[0.553693,0.679145,0.481858],[0.0522315,-0.60584,0.79387]],[[0.831197,-0.41576,-0.369126],[0.324767,0.901959,-0.284599],[0.451262,0.116678,0.884731]],[[0.831197,-0.41576,-0.369126],[-0.355101,0.113867,-0.927867],[0.427801,0.902318,-0.0529912]],[[0.831197,-0.41576,-0.369126],[-0.539339,-0.44176,-0.716911],[0.134997,0.794979,-0.591426]]],"btipPosition":[33.2777,167.13,-11.7316],"carpPosition":[62.6593,167.654,53.4896],"dipPosition":[35.5825,180.703,-21.8291],"direction":[-0.427801,-0.902318,0.0529912],"extended":false,"handId":429,"id":4294,"length":50.0309,"mcpPosition":[59.6749,202.27,8.1305],"pipPosition":[43.8703,198.183,-22.8557],"stabilizedTipPosition":[37.5849,162.556,-7.85141],"timeVisible":0.075377,"tipPosition":[33.8317,173.21,-17.2509],"tipVelocity":[-80.2595,211.811,-233.633],"tool":false,"touchDistance":0.333333,"touchZone":"none","type":4,"width":16.8493}],"r":[[0.999411,-0.0297519,-0.017105],[0.0296325,0.999535,-0.00718725],[0.0173108,0.00667615,0.999828]],"s":1.02733,"t":[0.0973929,11.1159,-9.04054],"timestamp":262378410716},{"currentFrameRate":26.9932,"devices":[],"gestures":[],"hands":[{"armBasis":[[0.877099,0.0926562,-0.471288],[0.146821,0.882529,0.446751],[0.457319,-0.46104,0.760461]],"armWidth":65.6192,"confidence":0.482323,"direction":[-0.263081,0.709672,-0.653571],"elbow":[177.493,29.8884,275.524],"grabAngle":0.878701,"grabStrength":0,"id":429,"palmNormal":[-0.235127,-0.70417,-0.669969],"palmPosition":[26.0209,199.777,22.9589],"palmVelocity":[-65.3164,233.327,-238.02],"palmWidth":89.6585,"pinchDistance":80.1635,"pinchStrength":1,"r":[[0.998945,-0.0412036,-0.0202686],[0.0410476,0.999125,-0.00805619],[0.0205828,0.00721572,0.999762]],"s":1.0563,"sphereCenter":[10.588,233.105,2.81555],"sphereRadius":54.838,"stabilizedPalmPosition":[27.945,187.44,34.4327],"t":[-1.10916,17.0598,-14.7674],"timeVisible":0.099849,"type":"right","wrist":[55.8235,152.548,73.2036]}],"id":242236,"interactionBox":{"center":[0,200,0],"size":[235.247,235.247,147.751]},"pointables":[{"bases":[[[0.878228,0.141418,-0.456854],[0.17075,0.799596,0.575753],[0.446721,-0.58365,0.678081]],[[0.894141,0.119747,-0.431476],[0.251128,0.663683,0.704599],[0.370737,-0.738366,0.563355]],[[0.894141,0.119747,-0.431476],[0.165559,0.806894,0.567021],[0.416055,-0.578431,0.701652]],[[0.894141,0.119747,-0.431476],[0.0503676,0.930569,0.362635],[0.444943,-0.345979,0.826029]]],"btipPosition":[-36.3095,269.326,-37.7799],"carpPosition":[29.3416,175.891,66.1265],"dipPosition":[-28.7796,263.471,-23.8008],"direction":[-0.416055,0.578431,-0.701652],"extended":true,"handId":429,"id":4291,"length":58.2488,"mcpPosition":[-3.0425,218.202,16.9704],"pipPosition":[-18.8189,249.623,-7.00274],"stabilizedTipPosition":[-34.3727,266.149,-34.0038],"timeVisible":0.099849,"tipPosition":[-31.665,264.715,-38.7471],"tipVelocity":[50.0239,486.256,-109.475],"tool":false,"touchDistance":0.802045,"touchZone":"hovering","type":1,"width":20.2967},{"bases":[[[0.888445,-0.0771327,-0.452456],[0.326533,0.798985,0.504975],[0.322555,-0.596384,0.735041]],[[0.897939,-0.0954256,-0.429651],[0.370101,0.692018,0.619787],[0.238183,-0.715545,0.656707]],[[0.897939,-0.0954256,-0.429651],[0.317579,0.816351,0.482405],[0.304713,-0.569618,0.763339]],[[0.897939,-0.0954256,-0.429651],[0.253346,0.910328,0.327289],[0.359892,-0.402736,0.841595]]],"btipPosition":[-8.91785,277.971,-57.8348],"carpPosition":[39.9097,179.269,61.2153],"dipPosition":[-2.21902,270.474,-42.1698],"direction":[-0.304713,0.569618,-0.763339],"extended":true,"handId":429,"id":4292,"length":66.3698,"mcpPosition":[17.735,220.268,10.6834],"pipPosition":[6.36359,254.43,-20.6694],"stabilizedTipPosition":[-6.50622,270.887,-52.0188],"timeVisible":0.099849,"tipPosition":[-5.05455,272.45,-57.8857],"tipVelocity":[-29.6427,426.77,-86.008],"tool":false,"touchDistance":0.584305,"touchZone":"hovering","type":2,"width":19.934},{"bases":[[[0.899068,-0.224065,-0.376128],[0.39929,0.772014,0.494532],[0.179569,-0.594802,0.78356]],[[0.905024,-0.24563,-0.347271],[0.409784,0.722392,0.55698],[0.114054,-0.646387,0.754437]],[[0.905024,-0.24563,-0.347271],[0.386347,0.816242,0.429518],[0.177954,-0.522891,0.833617]],[[0.905024,-0.24563,-0.347271],[0.34224,0.905307,0.251575],[0.252593,-0.346532,0.90339]]],"btipPosition":[24.9523,265.61,-65.7249],"carpPosition":[50.6408,179.531,55.6188],"dipPosition":[29.6269,259.197,-49.0063],"direction":[-0.177954,0.522891,-0.833617],"extended":true,"handId":429,"id":4293,"length":63.8164,"mcpPosition":[39.5572,216.244,7.2549],"pipPosition":[34.5097,244.85,-26.1328],"stabilizedTipPosition":[25.8213,263.324,-61.9411],"timeVisible":0.099849,"tipPosition":[23.5617,256.546,-64.4359],"tipVelocity":[247.827,960.124,83.2149],"tool":false,"touchDistance":0.508162,"touchZone":"hovering","type":3,"width":18.9685},{"bases":[[[0.535485,0.777397,0.330015],[-0.545209,0.0197799,0.838067],[0.644983,-0.6287,0.434436]],[[0.382349,0.895548,0.227603],[-0.871214,0.267317,0.411739],[0.307889,-0.355719,0.882422]],[[0.382349,0.895548,0.227603],[-0.886677,0.42491,-0.182363],[-0.260026,-0.132084,0.956525]],[[0.382349,0.895548,0.227603],[-0.630905,0.432984,-0.643804],[-0.675106,0.102562,0.730557]]],"btipPosition":[29.4362,174.242,-29.7348],"carpPosition":[20.1491,154.662,62.9076],"dipPosition":[13.7864,176.619,-12.7996],"direction":[0.260026,0.132084,-0.956525],"extended":false,"handId":429,"id":4290,"length":51.6212,"mcpPosition":[20.1491,154.662,62.9076],"pipPosition":[5.00489,172.159,19.5038],"stabilizedTipPosition":[29.7494,163.959,-14.6971],"timeVisible":0.099849,"tipPosition":[28.3168,175.258,-25.078],"tipVelocity":[-21.2715,239.808,-249.897],"tool":false,"touchDistance":0.871108,"touchZone":"hovering","type":0,"width":21.2486},{"bases":[[[0.835392,-0.415859,-0.359418],[0.548552,0.672163,0.49728],[0.0347886,-0.612583,0.78964]],[[0.834533,-0.40357,-0.375081],[0.346724,0.913759,-0.211722],[0.428179,0.0466397,0.90249]],[[0.834533,-0.40357,-0.375081],[-0.339063,0.160409,-0.926987],[0.43427,0.900778,-0.0029684]],[[0.834533,-0.40357,-0.375081],[-0.523291,-0.36757,-0.768804],[0.172397,0.837869,-0.517933]]],"btipPosition":[32.1318,174.585,-19.7573],"carpPosition":[60.4722,172.973,48.0681],"dipPosition":[35.0751,188.89,-28.6],"direction":[-0.43427,-0.900778,0.0029684],"extended":false,"handId":429,"id":4294,"length":50.0309,"mcpPosition":[58.4845,207.974,2.95064],"pipPosition":[43.4883,206.34,-28.6575],"stabilizedTipPosition":[36.6911,165.423,-10.4601],"timeVisible":0.099849,"tipPosition":[32.9269,179.062,-22.934],"tipVelocity":[-40.8218,311.501,-316.16],"tool":false,"touchDistance":0.333333,"touchZone":"none","type":4,"width":16.8493}],"r":[[0.998945,-0.0412036,-0.0202686],[0.0410476,0.999125,-0.00805619],[0.0205828,0.00721572,0.999762]],"s":1.0563,"t":[-1.10916,17.0598,-14.7674],"timestamp":262378435188},{"currentFrameRate":29.2325,"devices":[],"gestures":[],"hands":[{"armBasis":[[0.884661,0.129955,-0.447758],[0.118583,0.86607,0.485655],[0.450903,-0.482736,0.750767]],"armWidth":65.6192,"confidence":0.55771,"direction":[-0.25821,0.726222,-0.637125],"elbow":[174.133,26.7562,268.85],"grabAngle":0.848275,"grabStrength":0,"id":429,"palmNormal":[-0.20179,-0.685485,-0.699565],"palmPosition":[24.8247,203.566,19.6841],"palmVelocity":[-60.8923,192.856,-166.692],"palmWidth":89.6585,"pinchDistance":79.347,"pinchStrength":1,"r":[[0.998772,-0.0464659,-0.0171962],[0.0464399,0.998919,-0.00191186],[0.0172665,0.00111092,0.99985]],"s":1.07756,"sphereCenter":[15.8242,244.66,4.25315],"sphereRadius":57.066,"stabilizedPalmPosition":[27.329,190.624,31.5212],"t":[-2.31058,21.9262,-19.2682],"timeVisible":0.119495,"type":"right","wrist":[54.171,155.188,69.1091]}],"id":242237,"interactionBox":{"center":[0,200,0],"size":[235.247,235.247,147.751]},"pointables":[{"bases":[[[0.888013,0.173264,-0.425925],[0.138267,0.782803,0.606714],[0.438537,-0.597661,0.671183]],[[0.916228,0.131495,-0.378463],[0.218799,0.627101,0.747577],[0.335637,-0.767758,0.545797]],[[0.916228,0.131495,-0.378463],[0.157016,0.751203,0.641124],[0.368607,-0.646841,0.667627]],[[0.916228,0.131495,-0.378463],[0.0584716,0.89061,0.450992],[0.396367,-0.435341,0.808314]]],"btipPosition":[-34.2295,277.156,-39.43],"carpPosition":[27.3767,178.305,62.1149],"dipPosition":[-27.5217,269.789,-25.7507],"direction":[-0.368607,0.646841,-0.667627],"extended":true,"handId":429,"id":4291,"length":58.2488,"mcpPosition":[-4.41415,221.631,13.4588],"pipPosition":[-18.6969,254.303,-9.76717],"stabilizedTipPosition":[-32.8617,274.495,-36.0471],"timeVisible":0.119495,"tipPosition":[-32.4196,270.822,-40.3107],"tipVelocity":[96.2492,380.862,-87.4986],"tool":false,"touchDistance":0.729389,"touchZone":"hovering","type":1,"width":20.2967},{"bases":[[[0.902427,-0.0450797,-0.428477],[0.296,0.787514,0.54056],[0.313064,-0.614645,0.724018]],[[0.912501,-0.0658464,-0.40374],[0.34051,0.669222,0.66045],[0.226704,-0.740139,0.633088]],[[0.912501,-0.0658464,-0.40374],[0.292398,0.795217,0.531162],[0.286086,-0.602739,0.74489]],[[0.912501,-0.0658464,-0.40374],[0.236253,0.890551,0.38872],[0.333955,-0.450092,0.828185]]],"btipPosition":[-8.60706,284.99,-58.7646],"carpPosition":[38.0126,182.045,57.6308],"dipPosition":[-2.39099,276.613,-43.3492],"direction":[-0.286086,0.602739,-0.74489],"extended":true,"handId":429,"id":4292,"length":66.3698,"mcpPosition":[16.4904,224.3,7.85666],"pipPosition":[5.66696,259.636,-22.3685],"stabilizedTipPosition":[-7.04088,280.587,-54.5683],"timeVisible":0.119495,"tipPosition":[-5.51513,278.754,-59.1894],"tipVelocity":[10.1678,346.999,-50.2521],"tool":false,"touchDistance":0.544399,"touchZone":"hovering","type":2,"width":19.934},{"bases":[[[0.913762,-0.194276,-0.356784],[0.369547,0.762286,0.53137],[0.16874,-0.617395,0.768343]],[[0.918707,-0.213987,-0.331946],[0.385205,0.670973,0.633571],[0.0871508,-0.709933,0.698856]],[[0.918707,-0.213987,-0.331946],[0.364779,0.781911,0.505522],[0.151377,-0.585513,0.796404]],[[0.918707,-0.213987,-0.331946],[0.324534,0.888016,0.325738],[0.22507,-0.406985,0.885272]]],"btipPosition":[26.3018,275.821,-64.2247],"carpPosition":[48.8927,182.697,52.3637],"dipPosition":[30.467,268.289,-47.8414],"direction":[-0.151377,0.585513,-0.796404],"extended":true,"handId":429,"id":4293,"length":63.8164,"mcpPosition":[38.4775,220.805,4.93897],"pipPosition":[34.6206,252.223,-25.989],"stabilizedTipPosition":[27.198,273.626,-60.5202],"timeVisible":0.119495,"tipPosition":[24.5847,265.779,-64.5432],"tipVelocity":[62.7269,506.622,72.436],"tool":false,"touchDistance":0.512025,"touchZone":"hovering","type":3,"width":18.9685},{"bases":[[[0.510278,0.775778,0.371193],[-0.569339,-0.0187652,0.821889],[0.644569,-0.630726,0.432106]],[[0.368465,0.887877,0.275515],[-0.880385,0.238076,0.410172],[0.298589,-0.393693,0.869397]],[[0.368465,0.887877,0.275515],[-0.883816,0.426465,-0.192345],[-0.288276,-0.172632,0.941857]],[[0.368465,0.887877,0.275515],[-0.612918,0.454848,-0.6461],[-0.698974,0.0691968,0.711791]]],"btipPosition":[29.9548,180.617,-33.1461],"carpPosition":[18.7029,157.027,57.9253],"dipPosition":[13.7517,182.221,-16.6459],"direction":[0.288276,0.172632,-0.941857],"extended":false,"handId":429,"id":4290,"length":51.6212,"mcpPosition":[18.7029,157.027,57.9253],"pipPosition":[4.01613,176.391,15.1622],"stabilizedTipPosition":[28.7285,168.895,-18.9454],"timeVisible":0.119495,"tipPosition":[28.8133,180.744,-29.0699],"tipVelocity":[19.9198,315.469,-178.732],"tool":false,"touchDistance":0.76466,"touchZone":"hovering","type":0,"width":21.2486},{"bases":[[[0.853446,-0.38769,-0.34832],[0.520618,0.665229,0.535188],[0.0242252,-0.638096,0.769576]],[[0.852534,-0.371056,-0.368108],[0.34083,0.92861,-0.146688],[0.396258,-0.00040639,0.918139]],[[0.852534,-0.371056,-0.368108],[-0.334265,0.154363,-0.929752],[0.401812,0.915691,0.00756881]],[[0.852534,-0.371056,-0.368108],[-0.498583,-0.36599,-0.785791],[0.156848,0.853445,-0.49702]]],"btipPosition":[33.3402,180.747,-22.8966],"carpPosition":[59.0648,176.584,44.8916],"dipPosition":[36.0181,195.317,-31.3823],"direction":[-0.401812,-0.915691,-0.00756881],"extended":false,"handId":429,"id":4294,"length":50.0309,"mcpPosition":[57.6807,213.043,0.920592],"pipPosition":[43.8024,213.057,-31.2356],"stabilizedTipPosition":[35.9557,170.444,-14.3289],"timeVisible":0.119495,"tipPosition":[33.4934,184.509,-26.5097],"tipVelocity":[58.4024,316.759,-155.614],"tool":false,"touchDistance":0.333333,"touchZone":"none","type":4,"width":16.8493}],"r":[[0.998772,-0.0464659,-0.0171962],[0.0464399,0.998919,-0.00191186],[0.0172665,0.00111092,0.99985]],"s":1.07756,"t":[-2.31058,21.9262,-19.2682],"timestamp":262378454834},{"currentFrameRate":31.2598,"devices":[],"gestures":[],"hands":[{"armBasis":[[0.876682,0.110494,-0.46821],[0.150239,0.861701,0.484664],[0.45701,-0.495239,0.738837]],"armWidth":65.6192,"confidence":0.624935,"direction":[-0.233499,0.745693,-0.624036],"elbow":[173.822,24.4038,262.437],"grabAngle":0.86904,"grabStrength":0,"id":429,"palmNormal":[-0.232547,-0.665978,-0.708799],"palmPosition":[24.2623,206.271,17.3813],"palmVelocity":[-28.605,137.579,-117.142],"palmWidth":89.6585,"pinchDistance":78.5413,"pinchStrength":1,"r":[[0.998161,-0.0584037,-0.0162248],[0.0585085,0.998268,0.00606424],[0.0158425,-0.00700237,0.99985]],"s":1.0887,"sphereCenter":[22.2482,250.625,3.59657],"sphereRadius":57.8669,"stabilizedPalmPosition":[26.7382,193.638,28.7973],"t":[-3.19245,25.7117,-22.67],"timeVisible":0.139153,"type":"right","wrist":[52.2351,156.162,65.8701]}],"id":242238,"interactionBox":{"center":[0,200,0],"size":[235.247,235.247,147.751]},"pointables":[{"bases":[[[0.891532,0.1453,-0.429021],[0.172313,0.767148,0.617893],[0.418902,-0.624798,0.6589]],[[0.928037,0.0838631,-0.362925],[0.245478,0.595116,0.765231],[0.280157,-0.799252,0.531703]],[[0.928037,0.0838631,-0.362925],[0.194324,0.722226,0.663798],[0.317782,-0.686554,0.653956]],[[0.928037,0.0838631,-0.362925],[0.1009,0.8813,0.46166],[0.358561,-0.465057,0.809417]]],"btipPosition":[-29.8843,283.874,-40.3498],"carpPosition":[26.0811,180.262,59.3963],"dipPosition":[-23.8162,276.004,-26.6518],"direction":[-0.317782,0.686554,-0.653956],"extended":true,"handId":429,"id":4291,"length":58.2488,"mcpPosition":[-4.28645,225.556,11.6306],"pipPosition":[-16.2083,259.567,-10.9956],"stabilizedTipPosition":[-28.7766,281.565,-37.1234],"timeVisible":0.139153,"tipPosition":[-30.3617,277.416,-40.6134],"tipVelocity":[213.556,335.867,-46.5713],"tool":false,"touchDistance":0.676051,"touchZone":"hovering","type":1,"width":20.2967},{"bases":[[[0.897405,-0.0733719,-0.435064],[0.329712,0.766765,0.550783],[0.29318,-0.637721,0.71229]],[[0.910704,-0.104562,-0.399605],[0.368472,0.642855,0.67154],[0.18667,-0.758817,0.623979]],[[0.910704,-0.104562,-0.399605],[0.324627,0.779382,0.535893],[0.255411,-0.617763,0.74373]],[[0.910704,-0.104562,-0.399605],[0.267129,0.886984,0.376698],[0.315055,-0.449807,0.835712]]],"btipPosition":[-5.29799,289.497,-60.3609],"carpPosition":[36.8276,183.656,54.9009],"dipPosition":[0.566276,281.125,-44.8054],"direction":[-0.255411,0.617763,-0.74373],"extended":true,"handId":429,"id":4292,"length":66.3698,"mcpPosition":[16.6723,227.497,5.93303],"pipPosition":[7.76023,263.725,-23.8573],"stabilizedTipPosition":[-4.38898,286.578,-56.4681],"timeVisible":0.139153,"tipPosition":[-3.62515,284.154,-59.8142],"tipVelocity":[164.216,229.329,-79.5601],"tool":false,"touchDistance":0.499833,"touchZone":"hovering","type":2,"width":19.934},{"bases":[[[0.903342,-0.22401,-0.365777],[0.402163,0.738844,0.540717],[0.149126,-0.635555,0.757517]],[[0.907376,-0.242808,-0.343092],[0.415986,0.635664,0.650298],[0.0601941,-0.732786,0.677791]],[[0.907376,-0.242808,-0.343092],[0.398802,0.755158,0.520282],[0.13276,-0.608918,0.782045]],[[0.907376,-0.242808,-0.343092],[0.358887,0.872448,0.331715],[0.218787,-0.424122,0.878779]]],"btipPosition":[28.133,280.183,-64.9007],"carpPosition":[47.6932,183.968,49.573],"dipPosition":[32.1819,272.334,-48.6376],"direction":[-0.13276,0.608918,-0.782045],"extended":true,"handId":429,"id":4293,"length":63.8164,"mcpPosition":[38.4886,223.196,2.81649],"pipPosition":[35.8247,255.626,-27.1792],"stabilizedTipPosition":[29.0105,278.241,-61.1418],"timeVisible":0.139153,"tipPosition":[26.0859,270.157,-65.6521],"tipVelocity":[91.7922,218.183,-35.7975],"tool":false,"touchDistance":0.483601,"touchZone":"hovering","type":3,"width":18.9685},{"bases":[[[0.542353,0.749381,0.379845],[-0.564714,-0.00958929,0.825231],[0.622055,-0.66207,0.417985]],[[0.415677,0.86053,0.294451],[-0.862411,0.270089,0.428134],[0.288894,-0.431903,0.8544]],[[0.415677,0.86053,0.294451],[-0.861642,0.476237,-0.175417],[-0.29118,-0.180794,0.939429]],[[0.415677,0.86053,0.294451],[-0.606207,0.503484,-0.615644],[-0.678031,0.0774105,0.730946]]],"btipPosition":[27.9005,184.961,-35.7624],"carpPosition":[16.5591,159.406,54.9334],"dipPosition":[12.1829,186.756,-18.8182],"direction":[0.29118,0.180794,-0.939429],"extended":false,"handId":429,"id":4290,"length":51.6212,"mcpPosition":[16.5591,159.406,54.9334],"pipPosition":[2.34922,180.65,12.9079],"stabilizedTipPosition":[27.1187,174.866,-23.6266],"timeVisible":0.139153,"tipPosition":[26.894,184.164,-31.7544],"tipVelocity":[-98.8231,223.213,-127.894],"tool":false,"touchDistance":0.683815,"touchZone":"hovering","type":0,"width":21.2486},{"bases":[[[0.83558,-0.415041,-0.359925],[0.549354,0.635936,0.54203],[0.00392439,-0.650636,0.75938]],[[0.834498,-0.384396,-0.394782],[0.386172,0.919072,-0.0785961],[0.393045,-0.0868654,0.915407]],[[0.834498,-0.384396,-0.394782],[-0.372433,0.134537,-0.918255],[0.406087,0.913312,-0.0308908]],[[0.834498,-0.384396,-0.394782],[-0.531338,-0.371638,-0.761292],[0.145922,0.845059,-0.514375]]],"btipPosition":[33.226,185.679,-24.1287],"carpPosition":[57.5744,177.582,41.9399],"dipPosition":[35.7173,200.106,-32.9107],"direction":[-0.406087,-0.913312,0.0308908],"extended":false,"handId":429,"id":4294,"length":50.0309,"mcpPosition":[57.3502,214.758,-1.4486],"pipPosition":[43.5844,217.8,-33.5091],"stabilizedTipPosition":[35.1162,177.666,-18.93],"timeVisible":0.139153,"tipPosition":[32.2041,187.84,-28.684],"tipVelocity":[-7.99441,249.214,-66.1454],"tool":false,"touchDistance":0.333333,"touchZone":"none","type":4,"width":16.8493}],"r":[[0.998161,-0.0584037,-0.0162248],[0.0585085,0.998268,0.00606424],[0.0158425,-0.00700237,0.99985]],"s":1.0887,"t":[-3.19245,25.7117,-22.67],"timestamp":262378474492},{"currentFrameRate":33.0854,"devices":[],"gestures":[],"hands":[{"armBasis":[[0.865456,0.0792915,-0.494669],[0.186798,0.865118,0.465486],[0.464857,-0.495261,0.733911]],"armWidth":65.6192,"confidence":0.684225,"direction":[-0.210671,0.757086,-0.618416],"elbow":[174.597,26.1396,258.728],"grabAngle":0.830144,"grabStrength":0,"id":429,"palmNormal":[-0.270804,-0.653054,-0.707238],"palmPosition":[24.1799,209.125,15.4666],"palmVelocity":[-4.17754,144.652,-97.0303],"palmWidth":89.6585,"pinchDistance":78.7244,"pinchStrength":1,"r":[[0.996907,-0.0763941,-0.0184719],[0.0766376,0.996976,0.0128568],[0.0174338,-0.0142327,0.999747]],"s":1.09183,"sphereCenter":[27.035,258.913,5.8498],"sphereRadius":61.0233,"stabilizedPalmPosition":[26.2,196.896,25.9926],"t":[-3.6746,29.0316,-25.3283],"timeVisible":0.158886,"type":"right","wrist":[50.922,157.903,63.4721]}],"id":242239,"interactionBox":{"center":[0,200,0],"size":[235.247,235.247,147.751]},"pointables":[{"bases":[[[0.890593,0.108904,-0.441571],[0.213605,0.757001,0.617513],[0.401519,-0.644274,0.650917]],[[0.929661,0.0367096,-0.366583],[0.2835,0.564176,0.775457],[0.235284,-0.824838,0.514085]],[[0.929661,0.0367096,-0.366583],[0.246247,0.678193,0.6924],[0.274032,-0.733967,0.62145]],[[0.929661,0.0367096,-0.366583],[0.168116,0.843117,0.510775],[0.327823,-0.536476,0.777641]]],"btipPosition":[-25.7264,291.373,-39.726],"carpPosition":[25.5016,182.916,57.3757],"dipPosition":[-20.1785,282.294,-26.5658],"direction":[-0.274032,0.733967,-0.62145],"extended":true,"handId":429,"id":4291,"length":58.2488,"mcpPosition":[-3.60567,229.622,10.1887],"pipPosition":[-13.618,264.722,-11.6878],"stabilizedTipPosition":[-24.62,288.982,-36.7158],"timeVisible":0.158886,"tipPosition":[-27.5666,283.847,-40.6934