{"frames":205,"data":[{"currentFrameRate":42.2601,"devices":[],"gestures":[],"hands":[{"armBasis":[[0.867653,0.0819929,-0.490362],[0.209064,0.834693,0.50949],[0.451076,-0.544578,0.707082]],"armWidth":65.6192,"confidence":0.876016,"direction":[-0.269492,0.736568,-0.620356],"elbow":[184.414,33.9773,254.562],"grabAngle":0.837136,"grabStrength":0,"id":430,"palmNormal":[-0.282825,-0.676318,-0.68015],"palmPosition":[34.2041,228.884,19.2078],"palmVelocity":[-84.0517,228.621,-155.035],"palmWidth":89.6585,"pinchDistance":78.847,"pinchStrength":1,"r":[[0.941149,0.306507,0.142449],[-0.326772,0.932837,0.151775],[-0.0863616,-0.189391,0.978096]],"s":1.38951,"sphereCenter":[31.0807,278.455,9.45436],"sphereRadius":61.2179,"stabilizedPalmPosition":[35.0263,226.69,20.7393],"t":[-31.0219,72.499,-36.6728],"timeVisible":0.257853,"type":"right","wrist":[64.4055,178.862,66.4435]}],"id":242724,"interactionBox":{"center":[0,200,0],"size":[235.247,235.247,147.751]},"pointables":[{"bases":[[[0.862219,0.131403,-0.489196],[0.217359,0.776352,0.591636],[0.457531,-0.61645,0.640823]],[[0.895982,0.0817865,-0.436493],[0.296837,0.620769,0.725626],[0.330308,-0.779716,0.531921]],[[0.895982,0.0817865,-0.436493],[0.234624,0.74734,0.621638],[0.377051,-0.659389,0.650415]],[[0.895982,0.0817865,-0.436493],[0.132429,0.888969,0.438402],[0.423885,-0.450605,0.78567]]],"btipPosition":[-24.7984,304.868,-36.4949],"carpPosition":[38.6258,203.587,61.4633],"dipPosition":[-17.6249,297.242,-23.1988],"direction":[-0.377051,0.659389,-0.650415],"extended":true,"handId":430,"id":4301,"length":58.2488,"mcpPosition":[5.45799,248.276,15.0081],"pipPosition":[-8.59801,281.456,-7.6274],"stabilizedTipPosition":[-23.1391,303.065,-33.4394],"timeVisible":0.257853,"tipPosition":[-21.7363,293.234,-41.6095],"tipVelocity":[-75.2365,392.334,20.9592],"tool":false,"touchDistance":0.469382,"touchZone":"hovering","type":1,"width":20.2967},{"bases":[[[0.866333,-0.0873775,-0.491764],[0.36999,0.773668,0.514339],[0.335521,-0.627537,0.702583]],[[0.876268,-0.106689,-0.469863],[0.422569,0.638695,0.643043],[0.231493,-0.762028,0.604752]],[[0.876268,-0.106689,-0.469863],[0.378336,0.756206,0.533868],[0.298355,-0.645578,0.703003]],[[0.876268,-0.106689,-0.469863],[0.333231,0.838539,0.431056],[0.348009,-0.534293,0.770338]]],"btipPosition":[0.07432,314.476,-55.1003],"carpPosition":[49.0736,206.825,56.2121],"dipPosition":[6.55198,304.531,-40.7617],"direction":[-0.298355,0.645578,-0.703003],"extended":true,"handId":430,"id":4302,"length":66.3698,"mcpPosition":[26.0076,249.966,7.91162],"pipPosition":[14.9555,286.347,-20.9607],"stabilizedTipPosition":[1.57722,312.13,-51.7978],"timeVisible":0.257853,"tipPosition":[-0.773005,301.395,-58.6373],"tipVelocity":[-78.72,352.64,-28.0624],"tool":false,"touchDistance":0.371676,"touchZone":"hovering","type":2,"width":19.934},{"bases":[[[0.875892,-0.236845,-0.420378],[0.441448,0.745049,0.500025],[0.194774,-0.623543,0.757137]],[[0.880271,-0.251586,-0.402278],[0.463776,0.635245,0.617556],[0.100176,-0.730184,0.675867]],[[0.880271,-0.251586,-0.402278],[0.441237,0.745797,0.499096],[0.174452,-0.616839,0.767513]],[[0.880271,-0.251586,-0.402278],[0.385062,0.874173,0.295887],[0.277219,-0.415363,0.866385]]],"btipPosition":[33.1939,302.38,-63.5603],"carpPosition":[59.5664,206.966,50.1767],"dipPosition":[38.3242,294.693,-47.5266],"direction":[-0.174452,0.616839,-0.767513],"extended":true,"handId":430,"id":4303,"length":63.8164,"mcpPosition":[47.5443,245.453,3.44367],"pipPosition":[43.111,277.767,-26.4669],"stabilizedTipPosition":[34.4288,300.305,-59.8067],"timeVisible":0.257853,"tipPosition":[28.3992,291.119,-64.2238],"tipVelocity":[-61.214,331.61,-73.0526],"tool":false,"touchDistance":0.303965,"touchZone":"hovering","type":3,"width":18.9685},{"bases":[[[0.5708,0.751801,0.330124],[-0.509185,0.00869068,0.860613],[0.644141,-0.659332,0.387766]],[[0.452004,0.853645,0.258809],[-0.838091,0.307062,0.450906],[0.305444,-0.420717,0.854226]],[[0.452004,0.853645,0.258809],[-0.861547,0.492969,-0.121318],[-0.231148,-0.16814,0.95828]],[[0.452004,0.853645,0.258809],[-0.629984,0.510903,-0.584892],[-0.631517,0.101328,0.768713]]],"btipPosition":[36.1239,206.751,-34.1956],"carpPosition":[28.7022,182.728,58.0038],"dipPosition":[21.4846,209.1,-16.3759],"direction":[0.231148,0.16814,-0.95828],"extended":false,"handId":430,"id":4300,"length":51.6212,"mcpPosition":[28.7022,182.728,58.0038],"pipPosition":[13.6783,203.422,15.9868],"stabilizedTipPosition":[34.3405,204.335,-27.8674],"timeVisible":0.257853,"tipPosition":[29.6765,207.113,-27.1698],"tipVelocity":[-140.685,213.697,-151.248],"tool":false,"touchDistance":0.332304,"touchZone":"hovering","type":0,"width":21.2486},{"bases":[[[0.807487,-0.427247,-0.406724],[0.587769,0.641106,0.493468],[0.0499201,-0.637529,0.768808]],[[0.806031,-0.411582,-0.425341],[0.451606,0.892186,-0.0075201],[0.382578,-0.186025,0.905002]],[[0.806031,-0.411582,-0.425341],[-0.312579,0.314231,-0.896411],[0.502602,0.855488,0.124628]],[[0.806031,-0.411582,-0.425341],[-0.574288,-0.369973,-0.730283],[0.143206,0.832899,-0.534576]]],"btipPosition":[40.4506,212.527,-26.8868],"carpPosition":[68.8839,200.379,42.024],"dipPosition":[42.8956,226.747,-36.0137],"direction":[-0.502602,-0.855488,-0.124628],"extended":false,"handId":430,"id":4304,"length":50.0309,"mcpPosition":[66.0316,236.805,-1.90312],"pipPosition":[52.6325,243.32,-33.5992],"stabilizedTipPosition":[41.3223,214.829,-28.5899],"timeVisible":0.257853,"tipPosition":[38.0693,220.135,-36.7485],"tipVelocity":[-93.5642,299.34,-123.207],"tool":false,"touchDistance":0.494267,"touchZone":"hovering","type":4,"width":16.8493}],"r":[[0.941149,0.306507,0.142449],[-0.326772,0.932837,0.151775],[-0.0863616,-0.189391,0.978096]],"s":1.38951,"t":[-31.0219,72.499,-36.6728],"timestamp":262394147163},{"currentFrameRate":43.1207,"devices":[],"gestures":[],"hands":[{"armBasis":[[0.864043,0.0557585,-0.500321],[0.233652,0.835899,0.496669],[0.445911,-0.546044,0.709225]],"armWidth":65.6192,"confidence":0.897754,"direction":[-0.266179,0.740626,-0.616946],"elbow":[181.156,36.8604,252.079],"grabAngle":0.807404,"grabStrength":0,"id":430,"palmNormal":[-0.310212,-0.671804,-0.672642],"palmPosition":[32.5292,232.606,16.5148],"palmVelocity":[-86.3795,191.933,-138.886],"palmWidth":89.6585,"pinchDistance":79.9138,"pinchStrength":1,"r":[[0.942192,0.305935,0.13667],[-0.325536,0.932394,0.157061],[-0.0793795,-0.192473,0.978086]],"s":1.41175,"sphereCenter":[34.6514,290.073,12.1715],"sphereRadius":66.9892,"stabilizedPalmPosition":[33.3836,230.582,17.9602],"t":[-32.7575,76.697,-39.6623],"timeVisible":0.277243,"type":"right","wrist":[62.5218,182.135,63.3907]}],"id":242725,"interactionBox":{"center":[0,200,0],"size":[235.247,235.247,147.751]},"pointables":[{"bases":[[[0.854995,0.112186,-0.506357],[0.245125,0.772984,0.585157],[0.457053,-0.624427,0.633398]],[[0.882909,0.0713399,-0.464093],[0.334769,0.597418,0.728712],[0.329244,-0.79875,0.503583]],[[0.882909,0.0713399,-0.464093],[0.274629,0.723241,0.633641],[0.380855,-0.686901,0.618964]],[[0.882909,0.0713399,-0.464093],[0.161438,0.882013,0.442708],[0.440919,-0.465793,0.76722]]],"btipPosition":[-26.4728,310.904,-36.405],"carpPosition":[37.2508,207.319,58.7439],"dipPosition":[-19.011,303.021,-23.4212],"direction":[-0.380855,0.686901,-0.618964],"extended":true,"handId":430,"id":4301,"length":58.2488,"mcpPosition":[4.11769,252.586,12.8269],"pipPosition":[-9.89303,286.576,-8.60268],"stabilizedTipPosition":[-24.7506,309.068,-33.4188],"timeVisible":0.277243,"tipPosition":[-23.438,299.434,-42.0612],"tipVelocity":[-82.9331,308.224,0.932617],"tool":false,"touchDistance":0.456049,"touchZone":"hovering","type":1,"width":20.2967},{"bases":[[[0.854485,-0.106637,-0.508414],[0.396118,0.766926,0.504892],[0.336075,-0.632814,0.697567]],[[0.864261,-0.125733,-0.487078],[0.453487,0.613807,0.646212],[0.217722,-0.779379,0.587507]],[[0.864261,-0.125733,-0.487078],[0.410868,0.735094,0.539281],[0.290243,-0.666205,0.686972]],[[0.864261,-0.125733,-0.487078],[0.381476,0.794988,0.471668],[0.327917,-0.593453,0.73504]]],"btipPosition":[-0.118641,320.849,-55.7557],"carpPosition":[47.6589,210.325,53.2801],"dipPosition":[5.98503,309.803,-42.074],"direction":[-0.290243,0.666205,-0.686972],"extended":true,"handId":430,"id":4302,"length":66.3698,"mcpPosition":[24.5547,253.829,5.32444],"pipPosition":[14.1601,291.038,-22.7246],"stabilizedTipPosition":[1.28698,318.271,-52.604],"timeVisible":0.277243,"tipPosition":[-1.87554,307.595,-59.5657],"tipVelocity":[-14.3878,315.625,-41.5909],"tool":false,"touchDistance":0.355745,"touchZone":"hovering","type":2,"width":19.934},{"bases":[[[0.862319,-0.256107,-0.436824],[0.466666,0.736784,0.489257],[0.196543,-0.625747,0.754859]],[[0.865462,-0.266458,-0.424236],[0.492843,0.604806,0.625552],[0.089897,-0.750473,0.654758]],[[0.865462,-0.266458,-0.424236],[0.47297,0.713752,0.516582],[0.165152,-0.647733,0.743752]],[[0.865462,-0.266458,-0.424236],[0.41886,0.849428,0.320979],[0.27483,-0.455491,0.846756]]],"btipPosition":[32.3043,308.27,-64.6072],"carpPosition":[58.0317,210.232,47.0398],"dipPosition":[37.3904,299.841,-48.9367],"direction":[-0.165152,0.647733,-0.743752],"extended":true,"handId":430,"id":4303,"length":63.8164,"mcpPosition":[45.9004,248.855,0.447411],"pipPosition":[41.922,282.068,-28.529],"stabilizedTipPosition":[33.5051,306.135,-60.964],"timeVisible":0.277243,"tipPosition":[27.59,296.721,-65.9452],"tipVelocity":[-46.4053,294.979,-58.2984],"tool":false,"touchDistance":0.294422,"touchZone":"hovering","type":3,"width":18.9685},{"bases":[[[0.592767,0.740434,0.316835],[-0.491878,0.0213324,0.870403],[0.637717,-0.67179,0.376849]],[[0.472549,0.846186,0.246306],[-0.825751,0.327462,0.459242],[0.307949,-0.420401,0.853481]],[[0.472549,0.846186,0.246306],[-0.85478,0.508114,-0.105699],[-0.214592,-0.160589,0.963411]],[[0.472549,0.846186,0.246306],[-0.638505,0.521356,-0.566126],[-0.607461,0.110254,0.786661]]],"btipPosition":[33.0091,210.21,-37.2161],"carpPosition":[26.8274,186.664,55.536],"dipPosition":[18.9274,212.766,-18.9803],"direction":[0.214592,0.160589,-0.963411],"extended":false,"handId":430,"id":4300,"length":51.6212,"mcpPosition":[26.8274,186.664,55.536],"pipPosition":[11.6803,207.343,13.5557],"stabilizedTipPosition":[31.538,208.298,-31.0282],"timeVisible":0.277243,"tipPosition":[26.7132,210.827,-29.7867],"tipVelocity":[-154.024,180.832,-150.843],"tool":false,"touchDistance":0.287713,"touchZone":"hovering","type":0,"width":21.2486},{"bases":[[[0.790231,-0.445003,-0.421316],[0.610626,0.629783,0.480114],[0.0516854,-0.636667,0.769404]],[[0.788755,-0.429526,-0.439741],[0.495112,0.867892,0.0403418],[0.36432,-0.249541,0.897218]],[[0.788755,-0.429526,-0.439741],[-0.331278,0.305573,-0.892682],[0.517803,0.849784,0.0987294]],[[0.788755,-0.429526,-0.439741],[-0.595707,-0.357621,-0.719194],[0.151652,0.829225,-0.537947]]],"btipPosition":[38.714,217.929,-29.3891],"carpPosition":[67.0474,203.432,38.7239],"dipPosition":[41.3032,232.086,-38.5735],"direction":[-0.517803,-0.849784,-0.0987294],"extended":false,"handId":430,"id":4304,"length":50.0309,"mcpPosition":[64.0942,239.809,-5.23732],"pipPosition":[51.3346,248.549,-36.6608],"stabilizedTipPosition":[39.5976,220.276,-31.0849],"timeVisible":0.277243,"tipPosition":[35.6805,223.314,-38.3985],"tipVelocity":[-87.8515,277.869,-129.734],"tool":false,"touchDistance":0.44044,"touchZone":"hovering","type":4,"width":16.8493}],"r":[[0.942192,0.305935,0.13667],[-0.325536,0.932394,0.157061],[-0.0793795,-0.192473,0.978086]],"s":1.41175,"t":[-32.7575,76.697,-39.6623],"timestamp":262394166553},{"currentFrameRate":43.9317,"devices":[],"gestures":[],"hands":[{"armBasis":[[0.869509,0.0543657,-0.490915],[0.228297,0.83714,0.497068],[0.437988,-0.54428,0.71549]],"armWidth":65.6192,"confidence":0.91573,"direction":[-0.258797,0.748799,-0.610184],"elbow":[177.196,39.9515,251.138],"grabAngle":0.775534,"grabStrength":0,"id":430,"palmNormal":[-0.307695,-0.662705,-0.682749],"palmPosition":[31.2171,235.772,14.1668],"palmVelocity":[-68.1791,164.498,-122],"palmWidth":89.6585,"pinchDistance":80.5509,"pinchStrength":1,"r":[[0.943035,0.304448,0.134154],[-0.324039,0.931899,0.162985],[-0.0753978,-0.197172,0.977465]],"s":1.42769,"sphereCenter":[39.6326,299.846,14.6024],"sphereRadius":72.6155,"stabilizedPalmPosition":[31.998,233.901,15.5341],"t":[-34.2814,80.379,-42.3311],"timeVisible":0.296489,"type":"right","wrist":[60.67,184.757,60.7822]}],"id":242726,"interactionBox":{"center":[0,200,0],"size":[235.247,235.247,147.751]},"pointables":[{"bases":[[[0.859163,0.114824,-0.498653],[0.243641,0.765149,0.595976],[0.449976,-0.633532,0.629411]],[[0.883673,0.0781129,-0.461541],[0.339425,0.572059,0.746686],[0.322354,-0.816485,0.479]],[[0.883673,0.0781129,-0.461541],[0.281858,0.698416,0.657853],[0.373734,-0.711416,0.595155]],[[0.883673,0.0781129,-0.461541],[0.170609,0.864415,0.472948],[0.435906,-0.496675,0.750533]]],"btipPosition":[-27.1332,316.084,-36.8308],"carpPosition":[35.5289,209.975,56.1306],"dipPosition":[-19.7563,307.679,-24.1293],"direction":[-0.373734,0.711416,-0.595155],"extended":true,"handId":430,"id":4301,"length":58.2488,"mcpPosition":[2.90874,255.902,10.5026],"pipPosition":[-10.8088,290.647,-9.88083],"stabilizedTipPosition":[-25.4347,314.137,-33.9081],"timeVisible":0.296489,"tipPosition":[-24.2096,304.644,-42.9431],"tipVelocity":[-35.3303,262.925,-25.4954],"tool":false,"touchDistance":0.436417,"touchZone":"hovering","type":1,"width":20.2967},{"bases":[[[0.857849,-0.103957,-0.503277],[0.395205,0.759451,0.516766],[0.328492,-0.642205,0.692579]],[[0.870086,-0.129093,-0.475694],[0.452592,0.591481,0.667316],[0.195219,-0.795918,0.573066]],[[0.870086,-0.129093,-0.475694],[0.414625,0.713546,0.564745],[0.266526,-0.688612,0.674372]],[[0.870086,-0.129093,-0.475694],[0.393962,0.762128,0.513766],[0.296217,-0.634426,0.713974]]],"btipPosition":[1.06476,326.358,-56.4766],"carpPosition":[45.9885,213.005,50.7798],"dipPosition":[6.57838,314.549,-43.1871],"direction":[-0.266526,0.688612,-0.674372],"extended":true,"handId":430,"id":4302,"length":66.3698,"mcpPosition":[23.4056,257.154,3.16702],"pipPosition":[14.0854,295.153,-24.1926],"stabilizedTipPosition":[2.32758,323.615,-53.4159],"timeVisible":0.296489,"tipPosition":[-1.74572,313.281,-60.2854],"tipVelocity":[54.4368,277.128,-42.1456],"tool":false,"touchDistance":0.341336,"touchZone":"hovering","type":2,"width":19.934},{"bases":[[[0.86459,-0.254282,-0.433387],[0.465755,0.729224,0.501304],[0.188563,-0.635274,0.748913]],[[0.867518,-0.264491,-0.421256],[0.492084,0.579911,0.649274],[0.0725639,-0.77055,0.633235]],[[0.867518,-0.264491,-0.421256],[0.476573,0.684512,0.551654],[0.142447,-0.679329,0.719876]],[[0.867518,-0.264491,-0.421256],[0.428807,0.826857,0.363914],[0.252067,-0.496339,0.830729]]],"btipPosition":[32.9836,314.083,-64.7598],"carpPosition":[56.4072,212.945,44.6159],"dipPosition":[37.6485,304.897,-49.3859],"direction":[-0.142447,0.679329,-0.719876],"extended":true,"handId":430,"id":4303,"length":63.8164,"mcpPosition":[44.7684,252.157,-1.60949],"pipPosition":[41.5571,286.257,-29.6334],"stabilizedTipPosition":[34.0455,311.853,-61.2186],"timeVisible":0.296489,"tipPosition":[28.0695,302.367,-66.7123],"tipVelocity":[30.2642,292.991,-11.4756],"tool":false,"touchDistance":0.299018,"touchZone":"hovering","type":3,"width":18.9685},{"bases":[[[0.593152,0.734407,0.329876],[-0.498276,0.0130399,0.866921],[0.632371,-0.678585,0.373672]],[[0.471577,0.843127,0.258364],[-0.829326,0.324455,0.454916],[0.299724,-0.428795,0.852232]],[[0.471577,0.843127,0.258364],[-0.853876,0.509771,-0.105022],[-0.220253,-0.171085,0.960322]],[[0.471577,0.843127,0.258364],[-0.639138,0.528654,-0.558594],[-0.607551,0.0982895,0.788176]]],"btipPosition":[31.832,213.99,-40.0178],"carpPosition":[25.0525,189.399,52.6037],"dipPosition":[17.7482,216.268,-21.7469],"direction":[0.220253,0.171085,-0.960322],"extended":false,"handId":430,"id":4300,"length":51.6212,"mcpPosition":[25.0525,189.399,52.6037],"pipPosition":[10.3099,210.491,10.6848],"stabilizedTipPosition":[29.7822,212.004,-33.882],"timeVisible":0.296489,"tipPosition":[25.7107,214.557,-32.4812],"tipVelocity":[-61.1881,193.08,-145.152],"tool":false,"touchDistance":0.244957,"touchZone":"hovering","type":0,"width":21.2486},{"bases":[[[0.791683,-0.443069,-0.420628],[0.609377,0.621787,0.491975],[0.0435619,-0.64581,0.762255]],[[0.790736,-0.430988,-0.434725],[0.527318,0.840255,0.126124],[0.310922,-0.328969,0.891688]],[[0.790736,-0.430988,-0.434725],[-0.305149,0.338118,-0.890258],[0.530679,0.836615,0.135847]],[[0.790736,-0.430988,-0.434725],[-0.585632,-0.325817,-0.742212],[0.178244,0.841483,-0.510036]]],"btipPosition":[38.7567,224.055,-32.4184],"carpPosition":[65.4592,206.209,36.288],"dipPosition":[41.7999,238.422,-41.1263],"direction":[-0.530679,-0.836615,-0.135847],"extended":false,"handId":430,"id":4304,"length":50.0309,"mcpPosition":[62.9702,243.108,-7.26472],"pipPosition":[52.0807,254.63,-38.4945],"stabilizedTipPosition":[39.4776,226.307,-33.9254],"timeVisible":0.296489,"tipPosition":[35.5048,227.151,-39.7917],"tipVelocity":[7.64375,320.827,-151.705],"tool":false,"touchDistance":0.385934,"touchZone":"hovering","type":4,"width":16.8493}],"r":[[0.943035,0.304448,0.134154],[-0.324039,0.931899,0.162985],[-0.0753978,-0.197172,0.977465]],"s":1.42769,"t":[-34.2814,80.379,-42.3311],"timestamp":262394185799},{"currentFrameRate":44.6858,"devices":[],"gestures":[],"hands":[{"armBasis":[[0.873847,0.0485044,-0.483775],[0.229107,0.836536,0.497712],[0.428836,-0.545761,0.719892]],"armWidth":65.6192,"confidence":0.930602,"direction":[-0.238126,0.768201,-0.594275],"elbow":[172.692,40.7578,249.987],"grabAngle":0.761862,"grabStrength":0,"id":430,"palmNormal":[-0.312351,-0.639943,-0.702075],"palmPosition":[30.5031,238.411,12.6309],"palmVelocity":[-37.256,137.751,-80.1477],"palmWidth":89.6585,"pinchDistance":80.5971,"pinchStrength":1,"r":[[0.944549,0.299051,0.135627],[-0.319675,0.931857,0.171614],[-0.0750635,-0.205455,0.975784]],"s":1.43637,"sphereCenter":[42.5221,304.011,15.5251],"sphereRadius":74.2577,"stabilizedPalmPosition":[31.0125,236.874,13.6202],"t":[-35.4003,83.5399,-44.4334],"timeVisible":0.315652,"type":"right","wrist":[58.6007,185.957,58.4603]}],"id":242727,"interactionBox":{"center":[0,200,0],"size":[235.247,235.247,147.751]},"pointables":[{"bases":[[[0.8666,0.110804,-0.486545],[0.251168,0.74566,0.617176],[0.431183,-0.65705,0.618358]],[[0.888438,0.0754755,-0.452749],[0.343015,0.54625,0.764167],[0.30499,-0.834215,0.45942]],[[0.888438,0.0754755,-0.452749],[0.283192,0.686132,0.670093],[0.361221,-0.723551,0.588212]],[[0.888438,0.0754755,-0.452749],[0.183385,0.845871,0.500871],[0.420771,-0.528021,0.737663]]],"btipPosition":[-26.1327,320.911,-36.9525],"carpPosition":[33.8724,211.522,53.9903],"dipPosition":[-19.0119,311.975,-24.4688],"direction":[-0.361221,0.723551,-0.588212],"extended":true,"handId":430,"id":4301,"length":58.2488,"mcpPosition":[2.61468,259.153,9.16366],"pipPosition":[-10.364,294.653,-10.3866],"stabilizedTipPosition":[-24.4964,318.848,-34.081],"timeVisible":0.315652,"tipPosition":[-23.0399,309.906,-43.1279],"tipVelocity":[49.1384,245.517,-8.96686],"tool":false,"touchDistance":0.423531,"touchZone":"hovering","type":1,"width":20.2967},{"bases":[[[0.861287,-0.107736,-0.496567],[0.403467,0.739051,0.539461],[0.308869,-0.664978,0.680003]],[[0.875012,-0.139265,-0.463637],[0.45459,0.565654,0.688029],[0.166439,-0.812798,0.558262]],[[0.875012,-0.139265,-0.463637],[0.41768,0.701367,0.577605],[0.244739,-0.699063,0.671873]],[[0.875012,-0.139265,-0.463637],[0.404808,0.735724,0.542993],[0.265489,-0.662809,0.700143]]],"btipPosition":[3.4298,331.031,-56.5304],"carpPosition":[44.4449,214.484,48.8268],"dipPosition":[8.37146,318.694,-43.4983],"direction":[-0.244739,0.699063,-0.671873],"extended":true,"handId":430,"id":4302,"length":66.3698,"mcpPosition":[23.2111,260.199,2.07866],"pipPosition":[15.2648,299.004,-24.5742],"stabilizedTipPosition":[4.55954,328.18,-53.5326],"timeVisible":0.315652,"tipPosition":[0.0403934,318.807,-59.9062],"tipVelocity":[116.552,237.537,-5.89518],"tool":false,"touchDistance":0.338842,"touchZone":"hovering","type":2,"width":19.934},{"bases":[[[0.86447,-0.259823,-0.430331],[0.473611,0.707891,0.524007],[0.168478,-0.656797,0.735005]],[[0.867476,-0.272089,-0.416477],[0.495094,0.554053,0.669259],[0.0486519,-0.786761,0.615337]],[[0.867476,-0.272089,-0.416477],[0.483273,0.659541,0.57572],[0.118036,-0.700695,0.703629]],[[0.867476,-0.272089,-0.416477],[0.442487,0.804609,0.395992],[0.227355,-0.527799,0.818375]]],"btipPosition":[34.9297,318.731,-64.2767],"carpPosition":[54.9281,214.379,42.7741],"dipPosition":[39.1372,308.964,-49.1314],"direction":[-0.118036,0.700695,-0.703629],"extended":true,"handId":430,"id":4303,"length":63.8164,"mcpPosition":[44.5291,254.919,-2.59283],"pipPosition":[42.376,289.737,-29.8247],"stabilizedTipPosition":[35.8734,316.425,-60.7988],"timeVisible":0.315652,"tipPosition":[29.6249,307.217,-66.4848],"tipVelocity":[96.0643,235.584,22.4681],"tool":false,"touchDistance":0.310358,"touchZone":"hovering","type":3,"width":18.9685},{"bases":[[[0.602969,0.714863,0.354118],[-0.507499,0.00123023,0.861651],[0.615527,-0.699264,0.363534]],[[0.479405,0.831331,0.281175],[-0.829491,0.324623,0.454494],[0.286559,-0.451119,0.845207]],[[0.479405,0.831331,0.281175],[-0.847906,0.5214,-0.0959019],[-0.226331,-0.192434,0.954853]],[[0.479405,0.831331,0.281175],[-0.636068,0.549892,-0.541328],[-0.604639,0.0806692,0.792404]]],"btipPosition":[30.6212,218.057,-42.3419],"carpPosition":[23.0564,191.239,49.8473],"dipPosition":[16.6049,219.927,-23.973],"direction":[0.226331,0.192434,-0.954853],"extended":false,"handId":430,"id":4300,"length":51.6212,"mcpPosition":[23.0564,191.239,49.8473],"pipPosition":[8.96138,213.428,8.27395],"stabilizedTipPosition":[28.2867,216.069,-36.5379],"timeVisible":0.315652,"tipPosition":[25.221,218.451,-34.7366],"tipVelocity":[-62.3713,207.315,-120.107],"tool":false,"touchDistance":0.216751,"touchZone":"hovering","type":0,"width":21.2486},{"bases":[[[0.787942,-0.447462,-0.422996],[0.615314,0.598035,0.513559],[0.0231679,-0.66493,0.746546]],[[0.787511,-0.437539,-0.434035],[0.56228,0.798419,0.215334],[0.252325,-0.413627,0.874783]],[[0.787511,-0.437539,-0.434035],[-0.251877,0.414263,-0.874611],[0.562481,0.798089,0.216031]],[[0.787511,-0.437539,-0.434035],[-0.57589,-0.271609,-0.77109],[0.219494,0.857198,-0.465869]]],"btipPosition":[39.14,230.062,-35.145],"carpPosition":[63.9453,207.679,34.3793],"dipPosition":[42.8874,244.697,-43.0988],"direction":[-0.562481,-0.798089,-0.216031],"extended":false,"handId":430,"id":4304,"length":50.0309,"mcpPosition":[62.6216,245.671,-8.27591],"pipPosition":[53.7844,260.158,-38.9137],"stabilizedTipPosition":[39.9279,232.422,-36.544],"timeVisible":0.315652,"tipPosition":[35.9834,231.411,-40.7616],"tipVelocity":[28.4549,316.638,-133.232],"tool":false,"touchDistance":0.342377,"touchZone":"hovering","type":4,"width":16.8493}],"r":[[0.944549,0.299051,0.135627],[-0.319675,0.931857,0.171614],[-0.0750635,-0.205455,0.975784]],"s":1.43637,"t":[-35.4003,83.5399,-44.4334],"timestamp":262394204962},{"currentFrameRate":45.3457,"devices":[],"gestures":[],"hands":[{"armBasis":[[0.876264,0.0395974,-0.480202],[0.237181,0.832062,0.501415],[0.419413,-0.553267,0.719714]],"armWidth":65.6192,"confidence":0.942996,"direction":[-0.192063,0.806412,-0.559296],"elbow":[167.453,38.6748,247.471],"grabAngle":0.746124,"grabStrength":0,"id":430,"palmNormal":[-0.323289,-0.590085,-0.739786],"palmPosition":[30.6878,241.291,12.0334],"palmVelocity":[9.57642,149.376,-30.9888],"palmWidth":89.6585,"pinchDistance":79.9185,"pinchStrength":1,"r":[[0.947676,0.285108,0.143612],[-0.30886,0.932614,0.186643],[-0.0807214,-0.221233,0.971875]],"s":1.43938,"sphereCenter":[37.9339,301.36,14.8923],"sphereRadius":69.2583,"stabilizedPalmPosition":[30.7755,240.098,12.4622],"t":[-35.8674,86.5603,-45.7833],"timeVisible":0.334933,"type":"right","wrist":[55.869,185.871,55.9916]}],"id":242728,"interactionBox":{"center":[0,200,0],"size":[235.247,235.247,147.751]},"pointables":[{"bases":[[[0.881202,0.0972189,-0.462634],[0.268548,0.702446,0.659129],[0.389056,-0.705066,0.592889]],[[0.893057,0.0748887,-0.443667],[0.346998,0.513075,0.785077],[0.286428,-0.855071,0.432219]],[[0.893057,0.0748887,-0.443667],[0.287846,0.662779,0.69128],[0.345822,-0.745061,0.570343]],[[0.893057,0.0748887,-0.443667],[0.211704,0.800147,0.561201],[0.397026,-0.59511,0.698723]]],"btipPosition":[-23.4014,327.665,-34.8151],"carpPosition":[31.9893,212.257,52.0371],"dipPosition":[-16.6825,317.593,-22.9904],"direction":[-0.345822,0.745061,-0.570343],"extended":true,"handId":430,"id":4301,"length":58.2488,"mcpPosition":[3.78551,263.369,9.05677],"pipPosition":[-8.40321,299.756,-9.33599],"stabilizedTipPosition":[-21.8672,325.321,-32.1038],"timeVisible":0.334933,"tipPosition":[-18.9788,318.769,-39.8716],"tipVelocity":[136.862,336.733,102.994],"tool":false,"touchDistance":0.444299,"touchZone":"hovering","type":1,"width":20.2967},{"bases":[[[0.866885,-0.120116,-0.483821],[0.422136,0.693119,0.584283],[0.265164,-0.710744,0.65156]],[[0.878653,-0.154218,-0.451868],[0.458842,0.534445,0.709812],[0.132033,-0.831015,0.540354]],[[0.878653,-0.154218,-0.451868],[0.419426,0.701526,0.576145],[0.228145,-0.695757,0.681082]],[[0.878653,-0.154218,-0.451868],[0.419426,0.701526,0.576145],[0.228145,-0.695757,0.681082]]],"btipPosition":[7.58527,336.095,-55.2057],"carpPosition":[42.7907,215.011,47.2458],"dipPosition":[11.8318,323.144,-42.5284],"direction":[-0.228145,0.695757,-0.681082],"extended":true,"handId":430,"id":4302,"length":66.3698,"mcpPosition":[24.5614,263.873,2.45294],"pipPosition":[18.2578,303.547,-23.3449],"stabilizedTipPosition":[8.54814,333.099,-52.2942],"timeVisible":0.334933,"tipPosition":[5.93063,327.757,-56.0227],"tipVelocity":[207.23,255.297,64.4727],"tool":false,"touchDistance":0.356937,"touchZone":"hovering","type":2,"width":19.934},{"bases":[[[0.862152,-0.275305,-0.425325],[0.49123,0.659756,0.568696],[0.124046,-0.699235,0.704048]],[[0.863336,-0.282204,-0.418344],[0.504155,0.518283,0.690804],[0.0218727,-0.807307,0.589727]],[[0.863336,-0.282204,-0.418344],[0.495999,0.627211,0.600493],[0.0929285,-0.725925,0.681467]],[[0.863336,-0.282204,-0.418344],[0.470008,0.751455,0.463042],[0.183695,-0.596386,0.781397]]],"btipPosition":[38.8193,324.596,-61.3048],"carpPosition":[53.3932,214.754,41.4094],"dipPosition":[42.2189,313.559,-46.8439],"direction":[-0.0929285,0.725925,-0.681467],"extended":true,"handId":430,"id":4303,"length":63.8164,"mcpPosition":[45.7367,257.913,-2.04685],"pipPosition":[44.7687,293.64,-28.1453],"stabilizedTipPosition":[39.5044,321.911,-58.052],"timeVisible":0.334933,"tipPosition":[35.0269,314.773,-62.919],"tipVelocity":[192.095,289.025,145.969],"tool":false,"touchDistance":0.354872,"touchZone":"hovering","type":3,"width":18.9685},{"bases":[[[0.624544,0.66956,0.402037],[-0.526191,-0.019651,0.850139],[0.57712,-0.742498,0.340044]],[[0.506128,0.796135,0.331669],[-0.825124,0.335058,0.45487],[0.25101,-0.50389,0.826492]],[[0.506128,0.796135,0.331669],[-0.827945,0.55621,-0.0716758],[-0.241541,-0.238326,0.940669]],[[0.506128,0.796135,0.331669],[-0.628724,0.603831,-0.489995],[-0.590374,0.0394719,0.806164]]],"btipPosition":[29.9179,224.611,-44.4554],"carpPosition":[20.4215,192.693,46.6532],"dipPosition":[16.2323,225.526,-25.7675],"direction":[0.241541,0.238326,-0.940669],"extended":false,"handId":430,"id":4300,"length":51.6212,"mcpPosition":[20.4215,192.693,46.6532],"pipPosition":[8.07507,217.477,6.00047],"stabilizedTipPosition":[27.2032,222.322,-39.1237],"timeVisible":0.334933,"tipPosition":[25.7308,224.036,-36.7139],"tipVelocity":[-32.5325,328.554,-105.809],"tool":false,"touchDistance":0.214786,"touchZone":"hovering","type":0,"width":21.2486},{"bases":[[[0.777618,-0.459584,-0.42906],[0.628362,0.54452,0.555571],[-0.0217002,-0.701627,0.712214]],[[0.777738,-0.455222,-0.433471],[0.592446,0.761313,0.263458],[0.210075,-0.461709,0.861796]],[[0.777738,-0.455222,-0.433471],[-0.176028,0.504276,-0.845411],[0.603438,0.733811,0.312062]],[[0.777738,-0.455222,-0.433471],[-0.555431,-0.174806,-0.812982],[0.294314,0.87305,-0.388797]]],"btipPosition":[39.4724,235.233,-37.4137],"carpPosition":[62.3053,208.095,32.8704],"dipPosition":[44.4972,250.138,-44.0517],"direction":[-0.603438,-0.733811,-0.312062],"extended":false,"handId":430,"id":4304,"length":50.0309,"mcpPosition":[63.5452,248.184,-7.82315],"pipPosition":[56.1876,264.355,-38.0061],"stabilizedTipPosition":[40.5414,237.889,-38.6437],"timeVisible":0.334933,"tipPosition":[37.3909,236.903,-41.2859],"tipVelocity":[32.4767,271.438,-101.968],"tool":false,"touchDistance":0.313254,"touchZone":"hovering","type":4,"width":16.8493}],"r":[[0.947676,0.285108,0.143612],[-0.30886,0.932614,0.186643],[-0.0807214,-0.221233,0.971875]],"s":1.43938,"t":[-35.8674,86.5603,-45.7833],"timestamp":262394224243},{"currentFrameRate":45.9533,"devices":[],"gestures":[],"hands":[{"armBasis":[[0.871906,0.00997607,-0.489572],[0.264345,0.832005,0.48774],[0.412192,-0.554679,0.722792]],"armWidth":65.6192,"confidence":0.953212,"direction":[-0.161153,0.828965,-0.535581],"elbow":[163.669,39.0596,246.038],"grabAngle":0.795851,"grabStrength":0,"id":430,"palmNormal":[-0.353943,-0.555119,-0.752706],"palmPosition":[30.7658,243.945,11.2221],"palmVelocity":[4.05277,137.879,-42.1619],"palmWidth":89.6585,"pinchDistance":79.5446,"pinchStrength":1,"r":[[0.952599,0.264832,0.149729],[-0.291877,0.934388,0.204272],[-0.0858072,-0.238292,0.967396]],"s":1.4458,"sphereCenter":[27.4903,290.566,4.03618],"sphereRadius":58.8588,"stabilizedPalmPosition":[30.7682,242.974,11.535],"t":[-36.062,89.3971,-46.8639],"timeVisible":0.354175,"type":"right","wrist":[54.0054,186.631,53.7401]}],"id":242729,"interactionBox":{"center":[0,200,0],"size":[235.247,235.247,147.751]},"pointables":[{"bases":[[[0.881142,0.0718894,-0.467356],[0.303515,0.671901,0.675594],[0.362585,-0.737144,0.57022]],[[0.889245,0.0549223,-0.454122],[0.368507,0.502158,0.78233],[0.271008,-0.86303,0.426302]],[[0.889245,0.0549223,-0.454122],[0.306934,0.664456,0.681388],[0.339167,-0.745306,0.574007]],[[0.889245,0.0549223,-0.454122],[0.234157,0.798179,0.555051],[0.392955,-0.599912,0.696916]]],"btipPosition":[-21.481,331.953,-34.6022],"carpPosition":[31.1065,213.794,50.412],"dipPosition":[-14.8309,321.801,-22.8081],"direction":[-0.339167,0.745306,-0.574007],"extended":true,"handId":430,"id":4301,"length":58.2488,"mcpPosition":[4.82161,267.232,9.07501],"pipPosition":[-6.71094,303.958,-9.06597],"stabilizedTipPosition":[-19.9564,329.607,-31.8902],"timeVisible":0.354175,"tipPosition":[-16.5699,325.676,-37.0889],"tipVelocity":[98.9832,221.912,10.6981],"tool":false,"touchDistance":0.43629,"touchZone":"hovering","type":1,"width":20.2967},{"bases":[[[0.857288,-0.143965,-0.494299],[0.456,0.658035,0.599211],[0.239,-0.739097,0.629774]],[[0.870093,-0.188088,-0.455589],[0.479763,0.535078,0.695355],[0.112988,-0.823598,0.555805]],[[0.870093,-0.188088,-0.455589],[0.440741,0.710692,0.548329],[0.220649,-0.677894,0.701266]],[[0.870093,-0.188088,-0.455589],[0.440741,0.710692,0.548329],[0.220649,-0.677894,0.701266]]],"btipPosition":[9.83431,338.055,-57.0308],"carpPosition":[41.9811,216.212,45.6048],"dipPosition":[13.9414,325.437,-43.9778],"direction":[-0.220649,0.677894,-0.701266],"extended":true,"handId":430,"id":4302,"length":66.3698,"mcpPosition":[25.5505,267.023,2.30968],"pipPosition":[20.1562,306.343,-24.2258],"stabilizedTipPosition":[10.7152,335.094,-53.9791],"timeVisible":0.354175,"tipPosition":[9.66974,333.742,-54.1927],"tipVelocity":[115.214,105.849,-90.3615],"tool":false,"touchDistance":0.328107,"touchZone":"hovering","type":2,"width":19.934},{"bases":[[[0.846284,-0.300354,-0.43999],[0.523471,0.622171,0.582135],[0.0989028,-0.722973,0.68376]],[[0.847818,-0.312389,-0.428506],[0.530258,0.507888,0.678878],[0.00555889,-0.802784,0.596244]],[[0.847818,-0.312389,-0.428506],[0.524112,0.616592,0.58747],[0.0806939,-0.722653,0.686485]],[[0.847818,-0.312389,-0.428506],[0.498955,0.743579,0.445122],[0.179577,-0.591188,0.786288]]],"btipPosition":[40.6312,326.58,-62.3056],"carpPosition":[52.5193,215.659,39.673],"dipPosition":[43.9545,315.639,-47.7541],"direction":[-0.0806939,0.722653,-0.686485],"extended":true,"handId":430,"id":4303,"length":63.8164,"mcpPosition":[46.4146,260.283,-2.53097],"pipPosition":[46.1686,295.811,-28.9178],"stabilizedTipPosition":[41.332,323.992,-58.9283],"timeVisible":0.354175,"tipPosition":[38.4225,320.126,-61.2158],"tipVelocity":[93.25,104.279,-50.9269],"tool":false,"touchDistance":0.338019,"touchZone":"hovering","type":3,"width":18.9685},{"bases":[[[0.65585,0.630802,0.414668],[-0.520259,-0.0203198,0.853767],[0.546984,-0.775678,0.314853]],[[0.537427,0.769153,0.345797],[-0.809627,0.355859,0.466764],[0.235958,-0.530819,0.813975]],[[0.537427,0.769153,0.345797],[-0.808945,0.586056,-0.0463197],[-0.238284,-0.254838,0.937165]],[[0.537427,0.769153,0.345797],[-0.626227,0.638622,-0.447216],[-0.564811,0.0237988,0.824877]]],"btipPosition":[28.1986,229.065,-46.2091],"carpPosition":[18.6644,194.901,44.5993],"dipPosition":[15.1056,229.616,-27.0874],"direction":[0.238284,0.254838,-0.937165],"extended":false,"handId":430,"id":4300,"length":51.6212,"mcpPosition":[18.6644,194.901,44.5993],"pipPosition":[7.05834,221.01,4.56222],"stabilizedTipPosition":[25.6507,227.612,-41.1933],"timeVisible":0.354175,"tipPosition":[24.7304,228.306,-38.1129],"tipVelocity":[-82.2692,227.107,-85.9544],"tool":false,"touchDistance":0.205592,"touchZone":"hovering","type":0,"width":21.2486},{"bases":[[[0.753839,-0.480656,-0.447992],[0.655394,0.501548,0.56472],[-0.0467466,-0.719319,0.693105]],[[0.752595,-0.496735,-0.432267],[0.576991,0.813797,0.0693997],[0.317304,-0.301644,0.899071]],[[0.752595,-0.496735,-0.432267],[-0.271286,0.364262,-0.890908],[0.600004,0.787761,0.139385]],[[0.752595,-0.496735,-0.432267],[-0.576924,-0.180961,-0.796499],[0.317425,0.848827,-0.422769]]],"btipPosition":[35.5865,230.771,-35.6917],"carpPosition":[61.0719,208.86,30.8808],"dipPosition":[41.006,245.263,-42.9096],"direction":[-0.600004,-0.787761,-0.139385],"extended":false,"handId":430,"id":4304,"length":50.0309,"mcpPosition":[63.7429,249.96,-8.7209],"pipPosition":[52.6298,260.524,-40.2093],"stabilizedTipPosition":[37.1885,234.467,-37.4756],"timeVisible":0.354175,"tipPosition":[36.8601,237.997,-40.2279],"tipVelocity":[-197.23,-236.819,82.5618],"tool":false,"touchDistance":0.339092,"touchZone":"hovering","type":4,"width":16.8493}],"r":[[0.952599,0.264832,0.149729],[-0.291877,0.934388,0.204272],[-0.0858072,-0.238292,0.967396]],"s":1.4458,"t":[-36.062,89.3971,-46.8639],"timestamp":262394243485},{"currentFrameRate":46.4852,"devices":[],"gestures":[],"hands":[{"armBasis":[[0.874908,0.00229974,-0.484284],[0.264148,0.835878,0.48118],[0.405909,-0.548911,0.730709]],"armWidth":65.6192,"confidence":0.961669,"direction":[-0.140532,0.851307,-0.505497],"elbow":[160.159,40.853,245.374],"grabAngle":0.845392,"grabStrength":0,"id":430,"palmNormal":[-0.359937,-0.519558,-0.774922],"palmPosition":[30.2535,245.839,10.1037],"palmVelocity":[-26.496,97.9712,-57.8532],"palmWidth":89.6585,"pinchDistance":79.1046,"pinchStrength":1,"r":[[0.957068,0.243382,0.157436],[-0.274732,0.934837,0.224947],[-0.0924284,-0.258543,0.961568]],"s":1.44894,"sphereCenter":[18.7535,280.848,-6.97491],"sphereRadius":53.2626,"stabilizedPalmPosition":[30.4152,244.939,10.5533],"t":[-36.4154,91.7625,-47.9634],"timeVisible":0.373508,"type":"right","wrist":[52.1674,186.89,50.9696]}],"id":242730,"interactionBox":{"center":[0,200,0],"size":[235.247,235.247,147.751]},"pointables":[{"bases":[[[0.885642,0.0709273,-0.458919],[0.312432,0.64012,0.701878],[0.343545,-0.764994,0.544757]],[[0.89383,0.0520779,-0.445373],[0.365555,0.490591,0.791006],[0.25969,-0.869832,0.419467]],[[0.89383,0.0520779,-0.445373],[0.302205,0.663813,0.684123],[0.331272,-0.746083,0.577598]],[[0.89383,0.0520779,-0.445373],[0.232659,0.795213,0.559915],[0.383325,-0.604089,0.698669]]],"btipPosition":[-20.6648,334.819,-34.8418],"carpPosition":[29.7088,214.262,48.1513],"dipPosition":[-14.1777,324.596,-23.018],"direction":[-0.331272,0.746083,-0.577598],"extended":true,"handId":430,"id":4301,"length":58.2488,"mcpPosition":[4.80414,269.719,8.66024],"pipPosition":[-6.24676,306.734,-9.18987],"stabilizedTipPosition":[-19.174,332.463,-32.1219],"timeVisible":0.373508,"tipPosition":[-15.7165,330.602,-34.9181],"tipVelocity":[40.278,147.378,-12.0365],"tool":false,"touchDistance":0.422504,"touchZone":"hovering","type":1,"width":20.2967},{"bases":[[[0.857589,-0.143249,-0.493985],[0.465129,0.625945,0.625978],[0.219536,-0.766598,0.603433]],[[0.872599,-0.205103,-0.443288],[0.478355,0.542306,0.690711],[0.098731,-0.814762,0.571327]],[[0.872599,-0.205103,-0.443288],[0.439604,0.725342,0.529742],[0.212884,-0.657124,0.723097]],[[0.872599,-0.205103,-0.443288],[0.439604,0.725342,0.529742],[0.212884,-0.657124,0.723097]]],"btipPosition":[10.8986,338.971,-59.0828],"carpPosition":[40.6634,216.631,43.5042],"dipPosition":[14.8612,326.74,-45.6235],"direction":[-0.212884,0.657124,-0.723097],"extended":true,"handId":430,"id":4302,"length":66.3698,"mcpPosition":[25.571,269.332,2.02001],"pipPosition":[20.8573,308.231,-25.2566],"stabilizedTipPosition":[11.6004,335.954,-55.6026],"timeVisible":0.373508,"tipPosition":[11.5488,337.758,-53.196],"tipVelocity":[53.3332,51.9925,-101.305],"tool":false,"touchDistance":0.295465,"touchZone":"hovering","type":2,"width":19.934},{"bases":[[[0.843028,-0.301275,-0.445575],[0.531973,0.589354,0.608002],[0.0794253,-0.749597,0.657112]],[[0.844777,-0.320263,-0.428699],[0.535118,0.504535,0.677564],[-0.000705429,-0.801796,0.597598]],[[0.844777,-0.320263,-0.428699],[0.526427,0.641184,0.558353],[0.0960547,-0.697363,0.710252]],[[0.844777,-0.320263,-0.428699],[0.497671,0.764633,0.409464],[0.196661,-0.559257,0.80533]]],"btipPosition":[40.0827,327.316,-63.777],"carpPosition":[51.2291,216.081,37.6213],"dipPosition":[43.7222,316.967,-48.8732],"direction":[-0.0960547,0.697363,-0.710252],"extended":true,"handId":430,"id":4303,"length":63.8164,"mcpPosition":[46.3267,262.348,-2.93791],"pipPosition":[46.3579,297.832,-29.3847],"stabilizedTipPosition":[41.0043,324.743,-60.0581],"timeVisible":0.373508,"tipPosition":[40.2212,324.595,-59.6679],"tipVelocity":[-24.6054,45.1079,-71.9171],"tool":false,"touchDistance":0.314846,"touchZone":"hovering","type":3,"width":18.9685},{"bases":[[[0.665659,0.601431,0.44179],[-0.526473,-0.0410947,0.849198],[0.528889,-0.797867,0.289282]],[[0.548778,0.746463,0.376346],[-0.807514,0.356886,0.469631],[0.21625,-0.561628,0.79863]],[[0.548778,0.746463,0.376346],[-0.798035,0.60186,-0.0300848],[-0.248965,-0.283828,0.925991]],[[0.548778,0.746463,0.376346],[-0.617445,0.665424,-0.419492],[-0.563565,-0.00216554,0.826069]]],"btipPosition":[27.7609,233.116,-48.1378],"carpPosition":[16.9255,195.856,41.5661],"dipPosition":[14.6967,233.066,-28.9885],"direction":[0.248965,0.283828,-0.925991],"extended":false,"handId":430,"id":4300,"length":51.6212,"mcpPosition":[16.9255,195.856,41.5661],"pipPosition":[6.28877,223.481,2.28377],"stabilizedTipPosition":[24.95,231.914,-43.1828],"timeVisible":0.373508,"tipPosition":[24.2526,232.175,-39.8825],"tipVelocity":[-22.2985,202.415,-99.4329],"tool":false,"touchDistance":0.18597,"touchZone":"hovering","type":0,"width":21.2486},{"bases":[[[0.746991,-0.479217,-0.46082],[0.661532,0.466764,0.586947],[-0.0661809,-0.743291,0.665686]],[[0.742982,-0.514142,-0.428528],[0.55815,0.829292,-0.0272519],[0.369386,-0.218935,0.903117]],[[0.742982,-0.514142,-0.428528],[-0.289097,0.330929,-0.898281],[0.603656,0.791293,0.0972373]],[[0.742982,-0.514142,-0.428528],[-0.571772,-0.154737,-0.805688],[0.347928,0.843632,-0.408939]]],"btipPosition":[32.9118,229.84,-35.9308],"carpPosition":[59.7024,209.436,28.6363],"dipPosition":[38.852,244.244,-42.9127],"direction":[-0.603656,-0.791293,-0.0972373],"extended":false,"handId":430,"id":4304,"length":50.0309,"mcpPosition":[63.4837,251.905,-9.39876],"pipPosition":[50.5466,259.573,-41.0289],"stabilizedTipPosition":[34.4495,233.23,-37.5331],"timeVisible":0.373508,"tipPosition":[35.9563,239.356,-40.4181],"tipVelocity":[-132.156,-49.2045,-9.5625],"tool":false,"touchDistance":0.335743,"to