{"frames":243,"data":[{"currentFrameRate":27.0054,"devices":[],"gestures":[],"hands":[],"id":243139,"interactionBox":{"center":[0,200,0],"size":[235.247,235.247,147.751]},"pointables":[],"r":[[-0.020113,-0.761857,-0.647433],[0.506356,0.550609,-0.663651],[0.86209,-0.34118,0.374696]],"s":-5.55733,"t":[884.858,792.664,758.259],"timestamp":262406546991},{"currentFrameRate":26.9892,"devices":[],"gestures":[],"hands":[],"id":243140,"interactionBox":{"center":[0,200,0],"size":[235.247,235.247,147.751]},"pointables":[],"r":[[-0.020113,-0.761857,-0.647433],[0.506356,0.550609,-0.663651],[0.86209,-0.34118,0.374696]],"s":-5.55733,"t":[884.858,792.664,758.259],"timestamp":262406584152},{"currentFrameRate":27.0099,"devices":[],"gestures":[],"hands":[],"id":243141,"interactionBox":{"center":[0,200,0],"size":[235.247,235.247,147.751]},"pointables":[],"r":[[-0.020113,-0.761857,-0.647433],[0.506356,0.550609,-0.663651],[0.86209,-0.34118,0.374696]],"s":-5.55733,"t":[884.858,792.664,758.259],"timestamp":262406621036},{"currentFrameRate":26.9649,"devices":[],"gestures":[],"hands":[],"id":243142,"interactionBox":{"center":[0,200,0],"size":[235.247,235.247,147.751]},"pointables":[],"r":[[-0.020113,-0.761857,-0.647433],[0.506356,0.550609,-0.663651],[0.86209,-0.34118,0.374696]],"s":-5.55733,"t":[884.858,792.664,758.259],"timestamp":262406658425},{"currentFrameRate":27.0173,"devices":[],"gestures":[],"hands":[],"id":243143,"interactionBox":{"center":[0,200,0],"size":[235.247,235.247,147.751]},"pointables":[],"r":[[-0.020113,-0.761857,-0.647433],[0.506356,0.550609,-0.663651],[0.86209,-0.34118,0.374696]],"s":-5.55733,"t":[884.858,792.664,758.259],"timestamp":262406695085},{"currentFrameRate":27.0136,"devices":[],"gestures":[],"hands":[],"id":243144,"interactionBox":{"center":[0,200,0],"size":[235.247,235.247,147.751]},"pointables":[],"r":[[-0.020113,-0.761857,-0.647433],[0.506356,0.550609,-0.663651],[0.86209,-0.34118,0.374696]],"s":-5.55733,"t":[884.858,792.664,758.259],"timestamp":262406732128},{"currentFrameRate":27.0132,"devices":[],"gestures":[],"hands":[],"id":243145,"interactionBox":{"center":[0,200,0],"size":[235.247,235.247,147.751]},"pointables":[],"r":[[-0.020113,-0.761857,-0.647433],[0.506356,0.550609,-0.663651],[0.86209,-0.34118,0.374696]],"s":-5.55733,"t":[884.858,792.664,758.259],"timestamp":262406769150},{"currentFrameRate":26.9945,"devices":[],"gestures":[],"hands":[],"id":243146,"interactionBox":{"center":[0,200,0],"size":[235.247,235.247,147.751]},"pointables":[],"r":[[-0.020113,-0.761857,-0.647433],[0.506356,0.550609,-0.663651],[0.86209,-0.34118,0.374696]],"s":-5.55733,"t":[884.858,792.664,758.259],"timestamp":262406806320},{"currentFrameRate":27.0025,"devices":[],"gestures":[],"hands":[],"id":243147,"interactionBox":{"center":[0,200,0],"size":[235.247,235.247,147.751]},"pointables":[],"r":[[-0.020113,-0.761857,-0.647433],[0.506356,0.550609,-0.663651],[0.86209,-0.34118,0.374696]],"s":-5.55733,"t":[884.858,792.664,758.259],"timestamp":262406843300},{"currentFrameRate":27.0023,"devices":[],"gestures":[],"hands":[],"id":243148,"interactionBox":{"center":[0,200,0],"size":[235.247,235.247,147.751]},"pointables":[],"r":[[-0.020113,-0.761857,-0.647433],[0.506356,0.550609,-0.663651],[0.86209,-0.34118,0.374696]],"s":-5.55733,"t":[884.858,792.664,758.259],"timestamp":262406880335},{"currentFrameRate":26.9905,"devices":[],"gestures":[],"hands":[],"id":243149,"interactionBox":{"center":[0,200,0],"size":[235.247,235.247,147.751]},"pointables":[],"r":[[-0.020113,-0.761857,-0.647433],[0.506356,0.550609,-0.663651],[0.86209,-0.34118,0.374696]],"s":-5.55733,"t":[884.858,792.664,758.259],"timestamp":262406917465},{"currentFrameRate":26.9725,"devices":[],"gestures":[],"hands":[],"id":243150,"interactionBox":{"center":[0,200,0],"size":[235.247,235.247,147.751]},"pointables":[],"r":[[-0.020113,-0.761857,-0.647433],[0.506356,0.550609,-0.663651],[0.86209,-0.34118,0.374696]],"s":-5.55733,"t":[884.858,792.664,758.259],"timestamp":262406954661},{"currentFrameRate":26.981,"devices":[],"gestures":[],"hands":[{"armBasis":[[0.95578,0.275158,0.103795],[-0.293759,0.876702,0.38092],[0.0138163,-0.394566,0.918764]],"armWidth":62.7876,"confidence":0,"direction":[-0.266788,0.684744,-0.678196],"elbow":[58.0473,14.4562,339.223],"grabAngle":1.39606,"grabStrength":0,"id":432,"palmNormal":[0.200157,-0.648991,-0.733995],"palmPosition":[30.8805,162.406,38.3968],"palmVelocity":[1.19209e-7,1.19209e-7,1.19209e-7],"palmWidth":89.6585,"pinchDistance":70.4375,"pinchStrength":1,"r":[[1,-5.55112e-18,0],[5.55112e-18,1,-1.11022e-17],[6.16298e-35,1.11022e-17,1]],"s":1,"sphereCenter":[20.0365,145.211,-11.113],"sphereRadius":54.6058,"stabilizedPalmPosition":[30.8805,162.406,38.3968],"t":[0,0,0],"timeVisible":0,"type":"right","wrist":[54.3715,119.43,94.7871]}],"id":243151,"interactionBox":{"center":[0,200,0],"size":[235.247,235.247,147.751]},"pointables":[{"bases":[[[0.884564,0.44183,-0.149445],[-0.260437,0.733685,0.627597],[0.386936,-0.516229,0.76406]],[[0.91906,0.387547,-0.0716716],[-0.294914,0.79689,0.527249],[0.261448,-0.463437,0.846683]],[[0.91906,0.387547,-0.0716716],[-0.331741,0.858882,0.390217],[0.212785,-0.334856,0.917929]],[[0.91906,0.387547,-0.0716716],[-0.357076,0.895763,0.264773],[0.166813,-0.21775,0.961643]]],"btipPosition":[-18.3192,203.737,-49.7534],"carpPosition":[28.6753,135.054,79.5307],"dipPosition":[-15.5108,200.071,-33.5636],"direction":[-0.212785,0.334856,-0.917929],"extended":true,"handId":432,"id":4321,"length":57.947,"mcpPosition":[0.625116,172.477,24.1417],"pipPosition":[-10.443,192.096,-11.7016],"stabilizedTipPosition":[-17.6733,202.894,-46.0298],"timeVisible":0,"tipPosition":[-17.6733,202.894,-46.0298],"tipVelocity":[1.19209e-7,1.19209e-7,1.19209e-7],"tool":false,"touchDistance":0.842887,"touchZone":"hovering","type":1,"width":19.0597},{"bases":[[[0.960058,0.23643,-0.149629],[-0.098583,0.786308,0.609919],[0.261858,-0.570807,0.778209]],[[0.97172,0.208219,-0.111374],[-0.121626,0.845615,0.519753],[0.202402,-0.491509,0.847026]],[[0.97172,0.208219,-0.111374],[-0.164839,0.93586,0.311439],[0.169078,-0.284273,0.943717]],[[0.97172,0.208219,-0.111374],[-0.187893,0.967471,0.169396],[0.143023,-0.14368,0.979235]]],"btipPosition":[3.6299,215.099,-59.9587],"carpPosition":[38.6309,141.887,78.3462],"dipPosition":[6.27825,212.438,-41.8262],"direction":[-0.169078,0.284273,-0.943717],"extended":true,"handId":432,"id":4322,"length":66.0259,"mcpPosition":[20.6289,181.128,24.8466],"pipPosition":[11.0159,204.473,-15.383],"stabilizedTipPosition":[4.23902,214.487,-55.7882],"timeVisible":0,"tipPosition":[4.23902,214.487,-55.7882],"tipVelocity":[1.19209e-7,1.19209e-7,1.19209e-7],"tool":false,"touchDistance":0.69651,"touchZone":"hovering","type":2,"width":18.7192},{"bases":[[[0.99281,0.0899021,-0.0790281],[-0.0213416,0.782594,0.622167],[0.117781,-0.616007,0.778886]],[[0.996672,0.0656227,-0.0483558],[-0.0624064,0.995915,0.0652643],[0.0524411,-0.0620294,0.996696]],[[0.996672,0.0656227,-0.0483558],[-0.079047,0.633222,-0.769923],[-0.0199044,0.771183,0.636302]],[[0.996672,0.0656227,-0.0483558],[-0.06414,0.265246,-0.962045],[-0.0503058,0.961945,0.268572]]],"btipPosition":[41.7874,147.886,-37.8135],"carpPosition":[49.8965,145.894,76.4558],"dipPosition":[40.8613,165.596,-32.8689],"direction":[0.0199044,-0.771183,-0.636302],"extended":false,"handId":432,"id":4323,"length":63.4857,"mcpPosition":[42.6267,183.916,28.3803],"pipPosition":[40.3179,186.647,-15.5],"stabilizedTipPosition":[41.5744,151.96,-36.6762],"timeVisible":0,"tipPosition":[41.5744,151.96,-36.6762],"tipVelocity":[1.19209e-7,1.19209e-7,1.19209e-7],"tool":false,"touchDistance":0.98319,"touchZone":"hovering","type":3,"width":17.8125},{"bases":[[[0.148272,0.847512,0.509646],[-0.744108,-0.243837,0.621971],[0.651398,-0.471452,0.594486]],[[-0.0634515,0.952597,0.297544],[-0.98525,-0.10727,0.133323],[0.158921,-0.284695,0.945353]],[[-0.0634515,0.952597,0.297544],[-0.928568,0.0528982,-0.367374],[-0.365699,-0.2996,0.881195]],[[-0.0634515,0.952597,0.297544],[-0.644949,0.188381,-0.740644],[-0.761587,-0.238895,0.602424]]],"btipPosition":[49.8849,142.273,-17.1707],"carpPosition":[27.8525,112.694,72.8263],"dipPosition":[32.3219,136.763,-3.27816],"direction":[0.365699,0.2996,-0.881195],"extended":false,"handId":432,"id":4320,"length":51.3537,"mcpPosition":[27.8525,112.694,72.8263],"pipPosition":[20.0356,126.698,26.3271],"stabilizedTipPosition":[45.8454,141.005,-13.9754],"timeVisible":0,"tipPosition":[45.8454,141.005,-13.9754],"tipVelocity":[1.19209e-7,1.19209e-7,1.19209e-7],"tool":false,"touchDistance":1,"touchZone":"none","type":0,"width":19.9537},{"bases":[[[0.989557,-0.11255,-0.0900558],[0.143827,0.729532,0.668653],[-0.00955808,-0.674623,0.738101]],[[0.989455,-0.0943139,-0.10993],[0.0798572,0.988396,-0.129214],[0.120841,0.119072,0.985505]],[[0.989455,-0.0943139,-0.10993],[-0.0940733,0.158646,-0.982844],[0.110136,0.982821,0.1481]],[[0.989455,-0.0943139,-0.10993],[-0.137889,-0.380994,-0.914237],[0.0443427,0.919754,-0.389981]]],"btipPosition":[56.485,143.252,-0.549105],"carpPosition":[63.0249,143.418,72.1909],"dipPosition":[57.2381,158.874,-7.17277],"direction":[-0.110136,-0.982821,-0.1481],"extended":false,"handId":432,"id":4324,"length":49.7716,"mcpPosition":[63.571,181.964,30.0182],"pipPosition":[59.3607,177.815,-4.3185],"stabilizedTipPosition":[56.6582,146.845,-2.07255],"timeVisible":0,"tipPosition":[56.6582,146.845,-2.07255],"tipVelocity":[1.19209e-7,1.19209e-7,1.19209e-7],"tool":false,"touchDistance":1,"touchZone":"none","type":4,"width":15.8225}],"r":[[1,-5.55112e-18,0],[5.55112e-18,1,-1.11022e-17],[6.16298e-35,1.11022e-17,1]],"s":1,"t":[0,0,0],"timestamp":262406991667},{"currentFrameRate":27.0133,"devices":[],"gestures":[],"hands":[{"armBasis":[[0.996523,0.0520251,0.0650777],[-0.0685648,0.955834,0.285796],[-0.0473349,-0.289264,0.956078]],"armWidth":65.6192,"confidence":0.191476,"direction":[-0.242083,0.624681,-0.742408],"elbow":[42.5007,52.3181,343.94],"grabAngle":1.137,"grabStrength":0,"id":432,"palmNormal":[-0.0312655,-0.769792,-0.637528],"palmPosition":[32.6576,168.288,30.2572],"palmVelocity":[48.2907,159.846,-221.18],"palmWidth":89.6585,"pinchDistance":73.6082,"pinchStrength":1,"r":[[0.998907,-0.0395987,-0.0248365],[0.038775,0.998709,-0.0328127],[0.0261038,0.0318138,0.999153]],"s":1.02262,"sphereCenter":[11.7509,157.562,-13.0323],"sphereRadius":55.5279,"stabilizedPalmPosition":[31.0024,162.809,37.8385],"t":[0.888572,2.94125,-4.06983],"timeVisible":0.036801,"type":"right","wrist":[55.0941,129.277,89.5759]}],"id":243152,"interactionBox":{"center":[0,200,0],"size":[235.247,235.247,147.751]},"pointables":[{"bases":[[[0.915339,0.234147,-0.327614],[-0.0286346,0.84936,0.527037],[0.401666,-0.473036,0.784157]],[[0.939436,0.203012,-0.276128],[-0.0150464,0.829337,0.558545],[0.342395,-0.520563,0.782164]],[[0.939436,0.203012,-0.276128],[-0.0976561,0.930845,0.352123],[0.328518,-0.303831,0.894295]],[[0.939436,0.203012,-0.276128],[-0.154569,0.97006,0.187328],[0.305891,-0.133302,0.942688]]],"btipPosition":[-24.7749,213.763,-52.2443],"carpPosition":[31.9551,147.79,75.2495],"dipPosition":[-19.5982,211.508,-36.2909],"direction":[-0.328518,0.303831,-0.894295],"extended":true,"handId":432,"id":4321,"length":58.2488,"mcpPosition":[2.83711,182.081,18.4036],"pipPosition":[-11.7332,204.234,-14.8808],"stabilizedTipPosition":[-20.8432,208.445,-47.3947],"timeVisible":0.036801,"tipPosition":[-21.7309,208.974,-51.0434],"tipVelocity":[-160.621,281.269,-69.1611],"tool":false,"touchDistance":0.753753,"touchZone":"hovering","type":1,"width":20.2967},{"bases":[[[0.95257,0.0198361,-0.303674],[0.135352,0.866126,0.481151],[0.272564,-0.499432,0.82236]],[[0.968949,-0.0142925,-0.246846],[0.150353,0.826608,0.542322],[0.196294,-0.562596,0.80309]],[[0.968949,-0.0142925,-0.246846],[0.111432,0.91644,0.384345],[0.220726,-0.399918,0.889576]],[[0.968949,-0.0142925,-0.246846],[0.0812149,0.961335,0.263133],[0.233541,-0.27501,0.932646]]],"btipPosition":[3.98679,229.877,-65.546],"carpPosition":[42.6603,152.299,71.7461],"dipPosition":[8.3338,224.758,-48.1862],"direction":[-0.220726,0.399918,-0.889576],"extended":true,"handId":432,"id":4322,"length":66.3698,"mcpPosition":[23.9224,186.634,15.2113],"pipPosition":[14.5508,213.493,-23.1302],"stabilizedTipPosition":[4.70228,223.294,-59.3607],"timeVisible":0.036801,"tipPosition":[3.82214,222.714,-63.463],"tipVelocity":[20.3143,386.201,-156.655],"tool":false,"touchDistance":0.573717,"touchZone":"hovering","type":2,"width":19.934},{"bases":[[[0.969365,-0.119225,-0.214748],[0.211683,0.848968,0.484195],[0.124586,-0.51482,0.848197]],[[0.973932,-0.141911,-0.176968],[0.182752,0.953029,0.24153],[0.13438,-0.267575,0.95412]],[[0.973932,-0.141911,-0.176968],[0.0890197,0.956668,-0.277238],[0.208643,0.254258,0.944363]],[[0.973932,-0.141911,-0.176968],[0.0564769,0.907275,-0.416728],[0.219697,0.39587,0.891639]]],"btipPosition":[30.607,183.026,-69.1414],"carpPosition":[54.0346,153.71,67.8502],"dipPosition":[34.6729,190.352,-52.6403],"direction":[-0.208643,-0.254258,-0.944363],"extended":true,"handId":432,"id":4323,"length":63.8164,"mcpPosition":[46.3448,185.487,15.4966],"pipPosition":[40.3978,197.328,-26.7281],"stabilizedTipPosition":[34.2125,175.993,-57.7151],"timeVisible":0.036801,"tipPosition":[31.3477,180.371,-62.8383],"tipVelocity":[-272.608,889.947,-779.054],"tool":false,"touchDistance":0.488155,"touchZone":"hovering","type":3,"width":18.9685},{"bases":[[[0.370952,0.863182,0.342507],[-0.671992,-0.00505586,0.740542],[0.640954,-0.504867,0.578176]],[[0.191688,0.96471,0.18053],[-0.949061,0.135329,0.284551],[0.250078,-0.225879,0.941509]],[[0.191688,0.96471,0.18053],[-0.93586,0.235077,-0.262497],[-0.295672,-0.118633,0.947895]],[[0.191688,0.96471,0.18053],[-0.682567,0.26321,-0.681779],[-0.705236,0.00746498,0.708933]]],"btipPosition":[40.2312,140.273,-22.3259],"carpPosition":[26.1982,125.329,72.4302],"dipPosition":[23.883,140.446,-5.89195],"direction":[0.295672,0.118633,-0.947895],"extended":false,"handId":432,"id":4320,"length":51.6212,"mcpPosition":[26.1982,125.329,72.4302],"pipPosition":[13.8976,136.44,26.12],"stabilizedTipPosition":[42.9527,140.792,-15.3858],"timeVisible":0.036801,"tipPosition":[35.6617,137.948,-19.219],"tipVelocity":[-254.73,-18.8237,-124.199],"tool":false,"touchDistance":1,"touchZone":"none","type":0,"width":21.2486},{"bases":[[[0.928879,-0.316632,-0.192166],[0.370047,0.771248,0.51792],[-0.0157826,-0.552196,0.833565]],[[0.928781,-0.319582,-0.187704],[0.278916,0.936201,-0.213854],[0.244072,0.14627,0.958663]],[[0.928781,-0.319582,-0.187704],[-0.200547,-0.00744448,-0.979656],[0.311683,0.947529,-0.0710055]],[[0.928781,-0.319582,-0.187704],[-0.360869,-0.664314,-0.654569],[0.0844945,0.675688,-0.732329]]],"btipPosition":[50.5907,144.672,-4.86847],"carpPosition":[65.7179,148.136,62.4555],"dipPosition":[52.0333,156.208,-17.3716],"direction":[-0.311683,-0.947529,0.0710055],"extended":false,"handId":432,"id":4324,"length":50.0309,"mcpPosition":[66.6197,179.687,14.8284],"pipPosition":[58.0715,174.564,-18.7471],"stabilizedTipPosition":[56.2022,146.883,-2.52346],"timeVisible":0.036801,"tipPosition":[49.463,144.007,-9.32545],"tipVelocity":[-155.858,13.031,-154.116],"tool":false,"touchDistance":0.333333,"touchZone":"none","type":4,"width":16.8493}],"r":[[0.998907,-0.0395987,-0.0248365],[0.038775,0.998709,-0.0328127],[0.0261038,0.0318138,0.999153]],"s":1.02262,"t":[0.888572,2.94125,-4.06983],"timestamp":262407028468},{"currentFrameRate":28.0539,"devices":[],"gestures":[],"hands":[{"armBasis":[[0.997482,-0.0121107,0.0698762],[-0.00688246,0.964129,0.265347],[-0.0705832,-0.265159,0.961618]],"armWidth":65.6192,"confidence":0.332232,"direction":[-0.228571,0.627174,-0.744586],"elbow":[36.5652,68.316,342.492],"grabAngle":1.01342,"grabStrength":0,"id":432,"palmNormal":[-0.0948079,-0.775538,-0.624142],"palmPosition":[33.7598,178.221,27.3597],"palmVelocity":[38.3343,345.469,-100.775],"palmWidth":89.6585,"pinchDistance":74.1029,"pinchStrength":1,"r":[[0.995287,-0.083419,-0.0494554],[0.0802384,0.994774,-0.0631443],[0.0544643,0.0588785,0.996778]],"s":1.05202,"sphereCenter":[14.9094,182.088,-10.3151],"sphereRadius":52.1866,"stabilizedPalmPosition":[31.9586,168.154,34.2046],"t":[1.88395,9.37833,-7.5535],"timeVisible":0.065553,"type":"right","wrist":[55.3438,138.861,86.6548]}],"id":243153,"interactionBox":{"center":[0,200,0],"size":[235.247,235.247,147.751]},"pointables":[{"bases":[[[0.916767,0.176349,-0.358383],[0.0362019,0.856877,0.514248],[0.397778,-0.48442,0.779173]],[[0.935183,0.152365,-0.319716],[0.0715762,0.802794,0.591945],[0.346857,-0.576461,0.739853]],[[0.935183,0.152365,-0.319716],[-0.0196578,0.923669,0.382687],[0.353619,-0.351597,0.866795]],[[0.935183,0.152365,-0.319716],[-0.0862363,0.973523,0.2117],[0.343506,-0.170407,0.923561]]],"btipPosition":[-24.611,229.377,-51.6805],"carpPosition":[33.2645,158.428,72.6694],"dipPosition":[-18.7977,226.493,-36.0508],"direction":[-0.353619,0.351597,-0.866795],"extended":true,"handId":432,"id":4321,"length":58.2488,"mcpPosition":[4.42843,193.545,16.1848],"pipPosition":[-10.3318,218.076,-15.2991],"stabilizedTipPosition":[-23.1699,227.846,-48.0561],"timeVisible":0.065553,"tipPosition":[-21.3026,222.735,-51.7502],"tipVelocity":[10.7933,538.021,17.019],"tool":false,"touchDistance":0.719051,"touchZone":"hovering","type":1,"width":20.2967},{"bases":[[[0.942386,-0.0393972,-0.3322],[0.199396,0.863512,0.463238],[0.268608,-0.502788,0.821617]],[[0.958366,-0.0732412,-0.275991],[0.222713,0.796619,0.561958],[0.178701,-0.600028,0.779764]],[[0.958366,-0.0732412,-0.275991],[0.186964,0.8915,0.412641],[0.215823,-0.447062,0.868076]],[[0.958366,-0.0732412,-0.275991],[0.147425,0.954675,0.258578],[0.244543,-0.2885,0.925725]]],"btipPosition":[6.46959,243.437,-66.6148],"carpPosition":[44.0979,162.263,68.7782],"dipPosition":[11.0214,238.067,-49.3838],"direction":[-0.215823,0.447062,-0.868076],"extended":true,"handId":432,"id":4322,"length":66.3698,"mcpPosition":[25.6319,196.828,12.2945],"pipPosition":[17.1003,225.475,-24.9334],"stabilizedTipPosition":[7.32842,240.938,-62.4317],"timeVisible":0.065553,"tipPosition":[5.7338,234.961,-65.4956],"tipVelocity":[87.9901,469.625,-38.2027],"tool":false,"touchDistance":0.533202,"touchZone":"hovering","type":2,"width":19.934},{"bases":[[[0.953912,-0.177939,-0.241641],[0.274676,0.842022,0.464275],[0.120854,-0.50925,0.852091]],[[0.958543,-0.201715,-0.201261],[0.263491,0.896349,0.356553],[0.108478,-0.394802,0.91234]],[[0.958543,-0.201715,-0.201261],[0.233972,0.960311,0.151855],[0.162641,-0.192649,0.967695]],[[0.958543,-0.201715,-0.201261],[0.172082,0.972752,-0.155374],[0.227118,0.1143,0.967137]]],"btipPosition":[34.4836,215.036,-72.897],"carpPosition":[55.4096,162.961,64.5233],"dipPosition":[38.6867,217.152,-54.9987],"direction":[-0.162641,0.192649,-0.967695],"extended":true,"handId":432,"id":4323,"length":63.8164,"mcpPosition":[47.9501,194.393,11.9294],"pipPosition":[43.1494,211.865,-28.4463],"stabilizedTipPosition":[35.2524,209.204,-67.0116],"timeVisible":0.065553,"tipPosition":[33.9202,207.675,-67.9066],"tipVelocity":[135.924,1071.65,-119.443],"tool":false,"touchDistance":0.42116,"touchZone":"hovering","type":3,"width":18.9685},{"bases":[[[0.43008,0.845044,0.317698],[-0.648162,0.0440673,0.760226],[0.628425,-0.532878,0.566678]],[[0.280833,0.941789,0.184843],[-0.926324,0.215585,0.308945],[0.251111,-0.257987,0.932945]],[[0.280833,0.941789,0.184843],[-0.917579,0.319931,-0.235993],[-0.281392,-0.103334,0.954013]],[[0.280833,0.941789,0.184843],[-0.684215,0.331517,-0.649574],[-0.67304,0.0559489,0.737487]]],"btipPosition":[38.9013,151.182,-24.8273],"carpPosition":[26.1477,136.3,70.3761],"dipPosition":[23.2994,152.479,-7.73139],"direction":[0.281392,0.103334,-0.954013],"extended":false,"handId":432,"id":4320,"length":51.6212,"mcpPosition":[26.1477,136.3,70.3761],"pipPosition":[13.7963,148.989,24.4872],"stabilizedTipPosition":[37.6942,148.149,-19.1779],"timeVisible":0.065553,"tipPosition":[33.7512,147.672,-21.5912],"tipVelocity":[-40.2853,388.414,-81.7027],"tool":false,"touchDistance":1,"touchZone":"none","type":0,"width":21.2486},{"bases":[[[0.902903,-0.372348,-0.214764],[0.429291,0.755775,0.494483],[-0.0218063,-0.538667,0.842237]],[[0.903018,-0.349257,-0.250156],[0.283714,0.922077,-0.263211],[0.322591,0.166711,0.931741]],[[0.903018,-0.349257,-0.250156],[-0.264555,0.00669757,-0.964347],[0.338481,0.937003,-0.0863498]],[[0.903018,-0.349257,-0.250156],[-0.412659,-0.543255,-0.731155],[0.119463,0.763475,-0.634693]]],"btipPosition":[47.9346,150.399,-9.37518],"carpPosition":[66.5838,156.647,58.8711],"dipPosition":[49.9742,163.434,-20.2113],"direction":[-0.338481,-0.937003,0.0863498],"extended":false,"handId":432,"id":4324,"length":50.0309,"mcpPosition":[67.8297,187.425,10.7485],"pipPosition":[56.5315,181.586,-21.8842],"stabilizedTipPosition":[54.8386,148.022,-4.15726],"timeVisible":0.065553,"tipPosition":[48.0056,152.616,-12.2448],"tipVelocity":[-87.6047,211.18,-143.41],"tool":false,"touchDistance":0.333333,"touchZone":"none","type":4,"width":16.8493}],"r":[[0.995287,-0.083419,-0.0494554],[0.0802384,0.994774,-0.0631443],[0.0544643,0.0588785,0.996778]],"s":1.05202,"t":[1.88395,9.37833,-7.5535],"timestamp":262407057220},{"currentFrameRate":31.6417,"devices":[],"gestures":[],"hands":[{"armBasis":[[0.997959,-0.041981,0.0481289],[0.0283352,0.966412,0.25543],[-0.0572356,-0.253545,0.965629]],"armWidth":65.6192,"confidence":0.375981,"direction":[-0.231811,0.625657,-0.744861],"elbow":[40.1617,74.8539,342.121],"grabAngle":0.876714,"grabStrength":0,"id":432,"palmNormal":[-0.13457,-0.778981,-0.612437],"palmPosition":[33.3213,181.661,26.1124],"palmVelocity":[-46.1671,362.159,-131.321],"palmWidth":89.6585,"pinchDistance":73.9588,"pinchStrength":1,"r":[[0.989475,-0.124676,-0.0734564],[0.117855,0.988866,-0.0908473],[0.0839651,0.0812339,0.993152]],"s":1.07656,"sphereCenter":[20.1409,195.462,-8.02254],"sphereRadius":50.5898,"stabilizedPalmPosition":[32.2076,170.622,32.7261],"t":[2.1624,14.3168,-9.91897],"timeVisible":0.075051,"type":"right","wrist":[55.3892,142.309,85.2167]}],"id":243154,"interactionBox":{"center":[0,200,0],"size":[235.247,235.247,147.751]},"pointables":[{"bases":[[[0.91081,0.14619,-0.386076],[0.0751868,0.860816,0.503331],[0.405922,-0.487467,0.773048]],[[0.932226,0.118503,-0.341923],[0.110638,0.806286,0.581087],[0.344548,-0.579534,0.73853]],[[0.932226,0.118503,-0.341923],[0.0196862,0.926856,0.374901],[0.36134,-0.356224,0.861706]],[[0.932226,0.118503,-0.341923],[-0.0483023,0.977155,0.206968],[0.358638,-0.176426,0.916653]]],"btipPosition":[-25.2518,233.878,-51.9726],"carpPosition":[33.5568,162.365,71.6383],"dipPosition":[-19.1825,230.893,-36.4598],"direction":[-0.36134,0.356224,-0.861706],"extended":true,"handId":432,"id":4321,"length":58.2488,"mcpPosition":[4.13023,197.703,15.5977],"pipPosition":[-10.5318,222.365,-15.8299],"stabilizedTipPosition":[-23.6393,231.504,-48.2946],"timeVisible":0.075051,"tipPosition":[-22.7328,227.144,-51.7768],"tipVelocity":[-61.2733,471.473,-33.5852],"tool":false,"touchDistance":0.675695,"touchZone":"hovering","type":1,"width":20.2967},{"bases":[[[0.931025,-0.0699167,-0.358195],[0.236981,0.862228,0.447664],[0.277547,-0.501672,0.819324]],[[0.94813,-0.10477,-0.300121],[0.2619,0.792542,0.550713],[0.180161,-0.60075,0.778872]],[[0.94813,-0.10477,-0.300121],[0.22476,0.888595,0.399852],[0.224794,-0.446567,0.866052]],[[0.94813,-0.10477,-0.300121],[0.182085,0.952888,0.24259],[0.260566,-0.284654,0.922539]]],"btipPosition":[5.51586,246.893,-67.6766],"carpPosition":[44.3793,165.846,67.3999],"dipPosition":[10.3659,241.594,-50.5049],"direction":[-0.224794,0.446567,-0.866052],"extended":true,"handId":432,"id":4322,"length":66.3698,"mcpPosition":[25.2988,200.335,11.0738],"pipPosition":[16.6975,229.016,-26.1115],"stabilizedTipPosition":[6.90006,243.849,-63.2278],"timeVisible":0.075051,"tipPosition":[4.34088,238.398,-66.4766],"tipVelocity":[-93.1915,365.584,-113.225],"tool":false,"touchDistance":0.497084,"touchZone":"hovering","type":2,"width":19.934},{"bases":[[[0.941189,-0.207778,-0.266442],[0.31162,0.838597,0.446819],[0.130598,-0.50357,0.854027]],[[0.946956,-0.235213,-0.218973],[0.312578,0.832383,0.45764],[0.0746269,-0.501811,0.861752]],[[0.946956,-0.235213,-0.218973],[0.287396,0.924736,0.249534],[0.143799,-0.299229,0.943283]],[[0.946956,-0.235213,-0.218973],[0.283744,0.931867,0.226083],[0.150877,-0.276223,0.949177]]],"btipPosition":[37.4788,232.787,-71.4789],"carpPosition":[55.5803,166.175,62.82],"dipPosition":[40.271,227.675,-53.913],"direction":[-0.143799,0.299229,-0.943283],"extended":true,"handId":432,"id":4323,"length":63.8164,"mcpPosition":[47.5193,197.257,10.1066],"pipPosition":[44.2167,219.464,-28.0304],"stabilizedTipPosition":[36.7023,220.53,-67.2275],"timeVisible":0.075051,"tipPosition":[34.811,220.691,-68.4579],"tipVelocity":[281.189,1693.87,141.257],"tool":false,"touchDistance":0.432502,"touchZone":"hovering","type":3,"width":18.9685},{"bases":[[[0.462802,0.835622,0.295891],[-0.624696,0.0706125,0.777669],[0.628943,-0.544748,0.554689]],[[0.326541,0.928267,0.178021],[-0.909451,0.257276,0.326661],[0.257428,-0.26857,0.928225]],[[0.326541,0.928267,0.178021],[-0.904289,0.361623,-0.226915],[-0.275015,-0.0868854,0.957506]],[[0.326541,0.928267,0.178021],[-0.674844,0.360845,-0.643721],[-0.661783,0.0900647,0.744266]]],"btipPosition":[37.7182,154.484,-25.45],"carpPosition":[25.7517,140.428,69.7963],"dipPosition":[22.3772,156.572,-8.19703],"direction":[0.275015,0.0868854,-0.957506],"extended":false,"handId":432,"id":4320,"length":51.6212,"mcpPosition":[25.7517,140.428,69.7963],"pipPosition":[13.0895,153.638,24.1396],"stabilizedTipPosition":[36.2791,150.901,-20.1082],"timeVisible":0.075051,"tipPosition":[31.3522,151.035,-22.3756],"tipVelocity":[-118.247,366.818,-61.7654],"tool":false,"touchDistance":0.959266,"touchZone":"hovering","type":0,"width":21.2486},{"bases":[[[0.885466,-0.40035,-0.235947],[0.464521,0.748266,0.473622],[-0.0130634,-0.528979,0.848534]],[[0.884722,-0.368842,-0.284995],[0.31108,0.92256,-0.228283],[0.347126,0.113311,0.930948]],[[0.884722,-0.368842,-0.284995],[-0.254835,0.129206,-0.958314],[0.39029,0.920468,0.0203173]],[[0.884722,-0.368842,-0.284995],[-0.434864,-0.433021,-0.789548],[0.167809,0.822465,-0.5435]]],"btipPosition":[44.5676,153.865,-15.2756],"carpPosition":[66.4048,159.484,56.9262],"dipPosition":[47.4326,167.907,-24.5547],"direction":[-0.39029,-0.920468,-0.0203173],"extended":false,"handId":432,"id":4324,"length":50.0309,"mcpPosition":[67.1512,189.708,8.44371],"pipPosition":[54.9937,185.74,-24.1611],"stabilizedTipPosition":[53.7264,149.072,-5.69069],"timeVisible":0.075051,"tipPosition":[45.5917,155.662,-14.4509],"tipVelocity":[-334.502,389.39,-583.52],"tool":false,"touchDistance":0.333333,"touchZone":"none","type":4,"width":16.8493}],"r":[[0.989475,-0.124676,-0.0734564],[0.117855,0.988866,-0.0908473],[0.0839651,0.0812339,0.993152]],"s":1.07656,"t":[2.1624,14.3168,-9.91897],"timestamp":262407066718},{"currentFrameRate":35.0216,"devices":[],"gestures":[],"hands":[{"armBasis":[[0.999132,-0.0410055,0.00738182],[0.0379619,0.968952,0.244316],[-0.0171709,-0.243824,0.969667]],"armWidth":65.6192,"confidence":0.41918,"direction":[-0.235992,0.626988,-0.742425],"elbow":[51.2673,80.5249,342.172],"grabAngle":0.861642,"grabStrength":0,"id":432,"palmNormal":[-0.150097,-0.778354,-0.60962],"palmPosition":[33.0191,184.786,25.3313],"palmVelocity":[-31.0197,320.75,-80.1738],"palmWidth":89.6585,"pinchDistance":73.8838,"pinchStrength":1,"r":[[0.98263,-0.159821,-0.0943155],[0.148795,0.982248,-0.114231],[0.110898,0.0982127,0.988967]],"s":1.09528,"sphereCenter":[23.1456,201.513,-8.04191],"sphereRadius":50.3133,"stabilizedPalmPosition":[32.4022,174.019,30.9525],"t":[2.1505,18.3485,-11.4923],"timeVisible":0.084794,"type":"right","wrist":[55.8356,145.394,84.1931]}],"id":243155,"interactionBox":{"center":[0,200,0],"size":[235.247,235.247,147.751]},"pointables":[{"bases":[[[0.90684,0.137242,-0.398505],[0.0900135,0.860622,0.501226],[0.411751,-0.490402,0.768093]],[[0.931481,0.105365,-0.348196],[0.126754,0.80316,0.582123],[0.340993,-0.586372,0.734773]],[[0.931481,0.105365,-0.348196],[0.0367447,0.924993,0.378202],[0.361929,-0.365083,0.857743]],[[0.931481,0.105365,-0.348196],[-0.0304116,0.976341,0.214086],[0.362516,-0.188828,0.912648]]],"btipPosition":[-25.4707,237.977,-52.0559],"carpPosition":[33.6889,165.538,70.8732],"dipPosition":[-19.3357,234.782,-36.6109],"direction":[-0.361929,0.365083,-0.857743],"extended":true,"handId":432,"id":4321,"length":58.2488,"mcpPosition":[3.83983,201.089,15.1918],"pipPosition":[-10.6709,226.042,-16.0759],"stabilizedTipPosition":[-23.9458,235.688,-48.4469],"timeVisible":0.084794,"tipPosition":[-23.6742,231.029,-51.685],"tipVelocity":[-20.9085,415.757,-10.1506],"tool":false,"touchDistance":0.639975,"touchZone":"hovering","type":1,"width":20.2967},{"bases":[[[0.92541,-0.0790148,-0.370638],[0.251048,0.860459,0.44338],[0.283885,-0.503356,0.816114]],[[0.944436,-0.117338,-0.307037],[0.276374,0.789126,0.548542],[0.177926,-0.60292,0.777708]],[[0.944436,-0.117338,-0.307037],[0.240671,0.883071,0.402819],[0.223869,-0.454332,0.862244]],[[0.944436,-0.117338,-0.307037],[0.197504,0.949258,0.244746],[0.262739,-0.291788,0.919689]]],"btipPosition":[5.2784,250.531,-68.1549],"carpPosition":[44.4853,168.914,66.485],"dipPosition":[10.1689,245.1,-51.0363],"direction":[-0.223869,0.454332,-0.862244],"extended":true,"handId":432,"id":4322,"length":66.3698,"mcpPosition":[24.9691,203.518,10.3796],"pipPosition":[16.4744,232.303,-26.7501],"stabilizedTipPosition":[6.57129,247.444,-63.8828],"timeVisible":0.084794,"tipPosition":[3.47137,242.058,-66.7962],"tipVelocity":[-23.4171,370.266,-50.3475],"tool":false,"touchDistance":0.473351,"touchZone":"hovering","type":2,"width":19.934},{"bases":[[[0.935524,-0.216865,-0.278862],[0.325444,0.83613,0.441556],[0.137407,-0.503841,0.852798]],[[0.942319,-0.248157,-0.224617],[0.327856,0.819475,0.470076],[0.0674154,-0.516604,0.853567]],[[0.942319,-0.248157,-0.224617],[0.307543,0.906773,0.288409],[0.132106,-0.340853,0.930789]],[[0.942319,-0.248157,-0.224617],[0.304075,0.915167,0.26459],[0.139902,-0.317629,0.937838]]],"btipPosition":[37.9473,238.324,-71.5541],"carpPosition":[55.626,169.132,61.754],"dipPosition":[40.5364,232.446,-54.198],"direction":[-0.132106,0.340853,-0.930789],"extended":true,"handId":432,"id":4323,"length":63.8164,"mcpPosition":[47.1447,200.231,9.11643],"pipPosition":[44.1613,223.093,-28.6583],"stabilizedTipPosition":[37.7427,229.824,-67.4167],"timeVisible":0.084794,"tipPosition":[34.4036,225.864,-69.0145],"tipVelocity":[43.2953,550.23,-12.6715],"tool":false,"touchDistance":0.420733,"touchZone":"hovering","type":3,"width":18.9685},{"bases":[[[0.47454,0.831576,0.288606],[-0.613452,0.0773005,0.785939],[0.631259,-0.550005,0.546815]],[[0.34666,0.92055,0.18004],[-0.900161,0.272532,0.33976],[0.2637,-0.279846,0.923119]],[[0.34666,0.92055,0.18004],[-0.895981,0.381776,-0.22686],[-0.277571,-0.0826687,0.957142]],[[0.34666,0.92055,0.18004],[-0.659289,0.375658,-0.651321],[-0.667207,0.107088,0.737134]]],"btipPosition":[37.5252,157.747,-25.6543],"carpPosition":[25.6551,143.673,69.1633],"dipPosition":[22.0585,160.23,-8.56657],"direction":[0.277571,0.0826687,-0.957142],"extended":false,"handId":432,"id":4320,"length":51.6212,"mcpPosition":[25.6551,143.673,69.1633],"pipPosition":[12.6844,157.438,23.7577],"stabilizedTipPosition":[35.1526,154.516,-20.8958],"timeVisible":0.084794,"tipPosition":[30.381,154.422,-22.9925],"tipVelocity":[-22.7763,344.205,-24.8634],"tool":false,"touchDistance":0.893039,"touchZone":"hovering","type":0,"width":21.2486},{"bases":[[[0.878421,-0.408874,-0.247385],[0.477843,0.744401,0.466404],[-0.00654678,-0.52791,0.849275]],[[0.876917,-0.372916,-0.303233],[0.315501,0.922553,-0.222161],[0.362596,0.0991465,0.926657]],[[0.876917,-0.372916,-0.303233],[-0.27083,0.137827,-0.952709],[0.397074,0.917571,0.0198655]],[[0.876917,-0.372916,-0.303233],[-0.45303,-0.430529,-0.780647],[0.160565,0.821936,-0.54648]]],"btipPosition":[43.5479,157.216,-16.3113],"carpPosition":[66.307,162.334,55.7228],"dipPosition":[46.2892,171.249,-25.6414],"direction":[-0.397074,-0.917571,-0.0198655],"extended":false,"handId":432,"id":4324,"length":50.0309,"mcpPosition":[66.681,192.497,7.19804],"pipPosition":[53.9817,189.025,-25.2565],"stabilizedTipPosition":[52.105,151.003,-7.85871],"timeVisible":0.084794,"tipPosition":[44.4887,158.678,-15.445],"tipVelocity":[-107.585,343.641,-107.509],"tool":false,"touchDistance":0.333333,"touchZone":"none","type":4,"width":16.8493}],"r":[[0.98263,-0.159821,-0.0943155],[0.148795,0.982248,-0.114231],[0.110898,0.0982127,0.988967]],"s":1.09528,"t":[2.1505,18.3485,-11.4923],"timestamp":262407076461},{"currentFrameRate":38.2401,"devices":[],"gestures":[],"hands":[{"armBasis":[[0.998318,-0.0348795,-0.0462999],[0.0450641,0.969379,0.241401],[0.0364622,-0.243082,0.96932]],"armWidth":65.6192,"confidence":0.460553,"direction":[-0.237015,0.634526,-0.735664],"elbow":[66.0394,83.1659,340.678],"grabAngle":0.859053,"grabStrength":0,"id":432,"palmNormal":[-0.161697,-0.772443,-0.614154],"palmPosition":[32.8384,187.756,24.4437],"palmVelocity":[-18.5463,304.852,-91.116],"palmWidth":89.6585,"pinchDistance":73.917,"pinchStrength":1,"r":[[0.975437,-0.189567,-0.112194],[0.174424,0.975757,-0.132193],[0.134533,0.109377,0.984854]],"s":1.10991,"sphereCenter":[24.2842,206.243,-8.27441],"sphereRadius":50.3568,"stabilizedPalmPosition":[32.5278,177.974,29.0788],"t":[2.05423,21.8492,-12.7227],"timeVisible":0.094535,"type":"right","wrist":[56.3386,147.838,82.7913]}],"id":243156,"interactionBox":{"center":[0,200,0],"size":[235.247,235.247,147.751]},"pointables":[{"bases":[[[0.90456,0.13277,-0.405145],[0.101389,0.856024,0.506895],[0.414115,-0.499594,0.760864]],[[0.930605,0.0985213,-0.352518],[0.139589,0.794782,0.590623],[0.338364,-0.598844,0.725876]],[[0.930605,0.0985213,-0.352518],[0.0504643,0.919362,0.390162],[0.362531,-0.380876,0.850591]],[[0.930605,0.0985213,-0.352518],[-0.0162139,0.973245,0.229199],[0.365667,-0.207578,0.907303]]],"btipPosition":[-25.555,242.49,-51.9323],"carpPosition":[33.7318,168.158,69.8324],"dipPosition":[-19.3667,238.977,-36.5778],"direction":[-0.362531,0.380876,-0.850591],"extended":true,"handId":432,"id":4321,"length":58.2488,"mcpPosition":[3.7114,204.375,14.6751],"pipPosition":[-10.6874,229.859,-16.214],"stabilizedTipPosition":[-24.0872,240.25,-48.4118],"timeVisible":0.094535,"tipPosition":[-24.1157,235.278,-51.6231],"tipVelocity":[-7.39495,455.75,10.5466],"tool":false,"touchDistance":0.610852,"touchZone":"hovering","type":1,"width":20.2967},{"bases":[[[0.921566,-0.0838378,-0.379062],[0.261923,0.854971,0.447685],[0.286554,-0.511856,0.809871]],[[0.941445,-0.124301,-0.313418],[0.287595,0.781233,0.554044],[0.175985,-0.611739,0.771236]],[[0.941445,-0.124301,-0.313418],[0.252428,0.87609,0.410787],[0.223521,-0.465849,0.856167]],[[0.941445,-0.124301,-0.313418],[0.208775,0.944832,0.252399],[0.264754,-0.303054,0.915458]]],"btipPosition":[5.19313,254.634,-68.2735],"carpPosition":[44.5186,171.478,65.3783],"dipPosition":[10.1211,248.993,-51.2337],"direction":[-0.223521,0.465849,-0.856167],"extended":true,"handId":432,"id":4322,"length":66.3698,"mcpPosition":[24.8188,206.666,9.70203],"pipPosition":[16.4169,235.872,-27.1187],"stabilizedTipPosition":[6.39993,251.57,-64.213],"timeVisible":0.094535,"tipPosition":[3.07411,246.146,-66.9325],"tipVelocity":[-7.86851,416.294,-14.0383],"tool":false,"touchDistance":0.457298,"touchZone":"hovering","type":2,"width":19.934},{"bases":[[[0.931305,-0.222459,-0.288414],[0.336097,0.830043,0.445047],[0.140392,-0.51141,0.847791]],[[0.938551,-0.255797,-0.23171],[0.339245,0.807264,0.482947],[0.0635147,-0.531876,0.844437]],[[0.938551,-0.255797,-0.23171],[0.321089,0.893348,0.314374],[0.126581,-0.369456,0.920586]],[[0.938551,-0.255797,-0.23171],[0.316526,0.905575,0.282392],[0.137596,-0.338381,0.930895]]],"btipPosition":[38.1244,243.144,-71.632],"carpPosition":[55.6204,171.64,60.5546],"dipPosition":[40.6709,236.882,-54.4044],"direction":[-0.126581,0.369456,-0.920586],"extended":true,"handId":432,"id":4323,"length":63.8164,"mcpPosition":[46.955,203.206,8.22605],"pipPosition":[44.1441,226.744,-29.1446],"stabilizedTipPosition":[38.335,237.098,-67.5716],"timeVisible":0.094535,"tipPosition":[34.1844,230.557,-69.4372],"tipVelocity":[17.1738,485.723,-11.033],"tool":false,"touchDistance":0.410381,"touchZone":"hovering","type":3,"width":18.9685},{"bases":[[[0.483855,0.825418,0.290807],[-0.606145,0.0763996,0.791676],[0.631247,-0.559328,0.537289]],[[0.361571,0.913044,0.188724],[-0.893535,0.281553,0.349748],[0.2662,-0.29509,0.917638]],[[0.361571,0.913044,0.188724],[-0.889586,0.398444,-0.223336],[-0.279112,-0.0871341,0.956297]],[[0.361571,0.913044,0.188724],[-0.649168,0.391832,-0.651957],[-0.669214,0.113215,0.734395]]],"btipPosition":[37.3479,161.206,-26.4294],"carpPosition":[25.5022,146.373,68.0266],"dipPosition":[21.8347,163.831,-9.4052],"direction":[0.279112,0.0871341,-0.956297],"extended":false,"handId":432,"id":4320,"length":51.6212,"mcpPosition":[25.5022,146.373,68.0266],"pipPosition":[12.4087,160.888,22.8906],"stabilizedTipPosition":[34.3852,158.593,-21.8003],"timeVisible":0.094535,"tipPosition":[29.7301,157.962,-24.0127],"tipVelocity":[-19.294,358.468,-81.0726],"tool":false,"touchDistance":0.825222,"touchZone":"hovering","type":0,"width":21.2486},{"bases":[[[0.872874,-0.414223,-0.257897],[0.487931,0.736874,0.467911],[-0.00378204,-0.534263,0.84531]],[[0.870918,-0.375035,-0.31757],[0.313436,0.921629,-0.228819],[0.378497,0.0997451,0.920213]],[[0.870918,-0.375035,-0.31757],[-0.282236,0.147298,-0.947969],[0.402299,0.915233,0.0224359]],[[0.870918,-0.375035,-0.31757],[-0.467472,-0.43294,-0.770735],[0.151564,0.819702,-0.552374]]],"btipPosition":[42.7718,160.107,-17.1489],"carpPosition":[66.1933,164.8,54.3821],"dipPosition":[45.3594,174.102,-26.5796],"direction":[-0.402299,-0.915233,-0.0224359],"extended":false,"handId":432,"id":4324,"length":50.0309,"mcpPosition":[66.4094,195.326,6.08386],"pipPosition":[53.1532,191.832,-26.145],"stabilizedTipPosition":[50.2188,153.663,-10.3323],"timeVisible":0.094535,"tipPosition":[43.7355,161.906,-16.7018],"tipVelocity":[-83.3016,295.907,-88.3664],"tool":false,"touchDistance":0.333333,"touchZone":"none","type":4,"width":16.8493}],"r":[[0.975437,-0.189567,-0.112194],[0.174424,0.975757,-0.132193],[0.134533,0.109377,0.984854]],"s":1.10991,"t":[2.05423,21.8492,-12.7227],"timestamp":262407086202},{"currentFrameRate":41.2749,"devices":[],"gestures":[],"hands":[{"armBasis":[[0.993961,-0.0287621,-0.105895],[0.05547,0.964356,0.258728],[0.0946794,-0.26304,0.960128]],"armWidth":65.6192,"confidence":0.500625,"direction":[-0.237857,0.639363,-0.73119],"elbow":[82.0639,80.2058,336.699],"grabAngle":0.853773,"grabStrength":0,"id":432,"palmNormal":[-0.169186,-0.768559,-0.617003],"palmPosition":[32.6762,190.635,23.4087],"palmVelocity":[-16.3927,290.932,-104.598],"palmWidth":89.6585,"pinchDistance":73.986,"pinchStrength":1,"r":[[0.968432,-0.214315,-0.127309],[0.195398,0.969772,-0.146154],[0.154784,0.116664,0.981036]],"s":1.12183,"sphereCenter":[25.3018,210.677,-8.71317],"sphereRadius":50.4929,"stabilizedPalmPosition":[32.5772,182.189,27.1909],"t":[1.92499,25.0389,-13.8554],"timeVisible":0.10443,"type":"right","wrist":[56.8745,150.187,81.258]}],"id":243157,"interactionBox":{"center":[0,200,0],"size":[235.247,235.247,147.751]},"pointables":[{"bases":[[[0.902937,0.130074,-0.409615],[0.108709,0.852979,0.510499],[0.415796,-0.505477,0.756046]],[[0.930387,0.0935539,-0.35444],[0.148237,0.788288,0.597183],[0.335269,-0.608153,0.719545]],[[0.930387,0.0935539,-0.35444],[0.0604487,0.914495,0.400055],[0.36156,-0.393631,0.84518]],[[0.930387,0.0935539,-0.35444],[-0.00547755,0.970326,0.241738],[0.366537,-0.222969,0.903291]]],"btipPosition":[-25.5447,246.529,-52.2536],"carpPosition":[33.7238,170.809,68.6951],"dipPosition":[-19.3417,242.756,-36.9669],"direction":[-0.36156,0.393631,-0.84518],"extended":true,"handId":432,"id":4321,"length":58.2488,"mcpPosition":[3.58148,207.453,13.887],"pipPosition":[-10.6856,233.332,-16.7327],"stabilizedTipPosition":[-24.1117,244.545,-48.6704],"timeVisible":0.1