{"frames":192,"data":[{"currentFrameRate":27.0639,"devices":[],"gestures":[],"hands":[],"id":243606,"interactionBox":{"center":[0,200,0],"size":[235.247,235.247,147.751]},"pointables":[],"r":[[-0.020113,-0.761857,-0.647433],[0.506356,0.550609,-0.663651],[0.86209,-0.34118,0.374696]],"s":-5.55733,"t":[884.858,792.664,758.259],"timestamp":262420672314},{"currentFrameRate":27.0634,"devices":[],"gestures":[],"hands":[],"id":243607,"interactionBox":{"center":[0,200,0],"size":[235.247,235.247,147.751]},"pointables":[],"r":[[-0.020113,-0.761857,-0.647433],[0.506356,0.550609,-0.663651],[0.86209,-0.34118,0.374696]],"s":-5.55733,"t":[884.858,792.664,758.259],"timestamp":262420709268},{"currentFrameRate":27.0496,"devices":[],"gestures":[],"hands":[],"id":243608,"interactionBox":{"center":[0,200,0],"size":[235.247,235.247,147.751]},"pointables":[],"r":[[-0.020113,-0.761857,-0.647433],[0.506356,0.550609,-0.663651],[0.86209,-0.34118,0.374696]],"s":-5.55733,"t":[884.858,792.664,758.259],"timestamp":262420746330},{"currentFrameRate":27.0633,"devices":[],"gestures":[],"hands":[],"id":243609,"interactionBox":{"center":[0,200,0],"size":[235.247,235.247,147.751]},"pointables":[],"r":[[-0.020113,-0.761857,-0.647433],[0.506356,0.550609,-0.663651],[0.86209,-0.34118,0.374696]],"s":-5.55733,"t":[884.858,792.664,758.259],"timestamp":262420783188},{"currentFrameRate":27.0859,"devices":[],"gestures":[],"hands":[],"id":243610,"interactionBox":{"center":[0,200,0],"size":[235.247,235.247,147.751]},"pointables":[],"r":[[-0.020113,-0.761857,-0.647433],[0.506356,0.550609,-0.663651],[0.86209,-0.34118,0.374696]],"s":-5.55733,"t":[884.858,792.664,758.259],"timestamp":262420819956},{"currentFrameRate":27.0779,"devices":[],"gestures":[],"hands":[],"id":243611,"interactionBox":{"center":[0,200,0],"size":[235.247,235.247,147.751]},"pointables":[],"r":[[-0.020113,-0.761857,-0.647433],[0.506356,0.550609,-0.663651],[0.86209,-0.34118,0.374696]],"s":-5.55733,"t":[884.858,792.664,758.259],"timestamp":262420856940},{"currentFrameRate":27.087,"devices":[],"gestures":[],"hands":[],"id":243612,"interactionBox":{"center":[0,200,0],"size":[235.247,235.247,147.751]},"pointables":[],"r":[[-0.020113,-0.761857,-0.647433],[0.506356,0.550609,-0.663651],[0.86209,-0.34118,0.374696]],"s":-5.55733,"t":[884.858,792.664,758.259],"timestamp":262420893797},{"currentFrameRate":22.921,"devices":[],"gestures":[],"hands":[],"id":243613,"interactionBox":{"center":[0,200,0],"size":[235.247,235.247,147.751]},"pointables":[],"r":[[-0.020113,-0.761857,-0.647433],[0.506356,0.550609,-0.663651],[0.86209,-0.34118,0.374696]],"s":-5.55733,"t":[884.858,792.664,758.259],"timestamp":262420967583},{"currentFrameRate":23.6351,"devices":[],"gestures":[],"hands":[],"id":243614,"interactionBox":{"center":[0,200,0],"size":[235.247,235.247,147.751]},"pointables":[],"r":[[-0.020113,-0.761857,-0.647433],[0.506356,0.550609,-0.663651],[0.86209,-0.34118,0.374696]],"s":-5.55733,"t":[884.858,792.664,758.259],"timestamp":262421004392},{"currentFrameRate":24.1443,"devices":[],"gestures":[],"hands":[],"id":243615,"interactionBox":{"center":[0,200,0],"size":[235.247,235.247,147.751]},"pointables":[],"r":[[-0.020113,-0.761857,-0.647433],[0.506356,0.550609,-0.663651],[0.86209,-0.34118,0.374696]],"s":-5.55733,"t":[884.858,792.664,758.259],"timestamp":262421041977},{"currentFrameRate":24.7093,"devices":[],"gestures":[],"hands":[],"id":243616,"interactionBox":{"center":[0,200,0],"size":[235.247,235.247,147.751]},"pointables":[],"r":[[-0.020113,-0.761857,-0.647433],[0.506356,0.550609,-0.663651],[0.86209,-0.34118,0.374696]],"s":-5.55733,"t":[884.858,792.664,758.259],"timestamp":262421078279},{"currentFrameRate":25.1188,"devices":[],"gestures":[],"hands":[{"armBasis":[[0.844115,-0.254284,-0.472028],[0.342983,0.932777,0.110855],[0.412108,-0.255472,0.874586]],"armWidth":62.7876,"confidence":0,"direction":[-0.14083,0.61488,-0.775944],"elbow":[180.008,63.2685,332.697],"grabAngle":1.28492,"grabStrength":0,"id":433,"palmNormal":[-0.450635,-0.737671,-0.502763],"palmPosition":[48.2871,172.427,41.3969],"palmVelocity":[1.19209e-7,1.19209e-7,1.19209e-7],"palmWidth":89.6585,"pinchDistance":62.301,"pinchStrength":0.885283,"r":[[1,1.94289e-17,8.32667e-18],[-1.94289e-17,1,-1.11022e-17],[-8.32667e-18,1.11022e-17,1]],"s":1,"sphereCenter":[7.12031,130.994,-4.33186],"sphereRadius":71.4526,"stabilizedPalmPosition":[48.2871,172.427,41.3969],"t":[0,0,0],"timeVisible":0,"type":"right","wrist":[70.3674,131.237,100.014]}],"id":243617,"interactionBox":{"center":[0,200,0],"size":[235.247,235.247,147.751]},"pointables":[{"bases":[[[0.730305,0.667562,0.14497],[-0.452959,0.314358,0.83427],[0.511354,-0.674937,0.531955]],[[0.604887,0.795799,0.0285554],[-0.683866,0.500767,0.530622],[0.407969,-0.340494,0.847127]],[[0.604887,0.795799,0.0285554],[-0.773086,0.595464,-0.218541],[-0.190919,0.110117,0.97541]],[[0.604887,0.795799,0.0285554],[-0.516462,0.419353,-0.746599],[-0.606118,0.43686,0.664661]]],"btipPosition":[35.5617,141.639,0.165087],"carpPosition":[35.2365,138.665,89.9312],"dipPosition":[21.5839,151.714,15.4929],"direction":[0.190919,-0.110117,-0.97541],"extended":false,"handId":433,"id":4330,"length":51.3537,"mcpPosition":[35.2365,138.665,89.9312],"pipPosition":[15.1697,155.413,48.2634],"stabilizedTipPosition":[32.3468,143.956,3.69049],"timeVisible":0,"tipPosition":[32.3468,143.956,3.69049],"tipVelocity":[1.19209e-7,1.19209e-7,1.19209e-7],"tool":false,"touchDistance":1,"touchZone":"none","type":0,"width":19.9537},{"bases":[[[0.785559,-0.508507,-0.352587],[0.610958,0.727744,0.311639],[0.098122,-0.460227,0.882362]],[[0.779121,-0.482936,-0.39968],[0.557122,0.825722,0.0883057],[0.287378,-0.291471,0.912392]],[[0.779121,-0.482936,-0.39968],[0.381498,0.871196,-0.308995],[0.497424,0.0882673,0.863005]],[[0.779121,-0.482936,-0.39968],[0.180068,0.783119,-0.59523],[0.600455,0.391787,0.697106]]],"btipPosition":[26.6985,184.906,-54.3649],"carpPosition":[70.0397,153.29,76.6575],"dipPosition":[37.7532,192.119,-41.5308],"direction":[-0.497424,-0.0882673,-0.863006],"extended":true,"handId":433,"id":4333,"length":63.4857,"mcpPosition":[63.9833,181.696,22.1951],"pipPosition":[51.3312,194.529,-17.9737],"stabilizedTipPosition":[29.2411,186.565,-51.4131],"timeVisible":0,"tipPosition":[29.2411,186.565,-51.4131],"tipVelocity":[1.19209e-7,1.19209e-7,1.19209e-7],"tool":false,"touchDistance":0.762137,"touchZone":"hovering","type":3,"width":17.8125},{"bases":[[[0.679817,-0.671563,-0.294706],[0.731956,0.596255,0.329728],[-0.0457132,-0.439866,0.896899]],[[0.680711,-0.618955,-0.391825],[0.616948,0.772784,-0.14893],[0.394977,-0.140357,0.907906]],[[0.680711,-0.618955,-0.391825],[0.0730782,0.589586,-0.804393],[0.728897,0.518926,0.44657]],[[0.680711,-0.618955,-0.391825],[-0.344809,0.201198,-0.916857],[0.646327,0.75922,-0.0764637]]],"btipPosition":[41.1928,150.301,-19.9044],"carpPosition":[77.368,143.174,70.2824],"dipPosition":[52.1704,163.196,-21.2031],"direction":[-0.728897,-0.518926,-0.44657],"extended":false,"handId":433,"id":4334,"length":49.7716,"mcpPosition":[79.9799,168.306,19.0365],"pipPosition":[66.2181,173.197,-12.5965],"stabilizedTipPosition":[43.7177,153.267,-20.2031],"timeVisible":0,"tipPosition":[43.7177,153.267,-20.2031],"tipVelocity":[1.19209e-7,1.19209e-7,1.19209e-7],"tool":false,"touchDistance":1,"touchZone":"none","type":4,"width":15.8225},{"bases":[[[0.84537,-0.171665,-0.505847],[0.403099,0.826372,0.393219],[0.350515,-0.536322,0.767788]],[[0.879416,-0.230871,-0.416324],[0.33651,0.920065,0.200605],[0.336731,-0.316512,0.88681]],[[0.879416,-0.230871,-0.416324],[0.194229,0.972439,-0.128985],[0.434629,0.0325699,0.900021]],[[0.879416,-0.230871,-0.416324],[0.0391408,0.906637,-0.420092],[0.474442,0.353141,0.806348]]],"btipPosition":[-8.56403,202.703,-39.8032],"carpPosition":[49.4399,157.145,88.4089],"dipPosition":[-0.576527,208.648,-26.2279],"direction":[-0.434629,-0.0325699,-0.900021],"extended":true,"handId":433,"id":4331,"length":57.947,"mcpPosition":[24.03,196.025,32.7496],"pipPosition":[9.7749,209.424,-4.79234],"stabilizedTipPosition":[-6.7269,204.07,-36.6809],"timeVisible":0,"tipPosition":[-6.7269,204.07,-36.6809],"tipVelocity":[1.19209e-7,1.19209e-7,1.19209e-7],"tool":false,"touchDistance":0.98312,"touchZone":"hovering","type":1,"width":19.0597},{"bases":[[[0.803766,-0.38089,-0.457038],[0.547813,0.773477,0.3188],[0.232081,-0.506612,0.830351]],[[0.809184,-0.393125,-0.436663],[0.470698,0.878539,0.0813119],[0.35166,-0.271333,0.895943]],[[0.809184,-0.393125,-0.436663],[0.258655,0.90564,-0.336025],[0.52756,0.158961,0.834513]],[[0.809184,-0.393125,-0.436663],[0.0369296,0.775746,-0.629964],[0.586394,0.493631,0.642239]]],"btipPosition":[1.76161,190.902,-52.3614],"carpPosition":[60.0592,156.782,82.5513],"dipPosition":[12.6199,200.043,-40.469],"direction":[-0.52756,-0.158961,-0.834513],"extended":true,"handId":433,"id":4332,"length":66.0259,"mcpPosition":[44.1044,191.61,25.4671],"pipPosition":[27.4022,204.497,-17.0857],"stabilizedTipPosition":[4.25901,193.005,-49.6261],"timeVisible":0,"tipPosition":[4.25901,193.005,-49.6261],"tipVelocity":[1.19209e-7,1.19209e-7,1.19209e-7],"tool":false,"touchDistance":0.788941,"touchZone":"hovering","type":2,"width":18.7192}],"r":[[1,1.94289e-17,8.32667e-18],[-1.94289e-17,1,-1.11022e-17],[-8.32667e-18,1.11022e-17,1]],"s":1,"t":[0,0,0],"timestamp":262421115121},{"currentFrameRate":25.4511,"devices":[],"gestures":[],"hands":[{"armBasis":[[0.880176,-0.0962989,-0.464776],[0.220301,0.950225,0.220317],[0.420426,-0.296309,0.85758]],"armWidth":65.6192,"confidence":0.192049,"direction":[-0.167685,0.661854,-0.730638],"elbow":[178.069,58.3544,318.213],"grabAngle":0.860959,"grabStrength":0,"id":433,"palmNormal":[-0.324233,-0.736926,-0.593138],"palmPosition":[42.4871,180.78,33.8209],"palmVelocity":[-157.124,226.274,-205.234],"palmWidth":89.6585,"pinchDistance":65.251,"pinchStrength":0.297399,"r":[[0.999618,0.0235803,0.0144381],[-0.0238186,0.999579,0.0165606],[-0.0140416,-0.0168981,0.999759]],"s":1.00264,"sphereCenter":[-7.06147,125.295,-23.7044],"sphereRadius":93.5985,"stabilizedPalmPosition":[46.6669,174.761,39.2805],"t":[-2.90003,4.17634,-3.78801],"timeVisible":0.036914,"type":"right","wrist":[66.2154,137.187,90.0548]}],"id":243618,"interactionBox":{"center":[0,200,0],"size":[235.247,235.247,147.751]},"pointables":[{"bases":[[[0.631913,0.732972,0.25187],[-0.538817,0.181874,0.822556],[0.557102,-0.655495,0.509866]],[[0.510669,0.84708,0.147218],[-0.793384,0.398295,0.460328],[0.331298,-0.351876,0.875457]],[[0.510669,0.84708,0.147218],[-0.815789,0.531454,-0.228134],[-0.271488,-0.00359825,0.962435]],[[0.510669,0.84708,0.147218],[-0.518772,0.440123,-0.732917],[-0.685634,0.297905,0.664198]]],"btipPosition":[39.5119,151.978,-12.6275],"carpPosition":[30.745,141.454,78.3337],"dipPosition":[23.618,158.883,2.76941],"direction":[0.271488,0.00359825,-0.962435],"extended":false,"handId":433,"id":4330,"length":51.6212,"mcpPosition":[30.745,141.454,78.3337],"pipPosition":[14.4494,158.762,35.2725],"stabilizedTipPosition":[32.9996,145.744,1.31401],"timeVisible":0.036914,"tipPosition":[33.2728,154.035,-7.58547],"tipVelocity":[95.0714,260.331,-346.121],"tool":false,"touchDistance":1,"touchZone":"none","type":0,"width":21.2486},{"bases":[[[0.862569,-0.378403,-0.335835],[0.496013,0.763319,0.413902],[0.0997275,-0.523598,0.846108]],[[0.853287,-0.340189,-0.395187],[0.4584,0.850612,0.257545],[0.248537,-0.400913,0.881758]],[[0.853287,-0.340189,-0.395187],[0.344242,0.936758,-0.0631038],[0.391662,-0.0821942,0.916431]],[[0.853287,-0.340189,-0.395187],[0.250324,0.932077,-0.26186],[0.457427,0.124517,0.880487]]],"btipPosition":[27.8587,211.229,-63.8311],"carpPosition":[64.2253,161.217,68.8563],"dipPosition":[36.324,213.533,-47.5364],"direction":[-0.391662,0.0821942,-0.916431],"extended":true,"handId":433,"id":4333,"length":63.8164,"mcpPosition":[58.0698,193.536,16.6317],"pipPosition":[47.0708,211.278,-22.3906],"stabilizedTipPosition":[29.7568,209.578,-59.3328],"timeVisible":0.036914,"tipPosition":[28.6794,206.258,-59.3472],"tipVelocity":[15.2955,682.5,-234.877],"tool":false,"touchDistance":0.589203,"touchZone":"hovering","type":3,"width":18.9685},{"bases":[[[0.774422,-0.557347,-0.299392],[0.630985,0.645894,0.429744],[-0.0461412,-0.521715,0.851871]],[[0.774631,-0.494204,-0.394601],[0.59027,0.788965,0.170631],[0.226999,-0.365097,0.902871]],[[0.774631,-0.494204,-0.394601],[0.381607,0.862834,-0.331503],[0.504305,0.10621,0.856969]],[[0.774631,-0.494204,-0.394601],[0.22809,0.80029,-0.554537],[0.589849,0.339557,0.732652]]],"btipPosition":[47.9713,187.396,-47.1928],"carpPosition":[73.1256,152.655,62.2124],"dipPosition":[58.0418,193.193,-34.6842],"direction":[-0.504305,-0.10621,-0.856969],"extended":true,"handId":433,"id":4334,"length":50.0309,"mcpPosition":[75.762,182.464,13.5393],"pipPosition":[67.8117,195.251,-18.0822],"stabilizedTipPosition":[49.0064,181.814,-39.6139],"timeVisible":0.036914,"tipPosition":[48.8773,183.733,-40.8865],"tipVelocity":[177.978,960.687,-653.214],"tool":false,"touchDistance":0.778901,"touchZone":"hovering","type":4,"width":16.8493},{"bases":[[[0.889625,-0.0243592,-0.456041],[0.272937,0.828982,0.488153],[0.366159,-0.558744,0.744132]],[[0.931109,-0.100012,-0.350762],[0.230439,0.906735,0.353171],[0.282726,-0.40967,0.867316]],[[0.931109,-0.100012,-0.350762],[0.122666,0.99152,0.0429096],[0.343496,-0.0829799,0.935481]],[[0.931109,-0.100012,-0.350762],[0.0367306,0.982494,-0.182635],[0.362887,0.157169,0.918483]]],"btipPosition":[-10.317,218.804,-49.4217],"carpPosition":[42.623,161.539,79.3705],"dipPosition":[-4.17573,221.464,-33.878],"direction":[-0.343496,0.0829799,-0.935481],"extended":true,"handId":433,"id":4331,"length":58.2488,"mcpPosition":[16.079,202.044,25.4261],"pipPosition":[4.04782,219.477,-11.4818],"stabilizedTipPosition":[-8.06281,213.484,-42.3039],"timeVisible":0.036914,"tipPosition":[-10.3112,215.105,-45.3936],"tipVelocity":[-58.9907,415.713,-248.301],"tool":false,"touchDistance":0.780655,"touchZone":"hovering","type":1,"width":20.2967},{"bases":[[[0.871264,-0.240586,-0.427805],[0.427382,0.800461,0.420245],[0.241337,-0.548981,0.800235]],[[0.878027,-0.256734,-0.403925],[0.379123,0.888191,0.259582],[0.292119,-0.381057,0.87719]],[[0.878027,-0.256734,-0.403925],[0.253057,0.965365,-0.0635022],[0.406238,-0.0464597,0.912585]],[[0.878027,-0.256734,-0.403925],[0.139492,0.944585,-0.297156],[0.457832,0.204567,0.865184]]],"btipPosition":[3.04436,216.396,-64.4175],"carpPosition":[53.5461,162.961,74.2837],"dipPosition":[11.5662,220.203,-48.3134],"direction":[-0.406238,0.0464597,-0.912585],"extended":true,"handId":433,"id":4332,"length":66.3698,"mcpPosition":[36.9549,200.702,19.2699],"pipPosition":[23.0084,218.895,-22.6093],"stabilizedTipPosition":[4.917,214.427,-59.4138],"timeVisible":0.036914,"tipPosition":[3.64786,211.484,-59.5684],"tipVelocity":[20.192,657.388,-300.358],"tool":false,"touchDistance":0.577069,"touchZone":"hovering","type":2,"width":19.934}],"r":[[0.999618,0.0235803,0.0144381],[-0.0238186,0.999579,0.0165606],[-0.0140416,-0.0168981,0.999759]],"s":1.00264,"t":[-2.90003,4.17634,-3.78801],"timestamp":262421152035},{"currentFrameRate":26.7323,"devices":[],"gestures":[],"hands":[{"armBasis":[[0.887753,-0.0404722,-0.458538],[0.178606,0.948374,0.262082],[0.424259,-0.314562,0.84915]],"armWidth":65.6192,"confidence":0.331566,"direction":[-0.207154,0.636999,-0.742509],"elbow":[177.046,63.2797,309.041],"grabAngle":0.676444,"grabStrength":0,"id":433,"palmNormal":[-0.275611,-0.76623,-0.580457],"palmPosition":[38.0659,188.574,26.3632],"palmVelocity":[-155.146,273.504,-261.699],"palmWidth":89.6585,"pinchDistance":67.0845,"pinchStrength":0.131153,"r":[[0.998141,0.0548879,0.0265102],[-0.0555765,0.998116,0.0259768],[-0.0250345,-0.0274019,0.999311]],"s":1.01778,"sphereCenter":[-11.1353,127.011,-34.0475],"sphereRadius":100.794,"stabilizedPalmPosition":[43.6088,179.672,34.6879],"t":[-6.56064,10.1615,-9.41084],"timeVisible":0.065411,"type":"right","wrist":[64.1726,146.969,83.1251]}],"id":243619,"interactionBox":{"center":[0,200,0],"size":[235.247,235.247,147.751]},"pointables":[{"bases":[[[0.583815,0.775674,0.23977],[-0.551345,0.161995,0.818399],[0.59597,-0.609989,0.522239]],[[0.45989,0.877479,0.136133],[-0.822426,0.363097,0.437922],[0.334838,-0.313355,0.888646]],[[0.45989,0.877479,0.136133],[-0.849122,0.479422,-0.221691],[-0.259794,-0.0136401,0.965568]],[[0.45989,0.877479,0.136133],[-0.557072,0.404488,-0.7253],[-0.691499,0.257722,0.674839]]],"btipPosition":[37.0432,159.275,-20.4135],"carpPosition":[28.7094,149.376,71.5489],"dipPosition":[21.0134,165.25,-4.76986],"direction":[0.259794,0.0136401,-0.965568],"extended":false,"handId":433,"id":4330,"length":51.6212,"mcpPosition":[28.7094,149.376,71.5489],"pipPosition":[12.2397,164.789,27.839],"stabilizedTipPosition":[33.0695,148.664,-2.23824],"timeVisible":0.065411,"tipPosition":[30.811,160.581,-14.6991],"tipVelocity":[-87.7269,248.567,-271.229],"tool":false,"touchDistance":1,"touchZone":"none","type":0,"width":21.2486},{"bases":[[[0.885802,-0.192671,-0.422175],[0.375,0.833088,0.406618],[0.273366,-0.518499,0.810203]],[[0.898258,-0.218122,-0.381518],[0.348612,0.882254,0.316381],[0.267586,-0.417193,0.868532]],[[0.898258,-0.218122,-0.381518],[0.260851,0.963294,0.0634208],[0.35368,-0.156488,0.922183]],[[0.898258,-0.218122,-0.381518],[0.189975,0.975555,-0.110463],[0.396286,0.0267459,0.917738]]],"btipPosition":[1.21396,231.676,-73.0696],"carpPosition":[50.1204,172.203,67.1521],"dipPosition":[8.59022,232.174,-55.9873],"direction":[-0.35368,0.156488,-0.922183],"extended":true,"handId":433,"id":4332,"length":66.3698,"mcpPosition":[31.3273,207.849,11.453],"pipPosition":[18.5521,227.766,-30.0129],"stabilizedTipPosition":[3.26858,228.692,-67.4048],"timeVisible":0.065411,"tipPosition":[0.245842,223.406,-68.3726],"tipVelocity":[-73.4772,509.501,-295.719],"tool":false,"touchDistance":0.426289,"touchZone":"hovering","type":2,"width":19.934},{"bases":[[[0.885569,-0.329122,-0.327789],[0.445852,0.800241,0.401037],[0.13032,-0.501291,0.855408]],[[0.876678,-0.299947,-0.376121],[0.421834,0.85516,0.30126],[0.231282,-0.422769,0.876228]],[[0.876678,-0.299947,-0.376121],[0.331255,0.943333,0.0198181],[0.348863,-0.141966,0.926358]],[[0.876678,-0.299947,-0.376121],[0.251879,0.95229,-0.172339],[0.409869,0.0563486,0.910402]]],"btipPosition":[25.4655,223.544,-72.0704],"carpPosition":[60.9024,171.041,61.7724],"dipPosition":[33.0508,224.587,-55.222],"direction":[-0.348863,0.141966,-0.926358],"extended":true,"handId":433,"id":4333,"length":63.8164,"mcpPosition":[52.8586,201.982,8.97371],"pipPosition":[42.6232,220.692,-29.8039],"stabilizedTipPosition":[27.6615,221.266,-66.6244],"timeVisible":0.065411,"tipPosition":[24.5219,216.074,-67.6104],"tipVelocity":[-91.0825,421.981,-284.659],"tool":false,"touchDistance":0.441937,"touchZone":"hovering","type":3,"width":18.9685},{"bases":[[[0.808778,-0.512598,-0.288309],[0.587913,0.691856,0.419159],[-0.0153918,-0.508507,0.86092]],[[0.80591,-0.456265,-0.377268],[0.559515,0.79527,0.233428],[0.193525,-0.399209,0.896203]],[[0.80591,-0.456265,-0.377268],[0.413072,0.889844,-0.193776],[0.424123,0.000327454,0.905605]],[[0.80591,-0.456265,-0.377268],[0.297128,0.86288,-0.408844],[0.512078,0.217394,0.830973]]],"btipPosition":[47.4841,202.259,-57.015],"carpPosition":[70.3418,162.941,55.2946],"dipPosition":[56.2268,205.97,-42.8277],"direction":[-0.424123,-0.000327454,-0.905604],"extended":true,"handId":433,"id":4334,"length":50.0309,"mcpPosition":[71.2212,191.995,6.1045],"pipPosition":[64.4434,205.977,-25.2835],"stabilizedTipPosition":[49.3634,197.378,-49.945],"timeVisible":0.065411,"tipPosition":[46.5147,195.723,-50.5746],"tipVelocity":[-27.8143,504.727,-331.125],"tool":false,"touchDistance":0.592803,"touchZone":"hovering","type":4,"width":16.8493},{"bases":[[[0.890576,0.0237523,-0.454215],[0.218889,0.853006,0.47378],[0.398701,-0.52136,0.754468]],[[0.940605,-0.0553189,-0.334967],[0.196284,0.893635,0.403595],[0.277012,-0.445371,0.851416]],[[0.940605,-0.0553189,-0.334967],[0.113764,0.980951,0.157455],[0.319876,-0.18621,0.928981]],[[0.940605,-0.0553189,-0.334967],[0.0446104,0.99822,-0.0395849],[0.33656,0.0222907,0.941398]]],"btipPosition":[-14.7494,231.013,-56.85],"carpPosition":[39.2954,170.185,72.2471],"dipPosition":[-9.05371,231.39,-40.9184],"direction":[-0.319876,0.18621,-0.928981],"extended":true,"handId":433,"id":4331,"length":58.2488,"mcpPosition":[10.3924,207.98,17.5534],"pipPosition":[-1.39565,226.932,-18.6779],"stabilizedTipPosition":[-12.2138,227.084,-50.7052],"timeVisible":0.065411,"tipPosition":[-15.2749,223.513,-53.3843],"tipVelocity":[-159.137,410.006,-257.538],"tool":false,"touchDistance":0.625837,"touchZone":"hovering","type":1,"width":20.2967}],"r":[[0.998141,0.0548879,0.0265102],[-0.0555765,0.998116,0.0259768],[-0.0250345,-0.0274019,0.999311]],"s":1.01778,"t":[-6.56064,10.1615,-9.41084],"timestamp":262421180532},{"currentFrameRate":29.0221,"devices":[],"gestures":[],"hands":[{"armBasis":[[0.8872,0.00771993,-0.461321],[0.148289,0.94204,0.300949],[0.436907,-0.335411,0.834633]],"armWidth":65.6192,"confidence":0.419475,"direction":[-0.239543,0.63416,-0.73516],"elbow":[179.195,64.0732,298.737],"grabAngle":0.60823,"grabStrength":0,"id":433,"palmNormal":[-0.244509,-0.772204,-0.586444],"palmPosition":[34.7856,194.561,20.6221],"palmVelocity":[-168.645,307.809,-295.157],"palmWidth":89.6585,"pinchDistance":68.3815,"pinchStrength":0.122415,"r":[[0.995434,0.0886269,0.0354531],[-0.0898715,0.995331,0.0352025],[-0.0321677,-0.038228,0.998751]],"s":1.03553,"sphereCenter":[-8.28809,140.259,-38.7111],"sphereRadius":94.0659,"stabilizedPalmPosition":[40.7227,184.542,30.0869],"t":[-10.0311,16.1477,-15.0928],"timeVisible":0.084862,"type":"right","wrist":[62.9562,153.309,76.6839]}],"id":243620,"interactionBox":{"center":[0,200,0],"size":[235.247,235.247,147.751]},"pointables":[{"bases":[[[0.550042,0.798621,0.24425],[-0.553346,0.129458,0.82283],[0.625509,-0.587746,0.513121]],[[0.423043,0.894636,0.143737],[-0.837191,0.325235,0.439696],[0.34662,-0.306346,0.88657]],[[0.423043,0.894636,0.143737],[-0.872649,0.444973,-0.201202],[-0.243962,-0.040315,0.968946]],[[0.423043,0.894636,0.143737],[-0.594537,0.393771,-0.70105],[-0.683784,0.211117,0.698476]]],"btipPosition":[34.4823,166.093,-27.0504],"carpPosition":[27.4415,154.557,65.472],"dipPosition":[18.6313,170.987,-10.8588],"direction":[0.243962,0.040315,-0.968946],"extended":false,"handId":433,"id":4330,"length":51.6212,"mcpPosition":[27.4415,154.557,65.472],"pipPosition":[10.3923,169.625,21.8641],"stabilizedTipPosition":[32.6194,152.404,-6.48886],"timeVisible":0.084862,"tipPosition":[28.6508,166.688,-20.7883],"tipVelocity":[-129.545,337.721,-334.732],"tool":false,"touchDistance":0.891244,"touchZone":"hovering","type":0,"width":21.2486},{"bases":[[[0.886035,0.0677596,-0.458641],[0.183372,0.857375,0.48092],[0.425814,-0.510213,0.747238]],[[0.941963,-0.0133014,-0.335452],[0.175341,0.871591,0.457803],[0.286288,-0.490053,0.823339]],[[0.941963,-0.0133014,-0.335452],[0.103628,0.96194,0.252848],[0.319322,-0.272935,0.907491]],[[0.941963,-0.0133014,-0.335452],[0.0388742,0.996815,0.0696346],[0.333458,-0.0786337,0.93948]]],"btipPosition":[-19.2453,241.515,-60.5139],"carpPosition":[37.094,175.81,66.3173],"dipPosition":[-13.6021,240.185,-44.6148],"direction":[-0.319322,0.272935,-0.907491],"extended":true,"handId":433,"id":4331,"length":58.2488,"mcpPosition":[6.22551,212.797,12.1478],"pipPosition":[-5.95726,233.65,-22.8888],"stabilizedTipPosition":[-16.3655,237.312,-55.1599],"timeVisible":0.084862,"tipPosition":[-19.7327,231.903,-58.0004],"tipVelocity":[-231.758,519.745,-188.752],"tool":false,"touchDistance":0.541515,"touchZone":"hovering","type":1,"width":20.2967},{"bases":[[[0.891088,-0.148956,-0.42869],[0.339831,0.845077,0.412746],[0.300795,-0.513475,0.803658]],[[0.908038,-0.180536,-0.377987],[0.324549,0.873707,0.362359],[0.264831,-0.451711,0.851952]],[[0.908038,-0.180536,-0.377987],[0.257677,0.95217,0.164238],[0.330257,-0.246533,0.911127]],[[0.908038,-0.180536,-0.377987],[0.190522,0.98162,-0.0111541],[0.373053,-0.0618867,0.925744]]],"btipPosition":[-1.77921,243.319,-77.6323],"carpPosition":[47.7892,178.357,61.1854],"dipPosition":[5.16461,242.167,-60.401],"direction":[-0.330257,0.246533,-0.911127],"extended":true,"handId":433,"id":4332,"length":66.3698,"mcpPosition":[27.1104,213.657,5.93628],"pipPosition":[14.4667,235.223,-34.738],"stabilizedTipPosition":[0.689374,239.427,-72.087],"timeVisible":0.084862,"tipPosition":[-3.48866,233.29,-73.6017],"tipVelocity":[-158.996,579.043,-232.814],"tool":false,"touchDistance":0.349067,"touchZone":"hovering","type":2,"width":19.934},{"bases":[[[0.897469,-0.286173,-0.335639],[0.412042,0.815476,0.406472],[0.157384,-0.503094,0.849781]],[[0.889871,-0.264275,-0.371871],[0.392905,0.858209,0.330307],[0.231851,-0.440041,0.867531]],[[0.889871,-0.264275,-0.371871],[0.319192,0.943055,0.0936187],[0.325953,-0.202007,0.923552]],[[0.889871,-0.264275,-0.371871],[0.228027,0.963656,-0.139176],[0.395136,0.039052,0.917792]]],"btipPosition":[22.3502,233.074,-77.4323],"carpPosition":[58.5815,177.728,55.738],"dipPosition":[29.6628,233.797,-60.4472],"direction":[-0.325953,0.202007,-0.923552],"extended":true,"handId":433,"id":4333,"length":63.8164,"mcpPosition":[48.8672,208.78,3.28663],"pipPosition":[38.6066,228.254,-35.106],"stabilizedTipPosition":[25.0812,229.78,-71.531],"timeVisible":0.084862,"tipPosition":[20.4553,224.632,-73.1161],"tipVelocity":[-163.385,486.173,-274.046],"tool":false,"touchDistance":0.35112,"touchZone":"hovering","type":3,"width":18.9685},{"bases":[[[0.829152,-0.473258,-0.297546],[0.558891,0.713366,0.422788],[0.0121718,-0.516852,0.855989]],[[0.824447,-0.423265,-0.375679],[0.523124,0.823235,0.220512],[0.215937,-0.378327,0.900133]],[[0.824447,-0.423265,-0.375679],[0.396677,0.905647,-0.149835],[0.403653,-0.0254917,0.914557]],[[0.824447,-0.423265,-0.375679],[0.280972,0.882351,-0.377507],[0.491266,0.205679,0.846377]]],"btipPosition":[43.8696,209.882,-63.47],"carpPosition":[68.3353,170.119,49.1319],"dipPosition":[52.257,213.394,-49.0197],"direction":[-0.403653,0.0254917,-0.914557],"extended":true,"handId":433,"id":4334,"length":50.0309,"mcpPosition":[67.6398,199.65,0.223566],"pipPosition":[60.077,212.9,-31.302],"stabilizedTipPosition":[47.3277,204.98,-55.7707],"timeVisible":0.084862,"tipPosition":[42.6951,203.345,-56.5473],"tipVelocity":[-190.026,389.574,-328.75],"tool":false,"touchDistance":0.470938,"touchZone":"hovering","type":4,"width":16.8493}],"r":[[0.995434,0.0886269,0.0354531],[-0.0898715,0.995331,0.0352025],[-0.0321677,-0.038228,0.998751]],"s":1.03553,"t":[-10.0311,16.1477,-15.0928],"timestamp":262421199983},{"currentFrameRate":31.1494,"devices":[],"gestures":[],"hands":[{"armBasis":[[0.881239,0.0443529,-0.470586],[0.129462,0.934868,0.330547],[0.454596,-0.352214,0.8181]],"armWidth":65.6192,"confidence":0.498775,"direction":[-0.246249,0.643458,-0.724791],"elbow":[181.402,63.973,288.651],"grabAngle":0.585279,"grabStrength":0,"id":433,"palmNormal":[-0.22326,-0.765368,-0.603628],"palmPosition":[31.7306,199.54,15.6473],"palmVelocity":[-159.944,260.692,-260.462],"palmWidth":89.6585,"pinchDistance":69.3709,"pinchStrength":0.274663,"r":[[0.991823,0.119417,0.0450163],[-0.121472,0.991526,0.0460527],[-0.0391353,-0.0511443,0.997924]],"s":1.05326,"sphereCenter":[-6.54894,152.225,-42.3796],"sphereRadius":86.9947,"stabilizedPalmPosition":[37.5779,189.788,25.037],"t":[-13.2938,21.6304,-20.4212],"timeVisible":0.103962,"type":"right","wrist":[60.4574,157.679,70.996]}],"id":243621,"interactionBox":{"center":[0,200,0],"size":[235.247,235.247,147.751]},"pointables":[{"bases":[[[0.531157,0.804824,0.264823],[-0.563087,0.101767,0.820108],[0.633092,-0.584724,0.50724]],[[0.410108,0.895977,0.1704],[-0.853407,0.311081,0.418241],[0.321726,-0.316944,0.89221]],[[0.410108,0.895977,0.1704],[-0.870357,0.44031,-0.220466],[-0.272561,-0.0578937,0.960395]],[[0.410108,0.895977,0.1704],[-0.592133,0.403674,-0.697442],[-0.693678,0.185128,0.696088]]],"btipPosition":[34.2891,171.77,-32.8175],"carpPosition":[24.8287,158.517,59.6381],"dipPosition":[18.2087,176.061,-16.6813],"direction":[0.272561,0.0578937,-0.960395],"extended":false,"handId":433,"id":4330,"length":51.6212,"mcpPosition":[24.8287,158.517,59.6381],"pipPosition":[9.0039,174.106,15.7529],"stabilizedTipPosition":[32.1927,156.685,-11.2455],"timeVisible":0.103962,"tipPosition":[27.0036,172.413,-26.6697],"tipVelocity":[-12.8765,289.974,-302.609],"tool":false,"touchDistance":0.748756,"touchZone":"hovering","type":0,"width":21.2486},{"bases":[[[0.888407,0.0950506,-0.449109],[0.16129,0.851324,0.499233],[0.42979,-0.515958,0.740991]],[[0.945135,0.0123708,-0.326445],[0.154566,0.863419,0.480225],[0.2878,-0.504335,0.814136]],[[0.945135,0.0123708,-0.326445],[0.0804738,0.959672,0.269358],[0.316613,-0.28085,0.906024]],[[0.945135,0.0123708,-0.326445],[0.0202354,0.995147,0.0962978],[0.326052,-0.0976201,0.940298]]],"btipPosition":[-22.4723,247.184,-64.9788],"carpPosition":[34.0293,179.943,60.9867],"dipPosition":[-16.9545,245.532,-49.0659],"direction":[-0.316613,0.28085,-0.906024],"extended":true,"handId":433,"id":4331,"length":58.2488,"mcpPosition":[2.87259,217.346,7.26998],"pipPosition":[-9.37452,238.808,-27.3749],"stabilizedTipPosition":[-19.6912,243.837,-59.3938],"timeVisible":0.103962,"tipPosition":[-22.8395,237.431,-62.7056],"tipVelocity":[-170.466,292.908,-233.596],"tool":false,"touchDistance":0.453772,"touchZone":"hovering","type":1,"width":20.2967},{"bases":[[[0.897705,-0.122063,-0.423352],[0.31856,0.843603,0.432265],[0.304377,-0.52291,0.796191]],[[0.916175,-0.157022,-0.368738],[0.306926,0.866534,0.393593],[0.257721,-0.473775,0.842091]],[[0.916175,-0.157022,-0.368738],[0.241689,0.950396,0.195792],[0.319703,-0.268499,0.908679]],[[0.916175,-0.157022,-0.368738],[0.180497,0.983124,0.0298165],[0.357833,-0.0938731,0.929055]]],"btipPosition":[-4.18102,250.689,-81.8228],"carpPosition":[44.7136,182.811,56.0035],"dipPosition":[2.47949,248.942,-64.5299],"direction":[-0.319703,0.268499,-0.908679],"extended":true,"handId":433,"id":4332,"length":66.3698,"mcpPosition":[23.7885,218.76,1.26772],"pipPosition":[11.4843,241.379,-38.9358],"stabilizedTipPosition":[-1.79323,247.503,-76.3692],"timeVisible":0.103962,"tipPosition":[-6.1846,240.263,-78.1221],"tipVelocity":[-129.161,378.706,-218.656],"tool":false,"touchDistance":0.292126,"touchZone":"hovering","type":2,"width":19.934},{"bases":[[[0.906126,-0.260928,-0.332945],[0.391424,0.815627,0.426075],[0.160384,-0.5164,0.841195]],[[0.9018,-0.247842,-0.35402],[0.37349,0.859085,0.349969],[0.217396,-0.447825,0.86729]],[[0.9018,-0.247842,-0.35402],[0.30937,0.94223,0.128426],[0.301739,-0.225338,0.926378]],[[0.9018,-0.247842,-0.35402],[0.252932,0.966934,-0.0326331],[0.350402,-0.0601145,0.934668]]],"btipPosition":[21.2794,241.5,-82.3758],"carpPosition":[55.5638,182.512,50.6437],"dipPosition":[27.7641,240.388,-65.0784],"direction":[-0.301739,0.225338,-0.926378],"extended":true,"handId":433,"id":4333,"length":63.8164,"mcpPosition":[45.6644,214.386,-1.27764],"pipPosition":[36.0435,234.205,-39.6596],"stabilizedTipPosition":[23.4632,237.809,-76.3398],"timeVisible":0.103962,"tipPosition":[18.3165,232.554,-77.7218],"tipVelocity":[-66.034,419.034,-255.06],"tool":false,"touchDistance":0.285077,"touchZone":"hovering","type":3,"width":18.9685},{"bases":[[[0.841385,-0.450096,-0.29914],[0.540216,0.716266,0.441735],[0.0154406,-0.53327,0.845804]],[[0.837223,-0.404437,-0.368086],[0.483568,0.861843,0.152935],[0.25538,-0.306036,0.917128]],[[0.837223,-0.404437,-0.368086],[0.300619,0.902639,-0.308013],[0.456821,0.147222,0.877292]],[[0.837223,-0.404437,-0.368086],[0.256172,0.884719,-0.389419],[0.483149,0.231737,0.844313]]],"btipPosition":[38.6059,209.617,-67.8783],"carpPosition":[65.5311,175.238,43.9798],"dipPosition":[46.8547,213.573,-53.4633],"direction":[-0.456821,-0.147222,-0.877292],"extended":true,"handId":433,"id":4334,"length":50.0309,"mcpPosition":[64.6489,205.707,-4.3467],"pipPosition":[55.7047,216.425,-36.4675],"stabilizedTipPosition":[43.7094,207.921,-60.4321],"timeVisible":0.103962,"tipPosition":[40.2627,210.191,-62.4367],"tipVelocity":[-277.259,-8.55484,-231.225],"tool":false,"touchDistance":0.390932,"touchZone":"hovering","type":4,"width":16.8493}],"r":[[0.991823,0.119417,0.0450163],[-0.121472,0.991526,0.0460527],[-0.0391353,-0.0511443,0.997924]],"s":1.05326,"t":[-13.2938,21.6304,-20.4212],"timestamp":262421219083},{"currentFrameRate":33.0558,"devices":[],"gestures":[],"hands":[{"armBasis":[[0.875987,0.0597957,-0.478615],[0.131277,0.925269,0.355869],[0.464127,-0.374568,0.802674]],"armWidth":65.6192,"confidence":0.571135,"direction":[-0.250885,0.651999,-0.71551],"elbow":[182.39,61.6011,279.924],"grabAngle":0.859335,"grabStrength":0,"id":433,"palmNormal":[-0.22183,-0.758204,-0.613121],"palmPosition":[29.8024,203.863,11.7806],"palmVelocity":[-100.046,224.296,-200.631],"palmWidth":89.6585,"pinchDistance":70.2039,"pinchStrength":1,"r":[[0.988092,0.144557,0.0527033],[-0.147506,0.987407,0.0571788],[-0.043774,-0.064272,0.996972]],"s":1.10066,"sphereCenter":[5.93751,180.272,-38.6267],"sphereRadius":64.1531,"stabilizedPalmPosition":[34.7949,194.826,20.2922],"t":[-15.8893,26.5332,-25.0188],"timeVisible":0.123235,"type":"right","wrist":[58.9097,161.255,66.3731]}],"id":243622,"interactionBox":{"center":[0,200,0],"size":[235.247,235.247,147.751]},"pointables":[{"bases":[[[0.528617,0.803413,0.274028],[-0.561206,0.0885696,0.822924],[0.636877,-0.588797,0.497699]],[[0.411903,0.892277,0.18487],[-0.85676,0.310137,0.412041],[0.31032,-0.32811,0.892214]],[[0.411903,0.892277,0.18487],[-0.86569,0.446514,-0.226289],[-0.284459,-0.0668307,0.956356]],[[0.411903,0.892277,0.18487],[-0.592637,0.41643,-0.689469],[-0.692183,0.174434,0.700326]]],"btipPosition":[33.5787,176.584,-37.176],"carpPosition":[23.1902,162.232,55.2416],"dipPosition":[17.5331,180.627,-20.9415],"direction":[0.284459,0.0668307,-0.956356],"extended":false,"handId":433,"id":4330,"length":51.6212,"mcpPosition":[23.1902,162.232,55.2416],"pipPosition":[7.9264,178.37,11.3562],"stabilizedTipPosition":[31.6645,161.459,-16.3333],"timeVisible":0.123235,"tipPosition":[25.4475,177.299,-31.0816],"tipVelocity":[-36.4436,246.819,-224.973],"tool":false,"touchDistance":0.642175,"touchZone":"hovering","type":0,"width":21.2486},{"bases":[[[0.886756,0.104643,-0.450237],[0.159219,0.845282,0.510046],[0.43395,-0.523973,0.732898]],[[0.94354,0.0217242,-0.330544],[0.154407,0.853972,0.496881],[0.29307,-0.519866,0.802402]],[[0.94354,0.0217242,-0.330544],[0.0794549,0.953876,0.289496],[0.321587,-0.299414,0.898294]],[[0.94354,0.0217242,-0.330544],[0.0169543,0.993372,0.113683],[0.330823,-0.112869,0.936919]]],"btipPosition":[-24.9201,252.861,-67.7879],"carpPosition":[32.3073,183.676,56.8493],"dipPosition":[-19.3214,250.951,-51.9322],"direction":[-0.321587,0.299414,-0.898294],"extended":true,"handId":433,"id":4331,"length":58.2488,"mcpPosition":[0.848966,221.66,3.71932],"pipPosition":[-11.6224,243.783,-30.4263],"stabilizedTipPosition":[-22.5586,250.083,-62.8476],"timeVisible":0.123235,"tipPosition":[-25.0841,242.929,-65.8474],"tipVelocity":[-126.039,291.49,-146.436],"tool":false,"touchDistance":0.399394,"touchZone":"hovering","type":1,"width":20.2967},{"bases":[[[0.897009,-0.112753,-0.427389],[0.316332,0.839096,0.442552],[0.308721,-0.53217,0.788344]],[[0.916739,-0.150412,-0.37009],[0.308957,0.854233,0.41813],[0.253251,-0.497658,0.829579]],[[0.916739,-0.150412,-0.37009],[0.24687,0.941649,0.228809],[0.314079,-0.301122,0.900378]],[[0.916739,-0.150412,-0.37009],[0.187657,0.979977,0.0665564],[0.352669,-0.130465,0.926609]]],"btipPosition":[-5.75947,257.908,-84.5347],"carpPosition":[42.9659,186.654,51.8755],"dipPosition":[0.804917,255.48,-67.2873],"direction":[-0.314079,0.301122,-0.900378],"extended":true,"handId":433,"id":4332,"length":66.3698,"mcpPosition":[21.7422,223.239,-2.32086],"pipPosition":[9.65134,246.998,-41.927],"stabilizedTipPosition":[-3.73523,255.288,-79.6885],"timeVisible":0.123235,"tipPosition":[-8.05282,246.995,-81.2488],"tipVelocity":[-83.0467,366.454,-141.25],"tool":false,"touchDistance":0.268242,"touchZone":"hovering","type":2,"width":19.934},{"bases":[[[0.906247,-0.252769,-0.338857],[0.389291,0.811504,0.435791],[0.164829,-0.526849,0.833824]],[[0.904717,-0.247986,-0.346397],[0.372003,0.856128,0.35869],[0.20761,-0.453373,0.866805]],[[0.904717,-0.247986,-0.346397],[0.315407,0.936485,0.153346],[0.286368,-0.247991,0.92547]],[[0.904717,-0.247986,-0.346397],[0.267336,0.963567,0.00840743],[0.331692,-0.100211,0.93805]]],"btipPosition":[20.4446,247.712,-86.0983],"carpPosition":[53.8022,186.47,46.4825],"dipPosition":[26.583,245.858,-68.7383],"direction":[-0.286368,0.247991,-0.92547],"extended":true,"handId":433,"id":4333,"length":63.8164,"mcpPosition":[43.6284,218.989,-4.9839],"pipPosition":[34.4406,239.053,-43.3445],"stabilizedTipPosition":[22.3403,244.432,-80.3692],"timeVisible":0.123235,"tipPosition":[16.5692,238.963,-81.2033],"tipVelocity":[-47.4484,313.471,-192.398],"tool":false,"touchDistance":0.240004,"touchZone":"hovering","type":3,"width":18.9685},{"bases":[[[0.84237,-0.442633,-0.30739],[0.538529,0.712555,0.449724],[0.019969,-0.544373,0.838606]],[[0.838897,-0.40338,-0.365426],[0.436972,0.899416,0.0103124],[0.32451,-0.168332,0.930783]],[[0.838897,-0.40338,-0.365426],[-0.0689909,0.58716,-0.806525],[0.539899,0.701803,0.464738]],[[0.838897,-0.40338,-0.365426],[-0.33499,0.146515,-0.93076],[0.42899,0.903226,-0.0122172]]],"btipPosition":[33.4904,187.308,-49.6137],"carpPosition":[63.7804,179.326,39.6953],"dipPosition":[40.8146,202.729,-49.8223],"direction":[-0.539899,-0.701803,-0.464738],"extended":false,"handId":433,"id":4334,"length":50.0309,"mcpPosition":[62.6394,210.429,-8.21983],"pipPosition":[51.274,216.325,-40.8189],"stabilizedTipPosition":[39.1686,198.841,-54.7016],"timeVisible":0.123235,"tipPosition":[35.8772,196.846,-53.6633],"tipVelocity":[-276.455,-1020.69,773.162],"tool":false,"touchDistance":0.608689,"touchZone":"hovering","type":4,"width":16.8493}],"r":[[0.988092,0.144557,0.0527033],[-0.147506,0.987407,0.0571788],[-0.043774,-0.064272,0.996972]],"s":1.10066,"t":[-15.8893,26.5332,-25.0188],"timestamp":262421238356},{"currentFrameRate":34.7822,"devices":[],"gestures":[],"hands":[{"armBasis":[[0.8725,0.0682991,-0.483817],[0.134106,0.918685,0.37153],[0.46985,-0.389042,0.792393]],"armWidth":65.6192,"confidence":0.635676,"direction":[-0.25156,0.66153,-0.706467],"elbow":[182.416,60.742,273.306],"grabAngle":0.915169,"grabStrength":0,"id":433,"palmNormal":[-0.223601,-0.749917,-0.622597],"palmPosition":[28.1982,207.629,8.56216],"palmVelocity":[-83.1152,195.125,-166.749],"palmWidth":89.6585,"pinchDistance":70.8344,"pinchStrength":1,"r":[[0.984654,0.164204,0.0591011],[-0.168107,0.983383,0.0685452],[-0.0468636,-0.0774286,0.995896]],"s":1.14931,"sphereCenter":[6.25009,190.475,-39.7334],"sphereRadius":60.1842,"stabilizedPalmPosition":[32.43,199.416,16.0871],"t":[-17.9891,30.8677,-28.9268],"timeVisible":0.142536,"type":"right","wrist":[57.4129,164.246,62.4904]}],"id":243623,"interactionBox":{"center":[0,200,0],"size":[235.247,235.247,147.751]},"pointables":[{"bases":[[[0.886053,0.109745,-0.450407],[0.160887,0.838393,0.520781],[0.434771,-0.533904,0.725204]],[[0.941209,0.0284809,-0.336621],[0.159589,0.84076,0.517353],[0.297752,-0.540659,0.786786]],[[0.941209,0.0284809,-0.336621],[0.0856101,0.943805,0.319224],[0.326796,-0.329274,0.885879]],[[0.941209,0.0284809,-0.336621],[0.020949,0.989601,0.142303],[0.337174,-0.140989,0.930825]]],"btipPosition":[-26.9538,258.832,-69.6562],"carpPosition":[30.7645,186.852,53.3583],"dipPosition":[-21.2477,256.446,-53.9036],"direction":[-0.326796,0.329274,-0.88588],"extended":true,"handId":433,"id":4331,"length":58.2488,"mcpPosition":[-0.753327,225.556,0.786097],"pipPosition":[-13.4239,248.563,-32.695],"stabilizedTipPosition":[-24.9991,256.575,-65.3695],"timeVisible":0.142536,"tipPosition":[-26.7,248.582,-68.2604],"tipVelocity":[-104.088,303.703,-98.0283],"tool":false,"touchDistance":0.364407,"touchZone":"hovering","type":1,"width":20.2967},{"bases":[[[0.896149,-0.10794,-0.430425],[0.317874,0.832951,0.452933],[0.309633,-0.542716,0.78076]],[[0.91