{"frames":281,"data":[{"currentFrameRate":24.8737,"devices":[],"gestures":[],"hands":[],"id":244239,"interactionBox":{"center":[0,200,0],"size":[235.247,235.247,147.751]},"pointables":[],"r":[[-0.020113,-0.761857,-0.647433],[0.506356,0.550609,-0.663651],[0.86209,-0.34118,0.374696]],"s":-5.55733,"t":[884.858,792.664,758.259],"timestamp":262442933263},{"currentFrameRate":24.8745,"devices":[],"gestures":[],"hands":[],"id":244240,"interactionBox":{"center":[0,200,0],"size":[235.247,235.247,147.751]},"pointables":[],"r":[[-0.020113,-0.761857,-0.647433],[0.506356,0.550609,-0.663651],[0.86209,-0.34118,0.374696]],"s":-5.55733,"t":[884.858,792.664,758.259],"timestamp":262442973459},{"currentFrameRate":20.7684,"devices":[],"gestures":[],"hands":[],"id":244241,"interactionBox":{"center":[0,200,0],"size":[235.247,235.247,147.751]},"pointables":[],"r":[[-0.020113,-0.761857,-0.647433],[0.506356,0.550609,-0.663651],[0.86209,-0.34118,0.374696]],"s":-5.55733,"t":[884.858,792.664,758.259],"timestamp":262443053863},{"currentFrameRate":21.5141,"devices":[],"gestures":[],"hands":[],"id":244242,"interactionBox":{"center":[0,200,0],"size":[235.247,235.247,147.751]},"pointables":[],"r":[[-0.020113,-0.761857,-0.647433],[0.506356,0.550609,-0.663651],[0.86209,-0.34118,0.374696]],"s":-5.55733,"t":[884.858,792.664,758.259],"timestamp":262443094091},{"currentFrameRate":22.1098,"devices":[],"gestures":[],"hands":[],"id":244243,"interactionBox":{"center":[0,200,0],"size":[235.247,235.247,147.751]},"pointables":[],"r":[[-0.020113,-0.761857,-0.647433],[0.506356,0.550609,-0.663651],[0.86209,-0.34118,0.374696]],"s":-5.55733,"t":[884.858,792.664,758.259],"timestamp":262443134459},{"currentFrameRate":22.5812,"devices":[],"gestures":[],"hands":[],"id":244244,"interactionBox":{"center":[0,200,0],"size":[235.247,235.247,147.751]},"pointables":[],"r":[[-0.020113,-0.761857,-0.647433],[0.506356,0.550609,-0.663651],[0.86209,-0.34118,0.374696]],"s":-5.55733,"t":[884.858,792.664,758.259],"timestamp":262443174979},{"currentFrameRate":22.997,"devices":[],"gestures":[],"hands":[],"id":244245,"interactionBox":{"center":[0,200,0],"size":[235.247,235.247,147.751]},"pointables":[],"r":[[-0.020113,-0.761857,-0.647433],[0.506356,0.550609,-0.663651],[0.86209,-0.34118,0.374696]],"s":-5.55733,"t":[884.858,792.664,758.259],"timestamp":262443215199},{"currentFrameRate":23.3416,"devices":[],"gestures":[],"hands":[],"id":244246,"interactionBox":{"center":[0,200,0],"size":[235.247,235.247,147.751]},"pointables":[],"r":[[-0.020113,-0.761857,-0.647433],[0.506356,0.550609,-0.663651],[0.86209,-0.34118,0.374696]],"s":-5.55733,"t":[884.858,792.664,758.259],"timestamp":262443255376},{"currentFrameRate":23.6169,"devices":[],"gestures":[],"hands":[],"id":244247,"interactionBox":{"center":[0,200,0],"size":[235.247,235.247,147.751]},"pointables":[],"r":[[-0.020113,-0.761857,-0.647433],[0.506356,0.550609,-0.663651],[0.86209,-0.34118,0.374696]],"s":-5.55733,"t":[884.858,792.664,758.259],"timestamp":262443295614},{"currentFrameRate":23.8181,"devices":[],"gestures":[],"hands":[{"armBasis":[[0.860508,-0.196171,-0.470153],[0.242535,0.96934,0.0394473],[0.448,-0.147973,0.881703]],"armWidth":62.7876,"confidence":0,"direction":[-0.188193,0.762128,-0.619471],"elbow":[185.348,85.8836,325.292],"grabAngle":0.579663,"grabStrength":0,"id":434,"palmNormal":[-0.495429,-0.618277,-0.61015],"palmPosition":[40.4141,174.989,41.7554],"palmVelocity":[1.19209e-7,1.19209e-7,1.19209e-7],"palmWidth":89.6585,"pinchDistance":60.3861,"pinchStrength":0,"r":[[1,-5.55112e-18,-2.77556e-18],[5.55112e-18,1,-2.22045e-17],[2.77556e-18,2.22045e-17,1]],"s":1,"sphereCenter":[-11.499,118.143,-31.5166],"sphereRadius":106.251,"stabilizedPalmPosition":[40.4141,174.989,41.7554],"t":[0,0,0],"timeVisible":0,"type":"right","wrist":[66.1581,125.252,90.7159]}],"id":244248,"interactionBox":{"center":[0,200,0],"size":[235.247,235.247,147.751]},"pointables":[{"bases":[[[0.747643,0.624428,0.226097],[-0.387472,0.133654,0.912142],[0.539348,-0.769562,0.341874]],[[0.612544,0.776763,0.146387],[-0.594386,0.330566,0.733097],[0.521052,-0.536064,0.664183]],[[0.612544,0.776763,0.146387],[-0.789813,0.594119,0.152372],[0.0313861,-0.208953,0.977422]],[[0.612544,0.776763,0.146387],[-0.694069,0.617178,-0.370619],[-0.37823,0.125418,0.917176]]],"btipPosition":[12.4859,162.367,-3.58331],"carpPosition":[30.447,131.872,83.0752],"dipPosition":[3.76347,165.259,17.5678],"direction":[-0.0313861,0.208953,-0.977422],"extended":false,"handId":434,"id":4340,"length":51.3537,"mcpPosition":[30.447,131.872,83.0752],"pipPosition":[4.81794,158.239,50.4059],"stabilizedTipPosition":[10.4797,163.032,1.28145],"timeVisible":0,"tipPosition":[10.4797,163.032,1.28145],"tipVelocity":[1.19209e-7,1.19209e-7,1.19209e-7],"tool":false,"touchDistance":1,"touchZone":"none","type":0,"width":19.9537},{"bases":[[[0.763629,-0.276268,-0.583564],[0.579569,0.691641,0.430968],[0.284554,-0.667315,0.688273]],[[0.787951,-0.340677,-0.512906],[0.541601,0.779741,0.314122],[0.292919,-0.525303,0.798909]],[[0.787951,-0.340677,-0.512906],[0.44992,0.88724,0.101875],[0.420364,-0.311039,0.852379]],[[0.787951,-0.340677,-0.512906],[0.387213,0.921825,-0.0174303],[0.478748,-0.18487,0.858268]]],"btipPosition":[0.793588,234.138,-47.2308],"carpPosition":[54.9117,151.174,77.8066],"dipPosition":[9.65856,230.714,-31.3383],"direction":[-0.420364,0.311039,-0.852379],"extended":true,"handId":434,"id":4342,"length":66.0259,"mcpPosition":[35.3495,197.05,30.4898],"pipPosition":[21.4373,221.999,-7.45439],"stabilizedTipPosition":[2.83253,233.35,-43.5755],"timeVisible":0,"tipPosition":[2.83253,233.35,-43.5755],"tipVelocity":[1.19209e-7,1.19209e-7,1.19209e-7],"tool":false,"touchDistance":0.8797,"touchZone":"hovering","type":2,"width":18.7192},{"bases":[[[0.751302,-0.422806,-0.506735],[0.641421,0.64851,0.409894],[0.155317,-0.632985,0.758424]],[[0.748941,-0.413466,-0.517816],[0.593055,0.766834,0.24546],[0.29559,-0.490929,0.819522]],[[0.748941,-0.413466,-0.517816],[0.490095,0.871573,0.0129127],[0.445976,-0.26345,0.855395]],[[0.748941,-0.413466,-0.517816],[0.421918,0.90012,-0.10849],[0.510953,-0.137223,0.848585]]],"btipPosition":[20.2136,219.4,-51.2619],"carpPosition":[64.3945,148.999,70.603],"dipPosition":[29.6206,216.874,-35.6389],"direction":[-0.445976,0.26345,-0.855394],"extended":true,"handId":434,"id":4343,"length":63.4857,"mcpPosition":[54.8078,188.069,23.7905],"pipPosition":[41.7942,209.683,-12.2895],"stabilizedTipPosition":[22.3772,218.819,-47.6686],"timeVisible":0,"tipPosition":[22.3772,218.819,-47.6686],"tipVelocity":[1.19209e-7,1.19209e-7,1.19209e-7],"tool":false,"touchDistance":0.818304,"touchZone":"hovering","type":3,"width":17.8125},{"bases":[[[0.647851,-0.594527,-0.476264],[0.761653,0.516366,0.391472],[0.0131857,-0.616364,0.787351]],[[0.644738,-0.543502,-0.537511],[0.722294,0.663332,0.195658],[0.250207,-0.514389,0.820244]],[[0.644738,-0.543502,-0.537511],[0.597781,0.796749,-0.0885988],[0.476415,-0.264191,0.83859]],[[0.644738,-0.543502,-0.537511],[0.486742,0.834095,-0.259552],[0.589402,-0.0942862,0.802319]]],"btipPosition":[42.4461,200.272,-41.6007],"carpPosition":[71.1096,140.439,61.7535],"dipPosition":[52.4568,198.67,-27.9737],"direction":[-0.476415,0.264191,-0.83859],"extended":true,"handId":434,"id":4344,"length":49.7716,"mcpPosition":[70.3562,175.656,16.7669],"pipPosition":[61.6385,193.579,-11.8119],"stabilizedTipPosition":[44.7485,199.903,-38.4665],"timeVisible":0,"tipPosition":[44.7485,199.903,-38.4665],"tipVelocity":[1.19209e-7,1.19209e-7,1.19209e-7],"tool":false,"touchDistance":0.956336,"touchZone":"hovering","type":4,"width":15.8225},{"bases":[[[0.804381,-0.0613888,-0.590934],[0.441306,0.727671,0.525114],[0.397769,-0.683174,0.612416]],[[0.875021,-0.219203,-0.431611],[0.423455,0.778642,0.463036],[0.234572,-0.587934,0.774151]],[[0.875021,-0.219203,-0.431611],[0.377185,0.867595,0.324054],[0.30343,-0.446351,0.841844]],[[0.875021,-0.219203,-0.431611],[0.346352,0.906396,0.241841],[0.338198,-0.361106,0.869037]]],"btipPosition":[-6.93852,241.418,-27.4752],"carpPosition":[44.7477,150.294,84.374],"dipPosition":[-1.24475,235.339,-12.8445],"direction":[-0.30343,0.446351,-0.841843],"extended":true,"handId":434,"id":4341,"length":57.947,"mcpPosition":[15.9123,199.819,39.9781],"pipPosition":[5.98196,224.708,7.20548],"stabilizedTipPosition":[-5.62895,240.02,-24.1101],"timeVisible":0,"tipPosition":[-5.62895,240.02,-24.1101],"tipVelocity":[1.19209e-7,1.19209e-7,1.19209e-7],"tool":false,"touchDistance":1,"touchZone":"none","type":1,"width":19.0597}],"r":[[1,-5.55112e-18,-2.77556e-18],[5.55112e-18,1,-2.22045e-17],[2.77556e-18,2.22045e-17,1]],"s":1,"t":[0,0,0],"timestamp":262443336075},{"currentFrameRate":24.0379,"devices":[],"gestures":[],"hands":[{"armBasis":[[0.866172,-0.0956928,-0.490499],[0.205391,0.962936,0.174838],[0.455589,-0.252184,0.853723]],"armWidth":65.6192,"confidence":0.207399,"direction":[-0.225314,0.778551,-0.585741],"elbow":[186.595,67.6679,316.463],"grabAngle":0.513215,"grabStrength":0,"id":434,"palmNormal":[-0.426411,-0.619362,-0.659215],"palmPosition":[37.3621,185.877,42.7483],"palmVelocity":[-76.3967,272.544,24.8542],"palmWidth":89.6585,"pinchDistance":64.2825,"pinchStrength":0,"r":[[0.999862,0.0149047,0.00739555],[-0.0149809,0.999834,0.0103572],[-0.00723996,-0.0104666,0.999919]],"s":1.01633,"sphereCenter":[-4.54708,140.201,-30.9118],"sphereRadius":98.1187,"stabilizedPalmPosition":[38.8214,180.671,42.2735],"t":[-1.52599,5.44393,0.49645],"timeVisible":0.039949,"type":"right","wrist":[65.3862,134.761,89.3314]}],"id":244249,"interactionBox":{"center":[0,200,0],"size":[235.247,235.247,147.751]},"pointables":[{"bases":[[[0.689935,0.665158,0.285578],[-0.426385,0.054621,0.902891],[0.584966,-0.744703,0.321298]],[[0.54588,0.811455,0.208699],[-0.65293,0.255891,0.712883],[0.525068,-0.525415,0.669509]],[[0.54588,0.811455,0.208699],[-0.837402,0.536645,0.103778],[-0.027786,-0.231416,0.972458]],[[0.54588,0.811455,0.208699],[-0.689988,0.576676,-0.437449],[-0.475322,0.094795,0.87469]]],"btipPosition":[15.4902,171.415,-4.66392],"carpPosition":[29.3599,139.954,81.3853],"dipPosition":[4.47163,173.613,15.6125],"direction":[0.027786,0.231416,-0.972458],"extended":false,"handId":434,"id":4340,"length":51.6212,"mcpPosition":[29.3599,139.954,81.3853],"pipPosition":[3.53325,165.798,48.454],"stabilizedTipPosition":[11.4132,166.383,0.79823],"timeVisible":0.039949,"tipPosition":[10.4729,173.5,0.493148],"tipVelocity":[61.9838,222.498,-32.0857],"tool":false,"touchDistance":1,"touchZone":"none","type":0,"width":21.2486},{"bases":[[[0.801301,-0.186479,-0.568456],[0.510563,0.708424,0.4873],[0.311836,-0.680706,0.66287]],[[0.82488,-0.243589,-0.510135],[0.477876,0.782556,0.399048],[0.302005,-0.572948,0.761921]],[[0.82488,-0.243589,-0.510135],[0.381592,0.90572,0.184548],[0.417085,-0.346893,0.840062]],[[0.82488,-0.243589,-0.510135],[0.321147,0.944566,0.0682591],[0.465229,-0.220134,0.857382]]],"btipPosition":[-3.82364,249.301,-43.5364],"carpPosition":[52.4399,161.283,78.0302],"dipPosition":[4.83588,245.204,-27.5776],"direction":[-0.417085,0.346893,-0.840062],"extended":true,"handId":434,"id":4342,"length":66.3698,"mcpPosition":[31.0021,208.079,32.4598],"pipPosition":[16.5836,235.433,-3.9162],"stabilizedTipPosition":[-0.700599,244.719,-40.7657],"timeVisible":0.039949,"tipPosition":[-1.74922,246.238,-40.6324],"tipVelocity":[-116.761,375.689,92.8593],"tool":false,"touchDistance":0.880708,"touchZone":"hovering","type":2,"width":19.934},{"bases":[[[0.797673,-0.337488,-0.499819],[0.576188,0.67123,0.466324],[0.178115,-0.659964,0.729879]],[[0.793441,-0.322477,-0.516197],[0.541338,0.761571,0.356318],[0.278216,-0.562155,0.778831]],[[0.793441,-0.322477,-0.516197],[0.436648,0.892424,0.113654],[0.424016,-0.315574,0.848895]],[[0.793441,-0.322477,-0.516197],[0.36063,0.932286,-0.0280937],[0.490303,-0.163866,0.856009]]],"btipPosition":[18.2786,237.52,-47.5732],"carpPosition":[62.2932,160.215,71.0791],"dipPosition":[27.3523,234.487,-31.7315],"direction":[-0.424016,0.315574,-0.848895],"extended":true,"handId":434,"id":4343,"length":63.8164,"mcpPosition":[51.2993,200.95,26.0285],"pipPosition":[38.9868,225.828,-8.43877],"stabilizedTipPosition":[20.6291,234.464,-44.4194],"timeVisible":0.039949,"tipPosition":[19.3105,233.926,-44.6678],"tipVelocity":[-50.3569,450.658,93.5947],"tool":false,"touchDistance":0.825892,"touchZone":"hovering","type":3,"width":18.9685},{"bases":[[[0.706686,-0.51784,-0.482118],[0.706698,0.549606,0.445546],[0.034254,-0.655572,0.754355]],[[0.702658,-0.471541,-0.532842],[0.69063,0.632149,0.351309],[0.171179,-0.614846,0.769845]],[[0.702658,-0.471541,-0.532842],[0.596255,0.798867,0.0793191],[0.388267,-0.373444,0.842489]],[[0.702658,-0.471541,-0.532842],[0.524062,0.849514,-0.0607016],[0.48128,-0.23659,0.844035]]],"btipPosition":[46.2388,222.938,-38.7428],"carpPosition":[69.9301,152.673,62.0528],"dipPosition":[54.4558,218.899,-24.3326],"direction":[-0.388267,0.373444,-0.842489],"extended":true,"handId":434,"id":4344,"length":50.0309,"mcpPosition":[67.9729,190.131,18.9514],"pipPosition":[61.9777,211.664,-8.01105],"stabilizedTipPosition":[48.0023,221.183,-35.5421],"timeVisible":0.039949,"tipPosition":[44.8212,218.161,-35.6798],"tipVelocity":[84.613,553.357,76.0474],"tool":false,"touchDistance":0.939606,"touchZone":"hovering","type":4,"width":16.8493},{"bases":[[[0.825751,0.030921,-0.563187],[0.366926,0.728882,0.57801],[0.428369,-0.68394,0.59053]],[[0.900887,-0.123543,-0.416101],[0.368157,0.725282,0.581744],[0.22992,-0.677277,0.69888]],[[0.900887,-0.123543,-0.416101],[0.321294,0.834362,0.447896],[0.291844,-0.537194,0.791359]],[[0.900887,-0.123543,-0.416101],[0.283622,0.89323,0.348854],[0.328575,-0.432293,0.839738]]],"btipPosition":[-11.2235,257.87,-21.5434],"carpPosition":[42.1619,159.292,84.1631],"dipPosition":[-5.66289,250.555,-7.33225],"direction":[-0.291844,0.537194,-0.791359],"extended":true,"handId":434,"id":4341,"length":58.2488,"mcpPosition":[11.1081,208.873,41.3538],"pipPosition":[1.32409,237.694,11.6135],"stabilizedTipPosition":[-8.96346,252.512,-19.6014],"timeVisible":0.039949,"tipPosition":[-10.8615,252.574,-20.3114],"tipVelocity":[-108.027,404.704,146.069],"tool":false,"touchDistance":1,"touchZone":"none","type":1,"width":20.2967}],"r":[[0.999862,0.0149047,0.00739555],[-0.0149809,0.999834,0.0103572],[-0.00723996,-0.0104666,0.999919]],"s":1.01633,"t":[-1.52599,5.44393,0.49645],"timestamp":262443376024},{"currentFrameRate":24.6955,"devices":[],"gestures":[],"hands":[{"armBasis":[[0.862117,-0.028719,-0.505895],[0.175803,0.953329,0.245474],[0.475235,-0.300565,0.82693]],"armWidth":65.6192,"confidence":0.378367,"direction":[-0.256128,0.791763,-0.554536],"elbow":[188.735,66.87,303.159],"grabAngle":0.389509,"grabStrength":0,"id":434,"palmNormal":[-0.394012,-0.609365,-0.688062],"palmPosition":[32.2004,198.88,38.8161],"palmVelocity":[-144.87,364.938,-110.361],"palmWidth":89.6585,"pinchDistance":70.1728,"pinchStrength":0,"r":[[0.999251,0.035582,0.0152247],[-0.0359825,0.998991,0.0268889],[-0.0142526,-0.0274166,0.999522]],"s":1.05195,"sphereCenter":[6.64707,187.124,-16.9895],"sphereRadius":68.7672,"stabilizedPalmPosition":[32.8077,197.21,39.1332],"t":[-4.86984,14.6673,-1.22141],"timeVisible":0.075579,"type":"right","wrist":[62.2991,146.835,83.155]}],"id":244250,"interactionBox":{"center":[0,200,0],"size":[235.247,235.247,147.751]},"pointables":[{"bases":[[[0.657631,0.682525,0.318876],[-0.434224,-0.00246842,0.900802],[0.615607,-0.730858,0.294745]],[[0.520751,0.815279,0.253258],[-0.725383,0.266131,0.634818],[0.450154,-0.514291,0.729977]],[[0.520751,0.815279,0.253258],[-0.846645,0.531278,0.0306055],[-0.109598,-0.230357,0.966915]],[[0.520751,0.815279,0.253258],[-0.647254,0.57048,-0.505584],[-0.55667,0.0993611,0.82477]]],"btipPosition":[20.4749,181.832,-12.2476],"carpPosition":[26.0111,151.059,75.4314],"dipPosition":[7.57061,184.135,6.87158],"direction":[0.109598,0.230357,-0.966915],"extended":false,"handId":434,"id":4340,"length":51.6212,"mcpPosition":[26.0111,151.059,75.4314],"pipPosition":[3.8693,176.356,39.5259],"stabilizedTipPosition":[15.1669,176.226,-4.52918],"timeVisible":0.075579,"tipPosition":[11.3198,184.953,-5.82734],"tipVelocity":[127.73,293.037,-220.316],"tool":false,"touchDistance":1,"touchZone":"none","type":0,"width":21.2486},{"bases":[[[0.827161,0.0912766,-0.554502],[0.330213,0.719459,0.611014],[0.454713,-0.688511,0.564968]],[[0.900583,-0.0462768,-0.432215],[0.353922,0.655344,0.667281],[0.25237,-0.753911,0.60657]],[[0.900583,-0.0462768,-0.432215],[0.300479,0.784777,0.542067],[0.314107,-0.618048,0.720662]],[[0.900583,-0.0462768,-0.432215],[0.244583,0.875932,0.41584],[0.359347,-0.480211,0.800167]]],"btipPosition":[-19.3871,275.73,-18.4412],"carpPosition":[37.9171,170.813,79.1218],"dipPosition":[-13.3058,267.603,-4.89976],"direction":[-0.314107,0.618048,-0.720662],"extended":true,"handId":434,"id":4341,"length":58.2488,"mcpPosition":[4.95359,220.725,38.1656],"pipPosition":[-5.78582,252.807,12.3534],"stabilizedTipPosition":[-17.7778,273.363,-15.4264],"timeVisible":0.075579,"tipPosition":[-18.3709,268.488,-19.7328],"tipVelocity":[-225.761,496.023,82.7431],"tool":false,"touchDistance":1,"touchZone":"none","type":1,"width":20.2967},{"bases":[[[0.812496,-0.126579,-0.569059],[0.475203,0.709242,0.520728],[0.337687,-0.693508,0.636407]],[[0.838733,-0.186279,-0.51169],[0.464642,0.734826,0.494104],[0.283962,-0.652174,0.702876]],[[0.838733,-0.186279,-0.51169],[0.387663,0.864164,0.320839],[0.382418,-0.467462,0.797017]],[[0.838733,-0.186279,-0.51169],[0.337036,0.915639,0.219114],[0.427707,-0.356236,0.83076]]],"btipPosition":[-7.3693,272.125,-42.0571],"carpPosition":[48.1351,173.515,73.1633],"dipPosition":[0.591815,265.494,-26.5938],"direction":[-0.382418,0.467462,-0.797017],"extended":true,"handId":434,"id":4342,"length":66.3698,"mcpPosition":[24.9201,221.191,29.4122],"pipPosition":[11.3631,252.328,-4.14485],"stabilizedTipPosition":[-5.46909,270.23,-38.5329],"timeVisible":0.075579,"tipPosition":[-7.5507,265.015,-40.6836],"tipVelocity":[-104.022,624.226,38.32],"tool":false,"touchDistance":0.846451,"touchZone":"hovering","type":2,"width":19.934},{"bases":[[[0.815183,-0.280358,-0.506829],[0.542561,0.675917,0.498763],[0.202742,-0.681568,0.703108]],[[0.811041,-0.266908,-0.52055],[0.530902,0.709535,0.463361],[0.245674,-0.652166,0.717164]],[[0.811041,-0.266908,-0.52055],[0.453622,0.848819,0.271539],[0.369377,-0.456363,0.809502]],[[0.811041,-0.266908,-0.52055],[0.388312,0.911164,0.137816],[0.437523,-0.313911,0.842635]]],"btipPosition":[16.4525,262.441,-46.6864],"carpPosition":[58.071,173.18,66.256],"dipPosition":[24.5495,256.632,-31.0921],"direction":[-0.369377,0.456363,-0.809502],"extended":true,"handId":434,"id":4343,"length":63.8164,"mcpPosition":[45.5571,215.248,22.8578],"pipPosition":[34.6848,244.11,-8.88035],"stabilizedTipPosition":[18.3447,260.761,-43.1167],"timeVisible":0.075579,"tipPosition":[15.2236,254.966,-45.0208],"tipVelocity":[-57.5564,681.526,23.2921],"tool":false,"touchDistance":0.789085,"touchZone":"hovering","type":3,"width":18.9685},{"bases":[[[0.732242,-0.46516,-0.497442],[0.678512,0.561194,0.474006],[0.0586731,-0.684607,0.726547]],[[0.729039,-0.43527,-0.528245],[0.674661,0.587163,0.447293],[0.115473,-0.682481,0.721724]],[[0.729039,-0.43527,-0.528245],[0.624984,0.738008,0.254438],[0.2791,-0.51564,0.810073]],[[0.729039,-0.43527,-0.528245],[0.576274,0.80676,0.130561],[0.369338,-0.399597,0.838994]]],"btipPosition":[46.9864,246.202,-39.8211],"carpPosition":[66.0957,166.372,56.9862],"dipPosition":[53.2921,239.38,-25.4969],"direction":[-0.2791,0.51564,-0.810073],"extended":true,"handId":434,"id":4344,"length":50.0309,"mcpPosition":[62.7433,205.488,15.4738],"pipPosition":[58.6991,229.391,-9.80338],"stabilizedTipPosition":[48.4318,244.371,-36.5155],"timeVisible":0.075579,"tipPosition":[42.8314,238.929,-37.4503],"tipVelocity":[8.64272,634.964,-30.8188],"tool":false,"touchDistance":0.862508,"touchZone":"hovering","type":4,"width":16.8493}],"r":[[0.999251,0.035582,0.0152247],[-0.0359825,0.998991,0.0268889],[-0.0142526,-0.0274166,0.999522]],"s":1.05195,"t":[-4.86984,14.6673,-1.22141],"timestamp":262443411654},{"currentFrameRate":26.9786,"devices":[],"gestures":[],"hands":[{"armBasis":[[0.88645,0.0754533,-0.456632],[0.139219,0.897456,0.418558],[0.441389,-0.434603,0.785045]],"armWidth":65.6192,"confidence":0.469159,"direction":[-0.256563,0.812303,-0.523774],"elbow":[176.095,37.694,285.935],"grabAngle":0.31077,"grabStrength":0,"id":434,"palmNormal":[-0.296249,-0.581921,-0.757367],"palmPosition":[29.1744,207.467,34.5337],"palmVelocity":[-143.822,408.121,-203.533],"palmWidth":89.6585,"pinchDistance":71.9441,"pinchStrength":0,"r":[[0.99722,0.0629508,0.0398766],[-0.0649863,0.996531,0.0519913],[-0.0364654,-0.0544382,0.997851]],"s":1.09141,"sphereCenter":[32.8398,239.197,7.21158],"sphereRadius":51.3564,"stabilizedPalmPosition":[29.5746,206.337,35.0404],"t":[-8.05477,23.5724,-4.22151],"timeVisible":0.096619,"type":"right","wrist":[58.6636,153.32,77.0744]}],"id":244251,"interactionBox":{"center":[0,200,0],"size":[235.247,235.247,147.751]},"pointables":[{"bases":[[[0.585117,0.694744,0.418292],[-0.507802,-0.088274,0.856939],[0.632278,-0.71382,0.301142]],[[0.449472,0.821461,0.350965],[-0.796149,0.190198,0.574432],[0.405121,-0.537611,0.739494]],[[0.449472,0.821461,0.350965],[-0.87359,0.486277,-0.0193873],[-0.186592,-0.297886,0.936188]],[[0.449472,0.821461,0.350965],[-0.632134,0.570092,-0.524788],[-0.631176,0.0140203,0.775513]]],"btipPosition":[23.8724,193.163,-18.6088],"carpPosition":[22.8661,156.984,67.3587],"dipPosition":[9.24093,193.488,-0.631457],"direction":[0.186592,0.297886,-0.936188],"extended":false,"handId":434,"id":4340,"length":51.6212,"mcpPosition":[22.8661,156.984,67.3587],"pipPosition":[2.9394,183.428,30.9852],"stabilizedTipPosition":[19.0967,188.744,-11.8474],"timeVisible":0.096619,"tipPosition":[13.5268,195.335,-12.6965],"tipVelocity":[142.595,516.897,-314.82],"tool":false,"touchDistance":1,"touchZone":"none","type":0,"width":21.2486},{"bases":[[[0.863868,0.174977,-0.47235],[0.232538,0.693294,0.682106],[0.44683,-0.69909,0.558226]],[[0.926532,0.0553496,-0.372123],[0.268636,0.595148,0.757386],[0.26339,-0.801707,0.536555]],[[0.926532,0.0553496,-0.372123],[0.227319,0.705782,0.670968],[0.299776,-0.706263,0.641348]],[[0.926532,0.0553496,-0.372123],[0.171419,0.818369,0.548532],[0.334895,-0.572021,0.748757]]],"btipPosition":[-23.2644,288.456,-17.9965],"carpPosition":[33.1804,177.072,73.3295],"dipPosition":[-17.5968,278.776,-5.32504],"direction":[-0.299776,0.706263,-0.641348],"extended":true,"handId":434,"id":4341,"length":58.2488,"mcpPosition":[0.788355,227.751,32.862],"pipPosition":[-10.42,261.867,10.0293],"stabilizedTipPosition":[-21.7034,285.438,-15.1032],"timeVisible":0.096619,"tipPosition":[-20.8651,280.235,-21.3711],"tipVelocity":[-188.804,587.854,11.6272],"tool":false,"touchDistance":1,"touchZone":"none","type":1,"width":20.2967},{"bases":[[[0.86391,-0.0418522,-0.501904],[0.384991,0.697378,0.60452],[0.324717,-0.71548,0.618585]],[[0.884945,-0.0929811,-0.456318],[0.392379,0.67662,0.623076],[0.25082,-0.730438,0.635256]],[[0.884945,-0.0929811,-0.456318],[0.340393,0.797854,0.497555],[0.317812,-0.595637,0.737708]],[[0.884945,-0.0929811,-0.456318],[0.294784,0.87041,0.394321],[0.360519,-0.483467,0.797675]]],"btipPosition":[-6.28036,290.577,-40.0003],"carpPosition":[43.6798,180.741,68.4802],"dipPosition":[0.430156,281.578,-25.1528],"direction":[-0.317812,0.595637,-0.737708],"extended":true,"handId":434,"id":4342,"length":66.3698,"mcpPosition":[21.3565,229.928,25.9543],"pipPosition":[9.38173,264.801,-4.37438],"stabilizedTipPosition":[-4.77199,287.632,-36.6786],"timeVisible":0.096619,"tipPosition":[-6.58469,281.082,-41.0839],"tipVelocity":[38.0847,851.09,91.0254],"tool":false,"touchDistance":0.823867,"touchZone":"hovering","type":2,"width":19.934},{"bases":[[[0.870782,-0.199136,-0.449537],[0.455885,0.669443,0.586528],[0.184141,-0.715675,0.673722]],[[0.868272,-0.189662,-0.458401],[0.459187,0.656972,0.597942],[0.18775,-0.729669,0.657521]],[[0.868272,-0.189662,-0.458401],[0.408678,0.797277,0.44422],[0.281221,-0.573042,0.769764]],[[0.868272,-0.189662,-0.458401],[0.354264,0.883901,0.305313],[0.347275,-0.42749,0.834657]]],"btipPosition":[20.3475,281.534,-44.7805],"carpPosition":[54.1654,181.434,62.4706],"dipPosition":[26.7744,273.623,-29.3339],"direction":[-0.281221,0.573042,-0.769764],"extended":true,"handId":434,"id":4343,"length":63.8164,"mcpPosition":[42.7996,225.608,20.8862],"pipPosition":[34.4908,257.899,-8.21247],"stabilizedTipPosition":[21.6701,278.867,-41.3122],"timeVisible":0.096619,"tipPosition":[17.9642,272.127,-44.846],"tipVelocity":[166.868,884.467,88.97],"tool":false,"touchDistance":0.771589,"touchZone":"hovering","type":3,"width":18.9685},{"bases":[[[0.798866,-0.388485,-0.45923],[0.600239,0.564445,0.56667],[0.0390672,-0.728342,0.6841]],[[0.797397,-0.367201,-0.478875],[0.600988,0.554919,0.575221],[0.0545148,-0.746477,0.663174]],[[0.797397,-0.367201,-0.478875],[0.567009,0.727515,0.386294],[0.206541,-0.579556,0.788325]],[[0.797397,-0.367201,-0.478875],[0.530949,0.804057,0.267557],[0.286795,-0.467607,0.836117]]],"btipPosition":[50.3088,262.704,-38.327],"carpPosition":[63.348,175.734,53.534],"dipPosition":[55.2053,254.721,-24.0519],"direction":[-0.206541,0.579556,-0.788325],"extended":true,"handId":434,"id":4344,"length":50.0309,"mcpPosition":[61.1159,217.349,14.4468],"pipPosition":[59.2066,243.493,-8.77972],"stabilizedTipPosition":[51.3128,260.197,-35.1036],"timeVisible":0.096619,"tipPosition":[45.1702,254.609,-37.2897],"tipVelocity":[142.505,771.607,70.4764],"tool":false,"touchDistance":0.831833,"touchZone":"hovering","type":4,"width":16.8493}],"r":[[0.99722,0.0629508,0.0398766],[-0.0649863,0.996531,0.0519913],[-0.0364654,-0.0544382,0.997851]],"s":1.09141,"t":[-8.05477,23.5724,-4.22151],"timestamp":262443432694},{"currentFrameRate":29.0485,"devices":[],"gestures":[],"hands":[{"armBasis":[[0.893625,0.110087,-0.435103],[0.151435,0.838642,0.523209],[0.422494,-0.533443,0.73276]],"armWidth":65.6192,"confidence":0.550577,"direction":[-0.249145,0.818873,-0.517081],"elbow":[167.818,14.548,268.391],"grabAngle":0.220622,"grabStrength":0,"id":434,"palmNormal":[-0.265477,-0.571213,-0.776684],"palmPosition":[26.7382,211.872,31.7507],"palmVelocity":[-116.44,210.578,-133.019],"palmWidth":89.6585,"pinchDistance":73.0034,"pinchStrength":0,"r":[[0.994037,0.0862787,0.0666841],[-0.0911961,0.993035,0.0745986],[-0.0597834,-0.0802351,0.994982]],"s":1.12819,"sphereCenter":[56.7588,287.381,43.2161],"sphereRadius":85.5303,"stabilizedPalmPosition":[27.1323,211.103,32.2077],"t":[-10.8653,30.2278,-7.11306],"timeVisible":0.117541,"type":"right","wrist":[55.4141,156.47,73.4404]}],"id":244252,"interactionBox":{"center":[0,200,0],"size":[235.247,235.247,147.751]},"pointables":[{"bases":[[[0.563614,0.693325,0.449043],[-0.533603,-0.10938,0.838632],[0.630561,-0.712275,0.308312]],[[0.431926,0.817287,0.38142],[-0.820052,0.179833,0.5433],[0.375441,-0.54745,0.747893]],[[0.431926,0.817287,0.38142],[-0.879918,0.474675,-0.0206781],[-0.197951,-0.326687,0.92417]],[[0.431926,0.817287,0.38142],[-0.639471,0.575737,-0.509513],[-0.636016,-0.0238354,0.771307]]],"btipPosition":[22.9348,199.247,-22.4259],"carpPosition":[19.9729,160.735,63.4515],"dipPosition":[8.19118,198.695,-4.54602],"direction":[0.197951,0.326687,-0.92417],"extended":false,"handId":434,"id":4340,"length":51.6212,"mcpPosition":[19.9729,160.735,63.4515],"pipPosition":[1.50606,187.662,26.6648],"stabilizedTipPosition":[19.4216,196.285,-16.5464],"timeVisible":0.117541,"tipPosition":[13.1273,200.357,-16.2876],"tipVelocity":[-46.0444,281.184,-183.514],"tool":false,"touchDistance":0.876859,"touchZone":"hovering","type":0,"width":21.2486},{"bases":[[[0.876315,0.192926,-0.44142],[0.202909,0.68324,0.701435],[0.436921,-0.704246,0.559587]],[[0.930438,0.0886983,-0.355552],[0.25215,0.549083,0.796824],[0.265905,-0.831048,0.488523]],[[0.930438,0.0886983,-0.355552],[0.214853,0.653953,0.725385],[0.296855,-0.751318,0.589405]],[[0.930438,0.0886983,-0.355552],[0.154552,0.784763,0.600218],[0.332262,-0.613417,0.716465]]],"btipPosition":[-25.8561,295.607,-17.4854],"carpPosition":[29.8628,180.821,70.1052],"dipPosition":[-20.2332,285.226,-5.36045],"direction":[-0.296855,0.751318,-0.589405],"extended":true,"handId":434,"id":4341,"length":58.2488,"mcpPosition":[-1.81087,231.874,29.5391],"pipPosition":[-13.1262,267.239,8.75037],"stabilizedTipPosition":[-24.4621,292.945,-14.711],"timeVisible":0.117541,"tipPosition":[-22.845,286.951,-22.1943],"tipVelocity":[-124.367,334.091,18.4203],"tool":false,"touchDistance":0.992086,"touchZone":"hovering","type":1,"width":20.2967},{"bases":[[[0.879771,-0.0233153,-0.474825],[0.357683,0.690393,0.628825],[0.313155,-0.723059,0.615727]],[[0.899351,-0.073349,-0.43103],[0.378545,0.623949,0.683661],[0.218795,-0.778015,0.588915]],[[0.899351,-0.073349,-0.43103],[0.345782,0.722653,0.598505],[0.267586,-0.687309,0.675281]],[[0.899351,-0.073349,-0.43103],[0.305844,0.810034,0.500303],[0.312453,-0.581777,0.750939]]],"btipPosition":[-4.85938,301.732,-37.7846],"carpPosition":[40.4676,184.692,65.6588],"dipPosition":[0.956445,290.903,-23.807],"direction":[-0.267586,0.687309,-0.675281],"extended":true,"handId":434,"id":4342,"length":66.3698,"mcpPosition":[18.9391,234.4,23.3294],"pipPosition":[8.49332,271.544,-4.78688],"stabilizedTipPosition":[-3.56262,298.862,-34.6387],"timeVisible":0.117541,"tipPosition":[-6.05286,291.009,-40.4118],"tipVelocity":[58.0822,513.073,96.3412],"tool":false,"touchDistance":0.805048,"touchZone":"hovering","type":2,"width":19.934},{"bases":[[[0.886782,-0.181443,-0.425084],[0.429425,0.663562,0.612601],[0.170917,-0.725785,0.66635]],[[0.882454,-0.164086,-0.440852],[0.442883,0.605644,0.661098],[0.158522,-0.778634,0.607124]],[[0.882454,-0.164086,-0.440852],[0.409698,0.728592,0.548909],[0.231133,-0.665003,0.710175]],[[0.882454,-0.164086,-0.440852],[0.365927,0.828365,0.424157],[0.295588,-0.535618,0.791038]]],"btipPosition":[21.7521,293.024,-42.1242],"carpPosition":[51.1294,185.608,59.9993],"dipPosition":[27.2224,283.111,-27.4848],"direction":[-0.231133,0.665003,-0.710175],"extended":true,"handId":434,"id":4343,"length":63.8164,"mcpPosition":[40.5799,230.406,18.8699],"pipPosition":[33.5644,264.864,-7.99847],"stabilizedTipPosition":[22.9659,290.35,-38.8418],"timeVisible":0.117541,"tipPosition":[19.2794,282.307,-44.0023],"tipVelocity":[56.6194,527.166,118.088],"tool":false,"touchDistance":0.764823,"touchZone":"hovering","type":3,"width":18.9685},{"bases":[[[0.817378,-0.371354,-0.440441],[0.575526,0.560517,0.595475],[0.0257425,-0.740214,0.671878]],[[0.815988,-0.345379,-0.463548],[0.577956,0.503234,0.642434],[0.0113903,-0.792129,0.610247]],[[0.815988,-0.345379,-0.463548],[0.561318,0.665044,0.492585],[0.138152,-0.662141,0.736535]],[[0.815988,-0.345379,-0.463548],[0.536284,0.751622,0.38401],[0.215784,-0.561942,0.798536]]],"btipPosition":[52.4244,272.63,-36.405],"carpPosition":[60.6547,180.172,51.259],"dipPosition":[56.1085,263.036,-22.7716],"direction":[-0.138152,0.662141,-0.736535],"extended":true,"handId":434,"id":4344,"length":50.0309,"mcpPosition":[59.1838,222.465,12.8701],"pipPosition":[58.7849,250.208,-8.50272],"stabilizedTipPosition":[53.2171,270.138,-33.3205],"timeVisible":0.117541,"tipPosition":[46.9338,263.278,-37.1552],"tipVelocity":[87.7899,456.712,84.8091],"tool":false,"touchDistance":0.808598,"touchZone":"hovering","type":4,"width":16.8493}],"r":[[0.994037,0.0862787,0.0666841],[-0.0911961,0.993035,0.0745986],[-0.0597834,-0.0802351,0.994982]],"s":1.12819,"t":[-10.8653,30.2278,-7.11306],"timestamp":262443453616},{"currentFrameRate":30.8906,"devices":[],"gestures":[],"hands":[{"armBasis":[[0.894523,0.160191,-0.417334],[0.1268,0.804314,0.580518],[0.428661,-0.572204,0.699165]],"armWidth":65.6192,"confidence":0.623201,"direction":[-0.217362,0.845477,-0.487774],"elbow":[167.201,4.6955,256.912],"grabAngle":0.169084,"grabStrength":0,"id":434,"palmNormal":[-0.222825,-0.529507,-0.818518],"palmPosition":[26.4839,214.55,30.8418],"palmVelocity":[-12.0708,127.044,-43.1321],"palmWidth":89.6585,"pinchDistance":73.2527,"pinchStrength":0,"r":[[0.989638,0.102521,0.10053],[-0.112676,0.988469,0.101163],[-0.0889993,-0.111442,0.989778]],"s":1.15673,"sphereCenter":[63.6294,305.294,66.9147],"sphereRadius":105.964,"stabilizedPalmPosition":[26.5804,214.037,31.0452],"t":[-12.3978,34.8941,-9.0133],"timeVisible":0.138614,"type":"right","wrist":[53.1566,156.93,70.8994]}],"id":244253,"interactionBox":{"center":[0,200,0],"size":[235.247,235.247,147.751]},"pointables":[{"bases":[[[0.539292,0.666441,0.514802],[-0.580331,-0.14887,0.800659],[0.61023,-0.730543,0.306472]],[[0.412309,0.794126,0.446503],[-0.849239,0.157575,0.503948],[0.329841,-0.58697,0.739372]],[[0.412309,0.794126,0.446503],[-0.882897,0.469175,-0.019165],[-0.224708,-0.386315,0.894577]],[[0.412309,0.794126,0.446503],[-0.665036,0.597322,-0.448257],[-0.622679,-0.11212,0.774403]]],"btipPosition":[23.6018,206.422,-25.0704],"carpPosition":[17.8025,161.905,59.4602],"dipPosition":[9.16737,203.823,-7.11875],"direction":[0.224708,0.386315,-0.894577],"extended":false,"handId":434,"id":4340,"length":51.6212,"mcpPosition":[17.8025,161.905,59.4602],"pipPosition":[1.57862,190.777,23.0926],"stabilizedTipPosition":[20.0966,203.77,-19.9948],"timeVisible":0.138614,"tipPosition":[16.2545,205.605,-18.7774],"tipVelocity":[35.0265,318.15,-124.709],"tool":false,"touchDistance":0.783086,"touchZone":"hovering","type":0,"width":21.2486},{"bases":[[[0.900331,0.210201,-0.381078],[0.164905,0.645562,0.745692],[0.402754,-0.734211,0.546556]],[[0.945152,0.112692,-0.306574],[0.218419,0.479814,0.849748],[0.242858,-0.870103,0.428883]],[[0.945152,0.112692,-0.306574],[0.18432,0.590857,0.785439],[0.269654,-0.798867,0.537678]],[[0.945152,0.112692,-0.306574],[0.122711,0.747334,0.65302],[0.302703,-0.654823,0.692516]]],"btipPosition":[-23.7536,302.031,-14.7886],"carpPosition":[27.3564,181.572,67.6758],"dipPosition":[-18.6308,290.95,-3.06893],"direction":[-0.269654,0.798867,-0.537678],"extended":true,"handId":434,"id":4341,"length":58.2488,"mcpPosition":[-1.84045,234.798,28.0543],"pipPosition":[-12.1751,271.824,9.8035],"stabilizedTipPosition":[-22.6547,299.208,-12.2032],"timeVisible":0.138614,"tipPosition":[-20.1815,293.558,-20.4729],"tipVelocity":[94.3155,297.214,123.551],"tool":false,"touchDistance":0.965265,"touchZone":"hovering","type":1,"width":20.2967},{"bases":[[[0.905075,-0.00407953,-0.425233],[0.323545,0.655529,0.682349],[0.275969,-0.755159,0.594622]],[[0.922498,-0.0580919,-0.381606],[0.347751,0.554148,0.756299],[0.167531,-0.830388,0.531402]],[[0.922498,-0.0580919,-0.381606],[0.325546,0.648289,0.688289],[0.207407,-0.759175,0.616956]],[[0.922498,-0.0580919,-0.381606],[0.299413,0.73163,0.612428],[0.243617,-0.679222,0.692321]]],"btipPosition":[0.85869,311.19,-32.4774],"carpPosition":[38.2055,185.604,64.0354],"dipPosition":[5.39325,298.547,-19.5909],"direction":[-0.207407,0.759175,-0.616956],"extended":true,"handId":434,"id":4342,"length":66.3698,"mcpPosition":[19.2335,237.519,23.1569],"pipPosition":[11.2351,277.164,-2.21356],"stabilizedTipPosition":[1.62261,307.801,-29.7752],"timeVisible":0.138614,"tipPosition":[-1.02005,300.097,-36.6062],"tipVelocity":[257.362,429.016,239.939],"tool":false,"touchDistance":0.83372,"touchZone":"hovering","type":2,"width":19.934},{"bases":[[[0.908838,-0.164568,-0.383315],[0.396014,0.629155,0.668832],[0.131097,-0.759658,0.636972]],[[0.902444,-0.132128,-0.410045],[0.414689,0.524336,0.74371],[0.116736,-0.841198,0.527976]],[[0.902444,-0.132128,-0.410045],[0.391272,0.649682,0.651782],[0.180279,-0.748636,0.638]],[[0.902444,-0.132128,-0.410045],[0.35146,0.776239,0.523382],[0.249139,-0.616438,0.74695]]],"btipPosition":[26.3567,302.813,-34.9732],"carpPosition":[49.1719,186.747,59.0378],"dipPosition":[30.9674,291.405,-21.1498],"direction":[-0.180279,0.748636,-0.638],"extended":true,"handId":434,"id":4343,"length":63.8164,"mcpPosition":[41.0802,233.636,19.7218],"pipPosition":[35.9141,270.863,-3.64387],"stabilizedTipPosition":[27.0471,299.371,-32.3798],"timeVisible":0.138614,"tipPosition":[24.5543,291.854,-38.8987],"tipVelocity":[209.124,448.219,330.435],"tool":false,"touchDistance":0.826123,"touchZone":"hovering","type":3,"width":18.9685},{"bases":[[[0.839893,-0.353061,-0.412223],[0.542566,0.526298,0.6547],[-0.0141976,-0.773536,0.633593]],[[0.839474,-0.311792,-0.44505],[0.541432,0.410274,0.733844],[-0.0462141,-0.857007,0.513229]],[[0.839474,-0.311792,-0.44505],[0.538569,0.58636,0.605083],[0.0722998,-0.747641,0.660156]],[[0.839474,-0.311792,-0.44505],[0.523787,0.682342,0.509957],[0.144676,-0.661207,0.736121]]],"btipPosition":[57.7189,281.694,-28.9531],"carpPosition":[59.1599,181.709,50.5802],"dipPosition":[60.189,270.406,-16.3853],"direction":[-0.0722997,0.747641,-0.660156],"extended":true,"handId":434,"id":4344,"length":50.0309,"mcpPosition":[59.9711,225.906,14.3788],"pipPosition":[61.5896,255.922,-3.59613],"stabilizedTipPosition":[57.8513,278.328,-26.6863],"timeVisible":0.138614,"tipPosition":[52.6197,271.788,-32.0494],"tipVelocity":[237.997,411.655,341.993],"tool":false,"touchDistance":0.869174,"touchZone":"hovering","type":4,"width":16.8493}],"r":[[0.989638,0.102521,0.10053],[-0.112676,0.988469,0.101163],[-0.0889993,-0.111442,0.989778]],"s":1.15673,"t":[-12.3978,34.8941,-9.0133],"timestamp":262443474689},{"currentFrameRate":29.5725,"devices":[],"gestures":[],"hands":[{"armBasis":[[-0.791231,-0.587945,0.168149],[0.394208,-0.700608,-0.594767],[0.467497,-0.404312,0.786116]],"armWidth":65.6192,"confidence":0.740059,"direction":[-0.140323,0.840864,-0.522739],"elbow":[169.502,37.3935,268.562],"grabAngle":0.410514,"grabStrength":0,"id":434,"palmNormal":[-0.368508,0.445678,0.815827],"palmPosition":[36.205,207.811,22.3174],"palmVelocity":[232.368,-161.08,-203.764],"palmWidth":89.6585,"pinchDistance":62.7515,"pinchStrength":0,"r":[[0.999069,-0.0339082,0.0266769],[0.0358003,0.996617,-0.0739764],[-0.0240782,0.0748625,0.996903]],"s":1.12681,"sphereCenter":[-31.3554,263.858,95.7239],"sphereRadius":117.168,"stabilizedPalmPosition":[35.6809,208.15,22.7927],"t":[-8.30344,33.8579,-14.2256],"timeVisible":0.180449,"type":"right","wrist":[45.1248,144.96,59.4171]}],"id":244254,"interactionBox":{"center":[0,200,0],"size":[235.247,235.247,147.751]},"pointables":[{"bases":[[[-0.0675707,-0.358128,-0.931224],[0.959149,-0.280311,0.0382042],[-0.274714,-0.890601,0.362439]],[[-0.0109239,-0.17164,-0.985099],[0.96545,-0.258321,0.0343029],[-0.26036,-0.950689,0.168532]],[[-0.0109239,-0.17164,-0.985099],[0.967111,0.248551,-0.0540312],[0.254122,-0.95329,0.16328]],[[-0.0109239,-0.17164,-0.985099],[0.717857,0.684468,-0.12722],[0.696104,-0.70855,0.115736]]],"btipPosition":[48.7916,264.78,45.7072],"carpPosition":[60.7039,169.399,62.1939],"dipPosition":[64.9281,248.355,48.3901],"direction":[-0.254122,0.95329,-0.16328],"extended":false,"handId":434,"id":4340,"length":51.6212,"mcpPosition":[60.7039,169.399,62.1939],"pipPosition":[73.5102,216.161,53.9043],"stabilizedTipPosition":[45.927,249.389,32.8667],"timeVisible":0.180449,"tipPosition":[48.8444,259.43,46.6668],"tipVelocity":[770.194,1318.94,1607.88],"tool":false,"touchDistance":1,"touchZone":"none","type":0,"width":21.2486},{"bases":[[[-0.96451,-0.231404,-0.127171],[0.205142,-0.353478,-0.912672],[0.166244,-0.906369,0.388404]],[[-0.947241,-0.306349,-0.094263],[0.193857,-0.313366,-0.929635],[0.255254,-0.898862,0.356221]],[[-0.947241,-0.306349,-0.094263],[0.151507,-0.168785,-0.973939],[0.282455,-0.936836,0.206294]],[[-0.947241,-0.306349,-0.094263],[0.114557,-0.0489135,-0.992212],[0.299352,-0.950662,0.0814274]]],"btipPosition":[11.3146,314.628,-17.6895],"carpPosition":[48.4575,165.322,33.3451],"dipPosition":[16.8866,296.933,-16.1739],"direction":[-0.282455,0.936836,-0.206294],"extended":true,"handId":434,"id":4342,"length":66.3698,"mcpPosition":[37.0287,227.632,6.6435],"pipPosition":[24.8423,270.546,-10.3634],"stabilizedTipPosition":[11.3308,310.24,-18.7748],"timeVisible":0.180449,"tipPosition":[13.2668,309.777,-19.3062],"tipVelocity":[255.636,54.4125,290.966],"tool":false,"touchDistance":0.96627,"touchZone":"hovering","type"