{"frames":193,"data":[{"currentFrameRate":10.4831,"devices":[],"gestures":[],"hands":[],"id":244754,"interactionBox":{"center":[0,200,0],"size":[235.247,235.247,147.751]},"pointables":[],"r":[[-0.020113,-0.761857,-0.647433],[0.506356,0.550609,-0.663651],[0.86209,-0.34118,0.374696]],"s":-5.55733,"t":[884.858,792.664,758.259],"timestamp":262457685544},{"currentFrameRate":12.0783,"devices":[],"gestures":[],"hands":[],"id":244755,"interactionBox":{"center":[0,200,0],"size":[235.247,235.247,147.751]},"pointables":[],"r":[[-0.020113,-0.761857,-0.647433],[0.506356,0.550609,-0.663651],[0.86209,-0.34118,0.374696]],"s":-5.55733,"t":[884.858,792.664,758.259],"timestamp":262457745840},{"currentFrameRate":12.1896,"devices":[],"gestures":[],"hands":[],"id":244756,"interactionBox":{"center":[0,200,0],"size":[235.247,235.247,147.751]},"pointables":[],"r":[[-0.020113,-0.761857,-0.647433],[0.506356,0.550609,-0.663651],[0.86209,-0.34118,0.374696]],"s":-5.55733,"t":[884.858,792.664,758.259],"timestamp":262457826395},{"currentFrameRate":14.523,"devices":[],"gestures":[],"hands":[],"id":244757,"interactionBox":{"center":[0,200,0],"size":[235.247,235.247,147.751]},"pointables":[],"r":[[-0.020113,-0.761857,-0.647433],[0.506356,0.550609,-0.663651],[0.86209,-0.34118,0.374696]],"s":-5.55733,"t":[884.858,792.664,758.259],"timestamp":262457866398},{"currentFrameRate":16.408,"devices":[],"gestures":[],"hands":[{"armBasis":[[-0.764684,-0.423761,0.485473],[0.272396,-0.895312,-0.352443],[0.584002,-0.137266,0.800062]],"armWidth":62.7876,"confidence":0,"direction":[-0.281946,0.619538,-0.732583],"elbow":[209.653,89.1996,314.166],"grabAngle":0.272809,"grabStrength":0,"id":435,"palmNormal":[-0.180173,0.715787,0.674676],"palmPosition":[35.9703,172.558,47.5003],"palmVelocity":[1.19209e-7,1.19209e-7,1.19209e-7],"palmWidth":89.6585,"pinchDistance":56.4234,"pinchStrength":0,"r":[[1,-2.22045e-17,1.11022e-17],[2.22045e-17,1,-2.22045e-17],[-1.11022e-17,2.22045e-17,1]],"s":1,"sphereCenter":[8.76595,261.206,112.752],"sphereRadius":115.595,"stabilizedPalmPosition":[35.9703,172.558,47.5003],"t":[0,0,0],"timeVisible":0,"type":"right","wrist":[54.28,125.719,101.31]}],"id":244758,"interactionBox":{"center":[0,200,0],"size":[235.247,235.247,147.751]},"pointables":[{"bases":[[[-0.273069,-0.648985,-0.710107],[0.949016,-0.302578,-0.0884068],[-0.157488,-0.698044,0.698521]],[[-0.232717,-0.483318,-0.843947],[0.968169,-0.0329098,-0.248124],[0.0921487,-0.874826,0.475593]],[[-0.232717,-0.483318,-0.843947],[0.935685,0.125372,-0.329812],[0.265211,-0.866421,0.423057]],[[-0.232717,-0.483318,-0.843947],[0.799977,0.398352,-0.448724],[0.553064,-0.779563,0.29394]]],"btipPosition":[43.9694,238.822,47.018],"carpPosition":[70.1664,148.705,91.4029],"dipPosition":[56.7236,220.844,53.7966],"direction":[-0.265211,0.866421,-0.423057],"extended":false,"handId":435,"id":4350,"length":51.3537,"mcpPosition":[70.1664,148.705,91.4029],"pipPosition":[65.6339,191.735,68.0099],"stabilizedTipPosition":[46.9028,234.687,48.5771],"timeVisible":0,"tipPosition":[46.9028,234.687,48.5771],"tipVelocity":[1.19209e-7,1.19209e-7,1.19209e-7],"tool":false,"touchDistance":1,"touchZone":"none","type":0,"width":19.9537},{"bases":[[[-0.828833,-0.221711,0.513692],[-0.166608,-0.778677,-0.6049],[0.534113,-0.586946,0.608455]],[[-0.941539,-0.05655,0.332125],[-0.232018,-0.605944,-0.76092],[0.244279,-0.793495,0.557399]],[[-0.941539,-0.05655,0.332125],[-0.232018,-0.605944,-0.76092],[0.244279,-0.793495,0.557399]],[[-0.941539,-0.05655,0.332125],[-0.232018,-0.605944,-0.76092],[0.244279,-0.793495,0.557399]]],"btipPosition":[-19.7551,223.272,3.67681],"carpPosition":[28.1303,133.319,78.0724],"dipPosition":[-15.6061,209.795,13.144],"direction":[-0.244279,0.793495,-0.557399],"extended":true,"handId":435,"id":4354,"length":49.7716,"mcpPosition":[-2.38713,166.855,43.3073],"pipPosition":[-10.8982,194.502,23.8865],"stabilizedTipPosition":[-18.8008,220.172,5.85426],"timeVisible":0,"tipPosition":[-18.8008,220.172,5.85426],"tipVelocity":[1.19209e-7,1.19209e-7,1.19209e-7],"tool":false,"touchDistance":1,"touchZone":"none","type":4,"width":15.8225},{"bases":[[[-0.976322,-0.213618,-0.0340932],[0.16042,-0.609244,-0.776587],[0.145122,-0.763668,0.629087]],[[-0.878887,-0.446262,0.168547],[0.105845,-0.526951,-0.843279],[0.465139,-0.723307,0.510365]],[[-0.878887,-0.446262,0.168547],[-0.0512386,-0.262967,-0.963443],[0.47427,-0.855394,0.208253]],[[-0.878887,-0.446262,0.168547],[-0.0737529,-0.221958,-0.972263],[0.471294,-0.86694,0.162162]]],"btipPosition":[13.7343,259.834,-3.50377],"carpPosition":[63.1758,138.885,71.3963],"dipPosition":[21.6688,245.239,-0.773673],"direction":[-0.47427,0.855394,-0.208253],"extended":true,"handId":435,"id":4351,"length":57.947,"mcpPosition":[52.6554,194.246,25.7919],"pipPosition":[32.9644,224.866,4.18622],"stabilizedTipPosition":[15.5592,256.478,-2.87585],"timeVisible":0,"tipPosition":[15.5592,256.478,-2.87585],"tipVelocity":[1.19209e-7,1.19209e-7,1.19209e-7],"tool":false,"touchDistance":1,"touchZone":"none","type":1,"width":19.0597},{"bases":[[[-0.960686,-0.207816,0.184104],[-0.00380085,-0.653206,-0.757171],[0.27761,-0.728103,0.626736]],[[-0.963735,-0.19965,0.177074],[-0.0229572,-0.599057,-0.800377],[0.265873,-0.775416,0.572749]],[[-0.963735,-0.19965,0.177074],[-0.0551102,-0.500343,-0.864072],[0.26111,-0.842495,0.471195]],[[-0.963735,-0.19965,0.177074],[-0.059663,-0.485549,-0.872171],[0.260107,-0.851106,0.456029]]],"btipPosition":[7.79691,261.993,-22.617],"carpPosition":[51.6422,135.743,69.3193],"dipPosition":[12.6133,246.233,-14.1727],"direction":[-0.26111,0.842495,-0.471195],"extended":true,"handId":435,"id":4352,"length":66.0259,"mcpPosition":[32.5573,185.798,26.233],"pipPosition":[19.9297,222.626,-0.969703],"stabilizedTipPosition":[8.90468,258.368,-20.6748],"timeVisible":0,"tipPosition":[8.90468,258.368,-20.6748],"tipVelocity":[1.19209e-7,1.19209e-7,1.19209e-7],"tool":false,"touchDistance":1,"touchZone":"none","type":2,"width":18.7192},{"bases":[[[-0.906324,-0.262861,0.330878],[-0.0635763,-0.689262,-0.721717],[0.417773,-0.675146,0.607983]],[[-0.98697,-0.0636844,0.147763],[-0.0835009,-0.582275,-0.808692],[0.13754,-0.810493,0.569371]],[[-0.98697,-0.0636844,0.147763],[-0.0835009,-0.582275,-0.808692],[0.13754,-0.810493,0.569371]],[[-0.98697,-0.0636844,0.147763],[-0.0835009,-0.582275,-0.808692],[0.13754,-0.810493,0.569371]]],"btipPosition":[1.71386,247.649,-18.2595],"carpPosition":[39.8421,133.249,70.3586],"dipPosition":[4.24606,232.727,-7.77705],"direction":[-0.13754,0.810493,-0.569371],"extended":true,"handId":435,"id":4353,"length":63.4857,"mcpPosition":[14.0557,174.921,32.8319],"pipPosition":[8.00043,210.603,7.76486],"stabilizedTipPosition":[2.29627,244.217,-15.8485],"timeVisible":0,"tipPosition":[2.29627,244.217,-15.8485],"tipVelocity":[1.19209e-7,1.19209e-7,1.19209e-7],"tool":false,"touchDistance":1,"touchZone":"none","type":3,"width":17.8125}],"r":[[1,-2.22045e-17,1.11022e-17],[2.22045e-17,1,-2.22045e-17],[-1.11022e-17,2.22045e-17,1]],"s":1,"t":[0,0,0],"timestamp":262457906679},{"currentFrameRate":17.9616,"devices":[],"gestures":[],"hands":[{"armBasis":[[0.851069,-0.0518465,-0.522487],[0.132888,0.983983,0.118818],[0.507958,-0.170554,0.844328]],"armWidth":65.6192,"confidence":0.2081,"direction":[-0.280266,0.748283,-0.601268],"elbow":[193.567,95.565,306.051],"grabAngle":0.0891645,"grabStrength":0,"id":435,"palmNormal":[-0.39663,-0.660674,-0.637334],"palmPosition":[26.3608,188.766,34.0149],"palmVelocity":[-239.71,404.302,-336.395],"palmWidth":89.6585,"pinchDistance":73.8506,"pinchStrength":0,"r":[[0.97618,-0.0104266,0.216712],[0.0368296,0.992312,-0.118156],[-0.213814,0.123323,0.969059]],"s":1.11842,"sphereCenter":[72.7099,292.415,53.6146],"sphereRadius":116.33,"stabilizedPalmPosition":[29.1305,184.094,37.9017],"t":[-4.80475,8.10384,-6.74271],"timeVisible":0.040088,"type":"right","wrist":[58.4254,140.941,81.4189]}],"id":244759,"interactionBox":{"center":[0,200,0],"size":[235.247,235.247,147.751]},"pointables":[{"bases":[[[0.651822,0.712852,0.258784],[-0.416753,0.0516073,0.907554],[0.633596,-0.699413,0.330722]],[[0.501541,0.845726,0.182219],[-0.690794,0.264688,0.672862],[0.520826,-0.463344,0.716975]],[[0.501541,0.845726,0.182219],[-0.859767,0.510672,-0.00373499],[-0.0962127,-0.154792,0.983251]],[[0.501541,0.845726,0.182219],[-0.664596,0.511485,-0.544698],[-0.553867,0.152087,0.818597]]],"btipPosition":[12.1671,167.933,-13.5634],"carpPosition":[21.6965,143.44,73.8847],"dipPosition":[-0.672207,171.458,5.41269],"direction":[0.0962127,0.154792,-0.983251],"extended":false,"handId":435,"id":4350,"length":51.6212,"mcpPosition":[21.6965,143.44,73.8847],"pipPosition":[-3.92147,166.231,38.6187],"stabilizedTipPosition":[17.0247,182.41,2.77456],"timeVisible":0.040088,"tipPosition":[4.88804,171.04,-8.07145],"tipVelocity":[-940.151,-1644.97,-1441.23],"tool":false,"touchDistance":1,"touchZone":"none","type":0,"width":21.2486},{"bases":[[[0.814682,0.0666303,-0.576068],[0.329485,0.76428,0.554361],[0.477214,-0.641433,0.600691]],[[0.861187,-0.00258658,-0.508281],[0.405048,0.607612,0.683186],[0.307071,-0.79423,0.524315]],[[0.861187,-0.00258658,-0.508281],[0.35814,0.712683,0.603174],[0.360683,-0.701482,0.61468]],[[0.861187,-0.00258658,-0.508281],[0.306041,0.801048,0.514452],[0.405827,-0.598595,0.690644]]],"btipPosition":[-29.8344,270.805,-16.2673],"carpPosition":[33.3305,163.583,75.9943],"dipPosition":[-22.9664,260.675,-4.57932],"direction":[-0.360683,0.701482,-0.61468],"extended":true,"handId":435,"id":4351,"length":58.2488,"mcpPosition":[-1.26424,210.083,32.4484],"pipPosition":[-14.3314,243.881,10.1366],"stabilizedTipPosition":[-26.2151,267.916,-13.0808],"timeVisible":0.040088,"tipPosition":[-27.4205,264.25,-16.972],"tipVelocity":[-1092.94,299.278,-266.993],"tool":false,"touchDistance":1,"touchZone":"none","type":1,"width":20.2967},{"bases":[[[0.803479,-0.151916,-0.575624],[0.47287,0.750274,0.462042],[0.361684,-0.643437,0.674666]],[[0.802462,-0.150111,-0.577513],[0.526705,0.63303,0.567322],[0.280422,-0.759433,0.587047]],[[0.802462,-0.150111,-0.577513],[0.480044,0.737265,0.475392],[0.354419,-0.658716,0.663687]],[[0.802462,-0.150111,-0.577513],[0.42674,0.820852,0.379599],[0.417071,-0.551061,0.722761]]],"btipPosition":[-12.6141,275.34,-36.8938],"carpPosition":[43.3844,166.037,69.6612],"dipPosition":[-4.85094,265.083,-23.4407],"direction":[-0.354419,0.658716,-0.663687],"extended":true,"handId":435,"id":4352,"length":66.3698,"mcpPosition":[18.5197,210.272,23.2799],"pipPosition":[5.1317,246.529,-4.74714],"stabilizedTipPosition":[-8.50876,271.263,-32.2567],"timeVisible":0.040088,"tipPosition":[-13.9306,268.142,-36.4145],"tipVelocity":[-492.248,364.506,-327.399],"tool":false,"touchDistance":0.937352,"touchZone":"hovering","type":2,"width":19.934},{"bases":[[[0.809998,-0.301071,-0.503249],[0.540355,0.716609,0.441007],[0.227858,-0.629148,0.743137]],[[0.797765,-0.269654,-0.539312],[0.572835,0.618157,0.538277],[0.188231,-0.738355,0.647611]],[[0.797765,-0.269654,-0.539312],[0.545149,0.704749,0.454028],[0.257649,-0.656213,0.709226]],[[0.797765,-0.269654,-0.539312],[0.517629,0.764997,0.383196],[0.309242,-0.584865,0.749869]]],"btipPosition":[18.0033,265.732,-45.275],"carpPosition":[53.1902,165.393,62.5919],"dipPosition":[23.7262,254.908,-31.3975],"direction":[-0.257649,0.656213,-0.709226],"extended":true,"handId":435,"id":4353,"length":63.8164,"mcpPosition":[39.126,204.226,16.7229],"pipPosition":[30.7958,236.902,-11.9372],"stabilizedTipPosition":[13.8631,257.144,-33.6743],"timeVisible":0.040088,"tipPosition":[13.6953,261.1,-40.9118],"tipVelocity":[424.648,474.595,-654.426],"tool":false,"touchDistance":0.805859,"touchZone":"hovering","type":3,"width":18.9685},{"bases":[[[0.730435,-0.486103,-0.47976],[0.677755,0.60264,0.421275],[0.0843392,-0.632874,0.769648]],[[0.723668,-0.445257,-0.527304],[0.689201,0.50626,0.518366],[0.0361473,-0.738543,0.673236]],[[0.723668,-0.445257,-0.527304],[0.672323,0.627352,0.392952],[0.155841,-0.638886,0.753352]],[[0.723668,-0.445257,-0.527304],[0.661216,0.666213,0.344896],[0.19773,-0.598252,0.776529]]],"btipPosition":[48.6714,242.719,-41.7659],"carpPosition":[61.1512,158.102,53.6405],"dipPosition":[52.0472,232.505,-28.5082],"direction":[-0.155841,0.638886,-0.753352],"extended":true,"handId":435,"id":4354,"length":50.0309,"mcpPosition":[56.3323,194.262,9.66536],"pipPosition":[55.0663,220.128,-13.9136],"stabilizedTipPosition":[39.1105,237.311,-31.9657],"timeVisible":0.040088,"tipPosition":[43.534,238.345,-38.2908],"tipVelocity":[1702.47,503.841,-1111.83],"tool":false,"touchDistance":0.823802,"touchZone":"hovering","type":4,"width":16.8493}],"r":[[0.97618,-0.0104266,0.216712],[0.0368296,0.992312,-0.118156],[-0.213814,0.123323,0.969059]],"s":1.11842,"t":[-4.80475,8.10384,-6.74271],"timestamp":262457946767},{"currentFrameRate":19.5918,"devices":[],"gestures":[],"hands":[{"armBasis":[[0.867759,-0.00578538,-0.496951],[0.160983,0.949292,0.270052],[0.47019,-0.314341,0.824689]],"armWidth":65.6192,"confidence":0.380121,"direction":[-0.274671,0.760315,-0.588624],"elbow":[178.342,64.3397,288.466],"grabAngle":0.0849406,"grabStrength":0,"id":435,"palmNormal":[-0.35487,-0.649109,-0.672848],"palmPosition":[22.1761,197.723,22.616],"palmVelocity":[-116.63,249.655,-317.694],"palmWidth":89.6585,"pinchDistance":79.2324,"pinchStrength":0,"r":[[0.920504,0.00585372,0.39069],[0.0776765,0.977189,-0.197654],[-0.382936,0.212289,0.899052]],"s":1.22092,"sphereCenter":[65.3117,300.036,47.2407],"sphereRadius":114.411,"stabilizedPalmPosition":[25.3344,191.534,29.5578],"t":[-9.29948,16.6346,-15.8135],"timeVisible":0.075968,"type":"right","wrist":[53.2482,147.97,69.0581]}],"id":244760,"interactionBox":{"center":[0,200,0],"size":[235.247,235.247,147.751]},"pointables":[{"bases":[[[0.623414,0.719255,0.306638],[-0.453313,0.0129407,0.891257],[0.637074,-0.694625,0.334115]],[[0.457137,0.861758,0.219998],[-0.788808,0.27857,0.547887],[0.410861,-0.423995,0.807106]],[[0.457137,0.861758,0.219998],[-0.88156,0.471792,-0.0162567],[-0.117802,-0.18651,0.975365]],[[0.457137,0.861758,0.219998],[-0.679312,0.497966,-0.539041],[-0.574074,0.0969687,0.813041]]],"btipPosition":[14.1374,175.96,-30.6394],"carpPosition":[17.0603,151.054,60.8469],"dipPosition":[0.829621,178.208,-11.7921],"direction":[0.117802,0.18651,-0.975365],"extended":false,"handId":435,"id":4350,"length":51.6212,"mcpPosition":[17.0603,151.054,60.8469],"pipPosition":[-3.14876,171.909,21.1476],"stabilizedTipPosition":[14.6677,180.059,-8.74833],"timeVisible":0.075968,"tipPosition":[5.52018,179.421,-22.6177],"tipVelocity":[51.9095,215.546,-476.744],"tool":false,"touchDistance":0.858985,"touchZone":"hovering","type":0,"width":21.2486},{"bases":[[[0.834853,0.103927,-0.540574],[0.28852,0.753711,0.590488],[0.468804,-0.648937,0.599253]],[[0.851926,0.0793991,-0.517608],[0.387936,0.568254,0.725668],[0.35175,-0.819014,0.453308]],[[0.851926,0.0793991,-0.517608],[0.324515,0.695715,0.640836],[0.410989,-0.713916,0.566932]],[[0.851926,0.0793991,-0.517608],[0.260898,0.792672,0.551002],[0.454043,-0.604455,0.654583]]],"btipPosition":[-38.373,280.603,-23.3391],"carpPosition":[28.1038,171.386,64.0432],"dipPosition":[-30.6891,270.374,-12.2614],"direction":[-0.410989,0.713916,-0.566932],"extended":true,"handId":435,"id":4351,"length":58.2488,"mcpPosition":[-5.88122,218.429,20.6015],"pipPosition":[-20.8497,253.282,1.31134],"stabilizedTipPosition":[-35.8728,277.521,-20.2475],"timeVisible":0.075968,"tipPosition":[-32.9724,274.952,-25.9083],"tipVelocity":[-232.746,272.445,-201.009],"tool":false,"touchDistance":1,"touchZone":"none","type":1,"width":20.2967},{"bases":[[[0.829015,-0.114725,-0.547332],[0.43573,0.746,0.50361],[0.350534,-0.655989,0.668434]],[[0.832865,-0.122019,-0.539858],[0.503386,0.572473,0.647207],[0.230082,-0.810794,0.538215]],[[0.832865,-0.122019,-0.539858],[0.463993,0.685684,0.560845],[0.301739,-0.717599,0.627699]],[[0.832865,-0.122019,-0.539858],[0.416921,0.779833,0.466945],[0.364023,-0.613981,0.700368]]],"btipPosition":[-12.0214,289.721,-44.1672],"carpPosition":[38.336,174.274,58.1976],"dipPosition":[-5.24569,278.293,-31.131],"direction":[-0.301739,0.717599,-0.627699],"extended":true,"handId":435,"id":4352,"length":66.3698,"mcpPosition":[14.2379,219.372,12.2447],"pipPosition":[3.25315,258.081,-13.4511],"stabilizedTipPosition":[-10.2499,285.366,-40.1968],"timeVisible":0.075968,"tipPosition":[-15.0452,281.183,-45.0306],"tipVelocity":[10.1883,393.319,-205.387],"tool":false,"touchDistance":0.76641,"touchZone":"hovering","type":2,"width":19.934},{"bases":[[[0.836341,-0.265917,-0.479398],[0.504798,0.714606,0.48427],[0.213805,-0.647014,0.731888]],[[0.832122,-0.25356,-0.493234],[0.544929,0.539116,0.642189],[0.103077,-0.803157,0.586782]],[[0.832122,-0.25356,-0.493234],[0.521284,0.661171,0.539552],[0.189303,-0.706088,0.682352]],[[0.832122,-0.25356,-0.493234],[0.478395,0.778084,0.407093],[0.280555,-0.574711,0.768763]]],"btipPosition":[20.2807,279.574,-52.5819],"carpPosition":[48.4255,174.085,51.5109],"dipPosition":[25.4728,268.939,-38.3548],"direction":[-0.189303,0.706088,-0.682352],"extended":true,"handId":435,"id":4353,"length":63.8164,"mcpPosition":[35.2287,214.02,6.33628],"pipPosition":[30.667,249.564,-19.6319],"stabilizedTipPosition":[19.7949,272.718,-45.8588],"timeVisible":0.075968,"tipPosition":[14.1836,273.721,-50.1067],"tipVelocity":[60.0705,387.004,-201.407],"tool":false,"touchDistance":0.650209,"touchZone":"hovering","type":3,"width":18.9685},{"bases":[[[0.760485,-0.453408,-0.464849],[0.645627,0.604558,0.466556],[0.0694879,-0.654928,0.75249]],[[0.760695,-0.455422,-0.46253],[0.644489,0.445048,0.621744],[-0.0773079,-0.771053,0.632061]],[[0.760695,-0.455422,-0.46253],[0.647467,0.583022,0.490787],[0.0461498,-0.672812,0.738373]],[[0.760695,-0.455422,-0.46253],[0.632794,0.679055,0.372098],[0.144621,-0.575739,0.804742]]],"btipPosition":[52.2836,254.559,-50.5103],"carpPosition":[56.9095,167.269,42.6652],"dipPosition":[54.7527,244.729,-36.7709],"direction":[-0.0461498,0.672812,-0.738373],"extended":true,"handId":435,"id":4354,"length":50.0309,"mcpPosition":[52.9392,204.69,-0.32956],"pipPosition":[55.6468,231.695,-22.4664],"stabilizedTipPosition":[50.1998,249.406,-44.3813],"timeVisible":0.075968,"tipPosition":[44.7233,250.705,-47.3677],"tipVelocity":[94.8631,332.434,-240.622],"tool":false,"touchDistance":0.645252,"touchZone":"hovering","type":4,"width":16.8493}],"r":[[0.920504,0.00585372,0.39069],[0.0776765,0.977189,-0.197654],[-0.382936,0.212289,0.899052]],"s":1.22092,"t":[-9.29948,16.6346,-15.8135],"timestamp":262457982647},{"currentFrameRate":22.4245,"devices":[],"gestures":[],"hands":[{"armBasis":[[0.874984,0.0205813,-0.483715],[0.15782,0.9324,0.325151],[0.457708,-0.360842,0.812587]],"armWidth":65.6192,"confidence":0.469282,"direction":[-0.240281,0.780959,-0.576513],"elbow":[171.684,54.143,278.775],"grabAngle":0.0289763,"grabStrength":0,"id":435,"palmNormal":[-0.322338,-0.624405,-0.711489],"palmPosition":[21.1744,201.752,16.5717],"palmVelocity":[-48.4345,194.805,-292.263],"palmWidth":89.6585,"pinchDistance":80.8521,"pinchStrength":0,"r":[[0.848568,0.0280698,0.528342],[0.121679,0.961471,-0.246509],[-0.514905,0.273468,0.812458]],"s":1.29496,"sphereCenter":[67.9125,304.577,49.1622],"sphereRadius":117.162,"stabilizedPalmPosition":[24.2256,194.257,26.0965],"t":[-12.0477,22.9143,-23.371],"timeVisible":0.096649,"type":"right","wrist":[49.9112,150.145,62.5867]}],"id":244761,"interactionBox":{"center":[0,200,0],"size":[235.247,235.247,147.751]},"pointables":[{"bases":[[[0.609865,0.704889,0.362209],[-0.498959,-0.0135671,0.866519],[0.615714,-0.709187,0.343437]],[[0.458458,0.844376,0.27721],[-0.822403,0.284854,0.492454],[0.336853,-0.453748,0.825011]],[[0.458458,0.844376,0.27721],[-0.872261,0.487265,-0.0416301],[-0.170226,-0.222714,0.959907]],[[0.458458,0.844376,0.27721],[-0.679903,0.534111,-0.502452],[-0.572319,0.0418773,0.818961]]],"btipPosition":[16.3156,182.753,-39.0651],"carpPosition":[13.8686,153.883,52.917],"dipPosition":[3.04857,183.723,-20.0806],"direction":[0.170226,0.222714,-0.959907],"extended":false,"handId":435,"id":4350,"length":51.6212,"mcpPosition":[13.8686,153.883,52.917],"pipPosition":[-2.70025,176.202,12.3371],"stabilizedTipPosition":[14.3496,180.72,-14.6299],"timeVisible":0.096649,"tipPosition":[7.43905,184.849,-30.4999],"tipVelocity":[105.779,314.227,-405.889],"tool":false,"touchDistance":0.680507,"touchZone":"hovering","type":0,"width":21.2486},{"bases":[[[0.862279,0.116461,-0.49286],[0.26083,0.73207,0.629318],[0.434099,-0.6712,0.600873]],[[0.875892,0.0946524,-0.473132],[0.370629,0.49587,0.785332],[0.308946,-0.863223,0.399248]],[[0.875892,0.0946524,-0.473132],[0.339836,0.575081,0.744173],[0.342527,-0.812602,0.471543]],[[0.875892,0.0946524,-0.473132],[0.280412,0.698126,0.658779],[0.392661,-0.709691,0.584941]]],"btipPosition":[-34.6392,290.886,-24.3832],"carpPosition":[24.8224,174.03,57.3538],"dipPosition":[-27.9941,278.875,-14.4841],"direction":[-0.342527,0.812602,-0.471543],"extended":true,"handId":435,"id":4351,"length":58.2488,"mcpPosition":[-6.64679,222.687,13.7947],"pipPosition":[-19.7937,259.421,-3.19498],"stabilizedTipPosition":[-33.4854,286.686,-21.8543],"timeVisible":0.096649,"tipPosition":[-31.7236,283.293,-28.8038],"tipVelocity":[168.987,477.398,-63.5919],"tool":false,"touchDistance":0.92955,"touchZone":"hovering","type":1,"width":20.2967},{"bases":[[[0.855816,-0.101809,-0.507162],[0.41232,0.726306,0.549973],[0.312363,-0.679789,0.663563]],[[0.867936,-0.129674,-0.47945],[0.469029,0.531565,0.705302],[0.1634,-0.837032,0.522185]],[[0.867936,-0.129674,-0.47945],[0.438699,0.652755,0.617619],[0.232874,-0.746388,0.623437]],[[0.867936,-0.129674,-0.47945],[0.417176,0.714196,0.562039],[0.26954,-0.687829,0.673973]]],"btipPosition":[-5.49389,297.567,-48.5083],"carpPosition":[35.3575,177.045,52.145],"dipPosition":[-0.47682,284.764,-35.9633],"direction":[-0.232874,0.746388,-0.623437],"extended":true,"handId":435,"id":4352,"length":66.3698,"mcpPosition":[13.8835,223.779,6.52701],"pipPosition":[6.08237,263.741,-18.4034],"stabilizedTipPosition":[-5.76528,292.39,-44.3143],"timeVisible":0.096649,"tipPosition":[-10.5301,289.041,-49.1969],"tipVelocity":[296.071,364.061,-215.368],"tool":false,"touchDistance":0.656292,"touchZone":"hovering","type":2,"width":19.934},{"bases":[[[0.858921,-0.255197,-0.443992],[0.482158,0.695136,0.533206],[0.172563,-0.672057,0.720113]],[[0.853402,-0.235074,-0.465236],[0.517545,0.488389,0.702583],[0.0620574,-0.840367,0.538453]],[[0.853402,-0.235074,-0.465236],[0.499483,0.624038,0.60091],[0.149067,-0.745196,0.649971]],[[0.853402,-0.235074,-0.465236],[0.469106,0.735486,0.488877],[0.227253,-0.635454,0.73794]]],"btipPosition":[24.0865,287.892,-53.7809],"carpPosition":[45.7799,177.013,45.9873],"dipPosition":[28.2921,276.132,-40.1242],"direction":[-0.149067,0.745196,-0.649971],"extended":true,"handId":435,"id":4353,"length":63.8164,"mcpPosition":[35.1287,218.494,1.53953],"pipPosition":[32.3824,255.685,-22.2898],"stabilizedTipPosition":[23.5859,281.707,-49.3054],"timeVisible":0.096649,"tipPosition":[18.5242,280.937,-53.3956],"tipVelocity":[173.053,389.7,-64.3211],"tool":false,"touchDistance":0.598568,"touchZone":"hovering","type":3,"width":18.9685},{"bases":[[[0.781568,-0.44259,-0.43962],[0.623221,0.584858,0.51917],[0.0273358,-0.679747,0.732937]],[[0.781731,-0.447054,-0.434787],[0.603512,0.366737,0.708009],[-0.157066,-0.815872,0.556492]],[[0.781731,-0.447054,-0.434787],[0.623559,0.550903,0.554689],[-0.00845077,-0.704733,0.709422]],[[0.781731,-0.447054,-0.434787],[0.615951,0.662488,0.426279],[0.097471,-0.601043,0.793251]]],"btipPosition":[57.1201,261.767,-51.2829],"carpPosition":[54.6815,170.44,37.3717],"dipPosition":[58.7843,251.505,-37.7397],"direction":[0.00845077,0.704733,-0.709422],"extended":true,"handId":435,"id":4354,"length":50.0309,"mcpPosition":[53.1196,209.278,-4.50589],"pipPosition":[58.6205,237.853,-23.9961],"stabilizedTipPosition":[55.6723,256.9,-47.2188],"timeVisible":0.096649,"tipPosition":[49.1293,257.266,-50.0102],"tipVelocity":[224.91,343.754,-39.5408],"tool":false,"touchDistance":0.601794,"touchZone":"hovering","type":4,"width":16.8493}],"r":[[0.848568,0.0280698,0.528342],[0.121679,0.961471,-0.246509],[-0.514905,0.273468,0.812458]],"s":1.29496,"t":[-12.0477,22.9143,-23.371],"timestamp":262458003328},{"currentFrameRate":24.9465,"devices":[],"gestures":[{"direction":[null,null,null],"duration":117594,"handIds":[435],"id":1,"pointableIds":[4351],"position":[-36.6057,278.25,-20.7913],"progress":1,"state":"stop","type":"keyTap"}],"hands":[{"armBasis":[[-0.586023,-0.807987,0.0611098],[0.626855,-0.499853,-0.597662],[0.513449,-0.311937,0.799416]],"armWidth":65.6192,"confidence":0.550772,"direction":[-0.134941,0.695609,-0.705633],"elbow":[179.898,67.8733,270.969],"grabAngle":1.66102,"grabStrength":0,"id":435,"palmNormal":[-0.625465,0.492534,0.605148],"palmPosition":[32.051,205.049,9.43128],"palmVelocity":[519.292,157.43,-340.913],"palmWidth":89.6585,"pinchDistance":63.9834,"pinchStrength":0.793804,"r":[[0.825929,-0.0254396,0.5632],[0.351184,0.804707,-0.478661],[-0.441034,0.593127,0.673565]],"s":1.30597,"sphereCenter":[-46.4956,221.494,10.5446],"sphereRadius":78.8499,"stabilizedPalmPosition":[27.3087,198.509,19.5307],"t":[-7.98349,27.7028,-30.72],"timeVisible":0.117594,"type":"right","wrist":[43.2951,150.864,58.2849]}],"id":244762,"interactionBox":{"center":[0,200,0],"size":[235.247,235.247,147.751]},"pointables":[{"bases":[[[0.223861,-0.515257,-0.827283],[0.95086,-0.0708261,0.301413],[-0.213898,-0.854104,0.474082]],[[0.264824,-0.318339,-0.910236],[0.952546,0.233273,0.19555],[0.150082,-0.918828,0.365008]],[[0.264824,-0.318339,-0.910236],[0.862424,0.500466,0.0758843],[0.431385,-0.805105,0.407078]],[[0.264824,-0.318339,-0.910236],[0.61898,0.77992,-0.0926771],[0.739413,-0.538875,0.403587]]],"btipPosition":[12.4167,264.475,19.7501],"carpPosition":[51.5079,179.599,60.8072],"dipPosition":[29.5572,251.983,29.1058],"direction":[-0.431385,0.805105,-0.407078],"extended":false,"handId":435,"id":4350,"length":51.6212,"mcpPosition":[51.5079,179.599,60.8072],"pipPosition":[44.1258,224.794,42.8535],"stabilizedTipPosition":[14.9461,204.731,-3.78476],"timeVisible":0.117594,"tipPosition":[12.3585,257.216,22.3147],"tipVelocity":[147.757,3753.93,2702.34],"tool":false,"touchDistance":1,"touchZone":"none","type":0,"width":21.2486},{"bases":[[[-0.780242,-0.398789,-0.48186],[0.617952,-0.372337,-0.69246],[0.0967312,-0.838053,0.536946]],[[-0.700443,-0.660753,-0.269789],[0.675895,-0.492704,-0.548096],[0.22923,-0.566258,0.79171]],[[-0.700443,-0.660753,-0.269789],[0.543778,-0.249241,-0.801364],[0.462261,-0.708015,0.533882]],[[-0.700443,-0.660753,-0.269789],[0.476897,-0.152073,-0.865704],[0.530989,-0.735037,0.421629]]],"btipPosition":[19.2086,287.526,-53.7543],"carpPosition":[56.0286,173.287,38.7781],"dipPosition":[28.1947,275.087,-46.6189],"direction":[-0.462261,0.708015,-0.533882],"extended":true,"handId":435,"id":4351,"length":58.2488,"mcpPosition":[49.0163,234.04,-0.146758],"pipPosition":[39.2615,258.137,-33.8374],"stabilizedTipPosition":[12.9862,284.971,-47.5328],"timeVisible":0.117594,"tipPosition":[26.6026,286.445,-52.1599],"tipVelocity":[2596.62,-165.094,-1432.64],"tool":false,"touchDistance":0.419827,"touchZone":"hovering","type":1,"width":20.2967},{"bases":[[[-0.853837,-0.43899,-0.279732],[0.479121,-0.452705,-0.751998],[0.203484,-0.776109,0.596866]],[[-0.823622,-0.528071,-0.206853],[0.405286,-0.292891,-0.866001],[0.396725,-0.797092,0.455252]],[[-0.823622,-0.528071,-0.206853],[0.290779,-0.0800474,-0.953436],[0.486924,-0.845419,0.219481]],[[-0.823622,-0.528071,-0.206853],[0.0770587,0.25715,-0.963294],[0.56188,-0.80933,-0.171101]]],"btipPosition":[-9.45884,298.65,-34.2435],"carpPosition":[47.6441,168.363,31.5213],"dipPosition":[0.999699,283.585,-37.4283],"direction":[-0.486924,0.845419,-0.219481],"extended":true,"handId":435,"id":4352,"length":66.3698,"mcpPosition":[33.6551,221.718,-9.51148],"pipPosition":[14.7145,259.773,-31.2463],"stabilizedTipPosition":[-6.34671,293.651,-40.0991],"timeVisible":0.117594,"tipPosition":[-3.61412,294.125,-39.4632],"tipVelocity":[-129.55,26.8667,508.328],"tool":false,"touchDistance":0.7837,"touchZone":"hovering","type":2,"width":19.934},{"bases":[[[-0.848259,-0.513032,-0.131359],[0.423136,-0.507422,-0.750652],[0.318454,-0.69233,0.647508]],[[-0.865828,-0.470594,-0.16995],[0.223359,-0.0595927,-0.972913],[0.447719,-0.880335,0.156708]],[[-0.865828,-0.470594,-0.16995],[-0.447541,0.880287,-0.157483],[0.223715,-0.0602937,-0.972788]],[[-0.865828,-0.470594,-0.16995],[-0.495308,0.758101,0.424209],[-0.0707911,0.451469,-0.889474]]],"btipPosition":[-6.67893,238.292,23.2537],"carpPosition":[37.6194,163.3,27.002],"dipPosition":[-7.98902,246.647,6.79267],"direction":[-0.223715,0.0602937,0.972788],"extended":false,"handId":435,"id":4353,"length":63.8164,"mcpPosition":[17.9633,206.033,-12.9643],"pipPosition":[-1.85055,244.993,-19.8995],"stabilizedTipPosition":[6.33446,258.288,-10.4901],"timeVisible":0.117594,"tipPosition":[-6.69618,241.442,14.8396],"tipVelocity":[-1529.44,-2147.24,3347.22],"tool":false,"touchDistance":0.333333,"touchZone":"none","type":3,"width":18.9685},{"bases":[[[-0.863876,-0.498773,0.0703133],[0.312511,-0.640199,-0.701771],[0.395039,-0.584269,0.708925]],[[-0.922258,-0.381455,-0.0627104],[0.121383,-0.131732,-0.983826],[0.367024,-0.914953,0.167793]],[[-0.922258,-0.381455,-0.0627104],[-0.348583,0.890734,-0.291689],[0.167125,-0.247153,-0.954455]],[[-0.922258,-0.381455,-0.0627104],[-0.376721,0.850451,0.367169],[-0.0867265,0.362249,-0.928038]]],"btipPosition":[-12.8575,223.231,16.7219],"carpPosition":[24.3251,159.2,28.7691],"dipPosition":[-14.3382,229.416,0.877504],"direction":[-0.167125,0.247153,0.954455],"extended":false,"handId":435,"id":4354,"length":50.0309,"mcpPosition":[1.75393,192.583,-11.7365],"pipPosition":[-11.1005,224.628,-17.6131],"stabilizedTipPosition":[7.68596,234.432,-5.20638],"timeVisible":0.117594,"tipPosition":[-13.6893,225.194,7.76427],"tipVelocity":[-3375.55,-1659.27,2924.12],"tool":false,"touchDistance":0.333333,"touchZone":"none","type":4,"width":16.8493}],"r":[[0.825929,-0.0254396,0.5632],[0.351184,0.804707,-0.478661],[-0.441034,0.593127,0.673565]],"s":1.30597,"t":[-7.98349,27.7028,-30.72],"timestamp":262458024273},{"currentFrameRate":27.2132,"devices":[],"gestures":[],"hands":[{"armBasis":[[-0.654414,-0.73297,0.185731],[0.525119,-0.617288,-0.585838],[0.544051,-0.28585,0.788859]],"armWidth":65.6192,"confidence":0.623037,"direction":[-0.186827,0.620499,-0.761628],"elbow":[190.586,77.3957,264.193],"grabAngle":1.69389,"grabStrength":0,"id":435,"palmNormal":[-0.518908,0.59597,0.612825],"palmPosition":[31.9347,202.777,0.962827],"palmVelocity":[-5.54933,-108.395,-403.856],"palmWidth":89.6585,"pinchDistance":54.6677,"pinchStrength":0.580067,"r":[[0.811376,-0.0546557,0.581963],[0.498716,0.584028,-0.640463],[-0.304878,0.809891,0.501124]],"s":1.30912,"sphereCenter":[-16.5148,241.935,19.8309],"sphereRadius":61.9382,"stabilizedPalmPosition":[28.2933,199.418,15.5784],"t":[-6.00958,28.9607,-38.6287],"timeVisible":0.138563,"type":"right","wrist":[45.8417,153.446,54.3175]}],"id":244763,"interactionBox":{"center":[0,200,0],"size":[235.247,235.247,147.751]},"pointables":[{"bases":[[[0.0920034,-0.617077,-0.781506],[0.976305,-0.0984758,0.192693],[-0.195866,-0.780717,0.593395]],[[0.1356,-0.415554,-0.899404],[0.988684,0.115543,0.0956753],[0.0641618,-0.9022,0.426519]],[[0.1356,-0.415554,-0.899404],[0.912102,0.406845,-0.0504617],[0.386888,-0.813506,0.434196]],[[0.1356,-0.415554,-0.899404],[0.725714,0.659672,-0.195377],[0.674501,-0.626217,0.391024]]],"btipPosition":[24.5016,268.329,7.59768],"carpPosition":[56.3592,181.963,52.3049],"dipPosition":[40.1374,253.813,16.6621],"direction":[-0.386888,0.813506,-0.434196],"extended":false,"handId":435,"id":4350,"length":51.6212,"mcpPosition":[56.3592,181.963,52.3049],"pipPosition":[53.2033,226.339,31.3256],"stabilizedTipPosition":[18.8176,222.47,0.179594],"timeVisible":0.138563,"tipPosition":[21.1022,260.225,9.7892],"tipVelocity":[559.82,161.597,-582.737],"tool":false,"touchDistance":0.333333,"touchZone":"hovering","type":0,"width":21.2486},{"bases":[[[-0.853691,-0.398288,-0.335527],[0.506622,-0.485943,-0.712175],[0.120604,-0.777963,0.616627]],[[-0.831152,-0.494842,-0.253611],[0.507264,-0.487966,-0.710333],[0.227749,-0.719042,0.656589]],[[-0.831152,-0.494842,-0.253611],[0.401356,-0.218231,-0.889544],[0.384838,-0.841134,0.379991]],[[-0.831152,-0.494842,-0.253611],[0.349718,-0.11061,-0.930302],[0.432301,-0.861915,0.264989]]],"btipPosition":[22.7939,294.691,-55.4306],"carpPosition":[57.7578,172.972,30.7929],"dipPosition":[30.1099,280.104,-50.9461],"direction":[-0.384838,0.841134,-0.379991],"extended":true,"handId":435,"id":4351,"length":58.2488,"mcpPosition":[49.0149,229.369,-13.9082],"pipPosition":[39.3232,259.967,-41.8489],"stabilizedTipPosition":[23.1608,290.607,-53.6129],"timeVisible":0.138563,"tipPosition":[23.9697,286.592,-59.1442],"tipVelocity":[152.663,318.102,-109.02],"tool":false,"touchDistance":0.376887,"touchZone":"hovering","type":1,"width":20.2967},{"bases":[[[-0.903323,-0.411015,-0.122776],[0.357527,-0.563244,-0.744936],[0.237028,-0.716814,0.655741]],[[-0.905409,-0.40458,-0.128643],[0.136487,0.00953166,-0.990596],[0.402002,-0.914453,0.04659]],[[-0.905409,-0.40458,-0.128643],[0.136487,0.00953166,-0.990596],[0.402002,-0.914453,0.04659]],[[-0.905409,-0.40458,-0.128643],[0.136487,0.00953166,-0.990596],[0.402002,-0.914453,0.04659]]],"btipPosition":[-6.00189,303.543,-24.2708],"carpPosition":[48.2911,167.828,25.2132],"dipPosition":[1.48075,286.521,-23.4036],"direction":[-0.402002,0.914453,-0.04659],"extended":true,"handId":435,"id":4352,"length":66.3698,"mcpPosition":[31.9962,217.106,-19.867],"pipPosition":[12.8036,260.765,-22.0913],"stabilizedTipPosition":[-5.7527,295.37,-35.4904],"timeVisible":0.138563,"tipPosition":[-4.4809,296.443,-32.1418],"tipVelocity":[132.219,211.88,520.036],"tool":false,"touchDistance":0.902233,"touchZone":"hovering","type":2,"width":19.934},{"bases":[[[-0.882961,-0.468384,0.0315682],[0.299449,-0.613734,-0.730521],[0.361539,-0.635569,0.68216]],[[-0.903052,-0.42943,-0.00939369],[0.0241679,-0.0289636,-0.999288],[0.428852,-0.902636,0.0365341]],[[-0.903052,-0.42943,-0.00939369],[-0.413279,0.874632,-0.253413],[0.117039,-0.224963,-0.967312]],[[-0.903052,-0.42943,-0.00939369],[-0.378875,0.786056,0.488435],[-0.202365,0.444641,-0.87255]]],"btipPosition":[-3.22528,240.076,21.511],"carpPosition":[37.5354,162.956,22.5433],"dipPosition":[-6.97033,248.305,5.36318],"direction":[-0.117039,0.224963,0.967312],"extended":false,"handId":435,"id":4353,"length":63.8164,"mcpPosition":[15.22,202.186,-19.5619],"pipPosition":[-3.75892,242.132,-21.1787],"stabilizedTipPosition":[-0.261549,247.959,7.41417],"timeVisible":0.138563,"tipPosition":[-3.98286,241.974,10.2483],"tipVelocity":[137.995,83.7009,-79.6732],"tool":false,"touchDistance":0.333333,"touchZone":"none","type":3,"width":18.9685},{"bases":[[[-0.872441,-0.430908,0.230575],[0.189227,-0.732837,-0.653562],[0.450599,-0.526563,0.720897]],[[-0.895236,-0.402204,0.19179],[-0.128934,-0.178187,-0.975513],[0.42653,-0.898043,0.107662]],[[-0.895236,-0.402204,0.19179],[-0.445358,0.821588,-0.355878],[-0.0144371,-0.40401,-0.914641]],[[-0.895236,-0.402204,0.19179],[-0.312469,0.873507,0.373295],[-0.317671,0.274259,-0.907671]]],"btipPosition":[-10.6044,224.63,14.6016],"carpPosition":[24.3765,159.947,26.3459],"dipPosition":[-16.028,229.312,-0.895125],"direction":[0.0144371,0.40401,0.914641],"extended":false,"handId":435,"id":4354,"length":50.0309,"mcpPosition":[-1.36918,190.033,-14.8438],"pipPosition":[-16.3077,221.485,-18.6144],"stabilizedTipPosition":[-3.16738,229.585,3.8171],"timeVisible":0.138563,"tipPosition":[-12.4314,225.567,4.07098],"tipVelocity":[64.2013,50.2135,-97.3042],"tool":false,"touchDistance":0.333333,"touchZone":"none","type":4,"width":16.8493}],"r":[[0.811376,-0.0546557,0.581963],[0.498716,0.584028,-0.640463],[-0.304878,0.809891,0.501124]],"s":1.30912,"t":[-6.00958,28.9607,-38.6287],"timestamp":262458045242},{"currentFrameRate":29.2592,"devices":[],"gestures":[],"hands":[{"armBasis":[[-0.62658,-0.755377,0.191841],[0.552246,-0.604018,-0.574619],[0.549929,-0.254101,0.79562]],"armWidth":65.6192,"confidence":0.685911,"direction":[-0.178872,0.671492,-0.719099],"elbow":[191.779,80.7207,263.845],"grabAngle":1.69268,"grabStrength":0,"id":435,"palmNormal":[-0.53818,0.54507,0.642854],"palmPosition":[31.7652,200.411,1.82578],"palmVelocity":[-8.09905,-113.035,41.2385],"palmWidth":89.6585,"pinchDistance":54.5078,"pinchStrength":0.576115,"r":[[0.789961,-0.0769222,0.608313],[0.588,0.376297,-0.716],[-0.17383,0.9233,0.34249]],"s":1.31495,"sphereCenter":[-14.7985,241.231,24.7501],"sphereRadius":62.9898,"stabilizedPalmPosition":[29.5678,199.782,10.5299],"t":[-5.10737,28.4069,-42.1516],"timeVisible":0.159489,"type":"right","wrist":[45.471,148.324,52.171]}],"id":244764,"interactionBox":{"center":[0,200,0],"size":[235.247,235.247,147.751]},"pointables":[{"bases":[[[0.115032,-0.558496,-0.821492],[0.973342,-0.101821,0.205519],[-0.198427,-0.823234,0.531895]],[[0.154395,-0.37176,-0.9154],[0.987949,0.0683394,0.138877],[0.0109287,-0.92581,0.377831]],[[0.154395,-0.37176,-0.9154],[0.913054,0.407674,-0.0115645],[0.377484,-0.834024,0.40238]],[[0.154395,-0.37176,-0.9154],[0.644107,0.74043,-0.192065],[0.749192,-0.559962,0.353772]]],"btipPosition":[24.7467,262.913,11.6746],"carpPosition":[55.3998,176.228,52.049],"dipPosition":[42.1139,249.933,19.8755],"direction":[-0.377484,0.834024,-0.40238],"extended":false,"handId":435,"id":4350,"length":51.6212,"mcpPosition":[55.3998,176.228,52.049],"pipPosition":[54.8622,221.766,33.4646],"stabilizedTipPosition":[22.2133,235.287,4.75846],"timeVisible":0.159489,"tipPosition":[21.5236,257.459,14.3468],"tipVelocity":[30.7447,-241.939,185.336],"tool":false,"touchDistance":0.333333,"touchZone":"hovering","type":0,"width":21.2486},{"bases":[[[-0.841971,-0.382122,-0.380878],[0.526582,-0.428341,-0.734326],[0.117457,-0.818845,0.561869]],[[-0.815694,-0.497915,-0.294491],[0.518965,-0.40494,-0.752794],[0.255576,-0.76688,0.588707]],[[-0.815694,-0.497915,-0.294491],[0.43225,-0.186283,-0.882303],[0.384453,-0.846983,0.367174]],[[-0.815694,-0.497915,-0.294491],[0.354145,-0.027286,-0.934792],[0.457411,-0.866797,0.198591]]],"btipPosition":[21.0017,295.758,-47.9511],"carpPosition":[57.3373,168.817,29.9837],"dipPosition":[28.7426,281.089,-44.5903],"direction":[-0.384453,0.846983,-0.367174],"extended":true,"handId":435,"id":4351,"length":58.2488,"mcpPosition":[48.8225,228.177,-10.7479],"pipPosition":[37.9467,260.811,-35.7999],"stabilizedTipPosition":[22.9471,291.61,-49.9813],"timeVisible":0.159489,"tipPosition":[23.8892,288.641,-51.7882],"tipVelocity":[-80.9761,50.093,345.076],"tool":false,"touchDistance":0.480848,"touchZone":"hovering","type":1,"width":20.2967},{"bases":[[[-0.895711,-0.41058,-0.170662],[0.379107,-0.50465,-0.775633],[0.232334,-0.759442,0.607675]],[[-0.912846,-0.341299,-0.224114],[0.236358,0.00586458,-0.971648],[0.332937,-0.939936,0.0753151]],[[-0.912846,-0.341299,-0.224114],[0.236358,0.00586458,-0.971648],[0.332937,-0.939936,0.0753151]],[[-0.912846,-0.341299,-0.224114],[0.236358,0.00586458,-0.971648],[0.332937,-0.939936,0.0753151]]],"btipPosition":[0.604375,305.042,-25.0404],"carpPosition":[48.0466,163.987,23.8543],"dipPosition":[6.80149,287.546,-23.6386],"direction":[-0.332937,0.939937,-0.0753151],"extended":true,"handId":435,"id":4352,"length":66.3698,"mcpPosition":[32.0743,216.197,-17.9215],"pipPosition":[16.1791,261.072,-21.5172],"stabilizedTipPosition":[-1.97317,298.113,-30.2588],"timeVisible":0.159489,"tipPosition":[-1.79964,298.225,-25.0081],"tipVelocity":[301.567,66.4189,-30.9022],"tool":false,"touchDistance":0.835643,"touchZone":"hovering","type":2,"width":19.934},{"bases":[[[-0.877772,-0.478644,-0.0204187],[0.321357,-0.556647,-0.766077],[0.355312,-0.679002,0.642424]],[[-0.897498,-0.437067,-0.0589043],[0.0583149,0.0147805,-0.998189],[0.437146,-0.899307,0.012222]],[[-0.897498,-0.437067,-0.0589043],[-0.415543,0.882815,-0.219004],[0.147721,-0.172078,-0.973944]],[[-0.897498,-0.437067,-0.0589043],[-0.37726