{"frames":197,"data":[{"currentFrameRate":24.8703,"devices":[],"gestures":[],"hands":[],"id":245171,"interactionBox":{"center":[0,200,0],"size":[235.247,235.247,147.751]},"pointables":[],"r":[[-0.020113,-0.761857,-0.647433],[0.506356,0.550609,-0.663651],[0.86209,-0.34118,0.374696]],"s":-5.55733,"t":[884.858,792.664,758.259],"timestamp":262472464084},{"currentFrameRate":24.8712,"devices":[],"gestures":[],"hands":[],"id":245172,"interactionBox":{"center":[0,200,0],"size":[235.247,235.247,147.751]},"pointables":[],"r":[[-0.020113,-0.761857,-0.647433],[0.506356,0.550609,-0.663651],[0.86209,-0.34118,0.374696]],"s":-5.55733,"t":[884.858,792.664,758.259],"timestamp":262472504285},{"currentFrameRate":24.8661,"devices":[],"gestures":[],"hands":[],"id":245173,"interactionBox":{"center":[0,200,0],"size":[235.247,235.247,147.751]},"pointables":[],"r":[[-0.020113,-0.761857,-0.647433],[0.506356,0.550609,-0.663651],[0.86209,-0.34118,0.374696]],"s":-5.55733,"t":[884.858,792.664,758.259],"timestamp":262472544537},{"currentFrameRate":24.8416,"devices":[],"gestures":[],"hands":[],"id":245174,"interactionBox":{"center":[0,200,0],"size":[235.247,235.247,147.751]},"pointables":[],"r":[[-0.020113,-0.761857,-0.647433],[0.506356,0.550609,-0.663651],[0.86209,-0.34118,0.374696]],"s":-5.55733,"t":[884.858,792.664,758.259],"timestamp":262472584970},{"currentFrameRate":24.8839,"devices":[],"gestures":[],"hands":[],"id":245175,"interactionBox":{"center":[0,200,0],"size":[235.247,235.247,147.751]},"pointables":[],"r":[[-0.020113,-0.761857,-0.647433],[0.506356,0.550609,-0.663651],[0.86209,-0.34118,0.374696]],"s":-5.55733,"t":[884.858,792.664,758.259],"timestamp":262472624850},{"currentFrameRate":24.8399,"devices":[],"gestures":[],"hands":[],"id":245176,"interactionBox":{"center":[0,200,0],"size":[235.247,235.247,147.751]},"pointables":[],"r":[[-0.020113,-0.761857,-0.647433],[0.506356,0.550609,-0.663651],[0.86209,-0.34118,0.374696]],"s":-5.55733,"t":[884.858,792.664,758.259],"timestamp":262472665427},{"currentFrameRate":24.8879,"devices":[],"gestures":[],"hands":[],"id":245177,"interactionBox":{"center":[0,200,0],"size":[235.247,235.247,147.751]},"pointables":[],"r":[[-0.020113,-0.761857,-0.647433],[0.506356,0.550609,-0.663651],[0.86209,-0.34118,0.374696]],"s":-5.55733,"t":[884.858,792.664,758.259],"timestamp":262472705259},{"currentFrameRate":24.8767,"devices":[],"gestures":[],"hands":[],"id":245178,"interactionBox":{"center":[0,200,0],"size":[235.247,235.247,147.751]},"pointables":[],"r":[[-0.020113,-0.761857,-0.647433],[0.506356,0.550609,-0.663651],[0.86209,-0.34118,0.374696]],"s":-5.55733,"t":[884.858,792.664,758.259],"timestamp":262472745538},{"currentFrameRate":24.8798,"devices":[],"gestures":[],"hands":[],"id":245179,"interactionBox":{"center":[0,200,0],"size":[235.247,235.247,147.751]},"pointables":[],"r":[[-0.020113,-0.761857,-0.647433],[0.506356,0.550609,-0.663651],[0.86209,-0.34118,0.374696]],"s":-5.55733,"t":[884.858,792.664,758.259],"timestamp":262472785709},{"currentFrameRate":24.8811,"devices":[],"gestures":[],"hands":[],"id":245180,"interactionBox":{"center":[0,200,0],"size":[235.247,235.247,147.751]},"pointables":[],"r":[[-0.020113,-0.761857,-0.647433],[0.506356,0.550609,-0.663651],[0.86209,-0.34118,0.374696]],"s":-5.55733,"t":[884.858,792.664,758.259],"timestamp":262472825891},{"currentFrameRate":24.8721,"devices":[],"gestures":[],"hands":[],"id":245181,"interactionBox":{"center":[0,200,0],"size":[235.247,235.247,147.751]},"pointables":[],"r":[[-0.020113,-0.761857,-0.647433],[0.506356,0.550609,-0.663651],[0.86209,-0.34118,0.374696]],"s":-5.55733,"t":[884.858,792.664,758.259],"timestamp":262472866162},{"currentFrameRate":20.7663,"devices":[],"gestures":[],"hands":[],"id":245182,"interactionBox":{"center":[0,200,0],"size":[235.247,235.247,147.751]},"pointables":[],"r":[[-0.020113,-0.761857,-0.647433],[0.506356,0.550609,-0.663651],[0.86209,-0.34118,0.374696]],"s":-5.55733,"t":[884.858,792.664,758.259],"timestamp":262472946571},{"currentFrameRate":21.5086,"devices":[],"gestures":[],"hands":[],"id":245183,"interactionBox":{"center":[0,200,0],"size":[235.247,235.247,147.751]},"pointables":[],"r":[[-0.020113,-0.761857,-0.647433],[0.506356,0.550609,-0.663651],[0.86209,-0.34118,0.374696]],"s":-5.55733,"t":[884.858,792.664,758.259],"timestamp":262472986838},{"currentFrameRate":22.1072,"devices":[],"gestures":[],"hands":[],"id":245184,"interactionBox":{"center":[0,200,0],"size":[235.247,235.247,147.751]},"pointables":[],"r":[[-0.020113,-0.761857,-0.647433],[0.506356,0.550609,-0.663651],[0.86209,-0.34118,0.374696]],"s":-5.55733,"t":[884.858,792.664,758.259],"timestamp":262473027188},{"currentFrameRate":22.6292,"devices":[],"gestures":[],"hands":[],"id":245185,"interactionBox":{"center":[0,200,0],"size":[235.247,235.247,147.751]},"pointables":[],"r":[[-0.020113,-0.761857,-0.647433],[0.506356,0.550609,-0.663651],[0.86209,-0.34118,0.374696]],"s":-5.55733,"t":[884.858,792.664,758.259],"timestamp":262473067213},{"currentFrameRate":23.0415,"devices":[],"gestures":[],"hands":[{"armBasis":[[0.882278,-0.0167118,-0.470432],[0.146024,0.959786,0.239766],[0.447507,-0.280235,0.849239]],"armWidth":62.7876,"confidence":0,"direction":[-0.316401,0.669512,-0.672045],"elbow":[179.802,33.7433,323.675],"grabAngle":0.190446,"grabStrength":0,"id":437,"palmNormal":[-0.315156,-0.742389,-0.591215],"palmPosition":[27.5051,151.32,46.1989],"palmVelocity":[1.19209e-7,1.19209e-7,1.19209e-7],"palmWidth":89.6585,"pinchDistance":67.3233,"pinchStrength":0,"r":[[1,-5.55112e-18,-1.66533e-17],[5.55112e-18,1,-1.11022e-17],[1.66533e-17,1.11022e-17,1]],"s":1,"sphereCenter":[54.8368,224.197,34.8779],"sphereRadius":82.2964,"stabilizedPalmPosition":[27.5051,151.32,46.1989],"t":[0,0,0],"timeVisible":0,"type":"right","wrist":[60.7437,108.299,97.736]}],"id":245186,"interactionBox":{"center":[0,200,0],"size":[235.247,235.247,147.751]},"pointables":[{"bases":[[[0.580187,0.784702,0.218235],[-0.455662,0.090629,0.885527],[0.675096,-0.613213,0.410141]],[[0.422033,0.897884,0.12527],[-0.733588,0.257037,0.629111],[0.53267,-0.357403,0.767155]],[[0.422033,0.897884,0.12527],[-0.906352,0.41478,0.0805193],[0.0203374,-0.147521,0.98885]],[[0.422033,0.897884,0.12527],[-0.781044,0.43026,-0.452599],[-0.460281,0.0931703,0.882871]]],"btipPosition":[8.71253,129.593,-1.69056],"carpPosition":[24.9817,109.206,89.6256],"dipPosition":[-1.90206,131.742,18.6694],"direction":[-0.0203374,0.147521,-0.98885],"extended":false,"handId":437,"id":4370,"length":51.3537,"mcpPosition":[24.9817,109.206,89.6256],"pipPosition":[-1.21879,126.786,51.8915],"stabilizedTipPosition":[6.27117,130.088,2.99224],"timeVisible":0,"tipPosition":[6.27117,130.088,2.99224],"tipVelocity":[1.19209e-7,1.19209e-7,1.19209e-7],"tool":false,"touchDistance":1,"touchZone":"none","type":0,"width":19.9537},{"bases":[[[0.828918,0.0880253,-0.552401],[0.243116,0.832697,0.497504],[0.503776,-0.546687,0.668837]],[[0.894635,0.00572206,-0.44676],[0.283757,0.765097,0.578022],[0.345122,-0.64389,0.682859]],[[0.894635,0.00572206,-0.44676],[0.219017,0.865925,0.449672],[0.389434,-0.500141,0.773434]],[[0.894635,0.00572206,-0.44676],[0.166398,0.923719,0.345043],[0.414655,-0.383027,0.82544]]],"btipPosition":[-32.5579,215.622,-19.3243],"carpPosition":[34.8286,130.373,90.3871],"dipPosition":[-25.5769,209.174,-5.42757],"direction":[-0.389434,0.500141,-0.773434],"extended":true,"handId":437,"id":4371,"length":57.947,"mcpPosition":[-1.6916,170.004,41.901],"pipPosition":[-16.3019,197.262,12.9931],"stabilizedTipPosition":[-30.9523,214.139,-16.1281],"timeVisible":0,"tipPosition":[-30.9523,214.139,-16.1281],"tipVelocity":[1.19209e-7,1.19209e-7,1.19209e-7],"tool":false,"touchDistance":1,"touchZone":"none","type":1,"width":19.0597},{"bases":[[[0.835687,-0.129896,-0.533624],[0.390756,0.823387,0.411515],[0.385925,-0.552414,0.738851]],[[0.860799,-0.168491,-0.480246],[0.42424,0.758814,0.494188],[0.281151,-0.629136,0.724667]],[[0.860799,-0.168491,-0.480246],[0.371389,0.853141,0.366363],[0.347989,-0.493722,0.796958]],[[0.860799,-0.168491,-0.480246],[0.332321,0.90076,0.279631],[0.385471,-0.400302,0.831366]]],"btipPosition":[-11.8798,222.248,-38.7342],"carpPosition":[44.8932,133.143,84.2031],"dipPosition":[-4.74206,214.835,-23.3398],"direction":[-0.347989,0.493722,-0.796958],"extended":true,"handId":437,"id":4372,"length":66.0259,"mcpPosition":[18.362,171.12,33.4093],"pipPosition":[5.00868,201.001,-1.00881],"stabilizedTipPosition":[-10.2382,220.543,-35.1935],"timeVisible":0,"tipPosition":[-10.2382,220.543,-35.1935],"tipVelocity":[1.19209e-7,1.19209e-7,1.19209e-7],"tool":false,"touchDistance":1,"touchZone":"none","type":2,"width":18.7192},{"bases":[[[0.85152,-0.271471,-0.448573],[0.461566,0.793973,0.395681],[0.248739,-0.543977,0.801385]],[[0.846806,-0.261431,-0.463222],[0.489749,0.722997,0.487259],[0.207523,-0.639476,0.740273]],[[0.846806,-0.261431,-0.463222],[0.444896,0.825437,0.34745],[0.291526,-0.500309,0.815294]],[[0.846806,-0.261431,-0.463222],[0.40144,0.885452,0.234137],[0.34895,-0.384224,0.854755]]],"btipPosition":[16.123,215.216,-42.5037],"carpPosition":[54.9945,132.756,77.5429],"dipPosition":[22.5474,208.142,-26.7671],"direction":[-0.291526,0.500309,-0.815294],"extended":true,"handId":437,"id":4373,"length":63.4857,"mcpPosition":[39.6415,166.332,28.0787],"pipPosition":[30.5051,194.485,-4.51238],"stabilizedTipPosition":[17.6006,213.589,-38.8843],"timeVisible":0,"tipPosition":[17.6006,213.589,-38.8843],"tipVelocity":[1.19209e-7,1.19209e-7,1.19209e-7],"tool":false,"touchDistance":0.950069,"touchZone":"hovering","type":3,"width":17.8125},{"bases":[[[0.786537,-0.460037,-0.411977],[0.60854,0.690884,0.390331],[0.105062,-0.557714,0.823357]],[[0.781252,-0.435464,-0.447232],[0.62135,0.611083,0.49041],[0.0597397,-0.661022,0.747985]],[[0.781252,-0.435464,-0.447232],[0.595733,0.7341,0.325881],[0.186403,-0.521026,0.832938]],[[0.781252,-0.435464,-0.447232],[0.566527,0.795473,0.215104],[0.262091,-0.421419,0.868167]]],"btipPosition":[47.7516,197.551,-34.3867],"carpPosition":[63.88,125.455,69.5167],"dipPosition":[52.2031,190.394,-19.6412],"direction":[-0.186403,0.521026,-0.832938],"extended":true,"handId":437,"id":4374,"length":49.7716,"mcpPosition":[57.8771,157.321,22.4728],"pipPosition":[55.7956,180.352,-3.58835],"stabilizedTipPosition":[48.7755,195.905,-30.9952],"timeVisible":0,"tipPosition":[48.7755,195.905,-30.9952],"tipVelocity":[1.19209e-7,1.19209e-7,1.19209e-7],"tool":false,"touchDistance":1,"touchZone":"none","type":4,"width":15.8225}],"r":[[1,-5.55112e-18,-1.66533e-17],[5.55112e-18,1,-1.11022e-17],[1.66533e-17,1.11022e-17,1]],"s":1,"t":[0,0,0],"timestamp":262473107383},{"currentFrameRate":23.366,"devices":[],"gestures":[],"hands":[{"armBasis":[[0.89074,0.00000547315,-0.454514],[0.139603,0.951658,0.273601],[0.432544,-0.307159,0.847679]],"armWidth":65.6192,"confidence":0.209123,"direction":[-0.328178,0.670127,-0.665755],"elbow":[172.06,35.5239,310.124],"grabAngle":0.109476,"grabStrength":0,"id":437,"palmNormal":[-0.300463,-0.742238,-0.599003],"palmPosition":[23.2351,160.403,33.4951],"palmVelocity":[-105.979,225.455,-315.301],"palmWidth":89.6585,"pinchDistance":74.4976,"pinchStrength":0,"r":[[0.999993,0.00376029,0.000264472],[-0.00376081,0.999991,0.00199385],[-0.000256973,-0.00199483,0.999998]],"s":1.02325,"sphereCenter":[73.4012,265.466,39.1894],"sphereRadius":116.339,"stabilizedPalmPosition":[26.7813,152.859,44.0453],"t":[-2.13499,4.5419,-6.3519],"timeVisible":0.040291,"type":"right","wrist":[56.9826,117.243,84.5994]}],"id":245187,"interactionBox":{"center":[0,200,0],"size":[235.247,235.247,147.751]},"pointables":[{"bases":[[[0.565074,0.793251,0.226813],[-0.458291,0.0731934,0.885783],[0.686047,-0.604479,0.4049]],[[0.409398,0.901968,0.137286],[-0.786352,0.272535,0.554415],[0.462649,-0.334931,0.820839]],[[0.409398,0.901968,0.137286],[-0.907221,0.418401,-0.0434843],[-0.0966618,-0.106746,0.989577]],[[0.409398,0.901968,0.137286],[-0.646167,0.392881,-0.654304],[-0.644098,0.179161,0.743666]]],"btipPosition":[16.8942,133.744,-14.537],"carpPosition":[21.4552,117.818,76.4965],"dipPosition":[1.96323,137.898,2.70211],"direction":[0.0966618,0.106746,-0.989577],"extended":false,"handId":437,"id":4370,"length":51.6212,"mcpPosition":[21.4552,117.818,76.4965],"pipPosition":[-1.3012,134.293,36.1218],"stabilizedTipPosition":[7.00171,130.556,1.61384],"timeVisible":0.040291,"tipPosition":[8.12809,136.884,-10.2703],"tipVelocity":[178.425,114.465,-336.657],"tool":false,"touchDistance":1,"touchZone":"none","type":0,"width":21.2486},{"bases":[[[0.827741,0.109109,-0.550399],[0.226842,0.832108,0.506101],[0.513212,-0.543775,0.66402]],[[0.902932,0.0150895,-0.429518],[0.300446,0.692456,0.655925],[0.30732,-0.721303,0.620707]],[[0.902932,0.0150895,-0.429518],[0.247516,0.798753,0.548389],[0.351354,-0.60147,0.717485]],[[0.902932,0.0150895,-0.429518],[0.143255,0.931666,0.33388],[0.405206,-0.363002,0.83907]]],"btipPosition":[-34.6499,229.815,-28.4455],"carpPosition":[30.9013,139.157,77.4819],"dipPosition":[-27.7925,223.671,-14.2457],"direction":[-0.351354,0.60147,-0.717485],"extended":true,"handId":437,"id":4371,"length":58.2488,"mcpPosition":[-6.30303,178.577,29.3451],"pipPosition":[-19.3808,209.272,2.93141],"stabilizedTipPosition":[-32.0899,221.791,-20.9842],"timeVisible":0.040291,"tipPosition":[-35.1339,224.806,-27.1456],"tipVelocity":[-52.6267,353.991,-224.653],"tool":false,"touchDistance":1,"touchZone":"none","type":1,"width":20.2967},{"bases":[[[0.838587,-0.108823,-0.533787],[0.374729,0.826435,0.420219],[0.395411,-0.552416,0.733817]],[[0.874047,-0.163732,-0.45742],[0.425313,0.712958,0.557494],[0.234842,-0.681823,0.692796]],[[0.874047,-0.163732,-0.45742],[0.390963,0.795973,0.462143],[0.288427,-0.582769,0.759731]],[[0.874047,-0.163732,-0.45742],[0.344172,0.873186,0.345097],[0.34291,-0.459063,0.819557]]],"btipPosition":[-11.983,237.666,-48.8379],"carpPosition":[40.9189,142.178,71.3392],"dipPosition":[-5.60022,229.122,-33.5831],"direction":[-0.288427,0.582769,-0.759731],"extended":true,"handId":437,"id":4372,"length":66.3698,"mcpPosition":[13.7356,180.155,20.8914],"pipPosition":[2.52368,212.707,-12.1844],"stabilizedTipPosition":[-10.3924,228.991,-40.8425],"timeVisible":0.040291,"tipPosition":[-13.635,232.107,-46.4843],"tipVelocity":[-6.86925,376.221,-251.565],"tool":false,"touchDistance":0.786184,"touchZone":"hovering","type":2,"width":19.934},{"bases":[[[0.856985,-0.250918,-0.450131],[0.446098,0.798517,0.404187],[0.258019,-0.547184,0.796251]],[[0.86277,-0.263614,-0.431435],[0.485321,0.671032,0.560518],[0.141746,-0.692982,0.706883]],[[0.86277,-0.263614,-0.431435],[0.45988,0.763746,0.452992],[0.210092,-0.589236,0.780168]],[[0.86277,-0.263614,-0.431435],[0.4348,0.822331,0.367043],[0.258025,-0.504261,0.824102]]],"btipPosition":[18.2947,231.989,-52.3997],"carpPosition":[51.0333,142.047,64.6889],"dipPosition":[23.0698,222.657,-37.1485],"direction":[-0.210092,0.589236,-0.780168],"extended":true,"handId":437,"id":4373,"length":63.8164,"mcpPosition":[35.1075,175.821,15.5416],"pipPosition":[28.8345,206.489,-15.7416],"stabilizedTipPosition":[18.7542,224.05,-45.3252],"timeVisible":0.040291,"tipPosition":[15.518,226.302,-50.0238],"tipVelocity":[44.4843,403.423,-248.385],"tool":false,"touchDistance":0.73828,"touchZone":"hovering","type":3,"width":18.9685},{"bases":[[[0.79552,-0.441028,-0.415502],[0.594991,0.698269,0.398003],[0.114602,-0.563839,0.817895]],[[0.798016,-0.454289,-0.395968],[0.601879,0.56791,0.561444],[-0.0301838,-0.686367,0.726629]],[[0.798016,-0.454289,-0.395968],[0.598268,0.676181,0.429948],[0.0724257,-0.58,0.81139]],[[0.798016,-0.454289,-0.395968],[0.58508,0.74149,0.328442],[0.144399,-0.493775,0.857517]]],"btipPosition":[50.7044,210.917,-45.9382],"carpPosition":[60.0637,134.996,56.602],"dipPosition":[53.1697,202.487,-31.2978],"direction":[-0.0724257,0.58,-0.81139],"extended":true,"handId":437,"id":4374,"length":50.0309,"mcpPosition":[53.5157,167.211,9.87017],"pipPosition":[54.5728,191.25,-15.5787],"stabilizedTipPosition":[49.7374,200.943,-35.4563],"timeVisible":0.040291,"tipPosition":[46.7302,207.27,-42.9644],"tipVelocity":[61.9477,324.462,-287.302],"tool":false,"touchDistance":0.821263,"touchZone":"hovering","type":4,"width":16.8493}],"r":[[0.999993,0.00376029,0.000264472],[-0.00376081,0.999991,0.00199385],[-0.000256973,-0.00199483,0.999998]],"s":1.02325,"t":[-2.13499,4.5419,-6.3519],"timestamp":262473147674},{"currentFrameRate":24.1284,"devices":[],"gestures":[],"hands":[{"armBasis":[[0.887829,0.0111265,-0.460039],[0.151486,0.93692,0.315014],[0.434525,-0.349368,0.830139]],"armWidth":65.6192,"confidence":0.380117,"direction":[-0.270898,0.676769,-0.684542],"elbow":[169.413,35.4589,297.015],"grabAngle":0.0660912,"grabStrength":0,"id":437,"palmNormal":[-0.273985,-0.735929,-0.619146],"palmPosition":[23.6394,172.573,23.5468],"palmVelocity":[11.3303,341.12,-278.852],"palmWidth":89.6585,"pinchDistance":78.0383,"pinchStrength":0,"r":[[0.999902,0.00301994,0.0137056],[-0.0030746,0.999987,0.00396882],[-0.0136935,-0.00401056,0.999898]],"s":1.04963,"sphereCenter":[68.8896,279.581,38.2493],"sphereRadius":116.714,"stabilizedPalmPosition":[25.6268,160.103,36.5134],"t":[-3.00038,12.8977,-14.502],"timeVisible":0.075967,"type":"right","wrist":[53.8084,128.408,76.1577]}],"id":245188,"interactionBox":{"center":[0,200,0],"size":[235.247,235.247,147.751]},"pointables":[{"bases":[[[0.563528,0.782315,0.265367],[-0.514406,0.0809566,0.853717],[0.646392,-0.6176,0.448049]],[[0.406625,0.899527,0.159711],[-0.828076,0.289038,0.480362],[0.385936,-0.32758,0.862406]],[[0.406625,0.899527,0.159711],[-0.89679,0.426375,-0.118202],[-0.174423,-0.0951634,0.980062]],[[0.406625,0.899527,0.159711],[-0.674407,0.413474,-0.611731],[-0.616305,0.141035,0.774776]]],"btipPosition":[19.4212,146.047,-27.2331],"carpPosition":[18.227,129.989,66.2448],"dipPosition":[5.13447,149.316,-9.27285],"direction":[0.174423,0.0951634,-0.980062],"extended":false,"handId":437,"id":4370,"length":51.6212,"mcpPosition":[18.227,129.989,66.2448],"pipPosition":[-0.756083,146.102,23.8255],"stabilizedTipPosition":[9.33288,134.702,-4.6945],"timeVisible":0.075967,"tipPosition":[11.6527,149.063,-21.4095],"tipVelocity":[74.9844,339.137,-351.224],"tool":false,"touchDistance":0.970618,"touchZone":"hovering","type":0,"width":21.2486},{"bases":[[[0.864208,0.0940836,-0.494259],[0.208355,0.827247,0.521776],[0.457965,-0.553904,0.695311]],[[0.906753,0.0365755,-0.420072],[0.300574,0.642626,0.704761],[0.295726,-0.765307,0.57171]],[[0.906753,0.0365755,-0.420072],[0.256003,0.743856,0.617366],[0.335054,-0.667338,0.66513]],[[0.906753,0.0365755,-0.420072],[0.184828,0.860949,0.473925],[0.378995,-0.507374,0.773908]]],"btipPosition":[-32.2357,248.431,-35.8565],"carpPosition":[27.9833,151.147,67.8982],"dipPosition":[-25.8218,239.845,-22.7594],"direction":[-0.335054,0.667338,-0.66513],"extended":true,"handId":437,"id":4371,"length":58.2488,"mcpPosition":[-5.21597,191.301,17.493],"pipPosition":[-17.8004,223.868,-6.83565],"stabilizedTipPosition":[-30.8944,243.971,-31.6492],"timeVisible":0.075967,"tipPosition":[-29.9314,241.438,-37.5578],"tipVelocity":[64.811,506.074,-214.838],"tool":false,"touchDistance":0.872214,"touchZone":"hovering","type":1,"width":20.2967},{"bases":[[[0.869869,-0.124029,-0.477436],[0.361464,0.818882,0.445842],[0.335666,-0.5604,0.757152]],[[0.886761,-0.154177,-0.435758],[0.420932,0.658857,0.623477],[0.190977,-0.736299,0.649147]],[[0.886761,-0.154177,-0.435758],[0.385189,0.767601,0.512267],[0.255509,-0.622107,0.740066]],[[0.886761,-0.154177,-0.435758],[0.337679,0.859839,0.382949],[0.31564,-0.48673,0.814534]]],"btipPosition":[-6.8259,254.246,-56.6126],"carpPosition":[38.4397,153.985,62.4375],"dipPosition":[-0.950749,245.186,-41.4513],"direction":[-0.255509,0.622107,-0.740066],"extended":true,"handId":437,"id":4372,"length":66.3698,"mcpPosition":[15.3637,192.511,10.3855],"pipPosition":[6.24597,227.664,-20.6064],"stabilizedTipPosition":[-6.05725,249.417,-51.6703],"timeVisible":0.075967,"tipPosition":[-6.19876,247.219,-56.8773],"tipVelocity":[141.28,461.41,-218.527],"tool":false,"touchDistance":0.623956,"touchZone":"hovering","type":2,"width":19.934},{"bases":[[[0.880043,-0.26652,-0.393053],[0.433205,0.789647,0.434502],[0.194569,-0.552653,0.810381]],[[0.881603,-0.271025,-0.386422],[0.466751,0.622273,0.628427],[0.0701408,-0.734386,0.675099]],[[0.881603,-0.271025,-0.386422],[0.449649,0.731173,0.513031],[0.143497,-0.626044,0.766471]],[[0.881603,-0.271025,-0.386422],[0.423177,0.816468,0.392812],[0.209039,-0.509829,0.834492]]],"btipPosition":[26.0479,246.896,-59.9008],"carpPosition":[48.9674,153.671,56.4698],"dipPosition":[29.9165,237.461,-44.4573],"direction":[-0.143497,0.626044,-0.766471],"extended":true,"handId":437,"id":4373,"length":63.8164,"mcpPosition":[36.958,187.782,6.45031],"pipPosition":[33.8539,220.283,-23.4263],"stabilizedTipPosition":[26.0809,242.561,-55.1947],"timeVisible":0.075967,"tipPosition":[23.5609,239.92,-59.3767],"tipVelocity":[211.478,417.162,-209.016],"tool":false,"touchDistance":0.585933,"touchZone":"hovering","type":3,"width":18.9685},{"bases":[[[0.812892,-0.455477,-0.362971],[0.580286,0.686632,0.437955],[0.049749,-0.566637,0.822464]],[[0.813331,-0.460891,-0.355066],[0.573448,0.53201,0.622995],[-0.098234,-0.710313,0.696997]],[[0.813331,-0.460891,-0.355066],[0.581624,0.659144,0.476699],[0.0143335,-0.594229,0.804168]],[[0.813331,-0.460891,-0.355066],[0.57577,0.725269,0.377457],[0.0835517,-0.511434,0.855251]]],"btipPosition":[57.2735,223.955,-52.6027],"carpPosition":[58.3797,146.458,48.9822],"dipPosition":[58.7,215.224,-38.001],"direction":[-0.0143335,0.594229,-0.804168],"extended":true,"handId":437,"id":4374,"length":50.0309,"mcpPosition":[55.5372,178.834,1.98929],"pipPosition":[58.9777,203.712,-22.4218],"stabilizedTipPosition":[55.7047,216.881,-45.9185],"timeVisible":0.075967,"tipPosition":[53.4951,219.368,-50.8956],"tipVelocity":[177.435,363.53,-187.056],"tool":false,"touchDistance":0.672369,"touchZone":"hovering","type":4,"width":16.8493}],"r":[[0.999902,0.00301994,0.0137056],[-0.0030746,0.999987,0.00396882],[-0.0136935,-0.00401056,0.999898]],"s":1.04963,"t":[-3.00038,12.8977,-14.502],"timestamp":262473183350},{"currentFrameRate":26.4871,"devices":[],"gestures":[],"hands":[{"armBasis":[[0.883127,0.0244436,-0.468497],[0.150886,0.930781,0.332986],[0.444208,-0.364759,0.81831]],"armWidth":65.6192,"confidence":0.470116,"direction":[-0.265829,0.697281,-0.665683],"elbow":[171.577,37.2602,286.406],"grabAngle":0.0615117,"grabStrength":0,"id":437,"palmNormal":[-0.275306,-0.716681,-0.640761],"palmPosition":[23.422,179.996,17.2896],"palmVelocity":[-10.4056,355.43,-299.602],"palmWidth":89.6585,"pinchDistance":80.0025,"pinchStrength":0,"r":[[0.999685,0.00143405,0.0250607],[-0.00171716,0.999935,0.0112789],[-0.0250429,-0.0113184,0.999622]],"s":1.07401,"sphereCenter":[69.5699,286.612,36.2675],"sphereRadius":116.971,"stabilizedPalmPosition":[24.9462,166.244,30.5787],"t":[-3.54173,20.7872,-21.7056],"timeVisible":0.096852,"type":"right","wrist":[53.3957,134.304,68.6954]}],"id":245189,"interactionBox":{"center":[0,200,0],"size":[235.247,235.247,147.751]},"pointables":[{"bases":[[[0.566134,0.771876,0.289309],[-0.516663,0.058795,0.854168],[0.642302,-0.633048,0.432086]],[[0.41277,0.891152,0.188333],[-0.836966,0.289528,0.464394],[0.359318,-0.349316,0.865372]],[[0.41277,0.891152,0.188333],[-0.888217,0.439614,-0.133456],[-0.201723,-0.112194,0.972996]],[[0.41277,0.891152,0.188333],[-0.660424,0.435217,-0.611904],[-0.627265,0.128196,0.768182]]],"btipPosition":[21.3716,154.232,-34.4973],"carpPosition":[17.6922,136.233,58.735],"dipPosition":[6.83084,157.204,-16.6898],"direction":[0.201723,0.112194,-0.972996],"extended":false,"handId":437,"id":4370,"length":51.6212,"mcpPosition":[17.6922,136.233,58.735],"pipPosition":[0.0183119,153.415,16.1699],"stabilizedTipPosition":[11.4761,139.685,-11.0314],"timeVisible":0.096852,"tipPosition":[12.3405,157.448,-28.6277],"tipVelocity":[90.5921,388.65,-349.499],"tool":false,"touchDistance":0.7974,"touchZone":"hovering","type":0,"width":21.2486},{"bases":[[[0.866124,0.104324,-0.48882],[0.210376,0.811041,0.545852],[0.453398,-0.575612,0.680515]],[[0.902717,0.0531826,-0.426935],[0.313638,0.597926,0.737642],[0.294506,-0.799785,0.523078]],[[0.902717,0.0531826,-0.426935],[0.269131,0.704402,0.6568],[0.335664,-0.707806,0.621562]],[[0.902717,0.0531826,-0.426935],[0.188335,0.843355,0.503272],[0.386823,-0.534719,0.751295]]],"btipPosition":[-32.4471,259.047,-38.1647],"carpPosition":[27.536,157.291,61.0221],"dipPosition":[-25.9008,249.998,-25.4503],"direction":[-0.335664,0.707806,-0.621562],"extended":true,"handId":437,"id":4371,"length":58.2488,"mcpPosition":[-5.33223,199.019,11.6895],"pipPosition":[-17.8647,233.053,-10.5696],"stabilizedTipPosition":[-30.9331,254.672,-34.6064],"timeVisible":0.096852,"tipPosition":[-29.836,251.669,-41.0451],"tipVelocity":[-8.66407,503.222,-114.735],"tool":false,"touchDistance":0.782382,"touchZone":"hovering","type":1,"width":20.2967},{"bases":[[[0.870778,-0.114204,-0.47823],[0.36368,0.804168,0.470161],[0.330883,-0.583328,0.741785]],[[0.88509,-0.140942,-0.443567],[0.428889,0.617114,0.659715],[0.18075,-0.774148,0.60665]],[[0.88509,-0.140942,-0.443567],[0.396185,0.728293,0.559131],[0.244242,-0.670615,0.700443]],[[0.88509,-0.140942,-0.443567],[0.34955,0.830555,0.433582],[0.307297,-0.538807,0.784382]]],"btipPosition":[-5.95447,266.217,-58.6118],"carpPosition":[38.0214,160.237,55.6756],"dipPosition":[-0.234606,256.188,-44.0117],"direction":[-0.244242,0.670615,-0.700444],"extended":true,"handId":437,"id":4372,"length":66.3698,"mcpPosition":[15.2742,200.34,4.6801],"pipPosition":[6.64476,237.299,-24.2829],"stabilizedTipPosition":[-4.90471,261.194,-54.5822],"timeVisible":0.096852,"tipPosition":[-5.64329,258.178,-60.0952],"tipVelocity":[40.015,562.51,-101.904],"tool":false,"touchDistance":0.56297,"touchZone":"hovering","type":2,"width":19.934},{"bases":[[[0.880069,-0.259095,-0.397931],[0.435326,0.774948,0.458199],[0.189659,-0.576476,0.794798]],[[0.882441,-0.266505,-0.387651],[0.467715,0.585354,0.662272],[0.0504143,-0.765726,0.641189]],[[0.882441,-0.266505,-0.387651],[0.453563,0.700645,0.550796],[0.124816,-0.661869,0.739155]],[[0.882441,-0.266505,-0.387651],[0.424795,0.805468,0.413245],[0.202109,-0.529336,0.823987]]],"btipPosition":[27.4633,257.473,-63.2318],"carpPosition":[48.5659,160.047,49.7324],"dipPosition":[31.2036,247.677,-47.9827],"direction":[-0.124816,0.661869,-0.739155],"extended":true,"handId":437,"id":4373,"length":63.8164,"mcpPosition":[36.8595,195.629,0.674738],"pipPosition":[34.6284,229.516,-27.7011],"stabilizedTipPosition":[27.8804,252.719,-58.8294],"timeVisible":0.096852,"tipPosition":[24.3158,250.216,-63.2954],"tipVelocity":[66.3608,502.483,-161.632],"tool":false,"touchDistance":0.510038,"touchZone":"hovering","type":3,"width":18.9685},{"bases":[[[0.811998,-0.448533,-0.373468],[0.581943,0.67122,0.459135],[0.0447421,-0.590154,0.80605]],[[0.812911,-0.464335,-0.351525],[0.567266,0.494644,0.658435],[-0.131855,-0.734657,0.665502]],[[0.812911,-0.464335,-0.351525],[0.582186,0.631988,0.511518],[-0.015356,-0.620471,0.784079]],[[0.812911,-0.464335,-0.351525],[0.577867,0.71816,0.387706],[0.0724256,-0.518305,0.852124]]],"btipPosition":[59.0919,233.329,-57.0323],"carpPosition":[57.9694,153.01,42.0691],"dipPosition":[60.3285,224.48,-42.4839],"direction":[0.015356,0.620471,-0.784079],"extended":true,"handId":437,"id":4374,"length":50.0309,"mcpPosition":[55.413,186.729,-3.98593],"pipPosition":[60.031,212.459,-27.294],"stabilizedTipPosition":[58.2893,227.026,-51.3864],"timeVisible":0.096852,"tipPosition":[54.263,229.014,-55.4989],"tipVelocity":[84.9772,447.504,-212.682],"tool":false,"touchDistance":0.571837,"touchZone":"hovering","type":4,"width":16.8493}],"r":[[0.999685,0.00143405,0.0250607],[-0.00171716,0.999935,0.0112789],[-0.0250429,-0.0113184,0.999622]],"s":1.07401,"t":[-3.54173,20.7872,-21.7056],"timestamp":262473204235},{"currentFrameRate":28.6071,"devices":[],"gestures":[],"hands":[{"armBasis":[[0.861469,0.0454064,-0.505776],[0.165718,0.916329,0.364526],[0.480009,-0.397844,0.781864]],"armWidth":65.6192,"confidence":0.551399,"direction":[-0.241599,0.706319,-0.665389],"elbow":[180.423,32.5143,272.345],"grabAngle":0.0467341,"grabStrength":0,"id":437,"palmNormal":[-0.27258,-0.707492,-0.65204],"palmPosition":[23.8631,185.112,13.149],"palmVelocity":[21.0904,244.638,-197.993],"palmWidth":89.6585,"pinchDistance":81.4308,"pinchStrength":0,"r":[[0.999264,-0.00294089,0.0382532],[0.00222516,0.999822,0.0187394],[-0.0383015,-0.0186405,0.999092]],"s":1.09508,"sphereCenter":[70.1446,289.431,34.2885],"sphereRadius":114.938,"stabilizedPalmPosition":[24.5873,172.496,24.8038],"t":[-3.59188,27.29,-27.3778],"timeVisible":0.117765,"type":"right","wrist":[52.7174,138.36,64.3304]}],"id":245190,"interactionBox":{"center":[0,200,0],"size":[235.247,235.247,147.751]},"pointables":[{"bases":[[[0.571414,0.761033,0.307109],[-0.53332,0.0599346,0.843788],[0.623743,-0.645939,0.440122]],[[0.420372,0.884379,0.202881],[-0.846989,0.30228,0.437306],[0.325418,-0.355669,0.876129]],[[0.420372,0.884379,0.202881],[-0.879703,0.452021,-0.147649],[-0.222284,-0.116407,0.968008]],[[0.420372,0.884379,0.202881],[-0.636053,0.446681,-0.629216],[-0.647089,0.135462,0.750284]]],"btipPosition":[23.1276,159.406,-39.0638],"carpPosition":[16.6267,141.121,54.1143],"dipPosition":[8.12723,162.546,-21.6713],"direction":[0.222284,0.116407,-0.968008],"extended":false,"handId":437,"id":4370,"length":51.6212,"mcpPosition":[16.6267,141.121,54.1143],"pipPosition":[0.620338,158.615,11.02],"stabilizedTipPosition":[13.7546,145.364,-17.7081],"timeVisible":0.117765,"tipPosition":[13.6946,162.951,-33.2552],"tipVelocity":[78.9092,249.267,-222.922],"tool":false,"touchDistance":0.681064,"touchZone":"hovering","type":0,"width":21.2486},{"bases":[[[0.87752,0.0950914,-0.470018],[0.211038,0.803546,0.556575],[0.430607,-0.587597,0.68506]],[[0.909751,0.046792,-0.412508],[0.32016,0.553477,0.768869],[0.264291,-0.831549,0.488546]],[[0.909751,0.046792,-0.412508],[0.276395,0.67314,0.685921],[0.309771,-0.738033,0.599457]],[[0.909751,0.046792,-0.412508],[0.196533,0.826694,0.527212],[0.365687,-0.560703,0.74289]]],"btipPosition":[-29.3349,267.151,-40.6024],"carpPosition":[26.7326,162.01,56.773],"dipPosition":[-23.1463,257.662,-28.0303],"direction":[-0.309771,0.738033,-0.599457],"extended":true,"handId":437,"id":4371,"length":58.2488,"mcpPosition":[-4.48342,204.607,7.1109],"pipPosition":[-15.7301,239.993,-13.6788],"stabilizedTipPosition":[-28.2998,263.645,-37.3119],"timeVisible":0.117765,"tipPosition":[-27.2352,259.146,-44.4047],"tipVelocity":[144.881,382.641,-118.129],"tool":false,"touchDistance":0.700421,"touchZone":"hovering","type":1,"width":20.2967},{"bases":[[[0.878708,-0.123557,-0.461092],[0.365758,0.794959,0.484006],[0.306747,-0.593948,0.743729]],[[0.890121,-0.146883,-0.431405],[0.43046,0.581799,0.690083],[0.14963,-0.79996,0.581099]],[[0.890121,-0.146883,-0.431405],[0.404429,0.690925,0.599217],[0.210054,-0.707848,0.67441]],[[0.890121,-0.146883,-0.431405],[0.361078,0.804862,0.470977],[0.278043,-0.574997,0.769461]]],"btipPosition":[-1.95431,274.505,-60.5227],"carpPosition":[37.3691,164.84,51.6675],"dipPosition":[3.22104,263.802,-46.2004],"direction":[-0.210054,0.707848,-0.67441],"extended":true,"handId":437,"id":4372,"length":66.3698,"mcpPosition":[16.2812,205.673,0.538308],"pipPosition":[9.13746,243.865,-27.2048],"stabilizedTipPosition":[-1.28219,270.685,-56.8974],"timeVisible":0.117765,"tipPosition":[-2.14145,265.651,-62.9857],"tipVelocity":[185.288,388.882,-94.4289],"tool":false,"touchDistance":0.510384,"touchZone":"hovering","type":2,"width":19.934},{"bases":[[[0.884181,-0.269188,-0.381786],[0.437195,0.764761,0.473288],[0.164572,-0.585387,0.793875]],[[0.885242,-0.273023,-0.37657],[0.464675,0.554936,0.690017],[0.0205816,-0.785814,0.61812]],[[0.885242,-0.273023,-0.37657],[0.456531,0.664973,0.591092],[0.0890268,-0.695176,0.713306]],[[0.885242,-0.273023,-0.37657],[0.426043,0.800814,0.420933],[0.186637,-0.533063,0.825234]]],"btipPosition":[31.0649,264.386,-65.2587],"carpPosition":[48.0305,164.537,45.9414],"dipPosition":[34.5189,254.521,-49.9865],"direction":[-0.0890268,0.695176,-0.713306],"extended":true,"handId":437,"id":4373,"length":63.8164,"mcpPosition":[37.8725,200.67,-3.05927],"pipPosition":[36.9617,235.446,-30.4142],"stabilizedTipPosition":[31.3094,260.818,-61.343],"timeVisible":0.117765,"tipPosition":[27.9826,256.656,-66.2377],"tipVelocity":[169.068,329.782,-96.6667],"tool":false,"touchDistance":0.462043,"touchZone":"hovering","type":3,"width":18.9685},{"bases":[[[0.812813,-0.457767,-0.360256],[0.582206,0.65884,0.47641],[0.0192664,-0.596975,0.802029]],[[0.813012,-0.476804,-0.334171],[0.553279,0.453876,0.698483],[-0.181367,-0.752765,0.632812]],[[0.813012,-0.476804,-0.334171],[0.578542,0.596891,0.555887],[-0.065585,-0.645274,0.76113]],[[0.813012,-0.476804,-0.334171],[0.581422,0.695384,0.422362],[0.0309934,-0.53768,0.842579]]],"btipPosition":[63.4779,239.574,-58.702],"carpPosition":[57.4852,157.419,38.4171],"dipPosition":[64.0071,230.394,-44.3167],"direction":[0.065585,0.645274,-0.76113],"extended":true,"handId":437,"id":4374,"length":50.0309,"mcpPosition":[56.3844,191.529,-7.40815],"pipPosition":[62.7365,217.893,-29.5713],"stabilizedTipPosition":[62.5354,235.371,-54.5904],"timeVisible":0.117765,"tipPosition":[57.8353,234.663,-58.1579],"tipVelocity":[201.945,294.984,-81.6351],"tool":false,"touchDistance":0.522378,"touchZone":"hovering","type":4,"width":16.8493}],"r":[[0.999264,-0.00294089,0.0382532],[0.00222516,0.999822,0.0187394],[-0.0383015,-0.0186405,0.999092]],"s":1.09508,"t":[-3.59188,27.29,-27.3778],"timestamp":262473225148},{"currentFrameRate":30.5073,"devices":[],"gestures":[],"hands":[{"armBasis":[[0.851839,0.0737567,-0.518585],[0.157483,0.908169,0.387851],[0.49957,-0.412055,0.761998]],"armWidth":65.6192,"confidence":0.623607,"direction":[-0.216377,0.738141,-0.639006],"elbow":[185.59,29.9838,262.501],"grabAngle":0.0465621,"grabStrength":0,"id":437,"palmNormal":[-0.262116,-0.674403,-0.690272],"palmPosition":[25.1685,188.713,10.0818],"palmVelocity":[62.235,171.684,-146.232],"palmWidth":89.6585,"pinchDistance":81.886,"pinchStrength":0,"r":[[0.998498,-0.00913833,0.0540293],[0.00731873,0.999402,0.0337806],[-0.0543057,-0.0333344,0.997968]],"s":1.11055,"sphereCenter":[70.7917,289.885,36.3727],"sphereRadius":112.843,"stabilizedPalmPosition":[24.78,177.872,19.923],"t":[-2.96426,32.342,-31.7475],"timeVisible":0.13874,"type":"right","wrist":[52.6804,139.611,59.7723]}],"id":245191,"interactionBox":{"center":[0,200,0],"size":[235.247,235.247,147.751]},"pointables":[{"bases":[[[0.570663,0.739942,0.356132],[-0.555215,0.0281271,0.831231],[0.605046,-0.672082,0.426878]],[[0.418061,0.873431,0.249686],[-0.858164,0.28957,0.423915],[0.29796,-0.391494,0.870605]],[[0.418061,0.873431,0.249686],[-0.87665,0.459955,-0.141161],[-0.238138,-0.159873,0.957983]],[[0.418061,0.873431,0.249686],[-0.630126,0.476802,-0.612863],[-0.654345,0.0988807,0.749704]]],"btipPosition":[24.9384,165.379,-43.7392],"carpPosition":[16.3833,143.015,48.8151],"dipPosition":[9.76985,167.671,-26.3601],"direction":[0.238138,0.159873,-0.957983],"extended":false,"handId":437,"id":4370,"length":51.6212,"mcpPosition":[16.3833,143.015,48.8151],"pipPosition":[1.72752,162.272,5.99258],"stabilizedTipPosition":[16.3045,152.171,-25.0095],"timeVisible":0.13874,"tipPosition":[16.2825,168.637,-37.6315],"tipVelocity":[84.4881,275.442,-223.05],"tool":false,"touchDistance":0.576114,"touchZone":"hovering","type":0,"width":21.2486},{"bases":[[[0.890785,0.106058,-0.441876],[0.204151,0.775335,0.597644],[0.405987,-0.622581,0.669005]],[[0.922154,0.0525929,-0.383231],[0.307535,0.501259,0.808802],[0.234635,-0.863697,0.446064]],[[0.922154,0.0525929,-0.383231],[0.271053,0.618961,0.737169],[0.275975,-0.783659,0.556522]],[[0.922154,0.0525929,-0.383231],[0.191814,0.798161,0.571092],[0.335915,-0.600144,0.72594]]],"btipPosition":[-25.0815,274.452,-40.4091],"carpPosition":[26.6263,163.648,52.6798],"dipPosition":[-19.3967,264.296,-28.1239],"direction":[-0.275975,0.783659,-0.556522],"extended":true,"handId":437,"id":4371,"length":58.2488,"mcpPosition":[-2.80494,208.781,4.18162],"pipPosition":[-12.7897,245.535,-14.8003],"stabilizedTipPosition":[-24.1049,271.497,-37.5637],"timeVisible":0.13874,"tipPosition":[-23.6179,266.353,-44.7541],"tipVelocity":[197.26,340.794,6.06771],"tool":false,"touchDistance":0.665621,"touchZone":"hovering","type":1,"width":20.2967},{"bases":[[[0.889503,-0.11277,-0.442795],[0.360673,0.768247,0.528878],[0.280534,-0.630143,0.724031]],[[0.899106,-0.135585,-0.416203],[0.419022,0.541599,0.72876],[0.126607,-0.829631,0.543768]],[[0.899106,-0.135585,-0.416203],[0.398529,0.646845,0.650205],[0.181061,-0.750472,0.635616]],[[0.899106,-0.135585,-0.416203],[0.358514,0.77363,0.52246],[0.25115,-0.618961,0.744184]]],"btipPosition":[2.31982,282.171,-59.5003],"carpPosition":[37.4248,166.583,47.9903],"dipPosition":[6.99459,270.65,-45.6485],"direction":[-0.181061,0.750472,-0.635616],"extended":true,"handId":437,"id":4372,"length":66.3698,"mcpPosition":[18.1389,209.903,-1.7847],"pipPosition":[12.0944,249.512,-27.7455],"stabilizedTipPosition":[3.04846,278.866,-56.3576],"timeVisible":0.13874,"tipPosition":[2.11696,273.223,-62.6531],"tipVelocity":[198.283,356.517,43.584],"tool":false,"touchDistance":0.506392,"touchZone":"hovering","type":2,"width":19.934},{"bases":[[[0.891354,-0.261863,-0.370022],[0.432061,0.737747,0.518702],[0.137154,-0.622219,0.770735]],[[0.891804,-0.263924,-0.367464],[0.452381,0.509242,0.732137],[-0.0061007,-0.819156,0.573538]],[[0.891804,-0.263924,-0.367464],[0.448782,0.618883,0.644654],[0.0572771,-0.739816,0.670366]],[[0.891804,-0.263924,-0.367464],[0.416783,0.795233,0.440336],[0.176004,-0.545846,0.819191]]],"btipPosition":[35.2084,271.474,-63.9684],"carpPosition":[48.2329,166.415,42.5403],"dipPosition":[38.4656,261.372,-48.8081],"direction":[-0.0572771,0.739816,-0.670366],"extended":true,"handId":437,"id":4373,"length":63.8164,"mcpPosition":[39.7672,204.821,-5.03199],"pipPosition":[40.0372,241.073,-30.414],"stabilizedTipPosition":[35.5593,268.437,-60.5553],"timeVisible":0.13874,"tipPosition":[32.3012,263.903,-65.6515],"tipVelocity":[195.386,335.345,60.2887],"tool":false,"touchDistance":0.468141,"touchZone":"hovering","type":3,"width":18.9685},{"bases":[[[0.817513,-0.450391,-0.358915],[0.575848,0.630148,0.520877],[-0.00842895,-0.632504,0.774511]],[[0.816839,-0.470143,-0.334274],[0.53527,0.401668,0.743067],[-0.215081,-0.785893,0.579752]],[[0.816839,-0.470143,-0.334274],[0.567293,0.549547,0.613333],[-0.104655,-0.690626,0.7156]],[[0.816839,-0.470143,-0.334274],[0.576779,0.655567,0.487399],[-0.0100083,-0.590929,0.806661]]],"btipPosition":[68.0266,246.667,-57.2379],"carpPosition":[57.8138,159.534,34.9553],"dipPosition":[67.8557,236.578,-43.4658],"direction":[0.104655,0.690626,-0.7156],"extended":true,"handId":437,"id":4374,"length":50.0309,"mcpPosition":[58.2954,195.674,-9.29766],"pipPosition":[65.8282,223.198,-29.6025],"stabilizedTipPosition":[67.2998,243.214,-54.1359],"timeVisible":0.13874,"tipPosition":[62.0942,241.3,-57.6634],"tipVelocity":[209.185,328.197,63.0788],"tool":false,"touchDistance":0.52332,"touchZone":"hovering","type":4,"width":16.8493}],"r":[[0.998498,-0.00913833,0.0540293],[0.00731873,0.999402,0.0337806],[-0.0543057,-0.0333344,0.997968]],"s":1.11055,"t":[-2.96426,32.342,-31.7475],"timestamp":262473246123},{"currentFrameRate":32.229,"devices":[],"gestures":[],"hands":[{"armBasis":[[0.581826,-0.475622,-0.659744],[0.632873,0.774255,-0.0000468712],[0.510833,-0.417507,0.75149]],"armWidth":65.6192,"confidence":0.686332,"direction":[-0.0778405,0.776664,-0.625087],"elbow":[182.079,28.146,252.227],"grabAngle":0.37391,"grabStrength":0,"id":437,"palmNormal":[-0.810588,-0.414329,-0.413858],"palmPosition":[27.6777,195.621,6.94323],"palmVelocity":[120.057,330.522,-150.169],"palmWidth":89.6585,"pinchDistance":76.7997,"pinchStrength":0,"r":[[0.992974,-0.117791,-0.01129],[0.117907,0.992971,0.0102769],[0.0100001,-0.0115359,0.999883]],"s":1.05375,"sphereCenter":[77.8947,247.314,-7.76413],"sphereRadius":76.4142,"stabilizedPalm