{"frames":281,"data":[{"currentFrameRate":24.8741,"devices":[],"gestures":[],"hands":[],"id":245589,"interactionBox":{"center":[0,200,0],"size":[235.247,235.247,147.751]},"pointables":[],"r":[[-0.020113,-0.761857,-0.647433],[0.506356,0.550609,-0.663651],[0.86209,-0.34118,0.374696]],"s":-5.55733,"t":[884.858,792.664,758.259],"timestamp":262487637040},{"currentFrameRate":24.8797,"devices":[],"gestures":[],"hands":[],"id":245590,"interactionBox":{"center":[0,200,0],"size":[235.247,235.247,147.751]},"pointables":[],"r":[[-0.020113,-0.761857,-0.647433],[0.506356,0.550609,-0.663651],[0.86209,-0.34118,0.374696]],"s":-5.55733,"t":[884.858,792.664,758.259],"timestamp":262487677193},{"currentFrameRate":24.874,"devices":[],"gestures":[],"hands":[],"id":245591,"interactionBox":{"center":[0,200,0],"size":[235.247,235.247,147.751]},"pointables":[],"r":[[-0.020113,-0.761857,-0.647433],[0.506356,0.550609,-0.663651],[0.86209,-0.34118,0.374696]],"s":-5.55733,"t":[884.858,792.664,758.259],"timestamp":262487717437},{"currentFrameRate":24.8767,"devices":[],"gestures":[],"hands":[],"id":245592,"interactionBox":{"center":[0,200,0],"size":[235.247,235.247,147.751]},"pointables":[],"r":[[-0.020113,-0.761857,-0.647433],[0.506356,0.550609,-0.663651],[0.86209,-0.34118,0.374696]],"s":-5.55733,"t":[884.858,792.664,758.259],"timestamp":262487757615},{"currentFrameRate":24.8645,"devices":[],"gestures":[],"hands":[],"id":245593,"interactionBox":{"center":[0,200,0],"size":[235.247,235.247,147.751]},"pointables":[],"r":[[-0.020113,-0.761857,-0.647433],[0.506356,0.550609,-0.663651],[0.86209,-0.34118,0.374696]],"s":-5.55733,"t":[884.858,792.664,758.259],"timestamp":262487797922},{"currentFrameRate":24.8788,"devices":[],"gestures":[],"hands":[],"id":245594,"interactionBox":{"center":[0,200,0],"size":[235.247,235.247,147.751]},"pointables":[],"r":[[-0.020113,-0.761857,-0.647433],[0.506356,0.550609,-0.663651],[0.86209,-0.34118,0.374696]],"s":-5.55733,"t":[884.858,792.664,758.259],"timestamp":262487838013},{"currentFrameRate":24.8784,"devices":[],"gestures":[],"hands":[],"id":245595,"interactionBox":{"center":[0,200,0],"size":[235.247,235.247,147.751]},"pointables":[],"r":[[-0.020113,-0.761857,-0.647433],[0.506356,0.550609,-0.663651],[0.86209,-0.34118,0.374696]],"s":-5.55733,"t":[884.858,792.664,758.259],"timestamp":262487878211},{"currentFrameRate":24.84,"devices":[],"gestures":[],"hands":[],"id":245596,"interactionBox":{"center":[0,200,0],"size":[235.247,235.247,147.751]},"pointables":[],"r":[[-0.020113,-0.761857,-0.647433],[0.506356,0.550609,-0.663651],[0.86209,-0.34118,0.374696]],"s":-5.55733,"t":[884.858,792.664,758.259],"timestamp":262487918748},{"currentFrameRate":24.856,"devices":[],"gestures":[],"hands":[],"id":245597,"interactionBox":{"center":[0,200,0],"size":[235.247,235.247,147.751]},"pointables":[],"r":[[-0.020113,-0.761857,-0.647433],[0.506356,0.550609,-0.663651],[0.86209,-0.34118,0.374696]],"s":-5.55733,"t":[884.858,792.664,758.259],"timestamp":262487958863},{"currentFrameRate":24.8715,"devices":[],"gestures":[],"hands":[],"id":245598,"interactionBox":{"center":[0,200,0],"size":[235.247,235.247,147.751]},"pointables":[],"r":[[-0.020113,-0.761857,-0.647433],[0.506356,0.550609,-0.663651],[0.86209,-0.34118,0.374696]],"s":-5.55733,"t":[884.858,792.664,758.259],"timestamp":262487998957},{"currentFrameRate":20.7383,"devices":[],"gestures":[],"hands":[],"id":245599,"interactionBox":{"center":[0,200,0],"size":[235.247,235.247,147.751]},"pointables":[],"r":[[-0.020113,-0.761857,-0.647433],[0.506356,0.550609,-0.663651],[0.86209,-0.34118,0.374696]],"s":-5.55733,"t":[884.858,792.664,758.259],"timestamp":262488079666},{"currentFrameRate":21.5278,"devices":[],"gestures":[],"hands":[],"id":245600,"interactionBox":{"center":[0,200,0],"size":[235.247,235.247,147.751]},"pointables":[],"r":[[-0.020113,-0.761857,-0.647433],[0.506356,0.550609,-0.663651],[0.86209,-0.34118,0.374696]],"s":-5.55733,"t":[884.858,792.664,758.259],"timestamp":262488119495},{"currentFrameRate":22.1102,"devices":[],"gestures":[],"hands":[{"armBasis":[[0.844465,-0.139416,-0.517148],[0.247751,0.957702,0.146377],[0.474866,-0.251734,0.843286]],"armWidth":62.7876,"confidence":0,"direction":[-0.301412,0.547539,-0.78061],"elbow":[181.488,53.955,320.721],"grabAngle":0.912316,"grabStrength":0,"id":439,"palmNormal":[-0.370313,-0.82164,-0.433332],"palmPosition":[22.5463,156.394,38.8181],"palmVelocity":[1.19209e-7,1.19209e-7,1.19209e-7],"palmWidth":89.6585,"pinchDistance":49.4604,"pinchStrength":0,"r":[[1,-1.66533e-17,-5.55112e-18],[1.66533e-17,1,-1.84889e-34],[5.55112e-18,9.24446e-35,1]],"s":1,"sphereCenter":[-3.66479,88.1235,-22.5815],"sphereRadius":97.2733,"stabilizedPalmPosition":[22.5463,156.394,38.8181],"t":[0,0,0],"timeVisible":0,"type":"right","wrist":[55.15,120.929,96.3657]}],"id":245601,"interactionBox":{"center":[0,200,0],"size":[235.247,235.247,147.751]},"pointables":[{"bases":[[[0.625967,0.777976,0.0540167],[-0.42389,0.28129,0.860926],[0.654586,-0.561809,0.505854]],[[0.538017,0.842869,-0.0104894],[-0.483228,0.318601,0.815466],[0.690673,-0.433665,0.57871]],[[0.538017,0.842869,-0.0104894],[-0.803753,0.516719,0.294927],[0.254005,-0.150245,0.955462]],[[0.538017,0.842869,-0.0104894],[-0.797817,0.505164,-0.329086],[-0.272078,0.185422,0.944242]]],"btipPosition":[-17.0776,145.53,7.14807],"carpPosition":[19.1539,123.428,89.4888],"dipPosition":[-23.352,149.806,28.9233],"direction":[-0.254005,0.150245,-0.955462],"extended":false,"handId":439,"id":4390,"length":51.3537,"mcpPosition":[19.1539,123.428,89.4888],"pipPosition":[-14.8183,144.759,61.0237],"stabilizedTipPosition":[-18.5207,146.514,12.1564],"timeVisible":0,"tipPosition":[-18.5207,146.514,12.1564],"tipVelocity":[1.19209e-7,1.19209e-7,1.19209e-7],"tool":false,"touchDistance":1,"touchZone":"none","type":0,"width":19.9537},{"bases":[[[0.815565,-0.0642756,-0.575085],[0.300255,0.896565,0.325604],[0.494673,-0.438223,0.750506]],[[0.874333,-0.122236,-0.469682],[0.267804,0.928604,0.256857],[0.404751,-0.350361,0.844644]],[[0.874333,-0.122236,-0.469682],[0.10481,0.992483,-0.0631874],[0.473875,0.00601946,0.880572]],[[0.874333,-0.122236,-0.469682],[-0.092418,0.908121,-0.40838],[0.476447,0.400467,0.782703]]],"btipPosition":[-42.2087,183.487,-38.2853],"carpPosition":[30.0937,143.772,86.0277],"dipPosition":[-34.1874,190.229,-25.108],"direction":[-0.473875,-0.00601946,-0.880572],"extended":true,"handId":439,"id":4391,"length":57.947,"mcpPosition":[-5.76666,175.541,31.6212],"pipPosition":[-22.9013,190.373,-4.13572],"stabilizedTipPosition":[-40.3638,185.038,-35.2545],"timeVisible":0,"tipPosition":[-40.3638,185.038,-35.2545],"tipVelocity":[1.19209e-7,1.19209e-7,1.19209e-7],"tool":false,"touchDistance":1,"touchZone":"none","type":1,"width":19.0597},{"bases":[[[0.811683,-0.274785,-0.515426],[0.444601,0.862953,0.24009],[0.378815,-0.424036,0.822613]],[[0.840149,-0.308806,-0.445857],[0.427334,0.883127,0.19358],[0.33397,-0.353166,0.873921]],[[0.840149,-0.308806,-0.445857],[0.251938,0.950209,-0.183387],[0.480288,0.0417435,0.876117]],[[0.840149,-0.308806,-0.445857],[0.0233613,0.841917,-0.539101],[0.541853,0.442509,0.71455]]],"btipPosition":[-25.2966,181.32,-56.6039],"carpPosition":[40.099,144.759,79.2357],"dipPosition":[-15.2631,189.514,-43.3725],"direction":[-0.480289,-0.0417435,-0.876117],"extended":true,"handId":439,"id":4392,"length":66.0259,"mcpPosition":[14.0566,173.91,22.6834],"pipPosition":[-1.80533,190.684,-18.8235],"stabilizedTipPosition":[-22.9889,183.205,-53.5607],"timeVisible":0,"tipPosition":[-22.9889,183.205,-53.5607],"tipVelocity":[1.19209e-7,1.19209e-7,1.19209e-7],"tool":false,"touchDistance":0.729924,"touchZone":"hovering","type":2,"width":18.7192},{"bases":[[[0.822741,-0.398456,-0.405377],[0.513305,0.827158,0.228752],[0.244163,-0.396286,0.885066]],[[0.824878,-0.401962,-0.397494],[0.50262,0.843317,0.190239],[0.258745,-0.356712,0.897668]],[[0.824878,-0.401962,-0.397494],[0.339321,0.914446,-0.220567],[0.452147,0.0470628,0.890701]],[[0.824878,-0.401962,-0.397494],[0.121775,0.812982,-0.569413],[0.552038,0.421292,0.71956]]],"btipPosition":[0.99728,173.681,-59.1355],"carpPosition":[49.9647,142.558,72.5749],"dipPosition":[11.1606,181.437,-45.888],"direction":[-0.452147,-0.0470628,-0.890701],"extended":true,"handId":439,"id":4393,"length":63.4857,"mcpPosition":[34.8942,167.018,17.9457],"pipPosition":[23.5027,182.722,-21.5749],"stabilizedTipPosition":[3.33485,175.465,-56.0886],"timeVisible":0,"tipPosition":[3.33485,175.465,-56.0886],"tipVelocity":[1.19209e-7,1.19209e-7,1.19209e-7],"tool":false,"touchDistance":0.692004,"touchZone":"hovering","type":3,"width":17.8125},{"bases":[[[0.749272,-0.5728,-0.332402],[0.654563,0.716832,0.240205],[0.100687,-0.397558,0.912036]],[[0.752533,-0.58737,-0.297809],[0.653519,0.721873,0.227623],[0.0812814,-0.365917,0.927091]],[[0.752533,-0.58737,-0.297809],[0.537782,0.809116,-0.236902],[0.380111,0.0181209,0.924763]],[[0.752533,-0.58737,-0.297809],[0.321094,0.722077,-0.612784],[0.574972,0.365516,0.731988]]],"btipPosition":[32.5447,162.296,-48.7585],"carpPosition":[58.2209,133.389,65.9088],"dipPosition":[42.3103,168.504,-36.326],"direction":[-0.380111,-0.0181209,-0.924763],"extended":true,"handId":439,"id":4394,"length":49.7716,"mcpPosition":[52.468,156.104,13.7981],"pipPosition":[49.636,168.853,-18.5034],"stabilizedTipPosition":[34.7908,163.723,-45.8991],"timeVisible":0,"tipPosition":[34.7908,163.723,-45.8991],"tipVelocity":[1.19209e-7,1.19209e-7,1.19209e-7],"tool":false,"touchDistance":0.844848,"touchZone":"hovering","type":4,"width":15.8225}],"r":[[1,-1.66533e-17,-5.55112e-18],[1.66533e-17,1,-1.84889e-34],[5.55112e-18,9.24446e-35,1]],"s":1,"t":[0,0,0],"timestamp":262488159972},{"currentFrameRate":22.6254,"devices":[],"gestures":[],"hands":[{"armBasis":[[0.847543,-0.105361,-0.520164],[0.244628,0.947328,0.206706],[0.470987,-0.302439,0.828675]],"armWidth":65.6192,"confidence":0.208095,"direction":[-0.326467,0.620321,-0.713177],"elbow":[178.691,43.9592,309.636],"grabAngle":0.540961,"grabStrength":0,"id":439,"palmNormal":[-0.38837,-0.775918,-0.497111],"palmPosition":[19.2551,164.979,36.1225],"palmVelocity":[-82.1019,214.159,-67.2432],"palmWidth":89.6585,"pinchDistance":62.8246,"pinchStrength":0,"r":[[0.999975,-0.0000816611,-0.00704127],[0.00021735,0.999814,0.0192718],[0.00703839,-0.0192729,0.999789]],"s":1.02741,"sphereCenter":[-17.5508,109.613,-24.5774],"sphereRadius":93.3088,"stabilizedPalmPosition":[21.4028,159.376,37.8816],"t":[-1.64561,4.2925,-1.34779],"timeVisible":0.040087,"type":"right","wrist":[53.3859,124.423,89.1674]}],"id":245602,"interactionBox":{"center":[0,200,0],"size":[235.247,235.247,147.751]},"pointables":[{"bases":[[[0.630424,0.768898,0.106591],[-0.392426,0.197211,0.898393],[0.669751,-0.608198,0.426062]],[[0.472995,0.880966,0.0132237],[-0.607161,0.315039,0.729456],[0.63846,-0.353058,0.6839]],[[0.472995,0.880966,0.0132237],[-0.880655,0.472264,0.0376075],[0.0268858,-0.0294337,0.999205]],[[0.472995,0.880966,0.0132237],[-0.691408,0.38044,-0.614183],[-0.546105,0.281363,0.789053]]],"btipPosition":[-2.13951,139.123,-2.20297],"carpPosition":[17.5131,127.286,83.4722],"dipPosition":[-14.7989,145.646,16.0883],"direction":[-0.0268858,0.0294337,-0.999205],"extended":false,"handId":439,"id":4390,"length":51.6212,"mcpPosition":[17.5131,127.286,83.4722],"pipPosition":[-13.8909,144.652,49.8331],"stabilizedTipPosition":[-11.4585,143.425,6.83339],"timeVisible":0.040087,"tipPosition":[-9.2606,144.69,3.92775],"tipVelocity":[336.008,-146.935,-253.259],"tool":false,"touchDistance":1,"touchZone":"none","type":0,"width":21.2486},{"bases":[[[0.794687,-0.00890462,-0.606954],[0.31487,0.860902,0.39963],[0.518969,-0.508692,0.686952]],[[0.860645,-0.0814453,-0.502651],[0.30047,0.878182,0.372176],[0.411106,-0.471343,0.780274]],[[0.860645,-0.0814453,-0.502651],[0.178905,0.972559,0.148738],[0.476743,-0.217937,0.851598]],[[0.860645,-0.0814453,-0.502651],[0.0636539,0.996591,-0.0524903],[0.505212,0.0131799,0.862895]]],"btipPosition":[-46.6773,209.794,-36.3914],"carpPosition":[28.4022,147.865,81.6027],"dipPosition":[-38.1274,210.017,-21.7884],"direction":[-0.476743,0.217937,-0.851598],"extended":true,"handId":439,"id":4391,"length":58.2488,"mcpPosition":[-9.2195,184.741,31.8034],"pipPosition":[-26.7138,204.799,-1.40052],"stabilizedTipPosition":[-44.5626,208.999,-33.1085],"timeVisible":0.040087,"tipPosition":[-45.4908,204.682,-32.7829],"tipVelocity":[-108.439,618.829,55.424],"tool":false,"touchDistance":0.970724,"touchZone":"hovering","type":1,"width":20.2967},{"bases":[[[0.792096,-0.22418,-0.567738],[0.456005,0.835626,0.306249],[0.405762,-0.50147,0.764124]],[[0.816512,-0.255913,-0.517509],[0.443619,0.851773,0.278721],[0.369472,-0.457156,0.809011]],[[0.816512,-0.255913,-0.517509],[0.339674,0.937768,0.072195],[0.466828,-0.234733,0.852626]],[[0.816512,-0.255913,-0.517509],[0.223407,0.966611,-0.125512],[0.53235,-0.0131329,0.846422]]],"btipPosition":[-30.4247,212.654,-56.3363],"carpPosition":[38.1674,149.497,74.5893],"dipPosition":[-20.5158,212.409,-40.5815],"direction":[-0.466828,0.234733,-0.852626],"extended":true,"handId":439,"id":4392,"length":66.3698,"mcpPosition":[10.2725,183.972,22.058],"pipPosition":[-7.36705,205.798,-16.5662],"stabilizedTipPosition":[-27.9787,211.645,-52.7402],"timeVisible":0.040087,"tipPosition":[-28.7382,206.846,-52.1731],"tipVelocity":[-128.639,733.214,21.1531],"tool":false,"touchDistance":0.702984,"touchZone":"hovering","type":2,"width":19.934},{"bases":[[[0.80653,-0.357883,-0.470563],[0.524134,0.801062,0.289107],[0.273484,-0.479811,0.833659]],[[0.805566,-0.3562,-0.473481],[0.513887,0.8178,0.25908],[0.294929,-0.452022,0.841839]],[[0.805566,-0.3562,-0.473481],[0.426919,0.903069,0.0469674],[0.410857,-0.239973,0.879551]],[[0.805566,-0.3562,-0.473481],[0.326955,0.933673,-0.146131],[0.494129,-0.0370891,0.868597]]],"btipPosition":[-2.56501,204.834,-61.5161],"carpPosition":[47.7854,147.943,67.4043],"dipPosition":[6.57958,204.148,-45.4414],"direction":[-0.410857,0.239973,-0.879551],"extended":true,"handId":439,"id":4393,"length":63.8164,"mcpPosition":[30.9051,177.559,15.9481],"pipPosition":[17.853,197.563,-21.3076],"stabilizedTipPosition":[-0.336366,203.712,-57.7618],"timeVisible":0.040087,"tipPosition":[-1.77492,199.118,-56.8351],"tipVelocity":[-94.7091,728.696,-43.1649],"tool":false,"touchDistance":0.630182,"touchZone":"hovering","type":3,"width":18.9685},{"bases":[[[0.734998,-0.538417,-0.41217],[0.665287,0.690088,0.284906],[0.131036,-0.483617,0.865416]],[[0.732281,-0.528808,-0.429099],[0.657633,0.712764,0.243899],[0.17687,-0.460793,0.869705]],[[0.732281,-0.528808,-0.429099],[0.574554,0.818002,-0.0275711],[0.365584,-0.226351,0.902837]],[[0.732281,-0.528808,-0.429099],[0.462877,0.848667,-0.255945],[0.499508,-0.0111963,0.866237]]],"btipPosition":[26.4763,187.803,-52.5868],"carpPosition":[55.7684,139.456,59.6],"dipPosition":[35.0045,187.612,-37.7976],"direction":[-0.365584,0.226351,-0.902837],"extended":true,"handId":439,"id":4394,"length":50.0309,"mcpPosition":[48.2815,167.088,10.153],"pipPosition":[42.0869,183.227,-20.3069],"stabilizedTipPosition":[28.6697,186.882,-49.0653],"timeVisible":0.040087,"tipPosition":[28.511,183.17,-48.3639],"tipVelocity":[-158.48,599.587,-81.9781],"tool":false,"touchDistance":0.744402,"touchZone":"hovering","type":4,"width":16.8493}],"r":[[0.999975,-0.0000816611,-0.00704127],[0.00021735,0.999814,0.0192718],[0.00703839,-0.0192729,0.999789]],"s":1.02741,"t":[-1.64561,4.2925,-1.34779],"timestamp":262488200059},{"currentFrameRate":23.5067,"devices":[],"gestures":[],"hands":[{"armBasis":[[0.840418,-0.00305005,-0.54193],[0.171294,0.950214,0.260293],[0.514155,-0.311584,0.799099]],"armWidth":65.6192,"confidence":0.379292,"direction":[-0.357178,0.607259,-0.709691],"elbow":[189.995,53.3125,295.941],"grabAngle":0.413791,"grabStrength":0,"id":439,"palmNormal":[-0.306872,-0.793926,-0.524892],"palmPosition":[16.8511,175.298,30.5716],"palmVelocity":[-67.3429,289.067,-155.501],"palmWidth":89.6585,"pinchDistance":72.2915,"pinchStrength":0,"r":[[0.999837,0.0167967,-0.00655555],[-0.0165295,0.999107,0.0388794],[0.00720274,-0.0387647,0.999222]],"s":1.06093,"sphereCenter":[14.0721,185.974,-10.3776],"sphereRadius":51.4846,"stabilizedPalmPosition":[18.6106,169.143,33.3973],"t":[-3.67038,11.5982,-4.79715],"timeVisible":0.075784,"type":"right","wrist":[53.2041,136.209,83.3418]}],"id":245603,"interactionBox":{"center":[0,200,0],"size":[235.247,235.247,147.751]},"pointables":[{"bases":[[[0.559767,0.81641,0.141898],[-0.433347,0.142452,0.889897],[0.706308,-0.559626,0.433529]],[[0.416426,0.907347,0.057539],[-0.772237,0.319597,0.549097],[0.479833,-0.273092,0.833775]],[[0.416426,0.907347,0.057539],[-0.900253,0.420357,-0.113333],[-0.127019,-0.00460478,0.99189]],[[0.416426,0.907347,0.057539],[-0.679081,0.352496,-0.643891],[-0.604515,0.229059,0.762951]]],"btipPosition":[11.6478,144.77,-15.1485],"carpPosition":[16.9463,136.492,77.0465],"dipPosition":[-2.36564,150.08,2.53769],"direction":[0.127019,0.00460478,-0.99189],"extended":false,"handId":439,"id":4390,"length":51.6212,"mcpPosition":[16.9463,136.492,77.0465],"pipPosition":[-6.65529,149.925,36.0355],"stabilizedTipPosition":[1.67455,145.121,-4.99901],"timeVisible":0.075784,"tipPosition":[1.13904,149.125,-7.64133],"tipVelocity":[377.507,150.382,-366.548],"tool":false,"touchDistance":1,"touchZone":"none","type":0,"width":21.2486},{"bases":[[[0.809692,0.0720857,-0.582411],[0.229273,0.874699,0.427007],[0.540215,-0.479275,0.69171]],[[0.885614,-0.00542899,-0.464391],[0.266132,0.825406,0.497875],[0.380608,-0.564514,0.732435]],[[0.885614,-0.00542899,-0.464391],[0.172194,0.932499,0.317481],[0.431321,-0.361131,0.826769]],[[0.885614,-0.00542899,-0.464391],[0.0778616,0.987514,0.136941],[0.457849,-0.157435,0.874979]]],"btipPosition":[-47.3289,228.028,-39.9712],"carpPosition":[26.1038,157.951,75.9421],"dipPosition":[-39.5806,225.363,-25.1637],"direction":[-0.431321,0.361131,-0.826769],"extended":true,"handId":439,"id":4391,"length":58.2488,"mcpPosition":[-13.058,192.695,25.798],"pipPosition":[-29.2545,216.718,-5.37023],"stabilizedTipPosition":[-45.5325,227.147,-36.5152],"timeVisible":0.075784,"tipPosition":[-47.2347,219.444,-37.9618],"tipVelocity":[-23.4197,492.198,-98.9651],"tool":false,"touchDistance":0.853994,"touchZone":"hovering","type":1,"width":20.2967},{"bases":[[[0.824205,-0.143507,-0.547807],[0.374665,0.863559,0.337479],[0.424633,-0.483396,0.765516]],[[0.858341,-0.185444,-0.478394],[0.399597,0.826459,0.396595],[0.321827,-0.531579,0.783487]],[[0.858341,-0.185444,-0.478394],[0.310566,0.929972,0.196728],[0.408411,-0.317432,0.855825]],[[0.858341,-0.185444,-0.478394],[0.216277,0.976285,0.00960159],[0.465268,-0.111707,0.878093]]],"btipPosition":[-28.8275,230.193,-61.2159],"carpPosition":[35.8933,160.562,69.2665],"dipPosition":[-20.1672,228.113,-44.8715],"direction":[-0.408411,0.317432,-0.855825],"extended":true,"handId":439,"id":4392,"length":66.3698,"mcpPosition":[6.70097,193.794,16.6395],"pipPosition":[-8.66384,219.173,-20.7661],"stabilizedTipPosition":[-26.8568,229.38,-57.3692],"timeVisible":0.075784,"tipPosition":[-29.5749,221.869,-57.8838],"tipVelocity":[36.6992,479.511,-132.895],"tool":false,"touchDistance":0.594859,"touchZone":"hovering","type":2,"width":19.934},{"bases":[[[0.847105,-0.277766,-0.453056],[0.445938,0.83525,0.321709],[0.289055,-0.474556,0.831411]],[[0.852633,-0.287059,-0.436593],[0.459448,0.809831,0.364805],[0.248846,-0.511636,0.822377]],[[0.852633,-0.287059,-0.436593],[0.375566,0.917616,0.130122],[0.363272,-0.274916,0.890199]],[[0.852633,-0.287059,-0.436593],[0.284594,0.955887,-0.0727032],[0.438204,-0.0622625,0.896717]]],"btipPosition":[-1.12082,220.619,-66.3848],"carpPosition":[45.8107,159.99,62.3482],"dipPosition":[6.9888,219.467,-49.7897],"direction":[-0.363272,0.274916,-0.890199],"extended":true,"handId":439,"id":4393,"length":63.8164,"mcpPosition":[27.9692,189.281,11.0307],"pipPosition":[16.9565,211.924,-25.3637],"stabilizedTipPosition":[0.721799,220.006,-62.4674],"timeVisible":0.075784,"tipPosition":[-2.61265,213.297,-62.3576],"tipVelocity":[33.7884,439.19,-133.034],"tool":false,"touchDistance":0.529263,"touchZone":"hovering","type":3,"width":18.9685},{"bases":[[[0.789462,-0.464988,-0.40067],[0.596039,0.73665,0.319507],[0.146587,-0.491054,0.858708]],[[0.789393,-0.464758,-0.401072],[0.598722,0.727188,0.335753],[0.135611,-0.505172,0.852298]],[[0.789393,-0.464758,-0.401072],[0.530049,0.845595,0.0633808],[0.309688,-0.26262,0.913851]],[[0.789393,-0.464758,-0.401072],[0.46196,0.879991,-0.110492],[0.404292,-0.0980578,0.909358]]],"btipPosition":[28.6771,204.9,-57.5277],"carpPosition":[54.7041,152.388,54.6158],"dipPosition":[35.5796,203.226,-42.0022],"direction":[-0.309688,0.26262,-0.913851],"extended":true,"handId":439,"id":4394,"length":50.0309,"mcpPosition":[46.3287,180.445,5.55209],"pipPosition":[41.5791,198.138,-24.2982],"stabilizedTipPosition":[30.2312,204.146,-53.8544],"timeVisible":0.075784,"tipPosition":[27.9034,198.562,-53.4115],"tipVelocity":[51.1764,469.386,-133.667],"tool":false,"touchDistance":0.631723,"touchZone":"hovering","type":4,"width":16.8493}],"r":[[0.999837,0.0167967,-0.00655555],[-0.0165295,0.999107,0.0388794],[0.00720274,-0.0387647,0.999222]],"s":1.06093,"t":[-3.67038,11.5982,-4.79715],"timestamp":262488235756},{"currentFrameRate":25.9348,"devices":[],"gestures":[],"hands":[{"armBasis":[[0.83074,0.00843362,-0.556597],[0.169456,0.948599,0.267291],[0.530242,-0.316368,0.78661]],"armWidth":65.6192,"confidence":0.46911,"direction":[-0.334731,0.653343,-0.679042],"elbow":[192.064,56.624,286.327],"grabAngle":0.334739,"grabStrength":0,"id":439,"palmNormal":[-0.321487,-0.756556,-0.569447],"palmPosition":[15.7619,183.082,26.0484],"palmVelocity":[-52.3119,373.842,-217.224],"palmWidth":89.6585,"pinchDistance":74.9102,"pinchStrength":0,"r":[[0.999674,0.0252315,-0.00400336],[-0.0249167,0.997557,0.0652623],[0.00564024,-0.0651412,0.99786]],"s":1.09005,"sphereCenter":[22.5988,216.862,-4.76388],"sphereRadius":54.4157,"stabilizedPalmPosition":[16.9459,177.289,29.1029],"t":[-5.22742,19.1433,-8.78346],"timeVisible":0.096607,"type":"right","wrist":[50.9935,140.793,77.0503]}],"id":245604,"interactionBox":{"center":[0,200,0],"size":[235.247,235.247,147.751]},"pointables":[{"bases":[[[0.578664,0.793029,0.190402],[-0.438462,0.105652,0.892518],[0.687677,-0.599952,0.40885]],[[0.457431,0.881053,0.120425],[-0.787678,0.338602,0.514696],[0.412698,-0.330294,0.848873]],[[0.457431,0.881053,0.120425],[-0.873633,0.470525,-0.123982],[-0.165897,-0.0484939,0.98495]],[[0.457431,0.881053,0.120425],[-0.6466,0.422517,-0.635128],[-0.610463,0.212661,0.762962]]],"btipPosition":[13.8742,154.808,-22.3355],"carpPosition":[14.4197,141.854,70.3679],"dipPosition":[-0.277138,159.738,-4.64913],"direction":[0.165897,0.0484939,-0.98495],"extended":false,"handId":439,"id":4390,"length":51.6212,"mcpPosition":[14.4197,141.854,70.3679],"pipPosition":[-5.87976,158.1,28.6143],"stabilizedTipPosition":[6.37844,150.811,-11.9767],"timeVisible":0.096607,"tipPosition":[2.07063,158.672,-14.6268],"tipVelocity":[105.396,477.853,-345.148],"tool":false,"touchDistance":0.933264,"touchZone":"hovering","type":0,"width":21.2486},{"bases":[[[0.817001,0.0823989,-0.570719],[0.246919,0.844416,0.475386],[0.521096,-0.529312,0.669543]],[[0.887281,0.000208517,-0.46123],[0.298814,0.761497,0.575181],[0.351345,-0.648169,0.675599]],[[0.887281,0.000208517,-0.46123],[0.206071,0.894462,0.396828],[0.412635,-0.447144,0.793596]],[[0.887281,0.000208517,-0.46123],[0.123055,0.963646,0.237159],[0.444512,-0.267183,0.854998]]],"btipPosition":[-46.0044,244.28,-40.2575],"carpPosition":[24.124,163.099,70.498],"dipPosition":[-38.4818,239.758,-25.7881],"direction":[-0.412635,0.447144,-0.793596],"extended":true,"handId":439,"id":4391,"length":58.2488,"mcpPosition":[-13.6518,201.471,21.9608],"pipPosition":[-28.603,229.053,-6.7888],"stabilizedTipPosition":[-44.3346,242.467,-36.9096],"timeVisible":0.096607,"tipPosition":[-46.0703,234.581,-39.8458],"tipVelocity":[61.1166,759.979,-17.4811],"tool":false,"touchDistance":0.796467,"touchZone":"hovering","type":1,"width":20.2967},{"bases":[[[0.825747,-0.135038,-0.547638],[0.392868,0.834364,0.38664],[0.404718,-0.534416,0.742026]],[[0.85768,-0.18079,-0.481353],[0.420397,0.785581,0.454013],[0.29606,-0.591757,0.749781]],[[0.85768,-0.18079,-0.481353],[0.345759,0.895675,0.279673],[0.380573,-0.406302,0.830712]],[[0.85768,-0.18079,-0.481353],[0.287075,0.945025,0.156574],[0.426583,-0.272474,0.862429]]],"btipPosition":[-26.5755,247.319,-62.2027],"carpPosition":[34.0419,165.812,64.0566],"dipPosition":[-18.6353,242.248,-46.1499],"direction":[-0.380573,0.406302,-0.830712],"extended":true,"handId":439,"id":4392,"length":66.3698,"mcpPosition":[6.21869,202.552,13.0445],"pipPosition":[-7.91596,230.804,-22.7519],"stabilizedTipPosition":[-24.8682,245.206,-58.4461],"timeVisible":0.096607,"tipPosition":[-27.8981,237.433,-59.8681],"tipVelocity":[100.197,789.435,-50.6114],"tool":false,"touchDistance":0.552899,"touchZone":"hovering","type":2,"width":19.934},{"bases":[[[0.844323,-0.274722,-0.460051],[0.463562,0.805123,0.369983],[0.268756,-0.525647,0.807134]],[[0.848318,-0.282695,-0.447705],[0.479516,0.768755,0.423178],[0.224545,-0.573671,0.787706]],[[0.848318,-0.282695,-0.447705],[0.409352,0.886463,0.215905],[0.335838,-0.366425,0.867724]],[[0.848318,-0.282695,-0.447705],[0.349069,0.934371,0.0714284],[0.39813,-0.216874,0.891324]]],"btipPosition":[0.901323,237.258,-67.7806],"carpPosition":[44.0101,165.358,57.203],"dipPosition":[8.26932,233.245,-51.2853],"direction":[-0.335838,0.366425,-0.867724],"extended":true,"handId":439,"id":4393,"length":63.8164,"mcpPosition":[27.4216,197.802,7.384],"pipPosition":[17.4843,223.19,-27.476],"stabilizedTipPosition":[2.4804,235.328,-63.893],"timeVisible":0.096607,"tipPosition":[-1.0306,228.242,-64.7097],"tipVelocity":[88.9194,767.461,-68.1372],"tool":false,"touchDistance":0.488388,"touchZone":"hovering","type":3,"width":18.9685},{"bases":[[[0.781476,-0.462941,-0.418308],[0.611152,0.702969,0.363769],[0.125654,-0.539926,0.83228]],[[0.780858,-0.460321,-0.422334],[0.614831,0.686027,0.389037],[0.110651,-0.563447,0.818709]],[[0.780858,-0.460321,-0.422334],[0.560329,0.814995,0.1477],[0.27621,-0.351979,0.894326]],[[0.780858,-0.460321,-0.422334],[0.505167,0.862996,-0.00660968],[0.367515,-0.208188,0.906416]]],"btipPosition":[30.1058,218.912,-59.8791],"carpPosition":[52.7862,157.955,49.1496],"dipPosition":[36.3804,215.358,-44.4038],"direction":[-0.27621,0.351979,-0.894326],"extended":true,"handId":439,"id":4394,"length":50.0309,"mcpPosition":[45.6068,188.805,1.59585],"pipPosition":[41.7315,208.539,-27.078],"stabilizedTipPosition":[31.4605,217.157,-56.1541],"timeVisible":0.096607,"tipPosition":[28.6104,211.388,-56.4474],"tipVelocity":[61.6804,652.154,-113.476],"tool":false,"touchDistance":0.56644,"touchZone":"hovering","type":4,"width":16.8493}],"r":[[0.999674,0.0252315,-0.00400336],[-0.0249167,0.997557,0.0652623],[0.00564024,-0.0651412,0.99786]],"s":1.09005,"t":[-5.22742,19.1433,-8.78346],"timestamp":262488256579},{"currentFrameRate":28.1103,"devices":[],"gestures":[],"hands":[{"armBasis":[[0.827945,0.0126445,-0.560667],[0.182819,0.939047,0.291149],[0.530175,-0.343556,0.775167]],"armWidth":65.6192,"confidence":0.550489,"direction":[-0.34306,0.645961,-0.681941],"elbow":[191.284,55.4216,278.222],"grabAngle":0.263974,"grabStrength":0,"id":439,"palmNormal":[-0.321035,-0.762913,-0.56116],"palmPosition":[14.5267,188.86,21.0627],"palmVelocity":[-59.0678,276.299,-238.432],"palmWidth":89.6585,"pinchDistance":77.2874,"pinchStrength":0,"r":[[0.999449,0.033046,-0.00319365],[-0.0326567,0.995866,0.0847595],[0.00598141,-0.0846085,0.996396]],"s":1.1184,"sphereCenter":[38.21,253.265,2.57466],"sphereRadius":75.4963,"stabilizedPalmPosition":[15.5936,183.757,24.6083],"t":[-6.62349,25.8045,-13.2694],"timeVisible":0.117517,"type":"right","wrist":[50.232,146.824,71.9892]}],"id":245605,"interactionBox":{"center":[0,200,0],"size":[235.247,235.247,147.751]},"pointables":[{"bases":[[[0.575416,0.797788,0.180083],[-0.432976,0.110348,0.894625],[0.69385,-0.592754,0.40892]],[[0.450961,0.885865,0.108986],[-0.798806,0.346106,0.492056],[0.398175,-0.308957,0.863715]],[[0.450961,0.885865,0.108986],[-0.874589,0.462951,-0.144121],[-0.178127,-0.0303251,0.98354]],[[0.450961,0.885865,0.108986],[-0.640383,0.406192,-0.651857],[-0.621726,0.224169,0.75047]]],"btipPosition":[14.564,159.007,-27.3773],"carpPosition":[13.721,147.982,65.719],"dipPosition":[0.151615,164.203,-9.98047],"direction":[0.178127,0.0303251,-0.98354],"extended":false,"handId":439,"id":4390,"length":51.6212,"mcpPosition":[13.721,147.982,65.719],"pipPosition":[-5.86402,163.179,23.2353],"stabilizedTipPosition":[8.47151,154.847,-16.8753],"timeVisible":0.117517,"tipPosition":[2.17206,163.51,-19.8874],"tipVelocity":[30.1198,203.715,-244.302],"tool":false,"touchDistance":0.796645,"touchZone":"hovering","type":0,"width":21.2486},{"bases":[[[0.812618,0.0824178,-0.57694],[0.245329,0.849592,0.466912],[0.528646,-0.520961,0.670174]],[[0.881176,0.00536456,-0.472757],[0.310008,0.748414,0.58632],[0.356964,-0.66321,0.657822]],[[0.881176,0.00536456,-0.472757],[0.224132,0.875693,0.427699],[0.416285,-0.482839,0.770438]],[[0.881176,0.00536456,-0.472757],[0.13838,0.953219,0.268745],[0.452083,-0.302232,0.839212]]],"btipPosition":[-47.8255,251.945,-43.6106],"carpPosition":[23.3048,169.282,65.6126],"dipPosition":[-40.1748,246.83,-29.4083],"direction":[-0.416285,0.482839,-0.770438],"extended":true,"handId":439,"id":4391,"length":58.2488,"mcpPosition":[-15.0183,207.049,17.0296],"pipPosition":[-30.2086,235.271,-10.9635],"stabilizedTipPosition":[-45.9626,250.274,-40.1392],"timeVisible":0.117517,"tipPosition":[-47.6927,241.485,-44.0209],"tipVelocity":[-85.6857,360.063,-163.297],"tool":false,"touchDistance":0.698936,"touchZone":"hovering","type":1,"width":20.2967},{"bases":[[[0.822759,-0.134774,-0.55218],[0.390727,0.839651,0.377252],[0.412795,-0.526139,0.743491]],[[0.853103,-0.176369,-0.49103],[0.426842,0.77714,0.46245],[0.300037,-0.604109,0.738261]],[[0.853103,-0.176369,-0.49103],[0.363693,0.875814,0.317295],[0.37409,-0.44927,0.811304]],[[0.853103,-0.176369,-0.49103],[0.313066,0.925918,0.211341],[0.417379,-0.33402,0.845118]]],"btipPosition":[-27.8455,255.883,-65.8592],"carpPosition":[33.163,171.999,59.082],"dipPosition":[-20.0766,249.666,-50.1286],"direction":[-0.37409,0.44927,-0.811304],"extended":true,"handId":439,"id":4392,"length":66.3698,"mcpPosition":[4.78455,208.17,7.96918],"pipPosition":[-9.53995,237.011,-27.2772],"stabilizedTipPosition":[-25.9787,253.832,-61.9862],"timeVisible":0.117517,"tipPosition":[-29.1753,244.882,-64.3968],"tipVelocity":[-62.6232,396.942,-178.413],"tool":false,"touchDistance":0.474983,"touchZone":"hovering","type":2,"width":19.934},{"bases":[[[0.842727,-0.273641,-0.463608],[0.461471,0.810676,0.360346],[0.277231,-0.517614,0.809456]],[[0.844828,-0.277604,-0.457385],[0.484405,0.759859,0.43355],[0.227193,-0.587835,0.776424]],[[0.844828,-0.277604,-0.457385],[0.427298,0.864547,0.264529],[0.321996,-0.418921,0.849013]],[[0.844828,-0.277604,-0.457385],[0.377663,0.91495,0.142257],[0.378993,-0.29292,0.877817]]],"btipPosition":[0.0717078,246.425,-71.7001],"carpPosition":[43.0868,171.546,52.1641],"dipPosition":[7.08554,241.004,-55.4548],"direction":[-0.321996,0.418921,-0.849013],"extended":true,"handId":439,"id":4393,"length":63.8164,"mcpPosition":[25.9752,203.495,2.20179],"pipPosition":[15.9207,229.51,-32.1589],"stabilizedTipPosition":[1.74219,244.469,-67.6705],"timeVisible":0.117517,"tipPosition":[-2.00833,236.003,-69.474],"tipVelocity":[-43.5711,422.923,-190.197],"tool":false,"touchDistance":0.413227,"touchZone":"hovering","type":3,"width":18.9685},{"bases":[[[0.781239,-0.461871,-0.41993],[0.609595,0.70931,0.353939],[0.134387,-0.532499,0.835695]],[[0.780186,-0.457778,-0.42632],[0.615728,0.682261,0.394207],[0.110403,-0.570052,0.814157]],[[0.780186,-0.457778,-0.42632],[0.571268,0.799082,0.187403],[0.254876,-0.389752,0.884947]],[[0.780186,-0.457778,-0.42632],[0.525191,0.849581,0.0488528],[0.33983,-0.262014,0.903252]]],"btipPosition":[29.5653,226.543,-64.7183],"carpPosition":[51.85,164.129,44.1103],"dipPosition":[35.3672,222.07,-49.2971],"direction":[-0.254876,0.389752,-0.884947],"extended":true,"handId":439,"id":4394,"length":50.0309,"mcpPosition":[44.1716,194.554,-3.63854],"pipPosition":[40.305,214.519,-32.153],"stabilizedTipPosition":[30.9651,224.54,-60.5864],"timeVisible":0.117517,"tipPosition":[27.3139,217.966,-61.6539],"tipVelocity":[-31.0497,354.84,-232.028],"tool":false,"touchDistance":0.470354,"touchZone":"hovering","type":4,"width":16.8493}],"r":[[0.999449,0.033046,-0.00319365],[-0.0326567,0.995866,0.0847595],[0.00598141,-0.0846085,0.996396]],"s":1.1184,"t":[-6.62349,25.8045,-13.2694],"timestamp":262488277489},{"currentFrameRate":30.0627,"devices":[],"gestures":[],"hands":[{"armBasis":[[0.830224,0.0269628,-0.556777],[0.187128,0.927386,0.323942],[0.525082,-0.373133,0.764893]],"armWidth":65.6192,"confidence":0.622747,"direction":[-0.321785,0.666202,-0.672777],"elbow":[187.987,52.258,270.149],"grabAngle":0.215412,"grabStrength":0,"id":439,"palmNormal":[-0.315168,-0.745416,-0.587388],"palmPosition":[13.9503,195.231,16.1642],"palmVelocity":[-27.5087,304.044,-233.755],"palmWidth":89.6585,"pinchDistance":78.4326,"pinchStrength":0,"r":[[0.999299,0.0373846,0.00219988],[-0.0374084,0.993743,0.105238],[0.00174815,-0.105246,0.994445]],"s":1.14499,"sphereCenter":[52.5991,285.859,13.5996],"sphereRadius":100.408,"stabilizedPalmPosition":[14.6548,190.312,19.7843],"t":[-7.60976,32.3209,-17.9617],"timeVisible":0.138473,"type":"right","wrist":[48.2893,151.53,66.6501]}],"id":245606,"interactionBox":{"center":[0,200,0],"size":[235.247,235.247,147.751]},"pointables":[{"bases":[[[0.578371,0.787452,0.213085],[-0.452005,0.0918954,0.887269],[0.679101,-0.609487,0.409082]],[[0.455469,0.879017,0.140991],[-0.806444,0.340302,0.483573],[0.377089,-0.333953,0.863874]],[[0.455469,0.879017,0.140991],[-0.867998,0.473668,-0.149058],[-0.197807,-0.0544885,0.978725]],[[0.455469,0.879017,0.140991],[-0.634114,0.431489,-0.641651],[-0.624858,0.202848,0.753927]]],"btipPosition":[14.3884,166.815,-33.2839],"carpPosition":[11.7711,153.251,59.7378],"dipPosition":[-0.0965622,171.517,-15.8069],"direction":[0.197807,0.0544885,-0.978725],"extended":false,"handId":439,"id":4390,"length":51.6212,"mcpPosition":[11.7711,153.251,59.7378],"pipPosition":[-6.77684,169.677,17.2463],"stabilizedTipPosition":[9.6351,160.72,-22.4511],"timeVisible":0.138473,"tipPosition":[2.54947,170.949,-25.787],"tipVelocity":[-9.17544,367.168,-280.976],"tool":false,"touchDistance":0.661992,"touchZone":"hovering","type":0,"width":21.2486},{"bases":[[[0.826115,0.0891586,-0.556404],[0.242388,0.835164,0.49371],[0.508707,-0.542727,0.66833]],[[0.886043,0.0167271,-0.4633],[0.320458,0.700062,0.638138],[0.335013,-0.713886,0.614925]],[[0.886043,0.0167271,-0.4633],[0.252979,0.820002,0.513418],[0.388495,-0.572116,0.722326]],[[0.886043,0.0167271,-0.4633],[0.158852,0.927898,0.337299],[0.435538,-0.372458,0.819501]]],"btipPosition":[-46.2594,264.177,-45.3921],"carpPosition":[21.5462,174.454,60.3865],"dipPosition":[-38.8887,257.874,-31.5234],"direction":[-0.388495,0.572116,-0.722326],"extended":true,"handId":439,"id":4391,"length":58.2488,"mcpPosition":[-15.3316,213.798,11.9372],"pipPosition":[-29.5878,244.177,-14.2304],"stabilizedTipPosition":[-44.6162,262.264,-42.1255],"timeVisible":0.138473,"tipPosition":[-45.8874,253.144,-47.2985],"tipVelocity":[71.6621,570.638,-88.6737],"tool":false,"touchDistance":0.634502,"touchZone":"hovering","type":1,"width":20.2967},{"bases":[[[0.833741,-0.128676,-0.536953],[0.389673,0.826096,0.407089],[0.391192,-0.548642,0.738891]],[[0.856532,-0.162668,-0.489788],[0.438536,0.72976,0.524535],[0.272102,-0.664071,0.696398]],[[0.856532,-0.162668,-0.489788],[0.380989,0.839477,0.38746],[0.348139,-0.518476,0.781014]],[[0.856532,-0.162668,-0.489788],[0.325034,0.907194,0.267116],[0.400882,-0.387991,0.829914]]],"btipPosition":[-25.5787,268.487,-67.3417],"carpPosition":[31.573,177.24,54.1484],"dipPosition":[-18.1169,261.265,-51.8942],"direction":[-0.348139,0.518476,-0.781014],"extended":true,"handId":439,"id":4392,"length":66.3698,"mcpPosition":[4.67965,214.958,3.35183],"pipPosition":[-8.31119,246.662,-29.8959],"stabilizedTipPosition":[-23.9474,266.305,-63.7165],"timeVisible":0.138473,"tipPosition":[-26.4876,256.912,-67.602],"tipVelocity":[104.798,590.445,-73.8509],"tool":false,"touchDistance":0.437603,"touchZone":"hovering","type":2,"width":19.934},{"bases":[[[0.850457,-0.269916,-0.451517],[0.460516,0.796881,0.391032],[0.254259,-0.540487,0.802014]],[[0.849964,-0.268871,-0.453067],[0.491887,0.713016,0.499656],[0.188701,-0.647547,0.738292]],[[0.849964,-0.268871,-0.453067],[0.447629,0.822061,0.351914],[0.277829,-0.501921,0.819077]],[[0.849964,-0.268871,-0.453067],[0.394268,0.89503,0.208504],[0.349448,-0.35585,0.866751]]],"btipPosition":[3.51053,259.242,-73.247],"carpPosition":[41.6456,176.866,47.4442],"dipPosition":[9.97759,252.656,-57.2065],"direction":[-0.277829,0.501921,-0.819077],"extended":true,"handId":439,"id":4393,"length":63.8164,"mcpPosition":[25.9519,210.227,-2.05881],"pipPosition":[17.6009,238.884,-34.732],"stabilizedTipPosition":[4.85803,257.158,-69.4766],"timeVisible":0.138473,"tipPosition":[1.15267,248.007,-72.5149],"tipVelocity":[158.096,598.824,-76.0614],"tool":false,"touchDistance":0.381328,"touchZone":"hovering","type":3,"width":18.9685},{"bases":[[[0.78631,-0.45859,-0.414019],[0.607828,0.694296,0.385354],[0.110732,-0.554661,0.824676]],[[0.784345,-0.449239,-0.42777],[0.617055,0.635735,0.463772],[0.0636041,-0.627715,0.775841]],[[0.784345,-0.449239,-0.42777],[0.588909,0.755925,0.285942],[0.194906,-0.476195,0.857467]],[[0.784345,-0.449239,-0.42777],[0.553108,0.818677,0.154397],[0.280844,-0.357704,0.890603]]],"btipPosition":[33.3956,238.58,-66.707],"carpPosition":[50.5209,169.571,39.4017],"dipPosition":[38.1905,232.473,-51.5017],"direction":[-0.194906,0.476195,-0.857467],"extended":true,"handId":439,"id":4394,"length":50.0309,"mcpPosition":[44.194,201.263,-7.71753],"pipPosition":[41.9664,223.247,-34.89],"stabilizedTipPosition":[34.2394,236.249,-63.0175],"timeVisible":0.138473,"tipPosition":[30.1656,228.812,-64.9542],"tipVelocity":[171.725,556.441,-97.2683],"tool":false,"touchDistance":0.426077,"touchZone":"hovering","type":4,"width":16.8493}],"r":[[0.999299,0.0373846,0.00219988],[-0.0374084,0.993743,0.105238],[0.00174815,-0.105246,0.994445]],"s":1.14499,"t":[-7.60976,32.3209,-17.9617],"timestamp":262488298445},{"currentFrameRate":31.8236,"devices":[],"gestures":[],"hands":[{"armBasis":[[0.835085,0.0643373,-0.546346],[0.165674,0.917618,0.361289],[0.524581,-0.392222,0.75563]],"armWidth":65.6192,"confidence":0.685682,"direction":[-0.314775,0.671258,-0.671066],"elbow":[186.718,52.5785,263.32],"grabAngle":0.172453,"grabStrength":0,"id":439,"palmNormal":[-0.281776,-0.741219,-0.60926],"palmPosition":[13.3167,200.975,11.7245],"palmVelocity":[-30.2663,274.403,-212.081],"palmWidth":89.6585,"pinchDistance":78.9308,"pinchStrength":0,"r":[[0.998915,0.0447547,0.0128625],[-0.0460112,0.991131,0.124668],[-0.00716898,-0.125125,0.992115]],"s":1.16781,"sphereCenter":[58.1675,305.52,19.7314],"sphereRadius":114.531,"stabilizedPalmPosition":[13.9009,196.319,15.2436],"t":[-8.41969,38.4513,-22.5277],"timeVisible":0.159407,"type":"right","wrist":[47.1533,156.929,62.2858]}],"id":245607,"interactionBox":{"center":[0,200,0],"size":[235.247,235.247,147.751]},"pointables":[{"bases":[[[0.555329,0.795032,0.243994],[-0.480587,0.0673505,0.874357],[0.678709,-0.602816,0.419484]],[[0.431305,0.886275,0.168797],[-0.827604,0.314159,0.465162],[0.359233,-0.340323,0.868983]],[[0.431305,0.886275,0.168797],[-0.875852,0.456203,-0.157361],[-0.21647,-0.0799704,0.973008]],[[0.431305,0.886275,0.168797],[-0.64738,0.43433,-0.626303],[-0.628391,0.160852,0.761086]]],"btipPosition":[14.8828,173.918,-38.7475],"carpPosition":[10.675,158.206,54.4984],"dipPosition":[0.315953,177.647,-21.1045],"direction":[0.21647,0.0799704,-0.973008],"extended":false,"handId":439,"id":4390,"length":51.6212,"mcpPosition":[10.675,158.206,54.4984],"pipPosition"