{"frames":195,"data":[{"currentFrameRate":24.8754,"devices":[],"gestures":[],"hands":[],"id":246145,"interactionBox":{"center":[0,200,0],"size":[235.247,235.247,147.751]},"pointables":[],"r":[[-0.020113,-0.761857,-0.647433],[0.506356,0.550609,-0.663651],[0.86209,-0.34118,0.374696]],"s":-5.55733,"t":[884.858,792.664,758.259],"timestamp":262503774346},{"currentFrameRate":24.8706,"devices":[],"gestures":[],"hands":[],"id":246146,"interactionBox":{"center":[0,200,0],"size":[235.247,235.247,147.751]},"pointables":[],"r":[[-0.020113,-0.761857,-0.647433],[0.506356,0.550609,-0.663651],[0.86209,-0.34118,0.374696]],"s":-5.55733,"t":[884.858,792.664,758.259],"timestamp":262503814589},{"currentFrameRate":24.8711,"devices":[],"gestures":[],"hands":[],"id":246147,"interactionBox":{"center":[0,200,0],"size":[235.247,235.247,147.751]},"pointables":[],"r":[[-0.020113,-0.761857,-0.647433],[0.506356,0.550609,-0.663651],[0.86209,-0.34118,0.374696]],"s":-5.55733,"t":[884.858,792.664,758.259],"timestamp":262503854792},{"currentFrameRate":24.8343,"devices":[],"gestures":[],"hands":[],"id":246148,"interactionBox":{"center":[0,200,0],"size":[235.247,235.247,147.751]},"pointables":[],"r":[[-0.020113,-0.761857,-0.647433],[0.506356,0.550609,-0.663651],[0.86209,-0.34118,0.374696]],"s":-5.55733,"t":[884.858,792.664,758.259],"timestamp":262503895327},{"currentFrameRate":24.8705,"devices":[],"gestures":[],"hands":[],"id":246149,"interactionBox":{"center":[0,200,0],"size":[235.247,235.247,147.751]},"pointables":[],"r":[[-0.020113,-0.761857,-0.647433],[0.506356,0.550609,-0.663651],[0.86209,-0.34118,0.374696]],"s":-5.55733,"t":[884.858,792.664,758.259],"timestamp":262503935272},{"currentFrameRate":24.8801,"devices":[],"gestures":[],"hands":[],"id":246150,"interactionBox":{"center":[0,200,0],"size":[235.247,235.247,147.751]},"pointables":[],"r":[[-0.020113,-0.761857,-0.647433],[0.506356,0.550609,-0.663651],[0.86209,-0.34118,0.374696]],"s":-5.55733,"t":[884.858,792.664,758.259],"timestamp":262503975395},{"currentFrameRate":24.8764,"devices":[],"gestures":[],"hands":[],"id":246151,"interactionBox":{"center":[0,200,0],"size":[235.247,235.247,147.751]},"pointables":[],"r":[[-0.020113,-0.761857,-0.647433],[0.506356,0.550609,-0.663651],[0.86209,-0.34118,0.374696]],"s":-5.55733,"t":[884.858,792.664,758.259],"timestamp":262504015621},{"currentFrameRate":24.8768,"devices":[],"gestures":[],"hands":[],"id":246152,"interactionBox":{"center":[0,200,0],"size":[235.247,235.247,147.751]},"pointables":[],"r":[[-0.020113,-0.761857,-0.647433],[0.506356,0.550609,-0.663651],[0.86209,-0.34118,0.374696]],"s":-5.55733,"t":[884.858,792.664,758.259],"timestamp":262504055816},{"currentFrameRate":24.8623,"devices":[],"gestures":[],"hands":[],"id":246153,"interactionBox":{"center":[0,200,0],"size":[235.247,235.247,147.751]},"pointables":[],"r":[[-0.020113,-0.761857,-0.647433],[0.506356,0.550609,-0.663651],[0.86209,-0.34118,0.374696]],"s":-5.55733,"t":[884.858,792.664,758.259],"timestamp":262504096143},{"currentFrameRate":20.7724,"devices":[],"gestures":[],"hands":[],"id":246154,"interactionBox":{"center":[0,200,0],"size":[235.247,235.247,147.751]},"pointables":[],"r":[[-0.020113,-0.761857,-0.647433],[0.506356,0.550609,-0.663651],[0.86209,-0.34118,0.374696]],"s":-5.55733,"t":[884.858,792.664,758.259],"timestamp":262504176415},{"currentFrameRate":21.4928,"devices":[],"gestures":[],"hands":[],"id":246155,"interactionBox":{"center":[0,200,0],"size":[235.247,235.247,147.751]},"pointables":[],"r":[[-0.020113,-0.761857,-0.647433],[0.506356,0.550609,-0.663651],[0.86209,-0.34118,0.374696]],"s":-5.55733,"t":[884.858,792.664,758.259],"timestamp":262504216899},{"currentFrameRate":22.1158,"devices":[],"gestures":[],"hands":[],"id":246156,"interactionBox":{"center":[0,200,0],"size":[235.247,235.247,147.751]},"pointables":[],"r":[[-0.020113,-0.761857,-0.647433],[0.506356,0.550609,-0.663651],[0.86209,-0.34118,0.374696]],"s":-5.55733,"t":[884.858,792.664,758.259],"timestamp":262504257031},{"currentFrameRate":22.6342,"devices":[],"gestures":[],"hands":[{"armBasis":[[0.832409,-0.081845,-0.548084],[0.164023,0.981106,0.102603],[0.529331,-0.175306,0.830106]],"armWidth":62.7876,"confidence":0,"direction":[-0.321523,0.600914,-0.731796],"elbow":[200.877,69.325,304.463],"grabAngle":0.658945,"grabStrength":0,"id":440,"palmNormal":[-0.352285,-0.793267,-0.496611],"palmPosition":[25.5079,153.813,28.9367],"palmVelocity":[1.19209e-7,1.19209e-7,1.19209e-7],"palmWidth":89.6585,"pinchDistance":66.3889,"pinchStrength":0,"r":[[1,5.55112e-18,1.11022e-17],[-5.55112e-18,1,-1.11022e-17],[-1.11022e-17,1.11022e-17,1]],"s":1,"sphereCenter":[-16.7923,91.4132,-27.0436],"sphereRadius":95.8266,"stabilizedPalmPosition":[25.5079,153.813,28.9367],"t":[0,0,0],"timeVisible":0,"type":"right","wrist":[60.0493,115.965,83.6138]}],"id":246157,"interactionBox":{"center":[0,200,0],"size":[235.247,235.247,147.751]},"pointables":[{"bases":[[[0.606033,0.787291,0.113568],[-0.424332,0.199218,0.88332],[0.672805,-0.583511,0.454805]],[[0.455935,0.889824,0.0183389],[-0.732066,0.363225,0.576322],[0.506164,-0.276191,0.817017]],[[0.455935,0.889824,0.0183389],[-0.887915,0.456178,-0.0592287],[-0.0610689,0.0107211,0.998076]],[[0.455935,0.889824,0.0183389],[-0.706869,0.374558,-0.600035],[-0.540795,0.260614,0.799763]]],"btipPosition":[12.989,123.981,-15.3847],"carpPosition":[23.3627,116.767,76.7775],"dipPosition":[0.517643,129.992,3.05874],"direction":[0.0610689,-0.0107211,-0.998076],"extended":false,"handId":440,"id":4400,"length":51.3537,"mcpPosition":[23.3627,116.767,76.7775],"pipPosition":[-1.53407,130.352,36.5908],"stabilizedTipPosition":[10.1206,125.364,-11.1427],"timeVisible":0,"tipPosition":[10.1206,125.364,-11.1427],"tipVelocity":[1.19209e-7,1.19209e-7,1.19209e-7],"tool":false,"touchDistance":1,"touchZone":"none","type":0,"width":19.9537},{"bases":[[[0.812468,0.004159,-0.58299],[0.279478,0.874809,0.395728],[0.511651,-0.48445,0.709593]],[[0.877991,-0.0660308,-0.474101],[0.264145,0.892822,0.364824],[0.399198,-0.445544,0.801331]],[[0.877991,-0.0660308,-0.474101],[0.158045,0.974886,0.156906],[0.451834,-0.212692,0.866377]],[[0.877991,-0.0660308,-0.474101],[0.0633989,0.997755,-0.0215544],[0.47446,-0.0111329,0.880207]]],"btipPosition":[-38.9944,196.841,-45.8964],"carpPosition":[33.7453,137.607,74.9205],"dipPosition":[-31.0066,196.653,-31.0776],"direction":[-0.451834,0.212692,-0.866377],"extended":true,"handId":440,"id":4401,"length":57.947,"mcpPosition":[-3.34587,172.726,23.4799],"pipPosition":[-20.2454,191.588,-10.4434],"stabilizedTipPosition":[-37.1572,196.798,-42.4881],"timeVisible":0,"tipPosition":[-37.1572,196.798,-42.4881],"tipVelocity":[1.19209e-7,1.19209e-7,1.19209e-7],"tool":false,"touchDistance":0.896012,"touchZone":"hovering","type":1,"width":19.0597},{"bases":[[[0.814496,-0.210525,-0.540625],[0.423978,0.85207,0.306952],[0.396029,-0.479224,0.783266]],[[0.847837,-0.254239,-0.465332],[0.393148,0.890267,0.22991],[0.355818,-0.377871,0.854755]],[[0.847837,-0.254239,-0.465332],[0.274327,0.961301,-0.0253905],[0.45378,-0.106126,0.884772]],[[0.847837,-0.254239,-0.465332],[0.159108,0.9591,-0.234119],[0.505822,0.124457,0.853612]]],"btipPosition":[-22.538,190.967,-66.8668],"carpPosition":[43.6688,139.405,68.175],"dipPosition":[-13.1717,193.271,-51.0605],"direction":[-0.45378,0.106126,-0.884772],"extended":true,"handId":440,"id":4402,"length":66.0259,"mcpPosition":[16.443,172.351,14.3277],"pipPosition":[-0.456628,190.298,-26.2689],"stabilizedTipPosition":[-20.3837,191.497,-63.2314],"timeVisible":0,"tipPosition":[-20.3837,191.497,-63.2314],"tipVelocity":[1.19209e-7,1.19209e-7,1.19209e-7],"tool":false,"touchDistance":0.584863,"touchZone":"hovering","type":2,"width":18.7192},{"bases":[[[0.829603,-0.342382,-0.441059],[0.493495,0.819141,0.292355],[0.261192,-0.460199,0.848526]],[[0.839124,-0.360002,-0.407761],[0.463069,0.866092,0.18829],[0.285373,-0.34682,0.893464]],[[0.839124,-0.360002,-0.407761],[0.346474,0.931644,-0.109524],[0.419316,-0.0493742,0.906497]],[[0.839124,-0.360002,-0.407761],[0.235373,0.916143,-0.324471],[0.490377,0.176295,0.853493]]],"btipPosition":[4.37665,179.789,-70.8651],"carpPosition":[53.5361,138.013,61.3018],"dipPosition":[13.4048,183.035,-55.1518],"direction":[-0.419316,0.0493742,-0.906497],"extended":true,"handId":440,"id":4403,"length":63.4857,"mcpPosition":[37.4145,166.418,8.92794],"pipPosition":[24.8507,181.687,-30.4075],"stabilizedTipPosition":[6.45312,180.535,-67.2511],"timeVisible":0,"tipPosition":[6.45312,180.535,-67.2511],"tipVelocity":[1.19209e-7,1.19209e-7,1.19209e-7],"tool":false,"touchDistance":0.524567,"touchZone":"hovering","type":3,"width":17.8125},{"bases":[[[0.761238,-0.523952,-0.382089],[0.637645,0.712019,0.294004],[0.11801,-0.467444,0.87611]],[[0.767502,-0.554535,-0.321609],[0.622886,0.763687,0.169694],[0.151507,-0.330566,0.931543]],[[0.767502,-0.554535,-0.321609],[0.512652,0.832157,-0.211431],[0.384874,-0.00260024,0.922965]],[[0.767502,-0.554535,-0.321609],[0.379543,0.797397,-0.469155],[0.516612,0.238013,0.822473]]],"btipPosition":[33.7614,163.869,-60.4061],"carpPosition":[61.9748,129.636,53.8658],"dipPosition":[42.5358,167.912,-46.4368],"direction":[-0.384874,0.00260024,-0.922965],"extended":true,"handId":440,"id":4404,"length":49.7716,"mcpPosition":[55.2321,156.344,3.80778],"pipPosition":[49.9533,167.862,-28.6488],"stabilizedTipPosition":[35.7795,164.799,-57.1931],"timeVisible":0,"tipPosition":[35.7795,164.799,-57.1931],"tipVelocity":[1.19209e-7,1.19209e-7,1.19209e-7],"tool":false,"touchDistance":0.675436,"touchZone":"hovering","type":4,"width":15.8225}],"r":[[1,5.55112e-18,1.11022e-17],[-5.55112e-18,1,-1.11022e-17],[-1.11022e-17,1.11022e-17,1]],"s":1,"t":[0,0,0],"timestamp":262504297076},{"currentFrameRate":23.0343,"devices":[],"gestures":[],"hands":[{"armBasis":[[0.834111,0.0282073,-0.550875],[0.104053,0.972715,0.20736],[0.541694,-0.230282,0.808417]],"armWidth":65.6192,"confidence":0.209063,"direction":[-0.316546,0.622496,-0.71575],"elbow":[203.022,61.7577,294.352],"grabAngle":0.581788,"grabStrength":0,"id":440,"palmNormal":[-0.263163,-0.782562,-0.564217],"palmPosition":[24.7089,162.216,25.2078],"palmVelocity":[-19.8372,208.615,-92.5775],"palmWidth":89.6585,"pinchDistance":70.2538,"pinchStrength":0,"r":[[0.99982,0.0134019,0.0134466],[-0.013558,0.999841,0.0115871],[-0.0132892,-0.0117673,0.999842]],"s":1.01671,"sphereCenter":[-17.9546,112.979,-30.0055],"sphereRadius":89.8291,"stabilizedPalmPosition":[25.2936,156.067,27.9365],"t":[-0.399511,4.2014,-1.86446],"timeVisible":0.040279,"type":"right","wrist":[58.9046,123.024,79.2736]}],"id":246158,"interactionBox":{"center":[0,200,0],"size":[235.247,235.247,147.751]},"pointables":[{"bases":[[[0.540333,0.817487,0.199385],[-0.492215,0.114888,0.862859],[0.682469,-0.564372,0.464458]],[[0.406447,0.906894,0.111105],[-0.825553,0.312417,0.469956],[0.391489,-0.282735,0.87567]],[[0.406447,0.906894,0.111105],[-0.903944,0.416834,-0.0955765],[-0.13299,-0.0615859,0.989202]],[[0.406447,0.906894,0.111105],[-0.707468,0.389331,-0.589839],[-0.578178,0.161135,0.799841]]],"btipPosition":[20.8221,134.45,-24.4473],"carpPosition":[22.1841,122.198,70.5727],"dipPosition":[7.41917,138.185,-5.90595],"direction":[0.13299,0.0615859,-0.989202],"extended":false,"handId":440,"id":4400,"length":51.6212,"mcpPosition":[22.1841,122.198,70.5727],"pipPosition":[2.92788,136.105,27.5011],"stabilizedTipPosition":[13.1639,129.336,-14.7537],"timeVisible":0.040279,"tipPosition":[14.9283,135.343,-18.1224],"tipVelocity":[189.151,246.9,-224.436],"tool":false,"touchDistance":1,"touchZone":"none","type":0,"width":21.2486},{"bases":[[[0.845255,0.0948984,-0.525869],[0.191263,0.865178,0.463558],[0.498961,-0.492404,0.713146]],[[0.882024,0.0557103,-0.467899],[0.195121,0.86067,0.470293],[0.428907,-0.506107,0.748261]],[[0.882024,0.0557103,-0.467899],[0.0846141,0.95812,0.273582],[0.463545,-0.280897,0.840371]],[[0.882024,0.0557103,-0.467899],[-0.0103529,0.995038,0.098958],[0.47109,-0.0824393,0.878224]]],"btipPosition":[-42.3334,209.115,-47.8951],"carpPosition":[31.1596,143.762,70.6263],"dipPosition":[-34.361,207.72,-33.0326],"direction":[-0.463545,0.280897,-0.840371],"extended":true,"handId":440,"id":4401,"length":58.2488,"mcpPosition":[-5.01154,179.458,18.9282],"pipPosition":[-23.2633,200.995,-12.9135],"stabilizedTipPosition":[-39.1193,203.84,-43.6555],"timeVisible":0.040279,"tipPosition":[-37.6441,206.448,-46.5995],"tipVelocity":[-82.9837,297.83,-49.371],"tool":false,"touchDistance":0.809915,"touchZone":"hovering","type":1,"width":20.2967},{"bases":[[[0.859822,-0.121391,-0.495954],[0.342318,0.857745,0.383524],[0.378846,-0.499537,0.779063]],[[0.882067,-0.15275,-0.445674],[0.333759,0.870258,0.362294],[0.332511,-0.468315,0.818607]],[[0.882067,-0.15275,-0.445674],[0.22814,0.966157,0.120388],[0.412202,-0.207867,0.887063]],[[0.882067,-0.15275,-0.445674],[0.133999,0.988252,-0.0735068],[0.451666,0.00511818,0.892172]]],"btipPosition":[-20.6006,209.098,-69.5542],"carpPosition":[41.3361,146.638,64.6781],"dipPosition":[-12.1935,209.193,-52.9478],"direction":[-0.412202,0.207867,-0.887063],"extended":true,"handId":440,"id":4402,"length":66.3698,"mcpPosition":[15.2915,180.98,11.1198],"pipPosition":[-0.583332,203.338,-27.9625],"stabilizedTipPosition":[-18.8992,206.735,-65.396],"timeVisible":0.040279,"tipPosition":[-18.1333,204.804,-66.8713],"tipVelocity":[42.6223,437.518,-62.1499],"tool":false,"touchDistance":0.52216,"touchZone":"hovering","type":2,"width":19.934},{"bases":[[[0.877932,-0.257892,-0.403394],[0.414776,0.830519,0.37175],[0.239155,-0.493689,0.836107]],[[0.885309,-0.273956,-0.375734],[0.402618,0.855877,0.324613],[0.232652,-0.43866,0.868015]],[[0.885309,-0.273956,-0.375734],[0.30486,0.952092,0.0241232],[0.351124,-0.135903,0.926414]],[[0.885309,-0.273956,-0.375734],[0.223261,0.959222,-0.17334],[0.4079,0.0695728,0.910372]]],"btipPosition":[9.45009,198.667,-73.8746],"carpPosition":[51.6909,146.34,58.4143],"dipPosition":[16.9989,199.955,-57.0268],"direction":[-0.351124,0.135903,-0.926414],"extended":true,"handId":440,"id":4403,"length":63.8164,"mcpPosition":[36.9294,176.813,6.80698],"pipPosition":[26.6333,196.226,-31.6071],"stabilizedTipPosition":[10.754,197.28,-69.7486],"timeVisible":0.040279,"tipPosition":[10.2906,195.168,-70.2349],"tipVelocity":[117.51,457.505,-68.238],"tool":false,"touchDistance":0.464215,"touchZone":"hovering","type":3,"width":18.9685},{"bases":[[[0.819029,-0.446955,-0.359754],[0.565766,0.733396,0.37688],[0.0953939,-0.512212,0.853545]],[[0.823668,-0.481341,-0.299802],[0.560478,0.771405,0.301327],[0.0862276,-0.416226,0.905163]],[[0.823668,-0.481341,-0.299802],[0.47846,0.873669,-0.0881961],[0.30438,-0.0707989,0.949916]],[[0.823668,-0.481341,-0.299802],[0.383028,0.862092,-0.331794],[0.418163,0.158455,0.894445]]],"btipPosition":[39.6474,181.538,-63.0541],"carpPosition":[61.154,139.028,51.09],"dipPosition":[46.7867,184.243,-47.7832],"direction":[-0.30438,0.0707989,-0.949916],"extended":true,"handId":440,"id":4404,"length":50.0309,"mcpPosition":[55.7035,168.294,2.32126],"pipPosition":[52.6835,182.871,-29.3805],"stabilizedTipPosition":[40.6535,180.156,-59.2707],"timeVisible":0.040279,"tipPosition":[39.9229,179.8,-59.3137],"tipVelocity":[136.796,431.012,-58.3098],"tool":false,"touchDistance":0.605996,"touchZone":"hovering","type":4,"width":16.8493}],"r":[[0.99982,0.0134019,0.0134466],[-0.013558,0.999841,0.0115871],[-0.0132892,-0.0117673,0.999842]],"s":1.01671,"t":[-0.399511,4.2014,-1.86446],"timestamp":262504337355},{"currentFrameRate":24.3476,"devices":[],"gestures":[],"hands":[{"armBasis":[[0.835662,0.0400691,-0.547781],[0.10553,0.96704,0.231726],[0.539011,-0.251452,0.80389]],"armWidth":65.6192,"confidence":0.359307,"direction":[-0.323525,0.604517,-0.727936],"elbow":[200.097,63.0749,287.139],"grabAngle":0.435717,"grabStrength":0,"id":440,"palmNormal":[-0.247811,-0.79659,-0.551393],"palmPosition":[22.1756,168.081,18.5712],"palmVelocity":[-81.423,188.522,-213.312],"palmWidth":89.6585,"pinchDistance":73.2878,"pinchStrength":0,"r":[[0.999311,0.0273306,0.0251056],[-0.0277662,0.999467,0.0171665],[-0.0246231,-0.0178518,0.999537]],"s":1.04785,"sphereCenter":[-0.332734,161.6,-23.4307],"sphereRadius":58.3299,"stabilizedPalmPosition":[24.5639,158.879,25.7447],"t":[-1.86588,9.23475,-6.11498],"timeVisible":0.071391,"type":"right","wrist":[56.6934,129.973,73.2652]}],"id":246159,"interactionBox":{"center":[0,200,0],"size":[235.247,235.247,147.751]},"pointables":[{"bases":[[[0.525985,0.829647,0.187151],[-0.497848,0.121935,0.85865],[0.689556,-0.544809,0.477174]],[[0.391539,0.915026,0.0970745],[-0.844269,0.315287,0.433365],[0.365934,-0.251636,0.895975]],[[0.391539,0.915026,0.0970745],[-0.908301,0.40122,-0.11837],[-0.14726,-0.0418263,0.988213]],[[0.391539,0.915026,0.0970745],[-0.689174,0.361518,-0.627969],[-0.609702,0.178973,0.772161]]],"btipPosition":[21.2133,138.472,-30.7187],"carpPosition":[20.1057,128.831,64.625],"dipPosition":[7.07965,142.621,-12.8191],"direction":[0.14726,0.0418263,-0.988213],"extended":false,"handId":440,"id":4400,"length":51.6212,"mcpPosition":[20.1057,128.831,64.625],"pipPosition":[2.10643,141.209,20.5546],"stabilizedTipPosition":[14.0495,131.199,-16.9405],"timeVisible":0.071391,"tipPosition":[13.711,140.173,-24.6337],"tipVelocity":[7.17319,132.361,-206.319],"tool":false,"touchDistance":0.951623,"touchZone":"hovering","type":0,"width":21.2486},{"bases":[[[0.845909,0.0995268,-0.523959],[0.175014,0.876228,0.448993],[0.503794,-0.471507,0.72379]],[[0.873705,0.0720115,-0.481096],[0.205082,0.842272,0.498517],[0.441113,-0.534221,0.721129]],[[0.873705,0.0720115,-0.481096],[0.0928814,0.946093,0.310292],[0.477507,-0.315789,0.819918]],[[0.873705,0.0720115,-0.481096],[-0.00702344,0.990747,0.135542],[0.486405,-0.115045,0.866126]]],"btipPosition":[-46.2297,216.959,-53.1092],"carpPosition":[28.7265,150.538,64.3348],"dipPosition":[-37.9981,215.012,-38.4515],"direction":[-0.477507,0.315789,-0.819918],"extended":true,"handId":440,"id":4401,"length":58.2488,"mcpPosition":[-7.79505,184.719,11.8651],"pipPosition":[-26.5663,207.452,-18.822],"stabilizedTipPosition":[-42.3298,211.637,-47.3984],"timeVisible":0.071391,"tipPosition":[-41.5809,211.75,-53.0531],"tipVelocity":[-123.321,248.055,-169.104],"tool":false,"touchDistance":0.683339,"touchZone":"hovering","type":1,"width":20.2967},{"bases":[[[0.863883,-0.115934,-0.490169],[0.326523,0.869875,0.369729],[0.383521,-0.479455,0.789325]],[[0.881865,-0.139605,-0.45036],[0.345077,0.841986,0.414705],[0.321302,-0.521123,0.790693]],[[0.881865,-0.139605,-0.45036],[0.258133,0.942251,0.213377],[0.394564,-0.304422,0.866976]],[[0.881865,-0.139605,-0.45036],[0.175242,0.983784,0.0381904],[0.437725,-0.112601,0.89203]]],"btipPosition":[-22.0859,221.987,-74.6577],"carpPosition":[38.8807,153.476,58.379],"dipPosition":[-13.9383,219.891,-58.0539],"direction":[-0.394564,0.304422,-0.866975],"extended":true,"handId":440,"id":4402,"length":66.3698,"mcpPosition":[12.5148,186.437,4.11517],"pipPosition":[-2.82497,211.316,-33.6345],"stabilizedTipPosition":[-20.1381,220.673,-70.5324],"timeVisible":0.071391,"tipPosition":[-20.6313,214.02,-72.8749],"tipVelocity":[-49.6605,398.081,-164.056],"tool":false,"touchDistance":0.426716,"touchZone":"hovering","type":2,"width":19.934},{"bases":[[[0.883816,-0.250469,-0.395138],[0.399469,0.843642,0.358738],[0.243502,-0.474904,0.845679]],[[0.890466,-0.264051,-0.370603],[0.407061,0.826252,0.38937],[0.203398,-0.497579,0.843234]],[[0.890466,-0.264051,-0.370603],[0.336202,0.930597,0.144769],[0.306656,-0.253509,0.91744]],[[0.890466,-0.264051,-0.370603],[0.270038,0.96215,-0.0366895],[0.366264,-0.067406,0.928066]]],"btipPosition":[10.0429,212.775,-79.6999],"carpPosition":[49.2667,153.238,52.1644],"dipPosition":[16.8212,211.528,-62.5247],"direction":[-0.306656,0.253509,-0.91744],"extended":true,"handId":440,"id":4403,"length":63.8164,"mcpPosition":[34.2369,182.551,-0.0337733],"pipPosition":[25.2355,204.572,-37.3512],"stabilizedTipPosition":[11.5516,211.585,-75.3933],"timeVisible":0.071391,"tipPosition":[9.45996,205.249,-76.6952],"tipVelocity":[13.3588,434.716,-184.815],"tool":false,"touchDistance":0.364878,"touchZone":"hovering","type":3,"width":18.9685},{"bases":[[[0.827824,-0.439679,-0.34841],[0.552005,0.749122,0.366207],[0.099988,-0.495479,0.862846]],[[0.832894,-0.474434,-0.284955],[0.552558,0.741802,0.380013],[0.0310889,-0.473964,0.879995]],[[0.832894,-0.474434,-0.284955],[0.510506,0.857447,0.064555],[0.213707,-0.199239,0.956365]],[[0.832894,-0.474434,-0.284955],[0.452982,0.880219,-0.141497],[0.317954,-0.0112273,0.94804]]],"btipPosition":[42.5102,194.916,-69.8244],"carpPosition":[58.8806,145.955,45.0096],"dipPosition":[47.9386,194.724,-53.6385],"direction":[-0.213707,0.199239,-0.956365],"extended":true,"handId":440,"id":4404,"length":50.0309,"mcpPosition":[53.1676,174.265,-4.29058],"pipPosition":[52.0788,190.864,-35.1109],"stabilizedTipPosition":[43.5263,193.77,-65.5904],"timeVisible":0.071391,"tipPosition":[40.2229,188.994,-66.148],"tipVelocity":[79.367,408.589,-210.847],"tool":false,"touchDistance":0.480332,"touchZone":"hovering","type":4,"width":16.8493}],"r":[[0.999311,0.0273306,0.0251056],[-0.0277662,0.999467,0.0171665],[-0.0246231,-0.0178518,0.999537]],"s":1.04785,"t":[-1.86588,9.23475,-6.11498],"timestamp":262504368467},{"currentFrameRate":26.6798,"devices":[],"gestures":[],"hands":[{"armBasis":[[0.836669,0.0570242,-0.544732],[0.108673,0.957508,0.26715],[0.536819,-0.282714,0.794921]],"armWidth":65.6192,"confidence":0.451285,"direction":[-0.313927,0.639785,-0.701516],"elbow":[196.943,57.1083,278.571],"grabAngle":0.365004,"grabStrength":0,"id":440,"palmNormal":[-0.251469,-0.768509,-0.588351],"palmPosition":[20.2,173.087,13.9632],"palmVelocity":[-94.4254,239.236,-220.237],"palmWidth":89.6585,"pinchDistance":75.9216,"pinchStrength":0,"r":[[0.998695,0.0363904,0.0358421],[-0.0374914,0.99883,0.0305414],[-0.0346887,-0.0318453,0.998891]],"s":1.0775,"sphereCenter":[9.94573,191.425,-19.9173],"sphereRadius":51.6393,"stabilizedPalmPosition":[23.6566,161.833,23.2952],"t":[-3.5869,14.2542,-10.5442],"timeVisible":0.092314,"type":"right","wrist":[54.1228,132.324,67.0832]}],"id":246160,"interactionBox":{"center":[0,200,0],"size":[235.247,235.247,147.751]},"pointables":[{"bases":[[[0.532074,0.815554,0.227527],[-0.501846,0.0873315,0.860537],[0.681944,-0.572053,0.455749]],[[0.409498,0.900318,0.147442],[-0.851536,0.319195,0.415933],[0.32741,-0.295876,0.897363]],[[0.409498,0.900318,0.147442],[-0.889705,0.429855,-0.153782],[-0.201831,-0.0682063,0.977043]],[[0.409498,0.900318,0.147442],[-0.640551,0.398815,-0.656232],[-0.649619,0.174282,0.740014]]],"btipPosition":[23.2861,144.626,-36.1141],"carpPosition":[17.5153,131.809,58.1754],"dipPosition":[8.22711,148.666,-18.9597],"direction":[0.201831,0.0682063,-0.977043],"extended":false,"handId":440,"id":4400,"length":51.6212,"mcpPosition":[17.5153,131.809,58.1754],"pipPosition":[1.41094,146.362,14.0367],"stabilizedTipPosition":[15.1197,133.86,-19.7634],"timeVisible":0.092314,"tipPosition":[13.525,146.872,-30.8751],"tipVelocity":[88.8958,292.891,-266.062],"tool":false,"touchDistance":0.806292,"touchZone":"hovering","type":0,"width":21.2486},{"bases":[[[0.849834,0.115593,-0.514219],[0.179977,0.853359,0.489271],[0.49537,-0.508347,0.704409]],[[0.878488,0.0843459,-0.47026],[0.221763,0.799846,0.557734],[0.423178,-0.594249,0.683951]],[[0.878488,0.0843459,-0.47026],[0.112501,0.920095,0.37519],[0.46433,-0.382505,0.798804]],[[0.878488,0.0843459,-0.47026],[0.0163687,0.978402,0.206064],[0.477484,-0.188723,0.858133]]],"btipPosition":[-46.7894,227.918,-54.8975],"carpPosition":[26.3265,153.428,58.9186],"dipPosition":[-38.7088,224.725,-40.3751],"direction":[-0.46433,0.382505,-0.798804],"extended":true,"handId":440,"id":4401,"length":58.2488,"mcpPosition":[-9.58437,190.279,7.85387],"pipPosition":[-27.5924,215.567,-21.2511],"stabilizedTipPosition":[-44.5022,224.622,-50.8719],"timeVisible":0.092314,"tipPosition":[-43.0457,221.436,-55.3561],"tipVelocity":[-28.4096,510.085,-86.961],"tool":false,"touchDistance":0.621046,"touchZone":"hovering","type":1,"width":20.2967},{"bases":[[[0.86573,-0.101331,-0.490147],[0.331892,0.849248,0.410639],[0.374646,-0.518179,0.768851]],[[0.884848,-0.1294,-0.447549],[0.356213,0.80706,0.470921],[0.300262,-0.576116,0.760219]],[[0.884848,-0.1294,-0.447549],[0.28361,0.911752,0.297109],[0.369608,-0.389826,0.843461]],[[0.884848,-0.1294,-0.447549],[0.219942,0.962886,0.156447],[0.410694,-0.236866,0.880468]]],"btipPosition":[-21.6049,235.059,-76.1382],"carpPosition":[36.541,156.542,53.1585],"dipPosition":[-13.9605,230.65,-59.7496],"direction":[-0.369608,0.389826,-0.843461],"extended":true,"handId":440,"id":4402,"length":66.3698,"mcpPosition":[10.7852,192.165,0.302264],"pipPosition":[-3.55001,219.67,-35.9925],"stabilizedTipPosition":[-19.8722,232.872,-72.2078],"timeVisible":0.092314,"tipPosition":[-21.3003,225.61,-74.9059],"tipVelocity":[17.4591,599.348,-73.1246],"tool":false,"touchDistance":0.394428,"touchZone":"hovering","type":2,"width":19.934},{"bases":[[[0.883927,-0.240211,-0.401214],[0.404671,0.822887,0.398871],[0.23434,-0.514932,0.824578]],[[0.890009,-0.254213,-0.378498],[0.417355,0.788465,0.451816],[0.183575,-0.560088,0.807837]],[[0.890009,-0.254213,-0.378498],[0.35818,0.903484,0.235422],[0.28212,-0.345098,0.895163]],[[0.890009,-0.254213,-0.378498],[0.304062,0.949515,0.0772517],[0.339751,-0.183842,0.922373]]],"btipPosition":[10.3441,225.935,-81.2818],"carpPosition":[46.9611,156.493,46.997],"dipPosition":[16.6317,222.533,-64.2119],"direction":[-0.28212,0.345098,-0.895163],"extended":true,"handId":440,"id":4403,"length":63.8164,"mcpPosition":[32.4968,188.277,-3.89875],"pipPosition":[24.3727,213.063,-39.6497],"stabilizedTipPosition":[11.7684,223.913,-77.1765],"timeVisible":0.092314,"tipPosition":[9.07963,216.821,-79.1252],"tipVelocity":[8.99915,605.278,-76.762],"tool":false,"touchDistance":0.337632,"touchZone":"hovering","type":3,"width":18.9685},{"bases":[[[0.826013,-0.430835,-0.363434],[0.55633,0.726761,0.402884],[0.090553,-0.534977,0.84]],[[0.830536,-0.470808,-0.297574],[0.556964,0.702847,0.442489],[0.00082154,-0.533241,0.845963]],[[0.830536,-0.470808,-0.297574],[0.5311,0.830382,0.168521],[0.167759,-0.298004,0.939708]],[[0.830536,-0.470808,-0.297574],[0.490748,0.871258,-0.00877399],[0.263394,-0.138747,0.954659]]],"btipPosition":[43.6039,206.84,-72.555],"carpPosition":[56.5535,149.456,39.5721],"dipPosition":[48.1008,204.471,-56.2561],"direction":[-0.167759,0.298004,-0.939708],"extended":true,"handId":440,"id":4404,"length":50.0309,"mcpPosition":[51.3796,180.022,-8.42273],"pipPosition":[51.3508,198.698,-38.0511],"stabilizedTipPosition":[44.5054,204.799,-68.4221],"timeVisible":0.092314,"tipPosition":[40.0757,199.39,-69.4553],"tipVelocity":[42.031,545.978,-129.262],"tool":false,"touchDistance":0.425064,"touchZone":"hovering","type":4,"width":16.8493}],"r":[[0.998695,0.0363904,0.0358421],[-0.0374914,0.99883,0.0305414],[-0.0346887,-0.0318453,0.998891]],"s":1.0775,"t":[-3.5869,14.2542,-10.5442],"timestamp":262504389390},{"currentFrameRate":28.7734,"devices":[],"gestures":[],"hands":[{"armBasis":[[0.840681,0.0431676,-0.539807],[0.152173,0.937821,0.311986],[0.51971,-0.344425,0.781839]],"armWidth":65.6192,"confidence":0.534749,"direction":[-0.316417,0.630268,-0.708973],"elbow":[190.944,43.6685,271.749],"grabAngle":0.315578,"grabStrength":0,"id":440,"palmNormal":[-0.268239,-0.776317,-0.570421],"palmPosition":[18.819,176.15,10.5774],"palmVelocity":[-65.8618,146.098,-161.474],"palmWidth":89.6585,"pinchDistance":77.7327,"pinchStrength":0,"r":[[0.998276,0.0413549,0.0416614],[-0.0429253,0.998373,0.037532],[-0.0400415,-0.0392556,0.998427]],"s":1.10576,"sphereCenter":[23.5566,220.572,-13.5693],"sphereRadius":59.5404,"stabilizedPalmPosition":[22.7667,164.466,20.9558],"t":[-5.13791,18.2956,-14.4518],"timeVisible":0.113282,"type":"right","wrist":[52.6761,135.302,63.7409]}],"id":246161,"interactionBox":{"center":[0,200,0],"size":[235.247,235.247,147.751]},"pointables":[{"bases":[[[0.544321,0.813448,0.204981],[-0.48884,0.109002,0.865537],[0.681726,-0.571333,0.456978]],[[0.423284,0.897182,0.126076],[-0.848596,0.343863,0.402048],[0.317357,-0.277168,0.906897]],[[0.423284,0.897182,0.126076],[-0.881843,0.439908,-0.169805],[-0.207808,-0.0393038,0.97738]],[[0.423284,0.897182,0.126076],[-0.63328,0.392507,-0.667004],[-0.64791,0.20249,0.73431]]],"btipPosition":[22.7115,145.997,-39.0531],"carpPosition":[16.284,135.731,55.5845],"dipPosition":[7.69215,150.691,-22.0309],"direction":[0.207808,0.0393038,-0.97738],"extended":false,"handId":440,"id":4400,"length":51.6212,"mcpPosition":[16.284,135.731,55.5845],"pipPosition":[0.674135,149.364,10.9768],"stabilizedTipPosition":[15.5807,135.333,-21.4765],"timeVisible":0.113282,"tipPosition":[12.1581,148.944,-33.8389],"tipVelocity":[-26.9684,72.5918,-141.617],"tool":false,"touchDistance":0.714455,"touchZone":"hovering","type":0,"width":21.2486},{"bases":[[[0.843861,0.0962771,-0.527853],[0.196338,0.860136,0.470762],[0.499349,-0.500895,0.706933]],[[0.871239,0.0672469,-0.48623],[0.248021,0.794509,0.554294],[0.423588,-0.603518,0.675529]],[[0.871239,0.0672469,-0.48623],[0.140466,0.91499,0.378236],[0.470331,-0.397833,0.78773]],[[0.871239,0.0672469,-0.48623],[0.0376528,0.978497,0.202796],[0.489412,-0.194992,0.849973]]],"btipPosition":[-48.42,232.075,-57.4337],"carpPosition":[25.3473,157.257,55.8038],"dipPosition":[-40.1376,228.775,-43.0494],"direction":[-0.470331,0.397833,-0.78773],"extended":true,"handId":440,"id":4401,"length":58.2488,"mcpPosition":[-10.852,193.568,4.5561],"pipPosition":[-28.8775,219.251,-24.1905],"stabilizedTipPosition":[-46.1054,229.954,-53.4632],"timeVisible":0.113282,"tipPosition":[-45.0199,224.747,-58.2505],"tipVelocity":[-75.553,197.064,-122.468],"tool":false,"touchDistance":0.553756,"touchZone":"hovering","type":1,"width":20.2967},{"bases":[[[0.857649,-0.120333,-0.499958],[0.347091,0.852824,0.390151],[0.379428,-0.508144,0.773191]],[[0.877272,-0.148179,-0.456549],[0.378888,0.797719,0.469135],[0.294682,-0.58454,0.75596]],[[0.877272,-0.148179,-0.456549],[0.316306,0.893889,0.317669],[0.361032,-0.423091,0.831054]],[[0.877272,-0.148179,-0.456549],[0.257125,0.948249,0.186306],[0.405315,-0.280831,0.869973]]],"btipPosition":[-22.3513,240.131,-78.9993],"carpPosition":[35.5153,160.146,49.8475],"dipPosition":[-14.807,234.904,-62.8061],"direction":[-0.361032,0.423091,-0.831054],"extended":true,"handId":440,"id":4402,"length":66.3698,"mcpPosition":[9.43073,195.079,-3.30706],"pipPosition":[-4.6381,222.987,-39.3985],"stabilizedTipPosition":[-20.5254,238.19,-74.9006],"timeVisible":0.113282,"tipPosition":[-22.8018,229.676,-78.0305],"tipVelocity":[-36.6964,232.914,-138.597],"tool":false,"touchDistance":0.344727,"touchZone":"hovering","type":2,"width":19.934},{"bases":[[[0.875515,-0.257744,-0.408707],[0.419398,0.825415,0.377883],[0.239955,-0.502253,0.83076]],[[0.882609,-0.273366,-0.382456],[0.437932,0.773912,0.457466],[0.170932,-0.571254,0.802777]],[[0.882609,-0.273366,-0.382456],[0.389587,0.880642,0.269614],[0.263104,-0.386963,0.883762]],[[0.882609,-0.273366,-0.382456],[0.336826,0.935257,0.108818],[0.327948,-0.224865,0.917543]]],"btipPosition":[10.1838,230.925,-84.4881],"carpPosition":[45.8477,159.864,43.5462],"dipPosition":[16.253,226.763,-67.5076],"direction":[-0.263104,0.386963,-0.883762],"extended":true,"handId":440,"id":4403,"length":63.8164,"mcpPosition":[31.0368,190.865,-7.73117],"pipPosition":[23.4722,216.145,-43.2582],"stabilizedTipPosition":[11.6068,229.097,-80.0928],"timeVisible":0.113282,"tipPosition":[7.93035,220.852,-82.5848],"tipVelocity":[-10.0406,229.653,-153.895],"tool":false,"touchDistance":0.287352,"touchZone":"hovering","type":3,"width":18.9685},{"bases":[[[0.815991,-0.446958,-0.36659],[0.570008,0.72764,0.381616],[0.0961795,-0.520354,0.848517]],[[0.821306,-0.491372,-0.289843],[0.570218,0.691462,0.443545],[-0.0175305,-0.52956,0.848091]],[[0.821306,-0.491372,-0.289843],[0.554767,0.806362,0.204973],[0.133,-0.329141,0.934867]],[[0.821306,-0.491372,-0.289843],[0.520364,0.853499,0.027575],[0.233831,-0.173471,0.956677]]],"btipPosition":[43.8061,210.196,-76.5055],"carpPosition":[55.2563,152.58,36.1234],"dipPosition":[47.7983,207.235,-60.1721],"direction":[-0.133,0.329141,-0.934867],"extended":true,"handId":440,"id":4404,"length":50.0309,"mcpPosition":[49.7609,182.311,-12.3581],"pipPosition":[50.3749,200.858,-42.061],"stabilizedTipPosition":[44.6608,208.147,-71.4934],"timeVisible":0.113282,"tipPosition":[39.0338,202.22,-73.4357],"tipVelocity":[4.10763,153.556,-188.031],"tool":false,"touchDistance":0.356751,"touchZone":"hovering","type":4,"width":16.8493}],"r":[[0.998276,0.0413549,0.0416614],[-0.0429253,0.998373,0.037532],[-0.0400415,-0.0392556,0.998427]],"s":1.10576,"t":[-5.13791,18.2956,-14.4518],"timestamp":262504410358},{"currentFrameRate":27.8394,"devices":[],"gestures":[],"hands":[{"armBasis":[[0.836491,0.0902003,-0.540506],[0.118819,0.933038,0.339592],[0.534944,-0.348288,0.76976]],"armWidth":65.6192,"confidence":0.673864,"direction":[-0.297213,0.662872,-0.687215],"elbow":[193.418,46.4158,262.581],"grabAngle":0.257086,"grabStrength":0,"id":440,"palmNormal":[-0.237807,-0.74845,-0.619089],"palmPosition":[18.2832,181.994,5.61046],"palmVelocity":[-12.7706,139.294,-118.39],"palmWidth":89.6585,"pinchDistance":79.1239,"pinchStrength":0,"r":[[0.997428,0.0468031,0.0542818],[-0.0496836,0.997358,0.0529882],[-0.0516584,-0.0555489,0.997119]],"s":1.13348,"sphereCenter":[45.9246,267.83,4.68188],"sphereRadius":93.1905,"stabilizedPalmPosition":[21.3497,170.006,16.1059],"t":[-6.1813,23.2383,-18.889],"timeVisible":0.155236,"type":"right","wrist":[51.097,139.077,57.787]}],"id":246162,"interactionBox":{"center":[0,200,0],"size":[235.247,235.247,147.751]},"pointables":[{"bases":[[[0.526811,0.807061,0.266687],[-0.521869,0.0594616,0.850951],[0.670912,-0.587466,0.452506]],[[0.407318,0.893866,0.187339],[-0.865431,0.312239,0.391836],[0.291755,-0.321731,0.90076]],[[0.407318,0.893866,0.187339],[-0.880223,0.438918,-0.18044],[-0.243516,-0.0914031,0.96558]],[[0.407318,0.893866,0.187339],[-0.629779,0.423458,-0.6512],[-0.661416,0.147264,0.73542]]],"btipPosition":[23.7569,154.783,-45.5997],"carpPosition":[14.551,139.285,48.3633],"dipPosition":[8.42441,158.197,-28.5518],"direction":[0.243516,0.0914031,-0.96558],"extended":false,"handId":440,"id":4400,"length":51.6212,"mcpPosition":[14.551,139.285,48.3633],"pipPosition":[0.200468,155.11,4.05748],"stabilizedTipPosition":[17.1008,141.948,-28.0812],"timeVisible":0.155236,"tipPosition":[13.858,156.992,-40.4115],"tipVelocity":[23.2,202.401,-155.901],"tool":false,"touchDistance":0.578232,"touchZone":"hovering","type":0,"width":21.2486},{"bases":[[[0.861693,0.131582,-0.490073],[0.168681,0.836591,0.521211],[0.478573,-0.53179,0.698689]],[[0.888691,0.099645,-0.447549],[0.244272,0.723151,0.646053],[0.388021,-0.683465,0.618317]],[[0.888691,0.099645,-0.447549],[0.150157,0.859022,0.489422],[0.433223,-0.502147,0.748443]],[[0.888691,0.099645,-0.447549],[0.0328158,0.959773,0.278851],[0.457332,-0.262499,0.849672]]],"btipPosition":[-45.9682,244.958,-59.2348],"carpPosition":[23.3482,160.859,50.0248],"dipPosition":[-38.2286,240.516,-44.8555],"direction":[-0.433223,0.502147,-0.748443],"extended":true,"handId":440,"id":4401,"length":58.2488,"mcpPosition":[-11.345,199.41,-0.625266],"pipPosition":[-27.8569,228.494,-26.9373],"stabilizedTipPosition":[-44.1954,243.883,-55.9182],"timeVisible":0.155236,"tipPosition":[-43.7043,236.351,-61.0413],"tipVelocity":[55.4649,300.817,-42.9582],"tool":false,"touchDistance":0.50468,"touchZone":"hovering","type":1,"width":20.2967},{"bases":[[[0.876961,-0.0860339,-0.472797],[0.322398,0.834915,0.446068],[0.356368,-0.543614,0.759925]],[[0.893468,-0.112737,-0.434747],[0.371763,0.728778,0.575043],[0.252005,-0.675406,0.693051]],[[0.893468,-0.112737,-0.434747],[0.316843,0.84427,0.432225],[0.318316,-0.523926,0.790048]],[[0.893468,-0.112737,-0.434747],[0.255609,0.923565,0.285819],[0.369295,-0.366495,0.853992]]],"btipPosition":[-18.6743,255.346,-78.8676],"carpPosition":[33.6959,164.15,44.6114],"dipPosition":[-11.8005,248.524,-62.9719],"direction":[-0.318316,0.523926,-0.790048],"extended":true,"handId":440,"id":4402,"length":66.3698,"mcpPosition":[9.19663,201.522,-7.6312],"pipPosition":[-2.83472,233.767,-40.7192],"stabilizedTipPosition":[-17.0985,253.754,-75.2111],"timeVisible":0.155236,"tipPosition":[-19.4934,244.194,-79.5654],"tipVelocity":[83.9679,353.921,1.50859],"tool":false,"touchDistance":0.344537,"touchZone":"hovering","type":2,"width":19.934},{"bases":[[[0.89303,-0.227786,-0.388087],[0.395425,0.80888,0.435147],[0.214795,-0.542058,0.812426]],[[0.900051,-0.246767,-0.359185],[0.421095,0.704677,0.57106],[0.11219,-0.665234,0.738158]],[[0.900051,-0.246767,-0.359185],[0.389506,0.825169,0.409123],[0.19543,-0.508136,0.838812]],[[0.900051,-0.246767,-0.359185],[0.344423,0.907778,0.2394],[0.266984,-0.339184,0.902039]]],"btipPosition":[15.7315,247.411,-83.8249],"carpPosition":[44.2576,164.294,38.6976],"dipPosition":[20.6724,241.134,-67.1314],"direction":[-0.19543,0.508136,-0.838812],"extended":true,"handId":440,"id":4403,"length":63.8164,"mcpPosition":[30.9998,197.751,-11.4481],"pipPosition":[26.0348,227.191,-44.1154],"stabilizedTipPosition":[16.8564,245.93,-79.9856],"timeVisible":0.155236,"tipPosition":[12.6764,236.571,-83.5174],"tipVelocity":[126.048,381.364,14.2336],"tool":false,"touchDistance":0.308164,"touchZone":"hovering","type":3,"width":18.9685},{"bases":[[[0.834194,-0.419491,-0.357978],[0.546923,0.712515,0.439542],[0.0706803,-0.56245,0.823805]],[[0.837173,-0.468057,-0.282957],[0.540519,0.628991,0.558756],[-0.0835518,-0.62072,0.779568]],[[0.837173,-0.468057,-0.282957],[0.545477,0.75231,0.369438],[0.039954,-0.46363,0.885128]],[[0.837173,-0.468057,-0.282957],[0.523341,0.835844,0.165767],[0.15892,-0.286859,0.944699]]],"btipPosition":[49.4202,225.25,-76.3774],"carpPosition":[54.0196,157.494,31.2716],"dipPosition":[52.1334,220.352,-60.2485],"direction":[-0.039954,0.46363,-0.885128],"extended":true,"handId":440,"id":4404,"length":50.0309,"mcpPosition":[49.9812,189.631,-15.7979],"pipPosition":[52.9074,211.37,-43.1009],"stabilizedTipPosition":[49.9871,223.954,-72.6553],"timeVisible":0.155236,"tipPosition":[43.9825,216.107,-75.0724],"tipVelocity":[126.804,348.197,1.93374],"tool":false,"touchDistance":0.355626,"touchZone":"hovering","type":4,"width":16.8493}],"r":[[0.997428,0.0468031,0.0542818],[-0.0496836,0.997358,0.0529882],[-0.0516584,-0.0555489,0.997119]],"s":1.13348,"t":[-6.1813,23.2383,-18.889],"timestamp":262504452312},{"currentFrameRate":29.8277,"devices":[],"gestures":[],"hands":[{"armBasis":[[0.836933,0.0669909,-0.54319],[0.151997,0.924989,0.34827],[0.525776,-0.374042,0.763972]],"armWidth":65.6192,"confidence":0.729588,"direction":[-0.297674,0.644936,-0.70388],"elbow":[190.21,42.7196,258.615],"grabAngle":0.236131,"grabStrength":0,"id":440,"palmNormal":[-0.255402,-0.764228,-0.59222],"palmPosition":[17.5842,184.346,2.4538],"palmVelocity":[-33.4572,112.582,-151.094],"palmWidth":89.6585,"pinchDistance":79.4908,"pinchStrength":0,"r":[[0.99691,0.0487158,0.0616274],[-0.0523703,0.996875,0.0591427],[-0.0585536,-0.0621874,0.996345]],"s":1.15649,"sphereCenter":[51.3318,278.398,3.41401],"sphereRadius":101.811,"stabilizedPalmPosition":[20.8665,171.846,14.354],"t":[-7.05249,26.8857,-22.686],"timeVisible":0.176128,"type":"right","wrist":[50.3279,142.233,55.3611]}],"id":246163,"interactionBox":{"center":[0,200,0],"size":[235.247,235.247,147.751]},"pointables":[{"bases":[[[0.540506,0.807993,0.234524],[-0.509915,0.0928815,0.855196],[0.669209,-0.581826,0.46221]],[[0.417143,0.896143,0.151395],[-0.855964,0.331392,0.39687],[0.305481,-0.295139,0.905303]],[[0.417143,0.896143,0.151395],[-0.880852,0.439669,-0.175472],[-0.223811,-0.0601594,0.972774]],[[0.417143,0.896143,0.151395],[-0.642493,0.408591,-0.648271],[-0.642802,0.173152,0.746206]]],"btipPosition":[21.2994,155.581,-48.1089],"carpPosition":[13.8657,143.047,46.5706],"dipPosition":[6.39845,159.595,-30.8109],"direction":[0.223811,0.0601594,-0.972774],"extended":false,"handId":440,"id":4400,"length":51.6212,"mcpPosition":[13.8657,143.047,46.5706],"pipPosition":[-1.16004,157.564,2.04135],"stabilizedT