{"frames":158,"data":[{"currentFrameRate":115.117,"devices":[],"gestures":[],"hands":[{"armBasis":[[0.933684,0.0799939,-0.349049],[0.138271,0.8186,0.557472],[0.330326,-0.568766,0.753253]],"armWidth":63.6743,"confidence":1,"direction":[-0.218716,-0.200364,-0.954996],"elbow":[159.288,44.6206,244.697],"grabAngle":3.14159,"grabStrength":0.965461,"id":421,"palmNormal":[0.0300681,-0.979611,0.198642],"palmPosition":[40.7833,192.236,-36.7092],"palmVelocity":[-3.57898,-9.665,0.061623],"palmWidth":93.945,"pinchDistance":10.6406,"pinchStrength":1,"r":[[0.417827,0.85205,0.315327],[-0.114037,0.393515,-0.912218],[-0.901341,0.34519,0.261586]],"s":0.849683,"sphereCenter":[53.8082,144.568,-43.8358],"sphereRadius":44.4509,"stabilizedPalmPosition":[40.4074,193.937,-36.4811],"t":[-4.9039,-10.7621,-199.017],"timeVisible":20.6042,"type":"right","wrist":[67.2041,203.175,34.7136]}],"id":944675,"interactionBox":{"center":[0,200,0],"size":[235.247,235.247,147.751]},"pointables":[{"bases":[[[0.924756,-0.0481637,-0.3775],[-0.0860114,0.939839,-0.330611],[0.370712,0.338204,0.86498]],[[0.96126,-0.00894152,-0.275498],[-0.265347,0.240599,-0.93365],[0.074633,0.970583,0.228906]],[[0.96126,-0.00894152,-0.275498],[-0.214532,-0.651836,-0.727383],[-0.173076,0.758307,-0.628502]],[[0.96126,-0.00894152,-0.275498],[-0.125687,-0.903741,-0.409213],[-0.24532,0.427987,-0.869854]]],"btipPosition":[15.3138,118.563,-34.7721],"carpPosition":[38.0183,215.319,9.59316],"dipPosition":[10.8904,126.28,-50.4565],"direction":[0.173076,-0.758307,0.628502],"extended":false,"handId":421,"id":4211,"length":62.0616,"mcpPosition":[9.85943,189.629,-56.1097],"pipPosition":[6.47559,145.623,-66.4882],"stabilizedTipPosition":[13.6993,124.683,-34.5407],"timeVisible":20.6042,"tipPosition":[16.5346,129.499,-28.97],"tipVelocity":[21.8479,-27.3547,3.63863],"tool":false,"touchDistance":0.333333,"touchZone":"none","type":1,"width":19.0471},{"bases":[[[0.322896,0.831165,-0.452662],[-0.713026,0.528146,0.461146],[0.622361,0.173857,0.763178]],[[0.122004,0.741138,-0.660174],[-0.842135,0.429317,0.326336],[0.525284,0.516141,0.676517]],[[0.122004,0.741138,-0.660174],[-0.970615,0.22809,0.0766873],[0.207415,0.631419,0.747188]],[[0.122004,0.741138,-0.660174],[-0.979725,-0.0165688,-0.19966],[-0.158914,0.671148,0.72409]]],"btipPosition":[2.30915,131.981,-53.6478],"carpPosition":[32.9199,197.878,25.9885],"dipPosition":[-1.61581,148.557,-35.7638],"direction":[-0.207415,-0.631419,-0.747188],"extended":false,"handId":421,"id":4210,"length":55.0002,"mcpPosition":[32.9199,197.878,25.9885],"pipPosition":[5.84746,171.277,-8.87828],"stabilizedTipPosition":[0.609506,136.522,-49.384],"timeVisible":20.6042,"tipPosition":[-0.062861,134.472,-46.3897],"tipVelocity":[8.61625,-14.0543,2.94572],"tool":false,"touchDistance":0.302724,"touchZone":"hovering","type":0,"width":19.9404},{"bases":[[[0.967361,-0.161538,-0.195238],[0.0797277,0.925364,-0.370602],[0.240532,0.34294,0.90804]],[[0.980044,-0.140683,-0.140437],[-0.170315,-0.229975,-0.958178],[0.102502,0.962975,-0.249346]],[[0.980044,-0.140683,-0.140437],[-0.138931,-0.990052,0.0222536],[-0.14217,-0.0022986,-0.98984]],[[0.980044,-0.140683,-0.140437],[-0.00422098,-0.721056,0.692864],[-0.198737,-0.678444,-0.70726]]],"btipPosition":[34.9392,155.995,-5.25621],"carpPosition":[49.2718,216.159,3.73841],"dipPosition":[30.9979,142.54,-19.2825],"direction":[0.14217,0.0022986,0.98984],"extended":false,"handId":421,"id":4212,"length":70.7142,"mcpPosition":[31.9454,191.456,-61.6711],"pipPosition":[26.7313,142.472,-48.9875],"stabilizedTipPosition":[33.2304,156.125,-8.55352],"timeVisible":20.6042,"tipPosition":[36.1017,154.797,-9.01153],"tipVelocity":[12.3098,-12.2482,3.70509],"tool":false,"touchDistance":0.333333,"touchZone":"none","type":2,"width":18.7067},{"bases":[[[0.983433,-0.178606,-0.0309872],[0.156265,0.921918,-0.354469],[0.0918777,0.343754,0.934554]],[[0.976154,-0.198897,-0.0869711],[-0.136162,-0.248971,-0.958892],[0.169067,0.947868,-0.270116]],[[0.976154,-0.198897,-0.0869711],[-0.187887,-0.974779,0.120435],[-0.108732,-0.101222,-0.988904]],[[0.976154,-0.198897,-0.0869711],[-0.0641048,-0.646889,0.759885],[-0.207399,-0.73619,-0.644213]]],"btipPosition":[54.7063,165.239,-5.9316],"carpPosition":[61.352,214.69,0.160506],"dipPosition":[50.6168,150.723,-18.6341],"direction":[0.108732,0.101222,0.988904],"extended":false,"handId":421,"id":4213,"length":67.9936,"mcpPosition":[55.4099,192.458,-60.2811],"pipPosition":[47.438,147.764,-47.5446],"stabilizedTipPosition":[52.7723,165.297,-9.06939],"timeVisible":20.6042,"tipPosition":[52.5853,161.768,-9.21289],"tipVelocity":[8.62094,-6.54502,2.06559],"tool":false,"touchDistance":0.333333,"touchZone":"none","type":3,"width":17.8006},{"bases":[[[0.948028,-0.287475,0.136383],[0.314821,0.909639,-0.271005],[-0.0461518,0.299857,0.952867]],[[0.946452,-0.322374,0.0174125],[-0.0382208,-0.16544,-0.985479],[0.320574,0.932043,-0.168903]],[[0.946452,-0.322374,0.0174125],[-0.322489,-0.946564,0.0041901],[0.0151312,-0.00958107,-0.99984]],[[0.946452,-0.322374,0.0174125],[-0.247991,-0.691421,0.678555],[-0.206709,-0.646538,-0.734343]]],"btipPosition":[68.3275,166.66,-15.4505],"carpPosition":[74.0791,207.433,1.29743],"dipPosition":[64.5674,154.899,-28.8086],"direction":[-0.0151312,0.00958107,0.99984],"extended":false,"handId":421,"id":4214,"length":53.3057,"mcpPosition":[76.8422,189.481,-55.7491],"pipPosition":[64.8797,154.702,-49.4464],"stabilizedTipPosition":[66.6198,166.496,-18.8199],"timeVisible":20.6042,"tipPosition":[66.634,165.432,-18.54],"tipVelocity":[6.74931,-1.76838,0.675217],"tool":false,"touchDistance":0.333333,"touchZone":"none","type":4,"width":15.8119}],"r":[[0.417827,0.85205,0.315327],[-0.114037,0.393515,-0.912218],[-0.901341,0.34519,0.261586]],"s":0.849683,"t":[-4.9039,-10.7621,-199.017],"timestamp":489925815286},{"currentFrameRate":115.105,"devices":[],"gestures":[],"hands":[{"armBasis":[[0.93361,0.0825339,-0.348656],[0.136084,0.818503,0.558153],[0.331443,-0.568543,0.75293]],"armWidth":63.6743,"confidence":1,"direction":[-0.218938,-0.200896,-0.954833],"elbow":[159.555,44.6871,244.581],"grabAngle":3.14159,"grabStrength":0.967287,"id":421,"palmNormal":[0.0336823,-0.979548,0.198372],"palmPosition":[40.7266,192.175,-36.7163],"palmVelocity":[-6.50518,-7.0022,-0.820433],"palmWidth":93.945,"pinchDistance":10.7009,"pinchStrength":1,"r":[[0.415776,0.85309,0.315228],[-0.115156,0.393199,-0.912214],[-0.902147,0.342976,0.261721]],"s":0.850743,"sphereCenter":[53.864,144.556,-43.8589],"sphereRadius":44.4413,"stabilizedPalmPosition":[40.431,193.806,-36.4985],"t":[-4.93929,-10.8396,-199.017],"timeVisible":20.6129,"type":"right","wrist":[67.1594,203.179,34.6876]}],"id":944676,"interactionBox":{"center":[0,200,0],"size":[235.247,235.247,147.751]},"pointables":[{"bases":[[[0.924553,-0.0448411,-0.378405],[-0.0896139,0.939613,-0.330297],[0.370365,0.339288,0.864704]],[[0.96113,-0.00537003,-0.276043],[-0.266826,0.238832,-0.933683],[0.0709418,0.971046,0.228115]],[[0.96113,-0.00537003,-0.276043],[-0.212662,-0.652022,-0.727765],[-0.176078,0.758181,-0.62782]],[[0.96113,-0.00537003,-0.276043],[-0.123154,-0.903174,-0.41123],[-0.247107,0.429242,-0.868729]]],"btipPosition":[15.5238,118.358,-34.7518],"carpPosition":[37.9258,215.237,9.59433],"dipPosition":[11.0682,126.098,-50.4159],"direction":[0.176078,-0.758181,0.62782],"extended":false,"handId":421,"id":4211,"length":62.0616,"mcpPosition":[9.79332,189.465,-56.0876],"pipPosition":[6.57684,145.438,-66.4303],"stabilizedTipPosition":[13.7627,124.323,-34.843],"timeVisible":20.6129,"tipPosition":[16.6969,129.319,-29.0025],"tipVelocity":[23.2684,-22.9057,2.86435],"tool":false,"touchDistance":0.333333,"touchZone":"none","type":1,"width":19.0471},{"bases":[[[0.319552,0.832398,-0.45277],[-0.71442,0.52554,0.461965],[0.622487,0.175846,0.762619]],[[0.119239,0.741999,-0.659711],[-0.842446,0.427236,0.328259],[0.52542,0.51663,0.676038]],[[0.119239,0.741999,-0.659711],[-0.971257,0.225043,0.0775639],[0.206016,0.6315,0.747506]],[[0.119239,0.741999,-0.659711],[-0.979688,-0.0199681,-0.199532],[-0.161226,0.670103,0.724547]]],"btipPosition":[2.3939,131.875,-53.644],"carpPosition":[32.9042,197.774,25.9903],"dipPosition":[-1.58816,148.425,-35.7487],"direction":[-0.206016,-0.6315,-0.747506],"extended":false,"handId":421,"id":4210,"length":55.0002,"mcpPosition":[32.9042,197.774,25.9903],"pipPosition":[5.82475,171.148,-8.85177],"stabilizedTipPosition":[0.708282,136.427,-49.4004],"timeVisible":20.6129,"tipPosition":[0.0826017,134.281,-46.3927],"tipVelocity":[8.22293,-12.853,0.732104],"tool":false,"touchDistance":0.30283,"touchZone":"hovering","type":0,"width":19.9404},{"bases":[[[0.96773,-0.15811,-0.196212],[0.076136,0.925726,-0.370452],[0.24021,0.343558,0.907891]],[[0.980393,-0.137224,-0.141418],[-0.170474,-0.230686,-0.957978],[0.0988343,0.963303,-0.249556]],[[0.980393,-0.137224,-0.141418],[-0.135476,-0.990537,0.0219626],[-0.143094,-0.00237327,-0.989706]],[[0.980393,-0.137224,-0.141418],[-0.00102455,-0.721209,0.692717],[-0.197049,-0.67899,-0.707209]]],"btipPosition":[35.042,155.906,-5.24931],"carpPosition":[49.1706,216.118,3.72892],"dipPosition":[31.1341,142.44,-19.2746],"direction":[0.143094,0.00237327,0.989706],"extended":false,"handId":421,"id":4212,"length":70.7142,"mcpPosition":[31.8674,191.37,-61.6699],"pipPosition":[26.8399,142.369,-48.9756],"stabilizedTipPosition":[33.2901,155.908,-8.5484],"timeVisible":20.6129,"tipPosition":[36.2003,154.711,-9.02272],"tipVelocity":[12.6891,-10.5602,0.818619],"tool":false,"touchDistance":0.333333,"touchZone":"none","type":2,"width":18.7067},{"bases":[[[0.98402,-0.175161,-0.0319814],[0.1527,0.922544,-0.354393],[0.0915801,0.343846,0.93455]],[[0.976758,-0.195464,-0.0879632],[-0.136264,-0.24947,-0.958748],[0.165457,0.948451,-0.270306]],[[0.976758,-0.195464,-0.0879632],[-0.184433,-0.975523,0.119746],[-0.109216,-0.100739,-0.9889]],[[0.976758,-0.195464,-0.0879632],[-0.0611081,-0.647288,0.759792],[-0.20545,-0.736758,-0.644188]]],"btipPosition":[54.7719,165.205,-5.94446],"carpPosition":[61.2524,214.692,0.138982],"dipPosition":[50.7209,150.677,-18.6465],"direction":[0.109216,0.100739,0.9889],"extended":false,"handId":421,"id":4213,"length":67.9936,"mcpPosition":[55.3296,192.454,-60.3023],"pipPosition":[47.528,147.732,-47.5569],"stabilizedTipPosition":[52.8251,165.127,-9.05933],"timeVisible":20.6129,"tipPosition":[52.6633,161.742,-9.23842],"tipVelocity":[8.55271,-4.26334,-1.46406],"tool":false,"touchDistance":0.333333,"touchZone":"none","type":3,"width":17.8006},{"bases":[[[0.949158,-0.284194,0.135396],[0.311379,0.910799,-0.271086],[-0.0462774,0.299463,0.952985]],[[0.947591,-0.319062,0.0164469],[-0.0386455,-0.165571,-0.98544],[0.31714,0.933159,-0.169224]],[[0.947591,-0.319062,0.0164469],[-0.319156,-0.947696,0.00333841],[0.0145215,-0.00841256,-0.999859]],[[0.947591,-0.319062,0.0164469],[-0.244934,-0.692456,0.67861],[-0.20513,-0.647073,-0.734314]]],"btipPosition":[68.3738,166.674,-15.4812],"carpPosition":[74.0059,207.479,1.26182],"dipPosition":[64.6424,154.903,-28.8389],"direction":[-0.0145215,0.00841255,0.999859],"extended":false,"handId":421,"id":4214,"length":53.3057,"mcpPosition":[76.7765,189.551,-55.7918],"pipPosition":[64.9421,154.73,-49.477],"stabilizedTipPosition":[66.6619,166.377,-18.8074],"timeVisible":20.6129,"tipPosition":[66.6895,165.455,-18.5787],"tipVelocity":[6.07636,1.30516,-3.52091],"tool":false,"touchDistance":0.333333,"touchZone":"none","type":4,"width":15.8119}],"r":[[0.415776,0.85309,0.315228],[-0.115156,0.393199,-0.912214],[-0.902147,0.342976,0.261721]],"s":0.850743,"t":[-4.93929,-10.8396,-199.017],"timestamp":489925823995},{"currentFrameRate":115.092,"devices":[],"gestures":[],"hands":[{"armBasis":[[0.933393,0.084852,-0.34868],[0.134247,0.818528,0.55856],[0.3328,-0.568165,0.752617]],"armWidth":63.6743,"confidence":1,"direction":[-0.219121,-0.201516,-0.954661],"elbow":[159.845,44.7775,244.465],"grabAngle":3.14159,"grabStrength":0.969795,"id":421,"palmNormal":[0.0367125,-0.979449,0.198321],"palmPosition":[40.6231,192.091,-36.725],"palmVelocity":[-11.8798,-9.55566,-0.994846],"palmWidth":93.945,"pinchDistance":10.743,"pinchStrength":1,"r":[[0.413683,0.854159,0.315086],[-0.116428,0.39288,-0.91219],[-0.902946,0.340673,0.261976]],"s":0.851484,"sphereCenter":[53.8422,144.52,-43.8703],"sphereRadius":44.4235,"stabilizedPalmPosition":[40.4448,193.684,-36.5147],"t":[-5.00872,-10.92,-199.021],"timeVisible":20.6217,"type":"right","wrist":[67.0709,203.164,34.6595]}],"id":944677,"interactionBox":{"center":[0,200,0],"size":[235.247,235.247,147.751]},"pointables":[{"bases":[[[0.924375,-0.0421239,-0.379153],[-0.0926335,0.939354,-0.330202],[0.370069,0.340353,0.864413]],[[0.961087,-0.00232531,-0.276234],[-0.267863,0.236606,-0.933952],[0.0675304,0.971603,0.226776]],[[0.961087,-0.00232531,-0.276234],[-0.210738,-0.652701,-0.727716],[-0.178606,0.757612,-0.627793]],[[0.961087,-0.00232531,-0.276234],[-0.120493,-0.903354,-0.411622],[-0.24858,0.428889,-0.868483]]],"btipPosition":[15.6585,118.181,-34.68],"carpPosition":[37.7922,215.144,9.58847],"dipPosition":[11.1763,125.914,-50.3396],"direction":[0.178606,-0.757612,0.627793],"extended":false,"handId":421,"id":4211,"length":62.0616,"mcpPosition":[9.68226,189.291,-56.0713],"pipPosition":[6.62045,145.239,-66.3532],"stabilizedTipPosition":[13.8326,123.971,-35.1209],"timeVisible":20.6217,"tipPosition":[16.7741,129.123,-29.0356],"tipVelocity":[14.7604,-20.581,8.37106],"tool":false,"touchDistance":0.333333,"touchZone":"none","type":1,"width":19.0471},{"bases":[[[0.316746,0.83334,-0.453008],[-0.715583,0.523435,0.462555],[0.622586,0.177652,0.76212]],[[0.116999,0.742644,-0.659387],[-0.842579,0.425685,0.329929],[0.525711,0.516984,0.675541]],[[0.116999,0.742644,-0.659387],[-0.971821,0.222417,0.0780635],[0.204632,0.631673,0.74774]],[[0.116999,0.742644,-0.659387],[-0.979574,-0.0230396,-0.199761],[-0.163543,0.66929,0.724779]]],"btipPosition":[2.41678,131.763,-53.6348],"carpPosition":[32.8351,197.667,25.9881],"dipPosition":[-1.62251,148.293,-35.7338],"direction":[-0.204632,-0.631673,-0.74774],"extended":false,"handId":421,"id":4210,"length":55.0002,"mcpPosition":[32.8351,197.667,25.9881],"pipPosition":[5.74062,171.022,-8.82838],"stabilizedTipPosition":[0.79439,136.331,-49.4133],"timeVisible":20.6217,"tipPosition":[0.149326,134.088,-46.3891],"tipVelocity":[1.11601,-13.3781,1.21094],"tool":false,"touchDistance":0.303006,"touchZone":"hovering","type":0,"width":19.9404},{"bases":[[[0.968031,-0.155269,-0.196998],[0.0731239,0.925953,-0.370491],[0.239937,0.344241,0.907705]],[[0.980676,-0.134348,-0.142214],[-0.170616,-0.231613,-0.957729],[0.0957302,0.963486,-0.25006]],[[0.980676,-0.134348,-0.142214],[-0.132546,-0.99093,0.0221116],[-0.143895,-0.00283444,-0.989589]],[[0.980676,-0.134348,-0.142214],[0.00171847,-0.720982,0.692952],[-0.19563,-0.679806,-0.706819]]],"btipPosition":[35.0745,155.818,-5.23648],"carpPosition":[49.0297,216.058,3.71399],"dipPosition":[31.1948,142.336,-19.254],"direction":[0.143895,0.00283444,0.989589],"extended":false,"handId":421,"id":4212,"length":70.7142,"mcpPosition":[31.7461,191.261,-61.6714],"pipPosition":[26.8765,142.251,-48.9515],"stabilizedTipPosition":[33.3458,155.709,-8.54291],"timeVisible":20.6217,"tipPosition":[36.2259,154.611,-9.02779],"tipVelocity":[4.48044,-10.5206,1.6781],"tool":false,"touchDistance":0.333333,"touchZone":"none","type":2,"width":18.7067},{"bases":[[[0.984503,-0.172277,-0.0327813],[0.14971,0.922996,-0.354494],[0.0913281,0.344093,0.934483]],[[0.977255,-0.1926,-0.0887577],[-0.13636,-0.25015,-0.958557],[0.162415,0.948857,-0.270723]],[[0.977255,-0.1926,-0.0887577],[-0.181519,-0.9761,0.119501],[-0.109652,-0.100672,-0.988859]],[[0.977255,-0.1926,-0.0887577],[-0.0585594,-0.647345,0.759945],[-0.203822,-0.737462,-0.643899]]],"btipPosition":[54.7725,165.157,-5.95217],"carpPosition":[61.1127,214.668,0.114251],"dipPosition":[50.7536,150.616,-18.6485],"direction":[0.109652,0.100672,0.988859],"extended":false,"handId":421,"id":4213,"length":67.9936,"mcpPosition":[55.2061,192.414,-60.3228],"pipPosition":[47.5479,147.673,-47.5577],"stabilizedTipPosition":[52.8739,164.969,-9.05041],"timeVisible":20.6217,"tipPosition":[52.6723,161.694,-9.25711],"tipVelocity":[0.920745,-5.78778,-0.734707],"tool":false,"touchDistance":0.333333,"touchZone":"none","type":3,"width":17.8006},{"bases":[[[0.950096,-0.281415,0.134622],[0.30849,0.911714,-0.271316],[-0.0463839,0.299305,0.953029]],[[0.948537,-0.316277,0.0157032],[-0.0390098,-0.165917,-0.985368],[0.314254,0.934045,-0.169716]],[[0.948537,-0.316277,0.0157032],[-0.316357,-0.948636,0.00284926],[0.0139954,-0.00767043,-0.999873]],[[0.948537,-0.316277,0.0157032],[-0.242346,-0.693106,0.678876],[-0.203829,-0.647744,-0.734085]]],"btipPosition":[68.3573,166.66,-15.5046],"carpPosition":[73.8882,207.493,1.22661],"dipPosition":[64.6496,154.878,-28.8581],"direction":[-0.0139954,0.00767043,0.999873],"extended":false,"handId":421,"id":4214,"length":53.3057,"mcpPosition":[76.6651,189.574,-55.8296],"pipPosition":[64.9384,154.719,-49.4965],"stabilizedTipPosition":[66.6939,166.285,-18.7986],"timeVisible":20.6217,"tipPosition":[66.6797,165.447,-18.609],"tipVelocity":[-1.27133,-1.85777,-2.57691],"tool":false,"touchDistance":0.333333,"touchZone":"none","type":4,"width":15.8119}],"r":[[0.413683,0.854159,0.315086],[-0.116428,0.39288,-0.91219],[-0.902946,0.340673,0.261976]],"s":0.851484,"t":[-5.00872,-10.92,-199.021],"timestamp":489925832705},{"currentFrameRate":115.102,"devices":[],"gestures":[],"hands":[{"armBasis":[[0.93314,0.0870512,-0.348815],[0.132512,0.818649,0.558797],[0.334201,-0.567658,0.752379]],"armWidth":63.6743,"confidence":1,"direction":[-0.219421,-0.200851,-0.954732],"elbow":[160.144,44.856,244.372],"grabAngle":3.14159,"grabStrength":0.972747,"id":421,"palmNormal":[0.0393334,-0.979605,0.197044],"palmPosition":[40.5088,192.044,-36.7486],"palmVelocity":[-13.1879,-5.44225,-2.72795],"palmWidth":93.945,"pinchDistance":10.8016,"pinchStrength":1,"r":[[0.411632,0.855136,0.31512],[-0.117795,0.392796,-0.91205],[-0.903705,0.33831,0.262419]],"s":0.852018,"sphereCenter":[53.778,144.53,-43.9568],"sphereRadius":44.4019,"stabilizedPalmPosition":[40.4491,193.572,-36.5307],"t":[-5.10062,-10.9838,-199.035],"timeVisible":20.6303,"type":"right","wrist":[66.9795,203.101,34.6326]}],"id":944678,"interactionBox":{"center":[0,200,0],"size":[235.247,235.247,147.751]},"pointables":[{"bases":[[[0.924157,-0.0393253,-0.379984],[-0.0952651,0.939538,-0.328928],[0.369944,0.34018,0.864534]],[[0.961102,0.000757984,-0.276192],[-0.268602,0.2354,-0.934045],[0.0643075,0.971898,0.226447]],[[0.961102,0.000757984,-0.276192],[-0.208711,-0.652955,-0.728072],[-0.180893,0.757396,-0.627399]],[[0.961102,0.000757984,-0.276192],[-0.117862,-0.903246,-0.41262],[-0.249782,0.429123,-0.868022]]],"btipPosition":[15.761,118.068,-34.6846],"carpPosition":[37.6592,215.031,9.59649],"dipPosition":[11.2572,125.806,-50.3359],"direction":[0.180893,-0.757396,0.627399],"extended":false,"handId":421,"id":4211,"length":62.0616,"mcpPosition":[9.55869,189.191,-56.0725],"pipPosition":[6.64301,145.125,-66.3395],"stabilizedTipPosition":[13.908,123.622,-35.3882],"timeVisible":20.6303,"tipPosition":[16.8106,128.948,-29.178],"tipVelocity":[11.2497,-12.8319,-0.311828],"tool":false,"touchDistance":0.333333,"touchZone":"none","type":1,"width":19.0471},{"bases":[[[0.314275,0.834706,-0.452213],[-0.716501,0.521052,0.463823],[0.622782,0.178243,0.761821]],[[0.115005,0.74403,-0.658175],[-0.842397,0.424183,0.33232],[0.526442,0.516225,0.675551]],[[0.115005,0.74403,-0.658175],[-0.972248,0.220197,0.0790356],[0.203733,0.63082,0.748705]],[[0.115005,0.74403,-0.658175],[-0.979508,-0.0253434,-0.199803],[-0.165339,0.667666,0.725869]]],"btipPosition":[2.38046,131.726,-53.7071],"carpPosition":[32.7597,197.52,25.978],"dipPosition":[-1.7032,148.217,-35.7791],"direction":[-0.203733,-0.630819,-0.748705],"extended":false,"handId":421,"id":4210,"length":55.0002,"mcpPosition":[32.7597,197.52,25.978],"pipPosition":[5.62757,170.915,-8.83902],"stabilizedTipPosition":[0.852552,136.258,-49.4286],"timeVisible":20.6303,"tipPosition":[0.181012,133.963,-46.4742],"tipVelocity":[-5.36516,-5.27326,-7.62245],"tool":false,"touchDistance":0.301904,"touchZone":"hovering","type":0,"width":19.9404},{"bases":[[[0.96825,-0.152592,-0.19801],[0.0704913,0.926604,-0.369373],[0.23984,0.343687,0.90794]],[[0.980889,-0.131709,-0.14321],[-0.170911,-0.231514,-0.957701],[0.0929827,0.963875,-0.2496]],[[0.980889,-0.131709,-0.14321],[-0.12997,-0.991285,0.021469],[-0.144789,-0.00244572,-0.989459]],[[0.980889,-0.131709,-0.14321],[0.00427946,-0.721261,0.69265],[-0.19452,-0.680026,-0.706914]]],"btipPosition":[35.0858,155.753,-5.27909],"carpPosition":[48.8894,215.981,3.71372],"dipPosition":[31.2281,142.267,-19.2985],"direction":[0.144789,0.00244572,0.98946],"extended":false,"handId":421,"id":4212,"length":70.7142,"mcpPosition":[31.6128,191.223,-61.6886],"pipPosition":[26.883,142.194,-48.9921],"stabilizedTipPosition":[33.3922,155.543,-8.54077],"timeVisible":20.6303,"tipPosition":[36.2231,154.513,-9.0938],"tipVelocity":[1.88213,-7.58716,-4.96401],"tool":false,"touchDistance":0.333333,"touchZone":"none","type":2,"width":18.7067},{"bases":[[[0.984903,-0.169767,-0.0338284],[0.147098,0.923818,-0.353445],[0.0912545,0.343133,0.934844]],[[0.977659,-0.190037,-0.0898245],[-0.136634,-0.249822,-0.958603],[0.15973,0.94946,-0.270206]],[[0.977659,-0.190037,-0.0898245],[-0.178974,-0.976704,0.118395],[-0.110231,-0.0996738,-0.988895]],[[0.977659,-0.190037,-0.0898245],[-0.0561901,-0.648069,0.759506],[-0.202547,-0.737491,-0.644269]]],"btipPosition":[54.7558,165.12,-6.00368],"carpPosition":[60.9728,214.625,0.102057],"dipPosition":[50.762,150.578,-18.7073],"direction":[0.110231,0.0996738,0.988895],"extended":false,"handId":421,"id":4213,"length":67.9936,"mcpPosition":[55.071,192.433,-60.3583],"pipPosition":[47.5394,147.664,-47.6175],"stabilizedTipPosition":[52.9095,164.851,-9.0458],"timeVisible":20.6303,"tipPosition":[52.659,161.642,-9.32899],"tipVelocity":[-1.26424,-4.36164,-6.13222],"tool":false,"touchDistance":0.333333,"touchZone":"none","type":3,"width":17.8006},{"bases":[[[0.950911,-0.279204,0.133464],[0.305976,0.912828,-0.270414],[-0.0463291,0.297977,0.953448]],[[0.949343,-0.313904,0.0145556],[-0.0395161,-0.165205,-0.985467],[0.311747,0.934972,-0.16924]],[[0.949343,-0.313904,0.0145556],[-0.313959,-0.949435,0.0016195],[0.0133112,-0.00610731,-0.999893]],[[0.949343,-0.313904,0.0145556],[-0.239947,-0.694208,0.678603],[-0.202911,-0.647719,-0.734361]]],"btipPosition":[68.324,166.661,-15.5741],"carpPosition":[73.7671,207.481,1.19454],"dipPosition":[64.6329,154.878,-28.9326],"direction":[-0.0133112,0.00610731,0.999893],"extended":false,"handId":421,"id":4214,"length":53.3057,"mcpPosition":[76.5408,189.641,-55.8868],"pipPosition":[64.9077,154.752,-49.5715],"stabilizedTipPosition":[66.7153,166.221,-18.7944],"timeVisible":20.6303,"tipPosition":[66.6479,165.441,-18.6884],"tipVelocity":[-3.39741,0.0276267,-8.14386],"tool":false,"touchDistance":0.333333,"touchZone":"none","type":4,"width":15.8119}],"r":[[0.411632,0.855136,0.31512],[-0.117795,0.392796,-0.91205],[-0.903705,0.33831,0.262419]],"s":0.852018,"t":[-5.10062,-10.9838,-199.035],"timestamp":489925841377},{"currentFrameRate":115.122,"devices":[],"gestures":[],"hands":[{"armBasis":[[0.932698,0.0878983,-0.349782],[0.132181,0.819052,0.558285],[0.335562,-0.566946,0.75231]],"armWidth":63.6743,"confidence":1,"direction":[-0.219757,-0.200911,-0.954642],"elbow":[160.408,44.9565,244.321],"grabAngle":3.14159,"grabStrength":0.976801,"id":421,"palmNormal":[0.0400053,-0.979596,0.196953],"palmPosition":[40.358,191.928,-36.7681],"palmVelocity":[-17.4253,-13.3753,-2.24442],"palmWidth":93.945,"pinchDistance":10.8233,"pinchStrength":1,"r":[[0.409919,0.855958,0.315122],[-0.119023,0.392725,-0.911921],[-0.904323,0.336307,0.262864]],"s":0.852281,"sphereCenter":[53.5867,144.446,-43.9757],"sphereRadius":44.3697,"stabilizedPalmPosition":[40.4432,193.464,-36.5462],"t":[-5.22194,-11.0735,-199.051],"timeVisible":20.639,"type":"right","wrist":[66.8636,203.003,34.6006]}],"id":944679,"interactionBox":{"center":[0,200,0],"size":[235.247,235.247,147.751]},"pointables":[{"bases":[[[0.923999,-0.0387521,-0.380427],[-0.0959762,0.939505,-0.328814],[0.370155,0.340336,0.864382]],[[0.961265,0.00173632,-0.275619],[-0.268426,0.232946,-0.934711],[0.0625814,0.972488,0.224389]],[[0.961265,0.00173632,-0.275619],[-0.207339,-0.654308,-0.727249],[-0.181602,0.756226,-0.628604]],[[0.961265,0.00173632,-0.275619],[-0.116271,-0.904094,-0.411211],[-0.249899,0.427329,-0.868873]]],"btipPosition":[15.7012,117.971,-34.5501],"carpPosition":[37.517,214.91,9.5801],"dipPosition":[11.1953,125.676,-50.2168],"direction":[0.181602,-0.756226,0.628604],"extended":false,"handId":421,"id":4211,"length":62.0616,"mcpPosition":[9.40043,189.059,-56.0774],"pipPosition":[6.56301,144.966,-66.2511],"stabilizedTipPosition":[13.9612,123.349,-35.5827],"timeVisible":20.639,"tipPosition":[16.6801,128.726,-29.2815],"tipVelocity":[-6.96681,-12.0863,15.1371],"tool":false,"touchDistance":0.333333,"touchZone":"none","type":1,"width":19.0471},{"bases":[[[0.313567,0.834925,-0.452302],[-0.716587,0.520595,0.464202],[0.62304,0.178555,0.761538]],[[0.114588,0.744349,-0.657886],[-0.841637,0.424558,0.333763],[0.527747,0.515456,0.675121]],[[0.114588,0.744349,-0.657886],[-0.97237,0.219625,0.0791259],[0.203385,0.630642,0.748949]],[[0.114588,0.744349,-0.657886],[-0.979347,-0.0264078,-0.200457],[-0.166583,0.667268,0.72595]]],"btipPosition":[2.23232,131.657,-53.711],"carpPosition":[32.6356,197.396,25.9627],"dipPosition":[-1.88206,148.138,-35.7811],"direction":[-0.203385,-0.630642,-0.748949],"extended":false,"handId":421,"id":4210,"length":55.0002,"mcpPosition":[32.6356,197.396,25.9627],"pipPosition":[5.43621,170.83,-8.83215],"stabilizedTipPosition":[0.891044,136.186,-49.4427],"timeVisible":20.639,"tipPosition":[0.0659191,133.832,-46.4939],"tipVelocity":[-17.9412,-8.23605,-0.398939],"tool":false,"touchDistance":0.301847,"touchZone":"hovering","type":0,"width":19.9404},{"bases":[[[0.968245,-0.152006,-0.198482],[0.0697685,0.926672,-0.369339],[0.24007,0.343763,0.907851]],[[0.980899,-0.131119,-0.143686],[-0.171304,-0.232313,-0.957437],[0.0921584,0.963763,-0.250337]],[[0.980899,-0.131119,-0.143686],[-0.129282,-0.991362,0.0220913],[-0.145342,-0.00309329,-0.989377]],[[0.980899,-0.131119,-0.143686],[0.00523011,-0.720626,0.693304],[-0.19445,-0.680812,-0.706176]]],"btipPosition":[34.9808,155.675,-5.27397],"carpPosition":[48.7438,215.867,3.69206],"dipPosition":[31.1245,142.173,-19.2787],"direction":[0.145342,0.00309329,0.989377],"extended":false,"handId":421,"id":4212,"length":70.7142,"mcpPosition":[31.4507,191.104,-61.7039],"pipPosition":[26.7628,142.08,-48.9699],"stabilizedTipPosition":[33.4291,155.386,-8.53837],"timeVisible":20.639,"tipPosition":[36.1011,154.386,-9.11191],"tipVelocity":[-12.102,-9.47945,0.98098],"tool":false,"touchDistance":0.333333,"touchZone":"none","type":2,"width":18.7067},{"bases":[[[0.984987,-0.169183,-0.03431],[0.146384,0.92393,-0.353447],[0.0914973,0.343118,0.934825]],[[0.977728,-0.189453,-0.0903041],[-0.137049,-0.250467,-0.958376],[0.158949,0.949407,-0.270853]],[[0.977728,-0.189453,-0.0903041],[-0.178315,-0.976795,0.118641],[-0.110686,-0.099896,-0.988822]],[[0.977728,-0.189453,-0.0903041],[-0.055312,-0.64767,0.759911],[-0.202455,-0.737992,-0.643724]]],"btipPosition":[54.6418,165.033,-6.01236],"carpPosition":[60.8263,214.519,0.0745435],"dipPosition":[50.6499,150.482,-18.7052],"direction":[0.110685,0.099896,0.988822],"extended":false,"handId":421,"id":4213,"length":67.9936,"mcpPosition":[54.9088,192.328,-60.3846],"pipPosition":[47.414,147.561,-47.6133],"stabilizedTipPosition":[52.9394,164.735,-9.04161],"timeVisible":20.639,"tipPosition":[52.5417,161.532,-9.35555],"tipVelocity":[-13.124,-10.2621,-0.718051],"tool":false,"touchDistance":0.333333,"touchZone":"none","type":3,"width":17.8006},{"bases":[[[0.951139,-0.278653,0.132991],[0.305308,0.913028,-0.270493],[-0.0460508,0.29788,0.953492]],[[0.94954,-0.313328,0.0141426],[-0.0399945,-0.16568,-0.985368],[0.311086,0.935081,-0.169851]],[[0.94954,-0.313328,0.0141426],[-0.31338,-0.949627,0.0015543],[0.0129432,-0.00590787,-0.999899]],[[0.94954,-0.313328,0.0141426],[-0.239117,-0.693992,0.679115],[-0.202971,-0.648229,-0.733895]]],"btipPosition":[68.1989,166.569,-15.5964],"carpPosition":[73.6253,207.382,1.16041],"dipPosition":[64.5067,154.777,-28.9464],"direction":[-0.0129432,0.00590787,0.999899],"extended":false,"handId":421,"id":4214,"length":53.3057,"mcpPosition":[76.3823,189.548,-55.9235],"pipPosition":[64.7739,154.655,-49.5854],"stabilizedTipPosition":[66.7334,166.153,-18.7908],"timeVisible":20.639,"tipPosition":[66.5223,165.337,-18.7222],"tipVelocity":[-14.4938,-10.8777,-2.35422],"tool":false,"touchDistance":0.333333,"touchZone":"none","type":4,"width":15.8119}],"r":[[0.409919,0.855958,0.315122],[-0.119023,0.392725,-0.911921],[-0.904323,0.336307,0.262864]],"s":0.852281,"t":[-5.22194,-11.0735,-199.051],"timestamp":489925850028},{"currentFrameRate":115.12,"devices":[],"gestures":[],"hands":[{"armBasis":[[0.932391,0.0893793,-0.350227],[0.131052,0.81942,0.558012],[0.336858,-0.566183,0.752306]],"armWidth":63.6743,"confidence":1,"direction":[-0.21958,-0.201113,-0.95464],"elbow":[160.595,45.1277,244.291],"grabAngle":3.14159,"grabStrength":0.9816,"id":421,"palmNormal":[0.0413477,-0.979561,0.196852],"palmPosition":[40.187,191.853,-36.7941],"palmVelocity":[-19.6844,-8.66424,-2.99751],"palmWidth":93.945,"pinchDistance":10.8457,"pinchStrength":1,"r":[[0.408321,0.856718,0.315133],[-0.120128,0.392652,-0.911808],[-0.904899,0.334454,0.263244]],"s":0.852262,"sphereCenter":[53.4038,144.419,-43.9979],"sphereRadius":44.3311,"stabilizedPalmPosition":[40.4269,193.362,-36.5619],"t":[-5.36814,-11.1561,-199.073],"timeVisible":20.6477,"type":"right","wrist":[66.6896,202.962,34.5724]}],"id":944680,"interactionBox":{"center":[0,200,0],"size":[235.247,235.247,147.751]},"pointables":[{"bases":[[[0.924013,-0.0374665,-0.380522],[-0.0972774,0.939407,-0.328711],[0.369781,0.34075,0.86438]],[[0.961511,0.003429,-0.274746],[-0.268147,0.229877,-0.93555],[0.0599498,0.973214,0.221949]],[[0.961511,0.003429,-0.274746],[-0.205004,-0.656827,-0.725639],[-0.182949,0.754034,-0.630843]],[[0.961511,0.003429,-0.274746],[-0.113311,-0.905989,-0.407853],[-0.250315,0.423287,-0.87073]]],"btipPosition":[15.6933,117.952,-34.3721],"carpPosition":[37.3195,214.826,9.55661],"dipPosition":[11.1799,125.584,-50.0723],"direction":[0.182949,-0.754034,0.630843],"extended":false,"handId":421,"id":4211,"length":62.0616,"mcpPosition":[9.23135,188.943,-56.1006],"pipPosition":[6.51325,144.818,-66.1637],"stabilizedTipPosition":[13.9954,123.17,-35.701],"timeVisible":20.6477,"tipPosition":[16.5667,128.487,-29.4386],"tipVelocity":[-1.11062,-4.1471,19.5901],"tool":false,"touchDistance":0.333333,"touchZone":"none","type":1,"width":19.0471},{"bases":[[[0.312394,0.835392,-0.45225],[-0.717244,0.51958,0.464324],[0.622873,0.179321,0.761494]],[[0.113836,0.744763,-0.657548],[-0.841285,0.424318,0.334952],[0.52847,0.515056,0.674861]],[[0.113836,0.744763,-0.657548],[-0.972637,0.218467,0.0790583],[0.202532,0.630556,0.749253]],[[0.113836,0.744763,-0.657548],[-0.979157,-0.0279493,-0.20117],[-0.168202,0.666744,0.726058]]],"btipPosition":[2.09352,131.602,-53.736],"carpPosition":[32.4634,197.304,25.9379],"dipPosition":[-2.06084,148.069,-35.8033],"direction":[-0.202532,-0.630556,-0.749253],"extended":false,"handId":421,"id":4210,"length":55.0002,"mcpPosition":[32.4634,197.304,25.9379],"pipPosition":[5.22673,170.758,-8.8435],"stabilizedTipPosition":[0.912582,136.117,-49.4574],"timeVisible":20.6477,"tipPosition":[-0.0209765,133.713,-46.5393],"tipVelocity":[-17.0284,-6.70654,-2.79995],"tool":false,"touchDistance":0.301441,"touchZone":"hovering","type":0,"width":19.9404},{"bases":[[[0.96843,-0.150679,-0.198592],[0.0684805,0.926802,-0.369254],[0.239695,0.343997,0.907862]],[[0.981061,-0.12978,-0.143796],[-0.171169,-0.233349,-0.957209],[0.0906723,0.963694,-0.251144]],[[0.981061,-0.12978,-0.143796],[-0.127808,-0.991534,0.0229109],[-0.145552,-0.00409871,-0.989342]],[[0.981061,-0.12978,-0.143796],[0.00650823,-0.719855,0.694094],[-0.193592,-0.681884,-0.705377]]],"btipPosition":[34.8733,155.645,-5.27503],"carpPosition":[48.5443,215.799,3.66756],"dipPosition":[31.034,142.122,-19.264],"direction":[0.145552,0.00409871,0.989342],"extended":false,"handId":421,"id":4212,"length":70.7142,"mcpPosition":[31.2782,191.019,-61.7291],"pipPosition":[26.666,141.999,-48.954],"stabilizedTipPosition":[33.4579,155.24,-8.53601],"timeVisible":20.6477,"tipPosition":[35.9752,154.295,-9.1386],"tipVelocity":[-11.9209,-4.00454,0.297386],"tool":false,"touchDistance":0.333333,"touchZone":"none","type":2,"width":18.7067},{"bases":[[[0.985211,-0.167849,-0.0344238],[0.145101,0.924162,-0.35337],[0.0911261,0.343149,0.93485]],[[0.977974,-0.188124,-0.0904193],[-0.136923,-0.251266,-0.958184],[0.157538,0.94946,-0.27149]],[[0.977974,-0.188124,-0.0904193],[-0.176954,-0.97702,0.118827],[-0.110696,-0.10021,-0.988789]],[[0.977974,-0.188124,-0.0904193],[-0.0542163,-0.647284,0.760319],[-0.201561,-0.73867,-0.643226]]],"btipPosition":[54.5171,165,-6.02055],"carpPosition":[60.6283,214.467,0.048714],"dipPosition":[50.5427,150.435,-18.7036],"direction":[0.110696,0.10021,0.988789],"extended":false,"handId":421,"id":4213,"length":67.9936,"mcpPosition":[54.7348,192.274,-60.412],"pipPosition":[47.3066,147.505,-47.6108],"stabilizedTipPosition":[52.9635,164.622,-9.03783],"timeVisible":20.6477,"tipPosition":[52.4171,161.471,-9.38478],"tipVelocity":[-13.8876,-4.18348,-0.682942],"tool":false,"touchDistance":0.333333,"touchZone":"none","type":3,"width":17.8006},{"bases":[[[0.951528,-0.277381,0.13287],[0.304048,0.913466,-0.270433],[-0.0463589,0.297723,0.953526]],[[0.949968,-0.312028,0.0140845],[-0.0399811,-0.166196,-0.985282],[0.309777,0.935423,-0.170356]],[[0.949968,-0.312028,0.0140845],[-0.312079,-0.950055,0.00147307],[0.0129214,-0.00579483,-0.9999]],[[0.949968,-0.312028,0.0140845],[-0.238003,-0.693924,0.679576],[-0.202273,-0.648928,-0.73347]]],"btipPosition":[68.0657,166.541,-15.6151],"carpPosition":[73.4371,207.348,1.13261],"dipPosition":[64.3863,154.737,-28.9574],"direction":[-0.0129214,0.00579483,0.9999],"extended":false,"handId":421,"id":4214,"length":53.3057,"mcpPosition":[76.2125,189.524,-55.9534],"pipPosition":[64.653,154.617,-49.5964],"stabilizedTipPosition":[66.7476,166.085,-18.7877],"timeVisible":20.6477,"tipPosition":[66.3899,165.294,-18.7534],"tipVelocity":[-14.9849,-3.46127,-1.9458],"tool":false,"touchDistance":0.333333,"touchZone":"none","type":4,"width":15.8119}],"r":[[0.408321,0.856718,0.315133],[-0.120128,0.392652,-0.911808],[-0.904899,0.334454,0.263244]],"s":0.852262,"t":[-5.36814,-11.1561,-199.073],"timestamp":489925858719},{"currentFrameRate":115.13,"devices":[],"gestures":[],"hands":[{"armBasis":[[0.932028,0.0909253,-0.350794],[0.129785,0.820049,0.557382],[0.338349,-0.565023,0.752508]],"armWidth":63.6743,"confidence":1,"direction":[-0.219373,-0.200365,-0.954845],"elbow":[160.786,45.2956,244.314],"grabAngle":3.14159,"grabStrength":0.989615,"id":421,"palmNormal":[0.0424819,-0.979718,0.195825],"palmPosition":[39.966,191.721,-36.8413],"palmVelocity":[-25.4918,-15.1935,-5.44418],"palmWidth":93.945,"pinchDistance":10.8412,"pinchStrength":1,"r":[[0.406846,0.85735,0.31532],[-0.121108,0.392755,-0.911634],[-0.905433,0.332707,0.263623]],"s":0.851938,"sphereCenter":[53.1414,144.36,-44.0811],"sphereRadius":44.274,"stabilizedPalmPosition":[40.3989,193.262,-36.5789],"t":[-5.55172,-11.2632,-199.107],"timeVisible":20.6563,"type":"right","wrist":[66.4651,202.806,34.5382]}],"id":944681,"interactionBox":{"center":[0,200,0],"size":[235.247,235.247,147.751]},"pointables":[{"bases":[[[0.924045,-0.0360027,-0.380584],[-0.0983688,0.939638,-0.327724],[0.369411,0.34027,0.864727]],[[0.961876,0.00532881,-0.273435],[-0.26753,0.225873,-0.936701],[0.05677,0.974142,0.218687]],[[0.961876,0.00532881,-0.273435],[-0.201986,-0.660219,-0.723403],[-0.184382,0.751054,-0.633972]],[[0.961876,0.00532881,-0.273435],[-0.109647,-0.908424,-0.403415],[-0.250545,0.418016,-0.873207]]],"btipPosition":[15.6601,117.934,-34.1492],"carpPosition":[37.0732,214.643,9.53354],"dipPosition":[11.1425,125.471,-49.894],"direction":[0.184382,-0.751054,0.633972],"extended":false,"handId":421,"id":4211,"length":62.0616,"mcpPosition":[9.01325,188.796,-56.1501],"pipPosition":[6.43931,144.629,-66.0653],"stabilizedTipPosition":[14.0171,123.049,-35.7726],"timeVisible":20.6563,"tipPosition":[16.3757,128.113,-29.7493],"tipVelocity":[-3.94262,-4.62304,24.5346],"tool":false,"touchDistance":0.333333,"touchZone":"none","type":1,"width":19.0471},{"bases":[[[0.311419,0.836225,-0.451382],[-0.71783,0.518267,0.464887],[0.622686,0.179241,0.761666]],[[0.11327,0.745771,-0.656503],[-0.840807,0.423987,0.336569],[0.529352,0.513869,0.675074]],[[0.11327,0.745771,-0.656503],[-0.972879,0.217378,0.0790796],[0.201684,0.62974,0.750167]],[[0.11327,0.745771,-0.656503],[-0.978932,-0.0292145,-0.202087],[-0.16989,0.665562,0.726749]]],"btipPosition":[1.89468,131.515,-53.8383],"carpPosition":[32.2378,197.097,25.8966],"dipPosition":[-2.30137,147.954,-35.8885],"direction":[-0.201684,-0.62974,-0.750167],"extended":false,"handId":421,"id":4210,"length":55.0002,"mcpPosition":[32.2378,197.097,25.8966],"pipPosition":[4.95569,170.613,-8.89582],"stabilizedTipPosition":[0.913964,136.05,-49.4779],"timeVisible":20.6563,"tipPosition":[-0.168754,133.555,-46.6642],"tipVelocity":[-24.0451,-10.7674,-11.3472],"tool":false,"touchDistance":0.299802,"touchZone":"hovering","type":0,"width":19.9404},{"bases":[[[0.968598,-0.149354,-0.198775],[0.0674024,0.927267,-0.368284],[0.239322,0.343321,0.908215]],[[0.981206,-0.128499,-0.143957],[-0.171078,-0.234191,-0.95702],[0.0892625,0.963661,-0.251772]],[[0.981206,-0.128499,-0.143957],[-0.126402,-0.991697,0.0236588],[-0.145802,-0.00501778,-0.989301]],[[0.981206,-0.128499,-0.143957],[0.0077803,-0.719074,0.69489],[-0.192808,-0.68295,-0.70456]]],"btipPosition":[34.7163,155.579,-5.30832],"carpPosition":[48.2969,215.634,3.64522],"dipPosition":[30.8925,142.035,-19.281],"direction":[0.145802,0.00501778,0.989301],"extended":false,"handId":421,"id":4212,"length":70.7142,"mcpPosition":[31.0576,190.904,-61.777],"pipPosition":[26.517,141.885,-48.9699],"stabilizedTipPosition":[33.4765,155.103,-8.53533],"timeVisible":20.6563,"tipPosition":[35.7832,154.117,-9.21965],"tipVelocity":[-17.7007,-8.11426,-3.41078],"tool":false,"touchDistance":0.333333,"touchZone":"none","type":2,"width":18.7067},{"bases":[[[0.985403,-0.166677,-0.0346247],[0.144027,0.924698,-0.352405],[0.0907554,0.342274,0.935207]],[[0.978188,-0.186902,-0.0906411],[-0.136873,-0.251719,-0.958073],[0.156249,0.949582,-0.271811]],[[0.978188,-0.186902,-0.0906411],[-0.17572,-0.977252,0.118745],[-0.110773,-0.100227,-0.988779]],[[0.978188,-0.186902,-0.0906411],[-0.0531573,-0.647065,0.760579],[-0.200804,-0.739171,-0.642887]]],"btipPosition":[54.3431,164.915,-6.05953],"carpPosition":[60.3822,214.32,0.0246817],"dipPosition":[50.3837,150.34,-18.7359],"direction":[0.110773,0.100227,0.988779],"extended":false,"handId":421,"id":4213,"length":67.9936,"mcpPosition":[54.5127,192.184,-60.4591],"pipPosition":[47.1453,147.409,-47.6427],"stabilizedTipPosition":[52.9802,164.513,-9.0356],"timeVisible":20.6563,"tipPosition":[52.2377,161.325,-9.46178],"tipVelocity":[-19.675,-10.1261,-4.31944],"tool":false,"touchDistance":0.333333,"touchZone":"none","type":3,"width":17.8006},{"bases":[[[0.951851,-0.276423,0.132555],[0.302988,0.914099,-0.269483],[-0.0466767,0.29667,0.953839]],[[0.950336,-0.310916,0.0138496],[-0.0400119,-0.166188,-0.985282],[0.308642,0.935795,-0.170375]],[[0.950336,-0.310916,0.0138496],[-0.310958,-0.950423,0.000904428],[0.0128817,-0.00516614,-0.999904]],[[0.950336,-0.310916,0.0138496],[-0.237002,-0.694136,0.67971],[-0.20172,-0.649236,-0.73335]]],"btipPosition":[67.88,166.45,-15.6671],"carpPosition":[73.1993,207.215,1.10079],"dipPosition":[64.2106,154.64,-29.0072],"direction":[-0.0128817,0.00516614,0.999904],"extended":false,"handId":421,"id":4214,"length":53.3057,"mcpPosition":[75.9937,189.453,-56.0039],"