{"frames":573,"data":[{"currentFrameRate":115.213,"devices":[],"gestures":[],"hands":[{"armBasis":[[-0.765498,-0.640406,0.0623992],[0.524536,-0.677265,-0.515921],[0.37266,-0.362206,0.85436]],"armWidth":54.251,"confidence":1,"direction":[-0.0616654,0.241554,-0.968426],"elbow":[102.435,73.8452,242.672],"grabAngle":3.14159,"grabStrength":1,"id":35,"palmNormal":[-0.570193,0.787831,0.232816],"palmPosition":[12.5156,181.12,-15.5081],"palmVelocity":[5.4922,5.98512,5.25288],"palmWidth":77.9717,"pinchDistance":64.151,"pinchStrength":0,"r":[[0.412654,-0.840777,-0.350443],[0.82295,0.509043,-0.252247],[0.390475,-0.184306,0.901976]],"s":1.32907,"sphereCenter":[13.8748,224.056,-20.6823],"sphereRadius":41.5867,"stabilizedPalmPosition":[3.93985,185.722,-13.3998],"t":[-94.8861,56.7585,24.7231],"timeVisible":8.97524,"type":"right","wrist":[16.2124,157.649,44.9985]}],"id":76941,"interactionBox":{"center":[0,200,0],"size":[235.247,235.247,147.751]},"pointables":[{"bases":[[[0.168322,-0.885499,-0.433082],[0.938346,0.00935412,0.345572],[-0.301952,-0.464548,0.832478]],[[0.258184,-0.683713,-0.682552],[0.882319,-0.120904,0.454858],[-0.393516,-0.719666,0.572038]],[[0.258184,-0.683713,-0.682552],[0.799734,-0.245111,0.548038],[-0.542002,-0.687355,0.483505]],[[0.258184,-0.683713,-0.682552],[0.853984,-0.168828,0.492147],[-0.451721,-0.709953,0.540291]]],"btipPosition":[68.54,248.532,-14.165],"carpPosition":[27.045,183.749,35.033],"dipPosition":[59.5655,234.428,-3.43082],"direction":[0.542002,0.687355,-0.483505],"extended":true,"handId":35,"id":350,"length":44.2416,"mcpPosition":[27.045,183.749,35.033],"pipPosition":[43.8779,214.533,10.5636],"stabilizedTipPosition":[56.3057,248.568,-14.8939],"timeVisible":8.97524,"tipPosition":[64.1738,245.465,-13.1208],"tipVelocity":[22.1855,-2.62211,14.9324],"tool":false,"touchDistance":0.311556,"touchZone":"hovering","type":0,"width":17.1916},{"bases":[[[-0.817918,-0.517946,-0.250485],[0.57527,-0.72968,-0.369637],[0.00867767,-0.446429,0.894777]],[[-0.815229,-0.548387,-0.186209],[0.354305,-0.217919,-0.909384],[0.458116,-0.807331,0.37195]],[[-0.815229,-0.548387,-0.186209],[-0.19678,0.564689,-0.801501],[0.544683,-0.616765,-0.568262]],[[-0.815229,-0.548387,-0.186209],[-0.437912,0.794107,-0.421458],[0.378992,-0.262042,-0.887524]]],"btipPosition":[-3.55596,242.891,-23.8072],"carpPosition":[30.3718,168.847,21.6358],"dipPosition":[1.94094,239.091,-36.6799],"direction":[-0.544683,0.616765,0.568262],"extended":false,"handId":35,"id":351,"length":49.9218,"mcpPosition":[29.8247,196.992,-34.7743],"pipPosition":[13.1169,226.436,-48.3396],"stabilizedTipPosition":[-7.84439,237.943,-9.90419],"timeVisible":8.97524,"tipPosition":[-2.48627,243.693,-30.3787],"tipVelocity":[9.26618,5.74929,-6.13722],"tool":false,"touchDistance":0.333333,"touchZone":"none","type":1,"width":16.4215},{"bases":[[[-0.89523,-0.441466,-0.060586],[0.42876,-0.816364,-0.386928],[0.121355,-0.372367,0.920117]],[[-0.886342,-0.463,-0.00530304],[-0.0696948,0.144725,-0.987014],[0.457755,-0.874463,-0.160545]],[[-0.886342,-0.463,-0.00530304],[-0.462995,0.886358,-0.00213243],[0.00568771,0.000565219,-0.999984]],[[-0.886342,-0.463,-0.00530304],[-0.355834,0.673773,0.64762],[-0.296275,0.5759,-0.761945]]],"btipPosition":[1.27267,211.444,5.88348],"carpPosition":[22.6691,162.602,18.0303],"dipPosition":[-3.45367,220.631,-6.27149],"direction":[-0.00568771,-0.000565219,0.999984],"extended":false,"handId":35,"id":352,"length":56.8818,"mcpPosition":[15.4138,184.864,-36.9798],"pipPosition":[-3.31638,220.645,-30.4108],"stabilizedTipPosition":[-6.57943,217.994,5.889],"timeVisible":8.97524,"tipPosition":[0.415624,212.533,3.26704],"tipVelocity":[5.15706,2.74679,4.2467],"tool":false,"touchDistance":0.333333,"touchZone":"none","type":2,"width":16.1281},{"bases":[[[-0.897372,-0.428645,0.104819],[0.367355,-0.857273,-0.36074],[0.244488,-0.285212,0.926758]],[[-0.881097,-0.444976,0.160203],[-0.218695,0.0830009,-0.972257],[0.419334,-0.891688,-0.170446]],[[-0.881097,-0.444976,0.160203],[-0.442897,0.895151,0.0504727],[-0.165865,-0.0264819,-0.985793]],[[-0.881097,-0.444976,0.160203],[-0.220948,0.686798,0.692453],[-0.418152,0.574721,-0.703452]]],"btipPosition":[-4.95918,198.246,7.50816],"carpPosition":[13.5364,157.609,16.4503],"dipPosition":[-11.5914,207.362,-3.6492],"direction":[0.165865,0.0264819,0.985793],"extended":false,"handId":35,"id":353,"length":54.6934,"mcpPosition":[0.412796,172.919,-33.2961],"pipPosition":[-15.4919,206.739,-26.8314],"stabilizedTipPosition":[-13.5444,204.406,8.02789],"timeVisible":8.97524,"tipPosition":[-6.80727,199.322,5.13832],"tipVelocity":[4.28192,3.79164,2.8668],"tool":false,"touchDistance":0.333333,"touchZone":"none","type":3,"width":15.3469},{"bases":[[[-0.911323,-0.311196,0.269531],[0.243456,-0.935314,-0.256742],[0.331993,-0.168356,0.928136]],[[-0.910963,-0.311379,0.270537],[-0.28627,0.00504213,-0.958136],[0.296979,-0.950273,-0.0937315]],[[-0.910963,-0.311379,0.270537],[-0.337117,0.939953,-0.0533018],[-0.237695,-0.139759,-0.961233]],[[-0.910963,-0.311379,0.270537],[-0.101244,0.804588,0.585139],[-0.399871,0.50565,-0.764475]]],"btipPosition":[-13.9472,188.212,2.81617],"carpPosition":[1.66585,156.401,18.975],"dipPosition":[-19.7983,195.611,-8.36988],"direction":[0.237695,0.139759,0.961233],"extended":false,"handId":35,"id":354,"length":42.8786,"mcpPosition":[-14.8306,164.767,-27.1432],"pipPosition":[-23.7448,193.291,-24.3297],"stabilizedTipPosition":[-21.1942,194.735,2.9143],"timeVisible":8.97524,"tipPosition":[-14.5441,189.961,0.0861205],"tipVelocity":[-3.59049,1.28801,3.88484],"tool":false,"touchDistance":0.333333,"touchZone":"none","type":4,"width":13.6323}],"r":[[0.412654,-0.840777,-0.350443],[0.82295,0.509043,-0.252247],[0.390475,-0.184306,0.901976]],"s":1.32907,"t":[-94.8861,56.7585,24.7231],"timestamp":496256879989},{"currentFrameRate":115.253,"devices":[],"gestures":[],"hands":[{"armBasis":[[-0.765182,-0.640703,0.0632135],[0.525008,-0.677795,-0.514744],[0.372644,-0.360685,0.85501]],"armWidth":54.251,"confidence":1,"direction":[-0.0607884,0.24049,-0.968746],"elbow":[102.44,74.2985,242.888],"grabAngle":3.14159,"grabStrength":1,"id":35,"palmNormal":[-0.570421,0.788073,0.231431],"palmPosition":[12.5723,181.15,-15.4713],"palmVelocity":[6.58495,3.47139,4.27627],"palmWidth":77.9717,"pinchDistance":64.2603,"pinchStrength":0,"r":[[0.412841,-0.840897,-0.349935],[0.823058,0.50897,-0.252042],[0.390048,-0.183964,0.902231]],"s":1.33011,"sphereCenter":[14.0323,224.119,-20.6938],"sphereRadius":41.6461,"stabilizedPalmPosition":[3.95071,185.717,-13.4024],"t":[-94.835,56.7967,24.7606],"timeVisible":8.98385,"type":"right","wrist":[16.2218,157.75,45.0644]}],"id":76942,"interactionBox":{"center":[0,200,0],"size":[235.247,235.247,147.751]},"pointables":[{"bases":[[[0.168734,-0.88597,-0.431956],[0.93803,0.00975382,0.346416],[-0.302701,-0.46364,0.832712]],[[0.258595,-0.685168,-0.680935],[0.881499,-0.120925,0.456439],[-0.39508,-0.718277,0.572705]],[[0.258595,-0.685168,-0.680935],[0.797594,-0.246224,0.550652],[-0.544952,-0.685506,0.482814]],[[0.258595,-0.685168,-0.680935],[0.851947,-0.170495,0.495094],[-0.455319,-0.708149,0.539638]]],"btipPosition":[68.7744,248.469,-14.1134],"carpPosition":[27.0556,183.834,35.0801],"dipPosition":[59.7284,234.4,-3.39225],"direction":[0.544952,0.685506,-0.482814],"extended":true,"handId":35,"id":350,"length":44.2416,"mcpPosition":[27.0556,183.834,35.0801],"pipPosition":[43.9554,214.559,10.5822],"stabilizedTipPosition":[56.3303,248.56,-14.8862],"timeVisible":8.98385,"tipPosition":[64.258,245.496,-13.0892],"tipVelocity":[25.3109,-6.37123,5.6405],"tool":false,"touchDistance":0.312365,"touchZone":"hovering","type":0,"width":17.1916},{"bases":[[[-0.817678,-0.518238,-0.250662],[0.575622,-0.730073,-0.368312],[0.00787205,-0.445447,0.895274]],[[-0.815066,-0.548495,-0.186604],[0.356376,-0.220697,-0.907904],[0.456797,-0.806503,0.375353]],[[-0.815066,-0.548495,-0.186604],[-0.195065,0.563076,-0.803053],[0.545543,-0.618141,-0.565937]],[[-0.815066,-0.548495,-0.186604],[-0.437203,0.793628,-0.423093],[0.380159,-0.263264,-0.886663]]],"btipPosition":[-3.46853,242.916,-23.9563],"carpPosition":[30.3949,168.918,21.7023],"dipPosition":[2.04528,239.098,-36.8165],"direction":[-0.545543,0.618141,0.565937],"extended":false,"handId":35,"id":351,"length":49.9218,"mcpPosition":[29.8986,197.001,-34.7391],"pipPosition":[13.2389,226.415,-48.4285],"stabilizedTipPosition":[-7.83631,237.949,-9.92856],"timeVisible":8.98385,"tipPosition":[-2.4158,243.695,-30.3996],"tipVelocity":[10.606,2.41666,-16.9854],"tool":false,"touchDistance":0.333333,"touchZone":"none","type":1,"width":16.4215},{"bases":[[[-0.895166,-0.441551,-0.0609167],[0.42913,-0.816779,-0.385642],[0.120525,-0.371354,0.920635]],[[-0.886328,-0.463025,-0.00560208],[-0.0687568,0.14356,-0.98725],[0.457926,-0.874642,-0.159077]],[[-0.886328,-0.463025,-0.00560208],[-0.463017,0.886345,-0.00274206],[0.00623502,0.000163497,-0.999981]],[[-0.886328,-0.463025,-0.00560208],[-0.356254,0.674118,0.64703],[-0.295814,0.575476,-0.762444]]],"btipPosition":[1.3213,211.474,5.86669],"carpPosition":[22.6956,162.669,18.0967],"dipPosition":[-3.39769,220.655,-6.29623],"direction":[-0.00623502,-0.000163497,0.999981],"extended":false,"handId":35,"id":352,"length":56.8818,"mcpPosition":[15.4899,184.871,-36.9445],"pipPosition":[-3.24718,220.659,-30.4355],"stabilizedTipPosition":[-6.56737,217.986,5.88401],"timeVisible":8.98385,"tipPosition":[0.4542,212.585,3.25802],"tipVelocity":[5.8451,3.3225,-2.16229],"tool":false,"touchDistance":0.333333,"touchZone":"none","type":2,"width":16.1281},{"bases":[[[-0.897458,-0.428549,0.104472],[0.367701,-0.857661,-0.359464],[0.24365,-0.284189,0.927292]],[[-0.881233,-0.444819,0.159888],[-0.217732,0.0817615,-0.972578],[0.419549,-0.89188,-0.168903]],[[-0.881233,-0.444819,0.159888],[-0.442884,0.895209,0.0495489],[-0.165174,-0.0271479,-0.985891]],[[-0.881233,-0.444819,0.159888],[-0.221411,0.687303,0.691804],[-0.417619,0.574239,-0.704161]]],"btipPosition":[-4.91894,198.287,7.49799],"carpPosition":[13.5645,157.674,16.5138],"dipPosition":[-11.5427,207.395,-3.67062],"direction":[0.165174,0.0271479,0.985891],"extended":false,"handId":35,"id":353,"length":54.6934,"mcpPosition":[0.485868,172.929,-33.2613],"pipPosition":[-15.427,206.756,-26.8551],"stabilizedTipPosition":[-13.5297,204.398,8.02148],"timeVisible":8.98385,"tipPosition":[-6.76936,199.375,5.1373],"tipVelocity":[4.89984,4.52602,-1.48115],"tool":false,"touchDistance":0.333333,"touchZone":"none","type":3,"width":15.3469},{"bases":[[[-0.911562,-0.31092,0.269042],[0.243709,-0.93559,-0.255493],[0.331151,-0.16733,0.928622]],[[-0.912378,-0.310506,0.266746],[-0.282095,0.00472785,-0.959375],[0.29663,-0.95056,-0.0919057]],[[-0.912378,-0.310506,0.266746],[-0.335948,0.940301,-0.05452],[-0.233893,-0.139356,-0.962224]],[[-0.912378,-0.310506,0.266746],[-0.102771,0.804513,0.584976],[-0.396239,0.506305,-0.765931]]],"btipPosition":[-13.9854,188.221,2.829],"carpPosition":[1.69166,156.469,19.0291],"dipPosition":[-19.7833,195.63,-8.37836],"direction":[0.233893,0.139356,0.962224],"extended":false,"handId":35,"id":354,"length":42.8786,"mcpPosition":[-14.7629,164.783,-27.1133],"pipPosition":[-23.6667,193.316,-24.3546],"stabilizedTipPosition":[-21.1859,194.728,2.91052],"timeVisible":8.98385,"tipPosition":[-14.506,190.007,0.0894081],"tipVelocity":[-3.01173,1.28773,0.920654],"tool":false,"touchDistance":0.333333,"touchZone":"none","type":4,"width":13.6323}],"r":[[0.412841,-0.840897,-0.349935],[0.823058,0.50897,-0.252042],[0.390048,-0.183964,0.902231]],"s":1.33011,"t":[-94.835,56.7967,24.7606],"timestamp":496256888599},{"currentFrameRate":115.244,"devices":[],"gestures":[],"hands":[{"armBasis":[[-0.764767,-0.641102,0.0641824],[0.525579,-0.678359,-0.513417],[0.372691,-0.358911,0.855736]],"armWidth":54.251,"confidence":1,"direction":[-0.0603725,0.241475,-0.968527],"elbow":[102.465,74.7258,243.09],"grabAngle":3.14159,"grabStrength":1,"id":35,"palmNormal":[-0.570376,0.787938,0.232004],"palmPosition":[12.6095,181.203,-15.4232],"palmVelocity":[4.27488,6.04775,5.53258],"palmWidth":77.9717,"pinchDistance":64.3827,"pinchStrength":0,"r":[[0.41299,-0.840936,-0.349667],[0.823181,0.508934,-0.251712],[0.38963,-0.183885,0.902427]],"s":1.33142,"sphereCenter":[14.1678,224.212,-20.6057],"sphereRadius":41.7058,"stabilizedPalmPosition":[3.96162,185.711,-13.405],"t":[-94.7909,56.8422,24.8034],"timeVisible":8.99255,"type":"right","wrist":[16.2353,157.767,45.0979]}],"id":76943,"interactionBox":{"center":[0,200,0],"size":[235.247,235.247,147.751]},"pointables":[{"bases":[[[0.16875,-0.885563,-0.432783],[0.937898,0.00924447,0.346788],[-0.303102,-0.464427,0.832128]],[[0.258481,-0.685348,-0.680798],[0.88092,-0.121995,0.457271],[-0.396443,-0.717925,0.572203]],[[0.258481,-0.685348,-0.680798],[0.795789,-0.248458,0.552258],[-0.547638,-0.68452,0.481171]],[[0.258481,-0.685348,-0.680798],[0.850107,-0.173342,0.497263],[-0.458809,-0.707284,0.537813]]],"btipPosition":[68.9979,248.408,-13.9518],"carpPosition":[27.0737,183.834,35.1364],"dipPosition":[59.8826,234.356,-3.26687],"direction":[0.547638,0.68452,-0.481171],"extended":true,"handId":35,"id":350,"length":44.2416,"mcpPosition":[27.0737,183.834,35.1364],"pipPosition":[44.0318,214.543,10.66],"stabilizedTipPosition":[56.3565,248.551,-14.8778],"timeVisible":8.99255,"tipPosition":[64.3375,245.532,-12.9381],"tipVelocity":[23.8778,-6.6317,17.6367],"tool":false,"touchDistance":0.31492,"touchZone":"hovering","type":0,"width":17.1916},{"bases":[[[-0.81767,-0.517846,-0.251499],[0.575639,-0.7298,-0.368824],[0.00744952,-0.446349,0.894828]],[[-0.815097,-0.548108,-0.187604],[0.358249,-0.222398,-0.906751],[0.455274,-0.806298,0.377635]],[[-0.815097,-0.548108,-0.187604],[-0.1928,0.56202,-0.804339],[0.546302,-0.619444,-0.563776]],[[-0.815097,-0.548108,-0.187604],[-0.435848,0.793517,-0.424697],[0.381646,-0.264403,-0.885685]]],"btipPosition":[-3.40282,243.021,-24.0273],"carpPosition":[30.4156,168.93,21.745],"dipPosition":[2.13258,239.186,-36.8733],"direction":[-0.546302,0.619444,0.563776],"extended":false,"handId":35,"id":351,"length":49.9218,"mcpPosition":[29.946,197.07,-34.6683],"pipPosition":[13.3417,226.476,-48.441],"stabilizedTipPosition":[-7.82744,237.955,-9.95506],"timeVisible":8.99255,"tipPosition":[-2.35949,243.746,-30.256],"tipVelocity":[8.13118,11.6183,-7.79267],"tool":false,"touchDistance":0.333333,"touchZone":"none","type":1,"width":16.4215},{"bases":[[[-0.895217,-0.441337,-0.0617075],[0.429139,-0.816464,-0.386298],[0.120105,-0.372302,0.920308]],[[-0.886404,-0.462867,-0.00641115],[-0.0684302,0.144718,-0.987104],[0.457826,-0.874535,-0.159953]],[[-0.886404,-0.462867,-0.00641115],[-0.46287,0.886425,-0.00105159],[0.00616975,0.0020354,-0.999979]],[[-0.886404,-0.462867,-0.00641115],[-0.35612,0.673002,0.648265],[-0.295746,0.576908,-0.761388]]],"btipPosition":[1.37197,211.476,5.93861],"carpPosition":[22.7167,162.686,18.1301],"dipPosition":[-3.34593,220.679,-6.20746],"direction":[-0.00616975,-0.0020354,0.999979],"extended":false,"handId":35,"id":352,"length":56.8818,"mcpPosition":[15.536,184.944,-36.8915],"pipPosition":[-3.197,220.728,-30.3466],"stabilizedTipPosition":[-6.5572,217.979,5.87995],"timeVisible":8.99255,"tipPosition":[0.48903,212.623,3.33265],"tipVelocity":[5.85793,0.749632,8.72054],"tool":false,"touchDistance":0.333333,"touchZone":"none","type":2,"width":16.1281},{"bases":[[[-0.897572,-0.428501,0.103693],[0.367693,-0.857361,-0.360185],[0.243242,-0.285165,0.9271]],[[-0.881371,-0.444829,0.159099],[-0.2174,0.0829011,-0.972556],[0.419432,-0.89177,-0.169772]],[[-0.881371,-0.444829,0.159099],[-0.44262,0.895255,0.0510571],[-0.165146,-0.0254204,-0.985941]],[[-0.881371,-0.444829,0.159099],[-0.221212,0.686163,0.692998],[-0.417434,0.575593,-0.703165]]],"btipPosition":[-4.87545,198.293,7.55152],"carpPosition":[13.5852,157.694,16.5386],"dipPosition":[-11.4963,207.423,-3.60129],"direction":[0.165146,0.0254204,0.985941],"extended":false,"handId":35,"id":353,"length":54.6934,"mcpPosition":[0.528507,173.001,-33.2262],"pipPosition":[-15.3799,206.825,-26.7869],"stabilizedTipPosition":[-13.5171,204.391,8.01609],"timeVisible":8.99255,"tipPosition":[-6.73646,199.412,5.19587],"tipVelocity":[5.08096,1.28997,6.57668],"tool":false,"touchDistance":0.333333,"touchZone":"none","type":3,"width":15.3469},{"bases":[[[-0.911719,-0.311035,0.268376],[0.243648,-0.935374,-0.256341],[0.330763,-0.168321,0.928582]],[[-0.91353,-0.310102,0.263249],[-0.27899,0.006691,-0.960271],[0.29602,-0.95068,-0.0926276]],[[-0.91353,-0.310102,0.263249],[-0.33469,0.940827,-0.0531713],[-0.231183,-0.13668,-0.963261]],[[-0.91353,-0.310102,0.263249],[-0.103497,0.803064,0.586836],[-0.393385,0.508846,-0.765718]]],"btipPosition":[-14.0149,188.212,2.88583],"carpPosition":[1.71125,156.489,19.0481],"dipPosition":[-19.7711,195.658,-8.31842],"direction":[0.231183,0.13668,0.963261],"extended":false,"handId":35,"id":354,"length":42.8786,"mcpPosition":[-14.7241,164.852,-27.0923],"pipPosition":[-23.6095,193.388,-24.3119],"stabilizedTipPosition":[-21.1795,194.723,2.9077],"timeVisible":8.99255,"tipPosition":[-14.4772,190.048,0.136715],"tipVelocity":[-2.29609,-0.0542624,6.62007],"tool":false,"touchDistance":0.333333,"touchZone":"none","type":4,"width":13.6323}],"r":[[0.41299,-0.840936,-0.349667],[0.823181,0.508934,-0.251712],[0.38963,-0.183885,0.902427]],"s":1.33142,"t":[-94.7909,56.8422,24.8034],"timestamp":496256897291},{"currentFrameRate":115.235,"devices":[],"gestures":[],"hands":[{"armBasis":[[-0.764441,-0.641393,0.0651485],[0.525946,-0.678886,-0.512343],[0.372842,-0.357391,0.856306]],"armWidth":54.251,"confidence":1,"direction":[-0.0599783,0.241409,-0.968568],"elbow":[102.518,75.1123,243.269],"grabAngle":3.14159,"grabStrength":1,"id":35,"palmNormal":[-0.570405,0.787998,0.231725],"palmPosition":[12.6487,181.219,-15.3825],"palmVelocity":[4.51575,1.90725,4.69118],"palmWidth":77.9717,"pinchDistance":64.4917,"pinchStrength":0,"r":[[0.413122,-0.840978,-0.349407],[0.823307,0.508889,-0.251391],[0.389224,-0.183814,0.902617]],"s":1.33281,"sphereCenter":[14.31,224.263,-20.5703],"sphereRadius":41.765,"stabilizedPalmPosition":[3.97183,185.706,-13.4073],"t":[-94.7492,56.8731,24.8452],"timeVisible":9.00124,"type":"right","wrist":[16.2541,157.802,45.1453]}],"id":76944,"interactionBox":{"center":[0,200,0],"size":[235.247,235.247,147.751]},"pointables":[{"bases":[[[0.16885,-0.885608,-0.432653],[0.937764,0.00919803,0.347151],[-0.30346,-0.464343,0.832044]],[[0.258482,-0.686076,-0.680064],[0.88033,-0.122569,0.458253],[-0.397751,-0.717131,0.572291]],[[0.258482,-0.686076,-0.680064],[0.793966,-0.250135,0.554121],[-0.550277,-0.683178,0.480065]],[[0.258482,-0.686076,-0.680064],[0.848256,-0.175648,0.49961],[-0.462222,-0.706009,0.536566]]],"btipPosition":[69.2178,248.329,-13.8526],"carpPosition":[27.0935,183.853,35.1826],"dipPosition":[60.0347,234.302,-3.19243],"direction":[0.550277,0.683178,-0.480065],"extended":true,"handId":35,"id":350,"length":44.2416,"mcpPosition":[27.0935,183.853,35.1826],"pipPosition":[44.1076,214.528,10.7025],"stabilizedTipPosition":[56.3864,248.542,-14.8682],"timeVisible":9.00124,"tipPosition":[64.4142,245.54,-12.8638],"tipVelocity":[23.5078,-8.40974,10.7594],"tool":false,"touchDistance":0.316479,"touchZone":"hovering","type":0,"width":17.1916},{"bases":[[[-0.817612,-0.517802,-0.251779],[0.575727,-0.729871,-0.368547],[0.00706823,-0.446284,0.894863]],[[-0.815079,-0.547979,-0.188059],[0.359692,-0.224177,-0.905741],[0.454168,-0.805893,0.379825]],[[-0.815079,-0.547979,-0.188059],[-0.191175,0.560818,-0.805565],[0.546899,-0.620647,-0.56187]],[[-0.815079,-0.547979,-0.188059],[-0.435096,0.793317,-0.42584],[0.382542,-0.26527,-0.885039]]],"btipPosition":[-3.3398,243.057,-24.1093],"carpPosition":[30.4395,168.948,21.7935],"dipPosition":[2.20858,239.21,-36.9459],"direction":[-0.546899,0.620647,0.56187],"extended":false,"handId":35,"id":351,"length":49.9218,"mcpPosition":[29.9939,197.084,-34.622],"pipPosition":[13.43,226.475,-48.4745],"stabilizedTipPosition":[-7.81934,237.961,-9.9791],"timeVisible":9.00124,"tipPosition":[-2.30786,243.751,-30.2019],"tipVelocity":[7.59332,3.84676,-9.1837],"tool":false,"touchDistance":0.333333,"touchZone":"none","type":1,"width":16.4215},{"bases":[[[-0.895227,-0.441273,-0.0620226],[0.429227,-0.816525,-0.386072],[0.11972,-0.372244,0.920381]],[[-0.886437,-0.4628,-0.00672122],[-0.0682047,0.144973,-0.987082],[0.457796,-0.874528,-0.160075]],[[-0.886437,-0.4628,-0.00672122],[-0.46281,0.886457,-0.0000362455],[0.00597485,0.00307852,-0.999977]],[[-0.886437,-0.4628,-0.00672122],[-0.355935,0.672324,0.64907],[-0.29587,0.577752,-0.760699]]],"btipPosition":[1.42776,211.451,5.97423],"carpPosition":[22.7415,162.704,18.1761],"dipPosition":[-3.29213,220.668,-6.16086],"direction":[-0.00597485,-0.00307852,0.999977],"extended":false,"handId":35,"id":352,"length":56.8818,"mcpPosition":[15.5839,184.959,-36.8498],"pipPosition":[-3.1479,220.742,-30.3],"stabilizedTipPosition":[-6.5469,217.973,5.87592],"timeVisible":9.00124,"tipPosition":[0.522871,212.645,3.36588],"tipVelocity":[6.36537,-2.41916,4.38736],"tool":false,"touchDistance":0.333333,"touchZone":"none","type":2,"width":16.1281},{"bases":[[[-0.897645,-0.428425,0.103377],[0.367767,-0.857416,-0.35998],[0.242861,-0.285115,0.927215]],[[-0.881466,-0.44475,0.15879],[-0.217138,0.0831048,-0.972597],[0.419367,-0.891791,-0.169826]],[[-0.881466,-0.44475,0.15879],[-0.442418,0.895315,0.0517388],[-0.165178,-0.0246455,-0.985956]],[[-0.881466,-0.44475,0.15879],[-0.220981,0.685612,0.693616],[-0.417354,0.57631,-0.702625]]],"btipPosition":[-4.82796,198.281,7.58203],"carpPosition":[13.6103,157.713,16.5815],"dipPosition":[-11.4476,207.421,-3.56222],"direction":[0.165178,0.0246455,0.985956],"extended":false,"handId":35,"id":353,"length":54.6934,"mcpPosition":[0.574042,173.017,-33.1895],"pipPosition":[-15.3319,206.842,-26.7482],"stabilizedTipPosition":[-13.5046,204.384,8.01088],"timeVisible":9.00124,"tipPosition":[-6.70303,199.434,5.22735],"tipVelocity":[5.49712,-1.14954,3.73564],"tool":false,"touchDistance":0.333333,"touchZone":"none","type":3,"width":15.3469},{"bases":[[[-0.911847,-0.310946,0.268045],[0.243676,-0.935412,-0.256178],[0.33039,-0.168279,0.928722]],[[-0.914474,-0.309582,0.260568],[-0.276414,0.00764247,-0.961008],[0.29552,-0.950842,-0.0925617]],[[-0.914474,-0.309582,0.260568],[-0.333656,0.94122,-0.052713],[-0.228932,-0.135145,-0.964015]],[[-0.914474,-0.309582,0.260568],[-0.104073,0.802226,0.58788],[-0.391031,0.510483,-0.765834]]],"btipPosition":[-14.0292,188.185,2.92944],"carpPosition":[1.73524,156.509,19.0864],"dipPosition":[-19.7509,195.655,-8.2765],"direction":[0.228932,0.135145,0.964015],"extended":false,"handId":35,"id":354,"length":42.8786,"mcpPosition":[-14.6815,164.87,-27.0609],"pipPosition":[-23.552,193.411,-24.2825],"stabilizedTipPosition":[-21.1745,194.719,2.90548],"timeVisible":9.00124,"tipPosition":[-14.4469,190.067,0.16707],"tipVelocity":[-0.729037,-2.44457,4.97231],"tool":false,"touchDistance":0.333333,"touchZone":"none","type":4,"width":13.6323}],"r":[[0.413122,-0.840978,-0.349407],[0.823307,0.508889,-0.251391],[0.389224,-0.183814,0.902617]],"s":1.33281,"t":[-94.7492,56.8731,24.8452],"timestamp":496256905984},{"currentFrameRate":115.241,"devices":[],"gestures":[],"hands":[{"armBasis":[[-0.763297,-0.642718,0.0655068],[0.527473,-0.678536,-0.511235],[0.373029,-0.355671,0.856941]],"armWidth":54.251,"confidence":1,"direction":[-0.0592905,0.241376,-0.968619],"elbow":[102.566,75.5519,243.438],"grabAngle":3.14159,"grabStrength":1,"id":35,"palmNormal":[-0.571622,0.787278,0.231176],"palmPosition":[12.6794,181.247,-15.3654],"palmVelocity":[3.53516,3.18999,1.97243],"palmWidth":77.9717,"pinchDistance":64.5798,"pinchStrength":0,"r":[[0.413509,-0.840907,-0.349122],[0.823332,0.50906,-0.250962],[0.38876,-0.183669,0.902847]],"s":1.33422,"sphereCenter":[14.3661,224.32,-20.5525],"sphereRadius":41.8124,"stabilizedPalmPosition":[3.98302,185.7,-13.4098],"t":[-94.7131,56.9025,24.8747],"timeVisible":9.00991,"type":"right","wrist":[16.2579,157.844,45.1676]}],"id":76945,"interactionBox":{"center":[0,200,0],"size":[235.247,235.247,147.751]},"pointables":[{"bases":[[[0.170393,-0.885379,-0.432517],[0.937397,0.01035,0.348108],[-0.303731,-0.464756,0.831715]],[[0.259843,-0.686309,-0.679309],[0.879678,-0.121931,0.459674],[-0.398307,-0.717016,0.572048]],[[0.259843,-0.686309,-0.679309],[0.792598,-0.250263,0.556019],[-0.551607,-0.682897,0.478938]],[[0.259843,-0.686309,-0.679309],[0.846476,-0.176658,0.502265],[-0.464715,-0.705529,0.535041]]],"btipPosition":[69.3054,248.35,-13.7473],"carpPosition":[27.0693,183.896,35.2146],"dipPosition":[60.0727,234.333,-3.1175],"direction":[0.551607,0.682897,-0.478938],"extended":true,"handId":35,"id":350,"length":44.2416,"mcpPosition":[27.0693,183.896,35.2146],"pipPosition":[44.1071,214.567,10.7448],"stabilizedTipPosition":[56.412,248.534,-14.8597],"timeVisible":9.00991,"tipPosition":[64.39,245.627,-12.7765],"tipVelocity":[8.78936,2.65893,11.3357],"tool":false,"touchDistance":0.318116,"touchZone":"hovering","type":0,"width":17.1916},{"bases":[[[-0.81671,-0.518808,-0.252634],[0.57701,-0.729138,-0.36799],[0.00671065,-0.446314,0.894851]],[[-0.814223,-0.548866,-0.189178],[0.362026,-0.225286,-0.904535],[0.453849,-0.80498,0.382137]],[[-0.814223,-0.548866,-0.189178],[-0.189466,0.559238,-0.807066],[0.548766,-0.621288,-0.559336]],[[-0.814223,-0.548866,-0.189178],[-0.434804,0.792449,-0.427749],[0.38469,-0.266027,-0.883879]]],"btipPosition":[-3.3671,243.098,-24.227],"carpPosition":[30.4475,168.997,21.8283],"dipPosition":[2.21244,239.24,-37.0468],"direction":[-0.548766,0.621288,0.559336],"extended":false,"handId":35,"id":351,"length":49.9218,"mcpPosition":[30.0244,197.134,-34.5865],"pipPosition":[13.4722,226.492,-48.5234],"stabilizedTipPosition":[-7.81321,237.966,-9.99746],"timeVisible":9.00991,"tipPosition":[-2.33781,243.748,-30.173],"tipVelocity":[-2.32391,4.4242,-13.1307],"tool":false,"touchDistance":0.333333,"touchZone":"none","type":1,"width":16.4215},{"bases":[[[-0.894614,-0.442384,-0.0629542],[0.430636,-0.815974,-0.385668],[0.119244,-0.372134,0.920488]],[[-0.885853,-0.463902,-0.00764479],[-0.067555,0.145267,-0.987083],[0.459021,-0.873895,-0.160025]],[[-0.885853,-0.463902,-0.00764479],[-0.46392,0.885877,0.000695151],[0.00644986,0.00416237,-0.999971]],[[-0.885853,-0.463902,-0.00764479],[-0.357049,0.671103,0.64972],[-0.296276,0.578286,-0.760135]]],"btipPosition":[1.42053,211.423,5.98326],"carpPosition":[22.7609,162.743,18.2027],"dipPosition":[-3.30583,220.648,-6.14283],"direction":[-0.00644986,-0.00416237,0.999971],"extended":false,"handId":35,"id":352,"length":56.8818,"mcpPosition":[15.6318,184.991,-36.8296],"pipPosition":[-3.15013,220.749,-30.2818],"stabilizedTipPosition":[-6.53594,217.966,5.87165],"timeVisible":9.00991,"tipPosition":[0.494834,212.659,3.3714],"tipVelocity":[-1.00623,-3.04803,1.28103],"tool":false,"touchDistance":0.333333,"touchZone":"none","type":2,"width":16.1281},{"bases":[[[-0.897216,-0.429546,0.102443],[0.369201,-0.856942,-0.35964],[0.242269,-0.284853,0.92745]],[[-0.881074,-0.445854,0.157872],[-0.216371,0.0831349,-0.972765],[0.420586,-0.891237,-0.169718]],[[-0.881074,-0.445854,0.157872],[-0.443452,0.894782,0.0521159],[-0.164497,-0.0240908,-0.986083]],[[-0.881074,-0.445854,0.157872],[-0.222153,0.684772,0.694071],[-0.417561,0.576456,-0.702383]]],"btipPosition":[-4.82793,198.258,7.58151],"carpPosition":[13.6376,157.741,16.5986],"dipPosition":[-11.4508,207.401,-3.55889],"direction":[0.164497,0.0240908,0.986083],"extended":false,"handId":35,"id":353,"length":54.6934,"mcpPosition":[0.633068,173.031,-33.185],"pipPosition":[-15.3192,206.834,-26.7479],"stabilizedTipPosition":[-13.4909,204.376,8.00514],"timeVisible":9.00991,"tipPosition":[-6.71535,199.438,5.22505],"tipVelocity":[-0.0833726,-2.58967,0.042495],"tool":false,"touchDistance":0.333333,"touchZone":"none","type":3,"width":15.3469},{"bases":[[[-0.911732,-0.312091,0.267102],[0.245101,-0.935097,-0.255968],[0.329652,-0.167907,0.929052]],[[-0.914991,-0.310393,0.257776],[-0.273724,0.00816019,-0.961774],[0.296424,-0.950573,-0.0924283]],[[-0.914991,-0.310393,0.257776],[-0.334028,0.941103,-0.0524519],[-0.226313,-0.134097,-0.96478]],[[-0.914991,-0.310393,0.257776],[-0.105985,0.801355,0.588726],[-0.389306,0.511358,-0.766129]]],"btipPosition":[-14.0622,188.141,2.93098],"carpPosition":[1.76148,156.521,19.0913],"dipPosition":[-19.7586,195.624,-8.27927],"direction":[0.226313,0.134097,0.96478],"extended":false,"handId":35,"id":354,"length":42.8786,"mcpPosition":[-14.6186,164.864,-27.0724],"pipPosition":[-23.5162,193.397,-24.298],"stabilizedTipPosition":[-21.1683,194.714,2.90276],"timeVisible":9.00991,"tipPosition":[-14.446,190.06,0.157492],"tipVelocity":[-3.13253,-4.74965,0.0635075],"tool":false,"touchDistance":0.333333,"touchZone":"none","type":4,"width":13.6323}],"r":[[0.413509,-0.840907,-0.349122],[0.823332,0.50906,-0.250962],[0.38876,-0.183669,0.902847]],"s":1.33422,"t":[-94.7131,56.9025,24.8747],"timestamp":496256914651},{"currentFrameRate":115.245,"devices":[],"gestures":[],"hands":[{"armBasis":[[-0.762827,-0.643158,0.0666513],[0.528094,-0.679179,-0.509738],[0.37311,-0.353644,0.857744]],"armWidth":54.251,"confidence":1,"direction":[-0.0591404,0.241661,-0.968557],"elbow":[102.613,76.0656,243.652],"grabAngle":3.14159,"grabStrength":1,"id":35,"palmNormal":[-0.571779,0.787126,0.231306],"palmPosition":[12.7147,181.288,-15.3373],"palmVelocity":[4.07037,4.74163,3.23781],"palmWidth":77.9717,"pinchDistance":64.6585,"pinchStrength":0,"r":[[0.413856,-0.840816,-0.348929],[0.823347,0.509235,-0.250556],[0.388359,-0.183596,0.903034]],"s":1.33564,"sphereCenter":[14.4556,224.385,-20.5134],"sphereRadius":41.853,"stabilizedPalmPosition":[3.99488,185.694,-13.4124],"t":[-94.6773,56.9377,24.9034],"timeVisible":9.01858,"type":"right","wrist":[16.2865,157.888,45.1959]}],"id":76946,"interactionBox":{"center":[0,200,0],"size":[235.247,235.247,147.751]},"pointables":[{"bases":[[[0.170603,-0.885223,-0.432753],[0.937329,0.0103787,0.34829],[-0.303823,-0.465052,0.831516]],[[0.259867,-0.686706,-0.678899],[0.879319,-0.122278,0.460267],[-0.399083,-0.716577,0.572058]],[[0.259867,-0.686706,-0.678899],[0.791541,-0.251219,0.557092],[-0.553111,-0.682147,0.478273]],[[0.259867,-0.686706,-0.678899],[0.845147,-0.178349,0.503902],[-0.467113,-0.704717,0.534021]]],"btipPosition":[69.455,248.321,-13.6766],"carpPosition":[27.0945,183.924,35.2462],"dipPosition":[60.1747,234.32,-3.06703],"direction":[0.553111,0.682146,-0.478273],"extended":true,"handId":35,"id":350,"length":44.2416,"mcpPosition":[27.0945,183.924,35.2462],"pipPosition":[44.1656,214.576,10.776],"stabilizedTipPosition":[56.4398,248.525,-14.8505],"timeVisible":9.01858,"tipPosition":[64.4414,245.669,-12.7058],"tipVelocity":[15.9946,-2.89452,7.62179],"tool":false,"touchDistance":0.319218,"touchZone":"hovering","type":0,"width":17.1916},{"bases":[[[-0.816587,-0.518848,-0.252948],[0.577185,-0.728944,-0.368101],[0.00660406,-0.446584,0.894717]],[[-0.814115,-0.548876,-0.189609],[0.363206,-0.226521,-0.903753],[0.453098,-0.804626,0.383769]],[[-0.814115,-0.548876,-0.189609],[-0.18782,0.557848,-0.808411],[0.54949,-0.622528,-0.557243]],[[-0.814115,-0.548876,-0.189609],[-0.433909,0.791974,-0.429535],[0.385927,-0.267418,-0.88292]]],"btipPosition":[-3.33584,243.18,-24.3072],"carpPosition":[30.4774,169.029,21.856],"dipPosition":[2.26163,239.302,-37.113],"direction":[-0.54949,0.622528,0.557243],"extended":false,"handId":35,"id":351,"length":49.9218,"mcpPosition":[30.0611,197.183,-34.5503],"pipPosition":[13.5362,226.529,-48.5467],"stabilizedTipPosition":[-7.80718,237.97,-10.0155],"timeVisible":9.01858,"tipPosition":[-2.3065,243.779,-30.1049],"tipVelocity":[4.08134,8.93971,-8.87775],"tool":false,"touchDistance":0.333333,"touchZone":"none","type":1,"width":16.4215},{"bases":[[[-0.894538,-0.442493,-0.0632591],[0.430826,-0.815795,-0.385833],[0.119122,-0.372396,0.920397]],[[-0.885785,-0.464027,-0.00795458],[-0.067526,0.145821,-0.987004],[0.459156,-0.873736,-0.1605]],[[-0.885785,-0.464027,-0.00795458],[-0.464053,0.885805,0.00180958],[0.00620652,0.00529426,-0.999967]],[[-0.885785,-0.464027,-0.00795458],[-0.356961,0.670253,0.650646],[-0.296585,0.579172,-0.75934]]],"btipPosition":[1.46463,211.423,6.0197],"carpPosition":[22.7925,162.775,18.2271],"dipPosition":[-3.26666,220.662,-6.09371],"direction":[-0.00620652,-0.00529426,0.999967],"extended":false,"handId":35,"id":352,"length":56.8818,"mcpPosition":[15.6706,185.039,-36.7998],"pipPosition":[-3.11684,220.79,-30.2326],"stabilizedTipPosition":[-6.52574,217.959,5.86776],"timeVisible":9.01858,"tipPosition":[0.521712,212.694,3.40628],"tipVelocity":[4.95652,0.388757,4.53936],"tool":false,"touchDistance":0.333333,"touchZone":"none","type":2,"width":16.1281},{"bases":[[[-0.897174,-0.429705,0.102141],[0.369393,-0.85678,-0.35983],[0.242133,-0.2851,0.92741]],[[-0.88104,-0.446028,0.157569],[-0.216307,0.0836326,-0.972737],[0.42069,-0.891103,-0.170163]],[[-0.88104,-0.446028,0.157569],[-0.44347,0.894719,0.0530253],[-0.164631,-0.0231596,-0.986083]],[[-0.88104,-0.446028,0.157569],[-0.222027,0.684037,0.694836],[-0.417699,0.577194,-0.701694]]],"btipPosition":[-4.78665,198.264,7.61075],"carpPosition":[13.6701,157.772,16.6197],"dipPosition":[-11.4117,207.419,-3.51872],"direction":[0.164631,0.0231596,0.986083],"extended":false,"handId":35,"id":353,"length":54.6934,"mcpPosition":[0.672935,173.076,-33.1617],"pipPosition":[-15.2832,206.874,-26.7077],"stabilizedTipPosition":[-13.4778,204.369,7.99978],"timeVisible":9.01858,"tipPosition":[-6.68594,199.472,5.25459],"tipVelocity":[4.70208,1.01636,3.66262],"tool":false,"touchDistance":0.333333,"touchZone":"none","type":3,"width":15.3469},{"bases":[[[-0.911738,-0.312303,0.266833],[0.245284,-0.934984,-0.256205],[0.329499,-0.168142,0.929063]],[[-0.915524,-0.310318,0.255964],[-0.272113,0.00912501,-0.962222],[0.296259,-0.950589,-0.0927957]],[[-0.915524,-0.310318,0.255964],[-0.333511,0.941329,-0.0516705],[-0.224912,-0.132672,-0.965304]],[[-0.915524,-0.310318,0.255964],[-0.10642,0.800486,0.589828],[-0.38793,0.512762,-0.765889]]],"btipPosition":[-14.0607,188.138,2.96509],"carpPosition":[1.79375,156.55,19.1098],"dipPosition":[-19.7371,195.641,-8.24165],"direction":[0.224912,0.132672,0.965304],"extended":false,"handId":35,"id":354,"length":42.8786,"mcpPosition":[-14.5787,164.905,-27.0545],"pipPosition":[-23.4714,193.438,-24.2691],"stabilizedTipPosition":[-21.1638,194.71,2.9008],"timeVisible":9.01858,"tipPosition":[-14.4175,190.092,0.183618],"tipVelocity":[0.699254,0.201249,4.02737],"tool":false,"touchDistance":0.333333,"touchZone":"none","type":4,"width":13.6323}],"r":[[0.413856,-0.840816,-0.348929],[0.823347,0.509235,-0.250556],[0.388359,-0.183596,0.903034]],"s":1.33564,"t":[-94.6773,56.9377,24.9034],"timestamp":496256923321},{"currentFrameRate":115.257,"devices":[],"gestures":[],"hands":[{"armBasis":[[-0.762043,-0.64401,0.0673834],[0.529097,-0.67928,-0.508561],[0.373291,-0.351893,0.858385]],"armWidth":54.251,"confidence":1,"direction":[-0.0584305,0.242779,-0.96832],"elbow":[102.659,76.4883,243.823],"grabAngle":3.14159,"grabStrength":1,"id":35,"palmNormal":[-0.572179,0.786698,0.231769],"palmPosition":[12.7538,181.35,-15.2964],"palmVelocity":[4.51677,7.20461,4.72081],"palmWidth":77.9717,"pinchDistance":64.728,"pinchStrength":0,"r":[[0.414235,-0.840639,-0.348906],[0.823371,0.50948,-0.249981],[0.387904,-0.183728,0.903202]],"s":1.3371,"sphereCenter":[14.5056,224.468,-20.4237],"sphereRadius":41.8793,"stabilizedPalmPosition":[4.0073,185.688,-13.4151],"t":[-94.6399,56.9865,24.9382],"timeVisible":9.02723,"type":"right","wrist":[16.2906,157.906,45.2187]}],"id":76947,"interactionBox":{"center":[0,200,0],"size":[235.247,235.247,147.751]},"pointables":[{"bases":[[[0.171192,-0.884669,-0.433653],[0.937047,0.0102267,0.349053],[-0.304362,-0.466108,0.830727]],[[0.260332,-0.686673,-0.678754],[0.878763,-0.122731,0.461207],[-0.400003,-0.716532,0.571472]],[[0.260332,-0.686673,-0.678754],[0.790694,-0.251819,0.558023],[-0.554103,-0.681959,0.477392]],[[0.260332,-0.686673,-0.678754],[0.84407,-0.179474,0.505306],[-0.468799,-0.704464,0.532878]]],"btipPosition":[69.5544,248.315,-13.5479],"carpPosition":[27.0924,183.931,35.3016],"dipPosition":[60.2406,234.32,-2.96106],"direction":[0.554103,0.681958,-0.477392],"extended":true,"handId":35,"id":350,"length":44.2416,"mcpPosition":[27.0924,183.931,35.3016],"pipPosition":[44.2028,214.581,10.8565],"stabilizedTipPosition":[56.4633,248.517,-14.8425],"timeVisible":9.02723,"tipPosition":[64.4826,245.738,-12.5375],"tipVelocity":[10.5892,-0.488011,14.263],"tool":false,"touchDistance":0.321275,"touchZone":"hovering","type":0,"width":17.1916},{"bases":[[[-0.816242,-0.518774,-0.25421],[0.577679,-0.728355,-0.368492],[0.00600945,-0.44763,0.894199]],[[-0.813822,-0.548819,-0.19103],[0.365384,-0.227643,-0.902593],[0.451873,-0.804349,0.38579]],[[-0.813822,-0.548819,-0.19103],[-0.184632,0.555894,-0.810489],[0.551004,-0.624323,-0.553728]],[[-0.813822,-0.548819,-0.19103],[-0.431877,0.791156,-0.433076],[0.388815,-0.269945,-0.880882]]],"btipPosition":[-3.31399,243.333,-24.4092],"carpPosition":[30.4901,169.053,21.8967],"dipPosition":[2.32538,239.418,-37.1855],"direction":[-0.551004,0.624323,0.553728],"extended":false,"handId":35,"id":351,"length":49.9218,"mcpPosition":[30.1112,197.273,-34.4769],"pipPosition":[13.631,226.608,-48.547],"stabilizedTipPosition":[-7.80052,237.975,-10.0355],"timeVisible":9.02723,"tipPosition":[-2.26918,243.835,-29.9665],"tipVelocity":[3.63788,16.6961,-10.9991],"tool":false,"touchDistance":0.333333,"touchZone":"none","type":1,"width":16.4215},{"bases":[[[-0.894366,-0.442662,-0.0644943],[0.431359,-0.815225,-0.386443],[0.118486,-0.373441,0.920056]],[[-0.885652,-0.464259,-0.00920802],[-0.0668054,0.147016,-0.986876],[0.45952,-0.873413,-0.16122]],[[-0.885652,-0.464259,-0.00920802],[-0.464301,0.885673,0.00295066],[0.00678542,0.00688855,-0.999953]],[[-0.885652,-0.464259,-0.00920802],[-0.357489,0.669046,0.651597],[-0.296349,0.58038,-0.758509]]],"btipPosition":[1.48729,211.441,6.08324],"carpPosition":[22.8097,162.801,18.2543],"dipPosition":[-3.24024,220.699,-6.01692],"direction":[-0.00678542,-0.00688855,0.999953],"extended":false,"handId":35,"id":352,"length":56.8818,"mcpPosition":[15.7259,185.128,-36.7522],"pipPosition":[-3.07644,220.865,-30.1555],"stabilizedTipPosition":[-6.51772,217.954,5.86478],"timeVisible":9.02723,"tipPosition":[0.537028,212.733,3.47392],"tipVelocity":[2.71759,2.51058,7.6924],"tool":false,"touchDistance":0.333333,"touchZone":"none","type":2,"width":16.1281},{"bases":[[[-0.897137,-0.43007,0.100919],[0.369916,-0.856257,-0.360537],[0.241468,-0.286119,0.927269]],[[-0.881044,-0.446453,0.15634],[-0.215583,0.0847815,-0.972798],[0.421053,-0.890782,-0.170944]],[[-0.881044,-0.446453,0.15634],[-0.44369,0.894544,0.0541196],[-0.164015,-0.0216849,-0.986219]],[[-0.881044,-0.446453,0.15634],[-0.222551,0.682856,0.69583],[-0.417413,0.578263,-0.700984]]],"btipPosition":[-4.76383,198.28,7.65393],"carpPosition":[13.6901,157.797,16.6337],"dipPosition":[-11.3844,207.452,-3.46428],"direction":[0.164015,0.0216849,0.986219],"extended":false,"handId":35,"id":353,"length":54.6934,"mcpPosition":[0.72857,173.156,-33.1401],"pipPosition":[-15.2414,206.942,-26.6565],"stabilizedTipPosition":[-13.467,204.363,7.99542],"timeVisible":9.02723,"tipPosition":[-6.66794,199.506,5.30097],"tipVelocity":[2.75699,2.31451,5.2877],"tool":false,"touchDistance":0.333333,"touchZone":"none","type":3,"width":15.3469},{"bases":[[[-0.911866,-0.312864,0.265736],[0.245745,-0.934616,-0.257103],[0.3288,-0.16914,0.92913]],[[-0.916117,-0.31061,0.253479],[-0.26999,0.0105944,-0.962805],[0.296372,-0.950478,-0.0935672]],[[-0.916117,-0.31061,0.253479],[-0.333209,0.941495,-0.0505783],[-0.22294,-0.130797,-0.966018]],[[-0.916117,-0.31061,0.253479],[-0.107416,0.799309,0.591242],[-0.386254,0.514418,-0.765625]]],"btipPosition":[-14.0684,188.148,2.99605],"carpPosition":[1.81203,156.569,19.1129],"dipPosition":[-19.7202,195.675,-8.20683],"direction":[0.22294,0.130797,0.966018],"extended":false,"handId":35,"id":354,"length":42.8786,"mcpPosition":[-14.5257,164.974,-27.0546],"pipPosition":[-23.4218,193.504,-24.2461],"stabilizedTipPosition":[-21.1601,194.707,2.89925]