{"frames":85,"data":[{"currentFrameRate":114.986,"devices":[],"gestures":[],"hands":[{"armBasis":[[-0.999903,-0.00267822,-0.0136344],[-0.0120878,-0.316235,0.948604],[-0.00685223,0.948677,0.316172]],"armWidth":61.7722,"confidence":1,"direction":[0.108609,-0.000803881,-0.994084],"elbow":[36.7839,328.408,189.668],"grabAngle":0.78027,"grabStrength":0,"id":790,"palmNormal":[-0.27424,0.96117,-0.0307394],"palmPosition":[51.095,83.6261,44.395],"palmVelocity":[-6.86952,0.623457,-9.0271],"palmWidth":84.8249,"pinchDistance":52.0179,"pinchStrength":0.0296409,"r":[[0.98976,-0.137093,-0.0397573],[0.134259,0.988689,-0.066852],[0.0484725,0.0608297,0.99697]],"s":1.3468,"sphereCenter":[27.051,182.345,31.6944],"sphereRadius":102.426,"stabilizedPalmPosition":[49.1975,89.0759,50.6312],"t":[12.173,8.85666,21.5179],"timeVisible":0.988581,"type":"right","wrist":[38.5086,89.6204,110.086]}],"id":1361421,"interactionBox":{"center":[0,200,0],"size":[235.247,235.247,147.751]},"pointables":[{"bases":[[[-0.118013,-0.970897,-0.208402],[0.849245,-0.207447,0.485539],[-0.514641,-0.119684,0.849011]],[[-0.0435883,-0.943991,-0.327081],[0.795092,-0.231012,0.560769],[-0.60492,-0.235617,0.760629]],[[-0.0435883,-0.943991,-0.327081],[0.986085,-0.0932242,0.137645],[-0.160427,-0.31653,0.934918]],[[-0.0435883,-0.943991,-0.327081],[0.965405,0.0444484,-0.256937],[0.257085,-0.326965,0.909396]]],"btipPosition":[89.894,122.154,16.9575],"carpPosition":[62.2283,94.8485,99.4521],"dipPosition":[95.2247,115.375,35.8139],"direction":[0.160427,0.31653,-0.934918],"extended":true,"handId":790,"id":7900,"length":46.174,"mcpPosition":[62.2283,94.8485,99.4521],"pipPosition":[90.3785,105.813,64.0559],"stabilizedTipPosition":[90.3703,122.222,22.7348],"timeVisible":0.988581,"tipPosition":[86.9644,125.088,21.3936],"tipVelocity":[-10.6815,-3.38811,-17.9198],"tool":false,"touchDistance":-0.173146,"touchZone":"touching","type":0,"width":19.9616},{"bases":[[[-0.923708,-0.272174,-0.269601],[0.310887,-0.94378,-0.112376],[-0.223858,-0.187618,0.956393]],[[-0.937014,-0.284535,-0.202595],[0.334195,-0.898985,-0.28309],[-0.10158,-0.332965,0.937452]],[[-0.937014,-0.284535,-0.202595],[0.349155,-0.746738,-0.566104],[0.0097916,-0.601184,0.79905]],[[-0.937014,-0.284535,-0.202595],[0.338652,-0.597982,-0.726452],[0.0855533,-0.749305,0.656676]]],"btipPosition":[78.8414,125.003,-39.0159],"carpPosition":[61.1264,75.2449,89.3127],"dipPosition":[80.1365,113.661,-29.0755],"direction":[-0.0097916,0.601184,-0.79905],"extended":true,"handId":790,"id":7901,"length":52.1022,"mcpPosition":[76.4796,88.1126,23.7187],"pipPosition":[80.3462,100.787,-11.9642],"stabilizedTipPosition":[79.0134,123.274,-35.8691],"timeVisible":0.988581,"tipPosition":[76.2127,120.447,-37.8194],"tipVelocity":[-21.0382,-1.51486,-14.6669],"tool":false,"touchDistance":-0.122099,"touchZone":"touching","type":1,"width":19.0673},{"bases":[[[-0.984833,-0.130113,-0.114776],[0.145257,-0.980097,-0.135312],[-0.0948859,-0.149932,0.984133]],[[-0.98741,-0.134947,-0.0825296],[0.15767,-0.881611,-0.444863],[-0.0127261,-0.452274,0.891788]],[[-0.98741,-0.134947,-0.0825296],[0.152821,-0.679131,-0.717932],[0.0408343,-0.721506,0.691203]],[[-0.98741,-0.134947,-0.0825296],[0.14171,-0.522815,-0.840585],[0.0702866,-0.841697,0.535356]]],"btipPosition":[55.7694,132.017,-42.872],"carpPosition":[51.2535,70.7595,85.5477],"dipPosition":[56.9396,118.003,-33.9587],"direction":[-0.0408343,0.721506,-0.691203],"extended":true,"handId":790,"id":7902,"length":59.3663,"mcpPosition":[57.4249,80.5112,21.539],"pipPosition":[57.9684,99.8254,-16.5444],"stabilizedTipPosition":[54.2688,135.198,-32.7375],"timeVisible":0.988581,"tipPosition":[56.7167,125.188,-42.8957],"tipVelocity":[-31.5819,1.77509,-3.03674],"tool":false,"touchDistance":-0.074839,"touchZone":"touching","type":2,"width":18.7266},{"bases":[[[-0.996192,-0.0765021,0.0418272],[0.0714253,-0.991169,-0.111726],[0.0500051,-0.108313,0.992858]],[[-0.990898,-0.0576962,-0.121624],[0.0956926,-0.937359,-0.334964],[-0.0946789,-0.343554,0.934348]],[[-0.990898,-0.0576962,-0.121624],[0.122469,-0.761427,-0.636577],[-0.0558794,-0.645678,0.761562]],[[-0.990898,-0.0576962,-0.121624],[0.126617,-0.706254,-0.696544],[-0.0457092,-0.705604,0.707131]]],"btipPosition":[43.1802,116.021,-41.9885],"carpPosition":[40.2243,68.5687,83.3735],"dipPosition":[42.4236,104.34,-30.283],"direction":[0.0558794,0.645678,-0.761562],"extended":true,"handId":790,"id":7903,"length":57.0823,"mcpPosition":[37.3042,74.8937,25.3947],"pipPosition":[41.0521,88.4933,-11.5916],"stabilizedTipPosition":[43.5438,114.056,-38.2054],"timeVisible":0.988581,"tipPosition":[44.167,110.799,-40.3929],"tipVelocity":[-30.4027,18.7874,7.56674],"tool":false,"touchDistance":-0.184441,"touchZone":"touching","type":3,"width":17.8196},{"bases":[[[-0.981725,0.0763045,0.17434],[-0.080253,-0.996651,-0.0157015],[0.172558,-0.0294058,0.98456]],[[-0.991042,0.0814685,-0.10582],[-0.062703,-0.983463,-0.16991],[-0.117913,-0.161753,0.979762]],[[-0.991042,0.0814685,-0.10582],[0.00838184,-0.75287,-0.658115],[-0.133285,-0.653107,0.745444]],[[-0.991042,0.0814685,-0.10582],[0.0295436,-0.639002,-0.768638],[-0.130239,-0.764879,0.630871]]],"btipPosition":[26.1557,101.866,-22.2938],"carpPosition":[27.4911,72.2105,84.1733],"dipPosition":[24.1668,90.1849,-12.6595],"direction":[0.133285,0.653107,-0.745444],"extended":true,"handId":790,"id":7904,"length":44.7515,"mcpPosition":[18.1632,73.8001,30.9515],"pipPosition":[21.8571,78.8674,0.258049],"stabilizedTipPosition":[25.812,99.1669,-19.9395],"timeVisible":0.988581,"tipPosition":[25.085,104.12,-16.7517],"tipVelocity":[-16.2484,6.59919,-0.659032],"tool":false,"touchDistance":-0.289088,"touchZone":"touching","type":4,"width":15.8287}],"r":[[0.98976,-0.137093,-0.0397573],[0.134259,0.988689,-0.066852],[0.0484725,0.0608297,0.99697]],"s":1.3468,"t":[12.173,8.85666,21.5179],"timestamp":747330477345},{"currentFrameRate":115.005,"devices":[],"gestures":[],"hands":[{"armBasis":[[-0.999871,-0.00469368,-0.0153554],[-0.0131341,-0.311049,0.950303],[-0.00923672,0.950382,0.310948]],"armWidth":61.7722,"confidence":1,"direction":[0.108435,-0.00130557,-0.994103],"elbow":[36.0846,328.867,188.197],"grabAngle":0.784542,"grabStrength":0,"id":790,"palmNormal":[-0.27513,0.960898,-0.0312727],"palmPosition":[51.0118,83.5889,44.2708],"palmVelocity":[-9.59708,-4.29296,-14.3313],"palmWidth":84.8249,"pinchDistance":52.0024,"pinchStrength":0.0297278,"r":[[0.98985,-0.136492,-0.0395848],[0.133635,0.988725,-0.0675537],[0.048359,0.0615781,0.99693]],"s":1.34632,"sphereCenter":[27.0534,181.918,31.5166],"sphereRadius":102.002,"stabilizedPalmPosition":[49.2108,89.0358,50.5847],"t":[12.106,8.83495,21.413],"timeVisible":0.997245,"type":"right","wrist":[38.4096,89.6503,109.93]}],"id":1361422,"interactionBox":{"center":[0,200,0],"size":[235.247,235.247,147.751]},"pointables":[{"bases":[[[-0.117156,-0.971131,-0.207794],[0.849521,-0.206372,0.485515],[-0.514382,-0.119644,0.849174]],[[-0.0433175,-0.944491,-0.325669],[0.795032,-0.229994,0.561273],[-0.605019,-0.234604,0.760863]],[[-0.0433175,-0.944491,-0.325669],[0.986034,-0.0928867,0.138233],[-0.16081,-0.315132,0.935324]],[[-0.0433175,-0.944491,-0.325669],[0.965217,0.0445631,-0.257625],[0.257837,-0.3255,0.909708]]],"btipPosition":[89.8108,122.041,16.7949],"carpPosition":[62.1445,94.8548,99.3192],"dipPosition":[95.157,115.292,35.6578],"direction":[0.16081,0.315132,-0.935324],"extended":true,"handId":790,"id":7900,"length":46.174,"mcpPosition":[62.1445,94.8548,99.3192],"pipPosition":[90.2993,105.772,63.9121],"stabilizedTipPosition":[90.415,122.107,22.6279],"timeVisible":0.997245,"tipPosition":[86.8672,125.039,21.2373],"tipVelocity":[-9.19232,-12.276,-18.5914],"tool":false,"touchDistance":-0.175831,"touchZone":"touching","type":0,"width":19.9616},{"bases":[[[-0.923505,-0.273187,-0.269274],[0.311735,-0.943562,-0.111859],[-0.223518,-0.187245,0.956545]],[[-0.936808,-0.285541,-0.202133],[0.334973,-0.898782,-0.282814],[-0.100919,-0.332652,0.937634]],[[-0.936808,-0.285541,-0.202133],[0.34968,-0.746521,-0.566065],[0.0107378,-0.600976,0.799195]],[[-0.936808,-0.285541,-0.202133],[0.33894,-0.597651,-0.72659],[0.0866661,-0.749186,0.656665]]],"btipPosition":[78.6882,124.959,-39.1571],"carpPosition":[61.0588,75.2441,89.1919],"dipPosition":[80.0001,113.618,-29.2169],"direction":[-0.0107378,0.600976,-0.799195],"extended":true,"handId":790,"id":7901,"length":52.1022,"mcpPosition":[76.3887,88.0863,23.5874],"pipPosition":[80.2301,100.748,-12.1025],"stabilizedTipPosition":[79.0116,123.203,-35.9461],"timeVisible":0.997245,"tipPosition":[76.0862,120.386,-37.9684],"tipVelocity":[-17.236,-5.09538,-16.3066],"tool":false,"touchDistance":-0.124454,"touchZone":"touching","type":1,"width":19.0673},{"bases":[[[-0.984733,-0.131088,-0.114524],[0.146135,-0.980045,-0.134745],[-0.0945752,-0.149424,0.98424]],[[-0.987334,-0.135985,-0.0817307],[0.158245,-0.881119,-0.445632],[-0.0114152,-0.452921,0.891478]],[[-0.987334,-0.135985,-0.0817307],[0.152911,-0.678228,-0.718767],[0.0423095,-0.72216,0.690431]],[[-0.987334,-0.135985,-0.0817307],[0.141138,-0.517509,-0.843957],[0.0724691,-0.844803,0.530147]]],"btipPosition":[55.5556,132.067,-42.8759],"carpPosition":[51.1894,70.7474,85.4313],"dipPosition":[56.7622,118.002,-34.0493],"direction":[-0.0423095,0.72216,-0.690431],"extended":true,"handId":790,"id":7902,"length":59.3663,"mcpPosition":[57.3406,80.466,21.4156],"pipPosition":[57.8281,99.8078,-16.6546],"stabilizedTipPosition":[54.2688,135.198,-32.7375],"timeVisible":0.997245,"tipPosition":[56.5707,125.15,-43.0186],"tipVelocity":[-23.7103,4.46954,-2.75733],"tool":false,"touchDistance":-0.0752371,"touchZone":"touching","type":2,"width":18.7266},{"bases":[[[-0.996114,-0.0773932,0.042049],[0.0723176,-0.99117,-0.111139],[0.050279,-0.107666,0.992915]],[[-0.990986,-0.0588072,-0.12037],[0.0966469,-0.936035,-0.338374],[-0.0927716,-0.346958,0.933281]],[[-0.990986,-0.0588072,-0.12037],[0.122829,-0.757535,-0.641135],[-0.053481,-0.65014,0.75793]],[[-0.990986,-0.0588072,-0.12037],[0.126792,-0.701811,-0.700988],[-0.0432537,-0.709932,0.702941]]],"btipPosition":[42.9268,116.275,-41.9042],"carpPosition":[40.1619,68.5451,83.2603],"dipPosition":[42.2108,104.523,-30.268],"direction":[0.053481,0.65014,-0.75793],"extended":true,"handId":790,"id":7903,"length":57.0823,"mcpPosition":[37.2258,74.8323,25.2783],"pipPosition":[40.8982,88.5667,-11.6658],"stabilizedTipPosition":[43.4745,114.013,-38.296],"timeVisible":0.997245,"tipPosition":[44.0098,110.781,-40.4976],"tipVelocity":[-28.1751,27.4767,7.88938],"tool":false,"touchDistance":-0.183302,"touchZone":"touching","type":3,"width":17.8196},{"bases":[[[-0.981764,0.0755068,0.174467],[-0.0793388,-0.996734,-0.0150843],[0.172758,-0.0286512,0.984547]],[[-0.9912,0.0804887,-0.105091],[-0.0613287,-0.982786,-0.174269],[-0.117309,-0.16629,0.979074]],[[-0.9912,0.0804887,-0.105091],[0.00907235,-0.75073,-0.660547],[-0.132062,-0.655687,0.743393]],[[-0.9912,0.0804887,-0.105091],[0.0299078,-0.637205,-0.770114],[-0.12895,-0.76648,0.62919]]],"btipPosition":[26.0195,102.001,-22.3235],"carpPosition":[27.4254,72.1757,84.0602],"dipPosition":[24.0502,90.2962,-12.7149],"direction":[0.132062,0.655687,-0.743393],"extended":true,"handId":790,"id":7904,"length":44.7515,"mcpPosition":[18.0867,73.7245,30.8391],"pipPosition":[21.7617,78.934,0.167164],"stabilizedTipPosition":[25.7719,99.1902,-19.968],"timeVisible":0.997245,"tipPosition":[24.9819,103.945,-16.9363],"tipVelocity":[-15.2015,15.0121,-4.10836],"tool":false,"touchDistance":-0.289047,"touchZone":"touching","type":4,"width":15.8287}],"r":[[0.98985,-0.136492,-0.0395848],[0.133635,0.988725,-0.0675537],[0.048359,0.0615781,0.99693]],"s":1.34632,"t":[12.106,8.83495,21.413],"timestamp":747330486009},{"currentFrameRate":115.019,"devices":[],"gestures":[],"hands":[{"armBasis":[[-0.999837,-0.00688572,-0.0167045],[-0.0137984,-0.305863,0.951976],[-0.0116643,0.952051,0.305718]],"armWidth":61.7722,"confidence":1,"direction":[0.108443,-0.0024253,-0.9941],"elbow":[35.3806,329.362,186.722],"grabAngle":0.789167,"grabStrength":0,"id":790,"palmNormal":[-0.277062,0.9603,-0.0325666],"palmPosition":[50.94,83.5676,44.1453],"palmVelocity":[-8.29113,-2.46015,-14.4746],"palmWidth":84.8249,"pinchDistance":51.9565,"pinchStrength":0.0306798,"r":[[0.989976,-0.135623,-0.0394099],[0.132739,0.988789,-0.0683812],[0.0482422,0.0624646,0.996881]],"s":1.34559,"sphereCenter":[26.9482,181.409,31.2696],"sphereRadius":101.509,"stabilizedPalmPosition":[49.2214,89.0022,50.5451],"t":[12.0365,8.81343,21.2978],"timeVisible":1.00591,"type":"right","wrist":[38.3166,89.7253,109.771]}],"id":1361423,"interactionBox":{"center":[0,200,0],"size":[235.247,235.247,147.751]},"pointables":[{"bases":[[[-0.115201,-0.971644,-0.206487],[0.849932,-0.204008,0.485795],[-0.514144,-0.119536,0.849333]],[[-0.0418663,-0.945233,-0.3237],[0.795317,-0.227629,0.561832],[-0.604746,-0.233922,0.76129]],[[-0.0418663,-0.945233,-0.3237],[0.986126,-0.0911803,0.138712],[-0.16063,-0.313402,0.935937]],[[-0.0418663,-0.945233,-0.3237],[0.964976,0.0457232,-0.258323],[0.258976,-0.323178,0.910213]]],"btipPosition":[89.6741,121.984,16.6054],"carpPosition":[62.0496,94.9299,99.1785],"dipPosition":[95.044,115.283,35.4788],"direction":[0.16063,0.313402,-0.935937],"extended":true,"handId":790,"id":7900,"length":46.174,"mcpPosition":[62.0496,94.9299,99.1785],"pipPosition":[90.1917,105.816,63.7516],"stabilizedTipPosition":[90.4422,122.015,22.5357],"timeVisible":1.00591,"tipPosition":[86.7332,125.036,21.0556],"tipVelocity":[-15.1355,-5.30134,-21.5816],"tool":false,"touchDistance":-0.178949,"touchZone":"touching","type":0,"width":19.9616},{"bases":[[[-0.922952,-0.275406,-0.268908],[0.313634,-0.943082,-0.110588],[-0.223146,-0.186407,0.956796]],[[-0.936227,-0.287694,-0.201769],[0.336868,-0.89821,-0.28238],[-0.099992,-0.332342,0.937844]],[[-0.936227,-0.287694,-0.201769],[0.351176,-0.745744,-0.566163],[0.0124137,-0.600914,0.799217]],[[-0.936227,-0.287694,-0.201769],[0.340033,-0.59689,-0.726704],[0.0886345,-0.748969,0.656651]]],"btipPosition":[78.5064,124.944,-39.2968],"carpPosition":[61.0035,75.3035,89.0776],"dipPosition":[79.8481,113.607,-29.3568],"direction":[-0.0124137,0.600914,-0.799217],"extended":true,"handId":790,"id":7901,"length":52.1022,"mcpPosition":[76.3079,88.0881,23.4559],"pipPosition":[80.1139,100.738,-12.2419],"stabilizedTipPosition":[78.9977,123.142,-36.0212],"timeVisible":1.00591,"tipPosition":[75.9551,120.315,-38.1375],"tipVelocity":[-20.1842,-1.58784,-16.1164],"tool":false,"touchDistance":-0.126782,"touchZone":"touching","type":1,"width":19.0673},{"bases":[[[-0.984467,-0.133224,-0.11435],[0.148108,-0.979929,-0.133425],[-0.0942796,-0.148289,0.98444]],[[-0.98707,-0.138109,-0.0813585],[0.159979,-0.88049,-0.446255],[-0.0100035,-0.453501,0.8912]],[[-0.98707,-0.138109,-0.0813585],[0.154068,-0.677399,-0.7193],[0.0442297,-0.722534,0.689919]],[[-0.98707,-0.138109,-0.0813585],[0.141504,-0.512353,-0.847036],[0.0752991,-0.847597,0.525272]]],"btipPosition":[55.3343,132.109,-42.8912],"carpPosition":[51.1431,70.7818,85.3231],"dipPosition":[56.588,117.997,-34.1458],"direction":[-0.0442297,0.722534,-0.689919],"extended":true,"handId":790,"id":7902,"length":59.3663,"mcpPosition":[57.2752,80.4267,21.2943],"pipPosition":[57.7023,99.7932,-16.7639],"stabilizedTipPosition":[54.2688,135.198,-32.7375],"timeVisible":1.00591,"tipPosition":[56.404,125.078,-43.1658],"tipVelocity":[-24.2738,3.53575,-3.91876],"tool":false,"touchDistance":-0.0758033,"touchZone":"touching","type":2,"width":18.7266},{"bases":[[[-0.995956,-0.0793407,0.0421505],[0.0743124,-0.991171,-0.109804],[0.0504903,-0.106228,0.993059]],[[-0.990982,-0.0610867,-0.119257],[0.0987681,-0.934471,-0.342066],[-0.0905466,-0.35076,0.932078]],[[-0.990982,-0.0610867,-0.119257],[0.124145,-0.75347,-0.645656],[-0.0504156,-0.654639,0.754259]],[[-0.990982,-0.0610867,-0.119257],[0.127854,-0.69738,-0.705205],[-0.0400889,-0.714093,0.698902]]],"btipPosition":[42.6569,116.531,-41.8133],"carpPosition":[40.1201,68.5545,83.155],"dipPosition":[41.9933,104.71,-30.244],"direction":[0.0504156,0.654639,-0.754259],"extended":true,"handId":790,"id":7903,"length":57.0823,"mcpPosition":[37.1717,74.7577,25.1646],"pipPosition":[40.756,88.6426,-11.7319],"stabilizedTipPosition":[43.385,113.994,-38.375],"timeVisible":1.00591,"tipPosition":[43.8414,110.729,-40.6134],"tipVelocity":[-29.7361,27.6115,8.71075],"tool":false,"touchDistance":-0.182043,"touchZone":"touching","type":3,"width":17.8196},{"bases":[[[-0.981915,0.073766,0.174363],[-0.0773329,-0.996911,-0.013743],[0.17281,-0.0269785,0.984586]],[[-0.991434,0.0783487,-0.104497],[-0.0587742,-0.982138,-0.178747],[-0.116635,-0.171074,0.97833]],[[-0.991434,0.0783487,-0.104497],[0.0106972,-0.748687,-0.662837],[-0.130168,-0.658277,0.741436]],[[-0.991434,0.0783487,-0.104497],[0.0310013,-0.63605,-0.771025],[-0.126874,-0.76766,0.628173]]],"btipPosition":[25.8819,102.109,-22.363],"carpPosition":[27.3763,72.1605,83.95],"dipPosition":[23.9444,90.3853,-12.7699],"direction":[0.130168,0.658277,-0.741436],"extended":true,"handId":790,"id":7904,"length":44.7515,"mcpPosition":[18.0349,73.6189,30.7268],"pipPosition":[21.6887,78.9782,0.0781899],"stabilizedTipPosition":[25.7171,99.2264,-19.9988],"timeVisible":1.00591,"tipPosition":[24.88,103.708,-17.146],"tipVelocity":[-15.0257,11.8802,-4.97109],"tool":false,"touchDistance":-0.289122,"touchZone":"touching","type":4,"width":15.8287}],"r":[[0.989976,-0.135623,-0.0394099],[0.132739,0.988789,-0.0683812],[0.0482422,0.0624646,0.996881]],"s":1.34559,"t":[12.0365,8.81343,21.2978],"timestamp":747330494678},{"currentFrameRate":115.026,"devices":[],"gestures":[],"hands":[{"armBasis":[[-0.999792,-0.00881882,-0.0183736],[-0.0148718,-0.300744,0.953589],[-0.0139353,0.953664,0.30055]],"armWidth":61.7722,"confidence":1,"direction":[0.10916,-0.00311766,-0.994019],"elbow":[34.654,329.765,185.178],"grabAngle":0.79378,"grabStrength":0,"id":790,"palmNormal":[-0.280117,0.959372,-0.0337706],"palmPosition":[50.8416,83.5005,43.9428],"palmVelocity":[-11.3343,-7.72518,-23.3301],"palmWidth":84.8249,"pinchDistance":51.879,"pinchStrength":0.0324819,"r":[[0.990169,-0.134301,-0.0391014],[0.131397,0.988909,-0.0692318],[0.0479656,0.0634134,0.996834]],"s":1.34459,"sphereCenter":[26.6752,180.816,30.9723],"sphereRadius":101,"stabilizedPalmPosition":[49.2298,88.9736,50.5108],"t":[11.9526,8.76913,21.1389],"timeVisible":1.0146,"type":"right","wrist":[38.1616,89.7224,109.527]}],"id":1361424,"interactionBox":{"center":[0,200,0],"size":[235.247,235.247,147.751]},"pointables":[{"bases":[[[-0.111937,-0.972224,-0.20555],[0.850234,-0.200773,0.486613],[-0.514365,-0.120296,0.849092]],[[-0.0389388,-0.945864,-0.32222],[0.795798,-0.22437,0.562461],[-0.604308,-0.234521,0.761453]],[[-0.0389388,-0.945864,-0.32222],[0.986283,-0.0881443,0.139556],[-0.160403,-0.312366,0.936322]],[[-0.0389388,-0.945864,-0.32222],[0.964813,0.0483275,-0.258456],[0.260037,-0.320946,0.9107]]],"btipPosition":[89.4507,121.96,16.3695],"carpPosition":[61.8754,94.956,98.9719],"dipPosition":[94.8426,115.305,35.253],"direction":[0.160403,0.312366,-0.936322],"extended":true,"handId":790,"id":7900,"length":46.174,"mcpPosition":[61.8754,94.956,98.9719],"pipPosition":[89.9971,105.87,63.5374],"stabilizedTipPosition":[90.4542,121.938,22.4471],"timeVisible":1.0146,"tipPosition":[86.5338,125.041,20.8346],"tipVelocity":[-25.1513,-1.49558,-26.9077],"tool":false,"touchDistance":-0.182843,"touchZone":"touching","type":0,"width":19.9616},{"bases":[[[-0.921871,-0.278647,-0.269275],[0.316735,-0.942187,-0.109376],[-0.22323,-0.18612,0.956832]],[[-0.935101,-0.29085,-0.202465],[0.340137,-0.896965,-0.28242],[-0.0994628,-0.332957,0.937682]],[[-0.935101,-0.29085,-0.202465],[0.354099,-0.744045,-0.566579],[0.0141458,-0.601501,0.798747]],[[-0.935101,-0.29085,-0.202465],[0.342539,-0.595362,-0.726781],[0.0908439,-0.748966,0.656351]]],"btipPosition":[78.3175,124.973,-39.4653],"carpPosition":[60.8994,75.3158,88.8908],"dipPosition":[79.6926,113.635,-29.5298],"direction":[-0.0141458,0.601501,-0.798747],"extended":true,"handId":790,"id":7901,"length":52.1022,"mcpPosition":[76.2096,88.0808,23.2667],"pipPosition":[79.9955,100.754,-12.425],"stabilizedTipPosition":[78.9748,123.093,-36.0941],"timeVisible":1.0146,"tipPosition":[75.8176,120.257,-38.3524],"tipVelocity":[-20.8759,3.29119,-19.5246],"tool":false,"touchDistance":-0.129607,"touchZone":"touching","type":1,"width":19.0673},{"bases":[[[-0.983953,-0.1365,-0.11491],[0.151344,-0.979588,-0.132292],[-0.0945069,-0.14756,0.984527]],[[-0.986541,-0.141307,-0.0822807],[0.163262,-0.879265,-0.44748],[-0.00911462,-0.45489,0.890501]],[[-0.986541,-0.141307,-0.0822807],[0.156877,-0.675992,-0.720017],[0.0461221,-0.723234,0.689062]],[[-0.986541,-0.141307,-0.0822807],[0.143429,-0.506172,-0.850422],[0.0785221,-0.850777,0.519627]]],"btipPosition":[55.123,132.168,-42.9405],"carpPosition":[51.0563,70.7586,85.1341],"dipPosition":[56.4303,118.003,-34.2891],"direction":[-0.0461221,0.723234,-0.689062],"extended":true,"handId":790,"id":7902,"length":59.3663,"mcpPosition":[57.2031,80.356,21.0996],"pipPosition":[57.5923,99.7819,-16.9288],"stabilizedTipPosition":[54.2688,135.198,-32.7375],"timeVisible":1.0146,"tipPosition":[56.2211,125.004,-43.3664],"tipVelocity":[-22.9201,5.42468,-8.16978],"tool":false,"touchDistance":-0.0769855,"touchZone":"touching","type":2,"width":18.7266},{"bases":[[[-0.995726,-0.0824907,0.0415254],[0.0775689,-0.991042,-0.108712],[0.0501212,-0.105026,0.993206]],[[-0.990788,-0.0644866,-0.11908],[0.102361,-0.932345,-0.346777],[-0.0886613,-0.355772,0.930358]],[[-0.990788,-0.0644866,-0.11908],[0.126933,-0.748649,-0.650701],[-0.0471878,-0.659822,0.749939]],[[-0.990788,-0.0644866,-0.11908],[0.130367,-0.692169,-0.709864],[-0.0366469,-0.718849,0.6942]]],"btipPosition":[42.3896,116.804,-41.7645],"carpPosition":[40.042,68.4936,82.9605],"dipPosition":[41.783,104.904,-30.273],"direction":[0.0471878,0.659822,-0.749939],"extended":true,"handId":790,"id":7903,"length":57.0823,"mcpPosition":[37.1151,74.6267,24.9615],"pipPosition":[40.6248,88.71,-11.8669],"stabilizedTipPosition":[43.275,114.001,-38.4474],"timeVisible":1.0146,"tipPosition":[43.6668,110.669,-40.7909],"tipVelocity":[-29.2838,29.395,3.56618],"tool":false,"touchDistance":-0.181527,"touchZone":"touching","type":3,"width":17.8196},{"bases":[[[-0.98227,0.0707985,0.173587],[-0.0741259,-0.997167,-0.0127526],[0.172192,-0.0253938,0.984736]],[[-0.99169,0.075055,-0.104486],[-0.054852,-0.981336,-0.184311],[-0.116369,-0.177049,0.977298]],[[-0.99169,0.075055,-0.104486],[0.0135708,-0.746616,-0.665117],[-0.127931,-0.661007,0.739393]],[[-0.99169,0.075055,-0.104486],[0.0331592,-0.635612,-0.771296],[-0.124302,-0.768351,0.627842]]],"btipPosition":[25.7388,102.167,-22.5058],"carpPosition":[27.2862,72.0596,83.7426],"dipPosition":[23.8406,90.4332,-12.9177],"direction":[0.127931,0.661008,-0.739393],"extended":true,"handId":790,"id":7904,"length":44.7515,"mcpPosition":[17.9781,73.4323,30.5113],"pipPosition":[21.6237,78.9788,-0.10499],"stabilizedTipPosition":[25.6601,99.2597,-20.0403],"timeVisible":1.0146,"tipPosition":[24.7711,103.417,-17.4432],"tipVelocity":[-15.4405,6.452,-16.5728],"tool":false,"touchDistance":-0.290701,"touchZone":"touching","type":4,"width":15.8287}],"r":[[0.990169,-0.134301,-0.0391014],[0.131397,0.988909,-0.0692318],[0.0479656,0.0634134,0.996834]],"s":1.34459,"t":[11.9526,8.76913,21.1389],"timestamp":747330503360},{"currentFrameRate":114.985,"devices":[],"gestures":[],"hands":[{"armBasis":[[-0.99974,-0.0107592,-0.0200943],[-0.0160167,-0.295636,0.955166],[-0.0162174,0.95524,0.295387]],"armWidth":61.7722,"confidence":1,"direction":[0.109665,-0.00438091,-0.993959],"elbow":[33.9356,330.178,183.637],"grabAngle":0.799666,"grabStrength":0,"id":790,"palmNormal":[-0.281911,0.95879,-0.0353295],"palmPosition":[50.7485,83.412,43.7414],"palmVelocity":[-10.6079,-10.0996,-22.9629],"palmWidth":84.8249,"pinchDistance":51.7852,"pinchStrength":0.0349156,"r":[[0.990376,-0.132881,-0.0387169],[0.129956,0.989032,-0.070192],[0.0476194,0.0644849,0.996782]],"s":1.34326,"sphereCenter":[26.5445,180.073,30.636],"sphereRadius":100.327,"stabilizedPalmPosition":[49.2368,88.948,50.4796],"t":[11.8641,8.70271,20.9588],"timeVisible":1.02336,"type":"right","wrist":[38.0176,89.7383,109.287]}],"id":1361425,"interactionBox":{"center":[0,200,0],"size":[235.247,235.247,147.751]},"pointables":[{"bases":[[[-0.109998,-0.972736,-0.204167],[0.850368,-0.198446,0.487333],[-0.514563,-0.120012,0.849012]],[[-0.0371905,-0.946508,-0.320531],[0.796182,-0.221906,0.562896],[-0.603913,-0.234267,0.761845]],[[-0.0371905,-0.946508,-0.320531],[0.98644,-0.0860808,0.139737],[-0.159853,-0.310988,0.936874]],[[-0.0371905,-0.946508,-0.320531],[0.964689,0.0496896,-0.258661],[0.260752,-0.318833,0.911238]]],"btipPosition":[89.2586,121.877,16.1106],"carpPosition":[61.7331,94.9696,98.759],"dipPosition":[94.6653,115.266,35.0052],"direction":[0.159853,0.310988,-0.936874],"extended":true,"handId":790,"id":7900,"length":46.174,"mcpPosition":[61.7331,94.9696,98.759],"pipPosition":[89.8364,105.871,63.3063],"stabilizedTipPosition":[90.4562,121.872,22.3643],"timeVisible":1.02336,"tipPosition":[86.3876,124.971,20.5892],"tipVelocity":[-21.5224,-8.39358,-29.2393],"tool":false,"touchDistance":-0.187115,"touchZone":"touching","type":0,"width":19.9616},{"bases":[[[-0.921208,-0.280785,-0.269323],[0.318569,-0.941747,-0.107824],[-0.223358,-0.185127,0.956995]],[[-0.934387,-0.292851,-0.202878],[0.342213,-0.896127,-0.282572],[-0.0990525,-0.333459,0.937547]],[[-0.934387,-0.292851,-0.202878],[0.355923,-0.742589,-0.567345],[0.0154928,-0.602328,0.798098]],[[-0.934387,-0.292851,-0.202878],[0.34402,-0.593708,-0.727435],[0.0925799,-0.749499,0.6555]]],"btipPosition":[78.1554,124.946,-39.6288],"carpPosition":[60.7993,75.3127,88.7066],"dipPosition":[79.5568,113.601,-29.7062],"direction":[-0.0154928,0.602328,-0.798098],"extended":true,"handId":790,"id":7901,"length":52.1022,"mcpPosition":[76.1183,88.0096,23.0713],"pipPosition":[79.8886,100.702,-12.6153],"stabilizedTipPosition":[78.9474,123.052,-36.1632],"timeVisible":1.02336,"tipPosition":[75.7245,120.116,-38.5829],"tipVelocity":[-17.7954,-3.21254,-18.9868],"tool":false,"touchDistance":-0.132382,"touchZone":"touching","type":1,"width":19.0673},{"bases":[[[-0.983636,-0.138529,-0.115199],[0.15326,-0.979495,-0.130768],[-0.0947219,-0.146283,0.984697]],[[-0.986187,-0.143194,-0.0832454],[0.165399,-0.878084,-0.449011],[-0.0088008,-0.456578,0.88964]],[[-0.986187,-0.143194,-0.0832454],[0.158808,-0.67466,-0.720843],[0.0470579,-0.724106,0.688082]],[[-0.986187,-0.143194,-0.0832454],[0.144614,-0.499353,-0.854245],[0.0807537,-0.854484,0.513163]]],"btipPosition":[54.9732,132.213,-42.9649],"carpPosition":[50.9667,70.7314,84.9516],"dipPosition":[56.3177,117.987,-34.4211],"direction":[-0.0470579,0.724106,-0.688082],"extended":true,"handId":790,"id":7902,"length":59.3663,"mcpPosition":[57.1275,80.2457,20.9061],"pipPosition":[57.5033,99.7437,-17.0855],"stabilizedTipPosition":[54.2688,135.198,-32.7375],"timeVisible":1.02336,"tipPosition":[56.0765,124.883,-43.5714],"tipVelocity":[-16.1054,3.56633,-5.60684],"tool":false,"touchDistance":-0.0778048,"touchZone":"touching","type":2,"width":18.7266},{"bases":[[[-0.995589,-0.0843101,0.0411506],[0.0794948,-0.991054,-0.107207],[0.0498211,-0.103463,0.993385]],[[-0.9907,-0.0666339,-0.118628],[0.104752,-0.929946,-0.35246],[-0.0868317,-0.361609,0.928278]],[[-0.9907,-0.0666339,-0.118628],[0.128621,-0.743014,-0.6568],[-0.0443771,-0.66595,0.744675]],[[-0.9907,-0.0666339,-0.118628],[0.131813,-0.686188,-0.715382],[-0.0337323,-0.724366,0.68859]]],"btipPosition":[42.1332,117.134,-41.6551],"carpPosition":[39.9578,68.4424,82.7759],"dipPosition":[41.5749,105.143,-30.2565],"direction":[0.0443771,0.66595,-0.744675],"extended":true,"handId":790,"id":7903,"length":57.0823,"mcpPosition":[37.0484,74.4842,24.7664],"pipPosition":[40.4857,88.7985,-11.9796],"stabilizedTipPosition":[43.1464,114.039,-38.5067],"timeVisible":1.02336,"tipPosition":[43.5005,110.604,-40.953],"tipVelocity":[-27.9723,35.2698,10.0357],"tool":false,"touchDistance":-0.180061,"touchZone":"touching","type":3,"width":17.8196},{"bases":[[[-0.982489,0.0691992,0.172992],[-0.0722362,-0.997323,-0.0113145],[0.171746,-0.0236127,0.984858]],[[-0.99188,0.0730233,-0.104127],[-0.0521364,-0.980243,-0.190801],[-0.116002,-0.183823,0.97609]],[[-0.99188,0.0730233,-0.104127],[0.0153808,-0.743851,-0.668169],[-0.126247,-0.664345,0.736687]],[[-0.99188,0.0730233,-0.104127],[0.0342953,-0.634832,-0.771889],[-0.122469,-0.769192,0.627172]]],"btipPosition":[25.603,102.279,-22.6136],"carpPosition":[27.1949,71.9854,83.5464],"dipPosition":[23.7327,90.5328,-13.0358],"direction":[0.126247,0.664345,-0.736687],"extended":true,"handId":790,"id":7904,"length":44.7515,"mcpPosition":[17.9109,73.2618,30.3085],"pipPosition":[21.545,79.0205,-0.269973],"stabilizedTipPosition":[25.598,99.3002,-20.0875],"timeVisible":1.02336,"tipPosition":[24.6833,103.102,-17.7518],"tipVelocity":[-14.7617,12.4865,-12.57],"tool":false,"touchDistance":-0.291618,"touchZone":"touching","type":4,"width":15.8287}],"r":[[0.990376,-0.132881,-0.0387169],[0.129956,0.989032,-0.070192],[0.0476194,0.0644849,0.996782]],"s":1.34326,"t":[11.8641,8.70271,20.9588],"timestamp":747330512128},{"currentFrameRate":115.059,"devices":[],"gestures":[],"hands":[{"armBasis":[[-0.999671,-0.012334,-0.0224977],[-0.0179399,-0.290847,0.956601],[-0.0183421,0.95669,0.29053]],"armWidth":61.7722,"confidence":1,"direction":[0.109978,-0.00403451,-0.993926],"elbow":[33.2396,330.491,182.109],"grabAngle":0.805913,"grabStrength":0,"id":790,"palmNormal":[-0.282117,0.958737,-0.035108],"palmPosition":[50.6352,83.3417,43.4719],"palmVelocity":[-13.2398,-8.21111,-31.467],"palmWidth":84.8249,"pinchDistance":51.7251,"pinchStrength":0.0365715,"r":[[0.990548,-0.131696,-0.0383567],[0.128764,0.989138,-0.0708884],[0.0472758,0.0652794,0.996747]],"s":1.34168,"sphereCenter":[26.551,179.394,30.4078],"sphereRadius":99.6371,"stabilizedPalmPosition":[49.242,88.9272,50.4537],"t":[11.7632,8.63434,20.7341],"timeVisible":1.03193,"type":"right","wrist":[37.8565,89.686,108.981]}],"id":1361426,"interactionBox":{"center":[0,200,0],"size":[235.247,235.247,147.751]},"pointables":[{"bases":[[[-0.109713,-0.972695,-0.204516],[0.85026,-0.198411,0.487536],[-0.514803,-0.120403,0.848812]],[[-0.0368007,-0.946376,-0.320964],[0.796222,-0.221856,0.562859],[-0.603884,-0.234845,0.76169]],[[-0.0368007,-0.946376,-0.320964],[0.986593,-0.0855085,0.139006],[-0.158997,-0.311546,0.936835]],[[-0.0368007,-0.946376,-0.320964],[0.964566,0.0503314,-0.258998],[0.261264,-0.319122,0.91099]]],"btipPosition":[89.0874,121.841,15.8619],"carpPosition":[61.5998,94.884,98.4967],"dipPosition":[94.5048,115.224,34.7513],"direction":[0.158997,0.311546,-0.936835],"extended":true,"handId":790,"id":7900,"length":46.174,"mcpPosition":[61.5998,94.884,98.4967],"pipPosition":[89.7018,105.813,63.0512],"stabilizedTipPosition":[90.4521,121.82,22.2914],"timeVisible":1.03193,"tipPosition":[86.2874,124.899,20.3438],"tipVelocity":[-19.6977,-4.34723,-29.1816],"tool":false,"touchDistance":-0.191281,"touchZone":"touching","type":0,"width":19.9616},{"bases":[[[-0.92106,-0.280907,-0.269703],[0.318816,-0.94164,-0.108029],[-0.223617,-0.185487,0.956865]],[[-0.934186,-0.292923,-0.203697],[0.34273,-0.89543,-0.284152],[-0.0991614,-0.335264,0.936891]],[[-0.934186,-0.292923,-0.203697],[0.356449,-0.74142,-0.568543],[0.0155146,-0.603732,0.797036]],[[-0.934186,-0.292923,-0.203697],[0.344502,-0.592039,-0.728566],[0.0928175,-0.75079,0.653987]]],"btipPosition":[78.0475,125.007,-39.8182],"carpPosition":[60.6736,75.2301,88.4376],"dipPosition":[79.4526,113.642,-29.9185],"direction":[-0.0155146,0.603732,-0.797036],"extended":true,"handId":790,"id":7901,"length":52.1022,"mcpPosition":[76.0103,87.9517,22.8112],"pipPosition":[79.7848,100.713,-12.8504],"stabilizedTipPosition":[78.9227,123.023,-36.2221],"timeVisible":1.03193,"tipPosition":[75.6484,120.095,-38.8234],"tipVelocity":[-12.4965,6.52975,-22.7347],"tool":false,"touchDistance":-0.135627,"touchZone":"touching","type":1,"width":19.0673},{"bases":[[[-0.983568,-0.138714,-0.115553],[0.153523,-0.979418,-0.131036],[-0.0949984,-0.146623,0.98462]],[[-0.986023,-0.143156,-0.0852302],[0.166306,-0.876409,-0.45194],[-0.00999867,-0.459798,0.887967]],[[-0.986023,-0.143156,-0.0852302],[0.160088,-0.672385,-0.722683],[0.0461487,-0.726226,0.685905]],[[-0.986023,-0.143156,-0.0852302],[0.145442,-0.490072,-0.859462],[0.0812681,-0.859846,0.504044]]],"btipPosition":[54.9333,132.432,-42.9553],"carpPosition":[50.8432,70.6478,84.6781],"dipPosition":[56.2863,118.116,-34.5634],"direction":[-0.0461487,0.726226,-0.685905],"extended":true,"handId":790,"id":7902,"length":59.3663,"mcpPosition":[57.022,80.1843,20.6376],"pipPosition":[57.449,99.8197,-17.2826],"stabilizedTipPosition":[54.2688,135.198,-32.7375],"timeVisible":1.03193,"tipPosition":[55.9651,124.937,-43.7645],"tipVelocity":[-4.43995,23.1393,-2.95841],"tool":false,"touchDistance":-0.0782271,"touchZone":"touching","type":2,"width":18.7266},{"bases":[[[-0.995583,-0.0845489,0.0408103],[0.079753,-0.991001,-0.107503],[0.0495323,-0.103773,0.993367]],[[-0.990723,-0.0668988,-0.118289],[0.105587,-0.926913,-0.360117],[-0.0855524,-0.369266,0.925377]],[[-0.990723,-0.0668988,-0.118289],[0.129074,-0.735557,-0.665053],[-0.0425173,-0.674151,0.737369]],[[-0.990723,-0.0668988,-0.118289],[0.132165,-0.676893,-0.724119],[-0.0316265,-0.733035,0.679455]]],"btipPosition":[41.8967,117.715,-41.4865],"carpPosition":[39.8355,68.357,82.4982],"dipPosition":[41.3732,105.58,-30.239],"direction":[0.0425173,0.674151,-0.737369],"extended":true,"handId":790,"id":7903,"length":57.0823,"mcpPosition":[36.943,74.4169,24.4898],"pipPosition":[40.3296,89.0344,-12.1415],"stabilizedTipPosition":[42.9987,114.135,-38.549],"timeVisible":1.03193,"tipPosition":[43.3326,110.761,-41.1095],"tipVelocity":[-26.6846,63.9457,15.6348],"tool":false,"touchDistance":-0.177829,"touchZone":"touching","type":3,"width":17.8196},{"bases":[[[-0.982559,0.0689208,0.172705],[-0.0720068,-0.997336,-0.0116598],[0.171442,-0.0238924,0.984905]],[[-0.99197,0.0728282,-0.103397],[-0.0510526,-0.978572,-0.199474],[-0.115709,-0.192594,0.974433]],[[-0.99197,0.0728282,-0.103397],[0.0156879,-0.740384,-0.672001],[-0.125494,-0.668227,0.733297]],[[-0.99197,0.0728282,-0.103397],[0.0339755,-0.634046,-0.772549],[-0.121822,-0.769858,0.62648]]],"btipPosition":[25.464,102.558,-22.7755],"carpPosition":[27.0716,71.8969,83.2658],"dipPosition":[23.6036,90.8014,-13.2082],"direction":[0.125494,0.668227,-0.733297],"extended":true,"handId":790,"id":7904,"length":44.7515,"mcpPosition":[17.8041,73.1884,30.0254],"pipPosition":[21.4289,79.2219,-0.501133],"stabilizedTipPosition":[25.5305,99.3668,-20.146],"timeVisible":1.03193,"tipPosition":[24.5951,102.973,-18.0813],"tipVelocity":[-15.964,32.282,-19.1818],"tool":false,"touchDistance":-0.293253,"touchZone":"touching","type":4,"width":15.8287}],"r":[[0.990548,-0.131696,-0.0383567],[0.128764,0.989138,-0.0708884],[0.0472758,0.0652794,0.996747]],"s":1.34168,"t":[11.7632,8.63434,20.7341],"timestamp":747330520692},{"currentFrameRate":115.063,"devices":[],"gestures":[],"hands":[{"armBasis":[[-0.999581,-0.0135567,-0.0255737],[-0.0206293,-0.286092,0.95798],[-0.0203035,0.958106,0.285692]],"armWidth":61.7722,"confidence":1,"direction":[0.110929,-0.00413178,-0.99382],"elbow":[32.5341,330.768,180.531],"grabAngle":0.814102,"grabStrength":0,"id":790,"palmNormal":[-0.281385,0.958942,-0.0353947],"palmPosition":[50.5142,83.2133,43.1556],"palmVelocity":[-13.9236,-14.7834,-36.4192],"palmWidth":84.8249,"pinchDistance":51.6554,"pinchStrength":0.0388344,"r":[[0.990673,-0.130893,-0.0378787],[0.127968,0.989203,-0.0714244],[0.0468186,0.065911,0.996727]],"s":1.33982,"sphereCenter":[26.6718,178.509,30.0702],"sphereRadius":98.7756,"stabilizedPalmPosition":[49.2461,88.9087,50.43],"t":[11.6523,8.53595,20.4635],"timeVisible":1.04061,"type":"right","wrist":[37.6446,89.6066,108.62]}],"id":1361427,"interactionBox":{"center":[0,200,0],"size":[235.247,235.247,147.751]},"pointables":[{"bases":[[[-0.110225,-0.972619,-0.204605],[0.849646,-0.199022,0.488355],[-0.515705,-0.120013,0.848319]],[[-0.0368871,-0.946212,-0.321438],[0.795807,-0.222364,0.563246],[-0.604426,-0.235026,0.761204]],[[-0.0368871,-0.946212,-0.321438],[0.986648,-0.0855439,0.13859],[-0.158633,-0.312035,0.936734]],[[-0.0368871,-0.946212,-0.321438],[0.964532,0.0504194,-0.259105],[0.261375,-0.319595,0.910792]]],"btipPosition":[88.9341,121.738,15.5856],"carpPosition":[61.4345,94.7486,98.1908],"dipPosition":[94.3537,115.112,34.471],"direction":[0.158633,0.312035,-0.936734],"extended":true,"handId":790,"id":7900,"length":46.174,"mcpPosition":[61.4345,94.7486,98.1908],"pipPosition":[89.5617,105.686,62.7678],"stabilizedTipPosition":[90.4444,121.774,22.2244],"timeVisible":1.04061,"tipPosition":[86.2444,124.715,20.0602],"tipVelocity":[-17.6006,-12.0535,-31.9122],"tool":false,"touchDistance":-0.1959,"touchZone":"touching","type":0,"width":19.9616},{"bases":[[[-0.921005,-0.280241,-0.270582],[0.318234,-0.941874,-0.107707],[-0.224671,-0.185307,0.956653]],[[-0.93405,-0.292089,-0.205511],[0.342671,-0.895103,-0.285248],[-0.100636,-0.336859,0.936162]],[[-0.93405,-0.292089,-0.205511],[0.356865,-0.740614,-0.569332],[0.0140912,-0.605124,0.796006]],[[-0.93405,-0.292089,-0.205511],[0.345098,-0.589964,-0.729966],[0.0919709,-0.752746,0.651855]]],"btipPosition":[78.0492,124.98,-40.0281],"carpPosition":[60.5036,75.0952,88.1311],"dipPosition":[79.4414,113.585,-30.1607],"direction":[-0.0140912,0.605124,-0.796006],"extended":true,"handId":790,"id":7901,"length":52.1022,"mcpPosition":[75.9126,87.8044,22.5192],"pipPosition":[79.7432,100.627,-13.1146],"stabilizedTipPosition":[78.9061,123.003,-36.2682],"timeVisible":1.04061,"tipPosition":[75.6581,119.968,-39.1039],"tipVelocity":[-0.14745,-3.9064,-25.0249],"tool":false,"touchDistance":-0.139249,"touchZone":"touching","type":1,"width":19.0673},{"bases":[[[-0.983557,-0.138,-0.116495],[0.152936,-0.979532,-0.130873],[-0.0960501,-0.146537,0.984531]],[[-0.985874,-0.142076,-0.0886898],[0.166985,-0.87475,-0.454893],[-0.0129519,-0.463277,0.886119]],[[-0.985874,-0.142076,-0.0886898],[0.161747,-0.670223,-0.72432],[0.0434668,-0.728434,0.683736]],[[-0.985874,-0.142076,-0.0886898],[0.146994,-0.480173,-0.86477],[0.0802768,-0.865591,0.494275]]],"btipPosition":[55.0421,132.599,-42.9692],"carpPosition":[50.6735,70.5199,84.3622],"dipPosition":[56.3787,118.187,-34.7399],"direction":[-0.0434668,0.728434,-0.683736],"extended":true,"handId":790,"id":7902,"length":59.3663,"mcpPosition":[56.9207,80.0508,20.3275],"pipPosition":[57.4738,99.8349,-17.5138],"stabilizedTipPosition":[54.2688,135.198,-32.7375],"timeVisible":1.04061,"tipPosition":[55.9425,124.918,-43.999],"tipVelocity":[12.0984,16.6302,-5.90339],"tool":false,"touchDistance":-0.0790816,"touchZone":"touching","type":2,"width":18.7266},{"bases":[[[-0.995683,-0.0838231,0.0398562],[0.0791344,-0.99106,-0.10741],[0.0485033,-0.103792,0.993416]],[[-0.990731,-0.0662564,-0.118581],[0.105877,-0.923553,-0.368564],[-0.0850965,-0.377703,0.922008]],[[-0.990731,-0.0662564,-0.118581],[0.129343,-0.726829,-0.674529],[-0.0414966,-0.683615,0.728662]],[[-0.990731,-0.0662564,-0.118581],[0.132465,-0.664521,-0.735435],[-0.0300726,-0.744326,0.667139]]],"btipPosition":[41.7187,118.349,-41.2648],"carpPosition":[39.6662,68.2371,82.1717],"dipPosition":[41.2209,106.028,-30.2212],"direction":[0.0414966,0.683615,-0.728662],"extended":true,"handId":790,"id":7903,"length":57.0823,"mcpPosition":[36.8338,74.2981,24.1605],"pipPosition":[40.2024,89.2496,-12.3374],"stabilizedTipPosition":[42.8349,114.297,-38.5697],"timeVisible":1.04061,"tipPosition":[43.2179,110.907,-41.2828],"tipVelocity":[-19.8159,68.0946,20.1208],"tool":false,"touchDistance":-0.174917,"touchZone":"touching","type":3,"width":17.8196},{"bases":[[[-0.982674,0.0696394,0.171761],[-0.0727219,-0.997283,-0.0117124],[0.170479,-0.0240002,0.985069]],[[-0.991938,0.0735441,-0.103198],[-0.0506724,-0.976618,-0.208924],[-0.116151,-0.20201,0.972472]],[[-0.991938,0.0735441,-0.103198],[0.0157408,-0.73655,-0.6762],[-0.125741,-0.672373,0.729454]],[[-0.991938,0.0735441,-0.103198],[0.0335763,-0.632728,-