{"frames":82,"data":[{"currentFrameRate":109.495,"devices":[],"gestures":[],"hands":[{"armBasis":[[0.681755,-0.123813,-0.721027],[0.290329,0.950431,0.11131],[0.671505,-0.285221,0.683908]],"armWidth":60.8819,"confidence":1,"direction":[-0.166562,0.108444,-0.980049],"elbow":[137.8,64.396,327.381],"grabAngle":2.71468,"grabStrength":0,"id":772,"palmNormal":[-0.281689,-0.957745,-0.0581028],"palmPosition":[-56.9975,144.124,88.5897],"palmVelocity":[49.4371,1.60715,-14.824],"palmWidth":85.1216,"pinchDistance":51.3814,"pinchStrength":0.271316,"r":[[0.921519,-0.263895,0.284889],[0.373363,0.803816,-0.463119],[-0.106783,0.53314,0.839261]],"s":1.05321,"sphereCenter":[-70.9213,111.575,69.0044],"sphereRadius":42.4271,"stabilizedPalmPosition":[-57.5107,144.049,88.7977],"t":[26.9557,-22.2252,-37.1212],"timeVisible":5.64557,"type":"right","wrist":[-31.8131,136.439,154.636]}],"id":1353116,"interactionBox":{"center":[0,200,0],"size":[235.247,235.247,147.751]},"pointables":[{"bases":[[[0.599689,0.770599,-0.215755],[-0.569502,0.600385,0.561431],[0.562174,-0.213811,0.798902]],[[0.458466,0.798914,-0.389288],[-0.70842,0.59302,0.382712],[0.53661,0.100319,0.837846]],[[0.458466,0.798914,-0.389288],[-0.799553,0.562022,0.211769],[0.387974,0.214167,0.896442]],[[0.458466,0.798914,-0.389288],[-0.861783,0.506666,0.0248761],[0.217113,0.324077,0.92078]]],"btipPosition":[-109.614,119.731,58.9766],"carpPosition":[-68.2201,137.697,144.598],"dipPosition":[-105.081,126.498,78.2028],"direction":[-0.387974,-0.214167,-0.896442],"extended":false,"handId":772,"id":7720,"length":46.4973,"mcpPosition":[-68.2201,137.697,144.598],"pipPosition":[-93.2788,133.013,105.472],"stabilizedTipPosition":[-109.075,121.161,63.8224],"timeVisible":5.64557,"tipPosition":[-107.544,122.535,63.6054],"tipVelocity":[57.8345,3.2182,-46.9476],"tool":false,"touchDistance":0.301204,"touchZone":"hovering","type":0,"width":19.5255},{"bases":[[[0.903558,-0.244401,-0.351925],[0.23068,0.969642,-0.0811231],[0.361068,-0.00788263,0.932506]],[[0.932479,-0.244114,-0.266254],[0.198771,0.96222,-0.186069],[0.301617,0.120582,0.945773]],[[0.932479,-0.244114,-0.266254],[0.169988,0.94692,-0.272847],[0.318728,0.209164,0.92448]],[[0.932479,-0.244114,-0.266254],[0.148189,0.930728,-0.334344],[0.329428,0.272312,0.904059]]],"btipPosition":[-105.911,141.551,0.267964],"carpPosition":[-57.605,154.292,134.416],"dipPosition":[-100.89,145.702,14.049],"direction":[-0.318728,-0.209164,-0.92448],"extended":true,"handId":772,"id":7721,"length":52.4671,"mcpPosition":[-82.4554,154.835,70.2366],"pipPosition":[-94.0165,150.213,33.9848],"stabilizedTipPosition":[-105.47,142.685,3.74732],"timeVisible":5.64557,"tipPosition":[-99.7837,142.425,2.4677],"tipVelocity":[121.995,-26.2739,-54.5679],"tool":false,"touchDistance":0.319849,"touchZone":"hovering","type":1,"width":18.6507},{"bases":[[[0.891379,-0.404915,-0.203684],[0.387987,0.913955,-0.11896],[0.234327,0.0270114,0.971783]],[[0.903826,-0.402566,-0.145046],[-0.108154,0.113043,-0.987686],[0.414006,0.908384,0.0586318]],[[0.903826,-0.402566,-0.145046],[-0.426123,-0.87764,-0.219469],[-0.0389471,0.260169,-0.964777]],[[0.903826,-0.402566,-0.145046],[-0.287263,-0.822076,0.491601],[-0.31714,-0.402655,-0.858656]]],"btipPosition":[-73.933,112.379,102.688],"carpPosition":[-47.1404,153.056,129.763],"dipPosition":[-79.2501,105.628,88.2916],"direction":[0.0389471,-0.260169,0.964777],"extended":false,"handId":772,"id":7722,"length":59.782,"mcpPosition":[-62.4345,151.293,66.3362],"pipPosition":[-80.2382,112.229,63.8148],"stabilizedTipPosition":[-75.5477,110.74,99.5701],"timeVisible":5.64557,"tipPosition":[-76.8708,108.011,96.4969],"tipVelocity":[39.3119,-1.50822,-19.6419],"tool":false,"touchDistance":0.489611,"touchZone":"none","type":2,"width":18.3175},{"bases":[[[0.884345,-0.464265,-0.048907],[0.457953,0.883086,-0.102169],[0.0906226,0.0679556,0.993564]],[[0.888188,-0.459354,0.010759],[0.0497616,0.0728862,-0.996098],[0.456778,0.885258,0.0875948]],[[0.888188,-0.459354,0.010759],[-0.445644,-0.86691,-0.223313],[0.111907,0.193549,-0.974687]],[[0.888188,-0.459354,0.010759],[-0.401812,-0.765144,0.503091],[-0.222865,-0.451163,-0.864166]]],"btipPosition":[-59.3688,112.64,103.368],"carpPosition":[-36.7993,149.174,126.587],"dipPosition":[-63.0839,105.12,88.9624],"direction":[-0.111907,-0.193549,0.974687],"extended":false,"handId":772,"id":7723,"length":57.482,"mcpPosition":[-42.1098,145.192,68.3644],"pipPosition":[-60.318,109.903,64.8727],"stabilizedTipPosition":[-60.5898,110.834,100.122],"timeVisible":5.64557,"tipPosition":[-61.2023,108.533,98.8047],"tipVelocity":[39.606,1.22318,-8.94002],"tool":false,"touchDistance":0.500907,"touchZone":"none","type":3,"width":17.4303},{"bases":[[[0.800985,-0.592766,0.083974],[0.596121,0.802637,-0.020349],[-0.0553384,0.0663579,0.99626]],[[0.768071,-0.5627,0.305673],[0.349759,-0.0312211,-0.936319],[0.53641,0.826072,0.172829]],[[0.768071,-0.5627,0.305673],[-0.488584,-0.823513,-0.288292],[0.413947,0.0720813,-0.907443]],[[0.768071,-0.5627,0.305673],[-0.63999,-0.690852,0.336357],[0.0219068,-0.453974,-0.890746]]],"btipPosition":[-49.3798,115.342,96.2513],"carpPosition":[-27.8994,139.278,126.213],"dipPosition":[-49.043,108.361,82.5531],"direction":[-0.413947,-0.0720813,0.907443],"extended":false,"handId":772,"id":7724,"length":45.0648,"mcpPosition":[-24.8975,135.679,72.1704],"pipPosition":[-41.8196,109.619,66.7182],"stabilizedTipPosition":[-49.6468,113.679,93.1],"timeVisible":5.64557,"tipPosition":[-47.9918,110.094,92.6926],"tipVelocity":[45.8425,0.590174,-2.83088],"tool":false,"touchDistance":0.385011,"touchZone":"none","type":4,"width":15.4829}],"r":[[0.921519,-0.263895,0.284889],[0.373363,0.803816,-0.463119],[-0.106783,0.53314,0.839261]],"s":1.05321,"t":[26.9557,-22.2252,-37.1212],"timestamp":747257260134},{"currentFrameRate":109.333,"devices":[],"gestures":[],"hands":[{"armBasis":[[0.679115,-0.116707,-0.724694],[0.287961,0.950495,0.116779],[0.67519,-0.287989,0.679103]],"armWidth":60.8819,"confidence":1,"direction":[-0.164064,0.109939,-0.980304],"elbow":[139.119,63.4978,325.933],"grabAngle":2.71432,"grabStrength":0,"id":772,"palmNormal":[-0.279029,-0.958357,-0.0607797],"palmPosition":[-56.5052,144.029,88.3407],"palmVelocity":[52.1725,-10.0918,-26.3968],"palmWidth":85.1216,"pinchDistance":51.3914,"pinchStrength":0.268441,"r":[[0.920678,-0.263935,0.287559],[0.374745,0.803764,-0.462093],[-0.109167,0.5332,0.838916]],"s":1.0534,"sphereCenter":[-70.1788,111.422,68.6259],"sphereRadius":42.4743,"stabilizedPalmPosition":[-57.0667,144.04,88.5959],"t":[27.3944,-22.2458,-37.3173],"timeVisible":5.655,"type":"right","wrist":[-31.4244,136.24,154.401]}],"id":1353117,"interactionBox":{"center":[0,200,0],"size":[235.247,235.247,147.751]},"pointables":[{"bases":[[[0.598291,0.772577,-0.21254],[-0.572653,0.597798,0.560987],[0.560462,-0.213922,0.800075]],[[0.457808,0.80085,-0.386072],[-0.710071,0.59068,0.383271],[0.534987,0.098674,0.839078]],[[0.457808,0.80085,-0.386072],[-0.801002,0.559968,0.211735],[0.385756,0.21231,0.89784]],[[0.457808,0.80085,-0.386072],[-0.862695,0.505116,0.0247961],[0.214869,0.32171,0.922135]]],"btipPosition":[-109.074,119.679,58.5544],"carpPosition":[-67.8698,137.463,144.304],"dipPosition":[-104.587,126.396,77.8089],"direction":[-0.385756,-0.21231,-0.89784],"extended":false,"handId":772,"id":7720,"length":46.4973,"mcpPosition":[-67.8698,137.463,144.304],"pipPosition":[-92.8527,132.855,105.121],"stabilizedTipPosition":[-108.626,121.189,63.4571],"timeVisible":5.655,"tipPosition":[-106.936,122.346,63.1687],"tipVelocity":[56.1293,-6.69649,-44.0574],"tool":false,"touchDistance":0.294275,"touchZone":"hovering","type":0,"width":19.5255},{"bases":[[[0.905185,-0.241361,-0.349836],[0.228384,0.970396,-0.078567],[0.358442,-0.00877942,0.933511]],[[0.934124,-0.241155,-0.263166],[0.196954,0.963098,-0.183444],[0.297693,0.119528,0.947149]],[[0.934124,-0.241155,-0.263166],[0.168759,0.948036,-0.26972],[0.314535,0.20754,0.92628]],[[0.934124,-0.241155,-0.263166],[0.147261,0.931963,-0.3313],[0.325156,0.270721,0.906081]]],"btipPosition":[-105.089,141.526,-0.154713],"carpPosition":[-57.2691,154.105,134.185],"dipPosition":[-100.132,145.652,13.6571],"direction":[-0.314535,-0.20754,-0.92628],"extended":true,"handId":772,"id":7721,"length":52.4671,"mcpPosition":[-81.9388,154.709,69.9363],"pipPosition":[-93.3495,150.128,33.6318],"stabilizedTipPosition":[-104.563,142.56,3.31489],"timeVisible":5.655,"tipPosition":[-99.0677,142.388,2.09905],"tipVelocity":[85.5874,-3.30435,-44.0427],"tool":false,"touchDistance":0.312923,"touchZone":"hovering","type":1,"width":18.6507},{"bases":[[[0.893004,-0.402197,-0.201945],[0.385943,0.915192,-0.116066],[0.2315,0.0257079,0.972495]],[[0.905279,-0.399931,-0.143267],[-0.106126,0.113646,-0.987837],[0.411349,0.909472,0.0604386]],[[0.905279,-0.399931,-0.143267],[-0.423231,-0.87819,-0.222841],[-0.0366943,0.262368,-0.96427]],[[0.905279,-0.399931,-0.143267],[-0.28681,-0.824163,0.488359],[-0.313385,-0.401011,-0.860802]]],"btipPosition":[-73.4021,112.183,102.383],"carpPosition":[-46.7882,152.905,129.559],"dipPosition":[-78.6563,105.46,87.9507],"direction":[0.0366943,-0.262368,0.96427],"extended":false,"handId":772,"id":7722,"length":59.782,"mcpPosition":[-61.8977,151.227,66.0858],"pipPosition":[-79.5872,112.117,63.4867],"stabilizedTipPosition":[-75.1678,110.698,99.3647],"timeVisible":5.655,"tipPosition":[-76.3001,107.859,96.1321],"tipVelocity":[57.799,-20.0742,-33.193],"tool":false,"touchDistance":0.484391,"touchZone":"none","type":2,"width":18.3175},{"bases":[[[0.885686,-0.461869,-0.047305],[0.455941,0.884472,-0.0991369],[0.0876282,0.0662359,0.993949]],[[0.889347,-0.457066,0.0123812],[0.0516437,0.0735079,-0.995957],[0.454308,0.88639,0.0889786]],[[0.889347,-0.457066,0.0123812],[-0.442771,-0.867656,-0.226111],[0.11409,0.195609,-0.974023]],[[0.889347,-0.457066,0.0123812],[-0.401267,-0.767221,0.500356],[-0.219197,-0.449958,-0.865731]]],"btipPosition":[-58.8387,112.507,103.118],"carpPosition":[-36.428,149.056,126.405],"dipPosition":[-62.4926,105.007,88.6862],"direction":[-0.11409,-0.195609,0.974023],"extended":false,"handId":772,"id":7723,"length":57.482,"mcpPosition":[-41.5631,145.175,68.1599],"pipPosition":[-59.6728,109.841,64.613],"stabilizedTipPosition":[-60.2074,110.812,99.986],"timeVisible":5.655,"tipPosition":[-60.642,108.418,98.4798],"tipVelocity":[57.6679,-13.5942,-27.1392],"tool":false,"touchDistance":0.496639,"touchZone":"none","type":3,"width":17.4303},{"bases":[[[0.802284,-0.590847,0.0850866],[0.594085,0.804221,-0.0170826],[-0.0583352,0.0642538,0.996227]],[[0.768769,-0.56139,0.306325],[0.350964,-0.0300707,-0.935906],[0.53462,0.827005,0.17391]],[[0.768769,-0.56139,0.306325],[-0.485773,-0.824137,-0.291243],[0.415955,0.0750943,-0.906279]],[[0.768769,-0.56139,0.306325],[-0.63904,-0.693011,0.333712],[0.024944,-0.452301,-0.891516]]],"btipPosition":[-48.8445,115.255,96.0344],"carpPosition":[-27.5013,139.185,126.037],"dipPosition":[-48.4609,108.299,82.3243],"direction":[-0.415955,-0.0750943,0.906279],"extended":false,"handId":772,"id":7724,"length":45.0648,"mcpPosition":[-24.3369,135.699,71.996],"pipPosition":[-41.2025,109.61,66.5097],"stabilizedTipPosition":[-49.22,113.668,92.9951],"timeVisible":5.655,"tipPosition":[-47.4287,110.031,92.4046],"tipVelocity":[57.8705,-8.61811,-23.2771],"tool":false,"touchDistance":0.381351,"touchZone":"none","type":4,"width":15.4829}],"r":[[0.920678,-0.263935,0.287559],[0.374745,0.803764,-0.462093],[-0.109167,0.5332,0.838916]],"s":1.0534,"t":[27.3944,-22.2458,-37.3173],"timestamp":747257269570},{"currentFrameRate":109.924,"devices":[],"gestures":[],"hands":[{"armBasis":[[0.674456,-0.11249,-0.729695],[0.288941,0.949713,0.12066],[0.679428,-0.292219,0.673042]],"armWidth":60.8819,"confidence":1,"direction":[-0.158694,0.107214,-0.981489],"elbow":[140.355,62.5521,324.392],"grabAngle":2.71184,"grabStrength":0,"id":772,"palmNormal":[-0.279576,-0.95828,-0.0594748],"palmPosition":[-56.0849,144.05,88.2445],"palmVelocity":[52.247,2.62774,-11.9606],"palmWidth":85.1216,"pinchDistance":51.433,"pinchStrength":0.266604,"r":[[0.91964,-0.263963,0.290836],[0.376491,0.803383,-0.461335],[-0.111878,0.533759,0.838203]],"s":1.05377,"sphereCenter":[-69.6824,111.393,68.5329],"sphereRadius":42.4999,"stabilizedPalmPosition":[-56.6745,144.044,88.4555],"t":[27.8238,-22.2455,-37.4635],"timeVisible":5.66305,"type":"right","wrist":[-31.2591,136.363,154.391]}],"id":1353118,"interactionBox":{"center":[0,200,0],"size":[235.247,235.247,147.751]},"pointables":[{"bases":[[[0.600131,0.771412,-0.21158],[-0.575111,0.599954,0.556149],[0.555959,-0.21208,0.803699]],[[0.460711,0.799298,-0.385836],[-0.710984,0.592576,0.378623],[0.531269,0.0998875,0.841294]],[[0.460711,0.799298,-0.385836],[-0.800432,0.562001,0.208479],[0.383477,0.212787,0.898703]],[[0.460711,0.799298,-0.385836],[-0.861546,0.507203,0.0219841],[0.213269,0.322287,0.922306]]],"btipPosition":[-108.684,119.791,58.282],"carpPosition":[-67.7561,137.658,144.165],"dipPosition":[-104.231,126.521,77.54],"direction":[-0.383477,-0.212787,-0.898703],"extended":false,"handId":772,"id":7720,"length":46.4973,"mcpPosition":[-67.7561,137.658,144.165],"pipPosition":[-92.5654,132.994,104.878],"stabilizedTipPosition":[-108.261,121.245,63.1753],"timeVisible":5.66305,"tipPosition":[-106.416,122.326,62.8633],"tipVelocity":[47.5425,14.2918,-33.7677],"tool":false,"touchDistance":0.289748,"touchZone":"hovering","type":0,"width":19.5255},{"bases":[[[0.90683,-0.243199,-0.344257],[0.229691,0.969955,-0.0801767],[0.353413,-0.00636631,0.935446]],[[0.935403,-0.242759,-0.257077],[0.199161,0.962495,-0.184222],[0.292157,0.121122,0.948669]],[[0.935403,-0.242759,-0.257077],[0.171875,0.947565,-0.269406],[0.308998,0.207818,0.92808]],[[0.935403,-0.242759,-0.257077],[0.150748,0.93148,-0.331089],[0.319837,0.270948,0.907905]]],"btipPosition":[-104.147,141.445,-0.543405],"carpPosition":[-57.086,154.261,134.054],"dipPosition":[-99.2713,145.575,13.2962],"direction":[-0.308998,-0.207818,-0.92808],"extended":true,"handId":772,"id":7721,"length":52.4671,"mcpPosition":[-81.4095,154.699,69.6725],"pipPosition":[-92.608,150.057,33.3097],"stabilizedTipPosition":[-103.725,142.47,2.94684],"timeVisible":5.66305,"tipPosition":[-98.2239,142.197,1.78737],"tipVelocity":[114.798,-9.91466,-47.5319],"tool":false,"touchDistance":0.306684,"touchZone":"hovering","type":1,"width":18.6507},{"bases":[[[0.893708,-0.40359,-0.195964],[0.387398,0.914501,-0.116666],[0.226295,0.0283493,0.973646]],[[0.905669,-0.401164,-0.137228],[-0.100327,0.111697,-0.988665],[0.411945,0.909171,0.0609132]],[[0.905669,-0.401164,-0.137228],[-0.422897,-0.877895,-0.224628],[-0.0303592,0.261471,-0.964734]],[[0.905669,-0.401164,-0.137228],[-0.291204,-0.823798,0.486372],[-0.308163,-0.40053,-0.862909]]],"btipPosition":[-73.1295,112.172,102.264],"carpPosition":[-46.5814,153.038,129.488],"dipPosition":[-78.2961,105.457,87.7962],"direction":[0.0303592,-0.261471,0.964734],"extended":false,"handId":772,"id":7722,"length":59.782,"mcpPosition":[-61.3513,151.188,65.94],"pipPosition":[-79.0664,112.09,63.3205],"stabilizedTipPosition":[-74.8709,110.674,99.215],"timeVisible":5.66305,"tipPosition":[-75.9444,107.938,96.0531],"tipVelocity":[36.3916,-1.21319,-15.8248],"tool":false,"touchDistance":0.48227,"touchZone":"none","type":2,"width":18.3175},{"bases":[[[0.885504,-0.462802,-0.041192],[0.457276,0.883767,-0.0992717],[0.0823473,0.0690694,0.994207]],[[0.888848,-0.457828,0.0184988],[0.0574654,0.0713303,-0.995796],[0.454583,0.886175,0.0897111]],[[0.888848,-0.457828,0.0184988],[-0.442183,-0.867657,-0.227258],[0.120096,0.193818,-0.973659]],[[0.888848,-0.457828,0.0184988],[-0.405172,-0.766485,0.498333],[-0.213972,-0.450438,-0.866788]]],"btipPosition":[-58.5557,112.517,103.078],"carpPosition":[-36.208,149.171,126.402],"dipPosition":[-62.1226,105.008,88.6291],"direction":[-0.120096,-0.193818,0.973659],"extended":false,"handId":772,"id":7723,"length":57.482,"mcpPosition":[-41.0336,145.124,68.141],"pipPosition":[-59.1544,109.799,64.5649],"stabilizedTipPosition":[-59.8935,110.804,99.8987],"timeVisible":5.66305,"tipPosition":[-60.3049,108.482,98.4707],"tipVelocity":[37.6727,0.937836,-5.40629],"tool":false,"touchDistance":0.495914,"touchZone":"none","type":3,"width":17.4303},{"bases":[[[0.801274,-0.591317,0.0911261],[0.594904,0.803632,-0.0162415],[-0.063628,0.0672252,0.995707]],[[0.766546,-0.561139,0.312297],[0.35669,-0.0323635,-0.933662],[0.534022,0.827088,0.175345]],[[0.766546,-0.561139,0.312297],[-0.484408,-0.824503,-0.292477],[0.42161,0.072918,-0.903841]],[[0.766546,-0.561139,0.312297],[-0.641458,-0.692235,0.330669],[0.0306312,-0.453799,-0.890578]]],"btipPosition":[-48.5119,115.258,96.0335],"carpPosition":[-27.2885,139.29,126.11],"dipPosition":[-48.0408,108.279,82.3379],"direction":[-0.42161,-0.072918,0.903841],"extended":false,"handId":772,"id":7724,"length":45.0648,"mcpPosition":[-23.837,135.644,72.0974],"pipPosition":[-40.6837,109.552,66.5658],"stabilizedTipPosition":[-48.8655,113.661,92.9466],"timeVisible":5.66305,"tipPosition":[-47.0657,110.067,92.4579],"tipVelocity":[43.863,-0.322589,0.307036],"tool":false,"touchDistance":0.381392,"touchZone":"none","type":4,"width":15.4829}],"r":[[0.91964,-0.263963,0.290836],[0.376491,0.803383,-0.461335],[-0.111878,0.533759,0.838203]],"s":1.05377,"t":[27.8238,-22.2455,-37.4635],"timestamp":747257277613},{"currentFrameRate":110.279,"devices":[],"gestures":[],"hands":[{"armBasis":[[0.670066,-0.107315,-0.734503],[0.289854,0.948766,0.125806],[0.683371,-0.297197,0.666842]],"armWidth":60.8819,"confidence":1,"direction":[-0.14767,0.110104,-0.982889],"elbow":[141.335,61.1752,322.913],"grabAngle":2.71085,"grabStrength":0,"id":772,"palmNormal":[-0.28124,-0.957434,-0.0649991],"palmPosition":[-55.5111,144.19,88.1685],"palmVelocity":[68.0074,16.5829,-9.00211],"palmWidth":85.1216,"pinchDistance":51.1847,"pinchStrength":0.257414,"r":[[0.918027,-0.264586,0.295331],[0.379287,0.80313,-0.459482],[-0.115617,0.533832,0.837649]],"s":1.05443,"sphereCenter":[-68.5565,111.218,68.195],"sphereRadius":42.6374,"stabilizedPalmPosition":[-56.1789,144.106,88.3332],"t":[28.3255,-22.1754,-37.5745],"timeVisible":5.67148,"type":"right","wrist":[-31.2753,136.243,154.478]}],"id":1353119,"interactionBox":{"center":[0,200,0],"size":[235.247,235.247,147.751]},"pointables":[{"bases":[[[0.60429,0.770468,-0.20301],[-0.579707,0.599951,0.551361],[0.546602,-0.215496,0.80919]],[[0.467866,0.799082,-0.377583],[-0.712379,0.593829,0.37401],[0.523085,0.0939954,0.847082]],[[0.467866,0.799082,-0.377583],[-0.798852,0.565118,0.2061],[0.378069,0.205206,0.902748]],[[0.467866,0.799082,-0.377583],[-0.857537,0.513824,0.0248288],[0.213851,0.312175,0.925643]]],"btipPosition":[-108.203,120.534,57.5952],"carpPosition":[-67.8098,137.684,143.941],"dipPosition":[-103.738,127.053,76.9229],"direction":[-0.378069,-0.205206,-0.902748],"extended":false,"handId":772,"id":7720,"length":46.4973,"mcpPosition":[-67.8098,137.684,143.941],"pipPosition":[-92.2368,133.295,104.384],"stabilizedTipPosition":[-107.855,121.54,62.7514],"timeVisible":5.67148,"tipPosition":[-105.662,122.635,62.1775],"tipVelocity":[57.3178,82.3194,-79.4874],"tool":false,"touchDistance":0.27857,"touchZone":"hovering","type":0,"width":19.5255},{"bases":[[[0.909952,-0.244555,-0.334932],[0.232918,0.969588,-0.0751597],[0.343126,-0.00961982,0.93924]],[[0.938154,-0.244378,-0.245247],[0.201139,0.961268,-0.188433],[0.281796,0.12745,0.950972]],[[0.938154,-0.244378,-0.245247],[0.175946,0.946595,-0.270187],[0.298177,0.210327,0.931049]],[[0.938154,-0.244378,-0.245247],[0.15601,0.930762,-0.330669],[0.309074,0.271958,0.911324]]],"btipPosition":[-102.547,141.383,-1.07249],"carpPosition":[-56.9891,154.287,133.991],"dipPosition":[-97.836,145.528,12.8193],"direction":[-0.298177,-0.210327,-0.93105],"extended":true,"handId":772,"id":7721,"length":52.4671,"mcpPosition":[-80.6047,154.949,69.3478],"pipPosition":[-91.406,150.064,32.8968],"stabilizedTipPosition":[-102.417,142.392,2.46992],"timeVisible":5.67148,"tipPosition":[-96.8695,142.649,1.28089],"tipVelocity":[185.074,-6.98665,-61.2816],"tool":false,"touchDistance":0.300703,"touchZone":"hovering","type":1,"width":18.6507},{"bases":[[[0.894815,-0.40529,-0.187205],[0.39088,0.913838,-0.110063],[0.215682,0.0253115,0.976136]],[[0.906138,-0.403043,-0.128335],[-0.0901995,0.112304,-0.989572],[0.413252,0.908264,0.0654083]],[[0.906138,-0.403043,-0.128335],[-0.422565,-0.876041,-0.232361],[-0.0187752,0.264781,-0.964126]],[[0.906138,-0.403043,-0.128335],[-0.299128,-0.825119,0.479272],[-0.299059,-0.395899,-0.868233]]],"btipPosition":[-72.7963,112.259,102.03],"carpPosition":[-46.4381,153.049,129.537],"dipPosition":[-77.8103,105.621,87.4737],"direction":[0.0187752,-0.264781,0.964126],"extended":false,"handId":772,"id":7722,"length":59.782,"mcpPosition":[-60.5153,151.397,65.8261],"pipPosition":[-78.2867,112.339,63.0134],"stabilizedTipPosition":[-74.5635,110.693,99.0373],"timeVisible":5.67148,"tipPosition":[-75.5301,108.128,95.6904],"tipVelocity":[43.645,12.4312,-30.0813],"tool":false,"touchDistance":0.478039,"touchZone":"none","type":2,"width":18.3175},{"bases":[[[0.884772,-0.464876,-0.0326845],[0.460488,0.882887,-0.0919833],[0.0716176,0.0663335,0.995224]],[[0.887475,-0.460062,0.0270519],[0.066407,0.0695732,-0.995364],[0.456047,0.885157,0.0922958]],[[0.887475,-0.460062,0.0270519],[-0.441822,-0.866049,-0.233991],[0.131079,0.195709,-0.971862]],[[0.887475,-0.460062,0.0270519],[-0.413441,-0.768861,0.48777],[-0.203605,-0.444068,-0.872553]]],"btipPosition":[-58.2625,112.559,103.12],"carpPosition":[-36.041,149.165,126.554],"dipPosition":[-61.6566,105.156,88.5746],"direction":[-0.131079,-0.195709,0.971862],"extended":false,"handId":772,"id":7723,"length":57.482,"mcpPosition":[-40.2378,145.278,68.2339],"pipPosition":[-58.4169,109.993,64.5548],"stabilizedTipPosition":[-59.5549,110.825,99.8492],"timeVisible":5.67148,"tipPosition":[-59.9163,108.64,98.2789],"tipVelocity":[39.4567,7.83829,2.30502],"tool":false,"touchDistance":0.496238,"touchZone":"none","type":3,"width":17.4303},{"bases":[[[0.798785,-0.593519,0.0983721],[0.597002,0.802203,-0.00765766],[-0.0743695,0.0648452,0.99512]],[[0.761994,-0.564041,0.318155],[0.36295,-0.0349017,-0.931155],[0.536314,0.825009,0.178124]],[[0.761994,-0.564041,0.318155],[-0.483033,-0.822279,-0.300894],[0.431329,0.0756002,-0.899022]],[[0.761994,-0.564041,0.318155],[-0.646401,-0.692165,0.321051],[0.0391294,-0.450295,-0.892022]]],"btipPosition":[-48.1562,115.324,96.1405],"carpPosition":[-27.1429,139.263,126.335],"dipPosition":[-47.5545,108.4,82.4226],"direction":[-0.431329,-0.0756002,0.899022],"extended":false,"handId":772,"id":7724,"length":45.0648,"mcpPosition":[-23.1087,135.745,72.3539],"pipPosition":[-40.0278,109.719,66.7347],"stabilizedTipPosition":[-48.4887,113.693,92.9639],"timeVisible":5.67148,"tipPosition":[-46.6384,110.218,92.4002],"tipVelocity":[45.7111,9.36041,12.0728],"tool":false,"touchDistance":0.38309,"touchZone":"none","type":4,"width":15.4829}],"r":[[0.918027,-0.264586,0.295331],[0.379287,0.80313,-0.459482],[-0.115617,0.533832,0.837649]],"s":1.05443,"t":[28.3255,-22.1754,-37.5745],"timestamp":747257286051},{"currentFrameRate":110.501,"devices":[],"gestures":[],"hands":[{"armBasis":[[0.664006,-0.105506,-0.740246],[0.295171,0.946579,0.129856],[0.687001,-0.304724,0.659677]],"armWidth":60.8819,"confidence":1,"direction":[-0.135209,0.109995,-0.984693],"elbow":[142.092,59.3006,321.369],"grabAngle":2.71017,"grabStrength":0,"id":772,"palmNormal":[-0.287146,-0.955519,-0.0673076],"palmPosition":[-55.0037,144.363,88.2433],"palmVelocity":[58.6186,19.983,8.64627],"palmWidth":85.1216,"pinchDistance":50.9624,"pinchStrength":0.251018,"r":[[0.915636,-0.266299,0.301158],[0.383728,0.802291,-0.457255],[-0.119849,0.534242,0.836793]],"s":1.05504,"sphereCenter":[-67.7901,111.147,68.1511],"sphereRadius":42.7296,"stabilizedPalmPosition":[-55.6599,144.219,88.2935],"t":[28.83,-22.0539,-37.5927],"timeVisible":5.68014,"type":"right","wrist":[-31.4349,136.27,154.743]}],"id":1353120,"interactionBox":{"center":[0,200,0],"size":[235.247,235.247,147.751]},"pointables":[{"bases":[[[0.612039,0.76599,-0.196641],[-0.582,0.604626,0.543786],[0.535428,-0.218373,0.815861]],[[0.478344,0.795326,-0.372349],[-0.71195,0.599445,0.365777],[0.514114,0.0901268,0.852973]],[[0.478344,0.795326,-0.372349],[-0.795075,0.572262,0.200927],[0.372883,0.199933,0.906082]],[[0.478344,0.795326,-0.372349],[-0.852211,0.522745,0.0217594],[0.211949,0.306912,0.927838]]],"btipPosition":[-107.786,121.309,57.1045],"carpPosition":[-68.0093,138.008,143.873],"dipPosition":[-103.36,127.717,76.4781],"direction":[-0.372883,-0.199933,-0.906082],"extended":false,"handId":772,"id":7720,"length":46.4973,"mcpPosition":[-68.0093,138.008,143.873],"pipPosition":[-92.0174,133.799,104.041],"stabilizedTipPosition":[-107.433,122.022,62.2893],"timeVisible":5.68014,"tipPosition":[-105.034,123.121,61.6784],"tipVelocity":[47.1046,86.5747,-55.4727],"tool":false,"touchDistance":0.270567,"touchZone":"hovering","type":0,"width":19.5255},{"bases":[[[0.912132,-0.251297,-0.323828],[0.240578,0.967848,-0.0734287],[0.331869,-0.0109293,0.943262]],[[0.939481,-0.251201,-0.232966],[0.207689,0.958387,-0.195858],[0.272471,0.13562,0.952558]],[[0.939481,-0.251201,-0.232966],[0.184326,0.9438,-0.274346],[0.28879,0.214801,0.932985]],[[0.939481,-0.251201,-0.232966],[0.165221,0.927894,-0.334238],[0.300129,0.275519,0.913242]]],"btipPosition":[-101.042,141.245,-1.43794],"carpPosition":[-56.9552,154.523,134.034],"dipPosition":[-96.4675,145.445,12.4831],"direction":[-0.28879,-0.214801,-0.932985],"extended":true,"handId":772,"id":7721,"length":52.4671,"mcpPosition":[-79.796,155.275,69.1142],"pipPosition":[-90.2399,150.077,32.6023],"stabilizedTipPosition":[-100.93,142.281,2.03733],"timeVisible":5.68014,"tipPosition":[-95.4958,142.984,0.902436],"tipVelocity":[170.236,-14.461,-41.4422],"tool":false,"touchDistance":0.297263,"touchZone":"hovering","type":1,"width":18.6507},{"bases":[[[0.894116,-0.411751,-0.176119],[0.398549,0.910955,-0.106392],[0.204243,0.0249346,0.978603]],[[0.904754,-0.409515,-0.117121],[-0.078183,0.110631,-0.990782],[0.418697,0.905571,0.0680764]],[[0.904754,-0.409515,-0.117121],[-0.425906,-0.872958,-0.237799],[-0.00485961,0.265032,-0.964227]],[[0.904754,-0.409515,-0.117121],[-0.311336,-0.823488,0.474275],[-0.29067,-0.392638,-0.872551]]],"btipPosition":[-72.7004,112.496,102],"carpPosition":[-46.361,153.207,129.707],"dipPosition":[-77.5737,105.913,87.3707],"direction":[0.00485961,-0.265032,0.964227],"extended":false,"handId":772,"id":7722,"length":59.782,"mcpPosition":[-59.6916,151.579,65.8353],"pipPosition":[-77.697,112.637,62.9078],"stabilizedTipPosition":[-74.3039,110.794,98.8967],"timeVisible":5.68014,"tipPosition":[-75.3532,108.466,95.5844],"tipVelocity":[14.8205,28.7948,-5.45492],"tool":false,"touchDistance":0.477252,"touchZone":"none","type":2,"width":18.3175},{"bases":[[[0.881821,-0.471086,-0.021665],[0.467719,0.87954,-0.0874528],[0.060253,0.0669846,0.995933]],[[0.883847,-0.466222,0.0380942],[0.0775078,0.065651,-0.994828],[0.461309,0.882229,0.0941613]],[[0.883847,-0.466222,0.0380942],[-0.44503,-0.863163,-0.238534],[0.144091,0.193875,-0.970387]],[[0.883847,-0.466222,0.0380942],[-0.425366,-0.767165,0.480127],[-0.194621,-0.440563,-0.876372]]],"btipPosition":[-58.1933,112.705,103.329],"carpPosition":[-35.9566,149.246,126.852],"dipPosition":[-61.4376,105.361,88.7204],"direction":[-0.144091,-0.193875,0.970387],"extended":false,"handId":772,"id":7723,"length":57.482,"mcpPosition":[-39.4874,145.321,68.4905],"pipPosition":[-57.8763,110.153,64.737],"stabilizedTipPosition":[-59.3467,110.889,99.8898],"timeVisible":5.68014,"tipPosition":[-59.7697,108.877,98.354],"tipVelocity":[11.9764,18.5024,22.507],"tool":false,"touchDistance":0.499485,"touchZone":"none","type":3,"width":17.4303},{"bases":[[[0.793384,-0.598973,0.108499],[0.602654,0.798001,-0.0014236],[-0.0857294,0.0665166,0.994096]],[[0.754307,-0.569071,0.327383],[0.372225,-0.0400712,-0.927277],[0.540805,0.821311,0.181596]],[[0.754307,-0.569071,0.327383],[-0.484603,-0.819039,-0.307139],[0.442923,0.0730261,-0.89358]],[[0.754307,-0.569071,0.327383],[-0.654849,-0.68774,0.313346],[0.0468381,-0.450746,-0.891423]]],"btipPosition":[-47.9857,115.421,96.397],"carpPosition":[-27.1261,139.282,126.749],"dipPosition":[-47.2654,108.49,82.6884],"direction":[-0.442923,-0.0730261,0.89358],"extended":false,"handId":772,"id":7724,"length":45.0648,"mcpPosition":[-22.4757,135.674,72.8242],"pipPosition":[-39.5364,109.764,67.0954],"stabilizedTipPosition":[-48.2434,113.742,93.0666],"timeVisible":5.68014,"tipPosition":[-46.4274,110.353,92.62],"tipVelocity":[22.8459,11.0081,29.8782],"tool":false,"touchDistance":0.3874,"touchZone":"none","type":4,"width":15.4829}],"r":[[0.915636,-0.266299,0.301158],[0.383728,0.802291,-0.457255],[-0.119849,0.534242,0.836793]],"s":1.05504,"t":[28.83,-22.0539,-37.5927],"timestamp":747257294707},{"currentFrameRate":110.421,"devices":[],"gestures":[],"hands":[{"armBasis":[[0.65988,-0.0988993,-0.744834],[0.298114,0.944397,0.138714],[0.6897,-0.31358,0.652672]],"armWidth":60.8819,"confidence":1,"direction":[-0.126498,0.107073,-0.986171],"elbow":[142.747,57.1959,319.821],"grabAngle":2.7093,"grabStrength":0,"id":772,"palmNormal":[-0.289612,-0.95483,-0.0665217],"palmPosition":[-54.5676,144.454,88.3312],"palmVelocity":[47.4116,9.90377,9.55608],"palmWidth":85.1216,"pinchDistance":50.7669,"pinchStrength":0.244833,"r":[[0.913003,-0.26804,0.30754],[0.388553,0.801059,-0.455337],[-0.124309,0.535219,0.835516]],"s":1.05576,"sphereCenter":[-67.0783,110.936,68.2444],"sphereRadius":42.8241,"stabilizedPalmPosition":[-55.1553,144.328,88.311],"t":[29.3003,-21.9475,-37.5578],"timeVisible":5.68934,"type":"right","wrist":[-31.4616,136.402,154.965]}],"id":1353121,"interactionBox":{"center":[0,200,0],"size":[235.247,235.247,147.751]},"pointables":[{"bases":[[[0.616126,0.763378,-0.194016],[-0.584661,0.608308,0.536779],[0.527787,-0.21729,0.821112]],[[0.484532,0.792505,-0.370358],[-0.712209,0.603215,0.359012],[0.507924,0.0898197,0.856706]],[[0.484532,0.792505,-0.370358],[-0.792601,0.576877,0.197478],[0.370153,0.197862,0.907655]],[[0.484532,0.792505,-0.370358],[-0.848979,0.528075,0.0192921],[0.210866,0.305078,0.928689]]],"btipPosition":[-107.447,121.746,56.8611],"carpPosition":[-68.0649,138.329,143.869],"dipPosition":[-103.044,128.116,76.2524],"direction":[-0.370153,-0.197862,-0.907655],"extended":false,"handId":772,"id":7720,"length":46.4973,"mcpPosition":[-68.0649,138.329,143.869],"pipPosition":[-91.784,134.135,103.863],"stabilizedTipPosition":[-107.006,122.531,61.8753],"timeVisible":5.68934,"tipPosition":[-104.487,123.279,61.4118],"tipVelocity":[36.2995,46.5568,-26.0186],"tool":false,"touchDistance":0.266578,"touchZone":"hovering","type":0,"width":19.5255},{"bases":[[[0.914041,-0.255279,-0.315218],[0.244279,0.966828,-0.0746459],[0.323817,-0.00877184,0.946079]],[[0.940766,-0.254951,-0.223514],[0.210323,0.95588,-0.205078],[0.265937,0.145921,0.952882]],[[0.940766,-0.254951,-0.223514],[0.188676,0.94138,-0.279652],[0.281709,0.220915,0.933722]],[[0.940766,-0.254951,-0.223514],[0.169872,0.924939,-0.340045],[0.293431,0.281934,0.913461]]],"btipPosition":[-99.903,140.725,-1.62832],"carpPosition":[-56.8751,154.776,134.069],"dipPosition":[-95.4301,145.022,12.296],"direction":[-0.281709,-0.220915,-0.933722],"extended":true,"handId":772,"id":7721,"length":52.4671,"mcpPosition":[-79.1617,155.38,68.9554],"pipPosition":[-89.3552,149.786,32.4312],"stabilizedTipPosition":[-99.5591,141.902,1.72854],"timeVisible":5.68934,"tipPosition":[-94.4537,142.871,0.681362],"tipVelocity":[121.33,-54.1003,-20.6154],"tool":false,"touchDistance":0.295328,"touchZone":"hovering","type":1,"width":18.6507},{"bases":[[[0.89426,-0.415172,-0.167127],[0.402342,0.909324,-0.106074],[0.196011,0.0276153,0.980213]],[[0.904404,-0.412769,-0.108049],[-0.0698519,0.106581,-0.991847],[0.42092,0.904578,0.0675595]],[[0.904404,-0.412769,-0.108049],[-0.426648,-0.871957,-0.240128],[0.00490369,0.263272,-0.964709]],[[0.904404,-0.412769,-0.108049],[-0.318766,-0.821978,0.471953],[-0.283621,-0.392394,-0.874978]]],"btipPosition":[-72.5124,112.608,102.1],"carpPosition":[-46.2488,153.411,129.837],"dipPosition":[-77.2676,106.03,87.4298],"direction":[-0.00490369,-0.263272,0.964709],"extended":false,"handId":772,"id":7722,"length":59.782,"mcpPosition":[-59.0421,151.609,65.86],"pipPosition":[-77.1432,112.709,62.9547],"stabilizedTipPosition":[-74.0531,110.902,98.8352],"timeVisible":5.68934,"tipPosition":[-75.084,108.662,95.6391],"tipVelocity":[23.3894,12.3765,9.83286],"tool":false,"touchDistance":0.47876,"touchZone":"none","type":2,"width":18.3175},{"bases":[[[0.880466,-0.473943,-0.0125838],[0.471248,0.877755,-0.0864419],[0.052014,0.0701791,0.996177]],[[0.882,-0.468881,0.0471736],[0.0851597,0.0601311,-0.994551],[0.46349,0.881212,0.0929655]],[[0.882,-0.468881,0.0471736],[-0.445662,-0.862459,-0.239895],[0.153168,0.190564,-0.969652]],[[0.882,-0.468881,0.0471736],[-0.432627,-0.76596,0.47554],[-0.186839,-0.439835,-0.878428]]],"btipPosition":[-58.0282,112.79,103.61],"carpPosition":[-35.8333,149.408,127.084],"dipPosition":[-61.1427,105.459,88.9672],"direction":[-0.153168,-0.190564,0.969652],"extended":false,"handId":772,"id":7723,"length":57.482,"mcpPosition":[-38.8813,145.296,68.7078],"pipPosition":[-57.3571,110.168,65.002],"stabilizedTipPosition":[-59.1766,110.95,99.9893],"timeVisible":5.68934,"tipPosition":[-59.5259,109.035,98.535],"tipVelocity":[21.1965,9.55644,29.7046],"tool":false,"touchDistance":0.504039,"touchZone":"none","type":3,"width":17.4303},{"bases":[[[0.79052,-0.601107,0.117254],[0.605187,0.796083,0.00100498],[-0.0939482,0.0701663,0.993101]],[[0.751031,-0.571356,0.330915],[0.375268,-0.04299,-0.925919],[0.543256,0.819575,0.182125]],[[0.751031,-0.571356,0.330915],[-0.485096,-0.817478,-0.310502],[0.447923,0.0726709,-0.891114]],[[0.751031,-0.571356,0.330915],[-0.658364,-0.686048,0.309669],[0.0500919,-0.450434,-0.891404]]],"btipPosition":[-47.6624,115.413,96.7312],"carpPosition":[-27.0341,139.416,127.09],"dipPosition":[-46.8921,108.486,83.0228],"direction":[-0.447923,-0.0726709,0.891114],"extended":false,"handId":772,"id":7724,"length":45.0648,"mcpPosition":[-21.9378,135.61,73.2183],"pipPosition":[-39.0758,109.755,67.4729],"stabilizedTipPosition":[-47.9989,113.767,93.2316],"timeVisible":5.68934,"tipPosition":[-46.1489,110.461,92.9012],"tipVelocity":[36.3988,-0.740136,36.3387],"tool":false,"touchDistance":0.392971,"touchZone":"none","type":4,"width":15.4829}],"r":[[0.913003,-0.26804,0.30754],[0.388553,0.801059,-0.455337],[-0.124309,0.535219,0.835516]],"s":1.05576,"t":[29.3003,-21.9475,-37.5578],"timestamp":747257303905},{"currentFrameRate":110.913,"devices":[],"gestures":[],"hands":[{"armBasis":[[0.657407,-0.0912703,-0.747988],[0.299522,0.942502,0.148245],[0.69145,-0.321497,0.646944]],"armWidth":60.8819,"confidence":1,"direction":[-0.119731,0.103916,-0.987353],"elbow":[143.285,55.2702,318.513],"grabAngle":2.70772,"grabStrength":0,"id":772,"palmNormal":[-0.290464,-0.954659,-0.0652522],"palmPosition":[-54.1076,144.445,88.3646],"palmVelocity":[56.4572,-1.06052,4.09232],"palmWidth":85.1216,"pinchDistance":50.6076,"pinchStrength":0.238593,"r":[[0.910369,-0.269461,0.314038],[0.393228,0.799654,-0.45379],[-0.128843,0.536605,0.833939]],"s":1.0569,"sphereCenter":[-66.3207,110.628,68.3035],"sphereRadius":42.9343,"stabilizedPalmPosition":[-54.7094,144.378,88.3338],"t":[29.7655,-21.8987,-37.5237],"timeVisible":5.69748,"type":"right","wrist":[-31.366,136.476,155.103]}],"id":1353122,"interactionBox":{"center":[0,200,0],"size":[235.247,235.247,147.751]},"pointables":[{"bases":[[[0.618458,0.76189,-0.192442],[-0.587417,0.610901,0.530792],[0.521968,-0.215229,0.825364]],[[0.488693,0.790559,-0.369047],[-0.712634,0.605729,0.3539],[0.503321,0.0900468,0.859395]],[[0.488693,0.790559,-0.369047],[-0.79077,0.580067,0.19546],[0.368595,0.196311,0.908625]],[[0.488693,0.790559,-0.369047],[-0.846558,0.531973,0.0185609],[0.210996,0.303349,0.929225]]],"btipPosition":[-107.108,122.016,56.6566],"carpPosition":[-67.9857,138.526,143.831],"dipPosition":[-102.702,128.35,76.0591],"direction":[-0.368595,-0.196311,-0.908625],"extended":false,"handId":772,"id":7720,"length":46.4973,"mcpPosition":[-67.9857,138.526,143.831],"pipPosition":[-91.4898,134.321,103.699],"stabilizedTipPosition":[-106.639,122.91,61.5704],"timeVisible":5.69748,"tipPosition":[-103.931,123.253,61.1803],"tipVelocity":[41.6715,32.0694,-24.7881],"tool":false,"touchDistance":0.263213,"touchZone":"hovering","type":0,"width":19.5255},{"bases":[[[0.915785,-0.257569,-0.308214],[0.246096,0.966241,-0.0762562],[0.31745,-0.00601582,0.948256]],[[0.942043,-0.256956,-0.215706],[0.211354,0.953865,-0.21324],[0.260548,0.155291,0.95289]],[[0.942043,-0.256956,-0.215706],[0.191493,0.939757,-0.283172],[0.275474,0.225453,0.934497]],[[0.942043,-0.256956,-0.215706],[0.172943,0.922877,-0.344076],[0.287483,0.286829,0.913829]]],"btipPosition":[-98.8658,140.152,-1.81895],"carpPosition":[-56.7079,154.925,134.051],"dipPosition":[-94.4836,144.524,12.111],"direction":[-0.275474,-0.225453,-0.934497],"extended":true,"handId":772,"id":7721,"length":52.4671,"mcpPosition":[-78.5562,155.339,68.7874],"pipPosition":[-88.5431,149.386,32.2629],"stabilizedTipPosition":[-98.4571,141.42,1.50596],"timeVisible":5.69748,"tipPosition":[-93.4999,142.59,0.474123],"tipVelocity":[124.749,-68.1816,-23.2403],"tool":false,"touchDistance":0.293829,"touchZone":"hovering","type":1,"width":18.6507},{"bases":[[[0.894793,-0.416936,-0.159721],[0.404287,0.908419,-0.106428],[0.189467,0.0306581,0.981408]],[[0.904544,-0.414347,-0.100584],[-0.0633679,0.102645,-0.992698],[0.421646,0.904312,0.0665909]],[[0.904544,-0.414347,-0.100584],[-0.426196,-0.871692,-0.241889],[0.0125473,0.261668,-0.965076]],[[0.904544,-0.414347,-0.100584],[-0.3238,-0.821017,0.470196],[-0.277406,-0.392744,-0.876811]]],"btipPosition":[-72.2212,112.588,102.161],"carpPosition":[-46.0553,153.532,129.895],"dipPosition":[-76.8721,106.003,87.4607],"direction":[-0.0125473,-0.261668,0.965076],"extended":false,"handId":772,"id":7722,"length":59.782,"mcpPosition":[-58.4215,151.531,65.8399],"pipPosition":[-76.5538,112.642,62.9762],"stabilizedTipPosition":[-73.8015,110.959,98.817],"timeVisible":5.69748,"tipPosition":[-74.7132,108.72,95.6731],"tipVelocity":[38.6951,-2.67747,6.68992],"tool":false,"touchDistance":0.479668,"touchZone":"none","type":2,"width":18.3175},{"bases":[[[0.879882,-0.475166,-0.00507722],[0.473017,0.876824,-0.0862282],[0.0454245,0.073469,0.996262]],[[0.881022,-0.469905,0.0546718],[0.0911456,0.0552043,-0.994306],[0.464212,0.880989,0.091466]],[[0.881022,-0.469905,0.0546718],[-0.44508,-0.862498,-0.240832],[0.160323,0.187845,-0.969026]],[[0.881022,-0.469905,0.0546718],[-0.437598,-0.765584,0.471582],[-0.179743,-0.439398,-0.880126]]],"btipPosition":[-57.7597,112.763,103.819],"carpPosition":[-35.627,149.505,127.225],"dipPosition":[-60.7559,105.439,89.1479],"direction":[-0.160323,-0.187845,0.969026],"extended":false,"handId":772,"id":7723,"length":57.482,"mcpPosition":[-38.2889,145.2,68.8442],"pipPosition":[-56.7935,110.081,65.1982],"stabilizedTipPosition":[-59.0048,110.98,100.097],"timeVisible":5.69748,"tipPosition":[-59.1772,109.082,98.6673],"tipVelocity":[36.2987,-3.12562,24.8515],"tool":false,"touchDistance":0.507413,"touchZone":"none","type":3,"width":17.4303},{"bases":[[[0.788893,-0.60177,0.124581],[0.606255,0.795267,0.0023903],[-0.100514,0.0736422,0.992207]],[[0.752354,-0.57451,0.322337],[0.368585,-0.0384327,-0.928799],[0.545993,0.817595,0.182841]],[[0.752354,-0.57451,0.322337],[-0.487282,-0.814618,-0.314569],[0.443305,0.0795983,-0.89283]],[[0.752354,-0.57451,0.322337],[-0.657224,-0.687985,0.307787],[0.0449365,-0.443412,-0.895191]]],"btipPosition":[-47.0404,115.144,97.0794],"carpPosition":[-26.8417,139.501,127.324],"dipPosition":[-46.3493,108.325,83.3128],"direction":[-0.443305,-0.0795983,0.89283],"extended":false,"handId":772,"id":7724,"length":45.0648,"mcpPosition":[-21.3893,135.506,73.5009],"pipPosition":[-38.6137,109.714,67.7329],"stabilizedTipPosition":[-47.6836,113.713,93.4239],"timeVisible":5.69748,"tipPosition":[-45.7925,110.53,93.1243],"tipVelocity":[74.1123,-30.0696,41.0965],"tool":fals