{"frames":59,"data":[{"currentFrameRate":49.7638,"devices":[],"gestures":[],"hands":[{"armBasis":[[0.749878,0.204169,-0.629284],[0.23885,0.803485,0.54531],[0.616956,-0.559221,0.553749]],"armWidth":59,"confidence":1,"direction":[-0.210228,-0.0726126,-0.974952],"elbow":[129.939,85.896,255.008],"grabAngle":2.70265,"grabStrength":0,"id":18,"palmNormal":[-0.135721,-0.985414,0.102657],"palmPosition":[-51.3532,224.607,52.6872],"palmVelocity":[-3.51287,-3.45553,-5.50672],"palmWidth":84.25,"pinchDistance":55.6591,"pinchStrength":0.634826,"r":[[0.998298,-0.0287859,0.0507165],[0.0355063,0.98993,-0.137033],[-0.0462611,0.1386,0.989267]],"s":1.08949,"sphereCenter":[-69.8343,190.594,41.2403],"sphereRadius":40.8515,"stabilizedPalmPosition":[-50.9033,224.18,52.5912],"t":[-81.4182,29.9374,-16.8153],"timeVisible":4.93966,"type":"right","wrist":[-24.2998,225.701,116.57]}],"id":19400,"interactionBox":{"center":[0,200,0],"size":[235.247,235.247,147.751]},"pointables":[{"bases":[[[0.919144,-0.16391,-0.358202],[0.0793626,0.967727,-0.239179],[0.385845,0.191412,0.902488]],[[0.958399,-0.140066,-0.248704],[0.0430353,0.932268,-0.359199],[0.28217,0.333553,0.899512]],[[0.958399,-0.140066,-0.248704],[0.0319758,0.918521,-0.394076],[0.283636,0.369729,0.884788]],[[0.958399,-0.140066,-0.248704],[0.00338889,0.876843,-0.480765],[0.285413,0.459922,0.84084]]],"btipPosition":[-100.48,199.645,-34.4001],"carpPosition":[-52.1084,241.504,95.9637],"dipPosition":[-95.9646,206.921,-21.098],"direction":[-0.283636,-0.369729,-0.884788],"extended":true,"handId":18,"id":181,"length":54.4514,"mcpPosition":[-78.3921,228.465,34.4862],"pipPosition":[-89.6169,215.196,-1.29643],"stabilizedTipPosition":[-99.982,200.823,-31.1801],"timeVisible":4.93966,"tipPosition":[-98.4664,200.482,-31.105],"tipVelocity":[-7.35519,16.3638,-9.94161],"tool":false,"touchDistance":-0.110566,"touchZone":"touching","type":1,"width":17.91},{"bases":[[[0.469966,0.805282,-0.36146],[-0.63645,0.592889,0.49337],[0.611608,-0.00181643,0.791159]],[[0.334111,0.788436,-0.516468],[-0.879788,0.457467,0.129217],[0.338147,0.41121,0.846501]],[[0.334111,0.788436,-0.516468],[-0.936892,0.217948,-0.273371],[-0.102972,0.575211,0.811498]],[[0.334111,0.788436,-0.516468],[-0.80098,-0.0513057,-0.596489],[-0.496791,0.612974,0.614379]]],"btipPosition":[-61.3259,175.083,30.8976],"carpPosition":[-59.713,225.531,108.955],"dipPosition":[-72.0913,188.366,44.2112],"direction":[0.102972,-0.575211,-0.811498],"extended":false,"handId":18,"id":180,"length":48.2559,"mcpPosition":[-59.713,225.531,108.955],"pipPosition":[-75.3422,206.525,69.8301],"stabilizedTipPosition":[-65.2033,180.726,32.4498],"timeVisible":4.93966,"tipPosition":[-67.9859,178.822,33.4599],"tipVelocity":[-1.3608,-1.67454,-4.88089],"tool":false,"touchDistance":0.084595,"touchZone":"hovering","type":0,"width":18.75},{"bases":[[[0.935735,-0.299098,-0.186921],[0.242064,0.930052,-0.276422],[0.256524,0.213411,0.942683]],[[0.949434,-0.285763,-0.130058],[-0.133254,0.00832059,-0.991047],[0.284287,0.958264,-0.0301792]],[[0.949434,-0.285763,-0.130058],[-0.298375,-0.950149,-0.0904978],[-0.0977132,0.124728,-0.987368]],[[0.949434,-0.285763,-0.130058],[-0.164593,-0.805769,0.568898],[-0.267367,-0.518725,-0.812059]]],"btipPosition":[-63.8613,190.264,71.6312],"carpPosition":[-41.8271,241.076,91.0544],"dipPosition":[-68.5135,181.238,57.5014],"direction":[0.0977132,-0.124728,0.987368],"extended":false,"handId":18,"id":182,"length":62.043,"mcpPosition":[-58.3986,227.289,30.1571],"pipPosition":[-71.0863,184.522,31.504],"stabilizedTipPosition":[-60.8826,189.918,66.9857],"timeVisible":4.93966,"tipPosition":[-65.1092,187.385,67.9124],"tipVelocity":[-15.6693,-1.49832,-7.3801],"tool":false,"touchDistance":0.333333,"touchZone":"none","type":2,"width":17.59},{"bases":[[[0.942358,-0.333688,-0.0247869],[0.316354,0.912635,-0.258878],[0.109006,0.236115,0.965592]],[[0.947198,-0.318929,0.0331585],[0.0100445,-0.0738475,-0.997219],[0.320491,0.944897,-0.0667448]],[[0.947198,-0.318929,0.0331585],[-0.317131,-0.947061,-0.0500438],[0.0473635,0.0368858,-0.998196]],[[0.947198,-0.318929,0.0331585],[-0.268615,-0.732765,0.625221],[-0.175104,-0.601116,-0.779743]]],"btipPosition":[-48.995,194.972,73.8423],"carpPosition":[-31.2284,238.303,87.9921],"dipPosition":[-52.0243,184.572,60.3527],"direction":[-0.0473635,-0.0368858,0.998196],"extended":false,"handId":18,"id":183,"length":59.656,"mcpPosition":[-37.5507,224.609,31.9878],"pipPosition":[-50.8094,185.518,34.749],"stabilizedTipPosition":[-44.8237,195.19,69.1177],"timeVisible":4.93966,"tipPosition":[-48.9423,192.787,70.7043],"tipVelocity":[-14.8295,-7.0261,-6.37198],"tool":false,"touchDistance":0.333333,"touchZone":"none","type":3,"width":16.738},{"bases":[[[0.883329,-0.450293,0.130254],[0.467453,0.866875,-0.173251],[-0.0349001,0.213925,0.976227]],[[0.863712,-0.406095,0.298475],[0.271564,-0.1239,-0.954412],[0.424563,0.905392,0.00326687]],[[0.863712,-0.406095,0.298475],[-0.389081,-0.91371,-0.11726],[0.320338,-0.0148526,-0.947187]],[[0.863712,-0.406095,0.298475],[-0.503962,-0.70159,0.50378],[0.00482441,-0.585541,-0.810628]]],"btipPosition":[-38.9637,198.434,66.2141],"carpPosition":[-21.059,229.948,88.6435],"dipPosition":[-38.8867,189.088,53.2765],"direction":[-0.320338,0.0148526,0.947187],"extended":false,"handId":18,"id":184,"length":46.7692,"mcpPosition":[-19.1852,218.462,36.2299],"pipPosition":[-33.0854,188.82,36.1229],"stabilizedTipPosition":[-33.8727,198.594,62.0674],"timeVisible":4.93966,"tipPosition":[-36.3655,195.924,64.0025],"tipVelocity":[-14.8463,-9.38565,-6.8181],"tool":false,"touchDistance":0.333333,"touchZone":"none","type":4,"width":14.868}],"r":[[0.998298,-0.0287859,0.0507165],[0.0355063,0.98993,-0.137033],[-0.0462611,0.1386,0.989267]],"s":1.08949,"t":[-81.4182,29.9374,-16.8153],"timestamp":838564611830},{"currentFrameRate":49.5839,"devices":[],"gestures":[],"hands":[{"armBasis":[[0.750515,0.206513,-0.627757],[0.235069,0.804369,0.54565],[0.617632,-0.557085,0.555146]],"armWidth":59,"confidence":1,"direction":[-0.20942,-0.0725701,-0.975129],"elbow":[129.963,86.5245,255.358],"grabAngle":2.7004,"grabStrength":0,"id":18,"palmNormal":[-0.131539,-0.986087,0.101635],"palmPosition":[-51.4416,224.645,52.6626],"palmVelocity":[-4.24245,1.81763,-1.18088],"palmWidth":84.25,"pinchDistance":55.7546,"pinchStrength":0.636774,"r":[[0.998203,-0.0304411,0.0516062],[0.037315,0.989735,-0.137956],[-0.0468769,0.139634,0.989093]],"s":1.08913,"sphereCenter":[-69.9499,190.627,41.1827],"sphereRadius":40.8873,"stabilizedPalmPosition":[-50.9112,224.187,52.5922],"t":[-81.4794,29.9051,-16.8817],"timeVisible":4.96052,"type":"right","wrist":[-24.4451,225.796,116.572]}],"id":19401,"interactionBox":{"center":[0,200,0],"size":[235.247,235.247,147.751]},"pointables":[{"bases":[[[0.92002,-0.159614,-0.357891],[0.0753267,0.96829,-0.238203],[0.384562,0.192193,0.90287]],[[0.95894,-0.135844,-0.248959],[0.0394982,0.933238,-0.357081],[0.280845,0.332586,0.900285]],[[0.95894,-0.135844,-0.248959],[0.0285982,0.919665,-0.39166],[0.282164,0.368459,0.885789]],[[0.95894,-0.135844,-0.248959],[0.000201664,0.87815,-0.478385],[0.283609,0.458692,0.842121]]],"btipPosition":[-100.461,199.671,-34.5081],"carpPosition":[-52.2913,241.496,95.955],"dipPosition":[-95.9746,206.928,-21.1858],"direction":[-0.282164,-0.368459,-0.885789],"extended":true,"handId":18,"id":181,"length":54.4514,"mcpPosition":[-78.4877,228.404,34.4515],"pipPosition":[-89.6597,215.174,-1.36184],"stabilizedTipPosition":[-99.9699,200.835,-31.1859],"timeVisible":4.96052,"tipPosition":[-98.4166,200.407,-31.1791],"tipVelocity":[0.578165,1.01958,-4.958],"tool":false,"touchDistance":-0.11229,"touchZone":"touching","type":1,"width":17.91},{"bases":[[[0.466686,0.807643,-0.360441],[-0.63924,0.589672,0.493618],[0.611209,0.0000435585,0.791469]],[[0.331237,0.790424,-0.515279],[-0.882251,0.45308,0.127874],[0.334537,0.412249,0.847429]],[[0.331237,0.790424,-0.515279],[-0.937356,0.213202,-0.275514],[-0.107914,0.574261,0.811529]],[[0.331237,0.790424,-0.515279],[-0.798603,-0.0559875,-0.599249],[-0.50251,0.609996,0.612689]]],"btipPosition":[-60.9999,175.077,30.8623],"carpPosition":[-59.8339,225.479,108.927],"dipPosition":[-71.8893,188.295,44.1392],"direction":[0.107914,-0.574261,-0.811529],"extended":false,"handId":18,"id":180,"length":48.2559,"mcpPosition":[-59.8339,225.479,108.927],"pipPosition":[-75.2962,206.425,69.7592],"stabilizedTipPosition":[-65.1795,180.689,32.4704],"timeVisible":4.96052,"tipPosition":[-67.8156,178.799,33.3889],"tipVelocity":[14.261,-1.00002,-2.09614],"tool":false,"touchDistance":0.0838664,"touchZone":"hovering","type":0,"width":18.75},{"bases":[[[0.937106,-0.294896,-0.186733],[0.238207,0.93135,-0.275399],[0.255127,0.213597,0.94302]],[[0.950718,-0.281557,-0.129849],[-0.132432,0.00992126,-0.991142],[0.280352,0.959493,-0.027855]],[[0.950718,-0.281557,-0.129849],[-0.294348,-0.951201,-0.0926015],[-0.0974402,0.126259,-0.9872]],[[0.950718,-0.281557,-0.129849],[-0.161815,-0.807797,0.566816],[-0.264483,-0.51787,-0.813547]]],"btipPosition":[-63.8316,190.183,71.5234],"carpPosition":[-42.0059,241.117,91.0506],"dipPosition":[-68.4336,181.172,57.3676],"direction":[0.0974402,-0.126259,0.9872],"extended":false,"handId":18,"id":182,"length":62.043,"mcpPosition":[-58.4871,227.319,30.1315],"pipPosition":[-70.9992,184.497,31.3747],"stabilizedTipPosition":[-60.9334,189.896,67.002],"timeVisible":4.96052,"tipPosition":[-65.0447,187.353,67.8466],"tipVelocity":[1.97923,-3.69955,-5.45749],"tool":false,"touchDistance":0.333333,"touchZone":"none","type":2,"width":17.59},{"bases":[[[0.943795,-0.329614,-0.0246285],[0.312562,0.914235,-0.257835],[0.107502,0.235645,0.965875]],[[0.948543,-0.31489,0.0333336],[0.0112839,-0.0715891,-0.99737],[0.316449,0.946424,-0.0643521]],[[0.948543,-0.31489,0.0333336],[-0.312959,-0.948304,-0.0526921],[0.0482026,0.0395486,-0.998054]],[[0.948543,-0.31489,0.0333336],[-0.266267,-0.736215,0.622165],[-0.171373,-0.599025,-0.782176]]],"btipPosition":[-48.992,194.921,73.7642],"carpPosition":[-31.3937,238.393,87.991],"dipPosition":[-51.9567,184.558,60.2326],"direction":[-0.0482026,-0.0395486,0.998054],"extended":false,"handId":18,"id":183,"length":59.656,"mcpPosition":[-37.6289,224.726,31.9702],"pipPosition":[-50.7203,185.572,34.6325],"stabilizedTipPosition":[-44.8739,195.162,69.1336],"timeVisible":4.96052,"tipPosition":[-48.9074,192.817,70.6501],"tipVelocity":[0.856209,-2.0178,-4.20891],"tool":false,"touchDistance":0.333333,"touchZone":"none","type":3,"width":16.738},{"bases":[[[0.885189,-0.446622,0.130269],[0.463813,0.869042,-0.172174],[-0.0363127,0.212827,0.976415]],[[0.865592,-0.403118,0.297064],[0.272014,-0.119556,-0.954838],[0.420428,0.907305,0.00616682]],[[0.865592,-0.403118,0.297064],[-0.384927,-0.91509,-0.120172],[0.320284,-0.0103284,-0.947265]],[[0.865592,-0.403118,0.297064],[-0.500687,-0.706145,0.500671],[0.0079413,-0.582113,-0.813069]]],"btipPosition":[-38.9311,198.426,66.1454],"carpPosition":[-21.1889,230.081,88.6394],"dipPosition":[-38.8044,189.136,53.1688],"direction":[-0.320284,0.0103284,0.947265],"extended":false,"handId":18,"id":184,"length":46.7692,"mcpPosition":[-19.2392,218.654,36.2157],"pipPosition":[-33.004,188.949,36.0138],"stabilizedTipPosition":[-33.9332,198.566,62.0806],"timeVisible":4.96052,"tipPosition":[-36.351,196.017,63.9533],"tipVelocity":[2.11067,0.257059,-3.72375],"tool":false,"touchDistance":0.333333,"touchZone":"none","type":4,"width":14.868}],"r":[[0.998203,-0.0304411,0.0516062],[0.037315,0.989735,-0.137956],[-0.0468769,0.139634,0.989093]],"s":1.08913,"t":[-81.4794,29.9051,-16.8817],"timestamp":838564632686},{"currentFrameRate":49.52,"devices":[],"gestures":[],"hands":[{"armBasis":[[0.749938,0.204545,-0.62909],[0.233705,0.807744,0.541232],[0.61885,-0.552912,0.557954]],"armWidth":59,"confidence":1,"direction":[-0.209422,-0.0718344,-0.975183],"elbow":[130.171,87.4712,255.989],"grabAngle":2.69999,"grabStrength":0,"id":18,"palmNormal":[-0.130413,-0.986336,0.100662],"palmPosition":[-51.5377,224.531,52.5741],"palmVelocity":[-4.7008,-5.5767,-4.32953],"palmWidth":84.25,"pinchDistance":55.8355,"pinchStrength":0.636763,"r":[[0.998133,-0.0315484,0.0522961],[0.0385355,0.989613,-0.138497],[-0.0473835,0.140254,0.988981]],"s":1.089,"sphereCenter":[-70.2203,190.594,41.0761],"sphereRadius":40.9312,"stabilizedPalmPosition":[-50.9196,224.191,52.592],"t":[-81.5581,29.8319,-16.9592],"timeVisible":4.98096,"type":"right","wrist":[-24.5415,225.699,116.501]}],"id":19402,"interactionBox":{"center":[0,200,0],"size":[235.247,235.247,147.751]},"pointables":[{"bases":[[[0.92017,-0.158214,-0.358129],[0.0742085,0.968612,-0.237243],[0.384423,0.191727,0.903028]],[[0.958798,-0.134718,-0.250116],[0.0385827,0.934005,-0.355171],[0.281458,0.330887,0.900719]],[[0.958798,-0.134718,-0.250116],[0.0276987,0.920548,-0.389646],[0.282736,0.366664,0.886351]],[[0.958798,-0.134718,-0.250116],[-0.000313557,0.87991,-0.47514],[0.28409,0.455641,0.843614]]],"btipPosition":[-100.608,199.701,-34.6441],"carpPosition":[-52.4028,241.338,95.8833],"dipPosition":[-96.1136,206.909,-21.2981],"direction":[-0.282736,-0.366664,-0.886351],"extended":true,"handId":18,"id":181,"length":54.4514,"mcpPosition":[-78.5896,228.277,34.3691],"pipPosition":[-89.786,215.115,-1.46155],"stabilizedTipPosition":[-99.9625,200.845,-31.1931],"timeVisible":4.98096,"tipPosition":[-98.5014,200.332,-31.2901],"tipVelocity":[-7.09106,0.902606,-6.38351],"tool":false,"touchDistance":-0.114464,"touchZone":"touching","type":1,"width":17.91},{"bases":[[[0.465739,0.80853,-0.359675],[-0.639865,0.588454,0.494261],[0.611278,-0.0000533301,0.791416]],[[0.330538,0.79137,-0.514273],[-0.883166,0.451502,0.12714],[0.33281,0.412164,0.84815]],[[0.330538,0.79137,-0.514273],[-0.937348,0.211694,-0.276704],[-0.110107,0.573514,0.811762]],[[0.330538,0.79137,-0.514273],[-0.7972,-0.0575643,-0.600964],[-0.505189,0.608621,0.611853]]],"btipPosition":[-60.885,174.954,30.7527],"carpPosition":[-59.926,225.299,108.84],"dipPosition":[-71.8324,188.143,44.0116],"direction":[0.110107,-0.573514,-0.811762],"extended":false,"handId":18,"id":180,"length":48.2559,"mcpPosition":[-59.926,225.299,108.84],"pipPosition":[-75.3085,206.249,69.6389],"stabilizedTipPosition":[-65.1583,180.657,32.4862],"timeVisible":4.98096,"tipPosition":[-67.8173,178.679,33.2615],"tipVelocity":[4.9713,-6.32144,-5.56312],"tool":false,"touchDistance":0.0819713,"touchZone":"hovering","type":0,"width":18.75},{"bases":[[[0.937423,-0.293647,-0.187107],[0.237128,0.931894,-0.27449],[0.254967,0.212945,0.943211]],[[0.951025,-0.28035,-0.130212],[-0.132572,0.0106136,-0.991117],[0.279241,0.959839,-0.0270727]],[[0.951025,-0.28035,-0.130212],[-0.293193,-0.951552,-0.0926656],[-0.0979243,0.126304,-0.987146]],[[0.951025,-0.28035,-0.130212],[-0.160476,-0.807812,0.567175],[-0.264194,-0.518502,-0.813239]]],"btipPosition":[-63.8754,190.078,71.3965],"carpPosition":[-42.1173,240.976,90.9777],"dipPosition":[-68.4723,181.056,57.2461],"direction":[0.0979243,-0.126304,0.987146],"extended":false,"handId":18,"id":182,"length":62.043,"mcpPosition":[-58.5882,227.219,30.0463],"pipPosition":[-71.0507,184.382,31.2545],"stabilizedTipPosition":[-60.9681,189.879,67.0119],"timeVisible":4.98096,"tipPosition":[-65.0968,187.21,67.7232],"tipVelocity":[-2.08582,-5.26813,-6.14856],"tool":false,"touchDistance":0.333333,"touchZone":"none","type":2,"width":17.59},{"bases":[[[0.944165,-0.328519,-0.0250382],[0.311503,0.914846,-0.256949],[0.107319,0.234803,0.966101]],[[0.948902,-0.313848,0.0329381],[0.0114119,-0.0701803,-0.997469],[0.315365,0.946876,-0.0630126]],[[0.948902,-0.313848,0.0329381],[-0.31189,-0.948606,-0.0535877],[0.0480637,0.0405764,-0.99802]],[[0.948902,-0.313848,0.0329381],[-0.265377,-0.737131,0.62146],[-0.170764,-0.598446,-0.782753]]],"btipPosition":[-49.0521,194.788,73.6283],"carpPosition":[-31.5024,238.267,87.9145],"dipPosition":[-52.0063,184.435,60.0867],"direction":[-0.0480637,-0.0405764,0.99802],"extended":false,"handId":18,"id":183,"length":59.656,"mcpPosition":[-37.7268,224.648,31.8806],"pipPosition":[-50.7735,185.476,34.4875],"stabilizedTipPosition":[-44.9112,195.141,69.1442],"timeVisible":4.98096,"tipPosition":[-48.9667,192.687,70.5296],"tipVelocity":[-2.82326,-6.38234,-6.76164],"tool":false,"touchDistance":0.333333,"touchZone":"none","type":3,"width":16.738},{"bases":[[[0.885706,-0.445748,0.129748],[0.462813,0.869738,-0.171346],[-0.0364692,0.211811,0.97663]],[[0.866528,-0.403121,0.294317],[0.270437,-0.116415,-0.955673],[0.419515,0.907712,0.00814198]],[[0.866528,-0.403121,0.294317],[-0.384454,-0.915113,-0.121505],[0.318315,-0.00786357,-0.947953]],[[0.866528,-0.403121,0.294317],[-0.499083,-0.707778,0.499966],[0.00676414,-0.580123,-0.814501]]],"btipPosition":[-38.9375,198.276,66.0188],"carpPosition":[-21.288,229.965,88.5538],"dipPosition":[-38.8296,189.017,53.0193],"direction":[-0.318315,0.00786357,0.947953],"extended":false,"handId":18,"id":184,"length":46.7692,"mcpPosition":[-19.33,218.593,36.1185],"pipPosition":[-33.0649,188.875,35.8519],"stabilizedTipPosition":[-33.9783,198.544,62.0892],"timeVisible":4.98096,"tipPosition":[-36.4242,195.91,63.8316],"tipVelocity":[-0.525147,-7.01919,-6.4508],"tool":false,"touchDistance":0.333333,"touchZone":"none","type":4,"width":14.868}],"r":[[0.998133,-0.0315484,0.0522961],[0.0385355,0.989613,-0.138497],[-0.0473835,0.140254,0.988981]],"s":1.089,"t":[-81.5581,29.8319,-16.9592],"timestamp":838564653125},{"currentFrameRate":49.3045,"devices":[],"gestures":[],"hands":[{"armBasis":[[0.751902,0.213755,-0.62366],[0.222212,0.808455,0.544997],[0.620697,-0.54837,0.56038]],"armWidth":59,"confidence":1,"direction":[-0.209105,-0.0729405,-0.975169],"elbow":[130.425,88.9182,256.7],"grabAngle":2.69986,"grabStrength":0,"id":18,"palmNormal":[-0.115486,-0.988394,0.0986932],"palmPosition":[-51.6946,224.607,52.6638],"palmVelocity":[-7.43286,3.59345,4.24942],"palmWidth":84.25,"pinchDistance":55.8489,"pinchStrength":0.635762,"r":[[0.998177,-0.0294538,0.0526805],[0.0365139,0.989686,-0.13852],[-0.0480572,0.140191,0.988958]],"s":1.08922,"sphereCenter":[-69.9237,190.464,41.1064],"sphereRadius":40.9504,"stabilizedPalmPosition":[-50.93,224.197,52.5929],"t":[-81.6759,29.8333,-16.953],"timeVisible":5.00207,"type":"right","wrist":[-24.7496,226.011,116.605]}],"id":19403,"interactionBox":{"center":[0,200,0],"size":[235.247,235.247,147.751]},"pointables":[{"bases":[[[0.922156,-0.14361,-0.359173],[0.0594439,0.970111,-0.235267],[0.382224,0.195602,0.90313]],[[0.960548,-0.119734,-0.25102],[0.0245682,0.935583,-0.352252],[0.277027,0.332188,0.901614]],[[0.960548,-0.119734,-0.25102],[0.0138153,0.922008,-0.386924],[0.277771,0.368191,0.887287]],[[0.960548,-0.119734,-0.25102],[-0.0131304,0.88205,-0.470974],[0.277804,0.455689,0.845679]]],"btipPosition":[-100.446,199.321,-34.6147],"carpPosition":[-52.7774,241.308,96.0089],"dipPosition":[-96.0511,206.53,-21.236],"direction":[-0.277771,-0.368191,-0.887287],"extended":true,"handId":18,"id":181,"length":54.4514,"mcpPosition":[-78.8145,227.984,34.4877],"pipPosition":[-89.8346,214.77,-1.37855],"stabilizedTipPosition":[-99.9471,200.848,-31.2032],"timeVisible":5.00207,"tipPosition":[-98.3638,199.886,-31.2167],"tipVelocity":[6.58881,-17.9956,1.74731],"tool":false,"touchDistance":-0.113849,"touchZone":"touching","type":1,"width":17.91},{"bases":[[[0.453238,0.816192,-0.358338],[-0.648242,0.577733,0.495991],[0.611847,0.00748777,0.79094]],[[0.318292,0.79735,-0.512761],[-0.889927,0.437708,0.128228],[0.326682,0.415506,0.848902]],[[0.318292,0.79735,-0.512761],[-0.940741,0.198891,-0.274679],[-0.117031,0.569803,0.813405]],[[0.318292,0.79735,-0.512761],[-0.797273,-0.0674819,-0.599835],[-0.51288,0.599733,0.614226]]],"btipPosition":[-60.3386,174.942,30.7124],"carpPosition":[-60.0482,225.131,108.938],"dipPosition":[-71.4527,187.938,44.0227],"direction":[0.117031,-0.569803,-0.813405],"extended":false,"handId":18,"id":180,"length":48.2559,"mcpPosition":[-60.0482,225.131,108.938],"pipPosition":[-75.1474,205.927,69.7019],"stabilizedTipPosition":[-65.1226,180.614,32.5065],"timeVisible":5.00207,"tipPosition":[-67.2878,178.554,33.2689],"tipVelocity":[24.0653,-2.6902,-1.35116],"tool":false,"touchDistance":0.0814959,"touchZone":"hovering","type":0,"width":18.75},{"bases":[[[0.941582,-0.279126,-0.188449],[0.222867,0.935925,-0.272717],[0.252497,0.214786,0.943458]],[[0.955028,-0.265744,-0.131537],[-0.133559,0.0105292,-0.990985],[0.264733,0.963986,-0.0254369]],[[0.955028,-0.265744,-0.131537],[-0.278847,-0.955757,-0.0936607],[-0.100827,0.126127,-0.986877]],[[0.955028,-0.265744,-0.131537],[-0.147664,-0.810931,0.566204],[-0.257132,-0.521317,-0.813702]]],"btipPosition":[-63.489,189.963,71.4253],"carpPosition":[-42.4916,241.111,91.0945],"dipPosition":[-67.9631,180.892,57.2669],"direction":[0.100827,-0.126127,0.986877],"extended":false,"handId":18,"id":182,"length":62.043,"mcpPosition":[-58.8029,227.236,30.1472],"pipPosition":[-70.6179,184.213,31.2824],"stabilizedTipPosition":[-61.0109,189.855,67.0258],"timeVisible":5.00207,"tipPosition":[-64.6784,187.056,67.7459],"tipVelocity":[19.64,-5.97596,1.2779],"tool":false,"touchDistance":0.333333,"touchZone":"none","type":2,"width":17.59},{"bases":[[[0.948978,-0.31423,-0.0264592],[0.297504,0.919961,-0.25527],[0.104555,0.234374,0.966508]],[[0.95354,-0.299611,0.031544],[0.0115893,-0.0681475,-0.997608],[0.301044,0.951625,-0.0615091]],[[0.95354,-0.299611,0.031544],[-0.297663,-0.953102,-0.0547094],[0.0464562,0.0427781,-0.998004]],[[0.95354,-0.299611,0.031544],[-0.253698,-0.742099,0.620424],[-0.162477,-0.599602,-0.783632]]],"btipPosition":[-48.7387,194.882,73.6602],"carpPosition":[-31.8396,238.569,88.0174],"dipPosition":[-51.5495,184.509,60.1034],"direction":[-0.0464562,-0.0427781,0.998004],"extended":false,"handId":18,"id":183,"length":59.656,"mcpPosition":[-37.9038,224.975,31.9599],"pipPosition":[-50.3579,185.606,34.5046],"stabilizedTipPosition":[-44.9582,195.113,69.1589],"timeVisible":5.00207,"tipPosition":[-48.6317,192.768,70.5505],"tipVelocity":[16.4081,4.22539,1.34548],"tool":false,"touchDistance":0.333333,"touchZone":"none","type":3,"width":16.738},{"bases":[[[0.892412,-0.432648,0.128125],[0.449544,0.876956,-0.169879],[-0.0388625,0.2092,0.9771]],[[0.874077,-0.392663,0.286015],[0.264975,-0.108094,-0.958177],[0.407158,0.913308,0.00956375]],[[0.874077,-0.392663,0.286015],[-0.372882,-0.919682,-0.123062],[0.311365,0.000915858,-0.95029]],[[0.874077,-0.392663,0.286015],[-0.485714,-0.716627,0.500527],[0.00842743,-0.576421,-0.81711]]],"btipPosition":[-38.5182,198.47,66.1085],"carpPosition":[-21.5011,230.42,88.6313],"dipPosition":[-38.3837,189.27,53.0675],"direction":[-0.311365,-0.000915858,0.95029],"extended":false,"handId":18,"id":184,"length":46.7692,"mcpPosition":[-19.4145,219.188,36.1708],"pipPosition":[-32.7449,189.287,35.8577],"stabilizedTipPosition":[-34.0337,198.517,62.1017],"timeVisible":5.00207,"tipPosition":[-36.169,196.195,63.8414],"tipVelocity":[20.1539,9.83026,3.79792],"tool":false,"touchDistance":0.333333,"touchZone":"none","type":4,"width":14.868}],"r":[[0.998177,-0.0294538,0.0526805],[0.0365139,0.989686,-0.13852],[-0.0480572,0.140191,0.988958]],"s":1.08922,"t":[-81.6759,29.8333,-16.953],"timestamp":838564674236},{"currentFrameRate":49.2057,"devices":[],"gestures":[],"hands":[{"armBasis":[[0.752084,0.21587,-0.622712],[0.218629,0.809622,0.544715],[0.621749,-0.545814,0.561708]],"armWidth":59,"confidence":1,"direction":[-0.207628,-0.0778639,-0.975104],"elbow":[130.426,89.7742,257.066],"grabAngle":2.70084,"grabStrength":0,"id":18,"palmNormal":[-0.111657,-0.988425,0.102703],"palmPosition":[-51.8732,224.476,52.6808],"palmVelocity":[-8.62387,-6.29802,0.822995],"palmWidth":84.25,"pinchDistance":55.8092,"pinchStrength":0.635028,"r":[[0.998218,-0.0269354,0.0532517],[0.0341388,0.989653,-0.13936],[-0.048947,0.14093,0.988809]],"s":1.08935,"sphereCenter":[-69.9546,190.196,41.2606],"sphereRadius":40.9473,"stabilizedPalmPosition":[-50.945,224.201,52.5943],"t":[-81.824,29.7687,-16.9415],"timeVisible":5.02278,"type":"right","wrist":[-25.0112,226.228,116.639]}],"id":19404,"interactionBox":{"center":[0,200,0],"size":[235.247,235.247,147.751]},"pointables":[{"bases":[[[0.923157,-0.141426,-0.357462],[0.0558546,0.969346,-0.239265],[0.380343,0.200914,0.902758]],[[0.961217,-0.117028,-0.249732],[0.0208316,0.933728,-0.357378],[0.275004,0.338315,0.899953]],[[0.961217,-0.117028,-0.249732],[0.00994497,0.919625,-0.392672],[0.275613,0.374959,0.885123]],[[0.961217,-0.117028,-0.249732],[-0.0163452,0.879741,-0.475172],[0.275308,0.460826,0.843709]]],"btipPosition":[-100.447,198.529,-34.4985],"carpPosition":[-53.0752,241.355,95.9541],"dipPosition":[-96.0921,205.819,-21.151],"direction":[-0.275613,-0.374959,-0.885123],"extended":true,"handId":18,"id":181,"length":54.4514,"mcpPosition":[-78.9842,227.669,34.4582],"pipPosition":[-89.9239,214.211,-1.34192],"stabilizedTipPosition":[-99.9245,200.819,-31.2134],"timeVisible":5.02278,"tipPosition":[-98.3497,199.225,-31.1531],"tipVelocity":[-0.511558,-37.3307,5.26729],"tool":false,"touchDistance":-0.112032,"touchZone":"touching","type":1,"width":17.91},{"bases":[[[0.45041,0.816488,-0.361218],[-0.651146,0.57721,0.492785],[0.610852,0.0132504,0.791634]],[[0.315744,0.796464,-0.515705],[-0.89185,0.434648,0.125236],[0.323896,0.420389,0.847564]],[[0.315744,0.796464,-0.515705],[-0.941206,0.194076,-0.276525],[-0.120156,0.572695,0.810915]],[[0.315744,0.796464,-0.515705],[-0.796208,-0.0732256,-0.600575],[-0.516099,0.600236,0.61103]]],"btipPosition":[-60.2903,174.686,30.9264],"carpPosition":[-60.2971,225.204,108.942],"dipPosition":[-71.4742,187.693,44.1674],"direction":[0.120156,-0.572695,-0.810915],"extended":false,"handId":18,"id":180,"length":48.2559,"mcpPosition":[-60.2971,225.204,108.942],"pipPosition":[-75.2675,205.773,69.768],"stabilizedTipPosition":[-65.0943,180.577,32.5249],"timeVisible":5.02278,"tipPosition":[-67.2581,178.281,33.4608],"tipVelocity":[1.55664,-12.2324,9.56698],"tool":false,"touchDistance":0.0847971,"touchZone":"hovering","type":0,"width":18.75},{"bases":[[[0.942917,-0.276146,-0.186148],[0.219458,0.935657,-0.276376],[0.250491,0.219748,0.942849]],[[0.956241,-0.262472,-0.129276],[-0.132524,0.0053699,-0.991165],[0.260847,0.964925,-0.0296489]],[[0.956241,-0.262472,-0.129276],[-0.274803,-0.957382,-0.0888958],[-0.100434,0.120531,-0.987616]],[[0.956241,-0.262472,-0.129276],[-0.144876,-0.808646,0.570178],[-0.254194,-0.526499,-0.811286]]],"btipPosition":[-63.5387,189.906,71.5884],"carpPosition":[-42.7828,241.178,91.0529],"dipPosition":[-67.9617,180.745,57.472],"direction":[0.100434,-0.120531,0.987616],"extended":false,"handId":18,"id":182,"length":62.043,"mcpPosition":[-58.9645,226.983,30.1449],"pipPosition":[-70.6061,183.918,31.4681],"stabilizedTipPosition":[-61.0331,189.842,67.0341],"timeVisible":5.02278,"tipPosition":[-64.7247,186.94,67.9061],"tipVelocity":[-1.83186,-3.78635,8.34473],"tool":false,"touchDistance":0.333333,"touchZone":"none","type":2,"width":17.59},{"bases":[[[0.950257,-0.310541,-0.0240037],[0.294138,0.920065,-0.258772],[0.102444,0.23884,0.96564]],[[0.95469,-0.29566,0.0339431],[0.0130423,-0.0723801,-0.997292],[0.297316,0.952547,-0.0652444]],[[0.95469,-0.29566,0.0339431],[-0.293833,-0.954543,-0.0501023],[0.0472134,0.0378585,-0.998167]],[[0.95469,-0.29566,0.0339431],[-0.25133,-0.739909,0.623993],[-0.159375,-0.604251,-0.780692]]],"btipPosition":[-48.8126,194.889,73.8003],"carpPosition":[-32.117,238.666,87.9993],"dipPosition":[-51.5698,184.435,60.2943],"direction":[-0.0472134,-0.0378585,0.998167],"extended":false,"handId":18,"id":183,"length":59.656,"mcpPosition":[-38.0588,224.813,31.9921],"pipPosition":[-50.3587,185.406,34.6913],"stabilizedTipPosition":[-44.9814,195.1,69.1668],"timeVisible":5.02278,"tipPosition":[-48.7066,192.724,70.7046],"tipVelocity":[-2.97263,-0.584519,7.33016],"tool":false,"touchDistance":0.333333,"touchZone":"none","type":3,"width":16.738},{"bases":[[[0.893977,-0.428535,0.131009],[0.446244,0.878026,-0.17302],[-0.0408841,0.213138,0.976166]],[[0.875475,-0.38824,0.287772],[0.265657,-0.110799,-0.957679],[0.403695,0.914873,0.00613679]],[[0.875475,-0.38824,0.287772],[-0.369669,-0.921555,-0.118665],[0.311268,-0.00249195,-0.950319]],[[0.875475,-0.38824,0.287772],[-0.483155,-0.71577,0.504217],[0.0102209,-0.580468,-0.814219]]],"btipPosition":[-38.5688,198.474,66.2537],"carpPosition":[-21.7468,230.561,88.6598],"dipPosition":[-38.4057,189.21,53.2588],"direction":[-0.311268,0.00249195,0.950319],"extended":false,"handId":18,"id":184,"length":46.7692,"mcpPosition":[-19.5517,219.118,36.2494],"pipPosition":[-32.7687,189.165,36.0485],"stabilizedTipPosition":[-34.0586,198.505,62.1081],"timeVisible":5.02278,"tipPosition":[-36.2541,196.175,63.9941],"tipVelocity":[-2.12921,-0.490737,7.52458],"tool":false,"touchDistance":0.333333,"touchZone":"none","type":4,"width":14.868}],"r":[[0.998218,-0.0269354,0.0532517],[0.0341388,0.989653,-0.13936],[-0.048947,0.14093,0.988809]],"s":1.08935,"t":[-81.824,29.7687,-16.9415],"timestamp":838564694940},{"currentFrameRate":49.0017,"devices":[],"gestures":[],"hands":[{"armBasis":[[0.75207,0.21597,-0.622693],[0.217169,0.810823,0.54351],[0.622276,-0.543987,0.562894]],"armWidth":59,"confidence":1,"direction":[-0.206338,-0.0821844,-0.975023],"elbow":[130.338,90.2152,257.354],"grabAngle":2.7008,"grabStrength":0,"id":18,"palmNormal":[-0.110564,-0.988126,0.106687],"palmPosition":[-52.024,224.178,52.659],"palmVelocity":[-7.11652,-14.0776,-1.02792],"palmWidth":84.25,"pinchDistance":55.803,"pinchStrength":0.636025,"r":[[0.998239,-0.0246288,0.0539727],[0.032029,0.989513,-0.140851],[-0.0499377,0.142331,0.988559]],"s":1.08942,"sphereCenter":[-70.0237,189.824,41.3529],"sphereRadius":40.9434,"stabilizedPalmPosition":[-50.9669,224.201,52.5956],"t":[-81.9735,29.5873,-16.9466],"timeVisible":5.04397,"type":"right","wrist":[-25.2315,226.212,116.631]}],"id":19405,"interactionBox":{"center":[0,200,0],"size":[235.247,235.247,147.751]},"pointables":[{"bases":[[[0.923768,-0.141772,-0.355744],[0.0549524,0.968409,-0.243237],[0.37899,0.205145,0.902376]],[[0.961699,-0.116851,-0.247955],[0.0201968,0.932333,-0.361036],[0.273364,0.3422,0.898983]],[[0.961699,-0.116851,-0.247955],[0.00937316,0.918075,-0.396296],[0.273949,0.378793,0.884007]],[[0.961699,-0.116851,-0.247955],[-0.016584,0.878125,-0.478145],[0.273607,0.463943,0.842553]]],"btipPosition":[-100.451,197.831,-34.4846],"carpPosition":[-53.2999,241.236,95.8601],"dipPosition":[-96.1221,205.171,-21.1554],"direction":[-0.273949,-0.378793,-0.884007],"extended":true,"handId":18,"id":181,"length":54.4514,"mcpPosition":[-79.1167,227.261,34.3902],"pipPosition":[-89.9911,213.648,-1.37132],"stabilizedTipPosition":[-99.8954,200.739,-31.2261],"timeVisible":5.04397,"tipPosition":[-98.3687,198.522,-31.1259],"tipVelocity":[-0.435894,-32.3755,0.456545],"tool":false,"touchDistance":-0.11187,"touchZone":"touching","type":1,"width":17.91},{"bases":[[[0.449845,0.815532,-0.36407],[-0.65246,0.578453,0.48958],[0.609866,0.0173059,0.792316]],[[0.31534,0.794684,-0.518689],[-0.892452,0.434162,0.122607],[0.322629,0.424242,0.846126]],[[0.31534,0.794684,-0.518689],[-0.941184,0.191992,-0.278048],[-0.121376,0.575862,0.808487]],[[0.31534,0.794684,-0.518689],[-0.795234,-0.0769724,-0.601397],[-0.517845,0.602124,0.607687]]],"btipPosition":[-60.376,174.293,31.1063],"carpPosition":[-60.5177,225.129,108.907],"dipPosition":[-71.5977,187.341,44.2749],"direction":[0.121376,-0.575862,-0.808487],"extended":false,"handId":18,"id":180,"length":48.2559,"mcpPosition":[-60.5177,225.129,108.907],"pipPosition":[-75.4296,205.521,69.7988],"stabilizedTipPosition":[-65.0651,180.532,32.5469],"timeVisible":5.04397,"tipPosition":[-67.3212,177.883,33.6139],"tipVelocity":[-4.45175,-18.1121,7.70307],"tool":false,"touchDistance":0.0875185,"touchZone":"hovering","type":0,"width":18.75},{"bases":[[[0.943484,-0.275752,-0.183846],[0.218643,0.934768,-0.280007],[0.249066,0.223986,0.94223]],[[0.956721,-0.261824,-0.127015],[-0.131102,0.00187656,-0.991367],[0.259802,0.965114,-0.0325302]],[[0.956721,-0.261824,-0.127015],[-0.273481,-0.958123,-0.0849084],[-0.0994652,0.11597,-0.98826]],[[0.956721,-0.261824,-0.127015],[-0.144567,-0.80642,0.573399],[-0.252558,-0.530221,-0.80937]]],"btipPosition":[-63.6724,189.681,71.6599],"carpPosition":[-43.0012,241.051,90.9722],"dipPosition":[-68.0669,180.455,57.5769],"direction":[0.0994652,-0.11597,0.98826],"extended":false,"handId":18,"id":182,"length":62.043,"mcpPosition":[-59.0909,226.582,30.1042],"pipPosition":[-70.6858,183.509,31.556],"stabilizedTipPosition":[-61.0636,189.823,67.0457],"timeVisible":5.04397,"tipPosition":[-64.8475,186.692,68.026],"tipVelocity":[-5.99942,-11.3032,3.73746],"tool":false,"touchDistance":0.333333,"touchZone":"none","type":2,"width":17.59},{"bases":[[[0.950668,-0.309462,-0.0215507],[0.29332,0.919342,-0.262248],[0.100968,0.242989,0.96476]],[[0.955011,-0.294334,0.036339],[0.0146241,-0.0756447,-0.997028],[0.296208,0.952704,-0.0679371]],[[0.955011,-0.294334,0.036339],[-0.292625,-0.955127,-0.0458652],[0.048208,0.0331681,-0.998286]],[[0.955011,-0.294334,0.036339],[-0.251165,-0.73755,0.626847],[-0.157701,-0.607773,-0.778295]]],"btipPosition":[-48.9472,194.696,73.8671],"carpPosition":[-32.3286,238.539,87.942],"dipPosition":[-51.6754,184.181,60.4026],"direction":[-0.048208,-0.0331681,0.998286],"extended":false,"handId":18,"id":183,"length":59.656,"mcpPosition":[-38.1847,224.445,31.986],"pipPosition":[-50.4389,185.032,34.7965],"stabilizedTipPosition":[-45.0134,195.08,69.178],"timeVisible":5.04397,"tipPosition":[-48.8424,192.505,70.8188],"tipVelocity":[-6.03574,-9.75635,3.60229],"tool":false,"touchDistance":0.333333,"touchZone":"none","type":3,"width":16.738},{"bases":[[[0.894344,-0.426878,0.133884],[0.445373,0.877849,-0.176136],[-0.0423414,0.217154,0.975219]],[[0.876029,-0.386606,0.288287],[0.265352,-0.112748,-0.957537],[0.402693,0.915327,0.00381648]],[[0.876029,-0.386606,0.288287],[-0.369207,-0.922226,-0.114825],[0.310258,-0.00584719,-0.950634]],[[0.876029,-0.386606,0.288287],[-0.482159,-0.714266,0.507293],[0.00979078,-0.583404,-0.812123]]],"btipPosition":[-38.6351,198.24,66.342],"carpPosition":[-21.9492,230.45,88.649],"dipPosition":[-38.4788,188.929,53.3806],"direction":[-0.310258,0.00584719,0.950634],"extended":false,"handId":18,"id":184,"length":46.7692,"mcpPosition":[-19.6759,218.791,36.2895],"pipPosition":[-32.86,188.823,36.1646],"stabilizedTipPosition":[-34.0916,198.488,62.1172],"timeVisible":5.04397,"tipPosition":[-36.3933,195.944,64.1061],"tipVelocity":[-3.19893,-11.5512,4.53009],"tool":false,"touchDistance":0.333333,"touchZone":"none","type":4,"width":14.868}],"r":[[0.998239,-0.0246288,0.0539727],[0.032029,0.989513,-0.140851],[-0.0499377,0.142331,0.988559]],"s":1.08942,"t":[-81.9735,29.5873,-16.9466],"timestamp":838564716137},{"currentFrameRate":48.8513,"devices":[],"gestures":[],"hands":[{"armBasis":[[0.751852,0.211509,-0.624485],[0.218507,0.813693,0.538664],[0.622071,-0.54145,0.565561]],"armWidth":59,"confidence":1,"direction":[-0.205267,-0.085076,-0.975001],"elbow":[130.138,90.6449,257.936],"grabAngle":2.70163,"grabStrength":0,"id":18,"palmNormal":[-0.113507,-0.987423,0.110057],"palmPosition":[-52.1145,223.795,52.5492],"palmVelocity":[-4.29659,-18.1876,-5.21657],"palmWidth":84.25,"pinchDistance":55.7769,"pinchStrength":0.635614,"r":[[0.998223,-0.0233091,0.0548331],[0.030941,0.989276,-0.14274],[-0.0509179,0.144183,0.98824]],"s":1.0894,"sphereCenter":[-70.117,189.42,41.3405],"sphereRadius":40.9241,"stabilizedPalmPosition":[-50.9945,224.191,52.5945],"t":[-82.0935,29.3051,-17.004],"timeVisible":5.06503,"type":"right","wrist":[-25.3801,226.007,116.545]}],"id":19406,"interactionBox":{"center":[0,200,0],"size":[235.247,235.247,147.751]},"pointables":[{"bases":[[[0.923837,-0.145653,-0.353992],[0.0580228,0.967376,-0.24661],[0.378363,0.207288,0.902149]],[[0.961845,-0.12033,-0.245711],[0.0231681,0.930687,-0.365083],[0.272611,0.34546,0.897965]],[[0.961845,-0.12033,-0.245711],[0.0123479,0.916267,-0.400377],[0.273315,0.382067,0.882793]],[[0.961845,-0.12033,-0.245711],[-0.013651,0.875864,-0.482365],[0.273253,0.467314,0.840803]]],"btipPosition":[-100.458,197.204,-34.5464],"carpPosition":[-53.3997,241.01,95.6875],"dipPosition":[-96.1351,204.597,-21.2449],"direction":[-0.273315,-0.382067,-0.882793],"extended":true,"handId":18,"id":181,"length":54.4514,"mcpPosition":[-79.1738,226.89,34.2331],"pipPosition":[-90.0183,213.147,-1.48796],"stabilizedTipPosition":[-99.8636,200.604,-31.2453],"timeVisible":5.06503,"tipPosition":[-98.4252,197.977,-31.2077],"tipVelocity":[-0.411615,-29.2317,-3.2383],"tool":false,"touchDistance":-0.113007,"touchZone":"touching","type":1,"width":17.91},{"bases":[[[0.452641,0.812953,-0.366366],[-0.651471,0.582039,0.486637],[0.608852,0.0184047,0.79307]],[[0.318317,0.791942,-0.521059],[-0.891433,0.437059,0.119693],[0.322524,0.426388,0.845087]],[[0.318317,0.791942,-0.521059],[-0.940252,0.193692,-0.280018],[-0.120833,0.579061,0.80628]],[[0.318317,0.791942,-0.521059],[-0.794431,-0.0770623,-0.602446],[-0.517256,0.605714,0.604613]]],"btipPosition":[-60.564,173.856,31.1656],"carpPosition":[-60.6806,224.971,108.782],"dipPosition":[-71.7729,186.982,44.2675],"direction":[0.120833,-0.579061,-0.80628],"extended":false,"handId":18,"id":180,"length":48.2559,"mcpPosition":[-60.6806,224.971,108.782],"pipPosition":[-75.5876,205.263,69.7218],"stabilizedTipPosition":[-65.0337,180.473,32.5735],"timeVisible":5.06503,"tipPosition":[-67.5134,177.475,33.649],"tipVelocity":[-8.7893,-19.8737,2.08608],"tool":false,"touchDistance":0.0882505,"touchZone":"hovering","type":0,"width":18.75},{"bases":[[[0.942943,-0.279075,-0.181592],[0.221666,0.933141,-0.28304],[0.24844,0.226638,0.94176]],[[0.956144,-0.264982,-0.124793],[-0.129839,-0.00153881,-0.991534],[0.262547,0.964252,-0.0358763]],[[0.956144,-0.264982,-0.124793],[-0.27599,-0.957747,-0.0809344],[-0.0980741,0.111827,-0.988876]],[[0.956144,-0.264982,-0.124793],[-0.147419,-0.803537,0.576712],[-0.253094,-0.533023,-0.80736]]],"btipPosition":[-63.8757,189.434,71.6628],"carpPosition":[-43.0951,240.779,90.8142],"dipPosition":[-68.2795,180.159,57.6147],"direction":[0.0980741,-0.111827,0.988876],"extended":false,"handId":18,"id":182,"length":62.043,"mcpPosition":[-59.1443,226.138,29.9764],"pipPosition":[-70.8618,183.104,31.5776],"stabilizedTipPosition":[-61.1048,189.796,67.0606],"timeVisible":5.06503,"tipPosition":[-65.0643,186.403,68.0332],"tipVelocity":[-9.75501,-12.2675,0.516873],"tool":false,"touchDistance":0.333333,"touchZone":"none","type":2,"width":17.59},{"bases":[[[0.949814,-0.312226,-0.0191677],[0.296275,0.917567,-0.265125],[0.100367,0.246141,0.964023]],[[0.954124,-0.296905,0.0386735],[0.015736,-0.079261,-0.99673],[0.298999,0.951612,-0.0709527]],[[0.954124,-0.296905,0.0386735],[-0.295319,-0.954481,-0.0418586],[0.0493411,0.0285172,-0.998375]],[[0.954124,-0.296905,0.0386735],[-0.253974,-0.734141,0.629709],[-0.158572,-0.610643,-0.775867]]],"btipPosition":[-49.1388,194.414,73.8601],"carpPosition":[-32.4256,238.226,87.8073],"dipPosition":[-51.8821,183.85,60.4376],"direction":[-0.0493411,-0.0285172,0.998375],"extended":false,"handId":18,"id":183,"length":59.656,"mcpPosition":[-38.2469,223.95,31.894],"pipPosition":[-50.6165,184.582,34.8293],"stabilizedTipPosition":[-45.0577,195.051,69.1929],"timeVisible":5.06503,"tipPosition":[-49.0485,192.177,70.8258],"tipVelocity":[-9.26384,-13.9211,0.128059],"tool":false,"touchDistance":0.333333,"touchZone":"none","type":3,"width":16.738},{"bases":[[[0.89295,-0.428927,0.136608],[0.448095,0.875952,-0.178661],[-0.0430293,0.220749,0.974381]],[[0.874416,-0.387857,0.291485],[0.266959,-0.117038,-0.956575],[0.405129,0.914259,0.00120188]],[[0.874416,-0.387857,0.291485],[-0.371813,-0.92165,-0.110982],[0.311693,-0.0113335,-0.950115]],[[0.874416,-0.387857,0.291485],[-0.485084,-0.710668,0.509554],[0.00951502,-0.586957,-0.809562]]],"btipPosition":[-38.8204,197.899,66.3304],"carpPosition":[-22.0701,230.11,88.5571],"dipPosition":[-38.6686,188.531,53.4098],"direction":[-0.311693,0.0113335,0.950115],"extended":false,"handId":18,"id":184,"length":46.7692,"mcpPosition":[-19.7599,218.258,36.2426],"pipPosition":[-33.0238,188.325,36.2032],"stabilizedTipPosition":[-34.1386,198.46,62.1297],"timeVisible":5.06503,"tipPosition":[-36.5835,195.558,64.1163],"tipVeloci