{"frames":52,"data":[{"currentFrameRate":57.6758,"devices":[],"gestures":[],"hands":[{"armBasis":[[0.894098,-0.325183,-0.307968],[0.445845,0.711569,0.54304],[0.0425535,-0.622837,0.781194]],"armWidth":52.541,"confidence":1,"direction":[0.400971,0.295308,-0.867188],"elbow":[148.527,31.6103,256.098],"grabAngle":2.65705,"grabStrength":0,"id":2,"palmNormal":[-0.480349,-0.738276,-0.473513],"palmPosition":[153.829,199.832,16.0448],"palmVelocity":[-1.43226,12.1004,4.14042],"palmWidth":78.1456,"pinchDistance":43.9848,"pinchStrength":0.312091,"r":[[0.844478,0.429621,0.319817],[-0.3736,0.900381,-0.223018],[-0.38377,0.06885,0.920858]],"s":0.961742,"sphereCenter":[145.706,173.913,-14.4202],"sphereRadius":41.1414,"stabilizedPalmPosition":[153.302,195.593,13.7806],"t":[39.9052,81.3282,-10.8956],"timeVisible":7.64832,"type":"right","wrist":[138.66,176.037,74.9505]}],"id":2016,"interactionBox":{"center":[0,200,0],"size":[235.247,235.247,147.751]},"pointables":[{"bases":[[[0.821772,0.473937,0.316346],[-0.56945,0.70296,0.426114],[-0.0204272,-0.530312,0.847556]],[[0.806164,0.578913,0.12231],[-0.591603,0.785041,0.183619],[0.0102813,-0.220386,0.975359]],[[0.806164,0.578913,0.12231],[-0.568357,0.815125,-0.111988],[-0.164529,0.0207649,0.986154]],[[0.806164,0.578913,0.12231],[-0.508092,0.783242,-0.358294],[-0.303219,0.226699,0.925562]]],"btipPosition":[127.838,196.332,-35.7836],"carpPosition":[117.389,192.037,53.4105],"dipPosition":[121.756,200.879,-17.2196],"direction":[0.164529,-0.0207649,-0.986154],"extended":false,"handId":2,"id":20,"length":44.6639,"mcpPosition":[117.389,192.037,53.4105],"pipPosition":[116.948,201.486,11.5958],"stabilizedTipPosition":[128.117,190.764,-34.0358],"timeVisible":7.64832,"tipPosition":[127.882,195.948,-31.1377],"tipVelocity":[-2.79818,3.3399,1.30006],"tool":false,"touchDistance":0.333884,"touchZone":"hovering","type":0,"width":16.3926},{"bases":[[[0.836306,-0.548226,0.00638479],[0.514242,0.788396,0.337621],[-0.190126,-0.279071,0.941261]],[[0.816384,-0.570611,0.0890007],[0.545122,0.812278,0.207477],[-0.190682,-0.120864,0.974183]],[[0.816384,-0.570611,0.0890007],[0.567432,0.82122,0.0601635],[-0.107419,0.00138535,0.994213]],[[0.816384,-0.570611,0.0890007],[0.573998,0.818696,-0.0162453],[-0.0635948,0.0643486,0.995899]]],"btipPosition":[156.734,224.061,-76.057],"carpPosition":[134.544,202.949,54.4608],"dipPosition":[155.803,225.003,-61.4747],"direction":[0.107419,-0.00138535,-0.994213],"extended":true,"handId":2,"id":21,"length":50.3982,"mcpPosition":[146.557,220.582,-5.01214],"pipPosition":[153.578,225.032,-40.8805],"stabilizedTipPosition":[158.259,217.501,-75.9449],"timeVisible":7.64832,"tipPosition":[156.998,224.382,-72.5328],"tipVelocity":[-9.728,11.2109,3.57059],"tool":false,"touchDistance":0.336922,"touchZone":"hovering","type":1,"width":15.6582},{"bases":[[[0.702929,-0.707205,0.0758435],[0.643927,0.678043,0.354423],[-0.302075,-0.200296,0.932004]],[[0.708215,-0.703512,0.0591743],[0.418903,0.351273,-0.837333],[0.568288,0.617801,0.543481]],[[0.708215,-0.703512,0.0591743],[-0.478726,-0.540145,-0.692145],[0.518895,0.46186,-0.719328]],[[0.708215,-0.703512,0.0591743],[-0.697049,-0.710081,-0.0995352],[0.112043,0.029245,-0.993273]]],"btipPosition":[124.316,173.262,9.77635],"carpPosition":[144.141,198.507,54.5449],"dipPosition":[126.121,173.733,-6.2201],"direction":[-0.518895,-0.46186,0.719328],"extended":false,"handId":2,"id":22,"length":57.4247,"mcpPosition":[162.241,210.509,-1.30015],"pipPosition":[138.766,184.989,-23.7502],"stabilizedTipPosition":[126.217,166.061,3.46536],"timeVisible":7.64832,"tipPosition":[125.344,173.754,5.33158],"tipVelocity":[-1.63561,7.14865,3.80252],"tool":false,"touchDistance":0.333333,"touchZone":"none","type":2,"width":15.3785},{"bases":[[[0.600259,-0.77806,0.185234],[0.682545,0.619053,0.388466],[-0.416919,-0.10675,0.902653]],[[0.610342,-0.775196,0.162953],[0.504265,0.221579,-0.834637],[0.6109,0.591586,0.526143]],[[0.610342,-0.775196,0.162953],[-0.485139,-0.528424,-0.696712],[0.626197,0.346178,-0.698597]],[[0.610342,-0.775196,0.162953],[-0.772146,-0.628139,-0.0960871],[0.176844,-0.0671775,-0.981944]]],"btipPosition":[133.571,167.696,18.5601],"carpPosition":[152.232,191.748,54.9586],"dipPosition":[136.403,166.62,2.83695],"direction":[-0.626197,-0.346178,0.698597],"extended":false,"handId":2,"id":23,"length":55.2154,"mcpPosition":[174.661,197.491,6.39808],"pipPosition":[151.269,174.839,-13.7482],"stabilizedTipPosition":[135.692,159.901,12.0702],"timeVisible":7.64832,"tipPosition":[134.791,167.539,14.4072],"tipVelocity":[-7.20939,17.6519,5.4769],"tool":false,"touchDistance":0.333333,"touchZone":"none","type":3,"width":14.6336},{"bases":[[[0.426888,-0.876704,0.221712],[0.728065,0.478621,0.490758],[-0.536366,-0.0480781,0.842615]],[[0.383354,-0.877769,0.287335],[0.652258,0.037033,-0.757092],[0.653911,0.477651,0.586729]],[[0.383354,-0.877769,0.287335],[-0.43833,-0.446742,-0.779928],[0.812962,0.173041,-0.556013]],[[0.383354,-0.877769,0.287335],[-0.853641,-0.455507,-0.252608],[0.352615,-0.148443,-0.92392]]],"btipPosition":[144.364,167.439,18.4613],"carpPosition":[156.304,180.226,55.235],"dipPosition":[149.573,165.246,4.81315],"direction":[-0.812962,-0.173041,0.556013],"extended":false,"handId":2,"id":24,"length":43.2878,"mcpPosition":[183.015,182.62,13.2729],"pipPosition":[163.199,168.146,-4.5067],"stabilizedTipPosition":[146.52,160.63,12.9191],"timeVisible":7.64832,"tipPosition":[146.954,165.146,15.2479],"tipVelocity":[-12.0555,33.9813,-0.685242],"tool":false,"touchDistance":0.333333,"touchZone":"none","type":4,"width":12.9987}],"r":[[0.844478,0.429621,0.319817],[-0.3736,0.900381,-0.223018],[-0.38377,0.06885,0.920858]],"s":0.961742,"t":[39.9052,81.3282,-10.8956],"timestamp":18874130934},{"currentFrameRate":57.6584,"devices":[],"gestures":[],"hands":[{"armBasis":[[0.894503,-0.323474,-0.308592],[0.444791,0.71342,0.541472],[0.0450036,-0.621608,0.782035]],"armWidth":52.541,"confidence":1,"direction":[0.400382,0.296691,-0.866988],"elbow":[149.176,32.0306,256.386],"grabAngle":2.6582,"grabStrength":0,"id":2,"palmNormal":[-0.478222,-0.739418,-0.473882],"palmPosition":[153.85,200.015,16.1401],"palmVelocity":[1.20678,10.509,5.47569],"palmWidth":78.1456,"pinchDistance":43.6636,"pinchStrength":0.31149,"r":[[0.843516,0.431029,0.32046],[-0.3748,0.899733,-0.223621],[-0.384716,0.0685198,0.920488]],"s":0.960453,"sphereCenter":[145.592,174.33,-14.3533],"sphereRadius":41.0326,"stabilizedPalmPosition":[153.32,195.741,13.8596],"t":[39.9274,81.5537,-10.8162],"timeVisible":7.66573,"type":"right","wrist":[138.74,176.173,75.0435]}],"id":2017,"interactionBox":{"center":[0,200,0],"size":[235.247,235.247,147.751]},"pointables":[{"bases":[[[0.820402,0.476062,0.316711],[-0.571465,0.701265,0.42621],[-0.019196,-0.530653,0.847372]],[[0.804414,0.581424,0.121918],[-0.593965,0.783322,0.183336],[0.0110952,-0.219893,0.975461]],[[0.804414,0.581424,0.121918],[-0.570739,0.813322,-0.112982],[-0.164849,0.0213008,0.986089]],[[0.804414,0.581424,0.121918],[-0.510592,0.781568,-0.358397],[-0.303667,0.226049,0.925574]]],"btipPosition":[127.854,196.379,-35.7028],"carpPosition":[117.422,192.109,53.494],"dipPosition":[121.763,200.913,-17.1386],"direction":[0.164849,-0.0213008,-0.986089],"extended":false,"handId":2,"id":20,"length":44.6639,"mcpPosition":[117.422,192.109,53.494],"pipPosition":[116.946,201.536,11.6749],"stabilizedTipPosition":[128.105,190.813,-34.0168],"timeVisible":7.66573,"tipPosition":[127.917,196.084,-31.0524],"tipVelocity":[0.827956,2.55123,4.64739],"tool":false,"touchDistance":0.335042,"touchZone":"hovering","type":0,"width":16.3926},{"bases":[[[0.837792,-0.545952,0.00640777],[0.512012,0.789676,0.338016],[-0.189601,-0.279906,0.941119]],[[0.818236,-0.568131,0.0878438],[0.542937,0.813921,0.206766],[-0.188968,-0.121489,0.974439]],[[0.818236,-0.568131,0.0878438],[0.565189,0.822935,0.0577961],[-0.105125,0.00235749,0.994456]],[[0.818236,-0.568131,0.0878438],[0.571596,0.82032,-0.0187912],[-0.0613842,0.0655867,0.995957]]],"btipPosition":[156.561,224.216,-75.9719],"carpPosition":[134.547,203.066,54.5523],"dipPosition":[155.662,225.176,-61.3887],"direction":[0.105125,-0.00235749,-0.994456],"extended":true,"handId":2,"id":21,"length":50.3982,"mcpPosition":[146.527,220.752,-4.91164],"pipPosition":[153.484,225.225,-40.7894],"stabilizedTipPosition":[158.241,217.568,-75.9124],"timeVisible":7.66573,"tipPosition":[156.968,224.602,-72.4304],"tipVelocity":[-9.5218,9.1423,4.90615],"tool":false,"touchDistance":0.337843,"touchZone":"hovering","type":1,"width":15.6582},{"bases":[[[0.70483,-0.705317,0.0757794],[0.641993,0.679671,0.354813],[-0.301761,-0.201433,0.931861]],[[0.710345,-0.70143,0.0583549],[0.416833,0.352424,-0.837883],[0.56715,0.61951,0.542722]],[[0.710345,-0.70143,0.0583549],[-0.477299,-0.540976,-0.692482],[0.517296,0.464048,-0.719071]],[[0.710345,-0.70143,0.0583549],[-0.694913,-0.71208,-0.100192],[0.111831,0.0306192,-0.993255]]],"btipPosition":[124.402,173.328,9.90214],"carpPosition":[144.156,198.651,54.6374],"dipPosition":[126.203,173.821,-6.09404],"direction":[-0.517296,-0.464048,0.719071],"extended":false,"handId":2,"id":22,"length":57.4247,"mcpPosition":[162.237,210.721,-1.19915],"pipPosition":[138.809,185.13,-23.6179],"stabilizedTipPosition":[126.208,166.106,3.48235],"timeVisible":7.66573,"tipPosition":[125.437,173.861,5.41418],"tipVelocity":[4.87512,4.05658,7.2323],"tool":false,"touchDistance":0.333333,"touchZone":"none","type":2,"width":15.3785},{"bases":[[[0.602326,-0.776488,0.18512],[0.680763,0.620775,0.388845],[-0.416852,-0.108189,0.902513]],[[0.611021,-0.774022,0.165961],[0.504611,0.219304,-0.835029],[0.609935,0.593966,0.524579]],[[0.611021,-0.774022,0.165961],[-0.483165,-0.53072,-0.696339],[0.62706,0.345291,-0.698262]],[[0.611021,-0.774022,0.165961],[-0.771261,-0.629316,-0.0954913],[0.178354,-0.0696517,-0.981498]]],"btipPosition":[133.593,167.908,18.7045],"carpPosition":[152.265,191.913,55.0508],"dipPosition":[136.449,166.793,2.98856],"direction":[-0.62706,-0.345291,0.698262],"extended":false,"handId":2,"id":23,"length":55.2154,"mcpPosition":[174.691,197.733,6.49776],"pipPosition":[151.336,174.99,-13.5887],"stabilizedTipPosition":[135.678,159.977,12.0998],"timeVisible":7.66573,"tipPosition":[134.895,167.671,14.492],"tipVelocity":[1.58201,11.6783,8.39663],"tool":false,"touchDistance":0.333333,"touchZone":"none","type":3,"width":14.6336},{"bases":[[[0.429215,-0.875616,0.221522],[0.726639,0.480432,0.491102],[-0.536443,-0.049822,0.842465]],[[0.378761,-0.876524,0.297062],[0.655382,0.0273937,-0.754801],[0.653463,0.480578,0.584834]],[[0.378761,-0.876524,0.297062],[-0.435152,-0.451948,-0.778708],[0.816813,0.165678,-0.552601]],[[0.378761,-0.876524,0.297062],[-0.853839,-0.454784,-0.25324],[0.35707,-0.157725,-0.920665]]],"btipPosition":[144.315,167.874,18.5102],"carpPosition":[156.368,180.403,55.3242],"dipPosition":[149.59,165.544,4.91012],"direction":[-0.816813,-0.165678,0.552601],"extended":false,"handId":2,"id":24,"length":43.2878,"mcpPosition":[183.083,182.884,13.3696],"pipPosition":[163.281,168.321,-4.35255],"stabilizedTipPosition":[146.472,160.956,13.0385],"timeVisible":7.66573,"tipPosition":[147.041,165.348,15.3307],"tipVelocity":[-1.91323,23.1891,3.44516],"tool":false,"touchDistance":0.333333,"touchZone":"none","type":4,"width":12.9987}],"r":[[0.843516,0.431029,0.32046],[-0.3748,0.899733,-0.223621],[-0.384716,0.0685198,0.920488]],"s":0.960453,"t":[39.9274,81.5537,-10.8162],"timestamp":18874148335},{"currentFrameRate":57.6619,"devices":[],"gestures":[],"hands":[{"armBasis":[[0.894247,-0.323133,-0.30969],[0.445099,0.71471,0.539515],[0.0470033,-0.620302,0.782953]],"armWidth":52.541,"confidence":1,"direction":[0.399791,0.297505,-0.866982],"elbow":[149.703,32.4076,256.691],"grabAngle":2.6585,"grabStrength":0,"id":2,"palmNormal":[-0.477376,-0.739876,-0.47402],"palmPosition":[153.858,200.114,16.226],"palmVelocity":[0.475558,5.70928,4.95974],"palmWidth":78.1456,"pinchDistance":43.7729,"pinchStrength":0.312652,"r":[[0.842647,0.432352,0.320963],[-0.376002,0.89913,-0.224026],[-0.385446,0.0680921,0.920215]],"s":0.959152,"sphereCenter":[145.449,174.649,-14.287],"sphereRadius":40.9302,"stabilizedPalmPosition":[153.334,195.849,13.9181],"t":[39.9427,81.716,-10.7336],"timeVisible":7.68306,"type":"right","wrist":[138.803,176.247,75.1353]}],"id":2018,"interactionBox":{"center":[0,200,0],"size":[235.247,235.247,147.751]},"pointables":[{"bases":[[[0.819859,0.477018,0.316678],[-0.572273,0.700378,0.426585],[-0.0183064,-0.530966,0.847196]],[[0.803454,0.583015,0.120641],[-0.595242,0.782476,0.182805],[0.0121797,-0.218686,0.975719]],[[0.803454,0.583015,0.120641],[-0.572141,0.812139,-0.114391],[-0.164669,0.0228847,0.986083]],[[0.803454,0.583015,0.120641],[-0.51206,0.780072,-0.359558],[-0.303736,0.227113,0.925291]]],"btipPosition":[127.831,196.299,-35.6161],"carpPosition":[117.45,192.148,53.5859],"dipPosition":[121.739,200.854,-17.0576],"direction":[0.164669,-0.0228847,-0.986083],"extended":false,"handId":2,"id":20,"length":44.6639,"mcpPosition":[117.45,192.148,53.5859],"pipPosition":[116.927,201.523,11.7558],"stabilizedTipPosition":[128.096,190.848,-34.0025],"timeVisible":7.68306,"tipPosition":[127.903,196.178,-30.9656],"tipVelocity":[-1.34215,-4.35279,4.92605],"tool":false,"touchDistance":0.336152,"touchZone":"hovering","type":0,"width":16.3926},{"bases":[[[0.8385,-0.544868,0.00602294],[0.511069,0.790224,0.338163],[-0.189014,-0.280472,0.941068]],[[0.819237,-0.566882,0.0865779],[0.541945,0.814704,0.206282],[-0.187473,-0.122073,0.974655]],[[0.819237,-0.566882,0.0865779],[0.564093,0.823794,0.0562282],[-0.103197,0.00277381,0.994657]],[[0.819237,-0.566882,0.0865779],[0.570366,0.821133,-0.0205567],[-0.0594388,0.0662219,0.996033]]],"btipPosition":[156.414,224.316,-75.8903],"carpPosition":[134.56,203.127,54.6439],"dipPosition":[155.543,225.286,-61.306],"direction":[0.103197,-0.00277381,-0.994657],"extended":true,"handId":2,"id":21,"length":50.3982,"mcpPosition":[146.503,220.848,-4.81688],"pipPosition":[153.406,225.343,-40.7026],"stabilizedTipPosition":[158.222,217.631,-75.882],"timeVisible":7.68306,"tipPosition":[156.919,224.734,-72.3381],"tipVelocity":[-8.11087,5.9027,4.71945],"tool":false,"touchDistance":0.338619,"touchZone":"hovering","type":1,"width":15.6582},{"bases":[[[0.705762,-0.704428,0.0753719],[0.641196,0.680382,0.354892],[-0.301278,-0.202141,0.931864]],[[0.711571,-0.700301,0.0569639],[0.415016,0.353504,-0.83833],[0.566946,0.620172,0.542179]],[[0.711571,-0.700301,0.0569639],[-0.476694,-0.540742,-0.693081],[0.516168,0.466022,-0.718606]],[[0.711571,-0.700301,0.0569639],[-0.693726,-0.713112,-0.101076],[0.111405,0.0324052,-0.993247]]],"btipPosition":[124.435,173.339,10.0007],"carpPosition":[144.175,198.724,54.7252],"dipPosition":[126.229,173.861,-5.99535],"direction":[-0.516168,-0.466022,0.718606],"extended":false,"handId":2,"id":22,"length":57.4247,"mcpPosition":[162.227,210.836,-1.11154],"pipPosition":[138.808,185.218,-23.5078],"stabilizedTipPosition":[126.204,166.131,3.49198],"timeVisible":7.68306,"tipPosition":[125.474,173.925,5.50071],"tipVelocity":[1.81411,1.04572,5.68796],"tool":false,"touchDistance":0.333333,"touchZone":"none","type":2,"width":15.3785},{"bases":[[[0.603376,-0.775769,0.184713],[0.68005,0.621525,0.388895],[-0.416496,-0.109036,0.902575]],[[0.611006,-0.773611,0.167922],[0.504857,0.217412,-0.835375],[0.609747,0.595195,0.523403]],[[0.611006,-0.773611,0.167922],[-0.481958,-0.531806,-0.696347],[0.628003,0.34454,-0.697785]],[[0.611006,-0.773611,0.167922],[-0.771026,-0.629639,-0.0952497],[0.179417,-0.0712741,-0.981188]]],"btipPosition":[133.57,168.034,18.8135],"carpPosition":[152.293,191.997,55.1343],"dipPosition":[136.443,166.893,3.1025],"direction":[-0.628003,-0.34454,0.697785],"extended":false,"handId":2,"id":23,"length":55.2154,"mcpPosition":[174.699,197.863,6.57799],"pipPosition":[151.352,175.072,-13.4634],"stabilizedTipPosition":[135.667,160.037,12.1236],"timeVisible":7.68306,"tipPosition":[134.941,167.746,14.5751],"tipVelocity":[-1.11931,6.92405,6.35364],"tool":false,"touchDistance":0.333333,"touchZone":"none","type":3,"width":14.6336},{"bases":[[[0.430402,-0.875134,0.221122],[0.726132,0.481207,0.491093],[-0.536177,-0.0508039,0.842575]],[[0.373466,-0.875751,0.305913],[0.658341,0.0178894,-0.752507],[0.653536,0.482431,0.583224]],[[0.373466,-0.875751,0.305913],[-0.432512,-0.456123,-0.777744],[0.820644,0.15815,-0.549119]],[[0.373466,-0.875751,0.305913],[-0.854361,-0.453188,-0.254338],[0.361373,-0.166373,-0.917458]]],"btipPosition":[144.215,168.209,18.5264],"carpPosition":[156.411,180.492,55.4029],"dipPosition":[149.553,165.752,4.97372],"direction":[-0.820644,-0.15815,0.549119],"extended":false,"handId":2,"id":24,"length":43.2878,"mcpPosition":[183.113,183.022,13.4428],"pipPosition":[163.309,168.402,-4.23059],"stabilizedTipPosition":[146.425,161.263,13.1475],"timeVisible":7.68306,"tipPosition":[147.066,165.476,15.4065],"tipVelocity":[-4.94027,17.6682,1.56509],"tool":false,"touchDistance":0.333333,"touchZone":"none","type":4,"width":12.9987}],"r":[[0.842647,0.432352,0.320963],[-0.376002,0.89913,-0.224026],[-0.385446,0.0680921,0.920215]],"s":0.959152,"t":[39.9427,81.716,-10.7336],"timestamp":18874165666},{"currentFrameRate":57.6593,"devices":[],"gestures":[],"hands":[{"armBasis":[[0.893589,-0.323592,-0.311105],[0.446244,0.715452,0.537582],[0.0486238,-0.619207,0.783721]],"armWidth":52.541,"confidence":1,"direction":[0.398774,0.297673,-0.867393],"elbow":[150.23,32.7499,256.974],"grabAngle":2.65831,"grabStrength":0,"id":2,"palmNormal":[-0.47766,-0.739994,-0.47355],"palmPosition":[153.933,200.199,16.3081],"palmVelocity":[4.3503,4.88421,4.72857],"palmWidth":78.1456,"pinchDistance":44.1518,"pinchStrength":0.314995,"r":[[0.841993,0.433457,0.32119],[-0.377065,0.898627,-0.22426],[-0.385837,0.067716,0.920079]],"s":0.95784,"sphereCenter":[145.38,174.898,-14.2016],"sphereRadius":40.848,"stabilizedPalmPosition":[153.346,195.937,13.9664],"t":[39.988,81.8395,-10.6512],"timeVisible":7.70041,"type":"right","wrist":[138.955,176.335,75.2397]}],"id":2019,"interactionBox":{"center":[0,200,0],"size":[235.247,235.247,147.751]},"pointables":[{"bases":[[[0.820054,0.477247,0.315828],[-0.572026,0.700183,0.427235],[-0.0172405,-0.531018,0.847185]],[[0.803236,0.583676,0.118887],[-0.59551,0.782384,0.182327],[0.0134041,-0.21725,0.976024]],[[0.803236,0.583676,0.118887],[-0.572535,0.811592,-0.116287],[-0.164362,0.0253391,0.986075]],[[0.803236,0.583676,0.118887],[-0.512375,0.778815,-0.361829],[-0.303782,0.229719,0.924633]]],"btipPosition":[127.888,196.185,-35.4952],"carpPosition":[117.567,192.219,53.7065],"dipPosition":[121.795,200.793,-16.9499],"direction":[0.164362,-0.0253391,-0.986075],"extended":false,"handId":2,"id":20,"length":44.6639,"mcpPosition":[117.567,192.219,53.7065],"pipPosition":[116.993,201.533,11.8633],"stabilizedTipPosition":[128.089,190.875,-33.9907],"timeVisible":7.70041,"tipPosition":[127.912,196.269,-30.8605],"tipVelocity":[3.29114,-5.86527,6.79427],"tool":false,"touchDistance":0.337638,"touchZone":"hovering","type":0,"width":16.3926},{"bases":[[[0.83867,-0.544616,0.00509589],[0.511192,0.790359,0.33766],[-0.187923,-0.28058,0.941254]],[[0.819571,-0.566576,0.0854112],[0.541911,0.814891,0.205633],[-0.186108,-0.122246,0.974895]],[[0.819571,-0.566576,0.0854112],[0.563892,0.824004,0.0551601],[-0.101632,0.00295508,0.994818]],[[0.819571,-0.566576,0.0854112],[0.570051,0.821322,-0.0217277],[-0.0578398,0.0664961,0.996109]]],"btipPosition":[156.354,224.398,-75.8125],"carpPosition":[134.676,203.204,54.7467],"dipPosition":[155.507,225.372,-61.2271],"direction":[0.101632,-0.00295508,-0.994818],"extended":true,"handId":2,"id":21,"length":50.3982,"mcpPosition":[146.55,220.932,-4.72581],"pipPosition":[153.402,225.433,-40.6203],"stabilizedTipPosition":[158.208,217.682,-75.8572],"timeVisible":7.70041,"tipPosition":[156.891,224.824,-72.2583],"tipVelocity":[-3.11058,4.79463,4.4984],"tool":false,"touchDistance":0.339262,"touchZone":"hovering","type":1,"width":15.6582},{"bases":[[[0.706054,-0.70422,0.074578],[0.64137,0.680555,0.354244],[-0.30022,-0.202283,0.932175]],[[0.712015,-0.699959,0.0555989],[0.413366,0.353842,-0.839002],[0.567594,0.620365,0.54128]],[[0.712015,-0.699959,0.0555989],[-0.477017,-0.540295,-0.693207],[0.515256,0.467052,-0.718591]],[[0.712015,-0.699959,0.0555989],[-0.693424,-0.713399,-0.10112],[0.110444,0.0334456,-0.993319]]],"btipPosition":[124.499,173.378,10.1123],"carpPosition":[144.292,198.804,54.8175],"dipPosition":[126.278,173.917,-5.88487],"direction":[-0.515256,-0.467052,0.718591],"extended":false,"handId":2,"id":22,"length":57.4247,"mcpPosition":[162.281,210.925,-1.03784],"pipPosition":[138.835,185.299,-23.397],"stabilizedTipPosition":[126.201,166.149,3.499],"timeVisible":7.70041,"tipPosition":[125.545,174.001,5.61366],"tipVelocity":[3.52012,2.43447,6.41912],"tool":false,"touchDistance":0.333333,"touchZone":"none","type":2,"width":15.3785},{"bases":[[[0.603807,-0.775598,0.184024],[0.680279,0.621708,0.388202],[-0.415498,-0.109211,0.903014]],[[0.610624,-0.773677,0.169001],[0.504545,0.21559,-0.836035],[0.610387,0.595772,0.522]],[[0.610624,-0.773677,0.169001],[-0.481819,-0.53232,-0.69605],[0.628481,0.343598,-0.69782]],[[0.610624,-0.773677,0.169001],[-0.771303,-0.629405,-0.0945566],[0.179526,-0.0726121,-0.98107]]],"btipPosition":[133.598,168.147,18.9258],"carpPosition":[152.413,192.079,55.2176],"dipPosition":[136.473,166.985,3.21672],"direction":[-0.628481,-0.343598,0.69782],"extended":false,"handId":2,"id":23,"length":55.2154,"mcpPosition":[174.765,197.954,6.63763],"pipPosition":[151.393,175.142,-13.35],"stabilizedTipPosition":[135.658,160.083,12.1426],"timeVisible":7.70041,"tipPosition":[135.021,167.825,14.6783],"tipVelocity":[1.65116,6.2441,6.49854],"tool":false,"touchDistance":0.333333,"touchZone":"none","type":3,"width":14.6336},{"bases":[[[0.430902,-0.875016,0.220613],[0.726512,0.481398,0.490342],[-0.53526,-0.0510115,0.843146]],[[0.368902,-0.875278,0.312731],[0.660111,0.00985128,-0.751104],[0.654343,0.483521,0.581414]],[[0.368902,-0.875278,0.312731],[-0.431174,-0.459222,-0.776662],[0.823408,0.151671,-0.546804]],[[0.368902,-0.875278,0.312731],[-0.85516,-0.451444,-0.254753],[0.36416,-0.173456,-0.915041]]],"btipPosition":[144.181,168.483,18.5565],"carpPosition":[156.535,180.575,55.4811],"dipPosition":[149.56,165.921,5.03958],"direction":[-0.823408,-0.151671,0.546804],"extended":false,"handId":2,"id":24,"length":43.2878,"mcpPosition":[183.191,183.115,13.4926],"pipPosition":[163.362,168.463,-4.12593],"stabilizedTipPosition":[146.381,161.548,13.2464],"timeVisible":7.70041,"tipPosition":[147.127,165.591,15.4933],"tipVelocity":[-1.43245,14.3994,2.21092],"tool":false,"touchDistance":0.333333,"touchZone":"none","type":4,"width":12.9987}],"r":[[0.841993,0.433457,0.32119],[-0.377065,0.898627,-0.22426],[-0.385837,0.067716,0.920079]],"s":0.95784,"t":[39.988,81.8395,-10.6512],"timestamp":18874183018},{"currentFrameRate":57.6455,"devices":[],"gestures":[],"hands":[{"armBasis":[[0.892942,-0.32443,-0.312089],[0.447397,0.716413,0.53534],[0.0499044,-0.617656,0.784864]],"armWidth":52.541,"confidence":1,"direction":[0.397764,0.297618,-0.867875],"elbow":[150.687,33.134,257.33],"grabAngle":2.65834,"grabStrength":0,"id":2,"palmNormal":[-0.477896,-0.740266,-0.472886],"palmPosition":[154.021,200.201,16.3701],"palmVelocity":[5.02388,0.137103,3.56594],"palmWidth":78.1456,"pinchDistance":44.4838,"pinchStrength":0.317223,"r":[[0.841506,0.434413,0.321175],[-0.378024,0.898186,-0.224409],[-0.385961,0.0674292,0.920047]],"s":0.956573,"sphereCenter":[145.401,174.958,-14.1192],"sphereRadius":40.8023,"stabilizedPalmPosition":[153.357,196.01,14.0072],"t":[40.0544,81.9024,-10.579],"timeVisible":7.7178,"type":"right","wrist":[139.115,176.36,75.331]}],"id":2020,"interactionBox":{"center":[0,200,0],"size":[235.247,235.247,147.751]},"pointables":[{"bases":[[[0.820217,0.477603,0.314865],[-0.571825,0.700079,0.427676],[-0.016171,-0.530834,0.847321]],[[0.803122,0.584066,0.117736],[-0.595648,0.782397,0.181821],[0.014079,-0.216154,0.976258]],[[0.803122,0.584066,0.117736],[-0.57256,0.811226,-0.118689],[-0.164833,0.0279106,0.985927]],[[0.803122,0.584066,0.117736],[-0.51204,0.777628,-0.364841],[-0.304646,0.232727,0.923596]]],"btipPosition":[128.02,196.001,-35.3783],"carpPosition":[117.697,192.217,53.8082],"dipPosition":[121.909,200.669,-16.8538],"direction":[0.164833,-0.0279106,-0.985927],"extended":false,"handId":2,"id":20,"length":44.6639,"mcpPosition":[117.697,192.217,53.8082],"pipPosition":[117.093,201.484,11.955],"stabilizedTipPosition":[128.082,190.904,-33.9774],"timeVisible":7.7178,"tipPosition":[127.936,196.262,-30.7745],"tipVelocity":[7.32427,-9.80375,6.44267],"tool":false,"touchDistance":0.338889,"touchZone":"hovering","type":0,"width":16.3926},{"bases":[[[0.838865,-0.544322,0.00434222],[0.511269,0.790613,0.33695],[-0.186842,-0.280435,0.941513]],[[0.819775,-0.566345,0.0849808],[0.541871,0.815098,0.204915],[-0.18532,-0.121936,0.975084]],[[0.819775,-0.566345,0.0849808],[0.563753,0.824161,0.0542342],[-0.100753,0.00344833,0.994905]],[[0.819775,-0.566345,0.0849808],[0.569852,0.821431,-0.0227984],[-0.0568941,0.067116,0.996122]]],"btipPosition":[156.351,224.363,-75.7564],"carpPosition":[134.803,203.208,54.8281],"dipPosition":[155.518,225.345,-61.1708],"direction":[0.100753,-0.00344833,-0.994905],"extended":true,"handId":2,"id":21,"length":50.3982,"mcpPosition":[146.608,220.927,-4.6607],"pipPosition":[153.431,225.417,-40.5622],"stabilizedTipPosition":[158.198,217.713,-75.8417],"timeVisible":7.7178,"tipPosition":[156.876,224.807,-72.2051],"tipVelocity":[0.020428,-1.92664,3.23097],"tool":false,"touchDistance":0.339512,"touchZone":"hovering","type":1,"width":15.6582},{"bases":[[[0.706377,-0.703957,0.0739983],[0.641502,0.680858,0.353422],[-0.299176,-0.202179,0.932533]],[[0.712497,-0.699561,0.0544213],[0.411737,0.354026,-0.839725],[0.568173,0.620709,0.540278]],[[0.712497,-0.699561,0.0544213],[-0.47755,-0.54028,-0.692852],[0.514095,0.467666,-0.719024]],[[0.712497,-0.699561,0.0544213],[-0.693149,-0.713774,-0.100357],[0.109051,0.0337823,-0.993462]]],"btipPosition":[124.592,173.345,10.2175],"carpPosition":[144.42,198.812,54.8898],"dipPosition":[126.348,173.889,-5.782],"direction":[-0.514095,-0.467666,0.719024],"extended":false,"handId":2,"id":22,"length":57.4247,"mcpPosition":[162.347,210.926,-0.98692],"pipPosition":[138.877,185.286,-23.3047],"stabilizedTipPosition":[126.198,166.164,3.50521],"timeVisible":7.7178,"tipPosition":[125.629,173.99,5.71243],"tipVelocity":[5.01464,-1.83552,6.01567],"tool":false,"touchDistance":0.333333,"touchZone":"none","type":2,"width":15.3785},{"bases":[[[0.604269,-0.775346,0.183567],[0.680466,0.622032,0.387353],[-0.414517,-0.109154,0.903472]],[[0.610633,-0.773558,0.169515],[0.503852,0.214365,-0.836768],[0.610951,0.596369,0.520657]],[[0.610633,-0.773558,0.169515],[-0.482048,-0.532916,-0.695435],[0.628297,0.342941,-0.698309]],[[0.610633,-0.773558,0.169515],[-0.771416,-0.629428,-0.0934823],[0.179012,-0.0736835,-0.981084]]],"btipPosition":[133.667,168.165,19.0299],"carpPosition":[152.543,192.09,55.283],"dipPosition":[136.534,166.985,3.32052],"direction":[-0.628297,-0.342941,0.698309],"extended":false,"handId":2,"id":23,"length":55.2154,"mcpPosition":[174.843,197.962,6.67842],"pipPosition":[151.45,175.126,-13.2578],"stabilizedTipPosition":[135.653,160.114,12.1556],"timeVisible":7.7178,"tipPosition":[135.116,167.821,14.769],"tipVelocity":[3.8628,0.771808,5.97835],"tool":false,"touchDistance":0.333333,"touchZone":"none","type":3,"width":14.6336},{"bases":[[[0.431437,-0.874817,0.220358],[0.726856,0.481761,0.489476],[-0.534362,-0.0510094,0.843715]],[[0.365972,-0.874778,0.317535],[0.661135,0.00425751,-0.750255],[0.654955,0.484505,0.579904]],[[0.365972,-0.874778,0.317535],[-0.430601,-0.461657,-0.775536],[0.825014,0.147093,-0.545634]],[[0.365972,-0.874778,0.317535],[-0.855788,-0.450403,-0.254489],[0.36564,-0.178607,-0.913459]]],"btipPosition":[144.204,168.618,18.5946],"carpPosition":[156.67,180.587,55.5448],"dipPosition":[149.605,165.98,5.10102],"direction":[-0.825014,-0.147093,0.545634],"extended":false,"handId":2,"id":24,"length":43.2878,"mcpPosition":[183.281,183.127,13.5279],"pipPosition":[163.434,168.445,-4.04486],"stabilizedTipPosition":[146.346,161.792,13.3309],"timeVisible":7.7178,"tipPosition":[147.209,165.613,15.5694],"tipVelocity":[1.6164,6.75185,2.49796],"tool":false,"touchDistance":0.333333,"touchZone":"none","type":4,"width":12.9987}],"r":[[0.841506,0.434413,0.321175],[-0.378024,0.898186,-0.224409],[-0.385961,0.0674292,0.920047]],"s":0.956573,"t":[40.0544,81.9024,-10.579],"timestamp":18874200411},{"currentFrameRate":57.6462,"devices":[],"gestures":[],"hands":[{"armBasis":[[0.89139,-0.327041,-0.313797],[0.450373,0.716848,0.532253],[0.0508762,-0.61577,0.786282]],"armWidth":52.541,"confidence":1,"direction":[0.398822,0.298121,-0.867217],"elbow":[150.952,33.5162,257.676],"grabAngle":2.65872,"grabStrength":0,"id":2,"palmNormal":[-0.47871,-0.738919,-0.474169],"palmPosition":[154.114,200.17,16.4073],"palmVelocity":[5.35725,-1.78228,2.1441],"palmWidth":78.1456,"pinchDistance":44.5136,"pinchStrength":0.318748,"r":[[0.841205,0.434835,0.321392],[-0.378483,0.898008,-0.224348],[-0.386167,0.0670815,0.919987]],"s":0.955344,"sphereCenter":[145.465,174.98,-14.1087],"sphereRadius":40.7769,"stabilizedPalmPosition":[153.37,196.08,14.0479],"t":[40.1341,81.9184,-10.5243],"timeVisible":7.73515,"type":"right","wrist":[139.154,176.305,75.3481]}],"id":2021,"interactionBox":{"center":[0,200,0],"size":[235.247,235.247,147.751]},"pointables":[{"bases":[[[0.820734,0.475932,0.316045],[-0.57104,0.700409,0.428183],[-0.0175746,-0.531899,0.846625]],[[0.803997,0.582534,0.119347],[-0.594507,0.783321,0.181578],[0.0122881,-0.216941,0.976107]],[[0.803997,0.582534,0.119347],[-0.570634,0.812292,-0.120656],[-0.167231,0.0289036,0.985494]],[[0.803997,0.582534,0.119347],[-0.509412,0.778288,-0.367107],[-0.306739,0.234356,0.92249]]],"btipPosition":[128.263,195.95,-35.3352],"carpPosition":[117.751,192.194,53.81],"dipPosition":[122.111,200.65,-16.8329],"direction":[0.167231,-0.0289036,-0.985494],"extended":false,"handId":2,"id":20,"length":44.6639,"mcpPosition":[117.751,192.194,53.81],"pipPosition":[117.225,201.495,11.9633],"stabilizedTipPosition":[128.075,190.939,-33.9608],"timeVisible":7.73515,"tipPosition":[128.042,196.339,-30.7638],"tipVelocity":[13.4898,-2.50843,2.19092],"tool":false,"touchDistance":0.338903,"touchZone":"hovering","type":0,"width":16.3926},{"bases":[[[0.838022,-0.545621,0.00421865],[0.512254,0.789389,0.33832],[-0.187925,-0.281359,0.941022]],[[0.818709,-0.567838,0.0852993],[0.543242,0.814087,0.205307],[-0.186022,-0.121748,0.974973]],[[0.818709,-0.567838,0.0852993],[0.565205,0.823133,0.0547246],[-0.101287,0.0034081,0.994851]],[[0.818709,-0.567838,0.0852993],[0.571354,0.820394,-0.0225267],[-0.0571875,0.067179,0.996101]]],"btipPosition":[156.532,224.363,-75.6921],"carpPosition":[134.874,203.157,54.8559],"dipPosition":[155.695,225.347,-61.1068],"direction":[0.101287,-0.0034081,-0.994851],"extended":true,"handId":2,"id":21,"length":50.3982,"mcpPosition":[146.747,220.935,-4.60189],"pipPosition":[153.597,225.417,-40.4993],"stabilizedTipPosition":[158.189,217.748,-75.8239],"timeVisible":7.73515,"tipPosition":[157.064,224.884,-72.1353],"tipVelocity":[10.3554,0.0440608,3.70276],"tool":false,"touchDistance":0.339857,"touchZone":"hovering","type":1,"width":15.6582},{"bases":[[[0.70524,-0.705141,0.0735778],[0.642307,0.679412,0.354741],[-0.300132,-0.202918,0.932065]],[[0.711342,-0.700758,0.0541355],[0.412582,0.353973,-0.839332],[0.569007,0.619388,0.540916]],[[0.711342,-0.700758,0.0541355],[-0.47791,-0.538727,-0.693813],[0.515359,0.467666,-0.718118]],[[0.711342,-0.700758,0.0541355],[-0.69422,-0.712555,-0.101607],[0.109777,0.0346954,-0.993351]]],"btipPosition":[124.636,173.363,10.224],"carpPosition":[144.484,198.746,54.9186],"dipPosition":[126.404,173.922,-5.77367],"direction":[-0.515359,-0.467666,0.718118],"extended":false,"handId":2,"id":22,"length":57.4247,"mcpPosition":[162.468,210.905,-0.930159],"pipPosition":[138.964,185.319,-23.2743],"stabilizedTipPosition":[126.195,166.187,3.51475],"timeVisible":7.73515,"tipPosition":[125.688,174.016,5.69784],"tipVelocity":[2.71978,1.25766,0.400571],"tool":false,"touchDistance":0.333333,"touchZone":"none","type":2,"width":15.3785},{"bases":[[[0.602946,-0.776513,0.182984],[0.681157,0.620482,0.388622],[-0.415309,-0.109677,0.903045]],[[0.60893,-0.774834,0.169814],[0.504856,0.213452,-0.836396],[0.611821,0.595039,0.521157]],[[0.60893,-0.774834,0.169814],[-0.482246,-0.531594,-0.696309],[0.629796,0.342112,-0.697364]],[[0.60893,-0.774834,0.169814],[-0.772575,-0.627857,-0.0944585],[0.179809,-0.0736754,-0.980939]]],"btipPosition":[133.682,168.185,19.0346],"carpPosition":[152.597,192.011,55.3087],"dipPosition":[136.561,167.005,3.32762],"direction":[-0.629796,-0.342112,0.697364],"extended":false,"handId":2,"id":23,"length":55.2154,"mcpPosition":[174.939,197.911,6.72708],"pipPosition":[151.513,175.127,-13.2283],"stabilizedTipPosition":[135.647,160.154,12.1723],"timeVisible":7.73515,"tipPosition":[135.158,167.821,14.7532],"tipVelocity":[1.00291,1.15213,0.305684],"tool":false,"touchDistance":0.333333,"touchZone":"none","type":3,"width":14.6336},{"bases":[[[0.429936,-0.875764,0.219528],[0.727259,0.480009,0.490597],[-0.535023,-0.0512714,0.84328]],[[0.361553,-0.875487,0.320627],[0.662866,-0.000462227,-0.748738],[0.655658,0.483241,0.580164]],[[0.361553,-0.875487,0.320627],[-0.429897,-0.461694,-0.775904],[0.827326,0.142694,-0.543296]],[[0.361553,-0.875487,0.320627],[-0.856686,-0.447656,-0.256308],[0.367925,-0.182008,-0.911869]]],"btipPosition":[144.179,168.708,18.5594],"carpPosition":[156.705,180.502,55.5585],"dipPosition":[149.614,166.019,5.08931],"direction":[-0.827326,-0.142694,0.543296],"extended":false,"handId":2,"id":24,"length":43.2878,"mcpPosition":[183.35,183.055,13.5633],"pipPosition":[163.481,168.411,-4.01738],"stabilizedTipPosition":[146.316,161.999,13.4011],"timeVisible":7.73515,"tipPosition":[147.236,165.613,15.5566],"tipVelocity":[-1.0114,4.51871,-1.71794],"tool":false,"touchDistance":0.333333,"touchZone":"none","type":4,"width":12.9987}],"r":[[0.841205,0.434835,0.321392],[-0.378483,0.898008,-0.224348],[-0.386167,0.0670815,0.919987]],"s":0.955344,"t":[40.1341,81.9184,-10.5243],"timestamp":18874217756},{"currentFrameRate":57.6529,"devices":[],"gestures":[],"hands":[{"armBasis":[[0.890967,-0.328336,-0.313645],[0.451184,0.717892,0.530155],[0.0510937,-0.613863,0.787758]],"armWidth":52.541,"confidence":1,"direction":[0.399024,0.298059,-0.867145],"elbow":[151.12,33.9109,258.038],"grabAngle":2.65876,"grabStrength":0,"id":2,"palmNormal":[-0.47844,-0.739076,-0.474197],"palmPosition":[154.241,200.098,16.4168],"palmVelocity":[7.35662,-4.18086,0.546131],"palmWidth":78.1456,"pinchDistance":44.7543,"pinchStrength":0.319034,"r":[[0.84093,0.435213,0.321601],[-0.378869,0.897845,-0.22435],[-0.386388,0.0668178,0.919913]],"s":0.954362,"sphereCenter":[145.641,174.869,-14.0829],"sphereRadius":40.779,"stabilizedPalmPosition":[153.386,196.155,14.0921],"t":[40.2376,81.8902,-10.4922],"timeVisible":7.75247,"type":"right","wrist":[139.272,176.257,75.3678]}],"id":2022,"interactionBox":{"center":[0,200,0],"size":[235.247,235.247,147.751]},"pointables":[{"bases":[[[0.820557,0.476125,0.316214],[-0.57129,0.700373,0.427909],[-0.0177297,-0.531773,0.846701]],[[0.804075,0.582153,0.12067],[-0.594429,0.783508,0.181022],[0.010837,-0.217285,0.976048]],[[0.804075,0.582153,0.12067],[-0.569797,0.812518,-0.123068],[-0.169691,0.0301989,0.985035]],[[0.804075,0.582153,0.12067],[-0.507743,0.777998,-0.370021],[-0.30929,0.236255,0.921153]]],"btipPosition":[128.566,195.816,-35.2925],"carpPosition":[117.869,192.121,53.81],"dipPosition":[122.363,200.554,-16.8169],"direction":[0.169691,-0.0301989,-0.985035],"extended":false,"handId":2,"id":20,"length":44.6639,"mcpPosition":[117.869,192.121,53.81],"pipPosition":[117.405,201.437,11.9658],"stabilizedTipPosition":[128.068,190.981,-33.9401],"timeVisible":7.75247,"tipPosition":[128.173,196.262,-30.7643],"tipVelocity":[16.8167,-7.24866,2.11261],"tool":false,"touchDistance":0.338895,"touchZone":"hovering","type":0,"width":16.3926},{"bases":[[[0.838117,-0.545472,0.00454836],[0.512015,0.789531,0.338351],[-0.188152,-0.281248,0.941009]],[[0.818494,-0.56794,0.0866707],[0.543216,0.81416,0.205086],[-0.18704,-0.120781,0.974899]],[[0.818494,-0.56794,0.0866707],[0.565165,0.823065,0.0561559],[-0.103229,0.00301991,0.994653]],[[0.818494,-0.56794,0.0866707],[0.571461,0.82036,-0.0210245],[-0.0591605,0.0667373,0.996015]]],"btipPosition":[156.769,224.265,-75.6798],"carpPosition":[134.989,203.087,54.8593],"dipPosition":[155.902,225.242,-61.0958],"direction":[0.103229,-0.00301991,-0.994653],"extended":true,"handId":2,"id":21,"length":50.3982,"mcpPosition":[146.877,220.858,-4.59776],"pipPosition":[153.764,225.305,-40.4925],"stabilizedTipPosition":[158.179,217.79,-75.802],"timeVisible":7.75247,"tipPosition":[157.21,224.797,-72.1298],"tipVelocity":[13.2714,-5.74543,0.689495],"tool":false,"touchDistance":0.339384,"touchZone":"hovering","type":1,"width":15.6582},{"bases":[[[0.705343,-0.705005,0.0738927],[0.642082,0.67958,0.354826],[-0.30037,-0.202829,0.932008]],[[0.711284,-0.70075,0.0549914],[0.412575,0.352874,-0.839799],[0.569084,0.620024,0.540105]],[[0.711284,-0.70075,0.0549914],[-0.477778,-0.539375,-0.693399],[0.515561,0.466931,-0.718452]],[[0.711284,-0.70075,0.0549914],[-0.694266,-0.712618,-0.100848],[0.109857,0.0335526,-0.993381]]],"btipPosition":[124.758,173.3,10.2764],"carpPosition":[144.601,198.678,54.9254],"dipPosition":[126.527,173.84,-5.72175],"direction":[-0.515561,-0.466931,0.718452],"extended":false,"handId":2,"id":22,"length":57.4247,"mcpPosition":[162.599,210.831,-0.919876],"pipPosition":[139.091,185.219,-23.2305],"stabilizedTipPosition":[126.191,166.215,3.52672],"timeVisible":7.75247,"tipPosition":[125.821,173.935,5.70593],"tipVelocity":[7.01624,-3.9125,3.01904],"tool":false,"touchDistance":0.333333,"touchZone":"none","type":2,"width":15.3785},{"bases":[[[0.60303,-0.776379,0.18328],[0.680933,0.620662,0.388728],[-0.415555,-0.109613,0.902939]],[[0.608766,-0.774774,0.17067],[0.504803,0.212326,-0.836715],[0.612028,0.595518,0.520365]],[[0.608766,-0.774774,0.17067],[-0.482094,-0.532118,-0.696014],[0.63007,0.341431,-0.69745]],[[0.608766,-0.774774,0.17067],[-0.772653,-0.627821,-0.0940683],[0.180032,-0.0746031,-0.980828]]],"btipPosition":[133.794,168.127,19.0811],"carpPosition":[152.714,191.944,55.3189],"dipPosition":[136.677,166.932,3.37589],"direction":[-0.63007,-0.341431,0.69745],"extended":false,"handId":2,"id":23,"length":55.2154,"mcpPosition":[175.07,197.841,6.74301],"pipPosition":[151.635,175.038,-13.182],"stabilizedTipPosition":[135.64,160.199,12.1913],"timeVisible":7.75247,"tipPosition":[135.289,167.746,14.7642],"tipVelocity":[6.55107,-3.52041,2.70781],"tool":false,"touchDistance":0.333333,"touchZone":"none","type":3,"width":14.6336},{"bases":[[[0.430026,-0.875655,0.219788],[0.72703,0.480212,0.490738],[-0.535262,-0.0512374,0.843131]],[[0.359974,-0.875214,0.32314],[0.663359,-0.00344105,-0.748293],[0.656029,0.483724,0.579343]],[[0.359974,-0.875214,0.32314],[-0.429291,-0.462899,-0.775522],[0.828329,0.140446,-0.542352]],[[0.359974,-0.875214,0.32314],[-0.856855,-0.447163,-0.256602],[0.369078,-0.184514,-0.910898]]],"btipPosition":[144.265,168.7,18.5748],"carpPosition":[156.825,180.436,55.5717],"dipPosition":[149.717,165.975,5.11905],"direction":[-0.828329,-0.140446,0.542352],"extended":false,"handId":2,"id":24,"length":43.2878,"mcpPosition":[183.481,182.987,13.5839],"pipPosition":[163.601,168.329,-3.97183],"stabilizedTipPosition":[146.291,162.186,13.4649],"timeVisible":7.75247,"tipPosition":[147.36,165.551,15.5689],"tipVelocity":[5.20374,-0.931178,1.07953],"tool":false,"touchDistance":0.333333,"touchZone":"none","type":4,"width":12.9987}],"r":[[0.84093,0.435213,0.321601],[-0.378869,0.897845,-0.22435],[-0.386388,0.0668178,0.919913]],"s":0.954362,"t":[40.2376,81.8902,-10.4922],"timestamp":18874235079},{"currentFrameRate":57.6485,"devices":[],"gestures":[],"hands":[{"armBasis":[[0.890363,-0.329879,-0.31374],[0.452377