{"frames":98,"data":[{"currentFrameRate":114.916,"devices":[],"gestures":[],"hands":[{"armBasis":[[-0.00559015,-0.995655,-0.0929493],[0.00470555,-0.092976,0.995657],[-0.999973,0.0051285,0.00520485]],"armWidth":63.4054,"confidence":1,"direction":[-0.0940862,-0.000198445,-0.995564],"elbow":[-211.747,113.458,143.148],"grabAngle":2.40947,"grabStrength":0,"id":800,"palmNormal":[-0.687623,-0.723141,0.0651282],"palmPosition":[50.038,114.097,75.1477],"palmVelocity":[-14.4988,-51.0884,-7.63765],"palmWidth":87.9125,"pinchDistance":73.2372,"pinchStrength":0,"r":[[0.864585,0.424189,0.269362],[-0.405361,0.905573,-0.124981],[-0.296942,-0.00113201,0.954895]],"s":1.47183,"sphereCenter":[20.2615,95.8748,55.3983],"sphereRadius":47.2599,"stabilizedPalmPosition":[50.036,118.393,75.0948],"t":[25.5301,-57.8506,-9.223],"timeVisible":6.55596,"type":"right","wrist":[49.1141,112.121,141.79]}],"id":1367158,"interactionBox":{"center":[0,200,0],"size":[235.247,235.247,147.751]},"pointables":[{"bases":[[[0.886374,0.368822,-0.279843],[-0.235175,0.879348,0.414054],[0.398791,-0.301194,0.866168]],[[0.829543,0.403594,-0.385967],[-0.247412,0.885228,0.393903],[0.500646,-0.231266,0.834188]],[[0.829543,0.403594,-0.385967],[-0.0884105,0.777346,0.622829],[0.5514,-0.48254,0.680524]],[[0.829543,0.403594,-0.385967],[-0.0455689,0.737765,0.673518],[0.556581,-0.541124,0.630399]]],"btipPosition":[-17.179,161.622,56.7947],"carpPosition":[36.4251,123.518,132.159],"dipPosition":[-5.12219,149.9,70.4506],"direction":[-0.5514,0.48254,-0.680524],"extended":true,"handId":800,"id":8000,"length":48.2387,"mcpPosition":[36.4251,123.518,132.159],"pipPosition":[12.2793,134.672,91.9271],"stabilizedTipPosition":[-14.9511,163.309,61.8465],"timeVisible":6.55596,"tipPosition":[-15.768,164.136,64.4944],"tipVelocity":[22.2035,-111.282,-63.2998],"tool":false,"touchDistance":-0.156303,"touchZone":"touching","type":0,"width":20.4068},{"bases":[[[0.693928,-0.680928,-0.234094],[0.648325,0.732314,-0.208302],[0.31327,-0.00722233,0.949637]],[[0.760864,-0.633086,0.142434],[0.645747,0.76034,-0.0699611],[-0.0640069,0.145207,0.987329]],[[0.760864,-0.633086,0.142434],[0.645747,0.76034,-0.0699611],[-0.0640069,0.145207,0.987329]],[[0.760864,-0.633086,0.142434],[0.648816,0.738439,-0.183701],[0.0111195,0.232185,0.972608]]],"btipPosition":[35.587,119.614,-24.1259],"carpPosition":[54.0532,131.795,120.107],"dipPosition":[35.7628,123.285,-8.74475],"direction":[0.0640069,-0.145207,-0.987329],"extended":true,"handId":800,"id":8001,"length":54.432,"mcpPosition":[31.7856,132.308,52.6058],"pipPosition":[34.3309,126.534,13.3438],"stabilizedTipPosition":[31.8872,122.17,-20.3235],"timeVisible":6.55596,"tipPosition":[28.3508,120.509,-20.3729],"tipVelocity":[47.3256,-8.32216,-10.9705],"tool":false,"touchDistance":0.320901,"touchZone":"hovering","type":1,"width":19.4926},{"bases":[[[0.609113,-0.790442,-0.0646792],[0.763029,0.606316,-0.22398],[0.216259,0.0870772,0.972445]],[[0.620985,-0.783798,-0.00625116],[0.0854276,0.0756057,-0.993472],[0.779153,0.616397,0.113908]],[[0.620985,-0.783798,-0.00625116],[-0.748413,-0.590542,-0.30189],[0.232929,0.192148,-0.953322]],[[0.620985,-0.783798,-0.00625116],[-0.72445,-0.576973,0.377192],[-0.299249,-0.229702,-0.926114]]],"btipPosition":[12.8432,90.558,87.037],"carpPosition":[63.1079,124.99,116.469],"dipPosition":[7.63816,86.5626,70.9283],"direction":[-0.232929,-0.192148,0.953322],"extended":false,"handId":800,"id":8002,"length":62.0209,"mcpPosition":[48.5302,119.12,50.9182],"pipPosition":[13.769,91.62,45.8363],"stabilizedTipPosition":[11.0226,94.1159,83.3822],"timeVisible":6.55596,"tipPosition":[11.3842,89.3362,84.3174],"tipVelocity":[4.66219,-55.0165,2.01421],"tool":false,"touchDistance":0.333333,"touchZone":"none","type":2,"width":19.1443},{"bases":[[[0.575033,-0.812455,0.0961989],[0.811102,0.55076,-0.196915],[0.107002,0.19126,0.97569]],[[0.580415,-0.799524,0.154532],[0.2188,-0.0296715,-0.975318],[0.784376,0.599901,0.157714]],[[0.580415,-0.799524,0.154532],[-0.763053,-0.60026,-0.23966],[0.284374,0.0211862,-0.958479]],[[0.580415,-0.799524,0.154532],[-0.801054,-0.526469,0.284856],[-0.146393,-0.289123,-0.946032]]],"btipPosition":[27.1208,84.1844,90.1039],"carpPosition":[70.7947,116.112,114.739],"dipPosition":[24.5891,79.1844,73.7433],"direction":[-0.284374,-0.0211862,0.958479],"extended":false,"handId":800,"id":8003,"length":59.6348,"mcpPosition":[64.3188,104.537,55.6894],"pipPosition":[31.8807,79.7276,49.1671],"stabilizedTipPosition":[25.7863,87.2656,86.2003],"timeVisible":6.55596,"tipPosition":[25.6483,82.5562,87.945],"tipVelocity":[3.82045,-49.9044,-0.240943],"tool":false,"touchDistance":0.333333,"touchZone":"none","type":3,"width":18.217},{"bases":[[[0.441578,-0.864616,0.239683],[0.896913,0.432409,-0.0925772],[-0.0235971,0.255854,0.966427]],[[0.440852,-0.890728,0.110694],[0.263761,0.0106791,-0.964529],[0.857951,0.454412,0.239647]],[[0.440852,-0.890728,0.110694],[-0.809846,-0.447903,-0.378856],[0.387038,0.0773746,-0.918812]],[[0.440852,-0.890728,0.110694],[-0.897314,-0.434356,0.0785048],[-0.0218459,-0.133936,-0.990749]]],"btipPosition":[40.8924,74.4899,87.1346],"carpPosition":[74.3079,102.96,116.68],"dipPosition":[40.5439,72.3531,71.3279],"direction":[-0.387038,-0.0773746,0.918812],"extended":false,"handId":800,"id":8004,"length":46.7525,"mcpPosition":[75.6299,88.6259,62.5374],"pipPosition":[47.5506,73.7538,54.6941],"stabilizedTipPosition":[39.359,78.6958,82.8874],"timeVisible":6.55596,"tipPosition":[39.1982,75.8639,83.2575],"tipVelocity":[13.2714,-63.4052,1.38195],"tool":false,"touchDistance":0.333333,"touchZone":"none","type":4,"width":16.1818}],"r":[[0.864585,0.424189,0.269362],[-0.405361,0.905573,-0.124981],[-0.296942,-0.00113201,0.954895]],"s":1.47183,"t":[25.5301,-57.8506,-9.223],"timestamp":747381104188},{"currentFrameRate":114.594,"devices":[],"gestures":[],"hands":[{"armBasis":[[-0.0130884,-0.995384,-0.0950727],[0.00366371,-0.095128,0.995458],[-0.999908,0.0126807,0.00489187]],"armWidth":63.4054,"confidence":1,"direction":[-0.0929507,0.00186404,-0.995669],"elbow":[-211.933,114.947,142.962],"grabAngle":2.40993,"grabStrength":0,"id":800,"palmNormal":[-0.68697,-0.72397,0.0627767],"palmPosition":[49.9013,113.628,75.043],"palmVelocity":[-14.7365,-50.5243,-11.2939],"palmWidth":87.9125,"pinchDistance":72.6513,"pinchStrength":0,"r":[[0.863309,0.425854,0.270824],[-0.407354,0.904787,-0.124192],[-0.297926,-0.00310477,0.954584]],"s":1.47135,"sphereCenter":[20.6597,94.9431,55.2239],"sphereRadius":47.1764,"stabilizedPalmPosition":[50.032,118.253,75.0933],"t":[25.4108,-58.2898,-9.30264],"timeVisible":6.56524,"type":"right","wrist":[48.9108,111.639,141.685]}],"id":1367159,"interactionBox":{"center":[0,200,0],"size":[235.247,235.247,147.751]},"pointables":[{"bases":[[[0.886321,0.370316,-0.278031],[-0.236531,0.878212,0.415688],[0.398106,-0.30267,0.865969]],[[0.831707,0.404183,-0.380657],[-0.252544,0.885972,0.38894],[0.494454,-0.227352,0.838943]],[[0.831707,0.404183,-0.380657],[-0.0951431,0.779215,0.619494],[0.547002,-0.47902,0.686533]],[[0.831707,0.404183,-0.380657],[-0.0531916,0.740454,0.669999],[0.552661,-0.536995,0.63734]]],"btipPosition":[-16.8678,160.627,56.1253],"carpPosition":[36.2139,122.912,132.059],"dipPosition":[-4.89594,148.994,69.9315],"direction":[-0.547002,0.47902,-0.686534],"extended":true,"handId":800,"id":8000,"length":48.2387,"mcpPosition":[36.2139,122.912,132.059],"pipPosition":[12.3668,133.877,91.5977],"stabilizedTipPosition":[-14.7903,162.279,61.3574],"timeVisible":6.56524,"tipPosition":[-15.8438,163.317,64.1457],"tipVelocity":[31.4396,-105.065,-68.4408],"tool":false,"touchDistance":-0.166884,"touchZone":"touching","type":0,"width":20.4068},{"bases":[[[0.694879,-0.679723,-0.234775],[0.647826,0.733414,-0.205975],[0.312194,-0.00896554,0.949976]],[[0.761417,-0.631835,0.145013],[0.644479,0.761924,-0.0641798],[-0.0699376,0.142325,0.987346]],[[0.761417,-0.631835,0.145013],[0.644479,0.761924,-0.0641798],[-0.0699376,0.142325,0.987346]],[[0.761417,-0.631835,0.145013],[0.648262,0.742354,-0.169314],[-0.000672149,0.222925,0.974835]]],"btipPosition":[36.0127,119.501,-24.2483],"carpPosition":[53.8474,131.233,120.045],"dipPosition":[36.0021,123.026,-8.83194],"direction":[0.0699376,-0.142325,-0.987346],"extended":true,"handId":800,"id":8001,"length":54.432,"mcpPosition":[31.6563,131.87,52.5196],"pipPosition":[34.4374,126.21,13.257],"stabilizedTipPosition":[32.3133,121.978,-20.3626],"timeVisible":6.56524,"tipPosition":[28.5339,120.228,-20.4943],"tipVelocity":[41.2715,-15.7766,-12.3235],"tool":false,"touchDistance":0.318995,"touchZone":"hovering","type":1,"width":19.4926},{"bases":[[[0.609981,-0.789688,-0.0656947],[0.762674,0.607565,-0.221795],[0.215063,0.0851871,0.972878]],[[0.621779,-0.783159,-0.00723886],[0.0831681,0.0752151,-0.993693],[0.778764,0.617255,0.111901]],[[0.621779,-0.783159,-0.00723886],[-0.748309,-0.591332,-0.3006],[0.231137,0.192324,-0.953723]],[[0.621779,-0.783159,-0.00723886],[-0.722566,-0.577188,0.380463],[-0.302141,-0.231333,-0.924768]]],"btipPosition":[12.844,90.1257,87.0181],"carpPosition":[62.9131,124.445,116.403],"dipPosition":[7.58857,86.1019,70.9329],"direction":[-0.231137,-0.192324,0.953723],"extended":false,"handId":800,"id":8002,"length":62.0209,"mcpPosition":[48.4161,118.702,50.8227],"pipPosition":[13.6722,91.164,45.8303],"stabilizedTipPosition":[11.0425,93.9564,83.3801],"timeVisible":6.56524,"tipPosition":[11.2677,88.815,84.1026],"tipVelocity":[-1.17004,-47.3036,-1.45345],"tool":false,"touchDistance":0.333333,"touchZone":"none","type":2,"width":19.1443},{"bases":[[[0.57574,-0.812084,0.0950963],[0.810773,0.551999,-0.194796],[0.105697,0.189253,0.976223]],[[0.581042,-0.799274,0.153463],[0.217063,-0.0295433,-0.97571],[0.784394,0.60024,0.156327]],[[0.581042,-0.799274,0.153463],[-0.763294,-0.600593,-0.238056],[0.282441,0.0211827,-0.959051]],[[0.581042,-0.799274,0.153463],[-0.80022,-0.526651,0.286857],[-0.148456,-0.289481,-0.945601]]],"btipPosition":[27.1004,83.7645,90.0593],"carpPosition":[70.6108,115.578,114.663],"dipPosition":[24.533,78.7583,73.7063],"direction":[-0.282441,-0.0211827,0.959051],"extended":false,"handId":800,"id":8003,"length":59.6348,"mcpPosition":[64.2139,104.125,55.5803],"pipPosition":[31.775,79.3014,49.1154],"stabilizedTipPosition":[25.8094,87.1173,86.2034],"timeVisible":6.56524,"tipPosition":[25.5419,82.0431,87.7247],"tipVelocity":[-3.09039,-45.4205,-4.61526],"tool":false,"touchDistance":0.333333,"touchZone":"none","type":3,"width":18.217},{"bases":[[[0.442173,-0.86469,0.238314],[0.896583,0.433507,-0.0906159],[-0.0249562,0.253736,0.966951]],[[0.441463,-0.891149,0.104708],[0.259249,0.0149616,-0.965695],[0.859011,0.453463,0.237635]],[[0.441463,-0.891149,0.104708],[-0.812014,-0.446432,-0.37594],[0.381764,0.0809395,-0.920709]],[[0.441463,-0.891149,0.104708],[-0.896893,-0.434832,0.0806466],[-0.0263379,-0.129514,-0.991228]]],"btipPosition":[40.9281,73.9702,87.1118],"carpPosition":[74.135,102.426,116.579],"dipPosition":[40.5079,71.9039,71.2975],"direction":[-0.381764,-0.0809395,0.920709],"extended":false,"handId":800,"id":8004,"length":46.7525,"mcpPosition":[75.5332,88.2103,62.4067],"pipPosition":[47.4192,73.3692,54.6294],"stabilizedTipPosition":[39.4256,78.4605,82.9139],"timeVisible":6.56524,"tipPosition":[39.1155,75.3402,83.0635],"tipVelocity":[2.06966,-54.274,-2.64541],"tool":false,"touchDistance":0.333333,"touchZone":"none","type":4,"width":16.1818}],"r":[[0.863309,0.425854,0.270824],[-0.407354,0.904787,-0.124192],[-0.297926,-0.00310477,0.954584]],"s":1.47135,"t":[25.4108,-58.2898,-9.30264],"timestamp":747381113464},{"currentFrameRate":114.622,"devices":[],"gestures":[],"hands":[{"armBasis":[[-0.020256,-0.994993,-0.0978741],[0.00255355,-0.0979454,0.995189],[-0.999792,0.0199087,0.00452475]],"armWidth":63.4054,"confidence":1,"direction":[-0.0919207,0.0047597,-0.995755],"elbow":[-212.112,116.311,142.752],"grabAngle":2.41074,"grabStrength":0,"id":800,"palmNormal":[-0.687658,-0.723549,0.0600209],"palmPosition":[49.7563,113.196,74.9319],"palmVelocity":[-16.7174,-49.8376,-12.8006],"palmWidth":87.9125,"pinchDistance":71.9957,"pinchStrength":0,"r":[[0.862302,0.42688,0.272413],[-0.408767,0.904294,-0.123136],[-0.298906,-0.00517274,0.954269]],"s":1.47046,"sphereCenter":[21.0456,94.0182,55.045],"sphereRadius":47.0833,"stabilizedPalmPosition":[50.0242,118.11,75.0887],"t":[25.2786,-58.7255,-9.39799],"timeVisible":6.57391,"type":"right","wrist":[48.7016,111.118,141.572]}],"id":1367160,"interactionBox":{"center":[0,200,0],"size":[235.247,235.247,147.751]},"pointables":[{"bases":[[[0.886927,0.370334,-0.276069],[-0.236203,0.877238,0.417926],[0.39695,-0.305462,0.865519]],[[0.834397,0.403526,-0.37543],[-0.256654,0.887268,0.383254],[0.48776,-0.223431,0.843901]],[[0.834397,0.403526,-0.37543],[-0.101048,0.781611,0.615527],[0.541821,-0.475657,0.69295]],[[0.834397,0.403526,-0.37543],[-0.0600123,0.743625,0.665899],[0.547886,-0.533094,0.644695]]],"btipPosition":[-16.474,159.665,55.4252],"carpPosition":[36.018,122.33,131.96],"dipPosition":[-4.60548,148.117,69.3908],"direction":[-0.541821,0.475657,-0.69295],"extended":true,"handId":800,"id":8000,"length":48.2387,"mcpPosition":[36.018,122.33,131.96],"pipPosition":[12.4937,133.106,91.2594],"stabilizedTipPosition":[-14.5943,161.292,60.8478],"timeVisible":6.57391,"tipPosition":[-15.8011,162.609,63.774],"tipVelocity":[42.657,-108.588,-76.4677],"tool":false,"touchDistance":-0.177941,"touchZone":"touching","type":0,"width":20.4068},{"bases":[[[0.694534,-0.679658,-0.235981],[0.648671,0.733432,-0.203233],[0.311205,-0.0119217,0.950268]],[[0.760801,-0.631986,0.147565],[0.644611,0.762234,-0.0589533],[-0.0752217,0.139974,0.987294]],[[0.760801,-0.631986,0.147565],[0.644611,0.762234,-0.0589533],[-0.0752217,0.139974,0.987294]],[[0.760801,-0.631986,0.147565],[0.648883,0.744794,-0.155668],[-0.0115256,0.214185,0.976725]]],"btipPosition":[36.4066,119.432,-24.3531],"carpPosition":[53.6711,130.67,119.988],"dipPosition":[36.2244,122.819,-8.90685],"direction":[0.0752217,-0.139974,-0.987294],"extended":true,"handId":800,"id":8001,"length":54.432,"mcpPosition":[31.5503,131.517,52.4415],"pipPosition":[34.5415,125.951,13.1809],"stabilizedTipPosition":[32.6878,121.815,-20.4031],"timeVisible":6.57391,"tipPosition":[28.6963,120.087,-20.6133],"tipVelocity":[40.857,-11.5817,-11.2861],"tool":false,"touchDistance":0.317363,"touchZone":"hovering","type":1,"width":19.4926},{"bases":[[[0.609367,-0.790027,-0.0672995],[0.763426,0.607529,-0.21929],[0.214131,0.0822498,0.973336]],[[0.62111,-0.783673,-0.00881324],[0.0810788,0.0754369,-0.993849],[0.779518,0.616575,0.110394]],[[0.62111,-0.783673,-0.00881324],[-0.749255,-0.590458,-0.299962],[0.229868,0.192913,-0.953911]],[[0.62111,-0.783673,-0.00881324],[-0.721767,-0.576355,0.383232],[-0.305408,-0.231668,-0.92361]]],"btipPosition":[12.7849,89.7837,86.972],"carpPosition":[62.7347,123.884,116.335],"dipPosition":[7.47271,85.7541,70.9069],"direction":[-0.229868,-0.192913,0.953911],"extended":false,"handId":800,"id":8002,"length":62.0209,"mcpPosition":[48.3005,118.34,50.7245],"pipPosition":[13.523,90.8317,45.7994],"stabilizedTipPosition":[11.0584,93.8003,83.377],"timeVisible":6.57391,"tipPosition":[11.0987,88.3972,83.8727],"tipVelocity":[-8.31019,-39.5711,-4.77815],"tool":false,"touchDistance":0.333333,"touchZone":"none","type":2,"width":19.1443},{"bases":[[[0.57494,-0.812848,0.0933923],[0.811449,0.551845,-0.192398],[0.104852,0.186401,0.976863]],[[0.580193,-0.800208,0.151801],[0.215148,-0.0291827,-0.976145],[0.785549,0.599013,0.155232]],[[0.580193,-0.800208,0.151801],[-0.764623,-0.599341,-0.236943],[0.280584,0.0214025,-0.959591]],[[0.580193,-0.800208,0.151801],[-0.800384,-0.52564,0.288249],[-0.150867,-0.288739,-0.945446]]],"btipPosition":[27.0088,83.4071,89.9927],"carpPosition":[70.4265,115.016,114.578],"dipPosition":[24.3997,78.4137,73.6423],"direction":[-0.280584,-0.0214025,0.959591],"extended":false,"handId":800,"id":8003,"length":59.6348,"mcpPosition":[64.0807,103.735,55.4572],"pipPosition":[31.5941,78.9625,49.0376],"stabilizedTipPosition":[25.8273,86.972,86.2043],"timeVisible":6.57391,"tipPosition":[25.3702,81.6048,87.4826],"tipVelocity":[-11.6633,-40.8563,-7.60848],"tool":false,"touchDistance":0.333333,"touchZone":"none","type":3,"width":18.217},{"bases":[[[0.441181,-0.865743,0.236323],[0.897049,0.432986,-0.0884656],[-0.025736,0.251023,0.967639]],[[0.440651,-0.891569,0.104556],[0.257235,0.0138225,-0.96625],[0.860033,0.452675,0.235434]],[[0.440651,-0.891569,0.104556],[-0.814189,-0.446,-0.371727],[0.378052,0.0786734,-0.922436]],[[0.440651,-0.891569,0.104556],[-0.89721,-0.433663,0.0833679],[-0.0289861,-0.130545,-0.991019]]],"btipPosition":[40.8502,73.6348,87.0553],"carpPosition":[73.9374,101.855,116.461],"dipPosition":[40.3877,71.552,71.2443],"direction":[-0.378052,-0.0786734,0.922436],"extended":false,"handId":800,"id":8004,"length":46.7525,"mcpPosition":[75.3792,87.7916,62.2503],"pipPosition":[47.2318,72.9763,54.5449],"stabilizedTipPosition":[39.4806,78.2391,82.935],"timeVisible":6.57391,"tipPosition":[38.9568,74.8682,82.8419],"tipVelocity":[-10.1,-39.1001,-6.42753],"tool":false,"touchDistance":0.333333,"touchZone":"none","type":4,"width":16.1818}],"r":[[0.862302,0.42688,0.272413],[-0.408767,0.904294,-0.123136],[-0.298906,-0.00517274,0.954269]],"s":1.47046,"t":[25.2786,-58.7255,-9.39799],"timestamp":747381122140},{"currentFrameRate":114.951,"devices":[],"gestures":[],"hands":[{"armBasis":[[-0.0268402,-0.994499,-0.101253],[0.00142234,-0.101328,0.994852],[-0.999639,0.026558,0.00413417]],"armWidth":63.4054,"confidence":1,"direction":[-0.0907637,0.00812088,-0.995839],"elbow":[-212.236,117.58,142.611],"grabAngle":2.41179,"grabStrength":0,"id":800,"palmNormal":[-0.687533,-0.723931,0.0567602],"palmPosition":[49.6615,112.85,74.8955],"palmVelocity":[-11.6499,-42.4306,-4.47996],"palmWidth":87.9125,"pinchDistance":71.2712,"pinchStrength":0,"r":[[0.861408,0.427557,0.274175],[-0.409917,0.903957,-0.121773],[-0.299908,-0.0074928,0.953939]],"s":1.46693,"sphereCenter":[22.5285,91.2415,54.8904],"sphereRadius":47.0893,"stabilizedPalmPosition":[50.0145,117.969,75.0835],"t":[25.1651,-59.1161,-9.46389],"timeVisible":6.58205,"type":"right","wrist":[48.5374,110.652,141.532]}],"id":1367161,"interactionBox":{"center":[0,200,0],"size":[235.247,235.247,147.751]},"pointables":[{"bases":[[[0.887148,0.371505,-0.273775],[-0.236924,0.875749,0.420631],[0.396025,-0.308297,0.864938]],[[0.83635,0.404158,-0.370371],[-0.262527,0.888393,0.376613],[0.481246,-0.217748,0.84911]],[[0.83635,0.404158,-0.370371],[-0.108584,0.784365,0.610721],[0.537334,-0.470561,0.699889]],[[0.83635,0.404158,-0.370371],[-0.151266,0.819529,0.552712],[0.526913,-0.406236,0.746549]]],"btipPosition":[-15.7274,155.939,52.7268],"carpPosition":[35.8544,121.787,131.938],"dipPosition":[-4.31329,147.139,68.8988],"direction":[-0.537334,0.470561,-0.699889],"extended":true,"handId":800,"id":8000,"length":48.2387,"mcpPosition":[35.8544,121.787,131.938],"pipPosition":[12.6443,132.289,90.9864],"stabilizedTipPosition":[-14.0709,158.704,59.3037],"timeVisible":6.58205,"tipPosition":[-15.3613,160.682,62.4157],"tipVelocity":[78.8835,-380.125,-269.188],"tool":false,"touchDistance":-0.225894,"touchZone":"touching","type":0,"width":20.4068},{"bases":[[[0.694991,-0.678668,-0.237481],[0.648709,0.734291,-0.199983],[0.310102,-0.0150701,0.950584]],[[0.760866,-0.631322,0.150047],[0.643973,0.763081,-0.0548318],[-0.0798818,0.138346,0.987157]],[[0.760866,-0.631322,0.150047],[0.643973,0.763081,-0.0548318],[-0.0798818,0.138346,0.987157]],[[0.760866,-0.631322,0.150047],[0.648563,0.747393,-0.144118],[-0.0211596,0.20697,0.978119]]],"btipPosition":[36.775,119.374,-24.3619],"carpPosition":[53.5192,130.172,120.015],"dipPosition":[36.4404,122.647,-8.89358],"direction":[0.0798818,-0.138346,-0.987157],"extended":true,"handId":800,"id":8001,"length":54.432,"mcpPosition":[31.4767,131.243,52.4463],"pipPosition":[34.6533,125.742,13.1911],"stabilizedTipPosition":[33.0286,121.672,-20.4372],"timeVisible":6.58205,"tipPosition":[28.8799,120.063,-20.6534],"tipVelocity":[40.9524,-10.4163,-0.455008],"tool":false,"touchDistance":0.317302,"touchZone":"hovering","type":1,"width":19.4926},{"bases":[[[0.609657,-0.789632,-0.0692755],[0.763518,0.608474,-0.216334],[0.212977,0.0789967,0.973858]],[[0.621331,-0.783474,-0.0107544],[0.0800642,0.077136,-0.993801],[0.779447,0.616618,0.110655]],[[0.621331,-0.783474,-0.0107544],[-0.74935,-0.590146,-0.300337],[0.22896,0.194668,-0.953772]],[[0.621331,-0.783474,-0.0107544],[-0.72069,-0.576819,0.384558],[-0.307495,-0.231187,-0.923038]]],"btipPosition":[12.7802,89.4638,86.9263],"carpPosition":[62.5888,123.401,116.35],"dipPosition":[7.43174,85.4426,70.8711],"direction":[-0.22896,-0.194668,0.953772],"extended":false,"handId":800,"id":8002,"length":62.0209,"mcpPosition":[48.2324,118.076,50.704],"pipPosition":[13.4581,90.5664,45.7673],"stabilizedTipPosition":[11.0726,93.6489,83.3729],"timeVisible":6.58205,"tipPosition":[11.0061,88.017,83.7019],"tipVelocity":[-1.60013,-39.0697,-5.34007],"tool":false,"touchDistance":0.333333,"touchZone":"none","type":2,"width":19.1443},{"bases":[[[0.57505,-0.813008,0.0912975],[0.811524,0.552711,-0.189576],[0.103666,0.183106,0.977612]],[[0.580231,-0.800565,0.149755],[0.214064,-0.0275043,-0.976432],[0.785817,0.598614,0.155413]],[[0.580231,-0.800565,0.149755],[-0.765002,-0.598804,-0.237076],[0.279469,0.0229963,-0.959879]],[[0.580231,-0.800565,0.149755],[-0.800122,-0.525964,0.288386],[-0.152106,-0.287152,-0.945731]]],"btipPosition":[26.9781,83.08,89.9457],"carpPosition":[70.2851,114.541,114.572],"dipPosition":[24.3476,78.114,73.5904],"direction":[-0.279469,-0.0229963,0.959879],"extended":false,"handId":800,"id":8003,"length":59.6348,"mcpPosition":[64.0111,103.46,55.4054],"pipPosition":[31.5134,78.7037,48.9782],"stabilizedTipPosition":[25.8426,86.8308,86.2037],"timeVisible":6.58205,"tipPosition":[25.2805,81.2178,87.2989],"tipVelocity":[-4.37588,-39.4134,-5.91478],"tool":false,"touchDistance":0.333333,"touchZone":"none","type":3,"width":18.217},{"bases":[[[0.441138,-0.866425,0.233892],[0.897035,0.433521,-0.0859488],[-0.026929,0.247725,0.968456]],[[0.44091,-0.891211,0.106494],[0.256526,0.0114243,-0.96647],[0.860112,0.453445,0.233656]],[[0.44091,-0.891211,0.106494],[-0.815242,-0.447283,-0.367856],[0.37547,0.0753726,-0.923765]],[[0.44091,-0.891211,0.106494],[-0.897034,-0.433516,0.0859908],[-0.0304689,-0.133443,-0.990588]]],"btipPosition":[40.8447,73.4203,87.0377],"carpPosition":[73.7973,101.375,116.414],"dipPosition":[40.3586,71.2913,71.2336],"direction":[-0.37547,-0.0753726,0.923765],"extended":false,"handId":800,"id":8004,"length":46.7525,"mcpPosition":[75.306,87.4963,62.1573],"pipPosition":[47.156,72.6558,54.5102],"stabilizedTipPosition":[39.5286,78.0358,82.9529],"timeVisible":6.58205,"tipPosition":[38.8925,74.4688,82.6742],"tipVelocity":[-1.33728,-27.6619,-1.96222],"tool":false,"touchDistance":0.333333,"touchZone":"none","type":4,"width":16.1818}],"r":[[0.861408,0.427557,0.274175],[-0.409917,0.903957,-0.121773],[-0.299908,-0.0074928,0.953939]],"s":1.46693,"t":[25.1651,-59.1161,-9.46389],"timestamp":747381130279},{"currentFrameRate":114.99,"devices":[],"gestures":[],"hands":[{"armBasis":[[-0.033309,-0.994137,-0.102872],[0.00276935,-0.10302,0.994675],[-0.999441,0.0328468,0.00618461]],"armWidth":63.4054,"confidence":1,"direction":[-0.0920681,0.00977282,-0.995705],"elbow":[-212.27,118.79,143.058],"grabAngle":2.41277,"grabStrength":0,"id":800,"palmNormal":[-0.687117,-0.724352,0.056425],"palmPosition":[49.4804,112.429,74.8047],"palmVelocity":[-20.9871,-48.8116,-10.5112],"palmWidth":87.9125,"pinchDistance":70.7321,"pinchStrength":0,"r":[[0.860722,0.428083,0.275506],[-0.410955,0.903687,-0.12027],[-0.300457,-0.00970218,0.953746]],"s":1.46347,"sphereCenter":[22.9265,90.045,54.8279],"sphereRadius":47.0574,"stabilizedPalmPosition":[49.9988,117.806,75.0753],"t":[25.0178,-59.522,-9.5422],"timeVisible":6.59068,"type":"right","wrist":[48.4525,110.222,141.444]}],"id":1367162,"interactionBox":{"center":[0,200,0],"size":[235.247,235.247,147.751]},"pointables":[{"bases":[[[0.886614,0.37239,-0.2743],[-0.236787,0.87492,0.42243],[0.397299,-0.309582,0.863894]],[[0.836658,0.404656,-0.36913],[-0.266921,0.889716,0.37035],[0.478285,-0.211328,0.852399]],[[0.836658,0.404656,-0.36913],[-0.113656,0.787526,0.60571],[0.535804,-0.464818,0.704882]],[[0.836658,0.404656,-0.36913],[-0.160435,0.825427,0.54123],[0.523702,-0.393603,0.755521]]],"btipPosition":[-15.5776,154.65,52.1587],"carpPosition":[35.7436,121.262,131.881],"dipPosition":[-4.23301,146.124,68.525],"direction":[-0.535804,0.464818,-0.704882],"extended":true,"handId":800,"id":8000,"length":48.2387,"mcpPosition":[35.7436,121.262,131.881],"pipPosition":[12.6763,131.454,90.7702],"stabilizedTipPosition":[-13.6367,156.335,57.9723],"timeVisible":6.59068,"tipPosition":[-15.4097,159.755,62.0605],"tipVelocity":[15.5075,-142.114,-60.6532],"tool":false,"touchDistance":-0.234618,"touchZone":"touching","type":0,"width":20.4068},{"bases":[[[0.695,-0.677934,-0.239543],[0.648102,0.734937,-0.199579],[0.311351,-0.0165413,0.950151]],[[0.761448,-0.629735,0.153724],[0.6429,0.763986,-0.0548098],[-0.0829272,0.140564,0.986593]],[[0.761448,-0.629735,0.153724],[0.6429,0.763986,-0.0548098],[-0.0829272,0.140564,0.986593]],[[0.761448,-0.629735,0.153724],[0.647432,0.750555,-0.13228],[-0.0320766,0.20025,0.97922]]],"btipPosition":[36.9178,118.95,-24.3798],"carpPosition":[53.3888,129.676,119.949],"dipPosition":[36.4105,122.117,-8.89411],"direction":[0.0829272,-0.140564,-0.986593],"extended":true,"handId":800,"id":8001,"length":54.432,"mcpPosition":[31.2576,130.852,52.4106],"pipPosition":[34.5553,125.262,13.178],"stabilizedTipPosition":[33.3621,121.495,-20.4709],"timeVisible":6.59068,"tipPosition":[28.8118,119.791,-20.7079],"tipVelocity":[11.9461,-51.8714,-1.61447],"tool":false,"touchDistance":0.31707,"touchZone":"hovering","type":1,"width":19.4926},{"bases":[[[0.609938,-0.789225,-0.0714155],[0.762948,0.609202,-0.216295],[0.214211,0.0774398,0.973713]],[[0.621685,-0.783161,-0.0128993],[0.0761694,0.0768385,-0.99413],[0.779555,0.617053,0.107422]],[[0.621685,-0.783161,-0.0128993],[-0.749983,-0.590436,-0.298179],[0.225906,0.195048,-0.954423]],[[0.621685,-0.783161,-0.0128993],[-0.718509,-0.576765,0.388699],[-0.311854,-0.23238,-0.921274]]],"btipPosition":[12.7165,89.0744,86.9771],"carpPosition":[62.4569,122.916,116.26],"dipPosition":[7.29213,85.0324,70.9526],"direction":[-0.225906,-0.195048,0.954423],"extended":false,"handId":800,"id":8002,"length":62.0209,"mcpPosition":[48.0173,117.695,50.6241],"pipPosition":[13.2381,90.1662,45.8316],"stabilizedTipPosition":[11.0848,93.4784,83.3703],"timeVisible":6.59068,"tipPosition":[10.8552,87.5691,83.6156],"tipVelocity":[-9.41285,-45.6774,6.70175],"tool":false,"touchDistance":0.333333,"touchZone":"none","type":2,"width":19.1443},{"bases":[[[0.575551,-0.81289,0.0891625],[0.811015,0.553417,-0.189694],[0.104856,0.181491,0.977786]],[[0.580549,-0.801362,0.144162],[0.208378,-0.0249303,-0.977731],[0.78711,0.59766,0.152513]],[[0.580549,-0.801362,0.144162],[-0.766807,-0.597641,-0.234162],[0.273806,0.0253978,-0.96145]],[[0.580549,-0.801362,0.144162],[-0.798692,-0.526057,0.292155],[-0.158285,-0.284752,-0.945443]]],"btipPosition":[26.9745,82.6351,89.9755],"carpPosition":[70.155,114.062,114.457],"dipPosition":[24.2372,77.7106,73.6252],"direction":[-0.273806,-0.0253978,0.96145],"extended":false,"handId":800,"id":8003,"length":59.6348,"mcpPosition":[63.8089,103.078,55.28],"pipPosition":[31.2578,78.3618,48.9728],"stabilizedTipPosition":[25.858,86.6677,86.2041],"timeVisible":6.59068,"tipPosition":[25.1457,80.7732,87.174],"tipVelocity":[-3.26172,-50.4508,3.58875],"tool":false,"touchDistance":0.333333,"touchZone":"none","type":3,"width":18.217},{"bases":[[[0.441851,-0.866613,0.23184],[0.896718,0.434091,-0.0863814],[-0.0257807,0.246063,0.968911]],[[0.441919,-0.888957,0.120263],[0.25826,-0.00230907,-0.966073],[0.859075,0.457985,0.228562]],[[0.441919,-0.888957,0.120263],[-0.815994,-0.454048,-0.357763],[0.372641,0.0599687,-0.926036]],[[0.441919,-0.888957,0.120263],[-0.896512,-0.433001,0.0936817],[-0.031205,-0.149217,-0.988312]]],"btipPosition":[40.7558,73.4148,87.042],"carpPosition":[73.6758,100.894,116.272],"dipPosition":[40.2579,71.0342,71.2741],"direction":[-0.372641,-0.0599687,0.926036],"extended":false,"handId":800,"id":8004,"length":46.7525,"mcpPosition":[75.1201,87.1089,61.99],"pipPosition":[47.0041,72.1198,54.5096],"stabilizedTipPosition":[39.572,77.8343,82.971],"timeVisible":6.59068,"tipPosition":[38.7905,73.9981,82.5558],"tipVelocity":[-10.6195,-7.33975,1.45661],"tool":false,"touchDistance":0.333333,"touchZone":"none","type":4,"width":16.1818}],"r":[[0.860722,0.428083,0.275506],[-0.410955,0.903687,-0.12027],[-0.300457,-0.00970218,0.953746]],"s":1.46347,"t":[25.0178,-59.522,-9.5422],"timestamp":747381138909},{"currentFrameRate":114.995,"devices":[],"gestures":[],"hands":[{"armBasis":[[-0.0398635,-0.993602,-0.105671],[0.00280478,-0.105866,0.994376],[-0.999201,0.0393429,0.00700701]],"armWidth":63.4054,"confidence":1,"direction":[-0.0920578,0.0125778,-0.995674],"elbow":[-212.343,120.009,143.196],"grabAngle":2.41466,"grabStrength":0,"id":800,"palmNormal":[-0.686763,-0.724847,0.05434],"palmPosition":[49.3355,112.036,74.729],"palmVelocity":[-16.6714,-45.2184,-8.71799],"palmWidth":87.9125,"pinchDistance":70.5999,"pinchStrength":0,"r":[[0.860129,0.428427,0.276819],[-0.411874,0.903496,-0.118551],[-0.300896,-0.0120453,0.953581]],"s":1.45972,"sphereCenter":[23.4747,88.6799,54.7301],"sphereRadius":47.0631,"stabilizedPalmPosition":[49.9789,117.633,75.0649],"t":[24.8717,-59.9214,-9.61922],"timeVisible":6.59937,"type":"right","wrist":[48.3169,109.745,141.368]}],"id":1367163,"interactionBox":{"center":[0,200,0],"size":[235.247,235.247,147.751]},"pointables":[{"bases":[[[0.886436,0.373608,-0.273218],[-0.237222,0.873591,0.424929],[0.397438,-0.311859,0.863011]],[[0.832634,0.408175,-0.374319],[-0.273023,0.890565,0.363803],[0.48185,-0.200716,0.852955]],[[0.832634,0.408175,-0.374319],[-0.118432,0.791474,0.599619],[0.541013,-0.454932,0.707348]],[[0.832634,0.408175,-0.374319],[-0.173743,0.834274,0.523259],[0.525866,-0.370647,0.765562]]],"btipPosition":[-16.1108,152.766,51.7856],"carpPosition":[35.5936,120.699,131.83],"dipPosition":[-4.71939,144.737,68.3694],"direction":[-0.541013,0.454932,-0.707348],"extended":true,"handId":800,"id":8000,"length":48.2387,"mcpPosition":[35.5936,120.699,131.83],"pipPosition":[12.3543,130.38,90.6924],"stabilizedTipPosition":[-13.5672,153.756,56.8426],"timeVisible":6.59937,"tipPosition":[-15.3903,158.608,61.534],"tipVelocity":[-60.1434,-203.712,-37.1908],"tool":false,"touchDistance":-0.240003,"touchZone":"touching","type":0,"width":20.4068},{"bases":[[[0.695335,-0.676905,-0.241471],[0.647745,0.735823,-0.197464],[0.311344,-0.0191084,0.950105]],[[0.761819,-0.628182,0.158174],[0.641966,0.764786,-0.0546039],[-0.0866678,0.14314,0.9859]],[[0.761819,-0.628182,0.158174],[0.641966,0.764786,-0.0546039],[-0.0866678,0.14314,0.9859]],[[0.761819,-0.628182,0.158174],[0.646392,0.753197,-0.121947],[-0.0425308,0.195144,0.979852]]],"btipPosition":[37.162,118.533,-24.37],"carpPosition":[53.2349,129.156,119.922],"dipPosition":[36.4895,121.619,-8.87431],"direction":[0.0866678,-0.14314,-0.9859],"extended":true,"handId":800,"id":8001,"length":54.432,"mcpPosition":[31.1041,130.514,52.3874],"pipPosition":[34.5505,124.822,13.1823],"stabilizedTipPosition":[33.6818,121.298,-20.5003],"timeVisible":6.59937,"tipPosition":[28.9202,119.649,-20.7638],"tipVelocity":[23.7391,-50.1475,1.39292],"tool":false,"touchDistance":0.317271,"touchZone":"hovering","type":1,"width":19.4926},{"bases":[[[0.610325,-0.788718,-0.0736643],[0.762653,0.610192,-0.214537],[0.214159,0.0747573,0.973934]],[[0.622069,-0.782816,-0.0151307],[0.0742755,0.0782391,-0.994164],[0.779431,0.617315,0.106814]],[[0.622069,-0.782816,-0.0151307],[-0.750152,-0.590354,-0.297916],[0.224281,0.196675,-0.954472]],[[0.622069,-0.782816,-0.0151307],[-0.71692,-0.577259,0.390894],[-0.314733,-0.232316,-0.920311]]],"btipPosition":[12.6678,88.6944,86.9282],"carpPosition":[62.3063,122.41,116.215],"dipPosition":[7.19337,84.6536,70.9204],"direction":[-0.224281,-0.196675,0.954472],"extended":false,"handId":800,"id":8002,"length":62.0209,"mcpPosition":[47.8702,117.371,50.5636],"pipPosition":[13.0966,89.8302,45.7981],"stabilizedTipPosition":[11.095,93.2983,83.3664],"timeVisible":6.59937,"tipPosition":[10.7286,87.1379,83.4661],"tipVelocity":[-6.93011,-43.7072,-5.18608],"tool":false,"touchDistance":0.333333,"touchZone":"none","type":2,"width":19.1443},{"bases":[[[0.575948,-0.81286,0.0868448],[0.810747,0.554355,-0.188096],[0.104753,0.178743,0.978304]],[[0.580382,-0.803146,0.134583],[0.20236,-0.0178438,-0.979149],[0.788801,0.595514,0.152168]],[[0.580382,-0.803146,0.134583],[-0.769152,-0.594925,-0.233388],[0.267512,0.0319392,-0.963025]],[[0.580382,-0.803146,0.134583],[-0.797459,-0.527053,0.293724],[-0.164971,-0.277797,-0.946369]]],"btipPosition":[27.0416,82.106,89.944],"carpPosition":[70.0087,113.566,114.386],"dipPosition":[24.1886,77.3018,73.5777],"direction":[-0.267512,-0.0319392,0.963025],"extended":false,"handId":800,"id":8003,"length":59.6348,"mcpPosition":[63.669,102.748,55.1778],"pipPosition":[31.0479,78.1207,48.8849],"stabilizedTipPosition":[25.875,86.4847,86.2033],"timeVisible":6.59937,"tipPosition":[25.0362,80.343,86.995],"tipVelocity":[4.66331,-57.7246,-4.05314],"tool":false,"touchDistance":0.333333,"touchZone":"none","type":3,"width":18.217},{"bases":[[[0.442272,-0.867056,0.229366],[0.896506,0.434776,-0.0851237],[-0.0259159,0.243276,0.969611]],[[0.442672,-0.886817,0.132651],[0.260893,-0.0141547,-0.965264],[0.85789,0.461903,0.225099]],[[0.442672,-0.886817,0.132651],[-0.816694,-0.459824,-0.348673],[0.370205,0.046013,-0.92781]],[[0.442672,-0.886817,0.132651],[-0.896106,-0.432212,0.100929],[-0.0321728,-0.163548,-0.986011]]],"btipPosition":[40.7219,73.4244,87.0029],"carpPosition":[73.536,100.395,116.164],"dipPosition":[40.2086,70.8151,71.2718],"direction":[-0.370205,-0.046013,0.92781],"extended":false,"handId":800,"id":8004,"length":46.7525,"mcpPosition":[74.9879,86.7654,61.8423],"pipPosition":[46.9106,71.6481,54.4752],"stabilizedTipPosition":[39.6082,77.6584,82.9855],"timeVisible":6.59937,"tipPosition":[38.7171,73.5576,82.3974],"tipVelocity":[-4.31474,-4.94962,-3.51764],"tool":false,"touchDistance":0.333333,"touchZone":"none","type":4,"width":16.1818}],"r":[[0.860129,0.428427,0.276819],[-0.411874,0.903496,-0.118551],[-0.300896,-0.0120453,0.953581]],"s":1.45972,"t":[24.8717,-59.9214,-9.61922],"timestamp":747381147596},{"currentFrameRate":114.857,"devices":[],"gestures":[],"hands":[{"armBasis":[[-0.0496851,-0.990798,-0.125898],[-0.00961715,-0.125573,0.992038],[-0.998719,0.0505003,-0.00328955]],"armWidth":63.4054,"confidence":1,"direction":[-0.0798844,0.0326109,-0.996271],"elbow":[-213.013,121.655,140.105],"grabAngle":2.40339,"grabStrength":0,"id":800,"palmNormal":[-0.68948,-0.723615,0.0315988],"palmPosition":[49.346,111.964,74.3907],"palmVelocity":[1.16364,-8.08716,-37.8329],"palmWidth":87.9125,"pinchDistance":69.8187,"pinchStrength":0,"r":[[0.859243,0.427052,0.281653],[-0.411766,0.904057,-0.114584],[-0.303563,-0.0175198,0.95265]],"s":1.45308,"sphereCenter":[24.6506,87.2012,53.7622],"sphereRadius":47.0025,"stabilizedPalmPosition":[49.9653,117.511,75.0505],"t":[24.8039,-60.1572,-9.8269],"timeVisible":6.60831,"type":"right","wrist":[47.5208,108.481,140.963]}],"id":1367164,"interactionBox":{"center":[0,200,0],"size":[235.247,235.247,147.751]},"pointables":[{"bases":[[[0.890782,0.376158,-0.254976],[-0.239839,0.865735,0.439295],[0.385986,-0.330162,0.861399]],[[0.828878,0.418184,-0.371595],[-0.289865,0.889163,0.354072],[0.478476,-0.18577,0.858225]],[[0.828878,0.418184,-0.371595],[-0.135519,0.794551,0.591881],[0.542767,-0.440238,0.715258]],[[0.828878,0.418184,-0.371595],[-0.214623,0.851121,0.479094],[0.516622,-0.317357,0.795227]]],"btipPosition":[-16.4621,149.264,50.2909],"carpPosition":[34.9347,119.536,131.482],"dipPosition":[-5.27091,142.389,67.5173],"direction":[-0.542767,0.440238,-0.715258],"extended":true,"handId":800,"id":8000,"length":48.2387,"mcpPosition":[34.9347,119.536,131.482],"pipPosition":[11.8581,128.496,90.09],"stabilizedTipPosition":[-13.7284,150.706,55.5422],"timeVisible":6.60831,"tipPosition":[-14.8334,156.663,59.8806],"tipVelocity":[-44.4294,-361.916,-150.604],"tool":false,"touchDistance":-0.26245,"touchZone":"touching","type":0,"width":20.4068},{"bases":[[[0.696254,-0.67417,-0.246426],[0.65224,0.73755,-0.174939],[0.29969,-0.0389273,0.953242]],[[0.758008,-0.633876,0.153703],[0.646394,0.761546,-0.0471458],[-0.0871674,0.13509,0.986992]],[[0.758008,-0.633876,0.153703],[0.646394,0.761546,-0.0471458],[-0.0871674,0.13509,0.986992]],[[0.758008,-0.633876,0.153703],[0.646394,0.761546,-0.0471458],[-0.0871674,0.13509,0.986992]]],"btipPosition":[38.2368,120.408,-24.7369],"carpPosition":[52.7442,128.171,119.959],"dipPosition":[36.8583,122.544,-9.12829],"direction":[0.0871674,-0.13509,-0.986992],"extended":true,"handId":800,"id":8001,"length":54.432,"mcpPosition":[31.4419,130.938,52.2013],"pipPosition":[34.9081,125.566,12.9527],"stabilizedTipPosition":[34.2038,121.249,-20.5799],"timeVisible":6.60831,"tipPosition":[30.2954,121.518,-21.1719],"tipVelocity":[102.018,185.171,-38.1218],"tool":false,"touchDistance":0.313936,"touchZone":"hovering","type":1,"width":19.4926},{"bases":[[[0.608881,-0.789021,-0.0819163],[0.766981,0.611921,-0.193111],[0.202495,0.0547531,0.977751]],[[0.619927,-0.784318,-0.023139],[0.0875933,0.0984787,-0.991277],[0.779755,0.612493,0.129751]],[[0.619927,-0.784318,-0.023139],[-0.748282,-0.582055,-0.318256],[0.236146,0.21461,-0.947722]],[[0.619927,-0.784318,-0.023139],[-0.723031,-0.582445,0.371461],[-0.304821,-0.213549,-0.92816]]],"btipPosition":[12.4891,88.5215,85.6202],"carpPosition":[61.8405,121.472,116.229],"dipPosition":[7.18708,84.8071,69.4759],"direction":[-0.236146,-0.21461,0.947722],"extended":false,"handId":800,"id":8002,"length":62.0209,"mcpPosition":[48.1907,117.782,50.32],"pipPosition":[13.4026,90.4558,44.5313],"stabilizedTipPosition":[11.0989,93.1724,83.3338],"timeVisible":6.60831,"tipPosition":[10.5661,87.0217,82.1616],"tipVelocity":[-15.5475,-10.9414,-149.77],"tool":false,"touchDistance":0.333333,"touchZone":"none","type":2,"width":19.1443},{"bases":[[[0.57248,-0.816233,0.0776529],[0.814587,0.555419,-0.167203],[0.0933465,0.158975,0.98286]],[[0.576786,-0.806129,0.132189],[0.215729,-0.00576183,-0.976436],[0.787896,0.591711,0.170582]],[[0.576786,-0.806129,0.132189],[-0.76674,-0.590065,-0.252849],[0.281829,0.0444851,-0.958433]],[[0.576786,-0.806129,0.132189],[-0.803688,-0.531001,0.268558],[-0.1463,-0.261139,-0.95415]]],"btipPosition":[26.6095,81.9256,88.8555],"carpPosition":[69.5389,112.642,114.318],"dipPosition":[24.0794,77.4095,72.3546],"direction":[-0.281829,-0.0444851,0.958433],"extended":false,"handId":800,"id":8003,"length":59.6348,"mcpPosition":[63.8894,103.021,54.834],"pipPosition":[31.3058,78.5501,47.7795],"stabilizedTipPosition":[25.8788,86.3476,86.1753],"timeVisible":6.60831,"tipPosition":[24.8239,80.1211,85.7198],"tipVelocity":[-40.0133,-12.7596,-125.177],"tool":false,"touchDistance":0.333333,"touchZone":"none","type":3,"width":18.217},{"bases":[[[0.436921,-0.872823,0.217438],[0.898738,0.433552,-0.0655948],[-0.0370183,0.22408,0.973867]],[[0.438342,-0.884496,0.159758],[0.285964,-0.0312662,-0.95773],[0.852104,0.465498,0.239229]],[[0.438342,-0.884496,0.159758],[-0.813479,-0.466001,-0.347987],[0.38224,0.0225777,-0.923787]],[[0.438342,-0.884496,0.159758],[-0.898703,-0.428587,0.0929859],[-0.0137755,-0.184334,-0.982767]]],"btipPosition":[40.4917,74.1702,85.89],"carpPosition":[73.0059,99.4268,115.876],"dipPosition":[40.2719,71.2292,70.2106],"direction":[-0.38224,-0.0225777,0.923787],"extended":false,"handId":800,"id":8004,"length":46.7525,"mcpPosition":[75.0798,86.873,61.3163],"pipPosition":[47.1919,71.638,53.4868],"stabilizedTipPosition":[39.6339,77.5297,82.9638],"timeVisible":6.60831,"tipPosition":[38.6298,73.3811,81.2262],"tipVelocity":[-18.1849,74.8611,-123.123],"tool":false,"touchDistance":0.333333,"touchZone":"none","type":4,"width":16.