{"frames":55,"data":[{"currentFrameRate":49.1795,"devices":[],"gestures":[],"hands":[{"armBasis":[[0.736545,0.291375,-0.610412],[0.174549,0.79001,0.587722],[0.653479,-0.53943,0.531018]],"armWidth":59,"confidence":1,"direction":[-0.208038,-0.0849304,-0.974427],"elbow":[124.288,97.8998,250.008],"grabAngle":2.70449,"grabStrength":0,"id":18,"palmNormal":[-0.0460019,-0.994271,0.0964813],"palmPosition":[-66.1734,230.061,53.5582],"palmVelocity":[2.03048,6.75369,2.88273],"palmWidth":84.25,"pinchDistance":54.7358,"pinchStrength":0.619416,"r":[[0.997972,0.0356236,0.0527526],[-0.0290277,0.992239,-0.12091],[-0.0566504,0.119134,0.991261]],"s":1.10121,"sphereCenter":[-77.0622,193.952,41.1908],"sphereRadius":40.4792,"stabilizedPalmPosition":[-67.0429,230.877,53.7956],"t":[-96.3194,35.2344,-16.1051],"timeVisible":7.88942,"type":"right","wrist":[-39.0821,232.757,117.253]}],"id":19555,"interactionBox":{"center":[0,200,0],"size":[235.247,235.247,147.751]},"pointables":[{"bases":[[[0.928238,-0.0782359,-0.363666],[-0.00926417,0.972468,-0.232854],[0.371871,0.219513,0.901957]],[[0.972709,-0.0452261,-0.227577],[-0.0356111,0.9401,-0.339034],[0.229278,0.337886,0.912833]],[[0.972709,-0.0452261,-0.227577],[-0.0424761,0.929536,-0.366277],[0.228106,0.365948,0.902247]],[[0.972709,-0.0452261,-0.227577],[-0.0651541,0.888117,-0.454976],[0.222692,0.457387,0.860933]]],"btipPosition":[-111.295,202.721,-34.6124],"carpPosition":[-68.2144,246.541,96.9536],"dipPosition":[-107.772,209.957,-20.9925],"direction":[-0.228106,-0.365948,-0.902247],"extended":true,"handId":18,"id":181,"length":54.4514,"mcpPosition":[-93.5463,231.588,35.5123],"pipPosition":[-102.667,218.147,-0.800184],"stabilizedTipPosition":[-111.9,205.646,-31.1031],"timeVisible":7.88942,"tipPosition":[-109.588,202.404,-30.5165],"tipVelocity":[22.3923,-26.839,1.92972],"tool":false,"touchDistance":-0.29687,"touchZone":"touching","type":1,"width":17.91},{"bases":[[[0.393708,0.846616,-0.3581],[-0.684552,0.530026,0.500461],[0.6135,0.0481027,0.788228]],[[0.254484,0.817104,-0.517281],[-0.906917,0.387356,0.165701],[0.335766,0.426963,0.839621]],[[0.254484,0.817104,-0.517281],[-0.962266,0.160664,-0.219614],[-0.0963392,0.55365,0.827158]],[[0.254484,0.817104,-0.517281],[-0.829927,-0.0900593,-0.550554],[-0.496446,0.569413,0.655218]]],"btipPosition":[-76.0023,180.314,30.7512],"carpPosition":[-74.2825,229.866,109.87],"dipPosition":[-86.7602,192.653,44.9497],"direction":[0.0963392,-0.55365,-0.827158],"extended":false,"handId":18,"id":180,"length":48.2559,"mcpPosition":[-74.2825,229.866,109.87],"pipPosition":[-89.8017,210.132,71.0631],"stabilizedTipPosition":[-79.5287,184.164,35.3058],"timeVisible":7.88942,"tipPosition":[-78.8466,183.032,33.9676],"tipVelocity":[23.8716,-1.40535,5.87783],"tool":false,"touchDistance":0.297892,"touchZone":"hovering","type":0,"width":18.75},{"bases":[[[0.957833,-0.212488,-0.193405],[0.155966,0.949824,-0.271125],[0.241311,0.229528,0.942913]],[[0.970579,-0.198342,-0.136516],[-0.139305,-0.00011,-0.990249],[0.196393,0.980133,-0.0277368]],[[0.970579,-0.198342,-0.136516],[-0.212137,-0.972597,-0.0951499],[-0.113903,0.121311,-0.986058]],[[0.970579,-0.198342,-0.136516],[-0.0887719,-0.821792,0.562831],[-0.223821,-0.534153,-0.815221]]],"btipPosition":[-75.4229,194.601,72.4664],"carpPosition":[-57.9627,247.072,91.993],"dipPosition":[-79.3174,185.307,58.2816],"direction":[0.113903,-0.121311,0.986058],"extended":false,"handId":18,"id":182,"length":62.043,"mcpPosition":[-73.5514,232.245,31.0808],"pipPosition":[-82.3164,188.501,32.3187],"stabilizedTipPosition":[-79.2293,193.562,69.9757],"timeVisible":7.88942,"tipPosition":[-76.4519,191.974,68.5043],"tipVelocity":[19.6583,3.84965,6.02202],"tool":false,"touchDistance":0.333333,"touchZone":"none","type":2,"width":17.59},{"bases":[[[0.968403,-0.247388,-0.0315469],[0.231613,0.939048,-0.254054],[0.0924739,0.23872,0.966675]],[[0.972205,-0.232628,0.0264756],[0.00912028,-0.0753668,-0.997114],[0.233952,0.969641,-0.0711503]],[[0.972205,-0.232628,0.0264756],[-0.231234,-0.971752,-0.0472165],[0.0367116,0.0397821,-0.998534]],[[0.972205,-0.232628,0.0264756],[-0.196806,-0.750727,0.630616],[-0.126823,-0.618299,-0.775643]]],"btipPosition":[-60.9637,201.001,74.7689],"carpPosition":[-47.174,245.284,88.8615],"dipPosition":[-63.1578,190.304,61.3502],"direction":[-0.0367116,-0.0397821,0.998534],"extended":false,"handId":18,"id":183,"length":59.656,"mcpPosition":[-52.5375,231.439,32.7943],"pipPosition":[-62.2161,191.325,35.7378],"stabilizedTipPosition":[-64.3426,199.599,72.4437],"timeVisible":7.88942,"tipPosition":[-60.1394,198.592,71.5361],"tipVelocity":[16.3745,11.7911,7.08217],"tool":false,"touchDistance":0.333333,"touchZone":"none","type":3,"width":16.738},{"bases":[[[0.920927,-0.36983,0.122961],[0.386669,0.906516,-0.16946],[-0.0487947,0.203605,0.977836]],[[0.900178,-0.331068,0.282973],[0.26259,-0.105777,-0.959092],[0.347457,0.937659,-0.00828293]],[[0.900178,-0.331068,0.282973],[-0.312076,-0.943534,-0.111143],[0.30379,0.0117394,-0.952667]],[[0.900178,-0.331068,0.282973],[-0.434044,-0.735442,0.520318],[0.0358492,-0.591202,-0.805727]]],"btipPosition":[-51.1208,205.466,67.2903],"carpPosition":[-36.2911,237.873,89.407],"dipPosition":[-50.5486,196.03,54.4309],"direction":[-0.30379,-0.0117394,0.952667],"extended":false,"handId":18,"id":184,"length":46.7692,"mcpPosition":[-33.6713,226.942,36.907],"pipPosition":[-45.047,196.243,37.1782],"stabilizedTipPosition":[-53.8734,204.515,64.9714],"timeVisible":7.88942,"tipPosition":[-47.5162,202.333,64.7634],"tipVelocity":[19.7499,14.7741,9.47735],"tool":false,"touchDistance":0.333333,"touchZone":"none","type":4,"width":14.868}],"r":[[0.997972,0.0356236,0.0527526],[-0.0290277,0.992239,-0.12091],[-0.0566504,0.119134,0.991261]],"s":1.10121,"t":[-96.3194,35.2344,-16.1051],"timestamp":838567561589},{"currentFrameRate":49.0828,"devices":[],"gestures":[],"hands":[{"armBasis":[[0.737084,0.294855,-0.608085],[0.170829,0.789285,0.589785],[0.653853,-0.5386,0.5314]],"armWidth":59,"confidence":1,"direction":[-0.207365,-0.0873064,-0.97436],"elbow":[124.412,98.3019,250.124],"grabAngle":2.70457,"grabStrength":0,"id":18,"palmNormal":[-0.0409028,-0.994365,0.0978039],"palmPosition":[-66.091,230.069,53.5757],"palmVelocity":[3.96889,0.375024,0.839897],"palmWidth":84.25,"pinchDistance":54.7381,"pinchStrength":0.619639,"r":[[0.997834,0.0383481,0.0534407],[-0.0316035,0.992053,-0.121785],[-0.0576862,0.119832,0.991117]],"s":1.10161,"sphereCenter":[-76.7677,193.891,41.2487],"sphereRadius":40.4824,"stabilizedPalmPosition":[-66.9836,230.827,53.7819],"t":[-96.2547,35.2657,-16.07],"timeVisible":7.91017,"type":"right","wrist":[-39.0508,232.952,117.274]}],"id":19556,"interactionBox":{"center":[0,200,0],"size":[235.247,235.247,147.751]},"pointables":[{"bases":[[[0.928716,-0.0739404,-0.363346],[-0.0142176,0.972094,-0.23416],[0.37052,0.222634,0.901748]],[[0.973037,-0.0404657,-0.22707],[-0.0402143,0.939645,-0.339779],[0.227114,0.339749,0.912683]],[[0.973037,-0.0404657,-0.22707],[-0.0470636,0.928942,-0.367222],[0.225794,0.368007,0.901991]],[[0.973037,-0.0404657,-0.22707],[-0.0695956,0.887091,-0.456318],[0.219897,0.459817,0.860357]]],"btipPosition":[-111.034,202.405,-34.5826],"carpPosition":[-68.2273,246.597,96.9484],"dipPosition":[-107.555,209.68,-20.9717],"direction":[-0.225794,-0.368007,-0.901991],"extended":true,"handId":18,"id":181,"length":54.4514,"mcpPosition":[-93.4672,231.431,35.5214],"pipPosition":[-102.502,217.916,-0.785148],"stabilizedTipPosition":[-111.66,205.42,-31.1534],"timeVisible":7.91017,"tipPosition":[-109.345,202.08,-30.4742],"tipVelocity":[12.099,-14.8078,1.33933],"tool":false,"touchDistance":-0.295099,"touchZone":"touching","type":1,"width":17.91},{"bases":[[[0.389427,0.848152,-0.359144],[-0.687393,0.527163,0.499591],[0.613056,0.0523185,0.788305]],[[0.250431,0.817722,-0.518281],[-0.909039,0.382784,0.164698],[0.333066,0.429892,0.839202]],[[0.250431,0.817722,-0.518281],[-0.963109,0.155952,-0.219315],[-0.0985117,0.554085,0.826611]],[[0.250431,0.817722,-0.518281],[-0.829472,-0.0948433,-0.550437],[-0.49926,0.567746,0.654526]]],"btipPosition":[-75.6779,180.243,30.8186],"carpPosition":[-74.2125,229.908,109.886],"dipPosition":[-86.4968,192.546,45.0021],"direction":[0.0985117,-0.554085,-0.826611],"extended":false,"handId":18,"id":180,"length":48.2559,"mcpPosition":[-74.2125,229.908,109.886],"pipPosition":[-89.6069,210.038,71.0982],"stabilizedTipPosition":[-79.4899,184.133,35.2709],"timeVisible":7.91017,"tipPosition":[-78.5167,182.949,34.0452],"tipVelocity":[14.9574,-3.84755,3.08252],"tool":false,"touchDistance":0.298958,"touchZone":"hovering","type":0,"width":18.75},{"bases":[[[0.958961,-0.20781,-0.192898],[0.151136,0.950251,-0.272363],[0.239901,0.232031,0.942661]],[[0.971621,-0.193522,-0.136025],[-0.138955,-0.00158273,-0.990297],[0.191429,0.981095,-0.0284287]],[[0.971621,-0.193522,-0.136025],[-0.207067,-0.97384,-0.0935914],[-0.114354,0.119102,-0.986275]],[[0.971621,-0.193522,-0.136025],[-0.0846669,-0.82147,0.563931],[-0.220873,-0.53641,-0.814542]]],"btipPosition":[-75.1642,194.596,72.504],"carpPosition":[-57.9773,247.173,91.9895],"dipPosition":[-79.0074,185.262,58.331],"direction":[0.114354,-0.119102,0.986275],"extended":false,"handId":18,"id":182,"length":62.043,"mcpPosition":[-73.4749,232.184,31.0936],"pipPosition":[-82.0183,188.398,32.3624],"stabilizedTipPosition":[-79.1489,193.534,69.9573],"timeVisible":7.91017,"tipPosition":[-76.1766,191.95,68.5716],"tipVelocity":[13.0374,-0.71754,1.94272],"tool":false,"touchDistance":0.333333,"touchZone":"none","type":2,"width":17.59},{"bases":[[[0.969672,-0.242438,-0.0309905],[0.226833,0.939888,-0.25526],[0.0910122,0.240488,0.966376]],[[0.973384,-0.227581,0.027013],[0.00985771,-0.0761831,-0.997045],[0.228967,0.970774,-0.071912]],[[0.973384,-0.227581,0.027013],[-0.226224,-0.973003,-0.0456945],[0.0366829,0.0383673,-0.99859]],[[0.973384,-0.227581,0.027013],[-0.193086,-0.750877,0.631586],[-0.123454,-0.619992,-0.774835]]],"btipPosition":[-60.735,201.07,74.8066],"carpPosition":[-47.1788,245.437,88.8629],"dipPosition":[-62.8708,190.344,61.4019],"direction":[-0.0366829,-0.0383673,0.99859],"extended":false,"handId":18,"id":183,"length":59.656,"mcpPosition":[-52.4575,231.489,32.8131],"pipPosition":[-61.9298,191.328,35.7881],"stabilizedTipPosition":[-64.2628,199.574,72.4253],"timeVisible":7.91017,"tipPosition":[-59.9011,198.655,71.5972],"tipVelocity":[11.6701,2.99533,1.97358],"tool":false,"touchDistance":0.333333,"touchZone":"none","type":3,"width":16.738},{"bases":[[[0.92279,-0.364916,0.12367],[0.382035,0.908267,-0.170586],[-0.0500763,0.204661,0.977551]],[[0.902926,-0.327518,0.278311],[0.258489,-0.103526,-0.960451],[0.343377,0.939156,-0.00881679]],[[0.902926,-0.327518,0.278311],[-0.308745,-0.944749,-0.110122],[0.299,0.0135054,-0.954157]],[[0.902926,-0.327518,0.278311],[-0.428422,-0.737585,0.521942],[0.0343325,-0.590509,-0.8063]]],"btipPosition":[-50.7743,205.527,67.3731],"carpPosition":[-36.2579,238.083,89.4209],"dipPosition":[-50.2264,196.102,54.5046],"direction":[-0.299,-0.0135054,0.954157],"extended":false,"handId":18,"id":184,"length":46.7692,"mcpPosition":[-33.5693,227.095,36.9361],"pipPosition":[-44.8115,196.347,37.2248],"stabilizedTipPosition":[-53.792,204.486,64.9573],"timeVisible":7.91017,"tipPosition":[-47.3231,202.46,64.8188],"tipVelocity":[16.4315,3.0577,3.88897],"tool":false,"touchDistance":0.333333,"touchZone":"none","type":4,"width":14.868}],"r":[[0.997834,0.0383481,0.0534407],[-0.0316035,0.992053,-0.121785],[-0.0576862,0.119832,0.991117]],"s":1.10161,"t":[-96.2547,35.2657,-16.07],"timestamp":838567582337},{"currentFrameRate":49.1822,"devices":[],"gestures":[],"hands":[{"armBasis":[[0.737439,0.289433,-0.610256],[0.174243,0.79142,0.585913],[0.652551,-0.538408,0.533192]],"armWidth":59,"confidence":1,"direction":[-0.205309,-0.0877513,-0.974755],"elbow":[124.183,98.3168,250.691],"grabAngle":2.70523,"grabStrength":0,"id":18,"palmNormal":[-0.0480373,-0.993868,0.0995898],"palmPosition":[-65.8842,230.059,53.6384],"palmVelocity":[10.3675,-0.513982,3.14738],"palmWidth":84.25,"pinchDistance":54.7227,"pinchStrength":0.619306,"r":[[0.997744,0.0391707,0.0545206],[-0.0322265,0.991898,-0.122881],[-0.0588922,0.120847,0.990923]],"s":1.10175,"sphereCenter":[-76.8501,193.929,41.374],"sphereRadius":40.479,"stabilizedPalmPosition":[-66.9191,230.782,53.7735],"t":[-96.119,35.2762,-16.0211],"timeVisible":7.93012,"type":"right","wrist":[-38.9553,232.919,117.393]}],"id":19557,"interactionBox":{"center":[0,200,0],"size":[235.247,235.247,147.751]},"pointables":[{"bases":[[[0.929169,-0.0810499,-0.360661],[-0.00686422,0.971716,-0.236054],[0.369593,0.221809,0.902331]],[[0.973206,-0.0477638,-0.22492],[-0.0331469,0.938826,-0.342792],[0.227534,0.341062,0.912088]],[[0.973206,-0.0477638,-0.22492],[-0.0400762,0.927979,-0.370471],[0.226416,0.369558,0.901201]],[[0.973206,-0.0477638,-0.22492],[-0.0628441,0.88569,-0.460005],[0.221181,0.461814,0.858957]]],"btipPosition":[-110.819,202.431,-34.5337],"carpPosition":[-68.0244,246.684,96.9736],"dipPosition":[-107.32,209.737,-20.945],"direction":[-0.226416,-0.369558,-0.901201],"extended":true,"handId":18,"id":181,"length":54.4514,"mcpPosition":[-93.201,231.575,35.5068],"pipPosition":[-102.252,218.007,-0.776112],"stabilizedTipPosition":[-111.445,205.248,-31.1868],"timeVisible":7.93012,"tipPosition":[-109.108,202.222,-30.4832],"tipVelocity":[11.0231,1.6336,2.1945],"tool":false,"touchDistance":-0.293266,"touchZone":"touching","type":1,"width":17.91},{"bases":[[[0.396254,0.84475,-0.359695],[-0.685092,0.532857,0.496701],[0.611254,0.049605,0.789878]],[[0.257548,0.814994,-0.519089],[-0.906994,0.389159,0.16099],[0.333214,0.429348,0.839422]],[[0.257548,0.814994,-0.519089],[-0.961309,0.161771,-0.222968],[-0.0977443,0.55643,0.825125]],[[0.257548,0.814994,-0.519089],[-0.827812,-0.0909884,-0.553578],[-0.498394,0.572281,0.651228]]],"btipPosition":[-75.6751,180.25,30.9673],"carpPosition":[-74.1599,230.062,109.927],"dipPosition":[-86.4753,192.651,45.0794],"direction":[0.0977443,-0.55643,-0.825125],"extended":false,"handId":18,"id":180,"length":48.2559,"mcpPosition":[-74.1599,230.062,109.927],"pipPosition":[-89.5611,210.218,71.1286],"stabilizedTipPosition":[-79.4735,184.12,35.2579],"timeVisible":7.93012,"tipPosition":[-78.5798,182.989,34.1643],"tipVelocity":[0.356756,1.49558,6.63287],"tool":false,"touchDistance":0.301163,"touchZone":"hovering","type":0,"width":18.75},{"bases":[[[0.958024,-0.214796,-0.189876],[0.158438,0.948658,-0.273762],[0.23893,0.232187,0.942869]],[[0.970627,-0.200486,-0.132996],[-0.136359,-0.00299494,-0.990655],[0.198215,0.979692,-0.0302451]],[[0.970627,-0.200486,-0.132996],[-0.213421,-0.972685,-0.0912983],[-0.111059,0.117001,-0.986903]],[[0.970627,-0.200486,-0.132996],[-0.0917487,-0.819473,0.565726],[-0.222407,-0.536907,-0.813797]]],"btipPosition":[-75.2442,194.719,72.6273],"carpPosition":[-57.7571,247.181,92.0416],"dipPosition":[-79.1141,185.377,58.4673],"direction":[0.111059,-0.117001,0.986903],"extended":false,"handId":18,"id":182,"length":62.043,"mcpPosition":[-73.192,232.182,31.1323],"pipPosition":[-82.0383,188.458,32.4821],"stabilizedTipPosition":[-79.0948,193.517,69.9467],"timeVisible":7.93012,"tipPosition":[-76.2733,192.041,68.6813],"tipVelocity":[-4.32138,6.11064,6.33056],"tool":false,"touchDistance":0.333333,"touchZone":"none","type":2,"width":17.59},{"bases":[[[0.968055,-0.249185,-0.0278744],[0.234015,0.937806,-0.256432],[0.0900398,0.241717,0.96616]],[[0.971712,-0.234242,0.0301106],[0.0120505,-0.0781529,-0.996869],[0.235862,0.969032,-0.0731193]],[[0.971712,-0.234242,0.0301106],[-0.23283,-0.971518,-0.0440835],[0.0395792,0.0358258,-0.998574]],[[0.971712,-0.234242,0.0301106],[-0.199954,-0.748142,0.632695],[-0.125677,-0.620818,-0.773816]]],"btipPosition":[-60.7833,201.077,74.936],"carpPosition":[-46.9624,245.364,88.9479],"dipPosition":[-62.9575,190.337,61.549],"direction":[-0.0395792,-0.0358258,0.998574],"extended":false,"handId":18,"id":183,"length":59.656,"mcpPosition":[-52.1847,231.344,32.9106],"pipPosition":[-61.9423,191.256,35.9355],"stabilizedTipPosition":[-64.2262,199.562,72.4183],"timeVisible":7.93012,"tipPosition":[-59.9617,198.638,71.7369],"tipVelocity":[-2.86578,0.19311,6.68963],"tool":false,"touchDistance":0.333333,"touchZone":"none","type":3,"width":16.738},{"bases":[[[0.919907,-0.371039,0.126891],[0.388763,0.905278,-0.171273],[-0.0513228,0.206886,0.977018]],[[0.89961,-0.332845,0.282694],[0.261745,-0.107202,-0.959165],[0.349559,0.936868,-0.00931947]],[[0.89961,-0.332845,0.282694],[-0.31469,-0.942939,-0.108793],[0.302774,0.00891027,-0.953021]],[[0.89961,-0.332845,0.282694],[-0.435389,-0.73363,0.521751],[0.0337302,-0.592454,-0.804898]]],"btipPosition":[-50.8048,205.449,67.5042],"carpPosition":[-36.0942,237.936,89.5498],"dipPosition":[-50.2664,195.994,54.658],"direction":[-0.302774,-0.00891027,0.953021],"extended":false,"handId":18,"id":184,"length":46.7692,"mcpPosition":[-33.3386,226.828,37.0937],"pipPosition":[-44.7832,196.155,37.3988],"stabilizedTipPosition":[-53.7482,204.469,64.9516],"timeVisible":7.93012,"tipPosition":[-47.3456,202.345,64.9846],"tipVelocity":[-1.63741,-4.24701,6.82656],"tool":false,"touchDistance":0.333333,"touchZone":"none","type":4,"width":14.868}],"r":[[0.997744,0.0391707,0.0545206],[-0.0322265,0.991898,-0.122881],[-0.0588922,0.120847,0.990923]],"s":1.10175,"t":[-96.119,35.2762,-16.0211],"timestamp":838567602285},{"currentFrameRate":49.0931,"devices":[],"gestures":[],"hands":[{"armBasis":[[0.739608,0.289822,-0.60744],[0.172922,0.790408,0.587668],[0.650444,-0.539684,0.534475]],"armWidth":59,"confidence":1,"direction":[-0.200641,-0.093825,-0.975162],"elbow":[123.856,98.2694,251.132],"grabAngle":2.70384,"grabStrength":0,"id":18,"palmNormal":[-0.0493562,-0.993171,0.105713],"palmPosition":[-65.403,229.999,53.6794],"palmVelocity":[23.2296,-2.8915,1.97874],"palmWidth":84.25,"pinchDistance":54.8298,"pinchStrength":0.620766,"r":[[0.997623,0.0397379,0.0563048],[-0.0324406,0.991619,-0.125059],[-0.0608025,0.122936,0.99055]],"s":1.1018,"sphereCenter":[-76.8166,193.926,41.6391],"sphereRadius":40.5001,"stabilizedPalmPosition":[-66.8164,230.729,53.7671],"t":[-95.8105,35.2515,-15.9762],"timeVisible":7.95083,"type":"right","wrist":[-38.7555,233.19,117.513]}],"id":19558,"interactionBox":{"center":[0,200,0],"size":[235.247,235.247,147.751]},"pointables":[{"bases":[[[0.930843,-0.0841097,-0.355608],[-0.00489963,0.97019,-0.242298],[0.365387,0.227284,0.902682]],[[0.973764,-0.0504966,-0.221885],[-0.0306985,0.937004,-0.347966],[0.225479,0.345649,0.910871]],[[0.973764,-0.0504966,-0.221885],[-0.0375396,0.926062,-0.375499],[0.224441,0.373977,0.899871]],[[0.973764,-0.0504966,-0.221885],[-0.0601949,0.883176,-0.465164],[0.219453,0.466316,0.856965]]],"btipPosition":[-110.094,201.924,-34.5251],"carpPosition":[-67.7399,246.903,96.8963],"dipPosition":[-106.623,209.301,-20.9679],"direction":[-0.224441,-0.373977,-0.899871],"extended":true,"handId":18,"id":181,"length":54.4514,"mcpPosition":[-92.6301,231.421,35.4057],"pipPosition":[-101.6,217.671,-0.828799],"stabilizedTipPosition":[-111.115,204.999,-31.2205],"timeVisible":7.95083,"tipPosition":[-108.253,201.682,-30.4825],"tipVelocity":[34.6606,-23.661,0.0644943],"tool":false,"touchDistance":-0.292253,"touchZone":"touching","type":1,"width":17.91},{"bases":[[[0.398708,0.842108,-0.363161],[-0.687051,0.536581,0.48994],[0.607448,0.0541672,0.792511]],[[0.261158,0.811583,-0.522618],[-0.908505,0.389618,0.151054],[0.326214,0.435352,0.839079]],[[0.261158,0.811583,-0.522618],[-0.959685,0.160004,-0.231093],[-0.10393,0.5619,0.82065]],[[0.261158,0.811583,-0.522618],[-0.823539,-0.0951096,-0.55923],[-0.503567,0.576444,0.643531]]],"btipPosition":[-74.8366,180.017,31.2901],"carpPosition":[-73.9524,230.369,109.926],"dipPosition":[-85.7489,192.508,45.2354],"direction":[0.10393,-0.5619,-0.82065],"extended":false,"handId":18,"id":180,"length":48.2559,"mcpPosition":[-73.9524,230.369,109.926],"pipPosition":[-89.0299,210.247,71.1433],"stabilizedTipPosition":[-79.4363,184.098,35.2446],"timeVisible":7.95083,"tipPosition":[-78.0305,182.817,34.4463],"tipVelocity":[39.2365,-10.2552,13.7307],"tool":false,"touchDistance":0.305903,"touchZone":"hovering","type":0,"width":18.75},{"bases":[[[0.958755,-0.216783,-0.183832],[0.160564,0.946757,-0.279052],[0.234538,0.238026,0.942516]],[[0.971094,-0.202119,-0.126984],[-0.131308,-0.00807477,-0.991309],[0.199337,0.979328,-0.0343813]],[[0.971094,-0.202119,-0.126984],[-0.21384,-0.973026,-0.0865554],[-0.106064,0.111208,-0.988121]],[[0.971094,-0.202119,-0.126984],[-0.0953841,-0.816246,0.569775],[-0.218813,-0.541193,-0.811931]]],"btipPosition":[-74.8959,194.765,72.8041],"carpPosition":[-57.4484,247.36,92.0113],"dipPosition":[-78.7033,185.348,58.6765],"direction":[0.106064,-0.111208,0.988121],"extended":false,"handId":18,"id":182,"length":62.043,"mcpPosition":[-72.5995,231.983,31.1248],"pipPosition":[-81.496,188.276,32.6593],"stabilizedTipPosition":[-79.0359,193.5,69.9398],"timeVisible":7.95083,"tipPosition":[-75.8967,192.088,68.9167],"tipVelocity":[17.51,1.35517,8.89408],"tool":false,"touchDistance":0.333333,"touchZone":"none","type":2,"width":17.59},{"bases":[[[0.967969,-0.250142,-0.0215666],[0.236047,0.935955,-0.261286],[0.0855439,0.247826,0.965021]],[[0.971357,-0.234831,0.0363387],[0.0171803,-0.0831208,-0.996391],[0.237004,0.968476,-0.0767055]],[[0.971357,-0.234831,0.0363387],[-0.233389,-0.971565,-0.0398957],[0.0446741,0.030272,-0.998543]],[[0.971357,-0.234831,0.0363387],[-0.203857,-0.744939,0.635223],[-0.1221,-0.624436,-0.771474]]],"btipPosition":[-60.4403,201.101,75.1431],"carpPosition":[-46.6403,245.515,88.9819],"dipPosition":[-62.5526,190.298,61.7966],"direction":[-0.0446741,-0.030272,0.998543],"extended":false,"handId":18,"id":183,"length":59.656,"mcpPosition":[-51.6018,231.141,33.0107],"pipPosition":[-61.4067,191.075,36.184],"stabilizedTipPosition":[-64.185,199.55,72.414],"timeVisible":7.95083,"tipPosition":[-59.6008,198.689,72.0075],"tipVelocity":[17.249,0.478709,10.4511],"tool":false,"touchDistance":0.333333,"touchZone":"none","type":3,"width":16.738},{"bases":[[[0.918967,-0.370963,0.133739],[0.390352,0.903848,-0.175169],[-0.055899,0.21318,0.975413]],[[0.898592,-0.332621,0.286173],[0.264215,-0.110527,-0.95811],[0.350318,0.936561,-0.0114357]],[[0.898592,-0.332621,0.286173],[-0.315469,-0.943049,-0.105531],[0.304977,0.00455091,-0.952349]],[[0.898592,-0.332621,0.286173],[-0.43735,-0.731653,0.522885],[0.0354564,-0.595018,-0.80293]]],"btipPosition":[-50.3385,205.387,67.7505],"carpPosition":[-35.7813,238.082,89.6842],"dipPosition":[-49.7727,195.89,54.9357],"direction":[-0.304977,-0.00455091,0.952349],"extended":false,"handId":18,"id":184,"length":46.7692,"mcpPosition":[-32.7801,226.636,37.3143],"pipPosition":[-44.2495,195.973,37.6887],"stabilizedTipPosition":[-53.6947,204.45,64.9493],"timeVisible":7.95083,"tipPosition":[-46.9652,202.349,65.2895],"tipVelocity":[22.8136,-3.45671,12.2407],"tool":false,"touchDistance":0.333333,"touchZone":"none","type":4,"width":14.868}],"r":[[0.997623,0.0397379,0.0563048],[-0.0324406,0.991619,-0.125059],[-0.0608025,0.122936,0.99055]],"s":1.1018,"t":[-95.8105,35.2515,-15.9762],"timestamp":838567622999},{"currentFrameRate":48.9343,"devices":[],"gestures":[],"hands":[{"armBasis":[[0.742155,0.288113,-0.605141],[0.174763,0.788466,0.589728],[0.647042,-0.543426,0.534813]],"armWidth":59,"confidence":1,"direction":[-0.196469,-0.0971277,-0.975688],"elbow":[123.555,97.3402,251.349],"grabAngle":2.70263,"grabStrength":0,"id":18,"palmNormal":[-0.0548931,-0.992431,0.109848],"palmPosition":[-64.6003,229.897,53.7309],"palmVelocity":[38.1308,-4.86224,2.44473],"palmWidth":84.25,"pinchDistance":54.9048,"pinchStrength":0.623734,"r":[[0.997507,0.0392371,0.0586502],[-0.0314847,0.991312,-0.127706],[-0.0631515,0.125541,0.990076]],"s":1.10145,"sphereCenter":[-76.5351,193.895,41.8445],"sphereRadius":40.5125,"stabilizedPalmPosition":[-66.622,230.656,53.764],"t":[-95.2549,35.188,-15.928],"timeVisible":7.97189,"type":"right","wrist":[-38.2055,233.197,117.646]}],"id":19559,"interactionBox":{"center":[0,200,0],"size":[235.247,235.247,147.751]},"pointables":[{"bases":[[[0.932087,-0.0903815,-0.350778],[0.00117226,0.96912,-0.246588],[0.362233,0.229431,0.90341]],[[0.974099,-0.0568648,-0.218854],[-0.0245502,0.935545,-0.352353],[0.224784,0.3486,0.909918]],[[0.974099,-0.0568648,-0.218854],[-0.0315197,0.924267,-0.380443],[0.223913,0.377488,0.898535]],[[0.974099,-0.0568648,-0.218854],[-0.0547207,0.879814,-0.472159],[0.2194,0.471905,0.853914]]],"btipPosition":[-109.157,201.594,-34.4936],"carpPosition":[-67.0572,247.004,96.8613],"dipPosition":[-105.686,209.059,-20.9847],"direction":[-0.223913,-0.377488,-0.898535],"extended":true,"handId":18,"id":181,"length":54.4514,"mcpPosition":[-91.7325,231.375,35.321],"pipPosition":[-100.674,217.508,-0.875507],"stabilizedTipPosition":[-110.624,204.698,-31.2501],"timeVisible":7.97189,"tipPosition":[-107.205,201.443,-30.5188],"tipVelocity":[44.5405,-14.7212,0.966607],"tool":false,"touchDistance":-0.291056,"touchZone":"touching","type":1,"width":17.91},{"bases":[[[0.404696,0.838468,-0.364954],[-0.686647,0.542207,0.48428],[0.603934,0.0546084,0.795161]],[[0.268132,0.808061,-0.524541],[-0.908161,0.393702,0.142275],[0.321479,0.438219,0.839414]],[[0.268132,0.808061,-0.524541],[-0.957321,0.162504,-0.239018],[-0.107901,0.566242,0.817146]],[[0.268132,0.808061,-0.524541],[-0.819491,-0.0949484,-0.565172],[-0.506497,0.581397,0.63674]]],"btipPosition":[-73.8919,179.83,31.5402],"carpPosition":[-73.4154,230.559,109.933],"dipPosition":[-84.8677,192.429,45.3383],"direction":[0.107901,-0.566242,-0.817146],"extended":false,"handId":18,"id":180,"length":48.2559,"mcpPosition":[-73.4154,230.559,109.933],"pipPosition":[-88.2741,210.305,71.1356],"stabilizedTipPosition":[-79.3627,184.065,35.2317],"timeVisible":7.97189,"tipPosition":[-77.3577,182.695,34.6468],"tipVelocity":[44.1813,-7.71512,10.272],"tool":false,"touchDistance":0.309507,"touchZone":"hovering","type":0,"width":18.75},{"bases":[[[0.958508,-0.222432,-0.178288],[0.166688,0.94469,-0.282448],[0.231252,0.24101,0.942569]],[[0.97065,-0.20758,-0.121447],[-0.126172,-0.00962621,-0.991962],[0.204742,0.978171,-0.0355343]],[[0.97065,-0.20758,-0.121447],[-0.218508,-0.972144,-0.0847914],[-0.100463,0.10884,-0.98897]],[[0.97065,-0.20758,-0.121447],[-0.102738,-0.814486,0.571014],[-0.217447,-0.541778,-0.811907]]],"btipPosition":[-74.3881,194.723,72.8863],"carpPosition":[-56.7404,247.387,92.0236],"dipPosition":[-78.1717,185.296,58.7591],"direction":[0.100463,-0.10884,0.98897],"extended":false,"handId":18,"id":182,"length":62.043,"mcpPosition":[-71.6792,231.818,31.1336],"pipPosition":[-80.8168,188.162,32.7195],"stabilizedTipPosition":[-78.957,193.481,69.9335],"timeVisible":7.97189,"tipPosition":[-75.3577,192.11,69.0886],"tipVelocity":[24.3842,-2.09607,3.90838],"tool":false,"touchDistance":0.333333,"touchZone":"none","type":2,"width":17.59},{"bases":[[[0.96678,-0.255118,-0.0158347],[0.24203,0.933585,-0.264273],[0.0822039,0.251661,0.964318]],[[0.96997,-0.239569,0.0420181],[0.0220202,-0.0855495,-0.996091],[0.242227,0.967103,-0.0777051]],[[0.96997,-0.239569,0.0420181],[-0.238043,-0.970501,-0.0382414],[0.0499401,0.0270909,-0.998385]],[[0.96997,-0.239569,0.0420181],[-0.211012,-0.742933,0.635236],[-0.120966,-0.625026,-0.771174]]],"btipPosition":[-59.9045,200.986,75.2881],"carpPosition":[-45.9275,245.473,89.054],"dipPosition":[-61.9972,190.173,61.9468],"direction":[-0.0499401,-0.0270909,0.998385],"extended":false,"handId":18,"id":183,"length":59.656,"mcpPosition":[-50.6953,230.877,33.1236],"pipPosition":[-60.7162,190.868,36.3383],"stabilizedTipPosition":[-64.1249,199.533,72.4109],"timeVisible":7.97189,"tipPosition":[-59.0531,198.638,72.2242],"tipVelocity":[25.667,-5.57275,6.94449],"tool":false,"touchDistance":0.333333,"touchZone":"none","type":3,"width":16.738},{"bases":[[[0.916428,-0.375002,0.139766],[0.395759,0.901081,-0.177278],[-0.0594607,0.217776,0.974186]],[[0.895289,-0.33557,0.293002],[0.270102,-0.114142,-0.956042],[0.354263,0.935075,-0.0115524]],[[0.895289,-0.33557,0.293002],[-0.318925,-0.942015,-0.104373],[0.311037,-0.0000013744,-0.950398]],[[0.895289,-0.33557,0.293002],[-0.443815,-0.728767,0.521466],[0.0385418,-0.596902,-0.801388]]],"btipPosition":[-49.7639,205.209,67.917],"carpPosition":[-35.1098,237.989,89.841],"dipPosition":[-49.1488,195.682,55.1269],"direction":[-0.311037,0.0000013744,0.950398],"extended":false,"handId":18,"id":184,"length":46.7692,"mcpPosition":[-31.9174,226.296,37.5369],"pipPosition":[-43.5159,195.682,37.9152],"stabilizedTipPosition":[-53.6185,204.423,64.9498],"timeVisible":7.97189,"tipPosition":[-46.3787,202.211,65.5471],"tipVelocity":[27.8342,-8.79615,8.18021],"tool":false,"touchDistance":0.333333,"touchZone":"none","type":4,"width":14.868}],"r":[[0.997507,0.0392371,0.0586502],[-0.0314847,0.991312,-0.127706],[-0.0631515,0.125541,0.990076]],"s":1.10145,"t":[-95.2549,35.188,-15.928],"timestamp":838567644050},{"currentFrameRate":48.809,"devices":[],"gestures":[],"hands":[{"armBasis":[[0.745127,0.283531,-0.603652],[0.177734,0.787977,0.589494],[0.642804,-0.546537,0.53675]],"armWidth":59,"confidence":1,"direction":[-0.194051,-0.0949618,-0.976384],"elbow":[123.681,95.9823,251.736],"grabAngle":2.70386,"grabStrength":0,"id":18,"palmNormal":[-0.0615245,-0.992166,0.108724],"palmPosition":[-63.2447,229.526,53.5485],"palmVelocity":[64.6296,-17.6498,-8.6946],"palmWidth":84.25,"pinchDistance":54.8977,"pinchStrength":0.625523,"r":[[0.997421,0.0375649,0.0611529],[-0.0293788,0.991125,-0.12965],[-0.0654804,0.127519,0.989672]],"s":1.10061,"sphereCenter":[-75.4029,193.543,41.6437],"sphereRadius":40.4912,"stabilizedPalmPosition":[-66.1261,230.49,53.7323],"t":[-94.2993,34.9711,-15.9951],"timeVisible":7.99286,"type":"right","wrist":[-37.0204,232.617,117.549]}],"id":19560,"interactionBox":{"center":[0,200,0],"size":[235.247,235.247,147.751]},"pointables":[{"bases":[[[0.93258,-0.0959616,-0.347975],[0.00808168,0.969324,-0.245653],[0.360874,0.226279,0.904747]],[[0.97436,-0.0628717,-0.216031],[-0.0182499,0.934915,-0.354402],[0.224252,0.349257,0.909797]],[[0.97436,-0.0628717,-0.216031],[-0.0258484,0.922526,-0.385068],[0.223504,0.380779,0.897248]],[[0.97436,-0.0628717,-0.216031],[-0.0496896,0.876324,-0.479152],[0.219438,0.477601,0.850732]]],"btipPosition":[-107.704,201.223,-34.6746],"carpPosition":[-65.727,246.608,96.6875],"dipPosition":[-104.232,208.779,-21.216],"direction":[-0.223504,-0.380779,-0.897248],"extended":true,"handId":18,"id":181,"length":54.4514,"mcpPosition":[-90.3097,231.194,35.0561],"pipPosition":[-99.2305,217.301,-1.13561],"stabilizedTipPosition":[-109.739,204.285,-31.3284],"timeVisible":7.99286,"tipPosition":[-105.794,201.461,-30.8774],"tipVelocity":[69.2565,-16.6869,-9.1785],"tool":false,"touchDistance":-0.293171,"touchZone":"touching","type":1,"width":17.91},{"bases":[[[0.411135,0.836228,-0.362893],[-0.684696,0.546096,0.482671],[0.601797,0.0500287,0.79708]],[[0.275229,0.806955,-0.522564],[-0.906915,0.398286,0.137379],[0.318988,0.43611,0.84146]],[[0.275229,0.806955,-0.522564],[-0.955002,0.166988,-0.245124],[-0.110542,0.566515,0.816604]],[[0.275229,0.806955,-0.522564],[-0.815293,-0.0921279,-0.571673],[-0.509457,0.583383,0.632548]]],"btipPosition":[-72.4437,179.508,31.3442],"carpPosition":[-72.2298,230.192,109.724],"dipPosition":[-83.4836,192.15,45.0515],"direction":[0.110542,-0.566515,-0.816604],"extended":false,"handId":18,"id":180,"length":48.2559,"mcpPosition":[-72.2298,230.192,109.724],"pipPosition":[-86.9734,210.035,70.8317],"stabilizedTipPosition":[-79.1914,184,35.2029],"timeVisible":7.99286,"tipPosition":[-76.2151,182.424,34.3822],"tipVelocity":[68.3419,-14.8493,-10.3382],"tool":false,"touchDistance":0.305893,"touchZone":"hovering","type":0,"width":18.75},{"bases":[[[0.957627,-0.228339,-0.175531],[0.17355,0.943879,-0.281023],[0.229848,0.238652,0.943512]],[[0.969687,-0.213618,-0.118638],[-0.123002,-0.00720403,-0.99238],[0.211135,0.976891,-0.033261]],[[0.969687,-0.213618,-0.118638],[-0.224391,-0.970672,-0.0862795],[-0.096728,0.110285,-0.989182]],[[0.969687,-0.213618,-0.118638],[-0.109947,-0.815035,0.568884],[-0.218218,-0.538596,-0.813815]]],"btipPosition":[-73.3202,194.383,72.6213],"carpPosition":[-55.3929,246.93,91.8822],"dipPosition":[-77.1172,185.011,58.4609],"direction":[0.096728,-0.110285,0.989182],"extended":false,"handId":18,"id":182,"length":62.043,"mcpPosition":[-70.2411,231.513,30.9313],"pipPosition":[-79.6641,187.915,32.4157],"stabilizedTipPosition":[-78.8173,193.444,69.9168],"timeVisible":7.99286,"tipPosition":[-74.2889,191.795,68.8374],"tipVelocity":[50.7632,-15.6211,-12.9987],"tool":false,"touchDistance":0.333333,"touchZone":"none","type":2,"width":17.59},{"bases":[[[0.965188,-0.26123,-0.0130845],[0.248763,0.932279,-0.262625],[0.080804,0.250227,0.964809]],[[0.968296,-0.245756,0.0447928],[0.0248033,-0.083841,-0.99617],[0.24857,0.965699,-0.0750874]],[[0.968296,-0.245756,0.0447928],[-0.244077,-0.968938,-0.0398151],[0.0531863,0.0276199,-0.998203]],[[0.968296,-0.245756,0.0447928],[-0.217903,-0.74327,0.632509],[-0.122149,-0.622217,-0.773257]]],"btipPosition":[-58.8042,200.543,75.073],"carpPosition":[-44.5832,244.951,88.9443],"dipPosition":[-60.9174,189.779,61.6956],"direction":[-0.0531863,-0.0276199,0.998203],"extended":false,"handId":18,"id":183,"length":59.656,"mcpPosition":[-49.2698,230.438,32.9854],"pipPosition":[-59.5532,190.487,36.0917],"stabilizedTipPosition":[-64.0031,199.496,72.4005],"timeVisible":7.99286,"tipPosition":[-57.9559,198.216,72.0288],"tipVelocity":[52.23,-20.5939,-10.6538],"tool":false,"touchDistance":0.333333,"touchZone":"none","type":3,"width":16.738},{"bases":[[[0.913593,-0.380938,0.142244],[0.402012,0.898719,-0.175186],[-0.0611025,0.217232,0.974206]],[[0.892156,-0.341419,0.295788],[0.272937,-0.114342,-0.955213],[0.359948,0.93293,-0.00882505]],[[0.892156,-0.341419,0.295788],[-0.324364,-0.939911,-0.106562],[0.314397,-0.000872889,-0.949291]],[[0.892156,-0.341419,0.295788],[-0.450125,-0.727007,0.518506],[0.0380127,-0.59573,-0.802285]]],"btipPosition":[-48.6202,204.714,67.7375],"carpPosition":[-33.8157,237.397,89.7576],"dipPosition":[-48.0136,195.206,54.9331],"direction":[-0.314397,0.000872889,0.949291],"extended":false,"handId":18,"id":184,"length":46.7692,"mcpPosition":[-30.5351,225.734,37.4525],"pipPosition":[-42.3198,195.19,37.7414],"stabilizedTipPosition":[-53.4666,204.367,64.9452],"timeVisible":7.99286,"tipPosition":[-45.2416,201.716,65.3934],"tipVelocity":[54.4336,-23.3908,-8.71508],"tool":false,"touchDistance":0.333333,"touchZone":"none","type":4,"width":14.868}],"r":[[0.997421,0.0375649,0.0611529],[-0.0293788,0.991125,-0.12965],[-0.0654804,0.127519,0.989672]],"s":1.10061,"t":[-94.2993,34.9711,-15.9951],"timestamp":838567665025},{"currentFrameRate":48.7657,"devices":[],"gestures":[],"hands":[{"armBasis":[[0.749684,0.276967,-0.601052],[0.18259,0.786398,0.590118],[0.636109,-0.552148,0.538978]],"armWidth":59,"confidence":1,"direction":[-0.190102,-0.10478,-0.976157],"elbow":[123.406,94.8481,252.036],"grabAngle":2.70437,"grabStrength":0,"id":18,"palmNormal":[-0.0705064,-0.990264,0.120025],"palmPosition":[-61.589,229.351,53.2431],"palmVelocity":[80.0825,-8.50455,-14.7708],"palmWidth":84.25,"pinchDistance":54.9298,"pinchStrength":0.628687,"r":[[0.997343,0.0346855,0.0640593],[-0.0258768,0.990704,-0.133549],[-0.068096,0.131536,0.98897]],"s":1.09926,"sphereCenter":[-73.7782,193.201,41.7245],"sphereRadius":40.4449,"stabilizedPalmPosition":[-65.1168,230.237,53.6235],"t":[-92.9937,34.7748,-16.1813],"timeVisible":8.01353,"type":"right","wrist":[-35.6218,232.885,117.292]}],"id":19561,"interactionBox":{"center":[0,200,0],"size":[235.247,235.247,147.751]},"pointables":[{"bases":[[[0.93341,-0.107934,-0.342194],[0.0175376,0.966268,-0.25694],[0.358384,0.233829,0.903817]],[[0.975193,-0.0732446,-0.208887],[-0.00912317,0.929568,-0.368538],[0.221168,0.361301,0.90584]],[[0.975193,-0.0732446,-0.208887],[-0.0170944,0.915932,-0.40097],[0.220695,0.394594,0.891958]],[[0.975193,-0.0732446,-0.208887],[-0.0411496,0.867234,-0.496197],[0.217498,0.492483,0.842707]]],"btipPosition":[-105.727,200.035,-34.7296],"carpPosition":[-64.1354,246.958,96.1663],"dipPosition":[-102.286,207.826,-21.398],"direction":[-0.220695,-0.394594,-0.891958],"extended":true,"handId":18,"id":181,"length":54.4514,"mcpPosition":[-88.5485,231.03,34.5983],"pipPosition":[-97.3466,216.657,-1.43598],"stabilizedTipPosition":[-107.899,203.343,-31.4567],"timeVisible":8.01353,"tipPosition":[-103.989,200.685,-31.0734],"tipVelocity":[95.3029,-54.8348,-4.07465],"tool":false,"touchDistance":-0.293451,"touchZone":"touching","type":1,"width":17.91},{"bases":[[[0.420007,0.828397,-0.370612],[-0.682357,0.557505,0.47284],[0.598317,0.0542931,0.799418]],[[0.284194,0.798252,-0.531062],[-0.904939,0.406314,0.126468],[0.316732,0.444637,0.837842]],[[0.284194,0.798252,-0.531062],[-0.952003,0.16927,-0.255024],[-0.113681,0.578049,0.808044]],[[0.284194,0.798252,-0.531062],[-0.810143,-0.0962853,-0.578271],[-0.51274,0.594577,0.619335]]],"btipPosition":[-70.7806,179.068,31.7057],"carpPosition":[-70.8412,230.752,109.362],"dipPosition":[-81.8917,191.952,45.1267],"direction":[0.113681,-0.578049,-0.808044],"extended":false,"handId":18,"id":180,"length":48.2559,"mcpPosition":[-70.8412,230.752,109.362],"pipPosition":[-85.4806,210.201,70.6366],"stabilizedTipPosition":[-78.85,183.886,35.179],"timeVisible":8.01353,"tipPosition":[-74.8338,182.136,34.5702],"tipVelocity":[79.6477,-18.6189,14.297],"tool":false,"touchDistance":0.31082,"touchZone":"hovering","type":0,"width":18.75},{"bases":[[[0.956489,-0.238484,-0.16809],[0.182953,0.939009,-0.291187],[0.227281,0.247765,0.941783]],[[0.968397,-0.223197,-0.111314],[-0.118019,-0.0168875,-0.992868],[0.219726,0.974627,-0.0426955]],[[0.968397,-0.223197,-0.111314],[-0.232313,-0.969597,-0.0768928],[-0.0907676,0.100322,-0.990806]],[[0.968397,-0.223197,-0.111314],[-0.120155,-0.808581,0.575985],[-0.218565,-0.544407,-0.809846]]],"btipPosition":[-72.0715,194.464,72.6545],"carpPosition":[-53.7757,247.137,91.4089],"dipPosition":[-75.8746,184.992,58.5631],"direction":[0.0907676,-0.100322,0.990806],"extended":false,"handId":18,"id":182,"length":62.043,"mcpPosition":[-68.4581,231.131,30.5697],"pipPosition":[-78.2645,187.633,32.4752],"stabilizedTipPosition":[-78.5758,193.396,69.8961],"timeVisible":8.01353,"tipPosition":[-73.0283,191.898,68.9195],"tipVelocity":[60.33,2.83917,2.37453],"tool":false,"touchDistance":0.333333,"touchZone":"none","type":2,"width":17.59},{"bases":[[[0.962979,-0.269527,-0.00523408],[0.257974,0.926991,-0.272282],[0.0782393,0.260852,0.962203]],[[0.965937,-0.2534,0.0524729],[0.0293836,-0.0940598,-0.995133],[0.257103,0.962778,-0.08341]],[[0.965937,-0.2534,0.0524729],[-0.252082,-0.967226,-0.0304846],[0.0584779,0.0162187,-0.998157]],[[0.965937,-0.2534,0.0524729],[-0.227598,-0.735417,0.638248],[-0.123143,-0.62845,-0.768041]]],"btipPosition":[-57.5129,200.528,75.0808],"carpPosition":[-42.9691,245.032,88.5481],"dipPosition":[-59.6433,189.656,61.7937],"direction":[-0.0584779,-0.0162187,0.998157],"extended":false,"handId":18,"id":183,"length":59.656,"mcpPosition":[-47.507,229.902,32.7403],"pipPosition":[-58.1433,190.072,36.191],"stabilizedTipPosition":[-63.7784,199.441,72.3864],"timeVisible":8.01353,"tipPosition":[-56.6637,198.215,72.1143],"tipVelocity":[62.2655,-1.9088,1.38487],"tool":false,"touchDistance":0.333333,"touchZone":"none","type":3,"width":16.738},{"bases":[[[0.909611,-0.386961,0.151227],[0.410504,0.893164,-0.183696],[-0.0639873,0.229171,0.971281]],[[0.887165,-0.344634,0.306865],[0.279811,-0.12703,-0.951614],[0.36694,0.930103,-0.0162638]],[[0.887165,-0.344634,0.306865],[-0.330712,-0.938625,-0.0980429],[0.32182,-0.0145039,-0.94669]],[[0.887165,-0.344634,0.306865],[-0.459747,-0.717254,0.523622],[0.0396421,-0.605619,-0.794767]]],"btipPosition":[-47.3095,204.57,67.7167],"carpPosition":[-32.2705,237.397,89.5032],"dipPosition":[-46.6768,194.904,55.0322],"direction":[-0.32182,0.0145039,0.94669],"extended":false,"handId":18,"id":184,"length":46.7692,"mcpPosition":[-28.835,225.093,37.3551],"pipPosition":[-40.8486,194.641,37.8876],"stabilizedTipPosition":[-53.1977,204.281,64.9389],"timeVisible":8.01353,"tipPosition":[-43.90