{"frames":76,"data":[{"currentFrameRate":113.791,"devices":[],"gestures":[],"hands":[{"armBasis":[[0.9992,0.0397454,-0.00450514],[-0.0382012,0.981591,0.187133],[0.0118599,-0.186812,0.982324]],"armWidth":58.8265,"confidence":1,"direction":[-0.103759,0.300804,-0.948025],"elbow":[41.505,14.2519,314.022],"grabAngle":3.14159,"grabStrength":1,"id":792,"palmNormal":[0.0257528,-0.952037,-0.304896],"palmPosition":[25.8251,74.5764,11.6549],"palmVelocity":[2.14664,-65.1768,-3.72147],"palmWidth":81.4094,"pinchDistance":8.01873,"pinchStrength":1,"r":[[0.843675,0.265069,0.466852],[-0.31291,0.949415,0.0264189],[-0.436233,-0.168371,0.883941]],"s":0.436997,"sphereCenter":[31.4082,46.1727,-10.9327],"sphereRadius":30.3442,"stabilizedPalmPosition":[25.6849,79.9156,15.6004],"t":[27.6523,-55.2607,-96.5337],"timeVisible":3.05245,"type":"right","wrist":[38.64,59.3802,76.7212]}],"id":1362888,"interactionBox":{"center":[0,200,0],"size":[235.247,235.247,147.751]},"pointables":[{"bases":[[[0.35681,0.932779,0.0510842],[-0.771205,0.263263,0.579599],[0.527189,-0.246203,0.813299]],[[0.203012,0.964651,-0.168034],[-0.938603,0.2406,0.247255],[0.278944,0.107522,0.954269]],[[0.203012,0.964651,-0.168034],[-0.955711,0.157864,-0.248384],[-0.213077,0.211017,0.953976]],[[0.203012,0.964651,-0.168034],[-0.622768,-0.0052233,-0.782389],[-0.75561,0.263481,0.599693]]],"btipPosition":[21.1712,36.5587,-21.3363],"carpPosition":[12.726,52.5553,60.2939],"dipPosition":[6.35483,41.7252,-9.57724],"direction":[0.213077,-0.211017,-0.953976],"extended":false,"handId":792,"id":7920,"length":43.6653,"mcpPosition":[12.726,52.5553,60.2939],"pipPosition":[0.267907,47.7532,17.6747],"stabilizedTipPosition":[9.71561,43.2028,-19.7985],"timeVisible":3.05245,"tipPosition":[9.79375,38.837,-21.8536],"tipVelocity":[171.796,-108.636,146.68],"tool":false,"touchDistance":0.215652,"touchZone":"hovering","type":0,"width":18.9482},{"bases":[[[0.962733,0.10576,-0.248918],[-0.0654049,0.984096,0.165156],[0.262427,-0.142721,0.954339]],[[0.994979,0.0768826,-0.0640809],[-0.0996454,0.700899,-0.706266],[-0.00938526,0.709105,0.705041]],[[0.994979,0.0768826,-0.0640809],[-0.00763658,-0.580073,-0.814529],[-0.0997946,0.810928,-0.576573]],[[0.994979,0.0768826,-0.0640809],[0.0175537,-0.76438,-0.644527],[-0.098535,0.640166,-0.761891]]],"btipPosition":[4.9524,30.7786,-9.71863],"carpPosition":[18.4569,72.495,55.8948],"dipPosition":[3.54186,39.9426,-20.6251],"direction":[0.0997946,-0.810928,0.576573],"extended":false,"handId":792,"id":7921,"length":49.2714,"mcpPosition":[1.1831,81.8894,-6.92286],"pipPosition":[1.52093,56.3647,-32.3013],"stabilizedTipPosition":[3.51954,41.9494,-17.2625],"timeVisible":3.05245,"tipPosition":[3.89343,35.2209,-18.7498],"tipVelocity":[27.2616,-140.263,54.2239],"tool":false,"touchDistance":0.333333,"touchZone":"none","type":1,"width":18.0993},{"bases":[[[0.986286,-0.083819,-0.142179],[0.104075,0.984437,0.141608],[0.128096,-0.154463,0.979659]],[[0.97683,-0.074406,-0.200667],[-0.163241,0.347326,-0.923427],[0.138405,0.934788,0.327132]],[[0.97683,-0.074406,-0.200667],[-0.194165,-0.702482,-0.684703],[-0.090019,0.707801,-0.700652]],[[0.97683,-0.074406,-0.200667],[-0.0756872,-0.997131,0.00129053],[-0.200187,0.0139273,-0.979659]]],"btipPosition":[20.4222,30.03,10.685],"carpPosition":[28.7111,75.2217,52.9306],"dipPosition":[17.2704,30.2493,-4.73944],"direction":[0.090019,-0.707801,0.700652],"extended":false,"handId":792,"id":7922,"length":56.1408,"mcpPosition":[20.715,84.8636,-8.22161],"pipPosition":[15.1256,47.1128,-21.4326],"stabilizedTipPosition":[16.9359,38.0889,8.53622],"timeVisible":3.05245,"tipPosition":[18.9463,30.7184,3.84149],"tipVelocity":[17.3862,-89.9625,73.9343],"tool":false,"touchDistance":0.333333,"touchZone":"none","type":2,"width":17.7759},{"bases":[[[0.983715,-0.179607,-0.00673185],[0.178306,0.970507,0.162245],[-0.0226071,-0.160804,0.986727]],[[0.983301,-0.169641,-0.0658879],[-0.016126,0.279402,-0.960039],[0.181271,0.945069,0.272001]],[[0.983301,-0.169641,-0.0658879],[-0.171989,-0.747884,-0.641162],[0.0594911,0.641787,-0.764572]],[[0.983301,-0.169641,-0.0658879],[-0.140999,-0.939053,0.313528],[-0.115059,-0.299002,-0.94729]]],"btipPosition":[34.3901,38.6301,17.8624],"carpPosition":[39.4885,75.2113,50.7705],"dipPosition":[32.5889,33.9495,3.03333],"direction":[-0.0594911,-0.641787,0.764572],"extended":false,"handId":792,"id":7923,"length":53.9809,"mcpPosition":[40.7555,84.2235,-4.5301],"pipPosition":[33.9697,48.8453,-14.7123],"stabilizedTipPosition":[32.4991,44.1575,17.1307],"timeVisible":3.05245,"tipPosition":[34.1855,39.3331,12.6353],"tipVelocity":[8.13116,-69.2448,53.7737],"tool":false,"touchDistance":0.333333,"touchZone":"none","type":3,"width":16.9149},{"bases":[[[0.931413,-0.354881,0.0808019],[0.326436,0.912712,0.245757],[-0.160963,-0.202524,0.965958]],[[0.944548,-0.324781,-0.0484363],[0.0943675,0.409757,-0.907301],[0.314521,0.852418,0.417684]],[[0.944548,-0.324781,-0.0484363],[-0.267846,-0.676687,-0.685823],[0.189966,0.660767,-0.726155]],[[0.944548,-0.324781,-0.0484363],[-0.313893,-0.93634,0.157285],[-0.0964359,-0.133359,-0.986365]]],"btipPosition":[47.7619,45.1626,13.4047],"carpPosition":[50.4493,68.8111,49.748],"dipPosition":[46.3692,43.2367,-0.840071],"direction":[-0.189966,-0.660767,0.726155],"extended":false,"handId":792,"id":7924,"length":42.32,"mcpPosition":[58.8,79.318,-0.365649],"pipPosition":[49.4822,54.0648,-12.7397],"stabilizedTipPosition":[46.5967,50.5294,12.7101],"timeVisible":3.05245,"tipPosition":[47.9738,46.287,8.2014],"tipVelocity":[8.75024,-71.5082,45.6179],"tool":false,"touchDistance":0.333333,"touchZone":"none","type":4,"width":15.0252}],"r":[[0.843675,0.265069,0.466852],[-0.31291,0.949415,0.0264189],[-0.436233,-0.168371,0.883941]],"s":0.436997,"t":[27.6523,-55.2607,-96.5337],"timestamp":747343424584},{"currentFrameRate":113.872,"devices":[],"gestures":[],"hands":[{"armBasis":[[0.999037,0.0438145,-0.00231584],[-0.0426837,0.982762,0.179879],[0.0101572,-0.179607,0.983686]],"armWidth":58.8265,"confidence":1,"direction":[-0.0977436,0.291842,-0.951459],"elbow":[40.8414,16.2135,314.557],"grabAngle":3.14159,"grabStrength":1,"id":792,"palmNormal":[0.0311953,-0.954669,-0.296032],"palmPosition":[25.9564,74.1795,11.6398],"palmVelocity":[15.1815,-45.9115,-1.75073],"palmWidth":81.4094,"pinchDistance":8.71832,"pinchStrength":1,"r":[[0.842226,0.26995,0.466671],[-0.314192,0.949189,0.0179741],[-0.438107,-0.161763,0.884248]],"s":0.425488,"sphereCenter":[31.5591,45.6189,-10.575],"sphereRadius":30.1932,"stabilizedPalmPosition":[25.6949,79.7053,15.4552],"t":[27.6954,-55.7314,-96.5819],"timeVisible":3.0611,"type":"right","wrist":[38.3877,59.6014,76.9276]}],"id":1362889,"interactionBox":{"center":[0,200,0],"size":[235.247,235.247,147.751]},"pointables":[{"bases":[[[0.353299,0.934416,0.0452327],[-0.776352,0.265871,0.571481],[0.521975,-0.23702,0.819368]],[[0.202247,0.963817,-0.173648],[-0.940831,0.240447,0.238794],[0.271907,0.115078,0.955418]],[[0.202247,0.963817,-0.173648],[-0.948156,0.148321,-0.281073],[-0.245147,0.221491,0.943846]],[[0.202247,0.963817,-0.173648],[-0.605948,-0.0161417,-0.79534],[-0.769365,0.266077,0.580758]]],"btipPosition":[22.5166,35.8715,-20.6419],"carpPosition":[12.5713,52.5557,60.379],"dipPosition":[7.43053,41.0888,-9.25405],"direction":[0.245147,-0.221491,-0.943846],"extended":false,"handId":792,"id":7920,"length":43.6653,"mcpPosition":[12.5713,52.5557,60.379],"pipPosition":[0.427471,47.4161,17.7085],"stabilizedTipPosition":[10.3447,42.7894,-19.6788],"timeVisible":3.0611,"tipPosition":[10.7743,38.0277,-21.4598],"tipVelocity":[148.471,-78.1496,70.4623],"tool":false,"touchDistance":0.231424,"touchZone":"hovering","type":0,"width":18.9482},{"bases":[[[0.96419,0.106785,-0.242765],[-0.0699189,0.985324,0.155717],[0.25583,-0.133167,0.957506]],[[0.995917,0.0778828,-0.0456359],[-0.0868852,0.689955,-0.718618],[-0.0244812,0.71965,0.693906]],[[0.995917,0.0778828,-0.0456359],[0.00809102,-0.580543,-0.814189],[-0.0899049,0.810496,-0.578803]],[[0.995917,0.0778828,-0.0456359],[0.0303449,-0.764992,-0.643324],[-0.085015,0.639313,-0.764233]]],"btipPosition":[5.34707,29.7702,-9.50114],"carpPosition":[18.2678,72.4742,55.8412],"dipPosition":[4.13008,38.922,-20.4412],"direction":[0.0899049,-0.810496,0.578803],"extended":false,"handId":792,"id":7921,"length":49.2714,"mcpPosition":[1.4282,81.2397,-7.18486],"pipPosition":[2.30942,55.3354,-32.1625],"stabilizedTipPosition":[3.554,41.7251,-17.1457],"timeVisible":3.0611,"tipPosition":[4.3968,34.42,-18.4271],"tipVelocity":[50.8089,-116.978,24.2688],"tool":false,"touchDistance":0.333333,"touchZone":"none","type":1,"width":18.0993},{"bases":[[[0.987586,-0.081737,-0.134136],[0.0997291,0.986029,0.133417],[0.121357,-0.145138,0.981941]],[[0.978532,-0.0728868,-0.192775],[-0.158035,0.335025,-0.928861],[0.132286,0.939386,0.316314]],[[0.978532,-0.0728868,-0.192775],[-0.187281,-0.704916,-0.68412],[-0.0860271,0.705536,-0.703433]],[[0.978532,-0.0728868,-0.192775],[-0.07218,-0.997334,0.010697],[-0.193041,0.00344719,-0.981185]]],"btipPosition":[20.7059,29.4684,11.0672],"carpPosition":[28.5345,75.2088,52.928],"dipPosition":[17.6665,29.5226,-4.38127],"direction":[0.0860271,-0.705536,0.703433],"extended":false,"handId":792,"id":7922,"length":56.1408,"mcpPosition":[20.9592,84.2686,-8.36656],"pipPosition":[15.6169,46.3322,-21.1407],"stabilizedTipPosition":[16.9787,37.9689,8.52197],"timeVisible":3.0611,"tipPosition":[19.2893,30.222,4.20712],"tipVelocity":[35.8037,-69.3677,43.5761],"tool":false,"touchDistance":0.333333,"touchZone":"none","type":2,"width":17.7759},{"bases":[[[0.984334,-0.176301,0.00215364],[0.173851,0.972541,0.154727],[-0.0293731,-0.151929,0.987955]],[[0.984324,-0.166874,-0.057092],[-0.00967681,0.272119,-0.962215],[0.176104,0.947684,0.266239]],[[0.984324,-0.166874,-0.057092],[-0.16442,-0.751096,-0.639391],[0.0638161,0.638755,-0.766759]],[[0.984324,-0.166874,-0.057092],[-0.140336,-0.937118,0.319555],[-0.106827,-0.306534,-0.945846]]],"btipPosition":[34.5725,38.2275,18.1147],"carpPosition":[39.3276,75.2156,50.8476],"dipPosition":[32.9002,33.429,3.30817],"direction":[-0.0638161,-0.638755,0.766759],"extended":false,"handId":792,"id":7923,"length":53.9809,"mcpPosition":[40.9738,83.7304,-4.52174],"pipPosition":[34.3814,48.2544,-14.4882],"stabilizedTipPosition":[32.5249,44.0504,17.0938],"timeVisible":3.0611,"tipPosition":[34.4248,38.9566,13.0194],"tipVelocity":[24.5359,-49.716,29.7807],"tool":false,"touchDistance":0.333333,"touchZone":"none","type":3,"width":16.9149},{"bases":[[[0.931972,-0.350953,0.090889],[0.321551,0.916011,0.23985],[-0.167431,-0.194308,0.966546]],[[0.945981,-0.321873,-0.0389523],[0.100446,0.405178,-0.908703],[0.308269,0.855704,0.415622]],[[0.945981,-0.321873,-0.0389523],[-0.259401,-0.679301,-0.686485],[0.1945,0.659506,-0.7261]],[[0.945981,-0.321873,-0.0389523],[-0.312227,-0.936763,0.158081],[-0.0873711,-0.13738,-0.986657]]],"btipPosition":[47.9452,44.7505,13.6548],"carpPosition":[50.317,68.8439,49.9642],"dipPosition":[46.6834,42.7665,-0.594189],"direction":[-0.1945,-0.659506,0.7261],"extended":false,"handId":792,"id":7924,"length":42.32,"mcpPosition":[59.0033,78.9245,-0.17995],"pipPosition":[49.8707,53.574,-12.4929],"stabilizedTipPosition":[46.6118,50.4404,12.6768],"timeVisible":3.0611,"tipPosition":[48.2174,45.9151,8.62922],"tipVelocity":[24.6826,-49.2168,28.822],"tool":false,"touchDistance":0.333333,"touchZone":"none","type":4,"width":15.0252}],"r":[[0.842226,0.26995,0.466671],[-0.314192,0.949189,0.0179741],[-0.438107,-0.161763,0.884248]],"s":0.425488,"t":[27.6954,-55.7314,-96.5819],"timestamp":747343433228},{"currentFrameRate":113.564,"devices":[],"gestures":[],"hands":[{"armBasis":[[0.998821,0.0484164,0.00342969],[-0.0482525,0.98282,0.178145],[0.0052544,-0.178101,0.983998]],"armWidth":58.8265,"confidence":1,"direction":[-0.0936866,0.288385,-0.95292],"elbow":[39.5122,16.6137,314.741],"grabAngle":3.14159,"grabStrength":1,"id":792,"palmNormal":[0.0374419,-0.955432,-0.292827],"palmPosition":[26.1174,73.9669,11.6364],"palmVelocity":[17.2484,-22.7784,-0.369116],"palmWidth":81.4094,"pinchDistance":9.31806,"pinchStrength":1,"r":[[0.840267,0.274951,0.467283],[-0.316125,0.948662,0.0102582],[-0.440473,-0.156339,0.884048]],"s":0.415903,"sphereCenter":[31.7705,45.3868,-10.3926],"sphereRadius":30.0679,"stabilizedPalmPosition":[25.7131,79.4578,15.2905],"t":[27.7974,-56.0731,-96.6077],"timeVisible":3.07043,"type":"right","wrist":[38.2429,59.6377,77.0362]}],"id":1362890,"interactionBox":{"center":[0,200,0],"size":[235.247,235.247,147.751]},"pointables":[{"bases":[[[0.348574,0.936234,0.0442923],[-0.780869,0.263943,0.566195],[0.518401,-0.231947,0.82308]],[[0.199383,0.964255,-0.174527],[-0.943237,0.237126,0.23254],[0.265612,0.118255,0.9568]],[[0.199383,0.964255,-0.174527],[-0.941655,0.139249,-0.306424],[-0.271168,0.22544,0.935759]],[[0.199383,0.964255,-0.174527],[-0.593264,-0.0229724,-0.80468],[-0.779926,0.26398,0.567477]]],"btipPosition":[23.7337,35.5344,-20.2246],"carpPosition":[12.5568,52.4322,60.3666],"dipPosition":[8.4405,40.7107,-9.09724],"direction":[0.271168,-0.22544,-0.935759],"extended":false,"handId":792,"id":7920,"length":43.6653,"mcpPosition":[12.5568,52.4322,60.3666],"pipPosition":[0.694115,47.1507,17.6343],"stabilizedTipPosition":[11.148,42.2959,-19.515],"timeVisible":3.07043,"tipPosition":[11.705,37.5975,-21.2627],"tipVelocity":[125.287,-37.1243,38.2847],"tool":false,"touchDistance":0.239773,"touchZone":"hovering","type":0,"width":18.9482},{"bases":[[[0.965043,0.110637,-0.237593],[-0.0755074,0.985462,0.152198],[0.250978,-0.128937,0.959367]],[[0.996247,0.0810331,-0.0304277],[-0.0777354,0.682987,-0.726283],[-0.0380712,0.725922,0.686723]],[[0.996247,0.0810331,-0.0304277],[0.0219163,-0.576226,-0.816997],[-0.083737,0.813263,-0.575839]],[[0.996247,0.0810331,-0.0304277],[0.0420764,-0.760578,-0.647881],[-0.0756425,0.64417,-0.761133]]],"btipPosition":[5.81294,29.0297,-9.51238],"carpPosition":[18.1841,72.3634,55.7984],"dipPosition":[4.73011,38.251,-20.408],"direction":[0.083737,-0.813263,0.575839],"extended":false,"handId":792,"id":7921,"length":49.2714,"mcpPosition":[1.66396,80.8505,-7.35028],"pipPosition":[3.03436,54.7204,-32.0693],"stabilizedTipPosition":[3.61502,41.404,-16.99],"timeVisible":3.07043,"tipPosition":[4.93432,33.9474,-18.2858],"tipVelocity":[53.2166,-77.6235,-0.110618],"tool":false,"touchDistance":0.333333,"touchZone":"none","type":1,"width":18.0993},{"bases":[[[0.988716,-0.0774287,-0.128236],[0.0942602,0.986909,0.130864],[0.116425,-0.141475,0.983072]],[[0.979956,-0.068806,-0.186954],[-0.154801,0.327682,-0.93202],[0.12539,0.942279,0.310463]],[[0.979956,-0.068806,-0.186954],[-0.180478,-0.703963,-0.686924],[-0.0843444,0.706896,-0.70227]],[[0.979956,-0.068806,-0.186954],[-0.0674355,-0.99763,0.0136879],[-0.187453,-0.000806221,-0.982273]]],"btipPosition":[21.0838,29.0866,11.2295],"carpPosition":[28.4541,75.138,52.9352],"dipPosition":[18.1324,29.0739,-4.23612],"direction":[0.0843444,-0.706896,0.70227],"extended":false,"handId":792,"id":7922,"length":56.1408,"mcpPosition":[21.1867,83.9692,-8.43003],"pipPosition":[16.1229,45.9159,-20.9679],"stabilizedTipPosition":[17.0376,37.8163,8.50737],"timeVisible":3.07043,"tipPosition":[19.7098,29.9461,4.339],"tipVelocity":[42.661,-42.5488,16.9641],"tool":false,"touchDistance":0.333333,"touchZone":"none","type":2,"width":17.7759},{"bases":[[[0.985135,-0.17158,0.00833089],[0.168322,0.973842,0.152639],[-0.0343028,-0.148968,0.988247]],[[0.985419,-0.162338,-0.0509433],[-0.0051599,0.270762,-0.962632],[0.170066,0.948859,0.265977]],[[0.985419,-0.162338,-0.0509433],[-0.156956,-0.751753,-0.640494],[0.0656798,0.639151,-0.766272]],[[0.985419,-0.162338,-0.0509433],[-0.13792,-0.937475,0.31956],[-0.0996349,-0.307874,-0.946196]]],"btipPosition":[34.8503,38.0037,18.171],"carpPosition":[39.2588,75.19,50.9164],"dipPosition":[33.2906,33.1842,3.35907],"direction":[-0.0656798,-0.639151,0.766272],"extended":false,"handId":792,"id":7923,"length":53.9809,"mcpPosition":[41.1813,83.5388,-4.46932],"pipPosition":[34.815,48.0188,-14.426],"stabilizedTipPosition":[32.5599,43.923,17.0524],"timeVisible":3.07043,"tipPosition":[34.7435,38.7737,13.1889],"tipVelocity":[32.5312,-24.4938,5.90541],"tool":false,"touchDistance":0.333333,"touchZone":"none","type":3,"width":16.9149},{"bases":[[[0.933099,-0.3462,0.097318],[0.315801,0.918288,0.238783],[-0.172033,-0.192075,0.966184]],[[0.947735,-0.317349,-0.0329921],[0.104461,0.406334,-0.907734],[0.301474,0.856844,0.418248]],[[0.947735,-0.317349,-0.0329921],[-0.25137,-0.678983,-0.689779],[0.1965,0.662021,-0.723268]],[[0.947735,-0.317349,-0.0329921],[-0.309052,-0.938782,0.152234],[-0.0792837,-0.134081,-0.987794]]],"btipPosition":[48.202,44.5363,13.7175],"carpPosition":[50.2834,68.8682,50.1159],"dipPosition":[47.057,42.6,-0.547932],"direction":[-0.1965,-0.662021,0.723268],"extended":false,"handId":792,"id":7924,"length":42.32,"mcpPosition":[59.2084,78.833,-0.00949407],"pipPosition":[50.2771,53.4486,-12.4003],"stabilizedTipPosition":[46.6341,50.3341,12.6393],"timeVisible":3.07043,"tipPosition":[48.5227,45.7795,8.86152],"tipVelocity":[30.3963,-21.7753,6.30927],"tool":false,"touchDistance":0.333333,"touchZone":"none","type":4,"width":15.0252}],"r":[[0.840267,0.274951,0.467283],[-0.316125,0.948662,0.0102582],[-0.440473,-0.156339,0.884048]],"s":0.415903,"t":[27.7974,-56.0731,-96.6077],"timestamp":747343442562},{"currentFrameRate":114.016,"devices":[],"gestures":[],"hands":[{"armBasis":[[0.998536,0.0530961,0.0103751],[-0.0540979,0.981764,0.182243],[-0.000509506,-0.182537,0.983199]],"armWidth":58.8265,"confidence":1,"direction":[-0.0914206,0.291091,-0.952317],"elbow":[38.0302,15.3196,314.542],"grabAngle":3.14159,"grabStrength":1,"id":792,"palmNormal":[0.0436866,-0.954229,-0.295869],"palmPosition":[26.2394,73.9114,11.6319],"palmVelocity":[15.2666,-6.93698,-0.560108],"palmWidth":81.4094,"pinchDistance":9.70952,"pinchStrength":1,"r":[[0.83802,0.279531,0.468598],[-0.318665,0.947857,0.00446574],[-0.442916,-0.153068,0.8834]],"s":0.408335,"sphereCenter":[31.9832,45.4574,-10.4196],"sphereRadius":29.9858,"stabilizedPalmPosition":[25.7335,79.2433,15.149],"t":[27.9095,-56.2716,-96.6229],"timeVisible":3.07843,"type":"right","wrist":[38.1533,59.4153,77.0299]}],"id":1362891,"interactionBox":{"center":[0,200,0],"size":[235.247,235.247,147.751]},"pointables":[{"bases":[[[0.343413,0.937915,0.0488191],[-0.784511,0.257891,0.563945],[0.516343,-0.231965,0.824368]],[[0.195411,0.965899,-0.169865],[-0.945384,0.231598,0.22937],[0.260889,0.115766,0.958402]],[[0.195411,0.965899,-0.169865],[-0.93729,0.132962,-0.322192],[-0.288619,0.222173,0.93131]],[[0.195411,0.965899,-0.169865],[-0.584305,-0.0244422,-0.811166],[-0.787656,0.257764,0.559603]]],"btipPosition":[24.6374,35.5698,-20.1462],"carpPosition":[12.5994,52.1412,60.2351],"dipPosition":[9.19264,40.6242,-9.17318],"direction":[0.288619,-0.222173,-0.93131],"extended":false,"handId":792,"id":7920,"length":43.6653,"mcpPosition":[12.5994,52.1412,60.2351],"pipPosition":[0.947731,46.9709,17.4313],"stabilizedTipPosition":[11.9084,41.8702,-19.3701],"timeVisible":3.07843,"tipPosition":[12.4244,37.5513,-21.3294],"tipVelocity":[108.674,0.920626,5.3698],"tool":false,"touchDistance":0.241282,"touchZone":"hovering","type":0,"width":18.9482},{"bases":[[[0.965381,0.116552,-0.233357],[-0.0813506,0.984529,0.15519],[0.247835,-0.130834,0.959927]],[[0.996081,0.0857308,-0.0217327],[-0.074455,0.680214,-0.729222],[-0.0477339,0.727983,0.683932]],[[0.996081,0.0857308,-0.0217327],[0.0311037,-0.569594,-0.821338],[-0.0827927,0.817443,-0.570028]],[[0.996081,0.0857308,-0.0217327],[0.050467,-0.75275,-0.656369],[-0.0726303,0.6527,-0.754127]]],"btipPosition":[6.26017,28.6274,-9.70895],"carpPosition":[18.1389,72.1172,55.7562],"dipPosition":[5.22046,37.9709,-20.5043],"direction":[0.0827927,-0.817443,0.570028],"extended":false,"handId":792,"id":7921,"length":49.2714,"mcpPosition":[1.82561,80.7291,-7.42933],"pipPosition":[3.54383,54.5249,-32.0479],"stabilizedTipPosition":[3.68513,41.0943,-16.8502],"timeVisible":3.07843,"tipPosition":[5.401,33.8212,-18.3866],"tipVelocity":[57.1792,-46.802,-21.7019],"tool":false,"touchDistance":0.333333,"touchZone":"none","type":1,"width":18.0993},{"bases":[[[0.989617,-0.0717529,-0.124536],[0.0884906,0.986949,0.134542],[0.113257,-0.144165,0.983051]],[[0.981045,-0.0629791,-0.18326],[-0.15345,0.325042,-0.933167],[0.118337,0.9436,0.309217]],[[0.981045,-0.0629791,-0.18326],[-0.174195,-0.700921,-0.69164],[-0.0848918,0.710453,-0.698606]],[[0.981045,-0.0629791,-0.18326],[-0.0615182,-0.998013,0.0136515],[-0.183755,-0.00211891,-0.98297]]],"btipPosition":[21.4724,28.955,11.213],"carpPosition":[28.4054,74.9559,52.9434],"dipPosition":[18.5792,28.9216,-4.2636],"direction":[0.0848918,-0.710453,0.698606],"extended":false,"handId":792,"id":7922,"length":56.1408,"mcpPosition":[21.3356,83.9549,-8.42051],"pipPosition":[16.5567,45.8483,-20.908],"stabilizedTipPosition":[17.0997,37.6702,8.4933],"timeVisible":3.07843,"tipPosition":[20.1032,29.8714,4.20147],"tipVelocity":[50.2801,-17.0615,-2.38101],"tool":false,"touchDistance":0.333333,"touchZone":"none","type":2,"width":17.7759},{"bases":[[[0.985992,-0.166381,0.0116995],[0.162533,0.974202,0.156569],[-0.0374478,-0.152474,0.987598]],[[0.986463,-0.156938,-0.0475419],[-0.00258948,0.274978,-0.961447],[0.163961,0.948556,0.270849]],[[0.986463,-0.156938,-0.0475419],[-0.150386,-0.750237,-0.643839],[0.0653754,0.642273,-0.763682]],[[0.986463,-0.156938,-0.0475419],[-0.134312,-0.939606,0.314804],[-0.0940755,-0.304157,-0.947965]]],"btipPosition":[35.1338,37.9629,18.0443],"carpPosition":[39.2176,75.0719,50.9681],"dipPosition":[33.6612,33.2015,3.20464],"direction":[-0.0653754,-0.642273,0.763682],"extended":false,"handId":792,"id":7923,"length":53.9809,"mcpPosition":[41.3163,83.6173,-4.38127],"pipPosition":[35.1785,48.1086,-14.5204],"stabilizedTipPosition":[32.5942,43.8148,17.0152],"timeVisible":3.07843,"tipPosition":[35.0456,38.7546,13.1051],"tipVelocity":[37.9722,-3.43352,-16.6484],"tool":false,"touchDistance":0.333333,"touchZone":"none","type":3,"width":16.9149},{"bases":[[[0.934531,-0.341574,0.0998929],[0.309961,0.91914,0.243116],[-0.174857,-0.196236,0.96484]],[[0.949547,-0.312132,-0.0305612],[0.10639,0.412246,-0.904839],[0.295028,0.855936,0.424655]],[[0.949547,-0.312132,-0.0305612],[-0.244771,-0.676631,-0.694447],[0.196081,0.666891,-0.718894]],[[0.949547,-0.312132,-0.0305612],[-0.304952,-0.941652,0.142461],[-0.0732448,-0.125954,-0.989328]]],"btipPosition":[48.4545,44.5252,13.6226],"carpPosition":[50.2787,68.8114,50.1906],"dipPosition":[47.3967,42.7062,-0.665027],"direction":[-0.196081,-0.666891,0.718894],"extended":false,"handId":792,"id":7924,"length":42.32,"mcpPosition":[59.3503,78.9921,0.134905],"pipPosition":[50.6099,53.6346,-12.4457],"stabilizedTipPosition":[46.6572,50.2426,12.6055],"timeVisible":3.07843,"tipPosition":[48.8013,45.8415,8.862],"tipVelocity":[34.0897,1.98021,-12.5113],"tool":false,"touchDistance":0.333333,"touchZone":"none","type":4,"width":15.0252}],"r":[[0.83802,0.279531,0.468598],[-0.318665,0.947857,0.00446574],[-0.442916,-0.153068,0.8834]],"s":0.408335,"t":[27.9095,-56.2716,-96.6229],"timestamp":747343450557},{"currentFrameRate":114.003,"devices":[],"gestures":[],"hands":[{"armBasis":[[0.998473,0.0523419,0.0176703],[-0.0547636,0.979884,0.191905],[-0.00727022,-0.192579,0.981254]],"armWidth":58.8265,"confidence":1,"direction":[-0.0875843,0.29388,-0.951821],"elbow":[36.2036,12.6273,314.016],"grabAngle":3.14159,"grabStrength":1,"id":792,"palmNormal":[0.0453961,-0.953323,-0.298521],"palmPosition":[26.3389,73.9021,11.5855],"palmVelocity":[11.3178,-1.06307,-5.27149],"palmWidth":81.4094,"pinchDistance":10.0882,"pinchStrength":1,"r":[[0.835791,0.282998,0.470494],[-0.320777,0.947155,0.00012596],[-0.445595,-0.151029,0.882403]],"s":0.402203,"sphereCenter":[32.0527,45.5245,-10.4834],"sphereRadius":29.9158,"stabilizedPalmPosition":[25.7582,79.0251,15.0034],"t":[28.0153,-56.3756,-96.6536],"timeVisible":3.08722,"type":"right","wrist":[37.9599,59.1488,76.9735]}],"id":1362892,"interactionBox":{"center":[0,200,0],"size":[235.247,235.247,147.751]},"pointables":[{"bases":[[[0.34274,0.937931,0.0530439],[-0.786989,0.255832,0.561425],[0.513008,-0.234168,0.825826]],[[0.196736,0.966532,-0.164654],[-0.946235,0.231154,0.226292],[0.256779,0.111282,0.960042]],[[0.196736,0.966532,-0.164654],[-0.932584,0.132637,-0.335701],[-0.302627,0.219598,0.927466]],[[0.196736,0.966532,-0.164654],[-0.573186,-0.0228685,-0.819106],[-0.795458,0.255525,0.549504]]],"btipPosition":[25.2814,35.727,-20.0803],"carpPosition":[12.5068,51.9807,60.0663],"dipPosition":[9.68367,40.7375,-9.30539],"direction":[0.302627,-0.219598,-0.927466],"extended":false,"handId":792,"id":7920,"length":43.6653,"mcpPosition":[12.5068,51.9807,60.0663],"pipPosition":[1.03861,47.0107,17.1893],"stabilizedTipPosition":[12.7675,41.4321,-19.2149],"timeVisible":3.08722,"tipPosition":[12.9275,37.6128,-21.433],"tipVelocity":[69.2396,16.7293,2.30717],"tool":false,"touchDistance":0.24162,"touchZone":"hovering","type":0,"width":18.9482},{"bases":[[[0.96629,0.117713,-0.228972],[-0.0824869,0.984024,0.157777],[0.243886,-0.133571,0.960562]],[[0.996201,0.0858512,-0.0146166],[-0.0691341,0.677556,-0.732215],[-0.052958,0.730444,0.680917]],[[0.996201,0.0858512,-0.0146166],[0.0364417,-0.563389,-0.825388],[-0.0790954,0.821719,-0.564377]],[[0.996201,0.0858512,-0.0146166],[0.0545274,-0.745769,-0.663969],[-0.0679032,0.66065,-0.747617]]],"btipPosition":[6.48168,28.374,-9.93594],"carpPosition":[18.055,71.9726,55.67],"dipPosition":[5.50965,37.8312,-20.6381],"direction":[0.0790954,-0.821719,0.564377],"extended":false,"handId":792,"id":7921,"length":49.2714,"mcpPosition":[2.00163,80.7647,-7.55722],"pipPosition":[3.90789,54.4718,-32.0673],"stabilizedTipPosition":[3.76568,40.7642,-16.7108],"timeVisible":3.08722,"tipPosition":[5.65743,33.8292,-18.5228],"tipVelocity":[26.9619,-25.8449,-23.3772],"tool":false,"touchDistance":0.333333,"touchZone":"none","type":1,"width":18.0993},{"bases":[[[0.990165,-0.0709033,-0.120611],[0.0874379,0.986587,0.137845],[0.109219,-0.147036,0.983083]],[[0.981834,-0.0619589,-0.179343],[-0.150272,0.323178,-0.934331],[0.11585,0.944308,0.307996]],[[0.981834,-0.0619589,-0.179343],[-0.171107,-0.69763,-0.695726],[-0.082009,0.713774,-0.695558]],[[0.981834,-0.0619589,-0.179343],[-0.0604818,-0.998075,0.0136974],[-0.179847,-0.00260159,-0.983691]]],"btipPosition":[21.621,28.9028,11.1643],"carpPosition":[28.3317,74.8246,52.9087],"dipPosition":[18.7894,28.8618,-4.32363],"direction":[0.082009,-0.713774,0.695558],"extended":false,"handId":792,"id":7922,"length":56.1408,"mcpPosition":[21.514,84.0029,-8.45722],"pipPosition":[16.8355,45.8676,-20.8954],"stabilizedTipPosition":[17.1712,37.5079,8.47683],"timeVisible":3.08722,"tipPosition":[20.2633,29.8708,4.03719],"tipVelocity":[18.5101,-6.13275,-5.83209],"tool":false,"touchDistance":0.333333,"touchZone":"none","type":2,"width":17.7759},{"bases":[[[0.986017,-0.165938,0.0153266],[0.161394,0.97381,0.160144],[-0.0414992,-0.155431,0.986975]],[[0.986731,-0.156319,-0.0438839],[0.00146834,0.278865,-0.960329],[0.162355,0.947522,0.275394]],[[0.986731,-0.156319,-0.0438839],[-0.147286,-0.748055,-0.647086],[0.0683243,0.644963,-0.761153]],[[0.986731,-0.156319,-0.0438839],[-0.135279,-0.940999,0.310194],[-0.0897841,-0.300142,-0.94966]]],"btipPosition":[35.2198,37.9218,17.8878],"carpPosition":[39.152,74.9518,50.9789],"dipPosition":[33.8143,33.2233,3.02155],"direction":[-0.0683243,-0.644963,0.761153],"extended":false,"handId":792,"id":7923,"length":53.9809,"mcpPosition":[41.4778,83.6628,-4.33551],"pipPosition":[35.4001,48.1929,-14.6447],"stabilizedTipPosition":[32.6243,43.7234,16.9819],"timeVisible":3.08722,"tipPosition":[35.1556,38.7397,12.9953],"tipVelocity":[11.5343,-3.02511,-18.4992],"tool":false,"touchDistance":0.333333,"touchZone":"none","type":3,"width":16.9149},{"bases":[[[0.934275,-0.341417,0.102783],[0.308487,0.918562,0.247142],[-0.178791,-0.199192,0.963513]],[[0.949837,-0.311508,-0.0278075],[0.110414,0.417197,-0.902084],[0.292607,0.853762,0.430664]],[[0.949837,-0.311508,-0.0278075],[-0.241177,-0.672965,-0.699251],[0.199109,0.67088,-0.714336]],[[0.949837,-0.311508,-0.0278075],[-0.305312,-0.942857,0.133437],[-0.067785,-0.118253,-0.990667]]],"btipPosition":[48.5425,44.4538,13.4965],"carpPosition":[50.2194,68.6989,50.229],"dipPosition":[47.5636,42.7461,-0.810414],"direction":[-0.199109,-0.67088,0.714336],"extended":false,"handId":792,"id":7924,"length":42.32,"mcpPosition":[59.495,79.033,0.242243],"pipPosition":[50.8264,53.7399,-12.5164],"stabilizedTipPosition":[46.6795,50.1597,12.5733],"timeVisible":3.08722,"tipPosition":[48.922,45.8393,8.83583],"tipVelocity":[12.0694,-5.2012,-14.8414],"tool":false,"touchDistance":0.333333,"touchZone":"none","type":4,"width":15.0252}],"r":[[0.835791,0.282998,0.470494],[-0.320777,0.947155,0.00012596],[-0.445595,-0.151029,0.882403]],"s":0.402203,"t":[28.0153,-56.3756,-96.6536],"timestamp":747343459350},{"currentFrameRate":114.12,"devices":[],"gestures":[],"hands":[{"armBasis":[[0.998441,0.0503107,0.0241636],[-0.0541766,0.97769,0.202945],[-0.0134142,-0.203938,0.978892]],"armWidth":58.8265,"confidence":1,"direction":[-0.0881116,0.293787,-0.951801],"elbow":[34.7067,9.73753,313.369],"grabAngle":3.14159,"grabStrength":1,"id":792,"palmNormal":[0.0456912,-0.95332,-0.298485],"palmPosition":[26.3567,73.8573,11.5392],"palmVelocity":[2.07741,-5.23221,-5.41092],"palmWidth":81.4094,"pinchDistance":10.4047,"pinchStrength":1,"r":[[0.834012,0.285853,0.471924],[-0.322539,0.94655,-0.00333371],[-0.447652,-0.149433,0.881633]],"s":0.397165,"sphereCenter":[31.9674,45.48,-10.4948],"sphereRadius":29.8605,"stabilizedPalmPosition":[25.7785,78.8499,14.8859],"t":[28.077,-56.45,-96.6922],"timeVisible":3.09578,"type":"right","wrist":[37.9471,59.0029,76.8977]}],"id":1362893,"interactionBox":{"center":[0,200,0],"size":[235.247,235.247,147.751]},"pointables":[{"bases":[[[0.34235,0.938085,0.0528469],[-0.786867,0.255518,0.561739],[0.513456,-0.233895,0.825625]],[[0.197536,0.96665,-0.162996],[-0.945984,0.231574,0.226909],[0.257087,0.109369,0.960179]],[[0.197536,0.96665,-0.162996],[-0.930368,0.132478,-0.341855],[-0.308861,0.219175,0.925509]],[[0.197536,0.96665,-0.162996],[-0.565071,-0.0235888,-0.824705],[-0.801046,0.255013,0.541566]]],"btipPosition":[25.603,35.7864,-19.9142],"carpPosition":[12.5545,51.9326,60.027],"dipPosition":[9.89568,40.7869,-9.29491],"direction":[0.308861,-0.219175,-0.925509],"extended":false,"handId":792,"id":7920,"length":43.6653,"mcpPosition":[12.5545,51.9326,60.027],"pipPosition":[1.07254,47.048,17.1439],"stabilizedTipPosition":[13.5245,41.0631,-19.0718],"timeVisible":3.09578,"tipPosition":[13.1482,37.5464,-21.3829],"tipVelocity":[34.612,6.67046,15.2202],"tool":false,"touchDistance":0.243792,"touchZone":"hovering","type":0,"width":18.9482},{"bases":[[[0.966142,0.118126,-0.229382],[-0.0828543,0.983996,0.157755],[0.244346,-0.133408,0.960467]],[[0.996207,0.0860017,-0.0132187],[-0.0678405,0.672569,-0.736918],[-0.0544857,0.73502,0.675853]],[[0.996207,0.0860017,-0.0132187],[0.0373655,-0.560036,-0.827626],[-0.0785802,0.823993,-0.561125]],[[0.996207,0.0860017,-0.0132187],[0.0550626,-0.740732,-0.66954],[-0.0673731,0.666273,-0.742658]]],"btipPosition":[6.52542,28.0261,-9.92706],"carpPosition":[18.0921,71.9267,55.6273],"dipPosition":[5.56097,37.5638,-20.5582],"direction":[0.0785802,-0.823993,0.561125],"extended":false,"handId":792,"id":7921,"length":49.2714,"mcpPosition":[2.0084,80.7081,-7.59377],"pipPosition":[3.96965,54.2505,-31.9216],"stabilizedTipPosition":[3.85116,40.4091,-16.5647],"timeVisible":3.09578,"tipPosition":[5.69176,33.7081,-18.4444],"tipVelocity":[5.31162,-38.4643,2.94362],"tool":false,"touchDistance":0.333333,"touchZone":"none","type":1,"width":18.0993},{"bases":[[[0.990145,-0.0704742,-0.121021],[0.087061,0.986633,0.137752],[0.109695,-0.146931,0.983045]],[[0.981786,-0.0615368,-0.17975],[-0.151293,0.319057,-0.935582],[0.114923,0.945736,0.303936]],[[0.981786,-0.0615368,-0.17975],[-0.171227,-0.696562,-0.696766],[-0.0823306,0.714852,-0.694412]],[[0.981786,-0.0615368,-0.17975],[-0.0593058,-0.998082,0.0177642],[-0.180499,-0.00678041,-0.983552]]],"btipPosition":[21.6813,28.8371,11.2539],"carpPosition":[28.3664,74.7831,52.8614],"dipPosition":[18.8394,28.7304,-4.23185],"direction":[0.0823306,-0.714853,0.694412],"extended":false,"handId":792,"id":7922,"length":56.1408,"mcpPosition":[21.519,83.9548,-8.50212],"pipPosition":[16.8779,45.7619,-20.7764],"stabilizedTipPosition":[17.2317,37.3715,8.46452],"timeVisible":3.09578,"tipPosition":[20.304,29.8138,4.02948],"tipVelocity":[6.76735,-9.43337,10.5207],"tool":false,"touchDistance":0.333333,"touchZone":"none","type":2,"width":17.7759},{"bases":[[[0.986096,-0.165503,0.0149239],[0.161032,0.97389,0.160021],[-0.0410182,-0.155393,0.987001]],[[0.986782,-0.155887,-0.0442875],[0.00112529,0.27987,-0.960037],[0.162052,0.947297,0.276346]],[[0.986782,-0.155887,-0.0442875],[-0.147173,-0.747642,-0.647589],[0.0678395,0.645547,-0.760702]],[[0.986782,-0.155887,-0.0442875],[-0.134842,-0.941401,0.309164],[-0.089887,-0.299106,-0.949977]]],"btipPosition":[35.2509,37.8614,17.7934],"carpPosition":[39.1858,74.9149,50.9272],"dipPosition":[33.8438,33.1792,2.92224],"direction":[-0.0678395,-0.645547,0.760702],"extended":false,"handId":792,"id":7923,"length":53.9809,"mcpPosition":[41.4846,83.6238,-4.38873],"pipPosition":[35.4183,48.1622,-14.7336],"stabilizedTipPosition":[32.6476,43.6532,16.9554],"timeVisible":3.09578,"tipPosition":[35.1886,38.6924,12.952],"tipVelocity":[3.58286,-6.61603,-11.1517],"tool":false,"touchDistance":0.333333,"touchZone":"none","type":3,"width":16.9149},{"bases":[[[0.934468,-0.341,0.102412],[0.308185,0.918712,0.246961],[-0.1783,-0.199215,0.963599]],[[0.949978,-0.311015,-0.0284895],[0.110324,0.419513,-0.90102],[0.292183,0.852806,0.43284]],[[0.949978,-0.311015,-0.0284895],[-0.240823,-0.671377,-0.700898],[0.198863,0.672698,-0.712693]],[[0.949978,-0.311015,-0.0284895],[-0.305015,-0.943508,0.129456],[-0.0671429,-0.114291,-0.991176]]],"btipPosition":[48.5606,44.3643,13.352],"carpPosition":[50.2556,68.6669,50.173],"dipPosition":[47.591,42.7137,-0.962292],"direction":[-0.198863,-0.672698,0.712693],"extended":false,"handId":792,"id":7924,"length":42.32,"mcpPosition":[59.5058,79.0021,0.181755],"pipPosition":[50.8498,53.7374,-12.6413],"stabilizedTipPosition":[46.6961,50.098,12.5482],"timeVisible":3.09578,"tipPosition":[48.9469,45.7921,8.79026],"tipVelocity":[2.36566,-8.92215,-17.076],"tool":false,"touchDistance":0.333333,"touchZone":"none","type":4,"width":15.0252}],"r":[[0.834012,0.285853,0.471924],[-0.322539,0.94655,-0.00333371],[-0.447652,-0.149433,0.881633]],"s":0.397165,"t":[28.077,-56.45,-96.6922],"timestamp":747343467913},{"currentFrameRate":114.142,"devices":[],"gestures":[],"hands":[{"armBasis":[[0.99842,0.0481797,0.0289172],[-0.0532572,0.975486,0.213521],[-0.0179209,-0.214724,0.97651]],"armWidth":58.8265,"confidence":1,"direction":[-0.0898877,0.290957,-0.952504],"elbow":[33.6378,7.12396,312.736],"grabAngle":3.14159,"grabStrength":1,"id":792,"palmNormal":[0.0457624,-0.954159,-0.295781],"palmPosition":[26.3186,73.7831,11.4896],"palmVelocity":[-4.3666,-8.50339,-5.68963],"palmWidth":81.4094,"pinchDistance":10.689,"pinchStrength":1,"r":[[0.832707,0.288513,0.47261],[-0.324055,0.946015,-0.00654731],[-0.448985,-0.1477,0.881248]],"s":0.392993,"sphereCenter":[31.825,45.3378,-10.4383],"sphereRadius":29.8147,"stabilizedPalmPosition":[25.796,78.6854,14.7757],"t":[28.0889,-56.5243,-96.7363],"timeVisible":3.10451,"type":"right","wrist":[37.9669,58.995,76.84]}],"id":1362894,"interactionBox":{"center":[0,200,0],"size":[235.247,235.247,147.751]},"pointables":[{"bases":[[[0.341874,0.938439,0.0495352],[-0.786075,0.256686,0.562315],[0.514984,-0.231179,0.825438]],[[0.198026,0.966331,-0.164286],[-0.945495,0.232515,0.227981],[0.258504,0.110186,0.959706]],[[0.198026,0.966331,-0.164286],[-0.929256,0.13175,-0.345145],[-0.31188,0.221011,0.924059]],[[0.198026,0.966331,-0.164286],[-0.558487,-0.0265054,-0.82909],[-0.80553,0.255933,0.534435]]],"btipPosition":[25.7705,35.7386,-19.6745],"carpPosition":[12.6111,51.9917,60.0643],"dipPosition":[9.97528,40.7571,-9.19506],"direction":[0.31188,-0.221011,-0.924059],"extended":false,"handId":792,"id":7920,"length":43.6653,"mcpPosition":[12.6111,51.9917,60.0643],"pipPosition":[1.06588,47.0707,17.2023],"stabilizedTipPosition":[14.0925,40.7881,-18.9526],"timeVisible":3.10451,"tipPosition":[13.2429,37.3597,-21.23],"tipVelocity":[16.8881,-5.00466,23.7925],"tool":false,"touchDistance":0.247251,"touchZone":"hovering","type":0,"width":18.9482},{"bases":[[[0.965684,0.118032,-0.231351],[-0.0831805,0.984403,0.155024],[0.24604,-0.13046,0.96044]],[[0.99619,0.0862283,-0.0130288],[-0.0672954,0.665085,-0.743729],[-0.0554652,0.741773,0.668354]],[[0.99619,0.0862283,-0.0130288],[0.0375222,-0.558681,-0.828534],[-0.078722,0.824888,-0.559788]],[[0.99619,0.0862283,-0.0130288],[0.0549864,-0.737035,-0.673614],[-0.0676873,0.670331,-0.738969]]],"btipPosition":[6.49373,27.5623,-9.76555],"carpPosition":[18.1292,71.9762,55.5969],"dipPosition":[5.52478,37.1581,-20.3439],"direction":[0.078722,-0.824888,0.559788],"extended":false,"handId":792,"id":7921,"length":49.2714,"mcpPosition":[1.93407,80.5635,-7.6223],"pipPosition":[3.93058,53.8629,-31.6802],"stabilizedTipPosition":[3.93764,40.0288,-16.4086],"timeVisible":3.10451,"tipPosition":[5.64012,33.4602,-18.221],"tipVelocity":[-3.75242,-51.6466,19.9103],"tool":false,"touchDistance":0.333333,"touchZone":"none","type":1,"width":18.0993},{"bases":[[[0.989983,-0.0702366,-0.12248],[0.0866993,0.987082,0.134728],[0.111435,-0.143997,0.983284]],[[0.981519,-0.0614755,-0.181222],[-0.153496,0.312607,-0.937399],[0.114278,0.947891,0.297393]],[[0.981519,-0.0614755,-0.181222],[-0.172162,-0.697133,-0.695964],[-0.0835509,0.714301,-0.694833]],[[0.981519,-0.0614755,-0.181222],[-0.058014,-0.998019,0.024345],[-0.182359,-0.0133817,-0.983141]]],"btipPosition":[21.6879,28.7316,11.4509],"carpPosition":[28.3972,74.8306,52.8055],"dipPosition":[18.8167,28.5209,-4.02841],"direction":[0.0835509,-0.714301,0.694833],"extended":false,"handId":792,"id":7922,"length":56.1408,"mcpPosition":[21.4412,83.8192,-8.57293],"pipPosition":[16.8261,45.5393,-20.583],"stabilizedTipPosition":[17.2795,37.2622,8.4573],"timeVisible":3.10451,"tipPosition":[20.2855,29.7063,4.14759],"tipVelocity":[-0.0167804,-14.8414,22.7538],"tool":false,"touchDistance":0.333333,"touchZone":"none","type":2,"width":17.7759},{"bases":[[[0.986219,-0.164871,0.0137473],[0.160716,0.974449,0.156909],[-0.0392658,-0.152538,0.987517]],[[0.986799,-0.155427,-0.0454929],[-0.00048842,0.278053,-0.960566],[0.161948,0.947908,0.274306]],[[0.986799,-0.155427,-0.0454929],[-0.147711,-0.748631,-0.646323],[0.0663987,0.644511,-0.761707]],[[0.986799,-0.155427,-0.0454929],[-0.133866,-0.940936,0.310997],[-0.0911434,-0.300802,-0.949321]]],"btipPosition":[35.2371,37.7775,17.7793],"carpPosition":[39.2133,74.9632,50.8527],"dipPosition":[33.8104,33.0687,2.91844],"direction":[-0.0663987,-0.644511,0.761707],"extended":false,"handId":792,"id":7923,"length":53.9809,"mcpPosition":[41.4139,83.5121,-4.49219],"pipPosition":[35.3515,48.0277,-14.7607],"stabilizedTipPosition":[32.6727,43.5759,16.9267],"timeVisible":3.10451,"tipPosition":[35.1729,38.6197,12.9959],"tipVelocity":[-2.09238,-10.3197,-1.34086],"tool":false,"touchDistance":0.333333,"touchZone":"none","type":3,"width":16.9149},{"bases":[[[0.934844,-0.340143,0.101833],[0.308048,0.919612,0.243762],[-0.176561,-0.19651,0.964474]],[[0.95013,-0.310458,-0.0294724],[0.10901,0.41918,-0.901335],[0.292181,0.853173,0.432119]],[[0.95013,-0.310458,-0.0294724],[-0.241144,-0.671483,-0.700685],[0.197743,0.672849,-0.712861]],[[0.95013,-0.310458,-0.0294724],[-0.304387,-0.943786,0.128903],[-0.0678345,-0.113503,-0.991219]]],"btipPosition":[48.5287,44.252,13.2564],"carpPosition":[50.2855,68.7197,50.0981],"dipPosition":[47.549,42.6128,-1.05848],"direction":[-0.197743,-0.672849,0.712861],"extended":false,"handId":792,"id":7924,"length":42.32,"mcpPosition":[59.4455,78.9145,0.06142],"pipPosition":[50.7895,53.6389,-12.7403],"stabilizedTipPosition":[46.711,50.0401,12.5241],"timeVisible":3.10451,"tipPosition":[48.9167,