{"frames":322,"data":[{"currentFrameRate":109.431,"devices":[],"gestures":[],"hands":[],"id":180235,"interactionBox":{"center":[0,200,0],"size":[235.247,235.247,147.751]},"pointables":[],"r":[[-0.929202,0.133245,0.344717],[-0.168075,0.678349,-0.715258],[-0.329142,-0.722557,-0.607928]],"s":1.89513,"t":[63.9719,-551.223,318.175],"timestamp":471769162066},{"currentFrameRate":109.711,"devices":[],"gestures":[],"hands":[],"id":180236,"interactionBox":{"center":[0,200,0],"size":[235.247,235.247,147.751]},"pointables":[],"r":[[-0.929202,0.133245,0.344717],[-0.168075,0.678349,-0.715258],[-0.329142,-0.722557,-0.607928]],"s":1.89513,"t":[63.9719,-551.223,318.175],"timestamp":471769170680},{"currentFrameRate":109.94,"devices":[],"gestures":[],"hands":[],"id":180237,"interactionBox":{"center":[0,200,0],"size":[235.247,235.247,147.751]},"pointables":[],"r":[[-0.929202,0.133245,0.344717],[-0.168075,0.678349,-0.715258],[-0.329142,-0.722557,-0.607928]],"s":1.89513,"t":[63.9719,-551.223,318.175],"timestamp":471769179370},{"currentFrameRate":110.24,"devices":[],"gestures":[],"hands":[],"id":180238,"interactionBox":{"center":[0,200,0],"size":[235.247,235.247,147.751]},"pointables":[],"r":[[-0.929202,0.133245,0.344717],[-0.168075,0.678349,-0.715258],[-0.329142,-0.722557,-0.607928]],"s":1.89513,"t":[63.9719,-551.223,318.175],"timestamp":471769187907},{"currentFrameRate":110.463,"devices":[],"gestures":[],"hands":[],"id":180239,"interactionBox":{"center":[0,200,0],"size":[235.247,235.247,147.751]},"pointables":[],"r":[[-0.929202,0.133245,0.344717],[-0.168075,0.678349,-0.715258],[-0.329142,-0.722557,-0.607928]],"s":1.89513,"t":[63.9719,-551.223,318.175],"timestamp":471769196565},{"currentFrameRate":110.627,"devices":[],"gestures":[],"hands":[],"id":180240,"interactionBox":{"center":[0,200,0],"size":[235.247,235.247,147.751]},"pointables":[],"r":[[-0.929202,0.133245,0.344717],[-0.168075,0.678349,-0.715258],[-0.329142,-0.722557,-0.607928]],"s":1.89513,"t":[63.9719,-551.223,318.175],"timestamp":471769205314},{"currentFrameRate":110.855,"devices":[],"gestures":[],"hands":[],"id":180241,"interactionBox":{"center":[0,200,0],"size":[235.247,235.247,147.751]},"pointables":[],"r":[[-0.929202,0.133245,0.344717],[-0.168075,0.678349,-0.715258],[-0.329142,-0.722557,-0.607928]],"s":1.89513,"t":[63.9719,-551.223,318.175],"timestamp":471769213932},{"currentFrameRate":111.023,"devices":[],"gestures":[],"hands":[],"id":180242,"interactionBox":{"center":[0,200,0],"size":[235.247,235.247,147.751]},"pointables":[],"r":[[-0.929202,0.133245,0.344717],[-0.168075,0.678349,-0.715258],[-0.329142,-0.722557,-0.607928]],"s":1.89513,"t":[63.9719,-551.223,318.175],"timestamp":471769222644},{"currentFrameRate":111.233,"devices":[],"gestures":[],"hands":[],"id":180243,"interactionBox":{"center":[0,200,0],"size":[235.247,235.247,147.751]},"pointables":[],"r":[[-0.929202,0.133245,0.344717],[-0.168075,0.678349,-0.715258],[-0.329142,-0.722557,-0.607928]],"s":1.89513,"t":[63.9719,-551.223,318.175],"timestamp":471769231265},{"currentFrameRate":111.399,"devices":[],"gestures":[],"hands":[],"id":180244,"interactionBox":{"center":[0,200,0],"size":[235.247,235.247,147.751]},"pointables":[],"r":[[-0.929202,0.133245,0.344717],[-0.168075,0.678349,-0.715258],[-0.329142,-0.722557,-0.607928]],"s":1.89513,"t":[63.9719,-551.223,318.175],"timestamp":471769239950},{"currentFrameRate":111.549,"devices":[],"gestures":[],"hands":[],"id":180245,"interactionBox":{"center":[0,200,0],"size":[235.247,235.247,147.751]},"pointables":[],"r":[[-0.929202,0.133245,0.344717],[-0.168075,0.678349,-0.715258],[-0.329142,-0.722557,-0.607928]],"s":1.89513,"t":[63.9719,-551.223,318.175],"timestamp":471769248652},{"currentFrameRate":111.685,"devices":[],"gestures":[],"hands":[],"id":180246,"interactionBox":{"center":[0,200,0],"size":[235.247,235.247,147.751]},"pointables":[],"r":[[-0.929202,0.133245,0.344717],[-0.168075,0.678349,-0.715258],[-0.329142,-0.722557,-0.607928]],"s":1.89513,"t":[63.9719,-551.223,318.175],"timestamp":471769257367},{"currentFrameRate":111.81,"devices":[],"gestures":[],"hands":[],"id":180247,"interactionBox":{"center":[0,200,0],"size":[235.247,235.247,147.751]},"pointables":[],"r":[[-0.929202,0.133245,0.344717],[-0.168075,0.678349,-0.715258],[-0.329142,-0.722557,-0.607928]],"s":1.89513,"t":[63.9719,-551.223,318.175],"timestamp":471769266091},{"currentFrameRate":111.998,"devices":[],"gestures":[],"hands":[],"id":180248,"interactionBox":{"center":[0,200,0],"size":[235.247,235.247,147.751]},"pointables":[],"r":[[-0.929202,0.133245,0.344717],[-0.168075,0.678349,-0.715258],[-0.329142,-0.722557,-0.607928]],"s":1.89513,"t":[63.9719,-551.223,318.175],"timestamp":471769274692},{"currentFrameRate":112.141,"devices":[],"gestures":[],"hands":[],"id":180249,"interactionBox":{"center":[0,200,0],"size":[235.247,235.247,147.751]},"pointables":[],"r":[[-0.929202,0.133245,0.344717],[-0.168075,0.678349,-0.715258],[-0.329142,-0.722557,-0.607928]],"s":1.89513,"t":[63.9719,-551.223,318.175],"timestamp":471769283359},{"currentFrameRate":112.275,"devices":[],"gestures":[],"hands":[],"id":180250,"interactionBox":{"center":[0,200,0],"size":[235.247,235.247,147.751]},"pointables":[],"r":[[-0.929202,0.133245,0.344717],[-0.168075,0.678349,-0.715258],[-0.329142,-0.722557,-0.607928]],"s":1.89513,"t":[63.9719,-551.223,318.175],"timestamp":471769292032},{"currentFrameRate":112.424,"devices":[],"gestures":[],"hands":[],"id":180251,"interactionBox":{"center":[0,200,0],"size":[235.247,235.247,147.751]},"pointables":[],"r":[[-0.929202,0.133245,0.344717],[-0.168075,0.678349,-0.715258],[-0.329142,-0.722557,-0.607928]],"s":1.89513,"t":[63.9719,-551.223,318.175],"timestamp":471769300668},{"currentFrameRate":112.547,"devices":[],"gestures":[],"hands":[],"id":180252,"interactionBox":{"center":[0,200,0],"size":[235.247,235.247,147.751]},"pointables":[],"r":[[-0.929202,0.133245,0.344717],[-0.168075,0.678349,-0.715258],[-0.329142,-0.722557,-0.607928]],"s":1.89513,"t":[63.9719,-551.223,318.175],"timestamp":471769309340},{"currentFrameRate":112.647,"devices":[],"gestures":[],"hands":[],"id":180253,"interactionBox":{"center":[0,200,0],"size":[235.247,235.247,147.751]},"pointables":[],"r":[[-0.929202,0.133245,0.344717],[-0.168075,0.678349,-0.715258],[-0.329142,-0.722557,-0.607928]],"s":1.89513,"t":[63.9719,-551.223,318.175],"timestamp":471769318043},{"currentFrameRate":112.742,"devices":[],"gestures":[],"hands":[],"id":180254,"interactionBox":{"center":[0,200,0],"size":[235.247,235.247,147.751]},"pointables":[],"r":[[-0.929202,0.133245,0.344717],[-0.168075,0.678349,-0.715258],[-0.329142,-0.722557,-0.607928]],"s":1.89513,"t":[63.9719,-551.223,318.175],"timestamp":471769326748},{"currentFrameRate":112.868,"devices":[],"gestures":[],"hands":[],"id":180255,"interactionBox":{"center":[0,200,0],"size":[235.247,235.247,147.751]},"pointables":[],"r":[[-0.929202,0.133245,0.344717],[-0.168075,0.678349,-0.715258],[-0.329142,-0.722557,-0.607928]],"s":1.89513,"t":[63.9719,-551.223,318.175],"timestamp":471769335389},{"currentFrameRate":112.975,"devices":[],"gestures":[],"hands":[],"id":180256,"interactionBox":{"center":[0,200,0],"size":[235.247,235.247,147.751]},"pointables":[],"r":[[-0.929202,0.133245,0.344717],[-0.168075,0.678349,-0.715258],[-0.329142,-0.722557,-0.607928]],"s":1.89513,"t":[63.9719,-551.223,318.175],"timestamp":471769344055},{"currentFrameRate":113.059,"devices":[],"gestures":[],"hands":[],"id":180257,"interactionBox":{"center":[0,200,0],"size":[235.247,235.247,147.751]},"pointables":[],"r":[[-0.929202,0.133245,0.344717],[-0.168075,0.678349,-0.715258],[-0.329142,-0.722557,-0.607928]],"s":1.89513,"t":[63.9719,-551.223,318.175],"timestamp":471769352755},{"currentFrameRate":113.096,"devices":[],"gestures":[],"hands":[],"id":180258,"interactionBox":{"center":[0,200,0],"size":[235.247,235.247,147.751]},"pointables":[],"r":[[-0.929202,0.133245,0.344717],[-0.168075,0.678349,-0.715258],[-0.329142,-0.722557,-0.607928]],"s":1.89513,"t":[63.9719,-551.223,318.175],"timestamp":471769361533},{"currentFrameRate":113.235,"devices":[],"gestures":[],"hands":[],"id":180259,"interactionBox":{"center":[0,200,0],"size":[235.247,235.247,147.751]},"pointables":[],"r":[[-0.929202,0.133245,0.344717],[-0.168075,0.678349,-0.715258],[-0.329142,-0.722557,-0.607928]],"s":1.89513,"t":[63.9719,-551.223,318.175],"timestamp":471769370125},{"currentFrameRate":113.377,"devices":[],"gestures":[],"hands":[],"id":180260,"interactionBox":{"center":[0,200,0],"size":[235.247,235.247,147.751]},"pointables":[],"r":[[-0.929202,0.133245,0.344717],[-0.168075,0.678349,-0.715258],[-0.329142,-0.722557,-0.607928]],"s":1.89513,"t":[63.9719,-551.223,318.175],"timestamp":471769378699},{"currentFrameRate":113.468,"devices":[],"gestures":[],"hands":[],"id":180261,"interactionBox":{"center":[0,200,0],"size":[235.247,235.247,147.751]},"pointables":[],"r":[[-0.929202,0.133245,0.344717],[-0.168075,0.678349,-0.715258],[-0.329142,-0.722557,-0.607928]],"s":1.89513,"t":[63.9719,-551.223,318.175],"timestamp":471769387356},{"currentFrameRate":113.524,"devices":[],"gestures":[],"hands":[],"id":180262,"interactionBox":{"center":[0,200,0],"size":[235.247,235.247,147.751]},"pointables":[],"r":[[-0.929202,0.133245,0.344717],[-0.168075,0.678349,-0.715258],[-0.329142,-0.722557,-0.607928]],"s":1.89513,"t":[63.9719,-551.223,318.175],"timestamp":471769396068},{"currentFrameRate":113.594,"devices":[],"gestures":[],"hands":[],"id":180263,"interactionBox":{"center":[0,200,0],"size":[235.247,235.247,147.751]},"pointables":[],"r":[[-0.929202,0.133245,0.344717],[-0.168075,0.678349,-0.715258],[-0.329142,-0.722557,-0.607928]],"s":1.89513,"t":[63.9719,-551.223,318.175],"timestamp":471769404750},{"currentFrameRate":113.68,"devices":[],"gestures":[],"hands":[],"id":180264,"interactionBox":{"center":[0,200,0],"size":[235.247,235.247,147.751]},"pointables":[],"r":[[-0.929202,0.133245,0.344717],[-0.168075,0.678349,-0.715258],[-0.329142,-0.722557,-0.607928]],"s":1.89513,"t":[63.9719,-551.223,318.175],"timestamp":471769413399},{"currentFrameRate":113.712,"devices":[],"gestures":[],"hands":[],"id":180265,"interactionBox":{"center":[0,200,0],"size":[235.247,235.247,147.751]},"pointables":[],"r":[[-0.929202,0.133245,0.344717],[-0.168075,0.678349,-0.715258],[-0.329142,-0.722557,-0.607928]],"s":1.89513,"t":[63.9719,-551.223,318.175],"timestamp":471769422138},{"currentFrameRate":113.848,"devices":[],"gestures":[],"hands":[],"id":180266,"interactionBox":{"center":[0,200,0],"size":[235.247,235.247,147.751]},"pointables":[],"r":[[-0.929202,0.133245,0.344717],[-0.168075,0.678349,-0.715258],[-0.329142,-0.722557,-0.607928]],"s":1.89513,"t":[63.9719,-551.223,318.175],"timestamp":471769430687},{"currentFrameRate":113.86,"devices":[],"gestures":[],"hands":[],"id":180267,"interactionBox":{"center":[0,200,0],"size":[235.247,235.247,147.751]},"pointables":[],"r":[[-0.929202,0.133245,0.344717],[-0.168075,0.678349,-0.715258],[-0.329142,-0.722557,-0.607928]],"s":1.89513,"t":[63.9719,-551.223,318.175],"timestamp":471769439450},{"currentFrameRate":113.936,"devices":[],"gestures":[],"hands":[],"id":180268,"interactionBox":{"center":[0,200,0],"size":[235.247,235.247,147.751]},"pointables":[],"r":[[-0.929202,0.133245,0.344717],[-0.168075,0.678349,-0.715258],[-0.329142,-0.722557,-0.607928]],"s":1.89513,"t":[63.9719,-551.223,318.175],"timestamp":471769448096},{"currentFrameRate":113.976,"devices":[],"gestures":[],"hands":[],"id":180269,"interactionBox":{"center":[0,200,0],"size":[235.247,235.247,147.751]},"pointables":[],"r":[[-0.929202,0.133245,0.344717],[-0.168075,0.678349,-0.715258],[-0.329142,-0.722557,-0.607928]],"s":1.89513,"t":[63.9719,-551.223,318.175],"timestamp":471769456801},{"currentFrameRate":113.99,"devices":[],"gestures":[],"hands":[],"id":180270,"interactionBox":{"center":[0,200,0],"size":[235.247,235.247,147.751]},"pointables":[],"r":[[-0.929202,0.133245,0.344717],[-0.168075,0.678349,-0.715258],[-0.329142,-0.722557,-0.607928]],"s":1.89513,"t":[63.9719,-551.223,318.175],"timestamp":471769465549},{"currentFrameRate":114.109,"devices":[],"gestures":[],"hands":[],"id":180271,"interactionBox":{"center":[0,200,0],"size":[235.247,235.247,147.751]},"pointables":[],"r":[[-0.929202,0.133245,0.344717],[-0.168075,0.678349,-0.715258],[-0.329142,-0.722557,-0.607928]],"s":1.89513,"t":[63.9719,-551.223,318.175],"timestamp":471769474109},{"currentFrameRate":114.129,"devices":[],"gestures":[],"hands":[],"id":180272,"interactionBox":{"center":[0,200,0],"size":[235.247,235.247,147.751]},"pointables":[],"r":[[-0.929202,0.133245,0.344717],[-0.168075,0.678349,-0.715258],[-0.329142,-0.722557,-0.607928]],"s":1.89513,"t":[63.9719,-551.223,318.175],"timestamp":471769482837},{"currentFrameRate":114.19,"devices":[],"gestures":[],"hands":[],"id":180273,"interactionBox":{"center":[0,200,0],"size":[235.247,235.247,147.751]},"pointables":[],"r":[[-0.929202,0.133245,0.344717],[-0.168075,0.678349,-0.715258],[-0.329142,-0.722557,-0.607928]],"s":1.89513,"t":[63.9719,-551.223,318.175],"timestamp":471769491490},{"currentFrameRate":114.248,"devices":[],"gestures":[],"hands":[],"id":180274,"interactionBox":{"center":[0,200,0],"size":[235.247,235.247,147.751]},"pointables":[],"r":[[-0.929202,0.133245,0.344717],[-0.168075,0.678349,-0.715258],[-0.329142,-0.722557,-0.607928]],"s":1.89513,"t":[63.9719,-551.223,318.175],"timestamp":471769500143},{"currentFrameRate":114.295,"devices":[],"gestures":[],"hands":[],"id":180275,"interactionBox":{"center":[0,200,0],"size":[235.247,235.247,147.751]},"pointables":[],"r":[[-0.929202,0.133245,0.344717],[-0.168075,0.678349,-0.715258],[-0.329142,-0.722557,-0.607928]],"s":1.89513,"t":[63.9719,-551.223,318.175],"timestamp":471769508812},{"currentFrameRate":114.347,"devices":[],"gestures":[],"hands":[],"id":180276,"interactionBox":{"center":[0,200,0],"size":[235.247,235.247,147.751]},"pointables":[],"r":[[-0.929202,0.133245,0.344717],[-0.168075,0.678349,-0.715258],[-0.329142,-0.722557,-0.607928]],"s":1.89513,"t":[63.9719,-551.223,318.175],"timestamp":471769517468},{"currentFrameRate":114.372,"devices":[],"gestures":[],"hands":[],"id":180277,"interactionBox":{"center":[0,200,0],"size":[235.247,235.247,147.751]},"pointables":[],"r":[[-0.929202,0.133245,0.344717],[-0.168075,0.678349,-0.715258],[-0.329142,-0.722557,-0.607928]],"s":1.89513,"t":[63.9719,-551.223,318.175],"timestamp":471769526169},{"currentFrameRate":114.369,"devices":[],"gestures":[],"hands":[],"id":180278,"interactionBox":{"center":[0,200,0],"size":[235.247,235.247,147.751]},"pointables":[],"r":[[-0.929202,0.133245,0.344717],[-0.168075,0.678349,-0.715258],[-0.329142,-0.722557,-0.607928]],"s":1.89513,"t":[63.9719,-551.223,318.175],"timestamp":471769534917},{"currentFrameRate":114.417,"devices":[],"gestures":[],"hands":[],"id":180279,"interactionBox":{"center":[0,200,0],"size":[235.247,235.247,147.751]},"pointables":[],"r":[[-0.929202,0.133245,0.344717],[-0.168075,0.678349,-0.715258],[-0.329142,-0.722557,-0.607928]],"s":1.89513,"t":[63.9719,-551.223,318.175],"timestamp":471769543575},{"currentFrameRate":114.423,"devices":[],"gestures":[],"hands":[],"id":180280,"interactionBox":{"center":[0,200,0],"size":[235.247,235.247,147.751]},"pointables":[],"r":[[-0.929202,0.133245,0.344717],[-0.168075,0.678349,-0.715258],[-0.329142,-0.722557,-0.607928]],"s":1.89513,"t":[63.9719,-551.223,318.175],"timestamp":471769552304},{"currentFrameRate":114.618,"devices":[],"gestures":[],"hands":[],"id":180281,"interactionBox":{"center":[0,200,0],"size":[235.247,235.247,147.751]},"pointables":[],"r":[[-0.929202,0.133245,0.344717],[-0.168075,0.678349,-0.715258],[-0.329142,-0.722557,-0.607928]],"s":1.89513,"t":[63.9719,-551.223,318.175],"timestamp":471769560697},{"currentFrameRate":114.598,"devices":[],"gestures":[],"hands":[],"id":180282,"interactionBox":{"center":[0,200,0],"size":[235.247,235.247,147.751]},"pointables":[],"r":[[-0.929202,0.133245,0.344717],[-0.168075,0.678349,-0.715258],[-0.329142,-0.722557,-0.607928]],"s":1.89513,"t":[63.9719,-551.223,318.175],"timestamp":471769569456},{"currentFrameRate":114.635,"devices":[],"gestures":[],"hands":[],"id":180283,"interactionBox":{"center":[0,200,0],"size":[235.247,235.247,147.751]},"pointables":[],"r":[[-0.929202,0.133245,0.344717],[-0.168075,0.678349,-0.715258],[-0.329142,-0.722557,-0.607928]],"s":1.89513,"t":[63.9719,-551.223,318.175],"timestamp":471769578117},{"currentFrameRate":114.703,"devices":[],"gestures":[],"hands":[],"id":180284,"interactionBox":{"center":[0,200,0],"size":[235.247,235.247,147.751]},"pointables":[],"r":[[-0.929202,0.133245,0.344717],[-0.168075,0.678349,-0.715258],[-0.329142,-0.722557,-0.607928]],"s":1.89513,"t":[63.9719,-551.223,318.175],"timestamp":471769586718},{"currentFrameRate":114.711,"devices":[],"gestures":[],"hands":[],"id":180285,"interactionBox":{"center":[0,200,0],"size":[235.247,235.247,147.751]},"pointables":[],"r":[[-0.929202,0.133245,0.344717],[-0.168075,0.678349,-0.715258],[-0.329142,-0.722557,-0.607928]],"s":1.89513,"t":[63.9719,-551.223,318.175],"timestamp":471769595422},{"currentFrameRate":114.701,"devices":[],"gestures":[],"hands":[],"id":180286,"interactionBox":{"center":[0,200,0],"size":[235.247,235.247,147.751]},"pointables":[],"r":[[-0.929202,0.133245,0.344717],[-0.168075,0.678349,-0.715258],[-0.329142,-0.722557,-0.607928]],"s":1.89513,"t":[63.9719,-551.223,318.175],"timestamp":471769604158},{"currentFrameRate":114.735,"devices":[],"gestures":[],"hands":[],"id":180287,"interactionBox":{"center":[0,200,0],"size":[235.247,235.247,147.751]},"pointables":[],"r":[[-0.929202,0.133245,0.344717],[-0.168075,0.678349,-0.715258],[-0.329142,-0.722557,-0.607928]],"s":1.89513,"t":[63.9719,-551.223,318.175],"timestamp":471769612816},{"currentFrameRate":114.721,"devices":[],"gestures":[],"hands":[],"id":180288,"interactionBox":{"center":[0,200,0],"size":[235.247,235.247,147.751]},"pointables":[],"r":[[-0.929202,0.133245,0.344717],[-0.168075,0.678349,-0.715258],[-0.329142,-0.722557,-0.607928]],"s":1.89513,"t":[63.9719,-551.223,318.175],"timestamp":471769621556},{"currentFrameRate":114.703,"devices":[],"gestures":[],"hands":[],"id":180289,"interactionBox":{"center":[0,200,0],"size":[235.247,235.247,147.751]},"pointables":[],"r":[[-0.929202,0.133245,0.344717],[-0.168075,0.678349,-0.715258],[-0.329142,-0.722557,-0.607928]],"s":1.89513,"t":[63.9719,-551.223,318.175],"timestamp":471769630306},{"currentFrameRate":114.667,"devices":[],"gestures":[],"hands":[],"id":180290,"interactionBox":{"center":[0,200,0],"size":[235.247,235.247,147.751]},"pointables":[],"r":[[-0.929202,0.133245,0.344717],[-0.168075,0.678349,-0.715258],[-0.329142,-0.722557,-0.607928]],"s":1.89513,"t":[63.9719,-551.223,318.175],"timestamp":471769639088},{"currentFrameRate":114.624,"devices":[],"gestures":[],"hands":[],"id":180291,"interactionBox":{"center":[0,200,0],"size":[235.247,235.247,147.751]},"pointables":[],"r":[[-0.929202,0.133245,0.344717],[-0.168075,0.678349,-0.715258],[-0.329142,-0.722557,-0.607928]],"s":1.89513,"t":[63.9719,-551.223,318.175],"timestamp":471769647885},{"currentFrameRate":114.642,"devices":[],"gestures":[],"hands":[],"id":180292,"interactionBox":{"center":[0,200,0],"size":[235.247,235.247,147.751]},"pointables":[],"r":[[-0.929202,0.133245,0.344717],[-0.168075,0.678349,-0.715258],[-0.329142,-0.722557,-0.607928]],"s":1.89513,"t":[63.9719,-551.223,318.175],"timestamp":471769656578},{"currentFrameRate":114.672,"devices":[],"gestures":[],"hands":[],"id":180293,"interactionBox":{"center":[0,200,0],"size":[235.247,235.247,147.751]},"pointables":[],"r":[[-0.929202,0.133245,0.344717],[-0.168075,0.678349,-0.715258],[-0.329142,-0.722557,-0.607928]],"s":1.89513,"t":[63.9719,-551.223,318.175],"timestamp":471769665247},{"currentFrameRate":114.704,"devices":[],"gestures":[],"hands":[],"id":180294,"interactionBox":{"center":[0,200,0],"size":[235.247,235.247,147.751]},"pointables":[],"r":[[-0.929202,0.133245,0.344717],[-0.168075,0.678349,-0.715258],[-0.329142,-0.722557,-0.607928]],"s":1.89513,"t":[63.9719,-551.223,318.175],"timestamp":471769673910},{"currentFrameRate":114.642,"devices":[],"gestures":[],"hands":[],"id":180295,"interactionBox":{"center":[0,200,0],"size":[235.247,235.247,147.751]},"pointables":[],"r":[[-0.929202,0.133245,0.344717],[-0.168075,0.678349,-0.715258],[-0.329142,-0.722557,-0.607928]],"s":1.89513,"t":[63.9719,-551.223,318.175],"timestamp":471769682738},{"currentFrameRate":114.781,"devices":[],"gestures":[],"hands":[],"id":180296,"interactionBox":{"center":[0,200,0],"size":[235.247,235.247,147.751]},"pointables":[],"r":[[-0.929202,0.133245,0.344717],[-0.168075,0.678349,-0.715258],[-0.329142,-0.722557,-0.607928]],"s":1.89513,"t":[63.9719,-551.223,318.175],"timestamp":471769691214},{"currentFrameRate":114.761,"devices":[],"gestures":[],"hands":[],"id":180297,"interactionBox":{"center":[0,200,0],"size":[235.247,235.247,147.751]},"pointables":[],"r":[[-0.929202,0.133245,0.344717],[-0.168075,0.678349,-0.715258],[-0.329142,-0.722557,-0.607928]],"s":1.89513,"t":[63.9719,-551.223,318.175],"timestamp":471769699962},{"currentFrameRate":114.801,"devices":[],"gestures":[],"hands":[],"id":180298,"interactionBox":{"center":[0,200,0],"size":[235.247,235.247,147.751]},"pointables":[],"r":[[-0.929202,0.133245,0.344717],[-0.168075,0.678349,-0.715258],[-0.329142,-0.722557,-0.607928]],"s":1.89513,"t":[63.9719,-551.223,318.175],"timestamp":471769708605},{"currentFrameRate":114.836,"devices":[],"gestures":[],"hands":[],"id":180299,"interactionBox":{"center":[0,200,0],"size":[235.247,235.247,147.751]},"pointables":[],"r":[[-0.929202,0.133245,0.344717],[-0.168075,0.678349,-0.715258],[-0.329142,-0.722557,-0.607928]],"s":1.89513,"t":[63.9719,-551.223,318.175],"timestamp":471769717252},{"currentFrameRate":114.857,"devices":[],"gestures":[],"hands":[],"id":180300,"interactionBox":{"center":[0,200,0],"size":[235.247,235.247,147.751]},"pointables":[],"r":[[-0.929202,0.133245,0.344717],[-0.168075,0.678349,-0.715258],[-0.329142,-0.722557,-0.607928]],"s":1.89513,"t":[63.9719,-551.223,318.175],"timestamp":471769725924},{"currentFrameRate":114.876,"devices":[],"gestures":[],"hands":[],"id":180301,"interactionBox":{"center":[0,200,0],"size":[235.247,235.247,147.751]},"pointables":[],"r":[[-0.929202,0.133245,0.344717],[-0.168075,0.678349,-0.715258],[-0.329142,-0.722557,-0.607928]],"s":1.89513,"t":[63.9719,-551.223,318.175],"timestamp":471769734597},{"currentFrameRate":114.891,"devices":[],"gestures":[],"hands":[],"id":180302,"interactionBox":{"center":[0,200,0],"size":[235.247,235.247,147.751]},"pointables":[],"r":[[-0.929202,0.133245,0.344717],[-0.168075,0.678349,-0.715258],[-0.329142,-0.722557,-0.607928]],"s":1.89513,"t":[63.9719,-551.223,318.175],"timestamp":471769743274},{"currentFrameRate":114.875,"devices":[],"gestures":[],"hands":[],"id":180303,"interactionBox":{"center":[0,200,0],"size":[235.247,235.247,147.751]},"pointables":[],"r":[[-0.929202,0.133245,0.344717],[-0.168075,0.678349,-0.715258],[-0.329142,-0.722557,-0.607928]],"s":1.89513,"t":[63.9719,-551.223,318.175],"timestamp":471769752007},{"currentFrameRate":114.931,"devices":[],"gestures":[],"hands":[],"id":180304,"interactionBox":{"center":[0,200,0],"size":[235.247,235.247,147.751]},"pointables":[],"r":[[-0.929202,0.133245,0.344717],[-0.168075,0.678349,-0.715258],[-0.329142,-0.722557,-0.607928]],"s":1.89513,"t":[63.9719,-551.223,318.175],"timestamp":471769760613},{"currentFrameRate":114.891,"devices":[],"gestures":[],"hands":[],"id":180305,"interactionBox":{"center":[0,200,0],"size":[235.247,235.247,147.751]},"pointables":[],"r":[[-0.929202,0.133245,0.344717],[-0.168075,0.678349,-0.715258],[-0.329142,-0.722557,-0.607928]],"s":1.89513,"t":[63.9719,-551.223,318.175],"timestamp":471769769384},{"currentFrameRate":114.951,"devices":[],"gestures":[],"hands":[],"id":180306,"interactionBox":{"center":[0,200,0],"size":[235.247,235.247,147.751]},"pointables":[],"r":[[-0.929202,0.133245,0.344717],[-0.168075,0.678349,-0.715258],[-0.329142,-0.722557,-0.607928]],"s":1.89513,"t":[63.9719,-551.223,318.175],"timestamp":471769777981},{"currentFrameRate":114.97,"devices":[],"gestures":[],"hands":[],"id":180307,"interactionBox":{"center":[0,200,0],"size":[235.247,235.247,147.751]},"pointables":[],"r":[[-0.929202,0.133245,0.344717],[-0.168075,0.678349,-0.715258],[-0.329142,-0.722557,-0.607928]],"s":1.89513,"t":[63.9719,-551.223,318.175],"timestamp":471769786648},{"currentFrameRate":115.006,"devices":[],"gestures":[],"hands":[],"id":180308,"interactionBox":{"center":[0,200,0],"size":[235.247,235.247,147.751]},"pointables":[],"r":[[-0.929202,0.133245,0.344717],[-0.168075,0.678349,-0.715258],[-0.329142,-0.722557,-0.607928]],"s":1.89513,"t":[63.9719,-551.223,318.175],"timestamp":471769795282},{"currentFrameRate":114.999,"devices":[],"gestures":[],"hands":[],"id":180309,"interactionBox":{"center":[0,200,0],"size":[235.247,235.247,147.751]},"pointables":[],"r":[[-0.929202,0.133245,0.344717],[-0.168075,0.678349,-0.715258],[-0.329142,-0.722557,-0.607928]],"s":1.89513,"t":[63.9719,-551.223,318.175],"timestamp":471769803988},{"currentFrameRate":115.005,"devices":[],"gestures":[],"hands":[],"id":180310,"interactionBox":{"center":[0,200,0],"size":[235.247,235.247,147.751]},"pointables":[],"r":[[-0.929202,0.133245,0.344717],[-0.168075,0.678349,-0.715258],[-0.329142,-0.722557,-0.607928]],"s":1.89513,"t":[63.9719,-551.223,318.175],"timestamp":471769812674},{"currentFrameRate":115.015,"devices":[],"gestures":[],"hands":[],"id":180311,"interactionBox":{"center":[0,200,0],"size":[235.247,235.247,147.751]},"pointables":[],"r":[[-0.929202,0.133245,0.344717],[-0.168075,0.678349,-0.715258],[-0.329142,-0.722557,-0.607928]],"s":1.89513,"t":[63.9719,-551.223,318.175],"timestamp":471769821351},{"currentFrameRate":115.053,"devices":[],"gestures":[],"hands":[],"id":180312,"interactionBox":{"center":[0,200,0],"size":[235.247,235.247,147.751]},"pointables":[],"r":[[-0.929202,0.133245,0.344717],[-0.168075,0.678349,-0.715258],[-0.329142,-0.722557,-0.607928]],"s":1.89513,"t":[63.9719,-551.223,318.175],"timestamp":471769829978},{"currentFrameRate":115.046,"devices":[],"gestures":[],"hands":[],"id":180313,"interactionBox":{"center":[0,200,0],"size":[235.247,235.247,147.751]},"pointables":[],"r":[[-0.929202,0.133245,0.344717],[-0.168075,0.678349,-0.715258],[-0.329142,-0.722557,-0.607928]],"s":1.89513,"t":[63.9719,-551.223,318.175],"timestamp":471769838683},{"currentFrameRate":115.069,"devices":[],"gestures":[],"hands":[],"id":180314,"interactionBox":{"center":[0,200,0],"size":[235.247,235.247,147.751]},"pointables":[],"r":[[-0.929202,0.133245,0.344717],[-0.168075,0.678349,-0.715258],[-0.329142,-0.722557,-0.607928]],"s":1.89513,"t":[63.9719,-551.223,318.175],"timestamp":471769847334},{"currentFrameRate":115.072,"devices":[],"gestures":[],"hands":[],"id":180315,"interactionBox":{"center":[0,200,0],"size":[235.247,235.247,147.751]},"pointables":[],"r":[[-0.929202,0.133245,0.344717],[-0.168075,0.678349,-0.715258],[-0.329142,-0.722557,-0.607928]],"s":1.89513,"t":[63.9719,-551.223,318.175],"timestamp":471769856019},{"currentFrameRate":115.013,"devices":[],"gestures":[],"hands":[],"id":180316,"interactionBox":{"center":[0,200,0],"size":[235.247,235.247,147.751]},"pointables":[],"r":[[-0.929202,0.133245,0.344717],[-0.168075,0.678349,-0.715258],[-0.329142,-0.722557,-0.607928]],"s":1.89513,"t":[63.9719,-551.223,318.175],"timestamp":471769864814},{"currentFrameRate":115.074,"devices":[],"gestures":[],"hands":[],"id":180317,"interactionBox":{"center":[0,200,0],"size":[235.247,235.247,147.751]},"pointables":[],"r":[[-0.929202,0.133245,0.344717],[-0.168075,0.678349,-0.715258],[-0.329142,-0.722557,-0.607928]],"s":1.89513,"t":[63.9719,-551.223,318.175],"timestamp":471769873400},{"currentFrameRate":115.044,"devices":[],"gestures":[],"hands":[],"id":180318,"interactionBox":{"center":[0,200,0],"size":[235.247,235.247,147.751]},"pointables":[],"r":[[-0.929202,0.133245,0.344717],[-0.168075,0.678349,-0.715258],[-0.329142,-0.722557,-0.607928]],"s":1.89513,"t":[63.9719,-551.223,318.175],"timestamp":471769882143},{"currentFrameRate":115.123,"devices":[],"gestures":[],"hands":[],"id":180319,"interactionBox":{"center":[0,200,0],"size":[235.247,235.247,147.751]},"pointables":[],"r":[[-0.929202,0.133245,0.344717],[-0.168075,0.678349,-0.715258],[-0.329142,-0.722557,-0.607928]],"s":1.89513,"t":[63.9719,-551.223,318.175],"timestamp":471769890695},{"currentFrameRate":115.046,"devices":[],"gestures":[],"hands":[],"id":180320,"interactionBox":{"center":[0,200,0],"size":[235.247,235.247,147.751]},"pointables":[],"r":[[-0.929202,0.133245,0.344717],[-0.168075,0.678349,-0.715258],[-0.329142,-0.722557,-0.607928]],"s":1.89513,"t":[63.9719,-551.223,318.175],"timestamp":471769899519},{"currentFrameRate":115.143,"devices":[],"gestures":[],"hands":[],"id":180321,"interactionBox":{"center":[0,200,0],"size":[235.247,235.247,147.751]},"pointables":[],"r":[[-0.929202,0.133245,0.344717],[-0.168075,0.678349,-0.715258],[-0.329142,-0.722557,-0.607928]],"s":1.89513,"t":[63.9719,-551.223,318.175],"timestamp":471769908039},{"currentFrameRate":115.121,"devices":[],"gestures":[],"hands":[],"id":180322,"interactionBox":{"center":[0,200,0],"size":[235.247,235.247,147.751]},"pointables":[],"r":[[-0.929202,0.133245,0.344717],[-0.168075,0.678349,-0.715258],[-0.329142,-0.722557,-0.607928]],"s":1.89513,"t":[63.9719,-551.223,318.175],"timestamp":471769916762},{"currentFrameRate":115.144,"devices":[],"gestures":[],"hands":[],"id":180323,"interactionBox":{"center":[0,200,0],"size":[235.247,235.247,147.751]},"pointables":[],"r":[[-0.929202,0.133245,0.344717],[-0.168075,0.678349,-0.715258],[-0.329142,-0.722557,-0.607928]],"s":1.89513,"t":[63.9719,-551.223,318.175],"timestamp":471769925409},{"currentFrameRate":115.12,"devices":[],"gestures":[],"hands":[],"id":180324,"interactionBox":{"center":[0,200,0],"size":[235.247,235.247,147.751]},"pointables":[],"r":[[-0.929202,0.133245,0.344717],[-0.168075,0.678349,-0.715258],[-0.329142,-0.722557,-0.607928]],"s":1.89513,"t":[63.9719,-551.223,318.175],"timestamp":471769934136},{"currentFrameRate":115.17,"devices":[],"gestures":[],"hands":[],"id":180325,"interactionBox":{"center":[0,200,0],"size":[235.247,235.247,147.751]},"pointables":[],"r":[[-0.929202,0.133245,0.344717],[-0.168075,0.678349,-0.715258],[-0.329142,-0.722557,-0.607928]],"s":1.89513,"t":[63.9719,-551.223,318.175],"timestamp":471769942733},{"currentFrameRate":115.189,"devices":[],"gestures":[],"hands":[],"id":180326,"interactionBox":{"center":[0,200,0],"size":[235.247,235.247,147.751]},"pointables":[],"r":[[-0.929202,0.133245,0.344717],[-0.168075,0.678349,-0.715258],[-0.329142,-0.722557,-0.607928]],"s":1.89513,"t":[63.9719,-551.223,318.175],"timestamp":471769951382},{"currentFrameRate":115.201,"devices":[],"gestures":[],"hands":[],"id":180327,"interactionBox":{"center":[0,200,0],"size":[235.247,235.247,147.751]},"pointables":[],"r":[[-0.929202,0.133245,0.344717],[-0.168075,0.678349,-0.715258],[-0.329142,-0.722557,-0.607928]],"s":1.89513,"t":[63.9719,-551.223,318.175],"timestamp":471769960042},{"currentFrameRate":115.141,"devices":[],"gestures":[],"hands":[],"id":180328,"interactionBox":{"center":[0,200,0],"size":[235.247,235.247,147.751]},"pointables":[],"r":[[-0.929202,0.133245,0.344717],[-0.168075,0.678349,-0.715258],[-0.329142,-0.722557,-0.607928]],"s":1.89513,"t":[63.9719,-551.223,318.175],"timestamp":471769968830},{"currentFrameRate":115.213,"devices":[],"gestures":[],"hands":[],"id":180329,"interactionBox":{"center":[0,200,0],"size":[235.247,235.247,147.751]},"pointables":[],"r":[[-0.929202,0.133245,0.344717],[-0.168075,0.678349,-0.715258],[-0.329142,-0.722557,-0.607928]],"s":1.89513,"t":[63.9719,-551.223,318.175],"timestamp":471769977387},{"currentFrameRate":115.391,"devices":[],"gestures":[],"hands":[],"id":180330,"interactionBox":{"center":[0,200,0],"size":[235.247,235.247,147.751]},"pointables":[],"r":[[-0.929202,0.133245,0.344717],[-0.168075,0.678349,-0.715258],[-0.329142,-0.722557,-0.607928]],"s":1.89513,"t":[63.9719,-551.223,318.175],"timestamp":471769985751},{"currentFrameRate":115.416,"devices":[],"gestures":[],"hands":[],"id":180331,"interactionBox":{"center":[0,200,0],"size":[235.247,235.247,147.751]},"pointables":[],"r":[[-0.929202,0.133245,0.344717],[-0.168075,0.678349,-0.715258],[-0.329142,-0.722557,-0.607928]],"s":1.89513,"t":[63.9719,-551.223,318.175],"timestamp":471769994373},{"currentFrameRate":115.404,"devices":[],"gestures":[],"hands":[{"armBasis":[[0.709859,0.477948,-0.517364],[-0.237346,0.853891,0.463182],[0.663149,-0.206,0.719581]],"armWidth":59.7328,"confidence":0,"direction":[-0.549746,0.816603,0.175894],"elbow":[330.811,126.962,383.169],"grabAngle":3.04524,"grabStrength":1,"id":44,"palmNormal":[-0.630612,-0.267619,-0.728497],"palmPosition":[114.023,228.048,205.16],"palmVelocity":[1.19209e-7,1.19209e-7,1.19209e-7],"palmWidth":85.2964,"pinchDistance":11.3585,"pinchStrength":0.689133,"r":[[1,0,-3.33067e-17],[-7.39557e-34,1,-2.22045e-17],[3.33067e-17,2.22045e-17,1]],"s":1,"sphereCenter":[82.3046,225.923,184],"sphereRadius":31.2026,"stabilizedPalmPosition":[114.023,228.048,205.16],"t":[0,0,0],"timeVisible":0,"type":"right","wrist":[162.964,179.102,201.04]}],"id":180332,"interactionBox":{"center":[0,200,0],"size":[235.247,235.247,147.751]},"pointables":[{"bases":[[[0.677205,0.604501,0.41949],[0.0556819,-0.610587,0.789989],[0.733685,-0.511626,-0.447153]],[[0.333342,0.757187,0.561739],[-0.535023,-0.338665,0.773987],[0.776294,-0.558546,0.292221]],[[0.333342,0.757187,0.561739],[-0.755215,-0.142224,0.639861],[0.564387,-0.637527,0.52443]],[[0.333342,0.757187,0.561739],[-0.913728,0.112623,0.390407],[0.232347,-0.643416,0.729405]]],"btipPosition":[69.5963,233.082,157.791],"carpPosition":[129.059,172.452,204.229],"dipPosition":[74.6938,218.966,173.793],"direction":[-0.564387,0.637527,-0.52443],"extended":false,"handId":44,"id":440,"length":48.8552,"mcpPosition":[129.059,172.452,204.229],"pipPosition":[92.7328,198.589,190.555],"stabilizedTipPosition":[70.7687,229.835,161.471],"timeVisible":0,"tipPosition":[70.7687,229.835,161.471],"tipVelocity":[1.19209e-7,1.19209e-7,1.19209e-7],"tool":false,"touchDistance":1,"touchZone":"none","type":0,"width":18.9829},{"bases":[[[0.44774,0.641258,-0.62315],[0.529599,0.371336,0.76265],[0.720454,-0.671489,-0.173348]],[[0.431208,0.656392,-0.619039],[-0.599805,0.721089,0.346791],[0.674013,0.221763,0.704647]],[[0.431208,0.656392,-0.619039],[-0.874665,0.135748,-0.465332],[-0.221407,0.742106,0.632659]],[[0.431208,0.656392,-0.619039],[-0.643102,-0.257627,-0.721143],[-0.632834,0.709068,0.311037]]],"btipPosition":[77.5655,198.623,178.601],"carpPosition":[139.245,189.416,214.341],"dipPosition":[67.4297,209.98,183.582],"direction":[0.221407,-0.742106,-0.632659],"extended":false,"handId":44,"id":441,"length":55.1277,"mcpPosition":[89.5584,235.726,226.296],"pipPosition":[62.4131,226.794,197.917],"stabilizedTipPosition":[75.2343,201.235,179.746],"timeVisible":0,"tipPosition":[75.2343,201.235,179.746],"tipVelocity":[1.19209e-7,1.19209e-7,1.19209e-7],"tool":false,"touchDistance":1,"touchZone":"none","type":1,"width":18.1324},{"bases":[[[0.444072,0.471879,-0.761663],[0.613359,0.45957,0.642328],[0.653139,-0.752413,-0.0853496]],[[0.454489,0.459752,-0.762933],[-0.545719,0.820658,0.169446],[0.704011,0.339335,0.623875]],[[0.454489,0.459752,-0.762933],[-0.8711,0.0504807,-0.488505],[-0.186078,0.886611,0.423433]],[[0.454489,0.459752,-0.762933],[-0.639812,-0.427419,-0.638712],[-0.619742,0.778422,0.0998979]]],"btipPosition":[86.1557,194.231,172.884],"carpPosition":[144.805,197.701,208.538],"dipPosition":[75.2383,207.944,174.643],"direction":[0.186078,-0.886611,-0.423433],"extended":false,"handId":44,"id":442,"length":62.8136,"mcpPosition":[102.088,246.911,214.12],"pipPosition":[70.278,231.578,185.931],"stabilizedTipPosition":[83.6447,197.385,173.288],"timeVisible":0,"tipPosition":[83.6447,197.385,173.288],"tipVelocity":[1.19209e-7,1.19209e-7,1.19209e-7],"tool":false,"touchDistance":1,"touchZone":"none","type":2,"width":17.8085},{"bases":[[[0.487837,0.320016,-0.81216],[0.664027,0.46789,0.583221],[0.566642,-0.823813,0.0157543]],[[0.476108,0.336852,-0.812313],[-0.49705,0.865099,0.0674129],[0.725439,0.371664,0.579313]],[[0.476108,0.336852,-0.812313],[-0.875465,0.094426,-0.473966],[-0.0829528,0.936811,0.339859]],[[0.476108,0.336852,-0.812313],[-0.72363,-0.374803,-0.579554],[-0.499681,0.863744,0.0653092]]],"btipPosition":[97.1579,197.427,165.259],"carpPosition":[149.909,204.076,200.417],"dipPosition":[88.406,212.556,166.403],"direction":[0.0829528,-0.936811,-0.339859],"extended":false,"handId":44,"id":443,"length":60.3969,"mcpPosition":[116.636,252.45,199.492],"pipPosition":[86.2518,236.883,175.229],"stabilizedTipPosition":[95.1449,200.907,165.522],"timeVisible":0,"tipPosition":[95.1449,200.907,165.522],"tipVelocity":[1.19209e-7,1.19209e-7,1.19209e-7],"tool":false,"touchDistance":1,"touchZone":"none","type":3,"width":16.9459},{"bases":[[[0.433673,0.140781,-0.890005],[0.779255,0.437336,0.448886],[0.452425,-0.888211,0.0799567]],[[0.376373,0.246135,-0.893175],[-0.444438,0.893862,0.0590435],[0.812907,0.374739,0.445817]],[[0.376373,0.246135,-0.893175],[-0.92627,0.119932,-0.357268],[0.0191843,0.961787,0.273126]],[[0.376373,0.246135,-0.893175],[-0.81099,-0.378577,-0.446066],[-0.447928,0.892243,0.0571269]]],"btipPosition":[108.148,209.914,162.498],"carpPosition":[152.799,206.107,187.552],"dipPosition":[100.91,224.331,163.421],"direction":[-0.0191843,-0.961787,-0.273126],"extended":false,"handId":44,"id":444,"length":47.3501,"mcpPosition":[128.207,254.387,183.206],"pipPosition":[101.262,241.966,168.428],"stabilizedTipPosition":[106.483,213.23,162.71],"timeVisible":0,"tipPosition":[106.483,213.23,162.71],"tipVelocity":[1.19209e-7,1.19209e-7,1.19209e-7],"tool":false,"touchDistance":1,"touchZone":"none","type":4,"width":15.0527}],"r":[[1,0,-3.33067e-17],[-7.39557e-34,1,-2.22045e-17],[3.33067e-17,2.22045e-17,1]],"s":1,"t":[0,0,0],"timestamp":471770003059},{"currentFrameRate":115.411,"devices":[],"gestures":[],"hands":[{"armBasis":[[0.711044,0.502055,-0.492297],[-0.220728,0.824115,0.521645],[0.667604,-0.262249,0.6968]],"armWidth":59.526,"confidence":0.0455474,"direction":[-0.544847,0.825281,0.148504],"elbow":[332.966,116.692,377.205],"grabAngle":3.14159,"grabStrength":1,"id":44,"palmNormal":[-0.537807,-0.208045,-0.816995],"palmPosition":[115.35,233.065,202.571],"palmVelocity":[153.453,579.911,-299.226],"palmWidth":85.2964,"pinchDistance":6.50785,"pinchStrength":0.779323,"r":[[0.999645,-0.00698814,0.0257015],[0.00670662,0.999917,0.0110232],[-0.0257764,-0.010847,0.999609]],"s":1.03422,"sphereCenter":[90.0484,235.908,174.05],"sphereRadius":31.0101,"stabilizedPalmPosition":[114.154,228.543,204.905],"t":[0.663838,2.5087,-1.29445],"timeVisible":0.008652,"type":"right","wrist":[163.992,183.069,200.841]}],"id":180333,"interactionBox":{"center":[0,200,0],"size":[235.247,235.247,147.751]},"pointables":[{"bases":[[[0.633596,0.55838,0.535507],[-0.0646189,-0.651557,0.755842],[0.770961,-0.513503,-0.376742]],[[0.295455,0.710975,0.638139],[-0.581206,-0.396365,0.7107],[0.758225,-0.58087,0.296115]],[[0.295455,0.710975,0.638139],[-0.791968,-0.191306,0.579818],[0.534316,-0.676696,0.506546]],[[0.295455,0.710975,0.638139],[-0.941039,0.101373,0.322753],[0.164779,-0.695873,0.699006]]],"btipPosition":[72.3479,241.701,154.692],"carpPosition":[128.816,177.098,200.524],"dipPosition":[76.0145,226.216,170.246],"direction":[-0.534316,0.676696,-0.506546],"extended":false,"handId":44,"id":440,"length":49.5511,"mcpPosition":[128.816,177.098,200.524],"pipPosition":[93.3356,204.28,186.667],"stabilizedTipPosition":[71.4493,232.168,160.572],"timeVisible":0.008652,"tipPosition":[76.6928,238.447,155.192],"tipVelocity":[279.995,959.804,-370.032],"tool":false,"touchDistance":1,"touchZone":"none","type":0,"width":18.8883},{"bases":[[[0.542741,0.656117,-0.52435],[0.436157,0.313352,0.84355],[0.717774,-0.686528,-0.116102]],[[0.503333,0.692106,-0.517343],[-0.562395,0.716938,0.411961],[0.656024,0.0835972,0.750096]],[[0.503333,0.692106,-0.517343],[-0.788637,0.123264,-0.602376],[-0