{"frames":86,"data":[{"currentFrameRate":57.6515,"devices":[],"gestures":[],"hands":[{"armBasis":[[0.970146,-0.115577,-0.213208],[0.233589,0.681696,0.693345],[0.0652087,-0.722449,0.688342]],"armWidth":62.9279,"confidence":1,"direction":[0.200159,0.953801,-0.224055],"elbow":[37.3008,-57.2773,322.776],"grabAngle":2.96215,"grabStrength":1,"id":30,"palmNormal":[-0.148913,-0.19641,-0.969148],"palmPosition":[24.4411,200.295,118.115],"palmVelocity":[-4.26685,-1.14145,-4.77865],"palmWidth":87.9831,"pinchDistance":23.5348,"pinchStrength":0.985889,"r":[[0.854245,-0.114002,0.507216],[0.0274206,0.984182,0.175024],[-0.519147,-0.135606,0.843859]],"s":0.695556,"sphereCenter":[26.4663,205.271,70.7336],"sphereRadius":40.4994,"stabilizedPalmPosition":[33.6956,195.484,117.785],"t":[13.4441,18.5771,-2.65766],"timeVisible":5.35938,"type":"right","wrist":[20.2763,131.338,143.066]}],"id":24911,"interactionBox":{"center":[0,200,0],"size":[235.247,235.247,147.751]},"pointables":[{"bases":[[[0.561923,0.270307,0.781778],[-0.790866,-0.101428,0.603525],[0.242432,-0.957416,0.156782]],[[0.345227,0.740343,0.576811],[-0.870542,0.0229598,0.491559],[0.350678,-0.671838,0.652425]],[[0.345227,0.740343,0.576811],[-0.92924,0.183424,0.320732],[0.13165,-0.646721,0.751279]],[[0.345227,0.740343,0.576811],[-0.930647,0.34948,0.108441],[-0.121301,-0.574244,0.809648]]],"btipPosition":[-25.6833,217.425,51.9961],"carpPosition":[-7.16226,150.697,126.557],"dipPosition":[-28.427,204.436,70.3095],"direction":[-0.13165,0.646721,-0.751279],"extended":false,"handId":30,"id":300,"length":50.369,"mcpPosition":[-7.16226,150.697,126.557],"pipPosition":[-24.0888,183.125,95.066],"stabilizedTipPosition":[-24.7205,211.674,56.6145],"timeVisible":5.35938,"tipPosition":[-31.7288,215.642,59.0985],"tipVelocity":[-6.32258,-0.0258624,-2.72887],"tool":false,"touchDistance":0.191493,"touchZone":"hovering","type":0,"width":20.1816},{"bases":[[[0.98824,-0.0639762,-0.138881],[0.152416,0.339378,0.92822],[-0.0122508,-0.938472,0.345138]],[[0.984301,0.0324494,-0.173489],[0.0479933,0.896708,0.440013],[0.169847,-0.441431,0.881073]],[[0.984301,0.0324494,-0.173489],[-0.131055,0.792769,-0.595267],[0.118221,0.608658,0.784576]],[[0.984301,0.0324494,-0.173489],[-0.175494,0.284619,-0.94244],[0.0187967,0.958091,0.285845]]],"btipPosition":[-3.97642,217.558,57.5775],"carpPosition":[5.2765,162.506,141.762],"dipPosition":[-3.66604,233.378,62.2976],"direction":[-0.118221,-0.608658,-0.784576],"extended":false,"handId":30,"id":301,"length":56.8358,"mcpPosition":[6.148,229.267,117.209],"pipPosition":[-0.904397,247.596,80.6253],"stabilizedTipPosition":[-3.28798,221.962,58.3122],"timeVisible":5.35938,"tipPosition":[-3.74812,232.454,56.7975],"tipVelocity":[-7.59874,-5.46291,-6.00255],"tool":false,"touchDistance":-0.111056,"touchZone":"touching","type":1,"width":19.2774},{"bases":[[[0.936939,-0.247091,-0.247165],[0.31699,0.30299,0.898729],[-0.147179,-0.920404,0.362209]],[[0.944079,-0.191455,-0.26844],[0.230258,0.965559,0.121145],[0.236,-0.176181,0.955648]],[[0.944079,-0.191455,-0.26844],[-0.174211,0.401584,-0.8991],[0.279938,0.895587,0.345773]],[[0.944079,-0.191455,-0.26844],[-0.300281,-0.162978,-0.939824],[0.136184,0.967875,-0.211355]]],"btipPosition":[5.94237,190.954,66.8392],"carpPosition":[17.1741,162.846,141.457],"dipPosition":[8.41575,208.532,63.0006],"direction":[-0.279938,-0.895587,-0.345773],"extended":false,"handId":30,"id":302,"length":64.7599,"mcpPosition":[27.1032,224.938,117.022],"pipPosition":[16.1093,233.146,72.5035],"stabilizedTipPosition":[7.52064,195.827,65.2802],"timeVisible":5.35938,"tipPosition":[6.60527,201.932,61.2093],"tipVelocity":[-6.78807,-4.43703,-2.20629],"tool":false,"touchDistance":0.11306,"touchZone":"hovering","type":2,"width":18.933},{"bases":[[[0.878489,-0.401976,-0.258211],[0.378267,0.255067,0.889862],[-0.291842,-0.879407,0.376128]],[[0.894408,-0.34852,-0.2803],[0.371228,0.928036,0.0306495],[0.249447,-0.131469,0.959423]],[[0.894408,-0.34852,-0.2803],[-0.176765,0.300235,-0.937344],[0.410839,0.887915,0.206927]],[[0.894408,-0.34852,-0.2803],[-0.382675,-0.271934,-0.882956],[0.231504,0.896987,-0.37659]]],"btipPosition":[20.3677,179.892,76.0794],"carpPosition":[28.6422,160.919,139.031],"dipPosition":[24.5481,196.089,69.2791],"direction":[-0.410839,-0.887915,-0.206927],"extended":false,"handId":30,"id":303,"length":62.2683,"mcpPosition":[46.3191,214.184,116.249],"pipPosition":[35.5476,219.861,74.8192],"stabilizedTipPosition":[31.3376,183.888,69.5797],"timeVisible":5.35938,"tipPosition":[22.6974,190.812,70.1337],"tipVelocity":[-6.78444,-4.50696,-1.83082],"tool":false,"touchDistance":0.329926,"touchZone":"hovering","type":3,"width":18.0159},{"bases":[[[0.764149,-0.537638,-0.356401],[0.483019,0.110738,0.868579],[-0.427514,-0.835872,0.34431]],[[0.794303,-0.472859,-0.381428],[0.526254,0.849235,0.0430928],[0.303545,-0.234957,0.923394]],[[0.794303,-0.472859,-0.381428],[-0.182944,0.412528,-0.892386],[0.579323,0.778604,0.241166]],[[0.794303,-0.472859,-0.381428],[-0.499351,-0.150564,-0.853217],[0.346022,0.868179,-0.355716]]],"btipPosition":[35.1225,180.444,81.8591],"carpPosition":[38.2408,154.729,131.353],"dipPosition":[40.8868,194.907,75.9333],"direction":[-0.579323,-0.778604,-0.241166],"extended":false,"handId":30,"id":304,"length":48.8172,"mcpPosition":[62.211,201.596,112.048],"pipPosition":[51.8378,209.625,80.492],"stabilizedTipPosition":[46.4613,181.617,79.5194],"timeVisible":5.35938,"tipPosition":[37.6664,188.701,77.6762],"tipVelocity":[-6.36639,-3.88247,-3.99416],"tool":false,"touchDistance":0.247432,"touchZone":"hovering","type":4,"width":16.0032}],"r":[[0.854245,-0.114002,0.507216],[0.0274206,0.984182,0.175024],[-0.519147,-0.135606,0.843859]],"s":0.695556,"t":[13.4441,18.5771,-2.65766],"timestamp":230220509879},{"currentFrameRate":57.6544,"devices":[],"gestures":[],"hands":[{"armBasis":[[0.969971,-0.115741,-0.213916],[0.23419,0.681867,0.692973],[0.0656564,-0.722261,0.688497]],"armWidth":62.9279,"confidence":1,"direction":[0.199906,0.953759,-0.224456],"elbow":[37.3803,-57.2598,322.796],"grabAngle":2.96253,"grabStrength":1,"id":30,"palmNormal":[-0.149791,-0.196639,-0.968966],"palmPosition":[24.3797,200.258,118.074],"palmVelocity":[-3.53927,-2.16429,-2.32872],"palmWidth":87.9831,"pinchDistance":23.4887,"pinchStrength":0.987051,"r":[[0.854551,-0.114836,0.506513],[0.0280763,0.984038,0.175733],[-0.518608,-0.135951,0.844134]],"s":0.695943,"sphereCenter":[26.3766,205.211,70.6964],"sphereRadius":40.4988,"stabilizedPalmPosition":[33.6566,195.504,117.786],"t":[13.3751,18.5613,-2.69991],"timeVisible":5.37671,"type":"right","wrist":[20.2389,131.306,143.045]}],"id":24912,"interactionBox":{"center":[0,200,0],"size":[235.247,235.247,147.751]},"pointables":[{"bases":[[[0.562626,0.270514,0.7812],[-0.790307,-0.10133,0.604273],[0.242623,-0.957368,0.156779]],[[0.345762,0.740435,0.576372],[-0.870244,0.0233421,0.492067],[0.35089,-0.671722,0.65243]],[[0.345762,0.740435,0.576372],[-0.928955,0.183539,0.32149],[0.132256,-0.646583,0.751292]],[[0.345762,0.740435,0.576372],[-0.930598,0.349249,0.109597],[-0.120148,-0.574265,0.809805]]],"btipPosition":[-25.7907,217.378,51.9919],"carpPosition":[-7.21338,150.66,126.557],"dipPosition":[-28.5083,204.389,70.3088],"direction":[-0.132256,0.646583,-0.751292],"extended":false,"handId":30,"id":300,"length":50.369,"mcpPosition":[-7.21338,150.66,126.557],"pipPosition":[-24.1501,183.082,95.0657],"stabilizedTipPosition":[-24.7564,211.731,56.6059],"timeVisible":5.37671,"tipPosition":[-31.8378,215.586,59.1023],"tipVelocity":[-5.84845,-2.70734,-0.199059],"tool":false,"touchDistance":0.191436,"touchZone":"hovering","type":0,"width":20.1816},{"bases":[[[0.988116,-0.0639587,-0.139772],[0.15325,0.339598,0.928002],[-0.0118874,-0.938394,0.345364]],[[0.984078,0.0331029,-0.174625],[0.0476945,0.897283,0.438872],[0.171216,-0.440213,0.881418]],[[0.984078,0.0331029,-0.174625],[-0.132252,0.792763,-0.59501],[0.118739,0.608631,0.784518]],[[0.984078,0.0331029,-0.174625],[-0.176738,0.286177,-0.941736],[0.0187993,0.957605,0.287471]]],"btipPosition":[-4.10902,217.477,57.5074],"carpPosition":[5.23872,162.473,141.748],"dipPosition":[-3.79859,233.29,62.2544],"direction":[-0.118739,-0.608631,-0.784518],"extended":false,"handId":30,"id":301,"length":56.8358,"mcpPosition":[6.08438,229.229,117.179],"pipPosition":[-1.02483,247.507,80.5807],"stabilizedTipPosition":[-3.32989,221.915,58.3282],"timeVisible":5.37671,"tipPosition":[-3.86792,232.359,56.7824],"tipVelocity":[-7.64822,-4.75343,-3.68419],"tool":false,"touchDistance":-0.112121,"touchZone":"touching","type":1,"width":19.2774},{"bases":[[[0.936725,-0.247101,-0.247967],[0.317799,0.303211,0.898369],[-0.146801,-0.920328,0.362554]],[[0.943842,-0.19147,-0.269261],[0.230123,0.965745,0.119917],[0.237077,-0.175146,0.955572]],[[0.943842,-0.19147,-0.269261],[-0.175348,0.400432,-0.899393],[0.280027,0.896099,0.34437]],[[0.943842,-0.19147,-0.269261],[-0.301234,-0.163919,-0.939355],[0.135721,0.967714,-0.212391]]],"btipPosition":[5.83461,190.857,66.8517],"carpPosition":[17.1361,162.813,141.432],"dipPosition":[8.29956,208.432,62.9943],"direction":[-0.280027,-0.896099,-0.34437],"extended":false,"handId":30,"id":302,"length":64.7599,"mcpPosition":[27.0396,224.901,116.973],"pipPosition":[15.9955,233.06,72.4586],"stabilizedTipPosition":[7.47052,195.786,65.3108],"timeVisible":5.37671,"tipPosition":[6.49133,201.854,61.2029],"tipVelocity":[-6.32855,-5.63571,0.470254],"tool":false,"touchDistance":0.113196,"touchZone":"hovering","type":2,"width":18.933},{"bases":[[[0.878272,-0.401991,-0.258924],[0.37907,0.25529,0.889457],[-0.291453,-0.879335,0.376596]],[[0.894168,-0.348539,-0.281041],[0.370909,0.928218,0.0289434],[0.250779,-0.130121,0.959259]],[[0.894168,-0.348539,-0.281041],[-0.178255,0.298682,-0.937558],[0.410717,0.888431,0.204943]],[[0.894168,-0.348539,-0.281041],[-0.383797,-0.273422,-0.882009],[0.230572,0.896527,-0.378253]]],"btipPosition":[20.2665,179.791,76.106],"carpPosition":[28.602,160.886,138.995],"dipPosition":[24.4301,195.98,69.2757],"direction":[-0.410717,-0.888431,-0.204943],"extended":false,"handId":30,"id":303,"length":62.2683,"mcpPosition":[46.2553,214.148,116.185],"pipPosition":[35.4263,219.766,74.7627],"stabilizedTipPosition":[31.2314,183.884,69.6317],"timeVisible":5.37671,"tipPosition":[22.5856,190.727,70.1197],"tipVelocity":[-6.062,-5.91194,1.13683],"tool":false,"touchDistance":0.330254,"touchZone":"hovering","type":3,"width":18.0159},{"bases":[[[0.763849,-0.537681,-0.356978],[0.48381,0.110961,0.86811],[-0.427156,-0.835815,0.344893]],[[0.794032,-0.472774,-0.382096],[0.52581,0.849591,0.0414687],[0.30502,-0.233837,0.923192]],[[0.794032,-0.472774,-0.382096],[-0.184472,0.411522,-0.892536],[0.579209,0.779188,0.239548]],[[0.794032,-0.472774,-0.382096],[-0.500551,-0.151871,-0.852281],[0.344907,0.867997,-0.357239]]],"btipPosition":[35.0258,180.361,81.8467],"carpPosition":[38.1938,154.695,131.31],"dipPosition":[40.7716,194.821,75.8955],"direction":[-0.579209,-0.779188,-0.239548],"extended":false,"handId":30,"id":304,"length":48.8172,"mcpPosition":[62.144,201.559,111.973],"pipPosition":[51.7204,209.55,80.4236],"stabilizedTipPosition":[46.3719,181.636,79.5279],"timeVisible":5.37671,"tipPosition":[37.5646,188.638,77.6356],"tipVelocity":[-5.82327,-4.8456,-1.05449],"tool":false,"touchDistance":0.247127,"touchZone":"hovering","type":4,"width":16.0032}],"r":[[0.854551,-0.114836,0.506513],[0.0280763,0.984038,0.175733],[-0.518608,-0.135951,0.844134]],"s":0.695943,"t":[13.3751,18.5613,-2.69991],"timestamp":230220527214},{"currentFrameRate":57.6604,"devices":[],"gestures":[],"hands":[{"armBasis":[[0.970042,-0.115393,-0.213784],[0.233831,0.682171,0.692796],[0.0658936,-0.72203,0.688717]],"armWidth":62.9279,"confidence":1,"direction":[0.199755,0.953514,-0.225629],"elbow":[37.4236,-57.183,322.863],"grabAngle":2.96374,"grabStrength":1,"id":30,"palmNormal":[-0.149555,-0.197903,-0.968746],"palmPosition":[24.3493,200.248,118.006],"palmVelocity":[-1.7563,-0.540925,-3.93967],"palmWidth":87.9831,"pinchDistance":23.4423,"pinchStrength":0.988219,"r":[[0.854779,-0.115339,0.506013],[0.0285533,0.983967,0.176049],[-0.518206,-0.136035,0.844368]],"s":0.696618,"sphereCenter":[26.3703,205.128,70.6413],"sphereRadius":40.4935,"stabilizedPalmPosition":[33.6332,195.516,117.786],"t":[13.3254,18.5487,-2.75516],"timeVisible":5.39404,"type":"right","wrist":[20.2203,131.323,143.055]}],"id":24913,"interactionBox":{"center":[0,200,0],"size":[235.247,235.247,147.751]},"pointables":[{"bases":[[[0.562412,0.271624,0.780969],[-0.790409,-0.100724,0.604242],[0.242789,-0.957118,0.158046]],[[0.345566,0.741143,0.575579],[-0.870532,0.0241768,0.491518],[0.35037,-0.670912,0.653543]],[[0.345566,0.741143,0.575579],[-0.929015,0.183693,0.32123],[0.132347,-0.645728,0.752011]],[[0.345566,0.741143,0.575579],[-0.93078,0.348691,0.109831],[-0.119299,-0.573692,0.810337]]],"btipPosition":[-25.8097,217.293,51.8909],"carpPosition":[-7.23531,150.655,126.546],"dipPosition":[-28.5081,204.316,70.2199],"direction":[-0.132347,0.645728,-0.752011],"extended":false,"handId":30,"id":300,"length":50.369,"mcpPosition":[-7.23531,150.655,126.546],"pipPosition":[-24.1469,183.038,95.0005],"stabilizedTipPosition":[-24.7801,211.768,56.5988],"timeVisible":5.39404,"tipPosition":[-31.8531,215.489,58.9999],"tipVelocity":[-0.841452,-4.75166,-5.66771],"tool":false,"touchDistance":0.189799,"touchZone":"hovering","type":0,"width":20.1816},{"bases":[[[0.988157,-0.0639329,-0.139491],[0.152993,0.34081,0.9276],[-0.0117642,-0.937956,0.346555]],[[0.984044,0.0337384,-0.174698],[0.046676,0.89852,0.436444],[0.171694,-0.437634,0.882608]],[[0.984044,0.0337384,-0.174698],[-0.132983,0.791777,-0.596158],[0.118208,0.609878,0.78363]],[[0.984044,0.0337384,-0.174698],[-0.176974,0.287048,-0.941427],[0.0183844,0.957322,0.288438]]],"btipPosition":[-4.14585,217.331,57.354],"carpPosition":[5.21128,162.49,141.724],"dipPosition":[-3.84227,233.139,62.1169],"direction":[-0.118208,-0.609878,-0.78363],"extended":false,"handId":30,"id":301,"length":56.8358,"mcpPosition":[6.04817,229.214,117.07],"pipPosition":[-1.08092,247.386,80.4225],"stabilizedTipPosition":[-3.36119,221.875,58.3333],"timeVisible":5.39404,"tipPosition":[-3.89347,232.208,56.6767],"tipVelocity":[-2.21711,-8.47967,-8.64556],"tool":false,"touchDistance":-0.114617,"touchZone":"touching","type":1,"width":19.2774},{"bases":[[[0.936826,-0.247223,-0.247463],[0.317554,0.30442,0.898047],[-0.146685,-0.919896,0.363695]],[[0.943936,-0.191618,-0.268827],[0.22939,0.966316,0.116678],[0.237414,-0.171803,0.956095]],[[0.943936,-0.191618,-0.268827],[-0.176181,0.396258,-0.901077],[0.279187,0.897921,0.340283]],[[0.943936,-0.191618,-0.268827],[-0.301273,-0.167054,-0.93879],[0.13498,0.967148,-0.215418]]],"btipPosition":[5.8202,190.651,66.8956],"carpPosition":[17.1086,162.832,141.41],"dipPosition":[8.2717,208.216,62.9832],"direction":[-0.279187,-0.897921,-0.340283],"extended":false,"handId":30,"id":302,"length":64.7599,"mcpPosition":[27.0044,224.89,116.874],"pipPosition":[15.9446,232.894,72.3352],"stabilizedTipPosition":[7.42393,195.739,65.3402],"timeVisible":5.39404,"tipPosition":[6.47115,201.694,61.1808],"tipVelocity":[-1.01005,-12.0147,1.80331],"tool":false,"touchDistance":0.113717,"touchZone":"hovering","type":2,"width":18.933},{"bases":[[[0.878407,-0.402139,-0.258235],[0.378837,0.256499,0.889208],[-0.291348,-0.878915,0.377656]],[[0.894297,-0.348712,-0.280416],[0.370142,0.928621,0.0256586],[0.251453,-0.12674,0.959536]],[[0.894297,-0.348712,-0.280416],[-0.179397,0.294697,-0.9386],[0.409939,0.889693,0.200989]],[[0.894297,-0.348712,-0.280416],[-0.384175,-0.277013,-0.880723],[0.22944,0.895357,-0.381698]]],"btipPosition":[20.2458,179.625,76.1807],"carpPosition":[28.5755,160.904,138.978],"dipPosition":[24.3889,195.793,69.2881],"direction":[-0.409939,-0.889693,-0.200989],"extended":false,"handId":30,"id":303,"length":62.2683,"mcpPosition":[46.2224,214.14,116.104],"pipPosition":[35.3643,219.613,74.6692],"stabilizedTipPosition":[31.1288,183.878,69.6825],"timeVisible":5.39404,"tipPosition":[22.5532,190.583,70.1085],"tipVelocity":[-1.46729,-9.85776,3.48371],"tool":false,"touchDistance":0.33126,"touchZone":"hovering","type":3,"width":18.0159},{"bases":[[[0.764032,-0.537977,-0.356139],[0.483611,0.112165,0.868066],[-0.427054,-0.835464,0.34587]],[[0.794176,-0.473169,-0.381307],[0.525035,0.85021,0.0384928],[0.305977,-0.23077,0.923647]],[[0.794176,-0.473169,-0.381307],[-0.185756,0.408415,-0.893696],[0.5786,0.780582,0.236459]],[[0.794176,-0.473169,-0.381307],[-0.501188,-0.155166,-0.851313],[0.343649,0.867199,-0.360375]]],"btipPosition":[34.9961,180.234,81.8795],"carpPosition":[38.1701,154.706,131.303],"dipPosition":[40.7209,194.68,75.876],"direction":[-0.5786,-0.780582,-0.236459],"extended":false,"handId":30,"id":304,"length":48.8172,"mcpPosition":[62.1146,201.549,111.91],"pipPosition":[51.6582,209.436,80.3458],"stabilizedTipPosition":[46.2792,181.653,79.5368],"timeVisible":5.39404,"tipPosition":[37.5365,188.547,77.6044],"tipVelocity":[-1.99439,-7.52146,1.20111],"tool":false,"touchDistance":0.247474,"touchZone":"hovering","type":4,"width":16.0032}],"r":[[0.854779,-0.115339,0.506013],[0.0285533,0.983967,0.176049],[-0.518206,-0.136035,0.844368]],"s":0.696618,"t":[13.3254,18.5487,-2.75516],"timestamp":230220544537},{"currentFrameRate":57.6585,"devices":[],"gestures":[],"hands":[{"armBasis":[[0.970152,-0.115256,-0.213355],[0.233401,0.682509,0.692607],[0.0657895,-0.721732,0.689039]],"armWidth":62.9279,"confidence":1,"direction":[0.199849,0.953218,-0.226794],"elbow":[37.3655,-57.1001,322.967],"grabAngle":2.965,"grabStrength":1,"id":30,"palmNormal":[-0.149071,-0.19919,-0.968556],"palmPosition":[24.3269,200.225,117.945],"palmVelocity":[-1.29223,-1.34972,-3.50959],"palmWidth":87.9831,"pinchDistance":23.4095,"pinchStrength":0.989045,"r":[[0.854912,-0.115604,0.505729],[0.0289136,0.983958,0.176044],[-0.517967,-0.13588,0.844539]],"s":0.697538,"sphereCenter":[26.3789,205.033,70.5944],"sphereRadius":40.4882,"stabilizedPalmPosition":[33.618,195.523,117.787],"t":[13.2894,18.5307,-2.81323],"timeVisible":5.41139,"type":"right","wrist":[20.1893,131.328,143.075]}],"id":24914,"interactionBox":{"center":[0,200,0],"size":[235.247,235.247,147.751]},"pointables":[{"bases":[[[0.56202,0.27267,0.780887],[-0.790706,-0.099938,0.603983],[0.242729,-0.956903,0.159435]],[[0.345343,0.741812,0.57485],[-0.870947,0.0251797,0.490731],[0.349556,-0.670135,0.654775]],[[0.345343,0.741812,0.57485],[-0.929111,0.183931,0.320814],[0.132251,-0.644891,0.752745]],[[0.345343,0.741812,0.57485],[-0.930949,0.348212,0.109922],[-0.118629,-0.573117,0.810842]]],"btipPosition":[-25.8081,217.202,51.785],"carpPosition":[-7.26102,150.642,126.535],"dipPosition":[-28.4914,204.239,70.1254],"direction":[-0.132251,0.644891,-0.752745],"extended":false,"handId":30,"id":300,"length":50.369,"mcpPosition":[-7.26102,150.642,126.535],"pipPosition":[-24.1334,182.988,94.9302],"stabilizedTipPosition":[-24.7963,211.792,56.5929],"timeVisible":5.41139,"tipPosition":[-31.8397,215.385,58.8873],"tipVelocity":[0.291588,-5.05853,-5.95188],"tool":false,"touchDistance":0.188078,"touchZone":"hovering","type":0,"width":20.1816},{"bases":[[[0.988228,-0.0640984,-0.138916],[0.152526,0.342043,0.927223],[-0.0119182,-0.937496,0.347793]],[[0.984072,0.0341166,-0.174463],[0.0458108,0.899595,0.434317],[0.171763,-0.435392,0.883703]],[[0.984072,0.0341166,-0.174463],[-0.133298,0.790932,-0.597208],[0.117614,0.610952,0.782883]],[[0.984072,0.0341166,-0.174463],[-0.176833,0.288354,-0.941054],[0.0182016,0.956916,0.289794]]],"btipPosition":[-4.15431,217.195,57.1952],"carpPosition":[5.17783,162.498,141.703],"dipPosition":[-3.85375,232.996,61.9805],"direction":[-0.117614,-0.610952,-0.782883],"extended":false,"handId":30,"id":301,"length":56.8358,"mcpPosition":[6.02567,229.189,116.962],"pipPosition":[-1.10629,247.268,80.2687],"stabilizedTipPosition":[-3.38344,221.843,58.3321],"timeVisible":5.41139,"tipPosition":[-3.88695,232.055,56.5669],"tipVelocity":[-0.527801,-7.95961,-8.85434],"tool":false,"touchDistance":-0.117177,"touchZone":"touching","type":1,"width":19.2774},{"bases":[[[0.936953,-0.247533,-0.246671],[0.317103,0.305616,0.8978],[-0.146848,-0.919416,0.364842]],[[0.944073,-0.191955,-0.268104],[0.228835,0.966816,0.113581],[0.237405,-0.16858,0.956671]],[[0.944073,-0.191955,-0.268104],[-0.176665,0.392081,-0.902808],[0.278417,0.899681,0.336241]],[[0.944073,-0.191955,-0.268104],[-0.301121,-0.17058,-0.938205],[0.13436,0.966466,-0.218841]]],"btipPosition":[5.83068,190.44,66.9498],"carpPosition":[17.0753,162.84,141.395],"dipPosition":[8.27092,207.993,62.9752],"direction":[-0.278417,-0.899681,-0.336241],"extended":false,"handId":30,"id":302,"length":64.7599,"mcpPosition":[26.982,224.866,116.782],"pipPosition":[15.9227,232.719,72.2161],"stabilizedTipPosition":[7.38202,195.688,65.3685],"timeVisible":5.41139,"tipPosition":[6.47598,201.52,61.1608],"tipVelocity":[0.454461,-12.3248,2.29867],"tool":false,"touchDistance":0.114382,"touchZone":"hovering","type":2,"width":18.933},{"bases":[[[0.878542,-0.402464,-0.257266],[0.378391,0.257686,0.889055],[-0.291519,-0.87842,0.378677]],[[0.894442,-0.349066,-0.27951],[0.369595,0.928917,0.0226378],[0.25174,-0.123554,0.959876]],[[0.894442,-0.349066,-0.27951],[-0.18015,0.290812,-0.939667],[0.409291,0.890832,0.197231]],[[0.894442,-0.349066,-0.27951],[-0.384414,-0.280844,-0.879405],[0.228472,0.894024,-0.385385]]],"btipPosition":[20.2465,179.456,76.2647],"carpPosition":[28.5434,160.909,138.971],"dipPosition":[24.3721,195.6,69.3056],"direction":[-0.409291,-0.890832,-0.197231],"extended":false,"handId":30,"id":303,"length":62.2683,"mcpPosition":[46.2007,214.115,116.035],"pipPosition":[35.3302,219.45,74.5861],"stabilizedTipPosition":[31.0311,183.871,69.7314],"timeVisible":5.41139,"tipPosition":[22.5417,190.427,70.1034],"tipVelocity":[-0.191068,-10.0909,3.96014],"tool":false,"touchDistance":0.332405,"touchZone":"hovering","type":3,"width":18.0159},{"bases":[[[0.764219,-0.538434,-0.355047],[0.483179,0.113325,0.868156],[-0.427209,-0.835013,0.346765]],[[0.7943,-0.473835,-0.380221],[0.524577,0.850609,0.0358292],[0.306442,-0.227914,0.924201]],[[0.7943,-0.473835,-0.380221],[-0.18649,0.405468,-0.894884],[0.578195,0.781714,0.233697]],[[0.7943,-0.473835,-0.380221],[-0.501597,-0.158384,-0.85048],[0.342766,0.866253,-0.363478]]],"btipPosition":[34.9831,180.1,81.9206],"carpPosition":[38.142,154.7,131.309],"dipPosition":[40.6933,194.531,75.8654],"direction":[-0.578195,-0.781714,-0.233697],"extended":false,"handId":30,"id":304,"length":48.8172,"mcpPosition":[62.0951,201.519,111.866],"pipPosition":[51.6229,209.307,80.283],"stabilizedTipPosition":[46.1857,181.67,79.5461],"timeVisible":5.41139,"tipPosition":[37.5269,188.44,77.5834],"tipVelocity":[-0.940698,-7.93023,1.68123],"tool":false,"touchDistance":0.24796,"touchZone":"hovering","type":4,"width":16.0032}],"r":[[0.854912,-0.115604,0.505729],[0.0289136,0.983958,0.176044],[-0.517967,-0.13588,0.844539]],"s":0.697538,"t":[13.2894,18.5307,-2.81323],"timestamp":230220561887},{"currentFrameRate":57.6691,"devices":[],"gestures":[],"hands":[{"armBasis":[[0.970387,-0.115199,-0.212317],[0.232587,0.682878,0.692518],[0.065209,-0.721392,0.68945]],"armWidth":62.9279,"confidence":1,"direction":[0.199522,0.953218,-0.227082],"elbow":[37.2339,-57.0411,323.034],"grabAngle":2.96525,"grabStrength":1,"id":30,"palmNormal":[-0.148322,-0.199693,-0.968568],"palmPosition":[24.3343,200.186,117.877],"palmVelocity":[0.428048,-2.26362,-3.96924],"palmWidth":87.9831,"pinchDistance":23.3799,"pinchStrength":0.989793,"r":[[0.854962,-0.115685,0.505626],[0.0290793,0.983968,0.175957],[-0.517875,-0.135733,0.844619]],"s":0.698439,"sphereCenter":[26.4268,204.965,70.5333],"sphereRadius":40.4874,"stabilizedPalmPosition":[33.6075,195.529,117.787],"t":[13.2751,18.5021,-2.87661],"timeVisible":5.42869,"type":"right","wrist":[20.2093,131.298,143.034]}],"id":24915,"interactionBox":{"center":[0,200,0],"size":[235.247,235.247,147.751]},"pointables":[{"bases":[[[0.561359,0.273298,0.781143],[-0.791061,-0.100068,0.603498],[0.243102,-0.95671,0.160021]],[[0.344628,0.742183,0.574801],[-0.87144,0.025271,0.489851],[0.349033,-0.669721,0.655476]],[[0.344628,0.742183,0.574801],[-0.929379,0.183498,0.320288],[0.132237,-0.644588,0.753007]],[[0.344628,0.742183,0.574801],[-0.931253,0.347471,0.109689],[-0.118318,-0.573087,0.810908]]],"btipPosition":[-25.7629,217.12,51.6731],"carpPosition":[-7.23445,150.591,126.467],"dipPosition":[-28.4391,204.157,70.015],"direction":[-0.132237,0.644588,-0.753007],"extended":false,"handId":30,"id":300,"length":50.369,"mcpPosition":[-7.23445,150.591,126.467],"pipPosition":[-24.0816,182.917,94.8284],"stabilizedTipPosition":[-24.8074,211.808,56.588],"timeVisible":5.42869,"tipPosition":[-31.796,215.29,58.7721],"tipVelocity":[2.70535,-4.72239,-6.44749],"tool":false,"touchDistance":0.186219,"touchZone":"hovering","type":0,"width":20.1816},{"bases":[[[0.988352,-0.063663,-0.138226],[0.151733,0.342529,0.927174],[-0.0116803,-0.937348,0.348199]],[[0.984129,0.0349732,-0.173974],[0.0446167,0.900128,0.433334],[0.171754,-0.434219,0.884282]],[[0.984129,0.0349732,-0.173974],[-0.1337,0.790761,-0.597346],[0.116681,0.611126,0.782886]],[[0.984129,0.0349732,-0.173974],[-0.176574,0.290547,-0.940428],[0.0176579,0.956221,0.292111]]],"btipPosition":[-4.12962,217.104,57.0391],"carpPosition":[5.18827,162.459,141.638],"dipPosition":[-3.83804,232.894,61.8627],"direction":[-0.116681,-0.611126,-0.782886],"extended":false,"handId":30,"id":301,"length":56.8358,"mcpPosition":[6.01919,229.141,116.868],"pipPosition":[-1.11238,247.17,80.1509],"stabilizedTipPosition":[-3.39694,221.821,58.3285],"timeVisible":5.42869,"tipPosition":[-3.85513,231.934,56.4713],"tipVelocity":[1.30727,-5.35811,-8.51332],"tool":false,"touchDistance":-0.119633,"touchZone":"touching","type":1,"width":19.2774},{"bases":[[[0.937242,-0.247171,-0.245934],[0.316348,0.306173,0.897877],[-0.146631,-0.919329,0.36515]],[[0.944348,-0.191599,-0.267387],[0.227999,0.967175,0.112199],[0.237113,-0.166919,0.957035]],[[0.944348,-0.191599,-0.267387],[-0.17676,0.389961,-0.903707],[0.27742,0.900678,0.334392]],[[0.944348,-0.191599,-0.267387],[-0.30059,-0.172468,-0.93803],[0.13361,0.966201,-0.220462]]],"btipPosition":[5.88115,190.302,66.9353],"carpPosition":[17.0858,162.807,141.338],"dipPosition":[8.30777,207.85,62.9313],"direction":[-0.27742,-0.900678,-0.334392],"extended":false,"handId":30,"id":302,"length":64.7599,"mcpPosition":[26.9778,224.827,116.704],"pipPosition":[15.9321,232.603,72.1214],"stabilizedTipPosition":[7.34592,195.636,65.3932],"timeVisible":5.42869,"tipPosition":[6.52032,201.405,61.1087],"tipVelocity":[2.73533,-8.05765,-1.22814],"tool":false,"touchDistance":0.114027,"touchZone":"hovering","type":2,"width":18.933},{"bases":[[[0.878917,-0.402136,-0.2565],[0.377666,0.258269,0.889194],[-0.291331,-0.878398,0.37887]],[[0.894805,-0.34874,-0.278757],[0.368826,0.929253,0.0213787],[0.25158,-0.121942,0.960124]],[[0.894805,-0.34874,-0.278757],[-0.180253,0.289026,-0.940198],[0.408453,0.89154,0.19576]],[[0.894805,-0.34874,-0.278757],[-0.384023,-0.28276,-0.878961],[0.227708,0.893547,-0.386939]]],"btipPosition":[20.2913,179.347,76.2613],"carpPosition":[28.5565,160.881,138.923],"dipPosition":[24.4032,195.482,69.2741],"direction":[-0.408453,-0.89154,-0.19576],"extended":false,"handId":30,"id":303,"length":62.2683,"mcpPosition":[46.2024,214.086,115.975],"pipPosition":[35.3388,219.351,74.5152],"stabilizedTipPosition":[30.9317,183.863,69.7814],"timeVisible":5.42869,"tipPosition":[22.5795,190.329,70.0605],"tipVelocity":[2.40878,-6.41187,-0.571727],"tool":false,"touchDistance":0.33224,"touchZone":"hovering","type":3,"width":18.0159},{"bases":[[[0.764727,-0.538207,-0.354297],[0.48254,0.113952,0.86843],[-0.427022,-0.835074,0.346848]],[[0.794815,-0.473551,-0.379499],[0.523748,0.851161,0.0348211],[0.306525,-0.226438,0.924537]],[[0.794815,-0.473551,-0.379499],[-0.186671,0.40425,-0.895397],[0.577428,0.782516,0.232906]],[[0.794815,-0.473551,-0.379499],[-0.501268,-0.159833,-0.850402],[0.342052,0.866142,-0.364414]]],"btipPosition":[35.0175,180.013,81.8957],"carpPosition":[38.1633,154.674,131.27],"dipPosition":[40.7157,194.442,75.825],"direction":[-0.577428,-0.782516,-0.232906],"extended":false,"handId":30,"id":304,"length":48.8172,"mcpPosition":[62.106,201.496,111.822],"pipPosition":[51.6309,209.234,80.2276],"stabilizedTipPosition":[46.0961,181.685,79.5547],"timeVisible":5.42869,"tipPosition":[37.5635,188.374,77.5378],"tipVelocity":[1.82836,-5.03169,-1.64441],"tool":false,"touchDistance":0.247486,"touchZone":"hovering","type":4,"width":16.0032}],"r":[[0.854962,-0.115685,0.505626],[0.0290793,0.983968,0.175957],[-0.517875,-0.135733,0.844619]],"s":0.698439,"t":[13.2751,18.5021,-2.87661],"timestamp":230220579192},{"currentFrameRate":57.6744,"devices":[],"gestures":[],"hands":[{"armBasis":[[0.970834,-0.11468,-0.210544],[0.230931,0.683301,0.692654],[0.0644315,-0.721074,0.689856]],"armWidth":62.9279,"confidence":1,"direction":[0.199125,0.952847,-0.228982],"elbow":[37.097,-56.9838,323.156],"grabAngle":2.96487,"grabStrength":1,"id":30,"palmNormal":[-0.14681,-0.202019,-0.968316],"palmPosition":[24.3874,200.115,117.758],"palmVelocity":[3.06423,-4.11023,-6.85556],"palmWidth":87.9831,"pinchDistance":23.3579,"pinchStrength":0.990347,"r":[[0.854877,-0.115389,0.505836],[0.0290141,0.984062,0.175445],[-0.518019,-0.135308,0.8446]],"s":0.699009,"sphereCenter":[26.5548,204.78,70.4073],"sphereRadius":40.4854,"stabilizedPalmPosition":[33.5988,195.533,117.787],"t":[13.2944,18.4522,-2.96767],"timeVisible":5.44601,"type":"right","wrist":[20.2754,131.272,143.05]}],"id":24916,"interactionBox":{"center":[0,200,0],"size":[235.247,235.247,147.751]},"pointables":[{"bases":[[[0.560056,0.275507,0.781303],[-0.791832,-0.0992853,0.602614],[0.243596,-0.956158,0.16255]],[[0.343286,0.743724,0.573611],[-0.872194,0.025838,0.488477],[0.348471,-0.667988,0.657541]],[[0.343286,0.743724,0.573611],[-0.92994,0.18345,0.318681],[0.131782,-0.642823,0.754594]],[[0.343286,0.743724,0.573611],[-0.931687,0.346894,0.107812],[-0.118799,-0.571437,0.812002]]],"btipPosition":[-25.6315,216.866,51.4468],"carpPosition":[-7.15614,150.515,126.417],"dipPosition":[-28.3187,203.94,69.8134],"direction":[-0.131782,0.642823,-0.754594],"extended":false,"handId":30,"id":300,"length":50.369,"mcpPosition":[-7.15614,150.515,126.417],"pipPosition":[-23.9761,182.758,94.6791],"stabilizedTipPosition":[-24.8168,211.822,56.582],"timeVisible":5.44601,"tipPosition":[-31.6692,215.041,58.5392],"tipVelocity":[7.43892,-14.1923,-12.7395],"tool":false,"touchDistance":0.182541,"touchZone":"hovering","type":0,"width":20.1816},{"bases":[[[0.988593,-0.0632331,-0.136693],[0.150173,0.344762,0.9266],[-0.0114653,-0.936558,0.350326]],[[0.984326,0.0355187,-0.172744],[0.0430119,0.90158,0.430468],[0.171032,-0.431151,0.885922]],[[0.984326,0.0355187,-0.172744],[-0.133752,0.788768,-0.599963],[0.114945,0.613665,0.781155]],[[0.984326,0.0355187,-0.172744],[-0.175568,0.289916,-0.94081],[0.0166649,0.956393,0.291608]]],"btipPosition":[-4.00993,216.828,56.8091],"carpPosition":[5.23633,162.428,141.579],"dipPosition":[-3.73475,232.62,61.6243],"direction":[-0.114945,-0.613665,-0.781155],"extended":false,"handId":30,"id":301,"length":56.8358,"mcpPosition":[6.05195,229.053,116.657],"pipPosition":[-1.04964,246.955,79.8721],"stabilizedTipPosition":[-3.40774,221.794,58.3204],"timeVisible":5.44601,"tipPosition":[-3.74034,231.661,56.2466],"tipVelocity":[6.69248,-15.9515,-13.39],"tool":false,"touchDistance":-0.123498,"touchZone":"touching","type":1,"width":19.2774},{"bases":[[[0.937773,-0.247025,-0.244052],[0.314856,0.308463,0.897617],[-0.146453,-0.918602,0.367046]],[[0.944867,-0.191497,-0.265622],[0.226996,0.967683,0.109826],[0.236007,-0.164066,0.957801]],[[0.944867,-0.191497,-0.265622],[-0.176035,0.386939,-0.905146],[0.276113,0.902002,0.331896]],[[0.944867,-0.191497,-0.265622],[-0.299252,-0.175637,-0.93787],[0.132946,0.96565,-0.22326]]],"btipPosition":[6.01685,190.07,66.8476],"carpPosition":[17.134,162.784,141.295],"dipPosition":[8.43141,207.609,62.7928],"direction":[-0.276113,-0.902002,-0.331896],"extended":false,"handId":30,"id":302,"length":64.7599,"mcpPosition":[27.014,224.755,116.533],"pipPosition":[16.0198,232.398,71.9143],"stabilizedTipPosition":[7.31932,195.583,65.4111],"timeVisible":5.44601,"tipPosition":[6.65204,201.17,60.9767],"tipVelocity":[7.67451,-13.4816,-5.73714],"tool":false,"touchDistance":0.112371,"touchZone":"hovering","type":2,"width":18.933},{"bases":[[[0.879578,-0.402058,-0.254345],[0.376222,0.260586,0.88913],[-0.291203,-0.87775,0.380469]],[[0.895457,-0.348701,-0.276702],[0.368062,0.929594,0.0196367],[0.250373,-0.119427,0.960755]],[[0.895457,-0.348701,-0.276702],[-0.17912,0.286802,-0.941095],[0.40752,0.892273,0.19436]],[[0.895457,-0.348701,-0.276702],[-0.382571,-0.28504,-0.878858],[0.227588,0.892838,-0.388644]]],"btipPosition":[20.4159,179.172,76.1824],"carpPosition":[28.6095,160.861,138.9],"dipPosition":[24.5255,195.295,69.1645],"direction":[-0.40752,-0.892273,-0.19436],"extended":false,"handId":30,"id":303,"length":62.2683,"mcpPosition":[46.2477,214.027,115.855],"pipPosition":[35.4361,219.184,74.3681],"stabilizedTipPosition":[30.8378,183.854,69.8284],"timeVisible":5.44601,"tipPosition":[22.7066,190.145,69.9639],"tipVelocity":[7.15996,-10.2444,-4.96005],"tool":false,"touchDistance":0.330808,"touchZone":"hovering","type":3,"width":18.0159},{"bases":[[[0.765628,-0.538438,-0.351991],[0.481233,0.116301,0.868843],[-0.426881,-0.834601,0.348158]],[[0.795629,-0.473992,-0.377235],[0.523184,0.851562,0.0334741],[0.305372,-0.223996,0.925513]],[[0.795629,-0.473992,-0.377235],[-0.185407,0.402304,-0.896535],[0.576713,0.783252,0.232204]],[[0.795629,-0.473992,-0.377235],[-0.499766,-0.161658,-0.850941],[0.342356,0.865563,-0.365505]]],"btipPosition":[35.1259,179.869,81.8251],"carpPosition":[38.2317,154.644,131.275],"dipPosition":[40.8292,194.288,75.7362],"direction":[-0.576713,-0.783252,-0.232204],"extended":false,"handId":30,"id":304,"length":48.8172,"mcpPosition":[62.1665,201.439,111.754],"pipPosition":[51.7308,209.094,80.1255],"stabilizedTipPosition":[46.0117,181.698,79.5623],"timeVisible":5.44601,"tipPosition":[37.6809,188.216,77.4677],"tipVelocity":[6.32579,-8.45473,-4.31798],"tool":false,"touchDistance":0.24624,"touchZone":"hovering","type":4,"width":16.0032}],"r":[[0.854877,-0.115389,0.505836],[0.0290141,0.984062,0.175445],[-0.518019,-0.135308,0.8446]],"s":0.699009,"t":[13.2944,18.4522,-2.96767],"timestamp":230220596513},{"currentFrameRate":57.6757,"devices":[],"gestures":[],"hands":[{"armBasis":[[0.971069,-0.114581,-0.209515],[0.230108,0.683542,0.692692],[0.0638431,-0.720862,0.690132]],"armWidth":62.9279,"confidence":1,"direction":[0.199366,0.952667,-0.229518],"elbow":[37.0152,-57.0274,323.147],"grabAngle":2.9629,"grabStrength":1,"id":30,"palmNormal":[-0.145727,-0.202791,-0.968318],"palmPosition":[24.4845,199.998,117.632],"palmVelocity":[5.60442,-6.71471,-7.26077],"palmWidth":87.9831,"pinchDistance":23.3807,"pinchStrength":0.989773,"r":[[0.854697,-0.11507,0.506214],[0.02892,0.984164,0.174886],[-0.518321,-0.134835,0.84449]],"s":0.699358,"sphereCenter":[26.7027,204.626,70.2695],"sphereRadius":40.4907,"stabilizedPalmPosition":[33.5886,195.538,117.787],"t":[13.3527,18.369,-3.07613],"timeVisible":5.46335,"type":"right","wrist":[20.3472,131.173,142.97]}],"id":24917,"interactionBox":{"center":[0,200,0],"size":[235.247,235.247,147.751]},"pointables":[{"bases":[[[0.55918,0.276137,0.781707],[-0.792503,-0.0988178,0.601809],[0.243428,-0.956025,0.163582]],[[0.342571,0.74427,0.57333],[-0.872861,0.0264155,0.487253],[0.347503,-0.667357,0.658693]],[[0.342571,0.74427,0.57333],[-0.930227,0.183215,0.317979],[0.131619,-0.642258,0.755104]],[[0.342571,0.74427,0.57333],[-0.932,0.346136,0.107543],[-0.118409,-0.571185,0.812236]]],"btipPosition":[-25.5001,216.701,51.2475],"carpPosition":[-7.06792,150.405,126.296],"dipPosition":[-28.1783,203.781,69.6194],"direction":[-0.131619,0.642258,-0.755104],"extended":false,"handId":30,"id":300,"length":50.369,"mcpPosition":[-7.06792,150.405,126.296],"pipPosition":[-23.8412,182.617,94.5019],"stabilizedTipPosition":[-24.8241,211.832,56.5759],"timeVisible":5.46335,"tipPosition":[-31.4943,214.874,58.3326],"tipVelocity":[7.70261,-9.42768,-11.4251],"tool":false,"touchDistance":0.17924,"touchZone":"hovering","type":0,"width":20.1816},{"bases":[[[0.988746,-0.0633268,-0.13554],[0.149134,0.345502,0.926492],[-0.0118426,-0.936279,0.351058]],[[0.984502,0.0355512,-0.171729],[0.0424145,0.901896,0.429866],[0.170164,-0.430488,0.886411]],[[0.984502,0.0355512,-0.171729],[-0.133181,0.78865,-0.600245],[0.114095,0.613814,0.781163]],[[0.984502,0.0355512,-0.171729],[-0.174567,0.292315,-0.940255],[0.0167719,0.955661,0.29399]]],"btipPosition":[-3.85784,216.691,56.5799],"carpPosition":[5.30746,162.33,141.462],"dipPosition":[-3.58089,232.472,61.4345],"direction":[-0.114095,-0.613814,-0.781163],"extended":false,"handId":30,"id":301,"length":56.8358,"mcpPosition":[6.14992,228.936,116.488],"pipPosition":[-0.915634,246.81,79.6825],"stabilizedTipPosition":[-3.41395,221.77,58.3104],"timeVisible":5.46335,"tipPosition":[-3.57581,231.455,56.0702],"tipVelocity":[8.79729,-8.03485,-12.6989],"tool":false,"touchDistance":-0.127167,"touchZone":"touching","type":1,"width":19.2774},{"bases":[[[0.938048,-0.247205,-0.242809],[0.31385,0.309182,0.897722],[-0.146849,-0.918312,0.367613]],[[0.945165,-0.191694,-0.264416],[0.227018,0.967664,0.109954],[0.234788,-0.163952,0.95812]],[[0.945165,-0.191694,-0.264416],[-0.174874,0.386729,-0.905461],[0.275829,0.90205,0.332001]],[[0.945165,-0.191694,-0.264416],[-0.298112,-0.17573,-0.938215],[0.133385,0.965594,-0.22324]]],"btipPosition":[6.17162,189.947,66.687],"carpPosition":[17.2054,162.686,141.19],"dipPosition":[8.59415,207.485,62.6325],"direction":[-0.275829,-0.90205,-0.332001],"extended":false,"handId":30,"id":302,"length":64.7599,"mcpPosition":[27.1122,224.638,116.39],"pipPosition":[16.1748,232.276,71.7569],"stabilizedTipPosition":[7.30408,195.542,65.42],"timeVisible":5.46335,"tipPosition":[6.81229,200.99,60.8433],"tipVelocity":[9.03452,-7.10724,-9.26284],"tool":false,"touchDistance":0.109695,"touchZone":"hovering","type":2,"width":18.933},{"bases":[[[0.879867,-0.402247,-0.253044],[0.375226,0.261299,0.889341],[-0.291615,-0.877451,0.380842]],[[0.89577,-0.348908,-0.275426],[0.368228,0.929519,0.0200823],[0.249006,-0.119408,0.961113]],[[0.89577,-0.348908,-0.275426],[-0.177416,0.287493,-0.941207],[0.407577,0.891971,0.195625]],[[0.89577,-0.348908,-0.275426],[-0.38116,-0.284078,-0.879782],[0.228721,0.893064,-0.387458]]],"btipPosition":[20.5519,179.058,75.9991],"carpPosition":[28.6836,160.762,138.81],"dipPosition":[24.6821,195.184,69.0026],"direction":[-0.407577,-0.891971,-0.195625],"extended":false,"handId":30,"id":303,"length":62.2683,"mcpPosition":[46.3467,213.909,115.742],"pipPosition":[35.5942,219.065,74.2401],"stabilizedTipPosition":[30.769,183.846,69.862],"timeVisible":5.46335,"tipPosition":[22.8506,189.955,69.8663],"tipVelocity":[8.12201,-6.54372,-10.2898],"tool":false,"touchDistance":0.327836,"touchZone":"hovering","type":3,"width":18.0159},{"bases":[[[0.766028,-0.538707,-0.350708],[0.480262,0.117,0.869286],[-0.427257,-0.83433,0.348346]],[[0.796085,-0.474213,-0.375994],[0.523279,0.851482,0.0340175],[0.304021,-0.223831,0.925997]],[[0.796085,-0.474213,-0.375994],[-0.183582,0.402784,-0.896695],[0.576669,0.782871,0.233593]],[[0.796085,-0.474213,-0.375994],[-0.498113,-0.160584,-0.852113],[0.343704,0.865641,-0.36405]]],"btipPosition":[35.2543,179.748,81.6732],"carpPosition":[38.3144,154.539,131.2],"dipPosition":[40.98,194.169,75.6086],"direction":[-0.576669,-0.782871,-0.233593],"extended":false,"handId":30,"id":304,"length":48.8172,"mcpPosition":[62.2703,201.319,111.669],"pipPosition":[51.8808,208.968,80.0242],"stabilizedTipPosition":[45.9449,181.708,79.5674],"timeVisible":5.46335,"tipPosition":[37.8186,188.049,77.3766],"tipVelocity":[7.70311,-6.92757,-8.43747],"tool":false,"touchDistance":0.243802,"touchZone":"hovering","type":4,"width":16.0032}],"r":[[0.854697,-0.11507,0.506214],[0.02892,0.984164,0.174886],[-0.518321,-0.134835,0.84449]],"s":0.699358,"t":[13.3527,18.369,-