{"frames":125,"data":[{"currentFrameRate":30.0415,"devices":[],"gestures":[],"hands":[],"id":68624,"interactionBox":{"center":[0,200,0],"size":[235.247,235.247,147.751]},"pointables":[],"r":[[-0.428549,0.738117,-0.521085],[0.153241,-0.508995,-0.847019],[-0.890429,-0.44284,0.105019]],"s":5.4796,"t":[-178.347,-627.89,1326.34],"timestamp":87265516870},{"currentFrameRate":30.039,"devices":[],"gestures":[],"hands":[],"id":68625,"interactionBox":{"center":[0,200,0],"size":[235.247,235.247,147.751]},"pointables":[],"r":[[-0.428549,0.738117,-0.521085],[0.153241,-0.508995,-0.847019],[-0.890429,-0.44284,0.105019]],"s":5.4796,"t":[-178.347,-627.89,1326.34],"timestamp":87265550175},{"currentFrameRate":30.0354,"devices":[],"gestures":[],"hands":[],"id":68626,"interactionBox":{"center":[0,200,0],"size":[235.247,235.247,147.751]},"pointables":[],"r":[[-0.428549,0.738117,-0.521085],[0.153241,-0.508995,-0.847019],[-0.890429,-0.44284,0.105019]],"s":5.4796,"t":[-178.347,-627.89,1326.34],"timestamp":87265583491},{"currentFrameRate":30.0602,"devices":[],"gestures":[],"hands":[],"id":68627,"interactionBox":{"center":[0,200,0],"size":[235.247,235.247,147.751]},"pointables":[],"r":[[-0.428549,0.738117,-0.521085],[0.153241,-0.508995,-0.847019],[-0.890429,-0.44284,0.105019]],"s":5.4796,"t":[-178.347,-627.89,1326.34],"timestamp":87265616606},{"currentFrameRate":30.035,"devices":[],"gestures":[],"hands":[],"id":68628,"interactionBox":{"center":[0,200,0],"size":[235.247,235.247,147.751]},"pointables":[],"r":[[-0.428549,0.738117,-0.521085],[0.153241,-0.508995,-0.847019],[-0.890429,-0.44284,0.105019]],"s":5.4796,"t":[-178.347,-627.89,1326.34],"timestamp":87265650055},{"currentFrameRate":30.0723,"devices":[],"gestures":[],"hands":[],"id":68629,"interactionBox":{"center":[0,200,0],"size":[235.247,235.247,147.751]},"pointables":[],"r":[[-0.428549,0.738117,-0.521085],[0.153241,-0.508995,-0.847019],[-0.890429,-0.44284,0.105019]],"s":5.4796,"t":[-178.347,-627.89,1326.34],"timestamp":87265683080},{"currentFrameRate":30.0766,"devices":[],"gestures":[],"hands":[],"id":68630,"interactionBox":{"center":[0,200,0],"size":[235.247,235.247,147.751]},"pointables":[],"r":[[-0.428549,0.738117,-0.521085],[0.153241,-0.508995,-0.847019],[-0.890429,-0.44284,0.105019]],"s":5.4796,"t":[-178.347,-627.89,1326.34],"timestamp":87265716302},{"currentFrameRate":30.0674,"devices":[],"gestures":[],"hands":[],"id":68631,"interactionBox":{"center":[0,200,0],"size":[235.247,235.247,147.751]},"pointables":[],"r":[[-0.428549,0.738117,-0.521085],[0.153241,-0.508995,-0.847019],[-0.890429,-0.44284,0.105019]],"s":5.4796,"t":[-178.347,-627.89,1326.34],"timestamp":87265749617},{"currentFrameRate":30.0903,"devices":[],"gestures":[],"hands":[],"id":68632,"interactionBox":{"center":[0,200,0],"size":[235.247,235.247,147.751]},"pointables":[],"r":[[-0.428549,0.738117,-0.521085],[0.153241,-0.508995,-0.847019],[-0.890429,-0.44284,0.105019]],"s":5.4796,"t":[-178.347,-627.89,1326.34],"timestamp":87265782710},{"currentFrameRate":30.1015,"devices":[],"gestures":[],"hands":[],"id":68633,"interactionBox":{"center":[0,200,0],"size":[235.247,235.247,147.751]},"pointables":[],"r":[[-0.428549,0.738117,-0.521085],[0.153241,-0.508995,-0.847019],[-0.890429,-0.44284,0.105019]],"s":5.4796,"t":[-178.347,-627.89,1326.34],"timestamp":87265815863},{"currentFrameRate":30.1144,"devices":[],"gestures":[],"hands":[],"id":68634,"interactionBox":{"center":[0,200,0],"size":[235.247,235.247,147.751]},"pointables":[],"r":[[-0.428549,0.738117,-0.521085],[0.153241,-0.508995,-0.847019],[-0.890429,-0.44284,0.105019]],"s":5.4796,"t":[-178.347,-627.89,1326.34],"timestamp":87265848991},{"currentFrameRate":30.1003,"devices":[],"gestures":[],"hands":[],"id":68635,"interactionBox":{"center":[0,200,0],"size":[235.247,235.247,147.751]},"pointables":[],"r":[[-0.428549,0.738117,-0.521085],[0.153241,-0.508995,-0.847019],[-0.890429,-0.44284,0.105019]],"s":5.4796,"t":[-178.347,-627.89,1326.34],"timestamp":87265882299},{"currentFrameRate":30.0929,"devices":[],"gestures":[],"hands":[],"id":68636,"interactionBox":{"center":[0,200,0],"size":[235.247,235.247,147.751]},"pointables":[],"r":[[-0.428549,0.738117,-0.521085],[0.153241,-0.508995,-0.847019],[-0.890429,-0.44284,0.105019]],"s":5.4796,"t":[-178.347,-627.89,1326.34],"timestamp":87265915575},{"currentFrameRate":30.0888,"devices":[],"gestures":[],"hands":[],"id":68637,"interactionBox":{"center":[0,200,0],"size":[235.247,235.247,147.751]},"pointables":[],"r":[[-0.428549,0.738117,-0.521085],[0.153241,-0.508995,-0.847019],[-0.890429,-0.44284,0.105019]],"s":5.4796,"t":[-178.347,-627.89,1326.34],"timestamp":87265948835},{"currentFrameRate":30.0598,"devices":[],"gestures":[],"hands":[],"id":68638,"interactionBox":{"center":[0,200,0],"size":[235.247,235.247,147.751]},"pointables":[],"r":[[-0.428549,0.738117,-0.521085],[0.153241,-0.508995,-0.847019],[-0.890429,-0.44284,0.105019]],"s":5.4796,"t":[-178.347,-627.89,1326.34],"timestamp":87265982279},{"currentFrameRate":30.0241,"devices":[],"gestures":[],"hands":[],"id":68639,"interactionBox":{"center":[0,200,0],"size":[235.247,235.247,147.751]},"pointables":[],"r":[[-0.428549,0.738117,-0.521085],[0.153241,-0.508995,-0.847019],[-0.890429,-0.44284,0.105019]],"s":5.4796,"t":[-178.347,-627.89,1326.34],"timestamp":87266015804},{"currentFrameRate":30.001,"devices":[],"gestures":[],"hands":[],"id":68640,"interactionBox":{"center":[0,200,0],"size":[235.247,235.247,147.751]},"pointables":[],"r":[[-0.428549,0.738117,-0.521085],[0.153241,-0.508995,-0.847019],[-0.890429,-0.44284,0.105019]],"s":5.4796,"t":[-178.347,-627.89,1326.34],"timestamp":87266049278},{"currentFrameRate":30.015,"devices":[],"gestures":[],"hands":[],"id":68641,"interactionBox":{"center":[0,200,0],"size":[235.247,235.247,147.751]},"pointables":[],"r":[[-0.428549,0.738117,-0.521085],[0.153241,-0.508995,-0.847019],[-0.890429,-0.44284,0.105019]],"s":5.4796,"t":[-178.347,-627.89,1326.34],"timestamp":87266082509},{"currentFrameRate":30.0254,"devices":[],"gestures":[],"hands":[],"id":68642,"interactionBox":{"center":[0,200,0],"size":[235.247,235.247,147.751]},"pointables":[],"r":[[-0.428549,0.738117,-0.521085],[0.153241,-0.508995,-0.847019],[-0.890429,-0.44284,0.105019]],"s":5.4796,"t":[-178.347,-627.89,1326.34],"timestamp":87266115750},{"currentFrameRate":30.0281,"devices":[],"gestures":[],"hands":[],"id":68643,"interactionBox":{"center":[0,200,0],"size":[235.247,235.247,147.751]},"pointables":[],"r":[[-0.428549,0.738117,-0.521085],[0.153241,-0.508995,-0.847019],[-0.890429,-0.44284,0.105019]],"s":5.4796,"t":[-178.347,-627.89,1326.34],"timestamp":87266149036},{"currentFrameRate":30.0342,"devices":[],"gestures":[],"hands":[],"id":68644,"interactionBox":{"center":[0,200,0],"size":[235.247,235.247,147.751]},"pointables":[],"r":[[-0.428549,0.738117,-0.521085],[0.153241,-0.508995,-0.847019],[-0.890429,-0.44284,0.105019]],"s":5.4796,"t":[-178.347,-627.89,1326.34],"timestamp":87266182294},{"currentFrameRate":30.0214,"devices":[],"gestures":[],"hands":[],"id":68645,"interactionBox":{"center":[0,200,0],"size":[235.247,235.247,147.751]},"pointables":[],"r":[[-0.428549,0.738117,-0.521085],[0.153241,-0.508995,-0.847019],[-0.890429,-0.44284,0.105019]],"s":5.4796,"t":[-178.347,-627.89,1326.34],"timestamp":87266215682},{"currentFrameRate":29.9937,"devices":[],"gestures":[],"hands":[],"id":68646,"interactionBox":{"center":[0,200,0],"size":[235.247,235.247,147.751]},"pointables":[],"r":[[-0.428549,0.738117,-0.521085],[0.153241,-0.508995,-0.847019],[-0.890429,-0.44284,0.105019]],"s":5.4796,"t":[-178.347,-627.89,1326.34],"timestamp":87266249192},{"currentFrameRate":30.0488,"devices":[],"gestures":[],"hands":[],"id":68647,"interactionBox":{"center":[0,200,0],"size":[235.247,235.247,147.751]},"pointables":[],"r":[[-0.428549,0.738117,-0.521085],[0.153241,-0.508995,-0.847019],[-0.890429,-0.44284,0.105019]],"s":5.4796,"t":[-178.347,-627.89,1326.34],"timestamp":87266282134},{"currentFrameRate":30.0016,"devices":[],"gestures":[],"hands":[],"id":68648,"interactionBox":{"center":[0,200,0],"size":[235.247,235.247,147.751]},"pointables":[],"r":[[-0.428549,0.738117,-0.521085],[0.153241,-0.508995,-0.847019],[-0.890429,-0.44284,0.105019]],"s":5.4796,"t":[-178.347,-627.89,1326.34],"timestamp":87266315754},{"currentFrameRate":30.0177,"devices":[],"gestures":[],"hands":[],"id":68649,"interactionBox":{"center":[0,200,0],"size":[235.247,235.247,147.751]},"pointables":[],"r":[[-0.428549,0.738117,-0.521085],[0.153241,-0.508995,-0.847019],[-0.890429,-0.44284,0.105019]],"s":5.4796,"t":[-178.347,-627.89,1326.34],"timestamp":87266348969},{"currentFrameRate":30.0205,"devices":[],"gestures":[],"hands":[],"id":68650,"interactionBox":{"center":[0,200,0],"size":[235.247,235.247,147.751]},"pointables":[],"r":[[-0.428549,0.738117,-0.521085],[0.153241,-0.508995,-0.847019],[-0.890429,-0.44284,0.105019]],"s":5.4796,"t":[-178.347,-627.89,1326.34],"timestamp":87266382263},{"currentFrameRate":30.0593,"devices":[],"gestures":[],"hands":[],"id":68651,"interactionBox":{"center":[0,200,0],"size":[235.247,235.247,147.751]},"pointables":[],"r":[[-0.428549,0.738117,-0.521085],[0.153241,-0.508995,-0.847019],[-0.890429,-0.44284,0.105019]],"s":5.4796,"t":[-178.347,-627.89,1326.34],"timestamp":87266415293},{"currentFrameRate":30.0199,"devices":[],"gestures":[],"hands":[],"id":68652,"interactionBox":{"center":[0,200,0],"size":[235.247,235.247,147.751]},"pointables":[],"r":[[-0.428549,0.738117,-0.521085],[0.153241,-0.508995,-0.847019],[-0.890429,-0.44284,0.105019]],"s":5.4796,"t":[-178.347,-627.89,1326.34],"timestamp":87266448845},{"currentFrameRate":30.015,"devices":[],"gestures":[],"hands":[],"id":68653,"interactionBox":{"center":[0,200,0],"size":[235.247,235.247,147.751]},"pointables":[],"r":[[-0.428549,0.738117,-0.521085],[0.153241,-0.508995,-0.847019],[-0.890429,-0.44284,0.105019]],"s":5.4796,"t":[-178.347,-627.89,1326.34],"timestamp":87266482192},{"currentFrameRate":30.0756,"devices":[],"gestures":[],"hands":[],"id":68654,"interactionBox":{"center":[0,200,0],"size":[235.247,235.247,147.751]},"pointables":[],"r":[[-0.428549,0.738117,-0.521085],[0.153241,-0.508995,-0.847019],[-0.890429,-0.44284,0.105019]],"s":5.4796,"t":[-178.347,-627.89,1326.34],"timestamp":87266515071},{"currentFrameRate":30.0121,"devices":[],"gestures":[],"hands":[],"id":68655,"interactionBox":{"center":[0,200,0],"size":[235.247,235.247,147.751]},"pointables":[],"r":[[-0.428549,0.738117,-0.521085],[0.153241,-0.508995,-0.847019],[-0.890429,-0.44284,0.105019]],"s":5.4796,"t":[-178.347,-627.89,1326.34],"timestamp":87266548779},{"currentFrameRate":27.851,"devices":[],"gestures":[],"hands":[],"id":68656,"interactionBox":{"center":[0,200,0],"size":[235.247,235.247,147.751]},"pointables":[],"r":[[-0.428549,0.738117,-0.521085],[0.153241,-0.508995,-0.847019],[-0.890429,-0.44284,0.105019]],"s":5.4796,"t":[-178.347,-627.89,1326.34],"timestamp":87266598375},{"currentFrameRate":26.1382,"devices":[],"gestures":[],"hands":[],"id":68657,"interactionBox":{"center":[0,200,0],"size":[235.247,235.247,147.751]},"pointables":[],"r":[[-0.428549,0.738117,-0.521085],[0.153241,-0.508995,-0.847019],[-0.890429,-0.44284,0.105019]],"s":5.4796,"t":[-178.347,-627.89,1326.34],"timestamp":87266648188},{"currentFrameRate":26.7362,"devices":[],"gestures":[],"hands":[],"id":68658,"interactionBox":{"center":[0,200,0],"size":[235.247,235.247,147.751]},"pointables":[],"r":[[-0.428549,0.738117,-0.521085],[0.153241,-0.508995,-0.847019],[-0.890429,-0.44284,0.105019]],"s":5.4796,"t":[-178.347,-627.89,1326.34],"timestamp":87266681480},{"currentFrameRate":27.238,"devices":[],"gestures":[],"hands":[{"armBasis":[[0.853203,0.427744,-0.298461],[-0.247582,0.835787,0.490064],[0.459072,-0.34423,0.818998]],"armWidth":55.3179,"confidence":0,"direction":[-0.399715,0.910479,-0.106092],"elbow":[174.184,123.769,376.229],"grabAngle":3.04129,"grabStrength":0.798276,"id":121,"palmNormal":[-0.127891,-0.170002,-0.97711],"palmPosition":[32.3059,257.227,167.093],"palmVelocity":[1.19209e-7,1.19209e-7,1.19209e-7],"palmWidth":78.9921,"pinchDistance":6.58778,"pinchStrength":1,"r":[[1,-1.11022e-17,1.66533e-17],[1.11022e-17,1,5.55112e-18],[-1.66533e-17,-5.55112e-18,1]],"s":1,"sphereCenter":[25.6101,262.917,129.626],"sphereRadius":31.2594,"stabilizedPalmPosition":[32.3059,257.227,167.093],"t":[0,0,0],"timeVisible":0,"type":"right","wrist":[66.5789,204.456,184.258]}],"id":68659,"interactionBox":{"center":[0,200,0],"size":[235.247,235.247,147.751]},"pointables":[{"bases":[[[0.401638,0.481421,0.779052],[-0.517301,-0.582706,0.62678],[0.755703,-0.654743,0.0150032]],[[0.118902,0.676348,0.726922],[-0.8716,-0.279567,0.402685],[0.475579,-0.681465,0.556264]],[[0.118902,0.676348,0.726922],[-0.908212,-0.221785,0.354911],[0.401264,-0.702399,0.587897]],[[0.118902,0.676348,0.726922],[-0.965443,-0.0922437,0.243743],[0.231909,-0.730783,0.642008]]],"btipPosition":[-2.14364,269.217,115.677],"carpPosition":[35.055,204.047,170.228],"dipPosition":[2.5682,254.369,128.721],"direction":[-0.401264,0.702399,-0.587897],"extended":false,"handId":121,"id":1210,"length":45.2444,"mcpPosition":[35.055,204.047,170.228],"pipPosition":[14.4455,233.579,146.122],"stabilizedTipPosition":[-1.05992,265.802,118.677],"timeVisible":0,"tipPosition":[-1.05992,265.802,118.677],"tipVelocity":[1.19209e-7,1.19209e-7,1.19209e-7],"tool":false,"touchDistance":1,"touchZone":"none","type":0,"width":17.5799},{"bases":[[[0.827676,0.524516,-0.19959],[0.0454169,0.291875,0.955378],[0.559366,-0.799807,0.217756]],[[0.900908,0.401252,-0.165413],[-0.291337,0.841603,0.454782],[0.321694,-0.361526,0.875107]],[[0.900908,0.401252,-0.165413],[-0.433588,0.815303,-0.383774],[-0.0191287,0.417466,0.908491]],[[0.900908,0.401252,-0.165413],[-0.358366,0.472748,-0.805036],[-0.244824,0.784542,0.569697]]],"btipPosition":[-3.82343,262.2,110.478],"carpPosition":[39.8682,218.03,184.538],"dipPosition":[-7.45484,273.837,118.928],"direction":[0.0191287,-0.417466,-0.908491],"extended":false,"handId":121,"id":1211,"length":51.0532,"mcpPosition":[4.14215,269.113,170.63],"pipPosition":[-7.85622,282.597,137.991],"stabilizedTipPosition":[-4.65865,264.877,112.421],"timeVisible":0,"tipPosition":[-4.65865,264.877,112.421],"tipVelocity":[1.19209e-7,1.19209e-7,1.19209e-7],"tool":false,"touchDistance":1,"touchZone":"none","type":1,"width":16.7923},{"bases":[[[0.875688,0.354143,-0.32826],[0.196961,0.358718,0.91243],[0.440883,-0.863658,0.244372]],[[0.900549,0.301717,-0.313015],[-0.306657,0.951191,0.0346017],[0.308177,0.0648279,0.949118]],[[0.900549,0.301717,-0.313015],[-0.366517,0.139642,-0.919872],[-0.233831,0.943116,0.236339]],[[0.900549,0.301717,-0.313015],[-0.132777,-0.494712,-0.858854],[-0.413983,0.815001,-0.405451]]],"btipPosition":[21.3288,237.436,129.991],"carpPosition":[48.4017,224.417,183.728],"dipPosition":[14.575,250.732,123.377],"direction":[0.233831,-0.943116,-0.236339],"extended":false,"handId":121,"id":1212,"length":58.171,"mcpPosition":[21.6981,276.728,168.927],"pipPosition":[8.80246,274.015,129.211],"stabilizedTipPosition":[19.7754,240.495,128.47],"timeVisible":0,"tipPosition":[19.7754,240.495,128.47],"tipVelocity":[1.19209e-7,1.19209e-7,1.19209e-7],"tool":false,"touchDistance":1,"touchZone":"none","type":2,"width":16.4922},{"bases":[[[0.913666,0.195132,-0.356563],[0.272976,0.355389,0.89397],[0.301161,-0.914124,0.27144]],[[0.893963,0.249596,-0.372198],[-0.272829,0.962009,-0.0101724],[0.355519,0.11064,0.928098]],[[0.893963,0.249596,-0.372198],[-0.406284,0.100919,-0.908157],[-0.18911,0.963077,0.191625]],[[0.893963,0.249596,-0.372198],[-0.204316,-0.512195,-0.834213],[-0.398854,0.821802,-0.406887]]],"btipPosition":[38.3855,237.999,132.015],"carpPosition":[57.5351,229.071,180.783],"dipPosition":[31.9159,251.329,125.415],"direction":[0.18911,-0.963077,-0.191625],"extended":false,"handId":121,"id":1213,"length":55.933,"mcpPosition":[41.1579,278.782,166.022],"pipPosition":[27.368,274.49,130.023],"stabilizedTipPosition":[36.8975,241.065,130.497],"timeVisible":0,"tipPosition":[36.8975,241.065,130.497],"tipVelocity":[1.19209e-7,1.19209e-7,1.19209e-7],"tool":false,"touchDistance":1,"touchZone":"none","type":3,"width":15.6934},{"bases":[[[0.884635,0.0266,-0.465526],[0.437288,0.299246,0.848075],[0.161866,-0.953805,0.253092]],[[0.853487,0.159122,-0.496226],[-0.173991,0.984609,0.0164723],[0.49121,0.0722799,0.868037]],[[0.853487,0.159122,-0.496226],[-0.520454,0.212367,-0.82706],[-0.026221,0.964147,0.264068]],[[0.853487,0.159122,-0.496226],[-0.398866,-0.413333,-0.818573],[-0.33536,0.896569,-0.289306]]],"btipPosition":[49.118,246.016,133.215],"carpPosition":[66.8813,230.008,172.756],"dipPosition":[44.0997,259.432,128.886],"direction":[0.026221,-0.964147,-0.264068],"extended":false,"handId":121,"id":1214,"length":43.8504,"mcpPosition":[58.7331,278.022,160.016],"pipPosition":[43.6545,275.803,133.37],"stabilizedTipPosition":[47.9638,249.102,132.22],"timeVisible":0,"tipPosition":[47.9638,249.102,132.22],"tipVelocity":[1.19209e-7,1.19209e-7,1.19209e-7],"tool":false,"touchDistance":1,"touchZone":"none","type":4,"width":13.9401}],"r":[[1,-1.11022e-17,1.66533e-17],[1.11022e-17,1,5.55112e-18],[-1.66533e-17,-5.55112e-18,1]],"s":1,"t":[0,0,0],"timestamp":87266714809},{"currentFrameRate":27.6655,"devices":[],"gestures":[],"hands":[{"armBasis":[[0.872731,0.292486,-0.390886],[-0.0891087,0.882652,0.461504],[0.48,-0.367937,0.796381]],"armWidth":55.6686,"confidence":0.173678,"direction":[-0.409799,0.89566,-0.172794],"elbow":[171.351,123.545,353.034],"grabAngle":2.61591,"grabStrength":0.215599,"id":121,"palmNormal":[-0.326802,-0.321015,-0.888904],"palmPosition":[23.6207,261.525,147.775],"palmVelocity":[-260.77,129.052,-580.014],"palmWidth":78.9921,"pinchDistance":55.2498,"pinchStrength":1,"r":[[0.999147,-0.00753969,-0.0406061],[0.00617914,0.999419,-0.0335279],[0.0408353,0.0332484,0.998613]],"s":1.05502,"sphereCenter":[1.236,262.684,117.901],"sphereRadius":34.8765,"stabilizedPalmPosition":[31.2121,257.768,164.66],"t":[-4.3426,2.1491,-9.65897],"timeVisible":0.033306,"type":"right","wrist":[58.84,209.788,166.364]}],"id":68660,"interactionBox":{"center":[0,200,0],"size":[235.247,235.247,147.751]},"pointables":[{"bases":[[[0.770729,0.453816,-0.447245],[0.242048,0.440774,0.864368],[0.589397,-0.774448,0.229872]],[[0.851935,0.329798,-0.406743],[0.16151,0.573389,0.803206],[0.498118,-0.749972,0.435225]],[[0.851935,0.329798,-0.406743],[-0.112136,0.873631,0.473491],[0.5115,-0.357773,0.781259]],[[0.851935,0.329798,-0.406743],[-0.309938,0.943658,0.115968],[0.422072,0.027268,0.906152]]],"btipPosition":[-36.9481,308.182,111.17],"carpPosition":[34.4734,225.414,169.594],"dipPosition":[-31.0034,308.566,123.932],"direction":[-0.5115,0.357773,-0.781259],"extended":true,"handId":121,"id":1211,"length":48.4776,"mcpPosition":[-3.17073,274.877,154.913],"pipPosition":[-20.8119,301.438,139.499],"stabilizedTipPosition":[-33.2475,304.996,113.978],"timeVisible":0.033306,"tipPosition":[-34.4022,303.612,112.819],"tipVelocity":[-928.426,1302.87,50.5552],"tool":false,"touchDistance":1,"touchZone":"none","type":1,"width":16.9454},{"bases":[[[0.555027,0.585756,0.590623],[-0.379302,-0.4537,0.806403],[0.740321,-0.6716,-0.0296371]],[[0.2766,0.776078,0.566741],[-0.791051,-0.150982,0.592826],[0.545647,-0.612296,0.572156]],[[0.2766,0.776078,0.566741],[-0.903569,0.00923594,0.428343],[0.327193,-0.630569,0.703795]],[[0.2766,0.776078,0.566741],[-0.960928,0.229795,0.154311],[-0.0104768,-0.587279,0.809317]]],"btipPosition":[-5.87028,265.076,98.8911],"carpPosition":[26.7698,209.489,159.081],"dipPosition":[-6.07241,253.746,114.505],"direction":[-0.327193,0.630569,-0.703795],"extended":false,"handId":121,"id":1210,"length":42.9618,"mcpPosition":[26.7698,209.489,159.081],"pipPosition":[3.12385,236.023,134.286],"stabilizedTipPosition":[-1.2606,265.665,118.008],"timeVisible":0.033306,"tipPosition":[-11.7537,262.885,104.223],"tipVelocity":[-145.825,-100.037,-486.234],"tool":false,"touchDistance":1,"touchZone":"none","type":0,"width":17.7402},{"bases":[[[0.790641,0.263178,-0.552833],[0.381746,0.494041,0.781149],[0.478703,-0.82865,0.290142]],[[0.783692,0.275039,-0.556939],[-0.239192,0.961107,0.138056],[0.573249,0.0250218,0.818999]],[[0.783692,0.275039,-0.556939],[-0.614848,0.2161,-0.75846],[-0.0882517,0.936832,0.338463]],[[0.783692,0.275039,-0.556939],[-0.465147,-0.334371,-0.819655],[-0.411661,0.901415,-0.13411]]],"btipPosition":[-0.645918,244.531,110.053],"carpPosition":[42.6799,231.26,166.025],"dipPosition":[-7.02298,258.495,107.975],"direction":[0.0882517,-0.936832,-0.338463],"extended":false,"handId":121,"id":1212,"length":55.2363,"mcpPosition":[13.6856,281.45,148.451],"pipPosition":[-9.09172,280.456,115.909],"stabilizedTipPosition":[4.24581,245.637,115.064],"timeVisible":0.033306,"tipPosition":[0.57345,243.566,112.642],"tipVelocity":[-657.18,217.635,-567.319],"tool":false,"touchDistance":1,"touchZone":"none","type":2,"width":16.6427},{"bases":[[[0.821426,0.10037,-0.561413],[0.452324,0.484914,0.748506],[0.347365,-0.868783,0.352922]],[[0.817192,0.110805,-0.565615],[-0.189307,0.978503,-0.0818165],[0.54439,0.173934,0.820601]],[[0.817192,0.110805,-0.565615],[-0.574298,0.0734786,-0.815342],[-0.0487835,0.991122,0.123681]],[[0.817192,0.110805,-0.565615],[-0.433002,-0.529667,-0.729357],[-0.380404,0.840937,-0.384861]]],"btipPosition":[19.0608,240.283,114.249],"carpPosition":[51.0283,235.029,160.561],"dipPosition":[13.2018,253.235,108.321],"direction":[0.0487835,-0.991122,-0.123681],"extended":false,"handId":121,"id":1213,"length":53.1112,"mcpPosition":[32.1384,282.274,141.369],"pipPosition":[12.0878,275.868,111.146],"stabilizedTipPosition":[23.9746,242.545,118.633],"timeVisible":0.033306,"tipPosition":[19.7753,240.498,113.857],"tipVelocity":[-575.998,65.9587,-528.771],"tool":false,"touchDistance":1,"touchZone":"none","type":3,"width":15.8366},{"bases":[[[0.770005,-0.0823678,-0.632699],[0.603479,0.415949,0.680293],[0.207137,-0.90565,0.36999]],[[0.761988,-0.0494772,-0.645698],[-0.046857,0.990251,-0.131175],[0.645893,0.130209,0.752242]],[[0.761988,-0.0494772,-0.645698],[-0.635757,0.132586,-0.760417],[0.123234,0.989936,0.0695733]],[[0.761988,-0.0494772,-0.645698],[-0.589107,-0.467032,-0.659419],[-0.268935,0.882855,-0.38502]]],"btipPosition":[31.1067,247.592,114.565],"carpPosition":[58.526,234.303,150.768],"dipPosition":[27.2854,260.136,109.094],"direction":[-0.123234,-0.989936,-0.0695733],"extended":false,"handId":121,"id":1214,"length":41.6382,"mcpPosition":[48.0989,279.893,132.143],"pipPosition":[29.2723,276.097,110.216],"stabilizedTipPosition":[38.1546,249.863,121.76],"timeVisible":0.033306,"tipPosition":[31.4209,247.953,112.512],"tipVelocity":[-532.518,41.2908,-567.851],"tool":false,"touchDistance":1,"touchZone":"none","type":4,"width":14.0673}],"r":[[0.999147,-0.00753969,-0.0406061],[0.00617914,0.999419,-0.0335279],[0.0408353,0.0332484,0.998613]],"s":1.05502,"t":[-4.3426,2.1491,-9.65897],"timestamp":87266748115},{"currentFrameRate":28.5203,"devices":[],"gestures":[],"hands":[{"armBasis":[[0.847119,0.341651,-0.407019],[-0.0922526,0.848851,0.52052],[0.523335,-0.403393,0.750596]],"armWidth":55.6686,"confidence":0.319311,"direction":[-0.45504,0.867801,-0.19965],"elbow":[178.681,118.324,327.529],"grabAngle":2.35916,"grabStrength":0,"id":121,"palmNormal":[-0.290961,-0.3568,-0.887714],"palmPosition":[18.1795,262.719,132.09],"palmVelocity":[-184.43,40.4719,-531.657],"palmWidth":78.9921,"pinchDistance":56.8844,"pinchStrength":1,"r":[[0.997604,-0.00373656,-0.0690879],[-0.000750067,0.997898,-0.0648012],[0.0691848,0.0646977,0.995504]],"s":1.10743,"sphereCenter":[-3.97993,262.431,101.44],"sphereRadius":35.9601,"stabilizedPalmPosition":[30.4272,258.066,162.698],"t":[-9.23452,3.82068,-22.3312],"timeVisible":0.062809,"type":"right","wrist":[56.0123,212.878,151.59]}],"id":68661,"interactionBox":{"center":[0,200,0],"size":[235.247,235.247,147.751]},"pointables":[{"bases":[[[0.753244,0.48665,-0.442487],[0.200238,0.471141,0.859029],[0.62652,-0.735662,0.257438]],[[0.839934,0.36884,-0.39808],[0.129854,0.575629,0.807334],[0.526923,-0.7298,0.435596]],[[0.839934,0.36884,-0.39808],[-0.054416,0.787078,0.614449],[0.539953,-0.494435,0.681165]],[[0.839934,0.36884,-0.39808],[-0.054416,0.787078,0.614449],[0.539953,-0.494435,0.681165]]],"btipPosition":[-46.4678,317.368,99.8449],"carpPosition":[30.572,227.72,154.88],"dipPosition":[-38.8629,310.404,109.439],"direction":[-0.539953,0.494435,-0.681165],"extended":true,"handId":121,"id":1211,"length":48.4776,"mcpPosition":[-9.44309,274.706,138.438],"pipPosition":[-28.1045,300.553,123.011],"stabilizedTipPosition":[-41.9257,313.144,104.955],"timeVisible":0.062809,"tipPosition":[-43.0686,308.385,98.6539],"tipVelocity":[-309.727,254.07,-408.559],"tool":false,"touchDistance":1,"touchZone":"none","type":1,"width":16.9454},{"bases":[[[0.510106,0.627638,0.5881],[-0.369602,-0.457448,0.808787],[0.776651,-0.62993,-0.00137045]],[[0.220014,0.802585,0.554483],[-0.786194,-0.190608,0.58785],[0.577488,-0.565266,0.589051]],[[0.220014,0.802585,0.554483],[-0.918511,-0.0209892,0.394838],[0.328529,-0.596168,0.732565]],[[0.220014,0.802585,0.554483],[-0.972989,0.221282,0.0657794],[-0.0699035,-0.553978,0.829591]]],"btipPosition":[-8.94363,263.121,82.4487],"carpPosition":[23.9673,211.181,144.57],"dipPosition":[-10.2923,252.433,98.4536],"direction":[-0.328529,0.596168,-0.732565],"extended":false,"handId":121,"id":1210,"length":42.9618,"mcpPosition":[23.9673,211.181,144.57],"pipPosition":[-1.05846,235.677,119.043],"stabilizedTipPosition":[-1.40467,265.574,117.433],"timeVisible":0.062809,"tipPosition":[-15.7711,261.175,87.7262],"tipVelocity":[-113.109,-61.284,-554.263],"tool":false,"touchDistance":1,"touchZone":"none","type":0,"width":17.7402},{"bases":[[[0.785718,0.295289,-0.543555],[0.338407,0.530366,0.777298],[0.517811,-0.79468,0.31679]],[[0.760257,0.332673,-0.557977],[-0.340814,0.935482,0.0933776],[0.553042,0.119176,0.824586]],[[0.760257,0.332673,-0.557977],[-0.636832,0.212057,-0.741267],[-0.128276,0.918891,0.373074]],[[0.760257,0.332673,-0.557977],[-0.456482,-0.337547,-0.823217],[-0.462205,0.880563,-0.104763]]],"btipPosition":[-4.65753,242.155,92.2648],"carpPosition":[38.5128,233.939,151.339],"dipPosition":[-11.8176,255.796,90.6419],"direction":[0.128276,-0.918891,-0.373074],"extended":false,"handId":121,"id":1212,"length":55.2363,"mcpPosition":[7.14983,282.072,132.151],"pipPosition":[-14.8245,277.336,99.3872],"stabilizedTipPosition":[0.950416,245.53,107.826],"timeVisible":0.062809,"tipPosition":[-3.59268,243.148,96.2121],"tipVelocity":[-142.077,-83.0556,-599.375],"tool":false,"touchDistance":1,"touchZone":"none","type":2,"width":16.6427},{"bases":[[[0.825593,0.1343,-0.548051],[0.410013,0.524505,0.74618],[0.387667,-0.840748,0.377963]],[[0.829108,0.126596,-0.544567],[-0.196504,0.977867,-0.0718524],[0.523418,0.166583,0.835634]],[[0.829108,0.126596,-0.544567],[-0.558996,0.170013,-0.811553],[-0.0101563,0.977276,0.211726]],[[0.829108,0.126596,-0.544567],[-0.446821,-0.43542,-0.781511],[-0.336052,0.891281,-0.304445]]],"btipPosition":[11.7954,241.594,94.4747],"carpPosition":[46.7473,238.053,145.952],"dipPosition":[6.61952,255.321,89.7856],"direction":[0.0101563,-0.977276,-0.211726],"extended":false,"handId":121,"id":1213,"length":53.1112,"mcpPosition":[25.6658,283.774,125.398],"pipPosition":[6.38759,277.638,94.6206],"stabilizedTipPosition":[19.7253,243.246,110.612],"timeVisible":0.062809,"tipPosition":[14.5515,241.964,97.0626],"tipVelocity":[-240.936,50.4782,-660.584],"tool":false,"touchDistance":1,"touchZone":"none","type":3,"width":15.8366},{"bases":[[[0.785742,-0.0524321,-0.616329],[0.566059,0.462656,0.682295],[0.249374,-0.884986,0.393208]],[[0.78615,-0.0538857,-0.615682],[-0.0314603,0.991411,-0.126941],[0.617234,0.119164,0.777703]],[[0.78615,-0.0538857,-0.615682],[-0.588288,0.240097,-0.772186],[0.189433,0.969252,0.157052]],[[0.78615,-0.0538857,-0.615682],[-0.593881,-0.341646,-0.728412],[-0.171094,0.938283,-0.300587]]],"btipPosition":[23.2982,249.66,95.5938],"carpPosition":[54.4659,237.544,136.317],"dipPosition":[20.8671,262.993,91.3228],"direction":[-0.189433,-0.969252,-0.157052],"extended":false,"handId":121,"id":1214,"length":41.6382,"mcpPosition":[41.9126,282.093,116.524],"pipPosition":[23.9214,278.62,93.8549],"stabilizedTipPosition":[33.9297,250.648,114.319],"timeVisible":0.062809,"tipPosition":[26.1585,249.913,96.5631],"tipVelocity":[-253.829,76.252,-633.676],"tool":false,"touchDistance":1,"touchZone":"none","type":4,"width":14.0673}],"r":[[0.997604,-0.00373656,-0.0690879],[-0.000750067,0.997898,-0.0648012],[0.0691848,0.0646977,0.995504]],"s":1.10743,"t":[-9.23452,3.82068,-22.3312],"timestamp":87266777618},{"currentFrameRate":30.9422,"devices":[],"gestures":[],"hands":[{"armBasis":[[0.833275,0.348575,-0.429124],[-0.0664562,0.833717,0.548178],[0.54885,-0.428266,0.717881]],"armWidth":55.6686,"confidence":0.398854,"direction":[-0.463951,0.856078,-0.227771],"elbow":[182.908,112.679,311.042],"grabAngle":2.31724,"grabStrength":0,"id":121,"palmNormal":[-0.281656,-0.386328,-0.878305],"palmPosition":[15.8422,262.223,122.196],"palmVelocity":[-134.704,-28.5976,-570.181],"palmWidth":78.9921,"pinchDistance":56.8394,"pinchStrength":1,"r":[[0.995868,0.00053055,-0.0908092],[-0.0092405,0.995384,-0.0955213],[0.0903394,0.0959657,0.991277]],"s":1.14713,"sphereCenter":[-4.79839,261.27,90.6339],"sphereRadius":35.9662,"stabilizedPalmPosition":[30.1254,258.152,161.861],"t":[-12.8491,4.40837,-33.6139],"timeVisible":0.08016,"type":"right","wrist":[54.2587,213.064,142.772]}],"id":68662,"interactionBox":{"center":[0,200,0],"size":[235.247,235.247,147.751]},"pointables":[{"bases":[[[0.750071,0.482201,-0.452633],[0.189775,0.498691,0.84575],[0.633545,-0.720271,0.282544]],[[0.847838,0.351167,-0.397307],[0.116342,0.607823,0.785504],[0.517335,-0.712203,0.47448]],[[0.847838,0.351167,-0.397307],[-0.0130976,0.762915,0.646366],[0.530094,-0.54281,0.651427]],[[0.847838,0.351167,-0.397307],[-0.0130976,0.762915,0.646366],[0.530094,-0.54281,0.651427]]],"btipPosition":[-48.3041,317.749,89.0775],"carpPosition":[28.5095,228.063,146.082],"dipPosition":[-40.838,310.104,98.2525],"direction":[-0.530094,0.54281,-0.651427],"extended":true,"handId":121,"id":1211,"length":48.4776,"mcpPosition":[-11.9542,274.066,128.036],"pipPosition":[-30.276,299.289,111.232],"stabilizedTipPosition":[-43.4698,314.087,100.394],"timeVisible":0.08016,"tipPosition":[-45.8731,307.707,87.7365],"tipVelocity":[-107.671,12.9511,-626.115],"tool":false,"touchDistance":1,"touchZone":"none","type":1,"width":16.9454},{"bases":[[[0.499359,0.650749,0.571984],[-0.368916,-0.437642,0.819982],[0.783927,-0.62048,0.0215314]],[[0.206571,0.821541,0.531412],[-0.789815,-0.180565,0.586164],[0.577512,-0.540802,0.611566]],[[0.206571,0.821541,0.531412],[-0.92528,-0.0125487,0.379076],[0.318095,-0.570011,0.757564]],[[0.206571,0.821541,0.531412],[-0.974576,0.220934,0.0372835],[-0.0867771,-0.525603,0.846293]]],"btipPosition":[-10.1357,260.745,72.1095],"carpPosition":[22.1575,211.148,136.232],"dipPosition":[-11.8098,250.605,88.4366],"direction":[-0.318095,0.570011,-0.757564],"extended":false,"handId":121,"id":1210,"length":42.9618,"mcpPosition":[22.1575,211.148,136.232],"pipPosition":[-2.8693,234.584,109.729],"stabilizedTipPosition":[-1.47234,265.521,117.124],"timeVisible":0.08016,"tipPosition":[-17.4396,258.936,77.6156],"tipVelocity":[-73.017,-129.628,-591.614],"tool":false,"touchDistance":1,"touchZone":"none","type":0,"width":17.7402},{"bases":[[[0.785353,0.288329,-0.547802],[0.327715,0.557099,0.763049],[0.525189,-0.778786,0.34303]],[[0.762873,0.320411,-0.56157],[-0.359753,0.932052,0.0430824],[0.537217,0.16916,0.826307]],[[0.762873,0.320411,-0.56157],[-0.631111,0.180366,-0.754432],[-0.14044,0.929949,0.339812]],[[0.762873,0.320411,-0.56157],[-0.445694,-0.368608,-0.815773],[-0.468382,0.87262,-0.138396]]],"btipPosition":[-6.2099,239.399,82.9699],"carpPosition":[36.3978,234.267,142.401],"dipPosition":[-13.4656,252.916,80.826],"direction":[0.14044,-0.929949,-0.339812],"extended":false,"handId":121,"id":1212,"length":55.2363,"mcpPosition":[4.58786,281.437,121.624],"pipPosition":[-16.7577,274.716,88.7917],"stabilizedTipPosition":[-0.13349,245.159,104.714],"timeVisible":0.08016,"tipPosition":[-5.62743,241.408,86.5542],"tipVelocity":[-90.7371,-160.508,-542.6],"tool":false,"touchDistance":1,"touchZone":"none","type":2,"width":16.6427},{"bases":[[[0.827125,0.12776,-0.547304],[0.399562,0.551165,0.732507],[0.39524,-0.824557,0.404835]],[[0.831247,0.119057,-0.543005],[-0.200456,0.975276,-0.0930289],[0.518503,0.186179,0.834561]],[[0.831247,0.119057,-0.543005],[-0.555861,0.165991,-0.814534],[-0.0068421,0.978914,0.204159]],[[0.831247,0.119057,-0.543005],[-0.450459,-0.428134,-0.783446],[-0.325753,0.895839,-0.302254]]],"btipPosition":[9.19775,240.148,84.1792],"carpPosition":[44.6147,238.317,136.939],"dipPosition":[4.18049,253.945,79.5239],"direction":[0.0068421,-0.978914,-0.204159],"extended":false,"handId":121,"id":1213,"length":53.1112,"mcpPosition":[23.1214,283.157,114.924],"pipPosition":[4.02424,276.3,84.186],"stabilizedTipPosition":[18.3976,243.254,107.486],"timeVisible":0.08016,"tipPosition":[12.3235,240.611,87.4421],"tipVelocity":[-147.609,-82.4001,-592.919],"tool":false,"touchDistance":1,"touchZone":"none","type":3,"width":15.8366},{"bases":[[[0.789845,-0.0613691,-0.610228],[0.556684,0.489299,0.671334],[0.257385,-0.869954,0.420634]],[[0.787522,-0.0536201,-0.61395],[-0.0383752,0.990008,-0.135688],[0.615091,0.130418,0.777595]],[[0.787522,-0.0536201,-0.61395],[-0.586142,0.242587,-0.773039],[0.190386,0.968647,0.159613]],[[0.787522,-0.0536201,-0.61395],[-0.594191,-0.330422,-0.73332],[-0.163542,0.942309,-0.292076]]],"btipPosition":[20.7631,248.598,85.1027],"carpPosition":[52.3943,237.614,127.366],"dipPosition":[18.4393,261.988,80.9526],"direction":[-0.190386,-0.968647,-0.159613],"extended":false,"handId":121,"id":1214,"length":41.6382,"mcpPosition":[39.4377,281.407,106.191],"pipPosition":[21.509,277.605,83.5261],"stabilizedTipPosition":[32.631,250.745,111.459],"timeVisible":0.08016,"tipPosition":[23.8891,248.699,86.8948],"tipVelocity":[-144.685,-60.4468,-603.038],"tool":false,"touchDistance":1,"touchZone":"none","type":4,"width":14.0673}],"r":[[0.995868,0.00053055,-0.0908092],[-0.0092405,0.995384,-0.0955213],[0.0903394,0.0959657,0.991277]],"s":1.14713,"t":[-12.8491,4.40837,-33.6139],"timestamp":87266794969},{"currentFrameRate":33.1652,"devices":[],"gestures":[],"hands":[{"armBasis":[[0.824174,0.370657,-0.428195],[-0.0671375,0.814692,0.575995],[0.562344,-0.445972,0.696332]],"armWidth":55.6686,"confidence":0.472734,"direction":[-0.481504,0.841178,-0.246119],"elbow":[185.235,107.002,298.88],"grabAngle":2.25284,"grabStrength":0,"id":121,"palmNormal":[-0.257042,-0.403999,-0.877903],"palmPosition":[14.0739,259.738,114.279],"palmVelocity":[-102.032,-143.364,-456.815],"palmWidth":78.9921,"pinchDistance":56.2847,"pinchStrength":1,"r":[[0.99444,0.0082291,-0.104981],[-0.0211338,0.992254,-0.122413],[0.10316,0.123951,0.986911]],"s":1.18525,"sphereCenter":[-5.28026,258.806,82.5678],"sphereRadius":36.1703,"stabilizedPalmPosition":[29.8824,258.176,161.14],"t":[-15.5405,3.45989,-43.2138],"timeVisible":0.097491,"type":"right","wrist":[53.4228,211.537,135.662]}],"id":68663,"interactionBox":{"center":[0,200,0],"size":[235.247,235.247,147.751]},"pointables":[{"bases":[[[0.745164,0.495584,-0.446238],[0.162916,0.513586,0.84243],[0.646676,-0.700447,0.301967]],[[0.852566,0.356457,-0.38219],[0.0767581,0.63796,0.766234],[0.516952,-0.682601,0.516543]],[[0.852566,0.356457,-0.38219],[0.0767581,0.63796,0.766234],[0.516952,-0.682601,0.516543]],[[0.852566,0.356457,-0.38219],[0.0767581,0.63796,0.766234],[0.516952,-0.682601,0.516543]]],"btipPosition":[-49.9958,318.33,83.6502],"carpPosition":[27.1959,226.204,138.797],"dipPosition":[-42.7148,308.716,90.9254],"direction":[-0.516952,0.682601,-0.516542],"extended":true,"handId":121,"id":1211,"length":48.4776,"mcpPosition":[-14.1064,270.94,119.511],"pipPosition":[-32.4147,295.115,101.217],"stabilizedTipPosition":[-44.4341,314.491,97.399],"timeVisible":0.097491,"tipPosition":[-48.2238,307.113,80.3781],"tipVelocity":[-100.067,7.37709,-338.369],"tool":false,"touchDistance":1,"touchZone":"none","type":1,"width":16.9454},{"bases":[[[0.473119,0.670131,0.571912],[-0.371474,-0.436892,0.819227],[0.798853,-0.600042,0.0422343]],[[0.173382,0.834201,0.523496],[-0.790958,-0.198758,0.578689],[0.586792,-0.514398,0.625357]],[[0.173382,0.834201,0.523496],[-0.935012,-0.0275312,0.353547],[0.309342,-0.550774,0.775214]],[[0.173382,0.834201,0.523496],[-0.978538,0.206026,-0.00421431],[-0.111369,-0.51153,0.852018]]],"btipPosition":[-10.5361,256.656,63.7309],"carpPosition":[21.4387,209.015,129.057],"dipPosition":[-12.6847,246.787,80.1685],"direction":[-0.309341,0.550774,-0.775214],"extended":false,"handId":121,"id":1210,"length":42.9618,"mcpPosition":[21.4387,209.015,129.057],"pipPosition":[-3.99022,231.307,101.957],"stabilizedTipPosition":[-1.55873,265.421,116.676],"timeVisible":0.097491,"tipPosition":[-18.1283,255.044,69.1474],"tipVelocity":[-29.4018,-232.382,-481.98],"tool":false,"touchDistance":1,"touchZone":"none","type":0,"width":17.7402},{"bases":[[[0.786916,0.30153,-0.53837],[0.300708,0.574473,0.761285],[0.53883,-0.76096,0.36139]],[[0.763567,0.333257,-0.553088],[-0.39019,0.920595,0.0160166],[0.514507,0.203579,0.832969]],[[0.763567,0.333257,-0.553088],[-0.622677,0.153188,-0.767337],[-0.170994,0.930308,0.32448]],[[0.763567,0.333257,-0.553088],[-0.422502,-0.389895,-0.818214],[-0.488321,0.858442,-0.156909]]],"btipPosition":[-6.52055,235.457,75.0077],"carpPosition":[34.9859,232.562,135.169],"dipPosition":[-14.0852,248.755,72.577],"direction":[0.170994,-0.930308,-0.32448],"extended":false,"handId":121,"id":1212,"length":55.2363,"mcpPosition":[2.34977,278.652,113.28],"pipPosition":[-18.0935,270.563,80.1833],"stabilizedTipPosition":[-0.874055,244.553,101.956],"timeVisible":0.097491,"tipPosition":[-6.32509,237.971,78.4245],"tipVelocity":[-22.024,-230.353,-463.228],"tool":false,"touchDistance":1,"touchZone":"none","type":2,"width":16.6427},{"bases":[[[0.83271,0.142092,-0.535167],[0.373184,0.569998,0.732008],[0.409057,-0.809266,0.421616]],[[0.837214,0.13307,-0.530438],[-0.220552,0.969725,-0.104835],[0.500429,0.204759,0.841217]],[[0.837214,0.13307,-0.530438],[-0.546167,0.15412,-0.823376],[-0.0278157,0.97905,0.20171]],[[0.837214,0.13307,-0.530438],[-0.4323,-0.433028,-0.790951],[-0.334946,0.891504,-0.305011]]],"btipPosition":[8.30651,237.131,75.9738],"carpPosition":[43.1886,236.753,129.793],"dipPosition":[3.14766,250.862,71.2761],"direction":[0.0278157,-0.97905,-0.20171],"extended":false,"handId":121,"id":1213,"length":53.1112,"mcpPosition":[20.9439,280.761,106.865],"pipPosition":[2.51246,273.219,75.8823],"stabilizedTipPosition":[17.586,243.041,105.141],"timeVisible":0.097491,"tipPosition":[11.5308,237.714,79.582],"tipVelocity":[-53.3039,-174.959,-474.012],"tool":false,"touchDistance":1,"touchZone":"none","type":3,"width":15.8366},{"bases":[[[0.801273,-0.0486729,-0.596316],[0.532821,0.511408,0.674213],[0.272145,-0.857958,0.435712]],[[0.798205,-0.0391537,-0.601112],[-0.0563411,0.988659,-0.139211],[0.599745,0.144986,0.786947]],[[0.798205,-0.0391537,-0.601112],[-0.57756,0.233778,-0.782159],[0.171151,0.971501,0.163989]],[[0.798205,-0.0391537,-0.601112],[-0.576934,-0.336687,-0.74417],[-0.17325,0.940802,-0.291335]]],"btipPosition":[19.6642,246.063,76.9831],"carpPosition":[51.143,236.131,120.359],"dipPosition":[17.2025,259.43,72.8435],"direction":[-0.171151,-0.971501,-0.163989],"extended":false,"handId":121,"id":1214,"length":41.6382,"mcpPosition":[37.4434,279.32,98.4255],"pipPosition":[19.962,275.094,75.4875],"stabilizedTipPosition":[31.8566,250.653,109.432],"timeVisible":0.097491,"tipPosition":[22.9048,246.111,79.1676],"tipVelocity":[-65.2385,-146.609,-468.362],"tool":false,"touchDistance":1,"touchZone":"none","type":4,"width":14.0673}],"r":[[0.99444,0.0082291,-0.104981],[-0.0211338,0.992254,-0.122413],[0.10316,0.123951,0.986911]],"s":1.18525,"t":[-15.5405,3.45989,-43.2138],"timestamp":87266812300},{"currentFrameRate":35.2002,"devices":[],"gestures":[],"hands":[{"armBasis":[[0.823458,0.381141,-0.420295],[-0