{"frames":92,"data":[{"currentFrameRate":114.965,"devices":[],"gestures":[],"hands":[{"armBasis":[[0.964614,-0.194175,-0.178367],[0.255536,0.855165,0.450992],[0.0649621,-0.480612,0.874524]],"armWidth":62.9212,"confidence":1,"direction":[-0.0104509,0.672712,-0.739831],"elbow":[65.6257,-21.4678,360.349],"grabAngle":1.93428,"grabStrength":1,"id":717,"palmNormal":[-0.265732,-0.715136,-0.646504],"palmPosition":[39.0707,149.94,74.6555],"palmVelocity":[-1.76809,-8.48573,-8.13313],"palmWidth":88.117,"pinchDistance":5.80277,"pinchStrength":1,"r":[[0.0146978,0.915777,0.401417],[-0.345993,0.381317,-0.857255],[-0.938122,-0.126288,0.322457]],"s":0.559253,"sphereCenter":[24.9972,127.03,36.6313],"sphereRadius":36.0576,"stabilizedPalmPosition":[38.9546,152.423,75.9466],"t":[11.639,7.16545,-7.98185],"timeVisible":7.0676,"type":"right","wrist":[48.6397,104.2,131.683]}],"id":1319950,"interactionBox":{"center":[0,200,0],"size":[235.247,235.247,147.751]},"pointables":[{"bases":[[[0.623545,0.694514,0.358945],[-0.652896,0.210065,0.727736],[0.430021,-0.68813,0.584431]],[[0.41029,0.905696,0.106662],[-0.886866,0.369018,0.27802],[0.212442,-0.208664,0.954635]],[[0.41029,0.905696,0.106662],[-0.910678,0.400716,0.100462],[0.048247,-0.138353,0.989207]],[[0.41029,0.905696,0.106662],[-0.906863,0.417542,-0.0570861],[-0.0962384,-0.0733059,0.992655]]],"btipPosition":[8.81444,128.299,13.3274],"carpPosition":[18.4868,111.883,115.506],"dipPosition":[6.59884,126.611,36.1803],"direction":[-0.048247,0.138353,-0.989207],"extended":false,"handId":717,"id":7170,"length":51.2665,"mcpPosition":[18.4868,111.883,115.506],"pipPosition":[8.21702,121.971,69.3579],"stabilizedTipPosition":[8.21277,129.448,18.8023],"timeVisible":7.0676,"tipPosition":[9.90534,129.119,19.4306],"tipVelocity":[-0.257232,-11.9728,-8.90961],"tool":false,"touchDistance":0.235345,"touchZone":"hovering","type":0,"width":20.1654},{"bases":[[[0.948551,-0.0741952,-0.30781],[0.237254,0.810326,0.535801],[0.209672,-0.581263,0.786238]],[[0.969733,-0.164799,-0.180163],[0.0200409,0.789101,-0.613937],[0.243343,0.591744,0.76852]],[[0.969733,-0.164799,-0.180163],[-0.142455,0.217404,-0.96563],[0.198303,0.962069,0.187347]],[[0.969733,-0.164799,-0.180163],[-0.184252,-0.0097379,-0.982831],[0.160215,0.986279,-0.0398077]]],"btipPosition":[-1.69046,107.868,26.3461],"carpPosition":[30.9398,130.913,118.627],"dipPosition":[1.00228,124.444,25.677],"direction":[-0.198303,-0.962069,-0.187347],"extended":false,"handId":717,"id":7171,"length":57.8485,"mcpPosition":[16.0013,172.327,62.6105],"pipPosition":[5.71719,147.318,30.1314],"stabilizedTipPosition":[-1.21799,112.261,26.3684],"timeVisible":7.0676,"tipPosition":[-0.763214,115.92,24.1349],"tipVelocity":[0.302922,-9.25946,-11.3477],"tool":false,"touchDistance":0.311588,"touchZone":"hovering","type":1,"width":19.262},{"bases":[[[0.91372,-0.28909,-0.285557],[0.398747,0.773159,0.49318],[0.0782072,-0.564493,0.821724]],[[0.916826,-0.348259,-0.19531],[0.216316,0.844364,-0.49016],[0.335615,0.407143,0.849469]],[[0.916826,-0.348259,-0.19531],[0.00913394,0.507311,-0.861715],[0.399182,0.788258,0.468297]],[[0.916826,-0.348259,-0.19531],[-0.088675,0.299341,-0.950017],[0.389316,0.888319,0.243562]]],"btipPosition":[2.84061,112.071,2.03228],"carpPosition":[42.4006,131.706,115.431],"dipPosition":[10.0373,128.492,6.53465],"direction":[-0.399182,-0.788258,-0.468297],"extended":false,"handId":717,"id":7172,"length":65.9137,"mcpPosition":[37.1165,169.846,59.9112],"pipPosition":[21.2035,150.541,19.6342],"stabilizedTipPosition":[4.40776,116.132,3.28728],"timeVisible":7.0676,"tipPosition":[6.10569,120.662,0.211735],"tipVelocity":[2.53732,-9.5576,-11.4665],"tool":false,"touchDistance":0.157149,"touchZone":"hovering","type":2,"width":18.9179},{"bases":[[[0.882593,-0.426465,-0.197881],[0.4653,0.73214,0.497461],[-0.0672734,-0.53113,0.844616]],[[0.87076,-0.479543,-0.108696],[0.338162,0.744513,-0.575628],[0.356964,0.464477,0.810455]],[[0.87076,-0.479543,-0.108696],[0.131577,0.44024,-0.888187],[0.473776,0.759096,0.446441]],[[0.87076,-0.479543,-0.108696],[0.0466562,0.300639,-0.952596],[0.489489,0.824412,0.284158]]],"btipPosition":[19.9885,105.373,7.58283],"carpPosition":[53.5035,129.406,111.828],"dipPosition":[28.985,120.526,12.8055],"direction":[-0.473776,-0.759096,-0.446441],"extended":false,"handId":717,"id":7173,"length":63.3778,"mcpPosition":[57.5844,161.625,60.5914],"pipPosition":[41.8955,141.211,24.9711],"stabilizedTipPosition":[21.9287,109.2,9.00461],"timeVisible":7.0676,"tipPosition":[24.2101,114.166,4.78304],"tipVelocity":[1.63891,-12.1167,-6.77807],"tool":false,"touchDistance":0.16406,"touchZone":"hovering","type":3,"width":18.0015},{"bases":[[[0.77978,-0.60014,-0.178253],[0.589127,0.607076,0.53328],[-0.21183,-0.520855,0.826945]],[[0.735785,-0.675817,-0.0435003],[0.457697,0.543597,-0.703573],[0.499134,0.497768,0.70929]],[[0.735785,-0.675817,-0.0435003],[0.206738,0.285322,-0.935869],[0.644888,0.679605,0.349653]],[[0.735785,-0.675817,-0.0435003],[0.126872,0.200657,-0.971411],[0.665225,0.709231,0.233383]]],"btipPosition":[33.5448,107.354,24.889],"carpPosition":[62.6977,120.521,106.681],"dipPosition":[44.8242,119.38,28.8462],"direction":[-0.644888,-0.679605,-0.349653],"extended":false,"handId":717,"id":7174,"length":49.687,"mcpPosition":[74.5929,149.769,60.2444],"pipPosition":[57.2317,132.455,35.5735],"stabilizedTipPosition":[35.9747,110.545,26.0479],"timeVisible":7.0676,"tipPosition":[38.5699,114.482,22.0217],"tipVelocity":[0.17633,-11.9619,-5.05329],"tool":false,"touchDistance":0.115564,"touchZone":"hovering","type":4,"width":15.9904}],"r":[[0.0146978,0.915777,0.401417],[-0.345993,0.381317,-0.857255],[-0.938122,-0.126288,0.322457]],"s":0.559253,"t":[11.639,7.16545,-7.98185],"timestamp":746964806944},{"currentFrameRate":114.987,"devices":[],"gestures":[],"hands":[{"armBasis":[[0.964813,-0.19457,-0.176857],[0.255071,0.855881,0.449895],[0.0638324,-0.479176,0.875395]],"armWidth":62.9212,"confidence":1,"direction":[-0.0102667,0.671319,-0.741098],"elbow":[65.2749,-21.1255,360.561],"grabAngle":1.93439,"grabStrength":1,"id":717,"palmNormal":[-0.265175,-0.716429,-0.645299],"palmPosition":[39.04,149.799,74.5503],"palmVelocity":[-3.54159,-16.3136,-12.1455],"palmWidth":88.117,"pinchDistance":5.79778,"pinchStrength":1,"r":[[0.0145683,0.916031,0.400843],[-0.345793,0.380766,-0.857581],[-0.938198,-0.126115,0.322304]],"s":0.559244,"sphereCenter":[24.9868,126.815,36.5608],"sphereRadius":36.0602,"stabilizedPalmPosition":[38.955,152.411,75.9402],"t":[11.6217,7.05442,-8.06596],"timeVisible":7.07626,"type":"right","wrist":[48.5844,104.167,131.668]}],"id":1319951,"interactionBox":{"center":[0,200,0],"size":[235.247,235.247,147.751]},"pointables":[{"bases":[[[0.623146,0.695377,0.357968],[-0.653342,0.211232,0.726997],[0.429923,-0.686901,0.585947]],[[0.409954,0.906023,0.105171],[-0.88715,0.369289,0.276748],[0.211902,-0.206757,0.95517]],[[0.409954,0.906023,0.105171],[-0.910839,0.400576,0.0995582],[0.048073,-0.136608,0.989458]],[[0.409954,0.906023,0.105171],[-0.907065,0.417075,-0.0572871],[-0.0957676,-0.071912,0.992803]]],"btipPosition":[8.79497,128.045,13.2452],"carpPosition":[18.4462,111.813,115.462],"dipPosition":[6.59021,126.389,36.1014],"direction":[-0.048073,0.136608,-0.989458],"extended":false,"handId":717,"id":7170,"length":51.2665,"mcpPosition":[18.4462,111.813,115.462],"pipPosition":[8.20256,121.808,69.2874],"stabilizedTipPosition":[8.21454,129.406,18.7953],"timeVisible":7.07626,"tipPosition":[9.90737,128.863,19.3479],"tipVelocity":[-1.95971,-28.4339,-9.41081],"tool":false,"touchDistance":0.233987,"touchZone":"hovering","type":0,"width":20.1654},{"bases":[[[0.948735,-0.0744837,-0.307172],[0.236726,0.811403,0.534403],[0.209436,-0.579722,0.787438]],[[0.969861,-0.164674,-0.179592],[0.0200049,0.788382,-0.61486],[0.242838,0.592736,0.767915]],[[0.969861,-0.164674,-0.179592],[-0.14216,0.21619,-0.965946],[0.197892,0.962364,0.186264]],[[0.969861,-0.164674,-0.179592],[-0.1839,-0.0111758,-0.982881],[0.159848,0.986285,-0.0411225]]],"btipPosition":[-1.68429,107.648,26.2602],"carpPosition":[30.8918,130.852,118.553],"dipPosition":[1.00226,124.224,25.569],"direction":[-0.197892,-0.962364,-0.186264],"extended":false,"handId":717,"id":7171,"length":57.8485,"mcpPosition":[15.9702,172.156,62.4512],"pipPosition":[5.70739,147.105,29.9977],"stabilizedTipPosition":[-1.20621,112.199,26.3477],"timeVisible":7.07626,"tipPosition":[-0.757902,115.66,24.0788],"tipVelocity":[0.547784,-25.4018,-10.5023],"tool":false,"touchDistance":0.310072,"touchZone":"hovering","type":1,"width":19.262},{"bases":[[[0.913958,-0.289347,-0.284534],[0.398253,0.774205,0.491937],[0.077947,-0.562926,0.822824]],[[0.917034,-0.348359,-0.194152],[0.216511,0.843712,-0.491195],[0.334921,0.408406,0.849136]],[[0.917034,-0.348359,-0.194152],[0.00954297,0.505858,-0.862564],[0.398695,0.789148,0.467213]],[[0.917034,-0.348359,-0.194152],[-0.0882762,0.297447,-0.950649],[0.388917,0.888916,0.242017]]],"btipPosition":[2.86555,111.805,1.96336],"carpPosition":[42.354,131.642,115.362],"dipPosition":[10.0549,128.237,6.43718],"direction":[-0.398695,-0.789148,-0.467213],"extended":false,"handId":717,"id":7172,"length":65.9137,"mcpPosition":[37.0875,169.676,59.7677],"pipPosition":[21.2075,150.312,19.5064],"stabilizedTipPosition":[4.42791,116.033,3.23391],"timeVisible":7.07626,"tipPosition":[6.11993,120.361,0.149873],"tipVelocity":[2.68465,-30.3499,-8.71714],"tool":false,"touchDistance":0.155891,"touchZone":"hovering","type":2,"width":18.9179},{"bases":[[[0.882827,-0.426567,-0.196617],[0.464816,0.733214,0.49633],[-0.0675557,-0.529564,0.845576]],[[0.870971,-0.479458,-0.107379],[0.338222,0.743583,-0.576793],[0.356393,0.466052,0.809802]],[[0.870971,-0.479458,-0.107379],[0.131683,0.438336,-0.889112],[0.47336,0.760251,0.444914]],[[0.870971,-0.479458,-0.107379],[0.0467741,0.298463,-0.953274],[0.489104,0.825252,0.282379]]],"btipPosition":[20.0052,105.095,7.56847],"carpPosition":[53.4595,129.339,111.768],"dipPosition":[28.9946,120.263,12.7584],"direction":[-0.47336,-0.760251,-0.444914],"extended":false,"handId":717,"id":7173,"length":63.3778,"mcpPosition":[57.5576,161.463,60.474],"pipPosition":[41.8937,140.98,24.8824],"stabilizedTipPosition":[21.9524,109.099,8.96483],"timeVisible":7.07626,"tipPosition":[24.2247,113.884,4.74157],"tipVelocity":[1.73478,-31.7126,-2.52641],"tool":false,"touchDistance":0.163695,"touchZone":"hovering","type":3,"width":18.0015},{"bases":[[[0.780056,-0.600236,-0.176716],[0.588662,0.608256,0.532449],[-0.212106,-0.519366,0.82781]],[[0.73604,-0.67564,-0.0419137],[0.457805,0.54243,-0.704404],[0.498658,0.499281,0.708561]],[[0.73604,-0.67564,-0.0419137],[0.206822,0.283403,-0.936433],[0.64457,0.680584,0.348333]],[[0.73604,-0.67564,-0.0419137],[0.127096,0.198743,-0.971776],[0.6649,0.709938,0.232154]]],"btipPosition":[33.5499,107.113,24.8744],"carpPosition":[62.6591,120.447,106.643],"dipPosition":[44.8238,119.151,28.8108],"direction":[-0.64457,-0.680584,-0.348333],"extended":false,"handId":717,"id":7174,"length":49.687,"mcpPosition":[74.5698,149.611,60.1582],"pipPosition":[57.2252,132.245,35.5126],"stabilizedTipPosition":[35.9937,110.47,26.0176],"timeVisible":7.07626,"tipPosition":[38.5754,114.238,21.9864],"tipVelocity":[0.444019,-27.5025,-2.24042],"tool":false,"touchDistance":0.115241,"touchZone":"hovering","type":4,"width":15.9904}],"r":[[0.0145683,0.916031,0.400843],[-0.345793,0.380766,-0.857581],[-0.938198,-0.126115,0.322304]],"s":0.559244,"t":[11.6217,7.05442,-8.06596],"timestamp":746964815604},{"currentFrameRate":114.92,"devices":[],"gestures":[],"hands":[{"armBasis":[[0.96556,-0.19305,-0.174428],[0.25249,0.857048,0.449129],[0.0627886,-0.477703,0.876275]],"armWidth":62.9212,"confidence":1,"direction":[-0.0110214,0.670374,-0.741941],"elbow":[65.0123,-20.7875,360.771],"grabAngle":1.93476,"grabStrength":1,"id":717,"palmNormal":[-0.262702,-0.717863,-0.644717],"palmPosition":[39.0193,149.655,74.4602],"palmVelocity":[-2.34726,-16.2779,-10.2177],"palmWidth":88.117,"pinchDistance":5.73605,"pinchStrength":1,"r":[[0.0139312,0.916339,0.40016],[-0.345618,0.379945,-0.858015],[-0.938272,-0.126349,0.321997]],"s":0.559259,"sphereCenter":[25.119,126.574,36.4671],"sphereRadius":36.0632,"stabilizedPalmPosition":[38.9553,152.398,75.9336],"t":[11.6026,6.92715,-8.15306],"timeVisible":7.08507,"type":"right","wrist":[48.5947,104.12,131.647]}],"id":1319952,"interactionBox":{"center":[0,200,0],"size":[235.247,235.247,147.751]},"pointables":[{"bases":[[[0.621056,0.697317,0.357826],[-0.654691,0.210558,0.725978],[0.430893,-0.685139,0.587296]],[[0.407692,0.907112,0.104566],[-0.888253,0.367438,0.275675],[0.211646,-0.205272,0.955547]],[[0.407692,0.907112,0.104566],[-0.91184,0.398383,0.0991894],[0.0483186,-0.135786,0.989559]],[[0.407692,0.907112,0.104566],[-0.908206,0.414695,-0.0564821],[-0.0945986,-0.0719402,0.992913]]],"btipPosition":[8.79544,127.804,13.1541],"carpPosition":[18.4695,111.67,115.395],"dipPosition":[6.6176,126.148,36.0129],"direction":[-0.0483186,0.135786,-0.989559],"extended":false,"handId":717,"id":7170,"length":51.2665,"mcpPosition":[18.4695,111.67,115.395],"pipPosition":[8.23819,121.593,69.2023],"stabilizedTipPosition":[8.21646,129.359,18.7861],"timeVisible":7.08507,"tipPosition":[9.98965,128.573,19.2445],"tipVelocity":[0.755833,-27.3548,-10.257],"tool":false,"touchDistance":0.232479,"touchZone":"hovering","type":0,"width":20.1654},{"bases":[[[0.949267,-0.0725804,-0.305981],[0.234153,0.812631,0.53367],[0.209916,-0.578242,0.788398]],[[0.970435,-0.162305,-0.178643],[0.0186139,0.788263,-0.615057],[0.240645,0.593548,0.767979]],[[0.970435,-0.162305,-0.178643],[-0.141716,0.215974,-0.96606],[0.195379,0.962815,0.186587]],[[0.970435,-0.162305,-0.178643],[-0.182873,-0.0113847,-0.983071],[0.157524,0.986675,-0.0407294]]],"btipPosition":[-1.55313,107.382,26.0987],"carpPosition":[30.8656,130.744,118.477],"dipPosition":[1.09437,123.965,25.4142],"direction":[-0.195379,-0.962815,-0.186587],"extended":false,"handId":717,"id":7171,"length":57.8485,"mcpPosition":[15.9098,171.941,62.3067],"pipPosition":[5.73975,146.857,29.8505],"stabilizedTipPosition":[-1.18648,112.123,26.3171],"timeVisible":7.08507,"tipPosition":[-0.639412,115.336,23.9954],"tipVelocity":[13.8589,-29.9606,-18.1422],"tool":false,"touchDistance":0.307406,"touchZone":"hovering","type":1,"width":19.262},{"bases":[[[0.91498,-0.287499,-0.283117],[0.395819,0.775769,0.491437],[0.078346,-0.561718,0.823611]],[[0.918094,-0.346371,-0.192691],[0.21513,0.843768,-0.491705],[0.332899,0.409978,0.849174]],[[0.918094,-0.346371,-0.192691],[0.00916823,0.504577,-0.863318],[0.396256,0.790841,0.466425]],[[0.918094,-0.346371,-0.192691],[-0.0882029,0.295422,-0.951287],[0.386423,0.890367,0.240674]]],"btipPosition":[3.02441,111.49,1.89151],"carpPosition":[42.3296,131.557,115.298],"dipPosition":[10.1677,127.949,6.3405],"direction":[-0.396256,-0.790841,-0.466425],"extended":false,"handId":717,"id":7172,"length":65.9137,"mcpPosition":[37.0362,169.51,59.6507],"pipPosition":[21.252,150.071,19.3876],"stabilizedTipPosition":[4.47322,115.89,3.17352],"timeVisible":7.08507,"tipPosition":[6.25519,120.043,0.0606031],"tipVelocity":[16.816,-35.0656,-8.79807],"tool":false,"touchDistance":0.154598,"touchZone":"hovering","type":2,"width":18.9179},{"bases":[[[0.884077,-0.424684,-0.195066],[0.462475,0.734944,0.495958],[-0.0672628,-0.528678,0.846153]],[[0.872268,-0.477424,-0.105899],[0.336875,0.743592,-0.577569],[0.354491,0.46812,0.809444]],[[0.872268,-0.477424,-0.105899],[0.130976,0.436714,-0.890015],[0.471162,0.762461,0.443462]],[[0.872268,-0.477424,-0.105899],[0.046376,0.296331,-0.953959],[0.486824,0.827196,0.280621]]],"btipPosition":[20.158,104.792,7.57299],"carpPosition":[53.4448,129.276,111.72],"dipPosition":[29.1055,119.995,12.7306],"direction":[-0.471162,-0.762461,-0.443462],"extended":false,"handId":717,"id":7173,"length":63.3778,"mcpPosition":[57.5251,161.347,60.3909],"pipPosition":[41.9448,140.773,24.8151],"stabilizedTipPosition":[21.9977,108.959,8.92947],"timeVisible":7.08507,"tipPosition":[24.3623,113.596,4.69631],"tipVelocity":[16.2479,-33.4685,-0.329593],"tool":false,"touchDistance":0.163647,"touchZone":"hovering","type":3,"width":18.0015},{"bases":[[[0.781702,-0.598575,-0.175069],[0.586579,0.610329,0.532375],[-0.211817,-0.51885,0.828208]],[[0.738023,-0.673528,-0.0410138],[0.45646,0.543085,-0.704771],[0.496957,0.501416,0.708248]],[[0.738023,-0.673528,-0.0410138],[0.205897,0.282662,-0.936861],[0.642596,0.68298,0.347288]],[[0.738023,-0.673528,-0.0410138],[0.126575,0.197885,-0.972019],[0.662798,0.71218,0.231295]]],"btipPosition":[33.679,106.879,24.8713],"carpPosition":[62.6717,120.4,106.617],"dipPosition":[44.9172,118.955,28.793],"direction":[-0.642596,-0.68298,-0.347288],"extended":false,"handId":717,"id":7174,"length":49.687,"mcpPosition":[74.5661,149.536,60.1095],"pipPosition":[57.2807,132.095,35.4748],"stabilizedTipPosition":[36.0254,110.374,25.9889],"timeVisible":7.08507,"tipPosition":[38.6945,114.016,21.9505],"tipVelocity":[13.7143,-25.573,-0.739193],"tool":false,"touchDistance":0.115132,"touchZone":"hovering","type":4,"width":15.9904}],"r":[[0.0139312,0.916339,0.40016],[-0.345618,0.379945,-0.858015],[-0.938272,-0.126349,0.321997]],"s":0.559259,"t":[11.6026,6.92715,-8.15306],"timestamp":746964824420},{"currentFrameRate":114.679,"devices":[],"gestures":[],"hands":[{"armBasis":[[0.966129,-0.191788,-0.172661],[0.250442,0.858183,0.448108],[0.062233,-0.476172,0.877147]],"armWidth":62.9212,"confidence":1,"direction":[-0.011829,0.669251,-0.742942],"elbow":[64.855,-20.4464,360.984],"grabAngle":1.93514,"grabStrength":1,"id":717,"palmNormal":[-0.260786,-0.719345,-0.643842],"palmPosition":[38.9667,149.491,74.369],"palmVelocity":[-5.76632,-18.0058,-9.98775],"palmWidth":88.117,"pinchDistance":5.69267,"pinchStrength":1,"r":[[0.0129944,0.916709,0.399344],[-0.345505,0.378894,-0.858525],[-0.938327,-0.126819,0.321651]],"s":0.559344,"sphereCenter":[25.1666,126.316,36.391],"sphereRadius":36.0657,"stabilizedPalmPosition":[38.9554,152.385,75.9263],"t":[11.5668,6.78131,-8.2422],"timeVisible":7.0942,"type":"right","wrist":[48.5827,104.061,131.632]}],"id":1319953,"interactionBox":{"center":[0,200,0],"size":[235.247,235.247,147.751]},"pointables":[{"bases":[[[0.61939,0.699095,0.357243],[-0.655643,0.210315,0.725189],[0.431843,-0.683399,0.588624]],[[0.405891,0.908028,0.103625],[-0.889115,0.366089,0.274689],[0.211489,-0.203628,0.955933]],[[0.405891,0.908028,0.103625],[-0.912626,0.396667,0.0988352],[0.0486406,-0.134687,0.989694]],[[0.405891,0.908028,0.103625],[-0.909136,0.41275,-0.0557601],[-0.0934028,-0.0715766,0.993052]]],"btipPosition":[8.75869,127.534,13.0779],"carpPosition":[18.4634,111.525,115.345],"dipPosition":[6.60837,125.886,35.9399],"direction":[-0.0486406,0.134687,-0.989694],"extended":false,"handId":717,"id":7170,"length":51.2665,"mcpPosition":[18.4634,111.525,115.345],"pipPosition":[8.23976,121.369,69.1338],"stabilizedTipPosition":[8.21766,129.303,18.7747],"timeVisible":7.0942,"tipPosition":[10.0109,128.263,19.1594],"tipVelocity":[-3.33261,-29.328,-8.26957],"tool":false,"touchDistance":0.231221,"touchZone":"hovering","type":0,"width":20.1654},{"bases":[[[0.949634,-0.0711221,-0.305183],[0.232128,0.81389,0.532634],[0.210504,-0.576649,0.789407]],[[0.970882,-0.160545,-0.177801],[0.0175443,0.787863,-0.615601],[0.238914,0.594557,0.767738]],[[0.970882,-0.160545,-0.177801],[-0.141414,0.214993,-0.966323],[0.193365,0.963329,0.186029]],[[0.970882,-0.160545,-0.177801],[-0.182169,-0.0127904,-0.983184],[0.155571,0.986946,-0.0416643]]],"btipPosition":[-1.48787,107.094,25.9968],"carpPosition":[30.8189,130.628,118.408],"dipPosition":[1.12682,123.681,25.2966],"direction":[-0.193365,-0.963329,-0.186029],"extended":false,"handId":717,"id":7171,"length":57.8485,"mcpPosition":[15.8212,171.712,62.1657],"pipPosition":[5.7243,146.585,29.7197],"stabilizedTipPosition":[-1.16313,112.029,26.2796],"timeVisible":7.0942,"tipPosition":[-0.587102,115.003,23.9329],"tipVelocity":[6.32085,-31.4769,-11.556],"tool":false,"touchDistance":0.305648,"touchZone":"hovering","type":1,"width":19.262},{"bases":[[[0.915763,-0.286075,-0.282025],[0.393898,0.777291,0.490573],[0.0788752,-0.560338,0.8245]],[[0.91893,-0.344795,-0.191529],[0.213931,0.843673,-0.492391],[0.331362,0.411499,0.849039]],[[0.91893,-0.344795,-0.191529],[0.00868808,0.503173,-0.864142],[0.394324,0.792422,0.465377]],[[0.91893,-0.344795,-0.191529],[-0.0883213,0.293381,-0.951907],[0.384404,0.891652,0.239144]]],"btipPosition":[3.10687,111.159,1.83341],"carpPosition":[42.2836,131.46,115.236],"dipPosition":[10.2128,127.642,6.25412],"direction":[-0.394324,-0.792422,-0.465377],"extended":false,"handId":717,"id":7172,"length":65.9137,"mcpPosition":[36.9544,169.319,59.5286],"pipPosition":[21.2431,149.808,19.272],"stabilizedTipPosition":[4.5268,115.702,3.10888],"timeVisible":7.0942,"tipPosition":[6.31491,119.697,-0.00746231],"tipVelocity":[8.09219,-35.6008,-7.07551],"tool":false,"touchDistance":0.153522,"touchZone":"hovering","type":2,"width":18.9179},{"bases":[[[0.885072,-0.423191,-0.193793],[0.460633,0.736608,0.495203],[-0.0668162,-0.527558,0.846887]],[[0.873319,-0.475779,-0.104636],[0.335702,0.74342,-0.578473],[0.353014,0.470065,0.808962]],[[0.873319,-0.475779,-0.104636],[0.130308,0.435118,-0.890894],[0.469398,0.764399,0.441994]],[[0.873319,-0.475779,-0.104636],[0.0459828,0.294343,-0.954593],[0.484975,0.828852,0.278933]]],"btipPosition":[20.2391,104.475,7.57013],"carpPosition":[53.4059,129.196,111.67],"dipPosition":[29.1526,119.709,12.6967],"direction":[-0.469398,-0.764399,-0.441994],"extended":false,"handId":717,"id":7173,"length":63.3778,"mcpPosition":[57.4591,161.199,60.2959],"pipPosition":[41.9438,140.539,24.7412],"stabilizedTipPosition":[22.0505,108.782,8.89682],"timeVisible":7.0942,"tipPosition":[24.4281,113.286,4.65771],"tipVelocity":[8.0218,-33.9244,-1.09543],"tool":false,"touchDistance":0.16348,"touchZone":"hovering","type":3,"width":18.0015},{"bases":[[[0.783033,-0.597259,-0.173613],[0.584961,0.612297,0.531895],[-0.211376,-0.518048,0.828822]],[[0.739692,-0.671744,-0.0402041],[0.455142,0.543398,-0.705383],[0.495683,0.503468,0.707685]],[[0.739692,-0.671744,-0.0402041],[0.204875,0.281701,-0.937374],[0.641001,0.685131,0.345995]],[[0.739692,-0.671744,-0.0402041],[0.125907,0.196837,-0.972318],[0.661062,0.714154,0.230176]]],"btipPosition":[33.7414,106.619,24.8695],"carpPosition":[62.6544,120.331,106.586],"dipPosition":[44.9502,118.728,28.7723],"direction":[-0.641001,-0.685131,-0.345995],"extended":false,"handId":717,"id":7174,"length":49.687,"mcpPosition":[74.5241,149.422,60.0444],"pipPosition":[57.283,131.91,35.4292],"stabilizedTipPosition":[36.0615,110.255,25.9617],"timeVisible":7.0942,"tipPosition":[38.7469,113.765,21.9199],"tipVelocity":[6.09557,-27.6678,-0.66689],"tool":false,"touchDistance":0.11503,"touchZone":"hovering","type":4,"width":15.9904}],"r":[[0.0129944,0.916709,0.399344],[-0.345505,0.378894,-0.858525],[-0.938327,-0.126819,0.321651]],"s":0.559344,"t":[11.5668,6.78131,-8.2422],"timestamp":746964833550},{"currentFrameRate":115.039,"devices":[],"gestures":[],"hands":[{"armBasis":[[0.966233,-0.191786,-0.17208],[0.250066,0.858991,0.446768],[0.0621312,-0.474714,0.877945]],"armWidth":62.9212,"confidence":1,"direction":[-0.0119387,0.668531,-0.743588],"elbow":[64.7838,-20.1046,361.177],"grabAngle":1.93555,"grabStrength":1,"id":717,"palmNormal":[-0.260473,-0.720047,-0.643184],"palmPosition":[38.9169,149.388,74.3046],"palmVelocity":[-6.16021,-12.8175,-7.97313],"palmWidth":88.117,"pinchDistance":5.67185,"pinchStrength":1,"r":[[0.0121767,0.917082,0.398513],[-0.345415,0.377867,-0.859014],[-0.938371,-0.127192,0.321375]],"s":0.559487,"sphereCenter":[25.1223,126.175,36.3463],"sphereRadius":36.0673,"stabilizedPalmPosition":[38.9552,152.373,75.9197],"t":[11.524,6.65662,-8.31898],"timeVisible":7.10228,"type":"right","wrist":[48.538,104.021,131.617]}],"id":1319954,"interactionBox":{"center":[0,200,0],"size":[235.247,235.247,147.751]},"pointables":[{"bases":[[[0.619122,0.699633,0.356653],[-0.655808,0.210808,0.724898],[0.431978,-0.682696,0.58934]],[[0.405585,0.908258,0.102798],[-0.889294,0.366093,0.274102],[0.211322,-0.20259,0.956191]],[[0.405585,0.908258,0.102798],[-0.91274,0.396396,0.0988724],[0.0490529,-0.133929,0.989776]],[[0.405585,0.908258,0.102798],[-0.909417,0.412284,-0.0546121],[-0.0919839,-0.0713365,0.993202]]],"btipPosition":[8.67689,127.383,13.0286],"carpPosition":[18.4201,111.455,115.314],"dipPosition":[6.55924,125.74,35.8941],"direction":[-0.0490529,0.133929,-0.989776],"extended":false,"handId":717,"id":7170,"length":51.2665,"mcpPosition":[18.4201,111.455,115.314],"pipPosition":[8.20445,121.248,69.0907],"stabilizedTipPosition":[8.21703,129.252,18.7639],"timeVisible":7.10228,"tipPosition":[9.97026,128.094,19.1092],"tipVelocity":[-9.19497,-18.6136,-6.00369],"tool":false,"touchDistance":0.230413,"touchZone":"hovering","type":0,"width":20.1654},{"bases":[[[0.949698,-0.0711176,-0.304987],[0.2318,0.814476,0.531881],[0.210578,-0.575822,0.789991]],[[0.97093,-0.160158,-0.17789],[0.0171121,0.787717,-0.6158],[0.238753,0.594854,0.767558]],[[0.97093,-0.160158,-0.17789],[-0.141777,0.214001,-0.96649],[0.19286,0.963614,0.185073]],[[0.97093,-0.160158,-0.17789],[-0.182495,-0.0143924,-0.983102],[0.154892,0.986986,-0.0432021]]],"btipPosition":[-1.51272,106.951,25.9641],"carpPosition":[30.7691,130.564,118.361],"dipPosition":[1.09054,123.539,25.238],"direction":[-0.19286,-0.963614,-0.185073],"extended":false,"handId":717,"id":7171,"length":57.8485,"mcpPosition":[15.7662,171.59,62.0767],"pipPosition":[5.67603,146.45,29.6383],"stabilizedTipPosition":[-1.14574,111.941,26.2459],"timeVisible":7.10228,"tipPosition":[-0.619629,114.833,23.8991],"tipVelocity":[-3.40142,-17.6342,-4.78938],"tool":false,"touchDistance":0.305003,"touchZone":"hovering","type":1,"width":19.262},{"bases":[[[0.915891,-0.286059,-0.281626],[0.393588,0.777887,0.489877],[0.0789396,-0.559519,0.82505]],[[0.919065,-0.344685,-0.191081],[0.213917,0.843509,-0.492678],[0.330998,0.411928,0.848973]],[[0.919065,-0.344685,-0.191081],[0.00860386,0.502279,-0.864663],[0.394013,0.793037,0.464593]],[[0.919065,-0.344685,-0.191081],[-0.0884212,0.292143,-0.952278],[0.384059,0.892101,0.238021]]],"btipPosition":[3.08523,110.995,1.79545],"carpPosition":[42.234,131.397,115.189],"dipPosition":[10.1848,127.486,6.1954],"direction":[-0.394013,-0.793037,-0.464593],"extended":false,"handId":717,"id":7172,"length":65.9137,"mcpPosition":[36.9004,169.201,59.4449],"pipPosition":[21.2064,149.669,19.1913],"stabilizedTipPosition":[4.56111,115.538,3.05483],"timeVisible":7.10228,"tipPosition":[6.2822,119.505,-0.0432251],"tipVelocity":[-2.86034,-20.1012,-5.29028],"tool":false,"touchDistance":0.152809,"touchZone":"hovering","type":2,"width":18.9179},{"bases":[[[0.885232,-0.4231,-0.193266],[0.460334,0.737229,0.494556],[-0.0667652,-0.526763,0.847386]],[[0.873486,-0.475593,-0.104083],[0.33559,0.743066,-0.578993],[0.352705,0.470813,0.808662]],[[0.873486,-0.475593,-0.104083],[0.130164,0.434142,-0.891391],[0.469126,0.76507,0.441122]],[[0.873486,-0.475593,-0.104083],[0.0458951,0.293276,-0.954926],[0.484681,0.829338,0.278]]],"btipPosition":[20.214,104.304,7.55104],"carpPosition":[53.3575,129.133,111.627],"dipPosition":[29.1221,119.546,12.6605],"direction":[-0.469126,-0.76507,-0.441122],"extended":false,"handId":717,"id":7173,"length":63.3778,"mcpPosition":[57.4076,161.088,60.2227],"pipPosition":[41.9059,140.395,24.6812],"stabilizedTipPosition":[22.085,108.624,8.86909],"timeVisible":7.10228,"tipPosition":[24.3985,113.109,4.62753],"tipVelocity":[-3.26479,-20.959,-2.85056],"tool":false,"touchDistance":0.163096,"touchZone":"hovering","type":3,"width":18.0015},{"bases":[[[0.783244,-0.59718,-0.172932],[0.584697,0.612993,0.531384],[-0.211326,-0.517316,0.829292]],[[0.739907,-0.671551,-0.0394549],[0.454927,0.542715,-0.706047],[0.495559,0.50446,0.707065]],[[0.739907,-0.671551,-0.0394549],[0.204423,0.280334,-0.937883],[0.640896,0.685881,0.344702]],[[0.739907,-0.671551,-0.0394549],[0.12569,0.195626,-0.972591],[0.660862,0.714668,0.229152]]],"btipPosition":[33.7034,106.455,24.8738],"carpPosition":[62.6094,120.266,106.553],"dipPosition":[44.9087,118.573,28.7592],"direction":[-0.640896,-0.685881,-0.344702],"extended":false,"handId":717,"id":7174,"length":49.687,"mcpPosition":[74.4763,149.315,59.9848],"pipPosition":[57.2395,131.769,35.3913],"stabilizedTipPosition":[36.0855,110.144,25.9404],"timeVisible":7.10228,"tipPosition":[38.7107,113.602,21.8976],"tipVelocity":[-4.80952,-20.031,0.0345457],"tool":false,"touchDistance":0.115035,"touchZone":"hovering","type":4,"width":15.9904}],"r":[[0.0121767,0.917082,0.398513],[-0.345415,0.377867,-0.859014],[-0.938371,-0.127192,0.321375]],"s":0.559487,"t":[11.524,6.65662,-8.31898],"timestamp":746964841629},{"currentFrameRate":115.023,"devices":[],"gestures":[],"hands":[{"armBasis":[[0.966307,-0.191766,-0.171686],[0.249761,0.859806,0.445369],[0.06221,-0.473244,0.878732]],"armWidth":62.9212,"confidence":1,"direction":[-0.0120195,0.668419,-0.743688],"elbow":[64.7667,-19.7695,361.386],"grabAngle":1.93611,"grabStrength":1,"id":717,"palmNormal":[-0.260291,-0.720193,-0.643095],"palmPosition":[38.8737,149.315,74.2913],"palmVelocity":[-4.96002,-8.29639,-1.52609],"palmWidth":88.117,"pinchDistance":5.63901,"pinchStrength":1,"r":[[0.0114817,0.917391,0.397822],[-0.345345,0.377005,-0.859421],[-0.938406,-0.127518,0.321145]],"s":0.559752,"sphereCenter":[25.0751,126.099,36.3352],"sphereRadius":36.0705,"stabilizedPalmPosition":[38.9548,152.359,75.9122],"t":[11.4809,6.5581,-8.36403],"timeVisible":7.11101,"type":"right","wrist":[48.5004,103.972,131.62]}],"id":1319955,"interactionBox":{"center":[0,200,0],"size":[235.247,235.247,147.751]},"pointables":[{"bases":[[[0.618962,0.699806,0.35659],[-0.655896,0.210787,0.724823],[0.432071,-0.682525,0.58947]],[[0.405324,0.908397,0.102607],[-0.889431,0.365925,0.273883],[0.211248,-0.202273,0.956274]],[[0.405324,0.908397,0.102607],[-0.912822,0.396067,0.0994345],[0.0496868,-0.133965,0.98974]],[[0.405324,0.908397,0.102607],[-0.909698,0.411883,-0.052929],[-0.0903426,-0.071888,0.993313]]],"btipPosition":[8.58279,127.311,13.0142],"carpPosition":[18.3815,111.385,115.305],"dipPosition":[6.50293,125.656,35.8822],"direction":[-0.0496868,0.133965,-0.98974],"extended":false,"handId":717,"id":7170,"length":51.2665,"mcpPosition":[18.3815,111.385,115.305],"pipPosition":[8.1694,121.163,69.0777],"stabilizedTipPosition":[8.21428,129.195,18.7519],"timeVisible":7.11101,"tipPosition":[9.9285,128.004,19.0943],"tipVelocity":[-9.79155,-8.55329,-1.58557],"tool":false,"touchDistance":0.230182,"touchZone":"hovering","type":0,"width":20.1654},{"bases":[[[0.949731,-0.0709782,-0.304913],[0.231607,0.814599,0.531776],[0.210638,-0.575665,0.79009]],[[0.97092,-0.159509,-0.178526],[0.0162655,0.787937,-0.615541],[0.238852,0.594737,0.767618]],[[0.97092,-0.159509,-0.178526],[-0.142684,0.213251,-0.966522],[0.19224,0.963888,0.18429]],[[0.97092,-0.159509,-0.178526],[-0.183365,-0.01603,-0.982914],[0.153922,0.987066,-0.0448122]]],"btipPosition":[-1.53262,106.869,25.9891],"carpPosition":[30.7266,130.497,118.35],"dipPosition":[1.05434,123.459,25.236],"direction":[-0.19224,-0.963888,-0.18429],"extended":false,"handId":717,"id":7171,"length":57.8485,"mcpPosition":[15.7194,171.511,62.0586],"pipPosition":[5.62508,146.377,29.6177],"stabilizedTipPosition":[-1.12997,111.845,26.2133],"timeVisible":7.11101,"tipPosition":[-0.653444,114.737,23.8922],"tipVelocity":[-2.71073,-9.31785,2.15668],"tool":false,"touchDistance":0.305316,"touchZone":"hovering","type":1,"width":19.262},{"bases":[[[0.915966,-0.285922,-0.281523],[0.393404,0.778036,0.489789],[0.0789939,-0.559382,0.825137]],[[0.919144,-0.344537,-0.190967],[0.214007,0.843749,-0.492227],[0.330719,0.41156,0.849261]],[[0.919144,-0.344537,-0.190967],[0.00857764,0.502175,-0.864724],[0.393828,0.793168,0.464526]],[[0.919144,-0.344537,-0.190967],[-0.0885089,0.29176,-0.952388],[0.383849,0.892284,0.237675]]],"btipPosition":[3.06139,110.931,1.77372],"carpPosition":[42.1915,131.331,115.179],"dipPosition":[10.1571,127.425,6.16727],"direction":[-0.393828,-0.793168,-0.464526],"extended":false,"handId":717,"id":7172,"length":65.9137,"mcpPosition":[36.8543,169.126,59.4285],"pipPosition":[21.1735,149.612,19.1613],"stabilizedTipPosition":[4.586,115.385,3.00391],"timeVisible":7.11101,"tipPosition":[6.24657,119.406,-0.048679],"tipVelocity":[-2.83587,-7.30824,-2.65979],"tool":false,"touchDistance":0.152423,"touchZone":"hovering","type":2,"width":18.9179},{"bases":[[[0.885326,-0.422956,-0.193145],[0.460158,0.737392,0.494477],[-0.0667187,-0.526651,0.847459]],[[0.873587,-0.475435,-0.103961],[0.33562,0.743237,-0.578756],[0.352429,0.470702,0.808847]],[[0.873587,-0.475435,-0.103961],[0.130105,0.433994,-0.891472],[0.468955,0.765252,0.440988]],[[0.873587,-0.475435,-0.103961],[0.0458289,0.293034,-0.955003],[0.484506,0.829513,0.277779]]],"btipPosition":[20.1894,104.23,7.53681],"carpPosition":[53.3157,129.069,111.618],"dipPosition":[29.0943,119.476,12.6422],"direction":[-0.468955,-0.765252,-0.440988],"extended":false,"handId":717,"id":7173,"length":63.3778,"mcpPosition":[57.363,161.017,60.2089],"pipPosition":[41.8734,140.329,24.6592],"stabilizedTipPosition":[22.1113,108.471,8.84186],"timeVisible":7.11101,"tipPosition":[24.3648,113.018,4.62264],"tipVelocity":[-2.90557,-8.41689,-1.73932],"tool":false,"touchDistance":0.162843,"touchZone":"hovering","type":3,"width":18.0015},{"bases":[[[0.783371,-0.597053,-0.172792],[0.584543,0.613185,0.531332],[-0.21128,-0.517235,0.829355]],[[0.740024,-0.671434,-0.0392646],[0.454953,0.542717,-0.706028],[0.495361,0.504614,0.707094]],[[0.740024,-0.671434,-0.0392646],[0.204225,0.279943,-0.938043],[0.640825,0.686155,0.344288]],[[0.740024,-0.671434,-0.0392646],[0.125578,0.195287,-0.972673],[0.660753,0.71487,0.228835]]],"btipPosition":[33.6711,106.373,24.8752],"carpPosition":[62.5697,120.203,106.546],"dipPosition":[44.8747,118.494,28.7553],"direction":[-0.640825,-0.686155,-0.344288],"extended":false,"handId":717,"id":7174,"length":49.687,"mcpPosition":[74.434,149.248,59.9739],"pipPosition":[57.2041,131.696,35.3793],"stabilizedTipPosition":[36.1045,110.029,25.9202],"timeVisible":7.11101,"tipPosition":[38.6766,113.519,21.8915],"tipVelocity":[-3.74105,-9.26955,0.0175772],"tool":false,"touchDistance":0.115038,"touchZone":"hovering","type":4,"width":15.9904}],"r":[[0.0114817,0.917391,0.397822],[-0.345345,0.377005,-0.859421],[-0.938406,-0.127518,0.321145]],"s":0.559752,"t":[11.4809,6.5581,-8.36403],"timestamp":746964850351},{"currentFrameRate":114.991,"devices":[],"gestures":[],"hands":[{"armBasis":[[0.966378,-0.191668,-0.171398],[0.249453,0.860499,0.444201],[0.0623486,-0.472021,0.87938]],"armWidth":62.9212,"confidence":1,"direction":[-0.0118299,0.667883,-0.744172],"elbow":[64.7642,-19.4191,361.6],"grabAngle":1.93636,"grabStrength":1,"id":717,"palmNormal":[-0.259982,-0.720684,-0.64267],"palmPosition":[38.846,149.298,74.2967],"palmVelocity":[-3.16191,-1.97209,0.61198],"palmWidth":88.117,"pinchDistance":5.60137,"pinchStrength":1,"r":[[0.010877,0.917695,0.397137],[-0.345236,0.376185,-0.859824],[-0.938453,-0.127754,0.320913]],"s":0.560126,"sphereCenter":[25.0709,126.049,36.3454],"sphereRadius":36.0768,"stabilizedPalmPosition":[38.9543,152.344,75.9044],"t":[11.4456,6.5002,-8.38387],"timeVisible":7.11976,"type":"right","wrist":[48.4616,104.002,131.665]}],"id":1319956,"interactionBox":{"center":[0,200,0],"size":[235.247,235.247,147.751]},"pointables":[{"bases":[[[0.618757,0.700132,0.356307],[-0.656177,0.211234,0.724439],[0.431938,-0.682053,0.590113]],[[0.405122,0.908552,0.10203],[-0.889587,0.365973,0.27331],[0.210976,-0.201488,0.9565]],[[0.405122,0.908552,0.10203],[-0.912887,0.395865,0.0996409],[0.050139,-0.133508,0.989779]],[[0.405122,0.908552,0.10203],[-0.909933,0.411533,-0.0516062],[-0.0888755,-0.0719334,0.993442]]],"btipPosition":[8.50901,127.269,13.0243],"carpPosition":[18.3435,111.394,115.331],"dipPosition":[6.46292,125.613,35.8953],"direction":[-0.050139,0.133508,-0.989779],"extended":false,"handId":717,"id":7170,"length":51.2665,"mcpPosition":[18.3435,111.394,115.331],"pipPosition":[8.14457,121.135,69.092],"stabilizedTipPosition":[8.20993,129.138,18.7403],"timeVisible":7.11976,"tipPosition":[9.91488,127.94,19.1013],"tipVelocity":[-7.54439,-4.86261,1.23438],"tool":false,"touchDistance":0.230362,"touchZone":"hovering","type":0,"width":20.1654},{"bases":[[[0.949848,-0.0710909,-0.304525],[0.231327,0.815007,0.531273],[0.210421,-0.575073,0.790578]],[[0.97093,-0.158882,-0.179028],[0.0154436,0.787959,-0.615534],[0.238864,0.594876,0.767507]],[[0.97093,-0.158882,-0.179028],[-0.143457,0.212469,-0.96658],[0.19161,0.964165,0.1835]],[[0.97093,-0.158882,-0.179028],[-0.184071,-0.0174926,-0.982757],[0.153011,0.987143,-0.0462297]]],"btipPosition":[-1.52863,106.827,26.0176],"carpPosition":[30.6854,130.511,118.366],"dipPosition":[1.04301,123.418,25.2407],"direction":[-0.19161,-0.964165,-0.1835],"extended":false,"handId":717,"id":7171,"length":57.8485,"mcpPosition":[15.6936,171.483,62.0398],"pipPosition":[5.59878,146.342,29.6036],"stabilizedTipPosition":[-1.11629,111.76,26.1868],"timeVisible":7.11976,"tipPosition":[-0.659644,114.675,23.9105],"tipVelocity":[0.0527979,-4.808,2.63388],"tool":false,"touchDistance":0.3057,"touchZone":"hovering","type":1,"width":19.262},{"bases":[[[0.916097,-0.286022,-0.280993],[0.393144,0.778432,0.489369],[0.0787632,-0.55878,0.825567]],[[0.919249,-0.344599,-0.190347],[0.214388,0.843724,-0.492105],[0.330179,0.411559,0.849471]],[[0.919249,-0.344599,-0.190347],[0.00905272,0.501889,-0.864885],[0.393572,0.793322,0.46448]],[[0.919249,-0.344599,-0.190347],[-0.0880972,0.291185,-0.952602],[0.383692,0.892448,0.237313]]],"btipPosition":[3.07242,110.895,1.76214],"carpPosition":[42.1513,131.344,115.198],"dipPosition":[10.1652,127.392,6.149],"direction":[-0.393572,-0.793322,-0.46448],"extended":false,"handId":717,"id":7172,"length":65.9137,"mcpPosition":[36.8297,169.098,59.4189],"pipPosition":[21.1744,149.584,19.1418],"stabilizedTipPosition":[4.60758,115.257,2.96124],"timeVisible":7.11976,"tipPosition":[6.24356,119.316,-0.0241442],"tipVelocity":[1.18474,-3.97268,-1.49975],"tool":false,"touchDistance":0.152204,"touchZone":"hovering","type":2,"width":18.9179},{"bases":[[[0.885442,-0.422996,-0.192527],[0.4599,0.737798,0.494111],[-0.066961,-0.52605,0.847814]],[[0.873678,-0.475408,-0.103316],[0.335843,0.743004,-0.578925],[0.35199,0.471096,0.808809]],[[0.873678,-0.475408,-0.103316],[0.130338,0.433325,-0.891763],[0.468721,0.765648,0.44055]],[[0.873678,-0.475408,-0.103316],[0.0460835,0.292278,-0.955222],[0.484318,0.829795,0.277265]]],"btipPosition":[20.1945,104.171,7.56339],"carpPosition":[53.277,129.08,111.643],"dipPosition":[29.096,119.422,12.6593],"direction":[-0.468721,-0.765648,-0.44055],"extended":false,"handId":717,"id":7173,"length":63.3778,"mcpPosition":[57.339,160.991,60.2124],"pipPosition":[41.8687,140.286,24.6644],"stabilizedTipPosition":[22.1326,108.342,8.8245],"timeVisible":7.11976,"tipPosition":[24.3644,112.946,4.65191],"tipVelocity":[0.500726,-6.55966,2.78953],"tool":false,"touchDistance":0.16325,"touchZone":"hovering","type":3,"width":18.0015},{"bases":[[[0.783499,-0.59709,-0.172085],[0.584286,0.613632,0.531099],[-0.211517,-0.516662,0.829651]],[[0.74021,-0.671258,-0.0387658],[0.454958,0.542476,-0.70621],[0.495079,0.505107,0.70694]],[[0.74021,-0.671258,-0.0387658],[0.204104,0.279256,-0.938274],[0.640649,0.686607,0.343715]],[[0.74021,-0.671258,-0.0387658],[0.125604,0.194686,-0.97279],[0.66054,0.7152,0.228421]]],"btipPosition":[33.6654,106.318,24.9166],"carpPosition":[62.5338,120.211,106.58],"dipPosition":[44.8653,118.445,28.7897],"direction":[-0.640649,-0.686607,-0.343715],"extended":false,"handId":717,"id":7174,"length":49.687,"mcpPosition":[74.4114,149.224,59.9919],"pipPosition":[57.1913,131.655,35.4027],"stabilizedTipPosition":[36.1185,109.935,25.9086],"timeVisible":7.11976,"tipPosition":[38.6704,113.463,21.9243],"tipVelocity":[-0.752607,-6.13394,4.55071],"tool":false,"touchDistance":0.115701,"touchZone":"hovering","type":4,"width":15.9904}],"r":[[0.010877,0.917695,0.397137],[-0.345236,0.376185,-0.859824],[-0.938453,-0.127754,0.320913]],"s":0.560126,"t":[11