{"frames":81,"data":[{"currentFrameRate":115.253,"devices":[],"gestures":[],"hands":[{"armBasis":[[0.685899,0.641136,-0.344219],[-0.359779,0.709944,0.605424],[0.632535,-0.291417,0.717617]],"armWidth":62.5385,"confidence":1,"direction":[-0.631212,0.134341,-0.763888],"elbow":[145.409,63.8138,332.201],"grabAngle":0.197551,"grabStrength":0,"id":786,"palmNormal":[0.45261,-0.736001,-0.503435],"palmPosition":[-65.097,142.073,94.3632],"palmVelocity":[12.122,-68.6494,-7.27531],"palmWidth":86.4688,"pinchDistance":52.949,"pinchStrength":0,"r":[[0.977455,-0.192475,-0.0868093],[0.193588,0.981072,0.00451044],[0.0842981,-0.021214,0.996215]],"s":0.986193,"sphereCenter":[30.9843,-10.9133,-10.5261],"sphereRadius":211.086,"stabilizedPalmPosition":[-65.131,142.294,94.3907],"t":[12.8827,19.1901,5.26091],"timeVisible":5.80139,"type":"right","wrist":[-16.9644,138.622,147.987]}],"id":1358068,"interactionBox":{"center":[0,200,0],"size":[235.247,235.247,147.751]},"pointables":[{"bases":[[[-0.274545,0.951511,0.138751],[-0.462977,-0.257273,0.848212],[0.84278,0.168634,0.51116]],[[-0.354309,0.930888,0.0889586],[-0.461968,-0.256951,0.848859],[0.81305,0.259662,0.521081]],[[-0.354309,0.930888,0.0889586],[-0.845599,-0.359553,0.394568],[0.399284,0.0645754,0.914551]],[[-0.354309,0.930888,0.0889586],[-0.934556,-0.349158,-0.0685075],[-0.0327122,-0.10741,0.993677]]],"btipPosition":[-90.912,104.997,65.5352],"carpPosition":[-40.355,117.03,140.983],"dipPosition":[-91.6253,102.655,87.2016],"direction":[-0.399284,-0.0645754,-0.91455],"extended":false,"handId":786,"id":7860,"length":48.5548,"mcpPosition":[-40.355,117.03,140.983],"pipPosition":[-78.9418,104.706,116.253],"stabilizedTipPosition":[-91.1329,104.606,70.4908],"timeVisible":5.80139,"tipPosition":[-91.6978,97.5703,68.4786],"tipVelocity":[30.8538,-79.5502,17.4195],"tool":false,"touchDistance":0.349042,"touchZone":"hovering","type":0,"width":20.1475},{"bases":[[[0.514931,0.676654,-0.526295],[-0.555595,0.730977,0.396215],[0.65281,0.0883837,0.752348]],[[0.678989,0.673924,-0.291205],[-0.570166,0.733943,0.369104],[0.462476,-0.0845823,0.882588]],[[0.678989,0.673924,-0.291205],[-0.578631,0.735384,0.352699],[0.45184,-0.0709787,0.889271]],[[0.678989,0.673924,-0.291205],[-0.597881,0.737788,0.31338],[0.426042,-0.038676,0.903876]]],"btipPosition":[-131.491,136.584,17.1104],"carpPosition":[-50.3823,137.164,139.45],"dipPosition":[-124.709,135.969,31.4983],"direction":[-0.45184,0.0709787,-0.889271],"extended":true,"handId":786,"id":7861,"length":54.7887,"mcpPosition":[-96.0228,130.985,86.8503],"pipPosition":[-114.534,134.37,51.5234],"stabilizedTipPosition":[-129.915,136.525,20.4008],"timeVisible":5.80139,"tipPosition":[-127.353,130.857,19.1192],"tipVelocity":[-11.3461,-62.135,14.9294],"tool":false,"touchDistance":0.333891,"touchZone":"hovering","type":1,"width":19.2449},{"bases":[[[0.685514,0.547779,-0.479593],[-0.446074,0.836613,0.317956],[0.575403,-0.0040288,0.81786]],[[0.73876,0.544729,-0.396867],[-0.49378,0.838238,0.231383],[0.45871,0.0250283,0.888234]],[[0.73876,0.544729,-0.396867],[-0.529523,0.83341,0.158219],[0.416939,0.0932641,0.904137]],[[0.73876,0.544729,-0.396867],[-0.529523,0.83341,0.158219],[0.416939,0.0932641,0.904137]]],"btipPosition":[-122.775,141.176,-0.321358],"carpPosition":[-45.6802,146.137,133.574],"dipPosition":[-115.475,142.809,15.5081],"direction":[-0.416939,-0.0932641,-0.904137],"extended":true,"handId":786,"id":7862,"length":62.4274,"mcpPosition":[-83.8302,146.404,79.3489],"pipPosition":[-104.429,145.28,39.4615],"stabilizedTipPosition":[-121.099,141.596,3.32089],"timeVisible":5.80139,"tipPosition":[-118.119,133.395,3.02567],"tipVelocity":[6.19315,-85.0365,-2.57045],"tool":false,"touchDistance":0.330337,"touchZone":"hovering","type":2,"width":18.901},{"bases":[[[0.794381,0.476579,-0.376606],[-0.377388,0.873057,0.308788],[0.47596,-0.103169,0.873395]],[[0.749316,0.48382,-0.452155],[-0.440269,0.874009,0.205598],[0.49466,0.0450118,0.86792]],[[0.749316,0.48382,-0.452155],[-0.480973,0.866955,0.130596],[0.455183,0.119617,0.882327]],[[0.749316,0.48382,-0.452155],[-0.492782,0.863507,0.107337],[0.442371,0.142384,0.885457]]],"btipPosition":[-106.911,151.927,1.33074],"carpPosition":[-38.5387,153.225,127.635],"dipPosition":[-99.2101,154.406,16.7441],"direction":[-0.455183,-0.119617,-0.882327],"extended":true,"handId":786,"id":7863,"length":60.0256,"mcpPosition":[-66.8715,159.367,75.6442],"pipPosition":[-87.4623,157.493,39.5159],"stabilizedTipPosition":[-105.14,152.538,4.87897],"timeVisible":5.80139,"tipPosition":[-102.16,146.927,4.09779],"tipVelocity":[0.599061,-80.7373,-6.13289],"tool":false,"touchDistance":0.326987,"touchZone":"hovering","type":3,"width":17.9855},{"bases":[[[0.895491,0.310586,-0.318798],[-0.205696,0.923987,0.322394],[0.394696,-0.223126,0.891308]],[[0.763916,0.35751,-0.537233],[-0.280701,0.933717,0.222215],[0.581067,-0.0189517,0.813635]],[[0.763916,0.35751,-0.537233],[-0.34789,0.929331,0.123758],[0.543512,0.0923571,0.834305]],[[0.763916,0.35751,-0.537233],[-0.368597,0.925077,0.0914832],[0.529688,0.128137,0.838458]]],"btipPosition":[-86.1005,164.375,16.6106],"carpPosition":[-26.7991,155.196,121.196],"dipPosition":[-77.5944,166.433,30.0753],"direction":[-0.543512,-0.0923571,-0.834305],"extended":true,"handId":786,"id":7864,"length":47.0589,"mcpPosition":[-48.5484,167.491,72.0816],"pipPosition":[-67.6904,168.115,45.2782],"stabilizedTipPosition":[-84.1454,164.892,19.7127],"timeVisible":5.80139,"tipPosition":[-79.5358,159.527,18.0152],"tipVelocity":[2.72602,-77.8381,-9.07242],"tool":false,"touchDistance":0.322877,"touchZone":"hovering","type":4,"width":15.9762}],"r":[[0.977455,-0.192475,-0.0868093],[0.193588,0.981072,0.00451044],[0.0842981,-0.021214,0.996215]],"s":0.986193,"t":[12.8827,19.1901,5.26091],"timestamp":747300923255},{"currentFrameRate":115.234,"devices":[],"gestures":[],"hands":[{"armBasis":[[0.686479,0.640244,-0.344724],[-0.360144,0.71121,0.603719],[0.631698,-0.29029,0.718811]],"armWidth":62.5501,"confidence":1,"direction":[-0.63029,0.132559,-0.764959],"elbow":[145.186,63.7144,332.439],"grabAngle":0.189076,"grabStrength":0,"id":786,"palmNormal":[0.453229,-0.737158,-0.50118],"palmPosition":[-64.9433,141.529,94.3415],"palmVelocity":[17.6477,-62.5099,-2.49768],"palmWidth":86.4368,"pinchDistance":53.0205,"pinchStrength":0,"r":[[0.977982,-0.190752,-0.0846468],[0.19154,0.981484,0.00121357],[0.082848,-0.0174001,0.99641]],"s":0.987502,"sphereCenter":[29.0264,-7.44757,-9.12385],"sphereRadius":206.618,"stabilizedPalmPosition":[-64.9991,141.756,94.3561],"t":[12.9951,18.618,5.20552],"timeVisible":5.8101,"type":"right","wrist":[-16.8972,138.198,148.004]}],"id":1358069,"interactionBox":{"center":[0,200,0],"size":[235.247,235.247,147.751]},"pointables":[{"bases":[[[-0.274726,0.951825,0.136214],[-0.463997,-0.255315,0.848246],[0.842159,0.169833,0.511786]],[[-0.354564,0.931042,0.0862859],[-0.463468,-0.255144,0.848587],[0.812085,0.260888,0.521973]],[[-0.354564,0.931042,0.0862859],[-0.846819,-0.358872,0.392566],[0.396461,0.0661215,0.915667]],[[-0.354564,0.931042,0.0862859],[-0.934294,-0.349109,-0.0722275],[-0.0371236,-0.106226,0.993649]]],"btipPosition":[-90.5675,104.445,65.5513],"carpPosition":[-40.2688,116.605,141.027],"dipPosition":[-91.3764,102.131,87.201],"direction":[-0.396461,-0.0661215,-0.915667],"extended":false,"handId":786,"id":7860,"length":48.519,"mcpPosition":[-40.2688,116.605,141.027],"pipPosition":[-78.7918,104.229,116.266],"stabilizedTipPosition":[-90.8185,104.031,70.5239],"timeVisible":5.8101,"tipPosition":[-91.5046,97.0348,68.5479],"tipVelocity":[37.0289,-62.6308,1.40357],"tool":false,"touchDistance":0.347655,"touchZone":"hovering","type":0,"width":20.1567},{"bases":[[[0.515557,0.675441,-0.527239],[-0.556084,0.731884,0.393848],[0.651899,0.0901382,0.75293]],[[0.679313,0.673262,-0.291978],[-0.567631,0.734238,0.37241],[0.465111,-0.0872473,0.880942]],[[0.679313,0.673262,-0.291978],[-0.573929,0.735361,0.360347],[0.457317,-0.0772139,0.885945]],[[0.679313,0.673262,-0.291978],[-0.593503,0.738047,0.321001],[0.431611,-0.0447703,0.900948]]],"btipPosition":[-131.604,136.367,17.3191],"carpPosition":[-50.2854,136.727,139.441],"dipPosition":[-124.739,135.655,31.6498],"direction":[-0.457317,0.0772139,-0.885945],"extended":true,"handId":786,"id":7861,"length":54.7483,"mcpPosition":[-95.8454,130.427,86.8204],"pipPosition":[-114.448,133.917,51.5854],"stabilizedTipPosition":[-130.002,136.272,20.5694],"timeVisible":5.8101,"tipPosition":[-127.229,130.388,19.1133],"tipVelocity":[-10.8512,-27.5198,22.4585],"tool":false,"touchDistance":0.336769,"touchZone":"hovering","type":1,"width":19.2537},{"bases":[[[0.686085,0.546678,-0.480033],[-0.44647,0.83734,0.315477],[0.574415,-0.00212354,0.818562]],[[0.739139,0.543831,-0.397393],[-0.491935,0.838872,0.23301],[0.46008,0.0232648,0.887573]],[[0.739139,0.543831,-0.397393],[-0.526863,0.834387,0.161906],[0.419629,0.0897005,0.903253]],[[0.739139,0.543831,-0.397393],[-0.526863,0.834387,0.161906],[0.419629,0.0897005,0.903253]]],"btipPosition":[-122.745,140.834,-0.241451],"carpPosition":[-45.5793,145.682,133.553],"dipPosition":[-115.404,142.404,15.5608],"direction":[-0.419629,-0.0897005,-0.903253],"extended":true,"handId":786,"id":7862,"length":62.3813,"mcpPosition":[-83.6497,145.822,79.3016],"pipPosition":[-104.295,144.778,39.4732],"stabilizedTipPosition":[-121.059,141.219,3.38872],"timeVisible":5.8101,"tipPosition":[-117.955,132.906,2.97385],"tipVelocity":[4.48544,-40.9334,8.45733],"tool":false,"touchDistance":0.331565,"touchZone":"hovering","type":2,"width":18.9097},{"bases":[[[0.794828,0.475719,-0.376749],[-0.377773,0.873764,0.306308],[0.474906,-0.101136,0.874206]],[[0.749527,0.482819,-0.452874],[-0.438333,0.874647,0.207019],[0.496057,0.0433431,0.867207]],[[0.749527,0.482819,-0.452874],[-0.477746,0.868094,0.134803],[0.458222,0.11532,0.881325]],[[0.749527,0.482819,-0.452874],[-0.489567,0.864781,0.111706],[0.44557,0.137986,0.884549]]],"btipPosition":[-106.896,151.594,1.40164],"carpPosition":[-38.435,152.753,127.609],"dipPosition":[-99.1459,153.994,16.7878],"direction":[-0.458222,-0.11532,-0.881325],"extended":true,"handId":786,"id":7863,"length":59.9813,"mcpPosition":[-66.6946,158.771,75.589],"pipPosition":[-87.3284,156.968,39.517],"stabilizedTipPosition":[-105.115,152.168,4.93696],"timeVisible":5.8101,"tipPosition":[-101.999,146.362,4.04944],"tipVelocity":[2.95667,-40.3847,7.42259],"tool":false,"touchDistance":0.328065,"touchZone":"hovering","type":3,"width":17.9938},{"bases":[[[0.895871,0.309862,-0.318435],[-0.206098,0.924728,0.320003],[0.393622,-0.221053,0.892299]],[[0.76368,0.35647,-0.538258],[-0.278457,0.934075,0.223531],[0.582456,-0.0208249,0.812596]],[[0.76368,0.35647,-0.538258],[-0.34413,0.930187,0.12778],[0.54623,0.0876478,0.833037]],[[0.76368,0.35647,-0.538258],[-0.36475,0.926158,0.0958562],[0.532682,0.123126,0.837311]]],"btipPosition":[-86.0435,163.997,16.677],"carpPosition":[-26.6937,154.707,121.182],"dipPosition":[-77.4956,165.973,30.1134],"direction":[-0.54623,-0.0876478,-0.833037],"extended":true,"handId":786,"id":7864,"length":47.0242,"mcpPosition":[-48.3758,166.883,72.0314],"pipPosition":[-67.5494,167.569,45.2819],"stabilizedTipPosition":[-84.0815,164.478,19.7641],"timeVisible":5.8101,"tipPosition":[-79.4139,158.952,17.9832],"tipVelocity":[7.64707,-45.5113,6.87448],"tool":false,"touchDistance":0.323874,"touchZone":"hovering","type":4,"width":15.9835}],"r":[[0.977982,-0.190752,-0.0846468],[0.19154,0.981484,0.00121357],[0.082848,-0.0174001,0.99641]],"s":0.987502,"t":[12.9951,18.618,5.20552],"timestamp":747300931965},{"currentFrameRate":115.249,"devices":[],"gestures":[],"hands":[{"armBasis":[[0.687573,0.638884,-0.345066],[-0.359529,0.712425,0.602652],[0.630858,-0.290306,0.719542]],"armWidth":62.5661,"confidence":1,"direction":[-0.62848,0.129138,-0.76703],"elbow":[144.924,63.4555,332.659],"grabAngle":0.179916,"grabStrength":0,"id":786,"palmNormal":[0.454976,-0.738791,-0.497176],"palmPosition":[-64.791,141.037,94.3484],"palmVelocity":[17.6046,-56.8391,0.800875],"palmWidth":86.415,"pinchDistance":53.1105,"pinchStrength":0,"r":[[0.978466,-0.189295,-0.0822873],[0.189769,0.981827,-0.0020982],[0.081189,-0.0135626,0.996606]],"s":0.988975,"sphereCenter":[26.9329,-3.52083,-7.16701],"sphereRadius":201.545,"stabilizedPalmPosition":[-64.858,141.269,94.3509],"t":[13.1275,18.0861,5.1813],"timeVisible":5.81876,"type":"right","wrist":[-16.884,137.916,148.105]}],"id":1358070,"interactionBox":{"center":[0,200,0],"size":[235.247,235.247,147.751]},"pointables":[{"bases":[[[-0.275716,0.952158,0.131819],[-0.465926,-0.252328,0.848082],[0.84077,0.172412,0.513206]],[[-0.35554,0.931084,0.0816942],[-0.465434,-0.252168,0.8484],[0.810532,0.263617,0.523014]],[[-0.35554,0.931084,0.0816942],[-0.847969,-0.358091,0.390792],[0.393114,0.0696683,0.916846]],[[-0.35554,0.931084,0.0816942],[-0.933727,-0.349919,-0.0755673],[-0.0417731,-0.103147,0.993789]]],"btipPosition":[-90.2219,103.857,65.6437],"carpPosition":[-40.2244,116.322,141.175],"dipPosition":[-91.1316,101.611,87.2856],"direction":[-0.393114,-0.0696683,-0.916846],"extended":false,"handId":786,"id":7860,"length":48.4945,"mcpPosition":[-40.2244,116.322,141.175],"pipPosition":[-78.6596,103.821,116.374],"stabilizedTipPosition":[-90.5086,103.479,70.6018],"timeVisible":5.81876,"tipPosition":[-91.2527,96.4658,68.6745],"tipVelocity":[37.2695,-66.1243,10.4764],"tool":false,"touchDistance":0.347582,"touchZone":"hovering","type":0,"width":20.1672},{"bases":[[[0.5164,0.673739,-0.52859],[-0.557561,0.733027,0.389611],[0.649966,0.0935262,0.754186]],[[0.679581,0.67259,-0.292904],[-0.566167,0.734756,0.373615],[0.466503,-0.0880688,0.880125]],[[0.679581,0.67259,-0.292904],[-0.570609,0.735566,0.365169],[0.461059,-0.0810279,0.883662]],[[0.679581,0.67259,-0.292904],[-0.590425,0.738428,0.325765],[0.435395,-0.0484456,0.898935]]],"btipPosition":[-131.596,136.002,17.4468],"carpPosition":[-50.2419,136.424,139.492],"dipPosition":[-124.674,135.232,31.7383],"direction":[-0.461059,0.0810279,-0.883662],"extended":true,"handId":786,"id":7861,"length":54.7206,"mcpPosition":[-95.6553,129.889,86.7969],"pipPosition":[-114.305,133.41,51.6124],"stabilizedTipPosition":[-130.004,135.922,20.6981],"timeVisible":5.81876,"tipPosition":[-127.003,129.802,19.0765],"tipVelocity":[2.46099,-43.6529,13.7154],"tool":false,"touchDistance":0.338206,"touchZone":"hovering","type":1,"width":19.2637},{"bases":[[[0.686899,0.545279,-0.480459],[-0.447826,0.838253,0.311101],[0.572383,0.00146715,0.819985]],[[0.73959,0.542808,-0.397953],[-0.490821,0.839541,0.232952],[0.460546,0.0230347,0.887337]],[[0.73959,0.542808,-0.397953],[-0.524636,0.835314,0.164341],[0.421621,0.0872357,0.902566]],[[0.73959,0.542808,-0.397953],[-0.524636,0.835314,0.164341],[0.421621,0.0872357,0.902566]]],"btipPosition":[-122.64,140.39,-0.210918],"carpPosition":[-45.5299,145.354,133.583],"dipPosition":[-115.268,141.916,15.5714],"direction":[-0.421621,-0.0872357,-0.902566],"extended":true,"handId":786,"id":7862,"length":62.3498,"mcpPosition":[-83.456,145.257,79.2511],"pipPosition":[-104.112,144.224,39.4535],"stabilizedTipPosition":[-120.951,140.768,3.41732],"timeVisible":5.81876,"tipPosition":[-117.684,132.318,2.90219],"tipVelocity":[12.961,-52.467,2.99747],"tool":false,"touchDistance":0.331997,"touchZone":"hovering","type":2,"width":18.9195},{"bases":[[[0.795434,0.474799,-0.37663],[-0.379131,0.874688,0.30196],[0.472804,-0.097397,0.875768]],[[0.749882,0.481615,-0.453568],[-0.437041,0.875323,0.206892],[0.496661,0.0430832,0.866875]],[[0.749882,0.481615,-0.453568],[-0.474788,0.869214,0.137999],[0.46071,0.111866,0.880473]],[[0.749882,0.481615,-0.453568],[-0.486541,0.866031,0.115186],[0.44828,0.134304,0.883747]]],"btipPosition":[-106.825,151.189,1.43142],"carpPosition":[-38.3796,152.404,127.631],"dipPosition":[-99.031,153.524,16.7958],"direction":[-0.46071,-0.111866,-0.880473],"extended":true,"handId":786,"id":7863,"length":59.951,"mcpPosition":[-66.5069,158.198,75.5315],"pipPosition":[-87.1554,156.407,39.4916],"stabilizedTipPosition":[-105.036,151.749,4.96374],"timeVisible":5.81876,"tipPosition":[-101.747,145.714,3.98283],"tipVelocity":[9.431,-48.5533,2.86393],"tool":false,"touchDistance":0.328478,"touchZone":"hovering","type":3,"width":18.0031},{"bases":[[[0.896446,0.309241,-0.317419],[-0.207526,0.925825,0.315882],[0.391558,-0.217299,0.894127]],[[0.763665,0.355134,-0.539162],[-0.276872,0.934572,0.223423],[0.583231,-0.0213416,0.812026]],[[0.763665,0.355134,-0.539162],[-0.340542,0.931068,0.130933],[0.548496,0.0836182,0.831962]],[[0.763665,0.355134,-0.539162],[-0.360789,0.927296,0.0997705],[0.535395,0.118332,0.836271]]],"btipPosition":[-85.9506,163.589,16.7176],"carpPosition":[-26.6288,154.34,121.228],"dipPosition":[-77.3635,165.487,30.1305],"direction":[-0.548496,-0.0836182,-0.831962],"extended":true,"handId":786,"id":7864,"length":47.0005,"mcpPosition":[-48.1917,166.307,71.989],"pipPosition":[-67.3811,167.009,45.2718],"stabilizedTipPosition":[-83.9815,164.051,19.8004],"timeVisible":5.81876,"tipPosition":[-79.2294,158.327,17.9441],"tipVelocity":[11.7806,-49.2371,4.06839],"tool":false,"touchDistance":0.324461,"touchZone":"hovering","type":4,"width":15.9917}],"r":[[0.978466,-0.189295,-0.0822873],[0.189769,0.981827,-0.0020982],[0.081189,-0.0135626,0.996606]],"s":0.988975,"t":[13.1275,18.0861,5.1813],"timestamp":747300940617},{"currentFrameRate":115.25,"devices":[],"gestures":[],"hands":[{"armBasis":[[0.688353,0.638394,-0.344418],[-0.359819,0.712788,0.602049],[0.629842,-0.290494,0.720356]],"armWidth":62.5781,"confidence":1,"direction":[-0.627384,0.12375,-0.768814],"elbow":[144.663,63.2364,332.884],"grabAngle":0.16916,"grabStrength":0,"id":786,"palmNormal":[0.458355,-0.73946,-0.493061],"palmPosition":[-64.6397,140.513,94.3314],"palmVelocity":[17.4402,-60.4137,-1.95887],"palmWidth":86.3939,"pinchDistance":53.2274,"pinchStrength":0,"r":[[0.979003,-0.187556,-0.0798553],[0.187719,0.982207,-0.00553243],[0.0794721,-0.00957406,0.996791]],"s":0.990728,"sphereCenter":[24.2955,2.11625,-4.80355],"sphereRadius":194.781,"stabilizedPalmPosition":[-64.7148,140.773,94.3381],"t":[13.2693,17.5581,5.16069],"timeVisible":5.82743,"type":"right","wrist":[-16.8433,137.726,148.167]}],"id":1358071,"interactionBox":{"center":[0,200,0],"size":[235.247,235.247,147.751]},"pointables":[{"bases":[[[-0.279069,0.951819,0.127128],[-0.466774,-0.250153,0.84826],[0.839192,0.177383,0.514094]],[[-0.358981,0.930182,0.0767742],[-0.466305,-0.249997,0.848564],[0.808512,0.268819,0.523493]],[[-0.358981,0.930182,0.0767742],[-0.847987,-0.359412,0.38954],[0.389937,0.0747342,0.917804]],[[-0.358981,0.930182,0.0767742],[-0.932227,-0.353312,-0.0782511],[-0.0456625,-0.0996617,0.993973]]],"btipPosition":[-89.7968,103.143,65.7244],"carpPosition":[-40.0914,116.088,141.301],"dipPosition":[-90.7911,100.973,87.3681],"direction":[-0.389937,-0.0747342,-0.917804],"extended":false,"handId":786,"id":7860,"length":48.4896,"mcpPosition":[-40.0914,116.088,141.301],"pipPosition":[-78.4211,103.344,116.484],"stabilizedTipPosition":[-90.1328,102.83,70.6801],"timeVisible":5.82743,"tipPosition":[-90.9006,95.7844,68.8113],"tipVelocity":[46.7585,-80.26,9.35207],"tool":false,"touchDistance":0.347374,"touchZone":"hovering","type":0,"width":20.1748},{"bases":[[[0.515248,0.673112,-0.530509],[-0.560708,0.732894,0.385321],[0.648171,0.0989251,0.755042]],[[0.678116,0.67349,-0.294227],[-0.566216,0.733969,0.375086],[0.46857,-0.0877559,0.879057]],[[0.678116,0.67349,-0.294227],[-0.56899,0.734477,0.369856],[0.465197,-0.0833926,0.88127]],[[0.678116,0.67349,-0.294227],[-0.589232,0.737472,0.330061],[0.439277,-0.050452,0.896934]]],"btipPosition":[-131.619,135.42,17.5553],"carpPosition":[-50.1679,136.145,139.512],"dipPosition":[-124.636,134.618,31.8135],"direction":[-0.465197,0.0833926,-0.88127],"extended":true,"handId":786,"id":7861,"length":54.7151,"mcpPosition":[-95.4449,129.235,86.7701],"pipPosition":[-114.175,132.742,51.6319],"stabilizedTipPosition":[-130.011,135.374,20.8071],"timeVisible":5.82743,"tipPosition":[-126.796,129,19.0595],"tipVelocity":[-1.07446,-68.0003,11.625],"tool":false,"touchDistance":0.339231,"touchZone":"hovering","type":1,"width":19.2709},{"bases":[[[0.686068,0.545419,-0.481485],[-0.451161,0.838135,0.306568],[0.570758,0.00690078,0.82109]],[[0.738611,0.543479,-0.398855],[-0.491295,0.839095,0.233555],[0.46161,0.023449,0.886773]],[[0.738611,0.543479,-0.398855],[-0.523364,0.835208,0.168873],[0.424906,0.0840149,0.90133]],[[0.738611,0.543479,-0.398855],[-0.523364,0.835208,0.168873],[0.424906,0.0840149,0.90133]]],"btipPosition":[-122.656,139.862,-0.191191],"carpPosition":[-45.4747,145.063,133.575],"dipPosition":[-115.227,141.331,15.5679],"direction":[-0.424906,-0.0840149,-0.90133],"extended":true,"handId":786,"id":7862,"length":62.3435,"mcpPosition":[-83.2838,144.606,79.1832],"pipPosition":[-103.985,143.554,39.4149],"stabilizedTipPosition":[-120.948,140.228,3.4326],"timeVisible":5.82743,"tipPosition":[-117.478,131.605,2.84678],"tipVelocity":[-0.330588,-62.3933,1.65875],"tool":false,"touchDistance":0.332237,"touchZone":"hovering","type":2,"width":18.9266},{"bases":[[[0.794627,0.475746,-0.377139],[-0.382567,0.874754,0.297403],[0.471391,-0.0920437,0.877108]],[[0.748875,0.482108,-0.454707],[-0.437454,0.875022,0.207293],[0.497816,0.0436767,0.866182]],[[0.748875,0.482108,-0.454707],[-0.472968,0.86942,0.142863],[0.464207,0.108075,0.879109]],[[0.748875,0.482108,-0.454707],[-0.484544,0.866412,0.120608],[0.45211,0.130005,0.882437]]],"btipPosition":[-106.892,150.721,1.43548],"carpPosition":[-38.3374,152.108,127.608],"dipPosition":[-99.0328,152.981,16.7756],"direction":[-0.464207,-0.108075,-0.879109],"extended":true,"handId":786,"id":7863,"length":59.9449,"mcpPosition":[-66.3738,157.582,75.4414],"pipPosition":[-87.0682,155.767,39.4339],"stabilizedTipPosition":[-105.082,151.265,4.96371],"timeVisible":5.82743,"tipPosition":[-101.588,144.957,3.92075],"tipVelocity":[-6.04669,-55.896,-0.176294],"tool":false,"touchDistance":0.328452,"touchZone":"hovering","type":3,"width":18.0099},{"bases":[[[0.89606,0.310777,-0.317009],[-0.211157,0.926509,0.311438],[0.390499,-0.212128,0.89583]],[[0.762557,0.355476,-0.540503],[-0.277175,0.934457,0.223525],[0.584535,-0.0206364,0.811106]],[[0.762557,0.355476,-0.540503],[-0.338472,0.931251,0.134937],[0.551311,0.0800485,0.830451]],[[0.762557,0.355476,-0.540503],[-0.35803,0.92778,0.105061],[0.538815,0.113402,0.834756]]],"btipPosition":[-85.9869,163.136,16.7166],"carpPosition":[-26.5834,154.054,121.221],"dipPosition":[-77.3458,164.955,30.1038],"direction":[-0.551311,-0.0800485,-0.830451],"extended":true,"handId":786,"id":7864,"length":46.9957,"mcpPosition":[-48.0828,165.733,71.9003],"pipPosition":[-67.3132,166.412,45.2161],"stabilizedTipPosition":[-83.9985,163.579,19.7959],"timeVisible":5.82743,"tipPosition":[-79.1531,157.63,17.891],"tipVelocity":[-2.74926,-54.3105,-0.799498],"tool":false,"touchDistance":0.324346,"touchZone":"hovering","type":4,"width":15.9978}],"r":[[0.979003,-0.187556,-0.0798553],[0.187719,0.982207,-0.00553243],[0.0794721,-0.00957406,0.996791]],"s":0.990728,"t":[13.2693,17.5581,5.16069],"timestamp":747300949292},{"currentFrameRate":115.197,"devices":[],"gestures":[],"hands":[{"armBasis":[[0.688288,0.639255,-0.342948],[-0.361456,0.712088,0.601898],[0.628975,-0.290318,0.721184]],"armWidth":62.5822,"confidence":1,"direction":[-0.626294,0.120593,-0.770204],"elbow":[144.446,63.0681,333.12],"grabAngle":0.159935,"grabStrength":0,"id":786,"palmNormal":[0.461551,-0.738847,-0.490995],"palmPosition":[-64.4873,140.079,94.3253],"palmVelocity":[17.3838,-49.539,-0.695994],"palmWidth":86.3892,"pinchDistance":53.3352,"pinchStrength":0,"r":[[0.979569,-0.185582,-0.0774817],[0.185484,0.98261,-0.00852954],[0.0777173,-0.00601634,0.996957]],"s":0.992642,"sphereCenter":[21.0629,8.90311,-2.4741],"sphereRadius":187.031,"stabilizedPalmPosition":[-64.5699,140.331,94.33],"t":[13.4164,17.0769,5.14733],"timeVisible":5.8362,"type":"right","wrist":[-16.799,137.494,148.237]}],"id":1358072,"interactionBox":{"center":[0,200,0],"size":[235.247,235.247,147.751]},"pointables":[{"bases":[[[-0.282219,0.951164,0.125062],[-0.467622,-0.250215,0.847775],[0.837665,0.180776,0.515401]],[[-0.362108,0.929154,0.0744996],[-0.467151,-0.250056,0.848081],[0.806628,0.272295,0.524602]],[[-0.362108,0.929154,0.0744996],[-0.847907,-0.361534,0.387746],[0.38721,0.0772373,0.918751]],[[-0.362108,0.929154,0.0744996],[-0.930862,-0.356278,-0.0810066],[-0.0487251,-0.098682,0.993925]]],"btipPosition":[-89.4116,102.603,65.7254],"carpPosition":[-39.9599,115.81,141.369],"dipPosition":[-90.4724,100.455,87.3646],"direction":[-0.38721,-0.0772373,-0.918751],"extended":false,"handId":786,"id":7860,"length":48.4818,"mcpPosition":[-39.9599,115.81,141.369],"pipPosition":[-78.191,102.905,116.505],"stabilizedTipPosition":[-89.7709,102.283,70.697],"timeVisible":5.8362,"tipPosition":[-90.5591,95.2556,68.8349],"tipVelocity":[42.1702,-61.0123,-0.00704033],"tool":false,"touchDistance":0.345969,"touchZone":"hovering","type":0,"width":20.1787},{"bases":[[[0.514198,0.673831,-0.530615],[-0.563679,0.731794,0.383071],[0.646426,0.102122,0.756111]],[[0.676702,0.67507,-0.293861],[-0.566148,0.732274,0.378487],[0.470692,-0.0897539,0.87772]],[[0.676702,0.67507,-0.293861],[-0.567977,0.732618,0.375065],[0.468483,-0.0869007,0.879188]],[[0.676702,0.67507,-0.293861],[-0.588755,0.735819,0.33457],[0.442087,-0.053392,0.895382]]],"btipPosition":[-131.608,135.086,17.6468],"carpPosition":[-50.0832,135.83,139.54],"dipPosition":[-124.581,134.238,31.8781],"direction":[-0.468483,0.0869007,-0.879188],"extended":true,"handId":786,"id":7861,"length":54.7063,"mcpPosition":[-95.2358,128.696,86.7255],"pipPosition":[-114.048,132.284,51.6464],"stabilizedTipPosition":[-129.996,134.984,20.8981],"timeVisible":5.8362,"tipPosition":[-126.587,128.485,19.0223],"tipVelocity":[2.45569,-39.2562,9.72533],"tool":false,"touchDistance":0.339921,"touchZone":"hovering","type":1,"width":19.2747},{"bases":[[[0.685314,0.546741,-0.481061],[-0.454303,0.837243,0.304357],[0.569169,0.00996732,0.82216]],[[0.737725,0.545092,-0.398293],[-0.491547,0.838107,0.236556],[0.462756,0.0212668,0.88623]],[[0.737725,0.545092,-0.398293],[-0.522384,0.834627,0.174678],[0.427642,0.0791975,0.900472]],[[0.737725,0.545092,-0.398293],[-0.522384,0.834627,0.174678],[0.427642,0.0791975,0.900472]]],"btipPosition":[-122.648,139.656,-0.16074],"carpPosition":[-45.4085,144.749,133.599],"dipPosition":[-115.172,141.04,15.5808],"direction":[-0.427642,-0.0791975,-0.900472],"extended":true,"handId":786,"id":7862,"length":62.3334,"mcpPosition":[-83.1104,144.089,79.1388],"pipPosition":[-103.86,143.135,39.4012],"stabilizedTipPosition":[-120.93,139.986,3.45855],"timeVisible":5.8362,"tipPosition":[-117.276,131.226,2.7831],"tipVelocity":[2.16025,-25.7747,3.01185],"tool":false,"touchDistance":0.332678,"touchZone":"hovering","type":2,"width":18.9303},{"bases":[[[0.793887,0.477567,-0.376395],[-0.385804,0.874056,0.295263],[0.469999,-0.0891905,0.878149]],[[0.748021,0.483686,-0.454438],[-0.437583,0.874253,0.210244],[0.498985,0.0415876,0.865612]],[[0.748021,0.483686,-0.454438],[-0.471405,0.869205,0.149198],[0.467164,0.102621,0.878195]],[[0.748021,0.483686,-0.454438],[-0.48285,0.866392,0.127365],[0.455326,0.124153,0.881626]]],"btipPosition":[-106.93,150.577,1.47648],"carpPosition":[-38.285,151.803,127.635],"dipPosition":[-99.0156,152.735,16.8],"direction":[-0.467164,-0.102621,-0.878195],"extended":true,"handId":786,"id":7863,"length":59.9352,"mcpPosition":[-66.2371,157.108,75.4091],"pipPosition":[-86.9768,155.379,39.4311],"stabilizedTipPosition":[-105.108,151.083,4.99892],"timeVisible":5.8362,"tipPosition":[-101.432,144.539,3.88469],"tipVelocity":[-2.83835,-19.1238,4.23955],"tool":false,"touchDistance":0.329072,"touchZone":"hovering","type":3,"width":18.0134},{"bases":[[[0.895708,0.313007,-0.315807],[-0.21458,0.926359,0.30954],[0.389438,-0.209492,0.896912]],[[0.761698,0.357094,-0.540647],[-0.277153,0.933797,0.226297],[0.585663,-0.0225281,0.810241]],[[0.761698,0.357094,-0.540647],[-0.336649,0.931064,0.14067],[0.553609,0.0748604,0.829405]],[[0.761698,0.357094,-0.540647],[-0.355912,0.927855,0.111411],[0.541426,0.107562,0.83384]]],"btipPosition":[-85.9876,162.961,16.7778],"carpPosition":[-26.529,153.773,121.268],"dipPosition":[-77.306,164.685,30.1482],"direction":[-0.553609,-0.0748604,-0.829405],"extended":true,"handId":786,"id":7864,"length":46.9881,"mcpPosition":[-47.9688,165.306,71.8905],"pipPosition":[-67.2332,166.047,45.239],"stabilizedTipPosition":[-83.9913,163.372,19.8494],"timeVisible":5.8362,"tipPosition":[-79.0673,157.227,17.8936],"tipVelocity":[0.982431,-22.479,6.54115],"tool":false,"touchDistance":0.325302,"touchZone":"hovering","type":4,"width":16.0009}],"r":[[0.979569,-0.185582,-0.0774817],[0.185484,0.98261,-0.00852954],[0.0777173,-0.00601634,0.996957]],"s":0.992642,"t":[13.4164,17.0769,5.14733],"timestamp":747300958063},{"currentFrameRate":115.239,"devices":[],"gestures":[],"hands":[{"armBasis":[[0.689485,0.637477,-0.343851],[-0.360412,0.71375,0.600553],[0.628263,-0.290144,0.721874]],"armWidth":62.5846,"confidence":1,"direction":[-0.625175,0.117685,-0.771561],"elbow":[144.295,62.9795,333.459],"grabAngle":0.152977,"grabStrength":0,"id":786,"palmNormal":[0.462234,-0.740721,-0.487517],"palmPosition":[-64.3714,139.765,94.4331],"palmVelocity":[13.456,-36.4935,12.5183],"palmWidth":86.3885,"pinchDistance":53.4326,"pinchStrength":0,"r":[[0.980037,-0.184061,-0.075163],[0.183709,0.982912,-0.0116244],[0.0760182,-0.00241575,0.997104]],"s":0.994519,"sphereCenter":[17.5608,14.8708,0.128321],"sphereRadius":179.76,"stabilizedPalmPosition":[-64.4532,139.998,94.3906],"t":[13.5479,16.6792,5.19452],"timeVisible":5.84481,"type":"right","wrist":[-16.7587,137.357,148.408]}],"id":1358073,"interactionBox":{"center":[0,200,0],"size":[235.247,235.247,147.751]},"pointables":[{"bases":[[[-0.282366,0.95164,0.121039],[-0.468856,-0.246979,0.848042],[0.836925,0.182708,0.515921]],[[-0.362138,0.929456,0.0704744],[-0.468341,-0.246803,0.848378],[0.805923,0.274224,0.52468]],[[-0.362138,0.929456,0.0704744],[-0.84865,-0.360036,0.387515],[0.385552,0.0805258,0.919166]],[[-0.362138,0.929456,0.0704744],[-0.930749,-0.356462,-0.0814969],[-0.0506264,-0.0951071,0.994179]]],"btipPosition":[-89.2379,102.196,65.9308],"carpPosition":[-39.9143,115.676,141.602],"dipPosition":[-90.3402,100.125,87.5781],"direction":[-0.385552,-0.0805258,-0.919166],"extended":false,"handId":786,"id":7860,"length":48.4876,"mcpPosition":[-39.9143,115.676,141.602],"pipPosition":[-78.1099,102.679,116.735],"stabilizedTipPosition":[-89.5801,101.898,70.8422],"timeVisible":5.84481,"tipPosition":[-90.4067,94.8559,69.0781],"tipVelocity":[19.0737,-45.2752,24.0783],"tool":false,"touchDistance":0.347814,"touchZone":"hovering","type":0,"width":20.1803},{"bases":[[[0.514988,0.671795,-0.532427],[-0.564206,0.733261,0.379473],[0.645336,0.104974,0.756652]],[[0.677337,0.673893,-0.295098],[-0.564045,0.73323,0.379772],[0.472301,-0.0907854,0.87675]],[[0.677337,0.673893,-0.295098],[-0.565672,0.733539,0.376742],[0.47035,-0.0882528,0.878056]],[[0.677337,0.673893,-0.295098],[-0.587064,0.736866,0.335239],[0.443363,-0.0538284,0.894725]]],"btipPosition":[-131.611,134.824,17.8202],"carpPosition":[-50.0316,135.687,139.684],"dipPosition":[-124.563,133.968,32.0427],"direction":[-0.47035,0.0882528,-0.878056],"extended":true,"handId":786,"id":7861,"length":54.7128,"mcpPosition":[-95.1077,128.355,86.8325],"pipPosition":[-113.986,131.984,51.788],"stabilizedTipPosition":[-129.991,134.719,21.042],"timeVisible":5.84481,"tipPosition":[-126.461,128.069,19.1392],"tipVelocity":[0.240909,-30.6308,19.9171],"tool":false,"touchDistance":0.341834,"touchZone":"hovering","type":1,"width":19.2762},{"bases":[[[0.686028,0.544889,-0.482143],[-0.454713,0.838406,0.300517],[0.56798,0.0130739,0.822939]],[[0.738428,0.543544,-0.399104],[-0.489392,0.839141,0.237355],[0.463917,0.0200485,0.885652]],[[0.738428,0.543544,-0.399104],[-0.519366,0.835914,0.177501],[0.430096,0.076209,0.899561]],[[0.738428,0.543544,-0.399104],[-0.519366,0.835914,0.177501],[0.430096,0.076209,0.899561]]],"btipPosition":[-122.674,139.469,-0.0376764],"carpPosition":[-45.3486,144.583,133.717],"dipPosition":[-115.154,140.802,15.6898],"direction":[-0.430096,-0.076209,-0.899561],"extended":true,"handId":786,"id":7862,"length":62.3409,"mcpPosition":[-82.9714,143.717,79.2054],"pipPosition":[-103.775,142.818,39.489],"stabilizedTipPosition":[-120.943,139.801,3.56534],"timeVisible":5.84481,"tipPosition":[-117.163,130.884,2.87412],"tipVelocity":[-1.81616,-23.0102,13.9225],"tool":false,"touchDistance":0.334541,"touchZone":"hovering","type":2,"width":18.9318},{"bases":[[[0.794447,0.47611,-0.377059],[-0.3862,0.875183,0.291382],[0.468726,-0.0858675,0.87916]],[[0.748512,0.481948,-0.455473],[-0.435307,0.875263,0.210767],[0.500237,0.0405092,0.86494]],[[0.748512,0.481948,-0.455473],[-0.467942,0.870562,0.152159],[0.46985,0.099242,0.87715]],[[0.748512,0.481948,-0.455473],[-0.479316,0.867868,0.130618],[0.458242,0.120546,0.880615]]],"btipPosition":[-106.963,150.384,1.58177],"carpPosition":[-38.2171,151.614,127.736],"dipPosition":[-98.9969,152.479,16.8896],"direction":[-0.46985,-0.099242,-0.87715],"extended":true,"handId":786,"id":7863,"length":59.9424,"mcpPosition":[-66.0933,156.721,75.4508],"pipPosition":[-86.8874,155.037,39.4965],"stabilizedTipPosition":[-105.128,150.888,5.09185],"timeVisible":5.84481,"tipPosition":[-101.319,144.119,3.96275],"tipVelocity":[-2.45044,-24.1063,11.813],"tool":false,"touchDistance":0.330766,"touchZone":"hovering","type":3,"width":18.0148},{"bases":[[[0.896175,0.311778,-0.315698],[-0.214995,0.927534,0.305708],[0.388134,-0.206094,0.898263]],[[0.761763,0.355154,-0.541832],[-0.274676,0.934509,0.226374],[0.586745,-0.0236151,0.809428]],[[0.761763,0.355154,-0.541832],[-0.333049,0.93205,0.142695],[0.555693,0.0717569,0.828285]],[[0.761763,0.355154,-0.541832],[-0.352301,0.928966,0.113608],[0.543692,0.104345,0.832773]]],"btipPosition":[-85.9537,162.703,16.8727],"carpPosition":[-26.4528,153.559,121.38],"dipPosition":[-77.2348,164.376,30.2276],"direction":[-0.555693,-0.0717569,-0.828285],"extended":true,"handId":786,"id":7864,"length":46.9937,"mcpPosition":[-47.8206,164.905,71.9277],"pipPosition":[-67.1228,165.682,45.2998],"stabilizedTipPosition":[-83.9522,163.113,19.9359],"timeVisible":5.84481,"tipPosition":[-78.9686,156.786,17.9667],"tipVelocity":[4.93049,-31.3304,10.6062],"tool":false,"touchDistance":0.326823,"touchZone":"hovering","type":4,"width":16.0022}],"r":[[0.980037,-0.184061,-0.075163],[0.183709,0.982912,-0.0116244],[0.0760182,-0.00241575,0.997104]],"s":0.994519,"t":[13.5479,16.6792,5.19452],"timestamp":747300966670},{"currentFrameRate":115.126,"devices":[],"gestures":[],"hands":[{"armBasis":[[0.690406,0.636107,-0.34454],[-0.359787,0.715109,0.599309],[0.627609,-0.289806,0.722579]],"armWidth":62.5848,"confidence":1,"direction":[-0.623632,0.115371,-0.773157],"elbow":[144.121,62.968,333.836],"grabAngle":0.147117,"grabStrength":0,"id":786,"palmNormal":[0.46308,-0.742308,-0.48429],"palmPosition":[-64.2787,139.524,94.5435],"palmVelocity":[10.4509,-27.1444,12.4381],"palmWidth":86.3889,"pinchDistance":53.526,"pinchStrength":0,"r":[[0.980429,-0.182913,-0.0728097],[0.182329,0.983129,-0.0146443],[0.0742599,0.00108245,0.997238]],"s":0.996345,"sphereCenter":[13.6317,21.7732,2.99848],"sphereRadius":171.571,"stabilizedPalmPosition":[-64.3574,139.738,94.4745],"t":[13.6601,16.3599,5.27333],"timeVisible":5.85369,"type":"right","wrist":[-16.7637,137.258,148.606]}],"id":1358074,"interactionBox":{"center":[0,200,0],"size":[235.247,235.247,147.751]},"pointables":[{"bases":[[[-0.282455,0.952056,0.117512],[-0.470568,-0.244261,0.847881],[0.835934,0.184191,0.517]],[[-0.362527,0.929591,0.0666005],[-0.470532,-0.244249,0.847905],[0.804471,0.27605,0.525949]],[[-0.362527,0.929591,0.0666005],[-0.849696,-0.359035,0.386149],[0.382872,0.0833991,0.920029]],[[-0.362527,0.929591,0.0666005],[-0.930454,-0.356931,-0.0827993],[-0.0531977,-0.0919857,0.994338]]],"btipPosition":[-89.0355,101.853,66.0574],"carpPosition":[-39.9187,115.579,141.835],"dipPosition":[-90.1942,99.8494,87.7149],"direction":[-0.382872,-0.0833991,-0.920029],"extended":false,"handId":786,"id":7860,"length":48.5026,"mcpPosition":[-39.9187,115.579,141.835],"pipPosition":[-78.0451,102.496,116.909],"stabilizedTipPosition":[-89.3992,101.569,70.97],"timeVisible":5.85369,"tipPosition":[-90.2659,94.5752,69.2865],"tipVelocity":[21.3353,-36.8874,14.5263],"tool":false,"touchDistance":0.3483,"touchZone":"hovering","type":0,"width":20.1804},{"bases":[[[0.516144,0.670053,-0.533502],[-0.564839,0.734526,0.376069],[0.643858,0.107237,0.757593]],[[0.678036,0.672865,-0.295838],[-0.562413,0.734065,0.380579],[0.473242,-0.0916631,0.876151]],[[0.678036,0.672865,-0.295838],[-0.562413,0.734065,0.380579],[0.473242,-0.0916631,0.876151]],[[0.678036,0.672865,-0.295838],[-0.584547,0.737627,0.337952],[0.445613,-0.0562124,0.893459]]],"btipPosition":[-131.654,134.716,17.9713],"carpPosition":[-50.0284,135.586,139.835],"dipPosition":[-124.569,133.822,32.178],"direction":[-0.473242,0.0916631,-0.876151],"extended":true,"handId":786,"id":7861,"length":54.7298,"mcpPosition":[-95.0014,128.095,86.918],"pipPosition":[-113.923,131.76,51.8865],"stabilizedTipPosition":[-130.012,134.586,21.167],"timeVisible":5.85369,"tipPosition":[-126.335,127.808,19.226],"tipVelocity":[-3.91331,-13.1757,16.6047],"tool":false,"touchDistance":0.343195,"touchZone":"hovering","type":1,"width":19.2763},{"bases":[[[0.687064,0.543279,-0.482485],[-0.455174,0.839408,0.297001],[0.566356,0.0155559,0.824014]],[[0.739283,0.542186,-0.399369],[-0.487625,0.840045,0.237796],[0.464417,0.0189438,0.885414]],[[0.739283,0.542186,-0.399369],[-0.517047,0.836991,0.179186],[0.431421,0.0740233,0.899109]],[[0.739283,0.542186,-0.399369],[-0.517047,0.836991,0.179186],[0.431421,0.0740233,0.899109]]],"btipPosition":[-122.643,139.328,0.0299067],"carpPosition":[-45.3323,144.462,133.85],"dipPosition":[-115.098,140.623,15.7544],"direction":[-0.431421,-0.0740233,-0.899109],"extended":true,"handId":786,"id":7862,"length":62.3602,"mcpPosition":[-82.8478,143.431,79.267],"pipPosition":[-103.681,142.582,39.5489],"stabilizedTipPosition":[-120.913,139.65,3.63507],"timeVisible":5.85369,"tipPosition":[-117.005,130.629,2.92964],"tipVelocity":[4.12105,-16.9104,7.53469],"tool":false,"touchDistance":0.335423,"touchZone":"hovering","type":2,"width":18.9319},{"bases":[[[0.795264,0.474812,-0.376973],[-0.386637,0.876146,0.287887],[0.466976,-0.0831947,0.880348]],[[0.749245,0.480429,-0.455873],[-0.433455,0.876141,0.210935],[0.500748,0.0395583,0.864689]],[[0.749245,0.480429,-0.455873],[-0.46535,0.871663,0.153795],[0.471255,0.0969106,0.876657]],[[0.749245,0.480429,-0.455873],[-0.476708,0.869039,0.132363],[0.459762,0.118146,0.880148]]],"btipPosition":[-106.926,150.223,1.64461],"carpPosition":[-38.1881,151.473,127.862],"dipPosition":[-98.9317,152.277,16.949],"direction":[-0.471255,-0.0969106,-0.876657],"extended":true,"handId":786,"id":7863,"length":59.961,"mcpPosition":[-65.9603,156.421,75.5052],"pipPosition":[-86.7822,154.776,39.5502],"stabilizedTipPosition":[-105.092,150.718,5.15619],"timeVisible":5.85369,"tipPosition":[-101.156,143.793,4.01907],"tipVelocity":[4.84692,-19.1707,6.99085],"tool":false,"touchDistance":0.331801,"touchZone":"hovering","type":3,"width":18.0149},{"bases":[[[0.896845,0.310656,-0.314899],[-0.215453,0.928516,0.302388],[0.386328,-0.203349,0.899667]],[[0.762185,0.353478,-0.542335],[-0.27281,0.935125,0.226088],[0.587068,-0.0243663,0.809171]],[[0.762185,0.353478,-0.542335],[-0.330574,0.932821,0.143406],[0.556592,0.0699798,0.827833]],[[0.762185,0.353478,-0.542335],[-0.350115,0.929751,0.113942],[0.544513,0.103034,0.8324]]],"btipPosition":[-85.8648,162.466,16.9433],"carpPosition":[-26.4111,153.396,121.522],"dipPosition":[-77.1299,164.119,30.2963],"direction":[-0.556592,-0.0699798,-0.827833],"extended":true,"handId":786,"id":7864,"length":47.0083,"mcpPosition":[-47.6796,164.591,71.9927],"pipPosition":[-66.9985,165.393,45.365],"stabilizedTipPosition":[-83.8646,162.871,20.0073],"timeVisible":5.85369,"tipPosition":[-78.8173,156.429,18.0331],"tipVelocity":[10.4351,-27.1824,7.90783],"tool":false,"touchDistanc