{"frames":96,"data":[{"currentFrameRate":114.79,"devices":[],"gestures":[],"hands":[{"armBasis":[[0.177947,-0.98404,-0.00000355775],[0.878342,0.158835,-0.450874],[0.443679,0.0802287,0.892588]],"armWidth":60.3619,"confidence":1,"direction":[-0.264059,0.199299,-0.943691],"elbow":[83.63,123.693,361.118],"grabAngle":0.460272,"grabStrength":0,"id":781,"palmNormal":[-0.962537,-0.116956,0.244632],"palmPosition":[-50.889,121.227,76.9656],"palmVelocity":[20.39,-17.6513,3.23105],"palmWidth":83.5863,"pinchDistance":48.379,"pinchStrength":0.295705,"r":[[0.590754,-0.242477,0.769554],[0.806072,0.135454,-0.576108],[0.0354534,0.960654,0.275475]],"s":1.02622,"sphereCenter":[-115.554,97.2925,61.1556],"sphereRadius":75.7707,"stabilizedPalmPosition":[-51.0609,121.41,76.969],"t":[2.63145,-41.8106,0.143155],"timeVisible":6.27868,"type":"right","wrist":[-26.4158,103.793,139.729]}],"id":1356544,"interactionBox":{"center":[0,200,0],"size":[235.247,235.247,147.751]},"pointables":[{"bases":[[[0.834186,-0.248008,-0.49257],[0.483925,0.757537,0.438127],[0.264481,-0.603846,0.751944]],[[0.698506,-0.0327752,-0.714853],[0.412279,0.834934,0.364571],[0.584906,-0.549374,0.596719]],[[0.698506,-0.0327752,-0.714853],[0.201411,0.967571,0.152444],[0.686675,-0.250462,0.682456]],[[0.698506,-0.0327752,-0.714853],[-0.0547341,0.993577,-0.0990369],[0.713508,0.108305,0.692226]]],"btipPosition":[-108.547,159.544,67.8628],"carpPosition":[-43.8718,128.685,132.474],"dipPosition":[-92.7883,161.936,83.1517],"direction":[-0.686675,0.250462,-0.682456],"extended":false,"handId":781,"id":7810,"length":49.1837,"mcpPosition":[-43.8718,128.685,132.474],"pipPosition":[-70.6932,153.877,105.111],"stabilizedTipPosition":[-105.552,160.612,71.9221],"timeVisible":6.27868,"tipPosition":[-106.867,154.406,71.0496],"tipVelocity":[36.1253,-20.2813,-15.1258],"tool":false,"touchDistance":0.217218,"touchZone":"hovering","type":0,"width":19.4377},{"bases":[[[0.0164047,-0.92566,-0.378002],[0.911738,0.169039,-0.374379],[0.410444,-0.338497,0.846732]],[[0.030168,-0.936497,-0.349377],[0.766837,0.245885,-0.592875],[0.641132,-0.250029,0.725558]],[[0.030168,-0.936497,-0.349377],[0.373265,0.334804,-0.865205],[0.927234,-0.104309,0.359662]],[[0.030168,-0.936497,-0.349377],[-0.177509,0.33896,-0.923903],[0.983657,0.0898897,-0.156011]]],"btipPosition":[-119.466,159.48,24.8225],"carpPosition":[-28.7216,125.536,117.154],"dipPosition":[-103.606,160.929,22.307],"direction":[-0.927234,0.104309,-0.359662],"extended":true,"handId":781,"id":7811,"length":55.4983,"mcpPosition":[-56.4608,148.413,59.9286],"pipPosition":[-82.4554,158.55,30.511],"stabilizedTipPosition":[-118.028,160.674,28.776],"timeVisible":6.27868,"tipPosition":[-115.49,160.746,23.582],"tipVelocity":[29.0817,-7.5612,-48.3472],"tool":false,"touchDistance":0.261729,"touchZone":"hovering","type":1,"width":18.5669},{"bases":[[[-0.0839647,-0.978045,-0.190732],[0.910176,0.00263897,-0.414214],[0.405623,-0.208379,0.889971]],[[-0.088116,-0.975858,-0.19984],[0.902645,0.00662015,-0.430334],[0.421268,-0.218304,0.880271]],[[-0.088116,-0.975858,-0.19984],[0.861151,0.0262046,-0.507673],[0.500654,-0.216826,0.838053]],[[-0.088116,-0.975858,-0.19984],[0.810198,0.0464994,-0.58431],[0.579496,-0.213396,0.786541]]],"btipPosition":[-96.2066,148.514,-21.6399],"carpPosition":[-27.3344,115.626,111.88],"dipPosition":[-85.9295,144.73,-7.69095],"direction":[-0.500654,0.216826,-0.838053],"extended":true,"handId":781,"id":7812,"length":63.2359,"mcpPosition":[-53.3312,128.981,54.841],"pipPosition":[-72.4939,138.911,14.7992],"stabilizedTipPosition":[-93.9472,147.806,-18.409],"timeVisible":6.27868,"tipPosition":[-90.5755,145.19,-19.6197],"tipVelocity":[20.1767,-29.7421,0.132922],"tool":false,"touchDistance":0.213718,"touchZone":"hovering","type":2,"width":18.2351},{"bases":[[[-0.0917312,-0.995447,-0.0259146],[0.914318,-0.0738887,-0.398201],[0.394473,-0.0602216,0.916932]],[[-0.128498,-0.985341,-0.112211],[0.91615,-0.0746258,-0.393827],[0.37968,-0.153409,0.91231]],[[-0.128498,-0.985341,-0.112211],[0.887308,-0.063698,-0.456757],[0.442914,-0.158258,0.882486]],[[-0.128498,-0.985341,-0.112211],[0.850571,-0.0513234,-0.52335],[0.509919,-0.162693,0.844697]]],"btipPosition":[-87.1091,121.741,-20.4712],"carpPosition":[-27.8302,104.801,108.725],"dipPosition":[-78.1179,118.873,-5.57697],"direction":[-0.442914,0.158258,-0.882486],"extended":true,"handId":781,"id":7813,"length":60.803,"mcpPosition":[-50.5294,108.267,55.9619],"pipPosition":[-66.5387,114.735,17.494],"stabilizedTipPosition":[-85.1111,121.19,-17.0437],"timeVisible":6.27868,"tipPosition":[-87.6864,115.734,-15.6968],"tipVelocity":[18.6065,-27.9941,1.75973],"tool":false,"touchDistance":0.22123,"touchZone":"hovering","type":3,"width":17.3519},{"bases":[[[-0.195261,-0.969742,0.146537],[0.920154,-0.232846,-0.3148],[0.339396,0.0733688,0.937778]],[[-0.241518,-0.970325,0.0117595],[0.932765,-0.235477,-0.272945],[0.267615,-0.0549525,0.961958]],[[-0.241518,-0.970325,0.0117595],[0.899062,-0.228308,-0.373581],[0.36518,-0.0796541,0.927523]],[[-0.241518,-0.970325,0.0117595],[0.855112,-0.218539,-0.470131],[0.45875,-0.10349,0.882518]]],"btipPosition":[-74.4106,94.0281,-3.5274],"carpPosition":[-33.1989,92.9488,110.001],"dipPosition":[-66.9482,92.3446,10.8284],"direction":[-0.36518,0.0796541,-0.927523],"extended":true,"handId":781,"id":7814,"length":47.6684,"mcpPosition":[-51.2775,89.0406,60.0488],"pipPosition":[-60.2077,90.8744,27.9488],"stabilizedTipPosition":[-72.8071,93.8263,-0.245441],"timeVisible":6.27868,"tipPosition":[-78.6743,88.1352,3.01594],"tipVelocity":[11.1684,-19.8141,6.43538],"tool":false,"touchDistance":0.20668,"touchZone":"hovering","type":4,"width":15.4133}],"r":[[0.590754,-0.242477,0.769554],[0.806072,0.135454,-0.576108],[0.0354534,0.960654,0.275475]],"s":1.02622,"t":[2.63145,-41.8106,0.143155],"timestamp":747287481935},{"currentFrameRate":114.907,"devices":[],"gestures":[],"hands":[{"armBasis":[[0.175049,-0.984559,0.000834028],[0.878753,0.155855,-0.451113],[0.444017,0.0796995,0.892467]],"armWidth":60.3619,"confidence":1,"direction":[-0.263256,0.198769,-0.944027],"elbow":[83.8843,123.386,361.16],"grabAngle":0.45533,"grabStrength":0,"id":781,"palmNormal":[-0.962921,-0.113967,0.244529],"palmPosition":[-50.6571,121.04,77.0097],"palmVelocity":[27.263,-21.9536,5.18357],"palmWidth":83.5863,"pinchDistance":48.2864,"pinchStrength":0.298162,"r":[[0.590189,-0.242177,0.770082],[0.806454,0.134135,-0.575881],[0.0361698,0.960915,0.27447]],"s":1.02426,"sphereCenter":[-115.636,96.9126,61.3216],"sphereRadius":76.041,"stabilizedPalmPosition":[-50.8649,121.231,76.9887],"t":[2.83281,-41.9949,0.163308],"timeVisible":6.28718,"type":"right","wrist":[-26.2455,103.618,139.801]}],"id":1356545,"interactionBox":{"center":[0,200,0],"size":[235.247,235.247,147.751]},"pointables":[{"bases":[[[0.833627,-0.250971,-0.492015],[0.485902,0.756779,0.437246],[0.262611,-0.603572,0.752819]],[[0.69914,-0.0363293,-0.714061],[0.413521,0.835271,0.362384],[0.58327,-0.548636,0.598995]],[[0.69914,-0.0363293,-0.714061],[0.202623,0.967832,0.149149],[0.685673,-0.248961,0.684011]],[[0.69914,-0.0363293,-0.714061],[-0.0515585,0.993547,-0.10103],[0.713123,0.10745,0.692755]]],"btipPosition":[-108.194,159.348,67.7327],"carpPosition":[-43.6341,128.553,132.51],"dipPosition":[-92.4433,161.722,83.0333],"direction":[-0.685673,0.248961,-0.684011],"extended":false,"handId":781,"id":7810,"length":49.1837,"mcpPosition":[-43.6341,128.553,132.51],"pipPosition":[-70.3805,153.711,105.043],"stabilizedTipPosition":[-105.19,160.348,71.675],"timeVisible":6.28718,"tipPosition":[-106.518,154.434,71.0371],"tipVelocity":[41.3414,-23.4798,-14.9865],"tool":false,"touchDistance":0.215094,"touchZone":"hovering","type":0,"width":19.4377},{"bases":[[[0.0139443,-0.926205,-0.376763],[0.912302,0.166017,-0.374359],[0.409282,-0.338501,0.847293]],[[0.0278873,-0.937205,-0.347662],[0.766528,0.243285,-0.594346],[0.641605,-0.249918,0.725179]],[[0.0278873,-0.937205,-0.347662],[0.36674,0.333137,-0.868632],[0.929905,-0.103278,0.353001]],[[0.0278873,-0.937205,-0.347662],[-0.161905,0.33897,-0.926761],[0.986412,0.0821332,-0.142286]]],"btipPosition":[-119.279,159.383,24.7749],"carpPosition":[-28.4886,125.342,117.198],"dipPosition":[-103.374,160.707,22.4806],"direction":[-0.929905,0.103278,-0.353001],"extended":true,"handId":781,"id":7811,"length":55.4983,"mcpPosition":[-56.1492,148.219,59.9349],"pipPosition":[-82.1629,158.351,30.5327],"stabilizedTipPosition":[-117.772,160.569,28.2949],"timeVisible":6.28718,"tipPosition":[-115.14,160.656,23.5636],"tipVelocity":[23.1993,-14.797,0.38322],"tool":false,"touchDistance":0.261783,"touchZone":"hovering","type":1,"width":18.5669},{"bases":[[[-0.0866193,-0.978062,-0.18945],[0.910289,-0.000431067,-0.413972],[0.404809,-0.208312,0.890357]],[[-0.0905305,-0.976002,-0.198052],[0.902327,0.00377011,-0.431036],[0.421439,-0.21773,0.880331]],[[-0.0905305,-0.976002,-0.198052],[0.860509,0.0234482,-0.508895],[0.501326,-0.216496,0.837736]],[[-0.0905305,-0.976002,-0.198052],[0.810466,0.0433667,-0.584178],[0.578748,-0.213401,0.78709]]],"btipPosition":[-95.96,148.27,-21.6108],"carpPosition":[-27.1274,115.42,111.938],"dipPosition":[-85.6962,144.485,-7.65211],"direction":[-0.501326,0.216496,-0.837736],"extended":true,"handId":781,"id":7812,"length":63.2359,"mcpPosition":[-53.072,128.771,54.8741],"pipPosition":[-72.2425,138.675,14.8296],"stabilizedTipPosition":[-93.7037,147.521,-18.4029],"timeVisible":6.28718,"tipPosition":[-90.275,145.001,-19.6097],"tipVelocity":[28.6463,-28.7368,3.68552],"tool":false,"touchDistance":0.21424,"touchZone":"hovering","type":2,"width":18.2351},{"bases":[[[-0.0944776,-0.995223,-0.024612],[0.914215,-0.0769484,-0.397856],[0.394062,-0.0600892,0.917118]],[[-0.131005,-0.985206,-0.110484],[0.915655,-0.0775253,-0.394419],[0.380018,-0.152836,0.912265]],[[-0.131005,-0.985206,-0.110484],[0.887362,-0.0668344,-0.456204],[0.442071,-0.157804,0.88299]],[[-0.131005,-0.985206,-0.110484],[0.851852,-0.054857,-0.520903],[0.507136,-0.162357,0.846436]]],"btipPosition":[-86.8507,121.484,-20.4517],"carpPosition":[-27.6523,104.593,108.797],"dipPosition":[-77.9086,118.621,-5.52677],"direction":[-0.442071,0.157804,-0.88299],"extended":true,"handId":781,"id":7813,"length":60.803,"mcpPosition":[-50.3278,108.051,56.0234],"pipPosition":[-66.3515,114.495,17.5574],"stabilizedTipPosition":[-84.873,120.916,-17.0251],"timeVisible":6.28718,"tipPosition":[-87.4379,115.54,-15.6588],"tipVelocity":[29.0579,-30.1313,3.12709],"tool":false,"touchDistance":0.221674,"touchZone":"hovering","type":3,"width":17.3519},{"bases":[[[-0.197982,-0.969002,0.147778],[0.91959,-0.23581,-0.314242],[0.339349,0.0736807,0.937771]],[[-0.244254,-0.969626,0.0128347],[0.931854,-0.23836,-0.273555],[0.268306,-0.054857,0.961771]],[[-0.244254,-0.969626,0.0128347],[0.898606,-0.231299,-0.372837],[0.364481,-0.0795338,0.927808]],[[-0.244254,-0.969626,0.0128347],[0.855821,-0.221772,-0.467319],[0.455971,-0.103161,0.883996]]],"btipPosition":[-74.2283,93.8093,-3.46355],"carpPosition":[-33.0541,92.7574,110.088],"dipPosition":[-66.8111,92.1312,10.9163],"direction":[-0.364481,0.0795338,-0.927808],"extended":true,"handId":781,"id":7814,"length":47.6684,"mcpPosition":[-51.1302,88.8326,60.1357],"pipPosition":[-60.0834,90.6632,28.0419],"stabilizedTipPosition":[-72.6402,93.5901,-0.193128],"timeVisible":6.28718,"tipPosition":[-78.5089,87.9319,3.09379],"tipVelocity":[20.2186,-25.5842,8.15867],"tool":false,"touchDistance":0.207836,"touchZone":"hovering","type":4,"width":15.4133}],"r":[[0.590189,-0.242177,0.770082],[0.806454,0.134135,-0.575881],[0.0361698,0.960915,0.27447]],"s":1.02426,"t":[2.83281,-41.9949,0.163308],"timestamp":747287490438},{"currentFrameRate":114.934,"devices":[],"gestures":[],"hands":[{"armBasis":[[0.171416,-0.985197,0.00159043],[0.878973,0.152204,-0.45193],[0.444998,0.0788659,0.892052]],"armWidth":60.3619,"confidence":1,"direction":[-0.262394,0.198626,-0.944297],"elbow":[84.3205,123.027,361.23],"grabAngle":0.451545,"grabStrength":0,"id":781,"palmNormal":[-0.963369,-0.110103,0.244535],"palmPosition":[-50.3996,120.907,77.1621],"palmVelocity":[29.7626,-15.3945,17.6207],"palmWidth":83.5863,"pinchDistance":47.6697,"pinchStrength":0.314521,"r":[[0.589537,-0.242191,0.770578],[0.806873,0.132345,-0.575709],[0.0374495,0.96116,0.273439]],"s":1.02337,"sphereCenter":[-115.174,96.9638,61.4218],"sphereRadius":75.7713,"stabilizedPalmPosition":[-50.6538,121.084,77.0674],"t":[3.06227,-42.1536,0.24963],"timeVisible":6.29583,"type":"right","wrist":[-26.0526,103.466,139.974]}],"id":1356546,"interactionBox":{"center":[0,200,0],"size":[235.247,235.247,147.751]},"pointables":[{"bases":[[[0.832754,-0.254646,-0.491606],[0.488651,0.755488,0.436415],[0.260271,-0.60365,0.753569]],[[0.699136,-0.0398233,-0.713879],[0.414938,0.835708,0.359749],[0.582268,-0.547729,0.600797]],[[0.699136,-0.0398233,-0.713879],[0.204665,0.967814,0.14645],[0.68507,-0.248495,0.684784]],[[0.699136,-0.0398233,-0.713879],[-0.0481378,0.99356,-0.102569],[0.713367,0.106074,0.692717]]],"btipPosition":[-107.856,159.229,67.7705],"carpPosition":[-43.3559,128.459,132.655],"dipPosition":[-92.0998,161.571,83.0702],"direction":[-0.68507,0.248495,-0.684784],"extended":false,"handId":781,"id":7810,"length":49.1837,"mcpPosition":[-43.3559,128.459,132.655],"pipPosition":[-70.0563,153.576,105.105],"stabilizedTipPosition":[-104.788,160.104,71.513],"timeVisible":6.29583,"tipPosition":[-106.109,154.572,71.1445],"tipVelocity":[39.218,-14.6532,4.34715],"tool":false,"touchDistance":0.215721,"touchZone":"hovering","type":0,"width":19.4377},{"bases":[[[0.0105555,-0.926696,-0.375664],[0.91296,0.162186,-0.374433],[0.407913,-0.339013,0.847748]],[[0.0238961,-0.937292,-0.347726],[0.764328,0.241326,-0.597967],[0.644385,-0.251487,0.722165]],[[0.0238961,-0.937292,-0.347726],[0.33861,0.334854,-0.879327],[0.940623,-0.096731,0.325378]],[[0.0238961,-0.937292,-0.347726],[-0.15074,0.34047,-0.928094],[0.988285,0.0745939,-0.133151]]],"btipPosition":[-119.306,159.286,25.4995],"carpPosition":[-28.2204,125.174,117.348],"dipPosition":[-103.371,160.488,23.3525],"direction":[-0.940623,0.096731,-0.325378],"extended":true,"handId":781,"id":7811,"length":55.4983,"mcpPosition":[-55.7885,148.085,60.0545],"pipPosition":[-81.915,158.282,30.7745],"stabilizedTipPosition":[-117.603,160.489,28.0338],"timeVisible":6.29583,"tipPosition":[-114.774,160.641,23.7289],"tipVelocity":[-2.28252,-14.4894,87.6407],"tool":false,"touchDistance":0.274424,"touchZone":"hovering","type":1,"width":18.5669},{"bases":[[[-0.0902242,-0.977958,-0.188303],[0.910335,-0.00429988,-0.413849],[0.403918,-0.208758,0.890657]],[[-0.09407,-0.975924,-0.196784],[0.901796,0.000215589,-0.432161],[0.421799,-0.218112,0.880064]],[[-0.09407,-0.975924,-0.196784],[0.85965,0.0200718,-0.510488],[0.502147,-0.217187,0.837065]],[[-0.09407,-0.975924,-0.196784],[0.810297,0.0397861,-0.584667],[0.578419,-0.214453,0.787046]]],"btipPosition":[-95.7034,148.174,-21.4368],"carpPosition":[-26.8954,115.241,112.1],"dipPosition":[-85.4454,144.371,-7.47892],"direction":[-0.502147,0.217187,-0.837065],"extended":true,"handId":781,"id":7812,"length":63.2359,"mcpPosition":[-52.7829,128.621,55.0172],"pipPosition":[-71.9697,138.542,14.9847],"stabilizedTipPosition":[-93.4644,147.374,-18.2855],"timeVisible":6.29583,"tipPosition":[-89.9446,144.921,-19.4801],"tipVelocity":[29.4889,-11.5848,20.083],"tool":false,"touchDistance":0.217136,"touchZone":"hovering","type":2,"width":18.2351},{"bases":[[[-0.0981675,-0.994894,-0.023446],[0.913975,-0.0808121,-0.397642],[0.393717,-0.0604646,0.917241]],[[-0.134527,-0.984891,-0.10905],[0.915005,-0.0812255,-0.39518],[0.380352,-0.152943,0.912108]],[[-0.134527,-0.984891,-0.10905],[0.887449,-0.0707896,-0.455438],[0.440837,-0.158045,0.883563]],[[-0.134527,-0.984891,-0.10905],[0.853121,-0.0591349,-0.518351],[0.50407,-0.162765,0.848187]]],"btipPosition":[-86.5664,121.342,-20.323],"carpPosition":[-27.4601,104.412,108.972],"dipPosition":[-77.6783,118.473,-5.36721],"direction":[-0.440837,0.158045,-0.883563],"extended":true,"handId":781,"id":7813,"length":60.803,"mcpPosition":[-50.1158,107.892,56.1913],"pipPosition":[-66.1535,114.341,17.7319],"stabilizedTipPosition":[-84.6135,120.743,-16.9201],"timeVisible":6.29583,"tipPosition":[-87.1835,115.443,-15.5073],"tipVelocity":[31.4154,-16.5088,15.6912],"tool":false,"touchDistance":0.223937,"touchZone":"hovering","type":3,"width":17.3519},{"bases":[[[-0.201596,-0.968085,0.148899],[0.918749,-0.239593,-0.313839],[0.339498,0.0735318,0.937728]],[[-0.247794,-0.96871,0.0141341],[0.930675,-0.242067,-0.274312],[0.269151,-0.0548186,0.961537]],[[-0.247794,-0.96871,0.0141341],[0.898099,-0.235154,-0.371645],[0.36334,-0.0793975,0.928267]],[[-0.247794,-0.96871,0.0141341],[0.856446,-0.22585,-0.464212],[0.452879,-0.102924,0.885611]]],"btipPosition":[-74.0449,93.6505,-3.29992],"carpPosition":[-32.9059,92.5982,110.276],"dipPosition":[-66.678,91.9762,11.1062],"direction":[-0.36334,0.0793975,-0.928267],"extended":true,"handId":781,"id":7814,"length":47.6684,"mcpPosition":[-50.99,88.6814,60.3263],"pipPosition":[-59.9714,90.5107,28.2403],"stabilizedTipPosition":[-72.4796,93.41,-0.0785549],"timeVisible":6.29583,"tipPosition":[-78.3562,87.8221,3.27735],"tipVelocity":[19.854,-18.2549,19.6069],"tool":false,"touchDistance":0.210664,"touchZone":"hovering","type":4,"width":15.4133}],"r":[[0.589537,-0.242191,0.770578],[0.806873,0.132345,-0.575709],[0.0374495,0.96116,0.273439]],"s":1.02337,"t":[3.06227,-42.1536,0.24963],"timestamp":747287499092},{"currentFrameRate":114.93,"devices":[],"gestures":[],"hands":[{"armBasis":[[0.168968,-0.985621,0.00133248],[0.878756,0.150035,-0.453075],[0.44636,0.0777259,0.891471]],"armWidth":60.3619,"confidence":1,"direction":[-0.261599,0.197621,-0.944729],"elbow":[84.8525,122.721,361.243],"grabAngle":0.449276,"grabStrength":0,"id":781,"palmNormal":[-0.963686,-0.107852,0.244287],"palmPosition":[-50.1601,120.847,77.2871],"palmVelocity":[27.497,-6.91747,14.3474],"palmWidth":83.5863,"pinchDistance":47.2348,"pinchStrength":0.326055,"r":[[0.588854,-0.242181,0.771102],[0.807307,0.130416,-0.575541],[0.038821,0.961426,0.272311]],"s":1.023,"sphereCenter":[-114.86,96.8721,61.5238],"sphereRadius":75.6876,"stabilizedPalmPosition":[-50.4446,120.984,77.1605],"t":[3.29672,-42.2631,0.355259],"timeVisible":6.30454,"type":"right","wrist":[-25.8584,103.442,140.131]}],"id":1356547,"interactionBox":{"center":[0,200,0],"size":[235.247,235.247,147.751]},"pointables":[{"bases":[[[0.832475,-0.257038,-0.490832],[0.489918,0.755241,0.43542],[0.258777,-0.602944,0.754647]],[[0.699722,-0.0427588,-0.713134],[0.415462,0.836413,0.357498],[0.581188,-0.54643,0.603021]],[[0.699722,-0.0427588,-0.713134],[0.205777,0.967966,0.143869],[0.684137,-0.247415,0.686106]],[[0.699722,-0.0427588,-0.713134],[-0.0454629,0.993519,-0.104178],[0.712967,0.105317,0.693244]]],"btipPosition":[-107.538,159.166,67.7302],"carpPosition":[-43.1261,128.474,132.77],"dipPosition":[-91.7905,161.492,83.0416],"direction":[-0.684138,0.247415,-0.686106],"extended":false,"handId":781,"id":7810,"length":49.1837,"mcpPosition":[-43.1261,128.474,132.77],"pipPosition":[-69.777,153.531,105.118],"stabilizedTipPosition":[-104.381,159.916,71.3911],"timeVisible":6.30454,"tipPosition":[-105.786,154.653,71.1917],"tipVelocity":[36.3036,-7.63179,-4.3181],"tool":false,"touchDistance":0.215094,"touchZone":"hovering","type":0,"width":19.4377},{"bases":[[[0.00893093,-0.927315,-0.374176],[0.913434,0.159825,-0.374291],[0.406888,-0.338443,0.848468]],[[0.0219158,-0.937646,-0.346899],[0.76348,0.239714,-0.599697],[0.64546,-0.251708,0.721127]],[[0.0219158,-0.937646,-0.346899],[0.320553,0.335254,-0.885918],[0.946977,-0.091784,0.307913]],[[0.0219158,-0.937646,-0.346899],[-0.145276,0.340313,-0.929022],[0.989148,0.0707563,-0.128759]]],"btipPosition":[-119.209,159.166,25.9482],"carpPosition":[-27.9903,125.135,117.476],"dipPosition":[-103.26,160.307,23.8721],"direction":[-0.946977,0.091784,-0.307913],"extended":true,"handId":781,"id":7811,"length":55.4983,"mcpPosition":[-55.4892,148.008,60.1336],"pipPosition":[-81.6592,158.213,30.8957],"stabilizedTipPosition":[-117.473,160.422,27.8723],"timeVisible":6.30454,"tipPosition":[-114.471,160.581,23.8176],"tipVelocity":[11.496,-15.3389,53.4063],"tool":false,"touchDistance":0.282175,"touchZone":"hovering","type":1,"width":18.5669},{"bases":[[[-0.0920291,-0.978082,-0.186778],[0.910505,-0.00671821,-0.413442],[0.403126,-0.208111,0.891167]],[[-0.0956933,-0.976148,-0.194879],[0.901517,-0.00198475,-0.432739],[0.42203,-0.217097,0.880204]],[[-0.0956933,-0.976148,-0.194879],[0.859033,0.0179252,-0.511606],[0.502897,-0.216365,0.836828]],[[-0.0956933,-0.976148,-0.194879],[0.810275,0.0373296,-0.58486],[0.578185,-0.213873,0.787376]]],"btipPosition":[-95.4659,148.004,-21.3311],"carpPosition":[-26.6821,115.192,112.245],"dipPosition":[-85.2121,144.211,-7.36735],"direction":[-0.502897,0.216365,-0.836828],"extended":true,"handId":781,"id":7812,"length":63.2359,"mcpPosition":[-52.5189,128.53,55.1287],"pipPosition":[-71.7162,138.405,15.09],"stabilizedTipPosition":[-93.225,147.212,-18.1741],"timeVisible":6.30454,"tipPosition":[-89.6422,144.799,-19.4013],"tipVelocity":[27.1653,-19.2091,12.2946],"tool":false,"touchDistance":0.218921,"touchZone":"hovering","type":2,"width":18.2351},{"bases":[[[-0.100077,-0.994739,-0.0218978],[0.91399,-0.0832113,-0.397111],[0.3932,-0.0597561,0.917509]],[[-0.136205,-0.984872,-0.107118],[0.914699,-0.0834936,-0.395417],[0.380491,-0.151839,0.912234]],[[-0.136205,-0.984872,-0.107118],[0.887794,-0.0733622,-0.454357],[0.439625,-0.156985,0.884356]],[[-0.136205,-0.984872,-0.107118],[0.854455,-0.0620682,-0.515805],[0.501353,-0.161783,0.849983]]],"btipPosition":[-86.2692,121.157,-20.2348],"carpPosition":[-27.2664,104.359,109.134],"dipPosition":[-77.429,118.304,-5.24736],"direction":[-0.439625,0.156985,-0.884356],"extended":true,"handId":781,"id":7813,"length":60.803,"mcpPosition":[-49.8923,107.798,56.3372],"pipPosition":[-65.9359,114.2,17.8725],"stabilizedTipPosition":[-84.3308,120.561,-16.8209],"timeVisible":6.30454,"tipPosition":[-86.907,115.319,-15.3934],"tipVelocity":[32.8658,-20.8879,10.9624],"tool":false,"touchDistance":0.225528,"touchZone":"hovering","type":3,"width":17.3519},{"bases":[[[-0.203529,-0.967455,0.150358],[0.918422,-0.241867,-0.313052],[0.339231,0.0743773,0.937758]],[[-0.249593,-0.968222,0.0158095],[0.930073,-0.24424,-0.274428],[0.269569,-0.0537913,0.961478]],[[-0.249593,-0.968222,0.0158095],[0.898127,-0.237566,-0.37004],[0.362037,-0.0781604,0.928881]],[[-0.249593,-0.968222,0.0158095],[0.857439,-0.228563,-0.461039],[0.450001,-0.101516,0.887239]]],"btipPosition":[-73.8034,93.4845,-3.15952],"carpPosition":[-32.7356,92.5573,110.454],"dipPosition":[-66.4833,91.8332,11.2731],"direction":[-0.362037,0.0781604,-0.928881],"extended":true,"handId":781,"id":7814,"length":47.6684,"mcpPosition":[-50.8054,88.5955,60.5025],"pipPosition":[-59.8008,90.3905,28.4185],"stabilizedTipPosition":[-72.2814,93.2418,0.0528429],"timeVisible":6.30454,"tipPosition":[-78.138,87.707,3.43738],"tipVelocity":[26.4977,-18.4523,16.8227],"tool":false,"touchDistance":0.213106,"touchZone":"hovering","type":4,"width":15.4133}],"r":[[0.588854,-0.242181,0.771102],[0.807307,0.130416,-0.575541],[0.038821,0.961426,0.272311]],"s":1.023,"t":[3.29672,-42.2631,0.355259],"timestamp":747287507800},{"currentFrameRate":114.592,"devices":[],"gestures":[],"hands":[{"armBasis":[[0.166636,-0.986018,0.00124051],[0.878296,0.147859,-0.45468],[0.448139,0.0768555,0.890654]],"armWidth":60.3619,"confidence":1,"direction":[-0.261026,0.197175,-0.94498],"elbow":[85.5163,122.449,361.157],"grabAngle":0.450326,"grabStrength":0,"id":781,"palmNormal":[-0.96396,-0.105411,0.244274],"palmPosition":[-49.9074,120.785,77.3896],"palmVelocity":[27.1688,-6.61227,11.0236],"palmWidth":83.5863,"pinchDistance":46.6309,"pinchStrength":0.342073,"r":[[0.588177,-0.242269,0.771591],[0.807725,0.128383,-0.575411],[0.0403453,0.961677,0.271199]],"s":1.02314,"sphereCenter":[-114.393,96.9732,61.5696],"sphereRadius":75.4318,"stabilizedPalmPosition":[-50.2167,120.899,77.2577],"t":[3.54034,-42.3487,0.459355],"timeVisible":6.31384,"type":"right","wrist":[-25.6358,103.387,140.248]}],"id":1356548,"interactionBox":{"center":[0,200,0],"size":[235.247,235.247,147.751]},"pointables":[{"bases":[[[0.831959,-0.259453,-0.490437],[0.491562,0.754611,0.43466],[0.257315,-0.602699,0.755343]],[[0.699959,-0.0454207,-0.712737],[0.416288,0.836856,0.355494],[0.580312,-0.545535,0.604673]],[[0.699959,-0.0454207,-0.712737],[0.207434,0.967883,0.142035],[0.683395,-0.247265,0.6869]],[[0.699959,-0.0454207,-0.712737],[-0.0424954,0.993559,-0.10505],[0.712918,0.103819,0.69352]]],"btipPosition":[-107.21,159.137,67.7179],"carpPosition":[-42.8636,128.457,132.866],"dipPosition":[-91.4639,161.43,83.0354],"direction":[-0.683395,0.247265,-0.6869],"extended":false,"handId":781,"id":7810,"length":49.1837,"mcpPosition":[-42.8636,128.457,132.866],"pipPosition":[-69.4743,153.473,105.138],"stabilizedTipPosition":[-103.955,159.78,71.3104],"timeVisible":6.31384,"tipPosition":[-105.442,154.746,71.2496],"tipVelocity":[35.1928,-3.97874,-1.16877],"tool":false,"touchDistance":0.214913,"touchZone":"hovering","type":0,"width":19.4377},{"bases":[[[0.00688927,-0.927742,-0.373159],[0.913843,0.157354,-0.374341],[0.40601,-0.33843,0.848894]],[[0.0192748,-0.937637,-0.347082],[0.762019,0.238516,-0.602027],[0.647267,-0.25288,0.719094]],[[0.0192748,-0.937637,-0.347082],[0.300701,0.336511,-0.892379],[0.953524,-0.0871676,0.288434]],[[0.0192748,-0.937637,-0.347082],[-0.150558,0.340466,-0.928124],[0.988413,0.0701454,-0.134606]]],"btipPosition":[-119.104,159.05,26.6413],"carpPosition":[-27.7333,125.067,117.577],"dipPosition":[-103.166,160.181,24.4709],"direction":[-0.953524,0.0871676,-0.288434],"extended":true,"handId":781,"id":7811,"length":55.4983,"mcpPosition":[-55.1728,147.94,60.2057],"pipPosition":[-81.4161,158.193,31.0502],"stabilizedTipPosition":[-117.372,160.367,27.7865],"timeVisible":6.31384,"tipPosition":[-114.178,160.549,23.9666],"tipVelocity":[11.0574,-12.7451,72.1646],"tool":false,"touchDistance":0.293365,"touchZone":"hovering","type":1,"width":18.5669},{"bases":[[[-0.0942102,-0.978076,-0.185719],[0.910543,-0.0092251,-0.41331],[0.402536,-0.208043,0.89145]],[[-0.0978796,-0.976137,-0.193846],[0.901115,-0.00425854,-0.433559],[0.422388,-0.217114,0.880028]],[[-0.0978796,-0.976137,-0.193846],[0.858043,0.015902,-0.513332],[0.504164,-0.216573,0.836011]],[[-0.0978796,-0.976137,-0.193846],[0.809495,0.0352147,-0.586069],[0.57891,-0.214282,0.786731]]],"btipPosition":[-95.256,147.938,-21.1959],"carpPosition":[-26.4469,115.115,112.357],"dipPosition":[-84.9893,144.137,-7.24359],"direction":[-0.504164,0.216573,-0.836011],"extended":true,"handId":781,"id":7812,"length":63.2359,"mcpPosition":[-52.2458,128.449,55.2226],"pipPosition":[-71.4594,138.325,15.1918],"stabilizedTipPosition":[-93.0058,147.113,-18.0499],"timeVisible":6.31384,"tipPosition":[-89.3529,144.741,-19.3189],"tipVelocity":[22.883,-7.36586,14.2479],"tool":false,"touchDistance":0.22113,"touchZone":"hovering","type":2,"width":18.2351},{"bases":[[[-0.102318,-0.994534,-0.0208216],[0.913854,-0.0857079,-0.396895],[0.392941,-0.0596373,0.917628]],[[-0.138304,-0.984723,-0.105799],[0.914322,-0.0858939,-0.395776],[0.380642,-0.151472,0.912232]],[[-0.138304,-0.984723,-0.105799],[0.887867,-0.0759453,-0.453789],[0.438821,-0.156697,0.884806]],[[-0.138304,-0.984723,-0.105799],[0.855155,-0.0648495,-0.5143],[0.499582,-0.161605,0.851059]]],"btipPosition":[-85.9972,121.045,-20.1485],"carpPosition":[-27.0551,104.281,109.257],"dipPosition":[-77.1882,118.196,-5.14214],"direction":[-0.438821,0.156697,-0.884806],"extended":true,"handId":781,"id":7813,"length":60.803,"mcpPosition":[-49.6661,107.712,56.4541],"pipPosition":[-65.716,114.099,17.9895],"stabilizedTipPosition":[-84.0526,120.429,-16.7251],"timeVisible":6.31384,"tipPosition":[-86.6498,115.247,-15.292],"tipVelocity":[28.4675,-11.8739,9.73868],"tool":false,"touchDistance":0.227038,"touchZone":"hovering","type":3,"width":17.3519},{"bases":[[[-0.205731,-0.966828,0.15139],[0.917916,-0.244281,-0.312662],[0.339272,0.0746396,0.937723]],[[-0.251618,-0.967671,0.0173337],[0.929388,-0.246583,-0.274654],[0.270049,-0.0529981,0.961387]],[[-0.251618,-0.967671,0.0173337],[0.897946,-0.240095,-0.368845],[0.361083,-0.0772432,0.929329]],[[-0.251618,-0.967671,0.0173337],[0.857901,-0.231293,-0.458813],[0.447989,-0.100575,0.888364]]],"btipPosition":[-73.5868,93.3474,-3.04523],"carpPosition":[-32.5511,92.4929,110.59],"dipPosition":[-66.2995,91.7114,11.4057],"direction":[-0.361083,0.0772432,-0.929329],"extended":true,"handId":781,"id":7814,"length":47.6684,"mcpPosition":[-50.6231,88.5171,60.6403],"pipPosition":[-59.6345,90.2856,28.5594],"stabilizedTipPosition":[-72.0768,93.0924,0.177384],"timeVisible":6.31384,"tipPosition":[-77.934,87.6419,3.56377],"tipVelocity":[22.4696,-14.3541,12.7361],"tool":false,"touchDistance":0.215081,"touchZone":"hovering","type":4,"width":15.4133}],"r":[[0.588177,-0.242269,0.771591],[0.807725,0.128383,-0.575411],[0.0403453,0.961677,0.271199]],"s":1.02314,"t":[3.54034,-42.3487,0.459355],"timestamp":747287517104},{"currentFrameRate":115.008,"devices":[],"gestures":[],"hands":[{"armBasis":[[0.164925,-0.986306,0.000923353],[0.877678,0.146333,-0.456363],[0.449978,0.076076,0.889793]],"armWidth":60.3619,"confidence":1,"direction":[-0.260355,0.197388,-0.945121],"elbow":[86.2071,122.207,361.067],"grabAngle":0.454147,"grabStrength":0,"id":781,"palmNormal":[-0.96424,-0.103414,0.244024],"palmPosition":[-49.6399,120.766,77.5082],"palmVelocity":[33.4899,-2.38796,14.8499],"palmWidth":83.5863,"pinchDistance":45.7565,"pinchStrength":0.365268,"r":[[0.587494,-0.242522,0.772033],[0.808142,0.126397,-0.575266],[0.0419321,0.961877,0.270249]],"s":1.02406,"sphereCenter":[-113.476,97.4754,61.4682],"sphereRadius":74.7318,"stabilizedPalmPosition":[-50.0103,120.852,77.3474],"t":[3.79585,-42.4009,0.570692],"timeVisible":6.32183,"type":"right","wrist":[-25.4012,103.338,140.371]}],"id":1356549,"interactionBox":{"center":[0,200,0],"size":[235.247,235.247,147.751]},"pointables":[{"bases":[[[0.831586,-0.261266,-0.490107],[0.492934,0.753773,0.434561],[0.255893,-0.602965,0.755614]],[[0.699657,-0.0465112,-0.712963],[0.41599,0.837819,0.35357],[0.580889,-0.543963,0.605534]],[[0.699657,-0.0465112,-0.712963],[0.208582,0.967706,0.14156],[0.683355,-0.247755,0.686763]],[[0.699657,-0.0465112,-0.712963],[-0.0409016,0.993635,-0.104959],[0.713307,0.102597,0.693301]]],"btipPosition":[-106.977,159.092,67.8058],"carpPosition":[-42.5973,128.442,132.984],"dipPosition":[-91.2227,161.358,83.1185],"direction":[-0.683355,0.247755,-0.686763],"extended":false,"handId":781,"id":7810,"length":49.1837,"mcpPosition":[-42.5973,128.442,132.984],"pipPosition":[-69.2344,153.386,105.216],"stabilizedTipPosition":[-103.654,159.697,71.3191],"timeVisible":6.32183,"tipPosition":[-105.085,154.891,71.3406],"tipVelocity":[29.3702,-6.34017,10.8733],"tool":false,"touchDistance":0.21636,"touchZone":"hovering","type":0,"width":19.4377},{"bases":[[[0.00515358,-0.927875,-0.372857],[0.914264,0.155415,-0.374122],[0.405086,-0.338961,0.849123]],[[0.0162073,-0.93678,-0.349543],[0.75918,0.23903,-0.605401],[0.650679,-0.255555,0.715059]],[[0.0162073,-0.93678,-0.349543],[0.273503,0.34041,-0.899621],[0.961735,-0.0810208,0.26173]],[[0.0162073,-0.93678,-0.349543],[-0.163973,0.342366,-0.925148],[0.986332,0.0723099,-0.148058]]],"btipPosition":[-119.069,158.969,27.7392],"carpPosition":[-27.4692,125.017,117.701],"dipPosition":[-103.165,160.135,25.3519],"direction":[-0.961735,0.0810208,-0.26173],"extended":true,"handId":781,"id":7811,"length":55.4983,"mcpPosition":[-54.8463,147.925,60.314],"pipPosition":[-81.2279,158.287,31.322],"stabilizedTipPosition":[-117.31,160.331,27.7676],"timeVisible":6.32183,"tipPosition":[-113.918,160.551,24.2535],"tipVelocity":[3.3495,-9.12289,131.248],"tool":false,"touchDistance":0.310832,"touchZone":"hovering","type":1,"width":18.5669},{"bases":[[[-0.096101,-0.977947,-0.185431],[0.910645,-0.0111702,-0.413039],[0.401859,-0.208555,0.891636]],[[-0.100137,-0.9758,-0.194388],[0.900952,-0.00602432,-0.433877],[0.422206,-0.218581,0.879752]],[[-0.100137,-0.9758,-0.194388],[0.857068,0.0146383,-0.514995],[0.505377,-0.218174,0.834862]],[[-0.100137,-0.9758,-0.194388],[0.808134,0.0342041,-0.588004],[0.580424,-0.215972,0.785152]]],"btipPosition":[-95.0179,148.056,-21.0091],"carpPosition":[-26.2011,115.061,112.484],"dipPosition":[-84.7244,144.225,-7.08478],"direction":[-0.505377,0.218174,-0.834862],"extended":true,"handId":781,"id":7812,"length":63.2359,"mcpPosition":[-51.9566,128.428,55.338],"pipPosition":[-71.162,138.37,15.3198],"stabilizedTipPosition":[-92.802,147.148,-17.9103],"timeVisible":6.32183,"tipPosition":[-89.046,144.793,-19.2054],"tipVelocity":[30.5857,13.9187,22.5888],"tool":false,"touchDistance":0.224136,"touchZone":"hovering","type":2,"width":18.2351},{"bases":[[[-0.10429,-0.994335,-0.0205301],[0.913798,-0.0876541,-0.396598],[0.392551,-0.0601214,0.917763]],[[-0.140277,-0.984461,-0.105631],[0.91421,-0.0878187,-0.395611],[0.380187,-0.152064,0.912324]],[[-0.140277,-0.984461,-0.105631],[0.887945,-0.0778855,-0.453307],[0.438036,-0.157383,0.885073]],[[-0.140277,-0.984461,-0.105631],[0.855405,-0.0667753,-0.513638],[0.498603,-0.162409,0.85148]]],"btipPosition":[-85.6926,121.076,-20.0439],"carpPosition":[-26.83,104.227,109.388],"dipPosition":[-76.9009,118.213,-5.03009],"direction":[-0.438036,0.157383,-0.885073],"extended":true,"handId":781,"id":7813,"length":60.803,"mcpPosition":[-49.4186,107.686,56.577],"pipPosition":[-65.4493,114.098,18.1085],"stabilizedTipPosition":[-83.7786,120.421,-16.6287],"timeVisible":6.32183,"tipPosition":[-86.364,115.275,-15.1835],"tipVelocity":[37.6411,3.44861,13.3173],"tool":false,"touchDistance":0.22881,"touchZone":"hovering","type":3,"width":17.3519},{"bases":[[[-0.207698,-0.966367,0.151642],[0.91752,-0.246207,-0.312312],[0.339144,0.0742685,0.937798]],[[-0.25325,-0.967224,0.0184938],[0.928957,-0.248477,-0.274403],[0.270005,-0.0523127,0.961437]],[[-0.25325,-0.967224,0.0184938],[0.897964,-0.242141,-0.367462],[0.359896,-0.076453,0.929855]],[[-0.25325,-0.967224,0.0184938],[0.858231,-0.233452,-0.4571],[0.446436,-0.0998886,0.889223]]],"btipPosition":[-73.33,93.2758,-2.94177],"carpPosition":[-32.3498,92.4502,110.723],"dipPosition":[-66.0679,91.6509,11.5231],"direction":[-0.359896,0.076453,-0.929855],"extended":true,"handId":781,"id":7814,"length":47.6684,"mcpPosition":[-50.415,88.4941,60.7691],"pipPosition":[-59.4249,90.2398,28.6865],"stabilizedTipPosition":[-71.8759,93.0007,0.277484],"timeVisible":6.32183,"tipPosition":[-77.6818,87.6798,3.66902],"tipVelocity":[31.4349,-8.64851,13.3592],"tool":false,"touchDistance":0.216858,"touchZone":"hovering","type":4,"width":15.4133}],"r":[[0.587494,-0.242522,0.772033],[0.808142,0.126397,-0.575266],[0.0419321,0.961877,0.270249]],"s":1.02406,"t":[3.79585,-42.4009,0.570692],"timestamp":747287525089},{"currentFrameRate":115.016,"devices":[],"gestures":[],"hands":[{"armBasis":[[0.162206,-0.986757,0.0000534576],[0.876855,0.144115,-0.458646],[0.452565,0.074442,0.888619]],"armWidth":60.3619,"confidence":1,"direction":[-0.260892,0.198762,-0.944685],"elbow":[87.2102,121.729,360.871],"grabAngle":0.466291,"grabStrength":0,"id":781,"palmNormal":[-0.964259,-0.100544,0.245144],"palmPosition":[-49.314,120.804,77.648],"palmVelocity":[37.5453,4.28761,16.1004],"palmWidth":83.5863,"pinchDistance":43.9713,"pinchStrength":0.412619,"r":[[0.586983,-0.243181,0.772213],[0.808409,0.12437,-0.575331],[0.0438694,0.961974,0.269593]],"s":1.02645,"sphereCenter":[-111.706,98.8337,61.2184],"sphereRadius":73.1451,"stabilizedPalmPosition":[-49.7576,120.834,77.4565],"t":[4.08658,-42.4085,0.696244],"timeVisible":6.33051,"type":"right","wrist":[-25.0397,103.265,140.466]}],"id":1356550,"interactionBox":{"center":[0,200,0],"size":[235.247,235.247,147.751]},"pointables":[{"bases":[[[0.830164,-0.263574,-0.49128],[0.49582,0.75197,0.434401],[0.254931,-0.60421,0.754944]],[[0.697441,-0.0467548,-0.715116],[0.416091,0.838865,0.350961],[0.583476,-0.542328,0.604513]],[[0.697441,-0.0467548,-0.715116],[0.210403,0.967252,0.141963],[0.68506,-0.249473,0.684439]],[[0.697441,-0.0467548,-0.715116],[-0.040072,0.993764,-0.104055],[0.715521,0.101228,0.691218]]],"btipPosition":[-106.782,159.085,68.1091],"carpPosition":[-42.1795,128.424,133.119],"dipPosition":[-90.9785,161.321,83.3758],"direction":[-0.68506,0.249473,-0.684439],"extended":false,"handId":781,"id":7810,"length":49.1837,"mcpPosition":[-42.1795,128.424,133.119],"pipPosition":[-68.9353,153.293,105.399],"stabilizedTipPosition":[-103.431,159.654,71.4518],"timeVisible":6.33051,"tipPosition":[-104.627,155.201,71.5696],"tipVelocity":[23.8002,-1.63748,33.7139],"tool":false,"touchDistance":0.221238,"touchZone":"hovering","type":0,"width":19.4377},{"bases":[[[0.00179579,-0.927665,-0.37341],[0.914287,0.152778,-0.37515],[0.405062,-0.34073,0.848426]],[[0.0101093,-0.934463,-0.355918],[0.751826,0.241778,-0.613434],[0.659284,-0.261387,0.704997]],[[0.0101093,-0.934463,-0.355918],[0.222308,0.349128,-0.910323],[0.974924,-0.0699205,0.211268]],[[0.0101093,-0.934463,-0.355918],[-0.207971,0.346188,-0.914824],[0.978083,0.0832688,-0.190842]]],"btipPosition":[-119.196,158.839,30.1503],"carpPosition":[-27.081,124.961,117.816],"dipPosition":[-103.425,160.182,27.0731],"direction":[-0.974924,0.0699205,-0.211268],"extended":true,"handId":781,"id":7811,"length":55.4983,"mcpPosition":[-54.4564,147.989,60.4762],"pipPosition":[-81.187,158.587,31.8922],"stabilizedTipPosition":[-117.266,160.302,27.8094],"timeVisible":6.33051,"tipPosition":[-113.781,160.616,25.1008],"tipVelocity":[-18.1441,-10.2793,259.46],"tool":false,"touchDistance":0.346868,"touchZone":"hovering","type":1,"width":18.5669},{"bases":[[[-0.0993855,-0.977531,-0.18589],[0.9101,-0.013772,-0.414161],[0.402295,-0.21034,0.89102]],[[-0.104328,-0.974869,-0.196839],[0.900004,-0.00832201,-0.435802],[0.423212,-0.222622,0.878255]],[[-0.104328,-0.974869,-0.196839],[0.854787,0.0132774,-0.518809],[0.508385,-0.222381,0.83192]],[[-0.104328,-0.974869,-0.196839],[0.804694,0.0335657,-0.59274],[0.584451,-0.220234,0.78097]]],"btipPosition":[-94.893,148.485,-20.6407],"carpPosition":[-25.8503,115.004,112.592],"dipPosition":[-84.5281,144.58,-6.79058],"direction":[-0.508385,0.222381,-0.83192],"extended":true,"handId":781,"id":7812,"length":63.2359,"mcpPosition":[-51.6338,128.485,55.4851],"pipPosition":[-70.8849,138.612,15.535],"stabilizedTipPosition":[-92.6397,147.392,-17.6581],"timeVisible":6.33051,"tipPosition":[-88.831,145.058,-18.975],"tipVelocity":[16.281,47.5177,40.4701],"tool":false,"touchDistance":0.229992,"touchZone":"hovering","type":2,"width":18.2351},{"bases":[[[-0.107424,-0.993992,-0.0209889],[0.913034,-0.0902751,-0.397769],[0.393484,-0.0618934,0.917246]],[[-0.143784,-0.983834,-0.106756],[0.913503,-0.0904655,-0.396646],[0.380576,-0.154554,0.911743]],[[-0.143784,-0.983834,-0.106756],[0.887201,-0.0803623,-0.45433],[0.438406,-0.16004,0.884414]],[[-0.143784,-0.983834,-0.106756],[0.854366,-0.0689721,-0.515074],[0.499384,-0.165269,0.850472]]],"btipPosition":[-85.4731,121.35,-19.8526],"carpPosition":[-26.5169,104.174,109.49],"dipPosition":[-76.6676,118.436,-4.85655],"direction":[-0.438406,0.16004,-0.884414],"extended":true,"handId":781,"id":7813,"length":60.803,"mcpPosition":[-49.1591,107.735,56.7088],"pipPosition":[-65.2063,114.252,18.2648],"stabilizedTipPosition":[-83.5422,120.606,-16.4678],"timeVisible":6.33051,"tipPosition":[-86.1568,115.505,-15.0079],"tipVelocity":[25.6568,30.2127,21.5682],"tool":false,"touchDistance":0.231931,"touchZone":"hovering","type":3,"width":17.3519},{"bases":[[[-0.210533,-0.965803,0.151327],[0.916363,-0.248889,-0.313581],[0.340521,0.0726509,0.937426]],[[-0.255875,-0.966515,0.0193921],[0.92799,-0.251197,-0.275198],[0.270854,-0.0524205,0.961192]],[[-0.255875,-0.966515,0.0193921],[0.897331,-0.244926,-0.367163],[0.359618,-0.0765466,0.929954]],[[-0.255875,-0.966515,0.0193921],[0.857524,-0.23619,-0.45702],[0.446297,-0.100311,0.889245]]],"btipPosition":[-73.1465,93.3377,-2.81411],"carpPosition":[-32.0719,92.4137,110.825],"dipPosition":[-65.8866,91.706,11.6511],"direction":[-0.3596