{"frames":157,"data":[{"currentFrameRate":112.056,"devices":[],"gestures":[],"hands":[{"armBasis":[[0.767807,-0.417373,-0.486077],[0.501996,0.863326,0.0516521],[0.398085,-0.283668,0.872388]],"armWidth":63.4054,"confidence":1,"direction":[-0.108153,0.0743329,-0.991351],"elbow":[159.084,25.452,370.776],"grabAngle":2.41246,"grabStrength":0,"id":800,"palmNormal":[-0.497952,-0.867139,-0.0106946],"palmPosition":[35.7991,107.142,72.5923],"palmVelocity":[4.634,-0.843566,-4.38082],"palmWidth":87.9125,"pinchDistance":58.5161,"pinchStrength":0.771885,"r":[[0.73983,0.596425,0.311334],[-0.617815,0.785471,-0.0366054],[-0.266376,-0.165265,0.949595]],"s":1.18483,"sphereCenter":[45.5233,50.6064,51.4507],"sphereRadius":59.6029,"stabilizedPalmPosition":[35.6605,105.994,72.1484],"t":[11.1616,-65.2171,-11.7921],"timeVisible":1.79583,"type":"right","wrist":[55.236,99.4519,143.198]}],"id":1366617,"interactionBox":{"center":[0,200,0],"size":[235.247,235.247,147.751]},"pointables":[{"bases":[[[0.83006,-0.473017,-0.295391],[0.455197,0.880681,-0.131136],[0.322174,-0.0256102,0.946334]],[[0.888282,-0.439034,0.134924],[0.449907,0.890831,-0.0632833],[-0.0924108,0.116917,0.988833]],[[0.888282,-0.439034,0.134924],[0.456011,0.8781,-0.144896],[-0.0548624,0.190235,0.980204]],[[0.888282,-0.439034,0.134924],[0.453456,0.791578,-0.409612],[0.0730309,0.425033,0.902227]]],"btipPosition":[17.16,107.033,-23.6874],"carpPosition":[36.3133,120.839,119.098],"dipPosition":[18.3149,113.754,-9.41924],"direction":[0.0548624,-0.190235,-0.980204],"extended":true,"handId":800,"id":8001,"length":54.432,"mcpPosition":[13.4127,122.66,51.8317],"pipPosition":[17.0875,118.01,12.5099],"stabilizedTipPosition":[17.4237,108.609,-20.3997],"timeVisible":1.79583,"tipPosition":[15.2119,107.426,-19.2481],"tipVelocity":[3.94374,-10.8914,-2.55686],"tool":false,"touchDistance":0.333333,"touchZone":"hovering","type":1,"width":19.4926},{"bases":[[[0.770514,0.591921,-0.236512],[-0.427573,0.755139,0.496937],[0.472747,-0.281771,0.834934]],[[0.651291,0.638556,-0.409959],[-0.64444,0.750689,0.145474],[0.400645,0.169448,0.900428]],[[0.651291,0.638556,-0.409959],[-0.698476,0.715616,0.00499861],[0.296565,0.283091,0.91209]],[[0.651291,0.638556,-0.409959],[-0.755254,0.597854,-0.268631],[0.0735594,0.48458,0.871649]]],"btipPosition":[-8.95633,79.9231,39.0713],"carpPosition":[21.3191,107.527,130.165],"dipPosition":[-7.36286,90.4202,57.9532],"direction":[-0.296565,-0.283091,-0.91209],"extended":false,"handId":800,"id":8000,"length":48.2387,"mcpPosition":[21.3191,107.527,130.165],"pipPosition":[1.99636,99.3542,86.7377],"stabilizedTipPosition":[-8.65615,82.4021,43.4311],"timeVisible":1.79583,"tipPosition":[-8.56655,82.6626,43.8733],"tipVelocity":[19.2194,-18.6682,-5.32502],"tool":false,"touchDistance":0.320004,"touchZone":"hovering","type":0,"width":20.4068},{"bases":[[[0.776112,-0.615285,-0.138109],[0.595938,0.787257,-0.158379],[0.206176,0.0406153,0.977672]],[[0.787079,-0.611743,-0.0792355],[0.130813,0.291058,-0.94772],[0.602823,0.735565,0.309109]],[[0.787079,-0.611743,-0.0792355],[-0.570628,-0.673279,-0.47019],[0.234288,0.41529,-0.879001]],[[0.787079,-0.611743,-0.0792355],[-0.600353,-0.78919,0.129442],[-0.141717,-0.0543116,-0.988416]]],"btipPosition":[2.1535,71.1951,75.502],"carpPosition":[46.6474,116.735,114.868],"dipPosition":[-0.311494,70.2504,58.3097],"direction":[-0.234288,-0.41529,0.879001],"extended":false,"handId":800,"id":8002,"length":62.0209,"mcpPosition":[32.7495,113.998,48.9645],"pipPosition":[5.8551,81.1811,35.1738],"stabilizedTipPosition":[1.56758,70.1554,72.0516],"timeVisible":1.79583,"tipPosition":[3.19301,73.1524,73.2647],"tipVelocity":[15.0834,-8.37622,-7.684],"tool":false,"touchDistance":0.333333,"touchZone":"none","type":2,"width":19.1443},{"bases":[[[0.750846,-0.660187,0.0196036],[0.656133,0.74218,-0.136595],[0.0756286,0.115424,0.990433]],[[0.75403,-0.652077,0.0789586],[0.221844,0.139676,-0.965026],[0.618243,0.745175,0.249979]],[[0.75403,-0.652077,0.0789586],[-0.589616,-0.724926,-0.35614],[0.28947,0.221985,-0.931091]],[[0.75403,-0.652077,0.0789586],[-0.656614,-0.745144,0.116699],[-0.0172614,-0.13984,-0.990024]]],"btipPosition":[18.9008,69.0448,83.0386],"carpPosition":[56.1693,110.121,112.324],"dipPosition":[18.6023,66.6264,65.9173],"direction":[-0.28947,-0.221985,0.931091],"extended":false,"handId":800,"id":8003,"length":59.6348,"mcpPosition":[51.5922,103.135,52.3813],"pipPosition":[26.0246,72.3183,42.0434],"stabilizedTipPosition":[18.9792,68.2692,79.7316],"timeVisible":1.79583,"tipPosition":[19.9709,69.8811,78.8182],"tipVelocity":[14.1433,-6.6848,-6.50281],"tool":false,"touchDistance":0.333333,"touchZone":"none","type":3,"width":18.217},{"bases":[[[0.63575,-0.755884,0.156402],[0.769016,0.637724,-0.04384],[-0.0666032,0.148147,0.98672]],[[0.638491,-0.769615,0.00473988],[0.228417,0.183612,-0.956092],[0.734953,0.611539,0.293028]],[[0.638491,-0.769615,0.00473988],[-0.680661,-0.567545,-0.463242],[0.359208,0.292549,-0.886219]],[[0.638491,-0.769615,0.00473988],[-0.76946,-0.638208,0.0249281],[-0.01616,-0.0195635,-0.999678]]],"btipPosition":[36.1296,64.7377,80.108],"carpPosition":[62.6971,98.0362,112.985],"dipPosition":[35.8718,64.4256,64.1589],"direction":[-0.359208,-0.292549,0.886219],"extended":false,"handId":800,"id":8004,"length":46.7525,"mcpPosition":[66.4285,89.7364,57.7055],"pipPosition":[42.3747,69.7218,48.1152],"stabilizedTipPosition":[35.9936,64.6793,76.6914],"timeVisible":1.79583,"tipPosition":[36.0843,66.3915,74.8996],"tipVelocity":[14.4409,-2.1473,-6.15384],"tool":false,"touchDistance":0.333333,"touchZone":"none","type":4,"width":16.1818}],"r":[[0.73983,0.596425,0.311334],[-0.617815,0.785471,-0.0366054],[-0.266376,-0.165265,0.949595]],"s":1.18483,"t":[11.1616,-65.2171,-11.7921],"timestamp":747376344058},{"currentFrameRate":112.602,"devices":[],"gestures":[],"hands":[{"armBasis":[[0.768227,-0.415495,-0.487023],[0.499687,0.864734,0.0504715],[0.400175,-0.282133,0.87193]],"armWidth":63.4054,"confidence":1,"direction":[-0.108404,0.0743196,-0.991325],"elbow":[159.705,25.8486,370.566],"grabAngle":2.41233,"grabStrength":0,"id":800,"palmNormal":[-0.495753,-0.868395,-0.0108917],"palmPosition":[35.8372,107.099,72.5075],"palmVelocity":[4.8119,-5.34936,-10.685],"palmWidth":87.9125,"pinchDistance":58.4937,"pinchStrength":0.772938,"r":[[0.739447,0.596886,0.31136],[-0.618298,0.785089,-0.0366443],[-0.266317,-0.165416,0.949585]],"s":1.18384,"sphereCenter":[45.7169,50.5962,51.3662],"sphereRadius":59.5846,"stabilizedPalmPosition":[35.6622,106.004,72.1518],"t":[11.1945,-65.2373,-11.8549],"timeVisible":1.80376,"type":"right","wrist":[55.3125,99.4479,143.108]}],"id":1366618,"interactionBox":{"center":[0,200,0],"size":[235.247,235.247,147.751]},"pointables":[{"bases":[[[0.831237,-0.470834,-0.295567],[0.452955,0.881866,-0.130932],[0.322298,-0.0250428,0.946307]],[[0.889324,-0.4366,0.135952],[0.447627,0.891948,-0.0637058],[-0.0934486,0.117511,0.988665]],[[0.889324,-0.4366,0.135952],[0.453743,0.87944,-0.143884],[-0.0567421,0.189647,0.980211]],[[0.889324,-0.4366,0.135952],[0.451804,0.793084,-0.408522],[0.0705391,0.424732,0.902567]]],"btipPosition":[17.2803,106.933,-23.7655],"carpPosition":[36.3197,120.786,119.017],"dipPosition":[18.3958,113.65,-9.49196],"direction":[0.0567421,-0.189647,-0.980211],"extended":true,"handId":800,"id":8001,"length":54.432,"mcpPosition":[13.4103,122.566,51.7525],"pipPosition":[17.1264,117.893,12.4374],"stabilizedTipPosition":[17.5035,108.517,-20.4581],"timeVisible":1.80376,"tipPosition":[15.2573,107.362,-19.3384],"tipVelocity":[14.0273,-12.6817,-9.69003],"tool":false,"touchDistance":0.333333,"touchZone":"hovering","type":1,"width":19.4926},{"bases":[[[0.768996,0.593934,-0.236404],[-0.429454,0.753922,0.497163],[0.473513,-0.280792,0.83483]],[[0.649731,0.640292,-0.409726],[-0.646705,0.748876,0.144766],[0.399526,0.170913,0.900648]],[[0.649731,0.640292,-0.409726],[-0.700488,0.71365,0.0044309],[0.295238,0.284129,0.912198]],[[0.649731,0.640292,-0.409726],[-0.756797,0.595524,-0.269462],[0.0714677,0.485157,0.871502]]],"btipPosition":[-8.77431,79.7129,38.9768],"carpPosition":[21.36,107.432,130.081],"dipPosition":[-7.22616,90.2225,57.8555],"direction":[-0.295238,-0.284129,-0.912198],"extended":false,"handId":800,"id":8000,"length":48.2387,"mcpPosition":[21.36,107.432,130.081],"pipPosition":[2.09119,99.1893,86.6433],"stabilizedTipPosition":[-8.49835,82.2217,43.3567],"timeVisible":1.80376,"tipPosition":[-8.46772,82.5129,43.782],"tipVelocity":[21.6356,-26.1408,-12.0141],"tool":false,"touchDistance":0.318416,"touchZone":"hovering","type":0,"width":20.4068},{"bases":[[[0.77766,-0.61328,-0.13832],[0.593931,0.788807,-0.158209],[0.206134,0.0408803,0.977669]],[[0.788621,-0.609725,-0.0794462],[0.130129,0.291779,-0.947592],[0.600952,0.736953,0.309446]],[[0.788621,-0.609725,-0.0794462],[-0.569103,-0.674873,-0.469754],[0.232805,0.415671,-0.879215]],[[0.788621,-0.609725,-0.0794462],[-0.598239,-0.790703,0.129998],[-0.142081,-0.054991,-0.988326]]],"btipPosition":[2.30165,71.091,75.4083],"carpPosition":[46.664,116.709,114.785],"dipPosition":[-0.169685,70.1345,58.2176],"direction":[-0.232805,-0.415671,0.879215],"extended":false,"handId":800,"id":8002,"length":62.0209,"mcpPosition":[32.7688,113.954,48.8817],"pipPosition":[5.95788,81.0752,35.0761],"stabilizedTipPosition":[1.57235,70.176,72.0345],"timeVisible":1.80376,"tipPosition":[3.31454,73.0233,73.1699],"tipVelocity":[18.4953,-13.4675,-11.7681],"tool":false,"touchDistance":0.333333,"touchZone":"none","type":2,"width":19.1443},{"bases":[[[0.752518,-0.658287,0.0193823],[0.654242,0.743876,-0.13644],[0.0753989,0.115355,0.990459]],[[0.755685,-0.650185,0.0787393],[0.22117,0.140179,-0.965108],[0.616461,0.746732,0.249733]],[[0.755685,-0.650185,0.0787393],[-0.587977,-0.726461,-0.35572],[0.288485,0.222516,-0.93127]],[[0.755685,-0.650185,0.0787393],[-0.65472,-0.746876,0.116265],[-0.0167855,-0.139412,-0.990092]]],"btipPosition":[19.0385,68.9623,82.9678],"carpPosition":[56.2024,110.12,112.238],"dipPosition":[18.7482,66.5513,65.8453],"direction":[-0.288485,-0.222516,0.93127],"extended":false,"handId":800,"id":8003,"length":59.6348,"mcpPosition":[51.6392,103.138,52.2945],"pipPosition":[26.1453,72.2568,41.9668],"stabilizedTipPosition":[18.9789,68.2756,79.6995],"timeVisible":1.80376,"tipPosition":[20.1022,69.7948,78.7251],"tipVelocity":[17.5995,-10.1853,-8.96498],"tool":false,"touchDistance":0.333333,"touchZone":"none","type":3,"width":18.217},{"bases":[[[0.637673,-0.754312,0.156163],[0.767395,0.639682,-0.0437205],[-0.0669156,0.147718,0.986763]],[[0.640442,-0.767993,0.00458513],[0.227404,0.183927,-0.956273],[0.733568,0.61348,0.292439]],[[0.640442,-0.767993,0.00458513],[-0.679388,-0.569317,-0.462936],[0.358142,0.293368,-0.88638]],[[0.640442,-0.767993,0.00458513],[-0.767838,-0.640164,0.0248013],[-0.016112,-0.0194044,-0.999682]]],"btipPosition":[36.2747,64.696,80.039],"carpPosition":[62.7608,98.0513,112.897],"dipPosition":[36.0176,64.3864,64.0898],"direction":[-0.358142,-0.293368,0.88638],"extended":false,"handId":800,"id":8004,"length":46.7525,"mcpPosition":[66.5097,89.7756,57.6142],"pipPosition":[42.5012,69.6974,48.0432],"stabilizedTipPosition":[36.0285,64.6707,76.6409],"timeVisible":1.80376,"tipPosition":[36.2259,66.3463,74.8069],"tipVelocity":[18.3166,-5.18884,-8.70229],"tool":false,"touchDistance":0.333333,"touchZone":"none","type":4,"width":16.1818}],"r":[[0.739447,0.596886,0.31136],[-0.618298,0.785089,-0.0366443],[-0.266317,-0.165416,0.949585]],"s":1.18384,"t":[11.1945,-65.2373,-11.8549],"timestamp":747376351989},{"currentFrameRate":112.448,"devices":[],"gestures":[],"hands":[{"armBasis":[[0.767965,-0.414718,-0.488097],[0.498387,0.865585,0.0487002],[0.402293,-0.280662,0.871429]],"armWidth":63.4054,"confidence":1,"direction":[-0.10917,0.074044,-0.991262],"elbow":[160.365,26.2405,370.344],"grabAngle":2.41206,"grabStrength":0,"id":800,"palmNormal":[-0.494543,-0.86909,-0.0104532],"palmPosition":[35.8746,107.063,72.4293],"palmVelocity":[4.08206,-3.94981,-8.53775],"palmWidth":87.9125,"pinchDistance":58.4807,"pinchStrength":0.773153,"r":[[0.739015,0.597469,0.311267],[-0.618909,0.784609,-0.0366122],[-0.266097,-0.165589,0.949617]],"s":1.18313,"sphereCenter":[45.8714,50.5377,51.2966],"sphereRadius":59.6105,"stabilizedPalmPosition":[35.6641,106.014,72.1543],"t":[11.2296,-65.2656,-11.9254],"timeVisible":1.81292,"type":"right","wrist":[55.4201,99.4561,143.016]}],"id":1366619,"interactionBox":{"center":[0,200,0],"size":[235.247,235.247,147.751]},"pointables":[{"bases":[[[0.831699,-0.469705,-0.296064],[0.451631,0.882484,-0.131344],[0.322965,-0.024473,0.946094]],[[0.889923,-0.435046,0.137008],[0.446267,0.892575,-0.064466],[-0.0942444,0.118512,0.98847]],[[0.889923,-0.435046,0.137008],[0.452366,0.880266,-0.143165],[-0.0583202,0.189384,0.98017]],[[0.889923,-0.435046,0.137008],[0.450952,0.794179,-0.407336],[0.0684009,0.424282,0.902943]]],"btipPosition":[17.3829,106.836,-23.8279],"carpPosition":[36.369,120.756,118.937],"dipPosition":[18.4646,113.546,-9.54841],"direction":[0.0583202,-0.189384,-0.98017],"extended":true,"handId":800,"id":8001,"length":54.432,"mcpPosition":[13.4122,122.496,51.6873],"pipPosition":[17.1599,117.783,12.38],"stabilizedTipPosition":[17.5983,108.415,-20.5214],"timeVisible":1.81292,"tipPosition":[15.2527,107.294,-19.4122],"tipVelocity":[10.3563,-10.7689,-6.66316],"tool":false,"touchDistance":0.333333,"touchZone":"hovering","type":1,"width":19.4926},{"bases":[[[0.768005,0.594982,-0.236991],[-0.430178,0.753381,0.497356],[0.474463,-0.280024,0.834549]],[[0.648622,0.641137,-0.410163],[-0.64792,0.747888,0.144439],[0.399361,0.172067,0.900502]],[[0.648622,0.641137,-0.410163],[-0.701302,0.712845,0.00524469],[0.295745,0.284247,0.911997]],[[0.648622,0.641137,-0.410163],[-0.757812,0.594131,-0.269684],[0.0707867,0.485749,0.871227]]],"btipPosition":[-8.69224,79.5914,38.9275],"carpPosition":[21.4354,107.383,130.012],"dipPosition":[-7.15884,90.1138,57.8003],"direction":[-0.295745,-0.284247,-0.911997],"extended":false,"handId":800,"id":8000,"length":48.2387,"mcpPosition":[21.4354,107.383,130.012],"pipPosition":[2.17452,99.0843,86.5818],"stabilizedTipPosition":[-8.38442,82.0709,43.2933],"timeVisible":1.81292,"tipPosition":[-8.41483,82.4103,43.7355],"tipVelocity":[8.58886,-12.9416,-5.52444],"tool":false,"touchDistance":0.317572,"touchZone":"hovering","type":0,"width":20.4068},{"bases":[[[0.778426,-0.612207,-0.138763],[0.592718,0.789619,-0.158703],[0.206729,0.041291,0.977526]],[[0.789422,-0.608629,-0.0798973],[0.129203,0.291985,-0.947656],[0.6001,0.737777,0.309136]],[[0.789422,-0.608629,-0.0798973],[-0.568751,-0.676233,-0.468221],[0.230944,0.415066,-0.879992]],[[0.789422,-0.608629,-0.0798973],[-0.596905,-0.791471,0.131444],[-0.143237,-0.0560735,-0.988099]]],"btipPosition":[2.42076,71.0455,75.3616],"carpPosition":[46.7161,116.694,114.698],"dipPosition":[-0.0706711,70.0702,58.1748],"direction":[-0.230944,-0.415066,0.879992],"extended":false,"handId":800,"id":8002,"length":62.0209,"mcpPosition":[32.7808,113.91,48.8047],"pipPosition":[6.00791,80.995,35.0129],"stabilizedTipPosition":[1.58212,70.1989,72.0122],"timeVisible":1.81292,"tipPosition":[3.39565,72.9354,73.1126],"tipVelocity":[12.4981,-5.43374,-4.99744],"tool":false,"touchDistance":0.333333,"touchZone":"none","type":2,"width":19.1443},{"bases":[[[0.753453,-0.657229,0.0189613],[0.653107,0.744776,-0.136969],[0.0758982,0.115584,0.990394]],[[0.756648,-0.649115,0.0783151],[0.220078,0.140064,-0.965374],[0.61567,0.747684,0.248835]],[[0.756648,-0.649115,0.0783151],[-0.587437,-0.727517,-0.354452],[0.287056,0.22219,-0.931789]],[[0.756648,-0.649115,0.0783151],[-0.653599,-0.747814,0.116539],[-0.0170822,-0.139366,-0.990094]]],"btipPosition":[19.1425,68.9139,82.93],"carpPosition":[56.2621,110.117,112.146],"dipPosition":[18.847,66.5037,65.8075],"direction":[-0.287056,-0.22219,0.931789],"extended":false,"handId":800,"id":8003,"length":59.6348,"mcpPosition":[51.6686,103.122,52.2062],"pipPosition":[26.2074,72.2009,41.9156],"stabilizedTipPosition":[18.9845,68.2805,79.6575],"timeVisible":1.81292,"tipPosition":[20.194,69.7349,78.6626],"tipVelocity":[11.2156,-5.25988,-4.12961],"tool":false,"touchDistance":0.333333,"touchZone":"none","type":3,"width":18.217},{"bases":[[[0.638834,-0.753398,0.15583],[0.766468,0.640752,-0.044312],[-0.0664639,0.147747,0.986789]],[[0.641523,-0.767092,0.00432077],[0.226131,0.183726,-0.956613],[0.733016,0.614667,0.291328]],[[0.641523,-0.767092,0.00432077],[-0.67912,-0.570553,-0.461806],[0.356712,0.293325,-0.886971]],[[0.641523,-0.767092,0.00432077],[-0.766924,-0.64124,0.0252845],[-0.0166249,-0.0195343,-0.999671]]],"btipPosition":[36.3785,64.665,79.9894],"carpPosition":[62.8378,98.0579,112.802],"dipPosition":[36.1132,64.3533,64.0403],"direction":[-0.356712,-0.293325,0.886971],"extended":false,"handId":800,"id":8004,"length":46.7525,"mcpPosition":[66.5614,89.7806,57.5177],"pipPosition":[42.571,69.6636,47.983],"stabilizedTipPosition":[36.0832,64.6561,76.5804],"timeVisible":1.81292,"tipPosition":[36.3219,66.3082,74.736],"tipVelocity":[11.1258,-3.43508,-5.41853],"tool":false,"touchDistance":0.333333,"touchZone":"none","type":4,"width":16.1818}],"r":[[0.739015,0.597469,0.311267],[-0.618909,0.784609,-0.0366122],[-0.266097,-0.165589,0.949617]],"s":1.18313,"t":[11.2296,-65.2656,-11.9254],"timestamp":747376361150},{"currentFrameRate":112.791,"devices":[],"gestures":[],"hands":[{"armBasis":[[0.7672,-0.415699,-0.488466],[0.498094,0.865935,0.0453851],[0.404113,-0.278121,0.871402]],"armWidth":63.4054,"confidence":1,"direction":[-0.109742,0.0741369,-0.991191],"elbow":[160.936,26.8999,370.253],"grabAngle":2.41141,"grabStrength":0,"id":800,"palmNormal":[-0.494514,-0.869109,-0.0102542],"palmPosition":[35.916,107.038,72.3567],"palmVelocity":[4.99694,-3.0347,-8.7814],"palmWidth":87.9125,"pinchDistance":58.5167,"pinchStrength":0.772442,"r":[[0.7387,0.597936,0.311119],[-0.619409,0.78422,-0.0365],[-0.26581,-0.165747,0.94967]],"s":1.18286,"sphereCenter":[45.9892,50.4804,51.2011],"sphereRadius":59.674,"stabilizedPalmPosition":[35.6658,106.021,72.1557],"t":[11.2678,-65.2922,-11.997],"timeVisible":1.82119,"type":"right","wrist":[55.516,99.4528,142.933]}],"id":1366620,"interactionBox":{"center":[0,200,0],"size":[235.247,235.247,147.751]},"pointables":[{"bases":[[[0.831547,-0.469643,-0.296588],[0.45152,0.882515,-0.131517],[0.32351,-0.0245529,0.945906]],[[0.889925,-0.43476,0.137903],[0.445977,0.892803,-0.0633101],[-0.0955956,0.117843,0.98842]],[[0.889925,-0.43476,0.137903],[0.452132,0.880712,-0.141151],[-0.060086,0.187964,0.980336]],[[0.889925,-0.43476,0.137903],[0.451324,0.795707,-0.403927],[0.0658811,0.421704,0.904337]]],"btipPosition":[17.5448,106.912,-23.9099],"carpPosition":[36.4365,120.727,118.865],"dipPosition":[18.5867,113.581,-9.60836],"direction":[0.060086,-0.187964,-0.980336],"extended":true,"handId":800,"id":8001,"length":54.432,"mcpPosition":[13.441,122.472,51.6291],"pipPosition":[17.2424,117.786,12.3238],"stabilizedTipPosition":[17.7263,108.436,-20.5895],"timeVisible":1.82119,"tipPosition":[15.2722,107.292,-19.4869],"tipVelocity":[18.4656,7.95782,-9.30094],"tool":false,"touchDistance":0.333333,"touchZone":"hovering","type":1,"width":19.4926},{"bases":[[[0.767845,0.595036,-0.237374],[-0.429922,0.753315,0.497678],[0.474954,-0.280087,0.834248]],[[0.648368,0.641201,-0.410464],[-0.647899,0.747836,0.144803],[0.399808,0.172054,0.900306]],[[0.648368,0.641201,-0.410464],[-0.700877,0.713247,0.00708444],[0.297305,0.283092,0.911849]],[[0.648368,0.641201,-0.410464],[-0.758046,0.593714,-0.269946],[0.0706088,0.486175,0.871004]]],"btipPosition":[-8.6847,79.588,38.8822],"carpPosition":[21.5098,107.352,129.948],"dipPosition":[-7.15515,90.1196,57.7501],"direction":[-0.297305,-0.283092,-0.911849],"extended":false,"handId":800,"id":8000,"length":48.2387,"mcpPosition":[21.5098,107.352,129.948],"pipPosition":[2.22741,99.0536,86.5269],"stabilizedTipPosition":[-8.35863,82.0406,43.2575],"timeVisible":1.82119,"tipPosition":[-8.3889,82.3855,43.685],"tipVelocity":[0.804459,-0.157894,-5.62272],"tool":false,"touchDistance":0.316797,"touchZone":"hovering","type":0,"width":20.4068},{"bases":[[[0.778371,-0.612162,-0.139271],[0.592596,0.789658,-0.158966],[0.207289,0.0412034,0.977412]],[[0.7894,-0.60859,-0.0804107],[0.128554,0.29197,-0.947748],[0.600268,0.737816,0.308718]],[[0.7894,-0.60859,-0.0804107],[-0.56933,-0.676817,-0.46667],[0.229587,0.41417,-0.880768]],[[0.7894,-0.60859,-0.0804107],[-0.596645,-0.791448,0.132759],[-0.144437,-0.0568232,-0.987881]]],"btipPosition":[2.49732,71.0576,75.3268],"carpPosition":[46.7813,116.665,114.62],"dipPosition":[-0.0149854,70.0692,58.1437],"direction":[-0.229587,-0.41417,0.880768],"extended":false,"handId":800,"id":8002,"length":62.0209,"mcpPosition":[32.8083,113.887,48.7346],"pipPosition":[6.02789,80.9704,34.9614],"stabilizedTipPosition":[1.59316,70.2196,71.9914],"timeVisible":1.82119,"tipPosition":[3.43355,72.9019,73.0496],"tipVelocity":[8.67633,1.09013,-4.1123],"tool":false,"touchDistance":0.333333,"touchZone":"none","type":2,"width":19.1443},{"bases":[[[0.753489,-0.657201,0.0184638],[0.652999,0.744815,-0.137272],[0.0764629,0.11549,0.990361]],[[0.756719,-0.649093,0.0778166],[0.21903,0.139576,-0.965683],[0.615957,0.747795,0.247791]],[[0.756719,-0.649093,0.0778166],[-0.587927,-0.72775,-0.35316],[0.285865,0.221493,-0.932321]],[[0.756719,-0.649093,0.0778166],[-0.653502,-0.747849,0.116866],[-0.0176615,-0.139288,-0.990094]]],"btipPosition":[19.201,68.9034,82.9047],"carpPosition":[56.3261,110.089,112.062],"dipPosition":[18.8956,66.4946,65.7822],"direction":[-0.285865,-0.221493,0.932321],"extended":false,"handId":800,"id":8003,"length":59.6348,"mcpPosition":[51.6985,103.099,52.1242],"pipPosition":[26.2254,72.1738,41.8767],"stabilizedTipPosition":[18.9928,68.2844,79.6185],"timeVisible":1.82119,"tipPosition":[20.237,69.7044,78.5965],"tipVelocity":[6.80306,-1.23477,-3.05196],"tool":false,"touchDistance":0.333333,"touchZone":"none","type":3,"width":18.217},{"bases":[[[0.638954,-0.753387,0.155389],[0.766417,0.640787,-0.0446897],[-0.0659026,0.147647,0.986842]],[[0.641559,-0.767063,0.00397678],[0.225023,0.183244,-0.956967],[0.733326,0.614846,0.290169]],[[0.641559,-0.767063,0.00397678],[-0.679714,-0.570889,-0.460516],[0.355516,0.292745,-0.887642]],[[0.641559,-0.767063,0.00397678],[-0.766878,-0.64127,0.0258958],[-0.0173135,-0.0196634,-0.999657]]],"btipPosition":[36.4344,64.6493,79.9473],"carpPosition":[62.9027,98.0299,112.713],"dipPosition":[36.1582,64.3355,63.9984],"direction":[-0.355516,-0.292745,0.887642],"extended":false,"handId":800,"id":8004,"length":46.7525,"mcpPosition":[66.5948,89.7582,57.4257],"pipPosition":[42.5943,69.6353,47.929],"stabilizedTipPosition":[36.1304,64.6431,76.531],"timeVisible":1.82119,"tipPosition":[36.3662,66.2787,74.6631],"tipVelocity":[6.46172,-1.95977,-5.08281],"tool":false,"touchDistance":0.333333,"touchZone":"none","type":4,"width":16.1818}],"r":[[0.7387,0.597936,0.311119],[-0.619409,0.78422,-0.0365],[-0.26581,-0.165747,0.94967]],"s":1.18286,"t":[11.2678,-65.2922,-11.997],"timestamp":747376369420},{"currentFrameRate":112.964,"devices":[],"gestures":[],"hands":[{"armBasis":[[0.767454,-0.414955,-0.4887],[0.496339,0.867052,0.0432371],[0.405786,-0.275743,0.87138]],"armWidth":63.4054,"confidence":1,"direction":[-0.109937,0.0748687,-0.991115],"elbow":[161.463,27.4998,370.164],"grabAngle":2.41178,"grabStrength":0,"id":800,"palmNormal":[-0.493026,-0.869945,-0.0110277],"palmPosition":[35.9763,107.023,72.2792],"palmVelocity":[7.05802,-1.78351,-9.06715],"palmWidth":87.9125,"pinchDistance":58.5247,"pinchStrength":0.771434,"r":[[0.738247,0.598504,0.311102],[-0.620077,0.783703,-0.0362562],[-0.265511,-0.166141,0.949685]],"s":1.18283,"sphereCenter":[46.21,50.4706,51.0757],"sphereRadius":59.7152,"stabilizedPalmPosition":[35.6678,106.027,72.1565],"t":[11.3171,-65.3132,-12.0715],"timeVisible":1.82975,"type":"right","wrist":[55.6059,99.4323,142.849]}],"id":1366621,"interactionBox":{"center":[0,200,0],"size":[235.247,235.247,147.751]},"pointables":[{"bases":[[[0.83233,-0.467943,-0.29708],[0.449999,0.883409,-0.130728],[0.323616,-0.0248768,0.945861]],[[0.890572,-0.433076,0.139021],[0.444329,0.893689,-0.0623818],[-0.0972257,0.117327,0.988323]],[[0.890572,-0.433076,0.139021],[0.450554,0.881831,-0.139193],[-0.0623123,0.186598,0.980458]],[[0.890572,-0.433076,0.139021],[0.450464,0.797486,-0.40137],[0.0629561,0.420073,0.905304]]],"btipPosition":[17.7382,106.954,-23.9857],"carpPosition":[36.4766,120.669,118.8],"dipPosition":[18.7338,113.597,-9.6689],"direction":[0.0623123,-0.186598,-0.980458],"extended":true,"handId":800,"id":8001,"length":54.432,"mcpPosition":[13.4735,122.437,51.5674],"pipPosition":[17.3398,117.772,12.2659],"stabilizedTipPosition":[17.8941,108.468,-20.6615],"timeVisible":1.82975,"tipPosition":[15.3487,107.336,-19.5726],"tipVelocity":[21.3738,4.25837,-8.4564],"tool":false,"touchDistance":0.333333,"touchZone":"hovering","type":1,"width":19.4926},{"bases":[[[0.766809,0.59657,-0.236874],[-0.431177,0.752116,0.498405],[0.47549,-0.280047,0.833956]],[[0.647233,0.642692,-0.409921],[-0.649138,0.746602,0.145619],[0.399636,0.171846,0.900422]],[[0.647233,0.642692,-0.409921],[-0.701993,0.712137,0.00812789],[0.297144,0.282501,0.912085]],[[0.647233,0.642692,-0.409921],[-0.759226,0.59167,-0.271113],[0.068296,0.486696,0.870898]]],"btipPosition":[-8.55745,79.5119,38.7951],"carpPosition":[21.5736,107.258,129.872],"dipPosition":[-7.07801,90.0549,57.6608],"direction":[-0.297144,-0.282501,-0.912085],"extended":false,"handId":800,"id":8000,"length":48.2387,"mcpPosition":[21.5736,107.258,129.872],"pipPosition":[2.29949,98.9703,86.445],"stabilizedTipPosition":[-8.2885,81.9891,43.1964],"timeVisible":1.82975,"tipPosition":[-8.28814,82.3205,43.5869],"tipVelocity":[13.5318,-8.58577,-10.2363],"tool":false,"touchDistance":0.315338,"touchZone":"hovering","type":0,"width":20.4068},{"bases":[[[0.779408,-0.610699,-0.139891],[0.591232,0.790819,-0.158273],[0.207286,0.0406512,0.977435]],[[0.790436,-0.607162,-0.0810286],[0.127339,0.292268,-0.947821],[0.599163,0.738873,0.308334]],[[0.790436,-0.607162,-0.0810286],[-0.568643,-0.678158,-0.465562],[0.227721,0.414073,-0.881298]],[[0.790436,-0.607162,-0.0810286],[-0.595037,-0.792496,0.13372],[-0.145404,-0.0574816,-0.987701]]],"btipPosition":[2.65955,71.0257,75.2837],"carpPosition":[46.8281,116.629,114.551],"dipPosition":[0.130414,70.0259,58.1039],"direction":[-0.227721,-0.414073,0.881298],"extended":false,"handId":800,"id":8002,"length":62.0209,"mcpPosition":[32.8553,113.889,48.6636],"pipPosition":[6.12418,80.9245,34.9075],"stabilizedTipPosition":[1.61064,70.2403,71.9676],"timeVisible":1.82975,"tipPosition":[3.54418,72.819,72.9335],"tipVelocity":[18.5172,-4.03242,-4.94547],"tool":false,"touchDistance":0.333333,"touchZone":"none","type":2,"width":19.1443},{"bases":[[[0.754615,-0.655926,0.0178031],[0.651713,0.746059,-0.136624],[0.0763331,0.114701,0.990463]],[[0.757834,-0.647868,0.0771632],[0.217708,0.139609,-0.965977],[0.615053,0.74885,0.246847]],[[0.757834,-0.647868,0.0771632],[-0.587222,-0.728831,-0.352102],[0.284355,0.221523,-0.932775]],[[0.757834,-0.647868,0.0771632],[-0.652198,-0.748959,0.117041],[-0.0180352,-0.139024,-0.990125]]],"btipPosition":[19.3493,68.8849,82.8737],"carpPosition":[56.3839,110.072,111.986],"dipPosition":[19.0374,66.4807,65.7507],"direction":[-0.284355,-0.221523,0.932775],"extended":false,"handId":800,"id":8003,"length":59.6348,"mcpPosition":[51.7642,103.13,52.0419],"pipPosition":[26.3285,72.1607,41.8335],"stabilizedTipPosition":[19.0111,68.2875,79.5746],"timeVisible":1.82975,"tipPosition":[20.3553,69.6488,78.488],"tipVelocity":[17.1604,-2.03243,-3.64157],"tool":false,"touchDistance":0.333333,"touchZone":"none","type":3,"width":18.217},{"bases":[[[0.640253,-0.752436,0.154647],[0.765316,0.64214,-0.0441464],[-0.0660874,0.146618,0.986983]],[[0.642878,-0.765961,0.00340479],[0.223636,0.183444,-0.957254],[0.732595,0.616159,0.289228]],[[0.642878,-0.765961,0.00340479],[-0.679263,-0.572154,-0.459611],[0.353992,0.293161,-0.888114]],[[0.642878,-0.765961,0.00340479],[-0.765758,-0.64259,0.0263033],[-0.0179595,-0.0195171,-0.999648]]],"btipPosition":[36.5851,64.6476,79.8908],"carpPosition":[62.9812,98.0235,112.625],"dipPosition":[36.2986,64.3362,63.9421],"direction":[-0.353992,-0.293161,0.888114],"extended":false,"handId":800,"id":8004,"length":46.7525,"mcpPosition":[66.6837,89.8093,57.3301],"pipPosition":[42.7071,69.6435,47.8641],"stabilizedTipPosition":[36.2002,64.6311,76.4756],"timeVisible":1.82975,"tipPosition":[36.4966,66.2549,74.5549],"tipVelocity":[17.3418,-0.130231,-6.59697],"tool":false,"touchDistance":0.333333,"touchZone":"none","type":4,"width":16.1818}],"r":[[0.738247,0.598504,0.311102],[-0.620077,0.783703,-0.0362562],[-0.265511,-0.166141,0.949685]],"s":1.18283,"t":[11.3171,-65.3132,-12.0715],"timestamp":747376377972},{"currentFrameRate":113.046,"devices":[],"gestures":[],"hands":[{"armBasis":[[0.767605,-0.414096,-0.48919],[0.495017,0.867862,0.0421105],[0.407111,-0.274482,0.87116]],"armWidth":63.4054,"confidence":1,"direction":[-0.109948,0.0758919,-0.991036],"elbow":[161.896,27.7871,370.021],"grabAngle":2.41274,"grabStrength":0,"id":800,"palmNormal":[-0.491912,-0.870561,-0.0120922],"palmPosition":[36.0494,107.02,72.2008],"palmVelocity":[8.39943,-0.326208,-9.00347],"palmWidth":87.9125,"pinchDistance":58.544,"pinchStrength":0.76945,"r":[[0.737726,0.599074,0.311242],[-0.62081,0.783139,-0.0358879],[-0.265245,-0.166747,0.949653]],"s":1.18307,"sphereCenter":[46.4378,50.4656,50.9353],"sphereRadius":59.7745,"stabilizedPalmPosition":[35.6701,106.033,72.1568],"t":[11.3783,-65.3251,-12.148],"timeVisible":1.83845,"type":"right","wrist":[55.6937,99.3905,142.763]}],"id":1366622,"interactionBox":{"center":[0,200,0],"size":[235.247,235.247,147.751]},"pointables":[{"bases":[[[0.832953,-0.466529,-0.297556],[0.448881,0.884136,-0.129651],[0.323567,-0.0255737,0.94586]],[[0.890995,-0.431787,0.140315],[0.443034,0.894439,-0.060824],[-0.0992406,0.116358,0.988237]],[[0.890995,-0.431787,0.140315],[0.449389,0.882741,-0.137175],[-0.0646318,0.185279,0.980558]],[[0.890995,-0.431787,0.140315],[0.450015,0.798985,-0.398886],[0.0601237,0.418549,0.906202]]],"btipPosition":[17.9702,107.039,-24.061],"carpPosition":[36.5283,120.612,118.738],"dipPosition":[18.9211,113.658,-9.72995],"direction":[0.0646318,-0.185279,-0.980558],"extended":true,"handId":800,"id":8001,"length":54.432,"mcpPosition":[13.5287,122.43,51.5052],"pipPosition":[17.4751,117.803,12.2071],"stabilizedTipPosition":[18.1035,108.534,-20.7349],"timeVisible":1.83845,"tipPosition":[15.4553,107.426,-19.6628],"tipVelocity":[25.4716,9.10684,-8.26964],"tool":false,"touchDistance":0.333333,"touchZone":"hovering","type":1,"width":19.4926},{"bases":[[[0.766066,0.597827,-0.236106],[-0.432181,0.750978,0.49925],[0.475776,-0.280418,0.833668]],[[0.646417,0.644007,-0.409145],[-0.649982,0.745646,0.146749],[0.399585,0.171076,0.900592]],[[0.646417,0.644007,-0.409145],[-0.702643,0.711475,0.00976267],[0.297384,0.281172,0.912417]],[[0.646417,0.644007,-0.409145],[-0.760101,0.59013,-0.272018],[0.0662671,0.486829,0.87098]]],"btipPosition":[-8.45073,79.4993,38.6953],"carpPosition":[21.6415,107.169,129.792],"dipPosition":[-7.01523,90.0451,57.5627],"direction":[-0.297384,-0.281172,-0.912417],"extended":false,"handId":800,"id":8000,"length":48.2387,"mcpPosition":[21.6415,107.169,129.792],"pipPosition":[2.36983,98.9186,86.3575],"stabilizedTipPosition":[-8.21365,81.9605,43.1244],"timeVisible":1.83845,"tipPosition":[-8.18086,82.2943,43.4751],"tipVelocity":[11.1001,-1.3772,-11.4236],"tool":false,"touchDistance":0.313681,"touchZone":"hovering","type":0,"width":20.4068},{"bases":[[[0.780201,-0.609537,-0.14054],[0.590234,0.791759,-0.157293],[0.20715,0.0397683,0.977501]],[[0.791218,-0.606056,-0.0816724],[0.126084,0.292354,-0.947962],[0.598395,0.739747,0.30773]],[[0.791218,-0.606056,-0.0816724],[-0.568283,-0.67934,-0.464276],[0.225893,0.413756,-0.881917]],[[0.791218,-0.606056,-0.0816724],[-0.59373,-0.793293,0.134801],[-0.146487,-0.058166,-0.987501]]],"btipPosition":[2.82712,71.0278,75.253],"carpPosition":[46.8853,116.59,114.485],"dipPosition":[0.279154,70.0161,58.0766],"direction":[-0.225893,-0.413756,0.881917],"extended":false,"handId":800,"id":8002,"length":62.0209,"mcpPosition":[32.9217,113.91,48.593],"pipPosition":[6.22481,80.9064,34.8639],"stabilizedTipPosition":[1.6353,70.262,71.9416],"timeVisible":1.83845,"tipPosition":[3.65041,72.7592,72.8009],"tipVelocity":[18.7551,-0.0687385,-3.44469],"tool":false,"touchDistance":0.333333,"touchZone":"none","type":2,"width":19.1443},{"bases":[[[0.755451,-0.654981,0.0170989],[0.65077,0.747052,-0.135691],[0.0761013,0.113635,0.990604]],[[0.758655,-0.646989,0.0764687],[0.21619,0.139287,-0.966365],[0.614576,0.74967,0.245544]],[[0.758655,-0.646989,0.0764687],[-0.586998,-0.729746,-0.350578],[0.282623,0.221081,-0.933406]],[[0.758655,-0.646989,0.0764687],[-0.651221,-0.749714,0.117644],[-0.0187844,-0.139049,-0.990107]]],"btipPosition":[19.5062,68.9039,82.8619],"carpPosition":[56.4497,110.048,111.913],"dipPosition":[19.1813,66.4992,65.7392],"direction":[-0.282623,-0.221081,0.933406],"extended":false,"handId":800,"id":8003,"length":59.6348,"mcpPosition":[51.844,103.171,51.9604],"pipPosition":[26.428,72.168,41.8058],"stabilizedTipPosition":[19.0413,68.2921,79.5278],"timeVisible":1.83845,"tipPosition":[20.4668,69.608,78.3691],"tipVelocity":[17.6842,2.16977,-1.34593],"tool":false,"touchDistance":0.333333,"touchZone":"none","type":3,"width":18.217},{"bases":[[[0.641202,-0.751798,0.153819],[0.764498,0.643169,-0.0433255],[-0.0663596,0.145375,0.987149]],[[0.643864,-0.765134,0.00282436],[0.222039,0.183312,-0.957651],[0.732214,0.617225,0.287917]],[[0.643864,-0.765134,0.00282436],[-0.679326,-0.573347,-0.458027],[0.352072,0.292989,-0.888934]],[[0.643864,-0.765134,0.00282436],[-0.764903,-0.643569,0.0272445],[-0.019028,-0.0197021,-0.999625]]],"btipPosition":[36.7458,64.6728,79.8523],"carpPosition":[63.0624,98.0078,112.538],"dipPosition":[36.4422,64.3585,63.904],"direction":[-0.352072,-0.292989,0.888934],"extended":false,"handId":800,"id":8004,"length":46.7525,"mcpPosition":[66.7801,89.8633,57.2342],"pipPosition":[42.8159,69.6626,47.8111],"stabilizedTipPosition":[36.2941,64.625,76.4181],"timeVisible":1.83845,"tipPosition":[36.622,66.2393,74.4403],"tipVelocity":[18.0076,2.81505,-4.41369],"tool":false,"touchDistance":0.333333,"touchZone":"none","type":4,"width":16.1818}],"r":[[0.737726,0.599074,0.311242],[-0.62081,0.783139,-0.0358879],[-0.265245,-0.166747,0.949653]],"s":1.18307,"t":[11.3783,-65.3251,-12.148],"timestamp":747376386676},{"currentFrameRate":112.741,"devices":[],"gestures":[],"hands":[{"armBasis":[[0.767433,-0.413492,-0.48997],[0.494318,0.868291,0.0414806],[0.408285,-0.274035,0.870752]],"armWidth":63.4054,"confidence":1,"direction":[-0.109802,0.077238,-0.990948],"elbow":[162.279,27.8594,369.851],"grabAngle":2.41386,"grabStrength":0,"id":800,"palmNormal":[-0.491406,-0.870827,-0.013425],"palmPosition":[36.1228,107.049,72.1452],"palmVelocity":[7.80902,3.1258,-5.92038],"palmWidth":87.9125,"pinchDistance":58.5422,"pinchStrength":0.768535,"r":[[0.737227,0.599526,0.311553],[-0.621486,0.782625,-0.0353945],[-0.265049,-0.167532,0.949569]],"s":1.18339,"sphereCenter":[46.5895,50.5212,50.8116],"sphereRadius":59.7909,"stabilizedPalmPosition":[35.6734,106.041,72.1567],"t":[11.4456,-65.3163,-12.214],"timeVisible":1.84785,"type":"right","wrist":[55.7707,99.3462,142.7]}],"id":1366623,"interactionBox":{"center":[0,200,0],"size":[235.247,235.247,147.751]},"pointables":[{"bases":[[[0.83328,-0.465623,-0.29806],[0.448393,0.884579,-0.128307],[0.3234,-0.0267319,0.945885]],[[0.891123,-0.431226,0.141224],[0.442464,0.894798,-0.0596913],[-0.100627,0.115679,0.988176]],[[0.891123,-0.431226,0.141224],[0.448855,0.883355,-0.134959],[-0.0665537,0.183654,0.980735]],[[0.891123,-0.431226,0.141224],[0.450041,0.800144,-0.396525],[0.0579918,0.416909,0.907096]]],"btipPosition":[18.1705,107.174,-24.1147],"carpPosition":[36.5849,120.576,118.702],"dipPosition":[19.0876,113.767,-9.76953],"direction":[0.0665537,-0.183654,-0.980735],"extended":true,"handId":800,"id":8001,"length":54.432,"mcpPosition":[13.5972,122.476,51.4672],"pipPosition":[17.5987,117.876,12.1715],"stabilizedTipPosition":[18.3135,108.652,-20.7956],"timeVisible":1.84785,"tipPosition":[15.5657,107.582,-19.7293],"tipVelocity":[20.4841,13.7368,-5.37072],"tool":false,"touchDistance":0.333333,"touchZone":"hovering","type":1,"width":19.4926},{"bases":[[[0.765764,0.598606,-0.235108],[-0.432712,0.750017,0.500235],[0.475779,-0.281328,0.83336]],[[0.646118,0.644963,-0.408109],[-0.650425,0.745066,0.147728],[0.399348,0.169994,0.900901]],[[0.646118,0.644963,-0.408109],[-0.703075,0.711036,0.0105914],[0.297012,0.280088,0.912872]],[[0.646118,0.644963,-0.408109],[-0.760543,0.588957,-0.273322],[0.064076,0.486983,0.871058]]],"btipPosition":[-8.31779,79.5214,38.6061],"carpPosition":[21.7038,107.109,129.734],"dipPosition":[-6.92976,90.0706,57.4752],"direction":[-0.297012,-0.280088,-0.912872],"extended":false,"handId":800,"id":8000,"length":48.2387,"mcpPosition":[21.7038,107.109,129.734],"pipPosition":[2.44356,98.9098,86.2843],"stabilizedTipPosition":[-8.11634,81.9547,43.0437],"timeVisible":1.84785,"tipPosition":[-8.08743,82.338,43.3747],"tipVelocity":[12.9838,2.43518,-9.45266],"tool":false,"touchDistance":0.3122,"touchZone":"hovering","type":0,"width":20.4068},{"bases":[[[0.78058,-0.608885,-0.141257],[0.589805,0.792324,-0.156053],[0.20694,0.0384976,0.977596]],[[0.791585,-0.605481,-0.0823825],[0.125361,0.292865,-0.9479],[0.598062,0.740016,0.307731]],[[0.791585,-0.605481,-0.0823825],[-0.56828,-0.679888,-0.463476],[0.224615,0.413697,-0.882272]],[[0.791585,-0.605481,-0.0823825],[-0.59296,-0.793695,0.135819],[-0.147622,-0.058663,-0.987303]]],"btipPosition":[2.96928,71.0872,75.2124],"carpPosition":[46.945,116.566,114.445],"dipPosition":[0.401566,70.0668,58.0394],"direction":[-0.224615,-0.413697,0.882272],"extended":false,"handId":800,"id":8002,"length":62.0209,"mcpPosition":[32.9956,113.971,48.5466],"pipPosition":[6.31357,80.9556,34.8175],"stabilizedTipPosition":[1.66781,70.2879,71.9119],"timeVisible":1.84785,"tipPosition":[3.73475,72.7567,72.6811],"tipVelocity":[14.6432,6.10618,-4.23446],"tool":false,"touchDistance":0.333333,"touchZone":"none","type":2,"width":19.1443},{"bases":[[[0.755827,-0.654568,0.0163123],[0.650363,0.747621,-0.134503],[0.0758461,0.11227,0.990779]],[[0.759015,-0.646658,0.075694],[0.215071,0.139294,-0.966613],[0.614524,0.749954,0.244804]],[[0.759015,-0.646658,0.075694],[-0.587201,-0.730131,-0.349435],[0.281231,0.220779,-0.933898]],[[0.759015,-0.646658,0.075694],[-0.650779,-0.750038,0.118024],[-0.019548,-0.138842,-0.990122]]],"btipPosition":[19.6367,68.9637,82.8473],"carpPosition":[56.5138,110.033,111.866],"dipPosition":[19.2986,66.5626,65.7243],"direction":[-0.281231,-0.220779,0.933898],"extended":false,"handId":800,"id":8003,"length":59.6348,"mcpPosition":[51.9235,103.238,51.9023],"pipPosition":[26.5096,72.2235,41.7784],"stabilizedTipPosition":[19.0845,68.302,79.4762],"timeVisible":1.84785,"tipPosition":[20.553,69.6103,78.2623],"tipVelocity":[13.5647,6.44392,-1.55932],"tool":false,"touchDistance":0.333333,"touchZone":"none","type":3,"width":18.217},{"bases":[[[0.641608,-0.751645,0.152873],[0.764133,0.643672,-0.0422637],[-0.0666325,0.143932,0.987342]],[[0.644314,-0.764758,0.00209184],[0.220839,0.183439,-0.957904],[0.732181,0.617653,0.287081]],[[0.644314,-0.764758,0.00209184],[-0.679657,-0.573866,-0.456885],[0.350607,0.292956,-0.889523]],[[0.644314,-0.764758,0.00209184],[-0.764498,-0.644019,0.027973],[-0.0200454,-0.0196226,-0.999606]]],"btipPosition":[36.8758,64.7266,79.8159],"carpPosition":[63.1333,97.9954,112.475],"dipPosition":[36.556,64.4135,63.8679],"direction":[-0.350607,-0.292956,0.889523],"extended":false,"handId":800,"id":8004,"length":46.7525,"mcpPosition":[66.8663,89.9318,57.1601],"pipPosition":[42.9032,69.717,47.7644],"stabilizedTipPosition":[36.4078,64.6316,76.3576],"timeVisible":1.84785,"tipPosition":[36.7191,66.2562,74.3376],"tipVelocity":[13.436,5.75385,-3.86269],"tool":false,"touchDistance":0.333333,"touchZone":"none","type":4,"width":16.1818}],"r":[[0.737227,0.599526,0.31155