{"frames":71,"data":[{"currentFrameRate":114.205,"devices":[],"gestures":[],"hands":[{"armBasis":[[0.956968,0.142025,-0.253062],[0.0214953,0.834962,0.549888],[0.289395,-0.531665,0.795979]],"armWidth":67.7324,"confidence":1,"direction":[-0.107582,0.271659,-0.956362],"elbow":[123.702,70.2339,341.178],"grabAngle":0.433418,"grabStrength":0,"id":758,"palmNormal":[0.0114607,-0.961542,-0.27442],"palmPosition":[27.8202,232.893,54.8164],"palmVelocity":[-4.98794,-35.6176,-9.27038],"palmWidth":91.0266,"pinchDistance":59.7031,"pinchStrength":0,"r":[[0.715545,0.249909,0.652335],[-0.292449,0.955214,-0.0451556],[-0.634405,-0.158464,0.756584]],"s":0.879005,"sphereCenter":[37.7398,53.595,2.75727],"sphereRadius":188.193,"stabilizedPalmPosition":[27.9189,233.859,55.0595],"t":[74.5549,35.4183,-101.266],"timeVisible":6.71236,"type":"right","wrist":[45.5243,213.86,126.15]}],"id":1346784,"interactionBox":{"center":[0,200,0],"size":[235.247,235.247,147.751]},"pointables":[{"bases":[[[0.368792,0.929329,0.018458],[-0.76321,0.291415,0.576705],[0.530569,-0.226771,0.816744]],[[0.323837,0.94485,-0.0488781],[-0.749935,0.287843,0.595603],[0.576825,-0.156223,0.80179]],[[0.323837,0.94485,-0.0488781],[-0.926879,0.327194,0.183958],[0.189805,-0.0142683,0.981718]],[[0.323837,0.94485,-0.0488781],[-0.944014,0.319247,-0.0831854],[-0.0629935,0.0730801,0.995335]]],"btipPosition":[-20.135,216.875,17.466],"carpPosition":[13.3017,210.206,110.079],"dipPosition":[-21.5002,218.458,39.0377],"direction":[-0.189805,0.0142683,-0.981718],"extended":false,"handId":758,"id":7580,"length":48.262,"mcpPosition":[13.3017,210.206,110.079],"pipPosition":[-15.5073,218.008,70.0344],"stabilizedTipPosition":[-20.3973,218.2,22.5719],"timeVisible":6.71236,"tipPosition":[-20.8733,223.109,25.3564],"tipVelocity":[-0.399721,-45.6776,-3.27699],"tool":false,"touchDistance":0.31948,"touchZone":"hovering","type":0,"width":22.0802},{"bases":[[[0.961954,0.0855207,-0.259482],[-0.0518267,0.989621,0.134029],[0.268251,-0.115482,0.956402]],[[0.998633,0.0504426,0.0137043],[-0.0510651,0.997459,0.0496874],[-0.0111631,-0.0503193,0.998671]],[[0.998633,0.0504426,0.0137043],[-0.0490679,0.995012,-0.0868481],[-0.0180168,0.0860569,0.996127]],[[0.998633,0.0504426,0.0137043],[-0.0468334,0.979885,-0.193991],[-0.0232141,0.193084,0.980908]]],"btipPosition":[1.41701,237.773,-43.5485],"carpPosition":[19.9454,232.253,104.39],"dipPosition":[1.04971,240.828,-28.0286],"direction":[0.0180168,-0.0860569,-0.996127],"extended":true,"handId":758,"id":7581,"length":54.4583,"mcpPosition":[0.202321,240.752,33.9997],"pipPosition":[0.646446,242.754,-5.73241],"stabilizedTipPosition":[1.35872,239.127,-39.8847],"timeVisible":6.71236,"tipPosition":[4.23796,242.08,-39.9314],"tipVelocity":[-1.16826,-72.5921,-8.75413],"tool":false,"touchDistance":0.321433,"touchZone":"hovering","type":1,"width":21.091},{"bases":[[[0.983998,-0.100835,-0.146904],[0.117451,0.987057,0.109196],[0.133992,-0.124703,0.983105]],[[0.992925,-0.114789,-0.0303745],[0.115046,0.993337,0.00683672],[0.0293873,-0.0102828,0.999515]],[[0.992925,-0.114789,-0.0303745],[0.108768,0.981888,-0.155131],[0.0476317,0.150729,0.987427]],[[0.992925,-0.114789,-0.0303745],[0.101791,0.954585,-0.280011],[0.0611372,0.274938,0.959516]]],"btipPosition":[18.4419,235.458,-55.0382],"carpPosition":[31.424,235.049,100.893],"dipPosition":[19.5058,240.243,-38.3405],"direction":[-0.0476317,-0.150729,-0.987427],"extended":true,"handId":758,"id":7582,"length":62.0508,"mcpPosition":[22.0718,243.753,32.2757],"pipPosition":[20.7601,244.212,-12.3383],"stabilizedTipPosition":[18.7504,237.025,-51.062],"timeVisible":6.71236,"tipPosition":[19.5177,241.113,-51.6968],"tipVelocity":[-4.27307,-46.5128,-11.3889],"tool":false,"touchDistance":0.319847,"touchZone":"hovering","type":2,"width":20.7142},{"bases":[[[0.981318,-0.192207,-0.00844219],[0.191665,0.972852,0.129705],[-0.0167173,-0.1289,0.991517]],[[0.980743,-0.184792,-0.0632124],[0.183585,0.9827,-0.0244363],[0.0666345,0.0123609,0.997701]],[[0.980743,-0.184792,-0.0632124],[0.167086,0.961463,-0.218339],[0.101124,0.203573,0.973823]],[[0.980743,-0.184792,-0.0632124],[0.162952,0.952651,-0.256714],[0.107658,0.24147,0.964418]]],"btipPosition":[37.2904,232.973,-46.694],"carpPosition":[43.4567,234.807,98.388],"dipPosition":[39.1531,237.151,-30.0074],"direction":[-0.101124,-0.203573,-0.973823],"extended":true,"handId":758,"id":7583,"length":59.6635,"mcpPosition":[44.5043,242.885,36.2544],"pipPosition":[41.7472,242.373,-5.02569],"stabilizedTipPosition":[37.7896,234.282,-42.7652],"timeVisible":6.71236,"tipPosition":[37.3099,239.35,-43.3968],"tipVelocity":[-5.95024,-37.2217,-11.0386],"tool":false,"touchDistance":0.325326,"touchZone":"hovering","type":3,"width":19.7108},{"bases":[[[0.927539,-0.363918,0.0850576],[0.339727,0.915878,0.213898],[-0.155744,-0.169503,0.973146]],[[0.939623,-0.320553,-0.119813],[0.325367,0.94532,0.0225052],[0.106047,-0.0601296,0.992541]],[[0.939623,-0.320553,-0.119813],[0.279274,0.92062,-0.272883],[0.197776,0.222947,0.954557]],[[0.939623,-0.320553,-0.119813],[0.252557,0.885814,-0.389293],[0.230921,0.335529,0.913288]]],"btipPosition":[53.9092,229.87,-23.4356],"carpPosition":[55.6153,227.462,97.3822],"dipPosition":[57.5952,235.226,-8.85767],"direction":[-0.197776,-0.222947,-0.954557],"extended":true,"handId":758,"id":7584,"length":46.7751,"mcpPosition":[64.6498,237.295,40.9315],"pipPosition":[61.1774,239.264,8.43155],"stabilizedTipPosition":[54.8401,231.485,-19.9215],"timeVisible":6.71236,"tipPosition":[55.3353,237.807,-20.6491],"tipVelocity":[-4.2918,-27.3771,-12.2961],"tool":false,"touchDistance":0.327077,"touchZone":"hovering","type":4,"width":17.5087}],"r":[[0.715545,0.249909,0.652335],[-0.292449,0.955214,-0.0451556],[-0.634405,-0.158464,0.756584]],"s":0.879005,"t":[74.5549,35.4183,-101.266],"timestamp":747201438876},{"currentFrameRate":114.05,"devices":[],"gestures":[],"hands":[{"armBasis":[[0.956883,0.141171,-0.253861],[0.0218291,0.836538,0.547474],[0.289652,-0.52941,0.797387]],"armWidth":67.7212,"confidence":1,"direction":[-0.107587,0.270016,-0.956826],"elbow":[123.76,70.6688,341.437],"grabAngle":0.431426,"grabStrength":0,"id":758,"palmNormal":[0.0109872,-0.962031,-0.27272],"palmPosition":[27.8158,232.569,54.6961],"palmVelocity":[-0.490521,-35.8944,-13.3206],"palmWidth":91.0114,"pinchDistance":59.6576,"pinchStrength":0,"r":[[0.715691,0.250516,0.651941],[-0.29238,0.955192,-0.0460735],[-0.634271,-0.15764,0.756868]],"s":0.87855,"sphereCenter":[37.3168,51.587,2.78753],"sphereRadius":189.759,"stabilizedPalmPosition":[27.8961,233.574,54.9792],"t":[74.5311,35.0865,-101.372],"timeVisible":6.7214,"type":"right","wrist":[45.5225,213.667,126.056]}],"id":1346785,"interactionBox":{"center":[0,200,0],"size":[235.247,235.247,147.751]},"pointables":[{"bases":[[[0.369216,0.929192,0.0167651],[-0.763,0.292782,0.57629],[0.530575,-0.225567,0.817074]],[[0.324662,0.944507,-0.0500047],[-0.74942,0.289137,0.595625],[0.577031,-0.155903,0.801704]],[[0.324662,0.944507,-0.0500047],[-0.92671,0.328231,0.182958],[0.189218,-0.0130598,0.981848]],[[0.324662,0.944507,-0.0500047],[-0.943673,0.3199,-0.0845352],[-0.0638476,0.0746334,0.995165]]],"btipPosition":[-20.1094,216.569,17.3964],"carpPosition":[13.2962,209.989,109.994],"dipPosition":[-21.493,218.186,38.9615],"direction":[-0.189218,0.0130598,-0.981848],"extended":false,"handId":758,"id":7580,"length":48.2558,"mcpPosition":[13.2962,209.989,109.994],"pipPosition":[-15.5194,217.774,69.9584],"stabilizedTipPosition":[-20.4046,217.896,22.5198],"timeVisible":6.7214,"tipPosition":[-20.8838,222.726,25.2457],"tipVelocity":[2.35724,-32.981,-7.87357],"tool":false,"touchDistance":0.318295,"touchZone":"hovering","type":0,"width":22.0762},{"bases":[[[0.961958,0.0846243,-0.259761],[-0.0513591,0.98988,0.132285],[0.268327,-0.113912,0.956569]],[[0.998651,0.0498909,0.0143913],[-0.0505064,0.997657,0.0461547],[-0.0120549,-0.0468193,0.998831]],[[0.998651,0.0498909,0.0143913],[-0.0484081,0.994804,-0.0895598],[-0.0187848,0.0887423,0.995877]],[[0.998651,0.0498909,0.0143913],[-0.0461172,0.979573,-0.195732],[-0.0238626,0.194804,0.980552]]],"btipPosition":[1.47965,237.198,-43.6615],"carpPosition":[19.9475,232.02,104.263],"dipPosition":[1.10215,240.279,-28.1492],"direction":[0.0187848,-0.0887423,-0.995877],"extended":true,"handId":758,"id":7581,"length":54.4512,"mcpPosition":[0.202205,240.403,33.8718],"pipPosition":[0.681747,242.265,-5.86152],"stabilizedTipPosition":[1.37335,238.603,-39.9743],"timeVisible":6.7214,"tipPosition":[4.20307,241.57,-40.065],"tipVelocity":[6.67396,-63.0396,-12.7007],"tool":false,"touchDistance":0.31952,"touchZone":"hovering","type":1,"width":21.0872},{"bases":[[[0.983932,-0.101542,-0.146856],[0.117914,0.987195,0.107435],[0.134067,-0.123025,0.983306]],[[0.992871,-0.115308,-0.0301799],[0.115531,0.993287,0.00576759],[0.0293123,-0.0092132,0.999528]],[[0.992871,-0.115308,-0.0301799],[0.109374,0.982032,-0.15379],[0.0473708,0.149393,0.987643]],[[0.992871,-0.115308,-0.0301799],[0.102514,0.955294,-0.277317],[0.0608075,0.272246,0.960304]]],"btipPosition":[18.4566,235.13,-55.1827],"carpPosition":[31.4258,234.805,100.759],"dipPosition":[19.5146,239.867,-38.4735],"direction":[-0.0473708,-0.149393,-0.987643],"extended":true,"handId":758,"id":7582,"length":62.0428,"mcpPosition":[22.0701,243.39,32.1399],"pipPosition":[20.7619,243.801,-12.4689],"stabilizedTipPosition":[18.7309,236.714,-51.1691],"timeVisible":6.7214,"tipPosition":[19.4936,240.555,-51.8249],"tipVelocity":[1.47195,-37.4661,-15.7028],"tool":false,"touchDistance":0.317482,"touchZone":"hovering","type":2,"width":20.7105},{"bases":[[[0.98123,-0.192668,-0.00823243],[0.192124,0.972993,0.127959],[-0.0166434,-0.127139,0.991745]],[[0.980634,-0.185289,-0.0634469],[0.184112,0.982613,-0.0239672],[0.0667846,0.0118217,0.997697]],[[0.980634,-0.185289,-0.0634469],[0.167744,0.961822,-0.216242],[0.101092,0.201412,0.974276]],[[0.980634,-0.185289,-0.0634469],[0.163109,0.951975,-0.259111],[0.10841,0.243744,0.963761]]],"btipPosition":[37.2684,232.647,-46.8212],"carpPosition":[43.457,234.553,98.2541],"dipPosition":[39.1439,236.863,-30.1481],"direction":[-0.101092,-0.201412,-0.974276],"extended":true,"handId":758,"id":7583,"length":59.6558,"mcpPosition":[44.4998,242.519,36.1166],"pipPosition":[41.7369,242.03,-5.15804],"stabilizedTipPosition":[37.7491,233.982,-42.8649],"timeVisible":6.7214,"tipPosition":[37.3002,238.784,-43.5231],"tipVelocity":[-2.10744,-35.1307,-14.4227],"tool":false,"touchDistance":0.323154,"touchZone":"hovering","type":3,"width":19.7073},{"bases":[[[0.927385,-0.364188,0.0855781],[0.340172,0.916101,0.212233],[-0.155691,-0.16771,0.973465]],[[0.939416,-0.320933,-0.120415],[0.325864,0.945131,0.0232368],[0.10635,-0.0610678,0.992452]],[[0.939416,-0.320933,-0.120415],[0.280228,0.921351,-0.269417],[0.197409,0.219351,0.955466]],[[0.939416,-0.320933,-0.120415],[0.253276,0.886594,-0.387043],[0.230974,0.333097,0.914165]]],"btipPosition":[53.8975,229.639,-23.586],"carpPosition":[55.6109,227.202,97.2601],"dipPosition":[57.5839,234.956,-8.99597],"direction":[-0.197409,-0.219351,-0.955466],"extended":true,"handId":758,"id":7584,"length":46.7691,"mcpPosition":[64.6408,236.929,40.8002],"pipPosition":[61.1589,238.928,8.30746],"stabilizedTipPosition":[54.8086,231.278,-20.0241],"timeVisible":6.7214,"tipPosition":[55.3143,237.238,-20.7733],"tipVelocity":[-1.28524,-26.5236,-16.3387],"tool":false,"touchDistance":0.324617,"touchZone":"hovering","type":4,"width":17.5056}],"r":[[0.715691,0.250516,0.651941],[-0.29238,0.955192,-0.0460735],[-0.634271,-0.15764,0.756868]],"s":0.87855,"t":[74.5311,35.0865,-101.372],"timestamp":747201447911},{"currentFrameRate":114.474,"devices":[],"gestures":[],"hands":[{"armBasis":[[0.956852,0.141185,-0.253972],[0.0212271,0.837728,0.545675],[0.289801,-0.527521,0.798585]],"armWidth":67.709,"confidence":1,"direction":[-0.107707,0.268737,-0.957173],"elbow":[123.796,71.0787,341.636],"grabAngle":0.431469,"grabStrength":0,"id":758,"palmNormal":[0.0115576,-0.96237,-0.271497],"palmPosition":[27.8216,232.332,54.5909],"palmVelocity":[0.725385,-29.5798,-13.1273],"palmWidth":91.0073,"pinchDistance":59.605,"pinchStrength":0,"r":[[0.715774,0.25125,0.651568],[-0.292436,0.955127,-0.0470526],[-0.634152,-0.156863,0.75713]],"s":0.878024,"sphereCenter":[37.0863,50.7246,2.87947],"sphereRadius":190.303,"stabilizedPalmPosition":[27.8825,233.347,54.908],"t":[74.522,34.8022,-101.478],"timeVisible":6.7294,"type":"right","wrist":[45.5319,213.543,125.968]}],"id":1346786,"interactionBox":{"center":[0,200,0],"size":[235.247,235.247,147.751]},"pointables":[{"bases":[[[0.368675,0.929428,0.0155985],[-0.763193,0.29307,0.575888],[0.530675,-0.22422,0.81738]],[[0.324606,0.944502,-0.050475],[-0.749254,0.28934,0.595735],[0.577277,-0.155561,0.801593]],[[0.324606,0.944502,-0.050475],[-0.926873,0.328276,0.182046],[0.188512,-0.0123093,0.981994]],[[0.324606,0.944502,-0.050475],[-0.943631,0.31973,-0.0856355],[-0.0647446,0.0754275,0.995047]]],"btipPosition":[-20.0551,216.339,17.3297],"carpPosition":[13.3154,209.817,109.907],"dipPosition":[-21.4579,217.973,38.8885],"direction":[-0.188512,0.0123093,-0.981994],"extended":false,"handId":758,"id":7580,"length":48.2471,"mcpPosition":[13.3154,209.817,109.907],"pipPosition":[-15.5076,217.584,69.8843],"stabilizedTipPosition":[-20.3991,217.653,22.4722],"timeVisible":6.7294,"tipPosition":[-20.8683,222.39,25.1345],"tipVelocity":[6.23061,-28.2787,-8.50403],"tool":false,"touchDistance":0.31716,"touchZone":"hovering","type":0,"width":22.0721},{"bases":[[[0.961918,0.0848541,-0.259832],[-0.0519403,0.990017,0.131026],[0.268356,-0.11254,0.956723]],[[0.998617,0.05042,0.0148963],[-0.0510275,0.997741,0.0436943],[-0.0126596,-0.044394,0.998934]],[[0.998617,0.05042,0.0148963],[-0.0488453,0.994572,-0.0918719],[-0.0194477,0.0910172,0.995659]],[[0.998617,0.05042,0.0148963],[-0.0464866,0.979145,-0.197775],[-0.0245575,0.196809,0.980134]]],"btipPosition":[1.53598,236.738,-43.7528],"carpPosition":[19.9555,231.841,104.158],"dipPosition":[1.14755,239.851,-28.2499],"direction":[0.0194477,-0.0910172,-0.995659],"extended":true,"handId":758,"id":7581,"length":54.4414,"mcpPosition":[0.208882,240.122,33.7592],"pipPosition":[0.71239,241.888,-5.97109],"stabilizedTipPosition":[1.40078,238.173,-40.054],"timeVisible":6.7294,"tipPosition":[4.19001,241.176,-40.1824],"tipVelocity":[6.71881,-56.4461,-11.6676],"tool":false,"touchDistance":0.317963,"touchZone":"hovering","type":1,"width":21.0833},{"bases":[[[0.983997,-0.101156,-0.14669],[0.117336,0.987399,0.106185],[0.134101,-0.121697,0.983467]],[[0.99294,-0.114773,-0.0299551],[0.11496,0.993359,0.00461208],[0.0292269,-0.00802317,0.999541]],[[0.99294,-0.114773,-0.0299551],[0.108832,0.981938,-0.154767],[0.0471771,0.150414,0.987497]],[[0.99294,-0.114773,-0.0299551],[0.101983,0.954992,-0.278549],[0.0605767,0.273527,0.959955]]],"btipPosition":[18.4715,234.759,-55.273],"carpPosition":[31.4291,234.627,100.652],"dipPosition":[19.5253,239.517,-38.5728],"direction":[-0.0471771,-0.150414,-0.987497],"extended":true,"handId":758,"id":7582,"length":62.0316,"mcpPosition":[22.0714,243.119,32.0246],"pipPosition":[20.7673,243.477,-12.5768],"stabilizedTipPosition":[18.7251,236.423,-51.2581],"timeVisible":6.7294,"tipPosition":[19.4977,240.171,-51.9397],"tipVelocity":[1.74191,-45.7721,-11.5269],"tool":false,"touchDistance":0.315944,"touchZone":"hovering","type":2,"width":20.7066},{"bases":[[[0.981342,-0.192107,-0.00795074],[0.191553,0.973266,0.12673],[-0.0166075,-0.125888,0.991905]],[[0.980734,-0.184764,-0.063422],[0.183577,0.982709,-0.0241137],[0.0667808,0.0120063,0.997695]],[[0.980734,-0.184764,-0.063422],[0.167246,0.961933,-0.216132],[0.100941,0.201361,0.974302]],[[0.980734,-0.184764,-0.063422],[0.162193,0.951125,-0.262782],[0.108875,0.247432,0.962769]]],"btipPosition":[37.2636,232.326,-46.9037],"carpPosition":[43.4572,234.379,98.1473],"dipPosition":[39.1468,236.606,-30.2508],"direction":[-0.100941,-0.201361,-0.974302],"extended":true,"handId":758,"id":7583,"length":59.6451,"mcpPosition":[44.4977,242.266,36.0026],"pipPosition":[41.7355,241.77,-5.26455],"stabilizedTipPosition":[37.7286,233.719,-42.9466],"timeVisible":6.7294,"tipPosition":[37.3076,238.41,-43.6337],"tipVelocity":[-0.375472,-38.2489,-10.8806],"tool":false,"touchDistance":0.321701,"touchZone":"hovering","type":3,"width":19.7036},{"bases":[[[0.927594,-0.363539,0.0860756],[0.339631,0.916567,0.211082],[-0.155631,-0.166564,0.973671]],[[0.939585,-0.320414,-0.120477],[0.325412,0.945271,0.0238524],[0.106241,-0.061616,0.99243]],[[0.939585,-0.320414,-0.120477],[0.280142,0.921994,-0.267298],[0.196725,0.217398,0.956053]],[[0.939585,-0.320414,-0.120477],[0.253239,0.887422,-0.385165],[0.230326,0.331386,0.91495]]],"btipPosition":[53.9234,229.487,-23.7038],"carpPosition":[55.6125,227.035,97.1625],"dipPosition":[57.5987,234.775,-9.10386],"direction":[-0.196725,-0.217398,-0.956053],"extended":true,"handId":758,"id":7584,"length":46.7606,"mcpPosition":[64.6385,236.695,40.6933],"pipPosition":[61.1608,238.712,8.20709],"stabilizedTipPosition":[54.7981,231.126,-20.1092],"timeVisible":6.7294,"tipPosition":[55.3145,236.857,-20.8777],"tipVelocity":[2.91358,-19.7846,-14.4222],"tool":false,"touchDistance":0.322691,"touchZone":"hovering","type":4,"width":17.5023}],"r":[[0.715774,0.25125,0.651568],[-0.292436,0.955127,-0.0470526],[-0.634152,-0.156863,0.75713]],"s":0.878024,"t":[74.522,34.8022,-101.478],"timestamp":747201455920},{"currentFrameRate":114.199,"devices":[],"gestures":[],"hands":[{"armBasis":[[0.956864,0.141266,-0.253879],[0.0205125,0.838804,0.544046],[0.28981,-0.525786,0.799724]],"armWidth":67.7024,"confidence":1,"direction":[-0.108564,0.267563,-0.957405],"elbow":[123.866,71.4719,341.871],"grabAngle":0.433006,"grabStrength":0,"id":758,"palmNormal":[0.0124817,-0.962654,-0.270446],"palmPosition":[27.8422,232.144,54.5145],"palmVelocity":[2.23146,-20.3542,-8.28267],"palmWidth":91.002,"pinchDistance":59.5798,"pinchStrength":0,"r":[[0.71586,0.252142,0.651129],[-0.292701,0.954998,-0.0480118],[-0.633933,-0.156216,0.757447]],"s":0.877517,"sphereCenter":[37.0828,50.4848,3.00167],"sphereRadius":190.308,"stabilizedPalmPosition":[27.8747,233.116,54.8325],"t":[74.5278,34.5661,-101.569],"timeVisible":6.73863,"type":"right","wrist":[45.6022,213.461,125.904]}],"id":1346787,"interactionBox":{"center":[0,200,0],"size":[235.247,235.247,147.751]},"pointables":[{"bases":[[[0.367639,0.929858,0.0143627],[-0.763187,0.292845,0.57601],[0.531401,-0.222725,0.817317]],[[0.323739,0.944751,-0.0513743],[-0.748919,0.289059,0.596294],[0.578199,-0.154568,0.801121]],[[0.323739,0.944751,-0.0513743],[-0.927198,0.3276,0.181612],[0.188408,-0.0111608,0.982027]],[[0.323739,0.944751,-0.0513743],[-0.943881,0.318732,-0.0865968],[-0.0654378,0.076526,0.994918]]],"btipPosition":[-20.0024,216.087,17.3165],"carpPosition":[13.3941,209.675,109.862],"dipPosition":[-21.42,217.744,38.8702],"direction":[-0.188408,0.0111608,-0.982027],"extended":false,"handId":758,"id":7580,"length":48.2421,"mcpPosition":[13.3941,209.675,109.862],"pipPosition":[-15.4737,217.392,69.8639],"stabilizedTipPosition":[-20.3832,217.387,22.4277],"timeVisible":6.73863,"tipPosition":[-20.8519,222.098,25.0887],"tipVelocity":[5.34341,-26.7253,-1.56062],"tool":false,"touchDistance":0.31692,"touchZone":"hovering","type":0,"width":22.0695},{"bases":[[[0.961672,0.0856488,-0.260484],[-0.0529769,0.990102,0.129968],[0.269037,-0.111187,0.95669]],[[0.998565,0.0514996,0.0147039],[-0.0520753,0.997764,0.0418986],[-0.0125132,-0.0426042,0.999014]],[[0.998565,0.0514996,0.0147039],[-0.0498955,0.994316,-0.0940588],[-0.0194643,0.0931901,0.995458]],[[0.998565,0.0514996,0.0147039],[-0.0475238,0.978616,-0.200133],[-0.0246962,0.199147,0.979658]]],"btipPosition":[1.53361,236.34,-43.8039],"carpPosition":[20.0055,231.699,104.084],"dipPosition":[1.14302,239.489,-28.3101],"direction":[0.0194643,-0.0931901,-0.995458],"extended":true,"handId":758,"id":7581,"length":54.4358,"mcpPosition":[0.209905,239.88,33.6912],"pipPosition":[0.707538,241.574,-6.03814],"stabilizedTipPosition":[1.41793,237.731,-40.1283],"timeVisible":6.73863,"tipPosition":[4.13154,240.837,-40.2547],"tipVelocity":[-0.310616,-42.2765,-5.76827],"tool":false,"touchDistance":0.317076,"touchZone":"hovering","type":1,"width":21.0808},{"bases":[[[0.984024,-0.100212,-0.147151],[0.116287,0.987647,0.105031],[0.134808,-0.120465,0.983522]],[[0.993052,-0.113697,-0.0303392],[0.113861,0.99349,0.00371351],[0.0297195,-0.00714216,0.999533]],[[0.993052,-0.113697,-0.0303392],[0.107634,0.981816,-0.156371],[0.0475665,0.152019,0.987232]],[[0.993052,-0.113697,-0.0303392],[0.100674,0.954349,-0.281217],[0.0609278,0.276209,0.959164]]],"btipPosition":[18.4291,234.412,-55.3268],"carpPosition":[31.4736,234.494,100.568],"dipPosition":[19.489,239.217,-38.6421],"direction":[-0.0475665,-0.152019,-0.987232],"extended":true,"handId":758,"id":7582,"length":62.0252,"mcpPosition":[22.0671,242.899,31.9407],"pipPosition":[20.7411,243.218,-12.6557],"stabilizedTipPosition":[18.706,236.09,-51.343],"timeVisible":6.73863,"tipPosition":[19.4463,239.849,-52.0188],"tipVelocity":[-4.43768,-36.4476,-6.22066],"tool":false,"touchDistance":0.314987,"touchZone":"hovering","type":2,"width":20.7042},{"bases":[[[0.981552,-0.191013,-0.00831014],[0.190532,0.97362,0.125549],[-0.0158905,-0.124816,0.992053]],[[0.9809,-0.183718,-0.0638944],[0.18252,0.982905,-0.0241631],[0.0672414,0.0120396,0.997664]],[[0.9809,-0.183718,-0.0638944],[0.166029,0.961941,-0.217036],[0.101336,0.202282,0.97407]],[[0.9809,-0.183718,-0.0638944],[0.160423,0.949863,-0.268375],[0.109996,0.252999,0.961193]]],"btipPosition":[37.2137,232.016,-46.9568],"carpPosition":[43.5001,234.257,98.0568],"dipPosition":[39.1161,236.391,-30.3329],"direction":[-0.101336,-0.202282,-0.97407],"extended":true,"handId":758,"id":7583,"length":59.6389,"mcpPosition":[44.4956,242.076,35.9064],"pipPosition":[41.7146,241.578,-5.35518],"stabilizedTipPosition":[37.6963,233.428,-43.0245],"timeVisible":6.73863,"tipPosition":[37.265,238.116,-43.7213],"tipVelocity":[-4.93409,-31.2309,-6.48244],"tool":false,"touchDistance":0.320705,"touchZone":"hovering","type":3,"width":19.7013},{"bases":[[[0.928052,-0.362402,0.0859357],[0.338723,0.91718,0.209877],[-0.154878,-0.165668,0.973944]],[[0.939865,-0.319437,-0.12089],[0.324533,0.945555,0.024581],[0.106456,-0.0623355,0.992362]],[[0.939865,-0.319437,-0.12089],[0.279389,0.922641,-0.26585],[0.19646,0.216087,0.956405]],[[0.939865,-0.319437,-0.12089],[0.252229,0.887803,-0.38495],[0.230294,0.331309,0.914986]]],"btipPosition":[53.9287,229.375,-23.8039],"carpPosition":[55.6626,226.925,97.0731],"dipPosition":[57.6031,234.661,-9.20485],"direction":[-0.19646,-0.216087,-0.956405],"extended":true,"handId":758,"id":7584,"length":46.7558,"mcpPosition":[64.6444,236.533,40.5913],"pipPosition":[61.16,238.573,8.11068],"stabilizedTipPosition":[54.792,230.993,-20.1933],"timeVisible":6.73863,"tipPosition":[55.2818,236.565,-20.9704],"tipVelocity":[0.552563,-12.2557,-10.8679],"tool":false,"touchDistance":0.32102,"touchZone":"hovering","type":4,"width":17.5002}],"r":[[0.71586,0.252142,0.651129],[-0.292701,0.954998,-0.0480118],[-0.633933,-0.156216,0.757447]],"s":0.877517,"t":[74.5278,34.5661,-101.569],"timestamp":747201465147},{"currentFrameRate":114.358,"devices":[],"gestures":[],"hands":[{"armBasis":[[0.956828,0.140859,-0.254241],[0.0206099,0.839638,0.542756],[0.289922,-0.524564,0.800486]],"armWidth":67.696,"confidence":1,"direction":[-0.108555,0.264657,-0.958213],"elbow":[123.94,71.8184,342.035],"grabAngle":0.431811,"grabStrength":0,"id":758,"palmNormal":[0.0125454,-0.963468,-0.267529],"palmPosition":[27.891,231.948,54.4394],"palmVelocity":[5.75648,-23.1004,-8.86309],"palmWidth":91.0035,"pinchDistance":59.5805,"pinchStrength":0,"r":[[0.715921,0.253257,0.650629],[-0.292924,0.954861,-0.0493589],[-0.63376,-0.155248,0.75779]],"s":0.877109,"sphereCenter":[36.911,49.1274,3.35003],"sphereRadius":191.32,"stabilizedPalmPosition":[27.8774,232.921,54.767],"t":[74.5551,34.3502,-101.652],"timeVisible":6.7471,"type":"right","wrist":[45.6508,213.469,125.875]}],"id":1346788,"interactionBox":{"center":[0,200,0],"size":[235.247,235.247,147.751]},"pointables":[{"bases":[[[0.367584,0.929919,0.0115565],[-0.76322,0.294543,0.5751],[0.531392,-0.220218,0.818001]],[[0.323945,0.944542,-0.0538473],[-0.748573,0.290707,0.595926],[0.578531,-0.152738,0.801232]],[[0.323945,0.944542,-0.0538473],[-0.927269,0.328283,0.180007],[0.187702,-0.00838156,0.98219]],[[0.323945,0.944542,-0.0538473],[-0.943717,0.318596,-0.0888588],[-0.0667754,0.0796019,0.994588]]],"btipPosition":[-19.9162,215.813,17.3087],"carpPosition":[13.4436,209.647,109.851],"dipPosition":[-21.3627,217.537,38.8535],"direction":[-0.187702,0.00838156,-0.98219],"extended":false,"handId":758,"id":7580,"length":48.2381,"mcpPosition":[13.4436,209.647,109.851],"pipPosition":[-15.4391,217.273,69.8498],"stabilizedTipPosition":[-20.3562,217.149,22.3947],"timeVisible":6.7471,"tipPosition":[-20.7999,221.791,25.0334],"tipVelocity":[9.3907,-30.4894,-1.16003],"tool":false,"touchDistance":0.316756,"touchZone":"hovering","type":0,"width":22.0671},{"bases":[[[0.961673,0.0849162,-0.260717],[-0.0530386,0.990488,0.126968],[0.269019,-0.108273,0.95703]],[[0.998557,0.0515304,0.0151363],[-0.0520818,0.997896,0.0386243],[-0.0131142,-0.0393568,0.999139]],[[0.998557,0.0515304,0.0151363],[-0.0498356,0.994079,-0.0965624],[-0.0200226,0.0956687,0.995212]],[[0.998557,0.0515304,0.0151363],[-0.0474088,0.978149,-0.202429],[-0.0252368,0.201419,0.97918]]],"btipPosition":[1.6289,235.859,-43.8873],"carpPosition":[20.0549,231.652,104.012],"dipPosition":[1.2298,239.044,-28.4024],"direction":[0.0200226,-0.0956687,-0.995212],"extended":true,"handId":758,"id":7581,"length":54.4313,"mcpPosition":[0.260368,239.619,33.5933],"pipPosition":[0.781857,241.184,-6.13779],"stabilizedTipPosition":[1.46053,237.323,-40.1989],"timeVisible":6.7471,"tipPosition":[4.17454,240.342,-40.3562],"tipVelocity":[11.0166,-55.818,-10.091],"tool":false,"touchDistance":0.315651,"touchZone":"hovering","type":1,"width":21.0785},{"bases":[[[0.984034,-0.100599,-0.146821],[0.116226,0.987967,0.102043],[0.134789,-0.117478,0.983886]],[[0.99306,-0.113731,-0.0299647],[0.113829,0.993499,0.00159223],[0.0295888,-0.00499203,0.99955]],[[0.99306,-0.113731,-0.0299647],[0.107666,0.981622,-0.157562],[0.0473336,0.153242,0.987054]],[[0.99306,-0.113731,-0.0299647],[0.100743,0.954027,-0.282283],[0.0606914,0.277305,0.958863]]],"btipPosition":[18.4946,234,-55.4168],"carpPosition":[31.5215,234.437,100.488],"dipPosition":[19.5502,238.824,-38.7388],"direction":[-0.0473336,-0.153242,-0.987054],"extended":true,"handId":758,"id":7582,"length":62.0201,"mcpPosition":[22.1161,242.634,31.8343],"pipPosition":[20.7961,242.857,-12.7592],"stabilizedTipPosition":[18.7164,235.766,-51.4218],"timeVisible":6.7471,"tipPosition":[19.4918,239.299,-52.113],"tipVelocity":[7.60984,-48.0717,-10.806],"tool":false,"touchDistance":0.313461,"touchZone":"hovering","type":2,"width":20.7019},{"bases":[[[0.981564,-0.19098,-0.00770599],[0.190472,0.974006,0.122605],[-0.0159093,-0.121812,0.992426]],[[0.980903,-0.183819,-0.0635683],[0.182542,0.98287,-0.025381],[0.0671449,0.0132924,0.997655]],[[0.980903,-0.183819,-0.0635683],[0.166141,0.961804,-0.217556],[0.101131,0.20284,0.973976]],[[0.980903,-0.183819,-0.0635683],[0.16005,0.948548,-0.273203],[0.110517,0.257812,0.959854]]],"btipPosition":[37.2622,231.615,-47.0276],"carpPosition":[43.5466,234.193,97.9775],"dipPosition":[39.1735,236.074,-30.4282],"direction":[-0.101131,-0.20284,-0.973976],"extended":true,"handId":758,"id":7583,"length":59.634,"mcpPosition":[44.5433,241.824,35.8028],"pipPosition":[41.7665,241.275,-5.45495],"stabilizedTipPosition":[37.6984,233.133,-43.094],"timeVisible":6.7471,"tipPosition":[37.3188,237.587,-43.8094],"tipVelocity":[5.96994,-44.9897,-9.01628],"tool":false,"touchDistance":0.319431,"touchZone":"hovering","type":3,"width":19.6992},{"bases":[[[0.928071,-0.362086,0.0870571],[0.338663,0.917831,0.207107],[-0.154894,-0.162727,0.974437]],[[0.939859,-0.319598,-0.120509],[0.32461,0.945543,0.0240118],[0.106272,-0.0616861,0.992422]],[[0.939859,-0.319598,-0.120509],[0.27999,0.922962,-0.264096],[0.19563,0.214472,0.956938]],[[0.939859,-0.319598,-0.120509],[0.252825,0.888175,-0.383699],[0.229662,0.330155,0.915562]]],"btipPosition":[54.0074,229.166,-23.9059],"carpPosition":[55.7082,226.86,97.016],"dipPosition":[57.6715,234.433,-9.29892],"direction":[-0.19563,-0.214472,-0.956938],"extended":true,"handId":758,"id":7584,"length":46.752,"mcpPosition":[64.6911,236.297,40.5048],"pipPosition":[61.2131,238.316,8.02484],"stabilizedTipPosition":[54.8048,230.857,-20.2708],"timeVisible":6.7471,"tipPosition":[55.3256,236.062,-21.0507],"tipVelocity":[9.01182,-25.1796,-11.8284],"tool":false,"touchDistance":0.31935,"touchZone":"hovering","type":4,"width":17.4984}],"r":[[0.715921,0.253257,0.650629],[-0.292924,0.954861,-0.0493589],[-0.63376,-0.155248,0.75779]],"s":0.877109,"t":[74.5551,34.3502,-101.652],"timestamp":747201473619},{"currentFrameRate":114.567,"devices":[],"gestures":[],"hands":[{"armBasis":[[0.956765,0.141548,-0.254095],[0.0196619,0.840124,0.542039],[0.290196,-0.5236,0.801018]],"armWidth":67.6949,"confidence":1,"direction":[-0.108196,0.26238,-0.95888],"elbow":[124.051,72.1078,342.152],"grabAngle":0.43017,"grabStrength":0,"id":758,"palmNormal":[0.0135852,-0.964062,-0.265331],"palmPosition":[27.9506,231.815,54.3624],"palmVelocity":[7.11764,-15.9504,-9.19715],"palmWidth":91.0056,"pinchDistance":59.6082,"pinchStrength":0,"r":[[0.715843,0.254574,0.650201],[-0.293269,0.954674,-0.0509069],[-0.633689,-0.154243,0.758055]],"s":0.876815,"sphereCenter":[36.8443,47.8664,3.56216],"sphereRadius":192.347,"stabilizedPalmPosition":[27.8884,232.755,54.7063],"t":[74.5985,34.1755,-101.733],"timeVisible":6.75548,"type":"right","wrist":[45.6866,213.501,125.845]}],"id":1346789,"interactionBox":{"center":[0,200,0],"size":[235.247,235.247,147.751]},"pointables":[{"bases":[[[0.366734,0.930275,0.00967165],[-0.763845,0.295157,0.573954],[0.53108,-0.217876,0.818831]],[[0.323606,0.944587,-0.055086],[-0.748572,0.291192,0.595691],[0.578723,-0.151533,0.801322]],[[0.323606,0.944587,-0.055086],[-0.927577,0.328192,0.178577],[0.18676,-0.00669202,0.982383]],[[0.323606,0.944587,-0.055086],[-0.943729,0.318017,-0.0907813],[-0.0682326,0.0813635,0.994346]]],"btipPosition":[-19.8197,215.641,17.2723],"carpPosition":[13.4885,209.626,109.816],"dipPosition":[-21.2976,217.403,38.8101],"direction":[-0.18676,0.00669202,-0.982383],"extended":false,"handId":758,"id":7580,"length":48.2343,"mcpPosition":[13.4885,209.626,109.816],"pipPosition":[-15.4042,217.192,69.8101],"stabilizedTipPosition":[-20.3188,216.94,22.3626],"timeVisible":6.75548,"tipPosition":[-20.7093,221.513,24.9325],"tipVelocity":[10.6658,-19.5494,-4.54463],"tool":false,"touchDistance":0.316122,"touchZone":"hovering","type":0,"width":22.0665},{"bases":[[[0.961759,0.0851958,-0.26031],[-0.054015,0.990725,0.124683],[0.268519,-0.105854,0.957441]],[[0.998493,0.052374,0.0164041],[-0.0529441,0.99793,0.0365002],[-0.0144585,-0.0373137,0.999199]],[[0.998493,0.052374,0.0164041],[-0.0505378,0.993969,-0.0973231],[-0.0214023,0.0963474,0.995118]],[[0.998493,0.052374,0.0164041],[-0.0479698,0.978045,-0.202796],[-0.0266652,0.201704,0.979084]]],"btipPosition":[1.80094,235.552,-43.9919],"carpPosition":[20.0838,231.624,103.932],"dipPosition":[1.37929,238.742,-28.5098],"direction":[0.0214023,-0.0963474,-0.995118],"extended":true,"handId":758,"id":7581,"length":54.4271,"mcpPosition":[0.325615,239.413,33.4814],"pipPosition":[0.900515,240.897,-6.24898],"stabilizedTipPosition":[1.54146,236.978,-40.2761],"timeVisible":6.75548,"tipPosition":[4.27121,239.951,-40.4666],"tipVelocity":[19.9301,-36.4938,-12.5698],"tool":false,"touchDistance":0.313897,"touchZone":"hovering","type":1,"width":21.0779},{"bases":[[[0.984216,-0.10004,-0.145979],[0.115268,0.988301,0.0998695],[0.134281,-0.11512,0.984234]],[[0.993182,-0.112903,-0.0290366],[0.112955,0.9936,0.000156836],[0.0288331,-0.00343559,0.999578]],[[0.993182,-0.112903,-0.0290366],[0.106971,0.98163,-0.157986],[0.0463403,0.153803,0.987014]],[[0.993182,-0.112903,-0.0290366],[0.100199,0.954055,-0.282381],[0.0595841,0.277546,0.958863]]],"btipPosition":[18.6379,233.723,-55.5154],"carpPosition":[31.5502,234.411,100.409],"dipPosition":[19.6742,238.55,-38.8386],"direction":[-0.0463403,-0.153803,-0.987014],"extended":true,"handId":758,"id":7582,"length":62.0153,"mcpPosition":[22.1801,242.444,31.7291],"pipPosition":[20.8938,242.598,-12.8622],"stabilizedTipPosition":[18.7661,235.476,-51.502],"timeVisible":6.75548,"tipPosition":[19.6061,238.887,-52.2079],"tipVelocity":[16.5912,-33.0662,-11.8105],"tool":false,"touchDistance":0.311813,"touchZone":"hovering","type":2,"width":20.7013},{"bases":[[[0.981741,-0.190106,-0.00666047],[0.189513,0.974455,0.120509],[-0.0164192,-0.119571,0.99269]],[[0.981097,-0.183037,-0.0628109],[0.181722,0.983004,-0.0260998],[0.0665206,0.0141923,0.997684]],[[0.981097,-0.183037,-0.0628109],[0.165528,0.961907,-0.217566],[0.100241,0.203057,0.974022]],[[0.981097,-0.183037,-0.0628109],[0.159046,0.94759,-0.277088],[0.110236,0.261861,0.958789]]],"btipPosition":[37.3788,231.343,-47.0944],"carpPosition":[43.5772,234.173,97.9063],"dipPosition":[39.2851,235.871,-30.5148],"direction":[-0.100241,-0.203057,-0.974022],"extended":true,"handId":758,"id":7583,"length":59.6293,"mcpPosition":[44.6058,241.664,35.7135],"pipPosition":[41.8551,241.077,-5.54226],"stabilizedTipPosition":[37.7405,232.868,-43.1603],"timeVisible":6.75548,"tipPosition":[37.437,237.21,-43.8894],"tipVelocity":[13.7911,-30.652,-8.52661],"tool":false,"touchDistance":0.318242,"touchZone":"hovering","type":3,"width":19.6986},{"bases":[[[0.928344,-0.361045,0.0884579],[0.337702,0.918606,0.205231],[-0.155356,-0.160653,0.974708]],[[0.940191,-0.318849,-0.119903],[0.323851,0.945796,0.0243166],[0.105651,-0.061693,0.992488]],[[0.940191,-0.318849,-0.119903],[0.279922,0.923731,-0.261466],[0.194127,0.212265,0.957736]],[[0.940191,-0.318849,-0.119903],[0.252891,0.889135,-0.381426],[0.228227,0.328291,0.91659]]],"btipPosition":[54.1437,229.104,-23.998],"carpPosition":[55.7462,226.848,96.9689],"dipPosition":[57.7845,234.342,-9.37577],"direction":[-0.194127,-0.212265,-0.957736],"extended":true,"handId":758,"id":7584,"length":46.7483,"mcpPosition":[64.7561,236.165,40.4406],"pipPosition":[61.2986,238.184,7.96108],"stabilizedTipPosition":[54.8398,230.749,-20.3431],"timeVisible":6.75548,"tipPosition":[55.4223,235.705,-21.113],"tipVelocity":[15.6332,-8.14942,-10.5834],"tool":false,"touchDistance":0.317873,"touchZone":"hovering","type":4,"width":17.4978}],"r":[[0.715843,0.254574,0.650201],[-0.293269,0.954674,-0.0509069],[-0.633689,-0.154243,0.758055]],"s":0.876815,"t":[74.5985,34.1755,-101.733],"timestamp":747201481991},{"currentFrameRate":114.368,"devices":[],"gestures":[],"hands":[{"armBasis":[[0.956682,0.141856,-0.254237],[0.0191967,0.840624,0.541278],[0.290502,-0.522712,0.801487]],"armWidth":67.6959,"confidence":1,"direction":[-0.107332,0.25987,-0.95966],"elbow":[124.163,72.3501,342.249],"grabAngle":0.428598,"grabStrength":0,"id":758,"palmNormal":[0.0139883,-0.964746,-0.262812],"palmPosition":[28.031,231.648,54.2715],"palmVelocity":[8.85892,-18.4192,-10.0071],"palmWidth":91.0061,"pinchDistance":59.6299,"pinchStrength":0,"r":[[0.715649,0.255987,0.649859],[-0.293567,0.954485,-0.0526965],[-0.63377,-0.153065,0.758226]],"s":0.876622,"sphereCenter":[36.6546,46.4946,3.81189],"sphereRadius":193.434,"stabilizedPalmPosition":[27.9095,232.592,54.6421],"t":[74.6604,34.0045,-101.818],"timeVisible":6.76456,"type":"right","wrist":[45.7144,213.506,125.811]}],"id":1346790,"interactionBox":{"center":[0,200,0],"size":[235.247,235.247,147.751]},"pointables":[{"bases":[[[0.366578,0.930356,0.00760021],[-0.764433,0.296524,0.572464],[0.530342,-0.215662,0.819895]],[[0.324103,0.944341,-0.0563616],[-0.74849,0.292409,0.595198],[0.57855,-0.150719,0.8016]],[[0.324103,0.944341,-0.0563616],[-0.927608,0.328928,0.177057],[0.185741,-0.00510326,0.982585]],[[0.324103,0.944341,-0.0563616],[-0.943481,0.318295,-0.0923666],[-0.069286,0.0831124,0.994129]]],"btipPosition":[-19.7251,215.486,17.2143],"carpPosition":[13.5198,209.6,109.77],"dipPosition":[-21.2257,217.286,38.7457],"direction":[-0.185741,0.00510326,-0.982585],"extended":false,"handId":758,"id":7580,"length":48.2304,"mcpPosition":[13.5198,209.6,109.77],"pipPosition":[-15.365,217.125,69.7495],"stabilizedTipPosition":[-20.2717,216.743,22.3255],"timeVisible":6.76456,"tipPosition":[-20.5952,221.218,24.8014],"tipVelocity":[9.83743,-16.0348,-6.54639],"tool":false,"touchDistance":0.315131,"touchZone":"hovering","type":0,"width":22.0667},{"bases":[[[0.961991,0.0846739,-0.259624],[-0.0542895,0.991037,0.122057],[0.267632,-0.103323,0.957965]],[[0.99846,0.0524846,0.0179572],[-0.0530704,0.998016,0.0338731],[-0.0161437,-0.034774,0.999265]],[[0.99846,0.0524846,0.0179572],[-0.0504657,0.993834,-0.0987327],[-0.0230284,0.0976745,0.994952]],[[0.99846,0.0524846,0.0179572],[-0.0477393,0.977874,-0.203676],[-0.0282497,0.202505,0.978874]]],"btipPosition":[2.02757,235.183,-44.1183],"carpPosition":[20.117,231.585,103.834],"dipPosition":[1.5809,238.385,-28.6407],"direction":[0.0230284,-0.0976745,-0.994952],"extended":true,"handId":758,"id":7581,"length":54.4226,"mcpPosition":[0.42394,239.187,33.3443],"pipPosition":[1.0658,240.57,-6.38545],"stabilizedTipPosition":[1.66922,236.626,-40.3702],"timeVisible":6.76456,"tipPosition":[4.42767,239.516,-40.6004],"tipVelocity":[24.3179,-40.2963,-14.0257],"tool":false,"touchDistance":0.311774,"touchZone":"hovering","type":1,"width":21.0782},{"bases":[[[0.98437,-0.100261,-0.14479],[0.115017,0.988576,0.0974097],[0.13337,-0.112541,0.984656]],[[0.993228,-0.112827,-0.027714],[0.112835,0.993613,-0.00129075],[0.0276826,-0.0018451,0.999615]],[[0.993228,-0.112827,-0.027714],[0.107097,0.981605,-0.158055],[0.0450372,0.154016,0.987041]],[[0.993228,-0.112827,-0.027714],[0.100529,0.954186,-0.281823],[0.0582416,0.277128,0.959066]]],"btipPosition":[18.8472,233.427,-55.6385],"carpPosition":[31.5867,234.364,100.314],"dipPosition":[19.8601,238.247,-38.9596],"direction":[-0.0450372,-0.154016,-0.987041],"extended":true,"handId":758,"id":7582,"length":62.0102,"mcpPosition":[22.2801,242.218,31.6047],"pipPosition":[21.0453,242.3,-12.9846],"stabilizedTipPosition":[18.8644,235.181,-51.596],"timeVisible":6.76456,"tipPosition":[19.779,238.403,-52.3194],"tipVelocity":[22.4444,-32.7176,-13.501],"tool":false,"touchDistance":0.30977,"touchZone":"hovering","type":2,"width":20.7015},{"bases":[[[0.981777,-0.189965,-0.00524045],[0.189245,0.974795,0.118155],[-0.017337,-0.116994,0.992981]],[[0.981174,-0.183006,-0.0616897],[0.181659,0.982996,-0.0268164],[0.0655482,0.0151051,0.997735]],[[0.981174,-0.183006,-0.0616897],[0.165713,0.961845,-0.217701],[0.0991764,0.20338,0.974064]],[[0.981174,-0.183006,-0.0616897],[0.158778,0.946257,-0.281757],[0.109937,0.266658,0.957501]]],"btipPosition":[37.549,231.002,-47.1697],"carpPosition":[43.6165,234.121,97.8237],"dipPosition":[39.4499,235.612,-30.6137],"direction":[-0.0991764,-0.20338,-0.974064],"extended":true,"handId":758,"id":7583,"length":59.6244,"mcpPosition":[44.7027,241.451,35.6123],"pipPosition":[41.9924,240.826,-5.64212],"stabilizedTipPosition":[37.8291,232.577,-43.233],"timeVisible":6.76456,"tipPosition":[37.6117,236.758,-43.9809],"tipVelocity":[18.5982,-35.4511,-8.88217],"tool":false,"touchDistance":0.316897,"touchZone":"hovering","type":3,"width":19.6988},{"bases":[[[0.928317,-0.360665,0.0902714],[0.337363,0.919191,0.203162],[-0.15625,-0.158145,0.974975]],[[0.94032,-0.318829,-0.118942],[0.323794,0.945809,0.0245383],[0.104673,-0.0615865,0.992598]],[[0.94032,-0.318829,-0.118942],[0.280568,0.924173,-0.259202],[0.192564,0.210361,0.958471]],[[0.94032,-0.318829,-0.118942],[0.253594,0.88962,-0.379823],[0.226912,0.326992,0.917381]]],"btipPosition":[54.3196,228.959,-24.09],"carpPosition":[55.788,226.796,96.917],"dipPosition":[57.9392,234.175,-9.45635],"direction":[-0.192564,-0.210361,-0.958471],"extended":true,"handId":758,"id":7584,"length":46.7445,"mcpPosition":[64.8498,235.968,40.3729],"pipPosition":[61.4246,237.983,7.89238],"stabilizedTipPosition":[54.9037,230.628,-20.4211],"time