{"frames":114,"data":[{"currentFrameRate":105.91,"devices":[],"gestures":[],"hands":[{"armBasis":[[-0.0322671,-0.994199,-0.102597],[0.93805,0.00530846,-0.34646],[0.344994,-0.107421,0.932437]],"armWidth":60.3619,"confidence":1,"direction":[-0.12877,0.203052,-0.970664],"elbow":[65.2694,86.1801,366.75],"grabAngle":0.267618,"grabStrength":0,"id":781,"palmNormal":[-0.989423,0.039609,0.139544],"palmPosition":[-34.8808,133.007,70.2334],"palmVelocity":[-0.173832,-4.20726,-1.24864],"palmWidth":83.5863,"pinchDistance":60.0983,"pinchStrength":0,"r":[[0.459422,-0.296728,0.837188],[0.875153,-0.00984883,-0.483746],[0.151786,0.954911,0.255157]],"s":0.974307,"sphereCenter":[-130.479,99.7425,51.9925],"sphereRadius":106.875,"stabilizedPalmPosition":[-37.7259,136.01,72.9085],"t":[18.8085,-30.1411,-6.58483],"timeVisible":2.39352,"type":"right","wrist":[-20.2997,112.824,135.477]}],"id":1356102,"interactionBox":{"center":[0,200,0],"size":[235.247,235.247,147.751]},"pointables":[{"bases":[[[0.832967,-0.389497,-0.393011],[0.546484,0.690425,0.473992],[0.0867265,-0.609594,0.787956]],[[0.769347,-0.190289,-0.609832],[0.518619,0.743437,0.422297],[0.373013,-0.641164,0.670649]],[[0.769347,-0.190289,-0.609832],[0.35654,0.919999,0.162729],[0.530079,-0.342625,0.775645]],[[0.769347,-0.190289,-0.609832],[0.16743,0.981299,-0.0949756],[0.6165,-0.0290347,0.78682]]],"btipPosition":[-80.4743,182.37,52.9336],"carpPosition":[-32.6967,141.303,126.023],"dipPosition":[-66.8579,181.729,70.3118],"direction":[-0.530079,0.342625,-0.775645],"extended":false,"handId":781,"id":7810,"length":49.1837,"mcpPosition":[-32.6967,141.303,126.023],"pipPosition":[-49.8015,170.704,95.2697],"stabilizedTipPosition":[-78.2399,182.896,56.296],"timeVisible":2.39352,"tipPosition":[-79.3654,181.943,57.9094],"tipVelocity":[-3.20722,-4.98849,-1.00209],"tool":false,"touchDistance":0.250977,"touchZone":"hovering","type":0,"width":19.4377},{"bases":[[[-0.0874544,-0.930384,-0.356001],[0.961309,0.0148903,-0.275068],[0.26122,-0.366283,0.893085]],[[-0.0578665,-0.965343,-0.254489],[0.921861,0.0461728,-0.384761],[0.383176,-0.256869,0.88724]],[[-0.0578665,-0.965343,-0.254489],[0.79767,0.108578,-0.59324],[0.600312,-0.237327,0.763741]],[[-0.0578665,-0.965343,-0.254489],[0.716847,0.137241,-0.68359],[0.694826,-0.221987,0.684061]]],"btipPosition":[-74.7716,179.501,-12.2575],"carpPosition":[-16.6849,135.339,112.524],"dipPosition":[-63.5682,175.921,-1.22757],"direction":[-0.600312,0.237327,-0.763741],"extended":true,"handId":781,"id":7811,"length":55.4983,"mcpPosition":[-34.3391,160.093,52.1666],"pipPosition":[-49.8749,170.508,16.1936],"stabilizedTipPosition":[-72.1025,177.825,-9.82769],"timeVisible":2.39352,"tipPosition":[-73.1609,180.485,-7.3684],"tipVelocity":[-2.69741,-2.46638,0.840225],"tool":false,"touchDistance":-0.154056,"touchZone":"touching","type":1,"width":18.5669},{"bases":[[[-0.213948,-0.960132,-0.179925],[0.938187,-0.150662,-0.31162],[0.272088,-0.235474,0.933017]],[[-0.202446,-0.969095,-0.140962],[0.944351,-0.155082,-0.290088],[0.259263,-0.191845,0.946561]],[[-0.202446,-0.969095,-0.140962],[0.908571,-0.132162,-0.396273],[0.365397,-0.208298,0.907247]],[[-0.202446,-0.969095,-0.140962],[0.858323,-0.106289,-0.501981],[0.471485,-0.222615,0.853314]]],"btipPosition":[-63.7008,158.506,-34.7082],"carpPosition":[-16.3016,125.149,107.627],"dipPosition":[-55.3393,154.558,-19.5751],"direction":[-0.365397,0.208298,-0.907247],"extended":true,"handId":781,"id":7812,"length":63.2359,"mcpPosition":[-33.74,140.241,47.8292],"pipPosition":[-45.5334,148.968,4.77198],"stabilizedTipPosition":[-61.9532,157.155,-30.0216],"timeVisible":2.39352,"tipPosition":[-61.7579,159.528,-30.5032],"tipVelocity":[6.54461,-4.53765,-3.88654],"tool":false,"touchDistance":0.240774,"touchZone":"hovering","type":2,"width":18.2351},{"bases":[[[-0.241688,-0.970211,-0.0166566],[0.928699,-0.226304,-0.293777],[0.281256,-0.0864715,0.955729]],[[-0.257124,-0.963812,-0.0703823],[0.935969,-0.230245,-0.266364],[0.240519,-0.134364,0.961299]],[[-0.257124,-0.963812,-0.0703823],[0.906752,-0.215432,-0.362478],[0.334198,-0.157021,0.929331]],[[-0.257124,-0.963812,-0.0703823],[0.865759,-0.197382,-0.459894],[0.429359,-0.179184,0.88518]]],"btipPosition":[-60.767,132.326,-30.787],"carpPosition":[-18.1334,114.42,104.646],"dipPosition":[-53.1963,129.166,-15.179],"direction":[-0.334198,0.157021,-0.929331],"extended":true,"handId":781,"id":7813,"length":60.803,"mcpPosition":[-34.3177,119.396,49.6502],"pipPosition":[-44.4593,125.061,9.11665],"stabilizedTipPosition":[-59.3634,130.247,-25.7157],"timeVisible":2.39352,"tipPosition":[-59.9562,132.394,-26.4521],"tipVelocity":[7.85662,-6.39846,-4.06761],"tool":false,"touchDistance":0.276926,"touchZone":"hovering","type":3,"width":17.3519},{"bases":[[[-0.357615,-0.92288,0.142842],[0.900977,-0.381196,-0.207193],[0.245665,0.0546016,0.967816]],[[-0.381214,-0.923556,0.0414635],[0.911615,-0.382986,-0.149264],[0.153734,-0.019103,0.987928]],[[-0.381214,-0.923556,0.0414635],[0.88546,-0.377648,-0.270819],[0.265775,-0.0665258,0.961737]],[[-0.381214,-0.923556,0.0414635],[0.848577,-0.367359,-0.380742],[0.366868,-0.109959,0.923751]]],"btipPosition":[-54.4685,104.321,-11.7453],"carpPosition":[-25.3791,103.575,105.552],"dipPosition":[-48.5007,102.532,3.28125],"direction":[-0.265775,0.0665258,-0.961737],"extended":true,"handId":781,"id":7814,"length":47.6684,"mcpPosition":[-38.465,100.666,53.9998],"pipPosition":[-43.595,101.304,21.0332],"stabilizedTipPosition":[-53.7687,102.035,-6.34274],"timeVisible":2.39352,"tipPosition":[-55.2489,103.563,-7.44831],"tipVelocity":[6.85739,-8.4251,-2.92954],"tool":false,"touchDistance":0.274725,"touchZone":"hovering","type":4,"width":15.4133}],"r":[[0.459422,-0.296728,0.837188],[0.875153,-0.00984883,-0.483746],[0.151786,0.954911,0.255157]],"s":0.974307,"t":[18.8085,-30.1411,-6.58483],"timestamp":747283596780},{"currentFrameRate":106.327,"devices":[],"gestures":[],"hands":[{"armBasis":[[-0.0312666,-0.994309,-0.101839],[0.938134,0.00596064,-0.346222],[0.344859,-0.106364,0.932609]],"armWidth":60.3619,"confidence":1,"direction":[-0.129254,0.202794,-0.970653],"elbow":[65.2824,86.3058,366.729],"grabAngle":0.267178,"grabStrength":0,"id":781,"palmNormal":[-0.989414,0.0387608,0.13985],"palmPosition":[-34.8671,132.842,70.1695],"palmVelocity":[1.5774,-19.1292,-7.40122],"palmWidth":83.5863,"pinchDistance":60.1223,"pinchStrength":0,"r":[[0.459769,-0.296966,0.836913],[0.87501,-0.00934836,-0.484015],[0.15156,0.954842,0.25555]],"s":0.975281,"sphereCenter":[-130.218,99.5761,51.8813],"sphereRadius":106.675,"stabilizedPalmPosition":[-37.7206,136.004,72.9034],"t":[18.8163,-30.2594,-6.62076],"timeVisible":2.40216,"type":"right","wrist":[-20.2531,112.687,135.414]}],"id":1356103,"interactionBox":{"center":[0,200,0],"size":[235.247,235.247,147.751]},"pointables":[{"bases":[[[0.833185,-0.388824,-0.393216],[0.546026,0.690976,0.473717],[0.08751,-0.6094,0.788019]],[[0.769507,-0.190094,-0.609691],[0.518517,0.743288,0.422686],[0.372826,-0.641395,0.670532]],[[0.769507,-0.190094,-0.609691],[0.356192,0.920144,0.16267],[0.530081,-0.342343,0.775767]],[[0.769507,-0.190094,-0.609691],[0.167223,0.98134,-0.0949123],[0.616357,-0.0289187,0.786936]]],"btipPosition":[-80.4387,182.214,52.8666],"carpPosition":[-32.6728,141.148,125.957],"dipPosition":[-66.8255,181.575,70.2474],"direction":[-0.530081,0.342343,-0.775767],"extended":false,"handId":781,"id":7810,"length":49.1837,"mcpPosition":[-32.6728,141.148,125.957],"pipPosition":[-49.7691,170.56,95.2092],"stabilizedTipPosition":[-78.2358,182.892,56.2985],"timeVisible":2.40216,"tipPosition":[-79.3869,181.739,57.8467],"tipVelocity":[4.03147,-17.993,-7.6867],"tool":false,"touchDistance":0.24987,"touchZone":"hovering","type":0,"width":19.4377},{"bases":[[[-0.0867493,-0.930514,-0.355835],[0.961209,0.0156936,-0.275373],[0.261823,-0.36592,0.893057]],[[-0.0570368,-0.965491,-0.254115],[0.922137,0.046604,-0.384045],[0.382635,-0.256233,0.887657]],[[-0.0570368,-0.965491,-0.254115],[0.797773,0.108956,-0.593031],[0.600254,-0.236551,0.764028]],[[-0.0570368,-0.965491,-0.254115],[0.715562,0.137963,-0.68479],[0.696217,-0.220893,0.682999]]],"btipPosition":[-74.7866,179.272,-12.3319],"carpPosition":[-16.66,135.196,112.454],"dipPosition":[-63.5607,175.71,-1.31916],"direction":[-0.600254,0.236551,-0.764028],"extended":true,"handId":781,"id":7811,"length":55.4983,"mcpPosition":[-34.3549,159.926,52.0984],"pipPosition":[-49.8688,170.315,16.1085],"stabilizedTipPosition":[-72.1044,177.837,-9.82714],"timeVisible":2.40216,"tipPosition":[-73.2101,180.269,-7.43495],"tipVelocity":[-1.13948,-25.9916,-9.07804],"tool":false,"touchDistance":-0.155363,"touchZone":"touching","type":1,"width":18.5669},{"bases":[[[-0.213162,-0.960346,-0.179715],[0.93822,-0.149884,-0.311893],[0.272589,-0.235096,0.932966]],[[-0.201554,-0.969352,-0.14047],[0.944494,-0.15436,-0.290009],[0.259438,-0.191126,0.946659]],[[-0.201554,-0.969352,-0.14047],[0.908911,-0.131651,-0.395662],[0.365043,-0.207422,0.90759]],[[-0.201554,-0.969352,-0.14047],[0.858795,-0.10593,-0.501249],[0.471007,-0.221664,0.853825]]],"btipPosition":[-63.6906,158.265,-34.7963],"carpPosition":[-16.2693,125.006,107.559],"dipPosition":[-55.3375,154.334,-19.6541],"direction":[-0.365043,0.207422,-0.90759],"extended":true,"handId":781,"id":7812,"length":63.2359,"mcpPosition":[-33.7398,140.074,47.7639],"pipPosition":[-45.5411,148.768,4.70218],"stabilizedTipPosition":[-61.9515,157.157,-30.0332],"timeVisible":2.40216,"tipPosition":[-61.7992,159.315,-30.5658],"tipVelocity":[0.958598,-27.4146,-9.95571],"tool":false,"touchDistance":0.239341,"touchZone":"hovering","type":2,"width":18.2351},{"bases":[[[-0.240841,-0.970425,-0.016436],[0.928805,-0.225532,-0.294036],[0.281633,-0.0860818,0.955653]],[[-0.256276,-0.96406,-0.0700756],[0.936153,-0.229497,-0.266361],[0.240705,-0.133863,0.961323]],[[-0.256276,-0.96406,-0.0700756],[0.907132,-0.214839,-0.361878],[0.333817,-0.156309,0.929588]],[[-0.256276,-0.96406,-0.0700756],[0.866251,-0.196899,-0.459173],[0.428873,-0.178378,0.885579]]],"btipPosition":[-60.7372,132.104,-30.8638],"carpPosition":[-18.0926,114.274,104.579],"dipPosition":[-53.1751,128.959,-15.2488],"direction":[-0.333817,0.156309,-0.929588],"extended":true,"handId":781,"id":7813,"length":60.803,"mcpPosition":[-34.2986,119.228,49.5881],"pipPosition":[-44.4481,124.872,9.05359],"stabilizedTipPosition":[-59.3599,130.258,-25.7308],"timeVisible":2.40216,"tipPosition":[-59.9692,132.189,-26.5106],"tipVelocity":[3.22064,-25.2946,-8.7049],"tool":false,"touchDistance":0.275672,"touchZone":"hovering","type":3,"width":17.3519},{"bases":[[[-0.356759,-0.923173,0.143092],[0.901247,-0.380436,-0.20742],[0.245922,0.0549617,0.96773]],[[-0.3804,-0.923883,0.0416748],[0.911929,-0.382214,-0.149327],[0.153889,-0.0187993,0.987909]],[[-0.3804,-0.923883,0.0416748],[0.885892,-0.376954,-0.270371],[0.265501,-0.0659296,0.961854]],[[-0.3804,-0.923883,0.0416748],[0.849097,-0.366756,-0.380163],[0.36651,-0.109228,0.92398]]],"btipPosition":[-54.4258,104.117,-11.8085],"carpPosition":[-25.3285,103.423,105.49],"dipPosition":[-48.4639,102.34,3.22173],"direction":[-0.265501,0.0659296,-0.961854],"extended":true,"handId":781,"id":7814,"length":47.6684,"mcpPosition":[-38.428,100.496,53.9418],"pipPosition":[-43.5632,101.123,20.9758],"stabilizedTipPosition":[-53.7609,102.053,-6.36467],"timeVisible":2.40216,"tipPosition":[-55.2296,103.369,-7.50309],"tipVelocity":[4.78268,-23.2808,-7.22402],"tool":false,"touchDistance":0.273685,"touchZone":"hovering","type":4,"width":15.4133}],"r":[[0.459769,-0.296966,0.836913],[0.87501,-0.00934836,-0.484015],[0.15156,0.954842,0.25555]],"s":0.975281,"t":[18.8163,-30.2594,-6.62076],"timestamp":747283605417},{"currentFrameRate":106.67,"devices":[],"gestures":[],"hands":[{"armBasis":[[-0.0305799,-0.994397,-0.101193],[0.938186,0.00636611,-0.346073],[0.344778,-0.10552,0.932734]],"armWidth":60.3619,"confidence":1,"direction":[-0.129828,0.202581,-0.970621],"elbow":[65.306,86.417,366.64],"grabAngle":0.26614,"grabStrength":0,"id":781,"palmNormal":[-0.989373,0.0381641,0.140302],"palmPosition":[-34.8603,132.721,70.0503],"palmVelocity":[0.783017,-13.844,-13.6306],"palmWidth":83.5863,"pinchDistance":60.1667,"pinchStrength":0,"r":[[0.460161,-0.297075,0.836659],[0.874851,-0.00885225,-0.48431],[0.151283,0.954813,0.255823]],"s":0.975937,"sphereCenter":[-130.064,99.4429,51.7464],"sphereRadius":106.565,"stabilizedPalmPosition":[-37.7155,135.998,72.8984],"t":[18.8237,-30.3791,-6.69834],"timeVisible":2.4109,"type":"right","wrist":[-20.2095,112.589,135.293]}],"id":1356104,"interactionBox":{"center":[0,200,0],"size":[235.247,235.247,147.751]},"pointables":[{"bases":[[[0.833245,-0.388359,-0.393548],[0.545815,0.691381,0.47337],[0.0882535,-0.609237,0.788062]],[[0.769633,-0.190308,-0.609465],[0.518826,0.742752,0.423247],[0.372134,-0.641952,0.670383]],[[0.769633,-0.190308,-0.609465],[0.356173,0.920192,0.162442],[0.529911,-0.342095,0.775993]],[[0.769633,-0.190308,-0.609465],[0.167279,0.981305,-0.0951758],[0.616184,-0.0287002,0.787079]]],"btipPosition":[-80.3702,182.115,52.7416],"carpPosition":[-32.6453,141.036,125.836],"dipPosition":[-66.7608,181.481,70.1256],"direction":[-0.529911,0.342095,-0.775993],"extended":false,"handId":781,"id":7810,"length":49.1837,"mcpPosition":[-32.6453,141.036,125.836],"pipPosition":[-49.7099,170.473,95.0947],"stabilizedTipPosition":[-78.2318,182.888,56.3002],"timeVisible":2.4109,"tipPosition":[-79.4001,181.591,57.7339],"tipVelocity":[7.7271,-11.2321,-14.2074],"tool":false,"touchDistance":0.247799,"touchZone":"hovering","type":0,"width":19.4377},{"bases":[[[-0.0863345,-0.930616,-0.355667],[0.961072,0.0162542,-0.27582],[0.262463,-0.365635,0.892986]],[[-0.0563538,-0.965752,-0.253273],[0.922481,0.0466698,-0.38321],[0.381906,-0.255235,0.888258]],[[-0.0563538,-0.965752,-0.253273],[0.798455,0.108705,-0.592159],[0.599411,-0.235598,0.764984]],[[-0.0563538,-0.965752,-0.253273],[0.715163,0.137967,-0.685206],[0.696683,-0.219745,0.682895]]],"btipPosition":[-74.7637,179.068,-12.4996],"carpPosition":[-16.6351,135.092,112.326],"dipPosition":[-63.5303,175.525,-1.4885],"direction":[-0.599411,0.235598,-0.764984],"extended":true,"handId":781,"id":7811,"length":55.4983,"mcpPosition":[-34.3733,159.802,51.9753],"pipPosition":[-49.8576,170.151,15.961],"stabilizedTipPosition":[-72.1058,177.845,-9.82965],"timeVisible":2.4109,"tipPosition":[-73.2606,180.1,-7.56083],"tipVelocity":[2.81491,-22.835,-19.2119],"tool":false,"touchDistance":-0.158164,"touchZone":"touching","type":1,"width":18.5669},{"bases":[[[-0.212647,-0.960503,-0.179485],[0.938169,-0.149343,-0.312306],[0.273166,-0.234798,0.932872]],[[-0.200856,-0.969607,-0.139711],[0.944534,-0.153854,-0.290146],[0.259833,-0.19024,0.946729]],[[-0.200856,-0.969607,-0.139711],[0.909206,-0.131419,-0.395061],[0.364693,-0.206377,0.907969]],[[-0.200856,-0.969607,-0.139711],[0.859291,-0.1059,-0.500405],[0.470401,-0.220562,0.854445]]],"btipPosition":[-63.6964,158.054,-34.9414],"carpPosition":[-16.2403,124.902,107.432],"dipPosition":[-55.3541,154.142,-19.7882],"direction":[-0.364693,0.206377,-0.907969],"extended":true,"handId":781,"id":7812,"length":63.2359,"mcpPosition":[-33.7478,139.95,47.6431],"pipPosition":[-45.5671,148.604,4.57826],"stabilizedTipPosition":[-61.95,157.157,-30.0453],"timeVisible":2.4109,"tipPosition":[-61.8549,159.153,-30.6802],"tipVelocity":[-0.951653,-23.6515,-16.2968],"tool":false,"touchDistance":0.236965,"touchZone":"hovering","type":2,"width":18.2351},{"bases":[[[-0.240245,-0.970577,-0.016192],[0.928809,-0.224994,-0.294435],[0.282128,-0.0857755,0.955534]],[[-0.255655,-0.964257,-0.0696338],[0.93623,-0.228976,-0.266539],[0.241068,-0.133335,0.961305]],[[-0.255655,-0.964257,-0.0696338],[0.90746,-0.214508,-0.36125],[0.333401,-0.155545,0.929865]],[[-0.255655,-0.964257,-0.0696338],[0.866767,-0.196713,-0.458278],[0.4282,-0.177517,0.886077]]],"btipPosition":[-60.724,131.923,-30.9968],"carpPosition":[-18.0583,114.169,104.455],"dipPosition":[-53.1737,128.793,-15.3729],"direction":[-0.333401,0.155545,-0.929865],"extended":true,"handId":781,"id":7813,"length":60.803,"mcpPosition":[-34.2928,119.104,49.4705],"pipPosition":[-44.4575,124.726,8.9367],"stabilizedTipPosition":[-59.3566,130.266,-25.7457],"timeVisible":2.4109,"tipPosition":[-60.0026,132.036,-26.6213],"tipVelocity":[1.20444,-20.2901,-14.9657],"tool":false,"touchDistance":0.273491,"touchZone":"hovering","type":3,"width":17.3519},{"bases":[[[-0.356118,-0.923375,0.143383],[0.901387,-0.379903,-0.207785],[0.246335,0.0552474,0.967609]],[[-0.379835,-0.924108,0.0418374],[0.912117,-0.381677,-0.149549],[0.154168,-0.0186433,0.987869]],[[-0.379835,-0.924108,0.0418374],[0.886241,-0.376489,-0.269876],[0.265146,-0.0654303,0.961986]],[[-0.379835,-0.924108,0.0418374],[0.84961,-0.366389,-0.37937],[0.365908,-0.108553,0.924299]]],"btipPosition":[-54.3993,103.966,-11.9279],"carpPosition":[-25.287,103.313,105.37],"dipPosition":[-48.4471,102.2,3.10749],"direction":[-0.265146,0.0654303,-0.961986],"extended":true,"handId":781,"id":7814,"length":47.6684,"mcpPosition":[-38.4085,100.37,53.8287],"pipPosition":[-43.553,100.992,20.864],"stabilizedTipPosition":[-53.7538,102.068,-6.38525],"timeVisible":2.4109,"tipPosition":[-55.2347,103.226,-7.61102],"tipVelocity":[2.77627,-16.9665,-13.5161],"tool":false,"touchDistance":0.271715,"touchZone":"hovering","type":4,"width":15.4133}],"r":[[0.460161,-0.297075,0.836659],[0.874851,-0.00885225,-0.48431],[0.151283,0.954813,0.255823]],"s":0.975937,"t":[18.8237,-30.3791,-6.69834],"timestamp":747283614164},{"currentFrameRate":107.057,"devices":[],"gestures":[],"hands":[{"armBasis":[[-0.029821,-0.994461,-0.100791],[0.938156,0.00694994,-0.346144],[0.344927,-0.10488,0.932752]],"armWidth":60.3619,"confidence":1,"direction":[-0.130106,0.202179,-0.970668],"elbow":[65.355,86.5147,366.583],"grabAngle":0.264906,"grabStrength":0,"id":781,"palmNormal":[-0.989383,0.0374654,0.140418],"palmPosition":[-34.8712,132.627,69.9848],"palmVelocity":[-1.26073,-10.8395,-7.57981],"palmWidth":83.5863,"pinchDistance":60.2395,"pinchStrength":0,"r":[[0.460541,-0.297042,0.836462],[0.874713,-0.00835438,-0.484569],[0.150925,0.954828,0.255979]],"s":0.976278,"sphereCenter":[-130.162,99.2713,51.7086],"sphereRadius":106.676,"stabilizedPalmPosition":[-37.7106,135.992,72.8933],"t":[18.8219,-30.4857,-6.76984],"timeVisible":2.41954,"type":"right","wrist":[-20.1973,112.528,135.232]}],"id":1356105,"interactionBox":{"center":[0,200,0],"size":[235.247,235.247,147.751]},"pointables":[{"bases":[[[0.833486,-0.387857,-0.393534],[0.545357,0.691939,0.473082],[0.0888126,-0.608924,0.788241]],[[0.770073,-0.190711,-0.608783],[0.519018,0.742173,0.424028],[0.370955,-0.642501,0.67051]],[[0.770073,-0.190711,-0.608783],[0.356034,0.920314,0.162058],[0.529365,-0.341544,0.776609]],[[0.770073,-0.190711,-0.608783],[0.167359,0.981241,-0.0956912],[0.615612,-0.028196,0.787545]]],"btipPosition":[-80.2959,182.036,52.6374],"carpPosition":[-32.6553,140.961,125.767],"dipPosition":[-66.6991,181.414,70.0316],"direction":[-0.529365,0.341544,-0.776609],"extended":false,"handId":781,"id":7810,"length":49.1837,"mcpPosition":[-32.6553,140.961,125.767],"pipPosition":[-49.6657,170.424,95.0205],"stabilizedTipPosition":[-78.2279,182.885,56.3015],"timeVisible":2.41954,"tipPosition":[-79.4289,181.464,57.6498],"tipVelocity":[8.27822,-8.75052,-11.8027],"tool":false,"touchDistance":0.246101,"touchZone":"hovering","type":0,"width":19.4377},{"bases":[[[-0.0856818,-0.930793,-0.355364],[0.961024,0.0168891,-0.275949],[0.262853,-0.365158,0.893067]],[[-0.0553615,-0.966159,-0.251935],[0.923121,0.0466295,-0.381673],[0.380504,-0.253696,0.8893]],[[-0.0553615,-0.966159,-0.251935],[0.800132,0.108005,-0.59002],[0.597264,-0.234246,0.767076]],[[-0.0553615,-0.966159,-0.251935],[0.716037,0.137434,-0.6844],[0.695864,-0.218284,0.684197]]],"btipPosition":[-74.6783,178.853,-12.6845],"carpPosition":[-16.6423,135.025,112.258],"dipPosition":[-63.458,175.333,-1.65244],"direction":[-0.597264,0.234246,-0.767076],"extended":true,"handId":781,"id":7811,"length":55.4983,"mcpPosition":[-34.4068,159.704,51.9013],"pipPosition":[-49.8343,169.99,15.8448],"stabilizedTipPosition":[-72.1057,177.848,-9.835],"timeVisible":2.41954,"tipPosition":[-73.3023,179.93,-7.66666],"tipVelocity":[9.55021,-24.3551,-20.8642],"tool":false,"touchDistance":-0.161166,"touchZone":"touching","type":1,"width":18.5669},{"bases":[[[-0.211949,-0.960719,-0.179156],[0.938241,-0.148737,-0.312381],[0.273463,-0.234301,0.93291]],[[-0.199942,-0.969941,-0.138701],[0.944652,-0.153247,-0.290084],[0.260109,-0.189024,0.946897]],[[-0.199942,-0.969941,-0.138701],[0.909593,-0.131121,-0.39427],[0.364232,-0.204992,0.908468]],[[-0.199942,-0.969941,-0.138701],[0.859901,-0.105849,-0.499366],[0.469674,-0.219113,0.855217]]],"btipPosition":[-63.703,157.836,-35.0439],"carpPosition":[-16.2405,124.834,107.367],"dipPosition":[-55.3735,153.95,-19.877],"direction":[-0.364232,0.204992,-0.908468],"extended":true,"handId":781,"id":7812,"length":63.2359,"mcpPosition":[-33.767,139.85,47.5753],"pipPosition":[-45.5989,148.449,4.5028],"stabilizedTipPosition":[-61.9487,157.155,-30.0579],"timeVisible":2.41954,"tipPosition":[-61.8981,158.997,-30.7547],"tipVelocity":[-1.09731,-24.5607,-11.5142],"tool":false,"touchDistance":0.235309,"touchZone":"hovering","type":2,"width":18.2351},{"bases":[[[-0.239518,-0.970762,-0.0158565],[0.92894,-0.224389,-0.294484],[0.282316,-0.085264,0.955525]],[[-0.25486,-0.964512,-0.0690158],[0.936379,-0.228353,-0.266551],[0.241331,-0.132558,0.961347]],[[-0.25486,-0.964512,-0.0690158],[0.907838,-0.214085,-0.360553],[0.332982,-0.154546,0.930182]],[[-0.25486,-0.964512,-0.0690158],[0.867346,-0.196464,-0.457289],[0.427501,-0.176405,0.886636]]],"btipPosition":[-60.7151,131.745,-31.0779],"carpPosition":[-18.0508,114.098,104.393],"dipPosition":[-53.1772,128.634,-15.4442],"direction":[-0.332982,0.154546,-0.930182],"extended":true,"handId":781,"id":7813,"length":60.803,"mcpPosition":[-34.2961,119.005,49.4093],"pipPosition":[-44.472,124.594,8.87373],"stabilizedTipPosition":[-59.3533,130.273,-25.7606],"timeVisible":2.41954,"tipPosition":[-60.0223,131.891,-26.6857],"tipVelocity":[0.696452,-20.1098,-9.13468],"tool":false,"touchDistance":0.272177,"touchZone":"hovering","type":3,"width":17.3519},{"bases":[[[-0.355406,-0.923597,0.143718],[0.901645,-0.379292,-0.207782],[0.246418,0.0557358,0.96756]],[[-0.379161,-0.924374,0.0420579],[0.91238,-0.381046,-0.149555],[0.154271,-0.0183327,0.987858]],[[-0.379161,-0.924374,0.0420579],[0.886629,-0.375935,-0.269373],[0.264812,-0.0648458,0.962117]],[[-0.379161,-0.924374,0.0420579],[0.850157,-0.365943,-0.378574],[0.365335,-0.107785,0.924615]]],"btipPosition":[-54.376,103.831,-11.99],"carpPosition":[-25.2713,103.238,105.313],"dipPosition":[-48.4331,102.078,3.05058],"direction":[-0.264812,0.0648458,-0.962117],"extended":true,"handId":781,"id":7814,"length":47.6684,"mcpPosition":[-38.3972,100.269,53.7738],"pipPosition":[-43.5452,100.881,20.8095],"stabilizedTipPosition":[-53.7469,102.081,-6.40511],"timeVisible":2.41954,"tipPosition":[-55.2303,103.093,-7.6658],"tipVelocity":[2.45494,-15.3011,-7.05167],"tool":false,"touchDistance":0.2707,"touchZone":"hovering","type":4,"width":15.4133}],"r":[[0.460541,-0.297042,0.836462],[0.874713,-0.00835438,-0.484569],[0.150925,0.954828,0.255979]],"s":0.976278,"t":[18.8219,-30.4857,-6.76984],"timestamp":747283622796},{"currentFrameRate":107.255,"devices":[],"gestures":[],"hands":[{"armBasis":[[-0.028801,-0.994525,-0.100454],[0.938112,0.007806,-0.346245],[0.345134,-0.104209,0.93275]],"armWidth":60.3619,"confidence":1,"direction":[-0.130287,0.20194,-0.970693],"elbow":[65.4304,86.6275,366.514],"grabAngle":0.263623,"grabStrength":0,"id":781,"palmNormal":[-0.989419,0.0365608,0.140406],"palmPosition":[-34.8666,132.55,69.9136],"palmVelocity":[0.508862,-8.6244,-7.94687],"palmWidth":83.5863,"pinchDistance":59.4349,"pinchStrength":0,"r":[[0.460899,-0.296908,0.836312],[0.874605,-0.00780487,-0.484773],[0.150461,0.954874,0.25608]],"s":0.976377,"sphereCenter":[-130.364,99.071,51.6817],"sphereRadius":106.905,"stabilizedPalmPosition":[-37.7058,135.987,72.8883],"t":[18.8233,-30.5777,-6.84121],"timeVisible":2.4285,"type":"right","wrist":[-20.1733,112.475,135.164]}],"id":1356106,"interactionBox":{"center":[0,200,0],"size":[235.247,235.247,147.751]},"pointables":[{"bases":[[[0.833849,-0.387128,-0.393481],[0.544709,0.692503,0.473003],[0.089374,-0.608745,0.788316]],[[0.770643,-0.190881,-0.608008],[0.51904,0.741563,0.425066],[0.369739,-0.643155,0.670555]],[[0.770643,-0.190881,-0.608008],[0.35574,0.920451,0.161924],[0.528734,-0.341078,0.777243]],[[0.770643,-0.190881,-0.608008],[0.167323,0.98122,-0.09597],[0.614909,-0.0277752,0.788109]]],"btipPosition":[-80.2079,181.974,52.5303],"carpPosition":[-32.6589,140.893,125.695],"dipPosition":[-66.6266,181.36,69.9369],"direction":[-0.528734,0.341078,-0.777243],"extended":false,"handId":781,"id":7810,"length":49.1837,"mcpPosition":[-32.6589,140.893,125.695],"pipPosition":[-49.6136,170.385,94.9462],"stabilizedTipPosition":[-78.224,182.881,56.3023],"timeVisible":2.4285,"tipPosition":[-79.4475,181.348,57.5627],"tipVelocity":[9.41683,-6.76793,-11.6342],"tool":false,"touchDistance":0.244363,"touchZone":"hovering","type":0,"width":19.4377},{"bases":[[[-0.0848121,-0.930915,-0.355253],[0.96101,0.0177508,-0.275944],[0.263186,-0.364805,0.893113]],[[-0.0541297,-0.966553,-0.25069],[0.923862,0.046782,-0.379855],[0.378878,-0.252164,0.89043]],[[-0.0541297,-0.966553,-0.25069],[0.802168,0.107416,-0.587357],[0.59464,-0.232889,0.769523]],[[-0.0541297,-0.966553,-0.25069],[0.71747,0.136964,-0.682992],[0.694483,-0.216832,0.686059]]],"btipPosition":[-74.5507,178.657,-12.8907],"carpPosition":[-16.6403,134.97,112.186],"dipPosition":[-63.3528,175.161,-1.82857],"direction":[-0.59464,0.232889,-0.769523],"extended":true,"handId":781,"id":7811,"length":55.4983,"mcpPosition":[-34.4273,159.625,51.8268],"pipPosition":[-49.7889,169.848,15.7245],"stabilizedTipPosition":[-72.1035,177.848,-9.84333],"timeVisible":2.4285,"tipPosition":[-73.3221,179.78,-7.78018],"tipVelocity":[13.6572,-21.218,-22.2298],"tool":false,"touchDistance":-0.164486,"touchZone":"touching","type":1,"width":18.5669},{"bases":[[[-0.211053,-0.960937,-0.179042],[0.938381,-0.1479,-0.312356],[0.273674,-0.233933,0.93294]],[[-0.198819,-0.970292,-0.13786],[0.944818,-0.152397,-0.289989],[0.260365,-0.187908,0.947049]],[[-0.198819,-0.970292,-0.13786],[0.910022,-0.130566,-0.393462],[0.363773,-0.203683,0.908946]],[[-0.198819,-0.970292,-0.13786],[0.860545,-0.105529,-0.498323],[0.46897,-0.21771,0.855961]]],"btipPosition":[-63.6918,157.646,-35.149],"carpPosition":[-16.229,124.778,107.296],"dipPosition":[-55.3748,153.785,-19.9689],"direction":[-0.363773,0.203683,-0.908946],"extended":true,"handId":781,"id":7812,"length":63.2359,"mcpPosition":[-33.769,139.771,47.5032],"pipPosition":[-45.6125,148.319,4.42379],"stabilizedTipPosition":[-61.9473,157.152,-30.0711],"timeVisible":2.4285,"tipPosition":[-61.9166,158.871,-30.8337],"tipVelocity":[0.926265,-20.5345,-11.3801],"tool":false,"touchDistance":0.233609,"touchZone":"hovering","type":2,"width":18.2351},{"bases":[[[-0.238614,-0.970987,-0.0157409],[0.92915,-0.223559,-0.29445],[0.282388,-0.0848854,0.955537]],[[-0.253868,-0.964805,-0.0685696],[0.936581,-0.227496,-0.266572],[0.241591,-0.131895,0.961373]],[[-0.253868,-0.964805,-0.0685696],[0.908242,-0.213403,-0.359939],[0.332638,-0.153655,0.930453]],[[-0.253868,-0.964805,-0.0685696],[0.867939,-0.195944,-0.456385],[0.426887,-0.175376,0.887136]]],"btipPosition":[-60.6889,131.596,-31.1644],"carpPosition":[-18.0292,114.041,104.324],"dipPosition":[-53.1617,128.504,-15.5219],"direction":[-0.332638,0.153655,-0.930453],"extended":true,"handId":781,"id":7813,"length":60.803,"mcpPosition":[-34.2787,118.925,49.3397],"pipPosition":[-44.4655,124.487,8.80306],"stabilizedTipPosition":[-59.35,130.278,-25.7757],"timeVisible":2.4285,"tipPosition":[-60.0135,131.776,-26.7591],"tipVelocity":[2.65168,-16.1188,-9.43092],"tool":false,"touchDistance":0.270768,"touchZone":"hovering","type":3,"width":17.3519},{"bases":[[[-0.354547,-0.92391,0.143828],[0.902,-0.378477,-0.20773],[0.246359,0.0560824,0.967555]],[[-0.378303,-0.924722,0.0421534],[0.912718,-0.380212,-0.149615],[0.15438,-0.0181257,0.987845]],[[-0.378303,-0.924722,0.0421534],[0.887065,-0.375161,-0.269018],[0.264581,-0.0643777,0.962212]],[[-0.378303,-0.924722,0.0421534],[0.850734,-0.365263,-0.377935],[0.364882,-0.107113,0.924872]]],"btipPosition":[-54.3332,103.722,-12.0628],"carpPosition":[-25.2396,103.174,105.245],"dipPosition":[-48.3977,101.979,2.98193],"direction":[-0.264581,0.0643777,-0.962212],"extended":true,"handId":781,"id":7814,"length":47.6684,"mcpPosition":[-38.3624,100.186,53.7065],"pipPosition":[-43.514,100.791,20.7426],"stabilizedTipPosition":[-53.7401,102.092,-6.42447],"timeVisible":2.4285,"tipPosition":[-55.1962,102.988,-7.73419],"tipVelocity":[4.58839,-11.8816,-8.01839],"tool":false,"touchDistance":0.269502,"touchZone":"hovering","type":4,"width":15.4133}],"r":[[0.460899,-0.296908,0.836312],[0.874605,-0.00780487,-0.484773],[0.150461,0.954874,0.25608]],"s":0.976377,"t":[18.8233,-30.5777,-6.84121],"timestamp":747283631759},{"currentFrameRate":107.775,"devices":[],"gestures":[],"hands":[{"armBasis":[[-0.0277162,-0.994578,-0.100233],[0.938045,0.00876941,-0.346403],[0.345404,-0.103624,0.932715]],"armWidth":60.3619,"confidence":1,"direction":[-0.130184,0.201362,-0.970827],"elbow":[65.4784,86.7501,366.494],"grabAngle":0.262389,"grabStrength":0,"id":781,"palmNormal":[-0.989504,0.0355526,0.140063],"palmPosition":[-34.8905,132.484,69.8899],"palmVelocity":[-2.86886,-7.90198,-2.84707],"palmWidth":83.5863,"pinchDistance":57.9557,"pinchStrength":0,"r":[[0.461194,-0.296626,0.836249],[0.874552,-0.00721953,-0.484879],[0.149865,0.954966,0.256085]],"s":0.976276,"sphereCenter":[-130.776,98.807,51.7391],"sphereRadius":107.312,"stabilizedPalmPosition":[-37.701,135.981,72.8831],"t":[18.8121,-30.6566,-6.88875],"timeVisible":2.43683,"type":"right","wrist":[-20.1923,112.452,135.152]}],"id":1356107,"interactionBox":{"center":[0,200,0],"size":[235.247,235.247,147.751]},"pointables":[{"bases":[[[0.834398,-0.386402,-0.39303],[0.543802,0.693306,0.472871],[0.0897719,-0.608293,0.788619]],[[0.771449,-0.191158,-0.606899],[0.518835,0.74113,0.426071],[0.368344,-0.643572,0.670923]],[[0.771449,-0.191158,-0.606899],[0.355289,0.920676,0.16163],[0.52786,-0.340314,0.778171]],[[0.771449,-0.191158,-0.606899],[0.167312,0.981183,-0.0963718],[0.613901,-0.0271955,0.788915]]],"btipPosition":[-80.145,181.917,52.439],"carpPosition":[-32.7103,140.855,125.668],"dipPosition":[-66.586,181.316,69.8634],"direction":[-0.52786,0.340314,-0.778171],"extended":false,"handId":781,"id":7810,"length":49.1837,"mcpPosition":[-32.7103,140.855,125.668],"pipPosition":[-49.601,170.366,94.9026],"stabilizedTipPosition":[-78.2205,182.878,56.3027],"timeVisible":2.43683,"tipPosition":[-79.4958,181.234,57.492],"tipVelocity":[6.93844,-6.4416,-10.4626],"tool":false,"touchDistance":0.24291,"touchZone":"hovering","type":0,"width":19.4377},{"bases":[[[-0.0836866,-0.931166,-0.354861],[0.961081,0.0186672,-0.275634],[0.263285,-0.364117,0.893364]],[[-0.0526333,-0.967068,-0.249016],[0.924685,0.046962,-0.377826],[0.377077,-0.250148,0.891762]],[[-0.0526333,-0.967068,-0.249016],[0.804406,0.106705,-0.584418],[0.591743,-0.23107,0.7723]],[[-0.0526333,-0.967068,-0.249016],[0.719319,0.136253,-0.681187],[0.692683,-0.214975,0.688459]]],"btipPosition":[-74.4299,178.43,-13.0825],"carpPosition":[-16.6809,134.943,112.168],"dipPosition":[-63.2609,174.964,-1.98167],"direction":[-0.591743,0.23107,-0.7723],"extended":true,"handId":781,"id":7811,"length":55.4983,"mcpPosition":[-34.4746,159.551,51.791],"pipPosition":[-49.7631,169.693,15.6347],"stabilizedTipPosition":[-72.0999,177.845,-9.85366],"timeVisible":2.43683,"tipPosition":[-73.3497,179.609,-7.87649],"tipVelocity":[13.7045,-26.3799,-21.9491],"tool":false,"touchDistance":-0.167535,"touchZone":"touching","type":1,"width":18.5669},{"bases":[[[-0.209953,-0.961246,-0.178679],[0.938644,-0.147025,-0.311979],[0.273618,-0.233217,0.933136]],[[-0.197478,-0.970733,-0.136675],[0.945068,-0.151474,-0.28966],[0.260479,-0.186369,0.947321]],[[-0.197478,-0.970733,-0.136675],[0.910559,-0.129987,-0.392409],[0.363159,-0.201943,0.909579]],[[-0.197478,-0.970733,-0.136675],[0.861329,-0.105243,-0.497027],[0.468096,-0.215874,0.856904]]],"btipPosition":[-63.6893,157.422,-35.2217],"carpPosition":[-16.2569,124.749,107.282],"dipPosition":[-55.3879,153.594,-20.0249],"direction":[-0.363159,0.201943,-0.909579],"extended":true,"handId":781,"id":7812,"length":63.2359,"mcpPosition":[-33.7933,139.697,47.4766],"pipPosition":[-45.6421,148.174,4.38479],"stabilizedTipPosition":[-61.9459,157.147,-30.0843],"timeVisible":2.43683,"tipPosition":[-61.9348,158.719,-30.8827],"tipVelocity":[-0.132629,-25.9807,-8.26617],"tool":false,"touchDistance":0.232461,"touchZone":"hovering","type":2,"width":18.2351},{"bases":[[[-0.237557,-0.971252,-0.0153825],[0.929489,-0.222685,-0.294042],[0.282164,-0.0841497,0.955669]],[[-0.252692,-0.965166,-0.0678336],[0.936862,-0.22656,-0.266382],[0.241735,-0.130863,0.961478]],[[-0.252692,-0.965166,-0.0678336],[0.908718,-0.21267,-0.359169],[0.332232,-0.152401,0.930804]],[[-0.252692,-0.965166,-0.0678336],[0.868626,-0.195417,-0.455303],[0.426187,-0.173973,0.887749]]],"btipPosition":[-60.6743,131.421,-31.2062],"carpPosition":[-18.0445,114.009,104.314],"dipPosition":[-53.1595,128.353,-15.5529],"direction":[-0.332232,0.152401,-0.930804],"extended":true,"handId":781,"id":7813,"length":60.803,"mcpPosition":[-34.2811,118.851,49.3223],"pipPosition":[-44.4739,124.369,8.78124],"stabilizedTipPosition":[-59.3468,130.282,-25.7902],"timeVisible":2.43683,"tipPosition":[-60.0021,131.637,-26.7927],"tipVelocity":[1.40839,-20.3748,-4.71834],"tool":false,"touchDistance":0.270112,"touchZone":"hovering","type":3,"width":17.3519},{"bases":[[[-0.353594,-0.924229,0.144126],[0.902478,-0.377593,-0.207261],[0.245978,0.0567844,0.967611]],[[-0.37731,-0.925113,0.0424704],[0.913134,-0.379285,-0.149428],[0.154346,-0.0175996,0.98786]],[[-0.37731,-0.925113,0.0424704],[0.887558,-0.374322,-0.268559],[0.264345,-0.0636352,0.962326]],[[-0.37731,-0.925113,0.0424704],[0.851389,-0.364556,-0.377142],[0.364382,-0.106141,0.925181]]],"btipPosition":[-54.303,103.598,-12.0808],"carpPosition":[-25.2434,103.134,105.238],"dipPosition":[-48.3757,101.871,2.96903],"direction":[-0.264345,0.0636352,-0.962326],"extended":true,"handId":781,"id":7814,"length":47.6684,"mcpPosition":[-38.3459,100.109,53.6962],"pipPosition":[-43.4964,100.697,20.7318],"stabilizedTipPosition":[-53.7334,102.101,-6.44284],"timeVisible":2.43683,"tipPosition":[-55.1615,102.865,-7.75163],"tipVelocity":[3.3892,-14.4417,-2.01381],"tool":false,"touchDistance":0.269223,"touchZone":"hovering","type":4,"width":15.4133}],"r":[[0.461194,-0.296626,0.836249],[0.874552,-0.00721953,-0.484879],[0.149865,0.954966,0.256085]],"s":0.976276,"t":[18.8121,-30.6566,-6.88875],"timestamp":747283640092},{"currentFrameRate":108.021,"devices":[],"gestures":[],"hands":[{"armBasis":[[-0.0265398,-0.994617,-0.100166],[0.937942,0.00988318,-0.346652],[0.345776,-0.10315,0.93263]],"armWidth":60.3619,"confidence":1,"direction":[-0.13013,0.20089,-0.970932],"elbow":[65.5354,86.9018,366.495],"grabAngle":0.261192,"grabStrength":0,"id":781,"palmNormal":[-0.989588,0.0344275,0.139753],"palmPosition":[-34.9351,132.482,69.903],"palmVelocity":[-5.06321,-0.23607,1.48386],"palmWidth":83.5863,"pinchDistance":57.9809,"pinchStrength":0,"r":[[0.46145,-0.296237,0.836246],[0.874539,-0.00657608,-0.48491],[0.149147,0.955092,0.256036]],"s":0.976103,"sphereCenter":[-131.149,98.6078,51.8156],"sphereRadius":107.667,"stabilizedPalmPosition":[-37.6954,135.974,72.8771],"t":[18.7841,-30.6971,-6.90599],"timeVisible":2.44564,"type":"right","wrist":[-20.2275,112.486,135.175]}],"id":1356108,"interactionBox":{"center":[0,200,0],"size":[235.247,235.247,147.751]},"pointables":[{"bases":[[[0.834973,-0.385543,-0.392653],[0.542839,0.694103,0.472807],[0.0902539,-0.607928,0.788846]],[[0.772209,-0.191183,-0.605922],[0.5185,0.740797,0.427056],[0.36722,-0.643947,0.671179]],[[0.772209,-0.191183,-0.605922],[0.354796,0.92087,0.161609],[0.527079,-0.339775,0.778936]],[[0.772209,-0.191183,-0.605922],[0.167349,0.981182,-0.0963114],[0.612933,-0.0270278,0.789672]]],"btipPosition":[-80.1182,181.932,52.3968],"carpPosition":[-32.7816,140.873,125.679],"dipPosition":[-66.5806,181.335,69.838],"direction":[-0.527079,0.339775,-0.778936],"extended":false,"handId":781,"id":7810,"length":49.1837,"mcpPosition":[-32.7816,140.873,125.679],"pipPosition":[-49.6208,170.402,94.9018],"stabilizedTipPosition":[-78.2174,182.875,56.303],"timeVisible":2.44564,"tipPosition":[-79.57,181.181,57.4656],"tipVelocity":[2.47743,1.78783,-4.34432],"tool":false,"touchDistance":0.242272,"touchZone":"hovering","type":0,"width":19.4377},{"bases":[[[-0.0824777,-0.931381,-0.354581],[0.961142,0.0197143,-0.275351],[0.263447,-0.363513,0.893563]],[[-0.051115,-0.96749,-0.247692],[0.925321,0.0474275,-0.376207],[0.375724,-0.248424,0.892814]],[[-0.051115,-0.96749,-0.247692],[0.806091,0.106449,-0.58214],[0.589581,-0.229418,0.774443]],[[-0.051115,-0.96749,-0.247692],[0.720709,0.135956,-0.679776],[0.691351,-0.21326,0.690329]]],"btipPosition":[-74.3754,178.288,-13.1999],"carpPosition":[-16.7411,134.976,112.185],"dipPosition":[-63.2279,174.849,-2.06891],"direction":[-0.589581,0.229418,-0.774443],"extended":true,"handId":781,"id":7811,"length":55.4983,"mcpPosition":[-34.5458,159.543,51.7953],"pipPosition":[-49.7794,169.616,15.5964],"stabilizedTipPosition":[-72.0956,177.84,-9.86544],"timeVisible":2.44564,"tipPosition":[-73.4086,179.513,-7.9212],"tipVelocity":[5.62337,-15.4774,-12.5345],"tool":false,"touchDistance":-0.169376,"touchZone":"touching","type":1,"width":18.5669},{"bases":[[[-0.208761,-0.961552,-0.178427],[0.938911,-0.146016,-0.311648],[0.273613,-0.232587,0.933295]],[[-0.196078,-0.971151,-0.135717],[0.945331,-0.150429,-0.289344],[0.260581,-0.185032,0.947555]],[[-0.196078,-0.971151,-0.135717],[0.911128,-0.129272,-0.391325],[0.362491,-0.200386,0.91019]],[[-0.196078,-0.971151,-0.135717],[0.862174,-0.104808,-0.495653],[0.467129,-0.214198,0.857852]]],"btipPosition":[-63.7053,157.282,-35.2545],"carpPosition":[-16.3036,124.782,107.304],"dipPosition":[-55.421,153.483,-20.0409],"direction":[-0.362491,0.200386,-0.91019],"extended":true,"handId":781,"id":7812,"length":63.2359,"mcpPosition":[-33.8397,139.688,47.4876],"pipPosition":[-45.6931,148.105,4.38518],"stabilizedTipPosition":[-61.9447,157.141,-30.0986],"timeVisible":2.44564,"tipPosition":[-61.9791,158.64,-30.8907],"tipVelocity":[-2.25942,-15.1679,-3.28372],"tool":false,"touchDistance":0.231979,"touchZone":"hovering","type":2,"width":18.2351},{"bases":[[[-0.236403,-0.971537,-0.0151355],[0.929841,-0.221681,-0.293689],[0.281975,-0.0835026,0.955781]],[[-0.251436,-0.965534,-0.0672621],[0.937174,-0.225508,-0.266178],[0.241836,-0.129963,0.961574]],[[-0.251436,-0.965534,-0.0672621],[0.909255,-0.211819,-0.358312],[0.331715,-0.151251,0.931176]],[[-0.251436,-0.965534,-0.0672621],[0.869386,-0.194761,-0.454132],[0.42538,-0.172662,0.888392]]],"btipPosition":[-60.6731,131.322,-31.2136],"carpPosition":[-18.0776,114.038,104.339],"dipPosition":[-53.1725,128.277,-15.549],"direction":[-0.331715,0.151251,-0.931176],"extended":true,"handId":781,"id":7813,"length":60.803,"mcpPosition":[-34.3034,118.843,49.34],"pipPosition":[-44.5005,124.323,8.7949],"stabilizedTipPosition":[-59.3434,130.284,-25.8058],"timeVisible":2.44564,"tipPosition":[-60.0141,131.571,-26.7888],"tipVelocity":[-0.236367,-10.658,-0.543851],"tool":false,"touchDistance":0.270033,"touchZone":"hovering","type":3,"width":17.3519},{"bases":[[[-0.352544,-0.924599,0.144323],[0.902986,-0.376593,-0.206866],[0.245619,0.0573924,0.967666]],[[-0.376207,-0.925549,0.0427599],[0.913593,-0.378243,-0.149263],[0.154323,-0.0170884,0.987873]],[[-0.376207,-0.925549,0.0427599],[0.888114,-0.373374,-0.268038],[0.264048,-0.0628621,0.962459]],[[-0.376207,-0.925549,0.0427599],[0.852132,-0.363747,-0.376244],[0.363786,-0.105109,0.925533]]],"btipPosition":[-54.2885,103.538,-12.0667],"carpPosition":[-25.264,103.155,105.264],"di