{"frames":94,"data":[{"currentFrameRate":111.93,"devices":[],"gestures":[],"hands":[{"armBasis":[[0.982191,-0.00762813,-0.187731],[0.100795,0.864616,0.492219],[0.158561,-0.502375,0.849987]],"armWidth":51.8058,"confidence":1,"direction":[0.220516,0.366548,-0.903889],"elbow":[101.843,-21.2218,274.606],"grabAngle":3.14159,"grabStrength":1,"id":818,"palmNormal":[-0.124817,-0.908478,-0.39886],"palmPosition":[70.0858,114.211,24.3085],"palmVelocity":[-24.2356,-31.1129,-14.1013],"palmWidth":75.7756,"pinchDistance":33.9703,"pinchStrength":0.0616063,"r":[[0.877908,0.33897,0.338196],[-0.304055,0.940266,-0.153136],[-0.369903,0.0316095,0.928532]],"s":0.799277,"sphereCenter":[62.5412,92.7037,-1.47632],"sphereRadius":33.446,"stabilizedPalmPosition":[70.2334,114.39,24.3854],"t":[16.8911,-10.1524,-61.7848],"timeVisible":4.53536,"type":"right","wrist":[66.19,91.739,83.4837]}],"id":1377855,"interactionBox":{"center":[0,200,0],"size":[235.247,235.247,147.751]},"pointables":[{"bases":[[[0.543935,0.803301,0.242576],[-0.808768,0.424816,0.406725],[0.223672,-0.41742,0.880756]],[[0.421216,0.901032,-0.103526],[-0.783444,0.418982,0.458988],[0.456939,-0.112226,0.88239]],[[0.421216,0.901032,-0.103526],[-0.828661,0.428733,0.359875],[0.368644,-0.0657969,0.927239]],[[0.421216,0.901032,-0.103526],[-0.885628,0.433232,0.16725],[0.195548,0.0212376,0.980464]]],"btipPosition":[9.46407,101.321,-17.2114],"carpPosition":[42.0416,95.2718,62.6918],"dipPosition":[13.0894,101.714,0.965934],"direction":[-0.368644,0.0657969,-0.927239],"extended":true,"handId":818,"id":8180,"length":41.2847,"mcpPosition":[42.0416,95.2718,62.6918],"pipPosition":[23.0462,99.9371,26.01],"stabilizedTipPosition":[10.5012,101.585,-13.0281],"timeVisible":4.53536,"tipPosition":[11.8764,102.159,-13.3944],"tipVelocity":[-30.7542,-28.5549,-8.75023],"tool":false,"touchDistance":-0.268254,"touchZone":"touching","type":0,"width":16.288},{"bases":[[[0.990656,-0.136382,0.000622919],[0.13159,0.957029,0.258417],[-0.0358395,-0.25592,0.966033]],[[0.986875,-0.101857,-0.125311],[-0.0714155,0.4207,-0.904385],[0.144836,0.901464,0.407904]],[[0.986875,-0.101857,-0.125311],[-0.158054,-0.768378,-0.620172],[-0.0331174,0.631839,-0.774392]],[[0.986875,-0.101857,-0.125311],[-0.0799069,-0.982341,0.16918],[-0.14033,-0.156946,-0.977586]]],"btipPosition":[52.3367,87.0096,17.1594],"carpPosition":[52.5367,111.983,62.1702],"dipPosition":[50.4374,84.8854,3.92818],"direction":[0.0331174,-0.631839,0.774392],"extended":false,"handId":818,"id":8181,"length":46.5852,"mcpPosition":[54.7325,127.663,2.98325],"pipPosition":[49.8033,96.9831,-10.899],"stabilizedTipPosition":[52.3036,86.7475,14.1595],"timeVisible":4.53536,"tipPosition":[50.2582,87.8186,4.4662],"tipVelocity":[-45.3961,-27.9482,-9.98828],"tool":false,"touchDistance":0.333333,"touchZone":"none","type":1,"width":15.5583},{"bases":[[[0.939661,-0.330842,0.0870688],[0.296359,0.914343,0.275948],[-0.170906,-0.233494,0.957221]],[[0.948218,-0.316245,0.0295134],[0.152181,0.370794,-0.916162],[0.278789,0.873213,0.399721]],[[0.948218,-0.316245,0.0295134],[-0.236124,-0.764021,-0.600431],[0.212432,0.562371,-0.799131]],[[0.948218,-0.316245,0.0295134],[-0.314571,-0.92221,0.224885],[-0.0439014,-0.222524,-0.973938]]],"btipPosition":[57.9435,82.9514,23.6899],"carpPosition":[62.7901,112.082,62.069],"dipPosition":[57.29,79.6388,9.19151],"direction":[-0.212432,-0.562371,0.799131],"extended":false,"handId":818,"id":8182,"length":53.0801,"mcpPosition":[72.7202,125.648,6.45243],"pipPosition":[62.0753,92.3069,-8.80994],"stabilizedTipPosition":[58.6704,82.9514,20.4559],"timeVisible":4.53536,"tipPosition":[58.3059,82.7506,11.0623],"tipVelocity":[-53.6015,-51.7508,-12.3542],"tool":false,"touchDistance":0.333333,"touchZone":"none","type":2,"width":15.2803},{"bases":[[[0.879236,-0.429576,0.205931],[0.357137,0.880461,0.311837],[-0.315272,-0.200633,0.92755]],[[0.896559,-0.416772,0.149941],[0.308939,0.345844,-0.885973],[0.317393,0.84065,0.438827]],[[0.896559,-0.416772,0.149941],[-0.243306,-0.746295,-0.619553],[0.370113,0.518985,-0.770501]],[[0.896559,-0.416772,0.149941],[-0.43518,-0.891899,0.123023],[0.0824596,-0.175549,-0.981011]]],"btipPosition":[68.5659,81.4809,30.0181],"carpPosition":[72.6955,109.559,62.5083],"dipPosition":[69.7864,78.8826,15.4984],"direction":[-0.370113,-0.518985,0.770501],"extended":false,"handId":818,"id":8183,"length":51.0379,"mcpPosition":[89.142,120.025,14.1217],"pipPosition":[77.9083,90.2715,-1.40989],"stabilizedTipPosition":[70.5164,82.5591,26.891],"timeVisible":4.53536,"tipPosition":[70.6651,81.4242,17.8184],"tipVelocity":[-52.9811,-54.8662,-21.3885],"tool":false,"touchDistance":0.333333,"touchZone":"none","type":3,"width":14.5402},{"bases":[[[0.765661,-0.589443,0.257527],[0.460277,0.78172,0.420785],[-0.449342,-0.203645,0.869839]],[[0.817241,-0.558238,0.143135],[0.411309,0.391028,-0.82336],[0.403661,0.731756,0.549173]],[[0.817241,-0.558238,0.143135],[-0.295061,-0.618659,-0.728148],[0.495032,0.552839,-0.670308]],[[0.817241,-0.558238,0.143135],[-0.556818,-0.828904,-0.0535937],[0.148563,-0.0359012,-0.988251]]],"btipPosition":[81.756,82.4648,29.8095],"carpPosition":[81.0625,101.203,63.3165],"dipPosition":[83.7845,81.9746,16.3155],"direction":[-0.495032,-0.552839,0.670308],"extended":false,"handId":818,"id":8184,"length":40.0128,"mcpPosition":[102.761,111.037,21.3124],"pipPosition":[91.4544,90.5402,5.92992],"stabilizedTipPosition":[84.4105,84.902,26.9583],"timeVisible":4.53536,"tipPosition":[84.308,83.6036,18.2438],"tipVelocity":[-54.8104,-59.7365,-26.3899],"tool":false,"touchDistance":0.333333,"touchZone":"none","type":4,"width":12.9157}],"r":[[0.877908,0.33897,0.338196],[-0.304055,0.940266,-0.153136],[-0.369903,0.0316095,0.928532]],"s":0.799277,"t":[16.8911,-10.1524,-61.7848],"timestamp":747475429095},{"currentFrameRate":112.057,"devices":[],"gestures":[],"hands":[{"armBasis":[[0.980715,-0.0106955,-0.195149],[0.106939,0.865137,0.490002],[0.16359,-0.501422,0.849597]],"armWidth":51.8058,"confidence":1,"direction":[0.221536,0.363233,-0.904977],"elbow":[102.825,-21.1435,274.417],"grabAngle":3.14159,"grabStrength":1,"id":818,"palmNormal":[-0.131043,-0.90853,-0.396738],"palmPosition":[69.9309,113.928,24.154],"palmVelocity":[-17.7951,-32.4866,-17.7498],"palmWidth":75.7756,"pinchDistance":33.8572,"pinchStrength":0.0633273,"r":[[0.882218,0.332492,0.333378],[-0.296862,0.942374,-0.154283],[-0.365464,0.037144,0.930084]],"s":0.796217,"sphereCenter":[62.3981,92.2998,-1.5622],"sphereRadius":33.4106,"stabilizedPalmPosition":[70.0693,114.139,24.2598],"t":[16.6858,-10.4484,-61.9219],"timeVisible":4.54406,"type":"right","wrist":[66.0413,91.6029,83.3826]}],"id":1377856,"interactionBox":{"center":[0,200,0],"size":[235.247,235.247,147.751]},"pointables":[{"bases":[[[0.549277,0.800404,0.2401],[-0.805531,0.430727,0.406932],[0.222292,-0.416927,0.881339]],[[0.426141,0.898277,-0.107246],[-0.781591,0.42527,0.456356],[0.455543,-0.11065,0.88331]],[[0.426141,0.898277,-0.107246],[-0.828818,0.435178,0.351683],[0.36258,-0.0609793,0.929956]],[[0.426141,0.898277,-0.107246],[-0.879649,0.439121,0.182733],[0.211239,0.0164687,0.977296]]],"btipPosition":[9.17609,101.188,-17.3394],"carpPosition":[41.8227,95.2466,62.6166],"dipPosition":[13.0923,101.493,0.779133],"direction":[-0.36258,0.0609793,-0.929956],"extended":true,"handId":818,"id":8180,"length":41.2847,"mcpPosition":[41.8227,95.2466,62.6166],"pipPosition":[22.8854,99.8464,25.8966],"stabilizedTipPosition":[10.244,101.387,-13.1154],"timeVisible":4.54406,"tipPosition":[11.5747,102.147,-13.4388],"tipVelocity":[-25.402,-17.554,-16.2671],"tool":false,"touchDistance":-0.270613,"touchZone":"touching","type":0,"width":16.288},{"bases":[[[0.989785,-0.142564,-0.000455709],[0.137922,0.956738,0.256182],[-0.0360864,-0.253628,0.966628]],[[0.986052,-0.108308,-0.126378],[-0.0700754,0.418568,-0.905478],[0.150969,0.901704,0.40514]],[[0.986052,-0.108308,-0.126378],[-0.163789,-0.76641,-0.621119],[-0.029585,0.633154,-0.77346]],[[0.986052,-0.108308,-0.126378],[-0.0854589,-0.981034,0.173981],[-0.142825,-0.160754,-0.976606]]],"btipPosition":[51.9937,86.7951,17.0604],"carpPosition":[52.4212,111.891,62.0447],"dipPosition":[50.0607,84.6193,3.8424],"direction":[0.029585,-0.633154,0.77346],"extended":false,"handId":818,"id":8181,"length":46.5852,"mcpPosition":[54.6321,127.43,2.82125],"pipPosition":[49.4942,96.7423,-10.967],"stabilizedTipPosition":[51.9135,86.5134,14.0875],"timeVisible":4.54406,"tipPosition":[49.9162,87.6139,4.42487],"tipVelocity":[-40.2996,-26.0102,-11.0305],"tool":false,"touchDistance":0.333333,"touchZone":"none","type":1,"width":15.5583},{"bases":[[[0.937698,-0.336517,0.0864774],[0.302446,0.913062,0.273577],[-0.171023,-0.230378,0.957955]],[[0.946266,-0.322097,0.028879],[0.152892,0.366899,-0.917611],[0.284964,0.872719,0.39643]],[[0.946266,-0.322097,0.028879],[-0.240063,-0.759473,-0.604624],[0.216681,0.565202,-0.795987]],[[0.946266,-0.322097,0.028879],[-0.320199,-0.920674,0.223229],[-0.0453133,-0.220481,-0.974338]]],"btipPosition":[57.5245,82.5385,23.5681],"carpPosition":[62.6749,111.925,61.9291],"dipPosition":[56.85,79.2563,9.06374],"direction":[-0.216681,-0.565202,0.795987],"extended":false,"handId":818,"id":8182,"length":53.0801,"mcpPosition":[72.6117,125.311,6.26984],"pipPosition":[61.731,91.9882,-8.86689],"stabilizedTipPosition":[58.1563,82.4899,20.3674],"timeVisible":4.54406,"tipPosition":[57.9286,82.5038,11.1188],"tipVelocity":[-48.6959,-46.6406,-14.1548],"tool":false,"touchDistance":0.333333,"touchZone":"none","type":2,"width":15.2803},{"bases":[[[0.876825,-0.434618,0.205635],[0.363061,0.878877,0.309454],[-0.315222,-0.196679,0.928414]],[[0.894149,-0.422042,0.149593],[0.309886,0.342101,-0.887095],[0.323216,0.839552,0.436674]],[[0.894149,-0.422042,0.149593],[-0.245705,-0.74175,-0.624048],[0.374336,0.521236,-0.766933]],[[0.894149,-0.422042,0.149593],[-0.440226,-0.889642,0.121401],[0.081848,-0.174406,-0.981266]]],"btipPosition":[68.143,81.0298,29.8265],"carpPosition":[72.5649,109.341,62.3601],"dipPosition":[69.3544,78.4485,15.303],"direction":[-0.374335,-0.521236,0.766933],"extended":false,"handId":818,"id":8183,"length":51.0379,"mcpPosition":[89.0088,119.601,13.9285],"pipPosition":[77.5691,89.8867,-1.52698],"stabilizedTipPosition":[69.9422,81.9772,26.78],"timeVisible":4.54406,"tipPosition":[70.2694,81.1147,17.8597],"tipVelocity":[-48.8321,-51.3823,-22.1159],"tool":false,"touchDistance":0.333333,"touchZone":"none","type":3,"width":14.5402},{"bases":[[[0.762326,-0.593662,0.25773],[0.465735,0.779727,0.41847],[-0.449389,-0.198977,0.870895]],[[0.813944,-0.563021,0.14319],[0.412623,0.386773,-0.824712],[0.408948,0.730352,0.547126]],[[0.813944,-0.563021,0.14319],[-0.294669,-0.612533,-0.733467],[0.500666,0.554807,-0.664472]],[[0.813944,-0.563021,0.14319],[-0.561062,-0.825766,-0.0576196],[0.150682,-0.0334393,-0.988017]]],"btipPosition":[81.3121,81.9469,29.5803],"carpPosition":[80.8808,100.935,63.1746],"dipPosition":[83.3696,81.4903,16.0895],"direction":[-0.500666,-0.554807,0.664472],"extended":false,"handId":818,"id":8184,"length":40.0128,"mcpPosition":[102.582,110.544,21.1195],"pipPosition":[91.1268,90.0863,5.79436],"stabilizedTipPosition":[83.7876,84.1759,26.8442],"timeVisible":4.54406,"tipPosition":[83.9221,83.1999,18.2553],"tipVelocity":[-50.2356,-58.6219,-26.2497],"tool":false,"touchDistance":0.333333,"touchZone":"none","type":4,"width":12.9157}],"r":[[0.882218,0.332492,0.333378],[-0.296862,0.942374,-0.154283],[-0.365464,0.037144,0.930084]],"s":0.796217,"t":[16.6858,-10.4484,-61.9219],"timestamp":747475437798},{"currentFrameRate":112.206,"devices":[],"gestures":[],"hands":[{"armBasis":[[0.979474,-0.0130337,-0.201151],[0.111644,0.865942,0.487525],[0.167831,-0.499975,0.849622]],"armWidth":51.8058,"confidence":1,"direction":[0.223752,0.35971,-0.905839],"elbow":[103.565,-20.9905,274.294],"grabAngle":3.14159,"grabStrength":1,"id":818,"palmNormal":[-0.135925,-0.908804,-0.394462],"palmPosition":[69.7889,113.588,23.9688],"palmVelocity":[-16.4124,-39.3504,-21.4023],"palmWidth":75.7756,"pinchDistance":33.737,"pinchStrength":0.0636951,"r":[[0.885953,0.326471,0.329399],[-0.290057,0.944255,-0.155725],[-0.361876,0.0424208,0.93126]],"s":0.79373,"sphereCenter":[62.295,91.8458,-1.67929],"sphereRadius":33.3799,"stabilizedPalmPosition":[69.9305,113.866,24.1157],"t":[16.5122,-10.7666,-62.083],"timeVisible":4.55271,"type":"right","wrist":[65.828,91.4306,83.2531]}],"id":1377857,"interactionBox":{"center":[0,200,0],"size":[235.247,235.247,147.751]},"pointables":[{"bases":[[[0.553599,0.797988,0.23821],[-0.803259,0.436172,0.405623],[0.219781,-0.415897,0.882455]],[[0.430682,0.895736,-0.110313],[-0.780689,0.431084,0.452427],[0.45281,-0.108732,0.884952]],[[0.430682,0.895736,-0.110313],[-0.829568,0.441046,0.342486],[0.35543,-0.0559902,0.933024]],[[0.430682,0.895736,-0.110313],[-0.873675,0.444445,0.197889],[0.226285,0.0111507,0.973997]]],"btipPosition":[8.95019,100.984,-17.5747],"carpPosition":[41.569,95.1584,62.4713],"dipPosition":[13.1454,101.191,0.482743],"direction":[-0.35543,0.0559902,-0.933024],"extended":true,"handId":818,"id":8180,"length":41.2847,"mcpPosition":[41.569,95.1584,62.4713],"pipPosition":[22.7453,99.6785,25.6831],"stabilizedTipPosition":[10.0652,101.194,-13.2818],"timeVisible":4.55271,"tipPosition":[11.364,102.022,-13.6075],"tipVelocity":[-18.6941,-26.2032,-28.8147],"tool":false,"touchDistance":-0.274768,"touchZone":"touching","type":0,"width":16.288},{"bases":[[[0.988989,-0.147991,0.000168421],[0.143104,0.956616,0.253786],[-0.0377192,-0.250967,0.96726]],[[0.985491,-0.114086,-0.125662],[-0.0676123,0.415218,-0.907206],[0.155676,0.90254,0.40148]],[[0.985491,-0.114086,-0.125662],[-0.167821,-0.765588,-0.621056],[-0.0253521,0.633135,-0.773627]],[[0.985491,-0.114086,-0.125662],[-0.0905394,-0.979615,0.179323],[-0.143559,-0.165344,-0.975732]]],"btipPosition":[51.7,86.5181,16.9528],"carpPosition":[52.2588,111.743,61.86],"dipPosition":[49.757,84.2802,3.74667],"direction":[0.0253521,-0.633134,0.773627],"extended":false,"handId":818,"id":8181,"length":46.5852,"mcpPosition":[54.5698,127.119,2.59778],"pipPosition":[49.2716,96.4028,-11.0659],"stabilizedTipPosition":[51.588,86.262,14.0027],"timeVisible":4.55271,"tipPosition":[49.6385,87.3308,4.32102],"tipVelocity":[-34.2098,-33.6677,-12.1173],"tool":false,"touchDistance":0.333333,"touchZone":"none","type":1,"width":15.5583},{"bases":[[[0.935816,-0.341434,0.0875805],[0.307381,0.912082,0.271335],[-0.172524,-0.226999,0.958492]],[[0.944478,-0.327208,0.0299479],[0.154693,0.362397,-0.919097],[0.289883,0.872699,0.392893]],[[0.944478,-0.327208,0.0299479],[-0.242743,-0.756278,-0.607552],[0.221445,0.56655,-0.793715]],[[0.944478,-0.327208,0.0299479],[-0.325446,-0.919042,0.222367],[-0.0452369,-0.219767,-0.974503]]],"btipPosition":[57.1532,82.0974,23.4411],"carpPosition":[62.5126,111.721,61.7469],"dipPosition":[56.4798,78.8259,8.93429],"direction":[-0.221445,-0.56655,0.793715],"extended":false,"handId":818,"id":8182,"length":53.0801,"mcpPosition":[72.5366,124.91,6.0565],"pipPosition":[61.4681,91.5881,-8.94516],"stabilizedTipPosition":[57.7171,82.0556,20.2677],"timeVisible":4.55271,"tipPosition":[57.6108,82.1871,11.111],"tipVelocity":[-42.892,-50.6959,-14.7438],"tool":false,"touchDistance":0.333333,"touchZone":"none","type":2,"width":15.2803},{"bases":[[[0.874376,-0.438896,0.206971],[0.367799,0.877657,0.307315],[-0.316529,-0.192586,0.928827]],[[0.891783,-0.426558,0.150902],[0.311901,0.337936,-0.887985],[0.327782,0.838956,0.434409]],[[0.891783,-0.426558,0.150902],[-0.247082,-0.738498,-0.627352],[0.379043,0.522177,-0.763975]],[[0.891783,-0.426558,0.150902],[-0.444863,-0.887474,0.120359],[0.0825815,-0.174465,-0.981194]]],"btipPosition":[67.7587,80.5599,29.6462],"carpPosition":[72.3882,109.084,62.1872],"dipPosition":[68.9809,77.9777,15.1237],"direction":[-0.379043,-0.522177,0.763975],"extended":false,"handId":818,"id":8183,"length":51.0379,"mcpPosition":[88.9002,119.13,13.7339],"pipPosition":[77.2988,89.4366,-1.64134],"stabilizedTipPosition":[69.4415,81.4479,26.6553],"timeVisible":4.55271,"tipPosition":[69.9271,80.7479,17.856],"tipVelocity":[-44.138,-54.3336,-20.8149],"tool":false,"touchDistance":0.333333,"touchZone":"none","type":3,"width":14.5402},{"bases":[[[0.758994,-0.597176,0.25944],[0.4699,0.778222,0.41661],[-0.450692,-0.194294,0.871279]],[[0.810798,-0.567117,0.144859],[0.414876,0.382235,-0.825696],[0.412897,0.729572,0.545199]],[[0.810798,-0.567117,0.144859],[-0.293263,-0.607774,-0.737975],[0.50656,0.555868,-0.659097]],[[0.810798,-0.567117,0.144859],[-0.564755,-0.823001,-0.0609995],[0.153813,-0.0323513,-0.98757]]],"btipPosition":[80.9072,81.4103,29.377],"carpPosition":[80.6575,100.634,63.0252],"dipPosition":[83.0074,80.9686,15.8923],"direction":[-0.50656,-0.555867,0.659097],"extended":false,"handId":818,"id":8184,"length":40.0128,"mcpPosition":[102.421,110.017,20.9516],"pipPosition":[90.8559,89.581,5.68043],"stabilizedTipPosition":[83.2357,83.5159,26.7133],"timeVisible":4.55271,"tipPosition":[83.5858,82.7505,18.2506],"tipVelocity":[-45.6697,-61.6256,-23.3368],"tool":false,"touchDistance":0.333333,"touchZone":"none","type":4,"width":12.9157}],"r":[[0.885953,0.326471,0.329399],[-0.290057,0.944255,-0.155725],[-0.361876,0.0424208,0.93126]],"s":0.79373,"t":[16.5122,-10.7666,-62.083],"timestamp":747475446450},{"currentFrameRate":112.351,"devices":[],"gestures":[],"hands":[{"armBasis":[[0.978545,-0.0145961,-0.205515],[0.114778,0.866988,0.484932],[0.1711,-0.498116,0.850062]],"armWidth":51.8058,"confidence":1,"direction":[0.226404,0.356485,-0.906455],"elbow":[104.063,-20.7669,274.249],"grabAngle":3.14159,"grabStrength":1,"id":818,"palmNormal":[-0.139202,-0.909225,-0.392343],"palmPosition":[69.6608,113.228,23.7732],"palmVelocity":[-14.8107,-41.5578,-22.6157],"palmWidth":75.7756,"pinchDistance":33.6155,"pinchStrength":0.0618989,"r":[[0.889081,0.321054,0.326282],[-0.283779,0.945874,-0.157453],[-0.359173,0.0473965,0.932067]],"s":0.791851,"sphereCenter":[62.208,91.3999,-1.81221],"sphereRadius":33.3587,"stabilizedPalmPosition":[69.8078,113.576,23.9599],"t":[16.3614,-11.1054,-62.2614],"timeVisible":4.56136,"type":"right","wrist":[65.5909,91.2362,83.1093]}],"id":1377858,"interactionBox":{"center":[0,200,0],"size":[235.247,235.247,147.751]},"pointables":[{"bases":[[[0.55661,0.796278,0.236909],[-0.801954,0.440532,0.403487],[0.216922,-0.414575,0.883783]],[[0.434332,0.893701,-0.112493],[-0.780555,0.435756,0.448163],[0.449543,-0.106845,0.886846]],[[0.434332,0.893701,-0.112493],[-0.830806,0.44572,0.33331],[0.34802,-0.0513076,0.936082]],[[0.434332,0.893701,-0.112493],[-0.867647,0.448641,0.214268],[0.24196,0.00454062,0.970276]]],"btipPosition":[8.74184,100.757,-17.8525],"carpPosition":[41.3153,95.0139,62.2857],"dipPosition":[13.2277,100.841,0.135853],"direction":[-0.34802,0.0513076,-0.936082],"extended":true,"handId":818,"id":8180,"length":41.2847,"mcpPosition":[41.3153,95.0139,62.2857],"pipPosition":[22.6274,99.4555,25.4188],"stabilizedTipPosition":[9.92472,100.993,-13.4906],"timeVisible":4.56136,"tipPosition":[11.2291,101.805,-13.8483],"tipVelocity":[-16.3613,-29.4942,-33.9645],"tool":false,"touchDistance":-0.279664,"touchZone":"touching","type":0,"width":16.288},{"bases":[[[0.988363,-0.152102,0.00181479],[0.14676,0.956651,0.251556],[-0.0399982,-0.248362,0.967841]],[[0.985198,-0.118591,-0.123776],[-0.0648455,0.410577,-0.909517],[0.158681,0.904081,0.39681]],[[0.985198,-0.118591,-0.123776],[-0.170092,-0.765965,-0.619973],[-0.0212848,0.63185,-0.774798]],[[0.985198,-0.118591,-0.123776],[-0.0943678,-0.978021,0.185931],[-0.143106,-0.171498,-0.974735]]],"btipPosition":[51.4694,86.2232,16.8715],"carpPosition":[52.0748,111.552,61.6463],"dipPosition":[49.5325,83.902,3.67881],"direction":[0.0212848,-0.63185,0.774798],"extended":false,"handId":818,"id":8181,"length":46.5852,"mcpPosition":[54.5254,126.769,2.34854],"pipPosition":[49.125,96,-11.1562],"stabilizedTipPosition":[51.3204,85.9903,13.9241],"timeVisible":4.56136,"tipPosition":[49.434,86.9995,4.21191],"tipVelocity":[-26.4999,-36.3087,-9.04685],"tool":false,"touchDistance":0.333333,"touchZone":"none","type":1,"width":15.5583},{"bases":[[[0.934275,-0.3451,0.089646],[0.310827,0.911479,0.269429],[-0.17469,-0.223856,0.958839]],[[0.943069,-0.331056,0.0319889],[0.156674,0.357345,-0.920738],[0.293384,0.873331,0.388869]],[[0.943069,-0.331056,0.0319889],[-0.244208,-0.754528,-0.609139],[0.225796,0.566648,-0.792418]],[[0.943069,-0.331056,0.0319889],[-0.329608,-0.917392,0.223048],[-0.044495,-0.220894,-0.974282]]],"btipPosition":[56.8523,81.6716,23.3417],"carpPosition":[62.3285,111.487,61.5465],"dipPosition":[56.1899,78.3833,8.83815],"direction":[-0.225796,-0.566648,0.792418],"extended":false,"handId":818,"id":8182,"length":53.0801,"mcpPosition":[72.4784,124.494,5.83594],"pipPosition":[61.2762,91.1477,-9.01207],"stabilizedTipPosition":[57.3444,81.6378,20.1718],"timeVisible":4.56136,"tipPosition":[57.363,81.8385,11.0538],"tipVelocity":[-34.4964,-49.6821,-11.407],"tool":false,"touchDistance":0.333333,"touchZone":"none","type":2,"width":15.2803},{"bases":[[[0.872277,-0.442004,0.209202],[0.371056,0.876894,0.305574],[-0.318513,-0.188919,0.928902]],[[0.889807,-0.42988,0.153125],[0.314084,0.333493,-0.888895],[0.331052,0.839039,0.431763]],[[0.889807,-0.42988,0.153125],[-0.247571,-0.736626,-0.629358],[0.383344,0.522097,-0.76188]],[[0.889807,-0.42988,0.153125],[-0.448593,-0.885549,0.120696],[0.0837153,-0.176087,-0.980808]]],"btipPosition":[67.4396,80.1179,29.5032],"carpPosition":[72.1925,108.81,62.0061],"dipPosition":[68.6787,77.5117,14.9865],"direction":[-0.383344,-0.522097,0.76188],"extended":false,"handId":818,"id":8183,"length":51.0379,"mcpPosition":[88.8081,118.665,13.549],"pipPosition":[77.091,88.9689,-1.73262],"stabilizedTipPosition":[69.0038,80.956,26.5301],"timeVisible":4.56136,"tipPosition":[69.6555,80.3664,17.8072],"tipVelocity":[-36.4418,-51.7424,-16.3773],"tool":false,"touchDistance":0.333333,"touchZone":"none","type":3,"width":14.5402},{"bases":[[[0.75617,-0.59967,0.261922],[0.472602,0.777312,0.41525],[-0.452608,-0.190215,0.871185]],[[0.808205,-0.570147,0.147437],[0.417208,0.377645,-0.826633],[0.415624,0.7296,0.543084]],[[0.808205,-0.570147,0.147437],[-0.291111,-0.604426,-0.741568],[0.511917,0.556418,-0.654477]],[[0.808205,-0.570147,0.147437],[-0.567575,-0.820895,-0.0631744],[0.157049,-0.0326235,-0.987052]]],"btipPosition":[80.5642,80.902,29.2129],"carpPosition":[80.4256,100.328,62.8762],"dipPosition":[82.7086,80.4565,15.7354],"direction":[-0.511917,-0.556418,0.654477],"extended":false,"handId":818,"id":8184,"length":40.0128,"mcpPosition":[102.282,109.514,20.807],"pipPosition":[90.6401,89.0775,5.59507],"stabilizedTipPosition":[82.7454,82.9045,26.5782],"timeVisible":4.56136,"tipPosition":[83.3152,82.3054,18.2252],"tipVelocity":[-38.4811,-58.8725,-18.7753],"tool":false,"touchDistance":0.333333,"touchZone":"none","type":4,"width":12.9157}],"r":[[0.889081,0.321054,0.326282],[-0.283779,0.945874,-0.157453],[-0.359173,0.0473965,0.932067]],"s":0.791851,"t":[16.3614,-11.1054,-62.2614],"timestamp":747475455099},{"currentFrameRate":112.458,"devices":[],"gestures":[],"hands":[{"armBasis":[[0.977674,-0.0167991,-0.209456],[0.11811,0.868366,0.481653],[0.173793,-0.495639,0.850963]],"armWidth":51.8058,"confidence":1,"direction":[0.230189,0.352459,-0.907075],"elbow":[104.311,-20.453,274.284],"grabAngle":3.14159,"grabStrength":1,"id":818,"palmNormal":[-0.142737,-0.909797,-0.389739],"palmPosition":[69.4802,112.774,23.5428],"palmVelocity":[-20.7425,-52.1291,-26.4696],"palmWidth":75.7756,"pinchDistance":33.4964,"pinchStrength":0.0577524,"r":[[0.89171,0.316042,0.323993],[-0.27776,0.947302,-0.159589],[-0.357356,0.0523143,0.932502]],"s":0.790548,"sphereCenter":[62.0283,90.879,-1.97079],"sphereRadius":33.3451,"stabilizedPalmPosition":[69.6675,113.232,23.7812],"t":[16.1956,-11.5017,-62.4658],"timeVisible":4.57007,"type":"right","wrist":[65.2334,90.9931,82.9416]}],"id":1377859,"interactionBox":{"center":[0,200,0],"size":[235.247,235.247,147.751]},"pointables":[{"bases":[[[0.559941,0.794323,0.235621],[-0.800712,0.445721,0.40024],[0.212898,-0.412776,0.885602]],[[0.43905,0.891188,-0.114103],[-0.780339,0.441185,0.443202],[0.445317,-0.105548,0.88913]],[[0.43905,0.891188,-0.114103],[-0.831418,0.451136,0.324378],[0.340558,-0.0475504,0.93902]],[[0.43905,0.891188,-0.114103],[-0.860769,0.453624,0.230875],[0.257513,-0.00314883,0.96627]]],"btipPosition":[8.47467,100.553,-18.1896],"carpPosition":[40.9593,94.8222,62.0488],"dipPosition":[13.2488,100.494,-0.275431],"direction":[-0.340558,0.0475504,-0.939021],"extended":true,"handId":818,"id":8180,"length":41.2847,"mcpPosition":[40.9593,94.8222,62.0488],"pipPosition":[22.447,99.2099,25.0868],"stabilizedTipPosition":[9.77645,100.802,-13.7344],"timeVisible":4.57007,"tipPosition":[11.072,101.51,-14.1746],"tipVelocity":[-23.0712,-27.2612,-40.6731],"tool":false,"touchDistance":-0.285343,"touchZone":"touching","type":0,"width":16.288},{"bases":[[[0.987605,-0.156896,0.00455793],[0.150843,0.956732,0.248818],[-0.0433994,-0.245046,0.96854]],[[0.984933,-0.123916,-0.120635],[-0.0609862,0.403869,-0.912782],[0.161829,0.906385,0.390227]],[[0.984933,-0.123916,-0.120635],[-0.172198,-0.767222,-0.617834],[-0.0159942,0.629298,-0.777]],[[0.984933,-0.123916,-0.120635],[-0.0991927,-0.976195,0.192881],[-0.141664,-0.178009,-0.973778]]],"btipPosition":[51.1755,85.8322,16.8164],"carpPosition":[51.8005,111.306,61.3808],"dipPosition":[49.2582,83.423,3.63672],"direction":[0.0159942,-0.629297,0.777],"extended":false,"handId":818,"id":8181,"length":46.5852,"mcpPosition":[54.4595,126.319,2.04026],"pipPosition":[48.9519,95.4721,-11.2404],"stabilizedTipPosition":[51.0487,85.66,13.8596],"timeVisible":4.57007,"tipPosition":[49.1842,86.5699,4.10573],"tipVelocity":[-33.2402,-47.2346,-5.98034],"tool":false,"touchDistance":0.333333,"touchZone":"none","type":1,"width":15.5583},{"bases":[[[0.932379,-0.349346,0.0928846],[0.314649,0.910821,0.26721],[-0.17795,-0.219915,0.959151]],[[0.941372,-0.33553,0.0352029],[0.159576,0.350902,-0.922715],[0.297246,0.874235,0.383872]],[[0.941372,-0.33553,0.0352029],[-0.245845,-0.753698,-0.609507],[0.23104,0.565118,-0.791998]],[[0.941372,-0.33553,0.0352029],[-0.334572,-0.915051,0.225262],[-0.0433696,-0.223833,-0.973662]]],"btipPosition":[56.4848,81.1897,23.2537],"carpPosition":[62.054,111.191,61.3046],"dipPosition":[55.8392,77.8577,8.75946],"direction":[-0.23104,-0.565118,0.791999],"extended":false,"handId":818,"id":8182,"length":53.0801,"mcpPosition":[72.3933,123.968,5.57591],"pipPosition":[61.0436,90.5877,-9.08131],"stabilizedTipPosition":[56.9833,81.2028,20.0816],"timeVisible":4.57007,"tipPosition":[57.053,81.3963,10.9671],"tipVelocity":[-41.769,-56.499,-9.85536],"tool":false,"touchDistance":0.333333,"touchZone":"none","type":2,"width":15.2803},{"bases":[[[0.869639,-0.445561,0.21261],[0.374626,0.87606,0.303603],[-0.321533,-0.184376,0.928775]],[[0.887355,-0.433704,0.156534],[0.317161,0.327704,-0.889954],[0.334679,0.839352,0.428344]],[[0.887355,-0.433704,0.156534],[-0.248313,-0.735547,-0.630327],[0.388513,0.520454,-0.760385]],[[0.887355,-0.433704,0.156534],[-0.453153,-0.883002,0.122311],[0.0851731,-0.179467,-0.98007]]],"btipPosition":[67.045,79.613,29.3763],"carpPosition":[71.9038,108.467,61.7953],"dipPosition":[68.3056,76.9568,14.8705],"direction":[-0.388513,-0.520454,0.760385],"extended":false,"handId":818,"id":8183,"length":51.0379,"mcpPosition":[88.6768,118.085,13.3449],"pipPosition":[76.8313,88.3779,-1.81575],"stabilizedTipPosition":[68.5842,80.4647,26.4069],"timeVisible":4.57007,"tipPosition":[69.3166,79.8886,17.7318],"tipVelocity":[-44.7585,-59.3152,-14.2834],"tool":false,"touchDistance":0.333333,"touchZone":"none","type":3,"width":14.5402},{"bases":[[[0.752647,-0.602491,0.26557],[0.475438,0.77634,0.41383],[-0.455501,-0.185206,0.870757]],[[0.805024,-0.573634,0.15126],[0.420461,0.371832,-0.827619],[0.418507,0.729853,0.540524]],[[0.805024,-0.573634,0.15126],[-0.289007,-0.601888,-0.74445],[0.518084,0.555585,-0.650319]],[[0.805024,-0.573634,0.15126],[-0.57106,-0.818382,-0.0643531],[0.160704,-0.034573,-0.986397]]],"btipPosition":[80.1455,80.3125,29.0672],"carpPosition":[80.0935,99.9484,62.7114],"dipPosition":[82.3398,79.8405,15.5986],"direction":[-0.518084,-0.555585,0.650319],"extended":false,"handId":818,"id":8184,"length":40.0128,"mcpPosition":[102.089,108.892,20.6629],"pipPosition":[90.3669,88.4486,5.52271],"stabilizedTipPosition":[82.2751,82.2983,26.4415],"timeVisible":4.57007,"tipPosition":[82.9776,81.7553,18.1882],"tipVelocity":[-46.7667,-68.4041,-16.5015],"tool":false,"touchDistance":0.333333,"touchZone":"none","type":4,"width":12.9157}],"r":[[0.89171,0.316042,0.323993],[-0.27776,0.947302,-0.159589],[-0.357356,0.0523143,0.932502]],"s":0.790548,"t":[16.1956,-11.5017,-62.4658],"timestamp":747475463805},{"currentFrameRate":112.606,"devices":[],"gestures":[],"hands":[{"armBasis":[[0.976855,-0.0201025,-0.212955],[0.122054,0.869974,0.477753],[0.175661,-0.492688,0.852292]],"armWidth":51.8058,"confidence":1,"direction":[0.233853,0.348101,-0.907821],"elbow":[104.355,-20.0412,274.381],"grabAngle":3.14159,"grabStrength":1,"id":818,"palmNormal":[-0.146755,-0.910376,-0.386884],"palmPosition":[69.28,112.291,23.2719],"palmVelocity":[-23.2311,-56.0875,-31.414],"palmWidth":75.7756,"pinchDistance":33.3837,"pinchStrength":0.0513815,"r":[[0.893985,0.311297,0.322311],[-0.271877,0.948586,-0.162073],[-0.356192,0.0572622,0.932657]],"s":0.789795,"sphereCenter":[61.7628,90.3613,-2.16031],"sphereRadius":33.3421,"stabilizedPalmPosition":[69.5135,112.858,23.5788],"t":[16.0126,-11.9417,-62.7035],"timeVisible":4.57869,"type":"right","wrist":[64.8564,90.7413,82.7406]}],"id":1377860,"interactionBox":{"center":[0,200,0],"size":[235.247,235.247,147.751]},"pointables":[{"bases":[[[0.563651,0.792174,0.234006],[-0.799147,0.451315,0.397088],[0.208952,-0.410824,0.887447]],[[0.444371,0.88838,-0.115392],[-0.77946,0.44691,0.438991],[0.441561,-0.105131,0.891051]],[[0.444371,0.88838,-0.115392],[-0.830991,0.456886,0.317347],[0.334646,-0.0451299,0.941263]],[[0.444371,0.88838,-0.115392],[-0.853586,0.458977,0.246436],[0.271891,-0.0110115,0.962265]]],"btipPosition":[8.1526,100.416,-18.5223],"carpPosition":[40.588,94.6224,61.7822],"dipPosition":[13.1933,100.212,-0.682436],"direction":[-0.334646,0.0451299,-0.941263],"extended":true,"handId":818,"id":8180,"length":41.2847,"mcpPosition":[40.588,94.6224,61.7822],"pipPosition":[22.2319,98.9928,24.7404],"stabilizedTipPosition":[9.60532,100.642,-13.9867],"timeVisible":4.57869,"tipPosition":[10.8732,101.195,-14.5228],"tipVelocity":[-30.2439,-19.7445,-40.5748],"tool":false,"touchDistance":-0.290389,"touchZone":"touching","type":0,"width":16.288},{"bases":[[[0.986752,-0.162079,0.00708658],[0.15539,0.95678,0.245819],[-0.0466223,-0.241461,0.96929]],[[0.984566,-0.129718,-0.117485],[-0.0573474,0.395109,-0.916842],[0.165351,0.909429,0.381572]],[[0.984566,-0.129718,-0.117485],[-0.174684,-0.769512,-0.614277],[-0.010723,0.625319,-0.780295]],[[0.984566,-0.129718,-0.117485],[-0.104387,-0.974075,0.200704],[-0.140474,-0.185342,-0.972582]]],"btipPosition":[50.8529,85.4249,16.8102],"carpPosition":[51.5173,111.046,61.0792],"dipPosition":[48.9516,82.9164,3.64673],"direction":[0.010723,-0.625319,0.780295],"extended":false,"handId":818,"id":8181,"length":46.5852,"mcpPosition":[54.3738,125.84,1.69263],"pipPosition":[48.7463,94.8893,-11.2935],"stabilizedTipPosition":[50.7645,85.2954,13.8251],"timeVisible":4.57869,"tipPosition":[48.906,86.1087,4.02215],"tipVelocity":[-36.9908,-49.8924,-0.284925],"tool":false,"touchDistance":0.333333,"touchZone":"none","type":1,"width":15.5583},{"bases":[[[0.930336,-0.353928,0.0959654],[0.318914,0.910071,0.264699],[-0.18102,-0.215654,0.959544]],[[0.939517,-0.340359,0.0382546],[0.161992,0.343171,-0.925199],[0.301772,0.875437,0.37755]],[[0.939517,-0.340359,0.0382546],[-0.248369,-0.753946,-0.608176],[0.23584,0.56189,-0.79288]],[[0.939517,-0.340359,0.0382546],[-0.339751,-0.912011,0.229795],[-0.0433243,-0.228893,-0.972487]]],"btipPosition":[56.0977,80.7306,23.194],"carpPosition":[61.7702,110.877,61.024],"dipPosition":[55.4527,77.3232,8.71723],"direction":[-0.23584,-0.56189,0.79288],"extended":false,"handId":818,"id":8182,"length":53.0801,"mcpPosition":[72.2878,123.407,5.27244],"pipPosition":[60.7653,89.9805,-9.1434],"stabilizedTipPosition":[56.6249,80.7674,20.0063],"timeVisible":4.57869,"tipPosition":[56.7054,80.926,10.8643],"tipVelocity":[-44.8797,-55.2638,-6.4608],"tool":false,"touchDistance":0.333333,"touchZone":"none","type":2,"width":15.2803},{"bases":[[[0.866852,-0.449397,0.215895],[0.378634,0.87512,0.301332],[-0.324352,-0.179465,0.928756]],[[0.884741,-0.437826,0.159815],[0.319818,0.320861,-0.891496],[0.339042,0.839855,0.423904]],[[0.884741,-0.437826,0.159815],[-0.250151,-0.735381,-0.629794],[0.393265,0.517227,-0.760144]],[[0.884741,-0.437826,0.159815],[-0.458195,-0.879854,0.126151],[0.0853814,-0.184838,-0.979053]]],"btipPosition":[66.631,79.1254,29.2627],"carpPosition":[71.6044,108.103,61.5439],"dipPosition":[67.8947,76.3897,14.7719],"direction":[-0.393265,-0.517227,0.760144],"extended":false,"handId":818,"id":8183,"length":51.0379,"mcpPosition":[88.5246,117.465,13.0944],"pipPosition":[76.5247,87.74,-1.90906],"stabilizedTipPosition":[68.1768,79.9823,26.29],"timeVisible":4.57869,"tipPosition":[68.9449,79.3822,17.6137],"tipVelocity":[-47.9382,-58.6716,-12.7795],"tool":false,"touchDistance":0.333333,"touchZone":"none","type":3,"width":14.5402},{"bases":[[[0.748928,-0.605524,0.269161],[0.478699,0.775253,0.412105],[-0.458207,-0.17979,0.870472]],[[0.801603,-0.577397,0.155063],[0.423444,0.365227,-0.829038],[0.422051,0.73022,0.537263]],[[0.801603,-0.577397,0.155063],[-0.288001,-0.600224,-0.746181],[0.523916,0.553483,-0.647433]],[[0.801603,-0.577397,0.155063],[-0.575145,-0.815571,-0.0636536],[0.163219,-0.038159,-0.985852]]],"btipPosition":[79.706,79.7186,28.9146],"carpPosition":[79.7472,99.5448,62.5058],"dipPosition":[81.9347,79.1975,15.4534],"direction":[-0.523916,-0.553483,0.647433],"extended":false,"handId":818,"id":8184,"length":40.0128,"mcpPosition":[101.874,108.227,20.4711],"pipPosition":[90.0521,87.7731,5.42225],"stabilizedTipPosition":[81.8216,81.703,26.3042],"timeVisible":4.57869,"tipPosition":[82.6096,81.1731,18.0986],"tipVelocity":[-50.0595,-70.1963,-17.5032],"tool":false,"touchDistance":0.333333,"touchZone":"none","type":4,"width":12.9157}],"r":[[0.893985,0.311297,0.322311],[-0.271877,0.948586,-0.162073],[-0.356192,0.0572622,0.932657]],"s":0.789795,"t":[16.0126,-11.9417,-62.7035],"timestamp":747475472427},{"currentFrameRate":112.573,"devices":[],"gestures":[],"hands":[{"armBasis":[[0.976322,-0.0228329,-0.215116],[0.12476,0.871806,0.473698],[0.176723,-0.48932,0.854011]],"armWidth":51.8058,"confidence":1,"direction":[0.236391,0.344954,-0.908365],"elbow":[104.29,-19.5632,274.584],"grabAngle":3.14159,"grabStrength":1,"id":818,"palmNormal":[-0.149163,-0.910896,-0.384733],"palmPosition":[69.1028,111.828,23.0309],"palmVelocity":[-19.814,-51.7329,-26.9536],"palmWidth":75.7756,"pinchDistance":33.2673,"pinchStrength":0.0434388,"r":[[0.895887,0.307066,0.321087],[-0.266491,0.949671,-0.164647],[-0.355484,0.0619382,0.932628]],"s":0.789508,"sphereCenter":[61.5332,89.8953,-2.32898],"sphereRadius":33.3452,"stabilizedPalmPosition":[69.3558,112.463,23.3685],"t":[15.8325,-12.393,-62.9428],"timeVisible":4.58763,"type":"right","wrist":[64.5537,90.4621,82.5561]}],"id":1377861,"interactionBox":{"center":[0,200,0],"size":[235.247,235.247,147.751]},"pointables":[{"bases":[[[0.565901,0.790922,0.232806],[-0.798262,0.454981,0.394676],[0.206235,-0.409188,0.888837]],[[0.448117,0.886473,-0.115573],[-0.77905,0.450643,0.435891],[0.438488,-0.105293,0.892548]],[[0.448117,0.886473,-0.115573],[-0.83071,0.460678,0.312563],[0.330321,-0.0440569,0.94284]],[[0.448117,0.886473,-0.115573],[-0.847753,0.462413,0.259786],[0.283736,-0.0184371,0.958725]]],"btipPosition":[7.88328,100.264,-18.8008],"carpPosition":[40.2937,94.3552,61.5429],"dipPosition":[13.1436,99.9223,-1.02658],"direction":[-0.330321,0.0440569,-0.94284],"extended":true,"handId":818,"id":8180,"length":41.2847,"mcpPosition":[40.2937,94.3552,61.5429],"pipPosition":[22.0653,98.7323,24.4389],"stabilizedTipPosition":[9.42988,100.486,-14.2354],"timeVisible":4.58763,"tipPosition":[10.6975,100.819,-14.8233],"tipVelocity":[-24.4719,-20.5182,-32.8386],"tool":false,"touchDistance":-0.294088,"touchZone":"touching","type":0,"width":16.288},{"bases":[[[0.9862,-0.165309,0.00903079],[0.158168,0.956902,0.243561],[-0.0489044,-0.238771,0.969844]],[[0.984391,-0.133531,-0.114646],[-0.0550675,0.385015,-0.921266],[0.167158,0.913199,0.371652]],[[0.984391,-0.133531,-0.114646],[-0.17585,-0.772625,-0.610022],[-0.00712154,0.620661,-0.784047]],[[0.984391,-0.133531,-0.114646],[-0.107758,-0.972335,0.207252],[-0.139149,-0.191663,-0.971547]]],"btipPosition":[50.6052,85.0014,16.9064],"carpPosition":[51.2782,110.741,60.8139],"dipPosition":[48.7219,82.4073,3.75694],"direction":[0.00712154,-0.620661,0.784047],"extended":false,"handId":818,"id":8181,"length":46.5852,"mcpPosition":[54.2745,125.37,1.39339],"pipPosition":[48.5856,94.291,-11.2551],"stabilizedTipPosition":[50.5024,84.9014,13.8503],"timeVisible":4.58763,"tipPosition":[48.7014,85.6386,4.01432],"tipVelocity":[-27.2403,-49.5703,11.1194],"tool":false,"touchDistance":0.333333,"touchZone":"none","type":1,"width":15.5583},{"bases":[[[0.929016,-0.356738,0.0983228],[0.321507,0.909704,0.262815],[-0.183201,-0.212547,0.959823]],[[0.93833,-0.343351,0.040591],[0.162965,0.335678,-0.927773],[0.304926,0.877172,0.37093]],[[0.93833,-0.343351,0.040591],[-0.250224,-0.755419,-0.605582],[0.238591,0.558079,-0.794747]],[[0.93833,-0.343351,0.040591],[-0.342926,-0.909298,0.23575],[-0.0440356,-0.235131,-0.970966]]],"btipPosition":[55.8129,80.3234,23.2009],"carpPosition":[61.5305,110.538,60.775],"dipPosition":[55.1574,76.8232,8.74676],"direction":[-0.238591,-0.558079,0.794747],"extended":false,"handId":818,"id":8182,"length":53.0801,"mcpPosition":[72.1749,122.887,5.00716],"pipPosition":[60.532,89.3946,-9.15592],"stabilizedTipPosition":[56.2909,80.3341,19.9612],"timeVisible":4.58763,"tipPosition":[56.4342,80.4609,10.8004],"tipVelocity":[-32.1173,-47.9264,1.35289],"tool":false,"touchDistance":0.333333,"touchZone":"none","type":2,"width":15.2803},{"bases":[[[0.865033,-0.451684,0.218403],[0.381056,0.874653,0.299631],[-0.326365,-0.175967,0.92872]],[[0.883046,-0.440319,0.162321],[0.321178,0.314862,-0.893144],[0.34216,0.840822,0.419458]],[[0.883046,-0.440319,0.162321],[-0.251646,-0.736244,-0.628187],[0.39611,0.513871,-0.760943]],[[0.883046,-0.440319,0.162321],[-0.461615,-0.877281,0.13149],[0.0845033,-0.191041,-0.977938]]],"btipPosition":[66.3265,78.7041,29.1963],"carpPosition":[71.3548,107.733,61.3172],"dipPosition":[67.5773,75.8765,14.722],"direction":[-0.39611,-0.513871,0.760943],"extended":false,"handId":818,"id":8183,"length":51.0379,"mcpPosition":[88.38,116.913,12.8696],"pipPosition":[76.2697,87.1532,-1.9765],"stabilizedTipPosition":[67.7897,79.5046,26.1852],"timeVisible":4.58763,"tipPosition":[68.6549,78.9009,17.511],"tipVelocity":[-34.3808,-49.4882,-7.00504],"tool":false,"touchDistance":0.333333,"touchZone":"none","type":3,"width":14.5402},{"bases":[[[0.746514,-0.607281,0.271895],[0.480621,0.774747,0.410818],[-0.460132,-0.176003,0.870231]],[[0.799367,-0.57969,0.158027],[0.42524,0.360017,-0.830396],[0.42448,0.730991,0.534293]],[[0.799367,-0.57969,0.158027],[-0.287043,-0.599494,-0.747137],[0.527843,0.551876,-0.645612]],[[0.799367,-0.57969,0.158027],[-0.577933,-0.813752,-0.0616523],[0.164334,-0.0420461,-0.985508]]],"btipPosition":[79.3754,79.1978,28.7847],"carpPosition":[79.4678,99.1504,62.314],"dipPosition":[81.6193,78.6237,15.3283],"direction":[-0.527843,-0.551876,0.645612],"extended":false,"handId":818,"id":8184,"length":40.0128,"mcpPosition":[101.687,107.65,20.291],"pipPosition":[89.7976,87.1743,5.3253],"stabilizedTipPosition":[81.3906,81.1141,26.167],"timeVisible":4.58763,"tipPosition":[82.3284,80.6474,17.9887],"tipVelocity":[-36.5834,-59.6143,-14.4027],"tool":false,"touchDistance":0.333333,"touchZone":"none","type":4,"width":12.9157}],"r":[[0.895887,0.307066,0.321087],[-0.266491,0.949671,-0.164647],[-0.355484,0.0619382,0.932628]