{"frames":83,"data":[{"currentFrameRate":106.436,"devices":[],"gestures":[],"hands":[{"armBasis":[[0.932605,0.138154,-0.333408],[0.138505,0.716075,0.684144],[0.333262,-0.684215,0.64868]],"armWidth":64.0774,"confidence":1,"direction":[0.0692572,0.679804,-0.730116],"elbow":[135.33,-83.5231,308.884],"grabAngle":1.16392,"grabStrength":0.166939,"id":821,"palmNormal":[-0.138721,-0.7182,-0.681869],"palmPosition":[37.3726,152.629,74.8838],"palmVelocity":[10.9889,-11.5417,-4.55532],"palmWidth":91.6209,"pinchDistance":96.5406,"pinchStrength":0,"r":[[0.978755,-0.0119935,0.204681],[0.0339649,0.993979,-0.104172],[-0.202199,0.108911,0.97327]],"s":1.3264,"sphereCenter":[52.4177,123.983,8.59309],"sphereRadius":78.3399,"stabilizedPalmPosition":[37.4198,154.058,75.5802],"t":[28.0855,-8.64422,-70.2587],"timeVisible":6.11508,"type":"right","wrist":[44.7264,102.494,132.528]}],"id":1381331,"interactionBox":{"center":[0,200,0],"size":[235.247,235.247,147.751]},"pointables":[{"bases":[[[0.535121,0.715271,0.44948],[-0.760052,0.175403,0.625743],[0.368736,-0.676477,0.637505]],[[0.268786,0.961515,0.0569535],[-0.750674,0.172063,0.637874],[0.603526,-0.214205,0.768032]],[[0.268786,0.961515,0.0569535],[-0.792059,0.186995,0.581099],[0.548085,-0.201301,0.811838]],[[0.268786,0.961515,0.0569535],[-0.851186,0.209437,0.481267],[0.450817,-0.177836,0.874722]]],"btipPosition":[-48.8516,133.917,25.2405],"carpPosition":[11.6875,111.76,113.587],"dipPosition":[-37.9523,129.617,46.3885],"direction":[-0.548085,0.201302,-0.811838],"extended":true,"handId":821,"id":8210,"length":53.8382,"mcpPosition":[11.6875,111.76,113.587],"pipPosition":[-18.6476,122.527,74.9831],"stabilizedTipPosition":[-46.6098,133.2,30.362],"timeVisible":6.11508,"tipPosition":[-45.9059,134.746,31.7868],"tipVelocity":[13.9781,-9.74438,-6.97232],"tool":false,"touchDistance":-0.306215,"touchZone":"touching","type":0,"width":20.3519},{"bases":[[[0.985511,-0.0322582,-0.166518],[0.122709,0.813364,0.568666],[0.117096,-0.58086,0.805537]],[[0.990504,-0.136168,-0.0189736],[0.110564,0.706917,0.698601],[-0.0817143,-0.694065,0.71526]],[[0.990504,-0.136168,-0.0189736],[0.136208,0.953175,0.270009],[-0.0186814,-0.270029,0.962671]],[[0.990504,-0.136168,-0.0189736],[0.131418,0.978287,-0.160262],[0.0403842,0.156247,0.986892]]],"btipPosition":[17.8939,209.837,-14.0901],"carpPosition":[23.188,132.019,118.784],"dipPosition":[18.6066,212.595,3.32862],"direction":[0.0186814,0.270029,-0.962671],"extended":true,"handId":821,"id":8211,"length":60.7504,"mcpPosition":[14.5136,175.049,59.11],"pipPosition":[18.1402,205.853,27.3655],"stabilizedTipPosition":[18.0156,210.637,-9.99898],"timeVisible":6.11508,"tipPosition":[15.3733,212.226,-7.67798],"tipVelocity":[12.1093,-41.2187,-21.9177],"tool":false,"touchDistance":-0.305021,"touchZone":"touching","type":1,"width":19.4401},{"bases":[[[0.956815,-0.248621,-0.150644],[0.290096,0.783251,0.549875],[-0.0187186,-0.56983,0.82155]],[[0.944755,-0.326005,-0.0340541],[0.278526,0.743674,0.60776],[-0.172807,-0.583669,0.793391]],[[0.944755,-0.326005,-0.0340541],[0.327772,0.940291,0.0917472],[0.00211078,-0.0978406,0.9952]],[[0.944755,-0.326005,-0.0340541],[0.279377,0.855224,-0.436509],[0.171428,0.40288,0.899055]]],"btipPosition":[41.9459,197.509,-26.6701],"carpPosition":[35.4162,133.362,117.239],"dipPosition":[45.2738,205.33,-9.21685],"direction":[-0.00211078,0.0978406,-0.9952],"extended":true,"handId":821,"id":8212,"length":69.2203,"mcpPosition":[36.7312,173.393,59.5232],"pipPosition":[45.3358,202.456,20.018],"stabilizedTipPosition":[42.7055,199.38,-22.6356],"timeVisible":6.11508,"tipPosition":[43.2256,204.589,-20.7758],"tipVelocity":[5.06329,-56.2566,-16.0195],"tool":false,"touchDistance":-0.303745,"touchZone":"touching","type":2,"width":19.0928},{"bases":[[[0.919022,-0.388099,-0.0691244],[0.35697,0.744922,0.563616],[-0.167246,-0.542651,0.82314]],[[0.900308,-0.435224,0.00501303],[0.367645,0.766578,0.526493],[-0.232985,-0.472163,0.850165]],[[0.900308,-0.435224,0.00501303],[0.433228,0.89495,-0.106666],[0.0419371,0.0982039,0.994282]],[[0.900308,-0.435224,0.00501303],[0.327257,0.669284,-0.667055],[0.286963,0.602195,0.744992]]],"btipPosition":[62.036,173.069,-18.7879],"carpPosition":[47.4724,131.482,115.204],"dipPosition":[67.5748,184.692,-4.40858],"direction":[-0.0419371,-0.0982039,-0.994282],"extended":true,"handId":821,"id":8213,"length":66.5571,"mcpPosition":[58.0213,165.71,63.285],"pipPosition":[68.7749,187.503,24.045],"stabilizedTipPosition":[63.3076,175.762,-15.4783],"timeVisible":6.11508,"tipPosition":[65.7366,182.556,-15.3748],"tipVelocity":[5.72688,-45.2354,-5.49712],"tool":false,"touchDistance":-0.29065,"touchZone":"touching","type":3,"width":18.168},{"bases":[[[0.821789,-0.566008,-0.0655595],[0.479378,0.624602,0.616497],[-0.307994,-0.538058,0.784623]],[[0.781904,-0.622968,0.0231631],[0.543872,0.699846,0.463054],[-0.304679,-0.349466,0.886027]],[[0.781904,-0.622968,0.0231631],[0.596446,0.736773,-0.318462],[0.181326,0.262822,0.947653]],[[0.781904,-0.622968,0.0231631],[0.41956,0.498392,-0.758667],[0.461081,0.602923,0.651067]]],"btipPosition":[75.3245,150.833,2.3422],"carpPosition":[58.0863,122.699,111.259],"dipPosition":[83.5346,161.569,13.9353],"direction":[-0.181326,-0.262822,-0.947653],"extended":false,"handId":821,"id":8214,"length":52.1796,"mcpPosition":[76.0692,154.115,65.4469],"pipPosition":[87.1983,166.88,33.0826],"stabilizedTipPosition":[77.2009,153.313,5.01104],"timeVisible":6.11508,"tipPosition":[80.2547,157.357,4.5861],"tipVelocity":[16.6848,-14.5275,-3.41981],"tool":false,"touchDistance":-0.284425,"touchZone":"touching","type":4,"width":16.1383}],"r":[[0.978755,-0.0119935,0.204681],[0.0339649,0.993979,-0.104172],[-0.202199,0.108911,0.97327]],"s":1.3264,"t":[28.0855,-8.64422,-70.2587],"timestamp":747506094487},{"currentFrameRate":106.955,"devices":[],"gestures":[],"hands":[{"armBasis":[[0.932502,0.139517,-0.33313],[0.137644,0.715478,0.684942],[0.333908,-0.684562,0.647981]],"armWidth":64.0776,"confidence":1,"direction":[0.0697503,0.678783,-0.731019],"elbow":[135.608,-83.6411,308.716],"grabAngle":1.16606,"grabStrength":0.167689,"id":821,"palmNormal":[-0.138026,-0.719188,-0.680968],"palmPosition":[37.5015,152.543,74.8454],"palmVelocity":[15.3497,-10.3078,-4.57271],"palmWidth":91.6217,"pinchDistance":96.4098,"pinchStrength":0,"r":[[0.97857,-0.0114195,0.205597],[0.033512,0.993981,-0.104297],[-0.203168,0.108952,0.973063]],"s":1.32464,"sphereCenter":[52.452,123.536,8.50142],"sphereRadius":78.4455,"stabilizedPalmPosition":[37.4242,153.975,75.5404],"t":[28.1894,-8.75194,-70.3008],"timeVisible":6.12348,"type":"right","wrist":[44.8282,102.472,132.548]}],"id":1381332,"interactionBox":{"center":[0,200,0],"size":[235.247,235.247,147.751]},"pointables":[{"bases":[[[0.534621,0.715999,0.448916],[-0.760606,0.176155,0.624859],[0.368319,-0.67551,0.63877]],[[0.269423,0.961337,0.0569414],[-0.750853,0.172673,0.637497],[0.603018,-0.214511,0.768345]],[[0.269423,0.961337,0.0569414],[-0.791997,0.18755,0.581004],[0.547862,-0.201633,0.811906]],[[0.269423,0.961337,0.0569414],[-0.850751,0.20989,0.481839],[0.451259,-0.178262,0.874407]]],"btipPosition":[-48.7262,133.918,25.2274],"carpPosition":[11.7908,111.724,113.585],"dipPosition":[-37.8161,129.608,46.3679],"direction":[-0.547862,0.201633,-0.811906],"extended":true,"handId":821,"id":8210,"length":53.8387,"mcpPosition":[11.7908,111.724,113.585],"pipPosition":[-18.5191,122.506,74.9652],"stabilizedTipPosition":[-46.4714,133.104,30.2661],"timeVisible":6.12348,"tipPosition":[-45.7435,134.564,31.6848],"tipVelocity":[15.2333,-0.178638,-1.76532],"tool":false,"touchDistance":-0.30415,"touchZone":"touching","type":0,"width":20.3519},{"bases":[[[0.985655,-0.0323216,-0.165648],[0.122092,0.814189,0.567618],[0.116522,-0.5797,0.806456]],[[0.990552,-0.13594,-0.0180711],[0.110059,0.709423,0.696137],[-0.0818129,-0.691549,0.717682]],[[0.990552,-0.13594,-0.0180711],[0.13582,0.954287,0.266251],[-0.0189492,-0.26619,0.963734]],[[0.990552,-0.13594,-0.0180711],[0.131167,0.977632,-0.164413],[0.0400171,0.160489,0.986226]]],"btipPosition":[18.0494,209.442,-14.3024],"carpPosition":[23.2836,131.992,118.763],"dipPosition":[18.7557,212.275,3.10471],"direction":[0.0189492,0.26619,-0.963734],"extended":true,"handId":821,"id":8211,"length":60.751,"mcpPosition":[14.6515,174.936,59.0206],"pipPosition":[18.2826,205.628,27.1684],"stabilizedTipPosition":[18.1369,210.301,-10.1842],"timeVisible":6.12348,"tipPosition":[15.5939,211.995,-7.84971],"tipVelocity":[18.3434,-44.9492,-25.5957],"tool":false,"touchDistance":-0.306077,"touchZone":"touching","type":1,"width":19.4401},{"bases":[[[0.956983,-0.248667,-0.149491],[0.289499,0.784078,0.549009],[-0.0193074,-0.56867,0.822339]],[[0.944879,-0.325752,-0.0330177],[0.278413,0.746285,0.604604],[-0.17231,-0.58047,0.795842]],[[0.944879,-0.325752,-0.0330177],[0.327409,0.940897,0.0866981],[0.00282418,-0.0927294,0.995687]],[[0.944879,-0.325752,-0.0330177],[0.278475,0.852572,-0.442237],[0.172209,0.408665,0.896291]]],"btipPosition":[42.0232,196.979,-26.822],"carpPosition":[35.513,133.335,117.226],"dipPosition":[45.3663,204.913,-9.42228],"direction":[-0.00282418,0.0927294,-0.995687],"extended":true,"handId":821,"id":8212,"length":69.2208,"mcpPosition":[36.8694,173.285,59.4548],"pipPosition":[45.4492,202.189,19.8272],"stabilizedTipPosition":[42.7776,198.9,-22.7893],"timeVisible":6.12348,"tipPosition":[43.4127,204.254,-20.9221],"tipVelocity":[9.62268,-59.9943,-19.5524],"tool":false,"touchDistance":-0.304167,"touchZone":"touching","type":2,"width":19.0928},{"bases":[[[0.919147,-0.388036,-0.0678063],[0.356369,0.745781,0.56286],[-0.167841,-0.541515,0.823766]],[[0.900462,-0.434891,0.00610654],[0.367698,0.768685,0.523375],[-0.232305,-0.469034,0.85208]],[[0.900462,-0.434891,0.00610654],[0.432826,0.894628,-0.110921],[0.0427754,0.102523,0.99381]],[[0.900462,-0.434891,0.00610654],[0.326784,0.667222,-0.669348],[0.287019,0.604719,0.742924]]],"btipPosition":[62.1162,172.653,-18.8633],"carpPosition":[47.5713,131.454,115.204],"dipPosition":[67.6561,184.325,-4.52382],"direction":[-0.0427754,-0.102523,-0.99381],"extended":true,"handId":821,"id":8213,"length":66.5577,"mcpPosition":[58.1579,165.61,63.2453],"pipPosition":[68.8802,187.259,23.9165],"stabilizedTipPosition":[63.3847,175.367,-15.5593],"timeVisible":6.12348,"tipPosition":[65.8972,182.241,-15.4337],"tipVelocity":[9.5751,-48.1798,-10.0716],"tool":false,"touchDistance":-0.291187,"touchZone":"touching","type":3,"width":18.168},{"bases":[[[0.821941,-0.565957,-0.0640711],[0.478754,0.625557,0.616014],[-0.308557,-0.537001,0.785126]],[[0.782247,-0.622498,0.0241955],[0.543719,0.701178,0.461214],[-0.30407,-0.347628,0.886959]],[[0.782247,-0.622498,0.0241955],[0.596277,0.736919,-0.31844],[0.180398,0.263526,0.947634]],[[0.782247,-0.622498,0.0241955],[0.420456,0.4989,-0.757836],[0.459681,0.602988,0.651996]]],"btipPosition":[75.4829,150.658,2.28324],"carpPosition":[58.1902,122.667,111.28],"dipPosition":[83.6682,161.395,13.893],"direction":[-0.180398,-0.263526,-0.947634],"extended":false,"handId":821,"id":8214,"length":52.18,"mcpPosition":[76.2062,154.021,65.4387],"pipPosition":[87.3132,166.719,33.0401],"stabilizedTipPosition":[77.3486,153.146,4.95941],"timeVisible":6.12348,"tipPosition":[80.4293,157.162,4.57849],"tipVelocity":[18.1819,-20.8874,-6.56375],"tool":false,"touchDistance":-0.285143,"touchZone":"touching","type":4,"width":16.1382}],"r":[[0.97857,-0.0114195,0.205597],[0.033512,0.993981,-0.104297],[-0.203168,0.108952,0.973063]],"s":1.32464,"t":[28.1894,-8.75194,-70.3008],"timestamp":747506102886},{"currentFrameRate":107.786,"devices":[],"gestures":[],"hands":[{"armBasis":[[0.932468,0.140503,-0.332811],[0.13703,0.714851,0.68572],[0.334256,-0.685016,0.647322]],"armWidth":64.0777,"confidence":1,"direction":[0.0703974,0.677694,-0.731966],"elbow":[135.812,-83.7717,308.571],"grabAngle":1.16763,"grabStrength":0.168482,"id":821,"palmNormal":[-0.137585,-0.720177,-0.680012],"palmPosition":[37.6495,152.471,74.8174],"palmVelocity":[19.0575,-9.28164,-3.6104],"palmWidth":91.6224,"pinchDistance":96.3072,"pinchStrength":0,"r":[[0.978389,-0.0109228,0.206484],[0.0331898,0.993951,-0.104686],[-0.204091,0.109276,0.972834]],"s":1.32308,"sphereCenter":[52.5163,123.183,8.45848],"sphereRadius":78.5092,"stabilizedPalmPosition":[37.4355,153.9,75.5043],"t":[28.3153,-8.84184,-70.3358],"timeVisible":6.13124,"type":"right","wrist":[44.9364,102.467,132.58]}],"id":1381333,"interactionBox":{"center":[0,200,0],"size":[235.247,235.247,147.751]},"pointables":[{"bases":[[[0.534359,0.716598,0.448272],[-0.761068,0.177168,0.624009],[0.367744,-0.67461,0.640051]],[[0.270202,0.961135,0.0566657],[-0.751001,0.173568,0.63708],[0.602484,-0.214697,0.768712]],[[0.270202,0.961135,0.0566657],[-0.791947,0.188397,0.580799],[0.54755,-0.20181,0.812072]],[[0.270202,0.961135,0.0566657],[-0.850451,0.210667,0.48203],[0.451359,-0.178437,0.87432]]],"btipPosition":[-48.5784,133.925,25.2172],"carpPosition":[11.9037,111.711,113.598],"dipPosition":[-37.6658,129.611,46.3558],"direction":[-0.54755,0.20181,-0.812072],"extended":true,"handId":821,"id":8210,"length":53.8391,"mcpPosition":[11.9037,111.711,113.598],"pipPosition":[-18.3797,122.503,74.9591],"stabilizedTipPosition":[-46.3218,133.04,30.1966],"timeVisible":6.13124,"tipPosition":[-45.5692,134.424,31.6039],"tipVelocity":[19.1007,0.878356,-1.37193],"tool":false,"touchDistance":-0.302228,"touchZone":"touching","type":0,"width":20.3519},{"bases":[[[0.985779,-0.0326833,-0.164837],[0.12175,0.815012,0.566509],[0.115828,-0.578522,0.807401]],[[0.990561,-0.135981,-0.0172538],[0.109755,0.711441,0.694122],[-0.0821126,-0.689464,0.71965]],[[0.990561,-0.135981,-0.0172538],[0.135707,0.955182,0.26308],[-0.0192934,-0.262938,0.96462]],[[0.990561,-0.135981,-0.0172538],[0.131175,0.976931,-0.168521],[0.0397716,0.164668,0.985547]]],"btipPosition":[18.2384,209.103,-14.4793],"carpPosition":[23.395,131.986,118.755],"dipPosition":[18.9404,212.009,2.91591],"direction":[0.0192934,0.262938,-0.96462],"extended":true,"handId":821,"id":8211,"length":60.7514,"mcpPosition":[14.8143,174.843,58.9417],"pipPosition":[18.4586,205.444,27.0018],"stabilizedTipPosition":[18.2898,209.993,-10.3553],"timeVisible":6.13124,"tipPosition":[15.8371,211.784,-8.00565],"tipVelocity":[24.2067,-41.5712,-23.1333],"tool":false,"touchDistance":-0.306497,"touchZone":"touching","type":1,"width":19.4401},{"bases":[[[0.957069,-0.249001,-0.148383],[0.289168,0.784854,0.548074],[-0.020012,-0.567453,0.823163]],[[0.944901,-0.325787,-0.0320031],[0.278422,0.748389,0.601992],[-0.172171,-0.577733,0.79786]],[[0.944901,-0.325787,-0.0320031],[0.327339,0.941302,0.0824612],[0.0032598,-0.0883936,0.99608]],[[0.944901,-0.325787,-0.0320031],[0.277987,0.850185,-0.447111],[0.172872,0.413579,0.893906]]],"btipPosition":[42.153,196.526,-26.9476],"carpPosition":[35.6258,133.325,117.225],"dipPosition":[45.509,204.555,-9.59409],"direction":[-0.0032598,0.0883936,-0.99608],"extended":true,"handId":821,"id":8212,"length":69.2213,"mcpPosition":[37.0317,173.191,59.3955],"pipPosition":[45.6047,201.958,19.6671],"stabilizedTipPosition":[42.8959,198.476,-22.9234],"timeVisible":6.13124,"tipPosition":[43.6298,203.951,-21.0521],"tipVelocity":[17.0988,-55.5584,-17.5442],"tool":false,"touchDistance":-0.304128,"touchZone":"touching","type":2,"width":19.0928},{"bases":[[[0.919152,-0.388245,-0.0665216],[0.356022,0.746569,0.562034],[-0.168544,-0.540278,0.824435]],[[0.900458,-0.434883,0.00727155],[0.367847,0.770363,0.520796],[-0.232087,-0.46628,0.85365]],[[0.900458,-0.434883,0.00727155],[0.432791,0.894216,-0.114323],[0.0432148,0.10609,0.993417]],[[0.900458,-0.434883,0.00727155],[0.326905,0.665664,-0.670839],[0.286896,0.606439,0.741567]]],"btipPosition":[62.2547,172.299,-18.9303],"carpPosition":[47.6857,131.441,115.215],"dipPosition":[67.7922,184.005,-4.61691],"direction":[-0.0432148,-0.10609,-0.993417],"extended":true,"handId":821,"id":8213,"length":66.5581,"mcpPosition":[58.3166,165.519,63.2138],"pipPosition":[69.0289,187.041,23.8124],"stabilizedTipPosition":[63.5156,175.025,-15.6313],"timeVisible":6.13124,"tipPosition":[66.0908,181.956,-15.4851],"tipVelocity":[17.7623,-44.5888,-9.40048],"tool":false,"touchDistance":-0.291497,"touchZone":"touching","type":3,"width":18.168},{"bases":[[[0.821923,-0.566149,-0.0625989],[0.478352,0.62641,0.61546],[-0.309229,-0.535804,0.785679]],[[0.782312,-0.622369,0.025408],[0.543707,0.7022,0.459671],[-0.303927,-0.345792,0.887726]],[[0.782312,-0.622369,0.025408],[0.596477,0.736767,-0.318417],[0.179453,0.264256,0.94761]],[[0.782312,-0.622369,0.025408],[0.421634,0.499084,-0.75706],[0.45849,0.60297,0.652851]]],"btipPosition":[75.6738,150.486,2.23974],"carpPosition":[58.3066,122.646,111.313],"dipPosition":[83.8379,161.222,13.8648],"direction":[-0.179453,-0.264256,-0.94761],"extended":false,"handId":821,"id":8214,"length":52.1803,"mcpPosition":[76.362,153.931,65.4383],"pipPosition":[87.4638,166.562,33.0115],"stabilizedTipPosition":[77.5274,152.978,4.91895],"timeVisible":6.13124,"tipPosition":[80.6229,156.969,4.57798],"tipVelocity":[23.9491,-22.1655,-5.14783],"tool":false,"touchDistance":-0.285562,"touchZone":"touching","type":4,"width":16.1382}],"r":[[0.978389,-0.0109228,0.206484],[0.0331898,0.993951,-0.104686],[-0.204091,0.109276,0.972834]],"s":1.32308,"t":[28.3153,-8.84184,-70.3358],"timestamp":747506110652},{"currentFrameRate":108.21,"devices":[],"gestures":[],"hands":[{"armBasis":[[0.93259,0.141743,-0.331941],[0.135885,0.714119,0.686709],[0.334382,-0.685524,0.646719]],"armWidth":64.0779,"confidence":1,"direction":[0.0707142,0.67672,-0.732837],"elbow":[135.958,-83.9131,308.424],"grabAngle":1.16772,"grabStrength":0.16913,"id":821,"palmNormal":[-0.136627,-0.721181,-0.67914],"palmPosition":[37.7827,152.404,74.7764],"palmVelocity":[15.7187,-7.8072,-4.83381],"palmWidth":91.6229,"pinchDistance":96.1976,"pinchStrength":0,"r":[[0.978208,-0.0103717,0.20737],[0.0328531,0.993901,-0.105265],[-0.205013,0.109784,0.972583]],"s":1.32171,"sphereCenter":[52.6615,122.847,8.38651],"sphereRadius":78.6142,"stabilizedPalmPosition":[37.4538,153.821,75.4658],"t":[28.4449,-8.91987,-70.3738],"timeVisible":6.13972,"type":"right","wrist":[45.0472,102.465,132.596]}],"id":1381334,"interactionBox":{"center":[0,200,0],"size":[235.247,235.247,147.751]},"pointables":[{"bases":[[[0.533608,0.717478,0.447758],[-0.761709,0.177652,0.623088],[0.367507,-0.673546,0.641307]],[[0.270441,0.961072,0.0565898],[-0.75136,0.173947,0.636554],[0.60193,-0.214669,0.769153]],[[0.270441,0.961072,0.0565898],[-0.79226,0.188771,0.58025],[0.54698,-0.201757,0.81247]],[[0.270441,0.961072,0.0565898],[-0.850446,0.210935,0.481921],[0.451224,-0.178458,0.874385]]],"btipPosition":[-48.409,133.897,25.1714],"carpPosition":[12.0223,111.686,113.59],"dipPosition":[-37.4996,129.582,46.3117],"direction":[-0.546979,0.201757,-0.81247],"extended":true,"handId":821,"id":8210,"length":53.8393,"mcpPosition":[12.0223,111.686,113.59],"pipPosition":[-18.2334,122.476,74.9292],"stabilizedTipPosition":[-46.1397,132.982,30.1263],"timeVisible":6.13972,"tipPosition":[-45.3937,134.244,31.4996],"tipVelocity":[19.9111,-3.35192,-5.35339],"tool":false,"touchDistance":-0.301019,"touchZone":"touching","type":0,"width":20.3519},{"bases":[[[0.985941,-0.0324241,-0.163916],[0.120846,0.815852,0.565493],[0.115396,-0.577352,0.8083]],[[0.990645,-0.135494,-0.0162197],[0.108902,0.71335,0.692295],[-0.0822316,-0.687585,0.721432]],[[0.990645,-0.135494,-0.0162197],[0.135024,0.956054,0.260247],[-0.019755,-0.260002,0.965406]],[[0.990645,-0.135494,-0.0162197],[0.130708,0.976301,-0.172485],[0.0392061,0.168751,0.984879]]],"btipPosition":[18.4014,208.775,-14.6588],"carpPosition":[23.4991,131.973,118.729],"dipPosition":[19.0934,211.753,2.72475],"direction":[0.019755,0.260002,-0.965406],"extended":true,"handId":821,"id":8211,"length":60.7517,"mcpPosition":[14.9504,174.744,58.8496],"pipPosition":[18.6001,205.261,26.8304],"stabilizedTipPosition":[18.4523,209.673,-10.5386],"timeVisible":6.13972,"tipPosition":[16.0362,211.575,-8.16883],"tipVelocity":[18.9587,-36.7194,-21.4956],"tool":false,"touchDistance":-0.306913,"touchZone":"touching","type":1,"width":19.4401},{"bases":[[[0.957323,-0.248733,-0.14719],[0.288295,0.785751,0.547249],[-0.020464,-0.566328,0.823926]],[[0.945119,-0.325266,-0.0308735],[0.277794,0.750231,0.599987],[-0.171993,-0.575635,0.799414]],[[0.945119,-0.325266,-0.0308735],[0.326711,0.941791,0.079307],[0.00328051,-0.0850412,0.996372]],[[0.945119,-0.325266,-0.0308735],[0.277191,0.84826,-0.451242],[0.172962,0.41792,0.891867]]],"btipPosition":[42.2785,196.151,-27.0646],"carpPosition":[35.7308,133.317,117.209],"dipPosition":[45.6363,204.264,-9.75053],"direction":[-0.00328051,0.0850412,-0.996372],"extended":true,"handId":821,"id":8212,"length":69.2217,"mcpPosition":[37.1684,173.103,59.3253],"pipPosition":[45.7327,201.766,19.5194],"stabilizedTipPosition":[43.0229,198.1,-23.0537],"timeVisible":6.13972,"tipPosition":[43.8139,203.69,-21.1807],"tipVelocity":[14.8599,-41.926,-14.8736],"tool":false,"touchDistance":-0.303939,"touchZone":"touching","type":2,"width":19.0928},{"bases":[[[0.919402,-0.387882,-0.0651707],[0.355156,0.747518,0.56132],[-0.16901,-0.539225,0.825029]],[[0.900701,-0.434356,0.00855176],[0.367251,0.77177,0.519132],[-0.232088,-0.464442,0.854651]],[[0.900701,-0.434356,0.00855176],[0.432329,0.894211,-0.116095],[0.0427796,0.108264,0.993201]],[[0.900701,-0.434356,0.00855176],[0.327314,0.665526,-0.670777],[0.285665,0.606968,0.74161]]],"btipPosition":[62.4282,172.07,-19.0123],"carpPosition":[47.7934,131.435,115.212],"dipPosition":[67.942,183.786,-4.69798],"direction":[-0.0427796,-0.108264,-0.993201],"extended":true,"handId":821,"id":8213,"length":66.5585,"mcpPosition":[58.4538,165.447,63.1732],"pipPosition":[69.1663,186.884,23.7253],"stabilizedTipPosition":[63.681,174.787,-15.7124],"timeVisible":6.13972,"tipPosition":[66.2779,181.748,-15.5422],"tipVelocity":[19.833,-26.7574,-9.64857],"tool":false,"touchDistance":-0.291907,"touchZone":"touching","type":3,"width":18.168},{"bases":[[[0.822257,-0.565829,-0.0610891],[0.477497,0.627493,0.61502],[-0.309663,-0.534874,0.786141]],[[0.782623,-0.621914,0.0269042],[0.542816,0.702966,0.459553],[-0.304715,-0.345053,0.887743]],[[0.782623,-0.621914,0.0269042],[0.596989,0.73761,-0.315493],[0.176364,0.262973,0.948547]],[[0.782623,-0.621914,0.0269042],[0.424337,0.50137,-0.754033],[0.455455,0.60154,0.656285]]],"btipPosition":[75.9601,150.45,2.15004],"carpPosition":[58.4223,122.64,111.331],"dipPosition":[84.0702,161.161,13.8363],"direction":[-0.176364,-0.262973,-0.948547],"extended":false,"handId":821,"id":8214,"length":52.1806,"mcpPosition":[76.503,153.871,65.4297],"pipPosition":[87.6337,166.475,33.0021],"stabilizedTipPosition":[77.7934,152.921,4.84658],"timeVisible":6.13972,"tipPosition":[80.7874,156.789,4.57165],"tipVelocity":[32.3229,-4.89042,-8.92459],"tool":false,"touchDistance":-0.286473,"touchZone":"touching","type":4,"width":16.1382}],"r":[[0.978208,-0.0103717,0.20737],[0.0328531,0.993901,-0.105265],[-0.205013,0.109784,0.972583]],"s":1.32171,"t":[28.4449,-8.91987,-70.3738],"timestamp":747506119126},{"currentFrameRate":108.22,"devices":[],"gestures":[],"hands":[{"armBasis":[[0.93269,0.142331,-0.331409],[0.135426,0.713419,0.687527],[0.33429,-0.68613,0.646123]],"armWidth":64.0779,"confidence":1,"direction":[0.0714295,0.675952,-0.733476],"elbow":[136.033,-84.0596,308.269],"grabAngle":1.16886,"grabStrength":0.170814,"id":821,"palmNormal":[-0.13632,-0.721838,-0.678503],"palmPosition":[37.9312,152.382,74.7417],"palmVelocity":[16.1002,-2.48542,-3.76855],"palmWidth":91.6233,"pinchDistance":96.089,"pinchStrength":0,"r":[[0.978031,-0.00993975,0.208223],[0.0326523,0.993838,-0.105927],[-0.205887,0.110399,0.972328]],"s":1.32039,"sphereCenter":[52.8145,122.602,8.33976],"sphereRadius":78.6794,"stabilizedPalmPosition":[37.4805,153.741,75.4254],"t":[28.584,-8.97035,-70.4102],"timeVisible":6.14894,"type":"right","wrist":[45.1468,102.484,132.602]}],"id":1381335,"interactionBox":{"center":[0,200,0],"size":[235.247,235.247,147.751]},"pointables":[{"bases":[[[0.53347,0.717795,0.447415],[-0.762118,0.17849,0.622348],[0.366859,-0.672987,0.642263]],[[0.271362,0.960803,0.056747],[-0.751617,0.174716,0.63604],[0.601194,-0.215249,0.769567]],[[0.271362,0.960803,0.056747],[-0.792587,0.189625,0.579524],[0.546047,-0.202238,0.812977]],[[0.271362,0.960803,0.056747],[-0.850414,0.211739,0.481624],[0.45073,-0.178953,0.874539]]],"btipPosition":[-48.2183,133.979,25.1168],"carpPosition":[12.1315,111.709,113.578],"dipPosition":[-37.3208,129.652,46.2609],"direction":[-0.546047,0.202238,-0.812977],"extended":true,"handId":821,"id":8210,"length":53.8396,"mcpPosition":[12.1315,111.709,113.578],"pipPosition":[-18.0874,122.529,74.8963],"stabilizedTipPosition":[-45.9277,132.983,30.0538],"timeVisible":6.14894,"tipPosition":[-45.2224,134.188,31.4103],"tipVelocity":[20.373,8.5382,-5.82723],"tool":false,"touchDistance":-0.300056,"touchZone":"touching","type":0,"width":20.3519},{"bases":[[[0.986052,-0.0328517,-0.163161],[0.120648,0.816397,0.564748],[0.114651,-0.576556,0.808974]],[[0.99062,-0.135778,-0.0153466],[0.108672,0.714771,0.690863],[-0.0828351,-0.686051,0.722822]],[[0.99062,-0.135778,-0.0153466],[0.135133,0.956824,0.257347],[-0.0202581,-0.257007,0.966197]],[[0.99062,-0.135778,-0.0153466],[0.13096,0.975464,-0.176971],[0.038999,0.173301,0.984096]]],"btipPosition":[18.6103,208.519,-14.8012],"carpPosition":[23.6099,131.999,118.705],"dipPosition":[19.2987,211.578,2.56867],"direction":[0.0202581,0.257007,-0.966197],"extended":true,"handId":821,"id":8211,"length":60.752,"mcpPosition":[15.1164,174.711,58.7752],"pipPosition":[18.7928,205.16,26.6942],"stabilizedTipPosition":[18.6509,209.39,-10.7065],"timeVisible":6.14894,"tipPosition":[16.2841,211.453,-8.3031],"tipVelocity":[22.5642,-25.7657,-15.7769],"tool":false,"touchDistance":-0.306738,"touchZone":"touching","type":1,"width":19.4401},{"bases":[[[0.957364,-0.249136,-0.146235],[0.288103,0.786234,0.546657],[-0.0212169,-0.56548,0.824489]],[[0.945067,-0.325506,-0.0299138],[0.277834,0.751688,0.598142],[-0.172213,-0.573595,0.800831]],[[0.945067,-0.325506,-0.0299138],[0.326858,0.942045,0.0755965],[0.00357308,-0.0812213,0.99669]],[[0.945067,-0.325506,-0.0299138],[0.276916,0.845886,-0.455845],[0.173684,0.422521,0.889556]]],"btipPosition":[42.4322,195.81,-27.1565],"carpPosition":[35.8432,133.338,117.192],"dipPosition":[45.8039,204.012,-9.88718],"direction":[-0.00357308,0.0812213,-0.99669],"extended":true,"handId":821,"id":8212,"length":69.222,"mcpPosition":[37.3337,173.065,59.2689],"pipPosition":[45.9089,201.626,19.3922],"stabilizedTipPosition":[43.1786,197.76,-23.164],"timeVisible":6.14894,"tipPosition":[44.0345,203.486,-21.2901],"tipVelocity":[17.0086,-34.7934,-11.0776],"tool":false,"touchDistance":-0.303411,"touchZone":"touching","type":2,"width":19.0928},{"bases":[[[0.919347,-0.388191,-0.0641012],[0.354943,0.747998,0.560816],[-0.169756,-0.538337,0.825455]],[[0.900585,-0.434574,0.00963721],[0.367375,0.772802,0.517507],[-0.232343,-0.462518,0.855625]],[[0.900585,-0.434574,0.00963721],[0.432558,0.893777,-0.118564],[0.0429113,0.110946,0.9929]],[[0.900585,-0.434574,0.00963721],[0.327933,0.664701,-0.671291],[0.28532,0.607715,0.741131]]],"btipPosition":[62.6034,171.85,-19.0727],"carpPosition":[47.9068,131.451,115.207],"dipPosition":[68.1106,183.58,-4.76759],"direction":[-0.0429113,-0.110946,-0.9929],"extended":true,"handId":821,"id":8213,"length":66.5588,"mcpPosition":[58.6144,165.407,63.1402],"pipPosition":[69.3386,186.755,23.6472],"stabilizedTipPosition":[63.8562,174.566,-15.7774],"timeVisible":6.14894,"tipPosition":[66.4815,181.574,-15.5874],"tipVelocity":[18.8303,-23.5012,-6.78061],"tool":false,"touchDistance":-0.291988,"touchZone":"touching","type":3,"width":18.168},{"bases":[[[0.822151,-0.566108,-0.0599089],[0.477212,0.627995,0.614728],[-0.31038,-0.533989,0.786461]],[[0.782463,-0.622065,0.0280655],[0.542571,0.703202,0.459482],[-0.305563,-0.3443,0.887743]],[[0.782463,-0.622065,0.0280655],[0.597802,0.7378,-0.313502],[0.174312,0.262082,0.949173]],[[0.782463,-0.622065,0.0280655],[0.426613,0.502693,-0.751865],[0.4536,0.60028,0.658719]]],"btipPosition":[76.2215,150.42,2.08579],"carpPosition":[58.5363,122.649,111.342],"dipPosition":[84.2986,161.109,13.8154],"direction":[-0.174312,-0.262082,-0.949173],"extended":false,"handId":821,"id":8214,"length":52.1809,"mcpPosition":[76.659,153.828,65.4217],"pipPosition":[87.8207,166.405,32.9939],"stabilizedTipPosition":[78.0537,152.883,4.78923],"timeVisible":6.14894,"tipPosition":[80.969,156.658,4.56542],"tipVelocity":[27.5196,-3.78117,-5.88408],"tool":false,"touchDistance":-0.286973,"touchZone":"touching","type":4,"width":16.1382}],"r":[[0.978031,-0.00993975,0.208223],[0.0326523,0.993838,-0.105927],[-0.205887,0.110399,0.972328]],"s":1.32039,"t":[28.584,-8.97035,-70.4102],"timestamp":747506128349},{"currentFrameRate":108.796,"devices":[],"gestures":[],"hands":[{"armBasis":[[0.932708,0.141961,-0.331516],[0.135957,0.71302,0.687836],[0.334024,-0.686622,0.645739]],"armWidth":64.078,"confidence":1,"direction":[0.0720899,0.676132,-0.733245],"elbow":[136.054,-84.225,308.134],"grabAngle":1.16797,"grabStrength":0.171805,"id":821,"palmNormal":[-0.136865,-0.721498,-0.678756],"palmPosition":[38.0688,152.377,74.7277],"palmVelocity":[16.8765,-0.595497,-1.71766],"palmWidth":91.6236,"pinchDistance":95.971,"pinchStrength":0,"r":[[0.977882,-0.00977527,0.208927],[0.0326648,0.993788,-0.10639],[-0.206589,0.110862,0.972127]],"s":1.3192,"sphereCenter":[52.9198,122.426,8.23392],"sphereRadius":78.7956,"stabilizedPalmPosition":[37.5093,153.674,75.3912],"t":[28.7223,-8.99801,-70.4354],"timeVisible":6.15709,"type":"right","wrist":[45.2397,102.453,132.571]}],"id":1381336,"interactionBox":{"center":[0,200,0],"size":[235.247,235.247,147.751]},"pointables":[{"bases":[[[0.534037,0.717189,0.44771],[-0.762033,0.178939,0.622324],[0.366211,-0.673513,0.642082]],[[0.272922,0.960281,0.0580788],[-0.751472,0.175104,0.636105],[0.60067,-0.217252,0.769414]],[[0.272922,0.960281,0.0580788],[-0.792428,0.190163,0.579566],[0.545502,-0.204199,0.812853]],[[0.272922,0.960281,0.0580788],[-0.849846,0.212362,0.482352],[0.45086,-0.181003,0.87405]]],"btipPosition":[-48.0778,134.202,25.1103],"carpPosition":[12.2298,111.713,113.548],"dipPosition":[-37.1771,129.826,46.2426],"direction":[-0.545502,0.204199,-0.812853],"extended":true,"handId":821,"id":8210,"length":53.8398,"mcpPosition":[12.2298,111.713,113.548],"pipPosition":[-17.9629,122.634,74.8738],"stabilizedTipPosition":[-45.7512,133.088,30.0127],"timeVisible":6.15709,"tipPosition":[-45.0998,134.26,31.3688],"tipVelocity":[17.3258,26.0402,-1.12971],"tool":false,"touchDistance":-0.298522,"touchZone":"touching","type":0,"width":20.3518},{"bases":[[[0.986042,-0.0336441,-0.163064],[0.121286,0.816107,0.56503],[0.114068,-0.57692,0.808796]],[[0.99051,-0.13658,-0.0153475],[0.109313,0.715192,0.690327],[-0.0833082,-0.685454,0.723334]],[[0.99051,-0.13658,-0.0153475],[0.135934,0.957057,0.256055],[-0.0202834,-0.255712,0.96654]],[[0.99051,-0.13658,-0.0153475],[0.131655,0.974945,-0.1793],[0.0394518,0.175578,0.983675]]],"btipPosition":[18.7824,208.44,-14.8345],"carpPosition":[23.7251,131.992,118.683],"dipPosition":[19.4787,211.539,2.52796],"direction":[0.0202834,0.255712,-0.96654],"extended":true,"handId":821,"id":8211,"length":60.7522,"mcpPosition":[15.2748,174.731,58.766],"pipPosition":[18.9722,205.154,26.6622],"stabilizedTipPosition":[18.8286,209.245,-10.7885],"timeVisible":6.15709,"tipPosition":[16.5006,211.476,-8.31977],"tipVelocity":[21.3289,-8.53634,-4.29494],"tool":false,"touchDistance":-0.304923,"touchZone":"touching","type":1,"width":19.4401},{"bases":[[[0.957166,-0.249909,-0.146212],[0.288717,0.785806,0.546947],[-0.0217924,-0.565733,0.8243]],[[0.94483,-0.326172,-0.0301331],[0.278637,0.751941,0.59745],[-0.172213,-0.572885,0.80134]],[[0.94483,-0.326172,-0.0301331],[0.327534,0.941923,0.0741811],[0.0041873,-0.0799582,0.996789]],[[0.94483,-0.326172,-0.0301331],[0.277091,0.844924,-0.457521],[0.17469,0.42393,0.888688]]],"btipPosition":[42.5516,195.711,-27.1755],"carpPosition":[35.9598,133.32,117.172],"dipPosition":[45.943,203.941,-9.92301],"direction":[-0.0041873,0.0799582,-0.996789],"extended":true,"handId":821,"id":8212,"length":69.2222,"mcpPosition":[37.4908,173.065,59.2616],"pipPosition":[46.066,201.592,19.3594],"stabilizedTipPosition":[43.3036,197.632,-23.1995],"timeVisible":6.15709,"tipPosition":[44.2186,203.455,-21.3036],"tipVelocity":[15.2039,-11.3627,-2.80855],"tool":false,"touchDistance":-0.301746,"touchZone":"touching","type":2,"width":19.0927},{"bases":[[[0.91902,-0.388959,-0.0641286],[0.355523,0.747508,0.561101],[-0.170309,-0.538463,0.825259]],[[0.900236,-0.435298,0.00950639],[0.368139,0.772641,0.517204],[-0.232483,-0.462106,0.855809]],[[0.900236,-0.435298,0.00950639],[0.43327,0.893458,-0.118362],[0.0430289,0.110672,0.992925]],[[0.900236,-0.435298,0.00950639],[0.329258,0.666325,-0.669029],[0.284893,0.605415,0.743175]]],"btipPosition":[62.7649,171.865,-19.1292],"carpPosition":[48.0221,131.424,115.187],"dipPosition":[68.2638,183.55,-4.78457],"direction":[-0.0430289,-0.110672,-0.992925],"extended":true,"handId":821,"id":8213,"length":66.559,"mcpPosition":[58.7645,165.388,63.1327],"pipPosition":[69.4952,186.718,23.631],"stabilizedTipPosition":[64.01,174.554,-15.824],"timeVisible":6.15709,"tipPosition":[66.6463,181.554,-15.5894],"tipVelocity":[19.5753,0.527422,-5.81412],"tool":false,"touchDistance":-0.291833,"touchZone":"touching","type":3,"width":18.168},{"bases":[[[0.821672,-0.566793,-0.0600056],[0.477684,0.627383,0.614987],[-0.310924,-0.533981,0.786251]],[[0.781923,-0.622748,0.0279516],[0.542874,0.702302,0.460499],[-0.306406,-0.344901,0.88722]],[[0.781923,-0.622748,0.0279516],[0.599186,0.738457,-0.309286],[0.171966,0.258586,0.950558]],[[0.781923,-0.622748,0.0279516],[0.429754,0.506034,-0.747824],[0.451562,0.596753,0.663308]]],"btipPosition":[76.476,150.541,1.98564],"carpPosition":[58.6444,122.614,111.321],"dipPosition":[84.5168,161.167,13.797],"direction":[-0.171966,-0.258586,-0.950558],"extended":false,"handId":821,"id":8214,"length":52.181,"mcpPosition":[76.799,153.793,65.4124],"pipPosition":[87.9915,166.392,33.0036],"stabilizedTipPosition":[78.2899,152.971,4.71363],"timeVisible":6.15709,"tipPosition":[81.086,156.598,4.55918],"tipVelocity":[30.1912,12.9903,-9.9769],"tool":false,"touchDistance":-0.28783,"touchZone":"touching","type":4,"width":16.1382}],"r":[[0.977882,-0.00977527,0.208927],[0.0326648,0.993788,-0.10639],[-0.206589,0.110862,0.972127]],"s":1.3192,"t":[28.7223,-8.99801,-70.4354],"timestamp":747506136502},{"currentFrameRate":109.09,"devices":[],"gestures":[],"hands":[{"armBasis":[[0.932923,0.142549,-0.330657],[0.135311,0.712206,0.688806],[0.333684,-0.687345,0.645145]],"armWidth":64.0781,"confidence":1,"direction":[0.0723316,0.676208,-0.733152],"elbow":[136.066,-84.417,307.951],"grabAngle":1.16769,"grabStrength":0.173309,"id":821,"palmNormal":[-0.136308,-0.721478,-0.678889],"palmPosition":[38.1942,152.393,74.7124],"palmVelocity":[14.5128,1.92504,-1.76507],"palmWidth":91.6239,"pinchDistance":95.868,"pinchStrength":0,"r":[[0.97774,-0.00959829,0.209598],[0.0326377,0.993751,-0.106742],[-0.207264,0.111206,0.971944]],"s":1.31812,"sphereCenter":[53.0668,122.316,8.16724],"sphereRadius":78.8731,"stabilizedPalmPosition":[37.5442,153.609,75.3566],"t":[28.8541,-9.00353,-70.4556],"timeVisible":6.16573,"type":"right","wrist":[45.3436,102.458,132.548]}],"id":1381337,"interactionBox":{"center":[0,200,0],"size":[235.247,235.247,147.751]},"pointables":[{"bases":[[[0.533609,0.717286,0.448064],[-0.762424,0.178701,0.621913],[0.36602,-0.673473,0.642233]],[[0.273306,0.960105,0.0591779],[-0.751882,0.174851,0.635688],[0.59998,-0.218232,0.769674]],[[0.273306,0.960105,0.0591779],[-0.792698,0.189948,0.579266],[0.544916,-0.205227,0.812987]],[[0.273306,0.960105,0.0591779],[-0.849604,0.212086,0.4829],[0.451084,-0.182257,0.873673]]],"btipPosition":[-47.9144,134.325,25.0686],"carpPosition":[12.3435,111.72,113.516],"dipPosition":[-37.0083,129.919,46.1919],"direction":[-0.544916,0.205227,-0.812987],"extended":true,"handId":821,"id":8210,"length":53.8399,"mcpPosition":[12.3435,111.72,113.516],"pipPosition":[-17.8146,122.69,74.8279],"stabilizedTipPosition":[-45.5624,133.21,29.9658],"timeVisible":6.16573,"tipPosition":[-44.9494,134.252,31.295],"tipVelocity":[19.0549,13.4215,-5.06894],"tool":false,"touchDistance":-0.29766,"touchZone":"touching","type":0,"width":20.3518},{"bases":[[[0.986141,-0.033387,-0.162517],[0.120769,0.816093,0.565162],[0.11376,-0.576956,0.808814]],[[0.990559,-0.136277,-0.0148876],[0.108834,0.715716,0.689859],[-0.0833567,-0.684966,0.72379]],[[0.990559,-0.136277,-0.0148876],[0.135556,0.957511,0.254553],[-0.0204347,-0.254168,0.966944]],[[0.990559,-0.136277,-0.0148876],[0.131322,0.97445,-0.182215],[0.039339,0.17854,0.983146]]],"btipPosition":[18.919,208.34,-14.8819],"carpPosition":[23.831,132.002,118.658],"dipPosition":[19.6133,211.491,2.47121],"direction":[0.0204347,0.254168,-0.966944],"extended":true,"handId":821,"id":8211,"length":60.7523,"mcpPosition":[15.4034,174.744,58.7397],"pipPosition":[19.1031,205.145,26.6156],"stabilizedTipPosition":[18.9898,209.129,-10.8544],"timeVisible":6.16573,"tipPosition":[16.6758,211.475,-8.36137],"tipVelocity":[15.7586,-10.1862,-5.7409],"tool":false,"touchDistance":-0.303508,"touchZone":"touching","type":1,"width":19.4401},{"bases":[[[0.95731,-0.24966,-0.145698],[0.288217,0.785834,0.54717],[-0.0221123,-0.565804,0.824243]],[[0.944959,-0.32583,-0.0297984],[0.278329,0.752624,0.596733],[-0.172007,-0.572182,0.801887]],[[0.944959,-0.32583,-0.0297984],[0.327159,0.942193,0.072383],[0.00449131,-0.0781478,0.996932]],[[0.944959,-0.32583,-0.0297984],[0.276532,0.844013,-0.459534],[0.17488,0.426,0.88766]]],"btipPosition":[42.6576,195.6,-27.2012],"carpPosition":[36.0662,133.333,117.154],"dipPosition":[46.0527,203.87,-9.96859],"direction":[-0.00449131,0.0781478,-0.996932],"extended":true,"handId":821,"id":8212,"length":69.2224,"mcpPosition":[37.6197,173.083,59.2476],"pipPosition":[46.1846,201.575,19.3181],"stabilizedTipPosition":[43.417,197.523,-23.2316],"timeVisible":6.16573,"tipPosition":[44.376,203.424,-21.3296],"tipVelocity":[12.3701,-11.7231,-3.5008],"tool":false,"touchDistance":-0.300359,"touchZone":"touching","type":2,"width":19.0927},{"bases":[[[0.919152,-0.388726,-0.0636463],[0.355024,0.747552,0.561359],[-0.170636,-0.53857,0.825122]],[[0.900333,-0.435086,0.00999211],[0.367834,0.773037,0.516829],[-0.232589,-0.461643,0.856031]],[[0.900333,-0.435086,0.00999211],[0.433103,0.893504,-0.118626],[0.0426845,0.11113,0.992889]],[[0.900333,-0.435086,0.00999211],[0.330055,0.667665,-0.667299],[0.283661,0.604089,0.744723]]],"btipPosition":[62.9322,171.879,-19.1712],"carpPosition":[48.1301,131.44,115.176],"dipPosition":[68.4073,183.539,-4.79666],"direction":[-0.0426845,-0.11113,-0.992889],"extended":true,"handId":821,"id":8213,"length":66.5592,"mcpPosition":[58.8932,165.411,63.1299],"pipPosition":[69.6289,186.719,23.618],"stabilizedTipPosition":[64.1731,174.56,-15.8609],"timeVisible":6.16573,"tipPosition":[66.8073,181.565,-15.5871],"tipVelocity":[18.7269,0.917408,-4.06548],"tool":false,"touchDistance":-0.29151,"touchZone":"touching","type":3,"width":18.168},{"bases":[[[0.821846,-0.566585,-0.0595916],[0.477185,0.627453,0.615303],[-0.311231,-0.53412,0.786035]],[[0.781956,-0.62268,0.0285461],[0.542253,0.702115,0.461515],[-0.307419,-0.345405,0.886673]],[[0.781956,-0.62268,0.0285461],[0.599901,0.739332,-0.305788],[0.169303,0.256237,0.951672]],[[0.781956,-0.62268,0.0285461],[0.432389,0.508865,-0.744376],[0.448982,0.594412,0.66715]]],"btipPosition":[76.7431,150.675,1.92097],"carpPosition":[58.7569,122.633,111.315],"dipPosition":[84.7381,161.26,13.8008],"direction":[-0.169303,-0.256237,-0.951672],"extended":false,"handId":821,"id":8214,"length":52.1812,"mcpPosition":[76.9294,153.82,65.4188],"pipPosition":[88.1589,166.437,33.0299],"stabilizedTipPosition":[78.5493,153.094,4.66006],"timeVisible":6.16573,"tipPosition":[81.2244,156.597,4.56908],"tipVelocity":[29.6962,14.4594,-5.66317],"tool":false,"touchDistance":-0.288114,"touchZone":"touching","type":4,"width":16.1382}],"r":[[0.97774,-0.0095982