{"frames":121,"data":[{"currentFrameRate":114.34,"devices":[],"gestures":[],"hands":[{"armBasis":[[0.53629,-0.611289,-0.581996],[0.827653,0.516059,0.220622],[0.16548,-0.600008,0.782692]],"armWidth":64.899,"confidence":1,"direction":[0.222547,0.292464,-0.93002],"elbow":[69.5593,-75.3969,318.891],"grabAngle":0.681099,"grabStrength":0,"id":705,"palmNormal":[-0.805565,-0.482145,-0.344386],"palmPosition":[30.3965,114.037,41.4223],"palmVelocity":[5.80172,-12.6151,-3.993],"palmWidth":89.7813,"pinchDistance":87.322,"pinchStrength":0,"r":[[0.957364,0.249143,0.146229],[0.0142198,0.464926,-0.885235],[-0.288536,0.849571,0.441561]],"s":1.21052,"sphereCenter":[5.13695,62.2752,-13.7111],"sphereRadius":84.6489,"stabilizedPalmPosition":[29.7604,117.983,46.4098],"t":[15.0982,-168.578,-185.248],"timeVisible":4.05846,"type":"right","wrist":[25.4732,84.4532,110.372]}],"id":1306059,"interactionBox":{"center":[0,200,0],"size":[235.247,235.247,147.751]},"pointables":[{"bases":[[[0.984912,0.155999,0.0749241],[-0.168525,0.76611,0.620222],[0.039354,-0.623491,0.78084]],[[0.832876,0.447199,-0.326082],[-0.223991,0.811123,0.540284],[0.506108,-0.37695,0.775734]],[[0.832876,0.447199,-0.326082],[-0.32079,0.870173,0.374024],[0.451011,-0.206912,0.868203]],[[0.832876,0.447199,-0.326082],[-0.379947,0.890398,0.250662],[0.402439,-0.0848762,0.911504]]],"btipPosition":[-48.9695,139.216,4.2539],"carpPosition":[1.32018,111.403,94.5585],"dipPosition":[-39.3361,137.185,26.073],"direction":[-0.451011,0.206912,-0.868203],"extended":true,"handId":705,"id":7050,"length":53.3051,"mcpPosition":[1.32018,111.403,94.5585],"pipPosition":[-23.6079,129.969,56.3501],"stabilizedTipPosition":[-47.8399,140.109,12.0093],"timeVisible":4.05846,"tipPosition":[-44.0345,136.588,7.84158],"tipVelocity":[5.9653,-7.52391,-0.920973],"tool":false,"touchDistance":-0.272699,"touchZone":"touching","type":0,"width":20.9073},{"bases":[[[0.578695,-0.765005,-0.28263],[0.81552,0.540147,0.20777],[-0.00628369,-0.350726,0.936457]],[[0.573697,-0.801775,-0.167418],[0.79158,0.490229,0.364797],[-0.210412,-0.341807,0.915912]],[[0.573697,-0.801775,-0.167418],[0.816517,0.575955,0.0397026],[0.0645924,-0.159477,0.985086]],[[0.573697,-0.801775,-0.167418],[0.738598,0.594763,-0.317381],[0.354042,0.0584262,0.933403]]],"btipPosition":[25.5005,160.622,-58.529],"carpPosition":[23.5822,117.221,90.3624],"dipPosition":[31.6875,161.643,-42.2175],"direction":[-0.0645924,0.159477,-0.985086],"extended":true,"handId":705,"id":7051,"length":60.1489,"mcpPosition":[24.0383,142.681,22.3829],"pipPosition":[33.2843,157.7,-17.8645],"stabilizedTipPosition":[26.4497,160.832,-54.2516],"timeVisible":4.05846,"tipPosition":[25.1502,159.781,-54.8822],"tipVelocity":[14.5349,-12.6288,-6.2176],"tool":false,"touchDistance":-0.276592,"touchZone":"touching","type":1,"width":19.9706},{"bases":[[[0.424964,-0.886154,-0.184763],[0.901279,0.395207,0.177507],[-0.0842784,-0.241957,0.96662]],[[0.415802,-0.904137,-0.0982097],[0.884219,0.376638,0.276225],[-0.212756,-0.201694,0.956062]],[[0.415802,-0.904137,-0.0982097],[0.898475,0.42511,-0.109656],[0.140894,-0.0426436,0.989106]],[[0.415802,-0.904137,-0.0982097],[0.785357,0.41142,-0.462545],[0.45861,0.115198,0.881139]]],"btipPosition":[35.289,134.763,-72.611],"carpPosition":[31.911,109.137,86.7702],"dipPosition":[44.1037,136.978,-55.675],"direction":[-0.140894,0.0426436,-0.989106],"extended":true,"handId":705,"id":7052,"length":68.5348,"mcpPosition":[37.7128,125.794,20.2269],"pipPosition":[48.2016,135.737,-26.9068],"stabilizedTipPosition":[37.5858,135.144,-68.0064],"timeVisible":4.05846,"tipPosition":[36.2387,135.058,-68.616],"tipVelocity":[12.5831,-15.2323,-6.27731],"tool":false,"touchDistance":-0.281354,"touchZone":"touching","type":2,"width":19.6138},{"bases":[[[0.33877,-0.939355,-0.0533553],[0.926191,0.322971,0.194576],[-0.165544,-0.115334,0.979435]],[[0.32978,-0.944054,-0.00276228],[0.926574,0.32311,0.192512],[-0.180849,-0.066046,0.981291]],[[0.32978,-0.944054,-0.00276228],[0.924867,0.323662,-0.199658],[0.189382,0.0632884,0.979862]],[[0.32978,-0.944054,-0.00276228],[0.829387,0.291119,-0.47683],[0.450957,0.154958,0.878991]]],"btipPosition":[42.4187,104.387,-66.0248],"carpPosition":[37.906,98.995,83.9167],"dipPosition":[51.0365,107.349,-49.2271],"direction":[-0.189382,-0.0632884,-0.979862],"extended":true,"handId":705,"id":7053,"length":65.8981,"mcpPosition":[48.1379,106.123,23.3799],"pipPosition":[56.4025,109.142,-21.4638],"stabilizedTipPosition":[45.1811,106.819,-60.3495],"timeVisible":4.05846,"tipPosition":[43.7165,105.342,-61.9302],"tipVelocity":[8.77288,-15.2379,-5.4647],"tool":false,"touchDistance":0.207369,"touchZone":"hovering","type":3,"width":18.6638},{"bases":[[[0.159612,-0.986755,0.0289511],[0.949319,0.161468,0.26967],[-0.270773,-0.0155586,0.962518]],[[0.12698,-0.981849,0.140888],[0.982599,0.143924,0.117408],[-0.135554,0.123528,0.983039]],[[0.12698,-0.981849,0.140888],[0.968338,0.0919277,-0.2321],[0.214936,0.165899,0.962434]],[[0.12698,-0.981849,0.140888],[0.853504,0.0357859,-0.519856],[0.505378,0.186259,0.842556]]],"btipPosition":[45.0752,74.9007,-42.711],"carpPosition":[37.8902,85.0805,82.0193],"dipPosition":[53.985,78.1845,-27.8568],"direction":[-0.214936,-0.165899,-0.962434],"extended":true,"handId":705,"id":7054,"length":51.6629,"mcpPosition":[53.3824,85.9707,26.949],"pipPosition":[58.2848,81.5033,-8.60334],"stabilizedTipPosition":[47.7039,75.6741,-37.9517],"timeVisible":4.05846,"tipPosition":[45.1101,76.178,-38.5651],"tipVelocity":[6.69574,-13.2486,-5.20218],"tool":false,"touchDistance":-0.28254,"touchZone":"touching","type":4,"width":16.5786}],"r":[[0.957364,0.249143,0.146229],[0.0142198,0.464926,-0.885235],[-0.288536,0.849571,0.441561]],"s":1.21052,"t":[15.0982,-168.578,-185.248],"timestamp":746842376245},{"currentFrameRate":114.092,"devices":[],"gestures":[],"hands":[{"armBasis":[[0.542738,-0.574666,-0.612531],[0.82325,0.508483,0.252396],[0.166418,-0.641251,0.749067]],"armWidth":64.899,"confidence":1,"direction":[0.222365,0.292349,-0.9301],"elbow":[69.8801,-86.9686,309.632],"grabAngle":0.678702,"grabStrength":0,"id":705,"palmNormal":[-0.805484,-0.48241,-0.344203],"palmPosition":[30.4475,113.953,41.39],"palmVelocity":[5.54518,-9.17666,-3.51987],"palmWidth":89.7813,"pinchDistance":87.3185,"pinchStrength":0,"r":[[0.957382,0.249186,0.146032],[0.0139981,0.464982,-0.88521],[-0.288484,0.849528,0.441677]],"s":1.21078,"sphereCenter":[5.25402,62.0631,-13.7621],"sphereRadius":84.7251,"stabilizedPalmPosition":[29.7652,117.955,46.3741],"t":[15.1527,-168.671,-185.275],"timeVisible":4.06765,"type":"right","wrist":[25.5441,83.8693,110.071]}],"id":1306060,"interactionBox":{"center":[0,200,0],"size":[235.247,235.247,147.751]},"pointables":[{"bases":[[[0.984881,0.15626,0.0747798],[-0.168644,0.766181,0.620102],[0.0396019,-0.623338,0.780949]],[[0.83298,0.447126,-0.325918],[-0.223914,0.81106,0.540411],[0.50597,-0.377175,0.775715]],[[0.83298,0.447126,-0.325918],[-0.32058,0.870106,0.374358],[0.450968,-0.20735,0.868121]],[[0.83298,0.447126,-0.325918],[-0.379615,0.890368,0.251273],[0.402537,-0.085582,0.911394]]],"btipPosition":[-48.9057,139.178,4.23191],"carpPosition":[1.37803,111.321,94.53],"dipPosition":[-39.27,137.129,26.0484],"direction":[-0.450968,0.20735,-0.868121],"extended":true,"handId":705,"id":7050,"length":53.3051,"mcpPosition":[1.37803,111.321,94.53],"pipPosition":[-23.5433,129.898,56.3226],"stabilizedTipPosition":[-47.8338,140.102,11.9948],"timeVisible":4.06765,"tipPosition":[-44.0058,136.489,7.82062],"tipVelocity":[6.99681,-4.62596,-2.45872],"tool":false,"touchDistance":-0.273076,"touchZone":"touching","type":0,"width":20.9073},{"bases":[[[0.578854,-0.764912,-0.282557],[0.815409,0.54039,0.207576],[-0.00608588,-0.350556,0.936522]],[[0.573818,-0.801864,-0.166574],[0.791324,0.490438,0.36507],[-0.211043,-0.341298,0.915957]],[[0.573818,-0.801864,-0.166574],[0.81659,0.575719,0.0415722],[0.0625645,-0.159877,0.985152]],[[0.573818,-0.801864,-0.166574],[0.740016,0.594789,-0.314009],[0.350869,0.0569165,0.934693]]],"btipPosition":[25.6753,160.546,-58.592],"carpPosition":[23.6381,117.144,90.3303],"dipPosition":[31.8069,161.541,-42.2579],"direction":[-0.0625645,0.159877,-0.985152],"extended":true,"handId":705,"id":7051,"length":60.1489,"mcpPosition":[24.0799,142.591,22.346],"pipPosition":[33.3536,157.589,-17.9033],"stabilizedTipPosition":[26.4569,160.831,-54.2582],"timeVisible":4.06765,"tipPosition":[25.1956,159.688,-54.9216],"tipVelocity":[17.6386,-8.8778,-6.29193],"tool":false,"touchDistance":-0.277555,"touchZone":"touching","type":1,"width":19.9706},{"bases":[[[0.425164,-0.886081,-0.184651],[0.9012,0.395465,0.177328],[-0.0841044,-0.241801,0.966674]],[[0.415938,-0.904156,-0.0974541],[0.884023,0.37687,0.276535],[-0.213303,-0.201173,0.95605]],[[0.415938,-0.904156,-0.0974541],[0.898636,0.425085,-0.108427],[0.139461,-0.0424767,0.989316]],[[0.415938,-0.904156,-0.0974541],[0.786533,0.411463,-0.460503],[0.456466,0.11489,0.882292]]],"btipPosition":[35.4444,134.652,-72.674],"carpPosition":[31.9685,109.062,86.7386],"dipPosition":[44.2179,136.861,-55.7158],"direction":[-0.139461,0.0424767,-0.989316],"extended":true,"handId":705,"id":7052,"length":68.5348,"mcpPosition":[37.7583,125.707,20.1916],"pipPosition":[48.2742,135.625,-26.9415],"stabilizedTipPosition":[37.5846,135.144,-68.0137],"timeVisible":4.06765,"tipPosition":[36.2806,134.956,-68.6538],"tipVelocity":[15.8793,-12.2274,-6.30382],"tool":false,"touchDistance":-0.282319,"touchZone":"touching","type":2,"width":19.6138},{"bases":[[[0.338999,-0.93928,-0.0532229],[0.926133,0.323239,0.194408],[-0.1654,-0.115196,0.979476]],[[0.329946,-0.943997,-0.00225372],[0.926475,0.323362,0.192566],[-0.181053,-0.0656244,0.981281]],[[0.329946,-0.943997,-0.00225372],[0.924969,0.323771,-0.199012],[0.188596,0.0635786,0.979995]],[[0.329946,-0.943997,-0.00225372],[0.830091,0.291269,-0.475511],[0.449537,0.155022,0.879707]]],"btipPosition":[42.5282,104.275,-66.0748],"carpPosition":[37.9657,98.9203,83.8862],"dipPosition":[51.1189,107.238,-49.2634],"direction":[-0.188596,-0.0635786,-0.979995],"extended":true,"handId":705,"id":7053,"length":65.8981,"mcpPosition":[48.1887,106.04,23.3469],"pipPosition":[56.4626,109.039,-21.4964],"stabilizedTipPosition":[45.1783,106.811,-60.3572],"timeVisible":4.06765,"tipPosition":[43.7608,105.24,-61.9636],"tipVelocity":[11.2401,-12.1472,-5.09843],"tool":false,"touchDistance":0.206588,"touchZone":"hovering","type":3,"width":18.6638},{"bases":[[[0.159862,-0.98671,0.0291132],[0.94931,0.161756,0.269529],[-0.270656,-0.0154501,0.962552]],[[0.127251,-0.981794,0.141023],[0.9826,0.144175,0.117094],[-0.135294,0.123669,0.983057]],[[0.127251,-0.981794,0.141023],[0.96842,0.0922466,-0.231631],[0.214405,0.166045,0.962528]],[[0.127251,-0.981794,0.141023],[0.854174,0.0362012,-0.518726],[0.504177,0.186467,0.84323]]],"btipPosition":[45.1539,74.8078,-42.7553],"carpPosition":[37.9531,85.0055,81.9914],"dipPosition":[54.0425,78.0952,-27.8892],"direction":[-0.214405,-0.166045,-0.962528],"extended":true,"handId":705,"id":7054,"length":51.6629,"mcpPosition":[53.4387,85.8895,26.9191],"pipPosition":[58.3317,81.4169,-8.63389],"stabilizedTipPosition":[47.7004,75.6733,-37.9613],"timeVisible":4.06765,"tipPosition":[45.1649,76.0817,-38.5936],"tipVelocity":[8.03664,-10.0203,-4.52234],"tool":false,"touchDistance":-0.283233,"touchZone":"touching","type":4,"width":16.5786}],"r":[[0.957382,0.249186,0.146032],[0.0139981,0.464982,-0.88521],[-0.288484,0.849528,0.441677]],"s":1.21078,"t":[15.1527,-168.671,-185.275],"timestamp":746842385434},{"currentFrameRate":114.139,"devices":[],"gestures":[],"hands":[{"armBasis":[[0.544334,-0.575488,-0.610339],[0.822834,0.507868,0.25498],[0.163234,-0.641002,0.749981]],"armWidth":64.899,"confidence":1,"direction":[0.222333,0.292793,-0.929968],"elbow":[69.0447,-87.0062,309.838],"grabAngle":0.676592,"grabStrength":0,"id":705,"palmNormal":[-0.805424,-0.482353,-0.344423],"palmPosition":[30.493,113.869,41.3609],"palmVelocity":[5.24933,-9.64608,-3.35446],"palmWidth":89.7813,"pinchDistance":87.3193,"pinchStrength":0,"r":[[0.957391,0.249231,0.145897],[0.0138102,0.465106,-0.885147],[-0.288464,0.849447,0.441847]],"s":1.21105,"sphereCenter":[5.36973,61.9013,-13.8421],"sphereRadius":84.7903,"stabilizedPalmPosition":[29.7702,117.927,46.3399],"t":[15.2028,-168.76,-185.304],"timeVisible":4.07633,"type":"right","wrist":[25.5571,83.7651,110.033]}],"id":1306061,"interactionBox":{"center":[0,200,0],"size":[235.247,235.247,147.751]},"pointables":[{"bases":[[[0.984862,0.156345,0.0748543],[-0.168739,0.765882,0.620444],[0.0396741,-0.623683,0.78067]],[[0.833134,0.447192,-0.325434],[-0.223841,0.810705,0.540974],[0.50575,-0.377858,0.775526]],[[0.833134,0.447192,-0.325434],[-0.320368,0.869851,0.375132],[0.450835,-0.208277,0.867968]],[[0.833134,0.447192,-0.325434],[-0.379289,0.890221,0.252282],[0.402526,-0.0867515,0.911288]]],"btipPosition":[-48.8443,139.161,4.21863],"carpPosition":[1.42369,111.21,94.4996],"dipPosition":[-39.2088,137.084,26.0325],"direction":[-0.450835,0.208277,-0.867968],"extended":true,"handId":705,"id":7050,"length":53.3051,"mcpPosition":[1.42369,111.21,94.4996],"pipPosition":[-23.4867,129.821,56.3015],"stabilizedTipPosition":[-47.8276,140.094,11.9807],"timeVisible":4.07633,"tipPosition":[-43.9732,136.42,7.80683],"tipVelocity":[7.06999,-2.71353,-1.59704],"tool":false,"touchDistance":-0.273307,"touchZone":"touching","type":0,"width":20.9073},{"bases":[[[0.578948,-0.764715,-0.282898],[0.815342,0.540396,0.207822],[-0.00604748,-0.350976,0.936365]],[[0.573857,-0.801916,-0.166189],[0.791097,0.490323,0.365718],[-0.211789,-0.341341,0.915768]],[[0.573857,-0.801916,-0.166189],[0.816707,0.575401,0.0436206],[0.0606453,-0.16076,0.985129]],[[0.573857,-0.801916,-0.166189],[0.741339,0.594892,-0.310676],[0.348001,0.0550814,0.935875]]],"btipPosition":[25.8479,160.526,-58.6201],"carpPosition":[23.6831,117.037,90.3026],"dipPosition":[31.9293,161.489,-42.2654],"direction":[-0.0606453,0.16076,-0.985129],"extended":true,"handId":705,"id":7051,"length":60.1489,"mcpPosition":[24.1221,142.515,22.3297],"pipPosition":[33.4286,157.515,-17.9113],"stabilizedTipPosition":[26.466,160.83,-54.2651],"timeVisible":4.07633,"tipPosition":[25.2523,159.655,-54.9296],"tipVelocity":[18.5444,-3.17465,-2.68817],"tool":false,"touchDistance":-0.277944,"touchZone":"touching","type":1,"width":19.9706},{"bases":[[[0.425272,-0.885947,-0.185046],[0.901152,0.395495,0.17751],[-0.0840793,-0.242245,0.966565]],[[0.415975,-0.904159,-0.0972718],[0.883848,0.376812,0.277175],[-0.213957,-0.201272,0.955883]],[[0.415975,-0.904159,-0.0972718],[0.898845,0.425031,-0.106895],[0.137993,-0.0429667,0.989501]],[[0.415975,-0.904159,-0.0972718],[0.787699,0.4117,-0.458294],[0.454417,0.114018,0.883462]]],"btipPosition":[35.6029,134.615,-72.7175],"carpPosition":[32.0145,108.958,86.7072],"dipPosition":[44.3371,136.806,-55.7368],"direction":[-0.137993,0.0429667,-0.989501],"extended":true,"handId":705,"id":7052,"length":68.5348,"mcpPosition":[37.8026,125.634,20.1677],"pipPosition":[48.3507,135.557,-26.9571],"stabilizedTipPosition":[37.5849,135.144,-68.0214],"timeVisible":4.07633,"tipPosition":[36.3333,134.924,-68.6745],"tipVelocity":[17.2211,-4.76153,-4.40797],"tool":false,"touchDistance":-0.282957,"touchZone":"touching","type":2,"width":19.6138},{"bases":[[[0.339113,-0.939215,-0.0536427],[0.926093,0.323264,0.194557],[-0.16539,-0.115655,0.979423]],[[0.330011,-0.943974,-0.0024093],[0.926391,0.323372,0.192952],[-0.181363,-0.0659083,0.981205]],[[0.330011,-0.943974,-0.0024093],[0.925113,0.323923,-0.198088],[0.18777,0.0631423,0.980181]],[[0.330011,-0.943974,-0.0024093],[0.83081,0.291659,-0.474015],[0.44816,0.154429,0.880514]]],"btipPosition":[42.6387,104.239,-66.1246],"carpPosition":[38.0129,98.8184,83.8504],"dipPosition":[51.2031,107.19,-49.2978],"direction":[-0.18777,-0.0631423,-0.980181],"extended":true,"handId":705,"id":7053,"length":65.8981,"mcpPosition":[48.2353,105.967,23.3143],"pipPosition":[56.5234,108.979,-21.5255],"stabilizedTipPosition":[45.1761,106.804,-60.3646],"timeVisible":4.07633,"tipPosition":[43.811,105.204,-61.9976],"tipVelocity":[12.0286,-4.54205,-5.32902],"tool":false,"touchDistance":0.205817,"touchZone":"hovering","type":3,"width":18.6638},{"bases":[[[0.159982,-0.986703,0.0286714],[0.949289,0.16175,0.269605],[-0.270658,-0.0159146,0.962544]],[[0.127417,-0.981858,0.140426],[0.982599,0.144248,0.117009],[-0.135143,0.123074,0.983153]],[[0.127417,-0.981858,0.140426],[0.968512,0.092634,-0.231093],[0.213892,0.16545,0.962744]],[[0.127417,-0.981858,0.140426],[0.854771,0.0368841,-0.517692],[0.503121,0.185995,0.843964]]],"btipPosition":[45.2264,74.7751,-42.8176],"carpPosition":[38.002,84.9045,81.9494],"dipPosition":[54.0964,78.0542,-27.9386],"direction":[-0.213892,-0.16545,-0.962744],"extended":true,"handId":705,"id":7054,"length":51.6629,"mcpPosition":[53.4877,85.815,26.8775],"pipPosition":[58.3753,81.364,-8.67895],"stabilizedTipPosition":[47.6978,75.6724,-37.9698],"timeVisible":4.07633,"tipPosition":[45.2187,76.0348,-38.6409],"tipVelocity":[7.84975,-3.98577,-6.8381],"tool":false,"touchDistance":-0.284133,"touchZone":"touching","type":4,"width":16.5786}],"r":[[0.957391,0.249231,0.145897],[0.0138102,0.465106,-0.885147],[-0.288464,0.849447,0.441847]],"s":1.21105,"t":[15.2028,-168.76,-185.304],"timestamp":746842394116},{"currentFrameRate":113.921,"devices":[],"gestures":[],"hands":[{"armBasis":[[0.543299,-0.595342,-0.591941],[0.824632,0.51071,0.243224],[0.157509,-0.620277,0.768406]],"armWidth":64.899,"confidence":1,"direction":[0.22231,0.293224,-0.929838],"elbow":[67.5023,-81.3167,314.825],"grabAngle":0.674445,"grabStrength":0,"id":705,"palmNormal":[-0.80548,-0.482123,-0.344615],"palmPosition":[30.5356,113.802,41.3096],"palmVelocity":[4.64731,-7.32247,-5.59916],"palmWidth":89.7813,"pinchDistance":87.3256,"pinchStrength":0,"r":[[0.957404,0.249237,0.145804],[0.0136583,0.465291,-0.885053],[-0.28843,0.849344,0.442067]],"s":1.2113,"sphereCenter":[5.51128,61.7977,-13.9384],"sphereRadius":84.8212,"stabilizedPalmPosition":[29.7753,117.899,46.3063],"t":[15.2491,-168.837,-185.344],"timeVisible":4.08549,"type":"right","wrist":[25.5398,83.9333,110.112]}],"id":1306062,"interactionBox":{"center":[0,200,0],"size":[235.247,235.247,147.751]},"pointables":[{"bases":[[[0.984878,0.156231,0.0748802],[-0.168648,0.765597,0.620822],[0.0396637,-0.624062,0.780367]],[[0.833327,0.44713,-0.325024],[-0.22364,0.810418,0.541487],[0.505521,-0.378548,0.775339]],[[0.833327,0.44713,-0.325024],[-0.320046,0.86967,0.375824],[0.450706,-0.209162,0.867822]],[[0.833327,0.44713,-0.325024],[-0.378861,0.890144,0.253195],[0.402529,-0.0878548,0.911181]]],"btipPosition":[-48.7836,139.162,4.18442],"carpPosition":[1.46867,111.119,94.4485],"dipPosition":[-39.1481,137.059,25.9958],"direction":[-0.450706,0.209162,-0.867822],"extended":true,"handId":705,"id":7050,"length":53.3051,"mcpPosition":[1.46867,111.119,94.4485],"pipPosition":[-23.4305,129.764,56.2596],"stabilizedTipPosition":[-47.8212,140.087,11.9664],"timeVisible":4.08549,"tipPosition":[-43.9383,136.382,7.77439],"tipVelocity":[6.63193,-0.56399,-3.8024],"tool":false,"touchDistance":-0.273887,"touchZone":"touching","type":0,"width":20.9073},{"bases":[[[0.578873,-0.764624,-0.283295],[0.815395,0.540231,0.208041],[-0.00602837,-0.351427,0.936196]],[[0.573725,-0.802079,-0.165857],[0.790958,0.489992,0.366461],[-0.212663,-0.341434,0.915531]],[[0.573725,-0.802079,-0.165857],[0.816942,0.574907,0.0456934],[0.0587027,-0.161711,0.985091]],[[0.573725,-0.802079,-0.165857],[0.742702,0.59484,-0.307505],[0.345301,0.0532407,0.93698]]],"btipPosition":[26.0253,160.529,-58.6652],"carpPosition":[23.7283,116.947,90.2532],"dipPosition":[32.0596,161.459,-42.2911],"direction":[-0.0587027,0.161711,-0.985091],"extended":true,"handId":705,"id":7051,"length":60.1489,"mcpPosition":[24.1659,142.458,22.2926],"pipPosition":[33.5108,157.461,-17.938],"stabilizedTipPosition":[26.478,160.829,-54.2732],"timeVisible":4.08549,"tipPosition":[25.3114,159.644,-54.958],"tipVelocity":[18.205,-0.542995,-4.43982],"tool":false,"touchDistance":-0.278621,"touchZone":"touching","type":1,"width":19.9706},{"bases":[[[0.425193,-0.885891,-0.185495],[0.901192,0.395338,0.177655],[-0.08405,-0.242704,0.966453]],[[0.415829,-0.904237,-0.0971693],[0.88373,0.376532,0.27793],[-0.214727,-0.201443,0.955674]],[[0.415829,-0.904237,-0.0971693],[0.899146,0.4248,-0.105267],[0.136464,-0.0435964,0.989685]],[[0.415829,-0.904237,-0.0971693],[0.788929,0.411812,-0.456073],[0.452413,0.112989,0.884622]]],"btipPosition":[35.7663,134.604,-72.7808],"carpPosition":[32.0589,108.869,86.6535],"dipPosition":[44.4619,136.776,-55.7778],"direction":[-0.136464,0.0435964,-0.989685],"extended":true,"handId":705,"id":7052,"length":68.5348,"mcpPosition":[37.845,125.577,20.1218],"pipPosition":[48.431,135.508,-26.9928],"stabilizedTipPosition":[37.5868,135.143,-68.0302],"timeVisible":4.08549,"tipPosition":[36.3827,134.911,-68.717],"tipVelocity":[16.8811,-1.68186,-6.35848],"tool":false,"touchDistance":-0.283868,"touchZone":"touching","type":2,"width":19.6138},{"bases":[[[0.339036,-0.939216,-0.0541124],[0.926128,0.323096,0.194666],[-0.16535,-0.116114,0.979376]],[[0.329905,-0.94401,-0.00271465],[0.926357,0.32318,0.193436],[-0.181728,-0.0663303,0.981109]],[[0.329905,-0.94401,-0.00271465],[0.925322,0.323941,-0.197082],[0.186926,0.0625063,0.980383]],[[0.329905,-0.94401,-0.00271465],[0.831615,0.291985,-0.4724],[0.446743,0.15359,0.88138]]],"btipPosition":[42.7474,104.232,-66.1984],"carpPosition":[38.0564,98.7303,83.7915],"dipPosition":[51.2847,107.167,-49.3551],"direction":[-0.186926,-0.0625063,-0.980383],"extended":true,"handId":705,"id":7053,"length":65.8981,"mcpPosition":[48.2763,105.907,23.2584],"pipPosition":[56.5811,108.938,-21.577],"stabilizedTipPosition":[45.1743,106.797,-60.3721],"timeVisible":4.08549,"tipPosition":[43.8515,105.184,-62.0549],"tipVelocity":[11.1965,-1.1005,-7.65107],"tool":false,"touchDistance":0.20465,"touchZone":"hovering","type":3,"width":18.6638},{"bases":[[[0.159905,-0.98673,0.0281878],[0.949316,0.161544,0.269636],[-0.270611,-0.016357,0.96255]],[[0.127448,-0.98197,0.139611],[0.982605,0.144172,0.117057],[-0.135075,0.122263,0.983263]],[[0.127448,-0.98197,0.139611],[0.968629,0.0929483,-0.230475],[0.213343,0.164604,0.963011]],[[0.127448,-0.98197,0.139611],[0.855372,0.0375622,-0.516651],[0.502092,0.185265,0.844737]]],"btipPosition":[45.2926,74.7723,-42.9065],"carpPosition":[38.0443,84.8173,81.8838],"dipPosition":[54.1445,78.0385,-28.0138],"direction":[-0.213343,-0.164604,-0.963011],"extended":true,"handId":705,"id":7054,"length":51.6629,"mcpPosition":[53.5273,85.7532,26.8116],"pipPosition":[58.4124,81.3314,-8.74886],"stabilizedTipPosition":[47.6959,75.6717,-37.9775],"timeVisible":4.08549,"tipPosition":[45.2596,76.004,-38.713],"tipVelocity":[6.78213,-0.625727,-9.36863],"tool":false,"touchDistance":-0.285339,"touchZone":"touching","type":4,"width":16.5786}],"r":[[0.957404,0.249237,0.145804],[0.0136583,0.465291,-0.885053],[-0.28843,0.849344,0.442067]],"s":1.2113,"t":[15.2491,-168.837,-185.344],"timestamp":746842403267},{"currentFrameRate":114.524,"devices":[],"gestures":[],"hands":[{"armBasis":[[0.542595,-0.610447,-0.577014],[0.825944,0.51284,0.23412],[0.152998,-0.603613,0.782459]],"armWidth":64.899,"confidence":1,"direction":[0.222111,0.29356,-0.929779],"elbow":[66.3075,-76.7334,318.635],"grabAngle":0.671957,"grabStrength":0,"id":705,"palmNormal":[-0.805576,-0.481965,-0.344612],"palmPosition":[30.5778,113.759,41.2742],"palmVelocity":[5.48886,-5.57608,-4.59889],"palmWidth":89.7813,"pinchDistance":87.3368,"pinchStrength":0,"r":[[0.957422,0.249225,0.145705],[0.0135005,0.465504,-0.884943],[-0.288376,0.849231,0.442319]],"s":1.21157,"sphereCenter":[5.66486,61.7266,-14.0085],"sphereRadius":84.8397,"stabilizedPalmPosition":[29.7796,117.877,46.2795],"t":[15.2933,-168.898,-185.381],"timeVisible":4.09319,"type":"right","wrist":[25.5469,84.0772,110.177]}],"id":1306063,"interactionBox":{"center":[0,200,0],"size":[235.247,235.247,147.751]},"pointables":[{"bases":[[[0.984901,0.156166,0.0747159],[-0.168479,0.765373,0.621144],[0.0398162,-0.624353,0.780127]],[[0.8334,0.447105,-0.324872],[-0.223412,0.810196,0.541912],[0.505502,-0.379049,0.775106]],[[0.8334,0.447105,-0.324872],[-0.31975,0.869521,0.376421],[0.450783,-0.209831,0.867621]],[[0.8334,0.447105,-0.324872],[-0.378453,0.890061,0.254096],[0.402764,-0.0888144,0.910985]]],"btipPosition":[-48.7368,139.171,4.17778],"carpPosition":[1.52282,111.058,94.4187],"dipPosition":[-39.0957,137.045,25.9844],"direction":[-0.450783,0.209831,-0.867621],"extended":true,"handId":705,"id":7050,"length":53.3051,"mcpPosition":[1.52282,111.058,94.4187],"pipPosition":[-23.3754,129.728,56.2412],"stabilizedTipPosition":[-47.8154,140.081,11.9541],"timeVisible":4.09319,"tipPosition":[-43.9087,136.36,7.76744],"tipVelocity":[6.24177,0.543695,-1.00303],"tool":false,"touchDistance":-0.274015,"touchZone":"touching","type":0,"width":20.9073},{"bases":[[[0.57878,-0.764541,-0.28371],[0.815463,0.540123,0.208057],[-0.00583045,-0.351774,0.936067]],[[0.573602,-0.802223,-0.165589],[0.790865,0.489723,0.367021],[-0.21334,-0.341483,0.915355]],[[0.573602,-0.802223,-0.165589],[0.817156,0.574444,0.0476453],[0.0568996,-0.162641,0.985043]],[[0.573602,-0.802223,-0.165589],[0.744,0.594807,-0.304417],[0.342703,0.0514157,0.938036]]],"btipPosition":[26.1841,160.55,-58.698],"carpPosition":[23.7817,116.886,90.2205],"dipPosition":[32.173,161.449,-42.3056],"direction":[-0.0568996,0.162641,-0.985043],"extended":true,"handId":705,"id":7051,"length":60.1489,"mcpPosition":[24.205,142.422,22.2693],"pipPosition":[33.5796,157.428,-17.9536],"stabilizedTipPosition":[26.4903,160.828,-54.2806],"timeVisible":4.09319,"tipPosition":[25.3526,159.647,-54.9748],"tipVelocity":[19.2687,1.82449,-3.72039],"tool":false,"touchDistance":-0.279099,"touchZone":"touching","type":1,"width":19.9706},{"bases":[[[0.425117,-0.885838,-0.185919],[0.901247,0.395238,0.177598],[-0.0838412,-0.243059,0.966381]],[[0.415705,-0.904306,-0.0970564],[0.883622,0.376297,0.278589],[-0.215408,-0.201572,0.955494]],[[0.415705,-0.904306,-0.0970564],[0.899454,0.424583,-0.103498],[0.134802,-0.0442731,0.989883]],[[0.415705,-0.904306,-0.0970564],[0.790259,0.411965,-0.453626],[0.4502,0.111875,0.885892]]],"btipPosition":[35.9286,134.616,-72.8347],"carpPosition":[32.1112,108.809,86.616],"dipPosition":[44.5817,136.766,-55.8073],"direction":[-0.134802,0.0442731,-0.989883],"extended":true,"handId":705,"id":7052,"length":68.5348,"mcpPosition":[37.8829,125.541,20.0891],"pipPosition":[48.5025,135.479,-27.0166],"stabilizedTipPosition":[37.5899,135.143,-68.0385],"timeVisible":4.09319,"tipPosition":[36.4146,134.91,-68.7475],"tipVelocity":[19.8142,0.934153,-6.27657],"tool":false,"touchDistance":-0.284539,"touchZone":"touching","type":2,"width":19.6138},{"bases":[[[0.338988,-0.939208,-0.0545372],[0.926185,0.322989,0.194577],[-0.165134,-0.116471,0.97937]],[[0.32984,-0.944032,-0.00298274],[0.926327,0.323041,0.193812],[-0.182001,-0.0666898,0.981034]],[[0.32984,-0.944032,-0.00298274],[0.925545,0.324,-0.195936],[0.185937,0.061867,0.980612]],[[0.32984,-0.944032,-0.00298274],[0.832506,0.29236,-0.470595],[0.445129,0.152738,0.882344]]],"btipPosition":[42.8566,104.246,-66.2623],"carpPosition":[38.1077,98.6714,83.7488],"dipPosition":[51.3631,107.165,-49.4005],"direction":[-0.185937,-0.061867,-0.980612],"extended":true,"handId":705,"id":7053,"length":65.8981,"mcpPosition":[48.3142,105.87,23.2161],"pipPosition":[56.6314,108.918,-21.616],"stabilizedTipPosition":[45.1732,106.791,-60.3783],"timeVisible":4.09319,"tipPosition":[43.8756,105.177,-62.0981],"tipVelocity":[13.2676,1.32135,-7.73818],"tool":false,"touchDistance":0.203657,"touchZone":"hovering","type":3,"width":18.6638},{"bases":[[[0.159874,-0.986746,0.0277857],[0.949382,0.161409,0.269481],[-0.270395,-0.0167038,0.962605]],[[0.127541,-0.982061,0.138888],[0.982607,0.144165,0.117046],[-0.134969,0.121544,0.983367]],[[0.127541,-0.982061,0.138888],[0.968777,0.0933314,-0.229695],[0.212612,0.163847,0.963302]],[[0.127541,-0.982061,0.138888],[0.856068,0.0382816,-0.515444],[0.50088,0.184638,0.845593]]],"btipPosition":[45.3627,74.7861,-42.9822],"carpPosition":[38.0946,84.7591,81.8359],"dipPosition":[54.1932,78.0413,-28.0744],"direction":[-0.212612,-0.163847,-0.963302],"extended":true,"handId":705,"id":7054,"length":51.6629,"mcpPosition":[53.5652,85.7148,26.7606],"pipPosition":[58.4465,81.319,-8.80361],"stabilizedTipPosition":[47.6948,75.6712,-37.9834],"timeVisible":4.09319,"tipPosition":[45.2898,75.9886,-38.7686],"tipVelocity":[8.46692,1.46043,-9.37476],"tool":false,"touchDistance":-0.286221,"touchZone":"touching","type":4,"width":16.5786}],"r":[[0.957422,0.249225,0.145705],[0.0135005,0.465504,-0.884943],[-0.288376,0.849231,0.442319]],"s":1.21157,"t":[15.2933,-168.898,-185.381],"timestamp":746842410967},{"currentFrameRate":114.564,"devices":[],"gestures":[],"hands":[{"armBasis":[[0.542343,-0.614501,-0.572933],[0.826363,0.513227,0.231779],[0.151617,-0.599155,0.786146]],"armWidth":64.899,"confidence":1,"direction":[0.221868,0.293613,-0.92982],"elbow":[65.9631,-75.5562,319.604],"grabAngle":0.669597,"grabStrength":0,"id":705,"palmNormal":[-0.805747,-0.481824,-0.34441],"palmPosition":[30.6008,113.698,41.2338],"palmVelocity":[2.65288,-7.14315,-4.67182],"palmWidth":89.7813,"pinchDistance":87.3471,"pinchStrength":0,"r":[[0.957453,0.249186,0.145572],[0.0133329,0.46569,-0.884848],[-0.288283,0.84914,0.442554]],"s":1.21187,"sphereCenter":[5.79665,61.655,-14.0621],"sphereRadius":84.8357,"stabilizedPalmPosition":[29.7842,117.854,46.2511],"t":[15.327,-168.959,-185.42],"timeVisible":4.10184,"type":"right","wrist":[25.5704,84.0667,110.165]}],"id":1306064,"interactionBox":{"center":[0,200,0],"size":[235.247,235.247,147.751]},"pointables":[{"bases":[[[0.984945,0.156025,0.0744295],[-0.168185,0.76534,0.621264],[0.039969,-0.624428,0.780059]],[[0.833508,0.446892,-0.324888],[-0.223026,0.810127,0.542174],[0.505494,-0.379448,0.774916]],[[0.833508,0.446892,-0.324888],[-0.319314,0.869507,0.376823],[0.450892,-0.210344,0.86744]],[[0.833508,0.446892,-0.324888],[-0.377889,0.890084,0.254852],[0.403069,-0.0896496,0.910768]]],"btipPosition":[-48.7087,139.166,4.16679],"carpPosition":[1.56163,110.995,94.3868],"dipPosition":[-39.0603,137.02,25.9682],"direction":[-0.450892,0.210344,-0.86744],"extended":true,"handId":705,"id":7050,"length":53.3051,"mcpPosition":[1.56163,110.995,94.3868],"pipPosition":[-23.3362,129.685,56.2187],"stabilizedTipPosition":[-47.8089,140.074,11.9405],"timeVisible":4.10184,"tipPosition":[-43.9,136.318,7.75562],"tipVelocity":[3.43977,-1.12489,-1.40745],"tool":false,"touchDistance":-0.274219,"touchZone":"touching","type":0,"width":20.9073},{"bases":[[[0.578589,-0.764594,-0.283954],[0.8156,0.539993,0.207857],[-0.00559297,-0.351857,0.936037]],[[0.573391,-0.802452,-0.165209],[0.790841,0.489446,0.367442],[-0.213994,-0.341342,0.915255]],[[0.573391,-0.802452,-0.165209],[0.817423,0.573914,0.0494202],[0.0551584,-0.163383,0.98502]],[[0.573391,-0.802452,-0.165209],[0.745297,0.594637,-0.30156],[0.340227,0.0497824,0.939025]]],"btipPosition":[26.3203,160.531,-58.7463],"carpPosition":[23.82,116.821,90.1824],"dipPosition":[32.2658,161.401,-42.3365],"direction":[-0.0551584,0.163383,-0.98502],"extended":true,"handId":705,"id":7051,"length":60.1489,"mcpPosition":[24.2261,142.363,22.2333],"pipPosition":[33.6295,157.362,-17.9852],"stabilizedTipPosition":[26.5055,160.827,-54.2893],"timeVisible":4.10184,"tipPosition":[25.3724,159.604,-55.0093],"tipVelocity":[14.5726,-2.90518,-5.11211],"tool":false,"touchDistance":-0.279836,"touchZone":"touching","type":1,"width":19.9706},{"bases":[[[0.42494,-0.885879,-0.186128],[0.901355,0.395099,0.177359],[-0.0835796,-0.243134,0.966385]],[[0.41549,-0.904436,-0.0967626],[0.883564,0.376039,0.279122],[-0.216062,-0.201468,0.955368]],[[0.41549,-0.904436,-0.0967626],[0.899782,0.42426,-0.10196],[0.133269,-0.0447019,0.990071]],[[0.41549,-0.904436,-0.0967626],[0.79147,0.411905,-0.451562],[0.448267,0.111035,0.886977]]],"btipPosition":[36.0607,134.579,-72.8965],"carpPosition":[32.1473,108.743,86.5746],"dipPosition":[44.6767,136.713,-55.8482],"direction":[-0.133269,0.0447019,-0.990071],"extended":true,"handId":705,"id":7052,"length":68.5348,"mcpPosition":[37.901,125.48,20.0475],"pipPosition":[48.5528,135.413,-27.052],"stabilizedTipPosition":[37.5946,135.142,-68.0483],"timeVisible":4.10184,"tipPosition":[36.4212,134.859,-68.7895],"tipVelocity":[14.2732,-4.75294,-6.57872],"tool":false,"touchDistance":-0.285273,"touchZone":"touching","type":2,"width":19.6138},{"bases":[[[0.338844,-0.93925,-0.0547246],[0.926288,0.322845,0.194324],[-0.164851,-0.116536,0.97941]],[[0.329678,-0.944089,-0.00299521],[0.926336,0.322863,0.194063],[-0.182246,-0.066753,0.980984]],[[0.329678,-0.944089,-0.00299521],[0.925772,0.323901,-0.195024],[0.18509,0.0615223,0.980794]],[[0.329678,-0.944089,-0.00299521],[0.833325,0.292487,-0.469063],[0.443713,0.152144,0.88316]]],"btipPosition":[42.9352,104.207,-66.3273],"carpPosition":[38.1415,98.6047,83.7047],"dipPosition":[51.4147,107.115,-49.4499],"direction":[-0.18509,-0.0615223,-0.980794],"extended":true,"handId":705,"id":7053,"length":65.8981,"mcpPosition":[48.3306,105.808,23.1695],"pipPosition":[56.659,108.858,-21.6603],"stabilizedTipPosition":[45.1723,106.785,-60.3851],"timeVisible":4.10184,"tipPosition":[43.8716,105.122,-62.1451],"tipVelocity":[8.36138,-4.76482,-7.09578],"tool":false,"touchDistance":0.202633,"touchZone":"hovering","type":3,"width":18.6638},{"bases":[[[0.159748,-0.986771,0.0276487],[0.949487,0.161255,0.269206],[-0.270103,-0.0167531,0.962686]],[[0.127537,-0.98212,0.13847],[0.982632,0.14409,0.116929],[-0.134791,0.121152,0.98344]],[[0.127537,-0.98212,0.13847],[0.968908,0.0935256,-0.229065],[0.212019,0.163379,0.963512]],[[0.127537,-0.98212,0.13847],[0.856672,0.0387201,-0.514407],[0.499848,0.184229,0.846293]]],"btipPosition":[45.401,74.7532,-43.0513],"carpPosition":[38.126,84.6926,81.7906],"dipPosition":[54.2133,78.0012,-28.1312],"direction":[-0.212019,-0.163379,-0.963512],"extended":true,"handId":705,"id":7054,"length":51.6629,"mcpPosition":[53.58,85.6511,26.7106],"pipPosition":[58.4548,81.2695,-8.85622],"stabilizedTipPosition":[47.6939,75.6706,-37.9891],"timeVisible":4.10184,"tipPosition":[45.2903,75.9305,-38.8195],"tipVelocity":[3.94248,-3.99343,-7.65858],"tool":false,"touchDistance":-0.286927,"touchZone":"touching","type":4,"width":16.5786}],"r":[[0.957453,0.249186,0.145572],[0.0133329,0.46569,-0.884848],[-0.288283,0.84914,0.442554]],"s":1.21187,"t":[15.327,-168.959,-185.42],"timestamp":746842419626},{"currentFrameRate":114.578,"devices":[],"gestures":[],"hands":[{"armBasis":[[0.542608,-0.611745,-0.575625],[0.826159,0.512492,0.234122],[0.15178,-0.602594,0.783481]],"armWidth":64.899,"confidence":1,"direction":[0.221762,0.293202,-0.929975],"elbow":[66.0392,-76.538,318.853],"grabAngle":0.667243,"grabStrength":0,"id":705,"palmNormal":[-0.805908,-0.481793,-0.344077],"palmPosition":[30.6259,113.649,41.2036],"palmVelocity":[2.88483,-5.57502,-3.46374],"palmWidth":89.7813,"pinchDistance":87.3528,"pinchStrength":0,"r":[[0.957492,0.249126,0.145411],[0.0131865,0.465769,-0.884808],[-0.288157,0.849115,0.442685]],"s":1.2122,"sphereCenter":[5.91986,61.5641,-14.0837],"sphereRadius":84.8393,"stabilizedPalmPosition":[29.7888,117.831,46.2238],"t":[15.3563,-169.014,-185.455],"timeVisible":4.11055,"type":"right","wrist":[25.603,84.001,110.123]}],"id":1306065,"interactionBox":{"center":[0,200,0],"size":[235.247,235.247,147.751]},"pointables":[{"bases":[[[0.98499,0.155851,0.0741926],[-0.167916,0.765618,0.620993],[0.0399792,-0.62413,0.780297]],[[0.833719,0.446437,-0.324973],[-0.222629,0.810325,0.542042],[0.505321,-0.379562,0.774973]],[[0.833719,0.446437,-0.324973],[-0.31884,0.8697,0.376781],[0.450838,-0.210515,0.867427]],[[0.833719,0.446437,-0.324973],[-0.377237,0.890259,0.255206],[0.403244,-0.0901786,0.910639]]],"btipPosition":[-48.6685,139.169,4.14363],"carpPosition":[1.59568,110.973,94.3629],"dipPosition":[-39.0159,137.01,25.942],"direction":[-0.450837,0.210515,-0.867427],"extended":true,"handId":705,"id":7050,"length":53.3051,"mcpPosition":[1.59568,110.973,94.3629],"pipPosition":[-23.2937,129.669,56.192],"stabilizedTipPosition":[-47.8026,140.067,11.9276],"timeVisible":4.11055,"tipPosition":[-43.8843,136.279,7.73443],"tipVelocity":[4.73748,-0.0370865,-2.74178],"tool":false,"touchDistance":-0.274616,"touchZone":"touching","type":0,"width":20.9073},{"bases":[[[0.578381,-0.764825,-0.283758],[0.815748,0.539906,0.2075],[-0.00549856,-0.351489,0.936176]],[[0.573147,-0.802793,-0.164392],[0.790808,0.489291,0.367717],[-0.214765,-0.340759,0.915292]],[[0.573147,-0.802793,-0.164392],[0.817719,0.573348,0.051058],[0.053265,-0.163691,0.985073]],[[0.573147,-0.802793,-0.164392],[0.74669,0.594281,-0.298804],[0.337573,0.0485084,0.940049]]],"btipPosition":[26.475,160.481,-58.8074],"carpPosition":[23.8545,116.793,90.1522],"dipPosition":[32.3742,161.329,-42.3797],"direction":[-0.053265,0.163691,-0.985073],"extended":true,"handId":705,"id":7051,"length":60.1489,"mcpPosition":[24.2537,142.308,22.1931],"pipPosition":[33.691,157.282,-18.027],"stabilizedTipPosition":[26.5227,160.825,-54.2989],"timeVisible":4.11055,"tipPosition":[25.4108,159.529,-55.0562],"tipVelocity":[16.5492,-6.37932,-6.54343],"tool":false,"touchDistance":-0.280786,"touchZone":"touching","type":1,"width":19.9706},{"bases":[[[0.424724,-0.88604,-0.185856],[0.901468,0.394983,0.177043],[-0.0834573,-0.242738,0.966495]],[[0.41522,-0.904646,-0.095958],[0.883509,0.375869,0.279524],[-0.216802,-0.200844,0.955332]],[[0.41522,-0.904646,-0.095958],[0.900141,0.423823,-0.100598],[0.131675,-0.0446053,0.990289]],[[0.41522,-0.904646,-0.095958],[0.792739,0.411553,-0.449654],[0.44627,0.110636,0.888033]]],"btipPosition":[36.2057,134.494,-72.9574],"carpPosition":[32.1795,108.712,86.5461],"dipPosition":[44.7833,136.621,-55.8889],"direction":[-0.131675,0.0446053,-0.990289],"extended":true,"handId":705,"id":7052,"length":68.5348,"mcpPosition":[37.9248,125.422,20.0114],"pipPosition":[48.6131,135.324,-27.0863],"stabilizedTipPosition":[37.601,135.141,-68.059],"timeVisible":4.11055,"tipPosition":[36.4458,134.768,-68.8307],"tipVelocity":[15.6426,-9.88687,-6.46246],"tool":false,"touchDistance":-0.285923,"touchZone":"touching","type":2,"width":19.6138},{"bases":[[[0.33864,-0.939341,-0.0544164],[0.926389,0.32273,0.194032],[-0.1647,-0.116118,0.979485]],[[0.329433,-0.944176,-0.00241684],[0.926367,0.322722,0.19415],[-0.182531,-0.0661982,0.980969]],[[0.329433,-0.944176,-0.00241684],[0.926041,0.323603,-0.19424],[0.184179,0.0617509,0.980951]],[[0.329433,-0.944176,-0.00241684],[0.834253,0.292276,-0.467544],[0.44215,0.152008,0.883967]]],"btipPosition":[43.0243,104.119,-66.3767],"carpPosition":[38.1711,98.5713,83.6792],"dipPosition":[51.4738,107.024,-49.4839],"direction":[-0.184179,-0.0617509,-0.980951],"extended":true,"handId":705,"id":7053,"length":65.8981,"mcpPosition":[48.3509,105.748,23.1393],"pipPosition":[56.6923,108.773,-21.6898],"stabilizedTipPosition":[45.1716,106.778,-60.3922],"timeVisible":4.11055,"tipPosition":[43.8822,105.028,-62.1759],"tipVelocity":[9.43565,-10.2374,-5.26608],"tool":false,"touchDistance":0.201869,"touchZone":"hovering","type":3,"width":18.6638},{"bases":[[[0.159549,-0.986793,0.0280075],[0.949568,0.161165,0.268974],[-0.269935,-0.0163195,0.96274]],[[0.127411,-0.98211,0.13866],[0.98268,0.143959,0.116685],[-0.134559,0.121391,0.983442]],[[0.127411,-0.98211,0.13866],[0.969059,0.0934644,-0.228448],[0.211401,0.163477,0.963631]],[[0.127411,-0.98211,0.13866],[0.857317,0.0387468,-0.513328],[0.498772,0.184279,0.846916]]],"btipPosition":[45.4407,74.6827,-43.088],"carpPosition":[38.1524,84.6584,81.7705],"dipPosition":[54.234,77.9316,-28.1569],"direction":[-0.211401,-0.163477,-0.963631],"extended":true,"handId":705,"id":7054,"length":51.6629,"mcpPosition":[53.5967,85.5921,26.6874],"pipPosition":[58.4631,81.2019,-8.87953],"stabilizedTipPosition":[47.693,75.6697,-37.9952],"timeVisible":4.11055,"tipPosition":[45.2989,75.8464,-38.8396],"tipVelocity":[4.05629,-8.07206,-3.92487],"tool":false,"touchDistance":-0.28708,"touchZone":"touching","type":4,"width":16.5786}],"r":[[0.957492,0.249126