{"frames":86,"data":[{"currentFrameRate":114.541,"devices":[],"gestures":[],"hands":[{"armBasis":[[0.631291,0.692699,-0.34877],[-0.517814,0.711258,0.475375],[0.577357,-0.119502,0.8077]],"armWidth":61.3166,"confidence":1,"direction":[-0.534635,0.062553,-0.842765],"elbow":[128.099,104.953,351.327],"grabAngle":0.177254,"grabStrength":0,"id":786,"palmNormal":[0.561978,-0.71848,-0.409838],"palmPosition":[-60.0038,132.557,86.3626],"palmVelocity":[3.60588,6.24812,1.36477],"palmWidth":85.9352,"pinchDistance":55.5384,"pinchStrength":0,"r":[[0.989713,-0.116103,0.0836008],[0.117636,0.992963,-0.0136365],[-0.0814293,0.0233307,0.996406]],"s":1.00044,"sphereCenter":[54.8522,2.86688,-1.17942],"sphereRadius":197.181,"stabilizedPalmPosition":[-64.7177,128.599,88.877],"t":[17.9991,9.02054,-2.83158],"timeVisible":2.50727,"type":"right","wrist":[-19.1333,135.427,145.354]}],"id":1357694,"interactionBox":{"center":[0,200,0],"size":[235.247,235.247,147.751]},"pointables":[{"bases":[[[-0.353002,0.933586,0.0616939],[-0.550618,-0.260602,0.793036],[0.756446,0.245973,0.606042]],[[-0.443011,0.896422,-0.0130139],[-0.530416,-0.250373,0.809921],[0.722773,0.365707,0.586394]],[[-0.443011,0.896422,-0.0130139],[-0.831167,-0.405235,0.380719],[0.336011,0.179479,0.924599]],[[-0.443011,0.896422,-0.0130139],[-0.896516,-0.442975,0.00570022],[-0.000655032,0.0141924,0.999899]]],"btipPosition":[-84.5646,87.957,58.536],"carpPosition":[-40.0186,111.103,136.445],"dipPosition":[-84.5787,88.261,79.9503],"direction":[-0.336011,-0.179479,-0.924599],"extended":false,"handId":786,"id":7860,"length":47.6913,"mcpPosition":[-40.0186,111.103,136.445],"pipPosition":[-74.0949,93.8608,108.798],"stabilizedTipPosition":[-88.7648,86.2439,64.1404],"timeVisible":2.50727,"tipPosition":[-82.8917,88.0439,63.8901],"tipVelocity":[2.47715,2.13611,3.88931],"tool":false,"touchDistance":-0.108978,"touchZone":"touching","type":0,"width":19.6444},{"bases":[[[0.53242,0.693398,-0.485519],[-0.649663,0.702425,0.290754],[0.542649,0.160621,0.824459]],[[0.668816,0.709921,-0.220673],[-0.65222,0.702771,0.284116],[0.356782,-0.0460941,0.93305]],[[0.668816,0.709921,-0.220673],[-0.680729,0.70412,0.20205],[0.29882,0.0150837,0.95419]],[[0.668816,0.709921,-0.220673],[-0.701611,0.700897,0.128393],[0.245818,0.0689556,0.96686]]],"btipPosition":[-113.178,119.52,2.6458],"carpPosition":[-50.9943,130.28,132.835],"dipPosition":[-109.335,120.598,17.7626],"direction":[-0.29882,-0.0150837,-0.95419],"extended":true,"handId":786,"id":7861,"length":53.8143,"mcpPosition":[-88.6989,119.12,75.5499],"pipPosition":[-102.726,120.932,38.8675],"stabilizedTipPosition":[-118.339,118.297,9.49678],"timeVisible":2.50727,"tipPosition":[-113.861,120.193,5.89108],"tipVelocity":[6.65704,-5.95946,-0.262107],"tool":false,"touchDistance":-0.117973,"touchZone":"touching","type":1,"width":18.7643},{"bases":[[[0.703737,0.578749,-0.412073],[-0.538226,0.812896,0.222515],[0.463753,0.0651962,0.883563]],[[0.742947,0.582278,-0.330124],[-0.557057,0.811316,0.177352],[0.371103,0.0521342,0.927127]],[[0.742947,0.582278,-0.330124],[-0.587071,0.803765,0.0964848],[0.321523,0.122123,0.938994]],[[0.742947,0.582278,-0.330124],[-0.598045,0.798958,0.0633085],[0.300618,0.150394,0.941812]]],"btipPosition":[-106.678,126.938,-12.4851],"carpPosition":[-46.2151,139.298,127.258],"dipPosition":[-101.508,129.524,3.71065],"direction":[-0.321523,-0.122123,-0.938994],"extended":true,"handId":786,"id":7862,"length":61.3171,"mcpPosition":[-76.7728,135.002,69.0386],"pipPosition":[-93.1413,132.702,28.1451],"stabilizedTipPosition":[-112.337,124.344,-5.98992],"timeVisible":2.50727,"tipPosition":[-106.356,128.428,-9.1681],"tipVelocity":[11.1498,-15.1407,-1.06047],"tool":false,"touchDistance":-0.0856627,"touchZone":"touching","type":2,"width":18.4291},{"bases":[[[0.80287,0.519098,-0.293152],[-0.471515,0.853831,0.220559],[0.364794,-0.0388546,0.930277]],[[0.762132,0.520374,-0.385182],[-0.497148,0.851503,0.166693],[0.414726,0.0644504,0.907661]],[[0.762132,0.520374,-0.385182],[-0.528801,0.843593,0.0933787],[0.373529,0.132518,0.918104]],[[0.762132,0.520374,-0.385182],[-0.533154,0.841978,0.082582],[0.367288,0.142423,0.919138]]],"btipPosition":[-93.1927,140.49,-9.12946],"carpPosition":[-38.9063,146.621,122.005],"dipPosition":[-86.9129,142.925,6.58559],"direction":[-0.373529,-0.132518,-0.918104],"extended":true,"handId":786,"id":7863,"length":58.958,"mcpPosition":[-60.4875,148.92,66.97],"pipPosition":[-77.444,146.285,29.8594],"stabilizedTipPosition":[-96.7787,137.703,-3.86762],"timeVisible":2.50727,"tipPosition":[-91.4978,141.438,-6.22239],"tipVelocity":[10.2945,-13.1642,-2.05608],"tool":false,"touchDistance":0.019151,"touchZone":"hovering","type":3,"width":17.5364},{"bases":[[[0.906492,0.362851,-0.215898],[-0.306805,0.917366,0.253593],[0.290074,-0.163642,0.94291]],[[0.79399,0.393616,-0.4633],[-0.34356,0.919252,0.192207],[0.501545,0.00656081,0.865107]],[[0.79399,0.393616,-0.4633],[-0.401297,0.911813,0.0869376],[0.456662,0.116893,0.881927]],[[0.79399,0.393616,-0.4633],[-0.412049,0.908773,0.0659288],[0.446985,0.138555,0.883746]]],"btipPosition":[-74.0114,153.658,7.70364],"carpPosition":[-26.6736,149.186,117.058],"dipPosition":[-66.961,155.844,21.6432],"direction":[-0.456662,-0.116893,-0.881927],"extended":true,"handId":786,"id":7864,"length":46.222,"mcpPosition":[-42.5592,158.148,65.4202],"pipPosition":[-58.7876,157.936,37.428],"stabilizedTipPosition":[-76.7227,149.969,12.1208],"timeVisible":2.50727,"tipPosition":[-71.7762,154.499,10.1737],"tipVelocity":[7.64718,-8.89573,-2.52688],"tool":false,"touchDistance":0.0642321,"touchZone":"hovering","type":4,"width":15.5772}],"r":[[0.989713,-0.116103,0.0836008],[0.117636,0.992963,-0.0136365],[-0.0814293,0.0233307,0.996406]],"s":1.00044,"t":[17.9991,9.02054,-2.83158],"timestamp":747297629129},{"currentFrameRate":115.216,"devices":[],"gestures":[],"hands":[{"armBasis":[[0.631418,0.693251,-0.34744],[-0.517929,0.710491,0.476396],[0.577114,-0.120856,0.807671]],"armWidth":61.3075,"confidence":1,"direction":[-0.534754,0.0616821,-0.842754],"elbow":[128.078,104.684,351.296],"grabAngle":0.178551,"grabStrength":0,"id":786,"palmNormal":[0.562917,-0.717809,-0.409725],"palmPosition":[-59.9496,132.59,86.3528],"palmVelocity":[7.20049,4.38052,-1.30533],"palmWidth":85.9287,"pinchDistance":55.5494,"pinchStrength":0,"r":[[0.989754,-0.11571,0.0836499],[0.117249,0.993008,-0.0137048],[-0.0814792,0.0233722,0.996401]],"s":1.00008,"sphereCenter":[55.4544,2.60364,-1.28633],"sphereRadius":197.729,"stabilizedPalmPosition":[-64.6917,128.621,88.8632],"t":[18.0502,9.06389,-2.83508],"timeVisible":2.5148,"type":"right","wrist":[-19.0864,135.502,145.34]}],"id":1357695,"interactionBox":{"center":[0,200,0],"size":[235.247,235.247,147.751]},"pointables":[{"bases":[[[-0.354241,0.933128,0.0615323],[-0.550237,-0.261184,0.793109],[0.756143,0.247094,0.605964]],[[-0.444393,0.895733,-0.0133271],[-0.530135,-0.250961,0.809923],[0.72213,0.366989,0.586385]],[[-0.444393,0.895733,-0.0133271],[-0.830485,-0.406353,0.381013],[0.335871,0.180388,0.924474]],[[-0.444393,0.895733,-0.0133271],[-0.895832,-0.444352,0.00601786],[-0.000531545,0.0146132,0.999893]]],"btipPosition":[-84.4495,87.9287,58.5214],"carpPosition":[-39.9347,111.173,136.436],"dipPosition":[-84.4609,88.2417,79.9405],"direction":[-0.335871,-0.180387,-0.924474],"extended":false,"handId":786,"id":7860,"length":47.7022,"mcpPosition":[-39.9347,111.173,136.436],"pipPosition":[-73.9791,93.8712,108.791],"stabilizedTipPosition":[-88.7395,86.2542,64.1363],"timeVisible":2.5148,"tipPosition":[-82.7821,88.0422,63.8889],"tipVelocity":[15.369,-3.48802,-1.79236],"tool":false,"touchDistance":-0.109203,"touchZone":"touching","type":0,"width":19.6406},{"bases":[[[0.531476,0.694014,-0.485673],[-0.650584,0.701615,0.290648],[0.542469,0.161499,0.824406]],[[0.667753,0.710784,-0.221116],[-0.653081,0.701947,0.284175],[0.357199,-0.0453518,0.932927]],[[0.667753,0.710784,-0.221116],[-0.681776,0.703226,0.201632],[0.298811,0.0161116,0.954176]],[[0.667753,0.710784,-0.221116],[-0.702699,0.699915,0.127802],[0.245602,0.0700381,0.966837]]],"btipPosition":[-113.124,119.445,2.62909],"carpPosition":[-50.9367,130.334,132.822],"dipPosition":[-109.283,120.54,17.7489],"direction":[-0.298811,-0.0161116,-0.954176],"extended":true,"handId":786,"id":7861,"length":53.8266,"mcpPosition":[-88.626,119.113,75.5443],"pipPosition":[-102.672,120.897,38.8584],"stabilizedTipPosition":[-118.158,118.339,9.3962],"timeVisible":2.5148,"tipPosition":[-113.791,120.138,5.88626],"tipVelocity":[7.16606,-9.48698,-2.12444],"tool":false,"touchDistance":-0.11824,"touchZone":"touching","type":1,"width":18.7607},{"bases":[[[0.702949,0.579607,-0.412212],[-0.539298,0.812221,0.222384],[0.463703,0.0659804,0.883531]],[[0.742047,0.5832,-0.33052],[-0.558318,0.810574,0.176778],[0.371008,0.0533573,0.927096]],[[0.742047,0.5832,-0.33052],[-0.588639,0.802797,0.0949818],[0.320734,0.124076,0.939008]],[[0.742047,0.5832,-0.33052],[-0.599647,0.79789,0.0616083],[0.299648,0.152479,0.941786]]],"btipPosition":[-106.592,126.803,-12.5111],"carpPosition":[-46.1697,139.356,127.243],"dipPosition":[-101.438,129.426,3.68796],"direction":[-0.320734,-0.124076,-0.939008],"extended":true,"handId":786,"id":7862,"length":61.3311,"mcpPosition":[-76.7218,135.009,69.0298],"pipPosition":[-93.0899,132.655,28.1283],"stabilizedTipPosition":[-112.161,124.422,-6.06097],"timeVisible":2.5148,"tipPosition":[-106.295,128.375,-9.17294],"tipVelocity":[10.8941,-16.8388,-3.34418],"tool":false,"touchDistance":-0.0860824,"touchZone":"touching","type":2,"width":18.4255},{"bases":[[[0.802166,0.52011,-0.293284],[-0.472641,0.853245,0.220417],[0.364884,-0.0381931,0.930269]],[[0.761408,0.521314,-0.385342],[-0.498488,0.850838,0.166089],[0.414448,0.0656264,0.907704]],[[0.761408,0.521314,-0.385342],[-0.530427,0.842723,0.0920011],[0.372698,0.134345,0.918176]],[[0.761408,0.521314,-0.385342],[-0.53483,0.841063,0.0810568],[0.366353,0.144375,0.919207]]],"btipPosition":[-93.12,140.388,-9.16361],"carpPosition":[-38.8709,146.688,121.989],"dipPosition":[-86.8549,142.857,6.55619],"direction":[-0.372698,-0.134346,-0.918176],"extended":true,"handId":786,"id":7863,"length":58.9715,"mcpPosition":[-60.4559,148.948,66.958],"pipPosition":[-77.4048,146.264,29.8372],"stabilizedTipPosition":[-96.7169,137.742,-3.88798],"timeVisible":2.5148,"tipPosition":[-91.4604,141.41,-6.22906],"tipVelocity":[9.20071,-12.4804,-4.38973],"tool":false,"touchDistance":0.0186,"touchZone":"hovering","type":3,"width":17.533},{"bases":[[[0.905999,0.364016,-0.216005],[-0.308015,0.917005,0.253433],[0.290331,-0.163077,0.942928]],[[0.793569,0.394571,-0.463209],[-0.344985,0.918833,0.191653],[0.501232,0.00771047,0.865279]],[[0.793569,0.394571,-0.463209],[-0.40299,0.911177,0.0857574],[0.455903,0.118614,0.88209]],[[0.793569,0.394571,-0.463209],[-0.413873,0.90805,0.0644492],[0.446046,0.140565,0.883903]]],"btipPosition":[-73.9615,153.608,7.66505],"carpPosition":[-26.6422,149.269,117.04],"dipPosition":[-66.9243,155.826,21.6103],"direction":[-0.455903,-0.118614,-0.88209],"extended":true,"handId":786,"id":7864,"length":46.2325,"mcpPosition":[-42.5407,158.199,65.4058],"pipPosition":[-58.7627,157.95,37.4016],"stabilizedTipPosition":[-76.6861,150.003,12.1104],"timeVisible":2.5148,"tipPosition":[-71.7565,154.501,10.1629],"tipVelocity":[6.21691,-5.60993,-4.95257],"tool":false,"touchDistance":0.0636105,"touchZone":"hovering","type":4,"width":15.5742}],"r":[[0.989754,-0.11571,0.0836499],[0.117249,0.993008,-0.0137048],[-0.0814792,0.0233722,0.996401]],"s":1.00008,"t":[18.0502,9.06389,-2.83508],"timestamp":747297636660},{"currentFrameRate":114.838,"devices":[],"gestures":[],"hands":[{"armBasis":[[0.631702,0.693651,-0.346123],[-0.517785,0.709828,0.477539],[0.576933,-0.122445,0.807562]],"armWidth":61.3087,"confidence":1,"direction":[-0.534717,0.0608502,-0.842838],"elbow":[128.037,104.354,351.256],"grabAngle":0.179762,"grabStrength":0,"id":786,"palmNormal":[0.563778,-0.717285,-0.40946],"palmPosition":[-59.9175,132.626,86.3575],"palmVelocity":[3.42283,3.83968,0.503603],"palmWidth":85.9238,"pinchDistance":55.5552,"pinchStrength":0,"r":[[0.989812,-0.115167,0.0837203],[0.116714,0.993069,-0.0138104],[-0.0815495,0.0234411,0.996394]],"s":0.999797,"sphereCenter":[56.1203,2.14733,-1.37762],"sphereRadius":198.457,"stabilizedPalmPosition":[-64.6594,128.648,88.8462],"t":[18.0917,9.10351,-2.83447],"timeVisible":2.52415,"type":"right","wrist":[-19.0699,135.575,145.343]}],"id":1357696,"interactionBox":{"center":[0,200,0],"size":[235.247,235.247,147.751]},"pointables":[{"bases":[[[-0.355302,0.932744,0.0612348],[-0.550042,-0.26159,0.793111],[0.755788,0.248112,0.605992]],[[-0.445516,0.895169,-0.0137241],[-0.529958,-0.251337,0.809923],[0.721568,0.368106,0.586376]],[[-0.445516,0.895169,-0.0137241],[-0.829913,-0.407191,0.381366],[0.335799,0.181294,0.924322]],[[-0.445516,0.895169,-0.0137241],[-0.895274,-0.445468,0.00650668],[-0.000289098,0.0151857,0.999885]]],"btipPosition":[-84.3759,87.9099,58.5339],"carpPosition":[-39.8863,111.246,136.445],"dipPosition":[-84.3821,88.2352,79.9545],"direction":[-0.335799,-0.181294,-0.924322],"extended":false,"handId":786,"id":7860,"length":47.7062,"mcpPosition":[-39.8863,111.246,136.445],"pipPosition":[-73.9017,93.8935,108.803],"stabilizedTipPosition":[-88.7063,86.2674,64.1312],"timeVisible":2.52415,"tipPosition":[-82.6993,88.0462,63.9022],"tipVelocity":[7.99586,-1.70417,1.36863],"tool":false,"touchDistance":-0.10899,"touchZone":"touching","type":0,"width":19.6418},{"bases":[[[0.530754,0.694481,-0.485794],[-0.651412,0.700959,0.290376],[0.542183,0.162334,0.82443]],[[0.666884,0.71149,-0.221466],[-0.653892,0.701283,0.283951],[0.357339,-0.0445477,0.932912]],[[0.666884,0.71149,-0.221466],[-0.682711,0.702487,0.201039],[0.298615,0.0171276,0.95422]],[[0.666884,0.71149,-0.221466],[-0.703625,0.699098,0.127176],[0.245311,0.0710173,0.96684]]],"btipPosition":[-113.072,119.377,2.62811],"carpPosition":[-50.908,130.393,132.826],"dipPosition":[-109.235,120.488,17.7493],"direction":[-0.298615,-0.0171276,-0.95422],"extended":true,"handId":786,"id":7861,"length":53.8311,"mcpPosition":[-88.5752,119.115,75.5499],"pipPosition":[-102.628,120.867,38.8614],"stabilizedTipPosition":[-117.943,118.385,9.27733],"timeVisible":2.52415,"tipPosition":[-113.732,120.091,5.88789],"tipVelocity":[5.46709,-6.86654,-0.0726573],"tool":false,"touchDistance":-0.118251,"touchZone":"touching","type":1,"width":18.7618},{"bases":[[[0.702346,0.580288,-0.412281],[-0.540243,0.811672,0.222096],[0.463517,0.0667431,0.883571]],[[0.741333,0.583944,-0.33081],[-0.559483,0.809952,0.175945],[0.370682,0.0546488,0.927151]],[[0.741333,0.583944,-0.33081],[-0.590053,0.801953,0.0933178],[0.319786,0.126016,0.939072]],[[0.741333,0.583944,-0.33081],[-0.601086,0.796947,0.0597563],[0.298532,0.154546,0.941804]]],"btipPosition":[-106.503,126.671,-12.5191],"carpPosition":[-46.151,139.418,127.246],"dipPosition":[-101.368,129.33,3.68161],"direction":[-0.319786,-0.126016,-0.939072],"extended":true,"handId":786,"id":7862,"length":61.3362,"mcpPosition":[-76.6891,135.021,69.0331],"pipPosition":[-93.0441,132.61,28.1257],"stabilizedTipPosition":[-111.946,124.512,-6.1468],"timeVisible":2.52415,"tipPosition":[-106.241,128.327,-9.17065],"tipVelocity":[8.99568,-13.1962,-0.816307],"tool":false,"touchDistance":-0.0862097,"touchZone":"touching","type":2,"width":18.4266},{"bases":[[[0.801615,0.520936,-0.293324],[-0.473631,0.852771,0.220126],[0.36481,-0.0375292,0.930325]],[[0.760837,0.522068,-0.38545],[-0.499714,0.850278,0.165266],[0.41402,0.0668747,0.907808]],[[0.760837,0.522068,-0.38545],[-0.531887,0.841966,0.0905021],[0.371784,0.136159,0.91828]],[[0.760837,0.522068,-0.38545],[-0.536337,0.84026,0.0794082],[0.365335,0.146314,0.919305]]],"btipPosition":[-93.0487,140.286,-9.17692],"carpPosition":[-38.8605,146.757,121.991],"dipPosition":[-86.8004,142.789,6.54589],"direction":[-0.371784,-0.136159,-0.91828],"extended":true,"handId":786,"id":7863,"length":58.9764,"mcpPosition":[-60.4398,148.977,66.9596],"pipPosition":[-77.3727,146.241,29.8314],"stabilizedTipPosition":[-96.6415,137.788,-3.91267],"timeVisible":2.52415,"tipPosition":[-91.4277,141.382,-6.22723],"tipVelocity":[7.21861,-10.0956,-1.34887],"tool":false,"touchDistance":0.0183898,"touchZone":"hovering","type":3,"width":17.5341},{"bases":[[[0.905615,0.364979,-0.21599],[-0.309082,0.916726,0.253146],[0.290396,-0.162494,0.943009]],[[0.793247,0.395333,-0.463109],[-0.346291,0.918494,0.19092],[0.50084,0.00892416,0.865494]],[[0.793247,0.395333,-0.463109],[-0.404497,0.910627,0.084506],[0.455128,0.120292,0.882263]],[[0.793247,0.395333,-0.463109],[-0.415474,0.907423,0.0629671],[0.445129,0.142462,0.884062]]],"btipPosition":[-73.9187,153.557,7.64916],"carpPosition":[-26.6351,149.349,117.043],"dipPosition":[-66.8954,155.805,21.598],"direction":[-0.455128,-0.120292,-0.882263],"extended":true,"handId":786,"id":7864,"length":46.2364,"mcpPosition":[-42.5362,158.247,65.4073],"pipPosition":[-58.7469,157.958,37.3938],"stabilizedTipPosition":[-76.6415,150.045,12.0976],"timeVisible":2.52415,"tipPosition":[-71.7417,154.501,10.1626],"tipVelocity":[4.23665,-4.78861,-1.60898],"tool":false,"touchDistance":0.0633598,"touchZone":"hovering","type":4,"width":15.5752}],"r":[[0.989812,-0.115167,0.0837203],[0.116714,0.993069,-0.0138104],[-0.0815495,0.0234411,0.996394]],"s":0.999797,"t":[18.0917,9.10351,-2.83447],"timestamp":747297646011},{"currentFrameRate":115.239,"devices":[],"gestures":[],"hands":[{"armBasis":[[0.632105,0.693676,-0.345337],[-0.517464,0.709607,0.478214],[0.576779,-0.123581,0.807498]],"armWidth":61.3128,"confidence":1,"direction":[-0.534463,0.0598194,-0.843072],"elbow":[128.002,104.131,351.224],"grabAngle":0.180419,"grabStrength":0,"id":786,"palmNormal":[0.564445,-0.717185,-0.408715],"palmPosition":[-59.8802,132.639,86.3478],"palmVelocity":[4.66828,1.61485,-1.20782],"palmWidth":85.9133,"pinchDistance":55.5675,"pinchStrength":0,"r":[[0.989868,-0.114576,0.083864],[0.116144,0.993133,-0.0140379],[-0.0816797,0.0236359,0.996378]],"s":0.999609,"sphereCenter":[56.2424,2.34437,-1.22817],"sphereRadius":198.31,"stabilizedPalmPosition":[-64.6321,128.671,88.832],"t":[18.1312,9.12978,-2.83899],"timeVisible":2.53214,"type":"right","wrist":[-19.0571,135.64,145.339]}],"id":1357697,"interactionBox":{"center":[0,200,0],"size":[235.247,235.247,147.751]},"pointables":[{"bases":[[[-0.356002,0.932531,0.0603992],[-0.550132,-0.261387,0.793115],[0.755392,0.249123,0.60607]],[[-0.446367,0.894728,-0.0147397],[-0.53023,-0.251184,0.809792],[0.720842,0.36928,0.586532]],[[-0.446367,0.894728,-0.0147397],[-0.829671,-0.407627,0.381426],[0.335264,0.182485,0.924282]],[[-0.446367,0.894728,-0.0147397],[-0.89485,-0.446318,0.00665284],[-0.000626113,0.0161594,0.999869]]],"btipPosition":[-84.2829,87.8638,58.5355],"carpPosition":[-39.8523,111.313,136.456],"dipPosition":[-84.2963,88.21,79.958],"direction":[-0.335264,-0.182485,-0.924282],"extended":false,"handId":786,"id":7860,"length":47.7109,"mcpPosition":[-39.8523,111.313,136.456],"pipPosition":[-73.8315,93.906,108.808],"stabilizedTipPosition":[-88.6759,86.2789,64.1266],"timeVisible":2.53214,"tipPosition":[-82.6245,88.0253,63.9176],"tipVelocity":[11.4315,-5.16822,0.254943],"tool":false,"touchDistance":-0.108956,"touchZone":"touching","type":0,"width":19.6442},{"bases":[[[0.53042,0.694498,-0.486135],[-0.652025,0.700705,0.289613],[0.541773,0.163356,0.824498]],[[0.666358,0.711818,-0.221995],[-0.654324,0.700999,0.283656],[0.35753,-0.04376,0.932876]],[[0.666358,0.711818,-0.221995],[-0.683279,0.702129,0.200362],[0.29849,0.0181718,0.95424]],[[0.666358,0.711818,-0.221995],[-0.704208,0.698652,0.126394],[0.245067,0.072107,0.966821]]],"btipPosition":[-113.022,119.291,2.61321],"carpPosition":[-50.8885,130.447,132.815],"dipPosition":[-109.189,120.418,17.7356],"direction":[-0.29849,-0.0181718,-0.95424],"extended":true,"handId":786,"id":7861,"length":53.8365,"mcpPosition":[-88.5226,119.099,75.541],"pipPosition":[-102.585,120.821,38.8503],"stabilizedTipPosition":[-117.766,118.421,9.18042],"timeVisible":2.53214,"tipPosition":[-113.655,120.003,5.86919],"tipVelocity":[6.06212,-10.3278,-1.82905],"tool":false,"touchDistance":-0.118495,"touchZone":"touching","type":1,"width":18.7641},{"bases":[[[0.70207,0.580485,-0.412474],[-0.540912,0.811447,0.221288],[0.463155,0.0677529,0.883684]],[[0.740949,0.584229,-0.331167],[-0.560165,0.809669,0.175075],[0.370419,0.0557867,0.927188]],[[0.740949,0.584229,-0.331167],[-0.59094,0.801479,0.0917693],[0.319038,0.127703,0.939099]],[[0.740949,0.584229,-0.331167],[-0.602034,0.796366,0.0579297],[0.297574,0.156451,0.941792]]],"btipPosition":[-106.416,126.531,-12.5458],"carpPosition":[-46.1359,139.472,127.23],"dipPosition":[-101.297,129.222,3.65633],"direction":[-0.319038,-0.127703,-0.939099],"extended":true,"handId":786,"id":7862,"length":61.3424,"mcpPosition":[-76.6464,135.009,69.0167],"pipPosition":[-92.9915,132.547,28.1036],"stabilizedTipPosition":[-111.764,124.583,-6.21908],"timeVisible":2.53214,"tipPosition":[-106.164,128.23,-9.19234],"tipVelocity":[10.4562,-16.609,-3.29982],"tool":false,"touchDistance":-0.0866493,"touchZone":"touching","type":2,"width":18.4288},{"bases":[[[0.80134,0.521296,-0.293437],[-0.47433,0.852593,0.21931],[0.364508,-0.0365556,0.930483]],[[0.760577,0.522328,-0.385611],[-0.50044,0.850031,0.164341],[0.413621,0.0679813,0.907908]],[[0.760577,0.522328,-0.385611],[-0.532773,0.841556,0.0890872],[0.371046,0.137685,0.91835]],[[0.760577,0.522328,-0.385611],[-0.537262,0.839813,0.077871],[0.364515,0.147947,0.91937]]],"btipPosition":[-92.9705,140.17,-9.21267],"carpPosition":[-38.8487,146.811,121.972],"dipPosition":[-86.7356,142.701,6.51281],"direction":[-0.371046,-0.137685,-0.918351],"extended":true,"handId":786,"id":7863,"length":58.9823,"mcpPosition":[-60.4075,148.973,66.9385],"pipPosition":[-77.3258,146.193,29.8025],"stabilizedTipPosition":[-96.5787,137.825,-3.93338],"timeVisible":2.53214,"tipPosition":[-91.3643,141.3,-6.25323],"tipVelocity":[9.38698,-13.6946,-4.3959],"tool":false,"touchDistance":0.0178041,"touchZone":"hovering","type":3,"width":17.5362},{"bases":[[[0.905425,0.365474,-0.215948],[-0.309839,0.916693,0.252338],[0.290181,-0.161565,0.943235]],[[0.793192,0.395551,-0.463018],[-0.34708,0.918389,0.189989],[0.500381,0.0100064,0.865747]],[[0.793192,0.395551,-0.463018],[-0.405426,0.910337,0.0831588],[0.454396,0.121759,0.882439]],[[0.793192,0.395551,-0.463018],[-0.416474,0.907069,0.0614409],[0.444292,0.144101,0.884217]]],"btipPosition":[-73.8556,153.477,7.60776],"carpPosition":[-26.6238,149.41,117.028],"dipPosition":[-66.8448,155.751,21.5605],"direction":[-0.454396,-0.121759,-0.882439],"extended":true,"handId":786,"id":7864,"length":46.241,"mcpPosition":[-42.5111,158.255,65.3855],"pipPosition":[-58.7086,157.931,37.361],"stabilizedTipPosition":[-76.6048,150.078,12.087],"timeVisible":2.53214,"tipPosition":[-71.6942,154.447,10.1333],"tipVelocity":[7.53563,-9.19144,-5.06758],"tool":false,"touchDistance":0.0626846,"touchZone":"hovering","type":4,"width":15.577}],"r":[[0.989868,-0.114576,0.083864],[0.116144,0.993133,-0.0140379],[-0.0816797,0.0236359,0.996378]],"s":0.999609,"t":[18.1312,9.12978,-2.83899],"timestamp":747297654005},{"currentFrameRate":115.246,"devices":[],"gestures":[],"hands":[{"armBasis":[[0.632293,0.693918,-0.344505],[-0.517429,0.709207,0.478844],[0.576604,-0.124513,0.80748]],"armWidth":61.3146,"confidence":1,"direction":[-0.534433,0.0591273,-0.84314],"elbow":[127.973,103.929,351.177],"grabAngle":0.180551,"grabStrength":0,"id":786,"palmNormal":[0.565057,-0.71686,-0.408439],"palmPosition":[-59.8322,132.637,86.3355],"palmVelocity":[5.54711,-0.231706,-1.41698],"palmWidth":85.9019,"pinchDistance":55.5809,"pinchStrength":0,"r":[[0.98993,-0.113939,0.0840043],[0.115528,0.993202,-0.0142798],[-0.0818061,0.0238408,0.996363]],"s":0.999519,"sphereCenter":[56.1198,2.84883,-1.09435],"sphereRadius":197.812,"stabilizedPalmPosition":[-64.6031,128.695,88.8169],"t":[18.1749,9.14191,-2.84739],"timeVisible":2.54081,"type":"right","wrist":[-19.0237,135.672,145.321]}],"id":1357698,"interactionBox":{"center":[0,200,0],"size":[235.247,235.247,147.751]},"pointables":[{"bases":[[[-0.356756,0.932264,0.0600752],[-0.549995,-0.261581,0.793146],[0.755136,0.249918,0.606061]],[[-0.447209,0.894301,-0.0151684],[-0.530109,-0.251354,0.809818],[0.720409,0.370199,0.586485]],[[-0.447209,0.894301,-0.0151684],[-0.829312,-0.408238,0.381554],[0.335032,0.183214,0.924222]],[[-0.447209,0.894301,-0.0151684],[-0.894429,-0.447158,0.00677752],[-0.000721532,0.016598,0.999862]]],"btipPosition":[-84.191,87.8228,58.5327],"carpPosition":[-39.7942,111.346,136.446],"dipPosition":[-84.2065,88.1784,79.9552],"direction":[-0.335032,-0.183214,-0.924222],"extended":false,"handId":786,"id":7860,"length":47.7114,"mcpPosition":[-39.7942,111.346,136.446],"pipPosition":[-73.7489,93.8972,108.804],"stabilizedTipPosition":[-88.6408,86.2916,64.1214],"timeVisible":2.54081,"tipPosition":[-82.5399,87.998,63.9168],"tipVelocity":[10.5474,-4.4835,-0.320598],"tool":false,"touchDistance":-0.109002,"touchZone":"touching","type":0,"width":19.646},{"bases":[[[0.529908,0.694771,-0.486303],[-0.652614,0.700272,0.289334],[0.541566,0.164048,0.824497]],[[0.66575,0.712291,-0.222302],[-0.654662,0.700531,0.284031],[0.358043,-0.0435611,0.932688]],[[0.66575,0.712291,-0.222302],[-0.683694,0.701643,0.200649],[0.298897,0.0184048,0.954108]],[[0.66575,0.712291,-0.222302],[-0.704679,0.698143,0.126588],[0.245366,0.0723758,0.966725]]],"btipPosition":[-112.993,119.247,2.61494],"carpPosition":[-50.8444,130.467,132.798],"dipPosition":[-109.155,120.379,17.736],"direction":[-0.298897,-0.0184048,-0.954108],"extended":true,"handId":786,"id":7861,"length":53.837,"mcpPosition":[-88.4592,119.073,75.5317],"pipPosition":[-102.541,120.786,38.848],"stabilizedTipPosition":[-117.584,118.456,9.08101],"timeVisible":2.54081,"tipPosition":[-113.584,119.931,5.85665],"tipVelocity":[3.51112,-4.95055,0.163574],"tool":false,"touchDistance":-0.118471,"touchZone":"touching","type":1,"width":18.7658},{"bases":[[[0.701642,0.58092,-0.412591],[-0.541583,0.811082,0.220984],[0.463019,0.0684005,0.883705]],[[0.740468,0.584718,-0.331379],[-0.560783,0.809279,0.174901],[0.370446,0.0563227,0.927145]],[[0.740468,0.584718,-0.331379],[-0.591709,0.800981,0.0911542],[0.318728,0.128583,0.939084]],[[0.740468,0.584718,-0.331379],[-0.602871,0.795795,0.0570634],[0.297076,0.157525,0.941771]]],"btipPosition":[-106.351,126.445,-12.5564],"carpPosition":[-46.099,139.493,127.211],"dipPosition":[-101.24,129.155,3.64554],"direction":[-0.318728,-0.128583,-0.939084],"extended":true,"handId":786,"id":7862,"length":61.343,"mcpPosition":[-76.5965,134.987,69.0042],"pipPosition":[-92.943,132.502,28.0926],"stabilizedTipPosition":[-111.575,124.655,-6.29407],"timeVisible":2.54081,"tipPosition":[-106.103,128.16,-9.20712],"tipVelocity":[7.27727,-9.46526,-1.22614],"tool":false,"touchDistance":-0.0868264,"touchZone":"touching","type":2,"width":18.4305},{"bases":[[[0.800948,0.521847,-0.293527],[-0.475034,0.85228,0.219],[0.364451,-0.0359725,0.930527]],[[0.760199,0.522817,-0.385693],[-0.501089,0.849689,0.164133],[0.41353,0.068493,0.90791]],[[0.760199,0.522817,-0.385693],[-0.533514,0.841135,0.088629],[0.370757,0.138397,0.91836]],[[0.760199,0.522817,-0.385693],[-0.538055,0.83936,0.0772714],[0.364134,0.148783,0.919386]]],"btipPosition":[-92.9165,140.107,-9.2291],"carpPosition":[-38.8181,146.836,121.952],"dipPosition":[-86.688,142.651,6.49681],"direction":[-0.370757,-0.138397,-0.91836],"extended":true,"handId":786,"id":7863,"length":58.9829,"mcpPosition":[-60.3707,148.963,66.9234],"pipPosition":[-77.2854,146.161,29.787],"stabilizedTipPosition":[-96.5127,137.862,-3.95512],"timeVisible":2.54081,"tipPosition":[-91.3147,141.244,-6.27087],"tipVelocity":[6.06493,-6.98911,-1.88398],"tool":false,"touchDistance":0.017532,"touchZone":"hovering","type":3,"width":17.5378},{"bases":[[[0.905152,0.366133,-0.215979],[-0.310597,0.916523,0.252024],[0.290223,-0.161037,0.943312]],[[0.793,0.396034,-0.462934],[-0.347734,0.918177,0.189824],[0.500232,0.010447,0.865828]],[[0.793,0.396034,-0.462934],[-0.406133,0.910052,0.0828356],[0.454099,0.122324,0.882514]],[[0.793,0.396034,-0.462934],[-0.417223,0.906753,0.0610168],[0.443932,0.144761,0.88429]]],"btipPosition":[-73.8128,153.445,7.58597],"carpPosition":[-26.5962,149.442,117.009],"dipPosition":[-66.8076,155.729,21.54],"direction":[-0.454099,-0.122324,-0.882514],"extended":true,"handId":786,"id":7864,"length":46.2415,"mcpPosition":[-42.4838,158.257,65.3694],"pipPosition":[-58.6766,157.919,37.342],"stabilizedTipPosition":[-76.5668,150.111,12.0758],"timeVisible":2.54081,"tipPosition":[-71.6568,154.411,10.1134],"tipVelocity":[4.79411,-3.48873,-2.4801],"tool":false,"touchDistance":0.0623264,"touchZone":"hovering","type":4,"width":15.5785}],"r":[[0.98993,-0.113939,0.0840043],[0.115528,0.993202,-0.0142798],[-0.0818061,0.0238408,0.996363]],"s":0.999519,"t":[18.1749,9.14191,-2.84739],"timestamp":747297662671},{"currentFrameRate":115.241,"devices":[],"gestures":[],"hands":[{"armBasis":[[0.632281,0.694363,-0.343627],[-0.517575,0.708622,0.479553],[0.576486,-0.125359,0.807434]],"armWidth":61.3154,"confidence":1,"direction":[-0.534673,0.058718,-0.843016],"elbow":[127.967,103.726,351.125],"grabAngle":0.180923,"grabStrength":0,"id":786,"palmNormal":[0.565611,-0.716317,-0.408625],"palmPosition":[-59.7899,132.627,86.3386],"palmVelocity":[4.86699,-1.1268,0.354522],"palmWidth":85.89,"pinchDistance":55.5994,"pinchStrength":0,"r":[[0.990003,-0.113253,0.0840704],[0.114856,0.993277,-0.0144617],[-0.0818673,0.0239731,0.996355]],"s":0.999505,"sphereCenter":[55.9964,3.41369,-1.03671],"sphereRadius":197.31,"stabilizedPalmPosition":[-64.5739,128.718,88.8018],"t":[18.218,9.14308,-2.85006],"timeVisible":2.5495,"type":"right","wrist":[-18.9804,135.68,145.309]}],"id":1357699,"interactionBox":{"center":[0,200,0],"size":[235.247,235.247,147.751]},"pointables":[{"bases":[[[-0.357581,0.931938,0.0602335],[-0.549583,-0.262142,0.793246],[0.755046,0.250546,0.605914]],[[-0.448217,0.893796,-0.0151668],[-0.529737,-0.251907,0.80989],[0.720056,0.371041,0.586386]],[[-0.448217,0.893796,-0.0151668],[-0.828757,-0.409123,0.381813],[0.335058,0.183705,0.924115]],[[-0.448217,0.893796,-0.0151668],[-0.893925,-0.448162,0.00708199],[-0.000467307,0.0167322,0.99986]]],"btipPosition":[-84.1061,87.7741,58.5354],"carpPosition":[-39.7243,111.352,136.436],"dipPosition":[-84.1161,88.1326,79.9575],"direction":[-0.335058,-0.183705,-0.924115],"extended":false,"handId":786,"id":7860,"length":47.7107,"mcpPosition":[-39.7243,111.352,136.436],"pipPosition":[-73.6578,93.8666,108.802],"stabilizedTipPosition":[-88.6039,86.3044,64.116],"timeVisible":2.5495,"tipPosition":[-82.4647,87.9695,63.9206],"tipVelocity":[9.92115,-5.52982,0.295177],"tool":false,"touchDistance":-0.108959,"touchZone":"touching","type":0,"width":19.6475},{"bases":[[[0.529174,0.695289,-0.486362],[-0.653179,0.699661,0.289538],[0.541601,0.164465,0.82439]],[[0.66501,0.712914,-0.222518],[-0.654961,0.699885,0.284933],[0.35887,-0.0437431,0.932362]],[[0.66501,0.712914,-0.222518],[-0.684128,0.701012,0.201373],[0.299549,0.0183158,0.953905]],[[0.66501,0.712914,-0.222518],[-0.705206,0.697507,0.127153],[0.245857,0.0723627,0.966601]]],"btipPosition":[-112.992,119.223,2.64502],"carpPosition":[-50.7913,130.461,132.792],"dipPosition":[-109.146,120.355,17.7639],"direction":[-0.299549,-0.0183158,-0.953905],"extended":true,"handId":786,"id":7861,"length":53.8362,"mcpPosition":[-88.4033,119.04,75.5414],"pipPosition":[-102.518,120.76,38.8711],"stabilizedTipPosition":[-117.444,118.482,9.00551],"timeVisible":2.5495,"tipPosition":[-113.544,119.879,5.87136],"tipVelocity":[0.385466,-2.70992,3.40577],"tool":false,"touchDistance":-0.117978,"touchZone":"touching","type":1,"width":18.7673},{"bases":[[[0.701027,0.581585,-0.412698],[-0.542263,0.810576,0.221174],[0.463154,0.0687421,0.883608]],[[0.739833,0.585411,-0.331574],[-0.561429,0.808764,0.175209],[0.370734,0.0565296,0.927017]],[[0.739833,0.585411,-0.331574],[-0.592599,0.800361,0.090824],[0.318548,0.129296,0.939047]],[[0.739833,0.585411,-0.331574],[-0.603828,0.79511,0.0564989],[0.296713,0.158414,0.941736]]],"btipPosition":[-106.314,126.378,-12.5387],"carpPosition":[-46.0559,139.491,127.206],"dipPosition":[-101.21,129.103,3.66242],"direction":[-0.318548,-0.129296,-0.939047],"extended":true,"handId":786,"id":7862,"length":61.342,"mcpPosition":[-76.558,134.964,69.0135],"pipPosition":[-92.917,132.469,28.1082],"stabilizedTipPosition":[-111.398,124.719,-6.36345],"timeVisible":2.5495,"tipPosition":[-106.076,128.115,-9.19354],"tipVelocity":[4.11236,-7.25783,2.01809],"tool":false,"touchDistance":-0.0865343,"touchZone":"touching","type":2,"width":18.4319},{"bases":[[[0.800413,0.522592,-0.29366],[-0.475751,0.851834,0.219178],[0.36469,-0.0357235,0.930443]],[[0.759678,0.523535,-0.385746],[-0.501771,0.849233,0.164404],[0.413659,0.0686621,0.907839]],[[0.759678,0.523535,-0.385746],[-0.534391,0.840597,0.0884437],[0.37056,0.13895,0.918356]],[[0.759678,0.523535,-0.385746],[-0.538992,0.83879,0.076929],[0.363835,0.149473,0.919392]]],"btipPosition":[-92.8878,140.063,-9.21788],"carpPosition":[-38.7836,146.84,121.947],"dipPosition":[-86.6646,142.62,6.5079],"direction":[-0.37056,-0.13895,-0.918356],"extended":true,"handId":786,"id":7863,"length":58.982,"mcpPosition":[-60.3474,148.952,66.9306],"pipPosition":[-77.2671,146.144,29.7976],"stabilizedTipPosition":[-96.4495,137.897,-3.97571],"timeVisible":2.5495,"tipPosition":[-91.3009,141.213,-6.25934],"tipVelocity":[3.1633,-4.68705,1.28781],"tool":false,"touchDistance":0.0177184,"touchZone":"hovering","type":3,"width":17.5392},{"bases":[[[0.904774,0.366965,-0.216149],[-0.311365,0.916221,0.25217],[0.290578,-0.160856,0.943234]],[[0.7927,0.396769,-0.462819],[-0.348419,0.917858,0.190108],[0.500231,0.0105562,0.865828]],[[0.7927,0.396769,-0.462819],[-0.406989,0.909675,0.0827762],[0.453858,0.122746,0.88258]],[[0.7927,0.396769,-0.462819],[-0.418173,0.906333,0.0607574],[0.443575,0.145376,0.884368]]],"btipPosition":[-73.79,153.428,7.58862],"carpPosition":[-26.5667,149.457,117.002],"dipPosition":[-66.7906,155.722,21.5437],"direction":[-0.453858,-0.122746,-0.88258],"extended":true,"handId":786,"id":7864,"length":46.2408,"mcpPosition":[-42.4715,158.262,65.3735],"pipPosition":[-58.6641,157.92,37.3466],"stabilizedTipPosition":[-76.529,150.145,12.0648],"timeVisible":2.5495,"tipPosition":[-71.6516,154.397,10.1217],"tipVelocity":[2.46652,-1.64646,0.331994],"tool":false,"touchDistance":0.0623744,"touchZone":"hovering","type":4,"width":15.5797}],"r":[[0.990003,-0.113253,0.0840704],[0.114856,0.993277,-0.0144617],[-0.0818673,0.0239731,0.996355]],"s":0.999505,"t":[18.218,9.14308,-2.85006],"timestamp":747297671357},{"currentFrameRate":115.183,"devices":[],"gestures":[],"hands":[{"armBasis":[[0.632212,0.694737,-0.342998],[-0.517705,0.708148,0.480112],[0.576445,-0.125961,0.807369]],"armWidth":61.3158,"confidence":1,"direction":[-0.535131,0.0589376,-0.842711],"elbow":[127.987,103.532,351.065],"grabAngle":0.181602,"grabStrength":0,"id":786,"palmNormal":[0.565717,-0.715847,-0.409301],"palmPosition":[-59.7565,132.601,86.3481],"palmVelocity":[3.79929,-2.97519,1.07482],"palmWidth":85.8782,"pinchDistance":55.6114,"pinchStrength":0,"r":[[0.99008,-0.112626,0.0840097],[0.114229,0.993348,-0.0145118],[-0.0818165,0.0239642,0.996359]],"s":0.999512,"sphereCenter":[55.9991,3.63882,-1.13207],"sphereRadius":197.169,"stabilizedPalmPosition":[-64.5448,128.742,88.787],"t":[18.2561,9.1306,-2.84667],"timeVisible":2.55828,"type":"right","wrist":[-18.9291,135.636,145.294]}],"id":1357700,"interactionBox":{"center":[0,200,0],"size":[235.247,235.247,147.751]},"pointables":[{"bases":[[[-0.35796,0.931748,0.0609197],[-0.549062,-0.262812,0.793386],[0.755246,0.250551,0.605663]],[[-0.448793,0.893516,-0.0146058],[-0.529242,-0.252585,0.810002],[0.720061,0.371253,0.586245]],[[-0.448793,0.893516,-0.0146058],[-0.828273,-0.409776,0.382162],[0.335483,0.183609,0.92398]],[[-0.448793,0.893516,-0.0146058],[-0.893636,-0.448729,0.00755433],[0.000195864,0.0164426,0.999865]]],"btipPosition":[-84.0632,87.7345,58.5323],"carpPosition":[-39.6587,111.311,136.417],"dipPosition":[-84.059,88.0868,79.9539],"direction":[-0.335483,-0.183609,-0.92398],"extended":false,"handId":786,"id":7860,"length":47.7091,"mcpPosition":[-39.6587,111.311,136.417],"pipPosition":[-73.5878,93.8177,108.793],"stabilizedTipPosition":[-88.5659,86.317,64.1105],"timeVisible":2.55828,"tipPosition":[-82.425,87.9454,63.917],"tipVelocity":[5.25892,-4.66601,-0.360362],"tool":false,"touchDistance":-0.109012,"touchZone":"touching","type":0,"width":19.6488},{"bases":[[[0.528619,0.695784,-0.486257],[-0.653338,0.699217,0.29025],[0.541951,0.164259,0.824202]],[[0.664522,0.713335,-0.222628],[-0.654945,0.699421,0.286108],[0.359802,-0.0443161,0.931976]],[[0.664522,0.713335,-0.222628],[-0.684273,0.700595,0.202331],[0.300302,0.0178852,0.953676]],[[0.664522,0.713335,-0.222628],[-0.70544,0.697116,0.128002],[0.246506,0.0719906,0.966464]]],"btipPosition":[-113.016,119.23,2.68808],"carpPosition":[-50.7344,130.414,132.789],"dipPosition":[-109.161,120.356,17.8043],"direction":[-0.300302,-0.0178852,-0.953676],"extended":true,"handId":786,"id":7861,"length":53.8344,"mcpPosition":[-88.3655,119.009,75.5596],"pipPosition":[-102.516,120.752,38.9057],"stabilizedTipPosition":[-117.342,118.502,8.95068],"timeVisible":2.55828,"tipPosition":[-113.544,119.871,5.90191],"tipVelocity":[-2.56769,0.63012,4.83476],"tool":false,"touchDistance":-0.117271,"touchZone":"touching","type":1,"width":18.7686},{"bases":[[[0.70056,0.582116,-0.412742],[-0.542506,0.810218,0.221889],[0.463576,0.068469,0.883408]],[[0.739367,0.585913,-0.331725],[-0.561724,0.808415,0.175871],[0.371216,0.0563048,0.926838]],[[0.739367,0.585913,-0.331725],[-0.593196,0.799929,0.0907358],[0.318519,0.12969,0.939003]],[[0.739367,0.585913,-0.331725],[-0.604496,0.794625,0.0561814],[0.296514,0.158987,0.941702]]],"btipPosition":[-106.304,126.344,-12.5046],"carpPosition":[-46.0065,139.448,127.206],"dipPosition":[-101.203,129.079,3.69535],"direction":[-0.318519,-0.12969,-0.939003],"extended":true,"handId":786,"id":7862,"length":61.34,"mcpPosition":[-76.5322,134.939,69.0352],"pipPosition":[-92.9119,132.455,28.1391],"stabilizedTipPosition":[-111.255,124.771,-6.41832],"timeVisible":2.55828,"tipPosition":[-106.087,128.117,-9.16172],"tipVelocity":[1.00868,-3.66355,3.84874],"tool":false,"touchDistance":-0.085971,"touchZone":"touching","type":2,"width":18.4332},{"bases":[[[0.800033,0.523102,-0.293788],[-0.476014,0.851506,0.219881],[0.365182,-0.0360652,0.930237]],[[0.759284,0.524079,-0.385784],[-0.502095,0.848919,0.165035],[0.413991,0.0683911,0.907708]],[[0.759284,0.524079,-0.385784],[-0.534975,0.84022,0.088503],[0.370525,0.139186,0.918335]],[[0.759284,0.524079,-0.385784],[-0.539635,0.838385,0.0768404],[0.363706,0.149838,0.919384]]],"btipPosition":[-92.8809,140.044,-9.18809],"carpPosition":[-38.7411,146.802,121.948],"dipPosition":[-86.66,142.607,6.53703],"direction":[-0.370525,-0.139186,-0.918335],"extended":true,"handId":786,"id":7863,"length":58.98,"mcpPosition":[-60.331,148.934,66.9518],"pipPosition":[-77.2638,146.137,29.8254],"stabilizedTipPosition":[-96.4011,137.923,-3.99115],"timeVisible":2.55828,"tipPosition":[-91.3191,141.222,-6.22755],"tipVelocity":[0.728422,-2.00302,3.37558],"tool":false,"touchDistance":0.0182124,"touchZone":"hovering","type":3,"width":17.5404},{"bases":[[[0.904502,0.36748,-0.216413],[-0.311639,0.915948,0.252824],[0.291131,-0.161237,0.942998]],[[0.792449,0.39735,-0.462749],[-0.348716,0.91761,0.190758],[0.500421,0.010202,0.865722]],[[0.792449,0.39735,-0.462749],[-0.407547,0.909407,0.0829666],[0.453794,0.122845,0.882598]],[[0.792449,0.39735,-0.462749],[-0.418848,0.906025,0.0607098],[0.443385,0.145712,0.884408]]],"btipPosition":[-73.7821,153.422,7.61033],"carpPosition":[-26.5297,149.427,116.999],"dipPosition":[-66.7858,155.721,21.5655],"direction":[-0.453794,-0.122845,-0.882598],"extended":true,"handId":786,"id":7864,"length":46.2393,"mcpPosition":[-42.4626,158.251,65.3909],"pipPosition":[-58.6608,157.921,37.3683],"stabilizedTipPosition":[-76.5013,150.169,12.0569],"timeVisible":2.55828,"tipPosition":[-71.6678,154.406,10.1502],"tipVelocity":[0.821062