{"frames":86,"data":[{"currentFrameRate":106.032,"devices":[],"gestures":[],"hands":[{"armBasis":[[0.952445,0.143621,-0.26874],[0.0083118,0.869379,0.494076],[0.304596,-0.472814,0.826842]],"armWidth":68.4527,"confidence":1,"direction":[-0.0960867,0.259515,-0.960947],"elbow":[129.826,69.1139,349.265],"grabAngle":0.323661,"grabStrength":0,"id":758,"palmNormal":[0.0162211,-0.964877,-0.262199],"palmPosition":[28.8607,216.712,49.2449],"palmVelocity":[-2.14033,17.9913,-0.369793],"palmWidth":92.484,"pinchDistance":62.0497,"pinchStrength":0,"r":[[0.704144,0.265732,0.658459],[-0.297911,0.952327,-0.0657455],[-0.644538,-0.149868,0.74974]],"s":0.864354,"sphereCenter":[20.9928,-7.71196,-7.47096],"sphereRadius":234.267,"stabilizedPalmPosition":[29.4291,216.327,49.2698],"t":[75.5902,18.6033,-106.927],"timeVisible":2.96588,"type":"right","wrist":[46.2331,198.872,122.348]}],"id":1346360,"interactionBox":{"center":[0,200,0],"size":[235.247,235.247,147.751]},"pointables":[{"bases":[[[0.367224,0.930063,0.0113928],[-0.770719,0.297406,0.563509],[0.52071,-0.215714,0.826032]],[[0.350095,0.936586,-0.0154785],[-0.722571,0.280537,0.631815],[0.596092,-0.210011,0.774965]],[[0.350095,0.936586,-0.0154785],[-0.916109,0.345794,0.202905],[0.19539,-0.0568559,0.979076]],[[0.350095,0.936586,-0.0154785],[-0.934267,0.347938,-0.0779997],[-0.0676679,0.0417683,0.996833]]],"btipPosition":[-21.4295,205.877,14.4242],"carpPosition":[13.4481,194.345,105.483],"dipPosition":[-22.8743,206.769,35.708],"direction":[-0.19539,0.0568559,-0.979076],"extended":true,"handId":758,"id":7580,"length":47.5464,"mcpPosition":[13.4481,194.345,105.483],"pipPosition":[-16.7965,205,66.163],"stabilizedTipPosition":[-20.5994,204.557,19.0321],"timeVisible":2.96588,"tipPosition":[-21.6796,205.136,19.5081],"tipVelocity":[-1.36398,24.4941,0.979652],"tool":false,"touchDistance":0.332552,"touchZone":"hovering","type":0,"width":22.2682},{"bases":[[[0.964979,0.0837757,-0.248591],[-0.054881,0.991137,0.120979],[0.256522,-0.103099,0.961024]],[[0.996763,0.0472543,0.0650355],[-0.0502561,0.997708,0.0453207],[-0.0627448,-0.0484425,0.996853]],[[0.996763,0.0472543,0.0650355],[-0.0431332,0.997057,-0.063375],[-0.0678389,0.0603647,0.995868]],[[0.996763,0.0472543,0.0650355],[-0.0368258,0.987522,-0.153117],[-0.0714594,0.150226,0.986066]]],"btipPosition":[6.12611,222.614,-48.749],"carpPosition":[20.2391,216.678,99.5159],"dipPosition":[5.01224,224.956,-33.3788],"direction":[0.0678389,-0.0603647,-0.995868],"extended":true,"handId":758,"id":7581,"length":53.6509,"mcpPosition":[1.05703,224.388,27.6529],"pipPosition":[3.51633,226.287,-11.4189],"stabilizedTipPosition":[6.19792,223.134,-45.2629],"timeVisible":2.96588,"tipPosition":[5.74883,224.204,-45.3934],"tipVelocity":[-3.31465,14.9055,0.562879],"tool":false,"touchDistance":0.334506,"touchZone":"hovering","type":1,"width":21.2706},{"bases":[[[0.985886,-0.101124,-0.133424],[0.114695,0.988527,0.0982795],[0.121955,-0.112196,0.986174]],[[0.993375,-0.114845,-0.00415143],[0.114919,0.992566,0.0400823],[-0.000482685,-0.0402938,0.999188]],[[0.993375,-0.114845,-0.00415143],[0.11428,0.991006,-0.0696261],[0.0121103,0.0686904,0.997565]],[[0.993375,-0.114845,-0.00415143],[0.112692,0.980559,-0.160639],[0.0225193,0.159107,0.987004]]],"btipPosition":[22.611,224.711,-60.6003],"carpPosition":[31.9383,219.492,96.072],"dipPosition":[22.997,227.438,-43.6789],"direction":[-0.0121103,-0.0686904,-0.997564],"extended":true,"handId":758,"id":7582,"length":61.1309,"mcpPosition":[23.29,227.449,26.1389],"pipPosition":[23.3112,229.22,-17.7992],"stabilizedTipPosition":[22.9896,225.095,-56.7402],"timeVisible":2.96588,"tipPosition":[21.2753,224.697,-57.0207],"tipVelocity":[-2.96096,18.9899,-0.310403],"tool":false,"touchDistance":0.333242,"touchZone":"hovering","type":2,"width":20.8905},{"bases":[[[0.981617,-0.190762,0.00612687],[0.188669,0.974696,0.119883],[-0.0288409,-0.116523,0.992769]],[[0.981324,-0.182459,-0.0609178],[0.184445,0.982424,0.0286918],[0.054612,-0.0393919,0.99773]],[[0.981324,-0.182459,-0.0609178],[0.174313,0.977412,-0.119501],[0.0813458,0.10665,0.990963]],[[0.981324,-0.182459,-0.0609178],[0.169166,0.969337,-0.17824],[0.0915713,0.164606,0.9821]]],"btipPosition":[40.1856,222.757,-51.9806],"carpPosition":[44.1921,219.234,93.6818],"dipPosition":[41.7464,225.563,-35.2401],"direction":[-0.0813458,-0.10665,-0.990963],"extended":true,"handId":758,"id":7583,"length":58.7789,"mcpPosition":[46.0284,226.653,30.4737],"pipPosition":[43.8023,228.259,-10.1956],"stabilizedTipPosition":[40.7245,222.614,-48.0979],"timeVisible":2.96588,"tipPosition":[39.3246,223.237,-48.1465],"tipVelocity":[-2.51381,24.2701,-1.39229],"tool":false,"touchDistance":0.330695,"touchZone":"hovering","type":3,"width":19.8787},{"bases":[[[0.926924,-0.361374,0.101095],[0.335755,0.919011,0.206611],[-0.167571,-0.15757,0.973186]],[[0.939952,-0.312609,-0.136985],[0.326517,0.940484,0.0942175],[0.0993792,-0.133288,0.986082]],[[0.939952,-0.312609,-0.136985],[0.293024,0.944931,-0.145747],[0.175004,0.0968553,0.979792]],[[0.939952,-0.312609,-0.136985],[0.273771,0.930242,-0.244334],[0.20381,0.192159,0.959967]]],"btipPosition":[56.9081,220.616,-28.8396],"carpPosition":[56.5655,211.779,92.906],"dipPosition":[60.1131,223.637,-13.7438],"direction":[-0.175004,-0.0968553,-0.979792],"extended":true,"handId":758,"id":7584,"length":46.0816,"mcpPosition":[66.4417,221.066,35.5491],"pipPosition":[63.2358,225.366,3.73941],"stabilizedTipPosition":[57.6749,220.902,-25.3339],"timeVisible":2.96588,"tipPosition":[57.7367,223.626,-25.3837],"tipVelocity":[-1.89865,24.2303,-1.83167],"tool":false,"touchDistance":-0.268669,"touchZone":"touching","type":4,"width":17.6578}],"r":[[0.704144,0.265732,0.658459],[-0.297911,0.952327,-0.0657455],[-0.644538,-0.149868,0.74974]],"s":0.864354,"t":[75.5902,18.6033,-106.927],"timestamp":747197692396},{"currentFrameRate":106.361,"devices":[],"gestures":[],"hands":[{"armBasis":[[0.952158,0.143164,-0.269997],[0.00930287,0.869497,0.49385],[0.305463,-0.472735,0.826567]],"armWidth":68.4457,"confidence":1,"direction":[-0.0961869,0.26105,-0.960521],"elbow":[130.042,69.3252,349.213],"grabAngle":0.322938,"grabStrength":0,"id":758,"palmNormal":[0.0150482,-0.964504,-0.263639],"palmPosition":[28.8198,217.009,49.3029],"palmVelocity":[-4.64321,33.6526,6.58692],"palmWidth":92.4885,"pinchDistance":61.9759,"pinchStrength":0,"r":[[0.704308,0.26565,0.658316],[-0.29817,0.952278,-0.0652717],[-0.64424,-0.150319,0.749906]],"s":0.864374,"sphereCenter":[20.5647,-8.08412,-7.80289],"sphereRadius":235.02,"stabilizedPalmPosition":[29.4057,216.353,49.2711],"t":[75.5507,18.8989,-106.9],"timeVisible":2.97468,"type":"right","wrist":[46.2132,199.059,122.376]}],"id":1346361,"interactionBox":{"center":[0,200,0],"size":[235.247,235.247,147.751]},"pointables":[{"bases":[[[0.368257,0.929638,0.0126263],[-0.770162,0.29742,0.564262],[0.520804,-0.217518,0.825499]],[[0.351047,0.936248,-0.0143472],[-0.72242,0.280557,0.631979],[0.595714,-0.21149,0.774853]],[[0.351047,0.936248,-0.0143472],[-0.915859,0.346511,0.20281],[0.194852,-0.058056,0.979113]],[[0.351047,0.936248,-0.0143472],[-0.933816,0.348925,-0.0789886],[-0.0689468,0.0411263,0.996772]]],"btipPosition":[-21.4088,206.233,14.4555],"carpPosition":[13.4055,194.575,105.513],"dipPosition":[-22.881,207.111,35.74],"direction":[-0.194852,0.058056,-0.979113],"extended":true,"handId":758,"id":7580,"length":47.5511,"mcpPosition":[13.4055,194.575,105.513],"pipPosition":[-16.8194,205.305,66.1992],"stabilizedTipPosition":[-20.6406,204.625,19.0436],"timeVisible":2.97468,"tipPosition":[-21.7452,205.538,19.568],"tipVelocity":[1.63993,40.1021,3.57799],"tool":false,"touchDistance":0.333077,"touchZone":"hovering","type":0,"width":22.2652},{"bases":[[[0.964971,0.0830783,-0.248856],[-0.0537359,0.991016,0.122474],[0.256796,-0.104811,0.960766]],[[0.996862,0.0461012,0.0643427],[-0.0491089,0.997735,0.0459732],[-0.0620775,-0.0489887,0.996868]],[[0.996862,0.0461012,0.0643427],[-0.0419887,0.997075,-0.0638673],[-0.0670988,0.0609652,0.995882]],[[0.996862,0.0461012,0.0643427],[-0.0357571,0.987494,-0.15355],[-0.0706168,0.150767,0.986044]]],"btipPosition":[6.03049,222.972,-48.676],"carpPosition":[20.22,216.909,99.5812],"dipPosition":[4.92964,225.323,-33.3046],"direction":[0.0670988,-0.0609652,-0.995882],"extended":true,"handId":758,"id":7581,"length":53.6561,"mcpPosition":[1.01653,224.747,27.7339],"pipPosition":[3.44991,226.667,-11.3423],"stabilizedTipPosition":[6.17114,223.158,-45.2551],"timeVisible":2.97468,"tipPosition":[5.67882,224.658,-45.3137],"tipVelocity":[-10.529,40.9536,8.32922],"tool":false,"touchDistance":0.335488,"touchZone":"hovering","type":1,"width":21.2677},{"bases":[[[0.98572,-0.102015,-0.133974],[0.115828,0.988253,0.099702],[0.122229,-0.113796,0.985957]],[[0.993245,-0.115942,-0.0046732],[0.116036,0.992392,0.0411571],[-0.000134194,-0.0414213,0.999142]],[[0.993245,-0.115942,-0.0046732],[0.115345,0.990918,-0.069116],[0.0126442,0.0681101,0.997598]],[[0.993245,-0.115942,-0.0046732],[0.11369,0.980428,-0.160732],[0.0232173,0.159115,0.986987]]],"btipPosition":[22.5316,225.111,-60.5307],"carpPosition":[31.9199,219.715,96.1367],"dipPosition":[22.9297,227.839,-43.608],"direction":[-0.0126442,-0.06811,-0.997598],"extended":true,"handId":758,"id":7582,"length":61.1368,"mcpPosition":[23.2518,227.785,26.2156],"pipPosition":[23.2577,229.607,-17.7249],"stabilizedTipPosition":[22.9622,225.143,-56.7326],"timeVisible":2.97468,"tipPosition":[21.2062,225.162,-56.9464],"tipVelocity":[-8.71023,45.5443,7.94553],"tool":false,"touchDistance":0.334299,"touchZone":"hovering","type":2,"width":20.8877},{"bases":[[[0.981408,-0.191856,0.00544613],[0.189795,0.974308,0.121255],[-0.0285697,-0.117967,0.992606]],[[0.981101,-0.183465,-0.0614988],[0.185593,0.982142,0.0308496],[0.0547407,-0.0416803,0.99763]],[[0.981101,-0.183465,-0.0614988],[0.175496,0.977556,-0.116557],[0.0815026,0.103561,0.991278]],[[0.981101,-0.183465,-0.0614988],[0.170383,0.969746,-0.17482],[0.0917115,0.161038,0.982678]]],"btipPosition":[40.1356,223.294,-51.9363],"carpPosition":[44.1715,219.447,93.7407],"dipPosition":[41.6991,226.039,-35.1842],"direction":[-0.0815026,-0.103561,-0.991278],"extended":true,"handId":758,"id":7583,"length":58.7847,"mcpPosition":[45.9906,226.958,30.5399],"pipPosition":[43.7591,228.657,-10.1293],"stabilizedTipPosition":[40.7054,222.723,-48.0967],"timeVisible":2.97468,"tipPosition":[39.2598,223.668,-48.083],"tipVelocity":[-5.60965,59.4113,5.34044],"tool":false,"touchDistance":0.331478,"touchZone":"hovering","type":3,"width":19.876},{"bases":[[[0.926565,-0.362549,0.100183],[0.336855,0.918331,0.207841],[-0.167353,-0.158831,0.973019]],[[0.939562,-0.313489,-0.137648],[0.327766,0.939769,0.096977],[0.0989562,-0.136232,0.985722]],[[0.939562,-0.313489,-0.137648],[0.294666,0.94512,-0.141141],[0.17434,0.0920503,0.980374]],[[0.939562,-0.313489,-0.137648],[0.275649,0.93108,-0.238973],[0.203077,0.186588,0.96122]]],"btipPosition":[56.9019,221.159,-28.8149],"carpPosition":[56.5355,211.979,92.9485],"dipPosition":[60.0957,224.093,-13.6979],"direction":[-0.17434,-0.0920503,-0.980374],"extended":true,"handId":758,"id":7584,"length":46.0861,"mcpPosition":[66.3994,221.341,35.5986],"pipPosition":[63.2068,225.736,3.79739],"stabilizedTipPosition":[57.665,221.142,-25.3349],"timeVisible":2.97468,"tipPosition":[57.673,223.978,-25.3272],"tipVelocity":[-0.999765,59.4521,3.36132],"tool":false,"touchDistance":-0.268176,"touchZone":"touching","type":4,"width":17.6554}],"r":[[0.704308,0.26565,0.658316],[-0.29817,0.952278,-0.0652717],[-0.64424,-0.150319,0.749906]],"s":0.864374,"t":[75.5507,18.8989,-106.9],"timestamp":747197701193},{"currentFrameRate":106.809,"devices":[],"gestures":[],"hands":[{"armBasis":[[0.952075,0.143998,-0.269848],[0.00845187,0.869523,0.49382],[0.305748,-0.472434,0.826634]],"armWidth":68.4428,"confidence":1,"direction":[-0.096635,0.261182,-0.96044],"elbow":[130.147,69.6911,349.323],"grabAngle":0.321678,"grabStrength":0,"id":758,"palmNormal":[0.0160136,-0.964423,-0.263877],"palmPosition":[28.8129,217.296,49.385],"palmVelocity":[-0.812647,33.6884,9.61972],"palmWidth":92.4871,"pinchDistance":61.9152,"pinchStrength":0,"r":[[0.704407,0.265701,0.65819],[-0.298579,0.95218,-0.0648354],[-0.643942,-0.150851,0.750055]],"s":0.864422,"sphereCenter":[20.5986,-8.80928,-7.85683],"sphereRadius":236.029,"stabilizedPalmPosition":[29.3844,216.387,49.2752],"t":[75.5275,19.1906,-106.845],"timeVisible":2.98322,"type":"right","wrist":[46.235,199.349,122.456]}],"id":1346362,"interactionBox":{"center":[0,200,0],"size":[235.247,235.247,147.751]},"pointables":[{"bases":[[[0.367283,0.930022,0.0127862],[-0.770372,0.296474,0.564474],[0.521182,-0.217171,0.825352]],[[0.349978,0.936648,-0.0143104],[-0.722903,0.279765,0.631777],[0.595757,-0.210763,0.775018]],[[0.349978,0.936648,-0.0143104],[-0.916386,0.345496,0.202161],[0.194298,-0.0576381,0.979248]],[[0.349978,0.936648,-0.0143104],[-0.934103,0.347797,-0.0805514],[-0.0704713,0.0415587,0.996648]]],"btipPosition":[-21.3374,206.431,14.517],"carpPosition":[13.4315,194.831,105.595],"dipPosition":[-22.8425,207.319,35.8026],"direction":[-0.194298,0.0576381,-0.979248],"extended":true,"handId":758,"id":7580,"length":47.5593,"mcpPosition":[13.4315,194.831,105.595],"pipPosition":[-16.797,205.525,66.2711],"stabilizedTipPosition":[-20.6755,204.692,19.0559],"timeVisible":2.98322,"tipPosition":[-21.7451,205.784,19.6552],"tipVelocity":[7.47405,23.4767,7.23275],"tool":false,"touchDistance":0.334029,"touchZone":"hovering","type":0,"width":22.2634},{"bases":[[[0.964838,0.0841525,-0.249011],[-0.0547547,0.990929,0.122725],[0.25708,-0.104775,0.960694]],[[0.996847,0.0471813,0.0637912],[-0.0501066,0.997727,0.0450625],[-0.0615201,-0.0481168,0.996945]],[[0.996847,0.0471813,0.0637912],[-0.0430139,0.996945,-0.0651949],[-0.0666723,0.0622454,0.995831]],[[0.996847,0.0471813,0.0637912],[-0.0368304,0.987279,-0.154673],[-0.0702774,0.151836,0.985904]]],"btipPosition":[5.97445,223.157,-48.6009],"carpPosition":[20.2206,217.176,99.6627],"dipPosition":[4.87871,225.524,-33.229],"direction":[0.0666723,-0.0622454,-0.995831],"extended":true,"handId":758,"id":7581,"length":53.6653,"mcpPosition":[0.996185,225.011,27.8219],"pipPosition":[3.40813,226.897,-11.264],"stabilizedTipPosition":[6.14535,223.189,-45.2442],"timeVisible":2.98322,"tipPosition":[5.64723,224.936,-45.2244],"tipVelocity":[-6.42344,22.0924,8.81349],"tool":false,"touchDistance":0.336401,"touchZone":"hovering","type":1,"width":21.266},{"bases":[[[0.985802,-0.100947,-0.134177],[0.114808,0.988349,0.0999219],[0.122527,-0.113908,0.985907]],[[0.993366,-0.114895,-0.00491025],[0.114999,0.992524,0.0408818],[0.000176444,-0.0411752,0.999152]],[[0.993366,-0.114895,-0.00491025],[0.114283,0.991035,-0.0692034],[0.0128173,0.0681831,0.99759]],[[0.993366,-0.114895,-0.00491025],[0.112614,0.980525,-0.1609],[0.0233012,0.15928,0.986959]]],"btipPosition":[22.4891,225.383,-60.4607],"carpPosition":[31.9182,219.995,96.2167],"dipPosition":[22.8887,228.115,-43.5356],"direction":[-0.0128173,-0.0681831,-0.99759],"extended":true,"handId":758,"id":7582,"length":61.1473,"mcpPosition":[23.2291,228.073,26.3002],"pipPosition":[23.2213,229.884,-17.6482],"stabilizedTipPosition":[22.9358,225.203,-56.7212],"timeVisible":2.98322,"tipPosition":[21.175,225.469,-56.8602],"tipVelocity":[-4.92778,31.9388,8.26],"tool":false,"touchDistance":0.335261,"touchZone":"hovering","type":2,"width":20.8861},{"bases":[[[0.98161,-0.190826,0.00522183],[0.188793,0.974477,0.121458],[-0.0282659,-0.118238,0.992583]],[[0.981284,-0.182427,-0.0616582],[0.184608,0.982301,0.0316903],[0.0547857,-0.0424797,0.997594]],[[0.981284,-0.182427,-0.0616582],[0.174608,0.97795,-0.114571],[0.0811994,0.10166,0.9915]],[[0.981284,-0.182427,-0.0616582],[0.169564,0.970336,-0.172329],[0.0912666,0.158648,0.983108]]],"btipPosition":[40.1281,223.726,-51.8813],"carpPosition":[44.171,219.74,93.8188],"dipPosition":[41.6842,226.431,-35.1191],"direction":[-0.0811994,-0.10166,-0.9915],"extended":true,"handId":758,"id":7583,"length":58.7948,"mcpPosition":[45.9707,227.268,30.6204],"pipPosition":[43.7369,229.001,-10.0543],"stabilizedTipPosition":[40.688,222.852,-48.0911],"timeVisible":2.98322,"tipPosition":[39.2369,223.993,-48.0012],"tipVelocity":[-1.07937,49.4475,6.70703],"tool":false,"touchDistance":0.332433,"touchZone":"hovering","type":3,"width":19.8744},{"bases":[[[0.926963,-0.3616,0.0999268],[0.335927,0.918633,0.208003],[-0.16701,-0.159243,0.97301]],[[0.939869,-0.312479,-0.137853],[0.326936,0.9399,0.0984964],[0.0987897,-0.137643,0.985543]],[[0.939869,-0.312479,-0.137853],[0.294286,0.945783,-0.137443],[0.173327,0.0886106,0.98087]],[[0.939869,-0.312479,-0.137853],[0.275554,0.932249,-0.234481],[0.201784,0.182395,0.962297]]],"btipPosition":[56.9319,221.662,-28.7702],"carpPosition":[56.5438,212.286,93.0229],"dipPosition":[60.1059,224.531,-13.6337],"direction":[-0.173327,-0.0886106,-0.98087],"extended":true,"handId":758,"id":7584,"length":46.094,"mcpPosition":[66.3872,221.672,35.6743],"pipPosition":[63.1995,226.113,3.87346],"stabilizedTipPosition":[57.6642,221.437,-25.3234],"timeVisible":2.98322,"tipPosition":[57.6454,224.293,-25.249],"tipVelocity":[2.98472,57.1975,5.75665],"tool":false,"touchDistance":-0.267357,"touchZone":"touching","type":4,"width":17.654}],"r":[[0.704407,0.265701,0.65819],[-0.298579,0.95218,-0.0648354],[-0.643942,-0.150851,0.750055]],"s":0.864422,"t":[75.5275,19.1906,-106.845],"timestamp":747197709734},{"currentFrameRate":107.139,"devices":[],"gestures":[],"hands":[{"armBasis":[[0.951984,0.144829,-0.269722],[0.00738873,0.869899,0.493175],[0.306057,-0.471488,0.82706]],"armWidth":68.4373,"confidence":1,"direction":[-0.0970407,0.26144,-0.960329],"elbow":[130.242,70.2033,349.518],"grabAngle":0.319476,"grabStrength":0,"id":758,"palmNormal":[0.0171001,-0.964303,-0.26425],"palmPosition":[28.8008,217.544,49.4715],"palmVelocity":[-1.38462,28.3247,9.9087],"palmWidth":92.4925,"pinchDistance":61.8702,"pinchStrength":0,"r":[[0.704439,0.265854,0.658094],[-0.299128,0.952037,-0.0644064],[-0.643653,-0.151484,0.750176]],"s":0.864559,"sphereCenter":[20.7039,-9.97519,-8.01509],"sphereRadius":237.457,"stabilizedPalmPosition":[29.364,216.427,49.282],"t":[75.5098,19.4601,-106.774],"timeVisible":2.99195,"type":"right","wrist":[46.2472,199.6,122.538]}],"id":1346363,"interactionBox":{"center":[0,200,0],"size":[235.247,235.247,147.751]},"pointables":[{"bases":[[[0.366208,0.930441,0.013105],[-0.770653,0.295365,0.564671],[0.521522,-0.216887,0.825212]],[[0.348684,0.937131,-0.0143111],[-0.723451,0.278824,0.631566],[0.595851,-0.209864,0.77519]],[[0.348684,0.937131,-0.0143111],[-0.916963,0.34426,0.201655],[0.193904,-0.0571914,0.979352]],[[0.348684,0.937131,-0.0143111],[-0.934484,0.346449,-0.0819298],[-0.0718209,0.0419411,0.996535]]],"btipPosition":[-21.281,206.572,14.58],"carpPosition":[13.4517,195.04,105.674],"dipPosition":[-22.8151,207.468,35.8659],"direction":[-0.193904,0.0571914,-0.979352],"extended":true,"handId":758,"id":7580,"length":47.5655,"mcpPosition":[13.4517,195.04,105.674],"pipPosition":[-16.7811,205.688,66.3417],"stabilizedTipPosition":[-20.7059,204.758,19.0692],"timeVisible":2.99195,"tipPosition":[-21.7465,205.989,19.7413],"tipVelocity":[5.69491,16.3085,7.21915],"tool":false,"touchDistance":0.334905,"touchZone":"hovering","type":0,"width":22.261},{"bases":[[[0.964713,0.0853639,-0.249082],[-0.055887,0.990818,0.123112],[0.257304,-0.104848,0.960626]],[[0.99683,0.0483789,0.0631556],[-0.0512531,0.997684,0.0447113],[-0.0608462,-0.0478065,0.997002]],[[0.99683,0.0483789,0.0631556],[-0.0442246,0.996866,-0.0655972],[-0.0661311,0.0625963,0.995846]],[[0.99683,0.0483789,0.0631556],[-0.0381072,0.987217,-0.154762],[-0.0698354,0.151865,0.985931]]],"btipPosition":[5.90696,223.36,-48.5209],"carpPosition":[20.2157,217.393,99.7546],"dipPosition":[4.81797,225.728,-33.1467],"direction":[0.0661311,-0.0625963,-0.995846],"extended":true,"handId":758,"id":7581,"length":53.6723,"mcpPosition":[0.973297,225.234,27.9147],"pipPosition":[3.35913,227.109,-11.1785],"stabilizedTipPosition":[6.11859,223.229,-45.23],"timeVisible":2.99195,"tipPosition":[5.61628,225.188,-45.1318],"tipVelocity":[-7.55264,23.2386,9.2186],"tool":false,"touchDistance":0.337302,"touchZone":"hovering","type":1,"width":21.2637},{"bases":[[[0.985904,-0.0997557,-0.134322],[0.113676,0.988443,0.10029],[0.122765,-0.114146,0.98585]],[[0.993499,-0.113722,-0.00528001],[0.113843,0.992649,0.0410904],[0.000568315,-0.0414243,0.999141]],[[0.993499,-0.113722,-0.00528001],[0.113101,0.991241,-0.068192],[0.0129887,0.0671515,0.997658]],[[0.993499,-0.113722,-0.00528001],[0.11143,0.980879,-0.159563],[0.0233248,0.157937,0.987174]]],"btipPosition":[22.44,225.693,-60.3854],"carpPosition":[31.9086,220.227,96.3083],"dipPosition":[22.84,228.402,-43.4543],"direction":[-0.0129887,-0.0671515,-0.997658],"extended":true,"handId":758,"id":7582,"length":61.1553,"mcpPosition":[23.2021,228.323,26.3918],"pipPosition":[23.1771,230.145,-17.5618],"stabilizedTipPosition":[22.9085,225.279,-56.7056],"timeVisible":2.99195,"tipPosition":[21.1449,225.749,-56.7691],"tipVelocity":[-5.61623,34.9053,8.78501],"tool":false,"touchDistance":0.336219,"touchZone":"hovering","type":2,"width":20.8838},{"bases":[[[0.98183,-0.189693,0.00504274],[0.18768,0.974648,0.121813],[-0.028022,-0.118653,0.99254]],[[0.981486,-0.181263,-0.0618802],[0.183526,0.982459,0.0330447],[0.054805,-0.0437895,0.997536]],[[0.981486,-0.181263,-0.0618802],[0.173653,0.978442,-0.111785],[0.0808086,0.0989694,0.991804]],[[0.981486,-0.181263,-0.0618802],[0.168655,0.971023,-0.169323],[0.090779,0.155752,0.983616]]],"btipPosition":[40.1188,224.17,-51.8173],"carpPosition":[44.1605,219.988,93.9086],"dipPosition":[41.6668,226.826,-35.0442],"direction":[-0.0808086,-0.0989694,-0.991804],"extended":true,"handId":758,"id":7583,"length":58.8024,"mcpPosition":[45.9447,227.543,30.7092],"pipPosition":[43.7099,229.328,-9.96841],"stabilizedTipPosition":[40.6712,223.004,-48.0807],"timeVisible":2.99195,"tipPosition":[39.2181,224.295,-47.9137],"tipVelocity":[-1.27588,49.6278,7.62342],"tool":false,"touchDistance":0.333521,"touchZone":"hovering","type":3,"width":19.8723},{"bases":[[[0.927391,-0.360566,0.0996878],[0.334888,0.918941,0.208321],[-0.166721,-0.159811,0.972967]],[[0.940211,-0.311325,-0.13813],[0.326034,0.939988,0.100623],[0.0985145,-0.139642,0.985289]],[[0.940211,-0.311325,-0.13813],[0.293948,0.946576,-0.132624],[0.17204,0.0840911,0.981494]],[[0.940211,-0.311325,-0.13813],[0.275553,0.933671,-0.228755],[0.200185,0.177015,0.963634]]],"btipPosition":[56.9685,222.188,-28.7182],"carpPosition":[56.541,212.548,93.108],"dipPosition":[60.1177,224.973,-13.5587],"direction":[-0.17204,-0.0840911,-0.981494],"extended":true,"handId":758,"id":7584,"length":46.1,"mcpPosition":[66.368,221.968,35.7587],"pipPosition":[63.1888,226.474,3.96188],"stabilizedTipPosition":[57.6715,221.791,-25.3],"timeVisible":2.99195,"tipPosition":[57.6181,224.578,-25.1638],"tipVelocity":[3.5329,58.0001,6.56053],"tool":false,"touchDistance":-0.266402,"touchZone":"touching","type":4,"width":17.6521}],"r":[[0.704439,0.265854,0.658094],[-0.299128,0.952037,-0.0644064],[-0.643653,-0.151484,0.750176]],"s":0.864559,"t":[75.5098,19.4601,-106.774],"timestamp":747197718465},{"currentFrameRate":107.539,"devices":[],"gestures":[],"hands":[{"armBasis":[[0.951811,0.145607,-0.269915],[0.00637332,0.870525,0.492083],[0.306619,-0.47009,0.827647]],"armWidth":68.4328,"confidence":1,"direction":[-0.0972605,0.261974,-0.960162],"elbow":[130.408,70.7998,349.75],"grabAngle":0.317461,"grabStrength":0,"id":758,"palmNormal":[0.0180089,-0.964114,-0.264876],"palmPosition":[28.7908,217.777,49.5283],"palmVelocity":[-1.16862,27.2309,6.61716],"palmWidth":92.4916,"pinchDistance":61.833,"pinchStrength":0,"r":[[0.704411,0.266023,0.658056],[-0.299744,0.951874,-0.0639411],[-0.643396,-0.152208,0.750249]],"s":0.864737,"sphereCenter":[20.7242,-11.0543,-8.2372],"sphereRadius":238.794,"stabilizedPalmPosition":[29.3451,216.472,49.2901],"t":[75.496,19.7115,-106.71],"timeVisible":3.00052,"type":"right","wrist":[46.2542,199.82,122.595]}],"id":1346364,"interactionBox":{"center":[0,200,0],"size":[235.247,235.247,147.751]},"pointables":[{"bases":[[[0.365338,0.930774,0.0137193],[-0.770944,0.294277,0.564842],[0.521703,-0.216935,0.825085]],[[0.347655,0.937519,-0.0139288],[-0.723987,0.277853,0.63138],[0.595801,-0.209419,0.775348]],[[0.347655,0.937519,-0.0139288],[-0.917413,0.343192,0.201428],[0.193623,-0.0572491,0.979404]],[[0.347655,0.937519,-0.0139288],[-0.934788,0.345412,-0.0828362],[-0.0728493,0.041819,0.996466]]],"btipPosition":[-21.2414,206.736,14.6071],"carpPosition":[13.4604,195.221,105.719],"dipPosition":[-22.7977,207.629,35.8946],"direction":[-0.193623,0.0572491,-0.979404],"extended":true,"handId":758,"id":7580,"length":47.5722,"mcpPosition":[13.4604,195.221,105.719],"pipPosition":[-16.7717,205.847,66.3763],"stabilizedTipPosition":[-20.733,204.824,19.0824],"timeVisible":3.00052,"tipPosition":[-21.7444,206.197,19.788],"tipVelocity":[4.01975,19.0398,3.20789],"tool":false,"touchDistance":0.33516,"touchZone":"hovering","type":0,"width":22.2584},{"bases":[[[0.964639,0.0864281,-0.249001],[-0.056817,0.990685,0.123755],[0.257378,-0.105231,0.960564]],[[0.996807,0.0493239,0.0627948],[-0.0521672,0.997648,0.0444742],[-0.0604534,-0.0476081,0.997035]],[[0.996807,0.0493239,0.0627948],[-0.045167,0.996798,-0.0659796],[-0.0658481,0.0629326,0.995843]],[[0.996807,0.0493239,0.0627948],[-0.0390913,0.987163,-0.154858],[-0.0696269,0.151909,0.985939]]],"btipPosition":[5.86449,223.565,-48.4734],"carpPosition":[20.2027,217.586,99.809],"dipPosition":[4.7786,225.935,-33.0968],"direction":[0.0658481,-0.0629326,-0.995843],"extended":true,"handId":758,"id":7581,"length":53.6799,"mcpPosition":[0.955038,225.456,27.9745],"pipPosition":[3.3258,227.323,-11.1256],"stabilizedTipPosition":[6.09259,223.274,-45.2149],"timeVisible":3.00052,"tipPosition":[5.60162,225.454,-45.07],"tipVelocity":[-4.87115,24.0219,5.60826],"tool":false,"touchDistance":0.337626,"touchZone":"hovering","type":1,"width":21.2613},{"bases":[[[0.986,-0.0987461,-0.134361],[0.112749,0.988484,0.100936],[0.122846,-0.114672,0.985778]],[[0.993606,-0.112771,-0.00550891],[0.112902,0.992746,0.0413417],[0.000806807,-0.0416994,0.99913]],[[0.993606,-0.112771,-0.00550891],[0.112145,0.991392,-0.067565],[0.0130809,0.0665151,0.9977]],[[0.993606,-0.112771,-0.00550891],[0.110471,0.981101,-0.158859],[0.0233195,0.157235,0.987286]]],"btipPosition":[22.4073,225.977,-60.3379],"carpPosition":[31.8945,220.434,96.3649],"dipPosition":[22.8073,228.674,-43.4025],"direction":[-0.0130809,-0.0665151,-0.9977],"extended":true,"handId":758,"id":7582,"length":61.1639,"mcpPosition":[23.1823,228.566,26.4541],"pipPosition":[23.1468,230.401,-17.5053],"stabilizedTipPosition":[22.8823,225.363,-56.6888],"timeVisible":3.00052,"tipPosition":[21.1323,226.046,-56.7068],"tipVelocity":[-3.81977,32.8298,5.65422],"tool":false,"touchDistance":0.336657,"touchZone":"hovering","type":2,"width":20.8814},{"bases":[[[0.982007,-0.188778,0.00494525],[0.186765,0.974743,0.122451],[-0.0279364,-0.119324,0.992462]],[[0.981652,-0.18029,-0.0620808],[0.182631,0.982582,0.0343257],[0.0548109,-0.0450338,0.997481]],[[0.981652,-0.18029,-0.0620808],[0.172887,0.978889,-0.109026],[0.0804265,0.0962928,0.992098]],[[0.981652,-0.18029,-0.0620808],[0.167995,0.971762,-0.165697],[0.0902013,0.152228,0.984221]]],"btipPosition":[40.1194,224.61,-51.7819],"carpPosition":[44.148,220.207,93.9656],"dipPosition":[41.6577,227.207,-34.9961],"direction":[-0.0804265,-0.0962928,-0.992098],"extended":true,"handId":758,"id":7583,"length":58.8108,"mcpPosition":[45.9268,227.805,30.7718],"pipPosition":[43.6914,229.642,-9.90931],"stabilizedTipPosition":[40.6561,223.172,-48.0685],"timeVisible":3.00052,"tipPosition":[39.2145,224.606,-47.8528],"tipVelocity":[-0.194405,49.7633,4.4721],"tool":false,"touchDistance":0.334077,"touchZone":"hovering","type":3,"width":19.87},{"bases":[[[0.927726,-0.359763,0.0994778],[0.334023,0.919118,0.208927],[-0.166596,-0.160599,0.972858]],[[0.940494,-0.310313,-0.138478],[0.325262,0.940049,0.102527],[0.0983609,-0.141468,0.985044]],[[0.940494,-0.310313,-0.138478],[0.293703,0.947284,-0.128027],[0.170907,0.0797369,0.982055]],[[0.940494,-0.310313,-0.138478],[0.275749,0.935091,-0.222637],[0.198577,0.171204,0.965016]]],"btipPosition":[57.006,222.694,-28.6914],"carpPosition":[56.5368,212.779,93.1608],"dipPosition":[60.1304,225.388,-13.508],"direction":[-0.170907,-0.0797369,-0.982055],"extended":true,"handId":758,"id":7584,"length":46.1066,"mcpPosition":[66.3564,222.245,35.8185],"pipPosition":[63.1816,226.811,4.02508],"stabilizedTipPosition":[57.6848,222.172,-25.2748],"timeVisible":3.00052,"tipPosition":[57.6049,224.868,-25.103],"tipVelocity":[3.71018,56.5777,3.76953],"tool":false,"touchDistance":-0.265864,"touchZone":"touching","type":4,"width":17.6501}],"r":[[0.704411,0.266023,0.658056],[-0.299744,0.951874,-0.0639411],[-0.643396,-0.152208,0.750249]],"s":0.864737,"t":[75.496,19.7115,-106.71],"timestamp":747197727036},{"currentFrameRate":107.802,"devices":[],"gestures":[],"hands":[{"armBasis":[[0.951823,0.145594,-0.269881],[0.00577842,0.871427,0.490491],[0.306594,-0.46842,0.828603]],"armWidth":68.4252,"confidence":1,"direction":[-0.0972818,0.261995,-0.960153],"elbow":[130.392,71.499,350.093],"grabAngle":0.315787,"grabStrength":0,"id":758,"palmNormal":[0.0184339,-0.96409,-0.264937],"palmPosition":[28.784,217.995,49.6029],"palmVelocity":[-0.771472,24.8014,8.48052],"palmWidth":92.4919,"pinchDistance":61.7843,"pinchStrength":0,"r":[[0.704354,0.266207,0.658042],[-0.300316,0.95172,-0.0635619],[-0.643192,-0.15285,0.750294]],"s":0.864936,"sphereCenter":[20.6823,-12.0136,-8.27739],"sphereRadius":239.958,"stabilizedPalmPosition":[29.327,216.521,49.3002],"t":[75.4856,19.9463,-106.641],"timeVisible":3.00932,"type":"right","wrist":[46.2459,200.06,122.678]}],"id":1346365,"interactionBox":{"center":[0,200,0],"size":[235.247,235.247,147.751]},"pointables":[{"bases":[[[0.364949,0.930925,0.013813],[-0.771118,0.29392,0.564791],[0.521718,-0.216771,0.825118]],[[0.347066,0.937734,-0.0141464],[-0.724487,0.277659,0.630891],[0.595536,-0.208712,0.775742]],[[0.347066,0.937734,-0.0141464],[-0.91774,0.342695,0.200779],[0.193125,-0.056701,0.979534]],[[0.347066,0.937734,-0.0141464],[-0.934935,0.344765,-0.0838657],[-0.0737665,0.042333,0.996377]]],"btipPosition":[-21.1957,206.88,14.6487],"carpPosition":[13.458,195.429,105.79],"dipPosition":[-22.7718,207.785,35.9375],"direction":[-0.193125,0.056701,-0.979534],"extended":true,"handId":758,"id":7580,"length":47.5794,"mcpPosition":[13.458,195.429,105.79],"pipPosition":[-16.7603,206.02,66.4279],"stabilizedTipPosition":[-20.7576,204.892,19.0962],"timeVisible":3.00932,"tipPosition":[-21.7427,206.4,19.8558],"tipVelocity":[4.68224,16.721,4.7672],"tool":false,"touchDistance":0.335607,"touchZone":"hovering","type":0,"width":22.2551},{"bases":[[[0.964626,0.0868453,-0.248908],[-0.0572402,0.990653,0.123814],[0.257334,-0.105187,0.960581]],[[0.996817,0.0498164,0.0622482],[-0.0525852,0.997661,0.0436621],[-0.0599275,-0.0467965,0.997105]],[[0.996817,0.0498164,0.0622482],[-0.0456252,0.996707,-0.0670291],[-0.0653824,0.0639757,0.995807]],[[0.996817,0.0498164,0.0622482],[-0.0396014,0.987006,-0.155727],[-0.0691971,0.152766,0.985837]]],"btipPosition":[5.81987,223.705,-48.4125],"carpPosition":[20.1917,217.798,99.8833],"dipPosition":[4.74052,226.088,-33.0352],"direction":[0.0653824,-0.0639757,-0.995807],"extended":true,"handId":758,"id":7581,"length":53.688,"mcpPosition":[0.947287,225.664,28.0473],"pipPosition":[3.29778,227.499,-11.0615],"stabilizedTipPosition":[6.06709,223.322,-45.1983],"timeVisible":3.00932,"tipPosition":[5.60011,225.661,-44.9963],"tipVelocity":[-4.89983,16.2103,6.93804],"tool":false,"touchDistance":0.338113,"touchZone":"hovering","type":1,"width":21.258},{"bases":[[[0.986053,-0.0983274,-0.134277],[0.112329,0.988524,0.10101],[0.122804,-0.114684,0.985782]],[[0.993655,-0.112332,-0.00567912],[0.11247,0.992812,0.0409166],[0.00104207,-0.0412957,0.999146]],[[0.993655,-0.112332,-0.00567912],[0.111692,0.991427,-0.0678088],[0.0132475,0.0667442,0.997682]],[[0.993655,-0.112332,-0.00567912],[0.110003,0.981106,-0.159154],[0.0234499,0.15752,0.987237]]],"btipPosition":[22.3811,226.166,-60.2754],"carpPosition":[31.8824,220.65,96.4404],"dipPosition":[22.7834,228.868,-43.3383],"direction":[-0.0132475,-0.0667442,-0.997682],"extended":true,"handId":758,"id":7582,"length":61.1732,"mcpPosition":[23.1732,228.784,26.5291],"pipPosition":[23.1273,230.601,-17.4376],"stabilizedTipPosition":[22.8572,225.451,-56.6698],"timeVisible":3.00932,"tipPosition":[21.1356,226.269,-56.6316],"tipVelocity":[-2.91164,21.539,7.14725],"tool":false,"touchDistance":0.337268,"touchZone":"hovering","type":2,"width":20.8782},{"bases":[[[0.982085,-0.18837,0.00502267],[0.186348,0.974813,0.122531],[-0.0279774,-0.1194,0.992452]],[[0.981731,-0.17987,-0.0620578],[0.182235,0.98264,0.0347652],[0.0547273,-0.0454392,0.997467]],[[0.981731,-0.17987,-0.0620578],[0.172615,0.979133,-0.107247],[0.0800535,0.0945757,0.992294]],[[0.981731,-0.17987,-0.0620578],[0.167839,0.972263,-0.162895],[0.0896365,0.149503,0.98469]]],"btipPosition":[40.1316,224.943,-51.7297],"carpPosition":[44.136,220.429,94.0422],"dipPosition":[41.6605,227.493,-34.9334],"direction":[-0.0800535,-0.0945757,-0.992294],"extended":true,"handId":758,"id":7583,"length":58.8196,"mcpPosition":[45.9174,228.031,30.8488],"pipPosition":[43.6851,229.885,-9.83787],"stabilizedTipPosition":[40.6431,223.349,-48.0533],"timeVisible":3.00932,"tipPosition":[39.2218,224.839,-47.7774],"tipVelocity":[1.14021,36.5756,6.20571],"tool":false,"touchDistance":0.334822,"touchZone":"hovering","type":3,"width":19.867},{"bases":[[[0.927866,-0.359384,0.0995392],[0.333621,0.919244,0.209017],[-0.166618,-0.160732,0.972833]],[[0.940636,-0.309913,-0.138412],[0.324952,0.940048,0.103515],[0.098033,-0.142347,0.98495]],[[0.940636,-0.309913,-0.138412],[0.293888,0.947675,-0.12467],[0.169806,0.0765912,0.982497]],[[0.940636,-0.309913,-0.138412],[0.276416,0.936104,-0.217494],[0.196972,0.166323,0.966198]]],"btipPosition":[57.0523,223.09,-28.6461],"carpPosition":[56.5277,213.006,93.238],"dipPosition":[60.1519,225.707,-13.4418],"direction":[-0.169806,-0.0765912,-0.982497],"extended":true,"handId":758,"id":7584,"length":46.1135,"mcpPosition":[66.3486,222.48,35.897],"pipPosition":[63.184,227.075,4.10179],"stabilizedTipPosition":[57.7049,222.552,-25.2434],"timeVisible":3.00932,"tipPosition":[57.6036,225.089,-25.0265],"tipVelocity":[4.61868,43.0203,5.69403],"tool":false,"touchDistance":-0.265029,"touchZone":"touching","type":4,"width":17.6474}],"r":[[0.704354,0.266207,0.658042],[-0.300316,0.95172,-0.0635619],[-0.643192,-0.15285,0.750294]],"s":0.864936,"t":[75.4856,19.9463,-106.641],"timestamp":747197735835},{"currentFrameRate":108.18,"devices":[],"gestures":[],"hands":[{"armBasis":[[0.951783,0.146022,-0.269791],[0.00522716,0.871601,0.490188],[0.306728,-0.467963,0.828811]],"armWidth":68.4176,"confidence":1,"direction":[-0.0972076,0.262322,-0.960072],"elbow":[130.397,71.8293,350.193],"grabAngle":0.315233,"grabStrength":0,"id":758,"palmNormal":[0.0189084,-0.963979,-0.265304],"palmPosition":[28.7574,218.213,49.6455],"palmVelocity":[-3.09991,25.5046,4.97737],"palmWidth":92.4934,"pinchDistance":61.7355,"pinchStrength":0,"r":[[0.70426,0.266366,0.658078],[-0.300853,0.951574,-0.063197],[-0.643044,-0.153478,0.750293]],"s":0.86514,"sphereCenter":[20.6977,-12.4001,-8.34225],"sphereRadius":240.556,"stabilizedPalmPosition":[29.3096,216.573,49.3107],"t":[75.4672,20.1729,-106.585],"timeVisible":3.01788,"type":"right","wrist":[46.2137,200.265,122.72]}],"id":1346366,"interactionBox":{"center":[0,200,0],"size":[235.247,235.247,147.751]},"pointables":[{"bases":[[[0.364539,0.931079,0.0142431],[-0.771357,0.293365,0.564752],[0.52165,-0.216861,0.825138]],[[0.346428,0.937971,-0.0140734],[-0.725073,0.277255,0.630395],[0.595194,-0.208182,0.776147]],[[0.346428,0.937971,-0.0140734],[-0.918058,0.34208,0.200379],[0.192764,-0.0564966,0.979617]],[[0.346428,0.937971,-0.0140734],[-0.935134,0.344115,-0.0843167],[-0.0742437,0.0423702,0.99634]]],"btipPosition":[-21.1854,207.036,14.6495],"carpPosition":[13.4303,195.619,105.821],"dipPosition":[-22.772,207.942,35.9407],"direction":[-0.192764,0.0564966,-0.979617],"extended":true,"handId":758,"id":7580,"length":47.5866,"mcpPosition":[13.4303,195.619,105.821],"pipPosition":[-16.7708,206.183,66.4383],"stabilizedTipPosition":[-20.7801,204.958,19.109],"timeVisible":3.01788,"tipPosition":[-21.7574,206.61,19.8826],"tipVelocity":[0.917354,18.251,0.152132],"tool":false,"touchDistance":0.335399,"touchZone":"hovering","type":0,"width":22.2515},{"bases":[[[0.964637,0.0873636,-0.248684],[-0.0576985,0.99058,0.124184],[0.257191,-0.105444,0.960591]],[[0.996819,0.0503121,0.0618183],[-0.0530177,0.99767,0.042936],[-0.0595141,-0.0460769,0.997163]],[[0.996819,0.0503121,0.0618183],[-0.0460551,0.99659,-0.0684576],[-0.0650518,0.0653927,0.995737]],[[0.996819,0.0503121,0.0618183],[-0.0400558,0.986755,-0.157192],[-0.0689082,0.154216,0.985631]]],"btipPosition":[5.76686,223.837,-48.3817],"carpPosition":[20.1556,217.993,99.9252],"dipPosition":[4.69185,226.243,-33.0053],"direction":[0.0650518,-0.0653927,-0.995737],"extended":true,"handId":758,"id":7581,"length":53.6962,"mcpPosition":[0.921547,225.878,28.0873],"pipPosition":[3.25618,227.686,-11.0297],"stabilizedTipPosition":[6.042,223.371,-45.1821],"timeVisible":3.01788,"tipPosition":[5.58832,225.894,-44.9545],"tipVelocity":[-6.07763,16.0412,3.57661],"tool":false,"touchDistance":0.338094,"touchZone":"hovering","type":1,"width":21.2547},{"bases":[[[0.986123,-0.0978439,-0.13412],[0.111876,0.988534,0.101412],[0.12266,-0.11501,0.985762]],[[0.993706,-0.111875,-0.005711],[0.112015,0.992874,0.0406633],[0.00112109,-0.041047,0.999157]],[[0.993706,-0.111875,-0.005711],[0.111227,0.991436,-0.0684361],[0.0133184,0.0673701,0.997639]],[[0.993706,-0.111875,-0.005711],[0.109524,0.980995,-0.160169],[0.0235214,0.158535,0.987073]]],"btipPosition":[22.3477,226.345,-60.2396],"carpPosition":[31.8456,220.852,96.4857],"dipPosition":[22.7513,229.066,-43.3027],"direction":[-0.0133184,-0.0673701,-0.997639],"extended":true,"handId":758,"id":7582,"length":61.1825,"mcpPosition":[23.1465,229.008,26.5747],"pipPosition":[23.0971,230.815,-17.3992],"stabilizedTipPosition":[22.8333,225.538,-56.6511],"timeVisible":3.01788,"tipPosition":[21.1331,226.527,-56.5861],"tipVelocity":[-3.8678,21.4791,4.179],"tool":false,"touchDistance":0.337411,"touchZone":"hovering","type":2,"width":20.8749},{"bases":[[[0.982167,-0.187942,0.00514367],[0.185897,0.974847,0.122943],[-0.0281205,-0.119795,0.9924]],[[0.981826,-0.17943,-0.0618341],[0.181802,0.982708,0.0351051],[0.054466,-0.0457086,0.997469]],[[0.981826,-0.17943,-0.0618341],[0.172281,0.979306,-0.106202],[0.0796104,0.0936195,0.99242]],[[0.981826,-0.17943,-0.0618341],[0.16762,0.972639,-0.160861],[0.0890055,0.147573,0.985038]]],"btipPosition":[40.1361,225.244,-51.7017],"carpPosition":[44.0997,220.637,94.0897],"dipPosition":[41.6546,227.761,-34.8969],"direction":[-0.0796104,-0.0936195,-0.99242],"extended":true,"handId":758,"id":7583,"length":58.8286,"mcpPosition":[45.8903,228.264,30.8986],"pipPosition":[43.6682,230.129,-9.79438],"stabilizedTipPosition":[40.6319,223.525,-48.038],"timeVisible":3.01788,"tipPosition":[39.2147,225.101,-47.7304],"tipVelocity":[0.25063,34.2569,3.49587],"tool":false,"touchDistance":0.335122,"touchZone":"hovering","type":3,"width":19.8638},{"bases":[[[0.928004,-0.359016,0.0995837],[0.333177,0.919309,0.209437],[-0.166739,-0.161179,0.972738]],[[0.940809,-0.309488,-0.138186],[0.324585,0.940073,0.104434],[0.0975836,-0.143105,0.984885]],[[0.940809,-0.309488,-0.138186],[0.293913,0.947997,-0.122135],[0.168799,0.0742913,0.982847]],[[0.940809,-0.309488,-0.138186],[0.276868,0.936918,-0.213373],[0.195505,0.162484,0.967149]]],"btipPosition":[57.0808,223.456,-28.6234],"carpPosition":[56.4948,213.22,93.285],"dipPosition":[60.1578,226.013,-13.4018],"direction":[-0.168799,-0.0742913,-0.982847],"extended":true,"handId":758,"id":7584,"length":46.1205,"mcpPosition":[66.3229,222.72,35.9486],"pipPosition":[63.1724,227.34,4.15073],"stabilizedTipPosition":[57.7249,222.909,