{"frames":80,"data":[{"currentFrameRate":114.903,"devices":[],"gestures":[],"hands":[{"armBasis":[[0.407757,-0.751592,-0.518502],[0.866839,0.140196,0.478473],[-0.286924,-0.644558,0.708674]],"armWidth":59.9533,"confidence":1,"direction":[0.462807,0.318131,-0.827407],"elbow":[54.1404,-41.9336,307.507],"grabAngle":0.350035,"grabStrength":0,"id":765,"palmNormal":[-0.844802,-0.12448,-0.520399],"palmPosition":[149.973,148.269,76.1147],"palmVelocity":[-11.4013,-34.235,-13.244],"palmWidth":83.0304,"pinchDistance":61.122,"pinchStrength":0,"r":[[-0.0148065,0.408528,0.912626],[-0.0845443,0.908946,-0.408252],[-0.99631,-0.0832021,0.0210804]],"s":1.26073,"sphereCenter":[51.2729,120.136,-5.90661],"sphereRadius":134.596,"stabilizedPalmPosition":[150.2,148.968,76.4044],"t":[230.55,-80.8144,-145.802],"timeVisible":3.7375,"type":"right","wrist":[124.833,116.873,132.903]}],"id":1349298,"interactionBox":{"center":[0,200,0],"size":[235.247,235.247,147.751]},"pointables":[{"bases":[[[0.953986,-0.204773,0.21904],[-0.0189381,0.687891,0.725567],[-0.299252,-0.696329,0.65236]],[[0.97758,-0.139473,0.157746],[-0.0535088,0.56002,0.82675],[-0.20365,-0.816655,0.540001]],[[0.97758,-0.139473,0.157746],[0.043163,0.865994,0.498188],[-0.206091,-0.48021,0.852599]],[[0.97758,-0.139473,0.157746],[0.0717012,0.924893,0.373407],[-0.197978,-0.353725,0.914157]]],"btipPosition":[135.114,207.6,51.5491],"carpPosition":[115.609,148.775,120.417],"dipPosition":[131.05,200.338,70.3176],"direction":[0.206091,0.48021,-0.852599],"extended":true,"handId":765,"id":7650,"length":45.7193,"mcpPosition":[115.609,148.775,120.417],"pipPosition":[124.885,185.974,95.8192],"stabilizedTipPosition":[134.373,206.453,56.1066],"timeVisible":3.7375,"tipPosition":[129.572,206.921,55.2517],"tipVelocity":[-10.4071,-36.6802,-17.7873],"tool":false,"touchDistance":0.239607,"touchZone":"hovering","type":0,"width":19.3051},{"bases":[[[0.143421,-0.945575,-0.292094],[0.935041,0.0327722,0.353023],[-0.324237,-0.323751,0.888851]],[[0.0659269,-0.994424,-0.0823031],[0.930722,0.0315472,0.364364],[-0.359736,-0.100623,0.927613]],[[0.0659269,-0.994424,-0.0823031],[0.973799,0.0461291,0.222684],[-0.217646,-0.0948275,0.97141]],[[0.0659269,-0.994424,-0.0823031],[0.991232,0.0558021,0.119775],[-0.114515,-0.0894778,0.989384]]],"btipPosition":[185.699,166.728,-19.9802],"carpPosition":[142.528,138.021,116.375],"dipPosition":[183.811,165.253,-3.66982],"direction":[0.217646,0.0948275,-0.97141],"extended":true,"handId":765,"id":7652,"length":58.7816,"mcpPosition":[163.171,158.633,59.7861],"pipPosition":[178.382,162.887,20.5629],"stabilizedTipPosition":[185.405,166.703,-16.0944],"timeVisible":3.7375,"tipPosition":[183.006,173.603,-15.3844],"tipVelocity":[-17.5824,-39.2711,-16.1102],"tool":false,"touchDistance":0.333211,"touchZone":"hovering","type":2,"width":18.1108},{"bases":[[[-0.173079,-0.975805,-0.1336],[0.888731,-0.213199,0.405837],[-0.424501,-0.0484929,0.904128]],[[-0.139625,-0.969102,-0.203339],[0.961266,-0.181938,0.207042],[-0.237639,-0.166555,0.956968]],[[-0.139625,-0.969102,-0.203339],[0.989988,-0.132327,-0.0491199],[0.0206948,-0.208162,0.977875]],[[-0.139625,-0.969102,-0.203339],[0.977926,-0.102716,-0.181961],[0.155452,-0.224257,0.962052]]],"btipPosition":[168.429,130.717,-0.181556],"carpPosition":[141.301,116.022,108.668],"dipPosition":[170.779,127.326,14.3657],"direction":[-0.0206948,0.208162,-0.977875],"extended":true,"handId":765,"id":7654,"length":44.3107,"mcpPosition":[163.763,118.588,60.8282],"pipPosition":[171.134,123.755,31.1441],"stabilizedTipPosition":[169.237,130.396,3.36666],"timeVisible":3.7375,"tipPosition":[173.777,129.105,4.00328],"tipVelocity":[-21.6519,-34.5472,-13.5256],"tool":false,"touchDistance":0.333232,"touchZone":"hovering","type":4,"width":15.3082},{"bases":[[[0.342444,-0.873082,-0.347073],[0.896445,0.193033,0.398905],[-0.28128,-0.447735,0.848773]],[[0.219095,-0.975492,-0.0203178],[0.873386,0.186794,0.449784],[-0.434965,-0.116291,0.892906]],[[0.219095,-0.975492,-0.0203178],[0.921392,0.200004,0.333219],[-0.320989,-0.0917274,0.942631]],[[0.219095,-0.975492,-0.0203178],[0.937555,0.204717,0.281215],[-0.270164,-0.0806619,0.95943]]],"btipPosition":[183.31,184.78,-4.93251],"carpPosition":[137.178,147.185,120.069],"dipPosition":[179.261,183.571,9.44781],"direction":[0.320989,0.0917274,-0.942631],"extended":true,"handId":765,"id":7651,"length":51.5891,"mcpPosition":[156.062,177.243,63.0876],"pipPosition":[172.455,181.626,29.4349],"stabilizedTipPosition":[182.475,184.775,-1.51028],"timeVisible":3.7375,"tipPosition":[177.176,192.749,-1.46203],"tipVelocity":[-13.0838,-40.1235,-16.3692],"tool":false,"touchDistance":0.333209,"touchZone":"hovering","type":1,"width":18.4403},{"bases":[[[0.0232455,-0.982673,-0.183884],[0.932085,-0.0452058,0.359407],[-0.361492,-0.17975,0.914884]],[[0.0045589,-0.99064,-0.136425],[0.963492,-0.0321701,0.265798],[-0.267699,-0.132656,0.954327]],[[0.0045589,-0.99064,-0.136425],[0.997987,-0.00412307,0.0632891],[-0.0632592,-0.136439,0.988627]],[[0.0045589,-0.99064,-0.136425],[0.998825,0.0110947,-0.0471856],[0.0482575,-0.136049,0.989526]]],"btipPosition":[177.041,148.762,-17.2037],"carpPosition":[145.139,127.742,112.741],"dipPosition":[177.832,146.532,-0.984781],"direction":[0.0632592,0.136439,-0.988627],"extended":true,"handId":765,"id":7653,"length":56.5201,"mcpPosition":[165.802,138.017,60.4457],"pipPosition":[176.295,143.216,23.0405],"stabilizedTipPosition":[177.428,148.63,-13.3104],"timeVisible":3.7375,"tipPosition":[179.504,151.755,-12.2017],"tipVelocity":[-20.8972,-37.3468,-14.9659],"tool":false,"touchDistance":0.33322,"touchZone":"hovering","type":3,"width":17.2336}],"r":[[-0.0148065,0.408528,0.912626],[-0.0845443,0.908946,-0.408252],[-0.99631,-0.0832021,0.0210804]],"s":1.26073,"t":[230.55,-80.8144,-145.802],"timestamp":747223595463},{"currentFrameRate":114.894,"devices":[],"gestures":[],"hands":[{"armBasis":[[0.406635,-0.752483,-0.518089],[0.86714,0.139376,0.478165],[-0.287602,-0.643695,0.709184]],"armWidth":59.9533,"confidence":1,"direction":[0.462088,0.317374,-0.828099],"elbow":[53.922,-41.9696,307.569],"grabAngle":0.350009,"grabStrength":0,"id":765,"palmNormal":[-0.84553,-0.123985,-0.519333],"palmPosition":[149.89,147.97,76.0104],"palmVelocity":[-9.54172,-34.2518,-11.9686],"palmWidth":83.0304,"pinchDistance":61.1111,"pinchStrength":0,"r":[[-0.0140737,0.408456,0.91267],[-0.0841204,0.90904,-0.408129],[-0.996356,-0.0825181,0.0215659]],"s":1.26051,"sphereCenter":[50.966,119.862,-5.90758],"sphereRadius":134.687,"stabilizedPalmPosition":[150.117,148.699,76.2981],"t":[230.461,-81.1093,-145.911],"timeVisible":3.74622,"type":"right","wrist":[124.782,116.625,132.84]}],"id":1349299,"interactionBox":{"center":[0,200,0],"size":[235.247,235.247,147.751]},"pointables":[{"bases":[[[0.954073,-0.205492,0.217987],[-0.017482,0.688223,0.725288],[-0.299065,-0.695789,0.653023]],[[0.977689,-0.140105,0.15651],[-0.0519756,0.56056,0.826481],[-0.203527,-0.816176,0.540771]],[[0.977689,-0.140105,0.15651],[0.0445692,0.866472,0.497232],[-0.205276,-0.479162,0.853385]],[[0.977689,-0.140105,0.15651],[0.0730637,0.92537,0.371956],[-0.196943,-0.352222,0.914961]]],"btipPosition":[135.033,207.266,51.4106],"carpPosition":[115.579,148.525,120.353],"dipPosition":[130.99,200.034,70.1955],"direction":[0.205276,0.479162,-0.853385],"extended":true,"handId":765,"id":7650,"length":45.7193,"mcpPosition":[115.579,148.525,120.353],"pipPosition":[124.85,185.702,95.7207],"stabilizedTipPosition":[134.282,206.167,55.9801],"timeVisible":3.74622,"tipPosition":[129.528,206.628,55.1478],"tipVelocity":[-8.71594,-37.4843,-15.4523],"tool":false,"touchDistance":0.237361,"touchZone":"hovering","type":0,"width":19.3051},{"bases":[[[0.142264,-0.945824,-0.291852],[0.93549,0.0321273,0.351889],[-0.323449,-0.323085,0.88938]],[[0.0650205,-0.994504,-0.0820579],[0.931261,0.0309308,0.363039],[-0.358505,-0.100022,0.928154]],[[0.0650205,-0.994504,-0.0820579],[0.974098,0.0454083,0.221521],[-0.216577,-0.0943358,0.971697]],[[0.0650205,-0.994504,-0.0820579],[0.991445,0.0550555,0.118347],[-0.113178,-0.0890508,0.989576]]],"btipPosition":[185.504,166.366,-20.138],"carpPosition":[142.484,137.746,116.284],"dipPosition":[183.639,164.898,-3.82454],"direction":[0.216577,0.0943358,-0.971697],"extended":true,"handId":765,"id":7652,"length":58.7816,"mcpPosition":[163.077,158.316,59.6614],"pipPosition":[178.236,162.545,20.4153],"stabilizedTipPosition":[185.243,166.372,-16.2377],"timeVisible":3.74622,"tipPosition":[182.837,173.229,-15.5401],"tipVelocity":[-21.7403,-41.3036,-18.0232],"tool":false,"touchDistance":0.333196,"touchZone":"hovering","type":2,"width":18.1108},{"bases":[[[-0.174072,-0.975715,-0.132966],[0.889034,-0.213781,0.404866],[-0.42346,-0.0477354,0.904656]],[[-0.140462,-0.969004,-0.203226],[0.961494,-0.182473,0.205507],[-0.236221,-0.166535,0.957322]],[[-0.140462,-0.969004,-0.203226],[0.989846,-0.132917,-0.0503782],[0.0218045,-0.208239,0.977835]],[[-0.140462,-0.969004,-0.203226],[0.977701,-0.103387,-0.182787],[0.156111,-0.224369,0.961919]]],"btipPosition":[168.229,130.403,-0.29772],"carpPosition":[141.23,115.745,108.588],"dipPosition":[170.589,127.01,14.2475],"direction":[-0.0218045,0.208239,-0.977835],"extended":true,"handId":765,"id":7654,"length":44.3107,"mcpPosition":[163.636,118.271,60.7204],"pipPosition":[170.963,123.437,31.0252],"stabilizedTipPosition":[169.064,130.109,3.24835],"timeVisible":3.74622,"tipPosition":[173.58,128.756,3.87701],"tipVelocity":[-22.6575,-36.1369,-13.3746],"tool":false,"touchDistance":0.333231,"touchZone":"hovering","type":4,"width":15.3082},{"bases":[[[0.341283,-0.873526,-0.347101],[0.897086,0.192441,0.397747],[-0.280646,-0.447124,0.849305]],[[0.218242,-0.975686,-0.0201636],[0.874223,0.186281,0.448368],[-0.43371,-0.11548,0.893622]],[[0.218242,-0.975686,-0.0201636],[0.921922,0.199352,0.332144],[-0.320048,-0.091077,0.943013]],[[0.218242,-0.975686,-0.0201636],[0.938015,0.204025,0.280181],[-0.269255,-0.0800612,0.959735]]],"btipPosition":[183.155,184.417,-5.09649],"carpPosition":[137.147,146.917,119.98],"dipPosition":[179.12,183.217,9.28841],"direction":[0.320048,0.091077,-0.943013],"extended":true,"handId":765,"id":7651,"length":51.5891,"mcpPosition":[155.987,176.934,62.9633],"pipPosition":[172.334,181.286,29.2837],"stabilizedTipPosition":[182.347,184.448,-1.65358],"timeVisible":3.74622,"tipPosition":[177.04,192.389,-1.61845],"tipVelocity":[-17.4056,-41.382,-18.6841],"tool":false,"touchDistance":0.333191,"touchZone":"hovering","type":1,"width":18.4403},{"bases":[[[0.0221861,-0.982773,-0.183482],[0.932476,-0.0458453,0.358311],[-0.36055,-0.179042,0.915395]],[[0.00364332,-0.99067,-0.136236],[0.96388,-0.032803,0.264311],[-0.266314,-0.132278,0.954767]],[[0.00364332,-0.99067,-0.136236],[0.998063,-0.00485945,0.0620273],[-0.0621106,-0.136198,0.988733]],[[0.00364332,-0.99067,-0.136236],[0.998771,0.0103393,-0.0484746],[0.049431,-0.135892,0.98949]]],"btipPosition":[176.829,148.42,-17.3417],"carpPosition":[145.082,127.464,112.651],"dipPosition":[177.639,146.192,-1.12341],"direction":[0.0621106,0.136198,-0.988733],"extended":true,"handId":765,"id":7653,"length":56.5201,"mcpPosition":[165.691,137.698,60.3269],"pipPosition":[176.13,142.883,22.9045],"stabilizedTipPosition":[177.25,148.318,-13.4403],"timeVisible":3.74622,"tipPosition":[179.314,151.386,-12.3451],"tipVelocity":[-23.8254,-39.1815,-15.8453],"tool":false,"touchDistance":0.333213,"touchZone":"hovering","type":3,"width":17.2336}],"r":[[-0.0140737,0.408456,0.91267],[-0.0841204,0.90904,-0.408129],[-0.996356,-0.0825181,0.0215659]],"s":1.26051,"t":[230.461,-81.1093,-145.911],"timestamp":747223604183},{"currentFrameRate":114.929,"devices":[],"gestures":[],"hands":[{"armBasis":[[0.405998,-0.753374,-0.517294],[0.867274,0.139181,0.477979],[-0.288099,-0.642694,0.709889]],"armWidth":59.9533,"confidence":1,"direction":[0.461408,0.316708,-0.828733],"elbow":[53.7279,-41.9458,307.654],"grabAngle":0.350097,"grabStrength":0,"id":765,"palmNormal":[-0.846047,-0.124082,-0.518466],"palmPosition":[149.783,147.698,75.8791],"palmVelocity":[-12.3296,-31.4805,-15.1943],"palmWidth":83.0304,"pinchDistance":61.1005,"pinchStrength":0,"r":[[-0.0132947,0.408517,0.912654],[-0.0838058,0.909068,-0.408132],[-0.996393,-0.0819117,0.0221503]],"s":1.2602,"sphereCenter":[50.4843,119.567,-6.00755],"sphereRadius":134.943,"stabilizedPalmPosition":[150.032,148.444,76.1913],"t":[230.363,-81.3927,-146.032],"timeVisible":3.75486,"type":"right","wrist":[124.71,116.402,132.751]}],"id":1349300,"interactionBox":{"center":[0,200,0],"size":[235.247,235.247,147.751]},"pointables":[{"bases":[[[0.954217,-0.205621,0.217234],[-0.0166139,0.688697,0.724859],[-0.298654,-0.695282,0.65375]],[[0.977802,-0.140251,0.155666],[-0.0510482,0.561087,0.826181],[-0.203215,-0.815789,0.541473]],[[0.977802,-0.140251,0.155666],[0.0453952,0.867089,0.496081],[-0.204552,-0.478003,0.854208]],[[0.977802,-0.140251,0.155666],[0.0739147,0.926059,0.370069],[-0.196059,-0.350349,0.915869]]],"btipPosition":[134.914,206.941,51.2355],"carpPosition":[115.514,148.291,120.253],"dipPosition":[130.889,199.748,70.0391],"direction":[0.204552,0.478003,-0.854208],"extended":true,"handId":765,"id":7650,"length":45.7193,"mcpPosition":[115.514,148.291,120.253],"pipPosition":[124.771,185.451,95.5889],"stabilizedTipPosition":[134.19,205.889,55.8476],"timeVisible":3.75486,"tipPosition":[129.43,206.345,54.9989],"tipVelocity":[-13.3085,-36.5241,-19.7636],"tool":false,"touchDistance":0.234515,"touchZone":"hovering","type":0,"width":19.3051},{"bases":[[[0.141726,-0.946053,-0.291372],[0.935826,0.0320905,0.350999],[-0.322713,-0.322419,0.889889]],[[0.0646292,-0.994585,-0.0813819],[0.931765,0.0309477,0.361741],[-0.357263,-0.0992078,0.92872]],[[0.0646292,-0.994585,-0.0813819],[0.974401,0.0452991,0.220208],[-0.215329,-0.0935304,0.972052]],[[0.0646292,-0.994585,-0.0813819],[0.991646,0.0548871,0.116726],[-0.111627,-0.0882459,0.989824]]],"btipPosition":[185.276,166.012,-20.3252],"carpPosition":[142.412,137.503,116.166],"dipPosition":[183.436,164.557,-4.00757],"direction":[0.215329,0.0935304,-0.972052],"extended":true,"handId":765,"id":7652,"length":58.7816,"mcpPosition":[162.958,158.029,59.5111],"pipPosition":[178.064,162.224,20.2412],"stabilizedTipPosition":[185.06,166.046,-16.3944],"timeVisible":3.75486,"tipPosition":[182.658,172.87,-15.7205],"tipVelocity":[-25.71,-40.6283,-21.5461],"tool":false,"touchDistance":0.333171,"touchZone":"hovering","type":2,"width":18.1108},{"bases":[[[-0.17447,-0.975751,-0.132173],[0.889349,-0.21377,0.404178],[-0.422632,-0.0470306,0.90508]],[[-0.140694,-0.969031,-0.20294],[0.961672,-0.182487,0.204661],[-0.235357,-0.166367,0.957564]],[[-0.140694,-0.969031,-0.20294],[0.989801,-0.133047,-0.0509151],[0.0223378,-0.208034,0.977867]],[[-0.140694,-0.969031,-0.20294],[0.977622,-0.103598,-0.18309],[0.156396,-0.224158,0.961922]]],"btipPosition":[168.059,130.105,-0.430656],"carpPosition":[141.144,115.497,108.486],"dipPosition":[170.424,126.715,14.1146],"direction":[-0.0223378,0.208034,-0.977867],"extended":true,"handId":765,"id":7654,"length":44.3107,"mcpPosition":[163.507,117.985,60.5955],"pipPosition":[170.807,123.146,30.8929],"stabilizedTipPosition":[168.899,129.828,3.12879],"timeVisible":3.75486,"tipPosition":[173.391,128.433,3.73454],"tipVelocity":[-19.4892,-34.3681,-15.3831],"tool":false,"touchDistance":0.333217,"touchZone":"hovering","type":4,"width":15.3082},{"bases":[[[0.340714,-0.873846,-0.346852],[0.89751,0.192445,0.396789],[-0.279983,-0.446495,0.849854]],[[0.217878,-0.97578,-0.0195669],[0.874962,0.186406,0.446872],[-0.432401,-0.114484,0.894384]],[[0.217878,-0.97578,-0.0195669],[0.922326,0.199304,0.331048],[-0.31913,-0.090175,0.943411]],[[0.217878,-0.97578,-0.0195669],[0.938336,0.203919,0.279183],[-0.268432,-0.0791882,0.960038]]],"btipPosition":[182.964,184.065,-5.29389],"carpPosition":[137.081,146.677,119.862],"dipPosition":[178.94,182.878,9.09555],"direction":[0.31913,0.090175,-0.943411],"extended":true,"handId":765,"id":7651,"length":51.5891,"mcpPosition":[155.877,176.652,62.8076],"pipPosition":[172.174,180.966,29.0992],"stabilizedTipPosition":[182.198,184.131,-1.81331],"timeVisible":3.75486,"tipPosition":[176.884,192.043,-1.80401],"tipVelocity":[-21.852,-40.383,-22.724],"tool":false,"touchDistance":0.333163,"touchZone":"hovering","type":1,"width":18.4403},{"bases":[[[0.0217384,-0.982897,-0.182867],[0.932796,-0.0458771,0.357474],[-0.359749,-0.178348,0.915845]],[[0.00328577,-0.990741,-0.135723],[0.964207,-0.0328459,0.263109],[-0.265131,-0.131729,0.955172]],[[0.00328577,-0.990741,-0.135723],[0.998127,-0.00504088,0.0609613],[-0.061081,-0.135669,0.98887]],[[0.00328577,-0.990741,-0.135723],[0.998719,0.0101051,-0.0495861],[0.0504985,-0.135386,0.989505]]],"btipPosition":[176.616,148.09,-17.5005],"carpPosition":[145.004,127.217,112.538],"dipPosition":[177.444,145.871,-1.28193],"direction":[0.061081,0.135669,-0.98887],"extended":true,"handId":765,"id":7653,"length":56.5201,"mcpPosition":[165.567,137.411,60.1875],"pipPosition":[175.959,142.574,22.7493],"stabilizedTipPosition":[177.066,148.012,-13.5773],"timeVisible":3.75486,"tipPosition":[179.123,151.044,-12.5077],"tipVelocity":[-24.1711,-37.8888,-18.3674],"tool":false,"touchDistance":0.333195,"touchZone":"hovering","type":3,"width":17.2336}],"r":[[-0.0132947,0.408517,0.912654],[-0.0838058,0.909068,-0.408132],[-0.996393,-0.0819117,0.0221503]],"s":1.2602,"t":[230.363,-81.3927,-146.032],"timestamp":747223612824},{"currentFrameRate":114.949,"devices":[],"gestures":[],"hands":[{"armBasis":[[0.40451,-0.754454,-0.516886],[0.867801,0.138292,0.477281],[-0.288605,-0.641619,0.710656]],"armWidth":59.9533,"confidence":1,"direction":[0.461309,0.31657,-0.828841],"elbow":[53.5029,-41.9212,307.767],"grabAngle":0.349528,"grabStrength":0,"id":765,"palmNormal":[-0.846418,-0.123078,-0.518101],"palmPosition":[149.687,147.443,75.7951],"palmVelocity":[-11.129,-29.4715,-9.69004],"palmWidth":83.0304,"pinchDistance":61.0883,"pinchStrength":0,"r":[[-0.0125044,0.4085,0.912673],[-0.0834191,0.909136,-0.40806],[-0.996436,-0.0812369,0.0227085]],"s":1.25986,"sphereCenter":[50.0884,119.418,-6.13074],"sphereRadius":135.164,"stabilizedPalmPosition":[149.945,148.193,76.092],"t":[230.266,-81.6621,-146.134],"timeVisible":3.76353,"type":"right","wrist":[124.61,116.161,132.674]}],"id":1349301,"interactionBox":{"center":[0,200,0],"size":[235.247,235.247,147.751]},"pointables":[{"bases":[[[0.954124,-0.206617,0.216694],[-0.0156004,0.688446,0.72512],[-0.299005,-0.695235,0.653639]],[[0.977756,-0.141203,0.155097],[-0.0500861,0.560877,0.826383],[-0.203678,-0.815769,0.541328]],[[0.977756,-0.141203,0.155097],[0.0465667,0.867135,0.495891],[-0.204511,-0.477638,0.854422]],[[0.977756,-0.141203,0.155097],[0.0751663,0.926228,0.369393],[-0.195815,-0.349519,0.916239]]],"btipPosition":[134.855,206.674,51.161],"carpPosition":[115.44,148.052,120.186],"dipPosition":[130.834,199.498,69.9722],"direction":[0.204511,0.477638,-0.854422],"extended":true,"handId":765,"id":7650,"length":45.7193,"mcpPosition":[115.44,148.052,120.186],"pipPosition":[124.717,185.211,95.5284],"stabilizedTipPosition":[134.108,205.617,55.7343],"timeVisible":3.76353,"tipPosition":[129.391,206.114,54.9478],"tipVelocity":[-6.73068,-30.4372,-8.3978],"tool":false,"touchDistance":0.233302,"touchZone":"hovering","type":0,"width":19.3051},{"bases":[[[0.140675,-0.946081,-0.291789],[0.936026,0.0310623,0.350556],[-0.322591,-0.322436,0.889927]],[[0.0636494,-0.994613,-0.0818204],[0.932062,0.0299444,0.36106],[-0.356665,-0.0992429,0.928946]],[[0.0636494,-0.994613,-0.0818204],[0.974503,0.0442675,0.219964],[-0.215157,-0.0937348,0.972071]],[[0.0636494,-0.994613,-0.0818204],[0.991718,0.0538733,0.116588],[-0.111552,-0.0885635,0.989804]]],"btipPosition":[185.151,165.762,-20.4214],"carpPosition":[142.326,137.239,116.082],"dipPosition":[183.312,164.302,-4.10415],"direction":[0.215157,0.0937348,-0.972071],"extended":true,"handId":765,"id":7652,"length":58.7816,"mcpPosition":[162.863,157.767,59.4246],"pipPosition":[177.945,161.964,20.1451],"stabilizedTipPosition":[184.907,165.761,-16.5206],"timeVisible":3.76353,"tipPosition":[182.541,172.615,-15.8114],"tipVelocity":[-14.4274,-29.0111,-11.117],"tool":false,"touchDistance":0.333245,"touchZone":"hovering","type":2,"width":18.1108},{"bases":[[[-0.175472,-0.975534,-0.132447],[0.88934,-0.214773,0.403668],[-0.422238,-0.0469582,0.905268]],[[-0.141454,-0.968744,-0.203781],[0.961673,-0.183315,0.203912],[-0.234895,-0.167127,0.957545]],[[-0.141454,-0.968744,-0.203781],[0.989696,-0.13377,-0.0510705],[0.0222144,-0.208906,0.977683]],[[-0.141454,-0.968744,-0.203781],[0.977621,-0.10432,-0.18269],[0.155721,-0.225063,0.96182]]],"btipPosition":[167.925,129.894,-0.526951],"carpPosition":[141.033,115.238,108.394],"dipPosition":[170.28,126.491,14.0168],"direction":[-0.0222144,0.208906,-0.977683],"extended":true,"handId":765,"id":7654,"length":44.3107,"mcpPosition":[163.374,117.723,60.494],"pipPosition":[170.661,122.907,30.7919],"stabilizedTipPosition":[168.748,129.578,3.02036],"timeVisible":3.76353,"tipPosition":[173.23,128.183,3.63012],"tipVelocity":[-15.783,-24.6777,-11.154],"tool":false,"touchDistance":0.333247,"touchZone":"hovering","type":4,"width":15.3082},{"bases":[[[0.339706,-0.874045,-0.347339],[0.897887,0.191436,0.396423],[-0.279999,-0.446539,0.849826]],[[0.216919,-0.975985,-0.0200047],[0.875545,0.185452,0.446126],[-0.431703,-0.114288,0.894746]],[[0.216919,-0.975985,-0.0200047],[0.922594,0.19827,0.330923],[-0.319009,-0.0902397,0.943446]],[[0.216919,-0.975985,-0.0200047],[0.938554,0.202877,0.279208],[-0.268444,-0.0793412,0.960022]]],"btipPosition":[182.86,183.805,-5.3843],"carpPosition":[137.005,146.417,119.783],"dipPosition":[178.837,182.616,9.0049],"direction":[0.319009,0.0902397,-0.943446],"extended":true,"handId":765,"id":7651,"length":51.5891,"mcpPosition":[155.802,176.395,62.7313],"pipPosition":[172.072,180.703,29.0093],"stabilizedTipPosition":[182.073,183.848,-1.93704],"timeVisible":3.76353,"tipPosition":[176.795,191.787,-1.88488],"tipVelocity":[-11.9683,-30.08,-10.4405],"tool":false,"touchDistance":0.333249,"touchZone":"hovering","type":1,"width":18.4403},{"bases":[[[0.0207054,-0.98285,-0.183239],[0.932925,-0.0469047,0.357004],[-0.359476,-0.17834,0.915954]],[[0.00236401,-0.99066,-0.136335],[0.964378,-0.0338047,0.262359],[-0.264517,-0.132099,0.955291]],[[0.00236401,-0.99066,-0.136335],[0.998131,-0.00598784,0.0608172],[-0.0610655,-0.136224,0.988794]],[[0.00236401,-0.99066,-0.136335],[0.998737,0.00918263,-0.0494065],[0.050197,-0.136046,0.98943]]],"btipPosition":[176.482,147.864,-17.5975],"carpPosition":[144.906,126.952,112.448],"dipPosition":[177.305,145.635,-1.38018],"direction":[0.0610655,0.136224,-0.988794],"extended":true,"handId":765,"id":7653,"length":56.5201,"mcpPosition":[165.453,137.146,60.0921],"pipPosition":[175.821,142.324,22.6492],"stabilizedTipPosition":[176.906,147.744,-13.695],"timeVisible":3.76353,"tipPosition":[178.984,150.788,-12.6064],"tipVelocity":[-15.5303,-26.3636,-11.2296],"tool":false,"touchDistance":0.333245,"touchZone":"hovering","type":3,"width":17.2336}],"r":[[-0.0125044,0.4085,0.912673],[-0.0834191,0.909136,-0.40806],[-0.996436,-0.0812369,0.0227085]],"s":1.25986,"t":[230.266,-81.6621,-146.134],"timestamp":747223621489},{"currentFrameRate":114.657,"devices":[],"gestures":[],"hands":[{"armBasis":[[0.402197,-0.755907,-0.516568],[0.868709,0.136913,0.476024],[-0.289105,-0.640203,0.711729]],"armWidth":59.9533,"confidence":1,"direction":[0.461406,0.316185,-0.828934],"elbow":[53.2441,-41.8239,307.937],"grabAngle":0.349121,"grabStrength":0,"id":765,"palmNormal":[-0.846897,-0.121403,-0.517713],"palmPosition":[149.571,147.162,75.6927],"palmVelocity":[-12.5767,-30.4807,-11.1088],"palmWidth":83.0304,"pinchDistance":61.0754,"pinchStrength":0,"r":[[-0.0116379,0.408404,0.912727],[-0.0828456,0.909257,-0.407907],[-0.996494,-0.0803627,0.0232526]],"s":1.25951,"sphereCenter":[49.7307,119.319,-6.24801],"sphereRadius":135.313,"stabilizedPalmPosition":[149.849,147.928,75.9895],"t":[230.16,-81.9373,-146.236],"timeVisible":3.77275,"type":"right","wrist":[124.474,115.91,132.581]}],"id":1349302,"interactionBox":{"center":[0,200,0],"size":[235.247,235.247,147.751]},"pointables":[{"bases":[[[0.953888,-0.208331,0.216093],[-0.0140559,0.688126,0.725455],[-0.299834,-0.69504,0.653467]],[[0.977619,-0.142854,0.154445],[-0.0486708,0.560629,0.826635],[-0.204674,-0.815652,0.541129]],[[0.977619,-0.142854,0.154445],[0.0483968,0.867137,0.495713],[-0.204739,-0.477144,0.854644]],[[0.977619,-0.142854,0.154445],[0.0771189,0.926353,0.368676],[-0.195737,-0.348515,0.916638]]],"btipPosition":[134.814,206.389,51.0712],"carpPosition":[115.348,147.808,120.102],"dipPosition":[130.795,199.233,69.8906],"direction":[0.204739,0.477144,-0.854644],"extended":true,"handId":765,"id":7650,"length":45.7193,"mcpPosition":[115.348,147.808,120.102],"pipPosition":[124.671,184.962,95.4534],"stabilizedTipPosition":[134.037,205.333,55.6257],"timeVisible":3.77275,"tipPosition":[129.376,205.874,54.8854],"tipVelocity":[-4.39012,-30.4037,-9.53845],"tool":false,"touchDistance":0.231837,"touchZone":"hovering","type":0,"width":19.3051},{"bases":[[[0.138924,-0.946179,-0.292312],[0.936262,0.0293154,0.350077],[-0.322666,-0.322314,0.889944]],[[0.0619532,-0.994672,-0.0823969],[0.932338,0.0282087,0.360486],[-0.356241,-0.099155,0.929118]],[[0.0619532,-0.994672,-0.0823969],[0.97464,0.0425057,0.219703],[-0.21503,-0.0939187,0.972081]],[[0.0619532,-0.994672,-0.0823969],[0.991852,0.0521487,0.116237],[-0.111321,-0.0889267,0.989798]]],"btipPosition":[185.019,165.473,-20.5333],"carpPosition":[142.214,136.952,115.978],"dipPosition":[183.184,164.007,-4.21615],"direction":[0.21503,0.0939187,-0.972081],"extended":true,"handId":765,"id":7652,"length":58.7816,"mcpPosition":[162.756,157.472,59.3201],"pipPosition":[177.82,161.665,20.0333],"stabilizedTipPosition":[184.762,165.468,-16.6423],"timeVisible":3.77275,"tipPosition":[182.421,172.319,-15.9196],"tipVelocity":[-14.2284,-31.4569,-12.1392],"tool":false,"touchDistance":0.333236,"touchZone":"hovering","type":2,"width":18.1108},{"bases":[[[0.338047,-0.874452,-0.347933],[0.898417,0.189732,0.39604],[-0.280304,-0.446469,0.849761]],[[0.215275,-0.976336,-0.0206165],[0.876236,0.183797,0.445455],[-0.431124,-0.11396,0.895067]],[[0.215275,-0.976336,-0.0206165],[0.923013,0.196533,0.330789],[-0.318909,-0.0902398,0.94348]],[[0.215275,-0.976336,-0.0206165],[0.938957,0.20114,0.279109],[-0.268357,-0.0794431,0.960038]]],"btipPosition":[182.761,183.509,-5.48925],"carpPosition":[136.91,146.137,119.687],"dipPosition":[178.739,182.318,8.90019],"direction":[0.318909,0.0902398,-0.94348],"extended":true,"handId":765,"id":7651,"length":51.5891,"mcpPosition":[155.728,176.11,62.6394],"pipPosition":[171.977,180.405,28.9053],"stabilizedTipPosition":[181.959,183.554,-2.05353],"timeVisible":3.77275,"tipPosition":[176.714,191.495,-1.98061],"tipVelocity":[-10.7256,-32.1466,-11.3778],"tool":false,"touchDistance":0.333242,"touchZone":"hovering","type":1,"width":18.4403},{"bases":[[[0.0189493,-0.982797,-0.183716],[0.933032,-0.0486493,0.356489],[-0.359294,-0.178168,0.916059]],[[0.000711876,-0.990565,-0.137043],[0.964498,-0.0355117,0.261693],[-0.26409,-0.132364,0.955372]],[[0.000711876,-0.990565,-0.137043],[0.998135,-0.0076623,0.0605687],[-0.0610473,-0.136831,0.988712]],[[0.000711876,-0.990565,-0.137043],[0.998749,0.00755692,-0.0494342],[0.0500034,-0.136837,0.989331]]],"btipPosition":[176.327,147.602,-17.7127],"carpPosition":[144.774,126.662,112.339],"dipPosition":[177.146,145.36,-1.49698],"direction":[0.0610473,0.136831,-0.988712],"extended":true,"handId":765,"id":7653,"length":56.5201,"mcpPosition":[165.312,136.846,59.9765],"pipPosition":[175.663,142.034,22.5304],"stabilizedTipPosition":[176.745,147.473,-13.8137],"timeVisible":3.77275,"tipPosition":[178.824,150.495,-12.7244],"tipVelocity":[-16.9621,-28.7445,-12.5331],"tool":false,"touchDistance":0.333233,"touchZone":"hovering","type":3,"width":17.2336},{"bases":[[[-0.177189,-0.975174,-0.132817],[0.889188,-0.216466,0.403096],[-0.421839,-0.0466755,0.905468]],[[-0.142957,-0.968338,-0.204657],[0.961513,-0.184903,0.203235],[-0.234642,-0.167727,0.957502]],[[-0.142957,-0.968338,-0.204657],[0.989483,-0.135222,-0.0513702],[0.0220696,-0.209849,0.977485]],[[-0.142957,-0.968338,-0.204657],[0.977498,-0.105731,-0.182534],[0.155116,-0.226147,0.961663]]],"btipPosition":[167.754,129.649,-0.643576],"carpPosition":[140.88,114.956,108.281],"dipPosition":[170.1,126.229,13.8978],"direction":[-0.0220696,0.209849,-0.977485],"extended":true,"handId":765,"id":7654,"length":44.3107,"mcpPosition":[163.2,117.426,60.3702],"pipPosition":[170.479,122.628,30.6695],"stabilizedTipPosition":[168.587,129.324,2.90713],"timeVisible":3.77275,"tipPosition":[173.034,127.899,3.50447],"tipVelocity":[-18.7135,-27.0526,-12.7095],"tool":false,"touchDistance":0.333231,"touchZone":"hovering","type":4,"width":15.3082}],"r":[[-0.0116379,0.408404,0.912727],[-0.0828456,0.909257,-0.407907],[-0.996494,-0.0803627,0.0232526]],"s":1.25951,"t":[230.16,-81.9373,-146.236],"timestamp":747223630708},{"currentFrameRate":114.64,"devices":[],"gestures":[],"hands":[{"armBasis":[[0.399796,-0.757594,-0.51596],[0.869649,0.135659,0.474665],[-0.289608,-0.638473,0.713077]],"armWidth":59.9533,"confidence":1,"direction":[0.461879,0.315889,-0.828784],"elbow":[52.9385,-41.6432,308.159],"grabAngle":0.348901,"grabStrength":0,"id":765,"palmNormal":[-0.847141,-0.119664,-0.517719],"palmPosition":[149.431,146.889,75.5839],"palmVelocity":[-15.9492,-31.1769,-12.4308],"palmWidth":83.0304,"pinchDistance":61.0644,"pinchStrength":0,"r":[[-0.0107925,0.408223,0.912819],[-0.0820847,0.909429,-0.407678],[-0.996567,-0.0793283,0.0236938]],"s":1.25914,"sphereCenter":[49.2041,119.242,-6.46861],"sphereRadius":135.622,"stabilizedPalmPosition":[149.75,147.682,75.8934],"t":[230.037,-82.2114,-146.341],"timeVisible":3.7815,"type":"right","wrist":[124.292,115.664,132.47]}],"id":1349303,"interactionBox":{"center":[0,200,0],"size":[235.247,235.247,147.751]},"pointables":[{"bases":[[[0.95355,-0.210074,0.215897],[-0.0128349,0.687723,0.72586],[-0.300962,-0.694914,0.653082]],[[0.977429,-0.144461,0.154154],[-0.0476014,0.560319,0.826908],[-0.205831,-0.815582,0.540796]],[[0.977429,-0.144461,0.154154],[0.0499593,0.867032,0.495741],[-0.205272,-0.47685,0.85468]],[[0.977429,-0.144461,0.154154],[0.0788139,0.926336,0.368361],[-0.196012,-0.347897,0.916813]]],"btipPosition":[134.753,206.123,50.9759],"carpPosition":[115.213,147.567,119.996],"dipPosition":[130.729,198.98,69.7989],"direction":[0.205272,0.47685,-0.85468],"extended":true,"handId":765,"id":7650,"length":45.7193,"mcpPosition":[115.213,147.567,119.996],"pipPosition":[124.589,184.718,95.3628],"stabilizedTipPosition":[133.974,205.076,55.529],"timeVisible":3.7815,"tipPosition":[129.346,205.644,54.8139],"tipVelocity":[-7.09972,-30.0103,-10.7927],"tool":false,"touchDistance":0.230262,"touchZone":"hovering","type":0,"width":19.3051},{"bases":[[[0.137298,-0.946241,-0.292878],[0.936337,0.0275232,0.350022],[-0.323144,-0.322289,0.889779]],[[0.0602787,-0.994722,-0.0830325],[0.932545,0.0264536,0.360084],[-0.355987,-0.0991369,0.929218]],[[0.0602787,-0.994722,-0.0830325],[0.974747,0.0407403,0.219567],[-0.215025,-0.0941708,0.972058]],[[0.0602787,-0.994722,-0.0830325],[0.991962,0.0504236,0.116059],[-0.11126,-0.0893609,0.989766]]],"btipPosition":[184.884,165.2,-20.6402],"carpPosition":[142.06,136.668,115.864],"dipPosition":[183.049,163.727,-4.32353],"direction":[0.215025,0.0941708,-0.972058],"extended":true,"handId":765,"id":7652,"length":58.7816,"mcpPosition":[162.633,157.186,59.2164],"pipPosition":[177.685,161.378,19.9254],"stabilizedTipPosition":[184.63,165.202,-16.7499],"timeVisible":3.7815,"tipPosition":[182.32,172.034,-16.0173],"tipVelocity":[-15.4295,-31.3726,-12.222],"tool":false,"touchDistance":0.333239,"touchZone":"hovering","type":2,"width":18.1108},{"bases":[[[0.336538,-0.87482,-0.348472],[0.898768,0.187976,0.396083],[-0.280996,-0.446492,0.849521]],[[0.213619,-0.976687,-0.0212081],[0.876878,0.182129,0.444874],[-0.43064,-0.113631,0.895342]],[[0.213619,-0.976687,-0.0212081],[0.923397,0.194782,0.330752],[-0.31891,-0.0902386,0.943479]],[[0.213619,-0.976687,-0.0212081],[0.939319,0.199385,0.279152],[-0.268415,-0.0795535,0.960013]]],"btipPosition":[182.652,183.223,-5.5915],"carpPosition":[136.772,145.86,119.579],"dipPosition":[178.629,182.03,8.79756],"direction":[0.31891,0.0902387,-0.943479],"extended":true,"handId":765,"id":7651,"length":51.5891,"mcpPosition":[155.637,175.834,62.5471],"pipPosition":[171.867,180.117,28.8027],"stabilizedTipPosition":[181.855,183.282,-2.15608],"timeVisible":3.7815,"tipPosition":[176.654,191.206,-2.06586],"tipVelocity":[-12.4614,-32.7741,-11.6918],"tool":false,"touchDistance":0.333243,"touchZone":"hovering","type":1,"width":18.4403},{"bases":[[[0.0172699,-0.982719,-0.184294],[0.932975,-0.0504396,0.356389],[-0.359526,-0.178097,0.915982]],[[-0.000891588,-0.990453,-0.137845],[0.964538,-0.0372346,0.261303],[-0.263941,-0.132723,0.955364]],[[-0.000891588,-0.990453,-0.137845],[0.998115,-0.00933991,0.0606541],[-0.0613625,-0.137531,0.988595]],[[-0.000891588,-0.990453,-0.137845],[0.998776,0.00593558,-0.049109],[0.0494584,-0.13772,0.989236]]],"btipPosition":[176.179,147.358,-17.824],"carpPosition":[144.603,126.376,112.218],"dipPosition":[176.99,145.1,-1.60987],"direction":[0.0613625,0.137531,-0.988595],"extended":true,"handId":765,"id":7653,"length":56.5201,"mcpPosition":[165.153,136.556,59.8604],"pipPosition":[175.499,141.758,22.4146],"stabilizedTipPosition":[176.6,147.231,-13.9211],"timeVisible":3.7815,"tipPosition":[178.681,150.22,-12.835],"tipVelocity":[-17.0921,-28.3446,-12.7607],"tool":false,"touchDistance":0.333235,"touchZone":"hovering","type":3,"width":17.2336},{"bases":[[[-0.178851,-0.974794,-0.133376],[0.888851,-0.218209,0.402901],[-0.421849,-0.0464921,0.905473]],[[-0.144393,-0.967911,-0.205666],[0.961296,-0.186499,0.202802],[-0.234651,-0.168423,0.957378]],[[-0.144393,-0.967911,-0.205666],[0.989284,-0.136667,-0.0513683],[0.0216122,-0.21088,0.977273]],[[-0.144393,-0.967911,-0.205666],[0.977443,-0.107142,-0.182006],[0.15413,-0.227307,0.961548]]],"btipPosition":[167.586,129.418,-0.761648],"carpPosition":[140.688,114.679,108.154],"dipPosition":[169.917,125.981,13.778],"direction":[-0.0216122,0.21088,-0.977273],"extended":true,"handId":765,"id":7654,"length":44.3107,"mcpPosition":[163.009,117.139,60.2429],"pipPosition":[170.288,122.363,30.546],"stabilizedTipPosition":[168.435,129.097,2.80099],"timeVisible":3.7815,"tipPosition":[172.847,127.631,3.38108],"tipVelocity":[-19.6016,-26.7505,-13.5351],"tool":false,"touchDistance":0.33323,"touchZone":"hovering","type":4,"width":15.3082}],"r":[[-0.0107925,0.408223,0.912819],[-0.0820847,0.909429,-0.407678],[-0.996567,-0.0793283,0.0236938]],"s":1.25914,"t":[230.037,-82.2114,-146.341],"timestamp":747223639461},{"currentFrameRate":114.996,"devices":[],"gestures":[],"hands":[{"armBasis":[[0.397021,-0.759525,-0.515263],[0.870686,0.134106,0.473204],[-0.29031,-0.636504,0.714551]],"armWidth":59.9533,"confidence":1,"direction":[0.462774,0.315631,-0.828382],"elbow":[52.5486,-41.4164,308.391],"grabAngle":0.348412,"grabStrength":0,"id":765,"palmNormal":[-0.847239,-0.117461,-0.518063],"palmPosition":[149.286,146.605,75.4689],"palmVelocity":[-17.9767,-35.1214,-14.2139],"palmWidth":83.0304,"pinchDistance":61.0593,"pinchStrength":0,"r":[[-0.00999884,0.407926,0.91296],[-0.0810737,0.909669,-0.407344],[-0.996658,-0.07809,0.0239765]],"s":1.25884,"sphereCenter":[48.6756,119.22,-6.75157],"sphereRadius":135.952,"stabilizedPalmPosition":[149.651,147.452,75.8026],"t":[229.902,-82.4904,-146.452],"timeVisible":3.78959,"type":"right","wrist":[124.076,115.406,132.339]}],"id":1349304,"interactionBox":{"center":[0,200,0],"size":[235.247,235.247,147.751]},"pointables":[{"bases":[[[0.953049,-0.212241,0.215991],[-0.0116127,0.687131,0.72644],[-0.302595,-0.694841,0.652405]],[[0.977134,-0.146451,0.154146],[-0.0466119,0.559794,0.82732],[-0.207452,-0.815587,0.540167]],[[0.977134,-0.146451,0.154146],[0.0515863,0.8666,0.496331],[-0.206271,-0.47703,0.854339]],[[0.977134,-0.146451,0.154146],[0.0805339,0.925875,0.369148],[-0.196782,-0.348293,0.916498]]],"btipPosition":[134.716,205.886,50.897],"carpPosition":[115.056,147.317,119.872],"dipPosition":[130.676,198.736,69.7135],"direction":[0.206271,0.47703,-0.854339],"extended":true,"handId":765,"id":7650,"length":45.7193,"mcpPosition":[115.056,147.317,119.872],"pipPosition":[124.506,184.467,95.2672],"stabilizedTipPosition":[133.922,204.847,55.4455],"timeVisible":3.78959,"tipPosition":[129.336,205.418,54.7439],"tipVelocity":[-5.04328,-29.5127,-9.93973],"tool":false,"touchDistance":0.228922,"touchZone":"hovering","type":0,"width":19.3051},{"bases":[[[0.135413,-0.946275,-0.293643],[0.936291,0.0252772,0.350313],[-0.32407,-0.322372,0.889412]],[[0.0582978,-0.994756,-0.0840367],[0.932594,0.0242325,0.360114],[-0.356189,-0.0993659,0.929116]],[[0.0582978,-0.994756,-0.0840367],[0.974755,0.0385465,0.219925],[-0.215533,-0.0947363,0.97189]],[[0.0582978,-0.994756,-0.0840367],[0.99201,0.0482904,0.116555],[-0.111885,-0.0901601,0.989623]]],"btipPosition":[184.796,164.94,-20.7318],"carpPosition":[141.882,136.365,115.738],"dipPosition":[182.951,163.453,-4.41748],"direction":[0.215533,0.0947363,-0.97189],"extended":true,"handId":765,"id":7652,"length":58.7816,"mcpPosition":[162.514,156.889,59.1139],"pipPosition":[177.575,161.09,19.8272],"stabilizedTipPosition":[184.526,164.958,-16.8425],"timeVisible":3.78959,"tipPosition":[182.255,171.751,-16.1024],"tipVelocity":[-11.1463,-32.6066,-11.3909],"tool":false,"touchDistance":0.333252,"touchZone":"hovering","type":2,"width":18.1108},{"bases":[[[0.334817,-0.875222,-0.34912],[0.899043,0.185769,0.3965],[-0.282169,-0.446628,0.84906]],[[0.211671,-0.97709,-0.0221657],[0.877408,0.179989,0.444702],[-0.430524,-0.113579,0.895404]],[[0.211671,-0.97709,-0.0221657],[0.923684,0.192588,0.331237],[-0.319379,-0.0905874,0.943287]],[[0.211671,-0.97709,-0.0221657],[0.939603,0.197204,0.279742],[-0.268962,-0.0800404,0.959819]]],"btipPosition":[182.584,182.949,-5.67546],"carpPosition":[136.612,145.564,119.459],"dipPosition":[178.553,181.75,8.7107],"direction":[0.319379,0.0905874,-0.943287],"extended":true,"handId":765,"id":7651,"length":51.5891,"mcpPosition":[155.555,175.548,62.4586],"pipPosition":[171.781,179.829,28.7118],"stabilizedTipPosition":[181.773,183.031,-2.24306],"timeVisible":3.78959,"tipPosition":[176.631,190.917,-2.13572],"tipVelocity":[-8.60091,-33.9896,-10.463],"tool":false,"touchDistance":0.333258,"touchZone":"hovering","type":1,"width":18.4403},{"bases":[[[0.015278,-0.982596,-0.185125],[0.932766,-0.0526839,0.356613],[-0.360159,-0.178126,0.915727]],[[-0.00280626,-0.990294,-0.13896],[0.964443,-0.0394045,0.261337],[-0.264276,-0.133286,0.955193]],[[-0.00280626,-0.990294,-0.13896],[0.998055,-0.0114276,0.0612831],[-0.0622762,-0.138518,0.9884]],[[-0.00280626,-0.990294,-0.13896],[0.99884,0.00390282,-0.0479845],[0.0480611,-0.138934,0.989135]]],"btipPosition":[176.075,147.12,-17.9302],"carpPosition":[144.404,126.071,112.085],"dipPosition":[176.863,144.843,-1.71767],"direction":[0.0622762,0.138518,-0.9884],"extended":true,"handId":765,"id":7653,"length":56.5201,"mcpPosition":[164.991,136.253,59.7412],"pipPosition":[175.349,141.477,22.3021],"stabilizedTipPosition":[176.481,147.011,-14.0181],"timeVisible":3.78959,"tipPosition":[178.564,149.945,-12.9407],"tipVelocity":[-13.5281,-29.9254,-13.1707],"tool":false,"touchDistance":0.33324,"touchZone":"hovering","type":3,"width":17.2336},{"bases":[[[-0.180841,-0.974306,-0.134256],[0.888279,-0.220401,0.40297],[-0.422206,-0.0463834,0.905313]],[[-0.146182,-0.967386,-0.20687],[0.960904,-0.18856,0.202752],[-0.235147,-0.169144,0.957129]],[[-0.146182,-0.967386,-0.20687],[0.98904,-0.13853,-0.0510843],[0.0207606,-0.21207,0.977034]],[[-0.146182,-0.967386,-0.20687],[0.977425,-0.108993,-0.180999],[0.152548,-0.228659,0.96148]]],"btipPosition":[167.437,129.182,-0.88516],"carpPosition":[140.466,114.385,108.009],"dipPosition":[169.744,125.725,13.6534],"direction":[-0.0207606,0.21207,-0.977034],"extended":true,"handId":765,"id":7654,"length":44.3107,"mcpPosition":[162.806,11