{"frames":293,"data":[{"currentFrameRate":115.284,"devices":[],"gestures":[],"hands":[],"id":118059,"interactionBox":{"center":[0,200,0],"size":[235.247,235.247,147.751]},"pointables":[],"r":[[0.568661,-0.422268,-0.705914],[-0.428002,0.580966,-0.69231],[0.702452,0.695822,0.149641]],"s":-1.59982,"t":[-40.1549,-110.521,301.701],"timestamp":208394087473},{"currentFrameRate":115.287,"devices":[],"gestures":[],"hands":[],"id":118060,"interactionBox":{"center":[0,200,0],"size":[235.247,235.247,147.751]},"pointables":[],"r":[[0.568661,-0.422268,-0.705914],[-0.428002,0.580966,-0.69231],[0.702452,0.695822,0.149641]],"s":-1.59982,"t":[-40.1549,-110.521,301.701],"timestamp":208394096143},{"currentFrameRate":115.287,"devices":[],"gestures":[],"hands":[],"id":118061,"interactionBox":{"center":[0,200,0],"size":[235.247,235.247,147.751]},"pointables":[],"r":[[0.568661,-0.422268,-0.705914],[-0.428002,0.580966,-0.69231],[0.702452,0.695822,0.149641]],"s":-1.59982,"t":[-40.1549,-110.521,301.701],"timestamp":208394104816},{"currentFrameRate":115.286,"devices":[],"gestures":[],"hands":[],"id":118062,"interactionBox":{"center":[0,200,0],"size":[235.247,235.247,147.751]},"pointables":[],"r":[[0.568661,-0.422268,-0.705914],[-0.428002,0.580966,-0.69231],[0.702452,0.695822,0.149641]],"s":-1.59982,"t":[-40.1549,-110.521,301.701],"timestamp":208394113492},{"currentFrameRate":115.282,"devices":[],"gestures":[],"hands":[],"id":118063,"interactionBox":{"center":[0,200,0],"size":[235.247,235.247,147.751]},"pointables":[],"r":[[0.568661,-0.422268,-0.705914],[-0.428002,0.580966,-0.69231],[0.702452,0.695822,0.149641]],"s":-1.59982,"t":[-40.1549,-110.521,301.701],"timestamp":208394122174},{"currentFrameRate":115.261,"devices":[],"gestures":[],"hands":[],"id":118064,"interactionBox":{"center":[0,200,0],"size":[235.247,235.247,147.751]},"pointables":[],"r":[[0.568661,-0.422268,-0.705914],[-0.428002,0.580966,-0.69231],[0.702452,0.695822,0.149641]],"s":-1.59982,"t":[-40.1549,-110.521,301.701],"timestamp":208394130885},{"currentFrameRate":105.874,"devices":[],"gestures":[],"hands":[],"id":118065,"interactionBox":{"center":[0,200,0],"size":[235.247,235.247,147.751]},"pointables":[],"r":[[0.568661,-0.422268,-0.705914],[-0.428002,0.580966,-0.69231],[0.702452,0.695822,0.149641]],"s":-1.59982,"t":[-40.1549,-110.521,301.701],"timestamp":208394156938},{"currentFrameRate":106.313,"devices":[],"gestures":[],"hands":[],"id":118066,"interactionBox":{"center":[0,200,0],"size":[235.247,235.247,147.751]},"pointables":[],"r":[[0.568661,-0.422268,-0.705914],[-0.428002,0.580966,-0.69231],[0.702452,0.695822,0.149641]],"s":-1.59982,"t":[-40.1549,-110.521,301.701],"timestamp":208394165537},{"currentFrameRate":106.692,"devices":[],"gestures":[],"hands":[],"id":118067,"interactionBox":{"center":[0,200,0],"size":[235.247,235.247,147.751]},"pointables":[],"r":[[0.568661,-0.422268,-0.705914],[-0.428002,0.580966,-0.69231],[0.702452,0.695822,0.149641]],"s":-1.59982,"t":[-40.1549,-110.521,301.701],"timestamp":208394174215},{"currentFrameRate":107.065,"devices":[],"gestures":[],"hands":[],"id":118068,"interactionBox":{"center":[0,200,0],"size":[235.247,235.247,147.751]},"pointables":[],"r":[[0.568661,-0.422268,-0.705914],[-0.428002,0.580966,-0.69231],[0.702452,0.695822,0.149641]],"s":-1.59982,"t":[-40.1549,-110.521,301.701],"timestamp":208394182872},{"currentFrameRate":107.381,"devices":[],"gestures":[],"hands":[],"id":118069,"interactionBox":{"center":[0,200,0],"size":[235.247,235.247,147.751]},"pointables":[],"r":[[0.568661,-0.422268,-0.705914],[-0.428002,0.580966,-0.69231],[0.702452,0.695822,0.149641]],"s":-1.59982,"t":[-40.1549,-110.521,301.701],"timestamp":208394191610},{"currentFrameRate":107.752,"devices":[],"gestures":[],"hands":[],"id":118070,"interactionBox":{"center":[0,200,0],"size":[235.247,235.247,147.751]},"pointables":[],"r":[[0.568661,-0.422268,-0.705914],[-0.428002,0.580966,-0.69231],[0.702452,0.695822,0.149641]],"s":-1.59982,"t":[-40.1549,-110.521,301.701],"timestamp":208394200216},{"currentFrameRate":108.074,"devices":[],"gestures":[],"hands":[],"id":118071,"interactionBox":{"center":[0,200,0],"size":[235.247,235.247,147.751]},"pointables":[],"r":[[0.568661,-0.422268,-0.705914],[-0.428002,0.580966,-0.69231],[0.702452,0.695822,0.149641]],"s":-1.59982,"t":[-40.1549,-110.521,301.701],"timestamp":208394208886},{"currentFrameRate":108.397,"devices":[],"gestures":[],"hands":[],"id":118072,"interactionBox":{"center":[0,200,0],"size":[235.247,235.247,147.751]},"pointables":[],"r":[[0.568661,-0.422268,-0.705914],[-0.428002,0.580966,-0.69231],[0.702452,0.695822,0.149641]],"s":-1.59982,"t":[-40.1549,-110.521,301.701],"timestamp":208394217529},{"currentFrameRate":108.636,"devices":[],"gestures":[],"hands":[],"id":118073,"interactionBox":{"center":[0,200,0],"size":[235.247,235.247,147.751]},"pointables":[],"r":[[0.568661,-0.422268,-0.705914],[-0.428002,0.580966,-0.69231],[0.702452,0.695822,0.149641]],"s":-1.59982,"t":[-40.1549,-110.521,301.701],"timestamp":208394226302},{"currentFrameRate":108.976,"devices":[],"gestures":[],"hands":[],"id":118074,"interactionBox":{"center":[0,200,0],"size":[235.247,235.247,147.751]},"pointables":[],"r":[[0.568661,-0.422268,-0.705914],[-0.428002,0.580966,-0.69231],[0.702452,0.695822,0.149641]],"s":-1.59982,"t":[-40.1549,-110.521,301.701],"timestamp":208394234869},{"currentFrameRate":109.183,"devices":[],"gestures":[],"hands":[],"id":118075,"interactionBox":{"center":[0,200,0],"size":[235.247,235.247,147.751]},"pointables":[],"r":[[0.568661,-0.422268,-0.705914],[-0.428002,0.580966,-0.69231],[0.702452,0.695822,0.149641]],"s":-1.59982,"t":[-40.1549,-110.521,301.701],"timestamp":208394243657},{"currentFrameRate":109.469,"devices":[],"gestures":[],"hands":[],"id":118076,"interactionBox":{"center":[0,200,0],"size":[235.247,235.247,147.751]},"pointables":[],"r":[[0.568661,-0.422268,-0.705914],[-0.428002,0.580966,-0.69231],[0.702452,0.695822,0.149641]],"s":-1.59982,"t":[-40.1549,-110.521,301.701],"timestamp":208394252280},{"currentFrameRate":109.696,"devices":[],"gestures":[],"hands":[],"id":118077,"interactionBox":{"center":[0,200,0],"size":[235.247,235.247,147.751]},"pointables":[],"r":[[0.568661,-0.422268,-0.705914],[-0.428002,0.580966,-0.69231],[0.702452,0.695822,0.149641]],"s":-1.59982,"t":[-40.1549,-110.521,301.701],"timestamp":208394260991},{"currentFrameRate":109.944,"devices":[],"gestures":[],"hands":[],"id":118078,"interactionBox":{"center":[0,200,0],"size":[235.247,235.247,147.751]},"pointables":[],"r":[[0.568661,-0.422268,-0.705914],[-0.428002,0.580966,-0.69231],[0.702452,0.695822,0.149641]],"s":-1.59982,"t":[-40.1549,-110.521,301.701],"timestamp":208394269645},{"currentFrameRate":110.186,"devices":[],"gestures":[],"hands":[],"id":118079,"interactionBox":{"center":[0,200,0],"size":[235.247,235.247,147.751]},"pointables":[],"r":[[0.568661,-0.422268,-0.705914],[-0.428002,0.580966,-0.69231],[0.702452,0.695822,0.149641]],"s":-1.59982,"t":[-40.1549,-110.521,301.701],"timestamp":208394278291},{"currentFrameRate":110.395,"devices":[],"gestures":[],"hands":[],"id":118080,"interactionBox":{"center":[0,200,0],"size":[235.247,235.247,147.751]},"pointables":[],"r":[[0.568661,-0.422268,-0.705914],[-0.428002,0.580966,-0.69231],[0.702452,0.695822,0.149641]],"s":-1.59982,"t":[-40.1549,-110.521,301.701],"timestamp":208394286979},{"currentFrameRate":110.6,"devices":[],"gestures":[],"hands":[],"id":118081,"interactionBox":{"center":[0,200,0],"size":[235.247,235.247,147.751]},"pointables":[],"r":[[0.568661,-0.422268,-0.705914],[-0.428002,0.580966,-0.69231],[0.702452,0.695822,0.149641]],"s":-1.59982,"t":[-40.1549,-110.521,301.701],"timestamp":208394295658},{"currentFrameRate":110.786,"devices":[],"gestures":[],"hands":[],"id":118082,"interactionBox":{"center":[0,200,0],"size":[235.247,235.247,147.751]},"pointables":[],"r":[[0.568661,-0.422268,-0.705914],[-0.428002,0.580966,-0.69231],[0.702452,0.695822,0.149641]],"s":-1.59982,"t":[-40.1549,-110.521,301.701],"timestamp":208394304355},{"currentFrameRate":110.987,"devices":[],"gestures":[],"hands":[],"id":118083,"interactionBox":{"center":[0,200,0],"size":[235.247,235.247,147.751]},"pointables":[],"r":[[0.568661,-0.422268,-0.705914],[-0.428002,0.580966,-0.69231],[0.702452,0.695822,0.149641]],"s":-1.59982,"t":[-40.1549,-110.521,301.701],"timestamp":208394313011},{"currentFrameRate":111.142,"devices":[],"gestures":[],"hands":[],"id":118084,"interactionBox":{"center":[0,200,0],"size":[235.247,235.247,147.751]},"pointables":[],"r":[[0.568661,-0.422268,-0.705914],[-0.428002,0.580966,-0.69231],[0.702452,0.695822,0.149641]],"s":-1.59982,"t":[-40.1549,-110.521,301.701],"timestamp":208394321736},{"currentFrameRate":111.351,"devices":[],"gestures":[],"hands":[],"id":118085,"interactionBox":{"center":[0,200,0],"size":[235.247,235.247,147.751]},"pointables":[],"r":[[0.568661,-0.422268,-0.705914],[-0.428002,0.580966,-0.69231],[0.702452,0.695822,0.149641]],"s":-1.59982,"t":[-40.1549,-110.521,301.701],"timestamp":208394330349},{"currentFrameRate":111.481,"devices":[],"gestures":[],"hands":[],"id":118086,"interactionBox":{"center":[0,200,0],"size":[235.247,235.247,147.751]},"pointables":[],"r":[[0.568661,-0.422268,-0.705914],[-0.428002,0.580966,-0.69231],[0.702452,0.695822,0.149641]],"s":-1.59982,"t":[-40.1549,-110.521,301.701],"timestamp":208394339091},{"currentFrameRate":111.712,"devices":[],"gestures":[],"hands":[],"id":118087,"interactionBox":{"center":[0,200,0],"size":[235.247,235.247,147.751]},"pointables":[],"r":[[0.568661,-0.422268,-0.705914],[-0.428002,0.580966,-0.69231],[0.702452,0.695822,0.149641]],"s":-1.59982,"t":[-40.1549,-110.521,301.701],"timestamp":208394347638},{"currentFrameRate":111.871,"devices":[],"gestures":[],"hands":[],"id":118088,"interactionBox":{"center":[0,200,0],"size":[235.247,235.247,147.751]},"pointables":[],"r":[[0.568661,-0.422268,-0.705914],[-0.428002,0.580966,-0.69231],[0.702452,0.695822,0.149641]],"s":-1.59982,"t":[-40.1549,-110.521,301.701],"timestamp":208394356299},{"currentFrameRate":111.967,"devices":[],"gestures":[],"hands":[],"id":118089,"interactionBox":{"center":[0,200,0],"size":[235.247,235.247,147.751]},"pointables":[],"r":[[0.568661,-0.422268,-0.705914],[-0.428002,0.580966,-0.69231],[0.702452,0.695822,0.149641]],"s":-1.59982,"t":[-40.1549,-110.521,301.701],"timestamp":208394365062},{"currentFrameRate":112.111,"devices":[],"gestures":[],"hands":[],"id":118090,"interactionBox":{"center":[0,200,0],"size":[235.247,235.247,147.751]},"pointables":[],"r":[[0.568661,-0.422268,-0.705914],[-0.428002,0.580966,-0.69231],[0.702452,0.695822,0.149641]],"s":-1.59982,"t":[-40.1549,-110.521,301.701],"timestamp":208394373730},{"currentFrameRate":112.262,"devices":[],"gestures":[],"hands":[],"id":118091,"interactionBox":{"center":[0,200,0],"size":[235.247,235.247,147.751]},"pointables":[],"r":[[0.568661,-0.422268,-0.705914],[-0.428002,0.580966,-0.69231],[0.702452,0.695822,0.149641]],"s":-1.59982,"t":[-40.1549,-110.521,301.701],"timestamp":208394382375},{"currentFrameRate":112.364,"devices":[],"gestures":[],"hands":[],"id":118092,"interactionBox":{"center":[0,200,0],"size":[235.247,235.247,147.751]},"pointables":[],"r":[[0.568661,-0.422268,-0.705914],[-0.428002,0.580966,-0.69231],[0.702452,0.695822,0.149641]],"s":-1.59982,"t":[-40.1549,-110.521,301.701],"timestamp":208394391097},{"currentFrameRate":112.541,"devices":[],"gestures":[],"hands":[],"id":118093,"interactionBox":{"center":[0,200,0],"size":[235.247,235.247,147.751]},"pointables":[],"r":[[0.568661,-0.422268,-0.705914],[-0.428002,0.580966,-0.69231],[0.702452,0.695822,0.149641]],"s":-1.59982,"t":[-40.1549,-110.521,301.701],"timestamp":208394399674},{"currentFrameRate":112.638,"devices":[],"gestures":[],"hands":[],"id":118094,"interactionBox":{"center":[0,200,0],"size":[235.247,235.247,147.751]},"pointables":[],"r":[[0.568661,-0.422268,-0.705914],[-0.428002,0.580966,-0.69231],[0.702452,0.695822,0.149641]],"s":-1.59982,"t":[-40.1549,-110.521,301.701],"timestamp":208394408385},{"currentFrameRate":112.737,"devices":[],"gestures":[],"hands":[],"id":118095,"interactionBox":{"center":[0,200,0],"size":[235.247,235.247,147.751]},"pointables":[],"r":[[0.568661,-0.422268,-0.705914],[-0.428002,0.580966,-0.69231],[0.702452,0.695822,0.149641]],"s":-1.59982,"t":[-40.1549,-110.521,301.701],"timestamp":208394417082},{"currentFrameRate":112.887,"devices":[],"gestures":[],"hands":[],"id":118096,"interactionBox":{"center":[0,200,0],"size":[235.247,235.247,147.751]},"pointables":[],"r":[[0.568661,-0.422268,-0.705914],[-0.428002,0.580966,-0.69231],[0.702452,0.695822,0.149641]],"s":-1.59982,"t":[-40.1549,-110.521,301.701],"timestamp":208394425681},{"currentFrameRate":112.995,"devices":[],"gestures":[],"hands":[],"id":118097,"interactionBox":{"center":[0,200,0],"size":[235.247,235.247,147.751]},"pointables":[],"r":[[0.568661,-0.422268,-0.705914],[-0.428002,0.580966,-0.69231],[0.702452,0.695822,0.149641]],"s":-1.59982,"t":[-40.1549,-110.521,301.701],"timestamp":208394434344},{"currentFrameRate":113.096,"devices":[],"gestures":[],"hands":[],"id":118098,"interactionBox":{"center":[0,200,0],"size":[235.247,235.247,147.751]},"pointables":[],"r":[[0.568661,-0.422268,-0.705914],[-0.428002,0.580966,-0.69231],[0.702452,0.695822,0.149641]],"s":-1.59982,"t":[-40.1549,-110.521,301.701],"timestamp":208394443012},{"currentFrameRate":113.118,"devices":[],"gestures":[],"hands":[],"id":118099,"interactionBox":{"center":[0,200,0],"size":[235.247,235.247,147.751]},"pointables":[],"r":[[0.568661,-0.422268,-0.705914],[-0.428002,0.580966,-0.69231],[0.702452,0.695822,0.149641]],"s":-1.59982,"t":[-40.1549,-110.521,301.701],"timestamp":208394451814},{"currentFrameRate":113.187,"devices":[],"gestures":[],"hands":[],"id":118100,"interactionBox":{"center":[0,200,0],"size":[235.247,235.247,147.751]},"pointables":[],"r":[[0.568661,-0.422268,-0.705914],[-0.428002,0.580966,-0.69231],[0.702452,0.695822,0.149641]],"s":-1.59982,"t":[-40.1549,-110.521,301.701],"timestamp":208394460529},{"currentFrameRate":113.323,"devices":[],"gestures":[],"hands":[],"id":118101,"interactionBox":{"center":[0,200,0],"size":[235.247,235.247,147.751]},"pointables":[],"r":[[0.568661,-0.422268,-0.705914],[-0.428002,0.580966,-0.69231],[0.702452,0.695822,0.149641]],"s":-1.59982,"t":[-40.1549,-110.521,301.701],"timestamp":208394469118},{"currentFrameRate":113.426,"devices":[],"gestures":[],"hands":[],"id":118102,"interactionBox":{"center":[0,200,0],"size":[235.247,235.247,147.751]},"pointables":[],"r":[[0.568661,-0.422268,-0.705914],[-0.428002,0.580966,-0.69231],[0.702452,0.695822,0.149641]],"s":-1.59982,"t":[-40.1549,-110.521,301.701],"timestamp":208394477757},{"currentFrameRate":113.495,"devices":[],"gestures":[],"hands":[],"id":118103,"interactionBox":{"center":[0,200,0],"size":[235.247,235.247,147.751]},"pointables":[],"r":[[0.568661,-0.422268,-0.705914],[-0.428002,0.580966,-0.69231],[0.702452,0.695822,0.149641]],"s":-1.59982,"t":[-40.1549,-110.521,301.701],"timestamp":208394486449},{"currentFrameRate":113.623,"devices":[],"gestures":[],"hands":[],"id":118104,"interactionBox":{"center":[0,200,0],"size":[235.247,235.247,147.751]},"pointables":[],"r":[[0.568661,-0.422268,-0.705914],[-0.428002,0.580966,-0.69231],[0.702452,0.695822,0.149641]],"s":-1.59982,"t":[-40.1549,-110.521,301.701],"timestamp":208394495029},{"currentFrameRate":113.653,"devices":[],"gestures":[],"hands":[],"id":118105,"interactionBox":{"center":[0,200,0],"size":[235.247,235.247,147.751]},"pointables":[],"r":[[0.568661,-0.422268,-0.705914],[-0.428002,0.580966,-0.69231],[0.702452,0.695822,0.149641]],"s":-1.59982,"t":[-40.1549,-110.521,301.701],"timestamp":208394503776},{"currentFrameRate":113.72,"devices":[],"gestures":[],"hands":[],"id":118106,"interactionBox":{"center":[0,200,0],"size":[235.247,235.247,147.751]},"pointables":[],"r":[[0.568661,-0.422268,-0.705914],[-0.428002,0.580966,-0.69231],[0.702452,0.695822,0.149641]],"s":-1.59982,"t":[-40.1549,-110.521,301.701],"timestamp":208394512455},{"currentFrameRate":113.824,"devices":[],"gestures":[],"hands":[],"id":118107,"interactionBox":{"center":[0,200,0],"size":[235.247,235.247,147.751]},"pointables":[],"r":[[0.568661,-0.422268,-0.705914],[-0.428002,0.580966,-0.69231],[0.702452,0.695822,0.149641]],"s":-1.59982,"t":[-40.1549,-110.521,301.701],"timestamp":208394521062},{"currentFrameRate":113.897,"devices":[],"gestures":[],"hands":[],"id":118108,"interactionBox":{"center":[0,200,0],"size":[235.247,235.247,147.751]},"pointables":[],"r":[[0.568661,-0.422268,-0.705914],[-0.428002,0.580966,-0.69231],[0.702452,0.695822,0.149641]],"s":-1.59982,"t":[-40.1549,-110.521,301.701],"timestamp":208394529716},{"currentFrameRate":113.904,"devices":[],"gestures":[],"hands":[],"id":118109,"interactionBox":{"center":[0,200,0],"size":[235.247,235.247,147.751]},"pointables":[],"r":[[0.568661,-0.422268,-0.705914],[-0.428002,0.580966,-0.69231],[0.702452,0.695822,0.149641]],"s":-1.59982,"t":[-40.1549,-110.521,301.701],"timestamp":208394538483},{"currentFrameRate":114.011,"devices":[],"gestures":[],"hands":[],"id":118110,"interactionBox":{"center":[0,200,0],"size":[235.247,235.247,147.751]},"pointables":[],"r":[[0.568661,-0.422268,-0.705914],[-0.428002,0.580966,-0.69231],[0.702452,0.695822,0.149641]],"s":-1.59982,"t":[-40.1549,-110.521,301.701],"timestamp":208394547070},{"currentFrameRate":114.013,"devices":[],"gestures":[],"hands":[],"id":118111,"interactionBox":{"center":[0,200,0],"size":[235.247,235.247,147.751]},"pointables":[],"r":[[0.568661,-0.422268,-0.705914],[-0.428002,0.580966,-0.69231],[0.702452,0.695822,0.149641]],"s":-1.59982,"t":[-40.1549,-110.521,301.701],"timestamp":208394555838},{"currentFrameRate":114.05,"devices":[],"gestures":[],"hands":[],"id":118112,"interactionBox":{"center":[0,200,0],"size":[235.247,235.247,147.751]},"pointables":[],"r":[[0.568661,-0.422268,-0.705914],[-0.428002,0.580966,-0.69231],[0.702452,0.695822,0.149641]],"s":-1.59982,"t":[-40.1549,-110.521,301.701],"timestamp":208394564542},{"currentFrameRate":114.087,"devices":[],"gestures":[],"hands":[],"id":118113,"interactionBox":{"center":[0,200,0],"size":[235.247,235.247,147.751]},"pointables":[],"r":[[0.568661,-0.422268,-0.705914],[-0.428002,0.580966,-0.69231],[0.702452,0.695822,0.149641]],"s":-1.59982,"t":[-40.1549,-110.521,301.701],"timestamp":208394573244},{"currentFrameRate":114.18,"devices":[],"gestures":[],"hands":[],"id":118114,"interactionBox":{"center":[0,200,0],"size":[235.247,235.247,147.751]},"pointables":[],"r":[[0.568661,-0.422268,-0.705914],[-0.428002,0.580966,-0.69231],[0.702452,0.695822,0.149641]],"s":-1.59982,"t":[-40.1549,-110.521,301.701],"timestamp":208394581843},{"currentFrameRate":114.209,"devices":[],"gestures":[],"hands":[],"id":118115,"interactionBox":{"center":[0,200,0],"size":[235.247,235.247,147.751]},"pointables":[],"r":[[0.568661,-0.422268,-0.705914],[-0.428002,0.580966,-0.69231],[0.702452,0.695822,0.149641]],"s":-1.59982,"t":[-40.1549,-110.521,301.701],"timestamp":208394590549},{"currentFrameRate":114.161,"devices":[],"gestures":[],"hands":[],"id":118116,"interactionBox":{"center":[0,200,0],"size":[235.247,235.247,147.751]},"pointables":[],"r":[[0.568661,-0.422268,-0.705914],[-0.428002,0.580966,-0.69231],[0.702452,0.695822,0.149641]],"s":-1.59982,"t":[-40.1549,-110.521,301.701],"timestamp":208394599392},{"currentFrameRate":114.356,"devices":[],"gestures":[],"hands":[],"id":118117,"interactionBox":{"center":[0,200,0],"size":[235.247,235.247,147.751]},"pointables":[],"r":[[0.568661,-0.422268,-0.705914],[-0.428002,0.580966,-0.69231],[0.702452,0.695822,0.149641]],"s":-1.59982,"t":[-40.1549,-110.521,301.701],"timestamp":208394607801},{"currentFrameRate":114.413,"devices":[],"gestures":[],"hands":[],"id":118118,"interactionBox":{"center":[0,200,0],"size":[235.247,235.247,147.751]},"pointables":[],"r":[[0.568661,-0.422268,-0.705914],[-0.428002,0.580966,-0.69231],[0.702452,0.695822,0.149641]],"s":-1.59982,"t":[-40.1549,-110.521,301.701],"timestamp":208394616445},{"currentFrameRate":114.445,"devices":[],"gestures":[],"hands":[],"id":118119,"interactionBox":{"center":[0,200,0],"size":[235.247,235.247,147.751]},"pointables":[],"r":[[0.568661,-0.422268,-0.705914],[-0.428002,0.580966,-0.69231],[0.702452,0.695822,0.149641]],"s":-1.59982,"t":[-40.1549,-110.521,301.701],"timestamp":208394625127},{"currentFrameRate":114.439,"devices":[],"gestures":[],"hands":[],"id":118120,"interactionBox":{"center":[0,200,0],"size":[235.247,235.247,147.751]},"pointables":[],"r":[[0.568661,-0.422268,-0.705914],[-0.428002,0.580966,-0.69231],[0.702452,0.695822,0.149641]],"s":-1.59982,"t":[-40.1549,-110.521,301.701],"timestamp":208394633876},{"currentFrameRate":114.496,"devices":[],"gestures":[],"hands":[],"id":118121,"interactionBox":{"center":[0,200,0],"size":[235.247,235.247,147.751]},"pointables":[],"r":[[0.568661,-0.422268,-0.705914],[-0.428002,0.580966,-0.69231],[0.702452,0.695822,0.149641]],"s":-1.59982,"t":[-40.1549,-110.521,301.701],"timestamp":208394642513},{"currentFrameRate":114.539,"devices":[],"gestures":[],"hands":[],"id":118122,"interactionBox":{"center":[0,200,0],"size":[235.247,235.247,147.751]},"pointables":[],"r":[[0.568661,-0.422268,-0.705914],[-0.428002,0.580966,-0.69231],[0.702452,0.695822,0.149641]],"s":-1.59982,"t":[-40.1549,-110.521,301.701],"timestamp":208394651170},{"currentFrameRate":114.536,"devices":[],"gestures":[],"hands":[],"id":118123,"interactionBox":{"center":[0,200,0],"size":[235.247,235.247,147.751]},"pointables":[],"r":[[0.568661,-0.422268,-0.705914],[-0.428002,0.580966,-0.69231],[0.702452,0.695822,0.149641]],"s":-1.59982,"t":[-40.1549,-110.521,301.701],"timestamp":208394659906},{"currentFrameRate":114.53,"devices":[],"gestures":[],"hands":[],"id":118124,"interactionBox":{"center":[0,200,0],"size":[235.247,235.247,147.751]},"pointables":[],"r":[[0.568661,-0.422268,-0.705914],[-0.428002,0.580966,-0.69231],[0.702452,0.695822,0.149641]],"s":-1.59982,"t":[-40.1549,-110.521,301.701],"timestamp":208394668647},{"currentFrameRate":114.606,"devices":[],"gestures":[],"hands":[],"id":118125,"interactionBox":{"center":[0,200,0],"size":[235.247,235.247,147.751]},"pointables":[],"r":[[0.568661,-0.422268,-0.705914],[-0.428002,0.580966,-0.69231],[0.702452,0.695822,0.149641]],"s":-1.59982,"t":[-40.1549,-110.521,301.701],"timestamp":208394677244},{"currentFrameRate":114.651,"devices":[],"gestures":[],"hands":[],"id":118126,"interactionBox":{"center":[0,200,0],"size":[235.247,235.247,147.751]},"pointables":[],"r":[[0.568661,-0.422268,-0.705914],[-0.428002,0.580966,-0.69231],[0.702452,0.695822,0.149641]],"s":-1.59982,"t":[-40.1549,-110.521,301.701],"timestamp":208394685888},{"currentFrameRate":114.664,"devices":[],"gestures":[],"hands":[],"id":118127,"interactionBox":{"center":[0,200,0],"size":[235.247,235.247,147.751]},"pointables":[],"r":[[0.568661,-0.422268,-0.705914],[-0.428002,0.580966,-0.69231],[0.702452,0.695822,0.149641]],"s":-1.59982,"t":[-40.1549,-110.521,301.701],"timestamp":208394694587},{"currentFrameRate":114.676,"devices":[],"gestures":[],"hands":[],"id":118128,"interactionBox":{"center":[0,200,0],"size":[235.247,235.247,147.751]},"pointables":[],"r":[[0.568661,-0.422268,-0.705914],[-0.428002,0.580966,-0.69231],[0.702452,0.695822,0.149641]],"s":-1.59982,"t":[-40.1549,-110.521,301.701],"timestamp":208394703287},{"currentFrameRate":114.722,"devices":[],"gestures":[],"hands":[],"id":118129,"interactionBox":{"center":[0,200,0],"size":[235.247,235.247,147.751]},"pointables":[],"r":[[0.568661,-0.422268,-0.705914],[-0.428002,0.580966,-0.69231],[0.702452,0.695822,0.149641]],"s":-1.59982,"t":[-40.1549,-110.521,301.701],"timestamp":208394711926},{"currentFrameRate":114.769,"devices":[],"gestures":[],"hands":[],"id":118130,"interactionBox":{"center":[0,200,0],"size":[235.247,235.247,147.751]},"pointables":[],"r":[[0.568661,-0.422268,-0.705914],[-0.428002,0.580966,-0.69231],[0.702452,0.695822,0.149641]],"s":-1.59982,"t":[-40.1549,-110.521,301.701],"timestamp":208394720558},{"currentFrameRate":114.768,"devices":[],"gestures":[],"hands":[],"id":118131,"interactionBox":{"center":[0,200,0],"size":[235.247,235.247,147.751]},"pointables":[],"r":[[0.568661,-0.422268,-0.705914],[-0.428002,0.580966,-0.69231],[0.702452,0.695822,0.149641]],"s":-1.59982,"t":[-40.1549,-110.521,301.701],"timestamp":208394729274},{"currentFrameRate":114.79,"devices":[],"gestures":[],"hands":[],"id":118132,"interactionBox":{"center":[0,200,0],"size":[235.247,235.247,147.751]},"pointables":[],"r":[[0.568661,-0.422268,-0.705914],[-0.428002,0.580966,-0.69231],[0.702452,0.695822,0.149641]],"s":-1.59982,"t":[-40.1549,-110.521,301.701],"timestamp":208394737948},{"currentFrameRate":114.856,"devices":[],"gestures":[],"hands":[],"id":118133,"interactionBox":{"center":[0,200,0],"size":[235.247,235.247,147.751]},"pointables":[],"r":[[0.568661,-0.422268,-0.705914],[-0.428002,0.580966,-0.69231],[0.702452,0.695822,0.149641]],"s":-1.59982,"t":[-40.1549,-110.521,301.701],"timestamp":208394746542},{"currentFrameRate":114.871,"devices":[],"gestures":[],"hands":[],"id":118134,"interactionBox":{"center":[0,200,0],"size":[235.247,235.247,147.751]},"pointables":[],"r":[[0.568661,-0.422268,-0.705914],[-0.428002,0.580966,-0.69231],[0.702452,0.695822,0.149641]],"s":-1.59982,"t":[-40.1549,-110.521,301.701],"timestamp":208394755221},{"currentFrameRate":114.845,"devices":[],"gestures":[],"hands":[],"id":118135,"interactionBox":{"center":[0,200,0],"size":[235.247,235.247,147.751]},"pointables":[],"r":[[0.568661,-0.422268,-0.705914],[-0.428002,0.580966,-0.69231],[0.702452,0.695822,0.149641]],"s":-1.59982,"t":[-40.1549,-110.521,301.701],"timestamp":208394763974},{"currentFrameRate":114.854,"devices":[],"gestures":[],"hands":[],"id":118136,"interactionBox":{"center":[0,200,0],"size":[235.247,235.247,147.751]},"pointables":[],"r":[[0.568661,-0.422268,-0.705914],[-0.428002,0.580966,-0.69231],[0.702452,0.695822,0.149641]],"s":-1.59982,"t":[-40.1549,-110.521,301.701],"timestamp":208394772665},{"currentFrameRate":114.893,"devices":[],"gestures":[],"hands":[],"id":118137,"interactionBox":{"center":[0,200,0],"size":[235.247,235.247,147.751]},"pointables":[],"r":[[0.568661,-0.422268,-0.705914],[-0.428002,0.580966,-0.69231],[0.702452,0.695822,0.149641]],"s":-1.59982,"t":[-40.1549,-110.521,301.701],"timestamp":208394781301},{"currentFrameRate":114.904,"devices":[],"gestures":[],"hands":[],"id":118138,"interactionBox":{"center":[0,200,0],"size":[235.247,235.247,147.751]},"pointables":[],"r":[[0.568661,-0.422268,-0.705914],[-0.428002,0.580966,-0.69231],[0.702452,0.695822,0.149641]],"s":-1.59982,"t":[-40.1549,-110.521,301.701],"timestamp":208394789986},{"currentFrameRate":114.911,"devices":[],"gestures":[],"hands":[],"id":118139,"interactionBox":{"center":[0,200,0],"size":[235.247,235.247,147.751]},"pointables":[],"r":[[0.568661,-0.422268,-0.705914],[-0.428002,0.580966,-0.69231],[0.702452,0.695822,0.149641]],"s":-1.59982,"t":[-40.1549,-110.521,301.701],"timestamp":208394798676},{"currentFrameRate":114.96,"devices":[],"gestures":[],"hands":[],"id":118140,"interactionBox":{"center":[0,200,0],"size":[235.247,235.247,147.751]},"pointables":[],"r":[[0.568661,-0.422268,-0.705914],[-0.428002,0.580966,-0.69231],[0.702452,0.695822,0.149641]],"s":-1.59982,"t":[-40.1549,-110.521,301.701],"timestamp":208394807291},{"currentFrameRate":114.969,"devices":[],"gestures":[],"hands":[],"id":118141,"interactionBox":{"center":[0,200,0],"size":[235.247,235.247,147.751]},"pointables":[],"r":[[0.568661,-0.422268,-0.705914],[-0.428002,0.580966,-0.69231],[0.702452,0.695822,0.149641]],"s":-1.59982,"t":[-40.1549,-110.521,301.701],"timestamp":208394815975},{"currentFrameRate":114.976,"devices":[],"gestures":[],"hands":[],"id":118142,"interactionBox":{"center":[0,200,0],"size":[235.247,235.247,147.751]},"pointables":[],"r":[[0.568661,-0.422268,-0.705914],[-0.428002,0.580966,-0.69231],[0.702452,0.695822,0.149641]],"s":-1.59982,"t":[-40.1549,-110.521,301.701],"timestamp":208394824660},{"currentFrameRate":114.989,"devices":[],"gestures":[],"hands":[],"id":118143,"interactionBox":{"center":[0,200,0],"size":[235.247,235.247,147.751]},"pointables":[],"r":[[0.568661,-0.422268,-0.705914],[-0.428002,0.580966,-0.69231],[0.702452,0.695822,0.149641]],"s":-1.59982,"t":[-40.1549,-110.521,301.701],"timestamp":208394833335},{"currentFrameRate":115.002,"devices":[],"gestures":[],"hands":[],"id":118144,"interactionBox":{"center":[0,200,0],"size":[235.247,235.247,147.751]},"pointables":[],"r":[[0.568661,-0.422268,-0.705914],[-0.428002,0.580966,-0.69231],[0.702452,0.695822,0.149641]],"s":-1.59982,"t":[-40.1549,-110.521,301.701],"timestamp":208394842008},{"currentFrameRate":115.017,"devices":[],"gestures":[],"hands":[],"id":118145,"interactionBox":{"center":[0,200,0],"size":[235.247,235.247,147.751]},"pointables":[],"r":[[0.568661,-0.422268,-0.705914],[-0.428002,0.580966,-0.69231],[0.702452,0.695822,0.149641]],"s":-1.59982,"t":[-40.1549,-110.521,301.701],"timestamp":208394850677},{"currentFrameRate":115.032,"devices":[],"gestures":[],"hands":[],"id":118146,"interactionBox":{"center":[0,200,0],"size":[235.247,235.247,147.751]},"pointables":[],"r":[[0.568661,-0.422268,-0.705914],[-0.428002,0.580966,-0.69231],[0.702452,0.695822,0.149641]],"s":-1.59982,"t":[-40.1549,-110.521,301.701],"timestamp":208394859344},{"currentFrameRate":115.06,"devices":[],"gestures":[],"hands":[],"id":118147,"interactionBox":{"center":[0,200,0],"size":[235.247,235.247,147.751]},"pointables":[],"r":[[0.568661,-0.422268,-0.705914],[-0.428002,0.580966,-0.69231],[0.702452,0.695822,0.149641]],"s":-1.59982,"t":[-40.1549,-110.521,301.701],"timestamp":208394867988},{"currentFrameRate":115.031,"devices":[],"gestures":[],"hands":[],"id":118148,"interactionBox":{"center":[0,200,0],"size":[235.247,235.247,147.751]},"pointables":[],"r":[[0.568661,-0.422268,-0.705914],[-0.428002,0.580966,-0.69231],[0.702452,0.695822,0.149641]],"s":-1.59982,"t":[-40.1549,-110.521,301.701],"timestamp":208394876730},{"currentFrameRate":115.045,"devices":[],"gestures":[],"hands":[],"id":118149,"interactionBox":{"center":[0,200,0],"size":[235.247,235.247,147.751]},"pointables":[],"r":[[0.568661,-0.422268,-0.705914],[-0.428002,0.580966,-0.69231],[0.702452,0.695822,0.149641]],"s":-1.59982,"t":[-40.1549,-110.521,301.701],"timestamp":208394885399},{"currentFrameRate":115.066,"devices":[],"gestures":[],"hands":[],"id":118150,"interactionBox":{"center":[0,200,0],"size":[235.247,235.247,147.751]},"pointables":[],"r":[[0.568661,-0.422268,-0.705914],[-0.428002,0.580966,-0.69231],[0.702452,0.695822,0.149641]],"s":-1.59982,"t":[-40.1549,-110.521,301.701],"timestamp":208394894053},{"currentFrameRate":115.086,"devices":[],"gestures":[],"hands":[],"id":118151,"interactionBox":{"center":[0,200,0],"size":[235.247,235.247,147.751]},"pointables":[],"r":[[0.568661,-0.422268,-0.705914],[-0.428002,0.580966,-0.69231],[0.702452,0.695822,0.149641]],"s":-1.59982,"t":[-40.1549,-110.521,301.701],"timestamp":208394902709},{"currentFrameRate":115.102,"devices":[],"gestures":[],"hands":[],"id":118152,"interactionBox":{"center":[0,200,0],"size":[235.247,235.247,147.751]},"pointables":[],"r":[[0.568661,-0.422268,-0.705914],[-0.428002,0.580966,-0.69231],[0.702452,0.695822,0.149641]],"s":-1.59982,"t":[-40.1549,-110.521,301.701],"timestamp":208394911370},{"currentFrameRate":115.12,"devices":[],"gestures":[],"hands":[],"id":118153,"interactionBox":{"center":[0,200,0],"size":[235.247,235.247,147.751]},"pointables":[],"r":[[0.568661,-0.422268,-0.705914],[-0.428002,0.580966,-0.69231],[0.702452,0.695822,0.149641]],"s":-1.59982,"t":[-40.1549,-110.521,301.701],"timestamp":208394920026},{"currentFrameRate":115.121,"devices":[],"gestures":[],"hands":[],"id":118154,"interactionBox":{"center":[0,200,0],"size":[235.247,235.247,147.751]},"pointables":[],"r":[[0.568661,-0.422268,-0.705914],[-0.428002,0.580966,-0.69231],[0.702452,0.695822,0.149641]],"s":-1.59982,"t":[-40.1549,-110.521,301.701],"timestamp":208394928710},{"currentFrameRate":115.116,"devices":[],"gestures":[],"hands":[],"id":118155,"interactionBox":{"center":[0,200,0],"size":[235.247,235.247,147.751]},"pointables":[],"r":[[0.568661,-0.422268,-0.705914],[-0.428002,0.580966,-0.69231],[0.702452,0.695822,0.149641]],"s":-1.59982,"t":[-40.1549,-110.521,301.701],"timestamp":208394937406},{"currentFrameRate":115.152,"devices":[],"gestures":[],"hands":[],"id":118156,"interactionBox":{"center":[0,200,0],"size":[235.247,235.247,147.751]},"pointables":[],"r":[[0.568661,-0.422268,-0.705914],[-0.428002,0.580966,-0.69231],[0.702452,0.695822,0.149641]],"s":-1.59982,"t":[-40.1549,-110.521,301.701],"timestamp":208394946028},{"currentFrameRate":115.15,"devices":[],"gestures":[],"hands":[],"id":118157,"interactionBox":{"center":[0,200,0],"size":[235.247,235.247,147.751]},"pointables":[],"r":[[0.568661,-0.422268,-0.705914],[-0.428002,0.580966,-0.69231],[0.702452,0.695822,0.149641]],"s":-1.59982,"t":[-40.1549,-110.521,301.701],"timestamp":208394954716},{"currentFrameRate":115.123,"devices":[],"gestures":[],"hands":[],"id":118158,"interactionBox":{"center":[0,200,0],"size":[235.247,235.247,147.751]},"pointables":[],"r":[[0.568661,-0.422268,-0.705914],[-0.428002,0.580966,-0.69231],[0.702452,0.695822,0.149641]],"s":-1.59982,"t":[-40.1549,-110.521,301.701],"timestamp":208394963448},{"currentFrameRate":115.143,"devices":[],"gestures":[],"hands":[],"id":118159,"interactionBox":{"center":[0,200,0],"size":[235.247,235.247,147.751]},"pointables":[],"r":[[0.568661,-0.422268,-0.705914],[-0.428002,0.580966,-0.69231],[0.702452,0.695822,0.149641]],"s":-1.59982,"t":[-40.1549,-110.521,301.701],"timestamp":208394972100},{"currentFrameRate":115.172,"devices":[],"gestures":[],"hands":[],"id":118160,"interactionBox":{"center":[0,200,0],"size":[235.247,235.247,147.751]},"pointables":[],"r":[[0.568661,-0.422268,-0.705914],[-0.428002,0.580966,-0.69231],[0.702452,0.695822,0.149641]],"s":-1.59982,"t":[-40.1549,-110.521,301.701],"timestamp":208394980733},{"currentFrameRate":115.152,"devices":[],"gestures":[],"hands":[],"id":118161,"interactionBox":{"center":[0,200,0],"size":[235.247,235.247,147.751]},"pointables":[],"r":[[0.568661,-0.422268,-0.705914],[-0.428002,0.580966,-0.69231],[0.702452,0.695822,0.149641]],"s":-1.59982,"t":[-40.1549,-110.521,301.701],"timestamp":208394989451},{"currentFrameRate":115.186,"devices":[],"gestures":[],"hands":[],"id":118162,"interactionBox":{"center":[0,200,0],"size":[235.247,235.247,147.751]},"pointables":[],"r":[[0.568661,-0.422268,-0.705914],[-0.428002,0.580966,-0.69231],[0.702452,0.695822,0.149641]],"s":-1.59982,"t":[-40.1549,-110.521,301.701],"timestamp":208394998075},{"currentFrameRate":115.174,"devices":[],"gestures":[],"hands":[],"id":118163,"interactionBox":{"center":[0,200,0],"size":[235.247,235.247,147.751]},"pointables":[],"r":[[0.568661,-0.422268,-0.705914],[-0.428002,0.580966,-0.69231],[0.702452,0.695822,0.149641]],"s":-1.59982,"t":[-40.1549,-110.521,301.701],"timestamp":208395006777},{"currentFrameRate":115.126,"devices":[],"gestures":[],"hands":[],"id":118164,"interactionBox":{"center":[0,200,0],"size":[235.247,235.247,147.751]},"pointables":[],"r":[[0.568661,-0.422268,-0.705914],[-0.428002,0.580966,-0.69231],[0.702452,0.695822,0.149641]],"s":-1.59982,"t":[-40.1549,-110.521,301.701],"timestamp":208395015545},{"currentFrameRate":115.198,"devices":[],"gestures":[],"hands":[],"id":118165,"interactionBox":{"center":[0,200,0],"size":[235.247,235.247,147.751]},"pointables":[],"r":[[0.568661,-0.422268,-0.705914],[-0.428002,0.580966,-0.69231],[0.702452,0.695822,0.149641]],"s":-1.59982,"t":[-40.1549,-110.521,301.701],"timestamp":208395024104},{"currentFrameRate":115.185,"devices":[],"gestures":[],"hands":[],"id":118166,"interactionBox":{"center":[0,200,0],"size":[235.247,235.247,147.751]},"pointables":[],"r":[[0.568661,-0.422268,-0.705914],[-0.428002,0.580966,-0.69231],[0.702452,0.695822,0.149641]],"s":-1.59982,"t":[-40.1549,-110.521,301.701],"timestamp":208395032807},{"currentFrameRate":115.195,"devices":[],"gestures":[],"hands":[],"id":118167,"interactionBox":{"center":[0,200,0],"size":[235.247,235.247,147.751]},"pointables":[],"r":[[0.568661,-0.422268,-0.705914],[-0.428002,0.580966,-0.69231],[0.702452,0.695822,0.149641]],"s":-1.59982,"t":[-40.1549,-110.521,301.701],"timestamp":208395041472},{"currentFrameRate":115.159,"devices":[],"gestures":[],"hands":[],"id":118168,"interactionBox":{"center":[0,200,0],"size":[235.247,235.247,147.751]},"pointables":[],"r":[[0.568661,-0.422268,-0.705914],[-0.428002,0.580966,-0.69231],[0.702452,0.695822,0.149641]],"s":-1.59982,"t":[-40.1549,-110.521,301.701],"timestamp":208395050216},{"currentFrameRate":115.196,"devices":[],"gestures":[],"hands":[],"id":118169,"interactionBox":{"center":[0,200,0],"size":[235.247,235.247,147.751]},"pointables":[],"r":[[0.568661,-0.422268,-0.705914],[-0.428002,0.580966,-0.69231],[0.702452,0.695822,0.149641]],"s":-1.59982,"t":[-40.1549,-110.521,301.701],"timestamp":208395058835},{"currentFrameRate":115.209,"devices":[],"gestures":[],"hands":[],"id":118170,"interactionBox":{"center":[0,200,0],"size":[235.247,235.247,147.751]},"pointables":[],"r":[[0.568661,-0.422268,-0.705914],[-0.428002,0.580966,-0.69231],[0.702452,0.695822,0.149641]],"s":-1.59982,"t":[-40.1549,-110.521,301.701],"timestamp":208395067493},{"currentFrameRate":115.207,"devices":[],"gestures":[],"hands":[],"id":118171,"interactionBox":{"center":[0,200,0],"size":[235.247,235.247,147.751]},"pointables":[],"r":[[0.568661,-0.422268,-0.705914],[-0.428002,0.580966,-0.69231],[0.702452,0.695822,0.149641]],"s":-1.59982,"t":[-40.1549,-110.521,301.701],"timestamp":208395076176},{"currentFrameRate":115.273,"devices":[],"gestures":[],"hands":[],"id":118172,"interactionBox":{"center":[0,200,0],"size":[235.247,235.247,147.751]},"pointables":[],"r":[[0.568661,-0.422268,-0.705914],[-0.428002,0.580966,-0.69231],[0.702452,0.695822,0.149641]],"s":-1.59982,"t":[-40.1549,-110.521,301.701],"timestamp":208395084738},{"currentFrameRate":115.23,"devices":[],"gestures":[],"hands":[],"id":118173,"interactionBox":{"center":[0,200,0],"size":[235.247,235.247,147.751]},"pointables":[],"r":[[0.568661,-0.422268,-0.705914],[-0.428002,0.580966,-0.69231],[0.702452,0.695822,0.149641]],"s":-1.59982,"t":[-40.1549,-110.521,301.701],"timestamp":208395093490},{"currentFrameRate":115.227,"devices":[],"gestures":[],"hands":[],"id":118174,"interactionBox":{"center":[0,200,0],"size":[235.247,235.247,147.751]},"pointables":[],"r":[[0.568661,-0.422268,-0.705914],[-0.428002,0.580966,-0.69231],[0.702452,0.695822,0.149641]],"s":-1.59982,"t":[-40.1549,-110.521,301.701],"timestamp":208395102173},{"currentFrameRate":115.242,"devices":[],"gestures":[],"hands":[],"id":118175,"interactionBox":{"center":[0,200,0],"size":[235.247,235.247,147.751]},"pointables":[],"r":[[0.568661,-0.422268,-0.705914],[-0.428002,0.580966,-0.69231],[0.702452,0.695822,0.149641]],"s":-1.59982,"t":[-40.1549,-110.521,301.701],"timestamp":208395110825},{"currentFrameRate":115.27,"devices":[],"gestures":[],"hands":[],"id":118176,"interactionBox":{"center":[0,200,0],"size":[235.247,235.247,147.751]},"pointables":[],"r":[[0.568661,-0.422268,-0.705914],[-0.428002,0.580966,-0.69231],[0.702452,0.695822,0.149641]],"s":-1.59982,"t":[-40.1549,-110.521,301.701],"timestamp":208395119453},{"currentFrameRate":115.265,"devices":[],"gestures":[],"hands":[],"id":118177,"interactionBox":{"center":[0,200,0],"size":[235.247,235.247,147.751]},"pointables":[],"r":[[0.568661,-0.422268,-0.705914],[-0.428002,0.580966,-0.69231],[0.702452,0.695822,0.149641]],"s":-1.59982,"t":[-40.1549,-110.521,301.701],"timestamp":208395128137},{"currentFrameRate":115.195,"devices":[],"gestures":[],"hands":[],"id":118178,"interactionBox":{"center":[0,200,0],"size":[235.247,235.247,147.751]},"pointables":[],"r":[[0.568661,-0.422268,-0.705914],[-0.428002,0.580966,-0.69231],[0.702452,0.695822,0.149641]],"s":-1.59982,"t":[-40.1549,-110.521,301.701],"timestamp":208395136937},{"currentFrameRate":115.218,"devices":[],"gestures":[],"hands":[],"id":118179,"interactionBox":{"center":[0,200,0],"size":[235.247,235.247,147.751]},"p