{"frames":102,"data":[{"currentFrameRate":57.6685,"devices":[],"gestures":[],"hands":[],"id":316825,"interactionBox":{"center":[0,200,0],"size":[235.247,235.247,147.751]},"pointables":[],"r":[[0.731605,-0.264933,-0.628144],[0.581722,0.723037,0.37258],[0.355462,-0.637987,0.683095]],"s":-0.397734,"t":[335.508,-884.684,1179.11],"timestamp":211093492496},{"currentFrameRate":57.6532,"devices":[],"gestures":[],"hands":[],"id":316826,"interactionBox":{"center":[0,200,0],"size":[235.247,235.247,147.751]},"pointables":[],"r":[[0.731605,-0.264933,-0.628144],[0.581722,0.723037,0.37258],[0.355462,-0.637987,0.683095]],"s":-0.397734,"t":[335.508,-884.684,1179.11],"timestamp":211093509892},{"currentFrameRate":57.6433,"devices":[],"gestures":[],"hands":[],"id":316827,"interactionBox":{"center":[0,200,0],"size":[235.247,235.247,147.751]},"pointables":[],"r":[[0.731605,-0.264933,-0.628144],[0.581722,0.723037,0.37258],[0.355462,-0.637987,0.683095]],"s":-0.397734,"t":[335.508,-884.684,1179.11],"timestamp":211093527273},{"currentFrameRate":57.6557,"devices":[],"gestures":[],"hands":[],"id":316828,"interactionBox":{"center":[0,200,0],"size":[235.247,235.247,147.751]},"pointables":[],"r":[[0.731605,-0.264933,-0.628144],[0.581722,0.723037,0.37258],[0.355462,-0.637987,0.683095]],"s":-0.397734,"t":[335.508,-884.684,1179.11],"timestamp":211093544576},{"currentFrameRate":57.6572,"devices":[],"gestures":[],"hands":[{"armBasis":[[0.110301,-0.934397,-0.338727],[0.920154,0.22483,-0.320574],[0.375699,-0.276322,0.884588]],"armWidth":63.7024,"confidence":0,"direction":[0.135227,0.730116,-0.669809],"elbow":[209.447,61.4094,344.765],"grabAngle":1.72425,"grabStrength":0.399693,"id":163,"palmNormal":[-0.986095,0.165073,-0.0191461],"palmPosition":[109.033,192.816,57.4305],"palmVelocity":[1.19209e-7,1.19209e-7,1.19209e-7],"palmWidth":90.9649,"pinchDistance":33.1858,"pinchStrength":0.758473,"r":[[1,5.55112e-18,0],[-5.55112e-18,1,-1.11022e-17],[-6.16298e-35,1.11022e-17,1]],"s":1,"sphereCenter":[52.4928,203.86,39.4583],"sphereRadius":51.3702,"stabilizedPalmPosition":[109.033,192.816,57.4305],"t":[0,0,0],"timeVisible":0,"type":"right","wrist":[108.036,135.996,105.992]}],"id":316829,"interactionBox":{"center":[0,200,0],"size":[235.247,235.247,147.751]},"pointables":[{"bases":[[[0.869511,-0.272,-0.412271],[0.465955,0.174885,0.867353],[-0.16382,-0.946272,0.278804]],[[0.884379,-0.0615227,-0.462697],[0.434152,0.472469,0.766997],[0.171422,-0.879197,0.444552]],[[0.884379,-0.0615227,-0.462697],[0.306511,0.824147,0.476269],[0.352029,-0.563024,0.747716]],[[0.884379,-0.0615227,-0.462697],[0.137784,0.981513,0.132847],[0.44597,-0.181239,0.876506]]],"btipPosition":[65.91,233.124,43.0768],"carpPosition":[96.8984,165.817,111.256],"dipPosition":[76.3444,228.884,63.5846],"direction":[-0.352029,0.563024,-0.747716],"extended":false,"handId":163,"id":1630,"length":52.102,"mcpPosition":[96.8984,165.817,111.256],"pipPosition":[88.3438,209.692,89.0714],"stabilizedTipPosition":[68.3099,232.149,47.7936],"timeVisible":0,"tipPosition":[68.3099,232.149,47.7936],"tipVelocity":[1.19209e-7,1.19209e-7,1.19209e-7],"tool":false,"touchDistance":1,"touchZone":"none","type":0,"width":20.2444},{"bases":[[[-0.309423,-0.718841,-0.622515],[0.950588,-0.216423,-0.222582],[0.0252748,-0.660628,0.750288]],[[-0.309892,-0.7046,-0.638362],[0.660714,0.323211,-0.67749],[0.683685,-0.631723,0.365379]],[[-0.309892,-0.7046,-0.638362],[0.0630409,0.65471,-0.753247],[0.94868,-0.273668,-0.15847]],[[-0.309892,-0.7046,-0.638362],[-0.239269,0.7076,-0.66487],[0.920172,-0.0532973,-0.387869]]],"btipPosition":[39.9956,230.025,26.3473],"carpPosition":[115.578,151.863,78.0191],"dipPosition":[57.1833,229.03,19.1023],"direction":[-0.94868,0.273668,0.15847],"extended":false,"handId":163,"id":1633,"length":64.4107,"mcpPosition":[113.995,193.233,31.034],"pipPosition":[83.4564,221.45,14.7136],"stabilizedTipPosition":[43.9488,229.796,24.6809],"timeVisible":0,"tipPosition":[43.9488,229.796,24.6809],"tipVelocity":[1.19209e-7,1.19209e-7,1.19209e-7],"tool":false,"touchDistance":0.333333,"touchZone":"none","type":3,"width":18.0721},{"bases":[[[-0.0725124,-0.531083,-0.844211],[0.997366,-0.0399633,-0.060527],[-0.0015926,-0.846377,0.532582]],[[-0.0720013,-0.646097,-0.759851],[0.794875,0.423016,-0.435008],[0.602487,-0.635308,0.483109]],[[-0.0720013,-0.646097,-0.759851],[0.405469,0.677076,-0.614135],[0.911269,-0.352315,0.213222]],[[-0.0720013,-0.646097,-0.759851],[0.086825,0.754876,-0.650095],[0.993618,-0.112782,0.00174526]]],"btipPosition":[52.0908,265.031,33.3772],"carpPosition":[116.842,165.054,98.4801],"dipPosition":[69.0627,263.104,33.407],"direction":[-0.911269,0.352315,-0.213222],"extended":false,"handId":163,"id":1631,"length":58.7913,"mcpPosition":[116.959,227.304,59.309],"pipPosition":[91.0823,254.591,38.5592],"stabilizedTipPosition":[55.9943,264.588,33.384],"timeVisible":0,"tipPosition":[55.9943,264.588,33.384],"tipVelocity":[1.19209e-7,1.19209e-7,1.19209e-7],"tool":false,"touchDistance":1,"touchZone":"none","type":1,"width":19.3375},{"bases":[[[-0.241018,-0.625903,-0.741725],[0.970472,-0.147746,-0.190672],[0.00975512,-0.765779,0.64303]],[[-0.24062,-0.648437,-0.722241],[0.67679,0.421288,-0.603715],[0.695742,-0.634071,0.337485]],[[-0.24062,-0.648437,-0.722241],[0.122444,0.71788,-0.685315],[0.962865,-0.253335,-0.0933391]],[[-0.24062,-0.648437,-0.722241],[-0.172047,0.760814,-0.625749],[0.95525,-0.0263087,-0.294629]]],"btipPosition":[38.1324,250.68,34.8587],"carpPosition":[117.658,159.017,87.7831],"dipPosition":[56.0785,250.185,29.3236],"direction":[-0.962865,0.253335,0.0933391],"extended":false,"handId":163,"id":1632,"length":66.988,"mcpPosition":[116.977,212.429,42.9325],"pipPosition":[83.4514,242.983,26.6701],"stabilizedTipPosition":[42.26,250.566,33.5856],"timeVisible":0,"tipPosition":[42.26,250.566,33.5856],"tipVelocity":[1.19209e-7,1.19209e-7,1.19209e-7],"tool":false,"touchDistance":0.333333,"touchZone":"none","type":2,"width":18.992},{"bases":[[[-0.457201,-0.744763,-0.486102],[0.889363,-0.383103,-0.24953],[-0.000386443,-0.546407,0.83752]],[[-0.455615,-0.697209,-0.553458],[0.634487,0.18174,-0.751263],[0.624373,-0.693448,0.359566]],[[-0.455615,-0.697209,-0.553458],[0.0836846,0.585438,-0.806386],[0.886235,-0.413717,-0.208389]],[[-0.455615,-0.697209,-0.553458],[-0.238709,0.69466,-0.678576],[0.857574,-0.177054,-0.482927]]],"btipPosition":[52.59,210.839,21.7597],"carpPosition":[106.745,143.511,70.624],"dipPosition":[67.3677,207.788,13.4379],"direction":[-0.886235,0.413717,0.208389],"extended":false,"handId":163,"id":1634,"length":50.4968,"mcpPosition":[106.768,175.186,22.0736],"pipPosition":[84.6966,199.699,9.36317],"stabilizedTipPosition":[55.9889,210.138,19.8457],"timeVisible":0,"tipPosition":[55.9889,210.138,19.8457],"tipVelocity":[1.19209e-7,1.19209e-7,1.19209e-7],"tool":false,"touchDistance":0.333333,"touchZone":"none","type":4,"width":16.053}],"r":[[1,5.55112e-18,0],[-5.55112e-18,1,-1.11022e-17],[-6.16298e-35,1.11022e-17,1]],"s":1,"t":[0,0,0],"timestamp":211093561915},{"currentFrameRate":57.5802,"devices":[],"gestures":[],"hands":[{"armBasis":[[0.0403949,-0.89573,-0.44276],[0.942043,0.181844,-0.281935],[0.333051,-0.405711,0.851162]],"armWidth":65.8467,"confidence":0.0925726,"direction":[0.266418,0.708435,-0.653561],"elbow":[200.933,33.8075,328.628],"grabAngle":1.62521,"grabStrength":0.474413,"id":163,"palmNormal":[-0.958867,0.263716,-0.105016],"palmPosition":[121.254,200.534,51.5105],"palmVelocity":[693.482,437.946,-335.929],"palmWidth":90.9649,"pinchDistance":38.619,"pinchStrength":0.863428,"r":[[0.999641,-0.0202325,0.0175402],[0.0202268,0.999795,0.000501154],[-0.0175468,-0.000146191,0.999846]],"s":1.01203,"sphereCenter":[71.012,221.94,35.1864],"sphereRadius":48.239,"stabilizedPalmPosition":[116.335,197.427,53.8931],"t":[6.11062,3.85896,-2.96003],"timeVisible":0.017623,"type":"right","wrist":[111.034,143.319,98.8781]}],"id":316830,"interactionBox":{"center":[0,200,0],"size":[235.247,235.247,147.751]},"pointables":[{"bases":[[[0.870206,-0.361068,-0.33522],[0.40368,0.132449,0.905262],[-0.282461,-0.923086,0.261014]],[[0.913106,-0.120255,-0.389584],[0.390456,0.533027,0.750617],[0.117393,-0.837509,0.533665]],[[0.913106,-0.120255,-0.389584],[0.297286,0.850288,0.434316],[0.27903,-0.512395,0.812154]],[[0.913106,-0.120255,-0.389584],[0.168736,0.981304,0.092578],[0.371167,-0.15027,0.916326]]],"btipPosition":[78.0537,237.657,29.0919],"carpPosition":[101.793,175.243,103.999],"dipPosition":[86.5881,234.202,50.1614],"direction":[-0.27903,0.512395,-0.812154],"extended":false,"handId":163,"id":1630,"length":51.203,"mcpPosition":[101.793,175.243,103.999],"pipPosition":[95.9351,217.037,77.367],"stabilizedTipPosition":[72.8268,233.967,42.4475],"timeVisible":0.017623,"tipPosition":[83.2577,240.758,36.4985],"tipVelocity":[664.285,267.461,-786.232],"tool":false,"touchDistance":1,"touchZone":"none","type":0,"width":21.225},{"bases":[[[-0.324989,-0.687862,-0.649021],[0.939605,-0.312756,-0.139021],[-0.107358,-0.655003,0.747961]],[[-0.32959,-0.717312,-0.613868],[0.708519,0.241811,-0.662969],[0.623996,-0.653445,0.428531]],[[-0.32959,-0.717312,-0.613868],[0.221898,0.57313,-0.788849],[0.917677,-0.396213,-0.0297276]],[[-0.32959,-0.717312,-0.613868],[0.0342682,0.64068,-0.767043],[0.943502,-0.273846,-0.186581]]],"btipPosition":[58.8335,244.774,11.0741],"carpPosition":[121.797,159.261,72.4904],"dipPosition":[76.1529,239.747,7.64911],"direction":[-0.917677,0.396213,0.0297276],"extended":false,"handId":163,"id":1633,"length":63.2994,"mcpPosition":[128.52,200.279,25.6511],"pipPosition":[101.129,228.963,6.84002],"stabilizedTipPosition":[54.2658,237.354,16.81],"timeVisible":0.017623,"tipPosition":[63.2633,243.677,12.7568],"tipVelocity":[1070.66,784.284,-816.806],"tool":false,"touchDistance":0.333333,"touchZone":"none","type":3,"width":18.9475},{"bases":[[[-0.485982,-0.697853,-0.526139],[0.864418,-0.472568,-0.171645],[-0.128853,-0.53822,0.832896]],[[-0.489756,-0.714262,-0.499969],[0.613407,0.125226,-0.779776],[0.619573,-0.688585,0.376803]],[[-0.489756,-0.714262,-0.499969],[0.118446,0.513627,-0.849799],[0.863776,-0.475414,-0.166951]],[[-0.489756,-0.714262,-0.499969],[-0.172891,0.641628,-0.747277],[0.854545,-0.279543,-0.43773]]],"btipPosition":[67.7214,220.788,13.578],"carpPosition":[112.845,151.797,64.3293],"dipPosition":[82.1929,216.054,6.16518],"direction":[-0.863776,0.475414,0.166951],"extended":false,"handId":163,"id":1634,"length":49.6255,"mcpPosition":[120.315,182.997,16.047],"pipPosition":[98.7913,206.919,2.95706],"stabilizedTipPosition":[64.8546,215.766,15.1526],"timeVisible":0.017623,"tipPosition":[73.0416,222.073,10.0813],"tipVelocity":[854.623,542.57,-452.398],"tool":false,"touchDistance":0.333333,"touchZone":"none","type":4,"width":16.8306},{"bases":[[[-0.0518343,-0.526415,-0.848646],[0.989658,-0.140895,0.02695],[-0.133757,-0.838472,0.528274]],[[-0.0609041,-0.582794,-0.810334],[0.848765,0.396974,-0.349297],[0.52525,-0.709057,0.470478]],[[-0.0609041,-0.582794,-0.810334],[0.543273,0.6617,-0.516728],[0.837344,-0.471703,0.276316]],[[-0.0609041,-0.582794,-0.810334],[0.262567,0.773895,-0.576321],[0.96299,-0.247867,0.105889]]],"btipPosition":[74.2155,279.348,25.9646],"carpPosition":[122.597,172.387,93.0165],"dipPosition":[90.3804,275.187,27.7421],"direction":[-0.837344,0.471703,-0.276316],"extended":false,"handId":163,"id":1631,"length":57.7769,"mcpPosition":[132.435,234.056,54.1623],"pipPosition":[110.265,263.985,34.3037],"stabilizedTipPosition":[69.7494,273.242,28.9886],"timeVisible":0.017623,"tipPosition":[78.0312,277.388,23.7394],"tipVelocity":[1244.91,783.226,-397.809],"tool":false,"touchDistance":1,"touchZone":"none","type":1,"width":20.2742},{"bases":[[[-0.237377,-0.603072,-0.761549],[0.96347,-0.246238,-0.10532],[-0.124006,-0.75873,0.639493]],[[-0.247624,-0.669252,-0.70056],[0.768175,0.305021,-0.562912],[0.590415,-0.677543,0.438572]],[[-0.247624,-0.669252,-0.70056],[0.395873,0.590075,-0.703631],[0.884289,-0.451569,0.118822]],[[-0.247624,-0.669252,-0.70056],[0.139125,0.691024,-0.709317],[0.958815,-0.273109,-0.0780045]]],"btipPosition":[62.0114,268.895,15.1647],"carpPosition":[123.729,166.231,82.4169],"dipPosition":[79.7137,263.853,13.7245],"direction":[-0.884289,0.451569,-0.118822],"extended":false,"handId":163,"id":1632,"length":65.8321,"mcpPosition":[132.379,219.151,37.8131],"pipPosition":[104.419,251.237,17.0442],"stabilizedTipPosition":[55.1496,259.856,23.4396],"timeVisible":0.017623,"tipPosition":[64.1976,265.801,19.2604],"tipVelocity":[1351.81,974.276,-1064.07],"tool":false,"touchDistance":0.333333,"touchZone":"hovering","type":2,"width":19.9119}],"r":[[0.999641,-0.0202325,0.0175402],[0.0202268,0.999795,0.000501154],[-0.0175468,-0.000146191,0.999846]],"s":1.01203,"t":[6.11062,3.85896,-2.96003],"timestamp":211093579538},{"currentFrameRate":57.6843,"devices":[],"gestures":[],"hands":[{"armBasis":[[0.00952553,-0.850655,-0.525638],[0.957796,0.158786,-0.23961],[0.287289,-0.501172,0.816267]],"armWidth":65.8467,"confidence":0.180348,"direction":[0.300929,0.69682,-0.651063],"elbow":[193.863,15.6481,311.508],"grabAngle":1.64702,"grabStrength":0.400057,"id":163,"palmNormal":[-0.950579,0.273895,-0.146224],"palmPosition":[129.194,208.436,44.3468],"palmVelocity":[467.35,465.122,-421.641],"palmWidth":90.9649,"pinchDistance":36.094,"pinchStrength":0.758801,"r":[[0.998465,-0.0387757,0.0395451],[0.0388494,0.999244,-0.00109528],[-0.0394728,0.0026299,0.999217]],"s":1.04057,"sphereCenter":[76.046,226.57,20.3361],"sphereRadius":52.6622,"stabilizedPalmPosition":[123.872,203.88,48.2979],"t":[13.1361,9.73965,-8.02189],"timeVisible":0.034613,"type":"right","wrist":[116.316,150.927,91.1768]}],"id":316831,"interactionBox":{"center":[0,200,0],"size":[235.247,235.247,147.751]},"pointables":[{"bases":[[[0.878189,-0.375752,-0.295965],[0.369182,0.139056,0.918895],[-0.304121,-0.916228,0.260838]],[[0.923333,-0.167273,-0.345652],[0.383098,0.462908,0.799345],[0.0262955,-0.87048,0.4915]],[[0.923333,-0.167273,-0.345652],[0.320966,0.830324,0.455568],[0.210798,-0.531584,0.820355]],[[0.923333,-0.167273,-0.345652],[0.2088,0.974139,0.0863431],[0.32227,-0.151896,0.934382]]],"btipPosition":[91.5732,248.789,22.833],"carpPosition":[107.357,184.05,96.3258],"dipPosition":[98.9833,245.297,44.3177],"direction":[-0.210798,0.531584,-0.820355],"extended":false,"handId":163,"id":1630,"length":51.203,"mcpPosition":[107.357,184.05,96.3258],"pipPosition":[106.045,227.49,71.798],"stabilizedTipPosition":[83.6101,241.359,34.7107],"timeVisible":0.034613,"tipPosition":[92.6129,248.642,27.4756],"tipVelocity":[780.511,654.738,-362.764],"tool":false,"touchDistance":1,"touchZone":"none","type":0,"width":21.225},{"bases":[[[-0.307661,-0.69208,-0.652971],[0.940372,-0.325794,-0.0977691],[-0.14507,-0.644115,0.751046]],[[-0.311993,-0.711635,-0.629473],[0.774767,0.192912,-0.602098],[0.549907,-0.675545,0.491164]],[[-0.311993,-0.711635,-0.629473],[0.300541,0.554599,-0.775948],[0.901297,-0.431273,0.0408451]],[[-0.311993,-0.711635,-0.629473],[0.0623455,0.645781,-0.760973],[0.948037,-0.276663,-0.157112]]],"btipPosition":[71.4021,254.236,-0.98665],"carpPosition":[128.389,167.43,65.834],"dipPosition":[88.8048,249.158,-3.87068],"direction":[-0.901297,0.431273,-0.0408451],"extended":false,"handId":163,"id":1633,"length":63.2994,"mcpPosition":[137.474,207.766,18.8014],"pipPosition":[113.335,237.42,-2.75902],"stabilizedTipPosition":[65.2106,245.49,7.25228],"timeVisible":0.034613,"tipPosition":[73.7267,252.027,1.9428],"tipVelocity":[740.895,556.256,-702.55],"tool":false,"touchDistance":0.234652,"touchZone":"hovering","type":3,"width":18.9475},{"bases":[[[-0.473502,-0.69857,-0.536466],[0.864536,-0.485089,-0.1314],[-0.168442,-0.526013,0.833629]],[[-0.467809,-0.681198,-0.563137],[0.705009,0.0966529,-0.702581],[0.533026,-0.725691,0.435036]],[[-0.467809,-0.681198,-0.563137],[0.155535,0.563762,-0.81116],[0.870037,-0.467055,-0.157783]],[[-0.467809,-0.681198,-0.563137],[-0.299943,0.721704,-0.623841],[0.831378,-0.12293,-0.54194]]],"btipPosition":[80.1242,226.731,6.18732],"carpPosition":[119.675,159.971,57.4155],"dipPosition":[94.2033,224.649,-2.99028],"direction":[-0.870037,0.467055,0.157783],"extended":false,"handId":163,"id":1634,"length":49.6255,"mcpPosition":[129.439,190.464,9.0907],"pipPosition":[110.922,215.674,-6.02224],"stabilizedTipPosition":[75.9329,222.043,8.52271],"timeVisible":0.034613,"tipPosition":[83.0129,229.322,1.3926],"tipVelocity":[724.69,385.668,-458.893],"tool":false,"touchDistance":0.333333,"touchZone":"none","type":4,"width":16.8306},{"bases":[[[-0.0248197,-0.536482,-0.843547],[0.985972,-0.152455,0.0679486],[-0.165056,-0.830027,0.53274]],[[-0.0455217,-0.637273,-0.769292],[0.886728,0.328866,-0.3249],[0.460044,-0.696943,0.550118]],[[-0.0455217,-0.637273,-0.769292],[0.647213,0.567793,-0.508652],[0.760949,-0.52105,0.386604]],[[-0.0455217,-0.637273,-0.769292],[0.365487,0.706074,-0.606531],[0.929703,-0.308776,0.200773]]],"btipPosition":[87.5869,288.827,11.2602],"carpPosition":[128.542,180.805,86.2139],"dipPosition":[103.193,283.644,14.6305],"direction":[-0.760949,0.52105,-0.386604],"extended":true,"handId":163,"id":1631,"length":57.7769,"mcpPosition":[140.681,241.853,47.0313],"pipPosition":[121.263,271.27,23.8111],"stabilizedTipPosition":[81.6062,281.206,19.6073],"timeVisible":0.034613,"tipPosition":[88.9744,286.083,13.3897],"tipVelocity":[779.452,544.085,-843.911],"tool":false,"touchDistance":1,"touchZone":"none","type":1,"width":20.2742},{"bases":[[[-0.214609,-0.609786,-0.762957],[0.963718,-0.259145,-0.0639616],[-0.158714,-0.749003,0.643277]],[[-0.229951,-0.684374,-0.691921],[0.827528,0.236666,-0.509104],[0.512171,-0.689653,0.511917]],[[-0.229951,-0.684374,-0.691921],[0.542503,0.50012,-0.674959],[0.807968,-0.530577,0.256272]],[[-0.229951,-0.684374,-0.691921],[0.245232,0.647284,-0.721724],[0.941798,-0.335643,0.018987]]],"btipPosition":[76.8692,280.422,-0.876695],"carpPosition":[130.015,174.501,75.7435],"dipPosition":[94.2573,274.225,-0.526146],"direction":[-0.807968,0.530577,-0.256272],"extended":false,"handId":163,"id":1632,"length":65.8321,"mcpPosition":[141.085,226.743,30.8758],"pipPosition":[116.83,259.402,6.63359],"stabilizedTipPosition":[67.8894,269.337,11.4345],"timeVisible":0.034613,"tipPosition":[76.6782,275.8,5.47512],"tipVelocity":[870.248,662.83,-919.926],"tool":false,"touchDistance":0.200992,"touchZone":"hovering","type":2,"width":19.9119}],"r":[[0.998465,-0.0387757,0.0395451],[0.0388494,0.999244,-0.00109528],[-0.0394728,0.0026299,0.999217]],"s":1.04057,"t":[13.1361,9.73965,-8.02189],"timestamp":211093596528},{"currentFrameRate":57.6673,"devices":[],"gestures":[],"hands":[{"armBasis":[[-0.0322401,-0.76986,-0.637398],[0.973499,0.120274,-0.194509],[0.226407,-0.626777,0.74558]],"armWidth":65.8467,"confidence":0.267334,"direction":[0.324066,0.691282,-0.645841],"elbow":[183.063,-10.8042,285.672],"grabAngle":1.58993,"grabStrength":0.279213,"id":163,"palmNormal":[-0.943682,0.284329,-0.16918],"palmPosition":[136.977,216.819,38.8409],"palmVelocity":[447.34,481.883,-316.485],"palmWidth":90.9649,"pinchDistance":37.0886,"pinchStrength":0.64484,"r":[[0.996524,-0.055814,0.0618411],[0.0560714,0.998424,-0.00243314],[-0.0616078,0.0058922,0.998083]],"s":1.07172,"sphereCenter":[80.0761,234.637,10.4706],"sphereRadius":58.6022,"stabilizedPalmPosition":[132.203,212.106,42.2856],"t":[20.54,16.8717,-13.3058],"timeVisible":0.05201,"type":"right","wrist":[121.95,158.379,84.4205]}],"id":316832,"interactionBox":{"center":[0,200,0],"size":[235.247,235.247,147.751]},"pointables":[{"bases":[[[0.880458,-0.38673,-0.274287],[0.34922,0.137681,0.926871],[-0.320685,-0.911857,0.256276]],[[0.928102,-0.187121,-0.321888],[0.371195,0.397687,0.839082],[-0.0289994,-0.898237,0.438553]],[[0.928102,-0.187121,-0.321888],[0.330634,0.811722,0.481445],[0.171195,-0.553257,0.815229]],[[0.928102,-0.187121,-0.321888],[0.226525,0.969902,0.089312],[0.295488,-0.155806,0.942556]]],"btipPosition":[102.57,259.789,19.4981],"carpPosition":[113.652,192.848,90.3648],"dipPosition":[109.365,256.206,41.1707],"direction":[-0.171195,0.553257,-0.815229],"extended":false,"handId":163,"id":1630,"length":51.203,"mcpPosition":[113.652,192.848,90.3648],"pipPosition":[115.099,237.673,68.4793],"stabilizedTipPosition":[96.8187,252.69,28.128],"timeVisible":0.05201,"tipPosition":[101.954,257.768,21.84],"tipVelocity":[623.986,631.062,-189.211],"tool":false,"touchDistance":1,"touchZone":"none","type":0,"width":21.225},{"bases":[[[-0.46889,-0.694762,-0.545387],[0.861708,-0.495388,-0.109774],[-0.193912,-0.521436,0.830965]],[[-0.447043,-0.638876,-0.626092],[0.793436,0.0399921,-0.607339],[0.413053,-0.76827,0.489029]],[[-0.447043,-0.638876,-0.626092],[0.334134,0.529996,-0.779397],[0.829764,-0.557622,-0.023461]],[[-0.447043,-0.638876,-0.626092],[-0.254241,0.761807,-0.595829],[0.857621,-0.107183,-0.502988]]],"btipPosition":[93.0189,237.955,-4.36817],"carpPosition":[126.596,168.508,51.822],"dipPosition":[107.542,236.14,-12.8861],"direction":[-0.829764,0.557622,0.023461],"extended":false,"handId":163,"id":1634,"length":49.6255,"mcpPosition":[137.836,198.735,3.65166],"pipPosition":[123.487,225.425,-13.337],"stabilizedTipPosition":[88.498,231.574,-0.612151],"timeVisible":0.05201,"tipPosition":[93.37,237.928,-5.57246],"tipVelocity":[747.08,648.718,-598.021],"tool":false,"touchDistance":0.333333,"touchZone":"none","type":4,"width":16.8306},{"bases":[[[-0.0113223,-0.538796,-0.84236],[0.982292,-0.163549,0.0914068],[-0.187016,-0.826408,0.531106]],[[-0.0424294,-0.669376,-0.741711],[0.926398,0.251651,-0.280103],[0.374147,-0.699005,0.609431]],[[-0.0424294,-0.669376,-0.741711],[0.774177,0.447242,-0.447911],[0.631546,-0.59322,0.499239]],[[-0.0424294,-0.669376,-0.741711],[0.608384,0.571562,-0.550623],[0.792508,-0.474608,0.382987]]],"btipPosition":[104.69,301.669,-2.31037],"carpPosition":[135.028,189.328,80.7601],"dipPosition":[117.993,293.702,4.11851],"direction":[-0.631546,0.59322,-0.499239],"extended":true,"handId":163,"id":1631,"length":57.7769,"mcpPosition":[148.783,250.11,41.6976],"pipPosition":[132.991,279.615,15.9738],"stabilizedTipPosition":[96.5997,291.891,7.88553],"timeVisible":0.05201,"tipPosition":[102.45,296.999,3.45009],"tipVelocity":[952.671,701.371,-739.618],"tool":false,"touchDistance":1,"touchZone":"none","type":1,"width":20.2742},{"bases":[[[-0.203775,-0.609665,-0.766019],[0.961892,-0.270388,-0.040682],[-0.18232,-0.745117,0.641529]],[[-0.222529,-0.687654,-0.691096],[0.878751,0.165529,-0.447657],[0.42223,-0.706918,0.567441]],[[-0.222529,-0.687654,-0.691096],[0.572807,0.481395,-0.663438],[0.788906,-0.543499,0.286769]],[[-0.222529,-0.687654,-0.691096],[0.141056,0.678702,-0.720741],[0.964668,-0.257869,-0.0540328]]],"btipPosition":[89.5429,288.368,-8.28654],"carpPosition":[136.672,182.976,70.3451],"dipPosition":[107.353,283.607,-9.28413],"direction":[-0.788906,0.543499,-0.286769],"extended":false,"handId":163,"id":1632,"length":65.8321,"mcpPosition":[149.389,234.947,25.5992],"pipPosition":[129.394,268.423,-1.27236],"stabilizedTipPosition":[82.1866,279.296,0.357325],"timeVisible":0.05201,"tipPosition":[87.5518,285.145,-2.75397],"tipVelocity":[734.079,475.735,-443.75],"tool":false,"touchDistance":0.242984,"touchZone":"hovering","type":2,"width":19.9119},{"bases":[[[-0.300311,-0.69054,-0.658002],[0.938573,-0.33687,-0.0748354],[-0.169984,-0.640057,0.749288]],[[-0.301906,-0.696564,-0.650885],[0.84747,0.116606,-0.517879],[0.436632,-0.707956,0.555113]],[[-0.301906,-0.696564,-0.650885],[0.510603,0.458413,-0.727422],[0.80507,-0.551957,0.217271]],[[-0.301906,-0.696564,-0.650885],[0.195971,0.622817,-0.757426],[0.932978,-0.356226,-0.0515256]]],"btipPosition":[87.6378,268.613,-15.8371],"carpPosition":[135.197,175.892,60.4205],"dipPosition":[104.764,262.074,-16.7829],"direction":[-0.80507,0.551957,-0.217271],"extended":false,"handId":163,"id":1633,"length":63.2994,"mcpPosition":[145.842,215.974,13.498],"pipPosition":[126.675,247.051,-10.8696],"stabilizedTipPosition":[65.2106,245.49,7.25228],"timeVisible":0.05201,"tipPosition":[87.0188,263.807,-10.1507],"tipVelocity":[929.591,807.059,-827.996],"tool":false,"touchDistance":-0.0554253,"touchZone":"hovering","type":3,"width":18.9475}],"r":[[0.996524,-0.055814,0.0618411],[0.0560714,0.998424,-0.00243314],[-0.0616078,0.0058922,0.998083]],"s":1.07172,"t":[20.54,16.8717,-13.3058],"timestamp":211093613925},{"currentFrameRate":57.6714,"devices":[],"gestures":[],"hands":[{"armBasis":[[-0.0583153,-0.672194,-0.738075],[0.985537,0.0790704,-0.14988],[0.159108,-0.736141,0.657861]],"armWidth":65.8467,"confidence":0.349842,"direction":[0.367084,0.675828,-0.639145],"elbow":[169.925,-33.2119,256.784],"grabAngle":1.13181,"grabStrength":0.169102,"id":163,"palmNormal":[-0.928312,0.309784,-0.205599],"palmPosition":[145.564,224.221,34.9427],"palmVelocity":[495.651,427.177,-224.99],"palmWidth":90.9649,"pinchDistance":38.7237,"pinchStrength":0.35849,"r":[[0.993383,-0.0749819,0.0869884],[0.075648,0.997125,-0.00438177],[-0.0864097,0.0109333,0.9962]],"s":1.10882,"sphereCenter":[78.3858,246.371,3.63983],"sphereRadius":71.5221,"stabilizedPalmPosition":[141.535,220.568,37.157],"t":[28.5358,24.1383,-17.8968],"timeVisible":0.069336,"type":"right","wrist":[126.978,165.491,79.2103]}],"id":316833,"interactionBox":{"center":[0,200,0],"size":[235.247,235.247,147.751]},"pointables":[{"bases":[[[0.878177,-0.414326,-0.239039],[0.319415,0.135953,0.937812],[-0.356062,-0.899917,0.251733]],[[0.929175,-0.239221,-0.281793],[0.349728,0.322105,0.879738],[-0.119685,-0.915981,0.382954]],[[0.929175,-0.239221,-0.281793],[0.359352,0.76321,0.537007],[0.086604,-0.600236,0.79512]],[[0.929175,-0.239221,-0.281793],[0.287358,0.946999,0.143593],[0.232508,-0.214398,0.948669]]],"btipPosition":[117.436,272.143,18.2163],"carpPosition":[119.71,201.395,85.7754],"dipPosition":[122.782,267.213,40.0295],"direction":[-0.086604,0.600236,-0.79512],"extended":false,"handId":163,"id":1630,"length":51.203,"mcpPosition":[119.71,201.395,85.7754],"pipPosition":[125.683,247.106,66.6645],"stabilizedTipPosition":[113.046,266.296,24.4925],"timeVisible":0.069336,"tipPosition":[114.517,267.704,18.6926],"tipVelocity":[838.773,695.137,-72.1145],"tool":false,"touchDistance":1,"touchZone":"none","type":0,"width":21.225},{"bases":[[[0.00342525,-0.545831,-0.837889],[0.973192,-0.19087,0.128318],[-0.229968,-0.815866,0.530544]],[[-0.0447145,-0.704295,-0.708498],[0.961824,0.161322,-0.221067],[0.269992,-0.691335,0.670194]],[[-0.0447145,-0.704295,-0.708498],[0.852961,0.342282,-0.394083],[0.520057,-0.621942,0.585431]],[[-0.0447145,-0.704295,-0.708498],[0.732991,0.458738,-0.502277],[0.678767,-0.541782,0.49573]]],"btipPosition":[123.082,310.227,-12.5516],"carpPosition":[141.308,197.177,76.9816],"dipPosition":[134.476,301.133,-4.2302],"direction":[-0.520057,0.621942,-0.585431],"extended":true,"handId":163,"id":1631,"length":57.7769,"mcpPosition":[158.222,257.183,37.9605],"pipPosition":[146.826,286.364,9.67192],"stabilizedTipPosition":[114.451,301.855,-3.4763],"timeVisible":0.069336,"tipPosition":[118.386,306.079,-5.11505],"tipVelocity":[1036.16,479.01,-565.967],"tool":false,"touchDistance":0.877539,"touchZone":"hovering","type":1,"width":20.2742},{"bases":[[[-0.193632,-0.610449,-0.768023],[0.954476,-0.298267,-0.00356765],[-0.226898,-0.73375,0.640413]],[[-0.214001,-0.676389,-0.704771],[0.932864,0.0725137,-0.352854],[0.289772,-0.732967,0.615461]],[[-0.214001,-0.676389,-0.704771],[0.771072,0.325975,-0.546981],[0.599709,-0.660484,0.451786]],[[-0.214001,-0.676389,-0.704771],[0.651466,0.438778,-0.618923],[0.727871,-0.591584,0.346745]]],"btipPosition":[115.051,305.948,-26.1532],"carpPosition":[143.141,190.685,66.6842],"dipPosition":[128.49,295.026,-19.7514],"direction":[-0.599709,0.660484,-0.451786],"extended":true,"handId":163,"id":1632,"length":65.8321,"mcpPosition":[158.967,241.863,22.0162],"pipPosition":[145.245,276.574,-7.12937],"stabilizedTipPosition":[82.1866,279.296,0.357325],"timeVisible":0.069336,"tipPosition":[110.638,299.423,-18.2932],"tipVelocity":[1414.24,932.876,-932.98],"tool":false,"touchDistance":-0.0764293,"touchZone":"hovering","type":2,"width":19.9119},{"bases":[[[-0.296309,-0.68754,-0.662941],[0.930483,-0.364357,-0.0380135],[-0.215411,-0.628119,0.747706]],[[-0.291377,-0.673203,-0.67963],[0.906943,0.0315369,-0.420071],[0.304227,-0.738785,0.601368]],[[-0.291377,-0.673203,-0.67963],[0.734381,0.297856,-0.60989],[0.613012,-0.676815,0.407599]],[[-0.291377,-0.673203,-0.67963],[0.611058,0.415638,-0.673686],[0.736008,-0.61159,0.290259]]],"btipPosition":[111.76,284.97,-32.8736],"carpPosition":[141.82,183.558,56.7694],"dipPosition":[125.271,273.743,-27.5454],"direction":[-0.613012,0.676815,-0.407599],"extended":true,"handId":163,"id":1633,"length":63.2994,"mcpPosition":[155.31,222.893,9.946],"pipPosition":[141.955,255.323,-16.452],"stabilizedTipPosition":[93.2582,266.331,-14.7196],"timeVisible":0.069336,"tipPosition":[107.988,278.019,-25.0385],"tipVelocity":[1344.28,881.862,-900.004],"tool":false,"touchDistance":-0.312118,"touchZone":"hovering","type":3,"width":18.9475},{"bases":[[[-0.468891,-0.6859,-0.556491],[0.850358,-0.520911,-0.0744538],[-0.238814,-0.508127,0.827511]],[[-0.425181,-0.596828,-0.680454],[0.867969,-0.0557128,-0.493484],[0.256615,-0.800433,0.541716]],[[-0.425181,-0.596828,-0.680454],[0.646045,0.326418,-0.689983],[0.633913,-0.732972,0.246791]],[[-0.425181,-0.596828,-0.680454],[0.461623,0.503673,-0.730218],[0.77854,-0.624588,0.0613571]]],"btipPosition":[112.887,258.271,-24.647],"carpPosition":[133.323,176.347,47.9235],"dipPosition":[126.071,247.694,-23.6079],"direction":[-0.633913,0.732972,-0.246791],"extended":false,"handId":163,"id":1634,"length":49.6255,"mcpPosition":[147.167,205.802,-0.0466252],"pipPosition":[138.253,233.609,-18.8656],"stabilizedTipPosition":[105.019,246.193,-14.9493],"timeVisible":0.069336,"tipPosition":[111.283,252.007,-19.1705],"tipVelocity":[1128.94,1056.26,-1043.56],"tool":false,"touchDistance":0.333333,"touchZone":"hovering","type":4,"width":16.8306}],"r":[[0.993383,-0.0749819,0.0869884],[0.075648,0.997125,-0.00438177],[-0.0864097,0.0109333,0.9962]],"s":1.10882,"t":[28.5358,24.1383,-17.8968],"timestamp":211093631251},{"currentFrameRate":57.6804,"devices":[],"gestures":[],"hands":[{"armBasis":[[-0.0649552,-0.585071,-0.808376],[0.993063,0.0416677,-0.109953],[0.0980134,-0.809911,0.578306]],"armWidth":65.8467,"confidence":0.427176,"direction":[0.412368,0.660089,-0.627881],"elbow":[158.225,-45.6646,229.431],"grabAngle":0.956323,"grabStrength":0.0503204,"id":163,"palmNormal":[-0.909427,0.338978,-0.24091],"palmPosition":[154.035,231.629,30.5208],"palmVelocity":[489.417,428.029,-255.497],"palmWidth":90.9649,"pinchDistance":40.9016,"pinchStrength":0.264221,"r":[[0.98872,-0.0966055,0.11446],[0.0979062,0.995179,-0.00578401],[-0.11335,0.0169251,0.993411]],"s":1.14775,"sphereCenter":[77.1931,260.671,-3.43172],"sphereRadius":84.3666,"stabilizedPalmPosition":[150.762,228.733,32.2582],"t":[36.7688,31.4756,-22.4032],"timeVisible":0.086643,"type":"right","wrist":[131.768,172.951,73.3318]}],"id":316834,"interactionBox":{"center":[0,200,0],"size":[235.247,235.247,147.751]},"pointables":[{"bases":[[[0.872227,-0.444135,-0.204852],[0.289086,0.130293,0.948395],[-0.394525,-0.886435,0.242038]],[[0.924565,-0.294869,-0.241313],[0.321516,0.263899,0.909387],[-0.204468,-0.918373,0.338797]],[[0.924565,-0.294869,-0.241313],[0.381015,0.71996,0.580074],[0.00268993,-0.628259,0.777999]],[[0.924565,-0.294869,-0.241313],[0.34125,0.922542,0.180178],[0.169492,-0.248934,0.953574]]],"btipPosition":[131.811,282.528,15.5624],"carpPosition":[125.594,209.928,80.4571],"dipPosition":[135.708,276.804,37.4883],"direction":[-0.00268993,0.628259,-0.777999],"extended":false,"handId":163,"id":1630,"length":51.203,"mcpPosition":[125.594,209.928,80.4571],"pipPosition":[135.798,255.758,63.5498],"stabilizedTipPosition":[129.021,278.415,21.334],"timeVisible":0.086643,"tipPosition":[127.081,277.396,14.9875],"tipVelocity":[811.319,589.506,-151.847],"tool":false,"touchDistance":1,"touchZone":"none","type":0,"width":21.225},{"bases":[[[0.0161857,-0.550008,-0.835002],[0.961008,-0.222003,0.16486],[-0.276047,-0.805112,0.524969]],[[-0.046611,-0.717712,-0.694778],[0.98427,0.0856577,-0.154517],[0.170412,-0.691051,0.70243]],[[-0.046611,-0.717712,-0.694778],[0.912525,0.252349,-0.321898],[0.406357,-0.649006,0.643168]],[[-0.046611,-0.717712,-0.694778],[0.838742,0.349639,-0.417449],[0.54253,-0.602198,0.585679]]],"btipPosition":[141.703,318.863,-20.8826],"carpPosition":[147.349,204.958,72.4822],"dipPosition":[150.81,308.754,-11.0513],"direction":[-0.406357,0.649006,-0.643168],"extended":true,"handId":163,"id":1631,"length":57.7769,"mcpPosition":[167.652,264.173,33.8711],"pipPosition":[160.459,293.342,4.22189],"stabilizedTipPosition":[134.084,311.678,-13.6087],"timeVisible":0.086643,"tipPosition":[134.801,314.833,-13.1256],"tipVelocity":[1045.51,485.473,-461.299],"tool":false,"touchDistance":0.703363,"touchZone":"hovering","type":1,"width":20.2742},{"bases":[[[-0.185325,-0.607766,-0.772188],[0.943615,-0.329415,0.0328048],[-0.274308,-0.722569,0.634547]],[[-0.207028,-0.664537,-0.718004],[0.96537,-0.0196762,-0.260142],[0.158746,-0.746996,0.645598]],[[-0.207028,-0.664537,-0.718004],[0.871067,0.208915,-0.444519],[0.445402,-0.717457,0.535605]],[[-0.207028,-0.664537,-0.718004],[0.79253,0.316385,-0.521341],[0.573616,-0.676972,0.461165]]],"btipPosition":[137.925,316.672,-36.0243],"carpPosition":[149.344,198.357,62.2854],"dipPosition":[148.516,304.174,-27.5099],"direction":[-0.445402,0.717457,-0.535605],"extended":true,"handId":163,"id":1632,"length":65.8321,"mcpPosition":[168.477,248.755,18.0265],"pipPosition":[160.959,284.129,-12.5462],"stabilizedTipPosition":[120.008,301.727,-22.0228],"timeVisible":0.086643,"tipPosition":[130.788,310.294,-28.4745],"tipVelocity":[1283.8,598.681,-542.276],"tool":false,"touchDistance":-0.283333,"touchZone":"hovering","type":2,"width":19.9119},{"bases":[[[-0.294275,-0.6809,-0.670654],[0.918738,-0.394861,-0.00223716],[-0.263292,-0.616814,0.741767]],[[-0.280626,-0.648935,-0.7072],[0.945532,-0.0602592,-0.319904],[0.164982,-0.758454,0.630499]],[[-0.280626,-0.648935,-0.7072],[0.849209,0.175517,-0.498033],[0.447317,-0.740322,0.501827]],[[-0.280626,-0.648935,-0.7072],[0.766248,0.292255,-0.572233],[0.578025,-0.702474,0.415231]]],"btipPosition":[134.615,296.189,-43.0512],"carpPosition":[148.154,191.225,52.3572],"dipPosition":[145.225,283.294,-35.429],"direction":[-0.447317,0.740322,-0.501827],"extended":true,"handId":163,"id":1633,"length":63.2994,"mcpPosition":[164.642,229.851,5.90577],"pipPosition":[157.4,263.145,-21.771],"stabilizedTipPosition":[120.937,283.326,-31.5168],"timeVisible":0.086643,"tipPosition":[127.84,289.384,-35.5842],"tipVelocity":[1281.98,626.063,-557.577],"tool":false,"touchDistance":-0.453989,"touchZone":"hovering","type":3,"width":18.9475},{"bases":[[[-0.4705,-0.673048,-0.570645],[0.834888,-0.548892,-0.0409789],[-0.285641,-0.495705,0.820174]],[[-0.406174,-0.56414,-0.718866],[0.908716,-0.166529,-0.382758],[0.0962172,-0.808711,0.580283]],[[-0.406174,-0.56414,-0.718866],[0.800255,0.160187,-0.577869],[0.441152,-0.809991,0.386392]],[[-0.406174,-0.56414,-0.718866],[0.685473,0.332116,-0.647939],[0.604276,-0.75594,0.251806]]],"btipPosition":[134.26,269.446,-36.1596],"carpPosition":[139.754,184.25,43.2332],"dipPosition":[144.493,256.645,-31.8953],"direction":[-0.441152,0.809991,-0.386392],"extended":true,"handId":163,"id":1634,"length":49.6255,"mcpPosition":[156.313,212.986,-4.31168],"pipPosition":[152.97,241.08,-24.4704],"stabilizedTipPosition":[125.417,259.305,-28.0097],"timeVisible":0.086643,"tipPosition":[128.946,263.053,-29.5323],"tipVelocity":[1195.71,616.14,-622.339],"tool":false,"touchDistance":0.333333,"touchZone":"hovering","type":4,"width":16.8306}],"r":[[0.98872,-0.0966055,0.11446],[0.0979062,0.995179,-0.00578401],[-0.11335,0.0169251,0.993411]],"s":1.14775,"t":[36.7688,31.4756,-22.4032],"timestamp":211093648558},{"currentFrameRate":57.6484,"devices":[],"gestures":[],"hands":[{"armBasis":[[-0.0133626,-0.532447,-0.846358],[0.999108,0.0268043,-0.032637],[0.0400635,-0.846039,0.531614]],"armWidth":65.8467,"confidence":0.499305,"direction":[0.439089,0.650459,-0.619762],"elbow":[149.189,-46.8585,212.053],"grabAngle":0.804727,"grabStrength":0,"id":163,"palmNormal":[-0.898428,0.321919,-0.298654],"palmPosition":[162.703,240.002,26.4562],"palmVelocity":[496.697,479.757,-232.89],"palmWidth":90.9649,"pinchDistance":42.104,"pinchStrength":0.156047,"r":[[0.982813,-0.110717,0.147716],[0.113435,0.993494,-0.0100776],[-0.14564,0.0266606,0.988978]],"s":1.19133,"sphereCenter":[70.3189,274.644,-13.6987],"sphereRadius":103.588,"stabilizedPalmPosition":[160.128,237.571,27.7077],"t":[45.2198,39.3308,-26.6888],"timeVisible":0.104096,"type":"right","wrist":[138.374,181.509,68.5565]}],"id":316835,"interactionBox":{"center":[0,200,0],"size":[235.247,235.247,147.751]},"pointables":[{"bases":[[[0.887146,-0.437836,-0.145848],[0.234655,0.155838,0.959506],[-0.397377,-0.885446,0.240991]],[[0.93115,-0.319439,-0.175838],[0.258265,0.237345,0.936465],[-0.257409,-0.917402,0.303504]],[[0.93115,-0.319439,-0.175838],[0.356976,0.700254,0.618234],[-0.0743564,-0.638438,0.766073]],[[0.93115,-0.319439,-0.175838],[0.353321,0.909619,0.218535],[0.0901374,-0.265616,0.959856]]],"btipPosition":[145.05,292.387,12.3744],"carpPosition":[131.786,219.111,75.2528],"dipPosition":[147.123,286.279,34.4448],"direction":[0.0743564,0.638438,-0.766073],"extended":false,"handId":163,"id":1630,"length":51.203,"mcpPosition":[131.786,219.111,75.2528],"pipPosition":[144.632,264.893,60.1068],"stabilizedTipPosition":[143.258,289.255,17.9844],"timeVisible":0.104096,"tipPosition":[138.83,286.754,10.9752],"tipVelocity":[734.545,559.828,-180.757],"tool":false,"touchDistance":1,"touchZone":"none","type":0,"width":21.225},{"bases":[[[0.0685476,-0.568967,-0.819498],[0.952829,-0.206104,0.222795],[-0.295665,-0.796114,0.528001]],[[0.00145613,-0.730957,-0.682422],[0.998755,0.0350893,-0.0354538],[0.0498609,-0.68152,0.730098]],[[0.00145613,-0.730957,-0.682422],[0.964817,0.180448,-0.191224],[0.262918,-0.658134,0.705503]],[[0.00145613,-0.730957,-0.682422],[0.927137,0.256705,-0.272984],[0.37472,-0.632301,0.678071]]],"btipPosition":[161.111,327.792,-29.1777],"carpPosition":[154.004,214.229,68.6092],"dipPosition":[167.402,317.178,-17.7954],"direction":[-0.262918,0.658134,-0.705503],"extended":true,"handId":163,"id":1631,"length":57.7769,"mcpPosition":[175.75,272.783,29.7751],"pipPosition":[173.645,301.55,-1.04199],"stabilizedTipPosition":[154.609,321.534,-22.9443],"timeVisible":0.104096,"tipPosition":[151.852,323.264,-22.6569],"tipVelocity":[1074.95,504.966,-454.842],"tool":false,"touchDistance":0.547284,"touchZone":"hovering","type":1,"width":20.2742},{"bases":[[[-0.135473,-0.627766,-0.766522],[0.943978,-0.316756,0.09258],[-0.300919,-0.711038,0.63551]],[[-0.153888,-0.670684,-0.725604],[0.987357,-0.0761362,-0.139027],[0.0379988,-0.737825,0.673922]],[[-0.153888,-0.670684,-0.725604],[0.934339,0.14013,-0.32768],[0.321449,-0.728386,0.605082]],[[-0.153888,-0.670684,-0.725604],[0.878063,0.243943,-0.411701],[0.453128,-0.700481,0.551363]]],"btipPosition":[158.477,325.236,-44.6265],"carpPosition":[156.634,207.419,58.698],"dipPosition":[166.843,312.303,-34.4469],"direction":[-0.321449,0.728386,-0.605082],"extended":true,"handId":163,"id":1632,"length":65.8321,"mcpPosition":[177.623,257.013,14.372],"pipPosition":[175.823,291.953,-17.5421],"stabilizedTipPosition":[148.569,316.246,-36.35],"timeVisible":0.104096,"tipPosition":[149.348,319.111,-38.2885],"tipVelocity":[1148.22,484.92,-470.934],"tool":false,"touchDistance":-0.406622,"touchZone":"hovering","type":2,"width":19.9119},{"bases":[[[-0.249052,-0.699883,-0.669431],[0.921813,-0.383302,0.0577904],[-0.297041,-0.602697,0.740623]],[[-0.225096,-0.650682,-0.725221],[0.973668,-0.122663,-0.192155],[0.0360743,-0.749378,0.661159]],[[-0.225096,-0.650682,-0.725221],[0.923735,0.0942334,-0.37126],[0.309912,-0.753481,0.579846]],[[-0.225096,-0.650682,-0.725221],[0.866889,0.206037,-0.453929],[0.444786,-0.730864,0.517691]]],"btipPosition":[156.493,304.606,-51.7948],"carpPosition":[156.075,200.045,48.8921],"dipPosition":[164.658,29