{"frames":97,"data":[{"currentFrameRate":115.28,"devices":[],"gestures":[],"hands":[{"armBasis":[[-0.650145,-0.309158,-0.694069],[-0.638947,0.716781,0.279236],[-0.411167,-0.625017,0.663547]],"armWidth":62.2267,"confidence":1,"direction":[0.531286,0.775176,-0.341814],"elbow":[-242.946,-52.3946,254.5],"grabAngle":1.4265,"grabStrength":0.126492,"id":727,"palmNormal":[0.708264,-0.627792,-0.322862],"palmPosition":[-95.6216,158.089,63.2924],"palmVelocity":[-0.308911,-5.76178,-4.52273],"palmWidth":85.5625,"pinchDistance":59.6865,"pinchStrength":0.194409,"r":[[0.978919,0.0279714,-0.202325],[-0.0453801,0.995605,-0.0819227],[0.199144,0.0893772,0.975886]],"s":0.937386,"sphereCenter":[-44.8025,140.55,44.8859],"sphereRadius":55.7971,"stabilizedPalmPosition":[-94.0984,160.736,64.2328],"t":[18.8439,6.09537,-16.7534],"timeVisible":12.3312,"type":"left","wrist":[-138.553,106.294,86.0291]},{"armBasis":[[0.833868,-0.377153,-0.403013],[-0.222876,0.437906,-0.870956],[0.504966,0.816085,0.281097]],"armWidth":62.2267,"confidence":1,"direction":[-0.264999,0.017915,-0.964082],"elbow":[227.154,321.099,219.7],"grabAngle":0.333591,"grabStrength":0,"id":729,"palmNormal":[-0.0411517,-0.999127,-0.00725479],"palmPosition":[69.0382,101.298,86.0818],"palmVelocity":[-2.9818,0.885709,-12.5658],"palmWidth":85.5625,"pinchDistance":49.6792,"pinchStrength":0,"r":[[0.989083,-0.00349057,-0.14732],[-0.0376561,0.960541,-0.275576],[0.142469,0.278115,0.949924]],"s":1.16589,"sphereCenter":[41.1254,-86.257,91.1794],"sphereRadius":191.263,"stabilizedPalmPosition":[68.4377,99.646,85.5509],"t":[-4.41086,-32.6003,31.1021],"timeVisible":5.12439,"type":"right","wrist":[98.9463,113.899,148.331]}],"id":1327366,"interactionBox":{"center":[0,200,0],"size":[235.247,235.247,147.751]},"pointables":[{"bases":[[[-0.716879,0.684382,-0.133065],[-0.149969,0.0350219,0.98807],[-0.680877,-0.728282,-0.0775292]],[[-0.302392,0.949857,-0.0795643],[0.130307,0.123883,0.983704],[-0.944235,-0.287097,0.161234]],[[-0.302392,0.949857,-0.0795643],[0.379602,0.196574,0.904025],[-0.874335,-0.243167,0.42001]],[[-0.302392,0.949857,-0.0795643],[0.585676,0.25101,0.770699],[-0.752026,-0.186455,0.632212]]],"btipPosition":[-22.3555,139.062,62.4109],"carpPosition":[-110.864,113.792,97.1152],"dipPosition":[-38.7583,134.995,76.2005],"direction":[0.874335,0.243167,-0.42001],"extended":false,"handId":727,"id":7270,"length":48.5712,"mcpPosition":[-110.864,113.792,97.1152],"pipPosition":[-66.5414,127.268,89.5468],"stabilizedTipPosition":[-22.72,141.249,69.0857],"timeVisible":12.3312,"tipPosition":[-26.187,138.282,65.6018],"tipVelocity":[-1.44659,-9.21004,0.020553],"tool":false,"touchDistance":-0.0430503,"touchZone":"touching","type":0,"width":20.0974},{"bases":[[[-0.36906,0.0605925,-0.927428],[-0.611157,0.735961,0.291286],[-0.700201,-0.674307,0.234582]],[[-0.307553,0.118287,-0.94415],[-0.431718,0.866891,0.249238],[-0.847957,-0.484261,0.215548]],[[-0.307553,0.118287,-0.94415],[0.0278293,0.992937,0.115334],[-0.951124,-0.00919634,0.308673]],[[-0.307553,0.118287,-0.94415],[0.394244,0.91891,-0.0132985],[-0.866015,0.376315,0.329248]]],"btipPosition":[-4.45847,192.854,55.8634],"carpPosition":[-122.066,132.6,92.9186],"dipPosition":[-18.2483,198.846,61.1062],"direction":[0.951124,0.00919634,-0.308673],"extended":true,"handId":727,"id":7271,"length":54.8072,"mcpPosition":[-73.6257,179.249,76.6899],"pipPosition":[-39.6736,198.639,68.0594],"stabilizedTipPosition":[-6.28561,197.445,57.4195],"timeVisible":12.3312,"tipPosition":[-7.96937,197.076,56.7613],"tipVelocity":[0.597644,-6.70085,-5.36564],"tool":false,"touchDistance":0.269909,"touchZone":"hovering","type":1,"width":19.197},{"bases":[[[-0.350635,-0.157423,-0.923186],[-0.679977,0.720627,0.13538],[-0.643961,-0.675215,0.359721]],[[-0.323475,-0.129128,-0.937385],[-0.555936,0.827572,0.0778432],[-0.765702,-0.546306,0.339486]],[[-0.323475,-0.129128,-0.937385],[-0.143368,0.985896,-0.0863367],[-0.935313,-0.106463,0.337426]],[[-0.323475,-0.129128,-0.937385],[0.185442,0.962783,-0.196619],[-0.927887,0.237432,0.287491]]],"btipPosition":[-9.20129,202.348,29.8042],"carpPosition":[-126.884,134.846,82.6319],"dipPosition":[-25.452,206.507,34.8392],"direction":[0.935313,0.106463,-0.337426],"extended":true,"handId":727,"id":7272,"length":62.4484,"mcpPosition":[-84.6362,179.144,59.0319],"pipPosition":[-50.2397,203.685,43.7817],"stabilizedTipPosition":[-11.6412,205.871,32.3812],"timeVisible":12.3312,"tipPosition":[-13.6089,203.832,30.899],"tipVelocity":[1.88833,-11.7499,-6.91253],"tool":false,"touchDistance":0.230405,"touchZone":"hovering","type":2,"width":18.854},{"bases":[[[-0.389314,-0.308944,-0.867749],[-0.723473,0.685647,0.0804744],[-0.570107,-0.659122,0.490444]],[[-0.3564,-0.271117,-0.894133],[-0.386549,0.914021,-0.12307],[-0.850623,-0.301764,0.430557]],[[-0.3564,-0.271117,-0.894133],[0.288653,0.878211,-0.381346],[-0.888627,0.394006,0.234736]],[[-0.3564,-0.271117,-0.894133],[0.74486,0.495282,-0.447078],[-0.564059,0.825343,-0.0254262]]],"btipPosition":[-29.2281,161.013,19.4215],"carpPosition":[-130.994,134.167,71.8565],"dipPosition":[-39.0501,175.385,18.9787],"direction":[0.888627,-0.394006,-0.234736],"extended":false,"handId":727,"id":7273,"length":60.0458,"mcpPosition":[-97.4125,172.992,42.9676],"pipPosition":[-61.9923,185.557,25.0391],"stabilizedTipPosition":[-29.1079,167.382,17.9212],"timeVisible":12.3312,"tipPosition":[-29.6447,169.625,16.8787],"tipVelocity":[2.74103,-10.135,-4.55067],"tool":false,"touchDistance":0.320395,"touchZone":"hovering","type":3,"width":17.9408},{"bases":[[[-0.327755,-0.492167,-0.806442],[-0.822724,0.568304,-0.0124607],[-0.464437,-0.659395,0.591182]],[[-0.309741,-0.466571,-0.828476],[-0.455896,0.837513,-0.301216],[-0.834398,-0.2844,0.47212]],[[-0.309741,-0.466571,-0.828476],[0.268033,0.793144,-0.546883],[-0.91226,0.391451,0.120612]],[[-0.309741,-0.466571,-0.828476],[0.63285,0.54913,-0.545855],[-0.709621,0.693374,-0.125182]]],"btipPosition":[-51.5302,154.313,12.4959],"carpPosition":[-132.379,127.261,60.4768],"dipPosition":[-62.9297,165.452,10.485],"direction":[0.91226,-0.391451,-0.120612],"extended":false,"handId":727,"id":7274,"length":47.0748,"mcpPosition":[-107.055,163.215,28.2417],"pipPosition":[-79.5587,172.587,12.6835],"stabilizedTipPosition":[-52.6537,157.68,14.1645],"timeVisible":12.3312,"tipPosition":[-54.7732,155.091,12.8374],"tipVelocity":[1.41494,-16.5913,-0.51389],"tool":false,"touchDistance":0.258812,"touchZone":"hovering","type":4,"width":15.9364},{"bases":[[[0.372755,0.881951,-0.288473],[-0.653491,0.470214,0.593168],[0.658789,-0.0325916,0.751621]],[[0.344742,0.882541,-0.319803],[-0.605979,0.469424,0.642208],[0.716898,-0.027602,0.696631]],[[0.344742,0.882541,-0.319803],[-0.934978,0.353132,-0.0333725],[0.0834801,0.310514,0.946896]],[[0.344742,0.882541,-0.319803],[-0.895023,0.206329,-0.395426],[-0.282996,0.422551,0.861025]]],"btipPosition":[34.045,77.1964,61.7403],"carpPosition":[64.1764,94.9842,143.309],"dipPosition":[27.8725,86.4129,80.5206],"direction":[-0.0834801,-0.310514,-0.946896],"extended":false,"handId":729,"id":7290,"length":48.5712,"mcpPosition":[64.1764,94.9842,143.309],"pipPosition":[30.5251,96.2799,110.609],"stabilizedTipPosition":[30.2387,76.2731,67.5801],"timeVisible":5.12439,"tipPosition":[31.2465,75.2774,66.6485],"tipVelocity":[23.8624,-13.6265,-23.8804],"tool":false,"touchDistance":0.300862,"touchZone":"hovering","type":0,"width":20.0974},{"bases":[[[0.9052,-0.0342072,-0.423607],[-0.02205,0.991633,-0.127195],[0.424414,0.124477,0.896871]],[[0.998031,0.0143616,-0.0610496],[-0.0291178,0.968262,-0.248235],[0.0555469,0.249524,0.966774]],[[0.998031,0.0143616,-0.0610496],[-0.0291178,0.968262,-0.248235],[0.0555469,0.249524,0.966774]],[[0.998031,0.0143616,-0.0610496],[-0.0336555,0.944038,-0.328116],[0.0529208,0.329525,0.942662]]],"btipPosition":[35.8935,83.7787,-5.81606],"carpPosition":[69.573,113.249,131.728],"dipPosition":[36.7362,89.0259,9.19429],"direction":[-0.0555469,-0.249524,-0.966774],"extended":true,"handId":729,"id":7291,"length":54.8072,"mcpPosition":[40.2115,104.638,69.6816],"pipPosition":[37.9874,94.6467,30.9721],"stabilizedTipPosition":[35.0782,84.7879,-2.0747],"timeVisible":5.12439,"tipPosition":[34.766,81.4137,-0.343663],"tipVelocity":[9.10684,-16.5622,-12.5452],"tool":false,"touchDistance":0.178038,"touchZone":"hovering","type":1,"width":19.197},{"bases":[[[0.944624,-0.18562,-0.27061],[0.140626,0.974066,-0.177258],[0.296495,0.129388,0.946229]],[[0.973423,-0.168715,-0.154865],[0.109416,0.936668,-0.332689],[0.201186,0.306903,0.930234]],[[0.973423,-0.168715,-0.154865],[0.0819946,0.888146,-0.452187],[0.213833,0.427471,0.878376]],[[0.973423,-0.168715,-0.154865],[0.0569199,0.833237,-0.549978],[0.221828,0.526546,0.820696]]],"btipPosition":[41.6294,71.5499,-15.3427],"carpPosition":[79.671,114.376,126.176],"dipPosition":[45.5144,80.7717,-0.969263],"direction":[-0.213833,-0.427471,-0.878376],"extended":true,"handId":729,"id":7292,"length":62.4484,"mcpPosition":[60.2191,105.887,64.0971],"pipPosition":[51.1814,92.1005,22.3095],"stabilizedTipPosition":[41.6349,73.7845,-12.3828],"timeVisible":5.12439,"tipPosition":[41.3061,73.4758,-10.9168],"tipVelocity":[6.33092,-16.9449,-6.63383],"tool":false,"touchDistance":-0.123726,"touchZone":"touching","type":2,"width":18.854},{"bases":[[[0.964653,-0.237454,-0.114278],[0.217135,0.961943,-0.165885],[0.149318,0.135208,0.979501]],[[0.940303,-0.251746,-0.22903],[0.175462,0.935202,-0.307587],[0.291623,0.249039,0.923545]],[[0.940303,-0.251746,-0.22903],[0.13277,0.890963,-0.434232],[0.313373,0.377901,0.871199]],[[0.940303,-0.251746,-0.22903],[0.0956967,0.841366,-0.531926],[0.326608,0.478254,0.81523]]],"btipPosition":[55.7039,76.5481,-10.6558],"carpPosition":[90.4203,112.967,122.185],"dipPosition":[61.3911,84.876,3.5398],"direction":[-0.313373,-0.377901,-0.871199],"extended":true,"handId":729,"id":7293,"length":60.0458,"mcpPosition":[81.625,105.003,64.4888],"pipPosition":[69.4817,94.6325,26.0321],"stabilizedTipPosition":[56.2867,78.3278,-7.99792],"timeVisible":5.12439,"tipPosition":[57.2274,77.7746,-6.34705],"tipVelocity":[5.7036,-7.30377,-7.64866],"tool":false,"touchDistance":-0.142751,"touchZone":"touching","type":3,"width":17.9408},{"bases":[[[0.926226,-0.375864,0.0288476],[0.376864,0.921441,-0.094447],[0.00891791,0.0983508,0.995112]],[[0.8866,-0.388364,-0.251224],[0.338109,0.914801,-0.220955],[0.315631,0.110958,0.942372]],[[0.8866,-0.388364,-0.251224],[0.294973,0.893103,-0.339643],[0.356274,0.227023,0.906383]],[[0.8866,-0.388364,-0.251224],[0.276977,0.880771,-0.384091],[0.370438,0.270952,0.88846]]],"btipPosition":[78.1469,87.9731,5.17881],"carpPosition":[101.48,105.483,121.288],"dipPosition":[84.0977,92.3258,19.4513],"direction":[-0.356274,-0.227023,-0.906383],"extended":true,"handId":729,"id":7294,"length":47.0748,"mcpPosition":[100.993,100.121,67.028],"pipPosition":[90.592,96.464,35.9731],"stabilizedTipPosition":[78.916,88.7355,8.26362],"timeVisible":5.12439,"tipPosition":[80.0532,86.3257,9.9587],"tipVelocity":[4.3326,-1.34767,-8.34011],"tool":false,"touchDistance":-0.262912,"touchZone":"touching","type":4,"width":15.9364}],"r":[[-0.85111,0.439885,-0.286555],[-0.136594,-0.71258,-0.688165],[-0.506907,-0.546562,0.66657]],"s":63.9835,"t":[-1685.93,-10190.2,11155.3],"timestamp":747030210896},{"currentFrameRate":114.46,"devices":[],"gestures":[],"hands":[{"armBasis":[[-0.64978,-0.310556,-0.693787],[-0.639692,0.716432,0.278424],[-0.410585,-0.624724,0.664184]],"armWidth":62.2267,"confidence":1,"direction":[0.531156,0.77512,-0.342143],"elbow":[-242.825,-52.3126,254.668],"grabAngle":1.42616,"grabStrength":0.126233,"id":727,"palmNormal":[0.708727,-0.627755,-0.321916],"palmPosition":[-95.6638,158.097,63.2768],"palmVelocity":[-4.16792,0.867485,-1.54341],"palmWidth":85.5625,"pinchDistance":59.7119,"pinchStrength":0.194148,"r":[[0.978917,0.0280204,-0.202329],[-0.0454443,0.995596,-0.0819911],[0.19914,0.0894571,0.975879]],"s":0.937342,"sphereCenter":[-44.8379,140.546,44.8705],"sphereRadius":55.8035,"stabilizedPalmPosition":[-94.101,160.732,64.2312],"t":[18.8145,6.084,-16.7787],"timeVisible":12.3413,"type":"left","wrist":[-138.58,106.302,86.0352]},{"armBasis":[[0.841048,-0.36986,-0.394769],[-0.224713,0.424949,-0.876882],[0.49208,0.82621,0.27429]],"armWidth":62.2267,"confidence":1,"direction":[-0.263951,0.0186848,-0.964355],"elbow":[223.691,323.87,217.904],"grabAngle":0.337243,"grabStrength":0,"id":729,"palmNormal":[-0.039787,-0.999172,-0.0084694],"palmPosition":[69.035,101.372,86.006],"palmVelocity":[-0.308975,7.27235,-7.47765],"palmWidth":85.5625,"pinchDistance":49.4764,"pinchStrength":0,"r":[[0.98922,-0.00263241,-0.14641],[-0.0381406,0.960696,-0.27497],[0.14138,0.27759,0.95024]],"s":1.16439,"sphereCenter":[41.399,-85.3281,90.8741],"sphereRadius":190.325,"stabilizedPalmPosition":[68.4424,99.6597,85.5545],"t":[-4.41597,-32.5408,31.0294],"timeVisible":5.13453,"type":"right","wrist":[98.7546,114.1,148.263]}],"id":1327367,"interactionBox":{"center":[0,200,0],"size":[235.247,235.247,147.751]},"pointables":[{"bases":[[[-0.717094,0.683961,-0.134063],[-0.150574,0.0357805,0.987951],[-0.680517,-0.72864,-0.0773286]],[[-0.302627,0.949702,-0.0805187],[0.129732,0.124739,0.983672],[-0.944238,-0.28724,0.160956]],[[-0.302627,0.949702,-0.0805187],[0.379146,0.197463,0.904023],[-0.874451,-0.243054,0.419833]],[[-0.302627,0.949702,-0.0805187],[0.58513,0.25181,0.770853],[-0.752356,-0.186167,0.631903]]],"btipPosition":[-22.3877,139.089,62.4485],"carpPosition":[-110.907,113.822,97.1273],"dipPosition":[-38.7978,135.029,76.2313],"direction":[0.874451,0.243054,-0.419833],"extended":false,"handId":727,"id":7270,"length":48.5712,"mcpPosition":[-110.907,113.822,97.1273],"pipPosition":[-66.5846,127.305,89.572],"stabilizedTipPosition":[-22.7244,141.245,69.0814],"timeVisible":12.3413,"tipPosition":[-26.222,138.323,65.6441],"tipVelocity":[-3.34526,2.83332,3.55579],"tool":false,"touchDistance":-0.0424498,"touchZone":"touching","type":0,"width":20.0974},{"bases":[[[-0.368532,0.0596604,-0.927699],[-0.611648,0.73594,0.290308],[-0.70005,-0.674413,0.234726]],[[-0.307372,0.117064,-0.944361],[-0.432228,0.866949,0.24815],[-0.847763,-0.484453,0.215878]],[[-0.307372,0.117064,-0.944361],[0.0269628,0.993077,0.114327],[-0.951207,-0.00967833,0.308401]],[[-0.307372,0.117064,-0.944361],[0.393266,0.919318,-0.0140411],[-0.866524,0.375701,0.32861]]],"btipPosition":[-4.51561,192.912,55.8464],"carpPosition":[-122.115,132.622,92.9084],"dipPosition":[-18.3136,198.894,61.079],"direction":[0.951207,0.00967833,-0.308401],"extended":true,"handId":727,"id":7271,"length":54.8072,"mcpPosition":[-73.685,179.279,76.6698],"pipPosition":[-39.7407,198.676,68.0261],"stabilizedTipPosition":[-6.28784,197.44,57.419],"timeVisible":12.3413,"tipPosition":[-8.02386,197.112,56.7661],"tipVelocity":[-5.82344,5.48213,-1.9134],"tool":false,"touchDistance":0.269586,"touchZone":"hovering","type":1,"width":19.197},{"bases":[[[-0.350016,-0.158344,-0.923264],[-0.680369,0.720446,0.134373],[-0.643885,-0.675192,0.3599]],[[-0.322923,-0.130114,-0.937439],[-0.556222,0.827482,0.0767514],[-0.765727,-0.546209,0.339585]],[[-0.322923,-0.130114,-0.937439],[-0.143756,0.985755,-0.0873002],[-0.935444,-0.106571,0.337028]],[[-0.322923,-0.130114,-0.937439],[0.185211,0.962665,-0.197416],[-0.928126,0.237374,0.286768]]],"btipPosition":[-9.24125,202.358,29.7963],"carpPosition":[-126.928,134.857,82.617],"dipPosition":[-25.4962,206.515,34.8187],"direction":[0.935444,0.106571,-0.337028],"extended":true,"handId":727,"id":7272,"length":62.4484,"mcpPosition":[-84.685,179.154,59.0053],"pipPosition":[-50.2873,203.691,43.7506],"stabilizedTipPosition":[-11.6439,205.866,32.3783],"timeVisible":12.3413,"tipPosition":[-13.6511,203.849,30.8942],"tipVelocity":[-4.0392,0.912041,-1.06673],"tool":false,"touchDistance":0.230225,"touchZone":"hovering","type":2,"width":18.854},{"bases":[[[-0.388662,-0.309835,-0.867724],[-0.723816,0.685401,0.079471],[-0.570116,-0.65896,0.490653]],[[-0.355766,-0.272035,-0.894107],[-0.386705,0.913807,-0.124159],[-0.850817,-0.301584,0.430299]],[[-0.355766,-0.272035,-0.894107],[0.288075,0.878195,-0.381819],[-0.889069,0.393408,0.234065]],[[-0.355766,-0.272035,-0.894107],[0.744534,0.495763,-0.447088],[-0.564889,0.824752,-0.0261641]]],"btipPosition":[-29.2307,161.023,19.4333],"carpPosition":[-131.031,134.168,71.8397],"dipPosition":[-39.0671,175.384,18.9777],"direction":[0.889069,-0.393408,-0.234065],"extended":false,"handId":727,"id":7273,"length":60.0458,"mcpPosition":[-97.449,172.983,42.9385],"pipPosition":[-62.0207,185.541,25.0207],"stabilizedTipPosition":[-29.1126,167.376,17.9239],"timeVisible":12.3413,"tipPosition":[-29.6663,169.618,16.8956],"tipVelocity":[-0.58044,0.684265,0.871591],"tool":false,"touchDistance":0.320542,"touchZone":"hovering","type":3,"width":17.9408},{"bases":[[[-0.327061,-0.49298,-0.806227],[-0.822961,0.567939,-0.0134254],[-0.464506,-0.659103,0.591454]],[[-0.308978,-0.4673,-0.82835],[-0.455718,0.837213,-0.302315],[-0.834778,-0.284086,0.471637]],[[-0.308978,-0.4673,-0.82835],[0.268247,0.792787,-0.547295],[-0.912456,0.391304,0.119602]],[[-0.308978,-0.4673,-0.82835],[0.632781,0.549208,-0.545856],[-0.710015,0.692821,-0.126006]]],"btipPosition":[-51.5312,154.289,12.5168],"carpPosition":[-132.407,127.251,60.4649],"dipPosition":[-62.9371,165.419,10.4926],"direction":[0.912456,-0.391304,-0.119602],"extended":false,"handId":727,"id":7274,"length":47.0748,"mcpPosition":[-107.079,163.19,28.215],"pipPosition":[-79.5697,172.552,12.6727],"stabilizedTipPosition":[-52.6574,157.678,14.1593],"timeVisible":12.3413,"tipPosition":[-54.7834,155.077,12.8478],"tipVelocity":[-0.250449,-2.5869,1.75572],"tool":false,"touchDistance":0.259109,"touchZone":"hovering","type":4,"width":15.9364},{"bases":[[[0.371878,0.882793,-0.287026],[-0.654788,0.468632,0.59299],[0.657997,-0.0325784,0.752316]],[[0.344252,0.883384,-0.317999],[-0.608882,0.467877,0.640589],[0.71467,-0.0269,0.698944]],[[0.344252,0.883384,-0.317999],[-0.935475,0.351538,-0.0361498],[0.0798544,0.309925,0.947402]],[[0.344252,0.883384,-0.317999],[-0.894093,0.205095,-0.398162],[-0.28651,0.421388,0.860432]]],"btipPosition":[34.2833,77.2076,61.5399],"carpPosition":[64.1182,94.9843,143.221],"dipPosition":[28.0341,86.3987,80.3073],"direction":[-0.0798544,-0.309925,-0.947402],"extended":false,"handId":729,"id":7290,"length":48.5712,"mcpPosition":[64.1182,94.9843,143.221],"pipPosition":[30.5715,96.247,110.412],"stabilizedTipPosition":[30.2786,76.3197,67.5537],"timeVisible":5.13453,"tipPosition":[31.3194,75.3719,66.4923],"tipVelocity":[21.773,0.530859,-20.0648],"tool":false,"touchDistance":0.297473,"touchZone":"hovering","type":0,"width":20.0974},{"bases":[[[0.905716,-0.0324831,-0.422639],[-0.0232549,0.99175,-0.126059],[0.423247,0.124002,0.897489]],[[0.998054,0.0157342,-0.060331],[-0.0303446,0.967882,-0.249568],[0.0544666,0.250913,0.966476]],[[0.998054,0.0157342,-0.060331],[-0.0303446,0.967882,-0.249568],[0.0544666,0.250913,0.966476]],[[0.998054,0.0157342,-0.060331],[-0.034818,0.943349,-0.329971],[0.0517214,0.331429,0.942061]]],"btipPosition":[35.9908,83.7153,-5.89179],"carpPosition":[69.5029,113.27,131.667],"dipPosition":[36.8144,88.9927,9.109],"direction":[-0.0544666,-0.250913,-0.966476],"extended":true,"handId":729,"id":7291,"length":54.8072,"mcpPosition":[40.2222,104.691,69.5777],"pipPosition":[38.0413,94.6449,30.8801],"stabilizedTipPosition":[35.1268,84.7941,-2.09088],"timeVisible":5.13453,"tipPosition":[34.9029,81.5863,-0.506302],"tipVelocity":[9.16989,-5.5717,-7.69021],"tool":false,"touchDistance":0.176739,"touchZone":"hovering","type":1,"width":19.197},{"bases":[[[0.945176,-0.184021,-0.269775],[0.1395,0.974463,-0.175962],[0.295266,0.128681,0.94671]],[[0.973677,-0.167334,-0.154765],[0.107866,0.936431,-0.333859],[0.200793,0.308377,0.929831]],[[0.973677,-0.167334,-0.154765],[0.0801975,0.887087,-0.454582],[0.213357,0.430204,0.877156]],[[0.973677,-0.167334,-0.154765],[0.0551333,0.831738,-0.552424],[0.221163,0.52935,0.81907]]],"btipPosition":[41.6865,71.4496,-15.344],"carpPosition":[79.6055,114.417,126.127],"dipPosition":[45.5598,80.7204,-0.999051],"direction":[-0.213357,-0.430204,-0.877156],"extended":true,"handId":729,"id":7292,"length":62.4484,"mcpPosition":[60.2342,105.975,64.0169],"pipPosition":[51.2142,92.1217,22.2474],"stabilizedTipPosition":[41.685,73.7737,-12.3648],"timeVisible":5.13453,"tipPosition":[41.4699,73.6247,-11.0745],"tipVelocity":[5.36661,-8.78493,-0.776123],"tool":false,"touchDistance":-0.123857,"touchZone":"touching","type":2,"width":18.854},{"bases":[[[0.965101,-0.236011,-0.113481],[0.216013,0.96243,-0.164517],[0.148045,0.134263,0.979825]],[[0.940759,-0.250258,-0.228788],[0.173808,0.935262,-0.308344],[0.291142,0.250312,0.923353]],[[0.940759,-0.250258,-0.228788],[0.13081,0.890368,-0.436042],[0.312829,0.380283,0.870358]],[[0.940759,-0.250258,-0.228788],[0.0938598,0.840571,-0.533508],[0.325827,0.480429,0.814263]]],"btipPosition":[55.7674,76.5118,-10.6667],"carpPosition":[90.3612,113.027,122.147],"dipPosition":[61.4411,84.8775,3.51214],"direction":[-0.312829,-0.380283,-0.870358],"extended":true,"handId":729,"id":7293,"length":60.0458,"mcpPosition":[81.6408,105.119,64.4314],"pipPosition":[69.5175,94.6955,25.9827],"stabilizedTipPosition":[56.3209,78.3325,-7.97216],"timeVisible":5.13453,"tipPosition":[57.3546,77.9481,-6.47764],"tipVelocity":[5.9588,-2.72465,-1.45064],"tool":false,"touchDistance":-0.142996,"touchZone":"touching","type":3,"width":17.9408},{"bases":[[[0.926703,-0.374641,0.0294393],[0.375717,0.922061,-0.0929492],[0.00767775,0.0971972,0.995236]],[[0.887473,-0.38687,-0.250447],[0.336478,0.91527,-0.221504],[0.314919,0.112309,0.94245]],[[0.887473,-0.38687,-0.250447],[0.292899,0.893041,-0.341595],[0.355812,0.229801,0.905864]],[[0.887473,-0.38687,-0.250447],[0.274853,0.880517,-0.386193],[0.369929,0.2739,0.887768]]],"btipPosition":[78.2066,87.97,5.15527],"carpPosition":[101.432,105.56,121.253],"dipPosition":[84.1492,92.37,19.4166],"direction":[-0.355812,-0.229801,-0.905864],"extended":true,"handId":729,"id":7294,"length":47.0748,"mcpPosition":[101.013,100.26,66.9864],"pipPosition":[90.6351,96.5589,35.929],"stabilizedTipPosition":[78.9572,88.751,8.27439],"timeVisible":5.13453,"tipPosition":[80.148,86.5335,9.86032],"tipVelocity":[5.70119,0.763628,-2.57477],"tool":false,"touchDistance":-0.263347,"touchZone":"touching","type":4,"width":15.9364}],"r":[[-0.851372,0.439339,-0.286614],[-0.136141,-0.712724,-0.688106],[-0.506588,-0.546814,0.666605]],"s":63.9839,"t":[-1685.91,-10190.3,11155.2],"timestamp":747030221029},{"currentFrameRate":115.355,"devices":[],"gestures":[],"hands":[{"armBasis":[[-0.649253,-0.311768,-0.693738],[-0.640558,0.715921,0.277746],[-0.410069,-0.624706,0.664519]],"armWidth":62.2267,"confidence":1,"direction":[0.530715,0.775406,-0.34218],"elbow":[-242.696,-52.3056,254.748],"grabAngle":1.42571,"grabStrength":0.125956,"id":727,"palmNormal":[0.709454,-0.62731,-0.32118],"palmPosition":[-95.6987,158.125,63.2699],"palmVelocity":[-4.87852,3.8916,-0.963586],"palmWidth":85.5625,"pinchDistance":59.7399,"pinchStrength":0.194029,"r":[[0.978935,0.0282052,-0.202213],[-0.045653,0.995574,-0.0821455],[0.199001,0.0896467,0.97589]],"s":0.937248,"sphereCenter":[-44.8555,140.582,44.8619],"sphereRadius":55.8109,"stabilizedPalmPosition":[-94.1031,160.728,64.2299],"t":[18.7824,6.09222,-16.7948],"timeVisible":12.3484,"type":"left","wrist":[-138.581,106.304,86.0297]},{"armBasis":[[0.846318,-0.363983,-0.388924],[-0.226383,0.415143,-0.881139],[0.482179,0.83377,0.268944]],"armWidth":62.2267,"confidence":1,"direction":[-0.263478,0.019355,-0.964471],"elbow":[221.063,325.963,216.486],"grabAngle":0.341127,"grabStrength":0,"id":729,"palmNormal":[-0.0386278,-0.999209,-0.00949966],"palmPosition":[69.0467,101.454,85.9481],"palmVelocity":[1.63118,11.4179,-8.10595],"palmWidth":85.5625,"pinchDistance":49.3446,"pinchStrength":0,"r":[[0.989345,-0.0016881,-0.145581],[-0.0387226,0.960866,-0.274295],[0.140347,0.277009,0.950562]],"s":1.1629,"sphereCenter":[41.7425,-84.3027,90.5672],"sphereRadius":189.298,"stabilizedPalmPosition":[68.4456,99.6691,85.5565],"t":[-4.41269,-32.4702,30.9641],"timeVisible":5.14167,"type":"right","wrist":[98.6407,114.273,148.202]}],"id":1327368,"interactionBox":{"center":[0,200,0],"size":[235.247,235.247,147.751]},"pointables":[{"bases":[[[-0.717586,0.683294,-0.13483],[-0.151216,0.0361197,0.987841],[-0.679856,-0.729249,-0.0774058]],[[-0.303218,0.949461,-0.0811321],[0.129259,0.125334,0.983658],[-0.944114,-0.287776,0.160729]],[[-0.303218,0.949461,-0.0811321],[0.378769,0.198212,0.904017],[-0.87441,-0.243384,0.419728]],[[-0.303218,0.949461,-0.0811321],[0.584569,0.252572,0.77103],[-0.752555,-0.186363,0.631609]]],"btipPosition":[-22.4091,139.16,62.4735],"carpPosition":[-110.926,113.853,97.1319],"dipPosition":[-38.8235,135.095,76.2499],"direction":[0.87441,0.243384,-0.419728],"extended":false,"handId":727,"id":7270,"length":48.5712,"mcpPosition":[-110.926,113.853,97.1319],"pipPosition":[-66.609,127.362,89.5872],"stabilizedTipPosition":[-22.7278,141.242,69.0779],"timeVisible":12.3484,"tipPosition":[-26.2416,138.41,65.6895],"tipVelocity":[-3.13569,9.78129,3.28717],"tool":false,"touchDistance":-0.0420583,"touchZone":"touching","type":0,"width":20.0974},{"bases":[[[-0.368007,0.0589128,-0.927955],[-0.612447,0.735562,0.289582],[-0.699628,-0.674891,0.234611]],[[-0.307277,0.116001,-0.944524],[-0.43297,0.866818,0.247314],[-0.847419,-0.484944,0.216128]],[[-0.307277,0.116001,-0.944524],[0.0256892,0.993192,0.113621],[-0.951273,-0.0106491,0.308165]],[[-0.307277,0.116001,-0.944524],[0.391733,0.919965,-0.0144551],[-0.867252,0.374443,0.328126]]],"btipPosition":[-4.5773,193.026,55.8461],"carpPosition":[-122.147,132.642,92.8972],"dipPosition":[-18.3869,198.988,61.071],"direction":[0.951273,0.0106491,-0.308165],"extended":true,"handId":727,"id":7271,"length":54.8072,"mcpPosition":[-73.746,179.331,76.6665],"pipPosition":[-39.8155,198.749,68.0128],"stabilizedTipPosition":[-6.28983,197.436,57.4185],"timeVisible":12.3484,"tipPosition":[-8.08679,197.204,56.7956],"tipVelocity":[-9.00687,15.3305,-0.287971],"tool":false,"touchDistance":0.269552,"touchZone":"hovering","type":1,"width":19.197},{"bases":[[[-0.349311,-0.159073,-0.923406],[-0.681057,0.719937,0.133612],[-0.643539,-0.675564,0.35982]],[[-0.32228,-0.130877,-0.937553],[-0.556721,0.827225,0.0758947],[-0.765635,-0.546415,0.339461]],[[-0.32228,-0.130877,-0.937553],[-0.144397,0.985604,-0.0879488],[-0.935567,-0.107036,0.336539]],[[-0.32228,-0.130877,-0.937553],[0.18454,0.96271,-0.197824],[-0.928483,0.236771,0.286111]]],"btipPosition":[-9.28582,202.425,29.8163],"carpPosition":[-126.955,134.868,82.6017],"dipPosition":[-25.547,206.572,34.8272],"direction":[0.935567,0.107036,-0.336539],"extended":true,"handId":727,"id":7272,"length":62.4484,"mcpPosition":[-84.7349,179.189,58.9953],"pipPosition":[-50.3414,203.735,43.7461],"stabilizedTipPosition":[-11.6461,205.862,32.3761],"timeVisible":12.3484,"tipPosition":[-13.7035,203.93,30.9166],"tipVelocity":[-6.43848,9.06382,2.43357],"tool":false,"touchDistance":0.230515,"touchZone":"hovering","type":2,"width":18.854},{"bases":[[[-0.387864,-0.310571,-0.867818],[-0.724441,0.684829,0.0786993],[-0.569865,-0.659208,0.490611]],[[-0.355027,-0.272807,-0.894165],[-0.387247,0.913471,-0.124941],[-0.850879,-0.301905,0.429951]],[[-0.355027,-0.272807,-0.894165],[0.286873,0.878536,-0.381941],[-0.889752,0.392112,0.233643]],[[-0.355027,-0.272807,-0.894165],[0.7441,0.496548,-0.44694],[-0.565924,0.824025,-0.026708]]],"btipPosition":[-29.2272,161.099,19.4531],"carpPosition":[-131.051,134.17,71.8222],"dipPosition":[-39.0817,175.448,18.988],"direction":[0.889752,-0.392112,-0.233643],"extended":false,"handId":727,"id":7273,"length":60.0458,"mcpPosition":[-97.4838,172.999,42.9234],"pipPosition":[-62.053,185.571,25.0202],"stabilizedTipPosition":[-29.1163,167.371,17.9262],"timeVisible":12.3484,"tipPosition":[-29.6847,169.672,16.9276],"tipVelocity":[-0.0959374,10.2615,2.47096],"tool":false,"touchDistance":0.320837,"touchZone":"hovering","type":3,"width":17.9408},{"bases":[[[-0.326147,-0.493635,-0.806196],[-0.82343,0.567239,-0.014203],[-0.464318,-0.659214,0.591478]],[[-0.308019,-0.467876,-0.828382],[-0.455752,0.836872,-0.303208],[-0.835114,-0.284143,0.471008]],[[-0.308019,-0.467876,-0.828382],[0.268012,0.792779,-0.547422],[-0.912849,0.390633,0.118795]],[[-0.308019,-0.467876,-0.828382],[0.632224,0.549986,-0.545717],[-0.710927,0.691814,-0.126396]]],"btipPosition":[-51.5158,154.321,12.5422],"carpPosition":[-132.414,127.247,60.4498],"dipPosition":[-62.9363,165.435,10.5117],"direction":[0.912849,-0.390633,-0.118795],"extended":false,"handId":727,"id":7274,"length":47.0748,"mcpPosition":[-107.096,163.192,28.1987],"pipPosition":[-79.576,172.555,12.6771],"stabilizedTipPosition":[-52.6599,157.677,14.1559],"timeVisible":12.3484,"tipPosition":[-54.7837,155.118,12.8667],"tipVelocity":[1.6948,3.95279,3.35286],"tool":false,"touchDistance":0.259508,"touchZone":"hovering","type":4,"width":15.9364},{"bases":[[[0.371004,0.883512,-0.285943],[-0.655633,0.467275,0.593126],[0.657648,-0.0325789,0.752621]],[[0.343561,0.884103,-0.316744],[-0.610915,0.466554,0.639618],[0.713266,-0.0262441,0.700402]],[[0.343561,0.884103,-0.316744],[-0.935933,0.350136,-0.0378654],[0.0774266,0.30946,0.947755]],[[0.343561,0.884103,-0.316744],[-0.893919,0.204472,-0.398874],[-0.287881,0.420181,0.860565]]],"btipPosition":[34.4459,77.2359,61.3904],"carpPosition":[64.1079,95.0023,143.154],"dipPosition":[28.1668,86.4008,80.1607],"direction":[-0.0774266,-0.30946,-0.947755],"extended":false,"handId":729,"id":7290,"length":48.5712,"mcpPosition":[64.1079,95.0023,143.154],"pipPosition":[30.6271,96.2343,110.277],"stabilizedTipPosition":[30.3051,76.3491,67.5358],"timeVisible":5.14167,"tipPosition":[31.3846,75.462,66.3831],"tipVelocity":[21.7977,3.1208,-20.8289],"tool":false,"touchDistance":0.294993,"touchZone":"hovering","type":0,"width":20.0974},{"bases":[[[0.90597,-0.0310094,-0.422205],[-0.0243364,0.99185,-0.125069],[0.422642,0.123583,0.897831]],[[0.998044,0.0168991,-0.0601863],[-0.0314926,0.967592,-0.250547],[0.0540017,0.251953,0.966232]],[[0.998044,0.0168991,-0.0601863],[-0.0314926,0.967592,-0.250547],[0.0540017,0.251953,0.966232]],[[0.998044,0.0168991,-0.0601863],[-0.0359489,0.942803,-0.331406],[0.0511433,0.332921,0.941567]]],"btipPosition":[36.0454,83.6914,-5.938],"carpPosition":[69.4774,113.306,131.621],"dipPosition":[36.8598,88.9926,9.05491],"direction":[-0.0540017,-0.251953,-0.966232],"extended":true,"handId":729,"id":7291,"length":54.8072,"mcpPosition":[40.2384,104.756,69.5083],"pipPosition":[38.0762,94.6682,30.8205],"stabilizedTipPosition":[35.1571,84.7973,-2.1018],"timeVisible":5.14167,"tipPosition":[34.995,81.7494,-0.621518],"tipVelocity":[7.34013,-2.57666,-6.72115],"tool":false,"touchDistance":0.175938,"touchZone":"hovering","type":1,"width":19.197},{"bases":[[[0.945526,-0.182656,-0.269475],[0.138464,0.974801,-0.174905],[0.294631,0.128065,0.946991]],[[0.973812,-0.166166,-0.155177],[0.106422,0.936283,-0.334736],[0.200911,0.309455,0.929447]],[[0.973812,-0.166166,-0.155177],[0.0783875,0.886062,-0.456891],[0.213416,0.432762,0.875883]],[[0.973812,-0.166166,-0.155177],[0.0530745,0.829814,-0.555511],[0.221075,0.532727,0.816901]]],"btipPosition":[41.6987,71.3679,-15.3128],"carpPosition":[79.5815,114.47,126.088],"dipPosition":[45.5706,80.6979,-1.00584],"direction":[-0.213416,-0.432762,-0.875883],"extended":true,"handId":729,"id":7292,"length":62.4484,"mcpPosition":[60.2518,106.068,63.9591],"pipPosition":[51.2265,92.1669,22.2068],"stabilizedTipPosition":[41.7182,73.7642,-12.3522],"timeVisible":5.14167,"tipPosition":[41.5811,73.7682,-11.1892],"tipVelocity":[1.66537,-9.53053,3.14313],"tool":false,"touchDistance":-0.123482,"touchZone":"touching","type":2,"width":18.854},{"bases":[[[0.965432,-0.234781,-0.113223],[0.214985,0.962845,-0.163434],[0.147387,0.133443,0.980036]],[[0.941066,-0.248979,-0.22892],[0.172303,0.935333,-0.308973],[0.291045,0.25132,0.923109]],[[0.941066,-0.248979,-0.22892],[0.128807,0.889652,-0.438096],[0.312736,0.38279,0.869291]],[[0.941066,-0.248979,-0.22892],[0.0916644,0.839249,-0.535965],[0.325565,0.483395,0.812611]]],"btipPosition":[55.7968,76.4714,-10.6479],"carpPosition":[90.3408,113.097,122.111],"dipPosition":[61.4659,84.8888,3.50217],"direction":[-0.312736,-0.38279,-0.869291],"extended":true,"handId":729,"id":7293,"length":60.0458,"mcpPosition":[81.6592,105.237,64.3837],"pipPosition":[69.54,94.7715,25.9452],"stabilizedTipPosition":[56.3447,78.3348,-7.95449],"timeVisible":5.14167,"tipPosition":[57.4359,78.1141,-6.57726],"tipVelocity":[3.96765,-3.9939,1.70548],"tool":false,"touchDistance":-0.142793,"touchZone":"touching","type":3,"width":17.9408},{"bases":[[[0.92712,-0.3736,0.0295373],[0.374699,0.922588,-0.0918241],[0.00705463,0.0961995,0.995337]],[[0.888104,-0.385594,-0.250179],[0.335011,0.915674,-0.222056],[0.314706,0.113396,0.942391]],[[0.888104,-0.385594,-0.250179],[0.290819,0.892877,-0.343795],[0.355944,0.232569,0.905105]],[[0.888104,-0.385594,-0.250179],[0.272628,0.88011,-0.388691],[0.370062,0.276992,0.886752]]],"btipPosition":[78.2317,87.9718,5.14477],"carpPosition":[101.42,105.643,121.216],"dipPosition":[84.1765,92.4214,19.3898],"direction":[-0.355944,-0.232569,-0.905105],"extended":true,"handId":729,"id":7294,"length":47.0748,"mcpPosition":[101.036,100.398,66.9438],"pipPosition":[90.6648,96.6608,35.8884],"stabilizedTipPosition":[78.9849,88.7615,8.28071],"timeVisible":5.14167,"tipPosition":[80.2089,86.7308,9.77769],"tipVelocity":[3.58981,1.85078,-1.99443],"tool":false,"touchDistance":-0.263584,"touchZone":"touching","type":4,"width":15.9364}],"r":[[-0.851602,0.438879,-0.286636],[-0.135781,-0.712844,-0.688053],[-0.506298,-0.547028,0.66665]],"s":63.9843,"t":[-1685.89,-10190.3,11155.2],"timestamp":747030228174},{"currentFrameRate":115.312,"devices":[],"gestures":[],"hands":[{"armBasis":[[-0.649987,-0.31169,-0.693085],[-0.640207,0.715976,0.278412],[-0.409454,-0.624682,0.664921]],"armWidth":62.2267,"confidence":1,"direction":[0.530815,0.775135,-0.342638],"elbow":[-242.558,-52.3022,254.866],"grabAngle":1.42522,"grabStrength":0.12521,"id":727,"palmNormal":[0.708874,-0.627669,-0.321759],"palmPosition":[-95.7139,158.103,63.2487],"palmVelocity":[-1.7347,-2.58072,-2.42216],"palmWidth":85.5625,"pinchDistance":59.7641,"pinchStrength":0.193006,"r":[[0.978919,0.0282549,-0.202285],[-0.0457346,0.995561,-0.0822654],[0.199062,0.0897826,0.975865]],"s":0.937148,"sphereCenter":[-44.898,140.502,44.7537],"sphereRadius":55.8259,"stabilizedPalmPosition":[-94.1055,160.724,64.2284],"t":[18.7587,6.08505,-16.8135],"timeVisible":12.3572,"type":"left","wrist":[-138.599,106.301,86.0459]},{"armBasis":[[0.852695,-0.35575,-0.382562],[-0.228198,0.405096,-0.885338],[0.469933,0.842223,0.264242]],"armWidth":62.2267,"confidence":1,"direction":[-0.262998,0.0203867,-0.964581],"elbow":[217.809,328.296,215.275],"grabAngle":0.345433,"grabStrength":0,"id":729,"palmNormal":[-0.0371272,-0.99925,-0.0109965],"palmPosition":[69.0573,101.555,85.9228],"palmVelocity":[1.21704,11.5863,-2.89012],"palmWidth":85.5625,"pinchDistance":49.1561,"pinchStrength":0,"r":[[0.989459,-0.000593996,-0.144812],[-0.0394475,0.96107,-0.273475],[0.139337,0.276305,0.950916]],"s":1.16139,"sphereCenter":[42.1294,-83.1622,90.2094],"sphereRadius":188.166,"stabilizedPalmPosition":[68.4498,99.6819,85.559],"t":[-4.40574,-32.3843,30.9188],"timeVisible":5.15042,"type":"right","wrist":[98.4957,114.46,148.185]}],"id":1327369,"interactionBox":{"center":[0,200,0],"size":[235.247,235.247,147.751]},"pointables":[{"bases":[[[-0.717358,0.683648,-0.134246],[-0.150374,0.0362147,0.987966],[-0.680283,-0.728912,-0.076824]],[[-0.302688,0.949652,-0.0808811],[0.130227,0.125275,0.983538],[-0.944151,-0.287173,0.16159]],[[-0.302688,0.949652,-0.0808811],[0.379533,0.197943,0.903755],[-0.874262,-0.242859,0.420339]],[[-0.302688,0.949652,-0.0808811],[0.584908,0.252091,0.77093],[-0.752504,-0.186044,0.631764]]],"btipPosition":[-22.4221,139.094,62.4027],"carpPosition":[-110.935,113.839,97.1243],"dipPosition":[-38.8354,135.036,76.1825],"direction":[0.874262,0.242859,-0.420339],"extended":false,"handId":727,"id":7270,"length":48.5712,"mcpPosition":[-110.935,113.839,97.1243],"pipPosition":[-66.6162,127.319,89.5393],"stabilizedTipPosition":[-22.7317,141.238,69.074],"timeVisible":12.3572,"tipPosition":[-26.2645,138.352,65.6107],"tipVelocity":[-1.459,-7.39358,-8.00368],"tool":false,"touchDistance":-0.0432249,"touchZone":"touching","type":0,"width":20.0974},{"bases":[[[-0.368752,0.0590773,-0.927649],[-0.611839,0.735872,0.290078],[-0.699768,-0.674538,0.235208]],[[-0.308348,0.115823,-0.944196],[-0.432302,0.867086,0.247541],[-0.84737,-0.484507,0.217294]],[[-0.308348,0.115823,-0.944196],[0.025871,0.993214,0.113387],[-0.950922,-0.0105353,0.309252]],[[-0.308348,0.115823,-0.944196],[0.391345,0.920123,-0.0149327],[-0.867047,0.374111,0.329045]]],"btipPosition":[-4.58387,192.978,55.7204],"carpPosition":[-122.15,132.633,92.8986],"dipPosition":[-18.3902,198.935,60.9599],"direction":[0.950922,0.0105353,-0.309252],"extended":true,"handId":727,"id":7271,"length":54.8072,"mcpPosition":[-73.7395,179.298,76.6266],"pipPosition":[-39.8109,198.698,67.9261],"stabilizedTipPosition":[-6.29168,197.432,57.4178],"timeVisible":12.3572,"tipPosition":[-8.08725,197.131,56.701],"tipVelocity":[-0.665695,-5.62879,-13.9941],"tool":false,"touchDistance":0.267512,"touchZone":"hovering","type":1,"width":19.197},{"bases":[[[-0.35016,-0.158918,-0.923111],[-0.680588,0.720278,0.134165],[-0.643575,-0.675237,0.36037]],[[-0.323079,-0.130685,-0.937305],[-0.55585,0.827785,0.07618],[-0.765931,-0.545614,0.340081]],[[-0.323079,-0.130685,-0.937305],[-0.143906,0.985686,-0.0878282],[-0.935367,-0.106509,0.337261]],[[-0.323079,-0.130685,-0.937305],[0.184506,0.962716,-0.197826],[-0.928212,0.236852,0.286921]]],"btipPosition":[-9.2908,202.345,29.7244],"carpPosition":[-126.966,134.861,82.6071],"dipPosition":[-25.5472,206.493,34.7494],"direction":[0.935367,0.106509,-0.337261],"extended":true,"handId":727,"id":7272,"length":62.4484,"mcpPosition":[-84.7432,179.161,58.9645],"pipPosition":[-50.3363,203.671,43.6875],"stabilizedTipPosition":[-11.6484,205.857,32.3735],"timeVisible":12.3572,"tipPosition":[-13.7219,203.865,30.8262],"tipVelocity":[-0.445103,-9.05731,-10.1402],"tool":false,"touchDistance":0.229037,"touchZone":"hovering","type":2,"width":18.854},{"bases":[[[-0.388742,-0.310395,-0.867488],[-0.724035,0.685191,0.0792894],[-0.569784,-0.658914,0.491099]],[[-0.355871,-0.272606,-0.893891],[-0.386898,0.913665,-0.124606],[-0.850685,-0.301501,0.430618]],[[-0.355871,-0.272606,-0.893891],[0.285908,0.878888,-0.381854],[-0.889726,0.391462,0.234831]],[[-0.355871,-0.272606,-0.893891],[0.743601,0.496761,-0.447533],[-0.56605,0.823963,-0.025927]]],"btipPosition":[-29.2585,161.078,19.3611],"carpPosition":[-131.071,134.165,71.831],"dipPosition":[-39.1152,175.425,18.9096],"direction":[0.889726,-0.391462,-0.234831],"extended":false,"handId":727,"id":7273,"length":60.0458,"mcpPosition":[-97.5086,172.977,42.9035],"pipPosition":[-62.0858,185.532,24.9724],"stabilizedTipPosition":[-29.1199,167.367,17.9281],"timeVisible":12.3572,"tipPosition":[-29.7376,169.601,16.8576],"tipVelocity":[-3.63743,-2.43544,-10.1637],"tool":false,"touchDistance":0.319355,"touchZone":"hovering","type":3,"width":17.9408},{"bases":[[[-0.327064,-0.493489,-0.805914],[-0.82316,0.567649,-0.0135279],[-0.464152,-0.658971,0.591878]],[[-0.308763,-0.467484,-0.828326],[-0.454975,0.837372,-0.302995],[-0.835262,-0.283314,0.471243]],[[-0.308763,-0.467484,-0.828326],[0.268632,0.792562,-0.547433],[-0.912416,0.391542,0.119132]],[[-0.308763,-0.467484,-0.828326],[0.632114,0.549875,-0.545957],[-0.710702,0.692168,-0.125722]]],"btipPosition":[-51.5643,154.254,12.5057],"carpPosition":[-132.447,127.243,60.4599],"dipPosition":[-62.9812,165.373,10.486],"direction":[0.912416,-0.391542,-0.119132],"extended":false,"handId":727,"id":7274,"length":47.0748,"mcpPosition":[-107.138,163.174,28.1869],"pipPosition":[-79.613,172.51,12.6576],"stabilizedTipPosition":[-52.6631,157.675,14.1514],"timeVisible":12.3572,"tipPosition":[-54.841,155.078,12.8099],"tipVelocity":[-5.45134,-7.52882,-3.88961],"tool":false,"touchDistance":0