{"frames":79,"data":[{"currentFrameRate":113.196,"devices":[],"gestures":[],"hands":[{"armBasis":[[-0.684364,0.0126911,-0.72903],[-0.431102,0.799326,0.418604],[-0.588045,-0.600764,0.541559]],"armWidth":64.459,"confidence":1,"direction":[0.558183,0.76532,-0.320493],"elbow":[-305.459,-47.7902,233.771],"grabAngle":1.52137,"grabStrength":0.307385,"id":722,"palmNormal":[0.579875,-0.6361,-0.50904],"palmPosition":[-99.111,164.984,66.4319],"palmVelocity":[-0.566909,2.58089,-0.464993],"palmWidth":90.0757,"pinchDistance":47.5153,"pinchStrength":0.409415,"r":[[0.974334,0.028547,-0.223289],[-0.079231,0.971944,-0.221468],[0.210702,0.233475,0.94926]],"s":0.842089,"sphereCenter":[-53.5107,140.953,29.0054],"sphereRadius":60.8253,"stabilizedPalmPosition":[-98.0618,165.762,64.0896],"t":[-8.02927,-50.7832,-15.4839],"timeVisible":11.8891,"type":"left","wrist":[-148.282,112.786,89.0197]},{"armBasis":[[0.957552,0.28633,-0.0333048],[0.189904,-0.539682,0.82017],[0.216865,-0.791681,-0.571149]],"armWidth":64.459,"confidence":1,"direction":[-0.0547384,0.790279,-0.610297],"elbow":[158.777,-86.6179,-11.7061],"grabAngle":0.205136,"grabStrength":0,"id":725,"palmNormal":[-0.398086,-0.577809,-0.712505],"palmPosition":[85.6561,187.37,107.374],"palmVelocity":[-7.7926,-7.67028,-4.79637],"palmWidth":90.0757,"pinchDistance":64.4903,"pinchStrength":0,"r":[[0.995472,0.0792549,-0.0524889],[-0.0821634,0.995056,-0.0557878],[0.047808,0.0598478,0.997062]],"s":1.0382,"sphereCenter":[116.125,220.69,80.1677],"sphereRadius":58.5553,"stabilizedPalmPosition":[86.3964,188.435,106.698],"t":[3.103,31.0702,11.4332],"timeVisible":2.64492,"type":"right","wrist":[100.812,124.988,140.955]}],"id":1324657,"interactionBox":{"center":[0,200,0],"size":[235.247,235.247,147.751]},"pointables":[{"bases":[[[-0.648536,0.757836,0.0713051],[0.000433341,-0.093309,0.995637],[-0.761184,-0.645738,-0.0601859]],[[-0.212434,0.972904,0.091271],[0.276866,-0.0296491,0.960451],[-0.937132,-0.229302,0.263065]],[[-0.212434,0.972904,0.091271],[0.462411,0.0178035,0.886487],[-0.860841,-0.230524,0.453664]],[[-0.212434,0.972904,0.091271],[0.665507,0.075653,0.742547],[-0.715522,-0.218483,0.663546]]],"btipPosition":[-22.35,139.698,53.8404],"carpPosition":[-114.851,115.367,97.9015],"dipPosition":[-39.1304,134.574,69.4019],"direction":[0.860841,0.230524,-0.453664],"extended":false,"handId":722,"id":7220,"length":52.2242,"mcpPosition":[-114.851,115.367,97.9015],"pipPosition":[-68.5421,126.698,84.9018],"stabilizedTipPosition":[-25.4391,137.793,57.6764],"timeVisible":11.8891,"tipPosition":[-26.3472,138.517,58.1664],"tipVelocity":[-2.74545,11.3125,-2.9803],"tool":false,"touchDistance":-0.181451,"touchZone":"touching","type":0,"width":20.6773},{"bases":[[[-0.4913,0.225395,-0.841321],[-0.477053,0.738531,0.476438],[-0.728728,-0.635428,0.255315]],[[-0.444325,0.265052,-0.855759],[-0.203241,0.900501,0.384436],[-0.872507,-0.34474,0.346245]],[[-0.444325,0.265052,-0.855759],[0.410835,0.909149,0.0682761],[-0.796109,0.321239,0.51285]],[[-0.444325,0.265052,-0.855759],[0.722206,0.671191,-0.167095],[-0.530089,0.692278,0.489649]]],"btipPosition":[-5.90756,178.058,43.676],"carpPosition":[-124.901,136.571,97.9816],"dipPosition":[-14.9832,189.911,52.0592],"direction":[0.796109,-0.321239,-0.51285],"extended":false,"handId":722,"id":7221,"length":58.9292,"mcpPosition":[-71.8278,182.85,79.387],"pipPosition":[-34.2653,197.691,64.4807],"stabilizedTipPosition":[-7.68919,179.053,45.8065],"timeVisible":11.8891,"tipPosition":[-8.6354,180.309,45.8504],"tipVelocity":[0.178344,16.9345,-6.49397],"tool":false,"touchDistance":-0.166467,"touchZone":"touching","type":1,"width":19.751},{"bases":[[[-0.496664,0.00824797,-0.867904],[-0.569128,0.751874,0.332833],[-0.6553,-0.659255,0.368735]],[[-0.444153,0.0595347,-0.893971],[-0.390385,0.885233,0.252909],[-0.806429,-0.461323,0.369938]],[[-0.444153,0.0595347,-0.893971],[0.119335,0.992831,0.00682877],[-0.887968,0.103649,0.448074]],[[-0.444153,0.0595347,-0.893971],[0.513863,0.834295,-0.199743],[-0.733943,0.548095,0.401148]]],"btipPosition":[-7.87083,195.444,24.8333],"carpPosition":[-131.205,140.904,88.4906],"dipPosition":[-21.6916,205.765,32.3872],"direction":[0.887968,-0.103649,-0.448074],"extended":true,"handId":722,"id":7222,"length":67.1451,"mcpPosition":[-85.9451,186.437,63.0232],"pipPosition":[-46.9945,208.719,45.1552],"stabilizedTipPosition":[-10.3185,196.476,26.9844],"timeVisible":11.8891,"tipPosition":[-11.8123,196.63,27.5462],"tipVelocity":[-6.69512,4.76892,-9.56728],"tool":false,"touchDistance":0.316966,"touchZone":"hovering","type":2,"width":19.3981},{"bases":[[[-0.543357,-0.14556,-0.826786],[-0.623758,0.729144,0.28156],[-0.561862,-0.668702,0.48698]],[[-0.492414,-0.0868292,-0.866019],[-0.352517,0.929642,0.107231],[-0.795777,-0.358088,0.488377]],[[-0.492414,-0.0868292,-0.866019],[0.173427,0.96527,-0.19539],[-0.852908,0.246404,0.460254]],[[-0.492414,-0.0868292,-0.866019],[0.526463,0.762631,-0.375807],[-0.693084,0.640979,0.329818]]],"btipPosition":[-30.0679,180.868,6.96956],"carpPosition":[-137.19,142.21,77.9845],"dipPosition":[-43.0442,192.868,13.1446],"direction":[0.852908,-0.246404,-0.460254],"extended":false,"handId":722,"id":7223,"length":64.5618,"mcpPosition":[-102.349,183.676,47.7866],"pipPosition":[-66.7204,199.709,25.921],"stabilizedTipPosition":[-32.5272,182.841,8.24416],"timeVisible":11.8891,"tipPosition":[-33.8249,184.156,9.17935],"tipVelocity":[-8.82372,-13.2367,-3.26636],"tool":false,"touchDistance":0.315194,"touchZone":"hovering","type":3,"width":18.4585},{"bases":[[[-0.494153,-0.340438,-0.799947],[-0.747849,0.635666,0.191447],[-0.443323,-0.692843,0.568712]],[[-0.461327,-0.290233,-0.838416],[-0.408259,0.908435,-0.0898326],[-0.78772,-0.300848,0.537576]],[[-0.461327,-0.290233,-0.838416],[0.311238,0.831991,-0.459263],[-0.830848,0.472818,0.293488]],[[-0.461327,-0.290233,-0.838416],[0.658228,0.52167,-0.542767],[-0.594906,0.802262,0.0496211]]],"btipPosition":[-61.2558,164.194,7.26011],"carpPosition":[-141.174,136.887,65.5625],"dipPosition":[-71.5312,178.051,8.11719],"direction":[0.830848,-0.472818,-0.293488],"extended":false,"handId":722,"id":7224,"length":50.6153,"mcpPosition":[-115.726,176.658,32.917],"pipPosition":[-87.8153,187.318,13.8694],"stabilizedTipPosition":[-62.5686,168.4,5.69612],"timeVisible":11.8891,"tipPosition":[-63.6205,169.174,7.1986],"tipVelocity":[-7.32549,-11.2572,2.00098],"tool":false,"touchDistance":0.327309,"touchZone":"hovering","type":4,"width":16.3963},{"bases":[[[0.713858,0.588949,0.378874],[-0.537569,0.114124,0.835461],[0.448805,-0.800072,0.398069]],[[0.601523,0.746247,0.285107],[-0.688245,0.302915,0.659213],[0.405572,-0.592755,0.695811]],[[0.601523,0.746247,0.285107],[-0.776395,0.630145,-0.0113085],[-0.188097,-0.214553,0.958429]],[[0.601523,0.746247,0.285107],[-0.558662,0.648067,-0.517596],[-0.571022,0.152067,0.806727]]],"btipPosition":[67.0577,176.013,58.6046],"carpPosition":[67.2813,142.957,144.654],"dipPosition":[53.6661,179.579,77.524],"direction":[0.188097,0.214553,-0.958429],"extended":false,"handId":725,"id":7250,"length":52.2242,"mcpPosition":[67.2813,142.957,144.654],"pipPosition":[47.2395,172.249,110.27],"stabilizedTipPosition":[62.4181,178.496,63.6845],"timeVisible":2.64492,"tipPosition":[56.008,183.151,64.821],"tipVelocity":[34.4519,-33.9185,-25.1672],"tool":false,"touchDistance":0.317914,"touchZone":"hovering","type":0,"width":20.6773},{"bases":[[[0.845998,-0.281792,-0.452637],[0.514424,0.654597,0.553959],[0.140193,-0.701496,0.698749]],[[0.85665,-0.362934,-0.366646],[0.51536,0.634463,0.576073],[0.0235469,-0.682448,0.730555]],[[0.85665,-0.362934,-0.366646],[0.513581,0.667215,0.539498],[0.0488295,-0.650464,0.757966]],[[0.85665,-0.362934,-0.366646],[0.509156,0.709292,0.487509],[0.0831257,-0.604304,0.792405]]],"btipPosition":[79.1734,272.973,24.4753],"carpPosition":[92.9502,161.646,144.542],"dipPosition":[80.7388,261.593,39.397],"direction":[-0.0488295,0.650464,-0.757966],"extended":true,"handId":725,"id":7252,"length":67.1451,"mcpPosition":[83.2675,210.096,96.2813],"pipPosition":[82.1302,243.058,60.9955],"stabilizedTipPosition":[79.9993,270.602,26.315],"timeVisible":2.64492,"tipPosition":[75.8015,268.973,29.1769],"tipVelocity":[-13.5989,2.05888,7.75996],"tool":false,"touchDistance":0.352505,"touchZone":"hovering","type":2,"width":19.3981},{"bases":[[[0.893523,-0.0683647,-0.443782],[0.36287,0.692063,0.623999],[0.264466,-0.718593,0.643181]],[[0.931823,-0.265462,-0.247459],[0.362846,0.668411,0.649284],[-0.00695555,-0.694807,0.719162]],[[0.931823,-0.265462,-0.247459],[0.362646,0.707243,0.606873],[0.0139124,-0.655238,0.755294]],[[0.931823,-0.265462,-0.247459],[0.361681,0.735426,0.573005],[0.029877,-0.623441,0.7813]]],"btipPosition":[61.9083,269.677,39.7425],"carpPosition":[81.7184,160.885,149.217],"dipPosition":[62.4198,259.003,53.1191],"direction":[-0.0139124,0.655238,-0.755294],"extended":true,"handId":725,"id":7251,"length":58.9292,"mcpPosition":[62.4573,213.22,102.374],"pipPosition":[62.7568,243.133,71.4126],"stabilizedTipPosition":[62.0529,266.137,39.8685],"timeVisible":2.64492,"tipPosition":[56.3147,267.12,44.9615],"tipVelocity":[-10.7575,9.77499,15.0931],"tool":false,"touchDistance":0.363434,"touchZone":"hovering","type":1,"width":19.751},{"bases":[[[0.816205,-0.430491,-0.38534],[0.57776,0.610096,0.542197],[0.00168361,-0.665177,0.746683]],[[0.815113,-0.396895,-0.421978],[0.576572,0.626469,0.524502],[0.0561837,-0.670829,0.739481]],[[0.815113,-0.396895,-0.421978],[0.56409,0.709625,0.422178],[0.131886,-0.582156,0.802309]],[[0.815113,-0.396895,-0.421978],[0.54811,0.764185,0.339995],[0.187527,-0.508424,0.840439]]],"btipPosition":[93.7412,256.35,21.5731],"carpPosition":[103.533,159.389,138.99],"dipPosition":[97.2522,246.831,37.3084],"direction":[-0.131886,0.582156,-0.802309],"extended":true,"handId":725,"id":7253,"length":64.5618,"mcpPosition":[103.429,200.637,92.688],"pipPosition":[100.913,230.671,59.5799],"stabilizedTipPosition":[94.8681,254.627,25.4026],"timeVisible":2.64492,"tipPosition":[93.4193,252.434,25.9399],"tipVelocity":[-15.27,-17.9657,-10.4687],"tool":false,"touchDistance":0.330496,"touchZone":"hovering","type":3,"width":18.4585},{"bases":[[[0.704157,-0.599433,-0.380584],[0.69554,0.474532,0.539485],[-0.142786,-0.644593,0.751074]],[[0.718455,-0.466519,-0.515929],[0.694087,0.529303,0.487936],[0.0454513,-0.708659,0.704085]],[[0.718455,-0.466519,-0.515929],[0.671034,0.660147,0.33752],[0.183129,-0.588698,0.787336]],[[0.718455,-0.466519,-0.515929],[0.640442,0.73308,0.228972],[0.271397,-0.494929,0.825463]]],"btipPosition":[109.796,233.081,33.3087],"carpPosition":[111.487,150.884,131.059],"dipPosition":[114.484,224.533,47.5665],"direction":[-0.183129,0.588698,-0.787336],"extended":true,"handId":725,"id":7254,"length":50.6153,"mcpPosition":[119.683,187.885,87.9451],"pipPosition":[118.073,212.995,62.9977],"stabilizedTipPosition":[111.844,232.361,37.3449],"timeVisible":2.64492,"tipPosition":[110.407,230.337,37.3857],"tipVelocity":[-29.2769,-31.9174,-23.626],"tool":false,"touchDistance":0.30513,"touchZone":"hovering","type":4,"width":16.3963}],"r":[[-0.0698077,-0.788334,-0.611275],[0.877755,0.242621,-0.413137],[0.473998,-0.565389,0.675027]],"s":63.5547,"t":[-1626.16,-10002.1,11055],"timestamp":747006319571},{"currentFrameRate":113.272,"devices":[],"gestures":[],"hands":[{"armBasis":[[-0.684443,0.0128576,-0.728953],[-0.430733,0.799561,0.418535],[-0.588224,-0.600447,0.541716]],"armWidth":64.459,"confidence":1,"direction":[0.558097,0.765432,-0.320377],"elbow":[-305.506,-47.6765,233.807],"grabAngle":1.52141,"grabStrength":0.307568,"id":722,"palmNormal":[0.579894,-0.635948,-0.509208],"palmPosition":[-99.1126,165.017,66.4296],"palmVelocity":[-0.181019,3.82039,-0.257198],"palmWidth":90.0757,"pinchDistance":47.5843,"pinchStrength":0.407716,"r":[[0.974224,0.028773,-0.223741],[-0.0793875,0.972115,-0.220659],[0.211153,0.232734,0.949342]],"s":0.841997,"sphereCenter":[-53.583,140.992,28.8619],"sphereRadius":60.8532,"stabilizedPalmPosition":[-98.0646,165.76,64.0959],"t":[-8.03737,-50.7538,-15.4842],"timeVisible":11.8978,"type":"left","wrist":[-148.281,112.815,89.0132]},{"armBasis":[[0.969283,0.230456,-0.085905],[0.19774,-0.52252,0.829381],[0.146249,-0.820892,-0.55204]],"armWidth":64.459,"confidence":1,"direction":[-0.0534474,0.792032,-0.608135],"elbow":[138.793,-94.7361,-6.53316],"grabAngle":0.208773,"grabStrength":0,"id":725,"palmNormal":[-0.399628,-0.575075,-0.713853],"palmPosition":[85.605,187.312,107.341],"palmVelocity":[-5.88026,-6.6833,-3.82902],"palmWidth":90.0757,"pinchDistance":64.6681,"pinchStrength":0,"r":[[0.995606,0.0763971,-0.0541489],[-0.079269,0.995441,-0.0530361],[0.0498502,0.0570954,0.997123]],"s":1.03869,"sphereCenter":[114.748,219.007,78.8951],"sphereRadius":57.61,"stabilizedPalmPosition":[86.3724,188.4,106.717],"t":[3.04927,31.0062,11.4022],"timeVisible":2.65362,"type":"right","wrist":[99.7026,124.677,141.02]}],"id":1324658,"interactionBox":{"center":[0,200,0],"size":[235.247,235.247,147.751]},"pointables":[{"bases":[[[-0.648596,0.757767,0.0715021],[0.000508988,-0.0935099,0.995618],[-0.761133,-0.64579,-0.0602644]],[[-0.213192,0.972719,0.0914682],[0.276258,-0.0297828,0.960622],[-0.93714,-0.230066,0.262372]],[[-0.213192,0.972719,0.0914682],[0.462742,0.0180771,0.886309],[-0.860476,-0.23128,0.453971]],[[-0.213192,0.972719,0.0914682],[0.666048,0.0762055,0.742006],[-0.714793,-0.219112,0.664124]]],"btipPosition":[-22.3744,139.802,53.8394],"carpPosition":[-114.847,115.392,97.8903],"dipPosition":[-39.1377,134.663,69.4145],"direction":[0.860476,0.23128,-0.453971],"extended":false,"handId":722,"id":7220,"length":52.2242,"mcpPosition":[-114.847,115.392,97.8903],"pipPosition":[-68.5369,126.761,84.9249],"stabilizedTipPosition":[-25.4454,137.8,57.6743],"timeVisible":11.8978,"tipPosition":[-26.3466,138.558,58.1507],"tipVelocity":[-2.35717,11.555,0.245645],"tool":false,"touchDistance":-0.181415,"touchZone":"touching","type":0,"width":20.6773},{"bases":[[[-0.491376,0.225523,-0.841242],[-0.477083,0.738394,0.476619],[-0.728657,-0.635542,0.255236]],[[-0.444794,0.264869,-0.855571],[-0.204324,0.900071,0.384869],[-0.872015,-0.346001,0.346227]],[[-0.444794,0.264869,-0.855571],[0.409344,0.909779,0.0688415],[-0.796615,0.319602,0.513087]],[[-0.444794,0.264869,-0.855571],[0.720257,0.673572,-0.165921],[-0.532342,0.690032,0.490375]]],"btipPosition":[-5.88013,178.223,43.6581],"carpPosition":[-124.898,136.596,97.9754],"dipPosition":[-14.9943,190.037,52.0538],"direction":[0.796615,-0.319602,-0.513087],"extended":false,"handId":722,"id":7221,"length":58.9292,"mcpPosition":[-71.8301,182.883,79.3865],"pipPosition":[-34.2887,197.778,64.481],"stabilizedTipPosition":[-7.69286,179.077,45.8037],"timeVisible":11.8978,"tipPosition":[-8.63468,180.359,45.8432],"tipVelocity":[2.13345,17.9921,-1.726],"tool":false,"touchDistance":-0.166717,"touchZone":"touching","type":1,"width":19.751},{"bases":[[[-0.496724,0.00838078,-0.867868],[-0.56917,0.751759,0.333023],[-0.655219,-0.659385,0.368646]],[[-0.444759,0.0591645,-0.893694],[-0.390866,0.884964,0.253107],[-0.805862,-0.461886,0.370471]],[[-0.444759,0.0591645,-0.893694],[0.118719,0.992906,0.00665039],[-0.887747,0.103141,0.448628]],[[-0.444759,0.0591645,-0.893694],[0.513628,0.834286,-0.200382],[-0.733741,0.548148,0.401445]]],"btipPosition":[-7.91194,195.52,24.7873],"carpPosition":[-131.203,140.93,88.4857],"dipPosition":[-21.7289,205.842,32.3469],"direction":[0.887747,-0.103141,-0.448628],"extended":true,"handId":722,"id":7222,"length":67.1451,"mcpPosition":[-85.9487,186.472,63.0244],"pipPosition":[-47.0255,208.781,45.1307],"stabilizedTipPosition":[-10.3215,196.481,26.9826],"timeVisible":11.8978,"tipPosition":[-11.8162,196.683,27.5403],"tipVelocity":[-4.62666,8.73234,-5.13386],"tool":false,"touchDistance":0.316222,"touchZone":"hovering","type":2,"width":19.3981},{"bases":[[[-0.543401,-0.145439,-0.826778],[-0.623801,0.729034,0.281749],[-0.561772,-0.668848,0.486883]],[[-0.492838,-0.0871138,-0.865749],[-0.352175,0.929807,0.106921],[-0.795665,-0.35759,0.488924]],[[-0.492838,-0.0871138,-0.865749],[0.17479,0.964782,-0.19658],[-0.852384,0.248206,0.460255]],[[-0.492838,-0.0871138,-0.865749],[0.526879,0.761952,-0.376601],[-0.692466,0.641748,0.329621]]],"btipPosition":[-30.1034,180.818,6.9505],"carpPosition":[-137.189,142.237,77.9802],"dipPosition":[-43.0682,192.833,13.1219],"direction":[0.852384,-0.248206,-0.460255],"extended":false,"handId":722,"id":7223,"length":64.5618,"mcpPosition":[-102.353,183.713,47.7884],"pipPosition":[-66.7298,199.723,25.8982],"stabilizedTipPosition":[-32.53,182.845,8.24479],"timeVisible":11.8978,"tipPosition":[-33.827,184.202,9.1711],"tipVelocity":[-3.77902,-5.37098,-2.28995],"tool":false,"touchDistance":0.314863,"touchZone":"hovering","type":3,"width":18.4585},{"bases":[[[-0.494178,-0.340318,-0.799982],[-0.74789,0.635563,0.191626],[-0.443225,-0.692996,0.568602]],[[-0.461734,-0.290665,-0.838043],[-0.407423,0.908724,-0.0907032],[-0.787914,-0.299557,0.538012]],[[-0.461734,-0.290665,-0.838043],[0.312336,0.831,-0.460309],[-0.830209,0.474292,0.292916]],[[-0.461734,-0.290665,-0.838043],[0.65892,0.5201,-0.543434],[-0.593823,0.803125,0.048623]]],"btipPosition":[-61.2849,164.143,7.27436],"carpPosition":[-141.173,136.917,65.5574],"dipPosition":[-71.5417,178.015,8.1142],"direction":[0.830209,-0.474292,-0.292916],"extended":false,"handId":722,"id":7224,"length":50.6153,"mcpPosition":[-115.731,176.696,32.9182],"pipPosition":[-87.8132,187.31,13.8551],"stabilizedTipPosition":[-62.5735,168.395,5.70428],"timeVisible":11.8978,"tipPosition":[-63.6266,169.209,7.19658],"tipVelocity":[-2.85979,-5.4688,1.1827],"tool":false,"touchDistance":0.327481,"touchZone":"hovering","type":4,"width":16.3963},{"bases":[[[0.715249,0.586473,0.380088],[-0.536904,0.112961,0.836047],[0.447384,-0.802053,0.395675]],[[0.602633,0.744868,0.286365],[-0.69019,0.306358,0.655577],[0.400588,-0.592719,0.698723]],[[0.602633,0.744868,0.286365],[-0.774295,0.63262,-0.0160738],[-0.193133,-0.212045,0.957986]],[[0.602633,0.744868,0.286365],[-0.554837,0.649005,-0.520527],[-0.573577,0.1548,0.804392]]],"btipPosition":[67.4138,175.74,58.387],"carpPosition":[67.1592,142.836,144.51],"dipPosition":[53.9623,179.371,77.2516],"direction":[0.193133,0.212045,-0.957986],"extended":false,"handId":725,"id":7250,"length":52.2242,"mcpPosition":[67.1592,142.836,144.51],"pipPosition":[47.3637,172.126,109.982],"stabilizedTipPosition":[62.6077,178.304,63.589],"timeVisible":2.65362,"tipPosition":[56.2467,183.013,64.7131],"tipVelocity":[39.3667,-29.66,-26.4679],"tool":false,"touchDistance":0.314077,"touchZone":"hovering","type":0,"width":20.6773},{"bases":[[[0.84519,-0.282288,-0.453837],[0.51604,0.652054,0.555453],[0.139128,-0.703661,0.696781]],[[0.855707,-0.363439,-0.368343],[0.516912,0.633109,0.576173],[0.0237975,-0.683436,0.729622]],[[0.855707,-0.363439,-0.368343],[0.515098,0.666195,0.539313],[0.0493808,-0.651227,0.757275]],[[0.855707,-0.363439,-0.368343],[0.510611,0.708481,0.487166],[0.0839088,-0.604952,0.791829]]],"btipPosition":[79.1202,273.031,24.5802],"carpPosition":[92.866,161.473,144.435],"dipPosition":[80.7003,261.639,39.491],"direction":[-0.0493808,0.651227,-0.757275],"extended":true,"handId":725,"id":7252,"length":67.1451,"mcpPosition":[83.2568,210.072,96.3106],"pipPosition":[82.1074,243.082,61.0698],"stabilizedTipPosition":[79.9782,270.594,26.3846],"timeVisible":2.65362,"tipPosition":[75.9215,269.162,29.3519],"tipVelocity":[-5.73182,6.36917,11.7718],"tool":false,"touchDistance":0.352123,"touchZone":"hovering","type":2,"width":19.3981},{"bases":[[[0.893153,-0.0689818,-0.444432],[0.364598,0.689638,0.625674],[0.263337,-0.720861,0.641103]],[[0.931149,-0.266017,-0.249394],[0.364582,0.667028,0.649733],[-0.00648732,-0.695922,0.718088]],[[0.931149,-0.266017,-0.249394],[0.364358,0.7057,0.607644],[0.0143536,-0.656675,0.754037]],[[0.931149,-0.266017,-0.249394],[0.363389,0.733587,0.574281],[0.0301833,-0.625368,0.779746]]],"btipPosition":[61.8711,269.795,39.8944],"carpPosition":[81.6351,160.722,149.114],"dipPosition":[62.3878,259.088,53.2444],"direction":[-0.0143536,0.656675,-0.754037],"extended":true,"handId":725,"id":7251,"length":58.9292,"mcpPosition":[62.4562,213.223,102.422],"pipPosition":[62.7355,243.183,71.5074],"stabilizedTipPosition":[62.0512,266.169,39.9507],"timeVisible":2.65362,"tipPosition":[56.4432,267.289,45.1393],"tipVelocity":[-4.14119,12.7125,16.7579],"tool":false,"touchDistance":0.362611,"touchZone":"hovering","type":1,"width":19.751},{"bases":[[[0.815129,-0.431106,-0.386926],[0.579279,0.607456,0.543538],[0.000717496,-0.667192,0.744886]],[[0.814136,-0.398247,-0.42259],[0.577957,0.626077,0.523444],[0.0561132,-0.670393,0.739881]],[[0.814136,-0.398247,-0.42259],[0.565349,0.709723,0.420326],[0.132528,-0.581113,0.802959]],[[0.814136,-0.398247,-0.42259],[0.54932,0.764121,0.338182],[0.18823,-0.507463,0.840863]]],"btipPosition":[93.6815,256.229,21.5224],"carpPosition":[103.441,159.209,138.872],"dipPosition":[97.2057,246.728,37.2656],"direction":[-0.132528,0.581113,-0.802959],"extended":true,"handId":725,"id":7253,"length":64.5618,"mcpPosition":[103.397,200.582,92.6812],"pipPosition":[100.885,230.597,59.5552],"stabilizedTipPosition":[94.7754,254.483,25.3386],"timeVisible":2.65362,"tipPosition":[93.4811,252.612,26.0576],"tipVelocity":[-6.50633,-13.4517,-5.6145],"tool":false,"touchDistance":0.329683,"touchZone":"hovering","type":3,"width":18.4585},{"bases":[[[0.70274,-0.599833,-0.382566],[0.696781,0.471661,0.540399],[-0.143708,-0.646326,0.749407]],[[0.717219,-0.468214,-0.516112],[0.695303,0.530121,0.48531],[0.0463722,-0.706928,0.705764]],[[0.717219,-0.468214,-0.516112],[0.671765,0.661479,0.333433],[0.185279,-0.585851,0.788955]],[[0.717219,-0.468214,-0.516112],[0.64071,0.73432,0.224197],[0.274019,-0.491477,0.826658]]],"btipPosition":[109.616,232.83,33.1473],"carpPosition":[111.374,150.71,130.913],"dipPosition":[114.349,224.341,47.4257],"direction":[-0.185279,0.585851,-0.788955],"extended":true,"handId":725,"id":7254,"length":50.6153,"mcpPosition":[119.623,187.81,87.8955],"pipPosition":[117.98,212.858,62.8886],"stabilizedTipPosition":[111.65,232.108,37.1888],"timeVisible":2.65362,"tipPosition":[110.416,230.43,37.4272],"tipVelocity":[-19.5284,-27.3526,-18.0198],"tool":false,"touchDistance":0.302518,"touchZone":"hovering","type":4,"width":16.3963}],"r":[[-0.0705536,-0.78806,-0.611542],[0.877788,0.242164,-0.413333],[0.473825,-0.565967,0.674664]],"s":63.5543,"t":[-1626.22,-10002.1,11055],"timestamp":747006328268},{"currentFrameRate":113.362,"devices":[],"gestures":[],"hands":[{"armBasis":[[-0.684329,0.0127016,-0.729063],[-0.430648,0.799803,0.418159],[-0.588418,-0.600128,0.541859]],"armWidth":64.459,"confidence":1,"direction":[0.557823,0.765625,-0.320394],"elbow":[-305.574,-47.5701,233.856],"grabAngle":1.52022,"grabStrength":0.306731,"id":722,"palmNormal":[0.580185,-0.635763,-0.509108],"palmPosition":[-99.1428,165.051,66.4385],"palmVelocity":[-3.48578,3.85964,1.0235],"palmWidth":90.0757,"pinchDistance":47.6614,"pinchStrength":0.405819,"r":[[0.974137,0.0290268,-0.224086],[-0.079585,0.972241,-0.22003],[0.211479,0.232173,0.949406]],"s":0.842001,"sphereCenter":[-53.6521,141.009,28.744],"sphereRadius":60.9046,"stabilizedPalmPosition":[-98.0676,165.758,64.1024],"t":[-8.05652,-50.7223,-15.4799],"timeVisible":11.9065,"type":"left","wrist":[-148.298,112.836,89.0242]},{"armBasis":[[0.975507,0.18184,-0.123774],[0.201588,-0.513873,0.833845],[0.0880224,-0.838373,-0.537944]],"armWidth":64.459,"confidence":1,"direction":[-0.0522996,0.793572,-0.606224],"elbow":[122.33,-99.6365,-2.74358],"grabAngle":0.212487,"grabStrength":0,"id":725,"palmNormal":[-0.400406,-0.572786,-0.715256],"palmPosition":[85.5612,187.258,107.309],"palmVelocity":[-5.04866,-6.32637,-3.65546],"palmWidth":90.0757,"pinchDistance":64.821,"pinchStrength":0,"r":[[0.995727,0.0738587,-0.0554375],[-0.0766667,0.995784,-0.0503586],[0.0514844,0.0543936,0.997191]],"s":1.0392,"sphereCenter":[113.316,217.319,77.6085],"sphereRadius":56.7251,"stabilizedPalmPosition":[86.3479,188.366,106.735],"t":[3.00052,30.9467,11.3708],"timeVisible":2.66229,"type":"right","wrist":[98.8032,124.45,141.042]}],"id":1324659,"interactionBox":{"center":[0,200,0],"size":[235.247,235.247,147.751]},"pointables":[{"bases":[[[-0.648899,0.757518,0.0713864],[0.000463715,-0.0934277,0.995626],[-0.760875,-0.646094,-0.0602739]],[[-0.214274,0.972492,0.0913567],[0.275639,-0.029526,0.960808],[-0.937075,-0.231058,0.26173]],[[-0.214274,0.972492,0.0913567],[0.462999,0.0187684,0.88616],[-0.860069,-0.232179,0.454284]],[[-0.214274,0.972492,0.0913567],[0.666487,0.0771927,0.741509],[-0.71406,-0.219774,0.664694]]],"btipPosition":[-22.4221,139.927,53.8587],"carpPosition":[-114.86,115.422,97.9019],"dipPosition":[-39.1682,134.773,69.4471],"direction":[0.860069,0.232179,-0.454284],"extended":false,"handId":722,"id":7220,"length":52.2242,"mcpPosition":[-114.86,115.422,97.9019],"pipPosition":[-68.5534,126.84,84.9683],"stabilizedTipPosition":[-25.4525,137.808,57.6724],"timeVisible":11.9065,"tipPosition":[-26.3654,138.62,58.1646],"tipVelocity":[-5.04229,14.0257,2.58312],"tool":false,"touchDistance":-0.181042,"touchZone":"touching","type":0,"width":20.6773},{"bases":[[[-0.491395,0.225261,-0.841301],[-0.477412,0.738246,0.476519],[-0.728429,-0.635806,0.255228]],[[-0.445165,0.264348,-0.85554],[-0.205528,0.89976,0.384954],[-0.871543,-0.347205,0.346211]],[[-0.445165,0.264348,-0.85554],[0.407305,0.910648,0.069442],[-0.797453,0.317553,0.513059]],[[-0.445165,0.264348,-0.85554],[0.717758,0.676604,-0.164413],[-0.535399,0.687261,0.490938]]],"btipPosition":[-5.86611,178.418,43.6595],"carpPosition":[-124.92,136.622,97.9845],"dipPosition":[-15.0327,190.184,52.0648],"direction":[0.797453,-0.317553,-0.513059],"extended":false,"handId":722,"id":7221,"length":58.9292,"mcpPosition":[-71.8683,182.928,79.3961],"pipPosition":[-34.3473,197.875,64.4913],"stabilizedTipPosition":[-7.69682,179.106,45.8007],"timeVisible":11.9065,"tipPosition":[-8.66361,180.432,45.8561],"tipVelocity":[0.229291,21.1429,0.41736],"tool":false,"touchDistance":-0.166657,"touchZone":"touching","type":1,"width":19.751},{"bases":[[[-0.496656,0.00811468,-0.86791],[-0.569492,0.751563,0.332915],[-0.65499,-0.659611,0.368647]],[[-0.445166,0.0584823,-0.893536],[-0.391649,0.884642,0.253022],[-0.805257,-0.462589,0.370908]],[[-0.445166,0.0584823,-0.893536],[0.117286,0.993076,0.00656446],[-0.887734,0.101877,0.448943]],[[-0.445166,0.0584823,-0.893536],[0.512568,0.834856,-0.200723],[-0.734235,0.547353,0.401626]]],"btipPosition":[-7.97056,195.643,24.762],"carpPosition":[-131.225,140.953,88.4939],"dipPosition":[-21.7969,205.95,32.325],"direction":[0.887734,-0.101877,-0.448943],"extended":true,"handId":722,"id":7222,"length":67.1451,"mcpPosition":[-85.9871,186.51,63.0326],"pipPosition":[-47.093,208.853,45.1177],"stabilizedTipPosition":[-10.325,196.488,26.9805],"timeVisible":11.9065,"tipPosition":[-11.8524,196.754,27.5489],"tipVelocity":[-7.01108,13.8266,-2.82936],"tool":false,"touchDistance":0.315813,"touchZone":"hovering","type":2,"width":19.3981},{"bases":[[[-0.543276,-0.14572,-0.826811],[-0.62411,0.728812,0.281638],[-0.56155,-0.669028,0.486892]],[[-0.493035,-0.0877165,-0.865576],[-0.352224,0.929848,0.106398],[-0.795522,-0.357335,0.489343]],[[-0.493035,-0.0877165,-0.865576],[0.175429,0.964445,-0.197661],[-0.852139,0.249301,0.460117]],[[-0.493035,-0.0877165,-0.865576],[0.525718,0.762685,-0.37674],[-0.693208,0.640795,0.329916]]],"btipPosition":[-30.1387,180.824,6.93706],"carpPosition":[-137.211,142.257,77.9879],"dipPosition":[-43.1174,192.822,13.114],"direction":[0.852139,-0.249301,-0.460117],"extended":false,"handId":722,"id":7223,"length":64.5618,"mcpPosition":[-102.389,183.744,47.7954],"pipPosition":[-66.7722,199.742,25.8865],"stabilizedTipPosition":[-32.533,182.848,8.24535],"timeVisible":11.9065,"tipPosition":[-33.8572,184.254,9.18058],"tipVelocity":[-4.44659,0.298046,-1.40381],"tool":false,"touchDistance":0.31466,"touchZone":"hovering","type":3,"width":18.4585},{"bases":[[[-0.493979,-0.340578,-0.799995],[-0.748155,0.635286,0.191512],[-0.443001,-0.693122,0.568623]],[[-0.461817,-0.291313,-0.837772],[-0.40701,0.908814,-0.0916538],[-0.788079,-0.298655,0.538273]],[[-0.461817,-0.291313,-0.837772],[0.312559,0.830491,-0.461077],[-0.83008,0.474786,0.292482]],[[-0.461817,-0.291313,-0.837772],[0.658892,0.519644,-0.543903],[-0.59379,0.803185,0.0480365]]],"btipPosition":[-61.3142,164.124,7.29032],"carpPosition":[-141.192,136.934,65.5651],"dipPosition":[-71.5704,177.997,8.12003],"direction":[0.83008,-0.474786,-0.292482],"extended":false,"handId":722,"id":7224,"length":50.6153,"mcpPosition":[-115.763,176.721,32.9247],"pipPosition":[-87.8394,187.303,13.8525],"stabilizedTipPosition":[-62.5784,168.39,5.7122],"timeVisible":11.9065,"tipPosition":[-63.6537,169.244,7.20912],"tipVelocity":[-3.36654,-2.10869,1.57241],"tool":false,"touchDistance":0.327708,"touchZone":"hovering","type":4,"width":16.3963},{"bases":[[[0.71606,0.584543,0.381534],[-0.536783,0.111702,0.836294],[0.446232,-0.803637,0.393758]],[[0.603223,0.743824,0.287833],[-0.692401,0.30927,0.651869],[0.395857,-0.592518,0.701583]],[[0.603223,0.743824,0.287833],[-0.772671,0.634482,-0.0203245],[-0.197743,-0.21014,0.957465]],[[0.603223,0.743824,0.287833],[-0.551797,0.649789,-0.522775],[-0.575884,0.156524,0.802408]]],"btipPosition":[67.7509,175.507,58.17],"carpPosition":[67.0508,142.718,144.37],"dipPosition":[54.2453,179.177,76.9881],"direction":[0.197743,0.21014,-0.957465],"extended":false,"handId":725,"id":7250,"length":52.2242,"mcpPosition":[67.0508,142.718,144.37],"pipPosition":[47.4891,171.998,109.701],"stabilizedTipPosition":[62.794,178.126,63.4892],"timeVisible":2.66229,"tipPosition":[56.4802,182.877,64.5975],"tipVelocity":[37.4586,-25.8944,-26.2703],"tool":false,"touchDistance":0.310283,"touchZone":"hovering","type":0,"width":20.6773},{"bases":[[[0.844811,-0.282386,-0.45448],[0.516935,0.649982,0.557048],[0.138101,-0.705537,0.695087]],[[0.855194,-0.363461,-0.369513],[0.517747,0.632232,0.576386],[0.0241236,-0.684236,0.728862]],[[0.855194,-0.363461,-0.369513],[0.515893,0.665662,0.539211],[0.0499883,-0.651759,0.756777]],[[0.855194,-0.363461,-0.369513],[0.511342,0.708134,0.486903],[0.0846942,-0.605344,0.791445]]],"btipPosition":[79.0613,273.067,24.6615],"carpPosition":[92.784,161.318,144.341],"dipPosition":[80.6561,261.668,39.5651],"direction":[-0.0499883,0.651759,-0.756777],"extended":true,"handId":725,"id":7252,"length":67.1451,"mcpPosition":[83.2457,210.047,96.3338],"pipPosition":[82.0806,243.096,61.1297],"stabilizedTipPosition":[79.9578,270.589,26.4475],"timeVisible":2.66229,"tipPosition":[76.041,269.323,29.4993],"tipVelocity":[-6.40672,3.98006,9.19152],"tool":false,"touchDistance":0.351439,"touchZone":"hovering","type":2,"width":19.3981},{"bases":[[[0.893075,-0.0691713,-0.444558],[0.365543,0.68761,0.627352],[0.262288,-0.722778,0.639373]],[[0.930778,-0.265984,-0.25081],[0.365538,0.665984,0.650267],[-0.00592503,-0.696934,0.71711]],[[0.930778,-0.265984,-0.25081],[0.365283,0.704543,0.60843],[0.0148739,-0.657929,0.752933]],[[0.930778,-0.265984,-0.25081],[0.364305,0.732198,0.575473],[0.0305759,-0.627008,0.778412]]],"btipPosition":[61.8207,269.886,40.0159],"carpPosition":[81.5518,160.572,149.018],"dipPosition":[62.3441,259.151,53.343],"direction":[-0.0148739,0.657929,-0.752933],"extended":true,"handId":725,"id":7251,"length":58.9292,"mcpPosition":[62.4493,213.212,102.452],"pipPosition":[62.7044,243.216,71.5794],"stabilizedTipPosition":[62.0484,266.2,40.0287],"timeVisible":2.66229,"tipPosition":[56.5648,267.425,45.2794],"tipVelocity":[-5.63897,9.8357,13.4162],"tool":false,"touchDistance":0.361427,"touchZone":"hovering","type":1,"width":19.751},{"bases":[[[0.814537,-0.431323,-0.387929],[0.580111,0.605323,0.545028],[-0.000260257,-0.668988,0.743274]],[[0.813635,-0.399151,-0.422701],[0.578659,0.626205,0.522514],[0.0561353,-0.669736,0.740475]],[[0.813635,-0.399151,-0.422701],[0.565917,0.710309,0.418569],[0.133176,-0.579776,0.803818]],[[0.813635,-0.399151,-0.422701],[0.549852,0.764486,0.336488],[0.188839,-0.506202,0.841487]]],"btipPosition":[93.6268,256.094,21.4615],"carpPosition":[103.356,159.053,138.773],"dipPosition":[97.1624,246.617,37.2164],"direction":[-0.133176,0.579776,-0.803818],"extended":true,"handId":725,"id":7253,"length":64.5618,"mcpPosition":[103.373,200.537,92.6824],"pipPosition":[100.859,230.523,59.5298],"stabilizedTipPosition":[94.6985,254.353,25.2805],"timeVisible":2.66229,"tipPosition":[93.5534,252.768,26.1599],"tipVelocity":[-6.01156,-14.9312,-6.72209],"tool":false,"touchDistance":0.328712,"touchZone":"hovering","type":3,"width":18.4585},{"bases":[[[0.70191,-0.5999,-0.383982],[0.697422,0.46937,0.541566],[-0.144656,-0.647929,0.747839]],[[0.716558,-0.469529,-0.515837],[0.695912,0.531528,0.482892],[0.0474499,-0.704997,0.707622]],[[0.716558,-0.469529,-0.515837],[0.671855,0.663374,0.329463],[0.1875,-0.582647,0.790801]],[[0.716558,-0.469529,-0.515837],[0.640298,0.736125,0.219407],[0.276702,-0.487507,0.828114]]],"btipPosition":[109.445,232.574,32.9912],"carpPosition":[111.277,150.562,130.794],"dipPosition":[114.225,224.153,47.2948],"direction":[-0.1875,0.582647,-0.790801],"extended":true,"handId":725,"id":7254,"length":50.6153,"mcpPosition":[119.581,187.754,87.8666],"pipPosition":[117.9,212.734,62.7939],"stabilizedTipPosition":[111.474,231.874,37.0444],"timeVisible":2.66229,"tipPosition":[110.439,230.512,37.4669],"tipVelocity":[-18.4142,-27.6958,-17.3451],"tool":false,"touchDistance":0.300013,"touchZone":"hovering","type":4,"width":16.3963}],"r":[[-0.0712989,-0.787807,-0.611782],[0.877801,0.241718,-0.413568],[0.473691,-0.566509,0.674303]],"s":63.554,"t":[-1626.27,-10002.1,11054.9],"timestamp":747006336934},{"currentFrameRate":111.561,"devices":[],"gestures":[],"hands":[{"armBasis":[[-0.68443,0.0129472,-0.728963],[-0.430127,0.800134,0.418062],[-0.588681,-0.599681,0.542067]],"armWidth":64.459,"confidence":1,"direction":[0.557769,0.765616,-0.320509],"elbow":[-305.665,-47.4336,233.915],"grabAngle":1.51883,"grabStrength":0.305702,"id":722,"palmNormal":[0.580027,-0.635765,-0.509285],"palmPosition":[-99.1629,165.062,66.4301],"palmVelocity":[-1.65851,0.968759,-0.695091],"palmWidth":90.0757,"pinchDistance":47.8075,"pinchStrength":0.402223,"r":[[0.974056,0.0292242,-0.224413],[-0.0797468,0.972345,-0.219514],[0.211792,0.231715,0.949448]],"s":0.842162,"sphereCenter":[-53.7317,140.995,28.5839],"sphereRadius":60.9666,"stabilizedPalmPosition":[-98.0718,165.756,64.1114],"t":[-8.07613,-50.7007,-15.4819],"timeVisible":11.9186,"type":"left","wrist":[-148.318,112.853,89.0276]},{"armBasis":[[0.97773,0.143925,-0.152741],[0.205369,-0.506265,0.837568],[0.0432197,-0.850283,-0.524548]],"armWidth":64.459,"confidence":1,"direction":[-0.0507366,0.79541,-0.603944],"elbow":[109.63,-103.066,0.863702],"grabAngle":0.217564,"grabStrength":0,"id":725,"palmNormal":[-0.402527,-0.569717,-0.716516],"palmPosition":[85.5299,187.171,107.324],"palmVelocity":[-2.59022,-7.1509,1.28026],"palmWidth":90.0757,"pinchDistance":64.9912,"pinchStrength":0,"r":[[0.995845,0.0713385,-0.0566054],[-0.0740661,0.996115,-0.0476454],[0.0529865,0.0516399,0.997259]],"s":1.03967,"sphereCenter":[111.309,214.871,75.7767],"sphereRadius":55.634,"stabilizedPalmPosition":[86.3114,188.313,106.761],"t":[2.96049,30.8737,11.3629],"timeVisible":2.67438,"type":"right","wrist":[98.0782,124.203,141.068]}],"id":1324660,"interactionBox":{"center":[0,200,0],"size":[235.247,235.247,147.751]},"pointables":[{"bases":[[[-0.648851,0.757541,0.071587],[0.000721079,-0.0934679,0.995622],[-0.760915,-0.646062,-0.0601004]],[[-0.214951,0.972335,0.0914374],[0.275212,-0.0295246,0.96093],[-0.937046,-0.231718,0.261252]],[[-0.214951,0.972335,0.0914374],[0.463638,0.0191939,0.885817],[-0.859555,-0.232801,0.454937]],[[-0.214951,0.972335,0.0914374],[0.667323,0.0778696,0.740687],[-0.713075,-0.22023,0.665599]]],"btipPosition":[-22.4779,140.002,53.8325],"carpPosition":[-114.874,115.433,97.8957],"dipPosition":[-39.2009,134.837,69.4422],"direction":[0.859555,0.232801,-0.454937],"extended":false,"handId":722,"id":7220,"length":52.2242,"mcpPosition":[-114.874,115.433,97.8957],"pipPosition":[-68.5686,126.884,84.9856],"stabilizedTipPosition":[-25.4632,137.82,57.6693],"timeVisible":11.9186,"tipPosition":[-26.3883,138.63,58.1328],"tipVelocity":[-4.17591,6.04701,-1.76232],"tool":false,"touchDistance":-0.181397,"touchZone":"touching","type":0,"width":20.6773},{"bases":[[[-0.491607,0.225314,-0.841163],[-0.477258,0.738246,0.476674],[-0.728387,-0.635788,0.255394]],[[-0.445818,0.26404,-0.855295],[-0.206864,0.899248,0.385436],[-0.870892,-0.348764,0.346281]],[[-0.445818,0.26404,-0.855295],[0.404589,0.911771,0.0705847],[-0.79847,0.314575,0.513312]],[[-0.445818,0.26404,-0.855295],[0.714567,0.680456,-0.1624],[-0.539111,0.683566,0.492034]]],"btipPosition":[-5.82191,178.63,43.6168],"carpPosition":[-124.933,136.633,97.9817],"dipPosition":[-15.052,190.334,52.0408],"direction":[0.79847,-0.314575,-0.513312],"extended":false,"handId":722,"id":7221,"length":58.9292,"mcpPosition":[-71.8843,182.938,79.3813],"pipPosition":[-34.3913,197.953,64.4735],"stabilizedTipPosition":[-7.70202,179.152,45.7956],"timeVisible":11.9186,"tipPosition":[-8.67883,180.452,45.8211],"tipVelocity":[2.44596,16.3769,-3.17681],"tool":false,"touchDistance":-0.167297,"touchZone":"touching","type":1,"width":19.751},{"bases":[[[-0.496883,0.00816892,-0.867779],[-0.569375,0.751572,0.333094],[-0.654919,-0.659601,0.368792]],[[-0.44594,0.0580196,-0.89318],[-0.392303,0.88427,0.253307],[-0.80451,-0.463357,0.371571]],[[-0.44594,0.0580196,-0.89318],[0.115781,0.993252,0.00671383],[-0.887543,0.100419,0.449649]],[[-0.44594,0.0580196,-0.89318],[0.511493,0.835423,-0.201107],[-0.734515,0.546537,0.402225]]],"btipPosition":[-8.02695,195.749,24.6876],"carpPosition":[-131.24,140.965,88.493],"dipPosition":[-21.8585,206.04,32.2619],"direction":[0.887543,-0.100419,-0.449649],"extended":true,"handId":722,"id":7222,"length":67.1451,"mcpPosition":[-86.0072,186.522,63.0216],"pipPosition":[-47.1493,208.902,45.0747],"stabilizedTipPosition":[-10.33,196.497,26.9774],"timeVisible":11.9186,"tipPosition":[-11.8767,196.773,27.5113],"tipVelocity":[-4.76218,8.41582,-5.93729],"tool":false,"touchDistance":0.314616,"touchZone":"hovering","type":2,"width":19.3981},{"bases":[[[-0.543499,-0.145666,-0.826674],[-0.624007,0.728825,0.281831],[-0.561448,-0.669026,0.487012]],[[-0.493604,-0.0880422,-0.865219],[-0.351846,0.930027,0.10609],[-0.795336,-0.35679,0.490042]],[[-0.493604,-0.0880422,-0.865219],[0.176047,0.964151,-0.198543],[-0.851682,0.250321,0.46041]],[[-0.493604,-0.0880422,-0.865219],[0.525341,0.762662,-0.377311],[-0.693089,0.640778,0.330201]]],"btipPosition":[-30.1862,180.785,6.88553],"carpPosition":[-137.229,142.269,77.9885],"dipPosition":[-43.1626,192.782,13.0678],"direction":[0.851682,-0.250321,-0.460409],"extended":false,"handId":722,"id":7223,"length":64.5618,"mcpPosition":[-102.414,183.756,47.7886],"pipPosition":[-66.8048,199.73,25.8484],"stabilizedTipPosition":[-32.5367,182.852,8.24572],"timeVisible":11.9186,"tipPosition":[-33.8887,184.262,9.15253],"tipVelocity":[-3.88046,-3.29613,-4.15876],"tool":false,"touchDistance":0.313821,"touchZone":"hovering","type":3,"width":18.4585},{"bases":[[[-0.494202,-0.340527,-0.799879],[-0.74808,0.635307,0.191733],[-0.442878,-0.693128,0.568711]],[[-0.46228,-0.291611,-0.837413],[-0.406188,0.909111,-0.0923488],[-0.788231,-0.297456,0.538713]],[[-0.46228,-0.291611,-0.837413],[0.313132,0.829852,-0.461837],[-0.829605,0.475719,0.292311]],[[-0.46228,-0.291611,-0.837413],[0.659079,0.51879,-0.544491],[-0.593221,0.803629,0.047632]]],"btipPosition":[-61.3563,164.069,7.28148],"carpPosition":[-141.214,136.947,65.5666],"dipPosition":[-71.6027,177.95,8.1042],"direction":[0.829605,-0.475719,-0.292311],"extended":false,"handId":722,"id":7224,"length":50.6153,"mcpPosition":[-115.791,176.734,32.9212],"pipPosition":[-87.8624,187.274,13.8333],"stabilizedTipPosition":[-62.5856,168.383,5.72329],"timeVisible":11.9186,"tipPosition":[-63.6892,169.248,7.19281],"tipVelocity":[-3.29338,-4.37854,-0.863892],"tool":false,"touchDistance":0.327534,"touchZone":"hovering","type":4,"width":16.3963},{"bases":[[[0.717922,0.581584,0.382553],[-0.535766,0.110756,0.