{"frames":69,"data":[{"currentFrameRate":115.357,"devices":[],"gestures":[{"center":[92.575,276.609,29.3871],"duration":8698,"handIds":[725],"id":3,"normal":[-0.39993,-0.37243,0.837468],"pointableIds":[7252],"progress":0.765491,"radius":7.02251,"state":"update","type":"circle"}],"hands":[{"armBasis":[[-0.687631,0.0204883,-0.725771],[-0.412371,0.81171,0.413615],[-0.59759,-0.583702,0.549708]],"armWidth":64.459,"confidence":1,"direction":[0.557582,0.76436,-0.323814],"elbow":[-309.193,-44.4421,235.731],"grabAngle":1.52719,"grabStrength":0.309489,"id":722,"palmNormal":[0.574669,-0.636916,-0.5139],"palmPosition":[-100.196,163.521,65.8473],"palmVelocity":[-5.2259,6.04972,-8.09466],"palmWidth":90.0757,"pinchDistance":47.531,"pinchStrength":0.409028,"r":[[0.972487,0.0262767,-0.231469],[-0.0777452,0.97326,-0.21615],[0.2196,0.228199,0.948526]],"s":0.845437,"sphereCenter":[-55.1856,139.445,27.5791],"sphereRadius":60.8974,"stabilizedPalmPosition":[-98.3748,165.541,65.0808],"t":[-9.0597,-52.2828,-16.015],"timeVisible":13.7536,"type":"left","wrist":[-149.465,111.574,88.8011]},{"armBasis":[[0.918761,-0.208224,-0.335441],[0.00143257,-0.847854,0.530227],[-0.394811,-0.487633,-0.778677]],"armWidth":64.459,"confidence":1,"direction":[-0.0445791,0.776365,-0.628705],"elbow":[-7.66037,5.01853,-67.0247],"grabAngle":0.278259,"grabStrength":0,"id":725,"palmNormal":[-0.331989,-0.605077,-0.723647],"palmPosition":[92.6271,196.076,108.98],"palmVelocity":[2.38908,-12.6541,-9.9384],"palmWidth":90.0757,"pinchDistance":62.6935,"pinchStrength":0,"r":[[0.994946,0.10041,0.000606618],[-0.100218,0.993384,-0.0560842],[-0.00623403,0.0557399,0.998426]],"s":1.03155,"sphereCenter":[101.02,197.654,57.6129],"sphereRadius":58.6372,"stabilizedPalmPosition":[94.2992,199.059,110.688],"t":[10.0217,39.824,13.1124],"timeVisible":4.50942,"type":"right","wrist":[97.8674,135.356,141.106]}],"id":1324870,"interactionBox":{"center":[0,200,0],"size":[235.247,235.247,147.751]},"pointables":[{"bases":[[[-0.646252,0.759249,0.0768004],[0.00750487,-0.0943114,0.995514],[-0.763087,-0.64393,-0.0552509]],[[-0.217881,0.971469,0.093676],[0.276998,-0.0304824,0.960387],[-0.935842,-0.235198,0.262453]],[[-0.217881,0.971469,0.093676],[0.45444,0.0160404,0.890633],[-0.86372,-0.236622,0.444969]],[[-0.217881,0.971469,0.093676],[0.650187,0.0728991,0.756268],[-0.727863,-0.225683,0.647521]]],"btipPosition":[-22.9943,138.908,54.0242],"carpPosition":[-115.82,113.909,97.3821],"dipPosition":[-40.0642,133.616,69.2099],"direction":[0.86372,0.236622,-0.444969],"extended":false,"handId":722,"id":7220,"length":52.2242,"mcpPosition":[-115.82,113.909,97.3821],"pipPosition":[-69.5742,125.531,84.4128],"stabilizedTipPosition":[-25.5248,137.69,58.2085],"timeVisible":13.7536,"tipPosition":[-27.4007,136.734,56.7344],"tipVelocity":[-5.96295,8.76353,-15.0832],"tool":false,"touchDistance":-0.179828,"touchZone":"touching","type":0,"width":20.6773},{"bases":[[[-0.496924,0.227367,-0.837479],[-0.471853,0.739143,0.480647],[-0.7283,-0.634012,0.260014]],[[-0.449262,0.267504,-0.852411],[-0.20931,0.89605,0.391515],[-0.868535,-0.354311,0.34657]],[[-0.449262,0.267504,-0.852411],[0.404363,0.911682,0.0729847],[-0.796652,0.311895,0.517753]],[[-0.449262,0.267504,-0.852411],[0.723381,0.668847,-0.171359],[-0.524294,0.693603,0.493995]]],"btipPosition":[-7.11453,177.136,42.7018],"carpPosition":[-125.82,135.136,97.5569],"dipPosition":[-16.0909,189.011,51.1595],"direction":[0.796652,-0.311895,-0.517753],"extended":false,"handId":722,"id":7221,"length":58.9292,"mcpPosition":[-72.7777,181.312,78.62],"pipPosition":[-35.3862,196.565,63.6997],"stabilizedTipPosition":[-7.80417,179.624,46.0774],"timeVisible":13.7536,"tipPosition":[-9.58669,178.7,44.6083],"tipVelocity":[-9.63684,5.38185,-18.2956],"tool":false,"touchDistance":-0.182417,"touchZone":"touching","type":1,"width":19.751},{"bases":[[[-0.502982,0.0102599,-0.864236],[-0.564946,0.752842,0.337734],[-0.654098,-0.658121,0.37287]],[[-0.451544,0.0605052,-0.890195],[-0.384269,0.887243,0.255222],[-0.805261,-0.457318,0.377379]],[[-0.451544,0.0605052,-0.890195],[0.124908,0.99216,0.00407714],[-0.883463,0.109351,0.455561]],[[-0.451544,0.0605052,-0.890195],[0.51617,0.831516,-0.205306],[-0.727789,0.552196,0.406697]]],"btipPosition":[-9.23245,193.522,23.4963],"carpPosition":[-132.183,139.493,88.1165],"dipPosition":[-22.9374,203.92,31.1548],"direction":[0.883462,-0.109351,-0.455561],"extended":true,"handId":722,"id":7222,"length":67.1451,"mcpPosition":[-87.0061,184.948,62.3636],"pipPosition":[-48.1118,207.036,44.1361],"stabilizedTipPosition":[-10.3927,196.733,26.8187],"timeVisible":13.7536,"tipPosition":[-12.6504,195.8,25.8974],"tipVelocity":[-9.72843,-5.54234,-15.2836],"tool":false,"touchDistance":0.281829,"touchZone":"hovering","type":2,"width":19.3981},{"bases":[[[-0.549727,-0.143482,-0.82293],[-0.620002,0.730288,0.286839],[-0.55982,-0.667901,0.490418]],[[-0.502654,-0.0889989,-0.859894],[-0.348301,0.931231,0.107218],[-0.791218,-0.353396,0.499085]],[[-0.502654,-0.0889989,-0.859894],[0.20667,0.953473,-0.219494],[-0.83942,0.288043,0.460873]],[[-0.502654,-0.0889989,-0.859894],[0.526706,0.757221,-0.38626],[-0.685507,0.647067,0.333744]]],"btipPosition":[-31.9666,177.951,5.85752],"carpPosition":[-138.242,140.823,77.6558],"dipPosition":[-44.8011,190.066,12.1061],"direction":[0.83942,-0.288043,-0.460873],"extended":false,"handId":722,"id":7223,"length":64.5618,"mcpPosition":[-103.527,182.24,47.2447],"pipPosition":[-68.1028,198.062,24.8996],"stabilizedTipPosition":[-32.4963,182.661,8.6157],"timeVisible":13.7536,"tipPosition":[-34.9176,182.234,7.77109],"tipVelocity":[-12.3513,1.03007,-12.0282],"tool":false,"touchDistance":0.284551,"touchZone":"hovering","type":3,"width":18.4585},{"bases":[[[-0.500776,-0.338499,-0.796644],[-0.744964,0.637186,0.197545],[-0.440742,-0.692397,0.571256]],[[-0.472975,-0.295658,-0.829989],[-0.40197,0.910676,-0.0953351],[-0.784037,-0.28854,0.549573]],[[-0.472975,-0.295658,-0.829989],[0.316143,0.822338,-0.473089],[-0.822404,0.486154,0.295475]],[[-0.472975,-0.295658,-0.829989],[0.658276,0.507562,-0.555926],[-0.585634,0.809301,0.0454392]]],"btipPosition":[-63.0147,161.984,6.41782],"carpPosition":[-142.329,135.522,65.258],"dipPosition":[-73.1301,175.963,7.20267],"direction":[0.822404,-0.486154,-0.295475],"extended":false,"handId":722,"id":7224,"length":50.6153,"mcpPosition":[-117.029,175.267,32.4664],"pipPosition":[-89.2486,185.491,12.9938],"stabilizedTipPosition":[-62.742,167.906,6.80443],"timeVisible":13.7536,"tipPosition":[-65.1076,167.343,6.31141],"tipVelocity":[-14.2634,4.22096,-8.51215],"tool":false,"touchDistance":0.304379,"touchZone":"hovering","type":4,"width":16.3963},{"bases":[[[0.667392,0.621683,0.409998],[-0.592432,0.109628,0.798126],[0.451234,-0.775559,0.44147]],[[0.555288,0.773334,0.305956],[-0.74,0.291545,0.606137],[0.379547,-0.562988,0.734159]],[[0.555288,0.773334,0.305956],[-0.811074,0.584909,-0.00637438],[-0.183886,-0.244613,0.952024]],[[0.555288,0.773334,0.305956],[-0.60812,0.628513,-0.484935],[-0.567314,0.0832207,0.819286]]],"btipPosition":[74.3822,185.937,57.9427],"carpPosition":[73.5505,151.71,145.963],"dipPosition":[61.0775,187.889,77.1566],"direction":[0.183886,0.244613,-0.952024],"extended":false,"handId":725,"id":7250,"length":52.2242,"mcpPosition":[73.5505,151.71,145.963],"pipPosition":[54.7949,179.531,109.684],"stabilizedTipPosition":[71.9718,188.752,62.9539],"timeVisible":4.50942,"tipPosition":[64.5508,188.765,61.5514],"tipVelocity":[-4.43949,-23.3762,-3.33369],"tool":false,"touchDistance":0.267983,"touchZone":"hovering","type":0,"width":20.6773},{"bases":[[[0.882111,-0.258764,-0.3936],[0.455201,0.683161,0.571037],[0.121129,-0.682885,0.720414]],[[0.889905,-0.32793,-0.317066],[0.455448,0.677231,0.577863],[0.0252282,-0.658651,0.752026]],[[0.889905,-0.32793,-0.317066],[0.451568,0.731573,0.510771],[0.0644601,-0.597714,0.799113]],[[0.889905,-0.32793,-0.317066],[0.443574,0.784199,0.433905],[0.106352,-0.526777,0.843324]]],"btipPosition":[85.0713,277.255,22.3192],"carpPosition":[98.4953,171.325,147.05],"dipPosition":[87.074,267.335,38.1997],"direction":[-0.0644601,0.597714,-0.799113],"extended":true,"handId":725,"id":7252,"length":67.1451,"mcpPosition":[90.1293,218.49,97.2936],"pipPosition":[88.9108,250.303,60.9706],"stabilizedTipPosition":[85.122,275.158,26.3201],"timeVisible":4.50942,"tipPosition":[81.979,271.71,24.7815],"tipVelocity":[11.2325,-5.95295,-7.68449],"tool":false,"touchDistance":0.257013,"touchZone":"hovering","type":2,"width":19.3981},{"bases":[[[0.85348,-0.407194,-0.325215],[0.52069,0.640811,0.564131],[-0.0213089,-0.650811,0.758941]],[[0.85349,-0.37453,-0.362329],[0.519457,0.6668,0.534361],[0.0414666,-0.644286,0.763659]],[[0.85349,-0.37453,-0.362329],[0.506702,0.758823,0.409196],[0.121687,-0.532837,0.837423]],[[0.85349,-0.37453,-0.362329],[0.487799,0.818809,0.302662],[0.183322,-0.435063,0.88154]]],"btipPosition":[102.133,261.497,21.2069],"carpPosition":[109.478,169.357,142.211],"dipPosition":[105.565,253.352,37.7117],"direction":[-0.121687,0.532837,-0.837423],"extended":true,"handId":725,"id":7253,"length":64.5618,"mcpPosition":[110.799,209.714,95.1486],"pipPosition":[108.943,238.56,60.958],"stabilizedTipPosition":[102.768,260.118,25.7656],"timeVisible":4.50942,"tipPosition":[101.557,255.922,23.8134],"tipVelocity":[6.28257,-13.9699,-14.7056],"tool":false,"touchDistance":0.258476,"touchZone":"hovering","type":3,"width":18.4585},{"bases":[[[0.747434,-0.580027,-0.323901],[0.643156,0.509645,0.5715],[-0.166411,-0.635477,0.753974]],[[0.764722,-0.465872,-0.445156],[0.644231,0.566612,0.513728],[0.0128997,-0.679642,0.73343]],[[0.764722,-0.465872,-0.445156],[0.626974,0.697375,0.347234],[0.148674,-0.544639,0.825387]],[[0.764722,-0.465872,-0.445156],[0.599933,0.766855,0.228068],[0.23512,-0.441472,0.865922]]],"btipPosition":[120.33,239.865,34.5624],"carpPosition":[118.209,161.006,134.963],"dipPosition":[124.391,232.24,49.519],"direction":[-0.148674,0.544639,-0.825387],"extended":true,"handId":725,"id":7254,"length":50.6153,"mcpPosition":[127.762,197.484,91.6831],"pipPosition":[127.305,221.566,65.696],"stabilizedTipPosition":[121.184,238.627,38.7827],"timeVisible":4.50942,"tipPosition":[118.913,233.225,36.2284],"tipVelocity":[-1.31914,-21.0249,-18.0574],"tool":false,"touchDistance":0.278633,"touchZone":"hovering","type":4,"width":16.3963},{"bases":[[[0.921368,-0.0436057,-0.386238],[0.29833,0.716309,0.630794],[0.249159,-0.696419,0.672993]],[[0.954252,-0.209951,-0.212893],[0.298439,0.712496,0.635045],[0.0183575,-0.669529,0.742559]],[[0.954252,-0.209951,-0.212893],[0.294903,0.778369,0.554232],[0.0493482,-0.59166,0.804676]],[[0.954252,-0.209951,-0.212893],[0.289318,0.828096,0.480159],[0.0754863,-0.519787,0.850955]]],"btipPosition":[65.6033,273.012,35.9961],"carpPosition":[87.0276,170.238,151.037],"dipPosition":[66.8957,264.113,50.5652],"direction":[-0.0493482,0.59166,-0.804676],"extended":true,"handId":725,"id":7251,"length":58.9292,"mcpPosition":[68.8813,220.958,102.023],"pipPosition":[68.091,249.782,70.0548],"stabilizedTipPosition":[66.0741,270.906,39.0506],"timeVisible":4.50942,"tipPosition":[62.3602,268.592,38.4527],"tipVelocity":[9.31152,4.504,2.28066],"tool":false,"touchDistance":0.232201,"touchZone":"hovering","type":1,"width":19.751}],"r":[[0.0109465,-0.84889,-0.528456],[0.897878,0.24095,-0.368453],[0.440108,-0.470456,0.764838]],"s":63.6169,"t":[-1625.04,-10007.2,11056.5],"timestamp":747008184069},{"currentFrameRate":115.364,"devices":[],"gestures":[{"center":[92.575,276.609,29.3871],"duration":8698,"handIds":[725],"id":3,"normal":[-0.39993,-0.37243,0.837468],"pointableIds":[7252],"progress":0.765491,"radius":7.02251,"state":"update","type":"circle"}],"hands":[{"armBasis":[[-0.689352,0.021133,-0.724118],[-0.410931,0.811788,0.414893],[-0.596598,-0.58357,0.550923]],"armWidth":64.459,"confidence":1,"direction":[0.557493,0.764465,-0.32372],"elbow":[-308.979,-44.3561,236.014],"grabAngle":1.52768,"grabStrength":0.311767,"id":722,"palmNormal":[0.573603,-0.636594,-0.515488],"palmPosition":[-100.258,163.571,65.7837],"palmVelocity":[-7.17551,5.70731,-7.3396],"palmWidth":90.0757,"pinchDistance":47.5266,"pinchStrength":0.409136,"r":[[0.972365,0.0264964,-0.231958],[-0.0780268,0.973291,-0.215909],[0.220042,0.228041,0.948461]],"s":0.845012,"sphereCenter":[-55.3183,139.545,27.4362],"sphereRadius":60.8817,"stabilizedPalmPosition":[-98.377,165.539,65.0816],"t":[-9.12534,-52.2267,-16.0727],"timeVisible":13.7623,"type":"left","wrist":[-149.516,111.625,88.7597]},{"armBasis":[[0.91864,-0.208491,-0.335608],[0.00198267,-0.84699,0.531605],[-0.395091,-0.489019,-0.777665]],"armWidth":64.459,"confidence":1,"direction":[-0.0452707,0.775348,-0.62991],"elbow":[-7.65021,4.62776,-66.763],"grabAngle":0.274794,"grabStrength":0,"id":725,"palmNormal":[-0.333043,-0.606197,-0.722224],"palmPosition":[92.6671,196.007,108.884],"palmVelocity":[4.61841,-7.93021,-11.0716],"palmWidth":90.0757,"pinchDistance":62.8023,"pinchStrength":0,"r":[[0.99496,0.100265,-0.000974552],[-0.100155,0.993309,-0.0575005],[-0.00479724,0.0573083,0.998345]],"s":1.03307,"sphereCenter":[102.686,199.986,59.3762],"sphereRadius":57.4053,"stabilizedPalmPosition":[94.2656,198.996,110.651],"t":[10.0397,39.7305,13.0133],"timeVisible":4.51808,"type":"right","wrist":[97.9525,135.336,141.097]}],"id":1324871,"interactionBox":{"center":[0,200,0],"size":[235.247,235.247,147.751]},"pointables":[{"bases":[[[-0.64576,0.75948,0.0786373],[0.00890448,-0.0954925,0.99539],[-0.763489,-0.643483,-0.0549024]],[[-0.217422,0.97143,0.0951388],[0.277873,-0.0318357,0.96009],[-0.935689,-0.235181,0.263013]],[[-0.217422,0.97143,0.0951388],[0.455457,0.0147615,0.890135],[-0.8633,-0.236866,0.445654]],[[-0.217422,0.97143,0.0951388],[0.651312,0.0717919,0.755406],[-0.726994,-0.226207,0.648313]]],"btipPosition":[-23.0777,138.948,53.8551],"carpPosition":[-115.861,113.929,97.2826],"dipPosition":[-40.1272,133.643,69.0593],"direction":[0.8633,0.236866,-0.445654],"extended":false,"handId":722,"id":7220,"length":52.2242,"mcpPosition":[-115.861,113.929,97.2826],"pipPosition":[-69.6228,125.55,84.2856],"stabilizedTipPosition":[-25.531,137.69,58.2049],"timeVisible":13.7623,"tipPosition":[-27.4882,136.761,56.5355],"tipVelocity":[-9.0905,4.26254,-19.0465],"tool":false,"touchDistance":-0.182576,"touchZone":"touching","type":0,"width":20.6773},{"bases":[[[-0.498027,0.228605,-0.836486],[-0.470784,0.738809,0.482206],[-0.728239,-0.633956,0.260323]],[[-0.450437,0.268679,-0.851421],[-0.208682,0.895544,0.393004],[-0.868077,-0.3547,0.347318]],[[-0.450437,0.268679,-0.851421],[0.405007,0.911368,0.0733301],[-0.795661,0.311801,0.51933]],[[-0.450437,0.268679,-0.851421],[0.723766,0.66826,-0.172023],[-0.522752,0.693715,0.495469]]],"btipPosition":[-7.2193,177.173,42.5238],"carpPosition":[-125.85,135.161,97.497],"dipPosition":[-16.1693,189.051,51.0067],"direction":[0.795661,-0.311801,-0.51933],"extended":false,"handId":722,"id":7221,"length":58.9292,"mcpPosition":[-72.8124,181.332,78.5376],"pipPosition":[-35.4405,196.602,63.5851],"stabilizedTipPosition":[-7.80956,179.625,46.0716],"timeVisible":13.7623,"tipPosition":[-9.67173,178.73,44.431],"tipVelocity":[-11.4026,4.4062,-19.8936],"tool":false,"touchDistance":-0.185287,"touchZone":"touching","type":1,"width":19.751},{"bases":[[[-0.504232,0.0115329,-0.863491],[-0.564078,0.752724,0.339445],[-0.653885,-0.658235,0.373042]],[[-0.45262,0.0619603,-0.889548],[-0.38358,0.887039,0.256959],[-0.804985,-0.457518,0.377725]],[[-0.45262,0.0619603,-0.889548],[0.126535,0.991951,0.00470941],[-0.88268,0.110427,0.456817]],[[-0.45262,0.0619603,-0.889548],[0.517793,0.830428,-0.205621],[-0.725965,0.55367,0.407951]]],"btipPosition":[-9.3589,193.52,23.3628],"carpPosition":[-132.224,139.532,88.0711],"dipPosition":[-23.0295,203.946,31.0449],"direction":[0.88268,-0.110427,-0.456817],"extended":true,"handId":722,"id":7222,"length":67.1451,"mcpPosition":[-87.0625,184.995,62.3062],"pipPosition":[-48.1816,207.093,44.062],"stabilizedTipPosition":[-10.3976,196.731,26.8148],"timeVisible":13.7623,"tipPosition":[-12.7535,195.853,25.7425],"tipVelocity":[-13.696,0.526917,-14.7969],"tool":false,"touchDistance":0.279694,"touchZone":"hovering","type":2,"width":19.3981},{"bases":[[[-0.550994,-0.142234,-0.822299],[-0.619219,0.730258,0.288603],[-0.559441,-0.668201,0.490442]],[[-0.503911,-0.0876904,-0.859293],[-0.348146,0.931065,0.109147],[-0.790486,-0.35416,0.499703]],[[-0.503911,-0.0876904,-0.859293],[0.207703,0.953341,-0.21909],[-0.838411,0.28888,0.462186]],[[-0.503911,-0.0876904,-0.859293],[0.525476,0.758437,-0.385551],[-0.685528,0.645821,0.336106]]],"btipPosition":[-32.1068,178.059,5.71267],"carpPosition":[-138.298,140.877,77.6207],"dipPosition":[-44.9417,190.15,12.0055],"direction":[0.838411,-0.28888,-0.462186],"extended":false,"handId":722,"id":7223,"length":64.5618,"mcpPosition":[-103.607,182.313,47.2082],"pipPosition":[-68.2154,198.169,24.8354],"stabilizedTipPosition":[-32.5023,182.656,8.6123],"timeVisible":13.7623,"tipPosition":[-35.0548,182.318,7.63435],"tipVelocity":[-16.2037,11.7817,-15.5594],"tool":false,"touchDistance":0.282307,"touchZone":"hovering","type":3,"width":18.4585},{"bases":[[[-0.502102,-0.337307,-0.796315],[-0.744357,0.637323,0.199381],[-0.440258,-0.692852,0.571078]],[[-0.474394,-0.294539,-0.829576],[-0.402238,0.910764,-0.0933448],[-0.783042,-0.289405,0.550536]],[[-0.474394,-0.294539,-0.829576],[0.316046,0.822555,-0.472778],[-0.821624,0.486467,0.297127]],[[-0.474394,-0.294539,-0.829576],[0.658229,0.507059,-0.556439],[-0.584538,0.810023,0.0466713]]],"btipPosition":[-63.189,162.093,6.30492],"carpPosition":[-142.406,135.593,65.2226],"dipPosition":[-73.2854,176.084,7.11105],"direction":[0.821624,-0.486467,-0.297127],"extended":false,"handId":722,"id":7224,"length":50.6153,"mcpPosition":[-117.134,175.364,32.4413],"pipPosition":[-89.3886,185.619,12.9345],"stabilizedTipPosition":[-62.7499,167.898,6.80354],"timeVisible":13.7623,"tipPosition":[-65.2548,167.442,6.20196],"tipVelocity":[-19.6261,12.9604,-12.4775],"tool":false,"touchDistance":0.302579,"touchZone":"hovering","type":4,"width":16.3963},{"bases":[[[0.668036,0.622233,0.40811],[-0.591366,0.111031,0.798723],[0.451679,-0.774918,0.44214]],[[0.555827,0.773729,0.303972],[-0.739128,0.292627,0.60668],[0.380456,-0.561883,0.734535]],[[0.555827,0.773729,0.303972],[-0.810923,0.585117,-0.00654388],[-0.182922,-0.24286,0.952659]],[[0.555827,0.773729,0.303972],[-0.608046,0.627745,-0.486021],[-0.566865,0.0853147,0.819381]]],"btipPosition":[74.3747,185.768,57.9016],"carpPosition":[73.6314,151.705,145.964],"dipPosition":[61.0806,187.769,77.1177],"direction":[0.182922,0.24286,-0.952659],"extended":false,"handId":725,"id":7250,"length":52.2242,"mcpPosition":[73.6314,151.705,145.964],"pipPosition":[54.8309,179.471,109.666],"stabilizedTipPosition":[71.9128,188.525,62.8969],"timeVisible":4.51808,"tipPosition":[64.5394,188.62,61.5058],"tipVelocity":[-0.582862,-18.1776,-4.68976],"tool":false,"touchDistance":0.267307,"touchZone":"hovering","type":0,"width":20.6773},{"bases":[[[0.881549,-0.259558,-0.394335],[0.456067,0.684011,0.569326],[0.121957,-0.681732,0.721365]],[[0.889442,-0.328828,-0.317434],[0.456398,0.676006,0.578547],[0.0243452,-0.65946,0.751345]],[[0.889442,-0.328828,-0.317434],[0.45259,0.73044,0.511488],[0.0636751,-0.598607,0.798508]],[[0.889442,-0.328828,-0.317434],[0.444721,0.782872,0.435126],[0.105429,-0.528189,0.842556]]],"btipPosition":[85.1822,277.259,22.2547],"carpPosition":[98.581,171.318,146.987],"dipPosition":[87.1675,267.312,38.1208],"direction":[-0.0636751,0.598607,-0.798508],"extended":true,"handId":725,"id":7252,"length":67.1451,"mcpPosition":[90.1578,218.403,97.1646],"pipPosition":[88.9819,250.255,60.8745],"stabilizedTipPosition":[85.1587,275.144,26.2905],"timeVisible":4.51808,"tipPosition":[81.9935,271.574,24.6024],"tipVelocity":[12.3499,-0.261551,-7.83048],"tool":false,"touchDistance":0.255883,"touchZone":"hovering","type":2,"width":19.3981},{"bases":[[[0.852983,-0.407871,-0.325671],[0.52154,0.641638,0.562403],[-0.0204248,-0.64957,0.760027]],[[0.852955,-0.375429,-0.362659],[0.520399,0.665722,0.534788],[0.0406554,-0.644877,0.763204]],[[0.852955,-0.375429,-0.362659],[0.50775,0.75789,0.409625],[0.121071,-0.533532,0.83707]],[[0.852955,-0.375429,-0.362659],[0.488952,0.817881,0.30331],[0.182741,-0.436032,0.881182]]],"btipPosition":[102.221,261.467,21.1019],"carpPosition":[109.557,169.34,142.136],"dipPosition":[105.642,253.303,37.6],"direction":[-0.121071,0.533532,-0.83707],"extended":true,"handId":725,"id":7253,"length":64.5618,"mcpPosition":[110.823,209.62,95.0067],"pipPosition":[109.003,238.493,60.8365],"stabilizedTipPosition":[102.778,260.095,25.7281],"timeVisible":4.51808,"tipPosition":[101.52,255.776,23.6296],"tipVelocity":[9.93284,-3.99928,-12.3035],"tool":false,"touchDistance":0.256701,"touchZone":"hovering","type":3,"width":18.4585},{"bases":[[[0.746908,-0.580684,-0.323936],[0.643993,0.510463,0.569825],[-0.165531,-0.63422,0.755225]],[[0.764067,-0.466539,-0.445582],[0.645016,0.565832,0.513604],[0.0125083,-0.679835,0.733258]],[[0.764067,-0.466539,-0.445582],[0.627833,0.696616,0.347206],[0.148414,-0.54504,0.82517]],[[0.764067,-0.466539,-0.445582],[0.600681,0.76642,0.227558],[0.235338,-0.441522,0.865837]]],"btipPosition":[120.362,239.778,34.43],"carpPosition":[118.277,160.975,134.891],"dipPosition":[124.427,232.152,49.3852],"direction":[-0.148414,0.54504,-0.82517],"extended":true,"handId":725,"id":7254,"length":50.6153,"mcpPosition":[127.779,197.381,91.539],"pipPosition":[127.336,221.469,65.5579],"stabilizedTipPosition":[121.189,238.598,38.7376],"timeVisible":4.51808,"tipPosition":[118.888,233.082,36.0554],"tipVelocity":[3.87577,-10.1165,-15.3298],"tool":false,"touchDistance":0.276421,"touchZone":"hovering","type":4,"width":16.3963},{"bases":[[[0.920853,-0.0443948,-0.387374],[0.29928,0.717284,0.629234],[0.249923,-0.695366,0.673799]],[[0.953943,-0.210704,-0.213532],[0.299461,0.710998,0.636243],[0.0177625,-0.670884,0.74135]],[[0.953943,-0.210704,-0.213532],[0.295983,0.776994,0.555585],[0.0488494,-0.593199,0.803573]],[[0.953943,-0.210704,-0.213532],[0.290567,0.825962,0.483071],[0.0745848,-0.522868,0.849145]]],"btipPosition":[65.6916,273.084,36.0006],"carpPosition":[87.1184,170.239,150.991],"dipPosition":[66.9686,264.132,50.5388],"direction":[-0.0488494,0.593199,-0.803573],"extended":true,"handId":725,"id":7251,"length":58.9292,"mcpPosition":[68.9164,220.882,101.918],"pipPosition":[68.1517,249.765,70.0017],"stabilizedTipPosition":[66.0672,270.915,39.0734],"timeVisible":4.51808,"tipPosition":[62.3972,268.468,38.3011],"tipVelocity":[9.78817,6.96903,-0.29559],"tool":false,"touchDistance":0.232158,"touchZone":"hovering","type":1,"width":19.751}],"r":[[0.0100085,-0.848817,-0.528591],[0.898115,0.240048,-0.368466],[0.439647,-0.471048,0.764738]],"s":63.6174,"t":[-1625.09,-10007.2,11056.4],"timestamp":747008192725},{"currentFrameRate":115.357,"devices":[],"gestures":[{"center":[92.575,276.609,29.3871],"duration":8698,"handIds":[725],"id":3,"normal":[-0.39993,-0.37243,0.837468],"pointableIds":[7252],"progress":0.765491,"radius":7.02251,"state":"update","type":"circle"}],"hands":[{"armBasis":[[-0.690166,0.0205144,-0.72336],[-0.410955,0.811662,0.415115],[-0.59564,-0.583767,0.551751]],"armWidth":64.459,"confidence":1,"direction":[0.557084,0.764574,-0.324166],"elbow":[-308.735,-44.3766,236.244],"grabAngle":1.52797,"grabStrength":0.31351,"id":722,"palmNormal":[0.573439,-0.636502,-0.515784],"palmPosition":[-100.304,163.614,65.7502],"palmVelocity":[-5.24825,5.01471,-3.86614],"palmWidth":90.0757,"pinchDistance":47.5339,"pinchStrength":0.408958,"r":[[0.972236,0.0267182,-0.232474],[-0.0783309,0.973307,-0.215728],[0.220505,0.227948,0.948376]],"s":0.844716,"sphereCenter":[-55.3579,139.63,27.4444],"sphereRadius":60.8537,"stabilizedPalmPosition":[-98.3794,165.537,65.0824],"t":[-9.18095,-52.1769,-16.1183],"timeVisible":13.771,"type":"left","wrist":[-149.528,111.657,88.7679]},{"armBasis":[[0.918486,-0.208924,-0.335759],[0.00225852,-0.846264,0.53276],[-0.395447,-0.490091,-0.77681]],"armWidth":64.459,"confidence":1,"direction":[-0.0457325,0.774513,-0.630903],"elbow":[-7.67487,4.32903,-66.4893],"grabAngle":0.271656,"grabStrength":0,"id":725,"palmNormal":[-0.334456,-0.606986,-0.720907],"palmPosition":[92.7091,195.958,108.86],"palmVelocity":[4.8322,-5.66465,-2.75659],"palmWidth":90.0757,"pinchDistance":62.897,"pinchStrength":0,"r":[[0.994981,0.100028,-0.00255728],[-0.100005,0.993244,-0.058876],[-0.00334925,0.0588362,0.998262]],"s":1.03447,"sphereCenter":[104.132,202.068,60.9976],"sphereRadius":56.4572,"stabilizedPalmPosition":[94.2317,198.93,110.612],"t":[10.0697,39.6592,12.9518],"timeVisible":4.52676,"type":"right","wrist":[98.0229,135.324,141.142]}],"id":1324872,"interactionBox":{"center":[0,200,0],"size":[235.247,235.247,147.751]},"pointables":[{"bases":[[[-0.645909,0.759319,0.0789662],[0.00956973,-0.0953767,0.995395],[-0.763354,-0.64369,-0.0543382]],[[-0.217812,0.97134,0.0951658],[0.278327,-0.0316398,0.959965],[-0.935464,-0.235579,0.263458]],[[-0.217812,0.97134,0.0951658],[0.455886,0.0150393,0.889911],[-0.862975,-0.237218,0.446096]],[[-0.217812,0.97134,0.0951658],[0.651794,0.0721918,0.754952],[-0.726445,-0.226466,0.648838]]],"btipPosition":[-23.1251,139.029,53.7877],"carpPosition":[-115.873,113.972,97.2647],"dipPosition":[-40.1617,133.718,69.0043],"direction":[0.862975,0.237218,-0.446096],"extended":false,"handId":722,"id":7220,"length":52.2242,"mcpPosition":[-115.873,113.972,97.2647],"pipPosition":[-69.6462,125.613,84.2457],"stabilizedTipPosition":[-25.5374,137.691,58.201],"timeVisible":13.771,"tipPosition":[-27.532,136.824,56.4594],"tipVelocity":[-5.11491,9.14364,-7.4297],"tool":false,"touchDistance":-0.183651,"touchZone":"touching","type":0,"width":20.6773},{"bases":[[[-0.498624,0.228379,-0.836192],[-0.470668,0.73874,0.482425],[-0.727904,-0.634118,0.260863]],[[-0.450917,0.268575,-0.8512],[-0.209214,0.895284,0.393315],[-0.8677,-0.355435,0.347509]],[[-0.450917,0.268575,-0.8512],[0.404637,0.911538,0.0732603],[-0.795577,0.311393,0.519704]],[[-0.450917,0.268575,-0.8512],[0.723664,0.668245,-0.172507],[-0.522479,0.693769,0.495681]]],"btipPosition":[-7.28429,177.266,42.4497],"carpPosition":[-125.868,135.201,97.4831],"dipPosition":[-16.2296,189.144,50.9362],"direction":[0.795577,-0.311393,-0.519704],"extended":false,"handId":722,"id":7221,"length":58.9292,"mcpPosition":[-72.8544,181.384,78.4844],"pipPosition":[-35.4988,196.686,63.5236],"stabilizedTipPosition":[-7.81547,179.626,46.0651],"timeVisible":13.771,"tipPosition":[-9.73413,178.798,44.3376],"tipVelocity":[-7.36161,10.7184,-8.44424],"tool":false,"touchDistance":-0.186509,"touchZone":"touching","type":1,"width":19.751},{"bases":[[[-0.50479,0.0113019,-0.863168],[-0.564058,0.752614,0.339722],[-0.653472,-0.658365,0.373538]],[[-0.453034,0.0619055,-0.889341],[-0.383828,0.886846,0.257255],[-0.804634,-0.457899,0.378011]],[[-0.453034,0.0619055,-0.889341],[0.127058,0.991886,0.00431945],[-0.882392,0.111041,0.457224]],[[-0.453034,0.0619055,-0.889341],[0.518593,0.829731,-0.206417],[-0.725135,0.55472,0.408]]],"btipPosition":[-9.4531,193.548,23.292],"carpPosition":[-132.249,139.57,88.0608],"dipPosition":[-23.108,203.994,30.975],"direction":[0.882392,-0.111041,-0.457224],"extended":true,"handId":722,"id":7222,"length":67.1451,"mcpPosition":[-87.116,185.041,62.2617],"pipPosition":[-48.252,207.158,44.0037],"stabilizedTipPosition":[-10.4026,196.729,26.8108],"timeVisible":13.771,"tipPosition":[-12.8327,195.915,25.6474],"tipVelocity":[-10.4361,3.71947,-8.12941],"tool":false,"touchDistance":0.278518,"touchZone":"hovering","type":2,"width":19.3981},{"bases":[[[-0.551485,-0.142473,-0.821928],[-0.619225,0.730128,0.288919],[-0.558949,-0.668293,0.490877]],[[-0.504405,-0.0878807,-0.858983],[-0.34881,0.930763,0.109601],[-0.789878,-0.354905,0.500135]],[[-0.504405,-0.0878807,-0.858983],[0.208078,0.953119,-0.219698],[-0.838021,0.289552,0.462472]],[[-0.504405,-0.0878807,-0.858983],[0.524244,0.759301,-0.385525],[-0.686107,0.644778,0.336924]]],"btipPosition":[-32.1964,178.134,5.63649],"carpPosition":[-138.33,140.912,77.6142],"dipPosition":[-45.0421,190.205,11.9446],"direction":[0.838021,-0.289552,-0.462472],"extended":false,"handId":722,"id":7223,"length":64.5618,"mcpPosition":[-103.67,182.353,47.1746],"pipPosition":[-68.305,198.243,24.7825],"stabilizedTipPosition":[-32.5086,182.652,8.60868],"timeVisible":13.771,"tipPosition":[-35.1427,182.37,7.55618],"tipVelocity":[-10.6112,8.0933,-8.3674],"tool":false,"touchDistance":0.281096,"touchZone":"hovering","type":3,"width":18.4585},{"bases":[[[-0.502525,-0.337529,-0.795954],[-0.744396,0.63715,0.199787],[-0.439708,-0.692902,0.57144]],[[-0.474942,-0.294899,-0.829135],[-0.403073,0.910437,-0.0929287],[-0.78228,-0.290066,0.551271]],[[-0.474942,-0.294899,-0.829135],[0.315586,0.822437,-0.473289],[-0.821484,0.486448,0.297544]],[[-0.474942,-0.294899,-0.829135],[0.658073,0.506524,-0.557111],[-0.584268,0.810227,0.0465048]]],"btipPosition":[-63.2935,162.149,6.24953],"carpPosition":[-142.444,135.625,65.2193],"dipPosition":[-73.3852,176.143,7.05279],"direction":[0.821484,-0.486448,-0.297544],"extended":false,"handId":722,"id":7224,"length":50.6153,"mcpPosition":[-117.204,175.4,32.4173],"pipPosition":[-89.4857,185.677,12.8844],"stabilizedTipPosition":[-62.7583,167.891,6.80245],"timeVisible":13.771,"tipPosition":[-65.3401,167.485,6.14588],"tipVelocity":[-11.9129,6.49583,-6.45605],"tool":false,"touchDistance":0.301644,"touchZone":"hovering","type":4,"width":16.3963},{"bases":[[[0.668999,0.622394,0.406282],[-0.590133,0.112473,0.799433],[0.451867,-0.774581,0.44254]],[[0.55673,0.773813,0.302103],[-0.738059,0.293883,0.607373],[0.38121,-0.561112,0.734733]],[[0.55673,0.773813,0.302103],[-0.810512,0.585685,-0.00653622],[-0.181995,-0.241219,0.953253]],[[0.55673,0.773813,0.302103],[-0.607771,0.627349,-0.486875],[-0.566274,0.0874482,0.819565]]],"btipPosition":[74.3619,185.637,57.9316],"carpPosition":[73.7014,151.718,146.029],"dipPosition":[61.0816,187.688,77.152],"direction":[0.181995,0.241219,-0.953253],"extended":false,"handId":725,"id":7250,"length":52.2242,"mcpPosition":[73.7014,151.718,146.029],"pipPosition":[54.8635,179.446,109.721],"stabilizedTipPosition":[71.8605,188.316,62.8499],"timeVisible":4.52676,"tipPosition":[64.522,188.517,61.5349],"tipVelocity":[-1.11389,-13.8046,3.56508],"tool":false,"touchDistance":0.267823,"touchZone":"hovering","type":0,"width":20.6773},{"bases":[[[0.880819,-0.260619,-0.395267],[0.457302,0.684518,0.567723],[0.122608,-0.680818,0.722118]],[[0.88879,-0.329935,-0.318112],[0.457709,0.674665,0.579077],[0.023561,-0.66028,0.75065]],[[0.88879,-0.329935,-0.318112],[0.453958,0.72922,0.512016],[0.063041,-0.599484,0.7979]],[[0.88879,-0.329935,-0.318112],[0.446205,0.781421,0.436213],[0.104657,-0.529645,0.841738]]],"btipPosition":[85.2907,277.287,22.2702],"carpPosition":[98.664,171.317,146.988],"dipPosition":[87.2615,267.313,38.1208],"direction":[-0.063041,0.599485,-0.7979],"extended":true,"handId":725,"id":7252,"length":67.1451,"mcpPosition":[90.1959,218.339,97.1137],"pipPosition":[89.0579,250.231,60.8572],"stabilizedTipPosition":[85.204,275.133,26.2616],"timeVisible":4.52676,"tipPosition":[82.0223,271.477,24.5154],"tipVelocity":[12.1184,2.53178,1.37094],"tool":false,"touchDistance":0.256082,"touchZone":"hovering","type":2,"width":19.3981},{"bases":[[[0.852265,-0.408822,-0.326358],[0.52274,0.642097,0.560763],[-0.0196986,-0.648518,0.760944]],[[0.852205,-0.376522,-0.363288],[0.521682,0.664481,0.535082],[0.039928,-0.64552,0.762699]],[[0.852205,-0.376522,-0.363288],[0.509121,0.756807,0.409927],[0.120592,-0.534299,0.836649]],[[0.852205,-0.376522,-0.363288],[0.490438,0.81674,0.303983],[0.182255,-0.437226,0.880691]]],"btipPosition":[102.306,261.46,21.0764],"carpPosition":[109.632,169.326,142.124],"dipPosition":[105.718,253.274,37.5653],"direction":[-0.120592,0.534299,-0.836649],"extended":true,"handId":725,"id":7253,"length":64.5618,"mcpPosition":[110.853,209.541,94.9377],"pipPosition":[109.066,238.442,60.7901],"stabilizedTipPosition":[102.794,260.07,25.6864],"timeVisible":4.52676,"tipPosition":[101.497,255.664,23.5312],"tipVelocity":[9.50749,-1.3412,-3.1862],"tool":false,"touchDistance":0.25624,"touchZone":"hovering","type":3,"width":18.4585},{"bases":[[[0.746091,-0.581569,-0.324231],[0.645127,0.510859,0.568185],[-0.164802,-0.633088,0.756333]],[[0.763153,-0.467335,-0.446313],[0.646103,0.564806,0.513366],[0.0121667,-0.680141,0.73298]],[[0.763153,-0.467335,-0.446313],[0.628972,0.695663,0.347055],[0.148293,-0.545575,0.824838]],[[0.763153,-0.467335,-0.446313],[0.601718,0.765754,0.22706],[0.235653,-0.441836,0.865591]]],"btipPosition":[120.389,239.711,34.3736],"carpPosition":[118.337,160.947,134.877],"dipPosition":[124.459,232.079,49.3245],"direction":[-0.148293,0.545575,-0.824838],"extended":true,"handId":725,"id":7254,"length":50.6153,"mcpPosition":[127.797,197.288,91.4619],"pipPosition":[127.366,221.387,65.4907],"stabilizedTipPosition":[121.196,238.567,38.694],"timeVisible":4.52676,"tipPosition":[118.867,232.961,35.959],"tipVelocity":[3.18791,-7.85708,-6.6127],"tool":false,"touchDistance":0.275465,"touchZone":"hovering","type":4,"width":16.3963},{"bases":[[[0.92026,-0.0454705,-0.388657],[0.300623,0.717965,0.627815],[0.250495,-0.694592,0.674384]],[[0.953512,-0.211776,-0.214394],[0.300862,0.709587,0.637156],[0.0171967,-0.67204,0.740316]],[[0.953512,-0.211776,-0.214394],[0.297433,0.775744,0.556556],[0.0484496,-0.594451,0.802671]],[[0.953512,-0.211776,-0.214394],[0.292173,0.823936,0.485555],[0.073818,-0.525623,0.847509]]],"btipPosition":[65.7853,273.167,36.0717],"carpPosition":[87.2066,170.25,151.01],"dipPosition":[67.0491,264.168,50.5819],"direction":[-0.0484497,0.594451,-0.802671],"extended":true,"handId":725,"id":7251,"length":58.9292,"mcpPosition":[68.9629,220.838,101.894],"pipPosition":[68.2226,249.77,70.0229],"stabilizedTipPosition":[66.0678,270.929,39.0981],"timeVisible":4.52676,"tipPosition":[62.4449,268.39,38.2435],"tipVelocity":[10.4424,8.2662,7.44691],"tool":false,"touchDistance":0.233236,"touchZone":"hovering","type":1,"width":19.751}],"r":[[0.00912421,-0.848732,-0.528745],[0.898363,0.23918,-0.368425],[0.439159,-0.471643,0.764651]],"s":63.6179,"t":[-1625.13,-10007.1,11056.4],"timestamp":747008201407},{"currentFrameRate":115.348,"devices":[],"gestures":[{"center":[92.575,276.609,29.3871],"duration":8698,"handIds":[725],"id":3,"normal":[-0.39993,-0.37243,0.837468],"pointableIds":[7252],"progress":0.765491,"radius":7.02251,"state":"update","type":"circle"}],"hands":[{"armBasis":[[-0.691359,0.020631,-0.722217],[-0.410552,0.811317,0.416187],[-0.594533,-0.584242,0.552441]],"armWidth":64.459,"confidence":1,"direction":[0.55757,0.763931,-0.324847],"elbow":[-308.489,-44.4395,236.419],"grabAngle":1.52845,"grabStrength":0.315119,"id":722,"palmNormal":[0.57213,-0.637173,-0.51641],"palmPosition":[-100.335,163.634,65.6821],"palmVelocity":[-3.63476,2.23623,-7.83855],"palmWidth":90.0757,"pinchDistance":47.5658,"pinchStrength":0.408173,"r":[[0.972084,0.0266747,-0.233111],[-0.078405,0.973335,-0.215575],[0.221145,0.227834,0.948255]],"s":0.844538,"sphereCenter":[-55.4683,139.63,27.3293],"sphereRadius":60.8428,"stabilizedPalmPosition":[-98.3814,165.535,65.083],"t":[-9.22453,-52.1422,-16.1751],"timeVisible":13.7797,"type":"left","wrist":[-149.579,111.721,88.7582]},{"armBasis":[[0.91834,-0.209381,-0.335874],[0.00245516,-0.845582,0.533841],[-0.395785,-0.491072,-0.776017]],"armWidth":64.459,"confidence":1,"direction":[-0.0462031,0.77375,-0.631804],"elbow":[-7.72302,4.0298,-66.278],"grabAngle":0.268082,"grabStrength":0,"id":725,"palmNormal":[-0.336551,-0.607559,-0.719447],"palmPosition":[92.7209,195.892,108.803],"palmVelocity":[1.35843,-7.62716,-6.56672],"palmWidth":90.0757,"pinchDistance":62.9862,"pinchStrength":0,"r":[[0.995016,0.0996277,-0.00425235],[-0.0997027,0.993195,-0.060191],[-0.00177328,0.060315,0.998178]],"s":1.03577,"sphereCenter":[105.495,204.185,62.6235],"sphereRadius":55.6215,"stabilizedPalmPosition":[94.2018,198.87,110.576],"t":[10.0905,39.5904,12.8925],"timeVisible":4.53544,"type":"right","wrist":[98.0651,135.287,141.141]}],"id":1324873,"interactionBox":{"center":[0,200,0],"size":[235.247,235.247,147.751]},"pointables":[{"bases":[[[-0.644964,0.760049,0.0796688],[0.0106072,-0.0953361,0.995389],[-0.764139,-0.642835,-0.0534264]],[[-0.216814,0.971544,0.0953628],[0.27894,-0.0319584,0.959777],[-0.935513,-0.234693,0.264073]],[[-0.216814,0.971544,0.0953628],[0.456906,0.0146658,0.889394],[-0.862687,-0.236405,0.447084]],[[-0.216814,0.971544,0.0953628],[0.653166,0.0717727,0.753806],[-0.725511,-0.225723,0.65014]]],"btipPosition":[-23.2055,138.979,53.6455],"carpPosition":[-115.924,114.01,97.2172],"dipPosition":[-40.2202,133.685,68.8926],"direction":[0.862687,0.236405,-0.447084],"extended":false,"handId":722,"id":7220,"length":52.2242,"mcpPosition":[-115.924,114.01,97.2172],"pipPosition":[-69.6949,125.608,84.1677],"stabilizedTipPosition":[-25.5429,137.691,58.1973],"timeVisible":13.7797,"tipPosition":[-27.6037,136.763,56.3104],"tipVelocity":[-8.67868,-5.34111,-15.5703],"tool":false,"touchDistance":-0.185904,"touchZone":"touching","type":0,"width":20.6773},{"bases":[[[-0.499329,0.228896,-0.83563],[-0.469283,0.739294,0.482927],[-0.728316,-0.633286,0.261734]],[[-0.451727,0.268929,-0.850658],[-0.20841,0.895296,0.393714],[-0.867472,-0.355137,0.348382]],[[-0.451727,0.268929,-0.850658],[0.405131,0.911342,0.0729764],[-0.794866,0.311662,0.520629]],[[-0.451727,0.268929,-0.850658],[0.723997,0.667656,-0.173391],[-0.521317,0.694199,0.496302]]],"btipPosition":[-7.32821,177.229,42.2785],"carpPosition":[-125.895,135.251,97.4459],"dipPosition":[-16.2537,189.114,50.7756],"direction":[0.794866,-0.311662,-0.520629],"extended":false,"handId":722,"id":7221,"length":58.9292,"mcpPosition":[-72.8514,181.374,78.3838],"pipPosition":[-35.5056,196.663,63.3855],"stabilizedTipPosition":[-7.8199,179.627,46.06],"timeVisible":13.7797,"tipPosition":[-9.77211,178.718,44.1648],"tipVelocity":[-4.53058,-4.12632,-19.4347],"tool":false,"touchDistance":-0.189322,"touchZone":"touching","type":1,"width":19.751},{"bases":[[[-0.50577,0.0118247,-0.862588],[-0.56282,0.753265,0.34033],[-0.653781,-0.657611,0.374323]],[[-0.453961,0.0623929,-0.888834],[-0.382967,0.887042,0.257863],[-0.804522,-0.457454,0.378788]],[[-0.453961,0.0623929,-0.888834],[0.128562,0.991694,0.00395152],[-0.881698,0.112477,0.458212]],[[-0.453961,0.0623929,-0.888834],[0.520274,0.828389,-0.207574],[-0.723349,0.556667,0.408518]]],"btipPosition":[-9.52348,193.453,23.1322],"carpPosition":[-132.282,139.626,88.0307],"dipPosition":[-23.1448,203.936,30.8249],"direction":[0.881698,-0.112477,-0.458212],"extended":true,"handId":722,"id":7222,"length":67.1451,"mcpPosition":[-87.1275,185.046,62.1773],"pipPosition":[-48.269,207.141,43.8818],"stabilizedTipPosition":[-10.4069,196.727,26.8072],"timeVisible":13.7797,"tipPosition":[-12.8739,195.834,25.4762],"tipVelocity":[-7.21356,-9.92905,-18.146],"tool":false,"touchDistance":0.275891,"touchZone":"hovering","type":2,"width":19.3981},{"bases":[[[-0.55259,-0.141895,-0.821286],[-0.618071,0.730838,0.289592],[-0.559135,-0.667639,0.491555]],[[-0.505481,-0.0873462,-0.858405],[-0.348249,0.930885,0.110348],[-0.789438,-0.354717,0.500962]],[[-0.505481,-0.0873462,-0.858405],[0.209351,0.95272,-0.220222],[-0.837055,0.291026,0.463295]],[[-0.505481,-0.0873462,-0.858405],[0.524154,0.759172,-0.385902],[-0.685385,0.645003,0.337964]]],"btipPosition":[-32.2883,178.102,5.49198],"carpPosition":[-138.374,140.975,77.591],"dipPosition":[-45.1205,190.178,11.8196],"direction":[0.837055,-0.291026,-0.463295],"extended":false,"handId":722,"id":7223,"length":64.5618,"mcpPosition":[-103.701,182.376,47.1094],"pipPosition":[-68.3566,198.257,24.6803],"stabilizedTipPosition":[-32.514,182.649,8.6054],"timeVisible":13.7797,"tipPosition":[-35.2203,182.311,7.41135],"tipVelocity":[-10.2245,-3.48846,-16.1254],"tool":false,"touchDistance":0.278762,"touchZone":"hovering","type":3,"width":18.4585},{"bases":[[[-0.503819,-0.337005,-0.795357],[-0.743449,0.637996,0.200609],[-0.439829,-0.692378,0.571981]],[[-0.476232,-0.294416,-0.828567],[-0.402397,0.910795,-0.0923501],[-0.781844,-0.289433,0.552222]],[[-0.476232,-0.294416,-0.82