{"frames":65,"data":[{"currentFrameRate":115.188,"devices":[],"gestures":[],"hands":[{"armBasis":[[0.951062,-0.304063,-0.0550194],[0.228842,0.573443,0.786635],[-0.207636,-0.760729,0.614962]],"armWidth":64.3496,"confidence":1,"direction":[0.241554,0.890132,-0.386416],"elbow":[30.801,-151.561,234.966],"grabAngle":0.175511,"grabStrength":0,"id":737,"palmNormal":[-0.171598,-0.35275,-0.919849],"palmPosition":[95.4822,115.216,37.6465],"palmVelocity":[1.176,13.4634,5.37042],"palmWidth":89.2012,"pinchDistance":39.2926,"pinchStrength":0,"r":[[0.980752,0.0542748,0.187564],[-0.0160147,0.979714,-0.199758],[-0.194601,0.192909,0.961726]],"s":1.15148,"sphereCenter":[33.1814,-14.9998,-264.446],"sphereRadius":337.592,"stabilizedPalmPosition":[95.4422,114.473,37.3301],"t":[21.45,-55.1142,-87.429],"timeVisible":6.7641,"type":"right","wrist":[85.7606,49.7982,72.1901]}],"id":1333207,"interactionBox":{"center":[0,200,0],"size":[235.247,235.247,147.751]},"pointables":[{"bases":[[[0.584945,0.37311,0.720159],[-0.786183,0.0425517,0.616527],[0.199388,-0.926811,0.318223]],[[0.573496,0.421938,0.70219],[-0.783687,0.0329072,0.620283],[0.238614,-0.906027,0.34954]],[[0.573496,0.421938,0.70219],[-0.811906,0.406941,0.418577],[-0.109136,-0.810165,0.575954]],[[0.573496,0.421938,0.70219],[-0.732793,0.647407,0.209471],[-0.366219,-0.634691,0.680479]]],"btipPosition":[61.6478,154.877,2.86646],"carpPosition":[61.2389,68.7743,54.9384],"dipPosition":[53.2207,140.272,18.5251],"direction":[0.109136,0.810165,-0.575954],"extended":false,"handId":737,"id":7370,"length":51.2425,"mcpPosition":[61.2389,68.7743,54.9384],"pipPosition":[49.562,113.112,37.8333],"stabilizedTipPosition":[60.8788,150.426,5.1056],"timeVisible":6.7641,"tipPosition":[59.9113,150.072,6.3978],"tipVelocity":[-2.31212,9.61847,9.44182],"tool":false,"touchDistance":0.232273,"touchZone":"hovering","type":0,"width":20.7127},{"bases":[[[0.982093,-0.134951,-0.131458],[0.181235,0.486201,0.854847],[-0.0514473,-0.863364,0.501952]],[[0.958849,-0.280528,-0.0437317],[0.186528,0.506305,0.841939],[-0.214046,-0.81545,0.537797]],[[0.958849,-0.280528,-0.0437317],[0.202218,0.566667,0.798747],[-0.19929,-0.774721,0.600076]],[[0.958849,-0.280528,-0.0437317],[0.216386,0.622342,0.752242],[-0.183809,-0.730749,0.657434]]],"btipPosition":[95.1902,209.995,-16.2418],"carpPosition":[74.6139,82.5926,67.9834],"dipPosition":[92.1024,197.719,-5.19748],"direction":[0.19929,0.774721,-0.600076],"extended":true,"handId":737,"id":7371,"length":57.8214,"mcpPosition":[78.3245,144.861,31.781],"pipPosition":[87.3662,179.307,9.06339],"stabilizedTipPosition":[94.2363,206.892,-12.7042],"timeVisible":6.7641,"tipPosition":[98.0242,207.164,-11.8917],"tipVelocity":[6.58853,19.9905,20.8063],"tool":false,"touchDistance":0.263255,"touchZone":"hovering","type":1,"width":19.7848},{"bases":[[[0.920731,-0.331249,-0.206225],[0.343487,0.437313,0.831128],[-0.185125,-0.836081,0.516427]],[[0.911173,-0.369601,-0.182095],[0.353322,0.473551,0.806792],[-0.21196,-0.799465,0.562075]],[[0.911173,-0.369601,-0.182095],[0.365562,0.521307,0.771105],[-0.190074,-0.769177,0.610113]],[[0.911173,-0.369601,-0.182095],[0.373845,0.55582,0.742499],[-0.173216,-0.74462,0.644622]]],"btipPosition":[117.896,212.629,-23.3785],"carpPosition":[86.6736,82.2911,67.5503],"dipPosition":[114.695,198.87,-11.4679],"direction":[0.190074,0.769177,-0.610113],"extended":true,"handId":737,"id":7372,"length":65.8828,"mcpPosition":[99.3355,139.476,32.2286],"pipPosition":[109.381,177.364,5.59065],"stabilizedTipPosition":[116.634,208.762,-21.1849],"timeVisible":6.7641,"tipPosition":[117.179,208.393,-21.7529],"tipVelocity":[16.6766,32.3997,37.9315],"tool":false,"touchDistance":0.29992,"touchZone":"hovering","type":2,"width":19.4313},{"bases":[[[0.854922,-0.482692,-0.190044],[0.402315,0.385654,0.83031],[-0.327492,-0.786307,0.523898]],[[0.871808,-0.438228,-0.218878],[0.415551,0.425055,0.804143],[-0.259363,-0.792013,0.552672]],[[0.871808,-0.438228,-0.218878],[0.430583,0.472527,0.768971],[-0.233559,-0.76464,0.600646]],[[0.871808,-0.438228,-0.218878],[0.442729,0.513698,0.734919],[-0.209625,-0.737611,0.641862]]],"btipPosition":[139.877,196.836,-19.2054],"carpPosition":[98.1602,79.3796,65.3971],"dipPosition":[136.026,183.286,-7.4139],"direction":[0.233559,0.76464,-0.600646],"extended":true,"handId":737,"id":7373,"length":63.3481,"mcpPosition":[118.271,127.666,33.2253],"pipPosition":[129.665,162.459,8.94618],"stabilizedTipPosition":[138.527,192.735,-17.3927],"timeVisible":6.7641,"tipPosition":[139.129,194.176,-15.6006],"tipVelocity":[18.9367,42.6732,50.742],"tool":false,"touchDistance":0.32702,"touchZone":"hovering","type":3,"width":18.4901},{"bases":[[[0.732968,-0.627496,-0.262693],[0.499864,0.234889,0.833644],[-0.461405,-0.742345,0.485829]],[[0.787657,-0.523567,-0.324769],[0.512871,0.265083,0.816513],[-0.341408,-0.809697,0.477317]],[[0.787657,-0.523567,-0.324769],[0.553668,0.370263,0.745894],[-0.270276,-0.767322,0.581522]],[[0.787657,-0.523567,-0.324769],[0.564377,0.401697,0.721192],[-0.247133,-0.751344,0.611889]]],"btipPosition":[154.96,169.231,-7.00837],"carpPosition":[107.476,71.3924,58.7565],"dipPosition":[150.771,156.498,3.36178],"direction":[0.270276,0.767322,-0.581522],"extended":true,"handId":737,"id":7374,"length":49.6637,"mcpPosition":[133.704,113.591,31.1395],"pipPosition":[145.574,141.741,14.5449],"stabilizedTipPosition":[153.373,165.103,-5.80549],"timeVisible":6.7641,"tipPosition":[153.056,167.335,-3.30154],"tipVelocity":[18.8556,42.4994,49.558],"tool":false,"touchDistance":0.343284,"touchZone":"hovering","type":4,"width":16.4243}],"r":[[0.980752,0.0542748,0.187564],[-0.0160147,0.979714,-0.199758],[-0.194601,0.192909,0.961726]],"s":1.15148,"t":[21.45,-55.1142,-87.429],"timestamp":747081722298},{"currentFrameRate":114.911,"devices":[],"gestures":[],"hands":[{"armBasis":[[0.954469,-0.292684,-0.0576604],[0.233861,0.614152,0.753741],[-0.185195,-0.732907,0.654637]],"armWidth":64.3496,"confidence":1,"direction":[0.23965,0.890298,-0.387218],"elbow":[37.1078,-143.825,246.034],"grabAngle":0.171372,"grabStrength":0,"id":737,"palmNormal":[-0.167651,-0.354899,-0.91975],"palmPosition":[95.5131,115.333,37.6725],"palmVelocity":[3.37527,12.7439,2.82449],"palmWidth":89.2012,"pinchDistance":39.3073,"pinchStrength":0,"r":[[0.980273,0.057008,0.189247],[-0.0180131,0.979284,-0.20169],[-0.196824,0.194302,0.960993]],"s":1.15262,"sphereCenter":[34.9072,-14.4449,-263.165],"sphereRadius":336.047,"stabilizedPalmPosition":[95.4487,114.552,37.3616],"t":[21.4734,-54.9961,-87.3903],"timeVisible":6.77327,"type":"right","wrist":[86.1276,50.1699,72.7568]}],"id":1333208,"interactionBox":{"center":[0,200,0],"size":[235.247,235.247,147.751]},"pointables":[{"bases":[[[0.581517,0.376339,0.721253],[-0.788155,0.0409002,0.614116],[0.201617,-0.925579,0.320398]],[[0.570402,0.423354,0.703856],[-0.785133,0.02932,0.618633],[0.241263,-0.90549,0.349113]],[[0.570402,0.423354,0.703856],[-0.814182,0.404517,0.416502],[-0.108394,-0.810641,0.575424]],[[0.570402,0.423354,0.703856],[-0.735385,0.644923,0.208046],[-0.365856,-0.636275,0.679193]]],"btipPosition":[61.624,154.932,2.93824],"carpPosition":[61.378,68.8034,54.942],"dipPosition":[53.2053,140.29,18.5673],"direction":[0.108394,0.810641,-0.575424],"extended":false,"handId":737,"id":7370,"length":51.2425,"mcpPosition":[61.378,68.8034,54.942],"pipPosition":[49.5715,113.115,37.8577],"stabilizedTipPosition":[60.8278,150.474,5.16671],"timeVisible":6.77327,"tipPosition":[59.9126,150.037,6.26292],"tipVelocity":[-2.38191,5.10469,7.08169],"tool":false,"touchDistance":0.233356,"touchZone":"hovering","type":0,"width":20.7127},{"bases":[[[0.982937,-0.131802,-0.128311],[0.177024,0.488272,0.854549],[-0.0499805,-0.862681,0.503272]],[[0.959539,-0.278795,-0.0394751],[0.181839,0.506502,0.842846],[-0.214987,-0.815922,0.536704]],[[0.959539,-0.278795,-0.0394751],[0.197373,0.565967,0.800453],[-0.200821,-0.775857,0.598094]],[[0.959539,-0.278795,-0.0394751],[0.211565,0.621327,0.754449],[-0.18581,-0.732274,0.655171]]],"btipPosition":[95.2469,210.115,-16.1862],"carpPosition":[74.6667,82.6896,68.003],"dipPosition":[92.1255,197.814,-5.17988],"direction":[0.200821,0.775857,-0.598094],"extended":true,"handId":737,"id":7371,"length":57.8214,"mcpPosition":[78.2715,144.909,31.7053],"pipPosition":[87.353,179.375,9.03388],"stabilizedTipPosition":[94.2516,206.912,-12.7537],"timeVisible":6.77327,"tipPosition":[97.8279,207.207,-12.0442],"tipVelocity":[5.3396,12.4828,5.10957],"tool":false,"touchDistance":0.264037,"touchZone":"hovering","type":1,"width":19.7848},{"bases":[[[0.92247,-0.328436,-0.202925],[0.339512,0.439901,0.831396],[-0.183793,-0.835833,0.517304]],[[0.912595,-0.368142,-0.177883],[0.348751,0.473802,0.808631],[-0.21341,-0.799989,0.560779]],[[0.912595,-0.368142,-0.177883],[0.360967,0.521108,0.773401],[-0.192025,-0.770012,0.608448]],[[0.912595,-0.368142,-0.177883],[0.369272,0.555358,0.745128],[-0.175524,-0.745687,0.642762]]],"btipPosition":[118.025,212.817,-23.2402],"carpPosition":[86.7286,82.4288,67.6062],"dipPosition":[114.782,199.039,-11.364],"direction":[0.192025,0.770012,-0.608448],"extended":true,"handId":737,"id":7372,"length":65.8828,"mcpPosition":[99.2994,139.597,32.2245],"pipPosition":[109.413,177.51,5.64797],"stabilizedTipPosition":[116.724,208.886,-21.0905],"timeVisible":6.77327,"tipPosition":[117.071,208.508,-21.7936],"tipVelocity":[13.0785,20.067,14.2091],"tool":false,"touchDistance":0.302093,"touchZone":"hovering","type":2,"width":19.4313},{"bases":[[[0.857133,-0.480077,-0.18668],[0.398519,0.388443,0.83084],[-0.326352,-0.786536,0.524267]],[[0.873605,-0.436615,-0.2149],[0.411099,0.42583,0.806019],[-0.26041,-0.792487,0.551499]],[[0.873605,-0.436615,-0.2149],[0.425963,0.472547,0.771528],[-0.23531,-0.76555,0.598801]],[[0.873605,-0.436615,-0.2149],[0.437842,0.512481,0.738686],[-0.212389,-0.739412,0.638875]]],"btipPosition":[140.023,197.103,-18.9764],"carpPosition":[98.2314,79.5532,65.4921],"dipPosition":[136.121,183.519,-7.23978],"direction":[0.23531,0.76555,-0.598801],"extended":true,"handId":737,"id":7373,"length":63.3481,"mcpPosition":[118.272,127.853,33.2976],"pipPosition":[129.712,162.667,9.07005],"stabilizedTipPosition":[138.602,192.89,-17.2537],"timeVisible":6.77327,"tipPosition":[139.049,194.344,-15.5934],"tipVelocity":[14.6057,28.1911,23.5858],"tool":false,"touchDistance":0.330626,"touchZone":"hovering","type":3,"width":18.4901},{"bases":[[[0.735892,-0.625422,-0.259443],[0.496574,0.23802,0.834722],[-0.4603,-0.743098,0.485725]],[[0.78994,-0.522482,-0.320948],[0.508934,0.266703,0.818447],[-0.342026,-0.809865,0.476588]],[[0.78994,-0.522482,-0.320948],[0.549618,0.371245,0.748396],[-0.271873,-0.767587,0.580427]],[[0.78994,-0.522482,-0.320948],[0.560236,0.402201,0.724134],[-0.249262,-0.751829,0.610427]]],"btipPosition":[155.104,169.487,-6.79501],"carpPosition":[107.594,71.5867,58.8928],"dipPosition":[150.879,156.746,3.55037],"direction":[0.271873,0.767587,-0.580427],"extended":true,"handId":737,"id":7374,"length":49.6637,"mcpPosition":[133.76,113.828,31.2817],"pipPosition":[145.651,141.984,14.7125],"stabilizedTipPosition":[153.442,165.237,-5.67796],"timeVisible":6.77327,"tipPosition":[153.043,167.568,-3.20817],"tipVelocity":[14.7681,27.7258,22.6359],"tool":false,"touchDistance":0.345404,"touchZone":"hovering","type":4,"width":16.4243}],"r":[[0.980273,0.057008,0.189247],[-0.0180131,0.979284,-0.20169],[-0.196824,0.194302,0.960993]],"s":1.15262,"t":[21.4734,-54.9961,-87.3903],"timestamp":747081731472},{"currentFrameRate":115.071,"devices":[],"gestures":[],"hands":[{"armBasis":[[0.956265,-0.286522,-0.0588399],[0.235108,0.633242,0.73738],[-0.174016,-0.718965,0.67291]],"armWidth":64.3496,"confidence":1,"direction":[0.238038,0.890295,-0.388217],"elbow":[40.2956,-139.869,251.212],"grabAngle":0.167018,"grabStrength":0,"id":737,"palmNormal":[-0.165184,-0.356774,-0.919471],"palmPosition":[95.5322,115.457,37.7176],"palmVelocity":[2.26216,14.722,5.36619],"palmWidth":89.2012,"pinchDistance":39.334,"pinchStrength":0,"r":[[0.979788,0.0597559,0.190903],[-0.0200387,0.978859,-0.203553],[-0.19903,0.195614,0.960272]],"s":1.15371,"sphereCenter":[36.4536,-13.53,-261.26],"sphereRadius":333.856,"stabilizedPalmPosition":[95.4555,114.626,37.3906],"t":[21.4947,-54.8751,-87.3484],"timeVisible":6.78169,"type":"right","wrist":[86.3562,50.4351,73.0981]}],"id":1333209,"interactionBox":{"center":[0,200,0],"size":[235.247,235.247,147.751]},"pointables":[{"bases":[[[0.579331,0.378957,0.721642],[-0.789299,0.039857,0.612714],[0.20343,-0.924556,0.3222]],[[0.568509,0.424418,0.704745],[-0.785822,0.0266243,0.617879],[0.243476,-0.905075,0.348653]],[[0.568509,0.424418,0.704745],[-0.815593,0.402942,0.415266],[-0.107725,-0.810868,0.575229]],[[0.568509,0.424418,0.704745],[-0.73706,0.643291,0.207169],[-0.36543,-0.637217,0.678539]]],"btipPosition":[61.592,155.005,3.04309],"carpPosition":[61.4864,68.8676,55.0027],"dipPosition":[53.183,140.342,18.6571],"direction":[0.107725,0.810868,-0.575229],"extended":false,"handId":737,"id":7370,"length":51.2425,"mcpPosition":[61.4864,68.8676,55.0027],"pipPosition":[49.5716,113.159,37.9409],"stabilizedTipPosition":[60.7895,150.512,5.21479],"timeVisible":6.78169,"tipPosition":[59.8937,150.041,6.19865],"tipVelocity":[-3.54437,8.11037,12.0463],"tool":false,"touchDistance":0.235046,"touchZone":"hovering","type":0,"width":20.7127},{"bases":[[[0.983486,-0.129496,-0.126437],[0.174327,0.490067,0.854075],[-0.0486371,-0.862012,0.504549]],[[0.959901,-0.27796,-0.0364347],[0.17865,0.506367,0.843609],[-0.21604,-0.816291,0.53572]],[[0.959901,-0.27796,-0.0364347],[0.194037,0.56496,0.801979],[-0.202334,-0.77689,0.596241]],[[0.959901,-0.27796,-0.0364347],[0.208259,0.620049,0.756417],[-0.187662,-0.733674,0.653074]]],"btipPosition":[95.3124,210.249,-16.0961],"carpPosition":[74.7175,82.8083,68.0643],"dipPosition":[92.1598,197.924,-5.12502],"direction":[0.202334,0.77689,-0.596241],"extended":true,"handId":737,"id":7371,"length":57.8214,"mcpPosition":[78.2254,144.979,31.6746],"pipPosition":[87.3513,179.461,9.0447],"stabilizedTipPosition":[94.2682,206.937,-12.7942],"timeVisible":6.78169,"tipPosition":[97.6411,207.261,-12.1659],"tipVelocity":[6.92406,15.281,9.74069],"tool":false,"touchDistance":0.265403,"touchZone":"hovering","type":1,"width":19.7848},{"bases":[[[0.923648,-0.326401,-0.200842],[0.336977,0.442075,0.831274],[-0.182542,-0.835483,0.518311]],[[0.913459,-0.36743,-0.174892],[0.345626,0.473684,0.810041],[-0.21479,-0.800387,0.559684]],[[0.913459,-0.36743,-0.174892],[0.357776,0.520396,0.775361],[-0.193878,-0.770833,0.606818]],[[0.913459,-0.36743,-0.174892],[0.366071,0.554274,0.747511],[-0.17772,-0.746844,0.640812]]],"btipPosition":[118.15,213.005,-23.0935],"carpPosition":[86.7807,82.5776,67.6884],"dipPosition":[114.866,199.206,-11.2532],"direction":[0.193878,0.770833,-0.606818],"extended":true,"handId":737,"id":7372,"length":65.8828,"mcpPosition":[99.2659,139.722,32.2378],"pipPosition":[109.445,177.654,5.71313],"stabilizedTipPosition":[116.804,208.999,-21.0043],"timeVisible":6.78169,"tipPosition":[116.963,208.619,-21.8271],"tipVelocity":[13.6507,21.7565,16.4491],"tool":false,"touchDistance":0.3044,"touchZone":"hovering","type":2,"width":19.4313},{"bases":[[[0.858669,-0.478182,-0.184469],[0.396116,0.390766,0.830899],[-0.325237,-0.786539,0.524955]],[[0.874743,-0.4357,-0.21211],[0.408041,0.426147,0.807404],[-0.261396,-0.79282,0.550553]],[[0.874743,-0.4357,-0.21211],[0.422661,0.471884,0.773746],[-0.23703,-0.766479,0.596931]],[[0.874743,-0.4357,-0.21211],[0.434255,0.510553,0.74213],[-0.215053,-0.741283,0.635808]]],"btipPosition":[140.157,197.352,-18.7636],"carpPosition":[98.2943,79.728,65.5983],"dipPosition":[136.206,183.734,-7.08332],"direction":[0.23703,0.766479,-0.596931],"extended":true,"handId":737,"id":7373,"length":63.3481,"mcpPosition":[118.267,128.028,33.3616],"pipPosition":[129.75,162.857,9.17557],"stabilizedTipPosition":[138.67,193.03,-17.1294],"timeVisible":6.78169,"tipPosition":[138.962,194.489,-15.6088],"tipVelocity":[14.5287,28.6835,23.7422],"tool":false,"touchDistance":0.333894,"touchZone":"hovering","type":3,"width":18.4901},{"bases":[[[0.737923,-0.62395,-0.257207],[0.494548,0.2406,0.835185],[-0.45923,-0.743504,0.486118]],[[0.791406,-0.521899,-0.318275],[0.506261,0.267774,0.819754],[-0.342603,-0.809888,0.476135]],[[0.791406,-0.521899,-0.318275],[0.546737,0.371441,0.750407],[-0.273416,-0.767889,0.579302]],[[0.791406,-0.521899,-0.318275],[0.557239,0.401869,0.726626],[-0.25132,-0.752411,0.608864]]],"btipPosition":[155.222,169.715,-6.61873],"carpPosition":[107.688,71.775,59.0275],"dipPosition":[150.962,156.964,3.70016],"direction":[0.273416,0.767889,-0.579302],"extended":true,"handId":737,"id":7374,"length":49.6637,"mcpPosition":[133.793,114.04,31.394],"pipPosition":[145.704,142.196,14.8406],"stabilizedTipPosition":[153.507,165.361,-5.56231],"timeVisible":6.78169,"tipPosition":[153.013,167.762,-3.16127],"tipVelocity":[13.0833,26.8054,20.2199],"tool":false,"touchDistance":0.34675,"touchZone":"hovering","type":4,"width":16.4243}],"r":[[0.979788,0.0597559,0.190903],[-0.0200387,0.978859,-0.203553],[-0.19903,0.195614,0.960272]],"s":1.15371,"t":[21.4947,-54.8751,-87.3484],"timestamp":747081739889},{"currentFrameRate":115.244,"devices":[],"gestures":[],"hands":[{"armBasis":[[0.956604,-0.285809,-0.0567664],[0.231977,0.629069,0.741929],[-0.17634,-0.722901,0.668071]],"armWidth":64.3496,"confidence":1,"direction":[0.236989,0.890176,-0.38913],"elbow":[39.7045,-140.828,249.955],"grabAngle":0.162648,"grabStrength":0,"id":737,"palmNormal":[-0.163611,-0.35825,-0.919178],"palmPosition":[95.5143,115.546,37.7338],"palmVelocity":[-2.13248,10.6096,1.92484],"palmWidth":89.2012,"pinchDistance":39.3671,"pinchStrength":0,"r":[[0.979332,0.0623283,0.192416],[-0.021934,0.978452,-0.205307],[-0.201067,0.196844,0.959596]],"s":1.15478,"sphereCenter":[37.917,-12.271,-258.886],"sphereRadius":331.078,"stabilizedPalmPosition":[95.4602,114.699,37.4181],"t":[21.4963,-54.7701,-87.3194],"timeVisible":6.79007,"type":"right","wrist":[86.3803,50.518,73.1223]}],"id":1333210,"interactionBox":{"center":[0,200,0],"size":[235.247,235.247,147.751]},"pointables":[{"bases":[[[0.577933,0.380855,0.721763],[-0.790019,0.0393611,0.611817],[0.204605,-0.923796,0.323631]],[[0.567398,0.424947,0.705323],[-0.786142,0.0246648,0.617553],[0.24503,-0.904882,0.348063]],[[0.567398,0.424947,0.705323],[-0.816408,0.402043,0.414535],[-0.107415,-0.811038,0.575048]],[[0.567398,0.424947,0.705323],[-0.738006,0.642365,0.206675],[-0.365249,-0.637799,0.678089]]],"btipPosition":[61.5416,155.07,3.12924],"carpPosition":[61.5267,68.9233,55.0436],"dipPosition":[53.1368,140.394,18.7329],"direction":[0.107415,0.811038,-0.575048],"extended":false,"handId":737,"id":7370,"length":51.2425,"mcpPosition":[61.5267,68.9233,55.0436],"pipPosition":[49.5358,113.205,38.0107],"stabilizedTipPosition":[60.755,150.547,5.25874],"timeVisible":6.79007,"tipPosition":[59.8501,150.049,6.1379],"tipVelocity":[-5.89332,7.42557,9.99162],"tool":false,"touchDistance":0.236442,"touchZone":"hovering","type":0,"width":20.7127},{"bases":[[[0.983832,-0.128043,-0.125215],[0.172606,0.491473,0.853617],[-0.04776,-0.861429,0.505628]],[[0.960001,-0.27791,-0.0341098],[0.176426,0.505799,0.844418],[-0.217419,-0.81666,0.534598]],[[0.960001,-0.27791,-0.0341098],[0.1917,0.563579,0.803511],[-0.20408,-0.777911,0.594312]],[[0.960001,-0.27791,-0.0341098],[0.20599,0.61849,0.758313],[-0.189646,-0.735007,0.650998]]],"btipPosition":[95.3856,210.364,-16.0091],"carpPosition":[74.7208,82.9029,68.101],"dipPosition":[92.1997,198.016,-5.07289],"direction":[0.20408,0.777911,-0.594312],"extended":true,"handId":737,"id":7371,"length":57.8214,"mcpPosition":[78.1655,145.032,31.6335],"pipPosition":[87.3497,179.529,9.05099],"stabilizedTipPosition":[94.2873,206.966,-12.829],"timeVisible":6.79007,"tipPosition":[97.4745,207.292,-12.2898],"tipVelocity":[7.81523,13.0705,9.42071],"tool":false,"touchDistance":0.266719,"touchZone":"hovering","type":1,"width":19.7848},{"bases":[[[0.924398,-0.325143,-0.199426],[0.335359,0.443718,0.831053],[-0.181723,-0.835102,0.519212]],[[0.913886,-0.367457,-0.172591],[0.343438,0.473077,0.811325],[-0.216478,-0.800733,0.558537]],[[0.913886,-0.367457,-0.172591],[0.355517,0.519123,0.777251],[-0.19601,-0.771678,0.605057]],[[0.913886,-0.367457,-0.172591],[0.363818,0.552661,0.749801],[-0.180135,-0.748025,0.638757]]],"btipPosition":[118.282,213.155,-22.9636],"carpPosition":[86.7848,82.6915,67.7383],"dipPosition":[114.954,199.334,-11.1613],"direction":[0.19601,0.771678,-0.605057],"extended":true,"handId":737,"id":7372,"length":65.8828,"mcpPosition":[99.2139,139.81,32.2261],"pipPosition":[109.473,177.758,5.75579],"stabilizedTipPosition":[116.883,209.107,-20.9205],"timeVisible":6.79007,"tipPosition":[116.87,208.693,-21.8751],"tipVelocity":[14.5613,17.2616,14.4521],"tool":false,"touchDistance":0.30642,"touchZone":"hovering","type":2,"width":19.4313},{"bases":[[[0.859652,-0.47701,-0.182923],[0.394582,0.392507,0.830809],[-0.324506,-0.786384,0.525639]],[[0.875355,-0.435495,-0.209994],[0.405893,0.425957,0.808586],[-0.262687,-0.793035,0.549628]],[[0.875355,-0.435495,-0.209994],[0.420218,0.470506,0.775913],[-0.239103,-0.767442,0.594863]],[[0.875355,-0.435495,-0.209994],[0.43155,0.507957,0.745483],[-0.217986,-0.743185,0.63258]]],"btipPosition":[140.29,197.543,-18.5834],"carpPosition":[98.3053,79.8581,65.6642],"dipPosition":[136.285,183.89,-6.96241],"direction":[0.239103,0.767442,-0.594863],"extended":true,"handId":737,"id":7373,"length":63.3481,"mcpPosition":[118.233,128.149,33.3855],"pipPosition":[129.773,162.987,9.24016],"stabilizedTipPosition":[138.738,193.163,-17.0117],"timeVisible":6.79007,"tipPosition":[138.882,194.576,-15.6551],"tipVelocity":[14.4034,21.853,19.8672],"tool":false,"touchDistance":0.336337,"touchZone":"hovering","type":3,"width":18.4901},{"bases":[[[0.739223,-0.623072,-0.255599],[0.493256,0.242509,0.835397],[-0.458527,-0.74362,0.486602]],[[0.792231,-0.521862,-0.316277],[0.504353,0.268208,0.820788],[-0.34351,-0.809768,0.475685]],[[0.792231,-0.521862,-0.316277],[0.544593,0.370821,0.75227],[-0.275299,-0.768213,0.577978]],[[0.792231,-0.521862,-0.316277],[0.555002,0.400756,0.72895],[-0.253661,-0.75303,0.607125]]],"btipPosition":[155.32,169.872,-6.48925],"carpPosition":[107.719,71.912,59.114],"dipPosition":[151.021,157.109,3.80017],"direction":[0.275299,0.768214,-0.577978],"extended":true,"handId":737,"id":7374,"length":49.6637,"mcpPosition":[133.785,114.183,31.453],"pipPosition":[145.727,142.336,14.9152],"stabilizedTipPosition":[153.57,165.482,-5.45222],"timeVisible":6.79007,"tipPosition":[152.97,167.88,-3.16412],"tipVelocity":[10.6694,18.3434,14.6355],"tool":false,"touchDistance":0.347249,"touchZone":"hovering","type":4,"width":16.4243}],"r":[[0.979332,0.0623283,0.192416],[-0.021934,0.978452,-0.205307],[-0.201067,0.196844,0.959596]],"s":1.15478,"t":[21.4963,-54.7701,-87.3194],"timestamp":747081748273},{"currentFrameRate":114.088,"devices":[],"gestures":[],"hands":[{"armBasis":[[0.956017,-0.288503,-0.0528859],[0.225603,0.608053,0.761167],[-0.187442,-0.73962,0.646396]],"armWidth":64.3496,"confidence":1,"direction":[0.236033,0.890279,-0.389477],"elbow":[36.7532,-145.211,244.048],"grabAngle":0.158225,"grabStrength":0,"id":737,"palmNormal":[-0.16263,-0.358958,-0.919076],"palmPosition":[95.5502,115.722,37.7957],"palmVelocity":[3.34841,16.3267,5.77088],"palmWidth":89.2012,"pinchDistance":39.409,"pinchStrength":0,"r":[[0.978922,0.064666,0.193725],[-0.0236823,0.978092,-0.20682],[-0.202855,0.197873,0.959008]],"s":1.15585,"sphereCenter":[39.6381,-10.0919,-255.541],"sphereRadius":327.119,"stabilizedPalmPosition":[95.4689,114.798,37.4544],"t":[21.5151,-54.6299,-87.2739],"timeVisible":6.80081,"type":"right","wrist":[86.3675,50.5607,72.952]}],"id":1333211,"interactionBox":{"center":[0,200,0],"size":[235.247,235.247,147.751]},"pointables":[{"bases":[[[0.577031,0.382003,0.721879],[-0.790409,0.0386489,0.611358],[0.205641,-0.923353,0.32424]],[[0.566808,0.424668,0.705965],[-0.786112,0.0224096,0.617677],[0.246487,-0.905072,0.346539]],[[0.566808,0.424668,0.705965],[-0.816878,0.400943,0.414675],[-0.106952,-0.811728,0.574159]],[[0.566808,0.424668,0.705965],[-0.738769,0.641251,0.207406],[-0.364622,-0.639104,0.677198]]],"btipPosition":[61.5281,155.273,3.32231],"carpPosition":[61.6145,69.0632,55.1118],"dipPosition":[53.1378,140.566,18.9054],"direction":[0.106952,0.811728,-0.574159],"extended":false,"handId":737,"id":7370,"length":51.2425,"mcpPosition":[61.6145,69.0632,55.1118],"pipPosition":[49.5523,113.354,38.1535],"stabilizedTipPosition":[60.7159,150.592,5.31432],"timeVisible":6.80081,"tipPosition":[59.855,150.182,6.17075],"tipVelocity":[-0.944189,18.1994,17.5404],"tool":false,"touchDistance":0.239581,"touchZone":"hovering","type":0,"width":20.7127},{"bases":[[[0.984069,-0.126815,-0.124601],[0.171485,0.492157,0.853449],[-0.0469067,-0.86122,0.506063]],[[0.959986,-0.278158,-0.0324873],[0.174704,0.504163,0.845753],[-0.218874,-0.817586,0.532585]],[[0.959986,-0.278158,-0.0324873],[0.189868,0.561186,0.805618],[-0.205858,-0.77955,0.591544]],[[0.959986,-0.278158,-0.0324873],[0.204222,0.615954,0.760851],[-0.191626,-0.737041,0.648113]]],"btipPosition":[95.523,210.625,-15.7732],"carpPosition":[74.7829,83.0671,68.1689],"dipPosition":[92.3039,198.244,-4.88553],"direction":[0.205858,0.77955,-0.591544],"extended":true,"handId":737,"id":7371,"length":57.8214,"mcpPosition":[78.166,145.181,31.67],"pipPosition":[87.4117,179.718,9.17256],"stabilizedTipPosition":[94.3168,207.015,-12.8552],"timeVisible":6.80081,"tipPosition":[97.3654,207.449,-12.2956],"tipVelocity":[12.0923,23.6149,20.9237],"tool":false,"touchDistance":0.270464,"touchZone":"hovering","type":1,"width":19.7848},{"bases":[[[0.924935,-0.324033,-0.198739],[0.334314,0.444604,0.831],[-0.180911,-0.835063,0.519559]],[[0.914108,-0.367618,-0.171064],[0.341725,0.471397,0.813024],[-0.218244,-0.801649,0.556532]],[[0.914108,-0.367618,-0.171064],[0.353778,0.516982,0.779468],[-0.19811,-0.773037,0.602633]],[[0.914108,-0.367618,-0.171064],[0.362118,0.550356,0.752316],[-0.182419,-0.749643,0.636206]]],"btipPosition":[118.474,213.443,-22.7027],"carpPosition":[86.8473,82.8714,67.813],"dipPosition":[115.103,199.592,-10.9476],"direction":[0.19811,0.773037,-0.602633],"extended":true,"handId":737,"id":7372,"length":65.8828,"mcpPosition":[99.221,139.987,32.2771],"pipPosition":[109.564,177.979,5.90179],"stabilizedTipPosition":[116.985,209.25,-20.8059],"timeVisible":6.80081,"tipPosition":[116.836,208.895,-21.8095],"tipVelocity":[16.9433,26.2295,23.2872],"tool":false,"touchDistance":0.310587,"touchZone":"hovering","type":2,"width":19.4313},{"bases":[[[0.86038,-0.475976,-0.18219],[0.393605,0.393471,0.830817],[-0.323762,-0.786529,0.525881]],[[0.875713,-0.435415,-0.208664],[0.404201,0.424719,0.810084],[-0.2641,-0.793743,0.547927]],[[0.875713,-0.435415,-0.208664],[0.418286,0.468276,0.778303],[-0.241173,-0.768851,0.592203]],[[0.875713,-0.435415,-0.208664],[0.429393,0.504687,0.748941],[-0.220791,-0.745456,0.628925]]],"btipPosition":[140.482,197.857,-18.3012],"carpPosition":[98.3728,80.0521,65.7469],"dipPosition":[136.425,184.163,-6.74745],"direction":[0.241173,0.768851,-0.592203],"extended":true,"handId":737,"id":7373,"length":63.3481,"mcpPosition":[118.255,128.352,33.4533],"pipPosition":[129.857,163.221,9.38267],"stabilizedTipPosition":[138.827,193.333,-16.861],"timeVisible":6.80081,"tipPosition":[138.858,194.778,-15.6122],"tipVelocity":[16.7511,28.3517,24.8345],"tool":false,"touchDistance":0.340036,"touchZone":"hovering","type":3,"width":18.4901},{"bases":[[[0.740184,-0.622235,-0.254855],[0.492473,0.243605,0.83554],[-0.457818,-0.743963,0.486747]],[[0.792701,-0.521878,-0.315068],[0.502862,0.267624,0.821893],[-0.344608,-0.809951,0.474579]],[[0.792701,-0.521878,-0.315068],[0.542952,0.36942,0.754144],[-0.277179,-0.768877,0.576194]],[[0.792701,-0.521878,-0.315068],[0.5533,0.398982,0.731213],[-0.255898,-0.753961,0.605029]]],"btipPosition":[155.474,170.129,-6.29705],"carpPosition":[107.801,72.1149,59.2061],"dipPosition":[151.137,157.351,3.95684],"direction":[0.277179,0.768877,-0.576194],"extended":true,"handId":737,"id":7374,"length":49.6637,"mcpPosition":[133.826,114.406,31.5369],"pipPosition":[145.806,142.565,15.0375],"stabilizedTipPosition":[153.654,165.641,-5.31153],"timeVisible":6.80081,"tipPosition":[152.979,168.097,-3.10914],"tipVelocity":[13.4764,23.6153,17.138],"tool":false,"touchDistance":0.348617,"touchZone":"hovering","type":4,"width":16.4243}],"r":[[0.978922,0.064666,0.193725],[-0.0236823,0.978092,-0.20682],[-0.202855,0.197873,0.959008]],"s":1.15585,"t":[21.5151,-54.6299,-87.2739],"timestamp":747081759011},{"currentFrameRate":114.99,"devices":[],"gestures":[],"hands":[{"armBasis":[[0.955543,-0.290531,-0.0502901],[0.22107,0.593078,0.774201],[-0.195103,-0.7509,0.630939]],"armWidth":64.3496,"confidence":1,"direction":[0.234824,0.890186,-0.390418],"elbow":[34.7319,-148.119,239.897],"grabAngle":0.154466,"grabStrength":0,"id":737,"palmNormal":[-0.16226,-0.360115,-0.918689],"palmPosition":[95.5537,115.873,37.8593],"palmVelocity":[0.483299,21.1561,8.87799],"palmWidth":89.2012,"pinchDistance":39.4436,"pinchStrength":0,"r":[[0.978577,0.0668333,0.194734],[-0.0253394,0.977751,-0.208232],[-0.204318,0.198837,0.958498]],"s":1.15688,"sphereCenter":[40.8325,-8.67944,-252.909],"sphereRadius":324.159,"stabilizedPalmPosition":[95.4742,114.865,37.4796],"t":[21.5263,-54.4842,-87.2194],"timeVisible":6.80797,"type":"right","wrist":[86.3742,50.6384,72.8925]}],"id":1333212,"interactionBox":{"center":[0,200,0],"size":[235.247,235.247,147.751]},"pointables":[{"bases":[[[0.576609,0.3835,0.721422],[-0.790392,0.0382418,0.611406],[0.206886,-0.922749,0.325166]],[[0.566556,0.425253,0.705814],[-0.785819,0.0210423,0.618098],[0.247996,-0.90483,0.346094]],[[0.566556,0.425253,0.705814],[-0.817149,0.400353,0.414711],[-0.106218,-0.811712,0.574318]],[[0.566556,0.425253,0.705814],[-0.739349,0.640536,0.207551],[-0.363838,-0.639432,0.67731]]],"btipPosition":[61.4781,155.393,3.45141],"carpPosition":[61.681,69.188,55.227],"dipPosition":[53.1058,140.679,19.0371],"direction":[0.106218,0.811712,-0.574318],"extended":false,"handId":737,"id":7370,"length":51.2425,"mcpPosition":[61.681,69.188,55.227],"pipPosition":[49.545,113.467,38.2905],"stabilizedTipPosition":[60.6916,150.622,5.3503],"timeVisible":6.80797,"tipPosition":[59.808,150.266,6.20887],"tipVelocity":[-6.40927,16.5236,18.1247],"tool":false,"touchDistance":0.241743,"touchZone":"hovering","type":0,"width":20.7127},{"bases":[[[0.984221,-0.125654,-0.12458],[0.170934,0.493258,0.852923],[-0.0457228,-0.86076,0.506953]],[[0.960075,-0.277943,-0.0316698],[0.173674,0.503467,0.84638],[-0.219301,-0.818088,0.531638]],[[0.960075,-0.277943,-0.0316698],[0.18873,0.559993,0.806715],[-0.206486,-0.780484,0.590092]],[[0.960075,-0.277943,-0.0316698],[0.20311,0.614747,0.762124],[-0.192358,-0.738129,0.646656]]],"btipPosition":[95.5325,210.809,-15.6391],"carpPosition":[74.8325,83.2226,68.2683],"dipPosition":[92.3011,198.409,-4.77582],"direction":[0.206486,0.780484,-0.590092],"extended":true,"handId":737,"id":7371,"length":57.8214,"mcpPosition":[78.1302,145.303,31.7052],"pipPosition":[87.3939,179.861,9.24777],"stabilizedTipPosition":[94.3354,207.052,-12.8664],"timeVisible":6.80797,"tipPosition":[97.2076,207.557,-12.3383],"tipVelocity":[0.924989,25.1195,17.964],"tool":false,"touchDistance":0.272607,"touchZone":"hovering","type":1,"width":19.7848},{"bases":[[[0.925337,-0.323025,-0.198508],[0.333822,0.445896,0.830506],[-0.17976,-0.834764,0.520437]],[[0.914315,-0.367507,-0.170196],[0.340778,0.471009,0.813647],[-0.218857,-0.801929,0.555888]],[[0.914315,-0.367507,-0.170196],[0.352705,0.515975,0.780621],[-0.199066,-0.773762,0.601385]],[[0.914315,-0.367507,-0.170196],[0.360961,0.548863,0.75396],[-0.183671,-0.750792,0.634489]]],"btipPosition":[118.524,213.649,-22.5674],"carpPosition":[86.8971,83.0423,67.9113],"dipPosition":[115.13,199.776,-10.844],"direction":[0.199066,0.773762,-0.601385],"extended":true,"handId":737,"id":7372,"length":65.8828,"mcpPosition":[99.1921,140.137,32.3153],"pipPosition":[109.564,178.142,5.9705],"stabilizedTipPosition":[117.046,209.348,-20.7306],"timeVisible":6.80797,"tipPosition":[116.728,209.037,-21.8117],"tipVelocity":[6.24569,27.9983,17.8875],"tool":false,"touchDistance":0.312721,"touchZone":"hovering","type":2,"width":19.4313},{"bases":[[[0.860983,-0.475035,-0.181797],[0.39318,0.39484,0.830368],[-0.322673,-0.786411,0.526725]],[[0.875982,-0.435288,-0.207799],[0.40331,0.424692,0.810541],[-0.264568,-0.793827,0.547579]],[[0.875982,-0.435288,-0.207799],[0.417008,0.466936,0.779792],[-0.242405,-0.769737,0.590546]],[[0.875982,-0.435288,-0.207799],[0.427839,0.502261,0.751457],[-0.222731,-0.747167,0.626205]]],"btipPosition":[140.558,198.093,-18.1428],"carpPosition":[98.426,80.236,65.8467],"dipPosition":[136.466,184.367,-6.639],"direction":[0.242405,0.769737,-0.590546],"extended":true,"handId":737,"id":7373,"length":63.3481,"mcpPosition":[118.241,128.528,33.5013],"pipPosition":[129.863,163.401,9.44599],"stabilizedTipPosition":[138.884,193.449,-16.7623],"timeVisible":6.80797,"tipPosition":[138.767,194.932,-15.6324],"tipVelocity":[9.50187,31.9592,20.5325],"tool":false,"touchDistance":0.34157,"touchZone":"hovering","type":3,"width":18.4901},{"bases":[[[0.740971,-0.621526,-0.254297],[0.492245,0.245109,0.835234],[-0.45679,-0.744061,0.487562]],[[0.793012,-0.521932,-0.314195],[0.502253,0.268243,0.822063],[-0.344781,-0.809712,0.474861]],[[0.793012,-0.521932,-0.314195],[0.54197,0.368896,0.755106],[-0.278209,-0.769092,0.57541]],[[0.793012,-0.521932,-0.314195],[0.552102,0.397712,0.732809],[-0.257517,-0.754594,0.60355]]],"btipPosition":[155.531,170.33,-6.20611],"carpPosition":[107.864,72.3044,59.3131],"dipPosition":[151.167,157.542,4.02272],"direction":[0.278209,0.769092,-0.57541],"extended":true,"handId":737,"id":7374,"length":49.6637,"mcpPosition":[133.83,114.601,31.5975],"pipPosition":[145.817,142.751,15.0883],"stabilizedTipPosition":[153.711,165.753,-5.21763],"timeVisible":6.80797,"tipPosition":[152.925,168.273,-3.11296],"tipVelocity":[7.18408,27.8343,11.9022],"tool":false,"touchDistance":0.348367,"touchZone":"hovering","type":4,"width":16.4243}],"r":[[0.978577,0.0668333,0.194734],[-0.0253394,0.977751,-0.208232],[-0.204318,0.198837,0.958498]],"s":1.15688,"t":[21.5263,-54.4842,-87.2194],"timestamp":747081766167},{"currentFrameRate":115.308,"devices":[],"gestures":[],"hands":[{"armBasis":[[0.955163,-0.292151,-0.0480886],[0.216786,0.579445,0.785651],[-0.201664,-0.760849,0.616798]],"armWidth":64.3496,"confidence":1,"direction":[0.233385,0.890097,-0.391482],"elbow":[32.9849,-150.664,236.111],"grabAngle":0.150689,"grabStrength":0,"id":737,"palmNormal":[-0.161904,-0.36141,-0.918243],"palmPosition":[95.5141,116.023,37.9149],"palmVelocity":[-4.87391,18.4431,6.8449],"palmWidth":89.2012,"pinchDistance":39.4761,"pinchStrength":0,"r":[[0.978283,0.0689105,0.195481],[-0.0269702,0.977418,-0.209585],[-0.205509,0.199761,0.958051]],"s":1.15785,"sphereCenter":[42.0825,-7.11966,-249.93],"sphereRadius":320.805,"stabilizedPalmPosition":[95.4769,114.943,37.509],"t":[21.512,-54.3363,-87.1643],"timeVisible":6.8161,"type":"right","wrist":[86.3637,50.7268,72.8495]}],"id":1333213,"interactionBox":{"center":[0,200,0],"size":[235.247,235.247,147.751]},"pointables":[{"bases":[[[0.576176,0.385201,0.720862],[-0.790321,0.0377346,0.61153],[0.20836,-0.922061,0.326174]],[[0.566281,0.42605,0.705554],[-0.785469,0.019592,0.618591],[0.249727,-0.904487,0.345744]],[[0.566281,0.42605,0.705554],[-0.817466,0.399629,0.414785],[-0.105241,-0.811651,0.574584]],[[0.566281,0.42605,0.705554],[-0.739981,0.6398,0.207568],[-0.362979,-0.639638,0.677576]]],"btipPosition":[61.3761,155.497,3.56958],"carpPosition":[61.7162,69.3063,55.3431],"dipPosition":[53.0235,140.778,19.1614],"direction":[0.105241,0.811651,-0.574584],"extended":false,"handId":737,"id":7370,"length":51.2425,"mcpPosition":[61.7162,69.3063,55.3431],"pipPosition":[49.4955,113.568,38.4236],"stabilizedTipPosition":[60.6633,150.656,5.3916],"timeVisible":6.8161,"tipPosition":[59.7075,150.338,6.23941],"tipVelocity":[-11.9867,12.6798,14.7058],"tool":false,"touchDistance":0.243736,"touchZone":"hovering","type":0,"width":20.7127},{"bases":[[[0.984385,-0.124296,-0.124645],[0.170361,0.49449,0.852324],[-0.0443043,-0.86025,0.507944]],[[0.960232,-0.277483,-0.0309434],[0.172631,0.50295,0.8469],[-0.219437,-0.818563,0.530851]],[[0.960232,-0.277483,-0.0309434],[0.187532,0.558878,0.807767],[-0.206848,-0.781447,0.588689]],[[0.960232,-0.277483,-0.0309434],[0.201894,0.613524,0.763431],[-0.192854,-0.739318,0.645148]]],"btipPosition":[95.4694,210.988,-15.5214],"carpPosition":[74.8491,83.3757,68.3656],"dipPosition":[92.2297,198.569,-4.68345],"direction":[0.206848,0.781447,-0.588689],"extended":true,"handId":737,"id":7371,"length":57.8214,"mcpPosition":[78.0444,145.42,31.731],"pipPosition":[87.3139,179.997,9.30681],"stabilizedTipPosition":[94.3528,207.1,-12.8737],"timeVisible":6.8161,"tipPosition":[96.9845,207.659,-12.3968],"tipVelocity":[-7.99056,21.4779,13.7597],"tool":false,"touchDistance":0.274471,"touchZone":"hovering","type":1,"width":19.7848},{"bases":[[[0.925787,-0.321841,-0.198336],[0.333317,0.447351,0.829926],[-0.178378,-0.834443,0.521427]],[[0.91461,-0.367122,-0.16944],[0.339801,0.470764,0.814197],[-0.219143,-0.802249,0.555314]],[[0.91461,-0.367122,-0.16944],[0.351572,0.515077,0.781725],[-0.199714,-0.774544,0.600164]],[[0.91461,-0.367122,-0.16944],[0.359739,0.547517,0.755522],[-0.184597,-0.751962,0.632833]]],"btipPosition":[118.495,213.856,-22.4481],"carpPosition":[86.9139,83.2134,68.0062],"dipPosition":[115.084,199.963,-10.7554],"direction":[0.199714,0.774544,-0.600164],"extended":true,"handId":737,"id":7372,"length":65.8828,"mcpPosition":[99.1143,140.286,32.3425],"pipPosition":[109.5,178.307,6.02496],"stabilizedTipPosition":[117.104,209.463,-20.6453],"timeVisible":6.8161,"tipPosition":[116.553,209.176,-21.8323],"tipVelocity":[-4.05103,24.9408,13.7971],"tool":false,"touchDistance":0.314591,"touchZone":"hovering","type":2,"width":19.4313},{"bases":[[[0.861668,-0.47393,-0.181437],[0.392752,0.396386,0.829834],[-0.321364,-0.786301,0.52769]],[[0.87635,-0.434918,-0.20702],[0.40242,0.424887,0.810882],[-0.264707,-0.793925,0.547369]],[[0.87635,-0.434918,-0.20702],[0.415701,0.465791,0.781173],[-0.243318,-0.770639,0.588992]],[[0.87635,-0.434918,-0.20702],[0.426254,0.50008,0.753809],[-0.224319,-0.748843,0.62363]]],"btipPosition":[140.558,198.332,-18.0075],"carpPosition":[98.4466,80.4223,65.9424],"dipPosition":[136.437,184.576,-6.55101],"direction":[0.243318,0.770639,-0.588992],"extended":true,"handId":737,"id":7373,"length":63.3481,"mcpPosition":[118.181,128.708,33.5378],"pipPosition":[129.81,163.585,9.49164],"stabilizedTipPosition":[138.942,193.587,-16.6506],"timeVisible":6.8161,"tipPosition":[138.612,195.088,-15.6711],"tipVelocity":[-0.786565,28.5508,15.2995],"tool":false,"touchDistance":0.342612,"touchZone":"hovering","type":3,"width":18.4901},{"bases":[[[0.741864,-0.620686,-0.253745],[0.492047,0.246811,0.83485],[-0.455552,-0.7442,0.488507]],[[0.793436,-0.521777,-0.313382],[0.501689,0.26912,0.82212],[-0.344626,-0.80952,0.4753]],[[0.793436,-0.521777,-0.313382],[0.540984,0.368616,0.755949],[-0.278919,-0.769332,0.574746]],[[0.793436,-0.521777,-0.313382],[0.550888,0.396695,0.734273],[-0.258809,-0.755237,0.602192]]],"btipPosition":[155.523,170.54,-6.13655],"carpPosition":[107.895,72.4977,59.4158],"dipPosition":[151.136,157.741,4.06926],"direction":[0.278919,0.769332,-0.574746],"extended":true,"handId":737,"id":7374,"length":49.6637,"mcpPosition":[133.791,114.802,31.6465],"pipPosition":[145.772,142.946,15.1221],"stabilizedTipPosition":[153.772,165.893,-5.10915],"timeVisible":6.8161,"tipPosition":[152.812,168.456,-3.13525],"tipVelocity":[-1.70932,25.5184,7.9042],"tool":false,"touchDistance":0.347827,"touchZone":"hovering","type":4,"width":16.4243}],"r":[[0.978283,0.0689105,0.195481],[-0.0269702,0.977418,-0.209585],[-0.205509,0.199761,0.958051]],"s":1.15785,"t":[21.512,-54.3363,-87.1643],"timestamp":747081774298},{"currentFrameRate":115.327,"devices":[],"gestures":[],"hands":[{"armBasis":[[0.954837,-0.293323,-0.04740