{"frames":62,"data":[{"currentFrameRate":114.939,"devices":[],"gestures":[],"hands":[{"armBasis":[[0.962875,-0.267926,-0.0329858],[0.18682,0.573166,0.797859],[-0.194861,-0.7744,0.601941]],"armWidth":64.3496,"confidence":1,"direction":[0.185663,0.9089,-0.373403],"elbow":[36.6698,-143.995,243.717],"grabAngle":0.130039,"grabStrength":0,"id":737,"palmNormal":[-0.143831,-0.350779,-0.925347],"palmPosition":[94.2685,127.279,50.7733],"palmVelocity":[12.3082,5.13783,-2.3832],"palmWidth":89.2012,"pinchDistance":55.1855,"pinchStrength":0,"r":[[0.972255,0.124387,0.198112],[-0.0850712,0.97693,-0.195883],[-0.217906,0.173595,0.960407]],"s":1.16165,"sphereCenter":[76.498,19.2603,-208.094],"sphereRadius":284.073,"stabilizedPalmPosition":[94.3708,126.578,51.1602],"t":[20.1635,-42.9731,-74.2253],"timeVisible":3.27794,"type":"right","wrist":[88.248,60.9827,84.3881]}],"id":1332811,"interactionBox":{"center":[0,200,0],"size":[235.247,235.247,147.751]},"pointables":[{"bases":[[[0.556017,0.400358,0.728395],[-0.790418,-0.0163496,0.612349],[0.257068,-0.916213,0.307359]],[[0.528553,0.487079,0.69526],[-0.788027,-0.0230288,0.61521],[0.315667,-0.873054,0.371659]],[[0.528553,0.487079,0.69526],[-0.848484,0.328774,0.414708],[-0.0265877,-0.809112,0.587053]],[[0.528553,0.487079,0.69526],[-0.804402,0.549059,0.226871],[-0.271235,-0.679182,0.682014]]],"btipPosition":[54.6864,163.981,13.6963],"carpPosition":[63.0012,78.5033,67.2581],"dipPosition":[48.445,148.352,29.3902],"direction":[0.0265877,0.809112,-0.587053],"extended":false,"handId":737,"id":7370,"length":51.2425,"mcpPosition":[63.0012,78.5033,67.2581],"pipPosition":[47.5537,121.227,49.0705],"stabilizedTipPosition":[53.152,159.984,17.1283],"timeVisible":3.27794,"tipPosition":[52.526,159.474,16.9918],"tipVelocity":[11.3769,10.8116,4.75074],"tool":false,"touchDistance":-0.25983,"touchZone":"touching","type":0,"width":20.7127},{"bases":[[[0.941198,-0.268529,-0.205033],[0.310363,0.447404,0.838752],[-0.133496,-0.853066,0.504437]],[[0.932147,-0.316319,-0.176193],[0.317837,0.481747,0.816639],[-0.173438,-0.817228,0.549597]],[[0.932147,-0.316319,-0.176193],[0.317837,0.481747,0.816639],[-0.173438,-0.817228,0.549597]],[[0.932147,-0.316319,-0.176193],[0.323043,0.50676,0.799273],[-0.163538,-0.801958,0.57456]]],"btipPosition":[112.669,228.204,-6.33586],"carpPosition":[87.4477,93.4598,80.1949],"dipPosition":[109.647,213.386,4.28021],"direction":[0.173438,0.817228,-0.549597],"extended":true,"handId":737,"id":7372,"length":65.8828,"mcpPosition":[96.5783,151.807,45.6933],"pipPosition":[104.798,190.537,19.6467],"stabilizedTipPosition":[113.248,225.788,0.429802],"timeVisible":3.27794,"tipPosition":[114.007,226.235,-0.634592],"tipVelocity":[-0.28424,-13.1904,-33.997],"tool":false,"touchDistance":0.235128,"touchZone":"hovering","type":2,"width":19.4313},{"bases":[[[0.885202,-0.424096,-0.191208],[0.3724,0.399653,0.837613],[-0.278811,-0.812662,0.511707]],[[0.897836,-0.383641,-0.216127],[0.374345,0.406574,0.833405],[-0.231857,-0.829167,0.50865]],[[0.897836,-0.383641,-0.216127],[0.381948,0.434297,0.815783],[-0.219104,-0.814988,0.536458]],[[0.897836,-0.383641,-0.216127],[0.391995,0.472795,0.78918],[-0.200578,-0.793275,0.574877]]],"btipPosition":[136.068,214.424,-0.868695],"carpPosition":[99.1087,91.3227,78.0724],"dipPosition":[132.383,199.851,9.6922],"direction":[0.219104,0.814988,-0.536458],"extended":true,"handId":737,"id":7373,"length":63.3481,"mcpPosition":[116.23,141.227,46.6492],"pipPosition":[126.416,177.653,24.304],"stabilizedTipPosition":[136.224,211.221,4.62442],"timeVisible":3.27794,"tipPosition":[137.097,211.861,4.09749],"tipVelocity":[5.69451,-1.79445,-17.3133],"tool":false,"touchDistance":0.270469,"touchZone":"hovering","type":3,"width":18.4901},{"bases":[[[0.773202,-0.575468,-0.26645],[0.479443,0.255448,0.839572],[-0.415082,-0.776906,0.473417]],[[0.821463,-0.467235,-0.326941],[0.493941,0.296454,0.817396],[-0.284993,-0.83295,0.474313]],[[0.821463,-0.467235,-0.326941],[0.514238,0.359118,0.778841],[-0.246491,-0.807915,0.535272]],[[0.821463,-0.467235,-0.326941],[0.514238,0.359118,0.778841],[-0.246491,-0.807915,0.535272]]],"btipPosition":[151.374,186.392,8.61724],"carpPosition":[108.953,84.0407,71.3842],"dipPosition":[147.197,172.7,17.6889],"direction":[0.246491,0.807915,-0.535272],"extended":true,"handId":737,"id":7374,"length":49.6637,"mcpPosition":[132.549,128.204,44.4727],"pipPosition":[142.457,157.163,27.9826],"stabilizedTipPosition":[151.144,182.655,12.3743],"timeVisible":3.27794,"tipPosition":[152.451,183.37,12.7597],"tipVelocity":[4.21862,-0.532355,-17.4205],"tool":false,"touchDistance":0.29831,"touchZone":"hovering","type":4,"width":16.4243},{"bases":[[[0.989404,-0.0697021,-0.127365],[0.14518,0.485427,0.862139],[0.00173337,-0.871494,0.490403]],[[0.963209,-0.26853,-0.0110037],[0.160684,0.542583,0.82449],[-0.21543,-0.795924,0.565769]],[[0.963209,-0.26853,-0.0110037],[0.160684,0.542583,0.82449],[-0.21543,-0.795924,0.565769]],[[0.963209,-0.26853,-0.0110037],[0.193414,0.664179,0.722121],[-0.186602,-0.697681,0.69168]]],"btipPosition":[92.6212,220.091,-3.77353],"carpPosition":[75.3915,92.9788,80.5603],"dipPosition":[89.4864,208.37,7.84606],"direction":[0.21543,0.795924,-0.565769],"extended":true,"handId":737,"id":7371,"length":57.8214,"mcpPosition":[75.2665,155.834,45.1908],"pipPosition":[84.3667,189.455,21.2916],"stabilizedTipPosition":[93.6561,218.435,2.89058],"timeVisible":3.27794,"tipPosition":[92.6532,220.793,4.43268],"tipVelocity":[-0.400498,7.65103,-3.91284],"tool":false,"touchDistance":0.199106,"touchZone":"hovering","type":1,"width":19.7848}],"r":[[0.972255,0.124387,0.198112],[-0.0850712,0.97693,-0.195883],[-0.217906,0.173595,0.960407]],"s":1.16165,"t":[20.1635,-42.9731,-74.2253],"timestamp":747078236141},{"currentFrameRate":114.588,"devices":[],"gestures":[],"hands":[{"armBasis":[[0.96253,-0.269222,-0.0324848],[0.186261,0.569305,0.800749],[-0.197086,-0.776796,0.598118]],"armWidth":64.3496,"confidence":1,"direction":[0.185824,0.908682,-0.373854],"elbow":[36.1565,-144.605,242.696],"grabAngle":0.131731,"grabStrength":0,"id":737,"palmNormal":[-0.143997,-0.351188,-0.925166],"palmPosition":[94.3764,127.309,50.7805],"palmVelocity":[11.5676,3.14623,0.770197],"palmWidth":89.2012,"pinchDistance":55.1397,"pinchStrength":0,"r":[[0.972288,0.124625,0.197801],[-0.0851827,0.976757,-0.196696],[-0.217717,0.174396,0.960305]],"s":1.16144,"sphereCenter":[75.0362,16.3596,-212.88],"sphereRadius":289.67,"stabilizedPalmPosition":[94.3711,126.611,51.1433],"t":[20.2618,-42.9379,-74.2344],"timeVisible":3.28727,"type":"right","wrist":[88.3235,61.0062,84.379]}],"id":1332812,"interactionBox":{"center":[0,200,0],"size":[235.247,235.247,147.751]},"pointables":[{"bases":[[[0.556175,0.400584,0.72815],[-0.790362,-0.0158867,0.612434],[0.256899,-0.916122,0.307771]],[[0.528887,0.486843,0.695171],[-0.788056,-0.0223404,0.615198],[0.315035,-0.873204,0.371844]],[[0.528887,0.486843,0.695171],[-0.848281,0.328734,0.415154],[-0.0264121,-0.80927,0.586842]],[[0.528887,0.486843,0.695171],[-0.804563,0.548304,0.228124],[-0.270105,-0.679961,0.681686]]],"btipPosition":[54.7843,164.055,13.7353],"carpPosition":[63.1001,78.5473,67.2916],"dipPosition":[48.5689,148.409,29.4217],"direction":[0.0264121,0.80927,-0.586842],"extended":false,"handId":737,"id":7370,"length":51.2425,"mcpPosition":[63.1001,78.5473,67.2916],"pipPosition":[47.6835,121.279,49.0949],"stabilizedTipPosition":[53.1877,160.067,17.1662],"timeVisible":3.28727,"tipPosition":[52.6407,159.501,16.9892],"tipVelocity":[11.1423,7.54893,3.99724],"tool":false,"touchDistance":-0.259209,"touchZone":"touching","type":0,"width":20.7127},{"bases":[[[0.885091,-0.424379,-0.191092],[0.372569,0.399971,0.837386],[-0.278937,-0.812358,0.512121]],[[0.897737,-0.38392,-0.216043],[0.374734,0.407678,0.83269],[-0.23161,-0.828495,0.509855]],[[0.897737,-0.38392,-0.216043],[0.382348,0.435445,0.814983],[-0.218813,-0.814244,0.537706]],[[0.897737,-0.38392,-0.216043],[0.392334,0.473728,0.788451],[-0.200356,-0.792583,0.575908]]],"btipPosition":[136.156,214.384,-0.976139],"carpPosition":[99.2115,91.364,78.0962],"dipPosition":[132.475,199.824,9.60369],"direction":[0.218813,0.814244,-0.537706],"extended":true,"handId":737,"id":7373,"length":63.3481,"mcpPosition":[116.341,141.25,46.6476],"pipPosition":[126.515,177.646,24.2494],"stabilizedTipPosition":[136.221,211.22,4.61091],"timeVisible":3.28727,"tipPosition":[137.209,211.855,4.04619],"tipVelocity":[9.50097,-3.96107,-11.054],"tool":false,"touchDistance":0.268751,"touchZone":"hovering","type":3,"width":18.4901},{"bases":[[[0.773051,-0.575762,-0.266251],[0.47958,0.255744,0.839403],[-0.415204,-0.776591,0.473827]],[[0.821346,-0.467523,-0.326822],[0.494591,0.298226,0.816358],[-0.284199,-0.832156,0.476179]],[[0.821346,-0.467523,-0.326822],[0.514572,0.359988,0.778219],[-0.246183,-0.807361,0.536249]],[[0.821346,-0.467523,-0.326822],[0.514572,0.359988,0.778219],[-0.246183,-0.807361,0.536249]]],"btipPosition":[151.443,186.362,8.52002],"carpPosition":[109.054,84.0766,71.4106],"dipPosition":[147.271,172.679,17.6082],"direction":[0.246183,0.807361,-0.536249],"extended":true,"handId":737,"id":7374,"length":49.6637,"mcpPosition":[132.656,128.222,44.4757],"pipPosition":[142.537,157.153,27.9207],"stabilizedTipPosition":[151.14,182.658,12.3628],"timeVisible":3.28727,"tipPosition":[152.555,183.368,12.7223],"tipVelocity":[7.49763,-2.94415,-10.0168],"tool":false,"touchDistance":0.296753,"touchZone":"hovering","type":4,"width":16.4243},{"bases":[[[0.989376,-0.0699772,-0.127428],[0.145369,0.485806,0.861893],[0.00159225,-0.871261,0.490818]],[[0.963345,-0.268024,-0.0114078],[0.160892,0.543211,0.824036],[-0.214665,-0.795666,0.566422]],[[0.963345,-0.268024,-0.0114078],[0.160892,0.543211,0.824036],[-0.214665,-0.795666,0.566422]],[[0.963345,-0.268024,-0.0114078],[0.193468,0.664654,0.721668],[-0.185842,-0.697422,0.692145]]],"btipPosition":[92.6714,220.1,-3.82902],"carpPosition":[75.4949,93.0264,80.5857],"dipPosition":[89.5495,208.384,7.7984],"direction":[0.214665,0.795666,-0.566422],"extended":true,"handId":737,"id":7371,"length":57.8214,"mcpPosition":[75.3801,155.865,45.1863],"pipPosition":[84.4479,189.475,21.2595],"stabilizedTipPosition":[93.6435,218.427,2.86061],"timeVisible":3.28727,"tipPosition":[92.7729,220.784,4.3691],"tipVelocity":[5.70695,1.11841,-5.75669],"tool":false,"touchDistance":0.198211,"touchZone":"hovering","type":1,"width":19.7848},{"bases":[[[0.94112,-0.26883,-0.204997],[0.310541,0.447736,0.838509],[-0.133632,-0.852797,0.504856]],[[0.932104,-0.316416,-0.176249],[0.318341,0.48362,0.815335],[-0.172747,-0.816084,0.551512]],[[0.932104,-0.316416,-0.176249],[0.318341,0.48362,0.815335],[-0.172747,-0.816084,0.551512]],[[0.932104,-0.316416,-0.176249],[0.324034,0.511105,0.796099],[-0.161816,-0.799157,0.578932]]],"btipPosition":[112.698,228.092,-6.56568],"carpPosition":[87.5511,93.5047,80.2189],"dipPosition":[109.708,213.326,4.13119],"direction":[0.172747,0.816084,-0.551512],"extended":true,"handId":737,"id":7372,"length":65.8828,"mcpPosition":[96.691,151.833,45.6886],"pipPosition":[104.878,190.509,19.5512],"stabilizedTipPosition":[113.244,225.785,0.413991],"timeVisible":3.28727,"tipPosition":[114.101,226.214,-0.725006],"tipVelocity":[3.8769,-10.6879,-22.6504],"tool":false,"touchDistance":0.231607,"touchZone":"hovering","type":2,"width":19.4313}],"r":[[0.972288,0.124625,0.197801],[-0.0851827,0.976757,-0.196696],[-0.217717,0.174396,0.960305]],"s":1.16144,"t":[20.2618,-42.9379,-74.2344],"timestamp":747078245467},{"currentFrameRate":114.694,"devices":[],"gestures":[],"hands":[{"armBasis":[[0.962196,-0.270488,-0.0318636],[0.185678,0.565873,0.803313],[-0.199256,-0.778861,0.594704]],"armWidth":64.3496,"confidence":1,"direction":[0.186022,0.908529,-0.374127],"elbow":[35.6516,-145.161,241.782],"grabAngle":0.132939,"grabStrength":0,"id":737,"palmNormal":[-0.144027,-0.351446,-0.925063],"palmPosition":[94.4806,127.307,50.7915],"palmVelocity":[12.2044,-0.160801,1.28907],"palmWidth":89.2012,"pinchDistance":55.088,"pinchStrength":0,"r":[[0.972317,0.124789,0.197554],[-0.085231,0.976609,-0.197408],[-0.217567,0.175105,0.96021]],"s":1.16128,"sphereCenter":[73.3915,12.8643,-218.746],"sphereRadius":296.501,"stabilizedPalmPosition":[94.3755,126.639,51.1292],"t":[20.3631,-42.921,-74.2335],"timeVisible":3.29581,"type":"right","wrist":[88.3929,60.997,84.3685]}],"id":1332813,"interactionBox":{"center":[0,200,0],"size":[235.247,235.247,147.751]},"pointables":[{"bases":[[[0.556223,0.400698,0.72805],[-0.790392,-0.0155382,0.612404],[0.256702,-0.916078,0.308066]],[[0.529125,0.486468,0.695252],[-0.788219,-0.021633,0.615015],[0.314226,-0.87343,0.371997]],[[0.529125,0.486468,0.695252],[-0.848133,0.3287,0.415484],[-0.0264094,-0.809509,0.586513]],[[0.529125,0.486468,0.695252],[-0.804742,0.547532,0.229345],[-0.269104,-0.68085,0.681194]]],"btipPosition":[54.8946,164.105,13.775],"carpPosition":[63.1938,78.5573,67.3163],"dipPosition":[48.7022,148.438,29.45],"direction":[0.0264094,0.809509,-0.586513],"extended":false,"handId":737,"id":7370,"length":51.2425,"mcpPosition":[63.1938,78.5573,67.3163],"pipPosition":[47.8168,121.3,49.1122],"stabilizedTipPosition":[53.2329,160.137,17.2004],"timeVisible":3.29581,"tipPosition":[52.7557,159.501,16.99],"tipVelocity":[13.5278,5.25388,4.33755],"tool":false,"touchDistance":-0.258592,"touchZone":"touching","type":0,"width":20.7127},{"bases":[[[0.885015,-0.424615,-0.190922],[0.372612,0.400157,0.837278],[-0.279122,-0.812143,0.512361]],[[0.897684,-0.384115,-0.215916],[0.375025,0.408739,0.832039],[-0.231345,-0.827882,0.510971]],[[0.897684,-0.384115,-0.215916],[0.38262,0.436453,0.814316],[-0.218554,-0.813612,0.538767]],[[0.897684,-0.384115,-0.215916],[0.392493,0.474304,0.788025],[-0.200283,-0.792143,0.576538]]],"btipPosition":[136.243,214.325,-1.058],"carpPosition":[99.3073,91.3701,78.1186],"dipPosition":[132.564,199.773,9.53341],"direction":[0.218554,0.813612,-0.538767],"extended":true,"handId":737,"id":7373,"length":63.3481,"mcpPosition":[116.448,141.243,46.6552],"pipPosition":[126.611,177.612,24.2081],"stabilizedTipPosition":[136.216,211.219,4.59475],"timeVisible":3.29581,"tipPosition":[137.321,211.826,4.01843],"tipVelocity":[10.2415,-6.72754,-9.27431],"tool":false,"touchDistance":0.267431,"touchZone":"hovering","type":3,"width":18.4901},{"bases":[[[0.772947,-0.576,-0.266039],[0.479595,0.255908,0.839345],[-0.41538,-0.77636,0.47405]],[[0.821249,-0.467837,-0.326616],[0.495207,0.300102,0.815297],[-0.283407,-0.831305,0.478134]],[[0.821249,-0.467837,-0.326616],[0.514735,0.360514,0.777868],[-0.246165,-0.806944,0.536883]],[[0.821249,-0.467837,-0.326616],[0.514735,0.360514,0.777868],[-0.246165,-0.806944,0.536883]]],"btipPosition":[151.52,186.307,8.44147],"carpPosition":[109.148,84.0787,71.4356],"dipPosition":[147.348,172.631,17.5404],"direction":[0.246165,0.806944,-0.536883],"extended":true,"handId":737,"id":7374,"length":49.6637,"mcpPosition":[132.761,128.211,44.4881],"pipPosition":[142.614,157.113,27.8652],"stabilizedTipPosition":[151.136,182.662,12.3504],"timeVisible":3.29581,"tipPosition":[152.66,183.342,12.7058],"tipVelocity":[8.96616,-6.32849,-8.9083],"tool":false,"touchDistance":0.295485,"touchZone":"hovering","type":4,"width":16.4243},{"bases":[[[0.989368,-0.070215,-0.127363],[0.145429,0.486045,0.861749],[0.00139642,-0.871109,0.491088]],[[0.963701,-0.266704,-0.0122075],[0.160663,0.542802,0.82435],[-0.213231,-0.796388,0.565949]],[[0.963701,-0.266704,-0.0122075],[0.160663,0.542802,0.82435],[-0.213231,-0.796388,0.565949]],[[0.963701,-0.266704,-0.0122075],[0.192595,0.662796,0.723608],[-0.184898,-0.699693,0.690103]]],"btipPosition":[92.6711,220.187,-3.76213],"carpPosition":[75.5909,93.0381,80.6065],"dipPosition":[89.565,208.433,7.83098],"direction":[0.213231,0.796388,-0.565949],"extended":true,"handId":737,"id":7371,"length":57.8214,"mcpPosition":[75.4902,155.865,45.1876],"pipPosition":[84.4975,189.506,21.2808],"stabilizedTipPosition":[93.6304,218.42,2.8298],"timeVisible":3.29581,"tipPosition":[92.8872,220.732,4.28949],"tipVelocity":[0.391281,9.10328,6.90895],"tool":false,"touchDistance":0.199195,"touchZone":"hovering","type":1,"width":19.7848},{"bases":[[[0.941075,-0.269083,-0.204873],[0.310595,0.447934,0.838383],[-0.133825,-0.852614,0.505115]],[[0.932056,-0.316619,-0.176134],[0.3188,0.485696,0.81392],[-0.172155,-0.814771,0.553634]],[[0.932056,-0.316619,-0.176134],[0.3188,0.485696,0.81392],[-0.172155,-0.814771,0.553634]],[[0.932056,-0.316619,-0.176134],[0.325211,0.516802,0.79193],[-0.159714,-0.795404,0.584657]]],"btipPosition":[112.724,227.921,-6.82783],"carpPosition":[87.6472,93.5138,80.2401],"dipPosition":[109.773,213.224,3.9748],"direction":[0.172155,0.814771,-0.553634],"extended":true,"handId":737,"id":7372,"length":65.8828,"mcpPosition":[96.8004,151.83,45.6921],"pipPosition":[104.959,190.443,19.4542],"stabilizedTipPosition":[113.24,225.781,0.399068],"timeVisible":3.29581,"tipPosition":[114.188,226.163,-0.808001],"tipVelocity":[4.08156,-18.2378,-27.852],"tool":false,"touchDistance":0.227644,"touchZone":"hovering","type":2,"width":19.4313}],"r":[[0.972317,0.124789,0.197554],[-0.085231,0.976609,-0.197408],[-0.217567,0.175105,0.96021]],"s":1.16128,"t":[20.3631,-42.921,-74.2335],"timestamp":747078254006},{"currentFrameRate":115.021,"devices":[],"gestures":[],"hands":[{"armBasis":[[0.961818,-0.271884,-0.0313948],[0.185286,0.562418,0.805826],[-0.201434,-0.780875,0.59132]],"armWidth":64.3496,"confidence":1,"direction":[0.186354,0.908397,-0.374281],"elbow":[35.133,-145.696,240.891],"grabAngle":0.133329,"grabStrength":0,"id":737,"palmNormal":[-0.144201,-0.35154,-0.925],"palmPosition":[94.5821,127.317,50.8261],"palmVelocity":[12.4685,1.16964,4.24485],"palmWidth":89.2012,"pinchDistance":55.0327,"pinchStrength":0,"r":[[0.972352,0.124852,0.197344],[-0.0851967,0.976491,-0.198007],[-0.217426,0.17572,0.960129]],"s":1.16119,"sphereCenter":[71.6505,9.24793,-224.915],"sphereRadius":303.7,"stabilizedPalmPosition":[94.3831,126.664,51.118],"t":[20.4644,-42.9078,-74.2158],"timeVisible":3.30394,"type":"right","wrist":[88.4511,60.9956,84.3737]}],"id":1332814,"interactionBox":{"center":[0,200,0],"size":[235.247,235.247,147.751]},"pointables":[{"bases":[[[0.556408,0.400602,0.727962],[-0.790372,-0.0151372,0.61244],[0.256364,-0.916127,0.308202]],[[0.529497,0.485933,0.695342],[-0.788368,-0.0207733,0.614853],[0.313222,-0.873749,0.372095]],[[0.529497,0.485933,0.695342],[-0.847893,0.328892,0.415821],[-0.0266314,-0.809752,0.586167]],[[0.529497,0.485933,0.695342],[-0.804745,0.547035,0.230517],[-0.268361,-0.681632,0.680706]]],"btipPosition":[55.0175,164.171,13.8367],"carpPosition":[63.2773,78.5815,67.36],"dipPosition":[48.8422,148.486,29.5005],"direction":[0.0266314,0.809752,-0.586167],"extended":false,"handId":737,"id":7370,"length":51.2425,"mcpPosition":[63.2773,78.5815,67.36],"pipPosition":[47.9494,121.339,49.1511],"stabilizedTipPosition":[53.2864,160.199,17.2355],"timeVisible":3.30394,"tipPosition":[52.8706,159.525,17.0226],"tipVelocity":[15.5917,7.58729,7.26604],"tool":false,"touchDistance":-0.257606,"touchZone":"touching","type":0,"width":20.7127},{"bases":[[[0.884844,-0.424985,-0.190891],[0.372801,0.400148,0.837198],[-0.279412,-0.811954,0.512503]],[[0.89757,-0.384341,-0.215985],[0.375478,0.409673,0.831375],[-0.231048,-0.827315,0.512022]],[[0.89757,-0.384341,-0.215985],[0.383041,0.437283,0.813673],[-0.218281,-0.81306,0.53971]],[[0.89757,-0.384341,-0.215985],[0.392744,0.474487,0.78779],[-0.200298,-0.791924,0.576833]]],"btipPosition":[136.329,214.281,-1.10394],"carpPosition":[99.3961,91.3821,78.1587],"dipPosition":[132.65,199.733,9.49289],"direction":[0.218281,0.81306,-0.53971],"extended":true,"handId":737,"id":7373,"length":63.3481,"mcpPosition":[116.554,141.243,46.6866],"pipPosition":[126.704,177.587,24.1932],"stabilizedTipPosition":[136.212,211.217,4.5732],"timeVisible":3.30394,"tipPosition":[137.442,211.806,4.02266],"tipVelocity":[10.6123,-5.23611,-5.49288],"tool":false,"touchDistance":0.266686,"touchZone":"hovering","type":3,"width":18.4901},{"bases":[[[0.772716,-0.576338,-0.265979],[0.479728,0.255859,0.839283],[-0.415658,-0.776125,0.474192]],[[0.821021,-0.4683,-0.326526],[0.495976,0.301844,0.814185],[-0.282723,-0.830412,0.480086]],[[0.821021,-0.4683,-0.326526],[0.515018,0.360762,0.777565],[-0.246336,-0.806564,0.537376]],[[0.821021,-0.4683,-0.326526],[0.515018,0.360762,0.777565],[-0.246336,-0.806564,0.537376]]],"btipPosition":[151.604,186.256,8.38857],"carpPosition":[109.234,84.0859,71.4765],"dipPosition":[147.429,172.586,17.4959],"direction":[0.246336,0.806564,-0.537376],"extended":true,"handId":737,"id":7374,"length":49.6637,"mcpPosition":[132.862,128.205,44.5209],"pipPosition":[142.691,157.075,27.8301],"stabilizedTipPosition":[151.132,182.665,12.3354],"timeVisible":3.30394,"tipPosition":[152.769,183.322,12.7156],"tipVelocity":[10.232,-6.0778,-6.26583],"tool":false,"touchDistance":0.294635,"touchZone":"hovering","type":4,"width":16.4243},{"bases":[[[0.989335,-0.0706144,-0.127394],[0.145651,0.486127,0.861665],[0.00108355,-0.87103,0.491228]],[[0.964115,-0.265148,-0.0133801],[0.160459,0.541818,0.825037],[-0.211507,-0.797578,0.56492]],[[0.964115,-0.265148,-0.0133801],[0.160459,0.541818,0.825037],[-0.211507,-0.797578,0.56492]],[[0.964115,-0.265148,-0.0133801],[0.191198,0.658493,0.727895],[-0.184189,-0.704332,0.685558]]],"btipPosition":[92.6576,220.359,-3.58711],"carpPosition":[75.6805,93.0596,80.6473],"dipPosition":[89.5634,208.527,7.92965],"direction":[0.211507,0.797578,-0.56492],"extended":true,"handId":737,"id":7371,"length":57.8214,"mcpPosition":[75.6024,155.881,45.2184],"pipPosition":[84.5369,189.572,21.355],"stabilizedTipPosition":[93.6178,218.414,2.80158],"timeVisible":3.30394,"tipPosition":[93.0048,220.683,4.22294],"tipVelocity":[-1.33076,18.9768,19.3515],"tool":false,"touchDistance":0.201819,"touchZone":"hovering","type":1,"width":19.7848},{"bases":[[[0.940963,-0.269476,-0.204869],[0.310802,0.447949,0.838298],[-0.13413,-0.852481,0.505257]],[[0.931938,-0.316957,-0.176152],[0.319423,0.487623,0.812523],[-0.171639,-0.813488,0.555677]],[[0.931938,-0.316957,-0.176152],[0.319423,0.487623,0.812523],[-0.171639,-0.813488,0.555677]],[[0.931938,-0.316957,-0.176152],[0.326596,0.522591,0.787549],[-0.157564,-0.791478,0.590539]]],"btipPosition":[112.756,227.759,-7.06],"carpPosition":[87.737,93.5307,80.2803],"dipPosition":[109.844,213.135,3.85133],"direction":[0.171639,0.813488,-0.555677],"extended":true,"handId":737,"id":7372,"length":65.8828,"mcpPosition":[96.911,151.837,45.7226],"pipPosition":[105.045,190.39,19.3878],"stabilizedTipPosition":[113.237,225.777,0.384041],"timeVisible":3.30394,"tipPosition":[114.284,226.124,-0.859216],"tipVelocity":[5.05169,-17.7876,-25.4595],"tool":false,"touchDistance":0.224191,"touchZone":"hovering","type":2,"width":19.4313}],"r":[[0.972352,0.124852,0.197344],[-0.0851967,0.976491,-0.198007],[-0.217426,0.17572,0.960129]],"s":1.16119,"t":[20.4644,-42.9078,-74.2158],"timestamp":747078262143},{"currentFrameRate":115.034,"devices":[],"gestures":[],"hands":[{"armBasis":[[0.961246,-0.273929,-0.0311364],[0.185343,0.558483,0.808545],[-0.204095,-0.782982,0.58761]],"armWidth":64.3496,"confidence":1,"direction":[0.186989,0.908425,-0.373898],"elbow":[34.492,-146.237,239.918],"grabAngle":0.132289,"grabStrength":0,"id":737,"palmNormal":[-0.144744,-0.35098,-0.925128],"palmPosition":[94.7121,127.361,50.9034],"palmVelocity":[15.0035,5.05895,8.92304],"palmWidth":89.2012,"pinchDistance":54.9851,"pinchStrength":0,"r":[[0.972411,0.124725,0.197133],[-0.0850216,0.976429,-0.198389],[-0.21723,0.176155,0.960094]],"s":1.16118,"sphereCenter":[69.5478,5.11006,-232.4],"sphereRadius":312.398,"stabilizedPalmPosition":[94.3949,126.689,51.1103],"t":[20.5801,-42.8793,-74.1682],"timeVisible":3.31261,"type":"right","wrist":[88.5143,61.0115,84.3824]}],"id":1332815,"interactionBox":{"center":[0,200,0],"size":[235.247,235.247,147.751]},"pointables":[{"bases":[[[0.556936,0.399801,0.727998],[-0.790214,-0.014788,0.612653],[0.255705,-0.916483,0.307692]],[[0.53019,0.484873,0.695555],[-0.78844,-0.0197972,0.614793],[0.311867,-0.87436,0.371797]],[[0.53019,0.484873,0.695555],[-0.847437,0.329528,0.416248],[-0.0273774,-0.810129,0.585612]],[[0.53019,0.484873,0.695555],[-0.80429,0.547253,0.231583],[-0.268357,-0.682211,0.680127]]],"btipPosition":[55.2038,164.288,13.946],"carpPosition":[63.3724,78.6429,67.4228],"dipPosition":[49.0286,148.589,29.5965],"direction":[0.0273774,0.810129,-0.585612],"extended":false,"handId":737,"id":7370,"length":51.2425,"mcpPosition":[63.3724,78.6429,67.4228],"pipPosition":[48.1108,121.431,49.2284],"stabilizedTipPosition":[53.3595,160.27,17.2811],"timeVisible":3.31261,"tipPosition":[53.0197,159.622,17.1283],"tipVelocity":[21.4927,13.1767,12.2527],"tool":false,"touchDistance":-0.255836,"touchZone":"touching","type":0,"width":20.7127},{"bases":[[[0.940687,-0.270142,-0.20526],[0.311399,0.447295,0.838426],[-0.134682,-0.852614,0.504887]],[[0.931611,-0.317722,-0.176506],[0.320542,0.489301,0.811072],[-0.17133,-0.812181,0.557681]],[[0.931611,-0.317722,-0.176506],[0.320542,0.489301,0.811072],[-0.17133,-0.812181,0.557681]],[[0.931611,-0.317722,-0.176506],[0.328551,0.528503,0.782776],[-0.155421,-0.787234,0.596747]]],"btipPosition":[112.841,227.627,-7.23722],"carpPosition":[87.8478,93.566,80.3434],"dipPosition":[109.97,213.081,3.7888],"direction":[0.17133,0.812181,-0.557681],"extended":true,"handId":737,"id":7372,"length":65.8828,"mcpPosition":[97.0596,151.882,45.811],"pipPosition":[105.179,190.373,19.3813],"stabilizedTipPosition":[113.233,225.771,0.364743],"timeVisible":3.31261,"tipPosition":[114.43,226.136,-0.826221],"tipVelocity":[10.9411,-13.2027,-17.3984],"tool":false,"touchDistance":0.221677,"touchZone":"hovering","type":2,"width":19.4313},{"bases":[[[0.884445,-0.425612,-0.191341],[0.373359,0.399444,0.837286],[-0.279929,-0.811972,0.512193]],[[0.897273,-0.3847,-0.216579],[0.376407,0.410287,0.830652],[-0.230693,-0.826844,0.512943]],[[0.897273,-0.3847,-0.216579],[0.383903,0.437679,0.813053],[-0.21799,-0.812676,0.540405]],[[0.897273,-0.3847,-0.216579],[0.393338,0.473862,0.787871],[-0.200465,-0.792124,0.576501]]],"btipPosition":[136.449,214.282,-1.07928],"carpPosition":[99.5046,91.409,78.2175],"dipPosition":[132.767,199.73,9.51145],"direction":[0.21799,0.812676,-0.540405],"extended":true,"handId":737,"id":7373,"length":63.3481,"mcpPosition":[116.695,141.271,46.7645],"pipPosition":[126.829,177.595,24.2307],"stabilizedTipPosition":[136.205,211.214,4.54048],"timeVisible":3.31261,"tipPosition":[137.613,211.831,4.10818],"tipVelocity":[13.731,-0.0378882,2.68252],"tool":false,"touchDistance":0.267073,"touchZone":"hovering","type":3,"width":18.4901},{"bases":[[[0.772173,-0.576839,-0.26647],[0.48017,0.255068,0.839272],[-0.416157,-0.776014,0.473937]],[[0.820507,-0.468925,-0.32692],[0.497234,0.303337,0.812862],[-0.282005,-0.829515,0.482056]],[[0.820507,-0.468925,-0.32692],[0.515688,0.360442,0.777269],[-0.246645,-0.806344,0.537565]],[[0.820507,-0.468925,-0.32692],[0.515688,0.360442,0.777269],[-0.246645,-0.806344,0.537565]]],"btipPosition":[151.719,186.232,8.38039],"carpPosition":[109.335,84.108,71.5291],"dipPosition":[147.539,172.567,17.4909],"direction":[0.246645,0.806344,-0.537565],"extended":true,"handId":737,"id":7374,"length":49.6637,"mcpPosition":[132.991,128.221,44.588],"pipPosition":[142.796,157.06,27.8287],"stabilizedTipPosition":[151.128,182.67,12.3133],"timeVisible":3.31261,"tipPosition":[152.917,183.335,12.7858],"tipVelocity":[13.154,-2.59961,-0.858041],"tool":false,"touchDistance":0.294511,"touchZone":"hovering","type":4,"width":16.4243},{"bases":[[[0.989242,-0.0713575,-0.127703],[0.146286,0.485596,0.861857],[0.000512103,-0.871266,0.490811]],[[0.964564,-0.263404,-0.0153095],[0.160333,0.539068,0.826861],[-0.209545,-0.800015,0.562198]],[[0.964564,-0.263404,-0.0153095],[0.160333,0.539068,0.826861],[-0.209545,-0.800015,0.562198]],[[0.964564,-0.263404,-0.0153095],[0.188886,0.648843,0.737105],[-0.184223,-0.713877,0.675604]]],"btipPosition":[92.6804,220.742,-3.1439],"carpPosition":[75.7911,93.1046,80.7136],"dipPosition":[89.5856,208.75,8.20564],"direction":[0.209545,0.800015,-0.562198],"extended":true,"handId":737,"id":7371,"length":57.8214,"mcpPosition":[75.7541,155.943,45.3147],"pipPosition":[84.6058,189.737,21.5663],"stabilizedTipPosition":[93.6051,218.411,2.77592],"timeVisible":3.31261,"tipPosition":[93.1637,220.674,4.21008],"tipVelocity":[2.61871,39.9433,46.6834],"tool":false,"touchDistance":0.208565,"touchZone":"hovering","type":1,"width":19.7848}],"r":[[0.972411,0.124725,0.197133],[-0.0850216,0.976429,-0.198389],[-0.21723,0.176155,0.960094]],"s":1.16118,"t":[20.5801,-42.8793,-74.1682],"timestamp":747078270813},{"currentFrameRate":115.058,"devices":[],"gestures":[],"hands":[{"armBasis":[[0.960681,-0.275966,-0.0305919],[0.185167,0.554673,0.811204],[-0.206896,-0.784972,0.583963]],"armWidth":64.3496,"confidence":1,"direction":[0.187594,0.908367,-0.373734],"elbow":[33.7983,-146.766,238.966],"grabAngle":0.130945,"grabStrength":0,"id":737,"palmNormal":[-0.145084,-0.350691,-0.925184],"palmPosition":[94.827,127.378,50.9697],"palmVelocity":[13.2796,2.01541,7.66428],"palmWidth":89.2012,"pinchDistance":54.955,"pinchStrength":0,"r":[[0.972479,0.124478,0.19695],[-0.0847474,0.976399,-0.198653],[-0.21703,0.176495,0.960077]],"s":1.16125,"sphereCenter":[68.2786,2.28226,-237.416],"sphereRadius":318.257,"stabilizedPalmPosition":[94.4089,126.711,51.1057],"t":[20.6954,-42.8563,-74.1113],"timeVisible":3.32126,"type":"right","wrist":[88.562,61.0095,84.3961]}],"id":1332816,"interactionBox":{"center":[0,200,0],"size":[235.247,235.247,147.751]},"pointables":[{"bases":[[[0.55729,0.399261,0.728023],[-0.790163,-0.0143524,0.612729],[0.255088,-0.916725,0.307483]],[[0.530614,0.484325,0.695614],[-0.788633,-0.0186876,0.61458],[0.310656,-0.874689,0.372039]],[[0.530614,0.484325,0.695614],[-0.847155,0.33002,0.416431],[-0.0278788,-0.810257,0.585412]],[[0.530614,0.484325,0.695614],[-0.804048,0.547329,0.232246],[-0.268247,-0.68254,0.679841]]],"btipPosition":[55.3594,164.352,14.007],"carpPosition":[63.4545,78.6792,67.4824],"dipPosition":[49.1868,148.646,29.651],"direction":[0.0278788,0.810257,-0.585412],"extended":false,"handId":737,"id":7370,"length":51.2425,"mcpPosition":[63.4545,78.6792,67.4824],"pipPosition":[48.2521,121.483,49.2762],"stabilizedTipPosition":[53.4424,160.337,17.3274],"timeVisible":3.32126,"tipPosition":[53.1556,159.678,17.2059],"tipVelocity":[18.0568,7.21846,6.88765],"tool":false,"touchDistance":-0.254843,"touchZone":"touching","type":0,"width":20.7127},{"bases":[[[0.940475,-0.270766,-0.205408],[0.311799,0.446906,0.838485],[-0.135235,-0.85262,0.504729]],[[0.931418,-0.318124,-0.176799],[0.321252,0.490317,0.810176],[-0.171049,-0.81141,0.558889]],[[0.931418,-0.318124,-0.176799],[0.321252,0.490317,0.810176],[-0.171049,-0.81141,0.558889]],[[0.931418,-0.318124,-0.176799],[0.329936,0.532988,0.779145],[-0.153633,-0.784041,0.601395]]],"btipPosition":[112.919,227.526,-7.34311],"carpPosition":[87.9417,93.5824,80.4036],"dipPosition":[110.08,213.04,3.7688],"direction":[0.171049,0.81141,-0.558889],"extended":true,"handId":737,"id":7372,"length":65.8828,"mcpPosition":[97.1913,151.899,45.882],"pipPosition":[105.298,190.353,19.3951],"stabilizedTipPosition":[113.228,225.763,0.338832],"timeVisible":3.32126,"tipPosition":[114.576,226.121,-0.800315],"tipVelocity":[9.83799,-10.0284,-9.95768],"tool":false,"touchDistance":0.220241,"touchZone":"hovering","type":2,"width":19.4313},{"bases":[[[0.884125,-0.426199,-0.191515],[0.373725,0.399012,0.837329],[-0.280452,-0.811877,0.512057]],[[0.897064,-0.384994,-0.216925],[0.376992,0.410633,0.830215],[-0.230552,-0.826535,0.513504]],[[0.897064,-0.384994,-0.216925],[0.38446,0.437929,0.812655],[-0.21787,-0.812402,0.540865]],[[0.897064,-0.384994,-0.216925],[0.393726,0.473456,0.787921],[-0.20064,-0.792224,0.576303]]],"btipPosition":[136.567,214.265,-1.04593],"carpPosition":[99.5968,91.4176,78.2761],"dipPosition":[132.881,199.712,9.54115],"direction":[0.21787,0.812402,-0.540865],"extended":true,"handId":737,"id":7373,"length":63.3481,"mcpPosition":[116.819,141.274,46.8314],"pipPosition":[126.947,177.584,24.273],"stabilizedTipPosition":[136.199,211.211,4.49901],"timeVisible":3.32126,"tipPosition":[137.773,211.823,4.17396],"tipVelocity":[13.5602,-1.95562,3.75792],"tool":false,"touchDistance":0.267615,"touchZone":"hovering","type":3,"width":18.4901},{"bases":[[[0.771738,-0.577331,-0.266663],[0.480433,0.254559,0.839275],[-0.416658,-0.775815,0.473822]],[[0.820109,-0.469531,-0.327049],[0.498055,0.30435,0.811981],[-0.281713,-0.828801,0.483452]],[[0.820109,-0.469531,-0.327049],[0.516173,0.360377,0.776978],[-0.246954,-0.80602,0.537908]],[[0.820109,-0.469531,-0.327049],[0.516173,0.360377,0.776978],[-0.246954,-0.80602,0.537908]]],"btipPosition":[151.835,186.187,8.3821],"carpPosition":[109.421,84.111,71.5852],"dipPosition":[147.649,172.527,17.4984],"direction":[0.246954,0.80602,-0.537908],"extended":true,"handId":737,"id":7374,"length":49.6637,"mcpPosition":[133.106,128.212,44.6507],"pipPosition":[142.9,157.027,27.8428],"stabilizedTipPosition":[151.124,182.676,12.2853],"timeVisible":3.32126,"tipPosition":[153.055,183.317,12.8445],"tipVelocity":[13.2544,-5.04168,0.351913],"tool":false,"touchDistance":0.294562,"touchZone":"hovering","type":4,"width":16.4243},{"bases":[[[0.989179,-0.0720312,-0.127816],[0.146715,0.485319,0.86194],[-0.0000551698,-0.871365,0.490636]],[[0.964886,-0.262143,-0.0166372],[0.160183,0.537033,0.828213],[-0.208175,-0.801796,0.560166]],[[0.964886,-0.262143,-0.0166372],[0.160183,0.537033,0.828213],[-0.208175,-0.801796,0.560166]],[[0.964886,-0.262143,-0.0166372],[0.186715,0.639948,0.745389],[-0.184751,-0.722321,0.666422]]],"btipPosition":[92.7334,221.034,-2.78163],"carpPosition":[75.8847,93.1294,80.7748],"dipPosition":[89.6297,208.899,8.41366],"direction":[0.208175,0.801796,-0.560166],"extended":true,"handId":737,"id":7371,"length":57.8214,"mcpPosition":[75.8887,155.975,45.3886],"pipPosition":[84.6824,189.845,21.7261],"stabilizedTipPosition":[93.5937,218.41,2.75443],"timeVisible":3.32126,"tipPosition":[93.3095,220.645,4.19133],"tipVelocity":[5.88868,29.9102,37.7798],"tool":false,"touchDistance":0.214011,"touchZone":"hovering","type":1,"width":19.7848}],"r":[[0.972479,0.124478,0.19695],[-0.0847474,0.976399,-0.198653],[-0.21703,0.176495,0.960077]],"s":1.16125,"t":[20.6954,-42.8563,-74.1113],"timestamp":747078279463},{"currentFrameRate":115.04,"devices":[],"gestures":[],"hands":[{"armBasis":[[0.960027,-0.278249,-0.0304073],[0.1854,0.550738,0.813827],[-0.2097,-0.786934,0.580311]],"armWidth":64.3496,"confidence":1,"direction":[0.188097,0.908314,-0.373611],"elbow":[33.1206,-147.264,238.033],"grabAngle":0.128331,"grabStrength":0,"id":737,"palmNormal":[-0.145885,-0.350342,-0.925191],"palmPosition":[94.9509,127.42,51.0566],"palmVelocity":[14.2047,4.82062,9.95799],"palmWidth":89.2012,"pinchDistance":54.9186,"pinchStrength":0,"r":[[0.972576,0.124117,0.1967],[-0.0843969,0.976398,-0.198806],[-0.216733,0.176753,0.960096]],"s":1.16141,"sphereCenter":[66.8845,-0.528197,-242.526],"sphereRadius":324.247,"stabilizedPalmPosition":[94.4249,126.732,51.1043],"t":[20.815,-42.8238,-74.0394],"timeVisible":3.32999,"type":"right","wrist":[88.6267,61.0312,84.4292]}],"id":1332817,"interactionBox":{"center":[0,200,0],"size":[235.247,235.247,147.751]},"pointables":[{"bases":[[[0.558018,0.398637,0.727808],[-0.789826,-0.0138851,0.613174],[0.25454,-0.917004,0.307106]],[[0.531474,0.48349,0.695538],[-0.788607,-0.0173526,0.614653],[0.309248,-0.875178,0.372061]],[[0.531474,0.48349,0.695538],[-0.846587,0.331046,0.416773],[-0.0287495,-0.810337,0.585259]],[[0.531474,0.48349,0.695538],[-0.803388,0.547997,0.232954],[-0.268521,-0.682595,0.679676]]],"btipPosition":[55.5587,164.443,14.1072],"carpPosition":[63.5494,78.7418,67.5748],"dipPosition":[49.3798,148.735,29.7473],"direction":[0.0287495,0.810337,-0.585259],"extended":false,"handId":737,"id":7370,"length":51.2425,"mcpPosition":[63.5494,78.7418,67.5748],"pipPosition":[48.416,121.57,49.3675],"stabilizedTipPosition":[53.5376,160.404,17.379],"timeVisible":3.32999,"tipPosition":[53.2897,159.766,17.3264],"tipVelocity":[22.6834,10.3406,11.3819],"tool":false,"touchDistance":-0.253188,"touchZone":"touching","type":0,"width":20.7127},{"bases":[[[0.940144,-0.271455,-0.206011],[0.312627,0.446448,0.83842],[-0.13562,-0.852641,0.50459]],[[0.931026,-0.318994,-0.177297],[0.322516,0.491783,0.808784],[-0.170806,-0.81018,0.560744]],[[0.931026,-0.318994,-0.177297],[0.322516,0.491783,0.808784],[-0.170806,-0.81018,0.560744]],[[0.931026,-0.318994,-0.177297],[0.331964,0.538378,0.774563],[-0.151628,-0.779995,0.607139]]],"btipPosition":[113.004,227.4,-7.4973],"carpPosition":[88.0557,93.6224,80.4859],"dipPosition":[110.202,212.988,3.72073],"direction":[0.170806,0.81018,-0.560744],"extended":true,"handId":737,"id":7372,"length":65.8828,"mcpPosition":[97.3316,151.94,45.9737],"pipPosition":[105.426,190.336,19.3989],"stabilizedTipPosition":[113.223,225.753,0.30859],"timeVisible":3.32999,"tipPosition":[114.704,226.122,-0.778552],"tipVelocity":[10.7148,-12.4683,-14.8786],"tool":false,"touchDistance":0.218078,"touchZone":"hovering","type":2,"width":19.4313},{"bases":[[[0.88368,-0.426847,-0.192125],[0.374514,0.398505,0.837217],[-0.280801,-0.811785,0.512011]],[[0.896735,-0.385297,-0.217742],[0.378011,0.410951,0.829594],[-0.230159,-0.826236,0.514161]],[[0.896735,-0.385297,-0.217742],[0.385391,0.437958,0.812198],[-0.217576,-0.812243,0.541223]],[[0.896735,-0.385297,-0.217742],[0.394395,0.472499,0.788161],[-0.200793,-0.792648,0.575666]]],"btipPosition":[136.677,214.281,-0.99494],"carpPosition":[99.7078,91.449,78.3511],"dipPosition":[132.989,199.72,9.58044],"direction":[0.217576,0.812243,-0.541223],"extended":true,"handId":737,"id":7373,"length":63.3481,"mcpPosition":[116.951,141.3,46.9093],"pipPosition":[127.062,177.596,24.322],"stabilizedTipPosition":[136.193,211.206,4.45172],"timeVisible":3.32999,"tipPosition":[137.928,211.839,4.2458],"tipVelocity":[12.5417,1.63872,5.5374],"tool":false,"touchDistance":0.26842,"touchZone":"hovering","type":3,"width":18.4901},{"bases":[[[0.771131,-0.577871,-0.267247],[0.48111,0.253968,0.839067],[-0.417,-0.775606,0.473863]],[[0.819551,-0.470099,-0.327631],[0.499307,0.305372,0.810827],[-0.28112,-0.828103,0.484992]],[[0.819551,-0.470099,-0.327631],[0.516958,0.359968,0.776645],[-0.247163,-0.805872,0.538034]],[[0.819551,-0.470099,-0.327631],[0.516958,0.359968,0.776645],[-0.247163,-0.805872,0.538034]]],"btipPosition":[151.943,186.171,8.38934],"carpPosition":[109.523,84.1363,71.6528],"dipPosition":[147.754,172.514,17.5078],"direction":[0.247163,0.805872,-0.538034],"extended":true,"handId":737,"id":7374,"length":49.6637,"mcpPosition":[133.227,128.226,44.716],"pipPosition":[143.001,157.016,27.8547],"stabilizedTipPosition":[151.121,182.683,12.2516],"timeVisible":3.32999,"tipPosition":[153.191,183.321,12.9003],"tipVelocity":[12.2776,-1.78614,0.88626],"tool":false,"touchDistance":0.294691,"touchZone":"hovering","type":4,"width":16.4243},{"bases":[[[0.989049,-0.0727782,-0.128396],[0.147587,0.484985,0.861979],[-0.000463224,-0.871489,0.490415]],[[0.965376,-0.260176,-0.0189046],[0.159976,0.533228,0.830708],[-0.20605,-0.80497,0.556387]],[[0.965376,-0.260176,-0.0189046],[0.159976,0.533228,0.830708],[-0.20605,-0.80497,0.556387]],[[0.965376,-0.260176,-0.0189046],[0.183794,0.626953,0.757067],[-0.185118,-0.734329,0.653064]]],"btipPosition":[92.7425,221.503,-2.20292],"carpPosition":[75.9985,93.1788,80.8638],"dipPosition":[89.6327,209.167,8.76797],"direction":[0.20605,0.80497,-0.556387],"extended":true,"handId":737,"id":7371,"length":57.8214,"mcpPosition":[76.032,156.033,45.4935],"pipPosition":[84.7359,190.037,21.9906],"stabilizedTipPosition":[93.5828,218.411,2.73761],"timeVisible":3.32999,"tipPosition":[93.4267,220.625,4.15577],"tipVelocity":[0.887106,48.5159,60.4265],"tool":false,"touchDistance":0.222796,"touchZone":"hovering","type":1,"width":19.7848}],"r":[[0.972576,0.124117,0.1967],[-0.0843969,0.976398,-0.198806],[-0.216733,0.176753,0.960096]],"s":1.16141,"t":[20.815,-42.8238,-74.0394],"timestamp":747078288186},{"currentFrameRate":115.073,"devices":[],"gestures":[],"hands":[{"arm