{"frames":88,"data":[{"currentFrameRate":108.443,"devices":[],"gestures":[],"hands":[{"armBasis":[[0.938465,-0.345342,-0.00460595],[0.266131,0.714581,0.646953],[-0.220129,-0.608369,0.762516]],"armWidth":64.3496,"confidence":1,"direction":[0.00478561,0.909981,-0.414622],"elbow":[-14.299,-131.918,264.813],"grabAngle":0.150624,"grabStrength":0,"id":743,"palmNormal":[-0.286151,-0.396042,-0.872507],"palmPosition":[38.3106,93.1477,26.3824],"palmVelocity":[-6.70432,-5.05321,-14.565],"palmWidth":89.2012,"pinchDistance":49.3036,"pinchStrength":0,"r":[[0.98236,-0.185083,0.0267027],[0.18693,0.968033,-0.167243],[0.0051048,0.169284,0.985554]],"s":0.96324,"sphereCenter":[48.5237,123.79,-2.50382],"sphereRadius":54.6915,"stabilizedPalmPosition":[38.0824,92.2198,26.136],"t":[20.9246,-33.4662,-27.5891],"timeVisible":4.40527,"type":"right","wrist":[43.9673,29.1127,62.9816]}],"id":1338496,"interactionBox":{"center":[0,200,0],"size":[235.247,235.247,147.751]},"pointables":[{"bases":[[[0.642441,0.482375,0.595469],[-0.645029,-0.0791733,0.760046],[0.413773,-0.872379,0.260282]],[[0.529374,0.670996,0.519161],[-0.699744,-0.000684289,0.714393],[0.47971,-0.741461,0.469163]],[[0.529374,0.670996,0.519161],[-0.819129,0.244922,0.518691],[0.220885,-0.699842,0.679287]],[[0.529374,0.670996,0.519161],[-0.835545,0.518424,0.181938],[-0.147066,-0.530096,0.835087]]],"btipPosition":[-10.8909,113.865,-15.475],"carpPosition":[16.6051,41.9209,49.4727],"dipPosition":[-14.275,101.667,3.74131],"direction":[-0.220885,0.699842,-0.679287],"extended":false,"handId":743,"id":7430,"length":51.2425,"mcpPosition":[16.6051,41.9209,49.4727],"pipPosition":[-6.87009,78.2052,26.5136],"stabilizedTipPosition":[-12.1749,109.717,-10.5305],"timeVisible":4.40527,"tipPosition":[-9.75798,112.085,-9.59468],"tipVelocity":[20.0598,1.14199,-37.418],"tool":false,"touchDistance":0.283573,"touchZone":"hovering","type":0,"width":20.7127},{"bases":[[[0.945374,0.0317115,-0.324442],[0.25982,0.52779,0.80866],[0.196881,-0.848783,0.49072]],[[0.944962,0.0334767,-0.325462],[0.254744,0.548937,0.796099],[0.205309,-0.835193,0.510197]],[[0.944962,0.0334767,-0.325462],[0.198151,0.733009,0.650718],[0.260351,-0.679394,0.686033]],[[0.944962,0.0334767,-0.325462],[0.177235,0.783779,0.595212],[0.275016,-0.620136,0.734709]]],"btipPosition":[-3.96309,181.148,-25.7857],"carpPosition":[29.7166,58.0873,59.8045],"dipPosition":[0.656938,170.73,-13.4432],"direction":[-0.260351,0.679394,-0.686033],"extended":true,"handId":743,"id":7431,"length":57.8214,"mcpPosition":[15.5169,119.304,24.4121],"pipPosition":[6.8442,154.584,2.86041],"stabilizedTipPosition":[-2.95612,176.975,-23.5244],"timeVisible":4.40527,"tipPosition":[1.64035,177.93,-23.4864],"tipVelocity":[15.7162,14.4078,-40.3629],"tool":false,"touchDistance":0.357852,"touchZone":"hovering","type":1,"width":19.7848},{"bases":[[[0.905044,-0.173697,-0.388233],[0.420165,0.50679,0.752745],[0.0660032,-0.844389,0.531649]],[[0.905648,-0.181965,-0.383003],[0.422235,0.470037,0.775101],[0.0389841,-0.863686,0.50252]],[[0.905648,-0.181965,-0.383003],[0.41946,0.516726,0.746356],[0.0620967,-0.83659,0.544299]],[[0.905648,-0.181965,-0.383003],[0.410945,0.599315,0.686983],[0.104532,-0.779558,0.617546]]],"btipPosition":[31.296,196.317,-29.8108],"carpPosition":[41.3255,59.8369,56.9963],"dipPosition":[33.2274,181.913,-18.4004],"direction":[-0.0620967,0.83659,-0.544299],"extended":true,"handId":743,"id":7432,"length":65.8828,"mcpPosition":[36.8112,117.59,20.6334],"pipPosition":[34.9636,158.522,-3.18208],"stabilizedTipPosition":[31.6405,192.822,-26.3685],"timeVisible":4.40527,"tipPosition":[34.3957,193.578,-26.4331],"tipVelocity":[23.6106,-40.8909,-84.3529],"tool":false,"touchDistance":0.327513,"touchZone":"hovering","type":2,"width":19.4313},{"bases":[[[0.870626,-0.333769,-0.361398],[0.485643,0.46591,0.739648],[-0.0784928,-0.819467,0.567726]],[[0.873241,-0.297309,-0.38608],[0.481302,0.402426,0.778718],[-0.0761513,-0.865829,0.49451]],[[0.873241,-0.297309,-0.38608],[0.484735,0.448971,0.750638],[-0.0498325,-0.842634,0.536176]],[[0.873241,-0.297309,-0.38608],[0.487289,0.532995,0.691712],[0.000126689,-0.792164,0.610309]]],"btipPosition":[62.0103,184.744,-29.8227],"carpPosition":[52.4898,58.8817,52.5804],"dipPosition":[62.0126,170.191,-18.611],"direction":[0.0498325,0.842634,-0.536176],"extended":true,"handId":743,"id":7433,"length":63.3481,"mcpPosition":[57.3099,109.204,17.7172],"pipPosition":[60.6553,147.24,-4.00687],"stabilizedTipPosition":[62.4667,181.411,-26.865],"timeVisible":4.40527,"tipPosition":[62.7633,181.517,-26.8728],"tipVelocity":[10.5823,-51.4718,-71.9121],"tool":false,"touchDistance":0.334761,"touchZone":"hovering","type":3,"width":18.4901},{"bases":[[[0.7634,-0.498733,-0.410471],[0.60629,0.334084,0.721665],[-0.222787,-0.799783,0.557416]],[[0.773188,-0.459882,-0.436679],[0.587271,0.259326,0.766722],[-0.23936,-0.849269,0.470583]],[[0.773188,-0.459882,-0.436679],[0.602734,0.31876,0.731508],[-0.197212,-0.828795,0.523648]],[[0.773188,-0.459882,-0.436679],[0.616495,0.38359,0.687599],[-0.148709,-0.800854,0.580102]]],"btipPosition":[88.8437,156.963,-23.8218],"carpPosition":[61.5448,52.4619,44.1267],"dipPosition":[86.3234,143.39,-13.9904],"direction":[0.197212,0.828795,-0.523648],"extended":true,"handId":743,"id":7434,"length":49.6637,"mcpPosition":[74.2092,97.9258,12.4402],"pipPosition":[82.5308,127.452,-3.92019],"stabilizedTipPosition":[88.4406,153.898,-21.4027],"timeVisible":4.40527,"tipPosition":[87.0623,154.537,-20.554],"tipVelocity":[15.7217,-61.1337,-54.0748],"tool":false,"touchDistance":0.32981,"touchZone":"hovering","type":4,"width":16.4243}],"r":[[0.98236,-0.185083,0.0267027],[0.18693,0.968033,-0.167243],[0.0051048,0.169284,0.985554]],"s":0.96324,"t":[20.9246,-33.4662,-27.5891],"timestamp":747128368708},{"currentFrameRate":108.417,"devices":[],"gestures":[],"hands":[{"armBasis":[[0.940977,-0.33824,-0.0124913],[0.266286,0.717013,0.644192],[-0.208935,-0.609496,0.764762]],"armWidth":64.3496,"confidence":1,"direction":[0.00643711,0.90858,-0.417661],"elbow":[-11.4004,-132.161,265.55],"grabAngle":0.150089,"grabStrength":0,"id":743,"palmNormal":[-0.285735,-0.398584,-0.871485],"palmPosition":[38.2279,93.1143,26.3121],"palmVelocity":[-8.92763,-3.60521,-7.58311],"palmWidth":89.2012,"pinchDistance":49.1128,"pinchStrength":0,"r":[[0.981901,-0.187415,0.0273147],[0.18933,0.967523,-0.16749],[0.00496264,0.16963,0.985495]],"s":0.961753,"sphereCenter":[47.9614,123.224,-3.23297],"sphereRadius":54.6799,"stabilizedPalmPosition":[38.0914,92.2751,26.1469],"t":[20.8667,-33.4486,-27.6232],"timeVisible":4.41454,"type":"right","wrist":[43.903,29.1677,63.1236]}],"id":1338497,"interactionBox":{"center":[0,200,0],"size":[235.247,235.247,147.751]},"pointables":[{"bases":[[[0.642437,0.483518,0.594545],[-0.645951,-0.0757751,0.759609],[0.412337,-0.872048,0.263648]],[[0.529877,0.671797,0.517609],[-0.701462,0.00415558,0.712695],[0.476635,-0.740724,0.473442]],[[0.529877,0.671797,0.517609],[-0.820116,0.25048,0.51446],[0.215962,-0.6971,0.683676]],[[0.529877,0.671797,0.517609],[-0.834583,0.521496,0.177522],[-0.150672,-0.526052,0.836999]]],"btipPosition":[-10.6678,113.717,-15.7979],"carpPosition":[16.4297,41.9938,49.5503],"dipPosition":[-14.1349,101.612,3.46239],"direction":[-0.215962,0.6971,-0.683676],"extended":false,"handId":743,"id":7430,"length":51.2425,"mcpPosition":[16.4297,41.9938,49.5503],"pipPosition":[-6.89505,78.242,26.3818],"stabilizedTipPosition":[-12.1421,109.773,-10.5692],"timeVisible":4.41454,"tipPosition":[-9.80554,111.976,-9.80711],"tipVelocity":[22.0032,-13.6695,-33.7388],"tool":false,"touchDistance":0.27836,"touchZone":"hovering","type":0,"width":20.7127},{"bases":[[[0.945764,0.029376,-0.323524],[0.259647,0.530152,0.807169],[0.195229,-0.847393,0.493771]],[[0.945103,0.0322186,-0.325179],[0.253631,0.555121,0.792157],[0.206036,-0.831146,0.516475]],[[0.945103,0.0322186,-0.325179],[0.200693,0.728097,0.655436],[0.257879,-0.684716,0.681661]],[[0.945103,0.0322186,-0.325179],[0.180088,0.77901,0.600593],[0.272668,-0.626184,0.730442]]],"btipPosition":[-3.94156,181.195,-26.0578],"carpPosition":[29.5514,58.1774,59.842],"dipPosition":[0.639013,170.676,-13.787],"direction":[-0.257879,0.684716,-0.681661],"extended":true,"handId":743,"id":7431,"length":57.8214,"mcpPosition":[15.4709,119.294,24.2296],"pipPosition":[6.76753,154.403,2.41272],"stabilizedTipPosition":[-2.94979,177.142,-23.4975],"timeVisible":4.41454,"tipPosition":[1.65854,177.792,-23.8708],"tipVelocity":[1.34348,2.55133,-31.1313],"tool":false,"touchDistance":0.351071,"touchZone":"hovering","type":1,"width":19.7848},{"bases":[[[0.905231,-0.176191,-0.38667],[0.420025,0.508753,0.751498],[0.0643124,-0.84269,0.534544]],[[0.905773,-0.183773,-0.381841],[0.421941,0.474578,0.772491],[0.0392499,-0.860816,0.507401]],[[0.905773,-0.183773,-0.381841],[0.419152,0.521087,0.743492],[0.0623381,-0.833484,0.549015]],[[0.905773,-0.183773,-0.381841],[0.41098,0.600606,0.685834],[0.103298,-0.778139,0.61954]]],"btipPosition":[31.2553,196.017,-30.3645],"carpPosition":[41.1657,59.9023,57.0406],"dipPosition":[33.1639,181.639,-18.9174],"direction":[-0.0623381,0.833484,-0.549015],"extended":true,"handId":743,"id":7432,"length":65.8828,"mcpPosition":[36.767,117.539,20.4797],"pipPosition":[34.9068,158.335,-3.56714],"stabilizedTipPosition":[31.6437,192.815,-26.4495],"timeVisible":4.41454,"tipPosition":[34.4618,193.362,-26.8566],"tipVelocity":[-4.96055,-31.7032,-58.8169],"tool":false,"touchDistance":0.318425,"touchZone":"hovering","type":2,"width":19.4313},{"bases":[[[0.870572,-0.336127,-0.359337],[0.485463,0.467743,0.738609],[-0.0801892,-0.817457,0.570381]],[[0.873351,-0.297922,-0.385358],[0.481091,0.403796,0.778139],[-0.0762183,-0.86498,0.495984]],[[0.873351,-0.297922,-0.385358],[0.484783,0.454704,0.747148],[-0.0473677,-0.839337,0.541544]],[[0.873351,-0.297922,-0.385358],[0.487085,0.538165,0.687842],[0.00246314,-0.788429,0.61512]]],"btipPosition":[61.8509,184.461,-30.2255],"carpPosition":[52.3334,58.9175,52.64],"dipPosition":[61.8962,169.977,-18.9253],"direction":[0.0473677,0.839337,-0.541544],"extended":true,"handId":743,"id":7433,"length":63.3481,"mcpPosition":[57.2577,109.116,17.6137],"pipPosition":[60.606,147.115,-4.17506],"stabilizedTipPosition":[62.4074,181.383,-26.9396],"timeVisible":4.41454,"tipPosition":[62.8388,181.27,-27.2189],"tipVelocity":[-16.1196,-28.8602,-41.2523],"tool":false,"touchDistance":0.328387,"touchZone":"hovering","type":3,"width":18.4901},{"bases":[[[0.76318,-0.501113,-0.407973],[0.605954,0.335698,0.721198],[-0.224446,-0.797617,0.55985]],[[0.773232,-0.461554,-0.434833],[0.586133,0.258531,0.767861],[-0.241991,-0.848604,0.470437]],[[0.773232,-0.461554,-0.434833],[0.603031,0.323128,0.729343],[-0.196125,-0.82617,0.528184]],[[0.773232,-0.461554,-0.434833],[0.616894,0.388759,0.68433],[-0.14681,-0.797392,0.585331]]],"btipPosition":[88.8206,156.703,-24.04],"carpPosition":[61.389,52.4575,44.2176],"dipPosition":[86.3325,143.189,-14.1199],"direction":[0.196125,0.82617,-0.528184],"extended":true,"handId":743,"id":7434,"length":49.6637,"mcpPosition":[74.1477,97.7982,12.3928],"pipPosition":[82.5608,127.301,-3.9625],"stabilizedTipPosition":[88.4159,153.859,-21.4484],"timeVisible":4.41454,"tipPosition":[87.1165,154.279,-20.7814],"tipVelocity":[-1.69139,-26.5705,-21.334],"tool":false,"touchDistance":0.326514,"touchZone":"hovering","type":4,"width":16.4243}],"r":[[0.981901,-0.187415,0.0273147],[0.18933,0.967523,-0.16749],[0.00496264,0.16963,0.985495]],"s":0.961753,"t":[20.8667,-33.4486,-27.6232],"timestamp":747128377979},{"currentFrameRate":108.986,"devices":[],"gestures":[],"hands":[{"armBasis":[[0.943356,-0.331293,-0.0180276],[0.265248,0.720423,0.640807],[-0.199307,-0.609291,0.76749]],"armWidth":64.3496,"confidence":1,"direction":[0.00597979,0.908232,-0.418424],"elbow":[-8.84158,-132.048,266.29],"grabAngle":0.15052,"grabStrength":0,"id":743,"palmNormal":[-0.285248,-0.399497,-0.871226],"palmPosition":[38.1041,93.1363,26.2543],"palmVelocity":[-15.1859,2.69268,-7.09448],"palmWidth":89.2012,"pinchDistance":49.2934,"pinchStrength":0,"r":[[0.981552,-0.189152,0.0278896],[0.191137,0.967107,-0.16784],[0.004775,0.170074,0.98542]],"s":0.960097,"sphereCenter":[47.4775,122.436,-4.4397],"sphereRadius":54.8261,"stabilizedPalmPosition":[38.0921,92.3225,26.1528],"t":[20.7759,-33.4288,-27.6692],"timeVisible":4.42269,"type":"right","wrist":[43.9135,29.2261,63.142]}],"id":1338498,"interactionBox":{"center":[0,200,0],"size":[235.247,235.247,147.751]},"pointables":[{"bases":[[[0.641972,0.484423,0.594312],[-0.64611,-0.0755413,0.759497],[0.412813,-0.871567,0.264495]],[[0.529856,0.67184,0.517575],[-0.702595,0.00593313,0.711565],[0.474987,-0.740672,0.475176]],[[0.529856,0.67184,0.517575],[-0.82098,0.253262,0.511712],[0.212707,-0.696052,0.68576]],[[0.529856,0.67184,0.517575],[-0.834013,0.5235,0.174271],[-0.153868,-0.524003,0.837703]]],"btipPosition":[-10.5025,113.66,-15.9895],"carpPosition":[16.3317,42.0217,49.5296],"dipPosition":[-14.0432,101.602,3.28699],"direction":[-0.212707,0.696052,-0.68576],"extended":false,"handId":743,"id":7430,"length":51.2425,"mcpPosition":[16.3317,42.0217,49.5296],"pipPosition":[-6.9124,78.2674,26.2763],"stabilizedTipPosition":[-12.1124,109.813,-10.6047],"timeVisible":4.42269,"tipPosition":[-9.95772,111.918,-9.92545],"tipVelocity":[18.2024,-5.65482,-23.0467],"tool":false,"touchDistance":0.275229,"touchZone":"hovering","type":0,"width":20.7127},{"bases":[[[0.945833,0.0296979,-0.323293],[0.259095,0.530995,0.806792],[0.195627,-0.846854,0.494538]],[[0.94519,0.0324572,-0.324902],[0.252231,0.559312,0.789652],[0.207352,-0.828322,0.52047]],[[0.94519,0.0324572,-0.324902],[0.202084,0.723428,0.660162],[0.256471,-0.689636,0.677218]],[[0.94519,0.0324572,-0.324902],[0.180962,0.776181,0.603984],[0.271787,-0.629675,0.727765]]],"btipPosition":[-4.08854,181.257,-26.162],"carpPosition":[29.4405,58.2221,59.8113],"dipPosition":[0.477227,170.679,-13.9363],"direction":[-0.256471,0.689636,-0.677218],"extended":true,"handId":743,"id":7431,"length":57.8214,"mcpPosition":[15.3312,119.3,24.1436],"pipPosition":[6.57228,154.29,2.15791],"stabilizedTipPosition":[-2.95692,177.277,-23.4856],"timeVisible":4.42269,"tipPosition":[1.46551,177.755,-24.0055],"tipVelocity":[-18.4479,5.96888,-14.0572],"tool":false,"touchDistance":0.347579,"touchZone":"hovering","type":1,"width":19.7848},{"bases":[[[0.905446,-0.175948,-0.386276],[0.419501,0.50965,0.751183],[0.0646966,-0.842199,0.535271]],[[0.905975,-0.183273,-0.381602],[0.421329,0.477921,0.770761],[0.0411164,-0.859071,0.510203]],[[0.905975,-0.183273,-0.381602],[0.41845,0.524195,0.7417],[0.0641005,-0.831643,0.551598]],[[0.905975,-0.183273,-0.381602],[0.410443,0.601016,0.685796],[0.103661,-0.77794,0.619729]]],"btipPosition":[30.9732,195.895,-30.6518],"carpPosition":[41.0544,59.952,57.0115],"dipPosition":[32.8886,181.521,-19.2012],"direction":[-0.0641005,0.831643,-0.551598],"extended":true,"handId":743,"id":7432,"length":65.8828,"mcpPosition":[36.6294,117.555,20.4009],"pipPosition":[34.6808,158.269,-3.77872],"stabilizedTipPosition":[31.6324,192.804,-26.5267],"timeVisible":4.42269,"tipPosition":[34.2513,193.327,-27.0134],"tipVelocity":[-34.4046,-14.8296,-35.1426],"tool":false,"touchDistance":0.31365,"touchZone":"hovering","type":2,"width":19.4313},{"bases":[[[0.870881,-0.335882,-0.358817],[0.484968,0.46867,0.738346],[-0.0798306,-0.817026,0.571048]],[[0.873713,-0.296185,-0.385876],[0.48071,0.4043,0.778112],[-0.0744553,-0.865341,0.495622]],[[0.873713,-0.296185,-0.385876],[0.484505,0.459151,0.744604],[-0.0433653,-0.837529,0.544669]],[[0.873713,-0.296185,-0.385876],[0.486398,0.54257,0.684861],[0.00651943,-0.786061,0.618114]]],"btipPosition":[61.4585,184.41,-30.4159],"carpPosition":[52.2239,58.9705,52.6147],"dipPosition":[61.5782,169.97,-19.0607],"direction":[0.0433653,0.837529,-0.544669],"extended":true,"handId":743,"id":7433,"length":63.3481,"mcpPosition":[57.1262,109.143,17.5475],"pipPosition":[60.3971,147.158,-4.22531],"stabilizedTipPosition":[62.3263,181.357,-27.0157],"timeVisible":4.42269,"tipPosition":[62.6571,181.26,-27.3509],"tipVelocity":[-46.0415,-4.94467,-21.8014],"tool":false,"touchDistance":0.325425,"touchZone":"hovering","type":3,"width":18.4901},{"bases":[[[0.763606,-0.500977,-0.407344],[0.605547,0.336686,0.721079],[-0.224097,-0.797286,0.56046]],[[0.773858,-0.460473,-0.434866],[0.585224,0.25731,0.768964],[-0.242192,-0.849562,0.468601]],[[0.773858,-0.460473,-0.434866],[0.60306,0.325883,0.728093],[-0.193552,-0.82569,0.52988]],[[0.773858,-0.460473,-0.434866],[0.616891,0.392438,0.68223],[-0.143491,-0.796214,0.587753]]],"btipPosition":[88.5988,156.74,-24.1019],"carpPosition":[61.2859,52.5091,44.2003],"dipPosition":[86.167,143.246,-14.1408],"direction":[0.193552,0.82569,-0.52988],"extended":true,"handId":743,"id":7434,"length":49.6637,"mcpPosition":[74.0247,97.831,12.3408],"pipPosition":[82.4448,127.367,-3.95072],"stabilizedTipPosition":[88.3723,153.833,-21.4904],"timeVisible":4.42269,"tipPosition":[86.9727,154.288,-20.8824],"tipVelocity":[-25.6106,5.09117,-6.43305],"tool":false,"touchDistance":0.32564,"touchZone":"hovering","type":4,"width":16.4243}],"r":[[0.981552,-0.189152,0.0278896],[0.191137,0.967107,-0.16784],[0.004775,0.170074,0.98542]],"s":0.960097,"t":[20.7759,-33.4288,-27.6692],"timestamp":747128386131},{"currentFrameRate":109.299,"devices":[],"gestures":[],"hands":[{"armBasis":[[0.945494,-0.324809,-0.0232532],[0.26435,0.723877,0.637276],[-0.190161,-0.608688,0.770285]],"armWidth":64.3496,"confidence":1,"direction":[0.00556524,0.907212,-0.420637],"elbow":[-6.36121,-131.756,267.114],"grabAngle":0.150902,"grabStrength":0,"id":743,"palmNormal":[-0.28474,-0.401793,-0.870336],"palmPosition":[38.0371,93.1808,26.1707],"palmVelocity":[-7.80346,5.18889,-9.74071],"palmWidth":89.2012,"pinchDistance":49.6403,"pinchStrength":0,"r":[[0.981291,-0.190409,0.0285026],[0.192477,0.966713,-0.168579],[0.00454514,0.170911,0.985276]],"s":0.958404,"sphereCenter":[47.1713,122.049,-5.08077],"sphereRadius":54.8722,"stabilizedPalmPosition":[38.0894,92.3652,26.1537],"t":[20.697,-33.3967,-27.734],"timeVisible":4.43128,"type":"right","wrist":[43.9728,29.3587,63.2255]}],"id":1338499,"interactionBox":{"center":[0,200,0],"size":[235.247,235.247,147.751]},"pointables":[{"bases":[[[0.641499,0.486256,0.593325],[-0.646299,-0.074075,0.759481],[0.413253,-0.870671,0.266748]],[[0.5297,0.672875,0.516389],[-0.703685,0.00872164,0.710459],[0.473546,-0.739705,0.478111]],[[0.5297,0.672875,0.516389],[-0.821785,0.256423,0.508839],[0.209971,-0.693893,0.688785]],[[0.5297,0.672875,0.516389],[-0.833623,0.525333,0.170582],[-0.156496,-0.520831,0.839193]]],"btipPosition":[-10.3234,113.555,-16.2346],"carpPosition":[16.2881,42.1101,49.564],"dipPosition":[-13.9245,101.57,3.07624],"direction":[-0.209971,0.693893,-0.688785],"extended":false,"handId":743,"id":7430,"length":51.2425,"mcpPosition":[16.2881,42.1101,49.564],"pipPosition":[-6.88547,78.3085,26.167],"stabilizedTipPosition":[-12.0808,109.846,-10.6437],"timeVisible":4.43128,"tipPosition":[-10.0433,111.828,-10.0978],"tipVelocity":[19.2359,-10.1829,-27.6137],"tool":false,"touchDistance":0.271276,"touchZone":"hovering","type":0,"width":20.7127},{"bases":[[[0.945915,0.0294758,-0.323074],[0.258528,0.533117,0.805574],[0.195981,-0.845528,0.496663]],[[0.945349,0.0319002,-0.324497],[0.250942,0.56426,0.786536],[0.208191,-0.82498,0.525418]],[[0.945349,0.0319002,-0.324497],[0.203369,0.720216,0.663272],[0.254866,-0.693016,0.674368]],[[0.945349,0.0319002,-0.324497],[0.18137,0.775585,0.604627],[0.270962,-0.630437,0.727412]]],"btipPosition":[-4.15405,181.235,-26.4519],"carpPosition":[29.384,58.3435,59.8101],"dipPosition":[0.397871,170.644,-14.232],"direction":[-0.254866,0.693016,-0.674368],"extended":true,"handId":743,"id":7431,"length":57.8214,"mcpPosition":[15.2492,119.326,23.9891],"pipPosition":[6.45479,154.175,1.79441],"stabilizedTipPosition":[-2.96592,177.369,-23.495],"timeVisible":4.43128,"tipPosition":[1.33827,177.662,-24.303],"tipVelocity":[-7.99887,-2.94324,-33.9077],"tool":false,"touchDistance":0.341786,"touchZone":"hovering","type":1,"width":19.7848},{"bases":[[[0.905671,-0.176347,-0.385568],[0.418964,0.511733,0.750066],[0.0650355,-0.840851,0.537345]],[[0.906192,-0.183509,-0.380973],[0.420718,0.481954,0.768581],[0.0425698,-0.856764,0.513948]],[[0.906192,-0.183509,-0.380973],[0.41778,0.527844,0.739487],[0.0653918,-0.82928,0.554994]],[[0.906192,-0.183509,-0.380973],[0.409958,0.60215,0.685091],[0.103682,-0.777007,0.620894]]],"btipPosition":[30.788,195.732,-31.0895],"carpPosition":[40.9978,60.0735,57.0097],"dipPosition":[32.7038,181.375,-19.6173],"direction":[-0.0653918,0.82928,-0.554994],"extended":true,"handId":743,"id":7432,"length":65.8828,"mcpPosition":[36.5496,117.585,20.2572],"pipPosition":[34.5321,158.189,-4.09989],"stabilizedTipPosition":[31.6158,192.789,-26.6057],"timeVisible":4.43128,"tipPosition":[34.1128,193.231,-27.3532],"tipVelocity":[-21.5541,-18.5538,-50.3867],"tool":false,"touchDistance":0.306438,"touchZone":"hovering","type":2,"width":19.4313},{"bases":[[[0.871192,-0.336235,-0.357729],[0.48446,0.470761,0.737349],[-0.0795177,-0.815678,0.573015]],[[0.874071,-0.295204,-0.385817],[0.480277,0.405715,0.777643],[-0.0730314,-0.865015,0.496403]],[[0.874071,-0.295204,-0.385817],[0.484144,0.463839,0.741929],[-0.0400633,-0.835289,0.548349]],[[0.874071,-0.295204,-0.385817],[0.485693,0.547585,0.681361],[0.0101274,-0.782947,0.622007]]],"btipPosition":[61.1658,184.312,-30.7388],"carpPosition":[52.1692,59.088,52.6187],"dipPosition":[61.3518,169.929,-19.3121],"direction":[0.0400633,0.835289,-0.548349],"extended":true,"handId":743,"id":7433,"length":63.3481,"mcpPosition":[57.0523,109.178,17.4307],"pipPosition":[60.2606,147.178,-4.37649],"stabilizedTipPosition":[62.2373,181.329,-27.1029],"timeVisible":4.43128,"tipPosition":[62.5383,181.186,-27.6474],"tipVelocity":[-32.3055,-9.86843,-35.686],"tool":false,"touchDistance":0.320317,"touchZone":"hovering","type":3,"width":18.4901},{"bases":[[[0.764031,-0.501511,-0.405886],[0.605123,0.338808,0.720441],[-0.223792,-0.79605,0.562336]],[[0.774521,-0.459943,-0.434246],[0.584298,0.257243,0.769689],[-0.242306,-0.84987,0.467984]],[[0.774521,-0.459943,-0.434246],[0.60285,0.328855,0.726929],[-0.191542,-0.824807,0.531982]],[[0.774521,-0.459943,-0.434246],[0.616679,0.396239,0.680222],[-0.140798,-0.794637,0.590532]]],"btipPosition":[88.453,156.739,-24.252],"carpPosition":[61.2376,52.6115,44.2229],"dipPosition":[86.0668,143.272,-14.2438],"direction":[0.191542,0.824807,-0.531982],"extended":true,"handId":743,"id":7434,"length":49.6637,"mcpPosition":[73.9592,97.8631,12.2568],"pipPosition":[82.3833,127.41,-4.01331],"stabilizedTipPosition":[88.3243,153.814,-21.5375],"timeVisible":4.43128,"tipPosition":[86.8905,154.243,-21.1059],"tipVelocity":[-15.7631,0.610126,-16.2189],"tool":false,"touchDistance":0.323318,"touchZone":"hovering","type":4,"width":16.4243}],"r":[[0.981291,-0.190409,0.0285026],[0.192477,0.966713,-0.168579],[0.00454514,0.170911,0.985276]],"s":0.958404,"t":[20.697,-33.3967,-27.734],"timestamp":747128394719},{"currentFrameRate":109.51,"devices":[],"gestures":[],"hands":[{"armBasis":[[0.947612,-0.31832,-0.0265165],[0.262142,0.727564,0.633982],[-0.182516,-0.60772,0.772893]],"armWidth":64.3496,"confidence":1,"direction":[0.00332114,0.906363,-0.422486],"elbow":[-4.19351,-131.371,267.865],"grabAngle":0.151042,"grabStrength":0,"id":743,"palmNormal":[-0.283591,-0.404289,-0.869555],"palmPosition":[37.9564,93.2174,26.0882],"palmVelocity":[-9.21741,4.18206,-9.42245],"palmWidth":89.2012,"pinchDistance":50.0155,"pinchStrength":0,"r":[[0.981177,-0.190904,0.029099],[0.193062,0.966425,-0.169558],[0.00424732,0.171985,0.98509]],"s":0.956695,"sphereCenter":[46.8586,121.985,-5.2594],"sphereRadius":54.8251,"stabilizedPalmPosition":[38.0834,92.4036,26.1507],"t":[20.6172,-33.3623,-27.8077],"timeVisible":4.44003,"type":"right","wrist":[44.1171,29.488,63.2868]}],"id":1338500,"interactionBox":{"center":[0,200,0],"size":[235.247,235.247,147.751]},"pointables":[{"bases":[[[0.640174,0.489093,0.592423],[-0.646219,-0.0741687,0.759539],[0.415425,-0.869072,0.268581]],[[0.528389,0.674636,0.515433],[-0.704514,0.00962441,0.709625],[0.473778,-0.738088,0.480376]],[[0.528389,0.674636,0.515433],[-0.822939,0.257708,0.506317],[0.208749,-0.691703,0.691355]],[[0.528389,0.674636,0.515433],[-0.834061,0.525878,0.166718],[-0.158581,-0.517994,0.840556]]],"btipPosition":[-10.2,113.367,-16.4443],"carpPosition":[16.3338,42.1394,49.5825],"dipPosition":[-13.8491,101.447,2.89781],"direction":[-0.208749,0.691703,-0.691355],"extended":false,"handId":743,"id":7430,"length":51.2425,"mcpPosition":[16.3338,42.1394,49.5825],"pipPosition":[-6.85108,78.2587,26.0747],"stabilizedTipPosition":[-12.0479,109.87,-10.6865],"timeVisible":4.44003,"tipPosition":[-10.1799,111.651,-10.2534],"tipVelocity":[12.83,-19.8212,-23.1386],"tool":false,"touchDistance":0.2679,"touchZone":"hovering","type":0,"width":20.7127},{"bases":[[[0.945884,0.031221,-0.323],[0.257055,0.535414,0.804521],[0.198057,-0.844013,0.498414]],[[0.945465,0.0329947,-0.324047],[0.248871,0.568653,0.784026],[0.210139,-0.821915,0.529431]],[[0.945465,0.0329947,-0.324047],[0.203388,0.717267,0.666455],[0.254418,-0.696017,0.67144]],[[0.945465,0.0329947,-0.324047],[0.180253,0.775634,0.604897],[0.2713,-0.63032,0.727388]]],"btipPosition":[-4.3781,181.149,-26.6904],"carpPosition":[29.387,58.4269,59.7973],"dipPosition":[0.179505,170.56,-14.471],"direction":[-0.254418,0.696017,-0.67144],"extended":true,"handId":743,"id":7431,"length":57.8214,"mcpPosition":[15.1025,119.3,23.8501],"pipPosition":[6.22576,154.019,1.48588],"stabilizedTipPosition":[-2.98643,177.444,-23.5167],"timeVisible":4.44003,"tipPosition":[1.01818,177.51,-24.5578],"tipVelocity":[-25.4412,-9.77236,-27.2562],"tool":false,"touchDistance":0.337361,"touchZone":"hovering","type":1,"width":19.7848},{"bases":[[[0.906172,-0.174831,-0.38508],[0.417553,0.514324,0.749079],[0.0670938,-0.839586,0.539067]],[[0.906694,-0.181739,-0.380627],[0.419298,0.486313,0.766609],[0.0457809,-0.854676,0.51714]],[[0.906694,-0.181739,-0.380627],[0.416226,0.531611,0.737662],[0.0682836,-0.827261,0.557653]],[[0.906694,-0.181739,-0.380627],[0.408441,0.603537,0.684776],[0.105272,-0.776346,0.621453]]],"btipPosition":[30.3838,195.585,-31.4578],"carpPosition":[40.9967,60.1806,56.995],"dipPosition":[32.3289,181.24,-19.9753],"direction":[-0.0682836,0.827261,-0.557653],"extended":true,"handId":743,"id":7432,"length":65.8828,"mcpPosition":[36.4077,117.605,20.1248],"pipPosition":[34.2381,158.11,-4.38359],"stabilizedTipPosition":[31.5837,192.768,-26.6963],"timeVisible":4.44003,"tipPosition":[33.7622,193.142,-27.6494],"tipVelocity":[-45.4023,-16.4689,-41.8033],"tool":false,"touchDistance":0.300339,"touchZone":"hovering","type":2,"width":19.4313},{"bases":[[[0.872096,-0.334748,-0.35692],[0.483154,0.473493,0.736455],[-0.0775282,-0.814707,0.574666]],[[0.874928,-0.292432,-0.385985],[0.479183,0.407787,0.777234],[-0.0698883,-0.864982,0.496912]],[[0.874928,-0.292432,-0.385985],[0.482958,0.468699,0.739643],[-0.0353841,-0.833549,0.551311]],[[0.874928,-0.292432,-0.385985],[0.48402,0.55282,0.678317],[0.0150189,-0.780303,0.625221]]],"btipPosition":[60.6903,184.282,-31.0133],"carpPosition":[52.1713,59.2146,52.6077],"dipPosition":[60.9662,169.947,-19.5276],"direction":[0.0353841,0.833549,-0.551311],"extended":true,"handId":743,"id":7433,"length":63.3481,"mcpPosition":[56.9322,109.245,17.3183],"pipPosition":[60.0024,147.244,-4.51128],"stabilizedTipPosition":[62.1179,181.302,-27.205],"timeVisible":4.44003,"tipPosition":[62.2262,181.173,-27.9106],"tipVelocity":[-51.9541,-2.19119,-29.8036],"tool":false,"touchDistance":0.315968,"touchZone":"hovering","type":3,"width":18.4901},{"bases":[[[0.765362,-0.500394,-0.404755],[0.604155,0.341813,0.719834],[-0.22185,-0.795468,0.563926]],[[0.775989,-0.457784,-0.433907],[0.583025,0.258095,0.770369],[-0.240673,-0.850777,0.467178]],[[0.775989,-0.457784,-0.433907],[0.60197,0.332085,0.726189],[-0.188344,-0.824714,0.533267]],[[0.775989,-0.457784,-0.433907],[0.61567,0.400224,0.678801],[-0.137084,-0.793886,0.592413]]],"btipPosition":[88.1811,156.855,-24.3675],"carpPosition":[61.2573,52.7441,44.2263],"dipPosition":[85.8578,143.401,-14.3274],"direction":[0.188344,0.824714,-0.533267],"extended":true,"handId":743,"id":7434,"length":49.6637,"mcpPosition":[73.8685,97.9626,12.1698],"pipPosition":[82.2358,127.541,-4.07225],"stabilizedTipPosition":[88.2537,153.808,-21.5918],"timeVisible":4.44003,"tipPosition":[86.6685,154.303,-21.3114],"tipVelocity":[-29.4026,13.6455,-12.3559],"tool":false,"touchDistance":0.321516,"touchZone":"hovering","type":4,"width":16.4243}],"r":[[0.981177,-0.190904,0.029099],[0.193062,0.966425,-0.169558],[0.00424732,0.171985,0.98509]],"s":0.956695,"t":[20.6172,-33.3623,-27.8077],"timestamp":747128403474},{"currentFrameRate":109.789,"devices":[],"gestures":[],"hands":[{"armBasis":[[0.949637,-0.312104,-0.0279472],[0.258836,0.731024,0.631354],[-0.176618,-0.606791,0.774991]],"armWidth":64.3496,"confidence":1,"direction":[0.000711037,0.905231,-0.424918],"elbow":[-2.49973,-130.977,268.531],"grabAngle":0.150299,"grabStrength":0,"id":743,"palmNormal":[-0.281266,-0.407583,-0.868772],"palmPosition":[37.862,93.2458,26.0156],"palmVelocity":[-10.9528,3.29678,-8.42767],"palmWidth":89.2012,"pinchDistance":50.407,"pinchStrength":0,"r":[[0.981209,-0.190617,0.0298925],[0.192912,0.966233,-0.170819],[0.00367805,0.173376,0.984849]],"s":0.955002,"sphereCenter":[46.6965,122.429,-4.667],"sphereRadius":54.625,"stabilizedPalmPosition":[38.0741,92.4387,26.1451],"t":[20.5301,-33.3309,-27.8808],"timeVisible":4.44865,"type":"right","wrist":[44.2496,29.6353,63.3968]}],"id":1338501,"interactionBox":{"center":[0,200,0],"size":[235.247,235.247,147.751]},"pointables":[{"bases":[[[0.637863,0.492853,0.5918],[-0.646796,-0.0743207,0.759034],[0.418075,-0.866933,0.271368]],[[0.526122,0.677028,0.514616],[-0.705754,0.00999305,0.708387],[0.474455,-0.73589,0.483072]],[[0.526122,0.677028,0.514616],[-0.82465,0.258357,0.503194],[0.207721,-0.689119,0.694238]],[[0.526122,0.677028,0.514616],[-0.835012,0.525904,0.161804],[-0.161092,-0.514839,0.842016]]],"btipPosition":[-10.0877,113.119,-16.6653],"carpPosition":[16.3871,42.158,49.6237],"dipPosition":[-13.7946,101.272,2.71041],"direction":[-0.207721,0.689119,-0.694238],"extended":false,"handId":743,"id":7430,"length":51.2425,"mcpPosition":[16.3871,42.158,49.6237],"pipPosition":[-6.83096,78.1697,25.984],"stabilizedTipPosition":[-12.0138,109.886,-10.7333],"timeVisible":4.44865,"tipPosition":[-10.3057,111.404,-10.4528],"tipVelocity":[11.503,-26.879,-24.7642],"tool":false,"touchDistance":0.264346,"touchZone":"hovering","type":0,"width":20.7127},{"bases":[[[0.946126,0.0335628,-0.322055],[0.254357,0.538442,0.803357],[0.200371,-0.841994,0.500897]],[[0.945961,0.0342548,-0.322467],[0.245755,0.573056,0.7818],[0.211572,-0.8188,0.53367]],[[0.945961,0.0342548,-0.322467],[0.202345,0.714717,0.669505],[0.253406,-0.698575,0.669163]],[[0.945961,0.0342548,-0.322467],[0.178263,0.775746,0.605343],[0.270888,-0.630114,0.727719]]],"btipPosition":[-4.58781,181.019,-26.9885],"carpPosition":[29.3737,58.5171,59.8089],"dipPosition":[-0.0371333,170.434,-14.7635],"direction":[-0.253406,0.698575,-0.669163],"extended":true,"handId":743,"id":7431,"length":57.8214,"mcpPosition":[14.9223,119.244,23.6825],"pipPosition":[5.98509,153.832,1.13925],"stabilizedTipPosition":[-3.01352,177.5,-23.5489],"timeVisible":4.44865,"tipPosition":[0.645229,177.292,-24.8888],"tipVelocity":[-24.5364,-14.9653,-34.464],"tool":false,"touchDistance":0.332415,"touchZone":"hovering","type":1,"width":19.7848},{"bases":[[[0.907181,-0.172789,-0.383623],[0.414986,0.517748,0.748146],[0.0693493,-0.837903,0.541396]],[[0.907717,-0.179628,-0.379188],[0.416736,0.491053,0.764982],[0.0487893,-0.852409,0.520595]],[[0.907717,-0.179628,-0.379188],[0.413576,0.535412,0.736403],[0.0707434,-0.825268,0.560293]],[[0.907717,-0.179628,-0.379188],[0.405869,0.605064,0.684958],[0.106395,-0.775649,0.622132]]],"btipPosition":[29.9812,195.415,-31.8478],"carpPosition":[40.9805,60.3027,57.0145],"dipPosition":[31.9471,181.084,-20.3527],"direction":[-0.0707434,0.825268,-0.560293],"extended":true,"handId":743,"id":7432,"length":65.8828,"mcpPosition":[36.2373,117.612,19.9849],"pipPosition":[33.925,158.01,-4.68718],"stabilizedTipPosition":[31.5388,192.743,-26.794],"timeVisible":4.44865,"tipPosition":[33.3775,193.007,-27.9995],"tipVelocity":[-46.1913,-19.2973,-44.9433],"tool":false,"touchDistance":0.293888,"touchZone":"hovering","type":2,"width":19.4313},{"bases":[[[0.873616,-0.332745,-0.355071],[0.480739,0.477106,0.735704],[-0.0753951,-0.813419,0.576771]],[[0.87638,-0.289294,-0.385055],[0.476975,0.410559,0.777133],[-0.0667321,-0.864725,0.497792]],[[0.87638,-0.289294,-0.385055],[0.480616,0.473715,0.737971],[-0.0310842,-0.831807,0.554194]],[[0.87638,-0.289294,-0.385055],[0.481229,0.558205,0.675889],[0.0194089,-0.777635,0.628416]]],"btipPosition":[60.2147,184.243,-31.2842],"carpPosition":[52.1631,59.3628,52.6419],"dipPosition":[60.5712,169.958,-19.7398],"direction":[0.0310842,0.831807,-0.554194],"extended":true,"handId":743,"id":7433,"length":63.3481,"mcpPosition":[56.793,109.314,17.2232],"pipPosition":[59.7246,147.301,-4.64495],"stabilizedTipPosition":[61.9745,181.274,-27.3171],"timeVisible":4.44865,"tipPosition":[61.8791,181.136,-28.1969],"tipVelocity":[-53.0712,-3.18117,-29.8897],"tool":false,"touchDistance":0.311678,"touchZone":"hovering","type":3,"width":18.4901},{"bases":[[[0.767497,-0.49888,-0.402575],[0.602204,0.345793,0.719568],[-0.21977,-0.794699,0.565823]],[[0.778259,-0.455176,-0.432584],[0.580784,0.259838,0.771476],[-0.238755,-0.851645,0.46658]],[[0.778259,-0.455176,-0.432584],[0.599927,0.335487,0.726317],[-0.185476,-0.824781,0.534167]],[[0.778259,-0.455176,-0.432584],[0.613512,0.404325,0.678324],[-0.133852,-0.793307,0.593925]]],"btipPosition":[87.9091,156.99,-24.4359],"carpPosition":[61.2802,52.9006,44.2879],"dipPosition":[85.6406,143.545,-14.3702],"direction":[0.185476,0.824781,-0.534167],"extended":true,"handId":743,"id":7434,"length":49.6637,"mcpPosition":[73.7731,98.0755,12.1235],"pipPosition":[82.0737,127.684,-4.09771],"stabilizedTipPosition":[88.1625,153.817,-21.6475],"timeVisible":4.44865,"tipPosition":[86.4275,154.365,-21.5008],"tipVelocity":[-30.124,15.8798,-7.25959],"tool":false,"touchDistance":0.320473,"touchZone":"hovering","type":4,"width":16.4243}],"r":[[0.981209,-0.190617,0.0298925],[0.192912,0.966233,-0.170819],[0.00367805,0.173376,0.984849]],"s":0.955002,"t":[20.5301,-33.3309,-27.8808],"timestamp":747128412086},{"currentFrameRate":109.287,"devices":[],"gestures":[],"hands":[{"armBasis":[[0.95106,-0.307616,-0.029268],[0.256666,0.733677,0.629159],[-0.172066,-0.60588,0.776726]],"armWidth":64.3496,"confidence":1,"direction":[-0.000877627,0.903643,-0.428285],"elbow":[-1.19845,-130.56,269.143],"grabAngle":0.149522,"grabStrength":0,"id":743,"palmNormal":[-0.279539,-0.411433,-0.867514],"palmPosition":[37.8102,93.2797,25.9341],"palmVelocity":[-5.16546,3.37104,-8.10858],"palmWidth":89.2012,"pinchDistance":50.8473,"pinchStrength":0,"r":[[0.981312,-0.189932,0.0308543],[0.192399,0.966035,-0.17251],[0.00295898,0.175223,0.984524]],"s":0.953393,"sphereCenter":[46.5168,123.125,-3.69615],"sphereRadius":54.3437,"stabilizedPalmPosition":[38.0639,92.4714,26.1369],"t":[20.4606,-33.2983,-27.9581],"timeVisible":4.45869,"type":"right","wrist":[44.346,29.8112,63.5495]}],"id":1338502,"interactionBox":{"center":[0,200,0],"size":[235.247,235.247,147.751]},"pointables":[{"bases":[[[0.636211,0.496457,0.590564],[-0.647354,-0.0729226,0.758693],[0.419724,-0.864993,0.274989]],[[0.524438,0.679702,0.512806],[-0.706762,0.0116472,0.707355],[0.474818,-0.733396,0.486496]],[[0.524438,0.679702,0.512806],[-0.826081,0.26026,0.499855],[0.206289,-0.685762,0.69798]],[[0.524438,0.679702,0.512806],[-0.835504,0.526825,0.156171],[-0.164009,-0.510353,0.84418]]],"btipPosition":[-9.95213,112.856,-16.9198],"carpPosition":[16.4253,42.2328,49.712],"dipPosition":[-13.7262,101.112,2.50573],"direction":[-0.206289,0.685762,-0.69798],"extended":false,"handId":743,"id":7430,"length":51.2425,"mcpPosition":[16.4253,42.2328,49.712],"pipPosition":[-6.81055,78.1225,25.9047],"stabilizedTipPosition":[-11.9729,109.896,-10.7923],"timeVisible":4.45869,"tipPosition":[-10.3681,111.184,-10.6688],"tipVelocity":[11.9558,-23.8178,-24.1949],"tool":false,"touchDistance":0.260295,"touchZone":"hovering","type":0,"width":20.7127},{"bases":[[[0.946356,0.0344514,-0.321283],[0.252404,0.541987,0.801587],[0.201747,-0.83968,0.504218]],[[0.946381,0.0343491,-0.321222],[0.243384,0.578039,0.778868],[0.212432,-0.815286,0.538685]],[[0.946381,0.0343491,-0.321222],[0.202175,0.712566,0.671844],[0.251969,-0.700763,0.667415]],[[0.946381,0.0343491,-0.321222],[0.177088,0.776467,0.604764],[0.270191,-0.629221,0.728751]]],"btipPosition":[-4.68517,180.882,-27.376],"carpPosition":[29.3661,58.6583,59.8484],"dipPosition":[-0.146195,170.312,-15.1337],"direction":[-0.251969,0.700763,-0.667414],"extended":true,"handId":743,"id":7431,"length":57.8214,"mcpPosition":[14.8154,119.219,23.4826],"pipPosition":[5.84188,153.658,0.727499],"stabilizedTipPosition":[-3.03937,177.539,-23.5905],"timeVisible":4.45869,"tipPosition":[0.415155,177.067,-25.3102],"tipVelocity":[-9.95988,-13.3058,-38.182],"tool":false,"touchDistance":0.326022,"touchZone":"hovering","type":1,"width":19.7848},{"bases":[[[0.907925,-0.172213,-0.38212],[0.413131,0.521443,0.746606],[0.0706784,-0.835727,0.544577]],[[0.908452,-0.178775,-0.377829],[0.414869,0.495895,0.762871],[0.0509815,-0.849781,0.524665]],[[0.908452,-0.178775,-0.377829],[0.411669,0.539266,0.734657],[0.0724125,-0.822941,0.563493]],[[0.908452,-0.178775,-0.377829],[0.404116,0.606597,0.684638],[0.106794,-0.774648,0.62331]]],"btipPosition":[29.7235,195.215,-32.3256],"carpPosition":[40.9716,60.4591,57.0584],"dipPosition":[31.6967,180.902,-20.8087],"direction":[-0.0724125,0.822941,-0.563493],"extended":true,"handId":743,"id":7432,"length":65.8828,"mcpPosition":[36.1375,117.62,19.8113],"pipPosition":[33.7213,157.893,-5.05371],"stabilizedTipPosition":[31.4886,192.712,-26.9004],"timeVisible":4.45869,"tipPosition":[33.1488,192.827,-28.4596],"tipVelocity":[-25.4888,-19.5346,-47.0654],"tool":false,"touchDistance":0.286008,"touchZone":"hovering","type":2,"width":19.4313},{"bases":[[[0.874685,-0.332135,-0.353004],[0.478985,0.480899,0.734377],[-0.0741532,-0.811432,0.579724]],[[0.87743,-0.287312,-0.384146],[0.475377,0.41346,0.776574],[-0.0642897,-0.864004,0.499363]],[[0.87743,-0.287312,-0.384146],[0.478915,0.478721,0.735844],[-0.0275176,-0.829625,0.557642]],[[0.87743,-0.287312,-0.384146],[0.479137,0.563833,0.672696],[0.0233213,-0.774302,0.632386]]],"btipPosition":[59.8594,184.134,-31.6434],"carpPosition":[52.1604,59.5276,52.6999],"dipPosition":[60.2878,169.909,-20.0261],"direction":[0.0275176,0.829625,-0.557642],"extended":true,"handId":743,"id":7433,"length":63.3481,"mcpPosition":[56.714,109.356,17.0999],"pipPosition":[59.5383,147.312,-4.8373],"stabilizedTipPosition":[61.8158,181.242,-27.4473],"timeVisible":4.45869,"tipPosition":[61.6677,181.019,-28.5864],"tipVelocity":[-33.7213,-9.50658,-34.0881],"tool":false,"touchDistance":0.305971,"touchZone":"hovering","type":3,"width":18.4901},{"bases":[[[0.768978,-0.49868,-0.39999],[0.600754,0.349796,0.718844],[-0.218558,-0.793071,0.568569]],[[0.779972,-0.453662,-0.431084],[0.57902,0.26178,0.772145],[-0.237443,-0.851858,0.466861]],[[0.779972,-0.453662,-0.431084],[0.598347,0.338761,0.726101],[-0.183369,-0.824276,0.535672]],[[0.779972,-0.453662,-0.431084],[0.611856,0.40813,0.677541],[-0.131436,-0.792225,0.595906]]],"btipPosition":[87.7326,157.031,-24.5736],"carpPosition":[61.2997,53.0545,44.3786],"dipPosition":[85.5051,143.604,-14.4743],"direction":[0.183369,0.824276,-0.535672],"extended":true,"handId":743,"id":7434,"length":49.6637,"mcpPosition":[73.7237,98.1368,12.0581],"pipPosition":[81.9787,127.753,-4.17286],"stabilizedTipPosition":[88.0615,153.831,-21.7121],"timeVisible":4.45869,"tipPosition":[86.2958,154.324,-21.7686],"tipVelocity":[-16.6279,4.47134,-12.935],"tool":false,"touchDistance":0.318308,"touchZone":"hovering","type":4,"width":16.4243}],"r