{"frames":96,"data":[{"currentFrameRate":115.188,"devices":[],"gestures":[],"hands":[{"armBasis":[[0.966423,-0.256697,-0.0115722],[0.229747,0.843035,0.486321],[-0.115082,-0.47265,0.873703]],"armWidth":64.3496,"confidence":1,"direction":[-0.0168512,0.88784,-0.459844],"elbow":[7.99584,-111.141,309.76],"grabAngle":0.309657,"grabStrength":0,"id":744,"palmNormal":[-0.279445,-0.445764,-0.850415],"palmPosition":[30.2978,75.0338,37.6603],"palmVelocity":[15.1011,-53.7062,-18.057],"palmWidth":89.2012,"pinchDistance":46.8221,"pinchStrength":0,"r":[[0.992919,0.0918369,0.0753566],[-0.0779836,0.982402,-0.169718],[-0.0896169,0.16264,0.982607]],"s":1.00579,"sphereCenter":[-8.36325,-15.5396,-140.15],"sphereRadius":205.33,"stabilizedPalmPosition":[30.0123,77.8768,38.3594],"t":[-1.7727,-63.6939,-4.53436],"timeVisible":3.06139,"type":"right","wrist":[38.457,13.9655,78.4982]}],"id":1339341,"interactionBox":{"center":[0,200,0],"size":[235.247,235.247,147.751]},"pointables":[{"bases":[[[0.632962,0.526008,0.568045],[-0.641065,-0.0552566,0.765495],[0.434044,-0.848683,0.30223]],[[0.568718,0.635546,0.522151],[-0.61587,-0.0917621,0.782486],[0.545219,-0.766591,0.339227]],[[0.568718,0.635546,0.522151],[-0.807568,0.310896,0.501177],[0.156186,-0.706701,0.690058]],[[0.568718,0.635546,0.522151],[-0.796135,0.584862,0.155261],[-0.206711,-0.504002,0.838602]]],"btipPosition":[-17.3451,97.3635,4.34653],"carpPosition":[9.81516,24.5604,63.3776],"dipPosition":[-22.1018,85.7658,23.6437],"direction":[-0.156186,0.706701,-0.690058],"extended":false,"handId":744,"id":7440,"length":51.2425,"mcpPosition":[9.81516,24.5604,63.3776],"pipPosition":[-16.8658,62.0745,46.7771],"stabilizedTipPosition":[-19.0242,97.9843,9.57117],"timeVisible":3.06139,"tipPosition":[-17.7627,94.3742,7.73842],"tipVelocity":[20.1961,-62.9538,-10.3997],"tool":false,"touchDistance":0.217968,"touchZone":"hovering","type":0,"width":20.7127},{"bases":[[[0.943556,0.0365202,-0.329194],[0.249978,0.573509,0.780127],[0.217286,-0.818385,0.532008]],[[0.968229,-0.1426,-0.20542],[0.249879,0.58335,0.772828],[0.00962642,-0.799605,0.600449]],[[0.968229,-0.1426,-0.20542],[0.245565,0.697334,0.673367],[0.0472243,-0.702417,0.710197]],[[0.968229,-0.1426,-0.20542],[0.23917,0.767908,0.594235],[0.0730058,-0.624486,0.777617]]],"btipPosition":[4.15894,161.501,-20.8412],"carpPosition":[22.5857,41.516,72.8343],"dipPosition":[5.38537,151.011,-7.77798],"direction":[-0.0472243,0.702417,-0.710197],"extended":true,"handId":744,"id":7441,"length":57.8214,"mcpPosition":[6.9143,100.541,34.4641],"pipPosition":[6.50767,134.318,9.09993],"stabilizedTipPosition":[3.84978,163.882,-15.6817],"timeVisible":3.06139,"tipPosition":[3.44065,161.392,-15.13],"tipVelocity":[30.0089,-114.234,-103.938],"tool":false,"touchDistance":0.217754,"touchZone":"hovering","type":1,"width":19.7848},{"bases":[[[0.907704,-0.17269,-0.382428],[0.410609,0.55332,0.724733],[0.0864506,-0.814871,0.573159]],[[0.910633,-0.289257,-0.295091],[0.412266,0.587561,0.696283],[-0.0280204,-0.755714,0.654303]],[[0.910633,-0.289257,-0.295091],[0.412294,0.683729,0.602103],[0.0276,-0.669959,0.741885]],[[0.910633,-0.289257,-0.295091],[0.408333,0.739386,0.535324],[0.0633403,-0.607979,0.791422]]],"btipPosition":[27.6177,164.896,-35.6787],"carpPosition":[34.1447,43.3818,69.8979],"dipPosition":[28.7881,153.663,-21.0557],"direction":[-0.0276,0.669959,-0.741885],"extended":true,"handId":744,"id":7442,"length":65.8828,"mcpPosition":[28.2318,99.1161,30.6959],"pipPosition":[29.5597,134.931,-0.312906],"stabilizedTipPosition":[26.8942,166.98,-29.7824],"timeVisible":3.06139,"tipPosition":[26.2099,166.963,-27.3108],"tipVelocity":[21.3462,-137.493,-113.602],"tool":false,"touchDistance":0.194819,"touchZone":"hovering","type":2,"width":19.4313},{"bases":[[[0.876979,-0.33194,-0.347453],[0.476957,0.51331,0.71346],[-0.0584751,-0.791409,0.608483]],[[0.87487,-0.355166,-0.329332],[0.482046,0.572099,0.663577],[-0.0472694,-0.739297,0.671718]],[[0.87487,-0.355166,-0.329332],[0.482759,0.694607,0.533353],[0.0393277,-0.625603,0.77915]],[[0.87487,-0.355166,-0.329332],[0.477994,0.742944,0.468567],[0.0782565,-0.567355,0.819747]]],"btipPosition":[48.4746,150.995,-37.6629],"carpPosition":[45.316,42.456,65.4934],"dipPosition":[49.9122,140.573,-22.6035],"direction":[-0.0393277,0.625603,-0.77915],"extended":true,"handId":744,"id":7443,"length":63.3481,"mcpPosition":[48.9068,91.0553,28.1274],"pipPosition":[50.9834,123.533,-1.38146],"stabilizedTipPosition":[48.6932,154.116,-31.222],"timeVisible":3.06139,"tipPosition":[48.4327,153.964,-28.8638],"tipVelocity":[-1.09169,-148.41,-106.733],"tool":false,"touchDistance":0.174364,"touchZone":"hovering","type":3,"width":18.4901},{"bases":[[[0.773374,-0.501526,-0.387768],[0.600501,0.383483,0.701669],[-0.203203,-0.775508,0.597743]],[[0.782203,-0.463883,-0.415898],[0.609609,0.432086,0.664589],[-0.128588,-0.773378,0.620766]],[[0.782203,-0.463883,-0.415898],[0.623016,0.579197,0.52572],[-0.00298612,-0.670331,0.742056]],[[0.782203,-0.463883,-0.415898],[0.620197,0.643276,0.448945],[0.0592794,-0.609104,0.790872]]],"btipPosition":[69.5656,130.009,-25.8955],"carpPosition":[54.4912,35.8234,57.3389],"dipPosition":[70.5703,119.686,-12.492],"direction":[0.00298612,0.670331,-0.742056],"extended":true,"handId":744,"id":7444,"length":49.6637,"mcpPosition":[66.0423,79.9073,23.3601],"pipPosition":[70.5128,106.795,1.77839],"stabilizedTipPosition":[70.6763,133.618,-19.8134],"timeVisible":3.06139,"tipPosition":[69.372,131.57,-18.4478],"tipVelocity":[-15.5993,-128.256,-83.6523],"tool":false,"touchDistance":0.18065,"touchZone":"hovering","type":4,"width":16.4243}],"r":[[0.992919,0.0918369,0.0753566],[-0.0779836,0.982402,-0.169718],[-0.0896169,0.16264,0.982607]],"s":1.00579,"t":[-1.7727,-63.6939,-4.53436],"timestamp":747135800792},{"currentFrameRate":115.308,"devices":[],"gestures":[],"hands":[{"armBasis":[[0.965877,-0.258798,-0.0102266],[0.231401,0.844545,0.482906],[-0.116338,-0.468794,0.875613]],"armWidth":64.3496,"confidence":1,"direction":[-0.0165598,0.88523,-0.464858],"elbow":[7.69333,-110.339,310.488],"grabAngle":0.316093,"grabStrength":0,"id":744,"palmNormal":[-0.280837,-0.450324,-0.847549],"palmPosition":[30.3575,74.6006,37.5586],"palmVelocity":[7.04699,-51.1563,-12.0104],"palmWidth":89.2012,"pinchDistance":46.6784,"pinchStrength":0,"r":[[0.992832,0.0919443,0.0763614],[-0.0777736,0.982133,-0.171363],[-0.0907529,0.164195,0.982244]],"s":1.00369,"sphereCenter":[-9.62842,-16.7683,-139.058],"sphereRadius":204.862,"stabilizedPalmPosition":[30.0502,77.5169,38.2714],"t":[-1.67961,-64.1431,-4.66185],"timeVisible":3.06986,"type":"right","wrist":[38.4872,13.7466,78.7207]}],"id":1339342,"interactionBox":{"center":[0,200,0],"size":[235.247,235.247,147.751]},"pointables":[{"bases":[[[0.634103,0.528634,0.564323],[-0.640233,-0.0503131,0.766531],[0.433607,-0.847357,0.306546]],[[0.571072,0.636228,0.51874],[-0.613674,-0.0888396,0.784545],[0.545234,-0.766369,0.339703]],[[0.571072,0.636228,0.51874],[-0.806097,0.315159,0.500881],[0.155189,-0.704194,0.69284]],[[0.571072,0.636228,0.51874],[-0.794187,0.588091,0.153021],[-0.20771,-0.499362,0.841127]]],"btipPosition":[-17.2468,96.8945,4.3798],"carpPosition":[9.85781,24.2931,63.5855],"dipPosition":[-22.0264,85.4036,23.7351],"direction":[-0.155189,0.704194,-0.69284],"extended":false,"handId":744,"id":7440,"length":51.2425,"mcpPosition":[9.85781,24.2931,63.5855],"pipPosition":[-16.8239,61.7963,46.9618],"stabilizedTipPosition":[-18.9543,97.5996,9.49495],"timeVisible":3.06986,"tipPosition":[-17.7292,93.8223,7.60181],"tipVelocity":[10.9854,-52.4766,5.5056],"tool":false,"touchDistance":0.218746,"touchZone":"hovering","type":0,"width":20.7127},{"bases":[[[0.943209,0.0337718,-0.330478],[0.251408,0.577695,0.776571],[0.217142,-0.815554,0.536397]],[[0.96787,-0.146157,-0.204612],[0.251314,0.589227,0.767888],[0.00833067,-0.794638,0.607027]],[[0.96787,-0.146157,-0.204612],[0.247188,0.702249,0.66764],[0.0461083,-0.696767,0.715814]],[[0.96787,-0.146157,-0.204612],[0.24092,0.772048,0.588132],[0.0720107,-0.61853,0.782454]]],"btipPosition":[4.33654,160.627,-21.5535],"carpPosition":[22.6549,41.2902,72.9311],"dipPosition":[5.54625,150.236,-8.40896],"direction":[-0.0461083,0.696767,-0.715814],"extended":true,"handId":744,"id":7441,"length":57.8214,"mcpPosition":[6.99392,100.111,34.2444],"pipPosition":[6.64202,133.678,8.60244],"stabilizedTipPosition":[3.90665,163.462,-15.8934],"timeVisible":3.06986,"tipPosition":[3.53498,160.648,-15.7307],"tipVelocity":[20.5159,-100.503,-81.894],"tool":false,"touchDistance":0.206195,"touchZone":"hovering","type":1,"width":19.7848},{"bases":[[[0.907103,-0.175704,-0.382483],[0.411955,0.557042,0.721108],[0.0863574,-0.811685,0.577677]],[[0.909956,-0.292901,-0.29358],[0.413741,0.592938,0.690828],[-0.0282692,-0.750089,0.660733]],[[0.909956,-0.292901,-0.29358],[0.41376,0.688999,0.595049],[0.0279858,-0.66294,0.748149]],[[0.909956,-0.292901,-0.29358],[0.409688,0.7447,0.526857],[0.0643122,-0.599693,0.797642]]],"btipPosition":[27.6747,163.809,-36.5095],"carpPosition":[34.2123,43.1285,69.9709],"dipPosition":[28.863,152.729,-21.7715],"direction":[-0.0279858,0.66294,-0.748149],"extended":true,"handId":744,"id":7442,"length":65.8828,"mcpPosition":[28.3057,98.6449,30.4599],"pipPosition":[29.6455,134.193,-0.853609],"stabilizedTipPosition":[27.0053,166.377,-30.1343],"timeVisible":3.06986,"tipPosition":[26.3131,166.066,-28.0324],"tipVelocity":[7.21575,-124.214,-94.9744],"tool":false,"touchDistance":0.181413,"touchZone":"hovering","type":2,"width":19.4313},{"bases":[[[0.876271,-0.334724,-0.346568],[0.478254,0.516907,0.709986],[-0.0585058,-0.787888,0.613033]],[[0.874147,-0.357968,-0.328215],[0.483497,0.57771,0.657634],[-0.0457984,-0.73356,0.67808]],[[0.874147,-0.357968,-0.328215],[0.483785,0.701167,0.523753],[0.0426468,-0.616623,0.786102]],[[0.874147,-0.357968,-0.328215],[0.478649,0.749435,0.45743],[0.0822311,-0.556961,0.826458]]],"btipPosition":[48.31,149.803,-38.4689],"carpPosition":[45.3776,42.1673,65.559],"dipPosition":[49.8207,139.571,-23.2863],"direction":[-0.0426468,0.616623,-0.786102],"extended":true,"handId":744,"id":7443,"length":63.3481,"mcpPosition":[48.9703,90.5503,27.9135],"pipPosition":[50.9823,122.776,-1.87481],"stabilizedTipPosition":[48.6889,153.326,-31.6668],"timeVisible":3.06986,"tipPosition":[48.4933,152.98,-29.5843],"tipVelocity":[-17.4467,-135.624,-91.8233],"tool":false,"touchDistance":0.161631,"touchZone":"hovering","type":3,"width":18.4901},{"bases":[[[0.772462,-0.50444,-0.385802],[0.601664,0.3869,0.698791],[-0.203231,-0.771913,0.602369]],[[0.781458,-0.466177,-0.414732],[0.611152,0.437893,0.659351],[-0.125766,-0.768719,0.6271]],[[0.781458,-0.466177,-0.414732],[0.623951,0.587107,0.515743],[0.00306396,-0.661804,0.749671]],[[0.781458,-0.466177,-0.414732],[0.620284,0.652434,0.435405],[0.0676088,-0.597502,0.799012]]],"btipPosition":[69.2577,128.938,-26.5702],"carpPosition":[54.5372,35.48,57.4318],"dipPosition":[70.4035,118.812,-13.0287],"direction":[-0.00306396,0.661804,-0.749671],"extended":true,"handId":744,"id":7444,"length":49.6637,"mcpPosition":[66.09,79.3596,23.19],"pipPosition":[70.4624,106.085,1.38804],"stabilizedTipPosition":[70.5615,132.921,-20.1754],"timeVisible":3.06986,"tipPosition":[69.4221,130.666,-19.0398],"tipVelocity":[-32.5264,-121.052,-75.9254],"tool":false,"touchDistance":0.169933,"touchZone":"hovering","type":4,"width":16.4243}],"r":[[0.992832,0.0919443,0.0763614],[-0.0777736,0.982133,-0.171363],[-0.0907529,0.164195,0.982244]],"s":1.00369,"t":[-1.67961,-64.1431,-4.66185],"timestamp":747135809261},{"currentFrameRate":115.125,"devices":[],"gestures":[],"hands":[{"armBasis":[[0.964948,-0.262272,-0.009428],[0.234595,0.845902,0.478973],[-0.117646,-0.464396,0.877779]],"armWidth":64.3496,"confidence":1,"direction":[-0.0166354,0.883702,-0.467753],"elbow":[7.3192,-109.525,311.306],"grabAngle":0.322457,"grabStrength":0,"id":744,"palmNormal":[-0.284683,-0.452641,-0.845028],"palmPosition":[30.3317,74.1177,37.6221],"palmVelocity":[-2.86371,-53.6723,7.06526],"palmWidth":89.2012,"pinchDistance":46.5837,"pinchStrength":0,"r":[[0.99285,0.0917234,0.0763929],[-0.0773726,0.981829,-0.173278],[-0.0908985,0.166129,0.981906]],"s":1.00139,"sphereCenter":[-10.9611,-17.0438,-137.272],"sphereRadius":203.501,"stabilizedPalmPosition":[30.0823,77.1301,38.1975],"t":[-1.64594,-64.6091,-4.69381],"timeVisible":3.07886,"type":"right","wrist":[38.4592,13.3964,78.9647]}],"id":1339343,"interactionBox":{"center":[0,200,0],"size":[235.247,235.247,147.751]},"pointables":[{"bases":[[[0.63707,0.529367,0.560279],[-0.637571,-0.0465961,0.768981],[0.43318,-0.847113,0.307824]],[[0.574889,0.635694,0.515166],[-0.610009,-0.0866449,0.787643],[0.545336,-0.767063,0.337968]],[[0.574889,0.635694,0.515166],[-0.803491,0.319624,0.502237],[0.154609,-0.702662,0.694523]],[[0.574889,0.635694,0.515166],[-0.791265,0.592226,0.152214],[-0.208333,-0.495139,0.843466]]],"btipPosition":[-17.2407,96.4214,4.65931],"carpPosition":[9.83512,23.9345,63.8904],"dipPosition":[-22.0347,85.0277,24.0684],"direction":[-0.154609,0.702662,-0.694523],"extended":false,"handId":744,"id":7440,"length":51.2425,"mcpPosition":[9.83512,23.9345,63.8904],"pipPosition":[-16.8516,61.4718,47.3515],"stabilizedTipPosition":[-18.8945,97.2275,9.45856],"timeVisible":3.07886,"tipPosition":[-17.8328,93.3313,7.78763],"tipVelocity":[0.31117,-50.1035,32.4471],"tool":false,"touchDistance":0.22361,"touchZone":"hovering","type":0,"width":20.7127},{"bases":[[[0.942078,0.0309623,-0.333963],[0.255228,0.579828,0.77373],[0.217597,-0.81415,0.53834]],[[0.966874,-0.150123,-0.206438],[0.255138,0.592609,0.764015],[0.00764074,-0.791377,0.611281]],[[0.966874,-0.150123,-0.206438],[0.251087,0.704882,0.663398],[0.0459231,-0.693257,0.719226]],[[0.966874,-0.150123,-0.206438],[0.24482,0.774269,0.583584],[0.0722293,-0.614793,0.785374]]],"btipPosition":[4.3748,159.891,-21.8014],"carpPosition":[22.6962,40.9396,73.1332],"dipPosition":[5.58819,149.563,-8.60785],"direction":[-0.0459231,0.693256,-0.719226],"extended":true,"handId":744,"id":7441,"length":57.8214,"mcpPosition":[7.00231,99.6588,34.3063],"pipPosition":[6.67955,133.088,8.48463],"stabilizedTipPosition":[3.96814,162.973,-16.1299],"timeVisible":3.07886,"tipPosition":[3.48769,160.004,-15.8944],"tipVelocity":[4.34695,-80.1843,-26.3074],"tool":false,"touchDistance":0.20225,"touchZone":"hovering","type":1,"width":19.7848},{"bases":[[[0.905408,-0.17862,-0.385137],[0.415538,0.5587,0.717762],[0.0869689,-0.809907,0.580075]],[[0.90831,-0.296494,-0.295065],[0.417387,0.595918,0.686054],[-0.0275764,-0.746307,0.665031]],[[0.90831,-0.296494,-0.295065],[0.41723,0.692524,0.588498],[0.0298534,-0.657649,0.752733]],[[0.90831,-0.296494,-0.295065],[0.412904,0.748425,0.519008],[0.0669514,-0.593254,0.802226]]],"btipPosition":[27.5329,162.86,-36.9354],"carpPosition":[34.2461,42.7471,70.1256],"dipPosition":[28.77,151.899,-22.1128],"direction":[-0.0298534,0.657649,-0.752733],"extended":true,"handId":744,"id":7442,"length":65.8828,"mcpPosition":[28.2978,98.1419,30.4505],"pipPosition":[29.6047,133.511,-1.06672],"stabilizedTipPosition":[27.0966,165.698,-30.5154],"timeVisible":3.07886,"tipPosition":[26.246,165.278,-28.3561],"tipVelocity":[-14.5158,-102.464,-45.185],"tool":false,"touchDistance":0.174638,"touchZone":"hovering","type":2,"width":19.4313},{"bases":[[[0.87442,-0.337463,-0.348581],[0.481724,0.518408,0.706538],[-0.0577235,-0.78573,0.61587]],[[0.872326,-0.360588,-0.330187],[0.487015,0.581211,0.651928],[-0.0431693,-0.7295,0.682617]],[[0.872326,-0.360588,-0.330187],[0.486583,0.706283,0.5142],[0.0477907,-0.609214,0.791565]],[[0.872326,-0.360588,-0.330187],[0.480936,0.754418,0.446714],[0.0880192,-0.548479,0.831519]]],"btipPosition":[47.9163,148.718,-38.9662],"carpPosition":[45.3938,41.751,65.6769],"dipPosition":[49.5332,138.642,-23.6906],"direction":[-0.0477907,0.609214,-0.791565],"extended":true,"handId":744,"id":7443,"length":63.3481,"mcpPosition":[48.9385,90.0015,27.8572],"pipPosition":[50.8349,122.049,-2.13042],"stabilizedTipPosition":[48.6376,152.44,-32.1515],"timeVisible":3.07886,"tipPosition":[48.3653,152.078,-30.0025],"tipVelocity":[-41.0521,-116.605,-52.9101],"tool":false,"touchDistance":0.155805,"touchZone":"hovering","type":3,"width":18.4901},{"bases":[[[0.770166,-0.507121,-0.386875],[0.604859,0.388141,0.695336],[-0.202457,-0.769529,0.60567]],[[0.77933,-0.467992,-0.416688],[0.614629,0.441481,0.653701],[-0.121967,-0.765557,0.631701]],[[0.77933,-0.467992,-0.416688],[0.626526,0.593126,0.505635],[0.0105149,-0.655122,0.75545]],[[0.77933,-0.467992,-0.416688],[0.621799,0.659856,0.421848],[0.0775321,-0.587855,0.805242]]],"btipPosition":[68.7451,127.941,-27.027],"carpPosition":[54.5122,35.02,57.5394],"dipPosition":[70.0591,117.978,-13.3799],"direction":[-0.0105149,0.655122,-0.75545],"extended":true,"handId":744,"id":7444,"length":49.6637,"mcpPosition":[66.021,78.7641,23.1099],"pipPosition":[70.2613,105.38,1.148],"stabilizedTipPosition":[70.3963,132.128,-20.5803],"timeVisible":3.07886,"tipPosition":[69.2871,129.806,-19.4282],"tipVelocity":[-52.6765,-106.691,-48.0754],"tool":false,"touchDistance":0.164234,"touchZone":"hovering","type":4,"width":16.4243}],"r":[[0.99285,0.0917234,0.0763929],[-0.0773726,0.981829,-0.173278],[-0.0908985,0.166129,0.981906]],"s":1.00139,"t":[-1.64594,-64.6091,-4.69381],"timestamp":747135818257},{"currentFrameRate":115.286,"devices":[],"gestures":[],"hands":[{"armBasis":[[0.963926,-0.266034,-0.00852265],[0.237968,0.847007,0.475343],[-0.119239,-0.460224,0.879759]],"armWidth":64.3496,"confidence":1,"direction":[-0.0170136,0.882916,-0.469223],"elbow":[6.9275,-108.652,311.921],"grabAngle":0.32761,"grabStrength":0,"id":744,"palmNormal":[-0.289123,-0.453587,-0.84301],"palmPosition":[30.3467,73.8106,37.627],"palmVelocity":[1.78833,-36.5479,0.57407],"palmWidth":89.2012,"pinchDistance":46.493,"pinchStrength":0,"r":[[0.992963,0.0912075,0.075538],[-0.0768396,0.98155,-0.175088],[-0.0901137,0.168051,0.981651]],"s":0.998982,"sphereCenter":[-12.1544,-16.7359,-135.618],"sphereRadius":202.027,"stabilizedPalmPosition":[30.1098,76.7851,38.1382],"t":[-1.6216,-64.9956,-4.70739],"timeVisible":3.08726,"type":"right","wrist":[38.489,13.1657,79.0559]}],"id":1339344,"interactionBox":{"center":[0,200,0],"size":[235.247,235.247,147.751]},"pointables":[{"bases":[[[0.64043,0.529167,0.556625],[-0.634362,-0.0440822,0.771779],[0.432937,-0.847372,0.307452]],[[0.579034,0.634352,0.512169],[-0.606027,-0.0853461,0.790852],[0.54539,-0.768319,0.335016]],[[0.579034,0.634352,0.512169],[-0.800621,0.323726,0.504191],[0.154032,-0.701997,0.695324]],[[0.579034,0.634352,0.512169],[-0.788025,0.596584,0.151999],[-0.209131,-0.491615,0.845328]]],"btipPosition":[-17.1702,96.156,4.91396],"carpPosition":[9.87059,23.7111,64.0703],"dipPosition":[-21.9825,84.8434,24.3659],"direction":[-0.154032,0.701997,-0.695324],"extended":false,"handId":744,"id":7440,"length":51.2425,"mcpPosition":[9.87059,23.7111,64.0703],"pipPosition":[-16.8188,61.3098,47.6759],"stabilizedTipPosition":[-18.8473,96.947,9.45316],"timeVisible":3.08726,"tipPosition":[-17.9135,93.0662,7.98015],"tipVelocity":[7.8886,-29.367,31.4808],"tool":false,"touchDistance":0.228019,"touchZone":"hovering","type":0,"width":20.7127},{"bases":[[[0.940696,0.028645,-0.338038],[0.259597,0.580703,0.771617],[0.218403,-0.813611,0.538829]],[[0.965712,-0.153545,-0.209342],[0.259506,0.594312,0.761216],[0.00753398,-0.789441,0.61378]],[[0.965712,-0.153545,-0.209342],[0.255456,0.705761,0.66079],[0.0462846,-0.691611,0.720786]],[[0.965712,-0.153545,-0.209342],[0.249149,0.77477,0.581082],[0.0729699,-0.613315,0.78646]]],"btipPosition":[4.40624,159.476,-21.9025],"carpPosition":[22.8022,40.7085,73.2283],"dipPosition":[5.63207,149.173,-8.69066],"direction":[-0.0462846,0.691611,-0.720786],"extended":true,"handId":744,"id":7441,"length":57.8214,"mcpPosition":[7.05028,99.3888,34.3662],"pipPosition":[6.73203,132.736,8.43888],"stabilizedTipPosition":[4.02542,162.506,-16.3474],"timeVisible":3.08726,"tipPosition":[3.44307,159.63,-15.9509],"tipVelocity":[4.08272,-48.7926,-11.5276],"tool":false,"touchDistance":0.200636,"touchZone":"hovering","type":1,"width":19.7848},{"bases":[[[0.903424,-0.180958,-0.388688],[0.419627,0.559182,0.715002],[0.087962,-0.809054,0.581114]],[[0.906449,-0.29943,-0.29781],[0.421483,0.597204,0.682422],[-0.0264843,-0.744103,0.66754]],[[0.906449,-0.29943,-0.29781],[0.421091,0.694471,0.583432],[0.0321233,-0.654257,0.75559]],[[0.906449,-0.29943,-0.29781],[0.416463,0.750769,0.512742],[0.0700565,-0.588802,0.805236]]],"btipPosition":[27.3888,162.263,-37.2183],"carpPosition":[34.3425,42.4896,70.1682],"dipPosition":[28.6832,151.383,-22.34],"direction":[-0.0321233,0.654257,-0.75559],"extended":true,"handId":744,"id":7442,"length":65.8828,"mcpPosition":[28.3262,97.826,30.4221],"pipPosition":[29.5814,133.091,-1.21406],"stabilizedTipPosition":[27.1573,165.087,-30.8531],"timeVisible":3.08726,"tipPosition":[26.1668,164.795,-28.5635],"tipVelocity":[-15.5836,-68.8542,-32.1397],"tool":false,"touchDistance":0.170138,"touchZone":"hovering","type":2,"width":19.4313},{"bases":[[[0.872301,-0.33968,-0.351723],[0.485691,0.518749,0.703565],[-0.0565315,-0.784549,0.617485]],[[0.87027,-0.362517,-0.333483],[0.49093,0.583067,0.647318],[-0.040221,-0.727059,0.685396]],[[0.87027,-0.362517,-0.333483],[0.489691,0.709884,0.506228],[0.0532178,-0.603859,0.795312]],[[0.87027,-0.362517,-0.333483],[0.483505,0.758016,0.437761],[0.0940895,-0.542211,0.834958]]],"btipPosition":[47.5296,147.991,-39.3559],"carpPosition":[45.4692,41.4651,65.6737],"dipPosition":[49.2581,138.031,-24.0172],"direction":[-0.0532178,0.603859,-0.795312],"extended":true,"handId":744,"id":7443,"length":63.3481,"mcpPosition":[48.9407,89.6431,27.7549],"pipPosition":[50.7076,121.583,-2.35485],"stabilizedTipPosition":[48.5538,151.644,-32.5856],"timeVisible":3.08726,"tipPosition":[48.227,151.484,-30.339],"tipVelocity":[-42.9642,-83.3321,-44.6506],"tool":false,"touchDistance":0.149552,"touchZone":"hovering","type":3,"width":18.4901},{"bases":[[[0.767574,-0.509212,-0.389274],[0.608538,0.388237,0.692065],[-0.201278,-0.768099,0.607875]],[[0.776931,-0.468929,-0.4201],[0.61845,0.443499,0.648712],[-0.117886,-0.763816,0.634577]],[[0.776931,-0.468929,-0.4201],[0.629333,0.597358,0.497096],[0.0178476,-0.650592,0.759218]],[[0.776931,-0.468929,-0.4201],[0.623511,0.665561,0.410198],[0.0872485,-0.580633,0.809477]]],"btipPosition":[68.2587,127.273,-27.4268],"carpPosition":[54.5404,34.7032,57.5091],"dipPosition":[69.7373,117.432,-13.708],"direction":[-0.0178476,0.650592,-0.759218],"extended":true,"handId":744,"id":7444,"length":49.6637,"mcpPosition":[65.9821,78.366,22.9543],"pipPosition":[70.0805,104.921,0.892385],"stabilizedTipPosition":[70.2149,131.409,-20.953],"timeVisible":3.08726,"tipPosition":[69.1469,129.227,-19.7934],"tipVelocity":[-53.3906,-76.1752,-45.625],"tool":false,"touchDistance":0.157845,"touchZone":"hovering","type":4,"width":16.4243}],"r":[[0.992963,0.0912075,0.075538],[-0.0768396,0.98155,-0.175088],[-0.0901137,0.168051,0.981651]],"s":0.998982,"t":[-1.6216,-64.9956,-4.70739],"timestamp":747135826659},{"currentFrameRate":115.311,"devices":[],"gestures":[],"hands":[{"armBasis":[[0.962944,-0.269615,-0.00686205],[0.240811,0.848054,0.472033],[-0.121448,-0.456193,0.881554]],"armWidth":64.3496,"confidence":1,"direction":[-0.0183974,0.882073,-0.470754],"elbow":[6.44856,-107.755,312.554],"grabAngle":0.331894,"grabStrength":0,"id":744,"palmNormal":[-0.29345,-0.454862,-0.840826],"palmPosition":[30.3808,73.5551,37.6996],"palmVelocity":[3.94971,-29.6147,8.42256],"palmWidth":89.2012,"pinchDistance":46.413,"pinchStrength":0,"r":[[0.993138,0.0906398,0.0738982],[-0.0763997,0.981273,-0.176823],[-0.0885415,0.169964,0.981465]],"s":0.99649,"sphereCenter":[-13.103,-16.2895,-133.781],"sphereRadius":200.387,"stabilizedPalmPosition":[30.1371,76.4592,38.094],"t":[-1.59239,-65.3166,-4.67783],"timeVisible":3.09589,"type":"right","wrist":[38.5948,12.9961,79.2139]}],"id":1339345,"interactionBox":{"center":[0,200,0],"size":[235.247,235.247,147.751]},"pointables":[{"bases":[[[0.64349,0.529598,0.552673],[-0.630806,-0.0420943,0.774798],[0.433596,-0.847204,0.306986]],[[0.582755,0.633595,0.508875],[-0.60177,-0.0843826,0.7942],[0.546141,-0.76905,0.332104]],[[0.582755,0.633595,0.508875],[-0.79795,0.327582,0.50593],[0.153856,-0.700891,0.696477]],[[0.582755,0.633595,0.508875],[-0.785143,0.600514,0.151438],[-0.209637,-0.487791,0.847415]]],"btipPosition":[-17.0774,95.8783,5.229],"carpPosition":[9.98259,23.5227,64.3295],"dipPosition":[-21.9014,84.6536,24.729],"direction":[-0.153856,0.700891,-0.696477],"extended":false,"handId":744,"id":7440,"length":51.2425,"mcpPosition":[9.98259,23.5227,64.3295],"pipPosition":[-16.7435,61.1571,48.0776],"stabilizedTipPosition":[-18.8052,96.7143,9.46978],"timeVisible":3.09589,"tipPosition":[-18.0016,92.8064,8.25978],"tipVelocity":[10.4468,-29.8445,37.7896],"tool":false,"touchDistance":0.233454,"touchZone":"hovering","type":0,"width":20.7127},{"bases":[[[0.93914,0.0271697,-0.342459],[0.263707,0.581874,0.769338],[0.220171,-0.812825,0.539296]],[[0.964597,-0.156177,-0.212514],[0.263604,0.595901,0.758561],[0.00816806,-0.787725,0.615973]],[[0.964597,-0.156177,-0.212514],[0.259465,0.706309,0.658639],[0.0472367,-0.690461,0.721825]],[[0.964597,-0.156177,-0.212514],[0.25306,0.774995,0.579088],[0.0742575,-0.612366,0.78708]]],"btipPosition":[4.37749,159.12,-21.896],"carpPosition":[22.972,40.525,73.3962],"dipPosition":[5.62495,148.832,-8.67379],"direction":[-0.0472367,0.690461,-0.721825],"extended":true,"handId":744,"id":7441,"length":57.8214,"mcpPosition":[7.09257,99.1485,34.5004],"pipPosition":[6.74754,132.424,8.48047],"stabilizedTipPosition":[4.0797,162.017,-16.5604],"timeVisible":3.09589,"tipPosition":[3.3179,159.278,-15.9357],"tipVelocity":[-2.75468,-40.8387,1.02663],"tool":false,"touchDistance":0.200784,"touchZone":"hovering","type":1,"width":19.7848},{"bases":[[[0.901443,-0.182492,-0.392552],[0.423453,0.560104,0.712019],[0.0899321,-0.808072,0.582179]],[[0.904734,-0.301634,-0.300787],[0.425254,0.598444,0.678987],[-0.0248016,-0.742214,0.669704]],[[0.904734,-0.301634,-0.300787],[0.424544,0.696337,0.578685],[0.0348978,-0.651254,0.758057]],[[0.904734,-0.301634,-0.300787],[0.419558,0.753101,0.506764],[0.0736657,-0.584684,0.80791]]],"btipPosition":[27.1871,161.746,-37.401],"carpPosition":[34.4996,42.2898,70.2792],"dipPosition":[28.5482,150.943,-22.4734],"direction":[-0.0348978,0.651254,-0.758057],"extended":true,"handId":744,"id":7442,"length":65.8828,"mcpPosition":[28.3485,97.5591,30.4603],"pipPosition":[29.5239,132.734,-1.27842],"stabilizedTipPosition":[27.1935,164.472,-31.1821],"timeVisible":3.09589,"tipPosition":[25.9911,164.369,-28.6921],"tipVelocity":[-21.5971,-57.8281,-19.863],"tool":false,"touchDistance":0.167281,"touchZone":"hovering","type":2,"width":19.4313},{"bases":[[[0.870348,-0.341118,-0.355151],[0.489426,0.519589,0.700349],[-0.0543685,-0.783368,0.619176]],[[0.868418,-0.363575,-0.337141],[0.494491,0.585044,0.642808],[-0.0364669,-0.724939,0.687847]],[[0.868418,-0.363575,-0.337141],[0.492268,0.713595,0.498453],[0.0593571,-0.598829,0.798675]],[[0.868418,-0.363575,-0.337141],[0.4855,0.761597,0.429255],[0.100699,-0.536454,0.8379]]],"btipPosition":[47.0783,147.365,-39.6518],"carpPosition":[45.6043,41.2471,65.7349],"dipPosition":[48.9283,137.51,-24.259],"direction":[-0.0593571,0.598829,-0.798675],"extended":true,"handId":744,"id":7443,"length":63.3481,"mcpPosition":[48.943,89.3526,27.7123],"pipPosition":[50.545,121.199,-2.50511],"stabilizedTipPosition":[48.4269,150.853,-33.0117],"timeVisible":3.09589,"tipPosition":[48.005,150.969,-30.6018],"tipVelocity":[-49.0626,-69.7794,-32.8494],"tool":false,"touchDistance":0.144828,"touchZone":"hovering","type":3,"width":18.4901},{"bases":[[[0.765295,-0.510622,-0.391905],[0.6121,0.388944,0.688517],[-0.199143,-0.766804,0.610208]],[[0.774848,-0.468891,-0.423972],[0.622013,0.445912,0.643632],[-0.112739,-0.762433,0.63717]],[[0.774848,-0.468891,-0.423972],[0.631613,0.601818,0.488753],[0.0259819,-0.646496,0.762475]],[[0.774848,-0.468891,-0.423972],[0.624593,0.671248,0.399136],[0.0974389,-0.57408,0.812981]]],"btipPosition":[67.7201,126.72,-27.7401],"carpPosition":[54.6313,34.462,57.5406],"dipPosition":[69.3715,116.991,-13.9619],"direction":[-0.0259819,0.646496,-0.762475],"extended":true,"handId":744,"id":7444,"length":49.6637,"mcpPosition":[65.9517,78.0511,22.8532],"pipPosition":[69.8712,104.558,0.701112],"stabilizedTipPosition":[69.9961,130.693,-21.3273],"timeVisible":3.09589,"tipPosition":[68.945,128.737,-20.1005],"tipVelocity":[-57.8037,-61.0969,-34.7234],"tool":false,"touchDistance":0.152851,"touchZone":"hovering","type":4,"width":16.4243}],"r":[[0.993138,0.0906398,0.0738982],[-0.0763997,0.981273,-0.176823],[-0.0885415,0.169964,0.981465]],"s":0.99649,"t":[-1.59239,-65.3166,-4.67783],"timestamp":747135835288},{"currentFrameRate":115.291,"devices":[],"gestures":[],"hands":[{"armBasis":[[0.962496,-0.271268,-0.00390441],[0.241411,0.849815,0.468546],[-0.123784,-0.451916,0.88343]],"armWidth":64.3496,"confidence":1,"direction":[-0.0203335,0.882354,-0.470147],"elbow":[5.9184,-106.806,313.174],"grabAngle":0.335714,"grabStrength":0,"id":744,"palmNormal":[-0.296103,-0.454462,-0.840111],"palmPosition":[30.3672,73.354,37.8534],"palmVelocity":[-1.56359,-23.092,17.6617],"palmWidth":89.2012,"pinchDistance":46.3651,"pinchStrength":0,"r":[[0.993318,0.090253,0.0719285],[-0.0762475,0.981065,-0.178039],[-0.0866351,0.171365,0.981391]],"s":0.994011,"sphereCenter":[-13.6635,-15.3709,-132.096],"sphereRadius":198.676,"stabilizedPalmPosition":[30.1572,76.1886,38.073],"t":[-1.58459,-65.5777,-4.58617],"timeVisible":3.1046,"type":"right","wrist":[38.6829,12.8123,79.3368]}],"id":1339346,"interactionBox":{"center":[0,200,0],"size":[235.247,235.247,147.751]},"pointables":[{"bases":[[[0.64514,0.529515,0.550826],[-0.628173,-0.0428204,0.776895],[0.434964,-0.847219,0.305002]],[[0.584827,0.632595,0.50774],[-0.598274,-0.0863029,0.796631],[0.547764,-0.769659,0.327993]],[[0.584827,0.632595,0.50774],[-0.796433,0.329083,0.507345],[0.153856,-0.70109,0.696276]],[[0.584827,0.632595,0.50774],[-0.783253,0.603166,0.150683],[-0.21093,-0.485813,0.84823]]],"btipPosition":[-17.031,95.6438,5.60978],"carpPosition":[10.0787,23.2972,64.5211],"dipPosition":[-21.8847,84.4647,25.1285],"direction":[-0.153856,0.70109,-0.696276],"extended":false,"handId":744,"id":7440,"length":51.2425,"mcpPosition":[10.0787,23.2972,64.5211],"pipPosition":[-16.7269,60.9614,48.4704],"stabilizedTipPosition":[-18.7728,96.5348,9.50081],"timeVisible":3.1046,"tipPosition":[-18.1221,92.6093,8.6052],"tipVelocity":[4.54455,-25.7297,44.2289],"tool":false,"touchDistance":0.239872,"touchZone":"hovering","type":0,"width":20.7127},{"bases":[[[0.937969,0.0277532,-0.345607],[0.266069,0.581507,0.768802],[0.222309,-0.813068,0.538051]],[[0.963945,-0.157091,-0.214784],[0.26595,0.595939,0.757712],[0.00896874,-0.787515,0.616231]],[[0.963945,-0.157091,-0.214784],[0.261716,0.705606,0.658501],[0.0481086,-0.690972,0.721279]],[[0.963945,-0.157091,-0.214784],[0.255235,0.774123,0.5793],[0.0752667,-0.613234,0.786307]]],"btipPosition":[4.2716,158.929,-21.6329],"carpPosition":[23.0919,40.2991,73.5544],"dipPosition":[5.53602,148.627,-8.42364],"direction":[-0.0481086,0.690972,-0.721279],"extended":true,"handId":744,"id":7441,"length":57.8214,"mcpPosition":[7.05818,98.9402,34.7484],"pipPosition":[6.67932,132.206,8.71763],"stabilizedTipPosition":[4.11342,161.636,-16.7025],"timeVisible":3.1046,"tipPosition":[3.10328,159.076,-15.6649],"tipVelocity":[-11.7136,-22.2675,29.8765],"tool":false,"touchDistance":0.205119,"touchZone":"hovering","type":1,"width":19.7848},{"bases":[[[0.900187,-0.181893,-0.395701],[0.42563,0.559835,0.710932],[0.0922142,-0.808393,0.581375]],[[0.90379,-0.301853,-0.303393],[0.427359,0.59851,0.677606],[-0.0229536,-0.742071,0.669928]],[[0.90379,-0.301853,-0.303393],[0.426327,0.697144,0.576399],[0.0375208,-0.650288,0.75876]],[[0.90379,-0.301853,-0.303393],[0.421022,0.754357,0.503672],[0.0768319,-0.582949,0.808868]]],"btipPosition":[26.9202,161.483,-37.2736],"carpPosition":[34.6081,42.0704,70.3997],"dipPosition":[28.3398,150.712,-22.3282],"direction":[-0.0375208,0.650288,-0.75876],"extended":true,"handId":744,"id":7442,"length":65.8828,"mcpPosition":[28.301,97.3616,30.6357],"pipPosition":[29.3888,132.53,-1.11359],"stabilizedTipPosition":[27.1991,163.902,-31.4587],"timeVisible":3.1046,"tipPosition":[25.7313,164.161,-28.5149],"tipVelocity":[-29.1118,-29.3851,15.1075],"tool":false,"touchDistance":0.169473,"touchZone":"hovering","type":2,"width":19.4313},{"bases":[[[0.869281,-0.340553,-0.358293],[0.491579,0.519354,0.699015],[-0.0519707,-0.783769,0.618874]],[[0.867461,-0.362605,-0.34063],[0.496433,0.585963,0.64047],[-0.0326414,-0.724683,0.688309]],[[0.867461,-0.362605,-0.34063],[0.493211,0.716546,0.493259],[0.0652187,-0.595885,0.800417]],[[0.867461,-0.362605,-0.34063],[0.485919,0.764422,0.423724],[0.10674,-0.533083,0.839303]]],"btipPosition":[46.586,147.024,-39.6444],"carpPosition":[45.6979,41.0349,65.8174],"dipPosition":[48.5469,137.231,-24.2258],"direction":[-0.0652187,0.595885,-0.800417],"extended":true,"handId":744,"id":7443,"length":63.3481,"mcpPosition":[48.8893,89.165,27.8132],"pipPosition":[50.3233,121.001,-2.42444],"stabilizedTipPosition":[48.2518,150.087,-33.4005],"timeVisible":3.1046,"tipPosition":[47.7176,150.706,-30.5628],"tipVelocity":[-53.6133,-37.5187,1.53565],"tool":false,"touchDistance":0.145051,"touchZone":"hovering","type":3,"width":18.4901},{"bases":[[[0.764171,-0.510077,-0.394797],[0.614264,0.388765,0.686689],[-0.196781,-0.767257,0.610405]],[[0.773873,-0.466923,-0.427907],[0.6241,0.447205,0.640708],[-0.107799,-0.762883,0.637486]],[[0.773873,-0.466923,-0.427907],[0.632448,0.605586,0.482985],[0.0336177,-0.644397,0.763951]],[[0.773873,-0.466923,-0.427907],[0.624259,0.676355,0.390953],[0.106872,-0.569673,0.814894]]],"btipPosition":[67.1761,126.443,-27.7752],"carpPosition":[54.6999,34.2584,57.5885],"dipPosition":[68.9873,116.788,-13.9646],"direction":[-0.0336177,0.644397,-0.763951],"extended":true,"handId":744,"id":7444,"length":49.6637,"mcpPosition":[65.886,77.8733,22.8899],"pipPosition":[69.6338,104.396,0.726838],"stabilizedTipPosition":[69.7352,129.99,-21.6824],"timeVisible":3.1046,"tipPosition":[68.6926,128.502,-20.1314],"tipVelocity":[-58.2646,-29.8645,-3.17331],"tool":false,"touchDistance":0.15239,"touchZone":"hovering","type":4,"width":16.4243}],"r":[[0.993318,0.090253,0.0719285],[-0.0762475,0.981065,-0.178039],[-0.0866351,0.171365,0.981391]],"s":0.994011,"t":[-1.58459,-65.5777,-4.58617],"timestamp":747135843995},{"currentFrameRate":115.31,"devices":[],"gestures":[],"hands":[{"armBasis":[[0.963112,-0.269097,0.00154951],[0.237512,0.852749,0.465196],[-0.126504,-0.447668,0.885206]],"armWidth":64.3496,"confidence":1,"direction":[-0.0234877,0.881456,-0.471681],"elbow":[5.35685,-105.881,313.877],"grabAngle":0.33771,"grabStrength":0,"id":744,"palmNormal":[-0.293953,-0.457044,-0.839466],"palmPosition":[30.3594,73.0248,37.9563],"palmVelocity":[-0.907659,-38.1101,11.9065],"palmWidth":89.2012,"pinchDistance":46.327,"pinchStrength":0,"r":[[0.993383,0.0907278,0.0704164],[-0.0768626,0.980777,-0.179358],[-0.0853355,0.172759,0.981261]],"s":0.99159,"sphereCenter":[-13.3433,-15.4666,-130.953],"sphereRadius":197.61,"stabilizedPalmPosition":[30.1739,75.9264,38.0633],"t":[-1.58461,-65.8729,-4.4889],"timeVisible":3.11324,"type":"right","wrist":[38.8415,12.6128,79.57]}],"id":1339347,"interactionBox":{"center":[0,200,0],"size":[235.247,235.247,147.751]},"pointables":[{"bases":[[[0.642839,0.532934,0.550217],[-0.62838,-0.0438868,0.776668],[0.43806,-0.845018,0.306673]],[[0.582834,0.63469,0.507418],[-0.597488,-0.0884932,0.79698],[0.550738,-0.767684,0.327643]],[[0.582834,0.63469,0.507418],[-0.797794,0.32832,0.505698],[0.154366,-0.699554,0.697708]],[[0.582834,0.63469,0.507418],[-0.784141,0.603081,0.146339],[-0.213135,-0.483179,0.849183]]],"btipPosition":[-16.9716,95.0744,5.73667],"carpPosition":[10.2499,22.9366,64.7008],"dipPosition":[-21.8761,83.9559,25.2773],"direction":[-0.154366,0.699554,-0.697708],"extended":false,"handId":744,"id":7440,"length":51.2425,"mcpPosition":[10.2499,22.9366,64.7008],"pipPosition":[-16.7011,60.5042,48.6672],"stabilizedTipPosition":[-18.7376,96.3249,9.53895],"timeVisible":3.11324,"tipPosition":[-18.1883,92.048,8.66691],"tipVelocity":[5.5232,-64.285,15.2699],"tool":false,"touchDistance":0.242071,"touchZone":"hovering","type":0,"width":20.7127},{"bases":[[[0.938023,0.0307518,-0.345207],[0.263467,0.583849,0.767923],[0.225164,-0.81128,0.539562]],[[0.964656,-0.155456,-0.212771],[0.263332,0.598453,0.756644],[0.00970862,-0.785931,0.618238]],[[0.964656,-0.155456,-0.212771],[0.259084,0.706915,0.658139],[0.0480996,-0.690003,0.722206]],[[0.964656,-0.155456,-0.212771],[0.252675,0.774857,0.579441],[0.0747895,-0.612724,0.78675]]],"btipPosition":[4.14436,158.406,-21.6996],"carpPosition":[23.1935,40.0038,73.7109],"dipPosition":[5.40075,148.113,-8.48292],"direction":[-0.0480996,0.690003,-0.722206],"extended":true,"handId":744,"id":7441,"length":57.8214,"mcpPosition":[6.95395,98.516,34.796],"pipPosition":[6.54384,131.715,8.68038],"stabilizedTipPosition":[4.13691,161.225,-16.8462],"timeVisible":3.11324,"tipPosition":[2.81142,158.521,-15.7561],"tipVelocity":[-14.9413,-60.2683,-7.52454],"tool":false,"touchDistance":0.204036,"touchZone":"hovering","type":1,"width":19.7848},{"bases":[[[0.901068,-0.179123,-0.394957],[0.423137,0.562689,0.710166],[0.0950306,-0.807029,0.582815]],[[0.905063,-0.299356,-0.302072],[0.424765,0.601427,0.676654],[-0.0208859,-0.740724,0.671485]],[[0.905063,-0.299356,-0.302072],[0.423457,0.700004,0.575046],[0.0393087,-0.648367,0.760312]],[[0.905063,-0.299356,-0.302072],[0.417959,0.757327,0.501763],[0.0785618,-0.580381,0.810547]]],"btipPosition":[26.6439,160.968,-37.3613],"carpPosition":[34.7044,41.8139,70.5586],"dipPosition":[28.0954,150.244,-22.385],"direction":[-0.0393087,0.648367,-0.760312],"extended":true,"handId":744,"id":7442,"length":65.8828,"mcpPosition":[28.2047,97.0118,30.6961],"pipPosition":[29.1945,132.116,-1.12697],"stabilizedTipPosition":[27.1756,163.329,-31.7195],"timeVisible":3.11324,"tipPosition":[25.4139,163.678,-28.5926],"tipVelocity":[-31.1272,-58.3293,-9.3348],"tool":false,"touchDistance":0.168129,"touchZone":"hovering","type":2,"width":19.4313},{"bases":[[[0.870753,-0.337837,-0.35729],[0.489247,0.522441,0.69835],[-0.0492657,-0.782893,0.620202]],[[0.86909,-0.359018,-0.340279],[0.493809,0.589498,0.639253],[-0.0289096,-0.723601,0.689613]],[[0.86909,-0.359018,-0.340279],[0.489743,0.721223,0.489887],[0.0695385,-0.592405,0.802634]],[[0.86909,-0.359018,-0.340279],[0.482112,0.768719,0.420286],[0.110688,-0.529318,0.841172]]],"btipPosition":[46.1682,146.537,-39.712],"carpPosition":[45.8003,40.8129,65.9834],"dipPosition":[48.2016,136.813,-24.2591],"direction":[-0.0695385,0.592405,-0.802634],"extended":true,"handId":744,"id":7443,"length":63.3481,"mcpPosition":[48.8256,88.8893,27.8976],"pipPosition":[50.0956,120.677,-2.39733],"stabilizedTipPosition":[48.0445,149.345,-33.7542],"timeVisible":3.11324,"tipPosition":[47.4367,150.254,-30.6512],"tipVelocity":[-46.4311,-54.552,-6.91133],"tool":false,"touchDistance":0.144055,"touchZone":"hovering","type":3,"width":18.4901},{"bases":[[[0.766311,-0.507825,-0.39355],[0.612437,0.392302,0.686309],[-0.194134,-0.766951,0.611636]],[[0.776207,-0.462881,-0.428071],[0.621977,0.451065,0.640066],[-0.103186,-0.763074,0.638021]],[[0.776207,-0.462881,-0.428071],[0.629244,0.611218,0.480067],[0.0394312,-0.641992,0.765697]],[[0.776207,-0.462881,-0.428071],[0.620089,0.683231,0.385596],[0.113987,-0.564745,0.817356]]],"btipPosition":[66.7651,126.101,-27.7571],"carpPosition":[54.8322,34.0568,57.7705],"dipPosition":[68.6969,116.53,-13.9047],"direction":[-0.0394312,0.641992,-0.765697],"extended":true,"handId":744,"id":7444,"length":49.6637,"mcpPosition":[65.8678,77.6543,23.0019],"pipPosition":[69.4552,104.184,0.82027],"stabilizedTipPosition":[69.4557,129.317,-22.002],"timeVisible":3.11324,"tipPosition":[68.4831,128.159,-20.1677],"tipVelocity":[-44.3548,-37.375,3.21038],"tool":false,"touchDistance":0.152853,"touchZone":"hovering","type":4,"width":16.4