{"frames":94,"data":[{"currentFrameRate":114.065,"devices":[],"gestures":[],"hands":[{"armBasis":[[0.878356,0.29939,-0.372634],[0.383712,0.023264,0.92316],[0.285054,-0.953847,-0.0944455]],"armWidth":62.686,"confidence":1,"direction":[0.154774,0.705374,-0.691732],"elbow":[132.209,-180.86,105.864],"grabAngle":0.418913,"grabStrength":0,"id":710,"palmNormal":[-0.569577,-0.508385,-0.645854],"palmPosition":[55.6486,127.536,86.9435],"palmVelocity":[-2.9583,25.842,3.38491],"palmWidth":88.3904,"pinchDistance":93.7623,"pinchStrength":0,"r":[[0.929949,-0.106051,0.352064],[0.242026,0.897372,-0.36898],[-0.276801,0.428341,0.860177]],"s":1.22708,"sphereCenter":[53.6735,97.1721,11.1674],"sphereRadius":88.7959,"stabilizedPalmPosition":[57.5372,124.47,93.4668],"t":[53.7634,-81.6081,-70.2304],"timeVisible":4.17986,"type":"right","wrist":[57.4433,69.3204,130.635]}],"id":1309680,"interactionBox":{"center":[0,200,0],"size":[235.247,235.247,147.751]},"pointables":[{"bases":[[[0.864475,0.393588,0.312683],[-0.455338,0.349607,0.818806],[0.212956,-0.850214,0.481442]],[[0.662556,0.747386,0.0493343],[-0.39918,0.296604,0.867572],[0.633779,-0.594508,0.494858]],[[0.662556,0.747386,0.0493343],[-0.515686,0.407402,0.753718],[0.54322,-0.524821,0.655343]],[[0.662556,0.747386,0.0493343],[-0.559423,0.449978,0.696107],[0.498062,-0.488809,0.716241]]],"btipPosition":[-32.6287,151.977,66.5091],"carpPosition":[27.052,95.0103,128.019],"dipPosition":[-21.4474,141.004,82.5885],"direction":[-0.54322,0.524821,-0.655343],"extended":true,"handId":710,"id":7100,"length":49.9923,"mcpPosition":[27.052,95.0103,128.019],"pipPosition":[-3.68085,123.839,104.022],"stabilizedTipPosition":[-27.8147,153.902,77.4323],"timeVisible":4.17986,"tipPosition":[-30.0629,150.97,71.9576],"tipVelocity":[-4.58175,18.2317,0.394524],"tool":false,"touchDistance":0.0706643,"touchZone":"hovering","type":0,"width":20.0311},{"bases":[[[0.821762,-0.36851,-0.434636],[0.565803,0.618213,0.5456],[0.067639,-0.694272,0.716528]],[[0.798946,-0.57464,-0.177411],[0.49014,0.451219,0.745764],[-0.348494,-0.682782,0.642153]],[[0.798946,-0.57464,-0.177411],[0.554694,0.590117,0.58658],[-0.232379,-0.567055,0.790221]],[[0.798946,-0.57464,-0.177411],[0.590865,0.695033,0.409643],[-0.11209,-0.432108,0.894829]]],"btipPosition":[62.5572,206.115,19.905],"carpPosition":[45.8044,108.129,130.565],"dipPosition":[60.7201,199.033,34.5705],"direction":[0.232379,0.567055,-0.790221],"extended":true,"handId":710,"id":7101,"length":56.4107,"mcpPosition":[40.9704,157.747,79.3561],"pipPosition":[55.3323,185.885,52.892],"stabilizedTipPosition":[65.0394,207.957,32.1954],"timeVisible":4.17986,"tipPosition":[60.9089,204.514,23.2342],"tipVelocity":[1.43752,37.9576,17.2323],"tool":false,"touchDistance":-0.100527,"touchZone":"touching","type":1,"width":19.1337},{"bases":[[[0.714768,-0.558875,-0.420435],[0.697933,0.53162,0.479864],[-0.0446722,-0.636427,0.770042]],[[0.68423,-0.692839,-0.227606],[0.644607,0.428632,0.633053],[-0.341044,-0.57987,0.739892]],[[0.68423,-0.692839,-0.227606],[0.71093,0.564159,0.419885],[-0.162506,-0.44911,0.878574]],[[0.68423,-0.692839,-0.227606],[0.728081,0.666781,0.159061],[0.0415599,-0.27455,0.960674]]],"btipPosition":[78.9048,192.332,-1.76748],"carpPosition":[56.4251,105.188,125.914],"dipPosition":[79.654,187.383,15.5497],"direction":[0.162506,0.44911,-0.878574],"extended":true,"handId":710,"id":7102,"length":64.2755,"mcpPosition":[59.4527,148.322,73.7245],"pipPosition":[75.2212,175.133,39.5149],"stabilizedTipPosition":[81.09,194.529,10.7272],"timeVisible":4.17986,"tipPosition":[78.3001,190.963,2.23182],"tipVelocity":[12.4777,48.5417,19.2811],"tool":false,"touchDistance":-0.0758536,"touchZone":"touching","type":2,"width":18.7919},{"bases":[[[0.645743,-0.684914,-0.337504],[0.745437,0.469773,0.472902],[-0.165347,-0.556961,0.813913]],[[0.628462,-0.731771,-0.263717],[0.727967,0.433883,0.530858],[-0.274045,-0.525601,0.805384]],[[0.628462,-0.731771,-0.263717],[0.777185,0.576831,0.251493],[-0.0319154,-0.36301,0.931238]],[[0.628462,-0.731771,-0.263717],[0.757167,0.653172,-0.00804552],[0.17814,-0.194621,0.964567]]],"btipPosition":[85.0213,169.075,-5.35071],"carpPosition":[65.5594,99.5233,120.727],"dipPosition":[88.214,165.587,11.9367],"direction":[0.0319154,0.36301,-0.931238],"extended":true,"handId":710,"id":7103,"length":61.8026,"mcpPosition":[75.6208,133.415,71.2001],"pipPosition":[87.3659,155.941,36.6825],"stabilizedTipPosition":[86.8957,172.509,7.0837],"timeVisible":4.17986,"tipPosition":[85.3188,168.191,-1.02267],"tipVelocity":[9.96752,47.7112,11.8968],"tool":false,"touchDistance":-0.0974036,"touchZone":"touching","type":3,"width":17.8816},{"bases":[[[0.490162,-0.812915,-0.314501],[0.819243,0.306461,0.484688],[-0.297628,-0.495228,0.81619]],[[0.488729,-0.815281,-0.310582],[0.833205,0.330622,0.443236],[-0.258676,-0.4754,0.840881]],[[0.488729,-0.815281,-0.310582],[0.870077,0.481637,0.104843],[0.0641111,-0.32147,0.944747]],[[0.488729,-0.815281,-0.310582],[0.834904,0.540356,-0.104645],[0.25314,-0.208163,0.944769]]],"btipPosition":[90.5413,142.02,6.03811],"carpPosition":[70.3909,88.5268,113.88],"dipPosition":[94.7268,138.578,21.6592],"direction":[-0.0641111,0.32147,-0.944747],"extended":true,"handId":710,"id":7104,"length":48.4521,"mcpPosition":[87.1558,116.422,67.9053],"pipPosition":[95.9296,132.547,39.3842],"stabilizedTipPosition":[92.5899,144.142,17.5333],"timeVisible":4.17986,"tipPosition":[91.649,141.025,10.1816],"tipVelocity":[1.45602,38.7787,4.32048],"tool":false,"touchDistance":-0.088975,"touchZone":"touching","type":4,"width":15.8839}],"r":[[0.929949,-0.106051,0.352064],[0.242026,0.897372,-0.36898],[-0.276801,0.428341,0.860177]],"s":1.22708,"t":[53.7634,-81.6081,-70.2304],"timestamp":746874280371},{"currentFrameRate":114.11,"devices":[],"gestures":[],"hands":[{"armBasis":[[0.878953,0.298205,-0.372177],[0.383274,0.0227081,0.923355],[0.283801,-0.954232,-0.0943351]],"armWidth":62.686,"confidence":1,"direction":[0.154649,0.705818,-0.691307],"elbow":[131.866,-180.758,105.906],"grabAngle":0.41572,"grabStrength":0,"id":710,"palmNormal":[-0.56912,-0.508321,-0.646306],"palmPosition":[55.6408,127.761,86.9836],"palmVelocity":[-0.900507,25.9541,4.6178],"palmWidth":88.3904,"pinchDistance":93.7633,"pinchStrength":0,"r":[[0.929955,-0.105,0.352363],[0.240958,0.89791,-0.36837],[-0.277711,0.427472,0.860316]],"s":1.22749,"sphereCenter":[53.8749,97.6271,11.3314],"sphereRadius":88.6158,"stabilizedPalmPosition":[57.5257,124.49,93.4275],"t":[53.7418,-81.3826,-70.2028],"timeVisible":4.18855,"type":"right","wrist":[57.4288,69.5232,130.649]}],"id":1309681,"interactionBox":{"center":[0,200,0],"size":[235.247,235.247,147.751]},"pointables":[{"bases":[[[0.864182,0.393846,0.31317],[-0.455771,0.348948,0.818845],[0.213219,-0.850365,0.481058]],[[0.66213,0.747726,0.0499027],[-0.399849,0.296187,0.867407],[0.633802,-0.594289,0.495091]],[[0.66213,0.747726,0.0499027],[-0.516183,0.406791,0.753709],[0.543267,-0.524812,0.655311]],[[0.66213,0.747726,0.0499027],[-0.560111,0.449554,0.695828],[0.497854,-0.48868,0.716473]]],"btipPosition":[-32.6317,152.153,66.5073],"carpPosition":[27.047,95.1999,128.032],"dipPosition":[-21.455,141.182,82.5919],"direction":[-0.543267,0.524812,-0.655311],"extended":true,"handId":710,"id":7100,"length":49.9923,"mcpPosition":[27.047,95.1999,128.032],"pipPosition":[-3.68696,124.018,104.024],"stabilizedTipPosition":[-27.8382,153.857,77.3567],"timeVisible":4.18855,"tipPosition":[-30.0774,151.159,71.9791],"tipVelocity":[-0.469248,20.3156,-0.0706082],"tool":false,"touchDistance":0.0706541,"touchZone":"hovering","type":0,"width":20.0311},{"bases":[[[0.822082,-0.367875,-0.434569],[0.565325,0.618201,0.54611],[0.0677504,-0.694619,0.71618]],[[0.799255,-0.574231,-0.177343],[0.489569,0.450928,0.746315],[-0.348588,-0.683318,0.641532]],[[0.799255,-0.574231,-0.177343],[0.553892,0.589303,0.588154],[-0.233227,-0.568314,0.789065]],[[0.799255,-0.574231,-0.177343],[0.590197,0.694272,0.411891],[-0.113396,-0.433873,0.893809]]],"btipPosition":[62.5819,206.417,20.0255],"carpPosition":[45.7921,108.326,130.591],"dipPosition":[60.7234,199.306,34.6744],"direction":[0.233227,0.568314,-0.789065],"extended":true,"handId":710,"id":7101,"length":56.4107,"mcpPosition":[40.9502,157.969,79.4075],"pipPosition":[55.3159,186.13,52.9691],"stabilizedTipPosition":[65.0394,207.957,32.1954],"timeVisible":4.18855,"tipPosition":[60.8892,204.776,23.3173],"tipVelocity":[2.27826,34.0556,13.436],"tool":false,"touchDistance":-0.0985818,"touchZone":"touching","type":1,"width":19.1337},{"bases":[[[0.715177,-0.5583,-0.420503],[0.697519,0.531707,0.48037],[-0.0446063,-0.636858,0.76969]],[[0.68461,-0.692456,-0.227627],[0.643912,0.428185,0.634062],[-0.341594,-0.580657,0.739021]],[[0.68461,-0.692456,-0.227627],[0.710106,0.563122,0.422662],[-0.164493,-0.450998,0.877236]],[[0.68461,-0.692456,-0.227627],[0.727898,0.665915,0.163467],[0.038386,-0.2776,0.959929]]],"btipPosition":[79.0278,192.709,-1.62491],"carpPosition":[56.4157,105.393,125.942],"dipPosition":[79.7198,187.705,15.6789],"direction":[0.164493,0.450998,-0.877236],"extended":true,"handId":710,"id":7102,"length":64.2755,"mcpPosition":[59.4389,148.556,73.7769],"pipPosition":[75.2328,175.403,39.6076],"stabilizedTipPosition":[81.0843,194.52,10.7021],"timeVisible":4.18855,"tipPosition":[78.2977,191.247,2.31336],"tipVelocity":[12.6477,41.9662,16.0569],"tool":false,"touchDistance":-0.0735288,"touchZone":"touching","type":2,"width":18.7919},{"bases":[[[0.646187,-0.684417,-0.337661],[0.745055,0.469888,0.47339],[-0.165334,-0.557475,0.813564]],[[0.628889,-0.731359,-0.263842],[0.72748,0.43377,0.531616],[-0.274355,-0.526267,0.804843]],[[0.628889,-0.731359,-0.263842],[0.776762,0.576278,0.254057],[-0.0337609,-0.364716,0.930506]],[[0.628889,-0.731359,-0.263842],[0.75757,0.652744,-0.00365057],[0.174891,-0.197583,0.964559]]],"btipPosition":[85.1362,169.446,-5.25827],"carpPosition":[65.5545,99.7357,120.755],"dipPosition":[88.2707,165.905,12.029],"direction":[0.0337609,0.364716,-0.930506],"extended":true,"handId":710,"id":7103,"length":61.8026,"mcpPosition":[75.6151,133.658,71.2498],"pipPosition":[87.3736,156.213,36.7553],"stabilizedTipPosition":[86.8957,172.509,7.0837],"timeVisible":4.18855,"tipPosition":[85.3237,168.479,-0.954164],"tipVelocity":[11.6869,41.2578,10.6365],"tool":false,"touchDistance":-0.0958636,"touchZone":"touching","type":3,"width":17.8816},{"bases":[[[0.490662,-0.812507,-0.314776],[0.818937,0.306605,0.485113],[-0.297646,-0.495808,0.815832]],[[0.489181,-0.814953,-0.310731],[0.833117,0.33118,0.442985],[-0.258104,-0.475575,0.840958]],[[0.489181,-0.814953,-0.310731],[0.869857,0.481862,0.10563],[0.0636458,-0.321964,0.94461]],[[0.489181,-0.814953,-0.310731],[0.835457,0.54013,-0.101345],[0.250427,-0.210026,0.94508]]],"btipPosition":[90.5792,142.317,6.07722],"carpPosition":[70.3936,88.7451,113.904],"dipPosition":[94.7198,138.844,21.7034],"direction":[-0.0636458,0.321964,-0.94461],"extended":true,"handId":710,"id":7104,"length":48.4521,"mcpPosition":[87.1595,116.673,67.9496],"pipPosition":[95.9139,132.804,39.4259],"stabilizedTipPosition":[92.5899,144.142,17.5333],"timeVisible":4.18855,"tipPosition":[91.6589,141.309,10.2394],"tipVelocity":[3.17528,33.3759,4.63858],"tool":false,"touchDistance":-0.0883034,"touchZone":"touching","type":4,"width":15.8839}],"r":[[0.929955,-0.105,0.352363],[0.240958,0.89791,-0.36837],[-0.277711,0.427472,0.860316]],"s":1.22749,"t":[53.7418,-81.3826,-70.2028],"timestamp":746874289058},{"currentFrameRate":114.137,"devices":[],"gestures":[],"hands":[{"armBasis":[[0.879928,0.297102,-0.370752],[0.382016,0.0215186,0.923905],[0.282472,-0.954603,-0.0945629]],"armWidth":62.686,"confidence":1,"direction":[0.154799,0.70655,-0.690525],"elbow":[131.485,-180.664,105.843],"grabAngle":0.412982,"grabStrength":0,"id":710,"palmNormal":[-0.568106,-0.508169,-0.647318],"palmPosition":[55.6339,127.992,87.0287],"palmVelocity":[-0.784888,26.5271,5.17942],"palmWidth":88.3904,"pinchDistance":93.7678,"pinchStrength":0,"r":[[0.929905,-0.104083,0.352766],[0.240041,0.898441,-0.367674],[-0.278671,0.42658,0.860449]],"s":1.2279,"sphereCenter":[54.01,98.0251,11.4123],"sphereRadius":88.5342,"stabilizedPalmPosition":[57.5134,124.512,93.3858],"t":[53.7275,-81.1542,-70.1664],"timeVisible":4.19726,"type":"right","wrist":[57.3969,69.7154,130.646]}],"id":1309682,"interactionBox":{"center":[0,200,0],"size":[235.247,235.247,147.751]},"pointables":[{"bases":[[[0.863579,0.394212,0.314369],[-0.456835,0.347876,0.818709],[0.213383,-0.850635,0.480508]],[[0.661563,0.748136,0.0512595],[-0.40091,0.295094,0.867289],[0.633724,-0.594317,0.495158]],[[0.661563,0.748136,0.0512595],[-0.516872,0.4054,0.753986],[0.543303,-0.525303,0.654888]],[[0.661563,0.748136,0.0512595],[-0.56105,0.448453,0.695782],[0.497552,-0.489062,0.716422]]],"btipPosition":[-32.6451,152.352,66.507],"carpPosition":[27.0243,95.373,128.02],"dipPosition":[-21.4752,141.373,82.5905],"direction":[-0.543303,0.525303,-0.654888],"extended":true,"handId":710,"id":7100,"length":49.9923,"mcpPosition":[27.0243,95.373,128.02],"pipPosition":[-3.70592,124.192,104.009],"stabilizedTipPosition":[-27.8642,153.81,77.2738],"timeVisible":4.19726,"tipPosition":[-30.087,151.336,71.958],"tipVelocity":[-1.71083,22.624,-0.0614015],"tool":false,"touchDistance":0.0706452,"touchZone":"hovering","type":0,"width":20.0311},{"bases":[[[0.822782,-0.366873,-0.43409],[0.564326,0.618135,0.547216],[0.0675675,-0.695208,0.715626]],[[0.799846,-0.573505,-0.177025],[0.488529,0.450717,0.747124],[-0.348691,-0.684066,0.640678]],[[0.799846,-0.573505,-0.177025],[0.552624,0.58859,0.590058],[-0.234206,-0.569784,0.787714]],[[0.799846,-0.573505,-0.177025],[0.58909,0.693617,0.41457],[-0.114971,-0.435876,0.892633]]],"btipPosition":[62.6126,206.742,20.169],"carpPosition":[45.7571,108.511,130.609],"dipPosition":[60.7283,199.598,34.7986],"direction":[0.234206,0.569784,-0.787714],"extended":true,"handId":710,"id":7101,"length":56.4107,"mcpPosition":[40.9282,158.196,79.4652],"pipPosition":[55.2982,186.387,53.062],"stabilizedTipPosition":[65.0394,207.957,32.1954],"timeVisible":4.19726,"tipPosition":[60.8907,205.068,23.4366],"tipVelocity":[2.84578,36.3918,15.9561],"tool":false,"touchDistance":-0.0962644,"touchZone":"touching","type":1,"width":19.1337},{"bases":[[[0.716006,-0.55739,-0.420299],[0.696649,0.531799,0.481529],[-0.0448849,-0.637579,0.769077]],[[0.685328,-0.691793,-0.227481],[0.64283,0.427901,0.63535],[-0.342192,-0.581655,0.737958]],[[0.685328,-0.691793,-0.227481],[0.708953,0.56239,0.425563],[-0.166468,-0.452923,0.87587]],[[0.685328,-0.691793,-0.227481],[0.727387,0.665341,0.168015],[0.0351208,-0.280612,0.959179]]],"btipPosition":[79.1588,193.108,-1.45758],"carpPosition":[56.3874,105.59,125.968],"dipPosition":[79.7919,188.05,15.8327],"direction":[0.166468,0.452923,-0.87587],"extended":true,"handId":710,"id":7102,"length":64.2755,"mcpPosition":[59.4295,148.802,73.8443],"pipPosition":[75.251,175.695,39.7241],"stabilizedTipPosition":[81.0716,194.501,10.6435],"timeVisible":4.19726,"tipPosition":[78.3338,191.574,2.43809],"tipVelocity":[13.4732,44.3226,18.8448],"tool":false,"touchDistance":-0.0707919,"touchZone":"touching","type":2,"width":18.7919},{"bases":[[[0.64703,-0.683632,-0.337638],[0.744239,0.470021,0.474541],[-0.165715,-0.558325,0.812903]],[[0.62968,-0.730685,-0.263823],[0.726629,0.433839,0.532723],[-0.274796,-0.527146,0.804117]],[[0.62968,-0.730685,-0.263823],[0.776037,0.57606,0.256751],[-0.0356259,-0.366407,0.929772]],[[0.62968,-0.730685,-0.263823],[0.757701,0.652601,0.000997693],[0.171442,-0.200527,0.964571]]],"btipPosition":[85.2706,169.842,-5.13785],"carpPosition":[65.5355,99.9441,120.785],"dipPosition":[88.3433,166.248,12.1497],"direction":[0.0356259,0.366407,-0.929772],"extended":true,"handId":710,"id":7103,"length":61.8026,"mcpPosition":[75.6193,133.918,71.3198],"pipPosition":[87.3966,156.511,36.8565],"stabilizedTipPosition":[86.8945,172.504,7.07305],"timeVisible":4.19726,"tipPosition":[85.3761,168.812,-0.84533],"tipVelocity":[13.7939,43.9947,13.8253],"tool":false,"touchDistance":-0.0938557,"touchZone":"touching","type":3,"width":17.8816},{"bases":[[[0.491578,-0.811859,-0.315019],[0.818231,0.306784,0.48619],[-0.298075,-0.496759,0.815096]],[[0.490028,-0.814419,-0.310795],[0.832699,0.331874,0.443252],[-0.257848,-0.476005,0.840794]],[[0.490028,-0.814419,-0.310795],[0.869433,0.482362,0.106828],[0.0629134,-0.322564,0.944454]],[[0.490028,-0.814419,-0.310795],[0.835828,0.540217,-0.0977634],[0.247517,-0.211864,0.945436]]],"btipPosition":[90.6525,142.645,6.14604],"carpPosition":[70.3895,88.9633,113.929],"dipPosition":[94.745,139.142,21.7781],"direction":[-0.0629134,0.322564,-0.944454],"extended":true,"handId":710,"id":7104,"length":48.4521,"mcpPosition":[87.1796,116.945,68.0157],"pipPosition":[95.9253,133.09,39.4977],"stabilizedTipPosition":[92.5899,144.142,17.5333],"timeVisible":4.19726,"tipPosition":[91.717,141.636,10.3311],"tipVelocity":[7.13866,36.8337,8.0527],"tool":false,"touchDistance":-0.0871339,"touchZone":"touching","type":4,"width":15.8839}],"r":[[0.929905,-0.104083,0.352766],[0.240041,0.898441,-0.367674],[-0.278671,0.42658,0.860449]],"s":1.2279,"t":[53.7275,-81.1542,-70.1664],"timestamp":746874297772},{"currentFrameRate":114.223,"devices":[],"gestures":[],"hands":[{"armBasis":[[0.880848,0.295878,-0.369544],[0.381005,0.0202183,0.924352],[0.280967,-0.955012,-0.0949215]],"armWidth":62.686,"confidence":1,"direction":[0.154435,0.707016,-0.690129],"elbow":[131.086,-180.584,105.785],"grabAngle":0.410672,"grabStrength":0,"id":710,"palmNormal":[-0.567385,-0.508377,-0.647785],"palmPosition":[55.6234,128.201,87.0937],"palmVelocity":[-1.21957,24.2253,7.5423],"palmWidth":88.3904,"pinchDistance":93.7796,"pinchStrength":0,"r":[[0.929854,-0.103214,0.353154],[0.239173,0.898942,-0.367013],[-0.279584,0.425734,0.860571]],"s":1.22837,"sphereCenter":[54.1041,98.4373,11.5785],"sphereRadius":88.3876,"stabilizedPalmPosition":[57.5008,124.537,93.3438],"t":[53.7152,-80.9358,-70.1158],"timeVisible":4.20587,"type":"right","wrist":[57.3928,69.9019,130.682]}],"id":1309683,"interactionBox":{"center":[0,200,0],"size":[235.247,235.247,147.751]},"pointables":[{"bases":[[[0.863096,0.394846,0.314901],[-0.457478,0.347075,0.81869],[0.213962,-0.850668,0.480192]],[[0.660963,0.748616,0.0519737],[-0.401345,0.294131,0.867415],[0.634074,-0.594189,0.494863]],[[0.660963,0.748616,0.0519737],[-0.517045,0.40412,0.754554],[0.543868,-0.525605,0.654177]],[[0.660963,0.748616,0.0519737],[-0.561629,0.447556,0.695893],[0.497696,-0.489149,0.716262]]],"btipPosition":[-32.6811,152.521,66.5862],"carpPosition":[27.027,95.5362,128.058],"dipPosition":[-21.5079,141.54,82.6661],"direction":[-0.543868,0.525605,-0.654177],"extended":true,"handId":710,"id":7100,"length":49.9923,"mcpPosition":[27.027,95.5362,128.058],"pipPosition":[-3.72021,124.349,104.062],"stabilizedTipPosition":[-27.8901,153.766,77.1932],"timeVisible":4.20587,"tipPosition":[-30.1125,151.47,71.994],"tipVelocity":[-4.09398,19.5637,9.10322],"tool":false,"touchDistance":0.071951,"touchZone":"hovering","type":0,"width":20.0311},{"bases":[[[0.823288,-0.365921,-0.433933],[0.563546,0.618388,0.547734],[0.0679114,-0.695484,0.715325]],[[0.800424,-0.57273,-0.176923],[0.487754,0.450713,0.747632],[-0.34845,-0.684717,0.640113]],[[0.800424,-0.57273,-0.176923],[0.551592,0.588183,0.591427],[-0.234666,-0.570982,0.78671]],[[0.800424,-0.57273,-0.176923],[0.58813,0.693292,0.416472],[-0.115867,-0.437408,0.891768]]],"btipPosition":[62.5932,207.02,20.3031],"carpPosition":[45.7468,108.69,130.661],"dipPosition":[60.6942,199.851,34.9185],"direction":[0.234666,0.570982,-0.78671],"extended":true,"handId":710,"id":7101,"length":56.4107,"mcpPosition":[40.8933,158.395,79.5385],"pipPosition":[55.2534,186.613,53.1586],"stabilizedTipPosition":[65.0394,207.957,32.1954],"timeVisible":4.20587,"tipPosition":[60.8402,205.312,23.5405],"tipVelocity":[-2.64667,31.6813,15.1979],"tool":false,"touchDistance":-0.0940843,"touchZone":"touching","type":1,"width":19.1337},{"bases":[[[0.71668,-0.556542,-0.420275],[0.695974,0.532202,0.482059],[-0.0446145,-0.637982,0.768757]],[[0.685998,-0.691175,-0.227341],[0.641982,0.427916,0.636197],[-0.342441,-0.582378,0.737272]],[[0.685998,-0.691175,-0.227341],[0.708003,0.562063,0.427571],[-0.167747,-0.454271,0.874928]],[[0.685998,-0.691175,-0.227341],[0.726857,0.665133,0.171106],[0.0329479,-0.282622,0.958665]]],"btipPosition":[79.2202,193.433,-1.31461],"carpPosition":[56.3817,105.781,126.023],"dipPosition":[79.8141,188.338,15.9664],"direction":[0.167747,0.454271,-0.874928],"extended":true,"handId":710,"id":7102,"length":64.2755,"mcpPosition":[59.4054,149.02,73.9206],"pipPosition":[75.2384,175.947,39.8322],"stabilizedTipPosition":[81.055,194.48,10.5663],"timeVisible":4.20587,"tipPosition":[78.3069,191.846,2.54296],"tipVelocity":[6.09424,36.7491,16.3636],"tool":false,"touchDistance":-0.0684446,"touchZone":"touching","type":2,"width":18.7919},{"bases":[[[0.647784,-0.682886,-0.337701],[0.743622,0.470471,0.475061],[-0.165534,-0.558859,0.812573]],[[0.630388,-0.730123,-0.263689],[0.725981,0.434202,0.533311],[-0.274888,-0.527626,0.803771]],[[0.630388,-0.730123,-0.263689],[0.775406,0.576113,0.258533],[-0.0368463,-0.367442,0.929316]],[[0.630388,-0.730123,-0.263689],[0.757664,0.652631,0.00425275],[0.168987,-0.202469,0.964598]]],"btipPosition":[85.3414,170.159,-5.03566],"carpPosition":[65.5369,100.146,120.841],"dipPosition":[88.3701,166.53,12.2523],"direction":[0.0368463,0.367442,-0.929316],"extended":true,"handId":710,"id":7103,"length":61.8026,"mcpPosition":[75.6097,134.152,71.3955],"pipPosition":[87.391,156.766,36.947],"stabilizedTipPosition":[86.8914,172.493,7.04292],"timeVisible":4.20587,"tipPosition":[85.3673,169.09,-0.750845],"tipVelocity":[7.05016,35.8901,11.886],"tool":false,"touchDistance":-0.0921507,"touchZone":"touching","type":3,"width":17.8816},{"bases":[[[0.49244,-0.811264,-0.315206],[0.817758,0.307296,0.486663],[-0.29795,-0.497414,0.814742]],[[0.490707,-0.814129,-0.310485],[0.832497,0.332876,0.44288],[-0.257208,-0.475802,0.841104]],[[0.490707,-0.814129,-0.310485],[0.869064,0.482958,0.107142],[0.0627235,-0.322407,0.944521]],[[0.490707,-0.814129,-0.310485],[0.836134,0.540225,-0.0950655],[0.245127,-0.212957,0.945813]]],"btipPosition":[90.6809,142.899,6.20036],"carpPosition":[70.4036,89.1725,113.981],"dipPosition":[94.7339,139.378,21.8387],"direction":[-0.0627235,0.322407,-0.944521],"extended":true,"handId":710,"id":7104,"length":48.4521,"mcpPosition":[87.1867,117.191,68.0881],"pipPosition":[95.9107,133.329,39.5595],"stabilizedTipPosition":[92.5899,144.142,17.5333],"timeVisible":4.20587,"tipPosition":[91.7245,141.914,10.4152],"tipVelocity":[2.25351,29.0662,6.47745],"tool":false,"touchDistance":-0.0862047,"touchZone":"touching","type":4,"width":15.8839}],"r":[[0.929854,-0.103214,0.353154],[0.239173,0.898942,-0.367013],[-0.279584,0.425734,0.860571]],"s":1.22837,"t":[53.7152,-80.9358,-70.1158],"timestamp":746874306379},{"currentFrameRate":114.254,"devices":[],"gestures":[],"hands":[{"armBasis":[[0.88184,0.294672,-0.368139],[0.379894,0.0185487,0.924844],[0.279355,-0.955418,-0.0955872]],"armWidth":62.686,"confidence":1,"direction":[0.154103,0.707403,-0.689806],"elbow":[130.674,-180.481,105.672],"grabAngle":0.408363,"grabStrength":0,"id":710,"palmNormal":[-0.566807,-0.508555,-0.648153],"palmPosition":[55.6313,128.431,87.1833],"palmVelocity":[0.90433,26.4658,10.2981],"palmWidth":88.3904,"pinchDistance":93.786,"pinchStrength":0,"r":[[0.929807,-0.102406,0.353512],[0.238363,0.899407,-0.3664],[-0.28043,0.424946,0.860686]],"s":1.22887,"sphereCenter":[54.1762,98.8884,11.7834],"sphereRadius":88.2277,"stabilizedPalmPosition":[57.4878,124.564,93.3011],"t":[53.7129,-80.7115,-70.0457],"timeVisible":4.21457,"type":"right","wrist":[57.4036,70.1123,130.743]}],"id":1309684,"interactionBox":{"center":[0,200,0],"size":[235.247,235.247,147.751]},"pointables":[{"bases":[[[0.862702,0.395378,0.315312],[-0.457985,0.346407,0.818689],[0.214465,-0.850693,0.479923]],[[0.660617,0.748871,0.0526918],[-0.401507,0.293139,0.867676],[0.634332,-0.594358,0.49433]],[[0.660617,0.748871,0.0526918],[-0.516816,0.402756,0.755439],[0.544505,-0.526288,0.653097]],[[0.660617,0.748871,0.0526918],[-0.561834,0.446628,0.696323],[0.497922,-0.489607,0.715792]]],"btipPosition":[-32.699,152.754,66.7262],"carpPosition":[27.0475,95.7288,128.127],"dipPosition":[-21.5208,141.763,82.7956],"direction":[-0.544505,0.526288,-0.653097],"extended":true,"handId":710,"id":7100,"length":49.9923,"mcpPosition":[27.0475,95.7288,128.127],"pipPosition":[-3.7122,124.55,104.156],"stabilizedTipPosition":[-27.9155,153.726,77.1162],"timeVisible":4.21457,"tipPosition":[-30.1179,151.632,72.0575],"tipVelocity":[-1.92362,26.5511,15.8194],"tool":false,"touchDistance":0.0742449,"touchZone":"hovering","type":0,"width":20.0311},{"bases":[[[0.823695,-0.365127,-0.433831],[0.562914,0.618601,0.548143],[0.0682267,-0.695712,0.715073]],[[0.800899,-0.572086,-0.176859],[0.487146,0.45074,0.748012],[-0.34821,-0.685238,0.639686]],[[0.800899,-0.572086,-0.176859],[0.550676,0.587663,0.592798],[-0.235198,-0.572163,0.785692]],[[0.800899,-0.572086,-0.176859],[0.587289,0.692823,0.418435],[-0.116848,-0.438991,0.890861]]],"btipPosition":[62.5989,207.317,20.4561],"carpPosition":[45.7565,108.896,130.74],"dipPosition":[60.6838,200.122,35.0567],"direction":[0.235198,0.572163,-0.785692],"extended":true,"handId":710,"id":7101,"length":56.4107,"mcpPosition":[40.8805,158.617,79.6355],"pipPosition":[55.2307,186.857,53.2732],"stabilizedTipPosition":[65.0387,207.957,32.1933],"timeVisible":4.21457,"tipPosition":[60.8133,205.571,23.6623],"tipVelocity":[0.229353,33.4313,17.1988],"tool":false,"touchDistance":-0.0915905,"touchZone":"touching","type":1,"width":19.1337},{"bases":[[[0.717227,-0.555834,-0.42028],[0.695427,0.532542,0.482474],[-0.0443587,-0.638317,0.768495]],[[0.68654,-0.690681,-0.227207],[0.64129,0.427936,0.636881],[-0.342651,-0.58295,0.736722]],[[0.68654,-0.690681,-0.227207],[0.707186,0.561685,0.429416],[-0.168971,-0.455489,0.874059]],[[0.68654,-0.690681,-0.227207],[0.72644,0.664812,0.174099],[0.0308029,-0.284578,0.958158]]],"btipPosition":[79.298,193.766,-1.1575],"carpPosition":[56.395,105.997,126.104],"dipPosition":[79.8532,188.636,16.1143],"direction":[0.168971,0.455489,-0.874059],"extended":true,"handId":710,"id":7102,"length":64.2755,"mcpPosition":[59.4014,149.258,74.0194],"pipPosition":[75.2442,176.211,39.9564],"stabilizedTipPosition":[81.0345,194.456,10.4687],"timeVisible":4.21457,"tipPosition":[78.2991,192.13,2.6652],"tipVelocity":[7.91639,37.3601,17.8171],"tool":false,"touchDistance":-0.0658611,"touchZone":"touching","type":2,"width":18.7919},{"bases":[[[0.648403,-0.682262,-0.337776],[0.743124,0.47085,0.475466],[-0.165351,-0.559302,0.812305]],[[0.630959,-0.729676,-0.263559],[0.72544,0.43448,0.533821],[-0.275005,-0.528015,0.803475]],[[0.630959,-0.729676,-0.263559],[0.774887,0.576106,0.260101],[-0.0379514,-0.368341,0.928916]],[[0.630959,-0.729676,-0.263559],[0.757702,0.65256,0.00729257],[0.166667,-0.204301,0.964616]]],"btipPosition":[85.4254,170.483,-4.9148],"carpPosition":[65.556,100.37,120.922],"dipPosition":[88.4125,166.822,12.3735],"direction":[0.0379514,0.368341,-0.928916],"extended":true,"handId":710,"id":7103,"length":61.8026,"mcpPosition":[75.6177,134.404,71.4934],"pipPosition":[87.404,157.034,37.0575],"stabilizedTipPosition":[86.8863,172.474,6.99136],"timeVisible":4.21457,"tipPosition":[85.3741,169.379,-0.637964],"tipVelocity":[8.54949,36.4832,13.9],"tool":false,"touchDistance":-0.0901352,"touchZone":"touching","type":3,"width":17.8816},{"bases":[[[0.493149,-0.810766,-0.315376],[0.81738,0.307726,0.487026],[-0.297815,-0.497959,0.814459]],[[0.491229,-0.813943,-0.310146],[0.832333,0.333688,0.442576],[-0.25674,-0.475551,0.841389]],[[0.491229,-0.813943,-0.310146],[0.868783,0.483411,0.107377],[0.0625294,-0.322197,0.944605]],[[0.491229,-0.813943,-0.310146],[0.83647,0.540125,-0.0926427],[0.242924,-0.21392,0.946164]]],"btipPosition":[90.727,143.164,6.27799],"carpPosition":[70.4331,89.4035,114.06],"dipPosition":[94.7436,139.627,21.9221],"direction":[-0.0625294,0.322197,-0.944605],"extended":true,"handId":710,"id":7104,"length":48.4521,"mcpPosition":[87.2086,117.453,68.1828],"pipPosition":[95.9167,133.583,39.6445],"stabilizedTipPosition":[92.5899,144.142,17.5333],"timeVisible":4.21457,"tipPosition":[91.7445,142.202,10.5191],"tipVelocity":[4.32987,30.0532,9.07662],"tool":false,"touchDistance":-0.0848886,"touchZone":"touching","type":4,"width":15.8839}],"r":[[0.929807,-0.102406,0.353512],[0.238363,0.899407,-0.3664],[-0.28043,0.424946,0.860686]],"s":1.22887,"t":[53.7129,-80.7115,-70.0457],"timestamp":746874315079},{"currentFrameRate":114.314,"devices":[],"gestures":[],"hands":[{"armBasis":[[0.882598,0.294183,-0.366711],[0.378959,0.0164427,0.925267],[0.278227,-0.955608,-0.096971]],"armWidth":62.686,"confidence":1,"direction":[0.154071,0.708294,-0.688899],"elbow":[130.363,-180.411,105.322],"grabAngle":0.406129,"grabStrength":0,"id":710,"palmNormal":[-0.566366,-0.508003,-0.648971],"palmPosition":[55.6262,128.605,87.2709],"palmVelocity":[-0.592477,20.1308,10.1325],"palmWidth":88.3904,"pinchDistance":93.7892,"pinchStrength":0,"r":[[0.929752,-0.10177,0.353842],[0.237669,0.899886,-0.365676],[-0.281203,0.424086,0.860858]],"s":1.22944,"sphereCenter":[54.188,99.3717,11.9737],"sphereRadius":88.0555,"stabilizedPalmPosition":[57.4753,124.591,93.2606],"t":[53.7092,-80.5123,-69.9668],"timeVisible":4.22321,"type":"right","wrist":[57.3876,70.2317,130.757]}],"id":1309685,"interactionBox":{"center":[0,200,0],"size":[235.247,235.247,147.751]},"pointables":[{"bases":[[[0.862428,0.395345,0.316102],[-0.458423,0.345239,0.818938],[0.214632,-0.851183,0.478978]],[[0.660707,0.748683,0.0542268],[-0.401308,0.291253,0.868403],[0.634365,-0.595521,0.492885]],[[0.660707,0.748683,0.0542268],[-0.516235,0.400751,0.756901],[0.544948,-0.528083,0.651276]],[[0.660707,0.748683,0.0542268],[-0.561723,0.445209,0.697321],[0.49793,-0.491185,0.714705]]],"btipPosition":[-32.7222,153.018,66.9181],"carpPosition":[27.0405,95.8422,128.164],"dipPosition":[-21.5438,141.991,82.9631],"direction":[-0.544948,0.528083,-0.651276],"extended":true,"handId":710,"id":7100,"length":49.9923,"mcpPosition":[27.0405,95.8422,128.164],"pipPosition":[-3.72073,124.72,104.264],"stabilizedTipPosition":[-27.9395,153.691,77.0465],"timeVisible":4.22321,"tipPosition":[-30.127,151.778,72.1273],"tipVelocity":[-2.67737,29.5845,21.5436],"tool":false,"touchDistance":0.0773493,"touchZone":"hovering","type":0,"width":20.0311},{"bases":[[[0.824,-0.364274,-0.433969],[0.562465,0.618167,0.549092],[0.0682456,-0.696544,0.714261]],[[0.801179,-0.571588,-0.177199],[0.486674,0.450039,0.748741],[-0.348225,-0.686114,0.638739]],[[0.801179,-0.571588,-0.177199],[0.549928,0.586461,0.594679],[-0.235991,-0.573891,0.784193]],[[0.801179,-0.571588,-0.177199],[0.586639,0.6917,0.421196],[-0.118182,-0.441405,0.889491]]],"btipPosition":[62.6253,207.61,20.6709],"carpPosition":[45.7434,109.014,130.801],"dipPosition":[60.6884,200.376,35.249],"direction":[0.235991,0.573891,-0.784193],"extended":true,"handId":710,"id":7101,"length":56.4107,"mcpPosition":[40.866,158.794,79.754],"pipPosition":[55.2168,187.07,53.4307],"stabilizedTipPosition":[65.0338,207.953,32.1794],"timeVisible":4.22321,"tipPosition":[60.8052,205.824,23.8452],"tipVelocity":[2.47046,32.8229,24.2443],"tool":false,"touchDistance":-0.0880969,"touchZone":"touching","type":1,"width":19.1337},{"bases":[[[0.717603,-0.55504,-0.420685],[0.695036,0.532241,0.483367],[-0.0443824,-0.639258,0.767711]],[[0.686833,-0.690286,-0.227519],[0.640707,0.427237,0.637936],[-0.343154,-0.583929,0.735712]],[[0.686833,-0.690286,-0.227519],[0.706563,0.560756,0.43165],[-0.170379,-0.457228,0.872876]],[[0.686833,-0.690286,-0.227519],[0.726254,0.664107,0.17753],[0.0285506,-0.28717,0.957454]]],"btipPosition":[79.3915,194.097,-0.951826],"carpPosition":[56.3847,106.124,126.165],"dipPosition":[79.9062,188.92,16.3073],"direction":[0.170379,0.457228,-0.872876],"extended":true,"handId":710,"id":7102,"length":64.2755,"mcpPosition":[59.3927,149.45,74.1335],"pipPosition":[75.2587,176.448,40.1171],"stabilizedTipPosition":[81.0117,194.433,10.3572],"timeVisible":4.22321,"tipPosition":[78.3069,192.417,2.83886],"tipVelocity":[9.73964,37.0213,23.4505],"tool":false,"touchDistance":-0.0624819,"touchZone":"touching","type":2,"width":18.7919},{"bases":[[[0.6488,-0.681595,-0.338358],[0.742761,0.470576,0.476303],[-0.165422,-0.560345,0.811572]],[[0.631268,-0.729284,-0.263903],[0.724991,0.434028,0.534797],[-0.275478,-0.528927,0.802713]],[[0.631268,-0.729284,-0.263903],[0.774566,0.575575,0.262224],[-0.0393397,-0.369944,0.928221]],[[0.631268,-0.729284,-0.263903],[0.757959,0.652215,0.0107054],[0.164314,-0.206785,0.96449]]],"btipPosition":[85.5229,170.811,-4.75932],"carpPosition":[65.5499,100.508,120.98],"dipPosition":[88.4678,167.104,12.5268],"direction":[0.0393397,0.369944,-0.928221],"extended":true,"handId":710,"id":7103,"length":61.8026,"mcpPosition":[75.6159,134.605,71.5955],"pipPosition":[87.4224,157.274,37.1923],"stabilizedTipPosition":[86.88,172.451,6.91999],"timeVisible":4.22321,"tipPosition":[85.3889,169.672,-0.49179],"tipVelocity":[10.1582,36.6521,17.9237],"tool":false,"touchDistance":-0.0875524,"touchZone":"touching","type":3,"width":17.8816},{"bases":[[[0.49359,-0.810188,-0.31617],[0.817079,0.307468,0.487694],[-0.297912,-0.499057,0.813751]],[[0.491458,-0.813718,-0.310374],[0.832174,0.333677,0.442885],[-0.256819,-0.475945,0.841143]],[[0.491458,-0.813718,-0.310374],[0.868706,0.483317,0.108414],[0.0617909,-0.322905,0.944412]],[[0.491458,-0.813718,-0.310374],[0.836981,0.539798,-0.0898979],[0.240691,-0.215596,0.946354]]],"btipPosition":[90.7867,143.428,6.37279],"carpPosition":[70.4339,89.5512,114.106],"dipPosition":[94.7663,139.864,22.0201],"direction":[-0.0617909,0.322905,-0.944412],"extended":true,"handId":710,"id":7104,"length":48.4521,"mcpPosition":[87.2148,117.662,68.2687],"pipPosition":[95.9256,133.805,39.7388],"stabilizedTipPosition":[92.5899,144.142,17.5333],"timeVisible":4.22321,"tipPosition":[91.7616,142.483,10.6345],"tipVelocity":[5.91885,29.7879,11.048],"tool":false,"touchDistance":-0.0832966,"touchZone":"touching","type":4,"width":15.8839}],"r":[[0.929752,-0.10177,0.353842],[0.237669,0.899886,-0.365676],[-0.281203,0.424086,0.860858]],"s":1.22944,"t":[53.7092,-80.5123,-69.9668],"timestamp":746874323725},{"currentFrameRate":113.708,"devices":[],"gestures":[],"hands":[{"armBasis":[[0.883593,0.29369,-0.364705],[0.377672,0.0134525,0.925842],[0.276817,-0.955806,-0.0990321]],"armWidth":62.686,"confidence":1,"direction":[0.153538,0.708667,-0.688634],"elbow":[130.025,-180.316,104.824],"grabAngle":0.403308,"grabStrength":0,"id":710,"palmNormal":[-0.566198,-0.508056,-0.649076],"palmPosition":[55.6393,128.777,87.3551],"palmVelocity":[1.33754,17.4445,8.5671],"palmWidth":88.3904,"pinchDistance":93.7841,"pinchStrength":0,"r":[[0.929731,-0.101185,0.354063],[0.236997,0.900325,-0.365031],[-0.281836,0.423293,0.861041]],"s":1.23005,"sphereCenter":[54.2157,99.9051,12.2632],"sphereRadius":87.7865,"stabilizedPalmPosition":[57.4617,124.622,93.217],"t":[53.714,-80.3269,-69.8853],"timeVisible":4.23305,"type":"right","wrist":[57.4194,70.3781,130.798]}],"id":1309686,"interactionBox":{"center":[0,200,0],"size":[235.247,235.247,147.751]},"pointables":[{"bases":[[[0.862262,0.395705,0.316105],[-0.458466,0.344638,0.819167],[0.215206,-0.851259,0.478585]],[[0.660882,0.748473,0.0549825],[-0.400444,0.289722,0.869314],[0.634728,-0.596531,0.491193]],[[0.660882,0.748473,0.0549825],[-0.515233,0.399226,0.758389],[0.545683,-0.529535,0.649479]],[[0.660882,0.748473,0.0549825],[-0.561212,0.444235,0.698353],[0.498273,-0.492386,0.713639]]],"btipPosition":[-32.732,153.28,67.1588],"carpPosition":[27.08,95.9805,128.24],"dipPosition":[-21.5459,142.226,83.1798],"direction":[-0.545683,0.529535,-0.649479],"extended":true,"handId":710,"id":7100,"length":49.9923,"mcpPosition":[27.08,95.9805,128.24],"pipPosition":[-3.69885,124.907,104.422],"stabilizedTipPosition":[-27.9634,153.659,76.9796],"timeVisible":4.23305,"tipPosition":[-30.1302,151.893,72.2209],"tipVelocity":[-0.822956,25.982,23.9159],"tool":false,"touchDistance":0.0812691,"touchZone":"hovering","type":0,"width":20.0311},{"bases":[[[0.824126,-0.363625,-0.434274],[0.562216,0.61826,0.549243],[0.0687759,-0.696801,0.713959]],[[0.801435,-0.571153,-0.177441],[0.486491,0.449976,0.748898],[-0.347891,-0.686517,0.638488]],[[0.801435,-0.571153,-0.177441],[0.54933,0.58564,0.596039],[-0.236513,-0.57516,0.783104]],[[0.801435,-0.571153,-0.177441],[0.586057,0.690771,0.423523],[-0.119325,-0.443417,0.888337]]],"btipPosition":[62.6369,207.855,20.8249],"carpPosition":[45.7758,109.162,130.879],"dipPosition":[60.6813,200.588,35.3841],"direction":[0.236513,0.57516,-0.783104],"extended":true,"handId":710,"id":7101,"length":56.4107,"mcpPosition":[40.8606,158.96,79.8536],"pipPosition":[55.1977,187.253,53.5406],"stabilizedTipPosition":[65.026,207.948,32.1572],"timeVisible":4.23305,"tipPosition":[60.7692,206.026,23.9616],"tipVelocity":[0.744842,24.17,15.221],"tool":false,"touchDistance":-0.0856022,"touchZone":"touching","type":1,"width":19.1337},{"bases":[[[0.71784,-0.554457,-0.42105],[0.694824,0.532436,0.483458],[-0.0438746,-0.639602,0.767454]],[[0.687101,-0.689991,-0.227607],[0.640316,0.427021,0.638474],[-0.343348,-0.584436,0.735219]],[[0.687101,-0.689991,-0.227607],[0.705994,0.560036,0.433511],[-0.171651,-0.458555,0.871931]],[[0.687101,-0.689991,-0.227607],[0.726086,0.66343,0.18072],[0.0263058,-0.289435,0.956836]]],"btipPosition":[79.4745,194.376,-0.799862],"carpPosition":[56.4179,106.28,126.24],"dipPosition":[79.9487,189.159,16.4482],"direction":[0.171651,0.458555,-0.871931],"extended":true,"handId":710,"id":7102,"length":64.2755,"mcpPosition":[59.3915,149.629,74.2257],"pipPosition":[75.2665,176.651,40.2322],"stabilizedTipPosition":[80.9857,194.41,10.2263],"timeVisible":4.23305,"tipPosition":[78.2793,192.641,2.94728],"tipVelocity":[7.49063,27.4792,15.1924],"tool":false,"touchDistance":-0.0599918,"touchZone":"touching","type":2,"width":18.7919},{"bases":[[[0.649125,-0.681085,-0.338763],[0.742582,0.470801,0.476359],[-0.164951,-0.560776,0.81137]],[[0.631554,-0.728995,-0.264021],[0.724666,0.433926,0.53532],[-0.27568,-0.52941,0.802325]],[[0.631554,-0.728995,-0.264021],[0.774271,0.575183,0.263948],[-0.0405567,-0.371121,0.927698]],[[0.631554,-0.728995,-0.264021],[0.758196,0.651883,0.0137196],[0.162109,-0.208844,0.964419]]],"btipPosition":[85.6102,171.089,-4.64456],"carpPosition":[65.5853,100.671,121.051],"dipPosition":[88.5156,167.346,12.6402],"direction":[0.0405567,0.371121,-0.927698],"extended":true,"handId":710,"id":7103,"length":61.8026,"mcpPosition":[75.6227,134.794,71.6785],"pipPosition":[87.4379,157.484,37.2919],"stabilizedTipPosition":[86.8727,172.424,6.82758],"timeVisible":4.23305,"tipPosition":[85.3693,169.899,-0.39814],"tipVelocity":[7.95578,27.436,11.6399],"tool":false,"touchDistance":-0.0856446,"touchZone":"touching","type":3,"width":17.8816},{"bases":[[[0.493992,-0.809776,-0.316599],[0.816995,0.307731,0.487669],[-0.297475,-0.499564,0.813599]],[[0.491668,-0.81363,-0.310273],[0.832096,0.333961,0.442817],[-0.25667,-0.475896,0.841216]],[[0.491668,-0.81363,-0.310273],[0.868634,0.483283,0.109148],[0.0611435,-0.323179,0.944361]],[[0.491668,-0.81363,-0.310273],[0.837469,0.539436,-0.0874856],[0.238554,-0.216831,0.946613]]],"btipPosition":[90.8449,143.65,6.44079],"carpPosition":[70.4743,89.72,114.171],"dipPosition":[94.7892,140.065,22.0924],"direction":[-0.0611435,0.323179,-0.944361],"extended":true,"handId":710,"id":7104,"length":48.4521,"mcpPosition":[87.2306,117.86,68.3425],"pipPosition":[95.9364,134.001,39.8101],"stabilizedTipPosition":[92.5899,144.142,17.5333],"timeVisible":4.23305,"tipPosition":[91.7525,142.708,10.715],"tipVelocity":[5.09694,22.0285,7.01561],"tool":false,"touchDistance":-0.0821467,"touchZone":"touching","type":4,"width":15.8839}],"r":[[0.929731,-0.101185,0.354063],[0.236997,0.900325,-0.365031],[-0.281836,0.423293,0.861041]],"s":1.23005,"t":[53.714,-80.3269,-69.8853],"timestamp":746874333559},{"currentFrameRate":114.426,"devices":[],"gestures":[],"hands":[{"armBasis":