{"frames":78,"data":[{"currentFrameRate":113.677,"devices":[],"gestures":[],"hands":[{"armBasis":[[0.892935,-0.418312,-0.166378],[-0.249219,-0.767103,0.591137],[-0.374909,-0.486383,-0.789224]],"armWidth":65.9348,"confidence":1,"direction":[0.197599,0.698626,-0.68766],"elbow":[-51.2833,-51.2355,-87.8828],"grabAngle":0.540656,"grabStrength":0,"id":710,"palmNormal":[-0.413419,-0.576666,-0.704657],"palmPosition":[60.9188,137.102,87.2433],"palmVelocity":[-1.12494,-2.88493,19.3465],"palmWidth":90.5969,"pinchDistance":89.8833,"pinchStrength":0,"r":[[0.860391,0.00829333,0.509567],[0.212018,0.90341,-0.372691],[-0.463438,0.428697,0.775528]],"s":1.23779,"sphereCenter":[58.1157,94.6045,6.54544],"sphereRadius":97.2439,"stabilizedPalmPosition":[53.7866,130.393,86.596],"t":[58.9913,-71.7974,-70.0843],"timeVisible":6.33052,"type":"right","wrist":[49.4924,79.5043,124.261]}],"id":1309924,"interactionBox":{"center":[0,200,0],"size":[235.247,235.247,147.751]},"pointables":[{"bases":[[[0.765999,0.481682,0.425709],[-0.607563,0.326099,0.724242],[0.210031,-0.813414,0.542444]],[[0.600404,0.785505,0.149992],[-0.555663,0.274895,0.784647],[0.575112,-0.554451,0.601524]],[[0.600404,0.785505,0.149992],[-0.651501,0.371691,0.661356],[0.463747,-0.494801,0.734922]],[[0.600404,0.785505,0.149992],[-0.577985,0.296619,0.76023],[0.552674,-0.543139,0.632102]]],"btipPosition":[-26.835,157.309,58.6976],"carpPosition":[28.4744,102.25,125.645],"dipPosition":[-14.8082,145.49,72.4527],"direction":[-0.463747,0.494801,-0.734922],"extended":true,"handId":710,"id":7100,"length":48.4586,"mcpPosition":[28.4744,102.25,125.645],"pipPosition":[-0.106231,129.804,95.7517],"stabilizedTipPosition":[-30.5126,147.904,61.3904],"timeVisible":6.33052,"tipPosition":[-30.1665,150.79,63.5894],"tipVelocity":[62.12,43.0552,21.6836],"tool":false,"touchDistance":0.15997,"touchZone":"hovering","type":0,"width":21.3024},{"bases":[[[0.909401,-0.300218,-0.287854],[0.415603,0.682998,0.600657],[0.0162754,-0.66587,0.74589]],[[0.875015,-0.480476,-0.0590929],[0.354225,0.552279,0.754661],[-0.329961,-0.681272,0.653449]],[[0.875015,-0.480476,-0.0590929],[0.420078,0.692955,0.585959],[-0.240591,-0.537547,0.808183]],[[0.875015,-0.480476,-0.0590929],[0.462199,0.792889,0.397114],[-0.14395,-0.374793,0.915865]]],"btipPosition":[65.447,211.537,17.185],"carpPosition":[45.7643,117.511,130.639],"dipPosition":[63.1602,205.583,31.7348],"direction":[0.240591,0.537547,-0.808183],"extended":true,"handId":710,"id":7101,"length":54.6802,"mcpPosition":[44.5721,166.287,76.0013],"pipPosition":[57.7531,193.502,49.8979],"stabilizedTipPosition":[62.2769,214.837,25.1517],"timeVisible":6.33052,"tipPosition":[61.6624,211.73,20.1213],"tipVelocity":[-20.2596,6.70992,26.0382],"tool":false,"touchDistance":-0.102209,"touchZone":"touching","type":1,"width":20.348},{"bases":[[[0.818974,-0.499426,-0.282586],[0.563621,0.607625,0.559574],[-0.107759,-0.617549,0.779116]],[[0.778725,-0.616814,-0.114576],[0.531391,0.551422,0.643084],[-0.333483,-0.56167,0.757176]],[[0.778725,-0.616814,-0.114576],[0.605932,0.692139,0.392161],[-0.162588,-0.374811,0.912733]],[[0.778725,-0.616814,-0.114576],[0.627119,0.77045,0.114583],[0.0175986,-0.161082,0.986784]]],"btipPosition":[83.9091,196.215,-1.70387],"carpPosition":[57.4861,115.419,127.729],"dipPosition":[84.2166,193.401,15.5383],"direction":[0.162588,0.374811,-0.912733],"extended":true,"handId":710,"id":7102,"length":62.3037,"mcpPosition":[64.9718,158.318,73.6063],"pipPosition":[79.9177,183.491,39.6715],"stabilizedTipPosition":[84.6299,196.724,1.97869],"timeVisible":6.33052,"tipPosition":[83.8337,196.57,2.21473],"tipVelocity":[-32.3008,10.2948,16.8954],"tool":false,"touchDistance":-0.275048,"touchZone":"touching","type":2,"width":19.9844},{"bases":[[[0.749356,-0.629234,-0.206226],[0.61697,0.550394,0.562506],[-0.240442,-0.548753,0.800661]],[[0.728391,-0.67,-0.143343],[0.623276,0.561048,0.54475],[-0.28456,-0.486134,0.826256]],[[0.728391,-0.67,-0.143343],[0.683445,0.695687,0.221183],[-0.0484707,-0.259075,0.96464]],[[0.728391,-0.67,-0.143343],[0.673142,0.738792,-0.0326477],[0.127775,-0.0727102,0.989134]]],"btipPosition":[93.8923,172.748,-2.13911],"carpPosition":[68.0457,110.391,124.154],"dipPosition":[96.1121,171.485,15.0448],"direction":[0.0484707,0.259075,-0.96464],"extended":true,"handId":710,"id":7103,"length":59.9066,"mcpPosition":[83.0419,144.616,74.2176],"pipPosition":[94.8636,164.812,39.8918],"stabilizedTipPosition":[95.1154,172.621,1.32665],"timeVisible":6.33052,"tipPosition":[91.9978,167.175,1.03736],"tipVelocity":[-34.5086,15.8688,11.79],"tool":false,"touchDistance":-0.271595,"touchZone":"touching","type":3,"width":19.0165},{"bases":[[[0.60418,-0.770751,-0.202261],[0.702329,0.395167,0.592095],[-0.37643,-0.499786,0.780073]],[[0.603329,-0.771876,-0.200501],[0.738687,0.446139,0.505274],[-0.300558,-0.452954,0.839344]],[[0.603329,-0.771876,-0.200501],[0.794516,0.603471,0.0675818],[0.0688316,-0.200075,0.97736]],[[0.603329,-0.771876,-0.200501],[0.758913,0.632952,-0.153048],[0.245041,-0.0598246,0.967665]]],"btipPosition":[101.46,147.807,12.527],"carpPosition":[75.0241,99.4627,118.443],"dipPosition":[105.387,146.848,28.0358],"direction":[-0.0688316,0.200075,-0.97736],"extended":true,"handId":710,"id":7104,"length":46.9657,"mcpPosition":[96.7572,128.318,73.4057],"pipPosition":[106.639,143.21,45.8102],"stabilizedTipPosition":[101.848,146.306,15.8723],"timeVisible":6.33052,"tipPosition":[94.737,138.864,15.9368],"tipVelocity":[-20.8765,27.3842,12.873],"tool":false,"touchDistance":-0.268728,"touchZone":"touching","type":4,"width":16.8919}],"r":[[0.860391,0.00829333,0.509567],[0.212018,0.90341,-0.372691],[-0.463438,0.428697,0.775528]],"s":1.23779,"t":[58.9913,-71.7974,-70.0843],"timestamp":746876431035},{"currentFrameRate":113.749,"devices":[],"gestures":[],"hands":[{"armBasis":[[0.892822,-0.417444,-0.169145],[-0.246894,-0.767672,0.591374],[-0.376713,-0.48623,-0.788459]],"armWidth":65.9571,"confidence":1,"direction":[0.195147,0.699168,-0.68781],"elbow":[-51.6456,-51.2615,-87.5382],"grabAngle":0.535365,"grabStrength":0,"id":710,"palmNormal":[-0.414241,-0.576914,-0.703971],"palmPosition":[60.9084,137.083,87.4003],"palmVelocity":[-1.20136,-2.15339,18.1079],"palmWidth":90.6118,"pinchDistance":89.3155,"pinchStrength":0,"r":[[0.861404,0.00605976,0.507883],[0.212816,0.903617,-0.371732],[-0.461185,0.428298,0.77709]],"s":1.23349,"sphereCenter":[58.2559,93.9397,6.30634],"sphereRadius":97.8066,"stabilizedPalmPosition":[53.7892,130.395,86.5963],"t":[58.9895,-71.8162,-69.9214],"timeVisible":6.33919,"type":"right","wrist":[49.6276,79.4535,124.426]}],"id":1309925,"interactionBox":{"center":[0,200,0],"size":[235.247,235.247,147.751]},"pointables":[{"bases":[[[0.766319,0.482506,0.424196],[-0.606367,0.325006,0.725734],[0.212306,-0.813363,0.541634]],[[0.602681,0.783216,0.152805],[-0.5569,0.275672,0.783497],[0.571523,-0.557295,0.602315]],[[0.602681,0.783216,0.152805],[-0.652121,0.373041,0.659983],[0.459907,-0.497407,0.735576]],[[0.602681,0.783216,0.152805],[-0.579346,0.297774,0.758741],[0.548757,-0.545806,0.633216]]],"btipPosition":[-26.3348,157.512,58.831],"carpPosition":[28.5915,102.168,125.865],"dipPosition":[-14.3938,145.635,72.6097],"direction":[-0.459907,0.497407,-0.735576],"extended":true,"handId":710,"id":7100,"length":48.4563,"mcpPosition":[28.5915,102.168,125.865],"pipPosition":[0.185743,129.867,95.9283],"stabilizedTipPosition":[-29.9455,148.467,61.4403],"timeVisible":6.33919,"tipPosition":[-29.9581,150.841,63.8709],"tipVelocity":[55.434,21.8828,16.018],"tool":false,"touchDistance":0.162284,"touchZone":"hovering","type":0,"width":21.3115},{"bases":[[[0.909146,-0.29891,-0.290012],[0.416053,0.683292,0.60001],[0.0188135,-0.666157,0.745574]],[[0.875339,-0.479684,-0.0607049],[0.355494,0.553389,0.753249],[-0.327728,-0.680929,0.654928]],[[0.875339,-0.479684,-0.0607049],[0.420338,0.692905,0.585832],[-0.238951,-0.538318,0.808156]],[[0.875339,-0.479684,-0.0607049],[0.461462,0.791333,0.401054],[-0.144341,-0.379071,0.914041]]],"btipPosition":[65.2506,211.575,17.3626],"carpPosition":[45.8748,117.45,130.829],"dipPosition":[62.9576,205.553,31.8828],"direction":[0.238951,0.538318,-0.808156],"extended":true,"handId":710,"id":7101,"length":54.6776,"mcpPosition":[44.4965,166.255,76.2056],"pipPosition":[57.5877,193.455,50.0444],"stabilizedTipPosition":[62.2863,214.82,25.1346],"timeVisible":6.33919,"tipPosition":[61.4172,211.734,20.3094],"tipVelocity":[-22.8247,2.54567,19.7045],"tool":false,"touchDistance":-0.0993626,"touchZone":"touching","type":1,"width":20.3567},{"bases":[[[0.818992,-0.498238,-0.284625],[0.564078,0.608129,0.558565],[-0.10521,-0.618011,0.779098]],[[0.779323,-0.615654,-0.11673],[0.532657,0.552745,0.640897],[-0.330049,-0.561643,0.758699]],[[0.779323,-0.615654,-0.11673],[0.605867,0.692772,0.391141],[-0.15994,-0.375548,0.912898]],[[0.779323,-0.615654,-0.11673],[0.626379,0.77058,0.117713],[0.0174798,-0.164854,0.986163]]],"btipPosition":[83.6182,196.293,-1.60696],"carpPosition":[57.5939,115.375,127.892],"dipPosition":[83.9236,193.412,15.6235],"direction":[0.15994,0.375548,-0.912898],"extended":true,"handId":710,"id":7102,"length":62.3007,"mcpPosition":[64.9036,158.313,73.7614],"pipPosition":[79.6949,183.483,39.76],"stabilizedTipPosition":[84.5904,196.678,1.99452],"timeVisible":6.33919,"tipPosition":[83.5557,196.614,2.34546],"tipVelocity":[-33.6149,7.16771,10.8703],"tool":false,"touchDistance":-0.273478,"touchZone":"touching","type":2,"width":19.993},{"bases":[[[0.749714,-0.628169,-0.208164],[0.617508,0.550967,0.561354],[-0.237934,-0.549398,0.800968]],[[0.729246,-0.668475,-0.146088],[0.62427,0.562566,0.542039],[-0.280155,-0.486478,0.827558]],[[0.729246,-0.668475,-0.146088],[0.682784,0.696925,0.219321],[-0.0447977,-0.259685,0.964654]],[[0.729246,-0.668475,-0.146088],[0.672517,0.739584,-0.0271279],[0.126179,-0.078464,0.9889]]],"btipPosition":[93.5952,172.894,-2.07676],"carpPosition":[68.153,110.362,124.291],"dipPosition":[95.7872,171.531,15.1023],"direction":[0.0447977,0.259685,-0.964654],"extended":true,"handId":710,"id":7103,"length":59.9038,"mcpPosition":[82.9952,144.633,74.3266],"pipPosition":[94.6334,164.842,39.9484],"stabilizedTipPosition":[95.0597,172.619,1.35669],"timeVisible":6.33919,"tipPosition":[91.7693,167.265,1.14198],"tipVelocity":[-35.0119,14.1005,7.06286],"tool":false,"touchDistance":-0.270575,"touchZone":"touching","type":3,"width":19.0246},{"bases":[[[0.604732,-0.769877,-0.203933],[0.703136,0.39584,0.590687],[-0.374031,-0.5006,0.780705]],[[0.604775,-0.769819,-0.204023],[0.739188,0.447257,0.50355],[-0.296392,-0.455346,0.839531]],[[0.604775,-0.769819,-0.204023],[0.793252,0.605027,0.0685118],[0.0706978,-0.203276,0.976566]],[[0.604775,-0.769819,-0.204023],[0.757968,0.635003,-0.149185],[0.244401,-0.0644197,0.967532]]],"btipPosition":[101.273,148.049,12.6118],"carpPosition":[75.1334,99.4437,118.558],"dipPosition":[105.19,147.017,28.1177],"direction":[-0.0706978,0.203276,-0.976566],"extended":true,"handId":710,"id":7104,"length":46.9634,"mcpPosition":[96.7316,128.35,73.4772],"pipPosition":[106.476,143.32,45.8768],"stabilizedTipPosition":[101.859,146.356,15.8824],"timeVisible":6.33919,"tipPosition":[94.6456,139.014,16.0207],"tipVelocity":[-21.7882,26.0086,9.70474],"tool":false,"touchDistance":-0.267326,"touchZone":"touching","type":4,"width":16.8991}],"r":[[0.861404,0.00605976,0.507883],[0.212816,0.903617,-0.371732],[-0.461185,0.428298,0.77709]],"s":1.23349,"t":[58.9895,-71.8162,-69.9214],"timestamp":746876439703},{"currentFrameRate":113.795,"devices":[],"gestures":[],"hands":[{"armBasis":[[0.892661,-0.416569,-0.172123],[-0.244067,-0.767783,0.592402],[-0.378929,-0.486805,-0.787041]],"armWidth":65.9701,"confidence":1,"direction":[0.192203,0.699134,-0.688672],"elbow":[-52.1014,-51.4637,-86.986],"grabAngle":0.528691,"grabStrength":0,"id":710,"palmNormal":[-0.41496,-0.578033,-0.702628],"palmPosition":[60.8913,137.057,87.5374],"palmVelocity":[-1.96225,-2.94499,15.7506],"palmWidth":90.6219,"pinchDistance":88.8057,"pinchStrength":0,"r":[[0.862459,0.00463444,0.506105],[0.212952,0.903816,-0.37117],[-0.459146,0.427895,0.778518]],"s":1.22935,"sphereCenter":[58.5457,93.2236,6.1134],"sphereRadius":98.3409,"stabilizedPalmPosition":[53.791,130.397,86.5965],"t":[58.9801,-71.8384,-69.7714],"timeVisible":6.3479,"type":"right","wrist":[49.7843,79.4273,124.632]}],"id":1309926,"interactionBox":{"center":[0,200,0],"size":[235.247,235.247,147.751]},"pointables":[{"bases":[[[0.766511,0.484096,0.422033],[-0.605143,0.324329,0.727058],[0.215088,-0.812688,0.541549]],[[0.604238,0.781742,0.154194],[-0.558316,0.277317,0.781907],[0.568489,-0.558546,0.604025]],[[0.604238,0.781742,0.154194],[-0.652896,0.37482,0.658208],[0.456754,-0.498386,0.736877]],[[0.604238,0.781742,0.154194],[-0.581405,0.300235,0.756192],[0.544853,-0.546569,0.635922]]],"btipPosition":[-25.8709,157.561,58.8804],"carpPosition":[28.7265,102.101,126.107],"dipPosition":[-14.014,145.667,72.7192],"direction":[-0.456754,0.498386,-0.736877],"extended":true,"handId":710,"id":7100,"length":48.4602,"mcpPosition":[28.7265,102.101,126.107],"pipPosition":[0.466797,129.866,96.0809],"stabilizedTipPosition":[-29.3961,148.981,61.4907],"timeVisible":6.3479,"tipPosition":[-29.7661,150.817,64.1347],"tipVelocity":[51.0466,5.18295,7.26378],"tool":false,"touchDistance":0.163338,"touchZone":"hovering","type":0,"width":21.316},{"bases":[[[0.908953,-0.297459,-0.292101],[0.416326,0.684357,0.598605],[0.0218411,-0.665713,0.745888]],[[0.875778,-0.478745,-0.0617723],[0.356422,0.555032,0.7516],[-0.325539,-0.680252,0.656721]],[[0.875778,-0.478745,-0.0617723],[0.420141,0.692977,0.585887],[-0.237684,-0.53906,0.808035]],[[0.875778,-0.478745,-0.0617723],[0.460324,0.789769,0.405422],[-0.145308,-0.383495,0.91204]]],"btipPosition":[65.0524,211.582,17.4809],"carpPosition":[45.9977,117.421,131.018],"dipPosition":[62.7439,205.489,31.9704],"direction":[0.237684,0.53906,-0.808035],"extended":true,"handId":710,"id":7101,"length":54.6819,"mcpPosition":[44.3973,166.199,76.3658],"pipPosition":[57.4021,193.374,50.1308],"stabilizedTipPosition":[62.2962,214.799,25.1154],"timeVisible":6.3479,"tipPosition":[61.1292,211.66,20.4081],"tipVelocity":[-23.1626,-1.01117,12.7746],"tool":false,"touchDistance":-0.0975085,"touchZone":"touching","type":1,"width":20.361},{"bases":[[[0.819166,-0.496943,-0.286382],[0.56438,0.609434,0.556835],[-0.102184,-0.617769,0.779693]],[[0.780119,-0.614342,-0.118317],[0.533589,0.554603,0.638513],[-0.326647,-0.561248,0.760462]],[[0.780119,-0.614342,-0.118317],[0.605397,0.693557,0.390479],[-0.157828,-0.376248,0.912977]],[[0.780119,-0.614342,-0.118317],[0.625414,0.770759,0.121605],[0.0164864,-0.168863,0.985502]]],"btipPosition":[83.3408,196.344,-1.56906],"carpPosition":[57.7154,115.364,128.052],"dipPosition":[83.6289,193.393,15.6513],"direction":[0.157828,0.376248,-0.912977],"extended":true,"handId":710,"id":7102,"length":62.3057,"mcpPosition":[64.8157,158.29,73.8748],"pipPosition":[79.4557,183.445,39.7917],"stabilizedTipPosition":[84.5373,196.632,2.01235],"timeVisible":6.3479,"tipPosition":[83.2233,196.576,2.39432],"tipVelocity":[-32.3062,4.03932,4.08314],"tool":false,"touchDistance":-0.272885,"touchZone":"touching","type":2,"width":19.9972},{"bases":[[[0.750309,-0.626954,-0.209679],[0.617919,0.552369,0.559522],[-0.234975,-0.549379,0.801854]],[[0.730355,-0.666766,-0.148339],[0.624947,0.564604,0.539132],[-0.275722,-0.486462,0.829055]],[[0.730355,-0.666766,-0.148339],[0.681806,0.69841,0.217634],[-0.0415093,-0.260088,0.964692]],[[0.730355,-0.666766,-0.148339],[0.671726,0.740497,-0.0211725],[0.123962,-0.0841797,0.98871]]],"btipPosition":[93.3064,173.012,-2.06662],"carpPosition":[68.2766,110.367,124.428],"dipPosition":[95.46,171.55,15.1105],"direction":[0.0415093,0.260088,-0.964692],"extended":true,"handId":710,"id":7103,"length":59.9086,"mcpPosition":[82.9359,144.64,74.4028],"pipPosition":[94.3908,164.85,39.9596],"stabilizedTipPosition":[94.9872,172.622,1.3871],"timeVisible":6.3479,"tipPosition":[91.5022,167.287,1.19171],"tipVelocity":[-34.1814,11.0155,1.1139],"tool":false,"touchDistance":-0.270413,"touchZone":"touching","type":3,"width":19.0286},{"bases":[[[0.605589,-0.768916,-0.205011],[0.703894,0.397409,0.588727],[-0.371208,-0.500833,0.781902]],[[0.60654,-0.767628,-0.207018],[0.739447,0.448992,0.501622],[-0.29211,-0.457333,0.839952]],[[0.60654,-0.767628,-0.207018],[0.791778,0.606816,0.0697339],[0.072092,-0.206209,0.975849]],[[0.60654,-0.767628,-0.207018],[0.756923,0.637201,-0.145058],[0.243263,-0.0687131,0.967523]]],"btipPosition":[101.095,148.267,12.6571],"carpPosition":[75.2637,99.4558,118.683],"dipPosition":[104.994,147.166,28.1642],"direction":[-0.072092,0.206209,-0.975849],"extended":true,"handId":710,"id":7104,"length":46.9672,"mcpPosition":[96.7012,128.379,73.5281],"pipPosition":[106.305,143.416,45.9116],"stabilizedTipPosition":[101.864,146.415,15.8945],"timeVisible":6.3479,"tipPosition":[94.5457,139.125,16.0754],"tipVelocity":[-20.9001,23.1923,5.23611],"tool":false,"touchDistance":-0.266566,"touchZone":"touching","type":4,"width":16.9027}],"r":[[0.862459,0.00463444,0.506105],[0.212952,0.903816,-0.37117],[-0.459146,0.427895,0.778518]],"s":1.22935,"t":[58.9801,-71.8384,-69.7714],"timestamp":746876448411},{"currentFrameRate":113.885,"devices":[],"gestures":[],"hands":[{"armBasis":[[0.892265,-0.41613,-0.175211],[-0.241479,-0.767701,0.593568],[-0.381511,-0.48731,-0.785479]],"armWidth":65.9728,"confidence":1,"direction":[0.189446,0.698921,-0.689652],"elbow":[-52.6638,-51.6157,-86.4156],"grabAngle":0.521263,"grabStrength":0,"id":710,"palmNormal":[-0.416102,-0.579039,-0.701123],"palmPosition":[60.8793,137.043,87.6356],"palmVelocity":[-1.38756,-1.62543,11.3783],"palmWidth":90.6381,"pinchDistance":88.3688,"pinchStrength":0,"r":[[0.86357,0.00378519,0.504214],[0.212628,0.903981,-0.370955],[-0.457204,0.427556,0.779846]],"s":1.22543,"sphereCenter":[58.886,92.5582,5.91748],"sphereRadius":98.8402,"stabilizedPalmPosition":[53.7924,130.398,86.5967],"t":[58.9694,-71.8565,-69.6473],"timeVisible":6.35652,"type":"right","wrist":[49.9276,79.4258,124.806]}],"id":1309927,"interactionBox":{"center":[0,200,0],"size":[235.247,235.247,147.751]},"pointables":[{"bases":[[[0.767018,0.485367,0.419645],[-0.603603,0.324035,0.728468],[0.217595,-0.812047,0.54151]],[[0.605695,0.780517,0.154686],[-0.559472,0.279518,0.780295],[0.565796,-0.559163,0.60598]],[[0.605695,0.780517,0.154686],[-0.653275,0.376806,0.656695],[0.454274,-0.498809,0.738122]],[[0.605695,0.780517,0.154686],[-0.583854,0.303879,0.752842],[0.5406,-0.546307,0.639766]]],"btipPosition":[-25.4383,157.572,58.8649],"carpPosition":[28.86,102.067,126.319],"dipPosition":[-13.6726,145.682,72.7889],"direction":[-0.454274,0.498809,-0.738122],"extended":true,"handId":710,"id":7100,"length":48.4654,"mcpPosition":[28.86,102.067,126.319],"pipPosition":[0.73112,129.867,96.1926],"stabilizedTipPosition":[-28.8707,149.442,61.5361],"timeVisible":6.35652,"tipPosition":[-29.5769,150.835,64.373],"tipVelocity":[47.7248,1.37994,0.474573],"tool":false,"touchDistance":0.163406,"touchZone":"hovering","type":0,"width":21.3162},{"bases":[[[0.908547,-0.296481,-0.294348],[0.417051,0.685294,0.597026],[0.0247085,-0.665185,0.74627]],[[0.875973,-0.478232,-0.0629716],[0.357634,0.556308,0.75008],[-0.32368,-0.67957,0.658343]],[[0.875973,-0.478232,-0.0629716],[0.42024,0.692546,0.586326],[-0.236789,-0.540069,0.807624]],[[0.875973,-0.478232,-0.0629716],[0.459562,0.78777,0.410148],[-0.146539,-0.388218,0.909842]]],"btipPosition":[64.8984,211.618,17.5758],"carpPosition":[46.1266,117.412,131.178],"dipPosition":[62.5701,205.45,32.032],"direction":[0.236789,0.540069,-0.807624],"extended":true,"handId":710,"id":7101,"length":54.6878,"mcpPosition":[44.3158,166.16,76.4877],"pipPosition":[57.2478,193.31,50.1851],"stabilizedTipPosition":[62.3062,214.777,25.0951],"timeVisible":6.35652,"tipPosition":[60.8759,211.587,20.4607],"tipVelocity":[-18.3845,2.13069,10.1189],"tool":false,"touchDistance":-0.0960538,"touchZone":"touching","type":1,"width":20.3612},{"bases":[[[0.819034,-0.496077,-0.288255],[0.565089,0.610535,0.554907],[-0.0992869,-0.617378,0.780376]],[[0.780592,-0.613412,-0.120009],[0.534759,0.556014,0.636302],[-0.323589,-0.560868,0.762048]],[[0.780592,-0.613412,-0.120009],[0.605212,0.693786,0.390359],[-0.15619,-0.377342,0.912808]],[[0.780592,-0.613412,-0.120009],[0.624858,0.770494,0.126058],[0.0151408,-0.173389,0.984737]]],"btipPosition":[83.1102,196.423,-1.55845],"carpPosition":[57.8397,115.368,128.182],"dipPosition":[83.3748,193.393,15.6504],"direction":[0.15619,0.377342,-0.912808],"extended":true,"handId":710,"id":7102,"length":62.3124,"mcpPosition":[64.74,158.275,73.9468],"pipPosition":[79.2444,183.415,39.789],"stabilizedTipPosition":[84.4735,196.59,2.03042],"timeVisible":6.35652,"tipPosition":[82.9075,196.527,2.39309],"tipVelocity":[-27.3659,7.07599,0.923014],"tool":false,"touchDistance":-0.272752,"touchZone":"touching","type":2,"width":19.9974},{"bases":[[[0.750551,-0.626126,-0.21128],[0.618708,0.55354,0.557489],[-0.232106,-0.549144,0.802849]],[[0.731094,-0.665435,-0.150656],[0.625841,0.566133,0.536485],[-0.271705,-0.486508,0.830353]],[[0.731094,-0.665435,-0.150656],[0.681176,0.699363,0.216543],[-0.0387326,-0.260936,0.964579]],[[0.731094,-0.665435,-0.150656],[0.671391,0.740958,-0.0146657],[0.121389,-0.0904267,0.988478]]],"btipPosition":[93.059,173.154,-2.08948],"carpPosition":[68.3982,110.381,124.531],"dipPosition":[95.1682,171.583,15.0854],"direction":[0.0387326,0.260936,-0.964579],"extended":true,"handId":710,"id":7103,"length":59.915,"mcpPosition":[82.8811,144.647,74.4352],"pipPosition":[94.1704,164.861,39.9343],"stabilizedTipPosition":[94.9023,172.632,1.41496],"timeVisible":6.35652,"tipPosition":[91.2416,167.309,1.19429],"tipVelocity":[-29.8654,13.5438,-2.70895],"tool":false,"touchDistance":-0.270802,"touchZone":"touching","type":3,"width":19.0288},{"bases":[[[0.606028,-0.768271,-0.206128],[0.704961,0.398711,0.586565],[-0.368456,-0.500788,0.783232]],[[0.607852,-0.765773,-0.210018],[0.739854,0.450157,0.499974],[-0.288326,-0.459293,0.840189]],[[0.607852,-0.765773,-0.210018],[0.790711,0.607972,0.071738],[0.07275,-0.20967,0.975062]],[[0.607852,-0.765773,-0.210018],[0.756374,0.638895,-0.140397],[0.241692,-0.0735113,0.967564]]],"btipPosition":[100.95,148.496,12.6624],"carpPosition":[75.3842,99.4751,118.774],"dipPosition":[104.824,147.317,28.1718],"direction":[-0.07275,0.20967,-0.975062],"extended":true,"handId":710,"id":7104,"length":46.9723,"mcpPosition":[96.6666,128.401,73.5341],"pipPosition":[106.147,143.504,45.9069],"stabilizedTipPosition":[101.863,146.482,15.9069],"timeVisible":6.35652,"tipPosition":[94.4521,139.245,16.0841],"tipVelocity":[-17.514,24.4148,0.677045],"tool":false,"touchDistance":-0.266469,"touchZone":"touching","type":4,"width":16.9029}],"r":[[0.86357,0.00378519,0.504214],[0.212628,0.903981,-0.370955],[-0.457204,0.427556,0.779846]],"s":1.22543,"t":[58.9694,-71.8565,-69.6473],"timestamp":746876457037},{"currentFrameRate":112.915,"devices":[],"gestures":[],"hands":[{"armBasis":[[0.891612,-0.416083,-0.178613],[-0.238951,-0.767431,0.594938],[-0.384617,-0.487774,-0.783675]],"armWidth":65.9729,"confidence":1,"direction":[0.186792,0.698474,-0.690827],"elbow":[-53.3849,-51.7224,-85.807],"grabAngle":0.513636,"grabStrength":0,"id":710,"palmNormal":[-0.416909,-0.58038,-0.699532],"palmPosition":[60.8735,137.058,87.6977],"palmVelocity":[-0.557365,1.33369,5.89675],"palmWidth":90.6364,"pinchDistance":87.9262,"pinchStrength":0,"r":[[0.864693,0.00346457,0.502289],[0.211929,0.904097,-0.371072],[-0.455404,0.427313,0.781032]],"s":1.22162,"sphereCenter":[59.3969,91.8978,5.71607],"sphereRadius":99.3207,"stabilizedPalmPosition":[53.7936,130.399,86.5969],"t":[58.9611,-71.8585,-69.5542],"timeVisible":6.36705,"type":"right","wrist":[50.06,79.4674,124.967]}],"id":1309928,"interactionBox":{"center":[0,200,0],"size":[235.247,235.247,147.751]},"pointables":[{"bases":[[[0.767295,0.486928,0.417324],[-0.602354,0.323915,0.729554],[0.220063,-0.81116,0.541841]],[[0.606939,0.77948,0.155035],[-0.561285,0.282304,0.777987],[0.562658,-0.559209,0.608852]],[[0.606939,0.77948,0.155035],[-0.654129,0.37916,0.654487],[0.451377,-0.498647,0.740007]],[[0.606939,0.77948,0.155035],[-0.587622,0.308796,0.747894],[0.535094,-0.545028,0.64546]]],"btipPosition":[-24.9511,157.555,58.7044],"carpPosition":[28.9912,102.069,126.5],"dipPosition":[-13.3023,145.69,72.7559],"direction":[-0.451377,0.498647,-0.740007],"extended":true,"handId":710,"id":7100,"length":48.478,"mcpPosition":[28.9912,102.069,126.5],"pipPosition":[1.0133,129.875,96.2254],"stabilizedTipPosition":[-28.2736,149.93,61.5723],"timeVisible":6.36705,"tipPosition":[-29.338,150.872,64.5179],"tipVelocity":[43.7098,-1.07549,-12.4611],"tool":false,"touchDistance":0.16122,"touchZone":"hovering","type":0,"width":21.3147},{"bases":[[[0.908283,-0.29546,-0.296186],[0.417456,0.686528,0.595323],[0.027446,-0.664366,0.746903]],[[0.876258,-0.477619,-0.0636636],[0.358405,0.557755,0.748636],[-0.322054,-0.678815,0.659918]],[[0.876258,-0.477619,-0.0636636],[0.419981,0.692297,0.586806],[-0.236195,-0.540931,0.807221]],[[0.876258,-0.477619,-0.0636636],[0.458515,0.785912,0.414858],[-0.14811,-0.392713,0.907656]]],"btipPosition":[64.7726,211.674,17.6103],"carpPosition":[46.2494,117.456,131.292],"dipPosition":[62.4187,205.432,32.0355],"direction":[0.236195,0.540931,-0.807221],"extended":true,"handId":710,"id":7101,"length":54.702,"mcpPosition":[44.2381,166.143,76.5566],"pipPosition":[57.1083,193.27,50.1842],"stabilizedTipPosition":[62.3196,214.745,25.0662],"timeVisible":6.36705,"tipPosition":[60.6435,211.516,20.4507],"tipVelocity":[-12.5067,3.69785,2.59386],"tool":false,"touchDistance":-0.0955986,"touchZone":"touching","type":1,"width":20.3598},{"bases":[[[0.819076,-0.49518,-0.289673],[0.565503,0.611941,0.552932],[-0.0965383,-0.616705,0.781253]],[[0.781188,-0.612425,-0.121166],[0.535535,0.55763,0.634233],[-0.320854,-0.560344,0.763588]],[[0.781188,-0.612425,-0.121166],[0.60479,0.694255,0.390178],[-0.154834,-0.378083,0.912732]],[[0.781188,-0.612425,-0.121166],[0.624148,0.770374,0.130242],[0.0135801,-0.177369,0.984051]]],"btipPosition":[82.9151,196.508,-1.60476],"carpPosition":[57.9622,115.425,128.27],"dipPosition":[83.1525,193.408,15.5965],"direction":[0.154834,0.378083,-0.912732],"extended":true,"handId":710,"id":7102,"length":62.3286,"mcpPosition":[64.6713,158.284,73.9752],"pipPosition":[79.0569,183.407,39.7394],"stabilizedTipPosition":[84.3877,196.545,2.04875],"timeVisible":6.36705,"tipPosition":[82.6164,196.477,2.34141],"tipVelocity":[-19.1192,6.50626,-4.56198],"tool":false,"touchDistance":-0.273553,"touchZone":"touching","type":2,"width":19.996},{"bases":[[[0.750966,-0.625248,-0.2124],[0.619212,0.555028,0.555446],[-0.229404,-0.548642,0.803969]],[[0.731964,-0.664077,-0.152417],[0.626408,0.567892,0.533958],[-0.268033,-0.486313,0.83166]],[[0.731964,-0.664077,-0.152417],[0.68037,0.700443,0.215583],[-0.0364041,-0.261499,0.964517]],[[0.731964,-0.664077,-0.152417],[0.67102,0.741398,-0.00776049],[0.118155,-0.0965947,0.988286]]],"btipPosition":[92.8609,173.309,-2.15893],"carpPosition":[68.5228,110.447,124.6],"dipPosition":[94.9144,171.63,15.0171],"direction":[0.0364041,0.261499,-0.964517],"extended":true,"handId":710,"id":7103,"length":59.9306,"mcpPosition":[82.8368,144.681,74.435],"pipPosition":[93.9763,164.892,39.8708],"stabilizedTipPosition":[94.793,172.653,1.44118],"timeVisible":6.36705,"tipPosition":[91.0128,167.339,1.16031],"tipVelocity":[-20.0326,12.3489,-6.5708],"tool":false,"touchDistance":-0.271956,"touchZone":"touching","type":3,"width":19.0275},{"bases":[[[0.606664,-0.7676,-0.206759],[0.70576,0.400356,0.58448],[-0.36587,-0.500505,0.784623]],[[0.60932,-0.763923,-0.212485],[0.739992,0.451579,0.498486],[-0.284852,-0.460975,0.840453]],[[0.60932,-0.763923,-0.212485],[0.789541,0.609257,0.073691],[0.0731635,-0.212667,0.974382]],[[0.60932,-0.763923,-0.212485],[0.755875,0.640562,-0.135399],[0.239544,-0.0781104,0.967738]]],"btipPosition":[100.843,148.734,12.6315],"carpPosition":[75.5137,99.542,118.838],"dipPosition":[104.684,147.482,28.1477],"direction":[-0.0731635,0.212667,-0.974382],"extended":true,"handId":710,"id":7104,"length":46.9845,"mcpPosition":[96.6463,128.451,73.5181],"pipPosition":[106.015,143.613,45.875],"stabilizedTipPosition":[101.857,146.574,15.9206],"timeVisible":6.36705,"tipPosition":[94.3895,139.376,16.0668],"tipVelocity":[-10.845,21.0691,-2.78637],"tool":false,"touchDistance":-0.266958,"touchZone":"touching","type":4,"width":16.9017}],"r":[[0.864693,0.00346457,0.502289],[0.211929,0.904097,-0.371072],[-0.455404,0.427313,0.781032]],"s":1.22162,"t":[58.9611,-71.8585,-69.5542],"timestamp":746876467567},{"currentFrameRate":113.771,"devices":[],"gestures":[],"hands":[{"armBasis":[[0.891066,-0.4161,-0.181281],[-0.237091,-0.76731,0.595838],[-0.387027,-0.48795,-0.782378]],"armWidth":65.952,"confidence":1,"direction":[0.184824,0.698244,-0.691589],"elbow":[-53.9163,-51.7474,-85.3398],"grabAngle":0.507266,"grabStrength":0,"id":710,"palmNormal":[-0.417614,-0.581218,-0.698416],"palmPosition":[60.8859,137.054,87.7535],"palmVelocity":[1.70522,-0.548371,7.64141],"palmWidth":90.6418,"pinchDistance":87.6932,"pinchStrength":0,"r":[[0.865771,0.00344165,0.500429],[0.211052,0.904188,-0.371351],[-0.45376,0.427121,0.782093]],"s":1.21836,"sphereCenter":[59.9581,91.6181,5.72654],"sphereRadius":99.4633,"stabilizedPalmPosition":[53.7942,130.4,86.597],"t":[58.9632,-71.8615,-69.4798],"timeVisible":6.37436,"type":"right","wrist":[50.1749,79.4873,125.081]}],"id":1309929,"interactionBox":{"center":[0,200,0],"size":[235.247,235.247,147.751]},"pointables":[{"bases":[[[0.767575,0.487944,0.41562],[-0.601335,0.323754,0.730465],[0.221868,-0.810613,0.541923]],[[0.607298,0.779298,0.154544],[-0.562758,0.284648,0.776066],[0.560796,-0.558275,0.611422]],[[0.607298,0.779298,0.154544],[-0.654472,0.380446,0.653397],[0.450395,-0.497952,0.741073]],[[0.607298,0.779298,0.154544],[-0.590961,0.313091,0.743464],[0.530993,-0.542834,0.650674]]],"btipPosition":[-24.6253,157.434,58.5542],"carpPosition":[29.1106,102.057,126.635],"dipPosition":[-13.0626,145.614,72.7231],"direction":[-0.450395,0.497952,-0.741073],"extended":true,"handId":710,"id":7100,"length":48.4914,"mcpPosition":[29.1106,102.057,126.635],"pipPosition":[1.2258,129.817,96.2329],"stabilizedTipPosition":[-27.8908,150.22,61.5869],"timeVisible":6.37436,"tipPosition":[-29.1524,150.886,64.6411],"tipVelocity":[41.8547,-15.1346,-16.8497],"tool":false,"touchDistance":0.159166,"touchZone":"hovering","type":0,"width":21.3053},{"bases":[[[0.908031,-0.294733,-0.297678],[0.417864,0.687303,0.594142],[0.029482,-0.663888,0.747251]],[[0.876392,-0.477294,-0.0642383],[0.358763,0.558044,0.748248],[-0.321287,-0.678805,0.660301]],[[0.876392,-0.477294,-0.0642383],[0.419567,0.691205,0.588387],[-0.236432,-0.54261,0.806024]],[[0.876392,-0.477294,-0.0642383],[0.457648,0.783826,0.419732],[-0.149984,-0.397249,0.905372]]],"btipPosition":[64.746,211.768,17.7111],"carpPosition":[46.3621,117.46,131.39],"dipPosition":[62.3617,205.453,32.104],"direction":[0.236432,0.54261,-0.806024],"extended":true,"handId":710,"id":7101,"length":54.7171,"mcpPosition":[44.2014,166.115,76.6258],"pipPosition":[57.0445,193.25,50.2308],"stabilizedTipPosition":[62.3277,214.726,25.0486],"timeVisible":6.37436,"tipPosition":[60.5095,211.455,20.4701],"tipVelocity":[-4.5915,10.5558,12.779],"tool":false,"touchDistance":-0.0940414,"touchZone":"touching","type":1,"width":20.3508},{"bases":[[[0.819037,-0.494538,-0.29088],[0.565907,0.612838,0.551524],[-0.0944865,-0.616329,0.781799]],[[0.78151,-0.611843,-0.122028],[0.53592,0.558206,0.6334],[-0.319425,-0.560405,0.764142]],[[0.78151,-0.611843,-0.122028],[0.60441,0.693983,0.391249],[-0.154698,-0.37952,0.912159]],[[0.78151,-0.611843,-0.122028],[0.623785,0.769924,0.13457],[0.0116161,-0.181287,0.983362]]],"btipPosition":[82.8528,196.619,-1.58679],"carpPosition":[58.0704,115.439,128.347],"dipPosition":[83.0559,193.449,15.6072],"direction":[0.154698,0.37952,-0.912159],"extended":true,"handId":710,"id":7102,"length":62.3458,"mcpPosition":[64.6373,158.275,74.0116],"pipPosition":[78.9628,183.408,39.7415],"stabilizedTipPosition":[84.3279,196.518,2.06157],"timeVisible":6.37436,"tipPosition":[82.4187,196.436,2.32231],"tipVelocity":[-9.60608,12.9884,2.22738],"tool":false,"touchDistance":-0.273282,"touchZone":"touching","type":2,"width":19.9872},{"bases":[[[0.751199,-0.624627,-0.213405],[0.619677,0.55598,0.553973],[-0.227378,-0.548386,0.804719]],[[0.732441,-0.663267,-0.153643],[0.626741,0.568709,0.532697],[-0.265942,-0.486463,0.832243]],[[0.732441,-0.663267,-0.153643],[0.67992,0.700931,0.215416],[-0.0351853,-0.262244,0.96436]],[[0.732441,-0.663267,-0.153643],[0.670983,0.74147,-0.00219363],[0.115376,-0.101485,0.988124]]],"btipPosition":[92.7737,173.437,-2.18625],"carpPosition":[68.6283,110.471,124.661],"dipPosition":[94.7794,171.673,14.9917],"direction":[0.0351853,0.262244,-0.96436],"extended":true,"handId":710,"id":7103,"length":59.9471,"mcpPosition":[82.8168,144.69,74.4462],"pipPosition":[93.8725,164.914,39.8483],"stabilizedTipPosition":[94.7177,172.671,1.45682],"timeVisible":6.37436,"tipPosition":[90.8606,167.372,1.14911],"tipVelocity":[-13.4306,14.8294,-3.67535],"tool":false,"touchDistance":-0.272404,"touchZone":"touching","type":3,"width":19.0191},{"bases":[[[0.607049,-0.767119,-0.207412],[0.706433,0.401412,0.582941],[-0.363927,-0.500397,0.785595]],[[0.610168,-0.762771,-0.214186],[0.740121,0.452316,0.497626],[-0.282695,-0.462159,0.840531]],[[0.610168,-0.762771,-0.214186],[0.788879,0.609924,0.0752439],[0.0732432,-0.214878,0.973891]],[[0.610168,-0.762771,-0.214186],[0.755684,0.641525,-0.131862],[0.237986,-0.0813985,0.967852]]],"btipPosition":[100.791,148.895,12.6149],"carpPosition":[75.6189,99.5699,118.892],"dipPosition":[104.608,147.59,28.1372],"direction":[-0.0732432,0.214878,-0.973891],"extended":true,"handId":710,"id":7104,"length":46.9974,"mcpPosition":[96.6406,128.474,73.5137],"pipPosition":[105.941,143.679,45.8604],"stabilizedTipPosition":[101.85,146.641,15.9294],"timeVisible":6.37436,"tipPosition":[94.3514,139.466,16.0612],"tipVelocity":[-7.8644,20.3247,-2.08545],"tool":false,"touchDistance":-0.267212,"touchZone":"touching","type":4,"width":16.8942}],"r":[[0.865771,0.00344165,0.500429],[0.211052,0.904188,-0.371351],[-0.45376,0.427121,0.782093]],"s":1.21836,"t":[58.9632,-71.8615,-69.4798],"timestamp":746876474878},{"currentFrameRate":114.105,"devices":[],"gestures":[],"hands":[{"armBasis":[[0.890352,-0.416477,-0.183904],[-0.235335,-0.766803,0.597186],[-0.389732,-0.488426,-0.780736]],"armWidth":65.9325,"confidence":1,"direction":[0.183023,0.697544,-0.692774],"elbow":[-54.5321,-51.8263,-84.7614],"grabAngle":0.501197,"grabStrength":0,"id":710,"palmNormal":[-0.417848,-0.582665,-0.697068],"palmPosition":[60.9193,137.06,87.8016],"palmVelocity":[4.07831,0.781399,5.87269],"palmWidth":90.6586,"pinchDistance":87.4787,"pinchStrength":0,"r":[[0.866765,0.0037707,0.498702],[0.210026,0.904213,-0.371871],[-0.452335,0.427066,0.782948]],"s":1.2155,"sphereCenter":[60.6352,91.2703,5.75473],"sphereRadius":99.6219,"stabilizedPalmPosition":[53.795,130.401,86.5971],"t":[58.981,-71.8599,-69.4185],"timeVisible":6.38256,"type":"right","wrist":[50.2929,79.5442,125.231]}],"id":1309930,"interactionBox":{"center":[0,200,0],"size":[235.247,235.247,147.751]},"pointables":[{"bases":[[[0.767538,0.489444,0.41392],[-0.600739,0.323991,0.730851],[0.223604,-0.809614,0.542704]],[[0.607263,0.779514,0.153588],[-0.564794,0.287587,0.773499],[0.558784,-0.556463,0.614906]],[[0.607263,0.779514,0.153588],[-0.655329,0.382144,0.651544],[0.449195,-0.49631,0.7429]],[[0.607263,0.779514,0.153588],[-0.595127,0.318222,0.737942],[0.526361,-0.53953,0.657154]]],"btipPosition":[-24.2701,157.25,58.3061],"carpPosition":[29.2382,102.075,126.775],"dipPosition":[-12.8039,145.497,72.6216],"direction":[-0.449195,0.49631,-0.7429],"extended":true,"handId":710,"id":7100,"length":48.5098,"mcpPosition":[29.2382,102.075,126.775],"pipPosition":[1.4518,129.746,96.1983],"stabilizedTipPosition":[-27.503,150.488,61.5877],"timeVisible":6.38256,"tipPosition":[-28.9241,150.873,64.6903],"tipVelocity":[40.652,-20.6579,-26.1698],"tool":false,"touchDistance":0.155594,"touchZone":"hovering","type":0,"width":21.2959},{"bases":[[[0.907988,-0.294014,-0.298521],[0.417825,0.688611,0.592652],[0.0313168,-0.66285,0.748097]],[[0.876662,-0.476829,-0.0640196],[0.358615,0.558942,0.747649],[-0.320717,-0.678393,0.661001]],[[0.876662,-0.476829,-0.0640196],[0.418767,0.690772,0.589464],[-0.236851,-0.54357,0.805254]],[[0.876662,-0.476829,-0.0640196],[0.45646,0.782308,0.423837],[-0.152015,-0.400784,0.903473]]],"btipPosition":[64.7543,211.819,17.7397],"carpPosition":[46.4784,117.5,131.494],"dipPosition":[62.3367,205.445,32.1078],"direction":[0.236851,0.54357,-0.805254],"extended":true,"handId":710,"id":7101,"length":54.7379,"mcpPosition":[44.1829,166.088,76.6572],"pipPosition":[57.0081,193.216,50.2242],"stabilizedTipPosition":[62.3368,214.705,25.0292],"timeVisible":6.38256,"tipPosition":[60.4111,211.358,20.4277],"tipVelocity":[0.072453,4.61978,2.78967],"tool":false,"touchDistance":-0.0936606,"touchZone":"touching","type":1,"width":20.3418},{"bases":[[[0.819249,-0.493919,-0.291335],[0.565902,0.614271,0.549932],[-0.0926631,-0.615398,0.782751]],[[0.782029,-0.611172,-0.122064],[0.535858,0.559348,0.632445],[-0.318256,-0.559999,0.764928]],[[0.782029,-0.611172,-0.122064],[0.603726,0.694243,0.391842],[-0.154741,-0.380125,0.911899]],[[0.782029,-0.611172,-0.122064],[0.623168,0.769814,0.138018],[0.00961353,-0.184001,0.982879]]],"btipPosition":[82.8322,196.673,-1.62156],"carpPosition":[58.1847,115.49,128.437],"dipPosition":[83.0003,193.454,15.5705],"direction":[0.154741,0.380125,-0.911899],"extended":true,"handId":710,"id":7102,"length":62.3694,"mcpPosition":[64.6261,158.269,74.0254],"pipPosition":[78.9046,183.393,39.7071],"stabilizedTipPosition":[84.2694,196.495,2.07245],"timeVisible":6.38256,"tipPosition":[82.2698,196.35,2.26266],"tipVelocity":[-3.49518,5.18222,-4.29783],"tool":false,"touchDistance":-0.273868,"touchZone":"touching","type":2,"width":19.9784},{"bases":[[[0.751676,-0.623988,-0.213593],[0.619745,0.557483,0.552384],[-0.225607,-0.547587,0.80576]],[[0.733135,-0.662415,-0.154009],[0.626661,0.570018,0.53139],[-0.264213,-0.486092,0.83301]],[[0.733135,-0.662415,-0.154009],[0.679213,0.70173,0.215046],[-0.034377,-0.262263,0.964384]],[[0.733135,-0.662415,-0.154009],[0.670753,0.741675,0.00296423],[0.112261,-0.105475,0.988065]]],"btipPosition":[92.746,173.519,-2.23957],"carpPosition":[68.7434,110.53,124.742],"dipPosition":[94.6983,171.684,14.9439],"direction":[0.034377,0.262263,-0.964384],"extended":true,"handId":710,"id":7103,"length":59.9698,"mcpPosition":[82.8239,144.706,74.4534],"pipPosition":[93.8119,164.922,39.8105],"stabilizedTipPosition":[94.6448,172.691,1.46907],"timeVisible":6.38256,"tipPosition":[90.7647,167.361,1.12231],"tipVelocity":[-4.8772,7.96392,-6.35595],"tool":false,"touchDistance":-0.273271,"touchZone":"touching","type":3,"width":19.0107},{"bases":[[[0.607711,-0.766649,-0.207213],[0.706731,0.40306,0.581441],[-0.362241,-0.499792,0.786759]],[[0.611279,-0.761646,-0.215019],[0.739853,0.453497,0.496949],[-0.280988,-0.462857,0.840719]],[[0.611279,-0.761646,-0.215019],[0.788054,0.610801,0.0767699],[0.0728626,-0.216375,0.973588]],[[0.611279,-0.761646,-0.215019],[0.755423,0.642534,-0.128401],[0.235953,-0.0839415,0.968132]]],"btipPosition":[100.803,149.025,12.5966],"carpPosition":[75.7391,99.6303,118.978],"dipPosition":[104.589,147.678,28.1293],"direction":[-0.0728626,0.216375,-0.973588],"extended":true,"handId":710,"id":7104,"length":47.0152,"mcpPosition":[96.6672,128.505,73.5237],"pipPosition":[105.915,143.739,45.8538],"stabilizedTipPosition":[101.844,146.718,15.9383],"timeVisible":6.38256,"tipPosition":[94.3716,139.528,16.0619],"tipVelocity":[0.540028,14.662,-1.93495],"tool":false,"touchDistance":-0.267476,"touchZone":"touching","type":4,"width":16.8868}],"r":[[0.866765,0.0037707,0.498702],[0.210026,0.904213,-0.371871],[-0.452335,0.427066,0.782948]],"s":1.2155,"t":[58.981,-71.8599,-69.4185],"timestamp":746876483069},{"currentFrameRate":114.167