{"frames":80,"data":[{"currentFrameRate":114.239,"devices":[],"gestures":[],"hands":[{"armBasis":[[0.609476,-0.489963,-0.623278],[0.615252,0.788127,-0.0179246],[0.500005,-0.372548,0.781795]],"armWidth":63.4054,"confidence":1,"direction":[-0.074321,0.0349686,-0.996621],"elbow":[189.8,-9.40619,332.943],"grabAngle":2.49874,"grabStrength":0,"id":798,"palmNormal":[-0.615229,-0.788138,0.018226],"palmPosition":[40.8725,95.2866,58.2628],"palmVelocity":[-1.82217,9.5695,9.96693],"palmWidth":87.9125,"pinchDistance":58.0612,"pinchStrength":0.847786,"r":[[0.993317,0.0818009,-0.0814255],[-0.0916264,0.987875,-0.125328],[0.0701863,0.131952,0.988768]],"s":0.919565,"sphereCenter":[36.959,46.3761,41.169],"sphereRadius":50.4517,"stabilizedPalmPosition":[42.7131,100.156,58.8003],"t":[6.97167,-41.8742,-12.8199],"timeVisible":1.94258,"type":"right","wrist":[59.3645,87.7797,128.998]}],"id":1366143,"interactionBox":{"center":[0,200,0],"size":[235.247,235.247,147.751]},"pointables":[{"bases":[[[0.761217,-0.59991,-0.246286],[0.578007,0.799837,-0.16177],[0.294036,-0.0192132,0.955601]],[[0.813331,-0.548544,0.193886],[0.574941,0.808823,-0.123487],[-0.0890812,0.211908,0.973221]],[[0.813331,-0.548544,0.193886],[0.574941,0.808823,-0.123487],[-0.0890812,0.211908,0.973221]],[[0.813331,-0.548544,0.193886],[0.510562,0.513158,-0.689924],[0.27896,0.660128,0.697433]]],"btipPosition":[22.5005,89.0333,-35.4154],"carpPosition":[42.2772,111.275,104.013],"dipPosition":[26.912,99.4728,-24.3859],"direction":[0.0890812,-0.211908,-0.973221],"extended":true,"handId":798,"id":7981,"length":54.432,"mcpPosition":[21.3767,112.64,36.088],"pipPosition":[24.9191,104.214,-2.61299],"stabilizedTipPosition":[25.0656,91.8459,-33.1065],"timeVisible":1.94258,"tipPosition":[18.6143,88.8795,-31.8844],"tipVelocity":[-27.4282,-3.14288,19.8496],"tool":false,"touchDistance":0.306291,"touchZone":"hovering","type":1,"width":19.4926},{"bases":[[[0.851592,0.46448,-0.243002],[-0.327488,0.833369,0.44525],[0.40932,-0.299591,0.861802]],[[0.74856,0.516386,-0.415937],[-0.548669,0.834617,0.0487418],[0.372318,0.191726,0.908086]],[[0.74856,0.516386,-0.415937],[-0.630277,0.748961,-0.20447],[0.205935,0.415213,0.886109]],[[0.74856,0.516386,-0.415937],[-0.646901,0.431078,-0.62904],[-0.145526,0.739944,0.656738]]],"btipPosition":[4.00355,62.4329,29.2981],"carpPosition":[25.3068,100.812,115.285],"dipPosition":[0.851117,78.4618,43.5245],"direction":[-0.205935,-0.415213,-0.886109],"extended":false,"handId":798,"id":7980,"length":48.2387,"mcpPosition":[25.3068,100.812,115.285],"pipPosition":[7.35018,91.5654,71.489],"stabilizedTipPosition":[3.52594,67.2811,31.4403],"timeVisible":1.94258,"tipPosition":[-0.565543,71.9863,32.5709],"tipVelocity":[20.4639,-8.66031,12.8999],"tool":false,"touchDistance":0.344692,"touchZone":"hovering","type":0,"width":20.4068},{"bases":[[[0.684179,-0.724494,-0.0837063],[0.704693,0.686284,-0.180059],[0.187898,0.0642057,0.980088]],[[0.694215,-0.71934,-0.0247857],[0.150417,0.178666,-0.972344],[0.703875,0.671288,0.232233]],[[0.694215,-0.71934,-0.0247857],[-0.672824,-0.636321,-0.377364],[0.255681,0.278648,-0.925733]],[[0.694215,-0.71934,-0.0247857],[-0.71176,-0.691207,0.12502],[-0.107064,-0.069149,-0.991845]]],"btipPosition":[3.08307,65.1325,65.4958],"carpPosition":[52.0192,105.541,100.305],"dipPosition":[1.22083,63.9297,48.2438],"direction":[-0.255681,-0.278648,0.925733],"extended":false,"handId":798,"id":7982,"length":62.0209,"mcpPosition":[39.3533,101.213,34.2388],"pipPosition":[7.95051,71.2639,23.878],"stabilizedTipPosition":[4.86245,68.0663,62.5934],"timeVisible":1.94258,"tipPosition":[2.67853,64.7981,63.8686],"tipVelocity":[5.88749,7.43625,-3.72154],"tool":false,"touchDistance":0.333333,"touchZone":"none","type":2,"width":19.1443},{"bases":[[[0.64929,-0.756809,0.0752474],[0.757405,0.634466,-0.154245],[0.0689921,0.157143,0.985163]],[[0.652259,-0.746024,0.134186],[0.224401,0.0209562,-0.974271],[0.724018,0.665589,0.181078]],[[0.652259,-0.746024,0.134186],[-0.698654,-0.660364,-0.275322],[0.294008,0.0858312,-0.951941]],[[0.652259,-0.746024,0.134186],[-0.75763,-0.636145,0.146002],[-0.0235588,-0.196895,-0.980142]]],"btipPosition":[19.3156,61.6979,72.6298],"carpPosition":[60.5643,97.5297,98.3827],"dipPosition":[18.9082,58.2928,55.6794],"direction":[-0.294008,-0.0858312,0.951941],"extended":false,"handId":798,"id":7983,"length":59.6348,"mcpPosition":[56.3888,88.0192,38.7593],"pipPosition":[26.4469,60.4936,31.2708],"stabilizedTipPosition":[21.0754,64.6207,68.6094],"timeVisible":1.94258,"tipPosition":[18.6541,60.5055,69.2166],"tipVelocity":[3.46776,4.1294,1.84724],"tool":false,"touchDistance":0.333333,"touchZone":"none","type":3,"width":18.217},{"bases":[[[0.518781,-0.827894,0.213208],[0.852273,0.520404,-0.0530166],[-0.0670622,0.209215,0.975567]],[[0.522987,-0.849792,0.0658651],[0.252815,0.0808626,-0.96413],[0.813984,0.520879,0.25713]],[[0.522987,-0.849792,0.0658651],[-0.758361,-0.499204,-0.419146],[0.389067,0.169258,-0.905527]],[[0.522987,-0.849792,0.0658651],[-0.851887,-0.518623,0.072932],[-0.0278178,-0.094252,-0.99516]]],"btipPosition":[35.8178,54.3746,69.0472],"carpPosition":[65.3007,84.7036,99.8475],"dipPosition":[35.374,52.8708,53.1701],"direction":[-0.389067,-0.169258,0.905527],"extended":false,"handId":798,"id":7984,"length":46.7525,"mcpPosition":[69.0578,72.9825,45.1923],"pipPosition":[42.4175,55.935,36.7768],"stabilizedTipPosition":[37.2833,57.3268,65.2489],"timeVisible":1.94258,"tipPosition":[34.0946,54.1125,65.0453],"tipVelocity":[1.50694,5.45559,-0.73107],"tool":false,"touchDistance":0.333333,"touchZone":"none","type":4,"width":16.1818}],"r":[[0.993317,0.0818009,-0.0814255],[-0.0916264,0.987875,-0.125328],[0.0701863,0.131952,0.988768]],"s":0.919565,"t":[6.97167,-41.8742,-12.8199],"timestamp":747372163500},{"currentFrameRate":114.332,"devices":[],"gestures":[],"hands":[{"armBasis":[[0.610447,-0.487627,-0.624159],[0.613558,0.789473,-0.0167002],[0.500901,-0.372763,0.781119]],"armWidth":63.4054,"confidence":1,"direction":[-0.0747317,0.0370197,-0.996516],"elbow":[190.074,-9.46142,332.844],"grabAngle":2.5011,"grabStrength":0,"id":798,"palmNormal":[-0.613559,-0.789473,0.0166844],"palmPosition":[40.8753,95.3997,58.3613],"palmVelocity":[0.327914,13.1786,11.4744],"palmWidth":87.9125,"pinchDistance":57.9309,"pinchStrength":0.851711,"r":[[0.993245,0.08184,-0.0822597],[-0.0917245,0.987957,-0.124611],[0.0710709,0.131314,0.98879]],"s":0.917125,"sphereCenter":[36.8593,46.6454,41.2049],"sphereRadius":50.2604,"stabilizedPalmPosition":[42.7086,100.144,58.7992],"t":[6.96192,-41.7836,-12.7283],"timeVisible":1.95117,"type":"right","wrist":[59.4049,87.7806,129.075]}],"id":1366144,"interactionBox":{"center":[0,200,0],"size":[235.247,235.247,147.751]},"pointables":[{"bases":[[[0.762397,-0.597755,-0.247869],[0.576263,0.801411,-0.16019],[0.2944,-0.0207098,0.955458]],[[0.814552,-0.547255,0.192398],[0.573631,0.809247,-0.126754],[-0.0863308,0.213613,0.973096]],[[0.814552,-0.547255,0.192398],[0.573631,0.809247,-0.126754],[-0.0863308,0.213613,0.973096]],[[0.814552,-0.547255,0.192398],[0.506981,0.510412,-0.694586],[0.281913,0.663319,0.693205]]],"btipPosition":[22.2416,88.998,-35.1972],"carpPosition":[42.2618,111.289,104.147],"dipPosition":[26.6999,99.4879,-24.2346],"direction":[0.0863308,-0.213613,-0.973096],"extended":true,"handId":798,"id":7981,"length":54.432,"mcpPosition":[21.3355,112.761,36.2315],"pipPosition":[24.7685,104.267,-2.46446],"stabilizedTipPosition":[25.0414,91.84,-33.1007],"timeVisible":1.95117,"tipPosition":[18.7192,89.2032,-31.815],"tipVelocity":[-28.8908,-2.76137,23.6153],"tool":false,"touchDistance":0.309671,"touchZone":"hovering","type":1,"width":19.4926},{"bases":[[[0.850528,0.466813,-0.242257],[-0.329095,0.831688,0.447205],[0.410243,-0.300635,0.860999]],[[0.747564,0.518804,-0.414717],[-0.550918,0.833112,0.0491303],[0.370995,0.191747,0.908623]],[[0.747564,0.518804,-0.414717],[-0.632354,0.746934,-0.20547],[0.203168,0.41585,0.886449]],[[0.747564,0.518804,-0.414717],[-0.647057,0.42796,-0.631005],[-0.149886,0.740062,0.655624]]],"btipPosition":[4.25963,62.3632,29.4014],"carpPosition":[25.3173,100.766,115.401],"dipPosition":[1.01276,78.3946,43.6037],"direction":[-0.203167,-0.41585,-0.886449],"extended":false,"handId":798,"id":7980,"length":48.2387,"mcpPosition":[25.3173,100.766,115.401],"pipPosition":[7.42448,91.5183,71.579],"stabilizedTipPosition":[3.52567,67.2558,31.4655],"timeVisible":1.95117,"tipPosition":[-0.457344,71.9724,32.6322],"tipVelocity":[27.2891,-8.05075,11.3881],"tool":false,"touchDistance":0.345023,"touchZone":"hovering","type":0,"width":20.4068},{"bases":[[[0.685678,-0.722862,-0.08554],[0.703183,0.688167,-0.178773],[0.188094,0.0624304,0.980165]],[[0.695723,-0.717817,-0.0266115],[0.151224,0.182585,-0.971491],[0.702212,0.671864,0.23558]],[[0.695723,-0.717817,-0.0266115],[-0.671501,-0.636784,-0.378937],[0.255062,0.281505,-0.92504]],[[0.695723,-0.717817,-0.0266115],[-0.710082,-0.692873,0.125339],[-0.108409,-0.0683051,-0.991757]]],"btipPosition":[3.17918,65.1801,65.439],"carpPosition":[52.0145,105.584,100.422],"dipPosition":[1.29353,63.992,48.1885],"direction":[-0.255062,-0.281505,0.92504],"extended":false,"handId":798,"id":7982,"length":62.0209,"mcpPosition":[39.3355,101.376,34.3511],"pipPosition":[8.00691,71.4014,23.8409],"stabilizedTipPosition":[4.84843,68.0454,62.586],"timeVisible":1.95117,"tipPosition":[2.74763,64.819,63.8952],"tipVelocity":[10.5644,5.93727,-6.57579],"tool":false,"touchDistance":0.333333,"touchZone":"none","type":2,"width":19.1443},{"bases":[[[0.650911,-0.755602,0.0733533],[0.756012,0.636403,-0.153091],[0.0689937,0.155105,0.985486]],[[0.653877,-0.744942,0.132315],[0.224498,0.0240228,-0.974178],[0.722527,0.666697,0.182946]],[[0.653877,-0.744942,0.132315],[-0.697301,-0.66121,-0.276716],[0.293626,0.088675,-0.951799]],[[0.653877,-0.744942,0.132315],[-0.756236,-0.63806,0.144867],[-0.0234924,-0.194786,-0.980564]]],"btipPosition":[19.3975,61.7318,72.6335],"carpPosition":[60.5759,97.5955,98.4795],"dipPosition":[18.9912,58.3632,55.6758],"direction":[-0.293626,-0.088675,0.951799],"extended":false,"handId":798,"id":7983,"length":59.6348,"mcpPosition":[56.4003,88.2084,38.8366],"pipPosition":[26.52,60.6369,31.2708],"stabilizedTipPosition":[21.0665,64.6023,68.61],"timeVisible":1.95117,"tipPosition":[18.7351,60.5485,69.2445],"tipVelocity":[9.55858,4.93172,0.235617],"tool":false,"touchDistance":0.333333,"touchZone":"none","type":3,"width":18.217},{"bases":[[[0.520599,-0.827268,0.2112],[0.851155,0.522318,-0.0521474],[-0.0671734,0.206911,0.976051]],[[0.5248,-0.848834,0.0637617],[0.252603,0.0837663,-0.963937],[0.812882,0.521981,0.258379]],[[0.5248,-0.848834,0.0637617],[-0.756782,-0.499555,-0.421576],[0.389701,0.172989,-0.904549]],[[0.5248,-0.848834,0.0637617],[-0.850775,-0.52061,0.0717455],[-0.027705,-0.0918989,-0.995383]]],"btipPosition":[35.886,54.4351,69.0319],"carpPosition":[65.3399,84.7763,99.9143],"dipPosition":[35.4439,52.969,53.1513],"direction":[-0.389701,-0.172989,0.904549],"extended":false,"handId":798,"id":7984,"length":46.7525,"mcpPosition":[69.1032,73.1842,45.232],"pipPosition":[42.4989,56.1007,36.7757],"stabilizedTipPosition":[37.2711,57.3005,65.25],"timeVisible":1.95117,"tipPosition":[34.1907,54.1963,65.0557],"tipVelocity":[7.98677,8.0578,-1.87236],"tool":false,"touchDistance":0.333333,"touchZone":"none","type":4,"width":16.1818}],"r":[[0.993245,0.08184,-0.0822597],[-0.0917245,0.987957,-0.124611],[0.0710709,0.131314,0.98879]],"s":0.917125,"t":[6.96192,-41.7836,-12.7283],"timestamp":747372172088},{"currentFrameRate":114.361,"devices":[],"gestures":[],"hands":[{"armBasis":[[0.61072,-0.486387,-0.624858],[0.612727,0.790129,-0.0161705],[0.501584,-0.372992,0.780571]],"armWidth":63.4054,"confidence":1,"direction":[-0.0744354,0.0389714,-0.996464],"elbow":[190.255,-9.53681,332.772],"grabAngle":2.50337,"grabStrength":0,"id":798,"palmNormal":[-0.612824,-0.79008,0.0148779],"palmPosition":[40.8878,95.5003,58.4417],"palmVelocity":[1.43136,11.5659,9.24659],"palmWidth":87.9125,"pinchDistance":57.8003,"pinchStrength":0.856003,"r":[[0.993177,0.0820913,-0.0828273],[-0.0919792,0.988055,-0.123642],[0.0716881,0.130416,0.988864]],"s":0.91441,"sphereCenter":[36.7102,46.9125,41.2319],"sphereRadius":50.0574,"stabilizedPalmPosition":[42.7044,100.133,58.7984],"t":[6.96327,-41.6881,-12.6422],"timeVisible":1.95986,"type":"right","wrist":[59.4073,87.7648,129.146]}],"id":1366145,"interactionBox":{"center":[0,200,0],"size":[235.247,235.247,147.751]},"pointables":[{"bases":[[[0.76304,-0.596536,-0.248827],[0.575565,0.802274,-0.158371],[0.294101,-0.0223724,0.955512]],[[0.815001,-0.54688,0.19156],[0.573359,0.808925,-0.129998],[-0.0838639,0.215781,0.972834]],[[0.815001,-0.54688,0.19156],[0.573359,0.808925,-0.129998],[-0.0838639,0.215781,0.972834]],[[0.815001,-0.54688,0.19156],[0.50434,0.506681,-0.699225],[0.285333,0.66648,0.688759]]],"btipPosition":[22.0378,88.9404,-35.0014],"carpPosition":[42.2441,111.298,104.26],"dipPosition":[26.5501,99.4803,-24.1092],"direction":[0.0838639,-0.215781,-0.972834],"extended":true,"handId":798,"id":7981,"length":54.432,"mcpPosition":[21.339,112.888,36.3407],"pipPosition":[24.6739,104.308,-2.34489],"stabilizedTipPosition":[25.0178,91.8343,-33.0935],"timeVisible":1.95986,"tipPosition":[18.8819,89.5165,-31.7741],"tipVelocity":[-22.0155,-5.3032,20.6556],"tool":false,"touchDistance":0.312664,"touchZone":"hovering","type":1,"width":19.4926},{"bases":[[[0.85017,0.468101,-0.241025],[-0.330023,0.83047,0.448781],[0.410239,-0.301997,0.860524]],[[0.747454,0.520263,-0.413085],[-0.552215,0.832261,0.048994],[0.369284,0.191491,0.909374]],[[0.747454,0.520263,-0.413085],[-0.633552,0.745299,-0.207705],[0.199811,0.416961,0.88669]],[[0.747454,0.520263,-0.413085],[-0.646256,0.425467,-0.633507],[-0.153836,0.740476,0.65424]]],"btipPosition":[4.52211,62.3017,29.4736],"carpPosition":[25.3057,100.736,115.487],"dipPosition":[1.18966,78.3421,43.6459],"direction":[-0.199811,-0.416961,-0.88669],"extended":false,"handId":798,"id":7980,"length":48.2387,"mcpPosition":[25.3057,100.736,115.487],"pipPosition":[7.49544,91.5009,71.6287],"stabilizedTipPosition":[3.53085,67.2273,31.4941],"timeVisible":1.95986,"tipPosition":[-0.341,71.9792,32.6528],"tipVelocity":[27.9266,-6.83098,7.50424],"tool":false,"touchDistance":0.344833,"touchZone":"hovering","type":0,"width":20.4068},{"bases":[[[0.686384,-0.722043,-0.0867772],[0.702597,0.689187,-0.177142],[0.18771,0.0606179,0.980352]],[[0.696405,-0.717109,-0.0278352],[0.153002,0.186256,-0.970515],[0.70115,0.671612,0.239428]],[[0.696405,-0.717109,-0.0278352],[-0.670544,-0.636384,-0.381294],[0.255716,0.2842,-0.924035]],[[0.696405,-0.717109,-0.0278352],[-0.70934,-0.693709,0.124918],[-0.10889,-0.067249,-0.991777]]],"btipPosition":[3.2325,65.2498,65.3332],"carpPosition":[52.0035,105.61,100.527],"dipPosition":[1.3385,64.0801,48.0824],"direction":[-0.255716,-0.2842,0.924035],"extended":false,"handId":798,"id":7982,"length":62.0209,"mcpPosition":[39.3503,101.524,34.4431],"pipPosition":[8.0691,71.5604,23.7613],"stabilizedTipPosition":[4.83705,68.0284,62.5793],"timeVisible":1.95986,"tipPosition":[2.78701,64.8735,63.8818],"tipVelocity":[5.9125,8.50648,-12.1766],"tool":false,"touchDistance":0.333333,"touchZone":"none","type":2,"width":19.1443},{"bases":[[[0.651595,-0.755139,0.0720378],[0.755466,0.63742,-0.151547],[0.0685208,0.15317,0.985821]],[[0.654531,-0.744595,0.131022],[0.225397,0.0267624,-0.973899],[0.721654,0.66698,0.185346]],[[0.654531,-0.744595,0.131022],[-0.696461,-0.661261,-0.278705],[0.294162,0.0911694,-0.951397]],[[0.654531,-0.744595,0.131022],[-0.755684,-0.63905,0.143377],[-0.023028,-0.192856,-0.980957]]],"btipPosition":[19.4375,61.7775,72.6017],"carpPosition":[60.573,97.6331,98.5709],"dipPosition":[19.0392,58.4423,55.6372],"direction":[-0.294162,-0.0911694,0.951397],"extended":false,"handId":798,"id":7983,"length":59.6348,"mcpPosition":[56.426,88.3631,38.9076],"pipPosition":[26.5818,60.78,31.2426],"stabilizedTipPosition":[21.058,64.5845,68.6104],"timeVisible":1.95986,"tipPosition":[18.778,60.6073,69.2454],"tipVelocity":[4.81163,6.14084,-3.83159],"tool":false,"touchDistance":0.333333,"touchZone":"none","type":3,"width":18.217},{"bases":[[[0.521304,-0.827206,0.209695],[0.850682,0.52322,-0.0508034],[-0.0676917,0.204868,0.976446]],[[0.525574,-0.848472,0.0621807],[0.25306,0.086136,-0.963608],[0.812239,0.522183,0.259985]],[[0.525574,-0.848472,0.0621807],[-0.755501,-0.499088,-0.424416],[0.391139,0.176085,-0.90333]],[[0.525574,-0.848472,0.0621807],[-0.850327,-0.521611,0.0697619],[-0.0267569,-0.089539,-0.995624]]],"btipPosition":[35.9035,54.4885,69.0059],"carpPosition":[65.3484,84.8155,99.9812],"dipPosition":[35.4766,53.06,53.1214],"direction":[-0.391139,-0.176085,0.90333],"extended":false,"handId":798,"id":7984,"length":46.7525,"mcpPosition":[69.1408,73.338,45.2768],"pipPosition":[42.5576,56.2478,36.7679],"stabilizedTipPosition":[37.2596,57.2759,65.2508],"timeVisible":1.95986,"tipPosition":[34.2437,54.2768,65.0511],"tipVelocity":[2.41304,7.13644,-3.09478],"tool":false,"touchDistance":0.333333,"touchZone":"none","type":4,"width":16.1818}],"r":[[0.993177,0.0820913,-0.0828273],[-0.0919792,0.988055,-0.123642],[0.0716881,0.130416,0.988864]],"s":0.91441,"t":[6.96327,-41.6881,-12.6422],"timestamp":747372180782},{"currentFrameRate":114.419,"devices":[],"gestures":[],"hands":[{"armBasis":[[0.611568,-0.484962,-0.625137],[0.611459,0.791123,-0.0155418],[0.502098,-0.372741,0.78036]],"armWidth":63.4054,"confidence":1,"direction":[-0.0742245,0.0397021,-0.996451],"elbow":[190.333,-9.59893,332.671],"grabAngle":2.50557,"grabStrength":0,"id":798,"palmNormal":[-0.611572,-0.791064,0.0140366],"palmPosition":[40.8381,95.4023,58.3966],"palmVelocity":[-5.74264,-11.3384,-5.22246],"palmWidth":87.9125,"pinchDistance":57.6834,"pinchStrength":0.85937,"r":[[0.993101,0.0826222,-0.0832126],[-0.0924896,0.988124,-0.122703],[0.0720864,0.129553,0.988949]],"s":0.91164,"sphereCenter":[36.554,46.9429,41.1869],"sphereRadius":49.8785,"stabilizedPalmPosition":[42.6997,100.122,58.7974],"t":[6.93913,-41.6893,-12.6218],"timeVisible":1.96851,"type":"right","wrist":[59.3521,87.6372,129.1]}],"id":1366146,"interactionBox":{"center":[0,200,0],"size":[235.247,235.247,147.751]},"pointables":[{"bases":[[[0.764054,-0.595111,-0.249125],[0.574333,0.803322,-0.15753],[0.293875,-0.0227193,0.955574]],[[0.815816,-0.545749,0.191318],[0.572501,0.808923,-0.133742],[-0.081772,0.218638,0.972374]],[[0.815816,-0.545749,0.191318],[0.572501,0.808923,-0.133742],[-0.081772,0.218638,0.972374]],[[0.815816,-0.545749,0.191318],[0.501543,0.502977,-0.703896],[0.287922,0.670204,0.684053]]],"btipPosition":[21.7957,88.5937,-34.9341],"carpPosition":[42.1569,111.163,104.228],"dipPosition":[26.349,99.1926,-24.1163],"direction":[0.081772,-0.218638,-0.972374],"extended":true,"handId":798,"id":7981,"length":54.432,"mcpPosition":[21.2678,112.778,36.305],"pipPosition":[24.5196,104.084,-2.36229],"stabilizedTipPosition":[24.9889,91.8237,-33.0848],"timeVisible":1.96851,"tipPosition":[18.9623,89.4983,-31.8452],"tipVelocity":[-26.927,-38.5497,5.81049],"tool":false,"touchDistance":0.313501,"touchZone":"hovering","type":1,"width":19.4926},{"bases":[[[0.849491,0.469655,-0.240392],[-0.331465,0.829562,0.449398],[0.410482,-0.302078,0.86038]],[[0.746946,0.521729,-0.412153],[-0.553968,0.831144,0.048156],[0.367683,0.19235,0.909841]],[[0.746946,0.521729,-0.412153],[-0.635192,0.743125,-0.210466],[0.196475,0.419003,0.886473]],[[0.746946,0.521729,-0.412153],[-0.645902,0.422323,-0.635967],[-0.157741,0.741243,0.652438]]],"btipPosition":[4.71568,62.0079,29.4519],"carpPosition":[25.2322,100.565,115.442],"dipPosition":[1.29865,78.0649,43.5852],"direction":[-0.196475,-0.419003,-0.886473],"extended":false,"handId":798,"id":7980,"length":48.2387,"mcpPosition":[25.2322,100.565,115.442],"pipPosition":[7.49915,91.2881,71.5612],"stabilizedTipPosition":[3.54071,67.1896,31.5239],"timeVisible":1.96851,"tipPosition":[-0.280214,71.7431,32.5782],"tipVelocity":[20.1503,-33.559,-3.54452],"tool":false,"touchDistance":0.343224,"touchZone":"hovering","type":0,"width":20.4068},{"bases":[[[0.687554,-0.720878,-0.0872033],[0.70155,0.690453,-0.176362],[0.187345,0.0600807,0.980455]],[[0.69755,-0.715978,-0.0282543],[0.154223,0.188528,-0.969883],[0.699742,0.672185,0.241928]],[[0.69755,-0.715978,-0.0282543],[-0.669323,-0.637005,-0.382401],[0.255793,0.285655,-0.923564]],[[0.69755,-0.715978,-0.0282543],[-0.708135,-0.694856,0.125377],[-0.1094,-0.0674491,-0.991707]]],"btipPosition":[3.24954,65.1095,65.1677],"carpPosition":[51.9263,105.494,100.494],"dipPosition":[1.34666,63.9363,47.9181],"direction":[-0.255793,-0.285655,0.923564],"extended":false,"handId":798,"id":7982,"length":62.0209,"mcpPosition":[39.2976,101.444,34.4027],"pipPosition":[8.07929,71.4549,23.6093],"stabilizedTipPosition":[4.82757,68.0134,62.5728],"timeVisible":1.96851,"tipPosition":[2.78475,64.7112,63.785],"tipVelocity":[1.73543,-16.3343,-19.1221],"tool":false,"touchDistance":0.333333,"touchZone":"none","type":2,"width":19.1443},{"bases":[[[0.652774,-0.754164,0.0715739],[0.754494,0.638748,-0.150797],[0.0680077,0.152438,0.98597]],[[0.655677,-0.743666,0.130568],[0.225966,0.0282704,-0.973725],[0.720435,0.667953,0.18658]],[[0.655677,-0.743666,0.130568],[-0.695283,-0.662113,-0.279621],[0.294396,0.0925597,-0.951191]],[[0.655677,-0.743666,0.130568],[-0.754703,-0.640334,0.142813],[-0.0225978,-0.192179,-0.9811]]],"btipPosition":[19.4415,61.6333,72.501],"carpPosition":[60.509,97.5322,98.533],"dipPosition":[19.0507,58.3098,55.534],"direction":[-0.294396,-0.0925597,0.951191],"extended":false,"handId":798,"id":7983,"length":59.6348,"mcpPosition":[56.393,88.3065,38.8607],"pipPosition":[26.5992,60.6831,31.1446],"stabilizedTipPosition":[21.0502,64.5674,68.6104],"timeVisible":1.96851,"tipPosition":[18.7817,60.4656,69.1637],"tipVelocity":[0.664812,-16.3833,-11.7255],"tool":false,"touchDistance":0.333333,"touchZone":"none","type":3,"width":18.217},{"bases":[[[0.52256,-0.826556,0.209134],[0.849864,0.524613,-0.050124],[-0.0682841,0.203928,0.976602]],[[0.526904,-0.84769,0.0615927],[0.253249,0.0874106,-0.963444],[0.811318,0.523241,0.260734]],[[0.526904,-0.84769,0.0615927],[-0.754025,-0.499663,-0.42636],[0.392197,0.178209,-0.902454]],[[0.526904,-0.84769,0.0615927],[-0.849524,-0.523046,0.0687856],[-0.026093,-0.0885679,-0.995728]]],"btipPosition":[35.893,54.3581,68.911],"carpPosition":[65.3044,84.721,99.9337],"dipPosition":[35.4767,52.9451,53.0248],"direction":[-0.392197,-0.178209,0.902454],"extended":false,"handId":798,"id":7984,"length":46.7525,"mcpPosition":[69.13,73.2961,45.2206],"pipPosition":[42.5769,56.1713,36.6872],"stabilizedTipPosition":[37.2494,57.2533,65.2508],"timeVisible":1.96851,"tipPosition":[34.2609,54.1624,64.9696],"tipVelocity":[-0.927709,-14.6798,-11.0289],"tool":false,"touchDistance":0.333333,"touchZone":"none","type":4,"width":16.1818}],"r":[[0.993101,0.0826222,-0.0832126],[-0.0924896,0.988124,-0.122703],[0.0720864,0.129553,0.988949]],"s":0.91164,"t":[6.93913,-41.6893,-12.6218],"timestamp":747372189423},{"currentFrameRate":114.426,"devices":[],"gestures":[],"hands":[{"armBasis":[[0.612706,-0.482989,-0.625551],[0.610095,0.792203,-0.0140938],[0.50237,-0.37301,0.780056]],"armWidth":63.4054,"confidence":1,"direction":[-0.0739035,0.040595,-0.996439],"elbow":[190.394,-9.70012,332.632],"grabAngle":2.50775,"grabStrength":0,"id":798,"palmNormal":[-0.610178,-0.792158,0.0129829],"palmPosition":[40.8423,95.4153,58.4388],"palmVelocity":[0.473735,1.48616,4.84039],"palmWidth":87.9125,"pinchDistance":57.5628,"pinchStrength":0.862784,"r":[[0.993017,0.0834154,-0.0834252],[-0.0932373,0.988171,-0.121756],[0.072282,0.128684,0.989048]],"s":0.908834,"sphereCenter":[36.4681,47.0704,41.2212],"sphereRadius":49.7113,"stabilizedPalmPosition":[42.6963,100.113,58.7967],"t":[6.92913,-41.6834,-12.5904],"timeVisible":1.97723,"type":"right","wrist":[59.3415,87.6063,129.14]}],"id":1366147,"interactionBox":{"center":[0,200,0],"size":[235.247,235.247,147.751]},"pointables":[{"bases":[[[0.765203,-0.593504,-0.249435],[0.572973,0.804497,-0.156478],[0.29354,-0.023182,0.955666]],[[0.816705,-0.544502,0.191079],[0.571525,0.80898,-0.137513],[-0.079703,0.221514,0.971895]],[[0.816705,-0.544502,0.191079],[0.571525,0.80898,-0.137513],[-0.079703,0.221514,0.971895]],[[0.816705,-0.544502,0.191079],[0.498746,0.4995,-0.708344],[0.290251,0.673808,0.679512]]],"btipPosition":[21.6124,88.3591,-34.7802],"carpPosition":[42.1151,111.132,104.287],"dipPosition":[26.2025,99.0149,-24.0341],"direction":[0.079703,-0.221514,-0.971895],"extended":true,"handId":798,"id":7981,"length":54.432,"mcpPosition":[21.2499,112.779,36.3574],"pipPosition":[24.4194,103.971,-2.29085],"stabilizedTipPosition":[24.958,91.8102,-33.0745],"timeVisible":1.97723,"tipPosition":[19.1037,89.5965,-31.8298],"tipVelocity":[-20.0316,-25.3833,15.7498],"tool":false,"touchDistance":0.315792,"touchZone":"hovering","type":1,"width":19.4926},{"bases":[[[0.848754,0.471403,-0.239575],[-0.333107,0.828512,0.450119],[0.410678,-0.302236,0.860231]],[[0.746357,0.523413,-0.411084],[-0.5558,0.82995,0.0476328],[0.366111,0.192929,0.910352]],[[0.746357,0.523413,-0.411084],[-0.636977,0.740795,-0.213267],[0.192902,0.421024,0.8863]],[[0.746357,0.523413,-0.411084],[-0.645658,0.419561,-0.63804],[-0.161483,0.741625,0.651088]]],"btipPosition":[4.95794,61.8346,29.5034],"carpPosition":[25.2049,100.492,115.484],"dipPosition":[1.45985,77.8999,43.6074],"direction":[-0.192902,-0.421024,-0.8863],"extended":false,"handId":798,"id":7980,"length":48.2387,"mcpPosition":[25.2049,100.492,115.484],"pipPosition":[7.54761,91.1869,71.5779],"stabilizedTipPosition":[3.55708,67.1453,31.5566],"timeVisible":1.97723,"tipPosition":[-0.16107,71.6211,32.5824],"tipVelocity":[25.6237,-19.6373,5.12235],"tool":false,"touchDistance":0.342905,"touchZone":"hovering","type":0,"width":20.4068},{"bases":[[[0.688861,-0.719572,-0.0876726],[0.700397,0.691872,-0.175376],[0.186854,0.0594039,0.98059]],[[0.698826,-0.714715,-0.0287147],[0.155573,0.191052,-0.969173],[0.698168,0.672816,0.244703]],[[0.698826,-0.714715,-0.0287147],[-0.667883,-0.637612,-0.383905],[0.256074,0.287461,-0.922926]],[[0.698826,-0.714715,-0.0287147],[-0.706807,-0.696145,0.125724],[-0.109847,-0.0675637,-0.99165]]],"btipPosition":[3.32299,65.0706,65.0739],"carpPosition":[51.896,105.483,100.55],"dipPosition":[1.41234,63.8955,47.8254],"direction":[-0.256074,-0.287461,0.922926],"extended":false,"handId":798,"id":7982,"length":62.0209,"mcpPosition":[39.3005,101.479,34.4506],"pipPosition":[8.15236,71.4616,23.5334],"stabilizedTipPosition":[4.81979,68.0006,62.5669],"timeVisible":1.97723,"tipPosition":[2.84136,64.6523,63.7644],"tipVelocity":[8.21154,-4.49987,-10.714],"tool":false,"touchDistance":0.333333,"touchZone":"none","type":2,"width":19.1443},{"bases":[[[0.654078,-0.753082,0.0710566],[0.753423,0.640235,-0.149843],[0.0673511,0.151545,0.986153]],[[0.65694,-0.74264,0.130062],[0.226603,0.0299542,-0.973527],[0.719084,0.669021,0.187962]],[[0.65694,-0.74264,0.130062],[-0.693952,-0.663037,-0.280736],[0.294722,0.0941692,-0.950932]],[[0.65694,-0.74264,0.130062],[-0.753618,-0.641746,0.142204],[-0.022139,-0.191437,-0.981255]]],"btipPosition":[19.5054,61.5956,72.4809],"carpPosition":[60.4935,97.5387,98.5851],"dipPosition":[19.1225,58.2849,55.5113],"direction":[-0.294722,-0.0941692,0.950932],"extended":false,"handId":798,"id":7983,"length":59.6348,"mcpPosition":[56.4174,88.367,38.9018],"pipPosition":[26.6795,60.6995,31.1286],"stabilizedTipPosition":[21.0424,64.5495,68.6102],"timeVisible":1.97723,"tipPosition":[18.8441,60.4291,69.1606],"tipVelocity":[7.5331,-3.98147,-2.36641],"tool":false,"touchDistance":0.333333,"touchZone":"none","type":3,"width":18.217},{"bases":[[[0.523938,-0.825845,0.208491],[0.848954,0.526166,-0.0492499],[-0.0690279,0.202803,0.976784]],[[0.528378,-0.846818,0.060952],[0.253332,0.0887323,-0.963301],[0.810333,0.524429,0.261411]],[[0.528378,-0.846818,0.060952],[-0.752383,-0.500298,-0.428512],[0.393366,0.180557,-0.901478]],[[0.528378,-0.846818,0.060952],[-0.848639,-0.524666,0.0673569],[-0.0250596,-0.0873162,-0.995865]]],"btipPosition":[35.9359,54.3333,68.9041],"carpPosition":[65.3111,84.7345,99.9746],"dipPosition":[35.5361,52.9403,53.0157],"direction":[-0.393366,-0.180557,0.901478],"extended":false,"handId":798,"id":7984,"length":46.7525,"mcpPosition":[69.1783,73.3727,45.2513],"pipPosition":[42.6575,56.209,36.6958],"stabilizedTipPosition":[37.2395,57.2304,65.2508],"timeVisible":1.97723,"tipPosition":[34.3387,54.1568,64.9675],"tipVelocity":[5.35324,-2.31393,-0.852613],"tool":false,"touchDistance":0.333333,"touchZone":"none","type":4,"width":16.1818}],"r":[[0.993017,0.0834154,-0.0834252],[-0.0932373,0.988171,-0.121756],[0.072282,0.128684,0.989048]],"s":0.908834,"t":[6.92913,-41.6834,-12.5904],"timestamp":747372198150},{"currentFrameRate":114.483,"devices":[],"gestures":[],"hands":[{"armBasis":[[0.613201,-0.482052,-0.625788],[0.609474,0.792693,-0.0134063],[0.50252,-0.373181,0.779878]],"armWidth":63.4054,"confidence":1,"direction":[-0.0731294,0.0412633,-0.996468],"elbow":[190.381,-9.79407,332.594],"grabAngle":2.50989,"grabStrength":0,"id":798,"palmNormal":[-0.609584,-0.792632,0.011914],"palmPosition":[40.8357,95.4033,58.4397],"palmVelocity":[-0.763862,-1.38986,0.103195],"palmWidth":87.9125,"pinchDistance":57.4546,"pinchStrength":0.865967,"r":[[0.99295,0.0842134,-0.0834219],[-0.0939663,0.988211,-0.12087],[0.0722596,0.127856,0.989157]],"s":0.906046,"sphereCenter":[36.3413,47.1675,41.2236],"sphereRadius":49.5543,"stabilizedPalmPosition":[42.6923,100.103,58.796],"t":[6.92083,-41.6864,-12.5743],"timeVisible":1.98587,"type":"right","wrist":[59.2897,87.5568,129.149]}],"id":1366148,"interactionBox":{"center":[0,200,0],"size":[235.247,235.247,147.751]},"pointables":[{"bases":[[[0.765857,-0.592739,-0.249247],[0.572486,0.805047,-0.15543],[0.292785,-0.0236533,0.955886]],[[0.816965,-0.544018,0.191343],[0.571385,0.808489,-0.140945],[-0.0780225,0.224477,0.971351]],[[0.816965,-0.544018,0.191343],[0.571385,0.808489,-0.140945],[-0.0780225,0.224477,0.971351]],[[0.816965,-0.544018,0.191343],[0.496748,0.495315,-0.712674],[0.292933,0.677279,0.674895]]],"btipPosition":[21.4636,88.1091,-34.6757],"carpPosition":[42.0595,111.087,104.301],"dipPosition":[26.0961,98.8199,-24.0026],"direction":[0.0780225,-0.224477,-0.971351],"extended":true,"handId":798,"id":7981,"length":54.432,"mcpPosition":[21.248,112.768,36.355],"pipPosition":[24.3506,103.842,-2.27154],"stabilizedTipPosition":[24.9249,91.7933,-33.0629],"timeVisible":1.98587,"tipPosition":[19.2536,89.6557,-31.8594],"tipVelocity":[-16.0988,-27.4727,10.1527],"tool":false,"touchDistance":0.317253,"touchZone":"hovering","type":1,"width":19.4926},{"bases":[[[0.848587,0.472224,-0.238546],[-0.334103,0.827931,0.450451],[0.410213,-0.302548,0.860343]],[[0.74643,0.524231,-0.409907],[-0.556744,0.829361,0.0468557],[0.364524,0.193239,0.910923]],[[0.74643,0.524231,-0.409907],[-0.637946,0.738998,-0.216578],[0.189384,0.423158,0.886042]],[[0.74643,0.524231,-0.409907],[-0.644759,0.417265,-0.640449],[-0.164704,0.742342,0.649462]]],"btipPosition":[5.15875,61.6714,29.5111],"carpPosition":[25.1483,100.426,115.475],"dipPosition":[1.59088,77.7523,43.5799],"direction":[-0.189384,-0.423158,-0.886042],"extended":false,"handId":798,"id":7980,"length":48.2387,"mcpPosition":[25.1483,100.426,115.475],"pipPosition":[7.56759,91.1066,71.5423],"stabilizedTipPosition":[3.57903,67.0954,31.5901],"timeVisible":1.98587,"tipPosition":[-0.0674251,71.5114,32.5358],"tipVelocity":[21.3888,-18.4794,-0.045556],"tool":false,"touchDistance":0.341942,"touchZone":"hovering","type":0,"width":20.4068},{"bases":[[[0.68948,-0.718983,-0.0876385],[0.700011,0.692533,-0.174307],[0.186016,0.0588332,0.980784]],[[0.699394,-0.714161,-0.0286691],[0.157356,0.192982,-0.968502],[0.697199,0.672854,0.247348]],[[0.699394,-0.714161,-0.0286691],[-0.666941,-0.637677,-0.385431],[0.256978,0.288689,-0.922291]],[[0.699394,-0.714161,-0.0286691],[-0.706229,-0.696683,0.125987],[-0.109949,-0.0678679,-0.991617]]],"btipPosition":[3.35234,65.0462,64.9427],"carpPosition":[51.8477,105.449,100.568],"dipPosition":[1.43991,63.8657,47.6947],"direction":[-0.256978,-0.288689,0.922291],"extended":false,"handId":798,"id":7982,"length":62.0209,"mcpPosition":[39.3087,101.483,34.4547],"pipPosition":[8.20375,71.4642,23.4194],"stabilizedTipPosition":[4.81432,67.9913,62.5624],"timeVisible":1.98587,"tipPosition":[2.85425,64.6084,63.6973],"tipVelocity":[3.35005,-2.96911,-15.1773],"tool":false,"touchDistance":0.333333,"touchZone":"none","type":2,"width":19.1443},{"bases":[[[0.654594,-0.752635,0.0710382],[0.753055,0.640918,-0.148769],[0.0664388,0.150879,0.986317]],[[0.6574,-0.742234,0.130054],[0.227698,0.031144,-0.973234],[0.718316,0.669417,0.189479]],[[0.6574,-0.742234,0.130054],[-0.693196,-0.663354,-0.281853],[0.295472,0.0951375,-0.950602]],[[0.6574,-0.742234,0.130054],[-0.753236,-0.642357,0.141468],[-0.0214616,-0.190963,-0.981363]]],"btipPosition":[19.5207,61.5602,72.42],"carpPosition":[60.4529,97.5125,98.6034],"dipPosition":[19.1496,58.2578,55.4485],"direction":[-0.295472,-0.0951375,0.950602],"extended":false,"handId":798,"id":7983,"length":59.6348,"mcpPosition":[56.4319,88.3811,38.9102],"pipPosition":[26.7257,60.6972,31.0742],"stabilizedTipPosition":[21.0364,64.5356,68.6099],"timeVisible":1.98587,"tipPosition":[18.8564,60.3931,69.1174],"tipVelocity":[2.08577,-3.87404,-7.10541],"tool":false,"touchDistance":0.333333,"touchZone":"none","type":3,"width":18.217},{"bases":[[[0.524399,-0.825597,0.208314],[0.848592,0.526849,-0.0481813],[-0.0699716,0.20204,0.976875]],[[0.528974,-0.846458,0.0607788],[0.253949,0.0895481,-0.963063],[0.80975,0.524871,0.262326]],[[0.528974,-0.846458,0.0607788],[-0.751211,-0.500362,-0.430487],[0.394801,0.182059,-0.900548]],[[0.528974,-0.846458,0.0607788],[-0.848309,-0.525418,0.065635],[-0.0236231,-0.0862785,-0.995991]]],"btipPosition":[35.9269,54.2943,68.8671],"carpPosition":[65.2791,84.7109,99.9875],"dipPosition":[35.5501,52.9178,52.9767],"direction":[-0.394801,-0.182059,0.900548],"extended":false,"handId":798,"id":7984,"length":46.7525,"mcpPosition":[69.1991,73.3918,45.2591],"pipPosition":[42.6974,56.2137,36.6736],"stabilizedTipPosition":[37.2313,57.2115,65.2506],"timeVisible":1.98587,"tipPosition":[34.361,54.1348,64.9337],"tipVelocity":[-0.430479,-4.07709,-4.33633],"tool":false,"touchDistance":0.333333,"touchZone":"none","type":4,"width":16.1818}],"r":[[0.99295,0.0842134,-0.0834219],[-0.0939663,0.988211,-0.12087],[0.0722596,0.127856,0.989157]],"s":0.906046,"t":[6.92083,-41.6864,-12.5743],"timestamp":747372206788},{"currentFrameRate":114.501,"devices":[],"gestures":[],"hands":[{"armBasis":[[0.613799,-0.481126,-0.625915],[0.608908,0.793141,-0.0125473],[0.502476,-0.373423,0.779791]],"armWidth":63.4054,"confidence":1,"direction":[-0.0722325,0.0418373,-0.99651],"elbow":[190.334,-9.89951,332.604],"grabAngle":2.51178,"grabStrength":0,"id":798,"palmNormal":[-0.609032,-0.793071,0.0108498],"palmPosition":[40.8558,95.394,58.4625],"palmVelocity":[2.30781,-1.06417,2.61799],"palmWidth":87.9125,"pinchDistance":57.3586,"pinchStrength":0.868671,"r":[[0.992899,0.0850032,-0.0832235],[-0.0946674,0.988243,-0.120054],[0.0720401,0.12708,0.989273]],"s":0.90339,"sphereCenter":[36.2649,47.2473,41.2478],"sphereRadius":49.4216,"stabilizedPalmPosition":[42.6889,100.094,58.7953],"t":[6.92672,-41.6926,-12.5549],"timeVisible":1.99457,"type":"right","wrist":[59.2546,87.5146,129.182]}],"id":1366149,"interactionBox":{"center":[0,200,0],"size":[235.247,235.247,147.751]},"pointables":[{"bases":[[[0.766509,-0.592039,-0.248907],[0.572059,0.805551,-0.154393],[0.291913,-0.0240461,0.956142]],[[0.817173,-0.543559,0.191762],[0.571264,0.808048,-0.143928],[-0.0767193,0.227161,0.970831]],[[0.817173,-0.543559,0.191762],[0.571264,0.808048,-0.143928],[-0.0767193,0.227161,0.970831]],[[0.817173,-0.543559,0.191762],[0.495199,0.491814,-0.716168],[0.294968,0.680193,0.671067]]],"btipPosition":[21.3787,87.8871,-34.5673],"carpPosition":[42.0258,111.05,104.334],"dipPosition":[26.0434,98.6439,-23.9548],"direction":[0.0767194,-0.227161,-0.970831],"extended":true,"handId":798,"id":7981,"length":54.432,"mcpPosition":[21.2763,112.759,36.3705],"pipPosition":[24.3271,103.726,-2.23538],"stabilizedTipPosition":[24.8913,91.7738,-33.0501],"timeVisible":1.99457,"tipPosition":[19.4265,89.7019,-31.8658],"tipVelocity":[-8.90115,-24.3005,10.8478],"tool":false,"touchDistance":0.318827,"touchZone":"hovering","type":1,"width":19.4926},{"bases":[[[0.848473,0.472975,-0.237461],[-0.335109,0.82741,0.45066],[0.409628,-0.302798,0.860534]],[[0.746557,0.524977,-0.40872],[-0.557602,0.828828,0.0460805],[0.36295,0.193502,0.911496]],[[0.746557,0.524977,-0.40872],[-0.638795,0.737325,-0.219754],[0.185994,0.425148,0.885808]],[[0.746557,0.524977,-0.40872],[-0.643946,0.415681,-0.642295],[-0.167293,0.742704,0.648386]]],"btipPosition":[5.36122,61.5319,29.5255],"carpPosition":[25.1118,100.37,115.487],"dipPosition":[1.73727,77.6206,43.571],"direction":[-0.185994,-0.425148,-0.885808],"extended":false,"handId":798,"id":7980,"length":48.2387,"mcpPosition":[25.1118,100.37,115.487],"pipPosition":[7.60701,91.0377,71.526],"stabilizedTipPosition":[3.60717,67.0401,31.6246],"timeVisible":1.99457,"tipPosition":[0.0463266,71.4168,32.5085],"tipVelocity":[21.7824,-15.8228,1.03987],"tool":false,"touchDistance":0.341217,"touchZone":"hovering","type":0,"width":20.4068},{"bases":[[[0.690072,-0.718439,-0.0874484],[0.699681,0.693139,-0.173221],[0.185063,0.058349,0.980993]],[[0.699927,-0.713647,-0.0284667],[0.159126,0.194674,-0.967874],[0.696262,0.672912,0.249818]],[[0.699927,-0.713647,-0.0284667],[-0.665935,-0.637689,-0.387148],[0.258134,0.289932,-0.921578]],[[0.699927,-0.713647,-0.0284667],[-0.705724,-0.697184,0.126044],[-0.109797,-0.0681316,-0.991616]]],"btipPosition":[3.39916,65.0202,64.8389],"carpPosition":[51.8215,105.421,100.607],"dipPosition":[1.48937,63.8351,47.591],"direction":[-0.258134,-0.289932,0.921578],"extended":false,"handId":798,"id":7982,"length":62.0209,"mcpPosition":[39.3467,101.488,34.4798],"pipPosition":[8.28362,71.4663,23.3345],"stabilizedTipPosition":[4.81013,67.984,62.5585],"timeVisible":1.99457,"tipPosition":[2.89167,64.5698,63.6519],"tipVelocity":[5.44965,-3.11071,-11.9235],"tool":false,"touchDistance":0.333333,"touchZone":"none","type":2,"width":19.1443},{"bases":[[[0.655062,-0.752215,0.0711746],[0.752738,0.641545,-0.147666],[0.0654149,0.150306,0.986473]],[[0.657806,-0.741849,0.130199],[0.228841,0.0321599,-0.972932],[0.717581,0.669796,0.19092]],[[0.657806,-0.741849,0.130199],[-0.692468,-0.66367,-0.282897],[0.296276,0.0959323,-0.950272]],[[0.657806,-0.741849,0.130199],[-0.752901,-0.642888,0.140837],[-0.020776,-0.190671,-0.981434]]],"btipPosition":[19.5619,61.5332,72.3861],"carpPosition":[60.4341,97.4919,98.6457],"dipPosition":[19.2026,58.2358,55.4133],"direction":[-0.296276,-0.0959323,0.950272],"extended":false,"handId":798,"id":7983,"length":59.6348,"mcpPosition":[56.4751,88.3952,38.9431],"pipPosition":[26.7993,60.6956,31.0475],"stabilizedTipPosition":[21.0308,64.5222,68.6094],"timeVisible":1.99457,"tipPosition":[18.8921,60.3621,69.097],"tipVelocity":[5.03987,-2.97018,-3.93125],"tool":false,"touchDistance":0.333333,"touchZone":"none","type":3,"width":18.217},{"bases":[[[0.524791,-0.825356,0.208284],[0.848263,0.52748,-0.0470616],[-0.0710229,0.201377,0.976936]],[[0.529519,-0.846119,0.0607667],[0.254611,0.090192,-0.962829],[0.809187,0.525307,0.263189]],[[0.529519,-0.846119,0.0607667],[-0.750106,-0.500477,-0.432277],[0.39617,0.183317,-0.899691]],[[0.529519,-0.846119,0.0607667],[-0.848005,-0.526094,0.0641256],[-0.0222889,-0.0854862,-0.99609]]],"btipPosition":[35.9473,54.2637,68.8602],"carpPosition":[65.2681,84.6929,100.026],"dipPosition":[35.5916,52.8999,52.9683],"direction":[-0.39617,-0.183317,0.899691],"extended":false,"handId":798,"id":7984,"length":46.7525,"mcpPosition":[69.2471,73.411,45.2944],"pipPosition":[42.7637,56.2185,36.6807],"stabilizedTipPosition":[37.2232,57.1922,65.2503],"timeVisible":1.99457,"tipPosition":[34.4064,54.1167,64.9249],"tipVelocity":[2.89589,-3.17903,-0.82624],"tool":false,"touchDistance":0.333333,"touchZone":"none","type":4,"width":16.1818}],"r":[[0.992899,0.0850032,-0.0832235