{"frames":95,"data":[{"currentFrameRate":106.528,"devices":[],"gestures":[],"hands":[{"armBasis":[[0.880109,-0.0291045,-0.473879],[0.280605,0.837019,0.469745],[0.382974,-0.546399,0.744835]],"armWidth":64.7751,"confidence":1,"direction":[-0.272577,-0.257431,-0.927055],"elbow":[173.377,-63.1362,320.431],"grabAngle":0.285773,"grabStrength":0,"id":792,"palmNormal":[-0.119972,-0.946926,0.298223],"palmPosition":[39.7366,71.2366,52.5546],"palmVelocity":[-12.3042,-3.66798,-8.29409],"palmWidth":90.948,"pinchDistance":59.2957,"pinchStrength":0,"r":[[0.939554,0.313905,0.136753],[-0.208234,0.840892,-0.49954],[-0.271803,0.440868,0.855429]],"s":0.916065,"sphereCenter":[4.71669,-83.3022,94.3851],"sphereRadius":167.707,"stabilizedPalmPosition":[40.0691,71.5284,52.8122],"t":[41.6187,-59.0993,-55.6461],"timeVisible":6.0616,"type":"right","wrist":[70.0217,84.3236,119.418]}],"id":1363228,"interactionBox":{"center":[0,200,0],"size":[235.247,235.247,147.751]},"pointables":[{"bases":[[[0.438256,0.719258,-0.539073],[-0.608246,0.678875,0.411297],[0.661792,0.147635,0.735007]],[[0.439567,0.719549,-0.537615],[-0.476104,0.694191,0.539837],[0.761647,0.0186663,0.647724]],[[0.439567,0.719549,-0.537615],[-0.874006,0.480656,-0.0712941],[0.207108,0.501217,0.840171]],[[0.439567,0.719549,-0.537615],[-0.893574,0.289587,-0.343022],[-0.0911353,0.63118,0.770263]]],"btipPosition":[-8.01975,52.6247,35.6737],"carpPosition":[34.6758,83.8975,112.438],"dipPosition":[-10.0509,66.692,52.8408],"direction":[-0.207108,-0.501217,-0.840171],"extended":false,"handId":792,"id":7920,"length":49.6304,"mcpPosition":[34.6758,83.8975,112.438],"pipPosition":[-3.32625,82.9662,80.1205],"stabilizedTipPosition":[-8.24996,55.7933,39.768],"timeVisible":6.0616,"tipPosition":[-15.8042,57.7705,40.8613],"tipVelocity":[-14.9747,14.2268,-13.8655],"tool":false,"touchDistance":0.188799,"touchZone":"hovering","type":0,"width":20.7366},{"bases":[[[0.893908,-0.420268,0.155897],[0.447449,0.815807,-0.366399],[0.0268038,0.397283,0.917305]],[[0.851044,-0.514315,-0.10585],[0.402347,0.768244,-0.497913],[0.337403,0.381157,0.860743]],[[0.851044,-0.514315,-0.10585],[0.298985,0.640345,-0.707507],[0.431662,0.570472,0.698734]],[[0.851044,-0.514315,-0.10585],[0.247824,0.571133,-0.782554],[0.462934,0.639756,0.613519]]],"btipPosition":[46.2896,27.228,-17.9181],"carpPosition":[74.8433,84.2153,87.3161],"dipPosition":[53.8885,37.7293,-7.84744],"direction":[-0.431662,-0.570472,-0.698734],"extended":true,"handId":792,"id":7924,"length":48.1014,"mcpPosition":[73.2898,61.1894,34.1505],"pipPosition":[61.9286,48.3549,5.16707],"stabilizedTipPosition":[48.1453,29.6584,-15.5088],"timeVisible":6.0616,"tipPosition":[49.2053,29.1707,-16.1057],"tipVelocity":[-16.9238,5.87037,-12.3604],"tool":false,"touchDistance":0.333239,"touchZone":"hovering","type":4,"width":16.4433},{"bases":[[[0.895306,-0.233,-0.379655],[0.0550081,0.903599,-0.424832],[0.442042,0.359471,0.821815]],[[0.998325,-0.0574202,0.0071349],[0.0540017,0.880329,-0.47128],[0.0207799,0.470876,0.881955]],[[0.998325,-0.0574202,0.0071349],[0.0540017,0.880329,-0.47128],[0.0207799,0.470876,0.881955]],[[0.998325,-0.0574202,0.0071349],[0.049475,0.783168,-0.619839],[0.0300035,0.619154,0.784696]]],"btipPosition":[7.47854,31.4879,-34.7214],"carpPosition":[41.801,98.0992,94.8627],"dipPosition":[7.96671,41.5619,-21.9539],"direction":[-0.0207799,-0.470876,-0.881955],"extended":true,"handId":792,"id":7921,"length":56.0024,"mcpPosition":[9.29519,71.6653,34.43],"pipPosition":[8.44502,52.4003,-1.65355],"stabilizedTipPosition":[7.74384,33.7343,-31.4783],"timeVisible":6.0616,"tipPosition":[4.9127,30.5115,-28.9409],"tipVelocity":[-24.7047,-19.801,4.09694],"tool":false,"touchDistance":0.333365,"touchZone":"hovering","type":1,"width":19.8076},{"bases":[[[0.924213,-0.332897,-0.187111],[0.21527,0.858872,-0.464755],[0.31542,0.389254,0.865443]],[[0.970865,-0.239524,0.00705236],[0.209244,0.833051,-0.512096],[0.116784,0.498652,0.858899]],[[0.970865,-0.239524,0.00705236],[0.209244,0.833051,-0.512096],[0.116784,0.498652,0.858899]],[[0.970865,-0.239524,0.00705236],[0.186069,0.734999,-0.652039],[0.150996,0.634354,0.758152]]],"btipPosition":[19.3136,21.6989,-47.57],"carpPosition":[52.5349,96.5882,89.0336],"dipPosition":[22.0158,33.0511,-34.0024],"direction":[-0.116784,-0.498652,-0.858899],"extended":true,"handId":792,"id":7922,"length":63.8103,"mcpPosition":[30.5388,69.4433,28.6812],"pipPosition":[25.1783,46.5546,-10.7434],"stabilizedTipPosition":[20.1455,24.6951,-44.6097],"timeVisible":6.0616,"tipPosition":[15.8977,21.0249,-40.969],"tipVelocity":[-34.1926,-22.5778,9.6654],"tool":false,"touchDistance":0.333404,"touchZone":"hovering","type":2,"width":19.4537},{"bases":[[[0.941681,-0.335779,-0.0221428],[0.290696,0.844864,-0.449111],[0.169509,0.416482,0.893202]],[[0.857376,-0.438369,-0.269703],[0.223401,0.789033,-0.572293],[0.463679,0.430418,0.77443]],[[0.857376,-0.438369,-0.269703],[0.223401,0.789033,-0.572293],[0.463679,0.430418,0.77443]],[[0.857376,-0.438369,-0.269703],[0.220304,0.786146,-0.577444],[0.465159,0.43567,0.770597]]],"btipPosition":[12.9124,29.4778,-37.3968],"carpPosition":[63.7631,92.9743,85.6193],"dipPosition":[21.1889,37.2295,-23.6857],"direction":[-0.463679,-0.430418,-0.77443],"extended":true,"handId":792,"id":7923,"length":61.3553,"mcpPosition":[53.1499,66.8979,29.695],"pipPosition":[33.4211,48.5842,-3.2558],"stabilizedTipPosition":[14.9208,31.1778,-33.6733],"timeVisible":6.0616,"tipPosition":[19.1332,25.0104,-31.7324],"tipVelocity":[-11.2599,36.2053,-35.5297],"tool":false,"touchDistance":0.333067,"touchZone":"hovering","type":3,"width":18.5115}],"r":[[0.939554,0.313905,0.136753],[-0.208234,0.840892,-0.49954],[-0.271803,0.440868,0.855429]],"s":0.916065,"t":[41.6187,-59.0993,-55.6461],"timestamp":747346433726},{"currentFrameRate":106.49,"devices":[],"gestures":[],"hands":[{"armBasis":[[0.881105,-0.0337757,-0.471712],[0.283986,0.835375,0.470638],[0.378161,-0.548641,0.745645]],"armWidth":64.7751,"confidence":1,"direction":[-0.273095,-0.258344,-0.926648],"elbow":[171.914,-63.8283,320.608],"grabAngle":0.288389,"grabStrength":0,"id":792,"palmNormal":[-0.123929,-0.94579,0.300204],"palmPosition":[39.5799,71.1556,52.5213],"palmVelocity":[-16.5586,-8.56528,-3.5142],"palmWidth":90.948,"pinchDistance":59.2155,"pinchStrength":0,"r":[[0.939414,0.314927,0.135361],[-0.209117,0.83941,-0.501658],[-0.271609,0.442958,0.85441]],"s":0.916509,"sphereCenter":[3.81837,-82.4114,94.3308],"sphereRadius":166.963,"stabilizedPalmPosition":[39.968,71.4513,52.7521],"t":[41.4904,-59.1627,-55.6974],"timeVisible":6.07106,"type":"right","wrist":[69.8582,84.2365,119.377]}],"id":1363229,"interactionBox":{"center":[0,200,0],"size":[235.247,235.247,147.751]},"pointables":[{"bases":[[[0.441431,0.716328,-0.540382],[-0.605748,0.682195,0.409486],[0.661972,0.146576,0.735057]],[[0.444413,0.716982,-0.537061],[-0.473389,0.696934,0.538689],[0.760526,0.0148384,0.649138]],[[0.444413,0.716982,-0.537061],[-0.871401,0.485024,-0.073564],[0.207744,0.500688,0.84033]],[[0.444413,0.716982,-0.537061],[-0.892429,0.302214,-0.335018],[-0.0778948,0.628175,0.774163]]],"btipPosition":[-8.41852,52.9687,35.4475],"carpPosition":[34.5368,83.9663,112.375],"dipPosition":[-10.1546,66.969,52.7015],"direction":[-0.207744,-0.500688,-0.84033],"extended":false,"handId":792,"id":7920,"length":49.6304,"mcpPosition":[34.5368,83.9663,112.375],"pipPosition":[-3.4093,83.226,79.9863],"stabilizedTipPosition":[-8.42398,55.9145,39.6601],"timeVisible":6.07106,"tipPosition":[-15.8551,57.8506,40.7961],"tipVelocity":[-34.9783,34.7324,-21.8025],"tool":false,"touchDistance":0.185361,"touchZone":"hovering","type":0,"width":20.7366},{"bases":[[[0.892131,-0.423506,0.157307],[0.450915,0.813213,-0.367912],[0.0278886,0.399158,0.916458]],[[0.848971,-0.518009,-0.104475],[0.406325,0.766304,-0.497672],[0.337859,0.380058,0.86105]],[[0.848971,-0.518009,-0.104475],[0.299288,0.634274,-0.712828],[0.435517,0.573902,0.693514]],[[0.848971,-0.518009,-0.104475],[0.246648,0.563283,-0.788592],[0.467347,0.643723,0.605977]]],"btipPosition":[45.943,26.8808,-17.7001],"carpPosition":[74.7192,84.0688,87.2743],"dipPosition":[53.6144,37.4473,-7.75321],"direction":[-0.435517,-0.573902,-0.693514],"extended":true,"handId":792,"id":7924,"length":48.1014,"mcpPosition":[73.1028,60.9343,34.1579],"pipPosition":[61.7262,48.1367,5.16408],"stabilizedTipPosition":[47.937,29.4932,-15.4629],"timeVisible":6.07106,"tipPosition":[48.9058,28.9076,-16.0361],"tipVelocity":[-34.8752,-35.1122,20.0373],"tool":false,"touchDistance":0.333471,"touchZone":"hovering","type":4,"width":16.4433},{"bases":[[[0.894575,-0.237405,-0.378648],[0.0588618,0.90245,-0.426755],[0.443024,0.359477,0.821283]],[[0.998078,-0.0615057,0.00759885],[0.0577448,0.878444,-0.474344],[0.0224997,0.473871,0.880307]],[[0.998078,-0.0615057,0.00759885],[0.0577448,0.878444,-0.474344],[0.0224997,0.473871,0.880307]],[[0.998078,-0.0615057,0.00759885],[0.0528875,0.781409,-0.621774],[0.0323048,0.620981,0.78316]]],"btipPosition":[7.18648,31.2683,-34.6423],"carpPosition":[41.7286,98.1013,94.7724],"dipPosition":[7.7121,41.3721,-21.8998],"direction":[-0.0224997,-0.473871,-0.880307],"extended":true,"handId":792,"id":7921,"length":56.0024,"mcpPosition":[9.15052,71.6669,34.3788],"pipPosition":[8.22998,52.2794,-1.63732],"stabilizedTipPosition":[7.49892,33.6546,-31.6091],"timeVisible":6.07106,"tipPosition":[4.65456,30.4134,-28.9225],"tipVelocity":[-29.9631,-22.4912,7.76012],"tool":false,"touchDistance":0.33339,"touchZone":"hovering","type":1,"width":19.8076},{"bases":[[[0.922975,-0.337,-0.185872],[0.218965,0.856995,-0.466492],[0.316498,0.389861,0.864776]],[[0.969828,-0.243673,0.00757162],[0.212768,0.830847,-0.514221],[0.119011,0.500317,0.857624]],[[0.969828,-0.243673,0.00757162],[0.212768,0.830847,-0.514221],[0.119011,0.500317,0.857624]],[[0.969828,-0.243673,0.00757162],[0.187819,0.727007,-0.660443],[0.155427,0.641938,0.750838]]],"btipPosition":[18.9212,21.3458,-47.3805],"carpPosition":[52.4595,96.5347,88.9525],"dipPosition":[21.7027,32.8337,-33.9438],"direction":[-0.119011,-0.500317,-0.857624],"extended":true,"handId":792,"id":7922,"length":63.8103,"mcpPosition":[30.3883,69.3474,28.6467],"pipPosition":[24.9255,46.3823,-10.7193],"stabilizedTipPosition":[19.8023,24.2799,-44.422],"timeVisible":6.07106,"tipPosition":[15.6367,20.8729,-40.945],"tipVelocity":[-39.5495,-34.0253,16.8447],"tool":false,"touchDistance":0.333456,"touchZone":"hovering","type":2,"width":19.4537},{"bases":[[[0.94034,-0.339594,-0.0208882],[0.294326,0.842719,-0.450775],[0.170683,0.417733,0.892393]],[[0.855735,-0.442401,-0.268326],[0.227112,0.787121,-0.573464],[0.464906,0.429794,0.774041]],[[0.855735,-0.442401,-0.268326],[0.227112,0.787121,-0.573464],[0.464906,0.429794,0.774041]],[[0.855735,-0.442401,-0.268326],[0.227112,0.787121,-0.573464],[0.464906,0.429794,0.774041]]],"btipPosition":[12.6709,29.4412,-37.4476],"carpPosition":[63.675,92.8684,85.5524],"dipPosition":[20.9428,37.0884,-23.6752],"direction":[-0.464906,-0.429794,-0.774041],"extended":true,"handId":792,"id":7923,"length":61.3553,"mcpPosition":[52.9884,66.7137,29.6787],"pipPosition":[33.2074,48.4266,-3.25554],"stabilizedTipPosition":[14.8221,31.1841,-33.8457],"timeVisible":6.07106,"tipPosition":[18.8001,24.8865,-31.7002],"tipVelocity":[-25.6477,-6.40987,-3.87723],"tool":false,"touchDistance":0.333289,"touchZone":"hovering","type":3,"width":18.5115}],"r":[[0.939414,0.314927,0.135361],[-0.209117,0.83941,-0.501658],[-0.271609,0.442958,0.85441]],"s":0.916509,"t":[41.4904,-59.1627,-55.6974],"timestamp":747346443186},{"currentFrameRate":106.992,"devices":[],"gestures":[],"hands":[{"armBasis":[[0.881961,-0.0403042,-0.469595],[0.28864,0.833835,0.470538],[0.3726,-0.55054,0.747044]],"armWidth":64.7751,"confidence":1,"direction":[-0.274762,-0.25622,-0.926745],"elbow":[170.269,-64.6334,320.826],"grabAngle":0.293562,"grabStrength":0,"id":792,"palmNormal":[-0.129049,-0.945294,0.299609],"palmPosition":[39.3804,71.0651,52.3462],"palmVelocity":[-23.6779,-10.7419,-20.7755],"palmWidth":90.948,"pinchDistance":59.1053,"pinchStrength":0,"r":[[0.939655,0.31469,0.134237],[-0.20893,0.838518,-0.503225],[-0.27092,0.444812,0.853666]],"s":0.91664,"sphereCenter":[2.95656,-80.7363,93.289],"sphereRadius":165.235,"stabilizedPalmPosition":[39.8707,71.3874,52.6849],"t":[41.3264,-59.2396,-55.8105],"timeVisible":6.07948,"type":"right","wrist":[69.713,83.9438,119.218]}],"id":1363230,"interactionBox":{"center":[0,200,0],"size":[235.247,235.247,147.751]},"pointables":[{"bases":[[[0.445219,0.714249,-0.540026],[-0.601876,0.685244,0.410106],[0.662967,0.142442,0.734973]],[[0.45027,0.715316,-0.534396],[-0.469515,0.698756,0.539718],[0.759482,0.00788795,0.650481]],[[0.45027,0.715316,-0.534396],[-0.867912,0.491208,-0.0737768],[0.209726,0.497029,0.842008]],[[0.45027,0.715316,-0.534396],[-0.89014,0.312655,-0.331508],[-0.0700512,0.624956,0.777511]]],"btipPosition":[-8.71845,53.4031,35.0862],"carpPosition":[34.424,83.8634,112.21],"dipPosition":[-10.2797,67.3317,52.4147],"direction":[-0.209726,-0.497029,-0.842008],"extended":false,"handId":792,"id":7920,"length":49.6304,"mcpPosition":[34.424,83.8634,112.21],"pipPosition":[-3.47005,83.4698,79.7541],"stabilizedTipPosition":[-8.58825,56.0885,39.5122],"timeVisible":6.07948,"tipPosition":[-15.9961,58.0452,40.5978],"tipVelocity":[-30.8172,49.5904,-40.8346],"tool":false,"touchDistance":0.179625,"touchZone":"hovering","type":0,"width":20.7366},{"bases":[[[0.88983,-0.428511,0.156781],[0.455283,0.810966,-0.367494],[0.0303313,0.398387,0.916716]],[[0.846133,-0.522551,-0.104876],[0.409883,0.763775,-0.498642],[0.340668,0.378931,0.86044]],[[0.846133,-0.522551,-0.104876],[0.297449,0.626271,-0.72063],[0.442247,0.578554,0.685342]],[[0.846133,-0.522551,-0.104876],[0.242156,0.552217,-0.797757],[0.474784,0.649612,0.593788]]],"btipPosition":[45.3398,26.473,-17.5183],"carpPosition":[74.5995,83.7616,87.0982],"dipPosition":[53.1331,37.1361,-7.7715],"direction":[-0.442247,-0.578554,-0.685342],"extended":true,"handId":792,"id":7924,"length":48.1014,"mcpPosition":[72.8416,60.6717,33.9668],"pipPosition":[61.3704,47.9122,4.99357],"stabilizedTipPosition":[47.5553,29.2239,-15.3745],"timeVisible":6.07948,"tipPosition":[48.4152,28.8155,-16.2126],"tipVelocity":[-68.2494,-45.7586,16.1088],"tool":false,"touchDistance":0.333441,"touchZone":"hovering","type":4,"width":16.4433},{"bases":[[[0.893153,-0.24207,-0.37905],[0.0637101,0.902397,-0.426171],[0.445217,0.356487,0.821401]],[[0.997722,-0.0670853,0.00710375],[0.0624091,0.877903,-0.474755],[0.0256127,0.474117,0.880089]],[[0.997722,-0.0670853,0.00710375],[0.0624091,0.877903,-0.474755],[0.0256127,0.474117,0.880089]],[[0.997722,-0.0670853,0.00710375],[0.0570913,0.783575,-0.618669],[0.0359373,0.617665,0.78562]]],"btipPosition":[6.72718,31.3955,-34.8348],"carpPosition":[41.6886,97.9704,94.6146],"dipPosition":[7.3119,41.4453,-22.0523],"direction":[-0.0256127,-0.474117,-0.880089],"extended":true,"handId":792,"id":7921,"length":56.0024,"mcpPosition":[8.94934,71.7559,34.2123],"pipPosition":[7.90144,52.3583,-1.79486],"stabilizedTipPosition":[7.15995,33.6824,-31.7611],"timeVisible":6.07948,"tipPosition":[4.21553,30.5772,-29.1215],"tipVelocity":[-52.8836,13.622,-21.7563],"tool":false,"touchDistance":0.333183,"touchZone":"hovering","type":1,"width":19.8076},{"bases":[[[0.921057,-0.341948,-0.186348],[0.22355,0.856088,-0.465981],[0.318872,0.387537,0.864948]],[[0.968399,-0.24932,0.00653759],[0.217025,0.829464,-0.514674],[0.122896,0.499829,0.857361]],[[0.968399,-0.24932,0.00653759],[0.217025,0.829464,-0.514674],[0.122896,0.499829,0.857361]],[[0.968399,-0.24932,0.00653759],[0.190079,0.72082,-0.66655],[0.161471,0.646729,0.745432]]],"btipPosition":[18.3137,21.2716,-47.4383],"carpPosition":[52.4092,96.3486,88.7908],"dipPosition":[21.2034,32.8453,-34.0984],"direction":[-0.122896,-0.499829,-0.857361],"extended":true,"handId":792,"id":7922,"length":63.8103,"mcpPosition":[30.1725,69.3234,28.4729],"pipPosition":[24.5314,46.3806,-10.881],"stabilizedTipPosition":[19.3247,24.0792,-44.3919],"timeVisible":6.07948,"tipPosition":[15.1884,21.0178,-41.1912],"tipVelocity":[-69.1291,-6.46231,-9.49636],"tool":false,"touchDistance":0.333273,"touchZone":"hovering","type":2,"width":19.4537},{"bases":[[[0.938452,-0.344747,-0.0213714],[0.298835,0.841387,-0.450294],[0.173219,0.416193,0.892624]],[[0.85319,-0.446941,-0.268906],[0.231509,0.786459,-0.572613],[0.467407,0.426293,0.77447]],[[0.85319,-0.446941,-0.268906],[0.231509,0.786459,-0.572613],[0.467407,0.426293,0.77447]],[[0.85319,-0.446941,-0.268906],[0.231509,0.786459,-0.572613],[0.467407,0.426293,0.77447]]],"btipPosition":[12.2236,29.5957,-37.6665],"carpPosition":[63.6035,92.623,85.3852],"dipPosition":[20.5401,37.1807,-23.8865],"direction":[-0.467407,-0.426293,-0.77447],"extended":true,"handId":792,"id":7923,"length":61.3553,"mcpPosition":[52.758,66.5647,29.497],"pipPosition":[32.8706,48.4266,-3.45552],"stabilizedTipPosition":[14.6296,31.2279,-34.0286],"timeVisible":6.07948,"tipPosition":[18.312,24.9848,-31.9075],"tipVelocity":[-51.8536,16.6391,-25.7695],"tool":false,"touchDistance":0.33315,"touchZone":"hovering","type":3,"width":18.5115}],"r":[[0.939655,0.31469,0.134237],[-0.20893,0.838518,-0.503225],[-0.27092,0.444812,0.853666]],"s":0.91664,"t":[41.3264,-59.2396,-55.8105],"timestamp":747346451614},{"currentFrameRate":107.634,"devices":[],"gestures":[],"hands":[{"armBasis":[[0.880633,-0.0542634,-0.470682],[0.30048,0.83205,0.466266],[0.36633,-0.55204,0.749036]],"armWidth":64.7751,"confidence":1,"direction":[-0.276389,-0.254955,-0.92661],"elbow":[168.393,-65.3984,321.189],"grabAngle":0.301102,"grabStrength":0,"id":792,"palmNormal":[-0.144933,-0.942084,0.302444],"palmPosition":[39.1193,70.9405,52.1492],"palmVelocity":[-32.1501,-15.3409,-24.2584],"palmWidth":90.948,"pinchDistance":59.0685,"pinchStrength":0,"r":[[0.940776,0.311583,0.133628],[-0.205832,0.838124,-0.505154],[-0.269395,0.447732,0.852621]],"s":0.916887,"sphereCenter":[1.63544,-76.6872,91.3848],"sphereRadius":161.17,"stabilizedPalmPosition":[39.7596,71.3213,52.6057],"t":[41.1139,-59.3404,-55.9656],"timeVisible":6.08761,"type":"right","wrist":[69.53,83.5836,119.042]}],"id":1363231,"interactionBox":{"center":[0,200,0],"size":[235.247,235.247,147.751]},"pointables":[{"bases":[[[0.457999,0.705197,-0.541233],[-0.591917,0.696169,0.406182],[0.663228,0.134334,0.736263]],[[0.465006,0.706582,-0.533396],[-0.460797,0.707623,0.535664],[0.755934,-0.0032998,0.65464]],[[0.465006,0.706582,-0.533396],[-0.856994,0.510415,-0.0709751],[0.222103,0.490121,0.842883]],[[0.465006,0.706582,-0.533396],[-0.883038,0.32707,-0.336554],[-0.0633451,0.627508,0.776029]]],"btipPosition":[-9.30572,54.2858,34.6293],"carpPosition":[34.211,84.0205,111.956],"dipPosition":[-10.7175,68.2712,51.9249],"direction":[-0.222103,-0.490121,-0.842883],"extended":false,"handId":792,"id":7920,"length":49.6305,"mcpPosition":[34.211,84.0205,111.956],"pipPosition":[-3.50598,84.1851,79.2927],"stabilizedTipPosition":[-8.8394,56.4292,39.2942],"timeVisible":6.08761,"tipPosition":[-16.2689,58.7378,40.257],"tipVelocity":[-68.0817,110.299,-57.1898],"tool":false,"touchDistance":0.17452,"touchZone":"hovering","type":0,"width":20.7366},{"bases":[[[0.88245,-0.442139,0.160607],[0.469155,0.802329,-0.369002],[0.0342905,0.400975,0.915447]],[[0.838083,-0.536228,-0.100382],[0.42196,0.75379,-0.503736],[0.345784,0.379816,0.858006]],[[0.838083,-0.536228,-0.100382],[0.300616,0.607479,-0.735254],[0.455244,0.586028,0.670317]],[[0.838083,-0.536228,-0.100382],[0.239485,0.526949,-0.815458],[0.490168,0.659381,0.570046]]],"btipPosition":[44.2895,25.423,-16.8389],"carpPosition":[74.4456,83.191,86.9525],"dipPosition":[52.3354,36.2465,-7.48185],"direction":[-0.455244,-0.586028,-0.670317],"extended":true,"handId":792,"id":7924,"length":48.1014,"mcpPosition":[72.4581,59.9511,33.8946],"pipPosition":[60.8147,47.1618,5.00337],"stabilizedTipPosition":[46.8829,28.6008,-15.0478],"timeVisible":6.08761,"tipPosition":[47.5758,28.2966,-16.1589],"tipVelocity":[-122.176,-124.747,72.6181],"tool":false,"touchDistance":0.33378,"touchZone":"hovering","type":4,"width":16.4433},{"bases":[[[0.890161,-0.257603,-0.375838],[0.0792494,0.899805,-0.429035],[0.448702,0.352125,0.821386]],[[0.996504,-0.0829182,0.0101677],[0.0777254,0.87565,-0.47665],[0.0306196,0.475774,0.879034]],[[0.996504,-0.0829182,0.0101677],[0.0777254,0.87565,-0.47665],[0.0306196,0.475774,0.879034]],[[0.996504,-0.0829182,0.0101677],[0.0715936,0.784943,-0.615418],[0.0430483,0.613995,0.788135]]],"btipPosition":[6.09294,31.6491,-35.089],"carpPosition":[41.7465,97.9494,94.3328],"dipPosition":[6.79336,41.6391,-22.2656],"direction":[-0.0306196,-0.475774,-0.879034],"extended":true,"handId":792,"id":7921,"length":56.0024,"mcpPosition":[8.7509,72.0557,33.9316],"pipPosition":[7.49815,52.5903,-2.03239],"stabilizedTipPosition":[6.67805,33.8231,-31.9625],"timeVisible":6.08761,"tipPosition":[3.55364,30.7751,-29.3051],"tipVelocity":[-74.8216,29.5282,-30.1399],"tool":false,"touchDistance":0.333122,"touchZone":"hovering","type":1,"width":19.8076},{"bases":[[[0.915958,-0.357256,-0.182727],[0.238433,0.850812,-0.468261],[0.322755,0.385339,0.86449]],[[0.964279,-0.264697,0.0100552],[0.23164,0.824225,-0.516717],[0.128486,0.500589,0.856097]],[[0.964279,-0.264697,0.0100552],[0.23164,0.824225,-0.516717],[0.128486,0.500589,0.856097]],[[0.964279,-0.264697,0.0100552],[0.201589,0.708695,-0.676101],[0.171836,0.653978,0.73674]]],"btipPosition":[17.4953,21.0279,-47.4061],"carpPosition":[52.455,96.1367,88.5432],"dipPosition":[20.5704,32.7312,-34.2217],"direction":[-0.128486,-0.500589,-0.856097],"extended":true,"handId":792,"id":7922,"length":63.8103,"mcpPosition":[29.9474,69.2648,28.2573],"pipPosition":[24.0498,46.2871,-11.0386],"stabilizedTipPosition":[18.6505,23.8631,-44.381],"timeVisible":6.08761,"tipPosition":[14.4083,20.9909,-41.3099],"tipVelocity":[-95.5327,-26.3446,-0.44275],"tool":false,"touchDistance":0.333327,"touchZone":"hovering","type":2,"width":19.4537},{"bases":[[[0.932873,-0.359771,-0.0176955],[0.313432,0.834964,-0.452323],[0.177508,0.416413,0.891679]],[[0.846576,-0.461475,-0.265234],[0.246102,0.781213,-0.573707],[0.471956,0.420412,0.774927]],[[0.846576,-0.461475,-0.265234],[0.246102,0.781213,-0.573707],[0.471956,0.420412,0.774927]],[[0.846576,-0.461475,-0.265234],[0.246102,0.781213,-0.573707],[0.471956,0.420412,0.774927]]],"btipPosition":[11.5543,29.6901,-37.8519],"carpPosition":[63.5972,92.2211,85.1802],"dipPosition":[19.9517,37.1704,-24.0638],"direction":[-0.471956,-0.420413,-0.774927],"extended":true,"handId":792,"id":7923,"length":61.3553,"mcpPosition":[52.4832,66.149,29.3512],"pipPosition":[32.4022,48.2611,-3.62072],"stabilizedTipPosition":[14.2783,31.284,-34.2288],"timeVisible":6.08761,"tipPosition":[17.5115,24.9583,-32.0226],"tipVelocity":[-80.1184,8.65089,-22.594],"tool":false,"touchDistance":0.333171,"touchZone":"hovering","type":3,"width":18.5115}],"r":[[0.940776,0.311583,0.133628],[-0.205832,0.838124,-0.505154],[-0.269395,0.447732,0.852621]],"s":0.916887,"t":[41.1139,-59.3404,-55.9656],"timestamp":747346459735},{"currentFrameRate":107.637,"devices":[],"gestures":[],"hands":[{"armBasis":[[0.878633,-0.0745582,-0.471641],[0.317303,0.829279,0.460017],[0.356824,-0.553839,0.752289]],"armWidth":64.7751,"confidence":1,"direction":[-0.277442,-0.25497,-0.926292],"elbow":[165.543,-66.2771,321.976],"grabAngle":0.309825,"grabStrength":0,"id":792,"palmNormal":[-0.168565,-0.936267,0.308204],"palmPosition":[38.8079,70.774,52.0156],"palmVelocity":[-33.531,-17.9307,-14.3898],"palmWidth":90.948,"pinchDistance":59.0275,"pinchStrength":0,"r":[[0.94296,0.304867,0.133729],[-0.198887,0.838031,-0.508083],[-0.266966,0.452505,0.850863]],"s":0.917581,"sphereCenter":[0.545325,-70.4815,88.6273],"sphereRadius":154.807,"stabilizedPalmPosition":[39.601,71.2301,52.5074],"t":[40.852,-59.474,-56.11],"timeVisible":6.09689,"type":"right","wrist":[69.245,83.1906,118.952]}],"id":1363232,"interactionBox":{"center":[0,200,0],"size":[235.247,235.247,147.751]},"pointables":[{"bases":[[[0.477234,0.690431,-0.543648],[-0.577545,0.712695,0.39813],[0.662336,0.12398,0.738877]],[[0.486694,0.69214,-0.532984],[-0.449491,0.72157,0.526588],[0.749058,-0.0167156,0.662294]],[[0.486694,0.69214,-0.532984],[-0.839574,0.539159,-0.0664973],[0.241338,0.479844,0.843508]],[[0.486694,0.69214,-0.532984],[-0.872109,0.349656,-0.342297],[-0.0505563,0.631414,0.773796]]],"btipPosition":[-10.1882,55.5699,34.0235],"carpPosition":[33.895,84.3885,111.702],"dipPosition":[-11.315,69.6423,51.2693],"direction":[-0.241338,-0.479844,-0.843508],"extended":false,"handId":792,"id":7920,"length":49.6305,"mcpPosition":[33.895,84.3885,111.702],"pipPosition":[-3.47888,85.2225,78.6574],"stabilizedTipPosition":[-9.2822,57.0839,38.935],"timeVisible":6.09689,"tipPosition":[-16.5472,59.7502,39.837],"tipVelocity":[-87.9825,140.451,-66.4804],"tool":false,"touchDistance":0.172994,"touchZone":"hovering","type":0,"width":20.7366},{"bases":[[[0.870987,-0.46153,0.168437],[0.489763,0.788492,-0.372039],[0.0388958,0.406535,0.912807]],[[0.826047,-0.55616,-0.0912798],[0.439582,0.737132,-0.513229],[0.352723,0.383826,0.853384]],[[0.826047,-0.55616,-0.0912798],[0.304661,0.576891,-0.757878],[0.47416,0.598233,0.64598]],[[0.826047,-0.55616,-0.0912798],[0.232603,0.483938,-0.843623],[0.513363,0.67564,0.529121]]],"btipPosition":[42.8396,23.7207,-15.4349],"carpPosition":[74.2293,82.4403,86.9229],"dipPosition":[51.2662,34.8111,-6.74954],"direction":[-0.47416,-0.598233,-0.64598],"extended":true,"handId":792,"id":7924,"length":48.1014,"mcpPosition":[71.975,58.8781,34.018],"pipPosition":[60.0979,45.9537,5.28238],"stabilizedTipPosition":[45.8031,27.4061,-14.2217],"timeVisible":6.09689,"tipPosition":[46.4625,27.3599,-15.7339],"tipVelocity":[-146.723,-176.727,134.58],"tool":false,"touchDistance":0.334291,"touchZone":"hovering","type":4,"width":16.4433},{"bases":[[[0.885829,-0.281028,-0.36923],[0.102571,0.894642,-0.434851],[0.452534,0.347331,0.821325]],[[0.994233,-0.105967,0.0165035],[0.100839,0.871328,-0.480227],[0.0365082,0.479122,0.876989]],[[0.994233,-0.105967,0.0165035],[0.100839,0.871328,-0.480227],[0.0365082,0.479122,0.876989]],[[0.994233,-0.105967,0.0165035],[0.0941334,0.788559,-0.607711],[0.0513833,0.60576,0.793986]]],"btipPosition":[5.39972,31.9842,-35.3579],"carpPosition":[41.8471,98.0121,94.0238],"dipPosition":[6.23576,41.8403,-22.4393],"direction":[-0.0365082,-0.479122,-0.876989],"extended":true,"handId":792,"id":7921,"length":56.0024,"mcpPosition":[8.56975,72.4708,33.6272],"pipPosition":[7.07609,52.8685,-2.25318],"stabilizedTipPosition":[6.0277,34.0794,-32.2165],"timeVisible":6.09689,"tipPosition":[2.80253,30.9543,-29.4181],"tipVelocity":[-71.3011,32.7751,-26.6031],"tool":false,"touchDistance":0.333117,"touchZone":"hovering","type":1,"width":19.8076},{"bases":[[[0.908271,-0.379888,-0.175293],[0.260764,0.841659,-0.472876],[0.327177,0.383789,0.863516]],[[0.957835,-0.286768,0.0177798],[0.25367,0.814981,-0.521016],[0.134921,0.503558,0.853361]],[[0.957835,-0.286768,0.0177798],[0.25367,0.814981,-0.521016],[0.134921,0.503558,0.853361]],[[0.957835,-0.286768,0.0177798],[0.220833,0.695192,-0.684062],[0.183807,0.659145,0.729207]]],"btipPosition":[16.5883,20.5983,-47.2422],"carpPosition":[52.5403,95.9082,88.3049],"dipPosition":[19.8777,32.3941,-34.1926],"direction":[-0.134921,-0.503558,-0.853361],"extended":true,"handId":792,"id":7922,"length":63.8103,"mcpPosition":[29.7244,69.1444,28.0868],"pipPosition":[23.5313,46.0304,-11.0835],"stabilizedTipPosition":[17.7598,23.4867,-44.2853],"timeVisible":6.09689,"tipPosition":[13.4457,20.7718,-41.2442],"tipVelocity":[-92.369,-43.9778,14.3191],"tool":false,"touchDistance":0.333433,"touchZone":"hovering","type":2,"width":19.4537},{"bases":[[[0.924259,-0.38163,-0.0101598],[0.335286,0.824173,-0.456423],[0.182558,0.418447,0.889705]],[[0.836815,-0.483092,-0.257609],[0.268087,0.771828,-0.576551],[0.477357,0.413405,0.775388]],[[0.836815,-0.483092,-0.257609],[0.268087,0.771828,-0.576551],[0.477357,0.413405,0.775388]],[[0.836815,-0.483092,-0.257609],[0.268087,0.771828,-0.576551],[0.477357,0.413405,0.775388]]],"btipPosition":[10.7776,29.6583,-37.9192],"carpPosition":[63.605,91.709,85.0293],"dipPosition":[19.2711,37.014,-24.1229],"direction":[-0.477357,-0.413405,-0.775388],"extended":true,"handId":792,"id":7923,"length":61.3553,"mcpPosition":[52.1749,65.5096,29.3239],"pipPosition":[31.8641,47.9199,-3.66764],"stabilizedTipPosition":[13.6652,31.3102,-34.4338],"timeVisible":6.09689,"tipPosition":[16.5348,24.7735,-31.9741],"tipVelocity":[-81.2769,-6.50286,-7.04447],"tool":false,"touchDistance":0.333271,"touchZone":"hovering","type":3,"width":18.5115}],"r":[[0.94296,0.304867,0.133729],[-0.198887,0.838031,-0.508083],[-0.266966,0.452505,0.850863]],"s":0.917581,"t":[40.852,-59.474,-56.11],"timestamp":747346469020},{"currentFrameRate":108.265,"devices":[],"gestures":[],"hands":[{"armBasis":[[0.877143,-0.0932098,-0.471096],[0.331805,0.826803,0.454205],[0.347167,-0.554714,0.756153]],"armWidth":64.7751,"confidence":1,"direction":[-0.276611,-0.25688,-0.926012],"elbow":[162.546,-66.8031,322.926],"grabAngle":0.315155,"grabStrength":0,"id":792,"palmNormal":[-0.190605,-0.9298,0.314867],"palmPosition":[38.5195,70.5648,51.8542],"palmVelocity":[-35.6135,-25.8223,-19.9262],"palmWidth":90.948,"pinchDistance":58.9791,"pinchStrength":0,"r":[[0.945756,0.295675,0.134615],[-0.189055,0.837865,-0.512094],[-0.264203,0.458866,0.848315]],"s":0.918708,"sphereCenter":[-0.253748,-65.1661,86.369],"sphereRadius":149.318,"stabilizedPalmPosition":[39.4457,71.1346,52.4136],"t":[40.5768,-59.6454,-56.2629],"timeVisible":6.10499,"type":"right","wrist":[68.8542,82.9007,118.859]}],"id":1363233,"interactionBox":{"center":[0,200,0],"size":[235.247,235.247,147.751]},"pointables":[{"bases":[[[0.495521,0.675442,-0.546112],[-0.564834,0.728213,0.388159],[0.659865,0.116122,0.742357]],[[0.506885,0.677353,-0.533161],[-0.440461,0.735186,0.515263],[0.740987,-0.0263426,0.671002]],[[0.506885,0.677353,-0.533161],[-0.822865,0.564489,-0.0651579],[0.256828,0.471747,0.843501]],[[0.506885,0.677353,-0.533161],[-0.861079,0.369076,-0.349751],[-0.0401278,0.636377,0.770334]]],"btipPosition":[-10.9174,56.603,33.3536],"carpPosition":[33.4985,84.7891,111.389],"dipPosition":[-11.8117,70.7861,50.5222],"direction":[-0.256828,-0.471747,-0.843501],"extended":false,"handId":792,"id":7920,"length":49.6305,"mcpPosition":[33.4985,84.7891,111.389],"pipPosition":[-3.4727,86.1034,77.9101],"stabilizedTipPosition":[-9.72225,57.7487,38.5448],"timeVisible":6.10499,"tipPosition":[-16.7873,60.5961,39.3202],"tipVelocity":[-83.4258,130.693,-84.8919],"tool":false,"touchDistance":0.166644,"touchZone":"hovering","type":0,"width":20.7366},{"bases":[[[0.859772,-0.478543,0.178291],[0.508992,0.774672,-0.375248],[0.041455,0.413376,0.909616]],[[0.81487,-0.57411,-0.0799043],[0.455526,0.719515,-0.524208],[0.358445,0.390763,0.847833]],[[0.81487,-0.57411,-0.0799043],[0.308028,0.545671,-0.779334],[0.491025,0.610443,0.621493]],[[0.81487,-0.57411,-0.0799043],[0.228081,0.444309,-0.866354],[0.532884,0.687741,0.492998]]],"btipPosition":[41.5819,21.9946,-14.0312],"carpPosition":[73.9472,81.7703,86.9057],"dipPosition":[50.329,33.2836,-5.93885],"direction":[-0.491025,-0.610443,-0.621493],"extended":true,"handId":792,"id":7924,"length":48.1014,"mcpPosition":[71.5446,57.8116,34.1857],"pipPosition":[59.4748,44.6536,5.63699],"stabilizedTipPosition":[44.7951,26.1217,-13.2856],"timeVisible":6.10499,"tipPosition":[45.527,26.2726,-15.2058],"tipVelocity":[-146.167,-207.462,156.452],"tool":false,"touchDistance":0.334327,"touchZone":"hovering","type":4,"width":16.4433},{"bases":[[[0.882075,-0.302987,-0.360753],[0.124587,0.888514,-0.441612],[0.454337,0.34459,0.821484]],[[0.991621,-0.126811,0.024615],[0.122777,0.865988,-0.484759],[0.0401563,0.48372,0.874301]],[[0.991621,-0.126811,0.024615],[0.122777,0.865988,-0.484759],[0.0401563,0.48372,0.874301]],[[0.991621,-0.126811,0.024615],[0.116031,0.790626,-0.601205],[0.0567779,0.599024,0.798716]]],"btipPosition":[4.95745,32.0783,-35.6458],"carpPosition":[41.8585,98.0889,93.6527],"dipPosition":[5.88126,41.8248,-22.6502],"direction":[-0.0401563,-0.48372,-0.874301],"extended":true,"handId":792,"id":7921,"length":56.0024,"mcpPosition":[8.44848,72.7493,33.2444],"pipPosition":[6.80556,52.9588,-2.52602],"stabilizedTipPosition":[5.57483,34.2064,-32.449],"timeVisible":6.10499,"tipPosition":[2.28439,30.908,-29.5604],"tipVelocity":[-52.109,8.50293,-33.3616],"tool":false,"touchDistance":0.333097,"touchZone":"hovering","type":1,"width":19.8076},{"bases":[[[0.901098,-0.400647,-0.165846],[0.281863,0.831849,-0.478101],[0.329508,0.38407,0.862505]],[[0.951426,-0.306661,0.0273502],[0.274474,0.804599,-0.526579],[0.139476,0.508508,0.849686]],[[0.951426,-0.306661,0.0273502],[0.274474,0.804599,-0.526579],[0.139476,0.508508,0.849686]],[[0.951426,-0.306661,0.0273502],[0.240629,0.68525,-0.687408],[0.19206,0.660599,0.725757]]],"btipPosition":[15.9477,19.9921,-47.1211],"carpPosition":[52.5424,95.7089,88.0254],"dipPosition":[19.3847,31.8139,-34.1333],"direction":[-0.139476,-0.508508,-0.849686],"extended":true,"handId":792,"id":7922,"length":63.8103,"mcpPosition":[29.5638,68.9254,27.8779],"pipPosition":[23.1617,45.5843,-11.1237],"stabilizedTipPosition":[17.0866,22.9756,-44.1856],"timeVisible":6.10499,"tipPosition":[12.7368,20.3318,-41.1684],"tipVelocity":[-74.897,-74.0997,13.1929],"tool":false,"touchDistance":0.333418,"touchZone":"hovering","type":2,"width":19.4537},{"bases":[[[0.915937,-0.401322,-0.000597246],[0.355883,0.812918,-0.46099],[0.185491,0.422025,0.887405]],[[0.827926,-0.503055,-0.247941],[0.289098,0.761634,-0.579945],[0.480584,0.408472,0.776009]],[[0.827926,-0.503055,-0.247941],[0.289098,0.761634,-0.579945],[0.480584,0.408472,0.776009]],[[0.827926,-0.503055,-0.247941],[0.289098,0.761634,-0.579945],[0.480584,0.408472,0.776009]]],"btipPosition":[10.2456,29.4001,-37.9969],"carpPosition":[63.5365,91.247,84.8614],"dipPosition":[18.7965,36.6679,-24.1896],"direction":[-0.480584,-0.408472,-0.776009],"extended":true,"handId":792,"id":7923,"length":61.3553,"mcpPosition":[51.9227,64.8235,29.3],"pipPosition":[31.4746,47.4437,-3.71798],"stabilizedTipPosition":[13.0881,31.2155,-34.5877],"timeVisible":6.10499,"tipPosition":[15.8014,24.3922,-31.9232],"tipVelocity":[-64.0511,-34.3805,-9.28702],"tool":false,"touchDistance":0.333268,"touchZone":"hovering","type":3,"width":18.5115}],"r":[[0.945756,0.295675,0.134615],[-0.189055,0.837865,-0.512094],[-0.264203,0.458866,0.848315]],"s":0.918708,"t":[40.5768,-59.6454,-56.2629],"timestamp":747346477120},{"currentFrameRate":108.594,"devices":[],"gestures":[],"hands":[{"armBasis":[[0.875902,-0.112308,-0.469236],[0.345817,0.82432,0.448226],[0.336461,-0.554872,0.760862]],"armWidth":64.7751,"confidence":1,"direction":[-0.275984,-0.258987,-0.925613],"elbow":[159.313,-67.0435,324.146],"grabAngle":0.316464,"grabStrength":0,"id":792,"palmNormal":[-0.211676,-0.922993,0.321368],"palmPosition":[38.2853,70.42,51.7359],"palmVelocity":[-27.182,-16.8159,-13.7283],"palmWidth":90.948,"pinchDistance":58.8703,"pinchStrength":0,"r":[[0.948926,0.284637,0.136094],[-0.177082,0.837516,-0.516922],[-0.261116,0.466421,0.845145]],"s":0.920113,"sphereCenter":[-0.602629,-60.0474,84.1223],"sphereRadius":144.001,"stabilizedPalmPosition":[39.2734,71.0285,52.313],"t":[40.3221,-59.8035,-56.3984],"timeVisible":6.11361,"type":"right","wrist":[68.5104,82.7028,118.808]}],"id":1363234,"interactionBox":{"center":[0,200,0],"size":[235.247,235.247,147.751]},"pointables":[{"bases":[[[0.512749,0.660481,-0.548501],[-0.552174,0.742911,0.378399],[0.657413,0.108844,0.745628]],[[0.526046,0.662563,-0.533184],[-0.432181,0.748217,0.50338],[0.732458,-0.0343692,0.679944]],[[0.526046,0.662563,-0.533184],[-0.806615,0.587392,-0.0658917],[0.269531,0.464737,0.843429]],[[0.526046,0.662563,-0.533184],[-0.849923,0.387387,-0.357157],[-0.0300904,0.641047,0.766912]]],"btipPosition":[-11.4443,57.5861,32.7133],"carpPosition":[33.1822,85.2481,111.117],"dipPosition":[-12.115,71.8733,49.8056],"direction":[-0.269531,-0.464737,-0.843429],"extended":false,"handId":792,"id":7920,"length":49.6305,"mcpPosition":[33.1822,85.2481,111.117],"pipPosition":[-3.3635,86.963,77.1911],"stabilizedTipPosition":[-10.1732,58.4995,38.088],"timeVisible":6.11361,"tipPosition":[-16.9848,61.4657,38.8653],"tipVelocity":[-55.1924,116.893,-76.3667],"tool":false,"touchDistance":0.156442,"touchZone":"hovering","type":0,"width":20.7366},{"bases":[[[0.848603,-0.494555,0.187851],[0.52718,0.760858,-0.378387],[0.0442052,0.420131,0.906386]],[[0.803672,-0.591078,-0.0688373],[0.470446,0.70193,-0.534766],[0.364407,0.397392,0.842192]],[[0.803672,-0.591078,-0.0688373],[0.310417,0.51511,-0.798938],[0.507694,0.620716,0.59746]],[[0.803672,-0.591078,-0.0688373],[0.225002,0.408926,-0.884394],[0.550895,0.695274,0.461636]]],"btipPosition":[40.3825,20.4874,-12.6755],"carpPosition":[73.714,81.1927,86.9218],"dipPosition":[49.4252,31.9,-5.0979],"direction":[-0.507694,-0.620716,-0.59746],"extended":true,"handId":792,"id":7924,"length":48.1014,"mcpPosition":[71.152,56.8426,34.3891],"pipPosition":[58.8814,43.4614,6.0303],"stabilizedTipPosition":[43.7179,24.732,-12.1991],"timeVisible":6.11361,"tipPosition":[44.6284,25.2536,-14.6083],"tipVelocity":[-131.339,-171.653,143.625],"tool":false,"touchDistance":0.334306,"touchZone":"hovering","type":4,"width":16.4433},{"bases":[[[0.877916,-0.324067,-0.352484],[0.145625,0.881997,-0.44819],[0.456133,0.342143,0.821511]],[[0.98865,-0.146653,0.0326291],[0.143795,0.860739,-0.488315],[0.0435277,0.487464,0.872057]],[[0.98865,-0.146653,0.0326291],[0.143795,0.860739,-0.488315],[0.0435277,0.487464,0.872057]],[[0.98865,-0.146653,0.0326291],[0.137302,0.793779,-0.592505],[0.0609924,0.59026,0.804905]]],"btipPosition":[4.60858,32.2954,-35.9336],"carpPosition":[41.9258,98.2229,93.3242],"dipPosition":[5.60096,41.8993,-22.8373],"direction":[-0.0435277,-0.487464,-0.872057],"extended":true,"handId":792,"id":7921,"length":56.0024,"mcpPosition":[8.38371,73.0631,32.9138],"pipPosition":[6.60286,53.1195,-2.76474],"stabilizedTipPosition":[5.18979,34.3618,-32.6955],"timeVisible":6.11361,"tipPosition":[1.84397,30.9305,-29.6729],"tipVelocity":[-38.6653,21.3919,-30.7162],"tool":false,"touchDistance":0.333101,"touchZone":"hovering","type":1,"width":19.8076},{"bases":[[[0.893695,-0.420441,-0.156649],[0.301929,0.82181,-0.483185],[0.331887,0.384523,0.86139]],[[0.944842,-0.325443,0.0368857],[0.294287,0.794116,-0.531766],[0.143768,0.51329,0.846087]],[[0.944842,-0.325443,0.0368857],[0.294287,0.794116,-0.531766],[0.143768,0.51329,0.846087]],[[0.944842,-0.325443,0.0368857],[0.260869,0.679665,-0.685568],[0.198044,0.657375,0.727074]]],"btipPosition":[15.4129,19.5368,-47.0434],"carpPosition":[52.5938,95.5766,87.7863],"dipPosition":[18.957,31.301,-34.032],"direction":[-0.143768,-0.51329,-0.846087],"extended":true,"handId":792,"id":7922,"length":63.8103,"mcpPosition":[29.4494,68.7616,27.7166],"pipPosition":[22.8503,45.2009,-11.1199],"stabilizedTipPosition":[16.4788,22.4566,-44.0901],"timeVisible":6.11361,"tipPosition":[12.0955,19.9583,-41.0535],"tipVelocity":[-59.2195,-54.3795,9.64971],"tool":false,"touchDistance":0.3334,"touchZone":"hovering","type":2,"width":19.4537},{"bases":[[[0.907473,-0.42002,0.00869227],[0.375434,0.80151,-0.465436],[0.188526,0.425634,0.885039]],[[0.818867,-0.522075,-0.238525],[0.309122,0.751271,-0.583126],[0.483633,0.403769,0.776576]],[[0.818867,-0.522075,-0.238525],[0.309122,0.751271,-0.583126],[0.483633,0.403769,0.776576]],[[0.818867,-0.522075,-0.238525],[0.309122,0.751271,-0.583126],[0.483633,0.403769,0.776576]]],"btipPosition":[9.76822,29.1984,-38.0283],"carpPosition":[63.5135,90.8634,84.731],"dipPosition":[18.3734,36.3825,-24.2108],"direction":[-0.483633,-0.403769,-0.776576],"extended":true,"handId":792,"id":7923,"length":61.3553,"mcpPosition":[51.7097,64.2139,29.3178],"pipPosition":[31.1319,47.0342,-3.72428],"stabilizedTipPosition":[12.4687,31.0469,-34.709],"timeVisible":6.11361,"tipPosition":[15.1214,24.0759,-31.8262],"tipVelocity":[-53.96,-25.6455,-3.36998],"tool":false,"touchDistance":0.333306,"touchZone":"hovering","type":3,"width":18.5115}],"r":[[0.948926,0.284637,0.136094],[-0.177082,0.837516,-0.5