{"frames":79,"data":[{"currentFrameRate":114.675,"devices":[],"gestures":[],"hands":[{"armBasis":[[0.927087,0.0125882,-0.374634],[0.292995,0.599039,0.745188],[0.233801,-0.800621,0.551674]],"armWidth":64.3496,"confidence":1,"direction":[0.119073,0.274641,-0.954146],"elbow":[91.4882,-39.5442,291.857],"grabAngle":2.51365,"grabStrength":0,"id":753,"palmNormal":[-0.411902,-0.860723,-0.299154],"palmPosition":[26.1005,198.753,76.9351],"palmVelocity":[6.31221,-11.7404,-4.6394],"palmWidth":89.2012,"pinchDistance":66.6574,"pinchStrength":0.583529,"r":[[0.984915,-0.0339303,0.169677],[0.0677086,0.97797,-0.19746],[-0.159239,0.20597,0.965515]],"s":0.939611,"sphereCenter":[-11.2421,195.487,48.0301],"sphereRadius":52.2042,"stabilizedPalmPosition":[25.9977,200.076,77.516],"t":[8.10904,52.6162,0.712481],"timeVisible":3.63401,"type":"right","wrist":[29.6029,172.374,145.833]}],"id":1344679,"interactionBox":{"center":[0,200,0],"size":[235.247,235.247,147.751]},"pointables":[{"bases":[[[0.910582,-0.376438,-0.170689],[0.402257,0.902038,0.15658],[0.095025,-0.211239,0.972804]],[[0.914135,-0.386301,-0.122998],[0.404893,0.854636,0.325053],[-0.0204496,-0.346943,0.937663]],[[0.914135,-0.386301,-0.122998],[0.404893,0.854636,0.325053],[-0.0204496,-0.346943,0.937663]],[[0.914135,-0.386301,-0.122998],[0.405393,0.873734,0.268786],[0.00363525,-0.295569,0.955314]]],"btipPosition":[9.00681,245.693,-23.4971],"carpPosition":[14.5716,202.592,124.606],"dipPosition":[9.06788,240.728,-7.44864],"direction":[0.0204496,0.346943,-0.937663],"extended":true,"handId":753,"id":7531,"length":57.8214,"mcpPosition":[7.71807,217.827,54.4438],"pipPosition":[8.5819,232.482,14.835],"stabilizedTipPosition":[9.08376,244.838,-19.6799],"timeVisible":3.63401,"tipPosition":[13.3179,240.043,-20.5095],"tipVelocity":[5.74796,-21.0161,-8.87164],"tool":false,"touchDistance":0.196826,"touchZone":"hovering","type":1,"width":19.7848},{"bases":[[[0.755183,0.650963,0.0771062],[-0.589324,0.622708,0.514715],[0.287046,-0.434145,0.853887]],[[0.676717,0.728495,-0.106532],[-0.718922,0.685044,0.117751],[0.15876,-0.00309595,0.987312]],[[0.676717,0.728495,-0.106532],[-0.715026,0.615813,-0.330926],[-0.175474,0.300116,0.937624]],[[0.676717,0.728495,-0.106532],[-0.605801,0.468732,-0.642881],[-0.4184,0.499586,0.758522]]],"btipPosition":[6.02501,165.195,31.7617],"carpPosition":[-1.71634,186.601,128.964],"dipPosition":[-3.60287,176.691,49.2162],"direction":[0.175474,-0.300116,-0.937624],"extended":false,"handId":753,"id":7530,"length":51.2425,"mcpPosition":[-1.71634,186.601,128.964],"pipPosition":[-9.48545,186.752,80.6489],"stabilizedTipPosition":[3.44941,168.4,35.7752],"timeVisible":3.63401,"tipPosition":[-3.70113,174.266,34.419],"tipVelocity":[19.882,-27.7214,4.76607],"tool":false,"touchDistance":0.262296,"touchZone":"hovering","type":0,"width":20.7127},{"bases":[[[0.833042,-0.549739,-0.0618652],[0.552399,0.820554,0.146788],[-0.0299316,-0.156455,0.987231]],[[0.829749,-0.558132,-0.00255549],[0.203254,0.306426,-0.929942],[0.519813,0.771098,0.367698]],[[0.829749,-0.558132,-0.00255549],[-0.464275,-0.687661,-0.558186],[0.309784,0.46434,-0.829712]],[[0.829749,-0.558132,-0.00255549],[-0.553574,-0.82354,0.123842],[-0.0712248,-0.101343,-0.992299]]],"btipPosition":[-3.87164,162.77,78.8507],"carpPosition":[26.0616,199.724,122.267],"dipPosition":[-5.18766,160.898,60.5161],"direction":[-0.309784,-0.46434,0.829712],"extended":false,"handId":753,"id":7532,"length":65.8828,"mcpPosition":[28.1088,210.425,54.7438],"pipPosition":[3.47376,173.881,37.3178],"stabilizedTipPosition":[-4.22323,162.793,74.6683],"timeVisible":3.63401,"tipPosition":[-5.24232,160.78,68.4663],"tipVelocity":[0.818321,-11.9627,-0.961487],"tool":false,"touchDistance":0.333333,"touchZone":"none","type":2,"width":19.4313},{"bases":[[[0.77553,-0.627053,0.0732001],[0.609269,0.773775,0.173389],[-0.165365,-0.08987,0.982129]],[[0.764218,-0.631314,0.131961],[0.340671,0.221394,-0.913744],[0.547644,0.743255,0.384264]],[[0.764218,-0.631314,0.131961],[-0.472584,-0.68736,-0.551544],[0.438902,0.359138,-0.823641]],[[0.764218,-0.631314,0.131961],[-0.643151,-0.76126,0.0827067],[0.0482425,-0.148077,-0.987799]]],"btipPosition":[9.81258,159.791,84.2495],"carpPosition":[36.5568,193.985,120.861],"dipPosition":[10.6988,157.071,66.1029],"direction":[-0.438902,-0.359138,0.823641],"extended":false,"handId":753,"id":7533,"length":63.3481,"mcpPosition":[46.7116,199.504,60.5499],"pipPosition":[22.6534,166.853,43.669],"stabilizedTipPosition":[9.9647,159.673,80.1959],"timeVisible":3.63401,"tipPosition":[9.92358,156.882,75.0487],"tipVelocity":[1.18522,-12.1686,-2.11898],"tool":false,"touchDistance":0.333333,"touchZone":"none","type":3,"width":18.4901},{"bases":[[[0.639777,-0.752413,0.156717],[0.705456,0.655826,0.268747],[-0.304988,-0.0613813,0.950376]],[[0.597186,-0.754231,0.272955],[0.526877,0.112275,-0.842493],[0.604789,0.646939,0.464436]],[[0.597186,-0.754231,0.272955],[-0.467136,-0.60367,-0.646039],[0.652037,0.258299,-0.712832]],[[0.597186,-0.754231,0.272955],[-0.770608,-0.633917,-0.0656645],[0.222557,-0.171127,-0.959783]]],"btipPosition":[23.7901,160.986,80.5369],"carpPosition":[43.7904,182.055,120.733],"dipPosition":[27.562,158.085,64.2707],"direction":[-0.652037,-0.258299,0.712832],"extended":false,"handId":753,"id":7534,"length":49.6637,"mcpPosition":[61.1275,185.544,66.7091],"pipPosition":[40.1012,163.053,50.5623],"stabilizedTipPosition":[24.5767,160.98,76.9959],"timeVisible":3.63401,"tipPosition":[26.034,157.09,73.1931],"tipVelocity":[3.24325,-15.9815,-2.85844],"tool":false,"touchDistance":0.333333,"touchZone":"none","type":4,"width":16.4243}],"r":[[0.984915,-0.0339303,0.169677],[0.0677086,0.97797,-0.19746],[-0.159239,0.20597,0.965515]],"s":0.939611,"t":[8.10904,52.6162,0.712481],"timestamp":747182872500},{"currentFrameRate":115.006,"devices":[],"gestures":[],"hands":[{"armBasis":[[0.927152,0.0136898,-0.374436],[0.292307,0.598763,0.74568],[0.234407,-0.800809,0.551143]],"armWidth":64.3496,"confidence":1,"direction":[0.118954,0.273908,-0.954371],"elbow":[91.7186,-39.6121,291.695],"grabAngle":2.51354,"grabStrength":0,"id":753,"palmNormal":[-0.411569,-0.861128,-0.298445],"palmPosition":[26.1557,198.689,76.9007],"palmVelocity":[6.79616,-7.86696,-4.24024],"palmWidth":89.2012,"pinchDistance":66.7366,"pinchStrength":0.584579,"r":[[0.984971,-0.0340433,0.169331],[0.0678904,0.977782,-0.198328],[-0.158817,0.206844,0.965398]],"s":0.939606,"sphereCenter":[-11.1973,195.375,47.9946],"sphereRadius":52.2183,"stabilizedPalmPosition":[26.0159,199.916,77.4451],"t":[8.15893,52.5235,0.668422],"timeVisible":3.64214,"type":"right","wrist":[29.673,172.356,145.812]}],"id":1344680,"interactionBox":{"center":[0,200,0],"size":[235.247,235.247,147.751]},"pointables":[{"bases":[[[0.910727,-0.376221,-0.170392],[0.401905,0.902323,0.155837],[0.0951192,-0.210407,0.972975]],[[0.914289,-0.386058,-0.122616],[0.404552,0.8551,0.324255],[-0.0203321,-0.346067,0.937989]],[[0.914289,-0.386058,-0.122616],[0.404552,0.8551,0.324255],[-0.0203321,-0.346067,0.937989]],[[0.914289,-0.386058,-0.122616],[0.40504,0.874528,0.266725],[0.00425989,-0.293529,0.955941]]],"btipPosition":[9.0361,245.511,-23.5789],"carpPosition":[14.6259,202.562,124.568],"dipPosition":[9.10766,240.58,-7.52],"direction":[0.0203321,0.346067,-0.937989],"extended":true,"handId":753,"id":7531,"length":57.8214,"mcpPosition":[7.76559,217.737,54.3939],"pipPosition":[8.62446,232.356,14.7714],"stabilizedTipPosition":[9.07494,244.708,-19.738],"timeVisible":3.64214,"tipPosition":[13.3485,239.902,-20.5763],"tipVelocity":[3.89804,-21.3687,-9.77283],"tool":false,"touchDistance":0.195501,"touchZone":"hovering","type":1,"width":19.7848},{"bases":[[[0.754929,0.651322,0.0765648],[-0.589562,0.622898,0.514213],[0.287226,-0.433334,0.854238]],[[0.676526,0.728611,-0.106952],[-0.719345,0.684926,0.11584],[0.157656,-0.00143338,0.987493]],[[0.676526,0.728611,-0.106952],[-0.714516,0.614289,-0.334836],[-0.178266,0.302944,0.936187]],[[0.676526,0.728611,-0.106952],[-0.605156,0.467285,-0.644539],[-0.419641,0.50077,0.757054]]],"btipPosition":[6.26176,164.959,31.8106],"carpPosition":[-1.65571,186.568,128.94],"dipPosition":[-3.39466,176.482,49.2313],"direction":[0.178266,-0.302944,-0.936187],"extended":false,"handId":753,"id":7530,"length":51.2425,"mcpPosition":[-1.65571,186.568,128.94],"pipPosition":[-9.37082,186.638,80.6159],"stabilizedTipPosition":[3.61762,168.175,35.7872],"timeVisible":3.64214,"tipPosition":[-3.53067,174.065,34.4244],"tipVelocity":[28.31,-28.2207,5.05727],"tool":false,"touchDistance":0.262981,"touchZone":"hovering","type":0,"width":20.7127},{"bases":[[[0.833257,-0.549463,-0.061426],[0.552079,0.82089,0.146111],[-0.0298586,-0.15566,0.987359]],[[0.829967,-0.557809,-0.00210941],[0.2032,0.30586,-0.93014],[0.519485,0.771556,0.3672]],[[0.829967,-0.557809,-0.00210941],[-0.463821,-0.688011,-0.558131],[0.309879,0.464209,-0.82975]],[[0.829967,-0.557809,-0.00210941],[-0.553296,-0.823721,0.123884],[-0.0708411,-0.101653,-0.992294]]],"btipPosition":[-3.81544,162.677,78.8313],"carpPosition":[26.117,199.697,122.232],"dipPosition":[-5.12436,160.799,60.4968],"direction":[-0.309879,-0.464209,0.82975],"extended":false,"handId":753,"id":7532,"length":65.8828,"mcpPosition":[28.1592,210.343,54.6997],"pipPosition":[3.53972,173.778,37.2973],"stabilizedTipPosition":[-4.19985,162.673,74.6564],"timeVisible":3.64214,"tipPosition":[-5.17049,160.699,68.4737],"tipVelocity":[7.11313,-11.6791,-2.38774],"tool":false,"touchDistance":0.333333,"touchZone":"none","type":2,"width":19.4313},{"bases":[[[0.775776,-0.626689,0.0737031],[0.608968,0.774155,0.172749],[-0.165318,-0.0891319,0.982204]],[[0.764467,-0.630906,0.132467],[0.340716,0.220973,-0.913829],[0.547269,0.743726,0.383887]],[[0.764467,-0.630906,0.132467],[-0.472119,-0.68783,-0.551356],[0.438969,0.358953,-0.823686]],[[0.764467,-0.630906,0.132467],[-0.642821,-0.761537,0.0827139],[0.0486941,-0.148385,-0.98773]]],"btipPosition":[9.87369,159.712,84.2307],"carpPosition":[36.6145,193.961,120.83],"dipPosition":[10.7682,156.986,66.0854],"direction":[-0.438969,-0.358953,0.823686],"extended":false,"handId":753,"id":7533,"length":63.3481,"mcpPosition":[46.7664,199.435,60.5145],"pipPosition":[22.7246,166.763,43.6503],"stabilizedTipPosition":[9.98728,159.557,80.1686],"timeVisible":3.64214,"tipPosition":[9.99533,156.813,75.0561],"tipVelocity":[7.75045,-9.91076,-2.27706],"tool":false,"touchDistance":0.333333,"touchZone":"none","type":3,"width":18.4901},{"bases":[[[0.640074,-0.752034,0.157324],[0.705202,0.656321,0.268202],[-0.304952,-0.0607238,0.95043]],[[0.59817,-0.753831,0.271903],[0.526015,0.113372,-0.842885],[0.604567,0.647213,0.464342]],[[0.59817,-0.753831,0.271903],[-0.466996,-0.603635,-0.646172],[0.651235,0.259543,-0.713113]],[[0.59817,-0.753831,0.271903],[-0.770002,-0.634661,-0.0655957],[0.222014,-0.170128,-0.960086]]],"btipPosition":[23.8828,160.877,80.5266],"carpPosition":[43.8527,182.034,120.712],"dipPosition":[27.6454,157.993,64.2553],"direction":[-0.651235,-0.259543,0.713113],"extended":false,"handId":753,"id":7534,"length":49.6637,"mcpPosition":[61.1878,185.486,66.6849],"pipPosition":[40.1692,162.985,50.5415],"stabilizedTipPosition":[24.6083,160.839,76.9568],"timeVisible":3.64214,"tipPosition":[26.1014,157.033,73.2037],"tipVelocity":[11.1318,-12.929,-1.4106],"tool":false,"touchDistance":0.333333,"touchZone":"none","type":4,"width":16.4243}],"r":[[0.984971,-0.0340433,0.169331],[0.0678904,0.977782,-0.198328],[-0.158817,0.206844,0.965398]],"s":0.939606,"t":[8.15893,52.5235,0.668422],"timestamp":747182880631},{"currentFrameRate":115.033,"devices":[],"gestures":[],"hands":[{"armBasis":[[0.926885,0.0137974,-0.375093],[0.292836,0.598556,0.745639],[0.234802,-0.800962,0.550752]],"armWidth":64.3496,"confidence":1,"direction":[0.118717,0.274423,-0.954253],"elbow":[91.8817,-39.6993,291.562],"grabAngle":2.51354,"grabStrength":0,"id":753,"palmNormal":[-0.411886,-0.860852,-0.298805],"palmPosition":[26.194,198.68,76.8858],"palmVelocity":[4.42454,-1.04124,-1.7229],"palmWidth":89.2012,"pinchDistance":66.8192,"pinchStrength":0.585541,"r":[[0.985025,-0.0342038,0.168988],[0.0680731,0.97765,-0.198916],[-0.158407,0.20744,0.965337]],"s":0.939539,"sphereCenter":[-11.1779,195.385,47.986],"sphereRadius":52.233,"stabilizedPalmPosition":[26.0369,199.77,77.3792],"t":[8.20301,52.4726,0.638944],"timeVisible":3.65078,"type":"right","wrist":[29.7315,172.309,145.782]}],"id":1344681,"interactionBox":{"center":[0,200,0],"size":[235.247,235.247,147.751]},"pointables":[{"bases":[[[0.910576,-0.376357,-0.1709],[0.402187,0.902131,0.156224],[0.095378,-0.210988,0.972824]],[[0.91416,-0.38626,-0.122939],[0.404843,0.854795,0.324695],[-0.0203292,-0.346594,0.937795]],[[0.91416,-0.38626,-0.122939],[0.404843,0.854795,0.324695],[-0.0203292,-0.346594,0.937795]],[[0.91416,-0.38626,-0.122939],[0.405323,0.874736,0.265614],[0.00494274,-0.292644,0.956209]]],"btipPosition":[9.06035,245.54,-23.5687],"carpPosition":[14.6805,202.529,124.559],"dipPosition":[9.14338,240.624,-7.50525],"direction":[0.0203293,0.346594,-0.937795],"extended":true,"handId":753,"id":7531,"length":57.8214,"mcpPosition":[7.80151,217.746,54.3958],"pipPosition":[8.66026,232.387,14.7815],"stabilizedTipPosition":[9.07627,244.62,-19.7781],"timeVisible":3.65078,"tipPosition":[13.36,239.959,-20.5626],"tipVelocity":[3.11006,3.692,1.30562],"tool":false,"touchDistance":0.19569,"touchZone":"hovering","type":1,"width":19.7848},{"bases":[[[0.755121,0.651084,0.0766945],[-0.589237,0.622755,0.514759],[0.287389,-0.433896,0.853898]],[[0.676785,0.72843,-0.106549],[-0.719299,0.685119,0.114981],[0.156754,-0.0011772,0.987637]],[[0.676785,0.72843,-0.106549],[-0.713715,0.61374,-0.337541],[-0.180482,0.304488,0.935261]],[[0.676785,0.72843,-0.106549],[-0.604358,0.467103,-0.645419],[-0.420373,0.501203,0.756361]]],"btipPosition":[6.44893,164.853,31.8376],"carpPosition":[-1.60383,186.537,128.927],"dipPosition":[-3.22434,176.387,49.2424],"direction":[0.180482,-0.304488,-0.935261],"extended":false,"handId":753,"id":7530,"length":51.2425,"mcpPosition":[-1.60383,186.537,128.927],"pipPosition":[-9.27479,186.594,80.596],"stabilizedTipPosition":[3.7918,167.983,35.8026],"timeVisible":3.65078,"tipPosition":[-3.40421,173.996,34.4251],"tipVelocity":[21.1978,-11.9806,2.70416],"tool":false,"touchDistance":0.263371,"touchZone":"hovering","type":0,"width":20.7127},{"bases":[[[0.833096,-0.549642,-0.0620081],[0.552337,0.820664,0.146403],[-0.0295812,-0.156217,0.98728]],[[0.829823,-0.55802,-0.00269532],[0.203042,0.306432,-0.929986],[0.519777,0.771176,0.367586]],[[0.829823,-0.55802,-0.00269532],[-0.463978,-0.687275,-0.558908],[0.310029,0.465045,-0.829226]],[[0.829823,-0.55802,-0.00269532],[-0.55351,-0.823711,0.122992],[-0.0708522,-0.10057,-0.992404]]],"btipPosition":[-3.79914,162.655,78.7915],"carpPosition":[26.1701,199.662,122.217],"dipPosition":[-5.10827,160.796,60.455],"direction":[-0.310029,-0.465045,0.829226],"extended":false,"handId":753,"id":7532,"length":65.8828,"mcpPosition":[28.1933,210.347,54.6909],"pipPosition":[3.56001,173.799,37.2702],"stabilizedTipPosition":[-4.18255,162.595,74.6421],"timeVisible":3.65078,"tipPosition":[-5.1429,160.706,68.4577],"tipVelocity":[1.87866,-2.03417,-4.65585],"tool":false,"touchDistance":0.333333,"touchZone":"none","type":2,"width":19.4313},{"bases":[[[0.775639,-0.62693,0.0730952],[0.609222,0.7739,0.172996],[-0.165025,-0.0896513,0.982206]],[[0.764347,-0.631178,0.131861],[0.340566,0.221527,-0.913751],[0.547529,0.74333,0.384281]],[[0.764347,-0.631178,0.131861],[-0.472275,-0.687231,-0.55197],[0.43901,0.359622,-0.823372]],[[0.764347,-0.631178,0.131861],[-0.642966,-0.761493,0.0819955],[0.0486572,-0.147455,-0.987871]]],"btipPosition":[9.89501,159.689,84.1863],"carpPosition":[36.6656,193.925,120.809],"dipPosition":[10.7889,156.98,66.0384],"direction":[-0.43901,-0.359622,0.823372],"extended":false,"handId":753,"id":7533,"length":63.3481,"mcpPosition":[46.7996,199.43,60.4934],"pipPosition":[22.7464,166.775,43.6118],"stabilizedTipPosition":[10.0052,159.479,80.1439],"timeVisible":3.65078,"tipPosition":[10.0224,156.812,75.0289],"tipVelocity":[2.44718,-2.1901,-5.20358],"tool":false,"touchDistance":0.333333,"touchZone":"none","type":3,"width":18.4901},{"bases":[[[0.639931,-0.752288,0.156688],[0.705457,0.655987,0.268351],[-0.304662,-0.0611891,0.950493]],[[0.598731,-0.754193,0.269656],[0.524911,0.115186,-0.843327],[0.604971,0.646471,0.46485]],[[0.598731,-0.754193,0.269656],[-0.467519,-0.602445,-0.646905],[0.650344,0.261252,-0.713302]],[[0.598731,-0.754193,0.269656],[-0.769868,-0.634779,-0.0660209],[0.220964,-0.168071,-0.960691]]],"btipPosition":[23.9353,160.823,80.4891],"carpPosition":[43.9007,181.995,120.682],"dipPosition":[27.6801,157.974,64.2075],"direction":[-0.650344,-0.261252,0.713302],"extended":false,"handId":753,"id":7534,"length":49.6637,"mcpPosition":[61.2193,185.474,66.6512],"pipPosition":[40.1868,162.998,50.4901],"stabilizedTipPosition":[24.6411,160.722,76.9198],"timeVisible":3.65078,"tipPosition":[26.124,157.035,73.1751],"tipVelocity":[5.59601,-5.3262,-4.60871],"tool":false,"touchDistance":0.333333,"touchZone":"none","type":4,"width":16.4243}],"r":[[0.985025,-0.0342038,0.168988],[0.0680731,0.97765,-0.198916],[-0.158407,0.20744,0.965337]],"s":0.939539,"t":[8.20301,52.4726,0.638944],"timestamp":747182889278},{"currentFrameRate":115.035,"devices":[],"gestures":[],"hands":[{"armBasis":[[0.926754,0.0142379,-0.375399],[0.29291,0.598316,0.745803],[0.235226,-0.801134,0.550321]],"armWidth":64.3496,"confidence":1,"direction":[0.118724,0.274027,-0.954366],"elbow":[92.0403,-39.7648,291.421],"grabAngle":2.51352,"grabStrength":0,"id":753,"palmNormal":[-0.412202,-0.860825,-0.298447],"palmPosition":[26.2354,198.641,76.8546],"palmVelocity":[4.77204,-4.46395,-3.59028],"palmWidth":89.2012,"pinchDistance":66.9052,"pinchStrength":0.586868,"r":[[0.985068,-0.0343861,0.168698],[0.0682811,0.977524,-0.19946],[-0.158047,0.208,0.965276]],"s":0.939401,"sphereCenter":[-11.1404,195.326,47.9539],"sphereRadius":52.237,"stabilizedPalmPosition":[26.0587,199.646,77.3217],"t":[8.24578,52.4278,0.608607],"timeVisible":3.65947,"type":"right","wrist":[29.7778,172.289,145.756]}],"id":1344682,"interactionBox":{"center":[0,200,0],"size":[235.247,235.247,147.751]},"pointables":[{"bases":[[[0.910434,-0.376727,-0.170841],[0.402504,0.902054,0.155851],[0.095394,-0.210656,0.972895]],[[0.914025,-0.386633,-0.122776],[0.405151,0.85493,0.323956],[-0.0202876,-0.345846,0.938072]],[[0.914025,-0.386633,-0.122776],[0.405151,0.85493,0.323956],[-0.0202876,-0.345846,0.938072]],[[0.914025,-0.386633,-0.122776],[0.405622,0.87514,0.263819],[0.00544484,-0.290937,0.956727]]],"btipPosition":[9.09503,245.421,-23.6324],"carpPosition":[14.7275,202.512,124.528],"dipPosition":[9.1865,240.533,-7.56021],"direction":[0.0202876,0.345846,-0.938072],"extended":true,"handId":753,"id":7531,"length":57.8214,"mcpPosition":[7.84737,217.705,54.3592],"pipPosition":[8.70436,232.314,14.7332],"stabilizedTipPosition":[9.08725,244.531,-19.8216],"timeVisible":3.65947,"tipPosition":[13.3932,239.902,-20.6059],"tipVelocity":[4.21467,-12.9421,-7.09611],"tool":false,"touchDistance":0.194662,"touchZone":"hovering","type":1,"width":19.7848},{"bases":[[[0.755347,0.650859,0.0763839],[-0.588981,0.623145,0.514579],[0.28732,-0.433674,0.854034]],[[0.676937,0.728216,-0.107041],[-0.719331,0.685347,0.113411],[0.155948,0.0002263,0.987765]],[[0.676937,0.728216,-0.107041],[-0.713053,0.612761,-0.340703],[-0.182514,0.30696,0.934058]],[[0.676937,0.728216,-0.107041],[-0.603632,0.466042,-0.646864],[-0.421171,0.5025,0.755056]]],"btipPosition":[6.6169,164.662,31.8776],"carpPosition":[-1.56179,186.527,128.903],"dipPosition":[-3.07473,176.225,49.2523],"direction":[0.182514,-0.30696,-0.934058],"extended":false,"handId":753,"id":7530,"length":51.2425,"mcpPosition":[-1.56179,186.527,128.903],"pipPosition":[-9.19331,186.515,80.5655],"stabilizedTipPosition":[3.95628,167.8,35.8222],"timeVisible":3.65947,"tipPosition":[-3.27259,173.864,34.4251],"tipVelocity":[18.8447,-21.238,3.79848],"tool":false,"touchDistance":0.263921,"touchZone":"hovering","type":0,"width":20.7127},{"bases":[[[0.832906,-0.549945,-0.0618772],[0.552626,0.820533,0.146047],[-0.0295455,-0.155838,0.987341]],[[0.829635,-0.5583,-0.00256093],[0.203188,0.306204,-0.930029],[0.520019,0.771064,0.367477]],[[0.829635,-0.5583,-0.00256093],[-0.464046,-0.687009,-0.559178],[0.31043,0.465102,-0.829043]],[[0.829635,-0.5583,-0.00256093],[-0.55382,-0.82354,0.122738],[-0.0706337,-0.10041,-0.992436]]],"btipPosition":[-3.78248,162.608,78.7564],"carpPosition":[26.2159,199.64,122.186],"dipPosition":[-5.08757,160.752,60.4193],"direction":[-0.31043,-0.465102,0.829043],"extended":false,"handId":753,"id":7532,"length":65.8828,"mcpPosition":[28.2367,210.299,54.6551],"pipPosition":[3.59191,173.756,37.2396],"stabilizedTipPosition":[-4.16728,162.532,74.6264],"timeVisible":3.65947,"tipPosition":[-5.11298,160.677,68.4551],"tipVelocity":[2.02437,-5.33258,-4.05307],"tool":false,"touchDistance":0.333333,"touchZone":"none","type":2,"width":19.4313},{"bases":[[[0.775434,-0.627164,0.0732602],[0.609498,0.773759,0.172653],[-0.164967,-0.0892289,0.982255]],[[0.764147,-0.631386,0.132028],[0.340716,0.221284,-0.913754],[0.547715,0.743226,0.384217]],[[0.764147,-0.631386,0.132028],[-0.472347,-0.687108,-0.552061],[0.439281,0.359493,-0.823284]],[[0.764147,-0.631386,0.132028],[-0.643189,-0.761323,0.0818188],[0.048857,-0.147441,-0.987863]]],"btipPosition":[9.91601,159.645,84.1533],"carpPosition":[36.7094,193.899,120.779],"dipPosition":[10.8135,156.936,66.0055],"direction":[-0.439281,-0.359493,0.823284],"extended":false,"handId":753,"id":7533,"length":63.3481,"mcpPosition":[46.8398,199.378,60.4601],"pipPosition":[22.7785,166.728,43.5813],"stabilizedTipPosition":[10.0217,159.415,80.1208],"timeVisible":3.65947,"tipPosition":[10.0497,156.782,75.0222],"tipVelocity":[2.5137,-5.05757,-3.79567],"tool":false,"touchDistance":0.333333,"touchZone":"none","type":3,"width":18.4901},{"bases":[[[0.639692,-0.752444,0.156912],[0.705701,0.65585,0.268043],[-0.304598,-0.0607317,0.950543]],[[0.599017,-0.754334,0.268624],[0.524321,0.115955,-0.843589],[0.605199,0.646169,0.464972]],[[0.599017,-0.754334,0.268624],[-0.467802,-0.601943,-0.647167],[0.649877,0.262001,-0.713453]],[[0.599017,-0.754334,0.268624],[-0.769811,-0.634841,-0.0660862],[0.220385,-0.167203,-0.960975]]],"btipPosition":[23.9822,160.75,80.4632],"carpPosition":[43.9405,181.967,120.656],"dipPosition":[27.7173,157.916,64.1768],"direction":[-0.649877,-0.262001,0.713453],"extended":false,"handId":753,"id":7534,"length":49.6637,"mcpPosition":[61.2555,185.419,66.6218],"pipPosition":[40.2149,162.954,50.4565],"stabilizedTipPosition":[24.6744,160.618,76.8862],"timeVisible":3.65947,"tipPosition":[26.1479,157.002,73.1682],"tipVelocity":[5.14563,-8.01203,-3.10867],"tool":false,"touchDistance":0.333333,"touchZone":"none","type":4,"width":16.4243}],"r":[[0.985068,-0.0343861,0.168698],[0.0682811,0.977524,-0.19946],[-0.158047,0.208,0.965276]],"s":0.939401,"t":[8.24578,52.4278,0.608607],"timestamp":747182897967},{"currentFrameRate":115.042,"devices":[],"gestures":[],"hands":[{"armBasis":[[0.926596,0.0143698,-0.375783],[0.293225,0.598045,0.745896],[0.235454,-0.801333,0.549933]],"armWidth":64.3496,"confidence":1,"direction":[0.118772,0.273248,-0.954583],"elbow":[92.1435,-39.8275,291.281],"grabAngle":2.51354,"grabStrength":0,"id":753,"palmNormal":[-0.412913,-0.860723,-0.297757],"palmPosition":[26.2779,198.592,76.8045],"palmVelocity":[4.89694,-5.63816,-5.76414],"palmWidth":89.2012,"pinchDistance":66.9867,"pinchStrength":0.588402,"r":[[0.985103,-0.0346588,0.168437],[0.0685906,0.977384,-0.200038],[-0.157695,0.208611,0.965201]],"s":0.939202,"sphereCenter":[-11.0577,195.23,47.9053],"sphereRadius":52.2086,"stabilizedPalmPosition":[26.0798,199.545,77.2718],"t":[8.28842,52.3809,0.568422],"timeVisible":3.66815,"type":"right","wrist":[29.8208,172.279,145.718]}],"id":1344683,"interactionBox":{"center":[0,200,0],"size":[235.247,235.247,147.751]},"pointables":[{"bases":[[[0.910116,-0.377548,-0.170724],[0.403222,0.901857,0.155133],[0.0953982,-0.210029,0.97303]],[[0.913727,-0.387501,-0.12225],[0.405808,0.85506,0.32279],[-0.0205506,-0.344552,0.938542]],[[0.913727,-0.387501,-0.12225],[0.405808,0.85506,0.32279],[-0.0205506,-0.344552,0.938542]],[[0.913727,-0.387501,-0.12225],[0.406289,0.875464,0.261712],[0.00561153,-0.288802,0.957372]]],"btipPosition":[9.16289,245.248,-23.7349],"carpPosition":[14.7811,202.506,124.477],"dipPosition":[9.25716,240.397,-7.65191],"direction":[0.0205506,0.344552,-0.938542],"extended":true,"handId":753,"id":7531,"length":57.8214,"mcpPosition":[7.90067,217.654,54.2985],"pipPosition":[8.76877,232.208,14.6526],"stabilizedTipPosition":[9.11208,244.429,-19.8762],"timeVisible":3.66815,"tipPosition":[13.4331,239.81,-20.6808],"tipVelocity":[7.89198,-18.9096,-11.5269],"tool":false,"touchDistance":0.192994,"touchZone":"hovering","type":1,"width":19.7848},{"bases":[[[0.755859,0.650334,0.0757868],[-0.588415,0.623967,0.51423],[0.287133,-0.433279,0.854297]],[[0.677284,0.727744,-0.108052],[-0.719095,0.685847,0.111882],[0.155528,0.0019237,0.98783]],[[0.677284,0.727744,-0.108052],[-0.712371,0.611971,-0.343539],[-0.183884,0.309647,0.932902]],[[0.677284,0.727744,-0.108052],[-0.602959,0.464893,-0.648317],[-0.421576,0.504246,0.753665]]],"btipPosition":[6.73477,164.458,31.9086],"carpPosition":[-1.5197,186.536,128.866],"dipPosition":[-2.96618,176.062,49.2513],"direction":[0.183884,-0.309647,-0.932902],"extended":false,"handId":753,"id":7530,"length":51.2425,"mcpPosition":[-1.5197,186.536,128.866],"pipPosition":[-9.13067,186.442,80.5257],"stabilizedTipPosition":[4.10086,167.622,35.8421],"timeVisible":3.66815,"tipPosition":[-3.16684,173.73,34.4152],"tipVelocity":[13.3328,-22.3716,2.72534],"tool":false,"touchDistance":0.264315,"touchZone":"hovering","type":0,"width":20.7127},{"bases":[[[0.832473,-0.550628,-0.0616226],[0.55328,0.820214,0.145362],[-0.0294967,-0.155104,0.987458]],[[0.829206,-0.558938,-0.00229978],[0.203461,0.305669,-0.930145],[0.520597,0.770814,0.367185]],[[0.829206,-0.558938,-0.00229978],[-0.464461,-0.686746,-0.559157],[0.310955,0.464724,-0.829059]],[[0.829206,-0.558938,-0.00229978],[-0.554473,-0.823087,0.12283],[-0.0705471,-0.100576,-0.992425]]],"btipPosition":[-3.77844,162.567,78.7117],"carpPosition":[26.2669,199.624,122.135],"dipPosition":[-5.08193,160.708,60.3748],"direction":[-0.310955,-0.464724,0.829059],"extended":false,"handId":753,"id":7532,"length":65.8828,"mcpPosition":[28.2844,210.232,54.5964],"pipPosition":[3.61223,173.702,37.1947],"stabilizedTipPosition":[-4.15613,162.483,74.6098],"timeVisible":3.66815,"tipPosition":[-5.09888,160.649,68.4503],"tipVelocity":[0.50856,-4.80095,-5.14259],"tool":false,"touchDistance":0.333333,"touchZone":"none","type":2,"width":19.4313},{"bases":[[[0.774966,-0.627706,0.0735801],[0.61012,0.773416,0.171992],[-0.164868,-0.088395,0.982347]],[[0.763685,-0.631877,0.132353],[0.340915,0.220616,-0.913841],[0.548235,0.743008,0.383898]],[[0.763685,-0.631877,0.132353],[-0.472787,-0.686995,-0.551825],[0.439611,0.358845,-0.823391]],[[0.763685,-0.631877,0.132353],[-0.643739,-0.760833,0.0820606],[0.0488465,-0.147869,-0.9878]]],"btipPosition":[9.92465,159.603,84.115],"carpPosition":[36.7558,193.873,120.731],"dipPosition":[10.822,156.887,65.9684],"direction":[-0.439611,-0.358845,0.823391],"extended":false,"handId":753,"id":7533,"length":63.3481,"mcpPosition":[46.8801,199.302,60.4061],"pipPosition":[22.7959,166.661,43.5413],"stabilizedTipPosition":[10.0348,159.362,80.0991],"timeVisible":3.66815,"tipPosition":[10.0599,156.747,75.0122],"tipVelocity":[0.990159,-4.98323,-4.38388],"tool":false,"touchDistance":0.333333,"touchZone":"none","type":3,"width":18.4901},{"bases":[[[0.639142,-0.752822,0.157345],[0.70625,0.655501,0.26745],[-0.304482,-0.0598135,0.950638]],[[0.59886,-0.754629,0.268144],[0.523939,0.115949,-0.843827],[0.605685,0.645826,0.464817]],[[0.59886,-0.754629,0.268144],[-0.468373,-0.601614,-0.64706],[0.64961,0.261907,-0.713731]],[[0.59886,-0.754629,0.268144],[-0.770106,-0.634516,-0.0657785],[0.21978,-0.167107,-0.96113]]],"btipPosition":[24.0113,160.679,80.4301],"carpPosition":[43.9777,181.936,120.615],"dipPosition":[27.7361,157.846,64.1411],"direction":[-0.64961,-0.261907,0.713731],"extended":false,"handId":753,"id":7534,"length":49.6637,"mcpPosition":[61.2861,185.336,66.5754],"pipPosition":[40.2286,162.883,50.4154],"stabilizedTipPosition":[24.7042,160.527,76.855],"timeVisible":3.66815,"tipPosition":[26.1554,156.957,73.155],"tipVelocity":[3.08205,-8.13944,-3.88219],"tool":false,"touchDistance":0.333333,"touchZone":"none","type":4,"width":16.4243}],"r":[[0.985103,-0.0346588,0.168437],[0.0685906,0.977384,-0.200038],[-0.157695,0.208611,0.965201]],"s":0.939202,"t":[8.28842,52.3809,0.568422],"timestamp":747182906647},{"currentFrameRate":115.013,"devices":[],"gestures":[],"hands":[{"armBasis":[[0.926772,0.0150919,-0.375322],[0.292529,0.597795,0.74637],[0.23563,-0.801507,0.549605]],"armWidth":64.3496,"confidence":1,"direction":[0.11926,0.272653,-0.954692],"elbow":[92.2077,-39.8746,291.158],"grabAngle":2.51367,"grabStrength":0,"id":753,"palmNormal":[-0.412777,-0.860901,-0.297431],"palmPosition":[26.3253,198.557,76.7579],"palmVelocity":[5.4109,-4.02511,-5.33659],"palmWidth":89.2012,"pinchDistance":67.0547,"pinchStrength":0.589506,"r":[[0.985114,-0.0348596,0.168333],[0.0688617,0.977247,-0.200615],[-0.157509,0.209221,0.9651]],"s":0.939007,"sphereCenter":[-10.9851,195.155,47.838],"sphereRadius":52.205,"stabilizedPalmPosition":[26.1008,199.46,77.2279],"t":[8.33339,52.3399,0.524998],"timeVisible":3.6769,"type":"right","wrist":[29.8384,172.278,145.682]}],"id":1344684,"interactionBox":{"center":[0,200,0],"size":[235.247,235.247,147.751]},"pointables":[{"bases":[[[0.910195,-0.37767,-0.170029],[0.40316,0.901946,0.154777],[0.0949021,-0.209426,0.973208]],[[0.913791,-0.387626,-0.121378],[0.405639,0.855387,0.322133],[-0.0210421,-0.343598,0.938881]],[[0.913791,-0.387626,-0.121378],[0.405639,0.855387,0.322133],[-0.0210421,-0.343598,0.938881]],[[0.913791,-0.387626,-0.121378],[0.406147,0.876044,0.259984],[0.00555585,-0.286868,0.957954]]],"btipPosition":[9.25531,245.104,-23.8348],"carpPosition":[14.8044,202.5,124.422],"dipPosition":[9.34864,240.285,-7.74206],"direction":[0.0210421,0.343598,-0.938881],"extended":true,"handId":753,"id":7531,"length":57.8214,"mcpPosition":[7.95971,217.605,54.2307],"pipPosition":[8.84857,232.119,14.5705],"stabilizedTipPosition":[9.15101,244.327,-19.937],"timeVisible":3.6769,"tipPosition":[13.5179,239.727,-20.7577],"tipVelocity":[10.5448,-15.6486,-11.1709],"tool":false,"touchDistance":0.191366,"touchZone":"hovering","type":1,"width":19.7848},{"bases":[[[0.755831,0.650368,0.0757652],[-0.588665,0.624297,0.513544],[0.286693,-0.432753,0.854712]],[[0.677184,0.727773,-0.108485],[-0.719402,0.68581,0.110117],[0.15454,0.00347462,0.98798]],[[0.677184,0.727773,-0.108485],[-0.712005,0.610909,-0.346179],[-0.185665,0.311669,0.931875]],[[0.677184,0.727773,-0.108485],[-0.602383,0.463658,-0.649736],[-0.42256,0.50534,0.752379]]],"btipPosition":[6.88625,164.287,31.9119],"carpPosition":[-1.49894,186.534,128.813],"dipPosition":[-2.83735,175.916,49.2251],"direction":[0.185665,-0.311669,-0.931875],"extended":false,"handId":753,"id":7530,"length":51.2425,"mcpPosition":[-1.49894,186.534,128.813],"pipPosition":[-9.06157,186.364,80.4651],"stabilizedTipPosition":[4.24103,167.454,35.8553],"timeVisible":3.6769,"tipPosition":[-3.02896,173.609,34.3828],"tipVelocity":[16.7278,-18.9201,-0.393466],"tool":false,"touchDistance":0.264258,"touchZone":"hovering","type":0,"width":20.7127},{"bases":[[[0.832494,-0.550681,-0.0608591],[0.553221,0.820295,0.145132],[-0.0299992,-0.15449,0.987539]],[[0.829197,-0.558954,-0.00153281],[0.204066,0.305279,-0.930141],[0.520373,0.770957,0.3672]],[[0.829197,-0.558954,-0.00153281],[-0.464017,-0.686827,-0.559425],[0.31164,0.464585,-0.828879]],[[0.829197,-0.558954,-0.00153281],[-0.55458,-0.823046,0.122623],[-0.0698022,-0.100829,-0.992452]]],"btipPosition":[-3.74204,162.519,78.6536],"carpPosition":[26.2913,199.617,122.088],"dipPosition":[-5.03177,160.656,60.3162],"direction":[-0.31164,-0.464585,0.828879],"extended":false,"handId":753,"id":7532,"length":65.8828,"mcpPosition":[28.3432,210.183,54.5435],"pipPosition":[3.68155,173.646,37.1411],"stabilizedTipPosition":[-4.14355,162.441,74.5912],"timeVisible":3.6769,"tipPosition":[-5.0464,160.612,68.421],"tipVelocity":[4.5246,-5.52786,-6.66039],"tool":false,"touchDistance":0.333333,"touchZone":"none","type":2,"width":19.4313},{"bases":[[[0.774917,-0.627673,0.0743623],[0.610047,0.773512,0.17182],[-0.165367,-0.0877817,0.982318]],[[0.763607,-0.631807,0.133132],[0.3415,0.220203,-0.913722],[0.54798,0.743189,0.383911]],[[0.763607,-0.631807,0.133132],[-0.472372,-0.687209,-0.551913],[0.440193,0.358557,-0.823206]],[[0.763607,-0.631807,0.133132],[-0.64378,-0.760811,0.0819384],[0.0495192,-0.148277,-0.987705]]],"btipPosition":[9.96328,159.565,84.0709],"carpPosition":[36.7808,193.865,120.692],"dipPosition":[10.873,156.841,65.9261],"direction":[-0.440193,-0.358557,0.823206],"extended":false,"handId":753,"id":7533,"length":63.3481,"mcpPosition":[46.9357,199.256,60.3694],"pipPosition":[22.8627,166.607,43.504],"stabilizedTipPosition":[10.0496,159.317,80.0776],"timeVisible":3.6769,"tipPosition":[10.1074,156.713,74.9884],"tipVelocity":[4.74342,-4.58409,-4.99029],"tool":false,"touchDistance":0.333333,"touchZone":"none","type":3,"width":18.4901},{"bases":[[[0.639049,-0.752735,0.158136],[0.706126,0.655655,0.2674],[-0.304964,-0.0592175,0.950521]],[[0.599281,-0.754517,0.267519],[0.523668,0.116721,-0.843889],[0.605503,0.645818,0.465065]],[[0.599281,-0.754517,0.267519],[-0.468279,-0.601437,-0.647294],[0.64929,0.262638,-0.713754]],[[0.599281,-0.754517,0.267519],[-0.769846,-0.634819,-0.0658921],[0.219543,-0.16646,-0.961297]]],"btipPosition":[24.0801,160.612,80.404],"carpPosition":[44.0025,181.928,120.587],"dipPosition":[27.8008,157.791,64.1122],"direction":[-0.64929,-0.262638,0.713754],"extended":false,"handId":753,"id":7534,"length":49.6637,"mcpPosition":[61.3383,185.294,66.5547],"pipPosition":[40.2872,162.841,50.3861],"stabilizedTipPosition":[24.7387,160.443,76.8255],"timeVisible":3.6769,"tipPosition":[26.2007,156.926,73.1426],"tipVelocity":[7.75779,-7.36301,-3.05608],"tool":false,"touchDistance":0.333333,"touchZone":"none","type":4,"width":16.4243}],"r":[[0.985114,-0.0348596,0.168333],[0.0688617,0.977247,-0.200615],[-0.157509,0.209221,0.9651]],"s":0.939007,"t":[8.33339,52.3399,0.524998],"timestamp":747182915391},{"currentFrameRate":115.073,"devices":[],"gestures":[],"hands":[{"armBasis":[[0.927278,0.0162185,-0.374022],[0.290881,0.59772,0.747073],[0.235677,-0.801541,0.549535]],"armWidth":64.3496,"confidence":1,"direction":[0.118959,0.272191,-0.954862],"elbow":[92.295,-39.8701,291.08],"grabAngle":2.51359,"grabStrength":0,"id":753,"palmNormal":[-0.411264,-0.861807,-0.296901],"palmPosition":[26.381,198.526,76.6855],"palmVelocity":[6.48937,-3.51587,-8.43025],"palmWidth":89.2012,"pinchDistance":67.108,"pinchStrength":0.59065,"r":[[0.985128,-0.0346623,0.168288],[0.0687535,0.977132,-0.201211],[-0.157465,0.209789,0.964984]],"s":0.938829,"sphereCenter":[-10.8653,194.996,47.7575],"sphereRadius":52.1746,"stabilizedPalmPosition":[26.1202,199.396,77.1903],"t":[8.38374,52.3043,0.467087],"timeVisible":3.68548,"type":"right","wrist":[29.9132,172.291,145.623]}],"id":1344685,"interactionBox":{"center":[0,200,0],"size":[235.247,235.247,147.751]},"pointables":[{"bases":[[[0.910864,-0.376242,-0.169612],[0.401602,0.902736,0.154217],[0.0950918,-0.208587,0.97337]],[[0.914493,-0.386254,-0.120458],[0.404056,0.856399,0.321434],[-0.020995,-0.342621,0.939239]],[[0.914493,-0.386254,-0.120458],[0.404056,0.856399,0.321434],[-0.020995,-0.342621,0.939239]],[[0.914493,-0.386254,-0.120458],[0.40456,0.877205,0.258541],[0.00580398,-0.285166,0.958461]]],"btipPosition":[9.27529,244.934,-23.9557],"carpPosition":[14.8453,202.484,124.345],"dipPosition":[9.37279,240.143,-7.85445],"direction":[0.020995,0.342621,-0.939239],"extended":true,"handId":753,"id":7531,"length":57.8214,"mcpPosition":[7.98697,217.528,54.142],"pipPosition":[8.87384,232.001,14.4667],"stabilizedTipPosition":[9.18158,244.224,-20.0028],"timeVisible":3.68548,"tipPosition":[13.5073,239.621,-20.859],"tipVelocity":[2.43793,-19.0478,-13.8498],"tool":false,"touchDistance":0.189384,"touchZone":"hovering","type":1,"width":19.7848},{"bases":[[[0.754713,0.651703,0.0754402],[-0.589811,0.623654,0.51301],[0.287281,-0.431671,0.855061]],[[0.675743,0.728988,-0.109307],[-0.720819,0.684507,0.108952],[0.154246,0.00516693,0.988019]],[[0.675743,0.728988,-0.109307],[-0.71302,0.608788,-0.347821],[-0.187013,0.312976,0.931167]],[[0.675743,0.728988,-0.109307],[-0.603127,0.461527,-0.650562],[-0.423804,0.505539,0.751546]]],"btipPosition":[7.04174,164.115,31.8842],"carpPosition":[-1.43162,186.493,128.744],"dipPosition":[-2.71048,175.748,49.1781],"direction":[0.187013,-0.312976,-0.931167],"extended":false,"handId":753,"id":7530,"length":51.2425,"mcpPosition":[-1.43162,186.493,128.744],"pipPosition":[-8.97986,186.24,80.3945],"stabilizedTipPosition":[4.37485,167.295,35.8569],"timeVisible":3.68548,"tipPosition":[-2.87987,173.461,34.3315],"tipVelocity":[17.3397,-19.9511,-3.74227],"tool":false,"touchDistance":0.263722,"touchZone":"hovering","type":0,"width":20.7127},{"bases":[[[0.833438,-0.549309,-0.060335],[0.551803,0.821333,0.144655],[-0.029905,-0.153854,0.987641]],[[0.830145,-0.557546,-0.00100354],[0.203905,0.305273,-0.930178],[0.518924,0.771978,0.367107]],[[0.830145,-0.557546,-0.00100354],[-0.46249,-0.687606,-0.559733],[0.311387,0.465124,-0.828672]],[[0.830145,-0.557546,-0.00100354],[-0.553255,-0.823977,0.122353],[-0.0690445,-0.101016,-0.992486]]],"btipPosition":[-3.64048,162.417,78.5727],"carpPosition":[26.3375,199.618,122.014],"dipPosition":[-4.91621,160.551,60.2346],"direction":[-0.311387,-0.465124,0.828672],"extended":false,"handId":753,"id":7532,"length":65.8828,"mcpPosition":[28.3829,210.141,54.4633],"pipPosition":[3.79004,173.555,37.0653],"stabilizedTipPosition":[-4.1228,162.396,74.5678],"timeVisible":3.68548,"tipPosition":[-4.92232,160.526,68.3846],"tipVelocity":[12.2009,-11.9973,-9.43832],"tool":false,"touchDistance":0.333333,"touchZone":"none","type":2,"width":19.4313},{"bases":[[[0.775969,-0.626305,0.0749302],[0.608704,0.774666,0.171385],[-0.165385,-0.0873788,0.982351]],[[0.764655,-0.630417,0.133701],[0.341432,0.220351,-0.913712],[0.546559,0.744325,0.383737]],[[0.764655,-0.630417,0.133701],[-0.470866,-0.688194,-0.551974],[0.439986,0.359114,-0.823073]],[[0.764655,-0.630417,0.133701],[-0.642485,-0.761894,0.0820359],[0.0501493,-0.14863,-0.98762]]],"btipPosition":[10.0771,159.5,84.004],"carpPosition":[36.837,193.883,120.625],"dipPosition":[10.9984,156.769,65.8607],"direction":[-0.439986,-0.359114,0.823073],"extended":false,"handId":753,"id":7533,"length":63.3481,"mcpPosition":[46.993,199.249,60.3],"pipPosition":[22.9825,166.551,43.4423],"stabilizedTipPosition":[10.0735,159.273,80.0529],"timeVisible":3.68548,"tipPosition":[10.2346,156.658,74.9499],"tipVelocity":[13.5621,-7.76433,-7.75301],"tool":false,"touchDistance":0.333333,"touchZone":"none","type":3,"width":18.4901},{"bases":[[[0.640299,-0.751539,0.158768],[0.704966,0.657039,0.267063],[-0.305025,-0.0590738,0.95051]],[[0.601113,-0.753356,0.266678],[0.522854,0.11837,-0.844163],[0.604389,0.646871,0.465049]],[[0.601113,-0.753356,0.266678],[-0.467274,-0.602037,-0.647461],[0.648319,0.264586,-0.713917]],[[0.601113,-0.753356,0.266678],[-0.768515,-0.636453,-0.065667],[0.219199,-0.165473,-0.961546]]],"btipPosition":[24.2232,160.543,80.3547],"carpPosition":[44.079,181.958,120.529],"dipPosition":[27.9382,157.739,64.0586],"direction":[-0.648319,-0.264586,0.713917],"extended":false,"handId":753,"id":7534,"length":49.6637,"mcpPosition":[61.4182,185.316,66.4974],"pipPosition":[40.4059,162.827,50.3294],"stabilizedTipPosition":[24.786,160.367,76.7949],"timeVisible":3.68548,"tipPosition":[26.3246,156.901,73.1081],"tipVelocity":[16.5123,-7.5466,-5.85992],"tool":false,"touchDistance":0.333333,"touchZone":"none","type":4,"width":16.4243}],"r":[[0.985128,-0.0346623,0.168288],[0.068