{"frames":104,"data":[{"currentFrameRate":114.185,"devices":[],"gestures":[],"hands":[{"armBasis":[[-0.84805,0.426921,0.313925],[0.528883,0.644911,0.551701],[-0.0330791,-0.633899,0.772708]],"armWidth":58.2717,"confidence":1,"direction":[0.353967,0.106526,-0.929172],"elbow":[103.181,-24.3372,327.161],"grabAngle":3.14159,"grabStrength":1,"id":768,"palmNormal":[-0.641243,-0.695569,-0.324025],"palmPosition":[134.126,132.648,80.2728],"palmVelocity":[51.7225,-76.5967,-21.5547],"palmWidth":80.7374,"pinchDistance":7.5123,"pinchStrength":0.903904,"r":[[0.345999,-0.604185,-0.717806],[0.24146,0.796632,-0.554144],[0.906632,0.0184119,0.421521]],"s":0.631838,"sphereCenter":[122.638,106.253,57.4658],"sphereRadius":31.7951,"stabilizedPalmPosition":[134.11,132.673,80.2798],"t":[-3.55732,-0.581251,-17.2186],"timeVisible":6.77388,"type":"left","wrist":[111.106,127.53,142.038]}],"id":1351167,"interactionBox":{"center":[0,200,0],"size":[235.247,235.247,147.751]},"pointables":[{"bases":[[[0.368655,0.928833,0.0369187],[0.696552,-0.302326,0.650703],[-0.615556,0.214169,0.758434]],[[0.481197,0.869544,-0.111099],[0.653655,-0.271468,0.706428],[-0.58411,0.412552,0.699011]],[[0.481197,0.869544,-0.111099],[0.875485,-0.483129,0.0106089],[0.0444505,0.102371,0.993753]],[[0.481197,0.869544,-0.111099],[0.499458,-0.37611,-0.780438],[0.720411,-0.320055,0.615283]]],"btipPosition":[135.518,95.127,57.6891],"carpPosition":[125.021,110.053,129.049],"dipPosition":[149.625,88.8596,69.7378],"direction":[-0.0444505,-0.102371,-0.993753],"extended":false,"handId":768,"id":7680,"length":43.607,"mcpPosition":[125.021,110.053,129.049],"pipPosition":[150.893,91.7801,98.0882],"stabilizedTipPosition":[138.748,93.8926,60.3366],"timeVisible":6.77388,"tipPosition":[137.301,83.63,59.7224],"tipVelocity":[13.9736,-30.8288,16.2976],"tool":false,"touchDistance":0.356145,"touchZone":"hovering","type":0,"width":18.7601},{"bases":[[[-0.611723,0.718318,-0.331383],[0.702867,0.685754,0.188994],[-0.363005,0.117307,0.924374]],[[-0.671218,0.727354,-0.142907],[0.352133,0.143231,-0.924925],[0.652279,0.671149,0.352265]],[[-0.671218,0.727354,-0.142907],[-0.651999,-0.671035,-0.353001],[0.352653,0.143766,-0.924645]],[[-0.671218,0.727354,-0.142907],[-0.705208,-0.685986,-0.179178],[0.228358,0.019488,-0.973382]]],"btipPosition":[124.488,93.2475,84.1852],"carpPosition":[134.635,128.218,124.576],"dipPosition":[127.752,93.5261,70.2698],"direction":[-0.352653,-0.143766,0.924645],"extended":false,"handId":768,"id":7681,"length":49.2057,"mcpPosition":[158.332,120.56,64.2329],"pipPosition":[134.884,96.4336,51.5698],"stabilizedTipPosition":[125.37,93.4625,80.9495],"timeVisible":6.77388,"tipPosition":[127.211,93.3824,72.9487],"tipVelocity":[-92.3111,-108.74,20.0283],"tool":false,"touchDistance":0.333333,"touchZone":"none","type":1,"width":17.9197},{"bases":[[[-0.765941,0.600062,-0.230781],[0.581189,0.799731,0.150497],[-0.274871,0.0188558,0.961296]],[[-0.781045,0.600113,-0.172723],[0.290872,0.104855,-0.950999],[0.552596,0.793013,0.256452]],[[-0.781045,0.600113,-0.172723],[-0.552364,-0.792929,-0.257209],[0.291312,0.105486,-0.950795]],[[-0.781045,0.600113,-0.172723],[-0.604291,-0.656564,0.451393],[-0.157483,-0.456933,-0.875449]]],"btipPosition":[119.55,108.481,87.331],"carpPosition":[129.275,136.956,120.797],"dipPosition":[117.073,101.296,73.5657],"direction":[-0.291312,-0.105486,0.950795],"extended":false,"handId":768,"id":7682,"length":56.0659,"mcpPosition":[146.291,135.789,61.2859],"pipPosition":[124.005,103.806,50.9431],"stabilizedTipPosition":[119.075,107.051,83.9775],"timeVisible":6.77388,"tipPosition":[116.857,102.783,77.8805],"tipVelocity":[-18.2572,-52.8701,41.7686],"tool":false,"touchDistance":0.333333,"touchZone":"none","type":2,"width":17.5995},{"bases":[[[-0.83966,0.534291,-0.0974872],[0.515923,0.840753,0.164191],[-0.169689,-0.0875692,0.981599]],[[-0.827974,0.53858,-0.156172],[0.518287,0.628648,-0.579811],[0.214097,0.56101,0.799644]],[[-0.827974,0.53858,-0.156172],[-0.213684,-0.56051,-0.800105],[0.518457,0.629095,-0.579174]],[[-0.827974,0.53858,-0.156172],[-0.510191,-0.83908,-0.188812],[0.232732,0.0766541,-0.969515]]],"btipPosition":[107.403,112.204,61.8417],"carpPosition":[121.631,144.09,117.714],"dipPosition":[111.041,113.403,46.6849],"direction":[-0.518457,-0.629095,0.579174],"extended":false,"handId":768,"id":7683,"length":53.9089,"mcpPosition":[131.063,148.957,63.1545],"pipPosition":[123.059,127.984,33.2603],"stabilizedTipPosition":[108.229,112.695,58.4022],"timeVisible":6.77388,"tipPosition":[107.261,112.747,64.5227],"tipVelocity":[-5.87094,-41.5558,-4.16315],"tool":false,"touchDistance":0.333333,"touchZone":"none","type":3,"width":16.7471},{"bases":[[[-0.927282,0.374254,-0.0090027],[0.362012,0.902558,0.233103],[-0.095365,-0.212893,0.97241]],[[-0.89097,0.408542,-0.198157],[0.443211,0.687655,-0.57506],[0.0986725,0.600186,0.793751]],[[-0.89097,0.408542,-0.198157],[-0.0809081,-0.572268,-0.816066],[0.446796,0.711057,-0.542928]],[[-0.89097,0.408542,-0.198157],[-0.274055,-0.8318,-0.482703],[0.362031,0.375768,-0.853072]]],"btipPosition":[98.9185,122.889,63.2904],"carpPosition":[109.464,146.748,115.618],"dipPosition":[104.14,128.308,50.987],"direction":[-0.446796,-0.711057,0.542928],"extended":false,"handId":768,"id":7684,"length":42.2635,"mcpPosition":[114.371,157.702,65.5856],"pipPosition":[111.452,139.945,42.1018],"stabilizedTipPosition":[100.027,124.197,60.4975],"timeVisible":6.77388,"tipPosition":[100.008,125.769,65.4414],"tipVelocity":[25.8288,-17.5671,-17.7431],"tool":false,"touchDistance":0.333333,"touchZone":"none","type":4,"width":14.876}],"r":[[0.345999,-0.604185,-0.717806],[0.24146,0.796632,-0.554144],[0.906632,0.0184119,0.421521]],"s":0.631838,"t":[-3.55732,-0.581251,-17.2186],"timestamp":747240073263},{"currentFrameRate":114.55,"devices":[],"gestures":[],"hands":[{"armBasis":[[-0.831482,0.445046,0.332523],[0.554445,0.627004,0.547227],[-0.0350476,-0.639375,0.768096]],"armWidth":58.2717,"confidence":1,"direction":[0.351308,0.0967025,-0.931252],"elbow":[103.543,-25.7266,325.904],"grabAngle":3.14159,"grabStrength":1,"id":768,"palmNormal":[-0.665607,-0.673714,-0.321055],"palmPosition":[134.589,132.006,79.9831],"palmVelocity":[57.0803,-79.1758,-35.7359],"palmWidth":80.7374,"pinchDistance":7.97648,"pinchStrength":0.891286,"r":[[0.338705,-0.612168,-0.714514],[0.254111,0.790696,-0.55698],[0.905928,0.00708607,0.423372]],"s":0.635284,"sphereCenter":[122.293,105.801,57.2632],"sphereRadius":31.9202,"stabilizedPalmPosition":[134.548,132.063,80.0084],"t":[-3.01025,-1.3161,-17.467],"timeVisible":6.78198,"type":"left","wrist":[111.94,127.453,141.886]}],"id":1351168,"interactionBox":{"center":[0,200,0],"size":[235.247,235.247,147.751]},"pointables":[{"bases":[[[0.398932,0.916269,0.0361033],[0.690478,-0.326068,0.645693],[-0.603401,0.23266,0.762743]],[[0.504608,0.856694,-0.106987],[0.645145,-0.291817,0.706138],[-0.573723,0.425345,0.699945]],[[0.504608,0.856694,-0.106987],[0.86213,-0.506593,0.00974551],[0.0458501,0.0971545,0.994213]],[[0.504608,0.856694,-0.106987],[0.480343,-0.381556,-0.789738],[0.717385,-0.347118,0.604043]]],"btipPosition":[135.12,94.8136,57.5846],"carpPosition":[125.064,109.628,128.779],"dipPosition":[149.168,88.0162,69.4132],"direction":[-0.04585,-0.0971545,-0.994213],"extended":false,"handId":768,"id":7680,"length":43.607,"mcpPosition":[125.064,109.628,128.779],"pipPosition":[150.476,90.7879,97.7767],"stabilizedTipPosition":[138.497,93.4863,60.3167],"timeVisible":6.78198,"tipPosition":[136.13,83.3728,59.3704],"tipVelocity":[-50.701,-53.7031,-19.131],"tool":false,"touchDistance":0.351538,"touchZone":"hovering","type":0,"width":18.7601},{"bases":[[[-0.590112,0.738473,-0.326228],[0.726016,0.662154,0.185613],[-0.353084,0.127314,0.926889]],[[-0.647782,0.749111,-0.138602],[0.346705,0.127883,-0.929215],[0.678361,0.649983,0.342561]],[[-0.647782,0.749111,-0.138602],[-0.678084,-0.649881,-0.343301],[0.347245,0.128401,-0.928942]],[[-0.647782,0.749111,-0.138602],[-0.71824,-0.661184,-0.216717],[0.253986,0.0408363,-0.966345]]],"btipPosition":[123.246,92.621,84.0547],"carpPosition":[135.236,127.478,124.275],"dipPosition":[126.877,93.2048,70.2399],"direction":[-0.347245,-0.128401,0.928942],"extended":false,"handId":768,"id":7681,"length":49.2057,"mcpPosition":[158.285,119.167,63.7673],"pipPosition":[133.9,95.8015,51.453],"stabilizedTipPosition":[124.272,92.8597,80.888],"timeVisible":6.78198,"tipPosition":[126.286,92.9932,72.8799],"tipVelocity":[-142.73,-68.6383,-13.2371],"tool":false,"touchDistance":0.333333,"touchZone":"none","type":1,"width":17.9197},{"bases":[[[-0.747453,0.625111,-0.224833],[0.607871,0.780104,0.148093],[-0.267968,0.0259771,0.963078]],[[-0.762177,0.625544,-0.166679],[0.285454,0.0936579,-0.953805],[0.581036,0.774547,0.249948]],[[-0.762177,0.625544,-0.166679],[-0.580809,-0.774472,-0.250707],[0.285917,0.0942747,-0.953606]],[[-0.762177,0.625544,-0.166679],[-0.627216,-0.64981,0.429357],[-0.160272,-0.43179,-0.887621]]],"btipPosition":[119.012,108.093,87.4893],"carpPosition":[130.139,136.393,120.544],"dipPosition":[116.492,101.304,73.5326],"direction":[-0.285917,-0.0942747,0.953606],"extended":false,"handId":768,"id":7682,"length":56.0659,"mcpPosition":[146.728,134.785,60.9235],"pipPosition":[123.295,103.547,50.843],"stabilizedTipPosition":[118.649,106.707,84.1777],"timeVisible":6.78198,"tipPosition":[116.4,102.83,77.8372],"tipVelocity":[-67.5796,-36.5774,14.0914],"tool":false,"touchDistance":0.333333,"touchZone":"none","type":2,"width":17.5995},{"bases":[[[-0.822423,0.561522,-0.0911779],[0.544063,0.823202,0.162277],[-0.16618,-0.0838534,0.982524]],[[-0.810978,0.56554,-0.14993],[0.533858,0.610422,-0.585133],[0.239395,0.554571,0.796957]],[[-0.810978,0.56554,-0.14993],[-0.23897,-0.554085,-0.797423],[0.534048,0.610864,-0.584498]],[[-0.810978,0.56554,-0.14993],[-0.536917,-0.821186,-0.193324],[0.232453,0.0762819,-0.969612]]],"btipPosition":[106.986,112.355,61.8249],"carpPosition":[122.712,143.778,117.523],"dipPosition":[110.62,113.548,46.6666],"direction":[-0.534048,-0.610864,0.584498],"extended":false,"handId":768,"id":7683,"length":53.9089,"mcpPosition":[131.949,148.439,62.9124],"pipPosition":[122.999,127.707,33.1185],"stabilizedTipPosition":[107.963,112.652,58.3606],"timeVisible":6.78198,"tipPosition":[107.001,113.015,64.294],"tipVelocity":[-51.5213,18.4276,-2.11459],"tool":false,"touchDistance":0.333333,"touchZone":"none","type":3,"width":16.7471},{"bases":[[[-0.914643,0.404256,-0.00239972],[0.39269,0.889854,0.232281],[-0.0960365,-0.211512,0.972646]],[[-0.878057,0.437882,-0.19307],[0.464038,0.680429,-0.567173],[0.116984,0.587602,0.800649]],[[-0.878057,0.437882,-0.19307],[-0.103727,-0.567994,-0.81647],[0.46718,0.69688,-0.544152]],[[-0.878057,0.437882,-0.19307],[-0.29642,-0.814377,-0.498924],[0.375701,0.380854,-0.844866]]],"btipPosition":[99.0416,123.435,62.868],"carpPosition":[110.625,146.835,115.51],"dipPosition":[104.46,128.928,50.683],"direction":[-0.46718,-0.69688,0.544152],"extended":false,"handId":768,"id":7684,"length":42.2635,"mcpPosition":[115.567,157.717,65.4657],"pipPosition":[112.106,140.333,41.7778],"stabilizedTipPosition":[100.187,124.505,60.2321],"timeVisible":6.78198,"tipPosition":[100.173,126.236,65.2471],"tipVelocity":[20.7801,69.5189,-48.7504],"tool":false,"touchDistance":0.333333,"touchZone":"none","type":4,"width":14.876}],"r":[[0.338705,-0.612168,-0.714514],[0.254111,0.790696,-0.55698],[0.905928,0.00708607,0.423372]],"s":0.635284,"t":[-3.01025,-1.3161,-17.467],"timestamp":747240081369},{"currentFrameRate":114.821,"devices":[],"gestures":[],"hands":[{"armBasis":[[-0.824306,0.451185,0.341982],[0.564995,0.617122,0.547669],[-0.0360557,-0.644665,0.763614]],"armWidth":58.2717,"confidence":1,"direction":[0.352864,0.0910944,-0.93123],"elbow":[103.84,-27.2734,324.646],"grabAngle":3.14159,"grabStrength":1,"id":768,"palmNormal":[-0.677051,-0.662086,-0.321316],"palmPosition":[135.106,131.437,79.809],"palmVelocity":[62.7051,-68.9184,-21.1197],"palmWidth":80.7374,"pinchDistance":8.40804,"pinchStrength":0.879117,"r":[[0.330661,-0.619537,-0.711925],[0.266857,0.784951,-0.559141],[0.905235,-0.00509623,0.42488]],"s":0.638803,"sphereCenter":[122.588,105.246,57.1726],"sphereRadius":32.0064,"stabilizedPalmPosition":[135.057,131.492,79.8264],"t":[-2.47815,-1.9677,-17.6783],"timeVisible":6.79023,"type":"left","wrist":[112.478,127.173,141.702]}],"id":1351169,"interactionBox":{"center":[0,200,0],"size":[235.247,235.247,147.751]},"pointables":[{"bases":[[[0.41455,0.909295,0.0364883],[0.684832,-0.33812,0.645508],[-0.599294,0.242607,0.762882]],[[0.515996,0.850504,-0.101932],[0.636577,-0.301115,0.709999],[-0.573164,0.431244,0.696786]],[[0.515996,0.850504,-0.101932],[0.855646,-0.517352,0.0147126],[0.0402216,0.0948094,0.994683]],[[0.515996,0.850504,-0.101932],[0.473071,-0.382149,-0.79383],[0.714109,-0.361392,0.599536]]],"btipPosition":[135.458,94.4747,57.6158],"carpPosition":[125.203,109.204,128.596],"dipPosition":[149.442,87.3978,69.3562],"direction":[-0.0402216,-0.0948094,-0.994683],"extended":false,"handId":768,"id":7680,"length":43.607,"mcpPosition":[125.203,109.204,128.596],"pipPosition":[150.59,90.1026,97.7331],"stabilizedTipPosition":[138.616,93.0584,60.3163],"timeVisible":6.79023,"tipPosition":[135.916,83.1522,59.2151],"tipVelocity":[39.2132,-48.8792,1.32026],"tool":false,"touchDistance":0.34988,"touchZone":"hovering","type":0,"width":18.7601},{"bases":[[[-0.577409,0.748606,-0.325865],[0.737247,0.649554,0.185866],[-0.350807,0.132922,0.926966]],[[-0.634494,0.760171,-0.139849],[0.34345,0.115193,-0.93208],[0.69243,0.63943,0.33417]],[[-0.634494,0.760171,-0.139849],[-0.692156,-0.639339,-0.334912],[0.344001,0.115702,-0.931813]],[[-0.634494,0.760171,-0.139849],[-0.72667,-0.64833,-0.227199],[0.263378,0.0425326,-0.963755]]],"btipPosition":[122.965,92.2683,84.1962],"carpPosition":[135.678,126.879,124.098],"dipPosition":[126.73,92.8763,70.4184],"direction":[-0.344001,-0.115702,0.931813],"extended":false,"handId":768,"id":7681,"length":49.2057,"mcpPosition":[158.579,118.202,63.5861],"pipPosition":[133.687,95.2163,51.5734],"stabilizedTipPosition":[123.901,92.48,81.0051],"timeVisible":6.79023,"tipPosition":[126.083,92.5719,72.882],"tipVelocity":[-30.3524,-42.0908,18.1811],"tool":false,"touchDistance":0.333333,"touchZone":"none","type":1,"width":17.9197},{"bases":[[[-0.736662,0.637906,-0.224511],[0.621134,0.769525,0.148405],[-0.267436,0.0301273,0.963105]],[[-0.751373,0.638565,-0.166356],[0.283711,0.0850045,-0.955135],[0.595774,0.764859,0.245038]],[[-0.751373,0.638565,-0.166356],[-0.595548,-0.764791,-0.245799],[0.284186,0.0856136,-0.954939]],[[-0.751373,0.638565,-0.166356],[-0.641285,-0.647193,0.412183],[-0.155542,-0.416385,-0.895785]]],"btipPosition":[118.946,107.68,87.6737],"carpPosition":[130.734,135.882,120.372],"dipPosition":[116.501,101.133,73.5887],"direction":[-0.284186,-0.0856136,0.954939],"extended":false,"handId":768,"id":7682,"length":56.0659,"mcpPosition":[147.29,134.017,60.7499],"pipPosition":[123.262,103.17,50.8674],"stabilizedTipPosition":[118.473,106.354,84.3476],"timeVisible":6.79023,"tipPosition":[116.468,102.664,77.8142],"tipVelocity":[-5.88907,-43.3651,18.7866],"tool":false,"touchDistance":0.333333,"touchZone":"none","type":2,"width":17.5995},{"bases":[[[-0.812701,0.57555,-0.0908798],[0.558074,0.813702,0.162612],[-0.16754,-0.081437,0.982496]],[[-0.801193,0.579397,-0.149631],[0.541059,0.594583,-0.594749],[0.255628,0.557468,0.789863]],[[-0.801193,0.579397,-0.149631],[-0.255197,-0.556994,-0.790337],[0.541262,0.595026,-0.59412]],[[-0.801193,0.579397,-0.149631],[-0.55097,-0.811817,-0.193354],[0.233502,0.072472,-0.969652]]],"btipPosition":[106.994,112.155,62.147],"carpPosition":[123.434,143.395,117.355],"dipPosition":[110.644,113.288,46.9881],"direction":[-0.541262,-0.595026,0.59412],"extended":false,"handId":768,"id":7683,"length":53.9089,"mcpPosition":[132.746,147.921,62.7457],"pipPosition":[123.19,127.08,33.217],"stabilizedTipPosition":[107.893,112.525,58.5223],"timeVisible":6.79023,"tipPosition":[107.219,112.91,63.9222],"tipVelocity":[1.34373,-25.8656,39.0458],"tool":false,"touchDistance":0.333333,"touchZone":"none","type":3,"width":16.7471},{"bases":[[[-0.907594,0.419844,-0.00216627],[0.407867,0.882902,0.232655],[-0.0995915,-0.210273,0.972557]],[[-0.870216,0.453028,-0.193623],[0.477006,0.676435,-0.56116],[0.123248,0.58069,0.804742]],[[-0.870216,0.453028,-0.193623],[-0.114985,-0.568912,-0.814321],[0.479065,0.686371,-0.547167]],[[-0.870216,0.453028,-0.193623],[-0.303355,-0.80238,-0.513967],[0.388201,0.388525,-0.835672]]],"btipPosition":[99.4405,123.461,62.5021],"carpPosition":[111.402,146.658,115.344],"dipPosition":[105.039,129.064,50.4496],"direction":[-0.479065,-0.686371,0.547167],"extended":false,"handId":768,"id":7684,"length":42.2635,"mcpPosition":[116.526,157.477,65.3041],"pipPosition":[112.879,140.297,41.4951],"stabilizedTipPosition":[100.498,124.646,59.9438],"timeVisible":6.79023,"tipPosition":[100.597,126.247,65.0134],"tipVelocity":[53.4007,6.18937,-40.6749],"tool":false,"touchDistance":0.333333,"touchZone":"none","type":4,"width":14.876}],"r":[[0.330661,-0.619537,-0.711925],[0.266857,0.784951,-0.559141],[0.905235,-0.00509623,0.42488]],"s":0.638803,"t":[-2.47815,-1.9677,-17.6783],"timestamp":747240089616},{"currentFrameRate":114.897,"devices":[],"gestures":[],"hands":[{"armBasis":[[-0.814991,0.458789,0.353981],[0.578295,0.604995,0.547317],[-0.0369462,-0.650764,0.758381]],"armWidth":58.2717,"confidence":1,"direction":[0.347579,0.0793534,-0.934287],"elbow":[104.233,-28.8247,323.29],"grabAngle":3.14159,"grabStrength":1,"id":768,"palmNormal":[-0.693778,-0.648527,-0.313186],"palmPosition":[135.26,130.71,79.5568],"palmVelocity":[17.9159,-84.8256,-29.4094],"palmWidth":80.7374,"pinchDistance":8.98214,"pinchStrength":0.870184,"r":[[0.320322,-0.627365,-0.709794],[0.279537,0.778508,-0.561947],[0.905126,-0.0184102,0.424745]],"s":0.642945,"sphereCenter":[122.242,104.446,57.1948],"sphereRadius":32.134,"stabilizedPalmPosition":[135.24,130.788,79.5838],"t":[-2.1353,-2.65716,-17.9101],"timeVisible":6.7988,"type":"left","wrist":[113.085,127.083,141.6]}],"id":1351170,"interactionBox":{"center":[0,200,0],"size":[235.247,235.247,147.751]},"pointables":[{"bases":[[[0.43454,0.900177,0.0292594],[0.682253,-0.350203,0.641785],[-0.587967,0.258919,0.766326]],[[0.530601,0.84108,-0.105106],[0.630904,-0.30908,0.711639],[-0.566059,0.443908,0.694638]],[[0.530601,0.84108,-0.105106],[0.846616,-0.53192,0.017389],[0.0412822,0.0982107,0.994309]],[[0.530601,0.84108,-0.105106],[0.459213,-0.389469,-0.798396],[0.712451,-0.375364,0.592888]]],"btipPosition":[135.194,93.7952,57.7727],"carpPosition":[125.25,108.908,128.517],"dipPosition":[149.145,86.4447,69.3828],"direction":[-0.0412822,-0.0982107,-0.994309],"extended":false,"handId":768,"id":7680,"length":43.607,"mcpPosition":[125.25,108.908,128.517],"pipPosition":[150.323,89.2465,97.7491],"stabilizedTipPosition":[138.465,92.3839,60.4059],"timeVisible":6.7988,"tipPosition":[135,82.7216,59.2247],"tipVelocity":[-31.7619,-86.5991,14.8036],"tool":false,"touchDistance":0.35013,"touchZone":"hovering","type":0,"width":18.7601},{"bases":[[[-0.563449,0.759621,-0.32481],[0.75264,0.634101,0.177339],[-0.340673,0.144544,0.929004]],[[-0.618613,0.773236,-0.13937],[0.335436,0.0995101,-0.936793],[0.710493,0.626262,0.32093]],[[-0.618613,0.773236,-0.13937],[-0.710225,-0.626183,-0.321675],[0.336002,0.100009,-0.936537]],[[-0.618613,0.773236,-0.13937],[-0.741691,-0.633237,-0.221146],[0.259252,0.0334347,-0.965231]]],"btipPosition":[122.27,91.8827,84.4179],"carpPosition":[136.073,126.332,123.86],"dipPosition":[125.977,92.3607,70.619],"direction":[-0.336002,-0.100009,0.936537],"extended":false,"handId":768,"id":7681,"length":49.2057,"mcpPosition":[158.313,116.896,63.2152],"pipPosition":[132.772,94.3832,51.6785],"stabilizedTipPosition":[123.24,92.0661,81.2081],"timeVisible":6.7988,"tipPosition":[125.307,92.0209,72.9914],"tipVelocity":[-82.6088,-48.4579,25.2904],"tool":false,"touchDistance":0.333333,"touchZone":"none","type":1,"width":17.9197},{"bases":[[[-0.724291,0.652862,-0.221753],[0.638885,0.756414,0.140226],[-0.259285,0.0401108,0.964968]],[[-0.738535,0.654092,-0.163491],[0.275791,0.0718095,-0.958532],[0.615228,0.752998,0.233427]],[[-0.738535,0.654092,-0.163491],[-0.615008,-0.752941,-0.23419],[0.276281,0.0724091,-0.958345]],[[-0.738535,0.654092,-0.163491],[-0.654929,-0.638413,0.404347],[-0.160105,-0.405699,-0.899875]]],"btipPosition":[118.481,107.229,87.9317],"carpPosition":[131.298,135.424,120.132],"dipPosition":[115.964,100.849,73.7823],"direction":[-0.276281,-0.0724091,0.958345],"extended":false,"handId":768,"id":7682,"length":56.0659,"mcpPosition":[147.35,132.941,60.3942],"pipPosition":[122.538,102.572,50.98],"stabilizedTipPosition":[118.087,105.953,84.5706],"timeVisible":6.7988,"tipPosition":[116.021,102.408,77.9643],"tipVelocity":[-56.1606,-48.163,28.3619],"tool":false,"touchDistance":0.333333,"touchZone":"none","type":2,"width":17.5995},{"bases":[[[-0.800639,0.592757,-0.0872689],[0.576914,0.802018,0.154714],[-0.161699,-0.0735231,0.984097]],[[-0.789503,0.596099,-0.146122],[0.548124,0.577698,-0.604835],[0.276127,0.557612,0.78283]],[[-0.789503,0.596099,-0.146122],[-0.275691,-0.557152,-0.783311],[0.548343,0.578142,-0.604212]],[[-0.789503,0.596099,-0.146122],[-0.568468,-0.79998,-0.192031],[0.231364,0.0685427,-0.97045]]],"btipPosition":[106.479,111.849,62.349],"carpPosition":[124.141,143.081,117.136],"dipPosition":[110.096,112.921,47.1776],"direction":[-0.548343,-0.578142,0.604212],"extended":false,"handId":768,"id":7683,"length":53.9089,"mcpPosition":[133.129,147.168,62.4383],"pipPosition":[122.806,126.322,33.1726],"stabilizedTipPosition":[107.56,112.28,58.7151],"timeVisible":6.7988,"tipPosition":[106.86,112.719,63.8936],"tipVelocity":[-60.9643,-37.3405,23.2204],"tool":false,"touchDistance":0.333333,"touchZone":"none","type":3,"width":16.7471},{"bases":[[[-0.898216,0.439544,0.00286073],[0.428795,0.874783,0.225588],[-0.0966531,-0.203853,0.974219]],[[-0.861289,0.471208,-0.190118],[0.489368,0.668558,-0.559954],[0.13675,0.57532,0.806416]],[[-0.861289,0.471208,-0.190118],[-0.132932,-0.570092,-0.810755],[0.490419,0.673021,-0.553653]],[[-0.861289,0.471208,-0.190118],[-0.315867,-0.789605,-0.526072],[0.398008,0.393048,-0.828917]]],"btipPosition":[99.3281,123.382,62.2344],"carpPosition":[112.167,146.598,115.202],"dipPosition":[105.068,129.051,50.2794],"direction":[-0.490419,-0.673021,0.553653],"extended":false,"handId":768,"id":7684,"length":42.2635,"mcpPosition":[117.14,157.087,65.0772],"pipPosition":[113.094,140.065,41.2187],"stabilizedTipPosition":[100.566,124.664,59.7359],"timeVisible":6.7988,"tipPosition":[100.535,126.182,64.9419],"tipVelocity":[-9.30789,-7.40874,-28.6022],"tool":false,"touchDistance":0.333333,"touchZone":"none","type":4,"width":14.876}],"r":[[0.320322,-0.627365,-0.709794],[0.279537,0.778508,-0.561947],[0.905126,-0.0184102,0.424745]],"s":0.642945,"t":[-2.1353,-2.65716,-17.9101],"timestamp":747240098190},{"currentFrameRate":114.9,"devices":[],"gestures":[],"hands":[{"armBasis":[[-0.808807,0.462447,0.363282],[0.586924,0.596167,0.547819],[-0.0367606,-0.656298,0.753605]],"armWidth":58.2717,"confidence":1,"direction":[0.34328,0.0732255,-0.936374],"elbow":[104.787,-30.4181,322.067],"grabAngle":3.14159,"grabStrength":1,"id":768,"palmNormal":[-0.704606,-0.639128,-0.308293],"palmPosition":[135.417,130.135,79.3741],"palmVelocity":[18.097,-66.11,-21.0079],"palmWidth":80.7374,"pinchDistance":9.48432,"pinchStrength":0.864355,"r":[[0.309366,-0.634559,-0.708256],[0.291129,0.772232,-0.564713],[0.905283,-0.0314905,0.423641]],"s":0.647282,"sphereCenter":[122.089,103.826,57.1673],"sphereRadius":32.237,"stabilizedPalmPosition":[135.398,130.207,79.3972],"t":[-1.88516,-3.28939,-18.1173],"timeVisible":6.8075,"type":"left","wrist":[113.594,126.816,141.521]}],"id":1351171,"interactionBox":{"center":[0,200,0],"size":[235.247,235.247,147.751]},"pointables":[{"bases":[[[0.4473,0.89402,0.0255046],[0.680947,-0.358905,0.638355],[-0.579856,0.268169,0.769319]],[[0.539157,0.835593,-0.105331],[0.62707,-0.314793,0.712522],[-0.562221,0.450211,0.693698]],[[0.539157,0.835593,-0.105331],[0.841191,-0.540415,0.0186781],[0.0413151,0.0986739,0.994262]],[[0.539157,0.835593,-0.105331],[0.452633,-0.392956,-0.800443],[0.710235,-0.383888,0.590082]]],"btipPosition":[135.2,93.3023,57.775],"carpPosition":[125.384,108.541,128.421],"dipPosition":[149.108,85.7848,69.3302],"direction":[-0.0413151,-0.0986739,-0.994262],"extended":false,"handId":768,"id":7680,"length":43.607,"mcpPosition":[125.384,108.541,128.421],"pipPosition":[150.287,88.5999,97.6951],"stabilizedTipPosition":[138.416,91.784,60.4258],"timeVisible":6.8075,"tipPosition":[134.502,82.4446,59.1555],"tipVelocity":[-0.412833,-61.0834,-1.18538],"tool":false,"touchDistance":0.348295,"touchZone":"hovering","type":0,"width":18.7601},{"bases":[[[-0.554584,0.767032,-0.322642],[0.762478,0.623697,0.172132],[-0.333261,0.150546,0.930738]],[[-0.608412,0.781666,-0.13723],[0.330283,0.0921606,-0.939372],[0.721628,0.61685,0.314243]],[[-0.608412,0.781666,-0.13723],[-0.721365,-0.616777,-0.314991],[0.330858,0.0926518,-0.939121]],[[-0.608412,0.781666,-0.13723],[-0.754079,-0.623291,-0.20706],[0.247386,0.022496,-0.968656]]],"btipPosition":[122.011,91.607,84.4643],"carpPosition":[136.424,125.804,123.678],"dipPosition":[125.547,91.9286,70.6164],"direction":[-0.330858,-0.0926518,0.939121],"extended":false,"handId":768,"id":7681,"length":49.2057,"mcpPosition":[158.179,115.977,62.92],"pipPosition":[132.238,93.8024,51.6237],"stabilizedTipPosition":[122.88,91.7323,81.2698],"timeVisible":6.8075,"tipPosition":[124.864,91.5818,73.0023],"tipVelocity":[-34.3584,-35.8294,4.04314],"tool":false,"touchDistance":0.333333,"touchZone":"none","type":1,"width":17.9197},{"bases":[[[-0.716314,0.66268,-0.218515],[0.65024,0.747547,0.1355],[-0.253143,0.0450268,0.96638]],[[-0.730205,0.664188,-0.160173],[0.269162,0.0641748,-0.960954],[0.627975,0.744806,0.225635]],[[-0.730205,0.664188,-0.160173],[-0.627761,-0.744755,-0.2264],[0.269662,0.0647679,-0.960774]],[[-0.730205,0.664188,-0.160173],[-0.663775,-0.634098,0.396639],[-0.161877,-0.395947,-0.903893]]],"btipPosition":[118.23,106.817,88.1121],"carpPosition":[131.756,134.958,119.965],"dipPosition":[115.684,100.591,73.8995],"direction":[-0.269662,-0.0647679,0.960774],"extended":false,"handId":768,"id":7682,"length":56.0659,"mcpPosition":[147.427,132.171,60.1394],"pipPosition":[122.101,102.132,51.0394],"stabilizedTipPosition":[117.784,105.565,84.757],"timeVisible":6.8075,"tipPosition":[115.803,102.156,78.0408],"tipVelocity":[-29.6648,-43.2677,19.0685],"tool":false,"touchDistance":0.333333,"touchZone":"none","type":2,"width":17.5995},{"bases":[[[-0.792725,0.603832,-0.0835108],[0.589,0.794037,0.150279],[-0.157054,-0.0699416,0.98511]],[[-0.781881,0.60694,-0.142432],[0.551584,0.567006,-0.611767],[0.290546,0.556892,0.778109]],[[-0.781881,0.60694,-0.142432],[-0.290107,-0.55644,-0.778596],[0.551816,0.567449,-0.611147]],[[-0.781881,0.60694,-0.142432],[-0.579351,-0.791763,-0.193557],[0.23025,0.0688207,-0.970695]]],"btipPosition":[106.167,111.55,62.4967],"carpPosition":[124.69,142.711,116.999],"dipPosition":[109.766,112.626,47.3215],"direction":[-0.551816,-0.567449,0.611147],"extended":false,"handId":768,"id":7683,"length":53.9089,"mcpPosition":[133.419,146.598,62.245],"pipPosition":[122.557,125.779,33.1558],"stabilizedTipPosition":[107.225,111.994,58.8877],"timeVisible":6.8075,"tipPosition":[106.682,112.515,63.8367],"tipVelocity":[-36.3046,-34.2559,16.885],"tool":false,"touchDistance":0.333333,"touchZone":"none","type":3,"width":16.7471},{"bases":[[[-0.891924,0.452125,0.00739158],[0.442328,0.868969,0.221898],[-0.0939025,-0.201186,0.975042]],[[-0.855356,0.483135,-0.18694],[0.497614,0.665935,-0.555797],[0.144035,0.568428,0.810027]],[[-0.855356,0.483135,-0.18694],[-0.143639,-0.567898,-0.810469],[0.497728,0.666388,-0.555152]],[[-0.855356,0.483135,-0.18694],[-0.321272,-0.777805,-0.540189],[0.406387,0.401996,-0.820518]]],"btipPosition":[99.3188,123.223,61.9153],"carpPosition":[112.755,146.393,115.129],"dipPosition":[105.18,129.021,50.0815],"direction":[-0.497728,-0.666388,0.555152],"extended":false,"handId":768,"id":7684,"length":42.2635,"mcpPosition":[117.587,156.744,64.9616],"pipPosition":[113.325,139.927,40.9962],"stabilizedTipPosition":[100.602,124.626,59.5429],"timeVisible":6.8075,"tipPosition":[100.552,126.044,64.844],"tipVelocity":[2.11731,-14.8472,-33.4805],"tool":false,"touchDistance":0.333333,"touchZone":"none","type":4,"width":14.876}],"r":[[0.309366,-0.634559,-0.708256],[0.291129,0.772232,-0.564713],[0.905283,-0.0314905,0.423641]],"s":0.647282,"t":[-1.88516,-3.28939,-18.1173],"timestamp":747240106888},{"currentFrameRate":114.89,"devices":[],"gestures":[],"hands":[{"armBasis":[[-0.805993,0.462127,0.369884],[0.59081,0.589733,0.550598],[-0.0363134,-0.662309,0.74835]],"armWidth":58.2717,"confidence":1,"direction":[0.334326,0.0593429,-0.940587],"elbow":[105.443,-31.8864,320.692],"grabAngle":3.14159,"grabStrength":1,"id":768,"palmNormal":[-0.715987,-0.632988,-0.294429],"palmPosition":[135.354,129.365,79.0748],"palmVelocity":[-7.22856,-88.2594,-34.3141],"palmWidth":80.7374,"pinchDistance":9.90857,"pinchStrength":0.861345,"r":[[0.297373,-0.642382,-0.706339],[0.30112,0.765151,-0.569096],[0.906033,-0.0434595,0.420969]],"s":0.651817,"sphereCenter":[121.593,102.84,57.2902],"sphereRadius":32.3355,"stabilizedPalmPosition":[135.36,129.478,79.1179],"t":[-1.79162,-3.99032,-18.3705],"timeVisible":6.81622,"type":"left","wrist":[114.143,126.787,141.404]}],"id":1351172,"interactionBox":{"center":[0,200,0],"size":[235.247,235.247,147.751]},"pointables":[{"bases":[[[0.459025,0.888345,0.0117467],[0.682944,-0.361285,0.63487],[-0.568228,0.283399,0.772529]],[[0.546505,0.829397,-0.115903],[0.62752,-0.313915,0.712514],[-0.554573,0.462124,0.692019]],[[0.546505,0.829397,-0.115903],[0.836132,-0.548169,0.0198534],[0.0470679,0.10776,0.993062]],[[0.546505,0.829397,-0.115903],[0.441571,-0.402982,-0.801636],[0.711581,-0.386919,0.586469]]],"btipPosition":[134.847,92.4314,57.9742],"carpPosition":[125.56,108.398,128.441],"dipPosition":[148.781,84.8547,69.4587],"direction":[-0.0470679,-0.10776,-0.993062],"extended":false,"handId":768,"id":7680,"length":43.607,"mcpPosition":[125.56,108.398,128.441],"pipPosition":[150.124,87.9289,97.7893],"stabilizedTipPosition":[138.14,90.9544,60.5696],"timeVisible":6.81622,"tipPosition":[133.739,81.7533,59.3899],"tipVelocity":[-39.8053,-101.428,20.9763],"tool":false,"touchDistance":0.349543,"touchZone":"hovering","type":0,"width":18.7601},{"bases":[[[-0.548019,0.770889,-0.324661],[0.77222,0.615438,0.157838],[-0.321485,0.164211,0.932568]],[[-0.599717,0.788086,-0.138779],[0.321825,0.0787519,-0.943518],[0.732644,0.610507,0.300855]],[[-0.599717,0.788086,-0.138779],[-0.732388,-0.610444,-0.301606],[0.322408,0.079238,-0.943278]],[[-0.599717,0.788086,-0.138779],[-0.765991,-0.615546,-0.185368],[0.231511,0.00486454,-0.97282]]],"btipPosition":[121.591,91.1296,84.6995],"carpPosition":[136.771,125.468,123.408],"dipPosition":[124.9,91.1991,70.7921],"direction":[-0.322408,-0.079238,0.943278],"extended":false,"handId":768,"id":7681,"length":49.2057,"mcpPosition":[157.758,114.748,62.5303],"pipPosition":[131.421,92.8016,51.7153],"stabilizedTipPosition":[122.427,91.2292,81.4678],"timeVisible":6.81622,"tipPosition":[124.229,90.8918,73.2499],"tipVelocity":[-54.1361,-61.4019,25.4023],"tool":false,"touchDistance":0.333333,"touchZone":"none","type":1,"width":17.9197},{"bases":[[[-0.709975,0.6697,-0.217802],[0.661208,0.740362,0.121114],[-0.242362,0.0580242,0.968449]],[[-0.723231,0.671974,-0.159338],[0.258321,0.0492527,-0.964803],[0.640474,0.738935,0.209206]],[[-0.723231,0.671974,-0.159338],[-0.640268,-0.738896,-0.209975],[0.258831,0.0498411,-0.964636]],[[-0.723231,0.671974,-0.159338],[-0.67003,-0.62685,0.397641],[-0.167324,-0.394347,-0.9036]]],"btipPosition":[117.828,106.264,88.4193],"carpPosition":[132.182,134.643,119.65],"dipPosition":[115.197,100.064,74.2113],"direction":[-0.258831,-0.0498411,0.964636],"extended":false,"handId":768,"id":7682,"length":56.0659,"mcpPosition":[147.186,131.051,59.6967],"pipPosition":[121.356,101.25,51.2593],"stabilizedTipPosition":[117.405,105.074,85.0233],"timeVisible":6.81622,"tipPosition":[115.394,101.676,78.3254],"tipVelocity":[-48.3089,-62.6963,35.3466],"tool":false,"touchDistance":0.333333,"touchZone":"none","type":2,"width":17.5995},{"bases":[[[-0.785714,0.613209,-0.0814188],[0.600731,0.787789,0.136054],[-0.14757,-0.0579887,0.98735]],[[-0.775451,0.615583,-0.140478],[0.552771,0.554334,-0.622221],[0.305157,0.560154,0.770135]],[[-0.775451,0.615583,-0.140478],[-0.304717,-0.559712,-0.77063],[0.553013,0.55478,-0.621607]],[[-0.775451,0.615583,-0.140478],[-0.589014,-0.785403,-0.190274],[0.227461,0.0648047,-0.971628]]],"btipPosition":[105.606,110.867,62.6075],"carpPosition":[125.186,142.457,116.679],"dipPosition":[109.162,111.88,47.4177],"direction":[-0.553014,-0.55478,0.621607],"extended":false,"handId":768,"id":7683,"length":53.9089,"mcpPosition":[133.388,145.68,61.8006],"pipPosition":[121.98,124.739,33.0095],"stabilizedTipPosition":[106.722,111.433,59.0296],"timeVisible":6.81622,"tipPosition":[106.234,111.957,63.9726],"tipVelocity":[-65.5094,-80.0461,12.323],"tool":false,"touchDistance":0.333333,"touchZone":"none","type":3,"width":16.7471},{"bases":[[[-0.885897,0.463725,0.0120501],[0.455797,0.865337,0.208426],[-0.0862249,-0.190137,0.977964]],[[-0.850613,0.492433,-0.184304],[0.502984,0.659962,-0.558084],[0.153185,0.567415,0.809058]],[[-0.850613,0.492433,-0.184304],[-0.152785,-0.566889,-0.809502],[0.503105,0.660414,-0.557439]],[[-0.850613,0.492433,-0.184304],[-0.324348,-0.767314,-0.553198],[0.413832,0.410778,-0.812406]]],"btipPosition":[98.9834,122.538,61.4809],"carpPosition":[113.281,146.275,114.896],"dipPosition":[104.952,128.463,49.764],"direction":[-0.503105,-0.660414,0.55744],"extended":false,"handId":768,"id":7684,"length":42.2635,"mcpPosition":[117.717,156.058,64.578],"pipPosition":[113.185,139.27,40.6413],"stabilizedTipPosition":[100.512,124.36,59.2658],"timeVisible":6.81622,"tipPosition":[100.29,125.523,64.7341],"tipVelocity":[-35.6332,-75.2589,-46.7363],"tool":false,"touchDistance":0.333333,"touchZone":"none","type":4,"width":14.876}],"r":[[0.297373,-0.642382,-0.706339],[0.30112,0.765151,-0.569096],[0.906033,-0.0434595,0.420969]],"s":0.651817,"t":[-1.79162,-3.99032,-18.3705],"timestamp":747240115608},{"currentFrameRate":114.923,"devices":[],"gestures":[],"hands":[{"armBasis":[[-0.80481,0.45998,0.375098],[0.592581,0.586963,0.551654],[-0.0335811,-0.666253,0.744969]],"armWidth":58.2717,"confidence":1,"direction":[0.332958,0.0622326,-0.940886],"elbow":[106.349,-33.4435,319.711],"grabAngle":3.14159,"grabStrength":1,"id":768,"palmNormal":[-0.717339,-0.630917,-0.295581],"palmPosition":[135.49,128.963,78.8836],"palmVelocity":[15.6687,-46.5058,-22.1238],"palmWidth":80.7374,"pinchDistance":10.2291,"pinchStrength":0.859849,"r":[[0.287303,-0.648079,-0.705301],[0.309073,0.759684,-0.572149],[0.906604,-0.0536093,0.418563]],"s":0.656186,"sphereCenter":[121.772,102.418,57.046],"sphereRadius":32.4047,"stabilizedPalmPosition":[135.468,129.05,78.9228],"t":[-1.6771,-4.54183,-18.5928],"timeVisible":6.82487,"type":"left","wrist":[114.395,126.175,141.234]}],"id":1351173,"interactionBox":{"center":[0,200,0],"size":[235.247,235.247,147.751]},"pointables":[{"bases":[[[0.460305,0.887647,0.0142104],[0.683409,-0.36452,0.632517],[-0.566632,0.281439,0.774416]],[[0.546487,0.829921,-0.112174],[0.62602,-0.315855,0.712976],[-0.556283,0.459855,0.692158]],[[0.546487,0.829921,-0.112174],[0.836268,-0.547952,0.0200837],[0.044798,0.104783,0.993486]],[[0.546487,0.829921,-0.112174],[0.443211,-0.400259,-0.802095],[0.710574,-0.388618,0.586566]]],"btipPosition":[135.189,92.0855,57.7027],"carpPosition":[125.742,107.833,128.189],"dipPosition":[149.104,84.4755,69.189],"direction":[-0.0447981,-0.104783,-0.993486],"extended":false,"handId":768,"id":7680,"length":43.607,"mcpPosition":[125.742,107.833,128.189],"pipPosition":[150.382,87.4648,97.5318],"stabilizedTipPosition":[138.319,90.5087,60.4076],"timeVisible":6.82487,"tipPosition":[133.864,81.5944,59.0562],"tipVelocity":[39.0409,-40.8932,-31.3587],"tool":false,"touchDistance":0.343855,"touchZone":"hovering","type":0,"width":18.7601},{"bases":[[[-0.547423,0.77282,-0.321055],[0.773336,0.613776,0.158841],[-0.319811,0.161331,0.933645]],[[-0.598836,0.789426,-0.134912],[0.32091,0.082183,-0.943537],[0.733766,0.608319,0.302549]],[[-0.598836,0.789426,-0.134912],[-0.73351,-0.608253,-0.3033],[0.321494,0.0826674,-0.943296]],[[-0.598836,0.789426,-0.134912],[-0.770217,-0.613845,-0.173089],[0.219456,-0.000260066,-0.975622]]],"btipPosition":[121.83,90.8376,84.4009],"carpPosition":[136.969,124.905,123.2],"dipPosition":[124.968,90.8339,70.4535],"direction":[-0.321494,-0.0826674,0.943296],"extended":false,"handId":768,"id":7681,"length":49.2057,"mcpPosition":[157.847,114.373,62.2522],"pipPosition":[131.47,92.5057,51.3763],"stabilizedTipPosition":[122.522,90.9302,81.2584],"timeVisible":6.82487,"tipPosition":[124.285,90.5295,73.0158],"tipVelocity":[23.1306,-35.7188,-35.5991],"tool":false,"touchDistance":0.333333,"touchZone":"none","type":1,"width":17.9197},{"bases":[[[-0.709358,0.671478,-0.214307],[0.662445,0.738987,0.122735],[-0.240784,0.0549038,0.969024]],[[-0.72252,0.673562,-0.155815],[0.255079,0.0502439,-0.965614],[0.642572,0.737421,0.208114]],[[-0.72252,0.673562,-0.155815],[-0.642369,-0.737381,-0.208883],[0.255591,0.0508311,-0.965448]],[[-0.72252,0.673562,-0.155815],[-0.672649,-0.632824,0.383507],[-0.159712,-0.381901,-0.910299]]],"btipPosition":[117.809,105.757,88.3845],"carpPosition":[132.388,134.101,119.482],"dipPosition":[115.298,99.7518,74.0713],"direction":[-0.255591,-0.0508311,0.965448],"extended":false,"handId":768,"id":7682,"length":56.0659,"mcpPosition":[147.294,130.702,59.4933],"pipPosition":[121.379,100.961,51.0999],"stabilizedTipPosition":[117.284,104.586,85.0717],"timeVisible":6.82487,"tipPosition":[115.515,101.35,78.1706],"tipVelocity":[0.957239,-53.5192,-6.8172],"tool":false,"touchDistance":0.333333,"touchZone":"none","type":2,"width":17.5995},{"bases":[[[-0.784966,0.614608,-0.0780101],[0.602059,0.786447,0.137938],[-0.146128,-0.06131,0.987364]],[[-0.774791,0.617178,-0.137076],[0.552056,0.554793,-0.622445],[0.308111,0.557939,0.770566]],[[-0.774791,0.617178,-0.137076],[-0.307671,-0.557497,-0.771061],[0.552302,0.555237,-0.621832]],[[-0.774791,0.617178,-0.137076],[-0.588827,-0.783389,-0.198961],[0.230178,0.0734391,-0.970374]]],"btipPosition":[105.601,110.466,62.4472],"carpPosition":[125.398,141.935,116.55],"dipPosition":[109.2,111.614,47.277],"direction":[-0.552302,-0.555237,0.621832],"extended":false,"handId":768,"id":7683,"length":53.9089,"mcpPosition":[133.52,145.343,61.6708],"pipPosition":[122.001,124.484,32.8636],"stabilizedTipPosition":[106.539,110.994,58.9849],"timeVisible":6.82487,"tipPosition":[106.323,111.642,63.7256],"tipVelocity":[0.619585,-42.7259,-18.0249],"tool":false,"touchDistance":0.333333,"touchZone":"none","type":3,"width":16.7471},{"bases":[[[-0.885218,0.464932,0.0150791],[0.457347,0.86394,0.210811],[-0.0849854,-0.19351,0.977411]],[[-0.849931,0.49439,-0.182197],[0.504971,0.66561,-0.549517],[0.150403,0.559055,0.815375]],[[-0.849931,0.49439,-0.182197],[-0.150001,-0.558525,-0.815812],[0.50509,0.666055,-0.548867]],[[-0.849931,0.49439,-0.182197],[-0.316555,-0.755563,-0.573513],[0.4212,0.429772,-0.798678]]],"btipPosition":[99.078,122.094,60.8872],"carpPosition":[113.496,145.776,114.799],"dipPosition":[105.153,128.292,49.3683],"direction":[-0.50509,-0.666055,0.548867],"extended":false,"handId":768,"id":7684,"length":42.2635,"mcpPosition":[117.868,155.732,64.5096],"pipPosition":[113.419,139.192,40.386],"stabilizedTipPosition":[100.501,124.1,58.9477],"timeVisible":6.82487,"tipPosition":[100.4,125.177,64.417],"tipVelocity":[13.7707,-44.1122,-63.3951],"tool":false,"touchDistance":0.333333,"touchZone":"none","type":4,"width":14.876}],"r":[[0.287303,-0.648079,-0.705301],[0.309073,0.759684,-0.572149],[0.906604,-0.0536093,0.418563]],"s":0.656186,"t":[-1.6771,-4.54183,-18.5928],"tim