{"frames":86,"data":[{"currentFrameRate":114.161,"devices":[],"gestures":[],"hands":[{"armBasis":[[0.910611,-0.0491794,-0.410327],[0.195533,0.925997,0.322948],[0.364079,-0.374313,0.85284]],"armWidth":60.8819,"confidence":1,"direction":[-0.164534,0.172303,-0.971206],"elbow":[69.9095,37.9981,377.982],"grabAngle":2.70194,"grabStrength":0,"id":772,"palmNormal":[-0.167822,-0.975159,-0.144573],"palmPosition":[-43.3785,143.89,95.6185],"palmVelocity":[-3.85233,5.65734,2.79135],"palmWidth":85.1216,"pinchDistance":52.3536,"pinchStrength":0.27125,"r":[[0.936737,-0.193294,0.291824],[0.303262,0.864502,-0.400834],[-0.174804,0.463975,0.86843]],"s":1.04285,"sphereCenter":[-46.3912,107.88,72.0481],"sphereRadius":44.2965,"stabilizedPalmPosition":[-43.4107,143.833,95.5564],"t":[40.9682,-22.4415,-30.2618],"timeVisible":9.3484,"type":"right","wrist":[-22.052,132.544,162.566]}],"id":1353535,"interactionBox":{"center":[0,200,0],"size":[235.247,235.247,147.751]},"pointables":[{"bases":[[[0.509125,0.849815,-0.136403],[-0.642987,0.48089,0.59608],[0.572153,-0.215774,0.791254]],[[0.393178,0.875172,-0.28193],[-0.760155,0.481901,0.435816],[0.517276,0.0429575,0.85474]],[[0.393178,0.875172,-0.28193],[-0.867781,0.454556,0.200836],[0.303919,0.16569,0.938179]],[[0.393178,0.875172,-0.28193],[-0.910139,0.414,0.0158695],[0.130608,0.250356,0.959304]]],"btipPosition":[-90.6764,119.168,62.1293],"carpPosition":[-54.5484,131.442,150.614],"dipPosition":[-87.9493,124.396,82.1599],"direction":[-0.303919,-0.16569,-0.938179],"extended":false,"handId":772,"id":7720,"length":46.4973,"mcpPosition":[-54.5484,131.442,150.614],"pipPosition":[-78.7043,129.436,110.699],"stabilizedTipPosition":[-90.2648,120.553,66.8273],"timeVisible":9.3484,"tipPosition":[-85.4523,117.474,66.8252],"tipVelocity":[18.9601,-15.9598,-11.7471],"tool":false,"touchDistance":0.264306,"touchZone":"hovering","type":0,"width":19.5255},{"bases":[[[0.930566,-0.108297,-0.349742],[0.117696,0.993033,0.00566627],[0.346692,-0.0464361,0.936829]],[[0.968563,-0.113533,-0.22135],[0.0811236,0.985292,-0.150394],[0.235169,0.127709,0.963528]],[[0.968563,-0.113533,-0.22135],[0.060701,0.970749,-0.232297],[0.241249,0.211558,0.947123]],[[0.968563,-0.113533,-0.22135],[0.0373512,0.946067,-0.32181],[0.245948,0.303425,0.920566]]],"btipPosition":[-87.6183,139.068,6.24121],"carpPosition":[-45.7918,149.954,142.107],"dipPosition":[-83.8692,143.693,20.2738],"direction":[-0.241249,-0.211558,-0.947123],"extended":true,"handId":772,"id":7721,"length":52.4671,"mcpPosition":[-69.6527,153.15,77.6303],"pipPosition":[-78.6668,148.255,40.698],"stabilizedTipPosition":[-86.7263,140.062,9.36535],"timeVisible":9.3484,"tipPosition":[-84.495,140.347,9.26774],"tipVelocity":[-3.67004,13.7392,7.2271],"tool":false,"touchDistance":0.271325,"touchZone":"hovering","type":1,"width":18.6507},{"bases":[[[0.935059,-0.281265,-0.215765],[0.280908,0.959168,-0.0329768],[0.21623,-0.0297747,0.975888]],[[0.946342,-0.282545,-0.156858],[-0.104391,0.19209,-0.975809],[0.305841,0.939824,0.152288]],[[0.946342,-0.282545,-0.156858],[-0.318995,-0.89444,-0.313398],[-0.0517513,0.346619,-0.936577]],[[0.946342,-0.282545,-0.156858],[-0.211382,-0.908341,0.360881],[-0.244446,-0.30836,-0.919326]]],"btipPosition":[-57.0453,108.231,106.546],"carpPosition":[-35.1914,150.327,137.615],"dipPosition":[-61.1436,103.061,91.1326],"direction":[0.0517513,-0.346619,0.936577],"extended":false,"handId":772,"id":7722,"length":59.782,"mcpPosition":[-49.3043,152.271,73.9201],"pipPosition":[-62.4566,111.855,67.3712],"stabilizedTipPosition":[-58.3146,107.005,103.024],"timeVisible":9.3484,"tipPosition":[-58.5051,105.625,100.883],"tipVelocity":[12.7439,3.62117,-5.55542],"tool":false,"touchDistance":0.550014,"touchZone":"none","type":2,"width":18.3175},{"bases":[[[0.932833,-0.354082,-0.0666989],[0.353746,0.935184,-0.017182],[0.0684596,-0.00756654,0.997625]],[[0.935259,-0.353898,-0.00675729],[0.0541288,0.161862,-0.985328],[0.3498,0.921171,0.170539]],[[0.935259,-0.353898,-0.00675729],[-0.339198,-0.890628,-0.302865],[0.101165,0.28555,-0.953009]],[[0.935259,-0.353898,-0.00675729],[-0.324801,-0.865639,0.381017],[-0.140691,-0.354155,-0.924543]]],"btipPosition":[-42.5377,110.511,108.077],"carpPosition":[-24.4271,147.941,134.37],"dipPosition":[-44.883,104.607,92.6653],"direction":[-0.101165,-0.28555,0.953009],"extended":false,"handId":772,"id":7723,"length":57.482,"mcpPosition":[-28.4388,148.385,75.9095],"pipPosition":[-42.3827,111.665,69.1114],"stabilizedTipPosition":[-43.3898,109.023,104.534],"timeVisible":9.3484,"tipPosition":[-42.8961,107.713,103.869],"tipVelocity":[11.6307,9.24707,-4.73104],"tool":false,"touchDistance":0.575539,"touchZone":"none","type":3,"width":17.4303},{"bases":[[[0.863129,-0.502197,0.0529756],[0.499178,0.86436,0.0608589],[-0.0763532,-0.0260848,0.99674]],[[0.830026,-0.497148,0.252787],[0.336944,0.0858039,-0.937607],[0.44444,0.863413,0.23873]],[[0.830026,-0.497148,0.252787],[-0.394582,-0.84377,-0.363808],[0.394161,0.202225,-0.896517]],[[0.830026,-0.497148,0.252787],[-0.552588,-0.794432,0.252039],[0.0755211,-0.348886,-0.934117]]],"btipPosition":[-32.353,115.212,101.79],"carpPosition":[-14.4346,139.198,133.38],"dipPosition":[-31.1916,109.846,87.4244],"direction":[-0.394161,-0.202225,0.896517],"extended":false,"handId":772,"id":7724,"length":45.0648,"mcpPosition":[-10.2928,140.613,79.3113],"pipPosition":[-24.3135,113.375,71.7801],"stabilizedTipPosition":[-32.2226,113.746,98.5179],"timeVisible":9.3484,"tipPosition":[-30.005,111.589,98.333],"tipVelocity":[5.0669,16.5726,-5.81798],"tool":false,"touchDistance":0.474759,"touchZone":"none","type":4,"width":15.4829}],"r":[[0.936737,-0.193294,0.291824],[0.303262,0.864502,-0.400834],[-0.174804,0.463975,0.86843]],"s":1.04285,"t":[40.9682,-22.4415,-30.2618],"timestamp":747260962965},{"currentFrameRate":114.197,"devices":[],"gestures":[],"hands":[{"armBasis":[[0.910456,-0.0460228,-0.411038],[0.193557,0.925664,0.325087],[0.365522,-0.375537,0.851684]],"armWidth":60.8819,"confidence":1,"direction":[-0.165249,0.175319,-0.970544],"elbow":[70.3125,37.5504,377.67],"grabAngle":2.70457,"grabStrength":0,"id":772,"palmNormal":[-0.16582,-0.975004,-0.147891],"palmPosition":[-43.3913,143.928,95.6438],"palmVelocity":[-1.46638,4.39487,2.9113],"palmWidth":85.1216,"pinchDistance":52.2955,"pinchStrength":0.272428,"r":[[0.937087,-0.19257,0.291178],[0.301803,0.866093,-0.398494],[-0.175449,0.461302,0.869723]],"s":1.04199,"sphereCenter":[-46.2146,107.957,71.9608],"sphereRadius":44.2954,"stabilizedPalmPosition":[-43.4065,143.854,95.5754],"t":[40.9576,-22.4043,-30.2361],"timeVisible":9.35709,"type":"right","wrist":[-22.0133,132.406,162.546]}],"id":1353536,"interactionBox":{"center":[0,200,0],"size":[235.247,235.247,147.751]},"pointables":[{"bases":[[[0.507284,0.851354,-0.133639],[-0.643783,0.477466,0.597971],[0.572893,-0.217307,0.790298]],[[0.390603,0.877022,-0.279754],[-0.762359,0.478515,0.435698],[0.515983,0.0430884,0.855515]],[[0.390603,0.877022,-0.279754],[-0.869718,0.451173,0.200084],[0.301695,0.165154,0.938991]],[[0.390603,0.877022,-0.279754],[-0.911367,0.411253,0.0167837],[0.129769,0.248403,0.959925]]],"btipPosition":[-90.4974,119.043,62.0413],"carpPosition":[-54.515,131.266,150.599],"dipPosition":[-87.7878,124.23,82.0848],"direction":[-0.301695,-0.165154,-0.938991],"extended":false,"handId":772,"id":7720,"length":46.4973,"mcpPosition":[-54.515,131.266,150.599],"pipPosition":[-78.6104,129.254,110.648],"stabilizedTipPosition":[-90.1124,120.429,66.7587],"timeVisible":9.35709,"tipPosition":[-85.4879,117.565,66.7722],"tipVelocity":[20.122,-15.4269,-9.7809],"tool":false,"touchDistance":0.262888,"touchZone":"hovering","type":0,"width":19.5255},{"bases":[[[0.930665,-0.105123,-0.350446],[0.115606,0.993254,0.00906481],[0.347129,-0.0489498,0.936539]],[[0.968901,-0.110752,-0.221282],[0.0786351,0.9857,-0.149034],[0.234624,0.126998,0.963755]],[[0.968901,-0.110752,-0.221282],[0.0579918,0.970973,-0.232051],[0.240559,0.212002,0.947199]],[[0.968901,-0.110752,-0.221282],[0.0345749,0.946068,-0.322118],[0.245023,0.30445,0.920475]]],"btipPosition":[-87.6072,139.115,6.2991],"carpPosition":[-45.8004,149.826,142.154],"dipPosition":[-83.8722,143.756,20.3303],"direction":[-0.240559,-0.212002,-0.947199],"extended":true,"handId":772,"id":7721,"length":52.4671,"mcpPosition":[-69.6915,153.195,77.6972],"pipPosition":[-78.6847,148.327,40.7561],"stabilizedTipPosition":[-86.7326,140.097,9.41182],"timeVisible":9.35709,"tipPosition":[-84.5608,140.592,9.29896],"tipVelocity":[0.911667,5.83328,6.621],"tool":false,"touchDistance":0.272285,"touchZone":"hovering","type":1,"width":18.6507},{"bases":[[[0.935571,-0.278544,-0.21707],[0.278874,0.959867,-0.0297534],[0.216646,-0.0326989,0.975702]],[[0.946879,-0.280004,-0.158172],[-0.105672,0.19363,-0.975367],[0.303734,0.940269,0.153756]],[[0.946879,-0.280004,-0.158172],[-0.31711,-0.894761,-0.314394],[-0.053495,0.347851,-0.936023]],[[0.946879,-0.280004,-0.158172],[-0.208888,-0.909466,0.359496],[-0.244513,-0.307358,-0.919644]]],"btipPosition":[-56.9476,108.265,106.531],"carpPosition":[-35.2025,150.237,137.659],"dipPosition":[-61.047,103.111,91.112],"direction":[0.053495,-0.347851,0.936023],"extended":false,"handId":772,"id":7722,"length":59.782,"mcpPosition":[-49.3426,152.371,73.9767],"pipPosition":[-62.4042,111.936,67.3646],"stabilizedTipPosition":[-58.2105,107.023,103.015],"timeVisible":9.35709,"tipPosition":[-58.4316,105.623,100.796],"tipVelocity":[11.2072,4.31621,-1.89998],"tool":false,"touchDistance":0.549739,"touchZone":"none","type":2,"width":18.3175},{"bases":[[[0.933553,-0.351881,-0.0682566],[0.351768,0.935981,-0.0140676],[0.0688371,-0.0108777,0.997569]],[[0.936001,-0.3519,-0.0083156],[0.0527224,0.163513,-0.985131],[0.348028,0.921645,0.171601]],[[0.936001,-0.3519,-0.0083156],[-0.337677,-0.890998,-0.303475],[0.0993839,0.286861,-0.952803]],[[0.936001,-0.3519,-0.0083156],[-0.322519,-0.866837,0.38023],[-0.141011,-0.353214,-0.924854]]],"btipPosition":[-42.4471,110.582,108.07],"carpPosition":[-24.4344,147.885,134.403],"dipPosition":[-44.7977,104.694,92.6535],"direction":[-0.0993839,-0.286861,0.952803],"extended":false,"handId":772,"id":7723,"length":57.482,"mcpPosition":[-28.4682,148.523,75.9452],"pipPosition":[-42.3414,111.784,69.1048],"stabilizedTipPosition":[-43.291,109.073,104.532],"timeVisible":9.35709,"tipPosition":[-42.8309,107.735,103.775],"tipVelocity":[10.2785,8.57593,-0.891743],"tool":false,"touchDistance":0.575409,"touchZone":"none","type":3,"width":17.4303},{"bases":[[[0.864204,-0.500557,0.0509288],[0.497378,0.865194,0.0636758],[-0.0759366,-0.029698,0.99667]],[[0.830744,-0.496149,0.252389],[0.336848,0.0870993,-0.937522],[0.443167,0.863858,0.239484]],[[0.830744,-0.496149,0.252389],[-0.393482,-0.844112,-0.364208],[0.393746,0.203253,-0.896467]],[[0.830744,-0.496149,0.252389],[-0.551469,-0.795292,0.251778],[0.0758038,-0.348348,-0.934295]]],"btipPosition":[-32.3218,115.336,101.77],"carpPosition":[-14.4239,139.167,133.378],"dipPosition":[-31.1561,109.979,87.402],"direction":[-0.393746,-0.203253,0.896467],"extended":false,"handId":772,"id":7724,"length":45.0648,"mcpPosition":[-10.3047,140.778,79.3136],"pipPosition":[-24.2852,113.526,71.7586],"stabilizedTipPosition":[-32.1763,113.844,98.5035],"timeVisible":9.35709,"tipPosition":[-29.9624,111.662,98.2431],"tipVelocity":[3.70169,14.5064,-2.32823],"tool":false,"touchDistance":0.474422,"touchZone":"none","type":4,"width":15.4829}],"r":[[0.937087,-0.19257,0.291178],[0.301803,0.866093,-0.398494],[-0.175449,0.461302,0.869723]],"s":1.04199,"t":[40.9576,-22.4043,-30.2361],"timestamp":747260971660},{"currentFrameRate":114.265,"devices":[],"gestures":[],"hands":[{"armBasis":[[0.910039,-0.0448691,-0.412087],[0.193241,0.925415,0.325984],[0.366725,-0.37629,0.850834]],"armWidth":60.8819,"confidence":1,"direction":[-0.16648,0.177532,-0.969931],"elbow":[70.6722,37.2536,377.426],"grabAngle":2.70694,"grabStrength":0,"id":772,"palmNormal":[-0.165424,-0.974746,-0.15002],"palmPosition":[-43.4195,143.957,95.6639],"palmVelocity":[-3.27332,3.37012,2.32793],"palmWidth":85.1216,"pinchDistance":52.2477,"pinchStrength":0.273508,"r":[[0.937457,-0.192017,0.290352],[0.300441,0.867584,-0.396275],[-0.175813,0.458724,0.871012]],"s":1.04116,"sphereCenter":[-46.1416,108.01,71.9076],"sphereRadius":44.2941,"stabilizedPalmPosition":[-43.4091,143.874,95.5933],"t":[40.9381,-22.3712,-30.2132],"timeVisible":9.36573,"type":"right","wrist":[-21.9574,132.299,162.517]}],"id":1353537,"interactionBox":{"center":[0,200,0],"size":[235.247,235.247,147.751]},"pointables":[{"bases":[[[0.506632,0.851966,-0.1322],[-0.643364,0.475665,0.599855],[0.573939,-0.218853,0.789112]],[[0.389223,0.877959,-0.278737],[-0.763309,0.476793,0.435922],[0.515621,0.0430917,0.855732]],[[0.389223,0.877959,-0.278737],[-0.87067,0.449439,0.199847],[0.300733,0.164903,0.939344]],[[0.389223,0.877959,-0.278737],[-0.911931,0.409955,0.0178632],[0.129953,0.247236,0.960201]]],"btipPosition":[-90.412,118.967,62.0173],"carpPosition":[-54.4719,131.158,150.602],"dipPosition":[-87.6986,124.129,82.0666],"direction":[-0.300733,-0.164903,-0.939344],"extended":false,"handId":772,"id":7720,"length":46.4973,"mcpPosition":[-54.4719,131.158,150.602],"pipPosition":[-78.5505,129.146,110.641],"stabilizedTipPosition":[-89.9905,120.326,66.7098],"timeVisible":9.36573,"tipPosition":[-85.5924,117.672,66.7765],"tipVelocity":[9.9908,-9.49121,-2.62283],"tool":false,"touchDistance":0.262511,"touchZone":"hovering","type":0,"width":19.5255},{"bases":[[[0.930317,-0.103744,-0.351777],[0.115038,0.993297,0.0112958],[0.348247,-0.0509764,0.936016]],[[0.968879,-0.109686,-0.221908],[0.0776093,0.98587,-0.148451],[0.235055,0.126609,0.963701]],[[0.968879,-0.109686,-0.221908],[0.0566663,0.970941,-0.232512],[0.240963,0.212702,0.94694]],[[0.968879,-0.109686,-0.221908],[0.0330686,0.945784,-0.323108],[0.245317,0.305715,0.919977]]],"btipPosition":[-87.6914,139.152,6.38717],"carpPosition":[-45.778,149.743,142.191],"dipPosition":[-83.9519,143.812,20.4108],"direction":[-0.240963,-0.212702,-0.94694],"extended":true,"handId":772,"id":7721,"length":52.4671,"mcpPosition":[-69.746,153.252,77.77],"pipPosition":[-78.7557,148.399,40.831],"stabilizedTipPosition":[-86.7573,140.129,9.46204],"timeVisible":9.36573,"tipPosition":[-84.7123,140.796,9.3622],"tipVelocity":[-9.63777,4.79247,9.9956],"tool":false,"touchDistance":0.273723,"touchZone":"hovering","type":1,"width":18.6507},{"bases":[[[0.93548,-0.27748,-0.21882],[0.278281,0.960098,-0.0277915],[0.2178,-0.0348951,0.975369]],[[0.946857,-0.279073,-0.159939],[-0.107376,0.194477,-0.975012],[0.303204,0.940371,0.154176]],[[0.946857,-0.279073,-0.159939],[-0.316849,-0.894868,-0.314354],[-0.0553971,0.348325,-0.935736]],[[0.946857,-0.279073,-0.159939],[-0.207527,-0.909926,0.35912],[-0.245754,-0.306843,-0.919485]]],"btipPosition":[-56.9141,108.317,106.55],"carpPosition":[-35.1855,150.171,137.685],"dipPosition":[-61.0344,103.172,91.1338],"direction":[0.0553971,-0.348325,0.935736],"extended":false,"handId":772,"id":7722,"length":59.782,"mcpPosition":[-49.401,152.449,74.0239],"pipPosition":[-62.4398,112.009,67.3938],"stabilizedTipPosition":[-58.1306,107.049,103.012],"timeVisible":9.36573,"tipPosition":[-58.4281,105.64,100.756],"tipVelocity":[3.31874,6.26672,2.29266],"tool":false,"touchDistance":0.550069,"touchZone":"none","type":2,"width":18.3175},{"bases":[[[0.933677,-0.351172,-0.0701797],[0.351207,0.936218,-0.0122474],[0.0700044,-0.0132125,0.997459]],[[0.936195,-0.351332,-0.0102418],[0.0508605,0.164245,-0.985107],[0.347782,0.921732,0.171634]],[[0.936195,-0.351332,-0.0102418],[-0.337726,-0.891102,-0.303116],[0.097368,0.287235,-0.952899]],[[0.936195,-0.351332,-0.0102418],[-0.321279,-0.867204,0.380443],[-0.142543,-0.352878,-0.924748]]],"btipPosition":[-42.4158,110.648,108.083],"carpPosition":[-24.4198,147.833,134.41],"dipPosition":[-44.792,104.766,92.6684],"direction":[-0.097368,-0.287235,0.952899],"extended":false,"handId":772,"id":7723,"length":57.482,"mcpPosition":[-28.5221,148.607,75.959],"pipPosition":[-42.3855,111.865,69.1172],"stabilizedTipPosition":[-43.2145,109.125,104.533],"timeVisible":9.36573,"tipPosition":[-42.8295,107.756,103.714],"tipVelocity":[2.94188,7.84187,1.55545],"tool":false,"touchDistance":0.575633,"touchZone":"none","type":3,"width":17.4303},{"bases":[[[0.864554,-0.500171,0.0487318],[0.496948,0.865331,0.0651578],[-0.0747592,-0.0321153,0.996684]],[[0.830868,-0.496132,0.252016],[0.336393,0.0870446,-0.93769],[0.443282,0.863873,0.239218]],[[0.830868,-0.496132,0.252016],[-0.393777,-0.844196,-0.363694],[0.393191,0.202944,-0.89678]],[[0.830868,-0.496132,0.252016],[-0.551383,-0.795105,0.252558],[0.0750767,-0.348799,-0.934186]]],"btipPosition":[-32.3501,115.435,101.756],"carpPosition":[-14.4055,139.123,133.353],"dipPosition":[-31.1955,110.071,87.3901],"direction":[-0.393191,-0.202944,0.89678],"extended":false,"handId":772,"id":7724,"length":45.0648,"mcpPosition":[-10.3501,140.865,79.2878],"pipPosition":[-24.3343,113.613,71.7412],"stabilizedTipPosition":[-32.1524,113.937,98.4901],"timeVisible":9.36573,"tipPosition":[-29.9813,111.708,98.1724],"tipVelocity":[-3.56504,11.3024,-1.53254],"tool":false,"touchDistance":0.474201,"touchZone":"none","type":4,"width":15.4829}],"r":[[0.937457,-0.192017,0.290352],[0.300441,0.867584,-0.396275],[-0.175813,0.458724,0.871012]],"s":1.04116,"t":[40.9381,-22.3712,-30.2132],"timestamp":747260980296},{"currentFrameRate":114.279,"devices":[],"gestures":[],"hands":[{"armBasis":[[0.909673,-0.0435162,-0.413039],[0.19249,0.925411,0.32644],[0.368025,-0.376459,0.850197]],"armWidth":60.8819,"confidence":1,"direction":[-0.167462,0.178421,-0.969599],"elbow":[71.0252,37.163,377.259],"grabAngle":2.70918,"grabStrength":0,"id":772,"palmNormal":[-0.164536,-0.974752,-0.150952],"palmPosition":[-43.4642,143.956,95.687],"palmVelocity":[-5.11814,-0.109336,2.65318],"palmWidth":85.1216,"pinchDistance":52.2047,"pinchStrength":0.274427,"r":[[0.937839,-0.191442,0.289497],[0.299105,0.868919,-0.394356],[-0.176053,0.456432,0.872167]],"s":1.04039,"sphereCenter":[-46.0729,108.008,71.9029],"sphereRadius":44.291,"stabilizedPalmPosition":[-43.4196,143.89,95.6111],"t":[40.9061,-22.3551,-30.1901],"timeVisible":9.37446,"type":"right","wrist":[-21.9329,132.251,162.511]}],"id":1353538,"interactionBox":{"center":[0,200,0],"size":[235.247,235.247,147.751]},"pointables":[{"bases":[[[0.505639,0.852637,-0.131682],[-0.643364,0.474338,0.600904],[0.574815,-0.219121,0.7884]],[[0.387572,0.878709,-0.278673],[-0.764562,0.475295,0.435362],[0.515008,0.0443287,0.856038]],[[0.387572,0.878709,-0.278673],[-0.871827,0.447614,0.198895],[0.299509,0.165869,0.939565]],[[0.387572,0.878709,-0.278673],[-0.912649,0.408336,0.0182688],[0.129845,0.24725,0.960212]]],"btipPosition":[-90.3301,118.807,62.0142],"carpPosition":[-54.4581,131.085,150.62],"dipPosition":[-87.6189,123.97,82.0638],"direction":[-0.299509,-0.165869,-0.939565],"extended":false,"handId":772,"id":7720,"length":46.4973,"mcpPosition":[-54.4581,131.085,150.62],"pipPosition":[-78.508,129.015,110.645],"stabilizedTipPosition":[-89.8854,120.203,66.6787],"timeVisible":9.37446,"tipPosition":[-85.6854,117.689,66.8033],"tipVelocity":[9.33203,-18.3309,-0.3489],"tool":false,"touchDistance":0.26246,"touchZone":"hovering","type":0,"width":19.5255},{"bases":[[[0.930135,-0.102392,-0.352654],[0.114016,0.993403,0.0122901],[0.349069,-0.0516397,0.935673]],[[0.968966,-0.108463,-0.222126],[0.0762032,0.985898,-0.148993],[0.235154,0.127443,0.963567]],[[0.968966,-0.108463,-0.222126],[0.0550386,0.970702,-0.233899],[0.240987,0.214414,0.946547]],[[0.968966,-0.108463,-0.222126],[0.0313268,0.94523,-0.324897],[0.245199,0.307856,0.919294]]],"btipPosition":[-87.7629,139.042,6.46616],"carpPosition":[-45.7904,149.689,142.222],"dipPosition":[-84.0253,143.734,20.4794],"direction":[-0.240987,-0.214414,-0.946547],"extended":true,"handId":772,"id":7721,"length":52.4671,"mcpPosition":[-69.815,153.243,77.825],"pipPosition":[-78.8285,148.358,40.8911],"stabilizedTipPosition":[-86.7924,140.127,9.51666],"timeVisible":9.37446,"tipPosition":[-84.8462,140.839,9.41872],"tipVelocity":[-8.24269,-11.7736,8.77793],"tool":false,"touchDistance":0.275,"touchZone":"hovering","type":1,"width":18.6507},{"bases":[[[0.935587,-0.276268,-0.219893],[0.277261,0.960416,-0.0269677],[0.218639,-0.035737,0.975151]],[[0.947014,-0.277913,-0.161023],[-0.108824,0.194051,-0.974937],[0.302195,0.940802,0.153526]],[[0.947014,-0.277913,-0.161023],[-0.316074,-0.895494,-0.313348],[-0.0571115,0.34764,-0.935887]],[[0.947014,-0.277913,-0.161023],[-0.205867,-0.910011,0.359858],[-0.246542,-0.307642,-0.919007]]],"btipPosition":[-56.8853,108.345,106.611],"carpPosition":[-35.2021,150.133,137.708],"dipPosition":[-61.0188,103.187,91.203],"direction":[0.0571115,-0.34764,0.935887],"extended":false,"handId":772,"id":7722,"length":59.782,"mcpPosition":[-49.4723,152.465,74.0613],"pipPosition":[-62.4677,112.007,67.4591],"stabilizedTipPosition":[-58.0796,107.068,103.022],"timeVisible":9.37446,"tipPosition":[-58.4253,105.627,100.763],"tipVelocity":[2.95721,2.93885,7.22496],"tool":false,"touchDistance":0.55112,"touchZone":"none","type":2,"width":18.3175},{"bases":[[[0.933983,-0.350124,-0.0713315],[0.350224,0.936595,-0.0115097],[0.0708386,-0.0142322,0.997386]],[[0.93655,-0.350348,-0.0113959],[0.0492909,0.163812,-0.985259],[0.34705,0.922183,0.170687]],[[0.93655,-0.350348,-0.0113959],[-0.337253,-0.891729,-0.301794],[0.0955709,0.286489,-0.953305]],[[0.93655,-0.350348,-0.0113959],[-0.319777,-0.867243,0.381618],[-0.143582,-0.35376,-0.92425]]],"btipPosition":[-42.3907,110.699,108.139],"carpPosition":[-24.4367,147.809,134.422],"dipPosition":[-44.7841,104.802,92.7322],"direction":[-0.095571,-0.286489,0.953305],"extended":false,"handId":772,"id":7723,"length":57.482,"mcpPosition":[-28.5878,148.644,75.975],"pipPosition":[-42.422,111.883,69.171],"stabilizedTipPosition":[-43.1629,109.166,104.545],"timeVisible":9.37446,"tipPosition":[-42.8306,107.757,103.702],"tipVelocity":[2.43042,5.484,6.58094],"tool":false,"touchDistance":0.57659,"touchZone":"none","type":3,"width":17.4303},{"bases":[[[0.865113,-0.499326,0.0474734],[0.496103,0.865775,0.0656981],[-0.073906,-0.0332846,0.99671]],[[0.831158,-0.495424,0.252451],[0.336186,0.0861133,-0.93785],[0.442894,0.864373,0.238128]],[[0.831158,-0.495424,0.252451],[-0.393584,-0.844901,-0.362263],[0.39277,0.201737,-0.897237]],[[0.831158,-0.495424,0.252451],[-0.550983,-0.794897,0.254081],[0.0747948,-0.350278,-0.933655]]],"btipPosition":[-32.3811,115.515,101.783],"carpPosition":[-14.4142,139.111,133.347],"dipPosition":[-31.2309,110.128,87.425],"direction":[-0.39277,-0.201737,0.897237],"extended":false,"handId":772,"id":7724,"length":45.0648,"mcpPosition":[-10.4051,140.916,79.2804],"pipPosition":[-24.377,113.648,71.7682],"stabilizedTipPosition":[-32.1436,114.02,98.4878],"timeVisible":9.37446,"tipPosition":[-30.0022,111.733,98.151],"tipVelocity":[-3.66955,8.49748,3.28609],"tool":false,"touchDistance":0.474679,"touchZone":"none","type":4,"width":15.4829}],"r":[[0.937839,-0.191442,0.289497],[0.299105,0.868919,-0.394356],[-0.176053,0.456432,0.872167]],"s":1.04039,"t":[40.9061,-22.3551,-30.1901],"timestamp":747260989022},{"currentFrameRate":114.338,"devices":[],"gestures":[],"hands":[{"armBasis":[[0.909509,-0.0415042,-0.413606],[0.190754,0.925724,0.32657],[0.369331,-0.375916,0.849872]],"armWidth":60.8819,"confidence":1,"direction":[-0.167771,0.178573,-0.969518],"elbow":[71.3526,37.2431,377.141],"grabAngle":2.71128,"grabStrength":0,"id":772,"palmNormal":[-0.162758,-0.974979,-0.151414],"palmPosition":[-43.4934,143.888,95.6582],"palmVelocity":[-3.37456,-7.81475,-3.33195],"palmWidth":85.1216,"pinchDistance":52.1668,"pinchStrength":0.27482,"r":[[0.938212,-0.190665,0.288799],[0.29772,0.870128,-0.392735],[-0.176411,0.45445,0.873129]],"s":1.03971,"sphereCenter":[-45.9598,107.93,71.8667],"sphereRadius":44.2869,"stabilizedPalmPosition":[-43.4329,143.89,95.6196],"t":[40.8755,-22.3809,-30.193],"timeVisible":9.3831,"type":"right","wrist":[-21.9353,132.194,162.475]}],"id":1353539,"interactionBox":{"center":[0,200,0],"size":[235.247,235.247,147.751]},"pointables":[{"bases":[[[0.504088,0.853618,-0.131273],[-0.644236,0.472883,0.601117],[0.5752,-0.218445,0.788306]],[[0.385515,0.879581,-0.278775],[-0.766452,0.473486,0.434007],[0.513741,0.0463519,0.856693]],[[0.385515,0.879581,-0.278775],[-0.873338,0.445335,0.197375],[0.297756,0.167374,0.939855]],[[0.385515,0.879581,-0.278775],[-0.913562,0.406277,0.0185173],[0.129548,0.24754,0.960178]]],"btipPosition":[-90.218,118.547,61.9405],"carpPosition":[-54.4647,130.972,150.585],"dipPosition":[-87.513,123.716,81.9893],"direction":[-0.297756,-0.167374,-0.939855],"extended":false,"handId":772,"id":7720,"length":46.4973,"mcpPosition":[-54.4647,130.972,150.585],"pipPosition":[-78.4554,128.807,110.579],"stabilizedTipPosition":[-89.7838,120.039,66.6341],"timeVisible":9.3831,"tipPosition":[-85.7069,117.581,66.7592],"tipVelocity":[12.8026,-29.8824,-8.5443],"tool":false,"touchDistance":0.261229,"touchZone":"hovering","type":0,"width":19.5255},{"bases":[[[0.930325,-0.100532,-0.352687],[0.112207,0.993603,0.0127597],[0.349148,-0.0514445,0.935654]],[[0.969293,-0.106616,-0.221593],[0.0741651,0.985909,-0.149941],[0.234457,0.128902,0.963543]],[[0.969293,-0.106616,-0.221593],[0.0529196,0.970449,-0.235434],[0.240146,0.216478,0.946291]],[[0.969293,-0.106616,-0.221593],[0.0292258,0.944683,-0.326679],[0.244165,0.310171,0.918791]]],"btipPosition":[-87.7481,138.799,6.4554],"carpPosition":[-45.8307,149.595,142.196],"dipPosition":[-84.0262,143.527,20.461],"direction":[-0.240146,-0.216478,-0.946291],"extended":true,"handId":772,"id":7721,"length":52.4671,"mcpPosition":[-69.8607,153.136,77.8001],"pipPosition":[-78.8476,148.195,40.8672],"stabilizedTipPosition":[-86.8178,140.066,9.55742],"timeVisible":9.3831,"tipPosition":[-84.8861,140.729,9.39032],"tipVelocity":[1.30027,-27.1514,-1.44836],"tool":false,"touchDistance":0.274791,"touchZone":"hovering","type":1,"width":18.6507},{"bases":[[[0.936092,-0.27446,-0.220007],[0.275512,0.960932,-0.0265109],[0.218688,-0.035798,0.975138]],[[0.947521,-0.276113,-0.161138],[-0.109596,0.192949,-0.975069],[0.30032,0.941558,0.152563]],[[0.947521,-0.276113,-0.161138],[-0.314332,-0.896551,-0.312075],[-0.0583005,0.346349,-0.936292]],[[0.947521,-0.276113,-0.161138],[-0.203766,-0.90999,0.361105],[-0.24634,-0.309321,-0.918497]]],"btipPosition":[-56.8222,108.305,106.629],"carpPosition":[-35.2432,150.06,137.682],"dipPosition":[-60.9523,103.119,91.2298],"direction":[0.0583005,-0.346349,0.936292],"extended":false,"handId":772,"id":7722,"length":59.782,"mcpPosition":[-49.5166,152.397,74.0364],"pipPosition":[-62.4314,111.906,67.4757],"stabilizedTipPosition":[-58.0281,107.075,103.033],"timeVisible":9.3831,"tipPosition":[-58.3812,105.539,100.73],"tipVelocity":[7.3832,-5.37032,2.33893],"tool":false,"touchDistance":0.551457,"touchZone":"none","type":2,"width":18.3175},{"bases":[[[0.93462,-0.348389,-0.0714808],[0.348519,0.937237,-0.0110629],[0.0708486,-0.0145728,0.997381]],[[0.937187,-0.348636,-0.0115452],[0.0484446,0.16286,-0.985459],[0.345447,0.923,0.16952]],[[0.937187,-0.348636,-0.0115452],[-0.335818,-0.892786,-0.300266],[0.0943764,0.285283,-0.953786]],[[0.937187,-0.348636,-0.0115452],[-0.317914,-0.867286,0.383075],[-0.143567,-0.355342,-0.923645]]],"btipPosition":[-42.3349,110.692,108.161],"carpPosition":[-24.4735,147.758,134.395],"dipPosition":[-44.7281,104.768,92.7642],"direction":[-0.0943764,-0.285283,0.953786],"extended":false,"handId":772,"id":7723,"length":57.482,"mcpPosition":[-28.6252,148.612,75.9487],"pipPosition":[-42.3956,111.819,69.1912],"stabilizedTipPosition":[-43.1145,109.195,104.558],"timeVisible":9.3831,"tipPosition":[-42.7946,107.697,103.662],"tipVelocity":[6.45414,-1.57836,2.81027],"tool":false,"touchDistance":0.576995,"touchZone":"none","type":3,"width":17.4303},{"bases":[[[0.86602,-0.497772,0.0472527],[0.494524,0.866646,0.0661139],[-0.073861,-0.0338884,0.996693]],[[0.831743,-0.493941,0.253428],[0.33636,0.0851947,-0.937872],[0.441663,0.865311,0.237002]],[[0.831743,-0.493941,0.253428],[-0.392532,-0.846053,-0.360712],[0.392585,0.200541,-0.897586]],[[0.831743,-0.493941,0.253428],[-0.550041,-0.795055,0.255623],[0.0752266,-0.352009,-0.932969]]],"btipPosition":[-32.3691,115.533,101.785],"carpPosition":[-14.4352,139.078,133.317],"dipPosition":[-31.2122,110.119,87.437],"direction":[-0.392585,-0.200541,0.897586],"extended":false,"handId":772,"id":7724,"length":45.0648,"mcpPosition":[-10.4285,140.917,79.2507],"pipPosition":[-24.3616,113.619,71.7741],"stabilizedTipPosition":[-32.1343,114.082,98.4871],"timeVisible":9.3831,"tipPosition":[-29.9837,111.702,98.1092],"tipVelocity":[1.56198,1.39999,0.441235],"tool":false,"touchDistance":0.474743,"touchZone":"none","type":4,"width":15.4829}],"r":[[0.938212,-0.190665,0.288799],[0.29772,0.870128,-0.392735],[-0.176411,0.45445,0.873129]],"s":1.03971,"t":[40.8755,-22.3809,-30.193],"timestamp":747260997668},{"currentFrameRate":114.115,"devices":[],"gestures":[],"hands":[{"armBasis":[[0.909199,-0.0403051,-0.414406],[0.189829,0.925966,0.326423],[0.370569,-0.37545,0.849539]],"armWidth":60.8819,"confidence":1,"direction":[-0.168263,0.179509,-0.96926],"elbow":[71.6879,37.3609,377.083],"grabAngle":2.71331,"grabStrength":0,"id":772,"palmNormal":[-0.161894,-0.97496,-0.15246],"palmPosition":[-43.5102,143.932,95.7023],"palmVelocity":[-1.83439,4.80612,4.81808],"palmWidth":85.1216,"pinchDistance":52.1276,"pinchStrength":0.275129,"r":[[0.938565,-0.189931,0.288136],[0.296422,0.871235,-0.391259],[-0.176722,0.452632,0.87401]],"s":1.03912,"sphereCenter":[-45.8892,107.988,71.8825],"sphereRadius":44.2792,"stabilizedPalmPosition":[-43.4453,143.896,95.6328],"t":[40.8518,-22.3718,-30.1724],"timeVisible":9.39225,"type":"right","wrist":[-21.9128,132.194,162.501]}],"id":1353540,"interactionBox":{"center":[0,200,0],"size":[235.247,235.247,147.751]},"pointables":[{"bases":[[[0.503243,0.854238,-0.130477],[-0.644479,0.4716,0.601864],[0.575668,-0.218794,0.787867]],[[0.384173,0.88029,-0.278391],[-0.767697,0.472079,0.433339],[0.512887,0.0472428,0.857155]],[[0.384173,0.88029,-0.278391],[-0.874347,0.443729,0.196523],[0.296527,0.167912,0.940148]],[[0.384173,0.88029,-0.278391],[-0.914126,0.404979,0.0190986],[0.129555,0.247147,0.960278]]],"btipPosition":[-90.1272,118.469,61.941],"carpPosition":[-54.451,130.944,150.618],"dipPosition":[-87.422,123.63,81.9919],"direction":[-0.296527,-0.167912,-0.940148],"extended":false,"handId":772,"id":7720,"length":46.4973,"mcpPosition":[-54.451,130.944,150.618],"pipPosition":[-78.4018,128.738,110.591],"stabilizedTipPosition":[-89.6844,119.903,66.6051],"timeVisible":9.39225,"tipPosition":[-85.7465,117.638,66.7853],"tipVelocity":[9.93476,-8.74414,0.105406],"tool":false,"touchDistance":0.261245,"touchZone":"hovering","type":0,"width":19.5255},{"bases":[[[0.930301,-0.0992606,-0.35311],[0.111279,0.993693,0.0138438],[0.349509,-0.0521727,0.935479]],[[0.969421,-0.105474,-0.221581],[0.0729189,0.985948,-0.150296],[0.23432,0.129542,0.96349]],[[0.969421,-0.105474,-0.221581],[0.0515903,0.970339,-0.236178],[0.23992,0.217525,0.946109]],[[0.969421,-0.105474,-0.221581],[0.0278818,0.944417,-0.327564],[0.243815,0.31137,0.918479]]],"btipPosition":[-87.764,138.773,6.52941],"carpPosition":[-45.8373,149.584,142.247],"dipPosition":[-84.0474,143.519,20.5302],"direction":[-0.23992,-0.217525,-0.946109],"extended":true,"handId":772,"id":7721,"length":52.4671,"mcpPosition":[-69.8922,153.175,77.8634],"pipPosition":[-78.8737,148.21,40.9325],"stabilizedTipPosition":[-86.8352,140.027,9.59409],"timeVisible":9.39225,"tipPosition":[-84.9452,140.824,9.44719],"tipVelocity":[-1.87891,-2.3884,7.97386],"tool":false,"touchDistance":0.276006,"touchZone":"hovering","type":1,"width":18.6507},{"bases":[[[0.936276,-0.273333,-0.220628],[0.274602,0.961219,-0.025518],[0.219047,-0.0366931,0.975024]],[[0.947726,-0.275041,-0.161765],[-0.110553,0.192532,-0.975043],[0.299322,0.941957,0.152061]],[[0.947726,-0.275041,-0.161765],[-0.313489,-0.897115,-0.311302],[-0.059501,0.34574,-0.936442]],[[0.947726,-0.275041,-0.161765],[-0.202326,-0.910004,0.36188],[-0.246739,-0.310234,-0.918082]]],"btipPosition":[-56.7741,108.382,106.703],"carpPosition":[-35.2517,150.065,137.73],"dipPosition":[-60.9109,103.18,91.3109],"direction":[0.059501,-0.34574,0.936442],"extended":false,"handId":772,"id":7722,"length":59.782,"mcpPosition":[-49.5486,152.459,74.0921],"pipPosition":[-62.4205,111.952,67.5529],"stabilizedTipPosition":[-57.9831,107.092,103.052],"timeVisible":9.39225,"tipPosition":[-58.3566,105.573,100.75],"tipVelocity":[5.09117,7.95851,8.27426],"tool":false,"touchDistance":0.552718,"touchZone":"none","type":2,"width":18.3175},{"bases":[[[0.934923,-0.347431,-0.0721852],[0.347636,0.937575,-0.010121],[0.0711954,-0.0156317,0.99734]],[[0.93751,-0.347744,-0.0122508],[0.0473968,0.162502,-0.985569],[0.344716,0.9234,0.168829]],[[0.93751,-0.347744,-0.0122508],[-0.335269,-0.893336,-0.299242],[0.0931153,0.284649,-0.954099]],[[0.93751,-0.347744,-0.0122508],[-0.316679,-0.867292,0.384082],[-0.144187,-0.356201,-0.923218]]],"btipPosition":[-42.2921,110.786,108.234],"carpPosition":[-24.481,147.776,134.437],"dipPosition":[-44.6956,104.848,92.844],"direction":[-0.0931153,-0.284649,0.954099],"extended":false,"handId":772,"id":7723,"length":57.482,"mcpPosition":[-28.653,148.692,75.9931],"pipPosition":[-42.3942,111.884,69.2632],"stabilizedTipPosition":[-43.0718,109.23,104.579],"timeVisible":9.39225,"tipPosition":[-42.7752,107.743,103.672],"tipVelocity":[4.42619,9.93801,8.12136],"tool":false,"touchDistance":0.578233,"touchZone":"none","type":3,"width":17.4303},{"bases":[[[0.866502,-0.497012,0.0464025],[0.493733,0.867034,0.0669274],[-0.0734963,-0.0350823,0.996678]],[[0.83193,-0.493347,0.253971],[0.336444,0.0845196,-0.937903],[0.441247,0.865716,0.236298]],[[0.83193,-0.493347,0.253971],[-0.392267,-0.846625,-0.359656],[0.392453,0.199584,-0.897857]],[[0.83193,-0.493347,0.253971],[-0.549762,-0.794879,0.256768],[0.0752001,-0.353236,-0.932507]]],"btipPosition":[-32.3727,115.649,101.834],"carpPosition":[-14.4349,139.107,133.346],"dipPosition":[-31.2163,110.217,87.4936],"direction":[-0.392453,-0.199584,0.897857],"extended":false,"handId":772,"id":7724,"length":45.0648,"mcpPosition":[-10.448,141.01,79.2804],"pipPosition":[-24.368,113.7,71.826],"stabilizedTipPosition":[-32.1282,114.151,98.4977],"timeVisible":9.39225,"tipPosition":[-29.9803,111.769,98.1145],"tipVelocity":[-0.409074,12.2424,5.59568],"tool":false,"touchDistance":0.475596,"touchZone":"none","type":4,"width":15.4829}],"r":[[0.938565,-0.189931,0.288136],[0.296422,0.871235,-0.391259],[-0.176722,0.452632,0.87401]],"s":1.03912,"t":[40.8518,-22.3718,-30.1724],"timestamp":747261006812},{"currentFrameRate":114.425,"devices":[],"gestures":[],"hands":[{"armBasis":[[0.908832,-0.0402403,-0.415217],[0.189812,0.926225,0.325699],[0.371478,-0.374818,0.849421]],"armWidth":60.8819,"confidence":1,"direction":[-0.168131,0.179184,-0.969343],"elbow":[71.924,37.542,377.086],"grabAngle":2.71486,"grabStrength":0,"id":772,"palmNormal":[-0.161964,-0.974998,-0.152137],"palmPosition":[-43.5054,143.929,95.7314],"palmVelocity":[0.576192,-0.404337,3.55253],"palmWidth":85.1216,"pinchDistance":52.0938,"pinchStrength":0.275239,"r":[[0.938836,-0.18934,0.287643],[0.295407,0.872085,-0.390131],[-0.176982,0.45124,0.874677]],"s":1.03863,"sphereCenter":[-45.8593,107.974,71.9362],"sphereRadius":44.268,"stabilizedPalmPosition":[-43.4514,143.9,95.6429],"t":[40.8423,-22.3689,-30.1476],"timeVisible":9.40045,"type":"right","wrist":[-21.9062,132.216,162.534]}],"id":1353541,"interactionBox":{"center":[0,200,0],"size":[235.247,235.247,147.751]},"pointables":[{"bases":[[[0.503335,0.854147,-0.130717],[-0.644508,0.471869,0.601622],[0.575555,-0.21857,0.788013]],[[0.383982,0.880181,-0.278997],[-0.768387,0.472155,0.432031],[0.511995,0.0484855,0.857619]],[[0.383982,0.880181,-0.278997],[-0.874791,0.443477,0.195113],[0.295463,0.169144,0.940262]],[[0.383982,0.880181,-0.278997],[-0.914214,0.404795,0.0188214],[0.129503,0.247836,0.960108]]],"btipPosition":[-90.0551,118.376,61.9519],"carpPosition":[-54.4539,130.961,150.651],"dipPosition":[-87.351,123.551,81.9992],"direction":[-0.295463,-0.169144,-0.940261],"extended":false,"handId":772,"id":7720,"length":46.4973,"mcpPosition":[-54.4539,130.961,150.651],"pipPosition":[-78.3632,128.696,110.601],"stabilizedTipPosition":[-89.6047,119.796,66.5917],"timeVisible":9.40045,"tipPosition":[-85.7666,117.642,66.8169],"tipVelocity":[8.75347,-10.9219,1.22266],"tool":false,"touchDistance":0.261412,"touchZone":"hovering","type":0,"width":19.5255},{"bases":[[[0.930334,-0.0994682,-0.352964],[0.111367,0.993688,0.0135086],[0.349393,-0.051876,0.935539]],[[0.969467,-0.105644,-0.221298],[0.0727676,0.985731,-0.151789],[0.234176,0.131051,0.963321]],[[0.969467,-0.105644,-0.221298],[0.0514195,0.969957,-0.237781],[0.23977,0.219142,0.945773]],[[0.969467,-0.105644,-0.221298],[0.0276706,0.943807,-0.329337],[0.243655,0.313158,0.917913]]],"btipPosition":[-87.7452,138.646,6.57453],"carpPosition":[-45.8376,149.598,142.274],"dipPosition":[-84.031,143.419,20.5667],"direction":[-0.23977,-0.219142,-0.945773],"extended":true,"handId":772,"id":7721,"length":52.4671,"mcpPosition":[-69.8845,153.168,77.8862],"pipPosition":[-78.8605,148.145,40.9618],"stabilizedTipPosition":[-86.8453,139.976,9.62986],"timeVisible":9.40045,"tipPosition":[-84.9426,140.787,9.47449],"tipVelocity":[2.23123,-14.7284,5.25411],"tool":false,"touchDistance":0.276725,"touchZone":"hovering","type":1,"width":18.6507},{"bases":[[[0.936277,-0.273495,-0.220421],[0.274691,0.961186,-0.0258224],[0.218928,-0.0363708,0.975063]],[[0.94772,-0.275184,-0.161556],[-0.110764,0.191113,-0.975298],[0.299261,0.942205,0.150642]],[[0.94772,-0.275184,-0.161556],[-0.313452,-0.897662,-0.309758],[-0.0597821,0.344204,-0.93699]],[[0.94772,-0.275184,-0.161556],[-0.202078,-0.909388,0.363562],[-0.246963,-0.311908,-0.917454]]],"btipPosition":[-56.7525,108.428,106.793],"carpPosition":[-35.2514,150.075,137.758],"dipPosition":[-60.8931,103.198,91.4113],"direction":[0.0597821,-0.344204,0.93699],"extended":false,"handId":772,"id":7722,"length":59.782,"mcpPosition":[-49.5405,152.449,74.1175],"pipPosition":[-62.4098,111.931,67.6394],"stabilizedTipPosition":[-57.955,107.105,103.073],"timeVisible":9.40045,"tipPosition":[-58.353,105.58,100.802],"tipVelocity":[2.52322,4.82226,11.2446],"tool":false,"touchDistance":0.554256,"touchZone":"none","type":2,"width":18.3175},{"bases":[[[0.9349,-0.347541,-0.071952],[0.347721,0.93754,-0.0104085],[0.0710752,-0.0152883,0.997354]],[[0.93748,-0.347832,-0.0120172],[0.0471115,0.161034,-0.985824],[0.344836,0.923624,0.167353]],[[0.93748,-0.347832,-0.0120172],[-0.335453,-0.893834,-0.297543],[0.0927539,0.282972,-0.954633]],[[0.93748,-0.347832,-0.0120172],[-0.316576,-0.866566,0.385802],[-0.144608,-0.357878,-0.922503]]],"btipPosition":[-42.2734,110.835,108.323],"carpPosition":[-24.4805,147.785,134.467],"dipPosition":[-44.684,104.869,92.9453],"direction":[-0.0927539,-0.282972,0.954633],"extended":false,"handId":772,"id":7723,"length":57.482,"mcpPosition":[-28.6455,148.681,76.0224],"pipPosition":[-42.3915,111.863,69.3513],"stabilizedTipPosition":[-43.0456,109.255,104.602],"timeVisible":9.40045,"tipPosition":[-42.7749,107.75,103.718],"tipVelocity":[2.07645,5.17488,11.2213],"tool":false,"touchDistance":0.579768,"touchZone":"none","type":3,"width":17.4303},{"bases":[[[0.866452,-0.497074,0.0466799],[0.493803,0.867013,0.0666821],[-0.0736181,-0.0347261,0.996682]],[[0.83164,-0.493274,0.255059],[0.336771,0.0827986,-0.937939],[0.441542,0.865925,0.234979]],[[0.83164,-0.493274,0.255059],[-0.392654,-0.847132,-0.358038],[0.392679,0.197609,-0.898195]],[[0.83164,-0.493274,0.255059],[-0.550215,-0.794047,0.258366],[0.0750836,-0.355206,-0.931768]]],"btipPosition":[-32.3778,115.695,101.904],"carpPosition":[-14.435,139.114,133.38],"dipPosition":[-31.2231,110.233,87.5752],"direction":[-0.392679,-0.197609,0.898195],"extended":false,"handId":772,"id":7724,"length":45.0648,"mcpPosition":[-10.4416,140.998,79.3146],"pipPosition":[-24.3709,113.681,71.9017],"stabilizedTipPosition":[-32.1258,114.194,98.5144],"timeVisible":9.40045,"tipPosition":[-29.9864,111.775,98.1582],"tipVelocity":[-0.66593