{"frames":86,"data":[{"currentFrameRate":112.674,"devices":[],"gestures":[],"hands":[{"armBasis":[[0.741489,0.0461494,-0.669376],[0.242298,0.911894,0.331271],[0.625688,-0.407823,0.664977]],"armWidth":60.8819,"confidence":1,"direction":[-0.189992,0.133791,-0.972627],"elbow":[133.85,36.9885,333.724],"grabAngle":2.63705,"grabStrength":0,"id":772,"palmNormal":[-0.201727,-0.974854,-0.0946921],"palmPosition":[-50.0939,149.825,100.412],"palmVelocity":[9.7316,-4.82263,8.45479],"palmWidth":85.1216,"pinchDistance":50.5615,"pinchStrength":0.236067,"r":[[0.939841,-0.208164,0.270864],[0.311746,0.84686,-0.430863],[-0.139694,0.489384,0.860807]],"s":1.06833,"sphereCenter":[-58.5239,115.357,78.4963],"sphereRadius":43.8733,"stabilizedPalmPosition":[-50.2693,149.912,100.291],"t":[34.1546,-16.4269,-25.51],"timeVisible":7.36259,"type":"right","wrist":[-24.1903,139.999,165.76]}],"id":1353311,"interactionBox":{"center":[0,200,0],"size":[235.247,235.247,147.751]},"pointables":[{"bases":[[[0.529995,0.826329,-0.190486],[-0.608914,0.52718,0.592709],[0.590194,-0.198144,0.782567]],[[0.416382,0.84841,-0.326844],[-0.715278,0.527594,0.458282],[0.561252,0.0429636,0.826529]],[[0.416382,0.84841,-0.326844],[-0.821411,0.505142,0.264793],[0.389756,0.158218,0.907225]],[[0.416382,0.84841,-0.326844],[-0.877936,0.468636,0.0980228],[0.236334,0.246133,0.939981]]],"btipPosition":[-102.884,128.252,70.4107],"carpPosition":[-59.8838,140.21,156.232],"dipPosition":[-97.9494,133.391,90.0378],"direction":[-0.389756,-0.158218,-0.907225],"extended":false,"handId":772,"id":7720,"length":46.4973,"mcpPosition":[-59.8838,140.21,156.232],"pipPosition":[-86.0932,138.204,117.635],"stabilizedTipPosition":[-101.864,129.508,74.8822],"timeVisible":7.36259,"tipPosition":[-92.3895,121.952,74.1714],"tipVelocity":[16.8921,-10.6168,5.87434],"tool":false,"touchDistance":0.32864,"touchZone":"hovering","type":0,"width":19.5255},{"bases":[[[0.915298,-0.153221,-0.372497],[0.147781,0.988072,-0.0433019],[0.374688,-0.0154137,0.927023]],[[0.95406,-0.153958,-0.257033],[0.125965,0.984488,-0.122131],[0.271849,0.0841437,0.958654]],[[0.95406,-0.153958,-0.257033],[0.116117,0.98083,-0.156492],[0.276199,0.119457,0.953648]],[[0.95406,-0.153958,-0.257033],[0.091922,0.966914,-0.237966],[0.285166,0.203407,0.936646]]],"btipPosition":[-97.3568,150.196,11.237],"carpPosition":[-50.846,158.037,146.627],"dipPosition":[-93.0099,153.297,25.5148],"direction":[-0.276199,-0.119457,-0.953648],"extended":true,"handId":772,"id":7721,"length":52.4671,"mcpPosition":[-76.6338,159.098,82.8251],"pipPosition":[-87.0539,155.873,46.0796],"stabilizedTipPosition":[-96.4445,150.972,14.5064],"timeVisible":7.36259,"tipPosition":[-93.0438,146.255,14.9285],"tipVelocity":[20.5964,-16.269,3.01865],"tool":false,"touchDistance":0.309357,"touchZone":"hovering","type":1,"width":18.6507},{"bases":[[[0.91881,-0.320077,-0.230952],[0.308585,0.947365,-0.0852904],[0.246095,0.00709743,0.96922]],[[0.931914,-0.319075,-0.172418],[-0.118136,0.182415,-0.976099],[0.3429,0.930009,0.1323]],[[0.931914,-0.319075,-0.172418],[-0.358758,-0.880729,-0.309208],[-0.0531926,0.350012,-0.935234]],[[0.931914,-0.319075,-0.172418],[-0.237046,-0.895667,0.376285],[-0.274492,-0.309794,-0.91032]]],"btipPosition":[-65.2436,113.73,111.844],"carpPosition":[-40.3871,157.873,141.803],"dipPosition":[-69.8457,108.536,96.5813],"direction":[0.0531926,-0.350012,0.935234],"extended":false,"handId":772,"id":7722,"length":59.782,"mcpPosition":[-56.4493,157.41,78.5434],"pipPosition":[-71.1952,117.416,72.854],"stabilizedTipPosition":[-66.5931,112.745,108.261],"timeVisible":7.36259,"tipPosition":[-66.8523,111.471,107.329],"tipVelocity":[10.5088,-6.57473,8.80405],"tool":false,"touchDistance":0.638888,"touchZone":"none","type":2,"width":18.3175},{"bases":[[[0.919116,-0.386043,-0.0787146],[0.381129,0.92182,-0.0706329],[0.099828,0.0349194,0.994392]],[[0.923448,-0.383254,-0.0189453],[0.0412123,0.148145,-0.988107],[0.381503,0.911685,0.152599]],[[0.923448,-0.383254,-0.0189453],[-0.371197,-0.879704,-0.29721],[0.0972409,0.281491,-0.954624]],[[0.923448,-0.383254,-0.0189453],[-0.344753,-0.850334,0.397589],[-0.168488,-0.360622,-0.917368]]],"btipPosition":[-50.4605,115.671,112.877],"carpPosition":[-29.8082,155.005,138.346],"dipPosition":[-53.2691,109.66,97.5852],"direction":[-0.0972409,-0.281491,0.954624],"extended":false,"handId":772,"id":7723,"length":57.482,"mcpPosition":[-35.6581,152.959,80.0744],"pipPosition":[-50.8658,116.617,73.9914],"stabilizedTipPosition":[-51.3984,114.434,109.218],"timeVisible":7.36259,"tipPosition":[-51.2781,113.545,109.624],"tipVelocity":[10.9847,-4.9721,11.5848],"tool":false,"touchDistance":0.656002,"touchZone":"none","type":3,"width":17.4303},{"bases":[[[0.8488,-0.526376,0.0496643],[0.526758,0.849993,0.00611556],[-0.0454334,0.0209702,0.998747]],[[0.828461,-0.514997,0.22007],[0.305672,0.0865406,-0.948196],[0.469273,0.852812,0.229116]],[[0.828461,-0.514997,0.22007],[-0.422141,-0.832456,-0.358907],[0.368035,0.20444,-0.907058]],[[0.828461,-0.514997,0.22007],[-0.558652,-0.78764,0.259866],[0.0395056,-0.338231,-0.940233]]],"btipPosition":[-39.4904,119.507,106.335],"carpPosition":[-20.1211,145.915,137.453],"dipPosition":[-38.8829,114.306,91.8761],"direction":[-0.368035,-0.20444,0.907058],"extended":false,"handId":772,"id":7724,"length":45.0648,"mcpPosition":[-17.6566,144.777,83.2758],"pipPosition":[-32.4607,117.873,76.0479],"stabilizedTipPosition":[-39.6675,118.431,102.826],"timeVisible":7.36259,"tipPosition":[-38.2107,116.656,103.42],"tipVelocity":[15.9329,-6.94172,14.3632],"tool":false,"touchDistance":0.550162,"touchZone":"none","type":4,"width":15.4829}],"r":[[0.939841,-0.208164,0.270864],[0.311746,0.84686,-0.430863],[-0.139694,0.489384,0.860807]],"s":1.06833,"t":[34.1546,-16.4269,-25.51],"timestamp":747258977156},{"currentFrameRate":112.786,"devices":[],"gestures":[],"hands":[{"armBasis":[[0.740641,0.052115,-0.669877],[0.242255,0.909217,0.338581],[0.626709,-0.413048,0.660778]],"armWidth":60.8819,"confidence":1,"direction":[-0.189443,0.133048,-0.972836],"elbow":[134.186,35.5971,332.688],"grabAngle":2.63653,"grabStrength":0,"id":772,"palmNormal":[-0.200675,-0.97511,-0.0942813],"palmPosition":[-49.9995,149.762,100.448],"palmVelocity":[10.8816,-7.24973,4.05272],"palmWidth":85.1216,"pinchDistance":50.5467,"pinchStrength":0.237208,"r":[[0.939865,-0.207075,0.271614],[0.311183,0.846961,-0.431072],[-0.140782,0.489671,0.860467]],"s":1.06844,"sphereCenter":[-58.3135,115.248,78.5317],"sphereRadius":43.8854,"stabilizedPalmPosition":[-50.193,149.87,100.335],"t":[34.2467,-16.48,-25.4583],"timeVisible":7.37126,"type":"right","wrist":[-24.1117,139.927,165.784]}],"id":1353312,"interactionBox":{"center":[0,200,0],"size":[235.247,235.247,147.751]},"pointables":[{"bases":[[[0.529294,0.826757,-0.190582],[-0.609863,0.5269,0.591983],[0.589844,-0.197104,0.783093]],[[0.41599,0.848629,-0.326775],[-0.716202,0.527173,0.457322],[0.560364,0.0437957,0.827088]],[[0.41599,0.848629,-0.326775],[-0.822449,0.504412,0.262957],[0.387982,0.159368,0.907784]],[[0.41599,0.848629,-0.326775],[-0.878546,0.46781,0.0964893],[0.234752,0.246949,0.940164]]],"btipPosition":[-102.691,128.119,70.3975],"carpPosition":[-59.819,140.169,156.266],"dipPosition":[-97.7891,133.276,90.0284],"direction":[-0.387982,-0.159368,-0.907784],"extended":false,"handId":772,"id":7720,"length":46.4973,"mcpPosition":[-59.819,140.169,156.266],"pipPosition":[-85.9869,138.124,117.643],"stabilizedTipPosition":[-101.706,129.402,74.8982],"timeVisible":7.37126,"tipPosition":[-92.2841,121.86,74.1954],"tipVelocity":[21.4171,-14.7748,-1.42166],"tool":false,"touchDistance":0.328434,"touchZone":"hovering","type":0,"width":19.5255},{"bases":[[[0.915713,-0.152506,-0.371767],[0.146813,0.988196,-0.043758],[0.374052,-0.0145103,0.927294]],[[0.954526,-0.153137,-0.255793],[0.125169,0.984563,-0.122349],[0.27058,0.0847681,0.958958]],[[0.954526,-0.153137,-0.255793],[0.115468,0.980925,-0.156372],[0.27486,0.119726,0.954001]],[[0.954526,-0.153137,-0.255793],[0.0912937,0.966917,-0.238195],[0.283807,0.204011,0.936927]]],"btipPosition":[-97.1613,150.057,11.2247],"carpPosition":[-50.7924,158,146.657],"dipPosition":[-92.8351,153.167,25.5068],"direction":[-0.27486,-0.119726,-0.954001],"extended":true,"handId":772,"id":7721,"length":52.4671,"mcpPosition":[-76.5364,158.998,82.8364],"pipPosition":[-86.9079,155.749,46.0792],"stabilizedTipPosition":[-96.2574,150.838,14.5085],"timeVisible":7.37126,"tipPosition":[-92.8955,146.114,14.9342],"tipVelocity":[22.0042,-15.7375,-1.30275],"tool":false,"touchDistance":0.309169,"touchZone":"hovering","type":1,"width":18.6507},{"bases":[[[0.919295,-0.319278,-0.230125],[0.307688,0.947628,-0.0856106],[0.245407,0.00789471,0.969388]],[[0.932357,-0.31823,-0.171583],[-0.117391,0.182406,-0.97619],[0.341951,0.9303,0.13271]],[[0.932357,-0.31823,-0.171583],[-0.357676,-0.8811,-0.309405],[-0.0527194,0.349846,-0.935323]],[[0.932357,-0.31823,-0.171583],[-0.236569,-0.895879,0.37608],[-0.273397,-0.310049,-0.910562]]],"btipPosition":[-65.1311,113.644,111.859],"carpPosition":[-40.33,157.843,141.84],"dipPosition":[-69.7148,108.446,96.5923],"direction":[0.0527194,-0.349846,0.935323],"extended":false,"handId":772,"id":7722,"length":59.782,"mcpPosition":[-56.3472,157.328,78.5698],"pipPosition":[-71.0524,117.322,72.8628],"stabilizedTipPosition":[-66.4816,112.664,108.284],"timeVisible":7.37126,"tipPosition":[-66.7228,111.398,107.376],"tipVelocity":[13.4629,-9.99738,1.63108],"tool":false,"touchDistance":0.639124,"touchZone":"none","type":2,"width":18.3175},{"bases":[[[0.919561,-0.385158,-0.0778505],[0.380247,0.922164,-0.0708876],[0.0990939,0.035583,0.994442]],[[0.923848,-0.382332,-0.0180797],[0.0419491,0.148088,-0.988084],[0.380453,0.912081,0.15285]],[[0.923848,-0.382332,-0.0180797],[-0.370083,-0.880202,-0.297124],[0.0976862,0.281189,-0.954668]],[[0.923848,-0.382332,-0.0180797],[-0.344324,-0.850782,0.397003],[-0.167169,-0.360546,-0.917639]]],"btipPosition":[-50.3461,115.602,112.916],"carpPosition":[-29.7458,154.984,138.392],"dipPosition":[-53.1328,109.592,97.6198],"direction":[-0.0976862,-0.281189,0.954668],"extended":false,"handId":772,"id":7723,"length":57.482,"mcpPosition":[-35.5527,152.899,80.1179],"pipPosition":[-50.7184,116.541,74.0249],"stabilizedTipPosition":[-51.2965,114.381,109.262],"timeVisible":7.37126,"tipPosition":[-51.1534,113.488,109.678],"tipVelocity":[13.7677,-7.97026,4.39266],"tool":false,"touchDistance":0.656636,"touchZone":"none","type":3,"width":17.4303},{"bases":[[[0.849296,-0.52549,0.0505585],[0.525895,0.850529,0.00600373],[-0.0461564,0.0214895,0.998703]],[[0.829176,-0.514239,0.219147],[0.304868,0.0874226,-0.948374],[0.468532,0.85318,0.229264]],[[0.829176,-0.514239,0.219147],[-0.421571,-0.832725,-0.358952],[0.367076,0.205248,-0.907264]],[[0.829176,-0.514239,0.219147],[-0.557611,-0.788417,0.259747],[0.0392068,-0.337575,-0.940482]]],"btipPosition":[-39.3342,119.432,106.399],"carpPosition":[-20.0489,145.903,137.512],"dipPosition":[-38.7313,114.241,91.9358],"direction":[-0.367076,-0.205248,0.907264],"extended":false,"handId":772,"id":7724,"length":45.0648,"mcpPosition":[-17.5451,144.737,83.3365],"pipPosition":[-32.3258,117.822,76.104],"stabilizedTipPosition":[-39.5363,118.377,102.894],"timeVisible":7.37126,"tipPosition":[-38.0877,116.611,103.481],"tipVelocity":[17.8877,-8.44755,7.22609],"tool":false,"touchDistance":0.551206,"touchZone":"none","type":4,"width":15.4829}],"r":[[0.939865,-0.207075,0.271614],[0.311183,0.846961,-0.431072],[-0.140782,0.489671,0.860467]],"s":1.06844,"t":[34.2467,-16.48,-25.4583],"timestamp":747258985828},{"currentFrameRate":112.811,"devices":[],"gestures":[],"hands":[{"armBasis":[[0.739918,0.0584914,-0.670149],[0.242132,0.906284,0.346442],[0.627609,-0.418603,0.656413]],"armWidth":60.8819,"confidence":1,"direction":[-0.188604,0.133482,-0.972939],"elbow":[134.491,34.0681,331.591],"grabAngle":2.63637,"grabStrength":0,"id":772,"palmNormal":[-0.199727,-0.975228,-0.095079],"palmPosition":[-49.888,149.72,100.467],"palmVelocity":[12.6437,-4.75756,2.18208],"palmWidth":85.1216,"pinchDistance":50.5335,"pinchStrength":0.237798,"r":[[0.939866,-0.206072,0.272373],[0.310668,0.847149,-0.431073],[-0.141908,0.489769,0.860226]],"s":1.06848,"sphereCenter":[-58.0777,115.178,78.5074],"sphereRadius":43.9031,"stabilizedPalmPosition":[-50.1047,149.826,100.373],"t":[34.3485,-16.5275,-25.4228],"timeVisible":7.38008,"type":"right","wrist":[-24.0346,139.801,165.79]}],"id":1353313,"interactionBox":{"center":[0,200,0],"size":[235.247,235.247,147.751]},"pointables":[{"bases":[[[0.528755,0.827338,-0.189552],[-0.610907,0.526,0.591707],[0.589246,-0.197069,0.783551]],[[0.415785,0.849179,-0.325604],[-0.71702,0.526315,0.457027],[0.559468,0.0434394,0.827713]],[[0.415785,0.849179,-0.325604],[-0.823352,0.50353,0.26182],[0.386283,0.159226,0.908533]],[[0.415785,0.849179,-0.325604],[-0.879098,0.467003,0.0953713],[0.233045,0.246584,0.940684]]],"btipPosition":[-102.497,128.063,70.3383],"carpPosition":[-59.7539,140.084,156.27],"dipPosition":[-97.6306,133.212,89.98],"direction":[-0.386283,-0.159226,-0.908533],"extended":false,"handId":772,"id":7720,"length":46.4973,"mcpPosition":[-59.7539,140.084,156.27],"pipPosition":[-85.88,138.055,117.617],"stabilizedTipPosition":[-101.538,129.323,74.8766],"timeVisible":7.38008,"tipPosition":[-92.1446,121.816,74.1576],"tipVelocity":[21.0906,-6.59053,-6.42783],"tool":false,"touchDistance":0.327489,"touchZone":"hovering","type":0,"width":19.5255},{"bases":[[[0.916212,-0.151474,-0.37096],[0.145988,0.988351,-0.0430052],[0.373153,-0.0147539,0.927653]],[[0.955052,-0.15214,-0.25442],[0.124457,0.984737,-0.121668],[0.269047,0.0845352,0.95941]],[[0.955052,-0.15214,-0.25442],[0.114833,0.981118,-0.155632],[0.273293,0.119421,0.954489]],[[0.955052,-0.15214,-0.25442],[0.0907415,0.967095,-0.237682],[0.282209,0.203912,0.937432]]],"btipPosition":[-96.9236,150.02,11.188],"carpPosition":[-50.7335,157.928,146.681],"dipPosition":[-92.6217,153.128,25.4778],"direction":[-0.273293,-0.119421,-0.954489],"extended":true,"handId":772,"id":7721,"length":52.4671,"mcpPosition":[-76.4157,158.944,82.8352],"pipPosition":[-86.7283,155.704,46.0608],"stabilizedTipPosition":[-96.0422,150.769,14.486],"timeVisible":7.38008,"tipPosition":[-92.7051,146.099,14.908],"tipVelocity":[26.3109,-4.27748,-3.95955],"tool":false,"touchDistance":0.308587,"touchZone":"hovering","type":1,"width":18.6507},{"bases":[[[0.919801,-0.31833,-0.229417],[0.30694,0.94795,-0.0847245],[0.244446,0.0075123,0.969634]],[[0.932804,-0.317307,-0.170861],[-0.116444,0.183305,-0.976135],[0.341054,0.930438,0.134039]],[[0.932804,-0.317307,-0.170861],[-0.35661,-0.881142,-0.310514],[-0.0520248,0.350579,-0.935087]],[[0.932804,-0.317307,-0.170861],[-0.23624,-0.896417,0.375003],[-0.272154,-0.30944,-0.911142]]],"btipPosition":[-65.0046,113.576,111.823],"carpPosition":[-40.2662,157.784,141.874],"dipPosition":[-69.5675,108.388,96.5469],"direction":[0.0520248,-0.350579,0.935087],"extended":false,"handId":772,"id":7722,"length":59.782,"mcpPosition":[-56.2208,157.294,78.5874],"pipPosition":[-70.8874,117.282,72.8233],"stabilizedTipPosition":[-66.3656,112.588,108.291],"timeVisible":7.38008,"tipPosition":[-66.5837,111.338,107.356],"tipVelocity":[14.886,-7.53776,-4.30295],"tool":false,"touchDistance":0.638492,"touchZone":"none","type":2,"width":18.3175},{"bases":[[[0.919975,-0.384304,-0.077183],[0.379507,0.922541,-0.0699458],[0.0980849,0.0350568,0.99456]],[[0.924201,-0.38151,-0.0174063],[0.0428761,0.14894,-0.987916],[0.379492,0.912287,0.154008]],[[0.924201,-0.38151,-0.0174063],[-0.369029,-0.880373,-0.297928],[0.0983385,0.281769,-0.95443]],[[0.924201,-0.38151,-0.0174063],[-0.344052,-0.851512,0.39567],[-0.165774,-0.35969,-0.918228]]],"btipPosition":[-50.2185,115.548,112.91],"carpPosition":[-29.6762,154.937,138.435],"dipPosition":[-52.9819,109.552,97.6031],"direction":[-0.0983385,-0.281769,0.95443],"extended":false,"handId":772,"id":7723,"length":57.482,"mcpPosition":[-35.4239,152.882,80.1533],"pipPosition":[-50.5514,116.516,74.0142],"stabilizedTipPosition":[-51.1848,114.327,109.294],"timeVisible":7.38008,"tipPosition":[-51.019,113.439,109.674],"tipVelocity":[15.0799,-5.69921,-1.03137],"tool":false,"touchDistance":0.656485,"touchZone":"none","type":3,"width":17.4303},{"bases":[[[0.849707,-0.524776,0.0510704],[0.525142,0.850986,0.00704465],[-0.0471571,0.0208333,0.99867]],[[0.829611,-0.513761,0.218619],[0.30485,0.0887577,-0.948256],[0.467773,0.85333,0.230255]],[[0.829611,-0.513761,0.218619],[-0.420874,-0.832717,-0.359788],[0.366893,0.206473,-0.90706]],[[0.829611,-0.513761,0.218619],[-0.556938,-0.7892,0.258812],[0.0395666,-0.33647,-0.940862]]],"btipPosition":[-39.1799,119.386,106.418],"carpPosition":[-19.9704,145.864,137.558],"dipPosition":[-38.5714,114.211,91.9491],"direction":[-0.366893,-0.206473,0.90706],"extended":false,"handId":772,"id":7724,"length":45.0648,"mcpPosition":[-17.4124,144.734,83.3846],"pipPosition":[-32.1691,117.814,76.1208],"stabilizedTipPosition":[-39.3968,118.326,102.949],"timeVisible":7.38008,"tipPosition":[-37.9517,116.58,103.491],"tipVelocity":[17.642,-4.77603,2.01474],"tool":false,"touchDistance":0.551502,"touchZone":"none","type":4,"width":15.4829}],"r":[[0.939866,-0.206072,0.272373],[0.310668,0.847149,-0.431073],[-0.141908,0.489769,0.860226]],"s":1.06848,"t":[34.3485,-16.5275,-25.4228],"timestamp":747258994648},{"currentFrameRate":113.027,"devices":[],"gestures":[],"hands":[{"armBasis":[[0.739052,0.0633255,-0.670666],[0.24326,0.903307,0.353357],[0.628193,-0.424295,0.652186]],"armWidth":60.8819,"confidence":1,"direction":[-0.18786,0.132043,-0.97328],"elbow":[134.728,32.5642,330.54],"grabAngle":2.636,"grabStrength":0,"id":772,"palmNormal":[-0.199918,-0.975319,-0.0937321],"palmPosition":[-49.7706,149.637,100.487],"palmVelocity":[13.8521,-9.83524,2.36029],"palmWidth":85.1216,"pinchDistance":50.5206,"pinchStrength":0.2384,"r":[[0.939814,-0.205236,0.27318],[0.310365,0.84715,-0.431289],[-0.142908,0.490117,0.859862]],"s":1.06846,"sphereCenter":[-57.8846,115.029,78.56],"sphereRadius":43.9209,"stabilizedPalmPosition":[-50.0108,149.773,100.405],"t":[34.458,-16.5929,-25.3951],"timeVisible":7.38855,"type":"right","wrist":[-23.9452,139.735,165.807]}],"id":1353314,"interactionBox":{"center":[0,200,0],"size":[235.247,235.247,147.751]},"pointables":[{"bases":[[[0.529114,0.826906,-0.190433],[-0.611197,0.527067,0.590457],[0.588623,-0.196027,0.784281]],[[0.416473,0.848554,-0.326354],[-0.717083,0.527262,0.455837],[0.558877,0.0441793,0.828073]],[[0.416473,0.848554,-0.326354],[-0.82356,0.504172,0.259922],[0.385097,0.160522,0.908809]],[[0.416473,0.848554,-0.326354],[-0.879097,0.467397,0.0934307],[0.231818,0.247986,0.940619]]],"btipPosition":[-102.333,127.965,70.3419],"carpPosition":[-59.6797,140.089,156.297],"dipPosition":[-97.4927,133.143,89.9823],"direction":[-0.385097,-0.160522,-0.908809],"extended":false,"handId":772,"id":7720,"length":46.4973,"mcpPosition":[-59.6797,140.089,156.297],"pipPosition":[-85.7782,138.026,117.628],"stabilizedTipPosition":[-101.382,129.241,74.8681],"timeVisible":7.38855,"tipPosition":[-92.0361,121.72,74.1911],"tipVelocity":[18.6044,-10.8395,0.392269],"tool":false,"touchDistance":0.327545,"touchZone":"hovering","type":0,"width":19.5255},{"bases":[[[0.916441,-0.152285,-0.370061],[0.146284,0.988245,-0.0444111],[0.372474,-0.0134337,0.927945]],[[0.955333,-0.152781,-0.252974],[0.124831,0.984504,-0.123167],[0.267872,0.0860867,0.959601]],[[0.955333,-0.152781,-0.252974],[0.115314,0.980858,-0.156906],[0.272104,0.120726,0.954665]],[[0.955333,-0.152781,-0.252974],[0.0912991,0.966706,-0.239047],[0.281074,0.205273,0.937476]]],"btipPosition":[-96.7029,149.808,11.1629],"carpPosition":[-50.6476,157.916,146.687],"dipPosition":[-92.4184,152.937,25.4533],"direction":[-0.272104,-0.120726,-0.954665],"extended":true,"handId":772,"id":7721,"length":52.4671,"mcpPosition":[-76.283,158.841,82.8218],"pipPosition":[-86.5506,155.541,46.04],"stabilizedTipPosition":[-95.8345,150.615,14.4627],"timeVisible":7.38855,"tipPosition":[-92.5345,145.908,14.9013],"tipVelocity":[25.5739,-24.413,-2.95309],"tool":false,"touchDistance":0.30817,"touchZone":"hovering","type":1,"width":18.6507},{"bases":[[[0.919882,-0.318926,-0.22826],[0.307255,0.947738,-0.0859513],[0.243743,0.00893101,0.969799]],[[0.932843,-0.317816,-0.169696],[-0.115502,0.182342,-0.976428],[0.341267,0.930454,0.133388]],[[0.932843,-0.317816,-0.169696],[-0.356641,-0.881371,-0.309826],[-0.0510977,0.34954,-0.935527]],[[0.932843,-0.317816,-0.169696],[-0.236899,-0.895947,0.375711],[-0.271446,-0.310278,-0.911068]]],"btipPosition":[-64.9138,113.5,111.865],"carpPosition":[-40.1769,157.762,141.888],"dipPosition":[-69.4649,108.298,96.5899],"direction":[0.0510977,-0.34954,0.935527],"extended":false,"handId":772,"id":7722,"length":59.782,"mcpPosition":[-56.0855,157.179,78.5913],"pipPosition":[-70.7612,117.166,72.8551],"stabilizedTipPosition":[-66.2637,112.516,108.306],"timeVisible":7.38855,"tipPosition":[-66.4807,111.272,107.425],"tipVelocity":[11.0337,-9.27718,4.9627],"tool":false,"touchDistance":0.639192,"touchZone":"none","type":2,"width":18.3175},{"bases":[[[0.919928,-0.384666,-0.0759251],[0.379805,0.922332,-0.0710809],[0.0973706,0.0365526,0.994577]],[[0.924111,-0.381782,-0.0161497],[0.0437688,0.147739,-0.988057],[0.379609,0.912368,0.153237]],[[0.924111,-0.381782,-0.0161497],[-0.369042,-0.880715,-0.296899],[0.0991276,0.280328,-0.954772]],[[0.924111,-0.381782,-0.0161497],[-0.344676,-0.851051,0.396121],[-0.164976,-0.360493,-0.918056]]],"btipPosition":[-50.1229,115.476,112.972],"carpPosition":[-29.585,154.906,138.461],"dipPosition":[-52.873,109.466,97.6681],"direction":[-0.0991276,-0.280328,0.954772],"extended":false,"handId":772,"id":7723,"length":57.482,"mcpPosition":[-35.2909,152.764,80.179],"pipPosition":[-50.423,116.395,74.0706],"stabilizedTipPosition":[-51.0876,114.274,109.33],"timeVisible":7.38855,"tipPosition":[-50.9179,113.371,109.748],"tipVelocity":[11.6387,-8.92168,7.40186],"tool":false,"touchDistance":0.65753,"touchZone":"none","type":3,"width":17.4303},{"bases":[[[0.84953,-0.524923,0.0524919],[0.525364,0.850856,0.00612491],[-0.0478782,0.0223741,0.998603]],[[0.829463,-0.513733,0.219249],[0.304993,0.0877201,-0.948306],[0.467944,0.853454,0.229445]],[[0.829463,-0.513733,0.219249],[-0.4211,-0.833028,-0.358803],[0.36697,0.205288,-0.907298]],[[0.829463,-0.513733,0.219249],[-0.557153,-0.78883,0.259475],[0.0396498,-0.33738,-0.940533]]],"btipPosition":[-39.0595,119.298,106.494],"carpPosition":[-19.8811,145.83,137.606],"dipPosition":[-38.4497,114.11,92.03],"direction":[-0.36697,-0.205288,0.907298],"extended":false,"handId":772,"id":7724,"length":45.0648,"mcpPosition":[-17.2839,144.616,83.4359],"pipPosition":[-32.0461,117.692,76.1976],"stabilizedTipPosition":[-39.2768,118.271,103.004],"timeVisible":7.38855,"tipPosition":[-37.8466,116.5,103.57],"tipVelocity":[14.2514,-10.691,9.09645],"tool":false,"touchDistance":0.552787,"touchZone":"none","type":4,"width":15.4829}],"r":[[0.939814,-0.205236,0.27318],[0.310365,0.84715,-0.431289],[-0.142908,0.490117,0.859862]],"s":1.06846,"t":[34.458,-16.5929,-25.3951],"timestamp":747259003121},{"currentFrameRate":113.102,"devices":[],"gestures":[],"hands":[{"armBasis":[[0.738215,0.0678814,-0.671142],[0.244692,0.900213,0.360197],[0.628621,-0.430125,0.647941]],"armWidth":60.8819,"confidence":1,"direction":[-0.186877,0.131383,-0.973558],"elbow":[134.895,30.9934,329.44],"grabAngle":2.63598,"grabStrength":0,"id":772,"palmNormal":[-0.200632,-0.975233,-0.0930972],"palmPosition":[-49.6684,149.574,100.463],"palmVelocity":[11.7358,-7.1927,-2.70294],"palmWidth":85.1216,"pinchDistance":50.4968,"pinchStrength":0.238886,"r":[[0.93969,-0.204675,0.274028],[0.310338,0.847029,-0.431547],[-0.143783,0.490562,0.859462]],"s":1.0684,"sphereCenter":[-57.7344,114.922,78.5483],"sphereRadius":43.9352,"stabilizedPalmPosition":[-49.9131,149.716,100.422],"t":[34.5639,-16.657,-25.393],"timeVisible":7.39727,"type":"right","wrist":[-23.8857,139.637,165.779]}],"id":1353315,"interactionBox":{"center":[0,200,0],"size":[235.247,235.247,147.751]},"pointables":[{"bases":[[[0.529962,0.826314,-0.190648],[-0.611295,0.52806,0.589466],[0.587758,-0.195853,0.784973]],[[0.417734,0.847921,-0.326388],[-0.716933,0.528296,0.454875],[0.558127,0.0439813,0.828589]],[[0.417734,0.847921,-0.326388],[-0.823535,0.505103,0.258188],[0.383782,0.160938,0.909291]],[[0.417734,0.847921,-0.326388],[-0.878868,0.468205,0.091511],[0.230411,0.248625,0.940796]]],"btipPosition":[-102.184,127.94,70.2749],"carpPosition":[-59.6354,140.081,156.273],"dipPosition":[-97.3734,133.131,89.919],"direction":[-0.383782,-0.160938,-0.909291],"extended":false,"handId":772,"id":7720,"length":46.4973,"mcpPosition":[-59.6354,140.081,156.273],"pipPosition":[-85.6989,138.027,117.579],"stabilizedTipPosition":[-101.242,129.191,74.8334],"timeVisible":7.39727,"tipPosition":[-91.9583,121.69,74.1546],"tipVelocity":[16.2895,-2.47598,-7.59249],"tool":false,"touchDistance":0.326442,"touchZone":"hovering","type":0,"width":19.5255},{"bases":[[[0.916648,-0.153344,-0.369109],[0.147133,0.988088,-0.0451049],[0.371629,-0.0129628,0.928291]],[[0.955531,-0.153771,-0.251625],[0.125705,0.98427,-0.12414],[0.266756,0.0869895,0.95983]],[[0.955531,-0.153771,-0.251625],[0.116265,0.98061,-0.157752],[0.271003,0.121482,0.954882]],[[0.955531,-0.153771,-0.251625],[0.0922801,0.966347,-0.240119],[0.28008,0.206221,0.937565]]],"btipPosition":[-96.4956,149.687,11.093],"carpPosition":[-50.5801,157.893,146.656],"dipPosition":[-92.2262,152.831,25.3847],"direction":[-0.271003,-0.121482,-0.954882],"extended":true,"handId":772,"id":7721,"length":52.4671,"mcpPosition":[-76.1573,158.785,82.7668],"pipPosition":[-86.3822,155.45,45.9762],"stabilizedTipPosition":[-95.6353,150.488,14.4114],"timeVisible":7.39727,"tipPosition":[-92.365,145.818,14.8415],"tipVelocity":[23.3986,-13.5183,-7.98741],"tool":false,"touchDistance":0.30701,"touchZone":"hovering","type":1,"width":18.6507},{"bases":[[[0.919826,-0.319869,-0.227167],[0.308108,0.947414,-0.0864665],[0.242879,0.00954221,0.97001]],[[0.932735,-0.318721,-0.168592],[-0.114361,0.181932,-0.976638],[0.341947,0.930225,0.133245]],[[0.932735,-0.318721,-0.168592],[-0.357095,-0.881262,-0.309614],[-0.0498933,0.348991,-0.935797]],[[0.932735,-0.318721,-0.168592],[-0.238013,-0.895487,0.376103],[-0.270844,-0.310677,-0.911111]]],"btipPosition":[-64.8556,113.455,111.843],"carpPosition":[-40.1052,157.726,141.867],"dipPosition":[-69.3966,108.246,96.5674],"direction":[0.0498933,-0.348991,0.935797],"extended":false,"handId":772,"id":7722,"length":59.782,"mcpPosition":[-55.9574,157.103,78.5558],"pipPosition":[-70.6624,117.1,72.8258],"stabilizedTipPosition":[-66.1729,112.451,108.312],"timeVisible":7.39727,"tipPosition":[-66.4155,111.23,107.419],"tipVelocity":[6.94645,-5.38077,-2.52051],"tool":false,"touchDistance":0.638826,"touchZone":"none","type":2,"width":18.3175},{"bases":[[[0.91968,-0.385482,-0.0747767],[0.380624,0.921961,-0.0715097],[0.0965069,0.0373043,0.994633]],[[0.923812,-0.382551,-0.015],[0.0448668,0.147091,-0.988105],[0.380207,0.912151,0.153049]],[[0.923812,-0.382551,-0.015],[-0.369508,-0.880693,-0.296386],[0.100172,0.279348,-0.95495]],[[0.923812,-0.382551,-0.015],[-0.345786,-0.850563,0.3962],[-0.164325,-0.360828,-0.918042]]],"btipPosition":[-50.0604,115.423,112.97],"carpPosition":[-29.5126,154.858,138.451],"dipPosition":[-52.7997,109.408,97.6668],"direction":[-0.100172,-0.279348,0.95495],"extended":false,"handId":772,"id":7723,"length":57.482,"mcpPosition":[-35.1679,152.672,80.1659],"pipPosition":[-50.3239,116.312,74.065],"stabilizedTipPosition":[-50.9954,114.22,109.358],"timeVisible":7.39727,"tipPosition":[-50.8536,113.317,109.754],"tipVelocity":[7.46106,-6.23098,-0.160861],"tool":false,"touchDistance":0.657507,"touchZone":"none","type":3,"width":17.4303},{"bases":[[[0.849052,-0.525574,0.0536941],[0.526055,0.85043,0.00588669],[-0.0487569,0.0232479,0.99854]],[[0.82897,-0.514301,0.219782],[0.305393,0.0870221,-0.948242],[0.468556,0.853183,0.229203]],[[0.82897,-0.514301,0.219782],[-0.421761,-0.832918,-0.358281],[0.367325,0.204309,-0.907376]],[[0.82897,-0.514301,0.219782],[-0.557887,-0.788221,0.259751],[0.0396465,-0.337939,-0.940333]]],"btipPosition":[-38.9715,119.229,106.51],"carpPosition":[-19.8153,145.774,137.612],"dipPosition":[-38.3618,114.032,92.0489],"direction":[-0.367325,-0.204309,0.907376],"extended":false,"handId":772,"id":7724,"length":45.0648,"mcpPosition":[-17.1705,144.513,83.4458],"pipPosition":[-31.952,117.597,76.2152],"stabilizedTipPosition":[-39.1633,118.21,103.05],"timeVisible":7.39727,"tipPosition":[-37.7753,116.432,103.584],"tipVelocity":[10.0967,-8.17884,1.89428],"tool":false,"touchDistance":0.553062,"touchZone":"none","type":4,"width":15.4829}],"r":[[0.93969,-0.204675,0.274028],[0.310338,0.847029,-0.431547],[-0.143783,0.490562,0.859462]],"s":1.0684,"t":[34.5639,-16.657,-25.393],"timestamp":747259011833},{"currentFrameRate":113.235,"devices":[],"gestures":[],"hands":[{"armBasis":[[0.738175,0.0741267,-0.670524],[0.244538,0.896943,0.368367],[0.628728,-0.435888,0.643974]],"armWidth":60.8819,"confidence":1,"direction":[-0.186605,0.131369,-0.973612],"elbow":[134.998,29.4599,328.42],"grabAngle":2.63591,"grabStrength":0,"id":772,"palmNormal":[-0.199443,-0.975449,-0.0933911],"palmPosition":[-49.5819,149.553,100.465],"palmVelocity":[10.0513,-2.4867,0.193262],"palmWidth":85.1216,"pinchDistance":50.474,"pinchStrength":0.239674,"r":[[0.939613,-0.204016,0.27478],[0.310156,0.847022,-0.431691],[-0.144673,0.490847,0.85915]],"s":1.06829,"sphereCenter":[-57.5473,114.874,78.5317],"sphereRadius":43.9431,"stabilizedPalmPosition":[-49.8198,149.67,100.434],"t":[34.6601,-16.6997,-25.3911],"timeVisible":7.40587,"type":"right","wrist":[-23.8097,139.559,165.761]}],"id":1353316,"interactionBox":{"center":[0,200,0],"size":[235.247,235.247,147.751]},"pointables":[{"bases":[[[0.529071,0.826978,-0.190241],[-0.612175,0.527215,0.58931],[0.587644,-0.195326,0.785189]],[[0.417124,0.848464,-0.325754],[-0.717853,0.527398,0.454465],[0.5574,0.0442749,0.829063]],[[0.417124,0.848464,-0.325754],[-0.824539,0.504049,0.25704],[0.382285,0.161379,0.909843]],[[0.417124,0.848464,-0.325754],[-0.879531,0.467152,0.0905216],[0.228981,0.248752,0.941111]]],"btipPosition":[-102.002,127.865,70.2247],"carpPosition":[-59.5622,140.036,156.268],"dipPosition":[-97.2207,133.059,89.8754],"direction":[-0.382285,-0.161379,-0.909843],"extended":false,"handId":772,"id":7720,"length":46.4973,"mcpPosition":[-59.5622,140.036,156.268],"pipPosition":[-85.5918,137.968,117.552],"stabilizedTipPosition":[-101.092,129.133,74.7941],"timeVisible":7.40587,"tipPosition":[-91.8628,121.654,74.1342],"tipVelocity":[20.4222,-8.61615,-5.66323],"tool":false,"touchDistance":0.32563,"touchZone":"hovering","type":0,"width":19.5255},{"bases":[[[0.91699,-0.152186,-0.36874],[0.145988,0.98827,-0.0448317],[0.371237,-0.0127214,0.928451]],[[0.955911,-0.15259,-0.250898],[0.124642,0.984444,-0.123834],[0.265891,0.0871023,0.96006]],[[0.955911,-0.15259,-0.250898],[0.115243,0.980785,-0.157419],[0.270097,0.121565,0.955128]],[[0.955911,-0.15259,-0.250898],[0.0912362,0.966437,-0.240157],[0.279122,0.206678,0.93775]]],"btipPosition":[-96.3449,149.625,11.068],"carpPosition":[-50.5237,157.86,146.659],"dipPosition":[-92.0901,152.776,25.3626],"direction":[-0.270097,-0.121565,-0.955128],"extended":true,"handId":772,"id":7721,"length":52.4671,"mcpPosition":[-76.0739,158.736,82.7588],"pipPosition":[-86.2656,155.397,45.9594],"stabilizedTipPosition":[-95.4741,150.405,14.3781],"timeVisible":7.40587,"tipPosition":[-92.2418,145.772,14.8229],"tipVelocity":[17.1283,-7.01405,-2.82472],"tool":false,"touchDistance":0.306605,"touchZone":"hovering","type":1,"width":18.6507},{"bases":[[[0.920301,-0.318737,-0.226831],[0.30703,0.947794,-0.0861313],[0.242442,0.00962304,0.970118]],[[0.933183,-0.317586,-0.16825],[-0.114045,0.182281,-0.97661],[0.340827,0.930544,0.133883]],[[0.933183,-0.317586,-0.16825],[-0.355925,-0.881588,-0.310032],[-0.0498656,0.349201,-0.93572]],[[0.933183,-0.317586,-0.16825],[-0.23716,-0.89589,0.375682],[-0.270045,-0.310678,-0.911348]]],"btipPosition":[-64.7343,113.412,111.818],"carpPosition":[-40.0465,157.707,141.874],"dipPosition":[-69.2619,108.203,96.5385],"direction":[0.0498656,-0.349201,0.93572],"extended":false,"handId":772,"id":7722,"length":59.782,"mcpPosition":[-55.8702,157.079,78.5563],"pipPosition":[-70.527,117.062,72.7988],"stabilizedTipPosition":[-66.0767,112.394,108.31],"timeVisible":7.40587,"tipPosition":[-66.2865,111.188,107.406],"tipVelocity":[14.4583,-5.02427,-3.00258],"tool":false,"touchDistance":0.638396,"touchZone":"none","type":2,"width":18.3175},{"bases":[[[0.920167,-0.384383,-0.0744547],[0.379569,0.922424,-0.0711481],[0.0960268,0.0372074,0.994683]],[[0.924269,-0.38146,-0.0146755],[0.0452209,0.14758,-0.988016],[0.379054,0.912529,0.153654]],[[0.924269,-0.38146,-0.0146755],[-0.368352,-0.881098,-0.296618],[0.100217,0.279561,-0.954883]],[[0.924269,-0.38146,-0.0146755],[-0.345028,-0.851211,0.395469],[-0.163347,-0.360456,-0.918362]]],"btipPosition":[-49.9402,115.396,112.958],"carpPosition":[-29.449,154.853,138.463],"dipPosition":[-52.6631,109.387,97.6497],"direction":[-0.100217,-0.279561,0.954883],"extended":false,"handId":772,"id":7723,"length":57.482,"mcpPosition":[-35.0762,152.672,80.1746],"pipPosition":[-50.1862,116.297,74.0496],"stabilizedTipPosition":[-50.8977,114.173,109.376],"timeVisible":7.40587,"tipPosition":[-50.7284,113.293,109.747],"tipVelocity":[14.4162,-2.92069,-1.50919],"tool":false,"touchDistance":0.65729,"touchZone":"none","type":3,"width":17.4303},{"bases":[[[0.849647,-0.524585,0.0539555],[0.52505,0.851048,0.00629696],[-0.049222,0.0229792,0.998523]],[[0.829642,-0.513465,0.2192],[0.305047,0.0880727,-0.948256],[0.467591,0.853579,0.2297]],[[0.829642,-0.513465,0.2192],[-0.42097,-0.83323,-0.358487],[0.366714,0.205139,-0.907435]],[[0.829642,-0.513465,0.2192],[-0.556879,-0.789046,0.259407],[0.0397621,-0.337283,-0.940563]]],"btipPosition":[-38.8323,119.213,106.513],"carpPosition":[-19.7407,145.78,137.626],"dipPosition":[-38.2208,114.026,92.0491],"direction":[-0.366714,-0.205139,0.907435],"extended":false,"handId":772,"id":7724,"length":45.0648,"mcpPosition":[-17.0706,144.533,83.4607],"pipPosition":[-31.8217,117.605,76.2143],"stabilizedTipPosition":[-39.0453,118.163,103.084],"timeVisible":7.40587,"tipPosition":[-37.6524,116.426,103.584],"tipVelocity":[16.2267,-1.65367,0.341384],"tool":false,"touchDistance":0.553111,"touchZone":"none","type":4,"width":15.4829}],"r":[[0.939613,-0.204016,0.27478],[0.310156,0.847022,-0.431691],[-0.144673,0.490847,0.85915]],"s":1.06829,"t":[34.6601,-16.6997,-25.3911],"timestamp":747259020435},{"currentFrameRate":112.481,"devices":[],"gestures":[],"hands":[{"armBasis":[[0.738392,0.0808822,-0.669504],[0.244182,0.893348,0.377232],[0.628611,-0.442026,0.639891]],"armWidth":60.8819,"confidence":1,"direction":[-0.184838,0.129824,-0.974156],"elbow":[134.957,27.912,327.403],"grabAngle":2.63562,"grabStrength":0,"id":772,"palmNormal":[-0.198276,-0.975779,-0.0924193],"palmPosition":[-49.495,149.527,100.456],"palmVelocity":[8.52169,-2.459,-0.881772],"palmWidth":85.1216,"pinchDistance":50.449,"pinchStrength":0.239948,"r":[[0.939485,-0.203222,0.275805],[0.310007,0.846959,-0.431921],[-0.145819,0.491285,0.858706]],"s":1.06819,"sphereCenter":[-57.3307,114.777,78.5454],"sphereRadius":43.9594,"stabilizedPalmPosition":[-49.7157,149.624,100.441],"t":[34.7517,-16.7336,-25.3947],"timeVisible":7.41607,"type":"right","wrist":[-23.8215,139.562,165.776]}],"id":1353317,"interactionBox":{"center":[0,200,0],"size":[235.247,235.247,147.751]},"pointables":[{"bases":[[[0.528607,0.827246,-0.190362],[-0.613854,0.527416,0.58738],[0.586308,-0.193638,0.786605]],[[0.41726,0.848407,-0.325729],[-0.719062,0.527395,0.452554],[0.555738,0.0453871,0.830118]],[[0.41726,0.848407,-0.325729],[-0.825598,0.503688,0.254334],[0.379844,0.162798,0.910612]],[[0.41726,0.848407,-0.325729],[-0.880117,0.466567,0.0878072],[0.226471,0.250041,0.941377]]],"btipPosition":[-101.81,127.786,70.1312],"carpPosition":[-59.5745,140.078,156.253],"dipPosition":[-97.0811,133.007,89.7874],"direction":[-0.379844,-0.162798,-0.910612],"extended":false,"handId":772,"id":7720,"length":46.4973,"mcpPosition":[-59.5745,140.078,156.253],"pipPosition":[-85.5264,137.959,117.488],"stabilizedTipPosition":[-100.923,129.066,74.7293],"timeVisible":7.41607,"tipPosition":[-91.7244,121.572,74.0836],"tipVelocity":[17.6443,-7.18632,-9.04812],"tool":false,"touchDistance":0.324093,"touchZone":"hovering","type":0,"width":19.5255},{"bases":[[[0.91786,-0.151772,-0.366739],[0.145079,0.988354,-0.0459252],[0.369438,-0.0110531,0.929189]],[[0.956641,-0.15197,-0.248483],[0.123884,0.98438,-0.125092],[0.263612,0.0888847,0.960525]],[[0.956641,-0.15197,-0.248483],[0.114569,0.98066,-0.158681],[0.267792,0.123333,0.95555]],[[0.956641,-0.15197,-0.248483],[0.0906732,0.966089,-0.241766],[0.276797,0.208752,0.93798]]],"btipPosition":[-96.0602,149.411,10.9642],"carpPosition":[-50.5352,157.899,146.637],"dipPosition":[-91.8408,152.593,25.2623],"direction":[-0.267792,-0.123333,-0.95555],"extended":true,"handId":772,"id":7721,"length":52.4671,"mcpPosition":[-75.9617,158.659,82.6854],"pipPosition":[-86.066,155.252,45.8682],"stabilizedTipPosition":[-95.2328,150.24,14.2994],"timeVisible":7.41607,"tipPosition":[-91.9897,145.593,14.7354],"tipVelocity":[27.1241,-20.3312,-10.101],"tool":false,"touchDistance":0.304888,"touchZone":"hovering","type":1,"width":18.6507},{"bases":[[[0.921063,-0.318122,-0.224592],[0.306241,0.947983,-0.0868544],[0.24054,0.0112191,0.970574]],[[0.933829,-0.316877,-0.165988],[-0.112148,0.181289,-0.977014],[0.339685,0.93098,0.133756]],[[0.933829,-0.316877,-0.165988],[-0.35445,-0.882236,-0.309879],[-0.0482474,0.348209,-0.936174]],[[0.933829,-0.316877,-0.165988],[-0.237141,-0.895783,0.375949],[-0.267819,-0.31171,-0.911652]]],"btipPosition":[-64.6416,113.373,111.808],"carpPosition":[-40.0486,157.749,141.872],"dipPosition":[-69.1318,108.147,96.5238],"direction":[0.0482474,-0.348209,0.936174],"extended":false,"handId":772,"id":7722,"length":59.782,"mcpPosition":[-55.7482,157.017,78.5246],"pipPosition":[-70.3558,116.982,72.7726],"stabilizedTipPosition":[-65.9659,112.333,108.305],"timeVisible":7.41607,"tipPosition":[-66.1735,111.158,107.419],"tipVelocity":[9.94083,-4.13963,-1.05448],"tool":false,"touchDistance":0.638217,"touchZone":"none","type":2,"width":18.3175},{"bases":[[[0.920697,-0.383555,-0.0721253],[0.378776,0.922707,-0.0716945],[0.0940493,0.0386896,0.994815]],[[0.92468,-0.380545,-0.0123424],[0.0471475,0.14661,-0.98807],[0.377815,0.913067,0.153509]],[[0.92468,-0.380545,-0.0123424],[-0.366873,-0.881851,-0.296213],[0.101838,0.278431,-0.955042]],[[0.92468,-0.380545,-0.0123424],[-0.345065,-0.851287,0.395273],[-0.160926,-0.361242,-0.918481]]],"btipPosition":[-49.8479,115.377,112.985],"carpPosition":[-29.4416,154.901,138.486],"dipPosition":[-52.5305,109.355,97.6744],"direction":[-0.101838,-0.278431,0.955042],"extended":false,"handId":772,"id":7723,"length":57.482,"mcpPosition":[-34.9529,152.634,80.1896],"pipPosition":[-50.0135,116.237,74.0703],"stabilizedTipPosition":[-50.7876,114.127,109.398],"timeVisible":7.41607,"tipPosition":[-50.6229,113.28,109.786],"tipVelocity":[9.958,-2.16797,2.57086],"tool":false,"touchDistance":0.657727,"touchZone":"none","type":3,"width":17.4303},{"bases":[[[0.850069,-0.52365,0.0563426],[0.524178,0.851587,0.00613335],[-0.0511923,0.0243198,0.998393]],[[0.829909,-0.512424,0.220619],[0.306109,0.087635,-0.947954],[0.46642,0.854249,0.229587]],[[0.829909,-0.512424,0.220619],[-0.419755,-0.834005,-0.358108],[0.3675,0.204591,-0.907241]],[[0.829909,-0.512424,0.220619],[-0.556365,-0.78947,0.259221],[0.0413412,-0.337874,-0.940283]]],"btipPosition":[-38.7083,119.194,106.571],"carpPosition":[-19.7225,145.837,137.68],"dipPosition":[-38.0726,113.998,92.1107],"direction":[-0.3675,-0.204591,0.907241],"extended":false,"handId":772,"id":7724,"length":45.0648,"mcpPosition":[-16.9456,144.517,83.5221],"pipPosition":[-31.6597,117.568,76.2793],"stabilizedTipPosition":[-38.9164,118.119,103.127],"timeVisible":7.41607,"tipPosition":[-37.5395,116.419,103.644],"tipVelocity":[12.7041,-2.00632,5.71389],"tool":false,"touchDistance":0.55