{"frames":83,"data":[{"currentFrameRate":105.98,"devices":[],"gestures":[],"hands":[{"armBasis":[[-0.985001,-0.169894,-0.0301633],[-0.00520909,-0.14545,0.989352],[-0.172472,0.974669,0.142384]],"armWidth":61.7722,"confidence":1,"direction":[0.282069,-0.312678,-0.907012],"elbow":[-18.3266,320.808,114.204],"grabAngle":2.89767,"grabStrength":0.660931,"id":790,"palmNormal":[-0.451699,0.790779,-0.413081],"palmPosition":[48.7965,51.6072,19.3512],"palmVelocity":[-18.1507,59.4462,92.2526],"palmWidth":84.8249,"pinchDistance":19.316,"pinchStrength":1,"r":[[-0.09789,0.742059,-0.663149],[-0.949191,0.130642,0.286301],[0.299088,0.657481,0.691567]],"s":1.10885,"sphereCenter":[25.9647,75.6648,-13.9389],"sphereRadius":40.2839,"stabilizedPalmPosition":[50.239,51.7874,16.142],"t":[10.3282,-23.4854,-5.33303],"timeVisible":2.56683,"type":"right","wrist":[25.0857,75.4779,78.365]}],"id":1361599,"interactionBox":{"center":[0,200,0],"size":[235.247,235.247,147.751]},"pointables":[{"bases":[[[0.11846,-0.980055,0.15956],[0.773108,0.191873,0.604557],[-0.623114,0.0517411,0.780418]],[[0.333752,-0.933583,-0.130505],[0.831946,0.226619,0.506467],[-0.443255,-0.277607,0.852326]],[[0.333752,-0.933583,-0.130505],[0.930504,0.304114,0.204149],[-0.150902,-0.18957,0.970202]],[[0.333752,-0.933583,-0.130505],[0.913373,0.35451,-0.200181],[0.233151,-0.0523883,0.971028]]],"btipPosition":[67.7991,103.099,-22.1032],"carpPosition":[47.448,83.3678,67.0023],"dipPosition":[72.6335,102.013,-1.96888],"direction":[0.150902,0.18957,-0.970202],"extended":false,"handId":790,"id":7900,"length":46.174,"mcpPosition":[47.448,83.3678,67.0023],"pipPosition":[68.075,96.2864,27.339],"stabilizedTipPosition":[68.8026,102.74,-17.4399],"timeVisible":2.56683,"tipPosition":[63.023,97.5592,-18.264],"tipVelocity":[-56.5644,121.551,-21.9679],"tool":false,"touchDistance":0.333333,"touchZone":"hovering","type":0,"width":19.9616},{"bases":[[[-0.787032,-0.571242,-0.232946],[0.509031,-0.814649,0.277912],[-0.348524,0.100149,0.931934]],[[-0.801722,-0.566236,-0.191363],[0.597381,-0.748689,-0.287403],[0.0194667,-0.344734,0.938499]],[[-0.801722,-0.566236,-0.191363],[0.185083,0.0692374,-0.980281],[0.568319,-0.82133,0.0492913]],[[-0.801722,-0.566236,-0.191363],[-0.297848,0.65607,-0.69344],[0.518198,-0.498948,-0.694638]]],"btipPosition":[55.2795,93.2718,-25.3107],"carpPosition":[52.1315,61.8775,64.8691],"dipPosition":[63.1237,85.719,-35.8258],"direction":[-0.568319,0.82133,-0.0492913],"extended":false,"handId":790,"id":7901,"length":52.1022,"mcpPosition":[76.035,55.0087,0.952573],"pipPosition":[75.294,68.1306,-34.7702],"stabilizedTipPosition":[64.9167,91.8454,-41.99],"timeVisible":2.56683,"tipPosition":[61.7348,88.4436,-39.7456],"tipVelocity":[-140.347,-41.6216,208.517],"tool":false,"touchDistance":0.356713,"touchZone":"hovering","type":1,"width":19.0673},{"bases":[[[-0.902051,-0.405156,-0.148837],[0.36087,-0.897099,0.254922],[-0.236805,0.176242,0.955438]],[[-0.914628,-0.393859,-0.0912777],[0.372563,-0.733396,-0.568618],[0.157013,-0.554081,0.817522]],[[-0.914628,-0.393859,-0.0912777],[-0.0998131,0.438754,-0.893047],[0.391783,-0.807694,-0.440609]],[[-0.914628,-0.393859,-0.0912777],[-0.343022,0.875468,-0.340427],[0.213991,-0.280054,-0.93583]]],"btipPosition":[39.457,91.2536,-8.21957],"carpPosition":[44.1936,54.0429,62.1531],"dipPosition":[43.0198,86.5909,-23.8005],"direction":[-0.391783,0.807694,0.440609],"extended":false,"handId":790,"id":7902,"length":59.3663,"mcpPosition":[59.5956,42.58,0.0106711],"pipPosition":[52.8904,66.2418,-34.9012],"stabilizedTipPosition":[41.762,94.3371,-17.7288],"timeVisible":2.56683,"tipPosition":[40.5783,92.2651,-18.064],"tipVelocity":[-82.8485,-292.889,465.038],"tool":false,"touchDistance":0.333333,"touchZone":"none","type":2,"width":18.7266},{"bases":[[[-0.951687,-0.306017,-0.0254054],[0.287768,-0.917678,0.273964],[-0.107152,0.253417,0.961404]],[[-0.943549,-0.320662,-0.0830093],[0.292723,-0.689962,-0.662017],[0.15501,-0.648944,0.744878]],[[-0.943549,-0.320662,-0.0830093],[-0.077372,0.457044,-0.886073],[0.322069,-0.829631,-0.456053]],[[-0.943549,-0.320662,-0.0830093],[-0.283221,0.910989,-0.29981],[0.171758,-0.259375,-0.950381]]],"btipPosition":[23.7706,84.0834,1.23743],"carpPosition":[34.3974,48.5378,59.9402],"dipPosition":[26.6138,79.7898,-14.4948],"direction":[-0.322069,0.829631,0.456053],"extended":false,"handId":790,"id":7903,"length":57.0823,"mcpPosition":[40.6546,33.7393,3.79822],"pipPosition":[34.5185,59.4279,-25.6879],"stabilizedTipPosition":[28.3227,91.8082,-11.4659],"timeVisible":2.56683,"tipPosition":[24.3516,84.448,-6.16399],"tipVelocity":[-94.1039,-449.098,951.361],"tool":false,"touchDistance":0.333333,"touchZone":"none","type":3,"width":17.8196},{"bases":[[[-0.99207,-0.118768,0.0411222],[0.125638,-0.928085,0.350532],[-0.00346709,0.352919,0.935648]],[[-0.970399,-0.188425,-0.151071],[0.234597,-0.884016,-0.404326],[-0.0573644,-0.427798,0.902052]],[[-0.970399,-0.188425,-0.151071],[0.205036,-0.312223,-0.927619],[0.127618,-0.931135,0.341615]],[[-0.970399,-0.188425,-0.151071],[-0.044657,0.75474,-0.654503],[0.237344,-0.628382,-0.740813]]],"btipPosition":[17.4064,68.9561,-15.3096],"carpPosition":[21.258,48.9001,58.1336],"dipPosition":[21.031,59.3598,-26.6228],"direction":[-0.127618,0.931135,-0.341615],"extended":false,"handId":790,"id":7904,"length":44.7515,"mcpPosition":[21.4454,29.8226,7.55594],"pipPosition":[23.2425,43.2244,-20.7031],"stabilizedTipPosition":[19.2271,70.3757,-16.8078],"timeVisible":2.56683,"tipPosition":[17.1064,70.008,-15.0685],"tipVelocity":[-25.9236,-188.899,-2.30774],"tool":false,"touchDistance":0.319076,"touchZone":"hovering","type":4,"width":15.8287}],"r":[[-0.09789,0.742059,-0.663149],[-0.949191,0.130642,0.286301],[0.299088,0.657481,0.691567]],"s":1.10885,"t":[10.3282,-23.4854,-5.33303],"timestamp":747332055597},{"currentFrameRate":106.345,"devices":[],"gestures":[],"hands":[{"armBasis":[[0.978235,0.204522,0.0350156],[0.00624564,0.139653,-0.990181],[-0.207404,0.968849,0.135336]],"armWidth":61.7722,"confidence":1,"direction":[-0.0115858,0.156749,-0.987571],"elbow":[-11.6261,315.776,118.667],"grabAngle":2.37241,"grabStrength":0.329994,"id":790,"palmNormal":[0.717752,-0.686338,-0.117357],"palmPosition":[40.756,60.3067,17.5153],"palmVelocity":[-920.703,996.161,-210.222],"palmWidth":84.8249,"pinchDistance":38.0145,"pinchStrength":0.103298,"r":[[-0.125255,0.762184,-0.635127],[-0.908838,0.168598,0.38156],[0.3979,0.62502,0.671584]],"s":1.21923,"sphereCenter":[60.9246,29.8847,-9.00071],"sphereRadius":43.3704,"stabilizedPalmPosition":[48.3784,53.4589,16.4114],"t":[6.05565,-18.9772,-5.3902],"timeVisible":2.57557,"type":"right","wrist":[40.5786,71.9109,84.6024]}],"id":1361600,"interactionBox":{"center":[0,200,0],"size":[235.247,235.247,147.751]},"pointables":[{"bases":[[[-0.364087,0.930245,-0.0456672],[-0.876767,-0.32579,0.353752],[0.314198,0.168836,0.934224]],[[-0.410295,0.890457,-0.196834],[-0.903734,-0.368101,0.218554],[0.122158,0.267558,0.955767]],[[-0.410295,0.890457,-0.196834],[-0.82727,-0.272592,0.491241],[0.383774,0.364389,0.848492]],[[-0.410295,0.890457,-0.196834],[-0.889035,-0.342473,0.303856],[0.20316,0.299663,0.932163]]],"btipPosition":[10.6666,4.27016,-21.8001],"carpPosition":[32.1568,33.9421,67.6366],"dipPosition":[14.8791,10.4837,-2.47163],"direction":[-0.383774,-0.364389,-0.848492],"extended":true,"handId":790,"id":7900,"length":46.174,"mcpPosition":[32.1568,33.9421,67.6366],"pipPosition":[26.4722,21.4912,23.1596],"stabilizedTipPosition":[35.3802,46.0058,-17.39],"timeVisible":2.57557,"tipPosition":[24.19,6.8763,-16.5031],"tipVelocity":[-6558.52,-11124.5,13.4859],"tool":false,"touchDistance":0.333333,"touchZone":"hovering","type":0,"width":19.9616},{"bases":[[[0.684374,0.726426,-0.0627444],[-0.728845,0.683978,-0.0309625],[0.0204239,0.0669209,0.997549]],[[0.673844,0.708565,-0.209451],[-0.335665,0.0410325,-0.941087],[-0.658227,0.704452,0.26549]],[[0.673844,0.708565,-0.209451],[0.0514681,-0.327798,-0.943345],[-0.737079,0.624887,-0.257353]],[[0.673844,0.708565,-0.209451],[0.722101,-0.691591,-0.0164901],[-0.156539,-0.140133,-0.97768]]],"btipPosition":[66,10.6922,2.49891],"carpPosition":[24.1924,53.3564,60.7105],"dipPosition":[63.6304,8.57095,-12.3007],"direction":[0.737079,-0.624888,0.257353],"extended":false,"handId":790,"id":7901,"length":52.1022,"mcpPosition":[22.7916,48.7667,-7.70624],"pipPosition":[47.8462,21.9526,-17.8118],"stabilizedTipPosition":[65.013,77.241,-34.6405],"timeVisible":2.57557,"tipPosition":[61.921,12.8001,-15.0485],"tipVelocity":[958.58,-9312.99,3071.59],"tool":false,"touchDistance":0.333333,"touchZone":"none","type":1,"width":19.0673},{"bases":[[[0.794997,0.601472,0.0788088],[-0.602025,0.798246,-0.0192159],[-0.0744667,-0.0321683,0.996705]],[[0.79681,0.602149,0.0501082],[-0.567253,0.774036,-0.281234],[-0.20813,0.195666,0.95833]],[[0.79681,0.602149,0.0501082],[0.207679,-0.19505,-0.958554],[-0.567418,0.774191,-0.280471]],[[0.79681,0.602149,0.0501082],[0.574703,-0.729655,-0.370567],[-0.186575,0.324069,-0.927453]]],"btipPosition":[61.9294,31.4899,-23.8428],"carpPosition":[30.796,62.6541,59.401],"dipPosition":[58.823,36.8855,-39.2843],"direction":[0.567418,-0.774191,0.280471],"extended":false,"handId":790,"id":7902,"length":59.3663,"mcpPosition":[35.6393,64.7463,-5.42541],"pipPosition":[44.5274,56.3905,-46.3505],"stabilizedTipPosition":[47.7455,75.3877,-20.7018],"timeVisible":2.57557,"tipPosition":[64.2942,27.9585,-20.2798],"tipVelocity":[2397.62,-6578.52,-1785.31],"tool":false,"touchDistance":0.333333,"touchZone":"none","type":2,"width":18.7266},{"bases":[[[0.81848,0.528285,0.225846],[-0.545755,0.837746,0.0182463],[-0.179562,-0.138191,0.973992]],[[0.837882,0.545852,-0.000390393],[-0.456839,0.700855,-0.547814],[-0.298752,0.459182,0.8366]],[[0.837882,0.545852,-0.000390393],[-0.456839,0.700855,-0.547814],[-0.298752,0.459182,0.8366]],[[0.837882,0.545852,-0.000390393],[0.233822,-0.359562,-0.903351],[-0.493236,0.75681,-0.428902]]],"btipPosition":[77.2168,36.2985,-43.9063],"carpPosition":[39.4078,70.2034,59.5208],"dipPosition":[69.052,48.8265,-51.0062],"direction":[0.298752,-0.459182,-0.8366],"extended":true,"handId":790,"id":7903,"length":57.0823,"mcpPosition":[49.8935,78.2731,2.64376],"pipPosition":[61.7196,60.0963,-30.4732],"stabilizedTipPosition":[33.1061,86.4538,-14.9325],"timeVisible":2.57557,"tipPosition":[76.1153,37.6132,-33.289],"tipVelocity":[5830.12,-5028.74,-4941.98],"tool":false,"touchDistance":0.333333,"touchZone":"hovering","type":3,"width":17.8196},{"bases":[[[0.871044,0.36301,0.330917],[-0.425513,0.894193,0.139129],[-0.245398,-0.261997,0.933347]],[[0.904786,0.423321,0.0464899],[-0.425839,0.900558,0.0875059],[-0.00482377,-0.0989713,0.995079]],[[0.904786,0.423321,0.0464899],[0.00448466,0.0996885,-0.995009],[-0.425842,0.900479,0.0882983]],[[0.904786,0.423321,0.0464899],[0.00448466,0.0996885,-0.995009],[-0.425842,0.900479,0.0882983]]],"btipPosition":[79.446,60.8544,-22.49],"carpPosition":[52.147,72.947,62.0152],"dipPosition":[72.9428,74.606,-21.1416],"direction":[0.425842,-0.900479,-0.0882983],"extended":false,"handId":790,"id":7904,"length":44.7515,"mcpPosition":[65.4124,87.1096,11.5619],"pipPosition":[65.5635,90.2101,-19.6115],"stabilizedTipPosition":[41.7118,67.9411,-18.8647],"timeVisible":2.57557,"tipPosition":[81.0275,57.1774,-13.7303],"tipVelocity":[6837.3,-312.798,-488.748],"tool":false,"touchDistance":0.333333,"touchZone":"hovering","type":4,"width":15.8287}],"r":[[-0.125255,0.762184,-0.635127],[-0.908838,0.168598,0.38156],[0.3979,0.62502,0.671584]],"s":1.21923,"t":[6.05565,-18.9772,-5.3902],"timestamp":747332064330},{"currentFrameRate":106.719,"devices":[],"gestures":[],"hands":[{"armBasis":[[0.969459,0.245139,0.00755837],[-0.0245361,0.127606,-0.991521],[-0.244025,0.961054,0.129723]],"armWidth":61.7722,"confidence":1,"direction":[-0.11378,0.166905,-0.979386],"elbow":[-17.1407,318.542,120.388],"grabAngle":1.23883,"grabStrength":0.144517,"id":790,"palmNormal":[0.903689,-0.392203,-0.171824],"palmPosition":[41.1739,65.3636,20.6877],"palmVelocity":[48.1193,582.262,365.269],"palmWidth":84.8249,"pinchDistance":47.7306,"pinchStrength":0,"r":[[-0.203555,0.771438,-0.602867],[-0.875952,0.131564,0.464112],[0.437349,0.622555,0.648962]],"s":1.33197,"sphereCenter":[76.4728,22.965,-7.65971],"sphereRadius":59.788,"stabilizedPalmPosition":[46.8577,55.9718,17.3141],"t":[4.12833,-14.1946,-3.8326],"timeVisible":2.58425,"type":"right","wrist":[44.2818,76.6392,87.7359]}],"id":1361601,"interactionBox":{"center":[0,200,0],"size":[235.247,235.247,147.751]},"pointables":[{"bases":[[[-0.664378,0.747378,0.00531095],[-0.691954,-0.617764,0.373588],[0.282493,0.244529,0.927579]],[[-0.600725,0.779695,0.176647],[-0.588405,-0.580794,0.562546],[0.54121,0.233995,0.807674]],[[-0.600725,0.779695,0.176647],[-0.798927,-0.577458,-0.168099],[-0.0290599,-0.24211,0.969814]],[[-0.600725,0.779695,0.176647],[-0.675792,-0.613302,0.40886],[0.427124,0.126236,0.895338]]],"btipPosition":[11.5225,30.2538,-15.4368],"carpPosition":[44.6866,36.4468,70.0096],"dipPosition":[20.379,32.8714,3.12808],"direction":[0.0290599,0.24211,-0.969814],"extended":false,"handId":790,"id":7900,"length":46.174,"mcpPosition":[44.6866,36.4468,70.0096],"pipPosition":[19.5011,25.5577,32.4242],"stabilizedTipPosition":[22.1182,36.7981,-13.6078],"timeVisible":2.58425,"tipPosition":[23.4722,23.8036,-12.4082],"tipVelocity":[221.538,2896.56,712.454],"tool":false,"touchDistance":0.333333,"touchZone":"hovering","type":0,"width":19.9616},{"bases":[[[0.596151,0.773434,0.215414],[-0.799596,0.596164,0.072353],[-0.0724619,-0.215378,0.973839]],[[0.598192,0.80131,0.00827964],[-0.618647,0.468348,-0.630813],[-0.509355,0.372225,0.77589]],[[0.598192,0.80131,0.00827964],[-0.618647,0.468348,-0.630813],[-0.509355,0.372225,0.77589]],[[0.598192,0.80131,0.00827964],[-0.145403,0.118695,-0.982227],[-0.788051,0.586356,0.187516]]],"btipPosition":[88.5156,52.1608,-46.654],"carpPosition":[38.5748,73.1603,63.0749],"dipPosition":[75.4705,61.8671,-43.5499],"direction":[0.509355,-0.372225,-0.77589],"extended":true,"handId":790,"id":7903,"length":57.0823,"mcpPosition":[42.8063,85.7374,6.20686],"pipPosition":[62.9692,71.0028,-24.5069],"stabilizedTipPosition":[40.591,81.875,-19.3609],"timeVisible":2.58425,"tipPosition":[81.8122,56.3857,-37.349],"tipVelocity":[1171.71,1751.68,-46.1396],"tool":false,"touchDistance":0.333333,"touchZone":"hovering","type":3,"width":17.8196},{"bases":[[[0.707624,0.634102,0.311742],[-0.700378,0.687818,0.190727],[-0.0934812,-0.3533,0.930828]],[[0.710324,0.697885,0.0916368],[-0.622283,0.683481,-0.381598],[-0.328943,0.214034,0.919775]],[[0.710324,0.697885,0.0916368],[0.00514404,0.125039,-0.992139],[-0.703856,0.705211,0.0852279]],[[0.710324,0.697885,0.0916368],[0.00514404,0.125039,-0.992139],[-0.703856,0.705211,0.0852279]]],"btipPosition":[87.9969,69.4881,-16.7196],"carpPosition":[49.6928,80.0851,65.1903],"dipPosition":[77.248,80.2577,-15.418],"direction":[0.703856,-0.705211,-0.0852279],"extended":false,"handId":790,"id":7904,"length":44.7515,"mcpPosition":[54.7461,99.1832,14.8731],"pipPosition":[65.0511,92.4781,-13.9411],"stabilizedTipPosition":[58.9007,69.5198,-17.9057],"timeVisible":2.58425,"tipPosition":[82.1087,74.4628,-14.3651],"tipVelocity":[872.119,915.122,663.171],"tool":false,"touchDistance":0.419728,"touchZone":"hovering","type":4,"width":15.8287},{"bases":[[[0.387832,0.919792,-0.0597431],[-0.920611,0.38974,0.0240578],[0.0454125,0.0456697,0.997924]],[[0.390435,0.919709,0.0411932],[-0.701947,0.326345,-0.633063],[-0.595677,0.218254,0.773003]],[[0.390435,0.919709,0.0411932],[-0.701947,0.326345,-0.633063],[-0.595677,0.218254,0.773003]],[[0.390435,0.919709,0.0411932],[-0.701947,0.326345,-0.633063],[-0.595677,0.218254,0.773003]]],"btipPosition":[71.5147,32.6452,-61.9502],"carpPosition":[30.1824,52.0626,64.1705],"dipPosition":[62.4977,35.949,-50.2488],"direction":[0.595677,-0.218254,-0.773003],"extended":true,"handId":790,"id":7901,"length":52.1022,"mcpPosition":[27.0678,48.9304,-4.27196],"pipPosition":[49.7415,40.6228,-33.6954],"stabilizedTipPosition":[65.6317,71.116,-38.0803],"timeVisible":2.58425,"tipPosition":[70.8611,32.4039,-49.2473],"tipVelocity":[458.929,2671.36,-6718.92],"tool":false,"touchDistance":-0.603641,"touchZone":"touching","type":1,"width":19.0673},{"bases":[[[0.541623,0.837497,0.0724093],[-0.840569,0.540539,0.0355146],[-0.00939666,-0.0801005,0.996742]],[[0.528141,0.832339,-0.168166],[-0.799301,0.420428,-0.42937],[-0.28668,0.361183,0.887334]],[[0.528141,0.832339,-0.168166],[-0.799301,0.420428,-0.42937],[-0.28668,0.361183,0.887334]],[[0.528141,0.832339,-0.168166],[-0.479828,0.129132,-0.867807],[-0.700594,0.539015,0.46758]]],"btipPosition":[64.8413,34.8125,-69.8803],"carpPosition":[33.1006,63.1008,62.9822],"dipPosition":[53.1769,43.7868,-62.0955],"direction":[0.28668,-0.361183,-0.887334],"extended":true,"handId":790,"id":7902,"length":59.3663,"mcpPosition":[33.7117,68.3106,-1.84673],"pipPosition":[45.9543,52.8864,-39.7399],"stabilizedTipPosition":[50.9447,66.8396,-31.2202],"timeVisible":2.58425,"tipPosition":[65.0441,38.8863,-54.4895],"tipVelocity":[108.645,477.339,-4685.72],"tool":false,"touchDistance":-0.338766,"touchZone":"touching","type":2,"width":18.7266}],"r":[[-0.203555,0.771438,-0.602867],[-0.875952,0.131564,0.464112],[0.437349,0.622555,0.648962]],"s":1.33197,"t":[4.12833,-14.1946,-3.8326],"timestamp":747332073015},{"currentFrameRate":107.103,"devices":[],"gestures":[],"hands":[{"armBasis":[[-0.967557,-0.188991,-0.16768],[-0.138994,-0.156055,0.97792],[-0.210986,0.969499,0.124723]],"armWidth":61.7722,"confidence":1,"direction":[-0.000394157,-0.0940126,-0.995571],"elbow":[-16.91,328.222,119.231],"grabAngle":0.747275,"grabStrength":0,"id":790,"palmNormal":[0.49097,0.8673,-0.0820942],"palmPosition":[47.0646,65.7428,23.2444],"palmVelocity":[682.196,43.9042,296.085],"palmWidth":84.8249,"pinchDistance":58.7339,"pinchStrength":0.637195,"r":[[-0.444593,0.666275,-0.598677],[-0.844054,-0.0878858,0.529008],[0.29985,0.740509,0.601446]],"s":1.37916,"sphereCenter":[82.4862,94.2762,-2.82135],"sphereRadius":55.7797,"stabilizedPalmPosition":[46.9072,58.3096,18.733],"t":[6.11004,-11.6138,-1.77545],"timeVisible":2.59289,"type":"right","wrist":[36.1963,84.193,87.8377]}],"id":1361602,"interactionBox":{"center":[0,200,0],"size":[235.247,235.247,147.751]},"pointables":[{"bases":[[[-0.789773,-0.597378,-0.139277],[0.481702,-0.744585,0.462122],[-0.379765,0.297881,0.875811]],[[-0.693528,-0.646266,-0.31837],[0.667474,-0.7427,0.0536156],[-0.271103,-0.17532,0.946449]],[[-0.693528,-0.646266,-0.31837],[0.665178,-0.404697,-0.627502],[0.27669,-0.646963,0.71055]],[[-0.693528,-0.646266,-0.31837],[0.705226,-0.699313,-0.116693],[-0.147225,-0.305452,0.940757]]],"btipPosition":[74.324,100.533,-8.0797],"carpPosition":[67.0136,66.4971,76.9347],"dipPosition":[71.2713,94.1991,11.427],"direction":[-0.27669,0.646963,-0.71055],"extended":false,"handId":790,"id":7900,"length":46.174,"mcpPosition":[67.0136,66.4971,76.9347],"pipPosition":[79.6295,74.6557,32.8913],"stabilizedTipPosition":[55.0735,76.6474,-7.19981],"timeVisible":2.59289,"tipPosition":[77.5805,87.471,-3.33826],"tipVelocity":[6955.69,7900.42,877.099],"tool":false,"touchDistance":0.333333,"touchZone":"hovering","type":0,"width":19.9616},{"bases":[[[-0.617367,0.758158,0.209891],[-0.767116,-0.639319,0.0529474],[0.17433,-0.128323,0.97629]],[[-0.641461,0.763439,-0.0754263],[-0.762051,-0.645428,-0.0519625],[-0.0883524,0.0241468,0.995797]],[[-0.641461,0.763439,-0.0754263],[0.0563201,-0.0511899,-0.9971],[-0.765086,-0.643848,-0.0101607]],[[-0.641461,0.763439,-0.0754263],[0.0563201,-0.0511899,-0.9971],[-0.765086,-0.643848,-0.0101607]]],"btipPosition":[43.7753,102.447,-19.002],"carpPosition":[25.4892,75.2771,64.6373],"dipPosition":[32.0914,92.6143,-19.1572],"direction":[0.765086,0.643848,0.0101607],"extended":false,"handId":790,"id":7904,"length":44.7515,"mcpPosition":[16.0656,82.2137,11.8626],"pipPosition":[18.8334,81.4573,-19.3332],"stabilizedTipPosition":[51.1058,82.9391,-18.4011],"timeVisible":2.59289,"tipPosition":[44.4892,103.901,-15.4702],"tipVelocity":[-5146.1,3268.12,-303.122],"tool":false,"touchDistance":0.333333,"touchZone":"none","type":4,"width":15.8287},{"bases":[[[-0.858875,0.466104,-0.212323],[-0.463898,-0.883627,-0.0632598],[-0.2171,0.0441641,0.97515]],[[-0.86862,0.439663,0.228465],[-0.46823,-0.879186,-0.0882778],[0.162051,-0.183654,0.969541]],[[-0.86862,0.439663,0.228465],[-0.48951,-0.690124,-0.533019],[-0.0766791,-0.574827,0.814675]],[[-0.86862,0.439663,0.228465],[-0.48951,-0.690124,-0.533019],[-0.0766791,-0.574827,0.814675]]],"btipPosition":[63.0341,78.3978,-65.4075],"carpPosition":[51.5098,53.4251,68.1554],"dipPosition":[61.8734,69.6963,-53.0753],"direction":[0.0766791,0.574827,-0.814675],"extended":true,"handId":790,"id":7901,"length":52.1022,"mcpPosition":[66.3996,50.3962,1.2749],"pipPosition":[60.2313,57.3867,-35.6295],"stabilizedTipPosition":[65.1062,72.0847,-42.5733],"timeVisible":2.59289,"tipPosition":[72.4206,81.4371,-55.4035],"tipVelocity":[-772.862,4978.73,-383.579],"tool":false,"touchDistance":-0.621294,"touchZone":"touching","type":1,"width":19.0673},{"bases":[[[-0.788558,0.611547,-0.064709],[-0.607076,-0.790922,-0.0768203],[-0.098159,-0.021294,0.994943]],[[-0.768149,0.608842,-0.19814],[-0.555933,-0.787743,-0.265328],[-0.317626,-0.093659,0.943579]],[[-0.768149,0.608842,-0.19814],[-0.555933,-0.787743,-0.265328],[-0.317626,-0.093659,0.943579]],[[-0.768149,0.608842,-0.19814],[-0.555933,-0.787743,-0.265328],[-0.317626,-0.093659,0.943579]]],"btipPosition":[74.3788,66.5951,-79.3811],"carpPosition":[41.1399,57.2915,65.1084],"dipPosition":[69.0906,65.0358,-63.6712],"direction":[0.317626,0.093659,-0.943579],"extended":true,"handId":790,"id":7902,"length":59.3663,"mcpPosition":[47.5242,58.6764,0.396542],"pipPosition":[61.0883,62.6761,-39.8986],"stabilizedTipPosition":[56.7784,66.6813,-42.917],"timeVisible":2.59289,"tipPosition":[78.3709,73.5887,-65.4019],"tipVelocity":[1274.35,3400.1,-889.173],"tool":false,"touchDistance":-0.448393,"touchZone":"touching","type":2,"width":18.7266},{"bases":[[[-0.746385,0.659619,0.0883868],[-0.664684,-0.745484,-0.0494914],[0.0332454,-0.0956889,0.994856]],[[-0.729977,0.662112,-0.16953],[-0.573481,-0.728302,-0.375095],[-0.371824,-0.176589,0.911353]],[[-0.729977,0.662112,-0.16953],[-0.573481,-0.728302,-0.375095],[-0.371824,-0.176589,0.911353]],[[-0.729977,0.662112,-0.16953],[-0.435477,-0.641748,-0.631284],[-0.526776,-0.386996,0.756796]]],"btipPosition":[62.3418,86.9318,-65.5213],"carpPosition":[31.7186,63.6134,63.5456],"dipPosition":[53.6218,80.5256,-52.9936],"direction":[0.371824,0.176589,-0.911353],"extended":true,"handId":790,"id":7903,"length":57.0823,"mcpPosition":[29.7772,69.2012,5.45018],"pipPosition":[44.4959,76.1915,-30.6259],"stabilizedTipPosition":[43.9985,82.4933,-26.8296],"timeVisible":2.59289,"tipPosition":[63.2707,91.9331,-52.6969],"tipVelocity":[-2915.93,3597.58,-1933.98],"tool":false,"touchDistance":0.333333,"touchZone":"hovering","type":3,"width":17.8196}],"r":[[-0.444593,0.666275,-0.598677],[-0.844054,-0.0878858,0.529008],[0.29985,0.740509,0.601446]],"s":1.37916,"t":[6.11004,-11.6138,-1.77545],"timestamp":747332081650},{"currentFrameRate":107.455,"devices":[],"gestures":[],"hands":[{"armBasis":[[-0.975958,-0.181428,-0.120787],[-0.0955866,-0.141765,0.985275],[-0.195879,0.973132,0.121015]],"armWidth":61.7722,"confidence":1,"direction":[0.000286371,-0.0248678,-0.999691],"elbow":[-13.8046,324.833,119.6],"grabAngle":1.45511,"grabStrength":0.0151028,"id":790,"palmNormal":[0.497401,0.867256,-0.0214309],"palmPosition":[46.2918,65.3186,23.9066],"palmVelocity":[-89.2,-48.9555,76.4363],"palmWidth":84.8249,"pinchDistance":45.5523,"pinchStrength":0.504351,"r":[[-0.611999,0.548446,-0.569792],[-0.771928,-0.257561,0.581197],[0.171999,0.795531,0.580988]],"s":1.3913,"sphereCenter":[72.1987,108.087,3.4812],"sphereRadius":53.3186,"stabilizedPalmPosition":[46.7577,60.0126,19.99],"t":[6.71449,-10.5354,-0.41576],"timeVisible":2.60155,"type":"right","wrist":[35.4994,79.8899,89.1401]}],"id":1361603,"interactionBox":{"center":[0,200,0],"size":[235.247,235.247,147.751]},"pointables":[{"bases":[[[-0.793921,-0.580461,-0.180981],[0.475619,-0.778321,0.409883],[-0.378782,0.239337,0.894003]],[[-0.692719,-0.618583,-0.370803],[0.644772,-0.761531,0.0658684],[-0.323123,-0.193455,0.926373]],[[-0.692719,-0.618583,-0.370803],[0.721097,-0.585061,-0.37111],[0.0126195,-0.52446,0.851342]],[[-0.692719,-0.618583,-0.370803],[0.602273,-0.779004,0.174414],[-0.396747,-0.102505,0.912187]]],"btipPosition":[89.0541,89.1783,-10.2032],"carpPosition":[66.1721,62.2075,77.5375],"dipPosition":[80.8275,87.0529,8.71111],"direction":[-0.0126195,0.52446,-0.851342],"extended":false,"handId":790,"id":7900,"length":46.174,"mcpPosition":[66.1721,62.2075,77.5375],"pipPosition":[81.2087,71.21,34.4284],"stabilizedTipPosition":[76.5867,84.7208,-6.29679],"timeVisible":2.60155,"tipPosition":[82.4989,88.6526,-3.66305],"tipVelocity":[1562.8,-1198.81,-260.818],"tool":false,"touchDistance":0.333333,"touchZone":"hovering","type":0,"width":19.9616},{"bases":[[[-0.74167,0.657408,0.133194],[-0.67004,-0.735346,-0.101556],[0.0311801,-0.164566,0.985873]],[[-0.736109,0.675849,-0.0370241],[-0.609703,-0.685834,-0.397359],[-0.293947,-0.269926,0.916916]],[[-0.736109,0.675849,-0.0370241],[-0.237162,-0.308767,-0.921096],[-0.633954,-0.669247,0.387571]],[[-0.736109,0.675849,-0.0370241],[0.252025,0.222909,-0.941698],[-0.628193,-0.702524,-0.334416]]],"btipPosition":[66.6488,108.868,-33.8932],"carpPosition":[30.8753,60.518,63.9504],"dipPosition":[56.2499,97.2386,-39.429],"direction":[0.633954,0.669247,-0.387571],"extended":false,"handId":790,"id":7903,"length":57.0823,"mcpPosition":[29.0546,70.1279,6.3796],"pipPosition":[40.6905,80.813,-29.9167],"stabilizedTipPosition":[47.1621,86.1943,-28.1315],"timeVisible":2.60155,"tipPosition":[63.7364,102.776,-40.4503],"tipVelocity":[452.539,2393.22,3170.99],"tool":false,"touchDistance":0.333333,"touchZone":"hovering","type":3,"width":17.8196},{"bases":[[[-0.612103,0.746345,0.26134],[-0.771835,-0.635774,0.00789815],[0.172048,-0.196877,0.965215]],[[-0.635805,0.771661,-0.0170846],[-0.761954,-0.631032,-0.145689],[-0.123203,-0.079612,0.989183]],[[-0.635805,0.771661,-0.0170846],[0.122596,0.0791094,-0.989299],[-0.762051,-0.631095,-0.144901]],[[-0.635805,0.771661,-0.0170846],[0.689628,0.557995,-0.46158],[-0.34665,-0.305257,-0.886934]]],"btipPosition":[37.7883,100.858,-1.26731],"carpPosition":[24.7298,72.1237,65.8416],"dipPosition":[32.4945,96.1963,-14.8121],"direction":[0.762051,0.631095,0.144901],"extended":false,"handId":790,"id":7904,"length":44.7515,"mcpPosition":[15.4295,82.7662,13.6656],"pipPosition":[19.2891,85.2602,-17.323],"stabilizedTipPosition":[46.3141,88.4929,-13.7797],"timeVisible":2.60155,"tipPosition":[40.7361,103.294,-8.66805],"tipVelocity":[-521.386,-46.1144,1691.49],"tool":false,"touchDistance":0.333333,"touchZone":"none","type":4,"width":15.8287},{"bases":[[[-0.855157,0.486007,-0.180289],[-0.470249,-0.873682,-0.124681],[-0.218111,-0.0218415,0.97568]],[[-0.866737,0.430589,0.251715],[-0.479356,-0.858562,-0.181905],[0.137786,-0.278325,0.950553]],[[-0.866737,0.430589,0.251715],[-0.413969,-0.339547,-0.844593],[-0.278204,-0.836242,0.472548]],[[-0.866737,0.430589,0.251715],[-0.413969,-0.339547,-0.844593],[-0.278204,-0.836242,0.472548]]],"btipPosition":[70.4686,92.5477,-52.51],"carpPosition":[50.5853,49.8893,67.861],"dipPosition":[66.2573,79.8891,-45.3568],"direction":[0.278204,0.836242,-0.472548],"extended":false,"handId":790,"id":7901,"length":52.1022,"mcpPosition":[65.5444,51.3873,0.944152],"pipPosition":[60.2997,61.9814,-35.2375],"stabilizedTipPosition":[65.9393,75.4128,-44.1455],"timeVisible":2.60155,"tipPosition":[70.7289,87.8707,-52.2025],"tipVelocity":[777.108,1528.14,1351.14],"tool":false,"touchDistance":-0.411903,"touchZone":"touching","type":1,"width":19.0673},{"bases":[[[-0.783982,0.620361,-0.0228987],[-0.612728,-0.779206,-0.131915],[-0.0996777,-0.0893884,0.990996]],[[-0.767507,0.626507,-0.135727],[-0.487237,-0.707725,-0.511591],[-0.416572,-0.326518,0.848442]],[[-0.767507,0.626507,-0.135727],[-0.487237,-0.707725,-0.511591],[-0.416572,-0.326518,0.848442]],[[-0.767507,0.626507,-0.135727],[-0.487237,-0.707725,-0.511591],[-0.416572,-0.326518,0.848442]]],"btipPosition":[81.9515,87.454,-71.1092],"carpPosition":[40.248,54.0337,65.08],"dipPosition":[75.0159,82.0177,-56.9832],"direction":[0.416572,0.326518,-0.848442],"extended":true,"handId":790,"id":7902,"length":59.3663,"mcpPosition":[46.7312,59.8476,0.624816],"pipPosition":[64.5207,73.7914,-35.6075],"stabilizedTipPosition":[63.7563,72.459,-50.299],"timeVisible":2.60155,"tipPosition":[79.1158,82.7647,-65.9835],"tipVelocity":[830.305,2304.62,912.702],"tool":false,"touchDistance":-0.313272,"touchZone":"touching","type":2,"width":18.7266}],"r":[[-0.611999,0.548446,-0.569792],[-0.771928,-0.257561,0.581197],[0.171999,0.795531,0.580988]],"s":1.3913,"t":[6.71449,-10.5354,-0.41576],"timestamp":747332090314},{"currentFrameRate":107.793,"devices":[],"gestures":[],"hands":[{"armBasis":[[-0.979342,-0.17434,-0.102442],[-0.0792759,-0.135025,0.987666],[-0.186022,0.975384,0.118414]],"armWidth":61.7722,"confidence":1,"direction":[0.029752,-0.0366077,-0.998887],"elbow":[-13.061,322.934,118.925],"grabAngle":1.62795,"grabStrength":0.0785236,"id":790,"palmNormal":[0.280479,0.959486,-0.0268096],"palmPosition":[46.06,64.0787,24.2281],"palmVelocity":[-26.7566,-143.106,37.1103],"palmWidth":84.8249,"pinchDistance":50.1186,"pinchStrength":0.390903,"r":[[-0.741233,0.39475,-0.542905],[-0.670926,-0.410666,0.617423],[0.0207752,0.821904,0.569248]],"s":1.40366,"sphereCenter":[54.4728,104.984,1.58505],"sphereRadius":47.3818,"stabilizedPalmPosition":[46.5593,61.1688,21.1951],"t":[6.9008,-10.6162,0.424849],"timeVisible":2.61021,"type":"right","wrist":[33.7618,77.4243,89.1194]}],"id":1361604,"interactionBox":{"center":[0,200,0],"size":[235.247,235.247,147.751]},"pointables":[{"bases":[[[-0.631122,-0.752916,-0.186555],[0.635073,-0.639643,0.433057],[-0.445384,0.154836,0.88185]],[[-0.460236,-0.763581,-0.452909],[0.809511,-0.570399,0.139056],[-0.36452,-0.302636,0.880645]],[[-0.460236,-0.763581,-0.452909],[0.882772,-0.339401,-0.324841],[0.0943246,-0.549319,0.830272]],[[-0.460236,-0.763581,-0.452909],[0.499783,0.198797,-0.843029],[0.733758,-0.614348,0.290131]]],"btipPosition":[63.7406,109.811,6.21568],"carpPosition":[64.8414,66.3952,78.2936],"dipPosition":[78.9551,97.0723,12.2316],"direction":[-0.0943246,0.549319,-0.830272],"extended":false,"handId":790,"id":7900,"length":46.174,"mcpPosition":[64.8414,66.3952,78.2936],"pipPosition":[81.8045,80.4785,37.3124],"stabilizedTipPosition":[70.4683,99.2269,2.7996],"timeVisible":2.61021,"tipPosition":[71.1674,101.766,3.05943],"tipVelocity":[-2299.41,2099.68,1552.66],"tool":false,"touchDistance":0.333333,"touchZone":"hovering","type":0,"width":19.9616},{"bases":[[[-0.906849,0.418527,-0.0495971],[-0.409581,-0.902913,-0.130353],[-0.0993383,-0.0978968,0.990226]],[[-0.902694,0.421774,-0.0851474],[-0.312307,-0.778358,-0.544632],[-0.295987,-0.465044,0.834342]],[[-0.902694,0.421774,-0.0851474],[-0.312307,-0.778358,-0.544632],[-0.295987,-0.465044,0.834342]],[[-0.902694,0.421774,-0.0851474],[-0.312307,-0.778358,-0.544632],[-0.295987,-0.465044,0.834342]]],"btipPosition":[73.3458,97.8917,-69.4815],"carpPosition":[41.8597,52.2059,65.4655],"dipPosition":[68.4178,90.149,-55.5903],"direction":[0.295987,0.465044,-0.834342],"extended":true,"handId":790,"id":7902,"length":59.3663,"mcpPosition":[48.3207,58.5732,1.06038],"pipPosition":[60.9607,78.4327,-34.5698],"stabilizedTipPosition":[66.6608,80.5829,-55.7904],"timeVisible":2.61021,"tipPosition":[74.8707,90.1407,-65.5792],"tipVelocity":[-939.972,1143.49,181.635],"tool":false,"touchDistance":-0.286673,"touchZone":"touching","type":2,"width":18.7266},{"bases":[[[-0.776085,0.584904,0.235755],[-0.601152,-0.799127,0.00367923],[0.19055,-0.138869,0.971806]],[[-0.79831,0.600316,-0.0481825],[-0.593014,-0.797508,-0.110973],[-0.105045,-0.060018,0.992655]],[[-0.79831,0.600316,-0.0481825],[0.104572,0.0593829,-0.992743],[-0.593098,-0.797555,-0.110182]],[[-0.79831,0.600316,-0.0481825],[0.601854,0.79812,-0.0278639],[0.0217282,-0.0512429,-0.99845]]],"btipPosition":[25.4539,90.1431,-0.877336],"carpPosition":[22.5178,66.153,65.5953],"dipPosition":[25.7858,89.3605,-16.1251],"direction":[0.593098,0.797555,0.110182],"extended":false,"handId":790,"id":7904,"length":44.7515,"mcpPosition":[12.2174,73.6597,13.063],"pipPosition":[15.5082,75.5399,-18.0344],"stabilizedTipPosition":[38.4367,89.0501,-10.2187],"timeVisible":2.61021,"tipPosition":[30.5183,96.6049,-7.76088],"tipVelocity":[-1274.29,-1133.74,-0.198356],"tool":false,"touchDistance":0.333333,"touchZone":"none","type":4,"width":15.8287},{"bases":[[[-0.940784,0.269256,-0.205978],[-0.24913,-0.961182,-0.118592],[-0.229914,-0.0602542,0.971344]],[[-0.948301,0.217245,0.231367],[-0.255405,-0.955127,-0.15],[0.188398,-0.201337,0.961233]],[[-0.948301,0.217245,0.231367],[-0.264641,-0.138859,-0.954297],[-0.175189,-0.96619,0.189172]],[[-0.948301,0.217245,0.231367],[-0.264641,-0.138859,-0.954297],[-0.175189,-0.96619,0.189172]]],"btipPosition":[67.8128,97.7529,-41.5961],"carpPosition":[52.8119,50.6406,68.5261],"dipPosition":[65.1609,83.1272,-38.7325],"direction":[0.175189,0.96619,-0.189172],"extended":false,"handId":790,"id":7901,"length":52.1022,"mcpPosition":[68.5805,54.7731,1.90666],"pipPosition":[61.4094,62.4368,-34.6815],"stabilizedTipPosition":[66.1363,78.3706,-43.6455],"timeVisible":2.61021,"tipPosition":[66.6658,92.2001,-47.514],"tipVelocity":[-265.13,548.569,1145.81],"tool":false,"touchDistance":-0.246448,"touchZone":"touching","type":1,"width":19.0673},{"bases":[[[-0.87811,0.466425,0.106632],[-0.476282,-0.873364,-0.101931],[0.0455854,-0.140294,0.98906]],[[-0.873902,0.482988,-0.054939],[-0.440255,-0.834322,-0.331786],[-0.206085,-0.265761,0.941754]],[[-0.873902,0.482988,-0.054939],[-0.108397,-0.303798,-0.94655],[-0.473862,-0.821237,0.317844]],[[-0.873902,0.482988,-0.054939],[0.155203,0.170128,-0.973123],[-0.46066,-0.858941,-0.223636]]],"btipPosition":[56.0087,109.38,-35.1019],"carpPosition":[31.257,56.2926,64.0335],"dipPosition":[48.3831,95.1613,-38.8039],"direction":[0.473862,0.821237,-0.317844],"extended":false,"handId":790,"id":7903,"length":57.0823,"mcpPosition":[28.595,64.4852,6.2766],"pipPosition":[36.7529,75.0054,-31.0029],"stabilizedTipPosition":[48.5951,90.2182,-29.7118],"timeVisible":2.61021,"tipPosition":[55.5931,104.021,-39.952],"tipVelocity":[-1154.45,-9.63991,-90.8228],"tool":false,"touchDistance":0.333333,"touchZone":"hovering","type":3,"width":17.8196}],"r":[[-0.741233,0.39475,-0.542905],[-0.670926,-0.410666,0.617423],[0.0207752,0.821904,0.569248]],"s":1.40366,"t":[6.9008,-10.6162,0.424849],"timestamp":747332098978},{"currentFrameRate":108.113,"devices":[],"gestures":[],"hands":[{"armBasis":[[-0.980106,-0.164312,-0.111327],[-0.0895964,-0.134221,0.986893],[-0.177101,0.977234,0.116829]],"armWidth":61.7722,"confidence":1,"direction":[0.0731715,-0.0354889,-0.996688],"elbow":[-12.5011,319.878,117.689],"grabAngle":2.04854,"grabStrength":0.0844477,"id":790,"palmNormal":[0.102798,0.994312,-0.0278574],"palmPosition":[46.5261,62.0415,23.8442],"palmVelocity":[53.7543,-234.944,-44.2763],"palmWidth":84.8249,"pinchDistance":43.4625,"pinchStrength":0.509219,"r":[[-0.822631,0.224061,-0.522566],[-0.551987,-0.53511,0.639506],[-0.136342,0.814527,0.563877]],"s":1.39333,"sphereCenter":[41.7722,102.496,0.661181],"sphereRadius":45.5259,"stabilizedPalmPosition":[46.5483,61.4565,22.0682],"t":[7.22701,-11.6752,0.653194],"timeVisible":2.61889,"type":"right","wrist":[32.0762,73.9023,88.283]}],"id":1361605,"interactionBox":{"center":[0,200,0],"size":[235.247,235.247,147.751]},"pointables":[{"bases":[[[-0.476848,-0.855856,-0.200314],[0.723833,-0.511637,0.462919],[-0.49868,0.0757481,0.86347]],[[-0.237414,-0.81464,-0.529146],[0.89405,-0.396264,0.208927],[-0.379881,-0.423481,0.822407]],[[-0.237414,-0.81464,-0.529146],[0.968898,-0.159443,-0.189249],[0.0698012,-0.557619,0.827157]],[[-0.237414,-0.81464,-0.529146],[0.635386,0.281809,-0.718936],[0.734792,-0.506897,0.450705]]],"btipPosition":[62.8781,115.055,5.91427],"carpPosition":[62.5447,67.9927,78.5175],"dipPosition":[78.1141,104.544,15.2597],"direction":[-0.0698012,0.557619,-0.827157],"extended":false,"handId":790,"id":7900,"length":46.174,"mcpPosition":[62.5447,67.9927,78.5175],"pipPosition":[80.2226,87.6996,40.2464],"stabilizedTipPosition":[67.6663,108.423,6.40955],"timeVisible":2.61889,"tipPosition":[65.5709,106.596,4.79758],"tipVelocity":[-98.8978,663.845,53.5564],"tool":false,"touchDistance":0.333333,"touchZone":"hovering","type":0,"width":19.9616},{"bases":[[[-0.965175,0.246748,-0.086908],[-0.234053,-0.962879,-0.134476],[-0.116864,-0.109452,0.987098]],[[-0.963695,0.248051,-0.0988076],[-0.156336,-0.824192,-0.544304],[-0.216451,-0.509096,0.833049]],[[-0.963695,0.248051,-0.0988076],[-0.0464474,-0.520156,-0.852807],[-0.262935,-0.817257,0.512793]],[[-0.963695,0.248051,-0.0988076],[-0.0464474,-0.520156,-0.852807],[-0.262935,-0.817257,0.512793]]],"btipPosition":[70.856,112.862,-56.1943],"carpPosition":[43.0096,49.8056,65.0394],"dipPosition":[66.4783,99.2551,-47.6566],"direction":[0.262935,0.817257,-0.512793],"extended":true,"handId":790,"id":7902,"length":59.3663,"mcpPosition":[50.6105,56.9244,0.837701],"pipPosition":[59.8539,78.6651,-34.7373],"stabilizedTipPosition":[67.6967,90.0538,-55.2836],"timeVisible":2.61889,"tipPosition":[71.616,101.306,-59.5666],"tipVelocity":[-272.547,1570.92,1390.37],"tool":false,"touchDistance":-0.220173,"touchZone":"touching","type":2,"width":18.7266},{"bases":[[[-0.951444,0.299831,0.0696852],[-0.306018,-0.945788,-0.108806],[0.0332838,-0.124848,0.991617]],[[-0.946115,0.314841,-0.0757681],[-0.274386,-0.903669,-0.328777],[-0.171982,-0.290271,0.941363]],[[-0.946115,0.314841,-0.0757681],[0.0135858,-0.195178,-0.980674],[-0.323544,-0.92886,0.180384]],[[-0.946115,0.314841,-0.0757681],[0.15668,0.240292,-0.957973],[-0.283402,-0.918224,-0.276673]]],"btipPosition":[49.3994,108.671,-31.8365],"carpPosition":[31.9029,51.8931,63.1811],"dipPosition":[44.708,93.4715,-36.4164],"direction":[0.323544,0.92886,-0.180384],"extended":false,"handId":790,"id":7903,"length":57.0823,"mcpPosition":[29.9592,59.1837,5.27485],"pipPosition":[36.7672,70.6742,-31.9892],"stabilizedTipPosition":[48.533,93.6009,-30.4306],"timeVisible":2.61889,"tipPosition":[50.5145,103.218,-38.9262],"tipVelocity":[-684.402,-107.734,353.299],"tool":false,"touchDistance":0.333333,"touchZone":"hovering","type":3,"width":17.8196},{"bases":[[[-0.877467,0.435489,0.200999],[-0.446126,-0.894929,-0.00860579],[0.176132,-0.0972224,0.979554]],[[-0.892283,0.445511,-0.0731508],[-0.422948,-0.881538,-0.209778],[-0.157944,-0.156243,0.975009]],[[-0.892283,0.445511,-0.0731508],[0.0872895,0.0112682,-0.996119],[-0.442958,-0.895206,-0.0489428]],[[-0.892283,0.445511,-0.0731508],[0.451369,0.876743,-0.166096],[-0.009863,-0.181222,-0.983393]]],"btipPosition":[24.7231,88.4417,-3.31543],"carpPosition":[21.4697,60.0112,64.3143],"dipPosition":[24.5725,85.6741,-18.3333],"direction":[0.442958,0.895206,0.0489428],"extended":false,"handId":790,"id":7904,"length":44.7515,"mcpPosition":[11.9486,65.2667,11.3632],"pipPosition":[16.8966,70.1614,-19.1814],"stabilizedTipPosition":[33.7245,88.6234,-9.03647],"timeVisible":2.61889,"tipPosition":[26.115,90.2864,-8.51792],"tipVelocity":[-97.0843,-248.872,-275.078],"tool":false,"touchDistance":0.333333,"touchZone":"none","type":4,"width":15.8287},{"bases":[[[-0.965639,0.0930346,-0.242665],[-0.0662526,-0.991002,-0.116298],[-0.251301,-0.0962247,0.963114]],[[-0.979161,0.0421473,0.198662],[-0.0681709,-0.989681,-0.126034],[0.1913,-0.13695,0.971931]],[[-0.979161,0.0421473,0.198662],[-0.199681,-0.0215079,-0.979625],[-0.0370157,-0.99888,0.0294757]],[[-0.979161,0.0421473,0.198662],[-0.043771,0.911437,-0.409105],[-0.19831,-0.409276,-0.890599]]],"btipPosition":[67.6904,89.6672,-21.6917],"carpPosition":[53.942,50.2689,68.5084],"dipPosition":[64.6885,83.4718,-35.1732],"direction":[0.0370157,0.99888,-0.0294757],"extended":false,"handId":790,"id":7901,"length":5