{"frames":86,"data":[{"currentFrameRate":107.149,"devices":[],"gestures":[],"hands":[{"armBasis":[[-0.753492,0.498029,0.429205],[0.654545,0.506881,0.56093],[-0.0618034,-0.70359,0.707913]],"armWidth":58.2717,"confidence":1,"direction":[0.181969,0.0840775,-0.979703],"elbow":[96.7979,-36.7065,312.872],"grabAngle":3.14159,"grabStrength":1,"id":768,"palmNormal":[-0.786687,-0.585296,-0.196348],"palmPosition":[123.786,136.225,78.6291],"palmVelocity":[-12.329,9.28613,-3.07727],"palmWidth":80.7374,"pinchDistance":9.52778,"pinchStrength":0.925473,"r":[[0.1941,-0.625851,-0.755404],[0.248756,0.776281,-0.57923],[0.948918,-0.0754832,0.30636]],"s":0.543505,"sphereCenter":[104.799,113.654,58.8835],"sphereRadius":30.6339,"stabilizedPalmPosition":[124.2,135.975,78.6157],"t":[-13.1023,2.06141,-19.0689],"timeVisible":5.1685,"type":"left","wrist":[111.605,131.857,143.272]}],"id":1350984,"interactionBox":{"center":[0,200,0],"size":[235.247,235.247,147.751]},"pointables":[{"bases":[[[0.501758,0.864424,-0.0317951],[0.755569,-0.420085,0.502637],[-0.421134,0.276225,0.863913]],[[0.595886,0.75947,-0.261007],[0.734802,-0.384498,0.558773],[-0.324015,0.524753,0.787177]],[[0.595886,0.75947,-0.261007],[0.750254,-0.642393,-0.156366],[0.286424,0.102645,0.952589]],[[0.595886,0.75947,-0.261007],[0.38485,-0.55532,-0.737231],[0.704848,-0.338858,0.62319]]],"btipPosition":[113.301,94.0953,53.9198],"carpPosition":[120.923,113.631,128.166],"dipPosition":[127.104,87.4596,66.1233],"direction":[-0.286424,-0.102645,-0.952589],"extended":false,"handId":768,"id":7680,"length":43.607,"mcpPosition":[120.923,113.631,128.166],"pipPosition":[135.275,90.388,93.2993],"stabilizedTipPosition":[117.259,93.0479,56.5784],"timeVisible":5.1685,"tipPosition":[113.042,92.4831,56.5013],"tipVelocity":[-228.96,-153.21,47.0998],"tool":false,"touchDistance":0.341375,"touchZone":"hovering","type":0,"width":18.7601},{"bases":[[[-0.550997,0.809117,-0.204284],[0.819286,0.57103,0.0519142],[-0.158657,0.138762,0.977534]],[[-0.571678,0.820473,-0.00283182],[0.205751,0.140018,-0.968536],[0.794261,0.554273,0.248858]],[[-0.571678,0.820473,-0.00283182],[-0.794097,-0.554161,-0.24963],[0.206384,0.140459,-0.968337]],[[-0.571678,0.820473,-0.00283182],[-0.735979,-0.511273,0.443773],[-0.362656,-0.255779,-0.896135]]],"btipPosition":[114.894,102.188,81.617],"carpPosition":[132.078,130.355,121.981],"dipPosition":[109.71,98.5316,68.8059],"direction":[-0.206384,-0.140459,0.968337],"extended":false,"handId":768,"id":7681,"length":49.2057,"mcpPosition":[142.435,121.297,58.1682],"pipPosition":[113.883,101.372,49.2223],"stabilizedTipPosition":[113.748,101.155,78.7287],"timeVisible":5.1685,"tipPosition":[110.39,99.0397,75.471],"tipVelocity":[-33.8638,121.531,-49.9275],"tool":false,"touchDistance":0.333333,"touchZone":"none","type":1,"width":17.9197},{"bases":[[[-0.698908,0.711144,-0.0761742],[0.710657,0.702508,0.0380792],[-0.0805927,0.0275199,0.996367]],[[-0.702483,0.711514,-0.016291],[0.175456,0.150954,-0.972845],[0.689734,0.686265,0.230882]],[[-0.702483,0.711514,-0.016291],[-0.687527,-0.68436,-0.242813],[0.183914,0.159371,-0.969936]],[[-0.702483,0.711514,-0.016291],[-0.319234,-0.294559,0.900736],[-0.636088,-0.637952,-0.434062]]],"btipPosition":[110.241,116.749,78.2508],"carpPosition":[127.443,139.891,119.341],"dipPosition":[100.239,106.718,71.4257],"direction":[-0.183914,-0.159371,0.969936],"extended":false,"handId":768,"id":7682,"length":56.0659,"mcpPosition":[132.433,138.187,57.6592],"pipPosition":[104.615,110.51,48.3476],"stabilizedTipPosition":[112.54,112.105,78.3571],"timeVisible":5.1685,"tipPosition":[105.366,112.074,79.0955],"tipVelocity":[-131.676,30.4988,106.775],"tool":false,"touchDistance":0.333333,"touchZone":"none","type":2,"width":17.5995},{"bases":[[[-0.75472,0.652447,0.0686273],[0.655976,0.75204,0.0642822],[0.00966975,-0.0935329,0.995569]],[[-0.753942,0.656882,0.0088055],[0.324319,0.38383,-0.864576],[0.571304,0.648984,0.502425]],[[-0.753942,0.656882,0.0088055],[-0.524817,-0.594193,-0.609509],[0.395143,0.464156,-0.79273]],[[-0.753942,0.656882,0.0088055],[-0.644092,-0.741768,0.186884],[-0.129292,-0.135228,-0.982343]]],"btipPosition":[91.4554,120.438,77.4333],"carpPosition":[120.488,148.146,117.82],"dipPosition":[89.4341,118.324,62.076],"direction":[-0.395143,-0.464156,0.79273],"extended":false,"handId":768,"id":7683,"length":53.9089,"mcpPosition":[119.951,153.345,62.4842],"pipPosition":[98.5931,129.083,43.7013],"stabilizedTipPosition":[94.7825,112.128,73.3791],"timeVisible":5.1685,"tipPosition":[90.0298,118.839,74.6037],"tipVelocity":[-41.1395,173.606,294.893],"tool":false,"touchDistance":0.333333,"touchZone":"none","type":3,"width":16.7471},{"bases":[[[-0.846471,0.503949,0.171821],[0.528863,0.833127,0.161876],[0.0615718,-0.227893,0.971737]],[[-0.844956,0.534772,0.00823912],[0.306045,0.496079,-0.812553],[0.438618,0.68405,0.582829]],[[-0.844956,0.534772,0.00823912],[-0.380232,-0.589802,-0.71243],[0.376128,0.605105,-0.701694]],[[-0.844956,0.534772,0.00823912],[-0.517511,-0.813601,-0.26502],[0.135022,0.228194,-0.964208]]],"btipPosition":[84.4252,130.887,76.2745],"carpPosition":[108.673,152.593,118.126],"dipPosition":[86.3726,134.178,62.3683],"direction":[-0.376128,-0.605105,0.701694],"extended":false,"handId":768,"id":7684,"length":42.2635,"mcpPosition":[105.505,164.319,68.1284],"pipPosition":[92.528,144.08,50.8848],"stabilizedTipPosition":[85.3654,129.499,70.3552],"timeVisible":5.1685,"tipPosition":[85.992,133.466,71.6148],"tipVelocity":[-30.9247,151.735,228.338],"tool":false,"touchDistance":0.333333,"touchZone":"none","type":4,"width":14.876}],"r":[[0.1941,-0.625851,-0.755404],[0.248756,0.776281,-0.57923],[0.948918,-0.0754832,0.30636]],"s":0.543505,"t":[-13.1023,2.06141,-19.0689],"timestamp":747238467883},{"currentFrameRate":107.224,"devices":[],"gestures":[],"hands":[{"armBasis":[[-0.736748,0.514289,0.438987],[0.67312,0.496269,0.548295],[-0.0641261,-0.699446,0.711803]],"armWidth":58.2717,"confidence":1,"direction":[0.178021,0.0791599,-0.980838],"elbow":[96.546,-35.3124,313.86],"grabAngle":3.14159,"grabStrength":1,"id":768,"palmNormal":[-0.800116,-0.568587,-0.191109],"palmPosition":[123.717,136.277,78.588],"palmVelocity":[-7.50642,5.58525,-4.46809],"palmWidth":80.7374,"pinchDistance":10.4928,"pinchStrength":0.935462,"r":[[0.171773,-0.632141,-0.755574],[0.259805,0.76889,-0.584217],[0.950261,-0.0959487,0.296308]],"s":0.544178,"sphereCenter":[104.525,114.042,59.0312],"sphereRadius":30.7085,"stabilizedPalmPosition":[124.081,136.049,78.6088],"t":[-13.2189,2.14059,-19.0897],"timeVisible":5.17768,"type":"left","wrist":[111.909,132.259,143.329]}],"id":1350985,"interactionBox":{"center":[0,200,0],"size":[235.247,235.247,147.751]},"pointables":[{"bases":[[[0.519882,0.853492,-0.0357046],[0.74935,-0.435583,0.498741],[-0.410119,0.286042,0.866016]],[[0.614795,0.737436,-0.27967],[0.728575,-0.395249,0.559425],[-0.302001,0.547692,0.780275]],[[0.614795,0.737436,-0.27967],[0.730345,-0.666169,-0.151048],[0.297696,0.111391,0.94814]],[[0.614795,0.737436,-0.27967],[0.370873,-0.583265,-0.722672],[0.696046,-0.340573,0.632084]]],"btipPosition":[111.915,93.0323,54.1791],"carpPosition":[120.661,113.8,128.167],"dipPosition":[125.545,86.363,66.5568],"direction":[-0.297696,-0.111391,-0.94814],"extended":false,"handId":768,"id":7680,"length":43.607,"mcpPosition":[120.661,113.8,128.167],"pipPosition":[134.038,89.5409,93.6059],"stabilizedTipPosition":[115.516,91.8255,56.9315],"timeVisible":5.17768,"tipPosition":[112.167,92.6494,56.6103],"tipVelocity":[-155.179,-116.525,32.5881],"tool":false,"touchDistance":0.345063,"touchZone":"hovering","type":0,"width":18.7601},{"bases":[[[-0.534798,0.820472,-0.20203],[0.831564,0.553479,0.0465055],[-0.149976,0.14313,0.978275]],[[-0.554115,0.832439,0.00095766],[0.208703,0.140037,-0.967901],[0.805853,0.536129,0.251329]],[[-0.554115,0.832439,0.00095766],[-0.805687,-0.536017,-0.2521],[0.209344,0.140464,-0.967701]],[[-0.554115,0.832439,0.00095766],[-0.704754,-0.469733,0.531671],[-0.443033,-0.293932,-0.846951]]],"btipPosition":[115.056,103.021,80.6808],"carpPosition":[132.134,130.276,121.898],"dipPosition":[108.722,98.8195,68.5728],"direction":[-0.209344,-0.140464,0.967701],"extended":false,"handId":768,"id":7681,"length":49.2057,"mcpPosition":[141.925,120.933,58.0368],"pipPosition":[112.956,101.66,49.0021],"stabilizedTipPosition":[113.637,101.828,78.1064],"timeVisible":5.17768,"tipPosition":[109.809,99.5755,75.7206],"tipVelocity":[-11.1659,77.029,-84.2797],"tool":false,"touchDistance":0.333333,"touchZone":"none","type":1,"width":17.9197},{"bases":[[[-0.684016,0.72581,-0.072952],[0.725684,0.687229,0.033147],[-0.0741932,0.0302671,0.996784]],[[-0.687234,0.726319,-0.0130496],[0.17191,0.145154,-0.97436],[0.705801,0.671857,0.224616]],[[-0.687234,0.726319,-0.0130496],[-0.702338,-0.668918,-0.243454],[0.185554,0.158144,-0.969825]],[[-0.687234,0.726319,-0.0130496],[-0.350607,-0.3159,0.881636],[-0.636226,-0.610466,-0.47175]]],"btipPosition":[109.405,116.771,79.0004],"carpPosition":[127.688,139.905,119.274],"dipPosition":[99.4011,107.173,71.5828],"direction":[-0.185554,-0.158144,0.969825],"extended":false,"handId":768,"id":7682,"length":56.0659,"mcpPosition":[132.281,138.032,57.5662],"pipPosition":[103.816,110.935,48.5073],"stabilizedTipPosition":[112.14,112.286,78.2788],"timeVisible":5.17768,"tipPosition":[104.888,112.611,79.1083],"tipVelocity":[-91.036,13.2962,66.7442],"tool":false,"touchDistance":0.333333,"touchZone":"none","type":2,"width":17.5995},{"bases":[[[-0.740225,0.668467,0.0722384],[0.672225,0.737944,0.0596086],[0.0134615,-0.0926842,0.995605]],[[-0.7397,0.672822,0.0124079],[0.301299,0.347622,-0.887906],[0.601716,0.653046,0.459857]],[[-0.7397,0.672822,0.0124079],[-0.554484,-0.598944,-0.577767],[0.381303,0.434254,-0.816108]],[[-0.7397,0.672822,0.0124079],[-0.651193,-0.720326,0.23891],[-0.169682,-0.168642,-0.970962]]],"btipPosition":[91.4738,121.614,79.3502],"carpPosition":[120.902,148.305,117.783],"dipPosition":[88.8211,118.978,64.1708],"direction":[-0.381303,-0.434254,0.816108],"extended":false,"handId":768,"id":7683,"length":53.9089,"mcpPosition":[120.154,153.457,62.4458],"pipPosition":[97.6593,129.043,45.2543],"stabilizedTipPosition":[94.6379,112.456,73.4706],"timeVisible":5.17768,"tipPosition":[89.7153,119.762,74.896],"tipVelocity":[-13.8006,114.911,213.058],"tool":false,"touchDistance":0.333333,"touchZone":"none","type":3,"width":16.7471},{"bases":[[[-0.834519,0.522067,0.176135],[0.54744,0.821824,0.157842],[0.0623474,-0.228145,0.971629]],[[-0.833747,0.551839,0.0184477],[0.283969,0.45721,-0.842806],[0.473527,0.697448,0.537902]],[[-0.833747,0.551839,0.0184477],[-0.41289,-0.600937,-0.684396],[0.36659,0.578229,-0.728878]],[[-0.833747,0.551839,0.0184477],[-0.539495,-0.807076,-0.239946],[0.117523,0.210007,-0.970611]]],"btipPosition":[84.2743,131.616,78.1733],"carpPosition":[109.186,153.004,118.152],"dipPosition":[85.9693,134.645,64.1747],"direction":[-0.36659,-0.578229,0.728878],"extended":false,"handId":768,"id":7684,"length":42.2635,"mcpPosition":[105.978,164.743,68.1607],"pipPosition":[91.9687,144.108,52.2464],"stabilizedTipPosition":[85.1719,130.276,71.6241],"timeVisible":5.17768,"tipPosition":[85.7141,134.114,72.1161],"tipVelocity":[-22.7367,72.8424,204.323],"tool":false,"touchDistance":0.333333,"touchZone":"none","type":4,"width":14.876}],"r":[[0.171773,-0.632141,-0.755574],[0.259805,0.76889,-0.584217],[0.950261,-0.0959487,0.296308]],"s":0.544178,"t":[-13.2189,2.14059,-19.0897],"timestamp":747238477072},{"currentFrameRate":107.844,"devices":[],"gestures":[],"hands":[{"armBasis":[[-0.724282,0.525847,0.445983],[0.686511,0.489775,0.537422],[-0.0641704,-0.695418,0.715735]],"armWidth":58.2717,"confidence":1,"direction":[0.17554,0.0762269,-0.981517],"elbow":[96.7668,-34.0856,314.812],"grabAngle":3.14159,"grabStrength":1,"id":768,"palmNormal":[-0.808675,-0.557433,-0.18792],"palmPosition":[123.693,136.312,78.5286],"palmVelocity":[-2.85291,4.34553,-7.29572],"palmWidth":80.7374,"pinchDistance":11.2658,"pinchStrength":0.946413,"r":[[0.151485,-0.637317,-0.755566],[0.27019,0.761974,-0.588552],[0.950815,-0.114989,0.287624]],"s":0.545694,"sphereCenter":[104.41,114.271,59.0617],"sphereRadius":30.7989,"stabilizedPalmPosition":[124.012,136.096,78.5947],"t":[-13.2889,2.19788,-19.1298],"timeVisible":5.18583,"type":"left","wrist":[112.141,132.52,143.339]}],"id":1350986,"interactionBox":{"center":[0,200,0],"size":[235.247,235.247,147.751]},"pointables":[{"bases":[[[0.531627,0.846125,-0.0380157],[0.744998,-0.445792,0.496232],[-0.402928,0.292132,0.867357]],[[0.627368,0.721042,-0.294122],[0.724242,-0.401468,0.560622],[-0.286152,0.564731,0.774077]],[[0.627368,0.721042,-0.294122],[0.716118,-0.682573,-0.145839],[0.305916,0.119131,0.944576]],[[0.627368,0.721042,-0.294122],[0.359836,-0.60338,-0.711654],[0.6906,-0.340633,0.637998]]],"btipPosition":[110.928,92.1603,54.402],"carpPosition":[120.504,113.902,128.129],"dipPosition":[124.452,85.4899,66.8955],"direction":[-0.305916,-0.119131,-0.944576],"extended":false,"handId":768,"id":7680,"length":43.607,"mcpPosition":[120.504,113.902,128.129],"pipPosition":[133.179,88.8885,93.8429],"stabilizedTipPosition":[114.39,90.9118,57.1936],"timeVisible":5.18583,"tipPosition":[111.63,92.6915,56.6591],"tipVelocity":[-124.121,-107.074,30.6283],"tool":false,"touchDistance":0.347632,"touchZone":"hovering","type":0,"width":18.7601},{"bases":[[[-0.52401,0.827778,-0.200494],[0.839382,0.541822,0.0432109],[-0.144401,0.145648,0.978742]],[[-0.542484,0.840055,0.00442],[0.214554,0.143636,-0.966093],[0.812206,0.523141,0.258158]],[[-0.542484,0.840055,0.00442],[-0.812035,-0.523027,-0.258927],[0.215201,0.144053,-0.965887]],[[-0.542484,0.840055,0.00442],[-0.671605,-0.436852,0.59842],[-0.504637,-0.321665,-0.80117]]],"btipPosition":[115.275,103.585,79.6264],"carpPosition":[132.184,130.214,121.811],"dipPosition":[108.061,98.987,68.1729],"direction":[-0.215201,-0.144053,0.965887],"extended":false,"handId":768,"id":7681,"length":49.2057,"mcpPosition":[141.61,120.706,57.919],"pipPosition":[112.413,101.9,48.6388],"stabilizedTipPosition":[113.625,102.218,77.4855],"timeVisible":5.18583,"tipPosition":[109.554,99.9887,75.8139],"tipVelocity":[2.08445,58.0424,-110.962],"tool":false,"touchDistance":0.333333,"touchZone":"none","type":1,"width":17.9197},{"bases":[[[-0.674066,0.735267,-0.0708279],[0.735334,0.677033,0.0301706],[-0.0701363,0.0317451,0.997032]],[[-0.677059,0.735848,-0.0109144],[0.169707,0.141683,-0.975257],[0.716094,0.662159,0.220806]],[[-0.677059,0.735848,-0.0109144],[-0.711721,-0.658488,-0.244637],[0.187203,0.157866,-0.969553]],[[-0.677059,0.735848,-0.0109144],[-0.379768,-0.336647,0.861653],[-0.630371,-0.587535,-0.507381]]],"btipPosition":[108.782,116.715,79.6166],"carpPosition":[127.863,139.903,119.198],"dipPosition":[98.8707,107.476,71.6387],"direction":[-0.187203,-0.157866,0.969553],"extended":false,"handId":768,"id":7682,"length":56.0659,"mcpPosition":[132.205,137.938,57.4749],"pipPosition":[103.325,111.233,48.5697],"stabilizedTipPosition":[111.757,112.442,78.245],"timeVisible":5.18583,"tipPosition":[104.613,112.977,79.0774],"tipVelocity":[-73.8156,3.22734,59.8254],"tool":false,"touchDistance":0.333333,"touchZone":"none","type":2,"width":17.5995},{"bases":[[[-0.730542,0.678781,0.0745941],[0.682685,0.728502,0.056801],[0.0157865,-0.0924198,0.995595]],[[-0.730174,0.683102,0.01476],[0.288718,0.328048,-0.899459],[0.619264,0.6525,0.436756]],[[-0.730174,0.683102,0.01476],[-0.574208,-0.601783,-0.555106],[0.370311,0.413799,-0.831649]],[[-0.730174,0.683102,0.01476],[-0.653526,-0.704538,0.276641],[-0.199373,-0.19235,-0.96086]]],"btipPosition":[91.6952,122.556,80.3612],"carpPosition":[121.19,148.396,117.728],"dipPosition":[88.5784,119.549,65.3397],"direction":[-0.370311,-0.413799,0.831649],"extended":false,"handId":768,"id":7683,"length":53.9089,"mcpPosition":[120.313,153.533,62.3909],"pipPosition":[97.1618,129.14,46.063],"stabilizedTipPosition":[94.5087,112.788,73.5918],"timeVisible":5.18583,"tipPosition":[89.5552,120.381,75.1001],"tipVelocity":[14.0812,105.111,128.571],"tool":false,"touchDistance":0.333333,"touchZone":"none","type":3,"width":16.7471},{"bases":[[[-0.826495,0.53376,0.178905],[0.559443,0.814162,0.155446],[0.0626868,-0.228562,0.971509]],[[-0.826266,0.562641,0.0268095],[0.259603,0.422615,-0.868334],[0.499891,0.710515,0.495255]],[[-0.826266,0.562641,0.0268095],[-0.436961,-0.61021,-0.660839],[0.355456,0.557744,-0.750049]],[[-0.826266,0.562641,0.0268095],[-0.553231,-0.801657,-0.226455],[0.105921,0.201944,-0.973653]]],"btipPosition":[84.1824,131.957,79.8163],"carpPosition":[109.542,153.259,118.137],"dipPosition":[85.71,134.87,65.7738],"direction":[-0.355456,-0.557744,0.750049],"extended":false,"handId":768,"id":7684,"length":42.2635,"mcpPosition":[106.317,165.019,68.1516],"pipPosition":[91.5272,143.997,53.4991],"stabilizedTipPosition":[85.0529,130.714,72.5497],"timeVisible":5.18583,"tipPosition":[85.5372,134.485,72.6079],"tipVelocity":[-16.0085,38.5609,200.456],"tool":false,"touchDistance":0.333333,"touchZone":"none","type":4,"width":14.876}],"r":[[0.151485,-0.637317,-0.755566],[0.27019,0.761974,-0.588552],[0.950815,-0.114989,0.287624]],"s":0.545694,"t":[-13.2889,2.19788,-19.1298],"timestamp":747238485218},{"currentFrameRate":107.133,"devices":[],"gestures":[],"hands":[{"armBasis":[[-0.714401,0.534972,0.451039],[0.69701,0.487208,0.526123],[-0.0617116,-0.690242,0.720943]],"armWidth":58.2717,"confidence":1,"direction":[0.174068,0.0763436,-0.98177],"elbow":[97.5174,-32.7509,316.068],"grabAngle":3.14159,"grabStrength":1,"id":768,"palmNormal":[-0.813231,-0.551066,-0.187037],"palmPosition":[123.682,136.346,78.4779],"palmVelocity":[-1.06522,3.23979,-4.76734],"palmWidth":80.7374,"pinchDistance":12.7369,"pinchStrength":0.944455,"r":[[0.133905,-0.641144,-0.755648],[0.27926,0.756026,-0.591978],[0.950833,-0.131754,0.280282]],"s":0.550497,"sphereCenter":[104.26,114.531,58.9809],"sphereRadius":30.9779,"stabilizedPalmPosition":[123.956,136.138,78.5748],"t":[-13.3295,2.24374,-19.1752],"timeVisible":5.19646,"type":"left","wrist":[112.302,132.615,143.347]}],"id":1350987,"interactionBox":{"center":[0,200,0],"size":[235.247,235.247,147.751]},"pointables":[{"bases":[[[0.537891,0.842162,-0.0379004],[0.742657,-0.452103,0.494028],[-0.398917,0.29388,0.86862]],[[0.635082,0.709506,-0.305404],[0.721751,-0.404182,0.561883],[-0.275221,0.577268,0.768775]],[[0.635082,0.709506,-0.305404],[0.712429,-0.690811,-0.123388],[0.298521,0.139217,0.944195]],[[0.635082,0.709506,-0.305404],[0.364949,-0.624066,-0.690908],[0.680796,-0.327327,0.655267]]],"btipPosition":[110.77,90.7579,54.2329],"carpPosition":[120.428,113.889,128.052],"dipPosition":[124.102,84.348,67.0646],"direction":[-0.298521,-0.139217,-0.944195],"extended":false,"handId":768,"id":7680,"length":43.607,"mcpPosition":[120.428,113.889,128.052],"pipPosition":[132.618,88.3197,94.0011],"stabilizedTipPosition":[113.91,89.4995,57.1854],"timeVisible":5.19646,"tipPosition":[111.481,92.5258,56.6263],"tipVelocity":[-19.0005,-126.331,-8.5934],"tool":false,"touchDistance":0.344833,"touchZone":"hovering","type":0,"width":18.7601},{"bases":[[[-0.518189,0.831984,-0.198198],[0.843519,0.535436,0.0422419],[-0.141267,0.145295,0.979251]],[[-0.536222,0.844026,0.00925655],[0.223587,0.152606,-0.962663],[0.813926,0.514132,0.270544]],[[-0.536222,0.844026,0.00925655],[-0.813747,-0.51401,-0.27131],[0.224235,0.153015,-0.962447]],[[-0.536222,0.844026,0.00925655],[-0.636539,-0.411556,0.652257],[-0.554332,-0.343863,-0.757941]]],"btipPosition":[115.569,103.976,78.3829],"carpPosition":[132.216,130.121,121.734],"dipPosition":[107.645,99.0601,67.5474],"direction":[-0.224235,-0.153015,0.962447],"extended":false,"handId":768,"id":7681,"length":49.2057,"mcpPosition":[141.438,120.636,57.8084],"pipPosition":[112.179,102.155,48.0829],"stabilizedTipPosition":[113.683,102.515,76.73],"timeVisible":5.19646,"tipPosition":[109.575,100.323,75.7506],"tipVelocity":[12.2799,29.8708,-103.635],"tool":false,"touchDistance":0.333333,"touchZone":"none","type":1,"width":17.9197},{"bases":[[[-0.668667,0.740414,-0.0683535],[0.740463,0.671445,0.0296149],[-0.0678229,0.0308107,0.997222]],[[-0.67153,0.740929,-0.00843311],[0.169009,0.142078,-0.97532],[0.721445,0.656383,0.220633]],[[-0.67153,0.740929,-0.00843311],[-0.716088,-0.651857,-0.249603],[0.190435,0.161577,-0.968312]],[[-0.67153,0.740929,-0.00843311],[-0.405615,-0.358051,0.840997],[-0.620099,-0.568175,-0.540975]]],"btipPosition":[108.285,116.556,80.0562],"carpPosition":[127.963,139.846,119.144],"dipPosition":[98.5349,107.622,71.5501],"direction":[-0.190435,-0.161577,0.968312],"extended":false,"handId":768,"id":7682,"length":56.0659,"mcpPosition":[132.162,137.939,57.4089],"pipPosition":[103.066,111.467,48.5107],"stabilizedTipPosition":[111.212,112.639,78.2312],"timeVisible":5.19646,"tipPosition":[104.483,113.2,79.0011],"tipVelocity":[-43.3045,-8.32459,29.9357],"tool":false,"touchDistance":0.333333,"touchZone":"none","type":2,"width":17.5995},{"bases":[[[-0.725263,0.684141,0.0771042],[0.688258,0.723268,0.0564299],[0.017161,-0.0939941,0.995425]],[[-0.724987,0.688546,0.0172758],[0.275686,0.31308,-0.908833],[0.631182,0.65413,0.416802]],[[-0.724987,0.688546,0.0172758],[-0.589061,-0.606848,-0.533613],[0.356933,0.397039,-0.845553]],[[-0.724987,0.688546,0.0172758],[-0.648926,-0.691247,0.317919],[-0.230844,-0.219277,-0.94796]]],"btipPosition":[92.1365,123.387,81.2092],"carpPosition":[121.351,148.392,117.7],"dipPosition":[88.5276,119.959,66.3894],"direction":[-0.356933,-0.397039,0.845553],"extended":false,"handId":768,"id":7683,"length":53.9089,"mcpPosition":[120.397,153.616,62.3723],"pipPosition":[96.8009,129.162,46.7904],"stabilizedTipPosition":[94.3469,113.284,73.8045],"timeVisible":5.19646,"tipPosition":[89.5475,120.809,75.2829],"tipVelocity":[30.8694,69.1327,84.1606],"tool":false,"touchDistance":0.333333,"touchZone":"none","type":3,"width":16.7471},{"bases":[[[-0.822086,0.539691,0.181405],[0.565869,0.809708,0.155456],[0.0629866,-0.230449,0.971044]],[[-0.822235,0.568147,0.0337332],[0.238612,0.397921,-0.885846],[0.516714,0.720325,0.462752]],[[-0.822235,0.568147,0.0337332],[-0.455382,-0.621172,-0.637787],[0.341403,0.539773,-0.769474]],[[-0.822235,0.568147,0.0337332],[-0.561858,-0.800821,-0.20737],[0.0908023,0.18946,-0.977681]]],"btipPosition":[84.3161,132.32,81.1812],"carpPosition":[109.741,153.341,118.141],"dipPosition":[85.6257,135.053,67.0807],"direction":[-0.341403,-0.539773,0.769473],"extended":false,"handId":768,"id":7684,"length":42.2635,"mcpPosition":[106.5,165.198,68.1789],"pipPosition":[91.2129,143.886,54.488],"stabilizedTipPosition":[84.9825,131.076,73.4209],"timeVisible":5.19646,"tipPosition":[85.4287,134.663,73.0678],"tipVelocity":[7.86143,30.2856,127.182],"tool":false,"touchDistance":0.333333,"touchZone":"none","type":4,"width":14.876}],"r":[[0.133905,-0.641144,-0.755648],[0.27926,0.756026,-0.591978],[0.950833,-0.131754,0.280282]],"s":0.550497,"t":[-13.3295,2.24374,-19.1752],"timestamp":747238495845},{"currentFrameRate":108.15,"devices":[],"gestures":[],"hands":[{"armBasis":[[-0.707758,0.540832,0.454511],[0.703978,0.486098,0.517806],[-0.0591093,-0.686447,0.724773]],"armWidth":58.2717,"confidence":1,"direction":[0.173041,0.0780653,-0.981816],"elbow":[98.2104,-31.8822,316.95],"grabAngle":3.14159,"grabStrength":1,"id":768,"palmNormal":[-0.815466,-0.547674,-0.187268],"palmPosition":[123.634,136.357,78.4019],"palmVelocity":[-6.48039,1.45798,-10.272],"palmWidth":80.7374,"pinchDistance":14.4605,"pinchStrength":0.93022,"r":[[0.11913,-0.643707,-0.755943],[0.286811,0.751218,-0.594484],[0.950551,-0.145992,0.274115]],"s":0.558896,"sphereCenter":[103.986,114.809,58.811],"sphereRadius":31.1869,"stabilizedPalmPosition":[123.924,136.16,78.5577],"t":[-13.3738,2.27206,-19.236],"timeVisible":5.20386,"type":"left","wrist":[112.372,132.575,143.311]}],"id":1350988,"interactionBox":{"center":[0,200,0],"size":[235.247,235.247,147.751]},"pointables":[{"bases":[[[0.540882,0.840301,-0.0366051],[0.741671,-0.455966,0.491954],[-0.396699,0.293238,0.869851]],[[0.639426,0.702169,-0.313198],[0.720855,-0.405838,0.56184],[-0.267399,0.585026,0.765665]],[[0.639426,0.702169,-0.313198],[0.715474,-0.692561,-0.0919592],[0.28148,0.165284,0.945225]],[[0.639426,0.702169,-0.313198],[0.379018,-0.642298,-0.666182],[0.668939,-0.307267,0.676837]]],"btipPosition":[111.079,89.1818,53.7934],"carpPosition":[120.365,113.793,127.927],"dipPosition":[124.178,83.1648,67.0474],"direction":[-0.28148,-0.165284,-0.945225],"extended":false,"handId":768,"id":7680,"length":43.607,"mcpPosition":[120.365,113.793,127.927],"pipPosition":[132.208,87.8801,94.0134],"stabilizedTipPosition":[114.048,88.2044,56.9239],"timeVisible":5.20386,"tipPosition":[111.526,92.1572,56.4993],"tipVelocity":[34.4702,-200.775,-46.2705],"tool":false,"touchDistance":0.338547,"touchZone":"hovering","type":0,"width":18.7601},{"bases":[[[-0.515439,0.834323,-0.195517],[0.845505,0.532282,0.0423957],[-0.139442,0.143458,0.979783]],[[-0.533219,0.845857,0.0142696],[0.232009,0.162436,-0.959055],[0.813541,0.508076,0.282861]],[[-0.533219,0.845857,0.0142696],[-0.813356,-0.507946,-0.283624],[0.232657,0.16284,-0.958829]],[[-0.533219,0.845857,0.0142696],[-0.612428,-0.397595,0.683264],[-0.583617,-0.35559,-0.730032]]],"btipPosition":[115.699,104.159,77.3308],"carpPosition":[132.203,129.998,121.631],"dipPosition":[107.356,99.0753,66.8943],"direction":[-0.232657,-0.16284,0.958829],"extended":false,"handId":768,"id":7681,"length":49.2057,"mcpPosition":[141.306,120.633,57.6712],"pipPosition":[112.061,102.369,47.503],"stabilizedTipPosition":[113.709,102.645,76.2389],"timeVisible":5.20386,"tipPosition":[109.626,100.529,75.5715],"tipVelocity":[4.53432,19.5098,-129.775],"tool":false,"touchDistance":0.333333,"touchZone":"none","type":1,"width":17.9197},{"bases":[[[-0.666075,0.742987,-0.065691],[0.742925,0.668692,0.0302315],[-0.0663886,0.028667,0.997382]],[[-0.668857,0.743369,-0.00576574],[0.168259,0.14383,-0.975193],[0.724099,0.653235,0.22128]],[[-0.668857,0.743369,-0.00576574],[-0.718144,-0.648126,-0.253379],[0.192091,0.165334,-0.96735]],[[-0.668857,0.743369,-0.00576574],[-0.421274,-0.372634,0.826845],[-0.612502,-0.55547,-0.562401]]],"btipPosition":[107.949,116.425,80.2607],"carpPosition":[127.982,139.744,119.07],"dipPosition":[98.3183,107.691,71.4177],"direction":[-0.192091,-0.165334,0.96735],"extended":false,"handId":768,"id":7682,"length":56.0659,"mcpPosition":[132.092,137.97,57.3254],"pipPosition":[102.889,111.624,48.4011],"stabilizedTipPosition":[110.79,112.776,78.2309],"timeVisible":5.20386,"tipPosition":[104.382,113.304,78.8808],"tipVelocity":[-41.7047,-11.5782,17.1624],"tool":false,"touchDistance":0.333333,"touchZone":"none","type":2,"width":17.5995},{"bases":[[[-0.722681,0.68657,0.0797072],[0.690943,0.720639,0.0572399],[0.0181409,-0.0964394,0.995174]],[[-0.722469,0.691118,0.0198892],[0.26638,0.304778,-0.914413],[0.638029,0.655337,0.404292]],[[-0.722469,0.691118,0.0198892],[-0.598524,-0.610756,-0.518408],[0.346133,0.386437,-0.854902]],[[-0.722469,0.691118,0.0198892],[-0.642971,-0.682159,0.348207],[-0.25422,-0.238781,-0.937207]]],"btipPosition":[92.4894,123.954,81.6951],"carpPosition":[121.399,148.317,117.656],"dipPosition":[88.5151,120.221,67.0434],"direction":[-0.346133,-0.386437,0.854902],"extended":false,"handId":768,"id":7683,"length":53.9089,"mcpPosition":[120.391,153.677,62.342],"pipPosition":[96.5381,129.178,47.2277],"stabilizedTipPosition":[94.2378,113.67,73.9825],"timeVisible":5.20386,"tipPosition":[89.5448,121.057,75.3689],"tipVelocity":[36.3402,67.0877,70.8951],"tool":false,"touchDistance":0.333333,"touchZone":"none","type":3,"width":16.7471},{"bases":[[[-0.819888,0.542222,0.183791],[0.568999,0.807283,0.156635],[0.0634404,-0.233,0.970405]],[[-0.8203,0.570599,0.0390394],[0.224029,0.38337,-0.896012],[0.52623,0.726253,0.44231]],[[-0.8203,0.570599,0.0390394],[-0.467296,-0.629304,-0.620976],[0.329761,0.527629,-0.782857]],[[-0.8203,0.570599,0.0390394],[-0.566218,-0.800583,-0.196121],[0.0806524,0.182983,-0.979802]]],"btipPosition":[84.4143,132.534,82.0516],"carpPosition":[109.807,153.307,118.124],"dipPosition":[85.5775,135.173,67.9204],"direction":[-0.329761,-0.527629,0.782857],"extended":false,"handId":768,"id":7684,"length":42.2635,"mcpPosition":[106.543,165.295,68.1948],"pipPosition":[90.9742,143.808,55.1087],"stabilizedTipPosition":[84.9566,131.253,73.8828],"timeVisible":5.20386,"tipPosition":[85.3292,134.73,73.3635],"tipVelocity":[8.72387,26.0169,116.662],"tool":false,"touchDistance":0.333333,"touchZone":"none","type":4,"width":14.876}],"r":[[0.11913,-0.643707,-0.755943],[0.286811,0.751218,-0.594484],[0.950551,-0.145992,0.274115]],"s":0.558896,"t":[-13.3738,2.27206,-19.236],"timestamp":747238503245},{"currentFrameRate":108.812,"devices":[],"gestures":[],"hands":[{"armBasis":[[-0.700839,0.546568,0.458354],[0.71111,0.484809,0.509198],[-0.0560976,-0.682806,0.728443]],"armWidth":58.2717,"confidence":1,"direction":[0.171772,0.0800888,-0.981876],"elbow":[99.064,-31.0411,317.83],"grabAngle":3.14159,"grabStrength":1,"id":768,"palmNormal":[-0.81776,-0.54418,-0.187449],"palmPosition":[123.63,136.397,78.36],"palmVelocity":[-0.507288,4.93032,-5.24407],"palmWidth":80.7374,"pinchDistance":15.9575,"pinchStrength":0.91775,"r":[[0.106573,-0.645268,-0.756486],[0.293151,0.747391,-0.596212],[0.950108,-0.158224,0.268813]],"s":0.569111,"sphereCenter":[103.766,115.056,58.6645],"sphereRadius":31.3847,"stabilizedPalmPosition":[123.897,136.182,78.5393],"t":[-13.398,2.30594,-19.2873],"timeVisible":5.21186,"type":"left","wrist":[112.504,132.543,143.312]}],"id":1350989,"interactionBox":{"center":[0,200,0],"size":[235.247,235.247,147.751]},"pointables":[{"bases":[[[0.543896,0.838414,-0.0351965],[0.740774,-0.460005,0.48954],[-0.394247,0.292332,0.87127]],[[0.643372,0.695428,-0.320083],[0.720099,-0.407811,0.561381],[-0.259866,0.591668,0.763151]],[[0.643372,0.695428,-0.320083],[0.717542,-0.693521,-0.0645053],[0.266843,0.188172,0.945191]],[[0.643372,0.695428,-0.320083],[0.388938,-0.657049,-0.645766],[0.659394,-0.290976,0.693205]]],"btipPosition":[111.341,87.8332,53.4873],"carpPosition":[120.356,113.71,127.829],"dipPosition":[124.254,82.1352,67.0618],"direction":[-0.266843,-0.188172,-0.945191],"extended":false,"handId":768,"id":7680,"length":43.607,"mcpPosition":[120.356,113.71,127.829],"pipPosition":[131.866,87.5035,94.0268],"stabilizedTipPosition":[114.255,86.8801,56.6762],"timeVisible":5.21186,"tipPosition":[111.59,91.7885,56.3797],"tipVelocity":[27.4468,-159.442,-29.0548],"tool":false,"touchDistance":0.33454,"touchZone":"hovering","type":0,"width":18.7601},{"bases":[[[-0.51269,0.836728,-0.192443],[0.847514,0.52907,0.0424875],[-0.137366,0.141315,0.980388]],[[-0.530157,0.84767,0.0197346],[0.240452,0.172623,-0.955188],[0.813091,0.501654,0.295341]],[[-0.530157,0.84767,0.0197346],[-0.812899,-0.501517,-0.296102],[0.241099,0.173023,-0.954952]],[[-0.530157,0.84767,0.0197346],[-0.592088,-0.386768,0.706995],[-0.606931,-0.363134,-0.706943]]],"btipPosition":[115.783,104.323,76.3612],"carpPosition":[132.244,129.889,121.558],"dipPosition":[107.107,99.1313,66.2548],"direction":[-0.241099,-0.173023,0.954952],"extended":false,"handId":768,"id":7681,"length":49.2057,"mcpPosition":[141.211,120.664,57.5588],"pipPosition":[111.983,102.631,46.9419],"stabilizedTipPosition":[113.726,102.75,75.7607],"timeVisible":5.21186,"tipPosition":[109.701,100.752,75.3844],"tipVelocity":[0.94394,17.3816,-111.734],"tool":false,"touchDistance":0.333333,"touchZone":"none","type":1,"width":17.9197},{"bases":[[[-0.663453,0.745592,-0.0626244],[0.745415,0.665887,0.0308549],[-0.0647059,0.0262104,0.99756]],[[-0.666139,0.745822,-0.00269403],[0.167897,0.146437,-0.974868],[0.726684,0.64985,0.222769]],[[-0.666139,0.745822,-0.00269403],[-0.720218,-0.644201,-0.257469],[0.193762,0.16957,-0.966283]],[[-0.666139,0.745822,-0.00269403],[-0.432674,-0.3835,0.815917],[-0.607496,-0.54468,-0.578163]]],"btipPosition":[107.695,116.356,80.3722],"carpPosition":[128.055,139.658,119.03],"dipPosition":[98.1427,107.792,71.2813],"direction":[-0.193762,-0.16957,0.966283],"extended":false,"handId":768,"id":7682,"length":56.0659,"mcpPosition":[132.06,138.035,57.2745],"pipPosition":[102.753,111.826,48.2901],"stabilizedTipPosition":[110.274,112.933,78.2358],"timeVisible":5.21186,"tipPosition":[104.314,113.428,78.799],"tipVelocity":[-29.5271,-3.67554,6.80861],"tool":false,"touchDistance":0.333333,"touchZone":"none","type":2,"width":17.5995},{"bases":[[[-0.720036,0.68899,0.0827108],[0.693666,0.71795,0.0580861],[0.0193615,-0.0991978,0.994879]],[[-0.719901,0.693698,0.022905],[0.262067,0.302228,-0.916504],[0.6427,0.65379,0.399369]],[[-0.719901,0.693698,0.022905],[-0.605997,-0.612113,-0.508021],[0.338393,0.379605,-0.86104]],[[-0.719901,0.693698,0.022905],[-0.636971,-0.67342,0.375198],[-0.275699,-0.255516,-0.926662]]],"btipPosition":[92.864,124.526,81.8667],"carpPosition":[121.501,148.258,117.649],"dipPosition":[88.5539,120.532,67.3798],"direction":[-0.338393,-0.379606,0.86104],"extended":false,"handId":768,"id":7683,"length":53.9089,"mcpPosition":[120.424,153.772,62.3521],"pipPosition":[96.3975,129.33,47.4218],"stabilizedTipPosition":[94.0954,114.268,74.2566],"timeVisible":5.21186,"tipPosition":[89.5647,121.313,75.4527],"tipVelocity":[37.1764,64.0441,26.1872],"tool":false,"touchDistance":0.333333,"touchZone":"none","type":3,"width":16.7471},{"bases":[[[-0.817605,0.544717,0.186559],[0.572197,0.80477,0.157909],[0.0641215,-0.235856,0.96967]],[[-0.818263,0.573157,0.0439994],[0.212837,0.373177,-0.903017],[0.53399,0.729541,0.427346]],[[-0.818263,0.573157,0.0439994],[-0.477697,-0.635406,-0.606683],[0.319768,0.517445,-0.793725]],[[-0.818263,0.573157,0.0439994],[-0.570126,-0.79938,-0.1896],[0.0734982,0.180228,-0.980875]]],"btipPosition":[84.5373,132.773,82.7511],"carpPosition":[109.928,153.289,118.149],"dipPosition":[85.5974,135.372,68.6044],"direction":[-0.319768,-0.517445,0.793725],"extended":false,"handId":768,"id":7684,"length":42.2635,"mcpPosition":[106.629,165.424,68.2583],"pipPosition":[90.8305,143.84,55.6149],"stabilizedTipPosition":[84.9443,131.402,74.2769],"timeVisible":5.21186,"tipPosition":[85.2881,134.855,73.6479],"tipVelocity":[12.4127,28.6651,87.012],"tool":false,"touchDistance":0.333333,"touchZone":"none","type":4,"width":14.876}],"r":[[0.106573,-0.645268,-0.756486],[0.293151,0.747391,-0.596212],[0.950108,-0.158224,0.268813]],"s":0.569111,"t":[-13.398,2.30594,-19.2873],"timestamp":747238511243},{"currentFrameRate":109.084,"devices":[],"gestures":[],"hands":[{"armBasis":[[-0.695495,0.550702,0.461535],[0.7166,0.484551,0.501692],[-0.0526457,-0.67966,0.731636]],"armWidth":58.2717,"confidence":1,"direction":[0.17228,0.0826699,-0.981573],"elbow":[99.939,-30.3463,318.581],"grabAngle":3.14159,"grabStrength":1,"id":768,"palmNormal":[-0.818834,-0.541899,-0.189357],"palmPosition":[123.654,136.448,78.3277],"palmVelocity":[2.75246,5.88899,-3.72373],"palmWidth":80.7374,"pinchDistance":17.2712,"pinchStrength":0.906419,"r":[[0.0962954,-0.645993,-0.757246],[0.298538,0.7445,-0.597156],[0.949527,-0.168564,0.264546]],"s":0.58008,"sphereCenter":[103.688,115.233,58.4852],"sphereRadius":31.5728,"stabilizedPalmPosition":[123.873,136.208,78.5182],"t":[-13.3981,2.34843,-19.3291],"timeVisible":5.22053,"type":"left","wrist":[112.552,132.484,143.299]}],"id":1350990,"interactionBox":{"center":[0,200,0],"size":[235.247,235.247,147.751]},"pointables":[{"bases":[[[0.545665,0.837373,-0.0324986],[0.739638,-0.463022,0.488411],[-0.393935,0.290546,0.872008]],[[0.646599,0.690191,-0.32488],[0.718845,-0.408766,0.562293],[-0.255289,0.597116,0.760447]],[[0.646599,0.690191,-0.32488],[0.720037,-0.692847,-0.0388501],[0.251907,0.208806,0.944957]],[[0.646599,0.690191,-0.32488],[0.397815,-0.66848,-0.628393],[0.650887,-0.277076,0.706806]]],"btipPosition":[111.69,86.6409,53.2457],"carpPosition":[120.315,113.62,127.727],"dipPosition":[124.436,81.2151,67.0866],"direction":[-0.251907,-0.208806,-0.944957],"extended":false,"handId":768,"id":7680,"length":43.607,"mcpPosition":[120.315,113.62,127.727],"pipPosition":[131.623,87.1721,94.0449],"stabilizedTipPosition":[114.547,85.6957,56.4794],"timeVisible":5.22053,"tipPosition":[111.777,91.4044,56.2274],"tipVelocity":[35.8152,-130.16,-20.7747],"tool":false,"touchDistance":0.331595,"touchZone":"hovering","type":0,"width":18.7601},{"bases":[[[-0.510868,0.838375,-0.190109],[0.848606,0.527161,0.0443612],[-0.137409,0.138665,0.98076]],[[-0.528444,0.848616,0.0244257],[0.25049,0.183345,-0.9506],[0.811173,0.496221,0.309458]],[[-0.528444,0.848616,0.0244257],[-0.810973,-0.496075,-0.310214],[0.251136,0.18374,-0.950353]],[[-0.528444,0.848616,0.0244257],[-0.577468,-0.380389,0.722381],[-0.622316,-0.367633,-0.691063]]],"btipPosition":[115.867,104.442,75.4604],"carpPosition":[132.239,129.793,121.509],"dipPosition":[106.971,99.1866,65.581],"direction":[-0.251136,-0.18374,0.950353],"extended":false,"handId":768,"id":7681,"length":49.2057,"mcpPosition":[141.209,120.741,57.4854],"pipPosition":[112.05,102.903,46.3611],"stabilizedTipPosition":[113.742,102.832,75.3241],"timeVisible":5.22053,"tipPosition":[109.841,100.951,75.1471],"tipVelocity":[3.84616,12.073,-97.7835],"tool":false,"touchDistance":0.333333,"touchZone":"none","type":1,"width":17.9197},{"bases":[[[-0.661867,0.747167,-0.0606152],[0.746799,0.664226,0.033104],[-0.0649964,0.0233569,0.997612]],[[-0.664573,0.747223,-0.000685295],[0.169279,0.149662,-0.974139],[0.727796,0.647502,0.22595]],[[-0.664573,0.747223,-0.000685295],[-0.720846,-0.641355,-0.262764],[0.196783,0.174132,-0.96486]],[[-0.664573,0.747223,-0.000685295],[-0.440657,-0.391175,0.807962],[-0.60346,-0.537252,-0.589234]]],"btipPosition":[107.549,116.322,80.3596],"carpPosition":[128.071,139.578,119.009],"dipPosition":[98.0606,107.875,71.0947],"direction":[-0.196783,-0.174132,0.96486],"extended":false,"handId":768,"id":7682,"length":56.0659,"mcpPosition":[132.095,138.132,57.2501],"pipPosition":[102.743,112.018,48.1374],"stabilizedTipPosition":[109.708,113.1,78.235],"timeVisible":5.22053,"tipPosition":[104.3,113.527,78.6866],"tipVelocity":[-15.0953,-0.829376,-6.05787],"tool":false,"touchDistance":0.333333,"touchZone":"none","type":2,"width":17.5995},{"bases":[[[-0.718618,0.690248,0.0845304],[0.69515,0.716316,0.0604735],[0.0188088,-0.102219,0.994584]],[[-0.718453,0.695135,0.0247391],[0.260437,0.301812,-0.917105],[0.644979,0.652454,0.397877]],[[-0.718453,0.695135,0.0247391],[-0.610805,-0.61348,-0.50056],[0.33278,0.37474,-0.865348]],[[-0.718453,0.695135,0.0247391],[-0.629287,-0.664726,0.402661],[-0.296349,-0.273725,-0.915015]]],"btipPosition":[93.2976,125.079,81.859],"carpPosition":[121.536,148.196,117.652],"dipPosition":[88.6647,120.8,67.5542],"direction":[-0.33278,-0.37474,0.865348],"extended":false,"handId":768,"id":7683,"length":53.9089,"mcpPosition":[120.49,153.878,62.3708],"pipPosition":[96.3782,129.486,47.4964],"stabilizedTipPosition":[93.921,115.188,74.6602],"timeVisible":5.22053,"tipPosition":[89.6492,121.535,75.4729],"tipVelocity":[41.4055,56.1829,3.93937],"tool":false,"touchDistance":0.333333,"touchZone":"none","type":3,"width":16.7471},{"bases":[[[-0.816526,0.54587,0.187913],[0.573829,0.803091,0.160515],[0.0632909,-0.238894,0.968981]],[[-0.817177,0.574444,0.0472799],[0.204104,0.365108,-0.908316],[0.539039,0.732605,0.415604]],[[-0.817177,0.574444,0.0472799],[-0.485,-0.640974,-0.594917],[0.311441,0.509084,-0.802395]],[[-0.817177,0.574444,0.0472799],[-0.572278,-0.798842,-0.185334],[0.0686948,0.178508,-0.981538]]],"btipPosition":[84.6818,132.961,83.2988],"carpPosition":[109.974,153.25,118.163],"dipPosition":[85.6725,135.535,69.1427],"direction":[-0.311441,-0.509084,0.802395],"extended":false,"handId":768,"id":7684,"length":42.2635,"mcpPosition":[106.717,165.541,68.3072],"pipPosition":[90.7694,143.866,56.0112],"stabilizedTipPosition":[84.9423,131.526,74.6114],"timeVisible":5.22053,"tipPosition":[85.2948,134.944,73.8502],"tipVelocity":[14.8098,20.9826,62.8644],"tool":false,"touchDistance":0.333333,"touchZone":"none","type":4,"width":14.876}],"r":[[0.0962954,-0.645993,-0.757246],[0.298538,0.7445,-0.597156],[0.949527,-0.168564,0.264546]],"s":0.58008,"t":[-13.3981,2.34843,-19.3291],"timestamp":747238519922},{"currentFrameRate