{"frames":105,"data":[{"currentFrameRate":110.472,"devices":[],"gestures":[],"hands":[{"armBasis":[[0.829897,-0.0922207,-0.550242],[0.527565,0.450574,0.720179],[0.181509,-0.887963,0.422583]],"armWidth":63.4054,"confidence":1,"direction":[0.0928629,0.195432,-0.976311],"elbow":[86.8106,-95.5648,293.774],"grabAngle":2.56995,"grabStrength":0,"id":807,"palmNormal":[-0.703739,-0.680777,-0.203211],"palmPosition":[35.1365,161.393,115.818],"palmVelocity":[-3.80452,-22.7411,-19.7729],"palmWidth":87.9125,"pinchDistance":61.3308,"pinchStrength":0.211317,"r":[[0.957794,-0.27673,-0.077786],[0.214832,0.868904,-0.445929],[0.190991,0.410398,0.891682]],"s":1.20888,"sphereCenter":[11.5248,137.671,88.3978],"sphereRadius":46.7492,"stabilizedPalmPosition":[33.2526,159.072,114.622],"t":[49.7849,-39.8609,-52.0326],"timeVisible":13.7103,"type":"right","wrist":[39.4606,136.076,183.535]}],"id":1370478,"interactionBox":{"center":[0,200,0],"size":[235.247,235.247,147.751]},"pointables":[{"bases":[[[0.930998,0.362972,-0.0386564],[-0.288387,0.796318,0.531706],[0.223777,-0.483869,0.846046]],[[0.863041,0.456686,-0.215866],[-0.253257,0.760952,0.597338],[0.437059,-0.460858,0.772392]],[[0.863041,0.456686,-0.215866],[-0.448981,0.889349,0.0864578],[0.231464,0.022303,0.972588]],[[0.863041,0.456686,-0.215866],[-0.47247,0.880988,-0.0251395],[0.178694,0.123687,0.976099]]],"btipPosition":[-20.8895,179.377,81.1204],"carpPosition":[11.3651,160.533,170.21],"dipPosition":[-17.0186,182.056,102.265],"direction":[-0.231464,-0.022303,-0.972588],"extended":false,"handId":807,"id":8070,"length":48.2387,"mcpPosition":[11.3651,160.533,170.21],"pipPosition":[-9.7139,182.76,132.959],"stabilizedTipPosition":[-19.2857,173.546,52.7585],"timeVisible":13.7103,"tipPosition":[-20.119,181.202,86.209],"tipVelocity":[2.93582,-18.1278,-18.5258],"tool":false,"touchDistance":0.331885,"touchZone":"hovering","type":0,"width":20.4068},{"bases":[[[0.709956,-0.663103,-0.237184],[0.691989,0.719406,0.0600433],[0.130817,-0.206757,0.969607]],[[0.721383,-0.692261,-0.0195206],[0.692505,0.721331,0.010845],[0.00657326,-0.0213415,0.999751]],[[0.721383,-0.692261,-0.0195206],[0.692505,0.721331,0.010845],[0.00657326,-0.0213415,0.999751]],[[0.721383,-0.692261,-0.0195206],[0.689312,0.720456,-0.0761111],[0.0667525,0.0414495,0.996908]]],"btipPosition":[20.3463,185.281,16.568],"carpPosition":[31.109,169.914,163.377],"dipPosition":[21.402,185.936,32.3335],"direction":[-0.00657326,0.0213415,-0.999751],"extended":true,"handId":807,"id":8071,"length":54.432,"mcpPosition":[21.8104,184.61,94.4559],"pipPosition":[21.549,185.459,54.6999],"stabilizedTipPosition":[23.3251,181.431,-10.1732],"timeVisible":13.7103,"tipPosition":[17.9118,188.316,20.4832],"tipVelocity":[8.02202,-19.7542,-19.6785],"tool":false,"touchDistance":0.323983,"touchZone":"hovering","type":1,"width":19.4926},{"bases":[[[0.592663,-0.797801,-0.110743],[0.804758,0.59223,0.0403531],[0.0333917,-0.113037,0.993029]],[[0.593599,-0.803143,-0.0509979],[0.186925,0.199237,-0.961958],[0.782751,0.561485,0.268395]],[[0.593599,-0.803143,-0.0509979],[-0.715924,-0.498068,-0.489267],[0.367551,0.326939,-0.870642]],[[0.593599,-0.803143,-0.0509979],[-0.770242,-0.585356,0.253151],[-0.233169,-0.11099,-0.966082]]],"btipPosition":[-2.26302,139.306,120.939],"carpPosition":[40.5281,163.411,160.132],"dipPosition":[-6.31871,137.375,104.136],"direction":[-0.367551,-0.326939,0.870642],"extended":false,"handId":807,"id":8072,"length":62.0209,"mcpPosition":[38.2772,171.03,93.1939],"pipPosition":[3.35546,145.98,81.2197],"stabilizedTipPosition":[-4.62395,135.537,126.288],"timeVisible":13.7103,"tipPosition":[-3.62396,138.518,117.447],"tipVelocity":[-6.78568,-15.6594,-18.3545],"tool":false,"touchDistance":0.784575,"touchZone":"none","type":2,"width":19.1443},{"bases":[[[0.528754,-0.848099,0.0338716],[0.845699,0.529812,0.0639729],[-0.0722009,-0.00518078,0.997377]],[[0.523473,-0.846884,0.0936173],[0.280799,0.0677356,-0.957373],[0.804443,0.527447,0.273262]],[[0.523473,-0.846884,0.0936173],[-0.73966,-0.506216,-0.443451],[0.422942,0.162889,-0.891396]],[[0.523473,-0.846884,0.0936173],[-0.843151,-0.499043,0.200131],[-0.122768,-0.183696,-0.975286]]],"btipPosition":[10.5821,132.093,126.131],"carpPosition":[48.2018,154.592,158.072],"dipPosition":[8.45898,128.917,109.265],"direction":[-0.422942,-0.162889,0.891396],"extended":false,"handId":807,"id":8073,"length":59.6348,"mcpPosition":[52.5715,154.906,97.7097],"pipPosition":[19.3036,133.093,86.4089],"stabilizedTipPosition":[8.39497,128.344,129.902],"timeVisible":13.7103,"tipPosition":[9.71992,131.14,122.49],"tipVelocity":[-9.20679,-18.4359,-19.4979],"tool":false,"touchDistance":0.87087,"touchZone":"none","type":3,"width":18.217},{"bases":[[[0.369792,-0.918803,0.138041],[0.907921,0.388899,0.156325],[-0.197316,0.0675219,0.978012]],[[0.350286,-0.908835,0.226536],[0.427254,-0.0601903,-0.902126],[0.833519,0.41279,0.36722]],[[0.350286,-0.908835,0.226536],[-0.738493,-0.416751,-0.530044],[0.576132,0.0183718,-0.81715]],[[0.350286,-0.908835,0.226536],[-0.932602,-0.360863,-0.00568465],[0.0869149,-0.209277,-0.973986]]],"btipPosition":[22.9552,126.843,121.48],"carpPosition":[50.9972,141.129,157.958],"dipPosition":[24.3419,123.504,105.941],"direction":[-0.576132,-0.0183718,0.81715],"extended":false,"handId":807,"id":8074,"length":46.7525,"mcpPosition":[62.0516,137.346,103.166],"pipPosition":[34.7719,123.836,91.1477],"stabilizedTipPosition":[22.0574,124.391,123.341],"timeVisible":13.7103,"tipPosition":[22.6612,127.72,117.723],"tipVelocity":[-9.24717,-26.1353,-19.2655],"tool":false,"touchDistance":0.798439,"touchZone":"none","type":4,"width":16.1818}],"r":[[0.957794,-0.27673,-0.077786],[0.214832,0.868904,-0.445929],[0.190991,0.410398,0.891682]],"s":1.20888,"t":[49.7849,-39.8609,-52.0326],"timestamp":747410380744},{"currentFrameRate":110.69,"devices":[],"gestures":[],"hands":[{"armBasis":[[0.83175,-0.0911909,-0.54761],[0.525487,0.447455,0.723635],[0.179042,-0.889645,0.420091]],"armWidth":63.4054,"confidence":1,"direction":[0.0923921,0.194484,-0.976545],"elbow":[86.1301,-96.1349,292.931],"grabAngle":2.56985,"grabStrength":0,"id":807,"palmNormal":[-0.70442,-0.680388,-0.202149],"palmPosition":[35.0994,161.237,115.629],"palmVelocity":[-4.27883,-17.9903,-21.7674],"palmWidth":87.9125,"pinchDistance":61.3706,"pinchStrength":0.212631,"r":[[0.957472,-0.277742,-0.0781449],[0.215465,0.868424,-0.446558],[0.191891,0.410729,0.891336]],"s":1.2088,"sphereCenter":[11.4574,137.529,88.2496],"sphereRadius":46.7431,"stabilizedPalmPosition":[33.2675,159.09,114.63],"t":[49.7511,-40.0368,-52.2027],"timeVisible":13.719,"type":"right","wrist":[39.4238,135.945,183.343]}],"id":1370479,"interactionBox":{"center":[0,200,0],"size":[235.247,235.247,147.751]},"pointables":[{"bases":[[[0.931266,0.362184,-0.0395804],[-0.2874,0.797026,0.531179],[0.223931,-0.483293,0.846335]],[[0.863183,0.455877,-0.217003],[-0.251925,0.761367,0.597373],[0.437548,-0.460974,0.772046]],[[0.863183,0.455877,-0.217003],[-0.448617,0.88971,0.0846083],[0.231641,0.024319,0.972497]],[[0.863183,0.455877,-0.217003],[-0.472313,0.880987,-0.0279726],[0.178425,0.126639,0.97577]]],"btipPosition":[-20.9155,179.167,80.9748],"carpPosition":[11.3625,160.445,170.038],"dipPosition":[-17.0504,181.91,102.112],"direction":[-0.231641,-0.024319,-0.972497],"extended":false,"handId":807,"id":8070,"length":48.2387,"mcpPosition":[11.3625,160.445,170.038],"pipPosition":[-9.74012,182.678,132.803],"stabilizedTipPosition":[-19.2978,173.649,53.2994],"timeVisible":13.719,"tipPosition":[-20.1585,181.06,86.0377],"tipVelocity":[-3.1606,-22.5459,-17.0203],"tool":false,"touchDistance":0.329431,"touchZone":"hovering","type":0,"width":20.4068},{"bases":[[[0.709266,-0.66389,-0.237047],[0.69261,0.718899,0.0589541],[0.131274,-0.205995,0.969708]],[[0.720793,-0.692897,-0.0187463],[0.693121,0.720747,0.0103127],[0.00636567,-0.0204268,0.999771]],[[0.720793,-0.692897,-0.0187463],[0.693121,0.720747,0.0103127],[0.00636567,-0.0204268,0.999771]],[[0.720793,-0.692897,-0.0187463],[0.68993,0.719785,-0.0768538],[0.066745,0.042462,0.996866]]],"btipPosition":[20.3274,185.044,16.367],"carpPosition":[31.1096,169.804,163.183],"dipPosition":[21.3829,185.716,32.1318],"direction":[-0.00636567,0.0204268,-0.999771],"extended":true,"handId":807,"id":8071,"length":54.432,"mcpPosition":[21.7785,184.446,94.2554],"pipPosition":[21.5253,185.259,54.4987],"stabilizedTipPosition":[23.2559,181.525,-9.41507],"timeVisible":13.719,"tipPosition":[17.8462,188.078,20.2808],"tipVelocity":[-2.19432,-26.9522,-23.265],"tool":false,"touchDistance":0.32063,"touchZone":"hovering","type":1,"width":19.4926},{"bases":[[[0.591946,-0.798379,-0.11041],[0.805263,0.591614,0.0393051],[0.0339399,-0.112176,0.993109]],[[0.592916,-0.803669,-0.050661],[0.186166,0.19801,-0.962359],[0.783449,0.561166,0.267019]],[[0.592916,-0.803669,-0.050661],[-0.716655,-0.497937,-0.488328],[0.367228,0.325844,-0.871189]],[[0.592916,-0.803669,-0.050661],[-0.770415,-0.58444,0.254737],[-0.234332,-0.112007,-0.965683]]],"btipPosition":[-2.30922,139.188,120.809],"carpPosition":[40.5213,163.29,159.939],"dipPosition":[-6.38514,137.24,104.012],"direction":[-0.367228,-0.325844,0.871189],"extended":false,"handId":807,"id":8072,"length":62.0209,"mcpPosition":[38.2334,170.852,92.995],"pipPosition":[3.28052,145.816,81.0822],"stabilizedTipPosition":[-4.6148,135.559,126.226],"timeVisible":13.719,"tipPosition":[-3.67796,138.396,117.304],"tipVelocity":[-5.88063,-14.074,-14.8563],"tool":false,"touchDistance":0.782434,"touchZone":"none","type":2,"width":19.1443},{"bases":[[[0.528089,-0.848496,0.0342904],[0.846168,0.529184,0.0629545],[-0.0715626,-0.00423009,0.997427]],[[0.522847,-0.847223,0.0940384],[0.280118,0.0665738,-0.957654],[0.805086,0.527049,0.272131]],[[0.522847,-0.847223,0.0940384],[-0.740306,-0.505995,-0.442625],[0.422585,0.161808,-0.891762]],[[0.522847,-0.847223,0.0940384],[-0.843423,-0.498177,0.201139],[-0.123562,-0.184479,-0.975038]]],"btipPosition":[10.5244,131.965,125.99],"carpPosition":[48.1865,154.464,157.882],"dipPosition":[8.38756,128.775,109.128],"direction":[-0.422585,-0.161808,0.891762],"extended":false,"handId":807,"id":8073,"length":59.6348,"mcpPosition":[52.5176,154.72,97.516],"pipPosition":[19.223,132.924,86.262],"stabilizedTipPosition":[8.40578,128.363,129.851],"timeVisible":13.719,"tipPosition":[9.6629,131.011,122.346],"tipVelocity":[-7.03606,-15.1831,-16.2785],"tool":false,"touchDistance":0.868524,"touchZone":"none","type":3,"width":18.217},{"bases":[[[0.369138,-0.918978,0.138625],[0.908336,0.388303,0.155393],[-0.196631,0.0685565,0.978078]],[[0.3502,-0.909248,0.225006],[0.425935,-0.0593615,-0.902804],[0.83423,0.412001,0.366492]],[[0.3502,-0.909248,0.225006],[-0.739276,-0.415814,-0.529689],[0.575179,0.0191555,-0.817803]],[[0.3502,-0.909248,0.225006],[-0.932719,-0.360564,-0.00534873],[0.0859925,-0.207995,-0.974343]]],"btipPosition":[22.8993,126.645,121.338],"carpPosition":[50.9709,140.998,157.778],"dipPosition":[24.2712,123.327,105.793],"direction":[-0.575179,-0.0191555,0.817803],"extended":false,"handId":807,"id":8074,"length":46.7525,"mcpPosition":[61.987,137.158,102.982],"pipPosition":[34.684,123.674,90.9875],"stabilizedTipPosition":[22.0729,124.411,123.266],"timeVisible":13.719,"tipPosition":[22.6002,127.57,117.574],"tipVelocity":[-6.85923,-22.2901,-16.6532],"tool":false,"touchDistance":0.796038,"touchZone":"none","type":4,"width":16.1818}],"r":[[0.957472,-0.277742,-0.0781449],[0.215465,0.868424,-0.446558],[0.191891,0.410729,0.891336]],"s":1.2088,"t":[49.7511,-40.0368,-52.2027],"timestamp":747410389392},{"currentFrameRate":110.554,"devices":[],"gestures":[],"hands":[{"armBasis":[[0.833684,-0.0902379,-0.544819],[0.523268,0.444435,0.727096],[0.176525,-0.891255,0.417737]],"armWidth":63.4054,"confidence":1,"direction":[0.0920351,0.192732,-0.976926],"elbow":[85.4193,-96.6741,292.143],"grabAngle":2.56985,"grabStrength":0,"id":807,"palmNormal":[-0.705336,-0.679903,-0.200583],"palmPosition":[35.0537,161.047,115.444],"palmVelocity":[-4.925,-20.5344,-20.0053],"palmWidth":87.9125,"pinchDistance":61.3975,"pinchStrength":0.214217,"r":[[0.957139,-0.278802,-0.0784521],[0.216121,0.867839,-0.447378],[0.192814,0.411248,0.890897]],"s":1.2087,"sphereCenter":[11.3665,137.341,88.1243],"sphereRadius":46.7338,"stabilizedPalmPosition":[33.2813,159.105,114.636],"t":[49.7114,-40.22,-52.3806],"timeVisible":13.7283,"type":"right","wrist":[39.3696,135.826,183.169]}],"id":1370480,"interactionBox":{"center":[0,200,0],"size":[235.247,235.247,147.751]},"pointables":[{"bases":[[[0.931665,0.361027,-0.0407455],[-0.28615,0.798255,0.530007],[0.223872,-0.48213,0.847014]],[[0.863552,0.454533,-0.218351],[-0.250306,0.762283,0.596885],[0.437749,-0.460787,0.772044]],[[0.863552,0.454533,-0.218351],[-0.447931,0.890316,0.0818229],[0.231593,0.0271477,0.972434]],[[0.863552,0.454533,-0.218351],[-0.471925,0.881044,-0.0323749],[0.177661,0.131003,0.975333]]],"btipPosition":[-20.9212,178.903,80.816],"carpPosition":[11.3484,160.374,169.868],"dipPosition":[-17.0727,181.741,101.944],"direction":[-0.231593,-0.0271477,-0.972434],"extended":false,"handId":807,"id":8070,"length":48.2387,"mcpPosition":[11.3484,160.374,169.868],"pipPosition":[-9.7639,182.598,132.633],"stabilizedTipPosition":[-19.3098,173.745,53.8279],"timeVisible":13.7283,"tipPosition":[-20.1979,180.877,85.8507],"tipVelocity":[-1.02294,-26.1041,-17.3354],"tool":false,"touchDistance":0.326748,"touchZone":"hovering","type":0,"width":20.4068},{"bases":[[[0.708348,-0.665118,-0.236352],[0.693485,0.718186,0.0573305],[0.131613,-0.204516,0.969975]],[[0.719954,-0.693803,-0.0174039],[0.693992,0.719928,0.00888979],[0.00636175,-0.0184784,0.999809]],[[0.719954,-0.693803,-0.0174039],[0.693992,0.719928,0.00888979],[0.00636175,-0.0184784,0.999809]],[[0.719954,-0.693803,-0.0174039],[0.690795,0.718798,-0.0783032],[0.0668369,0.0443523,0.996778]]],"btipPosition":[20.2948,184.682,16.1491],"carpPosition":[31.1023,169.698,162.986],"dipPosition":[21.3518,185.384,31.9125],"direction":[-0.00636175,0.0184784,-0.999809],"extended":true,"handId":807,"id":8071,"length":54.432,"mcpPosition":[21.7471,184.235,94.0385],"pipPosition":[21.4941,184.97,54.2803],"stabilizedTipPosition":[23.1859,181.611,-8.66322],"timeVisible":13.7283,"tipPosition":[17.7835,187.737,20.0594],"tipVelocity":[-3.47332,-38.2496,-23.4918],"tool":false,"touchDistance":0.316994,"touchZone":"hovering","type":1,"width":19.4926},{"bases":[[[0.590946,-0.799256,-0.109419],[0.805977,0.590737,0.0378288],[0.0344029,-0.110544,0.993276]],[[0.591946,-0.804446,-0.0496613],[0.185438,0.195898,-0.962931],[0.784355,0.560794,0.265136]],[[0.591946,-0.804446,-0.0496613],[-0.717566,-0.497952,-0.486974],[0.367015,0.323897,-0.872004]],[[0.591946,-0.804446,-0.0496613],[-0.770745,-0.583012,0.257001],[-0.235697,-0.113854,-0.965134]]],"btipPosition":[-2.36834,139.055,120.701],"carpPosition":[40.5044,163.168,159.746],"dipPosition":[-6.468,137.075,103.914],"direction":[-0.367015,-0.323897,0.872004],"extended":false,"handId":807,"id":8072,"length":62.0209,"mcpPosition":[38.1854,170.62,92.7912],"pipPosition":[3.19207,145.6,80.9624],"stabilizedTipPosition":[-4.60594,135.579,126.162],"timeVisible":13.7283,"tipPosition":[-3.74876,138.254,117.179],"tipVelocity":[-6.954,-15.0624,-11.3796],"tool":false,"touchDistance":0.780673,"touchZone":"none","type":2,"width":19.1443},{"bases":[[[0.527117,-0.849055,0.035404],[0.846824,0.528299,0.0615588],[-0.0709707,-0.00246769,0.997475]],[[0.521913,-0.847675,0.095153],[0.279441,0.0645152,-0.957993],[0.805928,0.526578,0.270546]],[[0.521913,-0.847675,0.095153],[-0.741089,-0.505845,-0.441483],[0.422367,0.159899,-0.89221]],[[0.521913,-0.847675,0.095153],[-0.843879,-0.496841,0.202528],[-0.124402,-0.185999,-0.974643]]],"btipPosition":[10.4455,131.818,125.875],"carpPosition":[48.1581,154.329,157.699],"dipPosition":[8.29416,128.602,109.019],"direction":[-0.422367,-0.159899,0.89221],"extended":false,"handId":807,"id":8073,"length":59.6348,"mcpPosition":[52.4534,154.479,97.3309],"pipPosition":[19.124,132.702,86.1423],"stabilizedTipPosition":[8.41635,128.382,129.797],"timeVisible":13.7283,"tipPosition":[9.58608,130.862,122.226],"tipVelocity":[-8.85259,-16.4627,-12.2143],"tool":false,"touchDistance":0.866633,"touchZone":"none","type":3,"width":18.217},{"bases":[[[0.368146,-0.919175,0.139952],[0.908882,0.387501,0.154197],[-0.195966,0.0704326,0.978078]],[[0.349766,-0.909605,0.224237],[0.424611,-0.0594394,-0.903422],[0.835086,0.4112,0.365439]],[[0.349766,-0.909605,0.224237],[-0.740184,-0.415037,-0.529029],[0.574274,0.0190595,-0.818441]],[[0.349766,-0.909605,0.224237],[-0.932967,-0.35993,-0.00478823],[0.0850652,-0.207531,-0.974523]]],"btipPosition":[22.8209,126.422,121.225],"carpPosition":[50.9267,140.86,157.617],"dipPosition":[24.1781,123.111,105.677],"direction":[-0.574274,-0.0190595,0.818441],"extended":false,"handId":807,"id":8074,"length":46.7525,"mcpPosition":[61.9055,136.914,102.821],"pipPosition":[34.5745,123.456,90.8607],"stabilizedTipPosition":[22.0879,124.428,123.187],"timeVisible":13.7283,"tipPosition":[22.5183,127.392,117.453],"tipVelocity":[-8.80001,-23.8146,-12.1707],"tool":false,"touchDistance":0.794154,"touchZone":"none","type":4,"width":16.1818}],"r":[[0.957139,-0.278802,-0.0784521],[0.216121,0.867839,-0.447378],[0.192814,0.411248,0.890897]],"s":1.2087,"t":[49.7114,-40.22,-52.3806],"timestamp":747410398679},{"currentFrameRate":110.819,"devices":[],"gestures":[],"hands":[{"armBasis":[[0.835803,-0.0892746,-0.541723],[0.52068,0.441848,0.730522],[0.174142,-0.892637,0.415782]],"armWidth":63.4054,"confidence":1,"direction":[0.0911443,0.190481,-0.977451],"elbow":[84.802,-97.0631,291.489],"grabAngle":2.56957,"grabStrength":0,"id":807,"palmNormal":[-0.705841,-0.680037,-0.19834],"palmPosition":[35.0289,160.906,115.276],"palmVelocity":[-2.90129,-16.4407,-19.6083],"palmWidth":87.9125,"pinchDistance":61.4443,"pinchStrength":0.216107,"r":[[0.956831,-0.279771,-0.0787622],[0.216632,0.867147,-0.44847],[0.193768,0.412048,0.890321]],"s":1.20856,"sphereCenter":[11.2941,137.197,88.038],"sphereRadius":46.7204,"stabilizedPalmPosition":[33.2919,159.116,114.64],"t":[49.6791,-40.382,-52.5534],"timeVisible":13.7368,"type":"right","wrist":[39.3738,135.797,183.025]}],"id":1370481,"interactionBox":{"center":[0,200,0],"size":[235.247,235.247,147.751]},"pointables":[{"bases":[[[0.931785,0.360514,-0.0424924],[-0.285262,0.799579,0.528487],[0.224503,-0.480315,0.847878]],[[0.863501,0.453683,-0.220311],[-0.248867,0.763228,0.596278],[0.438669,-0.460059,0.771955]],[[0.863501,0.453683,-0.220311],[-0.447814,0.89064,0.0788915],[0.232009,0.0305354,0.972234]],[[0.863501,0.453683,-0.220311],[-0.472337,0.880603,-0.0378942],[0.176815,0.136783,0.974693]]],"btipPosition":[-20.9311,178.629,80.6978],"carpPosition":[11.3777,160.367,169.725],"dipPosition":[-17.1009,181.592,101.812],"direction":[-0.232009,-0.0305354,-0.972234],"extended":false,"handId":807,"id":8070,"length":48.2387,"mcpPosition":[11.3777,160.367,169.725],"pipPosition":[-9.77895,182.555,132.494],"stabilizedTipPosition":[-19.3208,173.828,54.2982],"timeVisible":13.7368,"tipPosition":[-20.2424,180.687,85.6927],"tipVelocity":[-1.64717,-28.6839,-14.1983],"tool":false,"touchDistance":0.324724,"touchZone":"hovering","type":0,"width":20.4068},{"bases":[[[0.707813,-0.665969,-0.235555],[0.693863,0.718002,0.0550137],[0.132492,-0.202382,0.970303]],[[0.719611,-0.694194,-0.0159739],[0.694348,0.719602,0.00731199],[0.00641895,-0.0163533,0.999846]],[[0.719611,-0.694194,-0.0159739],[0.694348,0.719602,0.00731199],[0.00641895,-0.0163533,0.999846]],[[0.719611,-0.694194,-0.0159739],[0.691119,0.71827,-0.0802608],[0.0671902,0.0467166,0.996646]]],"btipPosition":[20.2498,184.33,15.9421],"carpPosition":[31.1289,169.667,162.802],"dipPosition":[21.3124,185.068,31.7035],"direction":[-0.00641895,0.0163533,-0.999846],"extended":true,"handId":807,"id":8071,"length":54.432,"mcpPosition":[21.7112,184.052,93.8317],"pipPosition":[21.456,184.703,54.072],"stabilizedTipPosition":[23.1241,181.677,-8.01495],"timeVisible":13.7368,"tipPosition":[17.6876,187.376,19.8476],"tipVelocity":[-5.10818,-40.2078,-24.2543],"tool":false,"touchDistance":0.313536,"touchZone":"hovering","type":1,"width":19.4926},{"bases":[[[0.590479,-0.799767,-0.108202],[0.806279,0.590458,0.0356878],[0.0353468,-0.108314,0.993488]],[[0.591536,-0.804823,-0.0484337],[0.184425,0.193539,-0.963603],[0.784903,0.561073,0.262915]],[[0.591536,-0.804823,-0.0484337],[-0.718159,-0.498628,-0.485405],[0.366514,0.321917,-0.872947]],[[0.591536,-0.804823,-0.0484337],[-0.7706,-0.58201,0.25969],[-0.237194,-0.116293,-0.964477]]],"btipPosition":[-2.39676,138.944,120.622],"carpPosition":[40.5249,163.125,159.568],"dipPosition":[-6.52246,136.921,103.846],"direction":[-0.366514,-0.321917,0.872947],"extended":false,"handId":807,"id":8072,"length":62.0209,"mcpPosition":[38.1422,170.426,92.5988],"pipPosition":[3.12443,145.395,80.8691],"stabilizedTipPosition":[-4.59826,135.597,126.105],"timeVisible":13.7368,"tipPosition":[-3.78197,138.135,117.102],"tipVelocity":[-4.02253,-14.1395,-9.03884],"tool":false,"touchDistance":0.779384,"touchZone":"none","type":2,"width":19.1443},{"bases":[[[0.526772,-0.84921,0.036797],[0.847121,0.528056,0.0595181],[-0.0699742,-0.000180946,0.997549]],[[0.521628,-0.847692,0.0965478],[0.278581,0.0622692,-0.958392],[0.80641,0.526821,0.268632]],[[0.521628,-0.847692,0.0965478],[-0.741525,-0.506422,-0.440087],[0.421953,0.157969,-0.89275]],[[0.521628,-0.847692,0.0965478],[-0.843942,-0.496069,0.20415],[-0.125162,-0.187971,-0.974167]]],"btipPosition":[10.4035,131.703,125.789],"carpPosition":[48.1726,154.278,157.534],"dipPosition":[8.23897,128.452,108.942],"direction":[-0.421953,-0.157969,0.892749],"extended":false,"handId":807,"id":8073,"length":59.6348,"mcpPosition":[52.4075,154.289,97.1607],"pipPosition":[19.0582,132.502,86.0513],"stabilizedTipPosition":[8.42545,128.397,129.749],"timeVisible":13.7368,"tipPosition":[9.55499,130.748,122.151],"tipVelocity":[-5.26922,-14.4593,-9.76846],"tool":false,"touchDistance":0.86524,"touchZone":"none","type":3,"width":18.217},{"bases":[[[0.367874,-0.919021,0.141662],[0.909209,0.38744,0.152413],[-0.194956,0.0727315,0.978112]],[[0.349967,-0.90951,0.22431],[0.423399,-0.0600214,-0.903953],[0.835618,0.411326,0.36408]],[[0.349967,-0.90951,0.22431],[-0.74068,-0.415261,-0.528159],[0.573513,0.0186962,-0.818983]],[[0.349967,-0.90951,0.22431],[-0.932954,-0.359972,-0.00399265],[0.0843767,-0.207873,-0.97451]]],"btipPosition":[22.7801,126.249,121.139],"carpPosition":[50.935,140.808,157.479],"dipPosition":[24.1262,122.933,105.592],"direction":[-0.573513,-0.0186962,0.818983],"extended":false,"handId":807,"id":8074,"length":46.7525,"mcpPosition":[61.8572,136.733,102.681],"pipPosition":[34.5089,123.271,90.7653],"stabilizedTipPosition":[22.1005,124.442,123.116],"timeVisible":13.7368,"tipPosition":[22.4823,127.256,117.374],"tipVelocity":[-5.07478,-20.4005,-10.034],"tool":false,"touchDistance":0.792724,"touchZone":"none","type":4,"width":16.1818}],"r":[[0.956831,-0.279771,-0.0787622],[0.216632,0.867147,-0.44847],[0.193768,0.412048,0.890321]],"s":1.20856,"t":[49.6791,-40.382,-52.5534],"timestamp":747410407233},{"currentFrameRate":111.119,"devices":[],"gestures":[],"hands":[{"armBasis":[[0.838278,-0.0882061,-0.538061],[0.517488,0.439547,0.734169],[0.171745,-0.893878,0.414108]],"armWidth":63.4054,"confidence":1,"direction":[0.0910907,0.189009,-0.977741],"elbow":[84.168,-97.42,290.919],"grabAngle":2.56931,"grabStrength":0,"id":807,"palmNormal":[-0.705702,-0.680485,-0.197292],"palmPosition":[35.044,160.801,115.127],"palmVelocity":[1.78296,-12.3935,-17.525],"palmWidth":87.9125,"pinchDistance":61.4727,"pinchStrength":0.218203,"r":[[0.956595,-0.280531,-0.0789267],[0.217003,0.866465,-0.449609],[0.194516,0.412966,0.889732]],"s":1.20837,"sphereCenter":[11.3073,137.083,87.9314],"sphereRadius":46.7068,"stabilizedPalmPosition":[33.3005,159.124,114.642],"t":[49.6705,-40.5155,-52.714],"timeVisible":13.7453,"type":"right","wrist":[39.3653,135.764,182.892]}],"id":1370482,"interactionBox":{"center":[0,200,0],"size":[235.247,235.247,147.751]},"pointables":[{"bases":[[[0.93171,0.360643,-0.0430561],[-0.285421,0.800326,0.52727],[0.224615,-0.478974,0.848606]],[[0.863438,0.453494,-0.220948],[-0.248616,0.763656,0.595836],[0.438936,-0.459536,0.772115]],[[0.863438,0.453494,-0.220948],[-0.448255,0.890643,0.0763105],[0.231392,0.0331515,0.972296]],[[0.863438,0.453494,-0.220948],[-0.473397,0.879733,-0.0443333],[0.17427,0.142875,0.974277]]],"btipPosition":[-20.8534,178.362,80.5498],"carpPosition":[11.3937,160.34,169.578],"dipPosition":[-17.0783,181.457,101.655],"direction":[-0.231392,-0.0331515,-0.972296],"extended":false,"handId":807,"id":8070,"length":48.2387,"mcpPosition":[11.3937,160.34,169.578],"pipPosition":[-9.77582,182.503,132.339],"stabilizedTipPosition":[-19.3301,173.901,54.7351],"timeVisible":13.7453,"tipPosition":[-20.2303,180.517,85.5142],"tipVelocity":[7.68018,-27.8854,-17.7149],"tool":false,"touchDistance":0.322223,"touchZone":"hovering","type":0,"width":20.4068},{"bases":[[[0.707948,-0.66618,-0.234549],[0.693715,0.718229,0.0539079],[0.132548,-0.200874,0.970608]],[[0.71974,-0.694094,-0.0143966],[0.69422,0.719732,0.00672876],[0.00569128,-0.0148374,0.999874]],[[0.71974,-0.694094,-0.0143966],[0.69422,0.719732,0.00672876],[0.00569128,-0.0148374,0.999874]],[[0.71974,-0.694094,-0.0143966],[0.691056,0.718267,-0.080828],[0.0664428,0.0482263,0.996624]]],"btipPosition":[20.3168,184.071,15.7572],"carpPosition":[31.1429,169.633,162.64],"dipPosition":[21.3676,184.834,31.5182],"direction":[-0.00569128,0.0148374,-0.999874],"extended":true,"handId":807,"id":8071,"length":54.432,"mcpPosition":[21.7212,183.912,93.6482],"pipPosition":[21.4949,184.502,53.8874],"stabilizedTipPosition":[23.0697,181.731,-7.43476],"timeVisible":13.7453,"tipPosition":[17.7064,187.111,19.6581],"tipVelocity":[7.59113,-29.876,-21.8427],"tool":false,"touchDistance":0.310452,"touchZone":"hovering","type":1,"width":19.4926},{"bases":[[[0.590643,-0.799809,-0.10699],[0.806157,0.590679,0.034775],[0.0353835,-0.10679,0.993652]],[[0.591702,-0.804773,-0.0472143],[0.184173,0.191965,-0.963966],[0.784837,0.561685,0.261804]],[[0.591702,-0.804773,-0.0472143],[-0.71801,-0.499471,-0.484758],[0.366538,0.320732,-0.873373]],[[0.591702,-0.804773,-0.0472143],[-0.770365,-0.581719,0.261037],[-0.237541,-0.118084,-0.964173]]],"btipPosition":[-2.37556,138.84,120.514],"carpPosition":[40.5401,163.089,159.416],"dipPosition":[-6.50731,136.786,103.743],"direction":[-0.366538,-0.320732,0.873373],"extended":false,"handId":807,"id":8072,"length":62.0209,"mcpPosition":[38.155,170.287,92.4358],"pipPosition":[3.14019,145.228,80.7557],"stabilizedTipPosition":[-4.5914,135.612,126.054],"timeVisible":13.7453,"tipPosition":[-3.76189,138.025,116.989],"tipVelocity":[2.33788,-13.1133,-12.5443],"tool":false,"touchDistance":0.777613,"touchZone":"none","type":2,"width":19.1443},{"bases":[[[0.526949,-0.849043,0.038085],[0.847013,0.528322,0.0586999],[-0.0699599,0.00132663,0.997549]],[[0.521806,-0.847436,0.0978335],[0.278555,0.0608653,-0.95849],[0.806304,0.527397,0.267818]],[[0.521806,-0.847436,0.0978335],[-0.741267,-0.507188,-0.439641],[0.422188,0.156887,-0.892829]],[[0.521806,-0.847436,0.0978335],[-0.843868,-0.495981,0.20467],[-0.124921,-0.189356,-0.97393]]],"btipPosition":[10.4139,131.601,125.682],"carpPosition":[48.1896,154.24,157.395],"dipPosition":[8.25354,128.327,108.839],"direction":[-0.422188,-0.156887,0.892829],"extended":false,"handId":807,"id":8073,"length":59.6348,"mcpPosition":[52.4237,154.16,97.0221],"pipPosition":[19.0788,132.349,85.9464],"stabilizedTipPosition":[8.43343,128.41,129.707],"timeVisible":13.7453,"tipPosition":[9.57674,130.649,122.049],"tipVelocity":[1.34148,-12.5901,-12.5148],"tool":false,"touchDistance":0.863474,"touchZone":"none","type":3,"width":18.217},{"bases":[[[0.368067,-0.918728,0.143059],[0.909131,0.387861,0.151808],[-0.194957,0.0741834,0.978002]],[[0.350487,-0.909315,0.22429],[0.423043,-0.0599513,-0.904124],[0.83558,0.411768,0.363667]],[[0.350487,-0.909315,0.22429],[-0.740489,-0.415675,-0.528101],[0.573441,0.0190084,-0.819026]],[[0.350487,-0.909315,0.22429],[-0.932741,-0.360523,-0.00408057],[0.0845722,-0.207774,-0.974514]]],"btipPosition":[22.7994,126.109,121.042],"carpPosition":[50.9549,140.77,157.361],"dipPosition":[24.1487,122.794,105.494],"direction":[-0.573441,-0.0190084,0.819026],"extended":false,"handId":807,"id":8074,"length":46.7525,"mcpPosition":[61.8772,136.614,102.569],"pipPosition":[34.53,123.138,90.6668],"stabilizedTipPosition":[22.1122,124.452,123.051],"timeVisible":13.7453,"tipPosition":[22.5059,127.148,117.278],"tipVelocity":[2.37051,-16.5206,-11.5233],"tool":false,"touchDistance":0.791097,"touchZone":"none","type":4,"width":16.1818}],"r":[[0.956595,-0.280531,-0.0789267],[0.217003,0.866465,-0.449609],[0.194516,0.412966,0.889732]],"s":1.20837,"t":[49.6705,-40.5155,-52.714],"timestamp":747410415704},{"currentFrameRate":111.451,"devices":[],"gestures":[],"hands":[{"armBasis":[[0.84031,-0.0876117,-0.53498],[0.514933,0.437518,0.737171],[0.169478,-0.894931,0.412765]],"armWidth":63.4054,"confidence":1,"direction":[0.0912812,0.18845,-0.977831],"elbow":[83.5389,-97.7536,290.431],"grabAngle":2.56907,"grabStrength":0,"id":807,"palmNormal":[-0.705503,-0.68076,-0.197057],"palmPosition":[35.0442,160.723,114.99],"palmVelocity":[0.0259483,-9.33995,-16.4277],"palmWidth":87.9125,"pinchDistance":61.5055,"pinchStrength":0.220332,"r":[[0.956422,-0.281105,-0.0789787],[0.217281,0.865874,-0.450611],[0.195055,0.413814,0.88922]],"s":1.20814,"sphereCenter":[11.3059,137.037,87.808],"sphereRadius":46.691,"stabilizedPalmPosition":[33.3073,159.13,114.644],"t":[49.6663,-40.6214,-52.8633],"timeVisible":13.7537,"type":"right","wrist":[39.3274,135.705,182.754]}],"id":1370483,"interactionBox":{"center":[0,200,0],"size":[235.247,235.247,147.751]},"pointables":[{"bases":[[[0.931639,0.360826,-0.043048],[-0.285726,0.800574,0.526728],[0.22452,-0.478421,0.848943]],[[0.863409,0.453538,-0.220972],[-0.248517,0.763516,0.596056],[0.439049,-0.459724,0.771939]],[[0.863409,0.453538,-0.220972],[-0.44869,0.890562,0.0746744],[0.230657,0.0346734,0.972417]],[[0.863409,0.453538,-0.220972],[-0.474579,0.87875,-0.0507251],[0.171174,0.148665,0.97396]]],"btipPosition":[-20.7812,178.146,80.4181],"carpPosition":[11.3811,160.289,169.435],"dipPosition":[-17.0732,181.367,101.516],"direction":[-0.230657,-0.0346734,-0.972417],"extended":false,"handId":807,"id":8070,"length":48.2387,"mcpPosition":[11.3811,160.289,169.435],"pipPosition":[-9.79395,182.461,132.205],"stabilizedTipPosition":[-19.3379,173.966,55.1322],"timeVisible":13.7537,"tipPosition":[-20.2255,180.398,85.351],"tipVelocity":[6.76067,-22.2819,-15.8779],"tool":false,"touchDistance":0.320003,"touchZone":"hovering","type":0,"width":20.4068},{"bases":[[[0.708153,-0.66616,-0.233986],[0.693541,0.718417,0.0536476],[0.132361,-0.20027,0.970759]],[[0.719889,-0.69396,-0.0134189],[0.694074,0.719869,0.00710425],[0.00472982,-0.014428,0.999885]],[[0.719889,-0.69396,-0.0134189],[0.694074,0.719869,0.00710425],[0.00472982,-0.014428,0.999885]],[[0.719889,-0.69396,-0.0134189],[0.690987,0.718362,-0.0805808],[0.0655595,0.0487369,0.996658]]],"btipPosition":[20.3907,183.943,15.6013],"carpPosition":[31.1298,169.582,162.496],"dipPosition":[21.4275,184.714,31.3628],"direction":[-0.00472982,0.014428,-0.999885],"extended":true,"handId":807,"id":8071,"length":54.432,"mcpPosition":[21.7214,183.818,93.4935],"pipPosition":[21.5333,184.391,53.7322],"stabilizedTipPosition":[23.0262,181.774,-6.95904],"timeVisible":13.7537,"tipPosition":[17.734,186.962,19.4996],"tipVelocity":[8.42089,-14.9857,-18.567],"tool":false,"touchDistance":0.307856,"touchZone":"hovering","type":1,"width":19.4926},{"bases":[[[0.590848,-0.799739,-0.106376],[0.806016,0.590881,0.034617],[0.0351709,-0.106194,0.993723]],[[0.591894,-0.804668,-0.0465968],[0.184075,0.191232,-0.96413],[0.784715,0.562085,0.261308]],[[0.591894,-0.804668,-0.0465968],[-0.717736,-0.499878,-0.484745],[0.366766,0.320362,-0.873414]],[[0.591894,-0.804668,-0.0465968],[-0.770192,-0.581684,0.261625],[-0.237626,-0.118966,-0.964044]]],"btipPosition":[-2.37118,138.756,120.392],"carpPosition":[40.5293,163.038,159.278],"dipPosition":[-6.5044,136.687,103.624],"direction":[-0.366766,-0.320362,0.873414],"extended":false,"handId":807,"id":8072,"length":62.0209,"mcpPosition":[38.1585,170.196,92.2931],"pipPosition":[3.14911,145.119,80.6351],"stabilizedTipPosition":[-4.58581,135.624,126.012],"timeVisible":13.7537,"tipPosition":[-3.75665,137.939,116.855],"tipVelocity":[0.482313,-10.4164,-14.455],"tool":false,"touchDistance":0.775592,"touchZone":"none","type":2,"width":19.1443},{"bases":[[[0.52713,-0.848902,0.0387133],[0.84688,0.528547,0.0585885],[-0.0701977,0.00190175,0.997531]],[[0.521972,-0.847261,0.0984596],[0.278621,0.0602626,-0.958509],[0.806173,0.527748,0.26752]],[[0.521972,-0.847261,0.0984596],[-0.740869,-0.507548,-0.439897],[0.42268,0.156668,-0.892635]],[[0.521972,-0.847261,0.0984596],[-0.843836,-0.496094,0.204527],[-0.124443,-0.189841,-0.973896]]],"btipPosition":[10.4044,131.516,125.559],"carpPosition":[48.1813,154.19,157.264],"dipPosition":[8.25233,128.233,108.717],"direction":[-0.42268,-0.156668,0.892635],"extended":false,"handId":807,"id":8073,"length":59.6348,"mcpPosition":[52.4297,154.075,96.8923],"pipPosition":[19.0902,132.25,85.8289],"stabilizedTipPosition":[8.43988,128.421,129.671],"timeVisible":13.7537,"tipPosition":[9.5824,130.569,121.923],"tipVelocity":[-0.903183,-10.4441,-14.6465],"tool":false,"touchDistance":0.861425,"touchZone":"none","type":3,"width":18.217},{"bases":[[[0.368239,-0.91856,0.14369],[0.909007,0.388155,0.151794],[-0.195206,0.0747189,0.977912]],[[0.350824,-0.909228,0.224115],[0.422974,-0.0596665,-0.904175],[0.835473,0.412001,0.363647]],[[0.350824,-0.909228,0.224115],[-0.740082,-0.415839,-0.528542],[0.573761,0.0195613,-0.818789]],[[0.350824,-0.909228,0.224115],[-0.932559,-0.360987,-0.00470741],[0.0851828,-0.207349,-0.974551]]],"btipPosition":[22.796,126.005,120.922],"carpPosition":[50.9496,140.721,157.238],"dipPosition":[24.155,122.696,105.373],"direction":[-0.573761,-0.0195613,0.818789],"extended":false,"handId":807,"id":8074,"length":46.7525,"mcpPosition":[61.8858,136.535,102.452],"pipPosition":[34.5421,123.051,90.5504],"stabilizedTipPosition":[22.1217,124.46,122.997],"timeVisible":13.7537,"tipPosition":[22.5141,127.065,117.157],"tipVelocity":[-0.140838,-12.2326,-14.3362],"tool":false,"touchDistance":0.789092,"touchZone":"none","type":4,"width":16.1818}],"r":[[0.956422,-0.281105,-0.0789787],[0.217281,0.865874,-0.450611],[0.195055,0.413814,0.88922]],"s":1.20814,"t":[49.6663,-40.6214,-52.8633],"timestamp":747410424094},{"currentFrameRate":111.331,"devices":[],"gestures":[],"hands":[{"armBasis":[[0.842265,-0.0870864,-0.531982],[0.51248,0.435438,0.740107],[0.167192,-0.895996,0.411385]],"armWidth":63.4054,"confidence":1,"direction":[0.0914619,0.188257,-0.977852],"elbow":[82.9392,-98.0573,289.953],"grabAngle":2.56877,"grabStrength":0,"id":807,"palmNormal":[-0.705239,-0.681028,-0.197075],"palmPosition":[35.0785,160.699,114.877],"palmVelocity":[3.73323,-2.576,-12.2193],"palmWidth":87.9125,"pinchDistance":61.5345,"pinchStrength":0.223029,"r":[[0.956305,-0.281507,-0.07896],[0.217471,0.865394,-0.451442],[0.195416,0.414544,0.8888]],"s":1.20788,"sphereCenter":[11.3442,137.058,87.7014],"sphereRadius":46.6731,"stabilizedPalmPosition":[33.3128,159.135,114.644],"t":[49.6814,-40.6862,-52.994],"timeVisible":13.7629,"type":"right","wrist":[39.3241,135.679,182.635]}],"id":1370484,"interactionBox":{"center":[0,200,0],"size":[235.247,235.247,147.751]},"pointables":[{"bases":[[[0.931536,0.361111,-0.0429011],[-0.286108,0.800603,0.526476],[0.224463,-0.478157,0.849107]],[[0.863342,0.453739,-0.220818],[-0.248592,0.76324,0.596379],[0.439138,-0.459985,0.771733]],[[0.863342,0.453739,-0.220818],[-0.449188,0.890415,0.0734248],[0.229936,0.0357982,0.972547]],[[0.863342,0.453739,-0.220818],[-0.476047,0.877496,-0.0581339],[0.16739,0.155309,0.973581]]],"btipPosition":[-20.6596,177.961,80.3141],"carpPosition":[11.4022,160.27,169.317],"dipPosition":[-17.0336,181.325,101.404],"direction":[-0.229936,-0.0357982,-0.972547],"extended":false,"handId":807,"id":8070,"length":48.2387,"mcpPosition":[11.4022,160.27,169.317],"pipPosition":[-9.77711,182.455,132.096],"stabilizedTipPosition":[-19.3446,174.031,55.5416],"timeVisible":13.7629,"tipPosition":[-20.187,180.337,85.2201],"tipVelocity":[11.1728,-16.5929,-11.5213],"tool":false,"touchDistance":0.318237,"touchZone":"hovering","type":0,"width":20.4068},{"bases":[[[0.708421,-0.66599,-0.233661],[0.693301,0.718648,0.0536547],[0.132186,-0.200007,0.970837]],[[0.720105,-0.693745,-0.0128751],[0.693855,0.72007,0.00803872],[0.00369416,-0.0147222,0.999885]],[[0.720105,-0.693745,-0.0128751],[0.693855,0.72007,0.00803872],[0.00369416,-0.0147222,0.999885]],[[0.720105,-0.693745,-0.0128751],[0.690843,0.718575,-0.0799131],[0.0646911,0.0486511,0.996719]]],"btipPosition":[20.5011,183.93,15.4795],"carpPosition":[31.1497,169.568,162.381],"dipPosition":[21.5241,184.7,31.2419],"direction":[-0.00369416,0.0147222,-0.999885],"extended":true,"handId":807,"id":8071,"length":54.432,"mcpPosition":[21.7537,183.785,93.3726],"pipPosition":[21.6068,184.37,53.6114],"stabilizedTipPosition":[22.9888,181.812,-6.53398],"timeVisible":13.7629,"tipPosition":[17.7967,186.899,19.3758],"tipVelocity":[11.6649,-1.46283,-13.2269],"tool":false,"touchDistance":0.305829,"touchZone":"hovering","type":1,"width":19.4926},{"bases":[[[0.591127,-0.799577,-0.106049],[0.805821,0.591143,0.0346807],[0.0349603,-0.105957,0.993756]],[[0.592159,-0.804492,-0.0462686],[0.184013,0.1909,-0.964208],[0.78453,0.56245,0.26108]],[[0.592159,-0.804492,-0.0462686],[-0.717409,-0.500172,-0.484925],[0.366976,0.320346,-0.873331]],[[0.592159,-0.804492,-0.0462686],[-0.769981,-0.581822,0.261941],[-0.237649,-0.119485,-0.963974]]],"btipPosition":[-2.33111,138.722,120.285],"carpPosition":[40.552,163.026,159.167],"dipPosition":[-6.46474,136.643,103.518],"direction":[-0.366976,-0.320346,0.873331],"extended":false,"handId":807,"id":8072,"length":62.0209,"mcpPosition":[38.1954,170.168,92.1794],"pipPosition":[3.1943,145.075,80.5315],"stabilizedTipPosition":[-4.58103,135.633,125.977],"timeVisible":13.7629,"tipPosition":[-3.71529,137.904,116.738],"tipVelocity":[4.34843,-4.00319,-11.6003],"tool":false,"touchDistance":0.773814,"touchZone":"none","type":2,"width":19.1443},{"bases":[[[0.527389,-0.848727,0.0390356],[0.846699,0.528827,0.0586764],[-0.0704434,0.00210608,0.997514]],[[0.522216,-0.847073,0.0987803],[0.278742,0.0600705,-0.958485],[0.805974,0.52807,0.267485]],[[0.522216,-0.847073,0.0987803],[-0.740413,-0.507812,-0.440358],[0.423177,0.156824,-0.892372]],[[0.522216,-0.847073,0.0987803],[-0.843758,-0.496359,0.204206],[-0.123947,-0.189986,-0.973932]]],"btipPosition":[10.4322,131.479,125.448],"carpPosition":[48.2073,154.18,157.157],"dipPosition":[8.2887,128.193,108.605],"direction":[-0.423177,-0.156824,0.892372],"extended":false,"handId":807,"id":8073,"length":59.6348,"mcpPosition":[52.4706,154.053,96.7858],"pipPosition":[19.1393,132.214,85.7239],"stabilizedTipPosition":[8.44518,128.429,129.643],"timeVisible":13.7629,"tipPosition":[9.62485,130.539,121.811],"tipVelocity":[3.23804,-4.09947,-12.1134],"tool":false,"touchDistance":0.859569,"touchZone":"none","type":3,"width":18.217},{"bases":[[[0.368494,-0.918411,0.143989],[0.908847,0.388476,0.15193],[-0.19547,0.0748792,0.977847]],[[0.351346,-0.909259,0.223169],[0.422815,-0.0585776,-0.904321],[0.835335,0.412088,0.363867]],[[0.351346,-0.909259,0.223169],[-0.739692,-0.415708,-0.52919],[0.573944,0.0208523,-0.818629]],[[0.351346,-0.909259,0.223169],[-0.932319,-0.361597,-0.00546187],[0.0856634,-0.206145,-0.974764]]],"btipPosition":[22.8346,125.941,120.815],"carpPosition":[50.9798,140.712,157.135],"dipPosition":[24.2013,122.652,105.263],"direction":[-0.573944,-0.0208523,0.818629],"extended":false,"handId":807,"id":8074,"length":46.7525,"mcpPosition":[61.9308,136.517,102.352],"pipPosition":[34.5917,123.03,90.4429],"stabilizedTipPosition":[22.13,124.466,122.95],"timeVisible":13.7629,"tipPosition":[22.5598,127.034,117.05],"tipVelocity":[4.39034,-6.42