{"frames":85,"data":[{"currentFrameRate":112.651,"devices":[],"gestures":[],"hands":[{"armBasis":[[0.347488,-0.828826,-0.438521],[0.937206,0.321926,0.134194],[0.0299478,-0.457615,0.888646]],"armWidth":63.4054,"confidence":1,"direction":[0.330343,0.343762,-0.879034],"elbow":[95.1758,-10.7695,319.94],"grabAngle":3.14159,"grabStrength":1,"id":812,"palmNormal":[-0.878443,-0.228706,-0.41956],"palmPosition":[101.581,140.812,23.3907],"palmVelocity":[-9.71452,-7.75982,8.83288],"palmWidth":87.9125,"pinchDistance":29.5584,"pinchStrength":0.515408,"r":[[0.948275,0.20108,0.245645],[-0.187116,0.979142,-0.0791741],[-0.256441,0.0291148,0.966121]],"s":1.28194,"sphereCenter":[72.39,142.801,-4.86359],"sphereRadius":36.5876,"stabilizedPalmPosition":[99.1573,139.983,26.1373],"t":[22.7673,22.7945,-31.3262],"timeVisible":1.57829,"type":"right","wrist":[87.3634,108.608,88.1204]}],"id":1375986,"interactionBox":{"center":[0,200,0],"size":[235.247,235.247,147.751]},"pointables":[{"bases":[[[0.9891,-0.0948552,0.112625],[-0.01394,0.701113,0.712914],[-0.146587,-0.706713,0.692148]],[[0.994624,0.0828923,-0.0620718],[-0.00157411,0.61143,0.791297],[0.103545,-0.786945,0.608273]],[[0.994624,0.0828923,-0.0620718],[-0.0508507,0.913099,0.404556],[0.0902122,-0.399224,0.912404]],[[0.994624,0.0828923,-0.0620718],[-0.0760406,0.991496,0.105613],[0.0702984,-0.100325,0.992468]]],"btipPosition":[61.4232,191.413,-5.52854],"carpPosition":[70.7869,138.687,74.1015],"dipPosition":[62.946,189.239,15.9706],"direction":[-0.0902122,0.399224,-0.912404],"extended":true,"handId":812,"id":8120,"length":48.2387,"mcpPosition":[70.7869,138.687,74.1015],"pipPosition":[65.793,176.64,44.7649],"stabilizedTipPosition":[62.4134,193.852,0.0475794],"timeVisible":1.57829,"tipPosition":[61.1484,194.834,0.204093],"tipVelocity":[-9.56095,-16.2463,3.63049],"tool":false,"touchDistance":-0.278765,"touchZone":"touching","type":0,"width":20.4068},{"bases":[[[0.395833,-0.840132,-0.370801],[0.908432,0.299131,0.292013],[-0.134411,-0.452436,0.881609]],[[0.395123,-0.842495,-0.36617],[0.460391,0.526545,-0.714696],[0.794933,0.113811,0.595927]],[[0.395123,-0.842495,-0.36617],[-0.778229,-0.0951999,-0.620723],[0.488097,0.530226,-0.693269]],[[0.395123,-0.842495,-0.36617],[-0.918104,-0.375641,-0.126411],[-0.0310475,0.38613,-0.921922]]],"btipPosition":[61.0025,149.129,14.9015],"carpPosition":[93.4883,139.464,71.1755],"dipPosition":[60.5115,155.236,0.321877],"direction":[-0.488097,-0.530226,0.693269],"extended":false,"handId":812,"id":8121,"length":54.432,"mcpPosition":[103.042,171.624,8.50956],"pipPosition":[71.4312,167.098,-15.188],"stabilizedTipPosition":[58.2323,158.223,15.516],"timeVisible":1.57829,"tipPosition":[60.21,153.672,5.73006],"tipVelocity":[-13.2385,0.095907,5.25039],"tool":false,"touchDistance":0.333333,"touchZone":"none","type":1,"width":19.4926},{"bases":[[[0.21333,-0.932136,-0.292595],[0.959103,0.142784,0.244405],[-0.186041,-0.332768,0.924475]],[[0.201791,-0.950413,-0.236633],[0.462703,0.305449,-0.83223],[0.863242,0.0584453,0.501396]],[[0.201791,-0.950413,-0.236633],[-0.834733,-0.0404993,-0.549163],[0.512348,0.308342,-0.801514]],[[0.201791,-0.950413,-0.236633],[-0.972063,-0.223914,0.070394],[-0.119889,0.215818,-0.969046]]],"btipPosition":[62.3453,138.28,20.0552],"carpPosition":[99.7174,130.326,66.7901],"dipPosition":[60.26,142.034,3.19983],"direction":[-0.512348,-0.308342,0.801514],"extended":false,"handId":812,"id":8122,"length":62.0209,"mcpPosition":[112.258,152.757,4.47282],"pipPosition":[73.7453,150.15,-17.8965],"stabilizedTipPosition":[58.9279,142.386,23.5809],"timeVisible":1.57829,"tipPosition":[61.955,139.299,14.1806],"tipVelocity":[-10.2367,-3.23645,10.9313],"tool":false,"touchDistance":0.333333,"touchZone":"none","type":2,"width":19.1443},{"bases":[[[0.110715,-0.97904,-0.170948],[0.965474,0.0651415,0.252222],[-0.235799,-0.192971,0.95245]],[[0.0963767,-0.988849,-0.113528],[0.490711,0.146438,-0.858929],[0.865976,0.0270714,0.499353]],[[0.0963767,-0.988849,-0.113528],[-0.824897,-0.0155227,-0.565071],[0.557007,0.148108,-0.817194]],[[0.0963767,-0.988849,-0.113528],[-0.99026,-0.106773,0.0893573],[-0.100483,0.10381,-0.989508]]],"btipPosition":[69.1327,124.671,22.5855],"carpPosition":[103.219,119.704,62.814],"dipPosition":[67.395,126.466,5.47312],"direction":[-0.557007,-0.148108,0.817194],"extended":false,"handId":812,"id":8123,"length":59.6348,"mcpPosition":[117.49,131.383,5.17041],"pipPosition":[81.6771,130.264,-15.4805],"stabilizedTipPosition":[65.3082,127.514,23.1702],"timeVisible":1.57829,"tipPosition":[67.8847,124.516,16.7172],"tipVelocity":[-11.3611,-4.23364,11.6977],"tool":false,"touchDistance":0.333333,"touchZone":"none","type":3,"width":18.217},{"bases":[[[-0.0783763,-0.992009,-0.0988721],[0.946291,-0.105234,0.305712],[-0.313673,-0.0696012,0.946977]],[[-0.0879614,-0.993677,-0.0697769],[0.541654,0.0110749,-0.840529],[0.835987,-0.111729,0.537254]],[[-0.0879614,-0.993677,-0.0697769],[-0.758814,0.112222,-0.641567],[0.645341,-0.00348547,-0.763887]],[[-0.0879614,-0.993677,-0.0697769],[-0.995883,0.0861836,0.0280983],[-0.021907,0.0719612,-0.997167]]],"btipPosition":[78.9722,113.289,18.2727],"carpPosition":[100.093,106.818,59.1714],"dipPosition":[78.6227,114.438,2.36356],"direction":[-0.645341,0.00348547,0.763887],"extended":false,"handId":812,"id":8124,"length":46.7525,"mcpPosition":[117.666,110.718,6.11795],"pipPosition":[90.3056,114.374,-11.4655],"stabilizedTipPosition":[75.8551,115.056,16.7782],"timeVisible":1.57829,"tipPosition":[77.8776,113.72,12.9593],"tipVelocity":[-12.8261,-6.31759,11.4988],"tool":false,"touchDistance":0.333333,"touchZone":"none","type":4,"width":16.1818}],"r":[[0.948275,0.20108,0.245645],[-0.187116,0.979142,-0.0791741],[-0.256441,0.0291148,0.966121]],"s":1.28194,"t":[22.7673,22.7945,-31.3262],"timestamp":747458952384},{"currentFrameRate":112.785,"devices":[],"gestures":[],"hands":[{"armBasis":[[0.346698,-0.828941,-0.438928],[0.937495,0.321239,0.133826],[0.0300664,-0.45789,0.8885]],"armWidth":63.4054,"confidence":1,"direction":[0.330525,0.344031,-0.878861],"elbow":[95.1577,-10.8537,319.982],"grabAngle":3.14159,"grabStrength":1,"id":812,"palmNormal":[-0.878663,-0.227768,-0.419611],"palmPosition":[101.547,140.824,23.4866],"palmVelocity":[-3.96966,1.42414,11.1092],"palmWidth":87.9125,"pinchDistance":29.4485,"pinchStrength":0.519282,"r":[[0.948428,0.200475,0.245548],[-0.186528,0.979264,-0.0790461],[-0.256303,0.029168,0.966156]],"s":1.28176,"sphereCenter":[72.3674,142.76,-4.78744],"sphereRadius":36.5755,"stabilizedPalmPosition":[99.1593,139.983,26.1351],"t":[22.7327,22.7767,-31.2419],"timeVisible":1.58693,"type":"right","wrist":[87.3144,108.595,88.2003]}],"id":1375987,"interactionBox":{"center":[0,200,0],"size":[235.247,235.247,147.751]},"pointables":[{"bases":[[[0.989036,-0.0956961,0.112471],[-0.0133217,0.700696,0.713336],[-0.147071,-0.707013,0.691739]],[[0.994637,0.082466,-0.0624298],[-0.00114282,0.61231,0.790617],[0.103425,-0.786305,0.60912]],[[0.994637,0.082466,-0.0624298],[-0.0503718,0.913376,0.403988],[0.0903371,-0.398676,0.912632]],[[0.994637,0.082466,-0.0624298],[-0.0756812,0.991674,0.104183],[0.0705016,-0.0988995,0.992597]]],"btipPosition":[61.3897,191.34,-5.48166],"carpPosition":[70.756,138.693,74.1992],"dipPosition":[62.9169,189.197,16.0203],"direction":[-0.0903371,0.398676,-0.912632],"extended":true,"handId":812,"id":8120,"length":48.2387,"mcpPosition":[70.756,138.693,74.1992],"pipPosition":[65.7679,176.615,44.8218],"stabilizedTipPosition":[62.4061,193.819,0.0412552],"timeVisible":1.58693,"tipPosition":[61.16,194.851,0.327601],"tipVelocity":[-3.76547,-7.63778,5.50456],"tool":false,"touchDistance":-0.277973,"touchZone":"touching","type":0,"width":20.4068},{"bases":[[[0.39514,-0.840219,-0.371344],[0.908695,0.298245,0.292102],[-0.134678,-0.45286,0.881351]],[[0.39431,-0.84297,-0.365953],[0.462624,0.526161,-0.713536],[0.79404,0.112055,0.597449]],[[0.39431,-0.84297,-0.365953],[-0.777013,-0.0931944,-0.622548],[0.490685,0.529827,-0.691745]],[[0.39431,-0.84297,-0.365953],[-0.918564,-0.373478,-0.129438],[-0.027563,0.38719,-0.921588]]],"btipPosition":[60.9134,149.211,14.9158],"carpPosition":[93.4576,139.454,71.2714],"dipPosition":[60.4775,155.335,0.341511],"direction":[-0.490685,-0.529827,0.691746],"extended":false,"handId":812,"id":8121,"length":54.432,"mcpPosition":[103.031,171.644,8.6238],"pipPosition":[71.4551,167.188,-15.1342],"stabilizedTipPosition":[58.2516,158.166,15.4864],"timeVisible":1.58693,"tipPosition":[60.1886,153.705,5.87874],"tipVelocity":[-8.85427,9.94974,1.80319],"tool":false,"touchDistance":0.333333,"touchZone":"none","type":1,"width":19.4926},{"bases":[[[0.212573,-0.932127,-0.293175],[0.959239,0.141887,0.244396],[-0.18621,-0.333177,0.924294]],[[0.201024,-0.950429,-0.237223],[0.463176,0.305607,-0.831909],[0.863167,0.0573576,0.50165]],[[0.201024,-0.950429,-0.237223],[-0.834763,-0.0394838,-0.549192],[0.512601,0.308426,-0.80132]],[[0.201024,-0.950429,-0.237223],[-0.972262,-0.22314,0.0701025],[-0.119561,0.216551,-0.968922]]],"btipPosition":[62.3095,138.329,20.1386],"carpPosition":[99.6792,130.314,66.8799],"dipPosition":[60.2299,142.096,3.28539],"direction":[-0.512601,-0.308426,0.80132],"extended":false,"handId":812,"id":8122,"length":62.0209,"mcpPosition":[112.231,152.773,4.57484],"pipPosition":[73.7219,150.214,-17.8058],"stabilizedTipPosition":[58.9313,142.382,23.5724],"timeVisible":1.58693,"tipPosition":[61.9186,139.348,14.2816],"tipVelocity":[-3.99438,5.99751,9.71987],"tool":false,"touchDistance":0.333333,"touchZone":"none","type":2,"width":19.1443},{"bases":[[[0.109933,-0.979023,-0.171546],[0.96555,0.0642353,0.252165],[-0.235856,-0.193358,0.952357]],[[0.0955923,-0.988856,-0.11413],[0.49076,0.14657,-0.858878],[0.866035,0.0260916,0.499302]],[[0.0955923,-0.988856,-0.11413],[-0.825016,-0.0145527,-0.564922],[0.556965,0.148161,-0.817213]],[[0.0955923,-0.988856,-0.11413],[-0.990306,-0.106081,0.0896667],[-0.100775,0.104452,-0.989411]]],"btipPosition":[69.0929,124.71,22.6751],"carpPosition":[103.172,119.692,62.8971],"dipPosition":[67.3502,126.516,5.56439],"direction":[-0.556965,-0.148161,0.817213],"extended":false,"handId":812,"id":8123,"length":59.6348,"mcpPosition":[117.446,131.394,5.2591],"pipPosition":[81.6312,130.315,-15.3897],"stabilizedTipPosition":[65.3113,127.512,23.166],"timeVisible":1.58693,"tipPosition":[67.8374,124.558,16.8074],"tipVelocity":[-4.74061,4.7945,10.422],"tool":false,"touchDistance":0.333333,"touchZone":"none","type":3,"width":18.217},{"bases":[[[-0.0791618,-0.991888,-0.0994592],[0.946238,-0.106157,0.305555],[-0.313635,-0.0699238,0.946966]],[[-0.0885074,-0.993535,-0.0710902],[0.541503,0.0119094,-0.840615],[0.836027,-0.112896,0.536948]],[[-0.0885074,-0.993535,-0.0710902],[-0.759004,0.113488,-0.641119],[0.645042,-0.00278603,-0.764142]],[[-0.0885074,-0.993535,-0.0710902],[-0.995822,0.0866475,0.0288401],[-0.0224938,0.0733457,-0.997053]]],"btipPosition":[78.9261,113.303,18.3618],"carpPosition":[100.036,106.81,59.247],"dipPosition":[78.5672,114.473,2.45449],"direction":[-0.645042,0.00278603,0.764142],"extended":false,"handId":812,"id":8124,"length":46.7525,"mcpPosition":[117.607,110.728,6.19422],"pipPosition":[90.2448,114.423,-11.3792],"stabilizedTipPosition":[75.8588,115.055,16.7756],"timeVisible":1.58693,"tipPosition":[77.8225,113.757,13.0436],"tipVelocity":[-5.58346,2.15666,10.3704],"tool":false,"touchDistance":0.333333,"touchZone":"none","type":4,"width":16.1818}],"r":[[0.948428,0.200475,0.245548],[-0.186528,0.979264,-0.0790461],[-0.256303,0.029168,0.966156]],"s":1.28176,"t":[22.7327,22.7767,-31.2419],"timestamp":747458961017},{"currentFrameRate":112.894,"devices":[],"gestures":[],"hands":[{"armBasis":[[0.346458,-0.828771,-0.439437],[0.937585,0.320922,0.133951],[0.0300102,-0.458418,0.88823]],"armWidth":63.4054,"confidence":1,"direction":[0.330134,0.344316,-0.878896],"elbow":[95.1344,-10.9861,319.981],"grabAngle":3.14159,"grabStrength":1,"id":812,"palmNormal":[-0.878907,-0.227479,-0.419256],"palmPosition":[101.515,140.854,23.5636],"palmVelocity":[-3.68315,3.41796,8.88154],"palmWidth":87.9125,"pinchDistance":29.3428,"pinchStrength":0.523449,"r":[[0.948581,0.199945,0.24539],[-0.186037,0.979374,-0.0788507],[-0.256094,0.0291447,0.966212]],"s":1.28156,"sphereCenter":[72.3354,142.712,-4.71785],"sphereRadius":36.5618,"stabilizedPalmPosition":[99.1609,139.984,26.1334],"t":[22.6994,22.7826,-31.1613],"timeVisible":1.59559,"type":"right","wrist":[87.3057,108.6,88.2707]}],"id":1375988,"interactionBox":{"center":[0,200,0],"size":[235.247,235.247,147.751]},"pointables":[{"bases":[[[0.989078,-0.0958844,0.111938],[-0.0128602,0.700427,0.713608],[-0.146828,-0.707254,0.691545]],[[0.994577,0.0826172,-0.0631675],[-0.000788108,0.613358,0.789805],[0.103996,-0.785472,0.610097]],[[0.994577,0.0826172,-0.0631675],[-0.0503153,0.913825,0.402979],[0.091017,-0.397615,0.913027]],[[0.994577,0.0826172,-0.0631675],[-0.0758628,0.991812,0.102732],[0.0711377,-0.0973827,0.992701]]],"btipPosition":[61.3202,191.248,-5.45187],"carpPosition":[70.7492,138.707,74.2908],"dipPosition":[62.8612,189.138,16.0523],"direction":[-0.091017,0.397615,-0.913027],"extended":true,"handId":812,"id":8120,"length":48.2387,"mcpPosition":[70.7492,138.707,74.2908],"pipPosition":[65.7336,176.59,44.8663],"stabilizedTipPosition":[62.3976,193.783,0.0348504],"timeVisible":1.59559,"tipPosition":[61.1302,194.853,0.435498],"tipVelocity":[-7.65404,-9.69342,3.4963],"tool":false,"touchDistance":-0.277468,"touchZone":"touching","type":0,"width":20.4068},{"bases":[[[0.394829,-0.840136,-0.371861],[0.908885,0.298,0.291759],[-0.134303,-0.453174,0.881247]],[[0.393779,-0.843616,-0.365035],[0.464463,0.525305,-0.712972],[0.793229,0.111208,0.598682]],[[0.393779,-0.843616,-0.365035],[-0.775849,-0.0920688,-0.624165],[0.492947,0.528995,-0.690773]],[[0.393779,-0.843616,-0.365035],[-0.91888,-0.371837,-0.131901],[-0.0244601,0.387363,-0.921603]]],"btipPosition":[60.8111,149.296,14.9332],"carpPosition":[93.4495,139.467,71.3519],"dipPosition":[60.4243,155.422,0.358626],"direction":[-0.492947,-0.528995,0.690773],"extended":false,"handId":812,"id":8121,"length":54.432,"mcpPosition":[102.996,171.679,8.71174],"pipPosition":[71.4525,167.257,-15.0954],"stabilizedTipPosition":[58.2711,158.107,15.4556],"timeVisible":1.59559,"tipPosition":[60.1538,153.725,6.02203],"tipVelocity":[-10.4992,9.83289,1.99518],"tool":false,"touchDistance":0.333333,"touchZone":"none","type":1,"width":19.4926},{"bases":[[[0.212288,-0.932047,-0.293635],[0.959382,0.141653,0.243968],[-0.185795,-0.3335,0.924261]],[[0.200765,-0.950368,-0.237685],[0.46308,0.305873,-0.831865],[0.863279,0.0569424,0.501505]],[[0.200765,-0.950368,-0.237685],[-0.834972,-0.0391089,-0.548901],[0.512363,0.30866,-0.801382]],[[0.200765,-0.950368,-0.237685],[-0.972292,-0.222965,0.0702482],[-0.119757,0.216995,-0.968799]]],"btipPosition":[62.2745,138.369,20.2208],"carpPosition":[99.6675,130.327,66.9538],"dipPosition":[60.1915,142.143,3.36969],"direction":[-0.512363,-0.30866,0.801382],"extended":false,"handId":812,"id":8122,"length":62.0209,"mcpPosition":[112.192,152.808,4.651],"pipPosition":[73.6772,150.268,-17.7232],"stabilizedTipPosition":[58.9342,142.379,23.5652],"timeVisible":1.59559,"tipPosition":[61.8817,139.386,14.3798],"tipVelocity":[-4.12547,4.80378,9.53286],"tool":false,"touchDistance":0.333333,"touchZone":"none","type":2,"width":19.1443},{"bases":[[[0.109703,-0.978974,-0.171972],[0.965686,0.0639975,0.251705],[-0.235407,-0.193684,0.952402]],[[0.0953892,-0.988827,-0.114553],[0.490345,0.146823,-0.859072],[0.866293,0.0257757,0.498871]],[[0.0953892,-0.988827,-0.114553],[-0.825325,-0.0142232,-0.564479],[0.556543,0.148389,-0.81746]],[[0.0953892,-0.988827,-0.114553],[-0.99025,-0.105997,0.0903853],[-0.101518,0.104814,-0.989297]]],"btipPosition":[69.0635,124.745,22.7627],"carpPosition":[103.157,119.706,62.9652],"dipPosition":[67.3079,126.557,5.65396],"direction":[-0.556543,-0.148389,0.81746],"extended":false,"handId":812,"id":8123,"length":59.6348,"mcpPosition":[117.404,131.428,5.32454],"pipPosition":[81.5781,130.362,-15.3064],"stabilizedTipPosition":[65.314,127.51,23.1626],"timeVisible":1.59559,"tipPosition":[67.8,124.596,16.8958],"tipVelocity":[-3.73641,4.224,10.1565],"tool":false,"touchDistance":0.333333,"touchZone":"none","type":3,"width":18.217},{"bases":[[[-0.0793579,-0.991838,-0.0997955],[0.946376,-0.106413,0.30504],[-0.31317,-0.0702367,0.947096]],[[-0.0886219,-0.993486,-0.0716292],[0.540912,0.0123834,-0.840988],[0.836398,-0.113275,0.536291]],[[-0.0886219,-0.993486,-0.0716292],[-0.759534,0.113926,-0.640413],[0.644402,-0.00234976,-0.764683]],[[-0.0886219,-0.993486,-0.0716292],[-0.995785,0.086663,0.0300136],[-0.0236105,0.0739872,-0.99698]]],"btipPosition":[78.8984,113.331,18.4494],"carpPosition":[100.017,106.827,59.3119],"dipPosition":[78.5217,114.512,2.54332],"direction":[-0.644402,0.00234976,0.764683],"extended":false,"handId":812,"id":8124,"length":46.7525,"mcpPosition":[117.562,110.762,6.25174],"pipPosition":[90.1876,114.469,-11.3002],"stabilizedTipPosition":[75.8618,115.053,16.7737],"timeVisible":1.59559,"tipPosition":[77.7823,113.794,13.1238],"tipVelocity":[-3.67572,3.51241,10.1431],"tool":false,"touchDistance":0.333333,"touchZone":"none","type":4,"width":16.1818}],"r":[[0.948581,0.199945,0.24539],[-0.186037,0.979374,-0.0788507],[-0.256094,0.0291447,0.966212]],"s":1.28156,"t":[22.6994,22.7826,-31.1613],"timestamp":747458969686},{"currentFrameRate":112.975,"devices":[],"gestures":[],"hands":[{"armBasis":[[0.346937,-0.828293,-0.439961],[0.93741,0.321222,0.134458],[0.0299546,-0.459072,0.887894]],"armWidth":63.4054,"confidence":1,"direction":[0.329569,0.344744,-0.87894],"elbow":[95.1165,-11.1497,319.966],"grabAngle":3.14159,"grabStrength":1,"id":812,"palmNormal":[-0.878946,-0.227886,-0.418954],"palmPosition":[101.473,140.89,23.6422],"palmVelocity":[-4.80454,4.21193,9.02354],"palmWidth":87.9125,"pinchDistance":29.2315,"pinchStrength":0.527623,"r":[[0.9487,0.199619,0.245196],[-0.185766,0.979443,-0.0786268],[-0.255851,0.0290442,0.96628]],"s":1.28137,"sphereCenter":[72.295,142.638,-4.65181],"sphereRadius":36.5479,"stabilizedPalmPosition":[99.1623,139.985,26.1318],"t":[22.6618,22.8039,-31.0816],"timeVisible":1.60431,"type":"right","wrist":[87.3023,108.607,88.3434]}],"id":1375989,"interactionBox":{"center":[0,200,0],"size":[235.247,235.247,147.751]},"pointables":[{"bases":[[[0.989181,-0.0953311,0.111505],[-0.0129789,0.70023,0.7138],[-0.146126,-0.707524,0.691416]],[[0.994487,0.0833228,-0.0636562],[-0.000996808,0.614566,0.788864],[0.104851,-0.784452,0.611262]],[[0.994487,0.0833228,-0.0636562],[-0.0508787,0.914278,0.401879],[0.0916851,-0.396424,0.913478]],[[0.994487,0.0833228,-0.0636562],[-0.076628,0.991909,0.101216],[0.0715747,-0.0957802,0.992826]]],"btipPosition":[61.2287,191.132,-5.43428],"carpPosition":[70.7295,138.713,74.3815],"dipPosition":[62.7792,189.057,16.0726],"direction":[-0.0916851,0.396424,-0.913478],"extended":true,"handId":812,"id":8120,"length":48.2387,"mcpPosition":[70.7295,138.713,74.3815],"pipPosition":[65.6726,176.546,44.9008],"stabilizedTipPosition":[62.3871,193.743,0.0280789],"timeVisible":1.60431,"tipPosition":[61.0525,194.828,0.534473],"tipVelocity":[-10.2518,-12.4526,2.091],"tool":false,"touchDistance":-0.277165,"touchZone":"touching","type":0,"width":20.4068},{"bases":[[[0.395171,-0.839804,-0.372248],[0.90883,0.298458,0.291464],[-0.133672,-0.453488,0.881181]],[[0.393879,-0.844089,-0.363831],[0.466043,0.524573,-0.712479],[0.792252,0.11107,0.6]],[[0.393879,-0.844089,-0.363831],[-0.774544,-0.0916678,-0.625842],[0.494915,0.528309,-0.68989]],[[0.393879,-0.844089,-0.363831],[-0.918908,-0.37091,-0.134287],[-0.0215982,0.38722,-0.921734]]],"btipPosition":[60.6945,149.361,14.9493],"carpPosition":[93.4282,139.486,71.4335],"dipPosition":[60.353,155.484,0.372681],"direction":[-0.494915,-0.528309,0.68989],"extended":false,"handId":812,"id":8121,"length":54.432,"mcpPosition":[102.93,171.72,8.79795],"pipPosition":[71.4252,167.304,-15.0616],"stabilizedTipPosition":[58.2903,158.047,15.424],"timeVisible":1.60431,"tipPosition":[60.1009,153.721,6.16078],"tipVelocity":[-12.1879,7.35915,1.79748],"tool":false,"touchDistance":0.333333,"touchZone":"none","type":1,"width":19.4926},{"bases":[[[0.212716,-0.931844,-0.293971],[0.959399,0.142154,0.24361],[-0.185218,-0.333856,0.924248]],[[0.201227,-0.950186,-0.238021],[0.462908,0.306391,-0.83177],[0.863264,0.057193,0.501503]],[[0.201227,-0.950186,-0.238021],[-0.835025,-0.0393646,-0.548802],[0.512094,0.309187,-0.801351]],[[0.201227,-0.950186,-0.238021],[-0.972183,-0.223463,0.0701703],[-0.119864,0.21728,-0.968722]]],"btipPosition":[62.2274,138.387,20.2961],"carpPosition":[99.6497,130.351,67.0304],"dipPosition":[60.1426,142.166,3.44635],"direction":[-0.512094,-0.309187,0.801351],"extended":false,"handId":812,"id":8122,"length":62.0209,"mcpPosition":[112.135,152.856,4.7284],"pipPosition":[73.6212,150.304,-17.6457],"stabilizedTipPosition":[58.9366,142.377,23.559],"timeVisible":1.60431,"tipPosition":[61.8369,139.402,14.4769],"tipVelocity":[-5.45513,2.19956,8.68229],"tool":false,"touchDistance":0.333333,"touchZone":"none","type":2,"width":19.1443},{"bases":[[[0.110209,-0.978864,-0.172279],[0.965752,0.0644997,0.251324],[-0.2349,-0.194077,0.952448]],[[0.0959248,-0.98874,-0.114856],[0.489971,0.147343,-0.859197],[0.866445,0.0261421,0.498587]],[[0.0959248,-0.98874,-0.114856],[-0.825501,-0.0145464,-0.564213],[0.55619,0.148936,-0.817601]],[[0.0959248,-0.98874,-0.114856],[-0.990135,-0.106621,0.0909152],[-0.102138,0.105002,-0.989213]]],"btipPosition":[69.0331,124.763,22.8462],"carpPosition":[103.144,119.733,63.0375],"dipPosition":[67.2668,126.579,5.73886],"direction":[-0.55619,-0.148936,0.817601],"extended":false,"handId":812,"id":8123,"length":59.6348,"mcpPosition":[117.36,131.479,5.39408],"pipPosition":[81.528,130.398,-15.2251],"stabilizedTipPosition":[65.316,127.509,23.16],"timeVisible":1.60431,"tipPosition":[67.7652,124.615,16.9845],"tipVelocity":[-3.76735,2.20842,9.61856],"tool":false,"touchDistance":0.333333,"touchZone":"none","type":3,"width":18.217},{"bases":[[[-0.0788144,-0.991858,-0.100027],[0.946564,-0.105936,0.304621],[-0.312738,-0.0706737,0.947207]],[[-0.0879822,-0.993508,-0.0721136],[0.540453,0.0132026,-0.841271],[0.836762,-0.112991,0.535783]],[[-0.0879822,-0.993508,-0.0721136],[-0.760025,0.11375,-0.639861],[0.64391,-0.00148823,-0.765099]],[[-0.0879822,-0.993508,-0.0721136],[-0.995818,0.0859363,0.0310044],[-0.0246059,0.0745399,-0.996914]]],"btipPosition":[78.88,113.348,18.5365],"carpPosition":[100.009,106.853,59.382],"dipPosition":[78.4874,114.537,2.63145],"direction":[-0.64391,0.00148823,0.765099],"extended":false,"handId":812,"id":8124,"length":46.7525,"mcpPosition":[117.53,110.812,6.31571],"pipPosition":[90.1445,114.51,-11.2196],"stabilizedTipPosition":[75.864,115.052,16.7722],"timeVisible":1.60431,"tipPosition":[77.7529,113.819,13.2063],"tipVelocity":[-2.53081,2.19052,10.0253],"tool":false,"touchDistance":0.333333,"touchZone":"none","type":4,"width":16.1818}],"r":[[0.9487,0.199619,0.245196],[-0.185766,0.979443,-0.0786268],[-0.255851,0.0290442,0.96628]],"s":1.28137,"t":[22.6618,22.8039,-31.0816],"timestamp":747458978397},{"currentFrameRate":113.09,"devices":[],"gestures":[],"hands":[{"armBasis":[[0.347596,-0.82774,-0.440481],[0.937166,0.321694,0.135026],[0.0299343,-0.459738,0.88755]],"armWidth":63.4054,"confidence":1,"direction":[0.32849,0.344953,-0.879262],"elbow":[95.1139,-11.3285,319.948],"grabAngle":3.14159,"grabStrength":1,"id":812,"palmNormal":[-0.879107,-0.228717,-0.418163],"palmPosition":[101.403,140.899,23.703],"palmVelocity":[-8.14613,1.03319,7.04005],"palmWidth":87.9125,"pinchDistance":29.1253,"pinchStrength":0.53178,"r":[[0.948802,0.199534,0.24487],[-0.185739,0.979464,-0.0784345],[-0.255492,0.0289368,0.966378]],"s":1.2812,"sphereCenter":[72.2127,142.518,-4.59047],"sphereRadius":36.534,"stabilizedPalmPosition":[99.1638,139.985,26.1302],"t":[22.6078,22.819,-31.0114],"timeVisible":1.61295,"type":"right","wrist":[87.305,108.602,88.4143]}],"id":1375990,"interactionBox":{"center":[0,200,0],"size":[235.247,235.247,147.751]},"pointables":[{"bases":[[[0.989363,-0.0944311,0.110649],[-0.0129838,0.700288,0.713742],[-0.144885,-0.707587,0.691613]],[[0.99436,0.0841826,-0.0645073],[-0.00105447,0.616055,0.787703],[0.106051,-0.783192,0.612669]],[[0.99436,0.0841826,-0.0645073],[-0.0514709,0.914856,0.400487],[0.0927289,-0.394908,0.914029]],[[0.99436,0.0841826,-0.0645073],[-0.0775258,0.992008,0.0995441],[0.0723717,-0.0939817,0.99294]]],"btipPosition":[61.0966,190.97,-5.43406],"carpPosition":[70.7055,138.699,74.4695],"dipPosition":[62.6643,188.934,16.0753],"direction":[-0.0927289,0.394908,-0.914029],"extended":true,"handId":812,"id":8120,"length":48.2387,"mcpPosition":[70.7055,138.699,74.4695],"pipPosition":[65.5907,176.472,44.9209],"stabilizedTipPosition":[62.3736,193.696,0.0206277],"timeVisible":1.61295,"tipPosition":[60.9189,194.755,0.614201],"tipVelocity":[-14.8231,-17.6158,0.0903939],"tool":false,"touchDistance":-0.277152,"touchZone":"touching","type":0,"width":20.4068},{"bases":[[[0.3956,-0.839486,-0.372511],[0.908816,0.299304,0.290639],[-0.132494,-0.453521,0.881342]],[[0.394017,-0.844753,-0.362136],[0.467266,0.523403,-0.712539],[0.791463,0.111539,0.600954]],[[0.394017,-0.844753,-0.362136],[-0.77347,-0.0919252,-0.627131],[0.496482,0.527201,-0.689612]],[[0.394017,-0.844753,-0.362136],[-0.918902,-0.370307,-0.135984],[-0.019228,0.386347,-0.922153]]],"btipPosition":[60.5423,149.389,14.9684],"carpPosition":[93.4008,139.492,71.5015],"dipPosition":[60.2382,155.499,0.385094],"direction":[-0.496482,-0.527201,0.689612],"extended":false,"handId":812,"id":8121,"length":54.432,"mcpPosition":[102.819,171.729,8.85451],"pipPosition":[71.3455,167.294,-15.0429],"stabilizedTipPosition":[58.3087,157.986,15.3918],"timeVisible":1.61295,"tipPosition":[60.0071,153.67,6.29535],"tipVelocity":[-16.6159,2.95148,2.02565],"tool":false,"touchDistance":0.333333,"touchZone":"none","type":1,"width":19.4926},{"bases":[[[0.213296,-0.931681,-0.294066],[0.959483,0.14304,0.242757],[-0.184109,-0.33393,0.924443]],[[0.201873,-0.950029,-0.238103],[0.462229,0.306746,-0.832016],[0.863477,0.0579033,0.501054]],[[0.201873,-0.950029,-0.238103],[-0.835295,-0.0400639,-0.54834],[0.511399,0.309581,-0.801642]],[[0.201873,-0.950029,-0.238103],[-0.971975,-0.224232,0.0706067],[-0.120469,0.217177,-0.96867]]],"btipPosition":[62.149,138.363,20.3732],"carpPosition":[99.6267,130.363,67.0938],"dipPosition":[60.0536,142.141,3.52439],"direction":[-0.511399,-0.309581,0.801642],"extended":false,"handId":812,"id":8122,"length":62.0209,"mcpPosition":[112.037,152.873,4.77876],"pipPosition":[73.514,150.289,-17.5753],"stabilizedTipPosition":[58.939,142.374,23.5527],"timeVisible":1.61295,"tipPosition":[61.7597,139.374,14.5751],"tipVelocity":[-9.3513,-2.78223,8.94678],"tool":false,"touchDistance":0.333333,"touchZone":"none","type":2,"width":19.1443},{"bases":[[[0.110938,-0.978781,-0.172279],[0.965913,0.0653925,0.250473],[-0.233892,-0.194193,0.952672]],[[0.0967129,-0.988665,-0.114843],[0.489137,0.1477,-0.85961],[0.866829,0.0269616,0.497876]],[[0.0967129,-0.988665,-0.114843],[-0.825898,-0.015322,-0.563611],[0.555463,0.149357,-0.818018]],[[0.0967129,-0.988665,-0.114843],[-0.989947,-0.107513,0.0918998],[-0.103205,0.1048,-0.989124]]],"btipPosition":[68.9764,124.743,22.9326],"carpPosition":[103.127,119.748,63.099],"dipPosition":[67.1916,126.556,5.82685],"direction":[-0.555463,-0.149357,0.818018],"extended":false,"handId":812,"id":8123,"length":59.6348,"mcpPosition":[117.282,131.5,5.44198],"pipPosition":[81.4342,130.385,-15.1478],"stabilizedTipPosition":[65.3179,127.507,23.1576],"timeVisible":1.61295,"tipPosition":[67.7039,124.593,17.077],"tipVelocity":[-7.05098,-2.38237,10.0407],"tool":false,"touchDistance":0.333333,"touchZone":"none","type":3,"width":18.217},{"bases":[[[-0.0780104,-0.991939,-0.0998608],[0.946925,-0.105055,0.303803],[-0.311845,-0.0708608,0.947487]],[[-0.0871676,-0.993596,-0.0718921],[0.539559,0.0135765,-0.841839],[0.837424,-0.112171,0.53492]],[[-0.0871676,-0.993596,-0.0718921],[-0.760813,0.112985,-0.63906],[0.64309,-0.00100886,-0.76579]],[[-0.0871676,-0.993596,-0.0718921],[-0.995853,0.0850238,0.0323643],[-0.0260445,0.0744151,-0.996887]]],"btipPosition":[78.8375,113.336,18.6266],"carpPosition":[100.001,106.864,59.4475],"dipPosition":[78.422,114.524,2.72196],"direction":[-0.64309,0.00100886,0.76579],"extended":false,"handId":812,"id":8124,"length":46.7525,"mcpPosition":[117.472,110.834,6.36549],"pipPosition":[90.0642,114.505,-11.1416],"stabilizedTipPosition":[75.8658,115.051,16.7711],"timeVisible":1.61295,"tipPosition":[77.6983,113.806,13.2916],"tipVelocity":[-5.51873,-1.4253,10.4305],"tool":false,"touchDistance":0.333333,"touchZone":"none","type":4,"width":16.1818}],"r":[[0.948802,0.199534,0.24487],[-0.185739,0.979464,-0.0784345],[-0.255492,0.0289368,0.966378]],"s":1.2812,"t":[22.6078,22.819,-31.0114],"timestamp":747458987042},{"currentFrameRate":113.179,"devices":[],"gestures":[],"hands":[{"armBasis":[[0.348413,-0.827074,-0.441086],[0.936865,0.322271,0.135742],[0.0298804,-0.460532,0.88714]],"armWidth":63.4054,"confidence":1,"direction":[0.327058,0.345158,-0.879715],"elbow":[95.1395,-11.5002,319.912],"grabAngle":3.14159,"grabStrength":1,"id":812,"palmNormal":[-0.879341,-0.229792,-0.417079],"palmPosition":[101.346,140.948,23.759],"palmVelocity":[-6.51802,5.59812,6.44883],"palmWidth":87.9125,"pinchDistance":29.0152,"pinchStrength":0.536019,"r":[[0.948896,0.19969,0.244378],[-0.185958,0.979435,-0.0782736],[-0.254983,0.0288295,0.966516]],"s":1.28105,"sphereCenter":[72.1326,142.423,-4.52898],"sphereRadius":36.5215,"stabilizedPalmPosition":[99.1654,139.986,26.1285],"t":[22.5525,22.8508,-30.9483],"timeVisible":1.62163,"type":"right","wrist":[87.3447,108.638,88.4858]}],"id":1375991,"interactionBox":{"center":[0,200,0],"size":[235.247,235.247,147.751]},"pointables":[{"bases":[[[0.9896,-0.0932895,0.109495],[-0.0129325,0.700408,0.713625],[-0.143265,-0.707619,0.691918]],[[0.994192,0.0852626,-0.0656666],[-0.00101987,0.617614,0.78648],[0.107614,-0.781846,0.614114]],[[0.994192,0.0852626,-0.0656666],[-0.0521723,0.91553,0.398851],[0.0941269,-0.393109,0.914661]],[[0.994192,0.0852626,-0.0656666],[-0.0785848,0.992047,0.0983177],[0.0735272,-0.0925863,0.992986]]],"btipPosition":[60.9581,190.842,-5.43204],"carpPosition":[70.7115,138.722,74.5622],"dipPosition":[62.5508,188.836,16.0783],"direction":[-0.0941269,0.393109,-0.914661],"extended":true,"handId":812,"id":8120,"length":48.2387,"mcpPosition":[70.7115,138.722,74.5622],"pipPosition":[65.5214,176.43,44.9439],"stabilizedTipPosition":[62.3569,193.643,0.0125748],"timeVisible":1.62163,"tipPosition":[60.7796,194.71,0.696068],"tipVelocity":[-15.2928,-14.0005,0.259184],"tool":false,"touchDistance":-0.277114,"touchZone":"touching","type":0,"width":20.4068},{"bases":[[[0.39611,-0.839108,-0.372821],[0.908819,0.300388,0.289507],[-0.130937,-0.453503,0.881584]],[[0.394315,-0.845125,-0.360943],[0.468335,0.522739,-0.712325],[0.790682,0.111838,0.601925]],[[0.394315,-0.845125,-0.360943],[-0.772529,-0.0921198,-0.628262],[0.49771,0.526572,-0.689207]],[[0.394315,-0.845125,-0.360943],[-0.918816,-0.369888,-0.137699],[-0.0171355,0.385937,-0.922366]]],"btipPosition":[60.4036,149.445,14.9726],"carpPosition":[93.4024,139.541,71.5672],"dipPosition":[60.1327,155.549,0.385948],"direction":[-0.49771,-0.526572,0.689207],"extended":false,"handId":812,"id":8121,"length":54.432,"mcpPosition":[102.71,171.777,8.90303],"pipPosition":[71.2674,167.329,-15.033],"stabilizedTipPosition":[58.3265,157.923,15.3588],"timeVisible":1.62163,"tipPosition":[59.919,153.645,6.44047],"tipVelocity":[-15.0903,6.28434,0.39726],"tool":false,"touchDistance":0.333333,"touchZone":"none","type":1,"width":19.4926},{"bases":[[[0.214004,-0.931495,-0.294143],[0.959607,0.144173,0.241594],[-0.182637,-0.333963,0.924723]],[[0.202667,-0.949844,-0.238163],[0.461399,0.307146,-0.83233],[0.863735,0.0587975,0.500505]],[[0.202667,-0.949844,-0.238163],[-0.835648,-0.0409624,-0.547735],[0.510507,0.310028,-0.802038]],[[0.202667,-0.949844,-0.238163],[-0.971706,-0.225194,0.0712393],[-0.121299,0.216987,-0.968609]]],"btipPosition":[62.0829,138.372,20.4483],"carpPosition":[99.6334,130.418,67.1539],"dipPosition":[59.973,142.146,3.60046],"direction":[-0.510507,-0.310028,0.802038],"extended":false,"handId":812,"id":8122,"length":62.0209,"mcpPosition":[111.945,152.93,4.81992],"pipPosition":[73.4099,150.306,-17.5097],"stabilizedTipPosition":[58.9413,142.371,23.5467],"timeVisible":1.62163,"tipPosition":[61.6939,139.376,14.682],"tipVelocity":[-8.00244,0.91316,8.66841],"tool":false,"touchDistance":0.333333,"touchZone":"none","type":2,"width":19.1443},{"bases":[[[0.111842,-0.978688,-0.172226],[0.966134,0.0665338,0.249317],[-0.232544,-0.194277,0.952984]],[[0.0976968,-0.988576,-0.114771],[0.488202,0.148099,-0.860073],[0.867245,0.0279948,0.497094]],[[0.0976968,-0.988576,-0.114771],[-0.826381,-0.0163195,-0.562874],[0.554571,0.149836,-0.818535]],[[0.0976968,-0.988576,-0.114771],[-0.98972,-0.108612,0.0930469],[-0.10445,0.104501,-0.989025]]],"btipPosition":[68.936,124.757,23.0155],"carpPosition":[103.141,119.806,63.1569],"dipPosition":[67.1297,126.564,5.91145],"direction":[-0.554571,-0.149836,0.818535],"extended":false,"handId":812,"id":8123,"length":59.6348,"mcpPosition":[117.215,131.564,5.48095],"pipPosition":[81.3494,130.406,-15.0765],"stabilizedTipPosition":[65.3195,127.506,23.1556],"timeVisible":1.62163,"tipPosition":[67.6588,124.602,17.1778],"tipVelocity":[-5.22298,1.395,9.59269],"tool":false,"touchDistance":0.333333,"touchZone":"none","type":3,"width":18.217},{"bases":[[[-0.0770049,-0.992045,-0.0995818],[0.947402,-0.103925,0.302702],[-0.310643,-0.0710345,0.947869]],[[-0.0860215,-0.993693,-0.0719274],[0.538658,0.014346,-0.842402],[0.838121,-0.111209,0.534027]],[[-0.0860215,-0.993693,-0.0719274],[-0.761679,0.11213,-0.638179],[0.642219,-0.000111553,-0.766521]],[[-0.0860215,-0.993693,-0.0719274],[-0.995912,0.0837672,0.0337966],[-0.0275583,0.0745406,-0.996837]]],"btipPosition":[78.8115,113.35,18.7109],"carpPosition":[100.025,106.918,59.5115],"dipPosition":[78.3719,114.539,2.80704],"direction":[-0.642219,0.000111553,0.766521],"extended":false,"handId":812,"id":8124,"length":46.7525,"mcpPosition":[117.429,110.898,6.40812],"pipPosition":[89.9983,114.537,-11.0697],"stabilizedTipPosition":[75.8672,115.05,16.7702],"timeVisible":1.62163,"tipPosition":[77.6608,113.825,13.3817],"tipVelocity":[-3.63275,1.64256,9.73082],"tool":false,"touchDistance":0.333333,"touchZone":"none","type":4,"width":16.1818}],"r":[[0.948896,0.19969,0.244378],[-0.185958,0.979435,-0.0782736],[-0.254983,0.0288295,0.966516]],"s":1.28105,"t":[22.5525,22.8508,-30.9483],"timestamp":747458995723},{"currentFrameRate":113.245,"devices":[],"gestures":[],"hands":[{"armBasis":[[0.349437,-0.826332,-0.441667],[0.936484,0.323044,0.136528],[0.0298601,-0.461322,0.88673]],"armWidth":63.4054,"confidence":1,"direction":[0.3259,0.345115,-0.880162],"elbow":[95.1651,-11.6473,319.862],"grabAngle":3.14159,"grabStrength":1,"id":812,"palmNormal":[-0.879398,-0.231104,-0.416234],"palmPosition":[101.297,141.004,23.7962],"palmVelocity":[-5.63851,6.42481,4.26455],"palmWidth":87.9125,"pinchDistance":28.8969,"pinchStrength":0.540502,"r":[[0.948961,0.200077,0.243807],[-0.18639,0.979358,-0.0782145],[-0.254423,0.0287793,0.966665]],"s":1.28089,"sphereCenter":[72.0725,142.318,-4.49638],"sphereRadius":36.5068,"stabilizedPalmPosition":[99.1673,139.987,26.1264],"t":[22.5003,22.8948,-30.8981],"timeVisible":1.63035,"type":"right","wrist":[87.3756,108.697,88.5429]}],"id":1375992,"interactionBox":{"center":[0,200,0],"size":[235.247,235.247,147.751]},"pointables":[{"bases":[[[0.989806,-0.0919968,0.108725],[-0.0132182,0.700758,0.713276],[-0.141809,-0.707442,0.692399]],[[0.994031,0.0864641,-0.0665255],[-0.00134815,0.619485,0.785008],[0.109087,-0.780233,0.615904]],[[0.994031,0.0864641,-0.0665255],[-0.0531751,0.916457,0.396583],[0.095258,-0.390679,0.915585]],[[0.994031,0.0864641,-0.0665255],[-0.0798227,0.992104,0.0967317],[0.0743641,-0.0908441,0.993085]]],"btipPosition":[60.8289,190.693,-5.48601],"carpPosition":[70.7071,138.766,74.6258],"dipPosition":[62.4398,188.726,16.0265],"direction":[-0.095258,0.390679,-0.915585],"extended":true,"handId":812,"id":8120,"length":48.2387,"mcpPosition":[70.7071,138.766,74.6258],"pipPosition":[65.446,176.396,44.9212],"stabilizedTipPosition":[62.3373,193.586,0.00325805],"timeVisible":1.63035,"tipPosition":[60.6503,194.655,0.725277],"tipVelocity":[-14.344,-16.0288,-6.1341],"tool":false,"touchDistance":-0.278005,"touchZone":"touching","type":0,"width":20.4068},{"bases":[[[0.39685,-0.838804,-0.372718],[0.908682,0.301672,0.288602],[-0.129642,-0.453214,0.881924]],[[0.394803,-0.845696,-0.359066],[0.469574,0.521647,-0.712309],[0.789703,0.112613,0.603065]],[[0.394803,-0.845696,-0.359066],[-0.771338,-0.0927612,-0.629629],[0.499167,0.525541,-0.68894]],[[0.394803,-0.845696,-0.359066],[-0.918647,-0.369657,-0.139436],[-0.014811,0.384905,-0.922838]]],"btipPosition":[60.2733,149.504,14.949],"carpPosition":[93.3945,139.612,71.6116],"dipPosition":[60.039,155.591,0.354889],"direction":[-0.499167,-0.525541,0.68894],"extended":false,"handId":812,"id":8121,"length":54.432,"mcpPosition":[102.61,171.827,8.92328],"pipPosition":[71.2064,167.348,-15.0581],"stabilizedTipPosition":[58.3434,157.861,15.3252],"timeVisible":1.63035,"tipPosition":[59.8427,153.619,6.54526],"tipVelocity":[-13.9878,6.29462,-2.90437],"tool":false,"touchDistance":0.333333,"touchZone":"none","type":1,"width":19.4926},{"bases":[[[0.214925,-0.931378,-0.293842],[0.959626,0.145496,0.240727],[-0.181455,-0.333716,0.925045]],[[0.203657,-0.949713,-0.237844],[0.460755,0.307324,-0.832621],[0.863845,0.0599815,0.500173]],[[0.203657,-0.949713,-0.237844],[-0.835803,-0.0421384,-0.54741],[0.509859,0.310274,-0.802355]],[[0.203657,-0.949713,-0.237844],[-0.971437,-0.226243,0.0715829],[-0.121794,0.216472,-0.968662]]],"btipPosition":[62.0238,138.381,20.4946],"carpPosition":[99.6333,130.494,67.1979],"dipPosition":[59.9053,142.147,3.64589],"direction":[-0.509859,-0.310274,0.802355],"extended":false,"handId":812,"id":8122,"length":62.0209,"mcpPosition":[111.865,152.989,4.84219],"pipPosition":[73.3252,150.313,-17.4726],"stabilizedTipPosition":[58.9437,142.368,23.5403],"timeVisible":1.63035,"tipPosition":[61.6391,139.378,14.756],"tipVelocity":[-7.00385,0.815846,5.2931],"tool":false,"touchDistance":0.333333,"touchZone":"none","type":2,"width":19.1443},{"bases":[[[0.112923,-0.978636,-0.171816],[0.966255,0.067869,0.248484],[-0.231514,-0.194078,0.953276]],[[0.0988374,-0.988512,-0.114345],[0.487478,0.148273,-0.860453],[0.867523,0.0293042,0.496533]],[[0.0988374,-0.988512,-0.114345],[-0.826669,-0.0175987,-0.562414],[0.553941,0.150113,-0.818911]],[[0.0988374,-0.988512,-0.114345],[-0.989509,-0.109799,0.093898],[-0.105374,0.103865,-0.988994]]],"btipPosition":[68.9042,124.773,23.0766],"carpPosition":[103.15,119.884,63.2034],"dipPosition":[67.0818,126.569,5.97315],"direction":[-0.553941,-0.150113,0.818911],"extended":false,"handId":812,"id":8123,"length":59.6348,"mcpPosition":[117.162,131.63,5.50982],"pipPosition":[81.2854,130.418,-15.0244],"stabilizedTipPosition":[65.3209,127.505,23.1538],"timeVisible":1.63035,"tipPosition":[67.6254,124.613,17.2527],"tipVelocity":[-4.07934,1.56706,7.0311],"tool":false,"touchDistance":0.333333,"touchZone":"none","type":3,"width":18.217},{"bases":[[[-0.0758472,-0.992192,-0.0990093],[0.947781,-0.102586,0.301972],[-0.309771,-0.0709354,0.948161]],[[-0.0848085,-0.993833,-0.0714406],[0.537967,0.0146792,-0.842838],[0.838689,-0.109912,0.533404]],[[-0.0848085,-0.993833,-0.0714406],[-0.762345,0.110888,-0.6376],[0.64159,0.000388502,-0.767048]],[[-0.0848085,-0.993833,-0.0714406],[-0.995982,0.082484,0.0348871],[-0.0287792,0.0741122,-0.996835]]],"btipPosition":[78.7979,113.373,18.7801],"carpPosition":[100.048,106.991,59.5672],"dipPosition":[78.3388,114.555,2.87627],"direction":[-0.64159,-0.000388502,0.767048],"extended":false,"handId":812,"id":8124,"length":46.7525,"mcpPosition":[117.403,110.965,6.44742],"pipPosition":[89.9538,114.562,-11.01],"stabilizedTipPosition":[75.8683,115.05,16.7696],"timeVisible":1.63035,"tipP