{"frames":77,"data":[{"currentFrameRate":115.111,"devices":[],"gestures":[],"hands":[{"armBasis":[[0.916131,0.153037,-0.370518],[0.157659,0.71224,0.684001],[0.368575,-0.68505,0.628378]],"armWidth":64.3309,"confidence":1,"direction":[0.0677235,0.621619,-0.780387],"elbow":[141.167,-72.1245,300.841],"grabAngle":1.19182,"grabStrength":0.135896,"id":821,"palmNormal":[-0.163631,-0.764671,-0.6233],"palmPosition":[35.0118,156.213,73.7628],"palmVelocity":[4.70472,-4.93779,-3.22877],"palmWidth":89.9277,"pinchDistance":94.0767,"pinchStrength":0,"r":[[0.982151,-0.0152459,0.187475],[0.0462786,0.985657,-0.16229],[-0.182312,0.16807,0.96877]],"s":1.29735,"sphereCenter":[47.3363,126.806,13.1966],"sphereRadius":73.1944,"stabilizedPalmPosition":[34.1587,156.404,74.5237],"t":[25.7545,-5.15485,-71.3993],"timeVisible":4.55274,"type":"right","wrist":[42.8131,110.68,133.16]}],"id":1381155,"interactionBox":{"center":[0,200,0],"size":[235.247,235.247,147.751]},"pointables":[{"bases":[[[0.555608,0.73687,0.385126],[-0.745326,0.236116,0.623489],[0.368496,-0.63346,0.680396]],[[0.287395,0.957622,-0.0190973],[-0.741893,0.235175,0.627923],[0.605804,-0.166294,0.778041]],[[0.287395,0.957622,-0.0190973],[-0.792538,0.248953,0.556692],[0.537855,-0.144855,0.830499]],[[0.287395,0.957622,-0.0190973],[-0.854938,0.265466,0.445655],[0.431839,-0.111752,0.895001]]],"btipPosition":[-48.6874,135.346,27.165],"carpPosition":[9.80524,119.545,115.09],"dipPosition":[-38.5239,132.716,48.2293],"direction":[-0.537855,0.144855,-0.830499],"extended":true,"handId":821,"id":8210,"length":52.4101,"mcpPosition":[9.80524,119.545,115.09],"pipPosition":[-20.082,127.749,76.7053],"stabilizedTipPosition":[-46.3849,134.674,32.0344],"timeVisible":4.55274,"tipPosition":[-46.742,134.942,32.7446],"tipVelocity":[3.85793,5.98554,-2.39844],"tool":false,"touchDistance":-0.260983,"touchZone":"touching","type":0,"width":20.6332},{"bases":[[[0.981593,-0.0631244,-0.180249],[0.147211,0.851345,0.503528],[0.12167,-0.520795,0.844967]],[[0.987813,-0.152559,-0.0308556],[0.135154,0.742404,0.656178],[-0.0771984,-0.652351,0.753975]],[[0.987813,-0.152559,-0.0308556],[0.155539,0.960112,0.232362],[-0.00582398,-0.234329,0.97214]],[[0.987813,-0.152559,-0.0308556],[0.144098,0.971301,-0.189234],[0.0588394,0.182481,0.981447]]],"btipPosition":[15.1481,208.154,-16.0218],"carpPosition":[21.5288,139.542,118.484],"dipPosition":[16.159,211.29,0.841354],"direction":[0.00582398,0.234329,-0.97214],"extended":true,"handId":821,"id":8211,"length":59.139,"mcpPosition":[12.6821,177.409,57.046],"pipPosition":[16.0175,205.594,24.4708],"stabilizedTipPosition":[15.2656,208.999,-12.044],"timeVisible":4.55274,"tipPosition":[12.0788,204.633,-12.6013],"tipVelocity":[7.36688,-15.2224,-11.0252],"tool":false,"touchDistance":-0.28849,"touchZone":"touching","type":1,"width":19.7088},{"bases":[[[0.949432,-0.277108,-0.147615],[0.313677,0.816776,0.484235],[-0.0136171,-0.506051,0.862396]],[[0.938699,-0.34355,-0.0285909],[0.301487,0.777881,0.551369],[-0.167183,-0.526189,0.833772]],[[0.938699,-0.34355,-0.0285909],[0.344341,0.938368,0.0299299],[0.0165463,-0.0379401,0.999143]],[[0.938699,-0.34355,-0.0285909],[0.286525,0.823619,-0.489443],[0.191696,0.451248,0.871566]]],"btipPosition":[38.4695,193.474,-28.2535],"carpPosition":[33.5227,140.518,116.669],"dipPosition":[42.0922,202.002,-11.7827],"direction":[-0.0165463,0.0379401,-0.999143],"extended":true,"handId":821,"id":8212,"length":67.3841,"mcpPosition":[34.4616,175.412,57.2042],"pipPosition":[42.5653,200.917,16.7895],"stabilizedTipPosition":[39.1852,195.615,-24.3818],"timeVisible":4.55274,"tipPosition":[37.2844,193.457,-23.805],"tipVelocity":[9.56655,-21.8149,-10.0166],"tool":false,"touchDistance":-0.293865,"touchZone":"touching","type":2,"width":19.3567},{"bases":[[[0.910714,-0.409335,-0.0551779],[0.380114,0.778343,0.499695],[-0.161596,-0.476054,0.864442]],[[0.893452,-0.448741,0.0193331],[0.395447,0.806294,0.439899],[-0.212989,-0.385384,0.897839]],[[0.893452,-0.448741,0.0193331],[0.442153,0.871131,-0.213616],[0.0790168,0.199404,0.976726]],[[0.893452,-0.448741,0.0193331],[0.314391,0.594058,-0.740441],[0.320782,0.667627,0.671843]]],"btipPosition":[56.6295,166.995,-19.0734],"carpPosition":[45.284,138.307,114.618],"dipPosition":[62.6568,179.539,-6.44993],"direction":[-0.0790168,-0.199404,-0.976726],"extended":true,"handId":821,"id":8213,"length":64.7916,"mcpPosition":[55.2881,167.779,61.1011],"pipPosition":[64.8581,185.094,20.7599],"stabilizedTipPosition":[57.9251,170.099,-16.0965],"timeVisible":4.55274,"tipPosition":[59.575,173.132,-15.6571],"tipVelocity":[4.54288,-20.751,-6.20404],"tool":false,"touchDistance":-0.291765,"touchZone":"touching","type":3,"width":18.4191},{"bases":[[[0.810481,-0.584622,-0.0365579],[0.501356,0.660064,0.559425],[-0.302922,-0.471732,0.828074]],[[0.779652,-0.625015,0.0387301],[0.587307,0.751273,0.301097],[-0.217287,-0.212004,0.952807]],[[0.779652,-0.625015,0.0387301],[0.548388,0.651588,-0.524122],[0.302348,0.429872,0.850762]],[[0.779652,-0.625015,0.0387301],[0.321485,0.346415,-0.881274],[0.537392,0.699538,0.471016]]],"btipPosition":[65.3022,143.217,4.99708],"carpPosition":[55.4779,129.225,111.231],"dipPosition":[74.6173,155.343,13.1617],"direction":[-0.302348,-0.429872,-0.850762],"extended":false,"handId":821,"id":8214,"length":50.7954,"mcpPosition":[72.8378,156.259,63.7757],"pipPosition":[80.5642,163.798,29.8953],"stabilizedTipPosition":[67.334,146.098,6.93984],"timeVisible":4.55274,"tipPosition":[72.4269,150.424,5.865],"tipVelocity":[4.12894,-12.3674,-3.04413],"tool":false,"touchDistance":-0.278467,"touchZone":"touching","type":4,"width":16.3613}],"r":[[0.982151,-0.0152459,0.187475],[0.0462786,0.985657,-0.16229],[-0.182312,0.16807,0.96877]],"s":1.29735,"t":[25.7545,-5.15485,-71.3993],"timestamp":747504532154},{"currentFrameRate":115.086,"devices":[],"gestures":[],"hands":[{"armBasis":[[0.915691,0.154119,-0.371156],[0.157428,0.712177,0.68412],[0.369765,-0.684873,0.627871]],"armWidth":64.3309,"confidence":1,"direction":[0.0679224,0.620891,-0.780948],"elbow":[141.507,-72.0533,300.708],"grabAngle":1.19146,"grabStrength":0.135688,"id":821,"palmNormal":[-0.163498,-0.765247,-0.622628],"palmPosition":[35.0342,156.189,73.7311],"palmVelocity":[2.56199,-2.70149,-3.63467],"palmWidth":89.9277,"pinchDistance":94.0025,"pinchStrength":0,"r":[[0.982073,-0.0156474,0.18785],[0.0468329,0.985556,-0.162746],[-0.18259,0.168626,0.968621]],"s":1.29681,"sphereCenter":[47.3509,126.608,13.1518],"sphereRadius":73.2562,"stabilizedPalmPosition":[34.1758,156.4,74.5082],"t":[25.7903,-5.18389,-71.4282],"timeVisible":4.56148,"type":"right","wrist":[42.8359,110.704,133.162]}],"id":1381156,"interactionBox":{"center":[0,200,0],"size":[235.247,235.247,147.751]},"pointables":[{"bases":[[[0.555532,0.737216,0.384573],[-0.745469,0.236711,0.623092],[0.368321,-0.632835,0.681073]],[[0.287868,0.957475,-0.0193367],[-0.741926,0.235738,0.627673],[0.605539,-0.16634,0.778237]],[[0.287868,0.957475,-0.0193367],[-0.792686,0.249556,0.556211],[0.537384,-0.144787,0.830816]],[[0.287868,0.957475,-0.0193367],[-0.854555,0.265934,0.446111],[0.432283,-0.111897,0.894769]]],"btipPosition":[-48.6569,135.365,27.1463],"carpPosition":[9.817,119.56,115.086],"dipPosition":[-38.4829,132.731,48.2051],"direction":[-0.537384,0.144787,-0.830816],"extended":true,"handId":821,"id":8210,"length":52.4101,"mcpPosition":[9.817,119.56,115.086],"pipPosition":[-20.0572,127.767,76.6919],"stabilizedTipPosition":[-46.3519,134.715,32.0127],"timeVisible":4.56148,"tipPosition":[-46.7083,134.882,32.7094],"tipVelocity":[3.7713,2.05283,-2.29114],"tool":false,"touchDistance":-0.261316,"touchZone":"touching","type":0,"width":20.6332},{"bases":[[[0.981635,-0.0633122,-0.179957],[0.147109,0.85181,0.502772],[0.121457,-0.520011,0.84548]],[[0.98783,-0.152481,-0.0306973],[0.135116,0.743472,0.654976],[-0.0770487,-0.651152,0.755026]],[[0.98783,-0.152481,-0.0306973],[0.155435,0.960474,0.230932],[-0.00572865,-0.232893,0.972486]],[[0.98783,-0.152481,-0.0306973],[0.143966,0.971045,-0.190643],[0.058878,0.183904,0.981179]]],"btipPosition":[15.1654,208.004,-16.1277],"carpPosition":[21.5402,139.56,118.465],"dipPosition":[16.177,211.164,0.730792],"direction":[0.00572865,0.232893,-0.972486],"extended":true,"handId":821,"id":8211,"length":59.139,"mcpPosition":[12.7089,177.371,56.9892],"pipPosition":[16.0378,205.503,24.3687],"stabilizedTipPosition":[15.3149,208.899,-12.1208],"timeVisible":4.56148,"tipPosition":[12.1344,204.545,-12.6819],"tipVelocity":[2.00448,-16.5159,-12.2558],"tool":false,"touchDistance":-0.28958,"touchZone":"touching","type":1,"width":19.7088},{"bases":[[[0.949461,-0.277264,-0.147131],[0.313579,0.81722,0.48355],[-0.0138331,-0.505249,0.862863]],[[0.93869,-0.343623,-0.027997],[0.301535,0.778916,0.549879],[-0.167144,-0.524608,0.834775]],[[0.93869,-0.343623,-0.027997],[0.344364,0.93841,0.0282864],[0.0165528,-0.0361933,0.999208]],[[0.93869,-0.343623,-0.027997],[0.286685,0.823094,-0.490233],[0.1915,0.452151,0.871142]]],"btipPosition":[38.4979,193.292,-28.3456],"carpPosition":[33.5345,140.534,116.652],"dipPosition":[42.1168,201.836,-11.8829],"direction":[-0.0165528,0.0361933,-0.999208],"extended":true,"handId":821,"id":8212,"length":67.3841,"mcpPosition":[34.4884,175.373,57.1545],"pipPosition":[42.5902,200.801,16.6912],"stabilizedTipPosition":[39.247,195.462,-24.4574],"timeVisible":4.56148,"tipPosition":[37.3403,193.352,-23.874],"tipVelocity":[3.15078,-20.4648,-10.7663],"tool":false,"touchDistance":-0.294222,"touchZone":"touching","type":2,"width":19.3567},{"bases":[[[0.910719,-0.409405,-0.0545803],[0.380011,0.778799,0.499062],[-0.161812,-0.475246,0.864846]],[[0.893495,-0.448639,0.0197591],[0.395538,0.807051,0.438426],[-0.212642,-0.383916,0.89855]],[[0.893495,-0.448639,0.0197591],[0.442014,0.870825,-0.215146],[0.0793158,0.200965,0.976382]],[[0.893495,-0.448639,0.0197591],[0.314595,0.593927,-0.74046],[0.320463,0.667813,0.67181]]],"btipPosition":[56.6372,166.846,-19.1328],"carpPosition":[45.2962,138.321,114.605],"dipPosition":[62.6585,179.394,-6.50994],"direction":[-0.0793158,-0.200965,-0.976382],"extended":true,"handId":821,"id":8213,"length":64.7916,"mcpPosition":[55.3138,167.743,61.0634],"pipPosition":[64.8681,184.993,20.6903],"stabilizedTipPosition":[57.9615,169.961,-16.1465],"timeVisible":4.56148,"tipPosition":[59.6128,173.012,-15.7008],"tipVelocity":[0.719972,-16.9389,-6.81836],"tool":false,"touchDistance":-0.291815,"touchZone":"touching","type":3,"width":18.4191},{"bases":[[[0.810478,-0.584673,-0.0358212],[0.501237,0.660574,0.558931],[-0.303129,-0.470956,0.82844]],[[0.779828,-0.624774,0.0390592],[0.587151,0.751651,0.300457],[-0.217076,-0.211371,0.952995]],[[0.779828,-0.624774,0.0390592],[0.548281,0.651576,-0.524249],[0.302088,0.43024,0.850669]],[[0.779828,-0.624774,0.0390592],[0.322041,0.346893,-0.880883],[0.536804,0.699516,0.471719]]],"btipPosition":[65.3348,143.154,4.95726],"carpPosition":[55.4908,129.236,111.229],"dipPosition":[74.6397,155.279,13.134],"direction":[-0.302088,-0.43024,-0.850669],"extended":false,"handId":821,"id":8214,"length":50.7954,"mcpPosition":[72.8626,156.226,63.753],"pipPosition":[80.5815,163.742,29.8659],"stabilizedTipPosition":[67.3837,146.043,6.90386],"timeVisible":4.56148,"tipPosition":[72.4542,150.327,5.84979],"tipVelocity":[3.46292,-7.22884,-4.23954],"tool":false,"touchDistance":-0.279084,"touchZone":"touching","type":4,"width":16.3613}],"r":[[0.982073,-0.0156474,0.18785],[0.0468329,0.985556,-0.162746],[-0.18259,0.168626,0.968621]],"s":1.29681,"t":[25.7903,-5.18389,-71.4282],"timestamp":747504540886},{"currentFrameRate":115.103,"devices":[],"gestures":[],"hands":[{"armBasis":[[0.915254,0.15526,-0.371758],[0.157096,0.712177,0.684196],[0.370986,-0.684615,0.627433]],"armWidth":64.3309,"confidence":1,"direction":[0.0679154,0.620334,-0.781392],"elbow":[141.853,-71.9713,300.591],"grabAngle":1.19079,"grabStrength":0.135372,"id":821,"palmNormal":[-0.163228,-0.765739,-0.622094],"palmPosition":[35.0412,156.163,73.7039],"palmVelocity":[0.803371,-3.05191,-3.141],"palmWidth":89.9277,"pinchDistance":93.9399,"pinchStrength":0,"r":[[0.982005,-0.0158979,0.188185],[0.0472387,0.985453,-0.163254],[-0.182852,0.169206,0.96847]],"s":1.29631,"sphereCenter":[47.3729,126.44,13.1091],"sphereRadius":73.3167,"stabilizedPalmPosition":[34.1901,156.396,74.4949],"t":[25.8116,-5.21163,-71.4563],"timeVisible":4.57014,"type":"right","wrist":[42.8565,110.717,133.162]}],"id":1381157,"interactionBox":{"center":[0,200,0],"size":[235.247,235.247,147.751]},"pointables":[{"bases":[[[0.555307,0.73762,0.384124],[-0.745624,0.237005,0.622795],[0.368347,-0.632255,0.681597]],[[0.288043,0.957419,-0.019495],[-0.742036,0.23602,0.627437],[0.605321,-0.166263,0.778423]],[[0.288043,0.957419,-0.019495],[-0.792853,0.24985,0.555841],[0.537044,-0.144649,0.83106]],[[0.288043,0.957419,-0.019495],[-0.854301,0.266111,0.446492],[0.432668,-0.111954,0.894575]]],"btipPosition":[-48.6354,135.356,27.1288],"carpPosition":[9.82515,119.559,115.082],"dipPosition":[-38.4523,132.721,48.183],"direction":[-0.537044,0.144649,-0.83106],"extended":true,"handId":821,"id":8210,"length":52.4101,"mcpPosition":[9.82515,119.559,115.082],"pipPosition":[-20.0383,127.761,76.6783],"stabilizedTipPosition":[-46.327,134.73,31.9951],"timeVisible":4.57014,"tipPosition":[-46.6881,134.807,32.6812],"tipVelocity":[2.72323,-1.05671,-2.14335],"tool":false,"touchDistance":-0.261625,"touchZone":"touching","type":0,"width":20.6332},{"bases":[[[0.981678,-0.0632293,-0.179749],[0.14684,0.85221,0.502171],[0.121432,-0.519365,0.845881]],[[0.987876,-0.152205,-0.0305646],[0.134918,0.744334,0.654036],[-0.0767973,-0.650231,0.755845]],[[0.987876,-0.152205,-0.0305646],[0.155142,0.960768,0.229904],[-0.00562695,-0.231858,0.972733]],[[0.987876,-0.152205,-0.0305646],[0.143644,0.970847,-0.191891],[0.0588803,0.185174,0.98094]]],"btipPosition":[15.1571,207.874,-16.2115],"carpPosition":[21.5434,139.564,118.447],"dipPosition":[16.1688,211.056,0.642965],"direction":[0.00562695,0.231858,-0.972733],"extended":true,"handId":821,"id":8211,"length":59.139,"mcpPosition":[12.714,177.327,56.9428],"pipPosition":[16.032,205.42,24.2868],"stabilizedTipPosition":[15.3401,208.8,-12.1928],"timeVisible":4.57014,"tipPosition":[12.1535,204.461,-12.7472],"tipVelocity":[-0.955948,-14.4774,-9.77772],"tool":false,"touchDistance":-0.290225,"touchZone":"touching","type":1,"width":19.7088},{"bases":[[[0.949546,-0.277165,-0.146771],[0.31332,0.817642,0.483003],[-0.0138649,-0.50462,0.86323]],[[0.938761,-0.343467,-0.0275352],[0.301388,0.779757,0.548767],[-0.167013,-0.52346,0.835522]],[[0.938761,-0.343467,-0.0275352],[0.344173,0.938513,0.0271665],[0.0165113,-0.0349797,0.999252]],[[0.938761,-0.343467,-0.0275352],[0.286678,0.822875,-0.490603],[0.191164,0.452666,0.870948]]],"btipPosition":[38.5045,193.153,-28.4208],"carpPosition":[33.5378,140.539,116.636],"dipPosition":[42.1171,201.707,-11.9617],"direction":[-0.0165113,0.0349797,-0.999252],"extended":true,"handId":821,"id":8212,"length":67.3841,"mcpPosition":[34.4939,175.334,57.1131],"pipPosition":[42.5893,200.707,16.6136],"stabilizedTipPosition":[39.2817,195.328,-24.5271],"timeVisible":4.57014,"tipPosition":[37.3612,193.26,-23.9302],"tipVelocity":[0.602115,-15.7711,-8.77435],"tool":false,"touchDistance":-0.294273,"touchZone":"touching","type":2,"width":19.3567},{"bases":[[[0.910817,-0.409246,-0.0541303],[0.379759,0.779248,0.498554],[-0.16185,-0.474648,0.865167]],[[0.893627,-0.448361,0.0201006],[0.395399,0.807679,0.437395],[-0.212345,-0.38292,0.899045]],[[0.893627,-0.448361,0.0201006],[0.441735,0.870734,-0.216083],[0.0793806,0.201976,0.976168]],[[0.893627,-0.448361,0.0201006],[0.314798,0.594243,-0.74012],[0.319896,0.667718,0.672175]]],"btipPosition":[56.6393,166.744,-19.1883],"carpPosition":[45.3004,138.327,114.592],"dipPosition":[62.6499,179.29,-6.55855],"direction":[-0.0793806,-0.201976,-0.976168],"extended":true,"handId":821,"id":8213,"length":64.7916,"mcpPosition":[55.3203,167.711,61.0311],"pipPosition":[64.8613,184.917,20.6357],"stabilizedTipPosition":[57.9826,169.845,-16.1944],"timeVisible":4.57014,"tipPosition":[59.6274,172.919,-15.7374],"tipVelocity":[-0.0448136,-11.8762,-6.22223],"tool":false,"touchDistance":-0.291775,"touchZone":"touching","type":3,"width":18.4191},{"bases":[[[0.810612,-0.584522,-0.0352593],[0.501,0.661093,0.558529],[-0.303163,-0.470415,0.828735]],[[0.780094,-0.624424,0.0393445],[0.586784,0.751993,0.30032],[-0.217114,-0.211191,0.953027]],[[0.780094,-0.624424,0.0393445],[0.548285,0.651973,-0.52375],[0.301391,0.430146,0.850963]],[[0.780094,-0.624424,0.0393445],[0.322874,0.347908,-0.880177],[0.535916,0.699325,0.473011]]],"btipPosition":[65.3738,143.127,4.90697],"carpPosition":[55.4974,129.242,111.225],"dipPosition":[74.6633,155.249,13.1061],"direction":[-0.301391,-0.430146,-0.850963],"extended":false,"handId":821,"id":8214,"length":50.7954,"mcpPosition":[72.8712,156.2,63.732],"pipPosition":[80.5914,163.71,29.8438],"stabilizedTipPosition":[67.4215,146.005,6.87074],"timeVisible":4.57014,"tipPosition":[72.456,150.243,5.83647],"tipVelocity":[4.09711,-3.17285,-5.21273],"tool":false,"touchDistance":-0.279836,"touchZone":"touching","type":4,"width":16.3613}],"r":[[0.982005,-0.0158979,0.188185],[0.0472387,0.985453,-0.163254],[-0.182852,0.169206,0.96847]],"s":1.29631,"t":[25.8116,-5.21163,-71.4563],"timestamp":747504549545},{"currentFrameRate":114.824,"devices":[],"gestures":[],"hands":[{"armBasis":[[0.914696,0.156086,-0.372784],[0.157247,0.712269,0.684066],[0.372295,-0.684332,0.626966]],"armWidth":64.3309,"confidence":1,"direction":[0.0680928,0.619991,-0.781649],"elbow":[142.224,-71.8808,300.47],"grabAngle":1.19069,"grabStrength":0.135386,"id":821,"palmNormal":[-0.163413,-0.765955,-0.621779],"palmPosition":[35.0581,156.157,73.6943],"palmVelocity":[1.84639,-0.678573,-1.04115],"palmWidth":89.9277,"pinchDistance":93.8843,"pinchStrength":0,"r":[[0.981949,-0.0161333,0.188459],[0.0476151,0.985354,-0.163741],[-0.183057,0.169759,0.968335]],"s":1.29585,"sphereCenter":[47.3651,126.319,13.0837],"sphereRadius":73.357,"stabilizedPalmPosition":[34.2047,156.392,74.4814],"t":[25.8308,-5.22861,-71.4751],"timeVisible":4.57932,"type":"right","wrist":[42.8776,110.732,133.166]}],"id":1381158,"interactionBox":{"center":[0,200,0],"size":[235.247,235.247,147.751]},"pointables":[{"bases":[[[0.55549,0.737636,0.38383],[-0.745576,0.237457,0.62268],[0.368168,-0.632067,0.681868]],[[0.288599,0.957252,-0.0194858],[-0.741981,0.236468,0.627334],[0.605124,-0.16659,0.778507]],[[0.288599,0.957252,-0.0194858],[-0.792787,0.250327,0.55572],[0.536842,-0.144932,0.831141]],[[0.288599,0.957252,-0.0194858],[-0.85382,0.266518,0.447169],[0.433247,-0.112415,0.894237]]],"btipPosition":[-48.6258,135.41,27.1349],"carpPosition":[9.83173,119.576,115.087],"dipPosition":[-38.4291,132.764,48.1813],"direction":[-0.536842,0.144932,-0.831141],"extended":true,"handId":821,"id":8210,"length":52.4101,"mcpPosition":[9.83173,119.576,115.087],"pipPosition":[-20.022,127.795,76.6792],"stabilizedTipPosition":[-46.3063,134.762,31.9864],"timeVisible":4.57932,"tipPosition":[-46.6744,134.805,32.6762],"tipVelocity":[1.3888,5.63004,0.472248],"tool":false,"touchDistance":-0.261553,"touchZone":"touching","type":0,"width":20.6332},{"bases":[[[0.981666,-0.0635582,-0.179701],[0.147049,0.852381,0.50182],[0.121279,-0.519045,0.846099]],[[0.98785,-0.152345,-0.0307011],[0.135186,0.744927,0.653306],[-0.0766581,-0.649519,0.756472]],[[0.98785,-0.152345,-0.0307011],[0.155315,0.960966,0.228958],[-0.00537797,-0.230944,0.972952]],[[0.98785,-0.152345,-0.0307011],[0.143673,0.970567,-0.193283],[0.0592433,0.186524,0.980663]]],"btipPosition":[15.1616,207.79,-16.2579],"carpPosition":[21.5551,139.58,118.444],"dipPosition":[16.1795,210.995,0.591747],"direction":[0.00537797,0.230944,-0.972952],"extended":true,"handId":821,"id":8211,"length":59.139,"mcpPosition":[12.7368,177.32,56.924],"pipPosition":[16.0488,205.382,24.2409],"stabilizedTipPosition":[15.3583,208.711,-12.2547],"timeVisible":4.57932,"tipPosition":[12.1959,204.439,-12.776],"tipVelocity":[0.645465,-8.52259,-5.17679],"tool":false,"touchDistance":-0.290249,"touchZone":"touching","type":1,"width":19.7088},{"bases":[[[0.949478,-0.277471,-0.146635],[0.313522,0.817762,0.482669],[-0.0140142,-0.504257,0.86344]],[[0.93866,-0.343761,-0.0272968],[0.301703,0.780319,0.547794],[-0.16701,-0.522428,0.836168]],[[0.93866,-0.343761,-0.0272968],[0.344439,0.938451,0.025925],[0.0167047,-0.0337369,0.999291]],[[0.93866,-0.343761,-0.0272968],[0.286907,0.822423,-0.491228],[0.191315,0.453264,0.870603]]],"btipPosition":[38.5183,193.043,-28.4642],"carpPosition":[33.5498,140.551,116.633],"dipPosition":[42.1338,201.609,-12.0116],"direction":[-0.0167047,0.0337369,-0.999291],"extended":true,"handId":821,"id":8212,"length":67.3841,"mcpPosition":[34.5161,175.321,57.0956],"pipPosition":[42.6115,200.644,16.5648],"stabilizedTipPosition":[39.3085,195.205,-24.5872],"timeVisible":4.57932,"tipPosition":[37.3982,193.22,-23.9582],"tipVelocity":[1.57141,-11.6784,-4.89712],"tool":false,"touchDistance":-0.293853,"touchZone":"touching","type":2,"width":19.3567},{"bases":[[[0.910712,-0.409504,-0.0539403],[0.37995,0.779357,0.498238],[-0.161992,-0.474246,0.865361]],[[0.89353,-0.448548,0.0202362],[0.395759,0.808059,0.436366],[-0.212083,-0.381897,0.899542]],[[0.89353,-0.448548,0.0202362],[0.441849,0.870383,-0.217264],[0.0798399,0.203073,0.975903]],[[0.89353,-0.448548,0.0202362],[0.315069,0.594248,-0.74],[0.3199,0.667588,0.672302]]],"btipPosition":[56.6348,166.653,-19.2195],"carpPosition":[45.3118,138.335,114.591],"dipPosition":[62.6455,179.197,-6.5874],"direction":[-0.0798399,-0.203073,-0.975903],"extended":true,"handId":821,"id":8213,"length":64.7916,"mcpPosition":[55.3405,167.695,61.0172],"pipPosition":[64.8697,184.854,20.5995],"stabilizedTipPosition":[57.9951,169.735,-16.2375],"timeVisible":4.57932,"tipPosition":[59.6449,172.857,-15.7553],"tipVelocity":[-0.481347,-9.94854,-3.34235],"tool":false,"touchDistance":-0.291391,"touchZone":"touching","type":3,"width":18.4191},{"bases":[[[0.810461,-0.584746,-0.0349985],[0.501159,0.661196,0.558265],[-0.303302,-0.469992,0.828924]],[[0.780034,-0.624496,0.0393943],[0.586942,0.752044,0.29988],[-0.2169,-0.210795,0.953163]],[[0.780034,-0.624496,0.0393943],[0.548286,0.651791,-0.523976],[0.301544,0.430319,0.850821]],[[0.780034,-0.624496,0.0393943],[0.323423,0.34848,-0.87975],[0.535672,0.698976,0.473803]]],"btipPosition":[65.3846,143.096,4.88244],"carpPosition":[55.5066,129.246,111.227],"dipPosition":[74.6699,155.212,13.0953],"direction":[-0.301544,-0.430319,-0.850821],"extended":false,"handId":821,"id":8214,"length":50.7954,"mcpPosition":[72.8883,156.18,63.7232],"pipPosition":[80.601,163.676,29.8302],"stabilizedTipPosition":[67.4506,145.969,6.84149],"timeVisible":4.57932,"tipPosition":[72.4663,150.194,5.83146],"tipVelocity":[1.07041,-3.59234,-2.32791],"tool":false,"touchDistance":-0.280193,"touchZone":"touching","type":4,"width":16.3613}],"r":[[0.981949,-0.0161333,0.188459],[0.0476151,0.985354,-0.163741],[-0.183057,0.169759,0.968335]],"s":1.29585,"t":[25.8308,-5.22861,-71.4751],"timestamp":747504558729},{"currentFrameRate":114.789,"devices":[],"gestures":[],"hands":[{"armBasis":[[0.914184,0.156825,-0.373729],[0.157402,0.712354,0.683941],[0.373487,-0.684074,0.626539]],"armWidth":64.3309,"confidence":1,"direction":[0.068016,0.61956,-0.781997],"elbow":[142.584,-71.7964,300.354],"grabAngle":1.19111,"grabStrength":0.13579,"id":821,"palmNormal":[-0.163594,-0.766277,-0.621335],"palmPosition":[35.0815,156.144,73.6739],"palmVelocity":[2.66433,-1.48538,-2.3347],"palmWidth":89.9277,"pinchDistance":93.8409,"pinchStrength":0,"r":[[0.98191,-0.0163199,0.188646],[0.0479295,0.985255,-0.16424],[-0.183184,0.17031,0.968214]],"s":1.29541,"sphereCenter":[47.3676,126.213,13.0615],"sphereRadius":73.3796,"stabilizedPalmPosition":[34.2175,156.388,74.4697],"t":[25.852,-5.24362,-71.4947],"timeVisible":4.58809,"type":"right","wrist":[42.9201,110.747,133.163]}],"id":1381159,"interactionBox":{"center":[0,200,0],"size":[235.247,235.247,147.751]},"pointables":[{"bases":[[[0.555627,0.737791,0.383333],[-0.745445,0.237866,0.622681],[0.368227,-0.631732,0.682147]],[[0.288888,0.957158,-0.019794],[-0.741899,0.23689,0.627271],[0.605087,-0.166526,0.778549]],[[0.288888,0.957158,-0.019794],[-0.79274,0.250753,0.555595],[0.536756,-0.144813,0.831217]],[[0.288888,0.957158,-0.019794],[-0.85343,0.26684,0.44772],[0.433821,-0.112448,0.893955]]],"btipPosition":[-48.6074,135.416,27.1406],"carpPosition":[9.85882,119.588,115.09],"dipPosition":[-38.3972,132.769,48.1803],"direction":[-0.536756,0.144813,-0.831217],"extended":true,"handId":821,"id":8210,"length":52.4101,"mcpPosition":[9.85882,119.588,115.09],"pipPosition":[-19.993,127.804,76.6809],"stabilizedTipPosition":[-46.2862,134.781,31.9836],"timeVisible":4.58809,"tipPosition":[-46.6593,134.778,32.68],"tipVelocity":[2.44648,0.592912,0.47407],"tool":false,"touchDistance":-0.261484,"touchZone":"touching","type":0,"width":20.6332},{"bases":[[[0.981629,-0.0637495,-0.179837],[0.147218,0.852639,0.501332],[0.121377,-0.518597,0.84636]],[[0.98784,-0.152361,-0.0309558],[0.135444,0.745584,0.652503],[-0.0763358,-0.648761,0.757154]],[[0.98784,-0.152361,-0.0309558],[0.155395,0.961253,0.227695],[-0.00493547,-0.229737,0.97324]],[[0.98784,-0.152361,-0.0309558],[0.143519,0.97019,-0.195276],[0.0597855,0.188459,0.98026]]],"btipPosition":[15.1501,207.675,-16.3155],"carpPosition":[21.5847,139.592,118.435],"dipPosition":[16.1773,210.913,0.527204],"direction":[0.00493547,0.229737,-0.97324],"extended":true,"handId":821,"id":8211,"length":59.139,"mcpPosition":[12.7593,177.3,56.8959],"pipPosition":[16.0574,205.329,24.1834],"stabilizedTipPosition":[15.3666,208.625,-12.3103],"timeVisible":4.58809,"tipPosition":[12.2207,204.396,-12.8173],"tipVelocity":[-1.06955,-12.2744,-6.75088],"tool":false,"touchDistance":-0.290446,"touchZone":"touching","type":1,"width":19.7088},{"bases":[[[0.949426,-0.277642,-0.14665],[0.313684,0.817994,0.482171],[-0.013912,-0.503787,0.863716]],[[0.938619,-0.343878,-0.0272512],[0.301975,0.780913,0.546797],[-0.16675,-0.521463,0.836822]],[[0.938619,-0.343878,-0.0272512],[0.344528,0.938459,0.0244132],[0.0171789,-0.0323035,0.99933]],[[0.938619,-0.343878,-0.0272512],[0.286759,0.821738,-0.492459],[0.191739,0.454417,0.869909]]],"btipPosition":[38.5065,192.912,-28.5147],"carpPosition":[33.5792,140.561,116.621],"dipPosition":[42.1299,201.499,-12.0752],"direction":[-0.0171789,0.0323035,-0.99933],"extended":true,"handId":821,"id":8212,"length":67.3841,"mcpPosition":[34.5384,175.299,57.0648],"pipPosition":[42.6212,200.575,16.5023],"stabilizedTipPosition":[39.3199,195.089,-24.6403],"timeVisible":4.58809,"tipPosition":[37.4163,193.161,-24.0023],"tipVelocity":[-1.1418,-14.4249,-6.09831],"tool":false,"touchDistance":-0.293604,"touchZone":"touching","type":2,"width":19.3567},{"bases":[[[0.910664,-0.40962,-0.0538766],[0.380111,0.779591,0.497749],[-0.161886,-0.473761,0.865646]],[[0.89351,-0.448586,0.0202519],[0.396028,0.808477,0.435347],[-0.211664,-0.380967,0.900035]],[[0.89351,-0.448586,0.0202519],[0.441764,0.870045,-0.218782],[0.0805222,0.20443,0.975564]],[[0.89351,-0.448586,0.0202519],[0.314884,0.593768,-0.740465],[0.320137,0.66799,0.67179]]],"btipPosition":[56.6148,166.544,-19.2528],"carpPosition":[45.3406,138.343,114.578],"dipPosition":[62.6299,179.095,-6.63037],"direction":[-0.0805222,-0.20443,-0.975564],"extended":true,"handId":821,"id":8213,"length":64.7916,"mcpPosition":[55.3628,167.673,60.9869],"pipPosition":[64.8731,184.79,20.547],"stabilizedTipPosition":[57.9961,169.632,-16.2755],"timeVisible":4.58809,"tipPosition":[59.6487,172.782,-15.791],"tipVelocity":[-2.16779,-12.2304,-4.05407],"tool":false,"touchDistance":-0.291119,"touchZone":"touching","type":3,"width":18.4191},{"bases":[[[0.810399,-0.584843,-0.0348223],[0.50132,0.66145,0.557819],[-0.303203,-0.469513,0.829232]],[[0.78002,-0.624505,0.0395108],[0.587026,0.752153,0.299445],[-0.216723,-0.210379,0.953295]],[[0.78002,-0.624505,0.0395108],[0.548198,0.651534,-0.524388],[0.30174,0.430693,0.850563]],[[0.78002,-0.624505,0.0395108],[0.323629,0.348567,-0.879639],[0.535567,0.698924,0.473997]]],"btipPosition":[65.3979,143.052,4.85238],"carpPosition":[55.5339,129.251,111.218],"dipPosition":[74.6814,155.167,13.0686],"direction":[-0.30174,-0.430693,-0.850563],"extended":false,"handId":821,"id":8214,"length":50.7954,"mcpPosition":[72.91,156.158,63.6961],"pipPosition":[80.6163,163.639,29.7984],"stabilizedTipPosition":[67.4725,145.934,6.81511],"timeVisible":4.58809,"tipPosition":[72.4731,150.136,5.8085],"tipVelocity":[1.46708,-4.95861,-3.33839],"tool":false,"touchDistance":-0.280681,"touchZone":"touching","type":4,"width":16.3613}],"r":[[0.98191,-0.0163199,0.188646],[0.0479295,0.985255,-0.16424],[-0.183184,0.17031,0.968214]],"s":1.29541,"t":[25.852,-5.24362,-71.4947],"timestamp":747504567500},{"currentFrameRate":114.985,"devices":[],"gestures":[],"hands":[{"armBasis":[[0.913699,0.157723,-0.374537],[0.15739,0.712357,0.683942],[0.374678,-0.683865,0.626055]],"armWidth":64.3309,"confidence":1,"direction":[0.0679208,0.619175,-0.78231],"elbow":[142.935,-71.7292,300.253],"grabAngle":1.19138,"grabStrength":0.135772,"id":821,"palmNormal":[-0.163616,-0.766592,-0.62094],"palmPosition":[35.0949,156.129,73.6867],"palmVelocity":[1.60224,-1.76436,1.53968],"palmWidth":89.9277,"pinchDistance":93.8014,"pinchStrength":0,"r":[[0.981882,-0.0164418,0.188779],[0.0481696,0.985161,-0.164737],[-0.183269,0.170846,0.968103]],"s":1.29503,"sphereCenter":[47.3623,126.135,13.0816],"sphereRadius":73.3866,"stabilizedPalmPosition":[34.2289,156.385,74.4595],"t":[25.8694,-5.2585,-71.4981],"timeVisible":4.59646,"type":"right","wrist":[42.9534,110.759,133.192]}],"id":1381160,"interactionBox":{"center":[0,200,0],"size":[235.247,235.247,147.751]},"pointables":[{"bases":[[[0.555629,0.738005,0.382918],[-0.745401,0.238143,0.622628],[0.368314,-0.631377,0.682428]],[[0.28901,0.957115,-0.0200789],[-0.741954,0.237196,0.627091],[0.604961,-0.166338,0.778687]],[[0.28901,0.957115,-0.0200789],[-0.792739,0.251028,0.555473],[0.536692,-0.14462,0.831292]],[[0.28901,0.957115,-0.0200789],[-0.853081,0.267001,0.448289],[0.434426,-0.112431,0.893663]]],"btipPosition":[-48.5946,135.404,27.1713],"carpPosition":[9.87742,119.593,115.124],"dipPosition":[-38.3702,132.758,48.2041],"direction":[-0.536692,0.14462,-0.831292],"extended":true,"handId":821,"id":8210,"length":52.4101,"mcpPosition":[9.87742,119.593,115.124],"pipPosition":[-19.9682,127.799,76.7073],"stabilizedTipPosition":[-46.2724,134.786,31.9917],"timeVisible":4.59646,"tipPosition":[-46.6478,134.739,32.7093],"tipVelocity":[1.92071,-1.37102,3.48194],"tool":false,"touchDistance":-0.260999,"touchZone":"touching","type":0,"width":20.6332},{"bases":[[[0.981616,-0.0637964,-0.179891],[0.147225,0.852894,0.500896],[0.121473,-0.518172,0.846607]],[[0.987858,-0.15219,-0.0312152],[0.135551,0.746163,0.651818],[-0.0759086,-0.648135,0.757733]],[[0.987858,-0.15219,-0.0312152],[0.155293,0.961474,0.22683],[-0.00450869,-0.228924,0.973434]],[[0.987858,-0.15219,-0.0312152],[0.143199,0.969896,-0.196966],[0.0602518,0.190105,0.979913]]],"btipPosition":[15.1243,207.576,-16.335],"carpPosition":[21.6027,139.599,118.458],"dipPosition":[16.1595,210.842,0.501805],"direction":[0.00450869,0.228924,-0.973434],"extended":true,"handId":821,"id":8211,"length":59.139,"mcpPosition":[12.7703,177.276,56.9002],"pipPosition":[16.0499,205.278,24.1627],"stabilizedTipPosition":[15.3654,208.538,-12.3545],"timeVisible":4.59646,"tipPosition":[12.2338,204.35,-12.8253],"tipVelocity":[-2.86704,-11.0772,-2.48873],"tool":false,"touchDistance":-0.290047,"touchZone":"touching","type":1,"width":19.7088},{"bases":[[[0.949425,-0.277673,-0.146595],[0.313691,0.818247,0.481737],[-0.0138148,-0.503359,0.863967]],[[0.93863,-0.343855,-0.0271543],[0.302057,0.781412,0.546037],[-0.166539,-0.520729,0.837321]],[[0.93863,-0.343855,-0.0271543],[0.344484,0.938501,0.0233893],[0.0174418,-0.0313081,0.999358]],[[0.93863,-0.343855,-0.0271543],[0.286609,0.821316,-0.493249],[0.191909,0.455196,0.869464]]],"btipPosition":[38.4966,192.81,-28.5279],"carpPosition":[33.597,140.568,116.642],"dipPosition":[42.1233,201.412,-12.0968],"direction":[-0.0174418,0.0313081,-0.999358],"extended":true,"handId":821,"id":8212,"length":67.3841,"mcpPosition":[34.5496,175.276,57.0682],"pipPosition":[42.622,200.517,16.4815],"stabilizedTipPosition":[39.3237,194.984,-24.6782],"timeVisible":4.59646,"tipPosition":[37.4244,193.102,-24.0098],"tipVelocity":[-1.09025,-11.7661,-1.80334],"tool":false,"touchDistance":-0.292803,"touchZone":"touching","type":2,"width":19.3567},{"bases":[[[0.910677,-0.409608,-0.0537528],[0.380121,0.779854,0.497329],[-0.16179,-0.473338,0.865895]],[[0.893524,-0.448551,0.0204237],[0.396144,0.808909,0.434437],[-0.211388,-0.380089,0.90047]],[[0.893524,-0.448551,0.0204237],[0.441663,0.869786,-0.220013],[0.0809227,0.205607,0.975283]],[[0.893524,-0.448551,0.0204237],[0.314849,0.59346,-0.740726],[0.320133,0.668287,0.671497]]],"btipPosition":[56.6031,166.446,-19.2537],"carpPosition":[45.3583,138.349,114.599],"dipPosition":[62.6182,179.003,-6.63675],"direction":[-0.0809227,-0.205607,-0.975283],"extended":true,"handId":821,"id":8213,"length":64.7916,"mcpPosition":[55.3746,167.653,60.9923],"pipPosition":[64.8726,184.731,20.5328],"stabilizedTipPosition":[57.993,169.534,-16.3007],"timeVisible":4.59646,"tipPosition":[59.6488,172.714,-15.7901],"tipVelocity":[-1.39646,-11.5606,-0.255241],"tool":false,"touchDistance":-0.290372,"touchZone":"touching","type":3,"width":18.4191},{"bases":[[[0.810421,-0.584825,-0.0346028],[0.50134,0.661749,0.557447],[-0.30311,-0.469114,0.829491]],[[0.780004,-0.624504,0.039856],[0.587123,0.752378,0.298689],[-0.216519,-0.209578,0.953518]],[[0.780004,-0.624504,0.039856],[0.548036,0.650974,-0.525253],[0.302077,0.431542,0.850012]],[[0.780004,-0.624504,0.039856],[0.323882,0.348391,-0.879616],[0.535438,0.699013,0.474012]]],"btipPosition":[65.3988,142.988,4.86458],"carpPosition":[55.5518,129.256,111.242],"dipPosition":[74.68,155.104,13.0811],"direction":[-0.302077,-0.431542,-0.850012],"extended":false,"handId":821,"id":8214,"length":50.7954,"mcpPosition":[72.9225,156.14,63.7057],"pipPosition":[80.6216,163.592,29.8],"stabilizedTipPosition":[67.4887,145.892,6.79894],"timeVisible":4.59646,"tipPosition":[72.4743,150.084,5.82232],"tipVelocity":[0.0449702,-7.70665,1.46573],"tool":false,"touchDistance":-0.280476,"touchZone":"touching","type":4,"width":16.3613}],"r":[[0.981882,-0.0164418,0.188779],[0.0481696,0.985161,-0.164737],[-0.183269,0.170846,0.968103]],"s":1.29503,"t":[25.8694,-5.2585,-71.4981],"timestamp":747504575864},{"currentFrameRate":115.024,"devices":[],"gestures":[],"hands":[{"armBasis":[[0.913195,0.158456,-0.375455],[0.157482,0.712523,0.683747],[0.375864,-0.683522,0.625719]],"armWidth":64.3309,"confidence":1,"direction":[0.0676769,0.618808,-0.782622],"elbow":[143.284,-71.656,300.149],"grabAngle":1.19163,"grabStrength":0.135826,"id":821,"palmNormal":[-0.163708,-0.766901,-0.620534],"palmPosition":[35.097,156.083,73.6569],"palmVelocity":[0.246705,-5.2855,-3.45437],"palmWidth":89.9277,"pinchDistance":93.7763,"pinchStrength":0,"r":[[0.981869,-0.0165056,0.188839],[0.0483378,0.98507,-0.165231],[-0.183293,0.171364,0.968007]],"s":1.29473,"sphereCenter":[47.346,126.048,13.0615],"sphereRadius":73.3884,"stabilizedPalmPosition":[34.2398,156.381,74.4494],"t":[25.8791,-5.28874,-71.5147],"timeVisible":4.60508,"type":"right","wrist":[42.9851,110.74,133.177]}],"id":1381161,"interactionBox":{"center":[0,200,0],"size":[235.247,235.247,147.751]},"pointables":[{"bases":[[[0.555664,0.738231,0.382428],[-0.745265,0.23838,0.6227],[0.368534,-0.631022,0.682637]],[[0.289027,0.957102,-0.0204784],[-0.741904,0.237458,0.62705],[0.605014,-0.166041,0.77871]],[[0.289027,0.957102,-0.0204784],[-0.79267,0.251257,0.555467],[0.536784,-0.144312,0.831286]],[[0.289027,0.957102,-0.0204784],[-0.852748,0.267118,0.448853],[0.435069,-0.112268,0.893371]]],"btipPosition":[-48.6002,135.347,27.1712],"carpPosition":[9.89277,119.565,115.118],"dipPosition":[-38.3606,132.705,48.1971],"direction":[-0.536784,0.144312,-0.831286],"extended":true,"handId":821,"id":8210,"length":52.4101,"mcpPosition":[9.89277,119.565,115.118],"pipPosition":[-19.9555,127.757,76.7001],"stabilizedTipPosition":[-46.2633,134.77,31.9968],"timeVisible":4.60508,"tipPosition":[-46.6537,134.667,32.7092],"tipVelocity":[-0.240432,-6.49282,-0.200034],"tool":false,"touchDistance":-0.261027,"touchZone":"touching","type":0,"width":20.6332},{"bases":[[[0.981576,-0.0638036,-0.180105],[0.147281,0.853144,0.500453],[0.121725,-0.517758,0.846823]],[[0.987874,-0.152012,-0.0315862],[0.135709,0.746597,0.651288],[-0.0754212,-0.647677,0.758173]],[[0.987874,-0.152012,-0.0315862],[0.155207,0.961654,0.226125],[-0.00399865,-0.228286,0.973586]],[[0.987874,-0.152012,-0.0315862],[0.142851,0.969612,-0.198608],[0.0608172,0.191688,0.97957]]],"btipPosition":[15.0774,207.458,-16.3861],"carpPosition":[21.6173,139.574,118.439],"dipPosition":[16.1223,210.752,0.444778],"direction":[0.00399865,0.228286,-0.973586],"extended":true,"handId":821,"id":8211,"length":59.139,"mcpPosition":[12.7666,177.22,56.8659],"pipPosition":[16.0251,205.203,24.1094],"stabilizedTipPosition":[15.3517,208.446,-12.4006],"timeVisible":4.60508,"tipPosition":[12.2172,204.269,-12.8716],"tipVelocity":[-5.17857,-12.9384,-6.08446],"tool":false,"touchDistance":-0.290163,"touchZone":"touching","type":1,"width":19.7088},{"bases":[[[0.949411,-0.277667,-0.146699],[0.313745,0.818501,0.48127],[-0.0135598,-0.502948,0.86421]],[[0.938647,-0.343805,-0.0272012],[0.302166,0.781816,0.545399],[-0.166244,-0.520156,0.837735]],[[0.938647,-0.343805,-0.0272012],[0.34442,0.938546,0.0225015],[0.0177935,-0.0304896,0.999377]],[[0.938647,-0.343805,-0.0272012],[0.286365,0.820916,-0.494057],[0.192189,0.455956,0.869004]]],"btipPosition":[38.4634,192.691,-28.5786],"carpPosition":[33.611,140.542,116.62],"dipPosition":[42.0954,201.307,-12.1562],"direction":[-0.0177935,0.0304896,-0.999377],"extended":true,"handId":821,"id":8212,"length":67.3841,"mcpPosition":[34.546,175.222,57.0294],"pipPosition":[42.6042,200.435,16.4227],"stabilizedTipPosition":[39.3152,194.878,-24.7201],"timeVisible":4.60508,"tipPosition":[37.4024,193.013,-24.059],"tipVelocity":[-3.7046,-13.4222,-6.11093],"tool":false,"touchDistance":-0.292647,"touchZone":"touching","type":2,"width":19.3567},{"bases":[[[0.910696,-0.409561,-0.053784],[0.380182,0.780121,0.496863],[-0.161537,-0.472939,0.866161]],[[0.893558,-0.448483,0.0204414],[0.396245,0.809246,0.433717],[-0.211057,-0.379451,0.900817]],[[0.893558,-0.448483,0.0204414],[0.441507,0.869579,-0.221145],[0.0814043,0.206631,0.975027]],[[0.893558,-0.448483,0.0204414],[0.314605,0.593038,-0.741168],[0.320278,0.668707,0.671009]]],"btipPosition":[56.5701,166.331,-19.2933],"carpPosition":[45.3721,138.324,114.575],"dipPosition":[62.5879,178.896,-6.68551],"direction":[-0.0814043,-0.206631,-0.975027],"extended":true,"handId":821,"id":8213,"length":64.7916,"mcpPosition":[55.3726,167.603,60.952],"pipPosition":[64.8557,184.652,20.4769],"stabilizedTipPosition":[57.9803,169.432,-16.331],"timeVisible":4.60508,"tipPosition":[59.6242,172.622,-15.835],"tipVelocity":[-3.75266,-13.1329,-4.83481],"tool":false,"touchDistance":-0.290294,"touchZone":"touching","type":3,"width":18.4191},{"bases":[[[0.81046,-0.584776,-0.0345256],[0.501425,0.662054,0.557007],[-0.302867,-0.468744,0.82979]],[[0.779999,-0.624494,0.0401035],[0.587116,0.752479,0.298445],[-0.216554,-0.209241,0.953584]],[[0.779999,-0.624494,0.0401035],[0.548076,0.650811,-0.525412],[0.302017,0.431801,0.849902]],[[0.779999,-0.624494,0.0401035],[0.324152,0.348389,-0.879517],[0.535282,0.699022,0.474175]]],"btipPosition":[65.4035,142.923,4.82239],"carpPosition":[55.5654,129.23,111.22],"dipPosition":[74.6821,155.04,13.0417],"direction":[-0.302017,-0.431801,-0.849902],"extended":false,"handId":821,"id":8214,"length":50.7954,"mcpPosition":[72.9221,156.093,63.6665],"pipPosition":[80.6225,163.533,29.7585],"stabilizedTipPosition":[67.5012,145.845,6.77702],"timeVisible":4.60508,"tipPosition":[72.4528,150.003,5.78751],"tipVelocity":[0.481552,-7.48008,-4.81592],"tool":false,"touchDistance":-0.281169,"touchZone