{"frames":81,"data":[{"currentFrameRate":114.951,"devices":[],"gestures":[],"hands":[{"armBasis":[[0.946047,0.13445,-0.294819],[0.0893374,0.766362,0.636167],[0.311471,-0.628182,0.713003]],"armWidth":59.7438,"confidence":1,"direction":[-0.0098202,0.653348,-0.756994],"elbow":[120.055,-21.9892,315.712],"grabAngle":1.08821,"grabStrength":0,"id":821,"palmNormal":[-0.0895315,-0.754565,-0.65009],"palmPosition":[29.541,181.516,78.6295],"palmVelocity":[0.352828,0.0138941,2.29244],"palmWidth":85.6854,"pinchDistance":77.7137,"pinchStrength":0,"r":[[0.986028,0.0702209,0.151056],[-0.057497,0.994546,-0.0870157],[-0.156343,0.0771146,0.984688]],"s":1.21657,"sphereCenter":[49.1644,155.962,22.2448],"sphereRadius":68.646,"stabilizedPalmPosition":[29.6371,182.091,80.0107],"t":[20.334,20.1161,-66.5822],"timeVisible":1.24019,"type":"right","wrist":[40.8603,137.732,134.424]}],"id":1380779,"interactionBox":{"center":[0,200,0],"size":[235.247,235.247,147.751]},"pointables":[{"bases":[[[0.478925,0.777689,0.407224],[-0.757651,0.13188,0.639197],[0.443392,-0.614661,0.652377]],[[0.216387,0.974736,0.0553783],[-0.824968,0.152216,0.544296],[0.522116,-0.163464,0.837063]],[[0.216387,0.974736,0.0553783],[-0.897387,0.176234,0.404523],[0.384543,-0.137229,0.91285]],[[0.216387,0.974736,0.0553783],[-0.926747,0.187229,0.325708],[0.307111,-0.121801,0.943847]]],"btipPosition":[-33.1508,157.353,28.9274],"carpPosition":[9.93791,142.789,116.893],"dipPosition":[-26.5841,154.748,49.1087],"direction":[-0.384543,0.137229,-0.91285],"extended":true,"handId":821,"id":8210,"length":47.6146,"mcpPosition":[9.93791,142.789,116.893],"pipPosition":[-14.6054,150.473,77.5444],"stabilizedTipPosition":[-31.9937,157.64,33.4395],"timeVisible":1.24019,"tipPosition":[-29.1777,157.959,33.2103],"tipVelocity":[1.54425,-2.89418,1.80172],"tool":false,"touchDistance":-0.278893,"touchZone":"touching","type":0,"width":18.9499},{"bases":[[[0.980148,0.0491791,-0.19207],[0.0622995,0.843287,0.53384],[0.188224,-0.535208,0.823483]],[[0.994677,-0.0084774,-0.102688],[0.0718522,0.771378,0.632307],[0.0738511,-0.63632,0.767882]],[[0.994677,-0.0084774,-0.102688],[0.0412187,0.94613,0.321152],[0.0944338,-0.323676,0.941444]],[[0.994677,-0.0084774,-0.102688],[0.0118076,0.999422,0.0318663],[0.102359,-0.0329092,0.994203]]],"btipPosition":[-0.570373,232.518,-2.76607],"carpPosition":[19.0518,162.801,120.735],"dipPosition":[1.02742,232.004,12.7532],"direction":[-0.0944338,0.323676,-0.941444],"extended":true,"handId":821,"id":8211,"length":53.7278,"mcpPosition":[6.01152,199.88,63.6831],"pipPosition":[3.11277,224.857,33.5427],"stabilizedTipPosition":[-0.314879,232.241,0.101261],"timeVisible":1.24019,"tipPosition":[1.03349,235.157,1.92782],"tipVelocity":[-0.178249,0.405648,2.72299],"tool":false,"touchDistance":-0.266316,"touchZone":"touching","type":1,"width":18.1009},{"bases":[[[0.971489,-0.168067,-0.167223],[0.231226,0.827506,0.511633],[0.0523892,-0.535711,0.842774]],[[0.971561,-0.223981,-0.0768212],[0.229493,0.81078,0.538487],[-0.0583258,-0.540803,0.839125]],[[0.971561,-0.223981,-0.0768212],[0.234207,0.956767,0.172466],[0.0348708,-0.185553,0.982015]],[[0.971561,-0.223981,-0.0768212],[0.206852,0.960718,-0.185021],[0.115245,0.163869,0.979727]]],"btipPosition":[26.5322,226.033,-15.7265],"carpPosition":[30.2903,165.014,118.93],"dipPosition":[28.5108,228.846,1.09417],"direction":[-0.0348708,0.185553,-0.982015],"extended":true,"handId":821,"id":8212,"length":61.2185,"mcpPosition":[26.8483,200.21,63.5595],"pipPosition":[29.4167,224.025,26.607],"stabilizedTipPosition":[26.5313,226.35,-12.3618],"timeVisible":1.24019,"tipPosition":[27.7672,228.999,-11.0983],"tipVelocity":[-0.0199975,2.62918,3.65305],"tool":false,"touchDistance":-0.271003,"touchZone":"touching","type":2,"width":17.7775},{"bases":[[[0.948396,-0.306969,-0.0794688],[0.301595,0.795885,0.524983],[-0.0979055,-0.521859,0.847395]],[[0.938876,-0.343775,-0.0182014],[0.322015,0.858294,0.399547],[-0.121732,-0.380987,0.916532]],[[0.938876,-0.343775,-0.0182014],[0.339735,0.933789,-0.11233],[0.0556126,0.0992805,0.993504]],[[0.938876,-0.343775,-0.0182014],[0.282441,0.79944,-0.53021],[0.196824,0.49266,0.847671]]],"btipPosition":[47.6068,199.607,-10.226],"carpPosition":[41.6297,164.194,116.788],"dipPosition":[50.9666,208.017,4.24386],"direction":[-0.0556126,-0.0992805,-0.993504],"extended":true,"handId":821,"id":8213,"length":58.8632,"mcpPosition":[47.405,194.978,66.8017],"pipPosition":[52.3741,210.53,29.3886],"stabilizedTipPosition":[47.8374,201.099,-6.72513],"timeVisible":1.24019,"tipPosition":[48.7295,203.167,-7.10168],"tipVelocity":[0.462295,2.92174,2.78691],"tool":false,"touchDistance":0.0321146,"touchZone":"hovering","type":3,"width":16.9164},{"bases":[[[0.867734,-0.492561,-0.0665007],[0.435592,0.689199,0.579021],[-0.239371,-0.531403,0.812596]],[[0.850228,-0.526248,-0.0132339],[0.526391,0.849686,0.0307547],[-0.00493993,-0.0331148,0.999439]],[[0.850228,-0.526248,-0.0132339],[0.317128,0.532107,-0.785043],[0.420169,0.663268,0.6193]],[[0.850228,-0.526248,-0.0132339],[0.0972874,0.181789,-0.978513],[0.517346,0.830672,0.205759]]],"btipPosition":[49.7416,161.91,22.1773],"carpPosition":[52.1665,156.757,113.142],"dipPosition":[57.8887,174.992,25.4175],"direction":[-0.420169,-0.663268,-0.6193],"extended":false,"handId":821,"id":8214,"length":46.1477,"mcpPosition":[65.2373,185.774,68.7708],"pipPosition":[65.3969,186.844,36.484],"stabilizedTipPosition":[50.125,164.595,23.9914],"timeVisible":1.24019,"tipPosition":[52.1419,166.48,21.9136],"tipVelocity":[1.26155,1.21214,1.56089],"tool":false,"touchDistance":0.0743878,"touchZone":"hovering","type":4,"width":15.0265}],"r":[[0.986028,0.0702209,0.151056],[-0.057497,0.994546,-0.0870157],[-0.156343,0.0771146,0.984688]],"s":1.21657,"t":[20.334,20.1161,-66.5822],"timestamp":747501219603},{"currentFrameRate":115.04,"devices":[],"gestures":[],"hands":[{"armBasis":[[0.946194,0.134756,-0.294207],[0.0891391,0.765458,0.637282],[0.311081,-0.629218,0.71226]],"armWidth":59.7438,"confidence":1,"direction":[-0.00999896,0.653184,-0.757133],"elbow":[119.941,-22.3227,315.485],"grabAngle":1.088,"grabStrength":0,"id":821,"palmNormal":[-0.0893173,-0.754728,-0.649929],"palmPosition":[29.5209,181.443,78.5918],"palmVelocity":[-2.36066,-8.52155,-4.41397],"palmWidth":85.6854,"pinchDistance":77.7309,"pinchStrength":0,"r":[[0.986015,0.0704522,0.151033],[-0.0577051,0.994519,-0.0871857],[-0.156348,0.077251,0.984676]],"s":1.21665,"sphereCenter":[49.1485,155.942,22.236],"sphereRadius":68.6144,"stabilizedPalmPosition":[29.6367,182.089,80.0058],"t":[20.3233,20.0784,-66.5893],"timeVisible":1.24874,"type":"right","wrist":[40.8462,137.662,134.386]}],"id":1380780,"interactionBox":{"center":[0,200,0],"size":[235.247,235.247,147.751]},"pointables":[{"bases":[[[0.478706,0.777909,0.40706],[-0.757691,0.131805,0.639165],[0.44356,-0.614398,0.65251]],[[0.216021,0.974835,0.0550555],[-0.825044,0.152092,0.544215],[0.522147,-0.162985,0.837137]],[[0.216021,0.974835,0.0550555],[-0.897504,0.176049,0.404342],[0.384475,-0.136759,0.912949]],[[0.216021,0.974835,0.0550555],[-0.926946,0.18704,0.325249],[0.306767,-0.121294,0.944024]]],"btipPosition":[-33.1523,157.234,28.8875],"carpPosition":[9.92837,142.719,116.863],"dipPosition":[-26.593,154.641,49.0726],"direction":[-0.384475,0.136759,-0.912949],"extended":true,"handId":821,"id":8210,"length":47.6146,"mcpPosition":[9.92837,142.719,116.863],"pipPosition":[-14.6164,150.381,77.5114],"stabilizedTipPosition":[-31.9866,157.619,33.4414],"timeVisible":1.24874,"tipPosition":[-29.1943,157.859,33.1778],"tipVelocity":[-0.373711,-13.5333,-4.56997],"tool":false,"touchDistance":-0.279544,"touchZone":"touching","type":0,"width":18.9499},{"bases":[[[0.980135,0.0494121,-0.192076],[0.0620611,0.843419,0.533661],[0.18837,-0.53498,0.823598]],[[0.994684,-0.0082452,-0.102644],[0.0716514,0.771332,0.632387],[0.0739583,-0.63638,0.767822]],[[0.994684,-0.0082452,-0.102644],[0.0409794,0.946154,0.321114],[0.0944692,-0.323613,0.941462]],[[0.994684,-0.0082452,-0.102644],[0.011567,0.999427,0.0318089],[0.102323,-0.0328271,0.994209]]],"btipPosition":[-0.600023,232.435,-2.80596],"carpPosition":[19.0367,162.734,120.701],"dipPosition":[0.997212,231.923,12.7134],"direction":[-0.0944692,0.323613,-0.941462],"extended":true,"handId":821,"id":8211,"length":53.7278,"mcpPosition":[5.9863,199.798,63.6414],"pipPosition":[3.08334,224.777,33.5033],"stabilizedTipPosition":[-0.314136,232.242,0.107247],"timeVisible":1.24874,"tipPosition":[0.997247,235.057,1.87719],"tipVelocity":[-3.48621,-9.66751,-4.66639],"tool":false,"touchDistance":-0.26698,"touchZone":"touching","type":1,"width":18.1009},{"bases":[[[0.971536,-0.167831,-0.167182],[0.230992,0.82768,0.511457],[0.0525346,-0.535517,0.842889]],[[0.971629,-0.223672,-0.0768574],[0.229233,0.810644,0.538804],[-0.0582115,-0.541136,0.838918]],[[0.971629,-0.223672,-0.0768574],[0.233915,0.95681,0.172622],[0.0349271,-0.185703,0.981985]],[[0.971629,-0.223672,-0.0768574],[0.206513,0.960746,-0.185254],[0.115277,0.164126,0.97968]]],"btipPosition":[26.4998,225.97,-15.7576],"carpPosition":[30.2745,164.95,118.896],"dipPosition":[28.479,228.788,1.06235],"direction":[-0.0349271,0.185703,-0.981985],"extended":true,"handId":821,"id":8212,"length":61.2185,"mcpPosition":[26.8229,200.133,63.5178],"pipPosition":[29.3864,223.963,26.5744],"stabilizedTipPosition":[26.5351,226.353,-12.3576],"timeVisible":1.24874,"tipPosition":[27.7324,228.901,-11.1479],"tipVelocity":[-3.77326,-7.21531,-3.65324],"tool":false,"touchDistance":-0.271523,"touchZone":"touching","type":2,"width":17.7775},{"bases":[[[0.948482,-0.306721,-0.0793986],[0.30137,0.796081,0.524815],[-0.097764,-0.521706,0.847505]],[[0.938992,-0.343454,-0.0182288],[0.321681,0.858237,0.399938],[-0.121716,-0.381402,0.916361]],[[0.938992,-0.343454,-0.0182288],[0.339433,0.933941,-0.11198],[0.0554846,0.0989607,0.993543]],[[0.938992,-0.343454,-0.0182288],[0.2822,0.799656,-0.530012],[0.196612,0.492533,0.847794]]],"btipPosition":[47.5891,199.564,-10.2626],"carpPosition":[41.6142,164.133,116.754],"dipPosition":[50.9453,207.972,4.20936],"direction":[-0.0554846,-0.0989607,-0.993543],"extended":true,"handId":821,"id":8213,"length":58.8632,"mcpPosition":[47.3811,194.907,66.7612],"pipPosition":[52.3496,210.476,29.3551],"stabilizedTipPosition":[47.8397,201.101,-6.72601],"timeVisible":1.24874,"tipPosition":[48.7027,203.077,-7.14331],"tipVelocity":[-2.16712,-5.10107,-4.22871],"tool":false,"touchDistance":0.0315126,"touchZone":"hovering","type":3,"width":16.9164},{"bases":[[[0.867872,-0.492332,-0.0663913],[0.435396,0.689444,0.578876],[-0.239226,-0.531297,0.812708]],[[0.850392,-0.525985,-0.013163],[0.526126,0.849845,0.0309076],[-0.00507042,-0.033209,0.999436]],[[0.850392,-0.525985,-0.013163],[0.316988,0.532139,-0.785077],[0.419944,0.663451,0.619258]],[[0.850392,-0.525985,-0.013163],[0.0973404,0.181863,-0.978494],[0.517067,0.830822,0.205855]]],"btipPosition":[49.7329,161.843,22.1382],"carpPosition":[52.1531,156.698,113.11],"dipPosition":[57.8757,174.926,25.38],"direction":[-0.419944,-0.663451,-0.619258],"extended":false,"handId":821,"id":8214,"length":46.1477,"mcpPosition":[65.216,185.709,68.7324],"pipPosition":[65.3798,186.782,36.4457],"stabilizedTipPosition":[50.1356,164.597,23.9835],"timeVisible":1.24874,"tipPosition":[52.1258,166.4,21.8801],"tipVelocity":[-1.13342,-7.83792,-4.53097],"tool":false,"touchDistance":0.0737428,"touchZone":"hovering","type":4,"width":15.0265}],"r":[[0.986015,0.0704522,0.151033],[-0.0577051,0.994519,-0.0871857],[-0.156348,0.077251,0.984676]],"s":1.21665,"t":[20.3233,20.0784,-66.5893],"timestamp":747501228145},{"currentFrameRate":114.84,"devices":[],"gestures":[],"hands":[{"armBasis":[[0.946351,0.135145,-0.293524],[0.0889462,0.764314,0.638681],[0.310659,-0.630524,0.711288]],"armWidth":59.7438,"confidence":1,"direction":[-0.0100452,0.653084,-0.757218],"elbow":[119.818,-22.6477,315.257],"grabAngle":1.08798,"grabStrength":0,"id":821,"palmNormal":[-0.0891029,-0.754829,-0.649841],"palmPosition":[29.5067,181.455,78.6161],"palmVelocity":[-1.5614,1.35484,2.68603],"palmWidth":85.6854,"pinchDistance":77.7496,"pinchStrength":0,"r":[[0.985999,0.0706791,0.151034],[-0.0579081,0.994493,-0.0873484],[-0.156376,0.0773793,0.984662]],"s":1.21669,"sphereCenter":[49.1364,155.989,22.2801],"sphereRadius":68.5933,"stabilizedPalmPosition":[29.6363,182.087,80.0017],"t":[20.3109,20.0657,-66.5807],"timeVisible":1.25778,"type":"right","wrist":[40.8297,137.669,134.406]}],"id":1380781,"interactionBox":{"center":[0,200,0],"size":[235.247,235.247,147.751]},"pointables":[{"bases":[[[0.478512,0.778054,0.407011],[-0.757784,0.131741,0.639068],[0.44361,-0.614228,0.652636]],[[0.215718,0.974916,0.0548162],[-0.825111,0.151975,0.544146],[0.522166,-0.162611,0.837198]],[[0.215718,0.974916,0.0548162],[-0.897603,0.175884,0.404195],[0.384415,-0.136395,0.913029]],[[0.215718,0.974916,0.0548162],[-0.927142,0.186886,0.324778],[0.306387,-0.120883,0.9442]]],"btipPosition":[-33.1539,157.21,28.9056],"carpPosition":[9.91768,142.733,116.89],"dipPosition":[-26.6027,154.625,49.0945],"direction":[-0.384415,0.136395,-0.913029],"extended":true,"handId":821,"id":8210,"length":47.6146,"mcpPosition":[9.91768,142.733,116.89],"pipPosition":[-14.628,150.377,77.5358],"stabilizedTipPosition":[-31.9802,157.601,33.4434],"timeVisible":1.25778,"tipPosition":[-29.2018,157.852,33.1994],"tipVelocity":[-0.385958,-2.46393,2.09899],"tool":false,"touchDistance":-0.279227,"touchZone":"touching","type":0,"width":18.9499},{"bases":[[[0.980146,0.0495767,-0.191979],[0.0618419,0.843499,0.533559],[0.188386,-0.534838,0.823686]],[[0.994701,-0.00809785,-0.102489],[0.0714426,0.771305,0.632443],[0.0739286,-0.636414,0.767797]],[[0.994701,-0.00809785,-0.102489],[0.0407689,0.946229,0.320918],[0.0943789,-0.323396,0.941545]],[[0.994701,-0.00809785,-0.102489],[0.011391,0.999436,0.0315874],[0.102175,-0.0325875,0.994233]]],"btipPosition":[-0.610646,232.434,-2.78773],"carpPosition":[19.0217,162.75,120.726],"dipPosition":[0.984282,231.925,12.732],"direction":[-0.0943789,0.323396,-0.941545],"extended":true,"handId":821,"id":8211,"length":53.7278,"mcpPosition":[5.97021,199.804,63.6609],"pipPosition":[3.06841,224.784,33.5238],"stabilizedTipPosition":[-0.313605,232.242,0.112336],"timeVisible":1.25778,"tipPosition":[0.98033,235.052,1.8911],"tipVelocity":[-1.23287,-0.0629434,2.02367],"tool":false,"touchDistance":-0.266675,"touchZone":"touching","type":1,"width":18.1009},{"bases":[[[0.971586,-0.167665,-0.167058],[0.230778,0.82779,0.511375],[0.052549,-0.535399,0.842963]],[[0.971687,-0.223426,-0.0768392],[0.228999,0.810525,0.539082],[-0.0581651,-0.541415,0.838741]],[[0.971687,-0.223426,-0.0768392],[0.233667,0.956887,0.172531],[0.0349785,-0.185601,0.982002]],[[0.971687,-0.223426,-0.0768392],[0.206205,0.9607,-0.185834],[0.11534,0.164728,0.979572]]],"btipPosition":[26.4792,225.979,-15.7267],"carpPosition":[30.2593,164.967,118.923],"dipPosition":[28.4595,228.807,1.09131],"direction":[-0.0349785,0.185601,-0.982002],"extended":true,"handId":821,"id":8212,"length":61.2185,"mcpPosition":[26.8068,200.143,63.5394],"pipPosition":[29.3682,223.985,26.6038],"stabilizedTipPosition":[26.5383,226.355,-12.3536],"timeVisible":1.25778,"tipPosition":[27.7177,228.899,-11.1307],"tipVelocity":[-2.24992,1.27191,3.35945],"tool":false,"touchDistance":-0.271017,"touchZone":"touching","type":2,"width":17.7775},{"bases":[[[0.94855,-0.306548,-0.079259],[0.301161,0.796207,0.524744],[-0.0977527,-0.521616,0.847562]],[[0.939087,-0.343196,-0.0182209],[0.32139,0.858165,0.400326],[-0.121754,-0.381797,0.916192]],[[0.939087,-0.343196,-0.0182209],[0.339189,0.934055,-0.111767],[0.0553775,0.0987789,0.993567]],[[0.939087,-0.343196,-0.0182209],[0.281987,0.79974,-0.529999],[0.196466,0.492577,0.847803]]],"btipPosition":[47.5804,199.598,-10.232],"carpPosition":[41.5994,164.153,116.782],"dipPosition":[50.9341,208.007,4.24012],"direction":[-0.0553775,-0.0987789,-0.993567],"extended":true,"handId":821,"id":8213,"length":58.8632,"mcpPosition":[47.3656,194.922,66.7856],"pipPosition":[52.3357,210.507,29.3865],"stabilizedTipPosition":[47.8417,201.102,-6.72674],"timeVisible":1.25778,"tipPosition":[48.6928,203.079,-7.11933],"tipVelocity":[-1.02674,3.79295,3.3882],"tool":false,"touchDistance":0.0320235,"touchZone":"hovering","type":3,"width":16.9164},{"bases":[[[0.867974,-0.492173,-0.0662363],[0.435202,0.689602,0.578833],[-0.23921,-0.531238,0.812751]],[[0.850542,-0.525743,-0.0131361],[0.52588,0.849978,0.0314134],[-0.00534996,-0.0336264,0.99942]],[[0.850542,-0.525743,-0.0131361],[0.317034,0.532504,-0.784812],[0.419604,0.663351,0.619595]],[[0.850542,-0.525743,-0.0131361],[0.0975728,0.182298,-0.97839],[0.516777,0.83088,0.20635]]],"btipPosition":[49.7387,161.875,22.1524],"carpPosition":[52.1401,156.719,113.14],"dipPosition":[57.8768,174.96,25.402],"direction":[-0.419604,-0.663351,-0.619595],"extended":false,"handId":821,"id":8214,"length":46.1477,"mcpPosition":[65.2021,185.727,68.7599],"pipPosition":[65.3749,186.813,36.4737],"stabilizedTipPosition":[50.1465,164.599,23.9755],"timeVisible":1.25778,"tipPosition":[52.1196,166.407,21.9106],"tipVelocity":[0.520892,3.58699,1.76638],"tool":false,"touchDistance":0.0740091,"touchZone":"hovering","type":4,"width":15.0265}],"r":[[0.985999,0.0706791,0.151034],[-0.0579081,0.994493,-0.0873484],[-0.156376,0.0773793,0.984662]],"s":1.21669,"t":[20.3109,20.0657,-66.5807],"timestamp":747501237192},{"currentFrameRate":115.065,"devices":[],"gestures":[],"hands":[{"armBasis":[[0.946491,0.135388,-0.292958],[0.0888891,0.763278,0.639927],[0.310246,-0.631726,0.710401]],"armWidth":59.7438,"confidence":1,"direction":[-0.0100471,0.653041,-0.757256],"elbow":[119.703,-22.9372,315.067],"grabAngle":1.08783,"grabStrength":0,"id":821,"palmNormal":[-0.0890269,-0.754871,-0.649803],"palmPosition":[29.5015,181.48,78.6581],"palmVelocity":[-0.625028,2.99983,5.05256],"palmWidth":85.6854,"pinchDistance":77.7645,"pinchStrength":0,"r":[[0.985983,0.0708741,0.151044],[-0.0580814,0.994471,-0.0874905],[-0.156409,0.0774913,0.984648]],"s":1.21671,"sphereCenter":[49.1232,156.05,22.3392],"sphereRadius":68.5708,"stabilizedPalmPosition":[29.636,182.086,79.9987],"t":[20.3021,20.0718,-66.5554],"timeVisible":1.26609,"type":"right","wrist":[40.8201,137.685,134.44]}],"id":1380782,"interactionBox":{"center":[0,200,0],"size":[235.247,235.247,147.751]},"pointables":[{"bases":[[[0.478447,0.778106,0.406989],[-0.757822,0.131732,0.639024],[0.443615,-0.614165,0.652693]],[[0.215557,0.974961,0.0546463],[-0.825146,0.151937,0.544103],[0.522177,-0.162377,0.837237]],[[0.215557,0.974961,0.0546463],[-0.897683,0.175825,0.404043],[0.384318,-0.13615,0.913106]],[[0.215557,0.974961,0.0546463],[-0.927291,0.186836,0.324381],[0.306049,-0.120596,0.944347]]],"btipPosition":[-33.1489,157.211,28.9414],"carpPosition":[9.91292,142.759,116.934],"dipPosition":[-26.605,154.633,49.1335],"direction":[-0.384318,0.136149,-0.913106],"extended":true,"handId":821,"id":8210,"length":47.6146,"mcpPosition":[9.91292,142.759,116.934],"pipPosition":[-14.6333,150.392,77.5772],"stabilizedTipPosition":[-31.9762,157.589,33.4451],"timeVisible":1.26609,"tipPosition":[-29.2063,157.87,33.2402],"tipVelocity":[0.401064,0.303985,4.40194],"tool":false,"touchDistance":-0.278617,"touchZone":"touching","type":0,"width":18.9499},{"bases":[[[0.980152,0.0496237,-0.191934],[0.0617662,0.843533,0.533514],[0.188378,-0.53478,0.823726]],[[0.994708,-0.00805189,-0.102429],[0.0713763,0.771247,0.632521],[0.0739051,-0.636485,0.76774]],[[0.994708,-0.00805189,-0.102429],[0.0406972,0.946261,0.320833],[0.0943413,-0.323303,0.941581]],[[0.994708,-0.00805189,-0.102429],[0.0113383,0.999438,0.0315427],[0.102118,-0.0325372,0.99424]]],"btipPosition":[-0.613553,232.456,-2.74661],"carpPosition":[19.0156,162.776,120.769],"dipPosition":[0.980478,231.948,12.7732],"direction":[-0.0943413,0.323303,-0.941581],"extended":true,"handId":821,"id":8211,"length":53.7278,"mcpPosition":[5.96466,199.826,63.7007],"pipPosition":[3.06378,224.809,33.5658],"stabilizedTipPosition":[-0.313237,232.243,0.116261],"timeVisible":1.26609,"tipPosition":[0.975236,235.07,1.92825],"tipVelocity":[-0.374665,2.74657,4.95166],"tool":false,"touchDistance":-0.265989,"touchZone":"touching","type":1,"width":18.1009},{"bases":[[[0.971604,-0.167617,-0.167001],[0.230704,0.827833,0.511339],[0.0525399,-0.535347,0.842996]],[[0.971713,-0.223285,-0.0769271],[0.228906,0.810341,0.539398],[-0.058102,-0.541749,0.83853]],[[0.971713,-0.223285,-0.0769271],[0.233545,0.956909,0.172575],[0.035079,-0.185659,0.981988]],[[0.971713,-0.223285,-0.0769271],[0.206006,0.960672,-0.186203],[0.115478,0.165088,0.979495]]],"btipPosition":[26.4659,226.013,-15.675],"carpPosition":[30.2531,164.994,118.966],"dipPosition":[28.4485,228.848,1.14177],"direction":[-0.035079,0.185659,-0.981988],"extended":true,"handId":821,"id":8212,"length":61.2185,"mcpPosition":[26.8012,200.167,63.5802],"pipPosition":[29.3599,224.024,26.6539],"stabilizedTipPosition":[26.5406,226.357,-12.3503],"timeVisible":1.26609,"tipPosition":[27.7129,228.915,-11.0926],"tipVelocity":[-1.53829,4.25231,6.19523],"tool":false,"touchDistance":-0.270159,"touchZone":"touching","type":2,"width":17.7775},{"bases":[[[0.948572,-0.306496,-0.0791957],[0.301089,0.796255,0.524714],[-0.0977629,-0.521573,0.847587]],[[0.93914,-0.343045,-0.0183208],[0.321234,0.858027,0.400747],[-0.121755,-0.382243,0.916005]],[[0.93914,-0.343045,-0.0183208],[0.339047,0.934147,-0.111431],[0.0553403,0.098438,0.993603]],[[0.93914,-0.343045,-0.0183208],[0.281844,0.799889,-0.529851],[0.196417,0.49244,0.847893]]],"btipPosition":[47.5768,199.653,-10.1847],"carpPosition":[41.5934,164.18,116.825],"dipPosition":[50.9297,208.059,4.28889],"direction":[-0.0553403,-0.098438,-0.993603],"extended":true,"handId":821,"id":8213,"length":58.8632,"mcpPosition":[47.3602,194.947,66.8277],"pipPosition":[52.3303,210.55,29.4361],"stabilizedTipPosition":[47.8435,201.104,-6.72718],"timeVisible":1.26609,"tipPosition":[48.6897,203.096,-7.07715],"tipVelocity":[-0.458302,6.49112,5.72601],"tool":false,"touchDistance":0.0328165,"touchZone":"hovering","type":3,"width":16.9164},{"bases":[[[0.868006,-0.492126,-0.0661663],[0.435133,0.689661,0.578815],[-0.239218,-0.531206,0.81277]],[[0.85063,-0.525599,-0.0132201],[0.525736,0.850047,0.0319779],[-0.00556987,-0.0341516,0.999401]],[[0.85063,-0.525599,-0.0132201],[0.31717,0.533038,-0.784394],[0.419324,0.663036,0.620122]],[[0.85063,-0.525599,-0.0132201],[0.0978472,0.182961,-0.978239],[0.51658,0.830825,0.207061]]],"btipPosition":[49.7489,161.925,22.1759],"carpPosition":[52.1347,156.747,113.184],"dipPosition":[57.884,175.009,25.4367],"direction":[-0.419324,-0.663036,-0.620122],"extended":false,"handId":821,"id":8214,"length":46.1477,"mcpPosition":[65.1971,185.753,68.8034],"pipPosition":[65.377,186.857,36.5178],"stabilizedTipPosition":[50.1564,164.602,23.9684],"timeVisible":1.26609,"tipPosition":[52.1169,166.426,21.9567],"tipVelocity":[1.14789,5.9847,3.13573],"tool":false,"touchDistance":0.0744433,"touchZone":"hovering","type":4,"width":15.0265}],"r":[[0.985983,0.0708741,0.151044],[-0.0580814,0.994471,-0.0874905],[-0.156409,0.0774913,0.984648]],"s":1.21671,"t":[20.3021,20.0718,-66.5554],"timestamp":747501245501},{"currentFrameRate":114.575,"devices":[],"gestures":[],"hands":[{"armBasis":[[0.94663,0.135801,-0.292317],[0.0886786,0.762183,0.641259],[0.309883,-0.632958,0.709463]],"armWidth":59.7438,"confidence":1,"direction":[-0.0099846,0.653126,-0.757183],"elbow":[119.584,-23.2299,314.862],"grabAngle":1.08775,"grabStrength":0,"id":821,"palmNormal":[-0.0887978,-0.754809,-0.649907],"palmPosition":[29.4836,181.518,78.7045],"palmVelocity":[-1.87499,3.91859,4.85774],"palmWidth":85.6854,"pinchDistance":77.7812,"pinchStrength":0,"r":[[0.985963,0.0710529,0.151092],[-0.0582432,0.994453,-0.0875837],[-0.156477,0.0775542,0.984632]],"s":1.21669,"sphereCenter":[49.091,156.129,22.3986],"sphereRadius":68.5479,"stabilizedPalmPosition":[29.6357,182.085,79.9958],"t":[20.2888,20.0936,-66.5196],"timeVisible":1.27565,"type":"right","wrist":[40.7937,137.706,134.474]}],"id":1380783,"interactionBox":{"center":[0,200,0],"size":[235.247,235.247,147.751]},"pointables":[{"bases":[[[0.478262,0.778123,0.407173],[-0.757966,0.131558,0.638889],[0.443568,-0.61418,0.65271]],[[0.21531,0.975014,0.0546676],[-0.825223,0.151728,0.544046],[0.522158,-0.162251,0.837273]],[[0.21531,0.975014,0.0546676],[-0.897767,0.175602,0.403954],[0.384261,-0.136054,0.913145]],[[0.21531,0.975014,0.0546676],[-0.927461,0.186642,0.324007],[0.305708,-0.120464,0.944474]]],"btipPosition":[-33.1593,157.23,28.974],"carpPosition":[9.8926,142.789,116.972],"dipPosition":[-26.6226,154.654,49.1688],"direction":[-0.384261,0.136054,-0.913145],"extended":true,"handId":821,"id":8210,"length":47.6146,"mcpPosition":[9.8926,142.789,116.972],"pipPosition":[-14.6527,150.416,77.6137],"stabilizedTipPosition":[-31.9727,157.579,33.447],"timeVisible":1.27565,"tipPosition":[-29.2147,157.903,33.2728],"tipVelocity":[-1.26115,2.03456,3.47032],"tool":false,"touchDistance":-0.278064,"touchZone":"touching","type":0,"width":18.9499},{"bases":[[[0.980184,0.0497763,-0.191735],[0.0615482,0.84348,0.533622],[0.188286,-0.534849,0.823702]],[[0.994726,-0.00788752,-0.102265],[0.0711609,0.771116,0.632706],[0.0738674,-0.636646,0.76761]],[[0.994726,-0.00788752,-0.102265],[0.0404738,0.946316,0.3207],[0.0942451,-0.323147,0.941644]],[[0.994726,-0.00788752,-0.102265],[0.0111546,0.999444,0.0314152],[0.10196,-0.0323902,0.994261]]],"btipPosition":[-0.624907,232.493,-2.69932],"carpPosition":[18.9918,162.808,120.811],"dipPosition":[0.966665,231.987,12.8209],"direction":[-0.0942451,0.323148,-0.941644],"extended":true,"handId":821,"id":8211,"length":53.7278,"mcpPosition":[5.94724,199.862,63.7446],"pipPosition":[3.04784,224.852,33.6148],"stabilizedTipPosition":[-0.312937,232.243,0.120421],"timeVisible":1.27565,"tipPosition":[0.964836,235.112,1.97475],"tipVelocity":[-1.24662,3.88844,4.95415],"tool":false,"touchDistance":-0.2652,"touchZone":"touching","type":1,"width":18.1009},{"bases":[[[0.97166,-0.167468,-0.166828],[0.230493,0.827805,0.51148],[0.0524447,-0.535437,0.842945]],[[0.97177,-0.223027,-0.0769593],[0.228677,0.810102,0.539853],[-0.0580569,-0.542212,0.838234]],[[0.97177,-0.223027,-0.0769593],[0.233301,0.956949,0.172681],[0.0351335,-0.185761,0.981967]],[[0.97177,-0.223027,-0.0769593],[0.205708,0.960672,-0.186528],[0.115533,0.165432,0.979431]]],"btipPosition":[26.4441,226.069,-15.6122],"carpPosition":[30.2294,165.027,119.01],"dipPosition":[28.4277,228.909,1.20342],"direction":[-0.0351335,0.185761,-0.981967],"extended":true,"handId":821,"id":8212,"length":61.2185,"mcpPosition":[26.7838,200.206,63.6282],"pipPosition":[29.3404,224.083,26.715],"stabilizedTipPosition":[26.5429,226.359,-12.3465],"timeVisible":1.27565,"tipPosition":[27.7052,228.959,-11.0421],"tipVelocity":[-2.25703,5.99734,6.5364],"tool":false,"touchDistance":-0.269117,"touchZone":"touching","type":2,"width":17.7775},{"bases":[[[0.948628,-0.306361,-0.0790432],[0.300879,0.796235,0.524864],[-0.0978608,-0.521683,0.847508]],[[0.939232,-0.34279,-0.0183929],[0.320941,0.857828,0.401407],[-0.12182,-0.382917,0.915715]],[[0.939232,-0.34279,-0.0183929],[0.338812,0.934286,-0.110977],[0.0552258,0.098001,0.993653]],[[0.939232,-0.34279,-0.0183929],[0.281621,0.800053,-0.529721],[0.196298,0.492351,0.847972]]],"btipPosition":[47.567,199.734,-10.124],"carpPosition":[41.5702,164.215,116.872],"dipPosition":[50.9178,208.139,4.351],"direction":[-0.0552258,-0.098001,-0.993653],"extended":true,"handId":821,"id":8213,"length":58.8632,"mcpPosition":[47.3428,194.988,66.8792],"pipPosition":[52.3156,210.619,29.4995],"stabilizedTipPosition":[47.8454,201.106,-6.72744],"timeVisible":1.27565,"tipPosition":[48.6851,203.143,-7.02394],"tipVelocity":[-1.072,8.46608,6.38683],"tool":false,"touchDistance":0.0338343,"touchZone":"hovering","type":3,"width":16.9164},{"bases":[[[0.868085,-0.492002,-0.066051],[0.434927,0.689653,0.57898],[-0.239307,-0.531331,0.812662]],[[0.850767,-0.525375,-0.013291],[0.525508,0.850147,0.0330516],[-0.00606519,-0.0351038,0.999365]],[[0.850767,-0.525375,-0.013291],[0.31752,0.534001,-0.783597],[0.418779,0.662438,0.621127]],[[0.850767,-0.525375,-0.013291],[0.0983895,0.184068,-0.977977],[0.516251,0.830723,0.208291]]],"btipPosition":[49.7633,162.011,22.1937],"carpPosition":[52.1132,156.784,113.233],"dipPosition":[57.8932,175.093,25.4738],"direction":[-0.418779,-0.662438,-0.621127],"extended":false,"handId":821,"id":8214,"length":46.1477,"mcpPosition":[65.1805,185.797,68.8574],"pipPosition":[65.3765,186.931,36.573],"stabilizedTipPosition":[50.1683,164.605,23.9602],"timeVisible":1.27565,"tipPosition":[52.1106,166.468,22.0091],"tipVelocity":[1.37722,8.99781,2.32851],"tool":false,"touchDistance":0.0748144,"touchZone":"hovering","type":4,"width":15.0265}],"r":[[0.985963,0.0710529,0.151092],[-0.0582432,0.994453,-0.0875837],[-0.156477,0.0775542,0.984632]],"s":1.21669,"t":[20.2888,20.0936,-66.5196],"timestamp":747501255063},{"currentFrameRate":115.102,"devices":[],"gestures":[],"hands":[{"armBasis":[[0.946707,0.136038,-0.291959],[0.0886661,0.761344,0.642256],[0.309653,-0.633915,0.708708]],"armWidth":59.7438,"confidence":1,"direction":[-0.00978035,0.653264,-0.757067],"elbow":[119.499,-23.444,314.693],"grabAngle":1.08829,"grabStrength":0,"id":821,"palmNormal":[-0.0887712,-0.754682,-0.650058],"palmPosition":[29.4722,181.567,78.741],"palmVelocity":[-1.46794,6.26881,4.68512],"palmWidth":85.6854,"pinchDistance":77.7911,"pinchStrength":0,"r":[[0.985943,0.0711682,0.151167],[-0.058347,0.994443,-0.0876244],[-0.156563,0.0775726,0.984617]],"s":1.21662,"sphereCenter":[49.0572,156.186,22.4363],"sphereRadius":68.5366,"stabilizedPalmPosition":[29.6354,182.084,79.9935],"t":[20.2764,20.1289,-66.4834],"timeVisible":1.28344,"type":"right","wrist":[40.7674,137.735,134.498]}],"id":1380784,"interactionBox":{"center":[0,200,0],"size":[235.247,235.247,147.751]},"pointables":[{"bases":[[[0.47828,0.777995,0.407396],[-0.758061,0.131529,0.638783],[0.443386,-0.614348,0.652676]],[[0.215329,0.975004,0.0547792],[-0.825213,0.15168,0.544074],[0.522165,-0.16236,0.837247]],[[0.215329,0.975004,0.0547792],[-0.897774,0.175578,0.403948],[0.384233,-0.136161,0.91314]],[[0.215329,0.975004,0.0547792],[-0.927543,0.186657,0.323764],[0.305446,-0.120526,0.944551]]],"btipPosition":[-33.1755,157.284,28.9998],"carpPosition":[9.8702,142.833,116.998],"dipPosition":[-26.6445,154.707,49.1962],"direction":[-0.384233,0.136161,-0.91314],"extended":true,"handId":821,"id":8210,"length":47.6146,"mcpPosition":[9.8702,142.833,116.998],"pipPosition":[-14.6755,150.465,77.641],"stabilizedTipPosition":[-31.97,157.571,33.4488],"timeVisible":1.28344,"tipPosition":[-29.2236,157.966,33.2953],"tipVelocity":[-2.25153,6.87968,3.36213],"tool":false,"touchDistance":-0.277628,"touchZone":"touching","type":0,"width":18.9499},{"bases":[[[0.980222,0.0497001,-0.191557],[0.0615517,0.843377,0.533785],[0.188084,-0.535018,0.823638]],[[0.99474,-0.00796271,-0.102124],[0.0711352,0.771064,0.632772],[0.0737057,-0.636708,0.767574]],[[0.99474,-0.00796271,-0.102124],[0.0404561,0.946463,0.320266],[0.0941066,-0.322713,0.941807]],[[0.99474,-0.00796271,-0.102124],[0.0111737,0.99946,0.0309085],[0.101823,-0.031887,0.994291]]],"btipPosition":[-0.620147,232.532,-2.66624],"carpPosition":[18.971,162.85,120.842],"dipPosition":[0.969285,232.034,12.8544],"direction":[-0.0941066,0.322713,-0.941807],"extended":true,"handId":821,"id":8211,"length":53.7278,"mcpPosition":[5.94045,199.916,63.7803],"pipPosition":[3.0474,224.908,33.652],"stabilizedTipPosition":[-0.312674,232.244,0.123941],"timeVisible":1.28344,"tipPosition":[0.970509,235.173,2.01404],"tipVelocity":[0.54791,5.25895,4.26032],"tool":false,"touchDistance":-0.264647,"touchZone":"touching","type":1,"width":18.1009},{"bases":[[[0.97167,-0.167548,-0.166691],[0.230498,0.827687,0.511669],[0.052239,-0.535595,0.842858]],[[0.971767,-0.22303,-0.0769868],[0.228678,0.80995,0.54008],[-0.0580984,-0.542437,0.838085]],[[0.971767,-0.22303,-0.0769868],[0.233292,0.957035,0.172218],[0.0352694,-0.185316,0.982046]],[[0.971767,-0.22303,-0.0769868],[0.205588,0.960503,-0.187528],[0.115771,0.166406,0.979238]]],"btipPosition":[26.4316,226.103,-15.565],"carpPosition":[30.2092,165.069,119.044],"dipPosition":[28.4192,228.96,1.24731],"direction":[-0.0352694,0.185316,-0.982046],"extended":true,"handId":821,"id":8212,"length":61.2185,"mcpPosition":[26.7771,200.258,63.6676],"pipPosition":[29.3355,224.145,26.761],"stabilizedTipPosition":[26.5445,226.361,-12.3435],"timeVisible":1.28344,"tipPosition":[27.7127,229.019,-10.999],"tipVelocity":[-1.48395,4.79308,5.96315],"tool":false,"touchDistance":-0.268343,"touchZone":"touching","type":2,"width":17.7775},{"bases":[[[0.948607,-0.306454,-0.0789351],[0.300878,0.796106,0.525059],[-0.0980657,-0.521825,0.847397]],[[0.939234,-0.342778,-0.0184882],[0.320919,0.857667,0.401768],[-0.121861,-0.383288,0.915555]],[[0.939234,-0.342778,-0.0184882],[0.338787,0.934287,-0.111047],[0.0553379,0.098036,0.993643]],[[0.939234,-0.342778,-0.0184882],[0.28149,0.799888,-0.53004],[0.196475,0.492628,0.847771]]],"btipPosition":[47.5549,199.793,-10.0717],"carpPosition":[41.5502,164.256,116.908],"dipPosition":[50.9088,208.202,4.3998],"direction":[-0.0553379,-0.098036,-0.993643],"extended":true,"handId":821,"id":8213,"length":58.8632,"mcpPosition":[47.3349,195.037,66.9212],"pipPosition":[52.3093,210.683,29.5481],"stabilizedTipPosition":[47.8468,201.108,-6.72748],"timeVisible":1.28344,"tipPosition":[48.6904,203.203,-6.97993],"tipVelocity":[-1.46077,7.64478,6.60429],"tool":false,"touchDistance":0.0346918,"touchZone":"hovering","type":3,"width":16.9164},{"bases":[[[0.86804,-0.492089,-0.0659903],[0.434905,0.689499,0.579179],[-0.239507,-0.53145,0.812525]],[[0.850781,-0.525349,-0.0134351],[0.525484,0.850142,0.033554],[-0.00620583,-0.035607,0.999347]],[[0.850781,-0.525349,-0.0134351],[0.317606,0.534383,-0.783302],[0.418686,0.662151,0.621497]],[[0.850781,-0.525349,-0.0134351],[0.0985914,0.184672,-0.977843],[0.516189,0.830605,0.20891]]],"btipPosition":[49.7612,162.081,22.2214],"carpPosition":[52.0931,156.824,113.269],"dipPosition":[57.8901,175.161,25.5113],"direction":[-0.418686,-0.662151,-0.621497],"extended":false,"handId":821,"id":8214,"length":46.1477,"mcpPosition":[65.1713,185.843,68.9008],"pipPosition":[65.3718,186.994,36.617],"stabilizedTipPosition":[50.1778,164.608,23.9538],"timeVisible":1.28344,"tipPosition":[52.1067,166.524,22.0477],"tipVelocity":[-0.295276,8.90768,3.8396],"tool":false,"touchDistance":0.0753129,"touchZone":"hovering","type":4,"width":15.0265}],"r":[[0.985943,0.0711682,0.151167],[-0.058347,0.994443,-0.0876244],[-0.156563,0.0775726,0.984617]],"s":1.21662,"t":[20.2764,20.1289,-66.4834],"timestamp":747501262853},{"currentFrameRate":114.464,"devices":[],"gestures":[],"hands":[{"armBasis":[[0.946756,0.13631,-0.291673],[0.0886885,0.760477,0.64328],[0.309496,-0.634897,0.707897]],"armWidth":59.7438,"confidence":1,"direction":[-0.00961703,0.65336,-0.756986],"elbow":[119.416,-23.6735,314.503],"grabAngle":1.08899,"grabStrength":0,"id":821,"palmNormal":[-0.0887792,-0.75459,-0.650163],"palmPosition":[29.44,181.604,78.7692],"palmVelocity":[-3.27347,3.79531,2.86639],"palmWidth":85.6854,"pinchDistance":77.8022,"pinchStrength":0,"r":[[0.985925,0.0712344,0.151252],[-0.0584056,0.994439,-0.0876334],[-0.156653,0.0775661,0.984603]],"s":1.21654,"sphereCenter":[48.9838,156.243,22.4718],"sphereRadius":68.5128,"stabilizedPalmPosition":[29.6349,182.082,79.9906],"t":[20.2541,20.1652,-66.4512],"timeVisible":1.29327,"type":"right","wrist":[40.7237,137.755,134.514]}],"id":1380785,"interactionBox":{"center":[0,200,0],"size":[235.247,235.247,147.751]},"pointables":[{"bases":[[[0.47832,0.77789,0.40755],[-0.758122,0.131534,0.638709],[0.443239,-0.61448,0.652651]],[[0.215345,0.974998,0.0548181],[-0.825135,0.151648,0.544202],[0.522283,-0.162424,0.837161]],[[0.215345,0.974998,0.0548181],[-0.897736,0.175564,0.40404],[0.384314,-0.13622,0.913097]],[[0.215345,0.974998,0.0548181],[-0.9276,0.186683,0.323587],[0.305263,-0.120532,0.944609]]],"btipPosition":[-33.2208,157.324,29.0249],"carpPosition":[9.82914,142.868,117.019],"dipPosition":[-26.6936,154.746,49.2226],"direction":[-0.384314,0.13622,-0.913097],"extended":true,"handId":821,"id":8210,"length":47.6146,"mcpPosition":[9.82914,142.868,117.019],"pipPosition":[-14.7221,150.503,77.666],"stabilizedTipPosition":[-31.967,157.561,33.4514],"timeVisible":1.29327,"tipPosition":[-29.2564,158.013,33.314],"tipVelocity":[-4.69333,4.03502,2.58381],"tool":false,"touchDistance":-0.277205,"touchZone":"touching","type":0,"width":18.9499},{"bases":[[[0.980251,0.0496136,-0.191435],[0.0615835,0.843303,0.533898],[0.187926,-0.535143,0.823593]],[[0.994741,-0.00799547,-0.102111],[0.071155,0.77104,0.632799],[0.0736723,-0.636737,0.767554]],[[0.994741,-0.00799547,-0.102111],[0.0404355,0.946625,0.319789],[0.0941043,-0.322237,0.94197]],[[0.994741,-0.00799547,-0.102111],[0.0111389,0.99948,0.0302514],[0.101816,-0.0312297,0.994313]]],"btipPosition":[-0.647003,232.554,-2.64169],"carpPosition":[18.9318,162.883,120.867],"dipPosition":[0.942327,232.067,12.8793],"direction":[-0.0941043,0.322237,-0.94197],"extended":true,"handId":821,"id":8211,"length":53.7278,"mcpPosition":[5.91213,199.958,63.808],"pipPosition":[3.02039,224.951,33.6805],"stabilizedTipPosition":[-0.31249,232.245,0.128697],"timeVisible":1.29327,"tipPosition":[0.951152,235.218,2.04345],"tipVelocity":[-2.73608,2.49662,2.50661],"tool":false,"touchDistance":-0.264236,"touchZone":"touching","type":1,"width":18.1009},{"bases":[[[0.97167,-0.167637,-0.166597],[0.230531,0.827597,0.5118],[0.0520788,-0.535706,0.842797]],[[0.971761,-0.223022,-0.0770787],[0.228706,0.809794,0.540303],[-0.0580814,-0.542674,0.837933]],[[0.971761,-0.223022,-0.0770787],[0.233287,0.957107,0.171826],[0.0354516,-0.184955,0.982107]],[[0.971761,-0.223022,-0.0770787],[0.205453,0.960348,-0.18847],[0.116055,0.167312,0.979049]]],"btipPosition":[26.393,226.128,-15.5265],"carpPosition":[30.1704,165.101,119.07],"dipPosition":[28.3855,229,1.28259],"direction":[-0.0354517,0.184955,-0.982107],"extended":true,"handId":821,"id":8212,"length":61.2185,"mcpPosition":[26.7488,200.297,63.6978],"pipPosition":[29.3065,224.195,26.7978],"stabilizedTipPosition":[26.5462,226.363,-12.3396],"timeVisible":1.29327,"tipPosition":[27.6948,229.064,-10.9664],"tipVelocity":[-3.81857,2.90536,3.84393],"tool":false,"touchDistance":-0.267714,"touchZone":"touching","type":2,"width":17.7775},{"bases":[[[0.948582,-0.306551,-0.0788613],[0.300906,0.796006,0.525195],[-0.0982249,-0.52192,0.84732]],[[0.939239,-0.342757,-0.0186331],[0.320903,0.857492,0.402155],[-0.121864,-0.383699,0.915382]],[[0.939239,-0.342757,-0.0186331],[0.338749,0.934296,-0.111086],[0.0554843,0.0980243,0.993636]],[[0.939239,-0.342757,-0.0186331],[0.281299,0.799666,-0.530476],[0.196725,0.493003,0.847495]]],"btipPosition":[47.5178,199.84,-10.0278],"carpPosition":[41.5116,164.287,116.935],"dipPosition":[50.876,208.256,4.439],"direction":[-0.0554843,-0.0980243,-0.993636],"extended":true,"handId":821,"id":8213,"length":58.8632,"mcpPosition":[47.3057,195.074,66.9532],"pipPosition":[52.2802,210.737,29.5871],"stabilizedTipPosition":[47.8483,201.11,-6.72739],"timeVisible":1.29327,"tipPosition":[48.6703,203.247,-6.94646],"tipVelocity":[-3.67535,4.9809,4.35933],"tool":false,"touchDistance":0.0354055,"touchZone":"hovering","type":3,"width":16.9164},{"bases":[[[0.867993,-0.492178,-0.0659493],[0.434914,0.689377,0.579317],[-0.239663,-0.531525,0.81243]],[[0.850773,-0.525358,-0.0135387],[0.525496,0.850129,0.0336956],[-0.00619266,-0.0357819,0.99934]],[[0.850773,-0.525358,-0.0135387],[0.31744,0.534257,-0.783455],[0.418828,0.662245,0.621301]],[[0.850773,-0.525358,-0.0135387],[0.0984976,0.184708,-0.977845],[0.51622,0.830591,0.208891]]],"btipPosition":[49.7273,162.12,22.2583],"carpPosition":[52.054,156.854,113.296],"dipPosition":[57.8567,175.2,25.5479],"direction":[-0.418828,-0.662245,-0.621301],"extended":false,"handId":821,"id":8214,"length":46.1477,"mcpPosition":[65.1408,185.878,68.9337],"pipPosition":[65.3408,187.034,36.6501],"stabilizedTipPosition":[50.1884,164.612,23.9469],"timeVisible":1.29327,"tipPosition":[52.0792,166.564,22.0773],"tipVelocity":[-3.44435,3.93