{"frames":487,"data":[{"currentFrameRate":55.3334,"devices":[],"gestures":[],"hands":[{"armBasis":[[0.850315,-0.118216,-0.512824],[0.472319,0.601211,0.644562],[0.232118,-0.790298,0.567054]],"armWidth":55.673,"confidence":1,"direction":[0.0204341,0.268185,-0.963151],"elbow":[134.662,-65.6649,245.621],"grabAngle":1.33078,"grabStrength":0.201913,"id":131,"palmNormal":[-0.539167,-0.808308,-0.236509],"palmPosition":[69.3114,150.418,45.4931],"palmVelocity":[-4.94432,-6.3008,0.707482],"palmWidth":81.7268,"pinchDistance":55.1233,"pinchStrength":0.0648621,"r":[[0.960274,-0.231815,-0.155355],[0.17107,0.928851,-0.32859],[0.220474,0.288961,0.931608]],"s":0.994608,"sphereCenter":[43.4887,98.1027,13.1789],"sphereRadius":65.5036,"stabilizedPalmPosition":[68.7603,154.502,44.7067],"t":[-14.4668,43.1709,54.9912],"timeVisible":17.1277,"type":"right","wrist":[78.3701,125.992,108.103]}],"id":127307,"interactionBox":{"center":[0,200,0],"size":[235.247,235.247,147.751]},"pointables":[{"bases":[[[0.825032,0.564395,-0.0279407],[-0.444448,0.678642,0.584732],[0.348981,-0.470004,0.810746]],[[0.636854,0.698424,-0.326527],[-0.533987,0.705069,0.466622],[0.556124,-0.122809,0.821976]],[[0.636854,0.698424,-0.326527],[-0.587973,0.713922,0.380266],[0.498702,-0.0501847,0.865319]],[[0.636854,0.698424,-0.326527],[-0.602255,0.715082,0.35489],[0.481358,-0.0293607,0.876032]]],"btipPosition":[-0.426794,149.326,15.4402],"carpPosition":[49.3252,141.714,96.1948],"dipPosition":[9.46332,148.723,33.4394],"direction":[-0.498702,0.0501847,-0.865319],"extended":true,"handId":131,"id":1310,"length":45.7535,"mcpPosition":[49.3252,141.714,96.1948],"pipPosition":[24.3909,147.22,59.3409],"stabilizedTipPosition":[1.19635,151.55,18.5821],"timeVisible":17.1277,"tipPosition":[1.33429,148.445,20.0141],"tipVelocity":[-3.37824,-5.97637,-2.24332],"tool":false,"touchDistance":0.238064,"touchZone":"hovering","type":0,"width":17.475},{"bases":[[[0.833429,-0.471663,-0.287976],[0.51522,0.851638,0.0962366],[0.19986,-0.228578,0.95279]],[[0.8291,-0.466815,-0.307695],[0.467802,0.880604,-0.0754796],[0.306193,-0.0813604,0.948486]],[[0.8291,-0.466815,-0.307695],[0.253255,0.80421,-0.537688],[0.498453,0.367872,0.784994]],[[0.8291,-0.466815,-0.307695],[0.0443364,0.603502,-0.796128],[0.557339,0.646428,0.521061]]],"btipPosition":[21.3979,155.362,-33.0435],"carpPosition":[65.0901,154.691,90.1638],"dipPosition":[29.7578,165.058,-25.2278],"direction":[-0.498453,-0.367872,-0.784994],"extended":true,"handId":131,"id":1311,"length":51.6277,"mcpPosition":[51.8834,169.795,27.2036],"pipPosition":[40.3347,172.864,-8.57064],"stabilizedTipPosition":[22.8912,161.746,-31.9736],"timeVisible":17.1277,"tipPosition":[24.5664,158.614,-32.0755],"tipVelocity":[-1.25473,-4.77096,-1.52409],"tool":false,"touchDistance":0.334337,"touchZone":"hovering","type":1,"width":16.6921},{"bases":[[[0.752643,-0.636434,-0.168762],[0.652967,0.754412,0.0670603],[0.0846363,-0.160668,0.983373]],[[0.753772,-0.638659,-0.154733],[0.623621,0.769453,-0.137981],[0.207182,0.00751132,0.978274]],[[0.753772,-0.638659,-0.154733],[0.406151,0.637885,-0.654327],[0.516594,0.430369,0.740212]],[[0.753772,-0.638659,-0.154733],[0.132539,0.378382,-0.916112],[0.643631,0.670031,0.369861]]],"btipPosition":[37.3047,138.906,-40.9445],"carpPosition":[74.8905,150.954,86.6561],"dipPosition":[47.9231,149.96,-34.8426],"direction":[-0.516594,-0.430369,-0.740212],"extended":true,"handId":131,"id":1312,"length":58.8257,"mcpPosition":[69.5867,161.022,25.0328],"pipPosition":[60.8197,160.704,-16.3635],"stabilizedTipPosition":[39.3747,145.612,-40.1542],"timeVisible":17.1277,"tipPosition":[41.761,143.449,-41.493],"tipVelocity":[-1.80232,-5.45829,-0.248075],"tool":false,"touchDistance":0.331982,"touchZone":"hovering","type":2,"width":16.3939},{"bases":[[[0.705515,-0.708189,-0.0267827],[0.707436,0.701507,0.0861453],[-0.0422189,-0.0797238,0.995923]],[[0.703961,-0.710233,0.00262536],[0.685035,0.678,-0.266538],[0.187524,0.189431,0.963821]],[[0.703961,-0.710233,0.00262536],[0.42336,0.416648,-0.804469],[0.570267,0.567427,0.593989]],[[0.703961,-0.710233,0.00262536],[0.154852,0.149875,-0.976503],[0.693152,0.687827,0.215487]]],"btipPosition":[53.4016,116.667,-27.6868],"carpPosition":[83.6204,144.694,84.1327],"dipPosition":[64.7713,127.949,-24.1522],"direction":[-0.570267,-0.567427,-0.593988],"extended":false,"handId":131,"id":1313,"length":56.5625,"mcpPosition":[85.9957,149.179,28.0991],"pipPosition":[78.6402,141.749,-9.70644],"stabilizedTipPosition":[55.7206,123.422,-27.3453],"timeVisible":17.1277,"tipPosition":[57.9548,120.774,-29.1436],"tipVelocity":[-2.15309,-5.32048,0.128811],"tool":false,"touchDistance":0.334351,"touchZone":"hovering","type":3,"width":15.5998},{"bases":[[[0.569235,-0.818765,0.0748015],[0.80203,0.573001,0.168578],[-0.180887,-0.0359672,0.982846]],[[0.538918,-0.815923,0.209373],[0.829976,0.471873,-0.297448],[0.143897,0.334075,0.931497]],[[0.538918,-0.815923,0.209373],[0.545105,0.148303,-0.825146],[0.642205,0.558817,0.524687]],[[0.538918,-0.815923,0.209373],[0.285541,-0.056892,-0.956676],[0.792486,0.575355,0.202319]]],"btipPosition":[70.8793,106.31,-8.97356],"carpPosition":[88.9446,133.109,83.2017],"dipPosition":[82.8715,115.017,-5.912],"direction":[-0.642205,-0.558817,-0.524687],"extended":false,"handId":131,"id":1314,"length":44.3439,"mcpPosition":[98.3656,134.983,32.0131],"pipPosition":[93.8987,124.612,3.09734],"stabilizedTipPosition":[73.1231,112.558,-8.53533],"timeVisible":17.1277,"tipPosition":[75.3508,109.106,-10.0618],"tipVelocity":[-3.27658,-4.86463,0.721265],"tool":false,"touchDistance":0.331189,"touchZone":"hovering","type":4,"width":13.857}],"r":[[0.960274,-0.231815,-0.155355],[0.17107,0.928851,-0.32859],[0.220474,0.288961,0.931608]],"s":0.994608,"t":[-14.4668,43.1709,54.9912],"timestamp":144971663321},{"currentFrameRate":55.3063,"devices":[],"gestures":[],"hands":[{"armBasis":[[0.850083,-0.117492,-0.513375],[0.472128,0.601939,0.644023],[0.233353,-0.789851,0.56717]],"armWidth":55.673,"confidence":1,"direction":[0.0209084,0.267153,-0.963427],"elbow":[134.808,-65.5444,245.812],"grabAngle":1.33112,"grabStrength":0.202367,"id":131,"palmNormal":[-0.539148,-0.808501,-0.235893],"palmPosition":[69.1727,150.369,45.6318],"palmVelocity":[-7.63057,-2.7429,7.62693],"palmWidth":81.7268,"pinchDistance":55.12,"pinchStrength":0.0650644,"r":[[0.960335,-0.231688,-0.155171],[0.170954,0.9288,-0.328794],[0.220301,0.289225,0.931567]],"s":0.994542,"sphereCenter":[43.3581,98.0195,13.371],"sphereRadius":65.4923,"stabilizedPalmPosition":[68.761,154.495,44.7082],"t":[-14.5517,43.1198,55.0758],"timeVisible":17.1459,"type":"right","wrist":[78.2167,126.005,108.266]}],"id":127308,"interactionBox":{"center":[0,200,0],"size":[235.247,235.247,147.751]},"pointables":[{"bases":[[[0.825107,0.564274,-0.0281636],[-0.444643,0.679316,0.5838],[0.348555,-0.469175,0.811409]],[[0.637056,0.698013,-0.327011],[-0.534021,0.705599,0.465781],[0.55586,-0.122098,0.82226]],[[0.637056,0.698013,-0.327011],[-0.587956,0.714375,0.379443],[0.498465,-0.0494586,0.865498]],[[0.637056,0.698013,-0.327011],[-0.602225,0.715512,0.354073],[0.481128,-0.0286297,0.876183]]],"btipPosition":[-0.566171,149.264,15.5577],"carpPosition":[49.1621,141.721,96.3335],"dipPosition":[9.31921,148.676,33.56],"direction":[-0.498465,0.0494586,-0.865498],"extended":true,"handId":131,"id":1310,"length":45.7535,"mcpPosition":[49.1621,141.721,96.3335],"pipPosition":[24.2397,147.195,59.4668],"stabilizedTipPosition":[1.19793,151.542,18.5855],"timeVisible":17.1459,"tipPosition":[1.20782,148.376,20.1229],"tipVelocity":[-7.72842,-3.22262,6.50291],"tool":false,"touchDistance":0.240034,"touchZone":"hovering","type":0,"width":17.475},{"bases":[[[0.833509,-0.472063,-0.287087],[0.51527,0.851683,0.0955634],[0.199395,-0.22758,0.953126]],[[0.829236,-0.467286,-0.306612],[0.467836,0.880488,-0.0766209],[0.305772,-0.0799073,0.948746]],[[0.829236,-0.467286,-0.306612],[0.253358,0.803285,-0.539021],[0.498174,0.369293,0.784504]],[[0.829236,-0.467286,-0.306612],[0.0443769,0.601918,-0.797324],[0.557134,0.647564,0.519869]]],"btipPosition":[21.2947,155.192,-32.9151],"carpPosition":[64.9313,154.689,90.2959],"dipPosition":[29.6515,164.905,-25.1173],"direction":[-0.498174,-0.369293,-0.784504],"extended":true,"handId":131,"id":1311,"length":51.6277,"mcpPosition":[51.7553,169.728,27.3134],"pipPosition":[40.2224,172.742,-8.47056],"stabilizedTipPosition":[22.8925,161.729,-31.9701],"timeVisible":17.1459,"tipPosition":[24.461,158.483,-31.964],"tipVelocity":[-5.71761,-9.11018,6.83617],"tool":false,"touchDistance":0.3361,"touchZone":"hovering","type":1,"width":16.6921},{"bases":[[[0.75265,-0.636698,-0.167733],[0.65302,0.754411,0.0665546],[0.0841647,-0.159625,0.983583]],[[0.753775,-0.638912,-0.153674],[0.623637,0.769227,-0.139164],[0.207124,0.00906188,0.978273]],[[0.753775,-0.638912,-0.153674],[0.406061,0.636728,-0.655508],[0.51666,0.431705,0.739387]],[[0.753775,-0.638912,-0.153674],[0.13263,0.376959,-0.916685],[0.643609,0.670592,0.368881]]],"btipPosition":[37.1778,138.726,-40.7803],"carpPosition":[74.7329,150.947,86.7967],"dipPosition":[47.7959,149.789,-34.6946],"direction":[-0.51666,-0.431705,-0.739387],"extended":true,"handId":131,"id":1312,"length":58.8257,"mcpPosition":[69.4587,160.95,25.1602],"pipPosition":[60.6941,160.567,-16.2361],"stabilizedTipPosition":[39.3758,145.593,-40.1507],"timeVisible":17.1459,"tipPosition":[41.6542,143.302,-41.3524],"tipVelocity":[-6.98625,-9.78615,8.83047],"tool":false,"touchDistance":0.334525,"touchZone":"hovering","type":2,"width":16.3939},{"bases":[[[0.705449,-0.708295,-0.0256994],[0.707474,0.701521,0.0857213],[-0.0426873,-0.0786537,0.995988]],[[0.703884,-0.710306,0.00366994],[0.685148,0.677572,-0.267336],[0.187404,0.190688,0.963596]],[[0.703884,-0.710306,0.00366994],[0.423685,0.415697,-0.80479],[0.570121,0.568034,0.593548]],[[0.703884,-0.710306,0.00366994],[0.155445,0.148994,-0.976544],[0.693098,0.687944,0.215288]]],"btipPosition":[53.28,116.531,-27.5163],"carpPosition":[83.4632,144.684,84.284],"dipPosition":[64.6488,127.815,-23.985],"direction":[-0.570121,-0.568034,-0.593548],"extended":false,"handId":131,"id":1313,"length":56.5625,"mcpPosition":[85.8649,149.109,28.2468],"pipPosition":[78.5141,141.629,-9.54998],"stabilizedTipPosition":[55.7212,123.407,-27.3432],"timeVisible":17.1459,"tipPosition":[57.8451,120.644,-28.9759],"tipVelocity":[-6.70454,-7.47461,9.3362],"tool":false,"touchDistance":0.336795,"touchZone":"hovering","type":3,"width":15.5998},{"bases":[[[0.569109,-0.818748,0.07594],[0.802016,0.573092,0.168335],[-0.181344,-0.0348958,0.9828]],[[0.538809,-0.815781,0.210203],[0.829972,0.471301,-0.298367],[0.144333,0.335226,0.931016]],[[0.538809,-0.815781,0.210203],[0.545028,0.147306,-0.825376],[0.642362,0.559287,0.523993]],[[0.538809,-0.815781,0.210203],[0.285812,-0.0577006,-0.956547],[0.792462,0.575475,0.202071]]],"btipPosition":[70.7292,106.197,-8.77442],"carpPosition":[88.7866,133.098,83.3679],"dipPosition":[82.7211,114.906,-5.71661],"direction":[-0.642362,-0.559287,-0.523993],"extended":false,"handId":131,"id":1314,"length":44.3439,"mcpPosition":[98.2314,134.915,32.1816],"pipPosition":[93.751,124.509,3.28082],"stabilizedTipPosition":[73.1242,112.544,-8.5339],"timeVisible":17.1459,"tipPosition":[75.2292,108.994,-9.87203],"tipVelocity":[-8.26099,-6.19777,10.9096],"tool":false,"touchDistance":0.334378,"touchZone":"hovering","type":4,"width":13.857}],"r":[[0.960335,-0.231688,-0.155171],[0.170954,0.9288,-0.328794],[0.220301,0.289225,0.931567]],"s":0.994542,"t":[-14.5517,43.1198,55.0758],"timestamp":144971681496},{"currentFrameRate":55.3047,"devices":[],"gestures":[],"hands":[{"armBasis":[[0.849464,-0.117659,-0.514362],[0.472679,0.602907,0.642711],[0.234492,-0.789088,0.567762]],"armWidth":55.673,"confidence":1,"direction":[0.0206282,0.265285,-0.963949],"elbow":[134.934,-65.3196,246.116],"grabAngle":1.33254,"grabStrength":0.204408,"id":131,"palmNormal":[-0.539644,-0.80869,-0.234105],"palmPosition":[68.9937,150.297,45.7541],"palmVelocity":[-9.89743,-3.98374,6.76558],"palmWidth":81.7268,"pinchDistance":55.1358,"pinchStrength":0.0651865,"r":[[0.960347,-0.23174,-0.155017],[0.170924,0.928616,-0.329329],[0.22027,0.289774,0.931403]],"s":0.994442,"sphereCenter":[43.1537,97.9565,13.602],"sphereRadius":65.4462,"stabilizedPalmPosition":[68.7615,154.487,44.7103],"t":[-14.6836,43.0582,55.1793],"timeVisible":17.164,"type":"right","wrist":[78.0663,126.044,108.427]}],"id":127309,"interactionBox":{"center":[0,200,0],"size":[235.247,235.247,147.751]},"pointables":[{"bases":[[[0.825371,0.563814,-0.0296025],[-0.444062,0.680658,0.582678],[0.348671,-0.467781,0.812163]],[[0.637155,0.697106,-0.328749],[-0.53322,0.70668,0.465058],[0.556516,-0.121018,0.821976]],[[0.637155,0.697106,-0.328749],[-0.587216,0.71534,0.378771],[0.499211,-0.0482889,0.865134]],[[0.637155,0.697106,-0.328749],[-0.601626,0.716449,0.353195],[0.481747,-0.0272562,0.875886]]],"btipPosition":[-0.792215,149.188,15.7349],"carpPosition":[49.0005,141.756,96.481],"dipPosition":[9.10589,148.628,33.7311],"direction":[-0.499211,0.0482889,-0.865134],"extended":true,"handId":131,"id":1310,"length":45.7535,"mcpPosition":[49.0005,141.756,96.481],"pipPosition":[24.0487,147.182,59.627],"stabilizedTipPosition":[1.1988,151.535,18.5895],"timeVisible":17.164,"tipPosition":[1.01833,148.291,20.2769],"tipVelocity":[-12.3358,-3.85011,9.71743],"tool":false,"touchDistance":0.242963,"touchZone":"hovering","type":0,"width":17.475},{"bases":[[[0.833156,-0.473023,-0.286531],[0.515728,0.851613,0.093702],[0.19969,-0.22584,0.953478]],[[0.828878,-0.468284,-0.306058],[0.468295,0.880093,-0.078333],[0.306042,-0.078397,0.948785]],[[0.828878,-0.468284,-0.306058],[0.25301,0.801736,-0.541484],[0.498946,0.371388,0.783022]],[[0.828878,-0.468284,-0.306058],[0.0430636,0.598876,-0.799683],[0.55777,0.649659,0.516561]]],"btipPosition":[21.0812,154.96,-32.7431],"carpPosition":[64.7734,154.705,90.4116],"dipPosition":[29.4475,164.705,-24.9948],"direction":[-0.498946,-0.371388,-0.783022],"extended":true,"handId":131,"id":1311,"length":51.6277,"mcpPosition":[51.5779,169.629,27.4059],"pipPosition":[40.0349,172.586,-8.37953],"stabilizedTipPosition":[22.8931,161.708,-31.9655],"timeVisible":17.164,"tipPosition":[24.2493,158.28,-31.8356],"tipVelocity":[-11.6817,-12.4123,8.88287],"tool":false,"touchDistance":0.338233,"touchZone":"hovering","type":1,"width":16.6921},{"bases":[[[0.752267,-0.637388,-0.166826],[0.653417,0.754218,0.0648222],[0.084506,-0.15777,0.983853]],[[0.753392,-0.639567,-0.152821],[0.62397,0.768661,-0.140794],[0.207515,0.0107169,0.978173]],[[0.753392,-0.639567,-0.152821],[0.405455,0.634784,-0.657766],[0.517694,0.433593,0.737557]],[[0.753392,-0.639567,-0.152821],[0.131276,0.374011,-0.918086],[0.644335,0.671617,0.365737]]],"btipPosition":[36.9409,138.48,-40.5766],"carpPosition":[74.5717,150.952,86.9155],"dipPosition":[47.5709,149.56,-34.5428],"direction":[-0.517694,-0.433593,-0.737557],"extended":true,"handId":131,"id":1312,"length":58.8257,"mcpPosition":[69.2761,160.838,25.2621],"pipPosition":[60.495,160.385,-16.13],"stabilizedTipPosition":[39.3758,145.57,-40.1461],"timeVisible":17.164,"tipPosition":[41.4283,143.069,-41.1983],"tipVelocity":[-12.945,-13.3733,10.6008],"tool":false,"touchDistance":0.337282,"touchZone":"hovering","type":2,"width":16.3939},{"bases":[[[0.705091,-0.708689,-0.024634],[0.707854,0.701338,0.0840677],[-0.042301,-0.0767127,0.996156]],[[0.703548,-0.710633,0.00457838],[0.685425,0.676862,-0.26842],[0.187649,0.191985,0.963291]],[[0.703548,-0.710633,0.00457838],[0.423357,0.413944,-0.805866],[0.57078,0.568904,0.59208]],[[0.703548,-0.710633,0.00457838],[0.154644,0.146808,-0.977002],[0.693618,0.688076,0.213181]]],"btipPosition":[53.0588,116.343,-27.3164],"carpPosition":[83.2979,144.679,84.4112],"dipPosition":[64.4361,127.629,-23.8196],"direction":[-0.57078,-0.568904,-0.59208],"extended":false,"handId":131,"id":1313,"length":56.5625,"mcpPosition":[85.6779,148.995,28.3645],"pipPosition":[78.3174,141.465,-9.42027],"stabilizedTipPosition":[55.721,123.392,-27.3402],"timeVisible":17.164,"tipPosition":[57.6173,120.432,-28.7884],"tipVelocity":[-12.1227,-10.3627,10.6158],"tool":false,"touchDistance":0.339329,"touchZone":"hovering","type":3,"width":15.5998},{"bases":[[[0.568741,-0.818879,0.0772762],[0.802368,0.573022,0.166888],[-0.180942,-0.0329123,0.982943]],[[0.538585,-0.815665,0.211228],[0.82996,0.470369,-0.299866],[0.145235,0.336814,0.930303]],[[0.538585,-0.815665,0.211228],[0.543865,0.145071,-0.826538],[0.643535,0.56004,0.521745]],[[0.538585,-0.815665,0.211228],[0.284259,-0.0600963,-0.956862],[0.793173,0.575395,0.199493]]],"btipPosition":[70.478,106.024,-8.53482],"carpPosition":[88.6153,133.089,83.5151],"dipPosition":[82.4806,114.731,-5.51602],"direction":[-0.643535,-0.56004,-0.521745],"extended":false,"handId":131,"id":1314,"length":44.3439,"mcpPosition":[98.0391,134.803,32.3215],"pipPosition":[93.5307,124.348,3.4428],"stabilizedTipPosition":[73.1245,112.53,-8.53169],"timeVisible":17.164,"tipPosition":[75.0017,108.81,-9.6676],"tipVelocity":[-13.7521,-9.59193,12.7508],"tool":false,"touchDistance":0.337733,"touchZone":"hovering","type":4,"width":13.857}],"r":[[0.960347,-0.23174,-0.155017],[0.170924,0.928616,-0.329329],[0.22027,0.289774,0.931403]],"s":0.994442,"t":[-14.6836,43.0582,55.1793],"timestamp":144971699583},{"currentFrameRate":55.3297,"devices":[],"gestures":[],"hands":[{"armBasis":[[0.849202,-0.118125,-0.514687],[0.472835,0.604062,0.641511],[0.235124,-0.788134,0.568824]],"armWidth":55.673,"confidence":1,"direction":[0.0199245,0.263633,-0.964417],"elbow":[134.971,-65.1329,246.519],"grabAngle":1.33399,"grabStrength":0.206702,"id":131,"palmNormal":[-0.539518,-0.809275,-0.232369],"palmPosition":[68.8291,150.142,45.8648],"palmVelocity":[-9.15155,-8.56783,6.15251],"palmWidth":81.7268,"pinchDistance":55.1213,"pinchStrength":0.0662854,"r":[[0.960353,-0.23177,-0.154936],[0.170795,0.928366,-0.330098],[0.220344,0.290549,0.931144]],"s":0.994208,"sphereCenter":[42.9967,97.7884,13.8231],"sphereRadius":65.4001,"stabilizedPalmPosition":[68.7617,154.476,44.7132],"t":[-14.8318,42.9504,55.2863],"timeVisible":17.182,"type":"right","wrist":[77.9499,126,108.572]}],"id":127310,"interactionBox":{"center":[0,200,0],"size":[235.247,235.247,147.751]},"pointables":[{"bases":[[[0.82516,0.564042,-0.0310981],[-0.443922,0.681509,0.581789],[0.349347,-0.466264,0.812745]],[[0.636578,0.696802,-0.330507],[-0.53318,0.707276,0.464198],[0.557214,-0.119279,0.821757]],[[0.636578,0.696802,-0.330507],[-0.587092,0.71574,0.378204],[0.500091,-0.0467187,0.864712]],[[0.636578,0.696802,-0.330507],[-0.601627,0.716809,0.352463],[0.482507,-0.0255286,0.87552]]],"btipPosition":[-0.994921,148.954,15.9029],"carpPosition":[48.8711,141.683,96.619],"dipPosition":[8.91881,148.429,33.8915],"direction":[-0.500091,0.0467187,-0.864712],"extended":true,"handId":131,"id":1310,"length":45.7535,"mcpPosition":[48.8711,141.683,96.619],"pipPosition":[23.888,147.031,59.7749],"stabilizedTipPosition":[1.19911,151.525,18.5946],"timeVisible":17.182,"tipPosition":[0.838853,148.071,20.4338],"tipVelocity":[-11.0698,-12.5596,9.2436],"tool":false,"touchDistance":0.245734,"touchZone":"hovering","type":0,"width":17.475},{"bases":[[[0.833134,-0.473233,-0.286247],[0.515497,0.851948,0.0919083],[0.200374,-0.224132,0.953738]],[[0.828826,-0.468512,-0.305849],[0.467867,0.880139,-0.0803493],[0.306834,-0.0765011,0.948683]],[[0.828826,-0.468512,-0.305849],[0.251557,0.800315,-0.544257],[0.499766,0.374156,0.781179]],[[0.828826,-0.468512,-0.305849],[0.0406508,0.595621,-0.802236],[0.558027,0.652481,0.512712]]],"btipPosition":[20.8472,154.596,-32.5539],"carpPosition":[64.6357,154.627,90.5173],"dipPosition":[29.2174,164.383,-24.8634],"direction":[-0.499766,-0.374156,-0.781179],"extended":true,"handId":131,"id":1311,"length":51.6277,"mcpPosition":[51.3951,169.437,27.4945],"pipPosition":[39.8222,172.323,-8.28719],"stabilizedTipPosition":[22.8924,161.68,-31.9588],"timeVisible":17.182,"tipPosition":[24.0265,157.972,-31.7055],"tipVelocity":[-12.9599,-19.7057,9.77952],"tool":false,"touchDistance":0.340382,"touchZone":"hovering","type":1,"width":16.6921},{"bases":[[[0.752377,-0.637419,-0.166208],[0.653201,0.75455,0.0631085],[0.0851858,-0.156049,0.984069]],[[0.753491,-0.639532,-0.152482],[0.623529,0.768664,-0.142713],[0.208477,0.012456,0.977948]],[[0.753491,-0.639532,-0.152482],[0.403915,0.633288,-0.660151],[0.518752,0.435828,0.735493]],[[0.753491,-0.639532,-0.152482],[0.129126,0.371361,-0.919466],[0.644653,0.67312,0.362398]]],"btipPosition":[36.6873,138.137,-40.3681],"carpPosition":[74.433,150.87,87.0214],"dipPosition":[47.3226,149.242,-34.3894],"direction":[-0.518752,-0.435828,-0.735493],"extended":true,"handId":131,"id":1312,"length":58.8257,"mcpPosition":[69.0949,160.649,25.3545],"pipPosition":[60.273,160.122,-16.028],"stabilizedTipPosition":[39.3744,145.542,-40.1393],"timeVisible":17.182,"tipPosition":[41.2015,142.747,-41.0481],"tipVelocity":[-14.034,-18.7771,10.8885],"tool":false,"touchDistance":0.339825,"touchZone":"hovering","type":2,"width":16.3939},{"bases":[[[0.705316,-0.708491,-0.0238639],[0.707669,0.701722,0.0824102],[-0.041641,-0.075013,0.996313]],[[0.703817,-0.710364,0.0049594],[0.685015,0.67682,-0.269573],[0.188138,0.193127,0.962967]],[[0.703817,-0.710364,0.0049594],[0.422457,0.41293,-0.806858],[0.571115,0.569975,0.590725]],[[0.703817,-0.710364,0.0049594],[0.153577,0.145338,-0.97739],[0.693582,0.688665,0.211386]]],"btipPosition":[52.8568,116.084,-27.139],"carpPosition":[83.1598,144.596,84.5223],"dipPosition":[64.2335,127.38,-23.6716],"direction":[-0.571115,-0.569975,-0.590725],"extended":false,"handId":131,"id":1313,"length":56.5625,"mcpPosition":[85.5027,148.817,28.4668],"pipPosition":[78.123,141.242,-9.30527],"stabilizedTipPosition":[55.72,123.372,-27.3361],"timeVisible":17.182,"tipPosition":[57.412,120.143,-28.615],"tipVelocity":[-11.2364,-14.2712,9.48687],"tool":false,"touchDistance":0.341289,"touchZone":"hovering","type":3,"width":15.5998},{"bases":[[[0.569068,-0.818552,0.0783225],[0.802279,0.573581,0.165391],[-0.180306,-0.0312825,0.983113]],[[0.539131,-0.81516,0.211783],[0.829465,0.470302,-0.301338],[0.146036,0.338127,0.929701]],[[0.539131,-0.81516,0.211783],[0.542653,0.1439,-0.827539],[0.644101,0.561076,0.51993]],[[0.539131,-0.81516,0.211783],[0.282777,-0.0616635,-0.957201],[0.793332,0.575944,0.197264]]],"btipPosition":[70.2731,105.79,-8.33239],"carpPosition":[88.4805,133.006,83.6428],"dipPosition":[82.2781,114.505,-5.34732],"direction":[-0.644101,-0.561076,-0.51993],"extended":false,"handId":131,"id":1314,"length":44.3439,"mcpPosition":[97.8712,134.636,32.4403],"pipPosition":[93.3379,124.139,3.58033],"stabilizedTipPosition":[73.1242,112.513,-8.52856],"timeVisible":17.182,"tipPosition":[74.8127,108.561,-9.48594],"tipVelocity":[-11.3599,-12.9162,10.8229],"tool":false,"touchDistance":0.340213,"touchZone":"hovering","type":4,"width":13.857}],"r":[[0.960353,-0.23177,-0.154936],[0.170795,0.928366,-0.330098],[0.220344,0.290549,0.931144]],"s":0.994208,"t":[-14.8318,42.9504,55.2863],"timestamp":144971717570},{"currentFrameRate":55.3116,"devices":[],"gestures":[],"hands":[{"armBasis":[[0.849373,-0.118087,-0.514414],[0.472202,0.605421,0.640696],[0.235779,-0.787097,0.569989]],"armWidth":55.673,"confidence":1,"direction":[0.0189106,0.261917,-0.964905],"elbow":[135.029,-64.9746,246.931],"grabAngle":1.33541,"grabStrength":0.208923,"id":131,"palmNormal":[-0.538525,-0.810456,-0.230547],"palmPosition":[68.6611,149.926,45.9581],"palmVelocity":[-9.26307,-11.9215,5.14094],"palmWidth":81.7268,"pinchDistance":55.1152,"pinchStrength":0.0670951,"r":[[0.960402,-0.231578,-0.154915],[0.170385,0.928095,-0.331072],[0.220445,0.291567,0.930802]],"s":0.993878,"sphereCenter":[42.8922,97.5102,14.0307],"sphereRadius":65.3666,"stabilizedPalmPosition":[68.7613,154.46,44.7175],"t":[-14.99,42.7883,55.3865],"timeVisible":17.2001,"type":"right","wrist":[77.849,125.906,108.702]}],"id":127311,"interactionBox":{"center":[0,200,0],"size":[235.247,235.247,147.751]},"pointables":[{"bases":[[[0.82434,0.565152,-0.0326673],[-0.444501,0.681931,0.580853],[0.350547,-0.464299,0.813353]],[[0.635256,0.697144,-0.332325],[-0.533674,0.707295,0.463602],[0.558249,-0.117153,0.821361]],[[0.635256,0.697144,-0.332325],[-0.587715,0.715545,0.377607],[0.50104,-0.0445649,0.864276]],[[0.635256,0.697144,-0.332325],[-0.602361,0.716554,0.351726],[0.483332,-0.0232565,0.875128]]],"btipPosition":[-1.209,148.594,16.0635],"carpPosition":[48.7487,141.53,96.7407],"dipPosition":[8.72167,148.117,34.0441],"direction":[-0.50104,0.0445649,-0.864276],"extended":true,"handId":131,"id":1310,"length":45.7535,"mcpPosition":[48.7487,141.53,96.7407],"pipPosition":[23.7192,146.783,59.9144],"stabilizedTipPosition":[1.19852,151.511,18.6023],"timeVisible":17.2001,"tipPosition":[0.657877,147.714,20.5753],"tipVelocity":[-11.5856,-19.2096,8.75199],"tool":false,"touchDistance":0.24838,"touchZone":"hovering","type":0,"width":17.475},{"bases":[[[0.833614,-0.47257,-0.285947],[0.514351,0.852841,0.0900251],[0.201324,-0.222123,0.954007]],[[0.829292,-0.467897,-0.305529],[0.46649,0.88067,-0.0825008],[0.307672,-0.0741089,0.948602]],[[0.829292,-0.467897,-0.305529],[0.249279,0.799076,-0.547117],[0.500135,0.377558,0.779304]],[[0.829292,-0.467897,-0.305529],[0.0376465,0.592279,-0.804853],[0.557546,0.655956,0.508787]]],"btipPosition":[20.6074,154.108,-32.3821],"carpPosition":[64.491,154.485,90.6052],"dipPosition":[28.9704,163.947,-24.7505],"direction":[-0.500135,-0.377558,-0.779304],"extended":true,"handId":131,"id":1311,"length":51.6277,"mcpPosition":[51.1875,169.163,27.5645],"pipPosition":[39.583,171.958,-8.21406],"stabilizedTipPosition":[22.8895,161.639,-31.9483],"timeVisible":17.2001,"tipPosition":[23.7897,157.546,-31.5916],"tipVelocity":[-13.3073,-26.2798,8.72305],"tool":false,"touchDistance":0.342051,"touchZone":"hovering","type":1,"width":16.6921},{"bases":[[[0.753169,-0.636653,-0.165558],[0.652174,0.755586,0.0613095],[0.0860602,-0.154149,0.984293]],[[0.754278,-0.638707,-0.152046],[0.622223,0.76931,-0.144918],[0.209531,0.0147022,0.977691]],[[0.754278,-0.638707,-0.152046],[0.40166,0.632089,-0.662671],[0.519359,0.438767,0.733314]],[[0.754278,-0.638707,-0.152046],[0.1266,0.368725,-0.920877],[0.644234,0.675348,0.358982]]],"btipPosition":[36.4379,137.679,-40.1723],"carpPosition":[74.2913,150.736,87.1096],"dipPosition":[47.0663,148.82,-34.25],"direction":[-0.519359,-0.438767,-0.733314],"extended":true,"handId":131,"id":1312,"length":58.8257,"mcpPosition":[68.8983,160.396,25.4286],"pipPosition":[60.0319,159.774,-15.9431],"stabilizedTipPosition":[39.3706,145.501,-40.1291],"timeVisible":17.2001,"tipPosition":[40.9755,142.324,-40.9122],"tipVelocity":[-13.8341,-24.7907,10.0759],"tool":false,"touchDistance":0.341917,"touchZone":"hovering","type":2,"width":16.3939},{"bases":[[[0.706303,-0.707534,-0.0230539],[0.706729,0.702871,0.0806703],[-0.0408731,-0.0732705,0.996474]],[[0.704851,-0.709335,0.0053602],[0.683862,0.677492,-0.270808],[0.188462,0.194545,0.962619]],[[0.704851,-0.709335,0.0053602],[0.421123,0.412356,-0.807848],[0.570824,0.571669,0.589367]],[[0.704851,-0.709335,0.0053602],[0.152449,0.144096,-0.97775],[0.69278,0.689985,0.209704]]],"btipPosition":[52.6866,115.741,-26.9801],"carpPosition":[83.0253,144.47,84.616],"dipPosition":[64.0502,127.059,-23.5404],"direction":[-0.570824,-0.571669,-0.589367],"extended":false,"handId":131,"id":1313,"length":56.5625,"mcpPosition":[85.3249,148.593,28.5514],"pipPosition":[77.9325,140.962,-9.20701],"stabilizedTipPosition":[55.7178,123.346,-27.3301],"timeVisible":17.2001,"tipPosition":[57.2333,119.773,-28.4554],"tipVelocity":[-9.54952,-18.6088,8.40762],"tool":false,"touchDistance":0.342781,"touchZone":"hovering","type":3,"width":15.5998},{"bases":[[[0.570279,-0.817602,0.0794221],[0.801575,0.575014,0.16382],[-0.179608,-0.0297602,0.983288]],[[0.540619,-0.814074,0.212165],[0.828386,0.47117,-0.302944],[0.146653,0.339532,0.929091]],[[0.540619,-0.814074,0.212165],[0.541075,0.143355,-0.828666],[0.644181,0.56279,0.517976]],[[0.540619,-0.814074,0.212165],[0.281159,-0.0628552,-0.9576],[0.792893,0.577349,0.194904]]],"btipPosition":[70.1042,105.496,-8.14227],"carpPosition":[88.3618,132.886,83.7539],"dipPosition":[82.1026,114.233,-5.19291],"direction":[-0.644181,-0.56279,-0.517976],"extended":false,"handId":131,"id":1314,"length":44.3439,"mcpPosition":[97.7162,134.436,32.5423],"pipPosition":[93.1637,123.896,3.70119],"stabilizedTipPosition":[73.1231,112.492,-8.52413],"timeVisible":17.2001,"tipPosition":[74.6625,108.252,-9.31702],"tipVelocity":[-9.39501,-15.9188,10.0272],"tool":false,"touchDistance":0.342254,"touchZone":"hovering","type":4,"width":13.857}],"r":[[0.960402,-0.231578,-0.154915],[0.170385,0.928095,-0.331072],[0.220445,0.291567,0.930802]],"s":0.993878,"t":[-14.99,42.7883,55.3865],"timestamp":144971735712},{"currentFrameRate":55.3236,"devices":[],"gestures":[],"hands":[{"armBasis":[[0.84823,-0.1195,-0.515971],[0.473632,0.607136,0.638012],[0.237022,-0.785561,0.57159]],"armWidth":55.673,"confidence":1,"direction":[0.018167,0.260583,-0.96528],"elbow":[135.228,-64.8902,247.403],"grabAngle":1.33652,"grabStrength":0.212164,"id":131,"palmNormal":[-0.539211,-0.810457,-0.228936],"palmPosition":[68.5032,149.547,46.0117],"palmVelocity":[-8.75703,-21.0375,2.97517],"palmWidth":81.7268,"pinchDistance":55.0966,"pinchStrength":0.0686382,"r":[[0.960386,-0.231579,-0.155014],[0.170104,0.927766,-0.332137],[0.220733,0.292611,0.930406]],"s":0.993447,"sphereCenter":[42.721,97.085,14.1777],"sphereRadius":65.3593,"stabilizedPalmPosition":[68.76,154.435,44.724],"t":[-15.148,42.5176,55.4634],"timeVisible":17.2182,"type":"right","wrist":[77.7472,125.618,108.785]}],"id":127312,"interactionBox":{"center":[0,200,0],"size":[235.247,235.247,147.751]},"pointables":[{"bases":[[[0.824638,0.564625,-0.0342072],[-0.443563,0.682985,0.58033],[0.351032,-0.463389,0.813663]],[[0.634958,0.696455,-0.334335],[-0.53307,0.708213,0.462894],[0.559165,-0.115695,0.820944]],[[0.634958,0.696455,-0.334335],[-0.586956,0.716289,0.377376],[0.502305,-0.043378,0.863602]],[[0.634958,0.696455,-0.334335],[-0.60178,0.717268,0.351264],[0.484447,-0.0218418,0.874548]]],"btipPosition":[-1.42651,148.166,16.1979],"carpPosition":[48.6331,141.232,96.8243],"dipPosition":[8.52707,147.717,34.1666],"direction":[-0.502305,0.043378,-0.863602],"extended":true,"handId":131,"id":1310,"length":45.7535,"mcpPosition":[48.6331,141.232,96.8243],"pipPosition":[23.5625,146.419,60.0166],"stabilizedTipPosition":[1.19634,151.488,18.6135],"timeVisible":17.2182,"tipPosition":[0.476582,147.342,20.6938],"tipVelocity":[-11.7689,-23.369,7.29895],"tool":false,"touchDistance":0.250574,"touchZone":"hovering","type":0,"width":17.475},{"bases":[[[0.833072,-0.473449,-0.286072],[0.514931,0.852663,0.0883783],[0.202081,-0.220933,0.954124]],[[0.828779,-0.468846,-0.305463],[0.466709,0.880325,-0.0849135],[0.308718,-0.0721881,0.94841]],[[0.828779,-0.468846,-0.305463],[0.247969,0.797075,-0.55062],[0.501634,0.380597,0.776859]],[[0.828779,-0.468846,-0.305463],[0.0350518,0.58831,-0.807876],[0.558477,0.658844,0.504013]]],"btipPosition":[20.3584,153.533,-32.2078],"carpPosition":[64.3772,154.169,90.6564],"dipPosition":[28.7354,163.415,-24.6478],"direction":[-0.501634,-0.380597,-0.776859],"extended":true,"handId":131,"id":1311,"length":51.6277,"mcpPosition":[51.0237,168.769,27.608],"pipPosition":[39.3797,171.491,-8.1633],"stabilizedTipPosition":[22.8831,161.577,-31.9326],"timeVisible":17.2182,"tipPosition":[23.5532,157.076,-31.4977],"tipVelocity":[-13.6302,-31.3133,8.74956],"tool":false,"touchDistance":0.343546,"touchZone":"hovering","type":1,"width":16.6921},{"bases":[[[0.752644,-0.637319,-0.165383],[0.652671,0.755289,0.0596682],[0.0868845,-0.15285,0.984423]],[[0.753756,-0.63934,-0.151978],[0.622464,0.768757,-0.146804],[0.210692,0.0160537,0.977421]],[[0.753756,-0.63934,-0.151978],[0.400622,0.630377,-0.664926],[0.520917,0.440306,0.731284]],[[0.753756,-0.63934,-0.151978],[0.124648,0.366164,-0.922164],[0.645225,0.676143,0.35569]]],"btipPosition":[36.1626,137.162,-40.0168],"carpPosition":[74.1721,150.41,87.1568],"dipPosition":[46.8074,148.317,-34.1487],"direction":[-0.520917,-0.440306,-0.731284],"extended":true,"handId":131,"id":1312,"length":58.8257,"mcpPosition":[68.7274,159.988,25.4677],"pipPosition":[59.8118,159.309,-15.8925],"stabilizedTipPosition":[39.3629,145.442,-40.1142],"timeVisible":17.2182,"tipPosition":[40.7231,141.832,-40.8128],"tipVelocity":[-15.0543,-28.4672,7.93222],"tool":false,"touchDistance":0.343205,"touchZone":"hovering","type":2,"width":16.3939},{"bases":[[[0.705869,-0.707977,-0.0227392],[0.707213,0.702568,0.0790506],[-0.0399902,-0.0718808,0.996611]],[[0.70446,-0.709723,0.00537815],[0.684121,0.676992,-0.271404],[0.188981,0.194873,0.96245]],[[0.70446,-0.709723,0.00537815],[0.421039,0.411792,-0.808179],[0.571369,0.571594,0.588912]],[[0.70446,-0.709723,0.00537815],[0.152014,0.143476,-0.977909],[0.693273,0.689716,0.208961]]],"btipPosition":[52.47,115.322,-26.9102],"carpPosition":[82.9001,144.136,84.6637],"dipPosition":[63.8417,126.635,-23.4826],"direction":[-0.571369,-0.571594,-0.588912],"extended":false,"handId":131,"id":1313,"length":56.5625,"mcpPosition":[85.15,148.18,28.5915],"pipPosition":[77.7373,140.536,-9.16037],"stabilizedTipPosition":[55.7132,123.307,-27.3214],"timeVisible":17.2182,"tipPosition":[56.9796,119.292,-28.3391],"tipVelocity":[-11.9057,-23.324,3.71978],"tool":false,"touchDistance":0.342843,"touchZone":"hovering","type":3,"width":15.5998},{"bases":[[[0.569876,-0.817826,0.0800137],[0.802062,0.574769,0.162287],[-0.178712,-0.0283076,0.983494]],[[0.54041,-0.814121,0.21252],[0.828426,0.470636,-0.303665],[0.147201,0.340161,0.928775]],[[0.54041,-0.814121,0.21252],[0.541004,0.142761,-0.828815],[0.644416,0.562874,0.517592]],[[0.54041,-0.814121,0.21252],[0.280719,-0.0636543,-0.957677],[0.793192,0.577197,0.194139]]],"btipPosition":[69.8992,105.063,-8.06632],"carpPosition":[88.2291,132.547,83.8126],"dipPosition":[81.9021,113.797,-5.12854],"direction":[-0.644416,-0.562874,-0.517592],"extended":false,"handId":131,"id":1314,"length":44.3439,"mcpPosition":[97.5367,134.021,32.5902],"pipPosition":[92.9673,123.462,3.75897],"stabilizedTipPosition":[73.1203,112.459,-8.51718],"timeVisible":17.2182,"tipPosition":[74.4231,107.791,-9.20572],"tipVelocity":[-11.3089,-24.0609,4.06344],"tool":false,"touchDistance":0.342461,"touchZone":"hovering","type":4,"width":13.857}],"r":[[0.960386,-0.231579,-0.155014],[0.170104,0.927766,-0.332137],[0.220733,0.292611,0.930406]],"s":0.993447,"t":[-15.148,42.5176,55.4634],"timestamp":144971753746},{"currentFrameRate":55.3187,"devices":[],"gestures":[],"hands":[{"armBasis":[[0.846614,-0.12151,-0.51815],[0.47569,0.609376,0.634334],[0.23867,-0.783515,0.573707]],"armWidth":55.673,"confidence":1,"direction":[0.0170825,0.258373,-0.965894],"elbow":[135.564,-64.7795,247.94],"grabAngle":1.33722,"grabStrength":0.214729,"id":131,"palmNormal":[-0.540351,-0.810426,-0.226342],"palmPosition":[68.3591,149.017,45.9884],"palmVelocity":[-7.95876,-29.2796,-1.28603],"palmWidth":81.7268,"pinchDistance":55.1027,"pinchStrength":0.0694394,"r":[[0.960283,-0.231846,-0.155255],[0.169974,0.927316,-0.333456],[0.221281,0.293823,0.929894]],"s":0.993057,"sphereCenter":[42.5272,96.5189,14.2998],"sphereRadius":65.3435,"stabilizedPalmPosition":[68.7569,154.394,44.7336],"t":[-15.2991,42.1173,55.4903],"timeVisible":17.2363,"type":"right","wrist":[77.6835,125.233,108.809]}],"id":127313,"interactionBox":{"center":[0,200,0],"size":[235.247,235.247,147.751]},"pointables":[{"bases":[[[0.825161,0.563708,-0.0366393],[-0.44206,0.684751,0.579395],[0.351698,-0.461898,0.814223]],[[0.634869,0.695161,-0.337183],[-0.532135,0.709827,0.461495],[0.560155,-0.113561,0.820567]],[[0.634869,0.695161,-0.337183],[-0.585736,0.717646,0.376692],[0.50384,-0.0416494,0.862792]],[[0.634869,0.695161,-0.337183],[-0.600679,0.718576,0.350475],[0.485929,-0.0199666,0.87377]]],"btipPosition":[-1.62869,147.586,16.2781],"carpPosition":[48.5517,140.838,96.8474],"dipPosition":[8.35533,147.176,34.2308],"direction":[-0.50384,0.0416494,-0.862792],"extended":true,"handId":131,"id":1310,"length":45.7535,"mcpPosition":[48.5517,140.838,96.8474],"pipPosition":[23.4367,145.929,60.0567],"stabilizedTipPosition":[1.19131,151.45,18.6306],"timeVisible":17.2363,"tipPosition":[0.296409,146.827,20.7692],"tipVelocity":[-10.7867,-31.5744,4.23215],"tool":false,"touchDistance":0.251851,"touchZone":"hovering","type":0,"width":17.475},{"bases":[[[0.832192,-0.474943,-0.286158],[0.515918,0.852338,0.0857236],[0.20319,-0.218973,0.95434]],[[0.82793,-0.470436,-0.305322],[0.467536,0.879631,-0.0875247],[0.309745,-0.0702843,0.948218]],[[0.82793,-0.470436,-0.305322],[0.247392,0.794928,-0.553973],[0.503318,0.383117,0.774527]],[[0.82793,-0.470436,-0.305322],[0.0329602,0.584283,-0.81088],[0.559862,0.661289,0.499251]]],"btipPosition":[20.113,152.817,-32.1222],"carpPosition":[64.3003,153.745,90.6282],"dipPosition":[28.5107,162.736,-24.6336],"direction":[-0.503318,-0.383117,-0.774527],"extended":true,"handId":131,"id":1311,"length":51.6277,"mcpPosition":[50.8735,168.215,27.5656],"pipPosition":[39.1908,170.866,-8.19854],"stabilizedTipPosition":[22.8703,161.477,-31.9091],"timeVisible":17.2363,"tipPosition":[23.3031,156.41,-31.4704],"tipVelocity":[-13.3008,-39.0934,3.82552],"tool":false,"touchDistance":0.343563,"touchZone":"hovering","type":1,"width":16.6921},{"bases":[[[0.751766,-0.638458,-0.164985],[0.653518,0.754758,0.0570425],[0.0881048,-0.150704,0.984645]],[[0.752896,-0.640451,-0.151558],[0.623132,0.767794,-0.148995],[0.211789,0.0177372,0.977154]],[[0.752896,-0.640451,-0.151558],[0.40004,0.628195,-0.667337],[0.522605,0.441807,0.729172]],[[0.752896,-0.640451,-0.151558],[0.122687,0.362824,-0.923746],[0.646603,0.676891,0.351744]]],"btipPosition":[35.8892,136.465,-39.9349],"carpPosition":[74.0864,149.968,87.1236],"dipPosition":[46.5567,147.632,-34.1319],"direction":[-0.522605,-0.441807,-0.729172],"extended":true,"handId":131,"id":1312,"length":58.8257,"mcpPosition":[68.5653,159.412,25.4205],"pipPosition":[59.6033,158.661,-15.9284],"stabilizedTipPosition":[39.3477,145.347,-40.0917],"timeVisible":17.2363,"tipPosition":[40.4464,141.13,-40.7757],"tipVelocity":[-14.8223,-38.4029,3.6981],"tool":false,"touchDistance":0.343221,"touchZone":"hovering","type":2,"width":16.3939},{"bases":[[[0.705119,-0.708744,-0.022116],[0.708034,0.702026,0.0764686],[-0.0386707,-0.0695783,0.996827]],[[0.703751,-0.710422,0.00595685],[0.684647,0.675931,-0.272721],[0.189721,0.196006,0.962075]],[[0.703751,-0.710422,0.00595685],[0.420978,0.410241,-0.808999],[0.572287,0.571841,0.58778]],[[0.703751,-0.710422,0.00595685],[0.151359,0.141735,-0.978265],[0.694136,0.689356,0.207275]]],"btipPosition":[52.2347,114.691,-26.8836],"carpPosition":[82.8046,143.679,84.6325],"dipPosition":[63.6206,125.998,-23.4837],"direction":[-0.572287,-0.571841,-0.58778],"extended":false,"handId":131,"id":1313,"length":56.5625,"mcpPosition":[84.9803,147.594,28.5481],"pipPosition":[77.5385,139.905,-9.18896],"stabilizedTipPosition":[55.7037,123.24,-27.3079],"timeVisible":17.2363,"tipPosition":[56.6912,118.598,-28.2657],"tipVelocity":[-12.8219,-34.9359,1.11889],"tool":false,"touchDistance":0.342195,"touchZone":"hovering","type":3,"width":15.5998},{"bases":[[[0.569159,-0.818221,0.0810758],[0.80287,0.574321,0.159863],[-0.177367,-0.025894,0.983804]],[[0.539804,-0.814159,0.213909],[0.828668,0.469251,-0.305144],[0.148059,0.341977,0.927971]],[[0.539804,-0.814159,0.213909],[0.541018,0.140864,-0.829131],[0.644912,0.563296,0.516513]],[[0.539804,-0.814159,0.213909],[0.280349,-0.0657301,-0.957645],[0.793735,0.57691,0.192767]]],"btipPosition":[69.6773,104.414,-8.03055],"carpPosition":[88.1206,132.083,83.8003],"dipPosition":[81.6884,113.144,-5.11352],"direction":[-0.644912,-0.563296,-0.516513],"extended":false,"handId":131,"id":1314,"length":44.3439,"mcpPosition":[97.3582,133.432,32.5617],"pipPosition":[92.7621,122.816,3.75546],"stabilizedTipPosition":[73.1136,112.4,-8.50578],"timeVisible":17.2363,"tipPosition":[74.1533,107.127,-9.13564],"tipVelocity":[-12.1598,-35.9235,1.71307],"tool":false,"touchDistance":0.342013,"touchZone":"hovering","type":4,"width":13.857}],"r":[[