{"frames":131,"data":[{"currentFrameRate":115.254,"devices":[],"gestures":[],"hands":[{"armBasis":[[0.445714,0.76983,-0.456837],[-0.356015,0.620679,0.698578],[0.821336,-0.148725,0.550717]],"armWidth":54.2837,"confidence":1,"direction":[-0.750636,0.502143,-0.429416],"elbow":[73.21,227.757,236.409],"grabAngle":0.426211,"grabStrength":0,"id":674,"palmNormal":[0.152703,-0.50048,-0.852174],"palmPosition":[-172.591,285.688,77.0039],"palmVelocity":[-19.7606,-45.4348,-154.192],"palmWidth":78.7994,"pinchDistance":33.9742,"pinchStrength":0.623048,"r":[[0.711051,0.338955,0.616049],[-0.0729225,0.906963,-0.414851],[-0.699349,0.250056,0.669614]],"s":1.34065,"sphereCenter":[-194.453,294.561,50.9424],"sphereRadius":47.0384,"stabilizedPalmPosition":[-144.662,278.474,114.307],"t":[-225.82,66.0685,-201.775],"timeVisible":2.03754,"type":"right","wrist":[-118.84,262.533,107.637]}],"id":1391356,"interactionBox":{"center":[0,200,0],"size":[235.247,235.247,147.751]},"pointables":[{"bases":[[[-0.0243828,0.829417,0.558098],[-0.292688,-0.539724,0.789323],[0.955897,-0.144103,0.25592]],[[-0.376867,0.823767,0.423531],[-0.423844,-0.559932,0.711922],[0.823607,0.0887883,0.560169]],[[-0.376867,0.823767,0.423531],[-0.607119,-0.565012,0.55872],[0.699555,-0.0465713,0.713059]],[[-0.376867,0.823767,0.423531],[-0.82884,-0.504039,0.242836],[0.413517,-0.259523,0.872727]]],"btipPosition":[-209.622,247.709,37.4297],"carpPosition":[-146.033,245.153,98.984],"dipPosition":[-201.545,242.64,54.4767],"direction":[-0.699555,0.0465713,-0.713059],"extended":false,"handId":674,"id":6740,"length":43.4972,"mcpPosition":[-146.033,245.153,98.984],"pipPosition":[-181.638,241.315,74.768],"stabilizedTipPosition":[-172.147,242.443,110.103],"timeVisible":2.03754,"tipPosition":[-210.459,246.338,44.4123],"tipVelocity":[8.96143,-30.9063,-177.392],"tool":false,"touchDistance":0.331986,"touchZone":"hovering","type":0,"width":17.1257},{"bases":[[[0.507669,0.779545,-0.366855],[-0.276793,0.550809,0.787398],[0.815879,-0.298195,0.495401]],[[0.532107,0.770171,-0.351707],[-0.54749,0.629853,0.550945],[0.645846,-0.100606,0.75681]],[[0.532107,0.770171,-0.351707],[-0.84631,0.496046,-0.19416],[0.0249267,0.400967,0.915753]],[[0.532107,0.770171,-0.351707],[-0.732498,0.210421,-0.647433],[-0.424628,0.602128,0.676116]]],"btipPosition":[-220.673,269.138,20.5313],"carpPosition":[-151.085,263.207,107.347],"dipPosition":[-226.728,277.725,30.1727],"direction":[-0.0249267,-0.400967,-0.915753],"extended":false,"handId":674,"id":6741,"length":49.0817,"mcpPosition":[-203.067,282.206,75.7832],"pipPosition":[-226.225,285.813,48.6461],"stabilizedTipPosition":[-211.788,278.602,58.1137],"timeVisible":2.03754,"tipPosition":[-229.145,275.527,23.0317],"tipVelocity":[-82.5936,27.808,-232.865],"tool":false,"touchDistance":0.333333,"touchZone":"hovering","type":1,"width":16.3585},{"bases":[[[0.652928,0.626693,-0.425372],[-0.169001,0.66799,0.724726],[0.738325,-0.401306,0.542061]],[[0.571083,0.66566,-0.480375],[-0.218567,0.687363,0.692647],[0.79126,-0.290565,0.538033]],[[0.571083,0.66566,-0.480375],[-0.366286,0.730335,0.576581],[0.734642,-0.153321,0.660904]],[[0.571083,0.66566,-0.480375],[-0.366286,0.730335,0.576581],[0.734642,-0.153321,0.660904]]],"btipPosition":[-251.953,314.374,23.9374],"carpPosition":[-146.554,272.395,104.385],"dipPosition":[-240.431,311.97,34.3031],"direction":[-0.734642,0.153321,-0.660904],"extended":true,"handId":674,"id":6742,"length":55.9246,"mcpPosition":[-191.164,296.642,71.6331],"pipPosition":[-222.996,308.331,49.9887],"stabilizedTipPosition":[-229.195,324.076,59.8681],"timeVisible":2.03754,"tipPosition":[-250.233,320.931,31.6219],"tipVelocity":[7.90071,-56.8586,-199.97],"tool":false,"touchDistance":0.33183,"touchZone":"hovering","type":2,"width":16.0662},{"bases":[[[0.765332,0.508655,-0.394382],[-0.0982982,0.697924,0.709394],[0.636086,-0.504155,0.584143]],[[0.683761,0.565302,-0.461416],[0.08694,0.564715,0.820694],[0.724508,-0.601274,0.336983]],[[0.683761,0.565302,-0.461416],[0.0317862,0.608656,0.792797],[0.729013,-0.55675,0.398207]],[[0.683761,0.565302,-0.461416],[-0.0230397,0.648741,0.760661],[0.729342,-0.509479,0.456608]]],"btipPosition":[-230.05,350.423,39.4797],"carpPosition":[-140.298,279.835,100.061],"dipPosition":[-218.676,342.479,46.6],"direction":[-0.729013,0.55675,-0.398207],"extended":true,"handId":674,"id":6743,"length":53.773,"mcpPosition":[-174.804,307.185,68.3729],"pipPosition":[-201.821,329.606,55.8068],"stabilizedTipPosition":[-216.027,348.879,56.729],"timeVisible":2.03754,"tipPosition":[-227.399,345.222,38.6465],"tipVelocity":[-16.6116,-61.7779,-191.392],"tool":false,"touchDistance":0.33189,"touchZone":"hovering","type":3,"width":15.288},{"bases":[[[0.839459,0.32453,-0.435878],[0.078521,0.721241,0.688219],[0.537721,-0.611957,0.57997]],[[0.730905,0.427821,-0.53174],[0.2547,0.551848,0.794098],[0.633172,-0.715844,0.294383]],[[0.730905,0.427821,-0.53174],[0.2547,0.551848,0.794098],[0.633172,-0.715844,0.294383]],[[0.730905,0.427821,-0.53174],[0.21805,0.591907,0.775951],[0.646709,-0.683092,0.339341]]],"btipPosition":[-196.501,356.205,44.8392],"carpPosition":[-131.173,282.836,92.3382],"dipPosition":[-187.197,346.378,49.721],"direction":[-0.633172,0.715844,-0.294383],"extended":true,"handId":674,"id":6744,"length":42.1571,"mcpPosition":[-158.175,313.567,63.2142],"pipPosition":[-176.861,334.692,54.5265],"stabilizedTipPosition":[-186.148,352.781,55.9034],"timeVisible":2.03754,"tipPosition":[-193.789,349.268,39.2473],"tipVelocity":[-35.3178,-52.5015,-154.493],"tool":false,"touchDistance":0.332172,"touchZone":"hovering","type":4,"width":13.58}],"r":[[0.711051,0.338955,0.616049],[-0.0729225,0.906963,-0.414851],[-0.699349,0.250056,0.669614]],"s":1.34065,"t":[-225.82,66.0685,-201.775],"timestamp":494145145278},{"currentFrameRate":115.275,"devices":[],"gestures":[],"hands":[{"armBasis":[[0.440184,0.775265,-0.452992],[-0.367037,0.61578,0.697207],[0.819464,-0.140635,0.555608]],"armWidth":54.2837,"confidence":1,"direction":[-0.753499,0.495139,-0.432524],"elbow":[72.6664,229.45,236.356],"grabAngle":0.411364,"grabStrength":0,"id":674,"palmNormal":[0.162633,-0.497059,-0.85234],"palmPosition":[-172.766,284.983,75.5506],"palmVelocity":[-20.2586,-81.6148,-168.221],"palmWidth":78.7994,"pinchDistance":35.2604,"pinchStrength":0.586857,"r":[[0.70738,0.340817,0.619239],[-0.0761806,0.907733,-0.412575],[-0.702716,0.244673,0.668076]],"s":1.33646,"sphereCenter":[-193.976,294.139,48.9058],"sphereRadius":47.0855,"stabilizedPalmPosition":[-144.785,278.503,114.137],"t":[-226.055,65.6027,-203.141],"timeVisible":2.04618,"type":"right","wrist":[-118.946,262.334,106.44]}],"id":1391357,"interactionBox":{"center":[0,200,0],"size":[235.247,235.247,147.751]},"pointables":[{"bases":[[[-0.0361621,0.827941,0.559648],[-0.291334,-0.544423,0.786592],[0.955938,-0.1346,0.260895]],[[-0.384072,0.819647,0.42505],[-0.422009,-0.565296,0.708766],[0.821217,0.0928424,0.563013]],[[-0.384072,0.819647,0.42505],[-0.608924,-0.570912,0.5507],[0.694046,-0.0473145,0.718374]],[[-0.384072,0.819647,0.42505],[-0.828452,-0.509168,0.233271],[0.407622,-0.262541,0.874595]]],"btipPosition":[-209.118,247.144,35.7291],"carpPosition":[-145.905,244.683,97.594],"dipPosition":[-201.156,242.016,52.8125],"direction":[-0.694046,0.0473145,-0.718374],"extended":false,"handId":674,"id":6740,"length":43.4972,"mcpPosition":[-145.905,244.683,97.594],"pipPosition":[-181.406,240.669,73.2551],"stabilizedTipPosition":[-172.173,242.446,110.05],"timeVisible":2.04618,"tipPosition":[-209.964,245.324,42.5881],"tipVelocity":[55.2118,-67.0106,-195.882],"tool":false,"touchDistance":0.331856,"touchZone":"hovering","type":0,"width":17.1257},{"bases":[[[0.501459,0.785599,-0.362455],[-0.286887,0.546218,0.786982],[0.816232,-0.290655,0.499284]],[[0.531676,0.774162,-0.343502],[-0.545364,0.623238,0.560493],[0.647996,-0.110666,0.753561]],[[0.531676,0.774162,-0.343502],[-0.845812,0.506328,-0.168028],[0.043844,0.379875,0.923998]],[[0.531676,0.774162,-0.343502],[-0.754346,0.248448,-0.607648],[-0.385076,0.582191,0.71608]]],"btipPosition":[-221.825,269.187,18.2831],"carpPosition":[-151.192,262.665,105.966],"dipPosition":[-227.316,277.489,28.4944],"direction":[-0.043844,-0.379875,-0.923998],"extended":false,"handId":674,"id":6741,"length":49.0817,"mcpPosition":[-203.197,281.184,74.1547],"pipPosition":[-226.432,285.152,47.1342],"stabilizedTipPosition":[-211.829,278.574,57.9779],"timeVisible":2.04618,"tipPosition":[-228.313,274.008,21.1833],"tipVelocity":[-118.367,-1.96864,-245.064],"tool":false,"touchDistance":0.333333,"touchZone":"hovering","type":1,"width":16.3585},{"bases":[[[0.648635,0.634403,-0.420483],[-0.17999,0.664656,0.725146],[0.739511,-0.394672,0.545305]],[[0.567712,0.67221,-0.475222],[-0.230406,0.683941,0.692198],[0.790326,-0.283475,0.543163]],[[0.567712,0.67221,-0.475222],[-0.379358,0.725943,0.573668],[0.73061,-0.145399,0.667135]],[[0.567712,0.67221,-0.475222],[-0.379358,0.725943,0.573668],[0.73061,-0.145399,0.667135]]],"btipPosition":[-252.016,312.888,21.9522],"carpPosition":[-146.742,271.906,103.048],"dipPosition":[-240.557,310.607,32.4156],"direction":[-0.73061,0.145399,-0.667135],"extended":true,"handId":674,"id":6742,"length":55.9246,"mcpPosition":[-191.423,295.752,70.0998],"pipPosition":[-223.217,307.156,48.249],"stabilizedTipPosition":[-229.432,323.938,59.4505],"timeVisible":2.04618,"tipPosition":[-250.509,319.416,29.7453],"tipVelocity":[-8.9502,-168.794,-227.196],"tool":false,"touchDistance":0.331623,"touchZone":"hovering","type":2,"width":16.0662},{"bases":[[[0.762101,0.517487,-0.389114],[-0.109522,0.695362,0.710265],[0.638128,-0.498677,0.586612]],[[0.682603,0.572039,-0.45478],[0.0750795,0.564125,0.822269],[0.726922,-0.595428,0.342125]],[[0.682603,0.572039,-0.45478],[0.0203921,0.607161,0.794317],[0.730505,-0.551477,0.402785]],[[0.682603,0.572039,-0.45478],[-0.0358176,0.647753,0.761008],[0.729911,-0.503177,0.462648]]],"btipPosition":[-230.536,349.274,37.6665],"carpPosition":[-140.54,279.421,98.7739],"dipPosition":[-219.154,341.427,44.881],"direction":[-0.730505,0.551477,-0.402785],"extended":true,"handId":674,"id":6743,"length":53.773,"mcpPosition":[-175.157,306.473,66.9515],"pipPosition":[-202.264,328.677,54.1936],"stabilizedTipPosition":[-216.217,348.857,56.4503],"timeVisible":2.04618,"tipPosition":[-227.984,344.072,37.0492],"tipVelocity":[-56.0946,-130.452,-207.379],"tool":false,"touchDistance":0.331768,"touchZone":"hovering","type":3,"width":15.288},{"bases":[[[0.838385,0.334237,-0.430576],[0.0671559,0.720578,0.690114],[0.540926,-0.607497,0.581676]],[[0.729504,0.436408,-0.526661],[0.244619,0.552604,0.796737],[0.638737,-0.710055,0.296373]],[[0.729504,0.436408,-0.526661],[0.244619,0.552604,0.796737],[0.638737,-0.710055,0.296373]],[[0.729504,0.436408,-0.526661],[0.20683,0.593199,0.778033],[0.651955,-0.676508,0.342479]]],"btipPosition":[-197.225,355.318,43.3863],"carpPosition":[-131.405,282.534,91.1073],"dipPosition":[-187.845,345.586,48.3132],"direction":[-0.638737,0.710055,-0.296373],"extended":true,"handId":674,"id":6744,"length":42.1571,"mcpPosition":[-158.569,313.04,61.8976],"pipPosition":[-177.419,333.995,53.1513],"stabilizedTipPosition":[-186.373,352.788,55.6155],"timeVisible":2.04618,"tipPosition":[-194.424,348.422,37.8158],"tipVelocity":[-81.7658,-100.092,-166.981],"tool":false,"touchDistance":0.332073,"touchZone":"hovering","type":4,"width":13.58}],"r":[[0.70738,0.340817,0.619239],[-0.0761806,0.907733,-0.412575],[-0.702716,0.244673,0.668076]],"s":1.33646,"t":[-226.055,65.6027,-203.141],"timestamp":494145153917},{"currentFrameRate":115.221,"devices":[],"gestures":[],"hands":[{"armBasis":[[0.434358,0.780348,-0.449877],[-0.377493,0.61118,0.695671],[0.817822,-0.132345,0.560047]],"armWidth":54.2837,"confidence":1,"direction":[-0.754937,0.490374,-0.435434],"elbow":[72.49,230.957,236.361],"grabAngle":0.390445,"grabStrength":0,"id":674,"palmNormal":[0.171731,-0.492982,-0.852923],"palmPosition":[-172.568,284.182,74.2671],"palmVelocity":[22.649,-91.4045,-146.334],"palmWidth":78.7994,"pinchDistance":36.4933,"pinchStrength":0.55217,"r":[[0.703131,0.343038,0.622841],[-0.0797872,0.908464,-0.410276],[-0.706569,0.238783,0.66614]],"s":1.33242,"sphereCenter":[-193.471,293.5,47.3488],"sphereRadius":47.1389,"stabilizedPalmPosition":[-144.906,278.527,113.964],"t":[-226.073,64.969,-204.465],"timeVisible":2.05495,"type":"right","wrist":[-118.738,261.903,105.408]}],"id":1391358,"interactionBox":{"center":[0,200,0],"size":[235.247,235.247,147.751]},"pointables":[{"bases":[[[-0.0462315,0.82582,0.562036],[-0.291539,-0.549297,0.78312],[0.955441,-0.127651,0.266154]],[[-0.390553,0.815692,0.426749],[-0.421536,-0.57057,0.70481],[0.818398,0.095376,0.566681]],[[-0.390553,0.815692,0.426749],[-0.608852,-0.576571,0.544853],[0.690483,-0.0470327,0.721817]],[[-0.390553,0.815692,0.426749],[-0.827891,-0.513931,0.22466],[0.402573,-0.26556,0.876021]]],"btipPosition":[-208.401,246.433,34.1932],"carpPosition":[-145.51,244.031,96.3426],"dipPosition":[-200.538,241.246,51.3045],"direction":[-0.690484,0.0470327,-0.721817],"extended":false,"handId":674,"id":6740,"length":43.4972,"mcpPosition":[-145.51,244.031,96.3426],"pipPosition":[-180.889,239.907,71.8451],"stabilizedTipPosition":[-172.206,242.449,109.981],"timeVisible":2.05495,"tipPosition":[-209.199,244.343,40.9109],"tipVelocity":[79.1945,-82.588,-174.379],"tool":false,"touchDistance":0.331985,"touchZone":"hovering","type":0,"width":17.1257},{"bases":[[[0.497172,0.790813,-0.35698],[-0.295993,0.541337,0.786983],[0.815603,-0.285602,0.503213]],[[0.527663,0.779445,-0.337693],[-0.550012,0.616455,0.563445],[0.647347,-0.111574,0.753985]],[[0.527663,0.779445,-0.337693],[-0.847129,0.512241,-0.141356],[0.0628011,0.360658,0.930582]],[[0.527663,0.779445,-0.337693],[-0.781329,0.289357,-0.55299],[-0.333312,0.555642,0.761686]]],"btipPosition":[-222.683,268.941,16.0082],"carpPosition":[-150.993,261.943,104.739],"dipPosition":[-227.436,276.864,26.8698],"direction":[-0.0628011,-0.360658,-0.930582],"extended":false,"handId":674,"id":6741,"length":49.0817,"mcpPosition":[-202.957,280.139,72.6781],"pipPosition":[-226.169,284.14,45.6424],"stabilizedTipPosition":[-211.865,278.551,57.8594],"timeVisible":2.05495,"tipPosition":[-227.328,272.723,19.4381],"tipVelocity":[-78.445,-37.971,-242.317],"tool":false,"touchDistance":0.333333,"touchZone":"hovering","type":1,"width":16.3585},{"bases":[[[0.645918,0.641007,-0.414608],[-0.1897,0.660839,0.726158],[0.739462,-0.390387,0.548447]],[[0.566785,0.67762,-0.468601],[-0.234611,0.677984,0.696631],[0.789755,-0.284901,0.543248]],[[0.566785,0.67762,-0.468601],[-0.381679,0.72003,0.579549],[0.730121,-0.149625,0.666735]],[[0.566785,0.67762,-0.468601],[-0.381679,0.72003,0.579549],[0.730121,-0.149625,0.666735]]],"btipPosition":[-251.83,312.175,20.6041],"carpPosition":[-146.601,271.228,101.877],"dipPosition":[-240.379,309.828,31.0613],"direction":[-0.730121,0.149625,-0.666735],"extended":true,"handId":674,"id":6742,"length":55.9246,"mcpPosition":[-191.279,294.816,68.7395],"pipPosition":[-223.05,306.277,46.8852],"stabilizedTipPosition":[-229.637,323.811,59.0732],"timeVisible":2.05495,"tipPosition":[-250.272,317.869,27.9065],"tipVelocity":[21.0401,-82.9793,-153.862],"tool":false,"touchDistance":0.332123,"touchZone":"hovering","type":2,"width":16.0662},{"bases":[[[0.760146,0.524919,-0.382934],[-0.119399,0.692166,0.711794],[0.638688,-0.495345,0.588821]],[[0.68149,0.578498,-0.44823],[0.0632596,0.563622,0.823607],[0.729088,-0.589635,0.347508]],[[0.68149,0.578498,-0.44823],[0.00947646,0.605454,0.795824],[0.731766,-0.546594,0.407129]],[[0.68149,0.578498,-0.44823],[-0.0472815,0.646006,0.761866],[0.730298,-0.498012,0.467599]]],"btipPosition":[-230.578,348.07,36.0585],"carpPosition":[-140.436,278.807,97.6641],"dipPosition":[-219.19,340.304,43.3502],"direction":[-0.731766,0.546594,-0.407129],"extended":true,"handId":674,"id":6743,"length":53.773,"mcpPosition":[-175.083,305.679,65.7219],"pipPosition":[-202.271,327.666,52.7632],"stabilizedTipPosition":[-216.403,348.816,56.1541],"timeVisible":2.05495,"tipPosition":[-228.035,342.984,35.6511],"tipVelocity":[-4.57913,-135.146,-181.306],"tool":false,"touchDistance":0.33193,"touchZone":"hovering","type":3,"width":15.288},{"bases":[[[0.838167,0.34243,-0.424521],[0.0571841,0.718883,0.692775],[0.542408,-0.604937,0.582963]],[[0.729374,0.443746,-0.520675],[0.234084,0.553269,0.799436],[0.64282,-0.70497,0.299667]],[[0.729374,0.443746,-0.520675],[0.234084,0.553269,0.799436],[0.64282,-0.70497,0.299667]],[[0.729374,0.443746,-0.520675],[0.195706,0.593943,0.78034],[0.655524,-0.671059,0.346363]]],"btipPosition":[-197.413,354.364,42.0694],"carpPosition":[-131.281,282.019,90.0619],"dipPosition":[-187.983,344.71,47.0522],"direction":[-0.64282,0.70497,-0.299667],"extended":true,"handId":674,"id":6744,"length":42.1571,"mcpPosition":[-158.519,312.397,60.7876],"pipPosition":[-177.489,333.202,51.944],"stabilizedTipPosition":[-186.58,352.773,55.3269],"timeVisible":2.05495,"tipPosition":[-194.523,347.597,36.6551],"tipVelocity":[-20.1489,-106.81,-148.674],"tool":false,"touchDistance":0.332184,"touchZone":"hovering","type":4,"width":13.58}],"r":[[0.703131,0.343038,0.622841],[-0.0797872,0.908464,-0.410276],[-0.706569,0.238783,0.66614]],"s":1.33242,"t":[-226.073,64.969,-204.465],"timestamp":494145162688},{"currentFrameRate":115.247,"devices":[],"gestures":[],"hands":[{"armBasis":[[0.431505,0.781508,-0.450609],[-0.383032,0.610965,0.692826],[0.816756,-0.12636,0.562977]],"armWidth":54.2837,"confidence":1,"direction":[-0.754055,0.490636,-0.436667],"elbow":[72.1702,232.263,236.11],"grabAngle":0.401861,"grabStrength":0,"id":674,"palmNormal":[0.174629,-0.491139,-0.853397],"palmPosition":[-172.579,284.049,73.2035],"palmVelocity":[-1.2923,-15.3736,-123.202],"palmWidth":78.7994,"pinchDistance":36.3755,"pinchStrength":0.555485,"r":[[0.699292,0.344652,0.626264],[-0.0825888,0.90918,-0.408131],[-0.71005,0.23368,0.664246]],"s":1.32798,"sphereCenter":[-192.742,292.595,44.9189],"sphereRadius":47.3689,"stabilizedPalmPosition":[-144.988,278.544,113.843],"t":[-226.088,64.5858,-205.659],"timeVisible":2.06358,"type":"right","wrist":[-118.809,261.809,104.471]}],"id":1391359,"interactionBox":{"center":[0,200,0],"size":[235.247,235.247,147.751]},"pointables":[{"bases":[[[-0.0485472,0.824658,0.563545],[-0.293388,-0.551094,0.781165],[0.95476,-0.127414,0.268699]],[[-0.391103,0.814805,0.427937],[-0.423276,-0.572126,0.702502],[0.817237,0.0936153,0.568648]],[[-0.391103,0.814805,0.427937],[-0.607508,-0.577841,0.545008],[0.691355,-0.046821,0.720996]],[[-0.391103,0.814805,0.427937],[-0.82741,-0.514904,0.2242],[0.403026,-0.266394,0.875559]]],"btipPosition":[-208.428,246.364,33.0761],"carpPosition":[-145.553,243.876,95.2781],"dipPosition":[-200.556,241.161,50.1784],"direction":[-0.691355,0.046821,-0.720996],"extended":false,"handId":674,"id":6740,"length":43.4972,"mcpPosition":[-145.553,243.876,95.2781],"pipPosition":[-180.882,239.829,70.6956],"stabilizedTipPosition":[-172.229,242.45,109.934],"timeVisible":2.06358,"tipPosition":[-209.049,244.259,39.6266],"tipVelocity":[-2.88326,-8.3777,-129.64],"tool":false,"touchDistance":0.332333,"touchZone":"hovering","type":0,"width":17.1257},{"bases":[[[0.497576,0.791924,-0.353943],[-0.298736,0.539527,0.78719],[0.814356,-0.285951,0.505032]],[[0.525514,0.781532,-0.336218],[-0.559445,0.615163,0.555514],[0.640981,-0.103835,0.760501]],[[0.525514,0.781532,-0.336218],[-0.849029,0.507118,-0.14826],[0.0546321,0.363371,0.930041]],[[0.525514,0.781532,-0.336218],[-0.789115,0.30003,-0.535985],[-0.318014,0.546982,0.774389]]],"btipPosition":[-222.511,268.578,14.4435],"carpPosition":[-151.075,261.766,103.694],"dipPosition":[-227.046,276.378,25.4862],"direction":[-0.0546321,-0.363371,-0.930041],"extended":false,"handId":674,"id":6741,"length":49.0817,"mcpPosition":[-202.96,279.985,71.5173],"pipPosition":[-225.944,283.708,44.248],"stabilizedTipPosition":[-211.891,278.532,57.7665],"timeVisible":2.06358,"tipPosition":[-227.066,272.592,18.1572],"tipVelocity":[25.7148,-45.3046,-176.416],"tool":false,"touchDistance":0.333333,"touchZone":"hovering","type":1,"width":16.3585},{"bases":[[[0.646611,0.642353,-0.411433],[-0.192363,0.659234,0.726916],[0.738167,-0.390887,0.549833]],[[0.566989,0.679259,-0.465973],[-0.237332,0.676412,0.697238],[0.788795,-0.284736,0.544727]],[[0.566989,0.679259,-0.465973],[-0.383854,0.718391,0.580147],[0.728821,-0.150071,0.668056]],[[0.566989,0.679259,-0.465973],[-0.383854,0.718391,0.580147],[0.728821,-0.150071,0.668056]]],"btipPosition":[-251.744,312.049,19.3953],"carpPosition":[-146.682,271.062,100.864],"dipPosition":[-240.313,309.695,29.8732],"direction":[-0.728821,0.150071,-0.668056],"extended":true,"handId":674,"id":6742,"length":55.9246,"mcpPosition":[-191.283,294.679,67.6422],"pipPosition":[-223.015,306.134,45.7285],"stabilizedTipPosition":[-229.775,323.724,58.8092],"timeVisible":2.06358,"tipPosition":[-250.17,317.742,26.6637],"tipVelocity":[9.46137,-14.7584,-139.466],"tool":false,"touchDistance":0.332269,"touchZone":"hovering","type":2,"width":16.0662},{"bases":[[[0.76084,0.526293,-0.379655],[-0.122045,0.690646,0.71282],[0.63736,-0.496007,0.589703]],[[0.682737,0.579698,-0.444771],[0.0576738,0.564066,0.823713],[0.728385,-0.588031,0.351675]],[[0.682737,0.579698,-0.444771],[0.00452488,0.605355,0.795943],[0.730651,-0.545432,0.410675]],[[0.682737,0.579698,-0.444771],[-0.0523678,0.645978,0.761557],[0.728786,-0.496651,0.47139]]],"btipPosition":[-230.506,347.844,34.7339],"carpPosition":[-140.511,278.654,96.6838],"dipPosition":[-219.141,340.1,42.0848],"direction":[-0.730651,0.545432,-0.410675],"extended":true,"handId":674,"id":6743,"length":53.773,"mcpPosition":[-175.086,305.561,64.6939],"pipPosition":[-202.248,327.489,51.5798],"stabilizedTipPosition":[-216.529,348.786,55.938],"timeVisible":2.06358,"tipPosition":[-227.979,342.934,34.572],"tipVelocity":[7.72159,-25.5699,-151.853],"tool":false,"touchDistance":0.332171,"touchZone":"hovering","type":3,"width":15.288},{"bases":[[[0.83913,0.343951,-0.421377],[0.0545713,0.717544,0.694372],[0.541186,-0.605664,0.583343]],[[0.730784,0.445178,-0.517467],[0.229926,0.55324,0.800662],[0.64272,-0.70409,0.301941]],[[0.730784,0.445178,-0.517467],[0.188934,0.596543,0.780026],[0.655941,-0.667798,0.351835]],[[0.730784,0.445178,-0.517467],[0.149409,0.635373,0.757613],[0.666057,-0.630966,0.397807]]],"btipPosition":[-197.77,353.059,39.4446],"carpPosition":[-131.337,281.888,89.115],"dipPosition":[-188.188,343.982,45.1675],"direction":[-0.655941,0.667798,-0.351835],"extended":true,"handId":674,"id":6744,"length":42.1571,"mcpPosition":[-158.513,312.302,59.8216],"pipPosition":[-177.481,333.081,50.9109],"stabilizedTipPosition":[-186.756,352.738,55.0415],"timeVisible":2.06358,"tipPosition":[-194.594,347.898,36.2101],"tipVelocity":[-37.3532,-135.697,-284.329],"tool":false,"touchDistance":0.33123,"touchZone":"hovering","type":4,"width":13.58}],"r":[[0.699292,0.344652,0.626264],[-0.0825888,0.90918,-0.408131],[-0.71005,0.23368,0.664246]],"s":1.32798,"t":[-226.088,64.5858,-205.659],"timestamp":494145171321},{"currentFrameRate":115.273,"devices":[],"gestures":[],"hands":[{"armBasis":[[0.427031,0.785458,-0.447996],[-0.390812,0.607097,0.691881],[0.815421,-0.120373,0.566215]],"armWidth":54.2837,"confidence":1,"direction":[-0.754943,0.489677,-0.436208],"elbow":[72.1155,233.179,235.714],"grabAngle":0.396699,"grabStrength":0,"id":674,"palmNormal":[0.179217,-0.485789,-0.855506],"palmPosition":[-172.335,283.449,71.9946],"palmVelocity":[28.3218,-69.5094,-140.083],"palmWidth":78.7994,"pinchDistance":36.3403,"pinchStrength":0.556473,"r":[[0.695542,0.345859,0.629764],[-0.0854015,0.9101,-0.405494],[-0.713392,0.228255,0.662549]],"s":1.32493,"sphereCenter":[-191.888,291.984,42.9504],"sphereRadius":47.5538,"stabilizedPalmPosition":[-145.063,278.557,113.729],"t":[-225.973,64.0942,-206.861],"timeVisible":2.07221,"type":"right","wrist":[-118.551,261.325,103.318]}],"id":1391360,"interactionBox":{"center":[0,200,0],"size":[235.247,235.247,147.751]},"pointables":[{"bases":[[[-0.0537676,0.821404,0.567806],[-0.293206,-0.55655,0.777356],[0.954536,-0.124688,0.270765]],[[-0.393919,0.811193,0.432196],[-0.423849,-0.577552,0.697701],[0.815585,0.091652,0.571332]],[[-0.393919,0.811193,0.432196],[-0.604648,-0.582847,0.542854],[0.692263,-0.0474856,0.720081]],[[-0.393919,0.811193,0.432196],[-0.824362,-0.519768,0.224204],[0.406515,-0.267968,0.873464]]],"btipPosition":[-208.094,245.9,31.6807],"carpPosition":[-145.196,243.276,93.9317],"dipPosition":[-200.153,240.665,48.742],"direction":[-0.692263,0.0474856,-0.720081],"extended":false,"handId":674,"id":6740,"length":43.4972,"mcpPosition":[-145.196,243.276,93.9317],"pipPosition":[-180.454,239.314,69.2332],"stabilizedTipPosition":[-172.249,242.452,109.888],"timeVisible":2.07221,"tipPosition":[-208.501,243.695,38.0648],"tipVelocity":[40.5377,-54.6882,-162.784],"tool":false,"touchDistance":0.332113,"touchZone":"hovering","type":0,"width":17.1257},{"bases":[[[0.495115,0.795973,-0.348265],[-0.303345,0.533989,0.789201],[0.814152,-0.2851,0.50584]],[[0.521799,0.786097,-0.331325],[-0.56817,0.609962,0.552384],[0.636324,-0.0999845,0.764915]],[[0.521799,0.786097,-0.331325],[-0.851737,0.501772,-0.150892],[0.0476341,0.360938,0.931373]],[[0.521799,0.786097,-0.331325],[-0.796887,0.310551,-0.518198],[-0.30446,0.534424,0.788476]]],"btipPosition":[-222.129,267.945,12.7393],"carpPosition":[-150.821,261.097,102.428],"dipPosition":[-226.471,275.566,23.9829],"direction":[-0.0476341,-0.360938,-0.931373],"extended":false,"handId":674,"id":6741,"length":49.0817,"mcpPosition":[-202.693,279.262,70.1991],"pipPosition":[-225.51,282.847,42.7715],"stabilizedTipPosition":[-211.915,278.514,57.6777],"timeVisible":2.07221,"tipPosition":[-226.55,272.007,16.7053],"tipVelocity":[49.4527,-78.1377,-192.123],"tool":false,"touchDistance":0.333333,"touchZone":"hovering","type":1,"width":16.3585},{"bases":[[[0.644967,0.647364,-0.406124],[-0.197325,0.654481,0.729875],[0.738296,-0.390607,0.54986]],[[0.56481,0.684428,-0.46103],[-0.245583,0.67277,0.697904],[0.787832,-0.280962,0.548071]],[[0.56481,0.684428,-0.46103],[-0.386017,0.71291,0.585448],[0.72937,-0.152701,0.66686]],[[0.56481,0.684428,-0.46103],[-0.386017,0.71291,0.585448],[0.72937,-0.152701,0.66686]]],"btipPosition":[-251.512,311.349,18.1021],"carpPosition":[-146.461,270.427,99.6592],"dipPosition":[-240.073,308.954,28.5612],"direction":[-0.72937,0.152701,-0.66686],"extended":true,"handId":674,"id":6742,"length":55.9246,"mcpPosition":[-191.069,294.027,66.4364],"pipPosition":[-222.762,305.33,44.3881],"stabilizedTipPosition":[-229.898,323.64,58.5622],"timeVisible":2.07221,"tipPosition":[-249.934,317.025,25.3908],"tipVelocity":[27.0151,-82.2145,-150.351],"tool":false,"touchDistance":0.332199,"touchZone":"hovering","type":2,"width":16.0662},{"bases":[[[0.759611,0.531635,-0.374639],[-0.127104,0.686275,0.71615],[0.637836,-0.496378,0.588875]],[[0.68278,0.584255,-0.4387],[0.0504887,0.56128,0.826085],[0.728877,-0.586184,0.353732]],[[0.68278,0.584255,-0.4387],[-0.00230183,0.602163,0.79837],[0.73062,-0.544102,0.41249]],[[0.68278,0.584255,-0.4387],[-0.0602604,0.643432,0.763127],[0.728134,-0.494612,0.47453]]],"btipPosition":[-230.339,347.147,33.4654],"carpPosition":[-140.311,278.068,95.5381],"dipPosition":[-218.984,339.434,40.8652],"direction":[-0.73062,0.544102,-0.41249],"extended":true,"handId":674,"id":6743,"length":53.773,"mcpPosition":[-174.912,304.995,63.593],"pipPosition":[-202.092,326.854,50.4022],"stabilizedTipPosition":[-216.635,348.753,55.7402],"timeVisible":2.07221,"tipPosition":[-227.879,342.347,33.5453],"tipVelocity":[19.094,-79.9308,-145.686],"tool":false,"touchDistance":0.332227,"touchZone":"hovering","type":3,"width":15.288},{"bases":[[[0.838818,0.349862,-0.41711],[0.0494442,0.714041,0.698356],[0.542162,-0.606417,0.581652]],[[0.73146,0.450221,-0.512121],[0.22406,0.550641,0.804109],[0.644021,-0.70292,0.301895]],[[0.73146,0.450221,-0.512121],[0.183359,0.593509,0.783662],[0.656769,-0.667119,0.351576]],[[0.73146,0.450221,-0.512121],[0.142814,0.633231,0.760673],[0.666761,-0.62954,0.398885]]],"btipPosition":[-197.674,352.526,38.4177],"carpPosition":[-131.129,281.383,88.0131],"dipPosition":[-188.082,343.469,44.1561],"direction":[-0.656769,0.667119,-0.351576],"extended":true,"handId":674,"id":6744,"length":42.1571,"mcpPosition":[-158.354,311.835,58.8046],"pipPosition":[-177.36,332.579,49.8953],"stabilizedTipPosition":[-186.895,352.701,54.7968],"timeVisible":2.07221,"tipPosition":[-194.531,347.423,35.3153],"tipVelocity":[11.4824,-61.2776,-118.575],"tool":false,"touchDistance":0.332375,"touchZone":"hovering","type":4,"width":13.58}],"r":[[0.695542,0.345859,0.629764],[-0.0854015,0.9101,-0.405494],[-0.713392,0.228255,0.662549]],"s":1.32493,"t":[-225.973,64.0942,-206.861],"timestamp":494145179951},{"currentFrameRate":115.284,"devices":[],"gestures":[],"hands":[{"armBasis":[[0.423005,0.788249,-0.446912],[-0.396962,0.604569,0.690592],[0.814547,-0.114717,0.568641]],"armWidth":54.2837,"confidence":1,"direction":[-0.755975,0.48715,-0.437248],"elbow":[72.3,234.135,235.318],"grabAngle":0.397244,"grabStrength":0,"id":674,"palmNormal":[0.183772,-0.483158,-0.85603],"palmPosition":[-171.967,282.876,70.923],"palmVelocity":[42.5099,-66.2463,-123.801],"palmWidth":78.7994,"pinchDistance":35.7963,"pinchStrength":0.57178,"r":[[0.691866,0.347168,0.633084],[-0.0882711,0.910909,-0.403054],[-0.716609,0.222976,0.660872]],"s":1.32319,"sphereCenter":[-191.196,291.148,41.3672],"sphereRadius":47.6781,"stabilizedPalmPosition":[-145.136,278.569,113.612],"t":[-225.731,63.5617,-207.997],"timeVisible":2.08087,"type":"right","wrist":[-118.162,260.959,102.355]}],"id":1391361,"interactionBox":{"center":[0,200,0],"size":[235.247,235.247,147.751]},"pointables":[{"bases":[[[-0.05907,0.819949,0.569381],[-0.292787,-0.559523,0.775377],[0.954352,-0.120906,0.273121]],[[-0.397267,0.808793,0.433626],[-0.425017,-0.580935,0.694172],[0.81335,0.0914729,0.574538]],[[-0.397267,0.808793,0.433626],[-0.600886,-0.586387,0.543219],[0.693625,-0.0447569,0.718945]],[[-0.397267,0.808793,0.433626],[-0.821678,-0.523913,0.224413],[0.408686,-0.267149,0.872701]]],"btipPosition":[-207.587,245.318,30.5076],"carpPosition":[-144.705,242.781,92.8501],"dipPosition":[-199.605,240.1,47.5541],"direction":[-0.693625,0.0447569,-0.718945],"extended":false,"handId":674,"id":6740,"length":43.4972,"mcpPosition":[-144.705,242.781,92.8501],"pipPosition":[-179.866,238.826,68.0129],"stabilizedTipPosition":[-172.275,242.453,109.83],"timeVisible":2.08087,"tipPosition":[-207.836,243.041,36.7849],"tipVelocity":[59.6396,-66.7461,-135.913],"tool":false,"touchDistance":0.332292,"touchZone":"hovering","type":0,"width":17.1257},{"bases":[[[0.492426,0.798957,-0.345231],[-0.307937,0.530931,0.789485],[0.814059,-0.282454,0.507472]],[[0.513797,0.791202,-0.33168],[-0.580986,0.605359,0.544055],[0.631243,-0.0868329,0.770709]],[[0.513797,0.791202,-0.33168],[-0.857238,0.488795,-0.161937],[0.0339984,0.367531,0.929389]],[[0.513797,0.791202,-0.33168],[-0.801069,0.304064,-0.51559],[-0.307084,0.530607,0.790035]]],"btipPosition":[-221.242,266.687,11.3856],"carpPosition":[-150.434,260.558,101.368],"dipPosition":[-225.621,274.253,22.6514],"direction":[-0.0339984,-0.367531,-0.929389],"extended":false,"handId":674,"id":6741,"length":49.0817,"mcpPosition":[-202.3,278.554,69.0354],"pipPosition":[-224.935,281.667,41.4],"stabilizedTipPosition":[-211.951,278.478,57.5246],"timeVisible":2.08087,"tipPosition":[-225.82,271.182,15.3985],"tipVelocity":[101.489,-146.8,-155.797],"tool":false,"touchDistance":0.333333,"touchZone":"hovering","type":1,"width":16.3585},{"bases":[[[0.643113,0.651155,-0.402992],[-0.202306,0.652031,0.730704],[0.738565,-0.388398,0.551062]],[[0.563185,0.687871,-0.457883],[-0.247868,0.669227,0.700497],[0.788279,-0.281015,0.5474]],[[0.563185,0.687871,-0.457883],[-0.388727,0.709518,0.587772],[0.729187,-0.153033,0.666984]],[[0.563185,0.687871,-0.457883],[-0.388727,0.709518,0.587772],[0.729187,-0.153033,0.666984]]],"btipPosition":[-251.188,310.717,17.0235],"carpPosition":[-146.109,269.913,98.6311],"dipPosition":[-239.751,308.317,27.4845],"direction":[-0.729187,0.153033,-0.666984],"extended":true,"handId":674,"id":6742,"length":55.9246,"mcpPosition":[-190.734,293.38,65.3356],"pipPosition":[-222.445,304.685,43.3144],"stabilizedTipPosition":[-230.015,323.556,58.3182],"timeVisible":2.08087,"tipPosition":[-249.575,316.101,24.1023],"tipVelocity":[37.3942,-73.1549,-124.563],"tool":false,"touchDistance":0.332378,"touchZone":"hovering","type":2,"width":16.0662},{"bases":[[[0.758198,0.535884,-0.371435],[-0.132194,0.684173,0.717239],[0.638483,-0.494708,0.589579]],[[0.681406,0.588226,-0.435518],[0.0425168,0.562229,0.825888],[0.73067,-0.581282,0.358096]],[[0.681406,0.588226,-0.435518],[-0.00979183,0.60232,0.798195],[0.73184,-0.53963,0.416184]],[[0.681406,0.588226,-0.435518],[-0.0687474,0.643855,0.762053],[0.72867,-0.489326,0.479166]]],"btipPosition":[-230.149,346.211,32.1116],"carpPosition":[-139.983,277.591,94.5429],"dipPosition":[-218.787,338.58,39.5837],"direction":[-0.73184,0.53963,-0.416184],"extended":true,"handId":674,"id":6743,"length":53.773,"mcpPosition":[-174.619,304.428,62.5596],"pipPosition":[-201.866,326.104,49.2061],"stabilizedTipPosition":[-216.736,348.714,55.5377],"timeVisible":2.08087,"tipPosition":[-227.671,341.656,32.472],"tipVelocity":[22.079,-105.977,-154.48],"tool":false,"touchDistance":0.332164,"touchZone":"hovering","type":3,"width":15.288},{"bases":[[[0.83835,0.354565,-0.41407],[0.0442736,0.712782,0.699987],[0.543332,-0.605166,0.581862]],[[0.731934,0.453738,-0.508325],[0.217168,0.551776,0.805221],[0.645841,-0.699761,0.305327]],[[0.731934,0.453738,-0.508325],[0.177005,0.5938,0.784902],[0.657983,-0.664473,0.354309]],[[0.731934,0.453738,-0.508325],[0.135815,0.633906,0.761392],[0.667702,-0.626327,0.402353]]],"btipPosition":[-197.486,351.861,37.2484],"carpPosition":[-130.796,280.964,87.0501],"dipPosition":[-187.881,342.851,43.0367],"direction":[-0.657983,0.664473,-0.354309],"extended":true,"handId":674,"id":6744,"length":42.1571,"mcpPosition":[-158.08,311.353,57.8311],"pipPosition":[-177.14,332.004,48.8205],"stabilizedTipPosition":[-187.011,352.661,54.5736],"timeVisible":2.08087,"tipPosition":[-194.365,346.859,34.3662],"tipVelocity":[21.9846,-75.5754,-133.761],"tool":false,"touchDistance":0.332321,"touchZone":"hovering","type":4,"width":13.58}],"r":[[0.691866,0.347168,0.633084],[-0.0882711,0.910909,-0.403054],[-0.716609,0.222976,0.660872]],"s":1.32319,"t":[-225.731,63.5617,-207.997],"timestamp":494145188607},{"currentFrameRate":115.214,"devices":[],"gestures":[],"hands":[{"armBasis":[[0.418632,0.791517,-0.445252],[-0.403622,0.601358,0.689534],[0.813533,-0.108947,0.571221]],"armWidth":54.2837,"confidence":1,"direction":[-0.758466,0.482615,-0.437963],"elbow":[72.6039,235.336,234.99],"grabAngle":0.411945,"grabStrength":0,"id":674,"palmNormal":[0.188716,-0.480586,-0.856402],"palmPosition":[-171.51,282.396,69.9095],"palmVelocity":[51.8829,-54.4776,-115.182],"palmWidth":78.7994,"pinchDistance":34.5603,"pinchStrength":0.606556,"r":[[0.688192,0.34895,0.636103],[-0.0916724,0.911538,-0.400867],[-0.719714,0.21756,0.659302]],"s":1.32282,"sphereCenter":[-189.931,290.063,39.0726],"sphereRadius":48.0125,"stabilizedPalmPosition":[-145.209,278.579,113.492],"t":[-225.382,63.0558,-209.072],"timeVisible":2.08967,"type":"right","wrist":[-117.621,260.811,101.424]}],"id":1391362,"interactionBox":{"center":[0,200,0],"size":[235.247,235.247,147.751]},"pointables":[{"bases":[[[-0.065782,0.818659,0.5705],[-0.290418,-0.562695,0.773972],[0.954636,-0.11477,0.274768]],[[-0.403179,0.805488,0.434323],[-0.424046,-0.58502,0.69133],[0.810945,0.0945564,0.577431]],[[-0.403179,0.805488,0.434323],[-0.592894,-0.591446,0.546505],[0.697082,-0.0371684,0.716027]],[[-0.403179,0.805488,0.434323],[-0.815708,-0.531457,0.228415],[0.414809,-0.262189,0.871315]]],"btipPosition":[-207.012,244.547,29.471],"carpPosition":[-144.016,242.456,91.8285],"dipPosition":[-198.91,239.426,46.4904],"direction":[-0.697082,0.0371684,-0.716027],"extended":false,"handId":674,"id":6740,"length":43.4972,"mcpPosition":[-144.016,242.456,91.8285],"pipPosition":[-179.073,238.368,66.8662],"stabilizedTipPosition":[-172.317,242.454,109.734],"timeVisible":2.08967,"tipPosition":[-207.011,242.384,35.6085],"tipVelocity":[68.4956,-85.0617,-118.516],"tool":false,"touchDistance":0.332412,"touchZone":"hovering","type":0,"width":17.1257},{"bases":[[[0.487588,0.80284,-0.343084],[-0.313079,0.527607,0.789692],[0.815009,-0.277632,0.508607]],[[0.503001,0.797414,-0.333349],[-0.599399,0.599717,0.530151],[0.622665,-0.0668577,0.779627]],[[0.503001,0.797414,-0.333349],[-0.864279,0.465592,-0.190381],[0.00339186,0.383868,0.923382]],[[0.503001,0.797414,-0.333349],[-0.794128,0.274191,-0.542384],[-0.341103,0.537541,0.771167]]],"btipPosition":[-219.341,264.858,10.3779],"carpPosition":[-149.883,260.181,100.362],"dipPosition":[-224.205,272.523,21.3747],"direction":[-0.00339186,-0.383868,-0.923382],"extended":false,"handId":674,"id":6741,"length":49.0817,"mcpPosition":[-201.81,277.869,67.9573],"pipPosition":[-224.137,280.267,40.0021],"stabilizedTipPosition":[-212.028,278.371,57.1218],"timeVisible":2.08967,"tipPosition":[-224.737,270.063,14.1378],"tipVelocity":[203.33,-205.299,-121.554],"tool":false,"touchDistance":0.333333,"touchZone":"hovering","type":1,"width":16.3585},{"bases":[[[0.639396,0.656163,-0.400778],[-0.208169,0.649518,0.731295],[0.740161,-0.384158,0.551892]],[[0.558249,0.692832,-0.456445],[-0.256403,0.667287,0.699275],[0.78906,-0.273336,0.550157]],[[0.558249,0.692832,-0.456445],[-0.402863,0.7073,0.580885],[0.725299,-0.140394,0.673966]],[[0.558249,0.692832,-0.456445],[-0.402863,0.7073,0.580885],[0.725299,-0.140394,0.673966]]],"btipPosition":[-250.671,309.31,15.6037],"carpPosition":[-145.617,269.569,97.6476],"dipPosition":[-239.295,307.108,26.1742],"direction":[-0.725299,0.140394,-0.673966],"extended":true,"handId":674,"id":6742,"length":55.9246,"mcpPosition":[-190.338,292.78,64.3019],"pipPosition":[-222.081,303.776,42.1698],"stabilizedTipPosition":[-230.163,323.434,57.9859],"timeVisible":2.08967,"tipPosition":[-249.214,314.943,22.8211],"tipVelocity":[57.2089,-154.72,-158.495],"tool":false,"touchDistance":0.332123,"touchZone":"hovering","type":2,"width":16.0662},{"bases":[[[0.755209,0.541636,-0.369174],[-0.138255,0.682161,0.718013],[0.640738,-0.49121,0.590058]],[[0.678657,0.593266,-0.432966],[0.0325484,0.564633,0.8247],[0.733734,-0.57378,0.363882]],[[0.678657,0.593266,-0.432966],[-0.0194612,0.603825,0.796879],[0.734198,-0.532381,0.421336]],[[0.678657,0.593266,-0.432966],[-0.0797173,0.645524,0.759568],[0.730117,-0.480971,0.485383]]],"btipPosition":[-230.016,345.148,30.6936],"carpPosition":[-139.536,277.295,93.5827],"dipPosition":[-218.631,337.648,38.2627],"direction":[-0.734198,0.532381,-0.421336],"extended":true,"handId":674,"id":6743,"length":53.773,"mcpPosition":[-174.295,303.942,61.5735],"pipPosition":[-201.656,325.339,48.0042],"stabilizedTipPosition":[-216.837,348.664,55.3194],"timeVisible":2.08967,"tipPosition":[-227.539,340.924,31.4682],"tipVelocity":[15.7376,-117.404,-158.614],"tool":false,"touchDistance":0.332112,"touchZone":"hovering","type":3,"width":15.288},{"bases":[[[0.836684,0.360936,-0.411928],[0.0380454,0.712005,0.701143],[0.546362,-0.602307,0.581992]],[[0.731786,0.457948,-0.504751],[0.208926,0.554216,0.805726],[0.648722,-0.695074,0.30989]],[[0.731786,0.457948,-0.504751],[0.169045,0.595503,0.785366],[0.660237,-0.660045,0.358367]],[[0.731786,0.457948,-0.504751],[0.126492,0.636481,0.76085],[0.669694,-0.620626,0.407841]]],"btipPosition":[-197.351,351.204,36.0246],"carpPosition":[-130.358,280.742,86.1127],"dipPosition":[-187.717,342.275,41.8918],"direction":[-0.660237,0.660045,-0.358367],"extended":true,"handId":674,"id":6744,"length":42.1571,"mcpPosition":[-157.795,310.988,56.8871],"pipPosition":[-176.939,331.5,47.7418],"stabilizedTipPosition":[-187.106,352.62,54.3711],"timeVisible":2.08967,"tipPosition":[-194.292,346.329,33.4751],"tipVelocity":[16.1162,-72.5809,-137.024],"tool":false,"touchDistance":0.332278,"touchZone":"hovering","type":4,"width":13.58}],"r":[[0.688192,0.34895,0.636103],[-0.0916724,0.91153