{"frames":219,"data":[{"currentFrameRate":111.832,"devices":[],"gestures":[],"hands":[],"id":211599,"interactionBox":{"center":[0,200,0],"size":[235.247,235.247,147.751]},"pointables":[],"r":[[-0.929202,0.133245,0.344717],[-0.168075,0.678349,-0.715258],[-0.329142,-0.722557,-0.607928]],"s":1.89513,"t":[63.9719,-551.223,318.175],"timestamp":472045702028},{"currentFrameRate":111.98,"devices":[],"gestures":[],"hands":[],"id":211600,"interactionBox":{"center":[0,200,0],"size":[235.247,235.247,147.751]},"pointables":[],"r":[[-0.929202,0.133245,0.344717],[-0.168075,0.678349,-0.715258],[-0.329142,-0.722557,-0.607928]],"s":1.89513,"t":[63.9719,-551.223,318.175],"timestamp":472045710699},{"currentFrameRate":112.141,"devices":[],"gestures":[],"hands":[],"id":211601,"interactionBox":{"center":[0,200,0],"size":[235.247,235.247,147.751]},"pointables":[],"r":[[-0.929202,0.133245,0.344717],[-0.168075,0.678349,-0.715258],[-0.329142,-0.722557,-0.607928]],"s":1.89513,"t":[63.9719,-551.223,318.175],"timestamp":472045719335},{"currentFrameRate":112.265,"devices":[],"gestures":[],"hands":[],"id":211602,"interactionBox":{"center":[0,200,0],"size":[235.247,235.247,147.751]},"pointables":[],"r":[[-0.929202,0.133245,0.344717],[-0.168075,0.678349,-0.715258],[-0.329142,-0.722557,-0.607928]],"s":1.89513,"t":[63.9719,-551.223,318.175],"timestamp":472045728026},{"currentFrameRate":112.444,"devices":[],"gestures":[],"hands":[],"id":211603,"interactionBox":{"center":[0,200,0],"size":[235.247,235.247,147.751]},"pointables":[],"r":[[-0.929202,0.133245,0.344717],[-0.168075,0.678349,-0.715258],[-0.329142,-0.722557,-0.607928]],"s":1.89513,"t":[63.9719,-551.223,318.175],"timestamp":472045736609},{"currentFrameRate":112.548,"devices":[],"gestures":[],"hands":[],"id":211604,"interactionBox":{"center":[0,200,0],"size":[235.247,235.247,147.751]},"pointables":[],"r":[[-0.929202,0.133245,0.344717],[-0.168075,0.678349,-0.715258],[-0.329142,-0.722557,-0.607928]],"s":1.89513,"t":[63.9719,-551.223,318.175],"timestamp":472045745312},{"currentFrameRate":112.65,"devices":[],"gestures":[],"hands":[],"id":211605,"interactionBox":{"center":[0,200,0],"size":[235.247,235.247,147.751]},"pointables":[],"r":[[-0.929202,0.133245,0.344717],[-0.168075,0.678349,-0.715258],[-0.329142,-0.722557,-0.607928]],"s":1.89513,"t":[63.9719,-551.223,318.175],"timestamp":472045754013},{"currentFrameRate":112.775,"devices":[],"gestures":[],"hands":[],"id":211606,"interactionBox":{"center":[0,200,0],"size":[235.247,235.247,147.751]},"pointables":[],"r":[[-0.929202,0.133245,0.344717],[-0.168075,0.678349,-0.715258],[-0.329142,-0.722557,-0.607928]],"s":1.89513,"t":[63.9719,-551.223,318.175],"timestamp":472045762663},{"currentFrameRate":112.878,"devices":[],"gestures":[],"hands":[],"id":211607,"interactionBox":{"center":[0,200,0],"size":[235.247,235.247,147.751]},"pointables":[],"r":[[-0.929202,0.133245,0.344717],[-0.168075,0.678349,-0.715258],[-0.329142,-0.722557,-0.607928]],"s":1.89513,"t":[63.9719,-551.223,318.175],"timestamp":472045771344},{"currentFrameRate":112.958,"devices":[],"gestures":[],"hands":[],"id":211608,"interactionBox":{"center":[0,200,0],"size":[235.247,235.247,147.751]},"pointables":[],"r":[[-0.929202,0.133245,0.344717],[-0.168075,0.678349,-0.715258],[-0.329142,-0.722557,-0.607928]],"s":1.89513,"t":[63.9719,-551.223,318.175],"timestamp":472045780058},{"currentFrameRate":113.089,"devices":[],"gestures":[],"hands":[],"id":211609,"interactionBox":{"center":[0,200,0],"size":[235.247,235.247,147.751]},"pointables":[],"r":[[-0.929202,0.133245,0.344717],[-0.168075,0.678349,-0.715258],[-0.329142,-0.722557,-0.607928]],"s":1.89513,"t":[63.9719,-551.223,318.175],"timestamp":472045788673},{"currentFrameRate":113.162,"devices":[],"gestures":[],"hands":[],"id":211610,"interactionBox":{"center":[0,200,0],"size":[235.247,235.247,147.751]},"pointables":[],"r":[[-0.929202,0.133245,0.344717],[-0.168075,0.678349,-0.715258],[-0.329142,-0.722557,-0.607928]],"s":1.89513,"t":[63.9719,-551.223,318.175],"timestamp":472045797384},{"currentFrameRate":113.273,"devices":[],"gestures":[],"hands":[],"id":211611,"interactionBox":{"center":[0,200,0],"size":[235.247,235.247,147.751]},"pointables":[],"r":[[-0.929202,0.133245,0.344717],[-0.168075,0.678349,-0.715258],[-0.329142,-0.722557,-0.607928]],"s":1.89513,"t":[63.9719,-551.223,318.175],"timestamp":472045806020},{"currentFrameRate":113.339,"devices":[],"gestures":[],"hands":[],"id":211612,"interactionBox":{"center":[0,200,0],"size":[235.247,235.247,147.751]},"pointables":[],"r":[[-0.929202,0.133245,0.344717],[-0.168075,0.678349,-0.715258],[-0.329142,-0.722557,-0.607928]],"s":1.89513,"t":[63.9719,-551.223,318.175],"timestamp":472045814730},{"currentFrameRate":113.447,"devices":[],"gestures":[],"hands":[],"id":211613,"interactionBox":{"center":[0,200,0],"size":[235.247,235.247,147.751]},"pointables":[],"r":[[-0.929202,0.133245,0.344717],[-0.168075,0.678349,-0.715258],[-0.329142,-0.722557,-0.607928]],"s":1.89513,"t":[63.9719,-551.223,318.175],"timestamp":472045823358},{"currentFrameRate":113.491,"devices":[],"gestures":[],"hands":[],"id":211614,"interactionBox":{"center":[0,200,0],"size":[235.247,235.247,147.751]},"pointables":[],"r":[[-0.929202,0.133245,0.344717],[-0.168075,0.678349,-0.715258],[-0.329142,-0.722557,-0.607928]],"s":1.89513,"t":[63.9719,-551.223,318.175],"timestamp":472045832093},{"currentFrameRate":113.6,"devices":[],"gestures":[],"hands":[],"id":211615,"interactionBox":{"center":[0,200,0],"size":[235.247,235.247,147.751]},"pointables":[],"r":[[-0.929202,0.133245,0.344717],[-0.168075,0.678349,-0.715258],[-0.329142,-0.722557,-0.607928]],"s":1.89513,"t":[63.9719,-551.223,318.175],"timestamp":472045840709},{"currentFrameRate":113.654,"devices":[],"gestures":[],"hands":[],"id":211616,"interactionBox":{"center":[0,200,0],"size":[235.247,235.247,147.751]},"pointables":[],"r":[[-0.929202,0.133245,0.344717],[-0.168075,0.678349,-0.715258],[-0.329142,-0.722557,-0.607928]],"s":1.89513,"t":[63.9719,-551.223,318.175],"timestamp":472045849415},{"currentFrameRate":113.741,"devices":[],"gestures":[],"hands":[],"id":211617,"interactionBox":{"center":[0,200,0],"size":[235.247,235.247,147.751]},"pointables":[],"r":[[-0.929202,0.133245,0.344717],[-0.168075,0.678349,-0.715258],[-0.329142,-0.722557,-0.607928]],"s":1.89513,"t":[63.9719,-551.223,318.175],"timestamp":472045858057},{"currentFrameRate":113.782,"devices":[],"gestures":[],"hands":[],"id":211618,"interactionBox":{"center":[0,200,0],"size":[235.247,235.247,147.751]},"pointables":[],"r":[[-0.929202,0.133245,0.344717],[-0.168075,0.678349,-0.715258],[-0.329142,-0.722557,-0.607928]],"s":1.89513,"t":[63.9719,-551.223,318.175],"timestamp":472045866774},{"currentFrameRate":113.832,"devices":[],"gestures":[],"hands":[],"id":211619,"interactionBox":{"center":[0,200,0],"size":[235.247,235.247,147.751]},"pointables":[],"r":[[-0.929202,0.133245,0.344717],[-0.168075,0.678349,-0.715258],[-0.329142,-0.722557,-0.607928]],"s":1.89513,"t":[63.9719,-551.223,318.175],"timestamp":472045875474},{"currentFrameRate":113.939,"devices":[],"gestures":[],"hands":[],"id":211620,"interactionBox":{"center":[0,200,0],"size":[235.247,235.247,147.751]},"pointables":[],"r":[[-0.929202,0.133245,0.344717],[-0.168075,0.678349,-0.715258],[-0.329142,-0.722557,-0.607928]],"s":1.89513,"t":[63.9719,-551.223,318.175],"timestamp":472045884066},{"currentFrameRate":113.927,"devices":[],"gestures":[],"hands":[],"id":211621,"interactionBox":{"center":[0,200,0],"size":[235.247,235.247,147.751]},"pointables":[],"r":[[-0.929202,0.133245,0.344717],[-0.168075,0.678349,-0.715258],[-0.329142,-0.722557,-0.607928]],"s":1.89513,"t":[63.9719,-551.223,318.175],"timestamp":472045892864},{"currentFrameRate":114.048,"devices":[],"gestures":[],"hands":[],"id":211622,"interactionBox":{"center":[0,200,0],"size":[235.247,235.247,147.751]},"pointables":[],"r":[[-0.929202,0.133245,0.344717],[-0.168075,0.678349,-0.715258],[-0.329142,-0.722557,-0.607928]],"s":1.89513,"t":[63.9719,-551.223,318.175],"timestamp":472045901425},{"currentFrameRate":114.081,"devices":[],"gestures":[],"hands":[],"id":211623,"interactionBox":{"center":[0,200,0],"size":[235.247,235.247,147.751]},"pointables":[],"r":[[-0.929202,0.133245,0.344717],[-0.168075,0.678349,-0.715258],[-0.329142,-0.722557,-0.607928]],"s":1.89513,"t":[63.9719,-551.223,318.175],"timestamp":472045910135},{"currentFrameRate":114.141,"devices":[],"gestures":[],"hands":[],"id":211624,"interactionBox":{"center":[0,200,0],"size":[235.247,235.247,147.751]},"pointables":[],"r":[[-0.929202,0.133245,0.344717],[-0.168075,0.678349,-0.715258],[-0.329142,-0.722557,-0.607928]],"s":1.89513,"t":[63.9719,-551.223,318.175],"timestamp":472045918792},{"currentFrameRate":114.214,"devices":[],"gestures":[],"hands":[],"id":211625,"interactionBox":{"center":[0,200,0],"size":[235.247,235.247,147.751]},"pointables":[],"r":[[-0.929202,0.133245,0.344717],[-0.168075,0.678349,-0.715258],[-0.329142,-0.722557,-0.607928]],"s":1.89513,"t":[63.9719,-551.223,318.175],"timestamp":472045927422},{"currentFrameRate":114.247,"devices":[],"gestures":[],"hands":[],"id":211626,"interactionBox":{"center":[0,200,0],"size":[235.247,235.247,147.751]},"pointables":[],"r":[[-0.929202,0.133245,0.344717],[-0.168075,0.678349,-0.715258],[-0.329142,-0.722557,-0.607928]],"s":1.89513,"t":[63.9719,-551.223,318.175],"timestamp":472045936120},{"currentFrameRate":114.286,"devices":[],"gestures":[],"hands":[],"id":211627,"interactionBox":{"center":[0,200,0],"size":[235.247,235.247,147.751]},"pointables":[],"r":[[-0.929202,0.133245,0.344717],[-0.168075,0.678349,-0.715258],[-0.329142,-0.722557,-0.607928]],"s":1.89513,"t":[63.9719,-551.223,318.175],"timestamp":472045944803},{"currentFrameRate":114.361,"devices":[],"gestures":[],"hands":[],"id":211628,"interactionBox":{"center":[0,200,0],"size":[235.247,235.247,147.751]},"pointables":[],"r":[[-0.929202,0.133245,0.344717],[-0.168075,0.678349,-0.715258],[-0.329142,-0.722557,-0.607928]],"s":1.89513,"t":[63.9719,-551.223,318.175],"timestamp":472045953419},{"currentFrameRate":114.363,"devices":[],"gestures":[],"hands":[],"id":211629,"interactionBox":{"center":[0,200,0],"size":[235.247,235.247,147.751]},"pointables":[],"r":[[-0.929202,0.133245,0.344717],[-0.168075,0.678349,-0.715258],[-0.329142,-0.722557,-0.607928]],"s":1.89513,"t":[63.9719,-551.223,318.175],"timestamp":472045962159},{"currentFrameRate":114.416,"devices":[],"gestures":[],"hands":[],"id":211630,"interactionBox":{"center":[0,200,0],"size":[235.247,235.247,147.751]},"pointables":[],"r":[[-0.929202,0.133245,0.344717],[-0.168075,0.678349,-0.715258],[-0.329142,-0.722557,-0.607928]],"s":1.89513,"t":[63.9719,-551.223,318.175],"timestamp":472045970809},{"currentFrameRate":114.447,"devices":[],"gestures":[],"hands":[],"id":211631,"interactionBox":{"center":[0,200,0],"size":[235.247,235.247,147.751]},"pointables":[],"r":[[-0.929202,0.133245,0.344717],[-0.168075,0.678349,-0.715258],[-0.329142,-0.722557,-0.607928]],"s":1.89513,"t":[63.9719,-551.223,318.175],"timestamp":472045979493},{"currentFrameRate":114.503,"devices":[],"gestures":[],"hands":[],"id":211632,"interactionBox":{"center":[0,200,0],"size":[235.247,235.247,147.751]},"pointables":[],"r":[[-0.929202,0.133245,0.344717],[-0.168075,0.678349,-0.715258],[-0.329142,-0.722557,-0.607928]],"s":1.89513,"t":[63.9719,-551.223,318.175],"timestamp":472045988130},{"currentFrameRate":114.522,"devices":[],"gestures":[],"hands":[],"id":211633,"interactionBox":{"center":[0,200,0],"size":[235.247,235.247,147.751]},"pointables":[],"r":[[-0.929202,0.133245,0.344717],[-0.168075,0.678349,-0.715258],[-0.329142,-0.722557,-0.607928]],"s":1.89513,"t":[63.9719,-551.223,318.175],"timestamp":472045996831},{"currentFrameRate":114.572,"devices":[],"gestures":[],"hands":[],"id":211634,"interactionBox":{"center":[0,200,0],"size":[235.247,235.247,147.751]},"pointables":[],"r":[[-0.929202,0.133245,0.344717],[-0.168075,0.678349,-0.715258],[-0.329142,-0.722557,-0.607928]],"s":1.89513,"t":[63.9719,-551.223,318.175],"timestamp":472046005473},{"currentFrameRate":114.591,"devices":[],"gestures":[],"hands":[],"id":211635,"interactionBox":{"center":[0,200,0],"size":[235.247,235.247,147.751]},"pointables":[],"r":[[-0.929202,0.133245,0.344717],[-0.168075,0.678349,-0.715258],[-0.329142,-0.722557,-0.607928]],"s":1.89513,"t":[63.9719,-551.223,318.175],"timestamp":472046014168},{"currentFrameRate":114.639,"devices":[],"gestures":[],"hands":[],"id":211636,"interactionBox":{"center":[0,200,0],"size":[235.247,235.247,147.751]},"pointables":[],"r":[[-0.929202,0.133245,0.344717],[-0.168075,0.678349,-0.715258],[-0.329142,-0.722557,-0.607928]],"s":1.89513,"t":[63.9719,-551.223,318.175],"timestamp":472046022808},{"currentFrameRate":114.64,"devices":[],"gestures":[],"hands":[],"id":211637,"interactionBox":{"center":[0,200,0],"size":[235.247,235.247,147.751]},"pointables":[],"r":[[-0.929202,0.133245,0.344717],[-0.168075,0.678349,-0.715258],[-0.329142,-0.722557,-0.607928]],"s":1.89513,"t":[63.9719,-551.223,318.175],"timestamp":472046031529},{"currentFrameRate":114.682,"devices":[],"gestures":[],"hands":[],"id":211638,"interactionBox":{"center":[0,200,0],"size":[235.247,235.247,147.751]},"pointables":[],"r":[[-0.929202,0.133245,0.344717],[-0.168075,0.678349,-0.715258],[-0.329142,-0.722557,-0.607928]],"s":1.89513,"t":[63.9719,-551.223,318.175],"timestamp":472046040177},{"currentFrameRate":114.7,"devices":[],"gestures":[],"hands":[],"id":211639,"interactionBox":{"center":[0,200,0],"size":[235.247,235.247,147.751]},"pointables":[],"r":[[-0.929202,0.133245,0.344717],[-0.168075,0.678349,-0.715258],[-0.329142,-0.722557,-0.607928]],"s":1.89513,"t":[63.9719,-551.223,318.175],"timestamp":472046048866},{"currentFrameRate":114.762,"devices":[],"gestures":[],"hands":[],"id":211640,"interactionBox":{"center":[0,200,0],"size":[235.247,235.247,147.751]},"pointables":[],"r":[[-0.929202,0.133245,0.344717],[-0.168075,0.678349,-0.715258],[-0.329142,-0.722557,-0.607928]],"s":1.89513,"t":[63.9719,-551.223,318.175],"timestamp":472046057473},{"currentFrameRate":114.75,"devices":[],"gestures":[],"hands":[],"id":211641,"interactionBox":{"center":[0,200,0],"size":[235.247,235.247,147.751]},"pointables":[],"r":[[-0.929202,0.133245,0.344717],[-0.168075,0.678349,-0.715258],[-0.329142,-0.722557,-0.607928]],"s":1.89513,"t":[63.9719,-551.223,318.175],"timestamp":472046066208},{"currentFrameRate":114.781,"devices":[],"gestures":[],"hands":[],"id":211642,"interactionBox":{"center":[0,200,0],"size":[235.247,235.247,147.751]},"pointables":[],"r":[[-0.929202,0.133245,0.344717],[-0.168075,0.678349,-0.715258],[-0.329142,-0.722557,-0.607928]],"s":1.89513,"t":[63.9719,-551.223,318.175],"timestamp":472046074868},{"currentFrameRate":114.803,"devices":[],"gestures":[],"hands":[],"id":211643,"interactionBox":{"center":[0,200,0],"size":[235.247,235.247,147.751]},"pointables":[],"r":[[-0.929202,0.133245,0.344717],[-0.168075,0.678349,-0.715258],[-0.329142,-0.722557,-0.607928]],"s":1.89513,"t":[63.9719,-551.223,318.175],"timestamp":472046083541},{"currentFrameRate":114.833,"devices":[],"gestures":[],"hands":[],"id":211644,"interactionBox":{"center":[0,200,0],"size":[235.247,235.247,147.751]},"pointables":[],"r":[[-0.929202,0.133245,0.344717],[-0.168075,0.678349,-0.715258],[-0.329142,-0.722557,-0.607928]],"s":1.89513,"t":[63.9719,-551.223,318.175],"timestamp":472046092198},{"currentFrameRate":114.837,"devices":[],"gestures":[],"hands":[],"id":211645,"interactionBox":{"center":[0,200,0],"size":[235.247,235.247,147.751]},"pointables":[],"r":[[-0.929202,0.133245,0.344717],[-0.168075,0.678349,-0.715258],[-0.329142,-0.722557,-0.607928]],"s":1.89513,"t":[63.9719,-551.223,318.175],"timestamp":472046100900},{"currentFrameRate":114.871,"devices":[],"gestures":[],"hands":[],"id":211646,"interactionBox":{"center":[0,200,0],"size":[235.247,235.247,147.751]},"pointables":[],"r":[[-0.929202,0.133245,0.344717],[-0.168075,0.678349,-0.715258],[-0.329142,-0.722557,-0.607928]],"s":1.89513,"t":[63.9719,-551.223,318.175],"timestamp":472046109547},{"currentFrameRate":114.871,"devices":[],"gestures":[],"hands":[],"id":211647,"interactionBox":{"center":[0,200,0],"size":[235.247,235.247,147.751]},"pointables":[],"r":[[-0.929202,0.133245,0.344717],[-0.168075,0.678349,-0.715258],[-0.329142,-0.722557,-0.607928]],"s":1.89513,"t":[63.9719,-551.223,318.175],"timestamp":472046118253},{"currentFrameRate":114.843,"devices":[],"gestures":[],"hands":[],"id":211648,"interactionBox":{"center":[0,200,0],"size":[235.247,235.247,147.751]},"pointables":[],"r":[[-0.929202,0.133245,0.344717],[-0.168075,0.678349,-0.715258],[-0.329142,-0.722557,-0.607928]],"s":1.89513,"t":[63.9719,-551.223,318.175],"timestamp":472046127008},{"currentFrameRate":114.889,"devices":[],"gestures":[],"hands":[],"id":211649,"interactionBox":{"center":[0,200,0],"size":[235.247,235.247,147.751]},"pointables":[],"r":[[-0.929202,0.133245,0.344717],[-0.168075,0.678349,-0.715258],[-0.329142,-0.722557,-0.607928]],"s":1.89513,"t":[63.9719,-551.223,318.175],"timestamp":472046135633},{"currentFrameRate":114.894,"devices":[],"gestures":[],"hands":[],"id":211650,"interactionBox":{"center":[0,200,0],"size":[235.247,235.247,147.751]},"pointables":[],"r":[[-0.929202,0.133245,0.344717],[-0.168075,0.678349,-0.715258],[-0.329142,-0.722557,-0.607928]],"s":1.89513,"t":[63.9719,-551.223,318.175],"timestamp":472046144328},{"currentFrameRate":114.928,"devices":[],"gestures":[],"hands":[],"id":211651,"interactionBox":{"center":[0,200,0],"size":[235.247,235.247,147.751]},"pointables":[],"r":[[-0.929202,0.133245,0.344717],[-0.168075,0.678349,-0.715258],[-0.329142,-0.722557,-0.607928]],"s":1.89513,"t":[63.9719,-551.223,318.175],"timestamp":472046152972},{"currentFrameRate":114.932,"devices":[],"gestures":[],"hands":[],"id":211652,"interactionBox":{"center":[0,200,0],"size":[235.247,235.247,147.751]},"pointables":[],"r":[[-0.929202,0.133245,0.344717],[-0.168075,0.678349,-0.715258],[-0.329142,-0.722557,-0.607928]],"s":1.89513,"t":[63.9719,-551.223,318.175],"timestamp":472046161666},{"currentFrameRate":114.944,"devices":[],"gestures":[],"hands":[],"id":211653,"interactionBox":{"center":[0,200,0],"size":[235.247,235.247,147.751]},"pointables":[],"r":[[-0.929202,0.133245,0.344717],[-0.168075,0.678349,-0.715258],[-0.329142,-0.722557,-0.607928]],"s":1.89513,"t":[63.9719,-551.223,318.175],"timestamp":472046170345},{"currentFrameRate":114.946,"devices":[],"gestures":[],"hands":[],"id":211654,"interactionBox":{"center":[0,200,0],"size":[235.247,235.247,147.751]},"pointables":[],"r":[[-0.929202,0.133245,0.344717],[-0.168075,0.678349,-0.715258],[-0.329142,-0.722557,-0.607928]],"s":1.89513,"t":[63.9719,-551.223,318.175],"timestamp":472046179041},{"currentFrameRate":114.976,"devices":[],"gestures":[],"hands":[],"id":211655,"interactionBox":{"center":[0,200,0],"size":[235.247,235.247,147.751]},"pointables":[],"r":[[-0.929202,0.133245,0.344717],[-0.168075,0.678349,-0.715258],[-0.329142,-0.722557,-0.607928]],"s":1.89513,"t":[63.9719,-551.223,318.175],"timestamp":472046187688},{"currentFrameRate":114.982,"devices":[],"gestures":[],"hands":[],"id":211656,"interactionBox":{"center":[0,200,0],"size":[235.247,235.247,147.751]},"pointables":[],"r":[[-0.929202,0.133245,0.344717],[-0.168075,0.678349,-0.715258],[-0.329142,-0.722557,-0.607928]],"s":1.89513,"t":[63.9719,-551.223,318.175],"timestamp":472046196375},{"currentFrameRate":115.013,"devices":[],"gestures":[],"hands":[],"id":211657,"interactionBox":{"center":[0,200,0],"size":[235.247,235.247,147.751]},"pointables":[],"r":[[-0.929202,0.133245,0.344717],[-0.168075,0.678349,-0.715258],[-0.329142,-0.722557,-0.607928]],"s":1.89513,"t":[63.9719,-551.223,318.175],"timestamp":472046205016},{"currentFrameRate":115.002,"devices":[],"gestures":[],"hands":[],"id":211658,"interactionBox":{"center":[0,200,0],"size":[235.247,235.247,147.751]},"pointables":[],"r":[[-0.929202,0.133245,0.344717],[-0.168075,0.678349,-0.715258],[-0.329142,-0.722557,-0.607928]],"s":1.89513,"t":[63.9719,-551.223,318.175],"timestamp":472046213731},{"currentFrameRate":115.04,"devices":[],"gestures":[],"hands":[],"id":211659,"interactionBox":{"center":[0,200,0],"size":[235.247,235.247,147.751]},"pointables":[],"r":[[-0.929202,0.133245,0.344717],[-0.168075,0.678349,-0.715258],[-0.329142,-0.722557,-0.607928]],"s":1.89513,"t":[63.9719,-551.223,318.175],"timestamp":472046222359},{"currentFrameRate":115.027,"devices":[],"gestures":[],"hands":[],"id":211660,"interactionBox":{"center":[0,200,0],"size":[235.247,235.247,147.751]},"pointables":[],"r":[[-0.929202,0.133245,0.344717],[-0.168075,0.678349,-0.715258],[-0.329142,-0.722557,-0.607928]],"s":1.89513,"t":[63.9719,-551.223,318.175],"timestamp":472046231074},{"currentFrameRate":115.057,"devices":[],"gestures":[],"hands":[],"id":211661,"interactionBox":{"center":[0,200,0],"size":[235.247,235.247,147.751]},"pointables":[],"r":[[-0.929202,0.133245,0.344717],[-0.168075,0.678349,-0.715258],[-0.329142,-0.722557,-0.607928]],"s":1.89513,"t":[63.9719,-551.223,318.175],"timestamp":472046239714},{"currentFrameRate":115.058,"devices":[],"gestures":[],"hands":[],"id":211662,"interactionBox":{"center":[0,200,0],"size":[235.247,235.247,147.751]},"pointables":[],"r":[[-0.929202,0.133245,0.344717],[-0.168075,0.678349,-0.715258],[-0.329142,-0.722557,-0.607928]],"s":1.89513,"t":[63.9719,-551.223,318.175],"timestamp":472046248405},{"currentFrameRate":114.986,"devices":[],"gestures":[],"hands":[],"id":211663,"interactionBox":{"center":[0,200,0],"size":[235.247,235.247,147.751]},"pointables":[],"r":[[-0.929202,0.133245,0.344717],[-0.168075,0.678349,-0.715258],[-0.329142,-0.722557,-0.607928]],"s":1.89513,"t":[63.9719,-551.223,318.175],"timestamp":472046257223},{"currentFrameRate":114.891,"devices":[],"gestures":[],"hands":[],"id":211664,"interactionBox":{"center":[0,200,0],"size":[235.247,235.247,147.751]},"pointables":[],"r":[[-0.929202,0.133245,0.344717],[-0.168075,0.678349,-0.715258],[-0.329142,-0.722557,-0.607928]],"s":1.89513,"t":[63.9719,-551.223,318.175],"timestamp":472046266089},{"currentFrameRate":114.985,"devices":[],"gestures":[],"hands":[],"id":211665,"interactionBox":{"center":[0,200,0],"size":[235.247,235.247,147.751]},"pointables":[],"r":[[-0.929202,0.133245,0.344717],[-0.168075,0.678349,-0.715258],[-0.329142,-0.722557,-0.607928]],"s":1.89513,"t":[63.9719,-551.223,318.175],"timestamp":472046274626},{"currentFrameRate":114.94,"devices":[],"gestures":[],"hands":[],"id":211666,"interactionBox":{"center":[0,200,0],"size":[235.247,235.247,147.751]},"pointables":[],"r":[[-0.929202,0.133245,0.344717],[-0.168075,0.678349,-0.715258],[-0.329142,-0.722557,-0.607928]],"s":1.89513,"t":[63.9719,-551.223,318.175],"timestamp":472046283402},{"currentFrameRate":115.121,"devices":[],"gestures":[],"hands":[],"id":211667,"interactionBox":{"center":[0,200,0],"size":[235.247,235.247,147.751]},"pointables":[],"r":[[-0.929202,0.133245,0.344717],[-0.168075,0.678349,-0.715258],[-0.329142,-0.722557,-0.607928]],"s":1.89513,"t":[63.9719,-551.223,318.175],"timestamp":472046291781},{"currentFrameRate":114.975,"devices":[],"gestures":[],"hands":[],"id":211668,"interactionBox":{"center":[0,200,0],"size":[235.247,235.247,147.751]},"pointables":[],"r":[[-0.929202,0.133245,0.344717],[-0.168075,0.678349,-0.715258],[-0.329142,-0.722557,-0.607928]],"s":1.89513,"t":[63.9719,-551.223,318.175],"timestamp":472046300727},{"currentFrameRate":115.175,"devices":[],"gestures":[],"hands":[],"id":211669,"interactionBox":{"center":[0,200,0],"size":[235.247,235.247,147.751]},"pointables":[],"r":[[-0.929202,0.133245,0.344717],[-0.168075,0.678349,-0.715258],[-0.329142,-0.722557,-0.607928]],"s":1.89513,"t":[63.9719,-551.223,318.175],"timestamp":472046309070},{"currentFrameRate":115.16,"devices":[],"gestures":[],"hands":[],"id":211670,"interactionBox":{"center":[0,200,0],"size":[235.247,235.247,147.751]},"pointables":[],"r":[[-0.929202,0.133245,0.344717],[-0.168075,0.678349,-0.715258],[-0.329142,-0.722557,-0.607928]],"s":1.89513,"t":[63.9719,-551.223,318.175],"timestamp":472046317778},{"currentFrameRate":115.169,"devices":[],"gestures":[],"hands":[],"id":211671,"interactionBox":{"center":[0,200,0],"size":[235.247,235.247,147.751]},"pointables":[],"r":[[-0.929202,0.133245,0.344717],[-0.168075,0.678349,-0.715258],[-0.329142,-0.722557,-0.607928]],"s":1.89513,"t":[63.9719,-551.223,318.175],"timestamp":472046326446},{"currentFrameRate":115.181,"devices":[],"gestures":[],"hands":[],"id":211672,"interactionBox":{"center":[0,200,0],"size":[235.247,235.247,147.751]},"pointables":[],"r":[[-0.929202,0.133245,0.344717],[-0.168075,0.678349,-0.715258],[-0.329142,-0.722557,-0.607928]],"s":1.89513,"t":[63.9719,-551.223,318.175],"timestamp":472046335107},{"currentFrameRate":115.19,"devices":[],"gestures":[],"hands":[],"id":211673,"interactionBox":{"center":[0,200,0],"size":[235.247,235.247,147.751]},"pointables":[],"r":[[-0.929202,0.133245,0.344717],[-0.168075,0.678349,-0.715258],[-0.329142,-0.722557,-0.607928]],"s":1.89513,"t":[63.9719,-551.223,318.175],"timestamp":472046343773},{"currentFrameRate":115.173,"devices":[],"gestures":[],"hands":[],"id":211674,"interactionBox":{"center":[0,200,0],"size":[235.247,235.247,147.751]},"pointables":[],"r":[[-0.929202,0.133245,0.344717],[-0.168075,0.678349,-0.715258],[-0.329142,-0.722557,-0.607928]],"s":1.89513,"t":[63.9719,-551.223,318.175],"timestamp":472046352485},{"currentFrameRate":115.206,"devices":[],"gestures":[],"hands":[],"id":211675,"interactionBox":{"center":[0,200,0],"size":[235.247,235.247,147.751]},"pointables":[],"r":[[-0.929202,0.133245,0.344717],[-0.168075,0.678349,-0.715258],[-0.329142,-0.722557,-0.607928]],"s":1.89513,"t":[63.9719,-551.223,318.175],"timestamp":472046361109},{"currentFrameRate":115.226,"devices":[],"gestures":[],"hands":[],"id":211676,"interactionBox":{"center":[0,200,0],"size":[235.247,235.247,147.751]},"pointables":[],"r":[[-0.929202,0.133245,0.344717],[-0.168075,0.678349,-0.715258],[-0.329142,-0.722557,-0.607928]],"s":1.89513,"t":[63.9719,-551.223,318.175],"timestamp":472046369754},{"currentFrameRate":115.194,"devices":[],"gestures":[],"hands":[],"id":211677,"interactionBox":{"center":[0,200,0],"size":[235.247,235.247,147.751]},"pointables":[],"r":[[-0.929202,0.133245,0.344717],[-0.168075,0.678349,-0.715258],[-0.329142,-0.722557,-0.607928]],"s":1.89513,"t":[63.9719,-551.223,318.175],"timestamp":472046378490},{"currentFrameRate":115.222,"devices":[],"gestures":[],"hands":[],"id":211678,"interactionBox":{"center":[0,200,0],"size":[235.247,235.247,147.751]},"pointables":[],"r":[[-0.929202,0.133245,0.344717],[-0.168075,0.678349,-0.715258],[-0.329142,-0.722557,-0.607928]],"s":1.89513,"t":[63.9719,-551.223,318.175],"timestamp":472046387121},{"currentFrameRate":115.197,"devices":[],"gestures":[],"hands":[],"id":211679,"interactionBox":{"center":[0,200,0],"size":[235.247,235.247,147.751]},"pointables":[],"r":[[-0.929202,0.133245,0.344717],[-0.168075,0.678349,-0.715258],[-0.329142,-0.722557,-0.607928]],"s":1.89513,"t":[63.9719,-551.223,318.175],"timestamp":472046395843},{"currentFrameRate":115.22,"devices":[],"gestures":[],"hands":[],"id":211680,"interactionBox":{"center":[0,200,0],"size":[235.247,235.247,147.751]},"pointables":[],"r":[[-0.929202,0.133245,0.344717],[-0.168075,0.678349,-0.715258],[-0.329142,-0.722557,-0.607928]],"s":1.89513,"t":[63.9719,-551.223,318.175],"timestamp":472046404483},{"currentFrameRate":115.216,"devices":[],"gestures":[],"hands":[],"id":211681,"interactionBox":{"center":[0,200,0],"size":[235.247,235.247,147.751]},"pointables":[],"r":[[-0.929202,0.133245,0.344717],[-0.168075,0.678349,-0.715258],[-0.329142,-0.722557,-0.607928]],"s":1.89513,"t":[63.9719,-551.223,318.175],"timestamp":472046413170},{"currentFrameRate":115.24,"devices":[],"gestures":[],"hands":[],"id":211682,"interactionBox":{"center":[0,200,0],"size":[235.247,235.247,147.751]},"pointables":[],"r":[[-0.929202,0.133245,0.344717],[-0.168075,0.678349,-0.715258],[-0.329142,-0.722557,-0.607928]],"s":1.89513,"t":[63.9719,-551.223,318.175],"timestamp":472046421806},{"currentFrameRate":115.227,"devices":[],"gestures":[],"hands":[],"id":211683,"interactionBox":{"center":[0,200,0],"size":[235.247,235.247,147.751]},"pointables":[],"r":[[-0.929202,0.133245,0.344717],[-0.168075,0.678349,-0.715258],[-0.329142,-0.722557,-0.607928]],"s":1.89513,"t":[63.9719,-551.223,318.175],"timestamp":472046430507},{"currentFrameRate":115.239,"devices":[],"gestures":[],"hands":[],"id":211684,"interactionBox":{"center":[0,200,0],"size":[235.247,235.247,147.751]},"pointables":[],"r":[[-0.929202,0.133245,0.344717],[-0.168075,0.678349,-0.715258],[-0.329142,-0.722557,-0.607928]],"s":1.89513,"t":[63.9719,-551.223,318.175],"timestamp":472046439165},{"currentFrameRate":115.205,"devices":[],"gestures":[],"hands":[],"id":211685,"interactionBox":{"center":[0,200,0],"size":[235.247,235.247,147.751]},"pointables":[],"r":[[-0.929202,0.133245,0.344717],[-0.168075,0.678349,-0.715258],[-0.329142,-0.722557,-0.607928]],"s":1.89513,"t":[63.9719,-551.223,318.175],"timestamp":472046447902},{"currentFrameRate":115.249,"devices":[],"gestures":[],"hands":[],"id":211686,"interactionBox":{"center":[0,200,0],"size":[235.247,235.247,147.751]},"pointables":[],"r":[[-0.929202,0.133245,0.344717],[-0.168075,0.678349,-0.715258],[-0.329142,-0.722557,-0.607928]],"s":1.89513,"t":[63.9719,-551.223,318.175],"timestamp":472046456505},{"currentFrameRate":115.237,"devices":[],"gestures":[],"hands":[],"id":211687,"interactionBox":{"center":[0,200,0],"size":[235.247,235.247,147.751]},"pointables":[],"r":[[-0.929202,0.133245,0.344717],[-0.168075,0.678349,-0.715258],[-0.329142,-0.722557,-0.607928]],"s":1.89513,"t":[63.9719,-551.223,318.175],"timestamp":472046465203},{"currentFrameRate":115.255,"devices":[],"gestures":[],"hands":[],"id":211688,"interactionBox":{"center":[0,200,0],"size":[235.247,235.247,147.751]},"pointables":[],"r":[[-0.929202,0.133245,0.344717],[-0.168075,0.678349,-0.715258],[-0.329142,-0.722557,-0.607928]],"s":1.89513,"t":[63.9719,-551.223,318.175],"timestamp":472046473848},{"currentFrameRate":115.253,"devices":[],"gestures":[],"hands":[],"id":211689,"interactionBox":{"center":[0,200,0],"size":[235.247,235.247,147.751]},"pointables":[],"r":[[-0.929202,0.133245,0.344717],[-0.168075,0.678349,-0.715258],[-0.329142,-0.722557,-0.607928]],"s":1.89513,"t":[63.9719,-551.223,318.175],"timestamp":472046482528},{"currentFrameRate":115.256,"devices":[],"gestures":[],"hands":[],"id":211690,"interactionBox":{"center":[0,200,0],"size":[235.247,235.247,147.751]},"pointables":[],"r":[[-0.929202,0.133245,0.344717],[-0.168075,0.678349,-0.715258],[-0.329142,-0.722557,-0.607928]],"s":1.89513,"t":[63.9719,-551.223,318.175],"timestamp":472046491200},{"currentFrameRate":115.24,"devices":[],"gestures":[],"hands":[],"id":211691,"interactionBox":{"center":[0,200,0],"size":[235.247,235.247,147.751]},"pointables":[],"r":[[-0.929202,0.133245,0.344717],[-0.168075,0.678349,-0.715258],[-0.329142,-0.722557,-0.607928]],"s":1.89513,"t":[63.9719,-551.223,318.175],"timestamp":472046499905},{"currentFrameRate":115.209,"devices":[],"gestures":[],"hands":[],"id":211692,"interactionBox":{"center":[0,200,0],"size":[235.247,235.247,147.751]},"pointables":[],"r":[[-0.929202,0.133245,0.344717],[-0.168075,0.678349,-0.715258],[-0.329142,-0.722557,-0.607928]],"s":1.89513,"t":[63.9719,-551.223,318.175],"timestamp":472046508637},{"currentFrameRate":115.178,"devices":[],"gestures":[],"hands":[],"id":211693,"interactionBox":{"center":[0,200,0],"size":[235.247,235.247,147.751]},"pointables":[],"r":[[-0.929202,0.133245,0.344717],[-0.168075,0.678349,-0.715258],[-0.329142,-0.722557,-0.607928]],"s":1.89513,"t":[63.9719,-551.223,318.175],"timestamp":472046517372},{"currentFrameRate":115.137,"devices":[],"gestures":[],"hands":[],"id":211694,"interactionBox":{"center":[0,200,0],"size":[235.247,235.247,147.751]},"pointables":[],"r":[[-0.929202,0.133245,0.344717],[-0.168075,0.678349,-0.715258],[-0.329142,-0.722557,-0.607928]],"s":1.89513,"t":[63.9719,-551.223,318.175],"timestamp":472046526126},{"currentFrameRate":115.211,"devices":[],"gestures":[],"hands":[],"id":211695,"interactionBox":{"center":[0,200,0],"size":[235.247,235.247,147.751]},"pointables":[],"r":[[-0.929202,0.133245,0.344717],[-0.168075,0.678349,-0.715258],[-0.329142,-0.722557,-0.607928]],"s":1.89513,"t":[63.9719,-551.223,318.175],"timestamp":472046534680},{"currentFrameRate":115.295,"devices":[],"gestures":[],"hands":[],"id":211696,"interactionBox":{"center":[0,200,0],"size":[235.247,235.247,147.751]},"pointables":[],"r":[[-0.929202,0.133245,0.344717],[-0.168075,0.678349,-0.715258],[-0.329142,-0.722557,-0.607928]],"s":1.89513,"t":[63.9719,-551.223,318.175],"timestamp":472046543211},{"currentFrameRate":115.242,"devices":[],"gestures":[],"hands":[],"id":211697,"interactionBox":{"center":[0,200,0],"size":[235.247,235.247,147.751]},"pointables":[],"r":[[-0.929202,0.133245,0.344717],[-0.168075,0.678349,-0.715258],[-0.329142,-0.722557,-0.607928]],"s":1.89513,"t":[63.9719,-551.223,318.175],"timestamp":472046551979},{"currentFrameRate":115.286,"devices":[],"gestures":[],"hands":[],"id":211698,"interactionBox":{"center":[0,200,0],"size":[235.247,235.247,147.751]},"pointables":[],"r":[[-0.929202,0.133245,0.344717],[-0.168075,0.678349,-0.715258],[-0.329142,-0.722557,-0.607928]],"s":1.89513,"t":[63.9719,-551.223,318.175],"timestamp":472046560578},{"currentFrameRate":115.343,"devices":[],"gestures":[],"hands":[],"id":211699,"interactionBox":{"center":[0,200,0],"size":[235.247,235.247,147.751]},"pointables":[],"r":[[-0.929202,0.133245,0.344717],[-0.168075,0.678349,-0.715258],[-0.329142,-0.722557,-0.607928]],"s":1.89513,"t":[63.9719,-551.223,318.175],"timestamp":472046569152},{"currentFrameRate":115.382,"devices":[],"gestures":[],"hands":[],"id":211700,"interactionBox":{"center":[0,200,0],"size":[235.247,235.247,147.751]},"pointables":[],"r":[[-0.929202,0.133245,0.344717],[-0.168075,0.678349,-0.715258],[-0.329142,-0.722557,-0.607928]],"s":1.89513,"t":[63.9719,-551.223,318.175],"timestamp":472046577752},{"currentFrameRate":106.013,"devices":[],"gestures":[],"hands":[],"id":211701,"interactionBox":{"center":[0,200,0],"size":[235.247,235.247,147.751]},"pointables":[],"r":[[-0.929202,0.133245,0.344717],[-0.168075,0.678349,-0.715258],[-0.329142,-0.722557,-0.607928]],"s":1.89513,"t":[63.9719,-551.223,318.175],"timestamp":472046603743},{"currentFrameRate":106.403,"devices":[],"gestures":[],"hands":[{"armBasis":[[-0.542188,0.231373,0.807774],[0.750205,0.566282,0.341346],[0.378449,-0.79107,0.480608]],"armWidth":59.7328,"confidence":0,"direction":[-0.441345,0.692317,-0.570886],"elbow":[-86.218,-30.7085,322.834],"grabAngle":0.63503,"grabStrength":0,"id":52,"palmNormal":[-0.697381,-0.664989,-0.267299],"palmPosition":[-211.458,214.926,154.986],"palmVelocity":[1.19209e-7,1.19209e-7,1.19209e-7],"palmWidth":85.2964,"pinchDistance":44.7687,"pinchStrength":0.36226,"r":[[1,1.11022e-17,0],[-1.11022e-17,1,1.11022e-17],[1.2326e-34,-1.11022e-17,1]],"s":1,"sphereCenter":[-280.379,160.505,122.244],"sphereRadius":93.137,"stabilizedPalmPosition":[-211.458,214.926,154.986],"t":[0,0,0],"timeVisible":0,"type":"left","wrist":[-182.005,169.515,201.189]}],"id":211702,"interactionBox":{"center":[0,200,0],"size":[235.247,235.247,147.751]},"pointables":[{"bases":[[[0.310407,0.842611,0.440062],[0.938578,-0.198261,-0.282424],[0.150726,-0.500699,0.852398]],[[0.272217,0.9284,0.252924],[0.75206,-0.0413085,-0.657799],[0.600253,-0.369278,0.709458]],[[0.272217,0.9284,0.252924],[0.56225,0.0598416,-0.824799],[0.780879,-0.366731,0.505704]],[[0.272217,0.9284,0.252924],[0.291226,0.171032,-0.941242],[0.917107,-0.32988,0.223816]]],"btipPosition":[-254.049,204.373,114.622],"carpPosition":[-180.882,168.134,168.894],"dipPosition":[-233.929,197.136,119.532],"direction":[-0.780879,0.366731,-0.505704],"extended":false,"handId":52,"id":520,"length":48.8552,"mcpPosition":[-180.882,168.134,168.894],"pipPosition":[-208.97,185.414,135.695],"stabilizedTipPosition":[-249.421,202.709,115.751],"timeVisible":0,"tipPosition":[-249.421,202.709,115.751],"tipVelocity":[1.19209e-7,1.19209e-7,1.19209e-7],"tool":false,"touchDistance":1,"touchZone":"none","type":0,"width":18.9829},{"bases":[[[-0.630775,0.392419,0.669425],[0.63919,0.751895,0.161524],[0.439953,-0.529775,0.725107]],[[-0.430471,0.175758,0.885327],[0.448202,0.893008,0.0406454],[0.78346,-0.414302,0.463189]],[[-0.430471,0.175758,0.885327],[0.0308263,0.983149,-0.180189],[0.902078,0.0502748,0.428635]],[[-0.430471,0.175758,0.885327],[-0.259075,0.915525,-0.307723],[0.864624,0.361832,0.348572]]],"btipPosition":[-272.978,235.674,89.9791],"carpPosition":[-176.795,189.386,173.936],"dipPosition":[-259.13,241.469,95.562],"direction":[-0.902078,-0.0502748,-0.428635],"extended":true,"handId":52,"id":521,"length":55.1277,"mcpPosition":[-207.137,225.923,123.928],"pipPosition":[-238.69,242.608,105.274],"stabilizedTipPosition":[-269.793,237.007,91.2632],"timeVisible":0,"tipPosition":[-269.793,237.007,91.2632],"tipVelocity":[1.19209e-7,1.19209e-7,1.19209e-7],"tool":false,"touchDistance":1,"touchZone":"none","type":1,"width":18.1324},{"bases":[[[-0.665199,0.183268,0.723825],[0.532852,0.7956,0.288253],[0.523048,-0.577437,0.626887]],[[-0.617238,0.132404,0.775556],[0.450355,0.867734,0.210282],[0.645134,-0.479069,0.595227]],[[-0.617238,0.132404,0.775556],[0.260382,0.964567,0.0425568],[0.742441,-0.228208,0.629843]],[[-0.617238,0.132404,0.775556],[0.143035,0.988196,-0.0548695],[0.773665,-0.077064,0.62889]]],"btipPosition":[-280,262.213,85.6744],"carpPosition":[-183.221,195.36,181.438],"dipPosition":[-266.371,260.855,96.753],"direction":[-0.742441,0.228208,-0.629843],"extended":true,"handId":52,"id":522,"length":62.8136,"mcpPosition":[-217.429,233.125,140.438],"pipPosition":[-246.579,254.772,113.543],"stabilizedTipPosition":[-276.865,261.9,88.2224],"timeVisible":0,"tipPosition":[-276.865,261.9,88.2224],"tipVelocity":[1.19209e-7,1.19209e-7,1.19209e-7],"tool":false,"touchDistance":1,"touchZone":"none","type":2,"width":17.8085},{"bases":[[[-0.619241,0.0357953,0.784384],[0.500367,0.787847,0.359067],[0.605122,-0.614829,0.505778]],[[-0.697756,0.121396,0.705975],[0.40235,0.881806,0.246034],[0.592665,-0.45572,0.664129]],[[-0.697756,0.121396,0.705975],[0.302758,0.943162,0.137051],[0.649211,-0.309367,0.69485]],[[-0.697756,0.121396,0.705975],[0.213646,0.975949,0.0433386],[0.683734,-0.181068,0.70691]]],"btipPosition":[-279.987,264.971,101.552],"carpPosition":[-190.797,198.575,189.494],"dipPosition":[-268.012,261.8,113.934],"direction":[-0.649211,0.309367,-0.69485],"extended":true,"handId":52,"id":523,"length":60.3969,"mcpPosition":[-226.33,234.678,159.794],"pipPosition":[-251.153,253.766,131.978],"stabilizedTipPosition":[-277.233,264.241,104.4],"timeVisible":0,"tipPosition":[-277.233,264.241,104.4],"tipVelocity":[1.19209e-7,1.19209e-7,1.19209e-7],"tool":false,"touchDistance":1,"touchZone":"none","type":3,"width":16.9459},{"bases":[[[-0.619149,-0.166276,0.767468],[0.449443,0.726389,0.519961],[0.643937,-0.666867,0.375012]],[[-0.761721,0.00755461,0.647862],[0.249019,0.92654,0.281979],[0.59814,-0.376119,0.707646]],[[-0.761721,0.00755461,0.647862],[0.249019,0.92654,0.281979],[0.59814,-0.376119,0.707646]],[[-0.761721,0.00755461,0.647862],[0.213723,0.946893,0.240242],[0.611641,-0.32146,0.722882]]],"btipPosition":[-276.684,256.325,129.025],"carpPosition":[-201.005,195.519,197.521],"dipPosition":[-266.801,251.131,140.706],"direction":[-0.59814,0.376119,-0.707646],"extended":true,"handId":52,"id":524,"length":47.3501,"mcpPosition":[-236.008,231.767,177.136],"pipPosition":[-255.834,244.235,153.68],"stabilizedTipPosition":[-274.411,255.13,131.712],"timeVisible":0,"tipPosition":[-274.411,255.13,131.712],"tipVelocity":[1.19209e-7,1.19209e-7,1.19209e-7],"tool":false,"touchDistance":1,"touchZone":"none","type":4,"width":15.0527}],"r":[[1,1.11022e-17,0],[-1.11022e-17,1,1.11022e-17],[1.2326e-34,-1.11022e-17,1]],"s":1,"t":[0,0,0],"timestamp":472046612424},{"currentFrameRate":106.807,"devices":[],"gestures":[],"hands":[{"armBasis":[[-0.285767,0.276375,0.917581],[0.901932,0.401116,0