{"frames":458,"data":[{"currentFrameRate":115.24,"devices":[],"gestures":[],"hands":[],"id":767718,"interactionBox":{"center":[0,200,0],"size":[235.247,235.247,147.751]},"pointables":[],"r":[[0.663095,-0.45852,0.591662],[-0.416108,0.431248,0.80055],[-0.622221,-0.777036,0.0951644]],"s":10.6353,"t":[1079.45,-2623.98,-2123.46],"timestamp":218371399708},{"currentFrameRate":115.221,"devices":[],"gestures":[],"hands":[],"id":767719,"interactionBox":{"center":[0,200,0],"size":[235.247,235.247,147.751]},"pointables":[],"r":[[0.663095,-0.45852,0.591662],[-0.416108,0.431248,0.80055],[-0.622221,-0.777036,0.0951644]],"s":10.6353,"t":[1079.45,-2623.98,-2123.46],"timestamp":218371408419},{"currentFrameRate":115.209,"devices":[],"gestures":[],"hands":[],"id":767720,"interactionBox":{"center":[0,200,0],"size":[235.247,235.247,147.751]},"pointables":[],"r":[[0.663095,-0.45852,0.591662],[-0.416108,0.431248,0.80055],[-0.622221,-0.777036,0.0951644]],"s":10.6353,"t":[1079.45,-2623.98,-2123.46],"timestamp":218371417119},{"currentFrameRate":115.245,"devices":[],"gestures":[],"hands":[],"id":767721,"interactionBox":{"center":[0,200,0],"size":[235.247,235.247,147.751]},"pointables":[],"r":[[0.663095,-0.45852,0.591662],[-0.416108,0.431248,0.80055],[-0.622221,-0.777036,0.0951644]],"s":10.6353,"t":[1079.45,-2623.98,-2123.46],"timestamp":218371425736},{"currentFrameRate":115.248,"devices":[],"gestures":[],"hands":[],"id":767722,"interactionBox":{"center":[0,200,0],"size":[235.247,235.247,147.751]},"pointables":[],"r":[[0.663095,-0.45852,0.591662],[-0.416108,0.431248,0.80055],[-0.622221,-0.777036,0.0951644]],"s":10.6353,"t":[1079.45,-2623.98,-2123.46],"timestamp":218371434408},{"currentFrameRate":115.253,"devices":[],"gestures":[],"hands":[],"id":767723,"interactionBox":{"center":[0,200,0],"size":[235.247,235.247,147.751]},"pointables":[],"r":[[0.663095,-0.45852,0.591662],[-0.416108,0.431248,0.80055],[-0.622221,-0.777036,0.0951644]],"s":10.6353,"t":[1079.45,-2623.98,-2123.46],"timestamp":218371443075},{"currentFrameRate":115.253,"devices":[],"gestures":[],"hands":[],"id":767724,"interactionBox":{"center":[0,200,0],"size":[235.247,235.247,147.751]},"pointables":[],"r":[[0.663095,-0.45852,0.591662],[-0.416108,0.431248,0.80055],[-0.622221,-0.777036,0.0951644]],"s":10.6353,"t":[1079.45,-2623.98,-2123.46],"timestamp":218371451752},{"currentFrameRate":115.216,"devices":[],"gestures":[],"hands":[],"id":767725,"interactionBox":{"center":[0,200,0],"size":[235.247,235.247,147.751]},"pointables":[],"r":[[0.663095,-0.45852,0.591662],[-0.416108,0.431248,0.80055],[-0.622221,-0.777036,0.0951644]],"s":10.6353,"t":[1079.45,-2623.98,-2123.46],"timestamp":218371460495},{"currentFrameRate":115.229,"devices":[],"gestures":[],"hands":[],"id":767726,"interactionBox":{"center":[0,200,0],"size":[235.247,235.247,147.751]},"pointables":[],"r":[[0.663095,-0.45852,0.591662],[-0.416108,0.431248,0.80055],[-0.622221,-0.777036,0.0951644]],"s":10.6353,"t":[1079.45,-2623.98,-2123.46],"timestamp":218371469150},{"currentFrameRate":115.244,"devices":[],"gestures":[],"hands":[],"id":767727,"interactionBox":{"center":[0,200,0],"size":[235.247,235.247,147.751]},"pointables":[],"r":[[0.663095,-0.45852,0.591662],[-0.416108,0.431248,0.80055],[-0.622221,-0.777036,0.0951644]],"s":10.6353,"t":[1079.45,-2623.98,-2123.46],"timestamp":218371477803},{"currentFrameRate":115.219,"devices":[],"gestures":[],"hands":[],"id":767728,"interactionBox":{"center":[0,200,0],"size":[235.247,235.247,147.751]},"pointables":[],"r":[[0.663095,-0.45852,0.591662],[-0.416108,0.431248,0.80055],[-0.622221,-0.777036,0.0951644]],"s":10.6353,"t":[1079.45,-2623.98,-2123.46],"timestamp":218371486523},{"currentFrameRate":115.27,"devices":[],"gestures":[],"hands":[],"id":767729,"interactionBox":{"center":[0,200,0],"size":[235.247,235.247,147.751]},"pointables":[],"r":[[0.663095,-0.45852,0.591662],[-0.416108,0.431248,0.80055],[-0.622221,-0.777036,0.0951644]],"s":10.6353,"t":[1079.45,-2623.98,-2123.46],"timestamp":218371495112},{"currentFrameRate":115.079,"devices":[],"gestures":[],"hands":[],"id":767730,"interactionBox":{"center":[0,200,0],"size":[235.247,235.247,147.751]},"pointables":[],"r":[[0.663095,-0.45852,0.591662],[-0.416108,0.431248,0.80055],[-0.622221,-0.777036,0.0951644]],"s":10.6353,"t":[1079.45,-2623.98,-2123.46],"timestamp":218371504127},{"currentFrameRate":115.082,"devices":[],"gestures":[],"hands":[],"id":767731,"interactionBox":{"center":[0,200,0],"size":[235.247,235.247,147.751]},"pointables":[],"r":[[0.663095,-0.45852,0.591662],[-0.416108,0.431248,0.80055],[-0.622221,-0.777036,0.0951644]],"s":10.6353,"t":[1079.45,-2623.98,-2123.46],"timestamp":218371512811},{"currentFrameRate":115.256,"devices":[],"gestures":[],"hands":[],"id":767732,"interactionBox":{"center":[0,200,0],"size":[235.247,235.247,147.751]},"pointables":[],"r":[[0.663095,-0.45852,0.591662],[-0.416108,0.431248,0.80055],[-0.622221,-0.777036,0.0951644]],"s":10.6353,"t":[1079.45,-2623.98,-2123.46],"timestamp":218371521191},{"currentFrameRate":115.239,"devices":[],"gestures":[],"hands":[],"id":767733,"interactionBox":{"center":[0,200,0],"size":[235.247,235.247,147.751]},"pointables":[],"r":[[0.663095,-0.45852,0.591662],[-0.416108,0.431248,0.80055],[-0.622221,-0.777036,0.0951644]],"s":10.6353,"t":[1079.45,-2623.98,-2123.46],"timestamp":218371529899},{"currentFrameRate":115.26,"devices":[],"gestures":[],"hands":[],"id":767734,"interactionBox":{"center":[0,200,0],"size":[235.247,235.247,147.751]},"pointables":[],"r":[[0.663095,-0.45852,0.591662],[-0.416108,0.431248,0.80055],[-0.622221,-0.777036,0.0951644]],"s":10.6353,"t":[1079.45,-2623.98,-2123.46],"timestamp":218371538539},{"currentFrameRate":115.313,"devices":[],"gestures":[],"hands":[],"id":767735,"interactionBox":{"center":[0,200,0],"size":[235.247,235.247,147.751]},"pointables":[],"r":[[0.663095,-0.45852,0.591662],[-0.416108,0.431248,0.80055],[-0.622221,-0.777036,0.0951644]],"s":10.6353,"t":[1079.45,-2623.98,-2123.46],"timestamp":218371547120},{"currentFrameRate":115.228,"devices":[],"gestures":[],"hands":[],"id":767736,"interactionBox":{"center":[0,200,0],"size":[235.247,235.247,147.751]},"pointables":[],"r":[[0.663095,-0.45852,0.591662],[-0.416108,0.431248,0.80055],[-0.622221,-0.777036,0.0951644]],"s":10.6353,"t":[1079.45,-2623.98,-2123.46],"timestamp":218371555944},{"currentFrameRate":115.254,"devices":[],"gestures":[],"hands":[],"id":767737,"interactionBox":{"center":[0,200,0],"size":[235.247,235.247,147.751]},"pointables":[],"r":[[0.663095,-0.45852,0.591662],[-0.416108,0.431248,0.80055],[-0.622221,-0.777036,0.0951644]],"s":10.6353,"t":[1079.45,-2623.98,-2123.46],"timestamp":218371564576},{"currentFrameRate":115.302,"devices":[],"gestures":[],"hands":[],"id":767738,"interactionBox":{"center":[0,200,0],"size":[235.247,235.247,147.751]},"pointables":[],"r":[[0.663095,-0.45852,0.591662],[-0.416108,0.431248,0.80055],[-0.622221,-0.777036,0.0951644]],"s":10.6353,"t":[1079.45,-2623.98,-2123.46],"timestamp":218371573167},{"currentFrameRate":115.236,"devices":[],"gestures":[],"hands":[],"id":767739,"interactionBox":{"center":[0,200,0],"size":[235.247,235.247,147.751]},"pointables":[],"r":[[0.663095,-0.45852,0.591662],[-0.416108,0.431248,0.80055],[-0.622221,-0.777036,0.0951644]],"s":10.6353,"t":[1079.45,-2623.98,-2123.46],"timestamp":218371581957},{"currentFrameRate":115.296,"devices":[],"gestures":[],"hands":[],"id":767740,"interactionBox":{"center":[0,200,0],"size":[235.247,235.247,147.751]},"pointables":[],"r":[[0.663095,-0.45852,0.591662],[-0.416108,0.431248,0.80055],[-0.622221,-0.777036,0.0951644]],"s":10.6353,"t":[1079.45,-2623.98,-2123.46],"timestamp":218371590528},{"currentFrameRate":115.299,"devices":[],"gestures":[],"hands":[],"id":767741,"interactionBox":{"center":[0,200,0],"size":[235.247,235.247,147.751]},"pointables":[],"r":[[0.663095,-0.45852,0.591662],[-0.416108,0.431248,0.80055],[-0.622221,-0.777036,0.0951644]],"s":10.6353,"t":[1079.45,-2623.98,-2123.46],"timestamp":218371599196},{"currentFrameRate":105.913,"devices":[],"gestures":[],"hands":[],"id":767742,"interactionBox":{"center":[0,200,0],"size":[235.247,235.247,147.751]},"pointables":[],"r":[[0.663095,-0.45852,0.591662],[-0.416108,0.431248,0.80055],[-0.622221,-0.777036,0.0951644]],"s":10.6353,"t":[1079.45,-2623.98,-2123.46],"timestamp":218371625239},{"currentFrameRate":106.307,"devices":[],"gestures":[],"hands":[],"id":767743,"interactionBox":{"center":[0,200,0],"size":[235.247,235.247,147.751]},"pointables":[],"r":[[0.663095,-0.45852,0.591662],[-0.416108,0.431248,0.80055],[-0.622221,-0.777036,0.0951644]],"s":10.6353,"t":[1079.45,-2623.98,-2123.46],"timestamp":218371633921},{"currentFrameRate":106.693,"devices":[],"gestures":[],"hands":[],"id":767744,"interactionBox":{"center":[0,200,0],"size":[235.247,235.247,147.751]},"pointables":[],"r":[[0.663095,-0.45852,0.591662],[-0.416108,0.431248,0.80055],[-0.622221,-0.777036,0.0951644]],"s":10.6353,"t":[1079.45,-2623.98,-2123.46],"timestamp":218371642585},{"currentFrameRate":107.106,"devices":[],"gestures":[],"hands":[],"id":767745,"interactionBox":{"center":[0,200,0],"size":[235.247,235.247,147.751]},"pointables":[],"r":[[0.663095,-0.45852,0.591662],[-0.416108,0.431248,0.80055],[-0.622221,-0.777036,0.0951644]],"s":10.6353,"t":[1079.45,-2623.98,-2123.46],"timestamp":218371651167},{"currentFrameRate":107.432,"devices":[],"gestures":[],"hands":[],"id":767746,"interactionBox":{"center":[0,200,0],"size":[235.247,235.247,147.751]},"pointables":[],"r":[[0.663095,-0.45852,0.591662],[-0.416108,0.431248,0.80055],[-0.622221,-0.777036,0.0951644]],"s":10.6353,"t":[1079.45,-2623.98,-2123.46],"timestamp":218371659881},{"currentFrameRate":107.759,"devices":[],"gestures":[],"hands":[],"id":767747,"interactionBox":{"center":[0,200,0],"size":[235.247,235.247,147.751]},"pointables":[],"r":[[0.663095,-0.45852,0.591662],[-0.416108,0.431248,0.80055],[-0.622221,-0.777036,0.0951644]],"s":10.6353,"t":[1079.45,-2623.98,-2123.46],"timestamp":218371668568},{"currentFrameRate":108.097,"devices":[],"gestures":[],"hands":[],"id":767748,"interactionBox":{"center":[0,200,0],"size":[235.247,235.247,147.751]},"pointables":[],"r":[[0.663095,-0.45852,0.591662],[-0.416108,0.431248,0.80055],[-0.622221,-0.777036,0.0951644]],"s":10.6353,"t":[1079.45,-2623.98,-2123.46],"timestamp":218371677206},{"currentFrameRate":108.41,"devices":[],"gestures":[],"hands":[],"id":767749,"interactionBox":{"center":[0,200,0],"size":[235.247,235.247,147.751]},"pointables":[],"r":[[0.663095,-0.45852,0.591662],[-0.416108,0.431248,0.80055],[-0.622221,-0.777036,0.0951644]],"s":10.6353,"t":[1079.45,-2623.98,-2123.46],"timestamp":218371685866},{"currentFrameRate":108.692,"devices":[],"gestures":[],"hands":[],"id":767750,"interactionBox":{"center":[0,200,0],"size":[235.247,235.247,147.751]},"pointables":[],"r":[[0.663095,-0.45852,0.591662],[-0.416108,0.431248,0.80055],[-0.622221,-0.777036,0.0951644]],"s":10.6353,"t":[1079.45,-2623.98,-2123.46],"timestamp":218371694559},{"currentFrameRate":108.945,"devices":[],"gestures":[],"hands":[],"id":767751,"interactionBox":{"center":[0,200,0],"size":[235.247,235.247,147.751]},"pointables":[],"r":[[0.663095,-0.45852,0.591662],[-0.416108,0.431248,0.80055],[-0.622221,-0.777036,0.0951644]],"s":10.6353,"t":[1079.45,-2623.98,-2123.46],"timestamp":218371703282},{"currentFrameRate":109.217,"devices":[],"gestures":[],"hands":[],"id":767752,"interactionBox":{"center":[0,200,0],"size":[235.247,235.247,147.751]},"pointables":[],"r":[[0.663095,-0.45852,0.591662],[-0.416108,0.431248,0.80055],[-0.622221,-0.777036,0.0951644]],"s":10.6353,"t":[1079.45,-2623.98,-2123.46],"timestamp":218371711951},{"currentFrameRate":109.477,"devices":[],"gestures":[],"hands":[],"id":767753,"interactionBox":{"center":[0,200,0],"size":[235.247,235.247,147.751]},"pointables":[],"r":[[0.663095,-0.45852,0.591662],[-0.416108,0.431248,0.80055],[-0.622221,-0.777036,0.0951644]],"s":10.6353,"t":[1079.45,-2623.98,-2123.46],"timestamp":218371720622},{"currentFrameRate":109.74,"devices":[],"gestures":[],"hands":[],"id":767754,"interactionBox":{"center":[0,200,0],"size":[235.247,235.247,147.751]},"pointables":[],"r":[[0.663095,-0.45852,0.591662],[-0.416108,0.431248,0.80055],[-0.622221,-0.777036,0.0951644]],"s":10.6353,"t":[1079.45,-2623.98,-2123.46],"timestamp":218371729264},{"currentFrameRate":110.007,"devices":[],"gestures":[],"hands":[],"id":767755,"interactionBox":{"center":[0,200,0],"size":[235.247,235.247,147.751]},"pointables":[],"r":[[0.663095,-0.45852,0.591662],[-0.416108,0.431248,0.80055],[-0.622221,-0.777036,0.0951644]],"s":10.6353,"t":[1079.45,-2623.98,-2123.46],"timestamp":218371737880},{"currentFrameRate":110.217,"devices":[],"gestures":[],"hands":[],"id":767756,"interactionBox":{"center":[0,200,0],"size":[235.247,235.247,147.751]},"pointables":[],"r":[[0.663095,-0.45852,0.591662],[-0.416108,0.431248,0.80055],[-0.622221,-0.777036,0.0951644]],"s":10.6353,"t":[1079.45,-2623.98,-2123.46],"timestamp":218371746580},{"currentFrameRate":110.398,"devices":[],"gestures":[],"hands":[],"id":767757,"interactionBox":{"center":[0,200,0],"size":[235.247,235.247,147.751]},"pointables":[],"r":[[0.663095,-0.45852,0.591662],[-0.416108,0.431248,0.80055],[-0.622221,-0.777036,0.0951644]],"s":10.6353,"t":[1079.45,-2623.98,-2123.46],"timestamp":218371755317},{"currentFrameRate":110.624,"devices":[],"gestures":[],"hands":[],"id":767758,"interactionBox":{"center":[0,200,0],"size":[235.247,235.247,147.751]},"pointables":[],"r":[[0.663095,-0.45852,0.591662],[-0.416108,0.431248,0.80055],[-0.622221,-0.777036,0.0951644]],"s":10.6353,"t":[1079.45,-2623.98,-2123.46],"timestamp":218371763958},{"currentFrameRate":110.845,"devices":[],"gestures":[],"hands":[],"id":767759,"interactionBox":{"center":[0,200,0],"size":[235.247,235.247,147.751]},"pointables":[],"r":[[0.663095,-0.45852,0.591662],[-0.416108,0.431248,0.80055],[-0.622221,-0.777036,0.0951644]],"s":10.6353,"t":[1079.45,-2623.98,-2123.46],"timestamp":218371772588},{"currentFrameRate":111.036,"devices":[],"gestures":[],"hands":[],"id":767760,"interactionBox":{"center":[0,200,0],"size":[235.247,235.247,147.751]},"pointables":[],"r":[[0.663095,-0.45852,0.591662],[-0.416108,0.431248,0.80055],[-0.622221,-0.777036,0.0951644]],"s":10.6353,"t":[1079.45,-2623.98,-2123.46],"timestamp":218371781258},{"currentFrameRate":111.156,"devices":[],"gestures":[],"hands":[],"id":767761,"interactionBox":{"center":[0,200,0],"size":[235.247,235.247,147.751]},"pointables":[],"r":[[0.663095,-0.45852,0.591662],[-0.416108,0.431248,0.80055],[-0.622221,-0.777036,0.0951644]],"s":10.6353,"t":[1079.45,-2623.98,-2123.46],"timestamp":218371790044},{"currentFrameRate":111.337,"devices":[],"gestures":[],"hands":[],"id":767762,"interactionBox":{"center":[0,200,0],"size":[235.247,235.247,147.751]},"pointables":[],"r":[[0.663095,-0.45852,0.591662],[-0.416108,0.431248,0.80055],[-0.622221,-0.777036,0.0951644]],"s":10.6353,"t":[1079.45,-2623.98,-2123.46],"timestamp":218371798706},{"currentFrameRate":111.552,"devices":[],"gestures":[],"hands":[],"id":767763,"interactionBox":{"center":[0,200,0],"size":[235.247,235.247,147.751]},"pointables":[],"r":[[0.663095,-0.45852,0.591662],[-0.416108,0.431248,0.80055],[-0.622221,-0.777036,0.0951644]],"s":10.6353,"t":[1079.45,-2623.98,-2123.46],"timestamp":218371807294},{"currentFrameRate":111.697,"devices":[],"gestures":[],"hands":[],"id":767764,"interactionBox":{"center":[0,200,0],"size":[235.247,235.247,147.751]},"pointables":[],"r":[[0.663095,-0.45852,0.591662],[-0.416108,0.431248,0.80055],[-0.622221,-0.777036,0.0951644]],"s":10.6353,"t":[1079.45,-2623.98,-2123.46],"timestamp":218371815993},{"currentFrameRate":111.853,"devices":[],"gestures":[],"hands":[],"id":767765,"interactionBox":{"center":[0,200,0],"size":[235.247,235.247,147.751]},"pointables":[],"r":[[0.663095,-0.45852,0.591662],[-0.416108,0.431248,0.80055],[-0.622221,-0.777036,0.0951644]],"s":10.6353,"t":[1079.45,-2623.98,-2123.46],"timestamp":218371824661},{"currentFrameRate":111.99,"devices":[],"gestures":[],"hands":[],"id":767766,"interactionBox":{"center":[0,200,0],"size":[235.247,235.247,147.751]},"pointables":[],"r":[[0.663095,-0.45852,0.591662],[-0.416108,0.431248,0.80055],[-0.622221,-0.777036,0.0951644]],"s":10.6353,"t":[1079.45,-2623.98,-2123.46],"timestamp":218371833350},{"currentFrameRate":112.117,"devices":[],"gestures":[],"hands":[],"id":767767,"interactionBox":{"center":[0,200,0],"size":[235.247,235.247,147.751]},"pointables":[],"r":[[0.663095,-0.45852,0.591662],[-0.416108,0.431248,0.80055],[-0.622221,-0.777036,0.0951644]],"s":10.6353,"t":[1079.45,-2623.98,-2123.46],"timestamp":218371842048},{"currentFrameRate":112.257,"devices":[],"gestures":[],"hands":[],"id":767768,"interactionBox":{"center":[0,200,0],"size":[235.247,235.247,147.751]},"pointables":[],"r":[[0.663095,-0.45852,0.591662],[-0.416108,0.431248,0.80055],[-0.622221,-0.777036,0.0951644]],"s":10.6353,"t":[1079.45,-2623.98,-2123.46],"timestamp":218371850711},{"currentFrameRate":112.381,"devices":[],"gestures":[],"hands":[],"id":767769,"interactionBox":{"center":[0,200,0],"size":[235.247,235.247,147.751]},"pointables":[],"r":[[0.663095,-0.45852,0.591662],[-0.416108,0.431248,0.80055],[-0.622221,-0.777036,0.0951644]],"s":10.6353,"t":[1079.45,-2623.98,-2123.46],"timestamp":218371859394},{"currentFrameRate":112.532,"devices":[],"gestures":[],"hands":[],"id":767770,"interactionBox":{"center":[0,200,0],"size":[235.247,235.247,147.751]},"pointables":[],"r":[[0.663095,-0.45852,0.591662],[-0.416108,0.431248,0.80055],[-0.622221,-0.777036,0.0951644]],"s":10.6353,"t":[1079.45,-2623.98,-2123.46],"timestamp":218371868017},{"currentFrameRate":112.62,"devices":[],"gestures":[],"hands":[],"id":767771,"interactionBox":{"center":[0,200,0],"size":[235.247,235.247,147.751]},"pointables":[],"r":[[0.663095,-0.45852,0.591662],[-0.416108,0.431248,0.80055],[-0.622221,-0.777036,0.0951644]],"s":10.6353,"t":[1079.45,-2623.98,-2123.46],"timestamp":218371876745},{"currentFrameRate":112.739,"devices":[],"gestures":[],"hands":[],"id":767772,"interactionBox":{"center":[0,200,0],"size":[235.247,235.247,147.751]},"pointables":[],"r":[[0.663095,-0.45852,0.591662],[-0.416108,0.431248,0.80055],[-0.622221,-0.777036,0.0951644]],"s":10.6353,"t":[1079.45,-2623.98,-2123.46],"timestamp":218371885407},{"currentFrameRate":112.838,"devices":[],"gestures":[],"hands":[],"id":767773,"interactionBox":{"center":[0,200,0],"size":[235.247,235.247,147.751]},"pointables":[],"r":[[0.663095,-0.45852,0.591662],[-0.416108,0.431248,0.80055],[-0.622221,-0.777036,0.0951644]],"s":10.6353,"t":[1079.45,-2623.98,-2123.46],"timestamp":218371894099},{"currentFrameRate":112.971,"devices":[],"gestures":[],"hands":[],"id":767774,"interactionBox":{"center":[0,200,0],"size":[235.247,235.247,147.751]},"pointables":[],"r":[[0.663095,-0.45852,0.591662],[-0.416108,0.431248,0.80055],[-0.622221,-0.777036,0.0951644]],"s":10.6353,"t":[1079.45,-2623.98,-2123.46],"timestamp":218371902720},{"currentFrameRate":113.08,"devices":[],"gestures":[],"hands":[],"id":767775,"interactionBox":{"center":[0,200,0],"size":[235.247,235.247,147.751]},"pointables":[],"r":[[0.663095,-0.45852,0.591662],[-0.416108,0.431248,0.80055],[-0.622221,-0.777036,0.0951644]],"s":10.6353,"t":[1079.45,-2623.98,-2123.46],"timestamp":218371911375},{"currentFrameRate":113.142,"devices":[],"gestures":[],"hands":[],"id":767776,"interactionBox":{"center":[0,200,0],"size":[235.247,235.247,147.751]},"pointables":[],"r":[[0.663095,-0.45852,0.591662],[-0.416108,0.431248,0.80055],[-0.622221,-0.777036,0.0951644]],"s":10.6353,"t":[1079.45,-2623.98,-2123.46],"timestamp":218371920106},{"currentFrameRate":113.203,"devices":[],"gestures":[],"hands":[],"id":767777,"interactionBox":{"center":[0,200,0],"size":[235.247,235.247,147.751]},"pointables":[],"r":[[0.663095,-0.45852,0.591662],[-0.416108,0.431248,0.80055],[-0.622221,-0.777036,0.0951644]],"s":10.6353,"t":[1079.45,-2623.98,-2123.46],"timestamp":218371928834},{"currentFrameRate":113.347,"devices":[],"gestures":[],"hands":[],"id":767778,"interactionBox":{"center":[0,200,0],"size":[235.247,235.247,147.751]},"pointables":[],"r":[[0.663095,-0.45852,0.591662],[-0.416108,0.431248,0.80055],[-0.622221,-0.777036,0.0951644]],"s":10.6353,"t":[1079.45,-2623.98,-2123.46],"timestamp":218371937407},{"currentFrameRate":113.46,"devices":[],"gestures":[],"hands":[],"id":767779,"interactionBox":{"center":[0,200,0],"size":[235.247,235.247,147.751]},"pointables":[],"r":[[0.663095,-0.45852,0.591662],[-0.416108,0.431248,0.80055],[-0.622221,-0.777036,0.0951644]],"s":10.6353,"t":[1079.45,-2623.98,-2123.46],"timestamp":218371946027},{"currentFrameRate":113.548,"devices":[],"gestures":[],"hands":[],"id":767780,"interactionBox":{"center":[0,200,0],"size":[235.247,235.247,147.751]},"pointables":[],"r":[[0.663095,-0.45852,0.591662],[-0.416108,0.431248,0.80055],[-0.622221,-0.777036,0.0951644]],"s":10.6353,"t":[1079.45,-2623.98,-2123.46],"timestamp":218371954682},{"currentFrameRate":113.564,"devices":[],"gestures":[],"hands":[],"id":767781,"interactionBox":{"center":[0,200,0],"size":[235.247,235.247,147.751]},"pointables":[],"r":[[0.663095,-0.45852,0.591662],[-0.416108,0.431248,0.80055],[-0.622221,-0.777036,0.0951644]],"s":10.6353,"t":[1079.45,-2623.98,-2123.46],"timestamp":218371963459},{"currentFrameRate":113.696,"devices":[],"gestures":[],"hands":[],"id":767782,"interactionBox":{"center":[0,200,0],"size":[235.247,235.247,147.751]},"pointables":[],"r":[[0.663095,-0.45852,0.591662],[-0.416108,0.431248,0.80055],[-0.622221,-0.777036,0.0951644]],"s":10.6353,"t":[1079.45,-2623.98,-2123.46],"timestamp":218371972027},{"currentFrameRate":113.692,"devices":[],"gestures":[],"hands":[],"id":767783,"interactionBox":{"center":[0,200,0],"size":[235.247,235.247,147.751]},"pointables":[],"r":[[0.663095,-0.45852,0.591662],[-0.416108,0.431248,0.80055],[-0.622221,-0.777036,0.0951644]],"s":10.6353,"t":[1079.45,-2623.98,-2123.46],"timestamp":218371980831},{"currentFrameRate":113.808,"devices":[],"gestures":[],"hands":[],"id":767784,"interactionBox":{"center":[0,200,0],"size":[235.247,235.247,147.751]},"pointables":[],"r":[[0.663095,-0.45852,0.591662],[-0.416108,0.431248,0.80055],[-0.622221,-0.777036,0.0951644]],"s":10.6353,"t":[1079.45,-2623.98,-2123.46],"timestamp":218371989418},{"currentFrameRate":113.866,"devices":[],"gestures":[],"hands":[],"id":767785,"interactionBox":{"center":[0,200,0],"size":[235.247,235.247,147.751]},"pointables":[],"r":[[0.663095,-0.45852,0.591662],[-0.416108,0.431248,0.80055],[-0.622221,-0.777036,0.0951644]],"s":10.6353,"t":[1079.45,-2623.98,-2123.46],"timestamp":218371998101},{"currentFrameRate":113.825,"devices":[],"gestures":[],"hands":[],"id":767786,"interactionBox":{"center":[0,200,0],"size":[235.247,235.247,147.751]},"pointables":[],"r":[[0.663095,-0.45852,0.591662],[-0.416108,0.431248,0.80055],[-0.622221,-0.777036,0.0951644]],"s":10.6353,"t":[1079.45,-2623.98,-2123.46],"timestamp":218372006956},{"currentFrameRate":113.993,"devices":[],"gestures":[],"hands":[],"id":767787,"interactionBox":{"center":[0,200,0],"size":[235.247,235.247,147.751]},"pointables":[],"r":[[0.663095,-0.45852,0.591662],[-0.416108,0.431248,0.80055],[-0.622221,-0.777036,0.0951644]],"s":10.6353,"t":[1079.45,-2623.98,-2123.46],"timestamp":218372015440},{"currentFrameRate":114.038,"devices":[],"gestures":[],"hands":[],"id":767788,"interactionBox":{"center":[0,200,0],"size":[235.247,235.247,147.751]},"pointables":[],"r":[[0.663095,-0.45852,0.591662],[-0.416108,0.431248,0.80055],[-0.622221,-0.777036,0.0951644]],"s":10.6353,"t":[1079.45,-2623.98,-2123.46],"timestamp":218372024131},{"currentFrameRate":114.105,"devices":[],"gestures":[],"hands":[],"id":767789,"interactionBox":{"center":[0,200,0],"size":[235.247,235.247,147.751]},"pointables":[],"r":[[0.663095,-0.45852,0.591662],[-0.416108,0.431248,0.80055],[-0.622221,-0.777036,0.0951644]],"s":10.6353,"t":[1079.45,-2623.98,-2123.46],"timestamp":218372032780},{"currentFrameRate":114.105,"devices":[],"gestures":[],"hands":[],"id":767790,"interactionBox":{"center":[0,200,0],"size":[235.247,235.247,147.751]},"pointables":[],"r":[[0.663095,-0.45852,0.591662],[-0.416108,0.431248,0.80055],[-0.622221,-0.777036,0.0951644]],"s":10.6353,"t":[1079.45,-2623.98,-2123.46],"timestamp":218372041545},{"currentFrameRate":114.178,"devices":[],"gestures":[],"hands":[],"id":767791,"interactionBox":{"center":[0,200,0],"size":[235.247,235.247,147.751]},"pointables":[],"r":[[0.663095,-0.45852,0.591662],[-0.416108,0.431248,0.80055],[-0.622221,-0.777036,0.0951644]],"s":10.6353,"t":[1079.45,-2623.98,-2123.46],"timestamp":218372050178},{"currentFrameRate":114.171,"devices":[],"gestures":[],"hands":[],"id":767792,"interactionBox":{"center":[0,200,0],"size":[235.247,235.247,147.751]},"pointables":[],"r":[[0.663095,-0.45852,0.591662],[-0.416108,0.431248,0.80055],[-0.622221,-0.777036,0.0951644]],"s":10.6353,"t":[1079.45,-2623.98,-2123.46],"timestamp":218372058949},{"currentFrameRate":114.293,"devices":[],"gestures":[],"hands":[],"id":767793,"interactionBox":{"center":[0,200,0],"size":[235.247,235.247,147.751]},"pointables":[],"r":[[0.663095,-0.45852,0.591662],[-0.416108,0.431248,0.80055],[-0.622221,-0.777036,0.0951644]],"s":10.6353,"t":[1079.45,-2623.98,-2123.46],"timestamp":218372067489},{"currentFrameRate":114.357,"devices":[],"gestures":[],"hands":[],"id":767794,"interactionBox":{"center":[0,200,0],"size":[235.247,235.247,147.751]},"pointables":[],"r":[[0.663095,-0.45852,0.591662],[-0.416108,0.431248,0.80055],[-0.622221,-0.777036,0.0951644]],"s":10.6353,"t":[1079.45,-2623.98,-2123.46],"timestamp":218372076124},{"currentFrameRate":114.418,"devices":[],"gestures":[],"hands":[],"id":767795,"interactionBox":{"center":[0,200,0],"size":[235.247,235.247,147.751]},"pointables":[],"r":[[0.663095,-0.45852,0.591662],[-0.416108,0.431248,0.80055],[-0.622221,-0.777036,0.0951644]],"s":10.6353,"t":[1079.45,-2623.98,-2123.46],"timestamp":218372084759},{"currentFrameRate":114.396,"devices":[],"gestures":[],"hands":[],"id":767796,"interactionBox":{"center":[0,200,0],"size":[235.247,235.247,147.751]},"pointables":[],"r":[[0.663095,-0.45852,0.591662],[-0.416108,0.431248,0.80055],[-0.622221,-0.777036,0.0951644]],"s":10.6353,"t":[1079.45,-2623.98,-2123.46],"timestamp":218372093538},{"currentFrameRate":114.444,"devices":[],"gestures":[],"hands":[],"id":767797,"interactionBox":{"center":[0,200,0],"size":[235.247,235.247,147.751]},"pointables":[],"r":[[0.663095,-0.45852,0.591662],[-0.416108,0.431248,0.80055],[-0.622221,-0.777036,0.0951644]],"s":10.6353,"t":[1079.45,-2623.98,-2123.46],"timestamp":218372102194},{"currentFrameRate":114.453,"devices":[],"gestures":[],"hands":[],"id":767798,"interactionBox":{"center":[0,200,0],"size":[235.247,235.247,147.751]},"pointables":[],"r":[[0.663095,-0.45852,0.591662],[-0.416108,0.431248,0.80055],[-0.622221,-0.777036,0.0951644]],"s":10.6353,"t":[1079.45,-2623.98,-2123.46],"timestamp":218372110916},{"currentFrameRate":114.508,"devices":[],"gestures":[],"hands":[],"id":767799,"interactionBox":{"center":[0,200,0],"size":[235.247,235.247,147.751]},"pointables":[],"r":[[0.663095,-0.45852,0.591662],[-0.416108,0.431248,0.80055],[-0.622221,-0.777036,0.0951644]],"s":10.6353,"t":[1079.45,-2623.98,-2123.46],"timestamp":218372119555},{"currentFrameRate":114.549,"devices":[],"gestures":[],"hands":[],"id":767800,"interactionBox":{"center":[0,200,0],"size":[235.247,235.247,147.751]},"pointables":[],"r":[[0.663095,-0.45852,0.591662],[-0.416108,0.431248,0.80055],[-0.622221,-0.777036,0.0951644]],"s":10.6353,"t":[1079.45,-2623.98,-2123.46],"timestamp":218372128216},{"currentFrameRate":114.572,"devices":[],"gestures":[],"hands":[],"id":767801,"interactionBox":{"center":[0,200,0],"size":[235.247,235.247,147.751]},"pointables":[],"r":[[0.663095,-0.45852,0.591662],[-0.416108,0.431248,0.80055],[-0.622221,-0.777036,0.0951644]],"s":10.6353,"t":[1079.45,-2623.98,-2123.46],"timestamp":218372136904},{"currentFrameRate":114.607,"devices":[],"gestures":[],"hands":[],"id":767802,"interactionBox":{"center":[0,200,0],"size":[235.247,235.247,147.751]},"pointables":[],"r":[[0.663095,-0.45852,0.591662],[-0.416108,0.431248,0.80055],[-0.622221,-0.777036,0.0951644]],"s":10.6353,"t":[1079.45,-2623.98,-2123.46],"timestamp":218372145569},{"currentFrameRate":114.648,"devices":[],"gestures":[],"hands":[],"id":767803,"interactionBox":{"center":[0,200,0],"size":[235.247,235.247,147.751]},"pointables":[],"r":[[0.663095,-0.45852,0.591662],[-0.416108,0.431248,0.80055],[-0.622221,-0.777036,0.0951644]],"s":10.6353,"t":[1079.45,-2623.98,-2123.46],"timestamp":218372154222},{"currentFrameRate":114.709,"devices":[],"gestures":[],"hands":[],"id":767804,"interactionBox":{"center":[0,200,0],"size":[235.247,235.247,147.751]},"pointables":[],"r":[[0.663095,-0.45852,0.591662],[-0.416108,0.431248,0.80055],[-0.622221,-0.777036,0.0951644]],"s":10.6353,"t":[1079.45,-2623.98,-2123.46],"timestamp":218372162835},{"currentFrameRate":114.691,"devices":[],"gestures":[],"hands":[],"id":767805,"interactionBox":{"center":[0,200,0],"size":[235.247,235.247,147.751]},"pointables":[],"r":[[0.663095,-0.45852,0.591662],[-0.416108,0.431248,0.80055],[-0.622221,-0.777036,0.0951644]],"s":10.6353,"t":[1079.45,-2623.98,-2123.46],"timestamp":218372171585},{"currentFrameRate":114.709,"devices":[],"gestures":[],"hands":[],"id":767806,"interactionBox":{"center":[0,200,0],"size":[235.247,235.247,147.751]},"pointables":[],"r":[[0.663095,-0.45852,0.591662],[-0.416108,0.431248,0.80055],[-0.622221,-0.777036,0.0951644]],"s":10.6353,"t":[1079.45,-2623.98,-2123.46],"timestamp":218372180272},{"currentFrameRate":114.739,"devices":[],"gestures":[],"hands":[],"id":767807,"interactionBox":{"center":[0,200,0],"size":[235.247,235.247,147.751]},"pointables":[],"r":[[0.663095,-0.45852,0.591662],[-0.416108,0.431248,0.80055],[-0.622221,-0.777036,0.0951644]],"s":10.6353,"t":[1079.45,-2623.98,-2123.46],"timestamp":218372188936},{"currentFrameRate":114.778,"devices":[],"gestures":[],"hands":[],"id":767808,"interactionBox":{"center":[0,200,0],"size":[235.247,235.247,147.751]},"pointables":[],"r":[[0.663095,-0.45852,0.591662],[-0.416108,0.431248,0.80055],[-0.622221,-0.777036,0.0951644]],"s":10.6353,"t":[1079.45,-2623.98,-2123.46],"timestamp":218372197583},{"currentFrameRate":114.815,"devices":[],"gestures":[],"hands":[],"id":767809,"interactionBox":{"center":[0,200,0],"size":[235.247,235.247,147.751]},"pointables":[],"r":[[0.663095,-0.45852,0.591662],[-0.416108,0.431248,0.80055],[-0.622221,-0.777036,0.0951644]],"s":10.6353,"t":[1079.45,-2623.98,-2123.46],"timestamp":218372206229},{"currentFrameRate":114.807,"devices":[],"gestures":[],"hands":[],"id":767810,"interactionBox":{"center":[0,200,0],"size":[235.247,235.247,147.751]},"pointables":[],"r":[[0.663095,-0.45852,0.591662],[-0.416108,0.431248,0.80055],[-0.622221,-0.777036,0.0951644]],"s":10.6353,"t":[1079.45,-2623.98,-2123.46],"timestamp":218372214954},{"currentFrameRate":114.861,"devices":[],"gestures":[],"hands":[],"id":767811,"interactionBox":{"center":[0,200,0],"size":[235.247,235.247,147.751]},"pointables":[],"r":[[0.663095,-0.45852,0.591662],[-0.416108,0.431248,0.80055],[-0.622221,-0.777036,0.0951644]],"s":10.6353,"t":[1079.45,-2623.98,-2123.46],"timestamp":218372223568},{"currentFrameRate":114.874,"devices":[],"gestures":[],"hands":[],"id":767812,"interactionBox":{"center":[0,200,0],"size":[235.247,235.247,147.751]},"pointables":[],"r":[[0.663095,-0.45852,0.591662],[-0.416108,0.431248,0.80055],[-0.622221,-0.777036,0.0951644]],"s":10.6353,"t":[1079.45,-2623.98,-2123.46],"timestamp":218372232251},{"currentFrameRate":114.853,"devices":[],"gestures":[],"hands":[],"id":767813,"interactionBox":{"center":[0,200,0],"size":[235.247,235.247,147.751]},"pointables":[],"r":[[0.663095,-0.45852,0.591662],[-0.416108,0.431248,0.80055],[-0.622221,-0.777036,0.0951644]],"s":10.6353,"t":[1079.45,-2623.98,-2123.46],"timestamp":218372240993},{"currentFrameRate":114.92,"devices":[],"gestures":[],"hands":[],"id":767814,"interactionBox":{"center":[0,200,0],"size":[235.247,235.247,147.751]},"pointables":[],"r":[[0.663095,-0.45852,0.591662],[-0.416108,0.431248,0.80055],[-0.622221,-0.777036,0.0951644]],"s":10.6353,"t":[1079.45,-2623.98,-2123.46],"timestamp":218372249580},{"currentFrameRate":114.931,"devices":[],"gestures":[],"hands":[],"id":767815,"interactionBox":{"center":[0,200,0],"size":[235.247,235.247,147.751]},"pointables":[],"r":[[0.663095,-0.45852,0.591662],[-0.416108,0.431248,0.80055],[-0.622221,-0.777036,0.0951644]],"s":10.6353,"t":[1079.45,-2623.98,-2123.46],"timestamp":218372258263},{"currentFrameRate":114.91,"devices":[],"gestures":[],"hands":[],"id":767816,"interactionBox":{"center":[0,200,0],"size":[235.247,235.247,147.751]},"pointables":[],"r":[[0.663095,-0.45852,0.591662],[-0.416108,0.431248,0.80055],[-0.622221,-0.777036,0.0951644]],"s":10.6353,"t":[1079.45,-2623.98,-2123.46],"timestamp":218372267001},{"currentFrameRate":114.928,"devices":[],"gestures":[],"hands":[],"id":767817,"interactionBox":{"center":[0,200,0],"size":[235.247,235.247,147.751]},"pointables":[],"r":[[0.663095,-0.45852,0.591662],[-0.416108,0.431248,0.80055],[-0.622221,-0.777036,0.0951644]],"s":10.6353,"t":[1079.45,-2623.98,-2123.46],"timestamp":218372275672},{"currentFrameRate":114.961,"devices":[],"gestures":[],"hands":[],"id":767818,"interactionBox":{"center":[0,200,0],"size":[235.247,235.247,147.751]},"pointables":[],"r":[[0.663095,-0.45852,0.591662],[-0.416108,0.431248,0.80055],[-0.622221,-0.777036,0.0951644]],"s":10.6353,"t":[1079.45,-2623.98,-2123.46],"timestamp":218372284313},{"currentFrameRate":114.967,"devices":[],"gestures":[],"hands":[],"id":767819,"interactionBox":{"center":[0,200,0],"size":[235.247,235.247,147.751]},"pointables":[],"r":[[0.663095,-0.45852,0.591662],[-0.416108,0.431248,0.80055],[-0.622221,-0.777036,0.0951644]],"s":10.6353,"t":[1079.45,-2623.98,-2123.46],"timestamp":218372293002},{"currentFrameRate":114.993,"devices":[],"gestures":[],"hands":[],"id":767820,"interactionBox":{"center":[0,200,0],"size":[235.247,235.247,147.751]},"pointables":[],"r":[[0.663095,-0.45852,0.591662],[-0.416108,0.431248,0.80055],[-0.622221,-0.777036,0.0951644]],"s":10.6353,"t":[1079.45,-2623.98,-2123.46],"timestamp":218372301654},{"currentFrameRate":114.984,"devices":[],"gestures":[],"hands":[],"id":767821,"interactionBox":{"center":[0,200,0],"size":[235.247,235.247,147.751]},"pointables":[],"r":[[0.663095,-0.45852,0.591662],[-0.416108,0.431248,0.80055],[-0.622221,-0.777036,0.0951644]],"s":10.6353,"t":[1079.45,-2623.98,-2123.46],"timestamp":218372310366},{"currentFrameRate":115.024,"devices":[],"gestures":[],"hands":[],"id":767822,"interactionBox":{"center":[0,200,0],"size":[235.247,235.247,147.751]},"pointables":[],"r":[[0.663095,-0.45852,0.591662],[-0.416108,0.431248,0.80055],[-0.622221,-0.777036,0.0951644]],"s":10.6353,"t":[1079.45,-2623.98,-2123.46],"timestamp":218372318991},{"currentFrameRate":115.066,"devices":[],"gestures":[],"hands":[],"id":767823,"interactionBox":{"center":[0,200,0],"size":[235.247,235.247,147.751]},"pointables":[],"r":[[0.663095,-0.45852,0.591662],[-0.416108,0.431248,0.80055],[-0.622221,-0.777036,0.0951644]],"s":10.6353,"t":[1079.45,-2623.98,-2123.46],"timestamp":218372327611},{"currentFrameRate":115.027,"devices":[],"gestures":[],"hands":[],"id":767824,"interactionBox":{"center":[0,200,0],"size":[235.247,235.247,147.751]},"pointables":[],"r":[[0.663095,-0.45852,0.591662],[-0.416108,0.431248,0.80055],[-0.622221,-0.777036,0.0951644]],"s":10.6353,"t":[1079.45,-2623.98,-2123.46],"timestamp":218372336370},{"currentFrameRate":115.033,"devices":[],"gestures":[],"hands":[],"id":767825,"interactionBox":{"center":[0,200,0],"size":[235.247,235.247,147.751]},"pointables":[],"r":[[0.663095,-0.45852,0.591662],[-0.416108,0.431248,0.80055],[-0.622221,-0.777036,0.0951644]],"s":10.6353,"t":[1079.45,-2623.98,-2123.46],"timestamp":218372345054},{"currentFrameRate":115.074,"devices":[],"gestures":[],"hands":[],"id":767826,"interactionBox":{"center":[0,200,0],"size":[235.247,235.247,147.751]},"pointables":[],"r":[[0.663095,-0.45852,0.591662],[-0.416108,0.431248,0.80055],[-0.622221,-0.777036,0.0951644]],"s":10.6353,"t":[1079.45,-2623.98,-2123.46],"timestamp":218372353674},{"currentFrameRate":115.097,"devices":[],"gestures":[],"hands":[],"id":767827,"interactionBox":{"center":[0,200,0],"size":[235.247,235.247,147.751]},"pointables":[],"r":[[0.663095,-0.45852,0.591662],[-0.416108,0.431248,0.80055],[-0.622221,-0.777036,0.0951644]],"s":10.6353,"t":[1079.45,-2623.98,-2123.46],"timestamp":218372362324},{"currentFrameRate":115.076,"devices":[],"gestures":[],"hands":[],"id":767828,"interactionBox":{"center":[0,200,0],"size":[235.247,235.247,147.751]},"pointables":[],"r":[[0.663095,-0.45852,0.591662],[-0.416108,0.431248,0.80055],[-0.622221,-0.777036,0.0951644]],"s":10.6353,"t":[1079.45,-2623.98,-2123.46],"timestamp":218372371049},{"currentFrameRate":115.094,"devices":[],"gestures":[],"hands":[],"id":767829,"interactionBox":{"center":[0,200,0],"size":[235.247,235.247,147.751]},"pointables":[],"r":[[0.663095,-0.45852,0.591662],[-0.416108,0.431248,0.80055],[-0.622221,-0.777036,0.0951644]],"s":10.6353,"t":[1079.45,-2623.98,-2123.46],"timestamp":218372379707},{"currentFrameRate":115.113,"devices":[],"gestures":[],"hands":[],"id":767830,"interactionBox":{"center":[0,200,0],"size":[235.247,235.247,147.751]},"pointables":[],"r":[[0.663095,-0.45852,0.591662],[-0.416108,0.431248,0.80055],[-0.622221,-0.777036,0.0951644]],"s":10.6353,"t":[1079.45,-2623.98,-2123.46],"timestamp":218372388361},{"currentFrameRate":115.108,"devices":[],"gestures":[],"hands":[],"id":767831,"interactionBox":{"center":[0,200,0],"size":[235.247,235.247,147.751]},"pointables":[],"r":[[0.663095,-0.45852,0.591662],[-0.416108,0.431248,0.80055],[-0.622221,-0.777036,0.0951644]],"s":10.6353,"t":[1079.45,-2623.98,-2123.46],"timestamp":218372397057},{"currentFrameRate":115.158,"devices":[],"gestures":[],"hands":[],"id":767832,"interactionBox":{"center":[0,200,0],"size":[235.247,235.247,147.751]},"pointables":[],"r":[[0.663095,-0.45852,0.591662],[-0.416108,0.431248,0.80055],[-0.622221,-0.777036,0.0951644]],"s":10.6353,"t":[1079.45,-2623.98,-2123.46],"timestamp":218372405656},{"currentFrameRate":115.147,"devices":[],"gestures":[],"hands":[],"id":767833,"interactionBox":{"center":[0,200,0],"size":[235.247,235.247,147.751]},"pointables":[],"r":[[0.663095,-0.45852,0.591662],[-0.416108,0.431248,0.80055],[-0.622221,-0.777036,0.0951644]],"s":10.6353,"t":[1079.45,-2623.98,-2123.46],"timestamp":218372414359},{"currentFrameRate":115.152,"devices":[],"gestures":[],"hands":[],"id":767834,"interactionBox":{"center":[0,200,0],"size":[235.247,235.247,147.751]},"pointables":[],"r":[[0.663095,-0.45852,0.591662],[-0.416108,0.431248,0.80055],[-0.622221,-0.777036,0.0951644]],"s":10.6353,"t":[1079.45,-2623.98,-2123.46],"timestamp":218372423035},{"currentFrameRate":115.119,"devices":[],"gestures":[],"hands":[],"id":767835,"interactionBox":{"center":[0,200,0],"size":[235.247,235.247,147.751]},"pointables":[],"r":[[0.663095,-0.45852,0.591662],[-0.416108,0.431248,0.80055],[-0.622221,-0.777036,0.0951644]],"s":10.6353,"t":[1079.45,-2623.98,-2123.46],"timestamp":218372431778},{"currentFrameRate":115.138,"devices":[],"gestures":[],"hands":[],"id":767836,"interactionBox":{"center":[0,200,0],"size":[235.247,235.247,147.751]},"pointables":[],"r":[[0.663095,-0.45852,0.591662],[-0.416108,0.431248,0.80055],[-0.622221,-0.777036,0.0951644]],"s":10.6353,"t":[1079.45,-2623.98,-2123.46],"timestamp":218372440431},{"currentFrameRate":115.153,"devices":[],"gestures":[],"hands":[],"id":767837,"interactionBox":{"center":[0,200,0],"size":[235.247,235.247,147.751]},"pointables":[],"r":[[0.663095,-0.45852,0.591662],[-0.416108,0.431248,0.80055],[-0.622221,-0.777036,0.0951644]],"s":10.6353,"t":[1079.45,-2623.98,-2123.46],"timestamp":218372449090},{"currentFrameRate":115.182,"devices":[],"gestures":[],"hands":[],"id":767838,"interactionBox":{"center":[0,200,0],"size":[235.247,235.247,147.751]},"pointables":[],"r":[[0.663095,-0.45852,0.591662],[-0.416108,0.431248,0.80055],[-0.622221,-0.777036,0.0951644]],"s":10.6